data	data	430444	184932	747320	697980	145752	110572	408296	188384	91032	40284	174364	191992	247060	175304	222428	98884	165336	96788	439708	610824	83500	84212	322464	285432	35296	91876	83688	103372	547696	365948	267160	435028	136152	477940	121488	161860	211240	322876	96612	230520	38528	60184	162556	237648	180504	242776	281428	341148	186692	191988	447800	208116	142340	157528	410184	588696	280876	155904	162948	97920	267464	100240	175576	102688	97080	95728	243244	300024	159500	123724	265536	430288	303040	365280	39932	28172	86672	192980	77368	21428	168704	121152	78592	72940	309600	225516	51640	43156	282380	245752	651120	626564	461116	450468	32688	40752	348284	227240	524500	582000	333440	150528	438872	305956	159512	128304	42856	6356	12508	50972	193852	156328	458048	103516	85408	24640	
data	data	Precentral_L	Precentral_R	Frontal_Sup_L	Frontal_Sup_R	Frontal_Sup_Orb_L	Frontal_Sup_Orb_R	Frontal_Mid_L	Frontal_Mid_R	Frontal_Mid_Orb_L	Frontal_Mid_Orb_R	Frontal_Inf_Oper_L	Frontal_Inf_Oper_R	Frontal_Inf_Tri_L	Frontal_Inf_Tri_R	Frontal_Inf_Orb_L	Frontal_Inf_Orb_R	Rolandic_Oper_L	Rolandic_Oper_R	Supp_Motor_Area_L	Supp_Motor_Area_R	Olfactory_L	Olfactory_R	Frontal_Sup_Medial_L	Frontal_Sup_Medial_R	Frontal_Med_Orb_L	Frontal_Med_Orb_R	Rectus_L	Rectus_R	Insula_L	Insula_R	Cingulum_Ant_L	Cingulum_Ant_R	Cingulum_Mid_L	Cingulum_Mid_R	Cingulum_Post_L	Cingulum_Post_R	Hippocampus_L	Hippocampus_R	ParaHippocampal_L	ParaHippocampal_R	Amygdala_L	Amygdala_R	Calcarine_L	Calcarine_R	Cuneus_L	Cuneus_R	Lingual_L	Lingual_R	Occipital_Sup_L	Occipital_Sup_R	Occipital_Mid_L	Occipital_Mid_R	Occipital_Inf_L	Occipital_Inf_R	Fusiform_L	Fusiform_R	Postcentral_L	Postcentral_R	Parietal_Sup_L	Parietal_Sup_R	Parietal_Inf_L	Parietal_Inf_R	SupraMarginal_L	SupraMarginal_R	Angular_L	Angular_R	Precuneus_L	Precuneus_R	Paracentral_Lobule_L	Paracentral_Lobule_R	Caudate_L	Caudate_R	Putamen_L	Putamen_R	Pallidum_L	Pallidum_R	Thalamus_L	Thalamus_R	Heschl_L	Heschl_R	Temporal_Sup_L	Temporal_Sup_R	Temporal_Pole_Sup_L	Temporal_Pole_Sup_R	Temporal_Mid_L	Temporal_Mid_R	Temporal_Pole_Mid_L	Temporal_Pole_Mid_R	Temporal_Inf_L	Temporal_Inf_R	Cerebelum_Crus1_L	Cerebelum_Crus1_R	Cerebelum_Crus2_L	Cerebelum_Crus2_R	Cerebelum_3_L	Cerebelum_3_R	Cerebelum_4_5_L	Cerebelum_4_5_R	Cerebelum_6_L	Cerebelum_6_R	Cerebelum_7b_L	Cerebelum_7b_R	Cerebelum_8_L	Cerebelum_8_R	Cerebelum_9_L	Cerebelum_9_R	Cerebelum_10_L	Cerebelum_10_R	Vermis_1_2	Vermis_3	Vermis_4_5	Vermis_6	Vermis_7	Vermis_8	Vermis_9	Vermis_10	
430444	Precentral_L	0	5150	11608	3188	0	0	14010	1296	0	0	7746	552	708	494	104	174	6862	0	6386	11770	0	0	76	222	0	0	0	0	9136	482	266	1176	1698	5520	2762	540	3012	408	914	268	0	0	68	0	312	0	108	0	98	0	3664	0	782	0	1750	90	31288	214	1698	0	6862	0	1402	0	1234	0	690	64	22536	5280	2304	6300	3222	770	166	82	7550	5916	5576	0	2848	0	0	0	2924	0	0	0	2896	0	0	0	0	0	0	0	0	0	0	0	0	0	0	0	0	0	0	0	0	0	0	0	0	0	0	0	
184932	Precentral_R	5150	0	352	4174	0	0	188	7074	0	0	134	2830	66	0	64	0	0	672	1746	5754	0	0	0	0	0	0	0	0	232	1178	0	0	464	2288	148	688	0	6836	0	1058	0	0	0	0	0	0	0	184	0	0	0	146	0	606	0	942	1600	10226	0	522	120	910	0	2186	0	84	0	240	4908	10206	646	1478	398	1338	200	308	72	4452	0	538	0	1396	0	0	0	4124	0	0	0	3540	0	0	0	0	0	0	0	0	0	0	0	0	0	0	0	0	0	0	0	0	0	0	0	0	0	0	
747320	Frontal_Sup_L	11608	352	0	4084	11470	0	62144	1262	5532	0	3936	1034	17530	806	14378	116	3336	0	59280	12126	344	188	41338	1298	810	98	3390	168	27346	896	16808	2470	3652	4458	0	0	1382	0	0	0	0	0	0	0	0	0	0	0	0	0	86	0	0	0	588	0	9904	100	142	0	1502	0	2728	0	0	0	0	0	608	0	6566	1624	26202	528	4556	0	2382	456	136	0	1104	0	324	0	0	0	0	0	484	0	0	0	0	0	0	0	0	0	0	0	0	0	0	0	0	0	0	0	0	0	0	0	0	0	0	0	
697980	Frontal_Sup_R	3188	4174	4084	0	0	7384	2366	26600	0	968	346	9668	566	6862	548	2902	256	6772	6174	50262	80	346	10222	35292	0	4338	102	2408	760	15934	2684	37606	1468	25266	0	0	158	4104	0	2260	0	0	0	0	0	0	0	0	0	0	0	0	0	144	0	1136	520	288	0	0	200	0	0	0	0	0	0	0	1586	0	5626	26714	1096	26284	260	2562	204	4938	0	0	0	282	0	418	0	64	0	0	0	520	0	0	0	0	0	0	0	0	0	0	0	0	0	0	0	0	0	0	0	0	0	0	0	0	0	0	
145752	Frontal_Sup_Orb_L	0	0	11470	0	0	0	3764	0	11490	0	0	0	1432	0	10594	0	0	0	626	0	2414	222	3128	106	3484	326	8660	230	5080	0	3950	78	0	0	0	0	0	0	0	0	146	0	0	0	0	0	0	0	0	0	0	0	0	0	132	0	0	0	0	0	0	0	0	0	0	0	0	0	0	0	1500	0	3490	0	0	0	0	0	0	0	0	0	482	0	0	0	0	0	72	0	0	0	0	0	0	0	0	0	0	0	0	0	0	0	0	0	0	0	0	0	0	0	0	0	0	0	
110572	Frontal_Sup_Orb_R	0	0	0	7384	0	0	0	638	0	4774	0	0	0	0	0	4210	0	0	0	0	154	1892	0	3836	126	7750	186	7902	0	1272	82	3638	0	0	0	0	0	0	0	0	0	86	0	0	0	0	0	0	0	0	0	0	0	0	0	0	0	0	0	0	0	0	0	0	0	0	0	0	0	0	340	5548	0	5468	0	0	0	0	0	0	0	0	0	0	0	0	0	0	0	0	0	0	0	0	0	0	0	0	0	0	0	0	0	0	0	0	0	0	0	0	0	0	0	0	0	0	
408296	Frontal_Mid_L	14010	188	62144	2366	3764	0	0	598	3836	0	8256	258	27198	718	8322	0	404	0	8782	626	0	0	15792	414	0	0	0	0	13562	278	8238	1742	930	366	130	72	1332	0	512	0	0	0	0	0	0	0	0	0	0	0	150	0	310	0	712	0	2590	0	0	0	1074	0	0	0	0	0	84	0	0	0	1354	1108	3482	106	230	0	1946	184	2794	0	610	0	80	0	978	0	0	0	1518	0	0	0	0	0	0	0	0	0	0	0	0	0	0	0	0	0	0	0	0	0	0	0	0	0	0	0	
188384	Frontal_Mid_R	1296	7074	1262	26600	0	638	598	0	0	1168	528	7140	124	12304	0	3994	244	298	794	6214	0	0	584	1272	0	0	0	0	676	5114	84	1124	0	3478	0	0	0	824	0	316	0	0	0	0	0	0	0	0	0	0	0	0	0	0	0	124	426	420	0	0	0	0	0	90	0	0	0	0	0	0	776	1444	262	2708	66	454	92	3186	0	0	110	0	0	0	0	0	0	0	0	286	0	0	0	0	0	0	0	0	0	0	0	0	0	0	0	0	0	0	0	0	0	0	0	0	0	0	
91032	Frontal_Mid_Orb_L	0	0	5532	0	11490	0	3836	0	0	0	0	0	2028	0	13796	0	0	0	654	0	0	0	70	0	106	0	558	0	5058	0	124	0	0	0	0	0	0	0	0	0	0	0	0	0	0	0	0	0	0	0	0	0	0	0	0	0	0	0	0	0	0	0	0	0	0	0	0	0	0	0	0	0	2122	0	0	0	0	0	0	0	0	0	142	0	0	0	0	0	0	0	0	0	0	0	0	0	0	0	0	0	0	0	0	0	0	0	0	0	0	0	0	0	0	0	0	0	
40284	Frontal_Mid_Orb_R	0	0	0	968	0	4774	0	1168	0	0	0	0	0	264	0	6648	0	0	0	0	0	580	0	0	0	386	0	1648	0	1058	0	0	0	0	0	0	0	0	0	0	0	0	0	0	0	0	0	0	0	0	0	0	0	0	0	0	0	0	0	0	0	0	0	0	0	0	0	0	0	0	66	1042	0	1540	0	0	0	0	0	0	0	0	0	0	0	0	0	0	0	0	0	0	0	0	0	0	0	0	0	0	0	0	0	0	0	0	0	0	0	0	0	0	0	0	0	0	
174364	Frontal_Inf_Oper_L	7746	134	3936	346	0	0	8256	528	0	0	0	1896	10082	2998	282	202	8898	0	2076	72	0	0	838	72	0	0	0	0	19068	548	3284	614	88	0	0	0	574	0	0	0	0	0	0	0	0	0	0	0	0	0	80	0	0	0	148	0	2286	0	110	0	128	0	0	0	0	0	0	0	0	0	4996	626	1464	0	0	0	140	0	1132	0	2412	0	1000	0	0	0	0	0	122	0	0	0	0	0	0	0	0	0	0	0	0	0	0	0	0	0	0	0	0	0	0	0	0	0	0	0	
191992	Frontal_Inf_Oper_R	552	2830	1034	9668	0	0	258	7140	0	0	1896	0	152	12338	68	598	1062	5408	956	10390	0	0	128	426	0	0	0	0	2068	15222	108	1544	0	7178	0	0	0	418	0	128	0	0	0	0	0	0	0	0	0	0	0	0	0	0	0	98	112	932	0	158	80	278	0	258	0	0	0	0	0	0	1436	4278	148	2976	0	252	0	532	0	248	298	520	110	524	0	314	0	0	0	874	0	0	0	0	0	0	0	0	0	0	0	0	0	0	0	0	0	0	0	0	0	0	0	0	0	0	
247060	Frontal_Inf_Tri_L	708	66	17530	566	1432	0	27198	124	2028	0	10082	152	0	272	16656	0	930	0	2796	0	0	0	3980	194	0	0	0	0	29472	78	2882	694	1146	0	0	0	106	0	0	0	0	0	0	0	0	0	0	0	0	0	0	0	0	0	0	0	0	0	0	0	0	0	0	0	0	0	0	0	0	0	2410	576	872	0	0	0	94	0	0	0	94	0	392	0	0	0	0	0	0	0	0	0	0	0	0	0	0	0	0	0	0	0	0	0	0	0	0	0	0	0	0	0	0	0	0	0	
175304	Frontal_Inf_Tri_R	494	0	806	6862	0	0	718	12304	0	264	2998	12338	272	0	0	7062	1246	162	898	6160	0	0	522	1730	0	0	0	0	2886	13700	216	3768	68	4274	0	0	0	68	0	0	0	0	0	0	0	0	0	0	0	0	0	0	0	0	0	0	132	0	0	0	100	0	0	0	0	0	0	0	0	0	1112	4254	160	1302	0	0	0	84	74	0	452	0	166	0	0	0	0	0	0	0	0	0	0	0	0	0	0	0	0	0	0	0	0	0	0	0	0	0	0	0	0	0	0	0	0	0	
222428	Frontal_Inf_Orb_L	104	64	14378	548	10594	0	8322	0	13796	0	282	68	16656	0	0	0	176	0	3486	0	2538	224	1414	192	0	118	2242	178	23520	0	830	494	240	0	0	0	0	0	0	0	310	0	0	0	0	0	0	0	0	0	0	0	0	0	296	0	0	0	0	0	0	0	0	0	0	0	0	0	0	0	2660	546	5654	0	0	0	70	0	0	0	0	0	1084	0	0	0	0	0	130	0	0	0	0	0	0	0	0	0	0	0	0	0	0	0	0	0	0	0	0	0	0	0	0	0	0	0	
98884	Frontal_Inf_Orb_R	174	0	116	2902	0	4210	0	3994	0	6648	202	598	0	7062	0	0	102	0	200	910	0	1316	256	906	0	0	0	1756	174	12390	0	992	0	888	0	0	0	0	0	76	0	84	0	0	0	0	0	0	0	0	0	0	0	0	0	0	0	0	0	0	0	0	0	0	0	0	0	0	0	0	142	1702	0	1642	0	0	0	0	0	0	0	0	0	0	0	0	0	0	0	0	0	0	0	0	0	0	0	0	0	0	0	0	0	0	0	0	0	0	0	0	0	0	0	0	0	0	
165336	Rolandic_Oper_L	6862	0	3336	256	0	0	404	244	0	0	8898	1062	930	1246	176	102	0	0	2064	0	0	0	186	64	0	0	0	0	15990	386	176	184	0	0	140	0	1284	0	0	0	0	0	0	0	350	0	0	0	0	0	2030	0	292	0	486	0	8606	0	1712	0	2472	0	2586	0	64	0	254	0	92	0	2386	522	2002	0	404	0	176	0	3746	0	7724	0	992	0	1334	0	0	0	448	0	0	0	0	0	0	0	0	0	0	0	0	0	0	0	0	0	0	0	0	0	0	0	0	0	0	0	
96788	Rolandic_Oper_R	0	672	0	6772	0	0	0	298	0	0	0	5408	0	162	0	0	0	0	0	5940	0	0	0	0	0	0	0	0	0	11000	0	0	0	4442	0	0	0	440	0	108	0	0	0	0	0	0	0	0	0	0	0	0	0	0	0	0	0	2532	0	130	0	290	0	2670	0	0	0	0	0	0	0	184	0	2678	0	0	0	486	0	1406	0	1764	0	566	0	200	0	0	0	246	0	0	0	0	0	0	0	0	0	0	0	0	0	0	0	0	0	0	0	0	0	0	0	0	0	0	
439708	Supp_Motor_Area_L	6386	1746	59280	6174	626	0	8782	794	654	0	2076	956	2796	898	3486	200	2064	0	0	28682	0	0	6344	2408	0	0	0	0	12912	974	6970	3952	6398	15270	528	456	1156	188	0	144	0	0	0	0	142	0	0	0	174	0	112	0	0	0	586	78	2750	0	0	0	320	0	214	0	0	0	142	0	4768	556	4152	1372	16890	900	1806	0	242	136	122	0	388	0	220	0	0	0	0	0	484	0	0	0	0	0	0	0	0	0	0	0	0	0	0	0	0	0	0	0	0	0	0	0	0	0	0	0	
610824	Supp_Motor_Area_R	11770	5754	12126	50262	0	0	626	6214	0	0	72	10390	0	6160	0	910	0	5940	28682	0	0	0	2326	8016	0	0	0	0	184	12972	1402	10520	2656	48788	1378	2728	0	3068	0	1818	0	82	0	0	0	0	0	0	0	0	0	0	0	64	0	996	1038	836	0	0	0	96	0	210	0	0	0	0	11710	8884	2862	19218	2270	15048	672	2228	0	3478	0	0	0	142	0	458	0	0	0	0	0	358	0	0	0	0	0	0	0	0	0	0	0	0	0	0	0	0	0	0	0	0	0	0	0	0	0	0	
83500	Olfactory_L	0	0	344	80	2414	154	0	0	0	0	0	0	0	0	2538	0	0	0	0	0	0	4220	104	0	552	1138	3848	2898	3782	0	2046	2346	0	0	0	0	330	0	450	0	1348	0	0	0	0	0	0	0	0	0	0	0	0	0	936	0	0	0	0	0	0	0	0	0	0	0	0	0	0	0	6438	1124	2472	0	0	0	0	0	0	0	0	0	1770	0	0	0	0	0	418	0	0	0	0	0	0	0	0	0	0	0	0	0	0	0	0	0	0	0	0	0	0	0	0	0	0	0	
84212	Olfactory_R	0	0	188	346	222	1892	0	0	0	580	0	0	0	0	224	1316	0	0	0	0	4220	0	0	132	180	2268	1704	6366	200	1016	1978	3800	0	0	0	0	0	0	0	230	0	536	0	0	0	0	0	0	0	0	0	0	0	0	0	0	0	0	0	0	0	0	0	0	0	0	0	0	0	0	6704	4676	3094	148	0	0	0	0	0	0	0	0	0	86	0	0	0	0	0	0	0	0	0	0	0	0	0	0	0	0	0	0	0	0	0	0	0	0	0	0	0	0	0	0	0	0	
322464	Frontal_Sup_Medial_L	76	0	41338	10222	3128	0	15792	584	70	0	838	128	3980	522	1414	256	186	0	6344	2326	104	0	0	16562	1862	80	1642	0	4504	456	21148	9276	3464	6416	0	0	0	0	0	0	0	0	0	0	0	0	0	0	0	0	0	0	0	0	0	0	0	0	0	0	0	0	0	0	0	0	0	0	0	0	3974	1042	3380	118	0	0	0	0	0	0	0	0	0	0	0	0	0	0	0	0	0	0	0	0	0	0	0	0	0	0	0	0	0	0	0	0	0	0	0	0	0	0	0	0	0	0	
285432	Frontal_Sup_Medial_R	222	0	1298	35292	106	3836	414	1272	0	0	72	426	194	1730	192	906	64	0	2408	8016	0	132	16562	0	306	4186	0	672	186	1616	3432	28206	664	11558	0	0	0	0	0	0	0	0	0	0	0	0	0	0	0	0	0	0	0	0	0	0	0	0	0	0	0	0	0	0	0	0	0	0	0	0	1640	10564	152	6392	0	0	0	0	0	0	0	0	0	0	0	0	0	0	0	0	0	0	0	0	0	0	0	0	0	0	0	0	0	0	0	0	0	0	0	0	0	0	0	0	0	0	
35296	Frontal_Med_Orb_L	0	0	810	0	3484	126	0	0	106	0	0	0	0	0	0	0	0	0	0	0	552	180	1862	306	0	844	2892	360	0	0	3950	870	0	0	0	0	0	0	0	0	0	0	0	0	0	0	0	0	0	0	0	0	0	0	0	0	0	0	0	0	0	0	0	0	0	0	0	0	0	0	478	426	176	226	0	0	0	0	0	0	0	0	0	0	0	0	0	0	0	0	0	0	0	0	0	0	0	0	0	0	0	0	0	0	0	0	0	0	0	0	0	0	0	0	0	0	
91876	Frontal_Med_Orb_R	0	0	98	4338	326	7750	0	0	0	386	0	0	0	0	118	0	0	0	0	0	1138	2268	80	4186	844	0	730	7684	100	0	1626	5852	0	0	0	0	0	0	0	0	0	0	0	0	0	0	0	0	0	0	0	0	0	0	0	0	0	0	0	0	0	0	0	0	0	0	0	0	0	0	1102	4308	304	2700	0	0	0	0	0	0	0	0	0	0	0	0	0	0	0	0	0	0	0	0	0	0	0	0	0	0	0	0	0	0	0	0	0	0	0	0	0	0	0	0	0	0	
83688	Rectus_L	0	0	3390	102	8660	186	0	0	558	0	0	0	0	0	2242	0	0	0	0	0	3848	1704	1642	0	2892	730	0	1606	1738	0	4412	1120	0	0	0	0	0	0	0	0	186	0	0	0	0	0	0	0	0	0	0	0	0	0	188	0	0	0	0	0	0	0	0	0	0	0	0	0	0	0	4112	334	1774	0	0	0	0	0	0	0	0	0	310	0	0	0	0	0	110	0	0	0	0	0	0	0	0	0	0	0	0	0	0	0	0	0	0	0	0	0	0	0	0	0	0	0	
103372	Rectus_R	0	0	168	2408	230	7902	0	0	0	1648	0	0	0	0	178	1756	0	0	0	0	2898	6366	0	672	360	7684	1606	0	154	240	1754	5146	0	0	0	0	0	0	0	0	0	162	0	0	0	0	0	0	0	0	0	0	0	0	0	0	0	0	0	0	0	0	0	0	0	0	0	0	0	0	3828	3666	1884	976	0	0	0	0	0	0	0	0	0	0	0	0	0	0	0	0	0	0	0	0	0	0	0	0	0	0	0	0	0	0	0	0	0	0	0	0	0	0	0	0	0	0	
547696	Insula_L	9136	232	27346	760	5080	0	13562	676	5058	0	19068	2068	29472	2886	23520	174	15990	0	12912	184	3782	200	4504	186	0	100	1738	154	0	628	4316	1038	1172	80	390	158	10240	0	1032	0	1610	0	0	0	150	0	0	0	0	0	1816	0	322	0	5670	0	7102	0	2344	0	2716	0	1432	0	108	0	258	0	172	0	8140	1124	17874	0	312	0	738	0	6620	0	5868	0	4168	0	1452	0	0	0	6010	0	0	0	0	0	0	0	0	0	0	0	0	0	0	0	0	0	0	0	0	0	0	0	0	0	0	0	
365948	Insula_R	482	1178	896	15934	0	1272	278	5114	0	1058	548	15222	78	13700	0	12390	386	11000	974	12972	0	1016	456	1616	0	0	0	240	628	0	116	3238	0	6782	0	0	0	4282	0	1922	0	1210	0	0	0	0	0	0	0	0	0	0	0	748	0	4358	84	1020	0	734	0	924	0	1142	0	0	0	0	0	0	850	6470	138	20204	0	0	0	3446	0	2518	0	7286	0	1532	0	6790	0	106	0	9392	0	0	0	0	0	0	0	122	0	122	0	0	0	0	0	0	0	0	0	0	0	0	0	0	0	0	
267160	Cingulum_Ant_L	266	0	16808	2684	3950	82	8238	84	124	0	3284	108	2882	216	830	0	176	0	6970	1402	2046	1978	21148	3432	3950	1626	4412	1754	4316	116	0	12684	5876	1692	104	0	0	0	0	0	0	0	0	0	0	0	0	0	0	0	0	0	0	0	0	0	0	0	0	0	0	0	0	0	0	0	0	0	0	0	9698	3424	5834	1386	0	0	0	0	0	0	0	0	0	0	0	0	0	0	0	0	0	0	0	0	0	0	0	0	0	0	0	0	0	0	0	0	0	0	0	0	0	0	0	0	0	0	
435028	Cingulum_Ant_R	1176	0	2470	37606	78	3638	1742	1124	0	0	614	1544	694	3768	494	992	184	0	3952	10520	2346	3800	9276	28206	870	5852	1120	5146	1038	3238	12684	0	3072	17396	0	180	102	0	0	0	0	0	0	0	0	0	0	0	0	0	0	0	0	0	0	0	196	0	0	0	146	0	0	0	0	0	0	0	0	0	8106	27910	2058	13960	88	0	128	0	0	0	0	0	0	0	0	0	0	0	0	0	0	0	0	0	0	0	0	0	0	0	0	0	0	0	0	0	0	0	0	0	0	0	0	0	0	0	
136152	Cingulum_Mid_L	1698	464	3652	1468	0	0	930	0	0	0	88	0	1146	68	240	0	0	0	6398	2656	0	0	3464	664	0	0	0	0	1172	0	5876	3072	0	7948	4114	1290	132	0	126	0	0	0	156	0	1520	248	0	0	2098	222	3296	0	154	0	300	0	1210	0	1142	0	806	0	78	0	290	0	5120	542	2782	666	0	0	0	0	0	0	0	0	0	0	0	0	0	0	598	0	0	0	182	0	0	0	0	0	0	0	0	0	0	0	0	0	0	0	0	0	0	0	0	0	0	0	0	0	0	0	
477940	Cingulum_Mid_R	5520	2288	4458	25266	0	0	366	3478	0	0	0	7178	0	4274	0	888	0	4442	15270	48788	0	0	6416	11558	0	0	0	0	80	6782	1692	17396	7948	0	2802	10060	0	530	0	340	0	0	0	164	0	3798	0	0	0	3984	0	1106	0	446	0	382	308	3110	0	1096	0	170	0	0	0	186	2716	10790	5878	9596	770	2030	212	2646	108	192	0	530	0	0	0	242	0	340	0	200	0	0	0	150	0	0	0	0	0	0	0	0	0	0	0	0	0	0	0	0	0	0	0	0	0	0	0	0	0	0	
121488	Cingulum_Post_L	2762	148	0	0	0	0	130	0	0	0	0	0	0	0	0	0	140	0	528	1378	0	0	0	0	0	0	0	0	390	0	104	0	4114	2802	0	5276	5184	1808	3122	716	0	0	2818	0	1086	162	1590	0	550	106	2564	88	1054	0	1368	432	644	274	304	102	308	0	0	0	130	0	8422	766	2902	1036	0	196	0	0	0	0	648	1694	278	0	0	0	0	0	1802	72	0	0	746	0	0	0	0	0	0	0	0	0	0	0	0	0	0	0	0	0	0	0	0	0	0	0	0	0	0	0	
161860	Cingulum_Post_R	540	688	0	0	0	0	72	0	0	0	0	0	0	0	0	0	0	0	456	2728	0	0	0	0	0	0	0	0	158	0	0	180	1290	10060	5276	0	2378	7018	1202	4518	0	0	0	2364	0	1978	0	1628	0	1322	0	1040	0	288	88	2580	86	2876	0	1082	0	534	0	130	0	396	1648	15504	386	4348	0	180	80	0	0	0	864	2576	68	0	0	0	0	0	0	876	0	0	0	866	0	0	0	0	0	0	0	0	0	0	0	0	0	0	0	0	0	0	0	0	578	0	0	0	0	0	
211240	Hippocampus_L	3012	0	1382	158	0	0	1332	0	0	0	574	0	106	0	0	0	1284	0	1156	0	330	0	0	0	0	0	0	0	10240	0	0	102	132	0	5184	2378	0	2232	12628	956	6022	0	1646	0	292	0	3738	128	232	0	740	0	908	0	16152	496	1470	0	0	0	98	0	440	0	0	0	2910	100	336	0	280	416	5586	0	210	0	3220	2570	1414	0	1312	0	392	0	628	0	0	0	9388	0	164	0	0	0	0	0	598	0	548	0	0	0	0	0	0	0	0	0	0	0	0	0	0	0	0	0	
322876	Hippocampus_R	408	6836	0	4104	0	0	0	824	0	0	0	418	0	68	0	0	0	440	188	3068	0	0	0	0	0	0	0	0	0	4282	0	0	0	530	1808	7018	2232	0	1262	32302	0	9114	0	1332	0	172	254	3968	0	0	0	146	0	3938	0	27304	0	380	0	160	0	128	0	194	0	0	210	4496	0	520	0	2038	72	13698	0	1152	676	9726	0	196	0	846	0	740	0	970	0	168	0	9710	0	256	0	0	66	0	330	1018	0	1018	0	0	0	0	0	0	0	0	0	0	654	0	0	0	0	0	
96612	ParaHippocampal_L	914	0	0	0	0	0	512	0	0	0	0	0	0	0	0	0	0	0	0	0	450	0	0	0	0	0	0	0	1032	0	0	0	126	0	3122	1202	12628	1262	0	820	1926	0	960	0	226	0	2570	240	164	0	432	0	372	0	6142	354	276	0	0	0	0	0	72	0	0	0	1850	78	218	0	124	0	504	0	0	0	1344	1154	512	0	0	0	1368	0	542	0	826	0	1106	0	296	64	0	0	0	0	1202	0	1152	70	94	0	0	0	0	0	0	0	0	0	0	0	0	0	0	0	
230520	ParaHippocampal_R	268	1058	0	2260	0	0	0	316	0	0	0	128	0	0	0	76	0	108	144	1818	0	230	0	0	0	0	0	0	0	1922	0	0	0	340	716	4518	956	32302	820	0	0	7458	0	1188	0	162	152	4258	0	0	0	124	0	958	0	20430	0	84	0	0	0	0	0	0	0	0	72	3920	0	0	0	1726	0	7186	0	968	170	5574	0	0	0	0	0	4662	0	152	0	2892	0	1604	0	132	0	0	268	0	428	1394	0	818	0	0	0	0	0	0	0	0	0	0	500	0	0	0	0	0	
38528	Amygdala_L	0	0	0	0	146	0	0	0	0	0	0	0	0	0	310	0	0	0	0	0	1348	0	0	0	0	0	186	0	1610	0	0	0	0	0	0	0	6022	0	1926	0	0	0	0	0	0	0	0	0	0	0	0	0	0	0	4302	0	0	0	0	0	0	0	0	0	0	0	0	0	0	0	80	0	106	0	0	0	0	0	0	0	0	0	884	0	0	0	0	0	2344	0	0	0	0	0	0	0	0	0	0	0	0	0	0	0	0	0	0	0	0	0	0	0	0	0	0	0	
60184	Amygdala_R	0	0	0	0	0	86	0	0	0	0	0	0	0	0	0	84	0	0	0	82	0	536	0	0	0	0	0	162	0	1210	0	0	0	0	0	0	0	9114	0	7458	0	0	0	0	0	0	0	0	0	0	0	0	0	0	0	6230	0	0	0	0	0	0	0	0	0	0	0	0	0	0	0	128	0	1344	0	0	0	118	0	0	0	0	0	3034	0	0	0	506	0	0	0	0	0	0	0	0	0	0	0	0	0	0	0	0	0	0	0	0	0	0	0	0	0	0	0	0	
162556	Calcarine_L	68	0	0	0	0	0	0	0	0	0	0	0	0	0	0	0	0	0	0	0	0	0	0	0	0	0	0	0	0	0	0	0	156	0	2818	0	1646	0	960	0	0	0	0	5922	12394	4814	8844	1740	8490	492	14430	0	3514	64	2186	250	0	0	64	0	146	0	94	0	110	0	10200	302	0	0	0	0	0	0	0	0	0	0	0	0	0	0	0	0	1072	0	0	0	502	0	0	0	0	0	0	0	0	0	0	0	0	0	0	0	0	0	0	0	0	0	0	0	0	0	0	0	
237648	Calcarine_R	0	0	0	0	0	0	0	0	0	0	0	0	0	0	0	0	0	0	0	0	0	0	0	0	0	0	0	0	0	0	0	0	0	164	0	2364	0	1332	0	1188	0	0	5922	0	3166	22136	760	18102	230	13822	0	11400	0	7384	0	8696	0	72	0	0	0	0	0	0	0	148	1214	16428	0	0	0	0	0	0	0	0	0	156	0	0	0	74	0	0	0	2754	0	0	0	614	0	116	0	0	0	0	0	0	0	224	0	0	0	0	0	0	0	0	0	0	358	0	0	0	0	0	
180504	Cuneus_L	312	0	0	0	0	0	0	0	0	0	0	0	0	0	0	0	350	0	142	0	0	0	0	0	0	0	0	0	150	0	0	0	1520	0	1086	0	292	0	226	0	0	0	12394	3166	0	5838	2258	178	20966	762	14092	0	1642	0	1324	134	260	0	2894	0	684	0	532	0	316	0	13936	836	456	0	0	0	0	0	0	0	0	0	90	0	234	0	0	0	2914	0	0	0	268	0	0	0	0	0	0	0	0	0	0	0	0	0	0	0	0	0	0	0	0	0	0	0	0	0	0	0	
242776	Cuneus_R	0	0	0	0	0	0	0	0	0	0	0	0	0	0	0	0	0	0	0	0	0	0	0	0	0	0	0	0	0	0	0	0	248	3798	162	1978	0	172	0	162	0	0	4814	22136	5838	0	144	5950	348	25460	0	8808	0	5156	0	5114	0	246	0	1576	0	0	0	66	0	478	5466	21986	0	236	0	0	0	0	0	0	0	0	0	0	0	0	0	0	0	594	0	0	0	222	0	0	0	0	0	0	0	0	0	88	0	0	0	0	0	0	0	0	0	0	142	0	0	0	0	0	
281428	Lingual_L	108	0	0	0	0	0	0	0	0	0	0	0	0	0	0	0	0	0	0	0	0	0	0	0	0	0	0	0	0	0	0	0	0	0	1590	0	3738	254	2570	152	0	0	8844	760	2258	144	0	3112	4874	0	13860	0	7986	92	17998	1974	0	0	0	0	0	0	0	0	0	0	3556	0	0	0	0	0	0	0	0	0	134	352	76	0	0	0	0	0	346	0	0	0	1064	0	10820	3736	1072	438	718	210	11778	3336	14436	5666	610	0	596	198	0	0	0	0	78	328	5280	3578	1994	0	0	0	
341148	Lingual_R	0	184	0	0	0	0	0	0	0	0	0	0	0	0	0	0	0	0	0	0	0	0	0	0	0	0	0	0	0	0	0	0	0	0	0	1628	128	3968	240	4258	0	0	1740	18102	178	5950	3112	0	0	3928	0	3884	0	6506	534	26872	0	0	0	0	0	0	0	0	0	0	120	6404	0	0	0	72	0	0	0	0	0	418	0	0	0	0	0	0	0	680	0	0	0	2066	6096	10754	2572	3136	256	132	4446	6252	6360	16676	1182	70	2342	484	582	154	0	0	0	298	6050	5648	5544	78	196	294	
186692	Occipital_Sup_L	98	0	0	0	0	0	0	0	0	0	0	0	0	0	0	0	0	0	174	0	0	0	0	0	0	0	0	0	0	0	0	0	2098	0	550	0	232	0	164	0	0	0	8490	230	20966	348	4874	0	0	92	28754	0	2880	0	2092	0	76	0	7676	0	1380	0	0	0	106	0	10104	320	238	0	0	0	0	0	0	0	0	0	0	0	0	0	0	0	1204	0	0	0	126	0	74	0	0	0	0	0	0	0	0	0	0	0	0	0	0	0	0	0	0	0	0	0	0	0	0	0	
191988	Occipital_Sup_R	0	0	0	0	0	0	0	0	0	0	0	0	0	0	0	0	0	0	0	0	0	0	0	0	0	0	0	0	0	0	0	0	222	3984	106	1322	0	0	0	0	0	0	492	13822	762	25460	0	3928	92	0	0	13704	0	6002	0	4428	0	334	0	1198	0	104	0	128	0	1498	1692	15632	0	336	0	0	0	0	0	0	0	0	0	0	0	106	0	0	0	568	0	0	0	0	0	0	0	0	0	0	0	0	0	74	0	0	0	0	0	0	0	0	0	0	0	0	0	0	0	0	
447800	Occipital_Mid_L	3664	0	86	0	0	0	150	0	0	0	80	0	0	0	0	0	2030	0	112	0	0	0	0	0	0	0	0	0	1816	0	0	0	3296	0	2564	0	740	0	432	0	0	0	14430	0	14092	0	13860	0	28754	0	0	0	21094	0	11740	0	3946	0	15914	0	17648	0	8002	0	11592	0	13404	0	2458	0	0	0	0	0	0	0	76	0	968	0	1706	0	0	0	24730	0	0	0	4072	0	212	0	0	0	0	0	76	0	156	0	0	0	0	0	0	0	0	0	0	0	0	0	0	0	0	0	
208116	Occipital_Mid_R	0	146	0	0	0	0	0	0	0	0	0	0	0	0	0	0	0	0	0	0	0	0	0	0	0	0	0	0	0	0	0	0	0	1106	88	1040	0	146	0	124	0	0	0	11400	0	8808	0	3884	0	13704	0	0	0	14358	0	6030	0	492	0	296	0	1146	0	592	0	14612	0	9268	0	314	0	0	0	0	0	0	0	0	0	0	0	2676	0	0	0	12620	0	0	0	1068	0	0	0	0	0	0	0	64	0	76	0	0	0	0	0	0	0	0	0	0	0	0	0	0	0	0	
142340	Occipital_Inf_L	782	0	0	0	0	0	310	0	0	0	0	0	0	0	0	0	292	0	0	0	0	0	0	0	0	0	0	0	322	0	0	0	154	0	1054	0	908	0	372	0	0	0	3514	0	1642	0	7986	0	2880	0	21094	0	0	0	13846	0	274	0	0	0	130	0	148	0	0	0	2196	0	328	0	0	0	0	0	0	0	712	0	588	0	206	0	0	0	3594	0	0	0	5394	0	1190	0	0	0	0	0	560	0	694	0	0	0	0	0	0	0	0	0	0	0	0	0	0	0	0	0	
157528	Occipital_Inf_R	0	606	0	144	0	0	0	0	0	0	0	0	0	0	0	0	0	0	0	64	0	0	0	0	0	0	0	0	0	748	0	0	0	446	0	288	0	3938	0	958	0	0	64	7384	0	5156	92	6506	0	6002	0	14358	0	0	0	14234	0	130	0	0	0	0	0	98	0	74	0	3472	0	100	0	0	0	240	0	0	0	744	0	72	0	0	0	0	0	2036	0	0	0	9284	0	110	0	0	0	0	208	308	116	414	0	0	0	0	0	0	0	0	0	0	286	84	0	0	0	0	
410184	Fusiform_L	1750	0	588	0	132	0	712	0	0	0	148	0	0	0	296	0	486	0	586	0	936	0	0	0	0	0	188	0	5670	0	0	0	300	0	1368	88	16152	0	6142	0	4302	0	2186	0	1324	0	17998	534	2092	0	11740	0	13846	0	0	394	538	0	68	0	142	0	190	0	0	0	1888	0	656	0	118	0	1634	0	0	0	1030	66	1400	0	1060	0	3528	0	4324	0	3520	0	23856	0	21206	1072	442	168	292	0	15276	518	27602	1120	582	0	282	0	0	0	0	0	0	0	1218	556	782	0	0	0	
588696	Fusiform_R	90	942	0	1136	0	0	0	124	0	0	0	98	0	0	0	0	0	0	78	996	0	0	0	0	0	0	0	0	0	4358	0	0	0	382	432	2580	496	27304	354	20430	0	6230	250	8696	134	5114	1974	26872	0	4428	0	6030	0	14234	394	0	0	86	0	64	0	0	0	0	0	0	104	3968	0	64	0	426	0	7052	0	98	86	3308	0	64	0	3260	0	8336	0	3348	0	4062	0	18340	5758	23196	3680	5888	0	384	3458	9888	4334	29208	1482	186	3076	1426	440	238	0	0	0	246	4968	2626	6376	174	210	284	
280876	Postcentral_L	31288	1600	9904	520	0	0	2590	426	0	0	2286	112	0	132	0	0	8606	0	2750	1038	0	0	0	0	0	0	0	0	7102	84	0	196	1210	308	644	86	1470	0	276	0	0	0	0	0	260	0	0	0	76	0	3946	0	274	0	538	0	0	254	6814	0	23076	0	10814	0	640	0	1126	0	4110	204	138	1156	2610	714	250	96	792	154	3678	0	4092	0	0	0	1112	0	0	0	886	0	0	0	0	0	0	0	0	0	0	0	0	0	0	0	0	0	0	0	0	0	0	0	0	0	0	0	
155904	Postcentral_R	214	10226	100	288	0	0	0	420	0	0	0	932	0	0	0	0	0	2532	0	836	0	0	0	0	0	0	0	0	0	1020	0	0	0	3110	274	2876	0	380	0	84	0	0	0	72	0	246	0	0	0	334	0	492	0	130	0	86	254	0	0	9918	0	9574	0	13126	0	1396	0	4720	0	6120	0	0	0	0	0	0	0	128	0	134	0	864	0	0	0	4960	0	0	0	2106	0	0	0	0	0	0	0	0	0	0	0	0	0	0	0	0	0	0	0	0	0	0	0	0	0	0	
162948	Parietal_Sup_L	1698	0	142	0	0	0	0	0	0	0	110	0	0	0	0	0	1712	0	0	0	0	0	0	0	0	0	0	0	2344	0	0	0	1142	0	304	0	0	0	0	0	0	0	64	0	2894	0	0	0	7676	0	15914	0	0	0	68	0	6814	0	0	0	18868	0	3998	0	1698	0	12830	222	438	0	0	0	0	0	0	0	0	0	188	0	560	0	0	0	1260	0	0	0	530	0	0	0	0	0	0	0	0	0	0	0	0	0	0	0	0	0	0	0	0	0	0	0	0	0	0	0	
97920	Parietal_Sup_R	0	522	0	0	0	0	0	0	0	0	0	158	0	0	0	0	0	130	0	0	0	0	0	0	0	0	0	0	0	734	0	0	0	1096	102	1082	0	160	0	0	0	0	0	0	0	1576	0	0	0	1198	0	296	0	0	0	64	0	9918	0	0	0	10946	0	6416	0	2442	408	8148	0	276	0	0	0	0	0	0	0	86	0	82	0	368	0	0	0	1626	0	0	0	1126	0	0	0	0	0	0	0	0	0	0	0	0	0	0	0	0	0	0	0	0	0	0	0	0	0	0	
267464	Parietal_Inf_L	6862	120	1502	200	0	0	1074	0	0	0	128	80	0	100	0	0	2472	0	320	0	0	0	0	0	0	0	0	0	2716	0	0	146	806	0	308	0	98	0	0	0	0	0	146	0	684	0	0	0	1380	0	17648	0	130	0	142	0	23076	0	18868	0	0	0	22826	0	14554	0	1442	0	818	0	66	138	278	0	0	0	102	0	226	0	2200	0	0	0	9586	0	0	0	2490	0	0	0	0	0	0	0	0	0	0	0	0	0	0	0	0	0	0	0	0	0	0	0	0	0	0	0	
100240	Parietal_Inf_R	0	910	0	0	0	0	0	0	0	0	0	278	0	0	0	0	0	290	0	96	0	0	0	0	0	0	0	0	0	924	0	0	0	170	0	534	0	128	0	0	0	0	0	0	0	0	0	0	0	104	0	1146	0	0	0	0	0	9574	0	10946	0	0	0	12876	0	8746	0	428	0	116	0	0	0	0	0	0	0	0	0	114	0	334	0	0	0	1492	0	0	0	914	0	0	0	0	0	0	0	0	0	0	0	0	0	0	0	0	0	0	0	0	0	0	0	0	0	0	
175576	SupraMarginal_L	1402	0	2728	0	0	0	0	0	0	0	0	0	0	0	0	0	2586	0	214	0	0	0	0	0	0	0	0	0	1432	0	0	0	78	0	0	0	440	0	72	0	0	0	94	0	532	0	0	0	0	0	8002	0	148	0	190	0	10814	0	3998	0	22826	0	0	0	9266	0	362	0	186	0	0	0	550	0	0	0	166	0	556	0	6644	0	0	0	12032	0	0	0	2470	0	0	0	0	0	0	0	0	0	0	0	0	0	0	0	0	0	0	0	0	0	0	0	0	0	0	0	
102688	SupraMarginal_R	0	2186	0	0	0	0	0	90	0	0	0	258	0	0	0	0	0	2670	0	210	0	0	0	0	0	0	0	0	0	1142	0	0	0	0	0	130	0	194	0	0	0	0	0	0	0	66	0	0	0	128	0	592	0	98	0	0	0	13126	0	6416	0	12876	0	0	0	3916	0	262	0	540	0	0	0	0	0	0	0	0	0	260	0	4494	0	0	0	1060	0	0	0	630	0	0	0	0	0	0	0	0	0	0	0	0	0	0	0	0	0	0	0	0	0	0	0	0	0	0	
97080	Angular_L	1234	0	0	0	0	0	0	0	0	0	0	0	0	0	0	0	64	0	0	0	0	0	0	0	0	0	0	0	108	0	0	0	290	0	130	0	0	0	0	0	0	0	110	0	316	0	0	0	106	0	11592	0	0	0	0	0	640	0	1698	0	14554	0	9266	0	0	0	250	0	254	0	0	0	0	0	0	0	0	0	0	0	1906	0	0	0	5900	0	0	0	122	0	0	0	0	0	0	0	0	0	0	0	0	0	0	0	0	0	0	0	0	0	0	0	0	0	0	0	
95728	Angular_R	0	84	0	0	0	0	0	0	0	0	0	0	0	0	0	0	0	0	0	0	0	0	0	0	0	0	0	0	0	0	0	0	0	186	0	396	0	0	0	0	0	0	0	148	0	478	0	0	0	1498	0	14612	0	74	0	0	0	1396	0	2442	0	8746	0	3916	0	0	68	922	0	0	0	0	0	0	0	0	0	0	0	0	0	5814	0	0	0	6790	0	0	0	294	0	0	0	0	0	0	0	0	0	0	0	0	0	0	0	0	0	0	0	0	0	0	0	0	0	0	
243244	Precuneus_L	690	0	0	0	0	0	84	0	0	0	0	0	0	0	0	0	254	0	142	0	0	0	0	0	0	0	0	0	258	0	0	0	5120	2716	8422	1648	2910	210	1850	72	0	0	10200	1214	13936	5466	3556	120	10104	1692	13404	0	2196	0	1888	104	1126	0	12830	408	1442	0	362	0	250	68	0	10744	1138	90	0	0	0	0	0	0	108	0	260	0	118	0	0	0	3518	0	0	0	904	0	0	0	0	0	0	0	0	0	0	0	0	0	0	0	0	0	0	0	0	0	0	0	0	0	0	0	
300024	Precuneus_R	64	240	0	0	0	0	0	0	0	0	0	0	0	0	0	0	0	0	0	0	0	0	0	0	0	0	0	0	0	0	0	0	542	10790	766	15504	100	4496	78	3920	0	0	302	16428	836	21986	0	6404	320	15632	0	9268	0	3472	0	3968	0	4720	222	8148	0	428	0	262	0	922	10744	0	0	3308	0	0	0	0	0	0	0	588	0	0	0	130	0	0	0	3112	0	0	0	1186	0	0	0	0	0	0	0	132	0	0	0	0	0	0	0	0	0	0	0	0	994	0	0	0	0	0	
159500	Paracentral_Lobule_L	22536	4908	608	1586	0	0	0	0	0	0	0	0	0	0	0	0	92	0	4768	11710	0	0	0	0	0	0	0	0	172	0	0	0	2782	5878	2902	386	336	0	218	0	0	0	0	0	456	0	0	0	238	0	2458	0	328	0	656	0	4110	0	438	0	818	0	186	0	254	0	1138	0	0	6010	0	522	0	0	0	0	306	356	106	0	442	0	0	0	1502	0	0	0	544	0	0	0	0	0	0	0	0	0	0	0	0	0	0	0	0	0	0	0	0	0	0	0	0	0	0	0	
123724	Paracentral_Lobule_R	5280	10206	0	0	0	0	0	0	0	0	0	0	0	0	0	0	0	0	556	8884	0	0	0	0	0	0	0	0	0	0	0	0	666	9596	1036	4348	0	520	0	0	0	0	0	0	0	236	0	0	0	336	0	314	0	100	0	64	204	6120	0	276	0	116	0	540	0	0	90	3308	6010	0	0	66	0	0	0	0	0	126	0	108	0	466	0	0	0	1616	0	0	0	674	0	0	0	0	0	0	0	0	0	0	0	0	0	0	0	0	0	0	0	0	0	0	0	0	0	0	
265536	Caudate_L	2304	646	6566	5626	1500	340	1354	776	0	66	4996	1436	2410	1112	2660	142	2386	0	4152	2862	6438	6704	3974	1640	478	1102	4112	3828	8140	850	9698	8106	0	770	0	0	280	0	124	0	80	0	0	0	0	0	0	0	0	0	0	0	0	0	118	0	138	0	0	0	66	0	0	0	0	0	0	0	0	0	0	9800	14426	1174	1282	0	6346	190	86	0	774	0	710	0	0	0	0	0	0	0	0	0	0	0	0	0	0	0	0	0	0	0	0	0	0	0	0	0	0	0	0	0	0	0	0	0	
430288	Caudate_R	6300	1478	1624	26714	0	5548	1108	1444	0	1042	626	4278	576	4254	546	1702	522	184	1372	19218	1124	4676	1042	10564	426	4308	334	3666	1124	6470	3424	27910	0	2030	196	180	416	2038	0	1726	0	128	0	0	0	0	0	72	0	0	0	0	0	0	0	426	1156	0	0	0	138	0	0	0	0	0	0	0	522	66	9800	0	2796	21616	252	1700	1394	24664	0	0	134	0	0	0	0	0	0	0	0	90	0	0	0	0	0	0	0	0	0	0	0	0	0	0	0	0	0	0	0	0	0	0	0	0	0	0	
303040	Putamen_L	3222	398	26202	1096	3490	0	3482	262	2122	0	1464	148	872	160	5654	0	2002	0	16890	2270	2472	3094	3380	152	176	304	1774	1884	17874	138	5834	2058	0	212	0	80	5586	72	504	0	106	0	0	0	0	0	0	0	0	0	0	0	0	0	1634	0	2610	0	0	0	278	0	550	0	0	0	0	0	0	0	14426	2796	0	670	7168	0	3778	96	268	0	246	0	628	0	0	0	0	0	938	0	0	0	0	0	0	0	0	0	0	0	0	0	0	0	0	0	0	0	0	0	0	0	0	0	0	0	
365280	Putamen_R	770	1338	528	26284	0	5468	106	2708	0	1540	0	2976	0	1302	0	1642	0	2678	900	15048	0	148	118	6392	226	2700	0	976	0	20204	1386	13960	0	2646	0	0	0	13698	0	7186	0	1344	0	0	0	0	0	0	0	0	0	0	0	240	0	7052	714	0	0	0	0	0	0	0	0	0	0	0	0	0	1174	21616	670	0	318	3928	0	5186	0	0	0	506	0	352	0	1940	0	0	0	3860	0	0	0	0	0	0	0	406	0	406	0	0	0	0	0	0	0	0	0	0	0	0	0	0	0	0	
39932	Pallidum_L	166	200	4556	260	0	0	230	66	0	0	0	0	0	0	0	0	404	0	1806	672	0	0	0	0	0	0	0	0	312	0	0	88	0	108	0	0	210	0	0	0	0	0	0	0	0	0	0	0	0	0	0	0	0	0	0	0	250	0	0	0	0	0	0	0	0	0	0	0	0	0	1282	252	7168	318	0	0	1494	0	124	0	0	0	0	0	0	0	0	0	0	0	0	0	0	0	0	0	0	0	0	0	0	0	0	0	0	0	0	0	0	0	0	0	0	0	0	0	
28172	Pallidum_R	82	308	0	2562	0	0	0	454	0	0	0	252	0	0	0	0	0	0	0	2228	0	0	0	0	0	0	0	0	0	0	0	0	0	192	0	0	0	1152	0	968	0	0	0	0	0	0	0	0	0	0	0	0	0	0	0	98	96	0	0	0	0	0	0	0	0	0	0	0	0	0	0	1700	0	3928	0	0	0	66	0	0	0	0	0	0	0	0	0	0	0	0	0	0	0	0	0	0	0	0	0	0	0	0	0	0	0	0	0	0	0	0	0	0	0	0	0	0	
86672	Thalamus_L	7550	72	2382	204	0	0	1946	92	0	0	140	0	94	0	70	0	176	0	242	0	0	0	0	0	0	0	0	0	738	0	0	128	0	0	648	864	3220	676	1344	170	0	0	0	0	0	0	134	0	0	0	76	0	712	0	1030	86	792	0	0	0	102	0	166	0	0	0	108	0	306	0	6346	1394	3778	0	1494	0	0	4516	74	0	68	0	0	0	332	0	0	0	1066	0	0	0	0	0	0	0	0	0	0	0	0	0	0	0	0	0	0	0	0	0	0	0	0	0	0	0	
192980	Thalamus_R	5916	4452	456	4938	0	0	184	3186	0	0	0	532	0	84	0	0	0	486	136	3478	0	0	0	0	0	0	0	0	0	3446	0	0	0	530	1694	2576	2570	9726	1154	5574	0	118	0	156	0	0	352	418	0	0	0	0	0	744	66	3308	154	128	0	86	0	0	0	0	0	0	0	588	356	126	190	24664	96	5186	0	66	4516	0	0	0	0	148	0	0	0	210	0	0	0	3696	0	0	0	0	0	0	0	0	0	0	0	0	0	0	0	0	0	0	0	0	0	0	0	0	0	0	
77368	Heschl_L	5576	0	136	0	0	0	2794	0	0	0	1132	0	0	74	0	0	3746	0	122	0	0	0	0	0	0	0	0	0	6620	0	0	0	0	0	278	68	1414	0	512	0	0	0	0	0	90	0	76	0	0	0	968	0	588	0	1400	0	3678	0	188	0	226	0	556	0	0	0	260	0	106	0	86	0	268	0	124	0	74	0	0	0	2236	0	0	0	2194	0	0	0	3094	0	0	0	0	0	0	0	0	0	0	0	0	0	0	0	0	0	0	0	0	0	0	0	0	0	0	0	
21428	Heschl_R	0	538	0	0	0	0	0	0	0	0	0	248	0	0	0	0	0	1406	0	0	0	0	0	0	0	0	0	0	0	2518	0	0	0	0	0	0	0	196	0	0	0	0	0	0	0	0	0	0	0	0	0	0	0	72	0	64	0	134	0	82	0	114	0	260	0	0	0	0	0	108	0	0	0	0	0	0	0	0	0	0	0	2924	0	0	0	1552	0	0	0	498	0	0	0	0	0	0	0	0	0	0	0	0	0	0	0	0	0	0	0	0	0	0	0	0	0	0	
168704	Temporal_Sup_L	2848	0	1104	0	0	0	610	110	0	0	2412	298	94	452	0	0	7724	0	388	0	0	0	0	0	0	0	0	0	5868	0	0	0	0	0	0	0	1312	0	0	0	0	0	0	0	234	0	0	0	0	0	1706	0	206	0	1060	0	4092	0	560	0	2200	0	6644	0	1906	0	118	0	442	0	774	134	246	0	0	0	68	0	2236	0	0	0	2378	0	22746	0	68	0	13314	0	0	0	0	0	0	0	0	0	0	0	0	0	0	0	0	0	0	0	0	0	0	0	0	0	0	0	
121152	Temporal_Sup_R	0	1396	0	282	0	0	0	0	0	0	0	520	0	0	0	0	0	1764	0	142	0	0	0	0	0	0	0	0	0	7286	0	0	0	242	0	0	0	846	0	0	0	0	0	74	0	0	0	0	0	106	0	2676	0	0	0	3260	0	864	0	368	0	334	0	4494	0	5814	0	130	0	466	0	0	0	506	0	0	0	148	0	2924	0	0	0	1714	0	18098	0	222	0	5900	0	0	0	0	0	0	0	0	0	0	0	0	0	0	0	0	0	0	0	0	0	0	0	0	0	0	
78592	Temporal_Pole_Sup_L	0	0	324	0	482	0	80	0	142	0	1000	110	392	166	1084	0	992	0	220	0	1770	0	0	0	0	0	310	0	4168	0	0	0	0	0	0	0	392	0	1368	0	884	0	0	0	0	0	0	0	0	0	0	0	0	0	3528	0	0	0	0	0	0	0	0	0	0	0	0	0	0	0	710	0	628	0	0	0	0	0	0	0	2378	0	0	0	5390	0	7062	0	5716	0	0	0	0	0	0	0	0	0	0	0	0	0	0	0	0	0	0	0	0	0	0	0	0	0	0	0	
72940	Temporal_Pole_Sup_R	0	0	0	418	0	0	0	0	0	0	0	524	0	0	0	0	0	566	0	458	0	86	0	0	0	0	0	0	0	1532	0	0	0	340	0	0	0	740	0	4662	0	3034	0	0	0	0	0	0	0	0	0	0	0	0	0	8336	0	0	0	0	0	0	0	0	0	0	0	0	0	0	0	0	0	352	0	0	0	0	0	0	0	1714	0	0	0	2932	0	6938	0	3838	0	0	0	0	0	0	0	0	0	0	0	0	0	0	0	0	0	0	0	0	0	0	0	0	0	0	
309600	Temporal_Mid_L	2924	0	0	0	0	0	978	0	0	0	0	0	0	0	0	0	1334	0	0	0	0	0	0	0	0	0	0	0	1452	0	0	0	598	0	1802	0	628	0	542	0	0	0	1072	0	2914	0	346	0	1204	0	24730	0	3594	0	4324	0	1112	0	1260	0	9586	0	12032	0	5900	0	3518	0	1502	0	0	0	0	0	0	0	332	0	2194	0	22746	0	5390	0	0	0	6744	0	34042	0	0	0	0	0	0	0	0	0	0	0	0	0	0	0	0	0	0	0	0	0	0	0	0	0	0	0	
225516	Temporal_Mid_R	0	4124	0	64	0	0	0	0	0	0	0	314	0	0	0	0	0	200	0	0	0	0	0	0	0	0	0	0	0	6790	0	0	0	200	72	876	0	970	0	152	0	0	0	2754	0	594	0	680	0	568	0	12620	0	2036	0	3348	0	4960	0	1626	0	1492	0	1060	0	6790	0	3112	0	1616	0	0	0	1940	0	0	0	210	0	1552	0	18098	0	2932	0	0	0	2948	0	28060	0	0	0	0	0	0	0	0	0	0	0	0	0	0	0	0	0	0	0	0	0	0	0	0	0	0	
51640	Temporal_Pole_Mid_L	0	0	0	0	0	0	0	0	0	0	0	0	0	0	0	0	0	0	0	0	0	0	0	0	0	0	0	0	0	0	0	0	0	0	0	0	0	0	826	0	0	0	0	0	0	0	0	0	0	0	0	0	0	0	3520	0	0	0	0	0	0	0	0	0	0	0	0	0	0	0	0	0	0	0	0	0	0	0	0	0	68	0	7062	0	6744	0	0	0	7600	0	0	0	0	0	0	0	0	0	0	0	0	0	0	0	0	0	0	0	0	0	0	0	0	0	0	0	
43156	Temporal_Pole_Mid_R	0	0	0	0	0	0	0	0	0	0	0	0	0	0	0	0	0	0	0	0	0	0	0	0	0	0	0	0	0	106	0	0	0	0	0	0	0	168	0	2892	0	506	0	0	0	0	0	0	0	0	0	0	0	0	0	4062	0	0	0	0	0	0	0	0	0	0	0	0	0	0	0	0	0	0	0	0	0	0	0	0	0	222	0	6938	0	2948	0	0	0	3736	0	0	0	0	0	0	0	0	0	0	0	0	0	0	0	0	0	0	0	0	0	0	0	0	0	0	
282380	Temporal_Inf_L	2896	0	484	0	72	0	1518	0	0	0	122	0	0	0	130	0	448	0	484	0	418	0	0	0	0	0	110	0	6010	0	0	0	182	0	746	0	9388	0	1106	0	2344	0	502	0	268	0	1064	0	126	0	4072	0	5394	0	23856	0	886	0	530	0	2490	0	2470	0	122	0	904	0	544	0	0	0	938	0	0	0	1066	0	3094	0	13314	0	5716	0	34042	0	7600	0	0	0	3292	0	364	0	0	0	192	0	1518	0	146	0	222	0	0	0	0	0	0	0	0	0	0	0	0	0	
245752	Temporal_Inf_R	0	3540	0	520	0	0	0	286	0	0	0	874	0	0	0	0	0	246	0	358	0	0	0	0	0	0	0	0	0	9392	0	0	0	150	0	866	0	9710	0	1604	0	0	0	614	0	222	0	2066	0	0	0	1068	0	9284	0	18340	0	2106	0	1126	0	914	0	630	0	294	0	1186	0	674	0	90	0	3860	0	0	0	3696	0	498	0	5900	0	3838	0	28060	0	3736	0	0	74	4142	0	396	0	0	0	418	0	1786	0	0	0	148	0	0	0	0	0	0	66	0	98	0	0	0	
651120	Cerebelum_Crus1_L	0	0	0	0	0	0	0	0	0	0	0	0	0	0	0	0	0	0	0	0	0	0	0	0	0	0	0	0	0	0	0	0	0	0	0	0	164	0	296	0	0	0	0	0	0	0	10820	6096	74	0	212	0	1190	0	21206	5758	0	0	0	0	0	0	0	0	0	0	0	0	0	0	0	0	0	0	0	0	0	0	0	0	0	0	0	0	0	0	0	0	3292	74	0	20360	43348	14190	906	196	24276	2950	58932	15814	19960	1712	25908	5174	4414	930	1504	0	0	642	3908	4532	24898	876	844	104	
626564	Cerebelum_Crus1_R	0	0	0	0	0	0	0	0	0	0	0	0	0	0	0	0	0	0	0	0	0	0	0	0	0	0	0	0	0	0	0	0	0	0	0	0	0	256	64	132	0	0	0	116	0	0	3736	10754	0	0	0	0	0	110	1072	23196	0	0	0	0	0	0	0	0	0	0	0	0	0	0	0	0	0	0	0	0	0	0	0	0	0	0	0	0	0	0	0	0	0	4142	20360	0	12868	45644	136	1392	5082	16408	12576	55772	6166	6820	11984	23766	1580	3334	308	76	68	1258	6816	6528	26944	1946	1520	352	
461116	Cerebelum_Crus2_L	0	0	0	0	0	0	0	0	0	0	0	0	0	0	0	0	0	0	0	0	0	0	0	0	0	0	0	0	0	0	0	0	0	0	0	0	0	0	0	0	0	0	0	0	0	0	1072	2572	0	0	0	0	0	0	442	3680	0	0	0	0	0	0	0	0	0	0	0	0	0	0	0	0	0	0	0	0	0	0	0	0	0	0	0	0	0	0	0	0	364	0	43348	12868	0	17172	136	86	4504	1872	10082	8072	43780	4676	42278	4808	4970	560	704	0	0	336	1792	634	18010	1466	274	0	
450468	Cerebelum_Crus2_R	0	0	0	0	0	0	0	0	0	0	0	0	0	0	0	0	0	0	0	0	0	0	0	0	0	0	0	0	0	0	0	0	0	0	0	0	0	0	0	0	0	0	0	0	0	0	438	3136	0	0	0	0	0	0	168	5888	0	0	0	0	0	0	0	0	0	0	0	0	0	0	0	0	0	0	0	0	0	0	0	0	0	0	0	0	0	0	0	0	0	396	14190	45644	17172	0	70	640	1756	4496	4520	16110	9426	22650	13044	31194	1504	2248	480	82	0	604	1546	1100	22380	3228	1124	0	
32688	Cerebelum_3_L	0	0	0	0	0	0	0	0	0	0	0	0	0	0	0	0	0	0	0	0	0	0	0	0	0	0	0	0	0	0	0	0	0	0	0	0	0	66	0	268	0	0	0	0	0	0	718	256	0	0	0	0	0	0	292	0	0	0	0	0	0	0	0	0	0	0	0	0	0	0	0	0	0	0	0	0	0	0	0	0	0	0	0	0	0	0	0	0	0	0	906	136	136	70	0	154	6476	74	1766	324	172	0	190	70	1102	0	228	0	272	1042	862	244	520	0	0	0	
40752	Cerebelum_3_R	0	0	0	0	0	0	0	0	0	0	0	0	0	0	0	0	0	0	0	0	0	0	0	0	0	0	0	0	0	0	0	0	0	0	0	0	0	0	0	0	0	0	0	0	0	0	210	132	0	0	0	0	0	0	0	384	0	0	0	0	0	0	0	0	0	0	0	0	0	0	0	0	0	0	0	0	0	0	0	0	0	0	0	0	0	0	0	0	0	0	196	1392	86	640	154	0	406	3696	210	3942	0	0	102	352	428	986	98	0	228	2426	548	344	1176	1070	1082	88	
348284	Cerebelum_4_5_L	0	0	0	0	0	0	0	0	0	0	0	0	0	0	0	0	0	0	0	0	0	0	0	0	0	0	0	0	0	0	0	0	0	0	0	0	598	330	1202	428	0	0	0	0	0	0	11778	4446	0	0	76	0	560	208	15276	3458	0	0	0	0	0	0	0	0	0	0	0	0	0	0	0	0	0	0	0	0	0	0	0	0	0	0	0	0	0	0	0	0	192	0	24276	5082	4504	1756	6476	406	0	4276	40396	8530	4736	114	4600	700	2850	474	700	0	580	2220	12710	4524	3742	272	586	1080	
227240	Cerebelum_4_5_R	0	0	0	0	0	0	0	0	0	0	0	0	0	0	0	0	0	0	0	0	0	0	0	0	0	0	0	0	0	122	0	0	0	0	0	0	0	1018	0	1394	0	0	0	0	0	0	3336	6252	0	0	0	64	0	308	518	9888	0	0	0	0	0	0	0	0	0	0	0	132	0	0	0	0	0	406	0	0	0	0	0	0	0	0	0	0	0	0	0	0	0	418	2950	16408	1872	4496	74	3696	4276	0	2468	30120	778	106	1676	1450	536	828	286	166	0	1700	9694	948	3708	830	698	0	
524500	Cerebelum_6_L	0	0	0	0	0	0	0	0	0	0	0	0	0	0	0	0	0	0	0	0	0	0	0	0	0	0	0	0	0	0	0	0	0	0	0	0	548	0	1152	0	0	0	0	0	0	0	14436	6360	0	0	156	0	694	116	27602	4334	0	0	0	0	0	0	0	0	0	0	0	0	0	0	0	0	0	0	0	0	0	0	0	0	0	0	0	0	0	0	0	0	1518	0	58932	12576	10082	4520	1766	210	40396	2468	0	15348	7822	254	7064	1626	3908	670	1072	0	110	1052	7562	11932	13786	530	688	960	
582000	Cerebelum_6_R	0	0	0	0	0	0	0	0	0	0	0	0	0	0	0	0	0	0	0	0	0	0	0	0	0	0	0	0	0	122	0	0	0	0	0	0	0	1018	70	818	0	0	0	224	0	88	5666	16676	0	74	0	76	0	414	1120	29208	0	0	0	0	0	0	0	0	0	0	0	0	0	0	0	0	0	406	0	0	0	0	0	0	0	0	0	0	0	0	0	0	0	1786	15814	55772	8072	16110	324	3942	8530	30120	15348	0	3916	868	8208	7490	2434	2662	418	254	150	2440	12624	12808	19678	2498	2088	666	
333440	Cerebelum_7b_L	0	0	0	0	0	0	0	0	0	0	0	0	0	0	0	0	0	0	0	0	0	0	0	0	0	0	0	0	0	0	0	0	0	0	0	0	0	0	94	0	0	0	0	0	0	0	610	1182	0	0	0	0	0	0	582	1482	0	0	0	0	0	0	0	0	0	0	0	0	0	0	0	0	0	0	0	0	0	0	0	0	0	0	0	0	0	0	0	0	146	0	19960	6166	43780	9426	172	0	4736	778	7822	3916	0	3698	38600	3934	4816	496	804	0	0	290	1368	422	9902	1276	262	0	
150528	Cerebelum_7b_R	0	0	0	0	0	0	0	0	0	0	0	0	0	0	0	0	0	0	0	0	0	0	0	0	0	0	0	0	0	0	0	0	0	0	0	0	0	0	0	0	0	0	0	0	0	0	0	70	0	0	0	0	0	0	0	186	0	0	0	0	0	0	0	0	0	0	0	0	0	0	0	0	0	0	0	0	0	0	0	0	0	0	0	0	0	0	0	0	0	0	1712	6820	4676	22650	0	0	114	106	254	868	3698	0	3746	20096	268	3404	0	0	0	0	0	114	4910	1470	102	0	
438872	Cerebelum_8_L	0	0	0	0	0	0	0	0	0	0	0	0	0	0	0	0	0	0	0	0	0	0	0	0	0	0	0	0	0	0	0	0	0	0	0	0	0	0	0	0	0	0	0	0	0	0	596	2342	0	0	0	0	0	0	282	3076	0	0	0	0	0	0	0	0	0	0	0	0	0	0	0	0	0	0	0	0	0	0	0	0	0	0	0	0	0	0	0	0	222	0	25908	11984	42278	13044	190	102	4600	1676	7064	8208	38600	3746	0	7208	19328	1464	1804	0	0	520	1932	912	16884	3614	1852	0	
305956	Cerebelum_8_R	0	0	0	0	0	0	0	0	0	0	0	0	0	0	0	0	0	0	0	0	0	0	0	0	0	0	0	0	0	0	0	0	0	0	0	0	0	0	0	0	0	0	0	0	0	0	198	484	0	0	0	0	0	0	0	1426	0	0	0	0	0	0	0	0	0	0	0	0	0	0	0	0	0	0	0	0	0	0	0	0	0	0	0	0	0	0	0	0	0	148	5174	23766	4808	31194	70	352	700	1450	1626	7490	3934	20096	7208	0	1934	21552	706	302	0	180	342	840	10664	3898	2436	0	
159512	Cerebelum_9_L	0	0	0	0	0	0	0	0	0	0	0	0	0	0	0	0	0	0	0	0	0	0	0	0	0	0	0	0	0	0	0	0	0	0	0	0	0	0	0	0	0	0	0	0	0	0	0	582	0	0	0	0	0	0	0	440	0	0	0	0	0	0	0	0	0	0	0	0	0	0	0	0	0	0	0	0	0	0	0	0	0	0	0	0	0	0	0	0	0	0	4414	1580	4970	1504	1102	428	2850	536	3908	2434	4816	268	19328	1934	0	3310	4590	196	0	248	498	2000	7220	4932	4710	958	
128304	Cerebelum_9_R	0	0	0	0	0	0	0	0	0	0	0	0	0	0	0	0	0	0	0	0	0	0	0	0	0	0	0	0	0	0	0	0	0	0	0	0	0	0	0	0	0	0	0	0	0	0	0	154	0	0	0	0	0	0	0	238	0	0	0	0	0	0	0	0	0	0	0	0	0	0	0	0	0	0	0	0	0	0	0	0	0	0	0	0	0	0	0	0	0	0	930	3334	560	2248	0	986	474	828	670	2662	496	3404	1464	21552	3310	0	1316	1052	226	470	652	1376	4546	4848	5256	1100	
42856	Cerebelum_10_L	0	0	0	0	0	0	0	0	0	0	0	0	0	0	0	0	0	0	0	0	0	0	0	0	0	0	0	0	0	0	0	0	0	0	0	0	0	0	0	0	0	0	0	0	0	0	0	0	0	0	0	0	0	0	0	0	0	0	0	0	0	0	0	0	0	0	0	0	0	0	0	0	0	0	0	0	0	0	0	0	0	0	0	0	0	0	0	0	0	0	1504	308	704	480	228	98	700	286	1072	418	804	0	1804	706	4590	1316	0	160	0	0	0	0	2918	1754	1578	0	
6356	Cerebelum_10_R	0	0	0	0	0	0	0	0	0	0	0	0	0	0	0	0	0	0	0	0	0	0	0	0	0	0	0	0	0	0	0	0	0	0	0	0	0	0	0	0	0	0	0	0	0	0	0	0	0	0	0	0	0	0	0	0	0	0	0	0	0	0	0	0	0	0	0	0	0	0	0	0	0	0	0	0	0	0	0	0	0	0	0	0	0	0	0	0	0	0	0	76	0	82	0	0	0	166	0	254	0	0	0	302	196	1052	160	0	0	0	0	0	332	276	282	0	
12508	Vermis_1_2	0	0	0	0	0	0	0	0	0	0	0	0	0	0	0	0	0	0	0	0	0	0	0	0	0	0	0	0	0	0	0	0	0	0	0	0	0	0	0	0	0	0	0	0	0	0	78	0	0	0	0	0	0	0	0	0	0	0	0	0	0	0	0	0	0	0	0	0	0	0	0	0	0	0	0	0	0	0	0	0	0	0	0	0	0	0	0	0	0	0	0	68	0	0	272	228	580	0	110	150	0	0	0	0	0	226	0	0	0	3070	682	134	228	202	226	0	
50972	Vermis_3	0	0	0	0	0	0	0	0	0	0	0	0	0	0	0	0	0	0	0	0	0	0	0	0	0	0	0	0	0	0	0	0	0	0	0	0	0	0	0	0	0	0	0	0	0	0	328	298	0	0	0	0	0	0	0	246	0	0	0	0	0	0	0	0	0	0	0	0	0	0	0	0	0	0	0	0	0	0	0	0	0	0	0	0	0	0	0	0	0	0	642	1258	336	604	1042	2426	2220	1700	1052	2440	290	0	520	180	248	470	0	0	3070	0	3078	810	912	608	622	86	
193852	Vermis_4_5	0	0	0	0	0	0	0	0	0	0	0	0	0	0	0	0	0	0	0	0	0	0	0	0	0	0	0	0	0	0	0	0	0	0	0	578	0	654	0	500	0	0	0	358	0	142	5280	6050	0	0	0	0	0	286	1218	4968	0	0	0	0	0	0	0	0	0	0	0	994	0	0	0	0	0	0	0	0	0	0	0	0	0	0	0	0	0	0	0	0	0	66	3908	6816	1792	1546	862	548	12710	9694	7562	12624	1368	0	1932	342	498	652	0	0	682	3078	0	5152	1662	160	666	1578	
156328	Vermis_6	0	0	0	0	0	0	0	0	0	0	0	0	0	0	0	0	0	0	0	0	0	0	0	0	0	0	0	0	0	0	0	0	0	0	0	0	0	0	0	0	0	0	0	0	0	0	3578	5648	0	0	0	0	0	84	556	2626	0	0	0	0	0	0	0	0	0	0	0	0	0	0	0	0	0	0	0	0	0	0	0	0	0	0	0	0	0	0	0	0	0	0	4532	6528	634	1100	244	344	4524	948	11932	12808	422	114	912	840	2000	1376	0	0	134	810	5152	0	5384	768	1608	2558	
