data	data	498836	311284	1.11503e+06	1.03846e+06	237240	226340	629888	207636	117244	28468	240900	330616	344088	284560	259172	92552	210952	154668	645536	783832	88120	93316	385856	542140	22188	191112	57060	70048	695996	490792	268384	702744	127368	590192	91980	115912	223708	241048	71980	151384	44088	77536	269288	382464	254100	299040	229568	340900	290292	326888	606700	287624	140692	100960	328064	363008	396192	287728	268304	119076	293264	118288	115588	128192	170572	193508	372808	418540	250364	242916	284248	638012	292016	342392	43720	18724	83952	102660	67124	29832	262128	142024	63236	67204	441676	224576	16052	22124	339336	209496	327140	229392	224828	210468	9244	15184	163472	98584	333972	237552	220368	108032	247064	198380	107596	69172	23376	4604	8744	25712	137012	152040	155616	67544	50316	13904	
data	data	Precentral_L	Precentral_R	Frontal_Sup_L	Frontal_Sup_R	Frontal_Sup_Orb_L	Frontal_Sup_Orb_R	Frontal_Mid_L	Frontal_Mid_R	Frontal_Mid_Orb_L	Frontal_Mid_Orb_R	Frontal_Inf_Oper_L	Frontal_Inf_Oper_R	Frontal_Inf_Tri_L	Frontal_Inf_Tri_R	Frontal_Inf_Orb_L	Frontal_Inf_Orb_R	Rolandic_Oper_L	Rolandic_Oper_R	Supp_Motor_Area_L	Supp_Motor_Area_R	Olfactory_L	Olfactory_R	Frontal_Sup_Medial_L	Frontal_Sup_Medial_R	Frontal_Med_Orb_L	Frontal_Med_Orb_R	Rectus_L	Rectus_R	Insula_L	Insula_R	Cingulum_Ant_L	Cingulum_Ant_R	Cingulum_Mid_L	Cingulum_Mid_R	Cingulum_Post_L	Cingulum_Post_R	Hippocampus_L	Hippocampus_R	ParaHippocampal_L	ParaHippocampal_R	Amygdala_L	Amygdala_R	Calcarine_L	Calcarine_R	Cuneus_L	Cuneus_R	Lingual_L	Lingual_R	Occipital_Sup_L	Occipital_Sup_R	Occipital_Mid_L	Occipital_Mid_R	Occipital_Inf_L	Occipital_Inf_R	Fusiform_L	Fusiform_R	Postcentral_L	Postcentral_R	Parietal_Sup_L	Parietal_Sup_R	Parietal_Inf_L	Parietal_Inf_R	SupraMarginal_L	SupraMarginal_R	Angular_L	Angular_R	Precuneus_L	Precuneus_R	Paracentral_Lobule_L	Paracentral_Lobule_R	Caudate_L	Caudate_R	Putamen_L	Putamen_R	Pallidum_L	Pallidum_R	Thalamus_L	Thalamus_R	Heschl_L	Heschl_R	Temporal_Sup_L	Temporal_Sup_R	Temporal_Pole_Sup_L	Temporal_Pole_Sup_R	Temporal_Mid_L	Temporal_Mid_R	Temporal_Pole_Mid_L	Temporal_Pole_Mid_R	Temporal_Inf_L	Temporal_Inf_R	Cerebelum_Crus1_L	Cerebelum_Crus1_R	Cerebelum_Crus2_L	Cerebelum_Crus2_R	Cerebelum_3_L	Cerebelum_3_R	Cerebelum_4_5_L	Cerebelum_4_5_R	Cerebelum_6_L	Cerebelum_6_R	Cerebelum_7b_L	Cerebelum_7b_R	Cerebelum_8_L	Cerebelum_8_R	Cerebelum_9_L	Cerebelum_9_R	Cerebelum_10_L	Cerebelum_10_R	Vermis_1_2	Vermis_3	Vermis_4_5	Vermis_6	Vermis_7	Vermis_8	Vermis_9	Vermis_10	
498836	Precentral_L	0	3654	25486	5334	0	614	35012	0	0	0	12782	108	1164	0	0	0	9086	0	9430	7240	0	0	0	646	0	608	0	0	7398	0	0	814	1612	1878	2774	548	2522	0	186	0	0	0	1924	0	1000	0	390	0	1324	0	13468	0	846	0	1016	0	33878	102	5306	0	6742	0	1256	0	932	0	4688	0	21050	1644	1564	904	3596	112	548	0	1282	0	2200	0	5880	0	0	0	7440	0	0	0	1430	0	0	0	0	0	0	0	0	0	0	0	0	0	0	0	0	0	0	0	0	0	0	0	0	0	0	0	
311284	Precentral_R	3654	0	2688	26152	0	0	880	8896	0	0	92	5002	0	130	0	0	0	2002	2432	13520	0	0	0	184	0	0	0	0	100	1498	0	1228	286	6594	336	2576	0	1986	0	252	0	0	0	2092	0	528	0	2640	0	620	0	1476	0	948	0	1192	1882	22826	0	366	0	594	0	2820	0	1074	0	5712	452	13414	386	7640	0	920	0	260	88	2026	0	210	0	874	0	0	0	2202	0	0	0	1912	0	0	0	0	0	0	0	0	0	0	0	0	0	0	0	0	0	0	0	0	0	0	0	0	0	0	
1.11503e+06	Frontal_Sup_L	25486	2688	0	22376	18082	632	85382	274	4104	0	12748	2288	21970	1158	13908	0	9270	136	72940	28246	0	0	49644	6204	1490	610	0	0	37948	2590	18160	8390	4376	8284	122	260	5334	164	222	0	0	0	126	0	110	0	98	0	0	0	1230	0	290	0	1714	0	9478	156	286	0	1902	0	696	0	120	0	182	0	1444	990	9826	4528	25436	704	6978	86	7678	88	2770	0	7116	0	500	0	2656	0	0	0	4840	0	0	0	0	0	0	0	0	0	0	0	0	0	0	0	0	0	0	0	0	0	0	0	0	0	0	0	
1.03846e+06	Frontal_Sup_R	5334	26152	22376	0	500	11216	7328	29512	188	288	3602	16684	2950	16178	794	2016	882	9852	21896	69968	384	0	11894	48410	0	10170	0	136	6404	18320	5834	51060	182	27622	0	0	198	1684	0	160	0	0	0	148	0	128	0	198	0	140	0	0	0	0	0	486	2452	9590	0	186	126	322	0	1720	0	176	0	206	238	1062	6656	42948	724	12626	90	740	718	3922	0	398	466	734	86	98	200	706	0	0	0	768	0	0	0	0	0	0	0	0	0	0	0	0	0	0	0	0	0	0	0	0	0	0	0	0	0	0	
237240	Frontal_Sup_Orb_L	0	0	18082	500	0	172	6002	0	18844	0	352	760	9274	352	19752	0	0	0	930	112	1708	0	3604	216	2178	174	4166	0	15356	892	1708	360	110	182	0	0	0	0	672	0	448	0	0	0	0	0	0	0	0	0	0	0	0	0	0	0	0	0	0	0	0	0	0	0	0	0	0	0	0	0	1172	1262	7922	0	0	0	0	0	0	0	0	0	1270	0	0	0	88	0	0	0	0	0	0	0	0	0	0	0	0	0	0	0	0	0	0	0	0	0	0	0	0	0	0	0	0	0	
226340	Frontal_Sup_Orb_R	614	0	632	11216	172	0	1834	802	0	3400	1016	800	912	846	288	3434	90	0	794	1584	192	1706	476	13292	0	15504	0	8528	1824	2654	272	12230	0	1446	0	0	0	86	0	0	0	0	0	0	0	0	0	0	0	0	0	0	0	0	0	86	0	0	0	0	0	0	0	0	0	0	0	0	0	0	1136	14638	100	10566	0	0	0	0	0	0	0	0	0	0	0	0	0	0	0	0	0	0	0	0	0	0	0	0	0	0	0	0	0	0	0	0	0	0	0	0	0	0	0	0	0	0	
629888	Frontal_Mid_L	35012	880	85382	7328	6002	1834	0	0	3610	0	13556	1096	35810	184	9668	0	3344	148	7134	5146	0	0	14552	2928	0	1788	0	0	18944	1158	4082	3774	2438	1628	0	144	1994	0	186	0	0	0	140	0	112	0	98	0	0	0	1530	0	354	0	614	0	8788	0	420	0	3840	0	514	0	96	0	240	0	382	254	4640	3732	5286	530	2604	0	2934	0	2320	0	2276	0	0	0	2364	0	0	0	1126	0	0	0	0	0	0	0	0	0	0	0	0	0	0	0	0	0	0	0	0	0	0	0	0	0	0	0	
207636	Frontal_Mid_R	0	8896	274	29512	0	802	0	0	0	2438	0	9292	0	15504	0	2410	0	838	630	5066	0	0	756	6008	0	0	0	0	90	4230	234	4280	0	3276	0	0	0	0	0	0	0	0	0	0	0	0	0	0	0	0	0	0	0	0	0	0	0	3098	0	0	0	0	0	354	0	0	0	0	0	0	100	3500	0	1634	0	596	0	0	0	0	0	0	0	0	0	0	0	0	0	0	0	0	0	0	0	0	0	0	0	0	0	0	0	0	0	0	0	0	0	0	0	0	0	0	0	0	
117244	Frontal_Mid_Orb_L	0	0	4104	188	18844	0	3610	0	0	0	126	252	3884	0	15026	0	0	0	172	0	0	0	126	0	416	0	2252	0	4754	256	700	150	0	0	0	0	0	0	0	0	0	0	0	0	0	0	0	0	0	0	0	0	0	0	0	0	0	0	0	0	0	0	0	0	0	0	0	0	0	0	362	400	2848	0	0	0	0	0	0	0	0	0	152	0	0	0	0	0	0	0	0	0	0	0	0	0	0	0	0	0	0	0	0	0	0	0	0	0	0	0	0	0	0	0	0	0	
28468	Frontal_Mid_Orb_R	0	0	0	288	0	3400	0	2438	0	0	0	102	0	1482	0	5184	0	0	0	0	0	0	0	0	0	0	0	0	0	720	0	0	0	0	0	0	0	0	0	0	0	0	0	0	0	0	0	0	0	0	0	0	0	0	0	0	0	0	0	0	0	0	0	0	0	0	0	0	0	0	0	0	0	620	0	0	0	0	0	0	0	0	0	0	0	0	0	0	0	0	0	0	0	0	0	0	0	0	0	0	0	0	0	0	0	0	0	0	0	0	0	0	0	0	0	0	
240900	Frontal_Inf_Oper_L	12782	92	12748	3602	352	1016	13556	0	126	0	0	2058	11430	320	844	0	9164	0	6672	1176	0	0	334	1236	0	808	0	0	15688	1046	486	1974	286	1100	0	0	114	0	0	0	0	0	0	0	0	0	0	0	0	0	0	0	0	0	0	0	3672	0	0	0	1618	0	378	0	0	0	0	0	0	0	5642	2726	966	318	0	0	0	0	206	0	4246	0	540	0	1010	0	0	0	118	0	0	0	0	0	0	0	0	0	0	0	0	0	0	0	0	0	0	0	0	0	0	0	0	0	0	0	
330616	Frontal_Inf_Oper_R	108	5002	2288	16684	760	800	1096	9292	252	102	2058	0	1840	16086	966	1650	1030	4448	1808	11332	140	0	1156	6356	0	738	0	0	5686	30264	1042	6838	132	9752	0	0	0	306	0	182	0	0	0	0	0	0	0	0	0	0	0	0	0	0	0	302	126	806	0	0	0	0	0	158	0	0	0	0	0	0	5424	11518	488	5880	0	0	0	0	0	124	288	0	0	0	0	0	0	0	0	0	0	0	0	0	0	0	0	0	0	0	0	0	0	0	0	0	0	0	0	0	0	0	0	0	0	0	
344088	Frontal_Inf_Tri_L	1164	0	21970	2950	9274	912	35810	0	3884	0	11430	1840	0	842	23180	0	792	0	2928	1024	0	0	3030	1328	0	816	0	0	33038	2124	1408	1972	360	1232	0	0	0	0	0	0	0	0	0	0	0	0	0	0	0	0	0	0	0	0	0	0	196	0	0	0	350	0	0	0	0	0	0	0	0	0	1776	3522	1922	332	0	0	0	0	0	0	270	0	368	0	0	0	0	0	0	0	0	0	0	0	0	0	0	0	0	0	0	0	0	0	0	0	0	0	0	0	0	0	0	0	0	0	
284560	Frontal_Inf_Tri_R	0	130	1158	16178	352	846	184	15504	0	1482	320	16086	842	0	594	6574	0	210	1608	7956	0	0	906	11254	0	616	0	0	1640	25644	692	13762	86	6434	0	0	0	0	0	0	0	0	0	0	0	0	0	0	0	0	0	0	0	0	0	0	0	90	0	0	0	0	0	0	0	0	0	0	0	0	2266	7150	548	1168	0	0	0	0	0	0	0	0	0	0	0	0	0	0	0	0	0	0	0	0	0	0	0	0	0	0	0	0	0	0	0	0	0	0	0	0	0	0	0	0	0	0	
259172	Frontal_Inf_Orb_L	0	0	13908	794	19752	288	9668	0	15026	0	844	966	23180	594	0	0	0	0	1424	174	1542	0	1520	366	0	266	864	0	23834	1208	592	606	0	214	0	0	0	0	340	0	350	0	0	0	0	0	0	0	0	0	0	0	0	0	0	0	0	0	0	0	0	0	0	0	0	0	0	0	0	0	1326	1822	5432	124	0	0	0	0	0	0	0	0	2412	0	0	0	150	0	0	0	0	0	0	0	0	0	0	0	0	0	0	0	0	0	0	0	0	0	0	0	0	0	0	0	0	0	
92552	Frontal_Inf_Orb_R	0	0	0	2016	0	3434	0	2410	0	5184	0	1650	0	6574	0	0	0	214	0	0	0	1110	0	846	0	364	0	1580	0	10730	0	948	0	0	0	0	0	100	0	0	0	352	0	0	0	0	0	0	0	0	0	0	0	0	0	0	0	0	0	0	0	0	0	0	0	0	0	0	0	0	0	606	0	3126	0	0	0	0	0	266	0	1772	0	2888	0	106	0	0	0	0	0	0	0	0	0	0	0	0	0	0	0	0	0	0	0	0	0	0	0	0	0	0	0	0	0	0	
210952	Rolandic_Oper_L	9086	0	9270	882	0	90	3344	0	0	0	9164	1030	792	0	0	0	0	0	6770	254	0	0	0	240	0	0	0	0	16288	166	0	612	0	102	0	0	368	0	0	0	0	0	0	0	0	0	0	0	0	0	860	0	0	0	510	0	14026	0	1254	0	1954	0	1462	0	392	0	386	0	684	0	3876	702	556	250	0	0	0	0	3638	0	10980	0	702	0	3096	0	0	0	1690	0	0	0	0	0	0	0	0	0	0	0	0	0	0	0	0	0	0	0	0	0	0	0	0	0	0	0	
154668	Rolandic_Oper_R	0	2002	136	9852	0	0	148	838	0	0	0	4448	0	210	0	214	0	0	110	6480	0	0	0	144	0	0	0	0	98	14482	0	318	0	186	0	0	0	836	0	198	0	0	0	86	0	0	0	92	0	0	0	0	0	0	0	570	0	4952	0	0	0	0	0	5482	0	0	0	100	0	140	196	7318	0	6406	0	334	0	1090	0	4316	0	4620	0	288	0	216	0	0	0	428	0	0	0	0	0	0	0	0	0	0	0	0	0	0	0	0	0	0	0	0	0	0	0	0	0	0	
645536	Supp_Motor_Area_L	9430	2432	72940	21896	930	794	7134	630	172	0	6672	1808	2928	1608	1424	0	6770	110	0	48442	0	0	9282	3946	0	616	0	0	16008	1926	4774	6016	9038	21920	862	322	4030	146	216	0	0	0	0	0	0	0	118	0	0	0	164	0	126	0	1410	0	4474	88	0	0	522	0	332	0	0	0	178	0	2736	1568	5520	3934	14910	1082	1910	0	5766	0	892	0	5744	0	328	0	1270	0	0	0	4474	0	0	0	0	0	0	0	0	0	0	0	0	0	0	0	0	0	0	0	0	0	0	0	0	0	0	0	
783832	Supp_Motor_Area_R	7240	13520	28246	69968	112	1584	5146	5066	0	0	1176	11332	1024	7956	174	0	254	6480	48442	0	0	0	1644	14202	0	1254	0	96	2070	10442	4496	16476	2910	51164	684	5580	304	1434	0	272	0	0	0	2116	0	628	0	1402	0	644	0	1072	0	662	0	922	726	4538	0	0	0	0	0	744	0	394	142	4276	3546	17156	2546	18406	578	4962	0	240	604	2736	0	342	212	392	0	0	0	792	0	0	130	260	0	0	0	0	0	0	0	0	0	0	0	0	0	0	0	0	0	0	0	0	0	0	0	0	0	0	
88120	Olfactory_L	0	0	0	384	1708	192	0	0	0	0	0	140	0	0	1542	0	0	0	0	0	0	7350	0	212	0	114	4672	966	2794	140	3694	3238	0	0	0	0	146	0	1122	0	1094	0	0	0	0	0	0	0	0	0	0	0	0	0	0	0	0	0	0	0	0	0	0	0	0	0	0	0	0	0	7758	4196	682	0	0	0	0	0	0	0	0	0	1916	0	0	0	0	0	0	0	0	0	0	0	0	0	0	0	0	0	0	0	0	0	0	0	0	0	0	0	0	0	0	0	0	0	
93316	Olfactory_R	0	0	0	0	0	1706	0	0	0	0	0	0	0	0	0	1110	0	0	0	0	7350	0	0	0	0	1078	3982	4222	0	2584	3662	3936	0	0	0	0	0	486	0	126	0	1320	0	0	0	0	0	0	0	0	0	0	0	0	0	186	0	0	0	0	0	0	0	0	0	0	0	0	0	0	7542	5308	846	948	0	0	0	0	0	0	0	0	0	174	0	0	0	0	0	92	0	0	0	0	0	0	0	0	0	0	0	0	0	0	0	0	0	0	0	0	0	0	0	0	0	0	
385856	Frontal_Sup_Medial_L	0	0	49644	11894	3604	476	14552	756	126	0	334	1156	3030	906	1520	0	0	0	9282	1644	0	0	0	20860	2390	1066	100	0	3658	1060	22278	20152	4054	13938	0	0	0	0	0	0	0	0	0	0	0	0	0	0	0	0	0	0	0	0	0	0	0	0	0	0	0	0	0	0	0	0	0	0	0	0	1340	1058	1802	248	0	0	0	0	0	0	0	0	0	0	0	0	0	0	0	0	0	0	0	0	0	0	0	0	0	0	0	0	0	0	0	0	0	0	0	0	0	0	0	0	0	0	
542140	Frontal_Sup_Medial_R	646	184	6204	48410	216	13292	2928	6008	0	0	1236	6356	1328	11254	366	846	240	144	3946	14202	212	0	20860	0	614	14100	0	594	2480	9228	6654	48344	288	21372	0	0	0	106	0	0	0	0	0	0	0	0	0	0	0	0	0	0	0	0	0	106	108	138	0	0	0	0	0	0	0	0	0	0	0	0	2160	16886	230	8646	0	0	0	0	0	0	138	0	0	0	0	0	0	0	0	0	0	0	0	0	0	0	0	0	0	0	0	0	0	0	0	0	0	0	0	0	0	0	0	0	0	0	
22188	Frontal_Med_Orb_L	0	0	1490	0	2178	0	0	0	416	0	0	0	0	0	0	0	0	0	0	0	0	0	2390	614	0	818	1310	0	0	0	1616	262	0	0	0	0	0	0	0	0	0	0	0	0	0	0	0	0	0	0	0	0	0	0	0	0	0	0	0	0	0	0	0	0	0	0	0	0	0	0	0	0	0	0	0	0	0	0	0	0	0	0	0	0	0	0	0	0	0	0	0	0	0	0	0	0	0	0	0	0	0	0	0	0	0	0	0	0	0	0	0	0	0	0	0	0	
191112	Frontal_Med_Orb_R	608	0	610	10170	174	15504	1788	0	0	0	808	738	816	616	266	364	0	0	616	1254	114	1078	1066	14100	818	0	118	5050	1500	1880	1098	14266	0	1164	0	0	0	0	0	0	0	0	0	0	0	0	0	0	0	0	0	0	0	0	0	0	0	0	0	0	0	0	0	0	0	0	0	0	0	0	744	11350	154	6724	0	0	0	0	0	0	0	0	0	0	0	0	0	0	0	0	0	0	0	0	0	0	0	0	0	0	0	0	0	0	0	0	0	0	0	0	0	0	0	0	0	0	
57060	Rectus_L	0	0	0	0	4166	0	0	0	2252	0	0	0	0	0	864	0	0	0	0	0	4672	3982	100	0	1310	118	0	816	318	0	2872	1346	0	0	0	0	0	0	0	0	0	0	0	0	0	0	0	0	0	0	0	0	0	0	0	0	0	0	0	0	0	0	0	0	0	0	0	0	0	0	3780	1610	198	0	0	0	0	0	0	0	0	0	126	0	0	0	0	0	0	0	0	0	0	0	0	0	0	0	0	0	0	0	0	0	0	0	0	0	0	0	0	0	0	0	0	0	
70048	Rectus_R	0	0	0	136	0	8528	0	0	0	0	0	0	0	0	0	1580	0	0	0	96	966	4222	0	594	0	5050	816	0	0	1744	696	2220	0	0	0	0	0	0	0	0	0	370	0	0	0	0	0	0	0	0	0	0	0	0	0	0	0	0	0	0	0	0	0	0	0	0	0	0	0	0	850	4122	0	3034	0	0	0	0	0	0	0	0	0	0	0	0	0	0	0	0	0	0	0	0	0	0	0	0	0	0	0	0	0	0	0	0	0	0	0	0	0	0	0	0	0	0	
695996	Insula_L	7398	100	37948	6404	15356	1824	18944	90	4754	0	15688	5686	33038	1640	23834	0	16288	98	16008	2070	2794	0	3658	2480	0	1500	318	0	0	4912	1726	3984	474	1912	128	0	10990	0	1370	0	2614	0	0	0	0	0	0	0	0	0	2276	0	488	0	4958	0	7492	0	680	0	2162	0	704	0	408	0	304	0	404	0	10816	8086	20318	848	0	0	0	0	6352	0	12958	0	5476	0	6974	0	174	0	10092	0	0	0	0	0	0	0	0	0	0	0	0	0	0	0	0	0	0	0	0	0	0	0	0	0	0	0	
490792	Insula_R	0	1498	2590	18320	892	2654	1158	4230	256	720	1046	30264	2124	25644	1208	10730	166	14482	1926	10442	140	2584	1060	9228	0	1880	0	1744	4912	0	1048	11370	150	6666	0	0	0	3666	0	696	0	2086	0	354	0	0	0	426	0	0	0	0	0	114	0	2632	0	1346	0	0	0	0	0	1066	0	0	0	200	0	248	5206	16974	736	21458	0	0	0	314	0	2720	112	6452	0	3008	0	2358	0	0	0	2092	0	0	0	0	0	0	0	0	0	0	0	0	0	0	0	0	0	0	0	0	0	0	0	0	0	0	
268384	Cingulum_Ant_L	0	0	18160	5834	1708	272	4082	234	700	0	486	1042	1408	692	592	0	0	0	4774	4496	3694	3662	22278	6654	1616	1098	2872	696	1726	1048	0	21118	4326	7264	0	0	0	0	0	0	0	0	0	0	0	0	0	0	0	0	0	0	0	0	0	0	0	0	0	0	0	0	0	0	0	0	0	0	0	0	5576	3276	2488	320	0	0	0	0	0	0	0	0	0	0	0	0	0	0	0	0	0	0	0	0	0	0	0	0	0	0	0	0	0	0	0	0	0	0	0	0	0	0	0	0	0	0	
702744	Cingulum_Ant_R	814	1228	8390	51060	360	12230	3774	4280	150	0	1974	6838	1972	13762	606	948	612	318	6016	16476	3238	3936	20152	48344	262	14266	1346	2220	3984	11370	21118	0	1560	32548	0	0	0	172	0	0	0	0	0	102	0	0	0	122	0	0	0	0	0	0	0	134	194	1324	0	0	98	0	0	554	0	0	0	0	0	0	7700	32498	736	10346	0	0	0	0	0	0	268	134	0	0	120	338	0	0	0	380	0	0	0	0	0	0	0	0	0	0	0	0	0	0	0	0	0	0	0	0	0	0	0	0	0	0	
127368	Cingulum_Mid_L	1612	286	4376	182	110	0	2438	0	0	0	286	132	360	86	0	0	0	0	9038	2910	0	0	4054	288	0	0	0	0	474	150	4326	1560	0	7492	2454	630	0	0	0	0	0	0	264	208	1694	350	0	0	3966	0	1344	0	0	0	0	0	0	0	1226	0	0	0	0	0	0	0	5738	1184	3618	762	0	0	0	0	0	0	0	0	0	0	0	0	0	0	86	0	0	0	0	0	0	0	0	0	0	0	0	0	0	0	0	0	0	0	0	0	0	0	0	0	0	0	0	0	0	0	
590192	Cingulum_Mid_R	1878	6594	8284	27622	182	1446	1628	3276	0	0	1100	9752	1232	6434	214	0	102	186	21920	51164	0	0	13938	21372	0	1164	0	0	1912	6666	7264	32548	7492	0	316	5856	0	110	0	108	0	0	0	3940	0	1838	0	822	0	1270	0	2012	0	714	0	730	0	1822	0	110	0	0	0	0	0	594	798	10462	3234	15878	342	5886	158	1706	0	0	0	0	0	0	0	0	0	0	0	848	0	0	0	172	0	0	0	0	0	0	0	0	0	0	0	0	0	0	0	0	0	0	0	0	0	0	0	0	0	0	
91980	Cingulum_Post_L	2774	336	122	0	0	0	0	0	0	0	0	0	0	0	0	0	0	0	862	684	0	0	0	0	0	0	0	0	128	0	0	0	2454	316	0	4080	3892	1780	1538	438	0	0	4592	0	562	0	2568	422	484	0	906	0	0	0	556	0	94	0	458	0	0	0	0	0	0	0	7780	574	3114	600	0	0	240	0	0	0	1622	1086	0	0	0	0	0	0	786	0	0	0	142	0	0	0	0	0	0	0	0	0	0	0	0	0	0	0	0	0	0	0	0	0	0	0	0	0	0	0	
115912	Cingulum_Post_R	548	2576	260	0	0	0	144	0	0	0	0	0	0	0	0	0	0	0	322	5580	0	0	0	0	0	0	0	0	0	0	0	0	630	5856	4080	0	908	4644	0	1426	0	0	0	4104	180	1126	0	3532	0	136	0	0	0	0	0	300	0	408	0	0	0	0	0	0	0	0	1082	10330	404	5210	0	0	0	0	0	0	1904	1726	0	0	0	0	0	0	0	0	0	0	0	0	0	0	0	0	0	0	0	0	0	0	0	0	0	0	0	0	0	0	0	0	540	0	0	0	0	0	
223708	Hippocampus_L	2522	0	5334	198	0	0	1994	0	0	0	114	0	0	0	0	0	368	0	4030	304	146	0	0	0	0	0	0	0	10990	0	0	0	0	0	3892	908	0	1110	8972	224	7910	0	1928	0	0	0	4134	484	0	0	1072	0	1186	0	15538	0	374	0	126	0	164	0	0	0	0	0	3390	328	136	0	124	0	10068	86	288	0	1864	482	2224	0	2204	0	716	0	1360	0	0	0	14266	0	0	0	0	0	0	0	0	0	134	0	0	0	0	0	0	0	0	0	0	162	0	0	0	0	0	0	
241048	Hippocampus_R	0	1986	164	1684	0	86	0	0	0	0	0	306	0	0	0	100	0	836	146	1434	0	486	0	106	0	0	0	0	0	3666	0	172	0	110	1780	4644	1110	0	0	21988	0	12080	0	760	0	164	0	3262	0	0	0	0	0	0	0	27922	0	588	0	0	0	0	0	464	0	0	0	4028	0	400	0	708	0	10454	0	370	1628	5142	0	184	0	688	0	1804	0	1338	0	0	0	7068	0	0	0	0	0	0	0	96	0	0	0	0	0	0	0	0	0	0	0	0	572	0	0	0	0	0	
71980	ParaHippocampal_L	186	0	222	0	672	0	186	0	0	0	0	0	0	0	340	0	0	0	216	0	1122	0	0	0	0	0	0	0	1370	0	0	0	0	0	1538	0	8972	0	0	0	2176	0	972	0	0	0	5432	240	0	0	464	0	298	0	6406	0	0	0	0	0	0	0	0	0	0	0	1782	0	0	0	0	0	514	0	0	0	206	0	0	0	0	0	834	0	104	0	0	0	772	0	0	0	0	0	194	0	86	0	136	0	0	0	0	0	0	0	0	0	164	386	0	0	0	0	0	0	
151384	ParaHippocampal_R	0	252	0	160	0	0	0	0	0	0	0	182	0	0	0	0	0	198	0	272	0	126	0	0	0	0	0	0	0	696	0	0	0	108	438	1426	224	21988	0	0	0	7420	0	672	0	124	0	5078	0	110	0	158	0	0	0	20110	0	0	0	0	0	0	0	0	0	0	0	2586	0	114	0	136	0	5168	0	290	280	1622	0	0	0	150	0	1190	0	318	0	158	0	2172	0	0	0	0	0	438	0	858	0	0	0	0	0	0	0	0	0	0	0	0	470	0	0	0	0	0	
44088	Amygdala_L	0	0	0	0	448	0	0	0	0	0	0	0	0	0	350	0	0	0	0	0	1094	0	0	0	0	0	0	0	2614	0	0	0	0	0	0	0	7910	0	2176	0	0	0	0	0	0	0	0	0	0	0	0	0	0	0	4046	0	0	0	0	0	0	0	0	0	0	0	0	0	0	0	0	0	624	0	0	0	0	0	0	0	0	0	1064	0	0	0	0	0	1718	0	0	0	0	0	0	0	0	0	0	0	0	0	0	0	0	0	0	0	0	0	0	0	0	0	0	0	
77536	Amygdala_R	0	0	0	0	0	0	0	0	0	0	0	0	0	0	0	352	0	0	0	0	0	1320	0	0	0	0	0	370	0	2086	0	0	0	0	0	0	0	12080	0	7420	0	0	0	0	0	0	0	0	0	0	0	0	0	0	0	9966	0	0	0	0	0	0	0	0	0	0	0	0	0	0	0	312	0	1198	0	0	0	0	0	0	0	0	0	2200	0	592	0	0	0	872	0	0	0	0	0	0	0	0	0	0	0	0	0	0	0	0	0	0	0	0	0	0	0	0	0	0	
269288	Calcarine_L	1924	0	126	0	0	0	140	0	0	0	0	0	0	0	0	0	0	0	0	0	0	0	0	0	0	0	0	0	0	0	0	0	264	0	4592	0	1928	0	972	0	0	0	0	5188	20376	3170	14422	2854	17510	1678	22570	240	2038	204	1330	90	224	0	496	0	300	0	0	0	180	0	19176	790	3524	0	0	0	0	0	0	0	0	0	0	0	0	0	0	0	8016	218	0	0	104	0	0	0	0	0	0	0	0	0	0	0	0	0	0	0	0	0	0	0	0	0	0	0	0	0	0	0	
382464	Calcarine_R	0	2092	0	148	0	0	0	0	0	0	0	0	0	0	0	0	0	86	0	2116	0	0	0	0	0	0	0	0	0	354	0	102	208	3940	0	4104	0	760	0	672	0	0	5188	0	4466	26802	978	35206	188	28080	0	15178	0	8796	0	5436	0	1376	0	880	0	156	0	108	0	616	5794	24662	512	3896	0	144	0	0	0	0	0	0	0	0	0	126	0	0	0	5658	0	0	0	2186	0	0	0	0	0	0	0	0	0	0	0	0	0	0	0	0	0	0	0	0	218	0	0	0	0	0	
254100	Cuneus_L	1000	0	110	0	0	0	112	0	0	0	0	0	0	0	0	0	0	0	0	0	0	0	0	0	0	0	0	0	0	0	0	0	1694	0	562	180	0	0	0	0	0	0	20376	4466	0	7630	4292	700	31948	2768	14644	0	1046	0	428	0	128	0	7802	0	246	0	0	0	104	0	18020	3902	2966	0	0	0	0	0	0	0	0	0	0	0	0	0	0	0	1926	0	0	0	0	0	0	0	0	0	0	0	0	0	0	0	0	0	0	0	0	0	0	0	0	0	0	0	0	0	0	0	
299040	Cuneus_R	0	528	0	128	0	0	0	0	0	0	0	0	0	0	0	0	0	0	0	628	0	0	0	0	0	0	0	0	0	0	0	0	350	1838	0	1126	0	164	0	124	0	0	3170	26802	7630	0	0	8430	538	32646	0	10544	0	2472	0	1662	0	2848	162	5758	0	520	0	154	0	626	8928	27402	152	3500	0	0	0	0	0	0	0	0	0	0	0	0	0	0	0	538	0	0	0	152	0	0	0	0	0	0	0	0	0	0	0	0	0	0	0	0	0	0	0	0	0	0	0	0	0	0	
229568	Lingual_L	390	0	98	0	0	0	98	0	0	0	0	0	0	0	0	0	0	0	118	0	0	0	0	0	0	0	0	0	0	0	0	0	0	0	2568	0	4134	0	5432	0	0	0	14422	978	4292	0	0	1578	6734	0	19702	0	9286	0	17206	150	0	0	716	0	0	0	0	0	0	0	6826	134	570	0	0	0	270	0	0	0	136	0	0	0	0	0	0	0	924	0	0	0	284	0	2160	238	136	0	0	0	4710	170	6478	584	0	0	0	0	0	0	0	0	0	0	1746	1406	110	0	0	0	
340900	Lingual_R	0	2640	0	198	0	0	0	0	0	0	0	0	0	0	0	0	0	92	0	1402	0	0	0	0	0	0	0	0	0	426	0	122	0	822	422	3532	484	3262	240	5078	0	0	2854	35206	700	8430	1578	0	0	12288	0	8252	154	6736	740	14384	0	832	0	628	0	128	0	0	0	242	1668	13456	0	1624	0	172	0	88	0	0	300	268	0	0	0	0	0	0	0	5418	0	0	0	3334	1348	1244	0	216	0	190	2162	3160	4572	4890	98	0	328	574	1308	212	128	0	0	210	4340	5800	1056	160	254	0	
290292	Occipital_Sup_L	1324	0	0	0	0	0	0	0	0	0	0	0	0	0	0	0	0	0	0	0	0	0	0	0	0	0	0	0	0	0	0	0	3966	0	484	0	0	0	0	0	0	0	17510	188	31948	538	6734	0	0	150	35592	0	1574	0	774	0	1334	0	16180	0	3250	0	0	0	788	0	15592	440	4468	0	0	0	0	0	0	0	0	0	0	0	0	0	0	0	2026	0	0	0	286	0	0	0	0	0	0	0	0	0	0	0	0	0	0	0	0	0	0	0	0	0	0	0	0	0	0	0	
326888	Occipital_Sup_R	0	620	0	140	0	0	0	0	0	0	0	0	0	0	0	0	0	0	0	644	0	0	0	0	0	0	0	0	0	0	0	0	0	1270	0	136	0	0	0	110	0	0	1678	28080	2768	32646	0	12288	150	0	0	26182	0	3986	0	3096	0	4840	0	7622	0	1720	0	252	0	4756	6210	18574	142	4598	0	0	0	0	0	0	0	0	0	0	0	0	0	0	0	646	0	0	0	290	0	0	0	0	0	0	0	0	0	0	0	0	0	0	0	0	0	0	0	0	0	0	0	0	0	0	
606700	Occipital_Mid_L	13468	0	1230	0	0	0	1530	0	0	0	0	0	0	0	0	0	860	0	164	0	0	0	0	0	0	0	0	0	2276	0	0	0	1344	0	906	0	1072	0	464	0	0	0	22570	0	14644	0	19702	0	35592	0	0	0	23258	0	9728	0	14102	0	19242	0	18676	0	480	0	18908	0	15818	0	20152	0	0	0	224	0	0	0	0	0	416	0	738	0	0	0	36666	0	0	0	8944	0	0	0	0	0	0	0	0	0	176	0	0	0	0	0	0	0	0	0	0	0	0	0	0	0	0	0	
287624	Occipital_Mid_R	0	1476	0	0	0	0	0	0	0	0	0	0	0	0	0	0	0	0	0	1072	0	0	0	0	0	0	0	0	0	0	0	0	0	2012	0	0	0	0	0	158	0	0	240	15178	0	10544	0	8252	0	26182	0	0	0	7012	0	3644	0	3888	0	3742	0	5210	0	440	0	19420	1084	12160	218	5264	0	0	0	0	0	0	0	0	0	0	0	884	0	0	0	14894	0	0	0	838	0	0	0	0	0	0	0	0	0	0	0	0	0	0	0	0	0	0	0	0	0	0	0	0	0	0	
140692	Occipital_Inf_L	846	0	290	0	0	0	354	0	0	0	0	0	0	0	0	0	0	0	126	0	0	0	0	0	0	0	0	0	488	0	0	0	0	0	0	0	1186	0	298	0	0	0	2038	0	1046	0	9286	154	1574	0	23258	0	0	0	10390	0	190	0	216	0	242	0	0	0	190	0	690	0	1002	0	0	0	250	0	0	0	0	0	440	0	130	0	0	0	7006	0	0	0	6326	0	160	0	0	0	0	0	334	0	1224	0	0	0	0	0	0	0	0	0	0	0	326	286	0	0	0	0	
100960	Occipital_Inf_R	0	948	0	0	0	0	0	0	0	0	0	0	0	0	0	0	0	0	0	662	0	0	0	0	0	0	0	0	0	114	0	0	0	714	0	0	0	0	0	0	0	0	204	8796	0	2472	0	6736	0	3986	0	7012	0	0	0	8702	0	484	0	0	0	0	0	0	0	164	276	2874	0	1396	0	0	0	0	0	0	0	0	0	0	0	0	0	0	0	1264	0	0	0	3676	0	0	0	0	0	0	0	0	0	0	0	0	0	0	0	0	0	0	0	0	0	0	0	0	0	0	
328064	Fusiform_L	1016	0	1714	0	0	0	614	0	0	0	0	0	0	0	0	0	510	0	1410	0	0	0	0	0	0	0	0	0	4958	0	0	0	0	0	556	0	15538	0	6406	0	4046	0	1330	0	428	0	17206	740	774	0	9728	0	10390	0	0	126	628	0	342	0	474	0	0	0	0	0	1002	0	542	0	0	0	2898	0	0	0	0	0	794	0	2550	0	848	0	3000	0	666	0	18738	0	14284	290	728	0	174	0	9512	340	22992	502	250	0	550	0	236	0	118	0	0	0	1998	1842	244	0	0	0	
363008	Fusiform_R	0	1192	0	486	0	86	0	0	0	0	0	302	0	0	0	0	0	570	0	922	0	186	0	106	0	0	0	0	0	2632	0	134	0	730	0	300	0	27922	0	20110	0	9966	90	5436	0	1662	150	14384	0	3096	0	3644	0	8702	126	0	0	592	0	0	0	0	0	180	0	156	404	4332	0	1372	0	470	0	8370	0	166	0	2550	0	172	0	282	0	5524	0	2312	0	2676	0	17452	478	4838	0	208	0	540	478	5310	1480	11194	0	0	86	344	572	192	0	0	0	214	1412	2970	800	228	216	0	
396192	Postcentral_L	33878	1882	9478	2452	0	0	8788	0	0	0	3672	126	196	0	0	0	14026	0	4474	726	0	0	0	108	0	0	0	0	7492	0	0	194	0	0	94	0	374	0	0	0	0	0	224	0	128	0	0	0	1334	0	14102	0	190	0	628	0	0	0	17648	0	25578	0	9724	0	4442	0	6456	0	9768	0	538	224	252	0	0	0	278	0	2674	0	5176	0	0	0	5958	0	0	0	4814	0	0	0	0	0	0	0	0	0	0	0	0	0	0	0	0	0	0	0	0	0	0	0	0	0	0	0	
287728	Postcentral_R	102	22826	156	9590	0	0	0	3098	0	0	0	806	0	90	0	0	0	4952	88	4538	0	0	0	138	0	0	0	0	0	1346	0	1324	0	1822	0	408	0	588	0	0	0	0	0	1376	0	2848	0	832	0	4840	0	3888	0	484	0	592	0	0	0	7850	0	6558	0	18042	0	5006	0	10930	0	13262	0	4212	0	722	0	232	0	1466	0	260	0	1936	0	0	0	3036	0	0	0	3620	0	0	0	0	0	0	0	0	0	0	0	0	0	0	0	0	0	0	0	0	0	0	0	0	0	0	
268304	Parietal_Sup_L	5306	0	286	0	0	0	420	0	0	0	0	0	0	0	0	0	1254	0	0	0	0	0	0	0	0	0	0	0	680	0	0	0	1226	0	458	0	126	0	0	0	0	0	496	0	7802	162	716	0	16180	0	19242	0	216	0	342	0	17648	0	0	0	16864	0	558	0	5664	0	17172	744	9348	0	0	0	0	0	0	0	0	0	106	0	1138	0	0	0	5502	0	0	0	4496	0	0	0	0	0	0	0	0	0	0	0	0	0	0	0	0	0	0	0	0	0	0	0	0	0	0	0	
119076	Parietal_Sup_R	0	366	0	186	0	0	0	0	0	0	0	0	0	0	0	0	0	0	0	0	0	0	0	0	0	0	0	0	0	0	0	0	0	110	0	0	0	0	0	0	0	0	0	880	0	5758	0	628	0	7622	0	3742	0	0	0	0	0	7850	0	0	0	9274	0	1178	0	9000	928	10570	0	776	0	0	0	0	0	0	0	0	0	0	0	0	0	0	0	266	0	0	0	404	0	0	0	0	0	0	0	0	0	0	0	0	0	0	0	0	0	0	0	0	0	0	0	0	0	0	
293264	Parietal_Inf_L	6742	0	1902	126	0	0	3840	0	0	0	1618	0	350	0	0	0	1954	0	522	0	0	0	0	0	0	0	0	0	2162	0	0	98	0	0	0	0	164	0	0	0	0	0	300	0	246	0	0	0	3250	0	18676	0	242	0	474	0	25578	0	16864	0	0	0	15674	0	22484	0	1752	0	2790	0	0	102	0	0	0	0	0	0	174	0	2258	0	0	0	10240	0	0	0	6050	0	0	0	0	0	0	0	0	0	0	0	0	0	0	0	0	0	0	0	0	0	0	0	0	0	0	0	
118288	Parietal_Inf_R	0	594	0	322	0	0	0	0	0	0	0	0	0	0	0	0	0	0	0	0	0	0	0	0	0	0	0	0	0	0	0	0	0	0	0	0	0	0	0	0	0	0	0	156	0	520	0	128	0	1720	0	5210	0	0	0	0	0	6558	0	9274	0	0	0	6764	0	20972	0	508	0	354	0	0	0	0	0	0	0	0	0	0	0	1946	0	0	0	2066	0	0	0	2052	0	0	0	0	0	0	0	0	0	0	0	0	0	0	0	0	0	0	0	0	0	0	0	0	0	0	
115588	SupraMarginal_L	1256	0	696	0	0	0	514	0	0	0	378	0	0	0	0	0	1462	0	332	0	0	0	0	0	0	0	0	0	704	0	0	0	0	0	0	0	0	0	0	0	0	0	0	0	0	0	0	0	0	0	480	0	0	0	0	0	9724	0	558	0	15674	0	0	0	8492	0	128	0	184	0	0	0	0	0	0	0	0	0	148	0	6158	0	0	0	8252	0	0	0	2654	0	0	0	0	0	0	0	0	0	0	0	0	0	0	0	0	0	0	0	0	0	0	0	0	0	0	0	
128192	SupraMarginal_R	0	2820	0	1720	0	0	0	354	0	0	0	158	0	0	0	0	0	5482	0	744	0	0	0	0	0	0	0	0	0	1066	0	554	0	0	0	0	0	464	0	0	0	0	0	108	0	154	0	0	0	252	0	440	0	0	0	180	0	18042	0	1178	0	6764	0	0	0	8460	0	306	0	564	0	1620	0	284	0	0	0	692	0	194	0	7648	0	0	0	1162	0	0	0	2686	0	0	0	0	0	0	0	0	0	0	0	0	0	0	0	0	0	0	0	0	0	0	0	0	0	0	
170572	Angular_L	932	0	120	0	0	0	96	0	0	0	0	0	0	0	0	0	392	0	0	0	0	0	0	0	0	0	0	0	408	0	0	0	0	0	0	0	0	0	0	0	0	0	180	0	104	0	0	0	788	0	18908	0	190	0	0	0	4442	0	5664	0	22484	0	8492	0	0	0	846	0	1718	0	0	0	0	0	0	0	0	0	0	0	3074	0	0	0	11464	0	0	0	4984	0	0	0	0	0	0	0	0	0	0	0	0	0	0	0	0	0	0	0	0	0	0	0	0	0	0	0	
193508	Angular_R	0	1074	0	176	0	0	0	0	0	0	0	0	0	0	0	0	0	0	0	394	0	0	0	0	0	0	0	0	0	0	0	0	0	594	0	0	0	0	0	0	0	0	0	616	0	626	0	242	0	4756	0	19420	0	164	0	156	0	5006	0	9000	0	20972	0	8460	0	0	0	2134	0	1564	0	0	0	0	0	0	0	0	0	0	0	7506	0	0	0	11336	0	0	0	2558	0	0	0	0	0	0	0	0	0	0	0	0	0	0	0	0	0	0	0	0	0	0	0	0	0	0	
372808	Precuneus_L	4688	0	182	0	0	0	240	0	0	0	0	0	0	0	0	0	386	0	178	142	0	0	0	0	0	0	0	0	304	0	0	0	5738	798	7780	1082	3390	0	1782	0	0	0	19176	5794	18020	8928	6826	1668	15592	6210	15818	1084	690	276	1002	404	6456	0	17172	928	1752	0	128	0	846	0	0	12146	10840	178	0	0	134	0	0	0	132	0	0	0	486	0	0	0	6068	0	0	0	960	0	0	0	0	0	0	0	0	0	0	0	0	0	0	0	0	0	0	0	0	0	0	0	0	0	0	0	
418540	Precuneus_R	0	5712	0	206	0	0	0	0	0	0	0	0	0	0	0	0	0	100	0	4276	0	0	0	0	0	0	0	0	0	200	0	0	1184	10462	574	10330	328	4028	0	2586	0	0	790	24662	3902	27402	134	13456	440	18574	0	12160	0	2874	0	4332	0	10930	744	10570	0	508	0	306	0	2134	12146	0	1236	14628	0	0	0	282	0	0	288	260	0	0	0	346	0	0	0	3868	0	0	0	1572	0	0	0	0	0	0	0	0	0	0	0	0	0	0	0	0	0	0	0	0	740	0	0	0	0	0	
250364	Paracentral_Lobule_L	21050	452	1444	238	0	0	382	0	0	0	0	0	0	0	0	0	684	0	2736	3546	0	0	0	0	0	0	0	0	404	0	0	0	3618	3234	3114	404	136	0	0	0	0	0	3524	512	2966	152	570	0	4468	142	20152	218	1002	0	542	0	9768	0	9348	0	2790	0	184	0	1718	0	10840	1236	0	2840	0	0	0	0	0	0	0	0	0	0	648	0	0	0	8446	0	0	0	1674	0	0	0	0	0	0	0	0	0	0	0	0	0	0	0	0	0	0	0	0	0	0	0	0	0	0	0	
242916	Paracentral_Lobule_R	1644	13414	990	1062	0	0	254	0	0	0	0	0	0	0	0	0	0	140	1568	17156	0	0	0	0	0	0	0	0	0	248	0	0	762	15878	600	5210	0	400	0	114	0	0	0	3896	0	3500	0	1624	0	4598	0	5264	0	1396	0	1372	0	13262	0	776	0	354	0	564	0	1564	178	14628	2840	0	0	0	0	0	0	0	0	0	0	0	0	526	0	0	0	3388	0	0	0	2288	0	0	0	0	0	0	0	0	0	0	0	0	0	0	0	0	0	0	0	0	0	0	0	0	0	0	
284248	Caudate_L	1564	386	9826	6656	1172	1136	4640	100	362	0	5642	5424	1776	2266	1326	0	3876	196	5520	2546	7758	7542	1340	2160	0	744	3780	850	10816	5206	5576	7700	0	342	0	0	124	0	0	0	0	0	0	0	0	0	0	0	0	0	0	0	0	0	0	0	538	0	0	0	0	0	0	0	0	0	0	0	0	0	0	16172	6778	1524	1042	0	4970	0	202	0	1566	0	160	0	656	0	0	0	164	0	0	0	0	0	0	0	0	0	0	0	0	0	0	0	0	0	0	0	0	0	0	0	0	0	0	0	
638012	Caudate_R	904	7640	4528	42948	1262	14638	3732	3500	400	0	2726	11518	3522	7150	1822	606	702	7318	3934	18406	4196	5308	1058	16886	0	11350	1610	4122	8086	16974	3276	32498	0	5886	0	0	0	708	0	136	0	312	0	144	0	0	0	172	0	0	0	0	0	0	0	470	224	4212	0	0	102	0	0	1620	0	0	0	0	0	0	16172	0	1978	24526	0	2400	0	15068	0	202	350	390	0	142	132	474	0	0	0	566	0	0	0	0	0	0	0	0	0	0	0	0	0	0	0	0	0	0	0	0	0	0	0	0	0	0	
292016	Putamen_L	3596	0	25436	724	7922	100	5286	0	2848	0	966	488	1922	548	5432	0	556	0	14910	578	682	846	1802	230	0	154	198	0	20318	736	2488	736	0	158	240	0	10068	0	514	0	624	0	0	0	0	0	270	0	0	0	224	0	250	0	2898	0	252	0	0	0	0	0	0	0	0	0	134	0	0	0	6778	1978	0	180	6516	0	3394	0	258	0	3146	0	1366	0	1186	0	0	0	6072	0	0	0	0	0	0	0	0	0	0	0	0	0	0	0	0	0	0	0	0	0	0	0	0	0	0	0	
342392	Putamen_R	112	920	704	12626	0	10566	530	1634	0	620	318	5880	332	1168	124	3126	250	6406	1082	4962	0	948	248	8646	0	6724	0	3034	848	21458	320	10346	0	1706	0	0	86	10454	0	5168	0	1198	0	0	0	0	0	88	0	0	0	0	0	0	0	8370	0	722	0	0	0	0	0	284	0	0	0	282	0	0	1524	24526	180	0	0	2714	0	4306	0	408	110	618	0	1424	0	258	0	0	0	2838	0	0	0	0	0	0	0	0	0	0	0	0	0	0	0	0	0	0	0	0	0	0	0	0	0	0	
43720	Pallidum_L	548	0	6978	90	0	0	2604	0	0	0	0	0	0	0	0	0	0	0	1910	0	0	0	0	0	0	0	0	0	0	0	0	0	0	0	0	0	288	0	0	0	0	0	0	0	0	0	0	0	0	0	0	0	0	0	0	0	0	0	0	0	0	0	0	0	0	0	0	0	0	0	1042	0	6516	0	0	0	1884	0	0	0	0	0	0	0	0	0	0	0	0	0	0	0	0	0	0	0	0	0	0	0	0	0	0	0	0	0	0	0	0	0	0	0	0	0	0	0	
18724	Pallidum_R	0	260	86	740	0	0	0	596	0	0	0	0	0	0	0	0	0	334	0	240	0	0	0	0	0	0	0	0	0	0	0	0	0	0	0	0	0	370	0	290	0	0	0	0	0	0	0	0	0	0	0	0	0	0	0	166	0	232	0	0	0	0	0	0	0	0	0	0	0	0	0	2400	0	2714	0	0	0	934	0	0	0	0	0	0	0	0	0	0	0	0	0	0	0	0	0	0	0	0	0	0	0	0	0	0	0	0	0	0	0	0	0	0	0	0	0	0	
83952	Thalamus_L	1282	88	7678	718	0	0	2934	0	0	0	0	0	0	0	0	0	0	0	5766	604	0	0	0	0	0	0	0	0	0	0	0	0	0	0	1622	1904	1864	1628	206	280	0	0	0	0	0	0	136	300	0	0	0	0	0	0	0	0	278	0	0	0	0	0	0	0	0	0	132	288	0	0	4970	0	3394	0	1884	0	0	3906	0	0	0	0	0	0	0	0	0	0	0	114	0	0	0	0	0	0	0	0	0	0	0	0	0	0	0	0	0	0	0	0	0	0	0	0	0	0	
102660	Thalamus_R	0	2026	88	3922	0	0	0	0	0	0	0	0	0	0	0	0	0	1090	0	2736	0	0	0	0	0	0	0	0	0	314	0	0	0	0	1086	1726	482	5142	0	1622	0	0	0	0	0	0	0	268	0	0	0	0	0	0	0	2550	0	1466	0	0	0	0	0	692	0	0	0	260	0	0	0	15068	0	4306	0	934	3906	0	0	0	0	0	0	0	0	230	0	0	0	1416	0	0	0	0	0	0	0	0	0	0	0	0	0	0	0	0	0	0	0	0	0	0	0	0	0	0	
67124	Heschl_L	2200	0	2770	0	0	0	2320	0	0	0	206	0	0	0	0	0	3638	0	892	0	0	0	0	0	0	0	0	0	6352	0	0	0	0	0	0	0	2224	0	0	0	0	0	0	0	0	0	0	0	0	0	416	0	440	0	794	0	2674	0	106	0	174	0	148	0	0	0	0	0	0	0	202	0	258	0	0	0	0	0	0	0	3548	0	0	0	2784	0	0	0	1416	0	0	0	0	0	0	0	0	0	0	0	0	0	0	0	0	0	0	0	0	0	0	0	0	0	0	0	
29832	Heschl_R	0	210	0	398	0	0	0	0	0	0	0	124	0	0	0	266	0	4316	0	342	0	0	0	0	0	0	0	0	0	2720	0	0	0	0	0	0	0	184	0	0	0	0	0	0	0	0	0	0	0	0	0	0	0	0	0	172	0	260	0	0	0	0	0	194	0	0	0	0	0	0	0	202	0	408	0	0	0	0	0	0	0	3734	0	266	0	908	0	0	0	212	0	0	0	0	0	0	0	0	0	0	0	0	0	0	0	0	0	0	0	0	0	0	0	0	0	0	
262128	Temporal_Sup_L	5880	0	7116	466	0	0	2276	0	0	0	4246	288	270	0	0	0	10980	0	5744	212	0	0	0	138	0	0	0	0	12958	112	0	268	0	0	0	0	2204	0	0	0	0	0	0	0	0	0	0	0	0	0	738	0	130	0	2550	0	5176	0	1138	0	2258	0	6158	0	3074	0	486	0	648	0	1566	350	3146	110	0	0	0	0	3548	0	0	0	3856	0	27824	0	0	0	15150	0	0	0	0	0	0	0	0	0	0	0	0	0	0	0	0	0	0	0	0	0	0	0	0	0	0	0	
142024	Temporal_Sup_R	0	874	0	734	0	0	0	0	0	0	0	0	0	0	0	1772	0	4620	0	392	0	0	0	0	0	0	0	0	0	6452	0	134	0	0	0	0	0	688	0	150	0	0	0	126	0	0	0	0	0	0	0	884	0	0	0	282	0	1936	0	0	0	1946	0	7648	0	7506	0	346	0	526	0	390	0	618	0	0	0	0	0	3734	0	0	0	4262	0	16172	0	390	0	8430	0	0	0	0	0	0	0	0	0	0	0	0	0	0	0	0	0	0	0	0	0	0	0	0	0	0	
63236	Temporal_Pole_Sup_L	0	0	500	86	1270	0	0	0	152	0	540	0	368	0	2412	0	702	0	328	0	1916	0	0	0	0	0	126	0	5476	0	0	0	0	0	0	0	716	0	834	0	1064	0	0	0	0	0	0	0	0	0	0	0	0	0	848	0	0	0	0	0	0	0	0	0	0	0	0	0	0	0	160	0	1366	0	0	0	0	0	0	0	3856	0	0	0	4306	0	1826	0	2766	0	0	0	0	0	0	0	0	0	0	0	0	0	0	0	0	0	0	0	0	0	0	0	0	0	0	0	
67204	Temporal_Pole_Sup_R	0	0	0	98	0	0	0	0	0	0	0	0	0	0	0	2888	0	288	0	0	0	174	0	0	0	0	0	0	0	3008	0	0	0	0	0	0	0	1804	0	1190	0	2200	0	0	0	0	0	0	0	0	0	0	0	0	0	5524	0	0	0	0	0	0	0	0	0	0	0	0	0	0	0	142	0	1424	0	0	0	0	0	266	0	4262	0	0	0	2854	0	3102	0	4378	0	0	0	0	0	0	0	0	0	0	0	0	0	0	0	0	0	0	0	0	0	0	0	0	0	0	
441676	Temporal_Mid_L	7440	0	2656	200	0	0	2364	0	0	0	1010	0	0	0	0	0	3096	0	1270	0	0	0	0	0	0	0	0	0	6974	0	0	120	86	0	786	0	1360	0	104	0	0	0	8016	0	1926	0	924	0	2026	0	36666	0	7006	0	3000	0	5958	0	5502	0	10240	0	8252	0	11464	0	6068	0	8446	0	656	132	1186	0	0	0	0	0	2784	0	27824	0	4306	0	0	0	2810	0	38180	0	0	0	0	0	0	0	0	0	0	0	0	0	0	0	0	0	0	0	0	0	0	0	0	0	0	0	
224576	Temporal_Mid_R	0	2202	0	706	0	0	0	0	0	0	0	0	0	0	0	106	0	216	0	792	0	0	0	0	0	0	0	0	0	2358	0	338	0	848	0	0	0	1338	0	318	0	592	218	5658	0	538	0	5418	0	646	0	14894	0	1264	0	2312	0	3036	0	266	0	2066	0	1162	0	11336	0	3868	0	3388	0	474	0	258	0	0	0	230	0	908	0	16172	0	2854	0	0	0	1484	0	24024	0	0	0	0	0	0	0	0	0	0	0	0	0	0	0	0	0	0	0	0	0	0	0	0	0	0	
16052	Temporal_Pole_Mid_L	0	0	0	0	88	0	0	0	0	0	0	0	0	0	150	0	0	0	0	0	0	0	0	0	0	0	0	0	174	0	0	0	0	0	0	0	0	0	0	0	0	0	0	0	0	0	0	0	0	0	0	0	0	0	666	0	0	0	0	0	0	0	0	0	0	0	0	0	0	0	0	0	0	0	0	0	0	0	0	0	0	0	1826	0	2810	0	0	0	2312	0	0	0	0	0	0	0	0	0	0	0	0	0	0	0	0	0	0	0	0	0	0	0	0	0	0	0	
22124	Temporal_Pole_Mid_R	0	0	0	0	0	0	0	0	0	0	0	0	0	0	0	0	0	0	0	0	0	0	0	0	0	0	0	0	0	0	0	0	0	0	0	0	0	0	0	158	0	0	0	0	0	0	0	0	0	0	0	0	0	0	0	2676	0	0	0	0	0	0	0	0	0	0	0	0	0	0	0	0	0	0	0	0	0	0	0	0	0	390	0	3102	0	1484	0	0	0	3252	0	0	0	0	0	0	0	0	0	0	0	0	0	0	0	0	0	0	0	0	0	0	0	0	0	0	
339336	Temporal_Inf_L	1430	0	4840	0	0	0	1126	0	0	0	118	0	0	0	0	0	1690	0	4474	130	0	0	0	0	0	0	0	0	10092	0	0	0	0	0	142	0	14266	0	772	0	1718	0	104	0	0	0	284	0	286	0	8944	0	6326	0	18738	0	4814	0	4496	0	6050	0	2654	0	4984	0	960	0	1674	0	164	0	6072	0	0	0	0	0	1416	0	15150	0	2766	0	38180	0	2312	0	0	0	1426	0	130	0	0	0	0	0	694	0	118	0	128	0	0	0	0	0	0	0	0	0	0	0	0	0	
209496	Temporal_Inf_R	0	1912	0	768	0	0	0	0	0	0	0	0	0	0	0	0	0	428	0	260	0	92	0	0	0	0	0	0	0	2092	0	380	0	172	0	0	0	7068	0	2172	0	872	0	2186	0	152	0	3334	0	290	0	838	0	3676	0	17452	0	3620	0	404	0	2052	0	2686	0	2558	0	1572	0	2288	0	566	0	2838	0	0	114	1416	0	212	0	8430	0	4378	0	24024	0	3252	0	0	0	194	0	0	0	0	0	0	0	0	0	0	0	0	0	0	0	0	0	0	0	0	0	0	0	0	
327140	Cerebelum_Crus1_L	0	0	0	0	0	0	0	0	0	0	0	0	0	0	0	0	0	0	0	0	0	0	0	0	0	0	0	0	0	0	0	0	0	0	0	0	0	0	0	0	0	0	0	0	0	0	2160	1348	0	0	0	0	160	0	14284	478	0	0	0	0	0	0	0	0	0	0	0	0	0	0	0	0	0	0	0	0	0	0	0	0	0	0	0	0	0	0	0	0	1426	0	0	3798	26428	4134	120	0	5438	442	40100	3336	14366	2008	21272	3184	3714	436	194	0	0	0	728	4130	8162	1034	602	88	
229392	Cerebelum_Crus1_R	0	0	0	0	0	0	0	0	0	0	0	0	0	0	0	0	0	0	0	0	0	0	0	0	0	0	0	0	0	0	0	0	0	0	0	0	0	0	0	0	0	0	0	0	0	0	238	1244	0	0	0	0	0	0	290	4838	0	0	0	0	0	0	0	0	0	0	0	0	0	0	0	0	0	0	0	0	0	0	0	0	0	0	0	0	0	0	0	0	0	194	3798	0	1832	24484	0	260	360	3738	3724	28938	1190	2668	1258	18532	652	500	0	0	0	234	1340	6378	6872	666	468	0	
224828	Cerebelum_Crus2_L	0	0	0	0	0	0	0	0	0	0	0	0	0	0	0	0	0	0	0	0	0	0	0	0	0	0	0	0	0	0	0	0	0	0	0	0	0	0	0	0	0	0	0	0	0	0	136	0	0	0	0	0	0	0	728	0	0	0	0	0	0	0	0	0	0	0	0	0	0	0	0	0	0	0	0	0	0	0	0	0	0	0	0	0	0	0	0	0	130	0	26428	1832	0	4698	0	0	0	0	4220	862	32208	3942	24414	2204	2146	100	0	0	0	0	0	236	6514	1616	0	0	
210468	Cerebelum_Crus2_R	0	0	0	0	0	0	0	0	0	0	0	0	0	0	0	0	0	0	0	0	0	0	0	0	0	0	0	0	0	0	0	0	0	0	0	0	0	0	0	0	0	0	0	0	0	0	0	216	0	0	0	0	0	0	0	208	0	0	0	0	0	0	0	0	0	0	0	0	0	0	0	0	0	0	0	0	0	0	0	0	0	0	0	0	0	0	0	0	0	0	4134	24484	4698	0	0	0	0	0	922	5090	4684	18352	3422	26188	426	1122	0	332	0	0	0	1156	7528	1866	406	0	
9244	Cerebelum_3_L	0	0	0	0	0	0	0	0	0	0	0	0	0	0	0	0	0	0	0	0	0	0	0	0	0	0	0	0	0	0	0	0	0	0	0	0	0	0	194	0	0	0	0	0	0	0	0	0	0	0	0	0	0	0	174	0	0	0	0	0	0	0	0	0	0	0	0	0	0	0	0	0	0	0	0	0	0	0	0	0	0	0	0	0	0	0	0	0	0	0	120	0	0	0	0	0	2630	0	318	0	0	0	0	0	128	0	0	0	366	572	120	0	0	0	0	0	
15184	Cerebelum_3_R	0	0	0	0	0	0	0	0	0	0	0	0	0	0	0	0	0	0	0	0	0	0	0	0	0	0	0	0	0	0	0	0	0	0	0	0	0	0	0	438	0	0	0	0	0	0	0	190	0	0	0	0	0	0	0	540	0	0	0	0	0	0	0	0	0	0	0	0	0	0	0	0	0	0	0	0	0	0	0	0	0	0	0	0	0	0	0	0	0	0	0	260	0	0	0	0	196	1880	0	1400	0	0	0	0	0	452	0	0	204	1306	482	122	0	0	122	0	
163472	Cerebelum_4_5_L	0	0	0	0	0	0	0	0	0	0	0	0	0	0	0	0	0	0	0	0	0	0	0	0	0	0	0	0	0	0	0	0	0	0	0	0	0	0	86	0	0	0	0	0	0	0	4710	2162	0	0	0	0	334	0	9512	478	0	0	0	0	0	0	0	0	0	0	0	0	0	0	0	0	0	0	0	0	0	0	0	0	0	0	0	0	0	0	0	0	0	0	5438	360	0	0	2630	196	0	2056	21840	1948	1386	0	736	0	4904	1326	2384	0	0	440	12762	3106	0	424	1516	1002	
98584	Cerebelum_4_5_R	0	0	0	0	0	0	0	0	0	0	0	0	0	0	0	0	0	0	0	0	0	0	0	0	0	0	0	0	0	0	0	0	0	0	0	0	0	96	0	858	0	0	0	0	0	0	170	3160	0	0	0	0	0	0	340	5310	0	0	0	0	0	0	0	0	0	0	0	0	0	0	0	0	0	0	0	0	0	0	0	0	0	0	0	0	0	0	0	0	0	0	442	3738	0	0	0	1880	2056	0	1850	16166	146	0	210	152	618	490	0	86	0	2122	6966	1832	218	0	92	294	
333972	Cerebelum_6_L	0	0	0	0	0	0	0	0	0	0	0	0	0	0	0	0	0	0	0	0	0	0	0	0	0	0	0	0	0	0	0	0	0	0	0	0	134	0	136	0	0	0	0	0	0	0	6478	4572	0	0	176	0	1224	0	22992	1480	0	0	0	0	0	0	0	0	0	0	0	0	0	0	0	0	0	0	0	0	0	0	0	0	0	0	0	0	0	0	0	0	694	0	40100	3724	4220	922	318	0	21840	1850	0	6090	5044	0	9012	1180	5826	866	1932	0	0	0	8264	10970	4038	898	1414	592	
237552	Cerebelum_6_R	0	0	0	0	0	0	0	0	0	0	0	0	0	0	0	0	0	0	0	0	0	0	0	0	0	0	0	0	0	0	0	0	0	0	0	0	0	0	0	0	0	0	0	0	0	0	584	4890	0	0	0	0	0	0	502	11194	0	0	0	0	0	0	0	0	0	0	0	0	0	0	0	0	0	0	0	0	0	0	0	0	0	0	0	0	0	0	0	0	0	0	3336	28938	862	5090	0	1400	1948	16166	6090	0	642	1242	902	4854	1530	1168	0	412	124	1920	6398	10500	5994	1098	992	0	
220368	Cerebelum_7b_L	0	0	0	0	0	0	0	0	0	0	0	0	0	0	0	0	0	0	0	0	0	0	0	0	0	0	0	0	0	0	0	0	0	0	0	0	0	0	0	0	0	0	0	0	0	0	0	98	0	0	0	0	0	0	250	0	0	0	0	0	0	0	0	0	0	0	0	0	0	0	0	0	0	0	0	0	0	0	0	0	0	0	0	0	0	0	0	0	118	0	14366	1190	32208	4684	0	0	1386	146	5044	642	0	4102	28312	2596	2306	388	1256	0	0	0	954	536	6102	2946	298	256	
108032	Cerebelum_7b_R	0	0	0	0	0	0	0	0	0	0	0	0	0	0	0	0	0	0	0	0	0	0	0	0	0	0	0	0	0	0	0	0	0	0	0	0	0	0	0	0	0	0	0	0	0	0	0	0	0	0	0	0	0	0	0	0	0	0	0	0	0	0	0	0	0	0	0	0	0	0	0	0	0	0	0	0	0	0	0	0	0	0	0	0	0	0	0	0	0	0	2008	2668	3942	18352	0	0	0	0	0	1242	4102	0	2444	12902	0	562	0	0	0	0	0	0	3638	2156	0	0	
247064	Cerebelum_8_L	0	0	0	0	0	0	0	0	0	0	0	0	0	0	0	0	0	0	0	0	0	0	0	0	0	0	0	0	0	0	0	0	0	0	0	0	0	0	0	0	0	0	0	0	0	0	0	328	0	0	0	0	0	0	550	86	0	0	0	0	0	0	0	0	0	0	0	0	0	0	0	0	0	0	0	0	0	0	0	0	0	0	0	0	0	0	0	0	128	0	21272	1258	24414	3422	0	0	736	210	9012	902	28312	2444	0	3468	12520	1268	284	0	0	0	294	952	5702	4716	1254	0	
198380	Cerebelum_8_R	0	0	0	0	0	0	0	0	0	0	0	0	0	0	0	0	0	0	0	0	0	0	0	0	0	0	0	0	0	0	0	0	0	0	0	0	0	0	0	0	0	0	0	0	0	0	0	574	0	0	0	0	0	0	0	344	0	0	0	0	0	0	0	0	0	0	0	0	0	0	0	0	0	0	0	0	0	0	0	0	0	0	0	0	0	0	0	0	0	0	3184	18532	2204	26188	0	0	0	152	1180	4854	2596	12902	3468	0	1026	8746	0	144	0	0	94	2010	6864	3014	1114	0	
107596	Cerebelum_9_L	0	0	0	0	0	0	0	0	0	0	0	0	0	0	0	0	0	0	0	0	0	0	0	0	0	0	0	0	0	0	0	0	0	0	0	0	0	0	0	0	0	0	0	0	0	0	0	1308	0	0	0	0	0	0	236	572	0	0	0	0	0	0	0	0	0	0	0	0	0	0	0	0	0	0	0	0	0	0	0	0	0	0	0	0	0	0	0	0	0	0	3714	652	2146	426	128	0	4904	618	5826	1530	2306	0	12520	1026	0	1618	2492	0	0	0	3564	2888	1598	1484	1842	400	
69172	Cerebelum_9_R	0	0	0	0	0	0	0	0	0	0	0	0	0	0	0	0	0	0	0	0	0	0	0	0	0	0	0	0	0	0	0	0	0	0	0	0	0	0	0	0	0	0	0	0	0	0	0	212	0	0	0	0	0	0	0	192	0	0	0	0	0	0	0	0	0	0	0	0	0	0	0	0	0	0	0	0	0	0	0	0	0	0	0	0	0	0	0	0	0	0	436	500	100	1122	0	452	1326	490	866	1168	388	562	1268	8746	1618	0	310	1046	272	466	2040	2376	1558	2388	3636	1048	
23376	Cerebelum_10_L	0	0	0	0	0	0	0	0	0	0	0	0	0	0	0	0	0	0	0	0	0	0	0	0	0	0	0	0	0	0	0	0	0	0	0	0	0	0	0	0	0	0	0	0	0	0	0	128	0	0	0	0	0	0	118	0	0	0	0	0	0	0	0	0	0	0	0	0	0	0	0	0	0	0	0	0	0	0	0	0	0	0	0	0	0	0	0	0	0	0	194	0	0	0	0	0	2384	0	1932	0	1256	0	284	0	2492	310	0	0	0	0	1366	586	0	0	412	226	
4604	Cerebelum_10_R	0	0	0	0	0	0	0	0	0	0	0	0	0	0	0	0	0	0	0	0	0	0	0	0	0	0	0	0	0	0	0	0	0	0	0	0	0	0	0	0	0	0	0	0	0	0	0	0	0	0	0	0	0	0	0	0	0	0	0	0	0	0	0	0	0	0	0	0	0	0	0	0	0	0	0	0	0	0	0	0	0	0	0	0	0	0	0	0	0	0	0	0	0	332	0	0	0	86	0	412	0	0	0	144	0	1046	0	0	0	0	96	90	0	0	96	0	
8744	Vermis_1_2	0	0	0	0	0	0	0	0	0	0	0	0	0	0	0	0	0	0	0	0	0	0	0	0	0	0	0	0	0	0	0	0	0	0	0	0	0	0	164	0	0	0	0	0	0	0	0	0	0	0	0	0	0	0	0	0	0	0	0	0	0	0	0	0	0	0	0	0	0	0	0	0	0	0	0	0	0	0	0	0	0	0	0	0	0	0	0	0	0	0	0	0	0	0	366	204	0	0	0	124	0	0	0	0	0	272	0	0	0	3062	180	0	0	0	0	0	
25712	Vermis_3	0	0	0	0	0	0	0	0	0	0	0	0	0	0	0	0	0	0	0	0	0	0	0	0	0	0	0	0	0	0	0	0	0	0	0	0	162	0	386	0	0	0	0	0	0	0	0	210	0	0	0	0	0	0	0	214	0	0	0	0	0	0	0	0	0	0	0	0	0	0	0	0	0	0	0	0	0	0	0	0	0	0	0	0	0	0	0	0	0	0	0	234	0	0	572	1306	440	2122	0	1920	0	0	0	0	0	466	0	0	3062	0	1762	0	0	0	0	0	
137012	Vermis_4_5	0	0	0	0	0	0	0	0	0	0	0	0	0	0	0	0	0	0	0	0	0	0	0	0	0	0	0	0	0	0	0	0	0	0	0	540	0	572	0	470	0	0	0	218	0	0	1746	4340	0	0	0	0	326	0	1998	1412	0	0	0	0	0	0	0	0	0	0	0	740	0	0	0	0	0	0	0	0	0	0	0	0	0	0	0	0	0	0	0	0	0	0	728	1340	0	0	120	482	12762	6966	8264	6398	954	0	294	94	3564	2040	1366	96	180	1762	0	4834	154	480	1864	1402	
152040	Vermis_6	0	0	0	0	0	0	0	0	0	0	0	0	0	0	0	0	0	0	0	0	0	0	0	0	0	0	0	0	0	0	0	0	0	0	0	0	0	0	0	0	0	0	0	0	0	0	1406	5800	0	0	0	0	286	0	1842	2970	0	0	0	0	0	0	0	0	0	0	0	0	0	0	0	0	0	0	0	0	0	0	0	0	0	0	0	0	0	0	0	0	0	0	4130	6378	236	1156	0	122	3106	1832	10970	10500	536	0	952	2010	2888	2376	586	90	0	0	4834	0	5322	1662	3058	972	
155616	Vermis_7	0	0	0	0	0	0	0	0	0	0	0	0	0	0	0	0	0	0	0	0	0	0	0	0	0	0	0	0	0	0	0	0	0	0	0	0	0	0	0	0	0	0	0	0	0	0	110	1056	0	0	0	0	0	0	244	800	0	0	0	0	0	0	0	0	0	0	0	0	0	0	0	0	0	0	0	0	0	0	0	0	0	0	0	0	0	0	0	0	0	0	8162	6872	6514	7528	0	0	0	218	4038	5994	6102	3638	5702	6864	1598	1558	0	0	0	0	154	5322	0	3604	1730	0	
