data	data	347656	274304	642348	558908	128204	64980	452280	216312	65772	9780	157016	175688	185768	88656	165796	82752	175432	89492	691980	770724	140052	140136	282584	311640	42312	99628	70280	103140	491872	280476	240732	478180	119192	435432	131008	158696	312812	366888	69620	265044	74468	76280	241684	340836	201148	373716	234308	308140	256292	362712	528532	293028	206160	272520	403828	632468	280660	261060	182232	172388	272268	205012	146616	103664	181008	203504	249520	459460	289356	203408	303548	375016	353020	389496	33252	28744	134184	159088	74852	23248	239888	104280	111308	72960	274984	199372	23120	27596	305064	200308	575972	515200	390924	370272	38624	166416	393712	392824	551364	624364	227256	115408	317084	346528	118536	134520	20492	11432	36996	141508	255996	281744	303260	194192	139124	63740	
data	data	Precentral_L	Precentral_R	Frontal_Sup_L	Frontal_Sup_R	Frontal_Sup_Orb_L	Frontal_Sup_Orb_R	Frontal_Mid_L	Frontal_Mid_R	Frontal_Mid_Orb_L	Frontal_Mid_Orb_R	Frontal_Inf_Oper_L	Frontal_Inf_Oper_R	Frontal_Inf_Tri_L	Frontal_Inf_Tri_R	Frontal_Inf_Orb_L	Frontal_Inf_Orb_R	Rolandic_Oper_L	Rolandic_Oper_R	Supp_Motor_Area_L	Supp_Motor_Area_R	Olfactory_L	Olfactory_R	Frontal_Sup_Medial_L	Frontal_Sup_Medial_R	Frontal_Med_Orb_L	Frontal_Med_Orb_R	Rectus_L	Rectus_R	Insula_L	Insula_R	Cingulum_Ant_L	Cingulum_Ant_R	Cingulum_Mid_L	Cingulum_Mid_R	Cingulum_Post_L	Cingulum_Post_R	Hippocampus_L	Hippocampus_R	ParaHippocampal_L	ParaHippocampal_R	Amygdala_L	Amygdala_R	Calcarine_L	Calcarine_R	Cuneus_L	Cuneus_R	Lingual_L	Lingual_R	Occipital_Sup_L	Occipital_Sup_R	Occipital_Mid_L	Occipital_Mid_R	Occipital_Inf_L	Occipital_Inf_R	Fusiform_L	Fusiform_R	Postcentral_L	Postcentral_R	Parietal_Sup_L	Parietal_Sup_R	Parietal_Inf_L	Parietal_Inf_R	SupraMarginal_L	SupraMarginal_R	Angular_L	Angular_R	Precuneus_L	Precuneus_R	Paracentral_Lobule_L	Paracentral_Lobule_R	Caudate_L	Caudate_R	Putamen_L	Putamen_R	Pallidum_L	Pallidum_R	Thalamus_L	Thalamus_R	Heschl_L	Heschl_R	Temporal_Sup_L	Temporal_Sup_R	Temporal_Pole_Sup_L	Temporal_Pole_Sup_R	Temporal_Mid_L	Temporal_Mid_R	Temporal_Pole_Mid_L	Temporal_Pole_Mid_R	Temporal_Inf_L	Temporal_Inf_R	Cerebelum_Crus1_L	Cerebelum_Crus1_R	Cerebelum_Crus2_L	Cerebelum_Crus2_R	Cerebelum_3_L	Cerebelum_3_R	Cerebelum_4_5_L	Cerebelum_4_5_R	Cerebelum_6_L	Cerebelum_6_R	Cerebelum_7b_L	Cerebelum_7b_R	Cerebelum_8_L	Cerebelum_8_R	Cerebelum_9_L	Cerebelum_9_R	Cerebelum_10_L	Cerebelum_10_R	Vermis_1_2	Vermis_3	Vermis_4_5	Vermis_6	Vermis_7	Vermis_8	Vermis_9	Vermis_10	
347656	Precentral_L	0	200	7620	1834	0	0	13564	108	0	0	7364	0	1678	0	0	0	8612	0	12232	6232	0	0	264	0	0	0	0	0	12558	0	134	86	0	1032	498	190	9058	174	610	0	0	0	142	0	0	0	110	0	0	0	2356	0	2252	0	2726	0	25258	0	204	0	2372	0	2622	0	322	0	82	0	15916	764	5764	0	8394	0	1550	0	6502	180	4024	0	3888	0	0	0	1780	0	0	0	2572	0	0	0	0	0	0	0	0	0	0	0	0	0	0	0	0	0	0	0	0	0	0	0	0	0	0	0	
274304	Precentral_R	200	0	0	5760	0	0	0	13468	0	0	0	8402	0	824	0	162	0	1860	782	6028	0	0	114	578	0	0	0	0	126	2900	76	3520	0	5184	1738	3268	1256	6370	0	2540	0	0	0	2774	0	1182	0	992	0	852	0	722	0	10540	230	5966	110	19806	0	0	0	1214	0	2068	0	374	0	3104	582	7676	732	1262	0	4756	0	246	126	1090	0	186	0	1004	0	0	0	1178	0	0	246	2978	0	0	0	0	0	0	0	0	0	0	0	0	0	0	0	0	0	0	0	0	0	0	0	0	0	0	
642348	Frontal_Sup_L	7620	0	0	2798	8592	0	70364	98	4112	0	9030	0	15864	0	9160	0	5518	0	58742	8782	1172	192	37026	2506	1088	0	908	0	16502	0	10060	2876	4908	3746	90	0	3008	0	102	0	338	0	0	0	0	0	0	0	0	0	0	0	72	0	276	0	1318	0	0	0	0	0	0	0	0	0	0	0	1574	0	4360	204	19708	142	1464	0	1462	0	350	0	3250	0	1324	0	72	0	0	0	396	0	0	0	0	0	0	0	0	0	0	0	0	0	0	0	0	0	0	0	0	0	0	0	0	0	0	0	
558908	Frontal_Sup_R	1834	5760	2798	0	0	2752	1364	30890	0	470	356	9838	126	5306	116	3480	0	4122	7494	38350	348	1684	8354	35014	210	4080	222	3554	848	7296	5532	37744	706	13148	0	0	182	2202	0	1652	0	434	0	0	0	0	0	0	0	0	0	0	0	78	0	996	1246	712	0	0	0	1064	0	1244	0	0	0	0	412	0	3628	13704	570	12830	0	988	368	2214	0	0	72	308	0	550	0	0	0	0	0	204	0	0	0	0	0	0	0	0	0	0	0	0	0	0	0	0	0	0	0	0	0	0	0	0	0	0	
128204	Frontal_Sup_Orb_L	0	0	8592	0	0	292	1554	0	9708	0	0	0	112	0	9242	0	0	0	0	0	3096	322	2242	0	5012	376	7014	106	3442	0	4692	134	0	0	0	0	0	0	122	0	464	0	0	0	0	0	0	0	0	0	0	0	0	0	0	0	0	0	0	0	0	0	0	0	0	0	0	0	0	0	1590	180	5592	0	0	0	0	0	0	0	0	0	218	0	0	0	0	0	0	0	0	0	0	0	0	0	0	0	0	0	0	0	0	0	0	0	0	0	0	0	0	0	0	0	0	0	
64980	Frontal_Sup_Orb_R	0	0	0	2752	292	0	0	96	0	1584	0	0	0	0	0	742	0	0	0	0	198	1408	376	3248	1096	8428	472	6782	0	326	978	1402	0	0	0	0	0	0	0	0	0	214	0	0	0	0	0	0	0	0	0	0	0	0	0	0	0	0	0	0	0	0	0	0	0	0	0	0	0	0	162	1332	86	516	0	0	0	0	0	0	0	0	0	0	0	0	0	0	0	0	0	0	0	0	0	0	0	0	0	0	0	0	0	0	0	0	0	0	0	0	0	0	0	0	0	0	
452280	Frontal_Mid_L	13564	0	70364	1364	1554	0	0	0	3284	0	6328	0	31300	0	9428	0	3102	0	21884	3780	790	160	13158	636	0	0	106	0	14334	0	2034	634	1394	752	0	0	1850	0	88	0	330	0	112	0	0	0	0	0	0	0	1180	0	1070	0	784	0	4912	0	0	0	304	0	748	0	0	0	0	0	0	0	2294	128	8574	0	314	0	484	0	550	0	1184	0	450	0	398	0	0	0	436	0	0	0	0	0	0	0	0	0	0	0	0	0	0	0	0	0	0	0	0	0	0	0	0	0	0	0	
216312	Frontal_Mid_R	108	13468	98	30890	0	96	0	0	0	548	0	9608	0	10172	0	4704	0	474	1714	3770	118	482	814	4946	0	0	0	490	114	2606	370	11452	88	3098	0	0	0	388	0	166	0	100	0	0	0	0	0	0	0	80	0	82	0	172	0	144	86	520	0	0	0	496	0	564	0	294	0	0	0	0	332	1722	0	1870	0	0	0	370	0	0	0	224	0	0	0	318	0	0	0	0	0	0	0	0	0	0	0	0	0	0	0	0	0	0	0	0	0	0	0	0	0	0	0	0	0	0	
65772	Frontal_Mid_Orb_L	0	0	4112	0	9708	0	3284	0	0	0	0	0	562	0	9700	0	0	0	0	0	376	0	0	0	230	0	1058	0	1084	0	0	0	0	0	0	0	0	0	0	0	98	0	0	0	0	0	0	0	0	0	0	0	0	0	0	0	0	0	0	0	0	0	0	0	0	0	0	0	0	0	138	0	2424	0	0	0	0	0	0	0	0	0	112	0	0	0	0	0	0	0	0	0	0	0	0	0	0	0	0	0	0	0	0	0	0	0	0	0	0	0	0	0	0	0	0	0	
9780	Frontal_Mid_Orb_R	0	0	0	470	0	1584	0	548	0	0	0	0	0	566	0	1722	0	0	0	0	0	0	0	0	0	0	0	0	0	0	0	0	0	0	0	0	0	0	0	0	0	0	0	0	0	0	0	0	0	0	0	0	0	0	0	0	0	0	0	0	0	0	0	0	0	0	0	0	0	0	0	0	0	0	0	0	0	0	0	0	0	0	0	0	0	0	0	0	0	0	0	0	0	0	0	0	0	0	0	0	0	0	0	0	0	0	0	0	0	0	0	0	0	0	0	0	
157016	Frontal_Inf_Oper_L	7364	0	9030	356	0	0	6328	0	0	0	0	0	8962	0	0	0	8490	0	8432	570	0	0	908	98	0	0	0	0	12494	0	530	140	0	74	0	0	744	0	0	0	0	0	0	0	0	0	0	0	0	0	222	0	278	0	318	0	1726	0	0	0	280	0	776	0	172	0	0	0	0	0	484	0	992	0	0	0	0	0	430	0	5152	0	2588	0	230	0	0	0	340	0	0	0	0	0	0	0	0	0	0	0	0	0	0	0	0	0	0	0	0	0	0	0	0	0	0	0	
175688	Frontal_Inf_Oper_R	0	8402	0	9838	0	0	0	9608	0	0	0	0	0	6998	0	176	0	6214	582	8898	0	0	94	284	0	0	0	0	0	12072	72	2670	0	520	0	0	0	2380	0	794	0	0	0	284	0	146	0	186	0	158	0	100	0	1670	0	914	0	1070	0	0	0	294	0	312	0	264	0	162	0	0	84	1436	0	7798	0	0	0	272	0	0	0	966	0	1490	0	412	0	0	0	224	0	0	0	0	0	0	0	0	0	0	0	0	0	0	0	0	0	0	0	0	0	0	0	0	0	0	
185768	Frontal_Inf_Tri_L	1678	0	15864	126	112	0	31300	0	562	0	8962	0	0	0	9422	0	568	0	6222	388	236	0	1916	90	0	0	0	0	10168	0	584	146	102	80	0	0	94	0	0	0	90	0	0	0	0	0	0	0	0	0	126	0	0	0	0	0	88	0	0	0	0	0	0	0	0	0	0	0	0	0	602	0	1574	0	0	0	0	0	0	0	638	0	1146	0	0	0	0	0	0	0	0	0	0	0	0	0	0	0	0	0	0	0	0	0	0	0	0	0	0	0	0	0	0	0	0	0	
88656	Frontal_Inf_Tri_R	0	824	0	5306	0	0	0	10172	0	566	0	6998	0	0	0	2806	0	100	606	2972	0	0	0	512	0	0	0	0	0	6952	0	238	0	110	0	0	0	210	0	192	0	0	0	0	0	0	0	0	0	0	0	0	0	0	0	176	0	0	0	0	0	128	0	152	0	0	0	0	0	0	0	934	0	4284	0	0	0	0	0	0	0	90	0	0	0	0	0	0	0	0	0	0	0	0	0	0	0	0	0	0	0	0	0	0	0	0	0	0	0	0	0	0	0	0	0	0	
165796	Frontal_Inf_Orb_L	0	0	9160	116	9242	0	9428	0	9700	0	0	0	9422	0	0	0	0	0	1156	550	4604	766	164	0	304	0	1922	168	11498	0	712	268	0	0	0	0	0	0	304	0	1332	0	0	0	0	0	0	0	0	0	0	0	0	0	0	0	0	0	0	0	0	0	0	0	0	0	0	0	0	0	2796	396	7358	86	0	0	122	0	0	0	0	0	1324	0	0	0	0	0	0	0	0	0	0	0	0	0	0	0	0	0	0	0	0	0	0	0	0	0	0	0	0	0	0	0	0	0	
82752	Frontal_Inf_Orb_R	0	162	0	3480	0	742	0	4704	0	1722	0	176	0	2806	0	0	0	0	246	910	508	2040	0	1142	0	532	0	1512	266	6912	352	676	0	0	0	0	0	196	0	480	76	1328	0	0	0	0	0	0	0	0	0	0	0	0	0	1282	0	0	0	0	0	0	0	0	0	0	0	0	0	0	350	3792	256	2392	0	0	0	94	0	0	0	0	0	1518	0	0	0	512	0	212	0	0	0	0	0	0	0	0	0	0	0	0	0	0	0	0	0	0	0	0	0	0	0	0	0	0	
175432	Rolandic_Oper_L	8612	0	5518	0	0	0	3102	0	0	0	8490	0	568	0	0	0	0	0	5300	182	0	0	0	0	0	0	0	0	13728	0	0	0	0	0	0	0	836	0	0	0	0	0	0	0	0	0	0	0	0	0	178	0	544	0	1104	0	10942	0	0	0	1350	0	4156	0	208	0	0	0	122	0	366	0	546	0	0	0	0	0	4218	0	13452	0	1962	0	640	0	0	0	1592	0	0	0	0	0	0	0	0	0	0	0	0	0	0	0	0	0	0	0	0	0	0	0	0	0	0	0	
89492	Rolandic_Oper_R	0	1860	0	4122	0	0	0	474	0	0	0	6214	0	100	0	0	0	0	0	5106	0	0	0	0	0	0	0	0	0	11332	0	208	0	104	0	0	0	1194	0	324	0	0	0	0	0	0	0	0	0	0	0	0	0	694	0	290	0	2824	0	0	0	174	0	2412	0	186	0	0	0	0	78	360	0	1934	0	0	0	294	0	454	0	2006	0	1330	0	462	0	0	0	210	0	0	0	0	0	0	0	0	0	0	0	0	0	0	0	0	0	0	0	0	0	0	0	0	0	0	
691980	Supp_Motor_Area_L	12232	782	58742	7494	0	0	21884	1714	0	0	8432	582	6222	606	1156	246	5300	0	0	55044	0	0	9084	4710	0	0	0	0	17310	1350	7224	9542	9870	23368	430	222	5116	1366	162	970	0	0	0	0	0	0	0	0	0	0	0	0	0	0	488	634	1440	128	0	0	0	0	0	82	0	0	0	0	26450	202	8034	5630	7640	4976	876	1054	9790	224	174	0	4912	0	938	0	94	0	0	0	978	0	0	0	0	0	0	0	0	86	0	0	0	0	0	0	0	0	0	0	0	0	0	0	0	0	0	0	
770724	Supp_Motor_Area_R	6232	6028	8782	38350	0	0	3780	3770	0	0	570	8898	388	2972	550	910	182	5106	55044	0	0	0	2224	6542	0	0	0	0	1878	8390	2380	20800	5060	47532	4664	6960	3476	10868	82	5454	0	0	0	0	0	106	0	282	0	0	0	0	124	414	298	4442	1014	2128	0	0	0	238	0	322	0	0	116	1898	20276	16038	6158	23238	614	12262	84	2336	1702	20246	434	0	268	250	0	1234	0	0	0	0	326	346	0	0	0	0	0	0	0	296	0	0	0	0	0	0	0	0	0	0	0	0	0	0	0	0	0	0	
140052	Olfactory_L	0	0	1172	348	3096	198	790	118	376	0	0	0	236	0	4604	508	0	0	0	0	0	7394	82	244	586	206	3688	1898	8854	1268	2990	2526	0	0	0	0	744	0	522	0	4150	724	0	0	0	0	0	0	0	0	0	0	0	0	0	0	0	0	0	0	0	0	0	0	0	0	0	0	0	0	9054	4240	5700	1456	0	0	0	0	0	0	142	0	2028	0	0	0	0	0	84	0	0	0	0	0	0	0	0	0	0	0	0	0	0	0	0	0	0	0	0	0	0	0	0	0	0	0	
140136	Olfactory_R	0	0	192	1684	322	1408	160	482	0	0	0	0	0	0	766	2040	0	0	0	0	7394	0	0	1160	0	1430	1164	5026	2862	3940	2674	4320	0	0	0	0	220	0	0	0	1524	1372	0	0	0	0	0	0	0	0	0	0	0	0	0	0	0	0	0	0	0	0	0	0	0	0	0	0	0	0	9650	8616	7358	3050	96	0	0	0	0	0	86	0	1072	0	0	0	0	0	0	0	0	0	0	0	0	0	0	0	0	0	0	0	0	0	0	0	0	0	0	0	0	0	0	0	0	0	
282584	Frontal_Sup_Medial_L	264	114	37026	8354	2242	376	13158	814	0	0	908	94	1916	0	164	0	0	0	9084	2224	82	0	0	17772	1450	604	240	0	1102	0	12526	10264	3430	8874	0	0	0	0	0	0	0	0	0	0	0	0	0	0	0	0	0	0	0	0	0	0	0	0	0	0	0	0	0	0	0	0	0	0	0	0	2954	92	4828	256	0	0	0	0	0	0	80	0	0	0	0	0	0	0	0	0	0	0	0	0	0	0	0	0	0	0	0	0	0	0	0	0	0	0	0	0	0	0	0	0	0	0	
311640	Frontal_Sup_Medial_R	0	578	2506	35014	0	3248	636	4946	0	0	98	284	90	512	0	1142	0	0	4710	6542	244	1160	17772	0	418	8264	350	4072	156	1396	8272	25478	656	12494	0	0	0	0	0	0	0	200	0	0	0	0	0	0	0	0	0	0	0	0	0	0	0	0	0	0	0	0	0	0	0	0	0	0	0	0	656	6044	468	7218	0	118	0	78	0	0	0	0	0	0	0	0	0	0	0	0	0	0	0	0	0	0	0	0	0	0	0	0	0	0	0	0	0	0	0	0	0	0	0	0	0	0	
42312	Frontal_Med_Orb_L	0	0	1088	210	5012	1096	0	0	230	0	0	0	0	0	304	0	0	0	0	0	586	0	1450	418	0	1910	3364	226	120	0	3870	194	0	0	0	0	0	0	0	0	0	0	0	0	0	0	0	0	0	0	0	0	0	0	0	0	0	0	0	0	0	0	0	0	0	0	0	0	0	0	778	0	300	0	0	0	0	0	0	0	0	0	0	0	0	0	0	0	0	0	0	0	0	0	0	0	0	0	0	0	0	0	0	0	0	0	0	0	0	0	0	0	0	0	0	0	
99628	Frontal_Med_Orb_R	0	0	0	4080	376	8428	0	0	0	0	0	0	0	0	0	532	0	0	0	0	206	1430	604	8264	1910	0	674	9346	120	492	3320	6268	0	0	0	0	0	0	0	0	0	208	0	0	0	0	0	0	0	0	0	0	0	0	0	0	0	0	0	0	0	0	0	0	0	0	0	0	0	0	244	1530	174	1608	0	0	0	0	0	0	0	0	0	0	0	0	0	0	0	0	0	0	0	0	0	0	0	0	0	0	0	0	0	0	0	0	0	0	0	0	0	0	0	0	0	0	
70280	Rectus_L	0	0	908	222	7014	472	106	0	1058	0	0	0	0	0	1922	0	0	0	0	0	3688	1164	240	350	3364	674	0	622	1524	0	4526	1432	0	0	0	0	0	0	96	0	336	0	0	0	0	0	0	0	0	0	0	0	0	0	0	0	0	0	0	0	0	0	0	0	0	0	0	0	0	0	3036	564	1286	384	0	0	0	0	0	0	0	0	152	0	0	0	0	0	0	0	0	0	0	0	0	0	0	0	0	0	0	0	0	0	0	0	0	0	0	0	0	0	0	0	0	0	
103140	Rectus_R	0	0	0	3554	106	6782	0	490	0	0	0	0	0	0	168	1512	0	0	0	0	1898	5026	0	4072	226	9346	622	0	644	2074	1678	4992	0	0	0	0	0	0	0	0	144	1042	0	0	0	0	0	0	0	0	0	0	0	0	0	0	0	0	0	0	0	0	0	0	0	0	0	0	0	0	1360	2928	870	1914	0	0	0	0	0	0	0	0	122	0	0	0	0	0	0	0	0	0	0	0	0	0	0	0	0	0	0	0	0	0	0	0	0	0	0	0	0	0	0	0	0	0	
491872	Insula_L	12558	126	16502	848	3442	0	14334	114	1084	0	12494	0	10168	0	11498	266	13728	0	17310	1878	8854	2862	1102	156	120	120	1524	644	0	564	994	614	144	0	230	208	19006	232	1286	0	6856	238	0	0	0	0	0	0	0	0	570	0	736	0	4672	0	6160	0	92	0	582	0	2094	0	104	0	0	0	1106	0	7082	1962	20404	450	0	0	732	226	7292	0	12416	0	8992	0	1526	0	120	0	6514	0	0	0	0	0	0	0	0	0	0	0	0	0	0	0	0	0	0	0	0	0	0	0	0	0	0	0	
280476	Insula_R	0	2900	0	7296	0	326	0	2606	0	0	0	12072	0	6952	0	6912	0	11332	1350	8390	1268	3940	0	1396	0	492	0	2074	564	0	390	978	0	818	180	162	216	9520	0	5540	200	4306	0	124	0	0	0	194	0	0	0	0	0	330	0	4926	0	1218	0	0	0	94	0	154	0	112	0	296	0	96	1078	3872	866	23272	0	238	0	504	0	1052	0	3916	160	2650	0	1692	0	0	0	482	0	0	0	0	0	0	0	732	0	0	0	0	0	0	0	0	0	0	0	0	0	0	0	0	0	0	
240732	Cingulum_Ant_L	134	76	10060	5532	4692	978	2034	370	0	0	530	72	584	0	712	352	0	0	7224	2380	2990	2674	12526	8272	3870	3320	4526	1678	994	390	0	18138	3454	2722	0	0	0	0	0	0	170	228	0	0	0	0	0	0	0	0	0	0	0	0	0	0	0	0	0	0	0	0	0	0	0	0	0	0	0	0	6694	3418	5528	2628	0	0	0	0	0	0	152	0	264	0	0	0	0	0	0	0	0	0	0	0	0	0	0	0	0	0	0	0	0	0	0	0	0	0	0	0	0	0	0	0	0	0	
478180	Cingulum_Ant_R	86	3520	2876	37744	134	1402	634	11452	0	0	140	2670	146	238	268	676	0	208	9542	20800	2526	4320	10264	25478	194	6268	1432	4992	614	978	18138	0	3032	23110	0	0	0	0	0	0	218	426	0	0	0	0	0	0	0	0	0	0	0	0	0	0	0	344	0	0	0	732	0	830	0	0	0	0	0	0	3934	19444	2078	16140	0	584	0	0	0	0	0	218	260	0	0	0	0	0	0	0	0	0	0	0	0	0	0	0	0	0	0	0	0	0	0	0	0	0	0	0	0	0	0	0	0	0	
119192	Cingulum_Mid_L	0	0	4908	706	0	0	1394	88	0	0	0	0	102	0	0	0	0	0	9870	5060	0	0	3430	656	0	0	0	0	144	0	3454	3032	0	10100	4384	748	120	0	0	0	0	0	704	0	1566	0	0	0	484	0	286	0	74	0	204	0	0	80	376	0	0	0	0	0	0	0	4340	772	2186	328	0	0	0	0	0	0	0	0	0	0	0	0	0	0	0	0	0	0	0	0	0	0	0	0	0	0	0	0	0	0	0	0	0	0	0	0	0	0	0	0	0	0	0	0	0	0	
435432	Cingulum_Mid_R	1032	5184	3746	13148	0	0	752	3098	0	0	74	520	80	110	0	0	0	104	23368	47532	0	0	8874	12494	0	0	0	0	0	818	2722	23110	10100	0	3064	9958	0	932	0	646	0	0	0	520	0	430	0	608	0	0	0	0	0	384	0	1326	0	3032	0	100	0	210	0	108	0	0	660	7406	11030	14926	0	1754	0	1876	0	0	148	1246	0	0	0	126	0	0	0	0	0	0	0	360	0	0	0	0	0	0	0	0	0	0	0	0	0	0	0	0	0	0	0	0	0	0	0	0	0	0	
131008	Cingulum_Post_L	498	1738	90	0	0	0	0	0	0	0	0	0	0	0	0	0	0	0	430	4664	0	0	0	0	0	0	0	0	230	180	0	0	4384	3064	0	10436	6268	5194	912	1256	0	0	1512	0	866	0	1238	350	452	0	394	0	388	0	1448	542	190	228	76	0	0	0	0	0	0	0	5814	1472	4354	2562	0	0	0	0	0	0	220	2614	420	0	0	0	0	0	0	0	0	0	908	0	0	0	0	0	0	0	0	0	0	0	0	0	0	0	0	0	0	0	0	0	112	0	0	0	0	0	
158696	Cingulum_Post_R	190	3268	0	0	0	0	0	0	0	0	0	0	0	0	0	0	0	0	222	6960	0	0	0	0	0	0	0	0	208	162	0	0	748	9958	10436	0	5234	5986	240	1942	0	0	0	1390	0	756	0	1992	0	0	0	0	78	280	626	1056	0	2412	0	0	0	0	0	0	0	0	1124	10942	1686	6848	0	0	0	0	0	0	328	2458	402	0	0	0	0	0	0	0	0	0	698	156	0	0	0	0	0	0	0	0	0	0	0	0	0	0	0	0	0	0	0	0	562	0	0	0	0	0	
312812	Hippocampus_L	9058	1256	3008	182	0	0	1850	0	0	0	744	0	94	0	0	0	836	0	5116	3476	744	220	0	0	0	0	0	0	19006	216	0	0	120	0	6268	5234	0	5258	9690	1350	6382	0	774	0	0	0	2402	356	0	0	506	0	738	0	12018	590	898	0	0	0	0	0	88	0	0	0	1934	694	7194	722	1596	328	9684	0	516	0	5702	4514	2916	0	2768	0	1460	0	2746	0	86	0	13810	0	336	0	128	0	0	0	354	0	334	0	0	0	0	0	0	0	0	0	0	0	106	0	0	0	0	0	
366888	Hippocampus_R	174	6370	0	2202	0	0	0	388	0	0	0	2380	0	210	0	196	0	1194	1366	10868	0	0	0	0	0	0	0	0	232	9520	0	0	0	932	5194	5986	5258	0	192	38288	0	7084	0	1756	0	84	0	4066	0	0	0	0	100	932	586	33608	0	518	0	0	0	0	0	0	0	0	230	4850	902	1490	0	594	0	16722	0	766	122	4984	446	1522	0	2594	0	90	0	1432	0	0	696	2330	0	196	0	0	0	0	0	2854	0	408	0	0	0	0	0	0	0	0	0	0	532	0	0	0	0	0	
69620	ParaHippocampal_L	610	0	102	0	122	0	88	0	0	0	0	0	0	0	304	0	0	0	162	82	522	0	0	0	0	0	96	0	1286	0	0	0	0	0	912	240	9690	192	0	214	2246	0	768	0	0	0	4452	82	0	0	0	0	114	0	4944	0	0	0	0	0	0	0	0	0	0	0	2034	154	378	0	84	80	946	0	0	0	1502	534	0	0	0	0	434	0	0	0	304	0	496	0	0	0	0	0	128	0	428	0	80	0	0	0	0	0	0	0	0	0	0	0	0	0	0	0	0	0	
265044	ParaHippocampal_R	0	2540	0	1652	0	0	0	166	0	0	0	794	0	192	0	480	0	324	970	5454	0	0	0	0	0	0	0	0	0	5540	0	0	0	646	1256	1942	1350	38288	214	0	0	5804	0	1352	0	0	0	5476	0	0	0	0	0	132	166	27682	0	164	0	0	0	0	0	0	0	0	138	4362	0	474	0	468	0	12006	0	582	0	2724	0	384	0	1132	0	1758	0	556	0	744	222	284	0	140	0	0	0	0	0	3258	0	216	0	0	0	0	0	0	0	0	0	0	490	0	0	0	0	0	
74468	Amygdala_L	0	0	338	0	464	0	330	0	98	0	0	0	90	0	1332	76	0	0	0	0	4150	1524	0	0	0	0	336	144	6856	200	170	218	0	0	0	0	6382	0	2246	0	0	176	0	0	0	0	0	0	0	0	0	0	0	0	2464	0	0	0	0	0	0	0	0	0	0	0	0	0	0	0	1746	1124	2094	244	0	0	0	0	0	0	272	0	2812	0	0	0	0	0	1348	0	0	0	0	0	0	0	0	0	0	0	0	0	0	0	0	0	0	0	0	0	0	0	0	0	0	0	
76280	Amygdala_R	0	0	0	434	0	214	0	100	0	0	0	0	0	0	0	1328	0	0	0	0	724	1372	0	200	0	208	0	1042	238	4306	228	426	0	0	0	0	0	7084	0	5804	176	0	0	0	0	0	0	0	0	0	0	0	0	0	0	5756	0	0	0	0	0	0	0	0	0	0	0	0	0	0	732	1706	664	3276	0	0	0	0	0	0	0	0	134	1554	0	0	0	94	0	0	0	0	0	0	0	0	0	340	0	0	0	0	0	0	0	0	0	0	0	0	0	0	0	0	0	0	
241684	Calcarine_L	142	0	0	0	0	0	112	0	0	0	0	0	0	0	0	0	0	0	0	0	0	0	0	0	0	0	0	0	0	0	0	0	704	0	1512	0	774	0	768	0	0	0	0	8668	16108	6768	14498	3174	11744	1200	18086	0	7788	310	5550	526	1106	0	1750	0	1454	0	162	0	780	0	14028	944	220	0	0	0	0	0	0	0	0	0	0	0	0	0	0	0	1224	0	0	0	666	0	0	0	0	0	0	0	76	0	0	0	0	0	0	0	0	0	0	0	0	0	0	0	0	0	0	0	
340836	Calcarine_R	0	2774	0	0	0	0	0	0	0	0	0	284	0	0	0	0	0	0	0	0	0	0	0	0	0	0	0	0	0	124	0	0	0	520	0	1390	0	1756	0	1352	0	0	8668	0	4022	25174	1462	27076	74	20956	0	10840	0	16182	0	15838	0	3802	0	0	0	494	0	290	0	0	396	21456	0	2956	0	0	0	174	0	0	0	0	0	0	0	0	0	0	0	78	0	0	0	1700	0	74	0	0	0	0	0	0	0	0	0	0	0	0	0	0	0	0	0	0	506	0	0	0	0	0	
201148	Cuneus_L	0	0	0	0	0	0	0	0	0	0	0	0	0	0	0	0	0	0	0	0	0	0	0	0	0	0	0	0	0	0	0	0	1566	0	866	0	0	0	0	0	0	0	16108	4022	0	7424	4194	272	25680	1116	15870	0	2090	0	1336	0	178	0	3274	0	230	0	0	0	112	0	12918	2598	152	0	0	0	0	0	0	0	0	0	0	0	0	0	0	0	480	0	0	0	88	0	0	0	0	0	0	0	0	0	0	0	0	0	0	0	0	0	0	0	0	0	0	0	0	0	0	0	
373716	Cuneus_R	0	1182	0	0	0	0	0	0	0	0	0	146	0	0	0	0	0	0	0	106	0	0	0	0	0	0	0	0	0	0	0	0	0	430	0	756	0	84	0	0	0	0	6768	25174	7424	0	168	5234	98	42038	0	15290	0	5160	0	4726	0	6566	0	11422	0	7680	0	146	0	5012	3460	33184	0	1814	0	0	0	74	0	0	0	0	0	0	0	0	0	0	0	2276	0	0	0	362	0	0	0	0	0	0	0	0	0	0	0	0	0	0	0	0	0	0	0	0	78	0	0	0	0	0	
234308	Lingual_L	110	0	0	0	0	0	0	0	0	0	0	0	0	0	0	0	0	0	0	0	0	0	0	0	0	0	0	0	0	0	0	0	0	0	1238	0	2402	0	4452	0	0	0	14498	1462	4194	168	0	2846	5604	102	10818	0	5686	256	16320	1052	0	0	140	0	124	0	0	0	130	0	7164	0	198	0	0	0	0	0	0	0	152	0	0	0	0	0	0	0	116	0	0	0	518	0	6362	2326	646	420	124	136	7498	2030	9026	3320	0	0	0	82	0	0	0	0	0	176	2854	2154	250	0	0	0	
308140	Lingual_R	0	992	0	0	0	0	0	0	0	0	0	186	0	0	0	0	0	0	0	282	0	0	0	0	0	0	0	0	0	194	0	0	0	608	350	1992	356	4066	82	5476	0	0	3174	27076	272	5234	2846	0	0	7232	0	3934	0	10654	250	28794	0	1848	0	0	0	0	0	0	0	0	126	13282	0	2712	0	88	0	146	0	0	0	476	0	0	0	90	0	0	0	0	0	0	0	872	1012	6488	256	232	0	80	846	3314	2514	8236	0	0	0	0	0	0	0	0	0	0	3664	3654	84	0	0	0	
256292	Occipital_Sup_L	0	0	0	0	0	0	0	0	0	0	0	0	0	0	0	0	0	0	0	0	0	0	0	0	0	0	0	0	0	0	0	0	484	0	452	0	0	0	0	0	0	0	11744	74	25680	98	5604	0	0	0	39684	0	2934	0	1794	0	2048	0	13086	0	3314	0	524	0	2910	0	12784	0	1656	0	0	0	0	0	0	0	0	0	0	0	98	0	0	0	2866	0	0	0	312	0	0	0	0	0	0	0	0	0	0	0	0	0	0	0	0	0	0	0	0	0	0	0	0	0	0	0	
362712	Occipital_Sup_R	0	852	0	0	0	0	0	80	0	0	0	158	0	0	0	0	0	0	0	0	0	0	0	0	0	0	0	0	0	0	0	0	0	0	0	0	0	0	0	0	0	0	1200	20956	1116	42038	102	7232	0	0	0	34076	0	7752	0	8300	0	3328	0	11548	0	5336	0	296	0	9178	860	22396	0	202	0	0	0	74	0	0	0	0	0	0	0	108	0	0	0	3758	0	0	0	410	0	0	0	0	0	0	0	0	0	0	0	0	0	0	0	0	0	0	0	0	0	0	0	0	0	0	
528532	Occipital_Mid_L	2356	0	0	0	0	0	1180	0	0	0	222	0	126	0	0	0	178	0	0	0	0	0	0	0	0	0	0	0	570	0	0	0	286	0	394	0	506	0	0	0	0	0	18086	0	15870	0	10818	0	39684	0	0	0	30998	0	8532	0	10142	0	22264	0	23344	0	1740	0	30024	0	14808	0	4254	0	0	0	104	0	0	0	0	0	106	0	486	0	0	0	21896	0	0	0	5292	0	0	0	0	0	0	0	0	0	0	0	0	0	0	0	0	0	0	0	0	0	0	0	0	0	0	0	
293028	Occipital_Mid_R	0	722	0	0	0	0	0	82	0	0	0	100	0	0	0	0	0	0	0	0	0	0	0	0	0	0	0	0	0	0	0	0	0	0	0	0	0	0	0	0	0	0	0	10840	0	15290	0	3934	0	34076	0	0	0	10862	0	8560	0	1624	0	8462	0	6460	0	430	0	21800	318	10132	0	166	0	0	0	0	0	0	0	0	0	0	0	212	0	0	0	11844	0	0	0	600	0	0	0	0	0	0	0	0	0	0	0	0	0	0	0	0	0	0	0	0	0	0	0	0	0	0	
206160	Occipital_Inf_L	2252	0	72	0	0	0	1070	0	0	0	278	0	0	0	0	0	544	0	0	124	0	0	0	0	0	0	0	0	736	0	0	0	74	0	388	78	738	100	114	0	0	0	7788	0	2090	0	5686	0	2934	0	30998	0	0	0	17784	0	3512	0	966	0	1868	0	488	0	1654	0	3228	0	1332	0	0	0	98	0	0	0	128	104	420	0	656	0	0	0	8206	0	0	0	6572	0	0	0	0	0	0	0	0	0	0	0	0	0	0	0	0	0	0	0	0	0	0	0	0	0	0	0	
272520	Occipital_Inf_R	0	10540	0	78	0	0	0	172	0	0	0	1670	0	0	0	0	0	694	0	414	0	0	0	0	0	0	0	0	0	330	0	0	0	384	0	280	0	932	0	132	0	0	310	16182	0	5160	256	10654	0	7752	0	10862	0	0	0	24064	0	9498	0	572	0	876	0	840	0	1858	88	7546	0	2626	0	170	0	956	0	0	0	0	0	0	0	208	0	0	0	6490	0	0	0	12684	0	0	0	0	0	0	0	108	204	260	0	0	0	0	0	0	0	0	0	0	214	196	0	0	0	0	
403828	Fusiform_L	2726	230	276	0	0	0	784	0	0	0	318	0	0	0	0	0	1104	0	488	298	0	0	0	0	0	0	0	0	4672	0	0	0	204	0	1448	626	12018	586	4944	166	2464	0	5550	0	1336	0	16320	250	1794	0	8532	0	17784	0	0	108	868	0	342	0	786	0	686	0	554	0	3918	166	958	0	76	0	1294	0	0	0	638	610	2094	0	2692	0	1332	0	4748	0	756	0	21206	0	25374	722	6318	298	0	184	9698	900	23408	1232	214	0	724	268	280	88	0	0	0	148	1330	1146	446	260	126	0	
632468	Fusiform_R	0	5966	0	996	0	0	0	144	0	0	0	914	0	176	0	1282	0	290	634	4442	0	0	0	0	0	0	0	0	0	4926	0	0	0	1326	542	1056	590	33608	0	27682	0	5756	526	15838	0	4726	1052	28794	0	8300	0	8560	0	24064	108	0	0	3480	0	374	0	954	0	1128	0	792	128	7792	0	2928	0	288	0	6828	0	302	0	1626	0	1652	0	3342	0	6570	0	5598	0	2506	76	21110	434	21200	106	4634	0	212	764	10338	1308	22558	0	0	0	640	0	0	0	0	0	0	2772	1496	0	0	0	0	
280660	Postcentral_L	25258	110	1318	1246	0	0	4912	86	0	0	1726	0	88	0	0	0	10942	0	1440	1014	0	0	0	0	0	0	0	0	6160	0	0	0	0	0	190	0	898	0	0	0	0	0	1106	0	178	0	0	0	2048	0	10142	0	3512	0	868	0	0	0	10280	0	20518	0	11366	0	1908	0	3114	0	5206	0	2228	0	200	0	0	0	666	0	2720	0	5530	0	0	0	2636	0	0	0	716	0	0	0	0	0	0	0	0	0	0	0	0	0	0	0	0	0	0	0	0	0	0	0	0	0	0	0	
261060	Postcentral_R	0	19806	0	712	0	0	0	520	0	0	0	1070	0	0	0	0	0	2824	128	2128	0	0	0	0	0	0	0	0	0	1218	0	344	80	3032	228	2412	0	518	0	164	0	0	0	3802	0	6566	0	1848	0	3328	0	1624	0	9498	0	3480	0	0	0	6884	0	9764	0	10398	0	2302	330	16488	190	12492	146	234	0	430	0	0	0	0	0	0	0	1528	0	0	0	1164	0	0	0	2508	0	0	0	0	0	0	0	0	0	0	0	0	0	0	0	0	0	0	0	0	342	0	0	0	0	0	
182232	Parietal_Sup_L	204	0	0	0	0	0	0	0	0	0	0	0	0	0	0	0	0	0	0	0	0	0	0	0	0	0	0	0	92	0	0	0	376	0	76	0	0	0	0	0	0	0	1750	0	3274	0	140	0	13086	0	22264	0	966	0	342	0	10280	0	0	0	16454	0	858	0	5332	0	13190	0	1370	0	0	0	0	0	0	0	0	0	0	0	72	0	0	0	898	0	0	0	92	0	0	0	0	0	0	0	0	0	0	0	0	0	0	0	0	0	0	0	0	0	0	0	0	0	0	0	
172388	Parietal_Sup_R	0	0	0	0	0	0	0	0	0	0	0	0	0	0	0	0	0	0	0	0	0	0	0	0	0	0	0	0	0	0	0	0	0	100	0	0	0	0	0	0	0	0	0	0	0	11422	0	0	0	11548	0	8462	0	572	0	374	0	6884	0	0	0	14782	0	366	0	12104	700	16770	0	1298	0	0	0	0	0	0	0	0	0	0	0	0	0	0	0	640	0	0	0	172	0	0	0	0	0	0	0	0	0	0	0	0	0	0	0	0	0	0	0	0	0	0	0	0	0	0	
272268	Parietal_Inf_L	2372	0	0	0	0	0	304	0	0	0	280	0	0	0	0	0	1350	0	0	0	0	0	0	0	0	0	0	0	582	0	0	0	0	0	0	0	0	0	0	0	0	0	1454	0	230	0	124	0	3314	0	23344	0	1868	0	786	0	20518	0	16454	0	0	0	21118	0	26454	0	2970	0	696	0	0	0	0	0	0	0	0	0	156	0	3478	0	0	0	5226	0	0	0	3056	0	0	0	0	0	0	0	0	0	0	0	0	0	0	0	0	0	0	0	0	0	0	0	0	0	0	0	
205012	Parietal_Inf_R	0	1214	0	1064	0	0	0	496	0	0	0	294	0	128	0	0	0	174	0	238	0	0	0	0	0	0	0	0	0	94	0	732	0	210	0	0	0	0	0	0	0	0	0	494	0	7680	0	0	0	5336	0	6460	0	876	0	954	0	9764	0	14782	0	0	0	11632	0	21092	864	10060	0	1300	392	278	0	96	0	0	0	0	0	0	0	1580	0	0	0	1848	0	0	0	2374	0	0	0	0	0	0	0	0	0	0	0	0	0	0	0	0	0	0	0	0	0	0	0	0	0	0	
146616	SupraMarginal_L	2622	0	0	0	0	0	748	0	0	0	776	0	0	0	0	0	4156	0	0	0	0	0	0	0	0	0	0	0	2094	0	0	0	0	0	0	0	88	0	0	0	0	0	162	0	0	0	0	0	524	0	1740	0	488	0	686	0	11366	0	858	0	21118	0	0	0	7468	0	240	0	0	0	0	0	0	0	0	0	0	0	506	0	9592	0	0	0	5478	0	0	0	2598	0	0	0	0	0	0	0	0	0	0	0	0	0	0	0	0	0	0	0	0	0	0	0	0	0	0	0	
103664	SupraMarginal_R	0	2068	0	1244	0	0	0	564	0	0	0	312	0	152	0	0	0	2412	82	322	0	0	0	0	0	0	0	0	0	154	0	830	0	108	0	0	0	0	0	0	0	0	0	290	0	146	0	0	0	296	0	430	0	840	0	1128	0	10398	0	366	0	11632	0	0	0	5950	0	410	0	0	444	344	0	126	0	0	0	0	0	96	0	4262	0	0	0	2770	0	0	0	3656	0	0	0	0	0	0	0	0	0	0	0	0	0	0	0	0	0	0	0	0	0	0	0	0	0	0	
181008	Angular_L	322	0	0	0	0	0	0	0	0	0	172	0	0	0	0	0	208	0	0	0	0	0	0	0	0	0	0	0	104	0	0	0	0	0	0	0	0	0	0	0	0	0	780	0	112	0	130	0	2910	0	30024	0	1654	0	554	0	1908	0	5332	0	26454	0	7468	0	0	0	408	0	152	0	0	0	0	0	0	0	0	0	0	0	1412	0	0	0	8536	0	0	0	1864	0	0	0	0	0	0	0	0	0	0	0	0	0	0	0	0	0	0	0	0	0	0	0	0	0	0	0	
203504	Angular_R	0	374	0	0	0	0	0	294	0	0	0	264	0	0	0	0	0	186	0	0	0	0	0	0	0	0	0	0	0	112	0	0	0	0	0	0	0	0	0	0	0	0	0	0	0	5012	0	0	0	9178	0	21800	0	1858	0	792	0	2302	0	12104	0	21092	0	5950	0	0	0	4668	0	0	0	0	0	138	0	0	0	0	0	0	0	2010	0	0	0	11158	0	0	0	2460	0	0	0	0	0	0	0	0	0	0	0	0	0	0	0	0	0	0	0	0	0	0	0	0	0	0	
249520	Precuneus_L	82	0	0	0	0	0	0	0	0	0	0	0	0	0	0	0	0	0	0	116	0	0	0	0	0	0	0	0	0	0	0	0	4340	660	5814	1124	1934	230	2034	138	0	0	14028	396	12918	3460	7164	126	12784	860	14808	318	3228	88	3918	128	3114	330	13190	700	2970	864	240	0	408	0	0	7124	3092	568	0	0	0	0	0	0	170	122	0	0	0	0	0	0	714	0	0	0	240	0	0	0	0	0	0	0	218	0	0	0	0	0	0	0	0	0	0	0	0	0	0	0	0	0	0	0	
459460	Precuneus_R	0	3104	0	0	0	0	0	0	0	0	0	162	0	0	0	0	0	0	0	1898	0	0	0	0	0	0	0	0	0	296	0	0	772	7406	1472	10942	694	4850	154	4362	0	0	944	21456	2598	33184	0	13282	0	22396	0	10132	0	7546	166	7792	0	16488	0	16770	0	10060	0	410	0	4668	7124	0	126	12864	0	0	0	104	0	0	0	102	0	0	0	134	0	0	0	1816	0	0	192	1744	0	0	0	0	0	0	0	172	0	0	0	0	0	0	0	0	0	0	0	0	1348	0	0	0	0	0	
289356	Paracentral_Lobule_L	15916	582	1574	412	0	0	0	0	0	0	0	0	0	0	0	0	122	0	26450	20276	0	0	0	0	0	0	0	0	1106	0	0	0	2186	11030	4354	1686	7194	902	378	0	0	0	220	0	152	0	198	0	1656	0	4254	0	1332	0	958	0	5206	190	1370	0	696	0	0	0	152	0	3092	126	0	4606	3318	2086	1448	0	484	0	13822	3352	568	0	110	0	0	0	498	0	0	0	616	0	0	0	0	0	0	0	0	0	0	0	0	0	0	0	0	0	0	0	0	0	0	0	0	0	0	0	
203408	Paracentral_Lobule_R	764	7676	0	0	0	0	0	0	0	0	0	0	0	0	0	0	0	0	202	16038	0	0	0	0	0	0	0	0	0	96	0	0	328	14926	2562	6848	722	1490	0	474	0	0	0	2956	0	1814	0	2712	0	202	0	166	0	2626	0	2928	0	12492	0	1298	0	1300	0	0	0	0	568	12864	4606	0	0	94	0	0	0	0	162	1234	0	0	0	0	0	0	0	0	0	0	0	1190	0	0	0	0	0	0	0	0	0	0	0	0	0	0	0	0	0	0	0	0	366	0	0	0	0	0	
303548	Caudate_L	5764	732	4360	3628	1590	162	2294	332	138	0	484	84	602	0	2796	350	366	78	8034	6158	9054	9650	2954	656	778	244	3036	1360	7082	1078	6694	3934	0	0	0	0	1596	0	84	0	1746	732	0	0	0	0	0	0	0	0	0	0	0	0	76	0	2228	146	0	0	0	392	0	444	0	0	0	0	3318	0	0	12376	22350	5276	2716	200	11138	278	0	0	762	0	1354	0	0	0	0	0	90	0	0	0	0	0	0	0	0	0	0	0	0	0	0	0	0	0	0	0	0	0	0	0	0	0	0	0	
375016	Caudate_R	0	1262	204	13704	180	1332	128	1722	0	0	0	1436	0	934	396	3792	0	360	5630	23238	4240	8616	92	6044	0	1530	564	2928	1962	3872	3418	19444	0	1754	0	0	328	594	80	468	1124	1706	0	0	0	0	0	88	0	0	0	0	0	170	0	288	0	234	0	0	0	278	0	344	0	0	0	0	2086	94	12376	0	6698	25332	178	2664	836	21664	0	0	274	0	748	74	0	0	0	0	0	0	0	0	0	0	0	0	0	0	0	0	0	0	0	0	0	0	0	0	0	0	0	0	0	0	0	0	
353020	Putamen_L	8394	0	19708	570	5592	86	8574	0	2424	0	992	0	1574	0	7358	256	546	0	7640	614	5700	7358	4828	468	300	174	1286	870	20404	866	5528	2078	0	0	0	0	9684	0	946	0	2094	664	0	0	0	0	0	0	0	0	104	0	98	0	1294	0	200	0	0	0	0	0	0	0	0	0	0	0	1448	0	22350	6698	0	2614	4838	158	1942	0	0	0	2810	0	3138	0	160	0	0	0	1082	0	0	0	0	0	0	0	0	0	0	0	0	0	0	0	0	0	0	0	0	0	0	0	0	0	0	0	
389496	Putamen_R	0	4756	142	12830	0	516	0	1870	0	0	0	7798	0	4284	86	2392	0	1934	4976	12262	1456	3050	256	7218	0	1608	384	1914	450	23272	2628	16140	0	1876	0	0	0	16722	0	12006	244	3276	0	174	0	74	0	146	0	74	0	0	0	956	0	6828	0	430	0	0	0	96	0	126	0	138	0	104	0	0	5276	25332	2614	0	106	3808	0	242	0	0	0	522	232	0	0	222	0	0	0	146	0	0	0	0	0	0	0	756	0	0	0	0	0	0	0	0	0	0	0	0	0	0	0	0	0	0	
33252	Pallidum_L	1550	0	1464	0	0	0	314	0	0	0	0	0	0	0	0	0	0	0	876	84	0	96	0	0	0	0	0	0	0	0	0	0	0	0	0	0	516	0	0	0	0	0	0	0	0	0	0	0	0	0	0	0	0	0	0	0	0	0	0	0	0	0	0	0	0	0	0	0	484	0	2716	178	4838	106	0	116	3288	0	0	0	0	0	0	0	0	0	0	0	0	0	0	0	0	0	0	0	0	0	0	0	0	0	0	0	0	0	0	0	0	0	0	0	0	0	0	0	
28744	Pallidum_R	0	246	0	988	0	0	0	0	0	0	0	0	0	0	0	0	0	0	1054	2336	0	0	0	118	0	0	0	0	0	238	0	584	0	0	0	0	0	766	0	582	0	0	0	0	0	0	0	0	0	0	0	0	0	0	0	302	0	0	0	0	0	0	0	0	0	0	0	0	0	0	200	2664	158	3808	116	0	0	212	0	0	0	0	0	0	0	0	0	0	0	0	0	0	0	0	0	0	0	0	0	0	0	0	0	0	0	0	0	0	0	0	0	0	0	0	0	0	
134184	Thalamus_L	6502	126	1462	368	0	0	484	0	0	0	0	0	0	0	122	0	0	0	9790	1702	0	0	0	0	0	0	0	0	732	0	0	0	0	148	220	328	5702	122	1502	0	0	0	0	0	0	0	152	0	0	0	0	0	128	0	638	0	666	0	0	0	0	0	0	0	0	0	170	0	13822	162	11138	836	1942	0	3288	0	0	3562	472	0	74	0	0	0	0	0	0	0	732	0	0	0	0	0	0	0	0	0	0	0	0	0	0	0	0	0	0	0	0	0	0	0	0	0	0	0	
159088	Thalamus_R	180	1090	0	2214	0	0	0	370	0	0	0	272	0	0	0	94	0	294	224	20246	0	0	0	78	0	0	0	0	226	504	0	0	0	1246	2614	2458	4514	4984	534	2724	0	0	0	0	0	0	0	476	0	0	0	0	104	0	610	1626	0	0	0	0	0	0	0	0	0	0	122	102	3352	1234	278	21664	0	242	0	212	3562	0	366	0	0	0	0	0	0	0	0	0	728	0	0	0	0	0	0	0	0	0	0	0	0	0	0	0	0	0	0	0	0	0	0	0	0	0	0	0	
74852	Heschl_L	4024	0	350	0	0	0	550	0	0	0	430	0	0	0	0	0	4218	0	174	434	0	0	0	0	0	0	0	0	7292	0	0	0	0	0	420	402	2916	446	0	0	0	0	0	0	0	0	0	0	0	0	106	0	420	0	2094	0	2720	0	0	0	156	0	506	0	0	0	0	0	568	0	0	0	0	0	0	0	472	366	0	0	3484	0	0	0	1110	0	0	0	3768	0	0	0	0	0	0	0	0	0	0	0	0	0	0	0	0	0	0	0	0	0	0	0	0	0	0	0	
23248	Heschl_R	0	186	0	0	0	0	0	0	0	0	0	0	0	0	0	0	0	454	0	0	0	0	0	0	0	0	0	0	0	1052	0	0	0	0	0	0	0	1522	0	384	0	0	0	0	0	0	0	0	0	0	0	0	0	0	0	1652	0	0	0	0	0	0	0	96	0	0	0	0	0	0	0	0	0	0	0	0	0	0	0	0	0	4740	0	0	0	1126	0	0	0	412	0	0	0	0	0	0	0	0	0	0	0	0	0	0	0	0	0	0	0	0	0	0	0	0	0	0	
239888	Temporal_Sup_L	3888	0	3250	72	0	0	1184	0	0	0	5152	0	638	0	0	0	13452	0	4912	268	142	86	80	0	0	0	0	0	12416	0	152	0	0	0	0	0	2768	0	0	0	272	0	0	0	0	0	0	0	98	0	486	0	656	0	2692	0	5530	0	72	0	3478	0	9592	0	1412	0	0	0	110	0	762	274	2810	0	0	0	74	0	3484	0	0	0	5076	0	20244	0	0	0	14362	0	0	0	0	0	0	0	0	0	0	0	0	0	0	0	0	0	0	0	0	0	0	0	0	0	0	0	
104280	Temporal_Sup_R	0	1004	0	308	0	0	0	224	0	0	0	966	0	90	0	0	0	2006	0	250	0	0	0	0	0	0	0	0	0	3916	0	218	0	126	0	0	0	2594	0	1132	0	0	0	0	0	0	0	90	0	108	0	212	0	208	0	3342	0	1528	0	0	0	1580	0	4262	0	2010	0	134	0	0	0	0	0	522	0	0	0	0	0	4740	0	0	0	3356	0	12034	0	168	0	4918	0	0	0	0	0	0	0	94	0	0	0	0	0	0	0	0	0	0	0	0	0	0	0	0	0	0	
111308	Temporal_Pole_Sup_L	0	0	1324	0	218	0	450	0	112	0	2588	0	1146	0	1324	0	1962	0	938	0	2028	1072	0	0	0	0	152	122	8992	160	264	260	0	0	0	0	1460	0	434	0	2812	134	0	0	0	0	0	0	0	0	0	0	0	0	1332	0	0	0	0	0	0	0	0	0	0	0	0	0	0	0	1354	748	3138	232	0	0	0	0	0	0	5076	0	0	0	6770	0	3990	0	5062	0	0	0	0	0	0	0	0	0	0	0	0	0	0	0	0	0	0	0	0	0	0	0	0	0	0	0	
72960	Temporal_Pole_Sup_R	0	0	0	550	0	0	0	0	0	0	0	1490	0	0	0	1518	0	1330	0	1234	0	0	0	0	0	0	0	0	0	2650	0	0	0	0	0	0	0	90	0	1758	0	1554	0	0	0	0	0	0	0	0	0	0	0	0	0	6570	0	0	0	0	0	0	0	0	0	0	0	0	0	0	0	74	0	0	0	0	0	0	0	0	0	3356	0	0	0	4472	0	5492	0	4342	0	0	0	0	0	0	0	0	0	0	0	0	0	0	0	0	0	0	0	0	0	0	0	0	0	0	
274984	Temporal_Mid_L	1780	0	72	0	0	0	398	0	0	0	230	0	0	0	0	0	640	0	94	0	0	0	0	0	0	0	0	0	1526	0	0	0	0	0	0	0	2746	0	0	0	0	0	1224	0	480	0	116	0	2866	0	21896	0	8206	0	4748	0	2636	0	898	0	5226	0	5478	0	8536	0	714	0	498	0	0	0	160	0	0	0	0	0	1110	0	20244	0	6770	0	0	0	2808	0	35392	0	0	0	0	0	0	0	0	0	0	0	0	0	0	0	0	0	0	0	0	0	0	0	0	0	0	0	
199372	Temporal_Mid_R	0	1178	0	0	0	0	0	318	0	0	0	412	0	0	0	0	0	462	0	0	0	0	0	0	0	0	0	0	0	1692	0	0	0	0	0	0	0	1432	0	556	0	0	0	78	0	2276	0	0	0	3758	0	11844	0	6490	0	5598	0	1164	0	640	0	1848	0	2770	0	11158	0	1816	0	0	0	0	0	222	0	0	0	0	0	1126	0	12034	0	4472	0	0	0	1342	0	24922	0	0	0	0	0	0	0	0	0	78	0	0	0	0	0	0	0	0	0	0	0	0	0	0	0	0	
23120	Temporal_Pole_Mid_L	0	0	0	0	0	0	0	0	0	0	0	0	0	0	0	0	0	0	0	0	0	0	0	0	0	0	0	0	120	0	0	0	0	0	0	0	86	0	304	0	0	0	0	0	0	0	0	0	0	0	0	0	0	0	756	0	0	0	0	0	0	0	0	0	0	0	0	0	0	0	0	0	0	0	0	0	0	0	0	0	0	0	3990	0	2808	0	0	0	3496	0	0	0	0	0	0	0	0	0	0	0	0	0	0	0	0	0	0	0	0	0	0	0	0	0	0	0	
27596	Temporal_Pole_Mid_R	0	0	0	0	0	0	0	0	0	0	0	0	0	0	0	512	0	0	0	0	0	0	0	0	0	0	0	0	0	0	0	0	0	0	0	0	0	0	0	744	0	94	0	0	0	0	0	0	0	0	0	0	0	0	0	2506	0	0	0	0	0	0	0	0	0	0	0	0	0	0	0	0	0	0	0	0	0	0	0	0	0	168	0	5492	0	1342	0	0	0	2940	0	0	0	0	0	0	0	0	0	0	0	0	0	0	0	0	0	0	0	0	0	0	0	0	0	0	
305064	Temporal_Inf_L	2572	246	396	0	0	0	436	0	0	0	340	0	0	0	0	0	1592	0	978	326	84	0	0	0	0	0	0	0	6514	0	0	0	0	0	908	698	13810	696	496	222	1348	0	666	0	88	0	518	0	312	0	5292	0	6572	0	21206	76	716	0	92	0	3056	0	2598	0	1864	0	240	192	616	0	90	0	1082	0	0	0	732	728	3768	0	14362	0	5062	0	35392	0	3496	0	0	0	5836	0	3008	0	0	0	636	0	2062	0	306	0	206	0	0	0	0	0	0	0	0	0	0	0	0	0	
200308	Temporal_Inf_R	0	2978	0	204	0	0	0	0	0	0	0	224	0	0	0	212	0	210	0	346	0	0	0	0	0	0	0	0	0	482	0	0	0	360	0	156	0	2330	0	284	0	0	0	1700	0	362	0	872	0	410	0	600	0	12684	0	21110	0	2508	0	172	0	2374	0	3656	0	2460	0	1744	0	1190	0	0	0	146	0	0	0	0	0	412	0	4918	0	4342	0	24922	0	2940	0	0	0	1870	0	800	0	0	0	0	0	176	0	0	0	0	0	0	0	0	0	0	0	0	0	0	0	0	
575972	Cerebelum_Crus1_L	0	0	0	0	0	0	0	0	0	0	0	0	0	0	0	0	0	0	0	0	0	0	0	0	0	0	0	0	0	0	0	0	0	0	0	0	336	0	0	0	0	0	0	0	0	0	6362	1012	0	0	0	0	0	0	25374	434	0	0	0	0	0	0	0	0	0	0	0	0	0	0	0	0	0	0	0	0	0	0	0	0	0	0	0	0	0	0	0	0	5836	0	0	10108	47748	6382	686	2662	27770	8156	60870	18062	9194	936	10524	4912	352	384	0	0	340	2544	8656	15008	10628	1322	800	588	
515200	Cerebelum_Crus1_R	0	0	0	0	0	0	0	0	0	0	0	0	0	0	0	0	0	0	0	0	0	0	0	0	0	0	0	0	0	0	0	0	0	0	0	0	0	196	0	140	0	0	0	74	0	0	2326	6488	0	0	0	0	0	0	722	21200	0	0	0	0	0	0	0	0	0	0	0	0	0	0	0	0	0	0	0	0	0	0	0	0	0	0	0	0	0	0	0	0	0	1870	10108	0	4922	45734	86	3396	5022	24812	9798	66108	696	3072	552	15836	0	472	0	220	0	1146	9366	12000	8922	1268	1048	0	
390924	Cerebelum_Crus2_L	0	0	0	0	0	0	0	0	0	0	0	0	0	0	0	0	0	0	0	0	0	0	0	0	0	0	0	0	0	0	0	0	0	0	0	0	128	0	0	0	0	0	0	0	0	0	646	256	0	0	0	0	0	0	6318	106	0	0	0	0	0	0	0	0	0	0	0	0	0	0	0	0	0	0	0	0	0	0	0	0	0	0	0	0	0	0	0	0	3008	0	47748	4922	0	9256	330	1082	7380	1706	20728	6760	29446	3648	24534	5684	966	800	440	0	164	1028	1578	4790	7584	3324	814	288	
370272	Cerebelum_Crus2_R	0	0	0	0	0	0	0	0	0	0	0	0	0	0	0	0	0	0	0	0	0	0	0	0	0	0	0	0	0	0	0	0	0	0	0	0	0	0	0	0	0	0	0	0	0	0	420	232	0	0	0	0	0	0	298	4634	0	0	0	0	0	0	0	0	0	0	0	0	0	0	0	0	0	0	0	0	0	0	0	0	0	0	0	0	0	0	0	0	0	800	6382	45734	9256	0	0	2138	1748	8678	3370	26038	2270	17592	1732	30860	0	840	0	368	72	746	2582	3618	10814	2848	1066	0	
38624	Cerebelum_3_L	0	0	0	0	0	0	0	0	0	0	0	0	0	0	0	0	0	0	0	0	0	0	0	0	0	0	0	0	0	0	0	0	0	0	0	0	0	0	128	0	0	0	0	0	0	0	124	0	0	0	0	0	0	0	0	0	0	0	0	0	0	0	0	0	0	0	0	0	0	0	0	0	0	0	0	0	0	0	0	0	0	0	0	0	0	0	0	0	0	0	686	86	330	0	0	474	3714	412	986	328	84	0	884	400	1280	454	0	0	1084	1970	884	652	1172	1346	1022	812	
166416	Cerebelum_3_R	0	0	0	0	0	0	0	0	0	0	0	0	0	0	0	0	0	0	0	0	0	0	0	0	0	0	0	0	0	0	0	0	0	0	0	0	0	0	0	0	0	0	0	0	0	0	136	80	0	0	0	0	0	0	184	212	0	0	0	0	0	0	0	0	0	0	0	0	0	0	0	0	0	0	0	0	0	0	0	0	0	0	0	0	0	0	0	0	0	0	2662	3396	1082	2138	474	0	4944	9646	4830	8192	744	150	2972	2332	1006	3538	0	0	1154	8480	3890	4664	6304	4532	4550	916	
393712	Cerebelum_4_5_L	0	0	0	0	0	0	0	0	0	0	0	0	0	0	0	0	0	0	0	0	0	0	0	0	0	0	0	0	0	0	0	0	0	0	0	0	354	0	428	0	0	0	76	0	0	0	7498	846	0	0	0	0	0	0	9698	764	0	0	0	0	0	0	0	0	0	0	218	0	0	0	0	0	0	0	0	0	0	0	0	0	0	0	0	0	0	0	0	0	636	0	27770	5022	7380	1748	3714	4944	0	12328	35182	10722	630	0	4624	3192	5378	2578	368	0	1446	5072	16558	7506	7022	5910	4478	2766	
392824	Cerebelum_4_5_R	0	0	0	0	0	0	0	0	0	0	0	0	0	0	0	0	0	0	86	296	0	0	0	0	0	0	0	0	0	732	0	0	0	0	0	0	0	2854	0	3258	0	340	0	0	0	0	2030	3314	0	0	0	0	0	108	900	10338	0	0	0	0	0	0	0	0	0	0	0	172	0	0	0	0	0	756	0	0	0	0	0	0	0	94	0	0	0	0	0	0	0	0	8156	24812	1706	8678	412	9646	12328	0	10410	38036	686	0	1970	6570	190	1314	0	94	464	6390	17700	7256	7402	3050	3028	836	
551364	Cerebelum_6_L	0	0	0	0	0	0	0	0	0	0	0	0	0	0	0	0	0	0	0	0	0	0	0	0	0	0	0	0	0	0	0	0	0	0	0	0	334	0	80	0	0	0	0	0	0	0	9026	2514	0	0	0	0	0	204	23408	1308	0	0	0	0	0	0	0	0	0	0	0	0	0	0	0	0	0	0	0	0	0	0	0	0	0	0	0	0	0	0	0	0	2062	0	60870	9798	20728	3370	986	4830	35182	10410	0	18780	3076	84	6428	3406	1862	1724	328	0	960	4682	12496	19430	8350	3848	2992	2126	
624364	Cerebelum_6_R	0	0	0	0	0	0	0	0	0	0	0	0	0	0	0	0	0	0	0	0	0	0	0	0	0	0	0	0	0	0	0	0	0	0	0	0	0	408	0	216	0	0	0	0	0	0	3320	8236	0	0	0	0	0	260	1232	22558	0	0	0	0	0	0	0	0	0	0	0	0	0	0	0	0	0	0	0	0	0	0	0	0	0	0	0	0	0	78	0	0	0	176	18062	66108	6760	26038	328	8192	10722	38036	18780	0	1498	1328	2412	13296	0	628	0	508	362	6032	15904	22460	12904	2382	2110	848	
227256	Cerebelum_7b_L	0	0	0	0	0	0	0	0	0	0	0	0	0	0	0	0	0	0	0	0	0	0	0	0	0	0	0	0	0	0	0	0	0	0	0	0	0	0	0	0	0	0	0	0	0	0	0	0	0	0	0	0	0	0	214	0	0	0	0	0	0	0	0	0	0	0	0	0	0	0	0	0	0	0	0	0	0	0	0	0	0	0	0	0	0	0	0	0	306	0	9194	696	29446	2270	84	744	630	686	3076	1498	0	700	37574	5404	6978	876	1512	0	90	582	0	768	4686	4674	778	162	
115408	Cerebelum_7b_R	0	0	0	0	0	0	0	0	0	0	0	0	0	0	0	0	0	0	0	0	0	0	0	0	0	0	0	0	0	0	0	0	0	0	0	0	0	0	0	0	0	0	0	0	0	0	0	0	0	0	0	0	0	0	0	0	0	0	0	0	0	0	0	0	0	0	0	0	0	0	0	0	0	0	0	0	0	0	0	0	0	0	0	0	0	0	0	0	0	0	936	3072	3648	17592	0	150	0	0	84	1328	700	0	572	21944	0	3008	0	386	0	98	0	78	2816	1098	194	0	
317084	Cerebelum_8_L	0	0	0	0	0	0	0	0	0	0	0	0	0	0	0	0	0	0	0	0	0	0	0	0	0	0	0	0	0	0	0	0	0	0	0	0	0	0	0	0	0	0	0	0	0	0	0	0	0	0	0	0	0	0	724	0	0	0	0	0	0	0	0	0	0	0	0	0	0	0	0	0	0	0	0	0	0	0	0	0	0	0	0	0	0	0	0	0	206	0	10524	552	24534	1732	884	2972	4624	1970	6428	2412	37574	572	0	8392	19278	3824	3332	0	672	2204	342	1654	7562	9776	4570	1228	
346528	Cerebelum_8_R	0	0	0	0	0	0	0	0	0	0	0	0	0	0	0	0	0	0	0	0	0	0	0	0	0	0	0	0	0	0	0	0	0	0	0	0	0	0	0	0	0	0	0	0	0	0	82	0	0	0	0	0	0	0	268	640	0	0	0	0	0	0	0	0	0	0	0	0	0	0	0	0	0	0	0	0	0	0	0	0	0	0	0	0	0	0	0	0	0	0	4912	15836	5684	30860	400	2332	3192	6570	3406	13296	5404	21944	8392	0	1424	18990	84	2428	202	1274	800	3236	10080	8204	2758	566	
118536	Cerebelum_9_L	0	0	0	0	0	0	0	0	0	0	0	0	0	0	0	0	0	0	0	0	0	0	0	0	0	0	0	0	0	0	0	0	0	0	0	0	0	0	0	0	0	0	0	0	0	0	0	0	0	0	0	0	0	0	280	0	0	0	0	0	0	0	0	0	0	0	0	0	0	0	0	0	0	0	0	0	0	0	0	0	0	0	0	0	0	0	0	0	0	0	352	0	966	0	1280	1006	5378	190	1862	0	6978	0	19278	1424	0	2638	3702	0	526	632	262	224	2022	4668	3904	1696	
134520	Cerebelum_9_R	0	0	0	0	0	0	0	0	0	0	0	0	0	0	0	0	0	0	0	0	0	0	0	0	0	0	0	0	0	0	0	0	0	0	0	0	0	0	0	0	0	0	0	0	0	0	0	0	0	0	0	0	0	0	88	0	0	0	0	0	0	0	0	0	0	0	0	0	0	0	0	0	0	0	0	0	0	0	0	0	0	0	0	0	0	0	0	0	0	0	384	472	800	840	454	3538	2578	1314	1724	628	876	3008	3824	18990	2638	0	84	1630	608	2604	848	568	3678	5778	7188	2118	
20492	Cerebelum_10_L	0	0	0	0	0	0	0	0	0	0	0	0	0	0	0	0	0	0	0	0	0	0	0	0	0	0	0	0	0	0	0	0	0	0	0	0	0	0	0	0	0	0	0	0	0	0	0	0	0	0	0	0	0	0	0	0	0	0	0	0	0	0	0	0	0	0	0	0	0	0	0	0	0	0	0	0	0	0	0	0	0	0	0	0	0	0	0	0	0	0	0	0	440	0	0	0	368	0	328	0	1512	0	3332	84	3702	84	0	0	0	0	0	0	72	200	124	0	
11432	Cerebelum_10_R	0	0	0	0	0	0	0	0	0	0	0	0	0	0	0	0	0	0	0	0	0	0	0	0	0	0	0	0	0	0	0	0	0	0	0	0	0	0	0	0	0	0	0	0	0	0	0	0	0	0	0	0	0	0	0	0	0	0	0	0	0	0	0	0	0	0	0	0	0	0	0	0	0	0	0	0	0	0	0	0	0	0	0	0	0	0	0	0	0	0	0	220	0	368	0	0	0	94	0	508	0	386	0	2428	0	1630	0	0	0	0	0	0	0	0	82	0	
36996	Vermis_1_2	0	0	0	0	0	0	0	0	0	0	0	0	0	0	0	0	0	0	0	0	0	0	0	0	0	0	0	0	0	0	0	0	0	0	0	0	0	0	0	0	0	0	0	0	0	0	0	0	0	0	0	0	0	0	0	0	0	0	0	0	0	0	0	0	0	0	0	0	0	0	0	0	0	0	0	0	0	0	0	0	0	0	0	0	0	0	0	0	0	0	340	0	164	72	1084	1154	1446	464	960	362	90	0	672	202	526	608	0	0	0	3436	1438	776	1348	1432	1088	836	
141508	Vermis_3	0	0	0	0	0	0	0	0	0	0	0	0	0	0	0	0	0	0	0	0	0	0	0	0	0	0	0	0	0	0	0	0	0	0	0	0	0	0	0	0	0	0	0	0	0	0	176	0	0	0	0	0	0	0	148	0	0	0	0	0	0	0	0	0	0	0	0	0	0	0	0	0	0	0	0	0	0	0	0	0	0	0	0	0	0	0	0	0	0	0	2544	1146	1028	746	1970	8480	5072	6390	4682	6032	582	98	2204	1274	632	2604	0	0	3436	0	4490	4490	5088	3246	3116	1080	
255996	Vermis_4_5	0	0	0	0	0	0	0	0	0	0	0	0	0	0	0	0	0	0	0	0	0	0	0	0	0	0	0	0	0	0	0	0	0	0	112	562	106	532	0	490	0	0	0	506	0	78	2854	3664	0	0	0	0	0	214	1330	2772	0	342	0	0	0	0	0	0	0	0	0	1348	0	366	0	0	0	0	0	0	0	0	0	0	0	0	0	0	0	0	0	0	0	0	8656	9366	1578	2582	884	3890	16558	17700	12496	15904	0	0	342	800	262	848	0	0	1438	4490	0	6026	3114	2254	2300	1234	
281744	Vermis_6	0	0	0	0	0	0	0	0	0	0	0	0	0	0	0	0	0	0	0	0	0	0	0	0	0	0	0	0	0	0	0	0	0	0	0	0	0	0	0	0	0	0	0	0	0	0	2154	3654	0	0	0	0	0	196	1146	1496	0	0	0	0	0	0	0	0	0	0	0	0	0	0	0	0	0	0	0	0	0	0	0	0	0	0	0	0	0	0	0	0	0	0	15008	12000	4790	3618	652	4664	7506	7256	19430	22460	768	78	1654	3236	224	568	0	0	776	4490	6026	0	9224	2276	2068	3454	
