data	data	610536	458560	1.12057e+06	1.00097e+06	201176	137584	579872	317236	82700	38944	244716	201708	201316	117380	192328	67728	182052	82576	911120	914504	64308	102488	440744	442240	66712	123308	52696	46044	509160	344916	363536	592180	237408	551712	181104	188660	227944	319580	70620	173676	28928	43264	272012	387724	268068	322880	349348	327452	257484	343544	688348	253412	234892	116904	462428	541016	315680	304944	199712	195116	273800	218640	171260	143784	122216	174432	395104	441364	282844	191140	322300	387928	337760	422428	90888	112904	242808	172052	102236	40396	238252	119452	68748	71176	363740	184652	22304	27328	278320	319964	425836	434044	261888	322060	61492	85484	351648	263884	538332	434112	211084	80644	330216	373932	138836	188212	28480	36452	42088	60912	315024	223864	213756	263660	260104	89228	
data	data	Precentral_L	Precentral_R	Frontal_Sup_L	Frontal_Sup_R	Frontal_Sup_Orb_L	Frontal_Sup_Orb_R	Frontal_Mid_L	Frontal_Mid_R	Frontal_Mid_Orb_L	Frontal_Mid_Orb_R	Frontal_Inf_Oper_L	Frontal_Inf_Oper_R	Frontal_Inf_Tri_L	Frontal_Inf_Tri_R	Frontal_Inf_Orb_L	Frontal_Inf_Orb_R	Rolandic_Oper_L	Rolandic_Oper_R	Supp_Motor_Area_L	Supp_Motor_Area_R	Olfactory_L	Olfactory_R	Frontal_Sup_Medial_L	Frontal_Sup_Medial_R	Frontal_Med_Orb_L	Frontal_Med_Orb_R	Rectus_L	Rectus_R	Insula_L	Insula_R	Cingulum_Ant_L	Cingulum_Ant_R	Cingulum_Mid_L	Cingulum_Mid_R	Cingulum_Post_L	Cingulum_Post_R	Hippocampus_L	Hippocampus_R	ParaHippocampal_L	ParaHippocampal_R	Amygdala_L	Amygdala_R	Calcarine_L	Calcarine_R	Cuneus_L	Cuneus_R	Lingual_L	Lingual_R	Occipital_Sup_L	Occipital_Sup_R	Occipital_Mid_L	Occipital_Mid_R	Occipital_Inf_L	Occipital_Inf_R	Fusiform_L	Fusiform_R	Postcentral_L	Postcentral_R	Parietal_Sup_L	Parietal_Sup_R	Parietal_Inf_L	Parietal_Inf_R	SupraMarginal_L	SupraMarginal_R	Angular_L	Angular_R	Precuneus_L	Precuneus_R	Paracentral_Lobule_L	Paracentral_Lobule_R	Caudate_L	Caudate_R	Putamen_L	Putamen_R	Pallidum_L	Pallidum_R	Thalamus_L	Thalamus_R	Heschl_L	Heschl_R	Temporal_Sup_L	Temporal_Sup_R	Temporal_Pole_Sup_L	Temporal_Pole_Sup_R	Temporal_Mid_L	Temporal_Mid_R	Temporal_Pole_Mid_L	Temporal_Pole_Mid_R	Temporal_Inf_L	Temporal_Inf_R	Cerebelum_Crus1_L	Cerebelum_Crus1_R	Cerebelum_Crus2_L	Cerebelum_Crus2_R	Cerebelum_3_L	Cerebelum_3_R	Cerebelum_4_5_L	Cerebelum_4_5_R	Cerebelum_6_L	Cerebelum_6_R	Cerebelum_7b_L	Cerebelum_7b_R	Cerebelum_8_L	Cerebelum_8_R	Cerebelum_9_L	Cerebelum_9_R	Cerebelum_10_L	Cerebelum_10_R	Vermis_1_2	Vermis_3	Vermis_4_5	Vermis_6	Vermis_7	Vermis_8	Vermis_9	Vermis_10	
610536	Precentral_L	0	5144	30754	5426	0	0	26734	468	0	0	9314	230	1442	0	0	0	12612	0	23468	7890	0	0	666	114	198	0	0	0	13746	416	1310	332	894	2266	6708	4972	8500	3020	580	1300	190	0	438	128	198	118	598	0	110	0	6636	0	824	0	1694	464	31742	144	1466	0	7688	0	5636	0	1398	0	2490	744	15446	2018	4876	154	7468	0	4778	0	25386	1954	4392	0	4606	0	0	0	1684	0	0	0	1296	0	0	0	0	0	0	0	0	0	0	0	0	0	0	0	0	0	0	0	0	0	0	0	0	0	0	0	
458560	Precentral_R	5144	0	3450	24232	0	318	672	14834	0	0	0	13494	0	210	0	0	0	2048	6914	8154	0	616	0	648	0	202	0	276	0	11630	248	1234	152	2570	1654	2354	0	6756	0	1828	0	0	0	2372	0	1430	0	194	0	2428	168	2072	0	1152	214	8134	180	24346	0	2740	0	3052	0	2470	0	482	154	4488	3146	7564	1866	11842	222	8572	132	1406	2360	16666	0	332	0	460	0	148	0	798	0	0	0	7254	0	798	0	0	0	0	0	0	0	0	0	0	0	0	0	0	0	0	0	0	0	0	0	0	0	0	
1.12057e+06	Frontal_Sup_L	30754	3450	0	15984	14224	0	86206	2358	4038	0	13844	0	12744	146	12198	0	5614	0	109546	26026	138	0	43276	6090	2114	208	0	0	34592	0	18458	9322	3226	7872	1070	1018	4396	330	390	124	240	0	0	0	0	0	0	0	0	0	0	0	0	0	314	0	2054	126	0	146	596	170	0	0	0	126	0	310	9580	1124	18474	1580	27126	116	7668	0	15314	1468	612	0	2058	0	522	0	258	0	0	0	548	0	0	0	0	0	0	0	0	0	0	0	0	0	0	0	0	0	0	0	0	0	0	0	0	0	0	0	
1.00097e+06	Frontal_Sup_R	5426	24232	15984	0	178	9564	2930	46618	0	1970	3230	7150	336	8474	0	4944	628	1110	21066	97786	120	662	13164	45526	692	5108	0	662	1634	9154	7796	46002	2282	24590	1152	690	0	1850	0	316	0	0	0	120	0	0	0	0	0	134	0	0	0	0	0	520	712	2404	0	136	0	350	0	758	0	0	0	228	2836	1090	11086	29020	1524	17816	0	4456	1462	11802	124	0	168	0	0	380	0	0	0	0	0	334	0	0	0	0	0	0	0	0	0	0	0	0	0	0	0	0	0	0	0	0	0	0	0	0	0	0	
201176	Frontal_Sup_Orb_L	0	0	14224	178	0	0	3440	0	11496	0	700	0	2280	0	17872	0	0	0	1850	140	2098	1448	4602	410	3756	390	3948	236	12930	0	3928	560	154	282	0	0	0	0	0	0	0	0	0	0	0	0	0	0	0	0	0	0	0	0	0	0	0	0	0	0	0	0	0	0	0	0	0	0	0	0	2564	1318	7498	816	354	826	0	0	0	0	0	0	290	0	0	0	0	0	0	0	0	0	0	0	0	0	0	0	0	0	0	0	0	0	0	0	0	0	0	0	0	0	0	0	0	0	
137584	Frontal_Sup_Orb_R	0	318	0	9564	0	0	0	3572	0	5546	0	146	0	1400	0	2322	0	0	224	4276	176	724	240	6994	224	8976	214	4120	0	976	434	5604	0	216	0	0	0	0	0	0	0	0	0	0	0	0	0	0	0	0	0	0	0	0	0	0	0	218	0	0	0	0	0	0	0	0	0	0	0	0	190	4780	0	5642	0	1584	0	112	0	0	0	0	0	0	0	0	0	0	0	0	0	0	0	0	0	0	0	0	0	0	0	0	0	0	0	0	0	0	0	0	0	0	0	0	0	0	
579872	Frontal_Mid_L	26734	672	86206	2930	3440	0	0	358	4042	0	9762	0	23974	0	10776	0	666	0	26288	3398	0	0	24536	2318	362	0	0	0	13022	0	10464	2608	2818	3704	774	696	1638	0	0	0	170	0	0	0	0	0	0	0	0	0	148	0	0	0	0	0	2150	0	0	0	1158	0	0	0	0	0	196	446	690	964	2274	212	4854	0	1156	0	12748	130	110	0	344	0	0	0	0	0	0	0	0	0	0	0	0	0	0	0	0	0	0	0	0	0	0	0	0	0	0	0	0	0	0	0	0	0	0	0	
317236	Frontal_Mid_R	468	14834	2358	46618	0	3572	358	0	0	3040	120	6806	0	14492	0	4906	0	778	4888	10814	0	0	970	3886	0	0	0	0	178	9284	550	2940	0	3614	190	304	0	1902	0	416	0	0	0	0	0	0	0	0	0	0	0	0	0	0	0	342	0	1508	0	0	0	192	0	522	0	0	0	120	0	0	2700	3274	122	7138	0	618	818	2704	0	0	0	122	0	0	0	0	0	0	0	152	0	0	0	0	0	0	0	0	0	0	0	0	0	0	0	0	0	0	0	0	0	0	0	0	0	0	
82700	Frontal_Mid_Orb_L	0	0	4038	0	11496	0	4042	0	0	0	0	0	1624	0	12722	0	0	0	328	0	178	170	0	0	590	0	1140	0	2686	0	0	0	0	0	0	0	0	0	0	0	0	0	0	0	0	0	0	0	0	0	0	0	0	0	0	0	0	0	0	0	0	0	0	0	0	0	0	0	0	0	424	150	1452	0	110	0	0	0	0	0	0	0	200	0	0	0	0	0	0	0	0	0	0	0	0	0	0	0	0	0	0	0	0	0	0	0	0	0	0	0	0	0	0	0	0	0	
38944	Frontal_Mid_Orb_R	0	0	0	1970	0	5546	0	3040	0	0	0	0	0	1334	0	5120	0	0	0	808	0	152	0	0	0	0	0	348	0	862	0	0	0	292	0	0	0	0	0	0	0	0	0	0	0	0	0	0	0	0	0	0	0	0	0	0	0	0	0	0	0	0	0	0	0	0	0	0	0	0	0	0	0	0	0	0	0	0	0	0	0	0	0	0	0	0	0	0	0	0	0	0	0	0	0	0	0	0	0	0	0	0	0	0	0	0	0	0	0	0	0	0	0	0	0	0	
244716	Frontal_Inf_Oper_L	9314	0	13844	3230	700	0	9762	120	0	0	0	0	13532	0	760	0	7456	0	10122	3144	0	0	3974	448	656	0	0	0	17656	0	7594	1364	670	948	0	0	614	0	0	0	0	0	0	0	0	0	0	0	0	0	602	0	0	0	136	0	2910	0	134	0	218	0	432	0	204	0	124	0	0	0	1988	0	2434	0	226	0	372	0	906	0	3630	0	1656	0	356	0	0	0	122	0	0	0	0	0	0	0	0	0	0	0	0	0	0	0	0	0	0	0	0	0	0	0	0	0	0	0	
201708	Frontal_Inf_Oper_R	230	13494	0	7150	0	146	0	6806	0	0	0	0	0	6920	0	472	0	3624	320	3356	0	0	0	844	0	0	0	0	0	16176	0	1106	0	428	306	394	0	4148	0	1026	0	0	0	246	0	0	0	0	0	0	0	274	0	436	0	3462	0	7562	0	0	0	338	0	1204	0	0	0	312	0	0	192	1544	0	10258	0	1086	326	1430	0	246	0	338	0	1248	0	390	0	0	0	3016	0	0	0	0	0	0	0	0	0	0	0	0	0	0	0	0	0	0	0	0	0	0	0	0	0	0	
201316	Frontal_Inf_Tri_L	1442	0	12744	336	2280	0	23974	0	1624	0	13532	0	0	0	12750	0	554	0	5438	324	0	0	2282	346	206	0	0	0	15952	0	2822	482	354	472	0	0	120	0	0	0	0	0	0	0	0	0	0	0	0	0	0	0	0	0	0	0	216	0	0	0	0	0	0	0	0	0	0	0	0	0	160	0	1066	0	0	0	0	0	182	0	402	0	598	0	0	0	0	0	0	0	0	0	0	0	0	0	0	0	0	0	0	0	0	0	0	0	0	0	0	0	0	0	0	0	0	0	
117380	Frontal_Inf_Tri_R	0	210	146	8474	0	1400	0	14492	0	1334	0	6920	0	0	0	2586	0	352	296	3140	0	0	234	2098	0	0	0	0	0	8036	0	2110	0	2598	0	0	0	416	0	0	0	0	0	0	0	0	0	0	0	0	0	0	0	0	0	0	0	130	0	0	0	0	0	0	0	0	0	0	0	0	0	172	0	2884	0	236	0	304	0	0	0	0	0	122	0	0	0	0	0	0	0	0	0	0	0	0	0	0	0	0	0	0	0	0	0	0	0	0	0	0	0	0	0	0	0	0	
192328	Frontal_Inf_Orb_L	0	0	12198	0	17872	0	10776	0	12722	0	760	0	12750	0	0	0	0	0	1954	0	966	312	0	0	192	0	1308	0	16396	0	244	0	114	0	0	0	148	0	0	0	134	0	0	0	0	0	0	0	0	0	0	0	0	0	0	0	0	0	0	0	0	0	0	0	0	0	0	0	0	0	954	264	5136	0	248	0	0	0	0	0	0	0	716	0	0	0	0	0	0	0	0	0	0	0	0	0	0	0	0	0	0	0	0	0	0	0	0	0	0	0	0	0	0	0	0	0	
67728	Frontal_Inf_Orb_R	0	0	0	4944	0	2322	0	4906	0	5120	0	472	0	2586	0	0	0	0	0	1910	0	1284	0	370	0	0	0	234	0	5894	0	0	0	516	0	0	0	0	0	0	0	0	0	0	0	0	0	0	0	0	0	0	0	0	0	0	0	0	0	0	0	0	0	0	0	0	0	0	0	0	0	184	0	1736	0	566	0	0	0	0	0	138	0	382	0	300	0	0	0	0	0	0	0	0	0	0	0	0	0	0	0	0	0	0	0	0	0	0	0	0	0	0	0	0	0	0	
182052	Rolandic_Oper_L	12612	0	5614	628	0	0	666	0	0	0	7456	0	554	0	0	0	0	0	4902	592	0	0	0	0	0	0	0	0	14622	0	0	0	230	0	0	0	690	0	0	0	0	0	130	0	0	0	0	0	0	0	2364	0	400	0	334	0	9640	0	740	0	784	0	5290	0	120	0	352	0	0	0	694	0	1806	0	0	0	0	0	4970	0	10910	0	1808	0	1356	0	0	0	762	0	0	0	0	0	0	0	0	0	0	0	0	0	0	0	0	0	0	0	0	0	0	0	0	0	0	0	
82576	Rolandic_Oper_R	0	2048	0	1110	0	0	0	778	0	0	0	3624	0	352	0	0	0	0	0	896	0	0	0	0	0	0	0	0	0	10232	0	0	0	0	0	0	0	940	0	114	0	0	0	0	0	0	0	0	0	0	0	0	0	0	0	210	0	3886	0	782	0	934	0	2892	0	768	0	0	0	0	0	322	0	3904	0	794	0	0	0	2546	0	2114	0	1514	0	330	0	0	0	198	0	0	0	0	0	0	0	0	0	0	0	0	0	0	0	0	0	0	0	0	0	0	0	0	0	0	
911120	Supp_Motor_Area_L	23468	6914	109546	21066	1850	224	26288	4888	328	0	10122	320	5438	296	1954	0	4902	0	0	47502	0	0	10068	5690	686	0	0	0	22258	268	11408	9046	12300	18500	5058	798	3812	292	362	122	122	0	192	0	320	0	224	0	2294	0	2532	0	618	0	552	196	1304	0	0	142	166	170	128	0	0	124	848	228	16180	1468	18312	1884	24180	196	6844	0	4926	1192	608	0	1434	0	376	0	1174	0	0	0	732	120	0	0	0	0	0	0	0	0	0	0	0	0	0	0	0	0	0	0	0	0	0	0	0	0	0	0	
914504	Supp_Motor_Area_R	7890	8154	26026	97786	140	4276	3398	10814	0	808	3144	3356	324	3140	0	1910	592	896	47502	0	0	180	6618	23490	166	1328	0	318	1548	5744	5618	34716	7214	45406	3166	9838	0	1356	0	392	0	0	0	1250	0	662	0	0	0	866	150	678	0	380	226	1984	764	2578	0	752	130	1168	0	426	0	166	158	4284	5300	17380	9854	21132	1342	9834	168	2128	974	2388	122	0	142	0	0	346	0	150	0	0	0	1780	0	336	0	0	0	0	0	0	0	0	0	0	0	0	0	0	0	0	0	0	0	0	0	0	0	0	
64308	Olfactory_L	0	0	138	120	2098	176	0	0	178	0	0	0	0	0	966	0	0	0	0	0	0	4162	0	0	246	170	2336	744	1500	0	2050	826	0	0	0	0	162	0	266	0	292	0	0	0	0	0	0	0	0	0	0	0	0	0	0	0	0	0	0	0	0	0	0	0	0	0	0	0	0	0	5572	3392	2194	1740	556	2146	0	0	0	0	0	0	124	0	0	0	0	0	0	0	0	0	0	0	0	0	0	0	0	0	0	0	0	0	0	0	0	0	0	0	0	0	0	0	0	0	
102488	Olfactory_R	0	616	0	662	1448	724	0	0	170	152	0	0	0	0	312	1284	0	0	0	180	4162	0	0	0	214	3326	2126	3300	0	1600	2176	3706	0	0	0	0	0	0	0	122	0	328	0	0	0	0	0	0	0	0	0	0	0	0	0	0	0	0	0	0	0	0	0	0	0	0	0	0	0	0	5516	8490	2038	2926	674	3688	296	1008	0	0	0	0	0	0	0	0	0	0	0	0	0	0	0	0	0	0	0	0	0	0	0	0	0	0	0	0	0	0	0	0	0	0	0	0	0	0	
440744	Frontal_Sup_Medial_L	666	0	43276	13164	4602	240	24536	970	0	0	3974	0	2282	234	0	0	0	0	10068	6618	0	0	0	26574	4364	2004	162	0	2630	114	23892	21282	5238	13950	0	0	0	0	0	0	0	0	0	0	0	0	0	0	0	0	0	0	0	0	0	0	0	0	0	0	0	0	0	0	0	0	0	0	0	0	2686	2136	4028	682	0	0	0	0	0	0	0	0	0	0	0	0	0	0	0	0	0	0	0	0	0	0	0	0	0	0	0	0	0	0	0	0	0	0	0	0	0	0	0	0	0	0	
442240	Frontal_Sup_Medial_R	114	648	6090	45526	410	6994	2318	3886	0	0	448	844	346	2098	0	370	0	0	5690	23490	0	0	26574	0	1830	8620	0	388	0	702	5888	37956	1108	21206	0	0	0	0	0	0	0	0	0	0	0	0	0	0	0	0	0	0	0	0	0	0	0	362	0	0	0	0	0	0	0	0	0	0	0	0	356	8438	362	7256	0	650	0	152	0	0	0	0	0	0	0	0	0	0	0	0	0	0	0	0	0	0	0	0	0	0	0	0	0	0	0	0	0	0	0	0	0	0	0	0	0	0	
66712	Frontal_Med_Orb_L	198	0	2114	692	3756	224	362	0	590	0	656	0	206	0	192	0	0	0	686	166	246	214	4364	1830	0	2842	1830	146	1920	0	6558	1244	0	0	0	0	0	0	0	0	0	0	0	0	0	0	0	0	0	0	0	0	0	0	0	0	0	0	0	0	0	0	0	0	0	0	0	0	0	0	736	318	786	230	250	0	0	0	0	0	0	0	0	0	0	0	0	0	0	0	0	0	0	0	0	0	0	0	0	0	0	0	0	0	0	0	0	0	0	0	0	0	0	0	0	0	
123308	Frontal_Med_Orb_R	0	202	208	5108	390	8976	0	0	0	0	0	0	0	0	0	0	0	0	0	1328	170	3326	2004	8620	2842	0	522	4984	152	0	2370	8938	0	0	0	0	0	0	0	0	0	0	0	0	0	0	0	0	0	0	0	0	0	0	0	0	0	0	0	0	0	0	0	0	0	0	0	0	0	0	122	5270	0	4636	0	1374	0	112	0	0	0	0	0	0	0	0	0	0	0	0	0	0	0	0	0	0	0	0	0	0	0	0	0	0	0	0	0	0	0	0	0	0	0	0	0	0	
52696	Rectus_L	0	0	0	0	3948	214	0	0	1140	0	0	0	0	0	1308	0	0	0	0	0	2336	2126	162	0	1830	522	0	788	290	0	2352	662	0	0	0	0	0	0	0	0	0	0	0	0	0	0	0	0	0	0	0	0	0	0	0	0	0	0	0	0	0	0	0	0	0	0	0	0	0	0	3602	1638	1118	970	476	866	0	0	0	0	0	0	0	0	0	0	0	0	0	0	0	0	0	0	0	0	0	0	0	0	0	0	0	0	0	0	0	0	0	0	0	0	0	0	0	0	
46044	Rectus_R	0	276	0	662	236	4120	0	0	0	348	0	0	0	0	0	234	0	0	0	318	744	3300	0	388	146	4984	788	0	0	0	328	1778	0	0	0	0	0	0	0	0	0	0	0	0	0	0	0	0	0	0	0	0	0	0	0	0	0	0	0	0	0	0	0	0	0	0	0	0	0	0	814	2412	168	336	110	224	0	308	0	0	0	0	0	0	0	0	0	0	0	0	0	0	0	0	0	0	0	0	0	0	0	0	0	0	0	0	0	0	0	0	0	0	0	0	0	0	
509160	Insula_L	13746	0	34592	1634	12930	0	13022	178	2686	0	17656	0	15952	0	16396	0	14622	0	22258	1548	1500	0	2630	0	1920	152	290	0	0	0	4772	222	614	144	430	0	10156	0	1202	0	760	0	150	0	0	0	158	0	0	0	2956	0	452	0	3462	0	6544	0	942	0	574	0	982	0	0	0	858	0	0	0	2022	0	17432	0	0	0	1136	0	6010	0	8328	0	4518	0	1474	0	162	0	4408	0	0	0	0	0	0	0	0	0	0	0	0	0	0	0	0	0	0	0	0	0	0	0	0	0	0	0	
344916	Insula_R	416	11630	0	9154	0	976	0	9284	0	862	0	16176	0	8036	0	5894	0	10232	268	5744	0	1600	114	702	0	0	0	0	0	0	0	366	0	1230	538	1028	0	10734	0	2638	0	0	0	612	0	110	0	240	0	176	0	480	0	782	0	8370	0	5260	0	268	0	312	0	694	0	280	0	904	0	0	0	558	0	27206	0	1640	664	1896	0	2710	0	4726	0	3444	0	3810	0	118	0	9258	0	190	0	0	0	0	0	0	0	128	0	0	0	0	0	0	0	0	0	0	0	0	0	0	0	0	
363536	Cingulum_Ant_L	1310	248	18458	7796	3928	434	10464	550	0	0	7594	0	2822	0	244	0	0	0	11408	5618	2050	2176	23892	5888	6558	2370	2352	328	4772	0	0	20228	6916	8048	876	0	196	0	0	0	0	0	0	0	0	0	0	0	0	0	0	0	0	0	0	0	0	0	0	0	0	0	0	0	0	0	138	0	116	0	7954	4226	7336	2178	754	1336	206	0	0	0	0	0	0	0	0	0	0	0	0	0	0	0	0	0	0	0	0	0	0	0	0	0	0	0	0	0	0	0	0	0	0	0	0	0	0	0	
592180	Cingulum_Ant_R	332	1234	9322	46002	560	5604	2608	2940	0	0	1364	1106	482	2110	0	0	0	0	9046	34716	826	3706	21282	37956	1244	8938	662	1778	222	366	20228	0	6640	32426	572	930	0	0	0	0	0	0	0	0	0	0	0	0	0	0	0	0	0	0	0	0	0	566	0	0	0	0	0	0	0	0	0	130	0	0	3228	21058	1874	11888	0	1968	0	176	0	0	0	0	0	0	0	0	0	0	0	0	0	0	0	0	0	0	0	0	0	0	0	0	0	0	0	0	0	0	0	0	0	0	0	0	0	0	
237408	Cingulum_Mid_L	894	152	3226	2282	154	0	2818	0	0	0	670	0	354	0	114	0	230	0	12300	7214	0	0	5238	1108	0	0	0	0	614	0	6916	6640	0	16850	6190	1904	0	0	0	0	0	0	1548	0	2976	138	0	0	2730	0	7400	0	666	0	418	0	806	0	738	0	2106	0	830	0	1676	0	8570	1962	6238	710	0	232	114	0	0	0	0	0	274	0	124	0	0	0	2090	0	0	0	490	0	0	0	0	0	0	0	0	0	0	0	0	0	0	0	0	0	0	0	0	0	0	0	0	0	0	0	
551712	Cingulum_Mid_R	2266	2570	7872	24590	282	216	3704	3614	0	292	948	428	472	2598	0	516	0	0	18500	45406	0	0	13950	21206	0	0	0	0	144	1230	8048	32426	16850	0	3294	11394	0	372	0	0	0	0	0	3458	0	3036	0	0	148	2302	116	1226	0	682	0	1272	0	3458	0	746	0	226	0	0	0	470	1028	12484	2204	14874	348	1298	394	1108	0	0	196	0	0	0	0	0	0	0	0	0	0	0	0	1392	0	202	0	0	0	0	0	0	0	0	0	0	0	0	0	0	0	0	0	0	0	0	0	0	0	0	
181104	Cingulum_Post_L	6708	1654	1070	1152	0	0	774	190	0	0	0	306	0	0	0	0	0	0	5058	3166	0	0	0	0	0	0	0	0	430	538	876	572	6190	3294	0	8244	5986	3060	1300	1344	0	0	2226	296	1636	0	778	0	1578	0	1674	0	128	0	586	376	374	180	0	0	0	0	0	0	0	0	9794	1966	4890	1256	240	0	126	0	298	0	4360	1808	504	0	530	0	0	0	1402	0	0	0	1634	0	0	0	0	0	0	0	0	0	0	0	0	0	0	0	0	0	0	0	0	0	0	0	0	0	0	0	
188660	Cingulum_Post_R	4972	2354	1018	690	0	0	696	304	0	0	0	394	0	0	0	0	0	0	798	9838	0	0	0	0	0	0	0	0	0	1028	0	930	1904	11394	8244	0	290	7252	0	3382	0	0	0	3170	136	302	0	1172	0	258	200	146	0	0	0	1574	130	1634	0	0	128	0	0	0	0	0	1340	9918	506	7118	388	0	0	154	0	0	5328	3728	0	234	0	212	0	0	0	0	0	0	0	416	0	180	0	0	0	0	0	144	0	0	0	0	0	0	0	0	0	0	0	0	326	0	0	0	0	0	
227944	Hippocampus_L	8500	0	4396	0	0	0	1638	0	0	0	614	0	120	0	148	0	690	0	3812	0	162	0	0	0	0	0	0	0	10156	0	196	0	0	0	5986	290	0	274	10402	216	5222	0	1570	0	0	0	3588	0	0	0	360	0	334	0	10616	0	1680	0	0	0	0	0	126	0	0	0	6104	0	1234	0	0	0	5052	0	1650	0	6492	154	2702	0	4406	0	1594	0	2440	0	170	0	10594	0	0	0	0	0	0	0	0	0	284	0	0	0	0	0	0	0	0	0	0	0	0	0	0	0	0	0	
319580	Hippocampus_R	3020	6756	330	1850	0	0	0	1902	0	0	0	4148	0	416	0	0	0	940	292	1356	0	0	0	0	0	0	0	0	0	10734	0	0	0	372	3060	7252	274	0	0	26254	0	7150	0	1752	0	120	0	3424	0	120	0	206	0	0	0	27854	0	1856	0	0	0	0	0	340	0	0	0	4804	0	366	230	0	0	13770	0	130	4768	6502	0	590	0	560	0	706	0	1034	0	0	0	12120	0	388	0	0	0	0	0	1144	0	478	0	0	0	0	0	0	0	0	0	0	422	0	0	0	0	0	
70620	ParaHippocampal_L	580	0	390	0	0	0	0	0	0	0	0	0	0	0	0	0	0	0	362	0	266	0	0	0	0	0	0	0	1202	0	0	0	0	0	1300	0	10402	0	0	0	1320	0	1272	0	0	0	3278	0	0	0	308	0	266	0	5208	0	0	0	0	0	0	0	0	0	0	0	2134	0	0	0	0	0	550	0	0	0	646	0	128	0	1350	0	302	0	472	0	0	0	2234	0	176	0	0	0	132	210	522	0	300	0	0	0	0	0	0	0	0	0	0	0	0	0	0	0	0	0	
173676	ParaHippocampal_R	1300	1828	124	316	0	0	0	416	0	0	0	1026	0	0	0	0	0	114	122	392	0	122	0	0	0	0	0	0	0	2638	0	0	0	0	1344	3382	216	26254	0	0	0	5770	0	962	0	0	0	3076	0	0	0	0	0	0	0	17114	0	492	0	0	0	0	0	0	0	0	0	3096	0	0	0	0	0	6462	0	0	1720	2926	0	124	0	0	0	396	0	0	0	144	0	2792	0	192	0	0	0	184	0	1258	0	288	0	0	0	0	0	0	0	0	0	0	248	0	0	0	0	0	
28928	Amygdala_L	190	0	240	0	0	0	170	0	0	0	0	0	0	0	134	0	0	0	122	0	292	0	0	0	0	0	0	0	760	0	0	0	0	0	0	0	5222	0	1320	0	0	0	0	0	0	0	0	0	0	0	0	0	0	0	4074	0	0	0	0	0	0	0	0	0	0	0	0	0	0	0	0	0	352	0	0	0	214	0	0	0	0	0	504	0	0	0	118	0	752	0	0	0	0	0	0	0	0	0	0	0	0	0	0	0	0	0	0	0	0	0	0	0	0	0	0	0	
43264	Amygdala_R	0	0	0	0	0	0	0	0	0	0	0	0	0	0	0	0	0	0	0	0	0	328	0	0	0	0	0	0	0	0	0	0	0	0	0	0	0	7150	0	5770	0	0	0	0	0	0	0	0	0	0	0	0	0	0	0	6310	0	0	0	0	0	0	0	0	0	0	0	0	0	0	0	0	0	302	0	0	0	0	0	0	0	0	0	712	0	0	0	0	0	1060	0	0	0	0	0	0	0	0	0	0	0	0	0	0	0	0	0	0	0	0	0	0	0	0	0	0	
272012	Calcarine_L	438	0	0	0	0	0	0	0	0	0	0	0	0	0	0	0	130	0	192	0	0	0	0	0	0	0	0	0	150	0	0	0	1548	0	2226	0	1570	0	1272	0	0	0	0	6046	21304	4870	14960	2210	14578	1842	22750	150	8446	0	3670	156	588	0	758	0	226	0	0	0	0	0	14908	714	2368	0	0	0	0	0	0	0	0	0	918	0	178	0	0	0	2476	0	0	0	450	0	256	474	0	0	0	0	326	558	700	536	0	0	0	0	0	0	0	0	0	0	792	272	0	0	0	0	
387724	Calcarine_R	128	2372	0	120	0	0	0	0	0	0	0	246	0	0	0	0	0	0	0	1250	0	0	0	0	0	0	0	0	0	612	0	0	0	3458	296	3170	0	1752	0	962	0	0	6046	0	4196	30708	2294	18490	156	24412	0	11370	0	6730	0	12470	0	3830	0	910	0	996	0	764	0	1440	2430	33608	0	3460	0	0	0	320	0	162	0	0	0	0	0	0	0	0	0	2434	0	0	0	9298	0	1926	0	0	0	0	128	0	0	616	0	0	0	0	0	0	0	0	0	0	302	0	0	0	0	0	
268068	Cuneus_L	198	0	0	0	0	0	0	0	0	0	0	0	0	0	0	0	0	0	320	0	0	0	0	0	0	0	0	0	0	0	0	0	2976	0	1636	136	0	0	0	0	0	0	21304	4196	0	7062	3172	190	25940	1462	14616	174	2768	0	1736	0	782	0	4446	152	586	0	0	0	154	0	26512	4630	5308	0	0	0	0	0	0	0	0	0	654	0	192	0	0	0	2138	0	0	0	398	0	0	0	0	0	0	0	0	0	196	0	0	0	0	0	0	0	0	0	0	0	0	0	0	0	0	0	
322880	Cuneus_R	118	1430	0	0	0	0	0	0	0	0	0	0	0	0	0	0	0	0	0	662	0	0	0	0	0	0	0	0	0	110	0	0	138	3036	0	302	0	120	0	0	0	0	4870	30708	7062	0	1720	10076	634	39024	190	13506	0	3242	0	4156	0	1296	0	3400	0	444	0	334	0	1016	5966	22916	0	1676	0	0	0	0	0	0	0	0	0	0	0	0	0	0	0	1058	0	0	0	1694	0	340	0	0	0	0	0	0	0	196	0	0	0	0	0	0	0	0	0	0	0	0	0	0	0	0	
349348	Lingual_L	598	0	0	0	0	0	0	0	0	0	0	0	0	0	0	0	0	0	224	0	0	0	0	0	0	0	0	0	158	0	0	0	0	0	778	0	3588	0	3278	0	0	0	14960	2294	3172	1720	0	5294	7028	1110	20664	470	12540	530	21616	1720	146	0	400	0	0	0	0	0	0	0	3182	0	0	0	0	0	0	0	0	0	936	0	158	0	180	0	0	0	480	0	0	0	548	0	7874	2902	672	508	0	0	10788	2350	19524	4660	0	0	0	466	0	204	0	0	142	0	5344	8072	1594	606	882	314	
327452	Lingual_R	0	194	0	0	0	0	0	0	0	0	0	0	0	0	0	0	0	0	0	0	0	0	0	0	0	0	0	0	0	240	0	0	0	0	0	1172	0	3424	0	3076	0	0	2210	18490	190	10076	5294	0	0	9400	472	4470	634	6850	1094	22270	0	132	0	0	0	240	0	244	0	0	156	7060	0	0	0	0	0	546	0	0	0	330	0	0	0	0	0	0	0	0	0	0	0	420	560	9802	144	500	0	992	3220	9908	4130	14128	0	0	216	582	0	560	0	0	0	0	7680	7388	838	1022	1920	1452	
257484	Occipital_Sup_L	110	0	0	0	0	0	0	0	0	0	0	0	0	0	0	0	0	0	2294	0	0	0	0	0	0	0	0	0	0	0	0	0	2730	148	1578	0	0	0	0	0	0	0	14578	156	25940	634	7028	0	0	0	33352	0	4874	0	2408	0	214	0	6248	214	1382	0	0	0	0	0	18322	1546	644	0	0	0	0	0	0	0	0	0	246	0	0	0	0	0	3200	0	0	0	274	0	0	0	0	0	0	0	150	0	324	0	0	0	0	0	0	0	0	0	0	0	148	0	0	0	0	0	
343544	Occipital_Sup_R	0	2428	0	134	0	0	0	0	0	0	0	0	0	0	0	0	0	0	0	866	0	0	0	0	0	0	0	0	0	176	0	0	0	2302	0	258	0	120	0	0	0	0	1842	24412	1462	39024	1110	9400	0	0	0	25420	0	3580	0	4868	0	2922	0	9538	0	6490	0	2118	0	7544	1492	15008	0	1924	0	0	0	154	0	112	0	0	0	0	0	316	0	0	0	3254	0	0	0	3118	0	182	0	0	0	0	0	0	0	198	0	0	0	0	0	0	0	0	0	0	0	0	0	0	0	0	
688348	Occipital_Mid_L	6636	168	0	0	0	0	148	0	0	0	602	0	0	0	0	0	2364	0	2532	150	0	0	0	0	0	0	0	0	2956	0	0	0	7400	116	1674	200	360	0	308	0	0	0	22750	0	14616	190	20664	472	33352	0	0	0	29934	0	15692	0	15654	0	24098	0	23528	0	5684	0	17836	0	20946	560	13894	0	0	0	0	0	0	0	160	0	3882	0	1908	0	0	0	31952	0	0	0	9678	0	654	122	0	0	0	0	1864	372	3900	422	0	0	0	0	0	0	0	0	0	0	1530	1510	0	152	364	220	
253412	Occipital_Mid_R	0	2072	0	0	0	0	0	0	0	0	0	274	0	0	0	0	0	0	0	678	0	0	0	0	0	0	0	0	0	480	0	0	0	1226	0	146	0	206	0	0	0	0	150	11370	174	13506	470	4470	0	25420	0	0	0	4188	0	4620	0	1806	0	3566	0	6088	0	2004	0	14832	326	9406	0	1454	0	0	0	216	0	128	0	0	0	0	0	1076	0	0	0	12990	0	0	0	3050	0	168	0	0	0	0	0	0	0	146	0	0	0	0	0	0	0	0	0	0	0	0	0	0	0	0	
234892	Occipital_Inf_L	824	0	0	0	0	0	0	0	0	0	0	0	0	0	0	0	400	0	618	0	0	0	0	0	0	0	0	0	452	0	0	0	666	0	128	0	334	0	266	0	0	0	8446	0	2768	0	12540	634	4874	0	29934	0	0	0	19316	0	1232	0	398	0	334	0	0	0	0	0	2350	0	668	0	0	0	0	0	0	0	0	0	2006	0	556	0	0	0	6034	0	0	0	3314	0	1804	0	142	0	0	0	2794	742	6232	638	0	0	0	0	0	0	0	0	0	0	2494	2174	122	236	606	370	
116904	Occipital_Inf_R	0	1152	0	0	0	0	0	0	0	0	0	436	0	0	0	0	0	0	0	380	0	0	0	0	0	0	0	0	0	782	0	0	0	682	0	0	0	0	0	0	0	0	0	6730	0	3242	530	6850	0	3580	0	4188	0	0	0	8720	0	772	0	280	0	254	0	196	0	146	116	3776	0	986	0	0	0	0	0	0	0	0	0	0	0	0	0	0	0	1474	0	0	0	5436	0	900	0	0	0	0	0	116	588	2956	0	0	0	0	0	0	0	0	0	0	240	2098	128	118	274	326	
462428	Fusiform_L	1694	214	314	0	0	0	0	0	0	0	136	0	0	0	0	0	334	0	552	226	0	0	0	0	0	0	0	0	3462	0	0	0	418	0	586	0	10616	0	5208	0	4074	0	3670	0	1736	0	21616	1094	2408	0	15692	0	19316	0	0	202	1036	0	320	0	222	0	0	0	0	0	2754	0	640	0	0	0	312	0	0	0	342	0	2442	0	2844	0	828	0	2694	0	418	0	12592	0	26284	388	6054	472	310	0	13914	1556	37650	1480	5218	0	3402	490	356	146	886	0	0	0	4422	4282	560	696	1090	546	
541016	Fusiform_R	464	8134	0	520	0	0	0	342	0	0	0	3462	0	0	0	0	0	210	196	1984	0	0	0	0	0	0	0	0	0	8370	0	0	0	1272	376	1574	0	27854	0	17114	0	6310	156	12470	0	4156	1720	22270	0	4868	0	4620	0	8720	202	0	0	2688	0	608	0	744	0	244	0	324	0	10568	146	1588	0	0	0	7806	0	0	428	1024	0	346	0	494	0	2234	0	1486	0	1606	0	28232	340	19948	0	2888	0	624	1038	9062	1614	21590	0	192	198	2662	0	610	0	482	0	0	3402	4210	706	746	1388	878	
315680	Postcentral_L	31742	180	2054	712	0	0	2150	0	0	0	2910	0	216	0	0	0	9640	0	1304	764	0	0	0	0	0	0	0	0	6544	0	0	0	806	0	374	130	1680	0	0	0	0	0	588	0	782	0	146	0	214	0	15654	0	1232	0	1036	0	0	0	11148	0	24276	0	7880	0	1428	0	4364	0	10040	0	1778	0	596	0	0	0	1308	0	3840	0	4768	0	0	0	3424	0	0	0	2132	0	0	0	0	0	0	0	0	0	0	0	0	0	0	0	0	0	0	0	0	0	0	0	0	0	0	0	
304944	Postcentral_R	144	24346	126	2404	0	218	0	1508	0	0	0	7562	0	130	0	0	0	3886	0	2578	0	0	0	362	0	0	0	0	0	5260	0	566	0	3458	180	1634	0	1856	0	492	0	0	0	3830	0	1296	0	132	0	2922	0	1806	0	772	0	2688	0	0	0	12044	0	14952	0	14308	0	2996	242	7202	0	8974	272	1638	0	3976	0	764	122	376	0	300	0	2062	0	130	0	4064	0	0	0	7894	0	0	0	0	0	0	0	0	0	0	0	0	0	0	0	0	0	0	0	0	0	0	0	0	0	0	
199712	Parietal_Sup_L	1466	0	0	0	0	0	0	0	0	0	134	0	0	0	0	0	740	0	0	0	0	0	0	0	0	0	0	0	942	0	0	0	738	0	0	0	0	0	0	0	0	0	758	0	4446	0	400	0	6248	0	24098	0	398	0	320	0	11148	0	0	0	16340	0	566	0	2082	0	15824	128	9080	0	0	0	0	0	0	0	0	0	666	0	518	0	0	0	1146	0	0	0	1670	0	0	0	0	0	0	0	0	0	0	0	0	0	0	0	0	0	0	0	0	0	0	0	0	0	0	0	
195116	Parietal_Sup_R	0	2740	146	136	0	0	0	0	0	0	0	0	0	0	0	0	0	782	142	752	0	0	0	0	0	0	0	0	0	268	0	0	0	746	0	0	0	0	0	0	0	0	0	910	152	3400	0	0	214	9538	0	3566	0	280	0	608	0	12044	0	0	0	21704	0	4772	0	13174	2956	10568	0	2856	164	386	156	214	0	0	0	0	0	224	0	1002	0	0	0	1110	0	0	0	1848	0	0	0	0	0	0	0	0	0	0	0	0	0	0	0	0	0	0	0	0	0	0	0	0	0	0	
273800	Parietal_Inf_L	7688	0	596	0	0	0	1158	0	0	0	218	0	0	0	0	0	784	0	166	130	0	0	0	0	0	0	0	0	574	0	0	0	2106	0	0	128	0	0	0	0	0	0	226	0	586	0	0	0	1382	0	23528	0	334	0	222	0	24276	0	16340	0	0	0	17766	0	15188	0	1564	0	5884	0	0	0	0	0	0	0	0	0	600	0	1196	0	0	0	9320	0	0	0	4940	0	0	0	0	0	0	0	0	0	0	0	0	0	0	0	0	0	0	0	0	0	0	0	0	0	0	0	
218640	Parietal_Inf_R	0	3052	170	350	0	0	0	192	0	0	0	338	0	0	0	0	0	934	170	1168	0	0	0	0	0	0	0	0	0	312	0	0	0	226	0	0	0	0	0	0	0	0	0	996	0	444	0	240	0	6490	0	6088	0	254	0	744	0	14952	0	21704	0	0	0	16340	0	21026	218	2722	0	1634	198	508	188	300	0	0	0	0	0	252	0	1372	0	0	0	2086	0	0	0	3652	0	0	0	0	0	0	0	0	0	0	0	0	0	0	0	0	0	0	0	0	0	0	0	0	0	0	
171260	SupraMarginal_L	5636	0	0	0	0	0	0	0	0	0	432	0	0	0	0	0	5290	0	128	0	0	0	0	0	0	0	0	0	982	0	0	0	830	0	0	0	126	0	0	0	0	0	0	0	0	0	0	0	0	0	5684	0	0	0	0	0	7880	0	566	0	17766	0	0	0	8074	0	358	0	0	0	0	0	0	0	0	0	0	0	1022	0	8606	0	0	0	14936	0	0	0	7314	0	0	0	0	0	0	0	0	0	0	0	0	0	0	0	0	0	0	0	0	0	0	0	0	0	0	0	
143784	SupraMarginal_R	0	2470	0	758	0	0	0	522	0	0	0	1204	0	0	0	0	0	2892	0	426	0	0	0	0	0	0	0	0	0	694	0	0	0	0	0	0	0	340	0	0	0	0	0	764	0	334	0	244	0	2118	0	2004	0	196	0	244	0	14308	0	4772	0	16340	0	0	0	9280	0	1084	0	616	0	140	0	550	0	280	0	0	0	332	0	3906	0	0	0	1204	0	0	0	3870	0	0	0	0	0	0	0	0	0	0	0	0	0	0	0	0	0	0	0	0	0	0	0	0	0	0	
122216	Angular_L	1398	0	0	0	0	0	0	0	0	0	204	0	0	0	0	0	120	0	0	0	0	0	0	0	0	0	0	0	0	0	0	0	1676	0	0	0	0	0	0	0	0	0	0	0	154	0	0	0	0	0	17836	0	0	0	0	0	1428	0	2082	0	15188	0	8074	0	0	0	246	0	496	0	0	0	0	0	0	0	0	0	0	0	1464	0	0	0	9302	0	0	0	1440	0	0	0	0	0	0	0	0	0	0	0	0	0	0	0	0	0	0	0	0	0	0	0	0	0	0	0	
174432	Angular_R	0	482	126	0	0	0	0	0	0	0	0	0	0	0	0	0	0	768	124	166	0	0	0	0	0	0	0	0	0	280	0	0	0	470	0	0	0	0	0	0	0	0	0	1440	0	1016	0	0	0	7544	0	14832	0	146	0	324	0	2996	0	13174	0	21026	0	9280	0	0	0	2054	0	188	138	274	140	170	0	0	0	0	0	228	0	3840	0	0	0	4822	0	0	0	1168	0	0	0	0	0	0	0	0	0	0	0	0	0	0	0	0	0	0	0	0	0	0	0	0	0	0	
395104	Precuneus_L	2490	154	0	0	0	0	196	0	0	0	124	0	0	0	0	0	352	0	848	158	0	0	0	0	0	0	0	0	858	0	138	0	8570	1028	9794	1340	6104	0	2134	0	0	0	14908	2430	26512	5966	3182	156	18322	1492	20946	326	2350	116	2754	0	4364	242	15824	2956	1564	218	358	0	246	0	0	17530	10994	344	0	0	0	0	0	0	284	0	1062	0	878	0	0	0	4030	0	0	0	2472	120	160	0	0	0	0	0	0	0	158	0	0	0	0	0	0	0	0	0	0	0	0	0	0	0	0	0	
441364	Precuneus_R	744	4488	310	228	0	0	446	120	0	0	0	312	0	0	0	0	0	0	228	4284	0	0	0	0	0	0	0	0	0	904	0	130	1962	12484	1966	9918	0	4804	0	3096	0	0	714	33608	4630	22916	0	7060	1546	15008	560	9406	0	3776	0	10568	0	7202	128	10568	0	2722	0	1084	0	2054	17530	0	606	9380	0	0	0	478	0	0	184	260	0	180	0	178	0	0	0	1006	0	0	0	8516	0	1190	0	0	0	0	0	454	0	262	0	0	0	0	0	0	0	0	0	0	484	0	0	0	0	0	
282844	Paracentral_Lobule_L	15446	3146	9580	2836	0	0	690	0	0	0	0	0	0	0	0	0	0	0	16180	5300	0	0	0	0	0	0	0	0	0	0	116	0	6238	2204	4890	506	1234	0	0	0	0	0	2368	0	5308	0	0	0	644	0	13894	0	668	0	640	146	10040	0	9080	0	5884	0	0	0	496	0	10994	606	0	1358	1550	0	2352	0	2990	0	2584	0	198	0	0	0	0	0	1086	0	0	0	170	0	0	0	0	0	0	0	0	0	0	0	0	0	0	0	0	0	0	0	0	0	0	0	0	0	0	0	
191140	Paracentral_Lobule_R	2018	7564	1124	1090	0	0	964	0	0	0	0	0	0	0	0	0	0	0	1468	17380	0	0	0	0	0	0	0	0	0	0	0	0	710	14874	1256	7118	0	366	0	0	0	0	0	3460	0	1676	0	0	0	1924	0	1454	0	986	0	1588	0	8974	0	2856	0	1634	0	616	0	188	344	9380	1358	0	0	274	0	0	128	0	226	186	0	0	0	0	0	0	0	180	0	0	0	1938	0	268	0	0	0	0	0	0	0	0	0	0	0	0	0	0	0	0	0	0	0	0	0	0	0	0	
322300	Caudate_L	4876	1866	18474	11086	2564	190	2274	2700	424	0	1988	192	160	0	954	0	694	0	18312	9854	5572	5516	2686	356	736	122	3602	814	2022	0	7954	3228	0	348	240	388	0	230	0	0	0	0	0	0	0	0	0	0	0	0	0	0	0	0	0	0	1778	272	0	164	0	198	0	0	0	138	0	0	1550	0	0	10300	17162	3650	4038	4658	5304	1300	0	0	216	0	0	0	0	0	0	0	0	0	0	0	0	0	0	0	0	0	0	0	0	0	0	0	0	0	0	0	0	0	0	0	0	0	0	0	
387928	Caudate_R	154	11842	1580	29020	1318	4780	212	3274	150	0	0	1544	0	172	264	184	0	322	1884	21132	3392	8490	2136	8438	318	5270	1638	2412	0	558	4226	21058	232	1298	0	0	0	0	0	0	0	0	0	0	0	0	0	0	0	0	0	0	0	0	0	0	0	1638	0	386	0	508	0	140	0	274	0	0	0	274	10300	0	3638	19522	716	7910	634	10726	0	0	0	0	0	0	0	0	0	0	0	0	0	0	0	0	0	0	0	0	0	0	0	0	0	0	0	0	0	0	0	0	0	0	0	0	0	0	
337760	Putamen_L	7468	222	27126	1524	7498	0	4854	122	1452	0	2434	0	1066	0	5136	0	1806	0	24180	1342	2194	2038	4028	362	786	0	1118	168	17432	0	7336	1874	114	394	126	0	5052	0	550	0	352	0	0	0	0	0	0	0	0	0	0	0	0	0	312	0	596	0	0	156	0	188	0	0	0	140	0	0	2352	0	17162	3638	0	1164	8272	2006	1818	0	0	0	252	0	436	0	0	0	0	0	234	0	0	0	0	0	0	0	0	0	0	0	0	0	0	0	0	0	0	0	0	0	0	0	0	0	0	0	
422428	Putamen_R	0	8572	116	17816	816	5642	0	7138	0	0	0	10258	0	2884	0	1736	0	3904	196	9834	1740	2926	682	7256	230	4636	970	336	0	27206	2178	11888	0	1108	0	154	0	13770	0	6462	0	302	0	320	0	0	0	546	0	154	0	216	0	0	0	7806	0	3976	0	214	0	300	0	550	0	170	0	478	0	0	3650	19522	1164	0	0	11986	146	1714	0	428	0	714	0	1362	0	910	0	0	0	4132	0	0	0	0	0	0	0	0	0	0	0	0	0	0	0	0	0	0	0	0	0	0	0	0	0	0	
90888	Pallidum_L	4778	132	7668	0	354	0	1156	0	110	0	226	0	0	0	248	0	0	0	6844	168	556	674	0	0	250	0	476	110	0	0	754	0	0	0	298	0	1650	0	0	0	0	0	0	0	0	0	0	0	0	0	0	0	0	0	0	0	0	0	0	0	0	0	0	0	0	0	0	0	2990	128	4038	716	8272	0	0	498	2350	0	0	0	0	0	0	0	0	0	0	0	0	0	0	0	0	0	0	0	0	0	0	0	0	0	0	0	0	0	0	0	0	0	0	0	0	0	0	0	
112904	Pallidum_R	0	1406	0	4456	826	1584	0	618	0	0	0	1086	0	236	0	566	0	794	0	2128	2146	3688	0	650	0	1374	866	224	0	1640	1336	1968	0	0	0	0	0	130	0	0	0	0	0	162	0	0	0	0	0	112	0	128	0	0	0	0	0	764	0	0	0	0	0	280	0	0	0	0	0	0	4658	7910	2006	11986	498	0	112	114	0	0	0	0	0	0	0	0	0	0	0	0	0	0	0	0	0	0	0	0	0	0	0	0	0	0	0	0	0	0	0	0	0	0	0	0	0	0	
242808	Thalamus_L	25386	2360	15314	1462	0	0	12748	818	0	0	372	326	0	0	0	0	0	0	4926	974	0	296	0	0	0	0	0	0	1136	664	206	0	0	196	4360	5328	6492	4768	646	1720	214	0	0	0	0	0	936	0	0	0	160	0	0	0	342	428	1308	122	0	0	0	0	0	0	0	0	284	184	2584	226	5304	634	1818	146	2350	112	0	10650	508	0	614	0	0	0	674	0	0	0	946	0	0	0	0	0	0	0	0	0	0	0	0	0	0	0	0	0	0	0	0	362	0	0	0	0	0	0	
172052	Thalamus_R	1954	16666	1468	11802	0	112	130	2704	0	0	0	1430	0	304	0	0	0	0	1192	2388	0	1008	0	152	0	112	0	308	0	1896	0	176	0	0	1808	3728	154	6502	0	2926	0	0	0	0	0	0	0	330	0	0	0	0	0	0	0	1024	0	376	0	0	0	0	0	0	0	0	0	260	0	186	1300	10726	0	1714	0	114	10650	0	0	0	0	0	0	0	0	0	0	0	0	176	0	0	0	0	0	0	0	0	0	0	0	0	0	0	0	0	0	0	0	250	0	0	0	0	0	0	
102236	Heschl_L	4392	0	612	124	0	0	110	0	0	0	906	0	182	0	0	0	4970	0	608	122	0	0	0	0	0	0	0	0	6010	0	0	0	274	0	504	0	2702	0	128	0	0	0	918	0	654	0	158	0	246	0	3882	0	2006	0	2442	0	3840	0	666	0	600	0	1022	0	0	0	1062	0	198	0	0	0	0	0	0	0	508	0	0	0	4170	0	116	0	3740	0	0	0	3054	0	192	0	0	0	0	0	0	0	0	0	0	0	0	0	0	0	0	0	0	0	0	0	0	0	0	0	
40396	Heschl_R	0	332	0	0	0	0	0	0	0	0	0	246	0	0	0	0	0	2546	0	0	0	0	0	0	0	0	0	0	0	2710	0	0	0	0	0	234	0	590	0	124	0	0	0	0	0	0	0	0	0	0	0	0	0	0	0	346	0	300	0	224	0	252	0	332	0	228	0	180	0	0	0	0	0	428	0	0	0	0	0	0	0	6672	0	530	0	3168	0	0	0	756	0	0	0	0	0	0	0	0	0	0	0	0	0	0	0	0	0	0	0	0	0	0	0	0	0	0	
238252	Temporal_Sup_L	4606	0	2058	168	0	0	344	0	0	0	3630	0	402	0	0	0	10910	0	1434	142	0	0	0	0	0	0	0	0	8328	0	0	0	124	0	530	0	4406	0	1350	0	0	0	178	0	192	0	180	0	0	0	1908	0	556	0	2844	0	4768	0	518	0	1196	0	8606	0	1464	0	878	0	0	0	216	0	252	0	0	0	614	0	4170	0	0	0	6240	0	25966	0	328	0	19620	0	0	0	0	0	0	0	0	0	0	0	0	0	0	0	0	0	0	0	0	0	0	0	0	0	0	0	
119452	Temporal_Sup_R	0	460	0	0	0	0	0	122	0	0	0	338	0	0	0	138	0	2114	0	0	0	0	0	0	0	0	0	0	0	4726	0	0	0	0	0	212	0	560	0	0	0	0	0	0	0	0	0	0	0	316	0	1076	0	0	0	494	0	2062	0	1002	0	1372	0	3906	0	3840	0	178	0	0	0	0	0	714	0	0	0	0	0	6672	0	0	0	7182	0	17266	0	1444	0	3532	0	0	0	0	0	0	0	0	0	0	0	0	0	0	0	0	0	0	0	0	0	0	0	0	0	0	
68748	Temporal_Pole_Sup_L	0	0	522	0	290	0	0	0	200	0	1656	0	598	0	716	0	1808	0	376	0	124	0	0	0	0	0	0	0	4518	0	0	0	0	0	0	0	1594	0	302	0	504	0	0	0	0	0	0	0	0	0	0	0	0	0	828	0	0	0	0	0	0	0	0	0	0	0	0	0	0	0	0	0	436	0	0	0	0	0	116	0	6240	0	0	0	7482	0	3380	0	2684	0	0	0	0	0	0	0	0	0	0	0	0	0	0	0	0	0	0	0	0	0	0	0	0	0	0	0	
71176	Temporal_Pole_Sup_R	0	148	0	380	0	0	0	0	0	0	0	1248	0	122	0	382	0	1514	0	346	0	0	0	0	0	0	0	0	0	3444	0	0	0	0	0	0	0	706	0	396	0	712	0	0	0	0	0	0	0	0	0	0	0	0	0	2234	0	130	0	0	0	0	0	0	0	0	0	0	0	0	0	0	0	1362	0	0	0	0	0	530	0	7182	0	0	0	6174	0	4020	0	4558	0	0	0	0	0	0	0	0	0	0	0	0	0	0	0	0	0	0	0	0	0	0	0	0	0	0	
363740	Temporal_Mid_L	1684	0	258	0	0	0	0	0	0	0	356	0	0	0	0	0	1356	0	1174	0	0	0	0	0	0	0	0	0	1474	0	0	0	2090	0	1402	0	2440	0	472	0	0	0	2476	0	2138	0	480	0	3200	0	31952	0	6034	0	2694	0	3424	0	1146	0	9320	0	14936	0	9302	0	4030	0	1086	0	0	0	0	0	0	0	674	0	3740	0	25966	0	7482	0	0	0	4452	0	34092	0	232	0	0	0	0	0	122	0	186	0	0	0	0	0	0	0	0	0	0	0	0	0	0	0	0	0	
184652	Temporal_Mid_R	0	798	0	0	0	0	0	0	0	0	0	390	0	0	0	300	0	330	0	150	0	0	0	0	0	0	0	0	0	3810	0	0	0	0	0	0	0	1034	0	0	0	0	0	2434	0	1058	0	0	0	3254	0	12990	0	1474	0	1486	0	4064	0	1110	0	2086	0	1204	0	4822	0	1006	0	180	0	0	0	910	0	0	0	0	0	3168	0	17266	0	6174	0	0	0	3276	0	17552	0	0	0	0	0	0	0	0	0	0	0	0	0	0	0	0	0	0	0	0	0	0	0	0	0	0	
22304	Temporal_Pole_Mid_L	0	0	0	0	0	0	0	0	0	0	0	0	0	0	0	0	0	0	0	0	0	0	0	0	0	0	0	0	162	0	0	0	0	0	0	0	170	0	0	0	118	0	0	0	0	0	0	0	0	0	0	0	0	0	418	0	0	0	0	0	0	0	0	0	0	0	0	0	0	0	0	0	0	0	0	0	0	0	0	0	328	0	3380	0	4452	0	0	0	2124	0	0	0	0	0	0	0	0	0	0	0	0	0	0	0	0	0	0	0	0	0	0	0	0	0	0	0	
27328	Temporal_Pole_Mid_R	0	0	0	0	0	0	0	0	0	0	0	0	0	0	0	0	0	0	0	0	0	0	0	0	0	0	0	0	0	118	0	0	0	0	0	0	0	0	0	144	0	0	0	0	0	0	0	0	0	0	0	0	0	0	0	1606	0	0	0	0	0	0	0	0	0	0	0	0	0	0	0	0	0	0	0	0	0	0	0	0	0	1444	0	4020	0	3276	0	0	0	3056	0	0	0	0	0	0	0	0	0	0	0	0	0	0	0	0	0	0	0	0	0	0	0	0	0	0	
278320	Temporal_Inf_L	1296	0	548	0	0	0	0	0	0	0	122	0	0	0	0	0	762	0	732	0	0	0	0	0	0	0	0	0	4408	0	0	0	490	0	1634	0	10594	0	2234	0	752	0	450	0	398	0	548	0	274	0	9678	0	3314	0	12592	0	2132	0	1670	0	4940	0	7314	0	1440	0	2472	0	170	0	0	0	234	0	0	0	946	0	3054	0	19620	0	2684	0	34092	0	2124	0	0	0	2066	0	1040	0	0	0	0	0	1306	0	574	0	456	0	0	0	0	0	0	0	0	0	0	0	0	0	
319964	Temporal_Inf_R	0	7254	0	334	0	0	0	152	0	0	0	3016	0	0	0	0	0	198	120	1780	0	0	0	0	0	0	0	0	0	9258	0	0	0	1392	0	416	0	12120	0	2792	0	1060	0	9298	0	1694	0	420	0	3118	0	3050	0	5436	0	28232	0	7894	0	1848	0	3652	0	3870	0	1168	120	8516	0	1938	0	0	0	4132	0	0	0	176	0	756	0	3532	0	4558	0	17552	0	3056	0	0	0	4154	0	580	0	0	0	598	0	592	0	0	0	150	0	0	0	0	0	0	0	0	0	0	0	0	
425836	Cerebelum_Crus1_L	0	0	0	0	0	0	0	0	0	0	0	0	0	0	0	0	0	0	0	0	0	0	0	0	0	0	0	0	0	0	0	0	0	0	0	0	0	0	176	0	0	0	256	0	0	0	7874	560	0	0	654	0	1804	0	26284	340	0	0	0	0	0	0	0	0	0	0	160	0	0	0	0	0	0	0	0	0	0	0	192	0	0	0	0	0	232	0	0	0	2066	0	0	2372	28350	2914	2456	936	19624	1354	54068	2144	12734	0	12734	2998	1634	1812	1234	0	1132	1418	5056	4632	6612	3318	2466	322	
434044	Cerebelum_Crus1_R	0	798	0	0	0	0	0	0	0	0	0	0	0	0	0	0	0	0	0	336	0	0	0	0	0	0	0	0	0	190	0	0	0	202	0	180	0	388	0	192	0	0	474	1926	0	340	2902	9802	0	182	122	168	0	900	388	19948	0	0	0	0	0	0	0	0	0	0	0	1190	0	268	0	0	0	0	0	0	0	0	0	0	0	0	0	0	0	0	0	0	0	4154	2372	0	724	26936	244	1790	2386	16886	4206	56450	298	2200	902	17676	256	1834	0	1576	404	498	8358	9596	6464	3764	4102	2050	
261888	Cerebelum_Crus2_L	0	0	0	0	0	0	0	0	0	0	0	0	0	0	0	0	0	0	0	0	0	0	0	0	0	0	0	0	0	0	0	0	0	0	0	0	0	0	0	0	0	0	0	0	0	0	672	144	0	0	0	0	142	0	6054	0	0	0	0	0	0	0	0	0	0	0	0	0	0	0	0	0	0	0	0	0	0	0	0	0	0	0	0	0	0	0	0	0	1040	0	28350	724	0	4236	898	0	2488	130	15130	452	30034	790	24844	1094	4250	180	1590	0	0	150	294	1458	3642	1800	358	0	
322060	Cerebelum_Crus2_R	0	0	0	0	0	0	0	0	0	0	0	0	0	0	0	0	0	0	0	0	0	0	0	0	0	0	0	0	0	0	0	0	0	0	0	0	0	0	0	0	0	0	0	0	0	0	508	500	0	0	0	0	0	0	472	2888	0	0	0	0	0	0	0	0	0	0	0	0	0	0	0	0	0	0	0	0	0	0	0	0	0	0	0	0	0	0	0	0	0	580	2914	26936	4236	0	756	2434	3962	3790	2300	13434	2214	12832	4768	32942	1498	4228	0	1676	412	610	4918	936	9250	10920	7508	608	
61492	Cerebelum_3_L	0	0	0	0	0	0	0	0	0	0	0	0	0	0	0	0	0	0	0	0	0	0	0	0	0	0	0	0	0	0	0	0	0	0	0	0	0	0	132	0	0	0	0	0	0	0	0	0	0	0	0	0	0	0	310	0	0	0	0	0	0	0	0	0	0	0	0	0	0	0	0	0	0	0	0	0	0	0	0	0	0	0	0	0	0	0	0	0	0	0	2456	244	898	756	0	706	7336	196	2602	170	140	0	1990	1210	1506	768	0	0	842	2416	1218	480	1710	1258	1142	260	
85484	Cerebelum_3_R	0	0	0	0	0	0	0	0	0	0	0	0	0	0	0	0	0	0	0	0	0	0	0	0	0	0	0	0	0	0	0	0	0	0	0	0	0	0	210	184	0	0	0	0	0	0	0	992	0	0	0	0	0	0	0	624	0	0	0	0	0	0	0	0	0	0	0	0	0	0	0	0	0	0	0	0	0	0	0	0	0	0	0	0	0	0	0	0	0	0	936	1790	0	2434	706	0	1552	5282	616	2612	0	0	1252	3378	132	3682	0	0	682	3056	3490	0	2314	3414	3404	0	
351648	Cerebelum_4_5_L	0	0	0	0	0	0	0	0	0	0	0	0	0	0	0	0	0	0	0	0	0	0	0	0	0	0	0	0	0	0	0	0	0	0	0	0	0	0	522	0	0	0	326	128	0	0	10788	3220	150	0	1864	0	2794	0	13914	1038	0	0	0	0	0	0	0	0	0	0	0	0	0	0	0	0	0	0	0	0	0	0	0	0	0	0	0	0	122	0	0	0	0	0	19624	2386	2488	3962	7336	1552	0	6116	34082	3594	1330	0	5232	4698	4334	2524	332	0	1692	2414	16768	5320	3986	4952	4872	1364	
263884	Cerebelum_4_5_R	0	0	0	0	0	0	0	0	0	0	0	0	0	0	0	0	0	0	0	0	0	0	0	0	0	0	0	0	0	0	0	0	0	0	0	144	0	1144	0	1258	0	0	558	0	0	0	2350	9908	0	0	372	0	742	116	1556	9062	0	0	0	0	0	0	0	0	0	0	0	454	0	0	0	0	0	0	0	0	0	0	0	0	0	0	0	0	0	0	0	0	0	598	1354	16886	130	3790	196	5282	6116	0	3358	25006	0	0	1150	5006	244	3114	0	526	0	952	15794	3166	2564	4032	4322	692	
538332	Cerebelum_6_L	0	0	0	0	0	0	0	0	0	0	0	0	0	0	0	0	0	0	0	0	0	0	0	0	0	0	0	0	0	0	0	0	0	0	0	0	284	0	300	0	0	0	700	0	196	0	19524	4130	324	0	3900	0	6232	588	37650	1614	0	0	0	0	0	0	0	0	0	0	158	0	0	0	0	0	0	0	0	0	0	0	0	0	0	0	0	0	186	0	0	0	1306	0	54068	4206	15130	2300	2602	616	34082	3358	0	6362	11208	0	9108	2618	2456	1438	1252	0	1194	1302	11808	14244	4498	3234	3612	1378	
434112	Cerebelum_6_R	0	0	0	0	0	0	0	0	0	0	0	0	0	0	0	0	0	0	0	0	0	0	0	0	0	0	0	0	0	128	0	0	0	0	0	0	0	478	0	288	0	0	536	616	0	196	4660	14128	0	198	422	146	638	2956	1480	21590	0	0	0	0	0	0	0	0	0	0	0	262	0	0	0	0	0	0	0	0	0	0	0	0	0	0	0	0	0	0	0	0	0	592	2144	56450	452	13434	170	2612	3594	25006	6362	0	0	754	694	11402	236	1860	0	2180	228	422	11980	13444	4658	3050	4172	2438	
211084	Cerebelum_7b_L	0	0	0	0	0	0	0	0	0	0	0	0	0	0	0	0	0	0	0	0	0	0	0	0	0	0	0	0	0	0	0	0	0	0	0	0	0	0	0	0	0	0	0	0	0	0	0	0	0	0	0	0	0	0	5218	0	0	0	0	0	0	0	0	0	0	0	0	0	0	0	0	0	0	0	0	0	0	0	0	0	0	0	0	0	0	0	0	0	574	0	12734	298	30034	2214	140	0	1330	0	11208	0	0	146	28034	1066	5484	130	1990	0	0	0	0	0	2550	2122	270	0	
80644	Cerebelum_7b_R	0	0	0	0	0	0	0	0	0	0	0	0	0	0	0	0	0	0	0	0	0	0	0	0	0	0	0	0	0	0	0	0	0	0	0	0	0	0	0	0	0	0	0	0	0	0	0	0	0	0	0	0	0	0	0	192	0	0	0	0	0	0	0	0	0	0	0	0	0	0	0	0	0	0	0	0	0	0	0	0	0	0	0	0	0	0	0	0	0	0	0	2200	790	12832	0	0	0	0	0	754	146	0	206	16396	184	3576	0	978	0	0	0	0	544	786	738	0	
330216	Cerebelum_8_L	0	0	0	0	0	0	0	0	0	0	0	0	0	0	0	0	0	0	0	0	0	0	0	0	0	0	0	0	0	0	0	0	0	0	0	0	0	0	0	0	0	0	0	0	0	0	0	216	0	0	0	0	0	0	3402	198	0	0	0	0	0	0	0	0	0	0	0	0	0	0	0	0	0	0	0	0	0	0	0	0	0	0	0	0	0	0	0	0	456	0	12734	902	24844	4768	1990	1252	5232	1150	9108	694	28034	206	0	7626	20542	4848	3222	626	816	1068	1830	736	8638	10844	7446	1680	
373932	Cerebelum_8_R	0	0	0	0	0	0	0	0	0	0	0	0	0	0	0	0	0	0	0	0	0	0	0	0	0	0	0	0	0	0	0	0	0	0	0	0	0	0	0	0	0	0	0	0	0	0	466	582	0	0	0	0	0	0	490	2662	0	0	0	0	0	0	0	0	0	0	0	0	0	0	0	0	0	0	0	0	0	0	0	0	0	0	0	0	0	0	0	0	0	150	2998	17676	1094	32942	1210	3378	4698	5006	2618	11402	1066	16396	7626	0	2816	20728	124	4596	1234	1544	6066	580	8456	14898	12454	1010	
138836	Cerebelum_9_L	0	0	0	0	0	0	0	0	0	0	0	0	0	0	0	0	0	0	0	0	0	0	0	0	0	0	0	0	0	0	0	0	0	0	0	0	0	0	0	0	0	0	0	0	0	0	0	0	0	0	0	0	0	0	356	0	0	0	0	0	0	0	0	0	0	0	0	0	0	0	0	0	0	0	0	0	0	0	0	0	0	0	0	0	0	0	0	0	0	0	1634	256	4250	1498	1506	132	4334	244	2456	236	5484	184	20542	2816	0	2980	3216	226	0	0	736	1000	2612	4674	5540	2506	
188212	Cerebelum_9_R	0	0	0	0	0	0	0	0	0	0	0	0	0	0	0	0	0	0	0	0	0	0	0	0	0	0	0	0	0	0	0	0	0	0	0	0	0	0	0	0	0	0	0	0	0	0	204	560	0	0	0	0	0	0	146	610	0	0	0	0	0	0	0	0	0	0	0	0	0	0	0	0	0	0	0	0	0	0	0	0	0	0	0	0	0	0	0	0	0	0	1812	1834	180	4228	768	3682	2524	3114	1438	1860	130	3576	4848	20728	2980	0	110	3072	1636	2054	4468	292	4818	9224	11362	1848	
28480	Cerebelum_10_L	0	0	0	0	0	0	0	0	0	0	0	0	0	0	0	0	0	0	0	0	0	0	0	0	0	0	0	0	0	0	0	0	0	0	0	0	0	0	0	0	0	0	0	0	0	0	0	0	0	0	0	0	0	0	886	0	0	0	0	0	0	0	0	0	0	0	0	0	0	0	0	0	0	0	0	0	0	0	0	0	0	0	0	0	0	0	0	0	0	0	1234	0	1590	0	0	0	332	0	1252	0	1990	0	3222	124	3216	110	0	0	138	146	0	0	0	0	0	0	
36452	Cerebelum_10_R	0	0	0	0	0	0	0	0	0	0	0	0	0	0	0	0	0	0	0	0	0	0	0	0	0	0	0	0	0	0	0	0	0	0	0	0	0	0	0	0	0	0	0	0	0	0	0	0	0	0	0	0	0	0	0	482	0	0	0	0	0	0	0	0	0	0	0	0	0	0	0	0	0	0	0	0	0	0	0	0	0	0	0	0	0	0	0	0	0	0	0	1576	0	1676	0	0	0	526	0	2180	0	978	626	4596	226	3072	0	0	0	0	0	0	452	854	982	0	
42088	Vermis_1_2	0	0	0	0	0	0	0	0	0	0	0	0	0	0	0	0	0	0	0	0	0	0	0	0	0	0	0	0	0	0	0	0	0	0	0	0	0	0	0	0	0	0	0	0	0	0	142	0	0	0	0	0	0	0	0	0	0	0	0	0	0	0	0	0	0	0	0	0	0	0	0	0	0	0	0	0	0	0	0	0	0	0	0	0	0	0	0	0	0	0	1132	404	0	412	842	682	1692	0	1194	228	0	0	816	1234	0	1636	138	0	0	3472	2324	278	1154	1454	1584	226	
60912	Vermis_3	0	0	0	0	0	0	0	0	0	0	0	0	0	0	0	0	0	0	0	0	0	0	0	0	0	0	0	0	0	0	0	0	0	0	0	0	0	0	0	0	0	0	0	0	0	0	0	0	0	0	0	0	0	0	0	0	0	0	0	0	0	0	0	0	0	0	0	0	0	0	0	0	0	0	0	0	362	250	0	0	0	0	0	0	0	0	0	0	0	0	1418	498	150	610	2416	3056	2414	952	1302	422	0	0	1068	1544	0	2054	146	0	3472	0	2858	284	1278	1844	1880	178	
