data	data	528848	455104	1.11418e+06	1.08142e+06	180380	138576	557124	235624	89216	24668	309360	230780	355028	173200	208880	126960	263744	140772	997860	831544	79988	103584	397944	537644	45216	102420	76352	90464	668732	317800	299244	645316	127176	563772	186696	206856	288920	325960	135452	199680	37112	69332	264960	368280	143056	448188	300868	303064	177596	466180	397500	290600	141760	126352	351612	490204	266744	288528	109816	169204	202880	149112	98196	114636	162492	126304	234668	428012	304112	141240	252268	422364	414384	336060	34276	29832	124960	160128	77860	26272	257096	115116	174412	70224	319032	255284	56052	36208	279864	261372	416232	372136	282136	239856	25552	53196	290172	253968	372640	386924	204436	140028	262444	248004	91584	119896	23376	6108	19296	40064	211856	163804	203436	111580	107044	44668	
data	data	Precentral_L	Precentral_R	Frontal_Sup_L	Frontal_Sup_R	Frontal_Sup_Orb_L	Frontal_Sup_Orb_R	Frontal_Mid_L	Frontal_Mid_R	Frontal_Mid_Orb_L	Frontal_Mid_Orb_R	Frontal_Inf_Oper_L	Frontal_Inf_Oper_R	Frontal_Inf_Tri_L	Frontal_Inf_Tri_R	Frontal_Inf_Orb_L	Frontal_Inf_Orb_R	Rolandic_Oper_L	Rolandic_Oper_R	Supp_Motor_Area_L	Supp_Motor_Area_R	Olfactory_L	Olfactory_R	Frontal_Sup_Medial_L	Frontal_Sup_Medial_R	Frontal_Med_Orb_L	Frontal_Med_Orb_R	Rectus_L	Rectus_R	Insula_L	Insula_R	Cingulum_Ant_L	Cingulum_Ant_R	Cingulum_Mid_L	Cingulum_Mid_R	Cingulum_Post_L	Cingulum_Post_R	Hippocampus_L	Hippocampus_R	ParaHippocampal_L	ParaHippocampal_R	Amygdala_L	Amygdala_R	Calcarine_L	Calcarine_R	Cuneus_L	Cuneus_R	Lingual_L	Lingual_R	Occipital_Sup_L	Occipital_Sup_R	Occipital_Mid_L	Occipital_Mid_R	Occipital_Inf_L	Occipital_Inf_R	Fusiform_L	Fusiform_R	Postcentral_L	Postcentral_R	Parietal_Sup_L	Parietal_Sup_R	Parietal_Inf_L	Parietal_Inf_R	SupraMarginal_L	SupraMarginal_R	Angular_L	Angular_R	Precuneus_L	Precuneus_R	Paracentral_Lobule_L	Paracentral_Lobule_R	Caudate_L	Caudate_R	Putamen_L	Putamen_R	Pallidum_L	Pallidum_R	Thalamus_L	Thalamus_R	Heschl_L	Heschl_R	Temporal_Sup_L	Temporal_Sup_R	Temporal_Pole_Sup_L	Temporal_Pole_Sup_R	Temporal_Mid_L	Temporal_Mid_R	Temporal_Pole_Mid_L	Temporal_Pole_Mid_R	Temporal_Inf_L	Temporal_Inf_R	Cerebelum_Crus1_L	Cerebelum_Crus1_R	Cerebelum_Crus2_L	Cerebelum_Crus2_R	Cerebelum_3_L	Cerebelum_3_R	Cerebelum_4_5_L	Cerebelum_4_5_R	Cerebelum_6_L	Cerebelum_6_R	Cerebelum_7b_L	Cerebelum_7b_R	Cerebelum_8_L	Cerebelum_8_R	Cerebelum_9_L	Cerebelum_9_R	Cerebelum_10_L	Cerebelum_10_R	Vermis_1_2	Vermis_3	Vermis_4_5	Vermis_6	Vermis_7	Vermis_8	Vermis_9	Vermis_10	
528848	Precentral_L	0	13396	19994	14070	104	0	17080	560	0	0	19008	210	1100	0	0	0	11548	0	23248	5080	0	0	0	806	0	0	0	0	12776	0	0	4696	0	1028	5932	6260	7044	2882	496	258	0	0	0	394	0	332	112	140	0	314	422	122	146	0	324	168	28744	326	292	0	4440	0	1670	0	2910	0	420	986	20772	1728	1688	4640	4078	0	418	0	7482	1690	5986	0	3604	0	1226	0	890	0	0	0	384	0	0	0	0	0	0	0	0	0	0	0	0	0	0	0	0	0	0	0	0	0	0	0	0	0	0	0	
455104	Precentral_R	13396	0	5592	35162	0	0	716	6876	0	0	176	4258	0	0	0	0	0	1716	13904	10590	0	0	0	174	0	0	0	0	168	1314	208	306	106	2550	1562	2572	806	6424	110	640	0	0	0	1996	0	9032	0	280	0	7110	160	1140	0	2176	0	3150	832	22458	136	1738	0	2872	0	3238	0	526	146	11242	16572	6350	1796	5128	1270	1606	0	0	1192	8962	0	232	0	1060	0	0	0	2570	0	0	0	3256	0	0	0	0	0	0	0	0	0	0	0	0	0	0	0	0	0	0	0	0	0	0	0	0	0	0	
1.11418e+06	Frontal_Sup_L	19994	5592	0	13596	15232	0	72550	360	3908	0	18462	2008	30872	562	12454	0	15880	640	99422	17730	0	0	45454	8454	506	228	670	0	46498	1278	17440	10296	3920	7346	148	150	2738	134	494	0	0	0	0	0	0	0	0	0	0	0	0	0	0	0	758	0	9198	0	0	0	0	0	0	0	0	0	0	0	3276	0	8512	2536	27962	818	4696	0	8614	262	1840	0	6604	0	6014	106	286	0	0	0	594	0	0	0	0	0	0	0	0	0	0	0	0	0	0	0	0	0	0	0	0	0	0	0	0	0	0	0	
1.08142e+06	Frontal_Sup_R	14070	35162	13596	0	338	12894	4108	39668	0	1688	406	11736	610	10460	0	9748	120	11758	28556	71350	428	1144	11056	54494	242	4636	590	4012	1634	16590	5554	36418	1016	23134	1388	2206	1160	4122	234	1852	0	0	0	400	0	508	0	116	0	492	164	164	0	0	114	1474	1766	638	128	0	114	148	106	154	124	0	0	1156	10358	726	3018	29764	2702	22002	168	3276	1210	19628	542	118	174	250	0	832	0	0	0	0	0	0	0	0	0	0	0	0	0	0	0	0	0	0	0	0	0	0	0	0	0	0	0	0	0	0	0	0	
180380	Frontal_Sup_Orb_L	104	0	15232	338	0	180	3334	0	10956	0	522	0	2408	0	10566	0	0	0	1736	0	1392	484	3278	518	3080	286	6306	248	12326	0	3440	560	0	0	0	0	0	0	0	0	0	0	0	0	0	0	0	0	0	0	0	0	0	0	0	0	0	0	0	0	0	0	0	0	0	0	0	0	0	0	1638	570	10100	0	0	0	0	0	0	0	0	0	588	0	0	0	0	0	0	0	0	0	0	0	0	0	0	0	0	0	0	0	0	0	0	0	0	0	0	0	0	0	0	0	0	0	
138576	Frontal_Sup_Orb_R	0	0	0	12894	180	0	0	2036	0	4286	0	0	0	0	0	7142	0	0	0	0	1354	3390	114	7376	310	6920	692	9782	0	2898	616	1496	0	0	0	0	0	0	0	0	0	0	0	0	0	0	0	0	0	0	0	0	0	0	0	0	0	0	0	0	0	0	0	0	0	0	0	0	0	0	1042	3320	378	3062	0	0	0	0	0	0	0	0	0	0	0	0	0	0	0	0	0	0	0	0	0	0	0	0	0	0	0	0	0	0	0	0	0	0	0	0	0	0	0	0	0	0	
557124	Frontal_Mid_L	17080	716	72550	4108	3334	0	0	0	4808	0	13884	372	44868	220	15086	0	3626	0	15772	2024	0	0	17718	3564	0	0	0	0	23402	216	3296	7184	1972	2716	0	104	952	0	364	0	0	0	0	0	0	0	0	0	0	0	0	0	0	0	0	0	1806	0	0	0	0	0	266	0	242	0	0	0	344	0	1094	5286	4330	0	164	0	260	0	938	0	1610	0	2144	0	142	0	0	0	0	0	0	0	0	0	0	0	0	0	0	0	0	0	0	0	0	0	0	0	0	0	0	0	0	0	0	0	
235624	Frontal_Mid_R	560	6876	360	39668	0	2036	0	0	0	1012	0	8920	0	13784	0	6572	0	3110	888	4748	0	0	454	7732	0	0	0	0	0	4890	106	4554	0	1244	600	616	614	1696	0	198	0	0	0	0	0	0	0	0	0	0	0	0	0	0	0	116	0	408	0	0	0	0	0	0	0	0	0	0	0	0	238	414	144	2682	0	0	320	2252	0	0	0	0	0	0	0	0	0	0	0	0	0	0	0	0	0	0	0	0	0	0	0	0	0	0	0	0	0	0	0	0	0	0	0	0	0	0	
89216	Frontal_Mid_Orb_L	0	0	3908	0	10956	0	4808	0	0	0	0	0	1254	0	13634	0	0	0	170	0	300	204	0	0	0	0	1232	120	4162	0	0	0	0	0	0	0	0	0	0	0	0	0	0	0	0	0	0	0	0	0	0	0	0	0	0	0	0	0	0	0	0	0	0	0	0	0	0	0	0	0	344	120	3246	0	0	0	0	0	0	0	0	0	150	0	0	0	0	0	0	0	0	0	0	0	0	0	0	0	0	0	0	0	0	0	0	0	0	0	0	0	0	0	0	0	0	0	
24668	Frontal_Mid_Orb_R	0	0	0	1688	0	4286	0	1012	0	0	0	0	0	212	0	4092	0	0	0	0	0	0	0	810	0	0	0	234	0	0	0	0	0	0	0	0	0	0	0	0	0	0	0	0	0	0	0	0	0	0	0	0	0	0	0	0	0	0	0	0	0	0	0	0	0	0	0	0	0	0	0	0	0	0	0	0	0	0	0	0	0	0	0	0	0	0	0	0	0	0	0	0	0	0	0	0	0	0	0	0	0	0	0	0	0	0	0	0	0	0	0	0	0	0	0	0	
309360	Frontal_Inf_Oper_L	19008	176	18462	406	522	0	13884	0	0	0	0	836	13706	294	438	0	16386	0	15398	324	0	0	650	166	0	0	0	0	21080	914	1214	444	0	156	190	356	686	0	0	0	0	0	0	0	0	0	0	0	0	0	0	0	0	0	162	0	5626	0	0	0	128	0	0	0	604	0	0	0	0	0	618	436	2226	0	0	0	0	0	1126	0	7060	0	10582	0	186	0	0	0	230	0	0	0	0	0	0	0	0	0	0	0	0	0	0	0	0	0	0	0	0	0	0	0	0	0	0	0	
230780	Frontal_Inf_Oper_R	210	4258	2008	11736	0	0	372	8920	0	0	836	0	702	17842	0	1160	102	3040	7240	12250	0	0	292	3390	0	0	0	0	1198	12170	656	5004	0	7226	154	162	166	644	0	168	0	0	0	0	0	0	0	0	0	0	0	0	0	0	0	138	0	1492	0	0	0	0	0	0	0	0	0	0	0	0	3320	1736	1772	2604	0	0	198	752	0	0	0	0	110	1362	0	0	0	0	0	0	0	0	0	0	0	0	0	0	0	0	0	0	0	0	0	0	0	0	0	0	0	0	0	0	0	0	
355028	Frontal_Inf_Tri_L	1100	0	30872	610	2408	0	44868	0	1254	0	13706	702	0	240	17116	0	1250	0	10904	1274	0	0	6860	980	0	0	0	0	30818	778	3500	1646	668	1402	0	0	0	0	0	0	0	0	0	0	0	0	0	0	0	0	0	0	0	0	0	0	284	0	0	0	0	0	0	0	0	0	0	0	0	0	372	286	1938	0	0	0	0	0	0	0	572	0	1106	0	0	0	0	0	0	0	0	0	0	0	0	0	0	0	0	0	0	0	0	0	0	0	0	0	0	0	0	0	0	0	0	0	
173200	Frontal_Inf_Tri_R	0	0	562	10460	0	0	220	13784	0	212	294	17842	240	0	0	8186	0	312	1880	6780	0	0	264	3912	0	0	0	0	548	10210	272	4030	0	4230	0	0	0	0	0	0	0	0	0	0	0	0	0	0	0	0	0	0	0	0	0	0	0	0	0	0	0	0	0	0	0	0	0	0	0	0	396	888	240	628	0	0	0	0	0	0	0	0	102	108	0	0	0	0	0	0	0	0	0	0	0	0	0	0	0	0	0	0	0	0	0	0	0	0	0	0	0	0	0	0	0	0	
208880	Frontal_Inf_Orb_L	0	0	12454	0	10566	0	15086	0	13634	0	438	0	17116	0	0	0	0	0	2650	306	1844	218	1478	234	0	0	1122	118	15790	0	126	306	140	290	0	0	292	0	254	0	252	0	0	0	0	0	0	0	0	0	0	0	0	0	122	0	0	0	0	0	0	0	0	0	0	0	0	0	0	0	664	126	6566	0	0	0	0	0	0	0	0	0	2248	0	0	0	0	0	0	0	0	0	0	0	0	0	0	0	0	0	0	0	0	0	0	0	0	0	0	0	0	0	0	0	0	0	
126960	Frontal_Inf_Orb_R	0	0	0	9748	0	7142	0	6572	0	4092	0	1160	0	8186	0	0	0	0	200	974	466	1820	0	4220	0	104	0	1960	0	9882	158	1146	0	840	0	0	0	0	0	0	0	0	0	0	0	0	0	0	0	0	0	0	0	0	0	0	0	0	0	0	0	0	0	0	0	0	0	0	0	0	304	1560	136	2488	0	0	0	0	0	0	0	0	0	322	0	0	0	0	0	0	0	0	0	0	0	0	0	0	0	0	0	0	0	0	0	0	0	0	0	0	0	0	0	0	0	0	
263744	Rolandic_Oper_L	11548	0	15880	120	0	0	3626	0	0	0	16386	102	1250	0	0	0	0	0	14962	0	0	0	136	0	0	0	0	0	18876	0	168	196	0	0	172	170	808	0	0	0	0	0	334	0	104	0	0	0	100	0	1204	0	384	0	212	0	10628	0	0	0	1070	0	1600	0	1062	0	416	0	238	0	196	148	442	0	0	0	0	0	4406	0	11774	0	9722	0	2380	0	0	0	1052	0	0	0	0	0	0	0	0	0	0	0	0	0	0	0	0	0	0	0	0	0	0	0	0	0	0	0	
140772	Rolandic_Oper_R	0	1716	640	11758	0	0	0	3110	0	0	0	3040	0	312	0	0	0	0	2602	8916	0	0	0	142	0	0	0	0	150	13122	0	166	0	1144	0	0	0	1308	0	158	0	0	0	212	0	458	0	0	0	466	0	0	0	440	0	606	0	4372	0	0	0	354	0	2332	0	108	0	720	0	0	164	222	114	3400	0	0	0	924	0	1792	0	3634	0	1006	0	246	0	0	0	532	0	0	0	0	0	0	0	0	0	0	0	0	0	0	0	0	0	0	0	0	0	0	0	0	0	0	
997860	Supp_Motor_Area_L	23248	13904	99422	28556	1736	0	15772	888	170	0	15398	7240	10904	1880	2650	200	14962	2602	0	55314	0	0	9600	8156	0	0	0	0	25834	3790	9550	15902	6596	29712	944	1188	2750	210	0	124	0	0	0	394	0	324	0	0	0	310	328	122	0	0	1220	110	9608	322	194	0	0	0	102	0	0	0	398	956	16628	1274	9448	3874	18996	1174	2910	0	5852	268	1754	0	6294	0	5230	596	306	0	0	0	736	0	0	0	0	0	0	0	0	0	0	0	0	0	0	0	0	0	0	0	0	0	0	0	0	0	0	0	
831544	Supp_Motor_Area_R	5080	10590	17730	71350	0	0	2024	4748	0	0	324	12250	1274	6780	306	974	0	8916	55314	0	0	0	3848	24220	0	0	0	0	1640	11158	2650	30090	5002	57224	1064	2902	264	2058	0	1140	0	0	0	414	0	260	0	0	0	270	0	124	0	118	0	990	100	1126	0	110	0	132	0	110	0	0	0	910	15936	8788	3036	17882	1884	13806	282	3014	176	4230	0	108	0	206	0	840	0	0	0	0	0	0	0	0	0	0	0	0	0	0	0	0	0	0	0	0	0	0	0	0	0	0	0	0	0	0	0	0	
79988	Olfactory_L	0	0	0	428	1392	1354	0	0	300	0	0	0	0	0	1844	466	0	0	0	0	0	5616	0	198	660	196	3214	1948	2822	196	2594	1166	0	0	0	0	242	0	696	0	748	0	0	0	0	0	0	0	0	0	0	0	0	0	116	0	0	0	0	0	0	0	0	0	0	0	0	0	0	0	5070	3958	2632	1328	0	0	0	0	0	0	0	0	810	0	0	0	0	0	0	0	0	0	0	0	0	0	0	0	0	0	0	0	0	0	0	0	0	0	0	0	0	0	0	0	0	0	
103584	Olfactory_R	0	0	0	1144	484	3390	0	0	204	0	0	0	0	0	218	1820	0	0	0	0	5616	0	0	602	434	1888	2400	4498	0	1874	2608	2644	0	0	0	0	0	0	0	0	0	108	0	0	0	0	0	0	0	0	0	0	0	0	0	0	0	0	0	0	0	0	0	0	0	0	0	0	0	0	6746	8730	3392	2582	210	0	0	0	0	0	0	0	0	200	0	0	0	0	0	0	0	0	0	0	0	0	0	0	0	0	0	0	0	0	0	0	0	0	0	0	0	0	0	0	0	0	
397944	Frontal_Sup_Medial_L	0	0	45454	11056	3278	114	17718	454	0	0	650	292	6860	264	1478	0	136	0	9600	3848	0	0	0	23502	1626	952	1012	122	6364	214	21220	18376	6062	12402	0	0	0	0	0	0	0	0	0	0	0	0	0	0	0	0	0	0	0	0	0	0	0	0	0	0	0	0	0	0	0	0	0	0	0	0	488	916	3580	800	0	0	0	0	0	0	0	0	134	0	0	0	0	0	0	0	0	0	0	0	0	0	0	0	0	0	0	0	0	0	0	0	0	0	0	0	0	0	0	0	0	0	
537644	Frontal_Sup_Medial_R	806	174	8454	54494	518	7376	3564	7732	0	810	166	3390	980	3912	234	4220	0	142	8156	24220	198	602	23502	0	966	7342	732	2140	1388	4782	8070	39318	1410	29004	0	0	126	100	0	0	0	0	0	0	0	0	0	0	0	0	0	0	0	0	0	0	0	0	0	0	0	0	0	0	0	0	0	0	0	0	1318	7966	1596	8798	0	0	0	116	0	0	0	0	0	0	0	0	0	0	0	0	0	0	0	0	0	0	0	0	0	0	0	0	0	0	0	0	0	0	0	0	0	0	0	0	0	0	
45216	Frontal_Med_Orb_L	0	0	506	242	3080	310	0	0	0	0	0	0	0	0	0	0	0	0	0	0	660	434	1626	966	0	2592	4190	644	0	0	4292	858	0	0	0	0	0	0	0	0	0	0	0	0	0	0	0	0	0	0	0	0	0	0	0	0	0	0	0	0	0	0	0	0	0	0	0	0	0	0	880	420	670	238	0	0	0	0	0	0	0	0	0	0	0	0	0	0	0	0	0	0	0	0	0	0	0	0	0	0	0	0	0	0	0	0	0	0	0	0	0	0	0	0	0	0	
102420	Frontal_Med_Orb_R	0	0	228	4636	286	6920	0	0	0	0	0	0	0	0	0	104	0	0	0	0	196	1888	952	7342	2592	0	1628	7720	0	0	2578	6972	0	0	0	0	0	0	0	0	0	0	0	0	0	0	0	0	0	0	0	0	0	0	0	0	0	0	0	0	0	0	0	0	0	0	0	0	0	0	0	4104	102	2962	0	0	0	0	0	0	0	0	0	0	0	0	0	0	0	0	0	0	0	0	0	0	0	0	0	0	0	0	0	0	0	0	0	0	0	0	0	0	0	0	0	0	
76352	Rectus_L	0	0	670	590	6306	692	0	0	1232	0	0	0	0	0	1122	0	0	0	0	0	3214	2400	1012	732	4190	1628	0	1960	344	0	3846	1524	0	0	0	0	0	0	0	0	0	0	0	0	0	0	0	0	0	0	0	0	0	0	0	0	0	0	0	0	0	0	0	0	0	0	0	0	0	0	2318	1742	1920	734	0	0	0	0	0	0	0	0	0	0	0	0	0	0	0	0	0	0	0	0	0	0	0	0	0	0	0	0	0	0	0	0	0	0	0	0	0	0	0	0	0	0	
90464	Rectus_R	0	0	0	4012	248	9782	0	0	120	234	0	0	0	0	118	1960	0	0	0	0	1948	4498	122	2140	644	7720	1960	0	0	902	1094	2770	0	0	0	0	0	0	0	0	0	0	0	0	0	0	0	0	0	0	0	0	0	0	0	0	0	0	0	0	0	0	0	0	0	0	0	0	0	0	1228	2668	402	662	0	0	0	0	0	0	0	0	0	0	0	0	0	0	0	0	0	0	0	0	0	0	0	0	0	0	0	0	0	0	0	0	0	0	0	0	0	0	0	0	0	0	
668732	Insula_L	12776	168	46498	1634	12326	0	23402	0	4162	0	21080	1198	30818	548	15790	0	18876	150	25834	1640	2822	0	6364	1388	0	0	344	0	0	710	3882	3504	924	1622	304	322	9870	132	1614	102	1468	0	142	0	0	0	0	0	0	0	272	0	102	0	4666	0	4954	0	0	0	0	0	1100	0	264	0	150	0	0	0	3506	2496	25236	106	0	0	458	146	8240	0	12684	0	10382	0	2174	0	462	0	4554	0	0	0	0	0	0	0	0	0	0	0	0	0	0	0	0	0	0	0	0	0	0	0	0	0	0	0	
317800	Insula_R	0	1314	1278	16590	0	2898	216	4890	0	0	914	12170	778	10210	0	9882	0	13122	3790	11158	196	1874	214	4782	0	0	0	902	710	0	504	5684	0	3558	0	0	0	5328	0	1970	0	266	0	0	0	124	0	0	0	132	0	0	0	0	0	4414	0	714	0	0	0	246	0	180	0	0	0	204	0	0	2886	3324	1562	18770	0	362	130	672	0	1138	0	4054	0	2078	0	972	0	0	0	1740	0	0	0	0	0	0	0	0	0	0	0	0	0	0	0	0	0	0	0	0	0	0	0	0	0	0	
299244	Cingulum_Ant_L	0	208	17440	5554	3440	616	3296	106	0	0	1214	656	3500	272	126	158	168	0	9550	2650	2594	2608	21220	8070	4292	2578	3846	1094	3882	504	0	18924	3664	6306	118	0	0	0	0	0	0	0	0	0	0	0	0	0	0	0	0	0	0	0	0	0	0	0	0	0	0	0	0	0	0	0	0	0	0	0	5552	4312	8898	1888	0	0	174	0	0	0	0	0	144	0	0	0	0	0	0	0	0	0	0	0	0	0	0	0	0	0	0	0	0	0	0	0	0	0	0	0	0	0	0	0	0	0	
645316	Cingulum_Ant_R	4696	306	10296	36418	560	1496	7184	4554	0	0	444	5004	1646	4030	306	1146	196	166	15902	30090	1166	2644	18376	39318	858	6972	1524	2770	3504	5684	18924	0	4320	36546	142	148	866	166	232	0	0	0	0	0	0	0	0	0	0	0	0	0	0	0	0	0	136	0	0	0	0	0	208	0	194	0	0	0	0	0	5138	28850	5282	12484	0	0	154	396	830	0	286	0	100	0	0	0	0	0	0	0	0	0	0	0	0	0	0	0	0	0	0	0	0	0	0	0	0	0	0	0	0	0	0	0	0	0	
127176	Cingulum_Mid_L	0	106	3920	1016	0	0	1972	0	0	0	0	0	668	0	140	0	0	0	6596	5002	0	0	6062	1410	0	0	0	0	924	0	3664	4320	0	10362	3944	328	0	0	0	0	0	0	224	0	680	0	0	0	634	0	1528	0	0	0	0	0	0	0	1066	0	398	0	0	0	0	0	3816	488	4186	134	0	0	0	0	0	0	0	0	0	0	0	0	0	0	0	0	0	0	0	0	0	0	0	0	0	0	0	0	0	0	0	0	0	0	0	0	0	0	0	0	0	0	0	0	0	0	
563772	Cingulum_Mid_R	1028	2550	7346	23134	0	0	2716	1244	0	0	156	7226	1402	4230	290	840	0	1144	29712	57224	0	0	12402	29004	0	0	0	0	1622	3558	6306	36546	10362	0	1590	5968	0	100	0	0	0	0	0	1080	0	624	0	0	0	322	0	166	0	0	0	0	0	1808	0	122	0	0	0	0	0	0	466	3630	9610	8802	1606	2730	932	1922	0	0	0	0	0	0	0	0	0	366	0	0	0	0	0	0	0	0	0	0	0	0	0	0	0	0	0	0	0	0	0	0	0	0	0	0	0	0	0	0	0	0	
186696	Cingulum_Post_L	5932	1562	148	1388	0	0	0	600	0	0	190	154	0	0	0	0	172	0	944	1064	0	0	0	0	0	0	0	0	304	0	118	142	3944	1590	0	17016	9642	6922	4056	1088	0	0	2882	200	470	0	2376	816	0	0	522	0	0	0	1444	424	1200	724	268	0	288	0	0	0	696	0	5436	2474	8166	904	0	138	134	150	0	0	3088	2284	276	0	0	0	0	0	216	0	0	0	210	0	0	0	0	0	0	0	114	0	0	0	0	0	0	0	0	0	0	0	0	0	472	0	0	0	0	0	
206856	Cingulum_Post_R	6260	2572	150	2206	0	0	104	616	0	0	356	162	0	0	0	0	170	0	1188	2902	0	0	0	0	0	0	0	0	322	0	0	148	328	5968	17016	0	7422	7888	3244	1192	0	0	0	3186	0	384	788	1676	0	104	438	0	0	1502	1226	1646	866	2030	248	0	306	0	0	0	934	0	750	7984	6144	4220	0	152	142	166	0	0	3722	2778	208	0	0	0	0	0	190	0	0	0	130	296	0	0	0	0	0	0	0	0	0	0	0	0	0	0	0	0	0	0	0	0	998	0	0	0	0	0	
288920	Hippocampus_L	7044	806	2738	1160	0	0	952	614	0	0	686	166	0	0	292	0	808	0	2750	264	242	0	0	126	0	0	0	0	9870	0	0	866	0	0	9642	7422	0	6198	17636	1552	5902	0	2028	0	0	0	6068	1292	0	0	228	0	714	0	17864	476	148	122	0	0	0	0	0	0	0	0	3480	2130	0	0	172	862	7922	162	158	0	3494	2654	2862	0	2920	0	1422	0	542	0	692	0	7456	0	0	0	0	0	0	0	346	118	0	0	0	0	0	0	0	0	0	0	0	0	392	0	0	0	0	0	
325960	Hippocampus_R	2882	6424	134	4122	0	0	0	1696	0	0	0	644	0	0	0	0	0	1308	210	2058	0	0	0	100	0	0	0	0	132	5328	0	166	0	100	6922	7888	6198	0	2700	25836	0	9052	0	224	0	0	764	1916	0	0	0	0	0	562	1060	27432	110	1600	0	0	0	254	0	2510	0	0	224	2814	1724	0	154	126	130	11420	0	1226	3104	6830	0	450	0	2922	0	1706	0	500	0	702	0	7588	0	0	0	0	0	0	0	818	0	0	0	0	0	0	0	0	0	0	0	0	210	0	0	0	0	0	
135452	ParaHippocampal_L	496	110	494	234	0	0	364	0	0	0	0	0	0	0	254	0	0	0	0	0	696	0	0	0	0	0	0	0	1614	0	0	232	0	0	4056	3244	17636	2700	0	784	3774	0	728	0	0	0	5780	1070	0	0	0	0	426	0	11104	154	0	0	0	0	0	0	0	0	0	0	2586	1576	0	0	0	232	1936	0	0	0	946	378	0	0	0	0	1332	0	0	0	652	0	1172	0	0	0	0	0	0	0	324	0	0	0	0	0	0	0	0	0	0	0	156	240	246	0	0	0	0	0	
199680	ParaHippocampal_R	258	640	0	1852	0	0	0	198	0	0	0	168	0	0	0	0	0	158	124	1140	0	0	0	0	0	0	0	0	102	1970	0	0	0	0	1088	1192	1552	25836	784	0	0	8590	0	860	0	0	306	5380	0	114	0	208	0	974	338	22942	0	0	0	0	0	0	0	0	0	0	0	2712	0	0	0	0	0	6592	0	556	838	2950	0	0	0	194	0	2386	0	0	0	1834	0	2520	0	0	0	0	0	0	0	2128	0	0	0	0	0	0	0	0	0	0	0	0	356	0	0	0	0	0	
37112	Amygdala_L	0	0	0	0	0	0	0	0	0	0	0	0	0	0	252	0	0	0	0	0	748	0	0	0	0	0	0	0	1468	0	0	0	0	0	0	0	5902	0	3774	0	0	0	0	0	0	0	0	0	0	0	0	0	0	0	3850	0	0	0	0	0	0	0	0	0	0	0	0	0	0	0	0	0	798	0	0	0	0	0	0	0	0	0	708	0	0	0	142	0	914	0	0	0	0	0	0	0	0	0	0	0	0	0	0	0	0	0	0	0	0	0	0	0	0	0	0	0	
69332	Amygdala_R	0	0	0	0	0	0	0	0	0	0	0	0	0	0	0	0	0	0	0	0	0	108	0	0	0	0	0	0	0	266	0	0	0	0	0	0	0	9052	0	8590	0	0	0	0	0	0	0	0	0	0	0	0	0	0	0	8968	0	0	0	0	0	0	0	0	0	0	0	0	0	0	0	0	0	322	0	0	0	0	0	0	0	0	0	2796	0	0	0	1896	0	2536	0	0	0	0	0	0	0	132	0	0	0	0	0	0	0	0	0	0	0	0	0	0	0	0	0	0	
264960	Calcarine_L	0	0	0	0	0	0	0	0	0	0	0	0	0	0	0	0	334	0	0	0	0	0	0	0	0	0	0	0	142	0	0	0	224	0	2882	0	2028	0	728	0	0	0	0	10456	17240	8526	15506	4058	14910	4240	20072	702	6366	240	1712	0	272	0	108	0	160	0	0	0	458	0	14212	552	454	0	0	0	0	0	0	0	0	0	120	0	138	0	0	0	4340	440	0	0	360	0	222	0	0	0	0	0	278	0	0	0	0	0	0	0	0	0	0	0	0	0	0	0	0	0	0	0	
368280	Calcarine_R	394	1996	0	400	0	0	0	0	0	0	0	0	0	0	0	0	0	212	394	414	0	0	0	0	0	0	0	0	0	0	0	0	0	1080	200	3186	0	224	0	860	0	0	10456	0	3634	33036	1404	19436	196	32006	140	17392	0	6670	0	5322	0	3982	0	2814	0	858	0	344	0	560	1232	25758	560	1198	0	0	0	0	0	0	0	0	0	0	0	0	0	0	0	6816	0	0	0	530	0	0	0	0	0	0	0	244	0	0	0	0	0	0	0	0	0	0	0	0	192	0	0	0	0	0	
143056	Cuneus_L	0	0	0	0	0	0	0	0	0	0	0	0	0	0	0	0	104	0	0	0	0	0	0	0	0	0	0	0	0	0	0	0	680	0	470	0	0	0	0	0	0	0	17240	3634	0	6260	470	0	15530	1754	8738	858	1786	424	0	0	160	0	482	0	0	0	0	0	194	0	8516	1336	830	0	0	0	0	0	0	0	0	0	0	0	0	0	0	0	1314	748	0	0	0	0	0	0	0	0	0	0	0	0	0	0	0	0	0	0	0	0	0	0	0	0	0	0	0	0	0	0	
448188	Cuneus_R	332	9032	0	508	0	0	0	0	0	0	0	0	0	0	0	0	0	458	324	260	0	0	0	0	0	0	0	0	0	124	0	0	0	624	0	384	0	0	0	0	0	0	8526	33036	6260	0	508	6328	284	50396	172	16776	0	2552	0	3668	0	15676	0	10440	0	1870	0	792	0	1498	2812	31810	418	5024	0	0	0	0	0	0	0	0	0	126	0	1290	0	0	0	6930	0	0	0	4516	0	0	0	0	0	0	106	116	0	0	0	0	0	0	0	0	0	0	0	0	118	0	0	0	0	0	
300868	Lingual_L	112	0	0	0	0	0	0	0	0	0	0	0	0	0	0	0	0	0	0	0	0	0	0	0	0	0	0	0	0	0	0	0	0	0	2376	788	6068	764	5780	306	0	0	15506	1404	470	508	0	4966	5444	496	15422	0	7444	0	16054	1374	0	0	0	0	0	0	0	0	0	0	4306	604	0	0	0	0	0	0	0	0	456	0	0	0	0	0	0	0	158	0	0	0	220	0	7612	2520	1404	138	0	0	14360	3494	12240	4546	0	0	0	102	208	324	0	0	0	144	6058	3872	824	0	440	1122	
303064	Lingual_R	140	280	0	116	0	0	0	0	0	0	0	0	0	0	0	0	0	0	0	0	0	0	0	0	0	0	0	0	0	0	0	0	0	0	816	1676	1292	1916	1070	5380	0	0	4058	19436	0	6328	4966	0	0	8414	124	5910	0	3330	676	17542	0	326	0	756	0	0	0	0	0	0	486	7484	110	150	0	0	0	0	0	0	0	150	0	0	0	0	0	0	0	1982	0	0	0	362	1092	8344	454	122	556	386	6310	10588	1576	12310	0	0	0	122	0	0	0	0	0	204	8762	4416	1014	0	0	0	
177596	Occipital_Sup_L	0	0	0	0	0	0	0	0	0	0	0	0	0	0	0	0	100	0	0	0	0	0	0	0	0	0	0	0	0	0	0	0	634	0	0	0	0	0	0	0	0	0	14910	196	15530	284	5444	0	0	100	27792	0	3874	0	114	0	0	0	5090	0	1116	0	0	0	944	0	10752	0	530	0	0	0	0	0	0	0	0	0	0	0	180	0	0	0	1094	0	0	0	114	0	0	0	0	0	0	0	0	0	0	0	0	0	0	0	0	0	0	0	0	0	0	0	0	0	0	0	
466180	Occipital_Sup_R	314	7110	0	492	0	0	0	0	0	0	0	0	0	0	0	0	0	466	310	270	0	0	0	0	0	0	0	0	0	132	0	0	0	322	0	104	0	0	0	114	0	0	4240	32006	1754	50396	496	8414	100	0	0	32624	0	3098	0	5338	0	12952	0	15342	0	3604	0	744	0	6532	730	24786	360	4936	0	0	0	0	0	0	0	0	0	116	0	1288	0	0	0	8768	0	0	0	4474	0	0	0	0	0	0	104	142	0	0	0	0	0	0	0	0	0	0	0	0	112	0	0	0	0	0	
397500	Occipital_Mid_L	422	160	0	164	0	0	0	0	0	0	0	0	0	0	0	0	1204	0	328	0	0	0	0	0	0	0	0	0	272	0	0	0	1528	0	522	438	228	0	0	0	0	0	20072	140	8738	172	15422	124	27792	0	0	0	25080	0	3462	0	3624	0	13626	0	11990	0	176	0	12626	0	16142	338	3970	0	0	0	0	0	0	0	0	0	378	0	1626	0	0	0	23762	0	0	0	3892	0	332	0	0	0	0	0	0	0	0	0	0	0	0	0	0	0	0	0	0	0	0	0	0	0	0	0	
290600	Occipital_Mid_R	122	1140	0	164	0	0	0	0	0	0	0	0	0	0	0	0	0	0	122	124	0	0	0	0	0	0	0	0	0	0	0	0	0	166	0	0	0	0	0	208	0	0	702	17392	858	16776	0	5910	0	32624	0	0	0	6352	0	4456	0	2162	0	7462	0	6174	0	200	0	14508	276	9860	150	976	0	0	0	0	0	0	0	0	0	0	0	0	0	0	0	15654	0	0	0	762	0	0	0	0	0	0	0	0	0	0	0	0	0	0	0	0	0	0	0	0	0	0	0	0	0	0	
141760	Occipital_Inf_L	146	0	0	0	0	0	0	0	0	0	0	0	0	0	0	0	384	0	0	0	0	0	0	0	0	0	0	0	102	0	0	0	0	0	0	0	714	0	426	0	0	0	6366	0	1786	0	7444	0	3874	0	25080	0	0	0	8218	0	236	0	0	0	266	0	144	0	502	0	1788	0	126	0	0	0	0	0	0	0	0	0	412	0	430	0	0	0	5284	0	0	0	5524	0	1004	0	288	0	0	0	0	0	336	0	0	0	0	0	0	0	0	0	0	0	0	0	0	0	0	0	
126352	Occipital_Inf_R	0	2176	0	0	0	0	0	0	0	0	0	0	0	0	0	0	0	440	0	118	0	0	0	0	0	0	0	0	0	0	0	0	0	0	0	1502	0	562	0	974	0	0	240	6670	424	2552	0	3330	0	3098	0	6352	0	0	0	14964	0	1048	0	192	0	670	0	436	0	564	0	4422	0	242	0	0	0	0	0	0	0	0	0	244	0	162	0	0	0	5542	0	0	0	5676	0	206	0	0	0	0	0	0	0	184	0	0	0	0	0	0	0	0	0	0	186	0	0	0	0	0	
351612	Fusiform_L	324	0	758	114	0	0	0	0	0	0	162	0	0	0	122	0	212	0	1220	0	116	0	0	0	0	0	0	0	4666	0	0	0	0	0	1444	1226	17864	1060	11104	338	3850	0	1712	0	0	0	16054	676	114	0	3462	0	8218	0	0	356	0	0	0	0	0	0	0	0	0	0	986	570	0	0	0	0	3492	0	0	0	632	320	482	0	2146	0	4218	0	3588	0	5980	0	19164	0	20750	0	2668	0	0	0	8792	0	21630	368	528	0	768	0	106	234	0	0	0	0	544	1272	796	0	236	364	
490204	Fusiform_R	168	3150	0	1474	0	0	0	116	0	0	0	138	0	0	0	0	0	606	110	990	0	0	0	0	0	0	0	0	0	4414	0	0	0	0	424	1646	476	27432	154	22942	0	8968	0	5322	0	3668	1374	17542	0	5338	0	4456	0	14964	356	0	0	2514	0	612	0	896	0	476	0	842	0	4992	0	674	0	0	0	7272	0	714	456	1986	0	1046	0	4894	0	7076	0	3840	0	4142	0	25746	492	13782	350	124	0	432	2556	8006	646	16568	0	0	0	0	0	0	0	0	0	0	4220	2762	758	0	0	0	
266744	Postcentral_L	28744	832	9198	1766	0	0	1806	0	0	0	5626	0	284	0	0	0	10628	0	9608	100	0	0	0	0	0	0	0	0	4954	0	0	136	0	0	1200	866	148	110	0	0	0	0	272	0	160	0	0	0	0	0	3624	0	236	0	0	0	0	0	6174	0	17558	0	6464	0	5594	0	3656	0	4630	0	0	138	154	0	0	0	124	0	2218	0	2608	0	0	0	2456	0	0	0	1300	0	0	0	0	0	0	0	0	0	0	0	0	0	0	0	0	0	0	0	0	0	0	0	0	0	0	0	
288528	Postcentral_R	326	22458	0	638	0	0	0	408	0	0	0	1492	0	0	0	0	0	4372	322	1126	0	0	0	0	0	0	0	0	0	714	0	0	0	1808	724	2030	122	1600	0	0	0	0	0	3982	0	15676	0	326	0	12952	0	2162	0	1048	0	2514	0	0	0	6770	0	8524	0	10718	0	1198	174	18076	876	8144	0	210	0	334	0	0	0	340	0	310	0	2192	0	0	0	4566	0	0	0	4900	0	0	0	0	0	0	0	0	0	0	0	0	0	0	0	0	0	0	0	0	132	0	0	0	0	0	
109816	Parietal_Sup_L	292	136	0	128	0	0	0	0	0	0	0	0	0	0	0	0	0	0	194	0	0	0	0	0	0	0	0	0	0	0	0	0	1066	0	268	248	0	0	0	0	0	0	108	0	482	0	0	0	5090	0	13626	0	0	0	0	0	6174	0	0	0	9894	0	0	0	1968	0	11218	436	3002	0	0	0	0	0	0	0	0	0	0	0	0	0	0	0	368	0	0	0	210	0	0	0	0	0	0	0	0	0	0	0	0	0	0	0	0	0	0	0	0	0	0	0	0	0	0	0	
169204	Parietal_Sup_R	0	1738	0	0	0	0	0	0	0	0	0	0	0	0	0	0	0	0	0	110	0	0	0	0	0	0	0	0	0	0	0	0	0	122	0	0	0	0	0	0	0	0	0	2814	0	10440	0	756	0	15342	0	7462	0	192	0	612	0	6770	0	0	0	10152	0	5968	0	5216	486	14508	0	964	0	0	0	0	0	0	0	0	0	0	0	124	0	0	0	530	0	0	0	296	0	0	0	0	0	0	0	0	0	0	0	0	0	0	0	0	0	0	0	0	0	0	0	0	0	0	
202880	Parietal_Inf_L	4440	0	0	114	0	0	0	0	0	0	128	0	0	0	0	0	1070	0	0	0	0	0	0	0	0	0	0	0	0	0	0	0	398	0	288	306	0	0	0	0	0	0	160	0	0	0	0	0	1116	0	11990	0	266	0	0	0	17558	0	9894	0	0	0	14352	0	19144	0	2718	0	2190	0	0	0	0	0	0	0	0	0	0	0	3840	0	0	0	8022	0	0	0	3446	0	0	0	0	0	0	0	0	0	0	0	0	0	0	0	0	0	0	0	0	0	0	0	0	0	0	0	
149112	Parietal_Inf_R	0	2872	0	148	0	0	0	0	0	0	0	0	0	0	0	0	0	354	0	132	0	0	0	0	0	0	0	0	0	246	0	0	0	0	0	0	0	254	0	0	0	0	0	858	0	1870	0	0	0	3604	0	6174	0	670	0	896	0	8524	0	10152	0	0	0	12924	0	15748	0	1642	0	796	0	0	0	178	0	0	0	0	0	0	0	206	0	0	0	5290	0	0	0	1018	0	0	0	0	0	0	0	0	0	0	0	0	0	0	0	0	0	0	0	0	0	0	0	0	0	0	
98196	SupraMarginal_L	1670	0	0	106	0	0	266	0	0	0	0	0	0	0	0	0	1600	0	102	0	0	0	0	0	0	0	0	0	1100	0	0	208	0	0	0	0	0	0	0	0	0	0	0	0	0	0	0	0	0	0	176	0	144	0	0	0	6464	0	0	0	14352	0	0	0	6578	0	0	0	0	0	0	206	0	0	0	0	0	0	0	0	8030	0	0	0	5842	0	0	0	2254	0	0	0	0	0	0	0	0	0	0	0	0	0	0	0	0	0	0	0	0	0	0	0	0	0	0	0	
114636	SupraMarginal_R	0	3238	0	154	0	0	0	0	0	0	0	0	0	0	0	0	0	2332	0	110	0	0	0	0	0	0	0	0	0	180	0	0	0	0	0	0	0	2510	0	0	0	0	0	344	0	792	0	0	0	744	0	200	0	436	0	476	0	10718	0	5968	0	12924	0	0	0	3694	0	1166	0	140	0	0	0	204	0	0	0	116	0	146	0	3834	0	0	0	3742	0	0	0	3150	0	0	0	0	0	0	0	0	0	0	0	0	0	0	0	0	0	0	0	0	0	0	0	0	0	0	
162492	Angular_L	2910	0	0	124	0	0	242	0	0	0	604	0	0	0	0	0	1062	0	0	0	0	0	0	0	0	0	0	0	264	0	0	194	0	0	696	934	0	0	0	0	0	0	458	0	194	0	0	0	944	0	12626	0	502	0	0	0	5594	0	1968	0	19144	0	6578	0	0	0	1698	0	1032	0	0	194	0	0	0	0	0	0	0	0	2838	0	0	0	14518	0	0	0	5928	0	0	0	0	0	0	0	0	0	0	0	0	0	0	0	0	0	0	0	0	0	0	0	0	0	0	0	
126304	Angular_R	0	526	0	0	0	0	0	0	0	0	0	0	0	0	0	0	0	108	0	0	0	0	0	0	0	0	0	0	0	0	0	0	0	0	0	0	0	0	0	0	0	0	0	560	0	1498	0	0	0	6532	0	14508	0	564	0	842	0	1198	0	5216	0	15748	0	3694	0	0	0	1030	0	454	0	0	0	0	0	0	0	0	0	0	0	510	0	0	0	8812	0	0	0	1352	0	0	0	0	0	0	0	0	0	0	0	0	0	0	0	0	0	0	0	0	0	0	0	0	0	0	
234668	Precuneus_L	420	146	0	0	0	0	0	0	0	0	0	0	0	0	0	0	416	0	398	0	0	0	0	0	0	0	0	0	150	0	0	0	3816	466	5436	750	3480	224	2586	0	0	0	14212	1232	8516	2812	4306	486	10752	730	16142	276	1788	0	986	0	3656	174	11218	486	2718	0	0	0	1698	0	0	6666	5224	0	0	0	0	0	0	0	170	0	102	0	272	0	0	0	3650	0	0	0	412	0	0	0	0	0	0	0	362	0	0	0	0	0	0	0	0	0	0	0	0	0	0	0	0	0	0	0	
428012	Precuneus_R	986	11242	0	1156	0	0	0	0	0	0	0	0	0	0	0	0	0	720	956	910	0	0	0	0	0	0	0	0	0	204	0	0	488	3630	2474	7984	2130	2814	1576	2712	0	0	552	25758	1336	31810	604	7484	0	24786	338	9860	0	4422	570	4992	0	18076	436	14508	0	1642	0	1166	0	1030	6666	0	1320	4076	0	0	0	0	0	0	140	0	0	232	0	1256	0	0	0	4160	0	0	0	4094	0	0	0	0	0	0	0	1106	0	0	0	0	0	0	0	0	0	0	0	0	1604	0	0	0	0	0	
304112	Paracentral_Lobule_L	20772	16572	3276	10358	0	0	344	0	0	0	0	0	0	0	0	0	238	0	16628	15936	0	0	0	0	0	0	0	0	0	0	0	0	4186	9610	8166	6144	0	1724	0	0	0	0	454	560	830	418	0	110	530	360	3970	150	126	0	0	0	4630	876	3002	0	2190	0	0	0	1032	0	5224	1320	0	6952	754	0	284	0	184	0	2930	0	162	0	0	0	0	0	784	0	0	0	270	0	0	0	0	0	0	0	0	0	0	0	0	0	0	0	0	0	0	0	0	0	0	0	0	0	0	0	
141240	Paracentral_Lobule_R	1728	6350	0	726	0	0	0	0	0	0	0	0	0	0	0	0	0	0	1274	8788	0	0	0	0	0	0	0	0	0	0	0	0	134	8802	904	4220	0	0	0	0	0	0	0	1198	0	5024	0	150	0	4936	0	976	0	242	0	674	0	8144	0	964	0	796	0	140	0	454	0	4076	6952	0	0	0	0	0	0	0	0	0	0	0	0	300	0	0	0	1386	0	0	0	1178	0	0	0	0	0	0	0	0	0	0	0	0	0	0	0	0	0	0	0	0	104	0	0	0	0	0	
252268	Caudate_L	1688	1796	8512	3018	1638	1042	1094	238	344	0	618	3320	372	396	664	304	196	164	9448	3036	5070	6746	488	1318	880	0	2318	1228	3506	2886	5552	5138	0	1606	0	0	172	154	0	0	0	0	0	0	0	0	0	0	0	0	0	0	0	0	0	0	0	0	0	0	0	0	0	0	0	0	0	0	754	0	0	15812	21534	3350	2078	382	6506	442	0	0	162	0	164	0	0	0	0	0	0	0	0	0	0	0	0	0	0	0	0	0	0	0	0	0	0	0	0	0	0	0	0	0	0	0	0	0	
422364	Caudate_R	4640	5128	2536	29764	570	3320	5286	414	120	0	436	1736	286	888	126	1560	148	222	3874	17882	3958	8730	916	7966	420	4104	1742	2668	2496	3324	4312	28850	0	2730	138	152	862	126	232	0	0	0	0	0	0	0	0	0	0	0	0	0	0	0	0	0	138	210	0	0	0	0	206	0	194	0	0	0	0	0	15812	0	9758	18554	386	2034	568	9440	830	0	282	0	0	108	0	0	0	0	0	0	0	0	0	0	0	0	0	0	0	0	0	0	0	0	0	0	0	0	0	0	0	0	0	0	0	0	
414384	Putamen_L	4078	1270	27962	2702	10100	378	4330	144	3246	0	2226	1772	1938	240	6566	136	442	114	18996	1884	2632	3392	3580	1596	670	102	1920	402	25236	1562	8898	5282	0	932	134	142	7922	130	1936	0	798	0	0	0	0	0	0	0	0	0	0	0	0	0	3492	0	154	0	0	0	0	0	0	0	0	0	0	0	284	0	21534	9758	0	2060	4036	182	2738	388	380	0	2370	0	1902	0	232	0	0	0	1892	0	0	0	0	0	0	0	0	0	0	0	0	0	0	0	0	0	0	0	0	0	0	0	0	0	0	0	
336060	Putamen_R	0	1606	818	22002	0	3062	0	2682	0	0	0	2604	0	628	0	2488	0	3400	1174	13806	1328	2582	800	8798	238	2962	734	662	106	18770	1888	12484	0	1922	150	166	162	11420	0	6592	0	322	0	0	0	0	0	0	0	0	0	0	0	0	0	7272	0	334	0	0	0	178	0	204	0	0	0	0	0	0	3350	18554	2060	0	0	3048	130	3940	0	136	0	1026	0	438	0	156	0	0	0	848	0	0	0	0	0	0	0	0	0	0	0	0	0	0	0	0	0	0	0	0	0	0	0	0	0	0	
34276	Pallidum_L	418	0	4696	168	0	0	164	0	0	0	0	0	0	0	0	0	0	0	2910	282	0	210	0	0	0	0	0	0	0	0	0	0	0	0	0	0	158	0	0	0	0	0	0	0	0	0	0	0	0	0	0	0	0	0	0	0	0	0	0	0	0	0	0	0	0	0	0	0	184	0	2078	386	4036	0	0	0	1448	0	0	0	0	0	0	0	0	0	0	0	0	0	0	0	0	0	0	0	0	0	0	0	0	0	0	0	0	0	0	0	0	0	0	0	0	0	0	0	
29832	Pallidum_R	0	0	0	3276	0	0	0	0	0	0	0	0	0	0	0	0	0	0	0	3014	0	0	0	0	0	0	0	0	0	362	0	0	0	0	0	0	0	1226	0	556	0	0	0	0	0	0	0	0	0	0	0	0	0	0	0	714	0	0	0	0	0	0	0	0	0	0	0	0	0	0	382	2034	182	3048	0	0	0	0	0	0	0	0	0	0	0	0	0	0	0	122	0	0	0	0	0	0	0	0	0	0	0	0	0	0	0	0	0	0	0	0	0	0	0	0	0	0	
124960	Thalamus_L	7482	1192	8614	1210	0	0	260	320	0	0	0	198	0	0	0	0	0	0	5852	176	0	0	0	0	0	0	0	0	458	130	174	154	0	0	3088	3722	3494	3104	946	838	0	0	0	0	0	0	456	0	0	0	0	0	0	0	632	456	124	0	0	0	0	0	0	0	0	0	170	140	2930	0	6506	568	2738	130	1448	0	0	4770	0	0	0	0	0	0	0	0	0	0	0	0	0	0	0	0	0	0	0	0	0	0	0	0	0	0	0	0	0	0	0	0	0	0	0	0	0	0	
160128	Thalamus_R	1690	8962	262	19628	0	0	0	2252	0	0	0	752	0	0	0	0	0	924	268	4230	0	0	0	116	0	0	0	0	146	672	0	396	0	0	2284	2778	2654	6830	378	2950	0	0	0	0	0	0	0	150	0	0	0	0	0	0	320	1986	0	340	0	0	0	0	0	116	0	0	0	0	0	0	442	9440	388	3940	0	0	4770	0	0	0	0	0	0	0	0	0	0	0	0	0	0	0	0	0	0	0	0	0	0	0	0	0	0	0	0	0	0	0	0	0	0	0	0	0	0	0	
77860	Heschl_L	5986	0	1840	542	0	0	938	0	0	0	1126	0	0	0	0	0	4406	0	1754	0	0	0	0	0	0	0	0	0	8240	0	0	830	0	0	276	208	2862	0	0	0	0	0	120	0	0	0	0	0	0	0	378	0	412	0	482	0	2218	0	0	0	0	0	0	0	0	0	102	0	162	0	0	830	380	0	0	0	0	0	0	0	1944	0	0	0	1524	0	0	0	1370	0	0	0	0	0	0	0	0	0	0	0	0	0	0	0	0	0	0	0	0	0	0	0	0	0	0	0	
26272	Heschl_R	0	232	0	118	0	0	0	0	0	0	0	0	0	0	0	0	0	1792	0	108	0	0	0	0	0	0	0	0	0	1138	0	0	0	0	0	0	0	450	0	0	0	0	0	0	0	126	0	0	0	116	0	0	0	244	0	1046	0	310	0	0	0	0	0	146	0	0	0	232	0	0	0	0	0	136	0	0	0	0	0	0	0	3898	0	0	0	1224	0	0	0	1820	0	0	0	0	0	0	0	0	0	0	0	0	0	0	0	0	0	0	0	0	0	0	0	0	0	0	
257096	Temporal_Sup_L	3604	0	6604	174	0	0	1610	0	0	0	7060	0	572	0	0	0	11774	0	6294	0	0	0	0	0	0	0	0	0	12684	0	0	286	0	0	0	0	2920	0	0	0	0	0	138	0	0	0	0	0	180	0	1626	0	430	0	2146	0	2608	0	0	0	3840	0	8030	0	2838	0	272	0	0	0	162	282	2370	0	0	0	0	0	1944	0	0	0	7912	0	22812	0	176	0	17200	0	0	0	0	0	0	0	0	0	0	0	0	0	0	0	0	0	0	0	0	0	0	0	0	0	0	0	
115116	Temporal_Sup_R	0	1060	0	250	0	0	0	0	0	0	0	0	0	0	0	0	0	3634	0	206	0	0	0	0	0	0	0	0	0	4054	0	0	0	0	0	0	0	2922	0	194	0	0	0	0	0	1290	0	0	0	1288	0	0	0	162	0	4894	0	2192	0	124	0	206	0	3834	0	510	0	1256	0	300	0	0	0	1026	0	0	0	0	0	3898	0	0	0	1998	0	11794	0	184	0	10282	0	0	0	0	0	0	0	0	0	0	0	0	0	0	0	0	0	0	0	0	0	0	0	0	0	0	
174412	Temporal_Pole_Sup_L	1226	0	6014	0	588	0	2144	0	150	0	10582	110	1106	102	2248	0	9722	0	5230	0	810	0	134	0	0	0	0	0	10382	0	144	100	0	0	0	0	1422	0	1332	0	708	0	0	0	0	0	0	0	0	0	0	0	0	0	4218	0	0	0	0	0	0	0	0	0	0	0	0	0	0	0	164	0	1902	0	0	0	0	0	0	0	7912	0	0	0	6060	0	6242	0	6454	0	0	0	0	0	0	0	0	0	0	0	0	0	0	0	0	0	0	0	0	0	0	0	0	0	0	0	
70224	Temporal_Pole_Sup_R	0	0	106	832	0	0	0	0	0	0	0	1362	0	108	0	322	0	1006	596	840	0	200	0	0	0	0	0	0	0	2078	0	0	0	366	0	0	0	1706	0	2386	0	2796	0	0	0	0	0	0	0	0	0	0	0	0	0	7076	0	0	0	0	0	0	0	0	0	0	0	0	0	0	0	108	0	438	0	0	0	0	0	0	0	1998	0	0	0	2230	0	3426	0	5132	0	0	0	0	0	0	0	0	0	0	0	0	0	0	0	0	0	0	0	0	0	0	0	0	0	0	
319032	Temporal_Mid_L	890	0	286	0	0	0	142	0	0	0	186	0	0	0	0	0	2380	0	306	0	0	0	0	0	0	0	0	0	2174	0	0	0	0	0	216	190	542	0	0	0	0	0	4340	0	1314	0	158	0	1094	0	23762	0	5284	0	3588	0	2456	0	368	0	8022	0	5842	0	14518	0	3650	0	784	0	0	0	232	0	0	0	0	0	1524	0	22812	0	6060	0	0	0	5478	0	40918	0	0	0	0	0	0	0	0	0	0	0	0	0	0	0	0	0	0	0	0	0	0	0	0	0	0	0	
255284	Temporal_Mid_R	0	2570	0	0	0	0	0	0	0	0	0	0	0	0	0	0	0	246	0	0	0	0	0	0	0	0	0	0	0	972	0	0	0	0	0	0	0	500	0	0	0	0	440	6816	748	6930	0	1982	0	8768	0	15654	0	5542	0	3840	0	4566	0	530	0	5290	0	3742	0	8812	0	4160	0	1386	0	0	0	156	0	0	0	0	0	1224	0	11794	0	2230	0	0	0	1410	0	27334	0	0	0	0	0	0	0	0	0	0	0	0	0	0	0	0	0	0	0	0	0	0	0	0	0	0	
56052	Temporal_Pole_Mid_L	0	0	0	0	0	0	0	0	0	0	0	0	0	0	0	0	0	0	0	0	0	0	0	0	0	0	0	0	462	0	0	0	0	0	0	0	692	0	652	0	142	0	0	0	0	0	0	0	0	0	0	0	0	0	5980	0	0	0	0	0	0	0	0	0	0	0	0	0	0	0	0	0	0	0	0	0	0	0	0	0	176	0	6242	0	5478	0	0	0	8202	0	0	0	0	0	0	0	0	0	0	0	0	0	0	0	0	0	0	0	0	0	0	0	0	0	0	0	
36208	Temporal_Pole_Mid_R	0	0	0	0	0	0	0	0	0	0	0	0	0	0	0	0	0	0	0	0	0	0	0	0	0	0	0	0	0	0	0	0	0	0	0	0	0	702	0	1834	0	1896	0	0	0	0	0	0	0	0	0	0	0	0	0	4142	0	0	0	0	0	0	0	0	0	0	0	0	0	0	0	0	0	0	0	0	0	0	0	0	0	184	0	3426	0	1410	0	0	0	4510	0	0	0	0	0	0	0	0	0	0	0	0	0	0	0	0	0	0	0	0	0	0	0	0	0	0	
279864	Temporal_Inf_L	384	0	594	0	0	0	0	0	0	0	230	0	0	0	0	0	1052	0	736	0	0	0	0	0	0	0	0	0	4554	0	0	0	0	0	210	130	7456	0	1172	0	914	0	360	0	0	0	220	0	114	0	3892	0	5524	0	19164	0	1300	0	210	0	3446	0	2254	0	5928	0	412	0	270	0	0	0	1892	0	0	0	0	0	1370	0	17200	0	6454	0	40918	0	8202	0	0	0	2172	0	902	0	0	0	0	0	180	0	116	0	0	0	0	0	0	0	0	0	0	0	0	0	0	0	
261372	Temporal_Inf_R	0	3256	0	0	0	0	0	0	0	0	0	0	0	0	0	0	0	532	0	0	0	0	0	0	0	0	0	0	0	1740	0	0	0	0	0	296	0	7588	0	2520	0	2536	0	530	0	4516	0	362	0	4474	0	762	0	5676	0	25746	0	4900	0	296	0	1018	0	3150	0	1352	0	4094	0	1178	0	0	0	848	0	122	0	0	0	1820	0	10282	0	5132	0	27334	0	4510	0	0	0	2528	0	312	0	0	0	152	0	778	0	142	0	204	0	0	0	0	0	0	0	0	0	0	0	0	
416232	Cerebelum_Crus1_L	0	0	0	0	0	0	0	0	0	0	0	0	0	0	0	0	0	0	0	0	0	0	0	0	0	0	0	0	0	0	0	0	0	0	0	0	0	0	0	0	0	0	222	0	0	0	7612	1092	0	0	332	0	1004	0	20750	492	0	0	0	0	0	0	0	0	0	0	0	0	0	0	0	0	0	0	0	0	0	0	0	0	0	0	0	0	0	0	0	0	2172	0	0	2816	27702	2002	1340	392	21662	1218	58526	4178	8140	0	12466	2246	3134	1752	888	0	318	498	1656	7738	10988	1518	2410	852	
372136	Cerebelum_Crus1_R	0	0	0	0	0	0	0	0	0	0	0	0	0	0	0	0	0	0	0	0	0	0	0	0	0	0	0	0	0	0	0	0	0	0	0	0	0	0	0	0	0	0	0	0	0	0	2520	8344	0	0	0	0	0	206	0	13782	0	0	0	0	0	0	0	0	0	0	0	0	0	0	0	0	0	0	0	0	0	0	0	0	0	0	0	0	0	0	0	0	0	2528	2816	0	2562	24380	0	2726	3808	20670	2150	50976	958	5206	1158	15080	0	1056	0	0	0	402	8488	5688	8554	968	1042	0	
282136	Cerebelum_Crus2_L	0	0	0	0	0	0	0	0	0	0	0	0	0	0	0	0	0	0	0	0	0	0	0	0	0	0	0	0	0	0	0	0	0	0	0	0	0	0	0	0	0	0	0	0	0	0	1404	454	0	0	0	0	288	0	2668	350	0	0	0	0	0	0	0	0	0	0	0	0	0	0	0	0	0	0	0	0	0	0	0	0	0	0	0	0	0	0	0	0	902	0	27702	2562	0	5678	0	0	1310	0	7034	1846	35336	3464	30348	3612	1776	444	1060	0	0	0	0	1644	7786	2986	414	0	
239856	Cerebelum_Crus2_R	0	0	0	0	0	0	0	0	0	0	0	0	0	0	0	0	0	0	0	0	0	0	0	0	0	0	0	0	0	0	0	0	0	0	0	0	0	0	0	0	0	0	0	0	0	0	138	122	0	0	0	0	0	0	0	124	0	0	0	0	0	0	0	0	0	0	0	0	0	0	0	0	0	0	0	0	0	0	0	0	0	0	0	0	0	0	0	0	0	312	2002	24380	5678	0	0	294	124	1088	714	5478	4246	23084	4648	30650	264	1728	0	110	0	114	298	566	9652	3084	1030	0	
25552	Cerebelum_3_L	0	0	0	0	0	0	0	0	0	0	0	0	0	0	0	0	0	0	0	0	0	0	0	0	0	0	0	0	0	0	0	0	0	0	0	0	0	0	0	0	0	0	0	0	0	0	0	556	0	0	0	0	0	0	0	0	0	0	0	0	0	0	0	0	0	0	0	0	0	0	0	0	0	0	0	0	0	0	0	0	0	0	0	0	0	0	0	0	0	0	1340	0	0	0	0	114	5354	156	1858	130	0	0	0	0	370	0	106	0	676	1316	682	0	0	0	118	0	
53196	Cerebelum_3_R	0	0	0	0	0	0	0	0	0	0	0	0	0	0	0	0	0	0	0	0	0	0	0	0	0	0	0	0	0	0	0	0	0	0	0	0	0	0	0	0	0	0	0	0	0	0	0	386	0	0	0	0	0	0	0	432	0	0	0	0	0	0	0	0	0	0	0	0	0	0	0	0	0	0	0	0	0	0	0	0	0	0	0	0	0	0	0	0	0	0	392	2726	0	294	114	0	354	5880	242	4868	0	0	144	636	0	1318	0	0	438	2842	1294	290	1454	1048	1446	0	
290172	Cerebelum_4_5_L	0	0	0	0	0	0	0	0	0	0	0	0	0	0	0	0	0	0	0	0	0	0	0	0	0	0	0	0	0	0	0	0	0	0	114	0	346	0	324	0	0	0	278	0	0	106	14360	6310	0	104	0	0	0	0	8792	2556	0	0	0	0	0	0	0	0	0	0	362	0	0	0	0	0	0	0	0	0	0	0	0	0	0	0	0	0	0	0	0	0	0	0	21662	3808	1310	124	5354	354	0	8464	31296	7824	540	0	914	208	2514	732	488	0	848	1266	15702	4174	264	278	1252	2058	
253968	Cerebelum_4_5_R	0	0	0	0	0	0	0	0	0	0	0	0	0	0	0	0	0	0	0	0	0	0	0	0	0	0	0	0	0	0	0	0	0	0	0	0	118	818	0	2128	0	132	0	244	0	116	3494	10588	0	142	0	0	0	0	0	8006	0	0	0	0	0	0	0	0	0	0	0	1106	0	0	0	0	0	0	0	0	0	0	0	0	0	0	0	0	0	0	0	0	0	152	1218	20670	0	1088	156	5880	8464	0	1246	31910	0	0	236	2496	0	1436	0	0	0	1178	17470	1328	2370	1136	1658	0	
372640	Cerebelum_6_L	0	0	0	0	0	0	0	0	0	0	0	0	0	0	0	0	0	0	0	0	0	0	0	0	0	0	0	0	0	0	0	0	0	0	0	0	0	0	0	0	0	0	0	0	0	0	12240	1576	0	0	0	0	336	0	21630	646	0	0	0	0	0	0	0	0	0	0	0	0	0	0	0	0	0	0	0	0	0	0	0	0	0	0	0	0	0	0	0	0	180	0	58526	2150	7034	714	1858	242	31296	1246	0	4450	2554	0	3654	560	4108	2212	618	0	416	648	3918	10948	6296	1240	2942	2082	
386924	Cerebelum_6_R	0	0	0	0	0	0	0	0	0	0	0	0	0	0	0	0	0	0	0	0	0	0	0	0	0	0	0	0	0	0	0	0	0	0	0	0	0	0	0	0	0	0	0	0	0	0	4546	12310	0	0	0	0	0	184	368	16568	0	0	0	0	0	0	0	0	0	0	0	0	0	0	0	0	0	0	0	0	0	0	0	0	0	0	0	0	0	0	0	0	0	778	4178	50976	1846	5478	130	4868	7824	31910	4450	0	186	298	316	5548	0	1818	0	338	440	1172	15130	10846	7214	1366	2376	0	
204436	Cerebelum_7b_L	0	0	0	0	0	0	0	0	0	0	0	0	0	0	0	0	0	0	0	0	0	0	0	0	0	0	0	0	0	0	0	0	0	0	0	0	0	0	0	0	0	0	0	0	0	0	0	0	0	0	0	0	0	0	528	0	0	0	0	0	0	0	0	0	0	0	0	0	0	0	0	0	0	0	0	0	0	0	0	0	0	0	0	0	0	0	0	0	116	0	8140	958	35336	4246	0	0	540	0	2554	186	0	3258	31620	3076	2386	318	996	0	0	0	0	0	3966	3636	358	0	
140028	Cerebelum_7b_R	0	0	0	0	0	0	0	0	0	0	0	0	0	0	0	0	0	0	0	0	0	0	0	0	0	0	0	0	0	0	0	0	0	0	0	0	0	0	0	0	0	0	0	0	0	0	0	0	0	0	0	0	0	0	0	0	0	0	0	0	0	0	0	0	0	0	0	0	0	0	0	0	0	0	0	0	0	0	0	0	0	0	0	0	0	0	0	0	0	142	0	5206	3464	23084	0	0	0	0	0	298	3258	0	2430	24346	0	3176	0	0	0	0	0	0	1762	2698	150	0	
262444	Cerebelum_8_L	0	0	0	0	0	0	0	0	0	0	0	0	0	0	0	0	0	0	0	0	0	0	0	0	0	0	0	0	0	0	0	0	0	0	0	0	0	0	0	0	0	0	0	0	0	0	0	0	0	0	0	0	0	0	768	0	0	0	0	0	0	0	0	0	0	0	0	0	0	0	0	0	0	0	0	0	0	0	0	0	0	0	0	0	0	0	0	0	0	0	12466	1158	30348	4648	0	144	914	236	3654	316	31620	2430	0	4940	15814	2322	2998	0	0	0	128	132	6452	6474	2858	402	
248004	Cerebelum_8_R	0	0	0	0	0	0	0	0	0	0	0	0	0	0	0	0	0	0	0	0	0	0	0	0	0	0	0	0	0	0	0	0	0	0	0	0	0	0	0	0	0	0	0	0	0	0	102	122	0	0	0	0	0	0	0	0	0	0	0	0	0	0	0	0	0	0	0	0	0	0	0	0	0	0	0	0	0	0	0	0	0	0	0	0	0	0	0	0	0	204	2246	15080	3612	30650	0	636	208	2496	560	5548	3076	24346	4940	0	756	12472	0	764	0	248	564	710	7336	4568	2440	318	
91584	Cerebelum_9_L	0	0	0	0	0	0	0	0	0	0	0	0	0	0	0	0	0	0	0	0	0	0	0	0	0	0	0	0	0	0	0	0	0	0	0	0	0	0	0	0	0	0	0	0	0	0	208	0	0	0	0	0	0	0	106	0	0	0	0	0	0	0	0	0	0	0	0	0	0	0	0	0	0	0	0	0	0	0	0	0	0	0	0	0	0	0	0	0	0	0	3134	0	1776	264	370	0	2514	0	4108	0	2386	0	15814	756	0	1872	4534	0	0	0	404	800	1086	2134	2490	1036	
119896	Cerebelum_9_R	0	0	0	0	0	0	0	0	0	0	0	0	0	0	0	0	0	0	0	0	0	0	0	0	0	0	0	0	0	0	0	0	0	0	0	0	0	0	0	0	0	0	0	0	0	0	324	0	0	0	0	0	0	0	234	0	0	0	0	0	0	0	0	0	0	0	0	0	0	0	0	0	0	0	0	0	0	0	0	0	0	0	0	0	0	0	0	0	0	0	1752	1056	444	1728	0	1318	732	1436	2212	1818	318	3176	2322	12472	1872	0	0	1512	394	1082	1426	2960	4282	5348	7308	2422	
23376	Cerebelum_10_L	0	0	0	0	0	0	0	0	0	0	0	0	0	0	0	0	0	0	0	0	0	0	0	0	0	0	0	0	0	0	0	0	0	0	0	0	0	0	0	0	0	0	0	0	0	0	0	0	0	0	0	0	0	0	0	0	0	0	0	0	0	0	0	0	0	0	0	0	0	0	0	0	0	0	0	0	0	0	0	0	0	0	0	0	0	0	0	0	0	0	888	0	1060	0	106	0	488	0	618	0	996	0	2998	0	4534	0	0	0	0	0	0	0	0	0	0	0	
6108	Cerebelum_10_R	0	0	0	0	0	0	0	0	0	0	0	0	0	0	0	0	0	0	0	0	0	0	0	0	0	0	0	0	0	0	0	0	0	0	0	0	0	0	0	0	0	0	0	0	0	0	0	0	0	0	0	0	0	0	0	0	0	0	0	0	0	0	0	0	0	0	0	0	0	0	0	0	0	0	0	0	0	0	0	0	0	0	0	0	0	0	0	0	0	0	0	0	0	110	0	0	0	0	0	338	0	0	0	764	0	1512	0	0	0	0	0	120	0	0	100	110	
19296	Vermis_1_2	0	0	0	0	0	0	0	0	0	0	0	0	0	0	0	0	0	0	0	0	0	0	0	0	0	0	0	0	0	0	0	0	0	0	0	0	0	0	156	0	0	0	0	0	0	0	0	0	0	0	0	0	0	0	0	0	0	0	0	0	0	0	0	0	0	0	0	0	0	0	0	0	0	0	0	0	0	0	0	0	0	0	0	0	0	0	0	0	0	0	318	0	0	0	676	438	848	0	416	440	0	0	0	0	0	394	0	0	0	3490	1080	442	188	266	496	0	
40064	Vermis_3	0	0	0	0	0	0	0	0	0	0	0	0	0	0	0	0	0	0	0	0	0	0	0	0	0	0	0	0	0	0	0	0	0	0	0	0	0	0	240	0	0	0	0	0	0	0	144	204	0	0	0	0	0	0	0	0	0	0	0	0	0	0	0	0	0	0	0	0	0	0	0	0	0	0	0	0	0	0	0	0	0	0	0	0	0	0	0	0	0	0	498	402	0	114	1316	2842	1266	1178	648	1172	0	0	0	248	0	1082	0	0	3490	0	1916	530	770	778	1194	0	
211856	Vermis_4_5	0	0	0	0	0	0	0	0	0	0	0	0	0	0	0	0	0	0	0	0	0	0	0	0	0	0	0	0	0	0	0	0	0	0	472	998	392	210	246	356	0	0	0	192	0	118	6058	8762	0	112	0	0	0	186	544	4220	0	132	0	0	0	0	0	0	0	0	0	1604	0	104	0	0	0	0	0	0	0	0	0	0	0	0	0	0	0	0	0	0	0	0	1656	8488	0	298	682	1294	15702	17470	3918	15130	0	0	128	564	404	1426	0	0	1080	1916	0	4708	1008	900	2330	2120	
163804	Vermis_6	0	0	0	0	0	0	0	0	0	0	0	0	0	0	0	0	0	0	0	0	0	0	0	0	0	0	0	0	0	0	0	0	0	0	0	0	0	0	0	0	0	0	0	0	0	0	3872	4416	0	0	0	0	0	0	1272	2762	0	0	0	0	0	0	0	0	0	0	0	0	0	0	0	0	0	0	0	0	0	0	0	0	0	0	0	0	0	0	0	0	0	0	7738	5688	1644	566	0	290	4174	1328	10948	10846	0	0	132	710	800	2960	0	120	442	530	4708	0	5950	1678	4028	4300	
