data	data	493404	201216	1.01468e+06	857896	168504	124076	469344	275572	77592	29940	179756	207528	313796	167300	167224	140900	240384	96504	766228	1.06808e+06	90912	90796	367728	295176	30572	103652	83632	101100	591736	300916	316540	452504	164188	564188	133132	137560	214168	253648	65916	138080	22540	52836	177736	385008	126344	298792	137092	239408	131644	314592	438760	349096	239704	126560	328032	306056	347156	221188	173464	83472	185796	81268	124740	101272	131580	184028	268592	339536	263824	177772	244500	463872	336088	275352	36040	14124	95264	218808	109432	11184	246596	108312	124256	37280	305492	250508	42324	9156	252892	173488	400820	390968	262576	262040	34168	74084	244176	191820	348448	372204	175896	134744	262044	242312	93920	95860	7456	8832	20972	56808	181072	142368	146104	83036	53380	24120	
data	data	Precentral_L	Precentral_R	Frontal_Sup_L	Frontal_Sup_R	Frontal_Sup_Orb_L	Frontal_Sup_Orb_R	Frontal_Mid_L	Frontal_Mid_R	Frontal_Mid_Orb_L	Frontal_Mid_Orb_R	Frontal_Inf_Oper_L	Frontal_Inf_Oper_R	Frontal_Inf_Tri_L	Frontal_Inf_Tri_R	Frontal_Inf_Orb_L	Frontal_Inf_Orb_R	Rolandic_Oper_L	Rolandic_Oper_R	Supp_Motor_Area_L	Supp_Motor_Area_R	Olfactory_L	Olfactory_R	Frontal_Sup_Medial_L	Frontal_Sup_Medial_R	Frontal_Med_Orb_L	Frontal_Med_Orb_R	Rectus_L	Rectus_R	Insula_L	Insula_R	Cingulum_Ant_L	Cingulum_Ant_R	Cingulum_Mid_L	Cingulum_Mid_R	Cingulum_Post_L	Cingulum_Post_R	Hippocampus_L	Hippocampus_R	ParaHippocampal_L	ParaHippocampal_R	Amygdala_L	Amygdala_R	Calcarine_L	Calcarine_R	Cuneus_L	Cuneus_R	Lingual_L	Lingual_R	Occipital_Sup_L	Occipital_Sup_R	Occipital_Mid_L	Occipital_Mid_R	Occipital_Inf_L	Occipital_Inf_R	Fusiform_L	Fusiform_R	Postcentral_L	Postcentral_R	Parietal_Sup_L	Parietal_Sup_R	Parietal_Inf_L	Parietal_Inf_R	SupraMarginal_L	SupraMarginal_R	Angular_L	Angular_R	Precuneus_L	Precuneus_R	Paracentral_Lobule_L	Paracentral_Lobule_R	Caudate_L	Caudate_R	Putamen_L	Putamen_R	Pallidum_L	Pallidum_R	Thalamus_L	Thalamus_R	Heschl_L	Heschl_R	Temporal_Sup_L	Temporal_Sup_R	Temporal_Pole_Sup_L	Temporal_Pole_Sup_R	Temporal_Mid_L	Temporal_Mid_R	Temporal_Pole_Mid_L	Temporal_Pole_Mid_R	Temporal_Inf_L	Temporal_Inf_R	Cerebelum_Crus1_L	Cerebelum_Crus1_R	Cerebelum_Crus2_L	Cerebelum_Crus2_R	Cerebelum_3_L	Cerebelum_3_R	Cerebelum_4_5_L	Cerebelum_4_5_R	Cerebelum_6_L	Cerebelum_6_R	Cerebelum_7b_L	Cerebelum_7b_R	Cerebelum_8_L	Cerebelum_8_R	Cerebelum_9_L	Cerebelum_9_R	Cerebelum_10_L	Cerebelum_10_R	Vermis_1_2	Vermis_3	Vermis_4_5	Vermis_6	Vermis_7	Vermis_8	Vermis_9	Vermis_10	
493404	Precentral_L	0	428	7756	1108	0	0	14334	116	0	0	7660	0	1584	0	0	210	10462	0	4608	21248	0	0	0	0	0	0	0	0	11468	0	142	0	3470	13994	6942	422	3858	418	240	0	0	0	2016	0	1036	0	588	0	328	0	6666	0	4132	0	3772	0	31744	0	1544	0	1146	0	1092	0	0	0	3260	0	31096	0	2686	12578	4538	0	630	0	3082	14714	3912	0	2298	0	0	0	2222	0	0	0	1154	0	0	0	0	0	0	0	0	0	0	0	0	0	0	0	0	0	0	0	0	0	0	0	0	0	0	0	
201216	Precentral_R	428	0	1904	5600	0	0	150	8352	0	0	0	8784	0	1338	0	0	0	1460	470	15094	0	0	0	0	0	0	0	0	0	3592	0	0	186	4684	206	832	0	3754	0	0	0	0	0	1126	0	412	0	98	0	164	0	938	0	308	0	166	130	16404	0	0	0	606	0	1888	0	2118	0	1924	320	9580	464	0	0	2630	0	0	0	532	0	0	0	376	0	0	0	1610	0	0	0	1980	0	0	0	0	0	0	0	0	0	0	0	0	0	0	0	0	0	0	0	0	0	0	0	0	0	0	
1.01468e+06	Frontal_Sup_L	7756	1904	0	12948	13478	284	67244	4086	5842	0	11008	1280	30382	1016	11206	1950	7824	236	86546	22294	482	392	51782	6796	528	422	1274	134	41786	1442	22928	9116	7272	5200	608	0	2088	336	0	0	0	0	0	0	0	0	0	0	0	0	0	0	0	0	836	0	5468	378	0	0	0	0	0	0	0	0	0	0	376	0	11318	8872	25080	1436	2964	150	1404	202	1430	0	3016	0	3078	0	0	0	0	0	1460	0	0	0	0	0	0	0	0	0	0	0	0	0	0	0	0	0	0	0	0	0	0	0	0	0	0	0	
857896	Frontal_Sup_R	1108	5600	12948	0	0	7926	500	38492	0	518	0	16972	3692	11530	124	6744	186	7500	27074	92326	0	492	7658	33368	0	3654	0	1232	846	19598	4118	29458	1190	21604	0	0	0	10638	0	338	0	0	0	0	0	0	0	0	0	0	0	0	0	0	0	768	282	2668	0	0	0	0	0	0	0	0	0	0	414	134	1576	24922	352	20500	0	1548	132	7168	148	174	0	164	0	200	0	0	0	0	0	364	0	0	0	0	0	0	0	0	0	0	0	0	0	0	0	0	0	0	0	0	0	0	0	0	0	0	
168504	Frontal_Sup_Orb_L	0	0	13478	0	0	0	836	0	10210	0	0	0	1172	0	9180	0	0	0	1308	134	3670	1354	7900	0	2888	0	7800	436	3446	0	3526	170	0	0	0	0	0	0	0	0	0	0	0	0	0	0	0	0	0	0	0	0	0	0	0	0	0	0	0	0	0	0	0	0	0	0	0	0	0	0	4970	480	9986	0	0	0	0	0	0	0	122	0	1186	0	0	0	0	0	0	0	0	0	0	0	0	0	0	0	0	0	0	0	0	0	0	0	0	0	0	0	0	0	0	0	0	0	
124076	Frontal_Sup_Orb_R	0	0	284	7926	0	0	0	7804	0	6176	0	0	0	356	0	5020	0	0	0	0	0	1570	822	4706	266	7000	194	8134	0	432	842	4650	0	0	0	0	0	0	0	0	0	0	0	0	0	0	0	0	0	0	0	0	0	0	0	0	0	0	0	0	0	0	0	0	0	0	0	0	0	0	0	3372	0	2484	0	0	0	0	0	0	0	0	0	0	0	0	0	0	0	0	0	0	0	0	0	0	0	0	0	0	0	0	0	0	0	0	0	0	0	0	0	0	0	0	0	0	
469344	Frontal_Mid_L	14334	150	67244	500	836	0	0	168	3542	0	11496	0	40510	0	6034	500	5316	0	14914	1002	0	0	16948	310	0	0	0	0	25340	0	5824	894	2710	898	122	0	630	0	0	0	0	0	0	0	0	0	0	0	0	0	0	0	0	0	126	0	2862	0	0	0	0	0	0	0	0	0	0	0	0	0	1276	1418	2126	138	0	0	614	0	1768	0	1632	0	2134	0	0	0	0	0	356	0	0	0	0	0	0	0	0	0	0	0	0	0	0	0	0	0	0	0	0	0	0	0	0	0	0	0	
275572	Frontal_Mid_R	116	8352	4086	38492	0	7804	168	0	0	3278	0	9390	570	13512	254	7062	0	250	4364	9328	0	318	374	2450	0	342	0	708	474	3118	490	5194	168	2966	0	0	0	682	0	0	0	0	0	0	0	0	0	0	0	0	0	0	0	0	0	0	0	894	0	0	0	0	0	0	0	0	0	0	108	0	1608	5716	384	4208	0	0	0	208	0	0	0	98	0	0	0	0	0	0	0	252	0	0	0	0	0	0	0	0	0	0	0	0	0	0	0	0	0	0	0	0	0	0	0	0	0	0	
77592	Frontal_Mid_Orb_L	0	0	5842	0	10210	0	3542	0	0	0	0	0	3280	0	12556	0	0	0	0	0	132	0	154	0	0	0	964	0	500	0	118	0	0	0	0	0	0	0	0	0	0	0	0	0	0	0	0	0	0	0	0	0	0	0	0	0	0	0	0	0	0	0	0	0	0	0	0	0	0	0	184	0	1020	0	0	0	0	0	0	0	0	0	294	0	0	0	0	0	0	0	0	0	0	0	0	0	0	0	0	0	0	0	0	0	0	0	0	0	0	0	0	0	0	0	0	0	
29940	Frontal_Mid_Orb_R	0	0	0	518	0	6176	0	3278	0	0	0	0	0	200	0	4080	0	0	0	0	0	0	0	0	0	0	0	718	0	0	0	0	0	0	0	0	0	0	0	0	0	0	0	0	0	0	0	0	0	0	0	0	0	0	0	0	0	0	0	0	0	0	0	0	0	0	0	0	0	0	0	0	0	0	0	0	0	0	0	0	0	0	0	0	0	0	0	0	0	0	0	0	0	0	0	0	0	0	0	0	0	0	0	0	0	0	0	0	0	0	0	0	0	0	0	0	
179756	Frontal_Inf_Oper_L	7660	0	11008	0	0	0	11496	0	0	0	0	0	10214	0	100	106	8266	0	8506	174	0	0	254	0	0	0	0	0	16716	0	678	350	0	0	0	0	322	0	0	0	0	0	0	0	0	0	0	0	0	0	0	0	0	0	0	0	2710	0	0	0	0	0	0	0	0	0	0	0	0	0	1204	1170	520	0	0	0	0	0	658	0	1376	0	6390	0	0	0	0	0	0	0	0	0	0	0	0	0	0	0	0	0	0	0	0	0	0	0	0	0	0	0	0	0	0	0	0	0	
207528	Frontal_Inf_Oper_R	0	8784	1280	16972	0	0	0	9390	0	0	0	0	142	12602	0	672	0	5342	2454	14118	0	0	0	0	0	0	0	0	0	17936	0	374	0	228	0	0	0	872	0	0	0	0	0	0	0	0	0	0	0	0	0	0	0	0	0	264	0	4308	0	0	0	0	0	152	0	0	0	0	0	210	202	2204	0	3414	0	158	0	124	0	0	0	236	0	170	0	106	0	0	0	1050	0	0	0	0	0	0	0	0	0	0	0	0	0	0	0	0	0	0	0	0	0	0	0	0	0	0	
313796	Frontal_Inf_Tri_L	1584	0	30382	3692	1172	0	40510	570	3280	0	10214	142	0	708	11582	452	914	0	12788	4002	0	0	1378	1006	0	0	0	0	21942	482	1666	1330	212	1314	0	0	192	0	0	0	0	0	0	0	0	0	0	0	0	0	0	0	0	0	0	0	210	0	0	0	0	0	0	0	0	0	0	0	0	0	980	1116	1680	0	0	0	0	0	152	0	232	0	1014	0	0	0	0	0	0	0	0	0	0	0	0	0	0	0	0	0	0	0	0	0	0	0	0	0	0	0	0	0	0	0	0	0	
167300	Frontal_Inf_Tri_R	0	1338	1016	11530	0	356	0	13512	0	200	0	12602	708	0	0	6378	0	554	3234	8144	0	0	0	296	0	0	0	0	0	14432	218	934	0	976	0	0	0	228	0	0	0	0	0	0	0	0	0	0	0	0	0	0	0	0	0	0	0	308	0	0	0	0	0	0	0	0	0	0	0	0	102	2126	0	4458	0	0	0	0	0	0	0	0	0	0	0	0	0	0	0	0	0	0	0	0	0	0	0	0	0	0	0	0	0	0	0	0	0	0	0	0	0	0	0	0	0	0	
167224	Frontal_Inf_Orb_L	0	0	11206	124	9180	0	6034	254	12556	0	100	0	11582	0	0	0	0	0	2212	106	2400	0	612	0	0	0	1772	0	13520	0	0	0	112	0	0	0	134	0	0	0	0	0	0	0	0	0	0	0	0	0	0	0	0	0	0	0	0	0	0	0	0	0	0	0	0	0	0	0	0	0	1808	0	6670	0	0	0	0	0	0	0	0	0	3230	0	0	0	0	0	0	0	0	0	0	0	0	0	0	0	0	0	0	0	0	0	0	0	0	0	0	0	0	0	0	0	0	0	
140900	Frontal_Inf_Orb_R	210	0	1950	6744	0	5020	500	7062	0	4080	106	672	452	6378	0	0	0	238	1356	4956	0	1816	240	144	0	0	0	1882	500	6310	426	398	0	746	0	0	0	0	0	252	0	0	0	0	0	0	0	0	0	0	0	0	0	0	0	0	0	0	0	0	0	0	0	0	0	0	0	0	158	0	942	11148	98	2704	0	0	0	1794	0	0	0	288	0	760	0	120	0	0	0	0	0	0	0	0	0	0	0	0	0	0	0	0	0	0	0	0	0	0	0	0	0	0	0	0	0	0	
240384	Rolandic_Oper_L	10462	0	7824	186	0	0	5316	0	0	0	8266	0	914	0	0	0	0	0	4440	174	0	0	0	0	0	0	0	0	17136	0	124	0	0	0	0	0	470	0	0	0	0	0	118	0	0	0	0	0	0	0	3878	0	1344	0	1286	0	19366	0	3738	0	2584	0	4628	0	914	0	1046	0	940	0	250	224	340	0	0	0	376	0	6946	0	13156	0	1660	0	1374	0	0	0	712	0	0	0	0	0	0	0	0	0	0	0	0	0	0	0	0	0	0	0	0	0	0	0	0	0	0	0	
96504	Rolandic_Oper_R	0	1460	236	7500	0	0	0	250	0	0	0	5342	0	554	0	238	0	0	292	7586	0	0	0	0	0	0	0	0	0	10526	0	0	0	0	0	0	0	484	0	0	0	0	0	0	0	0	0	0	0	0	0	0	0	0	0	0	0	4854	0	0	0	0	0	2932	0	0	0	0	0	94	0	566	0	1694	0	168	0	0	0	810	0	2090	0	236	0	340	0	0	0	0	0	0	0	0	0	0	0	0	0	0	0	0	0	0	0	0	0	0	0	0	0	0	0	0	0	0	
766228	Supp_Motor_Area_L	4608	470	86546	27074	1308	0	14914	4364	0	0	8506	2454	12788	3234	2212	1356	4440	292	0	55234	0	0	9132	6158	0	0	0	0	23074	3300	12300	15842	10334	24912	1098	168	914	276	0	0	0	0	0	0	0	0	0	0	0	0	0	0	0	0	142	0	952	246	0	0	0	0	0	0	0	0	0	0	6472	0	5360	6408	10476	1624	638	214	8434	270	536	0	1468	0	2374	0	0	0	0	0	192	0	0	0	0	0	0	0	0	0	0	0	0	0	0	0	0	0	0	0	0	0	0	0	0	0	0	0	
1.06808e+06	Supp_Motor_Area_R	21248	15094	22294	92326	134	0	1002	9328	0	0	174	14118	4002	8144	106	4956	174	7586	55234	0	0	156	2444	9316	0	0	0	140	1258	17622	2916	14902	5460	59388	1210	5586	264	8820	0	354	0	0	0	3706	0	882	0	142	0	276	0	1526	0	0	0	764	306	4378	0	0	0	430	0	704	0	2404	114	5934	20874	20440	1354	34088	1016	16176	396	2160	362	25114	0	250	0	744	0	200	0	2026	0	0	0	1520	0	0	0	0	0	0	0	0	0	0	0	0	0	0	0	0	0	0	0	0	0	0	0	0	0	0	
90912	Olfactory_L	0	0	482	0	3670	0	0	0	132	0	0	0	0	0	2400	0	0	0	0	0	0	5040	408	0	274	626	5392	2710	4188	278	2790	1984	0	0	0	0	862	0	578	136	884	170	0	0	0	0	0	0	0	0	0	0	0	0	234	0	0	0	0	0	0	0	0	0	0	0	0	0	0	0	7836	1036	1782	0	0	0	0	0	0	0	184	0	1380	0	0	0	0	0	0	0	0	0	0	0	0	0	0	0	0	0	0	0	0	0	0	0	0	0	0	0	0	0	0	0	0	0	
90796	Olfactory_R	0	0	392	492	1354	1570	0	318	0	0	0	0	0	0	0	1816	0	0	0	156	5040	0	302	190	218	2092	3396	6636	0	1548	2220	3700	0	0	0	0	0	260	0	490	0	750	0	0	0	0	0	0	0	0	0	0	0	0	0	0	0	0	0	0	0	0	0	0	0	0	0	0	0	0	6192	3934	1424	550	0	0	0	0	0	0	0	0	0	358	0	0	0	0	0	0	0	0	0	0	0	0	0	0	0	0	0	0	0	0	0	0	0	0	0	0	0	0	0	0	0	0	
367728	Frontal_Sup_Medial_L	0	0	51782	7658	7900	822	16948	374	154	0	254	0	1378	0	612	240	0	0	9132	2444	408	302	0	19094	2384	1136	1276	122	2920	0	22058	11822	5020	7474	398	0	0	0	0	0	0	0	0	0	0	0	0	0	0	0	0	0	0	0	0	0	0	0	0	0	0	0	0	0	0	0	0	0	0	0	2620	920	6212	0	0	0	0	0	0	0	0	0	0	0	0	0	0	0	0	0	0	0	0	0	0	0	0	0	0	0	0	0	0	0	0	0	0	0	0	0	0	0	0	0	0	0	
295176	Frontal_Sup_Medial_R	0	0	6796	33368	0	4706	310	2450	0	0	0	0	1006	296	0	144	0	0	6158	9316	0	190	19094	0	334	7476	0	1108	0	0	5016	26008	372	15392	0	0	0	0	0	0	0	0	0	0	0	0	0	0	0	0	0	0	0	0	0	0	0	0	0	0	0	0	0	0	0	0	0	0	0	0	96	6186	0	1766	0	0	0	0	0	0	0	0	0	0	0	0	0	0	0	0	0	0	0	0	0	0	0	0	0	0	0	0	0	0	0	0	0	0	0	0	0	0	0	0	0	0	
30572	Frontal_Med_Orb_L	0	0	528	0	2888	266	0	0	0	0	0	0	0	0	0	0	0	0	0	0	274	218	2384	334	0	654	2240	246	0	0	3586	426	0	0	0	0	0	0	0	0	0	0	0	0	0	0	0	0	0	0	0	0	0	0	0	0	0	0	0	0	0	0	0	0	0	0	0	0	0	0	646	0	596	0	0	0	0	0	0	0	0	0	0	0	0	0	0	0	0	0	0	0	0	0	0	0	0	0	0	0	0	0	0	0	0	0	0	0	0	0	0	0	0	0	0	0	
103652	Frontal_Med_Orb_R	0	0	422	3654	0	7000	0	342	0	0	0	0	0	0	0	0	0	0	0	0	626	2092	1136	7476	654	0	638	9700	0	0	2308	11640	0	0	0	0	0	0	0	0	0	0	0	0	0	0	0	0	0	0	0	0	0	0	0	0	0	0	0	0	0	0	0	0	0	0	0	0	0	0	364	2802	0	972	0	0	0	0	0	0	0	0	0	0	0	0	0	0	0	0	0	0	0	0	0	0	0	0	0	0	0	0	0	0	0	0	0	0	0	0	0	0	0	0	0	0	
83632	Rectus_L	0	0	1274	0	7800	194	0	0	964	0	0	0	0	0	1772	0	0	0	0	0	5392	3396	1276	0	2240	638	0	2194	1428	0	3280	1384	0	0	0	0	0	0	0	0	0	0	0	0	0	0	0	0	0	0	0	0	0	0	0	0	0	0	0	0	0	0	0	0	0	0	0	0	0	0	5774	708	1510	0	0	0	0	0	0	0	0	0	592	0	0	0	0	0	0	0	0	0	0	0	0	0	0	0	0	0	0	0	0	0	0	0	0	0	0	0	0	0	0	0	0	0	
101100	Rectus_R	0	0	134	1232	436	8134	0	708	0	718	0	0	0	0	0	1882	0	0	0	140	2710	6636	122	1108	246	9700	2194	0	0	948	1222	6138	0	0	0	0	0	0	0	0	0	0	0	0	0	0	0	0	0	0	0	0	0	0	0	0	0	0	0	0	0	0	0	0	0	0	0	0	0	0	2524	2366	528	592	0	0	0	0	0	0	0	0	0	132	0	0	0	0	0	0	0	0	0	0	0	0	0	0	0	0	0	0	0	0	0	0	0	0	0	0	0	0	0	0	0	0	
591736	Insula_L	11468	0	41786	846	3446	0	25340	474	500	0	16716	0	21942	0	13520	500	17136	0	23074	1258	4188	0	2920	0	0	0	1428	0	0	0	2844	1478	510	352	304	0	11766	0	684	0	1266	0	344	0	0	0	0	0	0	0	1412	0	2264	0	6064	0	6448	0	260	0	214	0	432	0	0	0	282	0	0	0	6490	2320	22952	0	0	0	2956	0	8128	0	11888	0	9326	0	1990	0	0	0	6352	0	0	0	0	0	0	0	0	0	0	0	0	0	0	0	0	0	0	0	0	0	0	0	0	0	0	0	
300916	Insula_R	0	3592	1442	19598	0	432	0	3118	0	0	0	17936	482	14432	0	6310	0	10526	3300	17622	278	1548	0	0	0	0	0	948	0	0	142	560	0	468	0	0	0	3608	0	864	0	738	0	0	0	0	0	0	0	0	0	0	0	0	0	1766	0	3502	0	0	0	0	0	0	0	0	0	0	0	200	196	4184	0	23174	0	172	0	124	0	764	0	4062	0	1668	0	1032	0	0	0	1670	0	0	0	0	0	0	0	0	0	0	0	0	0	0	0	0	0	0	0	0	0	0	0	0	0	0	
316540	Cingulum_Ant_L	142	0	22928	4118	3526	842	5824	490	118	0	678	0	1666	218	0	426	124	0	12300	2916	2790	2220	22058	5016	3586	2308	3280	1222	2844	142	0	21376	6750	3606	1356	0	98	0	0	0	0	0	0	0	0	0	0	0	0	0	0	0	0	0	0	0	158	0	0	0	0	0	0	0	0	0	0	0	0	0	10476	3170	8374	170	0	0	954	0	0	0	0	0	0	0	0	0	0	0	0	0	0	0	0	0	0	0	0	0	0	0	0	0	0	0	0	0	0	0	0	0	0	0	0	0	0	0	
452504	Cingulum_Ant_R	0	0	9116	29458	170	4650	894	5194	0	0	350	374	1330	934	0	398	0	0	15842	14902	1984	3700	11822	26008	426	11640	1384	6138	1478	560	21376	0	3064	23952	0	0	0	0	0	0	0	0	0	0	0	0	0	0	0	0	0	0	0	0	0	0	0	0	0	0	0	0	0	0	0	0	0	0	0	0	4644	16052	3054	4524	0	0	834	0	0	0	0	0	0	0	0	0	0	0	0	0	0	0	0	0	0	0	0	0	0	0	0	0	0	0	0	0	0	0	0	0	0	0	0	0	0	0	
164188	Cingulum_Mid_L	3470	186	7272	1190	0	0	2710	168	0	0	0	0	212	0	112	0	0	0	10334	5460	0	0	5020	372	0	0	0	0	510	0	6750	3064	0	10864	6882	3044	0	94	0	0	0	0	164	204	144	0	124	0	250	0	1306	0	132	0	192	0	332	0	222	0	0	0	0	0	0	0	2332	312	6512	1660	0	212	0	0	0	0	0	148	0	0	0	0	0	0	0	0	0	0	0	134	0	0	0	0	0	0	0	0	0	0	0	0	0	0	0	0	0	0	0	0	0	0	0	0	0	0	
564188	Cingulum_Mid_R	13994	4684	5200	21604	0	0	898	2966	0	0	0	228	1314	976	0	746	0	0	24912	59388	0	0	7474	15392	0	0	0	0	352	468	3606	23952	10864	0	1706	7708	190	268	0	0	0	0	0	5318	0	1760	0	0	0	310	0	1664	0	0	0	0	0	918	0	0	0	152	0	0	0	1342	854	9914	14494	13866	110	9834	216	170	96	0	208	10102	0	0	0	104	0	0	0	1236	0	0	0	536	0	0	0	0	0	0	0	0	0	0	0	0	0	0	0	0	0	0	0	0	0	0	0	0	0	0	
133132	Cingulum_Post_L	6942	206	608	0	0	0	122	0	0	0	0	0	0	0	0	0	0	0	1098	1210	0	0	398	0	0	0	0	0	304	0	1356	0	6882	1706	0	8400	3668	3046	2292	578	0	0	3308	168	436	454	436	0	104	0	476	0	958	0	1102	144	1210	0	0	0	0	0	0	0	0	0	6248	1712	7598	582	0	170	0	0	0	0	122	2260	0	0	0	0	0	0	110	0	0	0	152	0	0	0	0	0	0	0	0	0	0	0	0	0	0	0	0	0	0	0	0	0	0	0	0	0	0	0	
137560	Cingulum_Post_R	422	832	0	0	0	0	0	0	0	0	0	0	0	0	0	0	0	0	168	5586	0	0	0	0	0	0	0	0	0	0	0	0	3044	7708	8400	0	2900	5304	1828	1298	0	0	194	2502	0	1342	108	2808	0	0	0	300	0	0	0	192	0	142	0	0	0	0	0	0	0	464	2430	10406	108	3804	0	246	0	0	0	0	0	2348	0	0	0	0	0	0	0	594	0	0	0	2258	0	0	0	0	0	0	0	0	0	0	0	0	0	0	0	0	0	0	0	0	1044	0	0	0	0	0	
214168	Hippocampus_L	3858	0	2088	0	0	0	630	0	0	0	322	0	192	0	134	0	470	0	914	264	862	0	0	0	0	0	0	0	11766	0	98	0	0	190	3668	2900	0	2922	10058	528	4564	0	1378	0	0	0	1920	242	0	0	1020	0	1052	0	13102	142	2328	0	0	0	0	0	0	0	0	0	2934	706	188	0	880	982	9236	0	1230	0	4766	3494	3090	0	1884	0	374	0	584	0	0	0	8972	0	0	0	0	0	0	0	152	0	0	0	0	0	0	0	0	0	0	0	0	0	0	0	0	0	0	0	
253648	Hippocampus_R	418	3754	336	10638	0	0	0	682	0	0	0	872	0	228	0	0	0	484	276	8820	0	260	0	0	0	0	0	0	0	3608	0	0	94	268	3046	5304	2922	0	2060	19434	0	9668	192	112	0	0	114	2000	0	0	0	0	0	0	104	19570	0	1028	0	0	0	0	0	0	0	0	1428	3472	334	0	0	0	0	13112	0	344	0	3844	0	0	0	1426	0	140	0	586	0	0	0	3792	0	0	0	0	0	428	0	878	0	102	0	0	0	0	0	0	0	0	0	0	646	0	0	0	0	0	
65916	ParaHippocampal_L	240	0	0	0	0	0	0	0	0	0	0	0	0	0	0	0	0	0	0	0	578	0	0	0	0	0	0	0	684	0	0	0	0	0	2292	1828	10058	2060	0	458	1110	0	1038	0	0	0	1882	446	0	0	338	0	344	0	2836	126	0	0	0	0	0	0	0	0	0	0	2552	694	0	0	0	0	384	0	0	0	230	1902	0	0	0	0	174	0	0	0	0	0	308	0	0	0	0	0	0	0	286	0	0	0	0	0	0	0	0	0	0	0	0	110	0	0	0	0	0	0	
138080	ParaHippocampal_R	0	0	0	338	0	0	0	0	0	0	0	0	0	0	0	252	0	0	0	354	136	490	0	0	0	0	0	0	0	864	0	0	0	0	578	1298	528	19434	458	0	0	7752	182	154	0	0	0	5098	0	0	0	0	0	1364	0	16624	0	0	0	0	0	0	0	0	0	0	374	2448	0	0	0	0	0	2570	0	156	0	586	0	0	0	404	0	866	0	328	0	134	0	2938	0	0	0	0	0	436	0	1296	0	120	0	0	0	0	0	0	0	0	0	0	480	0	0	0	0	0	
22540	Amygdala_L	0	0	0	0	0	0	0	0	0	0	0	0	0	0	0	0	0	0	0	0	884	0	0	0	0	0	0	0	1266	0	0	0	0	0	0	0	4564	0	1110	0	0	0	0	0	0	0	0	0	0	0	0	0	0	0	2682	0	0	0	0	0	0	0	0	0	0	0	0	0	0	0	0	0	0	0	0	0	0	0	0	0	0	0	150	0	0	0	0	0	614	0	0	0	0	0	0	0	0	0	0	0	0	0	0	0	0	0	0	0	0	0	0	0	0	0	0	0	
52836	Amygdala_R	0	0	0	0	0	0	0	0	0	0	0	0	0	0	0	0	0	0	0	0	170	750	0	0	0	0	0	0	0	738	0	0	0	0	0	0	0	9668	0	7752	0	0	0	0	0	0	0	0	0	0	0	0	0	0	0	5372	0	0	0	0	0	0	0	0	0	0	0	0	0	0	0	0	0	488	0	0	0	0	0	0	0	0	0	1178	0	0	0	0	0	0	0	0	0	0	0	130	0	172	0	0	0	0	0	0	0	0	0	0	0	0	0	0	0	0	0	0	
177736	Calcarine_L	2016	0	0	0	0	0	0	0	0	0	0	0	0	0	0	0	118	0	0	0	0	0	0	0	0	0	0	0	344	0	0	0	164	0	3308	194	1378	192	1038	182	0	0	0	5950	8380	2836	7868	2238	5512	2330	14554	540	8446	0	4982	0	818	0	0	0	0	0	0	0	0	0	12150	348	1120	0	0	0	0	0	0	0	0	0	1122	0	158	0	0	0	466	0	0	0	116	0	0	0	0	0	0	0	0	0	0	0	0	0	0	0	0	0	0	0	0	0	0	0	0	0	0	0	
385008	Calcarine_R	0	1126	0	0	0	0	0	0	0	0	0	0	0	0	0	0	0	0	0	3706	0	0	0	0	0	0	0	0	0	0	0	0	204	5318	168	2502	0	112	0	154	0	0	5950	0	5366	25850	142	21492	0	26180	0	27220	0	12252	0	5100	0	2874	0	888	0	406	0	94	0	1818	678	23320	0	5624	0	0	0	0	0	0	0	0	0	0	0	100	0	0	0	8588	0	0	0	5272	0	0	0	0	0	0	0	0	0	0	0	0	0	0	0	0	0	0	0	0	0	0	0	0	0	0	
126344	Cuneus_L	1036	0	0	0	0	0	0	0	0	0	0	0	0	0	0	0	0	0	0	0	0	0	0	0	0	0	0	0	0	0	0	0	144	0	436	0	0	0	0	0	0	0	8380	5366	0	8212	694	0	14662	3166	4648	1088	1232	476	464	0	248	0	2652	0	0	0	0	0	0	0	9170	338	760	0	0	0	0	0	0	0	0	0	0	0	0	0	0	0	0	0	0	0	0	0	0	0	0	0	0	0	0	0	0	0	0	0	0	0	0	0	0	0	0	0	0	0	0	0	0	0	
298792	Cuneus_R	0	412	0	0	0	0	0	0	0	0	0	0	0	0	0	0	0	0	0	882	0	0	0	0	0	0	0	0	0	0	0	0	0	1760	454	1342	0	0	0	0	0	0	2836	25850	8212	0	0	3384	152	34458	0	16216	0	2892	0	1440	0	7928	0	8292	0	1456	0	130	0	1942	2244	22272	0	2658	0	0	0	0	0	0	0	0	0	0	0	198	0	0	0	1634	0	0	0	352	0	0	0	0	0	0	0	0	0	0	0	0	0	0	0	0	0	0	0	0	0	0	0	0	0	0	
137092	Lingual_L	588	0	0	0	0	0	0	0	0	0	0	0	0	0	0	0	0	0	0	0	0	0	0	0	0	0	0	0	0	0	0	0	124	0	436	108	1920	114	1882	0	0	0	7868	142	694	0	0	908	1892	0	12872	0	7166	0	9116	304	210	0	0	0	0	0	0	0	0	0	2712	116	314	0	0	0	0	0	0	0	0	0	320	0	0	0	0	0	418	0	0	0	128	0	2552	132	0	0	0	0	4466	0	6404	846	0	0	0	0	0	0	0	0	0	0	1842	1540	412	0	0	0	
239408	Lingual_R	0	98	0	0	0	0	0	0	0	0	0	0	0	0	0	0	0	0	0	142	0	0	0	0	0	0	0	0	0	0	0	0	0	0	0	2808	242	2000	446	5098	0	0	2238	21492	0	3384	908	0	0	9818	0	8916	0	9458	276	16080	0	266	0	94	0	0	0	0	0	322	0	7320	0	200	0	0	0	0	0	0	0	212	0	0	0	0	0	0	0	1334	0	0	0	1936	1090	2098	0	0	252	132	1566	3154	2062	6014	0	0	256	0	0	0	0	0	0	118	3188	4004	682	0	0	0	
131644	Occipital_Sup_L	328	0	0	0	0	0	0	0	0	0	0	0	0	0	0	0	0	0	0	0	0	0	0	0	0	0	0	0	0	0	0	0	250	0	104	0	0	0	0	0	0	0	5512	0	14662	152	1892	0	0	0	17828	0	2886	0	498	0	0	0	8280	0	598	0	0	0	392	0	12440	0	0	0	0	0	0	0	0	0	0	0	0	0	0	0	0	0	0	0	0	0	0	0	0	0	0	0	0	0	0	0	0	0	0	0	0	0	0	0	0	0	0	0	0	0	0	0	0	0	
314592	Occipital_Sup_R	0	164	0	0	0	0	0	0	0	0	0	0	0	0	0	0	0	0	0	276	0	0	0	0	0	0	0	0	0	0	0	0	0	310	0	0	0	0	0	0	0	0	2330	26180	3166	34458	0	9818	0	0	0	32616	0	3772	0	2120	0	5342	0	9386	0	2402	0	132	0	8526	476	12032	0	1020	0	0	0	0	0	0	0	0	0	0	0	148	0	0	0	2072	0	0	0	550	0	0	0	0	0	0	0	0	0	0	0	0	0	0	0	0	0	0	0	0	0	0	0	0	0	0	
438760	Occipital_Mid_L	6666	0	0	0	0	0	0	0	0	0	0	0	0	0	0	0	3878	0	0	0	0	0	0	0	0	0	0	0	1412	0	0	0	1306	0	476	0	1020	0	338	0	0	0	14554	0	4648	0	12872	0	17828	0	0	0	36534	0	12154	0	7408	0	17528	0	9210	0	1332	0	16544	0	18012	0	1916	0	0	0	0	0	0	0	110	0	1834	0	3928	0	0	0	21590	0	0	0	6282	0	0	0	0	0	0	0	0	0	0	0	0	0	0	0	0	0	0	0	0	0	0	0	0	0	0	0	
349096	Occipital_Mid_R	0	938	0	0	0	0	0	0	0	0	0	0	0	0	0	0	0	0	0	1526	0	0	0	0	0	0	0	0	0	0	0	0	0	1664	0	300	0	0	0	0	0	0	540	27220	1088	16216	0	8916	0	32616	0	0	0	9200	0	3302	0	3594	0	1328	0	3444	0	1172	0	18384	348	10582	0	2634	0	0	0	0	0	0	0	0	0	0	0	1528	0	0	0	25206	0	0	0	2802	0	0	0	0	0	0	0	0	0	0	0	0	0	0	0	0	0	0	0	0	0	0	0	0	0	0	
239704	Occipital_Inf_L	4132	0	0	0	0	0	0	0	0	0	0	0	0	0	0	0	1344	0	0	0	0	0	0	0	0	0	0	0	2264	0	0	0	132	0	958	0	1052	0	344	0	0	0	8446	0	1232	0	7166	0	2886	0	36534	0	0	0	20708	0	3910	0	930	0	2458	0	708	0	1524	0	2834	0	464	0	0	0	0	0	0	0	170	0	3396	0	1010	0	0	0	9116	0	0	0	5984	0	0	0	0	0	0	0	0	0	150	0	0	0	0	0	0	0	0	0	0	0	0	0	0	0	0	0	
126560	Occipital_Inf_R	0	308	0	0	0	0	0	0	0	0	0	0	0	0	0	0	0	0	0	0	0	0	0	0	0	0	0	0	0	0	0	0	0	0	0	0	0	0	0	1364	0	0	0	12252	476	2892	0	9458	0	3772	0	9200	0	0	0	10552	0	436	0	0	0	0	0	0	0	302	204	2512	0	346	0	0	0	0	0	0	0	0	0	0	0	0	0	0	0	3368	0	0	0	5428	0	138	0	0	0	0	0	0	0	162	0	0	0	0	0	0	0	0	0	0	0	110	0	0	0	0	
328032	Fusiform_L	3772	0	836	0	0	0	126	0	0	0	0	0	0	0	0	0	1286	0	142	0	234	0	0	0	0	0	0	0	6064	0	0	0	192	0	1102	0	13102	104	2836	0	2682	0	4982	0	464	0	9116	276	498	0	12154	0	20708	0	0	134	3132	0	120	0	1488	0	288	0	220	0	2102	0	356	0	108	0	1104	0	0	0	262	0	5510	0	3186	0	2010	0	3272	0	1866	0	13644	0	15184	0	656	0	0	0	6966	0	18020	258	0	0	116	0	0	0	0	0	0	0	1674	1292	372	0	0	0	
306056	Fusiform_R	0	166	0	768	0	0	0	0	0	0	0	264	0	0	0	0	0	0	0	764	0	0	0	0	0	0	0	0	0	1766	0	0	0	0	144	192	142	19570	126	16624	0	5372	0	5100	0	1440	304	16080	0	2120	0	3302	0	10552	134	0	0	298	0	0	0	0	0	0	0	150	104	1100	0	0	0	0	0	4586	0	98	0	0	0	140	0	2552	0	3348	0	2216	0	318	0	11828	314	10546	0	228	0	206	974	6444	618	16096	0	0	0	184	0	0	0	0	0	0	2456	2730	564	0	0	0	
347156	Postcentral_L	31744	130	5468	282	0	0	2862	0	0	0	2710	0	210	0	0	0	19366	0	952	306	0	0	0	0	0	0	0	0	6448	0	158	0	332	0	1210	0	2328	0	0	0	0	0	818	0	248	0	210	0	0	0	7408	0	3910	0	3132	0	0	0	6690	0	24190	0	16672	0	4538	0	3636	0	4358	0	346	340	3942	0	0	0	1336	114	3270	0	7714	0	0	0	3384	0	0	0	2816	0	0	0	0	0	0	0	0	0	0	0	0	0	0	0	0	0	0	0	0	0	0	0	0	0	0	0	
221188	Postcentral_R	0	16404	378	2668	0	0	0	894	0	0	0	4308	0	308	0	0	0	4854	246	4378	0	0	0	0	0	0	0	0	0	3502	0	0	0	918	0	142	0	1028	0	0	0	0	0	2874	0	7928	0	266	0	5342	0	3594	0	436	0	298	0	0	0	5990	0	6052	0	13858	0	1114	0	10036	0	6604	0	0	0	2198	0	0	0	0	0	150	0	1196	0	0	0	1474	0	0	0	1156	0	0	0	0	0	0	0	0	0	0	0	0	0	0	0	0	0	0	0	0	0	0	0	0	0	0	
173464	Parietal_Sup_L	1544	0	0	0	0	0	0	0	0	0	0	0	0	0	0	0	3738	0	0	0	0	0	0	0	0	0	0	0	260	0	0	0	222	0	0	0	0	0	0	0	0	0	0	0	2652	0	0	0	8280	0	17528	0	930	0	120	0	6690	0	0	0	9762	0	470	0	3744	0	19224	0	1126	0	0	0	0	0	0	0	0	0	0	0	3998	0	0	0	4052	0	0	0	2392	0	0	0	0	0	0	0	0	0	0	0	0	0	0	0	0	0	0	0	0	0	0	0	0	0	0	0	
83472	Parietal_Sup_R	0	0	0	0	0	0	0	0	0	0	0	0	0	0	0	0	0	0	0	0	0	0	0	0	0	0	0	0	0	0	0	0	0	0	0	0	0	0	0	0	0	0	0	888	0	8292	0	94	0	9386	0	1328	0	0	0	0	0	5990	0	0	0	3490	0	674	0	3088	162	8042	0	198	0	0	0	0	0	0	0	0	0	0	0	0	0	0	0	104	0	0	0	0	0	0	0	0	0	0	0	0	0	0	0	0	0	0	0	0	0	0	0	0	0	0	0	0	0	0	
185796	Parietal_Inf_L	1146	0	0	0	0	0	0	0	0	0	0	0	0	0	0	0	2584	0	0	0	0	0	0	0	0	0	0	0	214	0	0	0	0	0	0	0	0	0	0	0	0	0	0	0	0	0	0	0	598	0	9210	0	2458	0	1488	0	24190	0	9762	0	0	0	15510	0	11812	0	3152	0	1366	0	0	0	0	0	0	0	0	0	0	0	3926	0	0	0	3794	0	0	0	1688	0	0	0	0	0	0	0	0	0	0	0	0	0	0	0	0	0	0	0	0	0	0	0	0	0	0	0	
81268	Parietal_Inf_R	0	606	0	0	0	0	0	0	0	0	0	0	0	0	0	0	0	0	0	430	0	0	0	0	0	0	0	0	0	0	0	0	0	152	0	0	0	0	0	0	0	0	0	406	0	1456	0	0	0	2402	0	3444	0	0	0	0	0	6052	0	3490	0	0	0	7772	0	10998	0	1132	0	408	0	0	0	0	0	0	0	0	0	0	0	118	0	0	0	1182	0	0	0	586	0	0	0	0	0	0	0	0	0	0	0	0	0	0	0	0	0	0	0	0	0	0	0	0	0	0	
124740	SupraMarginal_L	1092	0	0	0	0	0	0	0	0	0	0	0	0	0	0	0	4628	0	0	0	0	0	0	0	0	0	0	0	432	0	0	0	0	0	0	0	0	0	0	0	0	0	0	0	0	0	0	0	0	0	1332	0	708	0	288	0	16672	0	470	0	15510	0	0	0	8622	0	560	0	744	0	0	0	0	0	0	0	0	0	0	0	6118	0	0	0	4890	0	0	0	304	0	0	0	0	0	0	0	0	0	0	0	0	0	0	0	0	0	0	0	0	0	0	0	0	0	0	0	
101272	SupraMarginal_R	0	1888	0	0	0	0	0	0	0	0	0	152	0	0	0	0	0	2932	0	704	0	0	0	0	0	0	0	0	0	0	0	0	0	0	0	0	0	0	0	0	0	0	0	94	0	130	0	0	0	132	0	1172	0	0	0	0	0	13858	0	674	0	7772	0	0	0	6548	0	258	0	704	0	0	0	0	0	0	0	0	0	0	0	7446	0	0	0	5130	0	0	0	1042	0	0	0	0	0	0	0	0	0	0	0	0	0	0	0	0	0	0	0	0	0	0	0	0	0	0	
131580	Angular_L	0	0	0	0	0	0	0	0	0	0	0	0	0	0	0	0	914	0	0	0	0	0	0	0	0	0	0	0	0	0	0	0	0	0	0	0	0	0	0	0	0	0	0	0	0	0	0	0	392	0	16544	0	1524	0	220	0	4538	0	3744	0	11812	0	8622	0	0	0	2506	0	808	0	0	0	0	0	0	0	0	0	0	0	3144	0	0	0	8694	0	0	0	2328	0	0	0	0	0	0	0	0	0	0	0	0	0	0	0	0	0	0	0	0	0	0	0	0	0	0	0	
184028	Angular_R	0	2118	0	0	0	0	0	0	0	0	0	0	0	0	0	0	0	0	0	2404	0	0	0	0	0	0	0	0	0	0	0	0	0	1342	0	464	0	0	0	0	0	0	0	1818	0	1942	0	322	0	8526	0	18384	0	302	0	150	0	1114	0	3088	0	10998	0	6548	0	0	0	3222	0	2662	0	0	0	0	0	0	0	0	0	0	0	5492	0	0	0	16734	0	0	0	4384	0	0	0	0	0	0	0	0	0	0	0	0	0	0	0	0	0	0	0	0	0	0	0	0	0	0	
268592	Precuneus_L	3260	0	0	0	0	0	0	0	0	0	0	0	0	0	0	0	1046	0	0	114	0	0	0	0	0	0	0	0	282	0	0	0	2332	854	6248	2430	2934	1428	2552	374	0	0	12150	678	9170	2244	2712	0	12440	476	18012	348	2834	204	2102	104	3636	0	19224	162	3152	0	560	0	2506	0	0	4460	2450	132	0	0	0	0	0	0	0	1022	222	0	1354	0	0	0	5056	0	0	0	2860	0	0	0	0	0	0	0	172	0	0	0	0	0	0	0	0	0	0	0	0	0	0	0	0	0	0	0	
339536	Precuneus_R	0	1924	0	0	0	0	0	0	0	0	0	0	0	0	0	0	0	0	0	5934	0	0	0	0	0	0	0	0	0	0	0	0	312	9914	1712	10406	706	3472	694	2448	0	0	348	23320	338	22272	116	7320	0	12032	0	10582	0	2512	0	1100	0	10036	0	8042	0	1132	0	258	0	3222	4460	0	0	10400	0	0	0	0	0	0	0	756	0	0	0	460	0	0	0	6350	0	0	0	5420	0	0	0	0	0	0	0	354	0	0	0	0	0	0	0	0	0	0	0	0	1416	0	0	0	0	0	
263824	Paracentral_Lobule_L	31096	320	376	414	0	0	0	108	0	0	0	0	0	0	0	158	940	0	6472	20874	0	0	0	0	0	0	0	0	0	0	0	0	6512	14494	7598	108	188	334	0	0	0	0	1120	0	760	0	314	0	0	0	1916	0	464	0	356	0	4358	0	1126	0	1366	0	744	0	808	0	2450	0	0	448	160	9958	196	0	0	0	238	13744	0	0	862	0	0	0	400	0	0	0	132	0	0	0	0	0	0	0	0	0	0	0	0	0	0	0	0	0	0	0	0	0	0	0	0	0	0	0	
177772	Paracentral_Lobule_R	0	9580	0	134	0	0	0	0	0	0	0	210	0	0	0	0	0	94	0	20440	0	0	0	0	0	0	0	0	0	200	0	0	1660	13866	582	3804	0	0	0	0	0	0	0	5624	0	2658	0	200	0	1020	0	2634	0	346	0	0	0	6604	0	198	0	408	0	704	0	2662	132	10400	448	0	0	0	0	0	0	0	0	0	0	0	0	720	0	0	0	2324	0	0	0	1234	0	0	0	0	0	0	0	0	0	0	0	0	0	0	0	0	0	0	0	0	0	0	0	0	0	0	
244500	Caudate_L	2686	464	11318	1576	4970	0	1276	1608	184	0	1204	202	980	102	1808	942	250	0	5360	1354	7836	6192	2620	96	646	364	5774	2524	6490	196	10476	4644	0	110	0	0	880	0	0	0	0	0	0	0	0	0	0	0	0	0	0	0	0	0	108	0	346	0	0	0	0	0	0	0	0	0	0	0	160	0	0	8706	18314	424	1562	0	5618	0	884	0	98	0	898	0	0	0	0	0	0	0	0	0	0	0	0	0	0	0	0	0	0	0	0	0	0	0	0	0	0	0	0	0	0	0	0	0	
463872	Caudate_R	12578	0	8872	24922	480	3372	1418	5716	0	0	1170	2204	1116	2126	0	11148	224	566	6408	34088	1036	3934	920	6186	0	2802	708	2366	2320	4184	3170	16052	212	9834	170	246	982	0	0	0	0	0	0	0	0	0	0	0	0	0	0	0	0	0	0	0	340	0	0	0	0	0	0	0	0	0	0	0	9958	0	8706	0	3778	15140	2394	794	3256	15764	132	0	0	0	144	0	0	0	0	0	0	0	0	0	0	0	0	0	0	0	0	0	0	0	0	0	0	0	0	0	0	0	0	0	0	0	0	0	
336088	Putamen_L	4538	0	25080	352	9986	0	2126	384	1020	0	520	0	1680	0	6670	98	340	0	10476	1016	1782	1424	6212	0	596	0	1510	528	22952	0	8374	3054	0	216	0	0	9236	0	384	0	0	0	0	0	0	0	0	0	0	0	0	0	0	0	1104	0	3942	0	0	0	0	0	0	0	0	0	0	0	196	0	18314	3778	0	0	5852	0	7486	0	352	0	2578	0	1510	0	480	0	0	0	1898	0	0	0	0	0	0	0	0	0	0	0	0	0	0	0	0	0	0	0	0	0	0	0	0	0	0	0	
275352	Putamen_R	0	2630	1436	20500	0	2484	138	4208	0	0	0	3414	0	4458	0	2704	0	1694	1624	16176	0	550	0	1766	0	972	0	592	0	23174	170	4524	0	170	0	0	0	13112	0	2570	0	488	0	0	0	0	0	0	0	0	0	0	0	0	0	4586	0	2198	0	0	0	0	0	0	0	0	0	0	0	0	424	15140	0	0	0	1100	0	1294	0	0	0	1006	0	416	0	256	0	0	0	1702	0	0	0	0	0	0	0	0	0	0	0	0	0	0	0	0	0	0	0	0	0	0	0	0	0	0	
36040	Pallidum_L	630	0	2964	0	0	0	0	0	0	0	0	0	0	0	0	0	0	0	638	396	0	0	0	0	0	0	0	0	0	0	0	0	0	96	0	0	1230	0	0	0	0	0	0	0	0	0	0	0	0	0	0	0	0	0	0	0	0	0	0	0	0	0	0	0	0	0	0	0	0	0	1562	2394	5852	0	0	0	2258	0	0	0	0	0	0	0	0	0	0	0	0	0	0	0	0	0	0	0	0	0	0	0	0	0	0	0	0	0	0	0	0	0	0	0	0	0	0	0	
14124	Pallidum_R	0	0	150	1548	0	0	0	0	0	0	0	158	0	0	0	0	0	168	214	2160	0	0	0	0	0	0	0	0	0	172	0	0	0	0	0	0	0	344	0	156	0	0	0	0	0	0	0	0	0	0	0	0	0	0	0	98	0	0	0	0	0	0	0	0	0	0	0	0	0	0	0	794	0	1100	0	0	0	0	0	0	0	0	0	0	0	0	0	0	0	0	0	0	0	0	0	0	0	0	0	0	0	0	0	0	0	0	0	0	0	0	0	0	0	0	0	0	
95264	Thalamus_L	3082	0	1404	132	0	0	614	0	0	0	0	0	0	0	0	0	376	0	8434	362	0	0	0	0	0	0	0	0	2956	0	954	834	0	208	122	0	4766	0	230	0	0	0	0	0	0	0	0	0	0	0	110	0	170	0	262	0	1336	0	0	0	0	0	0	0	0	0	0	0	238	0	5618	3256	7486	0	2258	0	0	1328	512	0	136	0	0	0	148	0	0	0	300	0	0	0	0	0	0	0	0	0	0	0	0	0	0	0	0	0	0	0	0	0	0	0	0	0	0	0	
218808	Thalamus_R	14714	532	202	7168	0	0	0	208	0	0	0	124	0	0	0	1794	0	0	270	25114	0	0	0	0	0	0	0	0	0	124	0	0	148	10102	2260	2348	3494	3844	1902	586	0	0	0	0	0	0	0	212	0	0	0	0	0	0	0	0	114	0	0	0	0	0	0	0	0	0	1022	756	13744	0	0	15764	0	1294	0	0	1328	0	0	0	0	0	0	0	0	0	0	0	0	0	0	0	0	0	0	0	0	114	0	0	0	0	0	0	0	0	0	0	0	0	122	0	0	0	0	0	
109432	Heschl_L	3912	0	1430	148	0	0	1768	0	0	0	658	0	152	0	0	0	6946	0	536	0	0	0	0	0	0	0	0	0	8128	0	0	0	0	0	0	0	3090	0	0	0	0	0	1122	0	0	0	320	0	0	0	1834	0	3396	0	5510	0	3270	0	0	0	0	0	0	0	0	0	222	0	0	0	884	132	352	0	0	0	512	0	0	0	4998	0	0	0	3404	0	0	0	1992	0	0	0	0	0	0	0	0	0	0	0	0	0	0	0	0	0	0	0	0	0	0	0	0	0	0	0	
11184	Heschl_R	0	0	0	174	0	0	0	0	0	0	0	0	0	0	0	0	0	810	0	250	0	0	0	0	0	0	0	0	0	764	0	0	0	0	0	0	0	0	0	0	0	0	0	0	0	0	0	0	0	0	0	0	0	0	0	140	0	150	0	0	0	0	0	0	0	0	0	0	0	0	0	0	0	0	0	0	0	0	0	0	0	2722	0	0	0	264	0	0	0	318	0	0	0	0	0	0	0	0	0	0	0	0	0	0	0	0	0	0	0	0	0	0	0	0	0	0	
246596	Temporal_Sup_L	2298	0	3016	0	122	0	1632	0	0	0	1376	0	232	0	0	0	13156	0	1468	0	184	0	0	0	0	0	0	0	11888	0	0	0	0	0	0	0	1884	0	0	0	0	0	158	0	0	0	0	0	0	0	3928	0	1010	0	3186	0	7714	0	3998	0	3926	0	6118	0	3144	0	1354	0	862	0	98	0	2578	0	0	0	136	0	4998	0	0	0	3260	0	26616	0	0	0	12810	0	148	0	0	0	0	0	0	0	0	0	0	0	0	0	0	0	0	0	0	0	0	0	0	0	0	0	
108312	Temporal_Sup_R	0	376	0	164	0	0	0	98	0	0	0	236	0	0	0	288	0	2090	0	744	0	0	0	0	0	0	0	0	0	4062	0	0	0	104	0	0	0	1426	0	404	0	0	0	100	0	198	0	0	0	148	0	1528	0	0	0	2552	0	1196	0	0	0	118	0	7446	0	5492	0	460	0	720	0	0	0	1006	0	0	0	0	0	2722	0	0	0	3036	0	14226	0	424	0	2792	0	0	0	0	0	0	0	0	0	0	0	0	0	0	0	0	0	0	0	0	0	0	0	0	0	0	
124256	Temporal_Pole_Sup_L	0	0	3078	0	1186	0	2134	0	294	0	6390	0	1014	0	3230	0	1660	0	2374	0	1380	0	0	0	0	0	592	0	9326	0	0	0	0	0	0	0	374	0	174	0	150	0	0	0	0	0	0	0	0	0	0	0	0	0	2010	0	0	0	0	0	0	0	0	0	0	0	0	0	0	0	898	144	1510	0	0	0	0	0	0	0	3260	0	0	0	8164	0	6406	0	6380	0	0	0	0	0	0	0	0	0	0	0	0	0	0	0	0	0	0	0	0	0	0	0	0	0	0	0	
37280	Temporal_Pole_Sup_R	0	0	0	200	0	0	0	0	0	0	0	170	0	0	0	760	0	236	0	200	0	358	0	0	0	0	0	132	0	1668	0	0	0	0	0	0	0	140	0	866	0	1178	0	0	0	0	0	0	0	0	0	0	0	0	0	3348	0	0	0	0	0	0	0	0	0	0	0	0	0	0	0	0	0	416	0	0	0	0	0	0	0	3036	0	0	0	2854	0	1890	0	1188	0	0	0	0	0	0	0	0	0	0	0	0	0	0	0	0	0	0	0	0	0	0	0	0	0	0	
305492	Temporal_Mid_L	2222	0	0	0	0	0	0	0	0	0	0	0	0	0	0	0	1374	0	0	0	0	0	0	0	0	0	0	0	1990	0	0	0	0	0	110	0	584	0	0	0	0	0	466	0	0	0	418	0	0	0	21590	0	9116	0	3272	0	3384	0	4052	0	3794	0	4890	0	8694	0	5056	0	400	0	0	0	480	0	0	0	148	0	3404	0	26616	0	8164	0	0	0	6486	0	36036	0	0	0	0	0	0	0	0	0	0	0	0	0	0	0	0	0	0	0	0	0	0	0	0	0	0	0	
250508	Temporal_Mid_R	0	1610	0	0	0	0	0	0	0	0	0	106	0	0	0	120	0	340	0	2026	0	0	0	0	0	0	0	0	0	1032	0	0	0	1236	0	594	0	586	0	328	0	0	0	8588	0	1634	0	1334	0	2072	0	25206	0	3368	0	2216	0	1474	0	104	0	1182	0	5130	0	16734	0	6350	0	2324	0	0	0	256	0	0	0	0	0	264	0	14226	0	2854	0	0	0	1388	0	20572	0	0	0	0	0	0	0	0	0	0	0	0	0	0	0	0	0	0	0	0	0	0	0	0	0	0	
42324	Temporal_Pole_Mid_L	0	0	0	0	0	0	0	0	0	0	0	0	0	0	0	0	0	0	0	0	0	0	0	0	0	0	0	0	0	0	0	0	0	0	0	0	0	0	0	0	0	0	0	0	0	0	0	0	0	0	0	0	0	0	1866	0	0	0	0	0	0	0	0	0	0	0	0	0	0	0	0	0	0	0	0	0	0	0	0	0	0	0	6406	0	6486	0	0	0	6404	0	0	0	0	0	0	0	0	0	0	0	0	0	0	0	0	0	0	0	0	0	0	0	0	0	0	0	
9156	Temporal_Pole_Mid_R	0	0	0	0	0	0	0	0	0	0	0	0	0	0	0	0	0	0	0	0	0	0	0	0	0	0	0	0	0	0	0	0	0	0	0	0	0	0	0	134	0	0	0	0	0	0	0	0	0	0	0	0	0	0	0	318	0	0	0	0	0	0	0	0	0	0	0	0	0	0	0	0	0	0	0	0	0	0	0	0	0	424	0	1890	0	1388	0	0	0	424	0	0	0	0	0	0	0	0	0	0	0	0	0	0	0	0	0	0	0	0	0	0	0	0	0	0	
252892	Temporal_Inf_L	1154	0	1460	0	0	0	356	0	0	0	0	0	0	0	0	0	712	0	192	0	0	0	0	0	0	0	0	0	6352	0	0	0	0	0	152	0	8972	0	308	0	614	0	116	0	0	0	128	0	0	0	6282	0	5984	0	13644	0	2816	0	2392	0	1688	0	304	0	2328	0	2860	0	132	0	0	0	1898	0	0	0	300	0	1992	0	12810	0	6380	0	36036	0	6404	0	0	0	1444	0	0	0	0	0	124	0	112	0	0	0	0	0	0	0	0	0	0	0	0	0	0	0	0	0	
173488	Temporal_Inf_R	0	1980	0	364	0	0	0	252	0	0	0	1050	0	0	0	0	0	0	0	1520	0	0	0	0	0	0	0	0	0	1670	0	0	134	536	0	2258	0	3792	0	2938	0	0	0	5272	0	352	0	1936	0	550	0	2802	0	5428	0	11828	0	1156	0	0	0	586	0	1042	0	4384	0	5420	0	1234	0	0	0	1702	0	0	0	0	0	318	0	2792	0	1188	0	20572	0	424	0	0	0	922	0	0	0	0	0	0	0	0	0	0	0	0	0	0	0	0	0	0	342	0	0	0	0	0	
400820	Cerebelum_Crus1_L	0	0	0	0	0	0	0	0	0	0	0	0	0	0	0	0	0	0	0	0	0	0	0	0	0	0	0	0	0	0	0	0	0	0	0	0	0	0	0	0	0	0	0	0	0	0	2552	1090	0	0	0	0	0	0	15184	314	0	0	0	0	0	0	0	0	0	0	0	0	0	0	0	0	0	0	0	0	0	0	0	0	148	0	0	0	0	0	0	0	1444	0	0	3648	35824	4112	2270	478	22180	896	55104	3680	9286	1228	14702	1772	3672	206	334	0	98	490	5208	6148	7306	840	196	0	
390968	Cerebelum_Crus1_R	0	0	0	0	0	0	0	0	0	0	0	0	0	0	0	0	0	0	0	0	0	0	0	0	0	0	0	0	0	0	0	0	0	0	0	0	0	0	0	0	0	0	0	0	0	0	132	2098	0	0	0	0	0	138	0	10546	0	0	0	0	0	0	0	0	0	0	0	0	0	0	0	0	0	0	0	0	0	0	0	0	0	0	0	0	0	0	0	0	0	922	3648	0	1538	29504	166	5060	3438	19752	2742	57412	584	10706	1724	19980	504	1318	0	242	324	2910	7154	5222	6478	806	436	0	
262576	Cerebelum_Crus2_L	0	0	0	0	0	0	0	0	0	0	0	0	0	0	0	0	0	0	0	0	0	0	0	0	0	0	0	0	0	0	0	0	0	0	0	0	0	0	0	0	0	0	0	0	0	0	0	0	0	0	0	0	0	0	656	0	0	0	0	0	0	0	0	0	0	0	0	0	0	0	0	0	0	0	0	0	0	0	0	0	0	0	0	0	0	0	0	0	0	0	35824	1538	0	6386	1016	0	4056	138	8584	742	30766	2616	26114	1248	1876	0	268	0	0	236	698	844	5822	1860	0	0	
262040	Cerebelum_Crus2_R	0	0	0	0	0	0	0	0	0	0	0	0	0	0	0	0	0	0	0	0	0	0	0	0	0	0	0	0	0	0	0	0	0	0	0	0	0	0	0	0	0	0	0	0	0	0	0	0	0	0	0	0	0	0	0	228	0	0	0	0	0	0	0	0	0	0	0	0	0	0	0	0	0	0	0	0	0	0	0	0	0	0	0	0	0	0	0	0	0	0	4112	29504	6386	0	0	670	238	1252	460	7250	2594	22532	4180	32788	246	4062	0	726	0	322	330	730	8890	3296	224	0	
34168	Cerebelum_3_L	0	0	0	0	0	0	0	0	0	0	0	0	0	0	0	0	0	0	0	0	0	0	0	0	0	0	0	0	0	0	0	0	0	0	0	0	0	0	0	0	0	0	0	0	0	0	0	252	0	0	0	0	0	0	0	0	0	0	0	0	0	0	0	0	0	0	0	0	0	0	0	0	0	0	0	0	0	0	0	0	0	0	0	0	0	0	0	0	0	0	2270	166	1016	0	0	132	5420	0	2754	272	0	0	210	96	1330	118	0	0	286	898	816	582	328	0	138	0	
74084	Cerebelum_3_R	0	0	0	0	0	0	0	0	0	0	0	0	0	0	0	0	0	0	0	0	0	0	0	0	0	0	0	0	0	0	0	0	0	0	0	0	0	428	0	436	0	130	0	0	0	0	0	132	0	0	0	0	0	0	0	206	0	0	0	0	0	0	0	0	0	0	0	0	0	0	0	0	0	0	0	0	0	0	0	0	0	0	0	0	0	0	0	0	0	0	478	5060	0	670	132	0	170	6154	500	8394	0	0	602	950	318	1212	0	0	1306	3902	272	1038	1764	1272	1516	0	
244176	Cerebelum_4_5_L	0	0	0	0	0	0	0	0	0	0	0	0	0	0	0	0	0	0	0	0	0	0	0	0	0	0	0	0	0	0	0	0	0	0	0	0	152	0	286	0	0	0	0	0	0	0	4466	1566	0	0	0	0	0	0	6966	974	0	0	0	0	0	0	0	0	0	0	172	0	0	0	0	0	0	0	0	0	0	0	0	0	0	0	0	0	0	0	0	0	124	0	22180	3438	4056	238	5420	170	0	4252	33060	5304	290	0	2662	118	3614	628	0	0	144	818	16070	3132	228	0	390	1170	
191820	Cerebelum_4_5_R	0	0	0	0	0	0	0	0	0	0	0	0	0	0	0	0	0	0	0	0	0	0	0	0	0	0	0	0	0	0	0	0	0	0	0	0	0	878	0	1296	0	172	0	0	0	0	0	3154	0	0	0	0	0	0	0	6444	0	0	0	0	0	0	0	0	0	0	0	354	0	0	0	0	0	0	0	0	0	114	0	0	0	0	0	0	0	0	0	0	0	0	896	19752	138	1252	0	6154	4252	0	1628	30552	0	194	994	1338	148	400	0	0	0	2936	10242	522	1228	476	396	0	
348448	Cerebelum_6_L	0	0	0	0	0	0	0	0	0	0	0	0	0	0	0	0	0	0	0	0	0	0	0	0	0	0	0	0	0	0	0	0	0	0	0	0	0	0	0	0	0	0	0	0	0	0	6404	2062	0	0	0	0	150	0	18020	618	0	0	0	0	0	0	0	0	0	0	0	0	0	0	0	0	0	0	0	0	0	0	0	0	0	0	0	0	0	0	0	0	112	0	55104	2742	8584	460	2754	500	33060	1628	0	4828	1362	104	4160	670	4192	712	278	0	218	568	11628	9424	2280	290	730	582	
372204	Cerebelum_6_R	0	0	0	0	0	0	0	0	0	0	0	0	0	0	0	0	0	0	0	0	0	0	0	0	0	0	0	0	0	0	0	0	0	0	0	0	0	102	0	120	0	0	0	0	0	0	846	6014	0	0	0	0	0	162	258	16096	0	0	0	0	0	0	0	0	0	0	0	0	0	0	0	0	0	0	0	0	0	0	0	0	0	0	0	0	0	0	0	0	0	0	3680	57412	742	7250	272	8394	5304	30552	4828	0	196	1710	1546	4216	784	968	0	104	846	4592	11920	10390	5140	494	1164	0	
175896	Cerebelum_7b_L	0	0	0	0	0	0	0	0	0	0	0	0	0	0	0	0	0	0	0	0	0	0	0	0	0	0	0	0	0	0	0	0	0	0	0	0	0	0	0	0	0	0	0	0	0	0	0	0	0	0	0	0	0	0	0	0	0	0	0	0	0	0	0	0	0	0	0	0	0	0	0	0	0	0	0	0	0	0	0	0	0	0	0	0	0	0	0	0	0	0	9286	584	30766	2594	0	0	290	0	1362	196	0	1420	31256	1090	3464	0	152	0	0	0	0	0	2638	2728	122	0	
134744	Cerebelum_7b_R	0	0	0	0	0	0	0	0	0	0	0	0	0	0	0	0	0	0	0	0	0	0	0	0	0	0	0	0	0	0	0	0	0	0	0	0	0	0	0	0	0	0	0	0	0	0	0	0	0	0	0	0	0	0	0	0	0	0	0	0	0	0	0	0	0	0	0	0	0	0	0	0	0	0	0	0	0	0	0	0	0	0	0	0	0	0	0	0	0	0	1228	10706	2616	22532	0	0	0	194	104	1710	1420	0	1658	19214	0	1772	0	250	0	0	108	134	2070	1656	0	0	
262044	Cerebelum_8_L	0	0	0	0	0	0	0	0	0	0	0	0	0	0	0	0	0	0	0	0	0	0	0	0	0	0	0	0	0	0	0	0	0	0	0	0	0	0	0	0	0	0	0	0	0	0	0	256	0	0	0	0	0	0	116	0	0	0	0	0	0	0	0	0	0	0	0	0	0	0	0	0	0	0	0	0	0	0	0	0	0	0	0	0	0	0	0	0	0	0	14702	1724	26114	4180	210	602	2662	994	4160	1546	31256	1658	0	5278	14936	1256	970	118	0	232	1812	1100	6398	6720	1786	236	
242312	Cerebelum_8_R	0	0	0	0	0	0	0	0	0	0	0	0	0	0	0	0	0	0	0	0	0	0	0	0	0	0	0	0	0	0	0	0	0	0	0	0	0	0	0	0	0	0	0	0	0	0	0	0	0	0	0	0	0	0	0	184	0	0	0	0	0	0	0	0	0	0	0	0	0	0	0	0	0	0	0	0	0	0	0	0	0	0	0	0	0	0	0	0	0	0	1772	19980	1248	32788	96	950	118	1338	670	4216	1090	19214	5278	0	716	16284	0	1542	136	426	136	1116	5048	5330	1480	0	
93920	Cerebelum_9_L	0	0	0	0	0	0	0	0	0	0	0	0	0	0	0	0	0	0	0	0	0	0	0	0	0	0	0	0	0	0	0	0	0	0	0	0	0	0	0	0	0	0	0	0	0	0	0	0	0	0	0	0	0	0	0	0	0	0	0	0	0	0	0	0	0	0	0	0	0	0	0	0	0	0	0	0	0	0	0	0	0	0	0	0	0	0	0	0	0	0	3672	504	1876	246	1330	318	3614	148	4192	784	3464	0	14936	716	0	1106	1726	0	118	350	1148	2062	1400	1042	1292	916	
95860	Cerebelum_9_R	0	0	0	0	0	0	0	0	0	0	0	0	0	0	0	0	0	0	0	0	0	0	0	0	0	0	0	0	0	0	0	0	0	0	0	0	0	0	0	0	0	0	0	0	0	0	0	0	0	0	0	0	0	0	0	0	0	0	0	0	0	0	0	0	0	0	0	0	0	0	0	0	0	0	0	0	0	0	0	0	0	0	0	0	0	0	0	0	0	0	206	1318	0	4062	118	1212	628	400	712	968	0	1772	1256	16284	1106	0	0	922	562	620	864	2818	1922	3356	4822	2002	
7456	Cerebelum_10_L	0	0	0	0	0	0	0	0	0	0	0	0	0	0	0	0	0	0	0	0	0	0	0	0	0	0	0	0	0	0	0	0	0	0	0	0	0	0	0	0	0	0	0	0	0	0	0	0	0	0	0	0	0	0	0	0	0	0	0	0	0	0	0	0	0	0	0	0	0	0	0	0	0	0	0	0	0	0	0	0	0	0	0	0	0	0	0	0	0	0	334	0	268	0	0	0	0	0	278	0	152	0	970	0	1726	0	0	0	0	0	0	0	0	0	0	0	
8832	Cerebelum_10_R	0	0	0	0	0	0	0	0	0	0	0	0	0	0	0	0	0	0	0	0	0	0	0	0	0	0	0	0	0	0	0	0	0	0	0	0	0	0	0	0	0	0	0	0	0	0	0	0	0	0	0	0	0	0	0	0	0	0	0	0	0	0	0	0	0	0	0	0	0	0	0	0	0	0	0	0	0	0	0	0	0	0	0	0	0	0	0	0	0	0	0	242	0	726	0	0	0	0	0	104	0	250	118	1542	0	922	0	0	0	0	0	0	162	128	120	102	
20972	Vermis_1_2	0	0	0	0	0	0	0	0	0	0	0	0	0	0	0	0	0	0	0	0	0	0	0	0	0	0	0	0	0	0	0	0	0	0	0	0	0	0	0	0	0	0	0	0	0	0	0	0	0	0	0	0	0	0	0	0	0	0	0	0	0	0	0	0	0	0	0	0	0	0	0	0	0	0	0	0	0	0	0	0	0	0	0	0	0	0	0	0	0	0	98	324	0	0	286	1306	144	0	218	846	0	0	0	136	118	562	0	0	0	4012	262	792	304	378	700	0	
56808	Vermis_3	0	0	0	0	0	0	0	0	0	0	0	0	0	0	0	0	0	0	0	0	0	0	0	0	0	0	0	0	0	0	0	0	0	0	0	0	0	0	110	0	0	0	0	0	0	0	0	118	0	0	0	0	0	0	0	0	0	0	0	0	0	0	0	0	0	0	0	0	0	0	0	0	0	0	0	0	0	0	0	0	0	0	0	0	0	0	0	0	0	0	490	2910	236	322	898	3902	818	2936	568	4592	0	0	232	426	350	620	0	0	4012	0	1814	734	796	660	860	0	
181072	Vermis_4_5	0	0	0	0	0	0	0	0	0	0	0	0	0	0	0	0	0	0	0	0	0	0	0	0	0	0	0	0	0	0	0	0	0	0	0	1044	0	646	0	480	0	0	0	0	0	0	1842	3188	0	0	0	0	0	0	1674	2456	0	0	0	0	0	0	0	0	0	0	0	1416	0	0	0	0	0	0	0	0	0	122	0	0	0	0	0	0	0	0	0	0	0	342	5208	7154	698	330	816	272	16070	10242	11628	11920	0	108	1812	136	1148	864	0	0	262	1814	0	4786	0	0	426	1632	
142368	Vermis_6	0	0	0	0	0	0	0	0	0	0	0	0	0	0	0	0	0	0	0	0	0	0	0	0	0	0	0	0	0	0	0	0	0	0	0	0	0	0	0	0	0	0	0	0	0	0	1540	4004	0	0	0	0	0	110	1292	2730	0	0	0	0	0	0	0	0	0	0	0	0	0	0	0	0	0	0	0	0	0	0	0	0	0	0	0	0	0	0	0	0	0	0	6148	5222	844	730	582	1038	3132	522	9424	10390	0	134	1100	1116	2062	2818	0	0	792	734	4786	0	3938	940	2502	2554	
146104	Vermis_7	0	0	0	0	0	0	0	0	0	0	0	0	0	0	0	0	0	0	0	0	0	0	0	0	0	0	0	0	0	0	0	0	0	0	0	0	0	0	0	0	0	0	0	0	0	0	412	682	0	0	0	0	0	0	372	564	0	0	0	0	0	0	0	0	0	0	0	0	0	0	0	0	0	0	0	0	0	0	0	0	0	0	0	0	0	0	0	0	0	0	7306	6478	5822	8890	328	1764	228	1228	2280	5140	2638	2070	6398	5048	1400	1922	0	162	304	796	0	3938	0	4444	1956	482	
83036	Vermis_8	0	0	0	0	0	0	0	0	0	0	0	0	0	0	0	0	0	0	0	0	0	0	0	0	0	0	0	0	0	0	0	0	0	0	0	0	0	0	0	0	0	0	0	0	0	0	0	0	0	0	0	0	0	0	0	0	0	0	0	0	0	0	0	0	0	0	0	0	0	0	0	0	0	0	0	0	0	0	0	0	0	0	0	0	0	0	0	0	0	0	840	806	1860	3296	0	1272	0	476	290	494	2728	1656	6720	5330	1042	3356	0	128	378	660	0	940	4444	0	3926	876	
53380	Vermis_9	0	0	0	0	0	0	0	0	0	0	0	0	0	0	0	0	0	0	0	0	0	0	0	0	0	0	0	0	0	0	0	0	0	0	0	0	0	0	0	0	0	0	0	0	0	0	0	0	0	0	0	0	0	0	0	0	0	0	0	0	0	0	0	0	0	0	0	0	0	0	0	0	0	0	0	0	0	0	0	0	0	0	0	0	0	0	0	0	0	0	196	436	0	224	138	1516	390	396	730	1164	122	0	1786	1480	1292	4822	0	120	700	860	426	2502	1956	3926	0	1508	
