data	data	535672	373880	1.12512e+06	1.03859e+06	180560	201308	556804	267512	190300	81068	381716	296068	350316	228120	308352	124300	280840	123024	962800	947168	125404	112360	524796	483580	55848	105140	100432	84604	591344	408328	339004	577060	184152	687128	120284	121964	210132	161036	55968	100748	63284	48372	186632	280608	234704	268784	174172	217008	172404	362576	547856	242088	231704	73000	239320	215196	225528	228272	96880	130476	206364	143884	100420	111604	175656	98592	272696	310068	275532	178504	320248	488416	349632	269960	65408	28556	160680	156696	96936	25508	291028	134104	250036	51524	373872	176084	31396	19420	344500	165288	336904	262904	200680	162992	14816	22060	155360	124964	274232	269828	200796	71056	193848	149384	74140	60420	5684	2028	12484	20508	110200	141140	154928	67272	62972	16968	
data	data	Precentral_L	Precentral_R	Frontal_Sup_L	Frontal_Sup_R	Frontal_Sup_Orb_L	Frontal_Sup_Orb_R	Frontal_Mid_L	Frontal_Mid_R	Frontal_Mid_Orb_L	Frontal_Mid_Orb_R	Frontal_Inf_Oper_L	Frontal_Inf_Oper_R	Frontal_Inf_Tri_L	Frontal_Inf_Tri_R	Frontal_Inf_Orb_L	Frontal_Inf_Orb_R	Rolandic_Oper_L	Rolandic_Oper_R	Supp_Motor_Area_L	Supp_Motor_Area_R	Olfactory_L	Olfactory_R	Frontal_Sup_Medial_L	Frontal_Sup_Medial_R	Frontal_Med_Orb_L	Frontal_Med_Orb_R	Rectus_L	Rectus_R	Insula_L	Insula_R	Cingulum_Ant_L	Cingulum_Ant_R	Cingulum_Mid_L	Cingulum_Mid_R	Cingulum_Post_L	Cingulum_Post_R	Hippocampus_L	Hippocampus_R	ParaHippocampal_L	ParaHippocampal_R	Amygdala_L	Amygdala_R	Calcarine_L	Calcarine_R	Cuneus_L	Cuneus_R	Lingual_L	Lingual_R	Occipital_Sup_L	Occipital_Sup_R	Occipital_Mid_L	Occipital_Mid_R	Occipital_Inf_L	Occipital_Inf_R	Fusiform_L	Fusiform_R	Postcentral_L	Postcentral_R	Parietal_Sup_L	Parietal_Sup_R	Parietal_Inf_L	Parietal_Inf_R	SupraMarginal_L	SupraMarginal_R	Angular_L	Angular_R	Precuneus_L	Precuneus_R	Paracentral_Lobule_L	Paracentral_Lobule_R	Caudate_L	Caudate_R	Putamen_L	Putamen_R	Pallidum_L	Pallidum_R	Thalamus_L	Thalamus_R	Heschl_L	Heschl_R	Temporal_Sup_L	Temporal_Sup_R	Temporal_Pole_Sup_L	Temporal_Pole_Sup_R	Temporal_Mid_L	Temporal_Mid_R	Temporal_Pole_Mid_L	Temporal_Pole_Mid_R	Temporal_Inf_L	Temporal_Inf_R	Cerebelum_Crus1_L	Cerebelum_Crus1_R	Cerebelum_Crus2_L	Cerebelum_Crus2_R	Cerebelum_3_L	Cerebelum_3_R	Cerebelum_4_5_L	Cerebelum_4_5_R	Cerebelum_6_L	Cerebelum_6_R	Cerebelum_7b_L	Cerebelum_7b_R	Cerebelum_8_L	Cerebelum_8_R	Cerebelum_9_L	Cerebelum_9_R	Cerebelum_10_L	Cerebelum_10_R	Vermis_1_2	Vermis_3	Vermis_4_5	Vermis_6	Vermis_7	Vermis_8	Vermis_9	Vermis_10	
535672	Precentral_L	0	142	22344	202	0	0	22700	0	0	0	20838	0	3376	0	0	0	14580	0	29048	5060	0	0	0	0	0	0	0	0	8836	0	0	0	268	3462	1384	670	8764	182	794	0	0	0	310	0	842	0	0	0	228	0	4136	0	1476	0	0	0	29462	0	1494	0	7526	0	2792	0	1738	0	1632	0	25844	0	3926	162	9898	0	3538	0	18484	340	3836	0	3322	0	1078	0	1574	0	0	0	1548	0	0	0	0	0	0	0	0	0	0	0	0	0	0	0	0	0	0	0	0	0	0	0	0	0	0	0	
373880	Precentral_R	142	0	686	14466	0	0	0	16074	0	0	0	14810	0	2132	0	0	0	5324	3492	19966	0	0	0	118	0	0	0	0	0	3784	0	310	532	8932	1236	1866	0	2750	0	648	0	0	0	1454	0	1304	0	0	0	2696	0	984	0	400	0	142	0	20036	0	3098	0	3820	0	4108	0	1494	254	4198	2686	15742	378	3612	0	8100	0	1846	902	4346	0	570	0	1102	0	0	0	3054	0	0	0	3346	0	0	0	0	0	0	0	0	0	0	0	0	0	0	0	0	0	0	0	0	0	0	0	0	0	0	
1.12512e+06	Frontal_Sup_L	22344	686	0	18772	7368	1168	71246	522	8392	0	20956	360	26124	0	16182	0	13254	418	114966	20836	140	0	51848	6796	1462	296	710	0	30720	1106	14692	6714	7188	9816	372	186	2584	0	0	0	138	0	0	0	0	0	0	0	0	0	156	0	0	0	232	0	2976	0	0	0	510	0	402	0	0	0	0	0	7090	0	21394	2678	17618	0	4582	0	8562	360	802	0	6014	0	10496	0	0	0	0	0	326	0	0	0	0	0	0	0	0	0	0	0	0	0	0	0	0	0	0	0	0	0	0	0	0	0	0	0	
1.03859e+06	Frontal_Sup_R	202	14466	18772	0	0	9304	2894	40208	218	1066	810	20686	548	14622	324	2372	336	7394	19016	83116	0	0	20674	51118	0	2564	0	230	1050	18160	10782	49888	5406	37824	0	340	184	4824	0	650	0	122	0	0	0	0	0	0	0	0	0	118	0	0	0	178	0	1084	0	330	0	590	0	778	0	234	0	0	134	0	5944	31586	420	10130	0	850	1226	20690	0	288	136	2002	594	384	0	516	0	0	0	912	0	0	0	0	0	0	0	0	0	0	0	0	0	0	0	0	0	0	0	0	0	0	0	0	0	0	
180560	Frontal_Sup_Orb_L	0	0	7368	0	0	0	596	0	15048	0	188	0	490	0	12596	0	176	0	530	0	4394	1076	3590	144	6790	678	10756	236	6268	0	6518	116	0	0	0	0	0	0	134	0	1346	0	0	0	0	0	0	0	0	0	0	0	0	0	0	0	0	0	0	0	0	0	0	0	0	0	0	0	0	0	2692	678	7328	0	0	0	0	0	0	0	0	0	544	0	0	0	0	0	0	0	0	0	0	0	0	0	0	0	0	0	0	0	0	0	0	0	0	0	0	0	0	0	0	0	0	0	
201308	Frontal_Sup_Orb_R	0	0	1168	9304	0	0	0	204	0	7720	158	1976	150	382	116	4888	0	316	978	3232	414	3642	618	6998	122	6986	478	9356	254	5042	554	9648	0	568	0	0	0	142	0	120	0	314	0	0	0	0	0	0	0	0	0	0	0	0	0	0	0	0	0	0	0	0	0	0	0	0	0	0	0	0	1132	15114	262	8298	0	0	0	0	0	0	0	0	0	0	0	0	0	0	0	0	0	0	0	0	0	0	0	0	0	0	0	0	0	0	0	0	0	0	0	0	0	0	0	0	0	0	
556804	Frontal_Mid_L	22700	0	71246	2894	596	0	0	0	6748	0	26802	0	36972	0	11746	0	9450	0	13522	706	0	0	21568	3042	0	0	0	0	12308	148	2240	2142	3702	3336	0	0	496	0	0	0	0	0	0	0	0	0	0	0	0	0	0	0	0	0	0	0	2434	0	0	0	170	0	196	0	0	0	0	0	574	0	856	142	1304	0	654	0	1448	0	748	0	7204	0	10308	0	0	0	0	0	0	0	0	0	0	0	0	0	0	0	0	0	0	0	0	0	0	0	0	0	0	0	0	0	0	0	0	0	
267512	Frontal_Mid_R	0	16074	522	40208	0	204	0	0	0	492	0	16284	0	16440	0	1720	0	1200	702	4924	0	0	2168	7930	0	0	0	0	0	5104	0	2492	126	6808	0	0	0	936	0	280	0	0	0	0	0	0	0	0	0	0	0	0	0	0	0	0	0	692	0	268	0	532	0	574	0	116	0	0	0	0	0	1494	0	3116	0	616	284	1024	0	118	0	0	0	0	0	308	0	0	0	0	0	0	0	0	0	0	0	0	0	0	0	0	0	0	0	0	0	0	0	0	0	0	0	0	0	0	
190300	Frontal_Mid_Orb_L	0	0	8392	218	15048	0	6748	0	0	0	502	0	5258	0	30632	0	140	0	2144	0	1216	360	2786	236	942	0	3642	0	9658	0	1032	0	234	182	0	0	0	0	0	0	434	0	0	0	0	0	0	0	0	0	0	0	0	0	0	0	0	0	0	0	0	0	0	0	0	0	0	0	0	0	726	194	3302	0	0	0	0	0	0	0	0	0	1124	0	0	0	0	0	0	0	0	0	0	0	0	0	0	0	0	0	0	0	0	0	0	0	0	0	0	0	0	0	0	0	0	0	
81068	Frontal_Mid_Orb_R	0	0	0	1066	0	7720	0	492	0	0	0	1232	0	2450	0	8512	0	0	0	912	0	396	152	480	0	2140	0	2612	0	3228	0	778	0	1076	0	0	0	0	0	0	0	0	0	0	0	0	0	0	0	0	0	0	0	0	0	0	0	0	0	0	0	0	0	0	0	0	0	0	0	0	0	4184	0	3104	0	0	0	0	0	0	0	0	0	0	0	0	0	0	0	0	0	0	0	0	0	0	0	0	0	0	0	0	0	0	0	0	0	0	0	0	0	0	0	0	0	0	
381716	Frontal_Inf_Oper_L	20838	0	20956	810	188	158	26802	0	502	0	0	0	19040	0	1980	0	17526	0	13864	616	0	0	3092	0	0	0	0	0	16786	158	300	246	0	0	0	0	390	0	0	0	0	0	0	0	0	0	0	0	0	0	256	0	0	0	0	0	4752	0	0	0	550	0	0	0	0	0	0	0	0	0	1606	760	2854	0	1846	0	140	0	628	0	11494	0	21720	0	0	0	0	0	0	0	0	0	0	0	0	0	0	0	0	0	0	0	0	0	0	0	0	0	0	0	0	0	0	0	0	0	
296068	Frontal_Inf_Oper_R	0	14810	360	20686	0	1976	0	16284	0	1232	0	0	0	19268	0	2994	0	4230	890	11172	0	0	250	3688	0	148	0	0	0	20038	410	5328	0	5566	0	0	0	352	0	0	0	0	0	0	0	0	0	0	0	0	0	0	0	0	0	0	0	1176	0	478	0	698	0	718	0	212	0	0	0	0	188	7308	0	3408	0	764	0	2218	0	346	0	146	0	246	0	446	0	0	0	0	0	0	0	0	0	0	0	0	0	0	0	0	0	0	0	0	0	0	0	0	0	0	0	0	0	0	
350316	Frontal_Inf_Tri_L	3376	0	26124	548	490	150	36972	0	5258	0	19040	0	0	0	22032	0	3038	0	14342	270	0	0	3602	132	0	0	0	0	29902	220	308	242	0	0	0	0	0	0	0	0	0	0	0	0	0	0	0	0	0	0	0	0	0	0	0	0	208	0	0	0	0	0	0	0	0	0	0	0	0	0	594	270	1092	0	214	0	0	0	0	0	1800	0	4934	0	0	0	0	0	0	0	0	0	0	0	0	0	0	0	0	0	0	0	0	0	0	0	0	0	0	0	0	0	0	0	0	0	
228120	Frontal_Inf_Tri_R	0	2132	0	14622	0	382	0	16440	0	2450	0	19268	0	0	0	9162	0	740	328	10622	0	0	286	4812	0	0	0	0	0	17702	124	1880	0	9018	0	0	0	0	0	0	0	0	0	0	0	0	0	0	0	0	0	0	0	0	0	0	0	0	0	0	0	0	0	0	0	0	0	0	0	0	0	3114	0	660	0	172	0	146	0	0	0	0	0	0	0	0	0	0	0	0	0	0	0	0	0	0	0	0	0	0	0	0	0	0	0	0	0	0	0	0	0	0	0	0	0	0	
308352	Frontal_Inf_Orb_L	0	0	16182	324	12596	116	11746	0	30632	0	1980	0	22032	0	0	0	352	0	5582	0	3434	468	4106	292	0	0	3234	162	26762	0	310	0	252	214	0	0	402	0	138	0	980	0	0	0	0	0	0	0	0	0	0	0	0	0	0	0	0	0	0	0	0	0	0	0	0	0	0	0	0	0	1710	410	6488	0	0	0	0	0	0	0	176	0	3096	0	0	0	0	0	0	0	0	0	0	0	0	0	0	0	0	0	0	0	0	0	0	0	0	0	0	0	0	0	0	0	0	0	
124300	Frontal_Inf_Orb_R	0	0	0	2372	0	4888	0	1720	0	8512	0	2994	0	9162	0	0	0	0	0	2518	230	2070	242	814	0	0	230	1766	0	11866	0	1064	0	2772	0	0	0	0	0	0	0	152	0	0	0	0	0	0	0	0	0	0	0	0	0	144	0	0	0	0	0	0	0	0	0	0	0	0	0	0	230	4508	144	3372	0	0	0	0	0	0	0	0	0	380	0	0	0	0	0	0	0	0	0	0	0	0	0	0	0	0	0	0	0	0	0	0	0	0	0	0	0	0	0	0	0	0	
280840	Rolandic_Oper_L	14580	0	13254	336	176	0	9450	0	140	0	17526	0	3038	0	352	0	0	0	10708	286	0	0	816	0	0	0	0	0	20160	0	0	0	0	0	0	0	282	0	0	0	0	0	140	0	144	0	0	0	0	0	3178	0	834	0	0	0	9036	0	0	0	2264	0	1584	0	2314	0	332	0	0	0	970	394	1144	0	612	0	0	0	4384	0	11418	0	6180	0	3134	0	0	0	1254	0	0	0	0	0	0	0	0	0	0	0	0	0	0	0	0	0	0	0	0	0	0	0	0	0	0	0	
123024	Rolandic_Oper_R	0	5324	418	7394	0	316	0	1200	0	0	0	4230	0	740	0	0	0	0	548	4150	0	0	0	342	0	0	0	0	0	10992	0	872	0	618	0	0	0	0	0	0	0	0	0	0	0	0	0	0	0	0	0	0	0	0	0	0	0	4062	0	128	0	374	0	2922	0	404	0	0	0	0	470	1786	0	1328	0	360	0	1146	0	3136	0	6208	0	1028	0	726	0	0	0	290	0	0	0	0	0	0	0	0	0	0	0	0	0	0	0	0	0	0	0	0	0	0	0	0	0	0	
962800	Supp_Motor_Area_L	29048	3492	114966	19016	530	978	13522	702	2144	0	13864	890	14342	328	5582	0	10708	548	0	52648	0	0	15588	1312	124	0	0	0	21852	1176	7718	5380	10726	27862	2232	314	1896	118	136	0	0	0	0	0	0	0	0	0	0	0	0	0	0	0	234	0	2848	0	0	0	272	0	402	0	0	0	180	0	29652	1170	22538	3410	14390	0	2890	0	13410	1048	660	0	2938	0	5336	0	0	0	0	0	280	0	0	0	0	0	0	0	0	0	0	0	0	0	0	0	0	0	0	0	0	0	0	0	0	0	0	0	
947168	Supp_Motor_Area_R	5060	19966	20836	83116	0	3232	706	4924	0	912	616	11172	270	10622	0	2518	286	4150	52648	0	0	0	4566	17930	0	1306	0	206	684	11596	3652	20186	8660	66248	1632	2942	0	1700	0	140	0	0	0	1190	0	1528	0	0	0	2258	0	766	0	346	0	0	0	5710	0	486	0	800	0	426	0	316	302	4418	12684	15156	5528	27852	914	6800	422	1046	1428	14920	0	248	118	1182	478	170	0	1202	0	0	0	2408	0	0	0	0	0	0	0	0	0	0	0	0	0	0	0	0	0	0	0	0	0	0	0	0	0	0	
125404	Olfactory_L	0	0	140	0	4394	414	0	0	1216	0	0	0	0	0	3434	230	0	0	0	0	0	5780	132	0	680	486	6596	1220	3952	144	4836	1934	0	0	0	0	1156	0	934	0	3644	0	0	0	0	0	0	0	0	0	0	0	0	0	0	0	0	0	0	0	0	0	0	0	0	0	0	0	0	0	9552	4920	6012	240	0	0	0	0	0	0	0	0	656	0	0	0	0	0	0	0	0	0	0	0	0	0	0	0	0	0	0	0	0	0	0	0	0	0	0	0	0	0	0	0	0	0	
112360	Olfactory_R	0	0	0	0	1076	3642	0	0	360	396	0	0	0	0	468	2070	0	0	0	0	5780	0	0	0	0	1394	2586	6040	0	3234	2584	2550	0	0	0	0	0	0	0	250	468	746	0	0	0	0	0	0	0	0	0	0	0	0	0	0	0	0	0	0	0	0	0	0	0	0	0	0	0	0	7230	8654	5064	1330	0	0	0	0	0	0	0	0	0	258	0	0	0	0	0	0	0	0	0	0	0	0	0	0	0	0	0	0	0	0	0	0	0	0	0	0	0	0	0	0	0	0	
524796	Frontal_Sup_Medial_L	0	0	51848	20674	3590	618	21568	2168	2786	152	3092	250	3602	286	4106	242	816	0	15588	4566	132	0	0	30416	4010	1740	704	0	2166	348	26926	22886	10208	21414	176	0	0	0	0	0	120	0	0	0	0	0	0	0	0	0	0	0	0	0	0	0	0	0	0	0	0	0	0	0	0	0	0	0	0	0	514	256	1420	0	0	0	0	0	0	0	1108	0	1902	0	0	0	0	0	0	0	0	0	0	0	0	0	0	0	0	0	0	0	0	0	0	0	0	0	0	0	0	0	0	0	0	0	
483580	Frontal_Sup_Medial_R	0	118	6796	51118	144	6998	3042	7930	236	480	0	3688	132	4812	292	814	0	342	1312	17930	0	0	30416	0	414	5904	0	412	140	5288	9720	38882	1790	29862	0	0	0	0	0	0	0	0	0	0	0	0	0	0	0	0	0	0	0	0	0	0	0	0	0	0	0	0	0	0	0	0	0	0	0	0	318	8624	0	3836	0	0	0	0	0	0	0	0	0	0	0	0	0	0	0	0	0	0	0	0	0	0	0	0	0	0	0	0	0	0	0	0	0	0	0	0	0	0	0	0	0	0	
55848	Frontal_Med_Orb_L	0	0	1462	0	6790	122	0	0	942	0	0	0	0	0	0	0	0	0	124	0	680	0	4010	414	0	1690	3058	274	0	0	7444	372	0	0	0	0	0	0	0	0	0	0	0	0	0	0	0	0	0	0	0	0	0	0	0	0	0	0	0	0	0	0	0	0	0	0	0	0	0	0	380	0	162	0	0	0	0	0	0	0	0	0	0	0	0	0	0	0	0	0	0	0	0	0	0	0	0	0	0	0	0	0	0	0	0	0	0	0	0	0	0	0	0	0	0	0	
105140	Frontal_Med_Orb_R	0	0	296	2564	678	6986	0	0	0	2140	0	148	0	0	0	0	0	0	0	1306	486	1394	1740	5904	1690	0	370	4938	0	572	1882	7396	0	0	0	0	0	0	0	0	0	0	0	0	0	0	0	0	0	0	0	0	0	0	0	0	0	0	0	0	0	0	0	0	0	0	0	0	0	0	544	6836	254	4446	0	0	0	0	0	0	0	0	0	0	0	0	0	0	0	0	0	0	0	0	0	0	0	0	0	0	0	0	0	0	0	0	0	0	0	0	0	0	0	0	0	0	
100432	Rectus_L	0	0	710	0	10756	478	0	0	3642	0	0	0	0	0	3234	230	0	0	0	0	6596	2586	704	0	3058	370	0	904	766	144	4480	390	0	0	0	0	0	0	0	0	1838	0	0	0	0	0	0	0	0	0	0	0	0	0	0	0	0	0	0	0	0	0	0	0	0	0	0	0	0	0	4926	1774	2630	0	0	0	0	0	0	0	0	0	0	0	0	0	0	0	0	0	0	0	0	0	0	0	0	0	0	0	0	0	0	0	0	0	0	0	0	0	0	0	0	0	0	0	
84604	Rectus_R	0	0	0	230	236	9356	0	0	0	2612	0	0	0	0	162	1766	0	0	0	206	1220	6040	0	412	274	4938	904	0	0	1570	506	2150	0	0	0	0	0	0	0	0	184	384	0	0	0	0	0	0	0	0	0	0	0	0	0	0	0	0	0	0	0	0	0	0	0	0	0	0	0	0	1284	4490	766	2612	0	0	0	0	0	0	0	0	0	0	0	0	0	0	0	0	0	0	0	0	0	0	0	0	0	0	0	0	0	0	0	0	0	0	0	0	0	0	0	0	0	0	
591344	Insula_L	8836	0	30720	1050	6268	254	12308	0	9658	0	16786	0	29902	0	26762	0	20160	0	21852	684	3952	0	2166	140	0	0	766	0	0	346	1596	428	0	0	484	484	12178	0	1470	0	4066	0	0	0	124	0	116	0	0	0	3250	0	2090	0	2120	0	2530	0	0	0	1222	0	356	0	932	0	446	0	0	0	3818	842	18616	0	834	0	1060	0	9130	0	11122	0	11370	0	5796	0	0	0	6582	0	0	0	0	0	0	0	0	0	0	0	0	0	0	0	0	0	0	0	0	0	0	0	0	0	0	0	
408328	Insula_R	0	3784	1106	18160	0	5042	148	5104	0	3228	158	20038	220	17702	0	11866	0	10992	1176	11596	144	3234	348	5288	0	572	144	1570	346	0	460	7308	0	5796	0	0	0	3750	0	1730	0	1818	0	0	0	0	0	0	0	0	0	0	0	0	0	1348	0	480	0	162	0	166	0	378	0	122	0	272	0	326	1224	13552	116	20802	0	516	0	1742	0	3186	0	8168	132	828	0	2198	0	0	0	5618	0	0	0	0	0	0	0	0	0	0	0	0	0	0	0	0	0	0	0	0	0	0	0	0	0	0	
339004	Cingulum_Ant_L	0	0	14692	10782	6518	554	2240	0	1032	0	300	410	308	124	310	0	0	0	7718	3652	4836	2584	26926	9720	7444	1882	4480	506	1596	460	0	19728	9664	7944	2042	0	0	0	0	0	762	0	0	0	0	0	0	0	0	0	0	0	0	0	0	0	0	0	0	0	0	0	0	0	0	0	0	0	0	0	9130	3104	7378	496	0	0	0	0	0	0	0	0	180	0	0	0	0	0	0	0	0	0	0	0	0	0	0	0	0	0	0	0	0	0	0	0	0	0	0	0	0	0	0	0	0	0	
577060	Cingulum_Ant_R	0	310	6714	49888	116	9648	2142	2492	0	778	246	5328	242	1880	0	1064	0	872	5380	20186	1934	2550	22886	38882	372	7396	390	2150	428	7308	19728	0	4048	35484	0	120	0	0	0	0	152	0	0	0	0	0	0	0	0	0	0	0	0	0	0	0	0	0	0	0	0	0	0	0	0	0	0	0	0	0	3728	22590	2186	8042	0	0	0	708	0	0	0	0	162	0	0	0	0	0	0	0	0	0	0	0	0	0	0	0	0	0	0	0	0	0	0	0	0	0	0	0	0	0	0	0	0	0	
184152	Cingulum_Mid_L	268	532	7188	5406	0	0	3702	126	234	0	0	0	0	0	252	0	0	0	10726	8660	0	0	10208	1790	0	0	0	0	0	0	9664	4048	0	14816	5108	378	0	0	0	0	0	0	206	0	0	0	0	0	0	0	238	0	0	0	0	0	0	0	0	0	0	0	0	0	0	0	3424	154	4012	502	154	0	0	0	0	0	280	0	0	0	0	0	0	0	0	0	0	0	0	0	0	0	0	0	0	0	0	0	0	0	0	0	0	0	0	0	0	0	0	0	0	0	0	0	0	0	
687128	Cingulum_Mid_R	3462	8932	9816	37824	0	568	3336	6808	182	1076	0	5566	0	9018	214	2772	0	618	27862	66248	0	0	21414	29862	0	0	0	0	0	5796	7944	35484	14816	0	2180	4582	0	0	0	0	0	0	0	1440	0	2206	0	0	0	1900	0	558	0	0	0	0	0	1410	0	234	0	306	0	0	0	0	824	6184	10718	7522	224	1400	188	122	160	0	550	590	0	0	0	0	0	0	0	308	0	0	0	340	0	0	0	0	0	0	0	0	0	0	0	0	0	0	0	0	0	0	0	0	0	0	0	0	0	0	
120284	Cingulum_Post_L	1384	1236	372	0	0	0	0	0	0	0	0	0	0	0	0	0	0	0	2232	1632	0	0	176	0	0	0	0	0	484	0	2042	0	5108	2180	0	8142	5082	1626	1298	484	0	0	3234	0	1372	124	858	320	836	0	1936	0	254	0	150	0	0	0	0	0	0	0	0	0	0	0	7626	1244	5066	1014	0	0	282	0	0	0	1098	0	122	0	0	0	0	0	178	0	0	0	216	0	0	0	0	0	0	0	0	0	0	0	0	0	0	0	0	0	0	0	0	0	734	0	0	0	0	0	
121964	Cingulum_Post_R	670	1866	186	340	0	0	0	0	0	0	0	0	0	0	0	0	0	0	314	2942	0	0	0	0	0	0	0	0	484	0	0	120	378	4582	8142	0	4604	2896	706	636	0	0	0	1900	0	3264	338	2060	0	3340	0	1862	0	0	150	0	0	1022	0	0	0	154	0	0	0	0	956	9462	828	2200	0	0	286	0	0	0	1546	756	0	0	0	0	0	0	0	304	0	0	0	898	0	0	0	0	0	0	0	0	0	0	0	0	0	0	0	0	0	0	0	0	790	0	0	0	0	0	
210132	Hippocampus_L	8764	0	2584	184	0	0	496	0	0	0	390	0	0	0	402	0	282	0	1896	0	1156	0	0	0	0	0	0	0	12178	0	0	0	0	0	5082	4604	0	1828	8270	468	6536	0	1152	0	0	0	1968	296	0	0	946	0	1012	0	6864	0	502	0	0	0	0	0	0	0	0	0	2036	596	480	0	340	0	9546	0	750	0	5004	392	3476	0	2102	0	2010	0	2372	0	122	0	7462	0	0	0	0	0	0	0	0	0	0	0	0	0	0	0	0	0	0	0	0	0	518	0	0	0	0	0	
161036	Hippocampus_R	182	2750	0	4824	0	142	0	936	0	0	0	352	0	0	0	0	0	0	118	1700	0	0	0	0	0	0	0	0	0	3750	0	0	0	0	1626	2896	1828	0	306	14854	0	7140	0	0	0	0	174	1486	0	0	0	0	0	612	118	11958	0	166	0	0	0	0	0	0	0	0	0	1538	122	0	0	570	0	9074	0	1036	766	4126	0	0	0	242	0	742	0	220	0	0	0	3862	0	0	0	0	0	0	0	302	0	0	0	0	0	0	0	0	0	0	0	0	0	0	0	0	0	0	
55968	ParaHippocampal_L	794	0	0	0	134	0	0	0	0	0	0	0	0	0	138	0	0	0	136	0	934	0	0	0	0	0	0	0	1470	0	0	0	0	0	1298	706	8270	306	0	0	2066	0	562	0	0	0	1654	0	0	0	278	0	244	0	3218	0	0	0	0	0	0	0	0	0	0	0	906	222	152	0	0	0	656	0	0	0	624	0	176	0	138	0	922	0	156	0	514	0	1110	0	0	0	0	0	0	0	0	0	0	0	0	0	0	0	0	0	0	0	0	0	200	0	0	0	0	0	
100748	ParaHippocampal_R	0	648	0	650	0	120	0	280	0	0	0	0	0	0	0	0	0	0	0	140	0	250	0	0	0	0	0	0	0	1730	0	0	0	0	484	636	468	14854	0	0	0	5522	0	182	0	0	0	2390	0	0	0	0	0	914	0	11520	0	0	0	0	0	0	0	0	0	0	0	1406	0	0	0	160	0	3618	0	664	0	886	0	0	0	0	0	1494	0	0	0	354	0	470	0	0	0	0	0	0	0	534	0	0	0	0	0	0	0	0	0	0	0	0	0	0	0	0	0	0	
63284	Amygdala_L	0	0	138	0	1346	0	0	0	434	0	0	0	0	0	980	0	0	0	0	0	3644	468	120	0	0	0	1838	184	4066	0	762	152	0	0	0	0	6536	0	2066	0	0	0	0	0	0	0	0	0	0	0	0	0	0	0	2082	0	0	0	0	0	0	0	0	0	0	0	0	0	0	0	940	384	2712	0	0	0	0	0	0	0	142	0	1356	0	212	0	172	0	908	0	0	0	0	0	0	0	0	0	0	0	0	0	0	0	0	0	0	0	0	0	0	0	0	0	0	0	
48372	Amygdala_R	0	0	0	122	0	314	0	0	0	0	0	0	0	0	0	152	0	0	0	0	0	746	0	0	0	0	0	384	0	1818	0	0	0	0	0	0	0	7140	0	5522	0	0	0	0	0	0	0	0	0	0	0	0	0	0	0	4190	0	0	0	0	0	0	0	0	0	0	0	0	0	0	0	198	0	1708	0	0	0	0	0	0	0	0	0	1700	0	0	0	0	0	192	0	0	0	0	0	0	0	0	0	0	0	0	0	0	0	0	0	0	0	0	0	0	0	0	0	0	
186632	Calcarine_L	310	0	0	0	0	0	0	0	0	0	0	0	0	0	0	0	140	0	0	0	0	0	0	0	0	0	0	0	0	0	0	0	206	0	3234	0	1152	0	562	0	0	0	0	4704	16804	3066	7766	1226	10450	908	18642	118	4836	0	448	0	1154	0	0	0	340	0	0	0	310	0	13700	0	946	0	0	0	0	0	0	0	0	0	0	0	126	0	0	0	1062	0	0	0	1106	0	0	0	0	0	0	0	0	0	0	0	0	0	0	0	0	0	0	0	0	0	0	0	0	0	0	0	
280608	Calcarine_R	0	1454	0	0	0	0	0	0	0	0	0	0	0	0	0	0	0	0	0	1190	0	0	0	0	0	0	0	0	0	0	0	0	0	1440	0	1900	0	0	0	182	0	0	4704	0	3514	26842	1158	17682	0	25684	0	16144	0	5834	0	4822	0	1430	0	1040	0	0	0	0	0	0	788	18280	0	2814	0	0	0	0	0	0	0	0	0	0	0	0	0	0	0	2576	0	0	0	826	0	0	0	0	0	0	0	0	0	0	0	0	0	0	0	0	0	0	0	0	0	0	0	0	0	0	
234704	Cuneus_L	842	0	0	0	0	0	0	0	0	0	0	0	0	0	0	0	144	0	0	0	0	0	0	0	0	0	0	0	124	0	0	0	0	0	1372	0	0	0	0	0	0	0	16804	3514	0	4462	792	196	24522	870	26984	198	3292	0	162	0	2734	0	2042	0	950	0	0	0	1540	0	18242	190	2646	0	0	0	0	0	0	0	0	0	0	0	150	0	0	0	2882	0	0	0	1698	0	0	0	0	0	0	0	0	0	0	0	0	0	0	0	0	0	0	0	0	0	0	0	0	0	0	0	
268784	Cuneus_R	0	1304	0	0	0	0	0	0	0	0	0	0	0	0	0	0	0	0	0	1528	0	0	0	0	0	0	0	0	0	0	0	0	0	2206	124	3264	0	0	0	0	0	0	3066	26842	4462	0	288	5116	0	34822	0	12900	0	488	0	328	0	1406	0	2924	0	158	0	0	0	338	2656	23104	0	4314	0	0	0	0	0	0	0	0	0	0	0	0	0	0	0	2150	0	0	0	604	0	0	0	0	0	0	0	0	0	0	0	0	0	0	0	0	0	0	0	0	0	0	0	0	0	0	
174172	Lingual_L	0	0	0	0	0	0	0	0	0	0	0	0	0	0	0	0	0	0	0	0	0	0	0	0	0	0	0	0	116	0	0	0	0	0	858	338	1968	174	1654	0	0	0	7766	1158	792	288	0	1420	2146	596	16650	224	14850	0	11764	122	0	0	0	0	0	0	0	0	0	0	2074	0	0	0	0	0	0	0	0	0	144	0	0	0	0	0	0	0	392	0	0	0	1028	0	4218	590	316	0	0	0	3426	166	8826	560	128	0	0	0	0	0	0	0	0	0	626	1094	614	0	0	0	
217008	Lingual_R	0	0	0	0	0	0	0	0	0	0	0	0	0	0	0	0	0	0	0	0	0	0	0	0	0	0	0	0	0	0	0	0	0	0	320	2060	296	1486	0	2390	0	0	1226	17682	196	5116	1420	0	0	10972	0	5800	0	5328	0	12006	0	0	0	142	0	0	0	0	0	0	0	5574	0	0	0	0	0	0	0	0	0	0	0	0	0	0	0	0	0	228	0	0	0	124	438	5640	188	806	162	0	636	3604	676	9786	0	0	0	738	0	138	0	0	0	0	2860	7516	2792	0	158	0	
172404	Occipital_Sup_L	228	0	0	0	0	0	0	0	0	0	0	0	0	0	0	0	0	0	0	0	0	0	0	0	0	0	0	0	0	0	0	0	0	0	836	0	0	0	0	0	0	0	10450	0	24522	0	2146	0	0	0	27600	0	1284	0	0	0	1076	0	3860	0	308	0	0	0	300	0	11916	0	840	0	0	0	0	0	0	0	0	0	0	0	0	0	0	0	454	0	0	0	382	0	0	0	0	0	0	0	0	0	0	0	0	0	0	0	0	0	0	0	0	0	0	0	0	0	0	0	
362576	Occipital_Sup_R	0	2696	0	0	0	0	0	0	0	0	0	0	0	0	0	0	0	0	0	2258	0	0	0	0	0	0	0	0	0	0	0	0	0	1900	0	3340	0	0	0	0	0	0	908	25684	870	34822	596	10972	0	0	0	29526	0	3072	0	2228	0	6154	0	7928	0	3846	0	0	0	4384	2596	24124	0	5764	0	0	0	0	0	0	0	0	0	0	0	146	0	0	0	5540	0	0	0	1934	0	0	0	0	0	0	0	0	0	0	0	0	0	0	0	0	0	0	0	0	0	0	0	0	0	0	
547856	Occipital_Mid_L	4136	0	156	0	0	0	0	0	0	0	256	0	0	0	0	0	3178	0	0	0	0	0	0	0	0	0	0	0	3250	0	0	0	238	0	1936	0	946	0	278	0	0	0	18642	0	26984	0	16650	0	27600	0	0	0	34968	0	4850	0	4166	0	8512	0	13826	0	1916	0	23100	0	21066	0	5316	0	140	0	0	0	0	0	0	0	2506	0	3406	0	0	0	29570	0	0	0	15846	0	284	0	0	0	0	0	0	0	206	0	0	0	0	0	0	0	0	0	0	0	0	0	0	0	0	0	
242088	Occipital_Mid_R	0	984	0	118	0	0	0	0	0	0	0	0	0	0	0	0	0	0	0	766	0	0	0	0	0	0	0	0	0	0	0	0	0	558	0	1862	0	0	0	0	0	0	118	16144	198	12900	224	5800	0	29526	0	0	0	3080	0	1796	0	1942	0	3148	0	6208	0	0	0	13592	900	10636	0	2066	0	0	0	0	0	0	0	0	0	0	0	0	0	0	0	7968	0	0	0	510	0	0	0	0	0	0	0	0	0	0	0	0	0	0	0	0	0	0	0	0	0	0	0	0	0	0	
231704	Occipital_Inf_L	1476	0	0	0	0	0	0	0	0	0	0	0	0	0	0	0	834	0	0	0	0	0	0	0	0	0	0	0	2090	0	0	0	0	0	254	0	1012	0	244	0	0	0	4836	0	3292	0	14850	0	1284	0	34968	0	0	0	10232	0	718	0	244	0	944	0	1260	0	978	0	3814	0	786	0	0	0	0	0	0	0	0	0	2246	0	964	0	0	0	10942	0	0	0	15638	0	656	0	0	0	0	0	164	0	1126	0	0	0	0	0	0	0	0	0	0	0	0	0	0	0	0	0	
73000	Occipital_Inf_R	0	400	0	0	0	0	0	0	0	0	0	0	0	0	0	0	0	0	0	346	0	0	0	0	0	0	0	0	0	0	0	0	0	0	0	0	0	612	0	914	0	0	0	5834	0	488	0	5328	0	3072	0	3080	0	0	0	8994	0	244	0	0	0	0	0	0	0	0	0	1076	0	470	0	0	0	0	0	0	0	0	0	0	0	0	0	0	0	506	0	0	0	4864	0	0	0	0	0	0	0	0	0	146	0	0	0	0	0	0	0	0	0	0	0	126	0	0	0	0	
239320	Fusiform_L	0	0	232	0	0	0	0	0	0	0	0	0	0	0	0	0	0	0	234	0	0	0	0	0	0	0	0	0	2120	0	0	0	0	0	150	150	6864	118	3218	0	2082	0	448	0	162	0	11764	0	0	0	4850	0	10232	0	0	0	0	0	0	0	0	0	0	0	0	0	172	0	0	0	0	0	1108	0	0	0	374	0	0	0	1806	0	3226	0	3344	0	1796	0	12914	0	14990	240	342	0	0	0	9800	0	25008	244	352	0	0	0	0	0	0	0	0	0	276	694	350	0	0	0	
215196	Fusiform_R	0	142	0	178	0	0	0	0	0	0	0	0	0	0	0	144	0	0	0	0	0	0	0	0	0	0	0	0	0	1348	0	0	0	0	0	0	0	11958	0	11520	0	4190	0	4822	0	328	122	12006	0	2228	0	1796	0	8994	0	0	0	0	0	0	0	0	0	0	0	0	0	948	0	0	0	0	0	1186	0	0	0	336	0	0	0	2834	0	4826	0	890	0	1932	0	12712	0	3736	0	0	0	0	176	4684	148	8346	0	0	0	0	0	0	0	0	0	0	2326	2278	464	0	0	0	
225528	Postcentral_L	29462	0	2976	0	0	0	2434	0	0	0	4752	0	208	0	0	0	9036	0	2848	0	0	0	0	0	0	0	0	0	2530	0	0	0	0	0	0	0	502	0	0	0	0	0	1154	0	2734	0	0	0	1076	0	4166	0	718	0	0	0	0	0	4844	0	17216	0	8884	0	2090	0	3786	0	2754	0	436	0	1446	0	480	0	0	0	1798	0	3044	0	0	0	778	0	0	0	612	0	0	0	0	0	0	0	0	0	0	0	0	0	0	0	0	0	0	0	0	0	0	0	0	0	0	0	
228272	Postcentral_R	0	20036	0	1084	0	0	0	692	0	0	0	1176	0	0	0	0	0	4062	0	5710	0	0	0	0	0	0	0	0	0	480	0	0	0	1410	0	1022	0	166	0	0	0	0	0	1430	0	1406	0	0	0	6154	0	1942	0	244	0	0	0	0	0	13718	0	13042	0	11934	0	2528	0	5658	0	10272	0	200	0	222	0	0	136	246	0	342	0	2044	0	0	0	4638	0	0	0	2142	0	0	0	0	0	0	0	0	0	0	0	0	0	0	0	0	0	0	0	0	0	0	0	0	0	0	
96880	Parietal_Sup_L	1494	0	0	0	0	0	0	0	0	0	0	0	0	0	0	0	0	0	0	0	0	0	0	0	0	0	0	0	0	0	0	0	0	0	0	0	0	0	0	0	0	0	0	0	2042	0	0	0	3860	0	8512	0	244	0	0	0	4844	0	0	0	8002	0	0	0	2752	0	14610	198	1150	0	0	0	0	0	0	0	0	0	0	0	0	0	0	0	424	0	0	0	308	0	0	0	0	0	0	0	0	0	0	0	0	0	0	0	0	0	0	0	0	0	0	0	0	0	0	0	
130476	Parietal_Sup_R	0	3098	0	330	0	0	0	268	0	0	0	478	0	0	0	0	0	128	0	486	0	0	0	0	0	0	0	0	0	162	0	0	0	234	0	0	0	0	0	0	0	0	0	1040	0	2924	0	142	0	7928	0	3148	0	0	0	0	0	13718	0	0	0	10678	0	5152	0	5384	1148	5338	0	1604	0	0	0	146	0	0	0	0	0	0	0	204	0	0	0	1214	0	0	0	286	0	0	0	0	0	0	0	0	0	0	0	0	0	0	0	0	0	0	0	0	0	0	0	0	0	0	
206364	Parietal_Inf_L	7526	0	510	0	0	0	170	0	0	0	550	0	0	0	0	0	2264	0	272	0	0	0	0	0	0	0	0	0	1222	0	0	0	0	0	0	0	0	0	0	0	0	0	340	0	950	0	0	0	308	0	13826	0	944	0	0	0	17216	0	8002	0	0	0	11222	0	20130	0	1478	0	1374	0	0	0	250	0	0	0	0	0	542	0	3436	0	0	0	6850	0	0	0	3800	0	0	0	0	0	0	0	0	0	0	0	0	0	0	0	0	0	0	0	0	0	0	0	0	0	0	0	
143884	Parietal_Inf_R	0	3820	0	590	0	0	0	532	0	0	0	698	0	0	0	0	0	374	0	800	0	0	0	0	0	0	0	0	0	166	0	0	0	306	0	154	0	0	0	0	0	0	0	0	0	158	0	0	0	3846	0	6208	0	0	0	0	0	13042	0	10678	0	0	0	11926	0	11142	0	1246	0	748	0	174	0	226	0	0	164	152	0	0	0	1058	0	0	0	3296	0	0	0	438	0	0	0	0	0	0	0	0	0	0	0	0	0	0	0	0	0	0	0	0	0	0	0	0	0	0	
100420	SupraMarginal_L	2792	0	402	0	0	0	196	0	0	0	0	0	0	0	0	0	1584	0	402	0	0	0	0	0	0	0	0	0	356	0	0	0	0	0	0	0	0	0	0	0	0	0	0	0	0	0	0	0	0	0	1916	0	1260	0	0	0	8884	0	0	0	11222	0	0	0	5862	0	0	0	0	0	0	0	132	0	0	0	0	0	202	0	5642	0	0	0	6318	0	0	0	3040	0	0	0	0	0	0	0	0	0	0	0	0	0	0	0	0	0	0	0	0	0	0	0	0	0	0	0	
111604	SupraMarginal_R	0	4108	0	778	0	0	0	574	0	0	0	718	0	0	0	0	0	2922	0	426	0	0	0	0	0	0	0	0	0	378	0	0	0	0	0	0	0	0	0	0	0	0	0	0	0	0	0	0	0	0	0	0	0	0	0	0	0	11934	0	5152	0	11926	0	0	0	3688	0	0	0	318	0	170	0	248	0	0	176	160	0	302	0	8530	0	0	0	2850	0	0	0	444	0	0	0	0	0	0	0	0	0	0	0	0	0	0	0	0	0	0	0	0	0	0	0	0	0	0	
175656	Angular_L	1738	0	0	0	0	0	0	0	0	0	0	0	0	0	0	0	2314	0	0	0	0	0	0	0	0	0	0	0	932	0	0	0	0	0	0	0	0	0	0	0	0	0	310	0	1540	0	0	0	300	0	23100	0	978	0	0	0	2090	0	2752	0	20130	0	5862	0	0	0	1948	0	966	0	0	0	0	0	0	0	0	0	346	0	4386	0	0	0	12786	0	0	0	5350	0	0	0	0	0	0	0	0	0	0	0	0	0	0	0	0	0	0	0	0	0	0	0	0	0	0	0	
98592	Angular_R	0	1494	0	234	0	0	0	116	0	0	0	212	0	0	0	0	0	404	0	316	0	0	0	0	0	0	0	0	0	122	0	0	0	0	0	0	0	0	0	0	0	0	0	0	0	338	0	0	0	4384	0	13592	0	0	0	0	0	2528	0	5384	0	11142	0	3688	0	0	0	446	0	288	0	0	0	0	0	0	0	0	0	0	0	2250	0	0	0	2358	0	0	0	0	0	0	0	0	0	0	0	0	0	0	0	0	0	0	0	0	0	0	0	0	0	0	0	0	0	0	
272696	Precuneus_L	1632	254	0	0	0	0	0	0	0	0	0	0	0	0	0	0	332	0	180	302	0	0	0	0	0	0	0	0	446	0	0	0	3424	824	7626	956	2036	0	906	0	0	0	13700	788	18242	2656	2074	0	11916	2596	21066	900	3814	0	172	0	3786	0	14610	1148	1478	0	0	0	1948	0	0	7428	4112	418	0	0	0	0	0	0	0	0	132	0	198	0	0	0	1430	372	0	0	2060	146	0	0	0	0	0	0	0	0	0	0	0	0	0	0	0	0	0	0	0	0	240	0	0	0	0	0	
310068	Precuneus_R	0	4198	0	0	0	0	0	0	0	0	0	0	0	0	0	0	0	0	0	4418	0	0	0	0	0	0	0	0	0	272	0	0	154	6184	1244	9462	596	1538	222	1406	0	0	0	18280	190	23104	0	5574	0	24124	0	10636	0	1076	0	948	0	5658	198	5338	0	1246	0	0	0	446	7428	0	0	9156	0	0	0	0	0	0	0	0	0	0	0	184	0	0	0	6894	0	0	0	4278	0	0	0	0	0	0	0	0	0	0	0	0	0	0	0	0	0	0	0	0	582	0	0	0	0	0	
275532	Paracentral_Lobule_L	25844	2686	7090	134	0	0	574	0	0	0	0	0	0	0	0	0	0	0	29652	12684	0	0	0	0	0	0	0	0	0	0	0	0	4012	10718	5066	828	480	122	152	0	0	0	946	0	2646	0	0	0	840	0	5316	0	786	0	0	0	2754	0	1150	0	1374	0	0	0	966	0	4112	0	0	1936	750	254	218	0	178	0	11858	500	0	0	0	0	0	0	538	0	0	0	602	0	0	0	0	0	0	0	0	0	0	0	0	0	0	0	0	0	0	0	0	0	0	0	0	0	0	0	
178504	Paracentral_Lobule_R	0	15742	0	0	0	0	0	0	0	0	0	0	0	0	0	0	0	0	1170	15156	0	0	0	0	0	0	0	0	0	326	0	0	502	7522	1014	2200	0	0	0	0	0	0	0	2814	0	4314	0	0	0	5764	0	2066	0	470	0	0	0	10272	0	1604	0	748	0	318	0	288	418	9156	1936	0	0	0	0	0	0	0	0	0	0	146	0	380	0	0	0	2300	0	0	0	2626	0	0	0	0	0	0	0	0	0	0	0	0	0	0	0	0	0	0	0	0	0	0	0	0	0	0	
320248	Caudate_L	3926	378	21394	5944	2692	1132	856	0	726	0	1606	188	594	0	1710	230	970	470	22538	5528	9552	7230	514	318	380	544	4926	1284	3818	1224	9130	3728	154	224	0	0	340	0	0	0	940	0	0	0	0	0	0	0	0	0	140	0	0	0	0	0	436	0	0	0	0	0	0	0	0	0	0	0	750	0	0	10934	23872	358	3112	0	3552	132	0	0	402	0	1248	0	0	0	0	0	0	0	0	0	0	0	0	0	0	0	0	0	0	0	0	0	0	0	0	0	0	0	0	0	0	0	0	0	
488416	Caudate_R	162	3612	2678	31586	678	15114	142	1494	194	4184	760	7308	270	3114	410	4508	394	1786	3410	27852	4920	8654	256	8624	0	6836	1774	4490	842	13552	3104	22590	0	1400	0	0	0	570	0	160	384	198	0	0	0	0	0	0	0	0	0	0	0	0	0	0	0	200	0	0	0	174	0	170	0	0	0	0	254	0	10934	0	5950	19828	186	2156	260	14920	0	0	144	140	612	150	0	120	0	0	0	0	0	0	0	0	0	0	0	0	0	0	0	0	0	0	0	0	0	0	0	0	0	0	0	0	0	0	
349632	Putamen_L	9898	0	17618	420	7328	262	1304	0	3302	0	2854	0	1092	0	6488	144	1144	0	14390	914	6012	5064	1420	0	162	254	2630	766	18616	116	7378	2186	0	188	282	286	9546	0	656	0	2712	0	0	0	0	0	0	0	0	0	0	0	0	0	1108	0	1446	0	0	0	250	0	132	0	0	0	0	0	218	0	23872	5950	0	238	8372	0	2368	0	698	0	1400	0	1634	0	330	0	0	0	1368	0	0	0	0	0	0	0	0	0	0	0	0	0	0	0	0	0	0	0	0	0	0	0	0	0	0	0	
269960	Putamen_R	0	8100	0	10130	0	8298	0	3116	0	3104	0	3408	0	660	0	3372	0	1328	0	6800	240	1330	0	3836	0	4446	0	2612	0	20802	496	8042	0	122	0	0	0	9074	0	3618	0	1708	0	0	0	0	0	0	0	0	0	0	0	0	0	1186	0	222	0	146	0	226	0	248	0	0	0	0	0	0	358	19828	238	0	0	3538	0	3714	0	0	0	172	0	224	0	0	0	0	0	238	0	0	0	0	0	0	0	0	0	0	0	0	0	0	0	0	0	0	0	0	0	0	0	0	0	0	
65408	Pallidum_L	3538	0	4582	0	0	0	654	0	0	0	1846	0	214	0	0	0	612	0	2890	422	0	0	0	0	0	0	0	0	834	0	0	0	0	160	0	0	750	0	0	0	0	0	0	0	0	0	0	0	0	0	0	0	0	0	0	0	480	0	0	0	0	0	0	0	0	0	0	0	178	0	3112	186	8372	0	0	0	2592	0	208	0	580	0	494	0	0	0	0	0	0	0	0	0	0	0	0	0	0	0	0	0	0	0	0	0	0	0	0	0	0	0	0	0	0	0	0	0	
28556	Pallidum_R	0	1846	0	850	0	0	0	616	0	0	0	764	0	172	0	0	0	360	0	1046	0	0	0	0	0	0	0	0	0	516	0	0	0	0	0	0	0	1036	0	664	0	0	0	0	0	0	0	0	0	0	0	0	0	0	0	0	0	0	0	0	0	0	0	0	0	0	0	0	0	0	0	2156	0	3538	0	0	0	714	0	0	0	0	0	0	0	0	0	0	0	0	0	0	0	0	0	0	0	0	0	0	0	0	0	0	0	0	0	0	0	0	0	0	0	0	0	0	
160680	Thalamus_L	18484	902	8562	1226	0	0	1448	284	0	0	140	0	0	0	0	0	0	0	13410	1428	0	0	0	0	0	0	0	0	1060	0	0	0	280	550	1098	1546	5004	766	624	0	0	0	0	0	0	0	144	0	0	0	0	0	0	0	374	0	0	136	0	0	0	164	0	176	0	0	0	0	11858	0	3552	260	2368	0	2592	0	0	1904	0	0	0	0	0	0	0	0	0	0	0	0	0	0	0	0	0	0	0	0	0	0	0	0	0	0	0	0	0	0	0	0	0	0	0	0	0	0	
156696	Thalamus_R	340	4346	360	20690	0	0	0	1024	0	0	0	2218	0	146	0	0	0	1146	1048	14920	0	0	0	0	0	0	0	0	0	1742	0	708	0	590	0	756	392	4126	0	886	0	0	0	0	0	0	0	0	0	0	0	0	0	0	0	336	0	246	0	0	0	152	0	160	0	0	0	0	500	0	132	14920	0	3714	0	714	1904	0	0	132	0	0	0	0	0	0	0	0	0	0	0	0	0	0	0	0	0	0	0	0	0	0	0	0	0	0	0	0	0	0	0	0	0	0	0	0	
96936	Heschl_L	3836	0	802	0	0	0	748	0	0	0	628	0	0	0	0	0	4384	0	660	0	0	0	0	0	0	0	0	0	9130	0	0	0	0	0	122	0	3476	0	176	0	0	0	0	0	0	0	0	0	0	0	2506	0	2246	0	0	0	1798	0	0	0	542	0	202	0	346	0	132	0	0	0	0	0	698	0	208	0	0	0	0	0	4026	0	0	0	6228	0	0	0	5574	0	0	0	0	0	0	0	0	0	0	0	0	0	0	0	0	0	0	0	0	0	0	0	0	0	0	0	
25508	Heschl_R	0	570	0	288	0	0	0	118	0	0	0	346	0	0	0	0	0	3136	0	248	0	0	0	0	0	0	0	0	0	3186	0	0	0	0	0	0	0	0	0	0	0	0	0	0	0	0	0	0	0	0	0	0	0	0	0	0	0	342	0	0	0	0	0	302	0	0	0	0	0	146	0	0	0	0	0	0	0	132	0	0	0	3008	0	0	0	520	0	0	0	412	0	0	0	0	0	0	0	0	0	0	0	0	0	0	0	0	0	0	0	0	0	0	0	0	0	0	
291028	Temporal_Sup_L	3322	0	6014	136	0	0	7204	0	0	0	11494	0	1800	0	176	0	11418	0	2938	118	0	0	1108	0	0	0	0	0	11122	0	0	0	0	0	0	0	2102	0	138	0	142	0	126	0	150	0	0	0	0	0	3406	0	964	0	1806	0	3044	0	0	0	3436	0	5642	0	4386	0	198	0	0	0	402	144	1400	0	580	0	0	0	4026	0	0	0	12408	0	26388	0	0	0	17776	0	0	0	0	0	0	0	0	0	0	0	0	0	0	0	0	0	0	0	0	0	0	0	0	0	0	0	
134104	Temporal_Sup_R	0	1102	0	2002	0	0	0	0	0	0	0	146	0	0	0	0	0	6208	0	1182	0	0	0	0	0	0	0	0	0	8168	0	0	0	0	0	0	0	242	0	0	0	0	0	0	0	0	0	0	0	146	0	0	0	0	0	2834	0	2044	0	204	0	1058	0	8530	0	2250	0	184	0	380	0	140	0	172	0	0	0	0	0	3008	0	0	0	2664	0	14116	0	330	0	9942	0	0	0	0	0	0	0	0	0	0	0	0	0	0	0	0	0	0	0	0	0	0	0	0	0	0	
250036	Temporal_Pole_Sup_L	1078	0	10496	594	544	0	10308	0	1124	0	21720	0	4934	0	3096	0	6180	0	5336	478	656	0	1902	0	0	0	0	0	11370	132	180	162	0	0	0	0	2010	0	922	0	1356	0	0	0	0	0	0	0	0	0	0	0	0	0	3226	0	0	0	0	0	0	0	0	0	0	0	0	0	0	0	1248	612	1634	0	494	0	0	0	0	0	12408	0	0	0	8756	0	4406	0	7656	0	0	0	0	0	0	0	0	0	0	0	0	0	0	0	0	0	0	0	0	0	0	0	0	0	0	0	
51524	Temporal_Pole_Sup_R	0	0	0	384	0	0	0	0	0	0	0	246	0	0	0	380	0	1028	0	170	0	258	0	0	0	0	0	0	0	828	0	0	0	0	0	0	0	742	0	1494	0	1700	0	0	0	0	0	0	0	0	0	0	0	0	0	4826	0	0	0	0	0	0	0	0	0	0	0	0	0	0	0	150	0	224	0	0	0	0	0	0	0	2664	0	0	0	3120	0	3040	0	4508	0	0	0	0	0	0	0	0	0	0	0	0	0	0	0	0	0	0	0	0	0	0	0	0	0	0	
373872	Temporal_Mid_L	1574	0	0	0	0	0	0	0	0	0	0	0	0	0	0	0	3134	0	0	0	0	0	0	0	0	0	0	0	5796	0	0	0	0	0	178	0	2372	0	156	0	212	0	1062	0	2882	0	392	0	454	0	29570	0	10942	0	3344	0	778	0	424	0	6850	0	6318	0	12786	0	1430	0	538	0	0	0	330	0	0	0	0	0	6228	0	26388	0	8756	0	0	0	4362	0	49680	0	0	0	0	0	0	0	0	0	0	0	0	0	0	0	0	0	0	0	0	0	0	0	0	0	0	0	
176084	Temporal_Mid_R	0	3054	0	516	0	0	0	308	0	0	0	446	0	0	0	0	0	726	0	1202	0	0	0	0	0	0	0	0	0	2198	0	0	0	308	0	304	0	220	0	0	0	0	0	2576	0	2150	0	228	0	5540	0	7968	0	506	0	890	0	4638	0	1214	0	3296	0	2850	0	2358	372	6894	0	2300	0	120	0	0	0	0	0	0	0	520	0	14116	0	3120	0	0	0	1942	0	15162	0	0	0	0	0	0	0	0	0	0	0	0	0	0	0	0	0	0	0	0	0	0	0	0	0	0	
31396	Temporal_Pole_Mid_L	0	0	0	0	0	0	0	0	0	0	0	0	0	0	0	0	0	0	0	0	0	0	0	0	0	0	0	0	0	0	0	0	0	0	0	0	122	0	514	0	172	0	0	0	0	0	0	0	0	0	0	0	0	0	1796	0	0	0	0	0	0	0	0	0	0	0	0	0	0	0	0	0	0	0	0	0	0	0	0	0	0	0	4406	0	4362	0	0	0	4326	0	0	0	0	0	0	0	0	0	0	0	0	0	0	0	0	0	0	0	0	0	0	0	0	0	0	0	
19420	Temporal_Pole_Mid_R	0	0	0	0	0	0	0	0	0	0	0	0	0	0	0	0	0	0	0	0	0	0	0	0	0	0	0	0	0	0	0	0	0	0	0	0	0	0	0	354	0	0	0	0	0	0	0	0	0	0	0	0	0	0	0	1932	0	0	0	0	0	0	0	0	0	0	0	0	0	0	0	0	0	0	0	0	0	0	0	0	0	330	0	3040	0	1942	0	0	0	2112	0	0	0	0	0	0	0	0	0	0	0	0	0	0	0	0	0	0	0	0	0	0	0	0	0	0	
344500	Temporal_Inf_L	1548	0	326	0	0	0	0	0	0	0	0	0	0	0	0	0	1254	0	280	0	0	0	0	0	0	0	0	0	6582	0	0	0	0	0	216	0	7462	0	1110	0	908	0	1106	0	1698	0	1028	0	382	0	15846	0	15638	0	12914	0	612	0	308	0	3800	0	3040	0	5350	0	2060	0	602	0	0	0	1368	0	0	0	0	0	5574	0	17776	0	7656	0	49680	0	4326	0	0	0	1492	0	0	0	0	0	0	0	308	0	0	0	0	0	0	0	0	0	0	0	0	0	0	0	0	0	
165288	Temporal_Inf_R	0	3346	0	912	0	0	0	0	0	0	0	0	0	0	0	0	0	290	0	2408	0	0	0	0	0	0	0	0	0	5618	0	0	0	340	0	898	0	3862	0	470	0	192	0	826	0	604	0	124	0	1934	0	510	0	4864	0	12712	0	2142	0	286	0	438	0	444	0	0	146	4278	0	2626	0	0	0	238	0	0	0	0	0	412	0	9942	0	4508	0	15162	0	2112	0	0	0	0	0	0	0	0	0	0	0	0	0	0	0	0	0	0	0	0	0	0	0	0	0	0	0	0	
336904	Cerebelum_Crus1_L	0	0	0	0	0	0	0	0	0	0	0	0	0	0	0	0	0	0	0	0	0	0	0	0	0	0	0	0	0	0	0	0	0	0	0	0	0	0	0	0	0	0	0	0	0	0	4218	438	0	0	284	0	656	0	14990	0	0	0	0	0	0	0	0	0	0	0	0	0	0	0	0	0	0	0	0	0	0	0	0	0	0	0	0	0	0	0	0	0	1492	0	0	796	30376	1006	392	0	11666	0	40018	922	23512	0	19386	1148	4728	172	166	0	0	262	1098	1706	7070	1122	828	0	
262904	Cerebelum_Crus1_R	0	0	0	0	0	0	0	0	0	0	0	0	0	0	0	0	0	0	0	0	0	0	0	0	0	0	0	0	0	0	0	0	0	0	0	0	0	0	0	0	0	0	0	0	0	0	590	5640	0	0	0	0	0	0	240	3736	0	0	0	0	0	0	0	0	0	0	0	0	0	0	0	0	0	0	0	0	0	0	0	0	0	0	0	0	0	0	0	0	0	0	796	0	2372	25518	0	814	506	10396	884	37216	0	5446	0	10418	120	1256	0	0	0	252	4210	8310	8400	1968	2220	144	
200680	Cerebelum_Crus2_L	0	0	0	0	0	0	0	0	0	0	0	0	0	0	0	0	0	0	0	0	0	0	0	0	0	0	0	0	0	0	0	0	0	0	0	0	0	0	0	0	0	0	0	0	0	0	316	188	0	0	0	0	0	0	342	0	0	0	0	0	0	0	0	0	0	0	0	0	0	0	0	0	0	0	0	0	0	0	0	0	0	0	0	0	0	0	0	0	0	0	30376	2372	0	4320	0	0	372	0	2714	1504	23998	780	19642	2082	1240	166	0	0	0	0	0	420	7434	1716	358	0	
162992	Cerebelum_Crus2_R	0	0	0	0	0	0	0	0	0	0	0	0	0	0	0	0	0	0	0	0	0	0	0	0	0	0	0	0	0	0	0	0	0	0	0	0	0	0	0	0	0	0	0	0	0	0	0	806	0	0	0	0	0	0	0	0	0	0	0	0	0	0	0	0	0	0	0	0	0	0	0	0	0	0	0	0	0	0	0	0	0	0	0	0	0	0	0	0	0	0	1006	25518	4320	0	0	0	0	256	288	3922	1374	13362	1380	18388	0	528	0	0	0	0	0	1582	6050	2208	508	0	
14816	Cerebelum_3_L	0	0	0	0	0	0	0	0	0	0	0	0	0	0	0	0	0	0	0	0	0	0	0	0	0	0	0	0	0	0	0	0	0	0	0	0	0	0	0	0	0	0	0	0	0	0	0	162	0	0	0	0	0	0	0	0	0	0	0	0	0	0	0	0	0	0	0	0	0	0	0	0	0	0	0	0	0	0	0	0	0	0	0	0	0	0	0	0	0	0	392	0	0	0	0	158	3990	0	1030	0	152	0	0	0	196	0	0	0	454	412	462	0	0	0	0	0	
22060	Cerebelum_3_R	0	0	0	0	0	0	0	0	0	0	0	0	0	0	0	0	0	0	0	0	0	0	0	0	0	0	0	0	0	0	0	0	0	0	0	0	0	0	0	0	0	0	0	0	0	0	0	0	0	0	0	0	0	0	0	0	0	0	0	0	0	0	0	0	0	0	0	0	0	0	0	0	0	0	0	0	0	0	0	0	0	0	0	0	0	0	0	0	0	0	0	814	0	0	158	0	122	3634	0	3204	0	0	0	0	0	444	0	0	356	744	898	240	0	116	300	0	
155360	Cerebelum_4_5_L	0	0	0	0	0	0	0	0	0	0	0	0	0	0	0	0	0	0	0	0	0	0	0	0	0	0	0	0	0	0	0	0	0	0	0	0	0	0	0	0	0	0	0	0	0	0	3426	636	0	0	0	0	164	0	9800	176	0	0	0	0	0	0	0	0	0	0	0	0	0	0	0	0	0	0	0	0	0	0	0	0	0	0	0	0	0	0	0	0	0	0	11666	506	372	0	3990	122	0	1032	24740	1042	3898	0	876	0	2768	628	132	0	338	842	6032	2116	0	150	1018	1210	
124964	Cerebelum_4_5_R	0	0	0	0	0	0	0	0	0	0	0	0	0	0	0	0	0	0	0	0	0	0	0	0	0	0	0	0	0	0	0	0	0	0	0	0	0	302	0	534	0	0	0	0	0	0	166	3604	0	0	0	0	0	0	0	4684	0	0	0	0	0	0	0	0	0	0	0	0	0	0	0	0	0	0	0	0	0	0	0	0	0	0	0	0	0	0	0	0	0	0	0	10396	0	256	0	3634	1032	0	176	23320	0	0	0	666	0	632	0	0	0	712	8696	1290	590	670	876	246	
274232	Cerebelum_6_L	0	0	0	0	0	0	0	0	0	0	0	0	0	0	0	0	0	0	0	0	0	0	0	0	0	0	0	0	0	0	0	0	0	0	0	0	0	0	0	0	0	0	0	0	0	0	8826	676	0	0	206	0	1126	0	25008	148	0	0	0	0	0	0	0	0	0	0	0	0	0	0	0	0	0	0	0	0	0	0	0	0	0	0	0	0	0	0	0	0	308	0	40018	884	2714	288	1030	0	24740	176	0	1234	7726	0	4112	392	3494	356	134	0	182	410	2920	4496	3550	652	978	332	
269828	Cerebelum_6_R	0	0	0	0	0	0	0	0	0	0	0	0	0	0	0	0	0	0	0	0	0	0	0	0	0	0	0	0	0	0	0	0	0	0	0	0	0	0	0	0	0	0	0	0	0	0	560	9786	0	0	0	0	0	146	244	8346	0	0	0	0	0	0	0	0	0	0	0	0	0	0	0	0	0	0	0	0	0	0	0	0	0	0	0	0	0	0	0	0	0	0	922	37216	1504	3922	0	3204	1042	23320	1234	0	0	424	0	3742	186	1900	0	0	0	570	8618	13180	9220	2472	2986	170	
200796	Cerebelum_7b_L	0	0	0	0	0	0	0	0	0	0	0	0	0	0	0	0	0	0	0	0	0	0	0	0	0	0	0	0	0	0	0	0	0	0	0	0	0	0	0	0	0	0	0	0	0	0	128	0	0	0	0	0	0	0	352	0	0	0	0	0	0	0	0	0	0	0	0	0	0	0	0	0	0	0	0	0	0	0	0	0	0	0	0	0	0	0	0	0	0	0	23512	0	23998	1374	152	0	3898	0	7726	0	0	544	27038	930	4408	0	214	0	0	234	818	158	3146	1584	184	0	
71056	Cerebelum_7b_R	0	0	0	0	0	0	0	0	0	0	0	0	0	0	0	0	0	0	0	0	0	0	0	0	0	0	0	0	0	0	0	0	0	0	0	0	0	0	0	0	0	0	0	0	0	0	0	0	0	0	0	0	0	0	0	0	0	0	0	0	0	0	0	0	0	0	0	0	0	0	0	0	0	0	0	0	0	0	0	0	0	0	0	0	0	0	0	0	0	0	0	5446	780	13362	0	0	0	0	0	424	544	0	582	12386	0	512	0	0	0	0	0	180	750	562	0	0	
193848	Cerebelum_8_L	0	0	0	0	0	0	0	0	0	0	0	0	0	0	0	0	0	0	0	0	0	0	0	0	0	0	0	0	0	0	0	0	0	0	0	0	0	0	0	0	0	0	0	0	0	0	0	0	0	0	0	0	0	0	0	0	0	0	0	0	0	0	0	0	0	0	0	0	0	0	0	0	0	0	0	0	0	0	0	0	0	0	0	0	0	0	0	0	0	0	19386	0	19642	1380	0	0	876	0	4112	0	27038	582	0	1610	12364	256	652	0	0	0	0	218	4516	3296	996	0	
149384	Cerebelum_8_R	0	0	0	0	0	0	0	0	0	0	0	0	0	0	0	0	0	0	0	0	0	0	0	0	0	0	0	0	0	0	0	0	0	0	0	0	0	0	0	0	0	0	0	0	0	0	0	738	0	0	0	0	0	0	0	0	0	0	0	0	0	0	0	0	0	0	0	0	0	0	0	0	0	0	0	0	0	0	0	0	0	0	0	0	0	0	0	0	0	0	1148	10418	2082	18388	0	0	0	666	392	3742	930	12386	1610	0	186	9772	0	132	0	0	0	2444	5184	3104	1370	0	
74140	Cerebelum_9_L	0	0	0	0	0	0	0	0	0	0	0	0	0	0	0	0	0	0	0	0	0	0	0	0	0	0	0	0	0	0	0	0	0	0	0	0	0	0	0	0	0	0	0	0	0	0	0	0	0	0	0	0	0	0	0	0	0	0	0	0	0	0	0	0	0	0	0	0	0	0	0	0	0	0	0	0	0	0	0	0	0	0	0	0	0	0	0	0	0	0	4728	120	1240	0	196	0	2768	0	3494	186	4408	0	12364	186	0	338	1324	0	0	0	982	1454	706	776	1284	516	
60420	Cerebelum_9_R	0	0	0	0	0	0	0	0	0	0	0	0	0	0	0	0	0	0	0	0	0	0	0	0	0	0	0	0	0	0	0	0	0	0	0	0	0	0	0	0	0	0	0	0	0	0	0	138	0	0	0	0	0	0	0	0	0	0	0	0	0	0	0	0	0	0	0	0	0	0	0	0	0	0	0	0	0	0	0	0	0	0	0	0	0	0	0	0	0	0	172	1256	166	528	0	444	628	632	356	1900	0	512	256	9772	338	0	220	882	408	492	1118	2386	1252	2002	3396	956	
5684	Cerebelum_10_L	0	0	0	0	0	0	0	0	0	0	0	0	0	0	0	0	0	0	0	0	0	0	0	0	0	0	0	0	0	0	0	0	0	0	0	0	0	0	0	0	0	0	0	0	0	0	0	0	0	0	0	0	0	0	0	0	0	0	0	0	0	0	0	0	0	0	0	0	0	0	0	0	0	0	0	0	0	0	0	0	0	0	0	0	0	0	0	0	0	0	166	0	0	0	0	0	132	0	134	0	214	0	652	0	1324	220	0	0	0	0	0	0	0	0	0	0	
2028	Cerebelum_10_R	0	0	0	0	0	0	0	0	0	0	0	0	0	0	0	0	0	0	0	0	0	0	0	0	0	0	0	0	0	0	0	0	0	0	0	0	0	0	0	0	0	0	0	0	0	0	0	0	0	0	0	0	0	0	0	0	0	0	0	0	0	0	0	0	0	0	0	0	0	0	0	0	0	0	0	0	0	0	0	0	0	0	0	0	0	0	0	0	0	0	0	0	0	0	0	0	0	0	0	0	0	0	0	132	0	882	0	0	0	0	0	0	0	0	0	0	
12484	Vermis_1_2	0	0	0	0	0	0	0	0	0	0	0	0	0	0	0	0	0	0	0	0	0	0	0	0	0	0	0	0	0	0	0	0	0	0	0	0	0	0	0	0	0	0	0	0	0	0	0	0	0	0	0	0	0	0	0	0	0	0	0	0	0	0	0	0	0	0	0	0	0	0	0	0	0	0	0	0	0	0	0	0	0	0	0	0	0	0	0	0	0	0	0	0	0	0	454	356	338	0	182	0	0	0	0	0	0	408	0	0	0	2694	1534	120	0	0	156	0	
20508	Vermis_3	0	0	0	0	0	0	0	0	0	0	0	0	0	0	0	0	0	0	0	0	0	0	0	0	0	0	0	0	0	0	0	0	0	0	0	0	0	0	0	0	0	0	0	0	0	0	0	0	0	0	0	0	0	0	0	0	0	0	0	0	0	0	0	0	0	0	0	0	0	0	0	0	0	0	0	0	0	0	0	0	0	0	0	0	0	0	0	0	0	0	262	252	0	0	412	744	842	712	410	570	234	0	0	0	0	492	0	0	2694	0	2234	212	0	0	184	0	
110200	Vermis_4_5	0	0	0	0	0	0	0	0	0	0	0	0	0	0	0	0	0	0	0	0	0	0	0	0	0	0	0	0	0	0	0	0	0	0	734	790	518	0	200	0	0	0	0	0	0	0	626	2860	0	0	0	0	0	0	276	2326	0	0	0	0	0	0	0	0	0	0	240	582	0	0	0	0	0	0	0	0	0	0	0	0	0	0	0	0	0	0	0	0	0	0	1098	4210	0	0	462	898	6032	8696	2920	8618	818	0	0	0	982	1118	0	0	1534	2234	0	3200	0	150	1294	1684	
141140	Vermis_6	0	0	0	0	0	0	0	0	0	0	0	0	0	0	0	0	0	0	0	0	0	0	0	0	0	0	0	0	0	0	0	0	0	0	0	0	0	0	0	0	0	0	0	0	0	0	1094	7516	0	0	0	0	0	126	694	2278	0	0	0	0	0	0	0	0	0	0	0	0	0	0	0	0	0	0	0	0	0	0	0	0	0	0	0	0	0	0	0	0	0	0	1706	8310	420	1582	0	240	2116	1290	4496	13180	158	180	218	2444	1454	2386	0	0	120	212	3200	0	7742	1830	3712	1866	
154928	Vermis_7	0	0	0	0	0	0	0	0	0	0	0	0	0	0	0	0	0	0	0	0	0	0	0	0	0	0	0	0	0	0	0	0	0	0	0	0	0	0	0	0	0	0	0	0	0	0	614	2792	0	0	0	0	0	0	350	464	0	0	0	0	0	0	0	0	0	0	0	0	0	0	0	0	0	0	0	0	0	0	0	0	0	0	0	0	0	0	0	0	0	0	7070	8400	7434	6050	0	0	0	590	3550	9220	3146	750	4516	5184	706	1252	0	0	0	0	0	7742	0	4604	3030	0	
67272	Vermis_8	0	0	0	0	0	0	0	0	0	0	0	0	0	0	0	0	0	0	0	0	0	0	0	0	0	0	0	0	0	0	0	0	0	0	0	0	0	0	0	0	0	0	0	0	0	0	0	0	0	0	0	0	0	0	0	0	0	0	0	0	0	0	0	0	0	0	0	0	0	0	0	0	0	0	0	0	0	0	0	0	0	0	0	0	0	0	0	0	0	0	1122	1968	1716	2208	0	116	150	670	652	2472	1584	562	3296	3104	776	2002	0	0	0	0	150	1830	4604	0	4472	182	
62972	Vermis_9	0	0	0	0	0	0	0	0	0	0	0	0	0	0	0	0	0	0	0	0	0	0	0	0	0	0	0	0	0	0	0	0	0	0	0	0	0	0	0	0	0	0	0	0	0	0	0	158	0	0	0	0	0	0	0	0	0	0	0	0	0	0	0	0	0	0	0	0	0	0	0	0	0	0	0	0	0	0	0	0	0	0	0	0	0	0	0	0	0	0	828	2220	358	508	0	300	1018	876	978	2986	184	0	996	1370	1284	3396	0	0	156	184	1294	3712	3030	4472	0	1178	
