data	data	708744	251284	1.05983e+06	940428	84820	124412	791528	382692	55368	40252	344456	280184	386200	217616	181420	66424	230984	100380	642688	1.01049e+06	52020	74384	325748	361536	21620	88384	37140	80044	760704	267512	289944	391772	116396	568948	233316	163500	223896	362816	86460	223136	38296	46932	220748	431512	160256	286936	214364	234208	277024	285136	617792	362384	209844	154260	288512	442560	394196	273692	193204	75468	160712	73848	83176	93960	83564	77888	256844	394292	253364	249412	273848	337288	378420	401844	52504	19868	154556	109120	109756	12924	200040	67676	80068	29012	504748	195852	27028	16840	290516	159260	272124	395492	225400	187908	31876	46948	205748	187036	294292	369224	182224	61680	205984	168064	73244	44792	15020	1844	24096	62232	228352	177816	140120	90640	42664	20112	
data	data	Precentral_L	Precentral_R	Frontal_Sup_L	Frontal_Sup_R	Frontal_Sup_Orb_L	Frontal_Sup_Orb_R	Frontal_Mid_L	Frontal_Mid_R	Frontal_Mid_Orb_L	Frontal_Mid_Orb_R	Frontal_Inf_Oper_L	Frontal_Inf_Oper_R	Frontal_Inf_Tri_L	Frontal_Inf_Tri_R	Frontal_Inf_Orb_L	Frontal_Inf_Orb_R	Rolandic_Oper_L	Rolandic_Oper_R	Supp_Motor_Area_L	Supp_Motor_Area_R	Olfactory_L	Olfactory_R	Frontal_Sup_Medial_L	Frontal_Sup_Medial_R	Frontal_Med_Orb_L	Frontal_Med_Orb_R	Rectus_L	Rectus_R	Insula_L	Insula_R	Cingulum_Ant_L	Cingulum_Ant_R	Cingulum_Mid_L	Cingulum_Mid_R	Cingulum_Post_L	Cingulum_Post_R	Hippocampus_L	Hippocampus_R	ParaHippocampal_L	ParaHippocampal_R	Amygdala_L	Amygdala_R	Calcarine_L	Calcarine_R	Cuneus_L	Cuneus_R	Lingual_L	Lingual_R	Occipital_Sup_L	Occipital_Sup_R	Occipital_Mid_L	Occipital_Mid_R	Occipital_Inf_L	Occipital_Inf_R	Fusiform_L	Fusiform_R	Postcentral_L	Postcentral_R	Parietal_Sup_L	Parietal_Sup_R	Parietal_Inf_L	Parietal_Inf_R	SupraMarginal_L	SupraMarginal_R	Angular_L	Angular_R	Precuneus_L	Precuneus_R	Paracentral_Lobule_L	Paracentral_Lobule_R	Caudate_L	Caudate_R	Putamen_L	Putamen_R	Pallidum_L	Pallidum_R	Thalamus_L	Thalamus_R	Heschl_L	Heschl_R	Temporal_Sup_L	Temporal_Sup_R	Temporal_Pole_Sup_L	Temporal_Pole_Sup_R	Temporal_Mid_L	Temporal_Mid_R	Temporal_Pole_Mid_L	Temporal_Pole_Mid_R	Temporal_Inf_L	Temporal_Inf_R	Cerebelum_Crus1_L	Cerebelum_Crus1_R	Cerebelum_Crus2_L	Cerebelum_Crus2_R	Cerebelum_3_L	Cerebelum_3_R	Cerebelum_4_5_L	Cerebelum_4_5_R	Cerebelum_6_L	Cerebelum_6_R	Cerebelum_7b_L	Cerebelum_7b_R	Cerebelum_8_L	Cerebelum_8_R	Cerebelum_9_L	Cerebelum_9_R	Cerebelum_10_L	Cerebelum_10_R	Vermis_1_2	Vermis_3	Vermis_4_5	Vermis_6	Vermis_7	Vermis_8	Vermis_9	Vermis_10	
708744	Precentral_L	0	3898	34954	6200	0	0	54652	424	0	0	7482	0	1044	0	0	0	11016	0	7016	21098	0	0	196	0	0	0	0	0	12684	0	3524	338	348	9646	6192	2852	7254	726	816	164	0	0	430	224	192	154	1022	854	2188	0	10918	0	3622	0	698	162	28986	2808	2330	0	4480	0	1948	0	372	0	1292	782	12644	6572	12956	0	9858	0	4466	0	21818	336	6768	0	6464	0	0	0	15206	0	0	0	1298	0	0	0	0	0	0	0	0	0	0	0	0	0	0	0	0	0	0	0	0	0	0	0	0	0	0	0	
251284	Precentral_R	3898	0	2470	12900	0	0	1462	12836	0	0	0	10442	0	870	0	0	0	2438	1130	5664	0	0	0	0	0	0	0	0	0	3124	0	180	0	1406	1104	380	0	8146	0	2926	0	0	0	878	0	222	0	0	0	912	0	1758	0	3260	0	5122	0	14926	0	714	0	450	0	3436	0	224	0	1188	1660	4640	282	2360	0	1756	0	150	858	3434	0	498	0	2646	0	0	0	1624	0	0	0	1268	0	0	0	0	0	0	0	0	0	0	0	0	0	0	0	0	0	0	0	0	0	0	0	0	0	0	
1.05983e+06	Frontal_Sup_L	34954	2470	0	8920	10334	0	85486	610	4668	0	28048	512	24770	314	9172	0	10314	0	82660	28872	0	0	43742	760	626	0	1546	0	48498	158	20590	2306	4850	9300	816	646	2444	230	186	0	0	0	0	198	0	156	110	220	260	0	1200	0	554	0	372	0	1730	266	0	0	510	0	0	0	0	0	100	498	2086	2340	9058	174	27056	0	2742	0	3724	0	556	0	3174	0	1574	0	1944	0	0	0	510	0	0	0	0	0	0	0	0	0	0	0	0	0	0	0	0	0	0	0	0	0	0	0	0	0	0	0	
940428	Frontal_Sup_R	6200	12900	8920	0	0	3582	5844	49082	0	0	246	13554	220	12710	0	1082	146	7406	15444	98910	0	0	8168	40838	0	880	0	184	1266	12980	5234	33246	1270	35144	218	0	0	11586	0	5038	0	0	0	172	0	0	0	0	0	318	0	572	0	1774	0	5720	254	4266	0	0	0	592	0	418	0	378	0	194	502	138	7034	18776	690	18968	0	1372	750	12698	0	0	0	428	0	0	0	622	0	0	0	1280	0	0	0	0	0	0	0	0	0	0	0	0	0	0	0	0	0	0	0	0	0	0	0	0	0	0	
84820	Frontal_Sup_Orb_L	0	0	10334	0	0	0	320	0	7170	0	0	0	0	0	5270	0	0	0	0	0	540	0	2878	0	1738	0	5492	0	2512	0	1922	0	0	0	0	0	0	0	0	0	0	0	0	0	0	0	0	0	0	0	0	0	0	0	0	0	0	0	0	0	0	0	0	0	0	0	0	0	0	0	258	0	3976	0	0	0	0	0	0	0	0	0	0	0	0	0	0	0	0	0	0	0	0	0	0	0	0	0	0	0	0	0	0	0	0	0	0	0	0	0	0	0	0	0	0	0	
124412	Frontal_Sup_Orb_R	0	0	0	3582	0	0	0	656	0	5288	0	0	0	0	0	4736	0	0	0	0	900	2158	162	5088	0	7780	270	10196	0	1002	598	4900	0	0	0	0	0	0	0	0	0	0	0	0	0	0	0	0	0	0	0	0	0	0	0	0	0	0	0	0	0	0	0	0	0	0	0	0	0	0	1578	7024	1162	5126	0	0	0	0	0	0	0	0	0	0	0	0	0	0	0	0	0	0	0	0	0	0	0	0	0	0	0	0	0	0	0	0	0	0	0	0	0	0	0	0	0	0	
791528	Frontal_Mid_L	54652	1462	85486	5844	320	0	0	368	2358	0	21718	0	46080	0	13062	0	6208	0	15814	10888	0	0	18288	0	0	0	0	0	37262	0	9160	570	688	2744	1576	1024	4190	386	210	0	0	0	0	0	0	0	162	370	304	0	1320	0	698	0	498	0	2116	266	106	0	494	0	106	0	0	0	0	172	1350	1280	10678	0	10766	0	3102	0	15006	310	1338	0	1504	0	1032	0	1730	0	0	0	698	0	0	0	0	0	0	0	0	0	0	0	0	0	0	0	0	0	0	0	0	0	0	0	0	0	0	0	
382692	Frontal_Mid_R	424	12836	610	49082	0	656	368	0	0	1704	0	17342	0	16520	0	2710	0	2710	4006	13716	0	0	716	9044	0	0	0	0	0	6636	330	3564	0	9646	0	0	0	5558	0	3030	0	0	0	272	0	0	0	0	0	538	0	428	0	1480	0	4030	0	3098	0	0	0	632	0	1732	0	120	0	146	0	226	414	1988	0	7472	0	972	350	1518	0	134	0	1074	0	0	0	1344	0	0	0	2170	0	0	0	0	0	0	0	0	0	0	0	0	0	0	0	0	0	0	0	0	0	0	0	0	0	0	
55368	Frontal_Mid_Orb_L	0	0	4668	0	7170	0	2358	0	0	0	0	0	1206	0	8222	0	0	0	0	0	0	0	280	0	118	0	498	0	1780	0	106	0	0	0	0	0	0	0	0	0	0	0	0	0	0	0	0	0	0	0	0	0	0	0	0	0	0	0	0	0	0	0	0	0	0	0	0	0	0	0	0	0	1278	0	0	0	0	0	0	0	0	0	0	0	0	0	0	0	0	0	0	0	0	0	0	0	0	0	0	0	0	0	0	0	0	0	0	0	0	0	0	0	0	0	0	0	
40252	Frontal_Mid_Orb_R	0	0	0	0	0	5288	0	1704	0	0	0	0	0	114	0	5526	0	0	0	0	0	128	0	466	0	1044	0	1236	0	0	0	144	0	0	0	0	0	0	0	0	0	0	0	0	0	0	0	0	0	0	0	0	0	0	0	0	0	0	0	0	0	0	0	0	0	0	0	0	0	0	100	2368	0	2008	0	0	0	0	0	0	0	0	0	0	0	0	0	0	0	0	0	0	0	0	0	0	0	0	0	0	0	0	0	0	0	0	0	0	0	0	0	0	0	0	0	0	
344456	Frontal_Inf_Oper_L	7482	0	28048	246	0	0	21718	0	0	0	0	0	24452	0	1166	0	12870	0	13862	572	0	0	5530	158	0	0	0	0	34064	0	3240	124	230	0	0	0	770	0	0	0	0	0	0	0	0	0	122	0	130	0	572	0	290	0	234	0	3166	0	0	0	204	0	190	0	0	0	0	0	0	0	350	0	3568	0	120	0	152	0	2060	0	2270	0	2572	0	1268	0	0	0	428	0	0	0	0	0	0	0	0	0	0	0	0	0	0	0	0	0	0	0	0	0	0	0	0	0	0	0	
280184	Frontal_Inf_Oper_R	0	10442	512	13554	0	0	0	17342	0	0	0	0	0	21358	0	0	0	4952	1638	12472	0	0	0	1190	0	0	0	0	0	15698	0	740	0	4624	0	0	0	6316	0	2302	0	0	0	162	0	0	0	0	0	364	0	216	0	700	0	5344	0	2668	0	0	0	370	0	1718	0	0	0	0	0	238	106	0	0	12908	0	180	0	268	0	0	0	456	0	0	0	0	0	0	0	1254	0	0	0	0	0	0	0	0	0	0	0	0	0	0	0	0	0	0	0	0	0	0	0	0	0	0	
386200	Frontal_Inf_Tri_L	1044	0	24770	220	0	0	46080	0	1206	0	24452	0	0	0	18684	0	332	0	5242	390	0	0	6562	190	0	0	0	0	47736	0	2732	0	544	0	0	0	936	0	0	0	0	0	0	0	0	0	0	0	0	0	116	0	138	0	394	0	126	0	0	0	0	0	0	0	0	0	0	0	0	0	782	0	7516	0	0	0	0	0	0	0	0	0	2288	0	0	0	0	0	620	0	0	0	0	0	0	0	0	0	0	0	0	0	0	0	0	0	0	0	0	0	0	0	0	0	0	0	
217616	Frontal_Inf_Tri_R	0	870	314	12710	0	0	0	16520	0	114	0	21358	0	0	0	2342	0	560	1824	11186	0	0	0	2506	0	0	0	0	0	13632	102	2278	0	6110	0	0	0	2810	0	734	0	0	0	0	0	0	0	0	0	0	0	0	0	184	0	2338	0	0	0	0	0	0	0	0	0	0	0	0	0	0	0	1310	0	8586	0	138	0	0	0	0	0	0	0	0	0	0	0	0	0	282	0	0	0	0	0	0	0	0	0	0	0	0	0	0	0	0	0	0	0	0	0	0	0	0	0	0	
181420	Frontal_Inf_Orb_L	0	0	9172	0	5270	0	13062	0	8222	0	1166	0	18684	0	0	0	0	0	896	0	1026	0	298	0	0	0	358	0	21622	0	258	0	0	0	0	0	0	0	136	0	0	0	0	0	0	0	0	0	0	0	0	0	0	0	0	0	0	0	0	0	0	0	0	0	0	0	0	0	0	0	666	0	9242	0	0	0	0	0	0	0	0	0	632	0	0	0	0	0	0	0	0	0	0	0	0	0	0	0	0	0	0	0	0	0	0	0	0	0	0	0	0	0	0	0	0	0	
66424	Frontal_Inf_Orb_R	0	0	0	1082	0	4736	0	2710	0	5526	0	0	0	2342	0	0	0	0	132	1236	190	918	0	580	0	592	0	1824	0	4350	0	226	0	1092	0	0	0	0	0	0	0	0	0	0	0	0	0	0	0	0	0	0	0	0	0	0	0	0	0	0	0	0	0	0	0	0	0	0	0	0	626	2320	492	2238	0	0	0	0	0	0	0	0	0	0	0	0	0	0	0	0	0	0	0	0	0	0	0	0	0	0	0	0	0	0	0	0	0	0	0	0	0	0	0	0	0	0	
230984	Rolandic_Oper_L	11016	0	10314	146	0	0	6208	0	0	0	12870	0	332	0	0	0	0	0	6232	214	0	0	0	0	0	0	0	0	17942	0	566	0	0	0	0	0	910	0	0	0	0	0	0	0	0	0	100	0	444	0	1186	0	694	0	384	0	12020	0	126	0	3008	0	4056	0	418	0	0	0	0	0	202	0	946	0	210	0	274	0	6272	0	10652	0	0	0	6682	0	0	0	1068	0	0	0	0	0	0	0	0	0	0	0	0	0	0	0	0	0	0	0	0	0	0	0	0	0	0	0	
100380	Rolandic_Oper_R	0	2438	0	7406	0	0	0	2710	0	0	0	4952	0	560	0	0	0	0	0	7404	0	0	0	0	0	0	0	0	0	10252	0	0	0	0	0	0	0	728	0	426	0	0	0	0	0	0	0	0	0	0	0	0	0	352	0	630	0	4364	0	0	0	0	0	2666	0	0	0	0	0	0	154	0	0	1996	0	0	0	0	0	256	0	2320	0	242	0	0	0	0	0	334	0	0	0	0	0	0	0	0	0	0	0	0	0	0	0	0	0	0	0	0	0	0	0	0	0	0	
642688	Supp_Motor_Area_L	7016	1130	82660	15444	0	0	15814	4006	0	0	13862	1638	5242	1824	896	132	6232	0	0	42008	0	0	10946	5056	0	0	0	0	22338	938	9254	5248	9578	17622	2598	758	818	0	0	0	0	0	0	140	0	0	0	716	0	0	0	0	0	0	252	0	206	392	0	0	0	0	0	0	0	0	0	746	6564	2082	6218	498	15024	258	1902	0	124	0	152	0	1932	0	538	0	174	0	0	0	368	0	0	0	0	0	0	0	0	0	0	0	0	0	0	0	0	0	0	0	0	0	0	0	0	0	0	0	
1.01049e+06	Supp_Motor_Area_R	21098	5664	28872	98910	0	0	10888	13716	0	0	572	12472	390	11186	0	1236	214	7404	42008	0	0	0	918	15752	0	0	0	0	1628	12088	1212	16672	6454	58042	7390	2714	0	6502	0	3124	0	0	0	1204	0	560	0	1460	0	200	182	502	0	1340	0	3260	306	10432	0	0	0	418	0	432	0	346	0	3430	12580	19082	8798	21690	672	16170	0	1964	1244	9748	0	138	0	1128	0	0	120	320	0	0	0	394	0	0	0	0	0	0	0	0	0	0	0	0	0	0	0	0	0	0	0	0	0	0	0	0	0	0	
52020	Olfactory_L	0	0	0	0	540	900	0	0	0	0	0	0	0	0	1026	190	0	0	0	0	0	3328	0	0	138	260	1226	1332	2362	0	1596	764	0	0	0	0	270	0	512	0	420	0	0	0	0	0	0	0	0	0	0	0	0	0	0	0	0	0	0	0	0	0	0	0	0	0	0	0	0	0	5076	1750	3308	488	0	0	0	0	0	0	0	0	524	0	0	0	0	0	0	0	0	0	0	0	0	0	0	0	0	0	0	0	0	0	0	0	0	0	0	0	0	0	0	0	0	0	
74384	Olfactory_R	0	0	0	0	0	2158	0	0	0	128	0	0	0	0	0	918	0	0	0	0	3328	0	0	0	0	418	414	3392	0	1050	1632	1532	0	0	0	0	0	0	0	206	0	266	0	0	0	0	0	0	0	0	0	0	0	0	0	0	0	0	0	0	0	0	0	0	0	0	0	0	0	0	7732	6662	4522	1968	432	434	0	0	0	0	0	0	0	0	0	0	0	0	0	0	0	0	0	0	0	0	0	0	0	0	0	0	0	0	0	0	0	0	0	0	0	0	0	0	0	0	
325748	Frontal_Sup_Medial_L	196	0	43742	8168	2878	162	18288	716	280	0	5530	0	6562	0	298	0	0	0	10946	918	0	0	0	13630	1220	884	458	0	7042	0	21716	8456	1904	5652	0	0	130	0	0	0	0	0	0	0	0	0	0	0	0	0	0	0	0	0	0	0	0	0	0	0	0	0	0	0	0	0	0	0	0	0	858	0	1610	0	0	0	0	0	0	0	0	0	630	0	0	0	0	0	0	0	0	0	0	0	0	0	0	0	0	0	0	0	0	0	0	0	0	0	0	0	0	0	0	0	0	0	
361536	Frontal_Sup_Medial_R	0	0	760	40838	0	5088	0	9044	0	466	158	1190	190	2506	0	580	0	0	5056	15752	0	0	13630	0	0	6238	0	1376	260	652	5292	30220	192	23508	0	0	0	0	0	0	0	0	0	0	0	0	0	0	0	0	0	0	0	0	0	0	0	0	0	0	0	0	0	0	0	0	0	0	0	0	258	10676	0	6838	0	0	0	0	0	0	0	0	0	0	0	0	0	0	0	0	0	0	0	0	0	0	0	0	0	0	0	0	0	0	0	0	0	0	0	0	0	0	0	0	0	0	
21620	Frontal_Med_Orb_L	0	0	626	0	1738	0	0	0	118	0	0	0	0	0	0	0	0	0	0	0	138	0	1220	0	0	782	1704	0	0	0	3460	0	0	0	0	0	0	0	0	0	0	0	0	0	0	0	0	0	0	0	0	0	0	0	0	0	0	0	0	0	0	0	0	0	0	0	0	0	0	0	454	0	570	0	0	0	0	0	0	0	0	0	0	0	0	0	0	0	0	0	0	0	0	0	0	0	0	0	0	0	0	0	0	0	0	0	0	0	0	0	0	0	0	0	0	0	
88384	Frontal_Med_Orb_R	0	0	0	880	0	7780	0	0	0	1044	0	0	0	0	0	592	0	0	0	0	260	418	884	6238	782	0	254	6490	0	0	1880	5224	0	0	0	0	0	0	0	0	0	0	0	0	0	0	0	0	0	0	0	0	0	0	0	0	0	0	0	0	0	0	0	0	0	0	0	0	0	0	276	6284	230	4676	0	0	0	0	0	0	0	0	0	0	0	0	0	0	0	0	0	0	0	0	0	0	0	0	0	0	0	0	0	0	0	0	0	0	0	0	0	0	0	0	0	0	
37140	Rectus_L	0	0	1546	0	5492	270	0	0	498	0	0	0	0	0	358	0	0	0	0	0	1226	414	458	0	1704	254	0	478	0	0	2848	180	0	0	0	0	0	0	0	0	0	0	0	0	0	0	0	0	0	0	0	0	0	0	0	0	0	0	0	0	0	0	0	0	0	0	0	0	0	0	1682	212	950	0	0	0	0	0	0	0	0	0	0	0	0	0	0	0	0	0	0	0	0	0	0	0	0	0	0	0	0	0	0	0	0	0	0	0	0	0	0	0	0	0	0	0	
80044	Rectus_R	0	0	0	184	0	10196	0	0	0	1236	0	0	0	0	0	1824	0	0	0	0	1332	3392	0	1376	0	6490	478	0	0	1052	262	2532	0	0	0	0	0	0	0	0	0	0	0	0	0	0	0	0	0	0	0	0	0	0	0	0	0	0	0	0	0	0	0	0	0	0	0	0	0	0	2200	3924	1662	1882	0	0	0	0	0	0	0	0	0	0	0	0	0	0	0	0	0	0	0	0	0	0	0	0	0	0	0	0	0	0	0	0	0	0	0	0	0	0	0	0	0	0	
760704	Insula_L	12684	0	48498	1266	2512	0	37262	0	1780	0	34064	0	47736	0	21622	0	17942	0	22338	1628	2362	0	7042	260	0	0	0	0	0	0	4250	352	522	172	296	252	9364	0	1394	0	1614	0	0	0	0	0	714	0	1512	0	5222	0	3492	0	5750	0	7770	0	706	0	1334	0	1462	0	114	0	398	0	176	0	3934	250	30408	0	238	0	708	0	9562	0	8380	0	3478	0	9116	0	0	0	8416	0	0	0	0	0	0	0	0	0	0	0	0	0	0	0	0	0	0	0	0	0	0	0	0	0	0	0	
267512	Insula_R	0	3124	158	12980	0	1002	0	6636	0	0	0	15698	0	13632	0	4350	0	10252	938	12088	0	1050	0	652	0	0	0	1052	0	0	112	1680	0	2162	0	0	0	6398	0	3586	0	448	0	0	0	0	0	0	0	0	0	0	0	2662	0	5642	0	1128	0	0	0	0	0	140	0	0	0	0	0	0	128	2022	0	20238	0	0	0	0	0	612	0	646	0	180	0	228	0	0	0	2132	0	0	0	0	0	0	0	0	0	0	0	0	0	0	0	0	0	0	0	0	0	0	0	0	0	0	
289944	Cingulum_Ant_L	3524	0	20590	5234	1922	598	9160	330	106	0	3240	0	2732	102	258	0	566	0	9254	1212	1596	1632	21716	5292	3460	1880	2848	262	4250	112	0	15460	5998	3564	184	0	222	0	0	0	0	0	0	0	0	0	0	0	0	0	0	0	0	0	0	0	1058	0	0	0	0	0	0	0	0	0	0	0	0	0	5618	3268	5100	1614	0	0	0	0	270	0	252	0	150	0	338	0	0	0	0	0	0	0	0	0	0	0	0	0	0	0	0	0	0	0	0	0	0	0	0	0	0	0	0	0	0	0	
391772	Cingulum_Ant_R	338	180	2306	33246	0	4900	570	3564	0	144	124	740	0	2278	0	226	0	0	5248	16672	764	1532	8456	30220	0	5224	180	2532	352	1680	15460	0	892	26690	0	0	0	0	0	0	0	0	0	0	0	0	0	0	0	0	0	0	0	0	0	0	0	0	0	0	0	0	0	0	0	0	0	0	0	0	2318	18374	1346	9330	0	0	0	0	0	0	0	0	0	0	0	0	0	0	0	0	0	0	0	0	0	0	0	0	0	0	0	0	0	0	0	0	0	0	0	0	0	0	0	0	0	0	
116396	Cingulum_Mid_L	348	0	4850	1270	0	0	688	0	0	0	230	0	544	0	0	0	0	0	9578	6454	0	0	1904	192	0	0	0	0	522	0	5998	892	0	7626	2776	0	0	0	0	0	0	0	130	302	346	934	0	0	798	416	1260	570	286	0	0	0	656	0	1230	0	396	0	0	0	0	0	1650	1372	2682	968	0	0	0	0	0	0	0	0	0	0	0	0	0	0	152	178	0	0	0	0	0	0	0	0	0	0	0	0	0	0	0	0	0	0	0	0	0	0	0	0	0	0	0	0	0	0	
568948	Cingulum_Mid_R	9646	1406	9300	35144	0	0	2744	9646	0	0	0	4624	0	6110	0	1092	0	0	17622	58042	0	0	5652	23508	0	0	0	0	172	2162	3564	26690	7626	0	5904	4188	0	108	0	0	0	0	0	2020	0	2994	0	656	0	374	136	236	0	336	0	332	292	5468	0	0	0	0	0	156	0	0	430	7414	8658	16500	1186	962	0	1136	0	0	0	0	0	0	0	0	0	0	102	136	0	0	0	0	0	0	0	0	0	0	0	0	0	0	0	0	0	0	0	0	0	0	0	0	0	0	0	0	0	0	
233316	Cingulum_Post_L	6192	1104	816	218	0	0	1576	0	0	0	0	0	0	0	0	0	0	0	2598	7390	0	0	0	0	0	0	0	0	296	0	184	0	2776	5904	0	11614	7108	3728	3148	960	0	0	3618	0	1684	0	1594	910	752	0	2188	0	1266	276	180	550	3598	2520	956	0	336	0	0	0	0	0	8326	2186	20198	5974	0	0	126	0	0	0	1066	246	0	0	0	0	0	0	1908	0	0	0	0	0	0	0	0	0	0	0	0	0	0	0	0	0	0	0	0	0	0	0	0	0	588	0	0	0	0	0	
163500	Cingulum_Post_R	2852	380	646	0	0	0	1024	0	0	0	0	0	0	0	0	0	0	0	758	2714	0	0	0	0	0	0	0	0	252	0	0	0	0	4188	11614	0	6206	6856	1868	1794	0	0	276	1096	0	0	0	6180	0	0	0	200	0	2372	112	2940	0	1790	0	0	0	0	0	0	0	0	1288	11488	2002	5146	0	0	124	0	0	0	2870	1444	0	0	0	0	0	0	0	258	0	0	0	244	0	0	0	0	0	0	0	0	0	0	0	0	0	0	0	0	0	0	0	0	768	0	0	0	0	0	
223896	Hippocampus_L	7254	0	2444	0	0	0	4190	0	0	0	770	0	936	0	0	0	910	0	818	0	270	0	130	0	0	0	0	0	9364	0	222	0	0	0	7108	6206	0	2532	10328	712	6612	0	1058	0	0	0	1362	770	576	0	1244	0	1240	0	13054	204	1612	0	0	0	0	0	0	0	0	0	2330	1220	0	0	186	0	7168	0	968	0	3538	314	660	0	1176	0	346	0	872	0	0	0	10672	0	0	0	0	0	0	0	0	0	0	0	0	0	0	0	0	0	0	0	0	0	572	0	0	0	0	0	
362816	Hippocampus_R	726	8146	230	11586	0	0	386	5558	0	0	0	6316	0	2810	0	0	0	728	0	6502	0	0	0	0	0	0	0	0	0	6398	0	0	0	108	3728	6856	2532	0	818	28392	0	5974	0	620	0	0	0	1836	0	0	0	100	0	6610	0	35976	0	738	0	0	0	0	0	0	0	0	160	3882	172	724	0	0	0	17760	0	0	1892	4210	0	0	0	0	0	336	0	576	0	0	0	7838	0	0	0	0	0	0	0	0	0	0	0	0	0	0	0	0	0	0	0	0	184	0	0	0	0	0	
86460	ParaHippocampal_L	816	0	186	0	0	0	210	0	0	0	0	0	0	0	136	0	0	0	0	0	512	0	0	0	0	0	0	0	1394	0	0	0	0	0	3148	1868	10328	818	0	106	2480	0	2406	0	264	0	1934	386	826	0	1940	0	1182	0	3202	0	814	0	0	0	0	0	0	0	0	0	3510	628	154	0	0	0	912	0	0	0	258	0	0	0	0	0	438	0	966	0	208	0	322	0	0	0	0	0	384	0	180	0	0	0	0	0	0	0	0	0	0	0	0	0	314	0	0	0	0	0	
223136	ParaHippocampal_R	164	2926	0	5038	0	0	0	3030	0	0	0	2302	0	734	0	0	0	426	0	3124	0	206	0	0	0	0	0	0	0	3586	0	0	0	0	960	1794	712	28392	106	0	0	5628	0	1630	0	0	0	1812	0	0	0	166	0	4342	0	26984	0	234	0	0	0	0	0	0	0	0	0	1518	0	208	0	0	0	8422	0	0	346	2184	0	0	0	0	0	1280	0	372	0	398	0	2378	0	0	0	0	0	0	0	0	0	166	0	0	0	0	0	0	0	0	0	0	0	0	0	0	0	0	
38296	Amygdala_L	0	0	0	0	0	0	0	0	0	0	0	0	0	0	0	0	0	0	0	0	420	0	0	0	0	0	0	0	1614	0	0	0	0	0	0	0	6612	0	2480	0	0	0	0	0	0	0	0	0	0	0	0	0	0	0	3926	0	0	0	0	0	0	0	0	0	0	0	0	0	0	0	0	0	1710	0	0	0	0	0	0	0	0	0	420	0	0	0	110	0	1856	0	0	0	0	0	0	0	0	0	0	0	0	0	0	0	0	0	0	0	0	0	0	0	0	0	0	0	
46932	Amygdala_R	0	0	0	0	0	0	0	0	0	0	0	0	0	0	0	0	0	0	0	0	0	266	0	0	0	0	0	0	0	448	0	0	0	0	0	0	0	5974	0	5628	0	0	0	0	0	0	0	0	0	0	0	0	0	0	0	7998	0	0	0	0	0	0	0	0	0	0	0	0	0	0	0	0	0	284	0	0	0	0	0	0	0	0	0	1980	0	0	0	288	0	600	0	0	0	0	0	0	0	0	0	0	0	0	0	0	0	0	0	0	0	0	0	0	0	0	0	0	
220748	Calcarine_L	430	0	0	0	0	0	0	0	0	0	0	0	0	0	0	0	0	0	0	0	0	0	0	0	0	0	0	0	0	0	0	0	130	0	3618	276	1058	0	2406	0	0	0	0	5254	13124	1680	14906	3594	10434	298	25334	170	5172	0	1162	0	1804	0	144	0	0	0	0	0	0	0	13700	832	1014	0	0	0	0	0	0	0	0	0	0	0	0	0	0	0	3834	0	0	0	0	0	0	0	0	0	0	0	0	0	0	0	0	0	0	0	0	0	0	0	0	0	0	0	0	0	0	0	
431512	Calcarine_R	224	878	198	172	0	0	0	272	0	0	0	162	0	0	0	0	0	0	140	1204	0	0	0	0	0	0	0	0	0	0	0	0	302	2020	0	1096	0	620	0	1630	0	0	5254	0	1136	30946	476	23200	0	28234	0	33654	0	6336	0	12612	0	4172	0	1992	0	184	0	0	0	912	2438	31980	312	3812	0	0	0	0	0	0	0	0	0	0	0	500	0	0	0	12088	0	0	0	6468	0	0	0	0	0	0	0	0	0	132	0	0	0	0	0	0	0	0	0	0	0	0	0	0	0	0	
160256	Cuneus_L	192	0	0	0	0	0	0	0	0	0	0	0	0	0	0	0	0	0	0	0	0	0	0	0	0	0	0	0	0	0	0	0	346	0	1684	0	0	0	264	0	0	0	13124	1136	0	3696	1494	168	23930	596	12064	0	158	0	122	0	720	0	5428	0	222	0	0	0	0	0	12368	748	392	0	0	0	0	0	0	0	0	0	0	0	0	0	0	0	1276	0	0	0	0	0	0	0	0	0	0	0	0	0	0	0	0	0	0	0	0	0	0	0	0	0	0	0	0	0	0	0	
286936	Cuneus_R	154	222	156	0	0	0	0	0	0	0	0	0	0	0	0	0	0	0	0	560	0	0	0	0	0	0	0	0	0	0	0	0	934	2994	0	0	0	0	0	0	0	0	1680	30946	3696	0	114	5018	0	35368	0	16694	0	1618	0	1842	0	1150	0	2028	0	0	0	0	0	250	4730	24288	128	2900	0	0	0	0	0	0	0	0	0	0	0	264	0	0	0	4614	0	0	0	1016	0	0	0	0	0	0	0	0	0	0	0	0	0	0	0	0	0	0	0	0	104	0	0	0	0	0	
214364	Lingual_L	1022	0	110	0	0	0	162	0	0	0	122	0	0	0	0	0	100	0	0	0	0	0	0	0	0	0	0	0	714	0	0	0	0	0	1594	0	1362	0	1934	0	0	0	14906	476	1494	114	0	1736	2378	134	24820	0	10826	0	8364	570	1028	0	138	0	0	0	0	0	0	0	4050	0	456	0	0	0	0	0	0	0	0	0	464	0	110	0	0	0	4012	0	0	0	418	0	1478	902	0	0	126	0	5578	942	6076	2006	0	0	0	0	0	0	0	0	0	122	3628	2284	324	0	0	102	
234208	Lingual_R	854	0	220	0	0	0	370	0	0	0	0	0	0	0	0	0	0	0	716	1460	0	0	0	0	0	0	0	0	0	0	0	0	0	656	910	6180	770	1836	386	1812	0	0	3594	23200	168	5018	1736	0	0	5280	0	5882	0	4102	0	14654	0	424	0	0	0	0	0	0	0	0	298	10380	912	2392	0	0	0	0	0	0	578	0	0	0	0	0	0	0	0	562	0	0	0	224	1268	1604	212	0	0	288	834	2010	2348	4400	0	0	0	0	0	0	0	0	0	0	3502	4348	716	0	0	0	
277024	Occipital_Sup_L	2188	0	260	0	0	0	304	0	0	0	130	0	0	0	0	0	444	0	0	0	0	0	0	0	0	0	0	0	1512	0	0	0	798	0	752	0	576	0	826	0	0	0	10434	0	23930	0	2378	0	0	0	41708	0	7972	0	1800	0	7228	0	12652	0	3260	0	178	0	648	0	9028	0	1538	0	0	0	0	0	0	0	0	0	622	0	336	0	0	0	6102	0	0	0	908	0	0	0	0	0	0	0	0	0	0	0	0	0	0	0	0	0	0	0	0	0	0	0	0	0	0	0	
285136	Occipital_Sup_R	0	912	0	318	0	0	0	538	0	0	0	364	0	0	0	0	0	0	0	200	0	0	0	0	0	0	0	0	0	0	0	0	416	374	0	0	0	0	0	0	0	0	298	28234	596	35368	134	5280	0	0	0	28690	0	876	0	2258	0	1460	0	4686	0	910	0	472	0	3112	2408	13726	0	602	0	0	0	0	0	0	0	0	0	0	0	1254	0	0	0	8024	0	0	0	1058	0	0	0	0	0	0	0	0	0	0	0	0	0	0	0	0	0	0	0	0	0	0	0	0	0	0	
617792	Occipital_Mid_L	10918	0	1200	0	0	0	1320	0	0	0	572	0	116	0	0	0	1186	0	0	182	0	0	0	0	0	0	0	0	5222	0	0	0	1260	136	2188	0	1244	0	1940	0	0	0	25334	0	12064	0	24820	0	41708	0	0	0	29250	0	8666	0	20064	160	19312	0	8834	0	632	0	10694	0	13492	0	8078	166	0	0	266	0	0	0	142	0	2752	0	1794	0	0	0	44384	0	0	0	8670	0	130	0	0	0	0	0	0	0	0	0	0	0	0	0	0	0	0	0	0	0	0	0	0	0	0	0	
362384	Occipital_Mid_R	0	1758	0	572	0	0	0	428	0	0	0	216	0	0	0	0	0	0	0	502	0	0	0	0	0	0	0	0	0	0	0	0	570	236	0	200	0	100	0	166	0	0	170	33654	0	16694	0	5882	0	28690	0	0	0	5640	0	4978	0	8976	0	3770	0	3412	0	572	0	11778	742	17532	0	4336	0	0	0	0	0	0	0	0	0	0	0	1728	0	0	0	22648	0	0	0	5242	0	0	0	0	0	0	0	0	0	0	0	0	0	0	0	0	0	0	0	0	0	0	0	0	0	0	
209844	Occipital_Inf_L	3622	0	554	0	0	0	698	0	0	0	290	0	138	0	0	0	694	0	0	0	0	0	0	0	0	0	0	0	3492	0	0	0	286	0	1266	0	1240	0	1182	0	0	0	5172	0	158	0	10826	0	7972	0	29250	0	0	0	10344	0	6264	0	1952	0	304	0	0	0	0	0	1566	0	1070	0	0	0	236	0	0	0	110	0	1382	0	526	0	0	0	10038	0	0	0	3368	0	348	0	0	0	0	0	222	0	352	0	0	0	0	0	0	0	0	0	0	0	0	0	0	0	0	0	
154260	Occipital_Inf_R	0	3260	0	1774	0	0	0	1480	0	0	0	700	0	184	0	0	0	352	0	1340	0	0	0	0	0	0	0	0	0	2662	0	0	0	336	276	2372	0	6610	0	4342	0	0	0	6336	0	1618	0	4102	0	876	0	5640	0	0	0	18380	0	1456	0	0	0	0	0	0	0	0	0	4988	0	980	0	0	0	2130	0	0	0	0	0	0	0	0	0	0	0	1504	0	0	0	3432	0	0	0	0	0	0	0	0	0	0	0	0	0	0	0	0	0	0	0	0	0	0	0	0	0	0	
288512	Fusiform_L	698	0	372	0	0	0	498	0	0	0	234	0	394	0	0	0	384	0	252	0	0	0	0	0	0	0	0	0	5750	0	0	0	0	0	180	112	13054	0	3202	0	3926	0	1162	0	122	0	8364	0	1800	0	8666	0	10344	0	0	0	928	0	270	0	0	0	0	0	0	0	542	0	226	0	0	0	2430	0	0	0	310	0	224	0	2182	0	2284	0	6240	0	2620	0	20422	0	10052	212	654	0	724	0	11596	0	20022	310	304	0	552	0	0	0	0	0	0	0	936	702	0	0	0	0	
442560	Fusiform_R	162	5122	0	5720	0	0	0	4030	0	0	0	5344	0	2338	0	0	0	630	0	3260	0	0	0	0	0	0	0	0	0	5642	0	0	0	332	550	2940	204	35976	0	26984	0	7998	0	12612	0	1842	570	14654	0	2258	0	4978	0	18380	0	0	0	1246	0	0	0	0	0	0	0	0	0	4340	0	824	0	0	0	13954	0	0	254	1800	0	0	0	0	0	5062	0	1300	0	3190	0	10874	586	2192	178	0	0	0	448	2312	900	5110	0	0	0	0	0	0	0	0	0	0	1604	2276	304	0	0	0	
394196	Postcentral_L	28986	0	1730	254	0	0	2116	0	0	0	3166	0	126	0	0	0	12020	0	206	306	0	0	0	0	0	0	0	0	7770	0	1058	0	656	292	3598	0	1612	0	814	0	0	0	1804	0	720	0	1028	0	7228	0	20064	0	6264	0	928	0	0	0	12020	0	19880	0	8120	0	3938	0	6742	0	7978	0	0	0	1760	0	164	0	864	0	6026	0	6986	0	0	0	16194	0	0	0	3680	0	0	0	0	0	0	0	0	0	0	0	0	0	0	0	0	0	0	0	0	0	0	0	0	0	0	0	
273692	Postcentral_R	2808	14926	266	4266	0	0	266	3098	0	0	0	2668	0	0	0	0	0	4364	392	10432	0	0	0	0	0	0	0	0	0	1128	0	0	0	5468	2520	1790	0	738	0	234	0	0	0	4172	0	1150	0	424	0	1460	160	8976	0	1456	0	1246	0	0	0	6030	0	6702	0	12052	0	694	0	9302	3614	14566	0	692	0	382	0	0	0	0	0	116	0	1122	0	0	112	4514	0	0	0	2540	0	0	0	0	0	0	0	0	0	0	0	0	0	0	0	0	0	0	0	0	0	0	0	0	0	0	
193204	Parietal_Sup_L	2330	0	0	0	0	0	106	0	0	0	0	0	0	0	0	0	126	0	0	0	0	0	0	0	0	0	0	0	706	0	0	0	1230	0	956	0	0	0	0	0	0	0	144	0	5428	0	138	0	12652	0	19312	0	1952	0	270	0	12020	0	0	0	14088	0	0	0	1356	0	12444	0	3198	0	0	0	0	0	0	0	0	0	210	0	188	0	0	0	5886	0	0	0	1862	0	0	0	0	0	0	0	0	0	0	0	0	0	0	0	0	0	0	0	0	0	0	0	0	0	0	0	
75468	Parietal_Sup_R	0	714	0	0	0	0	0	0	0	0	0	0	0	0	0	0	0	0	0	0	0	0	0	0	0	0	0	0	0	0	0	0	0	0	0	0	0	0	0	0	0	0	0	1992	0	2028	0	0	0	4686	0	3770	0	0	0	0	0	6030	0	0	0	3218	0	478	0	754	658	10322	0	1738	0	0	0	0	0	0	0	0	0	0	0	0	0	0	0	1078	0	0	0	268	0	0	0	0	0	0	0	0	0	0	0	0	0	0	0	0	0	0	0	0	0	0	0	0	0	0	
160712	Parietal_Inf_L	4480	0	510	0	0	0	494	0	0	0	204	0	0	0	0	0	3008	0	0	0	0	0	0	0	0	0	0	0	1334	0	0	0	396	0	336	0	0	0	0	0	0	0	0	0	222	0	0	0	3260	0	8834	0	304	0	0	0	19880	0	14088	0	0	0	5900	0	6824	0	170	0	872	0	0	0	0	0	0	0	0	0	826	0	2502	0	0	0	4402	0	0	0	1510	0	0	0	0	0	0	0	0	0	0	0	0	0	0	0	0	0	0	0	0	0	0	0	0	0	0	0	
73848	Parietal_Inf_R	0	450	0	592	0	0	0	632	0	0	0	370	0	0	0	0	0	0	0	418	0	0	0	0	0	0	0	0	0	0	0	0	0	0	0	0	0	0	0	0	0	0	0	184	0	0	0	0	0	910	0	3412	0	0	0	0	0	6702	0	3218	0	0	0	9468	0	8862	0	218	0	0	0	128	0	0	0	0	0	0	0	0	0	240	0	0	0	308	0	0	0	812	0	0	0	0	0	0	0	0	0	0	0	0	0	0	0	0	0	0	0	0	0	0	0	0	0	0	
83176	SupraMarginal_L	1948	0	0	0	0	0	106	0	0	0	190	0	0	0	0	0	4056	0	0	0	0	0	0	0	0	0	0	0	1462	0	0	0	0	0	0	0	0	0	0	0	0	0	0	0	0	0	0	0	178	0	632	0	0	0	0	0	8120	0	0	0	5900	0	0	0	2714	0	0	0	0	0	0	0	0	0	0	0	0	0	2070	0	6358	0	0	0	5728	0	0	0	2126	0	0	0	0	0	0	0	0	0	0	0	0	0	0	0	0	0	0	0	0	0	0	0	0	0	0	0	
93960	SupraMarginal_R	0	3436	0	418	0	0	0	1732	0	0	0	1718	0	0	0	0	0	2666	0	432	0	0	0	0	0	0	0	0	0	140	0	0	0	156	0	0	0	0	0	0	0	0	0	0	0	0	0	0	0	472	0	572	0	0	0	0	0	12052	0	478	0	9468	0	0	0	5446	0	0	0	200	0	148	0	0	0	0	0	0	0	204	0	5420	0	0	0	1560	0	0	0	262	0	0	0	0	0	0	0	0	0	0	0	0	0	0	0	0	0	0	0	0	0	0	0	0	0	0	
83564	Angular_L	372	0	0	0	0	0	0	0	0	0	0	0	0	0	0	0	418	0	0	0	0	0	0	0	0	0	0	0	114	0	0	0	0	0	0	0	0	0	0	0	0	0	0	0	0	0	0	0	648	0	10694	0	0	0	0	0	3938	0	1356	0	6824	0	2714	0	0	0	422	0	524	0	0	0	0	0	0	0	0	0	146	0	1630	0	0	0	9706	0	0	0	2276	0	0	0	0	0	0	0	0	0	0	0	0	0	0	0	0	0	0	0	0	0	0	0	0	0	0	0	
77888	Angular_R	0	224	0	378	0	0	0	120	0	0	0	0	0	0	0	0	0	0	0	346	0	0	0	0	0	0	0	0	0	0	0	0	0	0	0	0	0	0	0	0	0	0	0	912	0	250	0	0	0	3112	0	11778	0	0	0	0	0	694	0	754	0	8862	0	5446	0	0	0	174	0	0	0	0	0	0	0	0	0	0	0	0	0	1532	0	0	0	3708	0	0	0	654	0	0	0	0	0	0	0	0	0	0	0	0	0	0	0	0	0	0	0	0	0	0	0	0	0	0	
256844	Precuneus_L	1292	0	100	0	0	0	0	0	0	0	0	0	0	0	0	0	0	0	0	0	0	0	0	0	0	0	0	0	398	0	0	0	1650	430	8326	1288	2330	160	3510	0	0	0	13700	2438	12368	4730	4050	298	9028	2408	13492	742	1566	0	542	0	6742	0	12444	658	170	0	0	0	422	0	0	6388	9154	188	0	0	0	0	0	0	0	0	184	0	0	0	0	0	6246	164	0	0	598	0	0	0	0	0	0	0	0	0	0	0	0	0	0	0	0	0	0	0	0	0	218	0	0	0	0	0	
394292	Precuneus_R	782	1188	498	194	0	0	172	146	0	0	0	0	0	0	0	0	0	0	746	3430	0	0	0	0	0	0	0	0	0	0	0	0	1372	7414	2186	11488	1220	3882	628	1518	0	0	832	31980	748	24288	0	10380	0	13726	0	17532	0	4988	0	4340	0	9302	0	10322	0	218	0	0	0	174	6388	0	1358	13478	0	0	0	0	0	0	224	0	0	0	0	356	0	0	0	5934	0	0	0	2952	0	0	0	0	0	0	0	0	0	0	0	0	0	0	0	0	0	0	0	0	762	0	0	0	0	0	
253364	Paracentral_Lobule_L	12644	1660	2086	502	0	0	1350	0	0	0	0	0	0	0	0	0	0	0	6564	12580	0	0	0	0	0	0	0	0	176	0	0	0	2682	8658	20198	2002	0	172	154	0	0	0	1014	312	392	128	456	912	1538	0	8078	0	1070	0	226	0	7978	3614	3198	0	872	0	0	0	524	0	9154	1358	0	9258	0	0	0	0	0	0	0	0	100	0	180	0	0	0	4342	0	0	0	550	0	0	0	0	0	0	0	0	0	0	0	0	0	0	0	0	0	0	0	0	0	0	0	0	0	0	0	
249412	Paracentral_Lobule_R	6572	4640	2340	138	0	0	1280	226	0	0	0	238	0	0	0	0	0	0	2082	19082	0	0	0	0	0	0	0	0	0	0	0	0	968	16500	5974	5146	0	724	0	208	0	0	0	3812	0	2900	0	2392	0	602	166	4336	0	980	0	824	0	14566	0	1738	0	0	0	200	0	0	188	13478	9258	0	0	0	0	0	0	0	0	0	0	0	0	170	0	0	114	2006	0	0	0	858	0	0	0	0	0	0	0	0	0	0	0	0	0	0	0	0	0	0	0	0	0	0	0	0	0	0	
273848	Caudate_L	12956	282	9058	7034	258	1578	10678	414	0	100	350	106	782	0	666	626	202	154	6218	8798	5076	7732	858	258	454	276	1682	2200	3934	128	5618	2318	0	1186	0	0	186	0	0	0	0	0	0	0	0	0	0	0	0	0	0	0	0	0	0	0	0	0	0	0	0	0	0	0	0	0	0	0	0	0	0	13590	13566	2134	2878	640	11606	224	0	0	120	0	0	0	0	0	0	0	0	0	0	0	0	0	0	0	0	0	0	0	0	0	0	0	0	0	0	0	0	0	0	0	0	0	0	0	
337288	Caudate_R	0	2360	174	18776	0	7024	0	1988	0	2368	0	0	0	1310	0	2320	0	0	498	21690	1750	6662	0	10676	0	6284	212	3924	250	2022	3268	18374	0	962	0	0	0	0	0	0	0	0	0	0	0	0	0	0	0	0	0	0	0	0	0	0	0	692	0	0	0	128	0	148	0	0	0	0	0	0	13590	0	3968	22304	524	1644	156	12598	0	0	0	0	0	0	0	0	0	0	0	0	0	0	0	0	0	0	0	0	0	0	0	0	0	0	0	0	0	0	0	0	0	0	0	0	0	0	
378420	Putamen_L	9858	0	27056	690	3976	1162	10766	0	1278	0	3568	0	7516	0	9242	492	946	0	15024	672	3308	4522	1610	0	570	230	950	1662	30408	0	5100	1346	0	0	126	124	7168	0	912	0	1710	0	0	0	0	0	0	0	0	0	266	0	236	0	2430	0	1760	0	0	0	0	0	0	0	0	0	0	0	0	0	13566	3968	0	1096	5888	204	3318	0	368	0	1142	0	614	0	200	0	0	0	2162	0	0	0	0	0	0	0	0	0	0	0	0	0	0	0	0	0	0	0	0	0	0	0	0	0	0	0	
401844	Putamen_R	0	1756	0	18968	0	5126	0	7472	0	2008	0	12908	0	8586	0	2238	0	1996	258	16170	488	1968	0	6838	0	4676	0	1882	0	20238	1614	9330	0	1136	0	0	0	17760	0	8422	0	284	0	0	0	0	0	0	0	0	0	0	0	2130	0	13954	0	382	0	0	0	0	0	0	0	0	0	0	0	0	2134	22304	1096	0	208	2104	0	888	0	0	0	0	0	0	0	0	0	0	0	3600	0	0	0	0	0	0	0	0	0	0	0	0	0	0	0	0	0	0	0	0	0	0	0	0	0	0	
52504	Pallidum_L	4466	0	2742	0	0	0	3102	0	0	0	120	0	0	0	0	0	210	0	1902	0	0	432	0	0	0	0	0	0	238	0	0	0	0	0	0	0	968	0	0	0	0	0	0	0	0	0	0	0	0	0	0	0	0	0	0	0	164	0	0	0	0	0	0	0	0	0	0	0	0	0	2878	524	5888	208	0	132	2128	0	0	0	150	0	0	0	0	0	0	0	0	0	0	0	0	0	0	0	0	0	0	0	0	0	0	0	0	0	0	0	0	0	0	0	0	0	0	0	
19868	Pallidum_R	0	150	0	1372	0	0	0	972	0	0	0	180	0	138	0	0	0	0	0	1964	0	434	0	0	0	0	0	0	0	0	0	0	0	0	0	0	0	0	0	0	0	0	0	0	0	0	0	0	0	0	0	0	0	0	0	0	0	0	0	0	0	0	0	0	0	0	0	0	0	0	640	1644	204	2104	132	0	0	0	0	0	0	0	0	0	0	0	0	0	0	0	0	0	0	0	0	0	0	0	0	0	0	0	0	0	0	0	0	0	0	0	0	0	0	0	0	0	
154556	Thalamus_L	21818	858	3724	750	0	0	15006	350	0	0	152	0	0	0	0	0	274	0	124	1244	0	0	0	0	0	0	0	0	708	0	0	0	0	0	1066	2870	3538	1892	258	346	0	0	0	0	0	0	0	578	0	0	142	0	110	0	310	254	864	0	0	0	0	0	0	0	0	0	0	224	0	0	11606	156	3318	0	2128	0	0	2340	0	0	0	0	0	0	138	0	0	0	132	0	0	0	0	0	0	0	0	0	0	0	0	0	0	0	0	0	0	0	0	0	0	0	0	0	0	0	
109120	Thalamus_R	336	3434	0	12698	0	0	310	1518	0	0	0	268	0	0	0	0	0	0	0	9748	0	0	0	0	0	0	0	0	0	0	0	0	0	0	246	1444	314	4210	0	2184	0	0	0	0	0	0	0	0	0	0	0	0	0	0	0	1800	0	0	0	0	0	0	0	0	0	0	0	0	0	0	224	12598	0	888	0	0	2340	0	0	0	0	0	0	0	0	0	0	0	0	0	0	0	0	0	0	0	0	0	0	0	0	0	0	0	0	0	0	0	0	0	0	0	0	0	0	0	
109756	Heschl_L	6768	0	556	0	0	0	1338	0	0	0	2060	0	0	0	0	0	6272	0	152	0	0	0	0	0	0	0	0	0	9562	0	270	0	0	0	0	0	660	0	0	0	0	0	0	0	0	0	464	0	622	0	2752	0	1382	0	224	0	6026	0	210	0	826	0	2070	0	146	0	184	0	100	0	0	0	368	0	0	0	0	0	0	0	3820	0	0	0	6698	0	0	0	1348	0	0	0	0	0	0	0	0	0	0	0	0	0	0	0	0	0	0	0	0	0	0	0	0	0	0	0	
12924	Heschl_R	0	498	0	0	0	0	0	134	0	0	0	0	0	0	0	0	0	256	0	138	0	0	0	0	0	0	0	0	0	612	0	0	0	0	0	0	0	0	0	0	0	0	0	0	0	0	0	0	0	0	0	0	0	0	0	0	0	116	0	0	0	0	0	204	0	0	0	0	0	0	0	0	0	0	0	0	0	0	0	0	0	4056	0	0	0	202	0	0	0	246	0	0	0	0	0	0	0	0	0	0	0	0	0	0	0	0	0	0	0	0	0	0	0	0	0	0	
200040	Temporal_Sup_L	6464	0	3174	0	0	0	1504	0	0	0	2270	0	0	0	0	0	10652	0	1932	0	0	0	0	0	0	0	0	0	8380	0	252	0	0	0	0	0	1176	0	0	0	0	0	0	0	0	0	110	0	336	0	1794	0	526	0	2182	0	6986	0	188	0	2502	0	6358	0	1630	0	0	0	180	0	120	0	1142	0	150	0	0	0	3820	0	0	0	2278	0	23182	0	0	0	10732	0	0	0	0	0	0	0	0	0	0	0	0	0	0	0	0	0	0	0	0	0	0	0	0	0	0	0	
67676	Temporal_Sup_R	0	2646	0	428	0	0	0	1074	0	0	0	456	0	0	0	0	0	2320	0	1128	0	0	0	0	0	0	0	0	0	646	0	0	0	0	0	0	0	0	0	0	0	0	0	500	0	264	0	0	0	1254	0	1728	0	0	0	0	0	1122	0	0	0	240	0	5420	0	1532	0	356	0	170	0	0	0	0	0	0	0	0	0	4056	0	0	0	702	0	6800	0	128	0	868	0	0	0	0	0	0	0	0	0	0	0	0	0	0	0	0	0	0	0	0	0	0	0	0	0	0	
80068	Temporal_Pole_Sup_L	0	0	1574	0	0	0	1032	0	0	0	2572	0	2288	0	632	0	0	0	538	0	524	0	630	0	0	0	0	0	3478	0	150	0	0	0	0	0	346	0	438	0	420	0	0	0	0	0	0	0	0	0	0	0	0	0	2284	0	0	0	0	0	0	0	0	0	0	0	0	0	0	0	0	0	614	0	0	0	0	0	0	0	2278	0	0	0	8388	0	3236	0	8612	0	0	0	0	0	0	0	0	0	0	0	0	0	0	0	0	0	0	0	0	0	0	0	0	0	0	0	
29012	Temporal_Pole_Sup_R	0	0	0	0	0	0	0	0	0	0	0	0	0	0	0	0	0	242	0	0	0	0	0	0	0	0	0	0	0	180	0	0	0	0	0	0	0	336	0	1280	0	1980	0	0	0	0	0	0	0	0	0	0	0	0	0	5062	0	0	0	0	0	0	0	0	0	0	0	0	0	0	0	0	0	0	0	0	0	0	0	0	0	702	0	0	0	152	0	2860	0	1712	0	0	0	0	0	0	0	0	0	0	0	0	0	0	0	0	0	0	0	0	0	0	0	0	0	0	
504748	Temporal_Mid_L	15206	0	1944	0	0	0	1730	0	0	0	1268	0	0	0	0	0	6682	0	174	120	0	0	0	0	0	0	0	0	9116	0	338	0	152	102	1908	0	872	0	966	0	0	0	3834	0	1276	0	4012	0	6102	0	44384	0	10038	0	6240	0	16194	112	5886	0	4402	0	5728	0	9706	0	6246	0	4342	114	0	0	200	0	0	0	138	0	6698	0	23182	0	8388	0	0	0	3528	0	40944	0	102	0	0	0	0	0	0	0	0	0	0	0	0	0	0	0	0	0	0	0	0	0	0	0	0	0	
195852	Temporal_Mid_R	0	1624	0	622	0	0	0	1344	0	0	0	0	0	0	0	0	0	0	0	320	0	0	0	0	0	0	0	0	0	228	0	0	178	136	0	258	0	576	0	372	0	0	0	12088	0	4614	0	562	0	8024	0	22648	0	1504	0	1300	0	4514	0	1078	0	308	0	1560	0	3708	164	5934	0	2006	0	0	0	0	0	0	0	0	0	202	0	6800	0	152	0	0	0	144	0	14958	0	0	0	0	0	0	0	0	0	0	0	0	0	0	0	0	0	0	0	0	0	0	0	0	0	0	
27028	Temporal_Pole_Mid_L	0	0	0	0	0	0	0	0	0	0	0	0	0	0	0	0	0	0	0	0	0	0	0	0	0	0	0	0	0	0	0	0	0	0	0	0	0	0	208	0	110	0	0	0	0	0	0	0	0	0	0	0	0	0	2620	0	0	0	0	0	0	0	0	0	0	0	0	0	0	0	0	0	0	0	0	0	0	0	0	0	0	0	3236	0	3528	0	0	0	3812	0	0	0	0	0	0	0	0	0	0	0	0	0	0	0	0	0	0	0	0	0	0	0	0	0	0	0	
16840	Temporal_Pole_Mid_R	0	0	0	0	0	0	0	0	0	0	0	0	0	0	0	0	0	0	0	0	0	0	0	0	0	0	0	0	0	0	0	0	0	0	0	0	0	0	0	398	0	288	0	0	0	0	0	0	0	0	0	0	0	0	0	3190	0	0	0	0	0	0	0	0	0	0	0	0	0	0	0	0	0	0	0	0	0	0	0	0	0	128	0	2860	0	144	0	0	0	1412	0	0	0	0	0	0	0	0	0	0	0	0	0	0	0	0	0	0	0	0	0	0	0	0	0	0	
290516	Temporal_Inf_L	1298	0	510	0	0	0	698	0	0	0	428	0	620	0	0	0	1068	0	368	0	0	0	0	0	0	0	0	0	8416	0	0	0	0	0	0	0	10672	0	322	0	1856	0	0	0	0	0	418	0	908	0	8670	0	3368	0	20422	0	3680	0	1862	0	1510	0	2126	0	2276	0	598	0	550	0	0	0	2162	0	0	0	132	0	1348	0	10732	0	8612	0	40944	0	3812	0	0	0	2656	0	542	0	0	0	158	0	952	0	250	0	314	0	0	0	0	0	0	0	0	0	0	0	0	0	
159260	Temporal_Inf_R	0	1268	0	1280	0	0	0	2170	0	0	0	1254	0	282	0	0	0	334	0	394	0	0	0	0	0	0	0	0	0	2132	0	0	0	0	0	244	0	7838	0	2378	0	600	0	6468	0	1016	0	224	0	1058	0	5242	0	3432	0	10874	0	2540	0	268	0	812	0	262	0	654	0	2952	0	858	0	0	0	3600	0	0	0	0	0	246	0	868	0	1712	0	14958	0	1412	0	0	0	0	0	0	0	0	0	0	0	0	0	0	0	0	0	0	0	0	0	0	0	0	0	0	0	0	
272124	Cerebelum_Crus1_L	0	0	0	0	0	0	0	0	0	0	0	0	0	0	0	0	0	0	0	0	0	0	0	0	0	0	0	0	0	0	0	0	0	0	0	0	0	0	0	0	0	0	0	0	0	0	1478	1268	0	0	130	0	348	0	10052	586	0	0	0	0	0	0	0	0	0	0	0	0	0	0	0	0	0	0	0	0	0	0	0	0	0	0	0	0	102	0	0	0	2656	0	0	3554	20102	894	534	0	8778	140	40070	3616	9244	0	15100	252	2232	198	816	0	380	526	2034	5792	3948	730	502	0	
395492	Cerebelum_Crus1_R	0	0	0	0	0	0	0	0	0	0	0	0	0	0	0	0	0	0	0	0	0	0	0	0	0	0	0	0	0	0	0	0	0	0	0	0	0	0	0	0	0	0	0	0	0	0	902	1604	0	0	0	0	0	0	212	2192	0	0	0	0	0	0	0	0	0	0	0	0	0	0	0	0	0	0	0	0	0	0	0	0	0	0	0	0	0	0	0	0	0	0	3554	0	828	25846	0	4368	2148	24110	5068	55008	0	3926	0	18654	0	1136	0	0	206	3080	13732	13848	13636	2572	928	188	
225400	Cerebelum_Crus2_L	0	0	0	0	0	0	0	0	0	0	0	0	0	0	0	0	0	0	0	0	0	0	0	0	0	0	0	0	0	0	0	0	0	0	0	0	0	0	0	0	0	0	0	0	0	0	0	212	0	0	0	0	0	0	654	178	0	0	0	0	0	0	0	0	0	0	0	0	0	0	0	0	0	0	0	0	0	0	0	0	0	0	0	0	0	0	0	0	542	0	20102	828	0	3780	0	0	384	0	948	518	32894	2232	32672	2872	4674	0	948	0	0	0	190	450	3612	4010	0	0	
187908	Cerebelum_Crus2_R	0	0	0	0	0	0	0	0	0	0	0	0	0	0	0	0	0	0	0	0	0	0	0	0	0	0	0	0	0	0	0	0	0	0	0	0	0	0	0	0	0	0	0	0	0	0	0	0	0	0	0	0	0	0	0	0	0	0	0	0	0	0	0	0	0	0	0	0	0	0	0	0	0	0	0	0	0	0	0	0	0	0	0	0	0	0	0	0	0	0	894	25846	3780	0	0	364	370	2522	570	6134	1588	12250	234	18684	0	1500	0	0	0	472	2176	900	9950	4488	1072	160	
31876	Cerebelum_3_L	0	0	0	0	0	0	0	0	0	0	0	0	0	0	0	0	0	0	0	0	0	0	0	0	0	0	0	0	0	0	0	0	0	0	0	0	0	0	384	0	0	0	0	0	0	0	126	0	0	0	0	0	0	0	724	0	0	0	0	0	0	0	0	0	0	0	0	0	0	0	0	0	0	0	0	0	0	0	0	0	0	0	0	0	0	0	0	0	0	0	534	0	0	0	0	0	7482	0	2282	0	0	0	0	0	682	0	0	0	906	1818	1000	0	0	0	0	0	
46948	Cerebelum_3_R	0	0	0	0	0	0	0	0	0	0	0	0	0	0	0	0	0	0	0	0	0	0	0	0	0	0	0	0	0	0	0	0	0	0	0	0	0	0	0	0	0	0	0	0	0	0	0	288	0	0	0	0	0	0	0	0	0	0	0	0	0	0	0	0	0	0	0	0	0	0	0	0	0	0	0	0	0	0	0	0	0	0	0	0	0	0	0	0	0	0	0	4368	0	364	0	0	0	5820	0	6686	0	0	0	604	0	262	0	0	332	3828	922	0	0	0	0	0	
205748	Cerebelum_4_5_L	0	0	0	0	0	0	0	0	0	0	0	0	0	0	0	0	0	0	0	0	0	0	0	0	0	0	0	0	0	0	0	0	0	0	0	0	0	0	180	0	0	0	0	0	0	0	5578	834	0	0	0	0	222	0	11596	448	0	0	0	0	0	0	0	0	0	0	0	0	0	0	0	0	0	0	0	0	0	0	0	0	0	0	0	0	0	0	0	0	158	0	8778	2148	384	370	7482	0	0	1852	26532	3994	0	0	816	388	3776	1186	124	0	1552	2856	14528	3746	270	622	1012	1442	
187036	Cerebelum_4_5_R	0	0	0	0	0	0	0	0	0	0	0	0	0	0	0	0	0	0	0	0	0	0	0	0	0	0	0	0	0	0	0	0	0	0	0	0	0	0	0	0	0	0	0	0	0	0	942	2010	0	0	0	0	0	0	0	2312	0	0	0	0	0	0	0	0	0	0	0	0	0	0	0	0	0	0	0	0	0	0	0	0	0	0	0	0	0	0	0	0	0	0	140	24110	0	2522	0	5820	1852	0	942	30388	0	0	0	2766	0	112	0	124	0	2744	13292	1844	1262	158	0	178	
294292	Cerebelum_6_L	0	0	0	0	0	0	0	0	0	0	0	0	0	0	0	0	0	0	0	0	0	0	0	0	0	0	0	0	0	0	0	0	0	0	0	0	0	0	0	0	0	0	0	0	0	0	6076	2348	0	0	0	0	352	0	20022	900	0	0	0	0	0	0	0	0	0	0	0	0	0	0	0	0	0	0	0	0	0	0	0	0	0	0	0	0	0	0	0	0	952	0	40070	5068	948	570	2282	0	26532	942	0	6350	2644	0	2234	234	1622	812	162	0	834	1176	8426	9798	2418	1540	1470	364	
369224	Cerebelum_6_R	0	0	0	0	0	0	0	0	0	0	0	0	0	0	0	0	0	0	0	0	0	0	0	0	0	0	0	0	0	0	0	0	0	0	0	0	0	0	0	166	0	0	0	132	0	0	2006	4400	0	0	0	0	0	0	310	5110	0	0	0	0	0	0	0	0	0	0	0	0	0	0	0	0	0	0	0	0	0	0	0	0	0	0	0	0	0	0	0	0	0	0	3616	55008	518	6134	0	6686	3994	30388	6350	0	0	218	0	6866	442	564	0	212	190	3630	17626	17170	9994	1816	748	318	
182224	Cerebelum_7b_L	0	0	0	0	0	0	0	0	0	0	0	0	0	0	0	0	0	0	0	0	0	0	0	0	0	0	0	0	0	0	0	0	0	0	0	0	0	0	0	0	0	0	0	0	0	0	0	0	0	0	0	0	0	0	304	0	0	0	0	0	0	0	0	0	0	0	0	0	0	0	0	0	0	0	0	0	0	0	0	0	0	0	0	0	0	0	0	0	250	0	9244	0	32894	1588	0	0	0	0	2644	0	0	1252	31968	2410	3902	0	260	0	0	0	0	0	832	3564	0	0	
61680	Cerebelum_7b_R	0	0	0	0	0	0	0	0	0	0	0	0	0	0	0	0	0	0	0	0	0	0	0	0	0	0	0	0	0	0	0	0	0	0	0	0	0	0	0	0	0	0	0	0	0	0	0	0	0	0	0	0	0	0	0	0	0	0	0	0	0	0	0	0	0	0	0	0	0	0	0	0	0	0	0	0	0	0	0	0	0	0	0	0	0	0	0	0	0	0	0	3926	2232	12250	0	0	0	0	0	218	1252	0	0	6380	0	194	0	0	0	0	0	0	1966	2298	124	0	
205984	Cerebelum_8_L	0	0	0	0	0	0	0	0	0	0	0	0	0	0	0	0	0	0	0	0	0	0	0	0	0	0	0	0	0	0	0	0	0	0	0	0	0	0	0	0	0	0	0	0	0	0	0	0	0	0	0	0	0	0	552	0	0	0	0	0	0	0	0	0	0	0	0	0	0	0	0	0	0	0	0	0	0	0	0	0	0	0	0	0	0	0	0	0	314	0	15100	0	32672	234	0	0	816	0	2234	0	31968	0	0	2036	10414	0	1944	0	0	0	416	278	574	2986	454	0	
168064	Cerebelum_8_R	0	0	0	0	0	0	0	0	0	0	0	0	0	0	0	0	0	0	0	0	0	0	0	0	0	0	0	0	0	0	0	0	0	0	0	0	0	0	0	0	0	0	0	0	0	0	0	0	0	0	0	0	0	0	0	0	0	0	0	0	0	0	0	0	0	0	0	0	0	0	0	0	0	0	0	0	0	0	0	0	0	0	0	0	0	0	0	0	0	0	252	18654	2872	18684	0	604	388	2766	234	6866	2410	6380	2036	0	0	5448	0	0	182	820	2516	898	4634	5780	1608	0	
73244	Cerebelum_9_L	0	0	0	0	0	0	0	0	0	0	0	0	0	0	0	0	0	0	0	0	0	0	0	0	0	0	0	0	0	0	0	0	0	0	0	0	0	0	0	0	0	0	0	0	0	0	0	0	0	0	0	0	0	0	0	0	0	0	0	0	0	0	0	0	0	0	0	0	0	0	0	0	0	0	0	0	0	0	0	0	0	0	0	0	0	0	0	0	0	0	2232	0	4674	0	682	0	3776	0	1622	442	3902	0	10414	0	0	328	3256	0	0	112	2208	1284	0	584	630	476	
44792	Cerebelum_9_R	0	0	0	0	0	0	0	0	0	0	0	0	0	0	0	0	0	0	0	0	0	0	0	0	0	0	0	0	0	0	0	0	0	0	0	0	0	0	0	0	0	0	0	0	0	0	0	0	0	0	0	0	0	0	0	0	0	0	0	0	0	0	0	0	0	0	0	0	0	0	0	0	0	0	0	0	0	0	0	0	0	0	0	0	0	0	0	0	0	0	198	1136	0	1500	0	262	1186	112	812	564	0	194	0	5448	328	0	0	586	144	242	1496	2136	624	1542	2508	1378	
15020	Cerebelum_10_L	0	0	0	0	0	0	0	0	0	0	0	0	0	0	0	0	0	0	0	0	0	0	0	0	0	0	0	0	0	0	0	0	0	0	0	0	0	0	0	0	0	0	0	0	0	0	0	0	0	0	0	0	0	0	0	0	0	0	0	0	0	0	0	0	0	0	0	0	0	0	0	0	0	0	0	0	0	0	0	0	0	0	0	0	0	0	0	0	0	0	816	0	948	0	0	0	124	0	162	0	260	0	1944	0	3256	0	0	0	0	0	0	0	0	0	0	0	
1844	Cerebelum_10_R	0	0	0	0	0	0	0	0	0	0	0	0	0	0	0	0	0	0	0	0	0	0	0	0	0	0	0	0	0	0	0	0	0	0	0	0	0	0	0	0	0	0	0	0	0	0	0	0	0	0	0	0	0	0	0	0	0	0	0	0	0	0	0	0	0	0	0	0	0	0	0	0	0	0	0	0	0	0	0	0	0	0	0	0	0	0	0	0	0	0	0	0	0	0	0	0	0	124	0	212	0	0	0	0	0	586	0	0	0	0	0	0	0	0	0	0	
24096	Vermis_1_2	0	0	0	0	0	0	0	0	0	0	0	0	0	0	0	0	0	0	0	0	0	0	0	0	0	0	0	0	0	0	0	0	0	0	0	0	0	0	0	0	0	0	0	0	0	0	0	0	0	0	0	0	0	0	0	0	0	0	0	0	0	0	0	0	0	0	0	0	0	0	0	0	0	0	0	0	0	0	0	0	0	0	0	0	0	0	0	0	0	0	380	206	0	0	906	332	1552	0	834	190	0	0	0	182	0	144	0	0	0	4706	2616	0	0	0	0	0	
62232	Vermis_3	0	0	0	0	0	0	0	0	0	0	0	0	0	0	0	0	0	0	0	0	0	0	0	0	0	0	0	0	0	0	0	0	0	0	0	0	0	0	0	0	0	0	0	0	0	0	122	0	0	0	0	0	0	0	0	0	0	0	0	0	0	0	0	0	0	0	0	0	0	0	0	0	0	0	0	0	0	0	0	0	0	0	0	0	0	0	0	0	0	0	526	3080	0	472	1818	3828	2856	2744	1176	3630	0	0	0	820	112	242	0	0	4706	0	4984	0	0	0	0	0	
228352	Vermis_4_5	0	0	0	0	0	0	0	0	0	0	0	0	0	0	0	0	0	0	0	0	0	0	0	0	0	0	0	0	0	0	0	0	0	0	588	768	572	184	314	0	0	0	0	0	0	104	3628	3502	0	0	0	0	0	0	936	1604	0	0	0	0	0	0	0	0	0	0	218	762	0	0	0	0	0	0	0	0	0	0	0	0	0	0	0	0	0	0	0	0	0	0	2034	13732	190	2176	1000	922	14528	13292	8426	17626	0	0	416	2516	2208	1496	0	0	2616	4984	0	7120	1454	922	1414	1924	
177816	Vermis_6	0	0	0	0	0	0	0	0	0	0	0	0	0	0	0	0	0	0	0	0	0	0	0	0	0	0	0	0	0	0	0	0	0	0	0	0	0	0	0	0	0	0	0	0	0	0	2284	4348	0	0	0	0	0	0	702	2276	0	0	0	0	0	0	0	0	0	0	0	0	0	0	0	0	0	0	0	0	0	0	0	0	0	0	0	0	0	0	0	0	0	0	5792	13848	450	900	0	0	3746	1844	9798	17170	0	0	278	898	1284	2136	0	0	0	0	7120	0	6840	2670	2688	1836	
140120	Vermis_7	0	0	0	0	0	0	0	0	0	0	0	0	0	0	0	0	0	0	0	0	0	0	0	0	0	0	0	0	0	0	0	0	0	0	0	0	0	0	0	0	0	0	0	0	0	0	324	716	0	0	0	0	0	0	0	304	0	0	0	0	0	0	0	0	0	0	0	0	0	0	0	0	0	0	0	0	0	0	0	0	0	0	0	0	0	0	0	0	0	0	3948	13636	3612	9950	0	0	270	1262	2418	9994	832	1966	574	4634	0	624	0	0	0	0	1454	6840	0	4946	1612	144	
90640	Vermis_8	0	0	0	0	0	0	0	0	0	0	0	0	0	0	0	0	0	0	0	0	0	0	0	0	0	0	0	0	0	0	0	0	0	0	0	0	0	0	0	0	0	0	0	0	0	0	0	0	0	0	0	0	0	0	0	0	0	0	0	0	0	0	0	0	0	0	0	0	0	0	0	0	0	0	0	0	0	0	0	0	0	0	0	0	0	0	0	0	0	0	730	2572	4010	4488	0	0	622	158	1540	1816	3564	2298	2986	5780	584	1542	0	0	0	0	922	2670	4946	0	3554	538	
42664	Vermis_9	0	0	0	0	0	0	0	0	0	0	0	0	0	0	0	0	0	0	0	0	0	0	0	0	0	0	0	0	0	0	0	0	0	0	0	0	0	0	0	0	0	0	0	0	0	0	0	0	0	0	0	0	0	0	0	0	0	0	0	0	0	0	0	0	0	0	0	0	0	0	0	0	0	0	0	0	0	0	0	0	0	0	0	0	0	0	0	0	0	0	502	928	0	1072	0	0	1012	0	1470	748	0	124	454	1608	630	2508	0	0	0	0	1414	2688	1612	3554	0	1008	
20112	Vermis_10	0	0	0	0	0	0	0	0	0	0	0	0	0	0	0	0	0	0	0	0	0	0	0	0	0	0	0	0	0	0	0	0	0	0	0	0	0	0	0	0	0	0	0	0	0	0	102	0	0	0	0	0	0	0	0	0	0	0	0	0	0	0	0	0	0	0	0	0	0	0	0	0	0	0	0	0	0	0	0	0	0	0	0	0	0	0	0	0	0	0	0	188	0	160	0	0	1442	178	364	318	0	0	0	0	476	1378	0	0	0	0	1924	1836	144	538	1008	0	
