data	data	525044	240188	913184	975564	95116	139632	384356	205328	72392	29136	188036	194284	222604	154576	135288	101244	290336	102616	740104	882800	39448	41916	359012	391728	15304	74852	21428	40792	580596	293536	333132	438488	157384	500892	191740	210488	304788	413504	84160	246028	27548	68132	331592	386588	206752	366492	318504	319948	205012	297508	507148	316724	122208	99864	364224	375128	268100	220696	208340	109872	223936	104700	110116	112892	129088	101480	330444	558800	194924	75008	216900	373788	275828	255236	63088	42312	239952	192104	47380	36576	268652	118344	57896	71248	298484	283168	29496	26704	215140	308060	426904	288308	298832	215212	24192	45736	225408	182348	375740	279648	188668	103852	249968	223648	81088	108992	61544	33168	19248	49024	143568	115792	98012	58068	34612	18212	
data	data	Precentral_L	Precentral_R	Frontal_Sup_L	Frontal_Sup_R	Frontal_Sup_Orb_L	Frontal_Sup_Orb_R	Frontal_Mid_L	Frontal_Mid_R	Frontal_Mid_Orb_L	Frontal_Mid_Orb_R	Frontal_Inf_Oper_L	Frontal_Inf_Oper_R	Frontal_Inf_Tri_L	Frontal_Inf_Tri_R	Frontal_Inf_Orb_L	Frontal_Inf_Orb_R	Rolandic_Oper_L	Rolandic_Oper_R	Supp_Motor_Area_L	Supp_Motor_Area_R	Olfactory_L	Olfactory_R	Frontal_Sup_Medial_L	Frontal_Sup_Medial_R	Frontal_Med_Orb_L	Frontal_Med_Orb_R	Rectus_L	Rectus_R	Insula_L	Insula_R	Cingulum_Ant_L	Cingulum_Ant_R	Cingulum_Mid_L	Cingulum_Mid_R	Cingulum_Post_L	Cingulum_Post_R	Hippocampus_L	Hippocampus_R	ParaHippocampal_L	ParaHippocampal_R	Amygdala_L	Amygdala_R	Calcarine_L	Calcarine_R	Cuneus_L	Cuneus_R	Lingual_L	Lingual_R	Occipital_Sup_L	Occipital_Sup_R	Occipital_Mid_L	Occipital_Mid_R	Occipital_Inf_L	Occipital_Inf_R	Fusiform_L	Fusiform_R	Postcentral_L	Postcentral_R	Parietal_Sup_L	Parietal_Sup_R	Parietal_Inf_L	Parietal_Inf_R	SupraMarginal_L	SupraMarginal_R	Angular_L	Angular_R	Precuneus_L	Precuneus_R	Paracentral_Lobule_L	Paracentral_Lobule_R	Caudate_L	Caudate_R	Putamen_L	Putamen_R	Pallidum_L	Pallidum_R	Thalamus_L	Thalamus_R	Heschl_L	Heschl_R	Temporal_Sup_L	Temporal_Sup_R	Temporal_Pole_Sup_L	Temporal_Pole_Sup_R	Temporal_Mid_L	Temporal_Mid_R	Temporal_Pole_Mid_L	Temporal_Pole_Mid_R	Temporal_Inf_L	Temporal_Inf_R	Cerebelum_Crus1_L	Cerebelum_Crus1_R	Cerebelum_Crus2_L	Cerebelum_Crus2_R	Cerebelum_3_L	Cerebelum_3_R	Cerebelum_4_5_L	Cerebelum_4_5_R	Cerebelum_6_L	Cerebelum_6_R	Cerebelum_7b_L	Cerebelum_7b_R	Cerebelum_8_L	Cerebelum_8_R	Cerebelum_9_L	Cerebelum_9_R	Cerebelum_10_L	Cerebelum_10_R	Vermis_1_2	Vermis_3	Vermis_4_5	Vermis_6	Vermis_7	Vermis_8	Vermis_9	Vermis_10	
525044	Precentral_L	0	770	18284	5272	0	0	22086	162	0	0	8000	0	1610	0	168	0	15786	0	15360	5242	0	0	2190	0	0	0	0	0	11110	0	2406	0	456	844	11704	5520	10466	3514	730	2420	0	0	5656	0	524	0	2722	1310	184	0	7838	0	208	0	678	398	26332	0	816	0	3616	0	1382	0	410	0	5682	1310	23752	0	3302	468	4370	0	1786	0	13042	484	2462	0	2740	0	0	0	5308	0	0	0	774	0	0	0	0	0	0	0	0	194	0	0	0	0	0	0	0	0	0	0	0	0	674	0	0	0	0	0	
240188	Precentral_R	770	0	1358	21952	0	0	790	5902	0	0	138	11352	114	1280	0	0	96	2028	2076	4782	0	0	162	258	0	0	0	0	396	4782	436	942	0	436	130	522	0	7792	0	1048	0	0	0	1546	0	1248	0	600	0	112	0	724	0	598	0	1316	0	13438	0	144	0	682	0	774	0	0	0	6356	0	2394	1658	3078	418	1072	0	218	358	5164	0	668	0	1086	0	0	0	3352	0	0	0	3364	0	0	0	0	0	0	0	184	0	0	0	0	0	0	0	0	0	0	0	0	0	0	0	0	0	0	
913184	Frontal_Sup_L	18284	1358	0	13520	6552	144	40180	1176	3068	0	12918	0	13924	0	5704	0	11414	0	85298	25976	242	0	35588	3240	214	0	168	0	39742	224	15530	3180	3626	10344	2964	1954	9124	1518	546	802	102	0	1036	0	0	0	620	380	0	0	424	0	164	0	2276	216	1616	0	0	0	96	0	0	0	0	0	896	356	6720	0	12516	1026	24272	314	7334	204	17126	328	304	0	5780	0	1090	0	466	0	0	0	2408	0	0	0	0	0	0	0	0	0	0	0	0	0	0	0	0	0	0	0	0	0	0	0	0	0	0	0	
975564	Frontal_Sup_R	5272	21952	13520	0	0	8934	2556	31222	0	170	318	11048	568	11442	0	3494	368	7228	20334	93534	0	312	12736	42206	0	3706	0	1044	1546	13678	7744	30044	2324	21702	806	1440	706	11016	0	2586	0	428	0	168	0	0	0	1018	0	0	0	0	0	154	0	2348	104	1470	0	0	0	0	0	96	0	0	0	884	3032	0	4930	35360	964	13814	316	3678	4414	24028	0	956	118	1054	0	354	0	398	0	0	0	1810	0	0	0	0	0	0	0	330	0	0	0	0	0	0	0	0	0	0	0	0	0	0	0	0	0	0	
95116	Frontal_Sup_Orb_L	0	0	6552	0	0	0	1350	0	8624	0	0	0	1894	0	5540	0	0	0	740	240	1008	166	3804	0	1422	0	2784	0	4100	0	2048	130	0	208	0	0	0	0	0	0	0	0	0	0	0	0	0	0	0	0	0	0	0	0	0	0	0	0	0	0	0	0	0	0	0	0	0	0	0	0	768	0	6180	0	0	0	0	0	0	0	0	0	0	0	0	0	0	0	0	0	0	0	0	0	0	0	0	0	0	0	0	0	0	0	0	0	0	0	0	0	0	0	0	0	0	0	
139632	Frontal_Sup_Orb_R	0	0	144	8934	0	0	0	2180	0	5584	0	0	0	370	0	5140	0	0	488	3026	94	710	660	9000	384	7570	282	6256	0	432	806	7148	0	1602	0	0	0	0	0	0	0	0	0	0	0	0	0	0	0	0	0	0	0	0	0	0	0	0	0	0	0	0	0	0	0	0	0	0	0	0	170	6460	0	2376	0	0	0	0	0	0	0	0	0	0	0	0	0	0	0	0	0	0	0	0	0	0	0	0	0	0	0	0	0	0	0	0	0	0	0	0	0	0	0	0	0	0	
384356	Frontal_Mid_L	22086	790	40180	2556	1350	0	0	354	2450	0	7850	0	29146	0	8142	0	5604	0	5640	1886	0	0	15476	600	0	0	0	0	18184	0	10118	620	1146	1102	526	272	2622	176	154	94	0	0	574	0	0	0	372	0	0	0	626	0	0	0	136	0	2820	0	0	0	310	0	292	0	0	0	492	0	648	0	1704	440	1402	0	574	0	1354	0	346	0	564	0	0	0	400	0	0	0	0	0	0	0	0	0	0	0	0	0	0	0	0	0	0	0	0	0	0	0	0	0	0	0	0	0	0	0	
205328	Frontal_Mid_R	162	5902	1176	31222	0	2180	354	0	0	1910	104	6702	218	13376	0	2936	102	300	1764	4628	0	0	2122	6614	0	150	0	0	450	3410	2282	5466	178	3672	0	0	0	342	0	106	0	0	0	0	0	0	0	0	0	0	0	0	0	0	0	114	0	0	0	0	0	0	0	0	0	0	0	0	0	0	1208	1008	298	1640	0	426	0	142	0	0	0	0	0	0	0	0	0	0	0	0	0	0	0	0	0	0	0	0	0	0	0	0	0	0	0	0	0	0	0	0	0	0	0	0	0	0	
72392	Frontal_Mid_Orb_L	0	0	3068	0	8624	0	2450	0	0	0	0	0	2228	0	10262	0	0	0	432	134	152	0	420	0	98	0	1480	0	2728	0	334	0	0	138	0	0	0	0	0	0	0	0	0	0	0	0	0	0	0	0	0	0	0	0	0	0	0	0	0	0	0	0	0	0	0	0	0	0	0	0	262	0	3272	0	0	0	0	0	0	0	0	0	114	0	0	0	0	0	0	0	0	0	0	0	0	0	0	0	0	0	0	0	0	0	0	0	0	0	0	0	0	0	0	0	0	0	
29136	Frontal_Mid_Orb_R	0	0	0	170	0	5584	0	1910	0	0	0	0	0	520	0	5748	0	0	0	0	0	0	0	0	0	250	0	244	0	0	0	0	0	0	0	0	0	0	0	0	0	0	0	0	0	0	0	0	0	0	0	0	0	0	0	0	0	0	0	0	0	0	0	0	0	0	0	0	0	0	0	142	0	0	0	0	0	0	0	0	0	0	0	0	0	0	0	0	0	0	0	0	0	0	0	0	0	0	0	0	0	0	0	0	0	0	0	0	0	0	0	0	0	0	0	0	
188036	Frontal_Inf_Oper_L	8000	138	12918	318	0	0	7850	104	0	0	0	0	10652	0	626	0	9914	0	11748	4206	0	0	118	0	0	0	0	0	17488	0	238	0	0	2588	0	0	150	0	0	0	0	0	0	0	0	0	0	0	0	0	0	0	0	0	0	0	862	0	0	0	0	0	0	0	0	0	0	0	0	0	146	0	312	0	0	0	0	0	316	0	4254	0	1072	0	0	0	0	0	0	0	0	0	0	0	0	0	0	0	0	0	0	0	0	0	0	0	0	0	0	0	0	0	0	0	0	0	
194284	Frontal_Inf_Oper_R	0	11352	0	11048	0	0	0	6702	0	0	0	0	0	9414	0	248	0	3586	1106	8422	0	0	432	3796	0	0	0	0	0	14504	412	1852	0	1586	0	106	0	1326	0	186	0	0	0	1334	0	842	0	240	0	0	0	1116	0	432	0	754	0	1576	0	0	0	0	0	252	0	182	0	1580	0	0	494	828	324	3950	0	552	0	470	0	238	0	582	0	210	0	3238	0	0	0	1870	0	0	0	0	0	0	0	0	0	0	0	0	0	0	0	0	0	0	0	0	0	0	0	0	0	0	
222604	Frontal_Inf_Tri_L	1610	114	13924	568	1894	0	29146	218	2228	0	10652	0	0	0	12512	0	408	0	2312	246	0	0	5474	656	0	0	0	0	24098	0	1574	368	868	1146	0	0	0	0	0	0	0	0	0	0	0	0	0	0	0	0	0	0	0	0	0	0	222	0	0	0	0	0	0	0	0	0	0	0	0	0	262	0	642	0	0	0	0	0	0	0	0	0	160	0	0	0	0	0	0	0	0	0	0	0	0	0	0	0	0	0	0	0	0	0	0	0	0	0	0	0	0	0	0	0	0	0	
154576	Frontal_Inf_Tri_R	0	1280	0	11442	0	370	0	13376	0	520	0	9414	0	0	0	7452	0	0	794	2936	0	0	748	6062	0	0	0	0	0	12322	462	5704	0	1198	0	0	0	0	0	0	0	0	0	0	0	0	0	0	0	0	0	0	0	0	0	0	0	106	0	0	0	0	0	0	0	0	0	0	0	0	0	1244	0	1422	0	436	0	0	0	0	0	0	0	0	0	0	0	0	0	0	0	0	0	0	0	0	0	0	0	0	0	0	0	0	0	0	0	0	0	0	0	0	0	0	0	0	
135288	Frontal_Inf_Orb_L	168	0	5704	0	5540	0	8142	0	10262	0	626	0	12512	0	0	0	0	0	2178	284	1402	0	512	0	0	0	282	0	11864	0	214	0	270	220	0	0	0	0	388	0	0	0	0	0	0	0	0	0	0	0	0	0	0	0	0	0	0	0	0	0	0	0	0	0	0	0	0	0	0	0	288	0	5752	0	0	0	0	0	0	0	0	0	1036	0	0	0	0	0	0	0	0	0	0	0	0	0	0	0	0	0	0	0	0	0	0	0	0	0	0	0	0	0	0	0	0	0	
101244	Frontal_Inf_Orb_R	0	0	0	3494	0	5140	0	2936	0	5748	0	248	0	7452	0	0	0	566	0	1646	0	354	0	2448	0	342	0	392	0	8364	128	3288	0	482	0	0	0	0	0	0	0	0	0	0	0	0	0	0	0	0	0	0	0	0	0	0	0	0	0	0	0	0	0	0	0	0	0	0	0	0	0	1934	0	1970	0	96	0	0	0	0	0	1078	0	2186	0	112	0	0	0	218	0	0	0	0	0	0	0	0	0	0	0	0	0	0	0	0	0	0	0	0	0	0	0	0	0	0	
290336	Rolandic_Oper_L	15786	96	11414	368	0	0	5604	102	0	0	9914	0	408	0	0	0	0	0	10054	2794	0	0	370	0	0	0	0	0	23858	0	456	0	158	1648	0	0	988	0	0	0	0	0	322	0	0	0	238	0	0	0	5246	0	110	0	676	0	13592	0	2956	0	5144	0	4518	0	1174	0	476	0	0	0	108	0	346	0	0	0	168	0	2788	0	17382	0	836	0	3908	0	0	0	1162	0	0	0	0	0	0	0	0	0	0	0	0	0	0	0	0	0	0	0	0	0	0	0	0	0	0	0	
102616	Rolandic_Oper_R	0	2028	0	7228	0	0	0	300	0	0	0	3586	0	0	0	566	0	0	156	6828	0	0	0	840	0	0	0	0	0	10774	0	0	0	216	0	0	0	1582	0	0	0	0	0	0	0	0	0	0	0	0	0	0	0	0	0	0	0	4190	0	0	0	0	0	2816	0	0	0	454	0	0	434	120	290	1960	0	0	0	0	0	2744	0	3316	0	880	0	0	0	0	0	0	0	0	0	0	0	0	0	0	0	0	0	0	0	0	0	0	0	0	0	0	0	0	0	0	0	0	
740104	Supp_Motor_Area_L	15360	2076	85298	20334	740	488	5640	1764	432	0	11748	1106	2312	794	2178	0	10054	156	0	45950	168	0	4064	4134	0	124	0	0	25846	1142	9716	5104	12206	20232	2428	1116	6122	796	336	396	0	0	510	0	0	0	362	206	0	0	404	0	156	0	2168	148	1296	0	0	0	0	0	0	0	0	0	476	242	13576	0	9340	1186	17216	566	5830	260	6124	216	230	0	5508	0	1032	0	290	0	0	0	2350	0	0	0	0	0	0	0	0	0	0	0	0	0	0	0	0	0	0	0	0	0	0	0	0	0	0	0	
882800	Supp_Motor_Area_R	5242	4782	25976	93534	240	3026	1886	4628	134	0	4206	8422	246	2936	284	1646	2794	6828	45950	0	0	0	2304	13976	0	434	0	0	5416	11338	5930	17852	4466	47166	2080	8762	792	4754	0	1524	0	322	0	3514	0	956	0	1582	0	0	0	538	0	1414	0	2526	124	1682	0	0	0	0	0	0	0	0	146	11060	4178	6882	3824	25626	840	9156	398	1976	4200	10940	0	688	1814	704	468	278	0	1224	0	0	0	4786	0	0	0	0	0	0	0	0	0	0	0	0	0	0	0	0	0	0	0	0	0	0	0	0	0	0	
39448	Olfactory_L	0	0	242	0	1008	94	0	0	152	0	0	0	0	0	1402	0	0	0	168	0	0	2350	0	0	0	0	734	314	2996	0	1188	588	0	0	0	0	0	0	850	0	314	0	0	0	0	0	0	0	0	0	0	0	0	0	0	0	0	0	0	0	0	0	0	0	0	0	0	0	0	0	3240	1688	1804	278	0	0	0	0	0	0	0	0	314	0	0	0	0	0	0	0	0	0	0	0	0	0	0	0	0	0	0	0	0	0	0	0	0	0	0	0	0	0	0	0	0	0	
41916	Olfactory_R	0	0	0	312	166	710	0	0	0	0	0	0	0	0	0	354	0	0	0	0	2350	0	0	194	0	698	544	1440	0	1182	1092	1714	0	0	0	0	0	0	0	0	0	512	0	0	0	0	0	0	0	0	0	0	0	0	0	0	0	0	0	0	0	0	0	0	0	0	0	0	0	0	3624	3616	1550	790	0	110	0	0	0	0	0	0	0	0	0	0	0	0	0	0	0	0	0	0	0	0	0	0	0	0	0	0	0	0	0	0	0	0	0	0	0	0	0	0	0	0	
359012	Frontal_Sup_Medial_L	2190	162	35588	12736	3804	660	15476	2122	420	0	118	432	5474	748	512	0	370	0	4064	2304	0	0	0	19444	1224	946	132	0	7224	358	26880	11942	5168	12678	0	0	402	0	0	0	0	0	0	0	0	0	0	0	0	0	0	0	0	0	0	0	250	0	0	0	0	0	0	0	0	0	0	0	0	0	734	874	3042	676	194	0	158	0	0	0	0	0	0	0	0	0	0	0	0	0	0	0	0	0	0	0	0	0	0	0	0	0	0	0	0	0	0	0	0	0	0	0	0	0	0	0	
391728	Frontal_Sup_Medial_R	0	258	3240	42206	0	9000	600	6614	0	0	0	3796	656	6062	0	2448	0	840	4134	13976	0	194	19444	0	488	6100	0	1112	676	5298	6302	26454	880	17936	0	0	0	432	0	184	0	0	0	0	0	0	0	0	0	0	0	0	0	0	0	206	0	0	0	0	0	0	0	0	0	0	0	0	0	0	224	9828	0	5668	0	474	0	134	0	0	0	0	0	0	0	0	0	0	0	0	0	0	0	0	0	0	0	0	0	0	0	0	0	0	0	0	0	0	0	0	0	0	0	0	0	0	
15304	Frontal_Med_Orb_L	0	0	214	0	1422	384	0	0	98	0	0	0	0	0	0	0	0	0	0	0	0	0	1224	488	0	1218	546	238	0	0	1422	0	0	0	0	0	0	0	0	0	0	0	0	0	0	0	0	0	0	0	0	0	0	0	0	0	0	0	0	0	0	0	0	0	0	0	0	0	0	0	184	0	214	0	0	0	0	0	0	0	0	0	0	0	0	0	0	0	0	0	0	0	0	0	0	0	0	0	0	0	0	0	0	0	0	0	0	0	0	0	0	0	0	0	0	0	
74852	Frontal_Med_Orb_R	0	0	0	3706	0	7570	0	150	0	250	0	0	0	0	0	342	0	0	124	434	0	698	946	6100	1218	0	180	3900	0	174	884	4866	0	116	0	0	0	0	0	0	0	0	0	0	0	0	0	0	0	0	0	0	0	0	0	0	0	0	0	0	0	0	0	0	0	0	0	0	0	0	0	4076	0	1692	0	0	0	0	0	0	0	0	0	0	0	0	0	0	0	0	0	0	0	0	0	0	0	0	0	0	0	0	0	0	0	0	0	0	0	0	0	0	0	0	0	0	
21428	Rectus_L	0	0	168	0	2784	282	0	0	1480	0	0	0	0	0	282	0	0	0	0	0	734	544	132	0	546	180	0	386	0	0	748	0	0	0	0	0	0	0	0	0	0	0	0	0	0	0	0	0	0	0	0	0	0	0	0	0	0	0	0	0	0	0	0	0	0	0	0	0	0	0	1048	354	1046	0	0	0	0	0	0	0	0	0	0	0	0	0	0	0	0	0	0	0	0	0	0	0	0	0	0	0	0	0	0	0	0	0	0	0	0	0	0	0	0	0	0	0	
40792	Rectus_R	0	0	0	1044	0	6256	0	0	0	244	0	0	0	0	0	392	0	0	0	0	314	1440	0	1112	238	3900	386	0	0	380	0	862	0	0	0	0	0	0	0	0	0	0	0	0	0	0	0	0	0	0	0	0	0	0	0	0	0	0	0	0	0	0	0	0	0	0	0	0	0	0	308	2194	192	1134	0	0	0	0	0	0	0	0	0	0	0	0	0	0	0	0	0	0	0	0	0	0	0	0	0	0	0	0	0	0	0	0	0	0	0	0	0	0	0	0	0	0	
580596	Insula_L	11110	396	39742	1546	4100	0	18184	450	2728	0	17488	0	24098	0	11864	0	23858	0	25846	5416	2996	0	7224	676	0	0	0	0	0	0	3558	1164	646	4294	172	0	13934	0	1132	0	964	0	616	0	0	0	680	0	0	0	2066	0	436	0	7030	0	2270	0	218	0	708	0	508	0	192	0	632	0	0	0	2638	1034	13884	0	182	0	1300	0	4368	0	12380	0	3424	0	3066	0	0	0	8986	0	94	0	0	0	0	0	0	0	0	0	0	0	0	0	0	0	0	0	0	0	0	0	0	0	0	0	
293536	Insula_R	0	4782	224	13678	0	432	0	3410	0	0	0	14504	0	12322	0	8364	0	10774	1142	11338	0	1182	358	5298	0	174	0	380	0	0	622	6008	0	1846	0	664	0	7156	0	1112	0	1594	0	0	0	0	0	104	0	0	0	184	0	168	0	1266	0	1086	0	0	0	0	0	136	0	94	0	768	0	0	634	2118	252	17814	0	516	0	1636	0	1814	0	4558	0	1900	0	2222	0	0	0	2134	0	0	0	0	0	0	0	0	0	0	0	0	0	0	0	0	0	0	0	0	0	0	0	0	0	0	
333132	Cingulum_Ant_L	2406	436	15530	7744	2048	806	10118	2282	334	0	238	412	1574	462	214	128	456	0	9716	5930	1188	1092	26880	6302	1422	884	748	0	3558	622	0	20360	8900	15464	220	0	428	226	0	0	0	0	0	0	0	0	0	0	0	0	0	0	0	0	0	0	258	0	0	0	0	0	0	0	0	0	0	0	0	0	5698	4070	4618	1672	226	468	182	246	0	0	0	0	0	0	0	0	0	0	0	0	0	0	0	0	0	0	0	0	0	0	0	0	0	0	0	0	0	0	0	0	0	0	0	0	0	0	
438488	Cingulum_Ant_R	0	942	3180	30044	130	7148	620	5466	0	0	0	1852	368	5704	0	3288	0	0	5104	17852	588	1714	11942	26454	0	4866	0	862	1164	6008	20360	0	2330	26444	0	0	0	284	0	0	0	0	0	0	0	0	0	0	0	0	0	0	0	0	0	0	0	0	0	0	0	0	0	0	0	0	0	100	0	0	2560	20656	674	9006	0	1094	0	440	0	0	0	0	0	0	0	0	0	0	0	0	0	0	0	0	0	0	0	0	0	0	0	0	0	0	0	0	0	0	0	0	0	0	0	0	0	0	
157384	Cingulum_Mid_L	456	0	3626	2324	0	0	1146	178	0	0	0	0	868	0	270	0	158	0	12206	4466	0	0	5168	880	0	0	0	0	646	0	8900	2330	0	11044	3530	946	0	0	0	0	0	0	386	0	2826	0	120	0	532	0	488	0	0	0	0	0	320	0	152	0	0	0	0	0	0	0	5042	1548	7388	560	0	0	0	0	0	0	0	0	0	0	188	0	0	0	0	0	0	0	0	0	0	0	0	0	0	0	0	0	0	0	0	0	0	0	0	0	0	0	0	0	0	0	0	0	0	0	
500892	Cingulum_Mid_R	844	436	10344	21702	208	1602	1102	3672	138	0	2588	1586	1146	1198	220	482	1648	216	20232	47166	0	0	12678	17936	0	116	0	0	4294	1846	15464	26444	11044	0	2952	8908	0	622	0	142	0	0	0	1452	136	1164	0	676	0	0	0	0	0	102	0	366	0	104	0	0	0	0	0	0	0	0	998	10814	1310	5214	196	4338	0	1778	0	450	102	290	0	0	1110	0	324	0	0	98	0	0	0	448	0	0	0	0	0	0	0	0	0	0	0	0	0	0	0	0	0	0	0	0	0	0	0	0	0	0	
191740	Cingulum_Post_L	11704	130	2964	806	0	0	526	0	0	0	0	0	0	0	0	0	0	0	2428	2080	0	0	0	0	0	0	0	0	172	0	220	0	3530	2952	0	8268	7302	3160	1424	2130	0	0	5768	146	4328	234	1384	1214	356	0	186	0	0	0	328	346	0	0	96	0	0	0	0	0	0	0	12616	3298	6626	420	1014	0	0	0	0	0	6370	388	274	0	0	0	0	0	0	0	0	0	0	94	0	0	0	0	0	0	0	188	0	0	0	0	0	0	0	0	0	0	0	0	400	0	0	0	0	0	
210488	Cingulum_Post_R	5520	522	1954	1440	0	0	272	0	0	0	0	106	0	0	0	0	0	0	1116	8762	0	0	0	0	0	0	0	0	0	664	0	0	946	8908	8268	0	768	10536	0	4840	0	0	0	3276	0	484	0	7020	0	0	0	0	0	208	0	1712	0	0	0	0	0	0	0	0	0	0	1146	15894	1904	1456	962	0	0	0	0	0	10456	3502	0	0	0	0	0	0	0	112	0	0	0	1220	0	0	0	0	0	0	0	446	0	0	0	0	0	0	0	0	0	0	0	0	824	0	0	0	0	0	
304788	Hippocampus_L	10466	0	9124	706	0	0	2622	0	0	0	150	0	0	0	0	0	988	0	6122	792	0	0	402	0	0	0	0	0	13934	0	428	0	0	0	7302	768	0	454	13246	414	5148	0	5766	0	98	0	6500	330	0	0	816	0	828	0	17722	0	1258	0	0	0	0	0	0	0	0	0	7604	466	2360	0	510	0	7110	0	904	0	5286	0	1878	0	3752	0	480	0	1062	0	0	0	12628	0	518	0	0	0	0	142	258	0	374	0	0	0	0	0	0	0	0	0	0	548	130	0	0	0	0	0	
413504	Hippocampus_R	3514	7792	1518	11016	0	0	176	342	0	0	0	1326	0	0	0	0	0	1582	796	4754	0	0	0	432	0	0	0	0	0	7156	226	284	0	622	3160	10536	454	0	0	33400	0	8180	0	2952	0	146	0	8986	0	470	0	1098	0	874	0	29922	0	602	0	100	0	0	0	0	0	216	0	8554	802	0	752	184	0	10038	0	196	6010	9842	0	996	0	1930	0	1266	0	3702	0	138	0	17434	0	0	0	0	0	0	0	2012	0	94	0	0	0	0	0	0	0	0	0	0	170	0	0	0	0	0	
84160	ParaHippocampal_L	730	0	546	0	0	0	154	0	0	0	0	0	0	0	388	0	0	0	336	0	850	0	0	0	0	0	0	0	1132	0	0	0	0	0	1424	0	13246	0	0	144	716	0	1912	0	0	0	5724	218	0	0	348	0	488	0	5006	0	180	0	0	0	0	0	0	0	0	0	2834	0	112	0	98	0	1170	0	0	0	738	0	172	0	0	0	226	0	322	0	0	0	412	0	130	0	0	0	306	272	518	0	0	0	0	0	0	0	0	0	0	0	212	1016	0	0	0	0	0	0	
246028	ParaHippocampal_R	2420	1048	802	2586	0	0	94	106	0	0	0	186	0	0	0	0	0	0	396	1524	0	0	0	184	0	0	0	0	0	1112	0	0	0	142	2130	4840	414	33400	144	0	0	6780	0	1204	0	0	0	8080	0	98	0	236	0	200	0	25370	0	0	0	0	0	0	0	0	0	0	0	2740	646	0	220	0	0	3840	0	0	3922	3168	0	226	0	726	0	3298	0	1596	0	960	0	5170	0	0	0	0	0	368	0	2638	0	0	0	0	0	0	0	0	0	0	0	0	0	0	0	0	0	0	
27548	Amygdala_L	0	0	102	0	0	0	0	0	0	0	0	0	0	0	0	0	0	0	0	0	314	0	0	0	0	0	0	0	964	0	0	0	0	0	0	0	5148	0	716	0	0	0	0	0	0	0	0	0	0	0	0	0	0	0	4006	0	0	0	0	0	0	0	0	0	0	0	0	0	0	0	0	0	168	0	0	0	94	0	0	0	0	0	350	0	0	0	0	0	1912	0	0	0	0	0	0	0	0	0	0	0	0	0	0	0	0	0	0	0	0	0	0	0	0	0	0	0	
68132	Amygdala_R	0	0	0	428	0	0	0	0	0	0	0	0	0	0	0	0	0	0	0	322	0	512	0	0	0	0	0	0	0	1594	0	0	0	0	0	0	0	8180	0	6780	0	0	0	0	0	0	0	0	0	0	0	0	0	0	0	6532	0	0	0	0	0	0	0	0	0	0	0	0	0	0	0	308	0	1226	0	0	0	446	0	0	0	0	0	2972	0	728	0	252	0	3786	0	0	0	0	0	0	0	0	0	0	0	0	0	0	0	0	0	0	0	0	0	0	0	0	0	0	
331592	Calcarine_L	5656	0	1036	0	0	0	574	0	0	0	0	0	0	0	0	0	322	0	510	0	0	0	0	0	0	0	0	0	616	0	0	0	386	0	5768	0	5766	0	1912	0	0	0	0	9208	17906	10140	22076	2216	12178	4038	20560	2224	2820	0	2680	204	1668	0	1182	96	0	0	0	0	0	0	23032	2142	3184	0	0	0	0	0	0	0	0	0	286	0	0	0	0	0	4292	0	0	0	1020	0	0	0	0	0	0	0	0	0	0	98	0	0	0	0	0	0	0	0	0	0	0	0	0	0	0	0	
386588	Calcarine_R	0	1546	0	168	0	0	0	0	0	0	0	1334	0	0	0	0	0	0	0	3514	0	0	0	0	0	0	0	0	0	0	0	0	0	1452	146	3276	0	2952	0	1204	0	0	9208	0	4542	29376	1442	22708	0	21154	0	16174	0	6762	0	9542	0	2444	0	526	0	148	0	226	0	120	2046	31386	0	496	0	0	0	0	0	0	0	170	0	0	0	384	0	0	0	7400	0	0	0	9450	0	0	0	0	0	0	0	222	0	1206	0	0	0	0	0	0	0	0	0	0	266	304	0	0	0	0	
206752	Cuneus_L	524	0	0	0	0	0	0	0	0	0	0	0	0	0	0	0	0	0	0	0	0	0	0	0	0	0	0	0	0	0	0	0	2826	136	4328	0	98	0	0	0	0	0	17906	4542	0	9988	990	112	20688	2742	6644	182	416	0	102	0	1220	0	6228	0	104	0	0	0	0	0	18122	3620	1428	0	0	0	0	0	0	0	0	0	0	0	0	0	0	0	430	0	0	0	0	0	0	0	0	0	0	0	0	0	0	0	0	0	0	0	0	0	0	0	0	0	0	0	0	0	0	0	
366492	Cuneus_R	0	1248	0	0	0	0	0	0	0	0	0	842	0	0	0	0	0	0	0	956	0	0	0	0	0	0	0	0	0	0	0	0	0	1164	234	484	0	146	0	0	0	0	10140	29376	9988	0	682	4804	278	41430	0	20510	0	952	0	1438	0	5826	0	5186	0	132	0	174	0	144	7010	34714	0	1870	0	0	0	0	0	0	0	0	0	0	0	152	0	0	0	2354	0	0	0	894	0	0	0	0	0	0	0	0	0	118	0	0	0	0	0	0	0	0	0	0	0	0	0	0	0	0	
318504	Lingual_L	2722	0	620	0	0	0	372	0	0	0	0	0	0	0	0	0	238	0	362	0	0	0	0	0	0	0	0	0	680	0	0	0	120	0	1384	0	6500	0	5724	0	0	0	22076	1442	990	682	0	792	3258	420	20774	202	11874	0	18780	0	1026	0	194	0	94	0	0	0	0	0	11584	0	1740	0	0	0	130	0	0	0	968	0	164	0	0	0	0	0	3272	0	0	0	1088	0	10664	0	2192	0	190	224	9016	384	12092	112	266	0	164	0	0	0	0	0	264	1086	1454	700	172	0	0	0	
319948	Lingual_R	1310	600	380	1018	0	0	0	0	0	0	0	240	0	0	0	0	0	0	206	1582	0	0	0	0	0	0	0	0	0	104	0	0	0	676	1214	7020	330	8986	218	8080	0	0	2216	22708	112	4804	792	0	0	4566	0	9682	0	6456	288	20894	0	146	0	0	0	0	0	0	0	0	126	10516	382	228	110	0	0	0	0	0	2262	1988	0	0	0	160	0	0	0	1866	0	0	0	4094	2088	3006	306	190	0	470	1034	4700	3198	8358	446	0	266	568	124	284	830	444	0	0	2810	4294	198	0	0	0	
205012	Occipital_Sup_L	184	0	0	0	0	0	0	0	0	0	0	0	0	0	0	0	0	0	0	0	0	0	0	0	0	0	0	0	0	0	0	0	532	0	356	0	0	0	0	0	0	0	12178	0	20688	278	3258	0	0	0	29060	0	1190	0	118	0	556	0	17884	0	3544	0	0	0	2450	0	9982	142	0	0	0	0	0	0	0	0	0	0	0	0	0	0	0	0	106	0	0	0	0	0	0	0	0	0	0	0	0	0	0	0	0	0	0	0	0	0	0	0	0	0	0	0	0	0	0	0	
297508	Occipital_Sup_R	0	112	0	0	0	0	0	0	0	0	0	0	0	0	0	0	0	0	0	0	0	0	0	0	0	0	0	0	0	0	0	0	0	0	0	0	0	470	0	98	0	0	4038	21154	2742	41430	420	4566	0	0	0	27936	0	832	0	1766	0	1476	0	7954	0	620	0	566	0	3056	2878	20528	0	188	0	0	0	0	0	0	0	0	0	0	0	1036	0	0	0	3248	0	0	0	1532	0	0	0	0	0	0	0	0	0	108	0	0	0	0	0	0	0	0	0	0	0	0	0	0	0	0	
507148	Occipital_Mid_L	7838	0	424	0	0	0	626	0	0	0	0	0	0	0	0	0	5246	0	404	0	0	0	0	0	0	0	0	0	2066	0	0	0	488	0	186	0	816	0	348	0	0	0	20560	0	6644	0	20774	0	29060	0	0	0	20520	0	8278	0	12074	0	22230	0	18186	0	2690	0	24072	0	7952	324	504	0	0	0	0	0	0	0	0	0	236	0	5094	0	0	0	30538	0	0	0	4944	0	96	0	0	0	0	0	118	0	238	0	0	0	0	0	0	0	0	0	0	0	0	0	0	0	0	0	
316724	Occipital_Mid_R	0	724	0	0	0	0	0	0	0	0	0	1116	0	0	0	0	0	0	0	538	0	0	0	0	0	0	0	0	0	184	0	0	0	0	0	0	0	1098	0	236	0	0	2224	16174	182	20510	202	9682	0	27936	0	0	0	5302	0	8200	0	1998	0	2510	0	3126	0	1784	0	14372	336	12526	0	190	0	0	0	0	0	0	0	94	0	0	0	2778	0	0	0	17428	0	0	0	5968	0	0	0	0	0	0	0	0	0	944	0	0	0	0	0	0	0	0	0	0	0	0	0	0	0	0	
122208	Occipital_Inf_L	208	0	164	0	0	0	0	0	0	0	0	0	0	0	0	0	110	0	156	0	0	0	0	0	0	0	0	0	436	0	0	0	0	0	0	0	828	0	488	0	0	0	2820	0	416	0	11874	0	1190	0	20520	0	0	0	12038	0	156	0	0	0	0	0	0	0	0	0	364	0	0	0	0	0	116	0	0	0	0	0	0	0	248	0	0	0	2984	0	0	0	3904	0	730	0	0	0	0	0	590	0	764	0	0	0	0	0	0	0	0	0	0	0	0	0	0	0	0	0	
99864	Occipital_Inf_R	0	598	0	154	0	0	0	0	0	0	0	432	0	0	0	0	0	0	0	1414	0	0	0	0	0	0	0	0	0	168	0	0	0	102	0	208	0	874	0	200	0	0	0	6762	0	952	0	6456	0	832	0	5302	0	0	0	5484	0	132	0	0	0	0	0	0	0	124	0	3824	0	0	0	0	0	0	0	0	0	304	0	152	0	186	0	0	0	2002	0	0	0	12310	0	0	0	0	0	0	0	176	0	784	0	0	0	0	0	0	0	0	0	0	0	0	0	0	0	0	
364224	Fusiform_L	678	0	2276	0	0	0	136	0	0	0	0	0	0	0	0	0	676	0	2168	0	0	0	0	0	0	0	0	0	7030	0	0	0	0	0	328	0	17722	0	5006	0	4006	0	2680	0	102	0	18780	288	118	0	8278	0	12038	0	0	0	236	0	0	0	0	0	0	0	0	0	1758	0	0	0	132	0	1406	0	0	0	328	0	1742	0	3486	0	614	0	1844	0	804	0	20118	0	21876	0	1916	0	246	0	12216	812	24970	102	472	0	1004	0	0	0	182	0	0	0	1566	1820	152	0	0	0	
375128	Fusiform_R	398	1316	216	2348	0	0	0	114	0	0	0	754	0	0	0	0	0	0	148	2526	0	0	0	206	0	0	0	0	0	1266	0	0	0	366	346	1712	0	29922	0	25370	0	6532	204	9542	0	1438	0	20894	0	1766	0	8200	0	5484	0	0	0	106	0	0	0	0	0	148	0	148	0	5232	172	0	0	0	0	4032	0	0	598	1308	0	268	0	808	0	4422	0	4632	0	1608	0	16126	0	7180	114	140	0	0	0	5368	0	11778	0	0	0	182	0	0	0	210	0	0	1224	556	136	0	0	0	
268100	Postcentral_L	26332	0	1616	104	0	0	2820	0	0	0	862	0	222	0	0	0	13592	0	1296	124	0	0	250	0	0	0	0	0	2270	0	258	0	320	0	0	0	1258	0	180	0	0	0	1668	0	1220	0	1026	0	556	0	12074	0	156	0	236	0	0	0	10298	0	23582	0	10400	0	1780	0	3366	0	1662	0	296	0	1500	0	332	0	530	0	892	0	6252	0	0	0	4396	0	0	0	324	0	0	0	0	0	0	0	0	0	0	0	0	0	0	0	0	0	0	0	0	0	0	0	0	0	0	0	
220696	Postcentral_R	0	13438	0	1470	0	0	0	0	0	0	0	1576	0	106	0	0	0	4190	0	1682	0	0	0	0	0	0	0	0	0	1086	0	0	0	104	0	0	0	602	0	0	0	0	0	2444	0	5826	0	146	0	1476	0	1998	0	132	0	106	0	0	0	10012	0	14800	0	15274	0	2692	0	19962	0	2604	0	0	0	240	0	0	0	0	0	424	0	400	0	0	0	5216	0	0	0	2342	0	0	0	0	0	0	0	0	0	0	0	0	0	0	0	0	0	0	0	0	0	0	0	0	0	0	
208340	Parietal_Sup_L	816	0	0	0	0	0	0	0	0	0	0	0	0	0	0	0	2956	0	0	0	0	0	0	0	0	0	0	0	218	0	0	0	152	0	96	0	0	0	0	0	0	0	1182	0	6228	0	194	0	17884	0	22230	0	0	0	0	0	10298	0	0	0	16268	0	816	0	5732	0	12072	622	352	0	0	0	0	0	0	0	0	0	0	0	3176	0	0	0	2578	0	0	0	300	0	0	0	0	0	0	0	0	0	0	0	0	0	0	0	0	0	0	0	0	0	0	0	0	0	0	0	
109872	Parietal_Sup_R	0	144	0	0	0	0	0	0	0	0	0	0	0	0	0	0	0	0	0	0	0	0	0	0	0	0	0	0	0	0	0	0	0	0	0	0	0	100	0	0	0	0	96	526	0	5186	0	0	0	7954	0	2510	0	0	0	0	0	10012	0	0	0	8208	0	2188	0	4352	0	11840	0	0	0	0	0	0	0	0	0	0	0	0	0	0	0	0	0	1286	0	0	0	534	0	0	0	0	0	0	0	0	0	0	0	0	0	0	0	0	0	0	0	0	0	0	0	0	0	0	
223936	Parietal_Inf_L	3616	0	96	0	0	0	310	0	0	0	0	0	0	0	0	0	5144	0	0	0	0	0	0	0	0	0	0	0	708	0	0	0	0	0	0	0	0	0	0	0	0	0	0	0	104	0	94	0	3544	0	18186	0	0	0	0	0	23582	0	16268	0	0	0	12758	0	13592	0	1128	0	354	0	0	0	0	0	0	0	0	0	136	0	6362	0	0	0	5594	0	0	0	392	0	0	0	0	0	0	0	0	0	0	0	0	0	0	0	0	0	0	0	0	0	0	0	0	0	0	0	
104700	Parietal_Inf_R	0	682	0	0	0	0	0	0	0	0	0	0	0	0	0	0	0	0	0	0	0	0	0	0	0	0	0	0	0	0	0	0	0	0	0	0	0	0	0	0	0	0	0	148	0	132	0	0	0	620	0	3126	0	0	0	0	0	14800	0	8208	0	0	0	8530	0	9750	0	606	0	0	0	0	0	0	0	0	0	0	0	0	0	254	0	0	0	3992	0	0	0	1502	0	0	0	0	0	0	0	0	0	0	0	0	0	0	0	0	0	0	0	0	0	0	0	0	0	0	
110116	SupraMarginal_L	1382	0	0	0	0	0	292	0	0	0	0	0	0	0	0	0	4518	0	0	0	0	0	0	0	0	0	0	0	508	0	0	0	0	0	0	0	0	0	0	0	0	0	0	0	0	0	0	0	0	0	2690	0	0	0	0	0	10400	0	816	0	12758	0	0	0	3786	0	0	0	0	0	0	0	0	0	0	0	0	0	156	0	9154	0	0	0	8320	0	0	0	278	0	0	0	0	0	0	0	0	0	0	0	0	0	0	0	0	0	0	0	0	0	0	0	0	0	0	0	
112892	SupraMarginal_R	0	774	0	96	0	0	0	0	0	0	0	252	0	0	0	0	0	2816	0	0	0	0	0	0	0	0	0	0	0	136	0	0	0	0	0	0	0	0	0	0	0	0	0	226	0	174	0	0	0	566	0	1784	0	0	0	148	0	15274	0	2188	0	8530	0	0	0	6450	0	936	0	0	0	0	0	0	0	0	0	0	0	502	0	5814	0	0	0	6550	0	0	0	3230	0	0	0	0	0	0	0	0	0	0	0	0	0	0	0	0	0	0	0	0	0	0	0	0	0	0	
129088	Angular_L	410	0	0	0	0	0	0	0	0	0	0	0	0	0	0	0	1174	0	0	0	0	0	0	0	0	0	0	0	192	0	0	0	0	0	0	0	0	0	0	0	0	0	0	0	0	0	0	0	2450	0	24072	0	0	0	0	0	1780	0	5732	0	13592	0	3786	0	0	0	170	0	0	0	0	0	0	0	0	0	0	0	0	0	1474	0	0	0	9458	0	0	0	254	0	0	0	0	0	0	0	0	0	0	0	0	0	0	0	0	0	0	0	0	0	0	0	0	0	0	0	
101480	Angular_R	0	0	0	0	0	0	0	0	0	0	0	182	0	0	0	0	0	0	0	0	0	0	0	0	0	0	0	0	0	94	0	0	0	0	0	0	0	216	0	0	0	0	0	120	0	144	0	0	0	3056	0	14372	0	124	0	148	0	2692	0	4352	0	9750	0	6450	0	0	0	312	0	0	0	0	0	0	0	0	0	0	0	0	0	2464	0	0	0	5700	0	0	0	564	0	0	0	0	0	0	0	0	0	0	0	0	0	0	0	0	0	0	0	0	0	0	0	0	0	0	
330444	Precuneus_L	5682	0	896	0	0	0	492	0	0	0	0	0	0	0	0	0	476	0	476	146	0	0	0	0	0	0	0	0	632	0	0	0	5042	998	12616	1146	7604	0	2834	0	0	0	23032	2046	18122	7010	11584	126	9982	2878	7952	336	364	0	1758	0	3366	0	12072	0	1128	0	0	0	170	0	0	12762	5020	1804	0	0	0	0	0	0	442	0	266	0	388	0	0	0	2688	0	0	0	886	0	0	0	0	0	0	0	0	0	0	0	0	0	0	0	0	0	0	0	0	0	0	0	0	0	0	0	
558800	Precuneus_R	1310	6356	356	884	0	0	0	0	0	0	0	1580	0	0	0	0	0	454	242	11060	0	0	0	0	0	0	0	0	0	768	0	100	1548	10814	3298	15894	466	8554	0	2740	0	0	2142	31386	3620	34714	0	10516	142	20528	324	12526	0	3824	0	5232	0	19962	622	11840	0	606	0	936	0	312	12762	0	456	12726	304	0	192	0	0	0	1468	1070	0	184	0	1116	0	0	0	11400	0	0	0	10556	0	0	0	0	0	0	0	432	0	154	0	0	0	0	0	0	0	0	0	0	924	0	0	0	0	0	
194924	Paracentral_Lobule_L	23752	0	6720	3032	0	0	648	0	0	0	0	0	0	0	0	0	0	0	13576	4178	0	0	0	0	0	0	0	0	0	0	0	0	7388	1310	6626	1904	2360	802	112	646	0	0	3184	0	1428	0	1740	382	0	0	504	0	0	0	0	172	1662	0	352	0	354	0	0	0	0	0	5020	456	0	292	976	0	1126	0	730	0	6030	0	0	0	0	0	0	0	0	0	0	0	0	0	0	0	0	0	0	0	0	0	0	0	0	0	0	0	0	0	0	0	0	0	0	0	0	0	0	0	
75008	Paracentral_Lobule_R	0	2394	0	0	0	0	0	0	0	0	0	0	0	0	0	0	0	0	0	6882	0	0	0	0	0	0	0	0	0	0	0	0	560	5214	420	1456	0	0	0	0	0	0	0	496	0	1870	0	228	0	188	0	190	0	0	0	0	0	2604	0	0	0	0	0	0	0	0	1804	12726	292	0	0	0	0	0	0	0	0	0	0	0	0	0	0	0	0	180	0	0	0	0	0	0	0	0	0	0	0	0	0	0	0	0	0	0	0	0	0	0	0	0	0	0	0	0	0	0	
216900	Caudate_L	3302	1658	12516	4930	768	170	1704	1208	262	0	146	494	262	0	288	0	108	434	9340	3824	3240	3624	734	224	184	0	1048	308	2638	634	5698	2560	0	196	1014	962	510	752	98	220	0	0	0	0	0	0	0	110	0	0	0	0	0	0	132	0	296	0	0	0	0	0	0	0	0	0	0	304	976	0	0	11898	14154	880	2380	640	9596	754	0	0	178	0	0	0	0	0	0	0	94	0	0	0	0	0	0	0	0	0	0	0	0	0	0	0	0	0	0	0	0	0	0	0	0	0	0	0	
373788	Caudate_R	468	3078	1026	35360	0	6460	440	1008	0	142	0	828	0	1244	0	1934	0	120	1186	25626	1688	3616	874	9828	0	4076	354	2194	1034	2118	4070	20656	0	4338	0	0	0	184	0	0	0	308	0	0	0	0	0	0	0	0	0	0	0	0	0	0	0	0	0	0	0	0	0	0	0	0	0	0	0	0	11898	0	2954	17624	308	4296	1988	13568	0	0	0	0	0	0	0	0	0	0	0	0	0	0	0	0	0	0	0	0	0	0	0	0	0	0	0	0	0	0	0	0	0	0	0	0	0	0	
275828	Putamen_L	4370	418	24272	964	6180	0	1402	298	3272	0	312	324	642	0	5752	0	346	290	17216	840	1804	1550	3042	0	214	0	1046	192	13884	252	4618	674	0	0	0	0	7110	0	1170	0	168	0	0	0	0	0	130	0	0	0	0	0	116	0	1406	0	1500	0	0	0	0	0	0	0	0	0	0	192	1126	0	14154	2954	0	274	8554	184	2090	0	0	0	1548	0	394	0	104	0	0	0	566	0	0	0	0	0	0	0	0	0	0	0	0	0	0	0	0	0	0	0	0	0	0	0	0	0	0	0	
255236	Putamen_R	0	1072	314	13814	0	2376	0	1640	0	0	0	3950	0	1422	0	1970	0	1960	566	9156	278	790	676	5668	0	1692	0	1134	0	17814	1672	9006	0	1778	0	0	0	10038	0	3840	0	1226	0	0	0	0	0	0	0	0	0	0	0	0	0	4032	0	240	0	0	0	0	0	0	0	0	0	0	0	0	880	17624	274	0	0	4882	0	1836	0	0	0	800	0	620	0	738	0	0	0	1840	0	0	0	0	0	0	0	0	0	0	0	0	0	0	0	0	0	0	0	0	0	0	0	0	0	0	
63088	Pallidum_L	1786	0	7334	316	0	0	574	0	0	0	0	0	0	0	0	0	0	0	5830	398	0	0	194	0	0	0	0	0	182	0	226	0	0	0	0	0	904	0	0	0	0	0	0	0	0	0	0	0	0	0	0	0	0	0	0	0	332	0	0	0	0	0	0	0	0	0	0	0	730	0	2380	308	8554	0	0	0	1496	0	0	0	0	0	0	0	0	0	0	0	0	0	0	0	0	0	0	0	0	0	0	0	0	0	0	0	0	0	0	0	0	0	0	0	0	0	0	0	
42312	Pallidum_R	0	218	204	3678	0	0	0	426	0	0	0	552	0	436	0	96	0	0	260	1976	0	110	0	474	0	0	0	0	0	516	468	1094	0	450	0	0	0	196	0	0	0	0	0	0	0	0	0	0	0	0	0	0	0	0	0	0	0	0	0	0	0	0	0	0	0	0	0	0	0	0	640	4296	184	4882	0	0	0	0	0	0	0	0	0	0	0	0	0	0	0	0	0	0	0	0	0	0	0	0	0	0	0	0	0	0	0	0	0	0	0	0	0	0	0	0	0	0	
239952	Thalamus_L	13042	358	17126	4414	0	0	1354	0	0	0	0	0	0	0	0	0	168	0	6124	4200	0	0	158	0	0	0	0	0	1300	0	182	0	0	102	6370	10456	5286	6010	738	3922	94	0	0	0	0	0	968	2262	0	0	0	0	0	0	328	598	530	0	0	0	0	0	0	0	0	0	442	1468	6030	0	9596	1988	2090	0	1496	0	0	9410	152	0	0	0	0	0	0	0	0	0	0	126	0	0	0	0	0	0	0	376	0	0	0	0	0	0	0	0	0	0	0	0	712	0	0	0	0	0	
192104	Thalamus_R	484	5164	328	24028	0	0	0	142	0	0	0	470	0	0	0	0	0	0	216	10940	0	0	0	134	0	0	0	0	0	1636	246	440	0	290	388	3502	0	9842	0	3168	0	446	0	170	0	0	0	1988	0	0	0	94	0	304	0	1308	0	0	0	0	0	0	0	0	0	0	0	1070	0	0	754	13568	0	1836	0	0	9410	0	0	156	0	248	0	0	0	272	0	0	0	2440	0	0	0	0	0	0	0	570	0	0	0	0	0	0	0	0	0	0	0	0	0	0	0	0	0	0	
47380	Heschl_L	2462	0	304	0	0	0	346	0	0	0	316	0	0	0	0	0	2788	0	230	0	0	0	0	0	0	0	0	0	4368	0	0	0	0	0	274	0	1878	0	172	0	0	0	286	0	0	0	164	0	0	0	236	0	0	0	1742	0	892	0	0	0	136	0	156	0	0	0	266	0	0	0	0	0	0	0	0	0	152	0	0	0	2712	0	0	0	1134	0	0	0	2482	0	194	0	0	0	0	0	0	0	0	0	0	0	0	0	0	0	0	0	0	0	0	0	0	0	0	0	
36576	Heschl_R	0	668	0	956	0	0	0	0	0	0	0	238	0	0	0	0	0	2744	0	688	0	0	0	0	0	0	0	0	0	1814	0	0	0	0	0	0	0	996	0	226	0	0	0	0	0	0	0	0	0	0	0	0	0	152	0	268	0	424	0	0	0	0	0	502	0	0	0	184	0	0	0	0	0	0	0	0	0	156	0	0	0	6782	0	0	0	820	0	0	0	670	0	0	0	0	0	0	0	0	0	0	0	0	0	0	0	0	0	0	0	0	0	0	0	0	0	0	
268652	Temporal_Sup_L	2740	0	5780	118	0	0	564	0	0	0	4254	0	0	0	0	0	17382	0	5508	1814	0	0	0	0	0	0	0	0	12380	0	0	0	188	1110	0	0	3752	0	0	0	0	0	0	0	0	0	0	0	0	0	5094	0	248	0	3486	0	6252	0	3176	0	6362	0	9154	0	1474	0	388	0	0	0	178	0	1548	0	0	0	0	0	2712	0	0	0	3008	0	25280	0	632	0	9290	0	198	0	0	0	0	0	96	0	160	0	0	0	0	0	0	0	0	0	0	0	0	0	0	0	0	0	
118344	Temporal_Sup_R	0	1086	0	1054	0	0	0	0	0	0	0	582	0	0	0	1078	0	3316	0	704	0	0	0	0	0	0	0	0	0	4558	0	0	0	0	0	0	0	1930	0	726	0	0	0	384	0	152	0	160	0	1036	0	2778	0	186	0	808	0	400	0	0	0	254	0	5814	0	2464	0	1116	0	0	0	0	0	800	0	0	0	248	0	6782	0	0	0	4980	0	13122	0	304	0	2350	0	0	0	0	0	0	0	0	0	0	0	0	0	0	0	0	0	0	0	0	0	0	0	0	0	0	
57896	Temporal_Pole_Sup_L	0	0	1090	0	0	0	0	0	114	0	1072	0	160	0	1036	0	836	0	1032	468	314	0	0	0	0	0	0	0	3424	0	0	0	0	324	0	0	480	0	226	0	350	0	0	0	0	0	0	0	0	0	0	0	0	0	614	0	0	0	0	0	0	0	0	0	0	0	0	0	0	0	0	0	394	0	0	0	0	0	0	0	3008	0	0	0	5778	0	5152	0	3076	0	0	0	0	0	0	0	0	0	0	0	0	0	0	0	0	0	0	0	0	0	0	0	0	0	0	0	
71248	Temporal_Pole_Sup_R	0	0	0	354	0	0	0	0	0	0	0	210	0	0	0	2186	0	880	0	278	0	0	0	0	0	0	0	0	0	1900	0	0	0	0	0	0	0	1266	0	3298	0	2972	0	0	0	0	0	0	0	0	0	0	0	0	0	4422	0	0	0	0	0	0	0	0	0	0	0	0	0	0	0	0	0	620	0	0	0	0	0	0	0	4980	0	0	0	4514	0	4856	0	2888	0	0	0	0	0	0	0	0	0	0	0	0	0	0	0	0	0	0	0	0	0	0	0	0	0	0	
298484	Temporal_Mid_L	5308	0	466	0	0	0	400	0	0	0	0	0	0	0	0	0	3908	0	290	0	0	0	0	0	0	0	0	0	3066	0	0	0	0	0	0	0	1062	0	322	0	0	0	4292	0	430	0	3272	0	106	0	30538	0	2984	0	1844	0	4396	0	2578	0	5594	0	8320	0	9458	0	2688	0	0	0	0	0	104	0	0	0	0	0	1134	0	25280	0	5778	0	0	0	4620	0	21004	0	0	0	0	0	0	0	0	0	0	0	0	0	0	0	0	0	0	0	0	0	0	0	0	0	0	0	
283168	Temporal_Mid_R	0	3352	0	398	0	0	0	0	0	0	0	3238	0	0	0	112	0	0	0	1224	0	0	0	0	0	0	0	0	0	2222	0	0	0	98	0	112	0	3702	0	1596	0	728	0	7400	0	2354	0	1866	0	3248	0	17428	0	2002	0	4632	0	5216	0	1286	0	3992	0	6550	0	5700	0	11400	0	180	0	0	0	738	0	0	0	272	0	820	0	13122	0	4514	0	0	0	2852	0	29028	0	0	0	0	0	0	0	0	0	202	0	0	0	0	0	0	0	0	0	0	0	0	0	0	0	0	
29496	Temporal_Pole_Mid_L	0	0	0	0	0	0	0	0	0	0	0	0	0	0	0	0	0	0	0	0	0	0	0	0	0	0	0	0	0	0	0	0	0	0	0	0	0	0	0	0	0	0	0	0	0	0	0	0	0	0	0	0	0	0	804	0	0	0	0	0	0	0	0	0	0	0	0	0	0	0	0	0	0	0	0	0	0	0	0	0	632	0	5152	0	4620	0	0	0	3540	0	0	0	0	0	0	0	0	0	0	0	0	0	0	0	0	0	0	0	0	0	0	0	0	0	0	0	
26704	Temporal_Pole_Mid_R	0	0	0	0	0	0	0	0	0	0	0	0	0	0	0	0	0	0	0	0	0	0	0	0	0	0	0	0	0	0	0	0	0	0	0	0	0	138	0	960	0	252	0	0	0	0	0	0	0	0	0	0	0	0	0	1608	0	0	0	0	0	0	0	0	0	0	0	0	0	0	0	0	0	0	0	0	0	0	0	0	0	304	0	4856	0	2852	0	0	0	2382	0	0	0	0	0	0	0	0	0	0	0	0	0	0	0	0	0	0	0	0	0	0	0	0	0	0	
215140	Temporal_Inf_L	774	0	2408	0	0	0	0	0	0	0	0	0	0	0	0	0	1162	0	2350	0	0	0	0	0	0	0	0	0	8986	0	0	0	0	0	0	0	12628	0	412	0	1912	0	1020	0	0	0	1088	0	0	0	4944	0	3904	0	20118	0	324	0	300	0	392	0	278	0	254	0	886	0	0	0	94	0	566	0	0	0	0	0	2482	0	9290	0	3076	0	21004	0	3540	0	0	0	2096	0	292	0	0	0	226	0	522	0	120	0	122	0	0	0	0	0	0	0	0	0	0	0	0	0	
308060	Temporal_Inf_R	0	3364	0	1810	0	0	0	0	0	0	0	1870	0	0	0	218	0	0	0	4786	0	0	0	0	0	0	0	0	0	2134	0	0	0	448	94	1220	0	17434	0	5170	0	3786	0	9450	0	894	0	4094	0	1532	0	5968	0	12310	0	16126	0	2342	0	534	0	1502	0	3230	0	564	0	10556	0	0	0	0	0	1840	0	0	126	2440	0	670	0	2350	0	2888	0	29028	0	2382	0	0	0	594	0	0	0	0	0	0	0	166	0	0	0	110	0	0	0	0	0	0	0	0	0	0	0	0	
426904	Cerebelum_Crus1_L	0	0	0	0	0	0	0	0	0	0	0	0	0	0	0	0	0	0	0	0	0	0	0	0	0	0	0	0	94	0	0	0	0	0	0	0	518	0	130	0	0	0	0	0	0	0	10664	2088	0	0	96	0	730	0	21876	0	0	0	0	0	0	0	0	0	0	0	0	0	0	0	0	0	0	0	0	0	0	0	194	0	198	0	0	0	0	0	0	0	2096	0	0	942	35164	2316	382	0	21162	1210	52352	2464	12158	1160	20456	1642	2784	574	4686	0	134	260	4064	6262	4074	378	144	0	
288308	Cerebelum_Crus1_R	0	0	0	0	0	0	0	0	0	0	0	0	0	0	0	0	0	0	0	0	0	0	0	0	0	0	0	0	0	0	0	0	0	0	0	0	0	0	0	0	0	0	0	0	0	0	0	3006	0	0	0	0	0	0	0	7180	0	0	0	0	0	0	0	0	0	0	0	0	0	0	0	0	0	0	0	0	0	0	0	0	0	0	0	0	0	0	0	0	0	594	942	0	2262	24462	0	3032	200	17284	842	41848	302	3294	582	19536	0	4850	0	2258	0	568	4284	2284	3970	574	0	0	
298832	Cerebelum_Crus2_L	0	0	0	0	0	0	0	0	0	0	0	0	0	0	0	0	0	0	0	0	0	0	0	0	0	0	0	0	0	0	0	0	0	0	0	0	0	0	0	0	0	0	0	0	0	0	2192	306	0	0	0	0	0	0	1916	114	0	0	0	0	0	0	0	0	0	0	0	0	0	0	0	0	0	0	0	0	0	0	0	0	0	0	0	0	0	0	0	0	292	0	35164	2262	0	10080	0	0	712	0	9312	1346	26758	5082	31636	3312	5988	290	2992	0	0	0	244	1540	5904	1728	246	0	
215212	Cerebelum_Crus2_R	0	0	0	0	0	0	0	0	0	0	0	0	0	0	0	0	0	0	0	0	0	0	0	0	0	0	0	0	0	0	0	0	0	0	0	0	0	0	0	0	0	0	0	0	0	0	0	190	0	0	0	0	0	0	0	140	0	0	0	0	0	0	0	0	0	0	0	0	0	0	0	0	0	0	0	0	0	0	0	0	0	0	0	0	0	0	0	0	0	0	2316	24462	10080	0	0	0	0	146	738	2448	1568	16700	1792	28688	0	6022	0	922	0	0	0	946	8340	1896	110	102	
24192	Cerebelum_3_L	0	0	0	0	0	0	0	0	0	0	0	0	0	0	0	0	0	0	0	0	0	0	0	0	0	0	0	0	0	0	0	0	0	0	0	0	0	0	306	0	0	0	0	0	0	0	190	0	0	0	0	0	0	0	246	0	0	0	0	0	0	0	0	0	0	0	0	0	0	0	0	0	0	0	0	0	0	0	0	0	0	0	0	0	0	0	0	0	0	0	382	0	0	0	0	0	5890	0	534	0	0	0	152	0	98	0	236	0	624	3020	418	0	0	0	0	0	
45736	Cerebelum_3_R	0	0	0	0	0	0	0	0	0	0	0	0	0	0	0	0	0	0	0	0	0	0	0	0	0	0	0	0	0	0	0	0	0	0	0	0	142	0	272	368	0	0	0	0	0	0	224	470	0	0	0	0	0	0	0	0	0	0	0	0	0	0	0	0	0	0	0	0	0	0	0	0	0	0	0	0	0	0	0	0	0	0	0	0	0	0	0	0	0	0	0	3032	0	0	0	0	354	6870	0	5436	0	0	0	128	0	890	0	0	292	3488	902	0	0	0	0	0	
225408	Cerebelum_4_5_L	0	0	0	0	0	0	0	0	0	0	0	0	0	0	0	0	0	0	0	0	0	0	0	0	0	0	0	0	0	0	0	0	0	0	0	0	258	0	518	0	0	0	0	0	0	0	9016	1034	0	0	118	0	590	0	12216	0	0	0	0	0	0	0	0	0	0	0	0	0	0	0	0	0	0	0	0	0	0	0	0	0	96	0	0	0	0	0	0	0	226	0	21162	200	712	0	5890	354	0	2778	31818	744	3272	0	2706	0	1160	382	2926	0	452	3000	8970	1398	0	138	344	226	
182348	Cerebelum_4_5_R	194	184	0	330	0	0	0	0	0	0	0	0	0	0	0	0	0	0	0	0	0	0	0	0	0	0	0	0	0	0	0	0	0	0	188	446	0	2012	0	2638	0	0	0	222	0	0	384	4700	0	0	0	0	0	176	812	5368	0	0	0	0	0	0	0	0	0	0	0	432	0	0	0	0	0	0	0	0	376	570	0	0	0	0	0	0	0	0	0	0	0	0	1210	17284	0	146	0	6870	2778	0	2088	26094	232	0	174	546	120	802	188	450	0	1818	10738	604	0	0	0	0	
375740	Cerebelum_6_L	0	0	0	0	0	0	0	0	0	0	0	0	0	0	0	0	0	0	0	0	0	0	0	0	0	0	0	0	0	0	0	0	0	0	0	0	374	0	0	0	0	0	0	0	0	0	12092	3198	0	0	238	0	764	0	24970	0	0	0	0	0	0	0	0	0	0	0	0	0	0	0	0	0	0	0	0	0	0	0	0	0	160	0	0	0	0	0	0	0	522	0	52352	842	9312	738	534	0	31818	2088	0	4300	7264	312	6554	970	1912	746	4578	176	160	332	6820	10940	1984	330	490	0	
279648	Cerebelum_6_R	0	0	0	0	0	0	0	0	0	0	0	0	0	0	0	0	0	0	0	0	0	0	0	0	0	0	0	0	0	0	0	0	0	0	0	0	0	94	0	0	0	0	98	1206	0	118	112	8358	0	108	0	944	0	784	102	11778	0	0	0	0	0	0	0	0	0	0	0	154	0	0	0	0	0	0	0	0	0	0	0	0	0	0	0	0	0	202	0	0	0	166	2464	41848	1346	2448	0	5436	744	26094	4300	0	470	170	496	4810	334	2496	782	3192	0	884	6944	6870	2756	450	266	0	
188668	Cerebelum_7b_L	0	0	0	0	0	0	0	0	0	0	0	0	0	0	0	0	0	0	0	0	0	0	0	0	0	0	0	0	0	0	0	0	0	0	0	0	0	0	0	0	0	0	0	0	0	0	266	446	0	0	0	0	0	0	472	0	0	0	0	0	0	0	0	0	0	0	0	0	0	0	0	0	0	0	0	0	0	0	0	0	0	0	0	0	0	0	0	0	120	0	12158	302	26758	1568	0	0	3272	232	7264	470	0	1128	25302	1716	4770	170	2124	0	0	94	1248	836	2352	1266	0	0	
103852	Cerebelum_7b_R	0	0	0	0	0	0	0	0	0	0	0	0	0	0	0	0	0	0	0	0	0	0	0	0	0	0	0	0	0	0	0	0	0	0	0	0	0	0	0	0	0	0	0	0	0	0	0	0	0	0	0	0	0	0	0	0	0	0	0	0	0	0	0	0	0	0	0	0	0	0	0	0	0	0	0	0	0	0	0	0	0	0	0	0	0	0	0	0	0	0	1160	3294	5082	16700	0	0	0	0	312	170	1128	0	1348	13488	0	2200	0	0	0	0	0	446	4356	2142	0	100	
249968	Cerebelum_8_L	0	0	0	0	0	0	0	0	0	0	0	0	0	0	0	0	0	0	0	0	0	0	0	0	0	0	0	0	0	0	0	0	0	0	0	0	0	0	0	0	0	0	0	0	0	0	164	266	0	0	0	0	0	0	1004	0	0	0	0	0	0	0	0	0	0	0	0	0	0	0	0	0	0	0	0	0	0	0	0	0	0	0	0	0	0	0	0	0	122	0	20456	582	31636	1792	152	0	2706	174	6554	496	25302	1348	0	3254	14070	1100	4506	0	128	150	954	694	2646	3818	910	0	
223648	Cerebelum_8_R	0	0	0	0	0	0	0	0	0	0	0	0	0	0	0	0	0	0	0	0	0	0	0	0	0	0	0	0	0	0	0	0	0	0	0	0	0	0	0	0	0	0	0	0	0	0	0	568	0	0	0	0	0	0	0	182	0	0	0	0	0	0	0	0	0	0	0	0	0	0	0	0	0	0	0	0	0	0	0	0	0	0	0	0	0	0	0	0	0	110	1642	19536	3312	28688	0	128	0	546	970	4810	1716	13488	3254	0	218	16258	144	3784	0	0	274	1710	4648	4668	632	538	
81088	Cerebelum_9_L	0	0	0	0	0	0	0	0	0	0	0	0	0	0	0	0	0	0	0	0	0	0	0	0	0	0	0	0	0	0	0	0	0	0	0	0	0	0	0	0	0	0	0	0	0	0	0	124	0	0	0	0	0	0	0	0	0	0	0	0	0	0	0	0	0	0	0	0	0	0	0	0	0	0	0	0	0	0	0	0	0	0	0	0	0	0	0	0	0	0	2784	0	5988	0	98	0	1160	120	1912	334	4770	0	14070	218	0	322	3442	0	0	0	1336	1156	430	688	1084	508	
108992	Cerebelum_9_R	0	0	0	0	0	0	0	0	0	0	0	0	0	0	0	0	0	0	0	0	0	0	0	0	0	0	0	0	0	0	0	0	0	0	0	0	0	0	0	0	0	0	0	0	0	0	0	284	0	0	0	0	0	0	0	0	0	0	0	0	0	0	0	0	0	0	0	0	0	0	0	0	0	0	0	0	0	0	0	0	0	0	0	0	0	0	0	0	0	0	574	4850	290	6022	0	890	382	802	746	2496	170	2200	1100	16258	322	0	242	4086	264	548	1734	2046	814	2614	2798	1964	
61544	Cerebelum_10_L	0	0	0	0	0	0	0	0	0	0	0	0	0	0	0	0	0	0	0	0	0	0	0	0	0	0	0	0	0	0	0	0	0	0	0	0	0	0	0	0	0	0	0	0	0	0	0	830	0	0	0	0	0	0	182	0	0	0	0	0	0	0	0	0	0	0	0	0	0	0	0	0	0	0	0	0	0	0	0	0	0	0	0	0	0	0	0	0	0	0	4686	0	2992	0	236	0	2926	188	4578	782	2124	0	4506	144	3442	242	0	0	144	160	988	1514	0	0	108	0	
33168	Cerebelum_10_R	0	0	0	0	0	0	0	0	0	0	0	0	0	0	0	0	0	0	0	0	0	0	0	0	0	0	0	0	0	0	0	0	0	0	0	0	0	0	0	0	0	0	0	0	0	0	0	444	0	0	0	0	0	0	0	210	0	0	0	0	0	0	0	0	0	0	0	0	0	0	0	0	0	0	0	0	0	0	0	0	0	0	0	0	0	0	0	0	0	0	0	2258	0	922	0	0	0	450	176	3192	0	0	0	3784	0	4086	0	0	0	0	186	330	128	186	232	0	
19248	Vermis_1_2	0	0	0	0	0	0	0	0	0	0	0	0	0	0	0	0	0	0	0	0	0	0	0	0	0	0	0	0	0	0	0	0	0	0	0	0	0	0	212	0	0	0	0	0	0	0	264	0	0	0	0	0	0	0	0	0	0	0	0	0	0	0	0	0	0	0	0	0	0	0	0	0	0	0	0	0	0	0	0	0	0	0	0	0	0	0	0	0	0	0	134	0	0	0	624	292	452	0	160	0	0	0	128	0	0	264	144	0	0	5608	898	0	0	120	166	158	
49024	Vermis_3	0	0	0	0	0	0	0	0	0	0	0	0	0	0	0	0	0	0	0	0	0	0	0	0	0	0	0	0	0	0	0	0	0	0	0	0	548	0	1016	0	0	0	0	0	0	0	1086	0	0	0	0	0	0	0	0	0	0	0	0	0	0	0	0	0	0	0	0	0	0	0	0	0	0	0	0	0	0	0	0	0	0	0	0	0	0	0	0	0	0	0	260	568	0	0	3020	3488	3000	1818	332	884	94	0	150	0	0	548	160	0	5608	0	1510	0	0	130	170	122	
143568	Vermis_4_5	674	0	0	0	0	0	0	0	0	0	0	0	0	0	0	0	0	0	0	0	0	0	0	0	0	0	0	0	0	0	0	0	0	0	400	824	130	170	0	0	0	0	0	266	0	0	1454	2810	0	0	0	0	0	0	1566	1224	0	0	0	0	0	0	0	0	0	0	0	924	0	0	0	0	0	0	0	0	712	0	0	0	0	0	0	0	0	0	0	0	0	0	4064	4284	244	0	418	902	8970	10738	6820	6944	1248	0	954	274	1336	1734	988	186	898	1510	0	3564	108	744	2046	1656	
115792	Vermis_6	0	0	0	0	0	0	0	0	0	0	0	0	0	0	0	0	0	0	0	0	0	0	0	0	0	0	0	0	0	0	0	0	0	0	0	0	0	0	0	0	0	0	0	304	0	0	700	4294	0	0	0	0	0	0	1820	556	0	0	0	0	0	0	0	0	0	0	0	0	0	0	0	0	0	0	0	0	0	0	0	0	0	0	0	0	0	0	0	0	0	0	6262	2284	1540	946	0	0	1398	604	10940	6870	836	446	694	1710	1156	2046	1514	330	0	0	3564	0	2600	1276	2162	1044	
98012	Vermis_7	0	0	0	0	0	0	0	0	0	0	0	0	0	0	0	0	0	0	0	0	0	0	0	0	0	0	0	0	0	0	0	0	0	0	0	0	0	0	0	0	0	0	0	0	0	0	172	198	0	0	0	0	0	0	152	136	0	0	0	0	0	0	0	0	0	0	0	0	0	0	0	0	0	0	0	0	0	0	0	0	0	0	0	0	0	0	0	0	0	0	4074	3970	5904	8340	0	0	0	0	1984	2756	2352	4356	2646	4648	430	814	0	128	0	0	108	2600	0	2298	816	124	
58068	Vermis_8	0	0	0	0	0	0	0	0	0	0	0	0	0	0	0	0	0	0	0	0	0	0	0	0	0	0	0	0	0	0	0	0	0	0	0	0	0	0	0	0	0	0	0	0	0	0	0	0	0	0	0	0	0	0	0	0	0	0	0	0	0	0	0	0	0	0	0	0	0	0	0	0	0	0	0	0	0	0	0	0	0	0	0	0	0	0	0	0	0	0	378	574	1728	1896	0	0	138	0	330	450	1266	2142	3818	4668	688	2614	0	186	120	130	744	1276	2298	0	2804	786	
