data	data	555596	282716	764972	775212	171212	116852	368576	206256	81648	33540	168812	122668	208464	104148	193012	64764	171808	54580	640708	933076	61212	66996	299760	310112	22308	94208	50548	68120	569944	227208	237012	419676	110164	606264	172508	197872	228900	340948	62520	198684	36156	52024	243960	436260	184452	283804	202400	227732	225620	288344	448804	213792	131004	110852	242004	353920	289000	197828	131952	89460	205864	145984	90920	138972	152752	162548	274024	486288	264600	254980	267688	325904	371644	321380	73308	30320	129396	195296	83168	24476	108320	135148	63604	45856	262104	225264	18920	6032	219252	344760	245200	167412	136568	113936	19516	18712	128632	93764	228264	166816	117964	45500	128428	130044	39132	31876	19892	2876	11236	12968	74576	70660	86812	22196	15988	9916	
data	data	Precentral_L	Precentral_R	Frontal_Sup_L	Frontal_Sup_R	Frontal_Sup_Orb_L	Frontal_Sup_Orb_R	Frontal_Mid_L	Frontal_Mid_R	Frontal_Mid_Orb_L	Frontal_Mid_Orb_R	Frontal_Inf_Oper_L	Frontal_Inf_Oper_R	Frontal_Inf_Tri_L	Frontal_Inf_Tri_R	Frontal_Inf_Orb_L	Frontal_Inf_Orb_R	Rolandic_Oper_L	Rolandic_Oper_R	Supp_Motor_Area_L	Supp_Motor_Area_R	Olfactory_L	Olfactory_R	Frontal_Sup_Medial_L	Frontal_Sup_Medial_R	Frontal_Med_Orb_L	Frontal_Med_Orb_R	Rectus_L	Rectus_R	Insula_L	Insula_R	Cingulum_Ant_L	Cingulum_Ant_R	Cingulum_Mid_L	Cingulum_Mid_R	Cingulum_Post_L	Cingulum_Post_R	Hippocampus_L	Hippocampus_R	ParaHippocampal_L	ParaHippocampal_R	Amygdala_L	Amygdala_R	Calcarine_L	Calcarine_R	Cuneus_L	Cuneus_R	Lingual_L	Lingual_R	Occipital_Sup_L	Occipital_Sup_R	Occipital_Mid_L	Occipital_Mid_R	Occipital_Inf_L	Occipital_Inf_R	Fusiform_L	Fusiform_R	Postcentral_L	Postcentral_R	Parietal_Sup_L	Parietal_Sup_R	Parietal_Inf_L	Parietal_Inf_R	SupraMarginal_L	SupraMarginal_R	Angular_L	Angular_R	Precuneus_L	Precuneus_R	Paracentral_Lobule_L	Paracentral_Lobule_R	Caudate_L	Caudate_R	Putamen_L	Putamen_R	Pallidum_L	Pallidum_R	Thalamus_L	Thalamus_R	Heschl_L	Heschl_R	Temporal_Sup_L	Temporal_Sup_R	Temporal_Pole_Sup_L	Temporal_Pole_Sup_R	Temporal_Mid_L	Temporal_Mid_R	Temporal_Pole_Mid_L	Temporal_Pole_Mid_R	Temporal_Inf_L	Temporal_Inf_R	Cerebelum_Crus1_L	Cerebelum_Crus1_R	Cerebelum_Crus2_L	Cerebelum_Crus2_R	Cerebelum_3_L	Cerebelum_3_R	Cerebelum_4_5_L	Cerebelum_4_5_R	Cerebelum_6_L	Cerebelum_6_R	Cerebelum_7b_L	Cerebelum_7b_R	Cerebelum_8_L	Cerebelum_8_R	Cerebelum_9_L	Cerebelum_9_R	Cerebelum_10_L	Cerebelum_10_R	Vermis_1_2	Vermis_3	Vermis_4_5	Vermis_6	Vermis_7	Vermis_8	Vermis_9	Vermis_10	
555596	Precentral_L	0	9930	8908	4960	220	0	14310	162	0	0	9428	162	2716	128	206	0	7720	0	11540	20656	0	0	128	0	0	0	0	0	14020	0	278	0	2042	7282	7540	4148	5338	838	376	0	0	0	770	0	1138	0	148	0	924	0	1226	0	1132	0	0	0	33162	0	716	0	3384	0	324	0	0	0	1632	0	44526	656	3274	1596	13238	0	4792	0	21470	4722	3392	0	172	0	0	0	506	0	0	0	1862	0	0	0	0	0	0	0	0	0	0	0	0	0	0	0	0	0	0	0	0	0	0	0	0	0	0	0	
282716	Precentral_R	9930	0	0	8706	0	0	0	3232	0	0	0	5000	0	0	0	0	0	770	184	18088	0	0	0	0	0	0	0	0	0	1504	0	0	182	7948	3808	5538	616	9530	140	1918	0	0	0	2476	0	916	0	674	0	1088	0	1084	0	806	0	4480	0	10844	0	352	0	1958	0	2272	0	398	0	4410	9890	8644	0	1122	0	1280	0	0	0	2872	0	516	0	992	0	0	0	1184	0	0	0	6006	0	0	0	0	0	0	0	0	0	0	0	0	0	0	0	0	0	0	0	0	0	0	0	0	0	0	
764972	Frontal_Sup_L	8908	0	0	9966	11398	0	64488	1310	3108	0	9618	368	19306	208	9676	0	5972	0	72674	14254	152	0	42488	3528	1654	0	886	0	33144	270	14622	2126	1726	1828	0	0	700	0	0	0	0	0	0	0	0	0	0	0	0	0	0	0	0	0	0	0	4348	0	0	0	0	0	0	0	0	0	0	0	1218	0	11068	1710	22058	1646	3880	0	474	116	1406	0	0	0	184	0	0	0	0	0	0	0	0	0	0	0	0	0	0	0	0	0	0	0	0	0	0	0	0	0	0	0	0	0	0	0	0	0	
775212	Frontal_Sup_R	4960	8706	9966	0	0	6950	564	27650	0	2330	1516	3258	322	4004	0	2964	884	764	18176	73304	0	0	5640	40234	142	3186	0	386	2650	6646	2288	38044	1222	31556	336	778	368	2148	324	880	0	0	0	280	0	0	744	122	0	0	0	0	0	0	0	76	0	658	0	0	0	0	0	0	0	0	0	506	3118	528	7006	26180	2768	20782	0	3308	0	18044	0	0	0	0	0	0	0	0	0	0	0	120	0	0	0	0	0	0	220	0	0	0	0	0	0	0	0	0	0	0	0	0	0	0	0	0	0	0	
171212	Frontal_Sup_Orb_L	220	0	11398	0	0	0	1046	0	12786	0	0	0	1454	0	20616	0	258	0	1058	0	2270	0	6198	0	2778	0	7524	0	9894	0	1948	0	0	0	0	0	0	0	0	0	180	0	0	0	0	0	0	0	0	0	0	0	0	0	0	0	186	0	0	0	0	0	0	0	0	0	0	0	0	0	742	0	4072	0	0	0	0	0	0	0	0	0	978	0	0	0	0	0	0	0	0	0	0	0	0	0	0	0	0	0	0	0	0	0	0	0	0	0	0	0	0	0	0	0	0	0	
116852	Frontal_Sup_Orb_R	0	0	0	6950	0	0	0	1274	0	4264	0	0	0	734	0	4996	0	0	0	1006	0	1898	0	7212	0	8568	0	8072	0	1960	0	4598	0	116	0	0	0	0	0	0	0	0	0	0	0	0	0	0	0	0	0	0	0	0	0	0	0	0	0	0	0	0	0	0	0	0	0	0	0	0	200	2632	88	3858	0	0	0	0	0	0	0	0	0	0	0	0	0	0	0	0	0	0	0	0	0	0	0	0	0	0	0	0	0	0	0	0	0	0	0	0	0	0	0	0	0	0	
368576	Frontal_Mid_L	14310	0	64488	564	1046	0	0	0	1770	0	8352	0	19020	0	4748	0	554	0	11904	734	0	0	13696	2158	0	0	0	0	16732	0	2554	568	598	582	0	0	1348	0	0	0	0	0	0	0	0	0	0	0	0	0	0	0	78	0	0	0	1526	0	0	0	0	0	0	0	0	0	0	0	3316	0	1508	108	4242	0	762	0	4718	502	1640	0	0	0	0	0	0	0	0	0	162	0	0	0	0	0	0	0	0	0	0	0	0	0	0	0	0	0	0	0	0	0	0	0	0	0	0	0	
206256	Frontal_Mid_R	162	3232	1310	27650	0	1274	0	0	0	2346	0	5550	0	7684	0	3750	0	604	2644	5826	0	0	432	3298	0	266	0	314	602	4050	592	2724	102	5892	74	74	130	1628	90	318	0	0	0	0	0	0	200	0	0	0	0	0	0	0	0	0	0	218	0	0	0	118	0	168	0	0	0	0	0	0	4450	1510	1434	8508	0	820	0	3004	0	0	0	80	0	0	0	0	0	0	0	0	0	0	0	0	0	0	0	0	0	0	0	0	0	0	0	0	0	0	0	0	0	0	0	0	0	0	
81648	Frontal_Mid_Orb_L	0	0	3108	0	12786	0	1770	0	0	0	0	0	1524	0	15456	0	0	0	138	0	462	0	434	0	0	0	1682	0	2606	0	108	0	0	0	0	0	0	0	0	0	0	0	0	0	0	0	0	0	0	0	0	0	0	0	0	0	0	0	0	0	0	0	0	0	0	0	0	0	0	0	0	0	202	0	0	0	0	0	0	0	0	0	548	0	0	0	0	0	0	0	0	0	0	0	0	0	0	0	0	0	0	0	0	0	0	0	0	0	0	0	0	0	0	0	0	0	
33540	Frontal_Mid_Orb_R	0	0	0	2330	0	4264	0	2346	0	0	0	0	0	352	0	3404	0	0	0	104	0	0	0	658	0	494	0	1104	0	454	0	716	0	0	0	0	0	0	0	0	0	0	0	0	0	0	0	0	0	0	0	0	0	0	0	0	0	0	0	0	0	0	0	0	0	0	0	0	0	0	0	80	0	464	0	0	0	0	0	0	0	0	0	0	0	0	0	0	0	0	0	0	0	0	0	0	0	0	0	0	0	0	0	0	0	0	0	0	0	0	0	0	0	0	0	0	
168812	Frontal_Inf_Oper_L	9428	0	9618	1516	0	0	8352	0	0	0	0	870	13174	748	686	0	5330	0	5438	1616	0	0	820	0	0	0	0	0	12904	0	5206	76	110	0	0	0	194	0	0	0	0	0	0	0	0	0	0	0	0	0	0	0	0	0	0	0	2530	0	0	0	0	0	0	0	0	0	0	0	0	0	604	1508	1550	668	326	0	0	0	558	0	222	0	354	0	0	0	0	0	0	0	0	0	0	0	0	0	0	0	0	0	0	0	0	0	0	0	0	0	0	0	0	0	0	0	0	0	
122668	Frontal_Inf_Oper_R	162	5000	368	3258	0	0	0	5550	0	0	870	0	0	9594	0	0	1114	976	722	4050	0	0	98	144	0	0	0	0	1432	9064	188	972	0	2242	0	0	0	2206	0	336	0	0	0	0	0	0	0	0	0	0	0	0	0	0	0	896	0	822	0	0	0	416	0	542	0	0	0	76	0	0	924	864	444	4486	0	324	0	362	0	532	0	690	0	92	0	192	0	0	0	1326	0	0	0	0	0	0	0	0	0	0	0	0	0	0	0	0	0	0	0	0	0	0	0	0	0	0	
208464	Frontal_Inf_Tri_L	2716	0	19306	322	1454	0	19020	0	1524	0	13174	0	0	0	10516	0	294	0	5680	362	0	0	1820	0	0	0	0	0	21146	0	4688	0	186	0	0	0	0	0	0	0	0	0	0	0	0	0	0	0	0	0	0	0	0	0	0	0	0	0	0	0	0	0	0	0	0	0	0	0	0	0	326	294	756	204	0	0	0	0	0	0	114	0	330	0	0	0	0	0	0	0	0	0	0	0	0	0	0	0	0	0	0	0	0	0	0	0	0	0	0	0	0	0	0	0	0	0	
104148	Frontal_Inf_Tri_R	128	0	208	4004	0	734	0	7684	0	352	748	9594	0	0	0	1992	868	240	506	2626	0	0	0	1528	0	156	0	0	994	8784	138	3818	0	1942	0	0	0	102	0	0	0	0	0	0	0	0	0	0	0	0	0	0	0	0	0	0	0	0	0	0	0	0	0	0	0	0	0	0	0	0	456	560	194	3718	0	0	0	0	0	0	0	0	0	0	0	0	0	0	0	0	0	0	0	0	0	0	0	0	0	0	0	0	0	0	0	0	0	0	0	0	0	0	0	0	0	0	
193012	Frontal_Inf_Orb_L	206	0	9676	0	20616	0	4748	0	15456	0	686	0	10516	0	0	0	226	0	1372	0	2172	0	2618	0	0	0	3370	0	16818	0	952	0	0	0	0	0	296	0	0	0	266	0	0	0	0	0	0	0	0	0	0	0	0	0	0	0	170	0	0	0	0	0	0	0	0	0	0	0	0	0	706	0	3652	0	0	0	0	0	0	0	0	0	1984	0	0	0	0	0	0	0	0	0	0	0	0	0	0	0	0	0	0	0	0	0	0	0	0	0	0	0	0	0	0	0	0	0	
64764	Frontal_Inf_Orb_R	0	0	0	2964	0	4996	0	3750	0	3404	0	0	0	1992	0	0	0	0	0	82	0	1586	0	1600	0	2128	0	1480	0	5540	0	872	0	0	0	0	0	130	0	280	0	122	0	0	0	0	0	0	0	0	0	0	0	0	0	236	0	0	0	0	0	0	0	0	0	0	0	0	0	0	0	78	0	530	0	0	0	0	0	0	0	0	0	528	0	0	0	0	0	84	0	0	0	0	0	0	0	0	0	0	0	0	0	0	0	0	0	0	0	0	0	0	0	0	0	0	
171808	Rolandic_Oper_L	7720	0	5972	884	258	0	554	0	0	0	5330	1114	294	868	226	0	0	0	7114	960	0	0	376	0	0	0	0	0	20532	110	420	0	382	0	0	0	1088	0	0	0	0	0	0	0	0	0	0	0	0	0	264	0	292	0	0	0	11682	0	0	0	382	0	3260	0	0	0	0	0	0	0	1242	790	4110	310	190	0	0	272	4788	0	2026	0	376	0	732	0	0	0	986	0	0	0	0	0	0	0	0	0	0	0	0	0	0	0	0	0	0	0	0	0	0	0	0	0	0	0	
54580	Rolandic_Oper_R	0	770	0	764	0	0	0	604	0	0	0	976	0	240	0	0	0	0	84	716	0	0	0	0	0	0	0	0	0	7866	0	0	0	202	0	0	0	608	0	0	0	0	0	118	0	0	0	0	0	84	0	0	0	0	0	152	0	4826	0	0	0	0	0	3014	0	0	0	174	0	118	0	0	0	1444	0	356	0	0	0	1102	0	2070	0	472	0	266	0	0	0	264	0	0	0	0	0	0	0	0	0	0	0	0	0	0	0	0	0	0	0	0	0	0	0	0	0	0	
640708	Supp_Motor_Area_L	11540	184	72674	18176	1058	0	11904	2644	138	0	5438	722	5680	506	1372	0	7114	84	0	46848	0	0	11356	2214	0	0	0	0	17594	514	9972	8162	6148	22066	112	426	542	102	0	0	0	0	0	0	0	0	0	0	0	0	0	0	0	0	0	0	7236	0	0	0	0	0	120	0	0	0	0	274	4514	106	12990	2924	19814	2588	2752	0	152	312	1206	0	76	0	0	0	0	0	0	0	0	0	0	0	0	0	0	0	0	0	0	0	0	0	0	0	0	0	0	0	0	0	0	0	0	0	0	0	
933076	Supp_Motor_Area_R	20656	18088	14254	73304	0	1006	734	5826	0	104	1616	4050	362	2626	0	82	960	716	46848	0	0	0	1620	8962	0	272	0	0	2632	4430	2478	22920	5048	69140	2444	8022	106	1354	0	628	0	0	0	5950	0	1780	188	2070	0	3256	0	1872	0	1170	0	1548	900	1996	0	78	0	0	0	160	0	78	74	9588	18184	21922	6608	31790	2244	12856	76	2760	0	12286	0	0	0	412	0	0	0	1308	0	0	0	4096	0	0	0	0	0	0	0	0	0	0	0	0	0	0	0	0	0	0	0	0	0	0	0	0	0	0	
61212	Olfactory_L	0	0	152	0	2270	0	0	0	462	0	0	0	0	0	2172	0	0	0	0	0	0	4628	0	0	0	346	2654	1040	2426	0	1838	1892	0	0	0	0	450	0	230	0	868	0	0	0	0	0	0	0	0	0	0	0	0	0	0	0	0	0	0	0	0	0	0	0	0	0	0	0	0	0	5006	1668	2400	0	0	0	0	0	0	0	0	0	104	0	0	0	0	0	0	0	0	0	0	0	0	0	0	0	0	0	0	0	0	0	0	0	0	0	0	0	0	0	0	0	0	0	
66996	Olfactory_R	0	0	0	0	0	1898	0	0	0	0	0	0	0	0	0	1586	0	0	0	0	4628	0	0	204	0	2700	736	3978	0	1692	1832	2946	0	0	0	0	0	94	0	324	0	300	0	0	0	0	0	0	0	0	0	0	0	0	0	0	0	0	0	0	0	0	0	0	0	0	0	0	0	0	5456	3118	1484	302	0	0	0	0	0	0	0	0	0	220	0	0	0	0	0	0	0	0	0	0	0	0	0	0	0	0	0	0	0	0	0	0	0	0	0	0	0	0	0	0	0	0	
299760	Frontal_Sup_Medial_L	128	0	42488	5640	6198	0	13696	432	434	0	820	98	1820	0	2618	0	376	0	11356	1620	0	0	0	14450	2632	96	802	0	4568	0	16990	8178	2952	6510	0	0	120	0	0	0	0	0	0	0	0	0	0	0	0	0	0	0	0	0	0	0	108	0	0	0	0	0	0	0	0	0	0	0	0	0	860	358	3248	206	0	0	0	0	0	0	0	0	78	0	0	0	0	0	0	0	0	0	0	0	0	0	0	0	0	0	0	0	0	0	0	0	0	0	0	0	0	0	0	0	0	0	
310112	Frontal_Sup_Medial_R	0	0	3528	40234	0	7212	2158	3298	0	658	0	144	0	1528	0	1600	0	0	2214	8962	0	204	14450	0	692	6908	0	720	108	2084	3838	27298	748	19628	0	0	0	0	0	0	0	0	0	0	0	0	0	0	0	0	0	0	0	0	0	0	0	0	0	0	0	0	0	0	0	0	0	0	0	0	218	2188	176	4260	0	0	0	0	0	0	0	0	0	0	0	0	0	0	0	0	0	0	0	0	0	0	0	0	0	0	0	0	0	0	0	0	0	0	0	0	0	0	0	0	0	0	
22308	Frontal_Med_Orb_L	0	0	1654	142	2778	0	0	0	0	0	0	0	0	0	0	0	0	0	0	0	0	0	2632	692	0	488	604	0	0	0	1662	174	0	0	0	0	0	0	0	0	0	0	0	0	0	0	0	0	0	0	0	0	0	0	0	0	0	0	0	0	0	0	0	0	0	0	0	0	0	0	222	0	106	0	0	0	0	0	0	0	0	0	0	0	0	0	0	0	0	0	0	0	0	0	0	0	0	0	0	0	0	0	0	0	0	0	0	0	0	0	0	0	0	0	0	0	
94208	Frontal_Med_Orb_R	0	0	0	3186	0	8568	0	266	0	494	0	0	0	156	0	2128	0	0	0	272	346	2700	96	6908	488	0	76	8180	0	1172	582	4870	0	0	0	0	0	0	0	0	0	0	0	0	0	0	0	0	0	0	0	0	0	0	0	0	0	0	0	0	0	0	0	0	0	0	0	0	0	0	550	2730	78	3258	0	0	0	0	0	0	0	0	0	0	0	0	0	0	0	0	0	0	0	0	0	0	0	0	0	0	0	0	0	0	0	0	0	0	0	0	0	0	0	0	0	0	
50548	Rectus_L	0	0	886	0	7524	0	0	0	1682	0	0	0	0	0	3370	0	0	0	0	0	2654	736	802	0	604	76	0	354	884	0	2332	642	0	0	0	0	0	0	0	0	76	0	0	0	0	0	0	0	0	0	0	0	0	0	0	0	0	0	0	0	0	0	0	0	0	0	0	0	0	0	1264	0	1212	0	0	0	0	0	0	0	0	0	176	0	0	0	0	0	0	0	0	0	0	0	0	0	0	0	0	0	0	0	0	0	0	0	0	0	0	0	0	0	0	0	0	0	
68120	Rectus_R	0	0	0	386	0	8072	0	314	0	1104	0	0	0	0	0	1480	0	0	0	0	1040	3978	0	720	0	8180	354	0	0	478	810	2470	0	0	0	0	0	0	0	0	0	0	0	0	0	0	0	0	0	0	0	0	0	0	0	0	0	0	0	0	0	0	0	0	0	0	0	0	0	0	870	2376	296	1132	0	0	0	0	0	0	0	0	0	0	0	0	0	0	0	0	0	0	0	0	0	0	0	0	0	0	0	0	0	0	0	0	0	0	0	0	0	0	0	0	0	0	
569944	Insula_L	14020	0	33144	2650	9894	0	16732	602	2606	0	12904	1432	21146	994	16818	0	20532	0	17594	2632	2426	0	4568	108	0	0	884	0	0	346	5438	210	634	0	352	322	15230	314	1134	0	2444	0	214	0	152	0	0	0	134	0	792	0	860	0	1940	0	10128	0	0	0	0	0	1006	0	0	0	86	0	156	0	5652	2260	26030	1326	1572	0	1720	386	10092	0	3378	0	2500	0	1566	0	0	0	4912	0	0	0	0	0	0	0	0	0	0	0	0	0	0	0	0	0	0	0	0	0	0	0	0	0	0	0	
227208	Insula_R	0	1504	270	6646	0	1960	0	4050	0	454	0	9064	0	8784	0	5540	110	7866	514	4430	0	1692	0	2084	0	1172	0	478	346	0	88	3430	0	1616	0	76	0	8504	0	4104	0	660	0	452	0	0	0	264	0	0	0	0	0	228	0	5160	0	1284	0	0	0	0	0	146	0	0	0	648	0	144	428	824	190	16674	0	218	0	564	0	1256	0	3626	0	1606	0	1732	0	0	0	2718	0	0	0	0	0	0	0	0	0	0	0	0	0	0	0	0	0	0	0	0	0	0	0	0	0	0	
237012	Cingulum_Ant_L	278	0	14622	2288	1948	0	2554	592	108	0	5206	188	4688	138	952	0	420	0	9972	2478	1838	1832	16990	3838	1662	582	2332	810	5438	88	0	9320	4222	2802	0	0	108	0	0	0	0	0	0	0	0	0	0	0	0	0	0	0	0	0	0	0	0	0	0	0	0	0	0	0	0	0	0	0	0	0	7334	2516	9226	920	0	0	0	0	0	0	136	0	80	0	0	0	0	0	0	0	0	0	0	0	0	0	0	0	0	0	0	0	0	0	0	0	0	0	0	0	0	0	0	0	0	0	
419676	Cingulum_Ant_R	0	0	2126	38044	0	4598	568	2724	0	716	76	972	0	3818	0	872	0	0	8162	22920	1892	2946	8178	27298	174	4870	642	2470	210	3430	9320	0	1390	26030	0	0	0	88	0	0	0	0	0	0	0	0	0	0	0	0	0	0	0	0	0	0	0	0	0	0	0	0	0	0	0	0	0	0	0	0	3394	19140	1160	11610	0	0	0	0	0	0	0	0	0	0	0	0	0	0	0	0	0	0	0	0	0	0	0	0	0	0	0	0	0	0	0	0	0	0	0	0	0	0	0	0	0	0	
110164	Cingulum_Mid_L	2042	182	1726	1222	0	0	598	102	0	0	110	0	186	0	0	0	382	0	6148	5048	0	0	2952	748	0	0	0	0	634	0	4222	1390	0	10034	968	256	0	0	0	0	0	0	226	0	478	462	0	0	784	88	1490	0	94	0	0	0	820	240	0	0	0	0	0	0	0	0	2618	1940	4508	1556	0	0	0	0	0	0	0	0	242	0	0	0	0	0	372	0	0	0	214	0	0	0	0	0	0	0	0	0	0	0	0	0	0	0	0	0	0	0	0	0	0	0	0	0	0	0	
606264	Cingulum_Mid_R	7282	7948	1828	31556	0	116	582	5892	0	0	0	2242	0	1942	0	0	0	202	22066	69140	0	0	6510	19628	0	0	0	0	0	1616	2802	26030	10034	0	1924	8346	0	560	0	270	0	0	0	6402	0	2384	0	3334	0	2026	0	694	0	780	0	768	0	2070	0	0	0	0	0	0	0	0	1006	16886	8076	21346	146	2390	82	2510	0	80	0	152	0	0	0	166	0	0	0	632	0	0	0	2686	0	0	0	0	0	0	0	0	0	0	0	0	0	0	0	0	0	0	0	0	0	0	0	0	0	0	
172508	Cingulum_Post_L	7540	3808	0	336	0	0	0	74	0	0	0	0	0	0	0	0	0	0	112	2444	0	0	0	0	0	0	0	0	352	0	0	0	968	1924	0	14604	8600	5708	1040	708	0	0	5202	86	2464	92	2570	850	168	0	102	0	188	0	0	0	424	0	0	0	0	0	0	0	0	0	7650	3148	8322	76	0	0	0	0	0	0	1536	4296	666	0	0	0	0	0	0	0	0	0	100	0	0	0	0	0	0	0	0	0	0	0	0	0	0	0	0	0	0	0	0	0	96	0	0	0	0	0	
197872	Cingulum_Post_R	4148	5538	0	778	0	0	0	74	0	0	0	0	0	0	0	0	0	0	426	8022	0	0	0	0	0	0	0	0	322	76	0	0	256	8346	14604	0	6530	7736	424	1302	0	0	198	2408	616	590	196	3898	0	0	0	0	0	0	0	544	238	96	0	0	0	0	0	0	0	0	2602	13552	3224	3920	0	0	0	0	0	0	2036	4722	650	0	0	0	0	0	0	0	0	0	0	480	0	0	0	0	0	0	0	0	0	0	0	0	0	0	0	0	0	0	0	0	384	0	0	0	0	0	
228900	Hippocampus_L	5338	616	700	368	0	0	1348	130	0	0	194	0	0	0	296	0	1088	0	542	106	450	0	120	0	0	0	0	0	15230	0	108	0	0	0	8600	6530	0	4618	8746	762	7810	0	2864	0	0	0	4172	858	120	0	178	0	568	0	8146	0	1950	0	0	0	104	0	280	0	126	0	2846	1384	0	0	300	0	6900	0	1566	0	3344	4286	2390	0	1518	0	708	0	710	0	0	0	5030	0	0	0	0	0	118	0	204	0	80	0	0	0	0	0	0	0	0	0	0	0	0	0	0	0	0	0	
340948	Hippocampus_R	838	9530	0	2148	0	0	0	1628	0	0	0	2206	0	102	0	130	0	608	102	1354	0	94	0	0	0	0	0	0	314	8504	0	88	0	560	5708	7736	4618	0	396	30606	0	8518	0	3626	0	0	214	4778	0	0	0	0	0	1224	0	28392	202	292	0	0	0	0	0	338	0	78	488	7136	0	382	0	0	0	11452	0	828	706	5576	620	804	0	2454	0	324	0	1794	0	0	0	12388	0	0	0	0	0	0	0	326	0	0	0	0	0	0	0	0	0	0	0	0	264	0	0	0	0	0	
62520	ParaHippocampal_L	376	140	0	324	0	0	0	90	0	0	0	0	0	0	0	0	0	0	0	0	230	0	0	0	0	0	0	0	1134	0	0	0	0	0	1040	424	8746	396	0	0	1148	0	1214	0	0	0	3580	0	398	0	990	0	684	0	3688	0	78	0	0	0	830	0	0	0	910	0	1184	0	0	0	0	0	1030	0	120	0	82	786	0	0	0	0	350	0	0	0	276	0	414	0	0	0	0	0	166	0	324	0	108	0	0	0	0	0	0	0	0	0	0	0	0	0	0	0	0	0	
198684	ParaHippocampal_R	0	1918	0	880	0	0	0	318	0	0	0	336	0	0	0	280	0	0	0	628	0	324	0	0	0	0	0	0	0	4104	0	0	0	270	708	1302	762	30606	0	0	0	7870	0	1784	0	0	92	3114	0	0	0	0	0	1262	0	21310	0	100	0	0	0	0	0	0	0	0	266	3492	0	212	0	0	0	6710	0	522	0	1208	0	316	0	836	0	1626	0	562	0	144	0	5086	0	0	0	0	0	0	0	394	0	0	0	0	0	0	0	0	0	0	0	0	0	0	0	0	0	0	
36156	Amygdala_L	0	0	0	0	180	0	0	0	0	0	0	0	0	0	266	0	0	0	0	0	868	0	0	0	0	0	76	0	2444	0	0	0	0	0	0	0	7810	0	1148	0	0	0	0	0	0	0	0	0	0	0	0	0	0	0	2862	0	0	0	0	0	0	0	0	0	0	0	0	0	0	0	0	0	438	0	0	0	0	0	0	0	0	0	652	0	0	0	204	0	1130	0	0	0	0	0	0	0	0	0	0	0	0	0	0	0	0	0	0	0	0	0	0	0	0	0	0	0	
52024	Amygdala_R	0	0	0	0	0	0	0	0	0	0	0	0	0	0	0	122	0	0	0	0	0	300	0	0	0	0	0	0	0	660	0	0	0	0	0	0	0	8518	0	7870	0	0	0	0	0	0	0	0	0	0	0	0	0	0	0	5148	0	0	0	0	0	0	0	0	0	0	0	0	0	0	0	0	0	1366	0	0	0	0	0	0	0	0	0	2028	0	0	0	0	0	0	0	0	0	0	0	0	0	0	0	0	0	0	0	0	0	0	0	0	0	0	0	0	0	0	0	0	
243960	Calcarine_L	770	0	0	0	0	0	0	0	0	0	0	0	0	0	0	0	0	0	0	0	0	0	0	0	0	0	0	0	214	0	0	0	226	0	5202	198	2864	0	1214	0	0	0	0	8726	12784	4694	13810	3006	7280	2300	22838	634	5828	148	4962	0	524	0	76	0	106	0	0	0	88	0	18850	686	2180	0	0	0	0	0	0	0	0	0	124	0	0	0	0	0	400	0	0	0	1130	0	118	0	0	0	0	0	0	0	0	0	0	0	0	0	0	0	0	0	0	0	0	0	0	0	0	0	
436260	Calcarine_R	0	2476	0	280	0	0	0	0	0	0	0	0	0	0	0	0	0	118	0	5950	0	0	0	0	0	0	0	0	0	452	0	0	0	6402	86	2408	0	3626	0	1784	0	0	8726	0	5600	28152	2022	28402	0	27050	0	15346	0	6972	0	7560	0	6908	0	152	0	196	0	410	0	128	872	33490	0	10528	0	0	0	204	0	0	0	0	0	92	0	484	0	0	0	734	0	0	0	10396	0	124	0	0	0	0	0	0	0	0	0	0	0	0	0	0	0	0	0	0	0	0	0	0	0	0	
184452	Cuneus_L	1138	0	0	0	0	0	0	0	0	0	0	0	0	0	0	0	0	0	0	0	0	0	0	0	0	0	0	0	152	0	0	0	478	0	2464	616	0	0	0	0	0	0	12784	5600	0	7190	1664	100	21150	2238	12928	406	206	0	244	0	660	0	1750	0	0	0	0	0	0	0	14796	2034	3374	0	0	0	0	0	0	0	0	0	84	0	0	0	0	0	96	0	0	0	74	0	0	0	0	0	0	0	0	0	0	0	0	0	0	0	0	0	0	0	0	0	0	0	0	0	0	0	
283804	Cuneus_R	0	916	0	0	0	0	0	0	0	0	0	0	0	0	0	0	0	0	0	1780	0	0	0	0	0	0	0	0	0	0	0	0	462	2384	92	590	0	0	0	0	0	0	4694	28152	7190	0	122	1992	0	35938	0	12302	0	906	0	200	0	3496	0	3602	0	154	0	0	0	514	4470	24754	0	4562	0	0	0	0	0	0	0	0	0	0	0	0	0	0	0	238	0	0	0	2392	0	0	0	0	0	0	0	0	0	0	0	0	0	0	0	0	0	0	0	0	0	0	0	0	0	0	
202400	Lingual_L	148	0	0	744	0	0	0	200	0	0	0	0	0	0	0	0	0	0	0	188	0	0	0	0	0	0	0	0	0	0	0	0	0	0	2570	196	4172	214	3580	92	0	0	13810	2022	1664	122	0	2462	3094	292	12342	136	3480	0	13872	190	110	0	0	0	0	0	0	0	0	0	5832	108	0	0	102	0	120	90	0	0	0	1000	0	0	0	0	0	0	0	0	0	0	0	0	4610	664	0	732	364	0	5736	432	9338	808	0	132	0	954	0	0	0	0	0	0	1130	1862	1486	0	0	0	
227732	Lingual_R	0	674	0	122	0	0	0	0	0	0	0	0	0	0	0	0	0	0	0	2070	0	0	0	0	0	0	0	0	0	264	0	0	0	3334	850	3898	858	4778	0	3114	0	0	3006	28402	100	1992	2462	0	0	4630	0	5302	0	6100	0	12000	0	628	0	0	0	0	0	0	0	0	348	13366	0	3492	0	0	0	110	0	0	0	0	0	0	0	0	0	0	0	0	0	0	0	3582	0	1536	0	0	0	112	0	1660	0	2722	0	0	0	0	0	82	0	0	0	0	1740	532	0	0	0	0	
225620	Occipital_Sup_L	924	0	0	0	0	0	0	0	0	0	0	0	0	0	0	0	0	0	0	0	0	0	0	0	0	0	0	0	134	0	0	0	784	0	168	0	120	0	398	0	0	0	7280	0	21150	0	3094	0	0	0	42806	0	1806	0	1156	0	1208	0	7748	0	2800	0	176	0	4246	0	12078	0	284	0	0	0	0	0	0	0	0	0	84	0	0	0	0	0	3242	0	0	0	1124	0	0	0	0	0	0	0	0	0	0	0	0	0	0	0	0	0	0	0	0	0	0	0	0	0	0	0	
288344	Occipital_Sup_R	0	1088	0	0	0	0	0	0	0	0	0	0	0	0	0	0	0	84	0	3256	0	0	0	0	0	0	0	0	0	0	0	0	88	2026	0	0	0	0	0	0	0	0	2300	27050	2238	35938	292	4630	0	0	0	21676	0	1160	0	406	0	2566	0	6806	0	656	0	394	0	1488	2462	18954	0	4422	0	0	0	0	0	0	0	0	0	0	0	202	0	0	0	744	0	0	0	3246	0	0	0	0	0	0	0	0	0	0	0	0	0	0	0	0	0	0	0	0	0	0	0	0	0	0	
448804	Occipital_Mid_L	1226	0	0	0	0	0	0	0	0	0	0	0	0	0	0	0	264	0	0	0	0	0	0	0	0	0	0	0	792	0	0	0	1490	0	102	0	178	0	990	0	0	0	22838	0	12928	0	12342	0	42806	0	0	0	20652	0	9848	0	5852	0	13478	0	14460	0	508	0	18672	0	15088	0	608	0	0	0	0	0	0	0	0	0	428	0	162	0	0	0	20538	0	0	0	7940	0	212	0	0	0	0	0	0	0	0	0	0	0	0	0	0	0	0	0	0	0	0	0	0	0	0	0	
213792	Occipital_Mid_R	0	1084	0	0	0	0	0	0	0	0	0	0	0	0	0	0	0	0	0	1872	0	0	0	0	0	0	0	0	0	0	0	0	0	694	0	0	0	0	0	0	0	0	634	15346	406	12302	136	5302	0	21676	0	0	0	3858	0	1204	0	420	0	686	0	2428	0	696	0	7874	446	5620	0	2330	0	0	0	0	0	0	0	0	0	0	0	1608	0	0	0	13866	0	0	0	6408	0	0	0	0	0	0	0	0	0	0	0	0	0	0	0	0	0	0	0	0	0	0	0	0	0	0	
131004	Occipital_Inf_L	1132	0	0	0	0	0	78	0	0	0	0	0	0	0	0	0	292	0	0	0	0	0	0	0	0	0	0	0	860	0	0	0	94	0	188	0	568	0	684	0	0	0	5828	0	206	0	3480	0	1806	0	20652	0	0	0	8880	0	394	0	106	0	748	0	96	0	828	0	2180	0	550	0	0	0	0	0	0	0	0	0	798	0	148	0	0	0	3446	0	0	0	10584	0	178	0	0	86	0	0	0	0	240	0	0	0	0	86	0	0	0	0	0	0	0	140	146	0	0	0	
110852	Occipital_Inf_R	0	806	0	0	0	0	0	0	0	0	0	0	0	0	0	0	0	0	0	1170	0	0	0	0	0	0	0	0	0	228	0	0	0	780	0	0	0	1224	0	1262	0	0	148	6972	0	906	0	6100	0	1160	0	3858	0	0	0	10630	0	972	0	418	0	204	0	102	0	0	0	4848	0	1170	0	0	0	192	0	0	0	0	0	114	0	248	0	0	0	994	0	0	0	10314	0	154	0	0	0	0	0	0	0	300	0	0	0	0	0	0	0	0	0	0	0	152	0	0	0	0	
242004	Fusiform_L	0	0	0	0	0	0	0	0	0	0	0	0	0	0	0	0	0	0	0	0	0	0	0	0	0	0	0	0	1940	0	0	0	0	0	0	0	8146	0	3688	0	2862	0	4962	0	244	0	13872	0	1156	0	9848	0	8880	0	0	0	0	0	0	0	0	0	0	0	0	0	774	0	0	0	0	0	468	0	0	0	0	0	110	0	2912	0	1172	0	3092	0	950	0	12084	0	13632	90	946	350	150	0	6798	0	17374	0	1126	0	1488	364	0	0	0	0	0	0	314	652	558	0	0	0	
353920	Fusiform_R	0	4480	0	76	0	0	0	0	0	0	0	896	0	0	0	236	0	152	0	1548	0	0	0	0	0	0	0	0	0	5160	0	0	0	768	0	544	0	28392	0	21310	0	5148	0	7560	0	200	190	12000	0	406	0	1204	0	10630	0	0	0	870	0	466	0	222	0	164	0	78	0	6246	0	958	0	0	0	3640	0	0	0	110	0	978	0	2768	0	5626	0	3412	0	526	0	30360	0	6120	0	0	0	0	0	3850	0	7628	0	0	0	126	0	0	0	0	0	0	1526	386	0	0	0	0	
289000	Postcentral_L	33162	0	4348	0	186	0	1526	0	0	0	2530	0	0	0	170	0	11682	0	7236	900	0	0	108	0	0	0	0	0	10128	0	0	0	820	0	424	238	1950	202	78	0	0	0	524	0	660	0	110	0	1208	0	5852	0	394	0	0	0	0	0	8792	0	19278	0	5734	0	3338	0	1946	0	1914	0	1084	0	6506	0	1534	0	1156	568	3654	0	1172	0	0	0	1616	0	0	0	1772	0	0	0	0	0	0	0	0	0	0	0	0	0	0	0	0	0	0	0	0	0	0	0	0	0	0	0	
197828	Postcentral_R	0	10844	0	658	0	0	0	218	0	0	0	822	0	0	0	0	0	4826	0	1996	0	0	0	0	0	0	0	0	0	1284	0	0	240	2070	0	96	0	292	0	100	0	0	0	6908	0	3496	0	628	0	2566	0	420	0	972	0	870	0	0	0	6886	0	6804	0	13496	0	1652	98	15096	0	10980	0	0	0	500	0	0	0	0	0	138	0	430	0	0	0	1716	0	0	0	1812	0	0	0	0	0	0	0	0	0	0	0	0	0	0	0	0	0	0	0	0	0	0	0	0	0	0	
131952	Parietal_Sup_L	716	0	0	0	0	0	0	0	0	0	0	0	0	0	0	0	0	0	0	0	0	0	0	0	0	0	0	0	0	0	0	0	0	0	0	0	0	0	0	0	0	0	76	0	1750	0	0	0	7748	0	13478	0	106	0	0	0	8792	0	0	0	8908	0	122	0	3356	0	13680	0	162	0	0	0	0	0	0	0	0	0	0	0	0	0	0	0	3808	0	0	0	3274	0	0	0	0	0	0	0	0	0	0	0	0	0	0	0	0	0	0	0	0	0	0	0	0	0	0	0	
89460	Parietal_Sup_R	0	352	0	0	0	0	0	0	0	0	0	0	0	0	0	0	0	0	0	78	0	0	0	0	0	0	0	0	0	0	0	0	0	0	0	0	0	0	0	0	0	0	0	152	0	3602	0	0	0	6806	0	686	0	418	0	466	0	6886	0	0	0	7138	0	2728	0	3696	498	7524	0	644	0	0	0	0	0	0	0	0	0	0	0	118	0	0	0	1336	0	0	0	1602	0	0	0	0	0	0	0	0	0	0	0	0	0	0	0	0	0	0	0	0	0	0	0	0	0	0	
205864	Parietal_Inf_L	3384	0	0	0	0	0	0	0	0	0	0	0	0	0	0	0	382	0	0	0	0	0	0	0	0	0	0	0	0	0	0	0	0	0	0	0	104	0	830	0	0	0	106	0	0	0	0	0	2800	0	14460	0	748	0	0	0	19278	0	8908	0	0	0	14934	0	25328	0	588	0	0	0	0	0	0	0	0	0	0	0	0	0	386	0	0	0	8366	0	0	0	2330	0	0	0	0	0	0	0	0	0	0	0	0	0	0	0	0	0	0	0	0	0	0	0	0	0	0	0	
145984	Parietal_Inf_R	0	1958	0	0	0	0	0	118	0	0	0	416	0	0	0	0	0	0	0	0	0	0	0	0	0	0	0	0	0	0	0	0	0	0	0	0	0	0	0	0	0	0	0	196	0	154	0	0	0	656	0	2428	0	204	0	222	0	6804	0	7138	0	0	0	12498	0	23084	0	318	0	0	0	0	0	0	0	0	0	0	0	0	0	1944	0	0	0	8898	0	0	0	5956	0	0	0	0	0	0	0	0	0	0	0	0	0	0	0	0	0	0	0	0	0	0	0	0	0	0	
90920	SupraMarginal_L	324	0	0	0	0	0	0	0	0	0	0	0	0	0	0	0	3260	0	120	0	0	0	0	0	0	0	0	0	1006	0	0	0	0	0	0	0	280	0	0	0	0	0	0	0	0	0	0	0	176	0	508	0	96	0	0	0	5734	0	122	0	14934	0	0	0	5580	0	0	0	0	0	0	0	0	0	0	0	0	0	470	0	4460	0	0	0	7726	0	0	0	664	0	0	0	0	0	0	0	0	0	0	0	0	0	0	0	0	0	0	0	0	0	0	0	0	0	0	0	
138972	SupraMarginal_R	0	2272	0	0	0	0	0	168	0	0	0	542	0	0	0	0	0	3014	0	160	0	0	0	0	0	0	0	0	0	146	0	0	0	0	0	0	0	338	0	0	0	0	0	410	0	0	0	0	0	394	0	696	0	102	0	164	0	13496	0	2728	0	12498	0	0	0	11226	0	412	0	260	0	0	0	0	0	0	0	0	0	138	0	7726	0	0	0	8948	0	0	0	3648	0	0	0	0	0	0	0	0	0	0	0	0	0	0	0	0	0	0	0	0	0	0	0	0	0	0	
152752	Angular_L	0	0	0	0	0	0	0	0	0	0	0	0	0	0	0	0	0	0	0	0	0	0	0	0	0	0	0	0	0	0	0	0	0	0	0	0	126	0	910	0	0	0	88	0	0	0	0	0	4246	0	18672	0	828	0	0	0	3338	0	3356	0	25328	0	5580	0	0	0	518	0	0	0	0	0	0	0	0	0	0	0	0	0	798	0	0	0	10892	0	0	0	1696	0	0	0	0	0	0	0	0	0	0	0	0	0	0	0	0	0	0	0	0	0	0	0	0	0	0	0	
162548	Angular_R	0	398	0	0	0	0	0	0	0	0	0	0	0	0	0	0	0	0	0	78	0	0	0	0	0	0	0	0	0	0	0	0	0	0	0	0	0	78	0	0	0	0	0	128	0	514	0	0	0	1488	0	7874	0	0	0	78	0	1652	0	3696	0	23084	0	11226	0	0	184	610	0	192	0	0	0	0	0	0	0	0	0	0	0	8446	0	0	0	15180	0	0	0	6368	0	0	0	0	0	0	0	0	0	0	0	0	0	0	0	0	0	0	0	0	0	0	0	0	0	0	
274024	Precuneus_L	1632	0	0	0	0	0	0	0	0	0	0	0	0	0	0	0	0	0	0	74	0	0	0	0	0	0	0	0	86	0	0	0	2618	1006	7650	2602	2846	488	1184	266	0	0	18850	872	14796	4470	5832	348	12078	2462	15088	446	2180	0	774	0	1946	98	13680	498	588	0	0	0	518	184	0	10452	5312	292	0	0	0	0	0	0	0	0	0	0	0	0	0	0	2064	0	0	0	2732	0	0	0	0	0	0	0	0	0	0	0	0	0	0	0	0	0	0	0	0	0	0	0	0	0	0	0	
486288	Precuneus_R	0	4410	0	506	0	0	0	0	0	0	0	76	0	0	0	0	0	174	274	9588	0	0	0	0	0	0	0	0	0	648	0	0	1940	16886	3148	13552	1384	7136	0	3492	0	0	686	33490	2034	24754	108	13366	0	18954	0	5620	0	4848	0	6246	0	15096	0	7524	0	318	0	412	0	610	10452	0	0	21778	0	0	0	278	0	0	0	224	0	102	0	680	0	0	0	646	0	0	0	11322	0	0	0	0	0	0	0	0	0	0	0	0	0	0	0	0	0	0	0	0	382	0	0	0	0	0	
264600	Paracentral_Lobule_L	44526	9890	1218	3118	0	0	3316	0	0	0	0	0	0	0	0	0	0	0	4514	18184	0	0	0	0	0	0	0	0	156	0	0	0	4508	8076	8322	3224	0	0	0	0	0	0	2180	0	3374	0	0	0	284	0	608	0	550	0	0	0	1914	0	162	0	0	0	0	0	0	0	5312	0	0	718	680	428	0	0	0	0	5464	784	0	0	0	0	0	0	236	0	0	0	554	0	0	0	0	0	0	0	0	0	0	0	0	0	0	0	0	0	0	0	0	0	0	0	0	0	0	0	
254980	Paracentral_Lobule_R	656	8644	0	528	0	0	0	0	0	0	0	0	0	0	0	0	0	118	106	21922	0	0	0	0	0	0	0	0	0	144	0	0	1556	21346	76	3920	0	382	0	212	0	0	0	10528	0	4562	0	3492	0	4422	0	2330	0	1170	0	958	0	10980	0	644	0	0	0	260	0	192	292	21778	718	0	0	0	0	0	0	0	0	0	0	0	0	498	0	0	0	1440	0	0	0	3616	0	0	0	0	0	0	0	0	0	0	0	0	0	0	0	0	0	0	0	0	0	0	0	0	0	0	
267688	Caudate_L	3274	0	11068	7006	742	200	1508	4450	0	0	604	924	326	456	706	0	1242	0	12990	6608	5006	5456	860	218	222	550	1264	870	5652	428	7334	3394	0	146	0	0	300	0	0	0	0	0	0	0	0	0	102	0	0	0	0	0	0	0	0	0	1084	0	0	0	0	0	0	0	0	0	0	0	680	0	0	10362	19730	4720	3682	182	6094	3324	0	0	0	0	0	0	0	0	0	0	0	0	0	0	0	0	0	0	80	0	0	0	0	0	0	0	0	0	0	0	0	0	0	0	0	0	0	0	
325904	Caudate_R	1596	1122	1710	26180	0	2632	108	1510	0	80	1508	864	294	560	0	78	790	0	2924	31790	1668	3118	358	2188	0	2730	0	2376	2260	824	2516	19140	0	2390	0	0	0	0	0	0	0	0	0	0	0	0	0	0	0	0	0	0	0	0	0	0	0	0	0	0	0	0	0	0	0	0	0	0	428	0	10362	0	3780	16556	0	1414	226	16872	0	0	0	0	0	0	0	0	0	0	0	0	0	0	0	0	0	0	0	0	0	0	0	0	0	0	0	0	0	0	0	0	0	0	0	0	0	0	
371644	Putamen_L	13238	0	22058	2768	4072	88	4242	1434	202	0	1550	444	756	194	3652	0	4110	0	19814	2244	2400	1484	3248	176	106	78	1212	296	26030	190	9226	1160	0	82	0	0	6900	0	1030	0	438	0	0	0	0	0	120	0	0	0	0	0	0	0	468	0	6506	0	0	0	0	0	0	0	0	0	0	0	0	0	19730	3780	0	2424	11712	0	4550	160	784	0	232	0	178	0	0	0	0	0	256	0	0	0	0	0	0	0	0	0	0	0	0	0	0	0	0	0	0	0	0	0	0	0	0	0	0	0	
321380	Putamen_R	0	1280	1646	20782	0	3858	0	8508	0	464	668	4486	204	3718	0	530	310	1444	2588	12856	0	302	206	4260	0	3258	0	1132	1326	16674	920	11610	0	2510	0	0	0	11452	0	6710	0	1366	0	204	0	0	90	110	0	0	0	0	0	192	0	3640	0	500	0	0	0	0	0	0	0	0	0	278	0	0	4720	16556	2424	0	0	4348	0	1618	0	128	0	192	0	0	0	0	0	0	0	622	0	0	0	0	0	0	0	0	0	0	0	0	0	0	0	0	0	0	0	0	0	0	0	0	0	0	
73308	Pallidum_L	4792	0	3880	0	0	0	762	0	0	0	326	0	0	0	0	0	190	0	2752	76	0	0	0	0	0	0	0	0	1572	0	0	0	0	0	0	0	1566	0	120	0	0	0	0	0	0	0	0	0	0	0	0	0	0	0	0	0	1534	0	0	0	0	0	0	0	0	0	0	0	0	0	3682	0	11712	0	0	0	3242	248	200	0	0	0	0	0	0	0	0	0	0	0	0	0	0	0	0	0	0	0	0	0	0	0	0	0	0	0	0	0	0	0	0	0	0	0	0	0	
30320	Pallidum_R	0	0	0	3308	0	0	0	820	0	0	0	324	0	0	0	0	0	356	0	2760	0	0	0	0	0	0	0	0	0	218	0	0	0	80	0	0	0	828	0	522	0	0	0	0	0	0	0	0	0	0	0	0	0	0	0	0	0	0	0	0	0	0	0	0	0	0	0	0	0	0	182	1414	0	4348	0	0	0	0	0	0	0	0	0	0	0	0	0	0	0	0	0	0	0	0	0	0	0	0	0	0	0	0	0	0	0	0	0	0	0	0	0	0	0	0	0	0	
129396	Thalamus_L	21470	0	474	0	0	0	4718	0	0	0	0	0	0	0	0	0	0	0	152	0	0	0	0	0	0	0	0	0	1720	0	0	0	0	0	1536	2036	3344	706	82	0	0	0	0	0	0	0	0	0	0	0	0	0	0	0	0	0	1156	0	0	0	0	0	0	0	0	0	0	0	5464	0	6094	226	4550	0	3242	0	0	7376	352	0	0	0	0	0	0	0	0	0	0	0	0	0	0	0	0	0	0	0	0	0	0	0	0	0	0	0	0	0	0	0	0	0	0	0	0	0	
195296	Thalamus_R	4722	2872	116	18044	0	0	502	3004	0	0	0	362	0	0	0	0	272	0	312	12286	0	0	0	0	0	0	0	0	386	564	0	0	0	152	4296	4722	4286	5576	786	1208	0	0	0	0	0	0	1000	0	0	0	0	0	0	0	0	110	568	0	0	0	0	0	0	0	0	0	0	224	784	0	3324	16872	160	1618	248	0	7376	0	528	0	0	0	0	0	0	0	0	0	0	0	0	0	0	0	0	0	368	0	0	0	0	0	0	0	0	0	0	0	0	0	0	0	0	0	0	0	
83168	Heschl_L	3392	0	1406	0	0	0	1640	0	0	0	558	0	0	0	0	0	4788	0	1206	0	0	0	0	0	0	0	0	0	10092	0	0	0	242	0	666	650	2390	620	0	0	0	0	124	0	84	0	0	0	84	0	428	0	798	0	110	0	3654	0	0	0	0	0	470	0	0	0	0	0	0	0	0	0	784	0	200	0	352	528	0	0	2224	0	0	0	1614	0	0	0	2480	0	0	0	0	0	0	0	0	0	0	0	0	0	0	0	0	0	0	0	0	0	0	0	0	0	0	0	
24476	Heschl_R	0	516	0	0	0	0	0	0	0	0	0	532	0	0	0	0	0	1102	0	0	0	0	0	0	0	0	0	0	0	1256	0	0	0	0	0	0	0	804	0	316	0	0	0	92	0	0	0	0	0	0	0	0	0	114	0	978	0	138	0	0	0	0	0	138	0	0	0	102	0	0	0	0	0	128	0	0	0	0	0	0	0	4644	0	364	0	196	0	0	0	818	0	0	0	0	0	0	0	0	0	0	0	0	0	0	0	0	0	0	0	0	0	0	0	0	0	0	
108320	Temporal_Sup_L	172	0	0	0	0	0	0	0	0	0	222	0	114	0	0	0	2026	0	76	0	0	0	0	0	0	0	0	0	3378	0	136	0	0	0	0	0	1518	0	0	0	0	0	0	0	0	0	0	0	0	0	162	0	148	0	2912	0	1172	0	0	0	386	0	4460	0	798	0	0	0	0	0	0	0	232	0	0	0	0	0	2224	0	0	0	5344	0	21846	0	102	0	6732	0	0	0	0	0	0	0	0	0	0	0	0	0	0	0	0	0	0	0	0	0	0	0	0	0	0	0	
135148	Temporal_Sup_R	0	992	0	0	0	0	0	80	0	0	0	690	0	0	0	0	0	2070	0	412	0	0	0	0	0	0	0	0	0	3626	0	0	0	166	0	0	0	2454	0	836	0	0	0	484	0	0	0	0	0	202	0	1608	0	248	0	2768	0	430	0	118	0	1944	0	7726	0	8446	0	680	0	498	0	0	0	192	0	0	0	0	0	4644	0	0	0	3788	0	17356	0	134	0	4982	0	0	0	0	0	0	0	0	0	0	0	0	0	0	0	0	0	0	0	0	0	0	0	0	0	0	
63604	Temporal_Pole_Sup_L	0	0	184	0	978	0	0	0	548	0	354	0	330	0	1984	0	376	0	0	0	104	0	78	0	0	0	176	0	2500	0	80	0	0	0	0	0	708	0	350	0	652	0	0	0	0	0	0	0	0	0	0	0	0	0	1172	0	0	0	0	0	0	0	0	0	0	0	0	0	0	0	0	0	178	0	0	0	0	0	0	0	5344	0	0	0	6540	0	3166	0	6000	0	0	0	0	0	0	0	0	0	0	0	0	0	0	0	0	0	0	0	0	0	0	0	0	0	0	0	
45856	Temporal_Pole_Sup_R	0	0	0	0	0	0	0	0	0	0	0	92	0	0	0	528	0	472	0	0	0	220	0	0	0	0	0	0	0	1606	0	0	0	0	0	0	0	324	0	1626	0	2028	0	0	0	0	0	0	0	0	0	0	0	0	0	5626	0	0	0	0	0	0	0	0	0	0	0	0	0	0	0	0	0	0	0	0	0	0	0	364	0	3788	0	0	0	2412	0	1400	0	2442	0	0	0	0	0	0	0	0	0	0	0	0	0	0	0	0	0	0	0	0	0	0	0	0	0	0	
262104	Temporal_Mid_L	506	0	0	0	0	0	0	0	0	0	0	0	0	0	0	0	732	0	0	0	0	0	0	0	0	0	0	0	1566	0	0	0	372	0	0	0	710	0	0	0	0	0	400	0	96	0	0	0	3242	0	20538	0	3446	0	3092	0	1616	0	3808	0	8366	0	7726	0	10892	0	2064	0	236	0	0	0	0	0	0	0	0	0	1614	0	21846	0	6540	0	0	0	2496	0	29148	0	0	0	0	0	0	0	0	0	0	0	0	0	0	0	0	0	0	0	0	0	0	0	0	0	0	0	
225264	Temporal_Mid_R	0	1184	0	0	0	0	0	0	0	0	0	192	0	0	0	0	0	266	0	1308	0	0	0	0	0	0	0	0	0	1732	0	0	0	632	0	0	0	1794	0	562	0	0	0	734	0	238	0	0	0	744	0	13866	0	994	0	3412	0	1716	0	1336	0	8898	0	8948	0	15180	0	646	0	1440	0	0	0	0	0	0	0	0	0	196	0	17356	0	2412	0	0	0	290	0	26556	0	0	0	0	0	0	0	0	0	0	0	0	0	0	0	0	0	0	0	0	0	0	0	0	0	0	
18920	Temporal_Pole_Mid_L	0	0	0	0	0	0	0	0	0	0	0	0	0	0	0	0	0	0	0	0	0	0	0	0	0	0	0	0	0	0	0	0	0	0	0	0	0	0	276	0	204	0	0	0	0	0	0	0	0	0	0	0	0	0	950	0	0	0	0	0	0	0	0	0	0	0	0	0	0	0	0	0	0	0	0	0	0	0	0	0	102	0	3166	0	2496	0	0	0	2266	0	0	0	0	0	0	0	0	0	0	0	0	0	0	0	0	0	0	0	0	0	0	0	0	0	0	0	
6032	Temporal_Pole_Mid_R	0	0	0	0	0	0	0	0	0	0	0	0	0	0	0	0	0	0	0	0	0	0	0	0	0	0	0	0	0	0	0	0	0	0	0	0	0	0	0	144	0	0	0	0	0	0	0	0	0	0	0	0	0	0	0	526	0	0	0	0	0	0	0	0	0	0	0	0	0	0	0	0	0	0	0	0	0	0	0	0	0	134	0	1400	0	290	0	0	0	522	0	0	0	0	0	0	0	0	0	0	0	0	0	0	0	0	0	0	0	0	0	0	0	0	0	0	
219252	Temporal_Inf_L	1862	0	0	0	0	0	162	0	0	0	0	0	0	0	0	0	986	0	0	0	0	0	0	0	0	0	0	0	4912	0	0	0	214	0	100	0	5030	0	414	0	1130	0	1130	0	74	0	0	0	1124	0	7940	0	10584	0	12084	0	1772	0	3274	0	2330	0	664	0	1696	0	2732	0	554	0	0	0	256	0	0	0	0	0	2480	0	6732	0	6000	0	29148	0	2266	0	0	0	1152	0	246	0	0	0	0	0	342	0	236	0	0	0	0	0	0	0	0	0	0	0	0	0	0	0	
344760	Temporal_Inf_R	0	6006	0	120	0	0	0	0	0	0	0	1326	0	0	0	84	0	264	0	4096	0	0	0	0	0	0	0	0	0	2718	0	0	0	2686	0	480	0	12388	0	5086	0	0	0	10396	0	2392	0	3582	0	3246	0	6408	0	10314	0	30360	0	1812	0	1602	0	5956	0	3648	0	6368	0	11322	0	3616	0	0	0	622	0	0	0	0	0	818	0	4982	0	2442	0	26556	0	522	0	0	0	162	0	0	0	0	0	0	0	0	0	0	0	0	0	0	0	0	0	0	0	0	0	0	0	0	
245200	Cerebelum_Crus1_L	0	0	0	0	0	0	0	0	0	0	0	0	0	0	0	0	0	0	0	0	0	0	0	0	0	0	0	0	0	0	0	0	0	0	0	0	0	0	0	0	0	0	118	0	0	0	4610	0	0	0	212	0	178	0	13632	0	0	0	0	0	0	0	0	0	0	0	0	0	0	0	0	0	0	0	0	0	0	0	0	0	0	0	0	0	0	0	0	0	1152	0	0	384	19716	2528	504	0	11144	0	37066	192	9934	362	10604	2644	222	260	0	0	0	0	884	2036	3620	324	274	0	
167412	Cerebelum_Crus1_R	0	0	0	0	0	0	0	0	0	0	0	0	0	0	0	0	0	0	0	0	0	0	0	0	0	0	0	0	0	0	0	0	0	0	0	0	0	0	0	0	0	0	0	124	0	0	664	1536	0	0	0	0	0	154	90	6120	0	0	0	0	0	0	0	0	0	0	0	0	0	0	0	0	0	0	0	0	0	0	0	0	0	0	0	0	0	0	0	0	0	162	384	0	162	12168	0	674	0	8124	786	28014	0	2820	0	12364	0	456	0	0	0	0	2870	3620	2414	0	0	0	
136568	Cerebelum_Crus2_L	0	0	0	0	0	0	0	0	0	0	0	0	0	0	0	0	0	0	0	0	0	0	0	0	0	0	0	0	0	0	0	0	0	0	0	0	0	0	0	0	0	0	0	0	0	0	0	0	0	0	0	0	0	0	946	0	0	0	0	0	0	0	0	0	0	0	0	0	0	0	0	0	0	0	0	0	0	0	0	0	0	0	0	0	0	0	0	0	246	0	19716	162	0	3400	0	0	74	0	3778	0	16622	1410	13416	2226	74	172	0	0	0	0	0	886	4202	780	174	0	
113936	Cerebelum_Crus2_R	0	0	0	0	0	0	0	0	0	0	0	0	0	0	0	0	0	0	0	0	0	0	0	0	0	0	0	0	0	0	0	0	0	0	0	0	0	0	0	0	0	0	0	0	0	0	732	0	0	0	0	0	86	0	350	0	0	0	0	0	0	0	0	0	0	0	0	0	0	0	0	0	0	0	0	0	0	0	0	0	0	0	0	0	0	0	0	0	0	0	2528	12168	3400	0	0	0	0	80	1096	1640	2100	6772	1806	13944	0	1132	0	0	0	0	0	1492	6930	712	0	0	
19516	Cerebelum_3_L	0	0	0	0	0	0	0	0	0	0	0	0	0	0	0	0	0	0	0	0	0	0	0	0	0	0	0	0	0	0	0	0	0	0	0	0	118	0	166	0	0	0	0	0	0	0	364	0	0	0	0	0	0	0	150	0	0	0	0	0	0	0	0	0	0	0	0	0	0	0	0	0	0	0	0	0	0	0	0	0	0	0	0	0	0	0	0	0	0	0	504	0	0	0	0	0	4994	0	1200	0	0	0	86	0	1010	0	84	0	488	486	108	0	0	0	0	0	
18712	Cerebelum_3_R	0	0	0	0	0	0	0	0	0	0	0	0	0	0	0	0	0	0	0	0	0	0	0	0	0	0	0	0	0	0	0	0	0	0	0	0	0	0	0	0	0	0	0	0	0	0	0	112	0	0	0	0	0	0	0	0	0	0	0	0	0	0	0	0	0	0	0	0	0	0	0	0	0	0	0	0	0	0	0	0	0	0	0	0	0	0	0	0	0	0	0	674	0	0	0	0	0	2960	0	2768	0	0	0	80	0	384	0	0	520	1312	546	0	0	0	0	0	
128632	Cerebelum_4_5_L	0	0	0	220	0	0	0	0	0	0	0	0	0	0	0	0	0	0	0	0	0	0	0	0	0	0	0	0	0	0	0	0	0	0	0	0	204	0	324	0	0	0	0	0	0	0	5736	0	0	0	0	0	0	0	6798	0	0	0	0	0	0	0	0	0	0	0	0	0	0	0	80	0	0	0	0	0	0	368	0	0	0	0	0	0	0	0	0	0	0	0	11144	0	74	0	4994	0	0	0	23762	0	538	0	400	0	3046	76	1350	0	110	144	3506	896	114	0	204	228	
93764	Cerebelum_4_5_R	0	0	0	0	0	0	0	0	0	0	0	0	0	0	0	0	0	0	0	0	0	0	0	0	0	0	0	0	0	0	0	0	0	0	0	0	0	326	0	394	0	0	0	0	0	0	432	1660	0	0	0	0	0	0	0	3850	0	0	0	0	0	0	0	0	0	0	0	0	0	0	0	0	0	0	0	0	0	0	0	0	0	0	0	0	0	0	0	0	0	0	0	8124	0	80	0	2960	0	0	0	19432	0	0	0	772	0	328	0	186	138	154	7806	240	0	0	0	0	
228264	Cerebelum_6_L	0	0	0	0	0	0	0	0	0	0	0	0	0	0	0	0	0	0	0	0	0	0	0	0	0	0	0	0	0	0	0	0	0	0	0	0	80	0	108	0	0	0	0	0	0	0	9338	0	0	0	0	0	240	0	17374	0	0	0	0	0	0	0	0	0	0	0	0	0	0	0	0	0	0	0	0	0	0	0	0	0	0	0	0	0	0	0	0	0	342	0	37066	786	3778	1096	1200	0	23762	0	0	554	3452	192	3664	1508	1020	154	1110	0	0	0	1554	3214	2294	122	124	0	
166816	Cerebelum_6_R	0	0	0	0	0	0	0	0	0	0	0	0	0	0	0	0	0	0	0	0	0	0	0	0	0	0	0	0	0	0	0	0	0	0	0	0	0	0	0	0	0	0	0	0	0	0	808	2722	0	0	0	0	0	300	0	7628	0	0	0	0	0	0	0	0	0	0	0	0	0	0	0	0	0	0	0	0	0	0	0	0	0	0	0	0	0	0	0	0	0	0	192	28014	0	1640	0	2768	0	19432	554	0	0	196	0	4396	0	532	0	114	0	0	7264	4272	1816	368	392	0	
117964	Cerebelum_7b_L	0	0	0	0	0	0	0	0	0	0	0	0	0	0	0	0	0	0	0	0	0	0	0	0	0	0	0	0	0	0	0	0	0	0	0	0	0	0	0	0	0	0	0	0	0	0	0	0	0	0	0	0	0	0	1126	0	0	0	0	0	0	0	0	0	0	0	0	0	0	0	0	0	0	0	0	0	0	0	0	0	0	0	0	0	0	0	0	0	236	0	9934	0	16622	2100	0	0	538	0	3452	0	0	1070	17560	1544	956	0	588	0	0	0	0	92	2330	834	0	0	
45500	Cerebelum_7b_R	0	0	0	0	0	0	0	0	0	0	0	0	0	0	0	0	0	0	0	0	0	0	0	0	0	0	0	0	0	0	0	0	0	0	0	0	0	0	0	0	0	0	0	0	0	0	132	0	0	0	0	0	0	0	0	0	0	0	0	0	0	0	0	0	0	0	0	0	0	0	0	0	0	0	0	0	0	0	0	0	0	0	0	0	0	0	0	0	0	0	362	2820	1410	6772	0	0	0	0	192	196	1070	0	788	6410	0	0	0	0	0	0	0	240	1898	460	0	0	
128428	Cerebelum_8_L	0	0	0	0	0	0	0	0	0	0	0	0	0	0	0	0	0	0	0	0	0	0	0	0	0	0	0	0	0	0	0	0	0	0	0	0	0	0	0	0	0	0	0	0	0	0	0	0	0	0	0	0	0	0	1488	0	0	0	0	0	0	0	0	0	0	0	0	0	0	0	0	0	0	0	0	0	0	0	0	0	0	0	0	0	0	0	0	0	0	0	10604	0	13416	1806	86	0	400	0	3664	0	17560	788	0	1742	5944	166	2448	0	0	0	0	260	2376	1322	144	0	
130044	Cerebelum_8_R	0	0	0	0	0	0	0	0	0	0	0	0	0	0	0	0	0	0	0	0	0	0	0	0	0	0	0	0	0	0	0	0	0	0	0	0	0	0	0	0	0	0	0	0	0	0	954	0	0	0	0	0	86	0	364	126	0	0	0	0	0	0	0	0	0	0	0	0	0	0	0	0	0	0	0	0	0	0	0	0	0	0	0	0	0	0	0	0	0	0	2644	12364	2226	13944	0	80	0	772	1508	4396	1544	6410	1742	0	126	4608	0	272	0	0	98	2674	6098	1388	506	92	
39132	Cerebelum_9_L	0	0	0	0	0	0	0	0	0	0	0	0	0	0	0	0	0	0	0	0	0	0	0	0	0	0	0	0	0	0	0	0	0	0	0	0	0	0	0	0	0	0	0	0	0	0	0	0	0	0	0	0	0	0	0	0	0	0	0	0	0	0	0	0	0	0	0	0	0	0	0	0	0	0	0	0	0	0	0	0	0	0	0	0	0	0	0	0	0	0	222	0	74	0	1010	0	3046	0	1020	0	956	0	5944	126	0	260	4290	0	0	0	766	964	236	138	330	184	
31876	Cerebelum_9_R	0	0	0	0	0	0	0	0	0	0	0	0	0	0	0	0	0	0	0	0	0	0	0	0	0	0	0	0	0	0	0	0	0	0	0	0	0	0	0	0	0	0	0	0	0	0	0	82	0	0	0	0	0	0	0	0	0	0	0	0	0	0	0	0	0	0	0	0	0	0	0	0	0	0	0	0	0	0	0	0	0	0	0	0	0	0	0	0	0	0	260	456	172	1132	0	384	76	328	154	532	0	0	166	4608	260	0	76	866	140	114	848	1548	698	810	1168	1060	
19892	Cerebelum_10_L	0	0	0	0	0	0	0	0	0	0	0	0	0	0	0	0	0	0	0	0	0	0	0	0	0	0	0	0	0	0	0	0	0	0	0	0	0	0	0	0	0	0	0	0	0	0	0	0	0	0	0	0	0	0	0	0	0	0	0	0	0	0	0	0	0	0	0	0	0	0	0	0	0	0	0	0	0	0	0	0	0	0	0	0	0	0	0	0	0	0	0	0	0	0	84	0	1350	0	1110	0	588	0	2448	0	4290	76	0	0	0	0	0	0	0	0	0	0	
2876	Cerebelum_10_R	0	0	0	0	0	0	0	0	0	0	0	0	0	0	0	0	0	0	0	0	0	0	0	0	0	0	0	0	0	0	0	0	0	0	0	0	0	0	0	0	0	0	0	0	0	0	0	0	0	0	0	0	0	0	0	0	0	0	0	0	0	0	0	0	0	0	0	0	0	0	0	0	0	0	0	0	0	0	0	0	0	0	0	0	0	0	0	0	0	0	0	0	0	0	0	0	0	186	0	114	0	0	0	272	0	866	0	0	0	0	0	0	0	0	0	0	
11236	Vermis_1_2	0	0	0	0	0	0	0	0	0	0	0	0	0	0	0	0	0	0	0	0	0	0	0	0	0	0	0	0	0	0	0	0	0	0	0	0	0	0	0	0	0	0	0	0	0	0	0	0	0	0	0	0	0	0	0	0	0	0	0	0	0	0	0	0	0	0	0	0	0	0	0	0	0	0	0	0	0	0	0	0	0	0	0	0	0	0	0	0	0	0	0	0	0	0	488	520	110	138	0	0	0	0	0	0	0	140	0	0	0	3742	480	0	0	0	0	0	
12968	Vermis_3	0	0	0	0	0	0	0	0	0	0	0	0	0	0	0	0	0	0	0	0	0	0	0	0	0	0	0	0	0	0	0	0	0	0	0	0	0	0	0	0	0	0	0	0	0	0	0	0	0	0	0	0	0	0	0	0	0	0	0	0	0	0	0	0	0	0	0	0	0	0	0	0	0	0	0	0	0	0	0	0	0	0	0	0	0	0	0	0	0	0	0	0	0	0	486	1312	144	154	0	0	0	0	0	0	0	114	0	0	3742	0	532	0	0	0	0	0	
74576	Vermis_4_5	0	0	0	0	0	0	0	0	0	0	0	0	0	0	0	0	0	0	0	0	0	0	0	0	0	0	0	0	0	0	0	0	0	0	96	384	0	264	0	0	0	0	0	0	0	0	1130	1740	0	0	0	0	0	0	314	1526	0	0	0	0	0	0	0	0	0	0	0	382	0	0	0	0	0	0	0	0	0	0	0	0	0	0	0	0	0	0	0	0	0	0	884	2870	0	0	108	546	3506	7806	1554	7264	0	0	0	98	766	848	0	0	480	532	0	2118	0	102	628	1342	
70660	Vermis_6	0	0	0	0	0	0	0	0	0	0	0	0	0	0	0	0	0	0	0	0	0	0	0	0	0	0	0	0	0	0	0	0	0	0	0	0	0	0	0	0	0	0	0	0	0	0	1862	532	0	0	0	0	140	152	652	386	0	0	0	0	0	0	0	0	0	0	0	0	0	0	0	0	0	0	0	0	0	0	0	0	0	0	0	0	0	0	0	0	0	0	2036	3620	886	1492	0	0	896	240	3214	4272	92	240	260	2674	964	1548	0	0	0	0	2118	0	3546	676	1444	1388	
86812	Vermis_7	0	0	0	0	0	0	0	0	0	0	0	0	0	0	0	0	0	0	0	0	0	0	0	0	0	0	0	0	0	0	0	0	0	0	0	0	0	0	0	0	0	0	0	0	0	0	1486	0	0	0	0	0	146	0	558	0	0	0	0	0	0	0	0	0	0	0	0	0	0	0	0	0	0	0	0	0	0	0	0	0	0	0	0	0	0	0	0	0	0	0	3620	2414	4202	6930	0	0	114	0	2294	1816	2330	1898	2376	6098	236	698	0	0	0	0	0	3546	0	1794	850	0	
22196	Vermis_8	0	0	0	0	0	0	0	0	0	0	0	0	0	0	0	0	0	0	0	0	0	0	0	0	0	0	0	0	0	0	0	0	0	0	0	0	0	0	0	0	0	0	0	0	0	0	0	0	0	0	0	0	0	0	0	0	0	0	0	0	0	0	0	0	0	0	0	0	0	0	0	0	0	0	0	0	0	0	0	0	0	0	0	0	0	0	0	0	0	0	324	0	780	712	0	0	0	0	122	368	834	460	1322	1388	138	810	0	0	0	0	102	676	1794	0	1180	88	
15988	Vermis_9	0	0	0	0	0	0	0	0	0	0	0	0	0	0	0	0	0	0	0	0	0	0	0	0	0	0	0	0	0	0	0	0	0	0	0	0	0	0	0	0	0	0	0	0	0	0	0	0	0	0	0	0	0	0	0	0	0	0	0	0	0	0	0	0	0	0	0	0	0	0	0	0	0	0	0	0	0	0	0	0	0	0	0	0	0	0	0	0	0	0	274	0	174	0	0	0	204	0	124	392	0	0	144	506	330	1168	0	0	0	0	628	1444	850	1180	0	576	
9916	Vermis_10	0	0	0	0	0	0	0	0	0	0	0	0	0	0	0	0	0	0	0	0	0	0	0	0	0	0	0	0	0	0	0	0	0	0	0	0	0	0	0	0	0	0	0	0	0	0	0	0	0	0	0	0	0	0	0	0	0	0	0	0	0	0	0	0	0	0	0	0	0	0	0	0	0	0	0	0	0	0	0	0	0	0	0	0	0	0	0	0	0	0	0	0	0	0	0	0	228	0	0	0	0	0	0	92	184	1060	0	0	0	0	1342	1388	0	88	576	0	
