data	data	560468	340764	964276	759804	232028	96552	515052	243512	120356	23076	339772	152744	246864	164404	228560	87452	318560	117328	759208	680864	115200	127368	523468	384092	40772	78520	86548	72904	717936	399504	471708	511672	270400	509676	228424	278848	397692	430348	167120	262516	41260	73556	290184	289136	213848	285436	252408	255932	251848	257788	629652	241548	179556	89892	483224	451284	284676	249816	251140	169432	283124	182876	124508	126676	273972	188292	431256	412536	201584	229976	322732	438800	381620	402424	45820	38160	223156	255744	124436	51016	389840	182636	155704	72324	415296	269728	34020	19432	311840	294108	514640	457208	404732	308016	64676	74016	363912	252260	524424	433200	320776	204808	472636	388084	251652	230340	35892	11972	59832	114728	218504	198220	182964	151828	89736	37932	
data	data	Precentral_L	Precentral_R	Frontal_Sup_L	Frontal_Sup_R	Frontal_Sup_Orb_L	Frontal_Sup_Orb_R	Frontal_Mid_L	Frontal_Mid_R	Frontal_Mid_Orb_L	Frontal_Mid_Orb_R	Frontal_Inf_Oper_L	Frontal_Inf_Oper_R	Frontal_Inf_Tri_L	Frontal_Inf_Tri_R	Frontal_Inf_Orb_L	Frontal_Inf_Orb_R	Rolandic_Oper_L	Rolandic_Oper_R	Supp_Motor_Area_L	Supp_Motor_Area_R	Olfactory_L	Olfactory_R	Frontal_Sup_Medial_L	Frontal_Sup_Medial_R	Frontal_Med_Orb_L	Frontal_Med_Orb_R	Rectus_L	Rectus_R	Insula_L	Insula_R	Cingulum_Ant_L	Cingulum_Ant_R	Cingulum_Mid_L	Cingulum_Mid_R	Cingulum_Post_L	Cingulum_Post_R	Hippocampus_L	Hippocampus_R	ParaHippocampal_L	ParaHippocampal_R	Amygdala_L	Amygdala_R	Calcarine_L	Calcarine_R	Cuneus_L	Cuneus_R	Lingual_L	Lingual_R	Occipital_Sup_L	Occipital_Sup_R	Occipital_Mid_L	Occipital_Mid_R	Occipital_Inf_L	Occipital_Inf_R	Fusiform_L	Fusiform_R	Postcentral_L	Postcentral_R	Parietal_Sup_L	Parietal_Sup_R	Parietal_Inf_L	Parietal_Inf_R	SupraMarginal_L	SupraMarginal_R	Angular_L	Angular_R	Precuneus_L	Precuneus_R	Paracentral_Lobule_L	Paracentral_Lobule_R	Caudate_L	Caudate_R	Putamen_L	Putamen_R	Pallidum_L	Pallidum_R	Thalamus_L	Thalamus_R	Heschl_L	Heschl_R	Temporal_Sup_L	Temporal_Sup_R	Temporal_Pole_Sup_L	Temporal_Pole_Sup_R	Temporal_Mid_L	Temporal_Mid_R	Temporal_Pole_Mid_L	Temporal_Pole_Mid_R	Temporal_Inf_L	Temporal_Inf_R	Cerebelum_Crus1_L	Cerebelum_Crus1_R	Cerebelum_Crus2_L	Cerebelum_Crus2_R	Cerebelum_3_L	Cerebelum_3_R	Cerebelum_4_5_L	Cerebelum_4_5_R	Cerebelum_6_L	Cerebelum_6_R	Cerebelum_7b_L	Cerebelum_7b_R	Cerebelum_8_L	Cerebelum_8_R	Cerebelum_9_L	Cerebelum_9_R	Cerebelum_10_L	Cerebelum_10_R	Vermis_1_2	Vermis_3	Vermis_4_5	Vermis_6	Vermis_7	Vermis_8	Vermis_9	Vermis_10	
560468	Precentral_L	0	4252	8586	4706	0	0	16166	120	0	0	14866	116	1124	0	0	0	16856	0	10774	14630	0	0	0	0	0	0	0	0	14174	316	0	92	804	6234	3738	3764	12738	2878	2872	832	0	0	118	0	0	0	312	656	320	0	2850	0	402	0	2728	344	28368	1056	1192	0	8040	0	3528	0	2192	0	1068	138	20642	4822	6456	2268	8184	306	1002	102	13478	4590	5058	98	8684	0	514	0	5234	0	0	0	3920	0	142	0	128	0	0	0	246	0	170	0	0	0	130	0	110	0	0	0	0	0	0	0	0	0	0	0	
340764	Precentral_R	4252	0	360	16680	0	0	0	5968	0	0	0	6192	0	174	0	0	130	1656	1462	6676	0	0	0	0	0	0	0	0	250	1308	0	138	88	2202	3178	6162	3100	10910	382	1766	0	0	0	846	0	364	152	1326	0	540	168	1504	0	524	0	2486	348	23218	140	476	176	4248	0	4918	292	1210	236	1642	2820	12758	1118	4786	0	552	164	0	6352	14962	298	224	0	1244	0	0	0	3300	0	0	0	3956	0	0	0	0	0	0	0	0	0	0	0	0	0	0	0	0	0	0	0	0	0	0	0	0	0	0	
964276	Frontal_Sup_L	8586	360	0	10938	18584	0	58300	972	6652	0	23312	824	20680	760	13334	0	7882	116	85812	18010	350	112	49892	9196	702	0	2188	0	40640	586	27914	9128	9560	4218	0	0	1898	0	256	0	0	0	0	0	0	0	0	0	0	0	0	0	0	0	1042	0	472	0	0	0	0	0	0	0	0	0	0	0	2588	0	10840	1232	15782	388	2166	0	1662	178	250	0	5382	0	4416	0	1786	0	0	0	922	0	232	0	166	0	0	0	298	0	282	0	0	0	172	0	120	0	0	0	0	0	0	0	0	0	0	0	
759804	Frontal_Sup_R	4706	16680	10938	0	102	4370	1372	29048	0	432	186	6240	150	7764	0	2220	122	5888	17630	61540	244	466	9942	28758	0	1946	0	946	726	10212	7212	31166	3488	21000	2760	4916	2980	6498	314	832	0	174	0	0	0	0	168	586	0	0	0	0	0	0	0	624	382	764	0	0	0	96	0	416	184	0	204	170	2318	86	4012	22654	432	17076	170	2192	6512	15390	298	310	0	364	0	316	0	0	0	0	0	210	0	0	0	0	0	0	0	0	0	0	0	0	0	0	0	0	0	0	0	0	0	0	0	0	0	0	
232028	Frontal_Sup_Orb_L	0	0	18584	102	0	0	3368	0	15444	0	434	0	3782	0	15134	0	0	0	2354	0	3422	578	7216	590	4020	90	9878	112	15752	0	5210	768	0	0	0	0	0	0	218	0	314	0	0	0	0	0	0	0	0	0	0	0	0	0	0	0	0	0	0	0	0	0	0	0	0	0	0	0	0	0	1600	356	5682	0	0	0	0	0	0	0	0	0	1006	0	0	0	0	0	0	0	0	0	0	0	0	0	0	0	0	0	0	0	0	0	0	0	0	0	0	0	0	0	0	0	0	0	
96552	Frontal_Sup_Orb_R	0	0	0	4370	0	0	0	672	0	2690	0	0	0	0	0	2592	0	0	0	0	494	3858	162	4498	0	6752	122	7226	0	864	364	2778	0	0	0	0	0	134	0	152	0	272	0	0	0	0	0	0	0	0	0	0	0	0	0	0	0	0	0	0	0	0	0	0	0	0	0	0	0	0	500	5400	382	3994	0	0	0	0	0	0	0	0	0	0	0	0	0	0	0	0	0	0	0	0	0	0	0	0	0	0	0	0	0	0	0	0	0	0	0	0	0	0	0	0	0	0	
515052	Frontal_Mid_L	16166	0	58300	1372	3368	0	0	0	3688	0	18592	0	30330	0	10990	0	5652	0	15356	1658	0	0	21922	2422	0	0	0	0	20456	0	10394	3560	6578	904	126	120	3562	108	450	0	0	0	0	0	0	0	0	0	0	0	0	0	0	0	2216	0	1338	0	0	0	0	0	0	0	0	0	0	0	296	0	1336	214	4800	0	1416	0	778	0	490	0	3702	0	1644	0	1056	0	0	0	1102	0	156	0	150	0	0	0	282	0	192	0	0	0	152	0	132	0	0	0	0	0	0	0	0	0	0	0	
243512	Frontal_Mid_R	120	5968	972	29048	0	672	0	0	0	820	0	6408	0	15278	0	5272	0	2736	1760	5344	0	0	882	2330	0	0	0	0	112	14718	874	4490	866	5296	286	396	288	1818	0	250	0	0	0	0	0	0	0	0	0	0	0	0	0	0	0	566	0	1384	0	0	0	378	0	822	0	0	0	0	0	188	652	2106	0	5902	0	98	446	600	0	616	0	680	0	0	0	94	0	0	0	220	0	0	0	0	0	0	0	0	0	0	0	0	0	0	0	0	0	0	0	0	0	0	0	0	0	0	
120356	Frontal_Mid_Orb_L	0	0	6652	0	15444	0	3688	0	0	0	182	0	1880	0	13704	0	0	0	876	0	1224	0	2358	242	452	0	2870	0	6248	0	1058	228	0	0	0	0	0	0	0	0	120	0	0	0	0	0	0	0	0	0	0	0	0	0	0	0	0	0	0	0	0	0	0	0	0	0	0	0	0	0	378	0	2182	0	0	0	0	0	0	0	0	0	392	0	0	0	0	0	0	0	0	0	0	0	0	0	0	0	0	0	0	0	0	0	0	0	0	0	0	0	0	0	0	0	0	0	
23076	Frontal_Mid_Orb_R	0	0	0	432	0	2690	0	820	0	0	0	0	0	0	0	4580	0	0	0	0	0	124	0	0	0	0	0	182	0	1644	0	0	0	0	0	0	0	0	0	0	0	0	0	0	0	0	0	0	0	0	0	0	0	0	0	0	0	0	0	0	0	0	0	0	0	0	0	0	0	0	0	0	0	1066	0	0	0	0	0	0	0	0	0	0	0	0	0	0	0	0	0	0	0	0	0	0	0	0	0	0	0	0	0	0	0	0	0	0	0	0	0	0	0	0	0	0	
339772	Frontal_Inf_Oper_L	14866	0	23312	186	434	0	18592	0	182	0	0	0	13860	0	642	0	18026	0	17784	238	0	0	2816	400	0	0	0	0	21684	0	2304	394	600	112	0	0	1112	0	0	0	0	0	0	0	0	0	0	0	0	0	98	0	0	0	628	0	2688	0	144	0	276	0	0	0	220	0	0	0	0	0	832	90	3002	0	744	0	296	0	1312	0	11560	0	5290	0	2904	0	0	0	1934	0	94	0	0	0	0	0	120	0	110	0	0	0	0	0	0	0	0	0	0	0	0	0	0	0	0	0	
152744	Frontal_Inf_Oper_R	116	6192	824	6240	0	0	0	6408	0	0	0	0	0	9912	0	360	0	3822	1374	5412	0	0	338	494	0	0	0	0	0	11640	506	1194	0	1030	124	140	130	1184	0	276	0	178	0	216	0	100	0	0	0	0	0	186	0	0	0	486	0	2266	0	130	0	1536	0	1496	0	288	0	346	0	364	1218	1362	0	5638	0	0	0	150	0	282	0	1024	0	576	0	340	0	0	0	474	0	0	0	0	0	0	0	0	0	0	0	0	0	0	0	0	0	0	0	0	0	0	0	0	0	0	
246864	Frontal_Inf_Tri_L	1124	0	20680	150	3782	0	30330	0	1880	0	13860	0	0	0	14528	0	1770	0	6024	538	0	0	3240	286	0	0	0	0	18888	0	1608	174	804	220	0	0	150	0	0	0	0	0	0	0	0	0	0	0	0	0	0	0	0	0	0	0	144	0	0	0	0	0	0	0	0	0	0	0	0	0	96	96	376	0	0	0	0	0	0	0	782	0	1812	0	0	0	0	0	90	0	0	0	0	0	0	0	0	0	0	0	0	0	0	0	0	0	0	0	0	0	0	0	0	0	0	0	
164404	Frontal_Inf_Tri_R	0	174	760	7764	0	0	0	15278	0	0	0	9912	0	0	0	5234	0	998	1040	5348	0	0	486	1284	0	0	0	0	0	20278	752	2920	550	2864	0	92	0	408	0	0	0	0	0	0	0	0	0	0	0	0	0	0	0	0	0	0	0	0	0	0	0	0	0	0	0	0	0	0	0	0	696	1610	98	2968	0	0	0	0	0	346	0	342	0	0	0	0	0	0	0	0	0	0	0	0	0	0	0	0	0	0	0	0	0	0	0	0	0	0	0	0	0	0	0	0	0	0	
228560	Frontal_Inf_Orb_L	0	0	13334	0	15134	0	10990	0	13704	0	642	0	14528	0	0	0	136	0	2046	230	4248	320	2138	150	454	0	2944	0	20720	0	1364	246	266	0	0	0	546	0	558	0	634	0	0	0	0	0	0	0	0	0	0	0	0	0	152	0	0	0	0	0	0	0	0	0	0	0	0	0	0	0	878	218	4766	0	0	0	0	0	0	0	0	0	2934	0	0	0	0	0	0	0	0	0	0	0	0	0	0	0	0	0	0	0	0	0	0	0	0	0	0	0	0	0	0	0	0	0	
87452	Frontal_Inf_Orb_R	0	0	0	2220	0	2592	0	5272	0	4580	0	360	0	5234	0	0	0	0	0	550	110	3468	0	340	0	0	0	2752	0	10254	0	90	0	106	0	0	0	198	0	178	0	444	0	0	0	0	0	0	0	0	0	0	0	0	0	150	0	0	0	0	0	0	0	0	0	0	0	0	0	0	98	852	0	3222	0	0	0	0	0	0	0	260	0	396	0	0	0	0	0	0	0	0	0	0	0	0	0	0	0	0	0	0	0	0	0	0	0	0	0	0	0	0	0	0	0	0	
318560	Rolandic_Oper_L	16856	130	7882	122	0	0	5652	0	0	0	18026	0	1770	0	136	0	0	0	9142	0	0	0	296	0	0	0	0	0	19376	0	224	0	496	0	200	242	1326	212	112	0	0	0	0	0	0	0	0	0	104	0	1244	0	0	0	850	0	11546	0	1028	0	3232	0	3080	0	2648	0	674	0	0	0	666	0	2214	0	742	0	662	174	7174	0	25418	0	4448	0	7714	0	0	0	3462	0	0	0	0	0	0	0	0	0	0	0	0	0	0	0	0	0	0	0	0	0	0	0	0	0	0	0	
117328	Rolandic_Oper_R	0	1656	116	5888	0	0	0	2736	0	0	0	3822	0	998	0	0	0	0	306	2892	0	0	0	0	0	0	0	0	0	14602	0	0	0	0	146	164	146	1156	0	0	0	0	0	0	0	0	0	0	0	0	0	0	0	0	0	366	0	3706	0	198	0	558	0	2714	0	536	0	0	0	262	88	1014	0	2398	0	116	0	478	0	4160	0	5934	0	942	0	316	0	0	0	250	0	0	0	0	0	0	0	0	0	0	0	0	0	0	0	0	0	0	0	0	0	0	0	0	0	0	
759208	Supp_Motor_Area_L	10774	1462	85812	17630	2354	0	15356	1760	876	0	17784	1374	6024	1040	2046	0	9142	306	0	49038	100	0	16328	5882	94	0	288	0	22304	846	13540	4994	8978	20012	568	1058	1518	152	230	100	0	0	0	0	0	284	0	94	96	0	88	0	0	0	832	0	658	0	0	0	0	0	0	0	0	0	468	864	7562	1760	11862	4328	11864	456	1610	0	2052	570	312	0	6270	0	3394	0	2140	0	0	0	1156	0	210	0	144	0	0	0	258	0	254	0	0	0	150	0	98	0	0	0	0	0	0	0	0	0	0	0	
680864	Supp_Motor_Area_R	14630	6676	18010	61540	0	0	1658	5344	0	0	238	5412	538	5348	230	550	0	2892	49038	0	0	0	5270	8256	0	0	0	0	836	6162	3970	12002	5816	38298	1220	2770	574	1620	0	172	0	0	0	148	0	570	0	102	0	0	140	120	0	0	0	796	1550	990	142	0	160	0	0	164	174	0	412	1446	14496	12834	3506	24694	128	8622	0	2258	2456	4220	0	92	0	342	0	220	0	156	0	0	0	424	0	0	0	0	0	0	0	0	0	0	0	0	0	0	0	0	0	0	0	0	0	0	0	0	0	0	
115200	Olfactory_L	0	0	350	244	3422	494	0	0	1224	0	0	0	0	0	4248	110	0	0	100	0	0	6234	176	166	1114	572	2898	654	5198	154	4142	2800	0	0	0	0	1252	0	1512	0	1818	0	0	0	0	0	0	0	0	0	0	0	0	0	226	0	0	0	0	0	0	0	0	0	0	0	0	0	0	0	6828	4208	4320	1054	0	0	0	0	0	0	0	0	2082	0	0	0	0	0	0	0	0	0	0	0	0	0	0	0	0	0	0	0	0	0	0	0	0	0	0	0	0	0	0	0	0	0	
127368	Olfactory_R	0	0	112	466	578	3858	0	0	0	124	0	0	0	0	320	3468	0	0	0	0	6234	0	108	418	230	2674	1226	6028	214	2972	3238	5166	0	0	0	0	0	206	0	296	0	896	0	0	0	0	0	0	0	0	0	0	0	0	0	0	0	0	0	0	0	0	0	0	0	0	0	0	0	0	7526	8558	5396	3074	116	0	0	0	0	0	0	0	0	182	0	0	0	0	0	0	0	0	0	0	0	0	0	0	0	0	0	0	0	0	0	0	0	0	0	0	0	0	0	0	0	0	
523468	Frontal_Sup_Medial_L	0	0	49892	9942	7216	162	21922	882	2358	0	2816	338	3240	486	2138	0	296	0	16328	5270	176	108	0	30266	1922	450	2240	0	7654	420	40156	23274	11550	8674	0	0	0	0	0	0	0	0	0	0	0	0	0	0	0	0	0	0	0	0	0	0	0	0	0	0	0	0	0	0	0	0	0	0	0	0	1588	3346	3980	2042	0	0	108	88	0	0	128	0	278	0	0	0	0	0	0	0	0	0	0	0	0	0	0	0	0	0	0	0	0	0	0	0	0	0	0	0	0	0	0	0	0	0	
384092	Frontal_Sup_Medial_R	0	0	9196	28758	590	4498	2422	2330	242	0	400	494	286	1284	150	340	0	0	5882	8256	166	418	30266	0	140	5192	110	1492	2190	1528	18204	33690	2544	13146	0	0	0	0	0	0	0	0	0	0	0	0	0	0	0	0	0	0	0	0	0	0	0	0	0	0	0	0	0	0	0	0	0	0	0	0	1024	7820	1556	7432	0	0	0	0	0	0	0	0	0	0	0	0	0	0	0	0	0	0	0	0	0	0	0	0	0	0	0	0	0	0	0	0	0	0	0	0	0	0	0	0	0	0	
40772	Frontal_Med_Orb_L	0	0	702	0	4020	0	0	0	452	0	0	0	0	0	454	0	0	0	94	0	1114	230	1922	140	0	452	4778	0	238	0	4538	240	0	0	0	0	0	0	0	0	0	0	0	0	0	0	0	0	0	0	0	0	0	0	0	0	0	0	0	0	0	0	0	0	0	0	0	0	0	0	626	100	286	0	0	0	0	0	0	0	0	0	0	0	0	0	0	0	0	0	0	0	0	0	0	0	0	0	0	0	0	0	0	0	0	0	0	0	0	0	0	0	0	0	0	0	
78520	Frontal_Med_Orb_R	0	0	0	1946	90	6752	0	0	0	0	0	0	0	0	0	0	0	0	0	0	572	2674	450	5192	452	0	502	5724	0	0	988	6122	0	0	0	0	0	0	0	0	0	0	0	0	0	0	0	0	0	0	0	0	0	0	0	0	0	0	0	0	0	0	0	0	0	0	0	0	0	0	426	4748	318	2304	0	0	0	0	0	0	0	0	0	0	0	0	0	0	0	0	0	0	0	0	0	0	0	0	0	0	0	0	0	0	0	0	0	0	0	0	0	0	0	0	0	0	
86548	Rectus_L	0	0	2188	0	9878	122	0	0	2870	0	0	0	0	0	2944	0	0	0	288	0	2898	1226	2240	110	4778	502	0	556	1862	0	5756	762	0	0	0	0	0	0	0	0	126	0	0	0	0	0	0	0	0	0	0	0	0	0	0	0	0	0	0	0	0	0	0	0	0	0	0	0	0	0	2178	582	1242	0	0	0	0	0	0	0	0	0	166	0	0	0	0	0	0	0	0	0	0	0	0	0	0	0	0	0	0	0	0	0	0	0	0	0	0	0	0	0	0	0	0	0	
72904	Rectus_R	0	0	0	946	112	7226	0	0	0	182	0	0	0	0	0	2752	0	0	0	0	654	6028	0	1492	0	5724	556	0	0	1678	142	3094	0	0	0	0	0	0	0	0	0	0	0	0	0	0	0	0	0	0	0	0	0	0	0	0	0	0	0	0	0	0	0	0	0	0	0	0	0	0	552	3568	252	1494	0	0	0	0	0	0	0	0	0	0	0	0	0	0	0	0	0	0	0	0	0	0	0	0	0	0	0	0	0	0	0	0	0	0	0	0	0	0	0	0	0	0	
717936	Insula_L	14174	250	40640	726	15752	0	20456	112	6248	0	21684	0	18888	0	20720	0	19376	0	22304	836	5198	214	7654	2190	238	0	1862	0	0	132	4568	1748	1390	600	542	632	14306	518	3596	170	2764	0	0	0	0	0	96	112	154	0	780	0	194	0	8306	0	3600	0	570	0	1236	0	522	0	1026	0	358	0	154	0	2626	280	20640	0	190	0	2522	380	7496	0	17904	0	12188	0	11094	0	0	0	9864	0	1044	0	784	0	0	0	1682	0	1340	0	0	0	788	0	550	0	0	0	0	0	0	0	0	0	0	0	
399504	Insula_R	316	1308	586	10212	0	864	0	14718	0	1644	0	11640	0	20278	0	10254	0	14602	846	6162	154	2972	420	1528	0	0	0	1678	132	0	564	2528	674	2410	1062	1166	1066	11192	86	3782	0	1282	0	0	0	0	0	238	0	0	0	0	0	116	0	9102	184	1258	0	0	0	0	0	660	0	0	98	118	0	256	926	3278	164	23844	0	192	280	1686	150	6034	0	10066	0	4490	0	2804	0	346	0	6744	0	200	0	0	0	0	0	148	0	244	0	0	0	0	0	0	0	0	0	0	0	0	0	0	0	0	
471708	Cingulum_Ant_L	0	0	27914	7212	5210	364	10394	874	1058	0	2304	506	1608	752	1364	0	224	0	13540	3970	4142	3238	40156	18204	4538	988	5756	142	4568	564	0	30700	10858	6702	0	0	0	0	0	0	0	0	0	0	0	0	0	0	0	0	0	0	0	0	0	0	0	0	0	0	0	0	0	0	0	0	0	0	0	0	8148	6288	9612	3394	0	0	112	96	0	0	124	0	230	0	0	0	0	0	0	0	0	0	0	0	0	0	0	0	0	0	0	0	0	0	0	0	0	0	0	0	0	0	0	0	0	0	
511672	Cingulum_Ant_R	92	138	9128	31166	768	2778	3560	4490	228	0	394	1194	174	2920	246	90	0	0	4994	12002	2800	5166	23274	33690	240	6122	762	3094	1748	2528	30700	0	4696	22306	134	164	142	208	0	0	0	0	0	0	0	0	0	0	0	0	0	0	0	0	0	0	0	0	0	0	0	0	0	0	0	0	0	0	0	0	6162	19250	3832	14116	0	0	162	178	0	0	0	0	0	0	0	0	0	0	0	0	0	0	0	0	0	0	0	0	0	0	0	0	0	0	0	0	0	0	0	0	0	0	0	0	0	0	
270400	Cingulum_Mid_L	804	88	9560	3488	0	0	6578	866	0	0	600	0	804	550	266	0	496	0	8978	5816	0	0	11550	2544	0	0	0	0	1390	674	10858	4696	0	15528	4858	804	0	0	0	0	0	0	450	0	1036	94	0	0	3472	0	5170	0	306	0	218	0	1380	0	3764	0	4054	0	116	0	3032	0	8526	1030	5346	536	128	230	304	938	0	0	0	0	86	0	1018	0	0	0	1686	0	0	0	484	0	0	0	0	0	0	0	0	0	0	0	0	0	0	0	0	0	0	0	0	0	0	0	0	0	0	0	
509676	Cingulum_Mid_R	6234	2202	4218	21000	0	0	904	5296	0	0	112	1030	220	2864	0	106	0	0	20012	38298	0	0	8674	13146	0	0	0	0	600	2410	6702	22306	15528	0	1822	6830	0	338	0	0	0	0	0	2664	0	3092	0	0	0	2050	0	2472	0	248	0	600	1516	8342	0	730	0	184	0	644	0	430	1582	11422	10114	19534	630	2608	0	2410	0	0	140	0	0	0	0	340	0	0	0	1190	0	0	0	1044	0	0	0	0	0	0	0	0	0	0	0	0	0	0	0	0	0	0	0	0	0	0	0	0	0	0	
228424	Cingulum_Post_L	3738	3178	0	2760	0	0	126	286	0	0	0	124	0	0	0	0	200	146	568	1220	0	0	0	0	0	0	0	0	542	1062	0	134	4858	1822	0	14792	12668	10444	852	2984	0	0	2090	0	860	118	1936	2296	548	0	3138	0	632	0	750	1416	2614	410	1062	0	604	0	0	0	1038	0	9504	2102	3644	966	210	640	200	1276	0	0	4446	5836	866	352	338	0	0	0	1234	0	0	0	582	0	0	0	0	0	0	0	0	0	0	0	0	0	0	0	0	0	0	0	0	0	0	0	0	0	0	0	
278848	Cingulum_Post_R	3764	6162	0	4916	0	0	120	396	0	0	0	140	0	92	0	0	242	164	1058	2770	0	0	0	0	0	0	0	0	632	1166	0	164	804	6830	14792	0	10878	14558	960	3536	0	0	170	3436	0	918	898	2948	0	232	306	1336	0	622	290	3262	1296	2762	252	314	292	150	0	0	444	0	3126	13160	1186	4842	250	546	222	1368	0	0	7032	8234	1010	370	0	180	0	0	0	1616	0	0	0	2070	0	0	0	0	0	0	0	0	0	0	0	0	0	0	0	0	0	0	0	0	140	0	0	0	0	0	
397692	Hippocampus_L	12738	3100	1898	2980	0	0	3562	288	0	0	1112	130	150	0	546	0	1326	146	1518	574	1252	0	0	0	0	0	0	0	14306	1066	0	142	0	0	12668	10878	0	9884	17168	2812	6026	0	2510	0	244	0	5640	2200	158	0	1204	0	698	0	15384	1280	1798	0	94	0	108	0	0	0	246	0	5646	802	168	0	1212	592	10314	1288	0	0	8790	5712	2924	352	3130	0	1918	0	846	0	108	0	5738	0	1830	0	1316	0	294	0	3192	0	2458	0	100	0	1322	0	860	0	0	0	0	100	0	0	0	0	0	0	
430348	Hippocampus_R	2878	10910	0	6498	0	134	108	1818	0	0	0	1184	0	408	0	198	212	1156	152	1620	0	206	0	0	0	0	0	0	518	11192	0	208	0	338	10444	14558	9884	0	818	32200	0	11918	146	858	0	0	790	8336	0	0	0	102	0	378	268	26270	1122	422	0	0	0	0	0	210	178	0	1276	4100	120	838	622	1804	200	13400	0	1732	5528	10784	888	1520	0	1592	0	1926	0	450	0	0	0	4628	0	1012	0	150	0	342	0	1646	0	1390	0	0	0	246	0	206	0	0	0	134	0	0	0	0	0	0	
167120	ParaHippocampal_L	2872	382	256	314	218	0	450	0	0	0	0	0	0	0	558	0	112	0	230	0	1512	0	0	0	0	0	0	0	3596	86	0	0	0	0	852	960	17168	818	0	284	3110	0	1242	0	86	0	5752	322	0	0	1076	0	830	0	10532	154	220	0	0	0	0	0	0	0	0	0	1740	0	0	0	0	0	3242	118	0	0	2206	662	0	0	438	0	2080	0	246	0	702	0	996	0	2528	0	1484	0	1302	0	4980	0	3674	0	114	0	1490	0	992	0	218	0	0	356	0	0	0	0	0	0	
262516	ParaHippocampal_R	832	1766	0	832	0	152	0	250	0	0	0	276	0	0	0	178	0	0	100	172	0	296	0	0	0	0	0	0	170	3782	0	0	0	0	2984	3536	2812	32200	284	0	0	9960	0	668	0	0	252	8620	0	0	0	0	0	168	98	22688	270	0	0	0	0	0	0	0	0	0	176	1490	0	124	0	0	0	6584	0	1122	1572	3214	266	344	0	720	0	3330	0	168	0	974	0	1974	0	2640	0	604	0	542	0	5098	0	3664	0	0	0	1204	0	1016	0	0	168	266	134	186	0	158	174	0	
41260	Amygdala_L	0	0	0	0	314	0	0	0	120	0	0	0	0	0	634	0	0	0	0	0	1818	0	0	0	0	0	126	0	2764	0	0	0	0	0	0	0	6026	0	3110	0	0	0	0	0	0	0	0	0	0	0	0	0	0	0	1958	0	0	0	0	0	0	0	0	0	0	0	0	0	0	0	0	0	1384	0	0	0	0	0	0	0	0	0	1972	0	0	0	232	0	172	0	0	0	0	0	0	0	0	0	0	0	0	0	0	0	0	0	0	0	0	0	0	0	0	0	0	0	
73556	Amygdala_R	0	0	0	174	0	272	0	0	0	0	0	178	0	0	0	444	0	0	0	0	0	896	0	0	0	0	0	0	0	1282	0	0	0	0	0	0	0	11918	0	9960	0	0	0	0	0	0	0	0	0	0	0	0	0	0	0	4920	0	0	0	0	0	0	0	0	0	0	0	0	0	0	0	0	0	3750	0	0	0	0	0	0	0	0	0	2364	0	0	0	0	0	312	0	0	0	0	0	128	0	180	0	0	0	0	0	0	0	0	0	0	0	0	0	0	0	0	0	0	
290184	Calcarine_L	118	0	0	0	0	0	0	0	0	0	0	0	0	0	0	0	0	0	0	0	0	0	0	0	0	0	0	0	0	0	0	0	450	0	2090	170	2510	146	1242	0	0	0	0	6650	20012	6180	15694	1664	13478	2298	29590	142	10370	0	6610	0	98	0	942	0	362	0	0	0	1490	0	16538	1094	0	0	0	0	0	0	0	0	0	0	0	0	0	0	0	0	1684	0	0	0	980	0	130	0	0	0	0	0	592	0	590	0	0	0	0	0	0	108	0	0	0	0	742	204	0	0	0	124	
289136	Calcarine_R	0	846	0	0	0	0	0	0	0	0	0	216	0	0	0	0	0	0	0	148	0	0	0	0	0	0	0	0	0	0	0	0	0	2664	0	3436	0	858	0	668	0	0	6650	0	3032	21920	1856	11656	0	16742	98	13572	0	7444	0	5486	0	1924	0	1564	0	504	0	0	0	598	2560	26938	0	2324	0	0	0	0	0	0	0	0	0	0	0	268	0	0	0	5962	0	0	0	4436	0	0	0	0	0	0	0	0	0	0	0	0	0	0	0	0	0	0	0	0	198	0	0	0	0	0	
213848	Cuneus_L	0	0	0	0	0	0	0	0	0	0	0	0	0	0	0	0	0	0	0	0	0	0	0	0	0	0	0	0	0	0	0	0	1036	0	860	0	244	0	86	0	0	0	20012	3032	0	6348	3214	208	22058	1150	20016	0	2896	0	1388	0	86	0	3580	0	632	0	0	0	2012	0	15218	1628	0	0	0	0	0	0	0	0	0	0	0	0	0	0	0	0	926	0	0	0	294	0	0	0	0	0	0	0	0	0	0	0	0	0	0	0	0	0	0	0	0	0	0	0	0	0	0	0	
285436	Cuneus_R	0	364	0	0	0	0	0	0	0	0	0	100	0	0	0	0	0	0	284	570	0	0	0	0	0	0	0	0	0	0	0	0	94	3092	118	918	0	0	0	0	0	0	6180	21920	6348	0	392	2926	312	30870	208	11784	0	266	0	928	0	1648	0	7270	0	676	0	0	0	1956	6524	29640	0	1986	0	0	0	0	0	0	0	0	0	0	0	450	0	0	0	2154	0	0	0	2636	0	0	0	0	0	0	0	0	0	0	0	0	0	0	0	0	0	0	0	0	104	0	0	0	0	0	
252408	Lingual_L	312	152	0	168	0	0	0	0	0	0	0	0	0	0	0	0	0	0	0	0	0	0	0	0	0	0	0	0	96	0	0	0	0	0	1936	898	5640	790	5752	252	0	0	15694	1856	3214	392	0	1842	3266	316	14880	0	8042	0	16826	266	0	0	0	0	0	0	0	0	228	0	7108	310	0	0	0	0	110	0	0	0	1138	318	0	0	0	0	0	0	460	0	0	0	734	0	5482	154	166	0	118	0	10470	400	11618	250	0	0	0	0	110	86	0	0	0	112	2628	1366	144	0	0	104	
255932	Lingual_R	656	1326	0	586	0	0	0	0	0	0	0	0	0	0	0	0	0	0	94	102	0	0	0	0	0	0	0	0	112	238	0	0	0	0	2296	2948	2200	8336	322	8620	0	0	1664	11656	208	2926	1842	0	0	3078	0	2228	0	4878	616	18298	178	0	0	0	0	0	0	0	0	0	706	4652	0	0	94	250	0	662	0	0	1226	3236	146	0	0	144	0	0	0	280	0	0	0	654	848	4480	0	354	224	260	2372	6982	2786	8142	0	294	0	300	614	170	0	0	116	320	5404	5514	916	0	202	210	
251848	Occipital_Sup_L	320	0	0	0	0	0	0	0	0	0	0	0	0	0	0	0	104	0	96	0	0	0	0	0	0	0	0	0	154	0	0	0	3472	0	548	0	158	0	0	0	0	0	13478	0	22058	312	3266	0	0	0	35644	0	2300	0	1136	0	1068	0	12582	0	4620	0	876	0	3058	0	15374	354	426	0	0	0	0	0	0	0	0	0	98	0	248	0	0	0	2574	0	0	0	1600	0	0	0	0	0	0	0	0	0	0	0	0	0	0	0	0	0	0	0	0	0	0	0	0	0	0	0	
257788	Occipital_Sup_R	0	540	0	0	0	0	0	0	0	0	0	0	0	0	0	0	0	0	0	0	0	0	0	0	0	0	0	0	0	0	0	0	0	2050	0	232	0	0	0	0	0	0	2298	16742	1150	30870	316	3078	0	0	0	18576	0	386	0	1144	0	2184	0	8092	0	1570	0	0	0	6430	1108	14880	0	2326	0	0	0	0	0	0	0	0	0	0	0	1908	0	0	0	5570	0	0	0	7444	0	0	0	0	0	0	0	0	0	0	0	0	0	0	0	0	0	0	0	0	0	0	0	0	0	0	
629652	Occipital_Mid_L	2850	168	0	0	0	0	0	0	0	0	98	0	0	0	0	0	1244	0	88	140	0	0	0	0	0	0	0	0	780	0	0	0	5170	0	3138	306	1204	0	1076	0	0	0	29590	98	20016	208	14880	0	35644	0	0	0	27624	0	11270	0	4258	0	24970	0	20362	0	4104	0	33912	0	30736	232	2086	172	0	0	0	0	0	0	242	0	1230	0	3528	0	0	0	26074	0	0	0	6696	0	104	0	0	0	0	0	110	0	322	0	0	0	0	0	0	0	0	0	0	0	96	0	0	0	0	0	
241548	Occipital_Mid_R	0	1504	0	0	0	0	0	0	0	0	0	186	0	0	0	0	0	0	0	120	0	0	0	0	0	0	0	0	0	0	0	0	0	2472	0	1336	0	102	0	0	0	0	142	13572	0	11784	0	2228	0	18576	0	0	0	4616	0	1614	0	2994	0	5392	0	3080	0	340	0	13744	196	12384	0	2762	0	0	0	0	0	0	0	0	0	0	0	1216	0	0	0	13838	0	0	0	6576	0	0	0	0	0	0	0	0	0	0	0	0	0	0	0	0	0	0	0	0	0	0	0	0	0	0	
179556	Occipital_Inf_L	402	0	0	0	0	0	0	0	0	0	0	0	0	0	0	0	0	0	0	0	0	0	0	0	0	0	0	0	194	0	0	0	306	0	632	0	698	0	830	0	0	0	10370	0	2896	0	8042	0	2300	0	27624	0	0	0	12990	0	138	0	454	0	218	0	242	0	1974	0	4316	0	160	0	0	0	88	0	0	0	0	0	466	0	0	0	0	0	5850	0	0	0	6464	0	530	0	0	0	0	0	416	0	998	0	0	0	0	0	0	0	0	0	0	0	180	0	0	0	0	0	
89892	Occipital_Inf_R	0	524	0	0	0	0	0	0	0	0	0	0	0	0	0	0	0	0	0	0	0	0	0	0	0	0	0	0	0	116	0	0	0	248	0	622	0	378	0	168	0	0	0	7444	0	266	0	4878	0	386	0	4616	0	0	0	6830	0	540	0	0	0	0	0	0	0	0	0	4238	0	546	0	0	0	0	0	0	0	0	0	0	0	0	0	0	0	3758	0	0	0	6526	0	162	0	0	0	0	254	334	280	734	0	0	0	0	0	0	0	0	0	0	324	688	86	0	0	0	
483224	Fusiform_L	2728	0	1042	0	0	0	2216	0	0	0	628	0	0	0	152	0	850	0	832	0	226	0	0	0	0	0	0	0	8306	0	0	0	218	0	750	290	15384	268	10532	98	1958	0	6610	0	1388	0	16826	616	1136	0	11270	0	12990	0	0	180	168	0	246	0	492	0	188	0	788	0	2228	0	376	0	0	0	4298	0	0	0	690	0	2040	0	5170	0	3652	0	4650	0	3352	0	20888	0	24006	114	4342	144	396	0	18970	330	33566	330	466	0	3982	0	2604	0	362	0	0	0	2988	2024	268	0	0	0	
451284	Fusiform_R	344	2486	0	624	0	0	0	566	0	0	0	486	0	0	0	150	0	366	0	796	0	0	0	0	0	0	0	0	0	9102	0	0	0	600	1416	3262	1280	26270	154	22688	0	4920	0	5486	0	928	266	18298	0	1144	0	1614	0	6830	180	0	0	906	0	0	0	0	0	150	0	0	224	4256	0	2110	0	0	0	5606	0	218	658	1772	96	1164	0	2442	0	7540	0	1846	0	2286	0	19260	516	14114	0	1088	246	408	1598	12180	1632	17718	0	280	0	1984	668	1568	0	0	350	610	3920	4406	670	182	392	322	
284676	Postcentral_L	28368	348	472	382	0	0	1338	0	0	0	2688	0	144	0	0	0	11546	0	658	1550	0	0	0	0	0	0	0	0	3600	184	0	0	1380	1516	2614	1296	1798	1122	220	270	0	0	98	0	86	0	0	178	1068	0	4258	0	138	0	168	0	0	640	6916	0	23372	0	10240	0	2396	0	3448	0	6162	1470	2526	576	1448	286	312	0	550	1066	3018	0	7502	0	424	0	2184	0	0	0	314	0	0	0	0	0	0	0	0	0	0	0	0	0	0	0	0	0	0	0	0	0	0	0	0	0	0	0	
249816	Postcentral_R	1056	23218	0	764	0	0	0	1384	0	0	0	2266	0	0	0	0	0	3706	0	990	0	0	0	0	0	0	0	0	0	1258	0	0	0	8342	410	2762	0	422	0	0	0	0	0	1924	0	1648	0	0	0	2184	0	2994	0	540	0	906	640	0	0	4108	0	13232	0	16888	0	1776	118	5378	652	15146	0	482	0	138	0	0	222	228	0	836	0	2410	0	0	0	2752	0	0	0	3128	0	0	0	0	0	0	0	0	0	0	0	0	0	0	0	0	0	0	0	0	0	0	0	0	0	0	
251140	Parietal_Sup_L	1192	140	0	0	0	0	0	0	0	0	144	0	0	0	0	0	1028	0	0	142	0	0	0	0	0	0	0	0	570	0	0	0	3764	0	1062	252	94	0	0	0	0	0	942	0	3580	0	0	0	12582	0	24970	0	454	0	246	0	6916	0	0	0	17936	0	622	0	10066	0	27856	228	930	170	0	0	0	0	0	0	0	0	234	0	2650	0	0	0	5582	0	0	0	1218	0	0	0	0	0	0	0	0	0	0	0	0	0	0	0	0	0	0	0	0	0	0	0	0	0	0	0	
169432	Parietal_Sup_R	0	476	0	0	0	0	0	0	0	0	0	130	0	0	0	0	0	198	0	0	0	0	0	0	0	0	0	0	0	0	0	0	0	730	0	314	0	0	0	0	0	0	0	1564	0	7270	0	0	0	8092	0	5392	0	0	0	0	0	4108	0	0	0	11614	0	368	0	14068	1962	17512	0	1734	0	0	0	0	0	0	0	0	0	0	0	2300	0	0	0	4896	0	0	0	1988	0	0	0	0	0	0	0	0	0	0	0	0	0	0	0	0	0	0	0	0	0	0	0	0	0	0	
283124	Parietal_Inf_L	8040	176	0	0	0	0	0	0	0	0	276	0	0	0	0	0	3232	0	0	160	0	0	0	0	0	0	0	0	1236	0	0	0	4054	0	604	292	108	0	0	0	0	0	362	0	632	0	0	0	4620	0	20362	0	218	0	492	0	23372	0	17936	0	0	0	11910	0	25232	0	7820	0	968	184	104	0	0	0	0	0	90	0	240	0	4246	0	0	0	3450	0	0	0	1146	0	0	0	0	0	0	0	0	0	0	0	0	0	0	0	0	0	0	0	0	0	0	0	0	0	0	0	
182876	Parietal_Inf_R	0	4248	0	96	0	0	0	378	0	0	0	1536	0	0	0	0	0	558	0	0	0	0	0	0	0	0	0	0	0	0	0	0	0	184	0	150	0	0	0	0	0	0	0	504	0	676	0	0	0	1570	0	3080	0	0	0	0	0	13232	0	11614	0	0	0	17902	0	21250	0	1612	0	384	0	92	0	0	0	0	0	0	0	0	0	4220	0	0	0	5916	0	0	0	2236	0	0	0	0	0	0	0	0	0	0	0	0	0	0	0	0	0	0	0	0	0	0	0	0	0	0	
124508	SupraMarginal_L	3528	0	0	0	0	0	0	0	0	0	0	0	0	0	0	0	3080	0	0	0	0	0	0	0	0	0	0	0	522	0	0	0	116	0	0	0	0	0	0	0	0	0	0	0	0	0	0	0	876	0	4104	0	242	0	188	0	10240	0	622	0	11910	0	0	0	10914	0	402	0	0	0	116	0	126	0	0	0	0	0	0	0	7228	0	0	0	7092	0	0	0	948	0	0	0	0	0	0	0	0	0	0	0	0	0	0	0	0	0	0	0	0	0	0	0	0	0	0	0	
126676	SupraMarginal_R	0	4918	0	416	0	0	0	822	0	0	0	1496	0	0	0	0	0	2714	0	164	0	0	0	0	0	0	0	0	0	660	0	0	0	644	0	0	0	210	0	0	0	0	0	0	0	0	0	0	0	0	0	340	0	0	0	150	0	16888	0	368	0	17902	0	0	0	6972	0	0	0	1084	0	104	0	0	0	0	0	0	0	192	0	5770	0	0	0	996	0	0	0	528	0	0	0	0	0	0	0	0	0	0	0	0	0	0	0	0	0	0	0	0	0	0	0	0	0	0	
273972	Angular_L	2192	292	0	184	0	0	0	0	0	0	220	0	0	0	0	0	2648	0	0	174	0	0	0	0	0	0	0	0	1026	0	0	0	3032	0	1038	444	246	178	0	0	0	0	1490	0	2012	0	228	0	3058	0	33912	0	1974	0	788	0	2396	0	10066	0	25232	0	10914	0	0	0	7846	0	354	182	0	0	0	0	0	0	224	224	250	0	5100	0	0	0	17088	0	0	0	1974	0	0	0	0	0	0	0	0	0	0	0	0	0	0	0	0	0	0	0	0	0	0	0	0	0	0	0	
188292	Angular_R	0	1210	0	0	0	0	0	0	0	0	0	288	0	0	0	0	0	536	0	0	0	0	0	0	0	0	0	0	0	0	0	0	0	430	0	0	0	0	0	0	0	0	0	598	0	1956	0	0	0	6430	0	13744	0	0	0	0	0	1776	0	14068	0	21250	0	6972	0	0	0	2788	0	558	0	0	0	0	0	0	0	0	0	0	0	7882	0	0	0	9374	0	0	0	4286	0	0	0	0	0	0	0	0	0	0	0	0	0	0	0	0	0	0	0	0	0	0	0	0	0	0	
431256	Precuneus_L	1068	236	0	204	0	0	0	0	0	0	0	0	0	0	0	0	674	0	468	412	0	0	0	0	0	0	0	0	358	98	0	0	8526	1582	9504	3126	5646	1276	1740	176	0	0	16538	2560	15218	6524	7108	706	15374	1108	30736	196	4316	0	2228	224	3448	118	27856	1962	7820	0	402	0	7846	0	0	13370	2962	342	0	0	0	204	0	0	382	300	226	0	2068	0	0	0	6370	0	0	0	1870	0	0	0	0	0	0	0	0	0	0	0	0	0	0	0	0	0	0	0	0	0	152	0	0	0	0	0	
412536	Precuneus_R	138	1642	0	170	0	0	0	0	0	0	0	346	0	0	0	0	0	0	864	1446	0	0	0	0	0	0	0	0	0	118	0	0	1030	11422	2102	13160	802	4100	0	1490	0	0	1094	26938	1628	29640	310	4652	354	14880	232	12384	0	4238	0	4256	0	5378	228	17512	0	1612	0	0	0	2788	13370	0	170	6858	0	0	0	0	0	0	112	518	0	0	0	1136	0	0	0	7484	0	0	0	8898	0	0	0	0	0	0	0	0	0	0	0	0	0	0	0	0	0	0	0	0	768	0	0	0	0	0	
201584	Paracentral_Lobule_L	20642	2820	2588	2318	0	0	296	0	0	0	0	0	0	0	0	0	0	0	7562	14496	0	0	0	0	0	0	0	0	154	0	0	0	5346	10114	3644	1186	168	120	0	0	0	0	0	0	0	0	0	0	426	0	2086	0	160	0	376	0	6162	652	930	0	968	0	0	0	354	0	2962	170	0	6938	326	594	332	0	0	0	1518	806	142	0	252	0	0	0	1916	0	0	0	1268	0	0	0	0	0	0	0	0	0	0	0	0	0	0	0	0	0	0	0	0	0	0	0	0	0	0	0	
229976	Paracentral_Lobule_R	4822	12758	0	86	0	0	0	188	0	0	0	364	0	0	0	0	0	262	1760	12834	0	0	0	0	0	0	0	0	0	256	0	0	536	19534	966	4842	0	838	0	124	0	0	0	2324	0	1986	0	0	0	2326	172	2762	0	546	0	2110	1470	15146	170	1734	184	384	0	1084	182	558	342	6858	6938	0	0	0	0	0	0	0	194	0	0	0	0	1052	0	0	0	2824	0	0	0	3472	0	0	0	0	0	0	0	0	0	0	0	0	0	0	0	0	0	0	0	0	0	0	0	0	0	0	
322732	Caudate_L	6456	1118	10840	4012	1600	500	1336	652	378	0	832	1218	96	696	878	98	666	88	11862	3506	6828	7526	1588	1024	626	426	2178	552	2626	926	8148	6162	128	630	210	250	1212	622	0	0	0	0	0	0	0	0	0	94	0	0	0	0	0	0	0	0	2526	0	0	0	104	0	116	0	0	0	0	0	326	0	0	16534	22676	6506	4644	1918	13776	2458	410	0	510	0	0	0	158	0	0	0	116	0	0	0	0	0	0	0	0	0	0	0	0	0	0	0	0	0	0	0	0	0	0	0	0	0	0	0	
438800	Caudate_R	2268	4786	1232	22654	356	5400	214	2106	0	0	90	1362	96	1610	218	852	0	1014	4328	24694	4208	8558	3346	7820	100	4748	582	3568	280	3278	6288	19250	230	2608	640	546	592	1804	0	0	0	0	0	0	0	0	0	250	0	0	0	0	0	0	0	0	576	482	0	0	0	92	0	104	0	0	0	0	594	0	16534	0	9126	24306	1156	3476	1884	18846	0	0	0	104	0	144	0	0	0	0	0	0	0	0	0	0	0	0	0	0	0	0	0	0	0	0	0	0	0	0	0	0	0	0	0	0	0	0	
381620	Putamen_L	8184	0	15782	432	5682	382	4800	0	2182	0	3002	0	376	98	4766	0	2214	0	11864	128	4320	5396	3980	1556	286	318	1242	252	20640	164	9612	3832	304	0	200	222	10314	200	3242	0	1384	0	0	0	0	0	110	0	0	0	0	0	88	0	4298	0	1448	0	0	0	0	0	126	0	0	0	0	0	332	0	22676	9126	0	4484	5284	1230	1602	186	436	0	2126	0	3360	0	1584	0	0	0	1578	0	562	0	438	0	0	0	898	0	766	0	0	0	440	0	276	0	0	0	0	0	0	0	0	0	0	0	
402424	Putamen_R	306	552	388	17076	0	3994	0	5902	0	1066	0	5638	0	2968	0	3222	0	2398	456	8622	1054	3074	2042	7432	0	2304	0	1494	0	23844	3394	14116	938	2410	1276	1368	1288	13400	118	6584	0	3750	0	0	0	0	0	662	0	0	0	0	0	0	0	5606	286	138	0	0	0	0	0	0	0	0	204	0	0	0	6506	24306	4484	0	0	3698	328	3268	100	792	0	1854	0	2876	0	630	0	220	0	2242	0	138	0	0	0	0	0	216	0	184	0	0	0	0	0	0	0	0	0	0	0	0	0	0	0	0	
45820	Pallidum_L	1002	164	2166	170	0	0	1416	0	0	0	744	0	0	0	0	0	742	0	1610	0	0	116	0	0	0	0	0	0	190	0	0	0	0	0	0	0	0	0	0	0	0	0	0	0	0	0	0	0	0	0	0	0	0	0	0	0	312	0	0	0	0	0	0	0	0	0	0	0	0	0	4644	1156	5284	0	0	524	1860	188	0	0	482	0	0	0	140	0	0	0	0	0	0	0	0	0	0	0	0	0	0	0	0	0	0	0	0	0	0	0	0	0	0	0	0	0	0	0	
38160	Pallidum_R	102	0	0	2192	0	0	0	98	0	0	0	0	0	0	0	0	0	116	0	2258	0	0	0	0	0	0	0	0	0	192	0	0	0	0	0	0	0	1732	0	1122	0	0	0	0	0	0	0	0	0	0	0	0	0	0	0	218	0	0	0	0	0	0	0	0	0	0	0	0	0	0	1918	3476	1230	3698	524	0	0	204	0	0	0	0	0	0	0	0	0	0	0	0	0	0	0	0	0	0	0	0	0	0	0	0	0	0	0	0	0	0	0	0	0	0	0	0	0	0	
223156	Thalamus_L	13478	6352	1662	6512	0	0	778	446	0	0	296	0	0	0	0	0	662	0	2052	2456	0	0	108	0	0	0	0	0	2522	280	112	162	0	140	4446	7032	8790	5528	2206	1572	0	0	0	0	0	0	1138	1226	0	0	242	0	0	0	690	658	550	222	0	0	90	0	0	0	224	0	382	112	1518	194	13776	1884	1602	328	1860	0	0	14416	1456	140	372	0	0	0	252	0	0	0	654	0	0	0	0	0	0	0	0	0	0	0	0	0	0	0	0	0	0	0	0	0	0	0	0	0	0	0	
255744	Thalamus_R	4590	14962	178	15390	0	0	0	600	0	0	0	150	0	0	0	0	174	478	570	4220	0	0	88	0	0	0	0	0	380	1686	96	178	0	0	5836	8234	5712	10784	662	3214	0	0	0	0	0	0	318	3236	0	0	0	0	0	0	0	1772	1066	228	0	0	0	0	0	0	224	0	300	518	806	0	2458	18846	186	3268	188	204	14416	0	446	208	0	610	0	0	0	0	0	0	0	216	0	0	0	0	0	0	0	0	0	0	0	0	0	0	0	0	0	0	0	176	0	0	0	0	0	0	
124436	Heschl_L	5058	298	250	298	0	0	490	0	0	0	1312	0	0	0	0	0	7174	0	312	0	0	0	0	0	0	0	0	0	7496	150	0	0	86	0	866	1010	2924	888	0	266	0	0	0	0	0	0	0	146	98	0	1230	0	466	0	2040	96	3018	0	234	0	240	0	0	0	250	0	226	0	142	0	410	0	436	100	0	0	1456	446	0	0	10390	0	452	0	6870	0	0	0	4594	0	0	0	0	0	0	0	0	0	0	0	0	0	0	0	0	0	0	0	0	0	0	0	0	0	0	0	
51016	Heschl_R	98	224	0	310	0	0	0	616	0	0	0	282	0	346	0	0	0	4160	0	92	0	0	0	0	0	0	0	0	0	6034	0	0	0	0	352	370	352	1520	0	344	0	0	0	0	0	0	0	0	0	0	0	0	0	0	0	1164	0	836	0	0	0	0	0	192	0	0	0	0	0	0	0	0	0	792	0	0	140	208	0	0	0	5192	0	0	0	860	0	0	0	1024	0	0	0	0	0	0	0	0	0	0	0	0	0	0	0	0	0	0	0	0	0	0	0	0	0	0	
389840	Temporal_Sup_L	8684	0	5382	0	0	0	3702	0	0	0	11560	0	782	0	0	0	25418	0	6270	0	0	0	128	0	0	0	0	0	17904	0	124	0	1018	0	338	0	3130	0	438	0	0	0	0	0	0	0	0	0	248	0	3528	0	0	0	5170	0	7502	0	2650	0	4246	0	7228	0	5100	0	2068	0	252	0	510	0	2126	0	482	0	372	0	10390	0	0	0	5068	0	31600	0	0	0	17932	0	680	0	402	0	0	0	988	0	852	0	0	0	406	0	242	0	0	0	0	0	0	0	0	0	0	0	
182636	Temporal_Sup_R	0	1244	0	364	0	0	0	680	0	0	0	1024	0	342	0	260	0	5934	0	342	0	0	0	0	0	0	0	0	0	10066	0	0	0	340	0	180	0	1592	0	720	0	0	0	268	0	450	0	144	0	1908	0	1216	0	0	0	2442	0	2410	0	2300	0	4220	0	5770	0	7882	0	1136	0	1052	0	104	0	1854	0	0	0	610	0	5192	0	0	0	1726	0	19778	0	388	0	7380	0	0	0	0	0	0	0	0	0	0	0	0	0	0	0	0	0	0	0	0	0	0	0	0	0	0	
155704	Temporal_Pole_Sup_L	514	0	4416	0	1006	0	1644	0	392	0	5290	0	1812	0	2934	0	4448	0	3394	0	2082	0	278	0	0	0	166	0	12188	0	230	0	0	0	0	0	1918	0	2080	0	1972	0	0	0	0	0	0	0	0	0	0	0	0	0	3652	0	424	0	0	0	0	0	0	0	0	0	0	0	0	0	0	0	3360	0	0	0	0	0	452	0	5068	0	0	0	7376	0	4886	0	5412	0	94	0	0	0	0	0	158	0	120	0	0	0	86	0	0	0	0	0	0	0	0	0	0	0	0	0	
72324	Temporal_Pole_Sup_R	0	0	0	316	0	0	0	0	0	0	0	576	0	0	0	396	0	942	0	220	0	182	0	0	0	0	0	0	0	4490	0	0	0	0	0	0	0	1926	0	3330	0	2364	0	0	0	0	0	0	0	0	0	0	0	0	0	7540	0	0	0	0	0	0	0	0	0	0	0	0	0	0	0	144	0	2876	0	0	0	0	0	0	0	1726	0	0	0	1992	0	2800	0	4342	0	0	0	0	0	0	0	0	0	0	0	0	0	0	0	0	0	0	0	0	0	0	0	0	0	0	
415296	Temporal_Mid_L	5234	0	1786	0	0	0	1056	0	0	0	2904	0	0	0	0	0	7714	0	2140	0	0	0	0	0	0	0	0	0	11094	0	0	0	1686	0	1234	0	846	0	246	0	0	0	1684	0	926	0	460	0	2574	0	26074	0	5850	0	4650	0	2184	0	5582	0	3450	0	7092	0	17088	0	6370	0	1916	0	158	0	1584	0	140	0	252	0	6870	0	31600	0	7376	0	0	0	3276	0	34134	0	126	0	0	0	0	0	106	0	100	0	0	0	86	0	0	0	0	0	0	0	0	0	0	0	0	0	
269728	Temporal_Mid_R	0	3300	0	0	0	0	0	94	0	0	0	340	0	0	0	0	0	316	0	156	0	0	0	0	0	0	0	0	0	2804	0	0	0	1190	0	1616	0	450	0	168	0	0	0	5962	0	2154	0	280	0	5570	0	13838	0	3758	0	1846	0	2752	0	4896	0	5916	0	996	0	9374	0	7484	0	2824	0	0	0	630	0	0	0	0	0	860	0	19778	0	1992	0	0	0	1410	0	32110	0	0	0	0	0	0	0	0	0	0	0	0	0	0	0	0	0	0	0	0	0	0	0	0	0	0	
34020	Temporal_Pole_Mid_L	0	0	0	0	0	0	0	0	0	0	0	0	0	0	0	0	0	0	0	0	0	0	0	0	0	0	0	0	0	0	0	0	0	0	0	0	108	0	702	0	232	0	0	0	0	0	0	0	0	0	0	0	0	0	3352	0	0	0	0	0	0	0	0	0	0	0	0	0	0	0	0	0	0	0	0	0	0	0	0	0	0	0	4886	0	3276	0	0	0	4454	0	0	0	0	0	0	0	0	0	0	0	0	0	0	0	0	0	0	0	0	0	0	0	0	0	0	0	
19432	Temporal_Pole_Mid_R	0	0	0	0	0	0	0	0	0	0	0	0	0	0	0	0	0	0	0	0	0	0	0	0	0	0	0	0	0	346	0	0	0	0	0	0	0	0	0	974	0	0	0	0	0	0	0	0	0	0	0	0	0	0	0	2286	0	0	0	0	0	0	0	0	0	0	0	0	0	0	0	0	0	220	0	0	0	0	0	0	0	388	0	2800	0	1410	0	0	0	1292	0	0	0	0	0	0	0	0	0	0	0	0	0	0	0	0	0	0	0	0	0	0	0	0	0	0	
311840	Temporal_Inf_L	3920	0	922	0	0	0	1102	0	0	0	1934	0	90	0	0	0	3462	0	1156	0	0	0	0	0	0	0	0	0	9864	0	0	0	484	0	582	0	5738	0	996	0	172	0	980	0	294	0	734	0	1600	0	6696	0	6464	0	20888	0	314	0	1218	0	1146	0	948	0	1974	0	1870	0	1268	0	116	0	1578	0	0	0	654	0	4594	0	17932	0	5412	0	34134	0	4454	0	0	0	4192	0	1250	0	0	0	804	0	1780	0	274	0	1214	0	550	0	166	0	0	0	0	0	0	0	0	0	
294108	Temporal_Inf_R	0	3956	0	210	0	0	0	220	0	0	0	474	0	0	0	0	0	250	0	424	0	0	0	0	0	0	0	0	0	6744	0	0	0	1044	0	2070	0	4628	0	1974	0	312	0	4436	0	2636	0	654	0	7444	0	6576	0	6526	0	19260	0	3128	0	1988	0	2236	0	528	0	4286	0	8898	0	3472	0	0	0	2242	0	0	0	216	0	1024	0	7380	0	4342	0	32110	0	1292	0	0	0	2308	0	648	0	0	0	0	0	156	0	0	0	962	0	0	0	0	0	0	0	0	0	0	0	0	
514640	Cerebelum_Crus1_L	142	0	232	0	0	0	156	0	0	0	94	0	0	0	0	0	0	0	210	0	0	0	0	0	0	0	0	0	1044	0	0	0	0	0	0	0	1830	0	2528	0	0	0	130	0	0	0	5482	848	0	0	104	0	530	0	24006	516	0	0	0	0	0	0	0	0	0	0	0	0	0	0	0	0	562	0	0	0	0	0	0	0	680	0	94	0	126	0	0	0	4192	0	0	1406	32272	2202	1938	334	24908	1334	66512	2176	16528	1096	27974	1290	12960	798	2168	0	970	1936	5194	4074	3704	1014	856	170	
457208	Cerebelum_Crus1_R	0	0	0	0	0	0	0	0	0	0	0	0	0	0	0	0	0	0	0	0	0	0	0	0	0	0	0	0	0	200	0	0	0	0	0	0	0	1012	0	2640	0	0	0	0	0	0	154	4480	0	0	0	0	0	162	114	14114	0	0	0	0	0	0	0	0	0	0	0	0	0	0	0	0	0	138	0	0	0	0	0	0	0	0	0	0	0	0	0	0	0	2308	1406	0	348	26238	788	3576	2428	21878	2406	54362	254	6740	360	29702	986	12326	0	376	1458	4162	7608	9862	10528	2098	2494	898	
404732	Cerebelum_Crus2_L	128	0	166	0	0	0	150	0	0	0	0	0	0	0	0	0	0	0	144	0	0	0	0	0	0	0	0	0	784	0	0	0	0	0	0	0	1316	0	1484	0	0	0	0	0	0	0	166	0	0	0	0	0	0	0	4342	0	0	0	0	0	0	0	0	0	0	0	0	0	0	0	0	0	438	0	0	0	0	0	0	0	402	0	0	0	0	0	0	0	1250	0	32272	348	0	6776	330	0	4826	0	13554	256	45508	4654	49800	4490	14846	618	1458	0	0	0	106	696	5874	4516	668	0	
308016	Cerebelum_Crus2_R	0	0	0	0	0	0	0	0	0	0	0	0	0	0	0	0	0	0	0	0	0	0	0	0	0	0	0	0	0	0	0	0	0	0	0	0	0	150	0	604	0	0	0	0	0	0	0	354	0	0	0	0	0	0	144	1088	0	0	0	0	0	0	0	0	0	0	0	0	0	0	0	0	0	0	0	0	0	0	0	0	0	0	0	0	0	0	0	0	0	648	2202	26238	6776	0	0	510	0	1856	1020	6546	5242	28374	5004	39294	420	7860	0	0	186	500	218	1632	12598	4322	222	0	
64676	Cerebelum_3_L	0	0	0	0	0	0	0	0	0	0	0	0	0	0	0	0	0	0	0	0	0	0	0	0	0	0	0	0	0	0	0	0	0	0	0	0	294	0	1302	0	0	0	0	0	0	0	118	224	0	0	0	0	0	0	396	246	0	0	0	0	0	0	0	0	0	0	0	0	0	0	0	0	0	0	0	0	0	0	0	0	0	0	0	0	0	0	0	0	0	0	1938	788	330	0	0	586	7866	790	3334	1016	320	0	436	202	2474	402	762	0	1488	4078	2222	572	0	0	0	154	
74016	Cerebelum_3_R	0	0	0	0	0	0	0	0	0	0	0	0	0	0	0	0	0	0	0	0	0	0	0	0	0	0	0	0	0	0	0	0	0	0	0	0	0	342	0	542	0	128	0	0	0	0	0	260	0	0	0	0	0	0	0	408	0	0	0	0	0	0	0	0	0	0	0	0	0	0	0	0	0	0	0	0	0	0	0	0	0	0	0	0	0	0	0	0	0	0	334	3576	0	510	586	0	1044	5340	446	5908	0	0	0	1166	288	2840	0	88	1854	5430	2474	1120	158	408	1034	724	
363912	Cerebelum_4_5_L	246	0	298	0	0	0	282	0	0	0	120	0	0	0	0	0	0	0	258	0	0	0	0	0	0	0	0	0	1682	0	0	0	0	0	0	0	3192	0	4980	0	0	0	592	0	0	0	10470	2372	0	0	110	0	416	254	18970	1598	0	0	0	0	0	0	0	0	0	0	0	0	0	0	0	0	898	0	0	0	0	0	0	0	988	0	158	0	106	0	0	0	804	0	24908	2428	4826	0	7866	1044	0	4100	38162	3942	1302	0	4794	250	7414	1676	702	0	2022	4530	16130	4454	106	90	732	1684	
252260	Cerebelum_4_5_R	0	0	0	0	0	0	0	0	0	0	0	0	0	0	0	0	0	0	0	0	0	0	0	0	0	0	0	0	0	148	0	0	0	0	0	0	0	1646	0	5098	0	180	0	0	0	0	400	6982	0	0	0	0	0	334	330	12180	0	0	0	0	0	0	0	0	0	0	0	0	0	0	0	0	0	216	0	0	0	0	0	0	0	0	0	0	0	0	0	0	0	0	1334	21878	0	1856	790	5340	4100	0	2898	30506	0	200	92	3892	1098	3342	0	122	970	3528	11204	3082	456	446	800	682	
524424	Cerebelum_6_L	170	0	282	0	0	0	192	0	0	0	110	0	0	0	0	0	0	0	254	0	0	0	0	0	0	0	0	0	1340	0	0	0	0	0	0	0	2458	0	3674	0	0	0	590	0	0	0	11618	2786	0	0	322	0	998	280	33566	1632	0	0	0	0	0	0	0	0	0	0	0	0	0	0	0	0	766	0	0	0	0	0	0	0	852	0	120	0	100	0	0	0	1780	0	66512	2406	13554	1020	3334	446	38162	2898	0	4434	8498	236	16140	476	10450	992	1730	0	1016	2212	10408	8422	2516	982	1204	274	
433200	Cerebelum_6_R	0	0	0	0	0	0	0	0	0	0	0	0	0	0	0	0	0	0	0	0	0	0	0	0	0	0	0	0	0	244	0	0	0	0	0	0	0	1390	0	3664	0	0	0	0	0	0	250	8142	0	0	0	0	0	734	330	17718	0	0	0	0	0	0	0	0	0	0	0	0	0	0	0	0	0	184	0	0	0	0	0	0	0	0	0	0	0	0	0	0	0	156	2176	54362	256	6546	1016	5908	3942	30506	4434	0	106	2172	216	13508	1624	9910	0	736	1492	4396	9586	14706	8360	2990	3714	1126	
320776	Cerebelum_7b_L	0	0	0	0	0	0	0	0	0	0	0	0	0	0	0	0	0	0	0	0	0	0	0	0	0	0	0	0	0	0	0	0	0	0	0	0	100	0	114	0	0	0	0	0	0	0	0	0	0	0	0	0	0	0	466	0	0	0	0	0	0	0	0	0	0	0	0	0	0	0	0	0	0	0	0	0	0	0	0	0	0	0	0	0	0	0	0	0	274	0	16528	254	45508	5242	320	0	1302	0	8498	106	0	5474	45542	6762	8510	652	880	0	0	0	0	382	5382	7462	630	0	
204808	Cerebelum_7b_R	0	0	0	0	0	0	0	0	0	0	0	0	0	0	0	0	0	0	0	0	0	0	0	0	0	0	0	0	0	0	0	0	0	0	0	0	0	0	0	0	0	0	0	0	0	0	0	294	0	0	0	0	0	0	0	280	0	0	0	0	0	0	0	0	0	0	0	0	0	0	0	0	0	0	0	0	0	0	0	0	0	0	0	0	0	0	0	0	0	0	1096	6740	4654	28374	0	0	0	200	236	2172	5474	0	5194	28810	126	5350	0	0	0	0	0	558	7810	5036	0	0	
472636	Cerebelum_8_L	130	0	172	0	0	0	152	0	0	0	0	0	0	0	0	0	0	0	150	0	0	0	0	0	0	0	0	0	788	0	0	0	0	0	0	0	1322	0	1490	0	0	0	0	0	0	0	0	0	0	0	0	0	0	0	3982	0	0	0	0	0	0	0	0	0	0	0	0	0	0	0	0	0	440	0	0	0	0	0	0	0	406	0	86	0	86	0	0	0	1214	0	27974	360	49800	5004	436	0	4794	92	16140	216	45542	5194	0	9370	32004	3314	3816	0	0	112	108	614	5280	12696	3034	0	
388084	Cerebelum_8_R	0	0	0	0	0	0	0	0	0	0	0	0	0	0	0	0	0	0	0	0	0	0	0	0	0	0	0	0	0	0	0	0	0	0	0	0	0	246	0	1204	0	0	0	0	0	0	0	300	0	0	0	0	0	0	0	1984	0	0	0	0	0	0	0	0	0	0	0	0	0	0	0	0	0	0	0	0	0	0	0	0	0	0	0	0	0	0	0	0	0	962	1290	29702	4490	39294	202	1166	250	3892	476	13508	6762	28810	9370	0	1364	24614	0	784	806	1370	838	1038	9316	9078	816	110	
251652	Cerebelum_9_L	110	0	120	0	0	0	132	0	0	0	0	0	0	0	0	0	0	0	98	0	0	0	0	0	0	0	0	0	550	0	0	0	0	0	0	0	860	0	992	0	0	0	0	0	0	0	110	614	0	0	0	0	0	0	2604	668	0	0	0	0	0	0	0	0	0	0	0	0	0	0	0	0	276	0	0	0	0	0	0	0	242	0	0	0	0	0	0	0	550	0	12960	986	14846	420	2474	288	7414	1098	10450	1624	8510	126	32004	1364	0	3126	5684	0	462	860	3168	2126	764	3496	2962	688	
230340	Cerebelum_9_R	0	0	0	0	0	0	0	0	0	0	0	0	0	0	0	0	0	0	0	0	0	0	0	0	0	0	0	0	0	0	0	0	0	0	0	0	0	206	0	1016	0	0	108	0	0	0	86	170	0	0	0	0	0	0	0	1568	0	0	0	0	0	0	0	0	0	0	0	0	0	0	0	0	0	0	0	0	0	0	0	0	0	0	0	0	0	0	0	0	0	0	798	12326	618	7860	402	2840	1676	3342	992	9910	652	5350	3314	24614	3126	0	0	2048	2422	3908	3380	5066	2684	5268	6828	2592	
35892	Cerebelum_10_L	0	0	0	0	0	0	0	0	0	0	0	0	0	0	0	0	0	0	0	0	0	0	0	0	0	0	0	0	0	0	0	0	0	0	0	0	0	0	218	0	0	0	0	0	0	0	0	0	0	0	0	0	0	0	362	0	0	0	0	0	0	0	0	0	0	0	0	0	0	0	0	0	0	0	0	0	0	0	0	0	0	0	0	0	0	0	0	0	166	0	2168	0	1458	0	762	0	702	0	1730	0	880	0	3816	0	5684	0	0	0	0	0	0	0	0	0	0	0	
11972	Cerebelum_10_R	0	0	0	0	0	0	0	0	0	0	0	0	0	0	0	0	0	0	0	0	0	0	0	0	0	0	0	0	0	0	0	0	0	0	0	0	0	0	0	0	0	0	0	0	0	0	0	0	0	0	0	0	0	0	0	0	0	0	0	0	0	0	0	0	0	0	0	0	0	0	0	0	0	0	0	0	0	0	0	0	0	0	0	0	0	0	0	0	0	0	0	376	0	0	0	88	0	122	0	736	0	0	0	784	0	2048	0	0	0	96	0	464	258	488	526	0	
