data	data	430076	359588	850952	882844	169216	103508	513764	401580	77772	38796	238452	240396	276404	228016	162928	270396	303064	132504	657872	783448	79512	95236	382324	339092	60172	118588	82748	93872	584756	476696	406216	457920	295212	593532	113672	162536	210836	307376	66904	196156	27972	49284	273784	406364	219672	430240	219720	301712	271424	393528	642032	231212	219116	87356	282948	371252	300836	169620	174780	120512	313516	187624	195708	150304	220568	186276	468200	560808	219660	137880	283644	463468	298264	391608	45024	32188	107940	170548	101820	40584	240560	143520	90944	71972	369756	261596	15196	19044	332208	210480	411572	329936	328372	277072	26184	40168	203112	144344	356848	326568	231312	141772	295148	232408	152444	131156	48524	11524	9432	31328	133624	132344	200964	95168	87472	30352	
data	data	Precentral_L	Precentral_R	Frontal_Sup_L	Frontal_Sup_R	Frontal_Sup_Orb_L	Frontal_Sup_Orb_R	Frontal_Mid_L	Frontal_Mid_R	Frontal_Mid_Orb_L	Frontal_Mid_Orb_R	Frontal_Inf_Oper_L	Frontal_Inf_Oper_R	Frontal_Inf_Tri_L	Frontal_Inf_Tri_R	Frontal_Inf_Orb_L	Frontal_Inf_Orb_R	Rolandic_Oper_L	Rolandic_Oper_R	Supp_Motor_Area_L	Supp_Motor_Area_R	Olfactory_L	Olfactory_R	Frontal_Sup_Medial_L	Frontal_Sup_Medial_R	Frontal_Med_Orb_L	Frontal_Med_Orb_R	Rectus_L	Rectus_R	Insula_L	Insula_R	Cingulum_Ant_L	Cingulum_Ant_R	Cingulum_Mid_L	Cingulum_Mid_R	Cingulum_Post_L	Cingulum_Post_R	Hippocampus_L	Hippocampus_R	ParaHippocampal_L	ParaHippocampal_R	Amygdala_L	Amygdala_R	Calcarine_L	Calcarine_R	Cuneus_L	Cuneus_R	Lingual_L	Lingual_R	Occipital_Sup_L	Occipital_Sup_R	Occipital_Mid_L	Occipital_Mid_R	Occipital_Inf_L	Occipital_Inf_R	Fusiform_L	Fusiform_R	Postcentral_L	Postcentral_R	Parietal_Sup_L	Parietal_Sup_R	Parietal_Inf_L	Parietal_Inf_R	SupraMarginal_L	SupraMarginal_R	Angular_L	Angular_R	Precuneus_L	Precuneus_R	Paracentral_Lobule_L	Paracentral_Lobule_R	Caudate_L	Caudate_R	Putamen_L	Putamen_R	Pallidum_L	Pallidum_R	Thalamus_L	Thalamus_R	Heschl_L	Heschl_R	Temporal_Sup_L	Temporal_Sup_R	Temporal_Pole_Sup_L	Temporal_Pole_Sup_R	Temporal_Mid_L	Temporal_Mid_R	Temporal_Pole_Mid_L	Temporal_Pole_Mid_R	Temporal_Inf_L	Temporal_Inf_R	Cerebelum_Crus1_L	Cerebelum_Crus1_R	Cerebelum_Crus2_L	Cerebelum_Crus2_R	Cerebelum_3_L	Cerebelum_3_R	Cerebelum_4_5_L	Cerebelum_4_5_R	Cerebelum_6_L	Cerebelum_6_R	Cerebelum_7b_L	Cerebelum_7b_R	Cerebelum_8_L	Cerebelum_8_R	Cerebelum_9_L	Cerebelum_9_R	Cerebelum_10_L	Cerebelum_10_R	Vermis_1_2	Vermis_3	Vermis_4_5	Vermis_6	Vermis_7	Vermis_8	Vermis_9	Vermis_10	
430076	Precentral_L	0	1360	12664	7030	0	0	23314	430	0	0	15532	0	2854	0	0	0	12530	0	8268	14912	0	0	116	0	0	0	0	0	7774	0	630	160	1418	8612	2066	842	5892	698	0	0	0	0	180	0	238	0	0	88	202	0	888	0	202	0	84	0	27688	254	0	0	818	0	250	0	528	0	948	738	24788	4394	5504	2104	7158	0	976	0	2860	2616	2116	0	1458	0	0	0	440	82	0	0	334	0	0	0	0	0	0	0	0	0	0	0	0	0	0	0	0	0	0	0	0	0	0	0	0	0	0	0	
359588	Precentral_R	1360	0	0	23710	0	0	0	31882	0	0	0	7548	0	152	0	2500	0	5506	2528	8524	0	0	0	0	0	0	0	0	0	7538	0	732	354	844	212	544	0	5648	0	1862	0	190	0	312	0	586	0	290	0	792	0	692	0	0	0	2566	98	14026	0	378	110	1004	0	2140	0	1902	100	1198	1916	4036	802	15356	278	8732	132	1474	160	14596	0	884	0	1456	0	0	0	516	0	0	0	1304	0	90	0	0	0	0	0	0	0	234	0	0	0	0	0	0	0	0	0	0	0	0	0	0	0	0	
850952	Frontal_Sup_L	12664	0	0	6966	9622	80	74582	998	1416	0	16324	534	24440	306	6980	416	17324	0	60882	11722	82	0	39246	4912	1332	358	602	0	43104	240	21894	8604	9330	7180	0	0	4390	0	0	0	0	0	0	0	0	0	0	0	0	0	0	0	0	0	0	0	4814	0	0	0	164	0	0	0	0	0	0	0	1140	0	8068	1130	14394	160	482	0	482	118	1054	0	4334	0	1772	0	334	0	0	0	500	0	0	0	0	0	0	0	0	0	0	0	0	0	0	0	0	0	0	0	0	0	0	0	0	0	0	0	
882844	Frontal_Sup_R	7030	23710	6966	0	0	5176	8414	38268	0	1552	86	15484	96	14994	0	9920	160	5786	10060	72072	76	172	6862	33342	0	4948	0	1280	678	24236	5664	26860	2946	20680	88	236	336	3578	0	1218	0	0	0	0	0	0	0	0	0	0	0	0	0	0	0	838	340	644	0	0	0	156	0	178	0	180	78	116	654	394	10780	28558	980	15286	336	1828	902	23198	0	124	0	480	0	1846	0	172	0	0	0	380	0	0	0	0	0	0	0	0	0	0	0	0	0	0	0	0	0	0	0	0	0	0	0	0	0	0	
169216	Frontal_Sup_Orb_L	0	0	9622	0	0	80	2564	0	12568	0	76	0	4112	0	15544	0	0	0	492	0	2112	1224	3252	0	5454	102	7706	486	9692	0	5004	126	142	0	0	0	0	0	0	0	326	0	0	0	0	0	0	0	0	0	0	0	0	0	0	0	0	0	0	0	0	0	0	0	0	0	0	0	0	0	1502	632	1358	0	0	0	0	0	0	0	0	0	432	0	0	0	0	0	0	0	0	0	0	0	0	0	0	0	0	0	0	0	0	0	0	0	0	0	0	0	0	0	0	0	0	0	
103508	Frontal_Sup_Orb_R	0	0	80	5176	80	0	0	898	0	5946	0	0	0	284	0	5578	0	0	0	0	510	1084	640	5000	252	7350	404	7448	0	920	604	2746	0	0	0	0	0	0	0	0	0	218	0	0	0	0	0	0	0	0	0	0	0	0	0	0	0	0	0	0	0	0	0	0	0	0	0	0	0	0	528	2646	184	3178	0	0	0	0	0	0	0	0	0	0	0	0	0	0	0	0	0	0	0	0	0	0	0	0	0	0	0	0	0	0	0	0	0	0	0	0	0	0	0	0	0	0	
513764	Frontal_Mid_L	23314	0	74582	8414	2564	0	0	722	3276	0	9432	0	40144	78	7708	186	2942	0	15524	8488	0	0	14100	912	0	0	0	0	16140	0	5470	2160	5070	5868	0	0	214	0	0	0	0	0	0	0	0	0	0	0	0	0	0	0	0	0	0	0	1674	0	0	0	0	0	0	0	0	0	0	0	0	0	5648	126	1356	94	78	0	0	0	0	0	408	0	190	0	0	0	0	0	0	0	0	0	0	0	0	0	0	0	0	0	0	0	0	0	0	0	0	0	0	0	0	0	0	0	0	0	
401580	Frontal_Mid_R	430	31882	998	38268	0	898	722	0	0	2642	0	15574	0	24834	0	8532	0	5056	1298	4668	0	0	710	3710	0	0	0	0	128	16726	468	3616	334	3072	0	106	160	2914	0	1222	0	0	0	118	0	312	0	98	0	382	0	202	0	0	0	1816	84	1336	0	120	100	248	0	1390	0	848	0	430	0	0	2000	7264	590	8708	126	1382	394	624	0	616	0	1022	0	242	0	290	0	0	0	922	0	0	0	0	0	0	0	0	0	158	0	0	0	0	0	0	0	0	0	0	0	0	0	0	0	0	
77772	Frontal_Mid_Orb_L	0	0	1416	0	12568	0	3276	0	0	0	0	0	2430	0	14828	0	0	0	0	0	0	0	0	0	222	0	924	0	2606	0	98	0	0	0	0	0	0	0	0	0	0	0	0	0	0	0	0	0	0	0	0	0	0	0	0	0	0	0	0	0	0	0	0	0	0	0	0	0	0	0	0	0	210	0	0	0	0	0	0	0	0	0	308	0	0	0	0	0	0	0	0	0	0	0	0	0	0	0	0	0	0	0	0	0	0	0	0	0	0	0	0	0	0	0	0	0	
38796	Frontal_Mid_Orb_R	0	0	0	1552	0	5946	0	2642	0	0	0	0	0	1100	0	6274	0	0	0	78	0	0	0	102	0	160	0	442	0	150	0	0	0	176	0	0	0	0	0	0	0	0	0	0	0	0	0	0	0	0	0	0	0	0	0	0	0	0	0	0	0	0	0	0	0	0	0	0	0	0	0	374	0	402	0	0	0	0	0	0	0	0	0	0	0	0	0	0	0	0	0	0	0	0	0	0	0	0	0	0	0	0	0	0	0	0	0	0	0	0	0	0	0	0	0	0	
238452	Frontal_Inf_Oper_L	15532	0	16324	86	76	0	9432	0	0	0	0	0	9220	0	118	0	19178	0	14504	80	0	0	414	0	0	0	0	0	16582	0	1404	134	238	144	0	0	0	0	0	0	0	0	0	0	0	0	0	0	0	0	76	0	0	0	0	0	7250	0	0	0	104	0	0	0	0	0	0	0	0	0	0	0	1540	0	0	0	0	0	154	0	3190	0	3354	0	92	0	0	0	0	0	0	0	0	0	0	0	0	0	0	0	0	0	0	0	0	0	0	0	0	0	0	0	0	0	0	0	
240396	Frontal_Inf_Oper_R	0	7548	534	15484	0	0	0	15574	0	0	0	0	0	15546	0	4006	0	4368	1948	12486	0	0	452	1238	0	0	0	0	0	19272	722	4140	90	4854	0	0	0	226	0	150	0	0	0	0	0	0	0	0	0	0	0	0	0	0	0	146	0	2042	0	0	0	0	0	80	0	0	0	0	0	0	574	2398	202	4226	0	82	104	0	0	160	0	266	0	1280	0	0	0	0	0	0	0	0	0	0	0	0	0	0	0	0	0	0	0	0	0	0	0	0	0	0	0	0	0	0	0	0	
276404	Frontal_Inf_Tri_L	2854	0	24440	96	4112	0	40144	0	2430	0	9220	0	0	0	11056	0	1630	0	4822	80	0	0	4000	282	0	0	0	0	24174	0	3930	326	1618	798	0	0	0	0	0	0	0	0	0	0	0	0	0	0	0	0	0	0	0	0	0	0	398	0	0	0	0	0	0	0	0	0	0	0	0	0	0	0	926	0	0	0	0	0	0	0	366	0	500	0	0	0	0	0	0	0	0	0	0	0	0	0	0	0	0	0	0	0	0	0	0	0	0	0	0	0	0	0	0	0	0	0	
228016	Frontal_Inf_Tri_R	0	152	306	14994	0	284	78	24834	0	1100	0	15546	0	0	0	8416	0	208	1426	8214	0	0	260	2664	0	0	0	0	0	23030	398	2936	192	5356	0	0	0	0	0	0	0	0	0	0	0	0	0	0	0	0	0	0	0	0	0	0	0	0	0	0	0	0	0	0	0	0	0	0	0	0	166	1362	0	1968	0	0	0	0	0	0	0	0	0	118	0	0	0	0	0	0	0	0	0	0	0	0	0	0	0	0	0	0	0	0	0	0	0	0	0	0	0	0	0	0	0	0	
162928	Frontal_Inf_Orb_L	0	0	6980	0	15544	0	7708	0	14828	0	118	0	11056	0	0	0	0	0	198	0	2270	1206	540	0	450	0	1774	228	10944	0	1444	0	346	220	0	0	88	0	86	0	106	0	0	0	0	0	0	0	0	0	0	0	0	0	0	0	0	0	0	0	0	0	0	0	0	0	0	0	0	0	1504	630	666	0	0	0	0	0	0	0	356	0	1916	0	144	0	0	0	114	0	0	0	0	0	0	0	0	0	0	0	0	0	0	0	0	0	0	0	0	0	0	0	0	0	0	0	
270396	Frontal_Inf_Orb_R	0	2500	416	9920	0	5578	186	8532	0	6274	0	4006	0	8416	0	0	0	918	1944	12564	116	1736	860	1774	0	176	0	962	0	17448	206	1186	408	7994	0	0	0	292	0	450	0	282	0	0	0	0	0	0	0	0	0	0	0	0	0	198	0	100	0	0	0	0	0	0	0	0	0	0	0	0	536	19542	206	15644	0	890	96	0	0	0	0	698	0	2144	0	0	0	0	0	0	0	0	0	0	0	0	0	0	0	0	0	0	0	0	0	0	0	0	0	0	0	0	0	0	0	0	
303064	Rolandic_Oper_L	12530	0	17324	160	0	0	2942	0	0	0	19178	0	1630	0	0	0	0	0	13018	250	0	0	0	0	0	0	0	0	26242	0	308	202	166	0	0	0	1876	0	0	0	0	0	86	0	94	0	0	0	102	0	1888	0	138	0	0	0	13072	0	0	0	1456	0	4442	0	978	0	372	0	292	0	558	180	2262	0	334	0	516	0	7196	0	15046	0	2716	0	2384	0	0	0	1594	0	0	0	0	0	0	0	0	0	0	0	0	0	0	0	0	0	0	0	0	0	0	0	0	0	0	0	
132504	Rolandic_Oper_R	0	5506	0	5786	0	0	0	5056	0	0	0	4368	0	208	0	918	0	0	0	5144	0	0	0	0	0	0	0	0	0	14584	0	0	0	98	0	0	0	1028	0	422	0	0	0	0	0	0	0	0	0	0	0	0	0	0	0	356	0	3448	0	0	0	0	0	3846	0	94	0	0	0	0	96	628	0	4888	0	0	0	104	0	3340	0	3858	0	2222	0	122	0	0	0	132	0	0	0	0	0	0	0	0	0	0	0	0	0	0	0	0	0	0	0	0	0	0	0	0	0	0	
657872	Supp_Motor_Area_L	8268	2528	60882	10060	492	0	15524	1298	0	0	14504	1948	4822	1426	198	1944	13018	0	0	35792	0	0	8590	1742	424	0	224	0	22954	1594	9828	7676	14806	19496	1674	198	1934	0	0	0	318	0	0	0	0	0	0	0	108	0	296	0	0	0	0	0	2730	0	0	0	558	0	0	0	292	0	720	596	7876	1342	7538	4066	15322	174	3522	0	12190	1548	664	0	2818	0	1356	0	438	0	0	0	620	0	0	0	0	0	0	0	0	0	0	0	0	0	0	0	0	0	0	0	0	0	0	0	0	0	0	0	
783448	Supp_Motor_Area_R	14912	8524	11722	72072	0	0	8488	4668	0	78	80	12486	80	8214	0	12564	250	5144	35792	0	0	0	1440	6354	0	186	0	0	774	18926	1822	11568	5296	46558	554	2836	244	2894	0	974	0	152	0	204	0	152	0	358	0	150	0	100	0	0	0	1060	348	1278	0	0	0	134	0	0	0	170	88	1770	10794	12420	11414	27368	1154	12634	286	1008	758	9612	0	98	0	484	0	1620	0	398	0	0	0	212	0	0	0	0	0	0	0	0	0	0	0	0	0	0	0	0	0	0	0	0	0	0	0	0	0	0	
79512	Olfactory_L	0	0	82	76	2112	510	0	0	0	0	0	0	0	0	2270	116	0	0	0	0	0	6094	0	0	184	494	3966	2374	1618	0	2290	1014	0	0	0	0	0	0	418	0	452	0	0	0	0	0	0	0	0	0	0	0	0	0	0	0	0	0	0	0	0	0	0	0	0	0	0	0	0	0	7954	3676	2892	538	0	0	0	106	0	0	80	0	440	0	0	0	0	0	0	0	0	0	0	0	0	0	0	0	0	0	0	0	0	0	0	0	0	0	0	0	0	0	0	0	0	0	
95236	Olfactory_R	0	0	0	172	1224	1084	0	0	0	0	0	0	0	0	1206	1736	0	0	0	0	6094	0	0	0	0	1258	2972	4604	0	2544	2268	2310	0	0	0	0	0	88	0	726	0	1122	0	0	0	0	0	0	0	0	0	0	0	0	0	82	0	0	0	0	0	0	0	0	0	0	0	0	0	0	6858	5452	2996	2180	0	0	0	186	0	0	0	0	0	456	0	0	0	0	0	0	0	0	0	0	0	0	0	0	0	0	0	0	0	0	0	0	0	0	0	0	0	0	0	0	0	0	
382324	Frontal_Sup_Medial_L	116	0	39246	6862	3252	640	14100	710	0	0	414	452	4000	260	540	860	0	0	8590	1440	0	0	0	24084	2446	2120	822	106	5394	206	24724	19808	9814	15216	0	0	358	0	0	0	0	0	0	0	0	0	0	0	0	0	0	0	0	0	0	0	0	0	0	0	0	0	0	0	0	0	0	0	0	0	782	430	2510	550	86	0	138	0	0	0	0	0	86	0	0	0	0	0	0	0	0	0	0	0	0	0	0	0	0	0	0	0	0	0	0	0	0	0	0	0	0	0	0	0	0	0	
339092	Frontal_Sup_Medial_R	0	0	4912	33342	0	5000	912	3710	0	102	0	1238	282	2664	0	1774	0	0	1742	6354	0	0	24084	0	834	9502	0	1866	324	2740	9428	31408	1612	18308	0	0	0	0	0	0	0	0	0	0	0	0	0	0	0	0	0	0	0	0	0	0	0	0	0	0	0	0	0	0	0	0	0	0	0	0	170	3710	76	3452	0	0	0	0	0	0	0	0	0	0	0	0	0	0	0	0	0	0	0	0	0	0	0	0	0	0	0	0	0	0	0	0	0	0	0	0	0	0	0	0	0	0	
60172	Frontal_Med_Orb_L	0	0	1332	0	5454	252	0	0	222	0	0	0	0	0	450	0	0	0	424	0	184	0	2446	834	0	2066	5066	430	1050	0	7464	816	0	0	0	0	0	0	0	0	0	0	0	0	0	0	0	0	0	0	0	0	0	0	0	0	0	0	0	0	0	0	0	0	0	0	0	0	0	0	482	0	1114	0	0	0	0	0	0	0	0	0	0	0	0	0	0	0	0	0	0	0	0	0	0	0	0	0	0	0	0	0	0	0	0	0	0	0	0	0	0	0	0	0	0	0	
118588	Frontal_Med_Orb_R	0	0	358	4948	102	7350	0	0	0	160	0	0	0	0	0	176	0	0	0	186	494	1258	2120	9502	2066	0	722	9410	0	0	3210	7792	0	0	0	0	0	0	0	0	0	0	0	0	0	0	0	0	0	0	0	0	0	0	0	0	0	0	0	0	0	0	0	0	0	0	0	0	0	0	562	4132	84	4662	0	0	0	0	0	0	0	0	0	0	0	0	0	0	0	0	0	0	0	0	0	0	0	0	0	0	0	0	0	0	0	0	0	0	0	0	0	0	0	0	0	0	
82748	Rectus_L	0	0	602	0	7706	404	0	0	924	0	0	0	0	0	1774	0	0	0	224	0	3966	2972	822	0	5066	722	0	2114	588	0	5724	958	0	0	0	0	0	0	0	0	0	0	0	0	0	0	0	0	0	0	0	0	0	0	0	0	0	0	0	0	0	0	0	0	0	0	0	0	0	0	4350	1254	1204	0	0	0	0	0	0	0	0	0	0	0	0	0	0	0	0	0	0	0	0	0	0	0	0	0	0	0	0	0	0	0	0	0	0	0	0	0	0	0	0	0	0	0	
93872	Rectus_R	0	0	0	1280	486	7448	0	0	0	442	0	0	0	0	228	962	0	0	0	0	2374	4604	106	1866	430	9410	2114	0	108	454	1840	3954	0	0	0	0	0	0	0	0	0	324	0	0	0	0	0	0	0	0	0	0	0	0	0	0	0	0	0	0	0	0	0	0	0	0	0	0	0	0	2364	2862	644	2636	0	0	0	0	0	0	0	0	0	0	0	0	0	0	0	0	0	0	0	0	0	0	0	0	0	0	0	0	0	0	0	0	0	0	0	0	0	0	0	0	0	0	
584756	Insula_L	7774	0	43104	678	9692	0	16140	128	2606	0	16582	0	24174	0	10944	0	26242	0	22954	774	1618	0	5394	324	1050	0	588	108	0	0	9380	642	1594	1004	0	0	7658	0	894	0	1442	0	220	0	150	0	132	0	80	0	1346	0	574	0	1914	0	6392	0	0	0	668	0	2190	0	174	0	334	0	812	0	1200	130	21076	0	596	0	1762	0	9192	0	12960	0	5322	0	4868	0	0	0	6798	0	0	0	0	0	0	0	0	0	0	0	0	0	0	0	0	0	0	0	0	0	0	0	0	0	0	0	
476696	Insula_R	0	7538	240	24236	0	920	0	16726	0	150	0	19272	0	23030	0	17448	0	14584	1594	18926	0	2544	206	2740	0	0	0	454	0	0	92	774	96	6838	0	220	0	8458	0	4060	0	2040	0	114	0	186	0	192	0	250	0	142	0	0	0	4034	0	1378	0	158	0	472	0	1784	0	900	0	506	0	92	248	3244	84	27016	0	138	0	284	0	3194	0	8374	0	5424	0	3726	0	204	0	2760	0	0	0	0	0	0	0	0	0	258	0	0	0	0	0	0	0	0	0	0	0	0	0	0	0	0	
406216	Cingulum_Ant_L	630	0	21894	5664	5004	604	5470	468	98	0	1404	722	3930	398	1444	206	308	0	9828	1822	2290	2268	24724	9428	7464	3210	5724	1840	9380	92	0	24070	11528	7872	0	0	1618	0	0	0	92	0	0	0	0	0	0	0	0	0	0	0	0	0	0	0	76	0	0	0	0	0	0	0	0	0	0	0	0	0	11632	3460	12384	1794	474	0	1140	0	0	0	0	0	654	0	0	0	0	0	0	0	0	0	0	0	0	0	0	0	0	0	0	0	0	0	0	0	0	0	0	0	0	0	0	0	0	0	
457920	Cingulum_Ant_R	160	732	8604	26860	126	2746	2160	3616	0	0	134	4140	326	2936	0	1186	202	0	7676	11568	1014	2310	19808	31408	816	7792	958	3954	642	774	24070	0	5670	28614	0	0	344	0	0	0	0	0	0	0	0	0	0	0	0	0	0	0	0	0	0	0	0	0	0	0	0	0	0	0	0	0	0	0	0	0	3836	14946	1418	6752	144	94	424	0	0	0	0	0	0	0	0	0	0	0	0	0	0	0	0	0	0	0	0	0	0	0	0	0	0	0	0	0	0	0	0	0	0	0	0	0	0	0	
295212	Cingulum_Mid_L	1418	354	9330	2946	142	0	5070	334	0	0	238	90	1618	192	346	408	166	0	14806	5296	0	0	9814	1612	0	0	0	0	1594	96	11528	5670	0	19244	5538	622	98	0	0	0	0	0	652	248	1486	460	0	0	4736	90	8612	0	740	0	0	0	1586	90	1312	0	1882	242	578	0	1790	226	12868	2544	3738	360	754	248	450	310	0	0	146	0	0	0	184	0	0	0	1518	0	0	0	1186	0	0	0	0	0	0	0	0	0	0	0	0	0	0	0	0	0	0	0	0	0	0	0	0	0	0	0	
593532	Cingulum_Mid_R	8612	844	7180	20680	0	0	5868	3072	0	176	144	4854	798	5356	220	7994	0	98	19496	46558	0	0	15216	18308	0	0	0	0	1004	6838	7872	28614	19244	0	1912	7270	84	970	0	292	0	0	116	2062	0	3214	0	792	0	2310	0	1204	0	0	0	654	118	1722	0	0	0	1372	0	84	0	1384	1586	11562	8978	10458	1238	4046	342	1426	0	0	156	1222	0	0	0	0	0	0	0	746	0	0	0	400	0	0	0	0	0	0	0	0	0	0	0	0	0	0	0	0	0	0	0	0	0	0	0	0	0	0	
113672	Cingulum_Post_L	2066	212	0	88	0	0	0	0	0	0	0	0	0	0	0	0	0	0	1674	554	0	0	0	0	0	0	0	0	0	0	0	0	5538	1912	0	7802	2338	3444	86	134	0	0	2228	258	1312	384	648	124	1392	82	1604	76	146	0	106	138	232	232	0	0	410	0	358	0	410	0	9746	3674	5410	710	0	0	0	0	0	0	0	246	0	0	0	0	0	0	706	0	0	0	356	0	0	0	0	0	0	0	0	0	0	0	0	0	0	0	0	0	0	0	0	0	0	0	0	0	0	0	
162536	Cingulum_Post_R	842	544	0	236	0	0	0	106	0	0	0	0	0	0	0	0	0	0	198	2836	0	0	0	0	0	0	0	0	0	220	0	0	622	7270	7802	0	2200	8144	0	1200	0	0	1060	6190	0	1408	242	6166	0	890	220	634	0	166	132	2370	0	1796	0	102	82	522	0	108	88	322	2522	14984	2152	4102	0	0	0	0	0	0	0	444	0	144	0	194	0	0	132	532	0	0	0	342	0	196	0	0	0	0	0	116	0	208	0	0	0	0	0	0	0	0	0	0	482	0	0	0	0	0	
210836	Hippocampus_L	5892	0	4390	336	0	0	214	160	0	0	0	0	0	0	88	0	1876	0	1934	244	0	0	358	0	0	0	0	0	7658	0	1618	344	98	84	2338	2200	0	1450	6680	0	4962	0	800	0	0	0	3342	0	0	0	144	0	686	0	9282	0	2772	0	0	0	90	0	218	0	0	0	2184	330	434	0	2720	278	9474	0	1550	0	8632	454	2082	0	2608	0	140	0	3066	0	0	0	10418	0	140	0	0	0	0	0	338	0	236	0	0	0	76	0	0	0	0	0	0	0	0	0	0	0	0	0	
307376	Hippocampus_R	698	5648	0	3578	0	0	0	2914	0	0	0	226	0	0	0	292	0	1028	0	2894	0	88	0	0	0	0	0	0	0	8458	0	0	0	970	3444	8144	1450	0	0	25810	0	7084	192	1226	0	84	0	4234	0	88	0	0	0	128	126	26754	0	366	0	82	0	308	0	1362	0	366	716	5098	816	1388	0	832	0	12068	0	406	0	3962	0	1314	0	2738	0	622	0	2530	0	0	0	8830	0	796	0	0	0	0	0	1000	0	1784	0	0	0	0	0	0	0	0	0	160	586	0	0	0	0	0	
66904	ParaHippocampal_L	0	0	0	0	0	0	0	0	0	0	0	0	0	0	86	0	0	0	0	0	418	0	0	0	0	0	0	0	894	0	0	0	0	0	86	0	6680	0	0	0	1826	0	204	0	0	0	4882	0	0	0	1218	0	1688	0	7032	0	0	0	0	0	0	0	0	0	0	0	460	0	0	0	0	0	202	0	0	0	502	0	108	0	164	0	514	0	238	0	88	0	980	0	918	0	314	0	0	110	1284	0	1212	0	144	0	584	0	308	0	186	0	0	122	0	0	0	0	0	0	
196156	ParaHippocampal_R	0	1862	0	1218	0	0	0	1222	0	0	0	150	0	0	0	450	0	422	0	974	0	726	0	0	0	0	0	0	0	4060	0	0	0	292	134	1200	0	25810	0	0	0	5406	0	186	0	0	0	3662	0	0	0	0	0	0	0	22890	0	96	0	0	0	116	0	386	0	86	0	1292	130	362	0	358	0	6276	0	236	0	1624	0	534	0	1054	0	2036	0	1172	0	678	0	3938	0	956	0	0	0	180	0	2876	0	1790	0	0	0	0	0	0	0	0	0	566	672	0	0	0	0	0	
27972	Amygdala_L	0	0	0	0	326	0	0	0	0	0	0	0	0	0	106	0	0	0	318	0	452	0	0	0	0	0	0	0	1442	0	92	0	0	0	0	0	4962	0	1826	0	0	0	0	0	0	0	0	0	0	0	0	0	0	0	2744	0	0	0	0	0	0	0	0	0	0	0	0	0	0	0	0	0	204	0	0	0	420	0	0	0	90	0	208	0	0	0	0	0	796	0	0	0	0	0	0	0	0	0	0	0	0	0	0	0	0	0	0	0	0	0	0	0	0	0	0	0	
49284	Amygdala_R	0	190	0	0	0	218	0	0	0	0	0	0	0	0	0	282	0	0	0	152	0	1122	0	0	0	0	0	324	0	2040	0	0	0	0	0	0	0	7084	0	5406	0	0	0	0	0	0	0	0	0	0	0	0	0	0	0	4826	0	0	0	0	0	0	0	0	0	0	0	0	0	0	0	286	0	658	0	0	0	244	0	0	0	0	0	1542	0	0	0	0	0	118	0	0	0	0	0	0	0	150	0	0	0	0	0	0	0	0	0	0	0	0	0	0	0	0	0	0	
273784	Calcarine_L	180	0	0	0	0	0	0	0	0	0	0	0	0	0	0	0	86	0	0	0	0	0	0	0	0	0	0	0	220	0	0	0	652	116	2228	1060	800	192	204	0	0	0	0	15004	13494	8246	12732	5304	11324	3876	22088	298	6770	164	842	248	1382	80	866	0	1394	0	766	0	1250	0	16538	3670	1150	108	0	0	0	0	0	0	0	0	350	0	204	0	0	0	1770	116	0	0	860	0	0	0	0	0	0	0	0	0	150	0	0	0	0	0	0	0	0	0	0	0	0	110	0	0	0	0	
406364	Calcarine_R	0	312	0	0	0	0	0	118	0	0	0	0	0	0	0	0	0	0	0	204	0	0	0	0	0	0	0	0	0	114	0	0	248	2062	258	6190	0	1226	0	186	0	0	15004	0	4028	30736	2790	29644	1022	25482	338	17764	0	8314	0	5198	0	1736	0	1916	0	4916	0	210	0	4238	3798	27278	128	1200	0	0	0	0	0	0	0	0	0	0	0	0	0	0	0	4654	0	0	0	1520	0	0	0	0	0	0	0	94	0	0	0	0	0	0	0	0	0	0	0	0	256	0	0	0	0	0	
219672	Cuneus_L	238	0	0	0	0	0	0	0	0	0	0	0	0	0	0	0	94	0	0	0	0	0	0	0	0	0	0	0	150	0	0	0	1486	0	1312	0	0	0	0	0	0	0	13494	4028	0	7424	1078	162	23328	1222	16182	0	530	0	0	0	3168	0	3602	0	2366	0	1262	0	1212	0	20074	2948	1298	0	0	0	0	0	0	0	0	0	310	0	276	0	0	0	1708	0	0	0	884	0	0	0	0	0	0	0	0	0	0	0	0	0	0	0	0	0	0	0	0	0	0	0	0	0	0	0	
430240	Cuneus_R	0	586	0	0	0	0	0	312	0	0	0	0	0	0	0	0	0	0	0	152	0	0	0	0	0	0	0	0	0	186	0	0	460	3214	384	1408	0	84	0	0	0	0	8246	30736	7424	0	266	4880	1958	49866	1052	13548	0	1066	0	948	0	1584	100	4810	102	3214	0	534	80	4314	10756	49090	110	878	0	0	0	0	0	0	0	0	0	0	0	748	0	0	0	9082	0	0	0	2942	0	0	0	0	0	0	0	0	0	0	0	0	0	0	0	0	0	0	0	0	0	0	0	0	0	0	
219720	Lingual_L	0	0	0	0	0	0	0	0	0	0	0	0	0	0	0	0	0	0	0	0	0	0	0	0	0	0	0	0	132	0	0	0	0	0	648	242	3342	0	4882	0	0	0	12732	2790	1078	266	0	2696	1626	138	14122	164	11708	0	15624	0	0	0	0	0	0	0	0	0	0	0	3484	334	0	0	0	0	0	0	0	0	410	0	206	0	126	0	0	0	456	0	0	0	348	0	6738	764	1196	626	0	0	6526	0	11958	326	0	0	0	0	0	0	0	0	0	0	1186	1608	1378	0	0	0	
301712	Lingual_R	88	290	0	0	0	0	0	98	0	0	0	0	0	0	0	0	0	0	0	358	0	0	0	0	0	0	0	0	0	192	0	0	0	792	124	6166	0	4234	0	3662	0	0	5304	29644	162	4880	2696	0	0	7320	76	5090	92	8022	286	17134	0	614	0	110	0	672	0	306	0	292	332	11482	146	894	0	0	0	0	0	0	0	406	0	120	0	170	0	0	0	1080	0	0	0	2350	1398	2186	330	752	0	316	1290	4740	3060	6446	240	80	246	152	1074	0	314	0	0	630	4604	5378	1794	0	142	0	
271424	Occipital_Sup_L	202	0	0	0	0	0	0	0	0	0	0	0	0	0	0	0	102	0	108	0	0	0	0	0	0	0	0	0	80	0	0	0	4736	0	1392	0	0	0	0	0	0	0	11324	1022	23328	1958	1626	0	0	532	39438	0	3334	0	164	0	1474	0	8532	0	3088	0	578	0	2830	0	21880	2172	602	0	0	0	0	0	0	0	0	0	142	0	220	0	0	0	3582	0	0	0	1266	0	0	0	0	0	0	0	0	0	0	0	0	0	0	0	0	0	0	0	0	0	0	0	0	0	0	0	
393528	Occipital_Sup_R	0	792	0	0	0	0	0	382	0	0	0	0	0	0	0	0	0	0	0	150	0	0	0	0	0	0	0	0	0	250	0	0	90	2310	82	890	0	88	0	0	0	0	3876	25482	1222	49866	138	7320	532	0	114	24962	0	2556	0	1354	0	1016	0	6670	0	1634	0	414	0	5876	5864	36500	76	684	0	0	0	0	0	0	0	0	0	0	0	920	0	0	0	11030	0	0	0	3624	0	0	0	0	0	0	0	0	0	0	0	0	0	0	0	0	0	0	0	0	0	0	0	0	0	0	
642032	Occipital_Mid_L	888	0	0	0	0	0	0	0	0	0	76	0	0	0	0	0	1888	0	296	0	0	0	0	0	0	0	0	0	1346	0	0	0	8612	0	1604	220	144	0	1218	0	0	0	22088	338	16182	1052	14122	76	39438	114	0	0	32578	0	8394	0	10142	0	16038	0	23818	0	9564	0	24098	0	31352	1620	3438	0	0	0	0	0	0	0	108	0	2936	0	3914	0	0	0	26478	0	0	0	13646	0	864	0	0	0	0	0	244	0	1768	0	0	0	0	0	0	0	0	0	0	0	196	118	0	0	0	0	
231212	Occipital_Mid_R	0	692	0	0	0	0	0	202	0	0	0	0	0	0	0	0	0	0	0	100	0	0	0	0	0	0	0	0	0	142	0	0	0	1204	76	634	0	0	0	0	0	0	298	17764	0	13548	164	5090	0	24962	0	0	0	5812	0	1572	0	1008	0	2976	0	1594	0	120	0	11036	420	12710	0	656	0	0	0	0	0	0	0	0	0	0	0	80	0	0	0	11592	0	0	0	1154	0	0	0	0	0	0	0	0	0	0	0	0	0	0	0	0	0	0	0	0	0	0	0	0	0	0	
219116	Occipital_Inf_L	202	0	0	0	0	0	0	0	0	0	0	0	0	0	0	0	138	0	0	0	0	0	0	0	0	0	0	0	574	0	0	0	740	0	146	0	686	0	1688	0	0	0	6770	0	530	0	11708	92	3334	0	32578	0	0	0	14560	0	3344	0	1978	0	2900	0	1338	0	2082	0	4868	148	1062	0	0	0	0	0	0	0	98	0	1568	0	890	0	0	0	5286	0	0	0	5492	0	1212	0	78	0	0	0	402	0	2534	86	0	0	0	0	0	0	0	0	0	0	302	144	0	0	0	0	
87356	Occipital_Inf_R	0	0	0	0	0	0	0	0	0	0	0	0	0	0	0	0	0	0	0	0	0	0	0	0	0	0	0	0	0	0	0	0	0	0	0	166	0	128	0	0	0	0	164	8314	0	1066	0	8022	0	2556	0	5812	0	0	0	7726	0	0	0	0	0	322	0	222	0	100	0	1322	0	0	0	0	0	0	0	0	0	0	0	0	0	0	0	0	0	1848	0	0	0	4518	0	0	0	0	0	0	0	404	0	492	0	0	0	0	0	0	0	0	0	0	402	94	0	0	0	0	
282948	Fusiform_L	84	0	0	0	0	0	0	0	0	0	0	0	0	0	0	0	0	0	0	0	0	0	0	0	0	0	0	0	1914	0	0	0	0	0	106	132	9282	126	7032	0	2744	0	842	0	0	0	15624	286	164	0	8394	0	14560	0	0	0	0	0	0	0	586	0	436	0	624	0	648	0	0	0	0	0	366	0	0	0	198	0	806	0	718	0	2032	0	2414	0	682	0	11250	0	17446	342	2482	276	398	0	8544	0	23240	230	620	0	2048	0	996	0	472	0	0	0	860	610	662	94	104	0	
371252	Fusiform_R	0	2566	0	838	0	0	0	1816	0	0	0	146	0	0	0	198	0	356	0	1060	0	82	0	0	0	0	0	0	0	4034	0	0	0	654	138	2370	0	26754	0	22890	0	4826	248	5198	0	948	0	17134	0	1354	0	1572	0	7726	0	0	0	208	0	0	0	594	0	858	0	222	0	3488	158	838	0	268	0	7002	0	204	0	452	0	694	0	1712	0	5204	0	3766	0	1516	0	14612	138	11348	102	832	0	166	242	6832	294	14778	82	0	0	150	88	0	0	0	0	270	2824	1726	1050	0	0	0	
300836	Postcentral_L	27688	98	4814	340	0	0	1674	84	0	0	7250	0	398	0	0	0	13072	0	2730	348	0	0	0	0	0	0	0	0	6392	0	76	0	1586	118	232	0	2772	0	0	0	0	0	1382	0	3168	0	0	0	1474	0	10142	0	3344	0	0	0	0	0	9546	0	15126	0	7312	0	3564	0	7896	146	4186	0	328	204	2270	0	454	0	488	0	3046	0	3950	0	0	0	1804	0	0	0	916	0	0	0	0	0	0	0	0	0	0	0	0	0	0	0	0	0	0	0	0	0	0	0	0	0	0	0	
169620	Postcentral_R	254	14026	0	644	0	0	0	1336	0	0	0	2042	0	0	0	100	0	3448	0	1278	0	0	0	0	0	0	0	0	0	1378	0	0	90	1722	232	1796	0	366	0	96	0	0	80	1736	0	1584	0	614	0	1016	0	1008	0	0	0	208	0	0	0	6674	0	9386	0	12142	0	3278	108	5478	344	6638	0	362	0	912	0	0	0	0	0	448	0	764	0	0	0	1836	0	0	0	1386	0	0	0	0	0	0	0	0	0	0	0	0	0	0	0	0	0	0	0	0	0	0	0	0	0	0	
174780	Parietal_Sup_L	0	0	0	0	0	0	0	0	0	0	0	0	0	0	0	0	0	0	0	0	0	0	0	0	0	0	0	0	0	0	0	0	1312	0	0	0	0	0	0	0	0	0	866	0	3602	100	0	0	8532	0	16038	0	1978	0	0	0	9546	0	0	0	18258	0	354	0	6962	0	17666	310	654	0	0	0	0	0	0	0	0	0	0	0	0	0	0	0	820	0	0	0	392	0	0	0	0	0	0	0	0	0	0	0	0	0	0	0	0	0	0	0	0	0	0	0	0	0	0	0	
120512	Parietal_Sup_R	0	378	0	0	0	0	0	120	0	0	0	0	0	0	0	0	0	0	0	0	0	0	0	0	0	0	0	0	0	158	0	0	0	0	0	102	0	82	0	0	0	0	0	1916	0	4810	0	110	0	6670	0	2976	0	0	0	0	0	6674	0	0	0	10582	0	3604	0	8734	132	11576	0	470	0	0	0	0	0	0	0	0	0	0	0	0	0	0	0	676	0	0	0	486	0	0	0	0	0	0	0	0	0	0	0	0	0	0	0	0	0	0	0	0	0	0	0	0	0	0	
313516	Parietal_Inf_L	818	110	164	0	0	0	0	100	0	0	104	0	0	0	0	0	1456	0	558	0	0	0	0	0	0	0	0	0	668	0	0	0	1882	0	410	82	90	0	0	0	0	0	1394	0	2366	102	0	0	3088	0	23818	0	2900	0	586	0	15126	0	18258	0	0	0	18800	0	27584	0	8130	304	974	0	102	0	198	0	0	0	114	0	744	0	3270	0	0	0	12792	0	0	0	9666	0	0	0	0	0	0	0	0	0	0	0	0	0	0	0	0	0	0	0	0	0	0	0	0	0	0	0	
187624	Parietal_Inf_R	0	1004	0	156	0	0	0	248	0	0	0	0	0	0	0	0	0	0	0	134	0	0	0	0	0	0	0	0	0	472	0	0	242	1372	0	522	0	308	0	116	0	0	0	4916	0	3214	0	672	0	1634	0	1594	0	322	0	594	0	9386	0	10582	0	0	0	16956	0	19608	508	8418	0	1138	0	0	0	0	0	0	0	0	0	140	0	1174	0	0	0	3708	0	0	0	4674	0	0	0	0	0	0	0	0	0	0	0	0	0	0	0	0	0	0	0	0	0	0	0	0	0	0	
195708	SupraMarginal_L	250	0	0	0	0	0	0	0	0	0	0	0	0	0	0	0	4442	0	0	0	0	0	0	0	0	0	0	0	2190	0	0	0	578	0	358	0	218	0	0	0	0	0	766	0	1262	0	0	0	578	0	9564	0	1338	0	436	0	7312	0	354	0	18800	0	0	0	9030	0	3032	150	342	0	0	0	128	0	0	0	0	0	1484	0	10470	0	0	0	13856	0	0	0	10916	0	0	0	0	0	0	0	0	0	0	0	0	0	0	0	0	0	0	0	0	0	0	0	0	0	0	0	
150304	SupraMarginal_R	0	2140	0	178	0	0	0	1390	0	0	0	80	0	0	0	0	0	3846	0	0	0	0	0	0	0	0	0	0	0	1784	0	0	0	84	0	108	0	1362	0	386	0	0	0	210	0	534	0	306	0	414	0	120	0	222	0	858	0	12142	0	3604	0	16956	0	0	0	7106	0	932	0	128	0	0	0	82	0	0	0	102	0	544	0	7668	0	0	0	5268	0	0	0	6504	0	0	0	0	0	0	0	0	0	94	0	0	0	0	0	0	0	0	0	0	0	0	0	0	0	0	
220568	Angular_L	528	0	0	0	0	0	0	0	0	0	0	0	0	0	0	0	978	0	292	0	0	0	0	0	0	0	0	0	174	0	0	0	1790	0	410	88	0	0	0	0	0	0	1250	0	1212	80	0	0	2830	0	24098	0	2082	0	624	0	3564	0	6962	0	27584	0	9030	0	0	0	5254	250	756	0	0	0	0	0	0	0	0	0	456	0	1336	0	0	0	11970	0	0	0	6686	0	0	0	0	0	0	0	0	0	0	0	0	0	0	0	0	0	0	0	0	0	0	0	0	0	0	0	
186276	Angular_R	0	1902	0	180	0	0	0	848	0	0	0	0	0	0	0	0	0	94	0	170	0	0	0	0	0	0	0	0	0	900	0	0	226	1384	0	322	0	366	0	86	0	0	0	4238	0	4314	0	292	0	5876	0	11036	0	100	0	222	0	3278	0	8734	0	19608	0	7106	0	0	632	8680	0	1356	0	0	0	0	0	0	0	0	0	0	0	2798	0	0	0	6784	0	0	0	1606	0	0	0	0	0	0	0	0	0	0	0	0	0	0	0	0	0	0	0	0	0	0	0	0	0	0	
468200	Precuneus_L	948	100	0	78	0	0	0	0	0	0	0	0	0	0	0	0	372	0	720	88	0	0	0	0	0	0	0	0	334	0	0	0	12868	1586	9746	2522	2184	716	460	0	0	0	16538	3798	20074	10756	3484	332	21880	5864	31352	420	4868	0	648	0	7896	108	17666	132	8130	508	3032	0	5254	632	0	18736	4738	114	0	0	0	0	0	0	200	116	564	0	706	160	0	0	6176	2010	0	0	3520	758	0	0	0	0	0	0	208	0	0	0	0	0	0	0	0	0	0	0	0	0	0	0	0	0	0	0	
560808	Precuneus_R	738	1198	0	116	0	0	0	430	0	0	0	0	0	0	0	0	0	0	596	1770	0	0	0	0	0	0	0	0	0	506	0	0	2544	11562	3674	14984	330	5098	0	1292	0	0	3670	27278	2948	49090	334	11482	2172	36500	1620	12710	148	1322	0	3488	146	5478	310	11576	304	8418	150	932	250	8680	18736	0	1308	5346	0	80	0	0	0	0	0	412	0	216	0	1130	0	0	258	12546	0	0	140	4514	0	98	0	0	0	0	0	702	0	114	0	0	0	0	0	0	0	0	0	0	960	0	0	0	0	0	
219660	Paracentral_Lobule_L	24788	1916	1140	654	0	0	0	0	0	0	0	0	0	0	0	0	292	0	7876	10794	0	0	0	0	0	0	0	0	812	0	0	0	3738	8978	5410	2152	434	816	0	130	0	0	1150	128	1298	110	0	146	602	76	3438	0	1062	0	0	158	4186	344	654	0	974	0	342	0	756	0	4738	1308	0	5406	1392	2468	1556	0	374	0	1978	3096	128	0	336	0	0	0	814	84	0	0	798	0	0	0	0	0	0	0	0	0	0	0	0	0	0	0	0	0	0	0	0	0	0	0	0	0	0	0	
137880	Paracentral_Lobule_R	4394	4036	0	394	0	0	0	0	0	0	0	0	0	0	0	0	0	0	1342	12420	0	0	0	0	0	0	0	0	0	92	0	0	360	10458	710	4102	0	1388	0	362	0	0	108	1200	0	878	0	894	0	684	0	656	0	0	0	838	0	6638	0	470	0	1138	0	128	0	1356	114	5346	5406	0	0	1004	0	0	0	0	0	1394	0	0	0	92	0	0	0	432	0	0	0	106	0	0	0	0	0	0	0	0	0	0	0	0	0	0	0	0	0	0	0	0	0	0	0	0	0	0	
283644	Caudate_L	5504	802	8068	10780	1502	528	5648	2000	0	0	0	574	0	166	1504	536	558	96	7538	11414	7954	6858	782	170	482	562	4350	2364	1200	248	11632	3836	754	1238	0	0	2720	0	0	0	0	0	0	0	0	0	0	0	0	0	0	0	0	0	0	0	328	0	0	0	102	0	0	0	0	0	0	0	1392	0	0	10736	15762	1632	2434	304	6380	302	82	0	0	0	0	0	0	0	0	0	0	0	0	0	0	0	0	0	0	0	0	0	0	0	0	0	0	0	0	0	0	0	0	0	0	0	0	0	
463468	Caudate_R	2104	15356	1130	28558	632	2646	126	7264	0	374	0	2398	0	1362	630	19542	180	628	4066	27368	3676	5452	430	3710	0	4132	1254	2862	130	3244	3460	14946	248	4046	0	0	278	832	0	358	0	286	0	0	0	0	0	0	0	0	0	0	0	0	0	268	204	362	0	0	0	0	0	0	0	0	0	80	2468	1004	10736	0	4070	26402	478	4108	1026	16506	0	82	0	148	0	84	0	0	0	0	0	0	0	0	0	0	0	0	0	0	0	0	0	0	0	0	0	0	0	0	0	0	0	0	0	0	0	0	
298264	Putamen_L	7158	278	14394	980	1358	184	1356	590	210	0	1540	202	926	0	666	206	2262	0	15322	1154	2892	2996	2510	76	1114	84	1204	644	21076	84	12384	1418	450	342	0	0	9474	0	202	0	204	0	0	0	0	0	0	0	0	0	0	0	0	0	366	0	2270	0	0	0	198	0	128	0	0	0	0	0	1556	0	15762	4070	0	992	6812	266	2850	0	1096	0	2390	0	434	0	1268	0	0	0	2734	0	0	0	0	0	0	0	0	0	0	0	0	0	0	0	0	0	0	0	0	0	0	0	0	0	0	0	
391608	Putamen_R	0	8732	160	15286	0	3178	94	8708	0	402	0	4226	0	1968	0	15644	0	4888	174	12634	538	2180	550	3452	0	4662	0	2636	0	27016	1794	6752	310	1426	0	0	0	12068	0	6276	0	658	0	0	0	0	0	0	0	0	0	0	0	0	0	7002	0	912	0	0	0	0	0	82	0	0	0	0	0	0	1632	26402	992	0	0	3674	0	670	0	360	0	1762	0	1572	0	968	0	140	0	2888	0	0	0	0	0	0	0	0	0	336	0	0	0	0	0	0	0	0	0	0	0	0	0	0	0	0	
45024	Pallidum_L	976	132	482	336	0	0	78	126	0	0	0	0	0	0	0	0	334	0	3522	286	0	0	86	0	0	0	0	0	596	0	474	144	0	0	0	0	1550	0	0	0	0	0	0	0	0	0	0	0	0	0	0	0	0	0	0	0	454	0	0	0	0	0	0	0	0	0	0	0	374	0	2434	478	6812	0	0	0	2734	0	0	0	104	0	0	0	0	0	0	0	0	0	0	0	0	0	0	0	0	0	0	0	0	0	0	0	0	0	0	0	0	0	0	0	0	0	0	0	
32188	Pallidum_R	0	1474	0	1828	0	0	0	1382	0	0	0	82	0	0	0	890	0	0	0	1008	0	0	0	0	0	0	0	0	0	138	0	94	0	0	0	0	0	406	0	236	0	0	0	0	0	0	0	0	0	0	0	0	0	0	0	204	0	0	0	0	0	0	0	0	0	0	0	0	0	0	304	4108	266	3674	0	0	0	0	0	0	0	0	0	0	0	0	0	0	0	0	0	0	0	0	0	0	0	0	0	0	0	0	0	0	0	0	0	0	0	0	0	0	0	0	0	0	
107940	Thalamus_L	2860	160	482	902	0	0	0	394	0	0	0	104	0	0	0	96	516	0	12190	758	0	0	138	0	0	0	0	0	1762	0	1140	424	146	156	0	0	8632	0	502	0	420	0	0	0	0	0	410	0	0	0	108	0	98	0	198	0	488	0	0	0	114	0	0	0	0	0	200	0	1978	0	6380	1026	2850	0	2734	0	0	306	322	0	682	0	0	0	2138	0	0	0	2156	0	0	0	0	0	0	0	0	0	0	0	0	0	0	0	0	0	0	0	0	0	0	0	0	0	0	0	
170548	Thalamus_R	2616	14596	118	23198	0	0	0	624	0	0	0	0	0	0	0	0	0	104	1548	9612	106	186	0	0	0	0	0	0	0	284	0	0	0	1222	246	444	454	3962	0	1624	0	244	0	0	0	0	0	406	0	0	0	0	0	0	0	452	0	0	0	0	0	0	0	102	0	0	116	412	3096	1394	302	16506	0	670	0	0	306	0	0	0	0	0	0	0	0	86	0	0	0	0	0	0	0	0	0	0	0	154	0	0	0	0	0	0	0	0	0	0	0	0	84	0	0	0	0	0	
101820	Heschl_L	2116	0	1054	0	0	0	0	0	0	0	154	0	0	0	0	0	7196	0	664	0	0	0	0	0	0	0	0	0	9192	0	0	0	0	0	0	0	2082	0	108	0	0	0	350	0	310	0	206	0	142	0	2936	0	1568	0	806	0	3046	0	0	0	744	0	1484	0	456	0	564	0	128	0	82	0	1096	0	0	0	322	0	0	0	6626	0	78	0	3970	0	0	0	3430	0	0	0	0	0	0	0	0	0	0	0	0	0	0	0	0	0	0	0	0	0	0	0	0	0	0	0	
40584	Heschl_R	0	884	0	124	0	0	0	616	0	0	0	160	0	0	0	0	0	3340	0	98	0	0	0	0	0	0	0	0	0	3194	0	0	0	0	0	144	0	1314	0	534	0	0	0	0	0	0	0	120	0	0	0	0	0	0	0	694	0	448	0	0	0	140	0	544	0	0	0	216	0	0	0	82	0	360	0	0	0	0	0	0	0	5734	0	0	0	786	0	0	0	760	0	0	0	0	0	0	0	0	0	0	0	0	0	0	0	0	0	0	0	0	0	0	0	0	0	0	
240560	Temporal_Sup_L	1458	0	4334	0	0	0	408	0	0	0	3190	0	366	0	356	0	15046	0	2818	0	80	0	0	0	0	0	0	0	12960	0	0	0	184	0	0	0	2608	0	164	0	90	0	204	0	276	0	126	0	220	0	3914	0	890	0	718	0	3950	0	0	0	3270	0	10470	0	1336	0	706	0	336	0	0	0	2390	0	104	0	682	0	6626	0	0	0	5558	0	22788	0	0	0	11654	0	0	0	0	0	0	0	0	0	0	0	0	0	0	0	0	0	0	0	0	0	0	0	0	0	0	0	
143520	Temporal_Sup_R	0	1456	0	480	0	0	0	1022	0	0	0	266	0	0	0	698	0	3858	0	484	0	0	0	0	0	0	0	0	0	8374	0	0	0	0	0	194	0	2738	0	1054	0	0	0	0	0	748	0	170	0	920	0	80	0	0	0	1712	0	764	0	0	0	1174	0	7668	0	2798	160	1130	0	92	0	148	0	1762	0	0	0	0	0	5734	0	0	0	2858	0	17726	0	532	0	4838	0	0	0	0	0	0	0	0	0	122	0	0	0	0	0	0	0	0	0	0	0	0	0	0	0	0	
90944	Temporal_Pole_Sup_L	0	0	1772	0	432	0	190	0	308	0	3354	0	500	0	1916	0	2716	0	1356	0	440	0	86	0	0	0	0	0	5322	0	654	0	0	0	0	0	140	0	514	0	208	0	0	0	0	0	0	0	0	0	0	0	0	0	2032	0	0	0	0	0	0	0	0	0	0	0	0	0	0	0	0	0	434	0	0	0	0	0	78	0	5558	0	0	0	8342	0	2382	0	6738	0	0	0	0	0	0	0	0	0	0	0	0	0	0	0	0	0	0	0	0	0	0	0	0	0	0	0	
71972	Temporal_Pole_Sup_R	0	0	0	1846	0	0	0	242	0	0	0	1280	0	118	0	2144	0	2222	0	1620	0	456	0	0	0	0	0	0	0	5424	0	0	0	0	0	0	0	622	0	2036	0	1542	0	0	0	0	0	0	0	0	0	0	0	0	0	5204	0	0	0	0	0	0	0	0	0	0	0	0	0	0	0	84	0	1572	0	0	0	0	0	0	0	2858	0	0	0	2154	0	3422	0	1140	0	0	0	0	0	0	0	0	0	0	0	0	0	0	0	0	0	0	0	0	0	0	0	0	0	0	
369756	Temporal_Mid_L	440	0	334	0	0	0	0	0	0	0	92	0	0	0	144	0	2384	0	438	0	0	0	0	0	0	0	0	0	4868	0	0	0	1518	0	706	132	3066	0	238	0	0	0	1770	0	1708	0	456	0	3582	0	26478	0	5286	0	2414	0	1804	0	820	0	12792	0	13856	0	11970	0	6176	258	814	0	0	0	1268	0	0	0	2138	0	3970	0	22788	0	8342	0	0	0	2464	0	39364	0	0	0	0	0	0	0	0	0	0	0	0	0	0	0	0	0	0	0	0	0	0	0	0	0	0	0	
261596	Temporal_Mid_R	82	516	0	172	0	0	0	290	0	0	0	0	0	0	0	0	0	122	0	398	0	0	0	0	0	0	0	0	0	3726	0	0	0	746	0	532	0	2530	0	1172	0	0	116	4654	0	9082	0	1080	0	11030	0	11592	0	1848	0	3766	0	1836	0	676	0	3708	0	5268	0	6784	2010	12546	84	432	0	0	0	968	0	0	0	86	0	786	0	17726	0	2154	0	0	0	1162	0	21012	0	0	0	0	0	0	0	0	0	106	0	0	0	0	0	0	0	0	0	0	0	0	0	0	0	0	
15196	Temporal_Pole_Mid_L	0	0	0	0	0	0	0	0	0	0	0	0	0	0	0	0	0	0	0	0	0	0	0	0	0	0	0	0	0	0	0	0	0	0	0	0	0	0	88	0	0	0	0	0	0	0	0	0	0	0	0	0	0	0	682	0	0	0	0	0	0	0	0	0	0	0	0	0	0	0	0	0	0	0	0	0	0	0	0	0	0	0	2382	0	2464	0	0	0	1982	0	0	0	0	0	0	0	0	0	0	0	0	0	0	0	0	0	0	0	0	0	0	0	0	0	0	0	
19044	Temporal_Pole_Mid_R	0	0	0	0	0	0	0	0	0	0	0	0	0	0	0	0	0	0	0	0	0	0	0	0	0	0	0	0	0	204	0	0	0	0	0	0	0	0	0	678	0	0	0	0	0	0	0	0	0	0	0	0	0	0	0	1516	0	0	0	0	0	0	0	0	0	0	0	0	0	0	0	0	0	140	0	0	0	0	0	0	0	532	0	3422	0	1162	0	0	0	1868	0	0	0	0	0	0	0	0	0	0	0	0	0	0	0	0	0	0	0	0	0	0	0	0	0	0	
332208	Temporal_Inf_L	334	0	500	0	0	0	0	0	0	0	0	0	0	0	114	0	1594	0	620	0	0	0	0	0	0	0	0	0	6798	0	0	0	1186	0	356	0	10418	0	980	0	796	0	860	0	884	0	348	0	1266	0	13646	0	5492	0	11250	0	916	0	392	0	9666	0	10916	0	6686	0	3520	140	798	0	0	0	2734	0	0	0	2156	0	3430	0	11654	0	6738	0	39364	0	1982	0	0	0	3490	0	546	0	0	0	196	0	1014	0	738	0	1270	0	216	0	100	0	0	0	0	0	0	0	0	0	
210480	Temporal_Inf_R	0	1304	0	380	0	0	0	922	0	0	0	0	0	0	0	0	0	132	0	212	0	0	0	0	0	0	0	0	0	2760	0	0	0	400	0	342	0	8830	0	3938	0	118	0	1520	0	2942	0	2350	0	3624	0	1154	0	4518	0	14612	0	1386	0	486	0	4674	0	6504	0	1606	758	4514	0	106	0	0	0	2888	0	0	0	0	0	760	0	4838	0	1140	0	21012	0	1868	0	0	0	1714	0	262	0	0	0	140	0	428	0	0	0	0	0	0	0	0	0	0	98	0	0	0	0	0	
411572	Cerebelum_Crus1_L	0	0	0	0	0	0	0	0	0	0	0	0	0	0	0	0	0	0	0	0	0	0	0	0	0	0	0	0	0	0	0	0	0	0	0	0	140	0	918	0	0	0	0	0	0	0	6738	1398	0	0	864	0	1212	0	17446	138	0	0	0	0	0	0	0	0	0	0	0	0	0	0	0	0	0	0	0	0	0	0	0	0	0	0	0	0	0	0	0	0	3490	0	0	2968	33370	4442	1106	104	15688	320	43498	2210	12454	968	22110	1404	9186	866	2666	80	0	324	1860	3640	9278	1896	2478	526	
329936	Cerebelum_Crus1_R	0	90	0	0	0	0	0	0	0	0	0	0	0	0	0	0	0	0	0	0	0	0	0	0	0	0	0	0	0	0	0	0	0	0	0	196	0	796	0	956	0	0	0	0	0	0	764	2186	0	0	0	0	0	0	342	11348	0	0	0	0	0	0	0	0	0	0	0	98	0	0	0	0	0	0	0	0	0	0	0	0	0	0	0	0	0	0	0	0	0	1714	2968	0	2870	27662	0	2324	376	13774	1672	43742	1324	4386	824	13678	268	5452	0	500	242	764	2980	5828	8732	2728	3008	376	
328372	Cerebelum_Crus2_L	0	0	0	0	0	0	0	0	0	0	0	0	0	0	0	0	0	0	0	0	0	0	0	0	0	0	0	0	0	0	0	0	0	0	0	0	0	0	314	0	0	0	0	0	0	0	1196	330	0	0	0	0	78	0	2482	102	0	0	0	0	0	0	0	0	0	0	0	0	0	0	0	0	0	0	0	0	0	0	0	0	0	0	0	0	0	0	0	0	546	0	33370	2870	0	9198	398	80	2888	182	8808	1366	32542	4722	30338	4224	7342	940	2022	132	0	152	546	1494	11002	2718	1610	194	
277072	Cerebelum_Crus2_R	0	0	0	0	0	0	0	0	0	0	0	0	0	0	0	0	0	0	0	0	0	0	0	0	0	0	0	0	0	0	0	0	0	0	0	0	0	0	0	0	0	0	0	0	0	0	626	752	0	0	0	0	0	0	276	832	0	0	0	0	0	0	0	0	0	0	0	0	0	0	0	0	0	0	0	0	0	0	0	0	0	0	0	0	0	0	0	0	0	262	4442	27662	9198	0	0	440	164	1288	1322	8446	6144	21658	3828	26382	118	4552	0	374	0	114	292	2726	11258	3334	1728	318	
26184	Cerebelum_3_L	0	0	0	0	0	0	0	0	0	0	0	0	0	0	0	0	0	0	0	0	0	0	0	0	0	0	0	0	0	0	0	0	0	0	0	0	0	0	0	0	0	0	0	0	0	0	0	0	0	0	0	0	0	0	398	0	0	0	0	0	0	0	0	0	0	0	0	0	0	0	0	0	0	0	0	0	0	0	0	0	0	0	0	0	0	0	0	0	0	0	1106	0	398	0	0	206	5636	0	2102	0	248	0	450	0	726	0	184	0	184	518	936	0	0	0	0	0	
40168	Cerebelum_3_R	0	0	0	0	0	0	0	0	0	0	0	0	0	0	0	0	0	0	0	0	0	0	0	0	0	0	0	0	0	0	0	0	0	0	0	0	0	0	110	180	0	0	0	0	0	0	0	316	0	0	0	0	0	0	0	166	0	0	0	0	0	0	0	0	0	0	0	0	0	0	0	0	0	0	0	0	0	0	0	0	0	0	0	0	0	0	0	0	0	0	104	2324	80	440	206	0	344	4502	0	4574	0	0	0	392	0	938	0	86	670	2922	482	312	300	152	404	80	
203112	Cerebelum_4_5_L	0	0	0	0	0	0	0	0	0	0	0	0	0	0	0	0	0	0	0	0	0	0	0	0	0	0	0	0	0	0	0	0	0	0	0	0	338	0	1284	0	0	0	0	0	0	0	6526	1290	0	0	244	0	402	0	8544	242	0	0	0	0	0	0	0	0	0	0	208	0	0	0	0	0	0	0	0	0	0	0	0	0	0	0	0	0	0	0	0	0	196	0	15688	376	2888	164	5636	344	0	984	28192	1756	1600	0	2544	142	4932	416	1176	0	258	1044	9784	1998	684	208	534	934	
144344	Cerebelum_4_5_R	0	0	0	0	0	0	0	0	0	0	0	0	0	0	0	0	0	0	0	0	0	0	0	0	0	0	0	0	0	0	0	0	0	0	0	116	0	1000	0	2876	0	150	0	94	0	0	0	4740	0	0	0	0	0	404	0	6832	0	0	0	0	0	0	0	0	0	0	0	702	0	0	0	0	0	0	0	0	0	154	0	0	0	0	0	0	0	0	0	0	0	140	320	13774	182	1288	0	4502	984	0	672	21002	0	82	0	774	0	980	0	0	118	1596	7058	440	366	142	256	428	
356848	Cerebelum_6_L	0	0	0	0	0	0	0	0	0	0	0	0	0	0	0	0	0	0	0	0	0	0	0	0	0	0	0	0	0	0	0	0	0	0	0	0	236	0	1212	0	0	0	150	0	0	0	11958	3060	0	0	1768	0	2534	0	23240	294	0	0	0	0	0	0	0	0	0	0	0	0	0	0	0	0	0	0	0	0	0	0	0	0	0	0	0	0	0	0	0	0	1014	0	43498	1672	8808	1322	2102	0	28192	672	0	3310	3850	0	7916	250	8092	624	2408	0	96	388	7222	5674	4010	542	1522	788	
326568	Cerebelum_6_R	0	234	0	0	0	0	0	158	0	0	0	0	0	0	0	0	0	0	0	0	0	0	0	0	0	0	0	0	0	258	0	0	0	0	0	208	0	1784	0	1790	0	0	0	0	0	0	326	6446	0	0	0	0	86	492	230	14778	0	0	0	0	0	0	0	94	0	0	0	114	0	0	0	0	0	336	0	0	0	0	0	0	0	122	0	0	0	106	0	0	0	428	2210	43742	1366	8446	0	4574	1756	21002	3310	0	988	1130	752	4870	1426	5058	348	422	560	1588	7494	9682	7024	2644	3608	1294	
231312	Cerebelum_7b_L	0	0	0	0	0	0	0	0	0	0	0	0	0	0	0	0	0	0	0	0	0	0	0	0	0	0	0	0	0	0	0	0	0	0	0	0	0	0	144	0	0	0	0	0	0	0	0	240	0	0	0	0	0	0	620	82	0	0	0	0	0	0	0	0	0	0	0	0	0	0	0	0	0	0	0	0	0	0	0	0	0	0	0	0	0	0	0	0	738	0	12454	1324	32542	6144	248	0	1600	0	3850	988	0	4282	28814	4362	5104	804	966	126	0	0	416	692	5468	2908	664	76	
141772	Cerebelum_7b_R	0	0	0	0	0	0	0	0	0	0	0	0	0	0	0	0	0	0	0	0	0	0	0	0	0	0	0	0	0	0	0	0	0	0	0	0	0	0	0	0	0	0	0	0	0	0	0	80	0	0	0	0	0	0	0	0	0	0	0	0	0	0	0	0	0	0	0	0	0	0	0	0	0	0	0	0	0	0	0	0	0	0	0	0	0	0	0	0	0	0	968	4386	4722	21658	0	0	0	82	0	1130	4282	0	2664	21472	0	2614	0	140	0	0	0	434	3794	1922	538	0	
295148	Cerebelum_8_L	0	0	0	0	0	0	0	0	0	0	0	0	0	0	0	0	0	0	0	0	0	0	0	0	0	0	0	0	0	0	0	0	0	0	0	0	76	0	584	0	0	0	0	0	0	0	0	246	0	0	0	0	0	0	2048	0	0	0	0	0	0	0	0	0	0	0	0	0	0	0	0	0	0	0	0	0	0	0	0	0	0	0	0	0	0	0	0	0	1270	0	22110	824	30338	3828	450	0	2544	0	7916	752	28814	2664	0	4358	19600	1654	5470	78	0	0	528	630	4472	4320	1840	160	
232408	Cerebelum_8_R	0	0	0	0	0	0	0	0	0	0	0	0	0	0	0	0	0	0	0	0	0	0	0	0	0	0	0	0	0	0	0	0	0	0	0	0	0	0	0	0	0	0	0	0	0	0	0	152	0	0	0	0	0	0	0	150	0	0	0	0	0	0	0	0	0	0	0	0	0	0	0	0	0	0	0	0	0	0	0	0	0	0	0	0	0	0	0	0	0	0	1404	13678	4224	26382	0	392	142	774	250	4870	4362	21472	4358	0	246	18116	0	628	0	178	234	1080	5810	4768	2062	472	
152444	Cerebelum_9_L	0	0	0	0	0	0	0	0	0	0	0	0	0	0	0	0	0	0	0	0	0	0	0	0	0	0	0	0	0	0	0	0	0	0	0	0	0	0	308	0	0	0	0	0	0	0	0	1074	0	0	0	0	0	0	996	88	0	0	0	0	0	0	0	0	0	0	0	0	0	0	0	0	0	0	0	0	0	0	0	0	0	0	0	0	0	0	0	0	216	0	9186	268	7342	118	726	0	4932	0	8092	1426	5104	0	19600	246	0	818	6942	0	0	0	3448	1868	642	600	1618	564	
131156	Cerebelum_9_R	0	0	0	0	0	0	0	0	0	0	0	0	0	0	0	0	0	0	0	0	0	0	0	0	0	0	0	0	0	0	0	0	0	0	0	0	0	0	0	0	0	0	0	0	0	0	0	0	0	0	0	0	0	0	0	0	0	0	0	0	0	0	0	0	0	0	0	0	0	0	0	0	0	0	0	0	0	0	0	0	0	0	0	0	0	0	0	0	0	0	866	5452	940	4552	0	938	416	980	624	5058	804	2614	1654	18116	818	0	0	1816	282	582	1138	2748	3622	4528	5196	1834	
48524	Cerebelum_10_L	0	0	0	0	0	0	0	0	0	0	0	0	0	0	0	0	0	0	0	0	0	0	0	0	0	0	0	0	0	0	0	0	0	0	0	0	0	0	186	0	0	0	0	0	0	0	0	314	0	0	0	0	0	0	472	0	0	0	0	0	0	0	0	0	0	0	0	0	0	0	0	0	0	0	0	0	0	0	0	0	0	0	0	0	0	0	0	0	100	0	2666	0	2022	0	184	0	1176	0	2408	348	966	0	5470	0	6942	0	0	0	0	0	616	392	0	0	0	0	
11524	Cerebelum_10_R	0	0	0	0	0	0	0	0	0	0	0	0	0	0	0	0	0	0	0	0	0	0	0	0	0	0	0	0	0	0	0	0	0	0	0	0	0	0	0	0	0	0	0	0	0	0	0	0	0	0	0	0	0	0	0	0	0	0	0	0	0	0	0	0	0	0	0	0	0	0	0	0	0	0	0	0	0	0	0	0	0	0	0	0	0	0	0	0	0	0	80	500	132	374	0	86	0	0	0	422	126	140	78	628	0	1816	0	0	0	0	0	80	408	432	460	0	
9432	Vermis_1_2	0	0	0	0	0	0	0	0	0	0	0	0	0	0	0	0	0	0	0	0	0	0	0	0	0	0	0	0	0	0	0	0	0	0	0	0	0	0	0	0	0	0	0	0	0	0	0	0	0	0	0	0	0	0	0	0	0	0	0	0	0	0	0	0	0	0	0	0	0	0	0	0	0	0	0	0	0	0	0	0	0	0	0	0	0	0	0	0	0	0	0	242	0	0	184	670	258	118	96	560	0	0	0	0	0	282	0	0	0	1630	286	160	86	0	144	0	
31328	Vermis_3	0	0	0	0	0	0	0	0	0	0	0	0	0	0	0	0	0	0	0	0	0	0	0	0	0	0	0	0	0	0	0	0	0	0	0	0	0	160	122	566	0	0	0	0	0	0	0	630	0	0	0	0	0	0	0	270	0	0	0	0	0	0	0	0	0	0	0	0	0	0	0	0	0	0	0	0	0	0	0	0	0	0	0	0	0	0	0	0	0	0	324	764	152	114	518	2922	1044	1596	388	1588	0	0	0	178	0	582	0	0	1630	0	1322	206	196	106	286	0	
133624	Vermis_4_5	0	0	0	0	0	0	0	0	0	0	0	0	0	0	0	0	0	0	0	0	0	0	0	0	0	0	0	0	0	0	0	0	0	0	0	482	0	586	0	672	0	0	0	256	0	0	1186	4604	0	0	196	0	302	402	860	2824	0	0	0	0	0	0	0	0	0	0	0	960	0	0	0	0	0	0	0	0	0	84	0	0	0	0	0	0	0	0	0	0	0	98	1860	2980	546	292	936	482	9784	7058	7222	7494	416	0	528	234	3448	1138	616	0	286	1322	0	3342	398	120	750	2048	
