data	data	388724	348668	846936	731048	139892	129192	583344	345288	92908	88052	194516	249760	324300	184352	294488	109436	201924	122628	558592	666892	67528	87372	272796	310488	50432	98568	42136	57312	482888	317892	390012	555672	208308	413668	143532	219756	208512	274216	81496	175660	34328	47716	278540	262060	187708	288052	198964	386476	208940	291040	457256	234984	161688	65628	345148	480844	236608	188828	149860	79260	252120	111640	116964	131392	144228	121220	273192	428012	149316	217040	279200	434668	353960	320280	74600	39264	175600	262248	41996	26696	172984	136620	99260	59056	298700	328680	33784	44884	245420	300312	435720	450428	362280	313000	86644	115948	299440	277384	418952	456452	276956	159828	370400	373632	221568	236552	44100	44684	68948	151020	287028	194092	266432	203580	178284	30360	
data	data	Precentral_L	Precentral_R	Frontal_Sup_L	Frontal_Sup_R	Frontal_Sup_Orb_L	Frontal_Sup_Orb_R	Frontal_Mid_L	Frontal_Mid_R	Frontal_Mid_Orb_L	Frontal_Mid_Orb_R	Frontal_Inf_Oper_L	Frontal_Inf_Oper_R	Frontal_Inf_Tri_L	Frontal_Inf_Tri_R	Frontal_Inf_Orb_L	Frontal_Inf_Orb_R	Rolandic_Oper_L	Rolandic_Oper_R	Supp_Motor_Area_L	Supp_Motor_Area_R	Olfactory_L	Olfactory_R	Frontal_Sup_Medial_L	Frontal_Sup_Medial_R	Frontal_Med_Orb_L	Frontal_Med_Orb_R	Rectus_L	Rectus_R	Insula_L	Insula_R	Cingulum_Ant_L	Cingulum_Ant_R	Cingulum_Mid_L	Cingulum_Mid_R	Cingulum_Post_L	Cingulum_Post_R	Hippocampus_L	Hippocampus_R	ParaHippocampal_L	ParaHippocampal_R	Amygdala_L	Amygdala_R	Calcarine_L	Calcarine_R	Cuneus_L	Cuneus_R	Lingual_L	Lingual_R	Occipital_Sup_L	Occipital_Sup_R	Occipital_Mid_L	Occipital_Mid_R	Occipital_Inf_L	Occipital_Inf_R	Fusiform_L	Fusiform_R	Postcentral_L	Postcentral_R	Parietal_Sup_L	Parietal_Sup_R	Parietal_Inf_L	Parietal_Inf_R	SupraMarginal_L	SupraMarginal_R	Angular_L	Angular_R	Precuneus_L	Precuneus_R	Paracentral_Lobule_L	Paracentral_Lobule_R	Caudate_L	Caudate_R	Putamen_L	Putamen_R	Pallidum_L	Pallidum_R	Thalamus_L	Thalamus_R	Heschl_L	Heschl_R	Temporal_Sup_L	Temporal_Sup_R	Temporal_Pole_Sup_L	Temporal_Pole_Sup_R	Temporal_Mid_L	Temporal_Mid_R	Temporal_Pole_Mid_L	Temporal_Pole_Mid_R	Temporal_Inf_L	Temporal_Inf_R	Cerebelum_Crus1_L	Cerebelum_Crus1_R	Cerebelum_Crus2_L	Cerebelum_Crus2_R	Cerebelum_3_L	Cerebelum_3_R	Cerebelum_4_5_L	Cerebelum_4_5_R	Cerebelum_6_L	Cerebelum_6_R	Cerebelum_7b_L	Cerebelum_7b_R	Cerebelum_8_L	Cerebelum_8_R	Cerebelum_9_L	Cerebelum_9_R	Cerebelum_10_L	Cerebelum_10_R	Vermis_1_2	Vermis_3	Vermis_4_5	Vermis_6	Vermis_7	Vermis_8	Vermis_9	Vermis_10	
388724	Precentral_L	0	8614	9358	1180	0	0	23806	1074	0	0	13964	480	4212	0	394	0	10088	0	3054	1432	0	0	0	0	0	0	0	0	6696	0	280	0	3428	122	6344	3710	4908	660	780	0	0	0	416	0	0	0	410	0	0	0	1742	0	272	0	792	0	25568	488	124	0	4264	0	596	0	0	0	2238	94	15626	454	2298	1974	1986	0	0	0	19194	7140	500	0	2012	0	176	0	834	0	0	0	580	0	0	0	0	0	0	0	0	0	0	0	0	0	0	0	0	0	0	0	0	0	0	0	0	0	0	0	
348668	Precentral_R	8614	0	4674	9868	0	0	1530	17568	0	0	586	4532	0	178	0	0	842	2400	4886	15798	0	0	0	0	0	0	0	0	1140	888	124	136	236	3764	4166	7990	2776	5464	560	408	0	0	0	92	0	206	0	572	0	734	0	112	0	0	260	1158	2332	9124	0	0	728	94	566	618	0	0	156	2676	1374	9908	1300	7842	1278	904	330	664	6094	17762	306	226	152	526	0	0	0	3308	0	0	86	3718	0	0	0	0	0	0	0	0	0	0	0	0	0	0	0	0	0	0	0	0	0	0	0	0	0	0	
846936	Frontal_Sup_L	9358	4674	0	5846	10580	376	84320	2702	6766	0	9796	3328	16874	316	16862	0	10670	628	66496	11456	1004	0	30284	3662	334	404	254	0	33648	2138	18134	6338	4920	2862	116	104	1062	0	346	0	398	0	0	0	0	0	0	0	0	0	0	0	0	0	212	0	2030	118	0	0	94	0	0	0	0	0	0	0	282	188	14370	7940	22978	630	4298	138	1214	428	0	0	492	0	1000	0	0	0	0	0	0	0	0	0	0	0	0	0	0	0	0	0	0	0	0	0	0	0	0	0	0	0	0	0	0	0	0	0	
731048	Frontal_Sup_R	1180	9868	5846	0	0	6300	922	41940	0	2008	0	12994	1120	14060	1086	4706	0	5846	11154	61320	184	584	7558	33398	0	2826	0	1672	186	16184	7768	36150	3066	19344	0	714	0	2028	0	530	0	0	0	0	0	0	0	192	0	0	0	0	0	0	0	116	124	2080	0	0	0	0	0	596	0	0	0	1076	336	836	1924	17374	350	16492	0	2052	170	8500	0	192	0	212	0	0	0	182	0	0	0	178	0	0	0	0	0	0	0	0	0	0	0	0	0	0	0	0	0	0	0	0	0	0	0	0	0	0	
139892	Frontal_Sup_Orb_L	0	0	10580	0	0	110	636	0	11718	0	0	0	192	0	11504	0	0	0	0	0	1646	0	5406	0	5792	238	5690	0	5156	0	4354	0	0	0	0	0	132	0	140	0	324	0	0	0	0	0	0	0	0	0	0	0	0	0	0	0	0	0	0	0	0	0	0	0	0	0	0	0	0	0	1028	0	4630	0	0	0	0	0	0	0	0	0	670	0	0	0	0	0	0	0	0	0	0	0	0	0	0	0	0	0	0	0	0	0	0	0	0	0	0	0	0	0	0	0	0	0	
129192	Frontal_Sup_Orb_R	0	0	376	6300	110	0	0	3372	0	9320	0	506	0	836	0	6338	0	0	0	298	0	808	496	4198	436	9756	326	7684	158	1512	2144	4372	0	0	0	0	0	0	0	0	0	0	0	0	0	0	0	0	0	0	0	0	0	0	0	0	0	0	0	0	0	0	0	0	0	0	0	0	0	0	168	1644	422	3016	0	0	0	0	0	0	0	0	0	0	0	0	0	0	0	0	0	0	0	0	0	0	0	0	0	0	0	0	0	0	0	0	0	0	0	0	0	0	0	0	0	0	
583344	Frontal_Mid_L	23806	1530	84320	922	636	0	0	196	4674	0	18960	1322	37326	0	14234	0	8134	394	18032	1040	0	0	11320	1072	0	0	0	0	27376	948	7628	1624	3090	314	394	478	370	0	150	0	0	0	0	0	0	0	0	0	0	0	0	0	0	0	96	0	1000	0	0	0	0	0	0	0	0	0	0	0	0	0	6072	4442	4792	266	0	0	2212	1198	0	0	562	0	742	0	0	0	0	0	0	0	0	0	0	0	0	0	0	0	0	0	0	0	0	0	0	0	0	0	0	0	0	0	0	0	0	0	
345288	Frontal_Mid_R	1074	17568	2702	41940	0	3372	196	0	0	4148	128	11620	2028	17186	2026	4660	180	354	5460	8448	0	0	810	8326	0	0	0	0	190	6290	4570	12038	2652	5266	0	304	0	598	0	0	0	0	0	0	0	0	0	0	0	0	0	0	0	0	0	0	358	554	0	0	0	0	0	0	0	0	0	716	172	474	446	1912	258	968	0	556	166	1682	0	0	0	0	0	0	0	140	0	0	0	108	0	0	0	0	0	0	0	0	0	0	0	0	0	0	0	0	0	0	0	0	0	0	0	0	0	0	
92908	Frontal_Mid_Orb_L	0	0	6766	0	11718	0	4674	0	0	0	0	0	988	0	15170	0	0	0	0	0	0	0	0	0	412	0	1452	0	2708	0	246	0	0	0	0	0	0	0	0	0	0	0	0	0	0	0	0	0	0	0	0	0	0	0	0	0	0	0	0	0	0	0	0	0	0	0	0	0	0	0	0	0	1128	0	0	0	0	0	0	0	0	0	1192	0	0	0	0	0	0	0	0	0	0	0	0	0	0	0	0	0	0	0	0	0	0	0	0	0	0	0	0	0	0	0	0	0	
88052	Frontal_Mid_Orb_R	0	0	0	2008	0	9320	0	4148	0	0	0	550	0	938	0	17298	0	0	0	96	0	0	0	2088	0	132	0	598	0	2452	0	300	0	0	0	0	0	0	0	0	0	0	0	0	0	0	0	0	0	0	0	0	0	0	0	0	0	0	0	0	0	0	0	0	0	0	0	0	0	0	0	110	0	3988	0	0	0	0	0	0	0	0	0	0	0	0	0	0	0	0	0	0	0	0	0	0	0	0	0	0	0	0	0	0	0	0	0	0	0	0	0	0	0	0	0	0	
194516	Frontal_Inf_Oper_L	13964	586	9796	0	0	0	18960	128	0	0	0	170	16124	0	2644	0	7834	0	3470	170	0	0	160	0	0	0	0	0	13066	0	1750	0	732	0	0	0	210	0	0	0	0	0	0	0	0	0	0	0	0	0	0	0	0	0	0	0	2326	0	0	0	0	0	0	0	0	0	0	0	0	0	88	0	1420	0	0	0	358	0	0	0	1680	0	1622	0	0	0	0	0	0	0	0	0	0	0	0	0	0	0	0	0	0	0	0	0	0	0	0	0	0	0	0	0	0	0	0	0	
249760	Frontal_Inf_Oper_R	480	4532	3328	12994	0	506	1322	11620	0	550	170	0	368	14748	350	946	96	3350	4186	7846	0	0	846	2960	0	0	0	102	182	14580	2664	11556	658	1824	0	208	0	708	0	320	0	0	0	0	0	0	0	0	0	0	0	0	0	0	0	0	90	828	0	0	0	0	0	0	0	0	0	212	0	0	4332	8224	1092	5260	0	390	0	262	0	0	0	0	0	190	0	0	0	0	0	0	0	0	0	0	0	0	0	0	0	0	0	0	0	0	0	0	0	0	0	0	0	0	0	0	0	0	
324300	Frontal_Inf_Tri_L	4212	0	16874	1120	192	0	37326	2028	988	0	16124	368	0	172	30128	0	1020	0	5920	428	0	0	2008	202	0	0	0	0	21948	94	5820	3902	7008	844	0	0	0	0	0	0	0	0	0	0	0	0	0	0	0	0	0	0	0	0	0	0	690	0	0	0	0	0	0	0	0	0	0	0	0	0	164	108	858	0	0	0	0	0	0	0	476	0	1128	0	0	0	0	0	0	0	0	0	0	0	0	0	0	0	0	0	0	0	0	0	0	0	0	0	0	0	0	0	0	0	0	0	
184352	Frontal_Inf_Tri_R	0	178	316	14060	0	836	0	17186	0	938	0	14748	172	0	164	3752	0	0	2488	6040	0	0	542	3254	0	0	0	0	0	11244	1722	8538	394	2394	0	0	0	0	0	0	0	0	0	0	0	0	0	0	0	0	0	0	0	0	0	0	0	0	0	0	0	0	0	0	0	0	0	0	0	0	682	1410	364	754	0	0	0	0	0	0	0	0	0	0	0	0	0	0	0	0	0	0	0	0	0	0	0	0	0	0	0	0	0	0	0	0	0	0	0	0	0	0	0	0	0	0	
294488	Frontal_Inf_Orb_L	394	0	16862	1086	11504	0	14234	2026	15170	0	2644	350	30128	164	0	0	158	0	1838	418	1774	0	1442	86	0	0	1082	0	20022	90	5384	3816	5752	830	0	0	138	0	146	0	414	0	0	0	0	0	0	0	0	0	0	0	0	0	0	0	0	0	0	0	0	0	0	0	0	0	0	0	0	0	938	0	4220	0	0	0	0	0	0	0	212	0	3922	0	0	0	0	0	0	0	0	0	0	0	0	0	0	0	0	0	0	0	0	0	0	0	0	0	0	0	0	0	0	0	0	0	
109436	Frontal_Inf_Orb_R	0	0	0	4706	0	6338	0	4660	0	17298	0	946	0	3752	0	0	0	0	0	242	0	584	0	2678	0	0	0	580	0	7284	0	698	0	158	0	0	0	0	0	0	0	0	0	0	0	0	0	0	0	0	0	0	0	0	0	0	0	0	0	0	0	0	0	0	0	0	0	0	0	0	0	150	0	4644	0	0	0	0	0	0	0	0	0	0	0	0	0	0	0	0	0	0	0	0	0	0	0	0	0	0	0	0	0	0	0	0	0	0	0	0	0	0	0	0	0	0	
201924	Rolandic_Oper_L	10088	842	10670	0	0	0	8134	180	0	0	7834	96	1020	0	158	0	0	0	6614	240	0	0	0	0	0	0	0	0	20948	0	542	0	0	0	182	0	958	0	184	0	0	0	254	0	0	0	0	0	0	0	1122	0	1028	0	818	0	7884	0	190	0	2454	0	2392	0	244	0	154	0	136	0	394	244	2008	0	0	0	354	0	2310	0	7106	0	1274	0	728	0	0	0	1044	0	134	0	0	0	0	0	0	0	0	0	0	0	0	0	0	0	0	0	0	0	0	0	0	0	0	0	
122628	Rolandic_Oper_R	0	2400	628	5846	0	0	394	354	0	0	0	3350	0	0	0	0	0	0	374	6562	0	0	0	114	0	0	0	0	0	8852	0	184	0	0	0	380	0	2868	0	404	0	0	0	0	0	0	0	238	0	0	0	0	0	0	0	890	0	7406	0	0	0	0	0	2668	0	0	0	286	0	592	652	798	108	3982	0	126	0	2432	0	2158	0	3992	0	586	0	502	0	0	0	1188	0	0	0	0	0	0	0	0	0	0	0	0	0	0	0	0	0	0	0	0	0	0	0	0	0	0	
558592	Supp_Motor_Area_L	3054	4886	66496	11154	0	0	18032	5460	0	0	3470	4186	5920	2488	1838	0	6614	374	0	33316	0	0	2224	2288	0	0	0	0	10802	1912	5182	7862	9944	15446	518	252	580	0	0	0	0	0	0	0	102	0	0	0	0	0	0	0	0	0	192	0	2068	322	0	0	170	0	0	0	0	0	230	178	10426	426	11208	6878	15540	446	3658	126	2190	264	0	0	176	0	0	0	0	204	0	0	0	194	0	0	0	0	0	0	0	0	0	0	0	0	0	0	0	0	0	0	0	0	0	0	0	0	0	0	
666892	Supp_Motor_Area_R	1432	15798	11456	61320	0	298	1040	8448	0	96	170	7846	428	6040	418	242	240	6562	33316	0	0	0	842	7128	0	158	0	0	142	7038	2764	17532	5440	34996	182	4118	0	1650	0	720	0	0	0	120	0	332	0	386	0	1144	0	194	0	0	0	1328	236	5378	0	0	0	0	0	912	0	0	132	2606	5106	19846	2336	19926	720	11006	254	1852	704	8358	0	442	0	748	0	0	0	5664	0	0	0	5856	0	0	0	0	0	0	0	0	0	0	0	0	0	0	0	0	0	0	0	0	0	0	0	0	0	0	
67528	Olfactory_L	0	0	1004	184	1646	0	0	0	0	0	0	0	0	0	1774	0	0	0	0	0	0	4152	0	0	636	186	922	532	1588	0	2734	1002	0	0	0	0	0	0	122	0	154	0	0	0	0	0	0	0	0	0	0	0	0	0	0	0	0	0	0	0	0	0	0	0	0	0	0	0	0	0	5844	3172	4716	2060	1336	0	0	0	0	0	0	0	0	0	0	0	0	0	0	0	0	0	0	0	0	0	0	0	0	0	0	0	0	0	0	0	0	0	0	0	0	0	0	0	0	0	
87372	Olfactory_R	0	0	0	584	0	808	0	0	0	0	0	0	0	0	0	584	0	0	0	0	4152	0	0	134	0	1516	0	1782	0	1924	2426	3040	0	0	0	0	0	128	0	0	0	390	0	0	0	0	0	0	0	0	0	0	0	0	0	0	0	0	0	0	0	0	0	0	0	0	0	0	0	0	6220	7622	4946	3626	2818	890	0	96	0	0	0	0	0	0	0	0	0	0	0	0	0	0	0	0	0	0	0	0	0	0	0	0	0	0	0	0	0	0	0	0	0	0	0	0	0	0	
272796	Frontal_Sup_Medial_L	0	0	30284	7558	5406	496	11320	810	0	0	160	846	2008	542	1442	0	0	0	2224	842	0	0	0	18050	2942	1592	692	0	1574	680	22132	13342	2816	5044	0	0	0	0	0	0	0	0	0	0	0	0	0	0	0	0	0	0	0	0	0	0	0	0	0	0	0	0	0	0	0	0	0	0	0	0	586	768	1848	394	0	0	0	0	0	0	0	0	0	0	0	0	0	0	0	0	0	0	0	0	0	0	0	0	0	0	0	0	0	0	0	0	0	0	0	0	0	0	0	0	0	0	
310488	Frontal_Sup_Medial_R	0	0	3662	33398	0	4198	1072	8326	0	2088	0	2960	202	3254	86	2678	0	114	2288	7128	0	134	18050	0	0	5868	0	708	248	5864	8000	23258	724	10280	0	0	0	0	0	0	0	0	0	0	0	0	0	0	0	0	0	0	0	0	0	0	0	0	0	0	0	0	0	0	0	0	0	0	0	0	118	4002	0	6536	0	0	0	0	0	0	0	0	0	0	0	0	0	0	0	0	0	0	0	0	0	0	0	0	0	0	0	0	0	0	0	0	0	0	0	0	0	0	0	0	0	0	
50432	Frontal_Med_Orb_L	0	0	334	0	5792	436	0	0	412	0	0	0	0	0	0	0	0	0	0	0	636	0	2942	0	0	1698	3434	348	0	0	5860	356	0	0	0	0	0	0	0	0	0	0	0	0	0	0	0	0	0	0	0	0	0	0	0	0	0	0	0	0	0	0	0	0	0	0	0	0	0	0	1070	126	1664	108	0	0	0	0	0	0	0	0	0	0	0	0	0	0	0	0	0	0	0	0	0	0	0	0	0	0	0	0	0	0	0	0	0	0	0	0	0	0	0	0	0	0	
98568	Frontal_Med_Orb_R	0	0	404	2826	238	9756	0	0	0	132	0	0	0	0	0	0	0	0	0	158	186	1516	1592	5868	1698	0	788	7214	172	88	3878	6118	0	0	0	0	0	0	0	0	0	0	0	0	0	0	0	0	0	0	0	0	0	0	0	0	0	0	0	0	0	0	0	0	0	0	0	0	0	0	272	2966	578	2836	0	0	0	0	0	0	0	0	0	0	0	0	0	0	0	0	0	0	0	0	0	0	0	0	0	0	0	0	0	0	0	0	0	0	0	0	0	0	0	0	0	0	
42136	Rectus_L	0	0	254	0	5690	326	0	0	1452	0	0	0	0	0	1082	0	0	0	0	0	922	0	692	0	3434	788	0	608	552	0	2510	92	0	0	0	0	0	0	0	0	0	0	0	0	0	0	0	0	0	0	0	0	0	0	0	0	0	0	0	0	0	0	0	0	0	0	0	0	0	0	1214	0	1452	0	0	0	0	0	0	0	0	0	0	0	0	0	0	0	0	0	0	0	0	0	0	0	0	0	0	0	0	0	0	0	0	0	0	0	0	0	0	0	0	0	0	0	
57312	Rectus_R	0	0	0	1672	0	7684	0	0	0	598	0	102	0	0	0	580	0	0	0	0	532	1782	0	708	348	7214	608	0	0	586	450	2444	0	0	0	0	0	0	0	0	0	0	0	0	0	0	0	0	0	0	0	0	0	0	0	0	0	0	0	0	0	0	0	0	0	0	0	0	0	0	480	1184	356	1154	174	0	0	0	0	0	0	0	0	0	0	0	0	0	0	0	0	0	0	0	0	0	0	0	0	0	0	0	0	0	0	0	0	0	0	0	0	0	0	0	0	0	
482888	Insula_L	6696	1140	33648	186	5156	158	27376	190	2708	0	13066	182	21948	0	20022	0	20948	0	10802	142	1588	0	1574	248	0	172	552	0	0	0	4394	388	1070	0	376	0	9216	0	3010	0	1328	0	356	0	0	0	104	0	0	0	232	0	224	0	4248	0	3222	0	94	0	2186	0	208	0	0	0	404	0	134	0	1796	518	20734	0	0	0	1484	142	2686	0	4756	0	4194	0	1188	0	92	0	3914	0	110	0	0	0	0	0	0	0	134	0	0	0	0	0	0	0	0	0	0	0	0	0	0	0	0	0	
317892	Insula_R	0	888	2138	16184	0	1512	948	6290	0	2452	0	14580	94	11244	90	7284	0	8852	1912	7038	0	1924	680	5864	0	88	0	586	0	0	914	11466	350	1756	0	728	0	4736	0	1522	0	420	0	114	0	0	0	256	0	0	0	0	0	0	0	2288	0	548	0	0	0	0	0	0	0	0	0	520	0	412	1436	7872	150	17176	0	176	0	4186	0	2270	0	5348	0	612	0	1246	0	0	0	1796	0	0	0	0	0	0	0	0	0	0	0	0	0	0	0	0	0	0	0	0	0	0	0	0	0	0	
390012	Cingulum_Ant_L	280	124	18134	7768	4354	2144	7628	4570	246	0	1750	2664	5820	1722	5384	0	542	0	5182	2764	2734	2426	22132	8000	5860	3878	2510	450	4394	914	0	27128	7910	3760	0	0	88	0	0	0	0	0	0	0	0	0	0	0	0	0	0	0	0	0	0	0	0	0	0	0	0	0	0	0	0	0	0	0	0	0	9950	5040	11956	3606	354	114	0	92	0	0	276	0	358	0	0	0	0	0	0	0	0	0	0	0	0	0	0	0	0	0	0	0	0	0	0	0	0	0	0	0	0	0	0	0	0	0	
555672	Cingulum_Ant_R	0	136	6338	36150	0	4372	1624	12038	0	300	0	11556	3902	8538	3816	698	0	184	7862	17532	1002	3040	13342	23258	356	6118	92	2444	388	11466	27128	0	9086	20356	0	0	0	118	0	0	0	0	0	0	0	0	0	0	0	0	0	0	0	0	0	0	0	0	0	0	0	0	0	0	0	0	0	0	0	0	3344	24368	2176	13864	374	202	0	268	0	0	0	0	0	0	0	0	0	0	0	0	0	0	0	0	0	0	0	0	0	0	0	0	0	0	0	0	0	0	0	0	0	0	0	0	0	0	
208308	Cingulum_Mid_L	3428	236	4920	3066	0	0	3090	2652	0	0	732	658	7008	394	5752	0	0	0	9944	5440	0	0	2816	724	0	0	0	0	1070	350	7910	9086	0	12480	3030	790	102	0	0	0	0	0	652	0	108	374	0	0	1074	130	890	104	0	0	0	0	274	0	0	0	0	0	0	0	0	0	4010	964	7964	366	298	324	328	0	356	0	260	0	0	0	0	0	0	0	0	0	0	0	0	0	0	0	0	0	0	0	0	0	0	0	0	0	0	0	0	0	0	0	0	0	0	0	0	0	0	0	
413668	Cingulum_Mid_R	122	3764	2862	19344	0	0	314	5266	0	0	0	1824	844	2394	830	158	0	0	15446	34996	0	0	5044	10280	0	0	0	0	0	1756	3760	20356	12480	0	686	5706	0	186	0	0	0	0	0	1352	0	6646	0	680	0	6054	0	3956	0	110	0	862	0	1752	0	386	0	684	0	744	0	786	776	14490	3138	9550	0	1238	0	0	0	0	0	488	0	0	0	210	0	0	0	2596	0	0	0	1918	0	0	0	0	0	0	0	0	0	0	0	0	0	0	0	0	0	0	0	0	0	0	0	0	0	0	
143532	Cingulum_Post_L	6344	4166	116	0	0	0	394	0	0	0	0	0	0	0	0	0	182	0	518	182	0	0	0	0	0	0	0	0	376	0	0	0	3030	686	0	5906	6318	574	1046	0	0	0	5024	240	968	0	1638	208	1274	0	2330	0	658	0	756	0	800	116	164	0	434	0	156	0	242	0	10324	486	2418	110	0	756	0	0	0	0	5952	5078	346	0	142	0	0	0	1012	0	0	0	296	0	0	0	0	0	0	0	0	0	0	0	0	0	0	0	0	0	0	0	0	0	0	0	0	0	0	0	
219756	Cingulum_Post_R	3710	7990	104	714	0	0	478	304	0	0	0	208	0	0	0	0	0	380	252	4118	0	0	0	0	0	0	0	0	0	728	0	0	790	5706	5906	0	2408	8848	394	1668	0	0	0	5614	0	2504	0	6784	0	2710	0	394	0	0	182	2352	226	1688	0	0	0	0	0	0	0	0	584	15382	412	4670	0	1126	0	342	0	0	4976	10506	170	166	0	484	0	0	0	1152	0	0	0	2612	0	0	0	0	0	0	0	0	0	0	0	0	0	0	0	0	0	0	0	0	136	0	0	0	0	0	
208512	Hippocampus_L	4908	2776	1062	0	132	0	370	0	0	0	210	0	0	0	138	0	958	0	580	0	0	0	0	0	0	0	0	0	9216	0	88	0	102	0	6318	2408	0	504	11144	0	6452	0	906	0	0	0	2240	0	0	0	462	0	186	0	13444	0	1788	0	104	0	1158	0	412	0	498	0	3918	0	214	0	128	0	6836	0	652	0	5876	2604	1870	0	1366	0	884	0	1524	0	100	0	8666	0	328	0	0	0	0	0	246	0	480	0	0	0	0	0	0	0	0	0	0	0	0	0	0	0	0	0	
274216	Hippocampus_R	660	5464	0	2028	0	0	0	598	0	0	0	708	0	0	0	0	0	2868	0	1650	0	128	0	0	0	0	0	0	0	4736	0	118	0	186	574	8848	504	0	0	21536	0	6538	0	3196	0	444	0	7588	0	364	0	120	0	238	0	20218	0	1206	0	0	0	0	0	146	0	0	0	9830	0	714	0	1052	0	7112	0	520	558	7524	0	552	0	4436	0	1060	0	3672	0	170	0	7224	0	254	0	0	0	0	0	1262	0	338	0	0	0	0	0	0	0	0	0	0	166	0	0	0	0	0	
81496	ParaHippocampal_L	780	560	346	0	140	0	150	0	0	0	0	0	0	0	146	0	184	0	0	0	122	0	0	0	0	0	0	0	3010	0	0	0	0	0	1046	394	11144	0	0	0	2272	0	238	0	0	0	2250	0	0	0	0	0	0	0	7206	0	246	0	0	0	194	0	0	0	0	0	792	0	0	0	0	0	1898	0	0	0	1290	540	0	0	312	0	936	0	0	0	604	0	1054	0	574	0	0	0	198	0	1126	0	806	0	0	0	0	0	0	0	0	0	0	190	0	0	0	0	0	0	
175660	ParaHippocampal_R	0	408	0	530	0	0	0	0	0	0	0	320	0	0	0	0	0	404	0	720	0	0	0	0	0	0	0	0	0	1522	0	0	0	0	0	1668	0	21536	0	0	0	7228	0	1202	0	244	0	6528	0	186	0	94	0	184	0	19386	0	160	0	0	0	0	0	0	0	0	0	2986	0	276	0	288	0	3700	0	238	0	984	0	0	0	1544	0	4998	0	1374	0	3166	0	2966	0	198	0	0	0	0	0	2300	0	216	0	0	0	0	0	0	0	0	0	0	276	0	0	0	0	0	
34328	Amygdala_L	0	0	398	0	324	0	0	0	0	0	0	0	0	0	414	0	0	0	0	0	154	0	0	0	0	0	0	0	1328	0	0	0	0	0	0	0	6452	0	2272	0	0	0	0	0	0	0	0	0	0	0	0	0	0	0	3068	0	0	0	0	0	0	0	0	0	0	0	0	0	0	0	188	0	320	0	0	0	90	0	0	0	0	0	676	0	0	0	182	0	1298	0	0	0	0	0	0	0	0	0	0	0	0	0	0	0	0	0	0	0	0	0	0	0	0	0	0	0	
47716	Amygdala_R	0	0	0	0	0	0	0	0	0	0	0	0	0	0	0	0	0	0	0	0	0	390	0	0	0	0	0	0	0	420	0	0	0	0	0	0	0	6538	0	7228	0	0	0	0	0	0	0	0	0	0	0	0	0	0	0	3724	0	0	0	0	0	0	0	0	0	0	0	0	0	0	0	0	0	716	0	0	0	0	0	0	0	0	0	3050	0	250	0	1046	0	496	0	0	0	0	0	0	0	0	0	0	0	0	0	0	0	0	0	0	0	0	0	0	0	0	0	0	
278540	Calcarine_L	416	0	0	0	0	0	0	0	0	0	0	0	0	0	0	0	254	0	0	0	0	0	0	0	0	0	0	0	356	0	0	0	652	0	5024	0	906	0	238	0	0	0	0	5460	16710	4416	12264	1710	19348	1258	31118	462	7588	0	3746	174	408	0	2202	0	1122	0	0	0	524	0	17210	586	650	0	0	0	0	0	0	0	0	0	0	0	0	0	0	0	2884	0	0	0	920	0	0	0	0	0	0	0	226	0	284	0	0	0	0	0	0	0	0	0	0	0	154	0	0	0	0	0	
262060	Calcarine_R	0	92	0	0	0	0	0	0	0	0	0	0	0	0	0	0	0	0	0	120	0	0	0	0	0	0	0	0	0	114	0	0	0	1352	240	5614	0	3196	0	1202	0	0	5460	0	3970	18588	824	23942	216	11414	0	5930	0	2822	0	12296	0	716	0	164	0	0	0	104	0	0	1680	22838	0	1570	0	0	0	122	0	0	0	120	0	0	0	264	0	0	0	1408	0	0	0	3798	0	0	0	0	0	0	0	274	0	174	0	0	0	0	0	0	0	0	0	0	406	0	0	0	0	0	
187708	Cuneus_L	0	0	0	0	0	0	0	0	0	0	0	0	0	0	0	0	0	0	102	0	0	0	0	0	0	0	0	0	0	0	0	0	108	0	968	0	0	0	0	0	0	0	16710	3970	0	8378	2310	256	21792	2858	15306	0	2650	0	1126	0	206	0	1442	0	294	0	0	0	0	0	12266	1584	502	0	0	0	0	0	0	0	0	0	0	0	0	0	0	0	622	0	0	0	302	0	0	0	0	0	0	0	0	0	102	0	0	0	0	0	0	0	0	0	0	0	0	0	0	0	0	0	
288052	Cuneus_R	0	206	0	0	0	0	0	0	0	0	0	0	0	0	0	0	0	0	0	332	0	0	0	0	0	0	0	0	0	0	0	0	374	6646	0	2504	0	444	0	244	0	0	4416	18588	8378	0	0	4362	450	32170	0	12332	0	870	0	4120	0	1208	156	4044	0	256	0	302	0	1114	4372	29422	0	3448	0	0	0	0	0	0	0	0	0	0	0	0	0	0	0	2210	0	0	0	752	0	0	0	0	0	0	0	0	0	0	0	0	0	0	0	0	0	0	0	0	306	0	0	0	0	0	
198964	Lingual_L	410	0	0	0	0	0	0	0	0	0	0	0	0	0	0	0	0	0	0	0	0	0	0	0	0	0	0	0	104	0	0	0	0	0	1638	0	2240	0	2250	0	0	0	12264	824	2310	0	0	1994	2870	164	9972	164	5464	164	13964	966	0	0	98	0	90	0	0	0	0	0	3546	0	130	0	0	0	0	0	0	0	396	134	0	0	0	0	0	0	248	0	0	0	248	0	4500	1732	486	0	0	0	7308	586	11160	2268	120	0	0	0	0	0	0	0	0	0	3190	3756	1500	0	98	126	
386476	Lingual_R	0	572	0	192	0	0	0	0	0	0	0	0	0	0	0	0	0	238	0	386	0	0	0	0	0	0	0	0	0	256	0	0	0	680	208	6784	0	7588	0	6528	0	0	1710	23942	256	4362	1994	0	0	5652	0	5766	0	4926	1212	28466	0	660	0	0	0	112	0	152	0	170	166	15446	0	1422	0	0	0	304	0	0	0	1518	0	0	0	266	0	0	0	1124	0	0	0	4456	3668	7518	520	0	128	180	2302	12148	5708	12496	136	0	118	164	100	390	0	0	126	232	8654	8616	1096	414	434	576	
208940	Occipital_Sup_L	0	0	0	0	0	0	0	0	0	0	0	0	0	0	0	0	0	0	0	0	0	0	0	0	0	0	0	0	0	0	0	0	1074	0	1274	0	0	0	0	0	0	0	19348	216	21792	450	2870	0	0	0	32630	0	2062	0	662	0	1000	0	6864	0	1626	0	0	0	374	0	10502	504	660	0	0	0	0	0	0	0	0	0	0	0	0	0	0	0	470	0	0	0	0	0	0	0	0	0	0	0	0	0	92	0	0	0	0	0	0	0	0	0	0	0	0	0	0	0	0	0	
291040	Occipital_Sup_R	0	734	0	0	0	0	0	0	0	0	0	0	0	0	0	0	0	0	0	1144	0	0	0	0	0	0	0	0	0	0	0	0	130	6054	0	2710	0	364	0	186	0	0	1258	11414	2858	32170	164	5652	0	0	0	25862	0	1380	0	4564	0	2704	0	5720	0	1126	0	712	0	4046	1010	18810	0	5420	0	0	0	0	0	0	0	0	0	0	0	530	0	0	0	5456	0	0	0	3342	0	0	0	0	0	0	0	0	0	0	0	0	0	0	0	0	0	0	0	0	0	0	0	0	0	0	
457256	Occipital_Mid_L	1742	0	0	0	0	0	0	0	0	0	0	0	0	0	0	0	1122	0	0	0	0	0	0	0	0	0	0	0	232	0	0	0	890	0	2330	0	462	0	0	0	0	0	31118	0	15306	0	9972	0	32630	0	0	0	25038	0	7652	0	2304	0	13254	0	15876	0	1334	0	21180	0	17698	0	2558	0	0	0	0	0	0	0	0	0	914	0	256	0	0	0	18250	0	0	0	5288	0	346	0	0	0	0	0	142	0	486	0	0	0	0	0	0	0	0	0	0	0	100	148	0	0	0	0	
234984	Occipital_Mid_R	0	112	0	0	0	0	0	0	0	0	0	0	0	0	0	0	0	0	0	194	0	0	0	0	0	0	0	0	0	0	0	0	104	3956	0	394	0	120	0	94	0	0	462	5930	0	12332	164	5766	0	25862	0	0	0	7002	0	5020	0	1128	0	4012	0	2108	0	514	0	14218	0	8898	0	1818	0	0	0	0	0	0	0	0	0	0	0	156	0	0	0	13144	0	0	0	3984	0	0	0	0	0	0	0	0	0	0	0	0	0	0	0	0	0	0	0	0	0	0	0	0	0	0	
161688	Occipital_Inf_L	272	0	0	0	0	0	0	0	0	0	0	0	0	0	0	0	1028	0	0	0	0	0	0	0	0	0	0	0	224	0	0	0	0	0	658	0	186	0	0	0	0	0	7588	0	2650	0	5464	0	2062	0	25038	0	0	0	9484	0	254	0	948	0	1894	0	0	0	1544	0	2146	0	308	0	0	0	0	0	0	0	0	0	518	0	0	0	0	0	6190	0	0	0	6062	0	1014	550	130	0	0	0	396	0	1882	574	0	0	0	0	0	0	0	0	0	0	310	962	508	0	0	0	
65628	Occipital_Inf_R	0	0	0	0	0	0	0	0	0	0	0	0	0	0	0	0	0	0	0	0	0	0	0	0	0	0	0	0	0	0	0	0	0	110	0	0	0	238	0	184	0	0	0	2822	0	870	164	4926	0	1380	0	7002	0	0	0	9222	0	0	0	0	0	0	0	0	0	0	0	706	0	92	0	0	0	0	0	0	0	0	0	0	0	0	0	0	0	1464	0	0	0	2730	0	120	0	0	0	0	0	0	184	334	0	0	0	0	0	0	0	0	0	0	0	266	0	0	0	0	
345148	Fusiform_L	792	260	212	0	0	0	96	0	0	0	0	0	0	0	0	0	818	0	192	0	0	0	0	0	0	0	0	0	4248	0	0	0	0	0	756	182	13444	0	7206	0	3068	0	3746	0	1126	0	13964	1212	662	0	7652	0	9484	0	0	486	538	0	698	0	768	0	0	0	168	0	1866	0	158	0	0	0	1674	0	0	0	698	218	872	0	1402	0	3156	0	3010	0	2194	0	16152	0	18232	998	434	0	306	0	13392	1016	26486	1318	126	0	0	0	144	0	0	0	0	140	3744	2136	924	0	0	0	
480844	Fusiform_R	0	1158	0	116	0	0	0	0	0	0	0	0	0	0	0	0	0	890	0	1328	0	0	0	0	0	0	0	0	0	2288	0	0	0	862	0	2352	0	20218	0	19386	0	3724	174	12296	0	4120	966	28466	0	4564	0	5020	0	9222	486	0	0	334	0	0	0	356	0	468	0	370	0	8906	0	1740	0	0	0	2252	0	0	0	562	0	148	0	5188	0	6624	0	7684	0	4228	0	23742	1276	14938	350	520	0	846	510	8690	2580	18120	150	0	0	612	0	220	0	136	130	452	3210	5990	850	162	198	244	
236608	Postcentral_L	25568	2332	2030	124	0	0	1000	358	0	0	2326	90	690	0	0	0	7884	0	2068	236	0	0	0	0	0	0	0	0	3222	0	0	0	274	0	800	226	1788	0	246	0	0	0	408	0	206	0	0	0	1000	0	2304	0	254	0	538	0	0	194	10942	0	22420	0	6820	0	898	0	2830	0	5774	0	302	282	2210	0	0	0	3174	368	1254	0	3440	0	120	0	760	0	0	0	544	0	0	0	0	0	0	0	0	0	0	0	0	0	0	0	0	0	0	0	0	0	0	0	0	0	0	0	
188828	Postcentral_R	488	9124	118	2080	0	0	0	554	0	0	0	828	0	0	0	0	0	7406	322	5378	0	0	0	0	0	0	0	0	0	548	0	0	0	1752	116	1688	0	1206	0	160	0	0	0	716	0	1208	0	660	0	2704	0	1128	0	0	0	334	194	0	0	5882	0	6112	0	8592	0	474	0	5350	266	10414	0	1314	0	1032	0	0	172	2812	0	234	0	1170	0	0	0	7064	0	0	0	4814	0	0	0	0	0	0	0	0	0	0	0	0	0	0	0	0	0	0	0	0	0	0	0	0	0	0	
149860	Parietal_Sup_L	124	0	0	0	0	0	0	0	0	0	0	0	0	0	0	0	190	0	0	0	0	0	0	0	0	0	0	0	94	0	0	0	0	0	164	0	104	0	0	0	0	0	2202	0	1442	156	98	0	6864	0	13254	0	948	0	698	0	10942	0	0	0	17008	0	192	0	3830	0	11010	574	2638	0	0	0	0	0	0	0	0	0	0	0	0	0	0	0	1900	0	0	0	498	0	0	0	0	0	0	0	0	0	0	0	0	0	0	0	0	0	0	0	0	0	0	0	0	0	0	0	
79260	Parietal_Sup_R	0	0	0	0	0	0	0	0	0	0	0	0	0	0	0	0	0	0	0	0	0	0	0	0	0	0	0	0	0	0	0	0	0	386	0	0	0	0	0	0	0	0	0	164	0	4044	0	0	0	5720	0	4012	0	0	0	0	0	5882	0	0	0	4480	0	736	0	5058	582	7584	0	554	0	0	0	0	0	0	0	0	0	0	0	0	0	0	0	274	0	0	0	154	0	0	0	0	0	0	0	0	0	0	0	0	0	0	0	0	0	0	0	0	0	0	0	0	0	0	
252120	Parietal_Inf_L	4264	728	94	0	0	0	0	0	0	0	0	0	0	0	0	0	2454	0	170	0	0	0	0	0	0	0	0	0	2186	0	0	0	0	0	434	0	1158	0	194	0	0	0	1122	0	294	0	90	0	1626	0	15876	0	1894	0	768	0	22420	0	17008	0	0	0	17562	0	15554	0	3496	0	2002	0	0	0	1100	0	106	0	520	0	400	0	2286	0	0	0	7492	0	0	0	2762	0	0	0	0	0	0	0	0	0	0	0	0	0	0	0	0	0	0	0	0	0	0	0	0	0	0	0	
111640	Parietal_Inf_R	0	94	0	0	0	0	0	0	0	0	0	0	0	0	0	0	0	0	0	0	0	0	0	0	0	0	0	0	0	0	0	0	0	684	0	0	0	0	0	0	0	0	0	0	0	256	0	112	0	1126	0	2108	0	0	0	356	0	6112	0	4480	0	0	0	16802	0	11532	0	1626	0	620	0	0	0	0	0	0	0	0	0	0	0	888	0	0	0	6542	0	0	0	2482	0	0	0	0	0	0	0	0	0	0	0	0	0	0	0	0	0	0	0	0	0	0	0	0	0	0	
116964	SupraMarginal_L	596	566	0	0	0	0	0	0	0	0	0	0	0	0	0	0	2392	0	0	0	0	0	0	0	0	0	0	0	208	0	0	0	0	0	156	0	412	0	0	0	0	0	0	0	0	0	0	0	0	0	1334	0	0	0	0	0	6820	0	192	0	17562	0	0	0	6982	0	834	0	402	0	0	0	0	0	0	0	0	0	120	0	8420	0	0	0	9756	0	0	0	1730	0	0	0	0	0	0	0	0	0	0	0	0	0	0	0	0	0	0	0	0	0	0	0	0	0	0	0	
131392	SupraMarginal_R	0	618	0	596	0	0	0	0	0	0	0	0	0	0	0	0	0	2668	0	912	0	0	0	0	0	0	0	0	0	0	0	0	0	744	0	0	0	146	0	0	0	0	0	104	0	302	0	152	0	712	0	514	0	0	0	468	0	8592	0	736	0	16802	0	0	0	7810	0	2096	0	1054	0	0	0	112	0	0	0	128	0	0	0	5318	0	0	0	11084	0	0	0	4028	0	0	0	0	0	0	0	0	0	0	0	0	0	0	0	0	0	0	0	0	0	0	0	0	0	0	
144228	Angular_L	0	0	0	0	0	0	0	0	0	0	0	0	0	0	0	0	244	0	0	0	0	0	0	0	0	0	0	0	0	0	0	0	0	0	242	0	498	0	0	0	0	0	524	0	0	0	0	0	374	0	21180	0	1544	0	168	0	898	0	3830	0	15554	0	6982	0	0	0	2868	0	312	0	0	0	0	0	0	0	0	0	0	0	3024	0	0	0	12528	0	0	0	1344	0	0	0	0	0	0	0	0	0	0	0	0	0	0	0	0	0	0	0	0	0	0	0	0	0	0	0	
121220	Angular_R	0	0	0	0	0	0	0	0	0	0	0	0	0	0	0	0	0	0	0	0	0	0	0	0	0	0	0	0	0	0	0	0	0	786	0	0	0	0	0	0	0	0	0	0	0	1114	0	170	0	4046	0	14218	0	0	0	370	0	474	0	5058	0	11532	0	7810	0	0	0	2000	0	340	0	0	0	0	0	0	0	0	0	0	0	1914	0	0	0	8166	0	0	0	2612	0	0	0	0	0	0	0	0	0	0	0	0	0	0	0	0	0	0	0	0	0	0	0	0	0	0	
273192	Precuneus_L	2238	156	0	0	0	0	0	0	0	0	0	0	0	0	0	0	154	0	230	132	0	0	0	0	0	0	0	0	404	0	0	0	4010	776	10324	584	3918	0	792	0	0	0	17210	1680	12266	4372	3546	166	10502	1010	17698	0	2146	0	1866	0	2830	0	11010	582	3496	0	834	0	2868	0	0	7578	3522	0	0	0	0	0	0	0	634	0	138	0	118	0	0	0	5028	0	0	0	1518	0	0	0	0	0	0	0	152	0	108	0	0	0	0	0	0	0	0	0	0	0	0	0	0	0	0	0	
428012	Precuneus_R	94	2676	0	1076	0	0	0	716	0	0	0	212	0	0	0	0	0	286	178	2606	0	0	0	0	0	0	0	0	0	520	0	0	964	14490	486	15382	0	9830	0	2986	0	0	586	22838	1584	29422	0	15446	504	18810	0	8898	0	706	0	8906	0	5350	574	7584	0	1626	0	2096	0	2000	7578	0	422	10070	0	144	0	198	0	0	0	3130	0	106	0	796	0	0	0	5140	0	0	0	5878	0	0	0	0	0	0	0	586	0	0	0	0	0	0	0	0	0	0	0	0	526	0	0	0	0	0	
149316	Paracentral_Lobule_L	15626	1374	282	336	0	0	0	172	0	0	0	0	0	0	0	0	136	0	10426	5106	0	0	0	0	0	0	0	0	134	0	0	0	7964	3138	2418	412	214	0	0	0	0	0	650	0	502	0	130	0	660	0	2558	0	308	0	158	0	5774	266	2638	0	2002	0	402	0	312	0	3522	422	0	762	320	412	0	0	264	0	1996	724	0	0	336	0	0	0	1004	128	0	0	548	122	0	0	0	0	0	0	0	0	0	0	0	0	0	0	0	0	0	0	0	0	0	0	0	0	0	0	
217040	Paracentral_Lobule_R	454	9908	188	836	0	0	0	474	0	0	0	0	0	0	0	0	0	592	426	19846	0	0	0	0	0	0	0	0	0	412	0	0	366	9550	110	4670	0	714	0	276	0	0	0	1570	0	3448	0	1422	0	5420	0	1818	0	92	0	1740	0	10414	0	554	0	620	0	1054	0	340	0	10070	762	0	0	640	0	0	0	0	0	814	0	188	0	1024	0	0	0	9410	0	0	0	8298	0	0	0	0	0	0	0	0	0	0	0	0	0	0	0	0	0	0	0	0	0	0	0	0	0	0	
279200	Caudate_L	2298	1300	14370	1924	1028	168	6072	446	0	0	88	4332	164	682	938	0	394	652	11208	2336	5844	6220	586	118	1070	272	1214	480	1796	1436	9950	3344	298	0	0	0	128	0	0	0	188	0	0	0	0	0	0	0	0	0	0	0	0	0	0	0	302	0	0	0	0	0	0	0	0	0	0	0	320	0	0	17554	22546	3850	5508	1732	5832	612	0	0	0	0	0	0	0	0	0	0	0	0	0	0	0	0	0	0	0	0	0	0	0	0	0	0	0	0	0	0	0	0	0	0	0	0	0	0	
434668	Caudate_R	1974	7842	7940	17374	0	1644	4442	1912	0	110	0	8224	108	1410	0	150	244	798	6878	19926	3172	7622	768	4002	126	2966	0	1184	518	7872	5040	24368	324	1238	756	1126	0	1052	0	288	0	0	0	0	0	0	0	0	0	0	0	0	0	0	0	0	282	1314	0	0	0	0	0	0	0	0	0	144	412	640	17554	0	6910	20128	3124	3974	1530	17924	0	0	0	0	0	0	0	0	0	0	0	0	0	0	0	0	0	0	0	0	0	0	0	0	0	0	0	0	0	0	0	0	0	0	0	0	0	0	
353960	Putamen_L	1986	1278	22978	350	4630	422	4792	258	1128	0	1420	1092	858	364	4220	0	2008	108	15540	720	4716	4946	1848	0	1664	578	1452	356	20734	150	11956	2176	328	0	0	0	6836	0	1898	0	320	0	0	0	0	0	0	0	0	0	0	0	0	0	1674	0	2210	0	0	0	1100	0	0	0	0	0	0	0	0	0	22546	6910	0	3196	8978	828	3128	208	0	0	438	0	448	0	0	0	0	0	986	0	88	0	0	0	0	0	0	0	132	0	0	0	0	0	0	0	0	0	0	0	0	0	0	0	0	0	
320280	Putamen_R	0	904	630	16492	0	3016	266	968	0	3988	0	5260	0	754	0	4644	0	3982	446	11006	2060	3626	394	6536	108	2836	0	1154	0	17176	3606	13864	0	0	0	342	0	7112	0	3700	0	716	0	122	0	0	0	304	0	0	0	0	0	0	0	2252	0	1032	0	0	0	0	0	112	0	0	0	198	0	0	3850	20128	3196	0	1292	4278	0	6612	0	0	0	312	0	190	0	212	0	0	0	464	0	0	0	0	0	0	0	0	0	0	0	0	0	0	0	0	0	0	0	0	0	0	0	0	0	0	
74600	Pallidum_L	0	330	4298	0	0	0	0	0	0	0	0	0	0	0	0	0	0	0	3658	254	1336	2818	0	0	0	0	0	174	0	0	354	374	356	0	0	0	652	0	0	0	0	0	0	0	0	0	0	0	0	0	0	0	0	0	0	0	0	0	0	0	106	0	0	0	0	0	0	0	264	0	5508	3124	8978	1292	0	776	2552	96	0	0	0	0	0	0	0	0	0	0	0	0	0	0	0	0	0	0	0	0	0	0	0	0	0	0	0	0	0	0	0	0	0	0	0	0	0	0	
39264	Pallidum_R	0	664	138	2052	0	0	0	556	0	0	0	390	0	0	0	0	0	126	126	1852	0	890	0	0	0	0	0	0	0	176	114	202	0	0	0	0	0	520	0	238	0	0	0	0	0	0	0	0	0	0	0	0	0	0	0	0	0	0	0	0	0	0	0	0	0	0	0	0	0	0	1732	3974	828	4278	776	0	0	0	0	0	0	0	0	0	0	0	0	0	0	0	0	0	0	0	0	0	0	0	0	0	0	0	0	0	0	0	0	0	0	0	0	0	0	0	0	0	
175600	Thalamus_L	19194	6094	1214	170	0	0	2212	166	0	0	358	0	0	0	0	0	354	0	2190	704	0	0	0	0	0	0	0	0	1484	0	0	0	260	0	5952	4976	5876	558	1290	0	90	0	0	0	0	0	396	0	0	0	0	0	0	0	698	0	3174	172	0	0	520	0	0	0	0	0	634	0	1996	0	5832	1530	3128	0	2552	0	0	12636	586	0	198	0	0	0	98	0	0	0	508	0	0	0	0	0	0	0	0	0	0	0	0	0	0	0	0	0	0	0	0	0	0	0	0	0	0	0	
262248	Thalamus_R	7140	17762	428	8500	0	0	1198	1682	0	0	0	262	0	0	0	0	0	2432	264	8358	0	96	0	0	0	0	0	0	142	4186	92	268	0	488	5078	10506	2604	7524	540	984	0	0	0	120	0	0	134	1518	0	0	0	0	0	0	218	562	368	2812	0	0	0	0	0	128	0	0	0	3130	724	814	612	17924	208	6612	96	0	12636	0	198	150	0	920	0	0	0	314	0	0	0	292	0	0	0	0	0	0	0	0	0	0	0	0	0	0	0	0	0	0	0	0	100	0	0	0	0	0	
41996	Heschl_L	500	306	0	0	0	0	0	0	0	0	0	0	0	0	0	0	2310	0	0	0	0	0	0	0	0	0	0	0	2686	0	0	0	0	0	346	170	1870	0	0	0	0	0	0	0	0	0	0	0	0	0	914	0	518	0	872	0	1254	0	0	0	400	0	120	0	0	0	138	0	0	0	0	0	0	0	0	0	586	198	0	0	2526	0	0	0	2650	0	0	0	2634	0	0	0	0	0	0	0	0	0	0	0	0	0	0	0	0	0	0	0	0	0	0	0	0	0	0	0	
26696	Heschl_R	0	226	0	192	0	0	0	0	0	0	0	0	0	0	0	0	0	2158	0	442	0	0	0	0	0	0	0	0	0	2270	0	0	0	0	0	166	0	552	0	0	0	0	0	0	0	0	0	0	0	0	0	0	0	0	0	148	0	234	0	0	0	0	0	0	0	0	0	106	0	188	0	0	0	0	0	0	0	150	0	0	0	4646	0	514	0	1056	0	0	0	300	0	0	0	0	0	0	0	0	0	0	0	0	0	0	0	0	0	0	0	0	0	0	0	0	0	0	
172984	Temporal_Sup_L	2012	152	492	0	0	0	562	0	0	0	1680	0	476	0	212	0	7106	0	176	0	0	0	0	0	0	0	0	0	4756	0	276	0	0	0	142	0	1366	0	312	0	0	0	0	0	0	0	0	0	0	0	256	0	0	0	1402	0	3440	0	0	0	2286	0	8420	0	3024	0	118	0	336	0	0	0	438	0	0	0	198	0	2526	0	0	0	4912	0	25402	0	0	0	14014	0	0	0	0	0	0	0	0	0	0	0	0	0	0	0	0	0	0	0	0	0	0	0	0	0	0	0	
136620	Temporal_Sup_R	0	526	0	212	0	0	0	0	0	0	0	0	0	0	0	0	0	3992	0	748	0	0	0	0	0	0	0	0	0	5348	0	0	0	210	0	484	0	4436	0	1544	0	0	0	264	0	0	0	266	0	530	0	156	0	0	0	5188	0	1170	0	0	0	888	0	5318	0	1914	0	796	0	1024	0	0	0	312	0	0	0	920	0	4646	0	0	0	2494	0	17822	0	1672	0	5084	0	116	0	0	0	0	0	86	0	144	0	0	0	0	0	0	0	0	0	0	0	0	0	0	0	0	
99260	Temporal_Pole_Sup_L	176	0	1000	0	670	0	742	0	1192	0	1622	0	1128	0	3922	0	1274	0	0	0	0	0	0	0	0	0	0	0	4194	0	358	0	0	0	0	0	884	0	936	0	676	0	0	0	0	0	0	0	0	0	0	0	0	0	3156	0	120	0	0	0	0	0	0	0	0	0	0	0	0	0	0	0	448	0	0	0	0	0	0	0	4912	0	0	0	8240	0	4306	0	9674	0	0	0	0	0	0	0	0	0	0	0	0	0	0	0	0	0	0	0	0	0	0	0	0	0	0	0	
59056	Temporal_Pole_Sup_R	0	0	0	0	0	0	0	0	0	0	0	190	0	0	0	0	0	586	0	0	0	0	0	0	0	0	0	0	0	612	0	0	0	0	0	0	0	1060	0	4998	0	3050	0	0	0	0	0	0	0	0	0	0	0	0	0	6624	0	0	0	0	0	0	0	0	0	0	0	0	0	0	0	0	0	190	0	0	0	0	0	514	0	2494	0	0	0	2432	0	3830	0	2948	0	0	0	0	0	0	0	0	0	0	0	0	0	0	0	0	0	0	0	0	0	0	0	0	0	0	
298700	Temporal_Mid_L	834	0	0	0	0	0	0	0	0	0	0	0	0	0	0	0	728	0	0	0	0	0	0	0	0	0	0	0	1188	0	0	0	0	0	1012	0	1524	0	0	0	0	0	2884	0	622	0	248	0	470	0	18250	0	6190	0	3010	0	760	0	1900	0	7492	0	9756	0	12528	0	5028	0	1004	0	0	0	0	0	0	0	98	0	2650	0	25402	0	8240	0	0	0	4718	0	32814	0	0	0	0	0	0	0	0	0	0	0	0	0	0	0	0	0	0	0	0	0	0	0	0	0	0	0	
328680	Temporal_Mid_R	0	3308	0	182	0	0	0	140	0	0	0	0	0	0	0	0	0	502	204	5664	0	0	0	0	0	0	0	0	0	1246	0	0	0	2596	0	1152	0	3672	0	1374	0	250	0	1408	0	2210	0	1124	0	5456	0	13144	0	1464	0	7684	0	7064	0	274	0	6542	0	11084	0	8166	0	5140	128	9410	0	0	0	212	0	0	0	314	0	1056	0	17822	0	2432	0	0	0	4964	0	36856	0	0	0	0	0	0	0	0	0	96	0	0	0	0	0	0	0	0	0	0	0	0	0	0	0	0	
33784	Temporal_Pole_Mid_L	0	0	0	0	0	0	0	0	0	0	0	0	0	0	0	0	0	0	0	0	0	0	0	0	0	0	0	0	92	0	0	0	0	0	0	0	100	0	604	0	182	0	0	0	0	0	0	0	0	0	0	0	0	0	2194	0	0	0	0	0	0	0	0	0	0	0	0	0	0	0	0	0	0	0	0	0	0	0	0	0	0	0	4306	0	4718	0	0	0	4696	0	0	0	0	0	0	0	0	0	0	0	0	0	0	0	0	0	0	0	0	0	0	0	0	0	0	0	
44884	Temporal_Pole_Mid_R	0	0	0	0	0	0	0	0	0	0	0	0	0	0	0	0	0	0	0	0	0	0	0	0	0	0	0	0	0	0	0	0	0	0	0	0	0	170	0	3166	0	1046	0	0	0	0	0	0	0	0	0	0	0	0	0	4228	0	0	0	0	0	0	0	0	0	0	0	0	0	0	0	0	0	0	0	0	0	0	0	0	0	1672	0	3830	0	4964	0	0	0	3366	0	0	0	0	0	0	0	0	0	0	0	0	0	0	0	0	0	0	0	0	0	0	0	0	0	0	
245420	Temporal_Inf_L	580	86	0	0	0	0	0	0	0	0	0	0	0	0	0	0	1044	0	0	0	0	0	0	0	0	0	0	0	3914	0	0	0	0	0	296	0	8666	0	1054	0	1298	0	920	0	302	0	248	0	0	0	5288	0	6062	0	16152	0	544	0	498	0	2762	0	1730	0	1344	0	1518	0	548	0	0	0	986	0	0	0	508	0	2634	0	14014	0	9674	0	32814	0	4696	0	0	0	1570	0	0	0	0	0	124	0	836	0	0	0	0	0	0	0	0	0	0	0	0	0	0	0	0	0	
300312	Temporal_Inf_R	0	3718	0	178	0	0	0	108	0	0	0	0	0	0	0	0	0	1188	194	5856	0	0	0	0	0	0	0	0	0	1796	0	0	0	1918	0	2612	0	7224	0	2966	0	496	0	3798	0	752	0	4456	0	3342	0	3984	0	2730	0	23742	0	4814	0	154	0	2482	0	4028	0	2612	0	5878	122	8298	0	0	0	464	0	0	0	292	0	300	0	5084	0	2948	0	36856	0	3366	0	0	0	1242	0	0	0	0	0	0	0	158	0	0	0	0	0	0	0	0	0	0	0	0	0	0	0	0	
435720	Cerebelum_Crus1_L	0	0	0	0	0	0	0	0	0	0	0	0	0	0	0	0	134	0	0	0	0	0	0	0	0	0	0	0	110	0	0	0	0	0	0	0	328	0	574	0	0	0	0	0	0	0	4500	3668	0	0	346	0	1014	0	18232	1276	0	0	0	0	0	0	0	0	0	0	0	0	0	0	0	0	88	0	0	0	0	0	0	0	0	0	0	0	0	0	0	0	1570	0	0	3932	29228	818	2630	290	23030	3058	52502	5372	11482	0	14384	940	6442	1060	1484	266	330	1940	9154	7186	7920	1324	1248	0	
450428	Cerebelum_Crus1_R	0	0	0	0	0	0	0	0	0	0	0	0	0	0	0	0	0	0	0	0	0	0	0	0	0	0	0	0	0	0	0	0	0	0	0	0	0	254	0	198	0	0	0	0	0	0	1732	7518	0	0	0	0	550	120	998	14938	0	0	0	0	0	0	0	0	0	0	0	0	0	0	0	0	0	0	0	0	0	0	0	0	0	116	0	0	0	0	0	0	0	1242	3932	0	1264	27862	954	6160	2646	23396	4500	56586	272	4578	480	17998	368	2914	0	612	1686	4570	12190	9796	9332	2326	2402	724	
362280	Cerebelum_Crus2_L	0	0	0	0	0	0	0	0	0	0	0	0	0	0	0	0	0	0	0	0	0	0	0	0	0	0	0	0	0	0	0	0	0	0	0	0	0	0	0	0	0	0	0	0	0	0	486	520	0	0	0	0	130	0	434	350	0	0	0	0	0	0	0	0	0	0	0	0	0	0	0	0	0	0	0	0	0	0	0	0	0	0	0	0	0	0	0	0	0	0	29228	1264	0	6376	890	216	1786	304	5690	1760	42598	2318	39706	4892	13854	3020	2142	948	170	712	648	1714	10996	4968	3020	0	
313000	Cerebelum_Crus2_R	0	0	0	0	0	0	0	0	0	0	0	0	0	0	0	0	0	0	0	0	0	0	0	0	0	0	0	0	0	0	0	0	0	0	0	0	0	0	0	0	0	0	0	0	0	0	0	0	0	0	0	0	0	0	0	520	0	0	0	0	0	0	0	0	0	0	0	0	0	0	0	0	0	0	0	0	0	0	0	0	0	0	0	0	0	0	0	0	0	0	818	27862	6376	0	456	1324	552	816	170	6634	3044	26514	4238	40686	1882	9936	270	1606	808	1334	1048	338	9080	5584	4414	190	
86644	Cerebelum_3_L	0	0	0	0	0	0	0	0	0	0	0	0	0	0	0	0	0	0	0	0	0	0	0	0	0	0	0	0	0	0	0	0	0	0	0	0	0	0	198	0	0	0	0	0	0	0	0	128	0	0	0	0	0	0	306	0	0	0	0	0	0	0	0	0	0	0	0	0	0	0	0	0	0	0	0	0	0	0	0	0	0	0	0	0	0	0	0	0	0	0	2630	954	890	456	0	260	12488	214	3600	1060	630	0	766	784	1662	534	390	0	2380	7824	2838	318	888	588	536	0	
115948	Cerebelum_3_R	0	0	0	0	0	0	0	0	0	0	0	0	0	0	0	0	0	0	0	0	0	0	0	0	0	0	0	0	0	0	0	0	0	0	0	0	0	0	0	0	0	0	0	0	0	0	0	180	0	0	0	0	0	0	0	846	0	0	0	0	0	0	0	0	0	0	0	0	0	0	0	0	0	0	0	0	0	0	0	0	0	0	0	0	0	0	0	0	0	0	290	6160	216	1324	260	0	576	9780	234	10728	0	160	392	2404	388	2320	0	126	3078	8924	3158	430	2014	1960	2026	0	
299440	Cerebelum_4_5_L	0	0	0	0	0	0	0	0	0	0	0	0	0	0	0	0	0	0	0	0	0	0	0	0	0	0	0	0	0	0	0	0	0	0	0	0	246	0	1126	0	0	0	226	0	0	0	7308	2302	0	0	142	0	396	0	13392	510	0	0	0	0	0	0	0	0	0	0	152	0	0	0	0	0	0	0	0	0	0	0	0	0	0	0	0	0	0	0	0	0	124	0	23030	2646	1786	552	12488	576	0	3360	35186	3100	1484	0	1830	962	3954	734	572	0	2052	7044	16174	2662	1162	858	970	614	
277384	Cerebelum_4_5_R	0	0	0	0	0	0	0	0	0	0	0	0	0	0	0	0	0	0	0	0	0	0	0	0	0	0	0	0	0	0	0	0	0	0	0	0	0	1262	0	2300	0	0	0	274	0	0	586	12148	0	0	0	0	0	0	1016	8690	0	0	0	0	0	0	0	0	0	0	0	586	0	0	0	0	0	0	0	0	0	0	0	0	0	86	0	0	0	0	0	0	0	0	3058	23396	304	816	214	9780	3360	0	4290	32804	104	90	262	1236	234	1370	0	0	476	3966	16898	4230	1200	1280	1314	1062	
418952	Cerebelum_6_L	0	0	0	0	0	0	0	0	0	0	0	0	0	0	0	0	0	0	0	0	0	0	0	0	0	0	0	0	134	0	0	0	0	0	0	0	480	0	806	0	0	0	284	0	102	0	11160	5708	92	0	486	0	1882	184	26486	2580	0	0	0	0	0	0	0	0	0	0	108	0	0	0	0	0	132	0	0	0	0	0	0	0	0	0	0	0	0	0	0	0	836	0	52502	4500	5690	170	3600	234	35186	4290	0	6676	4062	0	3698	354	3758	288	1084	0	268	2216	14110	10378	3884	546	522	0	
456452	Cerebelum_6_R	0	0	0	0	0	0	0	0	0	0	0	0	0	0	0	0	0	0	0	0	0	0	0	0	0	0	0	0	0	0	0	0	0	0	0	0	0	338	0	216	0	0	0	174	0	0	2268	12496	0	0	0	0	574	334	1318	18120	0	0	0	0	0	0	0	0	0	0	0	0	0	0	0	0	0	0	0	0	0	0	0	0	0	144	0	0	0	96	0	0	0	158	5372	56586	1760	6634	1060	10728	3100	32804	6676	0	394	308	448	5718	356	3392	0	1154	1970	6134	15804	14230	9762	3020	3466	1114	
276956	Cerebelum_7b_L	0	0	0	0	0	0	0	0	0	0	0	0	0	0	0	0	0	0	0	0	0	0	0	0	0	0	0	0	0	0	0	0	0	0	0	0	0	0	0	0	0	0	0	0	0	0	120	136	0	0	0	0	0	0	126	150	0	0	0	0	0	0	0	0	0	0	0	0	0	0	0	0	0	0	0	0	0	0	0	0	0	0	0	0	0	0	0	0	0	0	11482	272	42598	3044	630	0	1484	104	4062	394	0	2204	41298	3736	11314	1378	1734	380	0	420	396	414	4666	4528	1408	0	
159828	Cerebelum_7b_R	0	0	0	0	0	0	0	0	0	0	0	0	0	0	0	0	0	0	0	0	0	0	0	0	0	0	0	0	0	0	0	0	0	0	0	0	0	0	0	0	0	0	0	0	0	0	0	0	0	0	0	0	0	0	0	0	0	0	0	0	0	0	0	0	0	0	0	0	0	0	0	0	0	0	0	0	0	0	0	0	0	0	0	0	0	0	0	0	0	0	0	4578	2318	26514	0	160	0	90	0	308	2204	0	1836	27476	184	8856	0	0	110	164	130	0	2100	2292	504	90	
370400	Cerebelum_8_L	0	0	0	0	0	0	0	0	0	0	0	0	0	0	0	0	0	0	0	0	0	0	0	0	0	0	0	0	0	0	0	0	0	0	0	0	0	0	0	0	0	0	0	0	0	0	0	118	0	0	0	0	0	0	0	0	0	0	0	0	0	0	0	0	0	0	0	0	0	0	0	0	0	0	0	0	0	0	0	0	0	0	0	0	0	0	0	0	0	0	14384	480	39706	4238	766	392	1830	262	3698	448	41298	1836	0	8100	27468	5984	4796	1260	244	648	626	274	8418	11082	6552	292	
373632	Cerebelum_8_R	0	0	0	0	0	0	0	0	0	0	0	0	0	0	0	0	0	0	0	0	0	0	0	0	0	0	0	0	0	0	0	0	0	0	0	0	0	0	0	0	0	0	0	0	0	0	0	164	0	0	0	0	0	0	0	612	0	0	0	0	0	0	0	0	0	0	0	0	0	0	0	0	0	0	0	0	0	0	0	0	0	0	0	0	0	0	0	0	0	0	940	17998	4892	40686	784	2404	962	1236	354	5718	3736	27476	8100	0	4386	27758	478	3022	1534	2444	1964	792	8622	10782	8512	460	
221568	Cerebelum_9_L	0	0	0	0	0	0	0	0	0	0	0	0	0	0	0	0	0	0	0	0	0	0	0	0	0	0	0	0	0	0	0	0	0	0	0	0	0	0	0	0	0	0	0	0	0	0	0	100	0	0	0	0	0	0	144	0	0	0	0	0	0	0	0	0	0	0	0	0	0	0	0	0	0	0	0	0	0	0	0	0	0	0	0	0	0	0	0	0	0	0	6442	368	13854	1882	1662	388	3954	234	3758	356	11314	184	27468	4386	0	4950	6218	940	314	934	1334	860	5992	6530	5696	522	
236552	Cerebelum_9_R	0	0	0	0	0	0	0	0	0	0	0	0	0	0	0	0	0	0	0	0	0	0	0	0	0	0	0	0	0	0	0	0	0	0	0	0	0	0	0	0	0	0	0	0	0	0	0	390	0	0	0	0	0	0	0	220	0	0	0	0	0	0	0	0	0	0	0	0	0	0	0	0	0	0	0	0	0	0	0	0	0	0	0	0	0	0	0	0	0	0	1060	2914	3020	9936	534	2320	734	1370	288	3392	1378	8856	5984	27758	4950	0	642	3530	1754	2592	1892	1462	7694	10176	11654	1776	
44100	Cerebelum_10_L	0	0	0	0	0	0	0	0	0	0	0	0	0	0	0	0	0	0	0	0	0	0	0	0	0	0	0	0	0	0	0	0	0	0	0	0	0	0	0	0	0	0	0	0	0	0	0	0	0	0	0	0	0	0	0	0	0	0	0	0	0	0	0	0	0	0	0	0	0	0	0	0	0	0	0	0	0	0	0	0	0	0	0	0	0	0	0	0	0	0	1484	0	2142	270	390	0	572	0	1084	0	1734	0	4796	478	6218	642	0	160	0	132	0	0	1114	422	412	0	
44684	Cerebelum_10_R	0	0	0	0	0	0	0	0	0	0	0	0	0	0	0	0	0	0	0	0	0	0	0	0	0	0	0	0	0	0	0	0	0	0	0	0	0	0	0	0	0	0	0	0	0	0	0	0	0	0	0	0	0	0	0	136	0	0	0	0	0	0	0	0	0	0	0	0	0	0	0	0	0	0	0	0	0	0	0	0	0	0	0	0	0	0	0	0	0	0	266	612	948	1606	0	126	0	0	0	1154	380	0	1260	3022	940	3530	160	0	0	126	0	0	2430	2612	3034	0	
68948	Vermis_1_2	0	0	0	0	0	0	0	0	0	0	0	0	0	0	0	0	0	0	0	0	0	0	0	0	0	0	0	0	0	0	0	0	0	0	0	0	0	0	0	0	0	0	0	0	0	0	0	126	0	0	0	0	0	0	0	130	0	0	0	0	0	0	0	0	0	0	0	0	0	0	0	0	0	0	0	0	0	0	0	0	0	0	0	0	0	0	0	0	0	0	330	1686	170	808	2380	3078	2052	476	268	1970	0	110	244	1534	314	1754	0	0	0	9424	3252	506	1228	1306	1328	0	
151020	Vermis_3	0	0	0	0	0	0	0	0	0	0	0	0	0	0	0	0	0	0	0	0	0	0	0	0	0	0	0	0	0	0	0	0	0	0	0	0	0	0	190	0	0	0	0	0	0	0	0	232	0	0	0	0	0	0	140	452	0	0	0	0	0	0	0	0	0	0	0	0	0	0	0	0	0	0	0	0	0	0	0	0	0	0	0	0	0	0	0	0	0	0	1940	4570	712	1334	7824	8924	7044	3966	2216	6134	420	164	648	2444	934	2592	132	126	9424	0	5420	726	2290	2228	2284	0	
287028	Vermis_4_5	0	0	0	0	0	0	0	0	0	0	0	0	0	0	0	0	0	0	0	0	0	0	0	0	0	0	0	0	0	0	0	0	0	0	0	136	0	166	0	276	0	0	154	406	0	306	3190	8654	0	0	100	0	310	0	3744	3210	0	0	0	0	0	0	0	0	0	0	0	526	0	0	0	0	0	0	0	0	0	100	0	0	0	0	0	0	0	0	0	0	0	0	9154	12190	648	1048	2838	3158	16174	16898	14110	15804	396	130	626	1964	1334	1892	0	0	3252	5420	0	7014	2122	1926	2282	1856	
194092	Vermis_6	0	0	0	0	0	0	0	0	0	0	0	0	0	0	0	0	0	0	0	0	0	0	0	0	0	0	0	0	0	0	0	0	0	0	0	0	0	0	0	0	0	0	0	0	0	0	3756	8616	0	0	148	0	962	266	2136	5990	0	0	0	0	0	0	0	0	0	0	0	0	0	0	0	0	0	0	0	0	0	0	0	0	0	0	0	0	0	0	0	0	0	0	7186	9796	1714	338	318	430	2662	4230	10378	14230	414	0	274	792	860	1462	0	0	506	726	7014	0	5928	1416	2120	2378	
