data	data	750860	187020	913628	762940	131132	129880	457700	144380	63612	32188	332748	163584	331320	173512	247448	120508	415296	101696	782464	1.25002e+06	97576	131784	317840	321192	31476	130548	85420	105352	666660	249760	281768	448576	204184	606040	197208	257892	307352	413004	99412	161252	35140	41748	293004	426976	192580	351192	244392	311980	234632	247864	716416	241684	184920	180088	329140	516676	526868	262816	266040	90768	271216	72108	141828	112360	308768	89840	335132	495400	456696	506044	446288	465140	434848	331548	72572	27096	192644	339188	154444	13220	230600	76952	85752	55088	422468	222272	37440	29728	368172	276808	559012	534088	474060	369960	24004	64416	307128	294300	476628	472008	329012	136588	434732	379140	204848	188264	32664	6024	33164	81284	293320	254988	312876	231060	168656	67436	
data	data	Precentral_L	Precentral_R	Frontal_Sup_L	Frontal_Sup_R	Frontal_Sup_Orb_L	Frontal_Sup_Orb_R	Frontal_Mid_L	Frontal_Mid_R	Frontal_Mid_Orb_L	Frontal_Mid_Orb_R	Frontal_Inf_Oper_L	Frontal_Inf_Oper_R	Frontal_Inf_Tri_L	Frontal_Inf_Tri_R	Frontal_Inf_Orb_L	Frontal_Inf_Orb_R	Rolandic_Oper_L	Rolandic_Oper_R	Supp_Motor_Area_L	Supp_Motor_Area_R	Olfactory_L	Olfactory_R	Frontal_Sup_Medial_L	Frontal_Sup_Medial_R	Frontal_Med_Orb_L	Frontal_Med_Orb_R	Rectus_L	Rectus_R	Insula_L	Insula_R	Cingulum_Ant_L	Cingulum_Ant_R	Cingulum_Mid_L	Cingulum_Mid_R	Cingulum_Post_L	Cingulum_Post_R	Hippocampus_L	Hippocampus_R	ParaHippocampal_L	ParaHippocampal_R	Amygdala_L	Amygdala_R	Calcarine_L	Calcarine_R	Cuneus_L	Cuneus_R	Lingual_L	Lingual_R	Occipital_Sup_L	Occipital_Sup_R	Occipital_Mid_L	Occipital_Mid_R	Occipital_Inf_L	Occipital_Inf_R	Fusiform_L	Fusiform_R	Postcentral_L	Postcentral_R	Parietal_Sup_L	Parietal_Sup_R	Parietal_Inf_L	Parietal_Inf_R	SupraMarginal_L	SupraMarginal_R	Angular_L	Angular_R	Precuneus_L	Precuneus_R	Paracentral_Lobule_L	Paracentral_Lobule_R	Caudate_L	Caudate_R	Putamen_L	Putamen_R	Pallidum_L	Pallidum_R	Thalamus_L	Thalamus_R	Heschl_L	Heschl_R	Temporal_Sup_L	Temporal_Sup_R	Temporal_Pole_Sup_L	Temporal_Pole_Sup_R	Temporal_Mid_L	Temporal_Mid_R	Temporal_Pole_Mid_L	Temporal_Pole_Mid_R	Temporal_Inf_L	Temporal_Inf_R	Cerebelum_Crus1_L	Cerebelum_Crus1_R	Cerebelum_Crus2_L	Cerebelum_Crus2_R	Cerebelum_3_L	Cerebelum_3_R	Cerebelum_4_5_L	Cerebelum_4_5_R	Cerebelum_6_L	Cerebelum_6_R	Cerebelum_7b_L	Cerebelum_7b_R	Cerebelum_8_L	Cerebelum_8_R	Cerebelum_9_L	Cerebelum_9_R	Cerebelum_10_L	Cerebelum_10_R	Vermis_1_2	Vermis_3	Vermis_4_5	Vermis_6	Vermis_7	Vermis_8	Vermis_9	Vermis_10	
750860	Precentral_L	0	120	27538	1232	0	0	22792	0	0	0	24958	0	1934	0	0	0	28928	0	16528	9594	0	0	0	0	0	0	0	0	22344	120	120	224	664	6434	4258	4108	10460	2648	216	0	0	0	1512	0	0	0	0	0	0	0	10206	0	1868	0	818	298	40660	0	1774	0	9136	0	5686	0	10630	0	2190	134	27010	4384	3522	1832	11296	0	4242	0	9958	5592	14096	0	5970	0	0	0	10594	0	0	0	6686	0	0	0	0	0	0	0	0	0	0	0	0	0	0	0	0	0	0	0	0	0	116	0	0	0	0	0	
187020	Precentral_R	120	0	912	7928	0	0	0	5808	0	0	0	3372	0	256	0	0	0	934	1820	8006	0	0	0	0	0	0	0	0	0	1796	0	0	0	1260	556	1528	342	6382	288	1146	0	0	0	1160	0	208	0	102	0	186	0	394	0	1074	100	4888	0	18624	0	0	0	472	0	3098	0	1324	0	1846	0	6252	100	506	108	1940	0	0	136	2536	0	0	0	1060	0	0	0	622	0	0	0	4320	0	0	0	0	0	0	0	0	0	0	0	0	0	0	0	0	0	0	0	0	0	0	0	0	0	0	
913628	Frontal_Sup_L	27538	912	0	9236	4100	0	57180	256	970	0	18618	252	24580	190	7890	136	22182	0	83242	23748	0	0	42068	2378	1170	488	396	0	26590	286	12570	5898	6824	9808	284	530	2874	368	0	0	0	0	0	0	0	0	0	0	0	0	0	0	0	0	344	148	10140	0	0	0	0	0	1006	0	0	0	0	0	1200	340	12402	3512	22148	1198	2860	0	582	322	2446	0	3178	0	336	0	486	0	0	0	604	0	0	0	0	0	0	0	0	0	0	0	0	0	0	0	0	0	0	0	0	0	0	0	0	0	0	0	
762940	Frontal_Sup_R	1232	7928	9236	0	0	3900	718	21940	0	768	1010	15958	1162	15360	448	5754	1336	6998	24284	94784	0	684	6462	36724	0	1802	0	1084	3140	12200	3738	27328	704	16742	818	1494	796	5066	588	1346	0	168	0	96	0	0	0	108	0	0	100	0	0	108	170	1458	180	760	0	0	0	0	0	246	0	0	0	976	1894	302	5876	9614	1514	13290	164	1234	308	8064	0	0	184	114	0	486	0	0	0	0	0	354	0	0	0	0	0	0	0	0	0	0	0	0	0	0	0	0	0	0	0	0	170	0	0	0	0	0	
131132	Frontal_Sup_Orb_L	0	0	4100	0	0	216	276	0	8810	0	0	0	190	0	9330	0	0	0	0	0	3390	1656	3230	0	2948	1044	11542	808	2588	0	6652	1164	0	0	0	0	0	0	0	0	292	0	0	0	0	0	0	0	0	0	0	0	0	0	0	0	0	0	0	0	0	0	0	0	0	0	0	0	0	0	2938	486	3310	368	0	0	0	0	0	0	0	0	228	0	0	0	0	0	0	0	0	0	0	0	0	0	0	0	0	0	0	0	0	0	0	0	0	0	0	0	0	0	0	0	0	0	
129880	Frontal_Sup_Orb_R	0	0	0	3900	216	0	0	610	0	5248	0	0	0	276	216	8118	0	0	0	880	898	4794	404	3580	0	8988	206	12078	266	1550	730	3196	0	120	0	0	0	0	0	0	0	0	0	0	0	0	0	0	0	0	0	0	0	0	0	0	0	0	0	0	0	0	0	0	0	0	0	0	0	0	886	3744	498	3538	0	0	0	0	0	0	0	0	0	0	0	0	0	0	0	0	0	0	0	0	0	0	0	0	0	0	0	0	0	0	0	0	0	0	0	0	0	0	0	0	0	0	
457700	Frontal_Mid_L	22792	0	57180	718	276	0	0	0	1592	0	12592	0	33346	0	13134	0	10144	0	8870	1254	0	0	19206	822	0	0	0	0	11674	0	6350	554	3216	1162	342	376	2108	230	0	0	0	0	0	0	0	0	0	0	0	0	366	0	0	0	0	0	3398	0	0	0	228	0	172	0	728	0	0	0	486	228	1674	96	8288	0	2014	0	462	352	1378	0	268	0	0	0	488	0	0	0	286	0	0	0	0	0	0	0	0	0	0	0	0	0	0	0	0	0	0	0	0	0	0	0	0	0	0	0	
144380	Frontal_Mid_R	0	5808	256	21940	0	610	0	0	0	582	0	4964	0	14362	0	2860	0	0	2928	8910	0	0	378	4314	0	0	0	0	0	942	108	702	0	1696	0	0	0	0	0	0	0	0	0	0	0	0	0	0	0	0	0	0	0	0	0	0	0	302	0	0	0	0	0	134	0	0	0	0	0	0	0	0	0	288	0	0	0	106	0	0	0	0	0	0	0	0	0	0	0	0	0	0	0	0	0	0	0	0	0	0	0	0	0	0	0	0	0	0	0	0	0	0	0	0	0	0	
63612	Frontal_Mid_Orb_L	0	0	970	0	8810	0	1592	0	0	0	0	0	468	0	11842	0	0	0	0	0	594	348	0	0	0	118	3798	134	322	0	654	410	0	0	0	0	0	0	0	0	0	0	0	0	0	0	0	0	0	0	0	0	0	0	0	0	0	0	0	0	0	0	0	0	0	0	0	0	0	0	512	166	920	148	0	0	0	0	0	0	0	0	0	0	0	0	0	0	0	0	0	0	0	0	0	0	0	0	0	0	0	0	0	0	0	0	0	0	0	0	0	0	0	0	0	0	
32188	Frontal_Mid_Orb_R	0	0	0	768	0	5248	0	582	0	0	0	0	0	274	0	5692	0	0	0	320	0	404	0	430	0	264	0	716	0	444	0	450	0	0	0	0	0	0	0	0	0	0	0	0	0	0	0	0	0	0	0	0	0	0	0	0	0	0	0	0	0	0	0	0	0	0	0	0	0	0	0	294	0	208	0	0	0	0	0	0	0	0	0	0	0	0	0	0	0	0	0	0	0	0	0	0	0	0	0	0	0	0	0	0	0	0	0	0	0	0	0	0	0	0	0	0	
332748	Frontal_Inf_Oper_L	24958	0	18618	1010	0	0	12592	0	0	0	0	0	11632	0	142	0	27580	0	13960	1204	0	0	912	202	0	132	0	0	18430	0	0	618	0	382	0	0	396	0	0	0	0	0	0	0	0	0	0	0	0	0	740	0	140	0	128	0	10094	0	0	0	1134	0	726	0	1872	0	0	0	200	0	2986	618	3884	136	1484	0	0	0	1654	0	4012	0	1632	0	1738	0	0	0	428	0	0	0	0	0	0	0	0	0	0	0	0	0	0	0	0	0	0	0	0	0	0	0	0	0	0	0	
163584	Frontal_Inf_Oper_R	0	3372	252	15958	0	0	0	4964	0	0	0	0	0	10496	0	308	160	5086	760	13844	0	0	0	632	0	0	0	0	308	11686	670	1372	0	158	0	0	0	1412	0	634	0	0	0	0	0	0	0	0	0	0	0	0	0	0	0	818	0	552	0	0	0	0	0	218	0	0	0	0	0	0	580	922	226	4508	0	124	0	306	0	0	0	104	0	954	0	0	0	0	0	408	0	0	0	0	0	0	0	0	0	0	0	0	0	0	0	0	0	0	0	0	0	0	0	0	0	0	
331320	Frontal_Inf_Tri_L	1934	0	24580	1162	190	0	33346	0	468	0	11632	0	0	0	25434	0	2684	0	13564	1628	0	0	6122	0	0	0	0	0	25130	0	3408	1118	2730	1126	0	0	0	0	0	0	0	0	0	0	0	0	0	0	0	0	0	0	0	0	0	0	276	0	0	0	0	0	0	0	0	0	0	0	110	166	1524	262	5902	0	0	0	0	0	0	0	302	0	862	0	0	0	0	0	0	0	0	0	0	0	0	0	0	0	0	0	0	0	0	0	0	0	0	0	0	0	0	0	0	0	0	0	
173512	Frontal_Inf_Tri_R	0	256	190	15360	0	276	0	14362	0	274	0	10496	0	0	0	7670	0	338	2470	10110	0	0	0	3658	0	0	0	0	136	12332	1086	4792	0	636	0	0	0	98	0	0	0	0	0	0	0	0	0	0	0	0	0	0	0	0	0	0	0	0	0	0	0	0	0	0	0	0	0	0	0	0	624	0	114	1478	0	0	0	0	0	0	0	0	0	0	0	0	0	0	0	0	0	0	0	0	0	0	0	0	0	0	0	0	0	0	0	0	0	0	0	0	0	0	0	0	0	0	
247448	Frontal_Inf_Orb_L	0	0	7890	448	9330	216	13134	0	11842	0	142	0	25434	0	0	0	0	0	2460	682	3250	1334	3084	0	0	614	5082	786	16538	0	4144	1294	1292	516	0	0	0	0	0	0	348	0	0	0	0	0	0	0	0	0	0	0	0	0	0	0	0	0	0	0	0	0	0	0	0	0	0	0	0	0	3078	522	9088	292	0	0	0	0	0	0	0	0	884	0	0	0	0	0	0	0	0	0	0	0	0	0	0	0	0	0	0	0	0	0	0	0	0	0	0	0	0	0	0	0	0	0	
120508	Frontal_Inf_Orb_R	0	0	136	5754	0	8118	0	2860	0	5692	0	308	0	7670	0	0	0	0	1216	3252	150	1736	0	3332	0	696	0	2368	0	8658	162	3820	0	312	0	0	0	0	0	0	0	0	0	0	0	0	0	0	0	0	0	0	0	0	0	160	0	0	0	0	0	0	0	0	0	0	0	0	0	0	234	944	100	2338	0	0	0	0	0	0	0	0	0	238	0	0	0	0	0	0	0	0	0	0	0	0	0	0	0	0	0	0	0	0	0	0	0	0	0	0	0	0	0	0	0	0	
415296	Rolandic_Oper_L	28928	0	22182	1336	0	0	10144	0	0	0	27580	160	2684	0	0	0	0	0	18084	2204	0	0	104	204	0	138	0	0	26514	0	0	690	0	540	0	0	594	0	0	0	0	0	0	0	0	0	0	0	0	0	1586	0	340	0	314	0	18722	0	476	0	1210	0	5508	0	2612	0	124	0	478	146	4890	1094	2744	408	808	0	516	0	5076	0	10482	0	1400	0	4336	0	0	0	2292	0	0	0	0	0	0	0	0	0	0	0	0	0	0	0	0	0	0	0	0	0	0	0	0	0	0	0	
101696	Rolandic_Oper_R	0	934	0	6998	0	0	0	0	0	0	0	5086	0	338	0	0	0	0	132	9044	0	0	0	102	0	0	0	0	108	11368	0	334	0	0	0	0	0	412	0	0	0	0	0	212	0	0	0	0	0	0	0	240	0	96	0	324	0	2186	0	0	0	138	0	2260	0	172	0	636	0	0	206	802	100	2754	0	494	0	588	0	1660	0	1334	0	966	0	598	0	0	0	226	0	0	0	0	0	0	0	0	0	0	0	0	0	0	0	0	0	0	0	0	0	0	0	0	0	0	
782464	Supp_Motor_Area_L	16528	1820	83242	24284	0	0	8870	2928	0	0	13960	760	13564	2470	2460	1216	18084	132	0	53668	0	0	6450	4018	0	108	0	0	23158	1502	2914	10624	10752	23536	612	776	774	780	0	128	0	0	0	0	0	0	0	0	0	0	0	0	0	0	358	164	8172	108	0	0	0	0	1002	0	0	0	0	154	12826	3440	9310	4116	9610	2978	0	210	1062	1122	1994	0	3092	0	334	0	490	0	0	0	572	0	0	0	0	0	0	0	0	0	0	0	0	0	0	0	0	0	0	0	0	0	0	0	0	0	0	0	
1.25002e+06	Supp_Motor_Area_R	9594	8006	23748	94784	0	880	1254	8910	0	320	1204	13844	1628	10110	682	3252	2204	9044	53668	0	0	0	2040	20286	0	1134	0	0	4792	11864	4154	22708	7520	68118	5264	12828	2862	10938	518	810	0	0	0	2660	0	376	160	790	0	244	98	704	0	1838	264	3288	584	5348	0	0	0	590	102	934	0	0	322	4514	20792	60174	12984	32742	3642	11638	506	3254	4952	26282	498	292	256	376	0	468	100	1160	0	0	388	2564	0	0	0	0	0	0	0	0	0	0	0	0	0	0	0	0	0	0	0	0	160	0	0	0	0	0	
97576	Olfactory_L	0	0	0	0	3390	898	0	0	594	0	0	0	0	0	3250	150	0	0	0	0	0	6256	0	0	412	1458	3448	1918	2992	0	4112	2304	0	0	0	0	0	0	0	0	690	0	0	0	0	0	0	0	0	0	0	0	0	0	0	0	0	0	0	0	0	0	0	0	0	0	0	0	0	0	8358	3210	3724	1416	100	0	108	0	0	0	0	0	0	0	0	0	0	0	0	0	0	0	0	0	0	0	0	0	0	0	0	0	0	0	0	0	0	0	0	0	0	0	0	0	0	0	
131784	Olfactory_R	0	0	0	684	1656	4794	0	0	348	404	0	0	0	0	1334	1736	0	0	0	0	6256	0	0	190	130	3312	1886	6946	772	1420	3774	3544	0	0	0	0	0	0	0	0	296	268	0	0	0	0	0	0	0	0	0	0	0	0	0	0	0	0	0	0	0	0	0	0	0	0	0	0	0	0	9256	8846	5534	2046	358	0	102	0	0	0	0	0	0	0	0	0	0	0	0	0	0	0	0	0	0	0	0	0	0	0	0	0	0	0	0	0	0	0	0	0	0	0	0	0	0	0	
317840	Frontal_Sup_Medial_L	0	0	42068	6462	3230	404	19206	378	0	0	912	0	6122	0	3084	0	104	0	6450	2040	0	0	0	13944	2846	1686	294	0	2872	0	20648	8080	6704	6356	0	0	0	0	0	0	0	0	0	0	0	0	0	0	0	0	0	0	0	0	0	0	0	0	0	0	0	0	0	0	0	0	0	0	0	0	1152	548	3182	148	0	0	0	0	0	0	0	0	0	0	0	0	0	0	0	0	0	0	0	0	0	0	0	0	0	0	0	0	0	0	0	0	0	0	0	0	0	0	0	0	0	0	
321192	Frontal_Sup_Medial_R	0	0	2378	36724	0	3580	822	4314	0	430	202	632	0	3658	0	3332	204	102	4018	20286	0	190	13944	0	0	5948	0	628	706	2064	3232	25888	96	15582	0	0	0	0	0	0	0	0	0	0	0	0	0	0	0	0	0	0	0	0	0	0	0	0	0	0	0	0	0	0	0	0	0	0	0	0	952	4164	302	6218	0	0	0	0	0	0	0	0	0	0	0	0	0	0	0	0	0	0	0	0	0	0	0	0	0	0	0	0	0	0	0	0	0	0	0	0	0	0	0	0	0	0	
31476	Frontal_Med_Orb_L	0	0	1170	0	2948	0	0	0	0	0	0	0	0	0	0	0	0	0	0	0	412	130	2846	0	0	1678	778	174	0	0	4708	0	0	0	0	0	0	0	0	0	0	0	0	0	0	0	0	0	0	0	0	0	0	0	0	0	0	0	0	0	0	0	0	0	0	0	0	0	0	0	632	0	262	0	0	0	0	0	0	0	0	0	0	0	0	0	0	0	0	0	0	0	0	0	0	0	0	0	0	0	0	0	0	0	0	0	0	0	0	0	0	0	0	0	0	0	
130548	Frontal_Med_Orb_R	0	0	488	1802	1044	8988	0	0	118	264	132	0	0	0	614	696	138	0	108	1134	1458	3312	1686	5948	1678	0	800	10610	492	128	3504	7272	0	0	0	0	0	0	0	0	0	0	0	0	0	0	0	0	0	0	0	0	0	0	0	0	0	0	0	0	0	0	0	0	0	0	0	0	0	0	1842	4536	606	5876	0	0	0	0	0	0	0	0	0	0	0	0	0	0	0	0	0	0	0	0	0	0	0	0	0	0	0	0	0	0	0	0	0	0	0	0	0	0	0	0	0	0	
85420	Rectus_L	0	0	396	0	11542	206	0	0	3798	0	0	0	0	0	5082	0	0	0	0	0	3448	1886	294	0	778	800	0	902	1804	0	4616	1304	0	0	0	0	0	0	0	0	218	0	0	0	0	0	0	0	0	0	0	0	0	0	0	0	0	0	0	0	0	0	0	0	0	0	0	0	0	0	3276	544	1274	414	0	0	0	0	0	0	0	0	128	0	0	0	0	0	0	0	0	0	0	0	0	0	0	0	0	0	0	0	0	0	0	0	0	0	0	0	0	0	0	0	0	0	
105352	Rectus_R	0	0	0	1084	808	12078	0	0	134	716	0	0	0	0	786	2368	0	0	0	0	1918	6946	0	628	174	10610	902	0	410	700	1664	2576	0	0	0	0	0	0	0	0	0	0	0	0	0	0	0	0	0	0	0	0	0	0	0	0	0	0	0	0	0	0	0	0	0	0	0	0	0	0	1810	3422	834	2108	0	0	0	0	0	0	0	0	0	0	0	0	0	0	0	0	0	0	0	0	0	0	0	0	0	0	0	0	0	0	0	0	0	0	0	0	0	0	0	0	0	0	
666660	Insula_L	22344	0	26590	3140	2588	266	11674	0	322	0	18430	308	25130	136	16538	0	26514	108	23158	4792	2992	772	2872	706	0	492	1804	410	0	242	2524	3150	2008	1964	910	970	10250	696	1456	0	1056	0	836	0	0	0	0	0	0	0	4232	0	1392	0	4818	136	7374	0	902	0	1496	0	1112	0	2346	0	1012	0	946	996	9376	2524	23562	582	362	0	1014	870	15642	0	10410	0	5454	0	8240	0	120	0	10264	0	0	0	0	0	0	0	0	0	0	0	0	0	0	0	0	0	0	0	0	0	0	0	0	0	0	0	
249760	Insula_R	120	1796	286	12200	0	1550	0	942	0	444	0	11686	0	12332	0	8658	0	11368	1502	11864	0	1420	0	2064	0	128	0	700	242	0	952	3842	0	220	328	700	310	6106	200	1526	0	286	0	0	0	0	0	384	0	0	0	0	0	116	0	3626	0	1098	0	0	0	0	0	0	0	0	0	622	0	0	1000	1218	264	13758	0	328	0	1554	0	760	0	1398	0	2886	0	260	0	230	0	1498	0	0	0	0	0	0	0	0	0	0	0	0	0	0	0	0	0	0	0	0	108	0	0	0	0	0	
281768	Cingulum_Ant_L	120	0	12570	3738	6652	730	6350	108	654	0	0	670	3408	1086	4144	162	0	0	2914	4154	4112	3774	20648	3232	4708	3504	4616	1664	2524	952	0	13974	4580	3200	0	0	0	0	0	0	0	0	0	0	0	0	0	0	0	0	0	0	0	0	0	0	0	0	0	0	0	0	0	0	0	0	0	0	114	150	7896	5558	6038	1896	0	0	0	284	0	0	0	0	0	0	0	0	0	0	0	0	0	0	0	0	0	0	0	0	0	0	0	0	0	0	0	0	0	0	0	0	0	0	0	0	0	0	
448576	Cingulum_Ant_R	224	0	5898	27328	1164	3196	554	702	410	450	618	1372	1118	4792	1294	3820	690	334	10624	22708	2304	3544	8080	25888	0	7272	1304	2576	3150	3842	13974	0	1970	20936	0	808	0	0	0	0	0	0	0	0	0	0	0	0	0	0	0	0	0	0	0	0	0	0	0	0	0	0	0	0	0	0	0	0	158	326	6206	19200	2210	12596	0	0	0	408	0	0	108	0	0	132	0	0	0	0	0	0	0	0	0	0	0	0	0	0	0	0	0	0	0	0	0	0	0	0	0	0	0	0	0	0	0	0	
204184	Cingulum_Mid_L	664	0	6824	704	0	0	3216	0	0	0	0	0	2730	0	1292	0	0	0	10752	7520	0	0	6704	96	0	0	0	0	2008	0	4580	1970	0	8800	3888	684	0	0	0	0	0	0	1720	0	2870	0	132	0	576	0	8864	0	302	0	0	0	2708	0	272	0	726	0	0	0	0	0	4748	628	11890	1078	618	230	1262	0	0	0	0	0	0	0	0	0	0	0	880	0	0	0	156	0	0	0	0	0	0	0	0	0	0	0	0	0	0	0	0	0	0	0	0	0	0	0	0	0	0	0	
606040	Cingulum_Mid_R	6434	1260	9808	16742	0	120	1162	1696	0	0	382	158	1126	636	516	312	540	0	23536	68118	0	0	6356	15582	0	0	0	0	1964	220	3200	20936	8800	0	2678	13468	652	1234	0	116	0	0	0	2430	0	1054	108	1044	0	0	0	248	0	974	0	844	0	586	0	0	0	0	0	0	0	0	1018	8630	15674	33852	3810	9292	718	164	302	318	3498	9460	0	0	0	0	0	0	0	188	0	0	0	710	0	0	0	0	0	0	0	0	0	0	0	0	0	0	0	0	0	0	0	0	346	0	0	0	0	0	
197208	Cingulum_Post_L	4258	556	284	818	0	0	342	0	0	0	0	0	0	0	0	0	0	0	612	5264	0	0	0	0	0	0	0	0	910	328	0	0	3888	2678	0	13342	9004	6776	3766	688	0	0	3372	0	1426	0	2718	294	136	0	698	0	128	0	1600	886	582	0	0	0	280	0	0	0	260	0	5456	2196	4936	4618	0	158	0	400	0	0	4006	8348	1046	0	0	0	0	0	326	0	0	0	836	0	0	0	0	0	0	0	0	0	0	0	0	0	0	0	0	0	0	0	0	0	384	0	0	0	0	0	
257892	Cingulum_Post_R	4108	1528	530	1494	0	0	376	0	0	0	0	0	0	0	0	0	0	0	776	12828	0	0	0	0	0	0	0	0	970	700	0	808	684	13468	13342	0	6866	10810	2230	1932	0	0	0	1456	0	378	0	4294	0	0	0	0	0	0	834	1836	134	322	0	0	0	0	0	0	0	0	1120	13078	2166	11020	0	194	0	694	0	0	4866	9232	1074	0	0	0	0	0	0	0	0	0	828	396	0	0	0	0	0	0	0	342	0	0	0	0	0	0	0	0	0	0	0	0	1232	0	0	0	0	0	
307352	Hippocampus_L	10460	342	2874	796	0	0	2108	0	0	0	396	0	0	0	0	0	594	0	774	2862	0	0	0	0	0	0	0	0	10250	310	0	0	0	652	9004	6866	0	5430	12690	468	5860	0	2090	0	0	0	2310	480	0	0	0	0	236	0	16848	540	324	0	0	0	0	0	0	0	282	0	3442	1304	1414	2372	684	112	10256	372	816	0	6278	6692	2498	0	1820	0	1052	0	1486	0	288	0	16564	0	0	0	0	0	0	0	0	0	0	0	0	0	0	0	0	0	0	0	0	96	284	0	0	0	0	0	
413004	Hippocampus_R	2648	6382	368	5066	0	0	230	0	0	0	0	1412	0	98	0	0	0	412	780	10938	0	0	0	0	0	0	0	0	696	6106	0	0	0	1234	6776	10810	5430	0	1804	24186	0	7086	0	1684	0	0	264	5440	0	0	0	0	0	778	694	36980	0	1166	0	0	0	0	0	110	0	0	172	7168	646	8546	0	176	0	12868	0	224	2672	9304	784	228	0	934	0	1256	0	756	0	202	564	17080	0	168	0	0	0	0	0	2220	0	428	0	0	0	0	0	0	0	0	0	0	528	0	0	0	0	0	
99412	ParaHippocampal_L	216	288	0	588	0	0	0	0	0	0	0	0	0	0	0	0	0	0	0	518	0	0	0	0	0	0	0	0	1456	200	0	0	0	0	3766	2230	12690	1804	0	266	2518	0	1344	0	0	0	2558	336	0	0	458	0	520	0	7040	190	0	0	0	0	0	0	0	0	0	0	1546	786	0	230	0	0	1210	256	0	0	1206	2132	0	0	124	0	436	0	112	0	570	0	1584	0	0	0	0	0	118	0	200	0	0	0	0	0	0	0	0	0	0	0	0	110	100	0	0	0	0	0	
161252	ParaHippocampal_R	0	1146	0	1346	0	0	0	0	0	0	0	634	0	0	0	0	0	0	128	810	0	0	0	0	0	0	0	0	0	1526	0	0	0	116	688	1932	468	24186	266	0	0	5160	0	548	0	0	206	4296	0	0	0	0	0	0	118	17124	0	0	0	0	0	0	0	0	0	0	0	3056	0	294	0	0	0	4732	0	158	160	1802	0	0	0	204	0	1214	0	194	0	568	0	3612	0	174	0	0	0	0	0	3100	0	490	0	0	0	0	0	0	0	0	0	0	170	0	0	0	0	0	
35140	Amygdala_L	0	0	0	0	292	0	0	0	0	0	0	0	0	0	348	0	0	0	0	0	690	296	0	0	0	0	218	0	1056	0	0	0	0	0	0	0	5860	0	2518	0	0	0	0	0	0	0	0	0	0	0	0	0	0	0	2620	0	0	0	0	0	0	0	0	0	0	0	0	0	0	0	402	226	1348	0	0	0	0	0	0	0	0	0	178	0	0	0	408	0	1110	0	0	0	0	0	0	0	0	0	0	0	0	0	0	0	0	0	0	0	0	0	0	0	0	0	0	0	
41748	Amygdala_R	0	0	0	168	0	0	0	0	0	0	0	0	0	0	0	0	0	0	0	0	0	268	0	0	0	0	0	0	0	286	0	0	0	0	0	0	0	7086	0	5160	0	0	0	0	0	0	0	0	0	0	0	0	0	0	0	5608	0	0	0	0	0	0	0	0	0	0	0	0	0	0	0	0	0	300	0	0	0	0	0	0	0	0	0	1532	0	0	0	340	0	126	0	0	0	0	0	0	0	0	0	0	0	0	0	0	0	0	0	0	0	0	0	0	0	0	0	0	
293004	Calcarine_L	1512	0	0	0	0	0	0	0	0	0	0	0	0	0	0	0	0	0	0	0	0	0	0	0	0	0	0	0	836	0	0	0	1720	0	3372	0	2090	0	1344	0	0	0	0	3886	11896	3942	13982	1614	10920	922	35386	438	11960	296	3366	566	3014	0	198	0	428	0	0	0	652	0	16558	332	5112	0	0	0	0	0	0	0	0	0	714	0	266	0	0	0	6768	190	0	0	2222	0	0	0	0	0	0	0	0	0	0	0	0	0	0	0	0	0	0	0	0	0	0	0	0	0	0	0	
426976	Calcarine_R	0	1160	0	96	0	0	0	0	0	0	0	0	0	0	0	0	0	212	0	2660	0	0	0	0	0	0	0	0	0	0	0	0	0	2430	0	1456	0	1684	0	548	0	0	3886	0	3974	30784	892	19864	98	23016	0	14904	0	18998	0	12784	0	7658	0	1064	0	174	0	358	0	608	1604	34464	0	11228	0	0	0	0	0	0	0	0	0	0	0	658	0	0	0	7466	0	0	0	7756	0	0	0	0	0	0	0	438	104	0	0	0	0	0	0	0	0	0	0	0	254	208	0	0	0	0	
192580	Cuneus_L	0	0	0	0	0	0	0	0	0	0	0	0	0	0	0	0	0	0	0	0	0	0	0	0	0	0	0	0	0	0	0	0	2870	0	1426	0	0	0	0	0	0	0	11896	3974	0	11844	2652	134	21880	3694	14518	1644	2028	418	842	108	1256	0	976	0	0	0	0	0	0	0	10218	1006	2520	0	0	0	0	0	0	0	0	0	0	0	0	0	0	0	386	0	0	0	0	0	0	0	0	0	0	0	0	0	0	0	0	0	0	0	0	0	0	0	0	0	0	0	0	0	0	0	
351192	Cuneus_R	0	208	0	0	0	0	0	0	0	0	0	0	0	0	0	0	0	0	0	376	0	0	0	0	0	0	0	0	0	0	0	0	0	1054	0	378	0	0	0	0	0	0	3942	30784	11844	0	1200	3778	6292	37634	4968	16854	1314	7642	612	2096	0	3016	0	4396	0	122	0	0	0	984	2312	25748	0	3468	0	0	0	0	0	0	0	0	0	0	0	0	0	0	0	3408	0	0	0	1166	0	0	0	0	0	0	0	0	0	0	0	0	0	0	0	0	0	0	0	0	0	0	0	0	0	0	
244392	Lingual_L	0	0	0	0	0	0	0	0	0	0	0	0	0	0	0	0	0	0	0	160	0	0	0	0	0	0	0	0	0	0	0	0	132	108	2718	0	2310	264	2558	206	0	0	13982	892	2652	1200	0	3454	3880	132	14218	0	7850	0	11100	1068	0	0	0	0	0	0	0	0	0	0	4336	0	146	140	0	0	0	0	0	0	0	412	0	0	0	0	0	0	394	0	0	0	172	0	5864	2940	388	0	0	0	10944	3678	9942	4252	0	0	0	206	0	230	0	0	0	0	5490	2518	554	258	244	204	
311980	Lingual_R	0	102	0	108	0	0	0	0	0	0	0	0	0	0	0	0	0	0	0	790	0	0	0	0	0	0	0	0	0	384	0	0	0	1044	294	4294	480	5440	336	4296	0	0	1614	19864	134	3778	3454	0	0	3264	0	1654	0	4110	612	25190	0	0	0	0	0	0	0	0	0	0	126	11144	0	948	0	0	0	0	0	0	0	296	0	0	0	0	0	0	0	108	0	0	0	2060	4676	6518	1446	0	196	0	3144	8364	5942	9770	382	0	1028	0	664	0	232	0	0	184	6082	8588	2850	0	0	0	
234632	Occipital_Sup_L	0	0	0	0	0	0	0	0	0	0	0	0	0	0	0	0	0	0	0	0	0	0	0	0	0	0	0	0	0	0	0	0	576	0	136	0	0	0	0	0	0	0	10920	98	21880	6292	3880	0	0	0	34342	0	2166	0	1186	0	2094	0	14484	0	3474	0	0	0	1068	0	11880	0	994	0	0	0	0	0	0	0	0	0	0	0	0	0	0	0	1332	0	0	0	514	0	0	0	0	0	0	0	0	0	0	0	0	0	0	0	0	0	0	0	0	0	0	0	0	0	0	0	
247864	Occipital_Sup_R	0	186	0	0	0	0	0	0	0	0	0	0	0	0	0	0	0	0	0	244	0	0	0	0	0	0	0	0	0	0	0	0	0	0	0	0	0	0	0	0	0	0	922	23016	3694	37634	132	3264	0	0	0	19426	0	6504	0	1818	0	620	0	5096	0	122	0	0	0	2150	430	15536	0	180	0	0	0	0	0	0	0	0	0	0	0	0	0	0	0	2124	0	0	0	834	0	0	0	0	0	0	0	0	0	0	0	0	0	0	0	0	0	0	0	0	0	0	0	0	0	0	
716416	Occipital_Mid_L	10206	0	0	100	0	0	366	0	0	0	740	0	0	0	0	0	1586	0	0	98	0	0	0	0	0	0	0	0	4232	0	0	0	8864	0	698	0	0	0	458	0	0	0	35386	0	14518	4968	14218	0	34342	0	0	0	28062	0	5580	0	24672	0	28818	0	19076	0	2454	0	29486	0	25040	0	24096	0	0	0	0	0	0	0	0	0	1686	0	2152	0	0	0	29498	0	0	0	6808	0	0	0	0	0	0	0	0	0	0	0	0	0	0	0	0	0	0	0	0	0	0	0	0	0	0	0	
241684	Occipital_Mid_R	0	394	0	0	0	0	0	0	0	0	0	0	0	0	0	0	0	240	0	704	0	0	0	0	0	0	0	0	0	0	0	0	0	248	0	0	0	0	0	0	0	0	438	14904	1644	16854	0	1654	0	19426	0	0	0	7718	0	2078	0	5338	0	3822	0	1272	0	402	0	9012	514	13274	0	2480	0	0	0	0	0	0	0	0	0	0	0	440	0	0	0	15772	0	0	0	2214	0	0	0	0	0	0	0	0	0	0	0	0	0	0	0	0	0	0	0	0	0	0	0	0	0	0	
184920	Occipital_Inf_L	1868	0	0	0	0	0	0	0	0	0	140	0	0	0	0	0	340	0	0	0	0	0	0	0	0	0	0	0	1392	0	0	0	302	0	128	0	236	0	520	0	0	0	11960	0	2028	1314	7850	0	2166	0	28062	0	0	0	6864	0	734	0	314	0	502	0	596	0	2204	0	2120	0	1668	0	0	0	0	0	0	0	0	0	360	0	1722	0	0	0	9718	0	0	0	6570	0	280	0	0	0	0	0	234	0	268	0	0	0	0	0	0	0	0	0	0	0	0	0	0	0	0	0	
180088	Occipital_Inf_R	0	1074	0	108	0	0	0	0	0	0	0	0	0	0	0	0	0	96	0	1838	0	0	0	0	0	0	0	0	0	116	0	0	0	974	0	0	0	778	0	0	0	0	296	18998	418	7642	0	4110	0	6504	0	7718	0	0	0	8644	0	3316	0	814	0	174	0	0	0	160	500	13352	0	3616	0	0	0	0	0	0	0	0	0	0	0	110	0	0	0	2194	0	0	0	5886	0	0	0	0	0	0	0	0	114	182	0	0	0	0	0	0	0	0	0	0	0	312	0	0	0	0	
329140	Fusiform_L	818	100	344	170	0	0	0	0	0	0	128	0	0	0	0	0	314	0	358	264	0	0	0	0	0	0	0	0	4818	0	0	0	0	0	1600	834	16848	694	7040	118	2620	0	3366	0	842	612	11100	612	1186	0	5580	0	6864	0	0	206	238	0	0	0	158	0	264	0	612	0	992	334	218	182	0	0	3236	98	0	0	1020	836	96	0	1908	0	3382	0	4508	0	2386	0	21368	0	21140	424	436	0	0	0	9518	336	20402	592	0	0	0	0	0	0	0	0	0	0	990	1166	294	0	0	0	
516676	Fusiform_R	298	4888	148	1458	0	0	0	0	0	0	0	818	0	0	0	160	0	324	164	3288	0	0	0	0	0	0	0	0	136	3626	0	0	0	844	886	1836	540	36980	190	17124	0	5608	566	12784	108	2096	1068	25190	0	1818	0	2078	0	8644	206	0	0	3194	0	126	0	332	0	1364	0	458	0	6654	0	3768	0	0	0	5092	0	0	448	1932	166	156	0	1378	0	5336	0	3278	0	2892	0	32382	2536	12788	866	170	0	424	1076	8358	2464	15796	258	0	650	156	364	0	160	0	0	0	2962	4620	1860	0	0	0	
526868	Postcentral_L	40660	0	10140	180	0	0	3398	0	0	0	10094	0	276	0	0	0	18722	0	8172	584	0	0	0	0	0	0	0	0	7374	0	0	0	2708	0	582	134	324	0	0	0	0	0	3014	0	1256	0	0	0	2094	0	24672	0	734	0	238	0	0	0	20760	0	26628	0	13088	0	17124	0	11522	0	18402	0	1184	194	1876	168	836	0	0	0	3708	0	4992	0	0	0	5148	0	0	0	2448	0	0	0	0	0	0	0	0	0	0	0	0	0	0	0	0	0	0	0	0	0	0	0	0	0	0	0	
262816	Postcentral_R	0	18624	0	760	0	0	0	302	0	0	0	552	0	0	0	0	0	2186	108	5348	0	0	0	0	0	0	0	0	0	1098	0	0	0	586	0	322	0	1166	0	0	0	0	0	7658	0	3016	0	0	0	620	0	5338	0	3316	0	3194	0	0	0	5468	0	5200	0	14778	0	2894	192	17728	0	12112	0	0	0	254	0	0	0	0	0	126	0	2172	0	0	0	13318	0	0	0	2972	0	0	0	0	0	0	0	0	0	0	0	0	0	0	0	0	0	0	0	0	0	0	0	0	0	0	
266040	Parietal_Sup_L	1774	0	0	0	0	0	0	0	0	0	0	0	0	0	0	0	476	0	0	0	0	0	0	0	0	0	0	0	902	0	0	0	272	0	0	0	0	0	0	0	0	0	198	0	976	0	0	0	14484	0	28818	0	314	0	0	0	20760	0	0	0	17532	0	634	0	11868	0	19288	0	8456	0	0	0	0	0	0	0	0	0	320	0	676	0	0	0	3634	0	0	0	1638	0	0	0	0	0	0	0	0	0	0	0	0	0	0	0	0	0	0	0	0	0	0	0	0	0	0	0	
90768	Parietal_Sup_R	0	0	0	0	0	0	0	0	0	0	0	0	0	0	0	0	0	0	0	0	0	0	0	0	0	0	0	0	0	0	0	0	0	0	0	0	0	0	0	0	0	0	0	1064	0	4396	0	0	0	5096	0	3822	0	814	0	126	0	5468	0	0	0	2400	0	1010	0	2052	1160	12490	0	284	0	0	0	0	0	0	0	0	0	0	0	0	0	0	0	4726	0	0	0	476	0	0	0	0	0	0	0	0	0	0	0	0	0	0	0	0	0	0	0	0	0	0	0	0	0	0	
271216	Parietal_Inf_L	9136	0	0	0	0	0	228	0	0	0	1134	0	0	0	0	0	1210	0	0	0	0	0	0	0	0	0	0	0	1496	0	0	0	726	0	280	0	0	0	0	0	0	0	428	0	0	0	0	0	3474	0	19076	0	502	0	158	0	26628	0	17532	0	0	0	12494	0	21336	0	3438	0	6808	0	0	0	0	0	0	0	0	0	594	0	1460	0	0	0	4524	0	0	0	2946	0	0	0	0	0	0	0	0	0	0	0	0	0	0	0	0	0	0	0	0	0	0	0	0	0	0	0	
72108	Parietal_Inf_R	0	472	0	0	0	0	0	0	0	0	0	0	0	0	0	0	0	138	0	590	0	0	0	0	0	0	0	0	0	0	0	0	0	0	0	0	0	0	0	0	0	0	0	174	0	122	0	0	0	122	0	1272	0	174	0	332	0	5200	0	2400	0	0	0	10726	0	11898	0	186	0	1576	0	0	0	0	0	0	0	0	0	0	0	152	0	0	0	140	0	0	0	380	0	0	0	0	0	0	0	0	0	0	0	0	0	0	0	0	0	0	0	0	0	0	0	0	0	0	
141828	SupraMarginal_L	5686	0	1006	0	0	0	172	0	0	0	726	0	0	0	0	0	5508	0	1002	102	0	0	0	0	0	0	0	0	1112	0	0	0	0	0	0	0	0	0	0	0	0	0	0	0	0	0	0	0	0	0	2454	0	596	0	264	0	13088	0	634	0	12494	0	0	0	7564	0	144	0	986	0	96	0	0	0	0	0	0	0	606	0	8412	0	0	0	4598	0	0	0	3664	0	0	0	0	0	0	0	0	0	0	0	0	0	0	0	0	0	0	0	0	0	0	0	0	0	0	0	
112360	SupraMarginal_R	0	3098	0	246	0	0	0	134	0	0	0	218	0	0	0	0	0	2260	0	934	0	0	0	0	0	0	0	0	0	0	0	0	0	0	0	0	0	110	0	0	0	0	0	358	0	0	0	0	0	0	0	402	0	0	0	1364	0	14778	0	1010	0	10726	0	0	0	7076	0	890	0	1952	0	0	0	0	0	0	0	0	0	0	0	6254	0	0	0	1066	0	0	0	3304	0	0	0	0	0	0	0	0	0	0	0	0	0	0	0	0	0	0	0	0	0	0	0	0	0	0	
308768	Angular_L	10630	0	0	0	0	0	728	0	0	0	1872	0	0	0	0	0	2612	0	0	0	0	0	0	0	0	0	0	0	2346	0	0	0	0	0	260	0	282	0	0	0	0	0	652	0	0	0	0	0	1068	0	29486	0	2204	0	612	0	17124	0	11868	0	21336	0	7564	0	0	0	4090	0	8636	0	0	0	0	0	0	0	0	0	1766	0	5850	0	0	0	16508	0	0	0	6890	0	0	0	0	0	0	0	0	0	0	0	0	0	0	0	0	0	0	0	0	0	0	0	0	0	0	0	
89840	Angular_R	0	1324	0	0	0	0	0	0	0	0	0	0	0	0	0	0	0	172	0	0	0	0	0	0	0	0	0	0	0	0	0	0	0	0	0	0	0	0	0	0	0	0	0	608	0	984	0	0	0	2150	0	9012	0	160	0	458	0	2894	0	2052	0	11898	0	7076	0	0	0	922	0	0	0	0	0	0	0	0	0	0	0	0	0	1584	0	0	0	2650	0	0	0	976	0	0	0	0	0	0	0	0	0	0	0	0	0	0	0	0	0	0	0	0	0	0	0	0	0	0	
335132	Precuneus_L	2190	0	0	0	0	0	0	0	0	0	0	0	0	0	0	0	124	0	0	322	0	0	0	0	0	0	0	0	1012	0	0	0	4748	1018	5456	1120	3442	172	1546	0	0	0	16558	1604	10218	2312	4336	126	11880	430	25040	514	2120	500	992	0	11522	192	19288	1160	3438	0	144	0	4090	0	0	9396	10110	1372	0	0	0	0	0	0	0	106	804	0	294	0	0	0	5678	312	0	0	1594	0	0	0	0	0	0	0	0	0	0	0	0	0	0	0	0	0	0	0	0	0	286	0	0	0	0	0	
495400	Precuneus_R	134	1846	0	976	0	0	0	0	0	0	0	0	0	0	0	0	0	636	154	4514	0	0	0	0	0	0	0	0	0	622	0	0	628	8630	2196	13078	1304	7168	786	3056	0	0	332	34464	1006	25748	0	11144	0	15536	0	13274	0	13352	334	6654	0	17728	0	12490	0	186	0	890	0	922	9396	0	0	16672	0	0	0	434	0	0	0	1064	0	0	0	546	0	0	0	12716	0	0	0	4264	0	0	0	0	0	0	0	1032	0	0	0	0	0	0	0	0	0	0	0	0	1788	0	0	0	0	0	
456696	Paracentral_Lobule_L	27010	0	1200	1894	0	0	486	0	0	0	200	0	110	0	0	0	478	0	12826	20792	0	0	0	0	0	0	0	0	946	0	114	158	11890	15674	4936	2166	1414	646	0	0	0	0	5112	0	2520	0	146	0	994	0	24096	0	1668	0	218	0	18402	0	8456	0	6808	0	986	0	8636	0	10110	0	0	9924	1420	2752	696	0	492	172	4862	3512	678	0	1752	0	0	0	7606	0	0	0	3390	0	0	0	0	0	0	0	0	0	0	0	0	0	0	0	0	0	0	0	0	0	0	0	0	0	0	0	
506044	Paracentral_Lobule_R	4384	6252	340	302	0	0	228	0	0	0	0	0	166	0	0	0	146	0	3440	60174	0	0	0	0	0	0	0	0	996	0	150	326	1078	33852	4618	11020	2372	8546	230	294	0	0	0	11228	0	3468	140	948	0	180	0	2480	0	3616	182	3768	0	12112	0	284	0	1576	0	1952	0	0	1372	16672	9924	0	2458	10376	502	0	240	102	4468	18854	338	0	0	214	0	0	0	2490	0	0	310	3700	0	0	0	0	0	0	0	0	0	0	0	0	0	0	0	0	0	0	0	0	154	0	0	0	0	0	
446288	Caudate_L	3522	100	12402	5876	2938	886	1674	0	512	0	2986	580	1524	624	3078	234	4890	206	9310	12984	8358	9256	1152	952	632	1842	3276	1810	9376	1000	7896	6206	618	3810	0	0	684	0	0	0	402	0	0	0	0	0	0	0	0	0	0	0	0	0	0	0	1184	0	0	0	0	0	96	0	0	0	0	0	1420	2458	0	27754	30614	8800	6086	804	18164	2932	238	0	622	0	108	0	268	0	0	0	0	0	0	0	0	0	0	0	0	0	0	0	0	0	0	0	0	0	0	0	0	0	0	0	0	0	0	0	
465140	Caudate_R	1832	506	3512	9614	486	3744	96	0	166	294	618	922	262	0	522	944	1094	802	4116	32742	3210	8846	548	4164	0	4536	544	3422	2524	1218	5558	19200	230	9292	158	194	112	176	0	0	226	0	0	0	0	0	0	0	0	0	0	0	0	0	0	0	194	0	0	0	0	0	0	0	0	0	0	0	2752	10376	27754	0	11322	21484	1792	2638	3886	23390	0	0	186	0	0	236	130	0	0	0	0	0	0	0	0	0	0	0	0	0	0	0	0	0	0	0	0	0	0	0	0	0	0	0	0	0	0	0	
434848	Putamen_L	11296	108	22148	1514	3310	498	8288	0	920	0	3884	226	5902	114	9088	100	2744	100	9610	3642	3724	5534	3182	302	262	606	1274	834	23562	264	6038	2210	1262	718	0	0	10256	0	1210	0	1348	0	0	0	0	0	0	0	0	0	0	0	0	0	3236	0	1876	0	0	0	0	0	0	0	0	0	0	0	696	502	30614	11322	0	4480	8488	408	1622	270	230	0	1214	0	2724	0	190	0	0	0	3474	0	0	0	0	0	0	0	0	0	0	0	0	0	0	0	0	0	0	0	0	0	0	0	0	0	0	0	
331548	Putamen_R	0	1940	1198	13290	368	3538	0	288	148	208	136	4508	0	1478	292	2338	408	2754	2978	11638	1416	2046	148	6218	0	5876	414	2108	582	13758	1896	12596	0	164	400	694	372	12868	256	4732	0	300	0	0	0	0	0	0	0	0	0	0	0	0	98	5092	168	254	0	0	0	0	0	0	0	0	0	434	0	0	8800	21484	4480	0	964	2488	238	3506	0	0	0	284	0	886	0	138	0	0	0	1726	0	0	0	0	0	0	0	140	0	120	0	0	0	0	0	0	0	0	0	0	122	0	0	0	0	0	
72572	Pallidum_L	4242	0	2860	164	0	0	2014	0	0	0	1484	0	0	0	0	0	808	0	0	506	100	358	0	0	0	0	0	0	362	0	0	0	0	302	0	0	816	0	0	0	0	0	0	0	0	0	0	0	0	0	0	0	0	0	0	0	836	0	0	0	0	0	0	0	0	0	0	0	492	240	6086	1792	8488	964	0	476	2494	126	140	0	136	0	0	0	0	0	0	0	0	0	0	0	0	0	0	0	0	0	0	0	0	0	0	0	0	0	0	0	0	0	0	0	0	0	0	0	
27096	Pallidum_R	0	0	0	1234	0	0	0	0	0	0	0	124	0	0	0	0	0	494	210	3254	0	0	0	0	0	0	0	0	0	328	0	0	0	318	0	0	0	224	0	158	0	0	0	0	0	0	0	0	0	0	0	0	0	0	0	0	0	0	0	0	0	0	0	0	0	0	0	0	172	102	804	2638	408	2488	476	0	0	116	0	0	0	0	0	0	0	0	0	0	0	0	0	0	0	0	0	0	0	0	0	0	0	0	0	0	0	0	0	0	0	0	0	0	0	0	0	0	
192644	Thalamus_L	9958	136	582	308	0	0	462	0	0	0	0	0	0	0	0	0	516	0	1062	4952	108	102	0	0	0	0	0	0	1014	0	0	0	0	3498	4006	4866	6278	2672	1206	160	0	0	0	0	0	0	0	0	0	0	0	0	0	0	1020	448	0	0	0	0	0	0	0	0	0	0	0	0	4862	4468	18164	3886	1622	238	2494	0	0	14728	892	0	0	0	0	0	0	0	0	0	1498	0	0	0	0	0	0	0	116	0	0	0	0	0	0	0	0	0	0	0	0	0	0	0	0	0	0	0	
339188	Thalamus_R	5592	2536	322	8064	0	0	352	106	0	0	0	306	0	0	0	0	0	588	1122	26282	0	0	0	0	0	0	0	0	870	1554	284	408	0	9460	8348	9232	6692	9304	2132	1802	0	0	0	0	0	0	412	296	0	0	0	0	0	0	836	1932	0	0	0	0	0	0	0	0	0	0	106	1064	3512	18854	2932	23390	270	3506	126	116	14728	0	942	0	0	0	0	0	0	0	0	0	884	156	0	0	0	0	0	0	0	176	0	0	0	0	0	0	0	0	0	0	0	0	0	0	0	0	0	0	
154444	Heschl_L	14096	0	2446	0	0	0	1378	0	0	0	1654	0	0	0	0	0	5076	0	1994	498	0	0	0	0	0	0	0	0	15642	0	0	0	0	0	1046	1074	2498	784	0	0	0	0	714	0	0	0	0	0	0	0	1686	0	360	0	96	166	3708	0	320	0	594	0	606	0	1766	0	804	0	678	338	238	0	230	0	140	0	892	942	0	0	3818	0	0	0	5904	0	0	0	5036	0	0	0	0	0	0	0	0	0	0	0	0	0	0	0	0	0	0	0	0	0	0	0	0	0	0	0	
13220	Heschl_R	0	0	0	0	0	0	0	0	0	0	0	0	0	0	0	0	0	1660	0	292	0	0	0	0	0	0	0	0	0	760	0	0	0	0	0	0	0	228	0	0	0	0	0	0	0	0	0	0	0	0	0	0	0	0	0	156	0	126	0	0	0	0	0	0	0	0	0	0	0	0	0	0	0	0	0	0	0	0	0	0	0	2876	0	148	0	0	0	0	0	364	0	0	0	0	0	0	0	0	0	0	0	0	0	0	0	0	0	0	0	0	0	0	0	0	0	0	
230600	Temporal_Sup_L	5970	0	3178	184	0	0	268	0	0	0	4012	0	302	0	0	0	10482	0	3092	256	0	0	0	0	0	0	0	0	10410	0	0	108	0	0	0	0	1820	0	124	0	0	0	266	0	0	0	0	0	0	0	2152	0	1722	0	1908	0	4992	0	676	0	1460	0	8412	0	5850	0	294	0	1752	0	622	186	1214	0	136	0	0	0	3818	0	0	0	4170	0	22432	0	0	0	13032	0	0	0	0	0	0	0	0	0	0	0	0	0	0	0	0	0	0	0	0	0	0	0	0	0	0	0	
76952	Temporal_Sup_R	0	1060	0	114	0	0	0	0	0	0	0	104	0	0	0	0	0	1334	0	376	0	0	0	0	0	0	0	0	0	1398	0	0	0	0	0	0	0	934	0	204	0	0	0	658	0	0	0	0	0	0	0	440	0	110	0	1378	0	2172	0	0	0	152	0	6254	0	1584	0	546	0	214	0	0	0	284	0	0	0	0	0	2876	0	0	0	1656	0	8362	0	348	0	5918	0	0	0	0	0	0	0	0	0	0	0	0	0	0	0	0	0	0	0	0	0	0	0	0	0	0	
85752	Temporal_Pole_Sup_L	0	0	336	0	228	0	0	0	0	0	1632	0	862	0	884	0	1400	0	334	0	0	0	0	0	0	0	128	0	5454	0	0	0	0	0	0	0	1052	0	436	0	178	0	0	0	0	0	0	0	0	0	0	0	0	0	3382	0	0	0	0	0	0	0	0	0	0	0	0	0	0	0	108	0	2724	0	0	0	0	0	0	0	4170	0	0	0	8018	0	5104	0	6446	0	0	0	0	0	0	0	0	0	0	0	0	0	0	0	0	0	0	0	0	0	0	0	0	0	0	0	
55088	Temporal_Pole_Sup_R	0	0	0	486	0	0	0	0	0	0	0	954	0	0	0	238	0	966	0	468	0	0	0	0	0	0	0	0	0	2886	0	132	0	0	0	0	0	1256	0	1214	0	1532	0	0	0	0	0	0	0	0	0	0	0	0	0	5336	0	0	0	0	0	0	0	0	0	0	0	0	0	0	0	236	0	886	0	0	0	0	0	148	0	1656	0	0	0	1538	0	4348	0	3264	0	0	0	0	0	0	0	0	0	0	0	0	0	0	0	0	0	0	0	0	0	0	0	0	0	0	
422468	Temporal_Mid_L	10594	0	486	0	0	0	488	0	0	0	1738	0	0	0	0	0	4336	0	490	100	0	0	0	0	0	0	0	0	8240	0	0	0	880	0	326	0	1486	0	112	0	0	0	6768	0	386	0	394	0	1332	0	29498	0	9718	0	4508	0	5148	0	3634	0	4524	0	4598	0	16508	0	5678	0	7606	0	268	130	190	0	0	0	0	0	5904	0	22432	0	8018	0	0	0	4876	0	39840	0	0	0	0	0	0	0	0	0	0	0	0	0	0	0	0	0	0	0	0	0	0	0	0	0	0	0	
222272	Temporal_Mid_R	0	622	0	0	0	0	0	0	0	0	0	0	0	0	0	0	0	598	0	1160	0	0	0	0	0	0	0	0	0	260	0	0	0	188	0	0	0	756	0	194	0	0	190	7466	0	3408	0	108	0	2124	0	15772	0	2194	0	3278	0	13318	0	4726	0	140	0	1066	0	2650	312	12716	0	2490	0	0	0	138	0	0	0	0	0	0	0	8362	0	1538	0	0	0	2642	0	22720	0	0	0	0	0	0	0	0	0	0	0	0	0	0	0	0	0	0	0	0	0	0	0	0	0	0	
37440	Temporal_Pole_Mid_L	0	0	0	0	0	0	0	0	0	0	0	0	0	0	0	0	0	0	0	0	0	0	0	0	0	0	0	0	120	0	0	0	0	0	0	0	288	0	570	0	408	0	0	0	0	0	0	0	0	0	0	0	0	0	2386	0	0	0	0	0	0	0	0	0	0	0	0	0	0	0	0	0	0	0	0	0	0	0	0	0	0	0	5104	0	4876	0	0	0	4968	0	0	0	0	0	0	0	0	0	0	0	0	0	0	0	0	0	0	0	0	0	0	0	0	0	0	0	
29728	Temporal_Pole_Mid_R	0	0	0	0	0	0	0	0	0	0	0	0	0	0	0	0	0	0	0	0	0	0	0	0	0	0	0	0	0	230	0	0	0	0	0	0	0	202	0	568	0	340	0	0	0	0	0	0	0	0	0	0	0	0	0	2892	0	0	0	0	0	0	0	0	0	0	0	0	0	0	0	0	0	0	0	0	0	0	0	0	0	348	0	4348	0	2642	0	0	0	3294	0	0	0	0	0	0	0	0	0	0	0	0	0	0	0	0	0	0	0	0	0	0	0	0	0	0	
368172	Temporal_Inf_L	6686	0	604	0	0	0	286	0	0	0	428	0	0	0	0	0	2292	0	572	388	0	0	0	0	0	0	0	0	10264	0	0	0	156	0	836	828	16564	564	1584	0	1110	0	2222	0	0	0	172	0	514	0	6808	0	6570	0	21368	0	2448	0	1638	0	2946	0	3664	0	6890	0	1594	0	3390	310	0	0	3474	0	0	0	1498	884	5036	0	13032	0	6446	0	39840	0	4968	0	0	0	4136	0	174	0	0	0	0	0	902	0	0	0	0	0	0	0	0	0	0	0	0	0	0	0	0	0	
276808	Temporal_Inf_R	0	4320	0	354	0	0	0	0	0	0	0	408	0	0	0	0	0	226	0	2564	0	0	0	0	0	0	0	0	0	1498	0	0	0	710	0	396	0	17080	0	3612	0	126	0	7756	0	1166	0	2060	0	834	0	2214	0	5886	0	32382	0	2972	0	476	0	380	0	3304	0	976	0	4264	0	3700	0	0	0	1726	0	0	0	156	0	364	0	5918	0	3264	0	22720	0	3294	0	0	0	770	0	0	0	0	0	290	0	238	0	0	0	0	0	0	0	0	0	0	0	0	0	0	0	0	
559012	Cerebelum_Crus1_L	0	0	0	0	0	0	0	0	0	0	0	0	0	0	0	0	0	0	0	0	0	0	0	0	0	0	0	0	0	0	0	0	0	0	0	0	0	0	0	0	0	0	0	0	0	0	5864	4676	0	0	0	0	280	0	21140	2536	0	0	0	0	0	0	0	0	0	0	0	0	0	0	0	0	0	0	0	0	0	0	0	0	0	0	0	0	0	0	0	0	4136	0	0	6814	38426	4302	462	314	23896	1038	57422	8412	11900	242	22732	3312	9828	3774	2564	0	278	562	4394	15496	12828	4918	4554	2406	
534088	Cerebelum_Crus1_R	0	0	0	0	0	0	0	0	0	0	0	0	0	0	0	0	0	0	0	0	0	0	0	0	0	0	0	0	0	0	0	0	0	0	0	0	0	168	0	174	0	0	0	0	0	0	2940	6518	0	0	0	0	0	0	424	12788	0	0	0	0	0	0	0	0	0	0	0	0	0	0	0	0	0	0	0	0	0	0	0	0	0	0	0	0	0	0	0	0	0	770	6814	0	4898	36160	102	4854	5518	28768	6364	58352	1576	3398	3530	27162	1134	5256	158	536	720	3348	14778	8282	12820	5008	3274	452	
474060	Cerebelum_Crus2_L	0	0	0	0	0	0	0	0	0	0	0	0	0	0	0	0	0	0	0	0	0	0	0	0	0	0	0	0	0	0	0	0	0	0	0	0	0	0	0	0	0	0	0	0	0	0	388	1446	0	0	0	0	0	0	436	866	0	0	0	0	0	0	0	0	0	0	0	0	0	0	0	0	0	0	0	0	0	0	0	0	0	0	0	0	0	0	0	0	174	0	38426	4898	0	17038	0	216	1010	174	6294	2286	53088	5668	50264	8362	14810	1794	1150	0	126	250	294	3344	16508	5348	1936	436	
369960	Cerebelum_Crus2_R	0	0	0	0	0	0	0	0	0	0	0	0	0	0	0	0	0	0	0	0	0	0	0	0	0	0	0	0	0	0	0	0	0	0	0	0	0	0	0	0	0	0	0	0	0	0	0	0	0	0	0	0	0	0	0	170	0	0	0	0	0	0	0	0	0	0	0	0	0	0	0	0	0	0	0	0	0	0	0	0	0	0	0	0	0	0	0	0	0	0	4302	36160	17038	0	0	490	100	926	250	4120	11378	23056	8520	45222	950	6688	0	460	0	384	484	372	15550	5978	2382	0	
24004	Cerebelum_3_L	0	0	0	0	0	0	0	0	0	0	0	0	0	0	0	0	0	0	0	0	0	0	0	0	0	0	0	0	0	0	0	0	0	0	0	0	0	0	118	0	0	0	0	0	0	0	0	196	0	0	0	0	0	0	0	0	0	0	0	0	0	0	0	0	0	0	0	0	0	0	0	0	0	0	0	0	0	0	0	0	0	0	0	0	0	0	0	0	0	0	462	102	0	0	0	0	4540	120	1240	118	0	0	134	0	1192	148	0	0	698	1446	612	314	0	202	194	166	
64416	Cerebelum_3_R	0	0	0	0	0	0	0	0	0	0	0	0	0	0	0	0	0	0	0	0	0	0	0	0	0	0	0	0	0	0	0	0	0	0	0	0	0	0	0	0	0	0	0	0	0	0	0	0	0	0	0	0	0	0	0	424	0	0	0	0	0	0	0	0	0	0	0	0	0	0	0	0	0	0	0	0	0	0	0	0	0	0	0	0	0	0	0	0	0	0	314	4854	216	490	0	0	300	5688	168	6110	0	0	378	1804	168	1370	0	0	456	4542	1506	0	1050	1172	1198	0	
307128	Cerebelum_4_5_L	0	0	0	0	0	0	0	0	0	0	0	0	0	0	0	0	0	0	0	0	0	0	0	0	0	0	0	0	0	0	0	0	0	0	0	0	0	0	200	0	0	0	0	0	0	0	10944	3144	0	0	0	0	234	0	9518	1076	0	0	0	0	0	0	0	0	0	0	0	0	0	0	0	0	0	0	0	0	116	0	0	0	0	0	0	0	0	0	0	0	0	0	23896	5518	1010	100	4540	300	0	7080	35400	8232	450	0	1016	1248	4188	1708	182	0	1766	2798	17044	4210	1500	2360	2046	1740	
294300	Cerebelum_4_5_R	0	0	0	0	0	0	0	0	0	0	0	0	0	0	0	0	0	0	0	0	0	0	0	0	0	0	0	0	0	0	0	0	0	0	0	342	0	2220	0	3100	0	0	0	438	0	0	3678	8364	0	0	0	0	0	0	336	8358	0	0	0	0	0	0	0	0	0	0	0	1032	0	0	0	0	0	140	0	0	0	176	0	0	0	0	0	0	0	0	0	0	0	290	1038	28768	174	926	120	5688	7080	0	3582	38212	0	126	180	2416	268	900	0	0	106	3150	21344	1106	1224	1004	974	290	
476628	Cerebelum_6_L	0	0	0	0	0	0	0	0	0	0	0	0	0	0	0	0	0	0	0	0	0	0	0	0	0	0	0	0	0	0	0	0	0	0	0	0	0	0	0	0	0	0	0	104	0	0	9942	5942	0	0	0	0	268	114	20402	2464	0	0	0	0	0	0	0	0	0	0	0	0	0	0	0	0	0	0	0	0	0	0	0	0	0	0	0	0	0	0	0	0	902	0	57422	6364	6294	250	1240	168	35400	3582	0	10960	5266	0	7158	1874	4384	3844	770	0	500	840	12746	19616	4916	5274	4784	4524	
472008	Cerebelum_6_R	0	0	0	0	0	0	0	0	0	0	0	0	0	0	0	0	0	0	0	0	0	0	0	0	0	0	0	0	0	0	0	0	0	0	0	0	0	428	0	490	0	0	0	0	0	0	4252	9770	0	0	0	0	0	182	592	15796	0	0	0	0	0	0	0	0	0	0	0	0	0	0	0	0	0	120	0	0	0	0	0	0	0	0	0	0	0	0	0	0	0	238	8412	58352	2286	4120	118	6110	8232	38212	10960	0	456	404	988	6846	778	1966	236	344	700	4048	22536	13784	8754	2636	2278	580	
329012	Cerebelum_7b_L	0	0	0	0	0	0	0	0	0	0	0	0	0	0	0	0	0	0	0	0	0	0	0	0	0	0	0	0	0	0	0	0	0	0	0	0	0	0	0	0	0	0	0	0	0	0	0	382	0	0	0	0	0	0	0	258	0	0	0	0	0	0	0	0	0	0	0	0	0	0	0	0	0	0	0	0	0	0	0	0	0	0	0	0	0	0	0	0	0	0	11900	1576	53088	11378	0	0	450	0	5266	456	0	4820	42626	6624	8514	976	294	0	0	0	0	1204	9218	4376	796	304	
136588	Cerebelum_7b_R	0	0	0	0	0	0	0	0	0	0	0	0	0	0	0	0	0	0	0	0	0	0	0	0	0	0	0	0	0	0	0	0	0	0	0	0	0	0	0	0	0	0	0	0	0	0	0	0	0	0	0	0	0	0	0	0	0	0	0	0	0	0	0	0	0	0	0	0	0	0	0	0	0	0	0	0	0	0	0	0	0	0	0	0	0	0	0	0	0	0	242	3398	5668	23056	0	0	0	126	0	404	4820	0	2148	20988	0	2624	0	0	0	0	0	0	2716	2104	0	0	
434732	Cerebelum_8_L	0	0	0	0	0	0	0	0	0	0	0	0	0	0	0	0	0	0	0	0	0	0	0	0	0	0	0	0	0	0	0	0	0	0	0	0	0	0	0	0	0	0	0	0	0	0	0	1028	0	0	0	0	0	0	0	650	0	0	0	0	0	0	0	0	0	0	0	0	0	0	0	0	0	0	0	0	0	0	0	0	0	0	0	0	0	0	0	0	0	0	22732	3530	50264	8520	134	378	1016	180	7158	988	42626	2148	0	9308	26804	3612	3334	0	0	326	224	2890	11638	11264	5616	998	
379140	Cerebelum_8_R	0	0	0	0	0	0	0	0	0	0	0	0	0	0	0	0	0	0	0	0	0	0	0	0	0	0	0	0	0	0	0	0	0	0	0	0	0	0	0	0	0	0	0	0	0	0	206	0	0	0	0	0	0	0	0	156	0	0	0	0	0	0	0	0	0	0	0	0	0	0	0	0	0	0	0	0	0	0	0	0	0	0	0	0	0	0	0	0	0	0	3312	27162	8362	45222	0	1804	1248	2416	1874	6846	6624	20988	9308	0	2472	19404	0	644	516	1646	2788	1674	10570	9088	5088	152	
204848	Cerebelum_9_L	0	0	0	0	0	0	0	0	0	0	0	0	0	0	0	0	0	0	0	0	0	0	0	0	0	0	0	0	0	0	0	0	0	0	0	0	0	0	0	0	0	0	0	0	0	0	0	664	0	0	0	0	0	0	0	364	0	0	0	0	0	0	0	0	0	0	0	0	0	0	0	0	0	0	0	0	0	0	0	0	0	0	0	0	0	0	0	0	0	0	9828	1134	14810	950	1192	168	4188	268	4384	778	8514	0	26804	2472	0	2424	4846	0	376	646	1358	1682	4374	5344	3944	912	
188264	Cerebelum_9_R	0	0	0	0	0	0	0	0	0	0	0	0	0	0	0	0	0	0	0	0	0	0	0	0	0	0	0	0	0	0	0	0	0	0	0	0	0	0	0	0	0	0	0	0	0	0	230	0	0	0	0	0	0	0	0	0	0	0	0	0	0	0	0	0	0	0	0	0	0	0	0	0	0	0	0	0	0	0	0	0	0	0	0	0	0	0	0	0	0	0	3774	5256	1794	6688	148	1370	1708	900	3844	1966	976	2624	3612	19404	2424	0	248	1028	926	2006	2092	3870	4622	8912	10376	3334	
32664	Cerebelum_10_L	0	0	0	0	0	0	0	0	0	0	0	0	0	0	0	0	0	0	0	0	0	0	0	0	0	0	0	0	0	0	0	0	0	0	0	0	0	0	0	0	0	0	0	0	0	0	0	232	0	0	0	0	0	0	0	160	0	0	0	0	0	0	0	0	0	0	0	0	0	0	0	0	0	0	0	0	0	0	0	0	0	0	0	0	0	0	0	0	0	0	2564	158	1150	0	0	0	182	0	770	236	294	0	3334	0	4846	248	0	0	0	0	0	386	1078	370	324	0	
6024	Cerebelum_10_R	0	0	0	0	0	0	0	0	0	0	0	0	0	0	0	0	0	0	0	0	0	0	0	0	0	0	0	0	0	0	0	0	0	0	0	0	0	0	0	0	0	0	0	0	0	0	0	0	0	0	0	0	0	0	0	0	0	0	0	0	0	0	0	0	0	0	0	0	0	0	0	0	0	0	0	0	0	0	0	0	0	0	0	0	0	0	0	0	0	0	0	536	0	460	0	0	0	0	0	344	0	0	0	644	0	1028	0	0	0	0	0	0	0	0	0	0	
33164	Vermis_1_2	0	0	0	0	0	0	0	0	0	0	0	0	0	0	0	0	0	0	0	0	0	0	0	0	0	0	0	0	0	0	0	0	0	0	0	0	0	0	0	0	0	0	0	0	0	0	0	0	0	0	0	0	0	0	0	0	0	0	0	0	0	0	0	0	0	0	0	0	0	0	0	0	0	0	0	0	0	0	0	0	0	0	0	0	0	0	0	0	0	0	278	720	126	0	698	456	1766	106	500	700	0	0	0	516	376	926	0	0	0	4700	1868	272	854	882	838	0	
81284	Vermis_3	0	0	0	0	0	0	0	0	0	0	0	0	0	0	0	0	0	0	0	0	0	0	0	0	0	0	0	0	0	0	0	0	0	0	0	0	96	0	110	0	0	0	0	0	0	0	0	184	0	0	0	0	0	0	0	0	0	0	0	0	0	0	0	0	0	0	0	0	0	0	0	0	0	0	0	0	0	0	0	0	0	0	0	0	0	0	0	0	0	0	562	3348	250	384	1446	4542	2798	3150	840	4048	0	0	326	1646	646	2006	0	0	4700	0	4098	396	1638	1754	1674	0	
293320	Vermis_4_5	116	0	0	170	0	0	0	0	0	0	0	0	0	0	0	0	0	0	0	160	0	0	0	0	0	0	0	0	0	108	0	0	0	346	384	1232	284	528	100	170	0	0	0	254	0	0	5490	6082	0	0	0	0	0	0	990	2962	0	0	0	0	0	0	0	0	0	0	286	1788	0	154	0	0	0	122	0	0	0	0	0	0	0	0	0	0	0	0	0	0	0	0	4394	14778	294	484	612	1506	17044	21344	12746	22536	0	0	224	2788	1358	2092	0	0	1868	4098	0	7176	2234	2860	2402	2096	
