data	data	467940	333916	877184	781544	133564	88092	447584	240716	59308	22800	181628	157656	290720	267480	178888	181476	171884	76272	777356	845296	97716	101388	413540	416484	69044	130352	68100	97836	549832	329204	367620	545172	245596	547504	127428	146660	198124	253048	60316	147264	33132	50132	272456	349040	227220	304664	227120	268008	199616	239924	503492	216904	161216	103624	306108	430516	311648	253252	202396	123432	226772	139244	198016	101072	144856	138748	342020	322392	352676	167816	352108	332160	275800	290468	38188	14820	108212	180228	64224	18836	211556	93556	77944	51948	307800	212208	28588	14144	265096	222820	535288	462256	326840	322512	56360	135860	335164	272964	471200	448296	259872	138844	326916	315484	136112	147348	20856	15616	46676	107964	295808	194256	287000	172648	126888	46760	
data	data	Precentral_L	Precentral_R	Frontal_Sup_L	Frontal_Sup_R	Frontal_Sup_Orb_L	Frontal_Sup_Orb_R	Frontal_Mid_L	Frontal_Mid_R	Frontal_Mid_Orb_L	Frontal_Mid_Orb_R	Frontal_Inf_Oper_L	Frontal_Inf_Oper_R	Frontal_Inf_Tri_L	Frontal_Inf_Tri_R	Frontal_Inf_Orb_L	Frontal_Inf_Orb_R	Rolandic_Oper_L	Rolandic_Oper_R	Supp_Motor_Area_L	Supp_Motor_Area_R	Olfactory_L	Olfactory_R	Frontal_Sup_Medial_L	Frontal_Sup_Medial_R	Frontal_Med_Orb_L	Frontal_Med_Orb_R	Rectus_L	Rectus_R	Insula_L	Insula_R	Cingulum_Ant_L	Cingulum_Ant_R	Cingulum_Mid_L	Cingulum_Mid_R	Cingulum_Post_L	Cingulum_Post_R	Hippocampus_L	Hippocampus_R	ParaHippocampal_L	ParaHippocampal_R	Amygdala_L	Amygdala_R	Calcarine_L	Calcarine_R	Cuneus_L	Cuneus_R	Lingual_L	Lingual_R	Occipital_Sup_L	Occipital_Sup_R	Occipital_Mid_L	Occipital_Mid_R	Occipital_Inf_L	Occipital_Inf_R	Fusiform_L	Fusiform_R	Postcentral_L	Postcentral_R	Parietal_Sup_L	Parietal_Sup_R	Parietal_Inf_L	Parietal_Inf_R	SupraMarginal_L	SupraMarginal_R	Angular_L	Angular_R	Precuneus_L	Precuneus_R	Paracentral_Lobule_L	Paracentral_Lobule_R	Caudate_L	Caudate_R	Putamen_L	Putamen_R	Pallidum_L	Pallidum_R	Thalamus_L	Thalamus_R	Heschl_L	Heschl_R	Temporal_Sup_L	Temporal_Sup_R	Temporal_Pole_Sup_L	Temporal_Pole_Sup_R	Temporal_Mid_L	Temporal_Mid_R	Temporal_Pole_Mid_L	Temporal_Pole_Mid_R	Temporal_Inf_L	Temporal_Inf_R	Cerebelum_Crus1_L	Cerebelum_Crus1_R	Cerebelum_Crus2_L	Cerebelum_Crus2_R	Cerebelum_3_L	Cerebelum_3_R	Cerebelum_4_5_L	Cerebelum_4_5_R	Cerebelum_6_L	Cerebelum_6_R	Cerebelum_7b_L	Cerebelum_7b_R	Cerebelum_8_L	Cerebelum_8_R	Cerebelum_9_L	Cerebelum_9_R	Cerebelum_10_L	Cerebelum_10_R	Vermis_1_2	Vermis_3	Vermis_4_5	Vermis_6	Vermis_7	Vermis_8	Vermis_9	Vermis_10	
467940	Precentral_L	0	4138	20214	3664	0	0	17528	0	0	0	10978	106	2320	0	208	0	6658	0	16548	17014	0	0	462	0	0	0	0	0	9610	0	1780	310	900	8454	4218	2926	4040	656	480	0	0	0	470	0	0	0	114	0	0	0	1648	0	336	122	426	452	27640	382	1726	0	1030	0	244	0	346	0	2000	74	23304	2820	10796	886	7478	114	682	0	11312	352	1960	0	2246	0	84	0	674	0	0	0	860	180	0	0	0	0	0	0	0	0	0	0	0	0	0	0	0	0	0	0	0	0	0	0	0	0	0	0	
333916	Precentral_R	4138	0	226	28206	0	0	80	6356	0	0	92	5816	0	0	0	0	0	1888	822	21304	0	0	0	0	0	0	0	0	110	1898	0	86	482	2772	678	1174	0	4840	0	1712	0	0	0	194	0	200	0	78	0	112	0	1372	0	1498	0	3796	124	19504	0	310	0	662	0	1998	0	92	0	504	4868	11034	446	9818	182	2244	0	350	74	19308	0	88	0	372	0	0	0	972	0	0	0	4078	0	0	0	0	0	0	0	0	0	0	0	0	0	0	0	0	0	0	0	0	0	0	0	0	0	0	
877184	Frontal_Sup_L	20214	226	0	10408	6896	0	62474	386	2622	0	14058	308	23158	1080	10484	520	7026	0	72094	25398	848	0	33112	6538	1242	418	338	0	39904	438	17032	6614	9334	11142	0	110	336	106	88	0	152	0	0	0	0	0	0	0	0	0	684	0	0	0	128	0	3172	188	1010	0	422	0	100	0	128	0	594	0	13268	0	15844	858	10876	540	494	0	1884	410	268	0	1192	0	1258	0	88	0	0	0	82	0	0	0	0	0	0	0	0	0	0	0	0	0	0	0	0	0	0	0	0	0	0	0	0	0	0	0	
781544	Frontal_Sup_R	3664	28206	10408	0	0	3438	1848	36770	0	572	96	8980	122	15040	0	6966	0	3116	20842	48452	0	402	14844	40830	134	5454	0	1736	334	10322	6014	32934	1694	17818	0	238	0	3194	0	1620	0	0	0	0	0	0	0	0	0	0	0	0	0	116	0	452	116	744	0	0	0	0	0	0	0	0	0	196	2788	1942	6796	16046	2984	13432	0	564	0	17670	0	0	0	124	0	380	0	0	0	0	0	334	0	0	0	0	0	0	0	0	0	0	0	0	0	0	0	0	0	0	0	0	0	0	0	0	0	0	
133564	Frontal_Sup_Orb_L	0	0	6896	0	0	0	778	0	9898	0	0	0	436	0	12290	0	0	0	368	0	4400	350	3928	226	5788	974	5198	0	3908	0	7244	680	0	0	0	0	0	0	84	0	550	0	0	0	0	0	0	0	0	0	0	0	0	0	0	0	0	0	0	0	0	0	0	0	0	0	0	0	0	0	1194	180	848	0	0	0	0	0	0	0	0	0	564	0	0	0	0	0	0	0	0	0	0	0	0	0	0	0	0	0	0	0	0	0	0	0	0	0	0	0	0	0	0	0	0	0	
88092	Frontal_Sup_Orb_R	0	0	0	3438	0	0	0	1162	0	4016	0	0	0	86	0	1668	0	0	120	846	0	1710	306	4484	366	8990	118	9138	0	1046	1062	2110	0	0	0	0	0	94	0	0	0	0	0	0	0	0	0	0	0	0	0	0	0	0	0	0	0	0	0	0	0	0	0	0	0	0	0	0	0	0	0	1750	0	1536	0	0	0	0	0	0	0	0	0	0	0	0	0	0	0	0	0	0	0	0	0	0	0	0	0	0	0	0	0	0	0	0	0	0	0	0	0	0	0	0	0	0	
447584	Frontal_Mid_L	17528	80	62474	1848	778	0	0	82	1700	0	11916	110	37426	558	8992	218	2412	0	11246	2052	198	0	11830	1270	0	0	0	0	26240	126	7840	1530	4900	1688	0	114	332	0	104	0	0	0	0	0	0	0	0	0	0	0	92	0	0	0	80	0	474	0	0	0	0	0	0	0	0	0	0	0	1676	0	1840	180	1768	134	0	0	710	94	304	0	480	0	368	0	0	0	0	0	0	0	0	0	0	0	0	0	0	0	0	0	0	0	0	0	0	0	0	0	0	0	0	0	0	0	0	0	
240716	Frontal_Mid_R	0	6356	386	36770	0	1162	82	0	0	2472	0	6526	0	20154	0	8876	0	764	782	3818	0	0	2160	7534	0	0	0	0	0	8726	414	4812	84	2148	0	0	0	520	0	0	0	0	0	0	0	0	0	0	0	0	0	0	0	0	0	0	0	360	0	0	0	0	0	128	0	0	0	0	0	0	78	142	0	3786	0	0	0	1318	0	0	0	0	0	0	0	0	0	0	0	0	0	0	0	0	0	0	0	0	0	0	0	0	0	0	0	0	0	0	0	0	0	0	0	0	0	0	
59308	Frontal_Mid_Orb_L	0	0	2622	0	9898	0	1700	0	0	0	0	0	1026	0	10864	0	0	0	0	0	504	0	0	0	110	0	1672	0	892	0	88	0	0	0	0	0	0	0	0	0	0	0	0	0	0	0	0	0	0	0	0	0	0	0	0	0	0	0	0	0	0	0	0	0	0	0	0	0	0	0	152	0	0	0	0	0	0	0	0	0	0	0	126	0	0	0	0	0	0	0	0	0	0	0	0	0	0	0	0	0	0	0	0	0	0	0	0	0	0	0	0	0	0	0	0	0	
22800	Frontal_Mid_Orb_R	0	0	0	572	0	4016	0	2472	0	0	0	0	0	446	0	3016	0	0	0	0	0	84	0	0	0	146	0	272	0	376	0	0	0	0	0	0	0	0	0	0	0	0	0	0	0	0	0	0	0	0	0	0	0	0	0	0	0	0	0	0	0	0	0	0	0	0	0	0	0	0	0	0	0	0	0	0	0	0	0	0	0	0	0	0	0	0	0	0	0	0	0	0	0	0	0	0	0	0	0	0	0	0	0	0	0	0	0	0	0	0	0	0	0	0	0	0	
181628	Frontal_Inf_Oper_L	10978	92	14058	96	0	0	11916	0	0	0	0	0	13248	0	1388	0	7606	0	6196	126	0	0	256	0	0	0	0	0	13634	0	1006	0	0	0	0	0	466	0	0	0	0	0	0	0	0	0	0	0	0	0	84	0	0	0	0	0	1840	0	0	0	0	0	0	0	0	0	82	0	152	0	196	0	1816	0	134	0	330	0	526	0	1904	0	2684	0	0	0	0	0	0	0	0	0	0	0	0	0	0	0	0	0	0	0	0	0	0	0	0	0	0	0	0	0	0	0	0	0	
157656	Frontal_Inf_Oper_R	106	5816	308	8980	0	0	110	6526	0	0	0	0	0	10948	0	864	0	3590	2848	5652	0	0	254	906	0	0	0	0	0	12346	230	1970	120	2168	0	0	0	1588	0	244	0	0	0	0	0	0	0	0	0	0	0	0	0	0	0	134	0	4138	0	0	0	0	0	0	0	0	0	0	0	0	86	560	0	6530	0	270	0	660	0	0	0	264	0	518	0	0	0	0	0	94	0	0	0	0	0	0	0	0	0	0	0	0	0	0	0	0	0	0	0	0	0	0	0	0	0	0	
290720	Frontal_Inf_Tri_L	2320	0	23158	122	436	0	37426	0	1026	0	13248	0	0	128	14046	0	706	0	5662	650	0	0	2208	364	76	0	0	0	35754	0	2490	404	1132	712	0	0	114	0	0	0	0	0	0	0	0	0	0	0	0	0	0	0	0	0	0	0	292	0	0	0	0	0	0	0	0	0	0	0	0	0	0	0	798	0	0	0	0	0	0	0	278	0	1810	0	0	0	0	0	0	0	0	0	0	0	0	0	0	0	0	0	0	0	0	0	0	0	0	0	0	0	0	0	0	0	0	0	
267480	Frontal_Inf_Tri_R	0	0	1080	15040	0	86	558	20154	0	446	0	10948	128	0	0	20342	0	82	2450	3758	0	0	4976	6866	0	0	0	0	134	18780	1842	9818	2826	12046	0	0	0	76	0	0	0	0	0	0	0	0	0	0	0	0	0	0	0	0	0	0	0	0	0	0	0	0	0	0	0	0	0	0	0	0	0	98	0	1206	0	0	0	0	0	0	0	0	0	0	0	0	0	0	0	0	0	0	0	0	0	0	0	0	0	0	0	0	0	0	0	0	0	0	0	0	0	0	0	0	0	0	
178888	Frontal_Inf_Orb_L	208	0	10484	0	12290	0	8992	0	10864	0	1388	0	14046	0	0	0	0	0	1190	0	3058	0	1688	88	364	0	1754	0	15540	0	2442	134	100	0	0	0	282	0	0	0	540	0	0	0	0	0	0	0	0	0	0	0	0	0	0	0	0	0	0	0	0	0	0	0	0	0	0	0	0	0	288	0	1434	0	0	0	0	0	0	0	80	0	2190	0	0	0	0	0	0	0	0	0	0	0	0	0	0	0	0	0	0	0	0	0	0	0	0	0	0	0	0	0	0	0	0	0	
181476	Frontal_Inf_Orb_R	0	0	520	6966	0	1668	218	8876	0	3016	0	864	0	20342	0	0	0	0	2016	3058	0	1724	2506	2392	0	0	0	914	0	16766	1528	5466	1516	6452	0	0	0	542	0	234	0	236	0	0	0	0	0	0	0	0	0	0	0	0	0	186	0	0	0	0	0	0	0	0	0	0	0	0	0	0	84	120	0	1764	0	0	0	0	0	0	0	74	0	604	0	0	0	0	0	86	0	0	0	0	0	0	0	0	0	0	0	0	0	0	0	0	0	0	0	0	0	0	0	0	0	0	
171884	Rolandic_Oper_L	6658	0	7026	0	0	0	2412	0	0	0	7606	0	706	0	0	0	0	0	4704	76	0	0	0	0	0	0	0	0	15252	0	0	0	0	0	0	0	974	0	88	0	0	0	84	0	0	0	0	0	0	0	2358	0	814	0	392	0	7600	0	732	0	546	0	2136	0	0	0	1536	0	1122	0	1764	0	840	0	122	0	104	0	4748	0	9050	0	1142	0	3364	0	0	0	1986	0	0	0	0	0	0	0	0	0	0	0	0	0	0	0	0	0	0	0	0	0	0	0	0	0	0	0	
76272	Rolandic_Oper_R	0	1888	0	3116	0	0	0	764	0	0	0	3590	0	82	0	0	0	0	1432	4908	0	0	0	90	0	0	0	0	0	7182	0	0	0	0	0	0	0	314	0	0	0	0	0	232	0	0	0	0	0	0	0	74	0	0	0	144	0	4762	0	264	0	310	0	3604	0	0	0	0	0	228	0	314	0	1568	0	0	0	0	0	1402	0	1548	0	228	0	92	0	0	0	0	0	0	0	0	0	0	0	0	0	0	0	0	0	0	0	0	0	0	0	0	0	0	0	0	0	0	
777356	Supp_Motor_Area_L	16548	822	72094	20842	368	120	11246	782	0	0	6196	2848	5662	2450	1190	2016	4704	1432	0	57792	328	0	6500	4536	106	184	78	164	17580	3214	7446	12480	10362	29202	720	228	374	146	92	0	74	0	0	0	90	0	0	0	0	0	966	0	0	0	280	0	4348	262	1238	0	642	0	148	0	156	0	1106	0	31264	300	19730	3124	13568	1304	3232	0	2500	400	354	0	996	0	784	202	288	0	0	0	470	0	0	0	0	0	0	0	0	0	0	0	0	0	0	0	0	0	0	0	0	0	0	0	0	0	0	0	
845296	Supp_Motor_Area_R	17014	21304	25398	48452	0	846	2052	3818	0	0	126	5652	650	3758	0	3058	76	4908	57792	0	0	218	5000	9884	0	1104	0	996	1710	6970	3518	22962	10976	45850	872	4810	472	1270	0	166	0	0	0	912	0	900	0	406	0	118	0	534	0	1644	154	3620	460	4902	0	120	0	130	0	114	0	166	208	3580	15918	17474	11476	22140	4792	9724	272	1532	134	4570	0	170	218	240	0	364	0	564	0	0	0	3256	0	0	0	0	0	0	0	0	0	0	0	0	0	0	0	0	0	0	0	0	154	0	0	0	0	0	
97716	Olfactory_L	0	0	848	0	4400	0	198	0	504	0	0	0	0	0	3058	0	0	0	328	0	0	4560	524	108	2104	716	4942	898	3262	0	3798	2434	0	0	0	0	520	0	628	0	1402	0	0	0	0	0	0	0	0	0	0	0	0	0	116	0	0	0	0	0	0	0	0	0	0	0	0	0	0	0	6906	2440	2732	398	0	0	0	0	0	0	0	0	1034	0	0	0	0	0	0	0	0	0	0	0	0	0	0	0	0	0	0	0	0	0	0	0	0	0	0	0	0	0	0	0	0	0	
101388	Olfactory_R	0	0	0	402	350	1710	0	0	0	84	0	0	0	0	0	1724	0	0	0	218	4560	0	0	776	732	1842	2080	4346	0	2508	2426	4260	0	0	0	0	0	920	0	496	0	748	0	0	0	0	0	0	0	0	0	0	0	0	0	0	0	0	0	0	0	0	0	0	0	0	0	0	0	0	7070	6674	3948	2572	0	0	0	92	0	0	0	0	0	156	0	0	0	0	0	0	0	0	0	0	0	0	0	0	0	0	0	0	0	0	0	0	0	0	0	0	0	0	0	0	0	0	
413540	Frontal_Sup_Medial_L	462	0	33112	14844	3928	306	11830	2160	0	0	256	254	2208	4976	1688	2506	0	0	6500	5000	524	0	0	32824	2660	1862	414	0	4094	1668	26742	21362	6980	13520	0	0	0	0	0	0	0	0	0	0	0	0	0	0	0	0	0	0	0	0	0	0	0	0	0	0	0	0	0	0	0	0	0	0	0	0	230	1172	1488	1060	0	0	0	0	0	0	0	0	140	0	0	0	0	0	0	0	0	0	0	0	0	0	0	0	0	0	0	0	0	0	0	0	0	0	0	0	0	0	0	0	0	0	
416484	Frontal_Sup_Medial_R	0	0	6538	40830	226	4484	1270	7534	0	0	0	906	364	6866	88	2392	0	90	4536	9884	108	776	32824	0	622	10800	82	4128	402	2712	7266	29976	2930	16166	0	0	0	190	0	0	0	0	0	0	0	0	0	0	0	0	0	0	0	0	0	0	0	0	0	0	0	0	0	0	0	0	0	0	0	0	132	4876	0	8114	0	0	0	130	0	0	0	0	0	0	0	0	0	0	0	0	0	0	0	0	0	0	0	0	0	0	0	0	0	0	0	0	0	0	0	0	0	0	0	0	0	0	
69044	Frontal_Med_Orb_L	0	0	1242	134	5788	366	0	0	110	0	0	0	76	0	364	0	0	0	106	0	2104	732	2660	622	0	2218	2782	364	350	0	9328	1034	0	0	0	0	0	0	0	0	0	0	0	0	0	0	0	0	0	0	0	0	0	0	0	0	0	0	0	0	0	0	0	0	0	0	0	0	0	0	2028	278	1760	76	0	0	0	0	0	0	0	0	0	0	0	0	0	0	0	0	0	0	0	0	0	0	0	0	0	0	0	0	0	0	0	0	0	0	0	0	0	0	0	0	0	0	
130352	Frontal_Med_Orb_R	0	0	418	5454	974	8990	0	0	0	146	0	0	0	0	0	0	0	0	184	1104	716	1842	1862	10800	2218	0	574	11024	0	0	3194	7512	0	80	0	0	0	0	0	0	0	0	0	0	0	0	0	0	0	0	0	0	0	0	0	0	0	0	0	0	0	0	0	0	0	0	0	0	0	0	584	3950	228	3322	0	0	0	0	0	0	0	0	0	0	0	0	0	0	0	0	0	0	0	0	0	0	0	0	0	0	0	0	0	0	0	0	0	0	0	0	0	0	0	0	0	0	
68100	Rectus_L	0	0	338	0	5198	118	0	0	1672	0	0	0	0	0	1754	0	0	0	78	0	4942	2080	414	82	2782	574	0	836	650	0	4058	1558	0	0	0	0	0	0	0	0	342	0	0	0	0	0	0	0	0	0	0	0	0	0	0	0	0	0	0	0	0	0	0	0	0	0	0	0	0	0	3664	1018	1226	292	0	0	0	0	0	0	0	0	374	0	0	0	0	0	0	0	0	0	0	0	0	0	0	0	0	0	0	0	0	0	0	0	0	0	0	0	0	0	0	0	0	0	
97836	Rectus_R	0	0	0	1736	0	9138	0	0	0	272	0	0	0	0	0	914	0	0	164	996	898	4346	0	4128	364	11024	836	0	0	862	792	5490	0	0	0	0	0	0	0	0	0	0	0	0	0	0	0	0	0	0	0	0	0	0	0	0	0	0	0	0	0	0	0	0	0	0	0	0	0	0	850	3514	288	2228	0	0	0	0	0	0	0	0	0	78	0	0	0	0	0	0	0	0	0	0	0	0	0	0	0	0	0	0	0	0	0	0	0	0	0	0	0	0	0	0	0	0	
549832	Insula_L	9610	110	39904	334	3908	0	26240	0	892	0	13634	0	35754	134	15540	0	15252	0	17580	1710	3262	0	4094	402	350	0	650	0	0	0	5712	572	1254	852	394	386	9646	0	1412	0	2370	0	196	0	0	0	0	0	0	0	884	0	820	0	4002	0	5522	0	188	0	80	0	538	0	0	0	556	0	3248	0	1790	0	14614	0	262	0	670	0	5686	0	8886	0	5764	0	3206	0	0	0	6046	0	0	0	0	0	0	0	0	0	0	0	0	0	0	0	0	0	0	0	0	0	0	0	0	0	0	0	
329204	Insula_R	0	1898	438	10322	0	1046	126	8726	0	376	0	12346	0	18780	0	16766	0	7182	3214	6970	0	2508	1668	2712	0	0	0	862	0	0	346	2958	1242	5610	0	0	0	8522	0	2298	0	1148	0	0	0	0	0	288	0	0	0	0	0	142	0	4112	0	2316	0	0	0	0	0	0	0	0	0	222	0	0	0	826	0	17178	0	0	0	1476	0	2054	0	7100	0	4334	0	3018	0	0	0	3472	0	0	0	0	0	0	0	0	0	0	0	0	0	0	0	0	0	0	0	0	0	0	0	0	0	0	
367620	Cingulum_Ant_L	1780	0	17032	6014	7244	1062	7840	414	88	0	1006	230	2490	1842	2442	1528	0	0	7446	3518	3798	2426	26742	7266	9328	3194	4058	792	5712	346	0	21054	9954	6576	796	0	124	0	0	0	92	0	0	0	0	0	0	0	0	0	0	0	0	0	124	0	0	0	0	0	0	0	0	0	0	0	0	0	80	0	4968	4044	7322	2236	0	0	0	0	0	0	280	0	190	0	156	0	0	0	176	0	0	0	0	0	0	0	0	0	0	0	0	0	0	0	0	0	0	0	0	0	0	0	0	0	0	0	
545172	Cingulum_Ant_R	310	86	6614	32934	680	2110	1530	4812	0	0	0	1970	404	9818	134	5466	0	0	12480	22962	2434	4260	21362	29976	1034	7512	1558	5490	572	2958	21054	0	6732	26520	0	0	0	262	0	0	0	0	0	0	0	0	0	0	0	0	0	0	0	0	0	0	0	0	0	0	0	0	0	0	0	0	0	0	102	0	3538	19910	1362	13166	0	0	0	474	0	0	0	0	0	0	0	0	0	0	0	0	0	0	0	0	0	0	0	0	0	0	0	0	0	0	0	0	0	0	0	0	0	0	0	0	0	0	
245596	Cingulum_Mid_L	900	482	9334	1694	0	0	4900	84	0	0	0	120	1132	2826	100	1516	0	0	10362	10976	0	0	6980	2930	0	0	0	0	1254	1242	9954	6732	0	21698	2988	2768	0	0	0	0	0	0	710	466	598	630	274	270	494	0	754	0	0	0	0	0	254	198	402	0	0	0	96	0	0	0	4308	2052	6148	3406	512	0	0	0	0	0	0	0	0	0	94	0	0	0	0	74	0	0	0	0	0	0	0	0	0	0	0	0	0	0	0	0	0	0	0	0	0	0	0	0	86	0	0	0	0	0	
547504	Cingulum_Mid_R	8454	2772	11142	17818	0	0	1688	2148	0	0	0	2168	712	12046	0	6452	0	0	29202	45850	0	0	13520	16166	0	80	0	0	852	5610	6576	26520	21698	0	822	6008	0	104	0	0	0	0	0	1488	0	2462	0	548	0	200	0	102	0	198	0	398	0	1480	0	0	0	0	0	0	0	0	430	7918	6592	7456	2750	644	386	1220	0	0	0	496	0	0	0	0	0	0	0	100	0	0	0	338	0	0	0	0	0	0	0	0	0	0	0	0	0	0	0	0	0	0	0	0	138	0	0	0	0	0	
127428	Cingulum_Post_L	4218	678	0	0	0	0	0	0	0	0	0	0	0	0	0	0	0	0	720	872	0	0	0	0	0	0	0	0	394	0	796	0	2988	822	0	9250	5918	3038	362	736	0	0	4788	0	1752	0	2352	600	224	0	880	0	216	0	158	506	990	86	0	0	0	0	0	0	0	0	7330	954	7182	752	0	0	0	0	0	0	2624	238	456	0	0	0	0	0	202	0	0	0	252	0	0	0	0	0	0	0	0	244	0	0	0	0	0	0	0	0	0	0	0	0	136	0	0	0	0	0	
146660	Cingulum_Post_R	2926	1174	110	238	0	0	114	0	0	0	0	0	0	0	0	0	0	0	228	4810	0	0	0	0	0	0	0	0	386	0	0	0	2768	6008	9250	0	3790	5992	220	1810	0	0	0	876	84	774	0	3330	0	0	0	110	0	320	0	2660	242	1118	0	0	0	0	0	0	0	0	556	9194	1570	3690	232	158	0	0	0	0	4106	1366	450	0	0	0	0	0	0	100	0	0	0	728	0	0	0	0	0	0	0	556	0	0	0	0	0	0	0	0	0	0	0	0	1286	0	0	0	0	0	
198124	Hippocampus_L	4040	0	336	0	0	0	332	0	0	0	466	0	114	0	282	0	974	0	374	472	520	0	0	0	0	0	0	0	9646	0	124	0	0	0	5918	3790	0	2208	9372	552	4672	0	2668	0	0	0	4228	614	0	0	376	0	746	0	12136	0	1330	0	228	0	0	0	0	0	0	0	3392	390	340	0	160	0	4830	0	674	0	2972	114	1964	0	3148	0	1198	0	2422	0	224	0	10000	0	0	0	0	0	0	0	218	218	0	0	0	0	0	0	0	0	0	0	0	178	102	0	0	0	0	0	
253048	Hippocampus_R	656	4840	106	3194	0	94	0	520	0	0	0	1588	0	76	0	542	0	314	146	1270	0	920	0	190	0	0	0	0	0	8522	0	262	0	104	3038	5992	2208	0	78	22578	0	8808	0	342	0	154	0	4348	0	186	0	116	0	410	0	18668	0	1062	0	0	0	0	0	0	0	0	0	4314	272	274	130	0	0	9814	0	158	2626	6488	132	828	0	1616	0	1232	0	1550	0	0	0	3060	0	0	0	0	0	0	0	1722	0	144	0	0	0	0	0	0	0	0	0	0	832	0	0	0	0	0	
60316	ParaHippocampal_L	480	0	88	0	84	0	104	0	0	0	0	0	0	0	0	0	88	0	92	0	628	0	0	0	0	0	0	0	1412	0	0	0	0	0	362	220	9372	78	0	0	1880	0	558	0	0	0	2336	0	0	0	0	0	366	0	5446	0	0	0	0	0	0	0	0	0	0	0	662	0	0	0	80	0	784	0	86	0	168	0	178	0	706	0	416	0	478	0	234	0	1734	0	134	0	0	0	140	0	378	0	296	0	0	0	0	0	0	0	0	0	0	90	0	0	0	0	0	0	
147264	ParaHippocampal_R	0	1712	0	1620	0	0	0	0	0	0	0	244	0	0	0	234	0	0	0	166	0	496	0	0	0	0	0	0	0	2298	0	0	0	0	736	1810	552	22578	0	0	0	6754	0	274	0	88	0	3550	0	100	0	0	0	256	0	12718	0	136	0	0	0	0	0	0	0	0	0	2134	0	0	0	0	0	2420	0	126	792	4180	0	534	0	448	0	2268	0	272	0	890	0	518	0	0	0	0	0	154	0	1732	0	250	0	0	0	0	0	0	0	0	0	0	592	0	0	0	0	0	
33132	Amygdala_L	0	0	152	0	550	0	0	0	0	0	0	0	0	0	540	0	0	0	74	0	1402	0	0	0	0	0	342	0	2370	0	92	0	0	0	0	0	4672	0	1880	0	0	0	0	0	0	0	0	0	0	0	0	0	0	0	2086	0	0	0	0	0	0	0	0	0	0	0	0	0	0	0	184	0	130	0	0	0	0	0	0	0	236	0	1174	0	80	0	82	0	520	0	0	0	0	0	0	0	0	0	0	0	0	0	0	0	0	0	0	0	0	0	0	0	0	0	0	0	
50132	Amygdala_R	0	0	0	0	0	0	0	0	0	0	0	0	0	0	0	236	0	0	0	0	0	748	0	0	0	0	0	0	0	1148	0	0	0	0	0	0	0	8808	0	6754	0	0	0	0	0	0	0	0	0	0	0	0	0	0	0	4108	0	0	0	0	0	0	0	0	0	0	0	0	0	0	0	0	0	1308	0	0	0	132	0	0	0	0	0	1672	0	0	0	0	0	152	0	0	0	0	0	0	0	0	0	0	0	0	0	0	0	0	0	0	0	0	0	0	0	0	0	0	
272456	Calcarine_L	470	0	0	0	0	0	0	0	0	0	0	0	0	0	0	0	84	0	0	0	0	0	0	0	0	0	0	0	196	0	0	0	710	0	4788	0	2668	0	558	0	0	0	0	8244	22484	3434	15696	3432	13056	498	23252	186	5932	98	3222	270	940	0	358	0	0	0	0	0	0	0	17924	802	1548	0	214	0	0	0	0	0	0	0	0	0	148	0	0	0	1274	0	0	0	3540	0	0	0	0	0	0	0	202	0	0	0	0	0	0	0	0	0	0	0	0	0	0	0	0	0	0	0	
349040	Calcarine_R	0	194	0	0	0	0	0	0	0	0	0	0	0	0	0	0	0	232	0	912	0	0	0	0	0	0	0	0	0	0	0	0	466	1488	0	876	0	342	0	274	0	0	8244	0	8052	34908	872	17488	200	21440	0	15142	0	5562	0	9740	0	4046	108	2456	0	2338	0	1126	0	2306	1552	22254	0	1586	0	0	0	0	0	0	0	0	0	0	0	450	0	0	0	4736	0	0	0	4720	0	0	0	0	0	0	0	216	0	0	0	0	0	0	0	0	0	0	0	0	194	0	0	0	0	0	
227220	Cuneus_L	0	0	0	0	0	0	0	0	0	0	0	0	0	0	0	0	0	0	90	0	0	0	0	0	0	0	0	0	0	0	0	0	598	0	1752	84	0	0	0	0	0	0	22484	8052	0	9330	3908	962	23758	1928	15760	328	2228	0	818	0	706	0	3578	0	104	0	336	0	1014	0	10844	694	1244	0	0	0	0	0	0	0	0	0	0	0	0	0	0	0	1964	0	0	0	1046	0	0	0	0	0	0	0	0	0	0	0	0	0	0	0	0	0	0	0	0	0	0	0	0	0	0	0	
304664	Cuneus_R	0	200	0	0	0	0	0	0	0	0	0	0	0	0	0	0	0	0	0	900	0	0	0	0	0	0	0	0	0	0	0	0	630	2462	0	774	0	154	0	88	0	0	3434	34908	9330	0	304	4134	0	32648	0	11106	0	504	0	670	0	4262	0	5774	0	1770	0	668	0	1634	3658	25496	0	2030	0	0	0	176	0	0	0	0	0	0	0	502	0	0	0	3416	0	0	0	700	0	0	0	0	0	0	0	0	0	0	0	0	0	0	0	0	0	0	0	0	0	0	0	0	0	0	
227120	Lingual_L	114	0	0	0	0	0	0	0	0	0	0	0	0	0	0	0	0	0	0	0	0	0	0	0	0	0	0	0	0	0	0	0	274	0	2352	0	4228	0	2336	0	0	0	15696	872	3908	304	0	2428	4472	174	12228	0	4526	0	11972	522	398	0	384	0	0	0	0	0	0	0	6292	0	456	0	0	0	0	0	0	0	78	0	100	0	412	0	0	0	590	0	0	0	1360	0	6354	816	568	0	104	0	9648	0	11464	1062	80	0	98	0	0	0	0	0	0	98	3388	2758	646	0	0	0	
268008	Lingual_R	0	78	0	0	0	0	0	0	0	0	0	0	0	0	0	0	0	0	0	406	0	0	0	0	0	0	0	0	0	288	0	0	270	548	600	3330	614	4348	0	3550	0	0	3432	17488	962	4134	2428	0	0	3436	0	1926	0	4586	920	20260	0	138	0	0	0	0	0	0	0	120	0	11426	0	402	0	0	0	0	0	0	516	614	0	210	0	0	0	0	0	462	0	0	0	2638	3558	6466	296	88	0	432	874	5050	4620	8644	0	0	0	0	0	0	0	0	86	160	5106	7290	1122	0	82	0	
199616	Occipital_Sup_L	0	0	0	0	0	0	0	0	0	0	0	0	0	0	0	0	0	0	0	0	0	0	0	0	0	0	0	0	0	0	0	0	494	0	224	0	0	0	0	0	0	0	13056	200	23758	0	4472	0	0	0	32396	0	910	0	0	0	728	0	6238	0	1180	0	1092	0	2182	0	11128	0	252	0	0	0	0	0	0	0	0	0	0	0	0	0	0	0	1318	0	0	0	180	0	0	0	0	0	0	0	0	0	0	0	0	0	0	0	0	0	0	0	0	0	0	0	0	0	0	0	
239924	Occipital_Sup_R	0	112	0	0	0	0	0	0	0	0	0	0	0	0	0	0	0	0	0	118	0	0	0	0	0	0	0	0	0	0	0	0	0	200	0	0	0	186	0	100	0	0	498	21440	1928	32648	174	3436	0	0	0	21882	0	1472	0	740	0	948	0	7556	0	1748	0	1346	0	6138	1254	7836	0	280	0	0	0	202	0	0	0	0	0	0	0	658	0	0	0	5904	0	0	0	1158	0	0	0	0	0	0	0	0	0	0	0	0	0	0	0	0	0	0	0	0	0	0	0	0	0	0	
503492	Occipital_Mid_L	1648	0	684	0	0	0	92	0	0	0	84	0	0	0	0	0	2358	0	966	0	0	0	0	0	0	0	0	0	884	0	0	0	754	0	880	0	376	0	0	0	0	0	23252	0	15760	0	12228	0	32396	0	0	0	24612	0	7922	0	11178	0	16926	0	15466	0	11924	0	19592	0	23778	0	1792	0	338	0	126	0	0	0	0	0	378	0	3138	0	0	0	18964	0	0	0	3250	0	0	0	0	0	0	0	0	0	0	0	0	0	0	0	0	0	0	0	0	0	0	0	0	0	0	0	
216904	Occipital_Mid_R	0	1372	0	0	0	0	0	0	0	0	0	0	0	0	0	0	0	74	0	534	0	0	0	0	0	0	0	0	0	0	0	0	0	102	0	110	0	116	0	0	0	0	186	15142	328	11106	0	1926	0	21882	0	0	0	4358	0	1010	0	942	0	2600	0	4988	0	684	0	16978	540	3914	0	822	0	0	0	126	0	0	0	0	0	0	0	414	0	0	0	12062	0	0	0	6136	0	0	0	0	0	0	0	0	0	0	0	0	0	0	0	0	0	0	0	0	0	0	0	0	0	0	
161216	Occipital_Inf_L	336	0	0	0	0	0	0	0	0	0	0	0	0	0	0	0	814	0	0	0	0	0	0	0	0	0	0	0	820	0	0	0	0	0	216	0	746	0	366	0	0	0	5932	0	2228	0	4526	0	910	0	24612	0	0	0	13476	0	2492	0	76	0	106	0	232	0	88	0	3212	0	750	0	82	0	0	0	0	0	0	0	612	0	458	0	0	0	9490	0	0	0	7354	0	296	0	0	0	0	0	0	0	276	0	0	0	0	0	0	0	0	0	0	0	0	102	0	0	0	0	
103624	Occipital_Inf_R	122	1498	0	116	0	0	0	0	0	0	0	0	0	0	0	0	0	0	0	1644	0	0	0	0	0	0	0	0	0	142	0	0	0	198	0	320	0	410	0	256	0	0	98	5562	0	504	0	4586	0	1472	0	4358	0	0	0	13012	0	578	0	0	0	108	0	0	0	436	0	3796	98	1870	0	0	0	0	0	0	0	110	0	0	0	102	0	0	0	1876	0	0	0	7626	164	90	0	0	0	0	0	0	186	272	0	0	0	0	0	0	0	0	0	0	0	202	0	0	0	0	
306108	Fusiform_L	426	0	128	0	0	0	80	0	0	0	0	0	0	0	0	0	392	0	280	154	116	0	0	0	0	0	0	0	4002	0	124	0	0	0	158	0	12136	0	5446	0	2086	0	3222	0	818	0	11972	920	0	0	7922	0	13476	0	0	548	920	0	0	0	0	0	122	0	0	0	2454	0	440	0	0	0	1496	0	0	0	0	0	594	0	2894	0	1874	0	6552	0	1784	0	15488	0	15442	196	2006	0	204	0	9988	154	20172	608	0	0	336	0	0	0	0	0	0	0	3130	1518	276	0	0	0	
430516	Fusiform_R	452	3796	0	452	0	0	0	0	0	0	0	134	0	0	0	186	0	144	0	3620	0	0	0	0	0	0	0	0	0	4112	0	0	0	398	506	2660	0	18668	0	12718	0	4108	270	9740	0	670	522	20260	0	740	0	1010	0	13012	548	0	0	1970	0	0	0	0	0	170	0	98	0	7358	400	3338	0	142	0	2582	0	0	0	916	0	588	0	2722	0	6136	0	3962	0	1690	0	19726	2628	17212	226	1374	0	412	1266	7962	3548	19724	128	0	0	278	260	186	0	0	0	0	5406	3386	664	74	0	0	
311648	Postcentral_L	27640	124	3172	116	0	0	474	0	0	0	1840	0	292	0	0	0	7600	0	4348	460	0	0	0	0	0	0	0	0	5522	0	0	0	254	0	990	242	1330	0	0	0	0	0	940	0	706	0	398	0	728	0	11178	0	2492	0	920	0	0	0	13614	0	18052	0	12370	0	5216	0	10566	0	8724	0	4266	0	1264	0	636	0	544	0	1792	0	1620	0	0	0	3962	0	0	0	1432	0	0	0	0	0	0	0	0	0	0	0	0	0	0	0	0	0	0	0	0	0	0	0	0	0	0	0	
253252	Postcentral_R	382	19504	188	744	0	0	0	360	0	0	0	4138	0	0	0	0	0	4762	262	4902	0	0	0	0	0	0	0	0	0	2316	0	0	198	1480	86	1118	0	1062	0	136	0	0	0	4046	0	4262	0	138	0	948	0	942	0	578	0	1970	0	0	0	12924	0	14592	0	16540	0	2204	0	8410	324	6592	368	596	0	1750	0	102	0	618	0	128	0	2380	0	0	0	1918	0	0	0	2658	0	0	0	0	0	0	0	0	0	0	0	0	0	0	0	0	0	0	0	0	0	0	0	0	0	0	
202396	Parietal_Sup_L	1726	0	1010	0	0	0	0	0	0	0	0	0	0	0	0	0	732	0	1238	0	0	0	0	0	0	0	0	0	188	0	0	0	402	0	0	0	228	0	0	0	0	0	358	108	3578	0	384	0	6238	0	16926	0	76	0	0	0	13614	0	0	0	18686	0	7462	0	7388	0	16466	0	1606	0	796	0	350	0	198	0	0	0	0	0	1190	0	0	0	250	0	0	0	0	0	0	0	0	0	0	0	0	0	0	0	0	0	0	0	0	0	0	0	0	0	0	0	0	0	0	0	
123432	Parietal_Sup_R	0	310	0	0	0	0	0	0	0	0	0	0	0	0	0	0	0	264	0	120	0	0	0	0	0	0	0	0	0	0	0	0	0	0	0	0	0	0	0	0	0	0	0	2456	0	5774	0	0	0	7556	0	2600	0	0	0	0	0	12924	0	0	0	13994	0	3154	0	5172	0	6156	0	466	0	0	0	0	0	0	0	0	0	0	0	418	0	0	0	274	0	0	0	78	0	0	0	0	0	0	0	0	0	0	0	0	0	0	0	0	0	0	0	0	0	0	0	0	0	0	
226772	Parietal_Inf_L	1030	0	422	0	0	0	0	0	0	0	0	0	0	0	0	0	546	0	642	0	0	0	0	0	0	0	0	0	80	0	0	0	0	0	0	0	0	0	0	0	0	0	0	0	104	0	0	0	1180	0	15466	0	106	0	0	0	18052	0	18686	0	0	0	26362	0	14834	0	5292	0	620	0	1004	0	118	0	0	0	0	0	0	0	1900	0	0	0	4394	0	0	0	2548	0	0	0	0	0	0	0	0	0	0	0	0	0	0	0	0	0	0	0	0	0	0	0	0	0	0	0	
139244	Parietal_Inf_R	0	662	0	0	0	0	0	0	0	0	0	0	0	0	0	0	0	310	0	130	0	0	0	0	0	0	0	0	0	0	0	0	0	0	0	0	0	0	0	0	0	0	0	2338	0	1770	0	0	0	1748	0	4988	0	108	0	0	0	14592	0	13994	0	0	0	8948	0	13518	0	2586	0	226	0	0	0	0	0	0	0	0	0	0	0	764	0	0	0	2672	0	0	0	268	0	0	0	0	0	0	0	0	0	0	0	0	0	0	0	0	0	0	0	0	0	0	0	0	0	0	
198016	SupraMarginal_L	244	0	100	0	0	0	0	0	0	0	0	0	0	0	0	0	2136	0	148	0	0	0	0	0	0	0	0	0	538	0	0	0	96	0	0	0	0	0	0	0	0	0	0	0	336	0	0	0	1092	0	11924	0	232	0	122	0	12370	0	7462	0	26362	0	0	0	9894	0	6448	0	152	0	416	0	0	0	0	0	0	0	0	0	6110	0	0	0	9640	0	0	0	3186	0	0	0	0	0	0	0	0	0	0	0	0	0	0	0	0	0	0	0	0	0	0	0	0	0	0	0	
101072	SupraMarginal_R	0	1998	0	0	0	0	0	128	0	0	0	0	0	0	0	0	0	3604	0	114	0	0	0	0	0	0	0	0	0	0	0	0	0	0	0	0	0	0	0	0	0	0	0	1126	0	668	0	0	0	1346	0	684	0	0	0	170	0	16540	0	3154	0	8948	0	0	0	4264	0	1334	0	86	0	0	0	0	0	0	0	0	0	0	0	2532	0	0	0	3592	0	0	0	248	0	0	0	0	0	0	0	0	0	0	0	0	0	0	0	0	0	0	0	0	0	0	0	0	0	0	
144856	Angular_L	346	0	128	0	0	0	0	0	0	0	0	0	0	0	0	0	0	0	156	0	0	0	0	0	0	0	0	0	0	0	0	0	0	0	0	0	0	0	0	0	0	0	0	0	1014	0	0	0	2182	0	19592	0	88	0	0	0	5216	0	7388	0	14834	0	9894	0	0	0	3012	0	166	0	0	0	0	0	0	0	0	0	0	0	2718	0	0	0	5694	0	0	0	0	0	0	0	0	0	0	0	0	0	0	0	0	0	0	0	0	0	0	0	0	0	0	0	0	0	0	0	
138748	Angular_R	0	92	0	0	0	0	0	0	0	0	0	0	0	0	0	0	0	0	0	166	0	0	0	0	0	0	0	0	0	0	0	0	0	0	0	0	0	0	0	0	0	0	0	2306	0	1634	0	120	0	6138	0	16978	0	436	0	98	0	2204	0	5172	0	13518	0	4264	0	0	0	2018	0	188	0	0	0	0	0	0	0	0	0	0	0	1506	0	0	0	10240	0	0	0	2296	0	0	0	0	0	0	0	0	0	0	0	0	0	0	0	0	0	0	0	0	0	0	0	0	0	0	
342020	Precuneus_L	2000	0	594	0	0	0	0	0	0	0	82	0	0	0	0	0	1536	0	1106	208	0	0	0	0	0	0	0	0	556	0	0	0	4308	430	7330	556	3392	0	662	0	0	0	17924	1552	10844	3658	6292	0	11128	1254	23778	540	3212	0	2454	0	10566	0	16466	0	5292	0	6448	0	3012	0	0	2892	7118	134	596	0	216	0	158	0	0	0	168	0	2924	0	0	0	4192	0	0	0	5286	0	0	0	0	0	0	0	146	0	0	0	0	0	0	0	0	0	0	0	0	0	0	0	0	0	0	0	
322392	Precuneus_R	74	504	0	196	0	0	0	0	0	0	0	0	0	0	0	0	0	0	0	3580	0	0	0	0	0	0	0	0	0	222	0	0	2052	7918	954	9194	390	4314	0	2134	0	0	802	22254	694	25496	0	11426	0	7836	0	3914	0	3796	0	7358	0	8410	0	6156	0	2586	0	1334	0	2018	2892	0	92	7234	0	102	0	286	0	0	570	204	0	140	0	462	0	0	0	5106	0	0	0	5520	0	0	0	0	0	0	0	1302	0	0	0	0	0	0	0	0	0	0	0	0	1674	0	0	0	0	0	
352676	Paracentral_Lobule_L	23304	4868	13268	2788	0	0	1676	0	0	0	152	0	0	0	0	0	1122	0	31264	15918	0	0	0	0	0	0	0	0	3248	0	80	102	6148	6592	7182	1570	340	272	0	0	0	0	1548	0	1244	0	456	0	252	0	1792	0	750	98	440	400	8724	324	1606	0	620	0	152	0	166	0	7118	92	0	3816	8808	522	7918	0	3232	0	2568	216	314	0	558	0	0	0	1152	0	0	0	1376	182	0	0	0	0	0	0	0	0	0	0	0	0	0	0	0	0	0	0	0	0	0	0	0	0	0	0	
167816	Paracentral_Lobule_R	2820	11034	0	1942	0	0	0	0	0	0	0	0	0	0	0	0	0	228	300	17474	0	0	0	0	0	0	0	0	0	0	0	0	3406	7456	752	3690	0	274	0	0	0	0	0	1586	0	2030	0	402	0	280	0	822	0	1870	0	3338	0	6592	0	466	0	226	0	86	0	188	134	7234	3816	0	0	586	0	0	0	0	0	578	0	0	0	102	0	0	0	666	0	0	0	3380	0	0	0	0	0	0	0	0	0	0	0	0	0	0	0	0	0	0	0	0	150	0	0	0	0	0	
352108	Caudate_L	10796	446	15844	6796	1194	0	1840	78	152	0	196	86	0	0	288	84	1764	0	19730	11476	6906	7070	230	132	2028	584	3664	850	1790	0	4968	3538	512	2750	0	232	160	130	80	0	184	0	214	0	0	0	0	0	0	0	338	0	82	0	0	0	4266	368	796	0	1004	0	416	0	0	0	596	0	8808	0	0	14098	19098	2816	2258	574	11352	828	648	0	386	0	90	0	120	0	0	0	320	0	0	0	0	0	0	0	0	0	0	0	0	0	0	0	0	0	0	0	0	0	0	0	0	0	0	0	
332160	Caudate_R	886	9818	858	16046	180	1750	180	142	0	0	0	560	0	98	0	120	0	314	3124	22140	2440	6674	1172	4876	278	3950	1018	3514	0	826	4044	19910	0	644	0	158	0	0	0	0	0	0	0	0	0	0	0	0	0	0	0	0	0	0	0	142	0	596	0	0	0	0	0	0	0	0	0	102	522	586	14098	0	6530	17684	234	1806	206	17702	0	0	0	0	0	0	0	0	0	0	0	152	0	0	0	0	0	0	0	0	0	0	0	0	0	0	0	0	0	0	0	0	0	0	0	0	0	0	
275800	Putamen_L	7478	182	10876	2984	848	0	1768	0	0	0	1816	0	798	0	1434	0	840	0	13568	4792	2732	3948	1488	0	1760	228	1226	288	14614	0	7322	1362	0	386	0	0	4830	0	784	0	130	0	0	0	0	0	0	0	0	0	126	0	0	0	1496	0	1264	0	350	0	118	0	0	0	0	0	216	0	7918	0	19098	6530	0	1426	4968	128	1326	88	152	0	2302	0	1202	0	0	0	0	0	710	0	0	0	0	0	0	0	0	0	0	0	0	0	0	0	0	0	0	0	0	0	0	0	0	0	0	0	
290468	Putamen_R	114	2244	540	13432	0	1536	134	3786	0	0	0	6530	0	1206	0	1764	0	1568	1304	9724	398	2572	1060	8114	76	3322	292	2228	0	17178	2236	13166	0	1220	0	0	0	9814	0	2420	0	1308	0	0	0	176	0	0	0	202	0	126	0	0	0	2582	0	1750	0	0	0	0	0	0	0	0	0	286	0	0	2816	17684	1426	0	0	1800	0	2200	0	282	0	998	0	1988	0	538	0	0	0	1094	0	0	0	0	0	0	0	0	0	0	0	0	0	0	0	0	0	0	0	0	0	0	0	0	0	0	
38188	Pallidum_L	682	0	494	0	0	0	0	0	0	0	134	0	0	0	0	0	122	0	3232	272	0	0	0	0	0	0	0	0	262	0	0	0	0	0	0	0	674	0	86	0	0	0	0	0	0	0	0	0	0	0	0	0	0	0	0	0	636	0	198	0	0	0	0	0	0	0	158	0	3232	0	2258	234	4968	0	0	0	1452	0	0	0	0	0	0	0	0	0	0	0	0	0	0	0	0	0	0	0	0	0	0	0	0	0	0	0	0	0	0	0	0	0	0	0	0	0	0	0	
14820	Pallidum_R	0	350	0	564	0	0	0	0	0	0	0	270	0	0	0	0	0	0	0	1532	0	0	0	0	0	0	0	0	0	0	0	0	0	0	0	0	0	158	0	126	0	0	0	0	0	0	0	0	0	0	0	0	0	0	0	0	0	102	0	0	0	0	0	0	0	0	0	0	0	0	574	1806	128	1800	0	0	0	0	0	0	0	0	0	0	0	0	0	0	0	0	0	0	0	0	0	0	0	0	0	0	0	0	0	0	0	0	0	0	0	0	0	0	0	0	0	0	
108212	Thalamus_L	11312	74	1884	0	0	0	710	0	0	0	330	0	0	0	0	0	104	0	2500	134	0	0	0	0	0	0	0	0	670	0	0	0	0	0	2624	4106	2972	2626	168	792	0	0	0	0	0	0	78	516	0	0	0	0	0	0	0	0	544	0	0	0	0	0	0	0	0	0	0	570	2568	0	11352	206	1326	0	1452	0	0	3818	122	0	104	0	0	0	112	0	0	0	134	0	0	0	0	0	0	0	0	198	0	0	0	0	0	0	0	0	0	0	0	0	0	0	0	0	0	0	
180228	Thalamus_R	352	19308	410	17670	0	0	94	1318	0	0	0	660	0	0	0	0	0	0	400	4570	0	92	0	130	0	0	0	0	0	1476	0	474	0	496	238	1366	114	6488	0	4180	0	132	0	0	0	0	0	614	0	0	0	0	0	110	0	916	0	618	0	0	0	0	0	0	0	0	0	204	216	578	828	17702	88	2200	0	0	3818	0	0	346	0	570	0	0	0	408	0	0	0	856	0	0	0	0	0	0	0	74	0	0	0	0	0	0	0	0	0	0	0	0	0	0	0	0	0	0	
64224	Heschl_L	1960	0	268	0	0	0	304	0	0	0	526	0	0	0	0	0	4748	0	354	0	0	0	0	0	0	0	0	0	5686	0	0	0	0	0	456	450	1964	132	178	0	0	0	0	0	0	0	100	0	0	0	378	0	612	0	594	0	1792	0	0	0	0	0	0	0	0	0	168	0	314	0	648	0	152	0	0	0	122	0	0	0	5380	0	0	0	1866	0	0	0	2960	0	0	0	0	0	0	0	0	0	0	0	0	0	0	0	0	0	0	0	0	0	0	0	0	0	0	0	
18836	Heschl_R	0	88	0	0	0	0	0	0	0	0	0	0	0	0	0	0	0	1402	0	170	0	0	0	0	0	0	0	0	0	2054	0	0	0	0	0	0	0	828	0	534	0	0	0	0	0	0	0	210	0	0	0	0	0	0	0	588	0	128	0	0	0	0	0	0	0	0	0	140	0	0	0	0	0	282	0	0	0	346	0	0	0	1928	0	0	0	328	0	0	0	392	0	0	0	0	0	0	0	0	0	0	0	0	0	0	0	0	0	0	0	0	0	0	0	0	0	0	
211556	Temporal_Sup_L	2246	0	1192	0	0	0	480	0	0	0	1904	0	278	0	80	0	9050	0	996	218	0	0	0	0	0	0	0	0	8886	0	280	0	94	0	0	0	3148	0	706	0	236	0	148	0	0	0	412	0	0	0	3138	0	458	0	2894	0	1620	0	1190	0	1900	0	6110	0	2718	0	2924	0	558	0	386	0	2302	0	0	0	104	0	5380	0	0	0	2444	0	25720	0	0	0	15578	0	0	0	0	0	0	0	0	0	0	0	0	0	0	0	0	0	0	0	0	0	0	0	0	0	0	0	
93556	Temporal_Sup_R	0	372	0	124	0	0	0	0	0	0	0	264	0	0	0	74	0	1548	0	240	0	0	0	0	0	0	0	0	0	7100	0	0	0	0	0	0	0	1616	0	448	0	0	0	450	0	502	0	0	0	658	0	414	0	102	0	2722	0	2380	0	418	0	764	0	2532	0	1506	0	462	0	102	0	0	0	998	0	0	0	570	0	1928	0	0	0	2624	0	11968	0	100	0	3792	0	0	0	0	0	0	0	0	0	0	0	0	0	0	0	0	0	0	0	0	0	0	0	0	0	0	
77944	Temporal_Pole_Sup_L	84	0	1258	0	564	0	368	0	126	0	2684	0	1810	0	2190	0	1142	0	784	0	1034	0	140	0	0	0	374	0	5764	0	190	0	0	0	0	0	1198	0	416	0	1174	0	0	0	0	0	0	0	0	0	0	0	0	0	1874	0	0	0	0	0	0	0	0	0	0	0	0	0	0	0	90	0	1202	0	0	0	0	0	0	0	2444	0	0	0	5082	0	3594	0	3386	0	0	0	0	0	0	0	0	0	0	0	0	0	0	0	0	0	0	0	0	0	0	0	0	0	0	0	
51948	Temporal_Pole_Sup_R	0	0	0	380	0	0	0	0	0	0	0	518	0	0	0	604	0	228	202	364	0	156	0	0	0	0	0	78	0	4334	0	0	0	0	0	0	0	1232	0	2268	0	1672	0	0	0	0	0	0	0	0	0	0	0	0	0	6136	0	0	0	0	0	0	0	0	0	0	0	0	0	0	0	0	0	1988	0	0	0	0	0	0	0	2624	0	0	0	294	0	1124	0	1772	0	0	0	0	0	0	0	0	0	0	0	0	0	0	0	0	0	0	0	0	0	0	0	0	0	0	
307800	Temporal_Mid_L	674	0	88	0	0	0	0	0	0	0	0	0	0	0	0	0	3364	0	288	0	0	0	0	0	0	0	0	0	3206	0	156	0	0	0	202	0	2422	0	478	0	80	0	1274	0	1964	0	590	0	1318	0	18964	0	9490	0	6552	0	3962	0	250	0	4394	0	9640	0	5694	0	4192	0	1152	0	120	0	0	0	0	0	112	0	1866	0	25720	0	5082	0	0	0	4528	0	35970	0	108	0	0	0	0	0	0	0	0	0	0	0	0	0	0	0	0	0	0	0	0	0	0	0	0	0	
212208	Temporal_Mid_R	0	972	0	0	0	0	0	0	0	0	0	0	0	0	0	0	0	92	0	564	0	0	0	0	0	0	0	0	0	3018	0	0	74	100	0	100	0	1550	0	272	0	0	0	4736	0	3416	0	462	0	5904	0	12062	0	1876	0	3962	0	1918	0	274	0	2672	0	3592	0	10240	0	5106	0	666	0	0	0	538	0	0	0	408	0	328	0	11968	0	294	0	0	0	2078	0	26862	0	0	0	0	0	0	0	0	0	0	0	0	0	0	0	0	0	0	0	0	0	0	0	0	0	0	
28588	Temporal_Pole_Mid_L	0	0	0	0	0	0	0	0	0	0	0	0	0	0	0	0	0	0	0	0	0	0	0	0	0	0	0	0	0	0	0	0	0	0	0	0	224	0	234	0	82	0	0	0	0	0	0	0	0	0	0	0	0	0	1784	0	0	0	0	0	0	0	0	0	0	0	0	0	0	0	0	0	0	0	0	0	0	0	0	0	0	0	3594	0	4528	0	0	0	3848	0	0	0	0	0	0	0	0	0	0	0	0	0	0	0	0	0	0	0	0	0	0	0	0	0	0	0	
14144	Temporal_Pole_Mid_R	0	0	0	0	0	0	0	0	0	0	0	0	0	0	0	0	0	0	0	0	0	0	0	0	0	0	0	0	0	0	0	0	0	0	0	0	0	0	0	890	0	0	0	0	0	0	0	0	0	0	0	0	0	0	0	1690	0	0	0	0	0	0	0	0	0	0	0	0	0	0	0	0	0	0	0	0	0	0	0	0	0	100	0	1124	0	2078	0	0	0	1190	0	0	0	0	0	0	0	0	0	0	0	0	0	0	0	0	0	0	0	0	0	0	0	0	0	0	
265096	Temporal_Inf_L	860	0	82	0	0	0	0	0	0	0	0	0	0	0	0	0	1986	0	470	0	0	0	0	0	0	0	0	0	6046	0	176	0	0	0	252	0	10000	0	1734	0	520	0	3540	0	1046	0	1360	0	180	0	3250	0	7354	0	15488	0	1432	0	0	0	2548	0	3186	0	0	0	5286	0	1376	0	320	0	710	0	0	0	134	0	2960	0	15578	0	3386	0	35970	0	3848	0	0	0	1030	0	244	0	0	0	0	0	92	0	0	0	104	0	0	0	0	0	0	0	0	0	0	0	0	0	
222820	Temporal_Inf_R	180	4078	0	334	0	0	0	0	0	0	0	94	0	0	0	86	0	0	0	3256	0	0	0	0	0	0	0	0	0	3472	0	0	0	338	0	728	0	3060	0	518	0	152	0	4720	0	700	0	2638	0	1158	0	6136	0	7626	0	19726	0	2658	0	78	0	268	0	248	0	2296	0	5520	182	3380	0	152	0	1094	0	0	0	856	0	392	0	3792	0	1772	0	26862	0	1190	0	0	0	1392	0	82	0	0	0	0	0	122	0	0	0	0	0	0	0	0	0	0	74	0	0	0	0	0	
535288	Cerebelum_Crus1_L	0	0	0	0	0	0	0	0	0	0	0	0	0	0	0	0	0	0	0	0	0	0	0	0	0	0	0	0	0	0	0	0	0	0	0	0	0	0	134	0	0	0	0	0	0	0	6354	3558	0	0	0	0	296	164	15442	2628	0	0	0	0	0	0	0	0	0	0	0	0	0	0	0	0	0	0	0	0	0	0	0	0	0	0	0	0	108	0	0	0	1030	0	0	8718	36320	5770	1400	2608	26810	3714	54926	8822	14138	1500	18176	4686	2992	942	470	0	346	1876	11780	13932	13276	1860	1248	1620	
462256	Cerebelum_Crus1_R	0	0	0	0	0	0	0	0	0	0	0	0	0	0	0	0	0	0	0	0	0	0	0	0	0	0	0	0	0	0	0	0	0	0	0	0	0	0	0	0	0	0	0	0	0	0	816	6466	0	0	0	0	0	90	196	17212	0	0	0	0	0	0	0	0	0	0	0	0	0	0	0	0	0	0	0	0	0	0	0	0	0	0	0	0	0	0	0	0	0	1392	8718	0	4226	30510	322	4360	4268	23726	8364	57324	1882	4864	782	14140	1002	2708	0	336	176	1642	14390	9628	7238	2446	1904	0	
326840	Cerebelum_Crus2_L	0	0	0	0	0	0	0	0	0	0	0	0	0	0	0	0	0	0	0	0	0	0	0	0	0	0	0	0	0	0	0	0	0	0	0	0	0	0	0	0	0	0	0	0	0	0	568	296	0	0	0	0	0	0	2006	226	0	0	0	0	0	0	0	0	0	0	0	0	0	0	0	0	0	0	0	0	0	0	0	0	0	0	0	0	0	0	0	0	244	0	36320	4226	0	14226	156	1500	2052	1920	5980	2514	29178	6452	26568	6270	2268	474	606	0	94	788	608	1136	13662	2934	148	0	
322512	Cerebelum_Crus2_R	0	0	0	0	0	0	0	0	0	0	0	0	0	0	0	0	0	0	0	0	0	0	0	0	0	0	0	0	0	0	0	0	0	0	0	0	0	0	0	0	0	0	0	0	0	0	0	88	0	0	0	0	0	0	0	1374	0	0	0	0	0	0	0	0	0	0	0	0	0	0	0	0	0	0	0	0	0	0	0	0	0	0	0	0	0	0	0	0	0	82	5770	30510	14226	0	180	2978	1498	3686	996	13296	7566	17784	5764	26884	316	3470	0	332	374	1510	802	456	15660	4354	1158	142	
56360	Cerebelum_3_L	0	0	0	0	0	0	0	0	0	0	0	0	0	0	0	0	0	0	0	0	0	0	0	0	0	0	0	0	0	0	0	0	0	0	0	0	0	0	140	0	0	0	0	0	0	0	104	0	0	0	0	0	0	0	204	0	0	0	0	0	0	0	0	0	0	0	0	0	0	0	0	0	0	0	0	0	0	0	0	0	0	0	0	0	0	0	0	0	0	0	1400	322	156	180	0	508	6834	360	2004	418	572	0	1888	464	3066	600	0	0	1038	2348	1394	524	1060	1150	1254	192	
135860	Cerebelum_3_R	0	0	0	0	0	0	0	0	0	0	0	0	0	0	0	0	0	0	0	0	0	0	0	0	0	0	0	0	0	0	0	0	0	0	0	0	0	0	0	154	0	0	0	0	0	0	0	432	0	0	0	0	0	0	0	412	0	0	0	0	0	0	0	0	0	0	0	0	0	0	0	0	0	0	0	0	0	0	0	0	0	0	0	0	0	0	0	0	0	0	2608	4360	1500	2978	508	0	2072	6266	1866	5020	1826	318	2898	5100	1174	3450	0	0	2126	7060	2184	784	5318	3478	3880	158	
335164	Cerebelum_4_5_L	0	0	0	0	0	0	0	0	0	0	0	0	0	0	0	0	0	0	0	0	0	0	0	0	0	0	0	0	0	0	0	0	0	0	0	0	218	0	378	0	0	0	202	0	0	0	9648	874	0	0	0	0	0	0	9988	1266	0	0	0	0	0	0	0	0	0	0	146	0	0	0	0	0	0	0	0	0	0	0	0	0	0	0	0	0	0	0	0	0	0	0	26810	4268	2052	1498	6834	2072	0	4006	40304	4840	1772	0	5526	1806	5818	868	302	0	844	2078	20852	3446	4026	1956	1678	1206	
272964	Cerebelum_4_5_R	0	0	0	0	0	0	0	0	0	0	0	0	0	0	0	0	0	0	0	0	0	0	0	0	0	0	0	0	0	0	0	0	0	0	244	556	218	1722	0	1732	0	0	0	216	0	0	0	5050	0	0	0	0	0	0	154	7962	0	0	0	0	0	0	0	0	0	0	0	1302	0	0	0	0	0	0	0	0	198	74	0	0	0	0	0	0	0	0	0	0	0	0	3714	23726	1920	3686	360	6266	4006	0	3264	28622	1790	92	1960	5642	454	2778	0	658	272	3106	15440	840	4370	2098	1990	0	
471200	Cerebelum_6_L	0	0	0	0	0	0	0	0	0	0	0	0	0	0	0	0	0	0	0	0	0	0	0	0	0	0	0	0	0	0	0	0	0	0	0	0	0	0	296	0	0	0	0	0	0	0	11464	4620	0	0	0	0	276	186	20172	3548	0	0	0	0	0	0	0	0	0	0	0	0	0	0	0	0	0	0	0	0	0	0	0	0	0	0	0	0	0	0	0	0	92	0	54926	8364	5980	996	2004	1866	40304	3264	0	10360	3304	0	5310	992	4360	1060	426	0	740	1342	19336	17810	6172	1932	1952	2146	
448296	Cerebelum_6_R	0	0	0	0	0	0	0	0	0	0	0	0	0	0	0	0	0	0	0	0	0	0	0	0	0	0	0	0	0	0	0	0	0	0	0	0	0	144	0	250	0	0	0	0	0	0	1062	8644	0	0	0	0	0	272	608	19724	0	0	0	0	0	0	0	0	0	0	0	0	0	0	0	0	0	0	0	0	0	0	0	0	0	0	0	0	0	0	0	0	0	122	8822	57324	2514	13296	418	5020	4840	28622	10360	0	1858	1484	1388	10362	1134	4290	0	1060	322	2088	16566	11396	5206	2724	2150	78	
259872	Cerebelum_7b_L	0	0	0	0	0	0	0	0	0	0	0	0	0	0	0	0	0	0	0	0	0	0	0	0	0	0	0	0	0	0	0	0	0	0	0	0	0	0	0	0	0	0	0	0	0	0	80	0	0	0	0	0	0	0	0	128	0	0	0	0	0	0	0	0	0	0	0	0	0	0	0	0	0	0	0	0	0	0	0	0	0	0	0	0	0	0	0	0	0	0	14138	1882	29178	7566	572	1826	1772	1790	3304	1858	0	4206	31584	4854	5462	400	1048	0	168	1236	822	514	9740	5036	476	296	
138844	Cerebelum_7b_R	0	0	0	0	0	0	0	0	0	0	0	0	0	0	0	0	0	0	0	0	0	0	0	0	0	0	0	0	0	0	0	0	0	0	0	0	0	0	0	0	0	0	0	0	0	0	0	0	0	0	0	0	0	0	0	0	0	0	0	0	0	0	0	0	0	0	0	0	0	0	0	0	0	0	0	0	0	0	0	0	0	0	0	0	0	0	0	0	0	0	1500	4864	6452	17784	0	318	0	92	0	1484	4206	0	3624	16594	0	2260	0	152	200	248	0	0	5200	4122	322	0	
326916	Cerebelum_8_L	0	0	0	0	0	0	0	0	0	0	0	0	0	0	0	0	0	0	0	0	0	0	0	0	0	0	0	0	0	0	0	0	0	0	0	0	0	0	0	0	0	0	0	0	0	0	98	0	0	0	0	0	0	0	336	0	0	0	0	0	0	0	0	0	0	0	0	0	0	0	0	0	0	0	0	0	0	0	0	0	0	0	0	0	0	0	0	0	104	0	18176	782	26568	5764	1888	2898	5526	1960	5310	1388	31584	3624	0	7278	17664	1546	3442	0	632	2450	1550	546	9414	9366	3054	510	
315484	Cerebelum_8_R	0	0	0	0	0	0	0	0	0	0	0	0	0	0	0	0	0	0	0	0	0	0	0	0	0	0	0	0	0	0	0	0	0	0	0	0	0	0	0	0	0	0	0	0	0	0	0	0	0	0	0	0	0	0	0	278	0	0	0	0	0	0	0	0	0	0	0	0	0	0	0	0	0	0	0	0	0	0	0	0	0	0	0	0	0	0	0	0	0	0	4686	14140	6270	26884	464	5100	1806	5642	992	10362	4854	16594	7278	0	572	17866	0	2602	1552	3414	1240	204	10976	8400	5266	300	
136112	Cerebelum_9_L	0	0	0	0	0	0	0	0	0	0	0	0	0	0	0	0	0	0	0	0	0	0	0	0	0	0	0	0	0	0	0	0	0	0	0	0	0	0	0	0	0	0	0	0	0	0	0	0	0	0	0	0	0	0	0	260	0	0	0	0	0	0	0	0	0	0	0	0	0	0	0	0	0	0	0	0	0	0	0	0	0	0	0	0	0	0	0	0	0	0	2992	1002	2268	316	3066	1174	5818	454	4360	1134	5462	0	17664	572	0	2276	3854	0	492	848	2174	1872	1204	2376	4254	2164	
147348	Cerebelum_9_R	0	0	0	0	0	0	0	0	0	0	0	0	0	0	0	0	0	0	0	0	0	0	0	0	0	0	0	0	0	0	0	0	0	0	0	0	0	0	0	0	0	0	0	0	0	0	0	0	0	0	0	0	0	0	0	186	0	0	0	0	0	0	0	0	0	0	0	0	0	0	0	0	0	0	0	0	0	0	0	0	0	0	0	0	0	0	0	0	0	0	942	2708	474	3470	600	3450	868	2778	1060	4290	400	2260	1546	17866	2276	0	110	2668	2146	2378	480	1304	2498	5786	8046	3084	
20856	Cerebelum_10_L	0	0	0	0	0	0	0	0	0	0	0	0	0	0	0	0	0	0	0	0	0	0	0	0	0	0	0	0	0	0	0	0	0	0	0	0	0	0	0	0	0	0	0	0	0	0	0	0	0	0	0	0	0	0	0	0	0	0	0	0	0	0	0	0	0	0	0	0	0	0	0	0	0	0	0	0	0	0	0	0	0	0	0	0	0	0	0	0	0	0	470	0	606	0	0	0	302	0	426	0	1048	0	3442	0	3854	110	0	0	0	0	0	0	170	0	0	0	
15616	Cerebelum_10_R	0	0	0	0	0	0	0	0	0	0	0	0	0	0	0	0	0	0	0	0	0	0	0	0	0	0	0	0	0	0	0	0	0	0	0	0	0	0	0	0	0	0	0	0	0	0	0	0	0	0	0	0	0	0	0	0	0	0	0	0	0	0	0	0	0	0	0	0	0	0	0	0	0	0	0	0	0	0	0	0	0	0	0	0	0	0	0	0	0	0	0	336	0	332	0	0	0	658	0	1060	0	152	0	2602	0	2668	0	0	0	0	0	0	0	0	0	0	
46676	Vermis_1_2	0	0	0	0	0	0	0	0	0	0	0	0	0	0	0	0	0	0	0	0	0	0	0	0	0	0	0	0	0	0	0	0	0	0	0	0	0	0	0	0	0	0	0	0	0	0	0	86	0	0	0	0	0	0	0	0	0	0	0	0	0	0	0	0	0	0	0	0	0	0	0	0	0	0	0	0	0	0	0	0	0	0	0	0	0	0	0	0	0	0	346	176	94	374	1038	2126	844	272	740	322	168	200	632	1552	492	2146	0	0	0	4950	680	688	1296	1704	2048	364	
107964	Vermis_3	0	0	0	0	0	0	0	0	0	0	0	0	0	0	0	0	0	0	0	0	0	0	0	0	0	0	0	0	0	0	0	0	0	0	0	0	178	0	90	0	0	0	0	0	0	0	98	160	0	0	0	0	0	0	0	0	0	0	0	0	0	0	0	0	0	0	0	0	0	0	0	0	0	0	0	0	0	0	0	0	0	0	0	0	0	0	0	0	0	0	1876	1642	788	1510	2348	7060	2078	3106	1342	2088	1236	248	2450	3414	848	2378	0	0	4950	0	2728	1024	3906	2930	3372	134	
295808	Vermis_4_5	0	0	0	0	0	0	0	0	0	0	0	0	0	0	0	0	0	0	0	154	0	0	0	0	0	0	0	0	0	0	0	0	86	138	136	1286	102	832	0	592	0	0	0	194	0	0	3388	5106	0	0	0	0	0	0	3130	5406	0	0	0	0	0	0	0	0	0	0	0	1674	0	150	0	0	0	0	0	0	0	0	0	0	0	0	0	0	0	0	0	0	0	74	11780	14390	608	802	1394	2184	20852	15440	19336	16566	822	0	1550	1240	2174	480	0	0	680	2728	0	5478	2980	1374	1296	1302	
194256	Vermis_6	0	0	0	0	0	0	0	0	0	0	0	0	0	0	0	0	0	0	0	0	0	0	0	0	0	0	0	0	0	0	0	0	0	0	0	0	0	0	0	0	0	0	0	0	0	0	2758	7290	0	0	0	0	102	202	1518	3386	0	0	0	0	0	0	0	0	0	0	0	0	0	0	0	0	0	0	0	0	0	0	0	0	0	0	0	0	0	0	0	0	0	0	13932	9628	1136	456	524	784	3446	840	17810	11396	514	0	546	204	1872	1304	0	0	688	1024	5478	0	4388	1412	1872	2618	
