data	data	535400	223536	839492	726872	88316	50828	384284	197568	53168	28284	194020	146032	381092	154712	295820	131204	162612	115424	676144	767820	62804	52264	318756	254064	18140	66612	44096	45764	695068	307372	167392	298340	117624	450508	84448	114636	225204	313992	92992	206648	31016	59732	187984	309800	168724	402876	266032	285488	249796	408280	506972	232184	186580	153824	377404	480196	198504	123392	170720	209004	179908	140956	106924	88784	167896	193640	313916	464736	262532	119236	221260	496972	349068	379224	64064	40424	248324	236224	80752	24748	196508	106628	65884	45536	266832	292684	17028	6636	303172	209416	563876	426472	293668	231840	51868	185068	349984	373864	550368	422112	265500	123144	387000	348224	191176	172684	39008	14872	54416	124924	363316	344968	309388	203344	153448	95440	
data	data	Precentral_L	Precentral_R	Frontal_Sup_L	Frontal_Sup_R	Frontal_Sup_Orb_L	Frontal_Sup_Orb_R	Frontal_Mid_L	Frontal_Mid_R	Frontal_Mid_Orb_L	Frontal_Mid_Orb_R	Frontal_Inf_Oper_L	Frontal_Inf_Oper_R	Frontal_Inf_Tri_L	Frontal_Inf_Tri_R	Frontal_Inf_Orb_L	Frontal_Inf_Orb_R	Rolandic_Oper_L	Rolandic_Oper_R	Supp_Motor_Area_L	Supp_Motor_Area_R	Olfactory_L	Olfactory_R	Frontal_Sup_Medial_L	Frontal_Sup_Medial_R	Frontal_Med_Orb_L	Frontal_Med_Orb_R	Rectus_L	Rectus_R	Insula_L	Insula_R	Cingulum_Ant_L	Cingulum_Ant_R	Cingulum_Mid_L	Cingulum_Mid_R	Cingulum_Post_L	Cingulum_Post_R	Hippocampus_L	Hippocampus_R	ParaHippocampal_L	ParaHippocampal_R	Amygdala_L	Amygdala_R	Calcarine_L	Calcarine_R	Cuneus_L	Cuneus_R	Lingual_L	Lingual_R	Occipital_Sup_L	Occipital_Sup_R	Occipital_Mid_L	Occipital_Mid_R	Occipital_Inf_L	Occipital_Inf_R	Fusiform_L	Fusiform_R	Postcentral_L	Postcentral_R	Parietal_Sup_L	Parietal_Sup_R	Parietal_Inf_L	Parietal_Inf_R	SupraMarginal_L	SupraMarginal_R	Angular_L	Angular_R	Precuneus_L	Precuneus_R	Paracentral_Lobule_L	Paracentral_Lobule_R	Caudate_L	Caudate_R	Putamen_L	Putamen_R	Pallidum_L	Pallidum_R	Thalamus_L	Thalamus_R	Heschl_L	Heschl_R	Temporal_Sup_L	Temporal_Sup_R	Temporal_Pole_Sup_L	Temporal_Pole_Sup_R	Temporal_Mid_L	Temporal_Mid_R	Temporal_Pole_Mid_L	Temporal_Pole_Mid_R	Temporal_Inf_L	Temporal_Inf_R	Cerebelum_Crus1_L	Cerebelum_Crus1_R	Cerebelum_Crus2_L	Cerebelum_Crus2_R	Cerebelum_3_L	Cerebelum_3_R	Cerebelum_4_5_L	Cerebelum_4_5_R	Cerebelum_6_L	Cerebelum_6_R	Cerebelum_7b_L	Cerebelum_7b_R	Cerebelum_8_L	Cerebelum_8_R	Cerebelum_9_L	Cerebelum_9_R	Cerebelum_10_L	Cerebelum_10_R	Vermis_1_2	Vermis_3	Vermis_4_5	Vermis_6	Vermis_7	Vermis_8	Vermis_9	Vermis_10	
535400	Precentral_L	0	310	18980	288	0	0	19734	0	0	0	11530	0	3896	0	1154	86	10668	100	15858	2312	0	0	0	0	0	0	0	0	22442	202	110	0	162	1508	0	1534	13024	1218	958	944	310	0	0	0	0	0	216	322	0	0	522	0	118	0	472	644	25386	0	0	0	3838	0	4270	0	806	0	0	600	33470	0	2344	1506	13918	152	3526	0	33656	3030	5452	0	3470	0	120	0	814	0	0	0	1372	0	0	0	0	0	0	0	0	120	0	0	0	0	0	0	0	0	0	0	0	0	228	0	0	0	0	0	
223536	Precentral_R	310	0	640	17060	0	0	0	10316	0	0	164	5210	932	1130	1034	690	164	1942	746	4944	0	0	0	0	0	0	0	0	1200	5906	192	424	0	1506	0	130	0	3888	0	670	0	0	0	684	0	2534	0	230	0	2538	0	158	0	568	0	1806	0	10556	0	2482	0	556	0	2394	0	594	0	3236	226	5570	488	2606	2302	4706	0	178	276	3410	0	374	0	1734	178	0	0	1376	0	0	0	810	0	0	0	0	0	0	0	0	0	0	0	0	0	0	0	0	0	0	0	0	0	0	0	0	0	0	
839492	Frontal_Sup_L	18980	640	0	10066	4230	0	52692	698	734	0	12552	0	21818	166	10864	642	8464	486	83298	14684	702	0	36694	5752	452	0	124	0	42852	134	7926	3502	2146	4964	0	0	4532	264	266	0	838	0	0	0	0	84	0	0	0	0	0	0	96	0	1316	294	3062	100	0	106	0	0	0	0	0	0	0	114	2582	0	6088	4306	19876	6520	7342	1220	5748	620	486	0	4012	0	2100	0	128	0	0	0	1384	0	0	0	0	0	0	0	0	0	0	0	0	0	0	0	0	0	0	0	0	0	0	0	0	0	0	0	
726872	Frontal_Sup_R	288	17060	10066	0	0	1426	336	20264	0	160	0	5334	936	5132	1008	3162	0	5370	14464	65352	0	0	16738	29184	0	2204	0	132	2462	15164	4034	30716	1244	20704	0	0	0	7876	0	2536	0	0	0	394	0	540	0	300	0	316	0	0	0	0	0	3490	0	504	0	598	0	0	0	672	0	386	0	936	148	176	1628	24506	2080	22202	0	1708	218	17038	0	412	0	432	0	440	0	458	0	0	0	410	0	0	0	0	0	0	0	92	0	0	0	0	0	0	0	0	0	0	0	0	0	0	0	0	0	0	
88316	Frontal_Sup_Orb_L	0	0	4230	0	0	0	442	0	9080	0	0	0	598	0	7886	0	0	0	316	0	1378	0	2966	0	1672	0	5286	0	2084	0	2418	654	0	0	0	0	0	0	156	0	376	0	0	0	0	0	0	0	0	0	0	0	0	0	0	0	0	0	0	0	0	0	0	0	0	0	0	0	0	0	1344	0	3272	0	0	0	0	0	0	0	0	0	0	0	0	0	0	0	0	0	0	0	0	0	0	0	0	0	0	0	0	0	0	0	0	0	0	0	0	0	0	0	0	0	0	0	
50828	Frontal_Sup_Orb_R	0	0	0	1426	0	0	0	278	0	3022	0	0	0	0	0	2204	0	0	0	0	0	244	210	1488	0	6680	0	6046	0	160	102	390	0	0	0	0	0	0	0	0	0	0	0	0	0	0	0	0	0	0	0	0	0	0	0	0	0	0	0	0	0	0	0	0	0	0	0	0	0	0	0	1726	0	1438	0	0	0	0	0	0	0	0	0	0	0	0	0	0	0	0	0	0	0	0	0	0	0	0	0	0	0	0	0	0	0	0	0	0	0	0	0	0	0	0	0	0	
384284	Frontal_Mid_L	19734	0	52692	336	442	0	0	0	620	0	8232	0	28618	0	6646	0	1212	0	14474	520	0	0	8754	344	0	0	0	0	24158	0	1264	190	224	98	0	0	3244	0	292	0	0	0	0	0	0	0	0	0	0	0	0	0	0	0	0	0	1970	0	0	0	110	0	92	0	0	0	0	0	278	0	534	514	7840	2326	3392	96	1942	222	186	0	432	0	114	0	0	0	0	0	0	0	0	0	0	0	0	0	0	0	0	0	0	0	0	0	0	0	0	0	0	0	0	0	0	0	0	0	
197568	Frontal_Mid_R	0	10316	698	20264	0	278	0	0	0	818	0	8504	508	13200	552	3300	0	1060	1962	5382	0	0	1216	2528	0	0	0	0	548	6716	370	4514	0	4880	0	0	0	184	0	0	0	0	0	0	0	0	0	0	0	0	0	0	0	0	0	146	0	0	0	0	0	0	0	0	0	0	0	0	0	0	306	6190	1058	3104	0	94	0	0	0	0	0	0	88	0	0	0	0	0	0	0	0	0	0	0	0	0	0	0	0	0	0	0	0	0	0	0	0	0	0	0	0	0	0	0	0	0	
53168	Frontal_Mid_Orb_L	0	0	734	0	9080	0	620	0	0	0	0	0	802	0	8418	0	0	0	0	0	88	0	262	0	120	0	3386	0	1100	0	460	138	0	0	0	0	0	0	0	0	0	0	0	0	0	0	0	0	0	0	0	0	0	0	0	0	0	0	0	0	0	0	0	0	0	0	0	0	0	0	268	0	1012	0	0	0	0	0	0	0	0	0	96	0	0	0	0	0	0	0	0	0	0	0	0	0	0	0	0	0	0	0	0	0	0	0	0	0	0	0	0	0	0	0	0	0	
28284	Frontal_Mid_Orb_R	0	0	0	160	0	3022	0	818	0	0	0	0	0	772	0	4190	0	0	0	88	114	186	0	96	0	320	0	1376	0	0	0	0	0	0	0	0	0	0	0	0	0	0	0	0	0	0	0	0	0	0	0	0	0	0	0	0	0	0	0	0	0	0	0	0	0	0	0	0	0	0	146	1686	0	1168	0	0	0	0	0	0	0	0	0	0	0	0	0	0	0	0	0	0	0	0	0	0	0	0	0	0	0	0	0	0	0	0	0	0	0	0	0	0	0	0	0	0	
194020	Frontal_Inf_Oper_L	11530	164	12552	0	0	0	8232	0	0	0	0	0	10818	0	106	0	12018	0	10706	0	0	0	138	0	0	0	0	0	18506	0	0	0	0	0	0	0	88	0	0	0	0	0	0	0	0	0	0	0	0	0	0	0	0	0	0	0	3676	0	0	0	0	0	104	0	0	0	0	0	0	0	172	0	1176	0	0	0	0	0	588	0	3888	0	2548	0	0	0	0	0	0	0	0	0	0	0	0	0	0	0	0	0	0	0	0	0	0	0	0	0	0	0	0	0	0	0	0	0	
146032	Frontal_Inf_Oper_R	0	5210	0	5334	0	0	0	8504	0	0	0	0	0	7904	0	148	0	5744	0	5440	0	0	0	0	0	0	0	0	0	14170	0	0	0	200	0	0	0	220	0	0	0	0	0	0	0	0	0	0	0	0	0	0	0	0	0	186	0	910	0	0	0	0	0	132	0	0	0	0	0	0	0	7250	0	10678	0	488	0	0	0	0	0	0	0	498	0	0	0	0	0	0	0	0	0	0	0	0	0	0	0	0	0	0	0	0	0	0	0	0	0	0	0	0	0	0	0	0	
381092	Frontal_Inf_Tri_L	3896	932	21818	936	598	0	28618	508	802	0	10818	0	0	152	31060	604	1246	192	11400	2470	0	0	4190	392	0	0	0	0	40484	226	1158	620	486	678	0	0	0	90	0	0	0	0	0	0	0	0	0	0	0	0	0	0	0	0	0	102	864	0	0	0	0	0	0	0	0	0	0	0	164	0	8660	2986	8508	1120	214	336	1914	684	0	0	366	0	254	0	0	0	0	0	0	0	0	0	0	0	0	0	0	0	0	0	0	0	0	0	0	0	0	0	0	0	0	0	0	0	0	0	
154712	Frontal_Inf_Tri_R	0	1130	166	5132	0	0	0	13200	0	772	0	7904	152	0	148	8788	0	1832	820	4844	0	0	380	1374	0	0	0	0	92	12134	140	768	0	3258	0	0	0	92	0	0	0	0	0	0	0	0	0	0	0	0	0	0	0	0	0	0	0	156	0	0	0	0	0	232	0	0	0	0	0	0	120	9174	142	3868	0	396	0	142	0	0	0	0	0	0	0	0	0	0	0	0	0	0	0	0	0	0	0	0	0	0	0	0	0	0	0	0	0	0	0	0	0	0	0	0	0	0	
295820	Frontal_Inf_Orb_L	1154	1034	10864	1008	7886	0	6646	552	8418	0	106	0	31060	148	0	632	0	194	7596	2644	1880	0	476	114	0	0	1142	0	25452	232	578	188	0	218	0	0	150	98	130	0	330	0	0	0	0	0	0	0	0	0	0	0	0	0	0	112	606	0	0	0	0	0	0	0	0	0	0	0	156	0	10134	3378	17608	878	122	322	1998	892	0	0	0	0	774	0	0	0	0	0	0	0	0	0	0	0	0	0	0	0	0	0	0	0	0	0	0	0	0	0	0	0	0	0	0	0	0	0	
131204	Frontal_Inf_Orb_R	86	690	642	3162	0	2204	0	3300	0	4190	0	148	604	8788	632	0	0	916	546	3210	106	702	0	312	0	308	0	820	546	3816	326	556	0	208	0	0	0	110	0	0	0	0	0	0	0	0	0	0	0	0	0	0	0	0	0	124	0	184	0	0	0	0	0	180	0	0	0	0	0	0	836	16940	830	7574	0	574	0	558	0	0	0	372	0	502	0	0	0	0	0	0	0	0	0	0	0	0	0	0	0	0	0	0	0	0	0	0	0	0	0	0	0	0	0	0	0	0	
162612	Rolandic_Oper_L	10668	164	8464	0	0	0	1212	0	0	0	12018	0	1246	0	0	0	0	0	7868	0	0	0	0	0	0	0	0	0	15552	0	0	0	0	0	0	0	510	0	108	0	0	0	0	0	0	0	0	0	0	0	0	0	0	0	174	0	5698	0	0	0	96	0	2142	0	220	0	0	0	0	0	116	0	716	0	0	0	0	0	2680	0	7720	0	2950	0	576	0	0	0	408	0	0	0	0	0	0	0	0	0	0	0	0	0	0	0	0	0	0	0	0	0	0	0	0	0	0	0	
115424	Rolandic_Oper_R	100	1942	486	5370	0	0	0	1060	0	0	0	5744	192	1832	194	916	0	0	486	4842	0	0	0	0	0	0	0	0	0	10684	526	0	0	0	0	0	0	758	0	0	0	0	0	0	0	0	0	0	0	0	0	0	0	0	0	646	0	3118	0	0	0	204	0	2228	0	102	0	0	84	0	0	4646	198	3722	0	226	94	192	0	2638	0	3482	0	838	0	162	0	0	0	0	0	0	0	0	0	0	0	0	0	0	0	0	0	0	0	0	0	0	0	0	0	0	0	0	0	0	
676144	Supp_Motor_Area_L	15858	746	83298	14464	316	0	14474	1962	0	0	10706	0	11400	820	7596	546	7868	486	0	39166	568	0	6012	2726	0	0	0	0	27042	470	3250	2552	6946	18062	266	0	2164	256	140	0	774	0	0	0	0	84	0	0	0	0	0	0	0	0	166	286	2450	100	0	104	0	0	0	0	0	0	158	120	8400	0	3878	5364	9510	6602	2328	1380	8714	1528	350	0	3282	0	2034	0	0	0	0	0	300	0	0	0	0	0	0	0	0	0	0	0	0	0	0	0	0	0	0	0	0	0	0	0	0	0	0	0	
767820	Supp_Motor_Area_R	2312	4944	14684	65352	0	0	520	5382	0	88	0	5440	2470	4844	2644	3210	0	4842	39166	0	0	0	2556	4534	0	0	0	0	2852	11248	1900	9840	6522	49114	182	250	126	4288	0	1006	0	0	0	180	0	418	0	284	0	514	0	0	0	640	0	2602	128	1088	0	552	0	192	0	372	0	238	0	800	7688	9346	4070	35686	4186	17924	328	938	4240	35746	0	622	0	1962	0	442	0	1220	0	0	0	1188	0	0	0	0	0	0	0	0	0	0	0	0	0	0	0	0	0	0	0	0	0	0	0	0	0	0	
62804	Olfactory_L	0	0	702	0	1378	0	0	0	88	114	0	0	0	0	1880	106	0	0	568	0	0	4940	0	0	0	0	2176	922	2122	0	1952	704	0	0	0	0	0	0	528	0	728	0	0	0	0	0	0	0	0	0	0	0	0	0	0	0	0	0	0	0	0	0	0	0	0	0	0	0	0	0	6290	3048	2836	0	0	0	0	0	0	0	0	0	320	0	0	0	0	0	0	0	0	0	0	0	0	0	0	0	0	0	0	0	0	0	0	0	0	0	0	0	0	0	0	0	0	0	
52264	Olfactory_R	0	0	0	0	0	244	0	0	0	186	0	0	0	0	0	702	0	0	0	0	4940	0	0	0	0	542	1084	1816	0	2342	1286	1066	0	0	0	0	0	0	0	0	0	1196	0	0	0	0	0	0	0	0	0	0	0	0	0	0	0	0	0	0	0	0	0	0	0	0	0	0	0	0	5122	3466	1740	0	0	0	0	0	0	0	0	88	0	312	0	0	0	0	0	0	0	0	0	0	0	0	0	0	0	0	0	0	0	0	0	0	0	0	0	0	0	0	0	0	0	0	
318756	Frontal_Sup_Medial_L	0	0	36694	16738	2966	210	8754	1216	262	0	138	0	4190	380	476	0	0	0	6012	2556	0	0	0	24448	2066	872	326	0	5182	90	9284	15120	3202	16588	0	0	0	0	0	0	0	0	0	0	0	0	0	0	0	0	0	0	0	0	0	0	0	0	0	0	0	0	0	0	0	0	0	0	0	0	244	166	130	964	0	104	0	0	0	0	0	0	0	0	0	0	0	0	0	0	0	0	0	0	0	0	0	0	0	0	0	0	0	0	0	0	0	0	0	0	0	0	0	0	0	0	
254064	Frontal_Sup_Medial_R	0	0	5752	29184	0	1488	344	2528	0	96	0	0	392	1374	114	312	0	0	2726	4534	0	0	24448	0	174	5884	0	372	474	476	2508	20454	466	17422	0	0	0	0	0	0	0	0	0	0	0	0	0	0	0	0	0	0	0	0	0	0	0	0	0	0	0	0	0	0	0	0	0	0	0	0	138	4790	204	378	0	0	0	0	0	0	0	0	0	0	0	0	0	0	0	0	0	0	0	0	0	0	0	0	0	0	0	0	0	0	0	0	0	0	0	0	0	0	0	0	0	0	
18140	Frontal_Med_Orb_L	0	0	452	0	1672	0	0	0	120	0	0	0	0	0	0	0	0	0	0	0	0	0	2066	174	0	888	662	0	0	0	2176	612	0	0	0	0	0	0	0	0	0	0	0	0	0	0	0	0	0	0	0	0	0	0	0	0	0	0	0	0	0	0	0	0	0	0	0	0	0	0	142	0	106	0	0	0	0	0	0	0	0	0	0	0	0	0	0	0	0	0	0	0	0	0	0	0	0	0	0	0	0	0	0	0	0	0	0	0	0	0	0	0	0	0	0	0	
66612	Frontal_Med_Orb_R	0	0	0	2204	0	6680	0	0	0	320	0	0	0	0	0	308	0	0	0	0	0	542	872	5884	888	0	0	5922	0	0	1554	4168	0	0	0	0	0	0	0	0	0	0	0	0	0	0	0	0	0	0	0	0	0	0	0	0	0	0	0	0	0	0	0	0	0	0	0	0	0	0	84	3430	0	450	0	0	0	0	0	0	0	0	0	0	0	0	0	0	0	0	0	0	0	0	0	0	0	0	0	0	0	0	0	0	0	0	0	0	0	0	0	0	0	0	0	0	
44096	Rectus_L	0	0	124	0	5286	0	0	0	3386	0	0	0	0	0	1142	0	0	0	0	0	2176	1084	326	0	662	0	0	490	274	0	2402	246	0	0	0	0	0	0	0	0	0	0	0	0	0	0	0	0	0	0	0	0	0	0	0	0	0	0	0	0	0	0	0	0	0	0	0	0	0	0	2456	350	1644	0	0	0	0	0	0	0	0	0	0	0	0	0	0	0	0	0	0	0	0	0	0	0	0	0	0	0	0	0	0	0	0	0	0	0	0	0	0	0	0	0	0	0	
45764	Rectus_R	0	0	0	132	0	6046	0	0	0	1376	0	0	0	0	0	820	0	0	0	0	922	1816	0	372	0	5922	490	0	0	300	264	1374	0	0	0	0	0	0	0	0	0	0	0	0	0	0	0	0	0	0	0	0	0	0	0	0	0	0	0	0	0	0	0	0	0	0	0	0	0	0	954	1414	208	472	0	0	0	0	0	0	0	0	0	0	0	0	0	0	0	0	0	0	0	0	0	0	0	0	0	0	0	0	0	0	0	0	0	0	0	0	0	0	0	0	0	0	
695068	Insula_L	22442	1200	42852	2462	2084	0	24158	548	1100	0	18506	0	40484	92	25452	546	15552	0	27042	2852	2122	0	5182	474	0	0	274	0	0	202	1162	624	628	726	0	96	15246	228	1956	0	2354	0	0	0	0	0	134	0	0	0	876	0	398	0	4502	114	4714	144	0	0	766	0	1424	0	1132	0	0	0	1156	0	7722	2448	21954	864	248	262	2754	718	8666	0	11176	0	4974	0	4200	0	0	0	7542	0	0	0	0	0	0	0	0	0	0	0	0	0	0	0	0	0	0	0	0	0	0	0	0	0	0	0	
307372	Insula_R	202	5906	134	15164	0	160	0	6716	0	0	0	14170	226	12134	232	3816	0	10684	470	11248	0	2342	90	476	0	0	0	300	202	0	156	434	0	1018	0	0	0	6154	0	1074	0	3268	0	328	0	446	0	88	0	398	0	0	0	86	0	3128	0	892	0	590	0	110	0	512	0	278	0	806	198	230	104	11364	424	26906	0	670	234	782	0	1664	0	3302	0	2236	0	734	0	0	0	400	0	0	0	0	0	0	0	0	0	0	0	0	0	0	0	0	0	0	0	0	0	0	0	0	0	0	
167392	Cingulum_Ant_L	110	192	7926	4034	2418	102	1264	370	460	0	0	0	1158	140	578	326	0	526	3250	1900	1952	1286	9284	2508	2176	1554	2402	264	1162	156	0	15666	4142	3706	262	0	0	0	0	0	0	0	0	0	0	0	0	0	0	0	0	0	0	0	0	0	0	118	0	0	0	0	0	88	0	0	0	0	0	0	5536	2888	3104	574	0	114	0	0	0	0	0	0	0	0	0	0	0	0	0	0	0	0	0	0	0	0	0	0	0	0	0	0	0	0	0	0	0	0	0	0	0	0	0	0	0	0	
298340	Cingulum_Ant_R	0	424	3502	30716	654	390	190	4514	138	0	0	0	620	768	188	556	0	0	2552	9840	704	1066	15120	20454	612	4168	246	1374	624	434	15666	0	3212	18278	0	0	0	0	0	0	0	0	0	0	0	0	0	0	0	0	0	0	0	0	0	0	0	0	0	0	0	0	0	0	0	0	0	0	0	0	1856	8464	876	754	0	108	0	102	0	0	0	0	0	0	0	0	0	0	0	0	0	0	0	0	0	0	0	0	0	0	0	0	0	0	0	0	0	0	0	0	0	0	0	0	0	0	
117624	Cingulum_Mid_L	162	0	2146	1244	0	0	224	0	0	0	0	0	486	0	0	0	0	0	6946	6522	0	0	3202	466	0	0	0	0	628	0	4142	3212	0	12880	4048	726	0	0	0	0	0	0	122	92	1196	0	0	0	522	0	656	0	0	0	0	0	114	0	486	0	180	0	0	0	84	0	4884	794	1884	188	0	222	0	86	0	268	0	0	0	0	0	0	0	0	0	0	0	0	0	0	0	0	0	0	0	0	0	0	0	0	0	0	0	0	0	0	0	0	0	0	0	0	0	0	0	0	
450508	Cingulum_Mid_R	1508	1506	4964	20704	0	0	98	4880	0	0	0	200	678	3258	218	208	0	0	18062	49114	0	0	16588	17422	0	0	0	0	726	1018	3706	18278	12880	0	1196	3242	0	260	84	0	0	0	0	784	0	1524	0	332	218	888	268	218	0	606	0	204	0	1510	228	1254	0	94	0	0	0	106	1530	5992	8070	9594	888	3858	0	256	0	0	2284	2992	0	0	0	0	0	0	0	494	0	0	0	264	0	0	0	0	0	0	0	0	0	0	0	0	0	0	0	0	0	0	0	0	0	0	0	0	0	0	
84448	Cingulum_Post_L	0	0	0	0	0	0	0	0	0	0	0	0	0	0	0	0	0	0	266	182	0	0	0	0	0	0	0	0	0	0	262	0	4048	1196	0	5690	1242	1452	690	140	0	0	2432	262	1480	294	726	332	1356	0	2856	0	370	0	258	226	0	0	688	0	180	0	0	0	256	0	10096	2160	758	220	0	0	0	0	0	0	266	0	0	0	0	0	0	0	756	0	0	0	294	112	0	0	0	0	0	0	100	0	0	0	0	0	0	0	0	0	0	0	0	0	578	0	0	0	0	0	
114636	Cingulum_Post_R	1534	130	0	0	0	0	0	0	0	0	0	0	0	0	0	0	0	0	0	250	0	0	0	0	0	0	0	0	96	0	0	0	726	3242	5690	0	1380	4820	600	1910	0	0	136	2614	0	634	118	4122	0	118	0	0	0	860	0	2956	0	482	0	0	0	0	0	0	0	0	1056	11340	1264	1892	0	0	88	0	0	0	2210	1738	0	0	0	0	0	0	0	456	0	0	0	1772	0	0	0	0	0	0	0	220	0	0	0	0	0	0	0	0	0	0	0	0	2864	0	0	0	0	0	
225204	Hippocampus_L	13024	0	4532	0	0	0	3244	0	0	0	88	0	0	0	150	0	510	0	2164	126	0	0	0	0	0	0	0	0	15246	0	0	0	0	0	1242	1380	0	428	11614	200	4678	0	1106	0	0	0	3666	550	0	0	0	0	362	0	9572	142	1172	0	0	0	122	0	86	0	0	0	2352	294	1770	0	0	0	9790	0	1224	0	4122	254	3950	0	2422	0	210	0	176	0	0	0	7930	0	206	0	0	0	0	0	806	0	356	0	0	0	0	0	0	0	0	0	0	488	748	100	0	0	0	0	
313992	Hippocampus_R	1218	3888	264	7876	0	0	0	184	0	0	0	220	90	92	98	110	0	758	256	4288	0	0	0	0	0	0	0	0	228	6154	0	0	0	260	1452	4820	428	0	0	28610	0	9298	0	526	0	352	0	4404	0	488	0	0	0	410	0	37496	0	338	0	618	0	0	0	0	0	0	0	4180	1162	220	0	650	266	14148	0	720	1522	5142	0	160	0	1200	0	1320	0	1108	0	0	0	6296	0	0	0	0	0	178	0	2428	0	0	0	0	0	0	0	0	0	0	0	0	1072	0	0	0	0	0	
92992	ParaHippocampal_L	958	0	266	0	156	0	292	0	0	0	0	0	0	0	130	0	108	0	140	0	528	0	0	0	0	0	0	0	1956	0	0	0	0	84	690	600	11614	0	0	0	1012	0	1030	0	0	0	5810	470	0	0	88	0	92	0	6444	0	0	0	0	0	0	0	0	0	0	0	2996	0	330	0	0	0	1398	0	0	0	590	86	572	0	332	0	298	0	0	0	0	0	1568	0	634	0	0	0	316	108	1972	0	1018	0	0	0	110	0	150	0	0	0	268	562	534	186	0	0	0	0	
206648	ParaHippocampal_R	944	670	0	2536	0	0	0	0	0	0	0	0	0	0	0	0	0	0	0	1006	0	0	0	0	0	0	0	0	0	1074	0	0	0	0	140	1910	200	28610	0	0	0	9812	0	436	0	142	0	5872	0	234	0	0	0	180	0	26576	0	0	0	282	0	0	0	0	0	0	0	3182	774	0	0	0	0	3176	0	446	1174	3084	0	0	0	244	0	2738	0	224	0	244	0	2466	0	0	0	0	0	302	0	4018	0	0	0	0	0	0	0	0	0	0	0	0	628	0	0	0	0	0	
31016	Amygdala_L	310	0	838	0	376	0	0	0	0	0	0	0	0	0	330	0	0	0	774	0	728	0	0	0	0	0	0	0	2354	0	0	0	0	0	0	0	4678	0	1012	0	0	0	0	0	0	0	0	0	0	0	0	0	0	0	1338	0	0	0	0	0	0	0	0	0	0	0	0	0	308	0	0	0	824	0	0	0	426	0	0	0	148	0	0	0	0	0	0	0	1064	0	0	0	0	0	0	0	0	0	0	0	0	0	0	0	0	0	0	0	0	0	0	0	0	0	0	0	
59732	Amygdala_R	0	0	0	0	0	0	0	0	0	0	0	0	0	0	0	0	0	0	0	0	0	1196	0	0	0	0	0	0	0	3268	0	0	0	0	0	0	0	9298	0	9812	0	0	0	0	0	0	0	0	0	0	0	0	0	0	0	3874	0	0	0	0	0	0	0	0	0	0	0	0	0	0	0	0	0	570	0	0	0	0	0	0	0	0	0	1848	0	0	0	0	0	0	0	0	0	0	0	0	0	0	0	0	0	0	0	0	0	0	0	0	0	0	0	0	0	0	0	0	
187984	Calcarine_L	0	0	0	0	0	0	0	0	0	0	0	0	0	0	0	0	0	0	0	0	0	0	0	0	0	0	0	0	0	0	0	0	122	0	2432	136	1106	0	1030	0	0	0	0	5224	14124	3260	14274	1706	11602	742	18888	0	5426	0	1356	0	0	0	86	0	0	0	0	0	750	0	9786	604	90	0	0	0	0	0	0	0	0	0	0	0	0	0	0	0	742	0	0	0	114	0	0	0	0	0	0	0	290	0	102	0	0	0	0	0	0	0	0	0	0	0	0	0	0	0	0	0	
309800	Calcarine_R	0	684	0	394	0	0	0	0	0	0	0	0	0	0	0	0	0	0	0	180	0	0	0	0	0	0	0	0	0	328	0	0	92	784	262	2614	0	526	0	436	0	0	5224	0	6334	30208	1588	19588	304	18938	0	7470	0	8044	0	4738	0	2088	0	4828	0	672	0	0	0	762	3734	26004	0	3020	0	0	0	0	0	0	0	0	0	0	0	208	0	0	0	1510	0	0	0	2706	0	0	0	0	0	0	0	0	0	180	0	0	0	0	0	0	0	0	0	0	294	158	0	0	0	0	
168724	Cuneus_L	0	0	0	0	0	0	0	0	0	0	0	0	0	0	0	0	0	0	0	0	0	0	0	0	0	0	0	0	0	0	0	0	1196	0	1480	0	0	0	0	0	0	0	14124	6334	0	7158	1374	622	20768	1518	13908	0	804	0	88	0	114	0	1150	0	0	0	0	0	712	0	11500	492	268	0	0	0	0	0	0	0	0	0	0	0	0	0	0	0	650	0	0	0	102	0	0	0	0	0	0	0	0	0	0	0	0	0	0	0	0	0	0	0	0	0	0	0	0	0	0	0	
402876	Cuneus_R	0	2534	84	540	0	0	0	0	0	0	0	0	0	0	0	0	0	0	84	418	0	0	0	0	0	0	0	0	0	446	0	0	0	1524	294	634	0	352	0	142	0	0	3260	30208	7158	0	716	4812	442	42244	98	15426	0	7090	0	1860	0	2738	0	16120	0	3294	0	0	0	3204	5290	34804	0	2308	0	132	0	0	0	0	0	0	0	0	0	308	0	0	0	10540	0	0	0	2334	0	0	0	0	0	0	0	0	0	0	0	0	0	0	0	0	0	0	0	0	0	0	0	0	0	0	
266032	Lingual_L	216	0	0	0	0	0	0	0	0	0	0	0	0	0	0	0	0	0	0	0	0	0	0	0	0	0	0	0	134	0	0	0	0	0	726	118	3666	0	5810	0	0	0	14274	1588	1374	716	0	2680	2194	96	15850	0	11510	0	14720	978	0	0	0	0	0	0	0	0	84	0	4412	102	0	0	0	0	138	0	0	0	162	0	0	0	0	0	0	0	0	0	0	0	652	0	4078	2008	138	96	480	214	11436	3292	11736	3120	140	0	248	0	294	0	0	0	252	396	7730	4100	1058	0	0	0	
285488	Lingual_R	322	230	0	300	0	0	0	0	0	0	0	0	0	0	0	0	0	0	0	284	0	0	0	0	0	0	0	0	0	88	0	0	0	332	332	4122	550	4404	470	5872	0	0	1706	19588	622	4812	2680	0	0	5274	0	3622	274	4278	1150	17602	0	266	0	782	0	224	0	0	0	172	1216	9610	208	1130	0	0	0	98	0	0	528	872	0	0	0	174	0	0	0	680	0	0	0	1902	2248	3182	260	0	238	1274	2918	8636	3986	6312	304	0	528	0	196	0	134	0	0	386	8742	5826	606	0	92	100	
249796	Occipital_Sup_L	0	0	0	0	0	0	0	0	0	0	0	0	0	0	0	0	0	0	0	0	0	0	0	0	0	0	0	0	0	0	0	0	522	218	1356	0	0	0	0	0	0	0	11602	304	20768	442	2194	0	0	0	40650	0	1566	0	0	0	522	0	13716	0	3098	0	0	0	2796	0	17642	1328	376	0	0	0	0	0	0	0	0	0	0	0	0	0	0	0	4594	0	0	0	1204	0	0	0	0	0	0	0	0	0	0	0	0	0	0	0	0	0	0	0	0	0	0	0	0	0	0	0	
408280	Occipital_Sup_R	0	2538	0	316	0	0	0	0	0	0	0	0	0	0	0	0	0	0	0	514	0	0	0	0	0	0	0	0	0	398	0	0	0	888	0	118	0	488	0	234	0	0	742	18938	1518	42244	96	5274	0	0	0	24648	0	9292	0	2526	0	2406	0	19196	0	8826	0	156	0	11952	1410	27920	0	1902	0	100	0	0	0	0	0	0	0	0	0	492	0	0	0	14820	0	0	0	4188	0	0	0	0	0	0	0	0	0	0	0	0	0	0	0	0	0	0	0	0	0	0	0	0	0	0	
506972	Occipital_Mid_L	522	0	0	0	0	0	0	0	0	0	0	0	0	0	0	0	0	0	0	0	0	0	0	0	0	0	0	0	876	0	0	0	656	268	2856	0	0	0	88	0	0	0	18888	0	13908	98	15850	0	40650	0	0	0	34292	0	8388	0	2496	0	20040	0	10792	0	102	0	19454	0	22818	270	4926	0	0	0	0	0	0	0	242	0	284	0	974	0	0	0	23936	0	0	0	8296	0	396	0	0	0	0	0	0	0	882	0	0	0	0	0	0	0	0	0	0	0	90	148	0	0	0	0	
232184	Occipital_Mid_R	0	158	0	0	0	0	0	0	0	0	0	0	0	0	0	0	0	0	0	0	0	0	0	0	0	0	0	0	0	0	0	0	0	218	0	0	0	0	0	0	0	0	0	7470	0	15426	0	3622	0	24648	0	0	0	7150	0	1916	0	234	0	4088	0	3170	0	0	0	14760	382	8996	0	290	0	0	0	0	0	0	0	0	0	0	0	140	0	0	0	22206	0	0	0	1218	0	0	0	0	0	0	0	0	0	0	0	0	0	0	0	0	0	0	0	0	0	0	0	0	0	0	
186580	Occipital_Inf_L	118	0	96	0	0	0	0	0	0	0	0	0	0	0	0	0	0	0	0	0	0	0	0	0	0	0	0	0	398	0	0	0	0	0	370	0	362	0	92	0	0	0	5426	0	804	0	11510	274	1566	0	34292	0	0	0	13876	0	0	0	0	0	198	0	0	0	924	0	1376	0	290	0	0	0	0	0	0	0	0	0	222	0	498	0	0	0	3412	0	0	0	4514	0	3756	0	0	0	0	0	1696	528	4636	0	0	0	0	0	0	0	0	0	0	0	1714	342	0	0	0	0	
153824	Occipital_Inf_R	0	568	0	0	0	0	0	0	0	0	0	0	0	0	0	0	0	0	0	640	0	0	0	0	0	0	0	0	0	86	0	0	0	606	0	860	0	410	0	180	0	0	0	8044	0	7090	0	4278	0	9292	0	7150	0	0	0	6896	0	638	0	1508	0	800	0	0	0	990	136	8098	0	966	0	0	0	0	0	0	0	0	0	0	0	92	0	0	0	8132	0	0	0	8078	0	162	0	0	0	0	0	158	0	364	0	0	0	0	0	0	0	0	0	0	230	460	0	0	0	0	
377404	Fusiform_L	472	0	1316	0	0	0	0	0	0	0	0	0	0	0	0	0	174	0	166	0	0	0	0	0	0	0	0	0	4502	0	0	0	0	0	258	0	9572	0	6444	0	1338	0	1356	0	88	0	14720	1150	0	0	8388	0	13876	0	0	240	144	0	0	0	718	0	1246	0	1200	0	1348	0	308	0	0	0	790	0	0	0	0	0	1550	0	3648	0	594	0	2496	0	580	0	20368	0	22202	450	668	0	516	148	16692	2206	31686	778	754	0	2216	0	808	0	0	0	0	178	7454	2530	268	0	0	98	
480196	Fusiform_R	644	1806	294	3490	0	0	0	146	0	0	0	186	102	0	112	124	0	646	286	2602	0	0	0	0	0	0	0	0	114	3128	0	0	0	204	226	2956	142	37496	0	26576	0	3874	0	4738	0	1860	978	17602	0	2526	0	1916	0	6896	240	0	0	788	0	684	0	1444	0	3162	0	1116	0	3490	620	394	0	416	194	10488	0	400	762	2060	0	118	0	2978	0	5656	0	5224	0	888	0	21626	656	12568	178	498	0	944	900	10736	928	18380	114	0	226	760	100	178	0	0	0	166	4022	3272	772	144	138	0	
198504	Postcentral_L	25386	0	3062	0	0	0	1970	0	0	0	3676	0	864	0	606	0	5698	0	2450	128	0	0	0	0	0	0	0	0	4714	0	0	0	114	0	0	0	1172	0	0	0	0	0	0	0	114	0	0	0	522	0	2496	0	0	0	144	0	0	0	4004	0	14796	0	8406	0	1376	0	3248	0	4832	0	536	1028	1536	0	538	0	110	938	1444	0	2436	0	0	0	326	0	0	0	582	0	0	0	0	0	0	0	0	0	0	0	0	0	0	0	0	0	0	0	0	0	0	0	0	0	0	0	
123392	Postcentral_R	0	10556	100	504	0	0	0	0	0	0	0	910	0	156	0	184	0	3118	100	1088	0	0	0	0	0	0	0	0	144	892	118	0	0	1510	0	482	0	338	0	0	0	0	0	2088	0	2738	0	266	0	2406	0	234	0	638	0	788	0	0	0	3390	0	2952	0	11248	0	212	0	5714	0	4524	0	452	236	698	0	0	0	0	0	302	0	1884	0	0	0	470	0	0	0	256	0	0	0	0	0	0	0	0	0	0	0	0	0	0	0	0	0	0	0	0	0	0	0	0	0	0	
170720	Parietal_Sup_L	0	0	0	0	0	0	0	0	0	0	0	0	0	0	0	0	0	0	0	0	0	0	0	0	0	0	0	0	0	0	0	0	486	228	688	0	0	0	0	0	0	0	86	0	1150	0	0	0	13716	0	20040	0	0	0	0	0	4004	0	0	0	11068	0	0	0	4568	0	21900	1848	2434	0	0	0	0	0	0	0	0	0	0	0	0	0	0	0	2578	0	0	0	566	0	0	0	0	0	0	0	0	0	0	0	0	0	0	0	0	0	0	0	0	0	0	0	0	0	0	0	
209004	Parietal_Sup_R	0	2482	106	598	0	0	0	0	0	0	0	0	0	0	0	0	0	0	104	552	0	0	0	0	0	0	0	0	0	590	0	0	0	1254	0	0	0	618	0	282	0	0	0	4828	0	16120	0	782	0	19196	0	4088	0	1508	0	684	0	3390	0	0	0	6768	0	86	0	8480	430	23234	0	2592	0	196	0	0	0	0	0	0	0	0	0	506	0	0	0	3670	0	0	0	1358	0	0	0	0	0	0	0	0	0	0	0	0	0	0	0	0	0	0	0	0	0	0	0	0	0	0	
179908	Parietal_Inf_L	3838	0	0	0	0	0	110	0	0	0	0	0	0	0	0	0	96	0	0	0	0	0	0	0	0	0	0	0	766	0	0	0	180	0	180	0	122	0	0	0	0	0	0	0	0	0	0	0	3098	0	10792	0	198	0	718	0	14796	0	11068	0	0	0	10400	0	17742	0	3446	0	4114	0	0	118	84	0	0	0	0	118	278	0	1830	0	0	0	2190	0	0	0	3672	0	0	0	0	0	0	0	0	0	0	0	0	0	0	0	0	0	0	0	0	0	0	0	0	0	0	0	
140956	Parietal_Inf_R	0	556	0	0	0	0	0	0	0	0	0	0	0	0	0	0	0	204	0	192	0	0	0	0	0	0	0	0	0	110	0	0	0	94	0	0	0	0	0	0	0	0	0	672	0	3294	0	224	0	8826	0	3170	0	800	0	1444	0	2952	0	6768	0	0	0	7502	0	19736	0	3574	0	176	0	112	0	0	0	0	0	0	0	0	0	1020	0	0	0	5706	0	0	0	3346	0	0	0	0	0	0	0	0	0	0	0	0	0	0	0	0	0	0	0	0	0	0	0	0	0	0	
106924	SupraMarginal_L	4270	0	0	0	0	0	92	0	0	0	104	0	0	0	0	0	2142	0	0	0	0	0	0	0	0	0	0	0	1424	0	0	0	0	0	0	0	86	0	0	0	0	0	0	0	0	0	0	0	0	0	102	0	0	0	1246	0	8406	0	0	0	10400	0	0	0	6990	0	0	0	0	0	0	0	0	0	0	0	0	0	236	0	6336	0	0	0	4582	0	0	0	7046	0	0	0	0	0	0	0	0	0	0	0	0	0	0	0	0	0	0	0	0	0	0	0	0	0	0	0	
88784	SupraMarginal_R	0	2394	0	672	0	0	0	0	0	0	0	132	0	232	0	180	0	2228	0	372	0	0	0	0	0	0	0	0	0	512	88	0	0	0	0	0	0	0	0	0	0	0	0	0	0	0	0	0	0	156	0	0	0	0	0	3162	0	11248	0	86	0	7502	0	0	0	6154	0	0	0	280	0	676	94	194	0	0	0	0	0	798	0	5892	0	0	0	858	0	0	0	482	0	0	0	0	0	0	0	0	0	0	0	0	0	0	0	0	0	0	0	0	0	0	0	0	0	0	
167896	Angular_L	806	0	0	0	0	0	0	0	0	0	0	0	0	0	0	0	220	0	0	0	0	0	0	0	0	0	0	0	1132	0	0	0	84	0	256	0	0	0	0	0	0	0	750	0	712	0	84	0	2796	0	19454	0	924	0	1200	0	1376	0	4568	0	17742	0	6990	0	0	0	2258	0	1640	0	0	0	0	0	0	0	0	0	450	0	3958	0	0	0	10280	0	0	0	6268	0	0	0	0	0	0	0	0	0	0	0	0	0	0	0	0	0	0	0	0	0	0	0	0	0	0	0	
193640	Angular_R	0	594	0	386	0	0	0	0	0	0	0	0	0	0	0	0	0	102	0	238	0	0	0	0	0	0	0	0	0	278	0	0	0	106	0	0	0	0	0	0	0	0	0	762	0	3204	0	172	0	11952	0	14760	0	990	0	1116	0	212	0	8480	0	19736	0	6154	0	0	0	3962	0	306	0	130	0	0	0	0	0	0	0	0	0	4616	0	0	0	15378	0	0	0	3186	0	0	0	0	0	0	0	0	0	0	0	0	0	0	0	0	0	0	0	0	0	0	0	0	0	0	
313916	Precuneus_L	0	0	0	0	0	0	0	0	0	0	0	0	0	0	0	0	0	0	158	0	0	0	0	0	0	0	0	0	0	0	0	0	4884	1530	10096	1056	2352	0	2996	0	0	0	9786	3734	11500	5290	4412	1216	17642	1410	22818	382	1376	136	1348	0	3248	0	21900	430	3446	0	0	0	2258	0	0	8940	3092	622	0	0	0	0	0	0	0	0	0	0	0	0	0	0	6224	372	0	0	1490	0	0	0	0	0	0	0	462	0	0	0	0	0	0	0	0	0	0	0	0	0	352	0	0	0	0	0	
464736	Precuneus_R	600	3236	114	936	0	0	0	0	0	0	0	0	0	0	0	0	0	0	120	800	0	0	0	0	0	0	0	0	0	806	0	0	794	5992	2160	11340	294	4180	0	3182	0	0	604	26004	492	34804	102	9610	1328	27920	270	8996	0	8098	0	3490	0	5714	1848	23234	0	3574	0	0	0	3962	8940	0	490	8458	0	200	0	0	0	0	798	1246	0	0	0	486	0	0	0	9744	0	0	0	4648	0	0	0	0	0	0	0	924	0	0	0	0	0	0	0	0	0	0	0	0	1830	0	0	0	0	0	
262532	Paracentral_Lobule_L	33470	226	2582	148	0	0	278	0	0	0	0	0	164	0	156	0	0	84	8400	7688	0	0	0	0	0	0	0	0	1156	198	0	0	1884	8070	758	1264	1770	1162	330	774	308	0	90	0	268	0	0	208	376	0	4926	0	290	0	308	620	4832	0	2434	0	4114	0	0	0	1640	0	3092	490	0	1694	1766	504	362	0	394	0	27792	2164	0	0	314	0	0	0	750	0	0	0	692	86	0	0	0	0	0	0	0	96	0	0	0	0	0	0	0	0	0	0	0	0	94	0	0	0	0	0	
119236	Paracentral_Lobule_R	0	5570	0	176	0	0	0	0	0	0	0	0	0	0	0	0	0	0	0	9346	0	0	0	0	0	0	0	0	0	230	0	0	188	9594	220	1892	0	220	0	0	0	0	0	3020	0	2308	0	1130	0	1902	0	290	0	966	0	394	0	4524	0	2592	0	176	0	280	0	306	622	8458	1694	0	0	0	0	0	0	0	0	424	0	98	0	1364	0	0	0	958	0	0	0	508	0	0	0	0	0	0	0	0	0	0	0	0	0	0	0	0	0	0	0	0	168	0	0	0	0	0	
221260	Caudate_L	2344	488	6088	1628	1344	0	534	306	268	146	172	0	8660	120	10134	836	116	0	3878	4070	6290	5122	244	138	142	84	2456	954	7722	104	5536	1856	0	888	0	0	0	0	0	0	0	0	0	0	0	0	0	0	0	0	0	0	0	0	0	0	536	0	0	0	0	0	0	0	0	0	0	0	1766	0	0	10644	13196	1074	698	566	6958	2524	0	0	0	0	0	0	0	0	0	0	0	0	0	0	0	0	0	0	0	0	0	0	0	0	0	0	0	0	0	0	0	0	0	0	0	0	0	0	
496972	Caudate_R	1506	2606	4306	24506	0	1726	514	6190	0	1686	0	7250	2986	9174	3378	16940	0	4646	5364	35686	3048	3466	166	4790	0	3430	350	1414	2448	11364	2888	8464	222	3858	0	0	0	650	0	0	0	0	0	0	0	132	0	0	0	100	0	0	0	0	0	416	1028	452	0	196	118	112	0	676	0	130	0	200	504	0	10644	0	3620	25724	288	4276	1626	22562	0	230	0	122	0	220	0	88	0	0	0	0	0	0	0	0	0	0	0	0	0	0	0	0	0	0	0	0	0	0	0	0	0	0	0	0	0	0	
349068	Putamen_L	13918	2302	19876	2080	3272	0	7840	1058	1012	0	1176	0	8508	142	17608	830	716	198	9510	4186	2836	1740	130	204	106	0	1644	208	21954	424	3104	876	0	0	0	88	9790	266	1398	0	824	0	0	0	0	0	138	0	0	0	0	0	0	0	790	194	1536	236	0	0	84	0	0	94	0	0	0	0	362	0	13196	3620	0	404	8376	0	2712	752	0	0	520	0	1324	0	0	0	0	0	372	0	0	0	0	0	0	0	0	0	0	0	0	0	0	0	0	0	0	0	0	0	0	0	0	0	0	0	
379224	Putamen_R	152	4706	6520	22202	0	1438	2326	3104	0	1168	0	10678	1120	3868	878	7574	0	3722	6602	17924	0	0	964	378	0	450	0	472	864	26906	574	754	86	256	0	0	0	14148	0	3176	0	570	0	0	0	0	0	98	0	0	0	0	0	0	0	10488	0	698	0	0	0	0	0	194	0	0	0	0	0	0	1074	25724	404	0	0	4214	0	330	0	238	0	642	0	422	0	262	0	0	0	1244	0	0	0	0	0	0	0	0	0	0	0	0	0	0	0	0	0	0	0	0	0	0	0	0	0	0	
64064	Pallidum_L	3526	0	7342	0	0	0	3392	0	0	0	0	0	214	0	122	0	0	0	2328	328	0	0	0	0	0	0	0	0	248	0	0	0	0	0	0	0	1224	0	0	0	0	0	0	0	0	0	0	0	0	0	0	0	0	0	0	0	538	0	0	0	0	0	0	0	0	0	0	0	394	0	698	288	8376	0	0	0	2738	276	0	0	0	0	0	0	0	0	0	0	0	0	0	0	0	0	0	0	0	0	0	0	0	0	0	0	0	0	0	0	0	0	0	0	0	0	0	0	
40424	Pallidum_R	0	178	1220	1708	0	0	96	94	0	0	0	488	336	396	322	574	0	226	1380	938	0	0	104	0	0	0	0	0	262	670	114	108	268	0	0	0	0	720	0	446	0	0	0	0	0	0	0	0	0	0	0	0	0	0	0	400	0	0	0	0	0	0	0	0	0	0	0	0	0	0	566	4276	0	4214	0	0	0	0	0	0	0	0	0	0	0	0	0	0	0	0	0	0	0	0	0	0	0	108	0	0	0	0	0	0	0	0	0	0	0	0	0	0	0	0	0	0	
248324	Thalamus_L	33656	276	5748	218	0	0	1942	0	0	0	0	0	1914	0	1998	0	0	94	8714	4240	0	0	0	0	0	0	0	0	2754	234	0	0	0	2284	266	2210	4122	1522	590	1174	426	0	0	0	0	0	162	528	0	0	242	0	0	0	0	762	110	0	0	0	0	0	0	0	0	0	0	798	27792	0	6958	1626	2712	0	2738	0	0	4084	92	0	258	0	0	0	158	0	0	0	88	0	0	0	0	0	0	0	0	120	0	0	0	0	0	0	0	0	0	0	0	0	552	0	0	0	0	0	
236224	Thalamus_R	3030	3410	620	17038	0	0	222	0	0	0	0	0	684	142	892	558	0	192	1528	35746	0	0	0	0	0	0	0	0	718	782	0	102	0	2992	0	1738	254	5142	86	3084	0	0	0	0	0	0	0	872	0	0	0	0	0	0	0	2060	938	0	0	0	118	0	0	0	0	0	0	1246	2164	424	2524	22562	752	330	276	0	4084	0	0	0	0	132	0	0	0	0	0	0	0	0	0	0	0	0	0	0	0	508	0	0	0	0	0	0	0	0	0	0	0	0	162	0	0	0	0	0	
80752	Heschl_L	5452	0	486	0	0	0	186	0	0	0	588	0	0	0	0	0	2680	0	350	0	0	0	0	0	0	0	0	0	8666	0	0	0	0	0	0	0	3950	0	572	0	0	0	0	0	0	0	0	0	0	0	284	0	222	0	1550	0	1444	0	0	0	278	0	236	0	450	0	0	0	0	0	0	0	0	0	0	0	92	0	0	0	4610	0	0	0	4258	0	0	0	4022	0	0	0	0	0	0	0	0	0	0	0	0	0	0	0	0	0	0	0	0	0	0	0	0	0	0	0	
24748	Heschl_R	0	374	0	412	0	0	0	0	0	0	0	0	0	0	0	0	0	2638	0	622	0	0	0	0	0	0	0	0	0	1664	0	0	0	0	0	0	0	160	0	0	0	0	0	0	0	0	0	0	0	0	0	0	0	0	0	118	0	302	0	0	0	0	0	798	0	0	0	0	0	98	0	230	0	238	0	0	0	0	0	0	0	4208	0	0	0	512	0	0	0	0	0	0	0	0	0	0	0	0	0	0	0	0	0	0	0	0	0	0	0	0	0	0	0	0	0	0	
196508	Temporal_Sup_L	3470	0	4012	0	0	0	432	0	0	0	3888	0	366	0	0	0	7720	0	3282	0	0	0	0	0	0	0	0	0	11176	0	0	0	0	0	0	0	2422	0	332	0	148	0	0	0	0	0	0	0	0	0	974	0	498	0	3648	0	2436	0	0	0	1830	0	6336	0	3958	0	0	0	314	0	0	0	520	0	0	0	258	0	4610	0	0	0	5000	0	16672	0	650	0	13302	0	0	0	0	0	0	0	0	0	0	0	0	0	0	0	0	0	0	0	0	0	0	0	0	0	0	0	
106628	Temporal_Sup_R	0	1734	0	432	0	0	0	0	0	0	0	0	0	0	0	372	0	3482	0	1962	0	88	0	0	0	0	0	0	0	3302	0	0	0	0	0	0	0	1200	0	244	0	0	0	208	0	308	0	174	0	492	0	140	0	92	0	2978	0	1884	0	506	0	1020	0	5892	0	4616	0	486	0	1364	0	122	0	642	0	0	0	132	0	4208	0	0	0	3354	0	9568	0	234	0	2078	0	0	0	0	0	0	0	0	0	0	0	0	0	0	0	0	0	0	0	0	0	0	0	0	0	0	
65884	Temporal_Pole_Sup_L	120	178	2100	0	0	0	114	88	96	0	2548	0	254	0	774	0	2950	0	2034	0	320	0	0	0	0	0	0	0	4974	0	0	0	0	0	0	0	210	0	298	0	0	0	0	0	0	0	0	0	0	0	0	0	0	0	594	0	0	0	0	0	0	0	0	0	0	0	0	0	0	0	0	0	1324	0	0	0	0	0	0	0	5000	0	0	0	3612	0	2364	0	2990	0	0	0	0	0	0	0	0	0	0	0	0	0	0	0	0	0	0	0	0	0	0	0	0	0	0	0	
45536	Temporal_Pole_Sup_R	0	0	0	440	0	0	0	0	0	0	0	498	0	0	0	502	0	838	0	442	0	312	0	0	0	0	0	0	0	2236	0	0	0	0	0	0	0	1320	0	2738	0	1848	0	0	0	0	0	0	0	0	0	0	0	0	0	5656	0	0	0	0	0	0	0	0	0	0	0	0	0	0	0	220	0	422	0	0	0	0	0	0	0	3354	0	0	0	270	0	964	0	708	0	0	0	0	0	0	0	0	0	0	0	0	0	0	0	0	0	0	0	0	0	0	0	0	0	0	
266832	Temporal_Mid_L	814	0	128	0	0	0	0	0	0	0	0	0	0	0	0	0	576	0	0	0	0	0	0	0	0	0	0	0	4200	0	0	0	0	0	756	0	176	0	0	0	0	0	742	0	650	0	0	0	4594	0	23936	0	3412	0	2496	0	326	0	2578	0	2190	0	4582	0	10280	0	6224	0	750	0	0	0	0	0	0	0	158	0	4258	0	16672	0	3612	0	0	0	2920	0	36274	0	112	0	0	0	0	0	0	0	0	0	0	0	0	0	0	0	0	0	0	0	0	0	0	0	0	0	
292684	Temporal_Mid_R	0	1376	0	458	0	0	0	0	0	0	0	0	0	0	0	0	0	162	0	1220	0	0	0	0	0	0	0	0	0	734	0	0	0	494	0	456	0	1108	0	224	0	0	0	1510	0	10540	0	680	0	14820	0	22206	0	8132	0	5224	0	470	0	3670	0	5706	0	858	0	15378	372	9744	0	958	0	88	0	262	0	0	0	0	0	512	0	9568	0	270	0	0	0	770	0	28268	0	0	0	0	0	0	0	0	0	0	0	0	0	0	0	0	0	0	0	0	104	0	0	0	0	0	
17028	Temporal_Pole_Mid_L	0	0	0	0	0	0	0	0	0	0	0	0	0	0	0	0	0	0	0	0	0	0	0	0	0	0	0	0	0	0	0	0	0	0	0	0	0	0	0	0	0	0	0	0	0	0	0	0	0	0	0	0	0	0	580	0	0	0	0	0	0	0	0	0	0	0	0	0	0	0	0	0	0	0	0	0	0	0	0	0	650	0	2364	0	2920	0	0	0	2000	0	0	0	0	0	0	0	0	0	0	0	0	0	0	0	0	0	0	0	0	0	0	0	0	0	0	0	
6636	Temporal_Pole_Mid_R	0	0	0	0	0	0	0	0	0	0	0	0	0	0	0	0	0	0	0	0	0	0	0	0	0	0	0	0	0	0	0	0	0	0	0	0	0	0	0	244	0	0	0	0	0	0	0	0	0	0	0	0	0	0	0	888	0	0	0	0	0	0	0	0	0	0	0	0	0	0	0	0	0	0	0	0	0	0	0	0	0	234	0	964	0	770	0	0	0	218	0	0	0	0	0	0	0	0	0	0	0	0	0	0	0	0	0	0	0	0	0	0	0	0	0	0	
303172	Temporal_Inf_L	1372	0	1384	0	0	0	0	0	0	0	0	0	0	0	0	0	408	0	300	0	0	0	0	0	0	0	0	0	7542	0	0	0	0	0	294	0	7930	0	1568	0	1064	0	114	0	102	0	652	0	1204	0	8296	0	4514	0	20368	0	582	0	566	0	3672	0	7046	0	6268	0	1490	0	692	0	0	0	372	0	0	0	88	0	4022	0	13302	0	2990	0	36274	0	2000	0	0	0	6580	0	290	0	300	0	2290	0	4186	0	594	0	520	0	350	0	0	0	0	0	0	0	0	0	0	0	
209416	Temporal_Inf_R	0	810	0	410	0	0	0	0	0	0	0	0	0	0	0	0	0	0	0	1188	0	0	0	0	0	0	0	0	0	400	0	0	0	264	112	1772	0	6296	0	2466	0	0	0	2706	0	2334	0	1902	0	4188	0	1218	0	8078	0	21626	0	256	0	1358	0	3346	0	482	0	3186	0	4648	86	508	0	0	0	1244	0	0	0	0	0	0	0	2078	0	708	0	28268	0	218	0	0	0	2048	0	0	0	0	0	0	0	226	0	0	0	0	0	0	0	0	0	0	278	0	0	0	0	0	
563876	Cerebelum_Crus1_L	0	0	0	0	0	0	0	0	0	0	0	0	0	0	0	0	0	0	0	0	0	0	0	0	0	0	0	0	0	0	0	0	0	0	0	0	206	0	634	0	0	0	0	0	0	0	4078	2248	0	0	396	0	3756	0	22202	656	0	0	0	0	0	0	0	0	0	0	0	0	0	0	0	0	0	0	0	0	0	0	0	0	0	0	0	0	112	0	0	0	6580	0	0	2694	29748	3006	1130	3458	19384	7106	56686	3868	18812	470	25916	6422	6042	3156	1138	278	888	2034	11544	13980	10954	6308	4358	1690	
426472	Cerebelum_Crus1_R	0	0	0	0	0	0	0	0	0	0	0	0	0	0	0	0	0	0	0	0	0	0	0	0	0	0	0	0	0	0	0	0	0	0	0	0	0	0	0	0	0	0	0	0	0	0	2008	3182	0	0	0	0	0	162	450	12568	0	0	0	0	0	0	0	0	0	0	0	0	0	0	0	0	0	0	0	0	0	0	0	0	0	0	0	0	0	0	0	0	0	2048	2694	0	652	28488	152	9374	2154	17476	4372	50756	548	7212	1714	25518	1442	2556	402	228	534	3772	7108	11996	10256	1182	1044	1188	
293668	Cerebelum_Crus2_L	0	0	0	0	0	0	0	0	0	0	0	0	0	0	0	0	0	0	0	0	0	0	0	0	0	0	0	0	0	0	0	0	0	0	0	0	0	0	0	0	0	0	0	0	0	0	138	260	0	0	0	0	0	0	668	178	0	0	0	0	0	0	0	0	0	0	0	0	0	0	0	0	0	0	0	0	0	0	0	0	0	0	0	0	0	0	0	0	290	0	29748	652	0	3858	382	1210	1164	1810	4586	932	34134	1022	29474	5020	2776	2792	96	202	736	786	1916	3658	8430	5612	3168	1136	
231840	Cerebelum_Crus2_R	0	0	0	0	0	0	0	0	0	0	0	0	0	0	0	0	0	0	0	0	0	0	0	0	0	0	0	0	0	0	0	0	0	0	0	0	0	0	0	0	0	0	0	0	0	0	96	0	0	0	0	0	0	0	0	498	0	0	0	0	0	0	0	0	0	0	0	0	0	0	0	0	0	0	0	0	0	0	0	0	0	0	0	0	0	0	0	0	0	0	3006	28488	3858	0	0	958	176	1786	740	6186	1250	21410	590	31278	0	2932	0	182	0	168	858	654	7180	2592	1034	0	
51868	Cerebelum_3_L	0	0	0	0	0	0	0	0	0	0	0	0	0	0	0	0	0	0	0	0	0	0	0	0	0	0	0	0	0	0	0	0	0	0	0	0	0	0	316	0	0	0	0	0	0	0	480	238	0	0	0	0	0	0	516	0	0	0	0	0	0	0	0	0	0	0	0	0	0	0	0	0	0	0	0	0	0	0	0	0	0	0	0	0	0	0	0	0	300	0	1130	152	382	0	0	418	8874	534	2914	290	318	0	916	0	2260	84	0	0	1002	2462	1264	560	160	110	88	166	
185068	Cerebelum_3_R	0	0	0	0	0	0	0	0	0	0	0	0	0	0	0	0	0	0	0	0	0	0	0	0	0	0	0	0	0	0	0	0	0	0	0	0	0	178	108	302	0	0	0	0	0	0	214	1274	0	0	0	0	0	0	148	944	0	0	0	0	0	0	0	0	0	0	0	0	0	0	0	0	0	0	0	0	0	0	0	0	0	0	0	0	0	0	0	0	0	0	3458	9374	1210	958	418	0	2122	13554	3102	11964	828	250	1714	4010	1256	2690	270	226	824	7222	5644	5326	7100	2880	2512	454	
349984	Cerebelum_4_5_L	0	0	0	0	0	0	0	0	0	0	0	0	0	0	0	0	0	0	0	0	0	0	0	0	0	0	0	0	0	0	0	0	0	0	100	0	806	0	1972	0	0	0	290	0	0	0	11436	2918	0	0	0	0	1696	0	16692	900	0	0	0	0	0	0	0	0	0	0	462	0	0	0	0	0	0	0	0	0	0	0	0	0	0	0	0	0	0	0	0	0	2290	0	19384	2154	1164	176	8874	2122	0	7966	37804	3818	888	0	2696	678	7954	746	468	0	1624	2890	21924	5702	1890	1530	1464	1514	
373864	Cerebelum_4_5_R	120	0	0	92	0	0	0	0	0	0	0	0	0	0	0	0	0	0	0	0	0	0	0	0	0	0	0	0	0	0	0	0	0	0	0	220	0	2428	0	4018	0	0	0	0	0	0	3292	8636	0	0	0	0	528	158	2206	10736	0	0	0	0	0	0	0	0	0	0	0	924	96	0	0	0	0	0	0	108	120	508	0	0	0	0	0	0	0	0	0	0	0	0	7106	17476	1810	1786	534	13554	7966	0	9604	31374	1300	208	2420	5920	1636	2970	500	190	744	4844	18198	9152	7458	2830	2614	548	
550368	Cerebelum_6_L	0	0	0	0	0	0	0	0	0	0	0	0	0	0	0	0	0	0	0	0	0	0	0	0	0	0	0	0	0	0	0	0	0	0	0	0	356	0	1018	0	0	0	102	0	0	0	11736	3986	0	0	882	0	4636	0	31686	928	0	0	0	0	0	0	0	0	0	0	0	0	0	0	0	0	0	0	0	0	0	0	0	0	0	0	0	0	0	0	0	0	4186	0	56686	4372	4586	740	2914	3102	37804	9604	0	6364	4584	106	12518	2078	8878	1028	1618	84	774	2162	20592	19442	7274	3282	2212	2864	
422112	Cerebelum_6_R	0	0	0	0	0	0	0	0	0	0	0	0	0	0	0	0	0	0	0	0	0	0	0	0	0	0	0	0	0	0	0	0	0	0	0	0	0	0	0	0	0	0	0	180	0	0	3120	6312	0	0	0	0	0	364	778	18380	0	0	0	0	0	0	0	0	0	0	0	0	0	0	0	0	0	0	0	0	0	0	0	0	0	0	0	0	0	0	0	0	0	226	3868	50756	932	6186	290	11964	3818	31374	6364	0	604	634	1906	12074	1528	1980	426	712	666	4468	12822	15332	9106	1106	1364	1416	
265500	Cerebelum_7b_L	0	0	0	0	0	0	0	0	0	0	0	0	0	0	0	0	0	0	0	0	0	0	0	0	0	0	0	0	0	0	0	0	0	0	0	0	0	0	0	0	0	0	0	0	0	0	140	304	0	0	0	0	0	0	754	114	0	0	0	0	0	0	0	0	0	0	0	0	0	0	0	0	0	0	0	0	0	0	0	0	0	0	0	0	0	0	0	0	594	0	18812	548	34134	1250	318	828	888	1300	4584	604	0	332	35788	3144	4354	2232	766	102	668	746	1434	3524	5742	5304	2268	1174	
123144	Cerebelum_7b_R	0	0	0	0	0	0	0	0	0	0	0	0	0	0	0	0	0	0	0	0	0	0	0	0	0	0	0	0	0	0	0	0	0	0	0	0	0	0	0	0	0	0	0	0	0	0	0	0	0	0	0	0	0	0	0	0	0	0	0	0	0	0	0	0	0	0	0	0	0	0	0	0	0	0	0	0	0	0	0	0	0	0	0	0	0	0	0	0	0	0	470	7212	1022	21410	0	250	0	208	106	634	332	0	138	22926	0	3842	0	100	0	0	180	0	1958	784	0	0	
387000	Cerebelum_8_L	0	0	0	0	0	0	0	0	0	0	0	0	0	0	0	0	0	0	0	0	0	0	0	0	0	0	0	0	0	0	0	0	0	0	0	0	0	0	110	0	0	0	0	0	0	0	248	528	0	0	0	0	0	0	2216	226	0	0	0	0	0	0	0	0	0	0	0	0	0	0	0	0	0	0	0	0	0	0	0	0	0	0	0	0	0	0	0	0	520	0	25916	1714	29474	590	916	1714	2696	2420	12518	1906	35788	138	0	3170	24390	4428	3882	156	1022	1428	2122	8432	7768	8768	5006	3290	
348224	Cerebelum_8_R	0	0	0	0	0	0	0	0	0	0	0	0	0	0	0	0	0	0	0	0	0	0	0	0	0	0	0	0	0	0	0	0	0	0	0	0	0	0	0	0	0	0	0	0	0	0	0	0	0	0	0	0	0	0	0	760	0	0	0	0	0	0	0	0	0	0	0	0	0	0	0	0	0	0	0	0	0	0	0	0	0	0	0	0	0	0	0	0	0	0	6422	25518	5020	31278	0	4010	678	5920	2078	12074	3144	22926	3170	0	184	18586	0	1516	356	1408	2544	3260	11218	7462	4298	282	
191176	Cerebelum_9_L	0	0	0	0	0	0	0	0	0	0	0	0	0	0	0	0	0	0	0	0	0	0	0	0	0	0	0	0	0	0	0	0	0	0	0	0	0	0	150	0	0	0	0	0	0	0	294	196	0	0	0	0	0	0	808	100	0	0	0	0	0	0	0	0	0	0	0	0	0	0	0	0	0	0	0	0	0	0	0	0	0	0	0	0	0	0	0	0	350	0	6042	1442	2776	0	2260	1256	7954	1636	8878	1528	4354	0	24390	184	0	2624	6962	0	242	920	1720	4842	2684	3610	4198	3188	
172684	Cerebelum_9_R	0	0	0	0	0	0	0	0	0	0	0	0	0	0	0	0	0	0	0	0	0	0	0	0	0	0	0	0	0	0	0	0	0	0	0	0	0	0	0	0	0	0	0	0	0	0	0	0	0	0	0	0	0	0	0	178	0	0	0	0	0	0	0	0	0	0	0	0	0	0	0	0	0	0	0	0	0	0	0	0	0	0	0	0	0	0	0	0	0	0	3156	2556	2792	2932	84	2690	746	2970	1028	1980	2232	3842	4428	18586	2624	0	210	2096	476	1904	1146	2036	5724	8266	8608	3052	
39008	Cerebelum_10_L	0	0	0	0	0	0	0	0	0	0	0	0	0	0	0	0	0	0	0	0	0	0	0	0	0	0	0	0	0	0	0	0	0	0	0	0	0	0	0	0	0	0	0	0	0	0	0	134	0	0	0	0	0	0	0	0	0	0	0	0	0	0	0	0	0	0	0	0	0	0	0	0	0	0	0	0	0	0	0	0	0	0	0	0	0	0	0	0	0	0	1138	402	96	0	0	270	468	500	1618	426	766	0	3882	0	6962	210	0	0	0	180	368	996	310	242	294	242	
14872	Cerebelum_10_R	0	0	0	0	0	0	0	0	0	0	0	0	0	0	0	0	0	0	0	0	0	0	0	0	0	0	0	0	0	0	0	0	0	0	0	0	0	0	0	0	0	0	0	0	0	0	0	0	0	0	0	0	0	0	0	0	0	0	0	0	0	0	0	0	0	0	0	0	0	0	0	0	0	0	0	0	0	0	0	0	0	0	0	0	0	0	0	0	0	0	278	228	202	182	0	226	0	190	84	712	102	100	156	1516	0	2096	0	0	0	142	0	164	440	272	346	0	
54416	Vermis_1_2	0	0	0	0	0	0	0	0	0	0	0	0	0	0	0	0	0	0	0	0	0	0	0	0	0	0	0	0	0	0	0	0	0	0	0	0	0	0	268	0	0	0	0	0	0	0	252	0	0	0	0	0	0	0	0	0	0	0	0	0	0	0	0	0	0	0	0	0	0	0	0	0	0	0	0	0	0	0	0	0	0	0	0	0	0	0	0	0	0	0	888	534	736	0	1002	824	1624	744	774	666	668	0	1022	356	242	476	0	0	0	6062	2212	2192	1512	1432	1166	1556	
124924	Vermis_3	0	0	0	0	0	0	0	0	0	0	0	0	0	0	0	0	0	0	0	0	0	0	0	0	0	0	0	0	0	0	0	0	0	0	0	0	488	0	562	0	0	0	0	0	0	0	396	386	0	0	0	0	0	0	178	166	0	0	0	0	0	0	0	0	0	0	0	0	0	0	0	0	0	0	0	0	0	0	0	0	0	0	0	0	0	0	0	0	0	0	2034	3772	786	168	2462	7222	2890	4844	2162	4468	746	0	1428	1408	920	1904	180	142	6062	0	3794	3510	3552	2062	2474	1296	
363316	Vermis_4_5	228	0	0	0	0	0	0	0	0	0	0	0	0	0	0	0	0	0	0	0	0	0	0	0	0	0	0	0	0	0	0	0	0	0	578	2864	748	1072	534	628	0	0	0	294	0	0	7730	8742	0	0	90	0	1714	230	7454	4022	0	0	0	0	0	0	0	0	0	0	352	1830	94	168	0	0	0	0	0	0	552	162	0	0	0	0	0	0	0	104	0	0	0	278	11544	7108	1916	858	1264	5644	21924	18198	20592	12822	1434	180	2122	2544	1720	1146	368	0	2212	3794	0	12604	5052	2514	1810	1820	
344968	Vermis_6	0	0	0	0	0	0	0	0	0	0	0	0	0	0	0	0	0	0	0	0	0	0	0	0	0	0	0	0	0	0	0	0	0	0	0	0	100	0	186	0	0	0	0	158	0	0	4100	5826	0	0	148	0	342	460	2530	3272	0	0	0	0	0	0	0	0	0	0	0	0	0	0	0	0	0	0	0	0	0	0	0	0	0	0	0	0	0	0	0	0	0	0	13980	11996	3658	654	560	5326	5702	9152	19442	15332	3524	0	8432	3260	4842	2036	996	164	2192	3510	12604	0	12282	5524	3976	6218	
