data	data	465876	278172	1.10688e+06	932700	138528	127976	613912	488164	97572	47552	319540	213776	253400	228808	189972	232596	313624	207428	824244	957228	101332	153000	552108	503148	74256	130540	73528	147804	646600	554248	507708	574664	275424	649076	162416	162312	274188	411892	128772	232776	52916	91432	190800	229528	158540	228692	249048	199792	168356	264900	521656	278852	189020	55532	456648	408588	276292	162856	182492	59920	287736	100348	102316	121096	201572	134824	296788	325676	199748	156428	341236	467096	331880	519416	34512	76276	197856	289128	88604	57112	301132	174220	193168	140768	334692	251948	31608	42272	286432	177232	418184	359468	337756	228700	63052	88340	272444	190136	415992	374984	189760	136728	232996	225884	128228	128848	40236	21260	18832	56276	244936	253192	180696	122904	108568	25860	
data	data	Precentral_L	Precentral_R	Frontal_Sup_L	Frontal_Sup_R	Frontal_Sup_Orb_L	Frontal_Sup_Orb_R	Frontal_Mid_L	Frontal_Mid_R	Frontal_Mid_Orb_L	Frontal_Mid_Orb_R	Frontal_Inf_Oper_L	Frontal_Inf_Oper_R	Frontal_Inf_Tri_L	Frontal_Inf_Tri_R	Frontal_Inf_Orb_L	Frontal_Inf_Orb_R	Rolandic_Oper_L	Rolandic_Oper_R	Supp_Motor_Area_L	Supp_Motor_Area_R	Olfactory_L	Olfactory_R	Frontal_Sup_Medial_L	Frontal_Sup_Medial_R	Frontal_Med_Orb_L	Frontal_Med_Orb_R	Rectus_L	Rectus_R	Insula_L	Insula_R	Cingulum_Ant_L	Cingulum_Ant_R	Cingulum_Mid_L	Cingulum_Mid_R	Cingulum_Post_L	Cingulum_Post_R	Hippocampus_L	Hippocampus_R	ParaHippocampal_L	ParaHippocampal_R	Amygdala_L	Amygdala_R	Calcarine_L	Calcarine_R	Cuneus_L	Cuneus_R	Lingual_L	Lingual_R	Occipital_Sup_L	Occipital_Sup_R	Occipital_Mid_L	Occipital_Mid_R	Occipital_Inf_L	Occipital_Inf_R	Fusiform_L	Fusiform_R	Postcentral_L	Postcentral_R	Parietal_Sup_L	Parietal_Sup_R	Parietal_Inf_L	Parietal_Inf_R	SupraMarginal_L	SupraMarginal_R	Angular_L	Angular_R	Precuneus_L	Precuneus_R	Paracentral_Lobule_L	Paracentral_Lobule_R	Caudate_L	Caudate_R	Putamen_L	Putamen_R	Pallidum_L	Pallidum_R	Thalamus_L	Thalamus_R	Heschl_L	Heschl_R	Temporal_Sup_L	Temporal_Sup_R	Temporal_Pole_Sup_L	Temporal_Pole_Sup_R	Temporal_Mid_L	Temporal_Mid_R	Temporal_Pole_Mid_L	Temporal_Pole_Mid_R	Temporal_Inf_L	Temporal_Inf_R	Cerebelum_Crus1_L	Cerebelum_Crus1_R	Cerebelum_Crus2_L	Cerebelum_Crus2_R	Cerebelum_3_L	Cerebelum_3_R	Cerebelum_4_5_L	Cerebelum_4_5_R	Cerebelum_6_L	Cerebelum_6_R	Cerebelum_7b_L	Cerebelum_7b_R	Cerebelum_8_L	Cerebelum_8_R	Cerebelum_9_L	Cerebelum_9_R	Cerebelum_10_L	Cerebelum_10_R	Vermis_1_2	Vermis_3	Vermis_4_5	Vermis_6	Vermis_7	Vermis_8	Vermis_9	Vermis_10	
465876	Precentral_L	0	2860	31900	2728	0	0	26330	1152	0	0	13426	240	1952	0	0	106	12460	140	22350	8100	0	0	0	0	0	0	0	0	7662	194	118	176	458	1442	3502	3520	7482	2854	486	118	0	0	124	0	120	0	226	0	0	0	922	0	172	0	286	0	26072	0	566	0	2412	0	2474	0	350	0	634	0	15724	784	1880	718	4596	436	758	0	13704	3072	1670	0	2386	0	668	0	202	0	0	0	226	0	0	0	0	0	0	0	0	0	0	0	0	0	0	0	0	0	0	0	0	0	0	0	0	0	0	0	
278172	Precentral_R	2860	0	1848	16410	0	0	1298	12530	0	0	138	10168	0	536	0	0	0	5128	3328	21236	0	0	0	0	0	0	0	0	270	4486	102	0	412	602	932	1090	172	3990	0	358	0	0	0	0	0	0	0	0	0	304	0	346	0	118	0	470	0	13106	0	334	0	2164	0	6238	0	0	0	222	2090	2508	456	4948	192	2436	0	0	2654	11070	0	546	0	358	0	0	0	162	0	0	0	470	0	0	0	0	0	0	0	0	0	0	0	0	0	0	0	0	0	0	0	0	0	0	0	0	0	0	
1.10688e+06	Frontal_Sup_L	31900	1848	0	10316	6376	0	96638	1910	6522	0	23232	958	19070	946	10984	442	11816	176	84684	17394	538	180	57910	14196	2270	312	1920	148	30488	1072	33086	14784	9946	10588	400	182	1570	228	390	0	0	0	0	0	0	0	0	0	0	0	0	0	0	0	164	0	4896	0	0	0	0	0	0	0	0	0	0	0	6782	124	4696	808	13034	462	998	0	9232	486	752	0	2954	0	2354	0	146	0	0	0	130	0	0	0	0	0	0	0	0	0	0	0	0	0	0	0	0	0	0	0	0	0	0	0	0	0	0	0	
932700	Frontal_Sup_R	2728	16410	10316	0	434	8704	3030	56712	112	2310	612	9320	152	12256	390	6556	734	7144	16106	70812	1188	2100	15822	45242	356	3814	568	5598	2064	18732	8738	29476	3022	25670	880	1074	366	7368	122	1338	0	442	0	0	0	0	0	0	0	0	0	0	0	0	0	1218	0	486	0	0	0	0	0	142	0	0	0	0	2298	196	4042	19150	1310	18380	0	1100	2482	14690	0	0	264	230	468	970	0	106	0	0	0	0	0	0	0	0	0	0	0	0	0	0	0	0	0	0	0	0	0	0	0	0	0	0	0	0	0	0	
138528	Frontal_Sup_Orb_L	0	0	6376	434	0	470	1540	158	12650	0	0	0	282	0	11132	180	0	0	0	0	3308	790	3518	1190	5216	1024	7586	716	3272	0	4112	144	0	0	0	0	154	0	472	0	414	0	0	0	0	0	0	0	0	0	0	0	0	0	0	0	0	0	0	0	0	0	0	0	0	0	0	0	0	0	1394	228	1172	0	0	0	0	0	0	0	0	0	1332	0	0	0	0	0	0	0	0	0	0	0	0	0	0	0	0	0	0	0	0	0	0	0	0	0	0	0	0	0	0	0	0	0	
127976	Frontal_Sup_Orb_R	0	0	0	8704	470	0	0	3900	0	5628	0	0	0	248	312	4010	0	0	0	0	970	3350	412	3588	386	8852	558	11822	464	2010	454	1234	0	0	0	0	0	0	0	0	0	206	0	0	0	0	0	0	0	0	0	0	0	0	0	0	0	0	0	0	0	0	0	0	0	0	0	0	0	0	1176	2480	650	1934	0	0	0	0	0	0	0	0	0	170	0	0	0	0	0	0	0	0	0	0	0	0	0	0	0	0	0	0	0	0	0	0	0	0	0	0	0	0	0	0	0	0	
613912	Frontal_Mid_L	26330	1298	96638	3030	1540	0	0	1224	3238	0	13256	402	29436	400	8786	124	4744	114	27230	4690	0	0	22894	3282	144	0	0	0	20700	436	9588	3446	3630	3780	244	276	1474	256	132	0	0	0	0	0	0	0	0	0	0	0	0	0	0	0	0	0	3736	0	0	0	330	0	106	0	0	0	0	0	108	0	1496	322	2676	204	528	0	2466	262	624	0	410	0	926	0	0	0	0	0	0	0	0	0	0	0	0	0	0	0	0	0	0	0	0	0	0	0	0	0	0	0	0	0	0	0	0	0	
488164	Frontal_Mid_R	1152	12530	1910	56712	158	3900	1224	0	0	4074	1098	14196	0	18582	186	15958	354	5026	3968	15746	648	1716	2102	13292	0	0	244	2606	1706	12452	1056	5758	534	6658	0	0	0	3132	0	470	0	758	0	0	0	0	0	0	0	0	0	0	0	0	0	470	0	1080	0	0	0	114	0	488	0	0	0	0	0	0	2378	9422	982	13592	0	902	104	2980	0	152	178	206	508	620	0	0	0	0	0	0	0	0	0	0	0	0	0	0	0	0	0	0	0	0	0	0	0	0	0	0	0	0	0	0	0	0	
97572	Frontal_Mid_Orb_L	0	0	6522	112	12650	0	3238	0	0	0	0	0	952	0	14838	0	0	0	0	0	604	184	180	0	744	0	3084	156	2056	0	310	0	0	0	0	0	0	0	0	0	0	0	0	0	0	0	0	0	0	0	0	0	0	0	0	0	0	0	0	0	0	0	0	0	0	0	0	0	0	0	336	0	1758	0	0	0	0	0	0	0	0	0	1062	0	0	0	0	0	0	0	0	0	0	0	0	0	0	0	0	0	0	0	0	0	0	0	0	0	0	0	0	0	0	0	0	0	
47552	Frontal_Mid_Orb_R	0	0	0	2310	0	5628	0	4074	0	0	0	0	0	652	0	6058	0	0	0	0	138	232	0	0	0	954	0	1834	0	480	0	0	0	0	0	0	0	0	0	0	0	0	0	0	0	0	0	0	0	0	0	0	0	0	0	0	0	0	0	0	0	0	0	0	0	0	0	0	0	0	172	416	0	828	0	0	0	0	0	0	0	0	0	0	0	0	0	0	0	0	0	0	0	0	0	0	0	0	0	0	0	0	0	0	0	0	0	0	0	0	0	0	0	0	0	0	
319540	Frontal_Inf_Oper_L	13426	138	23232	612	0	0	13256	1098	0	0	0	370	14918	578	886	1582	13204	0	18042	1002	0	0	934	146	0	0	0	0	20948	274	2544	1032	638	524	0	0	328	0	100	0	0	0	0	0	0	0	0	0	0	0	0	0	0	0	0	0	5944	0	0	0	0	0	0	0	0	0	0	0	0	0	5282	1610	2294	192	0	0	0	276	202	0	3740	0	10418	0	0	0	0	0	0	0	0	0	0	0	0	0	0	0	0	0	0	0	0	0	0	0	0	0	0	0	0	0	0	0	0	0	
213776	Frontal_Inf_Oper_R	240	10168	958	9320	0	0	402	14196	0	0	370	0	0	9756	0	268	0	13156	3488	7826	0	0	164	1216	0	0	0	0	448	16418	288	268	0	2834	0	0	0	2076	0	534	0	0	0	0	0	0	0	0	0	0	0	0	0	0	0	496	0	2484	0	0	0	0	0	0	0	0	0	0	0	0	566	250	166	4588	0	0	0	1704	0	242	0	240	0	1758	0	0	0	0	0	0	0	0	0	0	0	0	0	0	0	0	0	0	0	0	0	0	0	0	0	0	0	0	0	0	0	0	
253400	Frontal_Inf_Tri_L	1952	0	19070	152	282	0	29436	0	952	0	14918	0	0	0	11520	128	1610	0	4132	222	0	0	2410	184	0	0	0	0	26334	0	4432	1092	536	352	0	0	242	0	0	0	0	0	0	0	0	0	0	0	0	0	0	0	0	0	0	0	616	0	0	0	0	0	0	0	0	0	0	0	0	0	598	266	764	0	0	0	0	0	0	0	572	0	3928	0	0	0	0	0	0	0	0	0	0	0	0	0	0	0	0	0	0	0	0	0	0	0	0	0	0	0	0	0	0	0	0	0	
228808	Frontal_Inf_Tri_R	0	536	946	12256	0	248	400	18582	0	652	578	9756	0	0	0	8220	146	1802	3396	7790	0	942	1142	4170	0	0	0	496	674	19958	996	2644	322	8138	0	0	0	204	0	162	0	246	0	0	0	0	0	0	0	0	0	0	0	0	0	158	0	336	0	0	0	0	0	0	0	0	0	0	0	0	986	3332	276	2470	0	174	0	124	0	0	0	104	396	646	0	0	0	0	0	0	0	0	0	0	0	0	0	0	0	0	0	0	0	0	0	0	0	0	0	0	0	0	0	0	0	0	
189972	Frontal_Inf_Orb_L	0	0	10984	390	11132	312	8786	186	14838	0	886	0	11520	0	0	210	0	0	138	0	3308	872	664	164	196	0	3528	696	14344	0	1406	356	98	0	0	0	458	0	502	0	642	0	0	0	0	0	0	0	0	0	0	0	0	0	0	0	0	0	0	0	0	0	0	0	0	0	0	0	0	0	1446	246	3178	0	0	0	0	0	0	0	0	0	3500	0	0	0	0	0	0	0	0	0	0	0	0	0	0	0	0	0	0	0	0	0	0	0	0	0	0	0	0	0	0	0	0	0	
232596	Frontal_Inf_Orb_R	106	0	442	6556	180	4010	124	15958	0	6058	1582	268	128	8220	210	0	324	532	640	3926	632	3644	148	772	0	0	150	3492	1996	12472	770	3102	0	728	0	0	0	140	0	208	0	704	0	0	0	0	0	0	0	0	0	0	0	0	0	886	0	0	0	0	0	0	0	0	0	0	0	0	0	0	2590	11928	906	9180	0	1130	0	210	0	154	120	2506	1064	5456	0	1050	0	576	0	320	0	0	0	0	0	0	0	0	0	0	0	0	0	0	0	0	0	0	0	0	0	0	0	0	0	0	
313624	Rolandic_Oper_L	12460	0	11816	734	0	0	4744	354	0	0	13204	0	1610	146	0	324	0	0	12814	1276	0	0	0	0	0	0	0	0	23198	142	118	0	840	0	0	0	1320	110	124	0	0	0	98	0	132	0	386	0	0	0	5192	0	1756	0	1782	0	12252	0	2182	0	1790	0	2374	0	748	0	1762	0	334	0	2350	602	812	212	312	0	952	212	6816	0	15800	0	5328	0	4484	0	0	0	1862	0	0	0	0	0	0	0	124	0	404	0	0	0	0	0	0	0	0	0	0	0	222	198	0	0	0	0	
207428	Rolandic_Oper_R	140	5128	176	7144	0	0	114	5026	0	0	0	13156	0	1802	0	532	0	0	1446	6704	0	0	0	472	0	0	0	0	116	18334	0	0	0	620	0	0	0	3578	0	1048	0	0	0	0	0	0	0	0	0	0	0	110	0	0	0	1046	0	5238	0	162	0	846	0	6144	0	490	0	0	0	240	140	228	0	6394	0	440	0	3476	0	5926	0	4210	0	2410	0	456	0	0	0	222	0	0	0	0	0	0	0	0	0	0	0	0	0	0	0	0	0	0	0	0	0	0	0	0	0	0	
824244	Supp_Motor_Area_L	22350	3328	84684	16106	0	0	27230	3968	0	0	18042	3488	4132	3396	138	640	12814	1446	0	50280	0	0	10414	4090	0	0	0	0	18600	4528	12310	7924	16948	18208	1780	376	2102	390	662	0	0	0	0	0	0	0	0	0	0	0	0	0	0	0	426	0	4554	154	0	0	0	0	0	0	0	0	0	0	10856	898	10090	2588	13480	1396	1514	132	6982	1138	1112	0	3394	0	2314	0	182	0	0	0	538	0	0	0	0	0	0	0	0	0	0	0	0	0	0	0	0	0	0	0	0	0	0	0	0	0	0	0	
957228	Supp_Motor_Area_R	8100	21236	17394	70812	0	0	4690	15746	0	0	1002	7826	222	7790	0	3926	1276	6704	50280	0	0	302	4550	14190	0	0	0	0	2940	15054	4640	12098	10530	47834	2484	6524	620	5432	220	1110	0	112	0	640	0	982	0	236	0	1088	0	2712	0	146	0	1092	146	3180	0	246	0	1094	0	1316	0	404	452	2722	10418	19364	7150	28836	3774	11738	1398	2004	4314	22620	226	450	390	324	680	588	0	1402	0	0	0	838	0	0	0	0	0	0	0	0	0	0	0	0	0	0	0	0	0	0	0	0	0	0	0	0	0	0	
101332	Olfactory_L	0	0	538	1188	3308	970	0	648	604	138	0	0	0	0	3308	632	0	0	0	0	0	4652	102	584	396	712	3004	2360	4718	348	2048	1210	0	0	0	0	1548	0	1716	0	2162	0	0	0	0	0	0	0	0	0	0	0	0	0	654	0	0	0	0	0	0	0	0	0	0	0	0	0	0	0	6434	2004	3270	450	0	0	0	0	0	0	0	0	832	0	0	0	0	0	128	0	0	0	0	0	0	0	0	0	0	0	0	0	0	0	0	0	0	0	0	0	0	0	0	0	0	0	
153000	Olfactory_R	0	0	180	2100	790	3350	0	1716	184	232	0	0	0	942	872	3644	0	0	0	302	4652	0	0	1058	198	2578	1398	6552	1522	5952	2192	3650	0	0	0	0	246	832	0	604	166	2140	0	0	0	0	0	0	0	0	0	0	0	0	0	218	0	0	0	0	0	0	0	0	0	0	0	0	0	0	8784	8250	6156	3586	268	174	0	218	0	0	0	0	186	608	0	0	0	0	0	0	0	0	0	0	0	0	0	0	0	0	0	0	0	0	0	0	0	0	0	0	0	0	0	0	0	0	
552108	Frontal_Sup_Medial_L	0	0	57910	15822	3518	412	22894	2102	180	0	934	164	2410	1142	664	148	0	0	10414	4550	102	0	0	36282	6864	2982	700	282	4726	850	37912	25604	10070	21090	0	0	0	0	0	0	0	0	0	0	0	0	0	0	0	0	0	0	0	0	0	0	0	0	0	0	0	0	0	0	0	0	0	0	0	0	1206	430	3268	236	0	0	0	0	0	0	0	0	186	0	0	0	0	0	0	0	0	0	0	0	0	0	0	0	0	0	0	0	0	0	0	0	0	0	0	0	0	0	0	0	0	0	
503148	Frontal_Sup_Medial_R	0	0	14196	45242	1190	3588	3282	13292	0	0	146	1216	184	4170	164	772	0	472	4090	14190	584	1058	36282	0	3234	9038	318	3278	862	3994	13008	32054	2488	27162	0	0	0	138	0	0	0	112	0	0	0	0	0	0	0	0	0	0	0	0	0	0	0	0	0	0	0	0	0	0	0	0	0	0	0	0	908	4640	708	4532	0	596	0	208	0	0	0	0	0	178	0	0	0	0	0	0	0	0	0	0	0	0	0	0	0	0	0	0	0	0	0	0	0	0	0	0	0	0	0	0	0	0	
74256	Frontal_Med_Orb_L	0	0	2270	356	5216	386	144	0	744	0	0	0	0	0	196	0	0	0	0	0	396	198	6864	3234	0	4530	2468	882	0	0	7420	1050	0	0	0	0	0	0	0	0	0	0	0	0	0	0	0	0	0	0	0	0	0	0	0	0	0	0	0	0	0	0	0	0	0	0	0	0	0	0	348	168	258	0	0	0	0	0	0	0	0	0	0	0	0	0	0	0	0	0	0	0	0	0	0	0	0	0	0	0	0	0	0	0	0	0	0	0	0	0	0	0	0	0	0	0	
130540	Frontal_Med_Orb_R	0	0	312	3814	1024	8852	0	0	0	954	0	0	0	0	0	0	0	0	0	0	712	2578	2982	9038	4530	0	1188	12544	210	444	2796	7752	0	0	0	0	0	0	0	0	0	122	0	0	0	0	0	0	0	0	0	0	0	0	0	0	0	0	0	0	0	0	0	0	0	0	0	0	0	0	788	2486	520	1496	0	0	0	0	0	0	0	0	0	128	0	0	0	0	0	0	0	0	0	0	0	0	0	0	0	0	0	0	0	0	0	0	0	0	0	0	0	0	0	0	0	0	
73528	Rectus_L	0	0	1920	568	7586	558	0	244	3084	0	0	0	0	0	3528	150	0	0	0	0	3004	1398	700	318	2468	1188	0	1744	994	0	3144	668	0	0	0	0	0	0	0	0	0	0	0	0	0	0	0	0	0	0	0	0	0	0	0	0	0	0	0	0	0	0	0	0	0	0	0	0	0	0	2286	358	588	0	0	0	0	0	0	0	0	0	268	0	0	0	0	0	0	0	0	0	0	0	0	0	0	0	0	0	0	0	0	0	0	0	0	0	0	0	0	0	0	0	0	0	
147804	Rectus_R	0	0	148	5598	716	11822	0	2606	156	1834	0	0	0	496	696	3492	0	0	0	0	2360	6552	282	3278	882	12544	1744	0	936	1766	1000	5120	0	0	0	0	156	0	0	0	0	0	0	0	0	0	0	0	0	0	0	0	0	0	0	0	0	0	0	0	0	0	0	0	0	0	0	0	0	0	3012	3548	1804	1100	0	0	0	0	0	0	0	0	140	114	0	0	0	0	0	0	0	0	0	0	0	0	0	0	0	0	0	0	0	0	0	0	0	0	0	0	0	0	0	0	0	0	
646600	Insula_L	7662	270	30488	2064	3272	464	20700	1706	2056	0	20948	448	26334	674	14344	1996	23198	116	18600	2940	4718	1522	4726	862	0	210	994	936	0	608	7008	2040	1956	868	246	282	14228	466	5334	0	3606	0	0	0	0	0	124	0	0	0	878	0	846	0	5400	0	2618	0	0	0	474	0	250	0	0	0	0	0	0	0	11400	2848	18472	820	274	0	4930	822	8434	0	11456	0	14004	0	3482	0	164	0	6064	0	102	0	0	0	0	0	174	0	254	0	0	0	0	0	0	0	0	0	0	0	120	0	0	0	0	0	
554248	Insula_R	194	4486	1072	18732	0	2010	436	12452	0	480	274	16418	0	19958	0	12472	142	18334	4528	15054	348	5952	850	3994	0	444	0	1766	608	0	1224	3856	166	7398	0	112	0	16804	0	6462	0	4812	0	212	0	0	0	230	0	0	0	0	0	0	0	7302	0	960	0	0	0	220	0	362	0	0	0	294	0	138	1524	6674	1082	34398	0	1226	0	6350	0	4658	0	11674	176	11602	0	3666	0	674	0	1864	0	0	0	0	0	0	0	0	0	0	0	0	0	0	0	0	0	0	0	0	0	0	0	0	0	0	
507708	Cingulum_Ant_L	118	102	33086	8738	4112	454	9588	1056	310	0	2544	288	4432	996	1406	770	118	0	12310	4640	2048	2192	37912	13008	7420	2796	3144	1000	7008	1224	0	35066	11442	10992	0	0	300	144	0	0	0	290	0	0	0	0	0	0	0	0	0	0	0	0	0	0	0	0	0	0	0	0	0	0	0	0	0	0	0	0	9874	5328	11572	3990	0	442	0	584	0	0	142	0	712	156	0	0	0	0	0	0	0	0	0	0	0	0	0	0	0	0	0	0	0	0	0	0	0	0	0	0	0	0	0	0	0	0	
574664	Cingulum_Ant_R	176	0	14784	29476	144	1234	3446	5758	0	0	1032	268	1092	2644	356	3102	0	0	7924	12098	1210	3650	25604	32054	1050	7752	668	5120	2040	3856	35066	0	7678	33188	0	0	158	0	0	0	0	524	0	0	0	0	0	0	0	0	0	0	0	0	0	0	0	0	0	0	0	0	0	0	0	0	0	0	0	0	4620	17472	4014	14086	0	2468	0	656	0	0	0	0	362	502	0	0	0	0	0	0	0	0	0	0	0	0	0	0	0	0	0	0	0	0	0	0	0	0	0	0	0	0	0	0	0	0	
275424	Cingulum_Mid_L	458	412	9946	3022	0	0	3630	534	0	0	638	0	536	322	98	0	840	0	16948	10530	0	0	10070	2488	0	0	0	0	1956	166	11442	7678	0	22122	5598	1476	0	0	0	0	0	0	288	0	686	0	144	0	498	138	3314	290	374	0	250	0	920	0	292	0	1540	0	442	0	1294	0	4956	1126	4242	978	152	0	150	0	0	0	0	0	0	0	1588	0	0	0	2170	0	0	0	970	0	0	0	0	0	0	0	0	0	0	0	0	0	0	0	0	0	0	0	0	0	0	0	0	0	0	0	
649076	Cingulum_Mid_R	1442	602	10588	25670	0	0	3780	6658	0	0	524	2834	352	8138	0	728	0	620	18208	47834	0	0	21090	27162	0	0	0	0	868	7398	10992	33188	22122	0	3210	7072	0	368	0	124	0	0	0	3682	0	4160	0	1060	0	2910	0	5322	0	162	0	436	0	4380	0	164	0	546	0	216	0	780	2088	12580	1946	16502	262	472	158	1364	0	0	0	0	0	0	0	224	258	0	0	2242	0	0	0	1052	0	0	0	0	0	0	0	0	0	0	0	0	0	0	0	0	0	0	0	0	0	0	0	0	0	0	
162416	Cingulum_Post_L	3502	932	400	880	0	0	244	0	0	0	0	0	0	0	0	0	0	0	1780	2484	0	0	0	0	0	0	0	0	246	0	0	0	5598	3210	0	11380	6394	5756	1184	812	0	0	2656	242	652	1166	2432	434	146	418	530	402	478	0	594	438	252	0	0	0	0	0	0	0	0	0	7876	4236	5648	1078	0	0	0	148	0	0	2218	3240	356	0	0	0	0	0	168	0	0	0	160	0	0	0	0	0	0	0	0	0	126	0	0	0	0	0	0	0	0	0	0	0	312	0	0	0	0	0	
162312	Cingulum_Post_R	3520	1090	182	1074	0	0	276	0	0	0	0	0	0	0	0	0	0	0	376	6524	0	0	0	0	0	0	0	0	282	112	0	0	1476	7072	11380	0	5416	7364	902	1234	0	0	0	1702	0	790	882	2214	0	272	0	708	0	268	108	900	0	196	0	0	0	0	0	0	0	0	1714	7672	748	4218	0	0	0	148	0	0	3220	3948	390	0	0	0	0	0	160	580	0	0	148	698	0	0	0	0	0	0	0	0	0	0	0	0	0	0	0	0	0	0	0	0	1192	0	0	0	0	0	
274188	Hippocampus_L	7482	172	1570	366	154	0	1474	0	0	0	328	0	242	0	458	0	1320	0	2102	620	1548	246	0	0	0	0	0	156	14228	0	300	158	0	0	6394	5416	0	4866	16266	726	7194	0	1918	0	0	0	5932	382	0	0	532	0	594	0	14184	362	582	0	0	0	0	0	0	0	0	0	3596	762	254	0	778	166	6502	208	776	0	7078	2746	2922	0	2082	0	1088	0	774	0	188	0	6982	0	176	0	0	0	120	0	946	0	254	0	0	0	0	0	0	0	0	0	0	246	178	0	0	0	0	0	
411892	Hippocampus_R	2854	3990	228	7368	0	0	256	3132	0	0	0	2076	0	204	0	140	110	3578	390	5432	0	832	0	138	0	0	0	0	466	16804	144	0	0	368	5756	7364	4866	0	818	29940	0	9892	0	1226	0	0	762	4644	0	0	0	0	0	0	112	26362	0	348	0	0	0	0	0	282	0	0	570	3954	112	232	438	738	200	21060	0	1904	2502	13388	344	2170	0	4468	0	2088	156	3508	0	164	146	4232	0	0	0	0	0	454	0	1392	0	134	0	0	0	0	0	0	0	0	0	0	710	0	0	0	0	0	
128772	ParaHippocampal_L	486	0	390	122	472	0	132	0	0	0	100	0	0	0	502	0	124	0	662	220	1716	0	0	0	0	0	0	0	5334	0	0	0	0	0	1184	902	16266	818	0	212	4740	0	410	0	0	0	4222	184	0	0	100	0	120	0	10920	134	0	0	0	0	0	0	0	0	0	0	926	228	0	0	392	0	2524	0	178	0	978	372	0	0	472	0	2168	0	136	0	464	0	2088	0	254	0	0	0	270	0	1538	0	518	0	0	0	0	0	0	0	0	0	0	408	0	0	0	0	0	0	
232776	ParaHippocampal_R	118	358	0	1338	0	0	0	470	0	0	0	534	0	162	0	208	0	1048	0	1110	0	604	0	0	0	0	0	0	0	6462	0	0	0	124	812	1234	726	29940	212	0	0	8814	0	814	0	0	254	4426	0	0	0	0	0	0	0	24152	0	0	0	0	0	0	0	0	0	0	226	2142	0	0	0	0	0	8836	0	984	128	1792	0	950	0	2198	0	4468	0	1094	0	2340	0	1428	0	382	0	112	0	690	0	2956	0	816	0	0	0	98	0	134	0	140	0	0	554	0	0	0	0	0	
52916	Amygdala_L	0	0	0	0	414	0	0	0	0	0	0	0	0	0	642	0	0	0	0	0	2162	166	0	0	0	0	0	0	3606	0	0	0	0	0	0	0	7194	0	4740	0	0	0	0	0	0	0	0	0	0	0	0	0	0	0	4520	0	0	0	0	0	0	0	0	0	0	0	0	0	0	0	200	108	896	0	0	0	0	0	0	0	118	0	614	0	0	0	0	0	1078	0	0	0	0	0	0	0	0	0	0	0	0	0	0	0	0	0	0	0	0	0	0	0	0	0	0	0	
91432	Amygdala_R	0	0	0	442	0	206	0	758	0	0	0	0	0	246	0	704	0	0	0	112	0	2140	0	112	0	122	0	0	0	4812	290	524	0	0	0	0	0	9892	0	8814	0	0	0	0	0	0	0	0	0	0	0	0	0	0	0	5576	0	0	0	0	0	0	0	0	0	0	0	0	0	0	340	998	316	4020	0	780	0	0	0	0	0	0	0	3274	0	224	0	392	0	256	0	0	0	0	0	172	0	194	0	0	0	0	0	0	0	0	0	0	0	0	0	0	0	0	0	0	
190800	Calcarine_L	124	0	0	0	0	0	0	0	0	0	0	0	0	0	0	0	98	0	0	0	0	0	0	0	0	0	0	0	0	0	0	0	288	0	2656	0	1918	0	410	0	0	0	0	3870	9914	2256	16116	1262	10888	832	17702	116	4294	0	3130	0	1814	0	1322	0	902	0	0	0	158	0	11030	478	1118	0	0	0	0	0	0	0	0	0	0	0	114	0	0	0	872	0	0	0	0	0	0	0	0	0	0	0	0	0	150	0	0	0	0	0	0	118	0	0	0	0	568	438	0	0	114	330	
229528	Calcarine_R	0	0	0	0	0	0	0	0	0	0	0	0	0	0	0	0	0	0	0	640	0	0	0	0	0	0	0	0	0	212	0	0	0	3682	242	1702	0	1226	0	814	0	0	3870	0	3824	20672	1582	18570	0	13978	0	9796	0	2940	0	4196	0	240	0	0	0	0	0	0	0	502	1128	16942	0	932	0	0	0	0	0	0	0	0	0	0	0	310	0	0	0	4738	0	0	0	1540	0	0	0	0	0	0	0	0	0	0	0	0	0	0	0	0	0	0	0	0	486	0	0	0	0	0	
158540	Cuneus_L	120	0	0	0	0	0	0	0	0	0	0	0	0	0	0	0	132	0	0	0	0	0	0	0	0	0	0	0	0	0	0	0	686	0	652	0	0	0	0	0	0	0	9914	3824	0	5174	2364	372	17582	1098	11222	104	1896	0	1876	0	1764	0	3026	0	1012	0	0	0	362	0	12120	1346	1116	0	0	0	0	0	0	0	0	0	0	0	156	0	0	0	836	0	0	0	204	0	0	0	0	0	0	0	0	0	198	0	0	0	0	0	0	0	0	0	0	0	0	114	0	0	0	0	
228692	Cuneus_R	0	0	0	0	0	0	0	0	0	0	0	0	0	0	0	0	0	0	0	982	0	0	0	0	0	0	0	0	0	0	0	0	0	4160	1166	790	0	0	0	0	0	0	2256	20672	5174	0	618	4546	358	28150	0	10668	0	324	0	1308	0	628	128	962	0	354	0	0	0	754	6438	20590	0	1494	0	0	0	0	0	0	0	0	0	0	0	0	0	0	0	1600	0	0	0	226	0	0	0	0	0	0	0	0	0	0	0	0	0	0	0	0	0	0	0	0	0	0	0	0	0	0	
249048	Lingual_L	226	0	0	0	0	0	0	0	0	0	0	0	0	0	0	0	386	0	0	0	0	0	0	0	0	0	0	0	124	0	0	0	144	0	2432	882	5932	762	4222	254	0	0	16116	1582	2364	618	0	1468	4094	388	12568	0	8254	0	17318	216	354	0	224	0	298	0	0	0	118	0	7180	334	236	0	0	0	0	0	0	0	610	268	184	0	0	0	0	0	178	0	0	0	112	0	3388	382	266	0	272	364	7518	554	9142	1008	0	0	0	0	390	366	0	0	148	380	5012	3452	328	110	494	504	
199792	Lingual_R	0	0	0	0	0	0	0	0	0	0	0	0	0	0	0	0	0	0	0	236	0	0	0	0	0	0	0	0	0	230	0	0	0	1060	434	2214	382	4644	184	4426	0	0	1262	18570	372	4546	1468	0	0	5316	0	5434	176	4096	450	11332	0	0	0	0	0	0	0	0	0	168	314	8444	0	264	0	0	0	0	0	0	0	518	0	0	0	220	0	0	0	736	0	0	0	1014	998	2366	684	238	0	150	650	2706	1436	4186	0	0	0	0	0	0	0	0	0	0	3530	3054	1388	0	0	0	
168356	Occipital_Sup_L	0	0	0	0	0	0	0	0	0	0	0	0	0	0	0	0	0	0	0	0	0	0	0	0	0	0	0	0	0	0	0	0	498	0	146	0	0	0	0	0	0	0	10888	0	17582	358	4094	0	0	0	29308	0	1834	0	1062	0	722	0	4186	0	1614	0	0	0	712	0	8580	652	770	0	0	0	0	0	0	0	0	0	0	0	100	0	0	0	1072	0	0	0	0	0	0	0	0	0	0	0	0	0	0	0	0	0	0	0	0	0	0	0	0	0	0	0	0	0	0	0	
264900	Occipital_Sup_R	0	304	0	0	0	0	0	0	0	0	0	0	0	0	0	0	0	0	0	1088	0	0	0	0	0	0	0	0	0	0	0	0	138	2910	418	272	0	0	0	0	0	0	832	13978	1098	28150	388	5316	0	0	0	29934	0	930	0	1628	0	3398	0	5390	0	3382	0	136	0	7358	4246	18248	0	2404	0	0	0	0	0	0	0	0	0	0	0	0	0	0	0	504	0	0	0	0	0	0	0	0	0	0	0	0	0	0	0	0	0	0	0	0	0	0	0	0	0	0	0	0	0	0	
521656	Occipital_Mid_L	922	0	0	0	0	0	0	0	0	0	0	0	0	0	0	0	5192	0	0	0	0	0	0	0	0	0	0	0	878	0	0	0	3314	0	530	0	532	0	100	0	0	0	17702	0	11222	0	12568	0	29308	0	0	0	25432	0	16744	0	6692	0	18776	0	27430	0	3404	0	26272	0	14958	0	3284	0	0	0	0	0	0	0	0	0	1062	0	9452	0	0	0	20232	0	0	0	4038	0	128	0	0	0	0	0	134	0	372	0	0	0	0	0	0	0	0	0	0	0	0	150	0	0	0	0	
278852	Occipital_Mid_R	0	346	0	0	0	0	0	0	0	0	0	0	0	0	0	0	0	110	0	2712	0	0	0	0	0	0	0	0	0	0	0	0	290	5322	402	708	0	0	0	0	0	0	116	9796	104	10668	0	5434	0	29934	0	0	0	5548	0	3608	0	3366	0	1586	0	6444	0	396	0	16964	2612	14868	0	4286	0	0	0	0	0	0	0	0	0	0	0	608	0	0	0	11472	0	0	0	1726	0	0	0	0	0	0	0	0	0	0	0	0	0	0	0	0	0	0	0	0	0	0	0	0	0	0	
189020	Occipital_Inf_L	172	0	0	0	0	0	0	0	0	0	0	0	0	0	0	0	1756	0	0	0	0	0	0	0	0	0	0	0	846	0	0	0	374	0	478	0	594	0	120	0	0	0	4294	0	1896	0	8254	176	1834	0	25432	0	0	0	19022	0	848	0	400	0	970	0	264	0	836	0	2988	0	940	0	0	0	0	0	0	0	0	0	1714	0	2284	0	0	0	7412	0	0	0	7416	0	256	0	0	0	0	0	296	0	1600	0	0	0	0	0	0	0	0	0	0	0	210	828	0	0	0	0	
55532	Occipital_Inf_R	0	118	0	0	0	0	0	0	0	0	0	0	0	0	0	0	0	0	0	146	0	0	0	0	0	0	0	0	0	0	0	0	0	162	0	268	0	0	0	0	0	0	0	2940	0	324	0	4096	0	930	0	5548	0	0	0	6066	0	0	0	0	0	0	0	0	0	0	0	1890	0	156	0	0	0	0	0	0	0	0	0	0	0	0	0	0	0	1096	0	0	0	3774	0	0	0	0	0	0	0	0	0	252	0	0	0	0	0	0	0	0	0	0	0	0	0	0	0	0	
456648	Fusiform_L	286	0	164	0	0	0	0	0	0	0	0	0	0	0	0	0	1782	0	426	0	654	0	0	0	0	0	0	0	5400	0	0	0	250	0	594	108	14184	112	10920	0	4520	0	3130	0	1876	0	17318	450	1062	0	16744	0	19022	0	0	0	760	0	304	0	700	0	102	0	404	0	3760	0	856	0	0	0	1008	0	0	0	440	0	2638	0	4974	0	6530	0	5936	0	2360	0	22246	0	19920	206	1202	0	820	304	14140	612	28008	854	546	0	230	0	124	136	150	0	144	312	4680	3616	112	0	188	0	
408588	Fusiform_R	0	470	0	1218	0	0	0	470	0	0	0	496	0	158	0	886	0	1046	0	1092	0	218	0	0	0	0	0	0	0	7302	0	0	0	436	438	900	362	26362	134	24152	0	5576	0	4196	0	1308	216	11332	0	1628	0	3608	0	6066	0	0	0	138	0	0	0	0	0	100	0	154	162	3422	0	186	0	200	0	8794	0	784	0	996	0	1366	0	5226	0	8300	0	11700	0	3094	0	19304	562	11448	488	748	0	472	218	6884	692	13646	0	666	0	852	0	110	0	0	0	0	1982	1210	320	0	0	0	
276292	Postcentral_L	26072	0	4896	0	0	0	3736	0	0	0	5944	0	616	0	0	0	12252	0	4554	146	0	0	0	0	0	0	0	0	2618	0	0	0	920	0	252	0	582	0	0	0	0	0	1814	0	1764	0	354	0	722	0	6692	0	848	0	760	0	0	0	7998	0	17506	0	9184	0	2760	0	4034	0	9012	0	312	0	300	0	162	0	1424	0	1690	0	6110	0	200	0	1454	0	0	0	306	0	0	0	0	0	0	0	0	0	152	0	0	0	0	0	0	0	0	0	0	0	0	0	0	0	0	0	
162856	Postcentral_R	0	13106	0	486	0	0	0	1080	0	0	0	2484	0	336	0	0	0	5238	154	3180	0	0	0	0	0	0	0	0	0	960	0	0	0	4380	0	196	0	348	0	0	0	0	0	240	0	628	0	0	0	3398	0	3366	0	0	0	138	0	0	0	4656	0	5836	0	16216	0	1130	422	3428	0	6458	0	276	0	400	0	126	0	300	0	928	0	224	0	0	0	770	0	0	0	540	0	0	0	0	0	0	0	0	0	0	0	0	0	0	0	0	0	0	0	0	0	0	0	0	0	0	
182492	Parietal_Sup_L	566	0	0	0	0	0	0	0	0	0	0	0	0	0	0	0	2182	0	0	0	0	0	0	0	0	0	0	0	0	0	0	0	292	0	0	0	0	0	0	0	0	0	1322	0	3026	128	224	0	4186	0	18776	0	400	0	304	0	7998	0	0	0	19968	0	2002	0	6774	0	14018	302	1588	0	0	0	0	0	0	0	0	0	0	0	5252	0	0	0	1648	0	0	0	290	0	0	0	0	0	0	0	0	0	0	0	0	0	0	0	0	0	0	0	0	0	0	0	0	0	0	0	
59920	Parietal_Sup_R	0	334	0	0	0	0	0	0	0	0	0	0	0	0	0	0	0	162	0	246	0	0	0	0	0	0	0	0	0	0	0	0	0	164	0	0	0	0	0	0	0	0	0	0	0	962	0	0	0	5390	0	1586	0	0	0	0	0	4656	0	0	0	5102	0	1726	0	3352	168	5622	0	490	0	0	0	0	0	0	0	0	0	0	0	0	0	0	0	0	0	0	0	0	0	0	0	0	0	0	0	0	0	0	0	0	0	0	0	0	0	0	0	0	0	0	0	0	0	0	
287736	Parietal_Inf_L	2412	0	0	0	0	0	330	0	0	0	0	0	0	0	0	0	1790	0	0	0	0	0	0	0	0	0	0	0	474	0	0	0	1540	0	0	0	0	0	0	0	0	0	902	0	1012	0	298	0	1614	0	27430	0	970	0	700	0	17506	0	19968	0	0	0	12292	0	30844	0	2908	0	1406	0	0	0	0	0	0	0	0	0	144	0	4810	0	0	0	10520	0	0	0	3850	0	0	0	0	0	0	0	0	0	148	0	0	0	0	0	0	0	0	0	0	0	0	0	0	0	0	0	
100348	Parietal_Inf_R	0	2164	0	0	0	0	0	114	0	0	0	0	0	0	0	0	0	846	0	1094	0	0	0	0	0	0	0	0	0	220	0	0	0	546	0	0	0	0	0	0	0	0	0	0	0	354	0	0	0	3382	0	6444	0	0	0	0	0	5836	0	5102	0	0	0	11030	0	10042	178	910	0	1168	0	0	0	0	0	0	0	0	0	310	0	0	0	0	0	274	0	0	0	160	0	0	0	0	0	0	0	0	0	0	0	0	0	0	0	0	0	0	0	0	0	0	0	0	0	0	
102316	SupraMarginal_L	2474	0	0	0	0	0	106	0	0	0	0	0	0	0	0	0	2374	0	0	0	0	0	0	0	0	0	0	0	250	0	0	0	442	0	0	0	0	0	0	0	0	0	0	0	0	0	0	0	0	0	3404	0	264	0	102	0	9184	0	2002	0	12292	0	0	0	6280	0	202	0	0	0	0	0	0	0	0	0	0	0	274	0	6394	0	0	0	4188	0	0	0	926	0	0	0	0	0	0	0	0	0	0	0	0	0	0	0	0	0	0	0	0	0	0	0	0	0	0	0	
121096	SupraMarginal_R	0	6238	0	142	0	0	0	488	0	0	0	0	0	0	0	0	0	6144	0	1316	0	0	0	0	0	0	0	0	0	362	0	0	0	216	0	0	0	282	0	0	0	0	0	0	0	0	0	0	0	136	0	396	0	0	0	100	0	16216	0	1726	0	11030	0	0	0	5696	0	176	0	984	0	218	0	140	0	0	0	0	0	1848	0	2482	0	0	0	2474	0	0	0	1738	0	0	0	0	0	0	0	0	0	0	0	0	0	0	0	0	0	0	0	0	0	0	0	0	0	0	
201572	Angular_L	350	0	0	0	0	0	0	0	0	0	0	0	0	0	0	0	748	0	0	0	0	0	0	0	0	0	0	0	0	0	0	0	1294	0	0	0	0	0	0	0	0	0	158	0	362	0	118	0	712	0	26272	0	836	0	404	0	2760	0	6774	0	30844	0	6280	0	0	0	748	0	518	0	0	0	0	0	0	0	0	0	0	0	4008	0	0	0	13898	0	0	0	3702	0	0	0	0	0	0	0	0	0	0	0	0	0	0	0	0	0	0	0	0	0	0	0	0	0	0	0	
134824	Angular_R	0	0	0	0	0	0	0	0	0	0	0	0	0	0	0	0	0	490	0	404	0	0	0	0	0	0	0	0	0	0	0	0	0	780	0	0	0	0	0	0	0	0	0	502	0	754	0	168	0	7358	0	16964	0	0	0	154	0	1130	0	3352	0	10042	0	5696	0	0	286	1782	0	672	0	0	0	0	0	0	0	0	0	0	0	3624	0	0	0	9242	0	0	0	4012	0	0	0	0	0	0	0	0	0	0	0	0	0	0	0	0	0	0	0	0	0	0	0	0	0	0	
296788	Precuneus_L	634	0	0	0	0	0	0	0	0	0	0	0	0	0	0	0	1762	0	0	452	0	0	0	0	0	0	0	0	0	0	0	0	4956	2088	7876	1714	3596	570	926	226	0	0	11030	1128	12120	6438	7180	314	8580	4246	14958	2612	2988	0	3760	162	4034	422	14018	168	2908	178	202	0	748	286	0	13870	4266	690	0	0	0	0	0	0	0	0	0	0	3106	0	0	0	1928	0	0	0	338	0	0	0	0	0	0	0	130	0	334	0	0	0	0	0	0	0	0	0	0	0	296	156	0	0	0	0	
325676	Precuneus_R	0	222	0	0	0	0	0	0	0	0	0	0	0	0	0	0	0	0	0	2722	0	0	0	0	0	0	0	0	0	294	0	0	1126	12580	4236	7672	762	3954	228	2142	0	0	478	16942	1346	20590	334	8444	652	18248	0	14868	0	1890	0	3422	0	3428	302	5622	0	910	0	176	0	1782	13870	0	154	5796	0	0	0	0	0	0	0	112	0	0	0	440	0	0	0	3418	0	0	0	2102	0	0	0	0	0	0	0	0	0	0	0	0	0	0	0	0	0	0	0	0	1574	0	0	0	0	0	
199748	Paracentral_Lobule_L	15724	2090	6782	2298	0	0	108	0	0	0	0	0	0	0	0	0	334	0	10856	10418	0	0	0	0	0	0	0	0	0	0	0	0	4242	1946	5648	748	254	112	0	0	0	0	1118	0	1116	0	236	0	770	0	3284	0	940	0	856	0	9012	0	1588	0	1406	0	0	0	518	0	4266	154	0	2000	426	660	750	0	0	0	7004	1132	0	0	348	0	0	0	456	0	0	0	0	0	0	0	0	0	0	0	0	0	162	0	0	0	0	0	0	0	0	0	0	0	112	0	0	0	0	0	
156428	Paracentral_Lobule_R	784	2508	124	196	0	0	0	0	0	0	0	0	0	0	0	0	0	240	898	19364	0	0	0	0	0	0	0	0	0	138	0	0	978	16502	1078	4218	0	232	0	0	0	0	0	932	0	1494	0	264	0	2404	0	4286	0	156	0	186	0	6458	0	490	0	1168	0	984	0	672	690	5796	2000	0	0	0	0	0	0	0	0	0	0	0	0	140	0	0	0	1760	0	0	0	1074	0	0	0	0	0	0	0	0	0	0	0	0	0	0	0	0	0	0	0	0	0	0	0	0	0	0	
341236	Caudate_L	1880	456	4696	4042	1394	1176	1496	2378	336	172	5282	566	598	986	1446	2590	2350	140	10090	7150	6434	8784	1206	908	348	788	2286	3012	11400	1524	9874	4620	152	262	0	0	778	438	392	0	200	340	0	0	0	0	0	0	0	0	0	0	0	0	0	0	312	0	0	0	0	0	0	0	0	0	0	0	426	0	0	16892	22804	7254	2758	2198	7796	2040	488	0	1018	0	3236	318	0	0	0	0	108	0	0	0	0	0	0	0	0	0	0	0	0	0	0	0	0	0	0	0	0	0	0	0	0	0	0	0	
467096	Caudate_R	718	4948	808	19150	228	2480	322	9422	0	416	1610	250	266	3332	246	11928	602	228	2588	28836	2004	8250	430	4640	168	2486	358	3548	2848	6674	5328	17472	0	472	0	0	166	738	0	0	108	998	0	0	0	0	0	0	0	0	0	0	0	0	0	200	0	276	0	0	0	0	0	218	0	0	0	0	660	0	16892	0	8812	29918	718	8288	1052	19338	0	0	0	0	984	1126	0	0	0	0	0	0	0	0	0	0	0	0	0	0	0	0	0	0	0	0	0	0	0	0	0	0	0	0	0	0	0	0	
331880	Putamen_L	4596	192	13034	1310	1172	650	2676	982	1758	0	2294	166	764	276	3178	906	812	0	13480	3774	3270	6156	3268	708	258	520	588	1804	18472	1082	11572	4014	150	158	0	0	6502	200	2524	0	896	316	0	0	0	0	0	0	0	0	0	0	0	0	1008	0	300	0	0	0	0	0	0	0	0	0	0	0	750	0	22804	8812	0	4422	4938	680	4478	546	0	0	426	0	1348	266	210	0	0	0	474	0	0	0	0	0	0	0	0	0	0	0	0	0	0	0	0	0	0	0	0	0	0	0	0	0	0	0	
519416	Putamen_R	436	2436	462	18380	0	1934	204	13592	0	828	192	4588	0	2470	0	9180	212	6394	1396	11738	450	3586	236	4532	0	1496	0	1100	820	34398	3990	14086	0	1364	148	148	208	21060	0	8836	0	4020	0	0	0	0	0	0	0	0	0	0	0	0	0	8794	0	400	0	0	0	0	0	140	0	0	0	0	0	0	7254	29918	4422	0	272	9248	280	10776	0	358	0	3532	0	6200	0	1738	0	214	0	1116	0	0	0	0	0	0	0	126	0	0	0	0	0	0	0	0	0	0	0	0	0	0	0	0	0	0	
34512	Pallidum_L	758	0	998	0	0	0	528	0	0	0	0	0	0	0	0	0	312	0	1514	1398	0	268	0	0	0	0	0	0	274	0	0	0	0	0	0	0	776	0	178	0	0	0	0	0	0	0	0	0	0	0	0	0	0	0	0	0	162	0	0	0	0	0	0	0	0	0	0	0	0	0	2758	718	4938	272	0	146	1258	0	0	0	0	0	0	0	0	0	0	0	0	0	0	0	0	0	0	0	0	0	0	0	0	0	0	0	0	0	0	0	0	0	0	0	0	0	0	0	
76276	Pallidum_R	0	0	0	1100	0	0	0	902	0	0	0	0	0	174	0	1130	0	440	132	2004	0	174	0	596	0	0	0	0	0	1226	442	2468	0	0	0	0	0	1904	0	984	0	780	0	0	0	0	0	0	0	0	0	0	0	0	0	784	0	126	0	0	0	0	0	0	0	0	0	0	0	0	2198	8288	680	9248	146	0	0	1772	0	0	0	130	0	310	0	0	0	0	0	0	0	0	0	0	0	0	0	0	0	0	0	0	0	0	0	0	0	0	0	0	0	0	0	0	0	0	
197856	Thalamus_L	13704	2654	9232	2482	0	0	2466	104	0	0	0	0	0	0	0	0	952	0	6982	4314	0	0	0	0	0	0	0	0	4930	0	0	0	0	0	2218	3220	7078	2502	978	128	0	0	0	0	0	0	610	0	0	0	0	0	0	0	440	0	1424	0	0	0	0	0	0	0	0	0	0	0	7004	0	7796	1052	4478	280	1258	0	0	8368	902	0	668	0	0	0	210	0	0	0	494	0	0	0	0	0	0	0	0	0	0	0	0	0	0	0	0	0	0	0	0	0	0	0	0	0	0	0	
289128	Thalamus_R	3072	11070	486	14690	0	0	262	2980	0	0	276	1704	0	124	0	210	212	3476	1138	22620	0	218	0	208	0	0	0	0	822	6350	584	656	0	0	3240	3948	2746	13388	372	1792	0	0	0	0	0	0	268	518	0	0	0	0	0	0	0	996	0	300	0	0	0	0	0	0	0	0	0	112	1132	0	2040	19338	546	10776	0	1772	8368	0	284	390	0	344	136	0	124	144	0	0	112	118	0	0	0	0	0	0	0	0	0	0	0	0	0	0	0	0	0	0	0	102	0	0	0	0	0	0	
88604	Heschl_L	1670	0	752	0	0	0	624	0	0	0	202	0	0	0	0	0	6816	0	1112	226	0	0	0	0	0	0	0	0	8434	0	0	0	0	0	356	390	2922	344	0	0	0	0	0	0	0	0	184	0	0	0	1062	0	1714	0	2638	0	1690	0	0	0	144	0	274	0	0	0	0	0	0	0	488	0	0	0	0	0	902	284	0	0	6014	0	0	0	2736	0	0	0	1732	0	0	0	0	0	0	0	0	0	292	0	0	0	0	0	0	0	0	0	0	0	172	128	0	0	0	0	
57112	Heschl_R	0	546	0	0	0	0	0	152	0	0	0	242	0	0	0	154	0	5926	0	450	0	0	0	0	0	0	0	0	0	4658	0	0	0	0	0	0	0	2170	0	950	0	0	0	0	0	0	0	0	0	0	0	0	0	0	0	1366	0	928	0	0	0	310	0	1848	0	0	0	0	0	0	0	0	0	358	0	0	0	390	0	0	0	6092	0	248	0	1238	0	0	0	530	0	0	0	0	0	0	0	0	0	0	0	0	0	0	0	0	0	0	0	0	0	0	0	0	0	0	
301132	Temporal_Sup_L	2386	0	2954	264	0	0	410	178	0	0	3740	0	572	0	0	120	15800	0	3394	390	0	0	0	0	0	0	0	0	11456	0	142	0	1588	0	0	0	2082	0	472	0	118	0	114	0	156	0	0	0	100	0	9452	0	2284	0	4974	0	6110	0	5252	0	4810	0	6394	0	4008	0	3106	0	348	0	1018	0	426	0	0	0	668	0	6014	0	0	0	6434	0	27490	0	0	0	14534	0	178	0	0	0	0	0	0	0	324	0	0	0	0	0	0	0	0	0	0	0	178	128	0	0	0	0	
174220	Temporal_Sup_R	0	358	0	230	0	0	0	206	0	0	0	240	0	104	0	2506	0	4210	0	324	0	0	0	0	0	0	0	0	0	11674	0	0	0	224	0	0	0	4468	0	2198	0	0	0	310	0	0	0	220	0	0	0	608	0	0	0	5226	0	224	0	0	0	0	0	2482	0	3624	0	440	0	140	0	0	0	3532	0	130	0	344	0	6092	0	0	0	6896	0	22720	0	1172	0	6208	0	0	0	0	0	0	0	0	0	0	0	0	0	0	0	0	0	0	0	0	0	0	0	0	0	0	
193168	Temporal_Pole_Sup_L	668	0	2354	468	1332	0	926	508	1062	0	10418	0	3928	396	3500	1064	5328	0	2314	680	832	186	186	0	0	0	268	140	14004	176	712	362	0	258	0	0	1088	0	2168	0	614	0	0	0	0	0	0	0	0	0	0	0	0	0	6530	0	200	0	0	0	0	0	0	0	0	0	0	0	0	0	3236	984	1348	0	0	0	0	136	0	0	6434	0	0	0	8444	0	4414	0	8918	0	0	0	0	0	0	0	0	0	0	0	0	0	0	0	0	0	0	0	0	0	0	0	0	0	0	0	
140768	Temporal_Pole_Sup_R	0	0	0	970	0	170	0	620	0	0	0	1758	0	646	0	5456	0	2410	0	588	0	608	0	178	0	128	0	114	0	11602	156	502	0	0	0	0	0	2088	0	4468	0	3274	0	0	0	0	0	0	0	0	0	0	0	0	0	8300	0	0	0	0	0	0	0	0	0	0	0	0	0	0	318	1126	266	6200	0	310	0	0	0	248	0	6896	0	0	0	3690	0	5932	0	1362	0	0	0	0	0	0	0	0	0	0	0	0	0	0	0	0	0	0	0	0	0	0	0	0	0	0	
334692	Temporal_Mid_L	202	0	146	0	0	0	0	0	0	0	0	0	0	0	0	0	4484	0	182	0	0	0	0	0	0	0	0	0	3482	0	0	0	2170	0	168	160	774	156	136	0	0	0	872	0	836	0	178	0	1072	0	20232	0	7412	0	5936	0	1454	0	1648	0	10520	0	4188	0	13898	0	1928	0	456	0	0	0	210	0	0	0	210	124	2736	0	27490	0	8444	0	0	0	4482	0	40828	0	132	0	0	0	0	0	0	0	0	0	0	0	0	0	0	0	0	0	0	0	0	0	0	0	0	0	
251948	Temporal_Mid_R	0	162	0	106	0	0	0	0	0	0	0	0	0	0	0	1050	0	456	0	1402	0	0	0	0	0	0	0	0	0	3666	0	0	0	2242	0	580	0	3508	0	1094	0	224	0	4738	0	1600	0	736	0	504	0	11472	0	1096	0	11700	0	770	0	0	0	274	0	2474	0	9242	0	3418	0	1760	0	0	0	1738	0	0	0	144	0	1238	0	22720	0	3690	0	0	0	4870	0	27300	0	0	0	0	0	0	0	0	0	0	0	0	0	0	0	0	0	0	0	0	0	0	0	0	0	0	
31608	Temporal_Pole_Mid_L	0	0	0	0	0	0	0	0	0	0	0	0	0	0	0	0	0	0	0	0	0	0	0	0	0	0	0	0	164	0	0	0	0	0	0	0	188	0	464	0	0	0	0	0	0	0	0	0	0	0	0	0	0	0	2360	0	0	0	0	0	0	0	0	0	0	0	0	0	0	0	0	0	0	0	0	0	0	0	0	0	0	0	4414	0	4482	0	0	0	3732	0	0	0	0	0	0	0	0	0	0	0	0	0	0	0	0	0	0	0	0	0	0	0	0	0	0	0	
42272	Temporal_Pole_Mid_R	0	0	0	0	0	0	0	0	0	0	0	0	0	0	0	576	0	0	0	0	0	0	0	0	0	0	0	0	0	674	0	0	0	0	0	0	0	164	0	2340	0	392	0	0	0	0	0	0	0	0	0	0	0	0	0	3094	0	0	0	0	0	0	0	0	0	0	0	0	0	0	0	0	0	214	0	0	0	0	0	0	0	1172	0	5932	0	4870	0	0	0	1708	0	0	0	0	0	0	0	0	0	0	0	0	0	0	0	0	0	0	0	0	0	0	0	0	0	0	
286432	Temporal_Inf_L	226	0	130	0	0	0	0	0	0	0	0	0	0	0	0	0	1862	0	538	0	128	0	0	0	0	0	0	0	6064	0	0	0	970	0	160	148	6982	146	2088	0	1078	0	0	0	204	0	112	0	0	0	4038	0	7416	0	22246	0	306	0	290	0	3850	0	926	0	3702	0	338	0	0	0	108	0	474	0	0	0	494	112	1732	0	14534	0	8918	0	40828	0	3732	0	0	0	4776	0	550	0	108	0	696	0	2010	0	196	0	0	0	0	0	0	0	0	0	0	0	0	0	0	0	
177232	Temporal_Inf_R	0	470	0	0	0	0	0	0	0	0	0	0	0	0	0	320	0	222	0	838	0	0	0	0	0	0	0	0	0	1864	0	0	0	1052	0	698	0	4232	0	1428	0	256	0	1540	0	226	0	1014	0	0	0	1726	0	3774	0	19304	0	540	0	0	0	160	0	1738	0	4012	0	2102	0	1074	0	0	0	1116	0	0	0	118	0	530	0	6208	0	1362	0	27300	0	1708	0	0	0	1534	0	0	0	0	0	0	0	0	0	0	0	0	0	0	0	0	0	0	150	0	0	0	0	0	
418184	Cerebelum_Crus1_L	0	0	0	0	0	0	0	0	0	0	0	0	0	0	0	0	0	0	0	0	0	0	0	0	0	0	0	0	102	0	0	0	0	0	0	0	176	0	254	0	0	0	0	0	0	0	3388	998	0	0	128	0	256	0	19920	562	0	0	0	0	0	0	0	0	0	0	0	0	0	0	0	0	0	0	0	0	0	0	0	0	178	0	0	0	132	0	0	0	4776	0	0	5182	37224	2108	2778	254	18154	758	46690	6524	11336	118	12096	1258	5154	310	2432	0	118	338	5900	10162	6572	1490	1266	0	
359468	Cerebelum_Crus1_R	0	0	0	0	0	0	0	0	0	0	0	0	0	0	0	0	0	0	0	0	0	0	0	0	0	0	0	0	0	0	0	0	0	0	0	0	0	0	0	382	0	0	0	0	0	0	382	2366	0	0	0	0	0	0	206	11448	0	0	0	0	0	0	0	0	0	0	0	0	0	0	0	0	0	0	0	0	0	0	0	0	0	0	0	0	0	0	0	0	0	1534	5182	0	3998	25660	138	3192	640	16248	4620	46068	198	8642	504	13442	200	3262	0	1326	0	826	4632	8494	10564	3152	2212	216	
337756	Cerebelum_Crus2_L	0	0	0	0	0	0	0	0	0	0	0	0	0	0	0	0	0	0	0	0	0	0	0	0	0	0	0	0	0	0	0	0	0	0	0	0	0	0	0	0	0	0	0	0	0	0	266	684	0	0	0	0	0	0	1202	488	0	0	0	0	0	0	0	0	0	0	0	0	0	0	0	0	0	0	0	0	0	0	0	0	0	0	0	0	0	0	0	0	550	0	37224	3998	0	5968	802	0	3374	270	11936	4844	29678	2928	27210	4340	7696	226	3284	0	0	0	2340	7154	8580	2760	1076	0	
228700	Cerebelum_Crus2_R	0	0	0	0	0	0	0	0	0	0	0	0	0	0	0	0	0	0	0	0	0	0	0	0	0	0	0	0	0	0	0	0	0	0	0	0	0	0	0	112	0	0	0	0	0	0	0	238	0	0	0	0	0	0	0	748	0	0	0	0	0	0	0	0	0	0	0	0	0	0	0	0	0	0	0	0	0	0	0	0	0	0	0	0	0	0	0	0	0	0	2108	25660	5968	0	0	254	0	848	714	5792	3746	21390	3872	24774	250	2368	134	970	0	0	168	1350	8976	2824	984	102	
63052	Cerebelum_3_L	0	0	0	0	0	0	0	0	0	0	0	0	0	0	0	0	0	0	0	0	0	0	0	0	0	0	0	0	0	0	0	0	0	0	0	0	120	0	270	0	0	0	0	0	0	0	272	0	0	0	0	0	0	0	820	0	0	0	0	0	0	0	0	0	0	0	0	0	0	0	0	0	0	0	0	0	0	0	0	0	0	0	0	0	0	0	0	0	108	0	2778	138	802	0	0	556	7416	536	5308	784	162	0	314	0	1640	736	0	0	568	1580	2510	2292	236	574	1006	0	
88340	Cerebelum_3_R	0	0	0	0	0	0	0	0	0	0	0	0	0	0	0	0	0	0	0	0	0	0	0	0	0	0	0	0	0	0	0	0	0	0	0	0	0	454	0	690	0	172	0	0	0	0	364	150	0	0	0	0	0	0	304	472	0	0	0	0	0	0	0	0	0	0	0	0	0	0	0	0	0	0	0	0	0	0	0	0	0	0	0	0	0	0	0	0	0	0	254	3192	0	254	556	0	1750	7318	1404	8242	0	160	0	266	226	2030	0	0	902	4322	3430	3016	460	1364	1958	460	
272444	Cerebelum_4_5_L	0	0	0	0	0	0	0	0	0	0	0	0	0	0	0	0	124	0	0	0	0	0	0	0	0	0	0	0	174	0	0	0	0	0	0	0	946	0	1538	0	0	0	0	0	0	0	7518	650	0	0	134	0	296	0	14140	218	0	0	0	0	0	0	0	0	0	0	130	0	0	0	0	0	0	0	0	0	0	0	0	0	0	0	0	0	0	0	0	0	696	0	18154	640	3374	0	7416	1750	0	2932	32954	4534	434	0	674	0	3636	1716	476	0	586	1894	15456	8348	614	1076	2326	668	
190136	Cerebelum_4_5_R	0	0	0	0	0	0	0	0	0	0	0	0	0	0	0	0	0	0	0	0	0	0	0	0	0	0	0	0	0	0	0	0	0	0	0	0	0	1392	0	2956	0	194	0	0	0	0	554	2706	0	0	0	0	0	0	612	6884	0	0	0	0	0	0	0	0	0	0	0	0	0	0	0	0	0	126	0	0	0	0	0	0	0	0	0	0	0	0	0	0	0	0	758	16248	270	848	536	7318	2932	0	2178	27718	0	768	0	970	126	1084	0	202	146	1644	11392	2404	340	738	1024	0	
415992	Cerebelum_6_L	0	0	0	0	0	0	0	0	0	0	0	0	0	0	0	0	404	0	0	0	0	0	0	0	0	0	0	0	254	0	0	0	0	0	126	0	254	0	518	0	0	0	150	0	198	0	9142	1436	0	0	372	0	1600	0	28008	692	152	0	0	0	148	0	0	0	0	0	334	0	162	0	0	0	0	0	0	0	0	0	292	0	324	0	0	0	0	0	0	0	2010	0	46690	4620	11936	714	5308	1404	32954	2178	0	8424	1936	0	1276	322	2814	1340	434	0	360	1082	13672	17346	3258	1200	2050	102	
374984	Cerebelum_6_R	0	0	0	0	0	0	0	0	0	0	0	0	0	0	0	0	0	0	0	0	0	0	0	0	0	0	0	0	0	0	0	0	0	0	0	0	0	134	0	816	0	0	0	0	0	0	1008	4186	0	0	0	0	0	252	854	13646	0	0	0	0	0	0	0	0	0	0	0	0	0	0	0	0	0	0	0	0	0	0	0	0	0	0	0	0	0	0	0	0	0	0	6524	46068	4844	5792	784	8242	4534	27718	8424	0	0	2466	0	4390	450	2720	0	824	190	2004	13572	13594	7498	2862	2884	212	
189760	Cerebelum_7b_L	0	0	0	0	0	0	0	0	0	0	0	0	0	0	0	0	0	0	0	0	0	0	0	0	0	0	0	0	0	0	0	0	0	0	0	0	0	0	0	0	0	0	0	0	0	0	0	0	0	0	0	0	0	0	546	0	0	0	0	0	0	0	0	0	0	0	0	0	0	0	0	0	0	0	0	0	0	0	0	0	0	0	0	0	0	0	0	0	196	0	11336	198	29678	3746	162	0	434	0	1936	0	0	2250	26100	3526	5416	126	1784	0	0	0	0	160	4048	2918	320	0	
136728	Cerebelum_7b_R	0	0	0	0	0	0	0	0	0	0	0	0	0	0	0	0	0	0	0	0	0	0	0	0	0	0	0	0	0	0	0	0	0	0	0	0	0	0	0	0	0	0	0	0	0	0	0	0	0	0	0	0	0	0	0	666	0	0	0	0	0	0	0	0	0	0	0	0	0	0	0	0	0	0	0	0	0	0	0	0	0	0	0	0	0	0	0	0	0	0	118	8642	2928	21390	0	160	0	768	0	2466	2250	0	1358	22150	0	2014	0	344	0	0	110	0	2062	938	0	0	
232996	Cerebelum_8_L	0	0	0	0	0	0	0	0	0	0	0	0	0	0	0	0	0	0	0	0	0	0	0	0	0	0	0	0	0	0	0	0	0	0	0	0	0	0	0	0	0	0	0	0	0	0	0	0	0	0	0	0	0	0	230	0	0	0	0	0	0	0	0	0	0	0	0	0	0	0	0	0	0	0	0	0	0	0	0	0	0	0	0	0	0	0	0	0	0	0	12096	504	27210	3872	314	0	674	0	1276	0	26100	1358	0	5952	16908	1170	5532	0	0	0	0	144	5378	6178	1602	0	
225884	Cerebelum_8_R	0	0	0	0	0	0	0	0	0	0	0	0	0	0	0	0	0	0	0	0	0	0	0	0	0	0	0	0	0	0	0	0	0	0	0	0	0	0	0	98	0	0	0	0	0	0	0	0	0	0	0	0	0	0	0	852	0	0	0	0	0	0	0	0	0	0	0	0	0	0	0	0	0	0	0	0	0	0	0	0	0	0	0	0	0	0	0	0	0	0	1258	13442	4340	24774	0	266	0	970	322	4390	3526	22150	5952	0	516	13206	152	2944	0	0	170	332	5952	5796	1380	154	
128228	Cerebelum_9_L	0	0	0	0	0	0	0	0	0	0	0	0	0	0	0	0	0	0	0	0	0	0	0	0	0	0	0	0	0	0	0	0	0	0	0	0	0	0	0	0	0	0	0	0	0	0	390	0	0	0	0	0	0	0	124	0	0	0	0	0	0	0	0	0	0	0	0	0	0	0	0	0	0	0	0	0	0	0	0	0	0	0	0	0	0	0	0	0	0	0	5154	200	7696	250	1640	226	3636	126	2814	450	5416	0	16908	516	0	1618	5286	0	0	192	1902	3096	1376	1552	2814	732	
128848	Cerebelum_9_R	0	0	0	0	0	0	0	0	0	0	0	0	0	0	0	0	0	0	0	0	0	0	0	0	0	0	0	0	0	0	0	0	0	0	0	0	0	0	0	134	0	0	118	0	0	0	366	0	0	0	0	0	0	0	136	110	0	0	0	0	0	0	0	0	0	0	0	0	0	0	0	0	0	0	0	0	0	0	0	0	0	0	0	0	0	0	0	0	0	0	310	3262	226	2368	736	2030	1716	1084	1340	2720	126	2014	1170	13206	1618	0	0	2902	384	1626	2548	4078	3060	5914	7430	1692	
40236	Cerebelum_10_L	0	0	0	0	0	0	0	0	0	0	0	0	0	0	0	0	0	0	0	0	0	0	0	0	0	0	0	0	0	0	0	0	0	0	0	0	0	0	0	0	0	0	0	0	0	0	0	0	0	0	0	0	0	0	150	0	0	0	0	0	0	0	0	0	0	0	0	0	0	0	0	0	0	0	0	0	0	0	0	0	0	0	0	0	0	0	0	0	0	0	2432	0	3284	134	0	0	476	0	434	0	1784	0	5532	152	5286	0	0	0	0	0	0	0	318	136	0	0	
21260	Cerebelum_10_R	0	0	0	0	0	0	0	0	0	0	0	0	0	0	0	0	0	0	0	0	0	0	0	0	0	0	0	0	0	0	0	0	0	0	0	0	0	0	0	140	0	0	0	0	0	0	0	0	0	0	0	0	0	0	0	0	0	0	0	0	0	0	0	0	0	0	0	0	0	0	0	0	0	0	0	0	0	0	0	0	0	0	0	0	0	0	0	0	0	0	0	1326	0	970	0	0	0	202	0	824	0	344	0	2944	0	2902	0	0	0	0	0	140	338	246	254	0	
18832	Vermis_1_2	0	0	0	0	0	0	0	0	0	0	0	0	0	0	0	0	0	0	0	0	0	0	0	0	0	0	0	0	0	0	0	0	0	0	0	0	0	0	0	0	0	0	0	0	0	0	148	0	0	0	0	0	0	0	144	0	0	0	0	0	0	0	0	0	0	0	0	0	0	0	0	0	0	0	0	0	0	0	0	0	0	0	0	0	0	0	0	0	0	0	118	0	0	0	568	902	586	146	360	190	0	0	0	0	0	384	0	0	0	3298	1054	726	0	172	378	242	
56276	Vermis_3	0	0	0	0	0	0	0	0	0	0	0	0	0	0	0	0	0	0	0	0	0	0	0	0	0	0	0	0	0	0	0	0	0	0	0	0	246	0	408	0	0	0	0	0	0	0	380	0	0	0	0	0	0	0	312	0	0	0	0	0	0	0	0	0	0	0	0	0	0	0	0	0	0	0	0	0	0	102	0	0	0	0	0	0	0	0	0	0	0	0	338	826	0	0	1580	4322	1894	1644	1082	2004	0	0	0	0	192	1626	0	0	3298	0	2454	2118	326	1040	1468	478	
