data	data	555016	404108	952348	1.14335e+06	138940	117404	529804	388200	97288	59540	370384	296308	253728	197784	155968	105216	303688	152488	651928	1.06412e+06	91436	88496	382708	489804	31872	152404	43836	50424	761832	386892	489484	602336	122216	629120	204288	259860	362600	397704	155296	212804	31440	49484	433404	388524	299124	355236	312788	260672	312172	413792	655444	335472	212380	92712	377580	413328	216024	173952	99852	78812	157224	90628	91424	115816	136864	106552	286368	461720	259776	208584	425308	455404	425900	552560	84980	56512	146264	270856	123696	42136	245820	107080	70016	60596	289608	168736	20716	21928	268200	210740	467204	430184	379948	284972	41908	52884	244800	172628	429640	374684	289392	131064	357348	251000	181292	154472	33012	12516	25548	59392	180096	182924	158608	89700	92808	55420	
data	data	Precentral_L	Precentral_R	Frontal_Sup_L	Frontal_Sup_R	Frontal_Sup_Orb_L	Frontal_Sup_Orb_R	Frontal_Mid_L	Frontal_Mid_R	Frontal_Mid_Orb_L	Frontal_Mid_Orb_R	Frontal_Inf_Oper_L	Frontal_Inf_Oper_R	Frontal_Inf_Tri_L	Frontal_Inf_Tri_R	Frontal_Inf_Orb_L	Frontal_Inf_Orb_R	Rolandic_Oper_L	Rolandic_Oper_R	Supp_Motor_Area_L	Supp_Motor_Area_R	Olfactory_L	Olfactory_R	Frontal_Sup_Medial_L	Frontal_Sup_Medial_R	Frontal_Med_Orb_L	Frontal_Med_Orb_R	Rectus_L	Rectus_R	Insula_L	Insula_R	Cingulum_Ant_L	Cingulum_Ant_R	Cingulum_Mid_L	Cingulum_Mid_R	Cingulum_Post_L	Cingulum_Post_R	Hippocampus_L	Hippocampus_R	ParaHippocampal_L	ParaHippocampal_R	Amygdala_L	Amygdala_R	Calcarine_L	Calcarine_R	Cuneus_L	Cuneus_R	Lingual_L	Lingual_R	Occipital_Sup_L	Occipital_Sup_R	Occipital_Mid_L	Occipital_Mid_R	Occipital_Inf_L	Occipital_Inf_R	Fusiform_L	Fusiform_R	Postcentral_L	Postcentral_R	Parietal_Sup_L	Parietal_Sup_R	Parietal_Inf_L	Parietal_Inf_R	SupraMarginal_L	SupraMarginal_R	Angular_L	Angular_R	Precuneus_L	Precuneus_R	Paracentral_Lobule_L	Paracentral_Lobule_R	Caudate_L	Caudate_R	Putamen_L	Putamen_R	Pallidum_L	Pallidum_R	Thalamus_L	Thalamus_R	Heschl_L	Heschl_R	Temporal_Sup_L	Temporal_Sup_R	Temporal_Pole_Sup_L	Temporal_Pole_Sup_R	Temporal_Mid_L	Temporal_Mid_R	Temporal_Pole_Mid_L	Temporal_Pole_Mid_R	Temporal_Inf_L	Temporal_Inf_R	Cerebelum_Crus1_L	Cerebelum_Crus1_R	Cerebelum_Crus2_L	Cerebelum_Crus2_R	Cerebelum_3_L	Cerebelum_3_R	Cerebelum_4_5_L	Cerebelum_4_5_R	Cerebelum_6_L	Cerebelum_6_R	Cerebelum_7b_L	Cerebelum_7b_R	Cerebelum_8_L	Cerebelum_8_R	Cerebelum_9_L	Cerebelum_9_R	Cerebelum_10_L	Cerebelum_10_R	Vermis_1_2	Vermis_3	Vermis_4_5	Vermis_6	Vermis_7	Vermis_8	Vermis_9	Vermis_10	
555016	Precentral_L	0	10000	27726	13212	0	0	18124	346	0	0	14788	108	3760	0	0	0	11844	0	19856	16238	0	0	538	112	0	0	0	0	15834	148	1250	204	488	5336	2758	2296	8966	656	3002	0	178	0	178	0	0	286	154	0	0	262	3334	230	1636	0	2450	0	25014	0	106	0	1610	0	476	0	680	0	480	416	26026	400	2162	674	1494	170	648	0	15538	4068	4752	0	3110	0	102	0	1004	0	0	0	2280	0	0	0	0	0	0	0	0	0	0	0	0	0	0	0	0	0	0	0	0	0	0	0	0	0	0	0	
404108	Precentral_R	10000	0	3698	34106	0	0	754	18082	0	0	800	8148	0	158	0	0	988	2026	2612	16272	0	0	0	244	0	0	0	0	3266	1954	0	124	128	1124	5372	4480	4778	7354	1440	662	0	0	0	610	0	554	154	248	0	764	436	660	272	0	728	798	1770	9892	0	114	202	458	0	1310	116	256	150	2516	7406	9568	4662	5532	1242	3598	480	686	2080	12696	532	202	412	406	0	0	130	462	0	0	214	1168	0	0	0	0	0	0	0	0	0	0	0	0	0	0	0	0	0	0	0	0	0	0	0	0	0	0	
952348	Frontal_Sup_L	27726	3698	0	12920	10952	0	82138	410	6820	0	23118	130	21750	94	11346	0	9436	0	59138	9454	366	0	45470	5206	262	752	872	0	43760	134	19746	5550	3950	6296	598	556	5932	340	978	0	184	0	0	0	0	0	0	0	0	0	230	0	162	0	1244	0	2666	0	0	0	158	0	0	0	0	0	0	0	6032	0	6164	900	21764	756	2826	280	7262	818	950	0	2228	0	534	0	0	0	0	0	1118	0	0	0	0	0	0	0	0	0	0	0	0	0	0	0	0	0	0	0	0	0	0	0	0	0	0	0	
1.14335e+06	Frontal_Sup_R	13212	34106	12920	0	182	5510	2740	40096	98	574	2082	19214	854	13410	0	4780	1416	10736	13364	92954	0	94	9682	49382	0	5822	0	642	5648	18292	7244	38234	940	38074	4044	3934	5214	8040	1532	1846	0	0	0	108	0	196	144	140	0	160	266	148	240	0	780	1620	1670	764	0	0	268	158	0	612	0	0	172	394	6322	854	7672	26648	2578	22180	270	1852	1966	23006	470	216	782	434	184	640	122	144	0	0	280	302	0	0	0	0	0	0	0	0	0	0	0	0	0	0	0	0	0	0	0	0	0	0	0	0	0	0	
138940	Frontal_Sup_Orb_L	0	0	10952	182	0	0	1784	0	12952	0	570	0	278	0	8256	0	0	0	1012	180	2592	182	4508	254	3950	412	5080	0	4754	0	4596	346	0	152	0	0	0	0	0	0	0	0	0	0	0	0	0	0	0	0	0	0	0	0	0	0	0	0	0	0	0	0	0	0	0	0	0	0	0	0	822	170	5486	0	0	0	0	0	0	0	0	0	0	0	0	0	0	0	0	0	0	0	0	0	0	0	0	0	0	0	0	0	0	0	0	0	0	0	0	0	0	0	0	0	0	0	
117404	Frontal_Sup_Orb_R	0	0	0	5510	0	0	0	2054	0	7416	0	0	0	160	0	5656	0	0	0	408	0	1140	192	2690	146	8234	0	7116	0	2720	344	960	0	206	0	0	0	536	0	442	0	0	0	0	0	0	0	0	0	0	0	0	0	0	0	346	0	0	0	0	0	0	0	0	0	0	0	0	0	0	0	4418	0	7852	0	0	0	156	0	0	0	0	0	0	0	0	0	0	0	0	0	0	0	0	0	0	0	0	0	0	0	0	0	0	0	0	0	0	0	0	0	0	0	0	0	0	
529804	Frontal_Mid_L	18124	754	82138	2740	1784	0	0	124	3594	0	15796	0	30812	0	10552	0	2836	0	14734	2458	0	0	15978	1352	0	0	0	0	27008	0	6758	1248	2184	1518	588	538	4092	332	1612	0	0	0	0	0	0	0	0	0	0	0	296	0	96	0	922	0	1822	0	0	0	126	0	0	0	0	0	0	0	0	0	1078	134	5226	0	0	0	672	804	2644	0	718	0	376	0	0	0	0	0	334	0	0	0	0	0	0	0	0	0	0	0	0	0	0	0	0	0	0	0	0	0	0	0	0	0	0	0	
388200	Frontal_Mid_R	346	18082	410	40096	0	2054	124	0	0	1856	1596	22076	0	19350	0	6286	1854	2166	1426	11986	0	0	716	11156	0	414	0	0	3590	6190	734	9630	0	6604	226	230	486	862	0	286	0	0	0	0	0	0	0	0	0	0	0	0	0	0	128	254	194	938	0	0	0	132	0	398	0	0	0	0	0	0	5438	4428	1238	7086	354	522	248	474	98	0	876	228	0	134	0	0	0	0	100	0	0	0	0	0	0	0	0	0	0	0	0	0	0	0	0	0	0	0	0	0	0	0	0	0	0	0	
97288	Frontal_Mid_Orb_L	0	0	6820	98	12952	0	3594	0	0	0	212	0	1324	0	13766	0	0	0	330	110	494	0	404	0	460	0	2362	0	2338	0	550	110	0	0	0	0	0	0	0	0	0	0	0	0	0	0	0	0	0	0	0	0	0	0	0	0	0	0	0	0	0	0	0	0	0	0	0	0	0	0	202	0	2518	0	0	0	0	0	0	0	0	0	0	0	0	0	0	0	0	0	0	0	0	0	0	0	0	0	0	0	0	0	0	0	0	0	0	0	0	0	0	0	0	0	0	0	
59540	Frontal_Mid_Orb_R	0	0	0	574	0	7416	0	1856	0	0	0	0	0	150	0	6668	0	0	0	0	0	710	0	0	0	468	0	786	0	3576	0	0	0	0	0	0	0	642	0	530	0	0	0	0	0	0	0	0	0	0	0	0	0	0	0	416	0	0	0	0	0	0	0	0	0	0	0	0	0	0	0	480	0	5400	0	0	0	0	0	0	0	0	0	98	0	0	0	0	0	0	0	0	0	0	0	0	0	0	0	0	0	0	0	0	0	0	0	0	0	0	0	0	0	0	0	0	
370384	Frontal_Inf_Oper_L	14788	800	23118	2082	570	0	15796	1596	212	0	0	194	20144	116	364	0	18172	0	9546	1618	0	0	2092	372	0	116	0	0	32122	156	14032	1654	508	1420	0	0	488	0	98	0	0	0	0	0	0	0	0	0	0	0	254	0	0	0	108	0	3466	0	0	0	0	0	0	0	108	0	0	0	96	0	3042	118	2678	182	0	0	0	120	820	0	8618	0	3408	0	0	0	0	0	0	0	0	0	0	0	0	0	0	0	0	0	0	0	0	0	0	0	0	0	0	0	0	0	0	0	0	0	
296308	Frontal_Inf_Oper_R	108	8148	130	19214	0	0	0	22076	0	0	194	0	0	20082	0	798	252	5610	1348	10612	0	0	166	4890	0	608	0	0	1216	16002	670	5924	0	6842	272	282	348	946	0	298	0	0	0	0	0	0	0	0	0	0	0	0	0	0	0	248	0	2256	0	0	0	212	0	386	0	0	0	0	0	0	5324	3436	894	5672	0	0	238	434	114	0	112	546	0	1064	0	182	0	0	0	0	0	0	0	0	0	0	0	0	0	0	0	0	0	0	0	0	0	0	0	0	0	0	0	0	0	0	
253728	Frontal_Inf_Tri_L	3760	0	21750	854	278	0	30812	0	1324	0	20144	0	0	0	9804	0	1156	0	5686	574	0	0	1052	210	0	0	0	0	18656	0	3992	626	368	662	0	0	0	0	0	0	0	0	0	0	0	0	0	0	0	0	0	0	0	0	0	0	144	0	0	0	0	0	0	0	0	0	0	0	0	0	938	0	2298	0	0	0	0	0	0	0	826	0	950	0	0	0	0	0	0	0	0	0	0	0	0	0	0	0	0	0	0	0	0	0	0	0	0	0	0	0	0	0	0	0	0	0	
197784	Frontal_Inf_Tri_R	0	158	94	13410	0	160	0	19350	0	150	116	20082	0	0	0	2256	94	172	1094	6444	0	0	212	5104	0	656	0	0	254	7394	846	6110	0	4348	0	0	0	384	0	110	0	0	0	0	0	0	0	0	0	0	0	0	0	0	0	0	0	0	0	0	0	0	0	0	0	0	0	0	0	0	2150	2812	734	4198	0	0	0	0	0	0	0	0	0	0	0	0	0	0	0	0	0	0	0	0	0	0	0	0	0	0	0	0	0	0	0	0	0	0	0	0	0	0	0	0	0	0	
155968	Frontal_Inf_Orb_L	0	0	11346	0	8256	0	10552	0	13766	0	364	0	9804	0	0	0	0	0	786	0	3408	184	140	0	0	0	1236	0	11866	0	386	0	0	0	0	0	0	0	0	0	0	0	0	0	0	0	0	0	0	0	0	0	0	0	0	0	0	0	0	0	0	0	0	0	0	0	0	0	0	0	854	170	4556	0	0	0	0	0	0	0	0	0	310	0	0	0	0	0	0	0	0	0	0	0	0	0	0	0	0	0	0	0	0	0	0	0	0	0	0	0	0	0	0	0	0	0	
105216	Frontal_Inf_Orb_R	0	0	0	4780	0	5656	0	6286	0	6668	0	798	0	2256	0	0	0	0	246	1856	0	1594	138	2228	0	166	0	772	160	7336	234	1666	0	1444	0	0	0	1070	0	842	0	138	0	0	0	0	0	0	0	0	0	0	0	0	0	640	0	0	0	0	0	0	0	0	0	0	0	0	0	0	216	812	0	4416	0	0	0	0	0	0	0	0	0	190	0	0	0	0	0	0	0	0	0	0	0	0	0	0	0	0	0	0	0	0	0	0	0	0	0	0	0	0	0	0	0	0	
303688	Rolandic_Oper_L	11844	988	9436	1416	0	0	2836	1854	0	0	18172	252	1156	94	0	0	0	100	9386	1502	0	0	630	176	0	0	0	0	28218	188	6294	860	254	856	98	0	112	0	0	0	0	0	122	0	94	0	0	0	114	0	3418	0	408	0	106	0	8080	0	694	0	664	0	1142	0	1224	0	500	0	1274	0	2362	128	258	224	0	0	0	0	5136	0	16592	0	1970	0	4896	0	0	0	5716	0	0	0	0	0	0	0	0	0	0	0	0	0	0	0	0	0	0	0	0	0	0	0	0	0	0	0	
152488	Rolandic_Oper_R	0	2026	0	10736	0	0	0	2166	0	0	0	5610	0	172	0	0	100	0	104	11350	0	0	0	346	0	0	0	0	346	16294	0	208	0	1788	0	236	0	1104	0	634	0	0	0	0	0	0	0	0	0	0	0	0	0	0	0	658	0	4292	0	138	0	222	0	4796	0	208	0	692	0	676	592	258	0	3068	0	0	0	168	0	1878	0	3576	0	862	0	274	0	0	0	666	0	0	0	0	0	0	0	0	0	0	0	0	0	0	0	0	0	0	0	0	0	0	0	0	0	0	
651928	Supp_Motor_Area_L	19856	2612	59138	13364	1012	0	14734	1426	330	0	9546	1348	5686	1094	786	246	9386	104	0	35550	0	0	7888	2808	0	198	0	0	28674	1122	8828	8052	6560	18314	260	0	4552	0	414	0	126	0	0	0	0	0	0	0	0	0	110	0	152	0	1158	0	3214	0	0	0	0	0	0	0	0	0	0	0	10874	206	13464	1714	15538	1600	3944	584	4828	98	678	0	2352	0	210	0	0	0	0	0	1226	0	0	0	0	0	0	0	0	0	0	0	0	0	0	0	0	0	0	0	0	0	0	0	0	0	0	0	
1.06412e+06	Supp_Motor_Area_R	16238	16272	9454	92954	180	408	2458	11986	110	0	1618	10612	574	6444	0	1856	1502	11350	35550	0	0	0	3482	20374	0	1312	0	106	4868	13846	7282	22688	8124	57878	3902	9914	3570	7180	750	2500	0	0	0	1712	0	4200	0	568	0	4122	234	3294	232	0	618	2298	1096	4758	0	188	168	260	0	766	0	214	780	10114	15644	16000	11528	21376	4406	16806	486	1452	1250	14926	388	900	548	774	192	508	0	488	0	0	216	1210	0	0	0	0	0	0	0	0	0	0	0	0	0	0	0	0	0	0	0	0	0	0	0	0	0	0	
91436	Olfactory_L	0	0	366	0	2592	0	0	0	494	0	0	0	0	0	3408	0	0	0	0	0	0	3396	0	0	132	236	1908	0	5246	0	4032	2094	0	0	0	0	1216	0	118	0	816	0	0	0	0	0	0	0	0	0	0	0	0	0	604	0	0	0	0	0	0	0	0	0	0	0	0	0	0	0	6966	3678	5498	1970	314	0	0	0	0	0	122	0	220	0	0	0	0	0	292	0	0	0	0	0	0	0	0	0	0	0	0	0	0	0	0	0	0	0	0	0	0	0	0	0	0	0	
88496	Olfactory_R	0	0	0	94	182	1140	0	0	0	710	0	0	0	0	184	1594	0	0	0	0	3396	0	0	0	0	1218	0	1712	234	2830	2010	2770	0	0	0	0	0	844	0	602	0	718	0	0	0	0	0	0	0	0	0	0	0	0	0	292	0	0	0	0	0	0	0	0	0	0	0	0	0	0	5434	7430	3652	4238	1396	942	0	152	0	0	0	0	0	474	0	0	0	0	0	0	0	0	0	0	0	0	0	0	0	0	0	0	0	0	0	0	0	0	0	0	0	0	0	0	0	0	
382708	Frontal_Sup_Medial_L	538	0	45470	9682	4508	192	15978	716	404	0	2092	166	1052	212	140	138	630	0	7888	3482	0	0	0	22018	2438	1662	818	0	3720	136	28840	16168	5750	8840	0	0	0	0	0	0	0	0	0	0	0	0	0	0	0	0	0	0	0	0	0	0	0	0	0	0	0	0	0	0	0	0	0	0	0	0	2038	412	4494	346	0	0	0	0	0	0	260	0	126	0	0	0	0	0	0	0	0	0	0	0	0	0	0	0	0	0	0	0	0	0	0	0	0	0	0	0	0	0	0	0	0	0	
489804	Frontal_Sup_Medial_R	112	244	5206	49382	254	2690	1352	11156	0	0	372	4890	210	5104	0	2228	176	346	2808	20374	0	0	22018	0	664	8622	0	226	1292	4394	10300	38608	470	21056	0	0	112	810	0	294	0	0	0	0	0	0	0	0	0	0	0	0	0	0	0	236	0	0	0	0	0	0	0	0	0	0	0	0	0	0	2282	12232	814	13016	0	226	0	224	0	0	102	0	0	0	0	0	0	0	0	0	0	0	0	0	0	0	0	0	0	0	0	0	0	0	0	0	0	0	0	0	0	0	0	0	0	0	
31872	Frontal_Med_Orb_L	0	0	262	0	3950	146	0	0	460	0	0	0	0	0	0	0	0	0	0	0	132	0	2438	664	0	1540	1894	0	0	0	3906	130	0	0	0	0	0	0	0	0	0	0	0	0	0	0	0	0	0	0	0	0	0	0	0	0	0	0	0	0	0	0	0	0	0	0	0	0	0	0	194	0	220	0	0	0	0	0	0	0	0	0	0	0	0	0	0	0	0	0	0	0	0	0	0	0	0	0	0	0	0	0	0	0	0	0	0	0	0	0	0	0	0	0	0	0	
152404	Frontal_Med_Orb_R	0	0	752	5822	412	8234	0	414	0	468	116	608	0	656	0	166	0	0	198	1312	236	1218	1662	8622	1540	0	132	6066	380	390	4734	10260	0	516	0	0	0	0	0	0	0	0	0	0	0	0	0	0	0	0	0	0	0	0	0	0	0	0	0	0	0	0	0	0	0	0	0	0	0	0	844	10034	726	9470	0	214	0	0	0	0	0	0	0	0	0	0	0	0	0	0	0	0	0	0	0	0	0	0	0	0	0	0	0	0	0	0	0	0	0	0	0	0	0	0	0	0	
43836	Rectus_L	0	0	872	0	5080	0	0	0	2362	0	0	0	0	0	1236	0	0	0	0	0	1908	0	818	0	1894	132	0	134	1326	0	2862	214	0	0	0	0	0	0	0	0	168	0	0	0	0	0	0	0	0	0	0	0	0	0	0	0	0	0	0	0	0	0	0	0	0	0	0	0	0	0	1142	0	1770	0	0	0	0	0	0	0	0	0	0	0	0	0	0	0	0	0	0	0	0	0	0	0	0	0	0	0	0	0	0	0	0	0	0	0	0	0	0	0	0	0	0	0	
50424	Rectus_R	0	0	0	642	0	7116	0	0	0	786	0	0	0	0	0	772	0	0	0	106	0	1712	0	226	0	6066	134	0	0	642	138	1168	0	0	0	0	0	0	0	0	0	0	0	0	0	0	0	0	0	0	0	0	0	0	0	0	0	0	0	0	0	0	0	0	0	0	0	0	0	0	0	2898	0	2630	0	0	0	176	0	0	0	0	0	0	0	0	0	0	0	0	0	0	0	0	0	0	0	0	0	0	0	0	0	0	0	0	0	0	0	0	0	0	0	0	0	0	
761832	Insula_L	15834	3266	43760	5648	4754	0	27008	3590	2338	0	32122	1216	18656	254	11866	160	28218	346	28674	4868	5246	234	3720	1292	0	380	1326	0	0	854	15666	2446	406	2254	1192	928	11236	822	1680	0	1074	0	200	0	172	0	0	0	166	0	2660	0	1162	0	6238	0	3702	0	0	0	386	0	170	0	676	0	320	0	888	0	12150	536	23526	846	126	0	568	1266	9584	0	15066	0	5122	0	4830	0	0	0	7222	0	0	0	0	0	0	0	0	0	0	0	0	0	0	0	0	0	0	0	0	0	0	0	0	0	0	0	
386892	Insula_R	148	1954	134	18292	0	2720	0	6190	0	3576	156	16002	0	7394	0	7336	188	16294	1122	13846	0	2830	136	4394	0	390	0	642	854	0	242	3218	0	5560	656	858	492	11136	122	5334	0	1534	0	384	0	0	0	238	0	148	0	96	0	0	0	6814	0	1518	0	270	0	360	0	370	0	0	0	648	0	382	3026	2054	808	25330	0	150	0	1074	230	2972	98	6094	0	2424	0	1252	0	0	0	2956	0	0	0	0	0	0	0	0	0	0	0	0	0	0	0	0	0	0	0	0	0	0	0	0	0	0	
489484	Cingulum_Ant_L	1250	0	19746	7244	4596	344	6758	734	550	0	14032	670	3992	846	386	234	6294	0	8828	7282	4032	2010	28840	10300	3906	4734	2862	138	15666	242	0	27466	4336	7998	0	0	106	0	0	0	228	0	0	0	0	0	0	0	0	0	0	0	0	0	0	0	116	0	0	0	0	0	0	0	0	0	0	0	0	0	15084	5056	14898	4588	832	188	0	0	0	0	4690	0	2640	0	0	0	0	0	0	0	0	0	0	0	0	0	0	0	0	0	0	0	0	0	0	0	0	0	0	0	0	0	0	0	0	0	
602336	Cingulum_Ant_R	204	124	5550	38234	346	960	1248	9630	110	0	1654	5924	626	6110	0	1666	860	208	8052	22688	2094	2770	16168	38608	130	10260	214	1168	2446	3218	27466	0	1948	28378	0	0	98	748	0	266	0	0	0	0	0	0	0	0	0	0	0	0	0	0	0	212	0	0	0	0	0	0	0	0	0	0	0	0	0	0	7044	23620	5534	21460	1168	826	0	292	0	0	572	0	266	0	0	0	0	0	0	0	0	0	0	0	0	0	0	0	0	0	0	0	0	0	0	0	0	0	0	0	0	0	0	0	0	0	
122216	Cingulum_Mid_L	488	128	3950	940	0	0	2184	0	0	0	508	0	368	0	0	0	254	0	6560	8124	0	0	5750	470	0	0	0	0	406	0	4336	1948	0	11772	2222	542	0	0	0	0	0	0	208	0	208	190	0	0	380	214	828	118	0	0	0	0	194	234	116	0	0	0	0	0	0	0	2518	808	2790	910	128	0	208	0	0	0	0	0	0	0	0	0	0	0	0	0	0	0	106	0	0	0	0	0	0	0	0	0	0	0	0	0	0	0	0	0	0	0	0	0	0	0	0	0	0	0	
629120	Cingulum_Mid_R	5336	1124	6296	38074	152	206	1518	6604	0	0	1420	6842	662	4348	0	1444	856	1788	18314	57878	0	0	8840	21056	0	516	0	0	2254	5560	7998	28378	11772	0	1730	8176	230	894	0	0	0	0	0	1516	0	6060	0	362	0	5734	0	4254	0	0	100	150	128	3060	0	344	0	168	0	268	0	0	1682	13368	6850	10536	1936	2358	1100	2524	0	0	0	0	0	122	384	356	178	230	0	158	0	0	0	368	0	0	0	0	0	0	0	0	0	0	0	0	0	0	0	0	0	0	0	0	0	0	0	0	0	0	
204288	Cingulum_Post_L	2758	5372	598	4044	0	0	588	226	0	0	0	272	0	0	0	0	98	0	260	3902	0	0	0	0	0	0	0	0	1192	656	0	0	2222	1730	0	11862	9734	5596	3534	312	0	0	4176	110	1938	232	1398	278	1070	164	4890	98	1990	0	2120	288	590	228	0	0	196	0	170	0	424	0	7416	2514	1892	1520	98	0	0	1146	0	0	930	9046	952	0	0	0	0	0	580	242	0	0	314	178	0	0	0	0	0	0	0	0	0	0	0	0	0	0	0	0	0	0	0	0	0	0	0	0	0	0	
259860	Cingulum_Post_R	2296	4480	556	3934	0	0	538	230	0	0	0	282	0	0	0	0	0	236	0	9914	0	0	0	0	0	0	0	0	928	858	0	0	542	8176	11862	0	6950	11454	2096	890	0	0	0	2528	0	3996	134	2468	0	3968	188	2660	146	0	424	850	348	2760	0	284	0	392	0	574	0	270	2382	17002	538	6876	100	0	0	1302	0	0	900	8798	774	202	0	322	0	0	0	1082	0	0	0	1292	0	0	0	0	0	0	0	0	0	0	0	0	0	0	0	0	0	0	0	0	148	0	0	0	0	0	
362600	Hippocampus_L	8966	4778	5932	5214	0	0	4092	486	0	0	488	348	0	0	0	0	112	0	4552	3570	1216	0	0	112	0	0	0	0	11236	492	106	98	0	230	9734	6950	0	4372	19396	252	5552	0	1624	0	168	0	4976	212	0	0	1170	0	2280	0	20876	196	656	0	0	0	192	0	0	0	0	0	3224	1022	680	0	1758	290	8526	680	1380	0	6206	9468	4212	0	1188	0	826	0	322	184	298	0	9812	110	130	0	0	0	0	0	144	0	206	0	0	0	0	0	0	0	0	0	0	0	0	0	0	0	0	0	
397704	Hippocampus_R	656	7354	340	8040	0	536	332	862	0	642	0	946	0	384	0	1070	0	1104	0	7180	0	844	0	810	0	0	0	0	822	11136	0	748	0	894	5596	11454	4372	0	1312	27400	0	7830	0	2484	0	974	0	6136	0	952	0	758	0	146	182	29680	180	1002	0	0	0	0	0	200	0	0	726	6820	0	1664	252	322	0	17126	0	1228	0	8976	694	1084	0	1316	0	2382	0	2256	0	106	0	7832	0	0	0	0	0	0	0	478	0	102	0	0	0	0	0	0	0	0	0	0	130	0	0	0	0	0	
155296	ParaHippocampal_L	3002	1440	978	1532	0	0	1612	0	0	0	98	0	0	0	0	0	0	0	414	750	118	0	0	0	0	0	0	0	1680	122	0	0	0	0	3534	2096	19396	1312	0	0	1440	0	1358	0	170	0	6054	0	0	0	1726	0	1748	0	12562	0	144	0	0	0	94	0	0	0	0	0	2444	248	0	0	264	176	1526	186	0	0	2482	2952	1342	0	0	0	440	0	0	0	296	0	1064	0	196	0	0	0	0	0	230	0	422	0	0	0	0	0	0	0	0	0	0	0	0	0	0	0	0	0	
212804	ParaHippocampal_R	0	662	0	1846	0	442	0	286	0	530	0	298	0	110	0	842	0	634	0	2500	0	602	0	294	0	0	0	0	0	5334	0	266	0	0	312	890	252	27400	0	0	0	5784	0	1252	0	210	0	6020	0	352	0	292	0	446	0	26132	0	272	0	0	0	0	0	0	0	0	0	1456	0	0	0	148	0	8306	0	810	0	1424	0	300	0	394	0	2120	0	528	0	316	0	2500	0	788	0	0	0	0	0	1830	0	1060	0	0	0	0	0	0	0	162	0	0	0	0	0	0	0	0	
31440	Amygdala_L	178	0	184	0	0	0	0	0	0	0	0	0	0	0	0	0	0	0	126	0	816	0	0	0	0	0	168	0	1074	0	228	0	0	0	0	0	5552	0	1440	0	0	0	0	0	0	0	0	0	0	0	0	0	0	0	2560	0	0	0	0	0	0	0	0	0	0	0	0	0	140	0	284	0	768	0	0	0	270	0	0	0	0	0	622	0	0	0	426	0	884	0	0	0	0	0	0	0	0	0	0	0	0	0	0	0	0	0	0	0	0	0	0	0	0	0	0	0	
49484	Amygdala_R	0	0	0	0	0	0	0	0	0	0	0	0	0	0	0	138	0	0	0	0	0	718	0	0	0	0	0	0	0	1534	0	0	0	0	0	0	0	7830	0	5784	0	0	0	0	0	0	0	0	0	0	0	0	0	0	0	4420	0	0	0	0	0	0	0	0	0	0	0	0	0	0	0	0	0	1636	0	264	0	0	0	0	0	0	0	2302	0	0	0	116	0	0	0	0	0	0	0	0	0	0	0	0	0	0	0	0	0	0	0	0	0	0	0	0	0	0	0	0	
433404	Calcarine_L	178	0	0	0	0	0	0	0	0	0	0	0	0	0	0	0	122	0	0	0	0	0	0	0	0	0	0	0	200	0	0	0	208	0	4176	0	1624	0	1358	0	0	0	0	10974	29034	4434	24326	4534	28412	4550	51014	1638	9650	412	1958	724	166	0	728	0	510	0	0	0	1088	0	19730	1066	578	0	0	0	0	0	0	0	0	0	170	0	0	0	0	0	5794	0	0	0	1674	0	492	308	0	0	0	0	572	934	698	756	0	0	0	0	0	152	0	0	0	0	1540	110	0	0	0	110	
388524	Calcarine_R	0	610	0	108	0	0	0	0	0	0	0	0	0	0	0	0	0	0	0	1712	0	0	0	0	0	0	0	0	0	384	0	0	0	1516	110	2528	0	2484	0	1252	0	0	10974	0	6894	30292	5146	20814	286	29994	202	19688	0	6722	0	7804	0	2160	0	308	0	0	0	142	0	1346	776	25774	0	2084	0	0	0	0	0	0	0	0	0	208	0	398	0	0	0	4602	0	0	0	6166	0	484	0	0	0	0	0	0	0	154	0	0	0	0	0	0	0	0	0	0	140	0	0	0	0	0	
299124	Cuneus_L	0	0	0	0	0	0	0	0	0	0	0	0	0	0	0	0	94	0	0	0	0	0	0	0	0	0	0	0	172	0	0	0	208	0	1938	0	168	0	170	0	0	0	29034	6894	0	8206	3264	128	37028	4228	32102	490	1562	274	158	196	0	0	2062	0	0	0	0	0	980	0	13962	1302	352	0	0	0	0	0	0	0	0	0	132	0	0	0	0	0	3374	0	0	0	904	180	0	0	0	0	0	0	0	0	0	0	0	0	0	0	0	0	0	0	0	0	0	0	0	0	0	0	
355236	Cuneus_R	286	554	0	196	0	0	0	0	0	0	0	0	0	0	0	0	0	0	0	4200	0	0	0	0	0	0	0	0	0	0	0	0	190	6060	232	3996	0	974	0	210	0	0	4434	30292	8206	0	1050	2732	440	45114	206	18370	0	2184	0	2218	0	2136	0	2638	0	296	0	162	0	1394	2936	28672	232	4330	0	0	0	0	0	0	0	0	0	0	0	152	0	0	0	612	0	0	0	1808	0	106	0	0	0	0	0	0	0	0	0	0	0	0	0	0	0	0	0	0	0	0	0	0	0	0	
312788	Lingual_L	154	154	0	144	0	0	0	0	0	0	0	0	0	0	0	0	0	0	0	0	0	0	0	0	0	0	0	0	0	0	0	0	0	0	1398	134	4976	0	6054	0	0	0	24326	5146	3264	1050	0	5450	3684	1680	19662	1006	12742	204	12464	1636	0	0	0	0	0	0	0	0	0	0	4504	220	0	0	0	0	0	0	0	0	430	304	0	0	0	0	0	0	112	0	0	0	96	0	5034	1670	1062	322	414	138	9424	1892	10250	2714	116	0	130	0	1134	818	158	0	0	214	5216	2922	630	0	368	774	
260672	Lingual_R	0	248	0	140	0	0	0	0	0	0	0	0	0	0	0	0	0	0	0	568	0	0	0	0	0	0	0	0	0	238	0	0	0	362	278	2468	212	6136	0	6020	0	0	4534	20814	128	2732	5450	0	0	7228	0	8422	0	4632	0	17424	0	640	0	0	0	0	0	0	0	0	196	10350	0	702	0	0	0	154	0	0	0	524	0	0	0	0	0	0	0	940	0	0	0	1900	488	3380	0	136	0	102	1298	3206	1452	6614	0	0	0	0	0	216	0	0	0	152	3860	5054	776	0	0	162	
312172	Occipital_Sup_L	0	0	0	0	0	0	0	0	0	0	0	0	0	0	0	0	114	0	0	0	0	0	0	0	0	0	0	0	166	0	0	0	380	0	1070	0	0	0	0	0	0	0	28412	286	37028	440	3684	0	0	0	49658	0	1696	0	0	0	164	0	7820	0	1884	0	0	0	2622	0	14448	668	686	0	0	0	0	0	0	0	0	0	106	0	0	0	0	0	3804	0	0	0	950	0	0	0	0	0	0	0	0	0	0	0	0	0	0	0	0	0	0	0	0	0	0	0	0	0	0	0	
413792	Occipital_Sup_R	262	764	0	160	0	0	0	0	0	0	0	0	0	0	0	0	0	0	0	4122	0	0	0	0	0	0	0	0	0	148	0	0	214	5734	164	3968	0	952	0	352	0	0	4550	29994	4228	45114	1680	7228	0	0	0	36346	0	3838	0	3848	0	2924	0	4658	0	1428	0	602	0	4634	984	25514	222	5822	0	0	0	0	0	0	0	0	0	0	0	202	0	0	0	2780	0	0	0	3198	0	138	0	0	0	0	0	0	0	124	0	0	0	0	0	0	0	0	0	0	0	0	0	0	0	0	
655444	Occipital_Mid_L	3334	436	230	266	0	0	296	0	0	0	254	0	0	0	0	0	3418	0	110	234	0	0	0	0	0	0	0	0	2660	0	0	0	828	0	4890	188	1170	0	1726	0	0	0	51014	202	32102	206	19662	0	49658	0	0	0	30274	0	10128	0	5322	0	11566	0	12700	0	2002	0	17588	0	21776	736	7654	138	0	0	0	0	0	0	112	0	1858	0	956	0	0	0	22936	0	0	0	7880	0	540	0	0	0	0	0	124	0	548	0	0	0	0	0	0	0	0	0	0	0	0	0	0	0	0	0	
335472	Occipital_Mid_R	230	660	0	148	0	0	0	0	0	0	0	0	0	0	0	0	0	0	0	3294	0	0	0	0	0	0	0	0	0	96	0	0	118	4254	98	2660	0	758	0	292	0	0	1638	19688	490	18370	1006	8422	0	36346	0	0	0	8568	0	3980	0	958	0	490	0	4096	0	550	0	14196	358	15654	184	3182	0	0	0	0	0	0	0	0	0	0	0	152	0	0	0	12550	0	0	0	3928	0	122	0	0	0	0	0	0	0	200	0	0	0	0	0	0	0	0	0	0	0	0	0	0	0	0	
212380	Occipital_Inf_L	1636	272	162	240	0	0	96	0	0	0	0	0	0	0	0	0	408	0	152	232	0	0	0	0	0	0	0	0	1162	0	0	0	0	0	1990	146	2280	0	1748	0	0	0	9650	0	1562	0	12742	0	1696	0	30274	0	0	0	15584	0	1208	0	0	0	1082	0	166	0	108	0	2936	130	392	0	0	0	138	0	0	0	196	236	1862	0	206	0	0	0	5674	0	0	0	7952	0	828	0	182	0	0	0	196	0	666	0	0	0	0	0	0	0	0	0	0	0	0	0	0	0	0	0	
92712	Occipital_Inf_R	0	0	0	0	0	0	0	0	0	0	0	0	0	0	0	0	0	0	0	0	0	0	0	0	0	0	0	0	0	0	0	0	0	0	0	0	0	146	0	446	0	0	412	6722	274	2184	204	4632	0	3838	0	8568	0	0	0	8374	0	0	0	0	0	0	0	0	0	0	0	798	0	0	0	0	0	0	0	0	0	0	0	0	0	0	0	0	0	1074	0	0	0	7298	0	1150	0	0	0	0	0	0	0	236	0	0	0	0	0	0	0	0	0	0	0	0	0	0	0	0	
377580	Fusiform_L	2450	728	1244	780	0	0	922	128	0	0	108	0	0	0	0	0	106	0	1158	618	604	0	0	0	0	0	0	0	6238	0	0	0	0	100	2120	424	20876	182	12562	0	2560	0	1958	0	158	0	12464	0	0	0	10128	0	15584	0	0	0	428	0	0	0	374	0	0	0	0	0	2400	254	106	0	940	114	3120	0	0	0	1252	1064	2014	0	3254	0	656	0	968	0	416	0	16452	0	17780	252	2222	0	364	0	10570	0	25362	270	598	0	1010	0	450	214	144	0	0	0	394	594	144	0	216	194	
413328	Fusiform_R	0	798	0	1620	0	346	0	254	0	416	0	248	0	0	0	640	0	658	0	2298	0	292	0	236	0	0	0	0	0	6814	0	212	0	150	288	850	196	29680	0	26132	0	4420	724	7804	196	2218	1636	17424	0	3848	0	3980	0	8374	0	0	0	370	0	0	0	0	0	0	0	0	110	2692	0	236	0	100	0	8998	0	488	0	1096	0	408	0	1448	0	4388	0	2934	0	1808	0	16196	160	10056	0	0	0	234	618	7986	784	13734	0	0	0	0	0	0	0	174	0	0	4496	3754	644	0	0	0	
216024	Postcentral_L	25014	1770	2666	1670	0	0	1822	194	0	0	3466	0	144	0	0	0	8080	0	3214	1096	0	0	0	0	0	0	0	0	3702	0	116	0	194	128	590	348	656	180	144	0	0	0	166	0	0	0	0	0	164	0	5322	0	1208	0	428	0	0	0	4768	0	14890	0	6902	0	952	0	4356	0	4698	0	982	0	720	0	0	0	104	224	1660	0	2594	0	0	0	960	0	0	0	1720	0	0	0	0	0	0	0	0	0	0	0	0	0	0	0	0	0	0	0	0	0	0	0	0	0	0	0	
173952	Postcentral_R	0	9892	0	764	0	0	0	938	0	0	0	2256	0	0	0	0	0	4292	0	4758	0	0	0	0	0	0	0	0	0	1518	0	0	234	3060	228	2760	0	1002	0	272	0	0	0	2160	0	2136	0	640	0	2924	0	958	0	0	0	370	0	0	0	5598	0	6190	0	10792	0	1132	0	8798	0	8704	124	158	0	822	0	0	0	370	0	756	0	960	0	0	0	410	0	0	0	1000	0	0	0	0	0	0	0	0	0	0	0	0	0	0	0	0	0	0	0	0	0	0	0	0	0	0	
99852	Parietal_Sup_L	106	0	0	0	0	0	0	0	0	0	0	0	0	0	0	0	694	0	0	0	0	0	0	0	0	0	0	0	0	0	0	0	116	0	0	0	0	0	0	0	0	0	728	0	2062	0	0	0	7820	0	11566	0	0	0	0	0	4768	0	0	0	8870	0	450	0	2284	0	8020	0	1768	0	0	0	0	0	0	0	0	0	0	0	0	0	0	0	362	0	0	0	312	0	0	0	0	0	0	0	0	0	0	0	0	0	0	0	0	0	0	0	0	0	0	0	0	0	0	0	
78812	Parietal_Sup_R	0	114	0	0	0	0	0	0	0	0	0	0	0	0	0	0	0	138	0	188	0	0	0	0	0	0	0	0	0	270	0	0	0	344	0	284	0	0	0	0	0	0	0	308	0	2638	0	0	0	4658	0	490	0	0	0	0	0	5598	0	0	0	6406	0	3040	0	1530	1302	9390	0	1778	0	0	0	0	0	0	0	0	0	160	0	164	0	0	0	182	0	0	0	424	0	0	0	0	0	0	0	0	0	0	0	0	0	0	0	0	0	0	0	0	0	0	0	0	0	0	
157224	Parietal_Inf_L	1610	202	158	268	0	0	126	0	0	0	0	0	0	0	0	0	664	0	0	168	0	0	0	0	0	0	0	0	386	0	0	0	0	0	196	0	192	0	94	0	0	0	510	0	0	0	0	0	1884	0	12700	0	1082	0	374	0	14890	0	8870	0	0	0	12188	0	13612	0	2530	0	2494	0	0	0	236	0	0	0	0	0	0	0	444	0	0	0	1520	0	0	0	1214	0	0	0	0	0	0	0	0	0	0	0	0	0	0	0	0	0	0	0	0	0	0	0	0	0	0	0	
90628	Parietal_Inf_R	0	458	0	158	0	0	0	132	0	0	0	212	0	0	0	0	0	222	0	260	0	0	0	0	0	0	0	0	0	360	0	0	0	168	0	392	0	0	0	0	0	0	0	0	0	296	0	0	0	1428	0	4096	0	0	0	0	0	6190	0	6406	0	0	0	11476	0	9510	0	1102	0	722	0	136	0	0	0	0	0	128	0	138	0	242	0	0	0	504	0	0	0	578	0	0	0	0	0	0	0	0	0	0	0	0	0	0	0	0	0	0	0	0	0	0	0	0	0	0	
91424	SupraMarginal_L	476	0	0	0	0	0	0	0	0	0	0	0	0	0	0	0	1142	0	0	0	0	0	0	0	0	0	0	0	170	0	0	0	0	0	170	0	0	0	0	0	0	0	0	0	0	0	0	0	0	0	2002	0	166	0	0	0	6902	0	450	0	12188	0	0	0	7906	0	152	0	1228	0	0	0	0	0	0	0	0	0	188	0	5074	0	0	0	5496	0	0	0	2002	0	0	0	0	0	0	0	0	0	0	0	0	0	0	0	0	0	0	0	0	0	0	0	0	0	0	0	
115816	SupraMarginal_R	0	1310	0	612	0	0	0	398	0	0	0	386	0	0	0	0	0	4796	0	766	0	0	0	0	0	0	0	0	0	370	0	0	0	268	0	574	0	200	0	0	0	0	0	142	0	162	0	0	0	602	0	550	0	0	0	0	0	10792	0	3040	0	11476	0	0	0	6626	0	1674	0	1468	104	152	0	0	0	0	0	154	0	766	0	6336	0	0	0	2190	0	0	0	1994	0	0	0	0	0	0	0	0	0	0	0	0	0	0	0	0	0	0	0	0	0	0	0	0	0	0	
136864	Angular_L	680	116	0	0	0	0	0	0	0	0	108	0	0	0	0	0	1224	0	0	0	0	0	0	0	0	0	0	0	676	0	0	0	0	0	424	0	0	0	0	0	0	0	1088	0	980	0	0	0	2622	0	17588	0	108	0	0	0	952	0	2284	0	13612	0	7906	0	0	0	518	0	1426	0	0	0	0	0	0	0	0	0	210	0	3218	0	0	0	9444	0	0	0	3248	0	0	0	0	0	0	0	0	0	0	0	0	0	0	0	0	0	0	0	0	0	0	0	0	0	0	0	
106552	Angular_R	0	256	0	0	0	0	0	0	0	0	0	0	0	0	0	0	0	208	0	214	0	0	0	0	0	0	0	0	0	0	0	0	0	0	0	270	0	0	0	0	0	0	0	1346	0	1394	0	0	0	4634	0	14196	0	0	0	0	0	1132	0	1530	0	9510	0	6626	0	0	0	2176	0	434	0	0	0	0	0	0	0	0	0	0	0	1788	0	0	0	5606	0	0	0	1956	0	0	0	0	0	0	0	0	0	0	0	0	0	0	0	0	0	0	0	0	0	0	0	0	0	0	
286368	Precuneus_L	480	150	0	172	0	0	0	0	0	0	0	0	0	0	0	0	500	0	0	780	0	0	0	0	0	0	0	0	320	0	0	0	2518	1682	7416	2382	3224	726	2444	0	0	0	19730	776	13962	2936	4504	196	14448	984	21776	358	2936	0	2400	110	4356	0	8020	1302	2530	0	152	0	518	0	0	8466	5186	404	0	0	0	0	0	0	118	482	164	0	0	0	0	0	2384	0	0	0	1192	0	0	0	0	0	0	0	0	0	0	0	0	0	0	0	0	0	0	0	0	0	0	0	0	0	0	0	
461720	Precuneus_R	416	2516	0	394	0	0	0	0	0	0	0	0	0	0	0	0	0	692	0	10114	0	0	0	0	0	0	0	0	0	648	0	0	808	13368	2514	17002	1022	6820	248	1456	0	0	1066	25774	1302	28672	220	10350	668	25514	736	15654	130	798	254	2692	0	8798	0	9390	0	1102	0	1674	0	2176	8466	0	352	17920	0	0	0	0	0	0	0	818	0	624	0	1018	0	0	0	2926	0	0	0	3318	0	152	0	0	0	0	0	0	0	0	0	0	0	0	0	0	0	0	0	0	278	0	0	0	0	0	
259776	Paracentral_Lobule_L	26026	7406	6032	6322	0	0	0	0	0	0	96	0	0	0	0	0	1274	0	10874	15644	0	0	0	0	0	0	0	0	888	0	0	0	2790	6850	1892	538	680	0	0	0	140	0	578	0	352	232	0	0	686	222	7654	184	392	0	106	0	4698	0	1768	0	2494	0	1228	0	1426	0	5186	352	0	2230	1108	0	0	0	392	0	7080	154	132	0	570	0	0	0	1224	0	0	0	1988	0	0	0	0	0	0	0	0	0	0	0	0	0	0	0	0	0	0	0	0	0	0	0	0	0	0	0	
208584	Paracentral_Lobule_R	400	9568	0	854	0	0	0	0	0	0	0	0	0	0	0	0	0	676	206	16000	0	0	0	0	0	0	0	0	0	382	0	0	910	10536	1520	6876	0	1664	0	0	0	0	0	2084	0	4330	0	702	0	5822	138	3182	0	0	0	236	0	8704	0	1778	0	722	0	1468	0	434	404	17920	2230	0	0	0	0	0	0	0	0	0	0	502	0	1118	0	0	0	910	0	0	0	2016	0	0	0	0	0	0	0	0	0	0	0	0	0	0	0	0	0	0	0	0	0	0	0	0	0	0	
425308	Caudate_L	2162	4662	6164	7672	822	0	1078	5438	202	0	3042	5324	938	2150	854	216	2362	592	13464	11528	6966	5434	2038	2282	194	844	1142	0	12150	3026	15084	7044	128	1936	98	100	1758	252	264	0	284	0	0	0	0	0	0	0	0	0	0	0	0	0	940	0	982	124	0	0	0	0	0	104	0	0	0	0	1108	0	0	18144	31824	11030	7040	3260	5892	752	108	0	854	0	212	0	0	0	0	0	586	0	0	0	0	0	0	0	0	0	0	0	0	0	0	0	0	0	0	0	0	0	0	0	0	0	0	0	
455404	Caudate_R	674	5532	900	26648	170	4418	134	4428	0	480	118	3436	0	2812	170	812	128	258	1714	21376	3678	7430	412	12232	0	10034	0	2898	536	2054	5056	23620	0	2358	0	0	290	322	176	148	0	0	0	0	0	0	0	0	0	0	0	0	0	0	114	100	0	158	0	0	0	136	0	152	0	0	0	0	0	0	18144	0	7944	31758	4338	4656	938	13812	0	0	0	0	0	0	0	0	0	0	0	0	0	0	0	0	0	0	0	0	0	0	0	0	0	0	0	0	0	0	0	0	0	0	0	0	0	0	
425900	Putamen_L	1494	1242	21764	2578	5486	0	5226	1238	2518	0	2678	894	2298	734	4556	0	258	0	15538	4406	5498	3652	4494	814	220	726	1770	0	23526	808	14898	5534	208	1100	0	0	8526	0	1526	0	768	0	0	0	0	0	0	0	0	0	0	0	138	0	3120	0	720	0	0	0	236	0	0	0	0	0	0	0	0	0	31824	7944	0	6762	8924	2068	1298	0	0	0	408	0	1030	0	0	0	0	0	1502	0	0	0	0	0	0	0	0	0	0	0	0	0	0	0	0	0	0	0	0	0	0	0	0	0	0	0	
552560	Putamen_R	170	3598	756	22180	0	7852	0	7086	0	5400	182	5672	0	4198	0	4416	224	3068	1600	16806	1970	4238	346	13016	0	9470	0	2630	846	25330	4588	21460	0	2524	1146	1302	680	17126	186	8306	0	1636	0	0	0	0	0	154	0	0	0	0	0	0	0	8998	0	822	0	0	0	0	0	0	0	0	0	0	0	0	11030	31758	6762	0	3866	5142	0	3334	336	0	132	1336	0	716	0	402	0	0	0	1484	0	0	0	0	0	0	0	0	0	0	0	0	0	0	0	0	0	0	0	0	0	0	0	0	0	0	
84980	Pallidum_L	648	480	2826	270	0	0	0	354	0	0	0	0	0	0	0	0	0	0	3944	486	314	1396	0	0	0	0	0	0	126	0	832	1168	0	0	0	0	1380	0	0	0	0	0	0	0	0	0	0	0	0	0	0	0	0	0	0	0	0	0	0	0	0	0	0	0	0	0	0	0	392	0	7040	4338	8924	3866	0	2090	1616	0	0	0	0	0	0	0	0	0	0	0	0	0	0	0	0	0	0	0	0	0	0	0	0	0	0	0	0	0	0	0	0	0	0	0	0	0	0	0	
56512	Pallidum_R	0	686	280	1852	0	0	0	522	0	0	0	0	0	0	0	0	0	0	584	1452	0	942	0	226	0	214	0	0	0	150	188	826	0	0	0	0	0	1228	0	810	0	264	0	0	0	0	0	0	0	0	0	0	0	0	0	488	0	0	0	0	0	0	0	0	0	0	0	0	0	0	3260	4656	2068	5142	2090	0	0	328	0	0	0	0	0	0	0	0	0	0	0	0	0	0	0	0	0	0	0	0	0	0	0	0	0	0	0	0	0	0	0	0	0	0	0	0	0	0	
146264	Thalamus_L	15538	2080	7262	1966	0	0	672	248	0	0	0	238	0	0	0	0	0	0	4828	1250	0	0	0	0	0	0	0	0	568	0	0	0	0	0	930	900	6206	0	2482	0	270	0	0	0	0	0	430	0	0	0	112	0	196	0	1252	0	104	0	0	0	0	0	0	0	0	0	118	0	7080	0	5892	938	1298	0	1616	0	0	8482	176	0	0	0	0	0	0	0	0	0	0	0	0	0	0	0	0	0	0	0	0	0	0	0	0	0	0	0	0	0	0	0	0	0	0	0	0	0	
270856	Thalamus_R	4068	12696	818	23006	0	156	804	474	0	0	120	434	0	0	0	0	0	168	98	14926	0	152	0	224	0	0	0	176	1266	1074	0	292	0	0	9046	8798	9468	8976	2952	1424	0	0	0	0	0	0	304	524	0	0	0	0	236	0	1064	1096	224	370	0	0	0	128	0	154	0	0	482	818	154	0	752	13812	0	3334	0	328	8482	0	968	0	0	0	0	0	0	276	0	0	98	208	0	0	0	0	0	0	0	0	0	0	0	0	0	0	0	0	0	0	0	0	0	0	0	0	0	0	
123696	Heschl_L	4752	532	950	470	0	0	2644	98	0	0	820	114	0	0	0	0	5136	0	678	388	0	0	0	0	0	0	0	0	9584	230	0	0	0	0	952	774	4212	694	1342	0	0	0	170	0	132	0	0	0	106	0	1858	0	1862	0	2014	0	1660	0	0	0	0	0	188	0	210	0	164	0	132	0	108	0	0	336	0	0	176	968	0	0	4930	0	0	0	7768	0	0	0	4696	0	0	0	0	0	0	0	0	0	0	0	0	0	0	0	0	0	0	0	0	0	0	0	0	0	0	0	
42136	Heschl_R	0	202	0	216	0	0	0	0	0	0	0	0	0	0	0	0	0	1878	0	900	0	0	0	0	0	0	0	0	0	2972	0	0	0	122	0	202	0	1084	0	300	0	0	0	208	0	0	0	0	0	0	0	0	0	0	0	408	0	756	0	160	0	138	0	766	0	0	0	624	0	502	0	0	0	0	0	0	0	0	0	0	0	6886	0	0	0	1414	0	0	0	1330	0	0	0	0	0	0	0	0	0	0	0	0	0	0	0	0	0	0	0	0	0	0	0	0	0	0	
245820	Temporal_Sup_L	3110	412	2228	782	0	0	718	876	0	0	8618	112	826	0	0	0	16592	0	2352	548	122	0	260	102	0	0	0	0	15066	98	4690	572	0	384	0	0	1188	0	0	0	0	0	0	0	0	0	0	0	0	0	956	0	206	0	3254	0	2594	0	0	0	444	0	5074	0	3218	0	0	0	570	0	854	0	408	132	0	0	0	0	4930	0	0	0	5166	0	24274	0	0	0	11080	0	0	0	0	0	0	0	0	0	94	0	0	0	0	0	0	0	0	0	0	0	0	0	0	0	0	0	
107080	Temporal_Sup_R	0	406	0	434	0	0	0	228	0	0	0	546	0	0	0	0	0	3576	0	774	0	0	0	0	0	0	0	0	0	6094	0	0	0	356	0	322	0	1316	0	394	0	0	0	398	0	152	0	0	0	202	0	152	0	0	0	1448	0	960	0	164	0	242	0	6336	0	1788	0	1018	0	1118	0	0	0	1336	0	0	0	0	0	6886	0	0	0	1726	0	9944	0	0	0	5224	0	0	0	0	0	0	0	0	0	0	0	0	0	0	0	0	0	0	0	0	0	0	0	0	0	0	
70016	Temporal_Pole_Sup_L	102	0	534	184	0	0	376	0	0	0	3408	0	950	0	310	0	1970	0	210	192	220	0	126	0	0	0	0	0	5122	0	2640	266	0	178	0	0	826	0	440	0	622	0	0	0	0	0	0	0	0	0	0	0	0	0	656	0	0	0	0	0	0	0	0	0	0	0	0	0	0	0	212	0	1030	0	0	0	0	0	0	0	5166	0	0	0	5222	0	2468	0	1578	0	0	0	0	0	0	0	0	0	0	0	0	0	0	0	0	0	0	0	0	0	0	0	0	0	0	0	
60596	Temporal_Pole_Sup_R	0	0	0	640	0	0	0	134	0	98	0	1064	0	0	0	190	0	862	0	508	0	474	0	0	0	0	0	0	0	2424	0	0	0	230	0	0	0	2382	0	2120	0	2302	0	0	0	0	0	0	0	0	0	0	0	0	0	4388	0	0	0	0	0	0	0	0	0	0	0	0	0	0	0	0	0	716	0	0	0	0	0	0	0	1726	0	0	0	3690	0	3832	0	2518	0	0	0	0	0	0	0	0	0	0	0	0	0	0	0	0	0	0	0	0	0	0	0	0	0	0	
289608	Temporal_Mid_L	1004	130	0	122	0	0	0	0	0	0	0	0	0	0	0	0	4896	0	0	0	0	0	0	0	0	0	0	0	4830	0	0	0	0	0	580	0	322	0	0	0	0	0	5794	0	3374	0	112	0	3804	0	22936	0	5674	0	968	0	960	0	362	0	1520	0	5496	0	9444	0	2384	0	1224	0	0	0	0	0	0	0	0	0	7768	0	24274	0	5222	0	0	0	3088	0	28516	0	0	0	0	0	0	0	0	0	0	0	0	0	0	0	0	0	0	0	0	0	0	0	0	0	0	0	
168736	Temporal_Mid_R	0	462	0	144	0	0	0	0	0	0	0	182	0	0	0	0	0	274	0	488	0	0	0	0	0	0	0	0	0	1252	0	0	0	158	242	1082	184	2256	0	528	0	0	0	4602	0	612	0	940	0	2780	0	12550	0	1074	0	2934	0	410	0	182	0	504	0	2190	0	5606	0	2926	0	910	0	0	0	402	0	0	0	276	0	1414	0	9944	0	3690	0	0	0	2512	0	20658	0	0	0	0	0	0	0	0	0	0	0	0	0	0	0	0	0	0	0	0	0	0	0	0	0	0	
20716	Temporal_Pole_Mid_L	0	0	0	0	0	0	0	0	0	0	0	0	0	0	0	0	0	0	0	0	0	0	0	0	0	0	0	0	0	0	0	0	0	0	0	0	298	0	296	0	426	0	0	0	0	0	0	0	0	0	0	0	0	0	416	0	0	0	0	0	0	0	0	0	0	0	0	0	0	0	0	0	0	0	0	0	0	0	0	0	0	0	2468	0	3088	0	0	0	3366	0	0	0	0	0	0	0	0	0	0	0	0	0	0	0	0	0	0	0	0	0	0	0	0	0	0	0	
21928	Temporal_Pole_Mid_R	0	0	0	0	0	0	0	0	0	0	0	0	0	0	0	0	0	0	0	0	0	0	0	0	0	0	0	0	0	0	0	0	0	0	0	0	0	106	0	316	0	116	0	0	0	0	0	0	0	0	0	0	0	0	0	1808	0	0	0	0	0	0	0	0	0	0	0	0	0	0	0	0	0	0	0	0	0	0	0	0	0	0	0	3832	0	2512	0	0	0	2274	0	0	0	0	0	0	0	0	0	0	0	0	0	0	0	0	0	0	0	0	0	0	0	0	0	0	
268200	Temporal_Inf_L	2280	214	1118	280	0	0	334	100	0	0	0	0	0	0	0	0	5716	0	1226	216	292	0	0	0	0	0	0	0	7222	0	0	0	106	0	314	0	9812	0	1064	0	884	0	1674	0	904	0	96	0	950	0	7880	0	7952	0	16452	0	1720	0	312	0	1214	0	2002	0	3248	0	1192	0	1988	0	586	0	1502	0	0	0	0	98	4696	0	11080	0	1578	0	28516	0	3366	0	0	0	2274	0	392	0	0	0	0	0	650	0	0	0	366	0	234	0	0	0	0	0	0	0	0	0	0	0	
210740	Temporal_Inf_R	0	1168	0	302	0	0	0	0	0	0	0	0	0	0	0	0	0	666	0	1210	0	0	0	0	0	0	0	0	0	2956	0	0	0	368	178	1292	110	7832	0	2500	0	0	0	6166	180	1808	0	1900	0	3198	0	3928	0	7298	0	16196	0	1000	0	424	0	578	0	1994	0	1956	0	3318	0	2016	0	0	0	1484	0	0	0	208	0	1330	0	5224	0	2518	0	20658	0	2274	0	0	0	1132	0	0	0	0	0	0	0	0	0	0	0	0	0	0	0	0	0	0	0	0	0	0	0	0	
467204	Cerebelum_Crus1_L	0	0	0	0	0	0	0	0	0	0	0	0	0	0	0	0	0	0	0	0	0	0	0	0	0	0	0	0	0	0	0	0	0	0	0	0	130	0	196	0	0	0	492	0	0	0	5034	488	0	0	540	0	828	0	17780	160	0	0	0	0	0	0	0	0	0	0	0	0	0	0	0	0	0	0	0	0	0	0	0	0	0	0	0	0	0	0	0	0	2274	0	0	5118	38550	2766	1700	294	18378	906	56784	4488	18324	396	24928	1214	10262	1058	2210	0	544	860	2940	5608	5440	782	1382	748	
430184	Cerebelum_Crus1_R	0	0	0	0	0	0	0	0	0	0	0	0	0	0	0	0	0	0	0	0	0	0	0	0	0	0	0	0	0	0	0	0	0	0	0	0	0	0	0	788	0	0	308	484	0	106	1670	3380	0	138	0	122	0	1150	252	10056	0	0	0	0	0	0	0	0	0	0	0	152	0	0	0	0	0	0	0	0	0	0	0	0	0	0	0	0	0	0	0	0	0	1132	5118	0	3136	32504	0	3970	1688	17376	6108	53086	1266	5682	1986	19924	634	7150	0	632	398	2198	6992	10778	9864	2180	2242	442	
379948	Cerebelum_Crus2_L	0	0	0	0	0	0	0	0	0	0	0	0	0	0	0	0	0	0	0	0	0	0	0	0	0	0	0	0	0	0	0	0	0	0	0	0	0	0	0	0	0	0	0	0	0	0	1062	0	0	0	0	0	182	0	2222	0	0	0	0	0	0	0	0	0	0	0	0	0	0	0	0	0	0	0	0	0	0	0	0	0	0	0	0	0	0	0	0	0	392	0	38550	3136	0	7452	0	0	812	0	10478	896	46206	3464	45516	3878	12054	628	1146	0	0	0	0	968	6722	3324	718	168	
284972	Cerebelum_Crus2_R	0	0	0	0	0	0	0	0	0	0	0	0	0	0	0	0	0	0	0	0	0	0	0	0	0	0	0	0	0	0	0	0	0	0	0	0	0	0	0	0	0	0	0	0	0	0	322	136	0	0	0	0	0	0	0	0	0	0	0	0	0	0	0	0	0	0	0	0	0	0	0	0	0	0	0	0	0	0	0	0	0	0	0	0	0	0	0	0	0	0	2766	32504	7452	0	0	0	0	132	1692	5314	4182	25052	4558	36344	734	6194	0	172	0	0	0	1716	9636	3002	578	0	
41908	Cerebelum_3_L	0	0	0	0	0	0	0	0	0	0	0	0	0	0	0	0	0	0	0	0	0	0	0	0	0	0	0	0	0	0	0	0	0	0	0	0	0	0	0	0	0	0	0	0	0	0	414	0	0	0	0	0	0	0	364	0	0	0	0	0	0	0	0	0	0	0	0	0	0	0	0	0	0	0	0	0	0	0	0	0	0	0	0	0	0	0	0	0	0	0	1700	0	0	0	0	106	9022	0	3596	0	0	0	0	0	1364	198	126	0	630	1922	822	244	0	0	210	236	
52884	Cerebelum_3_R	0	0	0	0	0	0	0	0	0	0	0	0	0	0	0	0	0	0	0	0	0	0	0	0	0	0	0	0	0	0	0	0	0	0	0	0	0	0	0	0	0	0	0	0	0	0	138	102	0	0	0	0	0	0	0	234	0	0	0	0	0	0	0	0	0	0	0	0	0	0	0	0	0	0	0	0	0	0	0	0	0	0	0	0	0	0	0	0	0	0	294	3970	0	0	106	0	476	6060	370	6422	0	0	0	0	162	754	0	0	584	3640	1762	582	0	0	328	458	
244800	Cerebelum_4_5_L	0	0	0	0	0	0	0	0	0	0	0	0	0	0	0	0	0	0	0	0	0	0	0	0	0	0	0	0	0	0	0	0	0	0	0	0	144	0	230	0	0	0	572	0	0	0	9424	1298	0	0	124	0	196	0	10570	618	0	0	0	0	0	0	0	0	0	0	0	0	0	0	0	0	0	0	0	0	0	0	0	0	0	0	0	0	0	0	0	0	0	0	18378	1688	812	0	9022	476	0	2376	32568	3428	664	0	710	0	4202	2414	710	0	1218	2254	10322	3892	0	0	1774	2316	
172628	Cerebelum_4_5_R	0	0	0	0	0	0	0	0	0	0	0	0	0	0	0	0	0	0	0	0	0	0	0	0	0	0	0	0	0	0	0	0	0	0	0	0	0	478	0	1830	0	0	934	0	0	0	1892	3206	0	0	0	0	0	0	0	7986	0	0	0	0	0	0	0	0	0	0	0	0	0	0	0	0	0	0	0	0	0	0	0	0	0	0	0	0	0	0	0	0	0	0	906	17376	0	132	0	6060	2376	0	1146	25312	0	0	0	0	0	960	0	190	220	2286	11396	832	0	0	202	594	
429640	Cerebelum_6_L	0	0	0	0	0	0	0	0	0	0	0	0	0	0	0	0	0	0	0	0	0	0	0	0	0	0	0	0	0	0	0	0	0	0	0	0	206	0	422	0	0	0	698	0	0	0	10250	1452	0	0	548	0	666	0	25362	784	0	0	0	0	0	0	0	0	0	0	0	0	0	0	0	0	0	0	0	0	0	0	0	0	94	0	0	0	0	0	0	0	650	0	56784	6108	10478	1692	3596	370	32568	1146	0	7054	6794	186	8458	540	6438	2654	2004	110	568	994	5354	10448	3812	426	2982	2124	
374684	Cerebelum_6_R	0	0	0	0	0	0	0	0	0	0	0	0	0	0	0	0	0	0	0	0	0	0	0	0	0	0	0	0	0	0	0	0	0	0	0	0	0	102	0	1060	0	0	756	154	0	0	2714	6614	0	124	0	200	0	236	270	13734	0	0	0	0	0	0	0	0	0	0	0	0	0	0	0	0	0	0	0	0	0	0	0	0	0	0	0	0	0	0	0	0	0	0	4488	53086	896	5314	0	6422	3428	25312	7054	0	246	1064	482	4326	308	4692	0	1254	636	3134	12618	13614	6454	2190	3528	832	
289392	Cerebelum_7b_L	0	0	0	0	0	0	0	0	0	0	0	0	0	0	0	0	0	0	0	0	0	0	0	0	0	0	0	0	0	0	0	0	0	0	0	0	0	0	0	0	0	0	0	0	0	0	116	0	0	0	0	0	0	0	598	0	0	0	0	0	0	0	0	0	0	0	0	0	0	0	0	0	0	0	0	0	0	0	0	0	0	0	0	0	0	0	0	0	0	0	18324	1266	46206	4182	0	0	664	0	6794	246	0	2458	41120	3354	9126	516	1210	0	0	0	0	132	4082	3754	452	96	
131064	Cerebelum_7b_R	0	0	0	0	0	0	0	0	0	0	0	0	0	0	0	0	0	0	0	0	0	0	0	0	0	0	0	0	0	0	0	0	0	0	0	0	0	0	0	0	0	0	0	0	0	0	0	0	0	0	0	0	0	0	0	0	0	0	0	0	0	0	0	0	0	0	0	0	0	0	0	0	0	0	0	0	0	0	0	0	0	0	0	0	0	0	0	0	0	0	396	5682	3464	25052	0	0	0	0	186	1064	2458	0	1848	19812	0	662	0	0	0	0	0	188	2968	1622	130	0	
357348	Cerebelum_8_L	0	0	0	0	0	0	0	0	0	0	0	0	0	0	0	0	0	0	0	0	0	0	0	0	0	0	0	0	0	0	0	0	0	0	0	0	0	0	0	0	0	0	0	0	0	0	130	0	0	0	0	0	0	0	1010	0	0	0	0	0	0	0	0	0	0	0	0	0	0	0	0	0	0	0	0	0	0	0	0	0	0	0	0	0	0	0	0	0	366	0	24928	1986	45516	4558	0	0	710	0	8458	482	41120	1848	0	5872	21488	2610	2342	0	0	0	0	400	5666	6718	2222	244	
251000	Cerebelum_8_R	0	0	0	0	0	0	0	0	0	0	0	0	0	0	0	0	0	0	0	0	0	0	0	0	0	0	0	0	0	0	0	0	0	0	0	0	0	0	0	0	0	0	0	0	0	0	0	0	0	0	0	0	0	0	0	0	0	0	0	0	0	0	0	0	0	0	0	0	0	0	0	0	0	0	0	0	0	0	0	0	0	0	0	0	0	0	0	0	0	0	1214	19924	3878	36344	0	0	0	0	540	4326	3354	19812	5872	0	1430	14300	0	328	0	0	0	560	6358	5708	1552	0	
181292	Cerebelum_9_L	0	0	0	0	0	0	0	0	0	0	0	0	0	0	0	0	0	0	0	0	0	0	0	0	0	0	0	0	0	0	0	0	0	0	0	0	0	0	0	0	0	0	0	0	0	0	1134	0	0	0	0	0	0	0	450	0	0	0	0	0	0	0	0	0	0	0	0	0	0	0	0	0	0	0	0	0	0	0	0	0	0	0	0	0	0	0	0	0	234	0	10262	634	12054	734	1364	162	4202	0	6438	308	9126	0	21488	1430	0	3192	5172	0	0	134	1524	2014	1954	1980	2932	1724	
154472	Cerebelum_9_R	0	0	0	0	0	0	0	0	0	0	0	0	0	0	0	0	0	0	0	0	0	0	0	0	0	0	0	0	0	0	0	0	0	0	0	0	0	0	0	0	0	0	152	0	0	0	818	216	0	0	0	0	0	0	214	0	0	0	0	0	0	0	0	0	0	0	0	0	0	0	0	0	0	0	0	0	0	0	0	0	0	0	0	0	0	0	0	0	0	0	1058	7150	628	6194	198	754	2414	960	2654	4692	516	662	2610	14300	3192	0	244	1598	248	802	3468	5522	1984	2642	6932	4414	
33012	Cerebelum_10_L	0	0	0	0	0	0	0	0	0	0	0	0	0	0	0	0	0	0	0	0	0	0	0	0	0	0	0	0	0	0	0	0	0	0	0	0	0	0	0	0	0	0	0	0	0	0	158	0	0	0	0	0	0	0	144	0	0	0	0	0	0	0	0	0	0	0	0	0	0	0	0	0	0	0	0	0	0	0	0	0	0	0	0	0	0	0	0	0	0	0	2210	0	1146	0	126	0	710	0	2004	0	1210	0	2342	0	5172	244	0	0	0	0	0	370	0	0	334	336	
12516	Cerebelum_10_R	0	0	0	0	0	0	0	0	0	0	0	0	0	0	0	0	0	0	0	0	0	0	0	0	0	0	0	0	0	0	0	0	0	0	0	0	0	0	0	162	0	0	0	0	0	0	0	0	0	0	0	0	0	0	0	174	0	0	0	0	0	0	0	0	0	0	0	0	0	0	0	0	0	0	0	0	0	0	0	0	0	0	0	0	0	0	0	0	0	0	0	632	0	172	0	0	0	190	110	1254	0	0	0	328	0	1598	0	0	0	0	0	376	140	274	738	110	
25548	Vermis_1_2	0	0	0	0	0	0	0	0	0	0	0	0	0	0	0	0	0	0	0	0	0	0	0	0	0	0	0	0	0	0	0	0	0	0	0	0	0	0	0	0	0	0	0	0	0	0	0	0	0	0	0	0	0	0	0	0	0	0	0	0	0	0	0	0	0	0	0	0	0	0	0	0	0	0	0	0	0	0	0	0	0	0	0	0	0	0	0	0	0	0	544	398	0	0	630	584	1218	220	568	636	0	0	0	0	0	248	0	0	0	5186	2400	142	0	0	0	0	
59392	Vermis_3	0	0	0	0	0	0	0	0	0	0	0	0	0	0	0	0	0	0	0	0	0	0	0	0	0	0	0	0	0	0	0	0	0	0	0	0	0	0	0	0	0	0	0	0	0	0	214	152	0	0	0	0	0	0	0	0	0	0	0	0	0	0	0	0	0	0	0	0	0	0	0	0	0	0	0	0	0	0	0	0	0	0	0	0	0	0	0	0	0	0	860	2198	0	0	1922	3640	2254	2286	994	3134	0	0	0	0	134	802	0	0	5186	0	4618	628	0	0	248	426	
