data	data	359080	171808	755112	780944	111416	70300	425432	234712	71324	21748	159660	151536	256744	136748	256408	96656	167880	90772	704492	772204	92688	121716	300400	217472	32368	67696	46720	88268	511084	292120	218768	295688	180584	445744	106296	132076	277964	250400	148916	203752	35448	62344	390808	372900	266276	283160	457096	387192	204628	356292	605276	343164	272480	127664	419884	425008	267548	182748	148912	150028	208364	151000	181560	79840	124348	170592	349036	424456	211448	140048	254804	348348	342736	333716	67840	50216	85984	198088	76936	29196	206324	140800	77092	49736	341472	241080	42720	27708	284608	184692	484420	501308	322776	304940	72692	84780	402776	340556	608648	600360	322164	195924	432788	314848	240884	229004	24612	50648	57144	124808	410868	384204	336000	218988	137592	91640	
data	data	Precentral_L	Precentral_R	Frontal_Sup_L	Frontal_Sup_R	Frontal_Sup_Orb_L	Frontal_Sup_Orb_R	Frontal_Mid_L	Frontal_Mid_R	Frontal_Mid_Orb_L	Frontal_Mid_Orb_R	Frontal_Inf_Oper_L	Frontal_Inf_Oper_R	Frontal_Inf_Tri_L	Frontal_Inf_Tri_R	Frontal_Inf_Orb_L	Frontal_Inf_Orb_R	Rolandic_Oper_L	Rolandic_Oper_R	Supp_Motor_Area_L	Supp_Motor_Area_R	Olfactory_L	Olfactory_R	Frontal_Sup_Medial_L	Frontal_Sup_Medial_R	Frontal_Med_Orb_L	Frontal_Med_Orb_R	Rectus_L	Rectus_R	Insula_L	Insula_R	Cingulum_Ant_L	Cingulum_Ant_R	Cingulum_Mid_L	Cingulum_Mid_R	Cingulum_Post_L	Cingulum_Post_R	Hippocampus_L	Hippocampus_R	ParaHippocampal_L	ParaHippocampal_R	Amygdala_L	Amygdala_R	Calcarine_L	Calcarine_R	Cuneus_L	Cuneus_R	Lingual_L	Lingual_R	Occipital_Sup_L	Occipital_Sup_R	Occipital_Mid_L	Occipital_Mid_R	Occipital_Inf_L	Occipital_Inf_R	Fusiform_L	Fusiform_R	Postcentral_L	Postcentral_R	Parietal_Sup_L	Parietal_Sup_R	Parietal_Inf_L	Parietal_Inf_R	SupraMarginal_L	SupraMarginal_R	Angular_L	Angular_R	Precuneus_L	Precuneus_R	Paracentral_Lobule_L	Paracentral_Lobule_R	Caudate_L	Caudate_R	Putamen_L	Putamen_R	Pallidum_L	Pallidum_R	Thalamus_L	Thalamus_R	Heschl_L	Heschl_R	Temporal_Sup_L	Temporal_Sup_R	Temporal_Pole_Sup_L	Temporal_Pole_Sup_R	Temporal_Mid_L	Temporal_Mid_R	Temporal_Pole_Mid_L	Temporal_Pole_Mid_R	Temporal_Inf_L	Temporal_Inf_R	Cerebelum_Crus1_L	Cerebelum_Crus1_R	Cerebelum_Crus2_L	Cerebelum_Crus2_R	Cerebelum_3_L	Cerebelum_3_R	Cerebelum_4_5_L	Cerebelum_4_5_R	Cerebelum_6_L	Cerebelum_6_R	Cerebelum_7b_L	Cerebelum_7b_R	Cerebelum_8_L	Cerebelum_8_R	Cerebelum_9_L	Cerebelum_9_R	Cerebelum_10_L	Cerebelum_10_R	Vermis_1_2	Vermis_3	Vermis_4_5	Vermis_6	Vermis_7	Vermis_8	Vermis_9	Vermis_10	
359080	Precentral_L	0	376	18470	200	0	0	18010	110	0	0	11398	0	1840	1128	0	0	7168	0	13534	4410	0	0	0	0	0	0	0	0	8004	1138	0	0	386	1958	586	112	7120	0	530	0	0	0	0	0	0	0	112	0	0	0	1224	0	124	0	288	0	27486	112	104	0	8042	0	7580	0	948	0	156	0	10050	504	1420	2896	4304	0	2958	98	6362	778	2650	0	3028	0	0	0	1422	0	0	0	416	0	0	0	0	0	0	0	0	0	0	0	0	0	0	0	0	0	0	0	0	0	0	0	0	0	0	0	
171808	Precentral_R	376	0	302	10652	0	0	0	8414	0	0	0	8060	0	402	0	0	0	1468	1686	13286	0	0	0	0	0	0	0	0	0	2638	0	0	0	474	0	208	0	1704	0	144	0	0	0	0	0	0	0	0	0	230	0	208	0	0	0	100	186	13174	0	574	0	1040	0	502	0	398	0	158	430	2064	0	4616	0	2964	0	1454	0	7600	0	0	0	0	0	0	0	220	0	0	0	172	0	0	0	0	0	0	0	0	0	0	0	0	0	0	0	0	0	0	0	0	0	0	0	0	0	0	
755112	Frontal_Sup_L	18470	302	0	2060	4424	0	62286	346	1902	0	12598	0	14788	308	10330	0	7448	0	77580	7058	614	0	36210	1420	504	0	608	0	31064	0	12238	2686	6260	2932	180	0	3678	0	308	0	94	0	0	0	0	0	0	0	0	0	152	0	0	0	596	0	2980	0	0	0	870	0	956	0	0	0	0	0	1582	0	9274	1118	29598	106	6714	0	1586	0	1294	0	1256	0	114	0	0	0	0	0	664	0	0	0	0	0	0	0	0	0	0	0	0	0	0	0	0	0	0	0	0	0	0	0	0	0	0	0	
780944	Frontal_Sup_R	200	10652	2060	0	0	3508	168	32670	0	790	0	11442	1982	7630	1960	1810	0	1228	26002	90764	382	1190	10988	29302	142	4406	0	2924	1584	9444	4146	24608	1738	18622	102	424	0	3230	0	338	0	178	0	0	0	0	0	0	0	0	0	168	0	0	0	176	0	1326	0	744	0	1394	0	214	0	492	0	196	3072	0	2728	23574	448	20422	0	3326	162	25126	0	0	0	0	0	0	0	148	0	0	0	142	0	0	0	0	0	0	0	0	0	0	0	0	0	0	0	0	0	0	0	0	0	0	0	0	0	0	
111416	Frontal_Sup_Orb_L	0	0	4424	0	0	0	910	0	10212	0	0	0	578	0	10650	0	0	0	0	0	2392	282	4686	0	4478	146	5338	104	1572	0	6078	0	0	0	0	0	0	0	0	0	0	0	0	0	0	0	0	0	0	0	0	0	0	0	0	0	0	0	0	0	0	0	0	0	0	0	0	0	0	0	1712	0	2146	0	0	0	0	0	0	0	0	0	0	0	0	0	0	0	0	0	0	0	0	0	0	0	0	0	0	0	0	0	0	0	0	0	0	0	0	0	0	0	0	0	0	0	
70300	Frontal_Sup_Orb_R	0	0	0	3508	0	0	0	1564	0	2148	0	0	0	668	0	3960	0	0	0	0	526	2902	188	2248	136	4874	96	6836	0	218	460	1212	0	0	0	0	0	0	0	0	0	0	0	0	0	0	0	0	0	0	0	0	0	0	0	0	0	0	0	0	0	0	0	0	0	0	0	0	0	0	448	2522	170	466	0	0	0	0	0	0	0	0	0	0	0	0	0	0	0	0	0	0	0	0	0	0	0	0	0	0	0	0	0	0	0	0	0	0	0	0	0	0	0	0	0	0	
425432	Frontal_Mid_L	18010	0	62286	168	910	0	0	0	2338	0	9998	0	22546	362	9844	0	1752	0	17148	110	0	0	12994	168	0	0	0	0	23078	324	3562	198	4470	188	0	0	2584	0	308	0	0	0	0	0	0	0	0	0	0	0	580	0	0	0	576	0	574	0	0	0	850	0	832	0	350	0	0	0	0	0	1134	576	6254	0	408	0	3760	118	1390	0	792	0	0	0	406	0	0	0	770	0	0	0	0	0	0	0	0	0	0	0	0	0	0	0	0	0	0	0	0	0	0	0	0	0	0	0	
234712	Frontal_Mid_R	110	8414	346	32670	0	1564	0	0	0	1382	0	10694	240	9102	232	2316	0	1960	5816	13728	0	108	818	5218	0	92	0	0	0	4638	164	1368	336	3958	0	0	0	472	0	0	0	0	0	0	0	0	0	0	0	0	0	0	0	0	0	0	92	262	0	146	0	238	0	0	0	94	0	0	0	0	470	3082	0	6714	0	0	0	512	0	0	0	0	0	0	0	0	0	0	0	0	0	0	0	0	0	0	0	0	0	0	0	0	0	0	0	0	0	0	0	0	0	0	0	0	0	0	
71324	Frontal_Mid_Orb_L	0	0	1902	0	10212	0	2338	0	0	0	0	0	1412	0	13648	0	0	0	0	0	494	0	192	0	282	0	996	0	1492	0	456	0	0	0	0	0	0	0	0	0	0	0	0	0	0	0	0	0	0	0	0	0	0	0	0	0	0	0	0	0	0	0	0	0	0	0	0	0	0	0	264	0	1974	0	0	0	0	0	0	0	0	0	0	0	0	0	0	0	0	0	0	0	0	0	0	0	0	0	0	0	0	0	0	0	0	0	0	0	0	0	0	0	0	0	0	0	
21748	Frontal_Mid_Orb_R	0	0	0	790	0	2148	0	1382	0	0	0	0	0	738	0	3906	0	0	0	0	100	324	0	0	0	0	0	242	0	178	0	0	0	0	0	0	0	0	0	0	0	0	0	0	0	0	0	0	0	0	0	0	0	0	0	0	0	0	0	0	0	0	0	0	0	0	0	0	0	0	128	406	0	532	0	0	0	0	0	0	0	0	0	0	0	0	0	0	0	0	0	0	0	0	0	0	0	0	0	0	0	0	0	0	0	0	0	0	0	0	0	0	0	0	0	0	
159660	Frontal_Inf_Oper_L	11398	0	12598	0	0	0	9998	0	0	0	0	0	7634	0	306	0	7522	0	10112	0	0	0	208	0	0	0	0	0	11180	0	0	0	0	0	0	0	880	0	0	0	0	0	0	0	0	0	0	0	0	0	160	0	0	0	280	0	2890	0	0	0	504	0	606	0	152	0	0	0	0	0	110	0	644	0	158	0	0	0	588	0	1104	0	294	0	114	0	0	0	390	0	0	0	0	0	0	0	0	0	0	0	0	0	0	0	0	0	0	0	0	0	0	0	0	0	0	0	
151536	Frontal_Inf_Oper_R	0	8060	0	11442	0	0	0	10694	0	0	0	0	0	7500	0	0	0	5888	2998	8244	0	0	0	0	0	0	0	0	0	11366	0	0	0	112	0	0	0	790	0	0	0	0	0	0	0	0	0	0	0	0	0	0	0	0	0	0	0	876	0	206	0	422	0	0	0	232	0	0	0	0	0	0	0	6260	0	108	0	220	0	0	0	126	0	116	0	108	0	0	0	0	0	0	0	0	0	0	0	0	0	0	0	0	0	0	0	0	0	0	0	0	0	0	0	0	0	0	
256744	Frontal_Inf_Tri_L	1840	0	14788	1982	578	0	22546	240	1412	0	7634	0	0	708	24806	0	1060	0	8276	2056	440	118	480	0	0	0	96	0	23004	378	1302	1604	286	892	0	0	152	0	0	0	138	0	0	0	0	0	0	0	0	0	0	0	0	0	0	0	166	0	0	0	0	0	0	0	0	0	0	0	0	0	6390	680	3946	0	0	0	0	0	118	0	0	0	256	0	0	0	0	0	0	0	0	0	0	0	0	0	0	0	0	0	0	0	0	0	0	0	0	0	0	0	0	0	0	0	0	0	
136748	Frontal_Inf_Tri_R	1128	402	308	7630	0	668	362	9102	0	738	0	7500	708	0	698	1424	0	1214	2840	6874	0	0	154	0	0	0	0	0	586	11986	364	1024	0	242	0	0	0	0	0	0	0	0	0	0	0	0	0	0	0	0	0	0	0	0	0	0	0	0	0	0	0	0	0	0	0	0	0	0	0	0	2278	6446	262	3328	0	0	0	108	0	0	0	0	0	0	0	0	0	0	0	0	0	0	0	0	0	0	0	0	0	0	0	0	0	0	0	0	0	0	0	0	0	0	0	0	0	0	
256408	Frontal_Inf_Orb_L	0	0	10330	1960	10650	0	9844	232	13648	0	306	0	24806	698	0	0	0	0	6230	2036	3012	412	308	0	0	0	1322	0	19144	376	1786	1676	224	922	0	0	420	0	0	0	196	0	0	0	0	0	0	0	0	0	0	0	0	0	0	0	0	0	0	0	0	0	0	0	0	0	0	0	0	0	7636	700	8520	0	0	0	0	0	0	0	114	0	564	0	0	0	0	0	132	0	0	0	0	0	0	0	0	0	0	0	0	0	0	0	0	0	0	0	0	0	0	0	0	0	0	0	
96656	Frontal_Inf_Orb_R	0	0	0	1810	0	3960	0	2316	0	3906	0	0	0	1424	0	0	0	432	506	748	606	3740	0	194	0	106	0	2168	0	7550	284	830	0	0	0	0	0	930	0	602	0	804	0	0	0	0	0	0	0	0	0	0	0	0	0	402	0	0	0	0	0	0	0	0	0	0	0	0	0	0	764	3768	268	7556	0	842	0	0	0	0	0	180	0	1488	0	144	0	0	0	0	0	0	0	0	0	0	0	0	0	0	0	0	0	0	0	0	0	0	0	0	0	0	0	0	0	0	
167880	Rolandic_Oper_L	7168	0	7448	0	0	0	1752	0	0	0	7522	0	1060	0	0	0	0	0	6502	0	0	0	0	0	0	0	0	0	15970	0	0	0	0	0	0	0	2402	0	0	0	0	0	0	0	0	0	0	0	0	0	1830	0	130	0	188	0	6540	0	128	0	1062	0	3790	0	882	0	0	0	0	0	118	0	770	0	222	0	110	0	4722	0	9684	0	1070	0	2192	0	0	0	678	0	0	0	0	0	0	0	0	0	0	0	0	0	0	0	0	0	0	0	0	0	0	0	0	0	0	0	
90772	Rolandic_Oper_R	0	1468	0	1228	0	0	0	1960	0	0	0	5888	0	1214	0	432	0	0	334	808	0	0	0	0	0	0	0	0	0	12046	0	0	0	0	0	0	0	1088	0	0	0	0	0	0	0	0	0	0	0	0	0	98	0	0	0	0	0	2060	0	276	0	1118	0	2234	0	662	0	0	0	0	0	0	0	3636	0	956	0	0	0	2852	0	3802	0	822	0	260	0	0	0	144	0	0	0	0	0	0	0	0	0	0	0	0	0	0	0	0	0	0	0	0	0	0	0	0	0	0	
704492	Supp_Motor_Area_L	13534	1686	77580	26002	0	0	17148	5816	0	0	10112	2998	8276	2840	6230	506	6502	334	0	44778	0	0	11162	2002	0	0	0	0	21590	3122	5222	3994	9664	16426	1348	118	988	118	0	0	0	0	0	0	0	0	0	0	0	0	0	0	0	0	194	0	2412	110	0	0	630	0	790	0	0	0	338	0	11912	136	7364	4162	13414	4218	3268	0	538	558	922	0	1004	0	0	0	0	0	0	0	180	0	0	0	0	0	0	0	0	0	0	0	0	0	0	0	0	0	0	0	0	0	0	0	0	0	0	0	
772204	Supp_Motor_Area_R	4410	13286	7058	90764	0	0	110	13728	0	0	0	8244	2056	6874	2036	748	0	808	44778	0	0	256	1606	3630	0	0	0	0	1612	8320	632	8214	5674	36858	1726	3258	0	2488	0	262	0	0	0	288	0	362	0	0	0	612	144	660	0	200	0	200	876	6584	0	1392	118	2468	0	590	0	990	308	2206	15574	14328	2334	26816	238	14876	136	2726	0	20264	0	102	0	190	0	0	108	498	0	0	0	478	0	0	0	0	0	0	0	0	0	0	0	0	0	0	0	0	0	0	0	0	0	0	0	0	0	0	
92688	Olfactory_L	0	0	614	382	2392	526	0	0	494	100	0	0	440	0	3012	606	0	0	0	0	0	6280	180	296	100	318	2260	1928	3130	0	2474	2414	0	0	0	0	230	0	100	0	118	0	0	0	0	0	0	0	0	0	0	0	0	0	120	0	0	0	0	0	0	0	0	0	0	0	0	0	0	0	7890	3188	5218	1164	0	0	0	102	0	0	0	0	158	0	0	0	0	0	110	0	0	0	0	0	0	0	0	0	0	0	0	0	0	0	0	0	0	0	0	0	0	0	0	0	0	0	
121716	Olfactory_R	0	0	0	1190	282	2902	0	108	0	324	0	0	118	0	412	3740	0	0	0	256	6280	0	0	830	0	826	964	5310	266	2104	1974	3230	0	0	0	0	0	0	0	0	112	444	0	0	0	0	0	0	0	0	0	0	0	0	0	0	0	0	0	0	0	0	0	0	0	0	0	0	0	0	9172	9780	5336	4268	0	122	0	288	0	0	0	0	0	220	0	0	0	0	0	0	0	0	0	0	0	0	0	0	0	0	0	0	0	0	0	0	0	0	0	0	0	0	0	0	0	0	
300400	Frontal_Sup_Medial_L	0	0	36210	10988	4686	188	12994	818	192	0	208	0	480	154	308	0	0	0	11162	1606	180	0	0	15744	3084	1890	664	368	2876	0	16886	13522	4382	7386	0	0	0	0	0	0	0	0	0	0	0	0	0	0	0	0	0	0	0	0	0	0	0	0	0	0	0	0	0	0	0	0	0	0	0	0	492	170	2430	132	0	0	0	0	0	0	0	0	0	0	0	0	0	0	0	0	0	0	0	0	0	0	0	0	0	0	0	0	0	0	0	0	0	0	0	0	0	0	0	0	0	0	
217472	Frontal_Sup_Medial_R	0	0	1420	29302	0	2248	168	5218	0	0	0	0	0	0	0	194	0	0	2002	3630	296	830	15744	0	306	6554	0	2544	0	156	5628	18220	540	7846	0	0	0	0	0	0	0	148	0	0	0	0	0	0	0	0	0	0	0	0	0	0	0	0	0	0	0	0	0	0	0	0	0	0	0	0	416	2422	372	2360	0	172	0	0	0	0	0	0	0	0	0	0	0	0	0	0	0	0	0	0	0	0	0	0	0	0	0	0	0	0	0	0	0	0	0	0	0	0	0	0	0	0	
32368	Frontal_Med_Orb_L	0	0	504	142	4478	136	0	0	282	0	0	0	0	0	0	0	0	0	0	0	100	0	3084	306	0	1256	1548	306	0	0	3760	156	0	0	0	0	0	0	0	0	0	0	0	0	0	0	0	0	0	0	0	0	0	0	0	0	0	0	0	0	0	0	0	0	0	0	0	0	0	0	126	0	0	0	0	0	0	0	0	0	0	0	0	0	0	0	0	0	0	0	0	0	0	0	0	0	0	0	0	0	0	0	0	0	0	0	0	0	0	0	0	0	0	0	0	0	
67696	Frontal_Med_Orb_R	0	0	0	4406	146	4874	0	92	0	0	0	0	0	0	0	106	0	0	0	0	318	826	1890	6554	1256	0	106	5536	0	0	2200	3670	0	0	0	0	0	0	0	0	0	0	0	0	0	0	0	0	0	0	0	0	0	0	0	0	0	0	0	0	0	0	0	0	0	0	0	0	0	0	420	764	372	312	0	0	0	0	0	0	0	0	0	0	0	0	0	0	0	0	0	0	0	0	0	0	0	0	0	0	0	0	0	0	0	0	0	0	0	0	0	0	0	0	0	0	
46720	Rectus_L	0	0	608	0	5338	96	0	0	996	0	0	0	96	0	1322	0	0	0	0	0	2260	964	664	0	1548	106	0	994	294	0	3492	1206	0	0	0	0	0	0	0	0	0	0	0	0	0	0	0	0	0	0	0	0	0	0	0	0	0	0	0	0	0	0	0	0	0	0	0	0	0	0	2264	176	936	0	0	0	0	0	0	0	0	0	0	0	0	0	0	0	0	0	0	0	0	0	0	0	0	0	0	0	0	0	0	0	0	0	0	0	0	0	0	0	0	0	0	0	
88268	Rectus_R	0	0	0	2924	104	6836	0	0	0	242	0	0	0	0	0	2168	0	0	0	0	1928	5310	368	2544	306	5536	994	0	0	204	2402	4588	0	0	0	0	0	0	0	0	0	0	0	0	0	0	0	0	0	0	0	0	0	0	0	0	0	0	0	0	0	0	0	0	0	0	0	0	0	0	1802	3800	1084	994	0	0	0	0	0	0	0	0	0	0	0	0	0	0	0	0	0	0	0	0	0	0	0	0	0	0	0	0	0	0	0	0	0	0	0	0	0	0	0	0	0	0	
511084	Insula_L	8004	0	31064	1584	1572	0	23078	0	1492	0	11180	0	23004	586	19144	0	15970	0	21590	1612	3130	266	2876	0	0	0	294	0	0	456	1768	1992	702	958	0	0	16882	0	1634	0	1464	0	0	0	0	0	0	0	0	0	704	0	0	0	4816	0	4894	0	0	0	1048	0	3362	0	548	0	0	0	0	0	6238	216	16110	0	0	0	1256	0	7642	0	7634	0	1668	0	1838	0	112	0	5154	0	0	0	0	0	0	0	0	0	0	0	0	0	0	0	0	0	0	0	0	0	0	0	0	0	0	0	
292120	Insula_R	1138	2638	0	9444	0	218	324	4638	0	178	0	11366	378	11986	376	7550	0	12046	3122	8320	0	2104	0	156	0	0	0	204	456	0	278	1004	0	310	0	0	0	9112	0	2220	0	1520	0	0	0	0	0	0	0	92	0	206	0	358	0	3606	0	2014	0	174	0	468	0	210	0	558	0	0	0	116	1808	4002	244	26004	0	418	0	292	0	3572	0	5760	0	2114	0	764	0	0	0	2194	0	0	0	0	0	0	0	0	0	0	0	0	0	0	0	0	0	0	0	0	0	0	0	0	0	0	
218768	Cingulum_Ant_L	0	0	12238	4146	6078	460	3562	164	456	0	0	0	1302	364	1786	284	0	0	5222	632	2474	1974	16886	5628	3760	2200	3492	2402	1768	278	0	16504	3186	3102	0	0	0	0	0	0	0	0	0	0	0	0	0	0	0	0	0	0	0	0	0	0	0	0	0	0	0	0	0	0	0	0	0	0	0	0	4042	950	3614	430	0	0	0	0	0	0	0	0	0	0	0	0	0	0	0	0	0	0	0	0	0	0	0	0	0	0	0	0	0	0	0	0	0	0	0	0	0	0	0	0	0	0	
295688	Cingulum_Ant_R	0	0	2686	24608	0	1212	198	1368	0	0	0	0	1604	1024	1676	830	0	0	3994	8214	2414	3230	13522	18220	156	3670	1206	4588	1992	1004	16504	0	1668	13394	0	0	0	0	0	0	96	416	0	0	0	0	0	0	0	0	0	0	0	0	0	0	0	0	0	0	0	0	0	0	0	0	0	0	0	0	4934	5430	3132	4520	0	334	0	0	0	0	0	0	0	0	0	0	0	0	0	0	0	0	0	0	0	0	0	0	0	0	0	0	0	0	0	0	0	0	0	0	0	0	0	0	0	0	
180584	Cingulum_Mid_L	386	0	6260	1738	0	0	4470	336	0	0	0	0	286	0	224	0	0	0	9664	5674	0	0	4382	540	0	0	0	0	702	0	3186	1668	0	14456	3832	1936	0	0	0	0	0	0	356	470	426	900	0	0	1276	622	1868	306	200	0	0	0	618	0	2170	118	540	0	0	0	208	0	7634	3418	8508	720	194	0	0	0	0	0	0	0	0	0	0	0	0	0	0	0	0	0	0	0	0	0	0	0	0	0	0	0	0	0	0	0	0	0	0	0	0	0	0	0	0	0	0	0	0	0	
445744	Cingulum_Mid_R	1958	474	2932	18622	0	0	188	3958	0	0	0	112	892	242	922	0	0	0	16426	36858	0	0	7386	7846	0	0	0	0	958	310	3102	13394	14456	0	3726	10758	0	0	0	0	0	0	0	3078	506	5364	0	946	130	5702	368	3050	0	388	0	100	786	6064	216	1880	0	350	0	314	0	660	2766	17170	10170	14840	848	0	0	156	0	0	0	0	0	0	0	108	0	0	172	642	0	0	0	578	0	0	0	0	0	0	0	0	0	0	0	0	0	0	0	0	0	0	0	0	0	0	0	0	0	0	
106296	Cingulum_Post_L	586	0	180	102	0	0	0	0	0	0	0	0	0	0	0	0	0	0	1348	1726	0	0	0	0	0	0	0	0	0	0	0	0	3832	3726	0	8638	2440	1104	1346	276	0	0	2312	0	1538	0	672	144	198	0	2030	0	598	92	466	0	1730	488	422	0	0	0	0	0	0	0	7438	1944	3600	1644	0	0	0	0	0	0	162	654	0	0	0	0	0	0	1034	0	0	0	316	362	0	0	0	0	0	0	0	0	0	0	0	0	0	0	0	0	0	0	0	0	0	0	0	0	0	0	
132076	Cingulum_Post_R	112	208	0	424	0	0	0	0	0	0	0	0	0	0	0	0	0	0	118	3258	0	0	0	0	0	0	0	0	0	0	0	0	1936	10758	8638	0	1694	1222	734	260	0	0	0	1888	900	1606	0	1056	0	1430	182	1248	0	682	274	334	248	2636	0	502	0	0	0	0	0	0	1732	14952	572	3670	0	0	0	0	0	0	0	602	0	0	0	0	0	0	102	506	0	0	0	1554	0	0	0	0	0	0	0	0	0	0	0	0	0	0	0	0	0	0	0	0	0	0	0	0	0	0	
277964	Hippocampus_L	7120	0	3678	0	0	0	2584	0	0	0	880	0	152	0	420	0	2402	0	988	0	230	0	0	0	0	0	0	0	16882	0	0	0	0	0	2440	1694	0	1440	16058	600	6890	0	1460	0	0	0	3624	274	0	0	1542	0	552	0	15374	0	2084	0	0	0	272	0	2264	0	0	0	1610	266	308	0	192	382	11190	0	2428	0	7204	1710	2758	0	2796	0	1186	0	1976	0	486	0	11516	0	118	130	0	0	0	0	262	264	166	130	0	0	0	0	0	0	0	0	0	0	0	0	0	0	0	0	
250400	Hippocampus_R	0	1704	0	3230	0	0	0	472	0	0	0	790	0	0	0	930	0	1088	118	2488	0	0	0	0	0	0	0	0	0	9112	0	0	0	0	1104	1222	1440	0	896	26890	0	9650	0	478	0	0	0	4766	0	218	0	410	0	1208	388	24240	0	932	0	0	0	252	0	0	0	144	198	854	0	0	0	0	0	11068	0	1036	378	5260	0	874	0	2188	0	580	0	378	0	0	0	3356	0	1028	0	0	0	128	0	1858	0	1072	0	0	0	220	0	268	0	0	0	0	92	94	0	100	0	0	
148916	ParaHippocampal_L	530	0	308	0	0	0	308	0	0	0	0	0	0	0	0	0	0	0	0	0	100	0	0	0	0	0	0	0	1634	0	0	0	0	0	1346	734	16058	896	0	540	2546	0	3176	0	168	0	10788	258	0	0	5398	0	3118	0	10300	0	0	0	0	0	0	0	0	0	0	0	3018	174	0	0	0	0	1304	0	0	0	2410	1176	0	0	136	0	446	0	1574	0	104	0	3446	0	334	122	0	0	176	0	854	254	602	122	0	0	0	0	0	0	0	0	0	0	0	0	0	0	0	0	
203752	ParaHippocampal_R	0	144	0	338	0	0	0	0	0	0	0	0	0	0	0	602	0	0	0	262	0	0	0	0	0	0	0	0	0	2220	0	0	0	0	276	260	600	26890	540	0	0	8366	0	612	0	0	98	9134	0	304	0	690	0	1238	212	24578	0	0	0	0	0	0	0	0	0	0	0	682	0	0	0	0	0	3402	0	818	244	2720	0	0	0	506	0	1088	0	0	0	472	0	1228	0	1792	0	188	0	288	114	4554	0	2912	0	0	118	620	0	786	0	168	0	0	394	446	370	378	224	0	
35448	Amygdala_L	0	0	94	0	0	0	0	0	0	0	0	0	138	0	196	0	0	0	0	0	118	112	0	0	0	0	0	0	1464	0	0	96	0	0	0	0	6890	0	2546	0	0	0	0	0	0	0	0	0	0	0	0	0	0	0	2014	0	0	0	0	0	0	0	0	0	0	0	0	0	0	0	314	116	1364	0	136	0	156	0	0	0	0	0	532	0	192	0	114	0	1132	0	0	0	0	0	0	0	0	0	0	0	0	0	0	0	0	0	0	0	0	0	0	0	0	0	0	0	
62344	Amygdala_R	0	0	0	178	0	0	0	0	0	0	0	0	0	0	0	804	0	0	0	0	0	444	0	148	0	0	0	0	0	1520	0	416	0	0	0	0	0	9650	0	8366	0	0	0	0	0	0	0	0	0	0	0	0	0	0	0	5180	0	0	0	0	0	0	0	0	0	0	0	0	0	0	292	742	260	1502	0	0	0	0	0	0	0	0	0	1012	0	0	0	126	0	106	0	0	0	0	0	0	0	0	0	0	0	0	0	192	0	234	0	0	0	0	0	0	0	0	0	0	
390808	Calcarine_L	0	0	0	0	0	0	0	0	0	0	0	0	0	0	0	0	0	0	0	0	0	0	0	0	0	0	0	0	0	0	0	0	356	0	2312	0	1460	0	3176	0	0	0	0	7184	24022	4200	21472	3876	13694	1214	37500	762	11960	408	4666	1792	1962	0	890	0	324	0	0	0	288	0	19716	752	1566	0	0	0	0	0	0	0	194	0	0	0	150	0	0	0	2044	0	0	0	1930	0	468	1604	0	0	328	152	3770	3938	1232	3636	0	0	0	0	356	246	0	0	238	576	7400	400	232	202	216	540	
372900	Calcarine_R	0	0	0	0	0	0	0	0	0	0	0	0	0	0	0	0	0	0	0	288	0	0	0	0	0	0	0	0	0	0	0	0	470	3078	0	1888	0	478	0	612	0	0	7184	0	6434	26384	2988	21574	1184	28518	630	22986	0	7738	0	8376	0	1036	0	1160	0	256	0	0	0	332	1808	25842	0	1200	0	0	0	0	0	0	0	0	0	0	0	210	0	0	0	7052	0	0	0	5168	0	0	0	0	0	0	92	116	148	380	0	0	0	0	0	0	0	0	0	0	510	330	0	0	0	0	
266276	Cuneus_L	0	0	0	0	0	0	0	0	0	0	0	0	0	0	0	0	0	0	0	0	0	0	0	0	0	0	0	0	0	0	0	0	426	506	1538	900	0	0	168	0	0	0	24022	6434	0	9520	2536	860	22280	2554	19380	1220	4916	128	282	0	2242	160	3998	0	676	0	0	0	302	0	16808	5818	1962	174	0	0	0	0	0	0	0	0	0	0	166	0	0	0	1828	182	0	0	774	378	0	0	0	0	0	0	0	0	0	0	0	0	0	0	0	0	0	0	0	0	0	0	0	0	0	0	
283160	Cuneus_R	0	0	0	0	0	0	0	0	0	0	0	0	0	0	0	0	0	0	0	362	0	0	0	0	0	0	0	0	0	0	0	0	900	5364	0	1606	0	0	0	0	0	0	4200	26384	9520	0	952	3580	1490	31634	678	13340	0	1504	0	1412	0	448	168	4518	0	0	0	0	0	560	4260	22676	0	618	0	0	0	0	0	0	0	0	0	0	0	104	0	0	0	2508	0	0	0	2794	0	0	0	0	0	0	0	0	0	0	0	0	0	0	0	0	0	0	0	0	0	0	0	0	0	0	
457096	Lingual_L	112	0	0	0	0	0	0	0	0	0	0	0	0	0	0	0	0	0	0	0	0	0	0	0	0	0	0	0	0	0	0	0	0	0	672	0	3624	0	10788	98	0	0	21472	2988	2536	952	0	5830	3066	236	25540	152	18020	246	21526	2268	118	0	0	0	0	0	0	0	0	0	5738	184	144	0	0	0	134	0	0	0	444	0	0	0	0	0	0	0	1280	0	0	0	2038	0	5320	2530	1696	546	2592	304	24076	4872	22452	6078	0	134	176	0	812	642	0	0	534	1404	15230	5282	1680	548	568	866	
387192	Lingual_R	0	0	0	0	0	0	0	0	0	0	0	0	0	0	0	0	0	0	0	0	0	0	0	0	0	0	0	0	0	0	0	0	0	946	144	1056	274	4766	258	9134	0	0	3876	21574	860	3580	5830	0	184	8142	600	10618	690	6420	1178	26190	0	340	0	114	0	122	0	0	0	132	440	10944	0	754	0	0	0	0	0	0	0	634	0	0	0	0	0	0	0	424	0	0	0	1956	2312	6926	544	344	114	260	3850	12328	4408	15008	268	144	164	0	0	0	0	0	0	94	14842	8736	1074	0	0	0	
204628	Occipital_Sup_L	0	0	0	0	0	0	0	0	0	0	0	0	0	0	0	0	0	0	0	0	0	0	0	0	0	0	0	0	0	0	0	0	1276	130	198	0	0	0	0	0	0	0	13694	1184	22280	1490	3066	184	0	206	31346	156	1386	0	170	0	776	0	9258	0	1712	0	0	0	466	0	10694	1062	402	0	0	0	0	0	0	0	0	0	0	0	120	0	0	0	726	0	0	0	332	0	0	0	0	0	0	0	0	0	0	0	0	0	0	0	0	0	0	0	0	0	0	0	0	0	0	0	
356292	Occipital_Sup_R	0	230	0	0	0	0	0	0	0	0	0	0	0	0	0	0	0	0	0	612	0	0	0	0	0	0	0	0	0	92	0	0	622	5702	0	1430	0	218	0	304	0	0	1214	28518	2554	31634	236	8142	206	0	172	37184	0	3060	0	4648	0	1152	0	7972	0	436	0	154	0	4124	2212	22984	122	1086	0	0	0	0	0	0	0	0	0	0	0	844	0	0	0	5848	0	0	0	3934	0	0	0	0	0	0	0	0	0	308	0	0	0	0	0	0	0	0	0	0	0	192	0	0	0	0	
605276	Occipital_Mid_L	1224	0	152	0	0	0	580	0	0	0	160	0	0	0	0	0	1830	0	0	144	0	0	0	0	0	0	0	0	704	0	0	0	1868	368	2030	182	1542	0	5398	0	0	0	37500	630	19380	678	25540	600	31346	172	0	138	32170	0	10458	0	5140	94	10194	0	14698	0	2592	0	17514	0	19674	1304	2920	220	0	0	0	0	0	0	180	0	3400	0	5124	0	0	0	27396	0	0	0	8154	0	1158	0	116	0	0	0	2446	184	3796	176	0	0	0	0	0	0	0	0	0	0	1110	254	0	0	0	0	
343164	Occipital_Mid_R	0	208	0	168	0	0	0	0	0	0	0	0	0	0	0	0	0	98	0	660	0	0	0	0	0	0	0	0	0	206	0	0	306	3050	0	1248	0	410	0	690	0	0	762	22986	1220	13340	152	10618	156	37184	138	0	0	7614	0	7702	0	1572	0	4510	0	2488	0	324	0	12048	626	14654	0	1568	0	0	0	0	0	0	0	0	0	122	0	3284	0	0	0	15936	0	0	0	4894	0	0	0	0	0	0	0	124	0	272	0	0	0	0	0	0	0	0	0	0	142	102	0	0	0	0	
272480	Occipital_Inf_L	124	0	0	0	0	0	0	0	0	0	0	0	0	0	0	0	130	0	0	0	0	0	0	0	0	0	0	0	0	0	0	0	200	0	598	0	552	0	3118	0	0	0	11960	0	4916	0	18020	690	1386	0	32170	0	0	0	16758	114	912	0	394	0	302	0	206	0	238	0	6672	132	1024	0	0	0	0	0	0	0	0	0	480	0	512	0	0	0	7284	0	0	0	7090	0	2768	100	282	0	0	0	5380	214	9436	226	0	0	0	0	0	0	0	0	0	0	1442	410	0	0	0	0	
127664	Occipital_Inf_R	0	0	0	0	0	0	0	0	0	0	0	0	0	0	0	0	0	0	0	200	0	0	0	0	0	0	0	0	0	358	0	0	0	388	92	682	0	1208	0	1238	0	0	408	7738	128	1504	246	6420	0	3060	0	7614	0	0	0	12502	0	374	0	0	0	0	0	0	0	0	0	3916	0	376	0	0	0	0	0	0	0	0	0	130	0	134	0	0	0	1632	0	0	0	7730	0	100	0	0	0	0	116	1852	0	2324	0	0	0	0	0	0	0	0	0	0	1208	154	0	0	0	0	
419884	Fusiform_L	288	0	596	0	0	0	576	0	0	0	280	0	0	0	0	0	188	0	194	0	120	0	0	0	0	0	0	0	4816	0	0	0	0	0	466	274	15374	388	10300	212	2014	0	4666	0	282	0	21526	1178	170	0	10458	0	16758	0	0	202	0	0	0	0	0	0	132	0	0	0	1494	96	0	0	0	0	2690	0	0	0	778	418	226	0	1556	0	2038	0	4248	0	1344	0	19130	0	17580	348	596	0	818	0	22276	570	36342	696	0	0	92	0	208	116	0	0	134	280	3056	904	226	92	0	132	
425008	Fusiform_R	0	100	0	176	0	0	0	0	0	0	0	0	0	0	0	402	0	0	0	200	0	0	0	0	0	0	0	0	0	3606	0	0	0	100	0	334	0	24240	0	24578	0	5180	1792	8376	0	1412	2268	26190	0	4648	0	7702	114	12502	202	0	0	148	0	0	0	0	0	0	0	0	0	4266	0	0	0	0	0	3128	0	608	0	530	0	248	0	1046	0	4570	0	1646	0	3142	0	15290	616	6834	196	344	0	170	1466	13272	1020	17202	0	172	0	126	0	160	0	126	0	92	7480	2880	976	354	274	0	
267548	Postcentral_L	27486	186	2980	0	0	0	574	92	0	0	2890	0	166	0	0	0	6540	0	2412	876	0	0	0	0	0	0	0	0	4894	0	0	0	618	786	1730	248	2084	0	0	0	0	0	1962	0	2242	0	118	0	776	0	5140	0	912	0	0	0	0	190	7684	0	16918	0	16940	0	1648	0	4224	206	6284	642	338	146	1160	0	616	0	198	0	2532	0	5956	0	0	0	1886	0	0	0	494	0	0	0	0	0	0	0	0	0	0	0	0	0	0	0	0	0	0	0	0	0	0	0	0	0	0	0	
182748	Postcentral_R	112	13174	0	1326	0	0	0	262	0	0	0	876	0	0	0	0	0	2060	110	6584	0	0	0	0	0	0	0	0	0	2014	0	0	0	6064	488	2636	0	932	0	0	0	0	0	1036	160	448	0	340	0	1152	94	1572	0	374	0	148	190	0	0	8754	0	6166	0	7386	0	1670	442	6230	1306	9624	0	554	0	2310	0	1606	0	762	0	150	0	884	0	0	0	812	0	0	0	566	0	0	0	0	0	0	0	0	0	0	0	0	0	0	0	0	0	0	0	0	0	0	0	0	0	0	
148912	Parietal_Sup_L	104	0	0	0	0	0	0	0	0	0	0	0	0	0	0	0	128	0	0	0	0	0	0	0	0	0	0	0	0	0	0	0	2170	216	422	0	0	0	0	0	0	0	890	0	3998	168	0	0	9258	0	10194	0	394	0	0	0	7684	0	0	0	12078	0	0	0	2792	0	19812	2156	1582	0	0	0	0	0	0	0	0	0	0	0	196	0	0	0	214	0	0	0	0	0	0	0	0	0	0	0	0	0	0	0	0	0	0	0	0	0	0	0	0	0	0	0	0	0	0	0	
150028	Parietal_Sup_R	0	574	0	744	0	0	0	146	0	0	0	206	0	0	0	0	0	276	0	1392	0	0	0	0	0	0	0	0	0	174	0	0	118	1880	0	502	0	0	0	0	0	0	0	1160	0	4518	0	114	0	7972	0	4510	0	0	0	0	0	8754	0	0	0	14222	0	3590	0	7004	3170	12208	0	250	0	0	0	0	0	0	0	0	0	164	0	524	0	0	0	746	0	0	0	96	0	0	0	0	0	0	0	0	0	0	0	0	0	0	0	0	0	0	0	0	0	0	0	0	0	0	
208364	Parietal_Inf_L	8042	0	870	0	0	0	850	0	0	0	504	0	0	0	0	0	1062	0	630	118	0	0	0	0	0	0	0	0	1048	0	0	0	540	0	0	0	272	0	0	0	0	0	324	0	676	0	0	0	1712	0	14698	0	302	0	0	0	16918	0	12078	0	0	0	17492	0	14918	0	3522	224	794	0	0	0	0	0	0	0	0	0	176	0	1152	0	0	0	4498	0	0	0	762	0	0	0	0	0	0	0	0	0	0	0	0	0	0	0	0	0	0	0	0	0	0	0	0	0	0	0	
151000	Parietal_Inf_R	0	1040	0	1394	0	0	0	238	0	0	0	422	0	0	0	0	0	1118	0	2468	0	0	0	0	0	0	0	0	0	468	0	0	0	350	0	0	0	252	0	0	0	0	0	256	0	0	0	122	0	436	0	2488	0	0	0	0	0	6166	0	14222	0	0	0	10598	0	18266	0	322	0	498	0	0	0	352	0	0	0	146	0	500	0	4742	0	0	0	7766	0	0	0	870	0	0	0	0	0	0	0	0	0	0	0	0	0	0	0	0	0	0	0	0	0	0	0	0	0	0	
181560	SupraMarginal_L	7580	0	956	0	0	0	832	0	0	0	606	0	0	0	0	0	3790	0	790	0	0	0	0	0	0	0	0	0	3362	0	0	0	0	0	0	0	2264	0	0	0	0	0	0	0	0	0	0	0	0	0	2592	0	206	0	132	0	16940	0	0	0	17492	0	0	0	5912	0	0	0	0	0	0	0	1264	0	328	0	238	0	864	0	10882	0	0	0	11866	0	0	0	1884	0	0	0	0	0	0	0	0	0	0	0	0	0	0	0	0	0	0	0	0	0	0	0	0	0	0	0	
79840	SupraMarginal_R	0	502	0	214	0	0	0	0	0	0	0	0	0	0	0	0	0	2234	0	590	0	0	0	0	0	0	0	0	0	210	0	0	0	314	0	0	0	0	0	0	0	0	0	0	0	0	0	0	0	154	0	324	0	0	0	0	0	7386	0	3590	0	10598	0	0	0	4886	0	0	0	434	0	0	0	0	0	0	0	0	0	276	0	5434	0	0	0	2484	0	0	0	290	0	0	0	0	0	0	0	0	0	0	0	0	0	0	0	0	0	0	0	0	0	0	0	0	0	0	
124348	Angular_L	948	0	0	0	0	0	350	0	0	0	152	0	0	0	0	0	882	0	0	0	0	0	0	0	0	0	0	0	548	0	0	0	208	0	0	0	0	0	0	0	0	0	288	0	302	0	0	0	466	0	17514	0	238	0	0	0	1648	0	2792	0	14918	0	5912	0	0	0	982	0	542	0	0	0	0	0	0	0	0	0	168	0	2914	0	0	0	9472	0	0	0	930	0	0	0	0	0	0	0	0	0	0	0	0	0	0	0	0	0	0	0	0	0	0	0	0	0	0	0	
170592	Angular_R	0	398	0	492	0	0	0	94	0	0	0	232	0	0	0	0	0	662	0	990	0	0	0	0	0	0	0	0	0	558	0	0	0	660	0	0	0	144	0	0	0	0	0	332	0	560	0	132	0	4124	0	12048	0	0	0	0	0	1670	0	7004	0	18266	0	4886	0	0	134	1000	0	432	0	0	0	156	0	0	0	0	0	538	0	11694	0	0	0	17018	0	0	0	1072	0	0	0	0	0	0	0	0	0	0	0	0	0	0	0	0	0	0	0	0	0	0	0	0	0	0	
349036	Precuneus_L	156	0	0	0	0	0	0	0	0	0	0	0	0	0	0	0	0	0	338	308	0	0	0	0	0	0	0	0	0	0	0	0	7634	2766	7438	1732	1610	198	3018	0	0	0	19716	1808	16808	4260	5738	440	10694	2212	19674	626	6672	0	1494	0	4224	442	19812	3170	3522	0	0	0	982	134	0	16780	4840	528	0	0	0	0	0	0	192	92	0	0	270	0	0	0	2266	0	0	0	1444	0	0	0	0	0	0	0	176	126	0	0	0	0	0	0	0	0	0	0	0	0	178	0	0	0	0	0	
424456	Precuneus_R	0	158	0	196	0	0	0	0	0	0	0	0	0	0	0	0	0	0	0	2206	0	0	0	0	0	0	0	0	0	0	0	0	3418	17170	1944	14952	266	854	174	682	0	0	752	25842	5818	22676	184	10944	1062	22984	1304	14654	132	3916	96	4266	206	6230	2156	12208	224	322	0	0	0	1000	16780	0	734	5492	0	0	0	0	0	0	0	292	0	0	0	106	0	0	0	4450	0	0	0	4870	0	0	0	0	0	0	0	190	0	116	0	0	0	0	0	0	0	0	0	0	202	0	0	0	0	0	
211448	Paracentral_Lobule_L	10050	430	1582	3072	0	0	0	0	0	0	0	0	0	0	0	0	0	0	11912	15574	0	0	0	0	0	0	0	0	0	0	0	0	8508	10170	3600	572	308	0	0	0	0	0	1566	0	1962	0	144	0	402	122	2920	0	1024	0	0	0	6284	1306	1582	0	794	0	0	0	542	0	4840	734	0	4918	770	2722	358	0	1306	0	1636	2442	0	0	234	0	0	0	954	0	0	0	384	0	0	0	0	0	0	0	0	0	0	0	0	0	0	0	0	0	0	0	0	0	0	0	0	0	0	0	
140048	Paracentral_Lobule_R	504	2064	0	0	0	0	0	0	0	0	0	0	0	0	0	0	0	0	136	14328	0	0	0	0	0	0	0	0	0	116	0	0	720	14840	1644	3670	0	0	0	0	0	0	0	1200	174	618	0	754	0	1086	220	1568	0	376	0	0	642	9624	0	250	0	498	0	434	0	432	528	5492	4918	0	0	438	0	0	0	0	0	1064	0	0	0	172	0	0	168	822	0	0	0	524	0	0	0	0	0	0	0	0	0	0	0	0	0	0	0	0	0	0	0	0	0	0	0	0	0	0	
254804	Caudate_L	1420	0	9274	2728	1712	448	1134	470	264	128	110	0	6390	2278	7636	764	118	0	7364	2334	7890	9172	492	416	126	420	2264	1802	6238	1808	4042	4934	194	848	0	0	192	0	0	0	314	292	0	0	0	0	0	0	0	0	0	0	0	0	0	0	338	0	0	0	0	0	0	0	0	0	0	0	770	0	0	8664	17940	3558	3202	92	6550	272	0	0	0	0	0	0	0	0	0	0	0	0	0	0	0	0	0	0	0	0	0	0	0	0	0	0	0	0	0	0	0	0	0	0	0	0	0	0	
348348	Caudate_R	2896	4616	1118	23574	0	2522	576	3082	0	406	0	0	680	6446	700	3768	0	0	4162	26816	3188	9780	170	2422	0	764	176	3800	216	4002	950	5430	0	0	0	0	382	0	0	0	116	742	0	0	0	0	0	0	0	0	0	0	0	0	0	0	146	554	0	0	0	0	0	0	0	0	0	0	2722	438	8664	0	4982	19478	408	3630	618	19034	0	0	0	0	0	0	0	0	0	0	0	0	0	0	0	0	0	0	0	0	0	0	0	0	0	0	0	0	0	0	0	0	0	0	0	0	0	0	
342736	Putamen_L	4304	0	29598	448	2146	170	6254	0	1974	0	644	0	3946	262	8520	268	770	0	13414	238	5218	5336	2430	372	0	372	936	1084	16110	244	3614	3132	0	0	0	0	11190	0	1304	0	1364	260	0	0	0	0	134	0	0	0	0	0	0	0	2690	0	1160	0	0	0	0	0	1264	0	0	0	0	0	358	0	17940	4982	0	2306	8128	0	2208	190	194	0	758	0	468	0	140	0	0	0	2526	0	0	0	0	0	0	0	0	0	0	0	0	0	0	0	0	0	0	0	0	0	0	0	0	0	0	0	
333716	Putamen_R	0	2964	106	20422	0	466	0	6714	0	532	0	6260	0	3328	0	7556	0	3636	4218	14876	1164	4268	132	2360	0	312	0	994	0	26004	430	4520	0	156	0	0	0	11068	0	3402	0	1502	0	0	0	0	0	0	0	0	0	0	0	0	0	3128	0	2310	0	0	0	352	0	0	0	156	0	0	0	0	3558	19478	2306	0	0	6602	0	860	0	196	0	148	0	246	0	0	0	0	0	128	0	0	0	0	0	0	0	0	0	0	0	0	0	0	0	0	0	0	0	0	0	0	0	0	0	0	
67840	Pallidum_L	2958	0	6714	0	0	0	408	0	0	0	158	0	0	0	0	0	222	0	3268	136	0	0	0	0	0	0	0	0	0	0	0	0	0	0	0	0	2428	0	0	0	136	0	0	0	0	0	0	0	0	0	0	0	0	0	0	0	616	0	0	0	0	0	328	0	0	0	0	0	1306	0	3202	408	8128	0	0	0	3198	306	0	0	0	0	0	0	0	0	0	0	0	0	0	0	0	0	0	0	0	0	0	0	0	0	0	0	0	0	0	0	0	0	0	0	0	0	0	0	
50216	Pallidum_R	98	1454	0	3326	0	0	0	0	0	0	0	108	0	0	0	842	0	956	0	2726	0	122	0	172	0	0	0	0	0	418	0	334	0	0	0	0	0	1036	0	818	0	0	0	0	0	0	0	0	0	0	0	0	0	0	0	608	0	1606	0	0	0	0	0	0	0	0	0	0	0	0	92	3630	0	6602	0	0	0	0	0	160	0	0	0	0	0	0	0	0	0	0	0	0	0	0	0	0	0	0	0	0	0	0	0	0	0	0	0	0	0	0	0	0	0	0	0	0	
85984	Thalamus_L	6362	0	1586	162	0	0	3760	0	0	0	0	0	0	0	0	0	110	0	538	0	0	0	0	0	0	0	0	0	1256	0	0	0	0	0	162	0	7204	378	2410	244	156	0	194	0	0	0	444	0	0	0	180	0	0	0	778	0	198	0	0	0	0	0	238	0	0	0	192	0	1636	0	6550	618	2208	0	3198	0	0	1468	0	0	236	0	0	0	0	0	0	0	182	0	0	96	0	0	0	0	0	152	0	96	0	0	0	0	0	0	0	0	0	0	0	0	0	0	0	0	
198088	Thalamus_R	778	7600	0	25126	0	0	118	512	0	0	0	220	0	108	0	0	0	0	558	20264	102	288	0	0	0	0	0	0	0	292	0	0	0	0	654	602	1710	5260	1176	2720	0	0	0	0	0	0	0	634	0	0	0	0	0	0	418	530	0	762	0	0	0	146	0	0	0	0	92	292	2442	1064	272	19034	190	860	306	0	1468	0	0	0	0	0	0	0	0	0	0	0	0	148	0	620	0	0	0	124	0	934	0	620	0	0	0	0	0	0	0	0	0	0	0	0	0	0	0	0	
76936	Heschl_L	2650	0	1294	0	0	0	1390	0	0	0	588	0	118	0	0	0	4722	0	922	0	0	0	0	0	0	0	0	0	7642	0	0	0	0	0	0	0	2758	0	0	0	0	0	0	0	0	0	0	0	0	0	3400	0	480	0	226	0	2532	0	0	0	176	0	864	0	168	0	0	0	0	0	0	0	194	0	0	0	0	0	0	0	3646	0	0	0	3264	0	0	0	1434	0	0	0	0	0	0	0	0	0	0	0	0	0	0	0	0	0	0	0	0	0	0	0	0	0	0	0	
29196	Heschl_R	0	0	0	0	0	0	0	0	0	0	0	0	0	0	0	0	0	2852	0	102	0	0	0	0	0	0	0	0	0	3572	0	0	0	0	0	0	0	874	0	0	0	0	0	0	0	0	0	0	0	0	0	122	0	130	0	248	0	150	0	164	0	500	0	276	0	538	0	0	0	0	0	0	0	196	0	160	0	0	0	0	0	3834	0	0	0	428	0	0	0	452	0	0	0	0	0	0	0	0	0	0	0	0	0	0	0	0	0	0	0	0	0	0	0	0	0	0	
206324	Temporal_Sup_L	3028	0	1256	0	0	0	792	0	0	0	1104	0	0	0	114	0	9684	0	1004	0	0	0	0	0	0	0	0	0	7634	0	0	0	0	0	0	0	2796	0	136	0	0	0	150	0	166	0	0	0	120	0	5124	0	512	0	1556	0	5956	0	196	0	1152	0	10882	0	2914	0	270	0	234	0	0	0	758	0	0	0	236	0	3646	0	0	0	4114	0	24720	0	0	0	12908	0	0	0	0	0	0	0	0	0	0	0	0	0	0	0	0	0	0	0	0	0	0	0	0	0	0	0	
140800	Temporal_Sup_R	0	0	0	0	0	0	0	0	0	0	0	126	0	0	0	180	0	3802	0	190	0	0	0	0	0	0	0	0	0	5760	0	0	0	108	0	0	0	2188	0	506	0	0	0	210	0	104	0	0	0	844	0	3284	0	134	0	1046	0	884	0	524	0	4742	0	5434	0	11694	0	106	0	172	0	0	0	148	0	0	0	0	0	3834	0	0	0	1502	0	19148	0	476	0	3254	0	0	0	0	0	0	0	0	0	0	0	0	0	0	0	0	0	0	0	0	0	0	0	0	0	0	
77092	Temporal_Pole_Sup_L	0	0	114	0	0	0	0	0	0	0	294	0	256	0	564	0	1070	0	0	0	158	0	0	0	0	0	0	0	1668	0	0	0	0	0	0	0	1186	0	446	0	532	0	0	0	0	0	0	0	0	0	0	0	0	0	2038	0	0	0	0	0	0	0	0	0	0	0	0	0	0	0	0	0	468	0	0	0	0	0	0	0	4114	0	0	0	10728	0	7040	0	7870	0	0	0	0	0	0	0	0	0	0	0	0	0	0	0	0	0	0	0	0	0	0	0	0	0	0	0	
49736	Temporal_Pole_Sup_R	0	0	0	0	0	0	0	0	0	0	0	116	0	0	0	1488	0	822	0	0	0	220	0	0	0	0	0	0	0	2114	0	0	0	0	0	0	0	580	0	1088	0	1012	0	0	0	0	0	0	0	0	0	0	0	0	0	4570	0	0	0	0	0	0	0	0	0	0	0	0	0	0	0	0	0	246	0	0	0	0	0	0	0	1502	0	0	0	4032	0	4314	0	2764	0	0	0	0	0	0	0	0	0	0	0	0	0	0	0	0	0	0	0	0	0	0	0	0	0	0	
341472	Temporal_Mid_L	1422	0	0	0	0	0	406	0	0	0	114	0	0	0	0	0	2192	0	0	108	0	0	0	0	0	0	0	0	1838	0	0	0	0	172	1034	102	1976	0	1574	0	192	0	2044	0	1828	0	1280	0	726	0	27396	0	7284	0	4248	0	1886	0	214	0	4498	0	11866	0	9472	0	2266	0	954	168	0	0	140	0	0	0	0	0	3264	0	24720	0	10728	0	0	0	6700	0	37924	0	0	0	0	0	0	0	0	0	0	0	0	0	0	0	0	0	0	0	0	0	0	0	0	0	0	0	
241080	Temporal_Mid_R	0	220	0	148	0	0	0	0	0	0	0	108	0	0	0	144	0	260	0	498	0	0	0	0	0	0	0	0	0	764	0	0	0	642	0	506	0	378	0	0	0	0	0	7052	182	2508	0	424	0	5848	0	15936	0	1632	0	1646	0	812	0	746	0	7766	0	2484	0	17018	0	4450	0	822	0	0	0	0	0	0	0	0	0	428	0	19148	0	4032	0	0	0	2614	0	21324	0	0	0	0	0	0	0	0	0	0	0	0	0	0	0	0	0	0	0	0	0	0	0	0	0	0	
42720	Temporal_Pole_Mid_L	0	0	0	0	0	0	0	0	0	0	0	0	0	0	0	0	0	0	0	0	0	0	0	0	0	0	0	0	112	0	0	0	0	0	0	0	486	0	104	0	114	0	0	0	0	0	0	0	0	0	0	0	0	0	1344	0	0	0	0	0	0	0	0	0	0	0	0	0	0	0	0	0	0	0	0	0	0	0	0	0	0	0	7040	0	6700	0	0	0	5460	0	0	0	0	0	0	0	0	0	0	0	0	0	0	0	0	0	0	0	0	0	0	0	0	0	0	0	
27708	Temporal_Pole_Mid_R	0	0	0	0	0	0	0	0	0	0	0	0	0	0	0	0	0	0	0	0	0	0	0	0	0	0	0	0	0	0	0	0	0	0	0	0	0	0	0	472	0	126	0	0	0	0	0	0	0	0	0	0	0	0	0	3142	0	0	0	0	0	0	0	0	0	0	0	0	0	0	0	0	0	0	0	0	0	0	0	0	0	476	0	4314	0	2614	0	0	0	2710	0	0	0	0	0	0	0	0	0	0	0	0	0	0	0	0	0	0	0	0	0	0	0	0	0	0	
284608	Temporal_Inf_L	416	0	664	0	0	0	770	0	0	0	390	0	0	0	132	0	678	0	180	0	110	0	0	0	0	0	0	0	5154	0	0	0	0	0	316	0	11516	0	3446	0	1132	0	1930	0	774	0	2038	0	332	0	8154	0	7090	0	19130	0	494	0	0	0	762	0	1884	0	930	0	1444	0	384	0	0	0	2526	0	0	0	182	0	1434	0	12908	0	7870	0	37924	0	5460	0	0	0	2544	0	0	0	0	0	0	0	958	0	110	0	138	0	0	0	0	0	0	0	0	0	0	0	0	0	
184692	Temporal_Inf_R	0	172	0	142	0	0	0	0	0	0	0	0	0	0	0	0	0	144	0	478	0	0	0	0	0	0	0	0	0	2194	0	0	0	578	362	1554	0	3356	0	1228	0	106	0	5168	378	2794	0	1956	0	3934	0	4894	0	7730	0	15290	0	566	0	96	0	870	0	290	0	1072	0	4870	0	524	0	0	0	128	0	0	0	148	0	452	0	3254	0	2764	0	21324	0	2710	0	0	0	682	0	0	0	0	0	0	0	138	0	0	0	0	0	0	0	0	0	0	0	0	0	0	0	0	
484420	Cerebelum_Crus1_L	0	0	0	0	0	0	0	0	0	0	0	0	0	0	0	0	0	0	0	0	0	0	0	0	0	0	0	0	0	0	0	0	0	0	0	0	118	0	334	0	0	0	468	0	0	0	5320	2312	0	0	1158	0	2768	0	17580	616	0	0	0	0	0	0	0	0	0	0	0	0	0	0	0	0	0	0	0	0	0	0	0	0	0	0	0	0	0	0	0	0	2544	0	0	3442	27056	2168	2076	330	17494	510	60910	4868	21816	888	26116	1378	13518	682	1416	0	418	1004	5428	7806	5886	1282	772	1728	
501308	Cerebelum_Crus1_R	0	0	0	0	0	0	0	0	0	0	0	0	0	0	0	0	0	0	0	0	0	0	0	0	0	0	0	0	0	0	0	0	0	0	0	0	130	1028	122	1792	0	0	1604	0	0	0	2530	6926	0	0	0	0	100	100	348	6834	0	0	0	0	0	0	0	0	0	0	0	0	0	0	0	0	0	0	0	0	96	620	0	0	0	0	0	0	0	0	0	0	0	682	3442	0	2294	27180	734	3776	2882	26276	3232	61260	1360	8884	1534	18326	566	4572	0	2206	830	3284	13938	16130	14632	5264	2950	2190	
322776	Cerebelum_Crus2_L	0	0	0	0	0	0	0	0	0	0	0	0	0	0	0	0	0	0	0	0	0	0	0	0	0	0	0	0	0	0	0	0	0	0	0	0	0	0	0	0	0	0	0	0	0	0	1696	544	0	0	116	0	282	0	596	196	0	0	0	0	0	0	0	0	0	0	0	0	0	0	0	0	0	0	0	0	0	0	0	0	0	0	0	0	0	0	0	0	0	0	27056	2294	0	5714	0	0	122	0	9980	2644	42180	2308	37378	2010	9910	244	488	0	0	0	280	3846	9010	2266	136	92	
304940	Cerebelum_Crus2_R	0	0	0	0	0	0	0	0	0	0	0	0	0	0	0	0	0	0	0	0	0	0	0	0	0	0	0	0	0	0	0	0	0	0	0	0	0	0	0	188	0	0	0	0	0	0	546	344	0	0	0	0	0	0	0	344	0	0	0	0	0	0	0	0	0	0	0	0	0	0	0	0	0	0	0	0	0	0	0	0	0	0	0	0	0	0	0	0	0	0	2168	27180	5714	0	0	388	0	878	910	6728	2690	30764	3914	35570	378	9000	0	1546	136	204	430	4364	12324	5120	530	112	
72692	Cerebelum_3_L	0	0	0	0	0	0	0	0	0	0	0	0	0	0	0	0	0	0	0	0	0	0	0	0	0	0	0	0	0	0	0	0	0	0	0	0	0	0	176	0	0	0	328	0	0	0	2592	114	0	0	0	0	0	0	818	0	0	0	0	0	0	0	0	0	0	0	0	0	0	0	0	0	0	0	0	0	0	0	0	0	0	0	0	0	0	0	0	0	0	0	2076	734	0	0	0	284	9552	914	3412	1430	0	0	418	0	1538	614	0	0	1578	3340	3864	742	504	480	510	328	
84780	Cerebelum_3_R	0	0	0	0	0	0	0	0	0	0	0	0	0	0	0	0	0	0	0	0	0	0	0	0	0	0	0	0	0	0	0	0	0	0	0	0	0	128	0	288	0	0	152	0	0	0	304	260	0	0	0	0	0	0	0	170	0	0	0	0	0	0	0	0	0	0	0	0	0	0	0	0	0	0	0	0	0	124	0	0	0	0	0	0	0	0	0	0	0	0	330	3776	0	388	284	0	1664	5628	772	6330	0	274	526	612	580	2500	0	418	1870	6108	2998	1970	1176	1144	1112	504	
402776	Cerebelum_4_5_L	0	0	0	0	0	0	0	0	0	0	0	0	0	0	0	0	0	0	0	0	0	0	0	0	0	0	0	0	0	0	0	0	0	0	0	0	262	0	854	114	0	0	3770	92	0	0	24076	3850	0	0	2446	0	5380	116	22276	1466	0	0	0	0	0	0	0	0	0	0	176	0	0	0	0	0	0	0	0	0	0	0	0	0	0	0	0	0	0	0	0	0	0	0	17494	2882	122	0	9552	1664	0	4834	40118	6664	330	0	1198	240	4218	2046	376	288	2340	5632	22382	5514	1536	1418	1452	4210	
340556	Cerebelum_4_5_R	0	0	0	0	0	0	0	0	0	0	0	0	0	0	0	0	0	0	0	0	0	0	0	0	0	0	0	0	0	0	0	0	0	0	0	0	264	1858	254	4554	0	0	3938	116	0	0	4872	12328	0	0	184	124	214	1852	570	13272	0	0	0	0	0	0	0	0	0	0	126	190	0	0	0	0	0	0	0	0	152	934	0	0	0	0	0	0	0	0	0	0	0	0	510	26276	0	878	914	5628	4834	0	1300	44148	0	764	0	770	0	1088	0	892	362	2958	22152	4684	2532	1652	1146	988	
608648	Cerebelum_6_L	0	0	0	0	0	0	0	0	0	0	0	0	0	0	0	0	0	0	0	0	0	0	0	0	0	0	0	0	0	0	0	0	0	0	0	0	166	0	602	0	0	0	1232	148	0	0	22452	4408	0	0	3796	0	9436	0	36342	1020	0	0	0	0	0	0	0	0	0	0	0	0	0	0	0	0	0	0	0	0	0	0	0	0	0	0	0	0	0	0	0	0	958	0	60910	3232	9980	910	3412	772	40118	1300	0	5644	15298	374	21716	1274	13590	2258	1910	376	1038	2264	11654	12836	5368	2672	2282	2576	
600360	Cerebelum_6_R	0	0	0	0	0	0	0	0	0	0	0	0	0	0	0	0	0	0	0	0	0	0	0	0	0	0	0	0	0	0	0	0	0	0	0	0	130	1072	122	2912	0	0	3636	380	0	0	6078	15008	0	308	176	272	226	2324	696	17202	0	0	0	0	0	0	0	0	0	0	0	116	0	0	0	0	0	0	0	0	96	620	0	0	0	0	0	0	0	0	0	0	0	138	4868	61260	2644	6728	1430	6330	6664	44148	5644	0	1560	3786	1590	6412	620	4634	0	2938	1412	4724	26742	24050	16274	5816	4200	4194	
322164	Cerebelum_7b_L	0	0	0	0	0	0	0	0	0	0	0	0	0	0	0	0	0	0	0	0	0	0	0	0	0	0	0	0	0	0	0	0	0	0	0	0	0	0	0	0	0	0	0	0	0	0	0	268	0	0	0	0	0	0	0	0	0	0	0	0	0	0	0	0	0	0	0	0	0	0	0	0	0	0	0	0	0	0	0	0	0	0	0	0	0	0	0	0	110	0	21816	1360	42180	2690	0	0	330	0	15298	1560	0	952	46698	2154	11376	296	972	94	0	0	216	2660	6188	3610	148	106	
195924	Cerebelum_7b_R	0	0	0	0	0	0	0	0	0	0	0	0	0	0	0	0	0	0	0	0	0	0	0	0	0	0	0	0	0	0	0	0	0	0	0	0	0	0	0	0	0	0	0	0	0	0	134	144	0	0	0	0	0	0	0	172	0	0	0	0	0	0	0	0	0	0	0	0	0	0	0	0	0	0	0	0	0	0	0	0	0	0	0	0	0	0	0	0	0	0	888	8884	2308	30764	0	274	0	764	374	3786	952	0	1902	28302	120	7940	0	94	0	92	0	1348	5342	3198	180	0	
432788	Cerebelum_8_L	0	0	0	0	0	0	0	0	0	0	0	0	0	0	0	0	0	0	0	0	0	0	0	0	0	0	0	0	0	0	0	0	0	0	0	0	0	0	0	118	0	0	0	0	0	0	176	164	0	0	0	0	0	0	92	0	0	0	0	0	0	0	0	0	0	0	0	0	0	0	0	0	0	0	0	0	0	0	0	0	0	0	0	0	0	0	0	0	138	0	26116	1534	37378	3914	418	526	1198	0	21716	1590	46698	1902	0	5954	26554	3902	2612	460	218	660	940	6636	10292	10250	3572	666	
314848	Cerebelum_8_R	0	0	0	0	0	0	0	0	0	0	0	0	0	0	0	0	0	0	0	0	0	0	0	0	0	0	0	0	0	0	0	0	0	0	0	0	0	220	0	620	0	192	0	0	0	0	0	0	0	0	0	0	0	0	0	126	0	0	0	0	0	0	0	0	0	0	0	0	0	0	0	0	0	0	0	0	0	0	0	0	0	0	0	0	0	0	0	0	0	0	1378	18326	2010	35570	0	612	240	770	1274	6412	2154	28302	5954	0	1776	20488	0	2888	320	524	350	4462	10168	9742	2202	344	
240884	Cerebelum_9_L	0	0	0	0	0	0	0	0	0	0	0	0	0	0	0	0	0	0	0	0	0	0	0	0	0	0	0	0	0	0	0	0	0	0	0	0	0	0	0	0	0	0	356	0	0	0	812	0	0	0	0	0	0	0	208	0	0	0	0	0	0	0	0	0	0	0	0	0	0	0	0	0	0	0	0	0	0	0	0	0	0	0	0	0	0	0	0	0	0	0	13518	566	9910	378	1538	580	4218	0	13590	620	11376	120	26554	1776	0	5100	4532	334	230	946	2050	4644	4368	4624	5668	1826	
229004	Cerebelum_9_R	0	0	0	0	0	0	0	0	0	0	0	0	0	0	0	0	0	0	0	0	0	0	0	0	0	0	0	0	0	0	0	0	0	0	0	0	0	268	0	786	0	234	246	0	0	0	642	0	0	0	0	0	0	0	116	160	0	0	0	0	0	0	0	0	0	0	0	0	0	0	0	0	0	0	0	0	0	0	0	0	0	0	0	0	0	0	0	0	0	0	682	4572	244	9000	614	2500	2046	1088	2258	4634	296	7940	3902	20488	5100	0	0	3540	1800	3534	2602	7462	7246	8312	9444	2746	
24612	Cerebelum_10_L	0	0	0	0	0	0	0	0	0	0	0	0	0	0	0	0	0	0	0	0	0	0	0	0	0	0	0	0	0	0	0	0	0	0	0	0	0	0	0	0	0	0	0	0	0	0	0	0	0	0	0	0	0	0	0	0	0	0	0	0	0	0	0	0	0	0	0	0	0	0	0	0	0	0	0	0	0	0	0	0	0	0	0	0	0	0	0	0	0	0	1416	0	488	0	0	0	376	0	1910	0	972	0	2612	0	4532	0	0	0	0	0	0	0	0	0	0	0	
50648	Cerebelum_10_R	0	0	0	0	0	0	0	0	0	0	0	0	0	0	0	0	0	0	0	0	0	0	0	0	0	0	0	0	0	0	0	0	0	0	0	0	0	0	0	168	0	0	0	0	0	0	0	0	0	0	0	0	0	0	0	126	0	0	0	0	0	0	0	0	0	0	0	0	0	0	0	0	0	0	0	0	0	0	0	0	0	0	0	0	0	0	0	0	0	0	0	2206	0	1546	0	418	288	892	376	2938	94	94	460	2888	334	3540	0	0	414	518	584	1840	2382	1590	900	728	
57144	Vermis_1_2	0	0	0	0	0	0	0	0	0	0	0	0	0	0	0	0	0	0	0	0	0	0	0	0	0	0	0	0	0	0	0	0	0	0	0	0	0	0	0	0	0	0	238	0	0	0	534	0	0	0	0	0	0	0	134	0	0	0	0	0	0	0	0	0	0	0	0	0	0	0	0	0	0	0	0	0	0	0	0	0	0	0	0	0	0	0	0	0	0	0	418	830	0	136	1578	1870	2340	362	1038	1412	0	0	218	320	230	1800	0	414	0	6854	2628	1402	894	754	854	1314	
124808	Vermis_3	0	0	0	0	0	0	0	0	0	0	0	0	0	0	0	0	0	0	0	0	0	0	0	0	0	0	0	0	0	0	0	0	0	0	0	0	0	0	0	0	0	0	576	0	0	0	1404	94	0	0	0	0	0	0	280	92	0	0	0	0	0	0	0	0	0	0	0	0	0	0	0	0	0	0	0	0	0	0	0	0	0	0	0	0	0	0	0	0	0	0	1004	3284	0	204	3340	6108	5632	2958	2264	4724	0	92	660	524	946	3534	0	518	6854	0	6688	2900	2118	2034	2100	1472	
410868	Vermis_4_5	0	0	0	0	0	0	0	0	0	0	0	0	0	0	0	0	0	0	0	0	0	0	0	0	0	0	0	0	0	0	0	0	0	0	0	0	0	92	0	394	0	0	7400	510	0	0	15230	14842	0	0	1110	142	1442	1208	3056	7480	0	0	0	0	0	0	0	0	0	0	178	202	0	0	0	0	0	0	0	0	0	0	0	0	0	0	0	0	0	0	0	0	0	0	5428	13938	280	430	3864	2998	22382	22152	11654	26742	216	0	940	350	2050	2602	0	584	2628	6688	0	14306	2422	1840	1798	5856	
384204	Vermis_6	0	0	0	0	0	0	0	0	0	0	0	0	0	0	0	0	0	0	0	0	0	0	0	0	0	0	0	0	0	0	0	0	0	0	0	0	0	94	0	446	0	0	400	330	0	0	5282	8736	0	192	254	102	410	154	904	2880	0	0	0	0	0	0	0	0	0	0	0	0	0	0	0	0	0	0	0	0	0	0	0	0	0	0	0	0	0	0	0	0	0	0	7806	16130	3846	4364	742	1970	5514	4684	12836	24050	2660	1348	6636	4462	4644	7462	0	1840	1402	2900	14306	0	18174	9624	7664	6854	
