data	data	512420	191252	955512	807640	164312	174472	534352	187340	82404	23288	259216	179388	276852	155748	222356	98908	361988	130652	767180	681296	130832	144856	317656	297736	32444	93344	65312	69680	753000	344640	249452	424408	183624	404064	235300	243196	301760	400224	175220	279548	82532	100328	281572	374140	243704	296380	405924	382916	201856	375972	704824	302948	328560	126672	502640	495400	305504	213436	195176	130504	199004	112936	132304	116056	152672	130668	328684	489024	206416	144568	430424	442664	478132	485296	108900	96556	230468	297928	156904	50008	399496	153232	93376	104568	522668	324808	47164	67528	304072	240172	496044	552712	284364	217640	40740	91872	417340	331872	594800	587592	205224	150020	328468	366056	184252	307296	45432	35824	71108	140180	417536	317496	181132	126316	141640	121952	
data	data	Precentral_L	Precentral_R	Frontal_Sup_L	Frontal_Sup_R	Frontal_Sup_Orb_L	Frontal_Sup_Orb_R	Frontal_Mid_L	Frontal_Mid_R	Frontal_Mid_Orb_L	Frontal_Mid_Orb_R	Frontal_Inf_Oper_L	Frontal_Inf_Oper_R	Frontal_Inf_Tri_L	Frontal_Inf_Tri_R	Frontal_Inf_Orb_L	Frontal_Inf_Orb_R	Rolandic_Oper_L	Rolandic_Oper_R	Supp_Motor_Area_L	Supp_Motor_Area_R	Olfactory_L	Olfactory_R	Frontal_Sup_Medial_L	Frontal_Sup_Medial_R	Frontal_Med_Orb_L	Frontal_Med_Orb_R	Rectus_L	Rectus_R	Insula_L	Insula_R	Cingulum_Ant_L	Cingulum_Ant_R	Cingulum_Mid_L	Cingulum_Mid_R	Cingulum_Post_L	Cingulum_Post_R	Hippocampus_L	Hippocampus_R	ParaHippocampal_L	ParaHippocampal_R	Amygdala_L	Amygdala_R	Calcarine_L	Calcarine_R	Cuneus_L	Cuneus_R	Lingual_L	Lingual_R	Occipital_Sup_L	Occipital_Sup_R	Occipital_Mid_L	Occipital_Mid_R	Occipital_Inf_L	Occipital_Inf_R	Fusiform_L	Fusiform_R	Postcentral_L	Postcentral_R	Parietal_Sup_L	Parietal_Sup_R	Parietal_Inf_L	Parietal_Inf_R	SupraMarginal_L	SupraMarginal_R	Angular_L	Angular_R	Precuneus_L	Precuneus_R	Paracentral_Lobule_L	Paracentral_Lobule_R	Caudate_L	Caudate_R	Putamen_L	Putamen_R	Pallidum_L	Pallidum_R	Thalamus_L	Thalamus_R	Heschl_L	Heschl_R	Temporal_Sup_L	Temporal_Sup_R	Temporal_Pole_Sup_L	Temporal_Pole_Sup_R	Temporal_Mid_L	Temporal_Mid_R	Temporal_Pole_Mid_L	Temporal_Pole_Mid_R	Temporal_Inf_L	Temporal_Inf_R	Cerebelum_Crus1_L	Cerebelum_Crus1_R	Cerebelum_Crus2_L	Cerebelum_Crus2_R	Cerebelum_3_L	Cerebelum_3_R	Cerebelum_4_5_L	Cerebelum_4_5_R	Cerebelum_6_L	Cerebelum_6_R	Cerebelum_7b_L	Cerebelum_7b_R	Cerebelum_8_L	Cerebelum_8_R	Cerebelum_9_L	Cerebelum_9_R	Cerebelum_10_L	Cerebelum_10_R	Vermis_1_2	Vermis_3	Vermis_4_5	Vermis_6	Vermis_7	Vermis_8	Vermis_9	Vermis_10	
512420	Precentral_L	0	2458	23458	5368	0	0	24766	248	0	0	12338	630	782	108	0	0	15146	290	10954	3828	0	0	0	176	0	0	0	0	14060	712	204	484	2070	556	8198	690	2692	506	870	106	0	0	520	0	430	0	1442	420	1070	0	12760	0	4696	0	426	90	23302	0	890	0	4010	0	2680	0	2402	0	1670	144	20838	468	966	840	2526	652	276	0	8956	1604	9734	0	7962	0	174	0	10116	0	0	0	2448	0	0	0	0	0	0	0	0	0	0	0	0	0	0	0	0	0	0	0	0	0	0	0	0	0	0	0	
191252	Precentral_R	2458	0	1326	9126	0	0	312	5460	0	0	0	2354	0	0	0	0	0	2294	1884	2996	0	0	0	0	0	0	0	0	460	706	0	134	130	1016	1912	5450	328	2498	140	368	0	0	0	1650	116	1166	266	722	0	880	0	840	0	312	0	492	194	15580	0	0	0	2256	0	3388	0	0	330	6968	1690	3702	726	2052	892	588	1138	0	1096	2806	0	342	0	728	0	0	0	2722	0	0	0	632	0	0	0	0	0	0	0	0	0	0	0	0	0	0	0	0	0	0	0	0	0	0	0	0	0	0	
955512	Frontal_Sup_L	23458	1326	0	9000	6106	260	69182	1316	3192	0	16198	1296	25146	688	8012	130	14158	966	82302	10362	96	94	36850	1796	582	0	164	0	40710	3324	9558	4318	6038	1378	1562	206	1860	1658	356	408	0	0	162	0	230	0	310	318	790	0	2330	0	140	0	270	900	3212	0	0	0	156	0	436	0	150	0	492	96	4426	252	12222	4926	24084	4688	5272	358	11764	1208	2036	120	6158	168	1404	0	1760	856	0	0	1204	698	104	0	0	0	0	0	0	0	0	0	0	0	0	0	0	0	0	0	0	0	0	0	0	0	0	0	
807640	Frontal_Sup_R	5368	9126	9000	0	0	11402	2832	29288	0	1506	328	12102	0	10454	0	6722	708	7398	27658	73850	0	366	7822	31260	86	1276	0	248	2308	14914	2826	26772	2018	18624	1912	5248	584	3412	360	792	0	234	0	150	0	0	266	626	0	0	0	0	0	0	0	424	422	1098	0	0	0	0	0	452	0	0	212	1280	1988	404	3920	15716	1538	13134	826	2706	4370	23648	0	832	0	388	0	0	0	240	0	0	0	206	0	0	0	0	0	0	170	0	0	0	0	0	0	0	0	0	0	0	0	0	0	0	0	0	0	0	
164312	Frontal_Sup_Orb_L	0	0	6106	0	0	618	1344	0	13500	0	0	0	980	0	15598	0	0	0	0	0	4382	2182	2002	0	3948	478	5680	856	6168	0	3030	654	0	0	0	0	0	0	0	0	1192	172	0	0	0	0	0	0	0	0	0	0	0	0	0	0	0	0	0	0	0	0	0	0	0	0	0	0	0	0	3444	1924	6176	1074	278	0	0	0	0	0	0	0	370	0	0	0	0	0	0	0	0	0	0	0	0	0	0	0	0	0	0	0	0	0	0	0	0	0	0	0	0	0	0	0	0	0	
174472	Frontal_Sup_Orb_R	0	0	260	11402	618	0	198	1342	0	4066	0	290	0	1086	654	6796	0	0	540	810	1676	3474	908	9144	250	9572	884	6010	378	3194	1794	7432	0	348	0	0	0	104	0	0	170	252	0	0	0	0	0	0	0	0	0	0	0	0	0	0	0	0	0	0	0	0	0	0	0	0	0	0	0	0	1654	4296	784	5432	104	1314	0	0	0	0	0	0	0	0	0	0	0	0	0	0	0	0	0	0	0	0	0	0	0	0	0	0	0	0	0	0	0	0	0	0	0	0	0	0	0	0	
534352	Frontal_Mid_L	24766	312	69182	2832	1344	198	0	270	1590	0	13322	1278	38872	444	8252	200	6994	398	10538	1692	0	0	20100	942	0	0	0	0	27744	1064	4336	1976	5506	406	410	0	804	202	276	0	0	0	0	0	0	0	118	222	0	0	0	0	0	0	94	0	3192	0	0	0	134	0	250	0	0	0	0	0	1070	0	2246	872	4552	1018	244	96	1470	340	1190	0	3420	0	238	0	0	0	0	0	160	0	0	0	0	0	0	0	0	0	0	0	0	0	0	0	0	0	0	0	0	0	0	0	0	0	0	0	
187340	Frontal_Mid_R	248	5460	1316	29288	0	1342	270	0	0	904	104	6980	0	8226	0	3284	586	344	2694	5476	0	0	482	2656	0	0	0	0	1210	3796	262	3256	0	2126	166	356	210	2106	0	292	0	0	0	0	0	0	0	396	0	0	0	0	0	0	0	196	0	602	0	0	0	270	0	392	0	0	94	362	94	0	1120	590	590	1418	300	158	322	2938	0	0	0	0	0	0	0	254	0	0	0	134	0	0	0	0	0	0	0	0	0	0	0	0	0	0	0	0	0	0	0	0	0	0	0	0	0	0	
82404	Frontal_Mid_Orb_L	0	0	3192	0	13500	0	1590	0	0	0	0	0	1248	0	15688	0	0	0	0	0	186	84	0	0	476	0	1340	0	2084	0	170	0	0	0	0	0	0	0	0	0	96	0	0	0	0	0	0	0	0	0	0	0	0	0	0	0	0	0	0	0	0	0	0	0	0	0	0	0	0	0	122	0	1336	0	0	0	0	0	0	0	0	0	90	0	0	0	0	0	0	0	0	0	0	0	0	0	0	0	0	0	0	0	0	0	0	0	0	0	0	0	0	0	0	0	0	0	
23288	Frontal_Mid_Orb_R	0	0	0	1506	0	4066	0	904	0	0	0	0	0	0	0	4236	0	0	0	0	0	0	0	0	0	706	0	118	0	0	0	0	0	0	0	0	0	0	0	0	0	0	0	0	0	0	0	0	0	0	0	0	0	0	0	0	0	0	0	0	0	0	0	0	0	0	0	0	0	0	0	108	0	0	0	0	0	0	0	0	0	0	0	0	0	0	0	0	0	0	0	0	0	0	0	0	0	0	0	0	0	0	0	0	0	0	0	0	0	0	0	0	0	0	0	0	
259216	Frontal_Inf_Oper_L	12338	0	16198	328	0	0	13322	104	0	0	0	106	11596	0	168	0	16834	200	11158	238	0	0	2336	0	0	0	0	0	20888	316	1714	362	348	0	0	0	0	120	0	0	0	0	0	0	0	0	0	0	0	0	0	0	0	0	0	0	5334	0	0	0	0	0	0	0	0	0	0	0	0	0	1790	452	1802	340	100	0	0	0	550	0	8560	0	2006	0	0	0	0	0	0	0	0	0	0	0	0	0	0	0	0	0	0	0	0	0	0	0	0	0	0	0	0	0	0	0	0	0	
179388	Frontal_Inf_Oper_R	630	2354	1296	12102	0	290	1278	6980	0	0	106	0	0	10712	0	238	106	5530	4088	9282	0	0	416	2084	0	0	0	0	876	9954	660	4170	336	3056	0	0	0	792	0	280	0	0	0	0	0	0	0	102	0	0	0	0	0	0	0	182	0	1424	0	0	0	0	0	86	0	0	0	0	0	0	1942	502	1230	4430	84	134	126	832	0	310	0	294	0	0	0	252	0	0	0	148	0	0	0	0	0	0	0	0	0	0	0	0	0	0	0	0	0	0	0	0	0	0	0	0	0	0	
276852	Frontal_Inf_Tri_L	782	0	25146	0	980	0	38872	0	1248	0	11596	0	0	0	8944	0	1892	0	4952	0	0	0	9600	134	0	0	0	0	23790	0	3062	294	2652	0	0	0	0	0	0	0	0	0	0	0	0	0	0	0	0	0	0	0	0	0	0	0	286	0	0	0	0	0	0	0	0	0	0	0	0	0	1088	154	1426	128	0	0	0	0	0	0	852	0	548	0	0	0	0	0	0	0	0	0	0	0	0	0	0	0	0	0	0	0	0	0	0	0	0	0	0	0	0	0	0	0	0	0	
155748	Frontal_Inf_Tri_R	108	0	688	10454	0	1086	444	8226	0	0	0	10712	0	0	0	4824	0	0	2238	3896	0	0	264	4598	0	0	0	0	576	13350	670	8072	0	2744	0	0	0	0	0	0	0	0	0	0	0	0	0	0	0	0	0	0	0	0	0	0	0	0	0	0	0	0	0	0	0	0	0	0	0	0	1306	1304	786	1400	0	128	0	0	0	0	0	0	0	0	0	0	0	0	0	0	0	0	0	0	0	0	0	0	0	0	0	0	0	0	0	0	0	0	0	0	0	0	0	0	0	0	
222356	Frontal_Inf_Orb_L	0	0	8012	0	15598	654	8252	0	15688	0	168	0	8944	0	0	90	0	0	156	0	5888	2582	2376	0	170	360	2520	848	16080	0	1964	828	950	0	0	0	0	0	144	0	1120	224	0	0	0	0	0	0	0	0	0	0	0	0	0	0	0	0	0	0	0	0	0	0	0	0	0	0	0	0	4312	2384	8068	1454	214	0	0	0	0	0	0	0	1130	0	0	0	0	0	0	0	0	0	0	0	0	0	0	0	0	0	0	0	0	0	0	0	0	0	0	0	0	0	0	0	0	0	
98908	Frontal_Inf_Orb_R	0	0	130	6722	0	6796	200	3284	0	4236	0	238	0	4824	90	0	0	0	266	336	316	2108	0	1442	0	988	0	1500	206	10480	0	416	0	0	0	0	0	0	0	0	0	194	0	0	0	0	0	0	0	0	0	0	0	0	0	0	0	0	0	0	0	0	0	0	0	0	0	0	0	0	578	938	98	2046	0	122	0	0	0	0	0	322	0	578	0	0	0	0	0	0	0	0	0	0	0	0	0	0	0	0	0	0	0	0	0	0	0	0	0	0	0	0	0	0	0	0	
361988	Rolandic_Oper_L	15146	0	14158	708	0	0	6994	586	0	0	16834	106	1892	0	0	0	0	208	9658	448	0	0	204	0	0	0	0	0	31316	544	298	356	0	0	126	0	432	0	0	0	0	0	166	0	104	0	406	0	244	0	5228	0	944	0	176	0	13966	0	924	0	1414	0	6570	0	996	0	126	0	244	0	1792	372	566	606	0	0	234	0	10078	0	25136	0	2066	0	7366	0	0	0	1256	0	0	0	0	0	0	0	0	0	0	0	0	0	0	0	0	0	0	0	0	0	0	0	0	0	0	0	
130652	Rolandic_Oper_R	290	2294	966	7398	0	0	398	344	0	0	200	5530	0	0	0	0	208	0	3088	6910	0	0	0	0	0	0	0	0	474	11696	0	210	0	370	0	0	0	430	0	0	0	0	0	164	0	0	0	192	0	110	0	250	0	168	0	152	0	4786	0	0	0	228	0	3540	0	112	0	0	0	0	548	0	132	2790	0	0	0	996	0	3788	0	3718	0	996	0	1476	0	0	0	374	0	0	0	0	0	0	0	0	0	0	0	0	0	0	0	0	0	0	0	0	0	0	0	0	0	0	
767180	Supp_Motor_Area_L	10954	1884	82302	27658	0	540	10538	2694	0	0	11158	4088	4952	2238	156	266	9658	3088	0	40030	0	0	8182	5404	0	0	0	0	20676	5954	3558	10320	7546	16880	2860	1098	1812	1696	246	448	0	0	252	0	434	0	248	244	860	0	2354	0	166	0	226	916	956	94	0	0	0	0	0	0	0	0	970	238	5940	532	11638	5902	16184	7878	4666	690	10098	1350	900	468	4454	346	1202	0	1712	896	0	0	1080	708	104	0	0	0	0	0	0	0	0	0	0	0	0	0	0	0	0	0	0	0	0	0	0	0	0	0	
681296	Supp_Motor_Area_R	3828	2996	10362	73850	0	810	1692	5476	0	0	238	9282	0	3896	0	336	448	6910	40030	0	0	0	1520	9612	0	0	0	0	1266	8360	1176	13926	4826	36966	1294	9852	390	1980	184	572	0	0	0	924	86	2562	186	626	0	2802	0	1310	0	316	0	906	128	2248	0	380	0	0	0	404	0	0	718	6808	3968	12378	2234	13520	1678	9170	600	1742	1950	17594	0	738	0	686	0	0	0	1082	0	0	0	696	0	0	0	0	0	0	130	0	0	0	0	0	0	0	0	0	0	0	0	0	0	0	0	0	0	0	
130832	Olfactory_L	0	0	96	0	4382	1676	0	0	186	0	0	0	0	0	5888	316	0	0	0	0	0	7520	0	0	206	762	3002	2306	5346	260	3042	1722	0	0	0	0	0	0	424	0	3324	518	0	0	0	0	0	0	0	0	0	0	0	0	0	0	0	0	0	0	0	0	0	0	0	0	0	0	0	0	8772	6000	5588	3096	158	0	0	0	0	0	0	0	826	0	0	0	0	0	0	0	0	0	0	0	0	0	0	0	0	0	0	0	0	0	0	0	0	0	0	0	0	0	0	0	0	0	
144856	Olfactory_R	0	0	94	366	2182	3474	0	0	84	0	0	0	0	0	2582	2108	0	0	0	0	7520	0	0	0	116	1412	1986	4534	1076	2136	3164	2528	0	0	0	0	0	0	0	150	1638	1070	0	0	0	0	0	0	0	0	0	0	0	0	0	0	0	0	0	0	0	0	0	0	0	0	0	0	0	0	10128	10974	6480	3790	1844	614	0	230	0	0	0	0	0	148	0	0	0	0	0	0	0	0	0	0	0	0	0	0	0	0	0	0	0	0	0	0	0	0	0	0	0	0	0	0	0	0	
317656	Frontal_Sup_Medial_L	0	0	36850	7822	2002	908	20100	482	0	0	2336	416	9600	264	2376	0	204	0	8182	1520	0	0	0	15782	1294	614	90	0	6940	230	12618	8672	7178	7838	0	0	0	0	0	0	0	0	0	0	0	0	0	0	0	0	0	0	0	0	0	0	0	0	0	0	0	0	0	0	0	0	0	0	0	0	774	194	2994	198	264	0	0	0	0	0	86	0	0	0	0	0	0	0	0	0	0	0	0	0	0	0	0	0	0	0	0	0	0	0	0	0	0	0	0	0	0	0	0	0	0	0	
297736	Frontal_Sup_Medial_R	176	0	1796	31260	0	9144	942	2656	0	0	0	2084	134	4598	0	1442	0	0	5404	9612	0	0	15782	0	274	3616	0	0	700	4210	4514	22214	356	13234	0	0	0	0	0	0	0	0	0	0	0	0	0	0	0	0	0	0	0	0	0	0	0	0	0	0	0	0	0	0	0	0	0	0	0	0	1216	3806	680	6888	190	1940	0	0	0	0	0	0	0	0	0	0	0	0	0	0	0	0	0	0	0	0	0	0	0	0	0	0	0	0	0	0	0	0	0	0	0	0	0	0	0	0	
32444	Frontal_Med_Orb_L	0	0	582	86	3948	250	0	0	476	0	0	0	0	0	170	0	0	0	0	0	206	116	1294	274	0	2124	1850	632	0	0	2532	634	0	0	0	0	0	0	0	0	0	0	0	0	0	0	0	0	0	0	0	0	0	0	0	0	0	0	0	0	0	0	0	0	0	0	0	0	0	0	260	196	412	180	0	0	0	0	0	0	0	0	0	0	0	0	0	0	0	0	0	0	0	0	0	0	0	0	0	0	0	0	0	0	0	0	0	0	0	0	0	0	0	0	0	0	
93344	Frontal_Med_Orb_R	0	0	0	1276	478	9572	0	0	0	706	0	0	0	0	360	988	0	0	0	0	762	1412	614	3616	2124	0	1268	4646	112	664	3076	3954	0	0	0	0	0	0	0	0	0	122	0	0	0	0	0	0	0	0	0	0	0	0	0	0	0	0	0	0	0	0	0	0	0	0	0	0	0	0	636	3688	276	4318	0	2004	0	0	0	0	0	0	0	0	0	0	0	0	0	0	0	0	0	0	0	0	0	0	0	0	0	0	0	0	0	0	0	0	0	0	0	0	0	0	0	0	
65312	Rectus_L	0	0	164	0	5680	884	0	0	1340	0	0	0	0	0	2520	0	0	0	0	0	3002	1986	90	0	1850	1268	0	1564	940	0	4272	1424	0	0	0	0	0	0	0	0	230	0	0	0	0	0	0	0	0	0	0	0	0	0	0	0	0	0	0	0	0	0	0	0	0	0	0	0	0	0	2456	1278	1168	540	0	0	0	0	0	0	0	0	0	0	0	0	0	0	0	0	0	0	0	0	0	0	0	0	0	0	0	0	0	0	0	0	0	0	0	0	0	0	0	0	0	0	
69680	Rectus_R	0	0	0	248	856	6010	0	0	0	118	0	0	0	0	848	1500	0	0	0	0	2306	4534	0	0	632	4646	1564	0	234	926	1760	1826	0	0	0	0	0	0	0	0	240	340	0	0	0	0	0	0	0	0	0	0	0	0	0	0	0	0	0	0	0	0	0	0	0	0	0	0	0	0	1840	2652	920	840	0	0	0	0	0	0	0	0	0	0	0	0	0	0	0	0	0	0	0	0	0	0	0	0	0	0	0	0	0	0	0	0	0	0	0	0	0	0	0	0	0	0	
753000	Insula_L	14060	460	40710	2308	6168	378	27744	1210	2084	0	20888	876	23790	576	16080	206	31316	474	20676	1266	5346	1076	6940	700	0	112	940	234	0	1438	5746	3286	2476	0	1256	0	7032	286	1592	0	4420	102	208	0	118	0	744	0	228	0	5578	0	1064	0	3860	0	4066	0	244	0	210	0	2108	0	1214	0	824	0	372	0	12290	3896	22630	2892	442	236	948	394	15000	84	21362	0	3620	0	8668	0	0	0	8352	0	596	0	0	0	0	0	0	0	0	0	0	0	0	0	0	0	0	0	0	0	0	0	0	0	0	0	
344640	Insula_R	712	706	3324	14914	0	3194	1064	3796	0	0	316	9954	0	13350	0	10480	544	11696	5954	8360	260	2136	230	4210	0	664	0	926	1438	0	408	5924	122	454	0	268	0	5330	0	1594	0	526	0	234	0	112	0	362	0	216	0	422	0	218	0	2596	0	1692	0	0	0	0	0	876	0	102	0	328	0	0	2334	1812	878	23670	108	202	0	748	0	3186	0	8540	0	2326	0	5608	0	0	0	2896	0	0	0	0	0	0	0	0	0	0	0	0	0	0	0	0	0	0	0	0	0	0	0	0	0	0	
249452	Cingulum_Ant_L	204	0	9558	2826	3030	1794	4336	262	170	0	1714	660	3062	670	1964	0	298	0	3558	1176	3042	3164	12618	4514	2532	3076	4272	1760	5746	408	0	12870	5748	2414	1198	0	166	0	0	0	0	114	0	0	0	0	0	0	0	0	0	0	0	0	0	0	0	0	0	0	0	0	0	0	0	0	0	0	0	0	8786	4432	8274	2966	356	588	144	0	0	0	142	0	114	0	0	0	0	0	0	0	0	0	0	0	0	0	0	0	0	0	0	0	0	0	0	0	0	0	0	0	0	0	0	0	0	0	
424408	Cingulum_Ant_R	484	134	4318	26772	654	7432	1976	3256	0	0	362	4170	294	8072	828	416	356	210	10320	13926	1722	2528	8672	22214	634	3954	1424	1826	3286	5924	12870	0	2002	18596	186	112	0	0	0	0	0	0	0	0	0	0	0	0	0	0	0	0	0	0	0	0	144	0	0	0	0	0	0	0	0	0	0	0	0	0	6690	16902	3144	11888	316	2698	136	356	0	0	0	0	0	0	0	0	0	0	0	0	0	0	0	0	0	0	0	0	0	0	0	0	0	0	0	0	0	0	0	0	0	0	0	0	0	0	
183624	Cingulum_Mid_L	2070	130	6038	2018	0	0	5506	0	0	0	348	336	2652	0	950	0	0	0	7546	4826	0	0	7178	356	0	0	0	0	2476	122	5748	2002	0	11906	7892	820	0	0	0	0	0	0	502	0	742	166	0	0	1736	198	3428	102	0	0	0	0	132	0	564	0	0	0	0	0	0	0	5984	1550	4212	540	228	0	304	0	0	0	118	0	0	0	0	0	0	0	386	0	0	0	0	0	0	0	0	0	0	0	0	0	0	0	0	0	0	0	0	0	0	0	0	0	0	0	0	0	0	0	
404064	Cingulum_Mid_R	556	1016	1378	18624	0	348	406	2126	0	0	0	3056	0	2744	0	0	0	370	16880	36966	0	0	7838	13234	0	0	0	0	0	454	2414	18596	11906	0	2640	11152	0	130	0	0	0	0	0	1406	182	5804	0	258	0	6354	88	2390	0	422	0	272	0	1456	0	958	0	0	0	0	0	0	2712	13762	2056	9494	0	352	0	342	0	0	0	146	0	0	0	0	0	0	0	590	0	0	0	154	0	0	0	0	0	0	0	0	0	0	0	0	0	0	0	0	0	0	0	0	0	0	0	0	0	0	
235300	Cingulum_Post_L	8198	1912	1562	1912	0	0	410	166	0	0	0	0	0	0	0	0	126	0	2860	1294	0	0	0	0	0	0	0	0	1256	0	1198	186	7892	2640	0	7426	6720	740	1082	0	0	0	4512	246	4074	892	2310	128	3156	190	4904	0	1490	0	532	0	1074	0	386	0	0	0	0	0	0	0	15264	4324	10552	598	1790	932	274	0	102	0	6150	2414	104	0	306	0	0	0	2298	0	0	0	1068	0	0	0	0	0	0	0	0	0	0	0	0	0	0	0	0	0	0	0	0	0	0	0	0	0	0	0	
243196	Cingulum_Post_R	690	5450	206	5248	0	0	0	356	0	0	0	0	0	0	0	0	0	0	1098	9852	0	0	0	0	0	0	0	0	0	268	0	112	820	11152	7426	0	0	7230	0	1544	0	0	0	3368	772	2228	0	2416	0	1600	0	520	0	132	0	950	0	1706	0	186	0	0	0	96	0	0	1970	20848	1866	6172	1492	3160	0	792	0	0	6042	11710	0	0	0	140	0	0	0	1440	0	0	0	452	0	0	0	0	0	0	0	88	0	0	0	0	0	0	0	0	0	0	0	0	0	0	0	0	0	0	
301760	Hippocampus_L	2692	328	1860	584	0	0	804	210	0	0	0	0	0	0	0	0	432	0	1812	390	0	0	0	0	0	0	0	0	7032	0	166	0	0	0	6720	0	0	500	22154	252	8632	86	4618	0	560	0	11350	876	148	0	3946	0	4130	0	17878	130	438	0	206	0	116	0	0	0	0	0	8010	0	2468	0	638	378	10236	490	978	0	3580	1606	1260	0	2520	0	204	0	5272	0	0	0	10584	136	952	0	0	0	240	0	1104	0	1000	0	0	0	0	0	0	0	0	0	0	174	0	0	0	0	0	0	
400224	Hippocampus_R	506	2498	1658	3412	0	104	202	2106	0	0	120	792	0	0	0	0	0	430	1696	1980	0	0	0	0	0	0	0	0	286	5330	0	0	0	130	740	7230	500	0	324	34694	152	12004	0	3318	346	664	412	8836	0	460	0	614	0	1942	104	28564	0	1050	0	0	0	0	0	616	0	196	104	8680	390	0	622	432	992	17262	348	2208	1026	8882	0	1074	0	3420	0	1316	0	8920	0	94	0	14800	0	220	0	0	0	0	150	1634	0	3404	0	0	0	0	0	0	0	0	0	0	118	0	0	0	0	0	
175220	ParaHippocampal_L	870	140	356	360	0	0	276	0	0	0	0	0	0	0	144	0	0	0	246	184	424	0	0	0	0	0	0	0	1592	0	0	0	0	0	1082	0	22154	324	0	192	5484	0	2322	0	174	0	9534	598	0	0	1398	0	1320	0	15600	106	0	0	0	0	0	0	0	0	0	0	2168	0	726	0	222	196	4748	164	314	0	1250	1100	0	0	244	0	1648	0	852	0	978	0	2944	134	1326	0	0	0	266	0	1706	0	1660	0	84	0	0	0	0	0	0	0	0	0	0	0	0	0	0	0	
279548	ParaHippocampal_R	106	368	408	792	0	0	0	292	0	0	0	280	0	0	0	0	0	0	448	572	0	150	0	0	0	0	0	0	0	1594	0	0	0	0	0	1544	252	34694	192	0	0	10834	0	1182	0	88	330	7436	0	0	0	0	0	2306	0	30312	0	314	0	0	0	0	0	0	0	0	0	2646	0	0	144	272	398	8896	102	1926	272	2766	0	136	0	140	0	4604	0	1500	0	2736	0	7690	0	1298	0	0	0	180	86	3906	0	4860	0	0	0	374	0	348	0	0	0	0	0	0	0	0	0	0	
82532	Amygdala_L	0	0	0	0	1192	170	0	0	96	0	0	0	0	0	1120	0	0	0	0	0	3324	1638	0	0	0	0	230	240	4420	0	0	0	0	0	0	0	8632	152	5484	0	0	178	0	0	0	0	0	0	0	0	0	0	0	0	5016	0	0	0	0	0	0	0	0	0	0	0	0	0	0	0	2094	1406	2346	634	86	0	0	290	0	0	86	0	646	0	0	0	0	0	882	0	338	0	0	0	0	0	236	0	330	0	0	0	0	0	0	0	0	0	0	0	0	0	0	0	0	0	
100328	Amygdala_R	0	0	0	234	172	252	0	0	0	0	0	0	0	0	224	194	0	0	0	0	518	1070	0	0	0	122	0	340	102	526	114	0	0	0	0	0	86	12004	0	10834	178	0	0	0	0	0	0	0	0	0	0	0	0	190	0	9474	0	0	0	0	0	0	0	0	0	0	0	0	0	0	602	796	554	5010	92	138	0	162	0	0	0	0	0	3270	0	92	0	858	0	1038	0	0	0	0	0	0	0	148	0	770	0	0	0	0	0	0	0	0	0	0	0	0	0	0	0	0	
281572	Calcarine_L	520	0	162	0	0	0	0	0	0	0	0	0	0	0	0	0	166	0	252	0	0	0	0	0	0	0	0	0	208	0	0	0	502	0	4512	0	4618	0	2322	0	0	0	0	10650	18712	5296	19048	3762	10186	2202	21986	764	5500	0	3542	84	198	0	220	0	0	0	0	0	0	0	14454	890	1264	0	0	0	0	0	0	0	552	0	0	0	150	0	0	0	2098	162	0	0	384	0	426	518	0	0	0	0	1130	0	1012	540	0	0	0	0	0	0	0	0	0	0	1286	508	0	0	0	0	
374140	Calcarine_R	0	1650	0	150	0	0	0	0	0	0	0	0	0	0	0	0	0	164	0	924	0	0	0	0	0	0	0	0	0	234	0	0	0	1406	246	3368	0	3318	0	1182	0	0	10650	0	7362	24938	3002	24666	778	26518	200	20438	0	5346	0	5214	0	1680	0	0	0	210	0	452	0	1122	1134	25708	102	1820	0	0	0	150	0	0	0	878	0	0	0	736	0	0	0	8198	0	0	0	1584	0	0	0	0	0	0	0	292	124	202	0	0	0	0	0	0	0	0	0	0	718	206	0	0	0	0	
243704	Cuneus_L	430	116	230	0	0	0	0	0	0	0	0	0	0	0	0	0	104	0	434	86	0	0	0	0	0	0	0	0	118	0	0	0	742	182	4074	772	560	346	174	0	0	0	18712	7362	0	10972	2934	806	23278	1882	14030	722	704	0	662	0	314	0	1736	128	100	0	0	0	92	0	17696	5832	1974	0	0	0	0	124	0	0	314	318	0	0	120	0	0	0	1594	102	0	0	304	0	0	0	0	0	0	0	242	0	204	0	0	0	0	0	0	0	0	0	0	0	226	0	0	0	0	0	
296380	Cuneus_R	0	1166	0	0	0	0	0	0	0	0	0	0	0	0	0	0	0	0	0	2562	0	0	0	0	0	0	0	0	0	112	0	0	166	5804	892	2228	0	664	0	88	0	0	5296	24938	10972	0	562	4104	624	31252	172	12020	0	980	0	926	0	1664	212	4774	0	0	0	198	0	508	5172	22788	0	3222	0	0	0	152	0	0	0	358	0	0	0	302	0	0	0	2850	0	0	0	462	0	0	0	0	0	0	0	0	0	0	0	0	0	0	0	0	0	0	0	0	0	0	0	0	0	0	
405924	Lingual_L	1442	266	310	266	0	0	118	0	0	0	0	0	0	0	0	0	406	0	248	186	0	0	0	0	0	0	0	0	744	0	0	0	0	0	2310	0	11350	412	9534	330	0	0	19048	3002	2934	562	0	5468	2046	714	27284	628	16960	0	24004	328	222	0	128	0	0	0	0	0	0	0	5088	400	1000	0	180	0	1868	208	0	0	2274	1050	572	0	394	0	0	0	3370	298	0	0	1856	106	4740	3014	0	0	460	120	12412	654	14150	3470	0	0	0	0	112	104	0	0	174	402	8070	4922	150	0	0	94	
382916	Lingual_R	420	722	318	626	0	0	222	396	0	0	0	102	0	0	0	0	0	192	244	626	0	0	0	0	0	0	0	0	0	362	0	0	0	258	128	2416	876	8836	598	7436	0	0	3762	24666	806	4104	5468	0	106	7596	260	7674	580	8656	1128	20358	0	564	0	0	0	0	0	174	0	110	164	9274	178	370	116	0	1232	1646	242	226	1018	3272	0	0	0	0	0	0	0	2194	0	0	0	2826	2754	3300	220	0	238	388	5094	10432	6152	7632	106	0	540	0	176	328	412	0	740	1110	12080	5412	268	104	116	308	
201856	Occipital_Sup_L	1070	0	790	0	0	0	0	0	0	0	0	0	0	0	0	0	244	0	860	0	0	0	0	0	0	0	0	0	228	0	0	0	1736	0	3156	0	148	0	0	0	0	0	10186	778	23278	624	2046	106	0	416	27748	0	692	0	444	0	704	0	5862	0	1986	0	334	0	1198	0	10466	988	738	0	0	0	0	0	0	0	0	0	150	0	336	0	0	0	2680	0	0	0	348	0	0	0	0	0	0	0	230	0	190	0	0	0	0	0	0	0	0	0	0	0	168	0	0	0	0	0	
375972	Occipital_Sup_R	0	880	0	0	0	0	0	0	0	0	0	0	0	0	0	0	0	110	0	2802	0	0	0	0	0	0	0	0	0	216	0	0	198	6354	190	1600	0	460	0	0	0	0	2202	26518	1882	31252	714	7596	416	0	132	31384	0	1658	0	1968	0	9016	0	15340	0	3186	0	1000	0	6876	1692	19802	280	4994	0	0	0	0	0	0	0	0	0	114	0	1122	0	0	0	5616	0	0	0	416	0	0	0	0	0	0	0	0	0	0	0	0	0	0	0	0	0	0	0	0	0	0	0	0	0	0	
704824	Occipital_Mid_L	12760	0	2330	0	0	0	0	0	0	0	0	0	0	0	0	0	5228	0	2354	0	0	0	0	0	0	0	0	0	5578	0	0	0	3428	88	4904	0	3946	0	1398	0	0	0	21986	200	14030	172	27284	260	27748	132	0	0	28098	0	13012	0	10888	0	17132	0	17116	0	4604	0	20454	0	15128	402	5128	0	0	0	164	0	0	0	440	0	5074	0	7456	0	0	0	50004	0	0	0	9372	0	770	1802	0	0	0	0	2330	0	3822	1850	0	0	0	0	0	0	0	0	0	0	1566	1974	0	0	0	0	
302948	Occipital_Mid_R	0	840	0	0	0	0	0	0	0	0	0	0	0	0	0	0	0	250	0	1310	0	0	0	0	0	0	0	0	0	422	0	0	102	2390	0	520	0	614	0	0	0	0	764	20438	722	12020	628	7674	0	31384	0	0	0	4748	0	2582	0	1336	0	1438	0	7188	0	1484	0	17864	140	9060	0	1788	0	0	0	0	0	0	0	0	0	188	0	3116	0	0	0	18970	0	0	0	1494	0	0	0	0	0	0	0	0	0	0	0	0	0	0	0	0	0	0	0	0	0	0	0	0	0	0	
328560	Occipital_Inf_L	4696	0	140	0	0	0	0	0	0	0	0	0	0	0	0	0	944	0	166	0	0	0	0	0	0	0	0	0	1064	0	0	0	0	0	1490	0	4130	0	1320	0	0	0	5500	0	704	0	16960	580	692	0	28098	0	0	0	24774	240	588	0	0	0	614	0	628	0	178	0	1362	0	1152	0	0	0	428	0	0	0	102	0	580	0	1934	0	0	0	14312	0	0	0	9414	0	6502	2988	0	0	274	216	5936	618	13022	3424	0	0	0	0	0	0	0	0	512	924	2920	3974	180	0	0	0	
126672	Occipital_Inf_R	0	312	0	0	0	0	0	0	0	0	0	0	0	0	0	0	0	168	0	316	0	0	0	0	0	0	0	0	0	218	0	0	0	422	0	132	0	1942	0	2306	0	190	0	5346	0	980	0	8656	0	1658	0	4748	0	0	0	16036	0	342	0	0	0	0	0	192	0	0	0	3448	0	392	0	0	0	760	0	0	0	0	0	0	0	0	0	148	0	3544	0	0	0	6972	0	538	0	0	0	0	0	696	122	1478	0	0	0	0	0	0	0	0	0	0	810	464	0	0	0	0	
502640	Fusiform_L	426	0	270	0	0	0	94	0	0	0	0	0	0	0	0	0	176	0	226	0	0	0	0	0	0	0	0	0	3860	0	0	0	0	0	532	0	17878	104	15600	0	5016	0	3542	0	662	0	24004	1128	444	0	13012	0	24774	0	0	336	0	0	0	0	0	0	0	0	0	0	1118	0	226	0	148	0	2366	90	0	0	138	314	286	0	3328	0	3728	0	4384	0	2548	0	18844	0	23438	3242	0	0	478	336	21414	1006	34184	3774	584	0	208	0	104	96	214	0	542	1064	6396	4382	256	0	0	0	
495400	Fusiform_R	90	492	900	424	0	0	0	196	0	0	0	182	0	0	0	0	0	152	916	906	0	0	0	0	0	0	0	0	0	2596	0	0	0	272	0	950	130	28564	106	30312	0	9474	84	5214	0	926	328	20358	0	1968	0	2582	240	16036	336	0	0	362	0	0	0	0	0	92	0	0	0	3956	0	254	0	132	244	10022	0	1490	158	1352	0	178	0	886	0	10658	0	6230	0	7010	0	23168	592	4406	0	0	90	880	2544	14004	2128	17340	0	0	332	262	202	566	370	0	1300	1952	7946	1442	132	0	0	286	
305504	Postcentral_L	23302	194	3212	422	0	0	3192	0	0	0	5334	0	286	0	0	0	13966	0	956	128	0	0	0	0	0	0	0	0	4066	0	0	144	132	0	1074	0	438	0	0	0	0	0	198	0	314	0	222	0	704	0	10888	0	588	0	0	0	0	0	15702	0	18688	0	9518	0	3968	0	2644	0	5226	0	550	176	126	0	0	0	596	0	4582	0	11696	0	0	0	9202	0	0	0	318	0	0	0	0	0	0	0	0	0	0	0	0	0	0	0	0	0	0	0	0	0	0	0	0	0	0	0	
213436	Postcentral_R	0	15580	0	1098	0	0	0	602	0	0	0	1424	0	0	0	0	0	4786	94	2248	0	0	0	0	0	0	0	0	0	1692	0	0	0	1456	0	1706	0	1050	0	314	0	0	0	1680	0	1664	0	564	0	9016	0	1336	0	342	0	362	0	0	0	9356	0	8962	0	16032	0	1146	0	9364	0	8218	0	0	114	1024	0	0	0	904	0	378	0	1232	0	0	0	2378	0	0	0	596	0	0	0	0	0	0	0	0	0	0	0	0	0	0	0	0	0	0	0	0	0	0	0	0	0	0	
195176	Parietal_Sup_L	890	0	0	0	0	0	0	0	0	0	0	0	0	0	0	0	924	0	0	0	0	0	0	0	0	0	0	0	244	0	0	0	564	0	386	0	206	0	0	0	0	0	220	0	1736	212	128	0	5862	0	17132	0	0	0	0	0	15702	0	0	0	17994	0	738	0	5902	0	15226	1296	886	0	0	0	0	0	0	0	176	0	334	0	2610	0	0	0	8220	0	0	0	0	0	0	0	0	0	0	0	0	0	0	0	0	0	0	0	0	0	0	0	0	0	0	0	0	0	0	0	
130504	Parietal_Sup_R	0	0	0	0	0	0	0	0	0	0	0	0	0	0	0	0	0	0	0	380	0	0	0	0	0	0	0	0	0	0	0	0	0	958	0	186	0	0	0	0	0	0	0	0	128	4774	0	0	0	15340	0	1438	0	0	0	0	0	9356	0	0	0	8056	0	2054	0	7170	2344	12382	0	588	0	0	0	0	0	0	0	0	0	0	0	98	0	0	0	0	0	0	0	0	0	0	0	0	0	0	0	0	0	0	0	0	0	0	0	0	0	0	0	0	0	0	0	0	0	0	
199004	Parietal_Inf_L	4010	0	156	0	0	0	134	0	0	0	0	0	0	0	0	0	1414	0	0	0	0	0	0	0	0	0	0	0	210	0	0	0	0	0	0	0	116	0	0	0	0	0	0	0	100	0	0	0	1986	0	17116	0	614	0	0	0	18688	0	17994	0	0	0	9564	0	15228	0	2356	0	572	0	0	0	0	0	0	0	94	0	346	0	1644	0	0	0	7064	0	0	0	96	0	0	0	0	0	0	0	0	0	0	0	0	0	0	0	0	0	0	0	0	0	0	0	0	0	0	0	
112936	Parietal_Inf_R	0	2256	0	0	0	0	0	270	0	0	0	0	0	0	0	0	0	228	0	0	0	0	0	0	0	0	0	0	0	0	0	0	0	0	0	0	0	0	0	0	0	0	0	210	0	0	0	0	0	3186	0	7188	0	0	0	0	0	8962	0	8056	0	0	0	11774	0	13544	0	290	0	0	0	0	0	0	0	0	0	0	0	0	0	340	0	0	0	164	0	0	0	0	0	0	0	0	0	0	0	0	0	0	0	0	0	0	0	0	0	0	0	0	0	0	0	0	0	0	
132304	SupraMarginal_L	2680	0	436	0	0	0	250	0	0	0	0	0	0	0	0	0	6570	0	0	0	0	0	0	0	0	0	0	0	2108	0	0	0	0	0	0	0	0	0	0	0	0	0	0	0	0	0	0	0	334	0	4604	0	628	0	0	0	9518	0	738	0	9564	0	0	0	7890	0	0	0	184	0	0	0	0	0	0	0	0	0	2602	0	11208	0	0	0	6512	0	0	0	326	0	0	0	0	0	0	0	0	0	0	0	0	0	0	0	0	0	0	0	0	0	0	0	0	0	0	0	
116056	SupraMarginal_R	0	3388	0	452	0	0	0	392	0	0	0	86	0	0	0	0	0	3540	0	404	0	0	0	0	0	0	0	0	0	876	0	0	0	0	0	96	0	616	0	0	0	0	0	452	0	198	0	174	0	1000	0	1484	0	192	0	92	0	16032	0	2054	0	11774	0	0	0	5132	0	824	0	288	0	0	0	0	0	0	0	146	0	1262	0	4568	0	0	0	2346	0	0	0	160	0	0	0	0	0	0	0	0	0	0	0	0	0	0	0	0	0	0	0	0	0	0	0	0	0	0	
152672	Angular_L	2402	0	150	0	0	0	0	0	0	0	0	0	0	0	0	0	996	0	0	0	0	0	0	0	0	0	0	0	1214	0	0	0	0	0	0	0	0	0	0	0	0	0	0	0	92	0	0	0	1198	0	20454	0	178	0	0	0	3968	0	5902	0	15228	0	7890	0	0	0	0	0	102	0	0	0	0	0	0	0	0	0	1828	0	2434	0	0	0	12300	0	0	0	0	0	0	0	0	0	0	0	0	0	0	0	0	0	0	0	0	0	0	0	0	0	0	0	0	0	0	0	
130668	Angular_R	0	0	0	0	0	0	0	0	0	0	0	0	0	0	0	0	0	112	0	0	0	0	0	0	0	0	0	0	0	102	0	0	0	0	0	0	0	196	0	0	0	0	0	1122	0	508	0	110	0	6876	0	17864	0	0	0	0	0	1146	0	7170	0	13544	0	5132	0	0	0	872	0	0	0	0	0	0	0	0	0	0	0	0	0	3730	0	0	0	6850	0	0	0	0	0	0	0	0	0	0	0	0	0	0	0	0	0	0	0	0	0	0	0	0	0	0	0	0	0	0	
328684	Precuneus_L	1670	330	492	212	0	0	0	94	0	0	0	0	0	0	0	0	126	0	970	718	0	0	0	0	0	0	0	0	824	0	0	0	5984	2712	15264	1970	8010	104	2168	0	0	0	14454	1134	17696	5172	5088	164	10466	1692	15128	140	1362	0	1118	0	2644	0	15226	2344	2356	0	0	0	0	0	0	14936	4992	718	0	0	218	0	0	0	1916	116	112	0	238	0	0	0	2336	0	0	0	832	0	0	0	0	0	0	0	0	0	96	0	0	0	0	0	0	0	0	0	0	0	0	0	0	0	0	0	
489024	Precuneus_R	144	6968	96	1280	0	0	0	362	0	0	0	0	0	0	0	0	0	0	238	6808	0	0	0	0	0	0	0	0	0	328	0	0	1550	13762	4324	20848	0	8680	0	2646	0	0	890	25708	5832	22788	400	9274	988	19802	402	9060	0	3448	0	3956	0	9364	1296	12382	0	290	0	824	0	872	14936	0	1094	11650	0	332	0	844	0	0	326	4920	0	0	0	1022	0	0	0	10746	0	0	0	2222	0	0	0	0	0	0	0	232	0	150	0	0	0	0	0	0	0	0	0	0	428	0	0	0	0	0	
206416	Paracentral_Lobule_L	20838	1690	4426	1988	0	0	1070	94	0	0	0	0	0	0	0	0	244	0	5940	3968	0	0	0	0	0	0	0	0	372	0	0	0	4212	2056	10552	1866	2468	390	726	0	0	0	1264	102	1974	0	1000	178	738	280	5128	0	1152	0	226	0	5226	0	886	0	572	0	184	0	102	0	4992	1094	0	1808	158	244	452	0	0	0	7682	1332	138	0	238	0	0	0	2482	0	0	0	676	0	0	0	0	0	0	0	0	0	0	0	0	0	0	0	0	0	0	0	0	0	0	0	0	0	0	0	
144568	Paracentral_Lobule_R	468	3702	252	404	0	0	0	0	0	0	0	0	0	0	0	0	0	0	532	12378	0	0	0	0	0	0	0	0	0	0	0	0	540	9494	598	6172	0	0	0	0	0	0	0	1820	0	3222	0	370	0	4994	0	1788	0	392	0	254	0	8218	0	588	0	0	0	288	0	0	718	11650	1808	0	0	184	0	0	0	0	88	198	0	0	0	190	0	0	0	870	0	0	0	104	0	0	0	0	0	0	0	0	0	0	0	0	0	0	0	0	0	0	0	0	0	0	0	0	0	0	
430424	Caudate_L	966	726	12222	3920	3444	1654	2246	1120	122	0	1790	1942	1088	1306	4312	578	1792	548	11638	2234	8772	10128	774	1216	260	636	2456	1840	12290	2334	8786	6690	228	0	1790	1492	638	622	222	144	2094	602	0	0	0	0	180	116	0	0	0	0	0	0	148	0	550	0	0	0	0	0	0	0	0	0	0	0	158	0	0	26132	32204	11684	8512	3970	10084	2888	140	0	278	126	0	0	114	88	0	0	178	0	0	0	0	0	0	0	0	0	0	0	0	0	0	0	0	0	0	0	0	0	0	0	0	0	0	0	
442664	Caudate_R	840	2052	4926	15716	1924	4296	872	590	0	108	452	502	154	1304	2384	938	372	0	5902	13520	6000	10974	194	3806	196	3688	1278	2652	3896	1812	4432	16902	0	352	932	3160	378	432	196	272	1406	796	0	0	0	0	0	0	0	0	0	0	0	0	0	132	176	0	0	0	0	0	0	0	0	0	0	332	244	184	26132	0	15120	22052	5450	8680	4028	18110	0	0	86	0	0	0	0	0	0	0	0	0	0	0	0	0	0	0	0	0	0	0	0	0	0	0	0	0	0	0	0	0	0	0	0	0	0	0	
478132	Putamen_L	2526	892	24084	1538	6176	784	4552	590	1336	0	1802	1230	1426	786	8068	98	566	132	16184	1678	5588	6480	2994	680	412	276	1168	920	22630	878	8274	3144	304	0	274	0	10236	992	4748	398	2346	554	0	0	0	0	1868	1232	0	0	164	0	428	0	2366	244	126	114	0	0	0	0	0	0	0	0	218	0	452	0	32204	15120	0	7584	12458	2836	6322	3060	566	0	614	0	512	0	238	126	0	0	1850	144	164	0	0	0	0	0	166	0	0	0	0	0	0	0	0	0	0	0	0	146	0	0	0	0	0	0	
485296	Putamen_R	652	588	4688	13134	1074	5432	1018	1418	0	0	340	4430	128	1400	1454	2046	606	2790	7878	9170	3096	3790	198	6888	180	4318	540	840	2892	23670	2966	11888	0	342	0	792	490	17262	164	8896	634	5010	0	150	124	152	208	1646	0	0	0	0	0	760	90	10022	0	1024	0	0	0	0	0	0	0	0	0	844	0	0	11684	22052	7584	0	1402	8954	578	6538	0	206	0	2200	0	1442	0	3518	0	0	0	7114	0	0	0	0	0	0	0	0	0	1254	0	0	0	0	0	0	0	0	0	0	0	0	0	0	0	0	
108900	Pallidum_L	276	1138	5272	826	278	104	244	300	0	0	100	84	0	0	214	0	0	0	4666	600	158	1844	264	190	0	0	0	0	442	108	356	316	0	0	102	0	978	348	314	102	86	92	0	0	0	0	0	242	0	0	0	0	0	0	0	0	0	0	0	0	0	0	0	0	0	0	0	0	0	0	8512	5450	12458	1402	0	1802	2756	2026	0	0	0	0	0	0	0	0	0	0	0	0	0	0	0	0	0	0	0	0	0	0	0	0	0	0	0	0	0	0	0	0	0	0	0	0	0	0	
96556	Pallidum_R	0	0	358	2706	0	1314	96	158	0	0	0	134	0	128	0	122	0	0	690	1742	0	614	0	1940	0	2004	0	0	236	202	588	2698	0	0	0	0	0	2208	0	1926	0	138	0	0	0	0	0	226	0	0	0	0	0	0	0	1490	0	0	0	0	0	0	0	0	0	0	0	0	0	0	3970	8680	2836	8954	1802	0	0	318	0	0	0	0	0	0	0	0	0	0	0	0	0	0	0	0	0	0	0	0	0	0	0	0	0	0	0	0	0	0	0	0	0	0	0	0	0	0	
230468	Thalamus_L	8956	1096	11764	4370	0	0	1470	322	0	0	0	126	0	0	0	0	234	0	10098	1950	0	0	0	0	0	0	0	0	948	0	144	136	118	0	6150	6042	3580	1026	1250	272	0	0	552	0	314	0	2274	1018	0	0	440	0	102	0	138	158	596	0	176	0	94	0	0	0	0	0	1916	326	7682	88	10084	4028	6322	578	2756	0	0	13858	142	0	146	0	0	0	924	0	0	0	382	0	0	0	0	0	0	0	0	0	0	0	0	0	0	0	0	0	0	0	0	88	0	0	0	0	0	0	
297928	Thalamus_R	1604	2806	1208	23648	0	0	340	2938	0	0	0	832	0	0	0	0	0	996	1350	17594	0	230	0	0	0	0	0	0	394	748	0	356	0	146	2414	11710	1606	8882	1100	2766	290	162	0	878	318	358	1050	3272	0	0	0	0	0	0	314	1352	0	904	0	0	0	0	0	146	0	0	116	4920	1332	198	2888	18110	3060	6538	2026	318	13858	0	0	0	0	212	0	0	0	988	0	0	86	1090	0	0	0	0	0	0	372	140	0	0	0	0	0	0	0	0	0	0	0	0	0	0	0	0	0	0	
156904	Heschl_L	9734	0	2036	0	0	0	1190	0	0	0	550	0	0	0	0	0	10078	0	900	0	0	0	0	0	0	0	0	0	15000	0	0	0	0	0	104	0	1260	0	0	0	0	0	0	0	0	0	572	0	150	0	5074	0	580	0	286	0	4582	0	334	0	346	0	2602	0	1828	0	112	0	138	0	140	0	566	0	0	0	142	0	0	0	11554	0	0	0	6132	0	0	0	2462	0	0	0	0	0	0	0	0	0	0	0	0	0	0	0	0	0	0	0	0	0	0	0	0	0	0	0	
50008	Heschl_R	0	342	120	832	0	0	0	0	0	0	0	310	0	0	0	0	0	3788	468	738	0	0	0	0	0	0	0	0	84	3186	0	0	0	0	0	0	0	1074	0	136	0	0	0	0	0	0	0	0	0	114	0	188	0	0	0	178	0	378	0	0	0	0	0	1262	0	0	0	0	0	0	0	0	0	206	0	0	0	0	0	0	0	7408	0	88	0	3502	0	0	0	602	0	0	0	0	0	0	0	0	0	0	0	0	0	0	0	0	0	0	0	0	0	0	0	0	0	0	
399496	Temporal_Sup_L	7962	0	6158	0	0	0	3420	0	0	0	8560	0	852	0	0	0	25136	0	4454	0	0	0	86	0	0	0	0	0	21362	0	142	0	0	0	306	0	2520	0	244	0	86	0	150	0	120	0	394	0	336	0	7456	0	1934	0	3328	0	11696	0	2610	0	1644	0	11208	0	2434	0	238	0	238	0	278	86	614	0	0	0	146	0	11554	0	0	0	5604	0	37312	0	358	0	18010	0	712	0	0	0	0	0	0	0	0	0	0	0	0	0	0	0	0	0	0	0	0	0	0	0	0	0	
153232	Temporal_Sup_R	0	728	168	388	0	0	0	0	0	0	0	294	0	0	0	322	0	3718	346	686	0	0	0	0	0	0	0	0	0	8540	0	0	0	0	0	140	0	3420	0	140	0	0	0	736	0	302	0	0	0	1122	0	3116	0	0	0	886	0	1232	0	98	0	340	0	4568	0	3730	0	1022	0	190	126	0	0	2200	0	0	0	212	0	7408	0	0	0	5018	0	22528	0	748	0	2144	0	0	0	0	0	0	0	0	0	0	0	0	0	0	0	0	0	0	0	0	0	0	0	0	0	0	
93376	Temporal_Pole_Sup_L	174	0	1404	0	370	0	238	0	90	0	2006	0	548	0	1130	0	2066	0	1202	0	826	0	0	0	0	0	0	0	3620	0	114	0	0	0	0	0	204	0	1648	0	646	0	0	0	0	0	0	0	0	0	0	0	0	0	3728	0	0	0	0	0	0	0	0	0	0	0	0	0	0	0	0	0	512	0	0	0	0	0	0	0	5604	0	0	0	7820	0	6104	0	6634	0	0	0	0	0	0	0	0	0	0	0	0	0	0	0	0	0	0	0	0	0	0	0	0	0	0	0	
104568	Temporal_Pole_Sup_R	0	0	0	0	0	0	0	0	0	0	0	0	0	0	0	578	0	996	0	0	0	148	0	0	0	0	0	0	0	2326	0	0	0	0	0	0	0	1316	0	4604	0	3270	0	0	0	0	0	0	0	0	0	0	0	148	0	10658	0	0	0	0	0	0	0	0	0	0	0	0	0	0	0	0	0	1442	0	0	0	0	0	88	0	5018	0	0	0	4378	0	11596	0	5462	0	0	0	0	0	0	0	0	0	256	0	0	0	0	0	0	0	0	0	0	0	0	0	0	0	0	
522668	Temporal_Mid_L	10116	0	1760	0	0	0	0	0	0	0	0	0	0	0	0	0	7366	0	1712	0	0	0	0	0	0	0	0	0	8668	0	0	0	386	0	2298	0	5272	0	852	0	0	0	2098	0	1594	0	3370	0	2680	0	50004	0	14312	0	4384	0	9202	0	8220	0	7064	0	6512	0	12300	0	2336	0	2482	0	114	0	238	0	0	0	924	0	6132	0	37312	0	7820	0	0	0	7084	0	36214	0	424	0	0	0	0	0	0	0	84	0	0	0	0	0	0	0	0	0	0	0	0	0	0	0	0	0	
324808	Temporal_Mid_R	0	2722	856	240	0	0	0	254	0	0	0	252	0	0	0	0	0	1476	896	1082	0	0	0	0	0	0	0	0	0	5608	0	0	0	590	0	1440	0	8920	0	1500	0	92	162	8198	102	2850	298	2194	0	5616	0	18970	0	3544	0	6230	0	2378	0	0	0	164	0	2346	0	6850	0	10746	0	870	88	0	126	3518	0	0	0	988	0	3502	0	22528	0	4378	0	0	0	4620	0	25016	0	0	0	0	0	0	0	98	0	96	0	0	0	0	0	0	0	0	0	0	0	0	0	0	0	0	
47164	Temporal_Pole_Mid_L	0	0	0	0	0	0	0	0	0	0	0	0	0	0	0	0	0	0	0	0	0	0	0	0	0	0	0	0	0	0	0	0	0	0	0	0	0	0	978	0	0	0	0	0	0	0	0	0	0	0	0	0	0	0	2548	0	0	0	0	0	0	0	0	0	0	0	0	0	0	0	0	0	0	0	0	0	0	0	0	0	358	0	6104	0	7084	0	0	0	6510	0	0	0	0	0	0	0	0	0	0	0	0	0	0	0	0	0	0	0	0	0	0	0	0	0	0	0	
67528	Temporal_Pole_Mid_R	0	0	0	0	0	0	0	0	0	0	0	0	0	0	0	0	0	0	0	0	0	0	0	0	0	0	0	0	0	0	0	0	0	0	0	0	0	94	0	2736	0	858	0	0	0	0	0	0	0	0	0	0	0	0	0	7010	0	0	0	0	0	0	0	0	0	0	0	0	0	0	0	0	0	0	0	0	0	0	0	0	0	748	0	11596	0	4620	0	0	0	6102	0	0	0	0	0	0	0	0	0	0	0	0	0	0	0	0	0	0	0	0	0	0	0	0	0	0	
304072	Temporal_Inf_L	2448	0	1204	0	0	0	160	0	0	0	0	0	0	0	0	0	1256	0	1080	0	0	0	0	0	0	0	0	0	8352	0	0	0	0	0	1068	0	10584	0	2944	0	882	0	384	0	304	0	1856	0	348	0	9372	0	9414	0	18844	0	318	0	0	0	96	0	326	0	0	0	832	0	676	0	178	0	1850	0	0	0	382	86	2462	0	18010	0	6634	0	36214	0	6510	0	0	0	4540	0	0	0	0	0	634	118	1054	98	0	0	0	0	0	0	0	0	162	172	184	0	0	0	0	0	
240172	Temporal_Inf_R	0	632	698	206	0	0	0	134	0	0	0	148	0	0	0	0	0	374	708	696	0	0	0	0	0	0	0	0	0	2896	0	0	0	154	0	452	136	14800	134	7690	0	1038	0	1584	0	462	106	2826	0	416	0	1494	0	6972	0	23168	0	596	0	0	0	0	0	160	0	0	0	2222	0	104	0	0	144	7114	0	0	0	1090	0	602	0	2144	0	5462	0	25016	0	6102	0	0	0	282	0	0	0	0	0	164	0	960	0	0	0	0	0	0	0	0	0	0	0	0	0	0	0	0	
496044	Cerebelum_Crus1_L	0	0	104	0	0	0	0	0	0	0	0	0	0	0	0	0	0	0	104	0	0	0	0	0	0	0	0	0	596	0	0	0	0	0	0	0	952	0	1326	0	338	0	426	0	0	0	4740	2754	0	0	770	0	6502	0	23438	592	0	0	0	0	0	0	0	0	0	0	0	0	0	0	0	0	164	0	0	0	0	0	0	0	712	0	0	0	424	0	0	0	4540	0	0	4212	23888	1546	854	328	25126	2342	55904	5398	9040	820	22324	2348	6536	1760	2004	228	1250	1830	9264	11492	4932	2432	2120	1562	
552712	Cerebelum_Crus1_R	0	0	0	0	0	0	0	0	0	0	0	0	0	0	0	0	0	0	0	0	0	0	0	0	0	0	0	0	0	0	0	0	0	0	0	0	0	220	0	1298	0	0	518	0	0	0	3014	3300	0	0	1802	0	2988	538	3242	4406	0	0	0	0	0	0	0	0	0	0	0	0	0	0	0	0	0	0	0	0	0	0	0	0	0	0	0	0	0	0	0	0	0	282	4212	0	2974	19490	148	8596	3874	24900	9164	58446	326	6094	1806	30626	2246	19400	386	2418	1168	6112	15012	15862	9770	2630	5316	3772	
284364	Cerebelum_Crus2_L	0	0	0	0	0	0	0	0	0	0	0	0	0	0	0	0	0	0	0	0	0	0	0	0	0	0	0	0	0	0	0	0	0	0	0	0	0	0	0	0	0	0	0	0	0	0	0	220	0	0	0	0	0	0	0	0	0	0	0	0	0	0	0	0	0	0	0	0	0	0	0	0	0	0	0	0	0	0	0	0	0	0	0	0	0	0	0	0	0	0	23888	2974	0	5998	0	0	556	316	4930	1886	31614	3140	35748	3618	12132	750	742	166	0	0	420	3488	5604	2526	948	518	
217640	Cerebelum_Crus2_R	0	0	0	0	0	0	0	0	0	0	0	0	0	0	0	0	0	0	0	0	0	0	0	0	0	0	0	0	0	0	0	0	0	0	0	0	0	0	0	0	0	0	0	0	0	0	0	0	0	0	0	0	0	0	0	0	0	0	0	0	0	0	0	0	0	0	0	0	0	0	0	0	0	0	0	0	0	0	0	0	0	0	0	0	0	0	0	0	0	0	1546	19490	5998	0	0	0	0	0	968	1246	1628	21388	2420	31302	656	10530	0	0	0	0	0	1444	4532	3972	1510	190	
40740	Cerebelum_3_L	0	0	0	0	0	0	0	0	0	0	0	0	0	0	0	0	0	0	0	0	0	0	0	0	0	0	0	0	0	0	0	0	0	0	0	0	240	0	266	0	0	0	0	0	0	0	460	238	0	0	0	0	274	0	478	90	0	0	0	0	0	0	0	0	0	0	0	0	0	0	0	0	0	0	0	0	0	0	0	0	0	0	0	0	0	0	0	0	0	0	854	148	0	0	0	94	5502	268	1278	228	0	0	100	0	1070	424	0	0	2074	3390	2060	112	90	0	0	632	
91872	Cerebelum_3_R	0	0	0	0	0	0	0	0	0	0	0	0	0	0	0	0	0	0	0	0	0	0	0	0	0	0	0	0	0	0	0	0	0	0	0	0	0	0	0	180	0	0	0	0	0	0	120	388	0	0	0	0	216	0	336	880	0	0	0	0	0	0	0	0	0	0	0	0	0	0	0	0	0	0	0	0	0	0	0	0	0	0	0	0	0	0	0	0	0	0	328	8596	0	0	94	0	1162	9732	740	9770	0	0	0	330	0	1276	0	0	414	5150	4034	718	586	0	0	886	
417340	Cerebelum_4_5_L	0	0	0	170	0	0	0	0	0	0	0	0	0	0	0	0	0	0	0	130	0	0	0	0	0	0	0	0	0	0	0	0	0	0	0	0	1104	150	1706	86	236	0	1130	0	242	0	12412	5094	230	0	2330	0	5936	0	21414	2544	0	0	0	0	0	0	0	0	0	0	0	0	0	0	0	0	166	0	0	0	0	372	0	0	0	0	0	0	0	0	0	0	634	0	25126	3874	556	0	5502	1162	0	7494	42076	6384	1104	0	1960	248	4070	2402	2804	114	4918	6828	27620	3122	1094	332	664	3130	
331872	Cerebelum_4_5_R	0	0	0	0	0	0	0	0	0	0	0	0	0	0	0	0	0	0	0	0	0	0	0	0	0	0	0	0	0	0	0	0	0	0	0	88	0	1634	0	3906	0	148	0	292	0	0	654	10432	0	0	0	0	618	696	1006	14004	0	0	0	0	0	0	0	0	0	0	0	232	0	0	0	0	0	0	0	0	0	140	0	0	0	0	0	0	0	98	0	0	118	164	2342	24900	316	0	268	9732	7494	0	5608	35138	110	0	488	3040	336	4342	528	360	2702	8150	20374	2212	1480	188	448	1150	
594800	Cerebelum_6_L	0	0	0	0	0	0	0	0	0	0	0	0	0	0	0	0	0	0	0	0	0	0	0	0	0	0	0	0	0	0	0	0	0	0	0	0	1000	0	1660	0	330	0	1012	124	204	0	14150	6152	190	0	3822	0	13022	122	34184	2128	0	0	0	0	0	0	0	0	0	0	96	0	0	0	0	0	0	0	0	0	0	0	0	0	0	0	0	0	84	0	0	0	1054	0	55904	9164	4930	968	1278	740	42076	5608	0	12100	4066	478	9386	1966	4384	2276	3424	344	3364	4468	19454	18746	5806	1808	2766	2562	
587592	Cerebelum_6_R	0	0	0	0	0	0	0	0	0	0	0	0	0	0	0	0	0	0	0	0	0	0	0	0	0	0	0	0	0	0	0	0	0	0	0	0	0	3404	0	4860	0	770	540	202	0	0	3470	7632	0	0	1850	0	3424	1478	3774	17340	0	0	0	0	0	0	0	0	0	0	0	150	0	0	0	0	0	1254	0	0	0	0	0	0	0	0	0	256	0	96	0	0	98	960	5398	58446	1886	1246	228	9770	6384	35138	12100	0	250	1510	1718	15552	2038	16414	716	2968	2380	7788	21556	18658	8190	2204	5120	4580	
205224	Cerebelum_7b_L	0	0	0	0	0	0	0	0	0	0	0	0	0	0	0	0	0	0	0	0	0	0	0	0	0	0	0	0	0	0	0	0	0	0	0	0	0	0	84	0	0	0	0	0	0	0	0	106	0	0	0	0	0	0	584	0	0	0	0	0	0	0	0	0	0	0	0	0	0	0	0	0	0	0	0	0	0	0	0	0	0	0	0	0	0	0	0	0	0	0	9040	326	31614	1628	0	0	1104	110	4066	250	0	1126	30984	3030	9230	704	290	94	0	0	194	1226	2280	3266	894	382	
150020	Cerebelum_7b_R	0	0	0	0	0	0	0	0	0	0	0	0	0	0	0	0	0	0	0	0	0	0	0	0	0	0	0	0	0	0	0	0	0	0	0	0	0	0	0	0	0	0	0	0	0	0	0	0	0	0	0	0	0	0	0	0	0	0	0	0	0	0	0	0	0	0	0	0	0	0	0	0	0	0	0	0	0	0	0	0	0	0	0	0	0	0	0	0	0	0	820	6094	3140	21388	0	0	0	0	478	1510	1126	0	1834	24630	252	8620	0	0	0	0	0	844	1658	2146	470	0	
328468	Cerebelum_8_L	0	0	0	0	0	0	0	0	0	0	0	0	0	0	0	0	0	0	0	0	0	0	0	0	0	0	0	0	0	0	0	0	0	0	0	0	0	0	0	0	0	0	0	0	0	0	0	540	0	0	0	0	0	0	208	332	0	0	0	0	0	0	0	0	0	0	0	0	0	0	0	0	0	0	0	0	0	0	0	0	0	0	0	0	0	0	0	0	0	0	22324	1806	35748	2420	100	0	1960	488	9386	1718	30984	1834	0	5690	20936	3268	2274	244	0	0	1302	4240	3820	6546	4302	1764	
366056	Cerebelum_8_R	0	0	0	0	0	0	0	0	0	0	0	0	0	0	0	0	0	0	0	0	0	0	0	0	0	0	0	0	0	0	0	0	0	0	0	0	0	0	0	374	0	0	0	0	0	0	0	0	0	0	0	0	0	0	0	262	0	0	0	0	0	0	0	0	0	0	0	0	0	0	0	0	0	0	0	0	0	0	0	0	0	0	0	0	0	0	0	0	0	0	2348	30626	3618	31302	0	330	248	3040	1966	15552	3030	24630	5690	0	2048	30664	0	1020	0	0	438	3588	5976	7888	5984	2406	
184252	Cerebelum_9_L	0	0	0	0	0	0	0	0	0	0	0	0	0	0	0	0	0	0	0	0	0	0	0	0	0	0	0	0	0	0	0	0	0	0	0	0	0	0	0	0	0	0	0	0	0	0	112	176	0	0	0	0	0	0	104	202	0	0	0	0	0	0	0	0	0	0	0	0	0	0	0	0	0	0	0	0	0	0	0	0	0	0	0	0	0	0	0	0	0	0	6536	2246	12132	656	1070	0	4070	336	4384	2038	9230	252	20936	2048	0	4452	4574	0	322	358	2764	2952	1602	1132	4428	3014	
307296	Cerebelum_9_R	0	0	0	0	0	0	0	0	0	0	0	0	0	0	0	0	0	0	0	0	0	0	0	0	0	0	0	0	0	0	0	0	0	0	0	0	0	0	0	348	0	0	0	0	0	0	104	328	0	0	0	0	0	0	96	566	0	0	0	0	0	0	0	0	0	0	0	0	0	0	0	0	0	0	0	0	0	0	0	0	0	0	0	0	0	0	0	0	0	0	1760	19400	750	10530	424	1276	2402	4342	2276	16414	704	8620	3268	30664	4452	0	284	2582	262	666	5396	6814	4536	5348	10556	8480	
45432	Cerebelum_10_L	0	0	0	0	0	0	0	0	0	0	0	0	0	0	0	0	0	0	0	0	0	0	0	0	0	0	0	0	0	0	0	0	0	0	0	0	0	0	0	0	0	0	0	0	0	0	0	412	0	0	0	0	0	0	214	370	0	0	0	0	0	0	0	0	0	0	0	0	0	0	0	0	0	0	0	0	0	0	0	0	0	0	0	0	0	0	0	0	0	0	2004	386	742	0	0	0	2804	528	3424	716	290	0	2274	0	4574	284	0	0	0	0	1292	1096	638	0	322	346	
35824	Cerebelum_10_R	0	0	0	0	0	0	0	0	0	0	0	0	0	0	0	0	0	0	0	0	0	0	0	0	0	0	0	0	0	0	0	0	0	0	0	0	0	0	0	0	0	0	0	0	0	0	0	0	0	0	0	0	0	0	0	0	0	0	0	0	0	0	0	0	0	0	0	0	0	0	0	0	0	0	0	0	0	0	0	0	0	0	0	0	0	0	0	0	0	0	228	2418	166	0	0	0	114	360	344	2968	94	0	244	1020	0	2582	0	0	0	0	768	1920	1412	1024	1420	830	
