data	data	377736	262704	840612	539480	107296	46068	384504	230536	65280	11608	159328	289628	179024	145196	122640	58100	232592	122244	635408	880276	64132	57428	221688	217584	31820	62044	52348	30736	589172	217096	218644	341948	130480	580596	140644	150316	277660	278272	133260	143600	47560	55272	412472	439152	280896	389144	415908	468932	258860	384984	642680	293832	268180	73008	523116	536276	342624	239728	219784	138336	267312	129544	135888	124212	196352	112336	439164	445252	228820	362064	258504	286364	315404	229256	56284	18436	126060	186540	101768	4628	219640	96608	85656	47468	358712	198232	31604	16280	257672	204016	617004	569684	564520	441772	43996	73932	449356	389268	632272	628488	432332	265452	477232	438760	216692	240972	37816	21732	25856	87008	513768	313976	340900	259276	171452	78152	
data	data	Precentral_L	Precentral_R	Frontal_Sup_L	Frontal_Sup_R	Frontal_Sup_Orb_L	Frontal_Sup_Orb_R	Frontal_Mid_L	Frontal_Mid_R	Frontal_Mid_Orb_L	Frontal_Mid_Orb_R	Frontal_Inf_Oper_L	Frontal_Inf_Oper_R	Frontal_Inf_Tri_L	Frontal_Inf_Tri_R	Frontal_Inf_Orb_L	Frontal_Inf_Orb_R	Rolandic_Oper_L	Rolandic_Oper_R	Supp_Motor_Area_L	Supp_Motor_Area_R	Olfactory_L	Olfactory_R	Frontal_Sup_Medial_L	Frontal_Sup_Medial_R	Frontal_Med_Orb_L	Frontal_Med_Orb_R	Rectus_L	Rectus_R	Insula_L	Insula_R	Cingulum_Ant_L	Cingulum_Ant_R	Cingulum_Mid_L	Cingulum_Mid_R	Cingulum_Post_L	Cingulum_Post_R	Hippocampus_L	Hippocampus_R	ParaHippocampal_L	ParaHippocampal_R	Amygdala_L	Amygdala_R	Calcarine_L	Calcarine_R	Cuneus_L	Cuneus_R	Lingual_L	Lingual_R	Occipital_Sup_L	Occipital_Sup_R	Occipital_Mid_L	Occipital_Mid_R	Occipital_Inf_L	Occipital_Inf_R	Fusiform_L	Fusiform_R	Postcentral_L	Postcentral_R	Parietal_Sup_L	Parietal_Sup_R	Parietal_Inf_L	Parietal_Inf_R	SupraMarginal_L	SupraMarginal_R	Angular_L	Angular_R	Precuneus_L	Precuneus_R	Paracentral_Lobule_L	Paracentral_Lobule_R	Caudate_L	Caudate_R	Putamen_L	Putamen_R	Pallidum_L	Pallidum_R	Thalamus_L	Thalamus_R	Heschl_L	Heschl_R	Temporal_Sup_L	Temporal_Sup_R	Temporal_Pole_Sup_L	Temporal_Pole_Sup_R	Temporal_Mid_L	Temporal_Mid_R	Temporal_Pole_Mid_L	Temporal_Pole_Mid_R	Temporal_Inf_L	Temporal_Inf_R	Cerebelum_Crus1_L	Cerebelum_Crus1_R	Cerebelum_Crus2_L	Cerebelum_Crus2_R	Cerebelum_3_L	Cerebelum_3_R	Cerebelum_4_5_L	Cerebelum_4_5_R	Cerebelum_6_L	Cerebelum_6_R	Cerebelum_7b_L	Cerebelum_7b_R	Cerebelum_8_L	Cerebelum_8_R	Cerebelum_9_L	Cerebelum_9_R	Cerebelum_10_L	Cerebelum_10_R	Vermis_1_2	Vermis_3	Vermis_4_5	Vermis_6	Vermis_7	Vermis_8	Vermis_9	Vermis_10	
377736	Precentral_L	0	1028	18014	212	0	0	12232	0	0	0	5536	0	546	0	0	0	10680	0	7172	5002	0	0	154	0	0	0	0	0	17190	0	414	0	0	3014	0	0	8906	0	1302	0	0	0	0	0	0	0	0	0	0	0	1690	0	686	0	1982	0	27216	0	916	0	2698	0	2358	0	802	0	214	0	21802	2378	3884	292	5226	0	200	0	4622	344	11186	0	3526	0	0	0	3224	0	0	0	2134	0	86	0	0	0	0	0	0	0	0	0	0	0	0	0	0	0	0	0	0	0	0	0	0	0	0	0	
262704	Precentral_R	1028	0	498	11730	0	0	0	17932	0	0	0	15350	0	0	0	0	0	1298	1000	10252	0	0	0	0	0	0	0	0	0	3794	0	0	348	2222	874	688	1074	5530	0	0	0	0	0	176	0	0	0	100	0	0	0	0	0	0	0	522	166	12698	0	284	0	640	0	978	0	0	186	148	4322	8038	3502	7404	1694	4058	0	0	1914	9914	0	0	0	222	0	0	0	394	0	0	0	374	0	0	0	0	0	0	0	0	0	0	0	0	0	0	0	0	0	0	0	0	0	0	0	0	0	0	
840612	Frontal_Sup_L	18014	498	0	1846	4246	0	65020	484	2906	0	13740	500	13302	0	5996	0	17040	0	68578	19118	430	0	33348	898	1168	0	0	0	42062	0	12746	4108	3388	10238	0	0	8410	0	196	0	172	0	0	0	0	0	0	0	0	0	0	0	0	0	910	0	7058	0	0	0	0	0	698	0	0	0	0	0	3642	538	5262	960	26196	0	6010	0	11028	244	2246	0	5842	0	874	0	0	0	0	0	346	0	0	0	0	0	0	0	0	0	0	0	0	0	0	0	0	0	0	0	0	0	0	0	0	0	0	0	
539480	Frontal_Sup_R	212	11730	1846	0	0	2386	0	22696	0	0	320	17576	0	8480	0	2920	338	8490	13380	49640	0	0	4862	25044	0	2428	0	274	308	8334	2498	22950	268	19022	346	334	644	6672	110	202	0	0	0	0	0	0	0	100	0	0	0	0	0	0	0	102	0	1240	0	0	0	134	0	170	0	0	0	0	550	924	3218	10134	1694	11298	182	2010	1054	2620	0	0	0	0	0	0	0	0	0	0	0	0	0	0	0	0	0	0	0	0	0	0	0	0	0	0	0	0	0	0	0	0	0	0	0	0	0	0	
107296	Frontal_Sup_Orb_L	0	0	4246	0	0	0	1094	0	8782	0	0	0	554	0	6978	0	0	0	0	0	2886	860	2810	0	4182	0	6400	0	3070	0	4540	332	0	0	0	0	0	0	0	0	398	0	0	0	0	0	0	0	0	0	0	0	0	0	0	0	0	0	0	0	0	0	0	0	0	0	0	0	0	0	2626	506	3242	0	0	0	0	0	0	0	0	0	142	0	0	0	0	0	0	0	0	0	0	0	0	0	0	0	0	0	0	0	0	0	0	0	0	0	0	0	0	0	0	0	0	0	
46068	Frontal_Sup_Orb_R	0	0	0	2386	0	0	0	920	0	2056	0	0	0	302	0	1768	0	0	0	90	0	854	0	2204	0	4696	0	3988	0	840	308	1076	0	0	0	0	0	0	0	0	0	118	0	0	0	0	0	0	0	0	0	0	0	0	0	0	0	0	0	0	0	0	0	0	0	0	0	0	0	0	0	462	0	966	0	0	0	0	0	0	0	0	0	0	0	0	0	0	0	0	0	0	0	0	0	0	0	0	0	0	0	0	0	0	0	0	0	0	0	0	0	0	0	0	0	0	
384504	Frontal_Mid_L	12232	0	65020	0	1094	0	0	0	2526	0	7796	0	18924	0	6772	0	5474	0	5924	990	328	0	10512	0	0	0	0	0	23300	0	4462	118	398	496	0	0	4296	0	0	0	130	0	0	0	0	0	0	0	0	0	0	0	0	0	0	0	2248	0	0	0	86	0	486	0	0	0	0	0	616	0	566	0	6970	0	1054	0	6062	0	306	0	2686	0	264	0	0	0	0	0	116	0	0	0	0	0	0	0	0	0	0	0	0	0	0	0	0	0	0	0	0	0	0	0	0	0	0	0	
230536	Frontal_Mid_R	0	17932	484	22696	0	920	0	0	0	682	0	21114	0	10120	0	1896	0	1638	3072	5140	0	0	0	1836	0	116	0	0	0	4638	0	1638	0	1912	0	0	0	1236	0	286	0	0	0	0	0	0	0	0	0	0	0	0	0	0	0	322	0	562	0	0	0	0	0	0	0	0	0	0	0	0	3762	3986	1580	5092	0	0	626	1982	0	0	0	0	0	0	0	0	0	0	0	0	0	0	0	0	0	0	0	0	0	0	0	0	0	0	0	0	0	0	0	0	0	0	0	0	0	0	
65280	Frontal_Mid_Orb_L	0	0	2906	0	8782	0	2526	0	0	0	0	0	1392	0	9182	0	0	0	0	0	150	96	100	0	726	0	1806	0	1806	0	956	0	0	0	0	0	0	0	0	0	0	0	0	0	0	0	0	0	0	0	0	0	0	0	0	0	0	0	0	0	0	0	0	0	0	0	0	0	0	0	280	0	1722	0	0	0	0	0	0	0	0	0	210	0	0	0	0	0	0	0	0	0	0	0	0	0	0	0	0	0	0	0	0	0	0	0	0	0	0	0	0	0	0	0	0	0	
11608	Frontal_Mid_Orb_R	0	0	0	0	0	2056	0	682	0	0	0	0	0	414	0	1700	0	0	0	0	0	0	0	0	0	226	0	292	0	338	0	0	0	0	0	0	0	0	0	0	0	0	0	0	0	0	0	0	0	0	0	0	0	0	0	0	0	0	0	0	0	0	0	0	0	0	0	0	0	0	0	0	0	96	0	0	0	0	0	0	0	0	0	0	0	0	0	0	0	0	0	0	0	0	0	0	0	0	0	0	0	0	0	0	0	0	0	0	0	0	0	0	0	0	0	0	
159328	Frontal_Inf_Oper_L	5536	0	13740	320	0	0	7796	0	0	0	0	0	10524	0	0	0	10394	0	2904	910	0	0	680	0	0	0	0	0	14884	0	3812	352	0	928	0	0	422	0	0	0	0	0	0	0	0	0	0	0	0	0	0	0	0	0	196	0	616	0	0	0	0	0	0	0	0	0	0	0	0	0	296	0	788	0	0	0	0	0	1056	0	1918	0	1592	0	0	0	0	0	0	0	0	0	0	0	0	0	0	0	0	0	0	0	0	0	0	0	0	0	0	0	0	0	0	0	0	0	
289628	Frontal_Inf_Oper_R	0	15350	500	17576	0	0	0	21114	0	0	0	0	0	9906	0	0	0	12098	5662	14280	0	0	0	150	0	0	0	0	0	13428	0	1428	0	5664	0	0	0	1830	0	482	0	0	0	0	0	0	0	0	0	0	0	0	0	0	0	732	0	2516	0	240	0	488	0	736	0	0	0	0	0	0	3902	4732	1274	8370	0	122	112	1962	0	0	0	160	0	0	0	0	0	0	0	0	0	0	0	0	0	0	0	0	0	0	0	0	0	0	0	0	0	0	0	0	0	0	0	0	0	0	
179024	Frontal_Inf_Tri_L	546	0	13302	0	554	0	18924	0	1392	0	10524	0	0	0	9106	0	134	0	2294	196	132	0	3424	0	0	0	0	0	21398	0	5468	0	178	200	0	0	88	0	0	0	132	0	0	0	0	0	0	0	0	0	0	0	0	0	0	0	0	0	0	0	0	0	0	0	0	0	0	0	0	0	330	0	856	0	0	0	0	0	0	0	0	0	334	0	0	0	0	0	0	0	0	0	0	0	0	0	0	0	0	0	0	0	0	0	0	0	0	0	0	0	0	0	0	0	0	0	
145196	Frontal_Inf_Tri_R	0	0	0	8480	0	302	0	10120	0	414	0	9906	0	0	0	8384	0	2712	3064	4792	0	0	0	1138	0	110	0	0	0	11960	0	2312	0	3076	0	0	0	648	0	288	0	0	0	0	0	0	0	0	0	0	0	0	0	0	0	290	0	0	0	0	0	0	0	0	0	0	0	0	0	0	156	402	0	4044	0	0	0	0	0	0	0	0	0	0	0	0	0	0	0	0	0	0	0	0	0	0	0	0	0	0	0	0	0	0	0	0	0	0	0	0	0	0	0	0	0	0	
122640	Frontal_Inf_Orb_L	0	0	5996	0	6978	0	6772	0	9182	0	0	0	9106	0	0	0	0	0	0	0	2088	506	178	0	202	0	1818	0	10580	0	506	126	0	0	0	0	0	0	154	0	268	0	0	0	0	0	0	0	0	0	0	0	0	0	0	0	0	0	0	0	0	0	0	0	0	0	0	0	0	0	1380	226	3824	0	0	0	0	0	0	0	0	0	1430	0	0	0	0	0	0	0	0	0	0	0	0	0	0	0	0	0	0	0	0	0	0	0	0	0	0	0	0	0	0	0	0	0	
58100	Frontal_Inf_Orb_R	0	0	0	2920	0	1768	0	1896	0	1700	0	0	0	8384	0	0	0	0	516	686	0	1014	0	758	0	318	0	680	0	5426	0	760	0	644	0	0	0	0	0	0	0	138	0	0	0	0	0	0	0	0	0	0	0	0	0	0	0	0	0	0	0	0	0	0	0	0	0	0	0	0	0	102	0	442	0	0	0	0	0	0	0	204	0	694	0	0	0	0	0	0	0	0	0	0	0	0	0	0	0	0	0	0	0	0	0	0	0	0	0	0	0	0	0	0	0	0	
232592	Rolandic_Oper_L	10680	0	17040	338	0	0	5474	0	0	0	10394	0	134	0	0	0	0	0	6424	1230	0	0	0	0	0	0	0	0	21198	0	434	508	0	1262	0	0	1156	0	96	0	0	0	124	0	0	0	84	0	0	0	1482	0	526	0	1516	0	9000	0	124	0	264	0	1884	0	196	0	364	0	96	0	1130	0	846	0	118	0	842	0	6088	0	8808	0	1330	0	3416	0	0	0	1690	0	0	0	0	0	0	0	0	0	0	0	0	0	0	0	0	0	0	0	0	0	0	0	0	0	0	0	
122244	Rolandic_Oper_R	0	1298	0	8490	0	0	0	1638	0	0	0	12098	0	2712	0	0	0	0	852	6822	0	0	0	0	0	0	0	0	0	11322	0	160	0	1010	0	0	0	640	0	0	0	0	0	0	0	0	0	0	0	0	0	0	0	0	0	222	0	3830	0	0	0	636	0	2338	0	0	0	0	0	0	730	688	112	2676	0	464	0	104	0	552	0	1466	0	92	0	0	0	0	0	170	0	0	0	0	0	0	0	0	0	0	0	0	0	0	0	0	0	0	0	0	0	0	0	0	0	0	
635408	Supp_Motor_Area_L	7172	1000	68578	13380	0	0	5924	3072	0	0	2904	5662	2294	3064	0	516	6424	852	0	55924	0	0	5880	5818	0	100	0	0	12754	1918	5270	13708	5962	35008	0	0	2848	0	0	0	0	0	0	0	0	0	0	0	0	0	0	0	0	0	764	0	4038	0	0	0	0	0	346	0	0	0	162	0	4802	1944	8676	2214	16894	456	5802	0	2428	240	1262	0	1516	0	128	0	0	0	0	0	0	0	0	0	0	0	0	0	0	0	0	0	0	0	0	0	0	0	0	0	0	0	0	0	0	0	0	0	
880276	Supp_Motor_Area_R	5002	10252	19118	49640	0	90	990	5140	0	0	910	14280	196	4792	0	686	1230	6822	55924	0	0	0	320	8620	0	328	0	0	1466	6134	1304	16880	8292	60112	1986	852	972	6962	274	342	0	0	126	112	0	0	0	568	0	0	0	0	0	0	0	650	804	4730	308	0	0	0	0	0	0	0	1592	398	16222	35458	12520	31714	4076	7664	1160	2162	4656	24766	0	0	96	0	0	0	0	0	0	0	0	440	0	0	0	0	0	0	0	0	0	0	0	0	0	0	0	0	0	0	0	0	0	0	0	0	0	0	
64132	Olfactory_L	0	0	430	0	2886	0	328	0	150	0	0	0	132	0	2088	0	0	0	0	0	0	3854	0	0	84	112	2538	254	3182	0	2134	1430	0	0	0	0	0	0	268	0	916	0	0	0	0	0	0	0	0	0	0	0	0	0	0	0	0	0	0	0	0	0	0	0	0	0	0	0	0	0	6204	2790	1858	0	0	0	0	0	0	0	0	0	428	0	0	0	0	0	0	0	0	0	0	0	0	0	0	0	0	0	0	0	0	0	0	0	0	0	0	0	0	0	0	0	0	0	
57428	Olfactory_R	0	0	0	0	860	854	0	0	96	0	0	0	0	0	506	1014	0	0	0	0	3854	0	0	0	0	500	1630	2010	0	2164	1966	2062	0	0	0	0	0	0	0	0	0	784	0	0	0	0	0	0	0	0	0	0	0	0	0	0	0	0	0	0	0	0	0	0	0	0	0	0	0	0	4426	3846	1908	118	0	0	0	0	0	0	0	0	0	116	0	0	0	0	0	0	0	0	0	0	0	0	0	0	0	0	0	0	0	0	0	0	0	0	0	0	0	0	0	0	0	0	
221688	Frontal_Sup_Medial_L	154	0	33348	4862	2810	0	10512	0	100	0	680	0	3424	0	178	0	0	0	5880	320	0	0	0	10168	2374	0	216	0	7066	0	11384	6500	2694	6094	0	0	0	0	0	0	0	0	0	0	0	0	0	0	0	0	0	0	0	0	0	0	0	0	0	0	0	0	0	0	0	0	0	0	0	0	126	0	1954	0	0	0	0	0	0	0	0	0	0	0	0	0	0	0	0	0	0	0	0	0	0	0	0	0	0	0	0	0	0	0	0	0	0	0	0	0	0	0	0	0	0	0	
217584	Frontal_Sup_Medial_R	0	0	898	25044	0	2204	0	1836	0	0	0	150	0	1138	0	758	0	0	5818	8620	0	0	10168	0	106	4834	0	392	0	1108	2636	23382	446	14770	0	0	0	0	0	0	0	0	0	0	0	0	0	0	0	0	0	0	0	0	0	0	0	0	0	0	0	0	0	0	0	0	0	0	0	0	0	1522	0	2962	0	0	0	0	0	0	0	0	0	0	0	0	0	0	0	0	0	0	0	0	0	0	0	0	0	0	0	0	0	0	0	0	0	0	0	0	0	0	0	0	0	0	
31820	Frontal_Med_Orb_L	0	0	1168	0	4182	0	0	0	726	0	0	0	0	0	202	0	0	0	0	0	84	0	2374	106	0	304	2024	0	0	0	4098	136	0	0	0	0	0	0	0	0	0	0	0	0	0	0	0	0	0	0	0	0	0	0	0	0	0	0	0	0	0	0	0	0	0	0	0	0	0	0	506	0	0	0	0	0	0	0	0	0	0	0	0	0	0	0	0	0	0	0	0	0	0	0	0	0	0	0	0	0	0	0	0	0	0	0	0	0	0	0	0	0	0	0	0	0	
62044	Frontal_Med_Orb_R	0	0	0	2428	0	4696	0	116	0	226	0	0	0	110	0	318	0	0	100	328	112	500	0	4834	304	0	108	3872	0	356	1080	4504	0	0	0	0	0	0	0	0	0	0	0	0	0	0	0	0	0	0	0	0	0	0	0	0	0	0	0	0	0	0	0	0	0	0	0	0	0	0	122	3022	0	3886	0	0	0	0	0	0	0	0	0	0	0	0	0	0	0	0	0	0	0	0	0	0	0	0	0	0	0	0	0	0	0	0	0	0	0	0	0	0	0	0	0	0	
52348	Rectus_L	0	0	0	0	6400	0	0	0	1806	0	0	0	0	0	1818	0	0	0	0	0	2538	1630	216	0	2024	108	0	240	732	0	3040	756	0	0	0	0	0	0	0	0	0	0	0	0	0	0	0	0	0	0	0	0	0	0	0	0	0	0	0	0	0	0	0	0	0	0	0	0	0	0	2944	934	988	0	0	0	0	0	0	0	0	0	0	0	0	0	0	0	0	0	0	0	0	0	0	0	0	0	0	0	0	0	0	0	0	0	0	0	0	0	0	0	0	0	0	0	
30736	Rectus_R	0	0	0	274	0	3988	0	0	0	292	0	0	0	0	0	680	0	0	0	0	254	2010	0	392	0	3872	240	0	0	812	124	1132	0	0	0	0	0	0	0	0	0	124	0	0	0	0	0	0	0	0	0	0	0	0	0	0	0	0	0	0	0	0	0	0	0	0	0	0	0	0	244	848	0	0	0	0	0	0	0	0	0	0	0	82	0	0	0	0	0	0	0	0	0	0	0	0	0	0	0	0	0	0	0	0	0	0	0	0	0	0	0	0	0	0	0	0	
589172	Insula_L	17190	0	42062	308	3070	0	23300	0	1806	0	14884	0	21398	0	10580	0	21198	0	12754	1466	3182	0	7066	0	0	0	732	0	0	0	9346	724	276	1544	0	0	16550	0	986	0	3900	0	0	0	0	0	0	0	0	0	968	0	234	0	8912	0	6410	0	150	0	308	0	808	0	136	0	154	0	1126	0	2312	0	19602	0	570	0	1276	0	12246	0	12574	0	4038	0	3064	0	0	0	4972	0	130	0	0	0	0	0	0	0	274	0	0	0	0	0	0	0	0	0	0	0	0	0	0	0	0	0	
217096	Insula_R	0	3794	0	8334	0	840	0	4638	0	338	0	13428	0	11960	0	5426	0	11322	1918	6134	0	2164	0	1108	0	356	0	812	0	0	0	2254	0	1088	0	0	110	5106	0	1156	0	2274	0	0	0	0	0	0	0	0	0	0	0	0	0	1640	0	1644	0	0	0	112	0	306	0	0	0	0	0	0	334	1068	0	14278	0	184	0	546	0	208	0	2350	0	628	0	252	0	0	0	438	0	0	0	0	0	0	0	0	0	0	0	0	0	0	0	0	0	0	0	0	0	0	0	0	0	0	
218644	Cingulum_Ant_L	414	0	12746	2498	4540	308	4462	0	956	0	3812	0	5468	0	506	0	434	0	5270	1304	2134	1966	11384	2636	4098	1080	3040	124	9346	0	0	9196	2190	2146	0	0	142	0	0	0	0	0	0	0	0	0	0	0	0	0	0	0	0	0	90	0	0	0	0	0	0	0	0	0	0	0	0	0	0	0	5626	2918	7466	318	0	0	0	0	0	0	178	0	264	0	0	0	0	0	262	0	0	0	0	0	0	0	0	0	0	0	0	0	0	0	0	0	0	0	0	0	0	0	0	0	0	0	
341948	Cingulum_Ant_R	0	0	4108	22950	332	1076	118	1638	0	0	352	1428	0	2312	126	760	508	160	13708	16880	1430	2062	6500	23382	136	4504	756	1132	724	2254	9196	0	2028	24828	0	0	0	264	0	96	0	0	0	0	0	0	0	0	0	0	0	0	0	0	0	82	0	0	0	0	0	0	0	0	0	0	0	0	0	0	3484	14174	1184	6210	0	0	0	0	0	0	92	0	0	0	0	0	0	0	0	0	0	0	0	0	0	0	0	0	0	0	0	0	0	0	0	0	0	0	0	0	0	0	0	0	0	0	
130480	Cingulum_Mid_L	0	348	3388	268	0	0	398	0	0	0	0	0	178	0	0	0	0	0	5962	8292	0	0	2694	446	0	0	0	0	276	0	2190	2028	0	11962	3802	572	0	0	0	0	0	0	450	166	800	282	0	0	1030	218	1160	176	0	0	0	0	136	0	696	0	0	0	0	0	0	0	5582	1290	5578	4224	154	0	0	0	0	0	0	0	0	0	0	0	0	0	0	0	0	0	0	0	0	0	0	0	0	0	0	0	0	0	0	0	0	0	0	0	0	0	0	0	494	0	0	0	0	0	
580596	Cingulum_Mid_R	3014	2222	10238	19022	0	0	496	1912	0	0	928	5664	200	3076	0	644	1262	1010	35008	60112	0	0	6094	14770	0	0	0	0	1544	1088	2146	24828	11962	0	2656	3674	0	460	0	0	0	0	218	2724	212	3960	0	698	0	2302	92	1778	0	0	0	664	1112	3890	378	352	0	82	0	0	0	0	2808	8846	10934	24088	5704	924	774	376	0	0	1112	152	0	0	142	0	0	0	0	208	0	0	0	434	0	0	0	0	0	0	0	0	0	0	0	0	0	0	0	0	0	0	0	0	1304	0	0	0	0	0	
140644	Cingulum_Post_L	0	874	0	346	0	0	0	0	0	0	0	0	0	0	0	0	0	0	0	1986	0	0	0	0	0	0	0	0	0	0	0	0	3802	2656	0	10168	4594	3026	1162	362	0	0	6002	172	1330	188	1592	104	676	0	1748	0	628	0	724	0	1924	0	658	0	0	0	0	0	96	0	9666	2146	2282	2394	0	0	0	196	0	0	0	1562	0	0	0	0	0	0	1334	100	0	0	618	0	0	0	0	0	0	0	334	0	0	0	0	0	0	0	0	0	0	0	0	0	4872	0	0	0	0	0	
150316	Cingulum_Post_R	0	688	0	334	0	0	0	0	0	0	0	0	0	0	0	0	0	0	0	852	0	0	0	0	0	0	0	0	0	0	0	0	572	3674	10168	0	3496	4996	718	876	0	0	298	2684	762	1470	88	2218	0	698	508	754	198	194	252	1928	740	2364	138	292	0	98	0	0	0	324	1648	13568	184	3158	0	0	0	192	0	0	0	1570	0	0	0	98	0	0	434	388	0	0	192	1270	0	0	0	0	0	0	0	178	0	0	0	0	0	0	0	0	0	0	0	0	9896	0	0	0	0	0	
277660	Hippocampus_L	8906	1074	8410	644	0	0	4296	0	0	0	422	0	88	0	0	0	1156	0	2848	972	0	0	0	0	0	0	0	0	16550	110	142	0	0	0	4594	3496	0	4168	10028	568	7794	126	1194	0	0	0	3422	388	0	0	126	0	0	0	14690	152	1000	0	0	0	0	0	90	0	0	0	1548	594	4076	142	134	0	10950	572	1104	0	2888	2836	2438	0	3560	110	632	0	514	182	0	0	5730	0	442	0	0	0	0	0	1490	0	938	0	0	0	0	0	0	0	0	0	0	244	252	0	0	0	0	0	
278272	Hippocampus_R	0	5530	0	6672	0	0	0	1236	0	0	0	1830	0	648	0	0	0	640	0	6962	0	0	0	0	0	0	0	0	0	5106	0	264	0	460	3026	4996	4168	0	884	16908	0	8016	0	366	0	0	0	5716	0	0	0	108	0	0	0	19206	0	1004	0	0	0	180	0	180	0	0	0	3116	0	1462	0	0	0	12208	0	266	320	7314	0	160	0	3290	0	1030	0	4432	0	0	0	8584	0	0	0	0	0	100	0	1454	0	194	0	0	0	0	0	0	0	0	0	0	1100	0	0	0	0	0	
133260	ParaHippocampal_L	1302	0	196	110	0	0	0	0	0	0	0	0	0	0	154	0	96	0	0	274	268	0	0	0	0	0	0	0	986	0	0	0	0	0	1162	718	10028	884	0	166	2208	0	482	0	0	0	7402	612	0	0	3004	0	2054	0	11016	268	470	0	0	0	0	0	0	0	0	0	1256	198	338	0	204	0	240	284	0	0	204	488	0	0	0	0	2230	0	890	0	2098	0	878	0	1824	0	0	0	800	0	5442	420	3876	188	0	0	0	0	0	0	0	0	0	296	616	0	0	0	0	0	
143600	ParaHippocampal_R	0	0	0	202	0	0	0	286	0	0	0	482	0	288	0	0	0	0	0	342	0	0	0	0	0	0	0	0	0	1156	0	96	0	0	362	876	568	16908	166	0	0	5478	0	508	0	0	0	10304	0	0	0	0	0	598	0	15612	0	0	0	0	0	0	0	0	0	0	0	1744	0	0	0	0	0	3524	0	238	0	540	0	0	0	230	0	1396	0	362	0	0	0	1354	0	246	0	0	0	1434	0	4242	0	678	0	0	0	0	0	0	0	0	0	880	700	0	0	0	0	0	
47560	Amygdala_L	0	0	172	0	398	0	130	0	0	0	0	0	132	0	268	0	0	0	0	0	916	0	0	0	0	0	0	0	3900	0	0	0	0	0	0	0	7794	0	2208	0	0	0	0	0	0	0	0	0	0	0	0	0	0	0	4886	0	0	0	0	0	0	0	0	0	0	0	0	0	0	0	366	0	1044	0	0	0	0	0	0	0	96	0	548	0	0	0	246	0	676	0	0	0	0	0	0	0	0	0	0	0	0	0	0	0	0	0	0	0	0	0	0	0	0	0	0	0	
55272	Amygdala_R	0	0	0	0	0	118	0	0	0	0	0	0	0	0	0	138	0	0	0	0	0	784	0	0	0	0	0	124	0	2274	0	0	0	0	0	0	126	8016	0	5478	0	0	0	0	0	0	0	0	0	0	0	0	0	0	0	6540	0	0	0	0	0	0	0	0	0	0	0	0	0	0	0	0	0	1146	0	0	0	0	0	0	0	0	0	2538	0	0	0	0	0	354	0	0	0	0	0	0	0	0	0	0	0	0	0	0	0	0	0	0	0	0	0	0	0	0	0	0	
412472	Calcarine_L	0	0	0	0	0	0	0	0	0	0	0	0	0	0	0	0	124	0	0	126	0	0	0	0	0	0	0	0	0	0	0	0	450	218	6002	298	1194	0	482	0	0	0	0	13328	23898	9236	22104	5358	12568	5632	32334	790	13576	184	4556	596	2188	96	1530	0	1460	0	0	0	1264	0	28522	2918	1214	306	0	0	0	0	0	0	0	0	0	0	136	0	0	0	4480	254	0	0	2704	92	222	0	0	0	0	0	626	0	190	0	0	0	0	0	0	0	0	0	0	0	4980	0	0	0	0	0	
439152	Calcarine_R	0	176	0	0	0	0	0	0	0	0	0	0	0	0	0	0	0	0	0	112	0	0	0	0	0	0	0	0	0	0	0	0	166	2724	172	2684	0	366	0	508	0	0	13328	0	13992	36492	4248	24494	490	32764	168	18996	0	3992	0	6576	0	3868	0	1274	0	278	0	124	0	142	1732	28626	0	5774	0	0	0	0	0	0	0	0	0	208	0	440	0	0	0	4512	0	0	0	3226	0	88	0	0	0	0	0	88	0	248	0	0	0	0	0	0	0	0	0	0	5814	686	0	0	0	0	
280896	Cuneus_L	0	0	0	0	0	0	0	0	0	0	0	0	0	0	0	0	0	0	0	0	0	0	0	0	0	0	0	0	0	0	0	0	800	212	1330	762	0	0	0	0	0	0	23898	13992	0	19220	3092	2376	21224	8106	15466	1854	2918	0	462	314	526	0	2006	0	112	0	0	0	186	0	13050	6890	0	206	0	0	0	0	0	0	0	0	0	0	0	0	0	0	414	222	0	0	226	96	0	0	0	0	0	0	0	0	0	0	0	0	0	0	0	0	0	0	0	0	384	104	0	0	0	0	
389144	Cuneus_R	0	0	0	0	0	0	0	0	0	0	0	0	0	0	0	0	0	0	0	0	0	0	0	0	0	0	0	0	0	0	0	0	282	3960	188	1470	0	0	0	0	0	0	9236	36492	19220	0	1216	5078	1012	44422	320	22462	156	712	0	1336	0	1208	0	3726	0	190	0	0	0	516	4048	29454	0	5374	0	0	0	0	0	0	0	0	0	0	0	0	0	0	0	844	0	0	0	564	0	0	0	0	0	0	0	0	0	0	0	0	0	0	0	0	0	0	0	0	806	280	0	0	0	0	
415908	Lingual_L	0	0	0	0	0	0	0	0	0	0	0	0	0	0	0	0	84	0	0	0	0	0	0	0	0	0	0	0	0	0	0	0	0	0	1592	88	3422	0	7402	0	0	0	22104	4248	3092	1216	0	13632	5088	1142	31156	126	18690	370	22162	4678	216	0	304	0	0	0	0	0	86	0	7598	302	0	0	0	0	0	0	0	0	0	0	0	0	0	0	0	0	230	0	0	0	278	0	6476	942	1478	0	206	0	13124	5212	14338	4388	0	0	0	0	0	0	0	0	0	0	6600	4678	1206	0	0	0	
468932	Lingual_R	0	100	0	100	0	0	0	0	0	0	0	0	0	0	0	0	0	0	0	568	0	0	0	0	0	0	0	0	0	0	0	0	0	698	104	2218	388	5716	612	10304	0	0	5358	24494	2376	5078	13632	0	0	6658	430	2640	360	4920	3200	26876	0	1014	0	0	0	0	0	0	0	0	180	11134	0	1348	0	0	0	984	0	0	0	322	0	0	0	92	0	0	0	1056	0	0	0	1694	976	4978	0	0	182	1416	10396	16614	9694	14406	272	0	114	0	1128	664	332	160	0	1008	21058	13140	2168	84	670	352	
258860	Occipital_Sup_L	0	0	0	0	0	0	0	0	0	0	0	0	0	0	0	0	0	0	0	0	0	0	0	0	0	0	0	0	0	0	0	0	1030	0	676	0	0	0	0	0	0	0	12568	490	21224	1012	5088	0	0	360	40932	0	1618	0	388	0	716	0	17626	0	3204	0	0	0	606	0	18226	1646	0	0	0	0	0	0	0	0	0	0	0	0	0	0	0	0	1694	0	0	0	192	0	0	0	0	0	0	0	0	0	0	0	0	0	0	0	0	0	0	0	0	0	134	0	0	0	0	0	
384984	Occipital_Sup_R	0	0	0	0	0	0	0	0	0	0	0	0	0	0	0	0	0	0	0	0	0	0	0	0	0	0	0	0	0	0	0	0	218	2302	0	698	0	0	0	0	0	0	5632	32764	8106	44422	1142	6658	360	0	0	35968	0	2530	0	4650	0	1892	0	8504	0	216	0	0	0	4156	2424	22674	0	4754	0	0	0	0	0	0	0	0	0	0	0	0	0	0	0	756	0	0	0	720	0	0	0	0	0	0	0	0	0	104	0	0	0	0	0	0	0	0	0	0	398	444	0	0	0	0	
642680	Occipital_Mid_L	1690	0	0	0	0	0	0	0	0	0	0	0	0	0	0	0	1482	0	0	0	0	0	0	0	0	0	0	0	968	0	0	0	1160	92	1748	508	126	0	3004	0	0	0	32334	168	15466	320	31156	430	40932	0	0	0	42362	0	20038	260	5288	0	19424	0	12778	0	338	0	17302	0	31056	1680	512	0	0	0	0	0	0	0	0	0	504	0	1226	0	0	0	22242	0	0	0	7974	0	1158	138	0	0	0	0	586	414	1732	348	0	0	0	0	0	0	0	0	0	0	1582	440	374	0	0	0	
293832	Occipital_Mid_R	0	0	0	0	0	0	0	0	0	0	0	0	0	0	0	0	0	0	0	0	0	0	0	0	0	0	0	0	0	0	0	0	176	1778	0	754	0	108	0	0	0	0	790	18996	1854	22462	126	2640	0	35968	0	0	0	4938	0	4522	0	2880	0	6468	0	532	0	0	0	9636	1200	17012	0	4024	0	0	0	0	0	0	0	0	0	0	0	356	0	0	0	7028	0	0	0	1834	0	0	0	0	0	0	0	0	0	0	0	0	0	0	0	0	0	0	0	0	834	0	0	0	0	0	
268180	Occipital_Inf_L	686	0	0	0	0	0	0	0	0	0	0	0	0	0	0	0	526	0	0	0	0	0	0	0	0	0	0	0	234	0	0	0	0	0	628	198	0	0	2054	0	0	0	13576	0	2918	156	18690	360	1618	0	42362	0	0	0	18730	256	1862	0	746	0	340	0	136	0	488	0	5674	0	210	0	0	0	0	0	0	0	0	0	0	0	250	0	0	0	6052	0	0	0	7926	0	1826	156	100	0	0	0	1062	430	1884	342	0	0	0	0	0	0	0	0	0	0	1000	370	244	0	0	0	
73008	Occipital_Inf_R	0	0	0	0	0	0	0	0	0	0	0	0	0	0	0	0	0	0	0	0	0	0	0	0	0	0	0	0	0	0	0	0	0	0	0	194	0	0	0	598	0	0	184	3992	0	712	370	4920	0	2530	0	4938	0	0	0	8340	0	302	0	0	0	0	0	0	0	0	0	694	0	136	0	0	0	0	0	0	0	0	0	0	0	0	0	0	0	1250	0	0	0	2508	0	210	0	0	0	0	138	204	284	1502	0	0	0	0	0	0	0	0	0	0	532	1310	656	0	0	0	
523116	Fusiform_L	1982	0	910	0	0	0	0	0	0	0	196	0	0	0	0	0	1516	0	764	0	0	0	0	0	0	0	0	0	8912	0	90	0	0	0	724	252	14690	0	11016	0	4886	0	4556	0	462	0	22162	3200	388	0	20038	0	18730	0	0	1640	1910	0	252	0	258	0	708	0	294	0	2500	0	230	0	0	0	1450	0	0	0	0	0	328	0	3578	0	2566	0	6832	0	1954	0	21328	0	25316	1286	1274	0	310	0	18412	3116	36260	3070	166	0	90	0	0	152	0	0	0	0	4146	4616	1884	0	158	0	
536276	Fusiform_R	0	522	0	102	0	0	0	322	0	0	0	732	0	290	0	0	0	222	0	650	0	0	0	0	0	0	0	0	0	1640	0	82	0	664	0	1928	152	19206	268	15612	0	6540	596	6576	314	1336	4678	26876	0	4650	260	4522	256	8340	1640	0	0	2958	0	692	0	664	0	404	0	0	264	4858	0	1900	0	0	0	4370	0	134	0	180	0	200	0	1316	0	3626	0	4000	0	474	0	18022	858	20946	0	108	0	1388	5296	21210	5628	34240	0	0	0	174	92	148	0	0	0	994	13454	8300	2046	0	98	120	
342624	Postcentral_L	27216	166	7058	0	0	0	2248	0	0	0	616	0	0	0	0	0	9000	0	4038	804	0	0	0	0	0	0	0	0	6410	0	0	0	136	1112	1924	740	1000	0	470	0	0	0	2188	0	526	0	216	0	716	0	5288	0	1862	0	1910	0	0	98	15044	0	22900	0	12910	0	5498	0	8148	0	6076	1072	3890	0	564	0	0	0	836	0	5246	0	4512	0	0	0	5816	0	0	0	2280	0	0	0	0	0	0	0	0	0	0	0	0	0	0	0	0	0	0	0	0	0	778	0	0	0	0	0	
239728	Postcentral_R	0	12698	0	1240	0	0	0	562	0	0	0	2516	0	0	0	0	0	3830	0	4730	0	0	0	0	0	0	0	0	0	1644	0	0	0	3890	0	2364	0	1004	0	0	0	0	96	3868	0	1208	0	1014	0	1892	0	2880	0	302	0	2958	98	0	0	7984	0	10658	0	13668	0	1808	136	6456	412	16338	0	0	0	1030	0	0	248	0	0	0	0	1334	0	0	0	6110	0	0	0	3248	0	0	0	0	0	0	0	0	0	0	0	0	0	0	0	0	0	0	0	0	1640	0	0	0	0	0	
219784	Parietal_Sup_L	916	0	0	0	0	0	0	0	0	0	0	0	0	0	0	0	124	0	0	308	0	0	0	0	0	0	0	0	150	0	0	0	696	378	658	138	0	0	0	0	0	0	1530	0	2006	0	304	0	17626	0	19424	0	746	0	252	0	15044	0	0	84	17934	0	0	0	6870	0	18592	1768	798	328	88	0	0	0	0	0	0	0	0	0	212	0	0	0	2326	0	0	0	470	0	0	0	0	0	0	0	0	0	0	0	0	0	0	0	0	0	0	0	0	0	122	0	0	0	0	0	
138336	Parietal_Sup_R	0	284	0	0	0	0	0	0	0	0	0	240	0	0	0	0	0	0	0	0	0	0	0	0	0	0	0	0	0	0	0	0	0	352	0	292	0	0	0	0	0	0	0	1274	0	3726	0	0	0	8504	0	6468	0	0	0	692	0	7984	84	0	0	10826	0	4332	0	7888	1064	11826	0	1268	0	0	0	112	0	0	0	0	0	0	0	142	0	0	0	800	0	0	0	870	0	0	0	0	0	0	0	0	0	0	0	0	0	0	0	0	0	0	0	0	140	0	0	0	0	0	
267312	Parietal_Inf_L	2698	0	0	0	0	0	86	0	0	0	0	0	0	0	0	0	264	0	0	0	0	0	0	0	0	0	0	0	308	0	0	0	0	0	0	0	0	0	0	0	0	0	1460	0	112	0	0	0	3204	0	12778	0	340	0	258	0	22900	0	17934	0	0	0	18490	0	27478	0	7302	0	164	0	522	0	0	0	0	0	188	0	138	0	4066	0	0	0	10522	0	0	0	2444	0	0	0	0	0	0	0	0	0	0	0	0	0	0	0	0	0	0	0	0	0	0	0	0	0	0	0	
129544	Parietal_Inf_R	0	640	0	134	0	0	0	0	0	0	0	488	0	0	0	0	0	636	0	0	0	0	0	0	0	0	0	0	0	112	0	0	0	82	0	98	0	180	0	0	0	0	0	278	0	190	0	0	0	216	0	532	0	0	0	664	0	10658	0	10826	0	0	0	16732	0	12394	0	562	0	224	0	0	0	534	0	0	0	0	0	0	0	1334	0	0	0	3764	0	0	0	3494	0	0	0	0	0	0	0	0	0	0	0	0	0	0	0	0	0	0	0	0	0	0	0	0	0	0	
135888	SupraMarginal_L	2358	0	698	0	0	0	486	0	0	0	0	0	0	0	0	0	1884	0	346	0	0	0	0	0	0	0	0	0	808	0	0	0	0	0	0	0	90	0	0	0	0	0	0	0	0	0	0	0	0	0	338	0	136	0	708	0	12910	0	0	0	18490	0	0	0	8664	0	92	0	0	0	690	0	0	0	0	0	0	0	254	0	7750	0	0	0	8788	0	0	0	2454	0	0	0	0	0	0	0	0	0	0	0	0	0	0	0	0	0	0	0	0	0	0	0	0	0	0	0	
124212	SupraMarginal_R	0	978	0	170	0	0	0	0	0	0	0	736	0	0	0	0	0	2338	0	0	0	0	0	0	0	0	0	0	0	306	0	0	0	0	0	0	0	180	0	0	0	0	0	124	0	0	0	0	0	0	0	0	0	0	0	404	0	13668	0	4332	0	16732	0	0	0	7210	0	0	0	0	0	0	0	742	0	0	0	0	0	0	0	5278	0	0	0	3862	0	0	0	5046	0	0	0	0	0	0	0	0	0	0	0	0	0	0	0	0	0	0	0	0	0	0	0	0	0	0	
196352	Angular_L	802	0	0	0	0	0	0	0	0	0	0	0	0	0	0	0	196	0	0	0	0	0	0	0	0	0	0	0	136	0	0	0	0	0	96	0	0	0	0	0	0	0	1264	0	186	0	86	0	606	0	17302	0	488	0	294	0	5498	0	6870	0	27478	0	8664	0	0	0	4956	0	202	0	96	0	0	0	0	0	0	0	0	0	3368	0	0	0	16978	0	0	0	2610	0	0	0	0	0	0	0	0	0	0	0	0	0	0	0	0	0	0	0	0	0	0	0	0	0	0	0	
112336	Angular_R	0	0	0	0	0	0	0	0	0	0	0	0	0	0	0	0	0	0	0	0	0	0	0	0	0	0	0	0	0	0	0	0	0	0	0	324	0	0	0	0	0	0	0	142	0	516	0	0	0	4156	0	9636	0	0	0	0	0	1808	0	7888	0	12394	0	7210	0	0	0	460	0	384	0	0	0	0	0	0	0	0	0	0	0	3254	0	0	0	5278	0	0	0	2582	0	0	0	0	0	0	0	0	0	0	0	0	0	0	0	0	0	0	0	0	136	0	0	0	0	0	
439164	Precuneus_L	214	186	0	0	0	0	0	0	0	0	0	0	0	0	0	0	364	0	162	1592	0	0	0	0	0	0	0	0	154	0	0	0	5582	2808	9666	1648	1548	0	1256	0	0	0	28522	1732	13050	4048	7598	180	18226	2424	31056	1200	5674	0	2500	264	8148	136	18592	1064	7302	0	92	0	4956	0	0	11864	6740	2966	0	0	0	0	0	0	0	0	0	0	462	0	0	0	6552	0	0	0	2020	0	106	0	0	0	0	0	1058	0	100	0	0	0	0	0	0	0	0	0	0	0	5770	0	0	0	0	0	
445252	Precuneus_R	0	148	0	0	0	0	0	0	0	0	0	0	0	0	0	0	0	0	0	398	0	0	0	0	0	0	0	0	0	0	0	0	1290	8846	2146	13568	594	3116	198	1744	0	0	2918	28626	6890	29454	302	11134	1646	22674	1680	17012	0	694	0	4858	0	6456	1768	11826	0	562	0	0	0	460	11864	0	86	11078	0	0	0	0	0	0	0	0	0	0	0	108	0	0	82	1710	0	0	0	2254	0	0	0	0	0	0	0	488	0	0	0	0	0	0	0	0	0	0	0	0	13948	0	0	0	0	0	
228820	Paracentral_Lobule_L	21802	4322	3642	550	0	0	616	0	0	0	0	0	0	0	0	0	96	0	4802	16222	0	0	0	0	0	0	0	0	1126	0	0	0	5578	10934	2282	184	4076	0	338	0	0	0	1214	0	0	0	0	0	0	0	512	0	210	0	230	0	6076	412	798	0	164	0	0	0	202	0	6740	86	0	12026	1264	434	1530	0	0	0	3448	864	286	0	0	0	0	0	518	0	0	0	308	0	0	0	0	0	0	0	0	0	0	0	0	0	0	0	0	0	0	0	0	0	518	0	0	0	0	0	
362064	Paracentral_Lobule_R	2378	8038	538	924	0	0	0	0	0	0	0	0	0	0	0	0	0	0	1944	35458	0	0	0	0	0	0	0	0	0	0	0	0	4224	24088	2394	3158	142	1462	0	0	0	0	306	5774	206	5374	0	1348	0	4754	0	4024	0	136	0	1900	1072	16338	328	1268	0	224	0	0	0	384	2966	11078	12026	0	1004	5902	0	0	0	0	672	9224	0	0	0	480	0	0	0	5466	0	0	0	2402	0	0	0	0	0	0	0	0	0	0	0	0	0	0	0	0	0	0	0	0	1628	0	0	0	0	0	
258504	Caudate_L	3884	3502	5262	3218	2626	0	566	3762	280	0	296	3902	330	156	1380	0	1130	730	8676	12520	6204	4426	126	0	506	122	2944	244	2312	334	5626	3484	154	5704	0	0	134	0	204	0	366	0	0	0	0	0	0	0	0	0	0	0	0	0	0	0	3890	0	88	0	522	0	690	0	96	0	0	0	1264	1004	0	8072	13120	338	2146	0	11926	106	228	0	280	0	264	0	108	0	0	0	0	0	0	0	0	0	0	0	0	0	0	0	0	0	0	0	0	0	0	0	0	0	0	0	0	0	0	0	
286364	Caudate_R	292	7404	960	10134	506	462	0	3986	0	0	0	4732	0	402	226	102	0	688	2214	31714	2790	3846	0	1522	0	3022	934	848	0	1068	2918	14174	0	924	0	0	0	0	0	0	0	0	0	0	0	0	0	0	0	0	0	0	0	0	0	0	0	0	0	0	0	0	0	0	0	0	0	0	434	5902	8072	0	2628	8508	0	1252	224	20294	0	0	0	0	0	0	0	0	0	0	0	0	0	0	0	0	0	0	0	0	0	0	0	0	0	0	0	0	0	0	0	0	0	0	0	0	0	0	
315404	Putamen_L	5226	1694	26196	1694	3242	0	6970	1580	1722	0	788	1274	856	0	3824	0	846	112	16894	4076	1858	1908	1954	0	0	0	988	0	19602	0	7466	1184	0	774	0	0	10950	0	240	0	1044	0	0	0	0	0	0	0	0	0	0	0	0	0	1450	0	564	0	0	0	0	0	0	0	0	0	0	0	1530	0	13120	2628	0	0	7130	0	2628	0	884	0	1394	0	524	0	152	0	0	0	736	0	0	0	0	0	0	0	0	0	0	0	0	0	0	0	0	0	0	0	0	0	0	0	0	0	0	0	
229256	Putamen_R	0	4058	0	11298	0	966	0	5092	0	96	0	8370	0	4044	0	442	0	2676	456	7664	0	118	0	2962	0	3886	0	0	0	14278	318	6210	0	376	196	192	572	12208	284	3524	0	1146	0	0	0	0	0	984	0	0	0	0	0	0	0	4370	0	1030	0	112	0	534	0	742	0	0	0	0	0	0	338	8508	0	0	0	2386	120	2244	0	0	0	398	0	0	0	368	0	0	0	850	0	0	0	0	0	0	0	212	0	0	0	0	0	0	0	0	0	0	0	0	0	0	0	0	0	0	
56284	Pallidum_L	200	0	6010	182	0	0	1054	0	0	0	0	0	0	0	0	0	118	0	5802	1160	0	0	0	0	0	0	0	0	570	0	0	0	0	0	0	0	1104	0	0	0	0	0	0	0	0	0	0	0	0	0	0	0	0	0	0	0	0	0	0	0	0	0	0	0	0	0	0	0	0	0	2146	0	7130	0	0	0	2370	0	0	0	296	0	0	0	0	0	0	0	0	0	0	0	0	0	0	0	0	0	0	0	0	0	0	0	0	0	0	0	0	0	0	0	0	0	0	0	
18436	Pallidum_R	0	0	0	2010	0	0	0	0	0	0	0	122	0	0	0	0	0	464	0	2162	0	0	0	0	0	0	0	0	0	184	0	0	0	0	0	0	0	266	0	238	0	0	0	0	0	0	0	0	0	0	0	0	0	0	0	134	0	0	0	0	0	0	0	0	0	0	0	0	0	0	0	1252	0	2386	0	0	0	0	0	0	0	0	0	0	0	0	0	0	0	0	0	0	0	0	0	0	0	0	0	0	0	0	0	0	0	0	0	0	0	0	0	0	0	0	0	0	
126060	Thalamus_L	4622	1914	11028	1054	0	0	6062	626	0	0	0	112	0	0	0	0	842	0	2428	4656	0	0	0	0	0	0	0	0	1276	0	0	0	0	1112	0	0	2888	320	204	0	0	0	0	0	0	0	0	0	0	0	0	0	0	0	0	0	836	248	0	0	188	0	0	0	0	0	0	0	3448	672	11926	224	2628	120	2370	0	0	654	174	0	398	0	0	0	0	0	0	0	0	0	0	0	0	0	0	0	0	0	0	0	0	0	0	0	0	0	0	0	0	0	0	0	0	0	0	0	
186540	Thalamus_R	344	9914	244	2620	0	0	0	1982	0	0	0	1962	0	0	0	0	0	104	240	24766	0	0	0	0	0	0	0	0	0	546	0	0	0	152	1562	1570	2836	7314	488	540	0	0	0	0	0	0	0	322	0	0	0	0	0	0	0	180	0	0	0	0	0	0	0	0	0	0	0	0	864	9224	106	20294	0	2244	0	0	654	0	0	0	0	802	0	0	0	1008	0	0	0	388	0	0	0	0	0	0	0	0	0	0	0	0	0	0	0	0	0	0	0	0	0	0	0	0	0	0	
101768	Heschl_L	11186	0	2246	0	0	0	306	0	0	0	1056	0	0	0	0	0	6088	0	1262	0	0	0	0	0	0	0	0	0	12246	0	0	0	0	0	0	0	2438	0	0	0	0	0	0	0	0	0	0	0	0	0	504	0	0	0	328	0	5246	0	0	0	138	0	254	0	0	0	0	0	286	0	228	0	884	0	0	0	174	0	0	0	3086	0	0	0	1850	0	0	0	1078	0	0	0	0	0	0	0	0	0	0	0	0	0	0	0	0	0	0	0	0	0	0	0	0	0	0	0	
4628	Heschl_R	0	0	0	0	0	0	0	0	0	0	0	0	0	0	0	0	0	552	0	0	0	0	0	0	0	0	0	0	0	208	0	0	0	0	0	0	0	160	0	0	0	0	0	208	0	0	0	0	0	0	0	0	0	0	0	200	0	0	0	0	0	0	0	0	0	0	0	0	0	0	0	0	0	0	0	0	0	0	0	0	0	684	0	0	0	108	0	0	0	194	0	0	0	0	0	0	0	0	0	0	0	0	0	0	0	0	0	0	0	0	0	0	0	0	0	0	
219640	Temporal_Sup_L	3526	0	5842	0	0	0	2686	0	0	0	1918	0	0	0	0	0	8808	0	1516	96	0	0	0	0	0	0	0	0	12574	0	178	92	0	142	0	0	3560	0	0	0	96	0	136	0	0	0	0	0	0	0	1226	0	250	0	3578	0	4512	0	212	0	4066	0	7750	0	3368	0	462	0	0	0	280	0	1394	0	296	0	398	0	3086	0	0	0	3802	0	25270	0	0	0	8484	0	114	0	0	0	0	0	0	0	102	0	0	0	0	0	0	0	0	0	0	0	0	0	0	0	0	0	
96608	Temporal_Sup_R	0	222	0	0	0	0	0	0	0	0	0	160	0	0	0	204	0	1466	0	0	0	0	0	0	0	0	0	0	0	2350	0	0	0	0	0	98	110	3290	0	230	0	0	0	440	0	0	0	92	0	0	0	356	0	0	0	1316	0	1334	0	142	0	1334	0	5278	0	3254	0	108	0	480	0	0	0	398	0	0	0	802	0	684	0	0	0	4232	0	14264	0	1418	0	4242	0	0	0	0	0	0	0	0	0	0	0	0	0	0	0	0	0	0	0	0	0	0	0	0	0	0	
85656	Temporal_Pole_Sup_L	0	0	874	0	142	0	264	0	210	0	1592	0	334	0	1430	0	1330	0	128	0	428	0	0	0	0	0	0	0	4038	0	264	0	0	0	0	0	632	0	2230	0	548	0	0	0	0	0	0	0	0	0	0	0	0	0	2566	0	0	0	0	0	0	0	0	0	0	0	0	0	0	0	264	0	524	0	0	0	0	0	0	0	3802	0	0	0	7936	0	6258	0	7034	0	0	0	0	0	0	0	0	0	0	0	0	0	0	0	0	0	0	0	0	0	0	0	0	0	0	0	
47468	Temporal_Pole_Sup_R	0	0	0	0	0	0	0	0	0	0	0	0	0	0	0	694	0	92	0	0	0	116	0	0	0	0	0	82	0	628	0	0	0	0	0	0	0	1030	0	1396	0	2538	0	0	0	0	0	0	0	0	0	0	0	0	0	3626	0	0	0	0	0	0	0	0	0	0	0	0	0	0	0	0	0	0	0	0	0	0	0	0	0	4232	0	0	0	2500	0	3462	0	3338	0	0	0	0	0	0	0	0	0	0	0	0	0	0	0	0	0	0	0	0	0	0	0	0	0	0	
358712	Temporal_Mid_L	3224	0	0	0	0	0	0	0	0	0	0	0	0	0	0	0	3416	0	0	0	0	0	0	0	0	0	0	0	3064	0	0	0	0	0	1334	434	514	0	890	0	0	0	4480	0	414	0	230	0	1694	0	22242	0	6052	0	6832	0	5816	0	2326	0	10522	0	8788	0	16978	0	6552	82	518	0	108	0	152	0	0	0	0	0	1850	0	25270	0	7936	0	0	0	2356	0	33546	0	444	0	0	0	0	0	0	0	92	0	0	0	0	0	0	0	0	0	0	0	1200	0	0	0	0	0	
198232	Temporal_Mid_R	0	394	0	0	0	0	0	0	0	0	0	0	0	0	0	0	0	0	0	0	0	0	0	0	0	0	0	0	0	252	0	0	0	208	100	388	182	4432	0	362	0	0	254	4512	222	844	0	1056	0	756	0	7028	0	1250	0	4000	0	6110	0	800	0	3764	0	3862	0	5278	0	1710	0	5466	0	0	0	368	0	0	0	1008	0	108	0	14264	0	2500	0	0	0	1534	0	25746	0	0	0	0	0	0	0	0	0	0	0	0	0	0	0	0	0	0	0	0	358	0	0	0	0	0	
31604	Temporal_Pole_Mid_L	0	0	0	0	0	0	0	0	0	0	0	0	0	0	0	0	0	0	0	0	0	0	0	0	0	0	0	0	0	0	0	0	0	0	0	0	0	0	2098	0	246	0	0	0	0	0	0	0	0	0	0	0	0	0	1954	0	0	0	0	0	0	0	0	0	0	0	0	0	0	0	0	0	0	0	0	0	0	0	0	0	0	0	6258	0	2356	0	0	0	2890	0	0	0	0	0	0	0	0	0	0	0	0	0	0	0	0	0	0	0	0	0	0	0	0	0	0	0	
16280	Temporal_Pole_Mid_R	0	0	0	0	0	0	0	0	0	0	0	0	0	0	0	0	0	0	0	0	0	0	0	0	0	0	0	0	0	0	0	0	0	0	0	0	0	0	0	0	0	0	0	0	0	0	0	0	0	0	0	0	0	0	0	474	0	0	0	0	0	0	0	0	0	0	0	0	0	0	0	0	0	0	0	0	0	0	0	0	0	1418	0	3462	0	1534	0	0	0	1252	0	0	0	0	0	0	0	0	0	0	0	0	0	0	0	0	0	0	0	0	0	0	0	0	0	0	
257672	Temporal_Inf_L	2134	0	346	0	0	0	116	0	0	0	0	0	0	0	0	0	1690	0	0	0	0	0	0	0	0	0	0	0	4972	0	262	0	0	0	618	192	5730	0	878	0	676	0	2704	0	226	0	278	0	192	0	7974	0	7926	0	21328	0	2280	0	470	0	2444	0	2454	0	2610	0	2020	0	308	0	0	0	736	0	0	0	0	0	1078	0	8484	0	7034	0	33546	0	2890	0	0	0	2512	0	0	0	0	0	86	0	1262	0	0	0	0	0	0	0	0	0	0	0	380	0	0	0	0	0	
204016	Temporal_Inf_R	0	374	0	0	0	0	0	0	0	0	0	0	0	0	0	0	0	170	0	440	0	0	0	0	0	0	0	0	0	438	0	0	0	434	0	1270	0	8584	0	1354	0	354	92	3226	96	564	0	1694	0	720	0	1834	0	2508	0	18022	0	3248	0	870	0	3494	0	5046	0	2582	0	2254	0	2402	0	0	0	850	0	0	0	388	0	194	0	4242	0	3338	0	25746	0	1252	0	0	0	1828	0	98	0	0	0	200	0	608	0	0	0	84	0	0	0	0	0	0	1110	0	0	0	0	0	
617004	Cerebelum_Crus1_L	86	0	0	0	0	0	0	0	0	0	0	0	0	0	0	0	0	0	0	0	0	0	0	0	0	0	0	0	130	0	0	0	0	0	0	0	442	0	1824	0	0	0	222	0	0	0	6476	976	0	0	1158	0	1826	0	25316	858	0	0	0	0	0	0	0	0	0	0	106	0	0	0	0	0	0	0	0	0	0	0	0	0	114	0	0	0	444	0	0	0	2512	0	0	9330	45244	5358	2262	134	24158	1578	80092	8910	16998	1122	21996	4172	8126	2306	1528	480	426	688	2918	8650	12876	3422	2860	378	
569684	Cerebelum_Crus1_R	0	0	0	0	0	0	0	0	0	0	0	0	0	0	0	0	0	0	0	0	0	0	0	0	0	0	0	0	0	0	0	0	0	0	0	0	0	0	0	246	0	0	0	88	0	0	942	4978	0	0	138	0	156	210	1286	20946	0	0	0	0	0	0	0	0	0	0	0	0	0	0	0	0	0	0	0	0	0	0	0	0	0	0	0	0	0	0	0	0	0	1828	9330	0	10184	34482	0	3850	2110	18724	6348	68494	4148	10088	4610	18572	306	7202	0	242	0	2382	8278	9872	22722	6462	4490	1128	
564520	Cerebelum_Crus2_L	0	0	0	0	0	0	0	0	0	0	0	0	0	0	0	0	0	0	0	0	0	0	0	0	0	0	0	0	0	0	0	0	0	0	0	0	0	0	0	0	0	0	0	0	0	0	1478	0	0	0	0	0	100	0	1274	0	0	0	0	0	0	0	0	0	0	0	0	0	0	0	0	0	0	0	0	0	0	0	0	0	0	0	0	0	0	0	0	0	0	0	45244	10184	0	21842	88	0	696	90	10560	2992	53242	8702	56154	15148	17942	1758	1780	0	0	0	158	232	17678	12630	2204	84	
441772	Cerebelum_Crus2_R	0	0	0	0	0	0	0	0	0	0	0	0	0	0	0	0	0	0	0	0	0	0	0	0	0	0	0	0	0	0	0	0	0	0	0	0	0	0	0	0	0	0	0	0	0	0	0	0	0	0	0	0	0	0	0	108	0	0	0	0	0	0	0	0	0	0	0	0	0	0	0	0	0	0	0	0	0	0	0	0	0	0	0	0	0	0	0	0	0	98	5358	34482	21842	0	0	0	356	144	676	8170	11658	40042	10936	40132	126	11708	0	162	0	0	462	896	18480	12192	2160	698	
43996	Cerebelum_3_L	0	0	0	0	0	0	0	0	0	0	0	0	0	0	0	0	0	0	0	0	0	0	0	0	0	0	0	0	0	0	0	0	0	0	0	0	0	0	800	0	0	0	0	0	0	0	206	182	0	0	0	0	0	0	310	0	0	0	0	0	0	0	0	0	0	0	0	0	0	0	0	0	0	0	0	0	0	0	0	0	0	0	0	0	0	0	0	0	0	0	2262	0	88	0	0	198	8154	618	3168	182	0	0	86	0	436	0	0	0	1500	2344	1286	90	0	0	0	88	
73932	Cerebelum_3_R	0	0	0	0	0	0	0	0	0	0	0	0	0	0	0	0	0	0	0	0	0	0	0	0	0	0	0	0	0	0	0	0	0	0	0	0	0	100	0	1434	0	0	0	0	0	0	0	1416	0	0	0	0	0	0	0	1388	0	0	0	0	0	0	0	0	0	0	0	0	0	0	0	0	0	0	0	0	0	0	0	0	0	0	0	0	0	0	0	0	0	0	134	3850	0	0	198	0	2216	8128	1018	6556	0	0	0	0	562	396	0	0	0	4520	3202	1062	0	0	290	496	
449356	Cerebelum_4_5_L	0	0	0	0	0	0	0	0	0	0	0	0	0	0	0	0	0	0	0	0	0	0	0	0	0	0	0	0	0	0	0	0	0	0	334	0	1490	0	5442	0	0	0	626	0	0	0	13124	10396	0	0	586	0	1062	138	18412	5296	0	0	0	0	0	0	0	0	0	0	1058	0	0	0	0	0	0	0	0	0	0	0	0	0	0	0	0	0	0	0	0	0	86	0	24158	2110	696	356	8154	2216	0	17826	40608	10144	1302	188	910	664	5108	3762	948	326	2258	4722	25152	7408	172	190	3592	3658	
389268	Cerebelum_4_5_R	0	0	0	0	0	0	0	0	0	0	0	0	0	0	0	0	0	0	0	0	0	0	0	0	0	0	0	0	0	0	0	0	0	0	0	178	0	1454	420	4242	0	0	0	88	0	0	5212	16614	0	0	414	0	430	204	3116	21210	0	0	0	0	0	0	0	0	0	0	0	488	0	0	0	0	0	212	0	0	0	0	0	0	0	0	0	0	0	0	0	0	0	200	1578	18724	90	144	618	8128	17826	0	9236	35844	576	0	230	124	3250	1206	540	246	420	5402	27690	4492	292	248	1082	2166	
632272	Cerebelum_6_L	0	0	0	0	0	0	0	0	0	0	0	0	0	0	0	0	0	0	0	0	0	0	0	0	0	0	0	0	274	0	0	0	0	0	0	0	938	0	3876	0	0	0	190	0	0	0	14338	9694	0	0	1732	0	1884	284	36260	5628	0	0	0	0	0	0	0	0	0	0	100	0	0	0	0	0	0	0	0	0	0	0	0	0	102	0	0	0	92	0	0	0	1262	0	80092	6348	10560	676	3168	1018	40608	9236	0	14364	6710	178	6126	860	4486	3206	788	896	770	1836	13532	19238	7128	2382	4028	1248	
628488	Cerebelum_6_R	0	0	0	0	0	0	0	0	0	0	0	0	0	0	0	0	0	0	0	0	0	0	0	0	0	0	0	0	0	0	0	0	0	0	0	0	0	194	188	678	0	0	0	248	0	0	4388	14406	0	104	348	0	342	1502	3070	34240	0	0	0	0	0	0	0	0	0	0	0	0	0	0	0	0	0	0	0	0	0	0	0	0	0	0	0	0	0	0	0	0	0	608	8910	68494	2992	8170	182	6556	10144	35844	14364	0	1216	3214	1670	6898	1630	6054	136	648	114	3626	21510	21164	17886	4984	5214	2308	
432332	Cerebelum_7b_L	0	0	0	0	0	0	0	0	0	0	0	0	0	0	0	0	0	0	0	0	0	0	0	0	0	0	0	0	0	0	0	0	0	0	0	0	0	0	0	0	0	0	0	0	0	0	0	272	0	0	0	0	0	0	166	0	0	0	0	0	0	0	0	0	0	0	0	0	0	0	0	0	0	0	0	0	0	0	0	0	0	0	0	0	0	0	0	0	0	0	16998	4148	53242	11658	0	0	1302	576	6710	1216	0	5670	52174	13648	17642	1330	2808	0	0	0	818	384	8182	14864	2148	210	
265452	Cerebelum_7b_R	0	0	0	0	0	0	0	0	0	0	0	0	0	0	0	0	0	0	0	0	0	0	0	0	0	0	0	0	0	0	0	0	0	0	0	0	0	0	0	0	0	0	0	0	0	0	0	0	0	0	0	0	0	0	0	0	0	0	0	0	0	0	0	0	0	0	0	0	0	0	0	0	0	0	0	0	0	0	0	0	0	0	0	0	0	0	0	0	0	0	1122	10088	8702	40042	0	0	188	0	178	3214	5670	0	5982	32088	0	10032	0	84	0	0	218	458	6170	7084	1040	366	
477232	Cerebelum_8_L	0	0	0	0	0	0	0	0	0	0	0	0	0	0	0	0	0	0	0	0	0	0	0	0	0	0	0	0	0	0	0	0	0	0	0	0	0	0	0	0	0	0	0	0	0	0	0	114	0	0	0	0	0	0	90	0	0	0	0	0	0	0	0	0	0	0	0	0	0	0	0	0	0	0	0	0	0	0	0	0	0	0	0	0	0	0	0	0	0	0	21996	4610	56154	10936	86	0	910	230	6126	1670	52174	5982	0	16228	25710	2052	3400	0	0	0	388	316	8094	17424	3762	164	
438760	Cerebelum_8_R	0	0	0	0	0	0	0	0	0	0	0	0	0	0	0	0	0	0	0	0	0	0	0	0	0	0	0	0	0	0	0	0	0	0	0	0	0	0	0	0	0	0	0	0	0	0	0	0	0	0	0	0	0	0	0	174	0	0	0	0	0	0	0	0	0	0	0	0	0	0	0	0	0	0	0	0	0	0	0	0	0	0	0	0	0	0	0	0	0	84	4172	18572	15148	40132	0	0	664	124	860	6898	13648	32088	16228	0	1042	26546	0	722	0	0	1044	1726	13450	18456	6120	1482	
216692	Cerebelum_9_L	0	0	0	0	0	0	0	0	0	0	0	0	0	0	0	0	0	0	0	0	0	0	0	0	0	0	0	0	0	0	0	0	0	0	0	0	0	0	0	0	0	0	0	0	0	0	0	1128	0	0	0	0	0	0	0	92	0	0	0	0	0	0	0	0	0	0	0	0	0	0	0	0	0	0	0	0	0	0	0	0	0	0	0	0	0	0	0	0	0	0	8126	306	17942	126	436	562	5108	3250	4486	1630	17642	0	25710	1042	0	2678	5176	0	162	748	4372	1596	350	1314	3060	1304	
240972	Cerebelum_9_R	0	0	0	0	0	0	0	0	0	0	0	0	0	0	0	0	0	0	0	0	0	0	0	0	0	0	0	0	0	0	0	0	0	0	0	0	0	0	0	0	0	0	0	0	0	0	0	664	0	0	0	0	0	0	152	148	0	0	0	0	0	0	0	0	0	0	0	0	0	0	0	0	0	0	0	0	0	0	0	0	0	0	0	0	0	0	0	0	0	0	2306	7202	1758	11708	0	396	3762	1206	3206	6054	1330	10032	2052	26546	2678	0	190	2558	100	472	4848	7596	3664	4556	10904	4398	
37816	Cerebelum_10_L	0	0	0	0	0	0	0	0	0	0	0	0	0	0	0	0	0	0	0	0	0	0	0	0	0	0	0	0	0	0	0	0	0	0	0	0	0	0	0	0	0	0	0	0	0	0	0	332	0	0	0	0	0	0	0	0	0	0	0	0	0	0	0	0	0	0	0	0	0	0	0	0	0	0	0	0	0	0	0	0	0	0	0	0	0	0	0	0	0	0	1528	0	1780	0	0	0	948	540	788	136	2808	0	3400	0	5176	190	0	0	0	0	712	236	0	0	192	142	
21732	Cerebelum_10_R	0	0	0	0	0	0	0	0	0	0	0	0	0	0	0	0	0	0	0	0	0	0	0	0	0	0	0	0	0	0	0	0	0	0	0	0	0	0	0	0	0	0	0	0	0	0	0	160	0	0	0	0	0	0	0	0	0	0	0	0	0	0	0	0	0	0	0	0	0	0	0	0	0	0	0	0	0	0	0	0	0	0	0	0	0	0	0	0	0	0	480	242	0	162	0	0	326	246	896	648	0	84	0	722	0	2558	0	0	0	0	388	1186	256	838	1412	262	
25856	Vermis_1_2	0	0	0	0	0	0	0	0	0	0	0	0	0	0	0	0	0	0	0	0	0	0	0	0	0	0	0	0	0	0	0	0	0	0	0	0	0	0	0	0	0	0	0	0	0	0	0	0	0	0	0	0	0	0	0	0	0	0	0	0	0	0	0	0	0	0	0	0	0	0	0	0	0	0	0	0	0	0	0	0	0	0	0	0	0	0	0	0	0	0	426	0	0	0	1500	0	2258	420	770	114	0	0	0	0	162	100	0	0	0	4890	1674	190	0	0	88	336	
87008	Vermis_3	0	0	0	0	0	0	0	0	0	0	0	0	0	0	0	0	0	0	0	0	0	0	0	0	0	0	0	0	0	0	0	0	0	0	0	0	244	0	296	880	0	0	0	0	0	0	0	1008	0	0	0	0	0	0	0	994	0	0	0	0	0	0	0	0	0	0	0	0	0	0	0	0	0	0	0	0	0	0	0	0	0	0	0	0	0	0	0	0	0	0	688	2382	0	0	2344	4520	4722	5402	1836	3626	0	0	0	0	748	472	0	0	4890	0	6014	1128	0	0	370	940	
513768	Vermis_4_5	0	0	0	0	0	0	0	0	0	0	0	0	0	0	0	0	0	0	0	0	0	0	0	0	0	0	0	0	0	0	0	0	494	1304	4872	9896	252	1100	616	700	0	0	4980	5814	384	806	6600	21058	134	398	1582	834	1000	532	4146	13454	778	1640	122	140	0	0	0	0	0	136	5770	13948	518	1628	0	0	0	0	0	0	0	0	0	0	0	0	0	0	1200	358	0	0	380	1110	2918	8278	158	462	1286	3202	25152	27690	13532	21510	818	218	388	1044	4372	4848	712	388	1674	6014	0	12942	174	292	4406	5722	
313976	Vermis_6	0	0	0	0	0	0	0	0	0	0	0	0	0	0	0	0	0	0	0	0	0	0	0	0	0	0	0	0	0	0	0	0	0	0	0	0	0	0	0	0	0	0	0	686	104	280	4678	13140	0	444	440	0	370	1310	4616	8300	0	0	0	0	0	0	0	0	0	0	0	0	0	0	0	0	0	0	0	0	0	0	0	0	0	0	0	0	0	0	0	0	0	0	8650	9872	232	896	90	1062	7408	4492	19238	21164	384	458	316	1726	1596	7596	236	1186	190	1128	12942	0	7146	1654	7428	5530	
340900	Vermis_7	0	0	0	0	0	0	0	0	0	0	0	0	0	0	0	0	0	0	0	0	0	0	0	0	0	0	0	0	0	0	0	0	0	0	0	0	0	0	0	0	0	0	0	0	0	0	1206	2168	0	0	374	0	244	656	1884	2046	0	0	0	0	0	0	0	0	0	0	0	0	0	0	0	0	0	0	0	0	0	0	0	0	0	0	0	0	0	0	0	0	0	0	12876	22722	17678	18480	0	0	172	292	7128	17886	8182	6170	8094	13450	350	3664	0	256	0	0	174	7146	0	11538	5110	504	
