data	data	430816	380832	1.40972e+06	970356	171716	85108	658660	392820	96600	48712	271936	253104	344472	200492	197044	138024	191188	129728	899952	846572	105440	145924	647556	585596	143024	98692	156796	105400	677696	354036	698384	748516	227812	652528	206772	205192	427268	410248	110360	205236	45348	57948	231696	333388	175796	313324	251352	226524	210364	354524	486500	207868	111884	92140	434016	481152	271552	245932	160012	133800	238476	126844	102168	113376	132304	115720	273948	378064	301352	223412	505208	596888	578316	508136	101032	110996	204940	287176	114040	32016	203736	160120	113436	71256	327200	274364	29036	51676	304284	186372	434872	271596	307116	234488	22972	32924	247864	135652	397868	384884	190712	113916	302936	232616	76332	98904	31116	16484	19604	35784	148216	168856	199108	109120	68960	16460	
data	data	Precentral_L	Precentral_R	Frontal_Sup_L	Frontal_Sup_R	Frontal_Sup_Orb_L	Frontal_Sup_Orb_R	Frontal_Mid_L	Frontal_Mid_R	Frontal_Mid_Orb_L	Frontal_Mid_Orb_R	Frontal_Inf_Oper_L	Frontal_Inf_Oper_R	Frontal_Inf_Tri_L	Frontal_Inf_Tri_R	Frontal_Inf_Orb_L	Frontal_Inf_Orb_R	Rolandic_Oper_L	Rolandic_Oper_R	Supp_Motor_Area_L	Supp_Motor_Area_R	Olfactory_L	Olfactory_R	Frontal_Sup_Medial_L	Frontal_Sup_Medial_R	Frontal_Med_Orb_L	Frontal_Med_Orb_R	Rectus_L	Rectus_R	Insula_L	Insula_R	Cingulum_Ant_L	Cingulum_Ant_R	Cingulum_Mid_L	Cingulum_Mid_R	Cingulum_Post_L	Cingulum_Post_R	Hippocampus_L	Hippocampus_R	ParaHippocampal_L	ParaHippocampal_R	Amygdala_L	Amygdala_R	Calcarine_L	Calcarine_R	Cuneus_L	Cuneus_R	Lingual_L	Lingual_R	Occipital_Sup_L	Occipital_Sup_R	Occipital_Mid_L	Occipital_Mid_R	Occipital_Inf_L	Occipital_Inf_R	Fusiform_L	Fusiform_R	Postcentral_L	Postcentral_R	Parietal_Sup_L	Parietal_Sup_R	Parietal_Inf_L	Parietal_Inf_R	SupraMarginal_L	SupraMarginal_R	Angular_L	Angular_R	Precuneus_L	Precuneus_R	Paracentral_Lobule_L	Paracentral_Lobule_R	Caudate_L	Caudate_R	Putamen_L	Putamen_R	Pallidum_L	Pallidum_R	Thalamus_L	Thalamus_R	Heschl_L	Heschl_R	Temporal_Sup_L	Temporal_Sup_R	Temporal_Pole_Sup_L	Temporal_Pole_Sup_R	Temporal_Mid_L	Temporal_Mid_R	Temporal_Pole_Mid_L	Temporal_Pole_Mid_R	Temporal_Inf_L	Temporal_Inf_R	Cerebelum_Crus1_L	Cerebelum_Crus1_R	Cerebelum_Crus2_L	Cerebelum_Crus2_R	Cerebelum_3_L	Cerebelum_3_R	Cerebelum_4_5_L	Cerebelum_4_5_R	Cerebelum_6_L	Cerebelum_6_R	Cerebelum_7b_L	Cerebelum_7b_R	Cerebelum_8_L	Cerebelum_8_R	Cerebelum_9_L	Cerebelum_9_R	Cerebelum_10_L	Cerebelum_10_R	Vermis_1_2	Vermis_3	Vermis_4_5	Vermis_6	Vermis_7	Vermis_8	Vermis_9	Vermis_10	
430816	Precentral_L	0	2292	22452	1642	0	0	21090	296	0	0	12546	1332	1376	402	0	0	7538	1894	10446	7536	0	0	798	166	0	0	0	0	6012	1056	1534	558	228	4510	1270	1672	3240	1040	294	142	0	0	582	0	402	148	258	0	1196	184	7580	0	530	0	1612	132	26080	476	3774	0	4786	0	958	0	226	0	1270	360	20918	2720	6510	992	2938	650	1458	120	4102	2078	1574	0	1868	0	0	0	3348	0	0	0	2216	0	0	0	0	0	0	0	0	0	0	0	0	0	0	0	0	0	0	0	0	0	0	0	0	0	0	0	
380832	Precentral_R	2292	0	1462	21320	0	0	944	14184	0	0	282	9864	0	1918	0	0	0	2698	2228	11112	0	0	0	324	0	0	0	0	1052	2560	110	570	724	3122	3172	3082	2906	8988	204	2090	0	142	0	110	0	738	0	0	0	3754	214	824	0	264	656	2066	258	13620	0	756	0	2170	0	3056	0	564	286	1686	4788	12404	2058	11580	958	2496	628	224	3602	17680	458	224	0	656	0	0	0	1544	0	0	646	2098	0	0	0	0	0	0	0	0	0	0	0	0	0	0	0	0	0	0	0	0	0	0	0	0	0	0	
1.40972e+06	Frontal_Sup_L	22452	1462	0	12184	12768	0	85186	1918	8546	0	16944	2326	24244	1720	11514	0	14404	1026	100930	27338	802	136	60202	16260	8574	160	10160	0	56562	1648	46460	19272	9584	14858	2446	2564	7866	2202	244	404	0	0	0	0	0	0	0	0	0	0	1224	0	0	0	3056	218	6580	0	962	0	2082	0	986	0	260	0	150	0	3448	0	16624	7940	26282	4832	2048	1980	3308	3098	1634	0	5648	0	1878	0	1538	0	0	0	3720	0	0	0	0	0	0	0	0	0	0	0	0	0	0	0	0	0	0	0	0	0	0	0	0	0	0	0	
970356	Frontal_Sup_R	1642	21320	12184	0	0	4444	1828	51518	0	3062	784	10902	502	11448	0	12224	406	3120	13898	45826	232	1882	13722	45170	208	4526	142	3486	1958	12990	13096	45822	1394	27298	2988	2842	3042	8094	184	2058	0	120	0	0	0	0	0	0	0	312	0	0	0	0	456	1786	206	590	0	238	0	422	0	428	0	0	0	0	706	124	7776	28512	3368	27890	504	3342	3566	16672	578	0	0	296	0	116	0	346	0	0	370	212	0	0	0	0	0	0	0	0	0	0	0	0	0	0	0	0	0	0	0	0	0	0	0	0	0	0	
171716	Frontal_Sup_Orb_L	0	0	12768	0	0	0	3710	0	10260	0	0	0	210	0	6928	0	0	0	0	0	2890	544	7948	160	10376	262	13716	134	1844	0	8946	0	0	0	0	0	0	0	132	0	0	0	0	0	0	0	0	0	0	0	0	0	0	0	0	0	0	0	0	0	0	0	0	0	0	0	0	0	0	0	1444	184	3278	0	0	0	0	0	0	0	0	0	124	0	0	0	0	0	0	0	0	0	0	0	0	0	0	0	0	0	0	0	0	0	0	0	0	0	0	0	0	0	0	0	0	0	
85108	Frontal_Sup_Orb_R	0	0	0	4444	0	0	0	2572	0	6482	0	0	0	0	0	4512	0	0	0	0	562	2828	0	596	0	5400	286	9496	0	1424	112	478	0	0	0	0	0	0	0	0	0	0	0	0	0	0	0	0	0	0	0	0	0	0	0	0	0	0	0	0	0	0	0	0	0	0	0	0	0	0	806	1194	388	974	0	0	0	0	0	0	0	0	0	0	0	0	0	0	0	0	0	0	0	0	0	0	0	0	0	0	0	0	0	0	0	0	0	0	0	0	0	0	0	0	0	0	
658660	Frontal_Mid_L	21090	944	85186	1828	3710	0	0	912	7156	0	15814	3010	55932	1998	20286	0	1714	1820	15576	3458	0	0	12660	2588	596	0	594	0	32142	1004	7046	3204	1682	2012	646	864	1230	582	0	0	0	0	0	0	0	0	0	0	114	138	718	0	0	0	320	0	924	0	346	0	554	0	0	0	0	0	0	126	0	0	4370	984	5242	582	204	0	2254	1322	776	0	714	0	1814	0	348	0	0	0	196	0	0	0	0	0	0	0	0	0	0	0	0	0	0	0	0	0	0	0	0	0	0	0	0	0	0	0	
392820	Frontal_Mid_R	296	14184	1918	51518	0	2572	912	0	0	6830	1230	16152	1002	21126	0	13406	0	958	4108	10240	176	1090	840	5454	0	0	0	660	306	6972	1208	3936	134	8428	124	122	0	1524	0	666	0	0	0	0	0	0	0	0	0	0	0	0	0	0	0	452	0	594	0	0	0	136	0	186	0	0	0	0	150	0	3768	3662	496	5000	0	376	0	3270	0	0	0	0	0	0	0	108	0	0	0	120	0	0	0	0	0	0	0	0	0	0	0	0	0	0	0	0	0	0	0	0	0	0	0	0	0	0	
96600	Frontal_Mid_Orb_L	0	0	8546	0	10260	0	7156	0	0	0	0	0	1660	0	10032	0	0	0	0	0	320	0	2000	0	2128	0	2566	0	196	0	2028	0	0	0	0	0	0	0	0	0	0	0	0	0	0	0	0	0	0	0	0	0	0	0	0	0	0	0	0	0	0	0	0	0	0	0	0	0	0	0	0	0	1216	0	0	0	0	0	0	0	0	0	192	0	0	0	0	0	0	0	0	0	0	0	0	0	0	0	0	0	0	0	0	0	0	0	0	0	0	0	0	0	0	0	0	0	
48712	Frontal_Mid_Orb_R	0	0	0	3062	0	6482	0	6830	0	0	0	0	0	1018	0	6808	0	0	0	0	0	0	0	0	0	0	0	0	0	156	0	0	0	0	0	0	0	0	0	0	0	0	0	0	0	0	0	0	0	0	0	0	0	0	0	0	0	0	0	0	0	0	0	0	0	0	0	0	0	0	0	0	0	0	0	0	0	0	0	0	0	0	0	0	0	0	0	0	0	0	0	0	0	0	0	0	0	0	0	0	0	0	0	0	0	0	0	0	0	0	0	0	0	0	0	0	
271936	Frontal_Inf_Oper_L	12546	282	16944	784	0	0	15814	1230	0	0	0	1018	19888	990	112	0	10580	0	10580	640	0	0	852	302	0	0	0	0	17986	0	2538	1558	134	636	324	324	1036	320	0	0	0	0	0	0	0	0	0	0	0	0	168	0	0	0	134	0	4034	0	182	0	206	0	0	0	0	0	0	0	0	0	2468	926	988	412	0	0	382	360	1206	0	4294	0	2678	0	0	0	0	0	112	0	0	0	0	0	0	0	0	0	0	0	0	0	0	0	0	0	0	0	0	0	0	0	0	0	0	0	
253104	Frontal_Inf_Oper_R	1332	9864	2326	10902	0	0	3010	16152	0	0	1018	0	542	14520	0	208	0	4572	3516	8544	0	0	322	1570	0	0	0	0	542	10700	888	3570	0	4736	198	208	124	1720	0	834	0	0	0	0	0	0	0	0	0	580	0	0	0	122	0	1166	0	2210	0	202	0	708	0	860	0	170	0	146	0	174	2584	5200	268	3248	0	194	0	424	0	144	0	1620	0	1454	0	1358	0	914	0	888	0	0	0	0	0	0	0	0	0	0	0	0	0	0	0	0	0	0	0	0	0	0	0	0	0	0	
344472	Frontal_Inf_Tri_L	1376	0	24244	502	210	0	55932	1002	1660	0	19888	542	0	748	17598	0	780	0	5964	936	0	0	2402	414	0	0	0	0	27630	0	1730	1070	208	326	0	0	0	0	0	0	0	0	0	0	0	0	0	0	0	0	0	0	0	0	0	0	0	0	0	0	0	0	0	0	0	0	0	0	0	0	1796	634	1136	278	0	0	0	0	0	0	394	0	2836	0	0	0	0	0	0	0	0	0	0	0	0	0	0	0	0	0	0	0	0	0	0	0	0	0	0	0	0	0	0	0	0	0	
200492	Frontal_Inf_Tri_R	402	1918	1720	11448	0	0	1998	21126	0	1018	990	14520	748	0	0	7692	0	280	1362	2014	0	0	796	2874	0	138	0	0	184	13274	1222	4850	0	2278	0	0	0	134	0	0	0	0	0	0	0	0	0	0	0	0	0	0	0	0	0	0	0	0	0	0	0	0	0	0	0	0	0	0	0	0	2084	2106	204	2090	0	106	0	0	0	0	0	158	0	202	0	158	0	152	0	0	0	0	0	0	0	0	0	0	0	0	0	0	0	0	0	0	0	0	0	0	0	0	0	0	0	0	
197044	Frontal_Inf_Orb_L	0	0	11514	0	6928	0	20286	0	10032	0	112	0	17598	0	0	0	0	0	214	0	2760	466	1532	0	1586	0	2390	102	10654	0	1652	0	0	0	0	0	110	0	116	0	0	0	0	0	0	0	0	0	0	0	0	0	0	0	0	0	0	0	0	0	0	0	0	0	0	0	0	0	0	0	674	166	5446	0	0	0	0	0	0	0	0	0	4184	0	0	0	0	0	0	0	0	0	0	0	0	0	0	0	0	0	0	0	0	0	0	0	0	0	0	0	0	0	0	0	0	0	
138024	Frontal_Inf_Orb_R	0	0	0	12224	0	4512	0	13406	0	6808	0	208	0	7692	0	0	0	0	0	192	362	3750	0	570	0	192	0	1730	0	8784	0	730	0	0	0	0	0	246	0	202	0	200	0	0	0	0	0	0	0	0	0	0	0	0	0	0	0	0	0	0	0	0	0	0	0	0	0	0	0	0	532	1544	270	1974	0	0	0	0	0	0	0	464	0	1028	0	716	0	676	0	0	0	0	0	0	0	0	0	0	0	0	0	0	0	0	0	0	0	0	0	0	0	0	0	0	0	0	
191188	Rolandic_Oper_L	7538	0	14404	406	0	0	1714	0	0	0	10580	0	780	0	0	0	0	0	9776	398	0	0	0	0	0	0	0	0	17650	0	0	0	0	0	254	254	1528	256	0	0	0	0	0	0	0	0	0	0	0	0	644	0	0	0	314	0	7712	0	454	0	790	0	988	0	424	0	0	0	158	0	354	0	264	156	0	0	0	266	3822	0	8782	0	1972	0	1962	0	0	0	994	0	0	0	0	0	0	0	0	0	0	0	0	0	0	0	0	0	0	0	0	0	0	0	0	0	0	0	
129728	Rolandic_Oper_R	1894	2698	1026	3120	0	0	1820	958	0	0	0	4572	0	280	0	0	0	0	1038	4010	0	0	0	0	0	0	0	0	0	10900	0	238	0	0	0	0	0	792	0	444	0	0	0	0	0	352	0	0	0	920	0	124	0	0	0	534	0	4508	0	336	0	752	0	3804	0	0	0	706	0	764	1140	2392	290	1448	0	142	0	248	0	1578	0	6534	0	1100	0	2306	0	550	0	546	0	0	0	0	0	0	0	0	0	0	0	0	0	0	0	0	0	0	0	0	0	0	0	0	0	0	
899952	Supp_Motor_Area_L	10446	2228	100930	13898	0	0	15576	4108	0	0	10580	3516	5964	1362	214	0	9776	1038	0	52806	0	0	18278	10700	0	0	0	0	27792	2264	16482	14850	15952	30294	656	718	3716	912	0	458	0	0	0	0	0	0	0	0	0	0	706	0	0	0	2240	404	4864	0	596	0	1282	0	638	0	234	0	146	0	5776	1242	11870	9210	14400	5634	1724	1816	194	488	420	0	5100	0	1272	0	1306	0	0	0	2900	0	0	0	0	0	0	0	0	0	0	0	0	0	0	0	0	0	0	0	0	0	0	0	0	0	0	0	
846572	Supp_Motor_Area_R	7536	11112	27338	45826	0	0	3458	10240	0	0	640	8544	936	2014	0	192	398	4010	52806	0	0	0	6088	20346	0	0	0	0	1832	7762	6842	20604	9882	60192	1616	1482	218	4388	0	1572	0	0	0	488	0	886	0	120	0	440	164	152	0	316	156	2210	108	3998	0	218	0	330	0	398	0	0	452	2322	15102	20742	8330	16090	4782	15964	1300	4074	418	3006	0	0	0	702	0	148	0	1148	0	0	122	726	0	0	0	0	0	0	0	0	0	0	0	0	0	0	0	0	0	0	0	0	0	0	0	0	0	0	
105440	Olfactory_L	0	0	802	232	2890	562	0	176	320	0	0	0	0	0	2760	362	0	0	0	0	0	5652	706	0	1036	228	2908	1400	4104	0	4572	2096	0	0	0	0	1026	0	238	0	1080	0	0	0	0	0	0	0	0	0	0	0	0	0	566	0	0	0	0	0	0	0	0	0	0	0	0	0	0	0	7382	3006	4920	988	0	0	0	0	0	0	1010	0	590	0	276	0	0	0	832	0	0	0	0	0	0	0	0	0	0	0	0	0	0	0	0	0	0	0	0	0	0	0	0	0	0	0	
145924	Olfactory_R	0	0	136	1882	544	2828	0	1090	0	0	0	0	0	0	466	3750	0	0	0	0	5652	0	150	472	130	1188	1106	4106	400	4938	2918	3312	0	0	0	0	0	1214	0	894	840	1194	0	0	0	0	0	0	0	0	0	0	0	0	0	638	0	0	0	0	0	0	0	0	0	0	0	0	0	0	10692	9320	7874	3848	1380	0	0	0	0	0	0	0	0	0	0	0	0	0	0	0	0	0	0	0	0	0	0	0	0	0	0	0	0	0	0	0	0	0	0	0	0	0	0	0	0	0	
647556	Frontal_Sup_Medial_L	798	0	60202	13722	7948	0	12660	840	2000	0	852	322	2402	796	1532	0	0	0	18278	6088	706	150	0	36654	10942	1690	9280	174	5562	204	56666	32990	7340	16694	0	236	0	0	0	0	0	0	0	0	0	0	0	0	0	0	0	0	0	0	0	0	0	0	0	0	0	0	0	0	0	0	0	0	0	0	3894	1812	8804	1346	0	194	0	0	0	0	0	0	0	0	0	0	0	0	0	0	0	0	0	0	0	0	0	0	0	0	0	0	0	0	0	0	0	0	0	0	0	0	0	0	0	0	
585596	Frontal_Sup_Medial_R	166	324	16260	45170	160	596	2588	5454	0	0	302	1570	414	2874	0	570	0	0	10700	20346	0	472	36654	0	1386	7394	284	3186	924	1796	26248	50538	3816	30352	0	0	0	0	0	0	0	0	0	0	0	0	0	0	0	0	0	0	0	0	0	0	0	0	0	0	0	0	0	0	0	0	0	0	0	0	1570	10354	1474	7386	0	578	142	750	0	0	0	0	0	0	0	0	0	0	0	0	0	0	0	0	0	0	0	0	0	0	0	0	0	0	0	0	0	0	0	0	0	0	0	0	0	0	
143024	Frontal_Med_Orb_L	0	0	8574	208	10376	0	596	0	2128	0	0	0	0	0	1586	0	0	0	0	0	1036	130	10942	1386	0	2282	13000	198	302	0	14288	922	0	0	0	0	0	0	0	0	0	0	0	0	0	0	0	0	0	0	0	0	0	0	0	0	0	0	0	0	0	0	0	0	0	0	0	0	0	0	848	0	2710	0	0	0	0	0	0	0	0	0	0	0	0	0	0	0	0	0	0	0	0	0	0	0	0	0	0	0	0	0	0	0	0	0	0	0	0	0	0	0	0	0	0	0	
98692	Frontal_Med_Orb_R	0	0	160	4526	262	5400	0	0	0	0	0	0	0	138	0	192	0	0	0	0	228	1188	1690	7394	2282	0	824	11548	0	110	2752	6800	0	0	0	0	0	0	0	0	0	0	0	0	0	0	0	0	0	0	0	0	0	0	0	0	0	0	0	0	0	0	0	0	0	0	0	0	0	0	0	1790	142	1920	0	0	0	0	0	0	0	0	0	0	0	0	0	0	0	0	0	0	0	0	0	0	0	0	0	0	0	0	0	0	0	0	0	0	0	0	0	0	0	0	0	0	
156796	Rectus_L	0	0	10160	142	13716	286	594	0	2566	0	0	0	0	0	2390	0	0	0	0	0	2908	1106	9280	284	13000	824	0	950	470	0	12928	830	0	0	0	0	0	0	0	0	164	0	0	0	0	0	0	0	0	0	0	0	0	0	0	0	0	0	0	0	0	0	0	0	0	0	0	0	0	0	2360	318	3122	0	0	0	0	0	0	0	0	0	0	0	0	0	0	0	0	0	0	0	0	0	0	0	0	0	0	0	0	0	0	0	0	0	0	0	0	0	0	0	0	0	0	0	
105400	Rectus_R	0	0	0	3486	134	9496	0	660	0	0	0	0	0	0	102	1730	0	0	0	0	1400	4106	174	3186	198	11548	950	0	0	960	1292	5456	0	0	0	0	0	0	0	0	132	0	0	0	0	0	0	0	0	0	0	0	0	0	0	0	0	0	0	0	0	0	0	0	0	0	0	0	0	0	1600	2818	1150	2122	0	0	0	0	0	0	0	0	0	0	0	0	0	0	0	0	0	0	0	0	0	0	0	0	0	0	0	0	0	0	0	0	0	0	0	0	0	0	0	0	0	0	
677696	Insula_L	6012	1052	56562	1958	1844	0	32142	306	196	0	17986	542	27630	184	10654	0	17650	0	27792	1832	4104	400	5562	924	302	0	470	0	0	164	3462	1224	404	394	2460	2486	18136	2320	750	226	2298	0	0	0	0	0	104	0	0	0	580	0	0	0	8296	0	2460	0	194	0	268	0	0	0	0	0	0	0	2058	0	5376	1186	20276	544	792	0	5450	2972	6420	0	11496	0	7286	0	3174	0	0	0	9488	0	0	0	0	0	0	0	0	0	0	0	0	0	0	0	0	0	0	0	0	0	0	0	0	0	0	0	
354036	Insula_R	1056	2560	1648	12990	0	1424	1004	6972	0	156	0	10700	0	13274	0	8784	0	10900	2264	7762	0	4938	204	1796	0	110	0	960	164	0	310	4596	0	606	0	0	0	10680	0	5808	0	1736	0	0	0	628	0	0	0	1612	0	350	0	0	0	7162	0	2726	0	0	0	116	0	0	0	0	0	1030	0	1424	1888	5906	588	20252	0	690	182	952	0	3758	0	6804	0	1836	0	3054	0	1238	0	1420	0	0	0	0	0	0	0	0	0	0	0	0	0	0	0	0	0	0	0	0	0	0	0	0	0	0	
698384	Cingulum_Ant_L	1534	110	46460	13096	8946	112	7046	1208	2028	0	2538	888	1730	1222	1652	0	0	0	16482	6842	4572	2918	56666	26248	14288	2752	12928	1292	3462	310	0	45912	11770	15152	1174	356	0	0	0	0	270	0	0	0	0	0	0	0	0	0	0	0	0	0	0	0	0	0	0	0	0	0	0	0	0	0	198	0	0	0	11076	6058	14850	4284	0	598	0	164	0	0	0	0	0	0	0	0	0	0	0	0	0	0	0	0	0	0	0	0	0	0	0	0	0	0	0	0	0	0	0	0	0	0	0	0	0	0	
748516	Cingulum_Ant_R	558	570	19272	45822	0	478	3204	3936	0	0	1558	3570	1070	4850	0	730	0	238	14850	20604	2096	3312	32990	50538	922	6800	830	5456	1224	4596	45912	0	4502	30938	0	128	0	182	0	0	0	0	0	0	0	0	0	0	0	0	0	0	0	0	0	0	0	0	0	0	0	0	0	0	0	0	0	0	0	0	5952	30418	4492	17240	134	1918	336	1692	0	0	0	106	0	132	0	102	0	0	0	0	0	0	0	0	0	0	0	0	0	0	0	0	0	0	0	0	0	0	0	0	0	0	0	0	0	0	
227812	Cingulum_Mid_L	228	724	9584	1394	0	0	1682	134	0	0	134	0	208	0	0	0	0	0	15952	9882	0	0	7340	3816	0	0	0	0	404	0	11770	4502	0	18930	5534	1378	226	0	0	0	0	0	486	0	2026	418	0	0	1118	0	844	0	0	0	534	0	246	104	292	0	0	0	0	0	0	0	6290	1762	3026	1374	0	0	614	0	226	0	0	0	0	0	0	0	0	0	184	0	0	0	540	0	0	0	0	0	0	0	0	0	0	0	0	0	0	0	0	0	0	0	0	0	0	0	0	0	0	0	
652528	Cingulum_Mid_R	4510	3122	14858	27298	0	0	2012	8428	0	0	636	4736	326	2278	0	0	0	0	30294	60192	0	0	16694	30352	0	0	0	0	394	606	15152	30938	18930	0	2096	5736	0	470	0	0	0	0	0	1096	0	2318	0	392	0	228	0	116	0	446	0	598	0	3900	0	0	0	0	0	0	0	0	1158	8068	9830	14026	408	966	252	742	0	0	0	244	0	0	0	222	0	0	0	768	0	0	0	428	0	0	0	0	0	0	0	0	0	0	0	0	0	0	0	0	0	0	0	0	0	0	0	0	0	0	
206772	Cingulum_Post_L	1270	3172	2446	2988	0	0	646	124	0	0	324	198	0	0	0	0	254	0	656	1616	0	0	0	0	0	0	0	0	2460	0	1174	0	5534	2096	0	14758	10680	8264	3156	642	0	0	3126	0	198	0	1440	0	128	0	308	0	184	0	3204	196	378	106	0	0	0	0	0	0	0	0	7678	1018	1578	1136	1480	254	108	146	0	0	5958	8606	1340	0	0	0	0	0	304	0	0	0	2054	0	0	0	0	0	0	0	0	0	0	0	0	0	0	0	0	0	0	0	0	0	0	0	0	0	0	0	
205192	Cingulum_Post_R	1672	3082	2564	2842	0	0	864	122	0	0	324	208	0	0	0	0	254	0	718	1482	0	0	236	0	0	0	0	0	2486	0	356	128	1378	5736	14758	0	8196	11514	1452	780	0	0	322	1726	0	1606	238	2092	0	0	0	0	0	264	1132	1800	342	434	0	0	0	0	0	0	0	0	1848	8202	508	1290	1550	232	134	172	0	0	6124	8778	1340	0	0	0	0	0	0	0	0	0	778	178	0	0	0	0	0	0	0	0	0	0	0	0	0	0	0	0	0	0	0	0	354	0	0	0	0	0	
427268	Hippocampus_L	3240	2906	7866	3042	0	0	1230	0	0	0	1036	124	0	0	110	0	1528	0	3716	218	1026	0	0	0	0	0	0	0	18136	0	0	0	226	0	10680	8196	0	7428	13642	642	6210	0	2668	0	0	0	4342	0	0	0	340	0	298	0	29472	172	1196	0	0	0	618	0	2302	0	1192	0	4436	732	3282	0	1184	268	13772	142	1328	0	11536	8776	8378	0	3682	0	2554	0	1956	0	488	0	16986	0	0	0	0	0	0	0	176	0	156	0	0	0	0	0	0	0	0	0	0	0	0	0	0	0	0	0	
410248	Hippocampus_R	1040	8988	2202	8094	0	0	582	1524	0	0	320	1720	0	134	0	246	256	792	912	4388	0	1214	0	0	0	0	0	0	2320	10680	0	182	0	470	8264	11514	7428	0	1382	28384	0	7896	136	1590	0	196	236	2956	0	108	0	0	0	0	1000	31698	282	1018	0	0	0	0	0	0	0	0	790	4994	232	1164	664	1656	424	15790	0	2910	3940	10584	1294	1538	0	880	0	2340	0	548	0	544	746	3162	0	0	0	0	0	0	0	518	0	0	0	0	0	0	0	0	0	0	0	0	254	0	0	0	0	0	
110360	ParaHippocampal_L	294	204	244	184	132	0	0	0	0	0	0	0	0	0	116	0	0	0	0	0	238	0	0	0	0	0	0	0	750	0	0	0	0	0	3156	1452	13642	1382	0	218	1662	0	1900	0	0	0	3178	0	0	0	402	0	480	0	11342	0	158	0	0	0	0	0	0	0	0	0	2424	256	454	0	102	0	1446	0	246	0	2366	1526	0	0	0	0	1496	0	574	0	1200	0	1140	0	142	0	0	0	0	0	362	0	312	0	0	0	0	0	0	0	0	0	0	0	0	0	0	0	0	0	
205236	ParaHippocampal_R	142	2090	404	2058	0	0	0	666	0	0	0	834	0	0	0	202	0	444	458	1572	0	894	0	0	0	0	0	0	226	5808	0	0	0	0	642	780	642	28384	218	0	0	5842	0	1656	0	0	0	2718	0	0	0	0	0	0	0	22000	0	280	0	0	0	0	0	0	0	0	0	1938	0	114	260	792	180	8456	0	1898	300	2568	0	534	0	350	0	2660	0	378	0	1716	0	970	0	0	0	0	0	0	0	544	0	0	0	0	0	0	0	0	0	0	0	0	0	0	0	0	0	0	
45348	Amygdala_L	0	0	0	0	0	0	0	0	0	0	0	0	0	0	0	0	0	0	0	0	1080	840	0	0	0	0	164	132	2298	0	270	0	0	0	0	0	6210	0	1662	0	0	0	0	0	0	0	0	0	0	0	0	0	0	0	3032	0	0	0	0	0	0	0	0	0	0	0	0	0	0	0	1042	854	1882	0	0	0	0	0	0	0	192	0	1390	0	0	0	430	0	1196	0	0	0	0	0	0	0	0	0	0	0	0	0	0	0	0	0	0	0	0	0	0	0	0	0	0	0	
57948	Amygdala_R	0	142	0	120	0	0	0	0	0	0	0	0	0	0	0	200	0	0	0	0	0	1194	0	0	0	0	0	0	0	1736	0	0	0	0	0	0	0	7896	0	5842	0	0	0	0	0	0	0	0	0	0	0	0	0	0	0	5568	0	0	0	0	0	0	0	0	0	0	0	0	0	0	0	166	0	1800	0	0	0	276	0	0	0	0	0	3018	0	0	0	856	0	160	0	0	0	0	0	0	0	0	0	0	0	0	0	0	0	0	0	0	0	0	0	0	0	0	0	0	
231696	Calcarine_L	582	0	0	0	0	0	0	0	0	0	0	0	0	0	0	0	0	0	0	0	0	0	0	0	0	0	0	0	0	0	0	0	486	0	3126	322	2668	136	1900	0	0	0	0	9570	10376	4016	14574	3656	9212	1916	22270	222	6358	176	2094	374	904	0	294	0	422	0	0	0	0	0	13192	828	1384	0	0	0	0	0	0	0	112	0	0	0	0	0	0	0	3830	0	0	0	732	0	0	0	0	0	0	0	0	0	0	116	0	0	0	0	0	0	0	0	0	0	0	0	0	0	0	0	
333388	Calcarine_R	0	110	0	0	0	0	0	0	0	0	0	0	0	0	0	0	0	0	0	488	0	0	0	0	0	0	0	0	0	0	0	0	0	1096	0	1726	0	1590	0	1656	0	0	9570	0	6268	23712	3972	28122	104	22022	0	9864	0	6428	0	9946	0	2868	0	640	0	424	0	164	0	324	314	20024	130	2214	0	0	0	0	0	0	0	0	0	0	0	262	0	0	0	8988	0	0	0	2704	0	0	0	0	0	0	0	0	0	848	0	0	0	0	0	0	0	0	0	0	116	0	0	0	0	0	
175796	Cuneus_L	402	0	0	0	0	0	0	0	0	0	0	0	0	0	0	0	0	0	0	0	0	0	0	0	0	0	0	0	0	0	0	0	2026	0	198	0	0	0	0	0	0	0	10376	6268	0	7164	1840	836	18734	2720	16110	154	1820	270	120	0	1750	0	1618	0	194	0	0	0	0	0	10992	806	2010	0	0	0	0	0	0	0	0	0	0	0	0	0	0	0	1182	0	0	0	308	0	0	0	0	0	0	0	0	0	0	0	0	0	0	0	0	0	0	0	0	0	0	0	0	0	0	0	
313324	Cuneus_R	148	738	0	0	0	0	0	0	0	0	0	0	0	0	0	0	0	352	0	886	0	0	0	0	0	0	0	0	0	628	0	0	418	2318	0	1606	0	196	0	0	0	0	4016	23712	7164	0	764	3942	136	37006	0	8548	0	1776	0	1178	0	6300	0	7464	0	1748	0	682	0	1084	5162	29486	130	3602	0	0	0	0	0	0	0	0	0	0	0	814	0	0	0	3134	0	0	0	1122	0	0	0	0	0	0	0	0	0	402	0	0	0	0	0	0	0	0	0	0	0	0	0	0	0	0	
251352	Lingual_L	258	0	0	0	0	0	0	0	0	0	0	0	0	0	0	0	0	0	0	0	0	0	0	0	0	0	0	0	104	0	0	0	0	0	1440	238	4342	236	3178	0	0	0	14574	3972	1840	764	0	3428	3724	462	9840	104	5654	0	15000	1016	260	0	0	0	188	0	196	0	0	0	6990	204	536	0	0	0	0	0	0	0	454	222	992	0	158	0	0	0	912	0	0	0	822	0	7006	774	1150	0	0	118	8318	1566	11990	2996	434	0	682	0	232	394	0	0	0	0	3220	2810	1002	238	324	314	
226524	Lingual_R	0	0	0	0	0	0	0	0	0	0	0	0	0	0	0	0	0	0	0	120	0	0	0	0	0	0	0	0	0	0	0	0	0	392	0	2092	0	2956	0	2718	0	0	3656	28122	836	3942	3428	0	0	8710	0	4522	0	4838	252	13882	0	206	0	0	0	0	0	0	0	0	0	9574	0	354	0	0	0	0	0	0	0	136	0	0	0	0	0	0	0	2150	0	0	0	542	838	1782	0	172	134	304	566	1964	1528	5850	0	0	0	136	0	0	0	0	0	124	1984	3504	948	0	0	0	
210364	Occipital_Sup_L	1196	0	0	0	0	0	114	0	0	0	0	0	0	0	0	0	0	0	0	0	0	0	0	0	0	0	0	0	0	0	0	0	1118	0	128	0	0	0	0	0	0	0	9212	104	18734	136	3724	0	0	0	37198	0	5018	0	270	0	2136	0	6620	0	974	0	0	0	544	0	9860	0	3120	0	0	0	0	0	0	0	0	0	0	0	0	0	0	0	4454	0	0	0	522	0	0	0	0	0	0	0	0	0	0	0	0	0	0	0	0	0	0	0	0	0	0	0	0	0	0	0	
354524	Occipital_Sup_R	184	3754	0	312	0	0	138	0	0	0	0	580	0	0	0	0	0	920	0	440	0	0	0	0	0	0	0	0	0	1612	0	0	0	228	0	0	0	108	0	0	0	0	1916	22022	2720	37006	462	8710	0	0	0	19726	0	3992	0	2656	0	9880	0	9768	0	4414	0	1924	0	6932	3352	21774	0	3922	0	0	0	0	0	0	0	0	0	120	0	2042	0	0	0	4190	0	0	0	772	0	0	0	0	0	0	0	0	0	686	0	0	0	0	0	0	0	0	0	0	0	0	0	0	0	0	
486500	Occipital_Mid_L	7580	214	1224	0	0	0	718	0	0	0	168	0	0	0	0	0	644	0	706	164	0	0	0	0	0	0	0	0	580	0	0	0	844	0	308	0	340	0	402	0	0	0	22270	0	16110	0	9840	0	37198	0	0	0	19206	0	2438	0	13430	0	20606	0	20394	0	1106	0	13252	0	11740	0	12218	162	158	0	0	0	0	0	506	118	616	0	452	0	0	0	23960	0	0	0	3578	0	0	0	0	0	0	0	0	0	0	0	0	0	0	0	0	0	0	0	0	0	0	0	0	0	0	0	
207868	Occipital_Mid_R	0	824	0	0	0	0	0	0	0	0	0	0	0	0	0	0	0	124	0	152	0	0	0	0	0	0	0	0	0	350	0	0	0	116	0	0	0	0	0	0	0	0	222	9864	154	8548	104	4522	0	19726	0	0	0	4676	0	3346	0	3568	0	3772	0	4318	0	400	0	13678	1100	7568	0	1394	0	0	0	0	0	0	0	0	0	0	0	804	0	0	0	13158	0	0	0	1290	0	0	0	0	0	0	0	0	0	156	0	0	0	0	0	0	0	0	0	0	0	0	0	0	0	0	
111884	Occipital_Inf_L	530	0	0	0	0	0	0	0	0	0	0	0	0	0	0	0	0	0	0	0	0	0	0	0	0	0	0	0	0	0	0	0	0	0	184	0	298	0	480	0	0	0	6358	0	1820	0	5654	0	5018	0	19206	0	0	0	4596	0	392	0	874	0	176	0	0	0	0	0	2118	0	1004	0	0	0	0	0	0	0	0	0	190	0	0	0	0	0	4102	0	0	0	2828	0	0	0	0	0	0	0	0	0	114	0	0	0	0	0	0	0	0	0	0	0	0	0	0	0	0	0	
92140	Occipital_Inf_R	0	264	0	0	0	0	0	0	0	0	0	122	0	0	0	0	0	0	0	316	0	0	0	0	0	0	0	0	0	0	0	0	0	446	0	264	0	0	0	0	0	0	176	6428	270	1776	0	4838	0	3992	0	4676	0	0	0	4182	0	1266	0	1084	0	122	0	0	0	0	0	3266	0	732	0	0	0	0	0	0	0	0	0	0	0	0	0	0	0	3786	0	0	0	6572	0	290	0	0	0	0	0	0	0	630	0	0	0	0	0	0	0	0	0	0	0	336	236	0	0	0	
434016	Fusiform_L	1612	656	3056	456	0	0	320	0	0	0	134	0	0	0	0	0	314	0	2240	156	566	0	0	0	0	0	0	0	8296	0	0	0	534	0	3204	1132	29472	1000	11342	0	3032	0	2094	0	120	0	15000	252	270	0	2438	0	4596	0	0	504	706	0	0	0	280	0	476	0	250	0	3838	0	2052	0	302	0	8350	0	492	0	4904	1552	2862	0	1770	0	3474	0	2980	0	1834	0	27642	0	17202	1152	2730	124	0	0	8052	0	21614	1906	624	0	2118	0	256	242	0	0	0	0	380	2034	1498	232	284	0	
481152	Fusiform_R	132	2066	218	1786	0	0	0	452	0	0	0	1166	0	0	0	0	0	534	404	2210	0	638	0	0	0	0	0	0	0	7162	0	0	0	598	196	1800	172	31698	0	22000	0	5568	374	9946	0	1178	1016	13882	0	2656	0	3346	0	4182	504	0	0	1246	0	0	0	0	0	136	0	0	156	4664	0	1538	190	540	130	8740	0	1366	108	1342	0	1470	0	1228	0	4444	0	4274	0	3938	0	9524	1720	13944	208	1470	0	936	2004	10938	2832	27892	0	234	214	796	0	308	0	0	336	690	6050	5594	2816	352	324	0	
271552	Postcentral_L	26080	258	6580	206	0	0	924	0	0	0	4034	0	0	0	0	0	7712	0	4864	108	0	0	0	0	0	0	0	0	2460	0	0	0	246	0	378	342	1196	282	158	0	0	0	904	0	1750	0	260	0	2136	0	13430	0	392	0	706	0	0	0	9896	0	15842	0	8412	0	1962	0	5428	0	7260	0	1180	106	112	0	192	0	834	426	1470	0	2264	0	0	0	3880	0	0	0	1106	0	0	0	0	0	0	0	0	0	0	0	0	0	0	0	0	0	0	0	0	0	0	0	0	0	0	0	
245932	Postcentral_R	476	13620	0	590	0	0	0	594	0	0	0	2210	0	0	0	0	0	4508	0	3998	0	0	0	0	0	0	0	0	0	2726	0	0	104	3900	106	434	0	1018	0	280	0	0	0	2868	0	6300	0	206	0	9880	0	3568	0	1266	0	1246	0	0	0	6220	0	7358	0	11198	0	1220	1314	12774	874	12424	0	124	0	232	0	0	0	0	0	334	0	1692	0	0	0	3810	0	0	0	3494	0	0	0	0	0	0	0	0	0	0	0	0	0	0	0	0	0	0	0	0	0	0	0	0	0	0	
160012	Parietal_Sup_L	3774	0	962	0	0	0	346	0	0	0	182	0	0	0	0	0	454	0	596	0	0	0	0	0	0	0	0	0	194	0	0	0	292	0	0	0	0	0	0	0	0	0	294	0	1618	0	0	0	6620	0	20606	0	874	0	0	0	9896	0	0	0	17220	0	870	0	3704	0	6898	0	3052	0	0	0	0	0	0	0	138	0	0	0	292	0	0	0	752	0	0	0	372	0	0	0	0	0	0	0	0	0	0	0	0	0	0	0	0	0	0	0	0	0	0	0	0	0	0	0	
133800	Parietal_Sup_R	0	756	0	238	0	0	0	0	0	0	0	202	0	0	0	0	0	336	0	218	0	0	0	0	0	0	0	0	0	0	0	0	0	0	0	0	0	0	0	0	0	0	0	640	0	7464	0	0	0	9768	0	3772	0	1084	0	0	0	6220	0	0	0	9076	0	1748	0	6350	810	14340	0	448	0	0	0	0	0	0	0	0	0	0	0	114	0	0	0	724	0	0	0	2592	0	0	0	0	0	0	0	0	0	0	0	0	0	0	0	0	0	0	0	0	0	0	0	0	0	0	
238476	Parietal_Inf_L	4786	0	2082	0	0	0	554	0	0	0	206	0	0	0	0	0	790	0	1282	0	0	0	0	0	0	0	0	0	268	0	0	0	0	0	0	0	618	0	0	0	0	0	422	0	194	0	188	0	974	0	20394	0	176	0	280	0	15842	0	17220	0	0	0	13364	0	18056	0	1572	0	2050	0	312	0	0	0	0	0	150	0	932	0	2986	0	0	0	10020	0	0	0	3520	0	0	0	0	0	0	0	0	0	0	0	0	0	0	0	0	0	0	0	0	0	0	0	0	0	0	0	
126844	Parietal_Inf_R	0	2170	0	422	0	0	0	136	0	0	0	708	0	0	0	0	0	752	0	330	0	0	0	0	0	0	0	0	0	116	0	0	0	0	0	0	0	0	0	0	0	0	0	424	0	1748	0	0	0	4414	0	4318	0	122	0	0	0	7358	0	9076	0	0	0	10366	0	13116	396	2220	0	382	0	0	0	0	0	0	0	0	0	0	0	592	0	0	0	2868	0	0	0	1388	0	0	0	0	0	0	0	0	0	0	0	0	0	0	0	0	0	0	0	0	0	0	0	0	0	0	
102168	SupraMarginal_L	958	0	986	0	0	0	0	0	0	0	0	0	0	0	0	0	988	0	638	0	0	0	0	0	0	0	0	0	0	0	0	0	0	0	0	0	2302	0	0	0	0	0	0	0	0	0	196	0	0	0	1106	0	0	0	476	0	8412	0	870	0	13364	0	0	0	6028	0	144	0	258	0	104	0	0	0	0	0	0	0	2526	0	5800	0	0	0	5560	0	0	0	368	0	0	0	0	0	0	0	0	0	0	0	0	0	0	0	0	0	0	0	0	0	0	0	0	0	0	0	
113376	SupraMarginal_R	0	3056	0	428	0	0	0	186	0	0	0	860	0	0	0	0	0	3804	0	398	0	0	0	0	0	0	0	0	0	0	0	0	0	0	0	0	0	0	0	0	0	0	0	164	0	682	0	0	0	1924	0	400	0	0	0	136	0	11198	0	1748	0	10366	0	0	0	2888	0	764	0	512	0	0	0	0	0	0	0	0	0	0	0	8208	0	0	0	6336	0	0	0	2630	0	0	0	0	0	0	0	0	0	0	0	0	0	0	0	0	0	0	0	0	0	0	0	0	0	0	
132304	Angular_L	226	0	260	0	0	0	0	0	0	0	0	0	0	0	0	0	424	0	234	0	0	0	0	0	0	0	0	0	0	0	0	0	0	0	0	0	1192	0	0	0	0	0	0	0	0	0	0	0	544	0	13252	0	0	0	250	0	1962	0	3704	0	18056	0	6028	0	0	0	556	0	212	0	0	0	0	0	0	0	0	0	1312	0	4292	0	0	0	12438	0	0	0	1210	0	0	0	0	0	0	0	0	0	0	0	0	0	0	0	0	0	0	0	0	0	0	0	0	0	0	0	
115720	Angular_R	0	564	0	0	0	0	0	0	0	0	0	170	0	0	0	0	0	0	0	0	0	0	0	0	0	0	0	0	0	0	0	0	0	0	0	0	0	0	0	0	0	0	0	324	0	1084	0	0	0	6932	0	13678	0	0	0	0	0	1220	0	6350	0	13116	0	2888	0	0	136	1140	0	248	0	0	0	0	0	0	0	0	0	0	0	3024	0	0	0	5868	0	0	0	1118	0	0	0	0	0	0	0	0	0	0	0	0	0	0	0	0	0	0	0	0	0	0	0	0	0	0	
273948	Precuneus_L	1270	286	150	0	0	0	0	0	0	0	0	0	0	0	0	0	0	0	146	452	0	0	0	0	0	0	0	0	0	0	198	0	6290	1158	7678	1848	4436	790	2424	0	0	0	13192	314	10992	5162	6990	0	9860	3352	11740	1100	2118	0	3838	156	5428	1314	6898	810	1572	396	144	0	556	136	0	9124	7506	818	0	0	0	0	0	0	114	522	636	0	124	108	0	0	3504	118	0	0	1206	0	0	0	0	0	0	0	0	0	0	0	0	0	0	0	0	0	0	0	0	0	0	0	0	0	0	0	
378064	Precuneus_R	360	1686	0	0	0	0	126	0	0	0	0	146	0	0	0	0	0	706	0	2322	0	0	0	0	0	0	0	0	0	1030	0	0	1762	8068	1018	8202	732	4994	256	1938	0	0	828	20024	806	29486	204	9574	0	21774	0	7568	0	3266	0	4664	0	12774	0	14340	0	2220	0	764	0	1140	9124	0	404	6790	0	0	0	0	0	0	0	474	0	0	0	892	0	0	0	2960	0	0	0	5228	0	0	0	0	0	0	0	0	0	0	0	0	0	0	0	0	0	0	0	0	382	0	0	0	0	0	
301352	Paracentral_Lobule_L	20918	4788	3448	706	0	0	0	150	0	0	0	0	0	0	0	0	158	0	5776	15102	0	0	0	0	0	0	0	0	2058	0	0	0	3026	9830	1578	508	3282	232	454	0	0	0	1384	130	2010	130	536	0	3120	0	12218	0	1004	0	2052	0	7260	874	3052	0	2050	0	258	0	212	0	7506	404	0	7882	3644	878	7300	302	2934	384	2736	200	176	0	166	0	0	0	4982	0	0	0	2878	0	0	0	0	0	0	0	0	0	0	0	0	0	0	0	0	0	0	0	0	0	0	0	0	0	0	0	
223412	Paracentral_Lobule_R	2720	12404	0	124	0	0	0	0	0	0	0	174	0	0	0	0	0	764	1242	20742	0	0	0	0	0	0	0	0	0	1424	0	0	1374	14026	1136	1290	0	1164	0	114	0	0	0	2214	0	3602	0	354	0	3922	162	1394	0	732	0	1538	0	12424	0	448	0	382	0	512	0	248	818	6790	7882	0	622	340	618	0	456	0	232	322	0	218	0	1624	0	0	0	3204	0	0	0	1950	0	0	0	0	0	0	0	0	0	0	0	0	0	0	0	0	0	0	0	0	0	0	0	0	0	0	
505208	Caudate_L	6510	2058	16624	7776	1444	806	4370	3768	0	0	2468	2584	1796	2084	674	532	354	1140	11870	8330	7382	10692	3894	1570	848	0	2360	1600	5376	1888	11076	5952	0	408	1480	1550	1184	664	102	260	1042	0	0	0	0	0	0	0	0	0	158	0	0	0	302	190	1180	0	0	0	312	0	104	0	0	0	0	0	3644	622	0	32830	39248	14356	9420	5498	8170	1370	0	0	214	0	232	0	0	0	0	0	238	0	0	0	0	0	0	0	0	0	0	0	0	0	0	0	0	0	0	0	0	0	0	0	0	0	0	0	
596888	Caudate_R	992	11580	7940	28512	184	1194	984	3662	0	0	926	5200	634	2106	166	1544	0	2392	9210	16090	3006	9320	1812	10354	0	1790	318	2818	1186	5906	6058	30418	0	966	254	232	268	1656	0	792	854	166	0	0	0	0	0	0	0	0	0	0	0	0	0	540	106	124	0	0	0	0	0	0	0	0	0	0	878	340	32830	0	25044	32928	5846	8996	1728	15960	0	0	0	500	0	494	0	356	0	284	0	0	0	0	0	0	0	0	0	0	0	0	0	0	0	0	0	0	0	0	0	0	0	0	0	0	0	0	
578316	Putamen_L	2938	958	26282	3368	3278	388	5242	496	1216	0	988	268	1136	204	5446	270	264	290	14400	4782	4920	7874	8804	1474	2710	142	3122	1150	20276	588	14850	4492	614	252	108	134	13772	424	1446	180	1882	0	0	0	0	0	0	0	0	0	0	0	0	0	8350	130	112	0	0	0	0	0	0	0	0	0	0	0	7300	618	39248	25044	0	12786	11802	5268	7094	428	0	0	950	0	1374	0	248	0	0	0	6978	0	0	0	0	0	0	0	0	0	0	0	0	0	0	0	0	0	0	0	0	0	0	0	0	0	0	0	
508136	Putamen_R	650	2496	4832	27890	0	974	582	5000	0	0	412	3248	278	2090	0	1974	156	1448	5634	15964	988	3848	1346	7386	0	1920	0	2122	544	20252	4284	17240	0	742	146	172	142	15790	0	8456	0	1800	0	0	0	0	0	0	0	0	0	0	0	0	0	8740	0	232	0	0	0	0	0	0	0	0	0	0	302	0	14356	32928	12786	0	1448	10604	900	8794	0	0	0	540	0	372	0	344	0	274	0	642	0	0	0	0	0	0	0	0	0	0	0	0	0	0	0	0	0	0	0	0	0	0	0	0	0	0	
101032	Pallidum_L	1458	628	2048	504	0	0	204	0	0	0	0	0	0	0	0	0	0	0	1724	1300	0	1380	0	0	0	0	0	0	792	0	0	134	226	0	0	0	1328	0	246	0	0	0	0	0	0	0	0	0	0	0	0	0	0	0	492	0	192	0	0	0	0	0	0	0	0	0	0	0	2934	456	9420	5846	11802	1448	0	1700	3764	140	0	0	0	0	0	0	0	0	0	0	350	0	0	0	0	0	0	0	0	0	0	0	0	0	0	0	0	0	0	0	0	0	0	0	0	0	0	0	
110996	Pallidum_R	120	224	1980	3342	0	0	0	376	0	0	0	194	0	106	0	0	0	142	1816	4074	0	0	194	578	0	0	0	0	0	690	598	1918	0	0	0	0	0	2910	0	1898	0	0	0	0	0	0	0	0	0	0	0	0	0	0	0	1366	0	0	0	0	0	0	0	0	0	0	0	0	384	0	5498	8996	5268	10604	1700	0	0	522	0	0	0	0	0	0	0	0	0	0	0	0	0	0	0	0	0	0	0	0	0	0	0	0	0	0	0	0	0	0	0	0	0	0	0	0	0	0	
204940	Thalamus_L	4102	3602	3308	3566	0	0	2254	0	0	0	382	0	0	0	0	0	0	0	194	418	0	0	0	142	0	0	0	0	5450	182	0	336	0	0	5958	6124	11536	3940	2366	300	0	0	112	0	0	0	454	0	0	0	506	0	0	0	4904	108	834	0	138	0	150	0	0	0	0	0	114	0	2736	232	8170	1728	7094	900	3764	0	0	11774	770	0	178	0	128	0	306	0	0	0	3210	0	0	0	0	0	0	0	0	0	0	0	0	0	0	0	0	0	0	0	0	0	0	0	0	0	0	0	
287176	Thalamus_R	2078	17680	3098	16672	0	0	1322	3270	0	0	360	424	0	0	0	0	266	248	488	3006	0	0	0	750	0	0	0	0	2972	952	164	1692	0	244	8606	8778	8776	10584	1526	2568	0	276	0	0	0	0	222	136	0	0	118	0	0	0	1552	1342	426	0	0	0	0	0	0	0	0	0	522	474	200	322	1370	15960	428	8794	140	522	11774	0	1322	0	0	128	0	0	104	0	0	0	932	0	0	0	0	0	0	0	0	0	0	0	0	0	0	0	0	0	0	0	0	0	0	0	0	0	0	0	
114040	Heschl_L	1574	458	1634	578	0	0	776	0	0	0	1206	0	0	0	0	0	3822	0	420	0	0	0	0	0	0	0	0	0	6420	0	0	0	0	0	1340	1340	8378	1294	0	0	0	0	0	0	0	0	992	0	0	0	616	0	190	0	2862	0	1470	0	0	0	932	0	2526	0	1312	0	636	0	176	0	0	0	0	0	0	0	770	1322	0	0	5846	0	0	0	5402	0	0	0	2728	0	0	0	0	0	0	0	0	0	0	0	0	0	0	0	0	0	0	0	0	0	0	0	0	0	0	0	
32016	Heschl_R	0	224	0	0	0	0	0	0	0	0	0	144	0	0	0	0	0	1578	0	0	0	0	0	0	0	0	0	0	0	3758	0	0	0	0	0	0	0	1538	0	534	0	0	0	0	0	0	0	0	0	120	0	0	0	0	0	1470	0	334	0	0	0	0	0	0	0	0	0	0	0	218	0	0	0	0	0	0	0	0	0	0	0	4858	0	0	0	1062	0	0	0	170	0	0	0	0	0	0	0	0	0	0	0	0	0	0	0	0	0	0	0	0	0	0	0	0	0	0	
203736	Temporal_Sup_L	1868	0	5648	0	0	0	714	0	0	0	4294	0	394	0	0	0	8782	0	5100	0	1010	0	0	0	0	0	0	0	11496	0	0	0	0	0	0	0	3682	0	0	0	192	0	0	0	0	0	158	0	0	0	452	0	0	0	1770	0	2264	0	292	0	2986	0	5800	0	4292	0	124	0	166	0	214	0	950	0	0	0	178	0	5846	0	0	0	4620	0	19676	0	0	0	8900	0	0	0	0	0	0	0	0	0	0	0	0	0	0	0	0	0	0	0	0	0	0	0	0	0	0	0	
160120	Temporal_Sup_R	0	656	0	296	0	0	0	0	0	0	0	1620	0	158	0	464	0	6534	0	702	0	0	0	0	0	0	0	0	0	6804	0	106	0	222	0	0	0	880	0	350	0	0	0	262	0	814	0	0	0	2042	0	804	0	0	0	1228	0	1692	0	114	0	592	0	8208	0	3024	108	892	0	1624	0	500	0	540	0	0	0	128	0	4858	0	0	0	3486	0	21274	0	2200	0	6878	0	0	0	0	0	0	0	0	0	0	0	0	0	0	0	0	0	0	0	0	0	0	0	0	0	0	
113436	Temporal_Pole_Sup_L	0	0	1878	0	124	0	1814	0	192	0	2678	0	2836	0	4184	0	1972	0	1272	0	590	0	0	0	0	0	0	0	7286	0	0	0	0	0	0	0	2554	0	1496	0	1390	0	0	0	0	0	0	0	0	0	0	0	0	0	3474	0	0	0	0	0	0	0	0	0	0	0	0	0	0	0	232	0	1374	0	0	0	128	0	0	0	4620	0	0	0	7956	0	4282	0	4386	0	0	0	0	0	0	0	0	0	0	0	0	0	0	0	0	0	0	0	0	0	0	0	0	0	0	0	
71256	Temporal_Pole_Sup_R	0	0	0	116	0	0	0	0	0	0	0	1454	0	202	0	1028	0	1100	0	148	0	0	0	0	0	0	0	0	0	1836	0	132	0	0	0	0	0	2340	0	2660	0	3018	0	0	0	0	0	0	0	0	0	0	0	0	0	4444	0	0	0	0	0	0	0	0	0	0	0	0	0	0	0	494	0	372	0	0	0	0	0	0	0	3486	0	0	0	5210	0	6722	0	866	0	0	0	0	0	0	0	0	0	0	0	0	0	0	0	0	0	0	0	0	0	0	0	0	0	0	
327200	Temporal_Mid_L	3348	0	1538	0	0	0	348	0	0	0	0	0	0	0	0	0	1962	0	1306	0	276	0	0	0	0	0	0	0	3174	0	0	0	184	0	304	0	1956	0	574	0	0	0	3830	0	1182	0	912	0	4454	0	23960	0	4102	0	2980	0	3880	0	752	0	10020	0	5560	0	12438	0	3504	0	4982	0	0	0	248	0	0	0	306	104	5402	0	19676	0	7956	0	0	0	3726	0	28656	0	0	0	0	0	0	0	0	0	0	0	0	0	0	0	0	0	0	0	0	0	0	0	0	0	0	0	
274364	Temporal_Mid_R	0	1544	0	346	0	0	0	108	0	0	0	1358	0	158	0	716	0	2306	0	1148	0	0	0	0	0	0	0	0	0	3054	0	102	0	768	0	0	0	548	0	378	0	0	0	8988	0	3134	0	2150	0	4190	0	13158	0	3786	0	4274	0	3810	0	724	0	2868	0	6336	0	5868	118	2960	0	3204	0	356	0	344	0	0	0	0	0	1062	0	21274	0	5210	0	0	0	3532	0	27302	0	0	0	0	0	0	0	0	0	0	0	0	0	0	0	0	0	0	0	0	0	0	0	0	0	0	
29036	Temporal_Pole_Mid_L	0	0	0	0	0	0	0	0	0	0	0	0	0	0	0	0	0	0	0	0	0	0	0	0	0	0	0	0	0	0	0	0	0	0	0	0	488	0	1200	0	430	0	0	0	0	0	0	0	0	0	0	0	0	0	1834	0	0	0	0	0	0	0	0	0	0	0	0	0	0	0	0	0	0	0	0	0	0	0	0	0	0	0	4282	0	3726	0	0	0	2558	0	0	0	0	0	0	0	0	0	0	0	0	0	0	0	0	0	0	0	0	0	0	0	0	0	0	0	
51676	Temporal_Pole_Mid_R	0	0	0	0	0	0	0	0	0	0	0	914	0	152	0	676	0	550	0	0	0	0	0	0	0	0	0	0	0	1238	0	0	0	0	0	0	0	544	0	1716	0	856	0	0	0	0	0	0	0	0	0	0	0	0	0	3938	0	0	0	0	0	0	0	0	0	0	0	0	0	0	0	284	0	274	0	0	0	0	0	0	0	2200	0	6722	0	3532	0	0	0	2242	0	0	0	0	0	0	0	0	0	0	0	0	0	0	0	0	0	0	0	0	0	0	0	0	0	0	
304284	Temporal_Inf_L	2216	646	3720	370	0	0	196	0	0	0	112	0	0	0	0	0	994	0	2900	122	832	0	0	0	0	0	0	0	9488	0	0	0	540	0	2054	778	16986	746	1140	0	1196	0	732	0	308	0	822	0	522	0	3578	0	2828	0	27642	0	1106	0	372	0	3520	0	368	0	1210	0	1206	0	2878	0	238	0	6978	0	350	0	3210	932	2728	0	8900	0	4386	0	28656	0	2558	0	0	0	676	0	176	0	0	0	0	0	112	0	0	0	114	0	0	0	0	0	0	0	0	0	0	0	0	0	
186372	Temporal_Inf_R	0	2098	0	212	0	0	0	120	0	0	0	888	0	0	0	0	0	546	0	726	0	0	0	0	0	0	0	0	0	1420	0	0	0	428	0	178	0	3162	0	970	0	160	0	2704	0	1122	0	542	0	772	0	1290	0	6572	0	9524	0	3494	0	2592	0	1388	0	2630	0	1118	0	5228	0	1950	0	0	0	642	0	0	0	0	0	170	0	6878	0	866	0	27302	0	2242	0	0	0	2300	0	0	0	0	0	0	0	0	0	400	0	552	0	0	0	0	0	0	0	0	0	0	0	0	
434872	Cerebelum_Crus1_L	0	0	0	0	0	0	0	0	0	0	0	0	0	0	0	0	0	0	0	0	0	0	0	0	0	0	0	0	0	0	0	0	0	0	0	0	0	0	142	0	0	0	0	0	0	0	7006	838	0	0	0	0	0	0	17202	1720	0	0	0	0	0	0	0	0	0	0	0	0	0	0	0	0	0	0	0	0	0	0	0	0	0	0	0	0	0	0	0	0	676	0	0	5610	38280	5350	530	0	17478	624	50578	7794	12096	342	23850	4280	1876	1436	1098	176	0	0	2566	5428	9436	600	424	0	
271596	Cerebelum_Crus1_R	0	0	0	0	0	0	0	0	0	0	0	0	0	0	0	0	0	0	0	0	0	0	0	0	0	0	0	0	0	0	0	0	0	0	0	0	0	0	0	0	0	0	0	0	0	0	774	1782	0	0	0	0	0	290	1152	13944	0	0	0	0	0	0	0	0	0	0	0	0	0	0	0	0	0	0	0	0	0	0	0	0	0	0	0	0	0	0	0	0	0	2300	5610	0	2320	27554	0	688	274	2932	4486	33378	150	7258	854	12380	258	1380	0	474	0	0	372	4410	9320	914	544	0	
307116	Cerebelum_Crus2_L	0	0	0	0	0	0	0	0	0	0	0	0	0	0	0	0	0	0	0	0	0	0	0	0	0	0	0	0	0	0	0	0	0	0	0	0	0	0	0	0	0	0	0	0	0	0	1150	0	0	0	0	0	0	0	2730	208	0	0	0	0	0	0	0	0	0	0	0	0	0	0	0	0	0	0	0	0	0	0	0	0	0	0	0	0	0	0	0	0	176	0	38280	2320	0	6654	182	0	4442	194	11736	1752	27922	2440	32988	6184	1586	760	1074	0	0	0	634	168	6766	3212	0	0	
234488	Cerebelum_Crus2_R	0	0	0	0	0	0	0	0	0	0	0	0	0	0	0	0	0	0	0	0	0	0	0	0	0	0	0	0	0	0	0	0	0	0	0	0	0	0	0	0	0	0	0	0	0	0	0	172	0	0	0	0	0	0	124	1470	0	0	0	0	0	0	0	0	0	0	0	0	0	0	0	0	0	0	0	0	0	0	0	0	0	0	0	0	0	0	0	0	0	0	5350	27554	6654	0	0	0	314	244	2284	7854	2204	17938	3946	26154	460	2476	0	558	0	0	0	418	8992	1810	268	0	
22972	Cerebelum_3_L	0	0	0	0	0	0	0	0	0	0	0	0	0	0	0	0	0	0	0	0	0	0	0	0	0	0	0	0	0	0	0	0	0	0	0	0	0	0	0	0	0	0	0	0	0	0	0	134	0	0	0	0	0	0	0	0	0	0	0	0	0	0	0	0	0	0	0	0	0	0	0	0	0	0	0	0	0	0	0	0	0	0	0	0	0	0	0	0	0	0	530	0	182	0	0	340	5252	122	710	136	0	0	182	0	0	0	0	0	918	2196	784	0	0	0	0	0	
32924	Cerebelum_3_R	0	0	0	0	0	0	0	0	0	0	0	0	0	0	0	0	0	0	0	0	0	0	0	0	0	0	0	0	0	0	0	0	0	0	0	0	0	0	0	0	0	0	0	0	0	0	118	304	0	0	0	0	0	0	0	936	0	0	0	0	0	0	0	0	0	0	0	0	0	0	0	0	0	0	0	0	0	0	0	0	0	0	0	0	0	0	0	0	0	0	0	688	0	0	340	0	1040	4446	0	4032	0	0	0	120	0	0	0	0	486	2402	1368	182	0	0	0	0	
247864	Cerebelum_4_5_L	0	0	0	0	0	0	0	0	0	0	0	0	0	0	0	0	0	0	0	0	0	0	0	0	0	0	0	0	0	0	0	0	0	0	0	0	176	0	362	0	0	0	0	0	0	0	8318	566	0	0	0	0	0	0	8052	2004	0	0	0	0	0	0	0	0	0	0	0	0	0	0	0	0	0	0	0	0	0	0	0	0	0	0	0	0	0	0	0	0	0	0	17478	274	4442	314	5252	1040	0	4248	27182	5740	2654	0	5702	282	2810	1632	968	0	1536	2776	11550	4978	664	526	1532	874	
135652	Cerebelum_4_5_R	0	0	0	0	0	0	0	0	0	0	0	0	0	0	0	0	0	0	0	0	0	0	0	0	0	0	0	0	0	0	0	0	0	0	0	0	0	518	0	544	0	0	0	0	0	0	1566	1964	0	0	0	0	0	0	0	10938	0	0	0	0	0	0	0	0	0	0	0	0	0	0	0	0	0	0	0	0	0	0	0	0	0	0	0	0	0	0	0	0	0	0	624	2932	194	244	122	4446	4248	0	1156	21426	134	206	274	426	0	310	0	0	478	1554	10600	1960	268	240	248	206	
397868	Cerebelum_6_L	0	0	0	0	0	0	0	0	0	0	0	0	0	0	0	0	0	0	0	0	0	0	0	0	0	0	0	0	0	0	0	0	0	0	0	0	156	0	312	0	0	0	0	0	0	0	11990	1528	0	0	0	0	114	0	21614	2832	0	0	0	0	0	0	0	0	0	0	0	0	0	0	0	0	0	0	0	0	0	0	0	0	0	0	0	0	0	0	0	0	112	0	50578	4486	11736	2284	710	0	27182	1156	0	9930	5520	174	11868	2062	2418	2022	1650	134	0	0	4914	11048	7058	1352	1770	224	
384884	Cerebelum_6_R	0	0	0	0	0	0	0	0	0	0	0	0	0	0	0	0	0	0	0	0	0	0	0	0	0	0	0	0	0	0	0	0	0	0	0	0	0	0	0	0	0	0	116	848	0	402	2996	5850	0	686	0	156	0	630	1906	27892	0	0	0	0	0	0	0	0	0	0	0	0	0	0	0	0	0	0	0	0	0	0	0	0	0	0	0	0	0	0	0	0	0	0	7794	33378	1752	7854	136	4032	5740	21426	9930	0	238	1332	1002	5154	378	3602	186	972	476	1432	11486	13494	12604	3358	2912	292	
190712	Cerebelum_7b_L	0	0	0	0	0	0	0	0	0	0	0	0	0	0	0	0	0	0	0	0	0	0	0	0	0	0	0	0	0	0	0	0	0	0	0	0	0	0	0	0	0	0	0	0	0	0	434	0	0	0	0	0	0	0	624	0	0	0	0	0	0	0	0	0	0	0	0	0	0	0	0	0	0	0	0	0	0	0	0	0	0	0	0	0	0	0	0	0	0	0	12096	150	27922	2204	0	0	2654	134	5520	238	0	2430	29600	3146	1100	0	566	0	0	0	514	0	2070	3954	0	0	
113916	Cerebelum_7b_R	0	0	0	0	0	0	0	0	0	0	0	0	0	0	0	0	0	0	0	0	0	0	0	0	0	0	0	0	0	0	0	0	0	0	0	0	0	0	0	0	0	0	0	0	0	0	0	0	0	0	0	0	0	0	0	234	0	0	0	0	0	0	0	0	0	0	0	0	0	0	0	0	0	0	0	0	0	0	0	0	0	0	0	0	0	0	0	0	0	400	342	7258	2440	17938	0	0	0	206	174	1332	2430	0	2478	18104	0	628	0	0	0	0	0	0	1400	1594	0	0	
302936	Cerebelum_8_L	0	0	0	0	0	0	0	0	0	0	0	0	0	0	0	0	0	0	0	0	0	0	0	0	0	0	0	0	0	0	0	0	0	0	0	0	0	0	0	0	0	0	0	0	0	0	682	0	0	0	0	0	0	0	2118	214	0	0	0	0	0	0	0	0	0	0	0	0	0	0	0	0	0	0	0	0	0	0	0	0	0	0	0	0	0	0	0	0	114	0	23850	854	32988	3946	182	0	5702	274	11868	1002	29600	2478	0	7962	9158	1142	2286	278	0	0	1012	250	4368	8356	784	0	
232616	Cerebelum_8_R	0	0	0	0	0	0	0	0	0	0	0	0	0	0	0	0	0	0	0	0	0	0	0	0	0	0	0	0	0	0	0	0	0	0	0	0	0	0	0	0	0	0	0	0	0	0	0	136	0	0	0	0	0	0	0	796	0	0	0	0	0	0	0	0	0	0	0	0	0	0	0	0	0	0	0	0	0	0	0	0	0	0	0	0	0	0	0	0	0	552	4280	12380	6184	26154	0	120	282	426	2062	5154	3146	18104	7962	0	1450	7782	0	1086	0	0	0	1238	9396	6524	1094	0	
76332	Cerebelum_9_L	0	0	0	0	0	0	0	0	0	0	0	0	0	0	0	0	0	0	0	0	0	0	0	0	0	0	0	0	0	0	0	0	0	0	0	0	0	0	0	0	0	0	0	0	0	0	232	0	0	0	0	0	0	0	256	0	0	0	0	0	0	0	0	0	0	0	0	0	0	0	0	0	0	0	0	0	0	0	0	0	0	0	0	0	0	0	0	0	0	0	1876	258	1586	460	0	0	2810	0	2418	378	1100	0	9158	1450	0	1816	4602	112	0	0	678	2276	1018	2492	2412	778	
98904	Cerebelum_9_R	0	0	0	0	0	0	0	0	0	0	0	0	0	0	0	0	0	0	0	0	0	0	0	0	0	0	0	0	0	0	0	0	0	0	0	0	0	0	0	0	0	0	0	0	0	0	394	0	0	0	0	0	0	0	242	308	0	0	0	0	0	0	0	0	0	0	0	0	0	0	0	0	0	0	0	0	0	0	0	0	0	0	0	0	0	0	0	0	0	0	1436	1380	760	2476	0	0	1632	310	2022	3602	0	628	1142	7782	1816	0	502	2010	0	0	1574	3544	4338	4688	5764	1102	
31116	Cerebelum_10_L	0	0	0	0	0	0	0	0	0	0	0	0	0	0	0	0	0	0	0	0	0	0	0	0	0	0	0	0	0	0	0	0	0	0	0	0	0	0	0	0	0	0	0	0	0	0	0	0	0	0	0	0	0	0	0	0	0	0	0	0	0	0	0	0	0	0	0	0	0	0	0	0	0	0	0	0	0	0	0	0	0	0	0	0	0	0	0	0	0	0	1098	0	1074	0	0	0	968	0	1650	186	566	0	2286	0	4602	502	0	0	0	0	362	816	374	476	598	0	
16484	Cerebelum_10_R	0	0	0	0	0	0	0	0	0	0	0	0	0	0	0	0	0	0	0	0	0	0	0	0	0	0	0	0	0	0	0	0	0	0	0	0	0	0	0	0	0	0	0	0	0	0	0	0	0	0	0	0	0	0	0	0	0	0	0	0	0	0	0	0	0	0	0	0	0	0	0	0	0	0	0	0	0	0	0	0	0	0	0	0	0	0	0	0	0	0	176	474	0	558	0	0	0	0	134	972	0	0	278	1086	112	2010	0	0	0	0	0	0	1026	782	634	0	
19604	Vermis_1_2	0	0	0	0	0	0	0	0	0	0	0	0	0	0	0	0	0	0	0	0	0	0	0	0	0	0	0	0	0	0	0	0	0	0	0	0	0	0	0	0	0	0	0	0	0	0	0	0	0	0	0	0	0	0	0	336	0	0	0	0	0	0	0	0	0	0	0	0	0	0	0	0	0	0	0	0	0	0	0	0	0	0	0	0	0	0	0	0	0	0	0	0	0	0	918	486	1536	478	0	476	0	0	0	0	0	0	0	0	0	3888	1542	142	0	0	0	0	
35784	Vermis_3	0	0	0	0	0	0	0	0	0	0	0	0	0	0	0	0	0	0	0	0	0	0	0	0	0	0	0	0	0	0	0	0	0	0	0	0	0	0	0	0	0	0	0	0	0	0	0	124	0	0	0	0	0	0	0	690	0	0	0	0	0	0	0	0	0	0	0	0	0	0	0	0	0	0	0	0	0	0	0	0	0	0	0	0	0	0	0	0	0	0	0	0	0	0	2196	2402	2776	1554	0	1432	0	0	0	0	0	0	0	0	3888	0	2514	316	0	0	0	0	
