data	data	450928	248156	1.43148e+06	1.00539e+06	178452	55096	713756	288360	128832	22152	354952	174888	401964	201996	246304	126204	378144	87708	887088	757504	117136	147848	526432	496268	50012	123356	102320	105360	966704	426880	562576	740360	352164	541940	271396	309528	370060	423408	157668	193996	58200	88456	289004	319404	170268	206700	283668	371132	162100	237760	484168	276868	115724	105700	426676	478908	289556	193852	91116	91912	233632	106960	118908	102624	196468	119000	282656	341740	145496	111876	353448	601324	447436	493876	64352	30832	256768	338908	129144	41896	429964	158676	161124	51952	482308	285488	26284	22360	328664	254008	421892	398776	294732	284228	38856	47728	247884	253572	368012	433224	177488	85404	200632	200876	189928	190820	34004	12016	20272	48408	242924	229520	210284	141424	119584	75020	
data	data	Precentral_L	Precentral_R	Frontal_Sup_L	Frontal_Sup_R	Frontal_Sup_Orb_L	Frontal_Sup_Orb_R	Frontal_Mid_L	Frontal_Mid_R	Frontal_Mid_Orb_L	Frontal_Mid_Orb_R	Frontal_Inf_Oper_L	Frontal_Inf_Oper_R	Frontal_Inf_Tri_L	Frontal_Inf_Tri_R	Frontal_Inf_Orb_L	Frontal_Inf_Orb_R	Rolandic_Oper_L	Rolandic_Oper_R	Supp_Motor_Area_L	Supp_Motor_Area_R	Olfactory_L	Olfactory_R	Frontal_Sup_Medial_L	Frontal_Sup_Medial_R	Frontal_Med_Orb_L	Frontal_Med_Orb_R	Rectus_L	Rectus_R	Insula_L	Insula_R	Cingulum_Ant_L	Cingulum_Ant_R	Cingulum_Mid_L	Cingulum_Mid_R	Cingulum_Post_L	Cingulum_Post_R	Hippocampus_L	Hippocampus_R	ParaHippocampal_L	ParaHippocampal_R	Amygdala_L	Amygdala_R	Calcarine_L	Calcarine_R	Cuneus_L	Cuneus_R	Lingual_L	Lingual_R	Occipital_Sup_L	Occipital_Sup_R	Occipital_Mid_L	Occipital_Mid_R	Occipital_Inf_L	Occipital_Inf_R	Fusiform_L	Fusiform_R	Postcentral_L	Postcentral_R	Parietal_Sup_L	Parietal_Sup_R	Parietal_Inf_L	Parietal_Inf_R	SupraMarginal_L	SupraMarginal_R	Angular_L	Angular_R	Precuneus_L	Precuneus_R	Paracentral_Lobule_L	Paracentral_Lobule_R	Caudate_L	Caudate_R	Putamen_L	Putamen_R	Pallidum_L	Pallidum_R	Thalamus_L	Thalamus_R	Heschl_L	Heschl_R	Temporal_Sup_L	Temporal_Sup_R	Temporal_Pole_Sup_L	Temporal_Pole_Sup_R	Temporal_Mid_L	Temporal_Mid_R	Temporal_Pole_Mid_L	Temporal_Pole_Mid_R	Temporal_Inf_L	Temporal_Inf_R	Cerebelum_Crus1_L	Cerebelum_Crus1_R	Cerebelum_Crus2_L	Cerebelum_Crus2_R	Cerebelum_3_L	Cerebelum_3_R	Cerebelum_4_5_L	Cerebelum_4_5_R	Cerebelum_6_L	Cerebelum_6_R	Cerebelum_7b_L	Cerebelum_7b_R	Cerebelum_8_L	Cerebelum_8_R	Cerebelum_9_L	Cerebelum_9_R	Cerebelum_10_L	Cerebelum_10_R	Vermis_1_2	Vermis_3	Vermis_4_5	Vermis_6	Vermis_7	Vermis_8	Vermis_9	Vermis_10	
450928	Precentral_L	0	260	26176	1558	0	0	19334	0	0	0	11478	0	2720	0	0	0	10692	0	7058	2312	0	0	0	0	0	0	0	0	17482	174	0	0	2362	1254	6754	3272	5160	3210	1136	174	0	0	1446	0	192	0	1190	0	128	0	8118	0	520	0	3656	172	23554	0	0	0	3634	0	1222	0	472	0	1070	138	14034	0	3502	2060	1316	166	194	0	8364	5990	2988	0	3352	0	814	0	10344	0	0	0	3606	180	346	0	0	0	0	0	0	0	130	0	0	0	0	0	0	0	0	0	0	0	0	0	0	0	0	0	
248156	Precentral_R	260	0	1454	8110	0	0	0	11104	0	0	0	9060	0	594	0	0	0	1734	1236	5290	0	0	0	0	0	0	0	0	0	5244	0	136	702	2436	276	4984	218	2104	0	282	0	0	0	4352	0	0	0	1462	0	0	0	1164	0	758	0	4218	0	17566	0	320	0	2462	0	5538	0	974	0	2540	204	7378	540	2338	352	3522	0	374	344	1082	0	552	0	1890	0	0	0	4532	0	0	0	4392	0	0	0	0	0	0	0	0	0	0	0	0	0	0	0	0	0	0	0	0	0	0	0	0	0	0	
1.43148e+06	Frontal_Sup_L	26176	1454	0	26706	12880	0	87616	2144	7008	0	20648	232	24724	636	14140	126	15272	0	113032	30814	1286	856	42020	12360	584	638	3292	142	60882	866	21852	15978	7258	12622	2254	1982	8112	3752	2102	0	766	0	0	0	0	0	204	0	0	0	142	0	0	0	2986	114	6210	0	0	0	948	0	1886	0	156	0	0	0	4074	0	19908	6496	39780	2068	6106	0	17314	7096	2366	0	7650	0	4196	0	470	0	0	0	1714	0	208	0	0	0	0	0	0	0	144	0	0	0	0	0	0	0	0	0	0	292	0	0	0	0	0	0	
1.00539e+06	Frontal_Sup_R	1558	8110	26706	0	266	1744	1830	44766	0	842	218	11734	794	18734	524	12614	0	4468	29222	68334	0	800	16818	45076	0	3910	182	2974	1946	21950	13068	36402	6972	17740	3372	2050	1712	5402	216	522	0	638	0	0	0	0	0	0	0	0	0	0	0	0	344	1868	0	380	0	0	0	0	0	0	0	0	0	0	848	0	8052	31510	1876	25998	266	2256	1522	10178	370	206	184	642	0	0	0	528	0	0	120	1332	0	0	0	0	0	0	0	0	0	0	0	0	0	0	0	0	0	0	0	0	0	0	0	0	0	0	
178452	Frontal_Sup_Orb_L	0	0	12880	266	0	0	1400	0	15756	0	0	0	258	0	10488	0	0	0	0	0	2718	938	5900	938	5026	1212	11008	210	2304	0	9372	1738	0	0	0	0	0	0	0	0	476	0	0	0	0	0	0	0	0	0	0	0	0	0	0	0	0	0	0	0	0	0	0	0	0	0	0	0	0	0	2060	946	2450	256	0	0	0	0	0	0	0	0	626	0	0	0	0	0	0	0	0	0	0	0	0	0	0	0	0	0	0	0	0	0	0	0	0	0	0	0	0	0	0	0	0	0	
55096	Frontal_Sup_Orb_R	0	0	0	1744	0	0	0	516	0	4634	0	0	0	0	0	4274	0	0	0	0	0	1958	0	2216	0	3798	0	5974	0	762	0	1060	0	0	0	0	0	0	0	0	0	0	0	0	0	0	0	0	0	0	0	0	0	0	0	0	0	0	0	0	0	0	0	0	0	0	0	0	0	0	0	612	0	0	0	0	0	0	0	0	0	0	0	0	0	0	0	0	0	0	0	0	0	0	0	0	0	0	0	0	0	0	0	0	0	0	0	0	0	0	0	0	0	0	0	0	
713756	Frontal_Mid_L	19334	0	87616	1830	1400	0	0	150	6282	0	29146	0	46082	0	14140	0	16312	0	12792	1930	140	0	10464	1900	0	0	200	0	51860	0	5130	2966	2402	2354	264	596	938	238	452	0	122	0	0	0	0	0	202	0	0	0	0	0	172	0	1522	0	5748	0	0	0	1148	0	138	0	0	0	0	0	0	0	3562	824	13082	424	250	0	640	262	1420	0	6278	0	3886	0	0	0	0	0	280	0	0	0	0	0	0	0	0	0	0	0	0	0	0	0	0	0	0	0	0	0	0	0	0	0	0	0	
288360	Frontal_Mid_R	0	11104	2144	44766	0	516	150	0	0	1188	0	9884	0	15968	0	8660	0	3226	2160	1872	0	328	602	5094	0	0	0	368	0	13902	528	2414	300	828	0	0	0	724	0	0	0	344	0	0	0	0	0	0	0	0	0	0	0	0	0	128	0	214	0	0	0	0	0	0	0	0	0	0	0	0	912	4516	154	9350	0	336	248	680	0	180	0	392	0	0	0	0	0	0	0	0	0	0	0	0	0	0	0	0	0	0	0	0	0	0	0	0	0	0	0	0	0	0	0	0	0	0	
128832	Frontal_Mid_Orb_L	0	0	7008	0	15756	0	6282	0	0	0	0	0	2744	0	17958	0	0	0	0	0	1410	226	180	0	794	0	3266	0	3134	0	1056	180	0	0	0	0	0	0	0	0	548	0	0	0	0	0	0	0	0	0	0	0	0	0	0	0	0	0	0	0	0	0	0	0	0	0	0	0	0	0	544	222	1950	0	0	0	0	0	0	0	0	0	1158	0	0	0	0	0	0	0	0	0	0	0	0	0	0	0	0	0	0	0	0	0	0	0	0	0	0	0	0	0	0	0	0	0	
22152	Frontal_Mid_Orb_R	0	0	0	842	0	4634	0	1188	0	0	0	0	0	0	0	3958	0	0	0	0	0	0	0	336	0	0	0	0	0	118	0	0	0	0	0	0	0	0	0	0	0	0	0	0	0	0	0	0	0	0	0	0	0	0	0	0	0	0	0	0	0	0	0	0	0	0	0	0	0	0	0	0	0	0	0	0	0	0	0	0	0	0	0	0	0	0	0	0	0	0	0	0	0	0	0	0	0	0	0	0	0	0	0	0	0	0	0	0	0	0	0	0	0	0	0	0	
354952	Frontal_Inf_Oper_L	11478	0	20648	218	0	0	29146	0	0	0	0	0	30642	0	758	0	14636	0	6100	416	0	0	1164	126	0	0	0	0	35758	0	1154	542	756	444	0	0	0	0	0	0	0	0	0	0	0	0	264	0	0	0	0	0	290	0	1072	0	3632	0	0	0	1304	0	130	0	0	0	0	0	0	0	406	0	1156	0	0	0	0	0	1360	0	6800	0	7076	0	0	0	0	0	0	0	0	0	0	0	0	0	0	0	0	0	0	0	0	0	0	0	0	0	0	0	0	0	0	0	0	0	
174888	Frontal_Inf_Oper_R	0	9060	232	11734	0	0	0	9884	0	0	0	0	0	7186	0	0	0	5598	192	1458	0	0	0	202	0	0	0	0	0	18860	174	560	0	0	114	0	0	1104	0	134	0	0	0	0	0	0	0	0	0	0	0	0	0	0	0	1020	0	1218	0	0	0	0	0	218	0	0	0	0	0	0	130	6158	0	8522	0	162	162	726	0	164	0	814	0	0	0	620	0	0	0	1038	0	0	0	0	0	0	0	0	0	0	0	0	0	0	0	0	0	0	0	0	0	0	0	0	0	0	
401964	Frontal_Inf_Tri_L	2720	0	24724	794	258	0	46082	0	2744	0	30642	0	0	0	16186	0	2964	0	7378	1206	0	0	5604	1112	0	0	0	0	36814	0	4780	2242	2444	1960	0	0	0	0	0	0	0	0	0	0	0	0	130	0	0	0	0	0	140	0	494	0	504	0	0	0	382	0	0	0	0	0	0	0	0	0	968	142	2438	0	0	0	0	0	644	0	1628	0	2858	0	0	0	0	0	0	0	0	0	0	0	0	0	0	0	0	0	0	0	0	0	0	0	0	0	0	0	0	0	0	0	0	0	
201996	Frontal_Inf_Tri_R	0	594	636	18734	0	0	0	15968	0	0	0	7186	0	0	0	11246	0	524	1618	3326	122	526	1484	5464	0	0	0	190	0	14804	1648	4036	300	2274	0	0	0	0	0	0	0	190	0	0	0	0	0	0	0	0	0	0	0	0	0	0	0	0	0	0	0	0	0	0	0	0	0	0	0	0	126	6984	0	3018	0	0	0	0	0	0	0	0	0	0	0	0	0	0	0	0	0	0	0	0	0	0	0	0	0	0	0	0	0	0	0	0	0	0	0	0	0	0	0	0	0	0	
246304	Frontal_Inf_Orb_L	0	0	14140	524	10488	0	14140	0	17958	0	758	0	16186	0	0	0	0	0	2744	514	1826	290	3878	684	0	0	1874	0	17218	0	2812	1494	1236	1080	0	0	0	0	0	0	762	0	0	0	0	0	0	0	0	0	0	0	0	0	0	0	0	0	0	0	0	0	0	0	0	0	0	0	0	0	1030	360	7968	0	0	0	0	0	0	0	0	0	3188	0	0	0	0	0	0	0	0	0	0	0	0	0	0	0	0	0	0	0	0	0	0	0	0	0	0	0	0	0	0	0	0	0	
126204	Frontal_Inf_Orb_R	0	0	126	12614	0	4274	0	8660	0	3958	0	0	0	11246	0	0	0	0	842	1254	164	2030	592	3188	0	0	0	1020	0	7588	216	652	136	1190	0	0	0	0	0	0	0	516	0	0	0	0	0	0	0	0	0	0	0	0	0	0	0	0	0	0	0	0	0	0	0	0	0	0	0	0	188	910	0	1598	0	0	0	0	0	0	0	0	0	140	0	0	0	0	0	0	0	0	0	0	0	0	0	0	0	0	0	0	0	0	0	0	0	0	0	0	0	0	0	0	0	0	
378144	Rolandic_Oper_L	10692	0	15272	0	0	0	16312	0	0	0	14636	0	2964	0	0	0	0	0	3920	0	0	0	0	0	0	0	0	0	32052	0	0	0	0	0	156	0	306	0	0	0	0	0	300	0	128	0	598	0	0	0	3656	0	596	0	1862	0	14304	0	262	0	3164	0	2910	0	5676	0	250	0	126	0	0	0	766	0	0	0	212	0	5654	0	24466	0	5762	0	15058	0	0	0	6800	0	212	0	0	0	0	0	0	0	0	0	0	0	0	0	0	0	0	0	0	0	0	0	0	0	0	0	
87708	Rolandic_Oper_R	0	1734	0	4468	0	0	0	3226	0	0	0	5598	0	524	0	0	0	0	0	636	0	0	0	0	0	0	0	0	0	11978	0	120	0	0	0	0	0	414	0	0	0	0	0	0	0	0	0	0	0	0	0	142	0	0	0	0	0	2878	0	114	0	228	0	1822	0	0	0	0	0	0	0	1202	0	2894	0	0	0	148	0	1654	0	3364	0	286	0	424	0	0	0	0	0	0	0	0	0	0	0	0	0	0	0	0	0	0	0	0	0	0	0	0	0	0	0	0	0	0	
887088	Supp_Motor_Area_L	7058	1236	113032	29222	0	0	12792	2160	0	0	6100	192	7378	1618	2744	842	3920	0	0	50214	0	0	7884	7970	0	0	0	0	30246	630	10736	12064	14954	23822	2286	3340	5234	3088	1114	0	0	0	0	0	0	0	0	0	0	0	122	0	0	0	1856	0	2792	0	0	0	834	0	1848	0	140	0	0	0	4416	152	12352	3230	28196	1622	5892	0	7766	2210	1572	0	3386	0	1690	0	424	0	0	0	1034	0	0	0	0	0	0	0	0	0	0	0	0	0	0	0	0	0	0	0	0	134	0	0	0	0	0	0	
757504	Supp_Motor_Area_R	2312	5290	30814	68334	0	0	1930	1872	0	0	416	1458	1206	3326	514	1254	0	636	50214	0	0	174	5150	11544	0	0	0	0	2764	4188	6480	18048	20264	44420	5502	14260	1878	3848	412	432	0	190	0	788	0	0	0	576	0	0	0	584	0	190	628	1920	140	194	0	0	0	0	0	0	0	0	0	2186	3836	6470	5476	17330	1570	12154	296	1668	1080	7866	604	0	154	234	0	0	0	1188	0	0	148	2342	0	0	0	0	0	0	0	0	0	0	0	0	0	0	0	0	0	0	0	0	0	0	0	0	0	0	
117136	Olfactory_L	0	0	1286	0	2718	0	140	0	1410	0	0	0	0	122	1826	164	0	0	0	0	0	8998	346	0	608	198	4312	276	2644	456	4078	1764	0	0	0	0	420	0	0	0	1414	170	0	0	0	0	0	0	0	0	0	0	0	0	114	0	0	0	0	0	0	0	0	0	0	0	0	0	0	0	9528	8096	4872	1592	790	0	0	0	0	0	0	0	226	0	0	0	0	0	0	0	0	0	0	0	0	0	0	0	0	0	0	0	0	0	0	0	0	0	0	0	0	0	0	0	0	0	
147848	Olfactory_R	0	0	856	800	938	1958	0	328	226	0	0	0	0	526	290	2030	0	0	0	174	8998	0	394	512	390	1094	3260	3794	518	3084	3650	3092	0	0	0	0	0	0	0	114	958	634	0	0	0	0	0	0	0	0	0	0	0	0	0	0	0	0	0	0	0	0	0	0	0	0	0	0	0	0	11658	13334	4990	3042	1388	282	0	366	0	0	0	0	114	132	0	0	0	0	0	0	0	0	0	0	0	0	0	0	0	0	0	0	0	0	0	0	0	0	0	0	0	0	0	0	0	0	
526432	Frontal_Sup_Medial_L	0	0	42020	16818	5900	0	10464	602	180	0	1164	0	5604	1484	3878	592	0	0	7884	5150	346	394	0	33260	2158	3530	1092	874	4938	590	36632	33740	12652	19916	0	0	0	0	0	0	188	0	0	0	0	0	0	0	0	0	0	0	0	0	0	0	0	0	0	0	0	0	0	0	0	0	0	0	0	0	2322	3438	3262	2144	0	0	0	0	0	0	0	0	0	0	0	0	0	0	0	0	0	0	0	0	0	0	0	0	0	0	0	0	0	0	0	0	0	0	0	0	0	0	0	0	0	0	
496268	Frontal_Sup_Medial_R	0	0	12360	45076	938	2216	1900	5094	0	336	126	202	1112	5464	684	3188	0	0	7970	11544	0	512	33260	0	298	7368	344	3396	984	2228	17664	40116	4738	18244	0	0	0	0	0	0	0	0	0	0	0	0	0	0	0	0	0	0	0	0	0	0	0	0	0	0	0	0	0	0	0	0	0	0	0	0	794	10296	814	8434	0	0	0	434	0	0	0	0	0	0	0	0	0	0	0	0	0	0	0	0	0	0	0	0	0	0	0	0	0	0	0	0	0	0	0	0	0	0	0	0	0	0	
50012	Frontal_Med_Orb_L	0	0	584	0	5026	0	0	0	794	0	0	0	0	0	0	0	0	0	0	0	608	390	2158	298	0	2326	3090	400	0	0	6148	1762	0	0	0	0	0	0	0	0	0	0	0	0	0	0	0	0	0	0	0	0	0	0	0	0	0	0	0	0	0	0	0	0	0	0	0	0	0	0	618	388	270	146	0	0	0	0	0	0	0	0	0	0	0	0	0	0	0	0	0	0	0	0	0	0	0	0	0	0	0	0	0	0	0	0	0	0	0	0	0	0	0	0	0	0	
123356	Frontal_Med_Orb_R	0	0	638	3910	1212	3798	0	0	0	0	0	0	0	0	0	0	0	0	0	0	198	1094	3530	7368	2326	0	1592	13498	0	0	6686	11602	0	0	0	0	0	0	0	0	0	0	0	0	0	0	0	0	0	0	0	0	0	0	0	0	0	0	0	0	0	0	0	0	0	0	0	0	0	0	0	2344	0	1882	0	0	0	0	0	0	0	0	0	0	0	0	0	0	0	0	0	0	0	0	0	0	0	0	0	0	0	0	0	0	0	0	0	0	0	0	0	0	0	0	0	0	
102320	Rectus_L	0	0	3292	182	11008	0	200	0	3266	0	0	0	0	0	1874	0	0	0	0	0	4312	3260	1092	344	3090	1592	0	1532	750	0	4826	1356	0	0	0	0	194	0	0	0	516	0	0	0	0	0	0	0	0	0	0	0	0	0	0	0	0	0	0	0	0	0	0	0	0	0	0	0	0	0	3786	2708	1202	778	0	0	0	0	0	0	0	0	0	0	0	0	0	0	0	0	0	0	0	0	0	0	0	0	0	0	0	0	0	0	0	0	0	0	0	0	0	0	0	0	0	0	
105360	Rectus_R	0	0	142	2974	210	5974	0	368	0	0	0	0	0	190	0	1020	0	0	0	0	276	3794	874	3396	400	13498	1532	0	0	554	2320	7816	0	0	0	0	0	0	0	0	0	474	0	0	0	0	0	0	0	0	0	0	0	0	0	0	0	0	0	0	0	0	0	0	0	0	0	0	0	0	0	4170	0	2698	0	0	0	0	0	0	0	0	0	0	0	0	0	0	0	0	0	0	0	0	0	0	0	0	0	0	0	0	0	0	0	0	0	0	0	0	0	0	0	0	0	0	
966704	Insula_L	17482	0	60882	1946	2304	0	51860	0	3134	0	35758	0	36814	0	17218	0	32052	0	30246	2764	2644	518	4938	984	0	0	750	0	0	204	3808	2150	2484	2144	3006	2600	11218	2308	2896	130	2794	0	140	0	0	0	1048	0	0	0	2700	0	980	0	9670	0	11138	0	0	0	5572	0	2414	0	1718	0	182	0	182	0	3404	858	31484	438	190	0	4142	2856	12286	0	21268	0	12214	0	8714	0	0	0	10164	0	674	0	0	0	0	0	456	0	424	0	0	0	0	0	0	0	0	0	0	0	0	0	0	0	0	0	
426880	Insula_R	174	5244	866	21950	0	762	0	13902	0	118	0	18860	0	14804	0	7588	0	11978	630	4188	456	3084	590	2228	0	0	0	554	204	0	1662	3754	0	570	550	286	484	6994	0	1676	0	2646	0	0	0	0	0	0	0	0	0	0	0	0	0	4772	0	2834	0	0	0	120	0	556	0	0	0	0	0	0	982	13186	174	27034	0	142	744	3150	0	4718	0	16036	0	2156	0	4442	0	132	0	5330	0	0	0	0	0	0	0	0	0	130	0	0	0	0	0	0	0	0	0	0	0	0	0	0	0	0	
562576	Cingulum_Ant_L	0	0	21852	13068	9372	0	5130	528	1056	0	1154	174	4780	1648	2812	216	0	0	10736	6480	4078	3650	36632	17664	6148	6686	4826	2320	3808	1662	0	48396	11460	12698	0	0	0	0	0	0	700	130	0	0	0	0	0	0	0	0	0	0	0	0	0	0	0	0	0	0	0	0	0	0	0	0	0	0	0	0	10702	14064	7722	7628	134	0	0	1174	0	0	0	0	0	0	0	0	0	0	0	0	0	0	0	0	0	0	0	0	0	0	0	0	0	0	0	0	0	0	0	0	0	0	0	0	0	0	
740360	Cingulum_Ant_R	0	136	15978	36402	1738	1060	2966	2414	180	0	542	560	2242	4036	1494	652	0	120	12064	18048	1764	3092	33740	40116	1762	11602	1356	7816	2150	3754	48396	0	13438	28126	0	0	0	152	0	0	418	226	0	0	0	0	0	0	0	0	0	0	0	0	0	0	0	0	0	0	0	0	0	0	0	0	0	0	0	0	4012	34770	2450	25676	0	0	142	4590	0	0	0	0	0	0	0	0	0	0	0	0	0	0	0	0	0	0	0	0	0	0	0	0	0	0	0	0	0	0	0	0	0	0	0	0	0	0	
352164	Cingulum_Mid_L	2362	702	7258	6972	0	0	2402	300	0	0	756	0	2444	300	1236	136	0	0	14954	20264	0	0	12652	4738	0	0	0	0	2484	0	11460	13438	0	34906	6102	10050	496	492	228	0	0	0	892	124	0	0	208	0	0	0	942	208	0	0	292	0	140	0	166	0	0	0	0	0	0	0	3034	1258	6712	2350	672	348	422	138	0	0	118	0	194	0	0	0	0	0	504	228	0	0	0	0	0	0	0	0	0	0	0	0	0	0	0	0	0	0	0	0	0	0	0	0	0	0	0	0	0	0	
541940	Cingulum_Mid_R	1254	2436	12622	17740	0	0	2354	828	0	0	444	0	1960	2274	1080	1190	0	0	23822	44420	0	0	19916	18244	0	0	0	0	2144	570	12698	28126	34906	0	3450	13614	524	358	252	0	0	0	0	704	0	0	0	414	0	0	284	772	0	0	318	206	0	0	0	0	0	0	0	0	0	0	1162	4740	3542	5760	830	1954	242	1058	0	0	0	0	222	0	0	0	0	0	318	930	0	0	0	288	0	0	0	0	0	0	0	0	0	0	0	0	0	0	0	0	0	0	0	0	0	0	0	0	0	0	
271396	Cingulum_Post_L	6754	276	2254	3372	0	0	264	0	0	0	0	114	0	0	0	0	156	0	2286	5502	0	0	0	0	0	0	0	0	3006	550	0	0	6102	3450	0	16536	12936	9408	1998	854	0	0	4964	0	470	0	2756	586	0	0	1950	0	0	0	3218	998	1614	116	0	0	0	0	0	0	0	0	8460	2694	5010	360	388	326	244	846	0	0	8214	9928	1672	130	784	158	0	0	1884	0	0	0	1126	364	172	0	0	0	0	0	0	282	0	0	0	0	0	0	0	0	0	0	0	0	166	0	0	0	0	0	
309528	Cingulum_Post_R	3272	4984	1982	2050	0	0	596	0	0	0	0	0	0	0	0	0	0	0	3340	14260	0	0	0	0	0	0	0	0	2600	286	0	0	10050	13614	16536	0	10094	9912	1760	1134	0	0	0	2412	0	196	1004	5226	0	282	0	842	0	432	2156	2962	542	1390	0	0	0	0	0	0	0	144	1146	10746	1972	6058	266	230	144	130	0	0	5750	7714	1688	0	254	0	0	0	0	618	0	0	554	1982	0	0	0	0	0	0	0	320	0	0	0	0	0	0	0	0	0	0	0	0	1134	0	0	0	0	0	
370060	Hippocampus_L	5160	218	8112	1712	0	0	938	0	0	0	0	0	0	0	0	0	306	0	5234	1878	420	0	0	0	0	0	194	0	11218	484	0	0	496	524	12936	10094	0	8704	19374	790	6672	0	1120	0	0	0	4420	1524	0	0	0	0	0	0	22276	442	678	130	0	0	0	0	298	0	0	0	2878	1288	116	0	696	300	7124	780	860	0	10556	9188	2300	0	3250	136	2430	0	1360	0	330	0	7608	268	1914	0	0	0	0	0	2508	338	2014	0	0	0	0	0	158	0	0	0	0	120	158	0	0	0	0	0	
423408	Hippocampus_R	3210	2104	3752	5402	0	0	238	724	0	0	0	1104	0	0	0	0	0	414	3088	3848	0	0	0	0	0	0	0	0	2308	6994	0	152	492	358	9408	9912	8704	0	1598	26662	0	11510	0	384	0	0	1058	4392	0	0	0	0	0	344	1880	30696	418	606	0	0	0	0	0	0	0	0	354	2902	562	0	392	7136	274	10178	0	1528	6898	20474	1330	622	348	2162	0	880	0	750	0	242	528	5982	0	864	0	0	0	0	148	2846	0	2036	0	0	0	0	0	0	0	0	0	0	334	174	0	0	0	0	
157668	ParaHippocampal_L	1136	0	2102	216	0	0	452	0	0	0	0	0	0	0	0	0	0	0	1114	412	0	0	0	0	0	0	0	0	2896	0	0	0	228	252	1998	1760	19374	1598	0	386	3310	0	136	0	0	0	4868	916	0	0	0	0	166	0	17074	166	0	0	0	0	0	0	0	0	0	0	576	0	0	0	140	0	2478	144	0	0	2180	1566	0	0	280	0	990	0	162	0	422	0	720	0	2232	0	0	0	200	0	3164	224	2510	0	0	0	0	0	286	0	0	0	0	0	0	0	0	0	0	0	
193996	ParaHippocampal_R	174	282	0	522	0	0	0	0	0	0	0	134	0	0	0	0	0	0	0	432	0	114	0	0	0	0	0	0	130	1676	0	0	0	0	854	1134	790	26662	386	0	0	9272	0	702	0	0	288	6020	0	0	0	0	0	416	340	24430	0	0	0	0	0	0	0	0	0	0	0	1532	0	0	0	606	0	3482	0	892	172	1562	0	186	0	364	0	2354	0	0	0	886	0	1632	0	1088	0	124	0	0	0	4130	0	2626	0	0	0	0	0	0	0	0	0	0	246	204	154	0	0	0	
58200	Amygdala_L	0	0	766	0	476	0	122	0	548	0	0	0	0	0	762	0	0	0	0	0	1414	958	188	0	0	0	516	0	2794	0	700	418	0	0	0	0	6672	0	3310	0	0	0	0	0	0	0	0	0	0	0	0	0	0	0	2200	0	0	0	0	0	0	0	0	0	0	0	0	0	0	0	1326	982	3212	276	0	0	0	0	0	0	0	0	1060	0	148	0	0	0	252	0	0	0	0	0	0	0	0	0	0	0	0	0	0	0	0	0	0	0	0	0	0	0	0	0	0	0	
88456	Amygdala_R	0	0	0	638	0	0	0	344	0	0	0	0	0	190	0	516	0	0	0	190	170	634	0	0	0	0	0	474	0	2646	130	226	0	0	0	0	0	11510	0	9272	0	0	0	0	0	0	0	0	0	0	0	0	0	0	0	7174	0	0	0	0	0	0	0	0	0	0	0	0	0	0	256	676	0	3942	0	294	292	344	0	0	0	0	0	2338	0	0	0	602	0	626	0	140	0	0	0	0	0	356	0	248	0	0	0	0	0	0	0	0	0	0	0	0	0	0	0	0	
289004	Calcarine_L	1446	0	0	0	0	0	0	0	0	0	0	0	0	0	0	0	300	0	0	0	0	0	0	0	0	0	0	0	140	0	0	0	892	0	4964	0	1120	0	136	0	0	0	0	5450	14554	2522	11396	4324	12928	2000	34440	1240	2640	376	1412	984	3502	0	2896	0	1748	0	0	0	1308	0	21582	948	1646	0	0	0	0	0	0	0	0	0	0	0	444	0	0	0	6288	0	0	0	744	0	132	0	0	0	0	0	0	0	0	0	0	0	0	0	0	0	0	0	0	0	0	0	0	0	0	0	
319404	Calcarine_R	0	4352	0	0	0	0	0	0	0	0	0	0	0	0	0	0	0	0	0	788	0	0	0	0	0	0	0	0	0	0	0	0	124	704	0	2412	0	384	0	702	0	0	5450	0	2150	18836	6836	24190	0	16996	0	16654	0	11730	0	6830	0	2194	0	368	0	0	0	0	0	328	1478	21484	0	2890	0	0	0	0	0	0	0	0	0	184	0	358	0	0	0	5358	0	0	0	5560	0	0	0	0	0	0	0	156	0	0	0	0	0	0	0	0	0	0	0	0	206	0	0	0	0	0	
170268	Cuneus_L	192	0	0	0	0	0	0	0	0	0	0	0	0	0	0	0	128	0	0	0	0	0	0	0	0	0	0	0	0	0	0	0	0	0	470	0	0	0	0	0	0	0	14554	2150	0	3404	836	668	21666	1690	18344	630	748	0	0	0	230	0	1934	0	512	0	0	0	386	0	13450	668	444	0	0	0	0	0	0	0	0	0	0	0	148	0	0	0	1576	128	0	0	178	0	0	0	0	0	0	0	0	0	0	0	0	0	0	0	0	0	0	0	0	0	0	0	0	0	0	0	
206700	Cuneus_R	0	0	0	0	0	0	0	0	0	0	0	0	0	0	0	0	0	0	0	0	0	0	0	0	0	0	0	0	0	0	0	0	0	0	0	196	0	0	0	0	0	0	2522	18836	3404	0	3860	5844	0	27878	0	11054	0	384	0	0	0	158	0	2514	0	0	0	0	0	470	2998	20386	0	192	0	0	0	0	0	0	0	0	0	0	0	0	0	0	0	2118	0	0	0	536	0	0	0	0	0	0	0	0	0	0	0	0	0	0	0	0	0	0	0	0	0	0	0	0	0	0	
283668	Lingual_L	1190	0	204	0	0	0	202	0	0	0	264	0	130	0	0	0	598	0	0	0	0	0	0	0	0	0	0	0	1048	0	0	0	208	0	2756	1004	4420	1058	4868	288	0	0	11396	6836	836	3860	0	8076	884	3604	17470	1022	10476	1004	16448	1764	1250	0	0	160	176	0	0	0	0	0	5842	1938	0	0	0	0	0	0	0	0	950	766	966	0	182	0	0	0	672	0	0	0	404	0	5648	220	952	0	0	0	6712	1018	7804	514	0	0	0	0	0	208	0	0	0	256	2336	636	0	0	0	310	
371132	Lingual_R	0	1462	0	0	0	0	0	0	0	0	0	0	0	0	0	0	0	0	0	576	0	0	0	0	0	0	0	0	0	0	0	0	0	414	586	5226	1524	4392	916	6020	0	0	4324	24190	668	5844	8076	0	0	6230	0	8222	0	12018	472	22862	0	970	0	172	0	0	0	0	0	0	612	12200	0	2012	0	0	0	0	0	0	166	666	0	0	0	140	0	0	0	906	0	0	0	2232	1410	4612	954	1484	336	398	1544	11900	1392	9616	0	214	0	0	0	0	0	0	120	486	9596	6140	1266	0	0	0	
162100	Occipital_Sup_L	128	0	0	0	0	0	0	0	0	0	0	0	0	0	0	0	0	0	0	0	0	0	0	0	0	0	0	0	0	0	0	0	0	0	0	0	0	0	0	0	0	0	12928	0	21666	0	884	0	0	0	23498	0	532	0	0	0	0	0	5636	0	552	0	0	0	670	0	13622	0	0	0	0	0	0	0	0	0	0	0	0	0	0	0	0	0	820	0	0	0	114	0	0	0	0	0	0	0	0	0	0	0	0	0	0	0	0	0	0	0	0	0	0	0	0	0	0	0	
237760	Occipital_Sup_R	0	0	0	0	0	0	0	0	0	0	0	0	0	0	0	0	0	0	0	0	0	0	0	0	0	0	0	0	0	0	0	0	0	0	0	282	0	0	0	0	0	0	2000	16996	1690	27878	3604	6230	0	0	0	20426	0	460	0	644	0	520	0	6846	0	770	0	0	0	4008	2108	20226	0	290	0	0	0	0	0	0	0	0	0	0	0	146	0	0	0	3118	0	0	0	638	0	0	0	0	0	0	0	0	0	0	0	0	0	0	0	0	0	0	0	0	0	0	0	0	0	0	
484168	Occipital_Mid_L	8118	0	142	0	0	0	0	0	0	0	0	0	0	0	0	0	3656	0	122	0	0	0	0	0	0	0	0	0	2700	0	0	0	942	284	1950	0	0	0	0	0	0	0	34440	0	18344	0	17470	0	23498	0	0	0	17540	0	4844	0	3526	0	9884	0	11722	0	824	0	19576	0	18876	0	4964	0	0	0	0	0	0	0	0	0	604	0	3982	0	0	0	29312	0	0	0	3720	0	420	0	0	0	0	0	0	0	468	0	0	0	0	0	0	0	0	0	0	0	0	156	0	0	0	0	
276868	Occipital_Mid_R	0	1164	0	0	0	0	0	0	0	0	0	0	0	0	0	0	0	142	0	584	0	0	0	0	0	0	0	0	0	0	0	0	208	772	0	842	0	0	0	0	0	0	1240	16654	630	11054	1022	8222	0	20426	0	0	0	4218	0	2768	0	4584	0	5228	0	2606	0	412	0	11994	872	14364	0	2470	0	0	0	0	0	0	0	0	0	222	0	1118	0	0	0	19474	0	0	0	5144	0	0	0	0	0	0	0	0	0	0	0	0	0	0	0	0	0	0	0	0	0	0	0	0	0	0	
115724	Occipital_Inf_L	520	0	0	0	0	0	172	0	0	0	290	0	140	0	0	0	596	0	0	0	0	0	0	0	0	0	0	0	980	0	0	0	0	0	0	0	0	0	166	0	0	0	2640	0	748	0	10476	0	532	0	17540	0	0	0	11340	0	278	0	0	0	196	0	0	0	0	0	1942	0	246	0	0	0	0	0	0	0	0	0	930	0	218	0	0	0	2374	0	0	0	2768	0	1408	0	196	0	0	0	0	0	960	0	0	0	0	0	0	0	0	0	0	0	0	206	0	0	0	0	
105700	Occipital_Inf_R	0	758	0	0	0	0	0	0	0	0	0	0	0	0	0	0	0	0	0	190	0	0	0	0	0	0	0	0	0	0	0	0	0	0	0	432	0	344	0	416	0	0	376	11730	0	384	1004	12018	0	460	0	4218	0	0	0	9254	0	432	0	0	0	0	0	0	0	0	0	2372	0	208	0	0	0	0	0	0	0	0	0	0	0	144	0	0	0	1588	0	0	0	5628	0	0	0	0	0	0	0	246	0	300	0	0	0	0	0	0	0	0	0	0	348	0	0	0	0	0	
426676	Fusiform_L	3656	0	2986	344	0	0	1522	0	0	0	1072	0	494	0	0	0	1862	0	1856	628	114	0	0	0	0	0	0	0	9670	0	0	0	292	318	3218	2156	22276	1880	17074	340	2200	0	1412	0	0	0	16448	472	0	0	4844	0	11340	0	0	196	994	0	0	0	440	0	426	0	206	0	2204	0	0	0	186	0	2290	140	0	0	2830	1874	5054	0	4864	0	3780	0	3034	0	1296	0	17086	0	19074	0	1166	0	158	0	12724	456	21664	136	0	0	0	0	216	0	0	0	0	0	1690	680	0	0	0	0	
478908	Fusiform_R	172	4218	114	1868	0	0	0	128	0	0	0	1020	0	0	0	0	0	0	0	1920	0	0	0	0	0	0	0	0	0	4772	0	0	0	206	998	2962	442	30696	166	24430	0	7174	984	6830	0	0	1764	22862	0	644	0	2768	0	9254	196	0	0	980	0	0	0	0	0	0	0	0	0	2830	0	0	0	1062	0	5400	0	1138	260	3530	0	412	0	2042	0	4620	0	1140	0	1362	0	22280	700	11208	542	2096	0	604	862	14172	800	18030	0	168	0	258	0	0	0	200	134	330	8862	5080	1626	138	0	0	
289556	Postcentral_L	23554	0	6210	0	0	0	5748	0	0	0	3632	0	504	0	0	0	14304	0	2792	140	0	0	0	0	0	0	0	0	11138	0	0	0	140	0	1614	542	678	418	0	0	0	0	3502	0	230	0	1250	0	0	0	3526	0	278	0	994	0	0	0	3994	0	19730	0	12174	0	696	0	6216	0	2354	0	0	0	0	0	0	0	302	428	1860	0	6804	0	0	0	7170	0	0	0	1856	0	0	0	0	0	0	0	0	0	0	0	0	0	0	0	0	0	0	0	0	0	0	0	0	0	0	0	
193852	Postcentral_R	0	17566	0	380	0	0	0	214	0	0	0	1218	0	0	0	0	0	2878	0	194	0	0	0	0	0	0	0	0	0	2834	0	0	0	0	116	1390	130	606	0	0	0	0	0	2194	0	158	0	970	0	520	0	4584	0	432	0	980	0	0	0	5516	0	8838	0	17114	0	2368	0	4916	0	4516	0	0	0	362	0	0	274	410	0	720	0	3262	0	0	0	7906	0	0	0	3360	0	0	0	0	0	0	0	0	0	0	0	0	0	0	0	0	0	0	0	0	0	0	0	0	0	0	
91116	Parietal_Sup_L	0	0	0	0	0	0	0	0	0	0	0	0	0	0	0	0	262	0	0	0	0	0	0	0	0	0	0	0	0	0	0	0	166	0	0	0	0	0	0	0	0	0	2896	0	1934	0	0	0	5636	0	9884	0	0	0	0	0	3994	0	0	0	7318	0	0	0	2652	0	8914	0	1156	0	0	0	0	0	0	0	0	0	0	0	296	0	0	0	450	0	0	0	0	0	0	0	0	0	0	0	0	0	0	0	0	0	0	0	0	0	0	0	0	0	0	0	0	0	0	0	
91912	Parietal_Sup_R	0	320	0	0	0	0	0	0	0	0	0	0	0	0	0	0	0	114	0	0	0	0	0	0	0	0	0	0	0	0	0	0	0	0	0	0	0	0	0	0	0	0	0	368	0	2514	160	172	0	6846	0	5228	0	0	0	0	0	5516	0	0	0	5704	0	1416	0	5532	0	6102	0	770	0	0	0	0	0	0	0	0	0	0	0	984	0	0	0	3642	0	0	0	568	0	0	0	0	0	0	0	0	0	0	0	0	0	0	0	0	0	0	0	0	0	0	0	0	0	0	
233632	Parietal_Inf_L	3634	0	948	0	0	0	1148	0	0	0	1304	0	382	0	0	0	3164	0	834	0	0	0	0	0	0	0	0	0	5572	0	0	0	0	0	0	0	0	0	0	0	0	0	1748	0	512	0	176	0	552	0	11722	0	196	0	440	0	19730	0	7318	0	0	0	9082	0	20492	0	3798	0	1510	0	0	0	0	0	0	0	0	0	512	0	4598	0	0	0	12824	0	0	0	4620	0	0	0	0	0	0	0	0	0	0	0	0	0	0	0	0	0	0	0	0	0	0	0	0	0	0	0	
106960	Parietal_Inf_R	0	2462	0	0	0	0	0	0	0	0	0	0	0	0	0	0	0	228	0	0	0	0	0	0	0	0	0	0	0	120	0	0	0	0	0	0	0	0	0	0	0	0	0	0	0	0	0	0	0	770	0	2606	0	0	0	0	0	8838	0	5704	0	0	0	12170	0	13144	0	256	0	0	0	0	0	0	0	0	0	0	0	0	0	1972	0	0	0	4822	0	0	0	388	0	0	0	0	0	0	0	0	0	0	0	0	0	0	0	0	0	0	0	0	0	0	0	0	0	0	
118908	SupraMarginal_L	1222	0	1886	0	0	0	138	0	0	0	130	0	0	0	0	0	2910	0	1848	0	0	0	0	0	0	0	0	0	2414	0	0	0	0	0	0	0	298	0	0	0	0	0	0	0	0	0	0	0	0	0	824	0	0	0	426	0	12174	0	0	0	9082	0	0	0	4360	0	0	0	0	0	0	0	0	0	0	0	0	0	620	0	9788	0	0	0	8628	0	0	0	2706	0	0	0	0	0	0	0	0	0	0	0	0	0	0	0	0	0	0	0	0	0	0	0	0	0	0	0	
102624	SupraMarginal_R	0	5538	0	0	0	0	0	0	0	0	0	218	0	0	0	0	0	1822	0	0	0	0	0	0	0	0	0	0	0	556	0	0	0	0	0	0	0	0	0	0	0	0	0	0	0	0	0	0	0	0	0	412	0	0	0	0	0	17114	0	1416	0	12170	0	0	0	4058	0	0	0	0	0	0	0	0	0	0	0	114	0	376	0	4022	0	0	0	3108	0	0	0	388	0	0	0	0	0	0	0	0	0	0	0	0	0	0	0	0	0	0	0	0	0	0	0	0	0	0	
196468	Angular_L	472	0	156	0	0	0	0	0	0	0	0	0	0	0	0	0	5676	0	140	0	0	0	0	0	0	0	0	0	1718	0	0	0	0	0	0	0	0	0	0	0	0	0	1308	0	386	0	0	0	670	0	19576	0	0	0	206	0	696	0	2652	0	20492	0	4360	0	0	0	1334	0	274	0	0	0	0	0	0	0	0	0	0	0	10016	0	0	0	21944	0	0	0	6158	0	0	0	0	0	0	0	0	0	0	0	0	0	0	0	0	0	0	0	0	0	0	0	0	0	0	0	
119000	Angular_R	0	974	0	0	0	0	0	0	0	0	0	0	0	0	0	0	0	0	0	0	0	0	0	0	0	0	0	0	0	0	0	0	0	0	0	144	0	0	0	0	0	0	0	328	0	470	0	0	0	4008	0	11994	0	0	0	0	0	2368	0	5532	0	13144	0	4058	0	0	0	1290	0	0	0	0	0	0	0	0	0	0	0	0	0	3208	0	0	0	11184	0	0	0	798	0	0	0	0	0	0	0	0	0	0	0	0	0	0	0	0	0	0	0	0	0	0	0	0	0	0	
282656	Precuneus_L	1070	0	0	0	0	0	0	0	0	0	0	0	0	0	0	0	250	0	0	0	0	0	0	0	0	0	0	0	182	0	0	0	3034	1162	8460	1146	2878	354	576	0	0	0	21582	1478	13450	2998	5842	612	13622	2108	18876	872	1942	0	2204	0	6216	0	8914	0	3798	0	0	0	1334	0	0	5830	4806	140	0	0	0	0	0	0	238	136	0	0	294	0	0	0	3956	230	0	0	616	0	122	0	0	0	0	0	0	0	0	0	0	0	0	0	0	0	0	0	0	0	0	0	0	0	0	0	
341740	Precuneus_R	138	2540	0	0	0	0	0	0	0	0	0	0	0	0	0	0	0	0	0	2186	0	0	0	0	0	0	0	0	0	0	0	0	1258	4740	2694	10746	1288	2902	0	1532	0	0	948	21484	668	20386	1938	12200	0	20226	0	14364	0	2372	0	2830	0	4916	0	6102	0	256	0	0	0	1290	5830	0	136	9554	0	0	0	0	0	0	716	622	0	0	0	174	0	0	0	6928	0	0	0	5452	0	0	0	0	0	0	0	294	0	0	0	0	0	0	0	0	0	0	0	0	1160	0	0	0	0	0	
145496	Paracentral_Lobule_L	14034	204	4074	848	0	0	0	0	0	0	0	0	0	0	0	0	126	0	4416	3836	0	0	0	0	0	0	0	0	182	0	0	0	6712	3542	5010	1972	116	562	0	0	0	0	1646	0	444	0	0	0	0	0	4964	0	246	0	0	0	2354	0	1156	0	1510	0	0	0	274	0	4806	136	0	224	1734	498	212	0	0	0	2088	880	0	0	230	0	0	0	3312	0	0	0	400	0	0	0	0	0	0	0	0	0	0	0	0	0	0	0	0	0	0	0	0	0	0	0	0	0	0	0	
111876	Paracentral_Lobule_R	0	7378	0	0	0	0	0	0	0	0	0	0	0	0	0	0	0	0	152	6470	0	0	0	0	0	0	0	0	0	0	0	0	2350	5760	360	6058	0	0	0	0	0	0	0	2890	0	192	0	2012	0	290	0	2470	0	208	0	0	0	4516	0	770	0	0	0	0	0	0	140	9554	224	0	0	0	0	0	0	0	0	0	0	0	0	0	0	0	0	2892	0	0	0	1252	0	0	0	0	0	0	0	0	0	0	0	0	0	0	0	0	0	0	0	0	0	0	0	0	0	0	
353448	Caudate_L	3502	540	19908	8052	2060	0	3562	912	544	0	406	130	968	126	1030	188	0	0	12352	5476	9528	11658	2322	794	618	0	3786	0	3404	982	10702	4012	672	830	388	266	696	392	140	0	1326	256	0	0	0	0	0	0	0	0	0	0	0	0	186	0	0	0	0	0	0	0	0	0	0	0	0	0	1734	0	0	18398	21910	4620	4492	528	11330	856	0	0	0	0	142	0	0	0	0	0	0	0	0	0	0	0	0	0	0	0	0	0	0	0	0	0	0	0	0	0	0	0	0	0	0	0	0	0	
601324	Caudate_R	2060	2338	6496	31510	946	612	824	4516	222	0	0	6158	142	6984	360	910	0	1202	3230	17330	8096	13334	3438	10296	388	2344	2708	4170	858	13186	14064	34770	348	1954	326	230	300	7136	0	606	982	676	0	0	0	0	0	0	0	0	0	0	0	0	0	1062	0	0	0	0	0	0	0	0	0	0	0	0	498	0	18398	0	6646	39556	1498	2686	1808	21690	0	0	0	148	0	0	0	120	0	0	0	502	0	0	0	0	0	0	0	0	0	0	0	0	0	0	0	0	0	0	0	0	0	0	0	0	0	0	
447436	Putamen_L	1316	352	39780	1876	2450	0	13082	154	1950	0	1156	0	2438	0	7968	0	766	0	28196	1570	4872	4990	3262	814	270	0	1202	0	31484	174	7722	2450	422	242	244	144	7124	274	2478	0	3212	0	0	0	0	0	0	0	0	0	0	0	0	0	2290	0	0	0	0	0	0	0	0	0	0	0	0	0	212	0	21910	6646	0	1642	7526	0	3256	446	114	0	1910	0	1684	0	0	0	0	0	954	0	218	0	0	0	0	0	256	0	220	0	0	0	0	0	0	0	0	0	0	0	0	0	0	0	0	0	
493876	Putamen_R	166	3522	2068	25998	256	0	424	9350	0	0	0	8522	0	3018	0	1598	0	2894	1622	12154	1592	3042	2144	8434	146	1882	778	2698	438	27034	7628	25676	138	1058	846	130	780	10178	144	3482	276	3942	0	0	0	0	0	0	0	0	0	0	0	0	140	5400	0	362	0	0	0	0	0	0	0	0	0	0	0	0	4620	39556	1642	0	476	2720	2042	11352	0	0	196	1412	0	296	0	386	0	0	0	1752	0	194	0	0	0	0	0	0	0	334	0	0	0	0	0	0	0	0	0	0	0	0	0	0	0	0	
64352	Pallidum_L	194	0	6106	266	0	0	250	0	0	0	0	0	0	0	0	0	0	0	5892	296	790	1388	0	0	0	0	0	0	190	0	134	0	0	0	0	0	860	0	0	0	0	0	0	0	0	0	0	0	0	0	0	0	0	0	0	0	0	0	0	0	0	0	0	0	0	0	0	0	0	0	4492	1498	7526	476	0	0	1818	0	0	0	0	0	0	0	0	0	0	0	0	0	0	0	0	0	0	0	0	0	0	0	0	0	0	0	0	0	0	0	0	0	0	0	0	0	0	0	
30832	Pallidum_R	0	374	0	2256	0	0	0	336	0	0	0	162	0	0	0	0	0	0	0	1668	0	282	0	0	0	0	0	0	0	142	0	0	0	0	0	0	0	1528	0	892	0	294	0	0	0	0	0	0	0	0	0	0	0	0	0	1138	0	0	0	0	0	0	0	0	0	0	0	0	0	0	528	2686	0	2720	0	0	0	182	0	0	0	0	0	0	0	0	0	0	0	0	0	0	0	0	0	0	0	0	0	228	0	0	0	0	0	0	0	0	0	0	0	0	0	0	0	0	
256768	Thalamus_L	8364	344	17314	1522	0	0	640	248	0	0	0	162	0	0	0	0	212	0	7766	1080	0	0	0	0	0	0	0	0	4142	744	0	142	118	0	8214	5750	10556	6898	2180	172	0	292	0	0	0	0	950	166	0	0	0	0	0	0	2830	260	302	274	0	0	0	0	0	0	0	0	238	716	2088	0	11330	1808	3256	2042	1818	0	0	16658	1166	162	1476	212	0	0	138	0	0	0	2304	154	354	0	0	0	0	0	132	0	234	0	0	0	0	0	0	0	0	0	0	456	0	0	0	0	0	0	
338908	Thalamus_R	5990	1082	7096	10178	0	0	262	680	0	0	0	726	0	0	0	0	0	148	2210	7866	0	366	0	434	0	0	0	0	2856	3150	1174	4590	0	0	9928	7714	9188	20474	1566	1562	0	344	0	0	0	0	766	666	0	0	0	0	0	0	1874	3530	428	410	0	0	0	0	0	114	0	0	136	622	880	0	856	21690	446	11352	0	182	16658	0	1272	596	764	992	0	0	0	532	0	0	780	3316	188	0	0	0	0	0	0	820	0	0	0	0	0	0	0	0	0	0	0	0	0	0	0	0	0	0	
129144	Heschl_L	2988	0	2366	370	0	0	1420	0	0	0	1360	0	644	0	0	0	5654	0	1572	604	0	0	0	0	0	0	0	0	12286	0	0	0	194	222	1672	1688	2300	1330	0	0	0	0	0	0	0	0	966	0	0	0	604	0	930	0	5054	0	1860	0	0	0	512	0	620	0	0	0	0	0	0	0	0	0	114	0	0	0	1166	1272	0	0	6500	0	0	0	2490	0	0	0	5138	0	508	0	0	0	0	0	0	0	168	0	0	0	0	0	0	0	0	0	0	0	0	0	0	0	0	0	
41896	Heschl_R	0	552	0	206	0	0	0	180	0	0	0	164	0	0	0	0	0	1654	0	0	0	0	0	0	0	0	0	0	0	4718	0	0	0	0	130	0	0	622	0	186	0	0	0	184	0	0	0	0	0	0	0	222	0	0	0	412	0	720	0	0	0	0	0	376	0	0	0	0	0	0	0	0	0	0	0	0	162	596	0	0	0	7364	0	318	0	1482	0	0	0	700	0	0	0	0	0	0	0	0	0	0	0	0	0	0	0	0	0	0	0	0	0	0	0	0	0	0	
429964	Temporal_Sup_L	3352	0	7650	184	0	0	6278	0	0	0	6800	0	1628	0	0	0	24466	0	3386	154	0	0	0	0	0	0	0	0	21268	0	0	0	0	0	784	254	3250	348	280	0	0	0	444	0	148	0	182	0	0	0	3982	0	218	0	4864	0	6804	0	296	0	4598	0	9788	0	10016	0	294	0	230	0	0	0	1910	196	0	0	1476	764	6500	0	0	0	8408	0	46492	0	0	0	26650	0	320	0	0	0	0	0	0	0	320	0	0	0	0	0	0	0	0	0	0	0	0	0	0	0	0	0	
158676	Temporal_Sup_R	0	1890	0	642	0	0	0	392	0	0	0	814	0	0	0	0	0	3364	0	234	0	0	0	0	0	0	0	0	0	16036	0	0	0	0	158	0	136	2162	0	364	0	0	0	358	0	0	0	140	0	146	0	1118	0	144	0	2042	0	3262	0	984	0	1972	0	4022	0	3208	0	174	0	0	0	148	0	1412	0	0	212	992	0	7364	0	0	0	2534	0	17924	0	380	0	4610	0	0	0	0	0	0	0	0	0	0	0	0	0	0	0	0	0	0	0	0	0	0	0	0	0	0	
161124	Temporal_Pole_Sup_L	814	0	4196	0	626	0	3886	0	1158	0	7076	0	2858	0	3188	0	5762	0	1690	0	226	114	0	0	0	0	0	0	12214	0	0	0	0	0	0	0	2430	0	990	0	1060	0	0	0	0	0	0	0	0	0	0	0	0	0	3780	0	0	0	0	0	0	0	0	0	0	0	0	0	0	0	142	0	1684	0	0	0	0	0	0	0	8408	0	0	0	8198	0	4552	0	5510	0	0	0	0	0	0	0	0	0	0	0	0	0	0	0	0	0	0	0	0	0	0	0	0	0	0	0	
51952	Temporal_Pole_Sup_R	0	0	0	0	0	0	0	0	0	0	0	0	0	0	0	140	0	286	0	0	0	132	0	0	0	0	0	0	0	2156	0	0	0	0	0	0	0	880	0	2354	0	2338	0	0	0	0	0	0	0	0	0	0	0	0	0	4620	0	0	0	0	0	0	0	0	0	0	0	0	0	0	0	0	0	296	0	0	0	0	0	318	0	2534	0	0	0	3624	0	3106	0	3192	0	0	0	0	0	0	0	0	0	0	0	0	0	0	0	0	0	0	0	0	0	0	0	0	0	0	
482308	Temporal_Mid_L	10344	0	470	0	0	0	0	0	0	0	0	0	0	0	0	0	15058	0	424	0	0	0	0	0	0	0	0	0	8714	0	0	0	504	318	1884	0	1360	0	162	0	148	0	6288	0	1576	0	672	0	820	0	29312	0	2374	0	3034	0	7170	0	450	0	12824	0	8628	0	21944	0	3956	0	3312	0	0	0	0	0	0	0	138	0	2490	0	46492	0	8198	0	0	0	3532	0	38558	0	0	0	0	0	0	0	0	0	0	0	0	0	0	0	0	0	0	0	0	0	0	0	0	0	0	0	
285488	Temporal_Mid_R	0	4532	0	528	0	0	0	0	0	0	0	620	0	0	0	0	0	424	0	1188	0	0	0	0	0	0	0	0	0	4442	0	0	228	930	0	618	0	750	0	0	0	0	0	5358	128	2118	0	906	0	3118	0	19474	0	1588	0	1140	0	7906	0	3642	0	4822	0	3108	0	11184	230	6928	0	2892	0	120	0	386	0	0	0	532	0	1482	0	17924	0	3624	0	0	0	2144	0	27730	0	0	0	0	0	0	0	0	0	0	0	0	0	0	0	0	0	0	0	0	0	0	0	0	0	0	
26284	Temporal_Pole_Mid_L	0	0	0	0	0	0	0	0	0	0	0	0	0	0	0	0	0	0	0	0	0	0	0	0	0	0	0	0	0	0	0	0	0	0	0	0	330	0	422	0	0	0	0	0	0	0	0	0	0	0	0	0	0	0	1296	0	0	0	0	0	0	0	0	0	0	0	0	0	0	0	0	0	0	0	0	0	0	0	0	0	0	0	4552	0	3532	0	0	0	3010	0	0	0	0	0	0	0	0	0	0	0	0	0	0	0	0	0	0	0	0	0	0	0	0	0	0	0	
22360	Temporal_Pole_Mid_R	0	0	0	0	0	0	0	0	0	0	0	0	0	0	0	0	0	0	0	0	0	0	0	0	0	0	0	0	0	132	0	0	0	0	0	0	0	242	0	886	0	602	0	0	0	0	0	0	0	0	0	0	0	0	0	1362	0	0	0	0	0	0	0	0	0	0	0	0	0	0	0	0	0	0	0	0	0	0	0	0	0	380	0	3106	0	2144	0	0	0	2326	0	0	0	0	0	0	0	0	0	0	0	0	0	0	0	0	0	0	0	0	0	0	0	0	0	0	
328664	Temporal_Inf_L	3606	0	1714	120	0	0	280	0	0	0	0	0	0	0	0	0	6800	0	1034	148	0	0	0	0	0	0	0	0	10164	0	0	0	0	0	1126	554	7608	528	720	0	252	0	744	0	178	0	404	0	114	0	3720	0	2768	0	17086	0	1856	0	0	0	4620	0	2706	0	6158	0	616	0	400	0	0	0	954	0	0	0	2304	780	5138	0	26650	0	5510	0	38558	0	3010	0	0	0	2728	0	372	0	0	0	290	0	2014	0	0	0	0	0	0	0	0	0	0	0	0	0	0	0	0	0	
254008	Temporal_Inf_R	180	4392	0	1332	0	0	0	0	0	0	0	1038	0	0	0	0	0	0	0	2342	0	0	0	0	0	0	0	0	0	5330	0	0	0	288	364	1982	268	5982	0	1632	0	626	0	5560	0	536	0	2232	0	638	0	5144	0	5628	0	22280	0	3360	0	568	0	388	0	388	0	798	0	5452	0	1252	0	502	0	1752	0	0	154	3316	0	700	0	4610	0	3192	0	27730	0	2326	0	0	0	1396	0	0	0	0	0	160	0	934	0	0	0	0	0	0	0	0	0	0	252	0	0	0	0	0	
421892	Cerebelum_Crus1_L	346	0	208	0	0	0	0	0	0	0	0	0	0	0	0	0	212	0	0	0	0	0	0	0	0	0	0	0	674	0	0	0	0	0	172	0	1914	0	2232	0	0	0	132	0	0	0	5648	1410	0	0	420	0	1408	0	19074	700	0	0	0	0	0	0	0	0	0	0	122	0	0	0	0	0	218	0	0	0	354	188	508	0	320	0	0	0	0	0	0	0	2728	0	0	1384	27312	1044	2272	0	22634	808	54598	2158	9682	0	12604	1070	12082	2012	906	0	186	272	3520	5680	5082	2502	2714	1436	
398776	Cerebelum_Crus1_R	0	0	0	0	0	0	0	0	0	0	0	0	0	0	0	0	0	0	0	0	0	0	0	0	0	0	0	0	0	0	0	0	0	0	0	0	0	864	0	1088	0	140	0	0	0	0	220	4612	0	0	0	0	0	0	0	11208	0	0	0	0	0	0	0	0	0	0	0	0	0	0	0	0	0	194	0	0	0	0	0	0	0	0	0	0	0	0	0	0	0	1396	1384	0	5122	36302	0	2100	554	14222	716	48466	248	4542	164	15834	0	8106	0	292	232	1044	7882	9146	14336	5284	2732	958	
294732	Cerebelum_Crus2_L	0	0	0	0	0	0	0	0	0	0	0	0	0	0	0	0	0	0	0	0	0	0	0	0	0	0	0	0	0	0	0	0	0	0	0	0	0	0	0	0	0	0	0	0	0	0	952	954	0	0	0	0	196	0	1166	542	0	0	0	0	0	0	0	0	0	0	0	0	0	0	0	0	0	0	0	0	0	0	0	0	0	0	0	0	0	0	0	0	372	0	27312	5122	0	7082	0	230	468	612	7200	3430	26350	1994	25242	3796	13328	1480	676	166	0	0	692	3336	7490	4142	2076	960	
284228	Cerebelum_Crus2_R	0	0	0	0	0	0	0	0	0	0	0	0	0	0	0	0	0	0	0	0	0	0	0	0	0	0	0	0	0	0	0	0	0	0	0	0	0	0	0	124	0	0	0	0	0	0	0	1484	0	0	0	0	0	0	0	2096	0	0	0	0	0	0	0	0	0	0	0	0	0	0	0	0	0	0	0	0	0	0	0	0	0	0	0	0	0	0	0	0	0	0	1044	36302	7082	0	0	242	0	2154	164	16300	470	15090	440	26792	0	9940	0	190	118	0	2002	3012	10042	5236	1162	628	
38856	Cerebelum_3_L	0	0	0	0	0	0	0	0	0	0	0	0	0	0	0	0	0	0	0	0	0	0	0	0	0	0	0	0	0	0	0	0	0	0	0	0	0	0	200	0	0	0	0	0	0	0	0	336	0	0	0	0	0	0	158	0	0	0	0	0	0	0	0	0	0	0	0	0	0	0	0	0	0	0	0	0	0	0	0	0	0	0	0	0	0	0	0	0	0	0	2272	0	0	0	0	0	5910	138	4024	206	0	0	0	0	604	164	0	0	762	2146	1800	558	0	0	0	150	
47728	Cerebelum_3_R	0	0	0	0	0	0	0	0	0	0	0	0	0	0	0	0	0	0	0	0	0	0	0	0	0	0	0	0	0	0	0	0	0	0	0	0	0	0	0	0	0	0	0	0	0	0	0	398	0	0	0	0	0	0	0	604	0	0	0	0	0	0	0	0	0	0	0	0	0	0	0	0	0	0	0	0	0	0	0	0	0	0	0	0	0	0	0	0	0	0	0	2100	230	242	0	0	0	5858	0	6972	0	0	0	262	0	394	0	0	512	1718	1254	1270	854	682	292	222	
247884	Cerebelum_4_5_L	0	0	0	0	0	0	0	0	0	0	0	0	0	0	0	0	0	0	0	0	0	0	0	0	0	0	0	0	456	0	0	0	0	0	0	0	2508	148	3164	0	0	0	0	0	0	0	6712	1544	0	0	0	0	0	0	12724	862	0	0	0	0	0	0	0	0	0	0	0	0	0	0	0	0	256	0	0	0	132	0	0	0	0	0	0	0	0	0	0	0	290	0	22634	554	468	0	5910	0	0	2948	34418	2014	192	0	144	0	3746	2264	578	0	774	2202	11442	2394	0	0	252	2212	
253572	Cerebelum_4_5_R	0	0	0	0	0	0	0	0	0	0	0	0	0	0	0	0	0	0	0	0	0	0	0	0	0	0	0	0	0	0	0	0	0	0	282	320	338	2846	224	4130	0	356	0	156	0	0	1018	11900	0	0	0	0	0	246	456	14172	0	0	0	0	0	0	0	0	0	0	0	294	0	0	0	0	0	0	0	0	0	820	0	0	0	0	0	0	0	0	0	0	0	160	808	14222	612	2154	138	5858	2948	0	2026	28928	0	218	0	628	0	1124	0	332	360	2788	16250	5582	1924	1114	842	212	
368012	Cerebelum_6_L	130	0	144	0	0	0	0	0	0	0	0	0	0	0	0	0	0	0	0	0	0	0	0	0	0	0	0	0	424	0	0	0	0	0	0	0	2014	0	2510	0	0	0	0	0	0	0	7804	1392	0	0	468	0	960	0	21664	800	0	0	0	0	0	0	0	0	0	0	0	0	0	0	0	0	220	0	0	0	234	0	168	0	320	0	0	0	0	0	0	0	2014	0	54598	716	7200	164	4024	0	34418	2026	0	1908	2650	0	2246	180	7446	2146	1524	0	334	672	8446	6024	1492	664	1846	2016	
433224	Cerebelum_6_R	0	0	0	0	0	0	0	0	0	0	0	0	0	0	0	0	0	0	0	0	0	0	0	0	0	0	0	0	0	130	0	0	0	0	0	0	0	2036	0	2626	0	248	0	0	0	0	514	9616	0	0	0	0	0	300	136	18030	0	0	0	0	0	0	0	0	0	0	0	0	0	0	0	0	0	334	0	228	0	0	0	0	0	0	0	0	0	0	0	0	0	934	2158	48466	3430	16300	206	6972	2014	28928	1908	0	226	1622	0	6192	138	6680	0	520	796	3208	16902	13360	14222	3452	2582	1198	
177488	Cerebelum_7b_L	0	0	0	0	0	0	0	0	0	0	0	0	0	0	0	0	0	0	0	0	0	0	0	0	0	0	0	0	0	0	0	0	0	0	0	0	0	0	0	0	0	0	0	0	0	0	0	0	0	0	0	0	0	0	0	0	0	0	0	0	0	0	0	0	0	0	0	0	0	0	0	0	0	0	0	0	0	0	0	0	0	0	0	0	0	0	0	0	0	0	9682	248	26350	470	0	0	192	0	2650	226	0	0	24318	580	13594	930	3064	0	0	0	0	502	1838	2012	1452	636	
85404	Cerebelum_7b_R	0	0	0	0	0	0	0	0	0	0	0	0	0	0	0	0	0	0	0	0	0	0	0	0	0	0	0	0	0	0	0	0	0	0	0	0	0	0	0	0	0	0	0	0	0	0	0	214	0	0	0	0	0	0	0	168	0	0	0	0	0	0	0	0	0	0	0	0	0	0	0	0	0	0	0	0	0	0	0	0	0	0	0	0	0	0	0	0	0	0	0	4542	1994	15090	0	0	0	218	0	1622	0	0	0	13104	0	2404	0	0	0	0	286	302	1286	1304	168	0	
200632	Cerebelum_8_L	0	0	0	0	0	0	0	0	0	0	0	0	0	0	0	0	0	0	0	0	0	0	0	0	0	0	0	0	0	0	0	0	0	0	0	0	0	0	0	0	0	0	0	0	0	0	0	0	0	0	0	0	0	0	0	0	0	0	0	0	0	0	0	0	0	0	0	0	0	0	0	0	0	0	0	0	0	0	0	0	0	0	0	0	0	0	0	0	0	0	12604	164	25242	440	0	0	144	0	2246	0	24318	0	0	1048	21244	1188	2152	0	0	0	0	352	2170	3634	2746	624	
200876	Cerebelum_8_R	0	0	0	0	0	0	0	0	0	0	0	0	0	0	0	0	0	0	0	0	0	0	0	0	0	0	0	0	0	0	0	0	0	0	0	0	0	0	0	0	0	0	0	0	0	0	0	0	0	0	0	0	0	0	0	258	0	0	0	0	0	0	0	0	0	0	0	0	0	0	0	0	0	0	0	0	0	0	0	0	0	0	0	0	0	0	0	0	0	0	1070	15834	3796	26792	0	262	0	628	180	6192	580	13104	1048	0	174	13482	0	170	0	0	210	662	5798	6636	3432	130	
189928	Cerebelum_9_L	0	0	0	0	0	0	0	0	0	0	0	0	0	0	0	0	0	0	0	0	0	0	0	0	0	0	0	0	0	0	0	0	0	0	0	0	158	0	286	0	0	0	0	0	0	0	0	0	0	0	0	0	0	0	216	0	0	0	0	0	0	0	0	0	0	0	0	0	0	0	0	0	0	0	0	0	0	0	0	0	0	0	0	0	0	0	0	0	0	0	12082	0	13328	0	604	0	3746	0	7446	138	13594	0	21244	174	0	2900	4596	0	128	0	1536	1868	1426	2630	4724	2140	
190820	Cerebelum_9_R	0	0	0	0	0	0	0	0	0	0	0	0	0	0	0	0	0	0	0	0	0	0	0	0	0	0	0	0	0	0	0	0	0	0	0	0	0	0	0	0	0	0	0	0	0	0	208	0	0	0	0	0	0	0	0	0	0	0	0	0	0	0	0	0	0	0	0	0	0	0	0	0	0	0	0	0	0	0	0	0	0	0	0	0	0	0	0	0	0	0	2012	8106	1480	9940	164	394	2264	1124	2146	6680	930	2404	1188	13482	2900	0	520	1412	190	216	2728	8288	5040	6116	9156	6322	
34004	Cerebelum_10_L	0	0	0	0	0	0	0	0	0	0	0	0	0	0	0	0	0	0	0	0	0	0	0	0	0	0	0	0	0	0	0	0	0	0	0	0	0	0	0	0	0	0	0	0	0	0	0	0	0	0	0	0	0	0	0	0	0	0	0	0	0	0	0	0	0	0	0	0	0	0	0	0	0	0	0	0	0	0	0	0	0	0	0	0	0	0	0	0	0	0	906	0	676	0	0	0	578	0	1524	0	3064	0	2152	0	4596	520	0	0	0	0	0	372	630	622	950	412	
12016	Cerebelum_10_R	0	0	0	0	0	0	0	0	0	0	0	0	0	0	0	0	0	0	0	0	0	0	0	0	0	0	0	0	0	0	0	0	0	0	0	0	0	0	0	0	0	0	0	0	0	0	0	0	0	0	0	0	0	0	0	200	0	0	0	0	0	0	0	0	0	0	0	0	0	0	0	0	0	0	0	0	0	0	0	0	0	0	0	0	0	0	0	0	0	0	0	292	166	190	0	0	0	332	0	520	0	0	0	170	0	1412	0	0	0	0	0	694	484	486	498	564	
20272	Vermis_1_2	0	0	0	0	0	0	0	0	0	0	0	0	0	0	0	0	0	0	0	0	0	0	0	0	0	0	0	0	0	0	0	0	0	0	0	0	0	0	0	0	0	0	0	0	0	0	0	120	0	0	0	0	0	0	0	134	0	0	0	0	0	0	0	0	0	0	0	0	0	0	0	0	0	0	0	0	0	0	0	0	0	0	0	0	0	0	0	0	0	0	186	232	0	118	762	512	774	360	334	796	0	0	0	0	128	190	0	0	0	2946	1416	504	246	252	0	126	
48408	Vermis_3	0	0	292	0	0	0	0	0	0	0	0	0	0	0	0	0	0	0	134	0	0	0	0	0	0	0	0	0	0	0	0	0	0	0	0	0	120	0	0	0	0	0	0	0	0	0	256	486	0	0	0	0	0	0	0	330	0	0	0	0	0	0	0	0	0	0	0	0	0	0	0	0	0	0	0	0	456	0	0	0	0	0	0	0	0	0	0	0	0	0	272	1044	0	0	2146	1718	2202	2788	672	3208	0	0	0	0	0	216	0	0	2946	0	3912	622	202	182	0	0	
242924	Vermis_4_5	0	0	0	0	0	0	0	0	0	0	0	0	0	0	0	0	0	0	0	0	0	0	0	0	0	0	0	0	0	0	0	0	0	0	166	1134	158	334	0	246	0	0	0	206	0	0	2336	9596	0	0	0	0	0	348	1690	8862	0	0	0	0	0	0	0	0	0	0	0	1160	0	0	0	0	0	0	0	0	0	0	0	0	0	0	0	0	0	0	0	0	0	252	3520	7882	692	2002	1800	1254	11442	16250	8446	16902	0	286	0	210	1536	2728	0	0	1416	3912	0	10934	1036	238	0	2488	
