data	data	491948	348628	913428	855468	122376	75548	543888	230744	70808	9236	197608	203600	207476	220476	140924	91972	216652	147644	677976	872208	71888	74720	475364	415364	25756	76720	70736	60960	558320	361360	333920	563532	136364	594372	169268	204188	272844	330944	61952	226064	39248	49900	258592	427716	139656	275904	256752	405548	210064	387092	491272	263840	110264	100360	416068	508656	283432	350692	126088	116424	195104	80732	124208	81348	129600	101980	306896	490620	281792	355412	264196	298244	380020	298260	50384	24768	112328	226844	79340	22856	228424	132612	74924	49960	270152	173592	13424	8688	310516	176792	456564	504288	374704	363616	49848	95644	284744	288076	421428	539708	317844	171860	337184	466768	112064	174744	22260	8388	38892	122892	267252	285700	312496	165260	110296	31004	
data	data	Precentral_L	Precentral_R	Frontal_Sup_L	Frontal_Sup_R	Frontal_Sup_Orb_L	Frontal_Sup_Orb_R	Frontal_Mid_L	Frontal_Mid_R	Frontal_Mid_Orb_L	Frontal_Mid_Orb_R	Frontal_Inf_Oper_L	Frontal_Inf_Oper_R	Frontal_Inf_Tri_L	Frontal_Inf_Tri_R	Frontal_Inf_Orb_L	Frontal_Inf_Orb_R	Rolandic_Oper_L	Rolandic_Oper_R	Supp_Motor_Area_L	Supp_Motor_Area_R	Olfactory_L	Olfactory_R	Frontal_Sup_Medial_L	Frontal_Sup_Medial_R	Frontal_Med_Orb_L	Frontal_Med_Orb_R	Rectus_L	Rectus_R	Insula_L	Insula_R	Cingulum_Ant_L	Cingulum_Ant_R	Cingulum_Mid_L	Cingulum_Mid_R	Cingulum_Post_L	Cingulum_Post_R	Hippocampus_L	Hippocampus_R	ParaHippocampal_L	ParaHippocampal_R	Amygdala_L	Amygdala_R	Calcarine_L	Calcarine_R	Cuneus_L	Cuneus_R	Lingual_L	Lingual_R	Occipital_Sup_L	Occipital_Sup_R	Occipital_Mid_L	Occipital_Mid_R	Occipital_Inf_L	Occipital_Inf_R	Fusiform_L	Fusiform_R	Postcentral_L	Postcentral_R	Parietal_Sup_L	Parietal_Sup_R	Parietal_Inf_L	Parietal_Inf_R	SupraMarginal_L	SupraMarginal_R	Angular_L	Angular_R	Precuneus_L	Precuneus_R	Paracentral_Lobule_L	Paracentral_Lobule_R	Caudate_L	Caudate_R	Putamen_L	Putamen_R	Pallidum_L	Pallidum_R	Thalamus_L	Thalamus_R	Heschl_L	Heschl_R	Temporal_Sup_L	Temporal_Sup_R	Temporal_Pole_Sup_L	Temporal_Pole_Sup_R	Temporal_Mid_L	Temporal_Mid_R	Temporal_Pole_Mid_L	Temporal_Pole_Mid_R	Temporal_Inf_L	Temporal_Inf_R	Cerebelum_Crus1_L	Cerebelum_Crus1_R	Cerebelum_Crus2_L	Cerebelum_Crus2_R	Cerebelum_3_L	Cerebelum_3_R	Cerebelum_4_5_L	Cerebelum_4_5_R	Cerebelum_6_L	Cerebelum_6_R	Cerebelum_7b_L	Cerebelum_7b_R	Cerebelum_8_L	Cerebelum_8_R	Cerebelum_9_L	Cerebelum_9_R	Cerebelum_10_L	Cerebelum_10_R	Vermis_1_2	Vermis_3	Vermis_4_5	Vermis_6	Vermis_7	Vermis_8	Vermis_9	Vermis_10	
491948	Precentral_L	0	6778	15104	3786	0	0	17384	1352	0	0	7998	0	134	0	0	0	10950	624	14740	9764	0	0	96	0	0	0	0	0	13736	152	230	0	272	3388	1770	1466	12254	1056	388	906	0	0	206	0	0	0	108	0	330	0	5726	0	584	0	1822	744	33796	1288	1108	96	4650	86	1414	170	912	0	758	160	21760	3666	1894	428	8028	0	2740	0	9750	1232	6278	0	4830	0	0	0	3772	0	0	0	3310	0	0	0	0	0	0	0	0	0	0	0	0	0	0	0	0	0	0	0	0	0	0	0	0	0	0	0	
348628	Precentral_R	6778	0	1650	9726	0	0	1520	8480	0	0	0	4854	0	352	0	0	150	1292	1652	12944	0	0	0	0	0	0	0	0	0	6756	0	238	180	530	560	730	230	10310	96	2006	0	0	0	436	0	140	106	150	0	600	268	192	0	622	0	2596	1638	26780	0	876	232	2220	212	3702	0	230	156	1698	7898	15680	222	6292	320	2132	280	148	254	18756	0	120	0	2736	0	0	0	2082	0	0	0	3344	0	0	0	0	0	0	0	0	0	0	0	0	0	0	0	0	0	0	0	162	0	0	0	0	0	0	
913428	Frontal_Sup_L	15104	1650	0	13898	6584	0	72380	1248	2520	0	16270	538	15778	1348	7340	202	8318	138	65750	16126	408	0	59796	13932	1984	162	706	0	36418	564	22868	9002	5238	13010	0	0	1274	0	122	0	0	0	0	0	0	0	0	0	0	0	0	0	0	0	108	0	1564	744	0	0	0	0	0	0	0	0	0	0	5012	0	5342	184	21958	94	3668	0	1582	0	260	0	2548	0	2974	0	0	0	0	0	0	0	0	0	0	0	0	0	0	0	0	0	0	0	0	0	0	0	0	0	0	0	0	0	0	0	0	0	
855468	Frontal_Sup_R	3786	9726	13898	0	0	3866	6216	35814	0	0	716	16360	406	15868	0	4200	1326	9518	18354	79766	0	0	13536	36388	0	3194	0	712	3034	14422	4514	43748	612	28390	90	90	320	2878	150	818	0	0	0	194	0	0	0	168	0	0	0	0	0	136	0	756	886	326	0	0	128	0	152	0	0	0	0	188	1032	310	7816	12954	3808	11820	360	2030	0	6398	0	0	800	3196	292	1146	0	0	0	0	0	0	0	0	0	0	0	0	0	0	0	0	0	0	0	0	0	0	0	0	0	122	0	0	0	0	0	0	
122376	Frontal_Sup_Orb_L	0	0	6584	0	0	0	606	0	11538	0	0	0	84	0	10522	0	0	0	568	0	2220	664	3664	244	2938	0	5834	0	4630	0	3116	526	0	0	0	0	0	0	230	0	218	0	0	0	0	0	0	0	0	0	0	0	0	0	0	0	0	0	0	0	0	0	0	0	0	0	0	0	0	0	1034	102	5582	0	0	0	0	0	0	0	0	0	284	0	0	0	0	0	0	0	0	0	0	0	0	0	0	0	0	0	0	0	0	0	0	0	0	0	0	0	0	0	0	0	0	0	
75548	Frontal_Sup_Orb_R	0	0	0	3866	0	0	0	220	0	1852	0	0	0	500	0	1878	0	0	0	0	0	1050	150	4094	0	6914	0	6358	0	582	200	2210	0	0	0	0	0	0	0	0	0	80	0	0	0	0	0	0	0	0	0	0	0	0	0	0	0	0	0	0	0	0	0	0	0	0	0	0	0	0	0	2912	0	4908	0	0	0	0	0	0	0	0	0	0	0	0	0	0	0	0	0	0	0	0	0	0	0	0	0	0	0	0	0	0	0	0	0	0	0	0	0	0	0	0	0	0	
543888	Frontal_Mid_L	17384	1520	72380	6216	606	0	0	924	3094	0	11596	116	41512	686	11232	176	4066	416	13324	6650	0	0	17456	4062	0	0	0	0	22524	470	5692	3218	1682	5712	0	0	1790	0	118	0	0	0	0	0	0	0	0	0	0	0	106	0	0	0	0	0	574	370	80	0	174	0	0	0	0	0	0	82	746	150	2806	138	5786	0	1368	0	3010	0	438	0	730	0	764	0	0	0	0	0	0	0	0	0	0	0	0	0	0	0	0	0	0	0	0	0	0	0	0	0	0	0	0	0	0	0	0	0	
230744	Frontal_Mid_R	1352	8480	1248	35814	0	220	924	0	0	198	0	11386	0	14574	0	2130	202	5290	1488	4474	0	0	732	2966	0	0	0	0	260	4766	336	3278	0	1172	0	0	0	1620	0	410	0	0	0	0	0	0	0	0	0	0	148	0	0	0	0	398	982	192	0	0	208	118	222	124	0	0	0	0	702	0	1250	274	670	3398	300	140	0	884	0	0	0	1846	0	196	0	0	0	0	0	0	0	0	0	0	0	0	0	0	0	0	0	0	0	0	0	0	0	0	0	0	0	0	0	0	0	0	
70808	Frontal_Mid_Orb_L	0	0	2520	0	11538	0	3094	0	0	0	0	0	426	0	11310	0	0	0	0	0	342	0	146	0	0	0	3130	0	1270	0	100	0	0	0	0	0	0	0	0	0	0	0	0	0	0	0	0	0	0	0	0	0	0	0	0	0	0	0	0	0	0	0	0	0	0	0	0	0	0	0	0	0	1528	0	0	0	0	0	0	0	0	0	0	0	0	0	0	0	0	0	0	0	0	0	0	0	0	0	0	0	0	0	0	0	0	0	0	0	0	0	0	0	0	0	0	0	
9236	Frontal_Mid_Orb_R	0	0	0	0	0	1852	0	198	0	0	0	0	0	360	0	1854	0	0	0	0	0	0	0	0	0	0	0	0	0	184	0	0	0	0	0	0	0	0	0	0	0	0	0	0	0	0	0	0	0	0	0	0	0	0	0	0	0	0	0	0	0	0	0	0	0	0	0	0	0	0	0	0	0	170	0	0	0	0	0	0	0	0	0	0	0	0	0	0	0	0	0	0	0	0	0	0	0	0	0	0	0	0	0	0	0	0	0	0	0	0	0	0	0	0	0	0	
197608	Frontal_Inf_Oper_L	7998	0	16270	716	0	0	11596	0	0	0	0	248	6512	186	0	0	12094	0	7978	730	0	0	400	0	0	0	0	0	14558	0	1864	516	0	360	0	0	1200	0	80	0	0	0	0	0	0	0	0	0	0	0	0	0	0	0	200	0	3824	0	0	0	0	0	0	0	0	0	0	0	0	0	752	0	1810	0	158	0	328	0	394	0	4268	0	3534	0	0	0	0	0	230	0	0	0	0	0	0	0	0	0	0	0	0	0	0	0	0	0	0	0	0	0	0	0	0	0	0	0	
203600	Frontal_Inf_Oper_R	0	4854	538	16360	0	0	116	11386	0	0	248	0	0	10724	0	278	0	5980	784	9452	0	0	306	1604	0	0	0	0	490	12254	580	3994	0	326	82	84	0	2236	0	586	0	0	0	0	0	0	0	92	0	0	0	0	0	0	0	440	242	1758	0	0	0	566	0	596	0	0	0	0	0	0	1814	2516	570	6566	0	240	0	1620	0	0	0	706	0	812	0	0	0	0	0	0	0	0	0	0	0	0	0	0	0	0	0	0	0	0	0	0	0	0	0	0	0	0	0	0	0	0	
207476	Frontal_Inf_Tri_L	134	0	15778	406	84	0	41512	0	426	0	6512	0	0	86	8484	0	112	0	3958	678	0	0	1940	456	0	0	0	0	19714	0	1454	382	534	568	0	0	0	0	0	0	0	0	0	0	0	0	0	0	0	0	0	0	0	0	0	0	0	0	0	0	0	0	0	0	0	0	0	0	0	0	218	0	302	0	0	0	0	0	0	0	0	0	0	0	0	0	0	0	0	0	0	0	0	0	0	0	0	0	0	0	0	0	0	0	0	0	0	0	0	0	0	0	0	0	0	0	
220476	Frontal_Inf_Tri_R	0	352	1348	15868	0	500	686	14574	0	360	186	10724	86	0	0	10500	0	0	2298	4336	0	98	1430	7758	0	0	0	100	586	15838	404	11264	0	3692	0	0	0	758	0	172	0	0	0	0	0	0	0	0	0	0	0	0	0	0	0	192	0	0	0	0	0	0	0	0	0	0	0	0	0	0	798	1620	246	2690	0	0	0	774	0	0	0	0	0	0	0	0	0	0	0	0	0	0	0	0	0	0	0	0	0	0	0	0	0	0	0	0	0	0	0	0	0	0	0	0	0	0	
140924	Frontal_Inf_Orb_L	0	0	7340	0	10522	0	11232	0	11310	0	0	0	8484	0	0	0	0	0	1026	0	1764	466	1148	0	0	0	2086	0	6954	0	1120	284	0	0	0	0	0	0	136	0	230	0	0	0	0	0	0	0	0	0	0	0	0	0	0	0	0	0	0	0	0	0	0	0	0	0	0	0	0	0	698	114	4512	0	0	0	0	0	0	0	0	0	1036	0	0	0	0	0	0	0	0	0	0	0	0	0	0	0	0	0	0	0	0	0	0	0	0	0	0	0	0	0	0	0	0	0	
91972	Frontal_Inf_Orb_R	0	0	202	4200	0	1878	176	2130	0	1854	0	278	0	10500	0	0	0	0	460	948	0	984	0	1524	0	0	0	962	0	11606	0	3818	0	400	0	0	0	536	0	482	0	114	0	0	0	0	0	0	0	0	0	0	0	0	0	124	0	0	0	0	0	0	0	0	0	0	0	0	0	0	0	114	0	2696	0	0	0	0	0	0	0	0	0	0	0	0	0	0	0	0	0	0	0	0	0	0	0	0	0	0	0	0	0	0	0	0	0	0	0	0	0	0	0	0	0	0	
216652	Rolandic_Oper_L	10950	150	8318	1326	0	0	4066	202	0	0	12094	0	112	0	0	0	0	0	6786	1510	0	0	0	0	0	0	0	0	16584	0	86	0	0	320	0	0	1046	0	96	0	0	0	0	0	0	0	0	0	0	0	1266	0	206	0	1678	0	8994	0	0	0	622	0	2108	0	532	0	80	0	0	0	960	0	760	0	134	0	286	80	5234	0	13322	0	2684	0	3084	0	0	0	2650	0	0	0	0	0	0	0	0	0	0	0	0	0	0	0	0	0	0	0	0	0	0	0	0	0	0	0	
147644	Rolandic_Oper_R	624	1292	138	9518	0	0	416	5290	0	0	0	5980	0	0	0	0	0	0	0	8262	0	0	0	0	0	0	0	0	0	12700	0	0	0	100	146	194	354	1330	0	268	0	0	0	160	0	0	0	0	0	184	0	0	0	266	0	750	0	2432	0	244	0	0	0	2102	0	0	0	546	0	336	222	284	0	4198	0	682	760	1972	0	2122	0	7916	0	1386	0	170	0	0	0	478	0	0	0	0	0	0	0	0	0	0	0	0	0	0	0	0	0	0	0	0	0	0	0	0	0	0	
677976	Supp_Motor_Area_L	14740	1652	65750	18354	568	0	13324	1488	0	0	7978	784	3958	2298	1026	460	6786	0	0	42392	190	0	15186	8908	0	0	0	0	20458	932	14296	8630	11604	23930	892	108	1208	0	90	0	0	0	0	0	0	0	0	0	0	0	0	0	0	0	232	0	7042	118	0	0	0	0	0	0	0	0	458	0	7670	2086	5696	322	18662	380	1686	0	0	0	1764	0	3764	0	992	0	0	0	0	0	126	0	0	0	0	0	0	0	0	0	0	0	0	0	0	0	0	0	0	0	0	0	0	0	0	0	0	0	
872208	Supp_Motor_Area_R	9764	12944	16126	79766	0	0	6650	4474	0	0	730	9452	678	4336	0	948	1510	8262	42392	0	0	0	3326	12946	0	226	0	0	3248	8962	2670	26170	6320	49116	840	3548	244	1136	82	240	0	0	0	204	0	0	0	162	0	0	0	0	0	104	0	416	1084	3600	0	0	0	0	0	0	0	0	0	354	22546	29486	7792	21034	4900	9156	438	2458	150	10178	0	0	1078	2504	294	1060	0	0	0	0	0	0	0	0	0	0	0	0	0	0	0	0	0	0	0	0	0	0	0	0	0	0	0	0	0	0	0	0	
71888	Olfactory_L	0	0	408	0	2220	0	0	0	342	0	0	0	0	0	1764	0	0	0	190	0	0	5126	220	0	0	0	4542	644	2344	0	2338	2858	0	0	0	0	208	0	314	0	608	0	0	0	0	0	0	0	0	0	0	0	0	0	0	0	0	0	0	0	0	0	0	0	0	0	0	0	0	0	6240	2746	2166	536	0	0	0	0	0	0	0	0	130	0	0	0	0	0	0	0	0	0	0	0	0	0	0	0	0	0	0	0	0	0	0	0	0	0	0	0	0	0	0	0	0	0	
74720	Olfactory_R	0	0	0	0	664	1050	0	0	0	0	0	0	0	98	466	984	0	0	0	0	5126	0	0	214	0	350	3432	2708	80	1464	1668	3434	0	0	0	0	0	0	0	0	0	532	0	0	0	0	0	0	0	0	0	0	0	0	0	0	0	0	0	0	0	0	0	0	0	0	0	0	0	0	6788	4606	2894	802	0	0	0	0	0	0	0	0	0	0	0	0	0	0	0	0	0	0	0	0	0	0	0	0	0	0	0	0	0	0	0	0	0	0	0	0	0	0	0	0	0	0	
475364	Frontal_Sup_Medial_L	96	0	59796	13536	3664	150	17456	732	146	0	400	306	1940	1430	1148	0	0	0	15186	3326	220	0	0	30066	3234	1104	626	0	7542	582	23256	17848	4058	14428	0	0	174	0	0	0	0	0	0	0	0	0	0	0	0	0	0	0	0	0	0	0	0	0	0	0	0	0	0	0	0	0	0	0	0	0	3920	80	9356	86	172	0	1532	0	0	0	0	0	86	0	0	0	0	0	0	0	0	0	0	0	0	0	0	0	0	0	0	0	0	0	0	0	0	0	0	0	0	0	0	0	0	0	
415364	Frontal_Sup_Medial_R	0	0	13932	36388	244	4094	4062	2966	0	0	0	1604	456	7758	0	1524	0	0	8908	12946	0	214	30066	0	700	6550	0	1906	746	3238	6140	30514	338	21420	0	0	0	0	0	0	0	0	0	0	0	0	0	0	0	0	0	0	0	0	0	0	0	0	0	0	0	0	0	0	0	0	0	0	0	0	330	3562	280	6796	0	0	0	0	0	0	0	0	0	0	0	0	0	0	0	0	0	0	0	0	0	0	0	0	0	0	0	0	0	0	0	0	0	0	0	0	0	0	0	0	0	0	
25756	Frontal_Med_Orb_L	0	0	1984	0	2938	0	0	0	0	0	0	0	0	0	0	0	0	0	0	0	0	0	3234	700	0	424	776	0	116	0	2264	0	0	0	0	0	0	0	0	0	0	0	0	0	0	0	0	0	0	0	0	0	0	0	0	0	0	0	0	0	0	0	0	0	0	0	0	0	0	0	0	0	442	0	0	0	0	0	0	0	0	0	0	0	0	0	0	0	0	0	0	0	0	0	0	0	0	0	0	0	0	0	0	0	0	0	0	0	0	0	0	0	0	0	0	0	
76720	Frontal_Med_Orb_R	0	0	162	3194	0	6914	0	0	0	0	0	0	0	0	0	0	0	0	0	226	0	350	1104	6550	424	0	84	6116	0	0	1602	5140	0	0	0	0	0	0	0	0	0	0	0	0	0	0	0	0	0	0	0	0	0	0	0	0	0	0	0	0	0	0	0	0	0	0	0	0	0	0	0	3502	0	2992	0	0	0	0	0	0	0	0	0	0	0	0	0	0	0	0	0	0	0	0	0	0	0	0	0	0	0	0	0	0	0	0	0	0	0	0	0	0	0	0	0	0	
70736	Rectus_L	0	0	706	0	5834	0	0	0	3130	0	0	0	0	0	2086	0	0	0	0	0	4542	3432	626	0	776	84	0	598	800	0	3006	2104	0	0	0	0	0	0	0	0	160	0	0	0	0	0	0	0	0	0	0	0	0	0	0	0	0	0	0	0	0	0	0	0	0	0	0	0	0	0	3864	1564	1602	454	0	0	0	0	0	0	0	0	0	0	0	0	0	0	0	0	0	0	0	0	0	0	0	0	0	0	0	0	0	0	0	0	0	0	0	0	0	0	0	0	0	0	
60960	Rectus_R	0	0	0	712	0	6358	0	0	0	0	0	0	0	100	0	962	0	0	0	0	644	2708	0	1906	0	6116	598	0	0	764	580	4046	0	0	0	0	0	0	0	0	0	156	0	0	0	0	0	0	0	0	0	0	0	0	0	0	0	0	0	0	0	0	0	0	0	0	0	0	0	0	634	2210	262	1724	0	0	0	0	0	0	0	0	0	0	0	0	0	0	0	0	0	0	0	0	0	0	0	0	0	0	0	0	0	0	0	0	0	0	0	0	0	0	0	0	0	0	
558320	Insula_L	13736	0	36418	3034	4630	0	22524	260	1270	0	14558	490	19714	586	6954	0	16584	0	20458	3248	2344	80	7542	746	116	0	800	0	0	104	6750	1222	654	1458	200	182	15886	190	1200	176	2800	0	0	0	0	0	0	0	0	0	1574	0	240	0	4334	140	5314	0	0	0	416	0	674	0	176	0	90	0	0	0	3660	100	21974	0	0	0	1512	210	6410	0	9844	0	7224	0	3228	0	0	0	5126	0	0	0	0	0	0	0	0	0	0	0	0	0	0	0	0	0	0	0	0	0	0	0	0	0	0	0	
361360	Insula_R	152	6756	564	14422	0	582	470	4766	0	184	0	12254	0	15838	0	11606	0	12700	932	8962	0	1464	582	3238	0	0	0	764	104	0	220	8718	0	716	378	450	0	8160	0	3230	0	1000	0	446	0	82	0	180	0	174	0	0	0	810	0	4906	0	6896	0	106	0	0	0	184	0	0	0	656	0	272	1328	2724	436	19132	0	244	0	4296	0	2304	0	8924	0	554	0	2284	0	0	0	4530	0	0	0	0	0	0	0	0	0	0	0	0	0	0	0	0	0	0	0	0	0	0	0	0	0	0	
333920	Cingulum_Ant_L	230	0	22868	4514	3116	200	5692	336	100	0	1864	580	1454	404	1120	0	86	0	14296	2670	2338	1668	23256	6140	2264	1602	3006	580	6750	220	0	16886	4752	4258	208	0	310	0	0	0	0	0	0	0	0	0	0	0	0	0	0	0	0	0	0	0	0	0	0	0	0	0	0	0	0	0	0	0	0	0	9760	3434	15516	1158	314	0	2562	312	0	0	136	0	0	0	0	0	0	0	0	0	0	0	0	0	0	0	0	0	0	0	0	0	0	0	0	0	0	0	0	0	0	0	0	0	0	0	
563532	Cingulum_Ant_R	0	238	9002	43748	526	2210	3218	3278	0	0	516	3994	382	11264	284	3818	0	0	8630	26170	2858	3434	17848	30514	0	5140	2104	4046	1222	8718	16886	0	1602	25364	0	0	0	208	0	0	0	0	0	0	0	0	0	0	0	0	0	0	0	0	0	0	0	0	0	0	0	0	0	0	0	0	0	0	0	0	6510	22514	3432	11020	0	0	0	1068	0	0	0	0	0	0	0	0	0	0	0	0	0	0	0	0	0	0	0	0	0	0	0	0	0	0	0	0	0	0	0	0	0	0	0	0	0	0	
136364	Cingulum_Mid_L	272	180	5238	612	0	0	1682	0	0	0	0	0	534	0	0	0	0	0	11604	6320	0	0	4058	338	0	0	0	0	654	0	4752	1602	0	10312	5202	1640	0	0	0	0	0	0	236	0	248	0	0	0	522	0	606	0	0	0	0	0	652	82	0	0	0	0	0	0	0	0	4366	318	4724	1314	0	0	0	0	0	0	0	0	0	0	0	0	0	0	114	0	0	0	0	0	0	0	0	0	0	0	0	0	0	0	0	0	0	0	0	0	0	0	0	0	0	0	0	0	0	0	
594372	Cingulum_Mid_R	3388	530	13010	28390	0	0	5712	1172	0	0	360	326	568	3692	0	400	320	100	23930	49116	0	0	14428	21420	0	0	0	0	1458	716	4258	25364	10312	0	2122	11386	84	304	0	0	0	0	0	3132	0	2820	0	1638	0	6334	0	1842	0	218	0	518	0	9722	0	1616	0	82	0	256	0	98	662	12418	10308	17880	1706	906	428	332	0	0	0	0	0	0	130	226	246	0	0	294	0	0	0	508	0	0	0	0	0	0	0	0	0	0	0	0	0	0	0	0	0	0	0	0	0	0	0	0	0	0	
169268	Cingulum_Post_L	1770	560	0	90	0	0	0	0	0	0	0	82	0	0	0	0	0	146	892	840	0	0	0	0	0	0	0	0	200	378	208	0	5202	2122	0	12516	7140	6206	522	4834	0	0	2898	84	1724	0	1166	208	574	0	840	0	0	0	1998	2436	2216	224	0	0	0	0	0	0	0	0	10064	1358	6526	1052	0	0	0	406	0	0	406	4078	154	0	0	0	0	0	446	0	0	0	2068	0	0	0	0	0	0	0	0	0	0	0	0	0	0	0	0	0	0	0	0	0	0	0	0	0	0	0	
204188	Cingulum_Post_R	1466	730	0	90	0	0	0	0	0	0	0	84	0	0	0	0	0	194	108	3548	0	0	0	0	0	0	0	0	182	450	0	0	1640	11386	12516	0	5056	8542	500	5992	0	0	0	4046	0	674	0	3862	0	1468	0	538	0	760	212	4854	0	3816	0	472	0	0	0	162	0	0	1258	12010	1576	7310	0	0	0	408	0	0	442	4142	150	0	0	94	0	0	0	118	0	0	176	512	0	0	0	0	0	0	0	0	0	0	0	0	0	0	0	0	0	0	0	0	550	0	0	0	0	0	
272844	Hippocampus_L	12254	230	1274	320	0	0	1790	0	0	0	1200	0	0	0	0	0	1046	354	1208	244	208	0	174	0	0	0	0	0	15886	0	310	0	0	84	7140	5056	0	4596	8646	3892	7802	0	1890	0	170	0	2854	226	200	0	386	0	0	0	14498	1810	1946	84	0	0	0	0	0	0	0	0	4006	644	870	0	968	0	6368	208	308	0	3830	2610	3650	0	1710	0	1396	0	306	0	0	0	10740	0	452	0	0	0	0	0	154	0	424	0	0	0	0	0	0	0	0	0	0	0	0	0	0	0	0	0	
330944	Hippocampus_R	1056	10310	0	2878	0	0	0	1620	0	0	0	2236	0	758	0	536	0	1330	0	1136	0	0	0	0	0	0	0	0	190	8160	0	208	0	304	6206	8542	4596	0	662	30738	0	7750	0	716	0	0	0	2758	0	102	0	0	0	1470	158	32128	0	2958	0	0	0	0	0	270	0	0	504	4312	0	896	0	0	0	13906	0	902	262	7046	154	392	0	534	0	1598	0	116	0	210	136	3042	0	268	0	0	0	0	92	266	0	444	0	0	0	120	0	0	0	0	0	0	496	0	0	0	0	0	
61952	ParaHippocampal_L	388	96	122	150	230	0	118	0	0	0	80	0	0	0	136	0	96	0	90	82	314	0	0	0	0	0	0	0	1200	0	0	0	0	0	522	500	8646	662	0	524	1622	0	230	0	0	0	1916	0	0	0	306	0	202	0	7150	162	84	0	0	0	0	0	0	0	0	0	688	0	0	0	0	0	866	140	0	0	0	402	128	0	382	0	366	0	116	0	0	0	1880	0	0	0	0	0	164	0	216	0	0	0	0	0	0	0	0	0	0	0	0	0	0	0	0	0	0	0	
226064	ParaHippocampal_R	906	2006	0	818	0	0	0	410	0	0	0	586	0	172	0	482	0	268	0	240	0	0	0	0	0	0	0	0	176	3230	0	0	0	0	4834	5992	3892	30738	524	0	0	5650	0	646	0	0	0	4344	0	0	0	0	0	466	104	21976	0	452	0	0	0	0	0	0	0	0	494	3614	0	120	0	0	0	6824	0	602	196	4922	146	0	0	116	0	2234	0	0	0	416	94	716	0	460	0	0	0	0	0	1598	0	1012	0	0	0	114	0	0	0	0	0	0	442	0	0	0	0	0	
39248	Amygdala_L	0	0	0	0	218	0	0	0	0	0	0	0	0	0	230	0	0	0	0	0	608	0	0	0	0	0	160	0	2800	0	0	0	0	0	0	0	7802	0	1622	0	0	0	0	0	0	0	0	0	0	0	0	0	0	0	3440	0	0	0	0	0	0	0	0	0	0	0	0	0	0	0	0	0	252	0	0	0	0	0	0	0	0	0	1050	0	0	0	0	0	1442	0	0	0	0	0	0	0	0	0	0	0	0	0	0	0	0	0	0	0	0	0	0	0	0	0	0	0	
49900	Amygdala_R	0	0	0	0	0	80	0	0	0	0	0	0	0	0	0	114	0	0	0	0	0	532	0	0	0	0	0	156	0	1000	0	0	0	0	0	0	0	7750	0	5650	0	0	0	0	0	0	0	0	0	0	0	0	0	0	0	5394	0	0	0	0	0	0	0	0	0	0	0	0	0	0	0	0	0	1408	0	0	0	0	0	0	0	0	0	2276	0	0	0	222	0	368	0	0	0	0	0	0	0	0	0	0	0	0	0	0	0	0	0	0	0	0	0	0	0	0	0	0	
258592	Calcarine_L	206	0	0	0	0	0	0	0	0	0	0	0	0	0	0	0	0	0	0	0	0	0	0	0	0	0	0	0	0	0	0	0	236	0	2898	0	1890	0	230	0	0	0	0	10252	10800	6256	11500	3342	14610	3060	28906	1250	2994	482	4334	586	268	0	798	0	120	0	0	0	276	0	14230	586	322	0	0	0	0	0	0	0	0	0	0	0	412	0	0	0	4534	0	0	0	3670	0	0	0	0	0	0	0	0	0	112	0	0	0	0	0	0	0	0	0	0	0	0	136	0	0	0	0	
427716	Calcarine_R	0	436	0	194	0	0	0	0	0	0	0	0	0	0	0	0	0	160	0	204	0	0	0	0	0	0	0	0	0	446	0	0	0	3132	84	4046	0	716	0	646	0	0	10252	0	2714	29628	3614	27282	0	26364	0	18020	88	6136	190	12694	0	5518	0	750	0	0	0	0	0	316	1820	30364	0	4724	0	0	0	0	0	0	0	0	0	120	0	464	0	0	0	5330	0	0	0	3732	1264	1270	560	160	0	0	0	0	978	3030	0	0	0	0	0	0	0	0	0	0	152	3832	2428	0	0	0	
139656	Cuneus_L	0	0	0	0	0	0	0	0	0	0	0	0	0	0	0	0	0	0	0	0	0	0	0	0	0	0	0	0	0	0	0	0	248	0	1724	0	170	0	0	0	0	0	10800	2714	0	4478	428	100	17106	1190	9810	278	214	0	998	0	136	0	3262	0	0	0	0	0	94	0	11904	1192	390	0	0	0	0	0	0	0	0	0	0	0	110	0	0	0	1430	0	0	0	1052	0	0	0	0	0	0	0	0	0	0	0	0	0	0	0	0	0	0	0	0	0	0	0	0	0	0	0	
275904	Cuneus_R	0	140	0	0	0	0	0	0	0	0	0	0	0	0	0	0	0	0	0	0	0	0	0	0	0	0	0	0	0	82	0	0	0	2820	0	674	0	0	0	0	0	0	6256	29628	4478	0	662	3672	94	34810	0	16216	0	346	0	738	0	2540	0	1798	0	0	0	0	0	698	4128	21022	0	2132	0	0	0	0	0	0	0	0	0	0	0	0	0	0	0	3260	0	0	0	778	168	0	0	0	0	0	0	0	100	254	0	0	0	0	0	0	0	0	0	0	0	266	192	0	0	0	
256752	Lingual_L	108	106	0	0	0	0	0	0	0	0	0	0	0	0	0	0	0	0	0	0	0	0	0	0	0	0	0	0	0	0	0	0	0	0	1166	0	2854	0	1916	0	0	0	11500	3614	428	662	0	5710	2436	404	13156	500	9912	546	17258	2350	124	0	0	0	0	0	0	0	0	0	3280	460	0	0	0	0	0	0	0	0	0	176	0	0	0	0	0	0	306	0	0	0	2092	0	7330	910	1000	0	254	0	9540	762	16380	2220	0	0	278	146	438	0	0	0	0	160	1996	4502	1162	114	120	0	
405548	Lingual_R	0	150	0	168	0	0	0	0	0	0	0	92	0	0	0	0	0	0	0	162	0	0	0	0	0	0	0	0	0	180	0	0	0	1638	208	3862	226	2758	0	4344	0	0	3342	27282	100	3672	5710	0	0	4460	168	3946	264	6294	840	24306	0	1828	0	0	0	0	0	0	0	0	496	13204	0	2038	0	0	0	212	0	0	0	170	0	0	0	0	0	0	0	316	0	0	0	642	2722	10792	1170	974	84	118	2430	9442	3874	18682	0	0	316	1334	0	1234	0	0	184	554	9692	16568	6694	1032	1032	768	
210064	Occipital_Sup_L	330	0	0	0	0	0	0	0	0	0	0	0	0	0	0	0	0	0	0	0	0	0	0	0	0	0	0	0	0	0	0	0	522	0	574	0	200	0	0	0	0	0	14610	0	17106	94	2436	0	0	0	35228	0	1130	0	1050	0	442	0	8934	0	2264	0	0	0	1142	0	13282	276	488	0	0	0	0	0	0	0	0	0	0	0	130	0	0	0	3504	0	0	0	1290	0	0	0	0	0	0	0	0	0	0	0	0	0	0	0	0	0	0	0	0	0	0	0	0	0	0	0	
387092	Occipital_Sup_R	0	600	0	0	0	0	0	0	0	0	0	0	0	0	0	0	0	184	0	0	0	0	0	0	0	0	0	0	0	174	0	0	0	6334	0	1468	0	102	0	0	0	0	3060	26364	1190	34810	404	4460	0	0	0	30002	0	908	0	1034	0	7774	0	7824	0	2544	0	516	0	7518	4132	29774	0	6686	0	0	0	0	0	0	0	0	0	0	0	2348	0	0	0	9184	0	0	0	3546	116	0	0	0	0	0	0	0	0	176	0	0	0	0	0	0	0	0	0	0	0	182	132	0	0	0	
491272	Occipital_Mid_L	5726	268	0	0	0	0	106	148	0	0	0	0	0	0	0	0	1266	0	0	0	0	0	0	0	0	0	0	0	1574	0	0	0	606	0	840	0	386	0	306	0	0	0	28906	0	9810	0	13156	168	35228	0	0	0	17886	0	4832	0	9578	0	16276	0	20856	0	3294	0	18870	0	20172	0	3270	0	0	112	0	0	0	0	122	82	144	0	1092	0	0	0	24670	0	0	0	4664	0	0	0	0	0	0	0	218	0	688	0	0	0	0	0	0	0	0	0	0	0	0	316	0	0	0	0	
263840	Occipital_Mid_R	0	192	0	0	0	0	0	0	0	0	0	0	0	0	0	0	0	0	0	0	0	0	0	0	0	0	0	0	0	0	0	0	0	1842	0	538	0	0	0	0	0	0	1250	18020	278	16216	500	3946	0	30002	0	0	0	4746	0	1180	0	2702	0	3474	0	2658	0	0	0	16630	1100	10148	0	1884	0	0	0	0	0	0	0	0	0	0	0	536	0	0	0	11848	0	0	0	1508	134	0	0	0	0	0	0	0	0	210	0	0	0	0	0	0	0	0	0	0	0	216	162	0	0	0	
110264	Occipital_Inf_L	584	0	0	0	0	0	0	0	0	0	0	0	0	0	0	0	206	0	0	0	0	0	0	0	0	0	0	0	240	0	0	0	0	0	0	0	0	0	202	0	0	0	2994	88	214	0	9912	264	1130	0	17886	0	0	0	9216	150	416	0	0	0	0	0	0	0	126	0	392	0	232	0	0	0	0	0	0	0	0	0	148	0	188	0	0	0	3408	0	0	0	3018	0	438	0	0	0	0	0	686	0	1854	184	0	0	0	0	0	0	0	0	0	0	80	716	160	0	0	0	
100360	Occipital_Inf_R	0	622	0	136	0	0	0	0	0	0	0	0	0	0	0	0	0	266	0	104	0	0	0	0	0	0	0	0	0	810	0	0	0	218	0	760	0	1470	0	466	0	0	482	6136	0	346	546	6294	0	908	0	4746	0	0	0	12908	0	1006	0	0	0	0	0	0	0	0	0	2162	0	508	0	0	0	0	0	0	0	0	0	178	0	0	0	0	0	1028	0	0	0	3816	374	110	230	0	0	0	0	0	310	1266	0	0	0	0	0	0	0	0	0	0	0	1258	716	0	0	0	
416068	Fusiform_L	1822	0	108	0	0	0	0	0	0	0	200	0	0	0	0	0	1678	0	232	0	0	0	0	0	0	0	0	0	4334	0	0	0	0	0	1998	212	14498	158	7150	104	3440	0	4334	190	998	0	17258	840	1050	0	4832	0	9216	0	0	426	1032	0	0	0	230	0	3174	0	0	0	3870	0	1606	0	0	0	1220	0	0	0	0	0	1932	0	6198	0	766	0	2586	0	572	0	30926	0	25214	106	2900	0	122	0	12744	222	32556	426	800	0	584	0	398	0	0	0	0	0	746	1564	462	0	0	0	
508656	Fusiform_R	744	2596	0	756	0	0	0	398	0	0	0	440	0	192	0	124	0	750	0	416	0	0	0	0	0	0	0	0	140	4906	0	0	0	518	2436	4854	1810	32128	162	21976	0	5394	586	12694	0	738	2350	24306	0	1034	0	1180	150	12908	426	0	0	2668	0	198	0	0	0	132	0	86	302	9592	0	1390	0	0	0	5682	0	578	92	2658	118	584	0	1838	0	6456	0	1374	0	1572	80	14422	1854	13932	1050	912	0	296	756	7646	2058	20650	0	238	0	1184	0	306	0	0	0	360	3798	7904	3554	470	262	164	
283432	Postcentral_L	33796	1638	1564	886	0	0	574	982	0	0	3824	242	0	0	0	0	8994	0	7042	1084	0	0	0	0	0	0	0	0	5314	0	0	0	652	0	2216	0	1946	0	84	0	0	0	268	0	136	0	124	0	442	0	9578	0	416	0	1032	0	0	96	5064	0	16524	0	9664	0	1550	0	3110	0	7814	0	0	188	1242	0	234	0	510	84	4176	0	4190	0	0	0	2782	0	0	0	1654	0	0	0	0	0	0	0	0	0	0	0	0	0	0	0	0	0	0	0	0	0	0	0	0	0	0	0	
350692	Postcentral_R	1288	26780	744	326	0	0	370	192	0	0	0	1758	0	0	0	0	0	2432	118	3600	0	0	0	0	0	0	0	0	0	6896	0	0	82	9722	224	3816	84	2958	0	452	0	0	0	5518	0	2540	0	1828	0	7774	0	2702	0	1006	0	2668	96	0	0	7882	0	7600	0	15340	0	976	318	18776	2164	23778	0	0	0	786	0	0	0	494	0	274	0	3398	0	0	0	3286	0	0	0	4300	0	0	0	0	0	0	0	0	0	0	0	0	0	0	0	0	0	0	0	0	0	0	0	0	0	0	
126088	Parietal_Sup_L	1108	0	0	0	0	0	80	0	0	0	0	0	0	0	0	0	0	0	0	0	0	0	0	0	0	0	0	0	0	0	0	0	0	0	0	0	0	0	0	0	0	0	798	0	3262	0	0	0	8934	0	16276	0	0	0	0	0	5064	0	0	0	12634	0	0	0	2012	0	11398	0	704	0	0	0	0	0	0	0	0	0	0	0	0	0	0	0	774	0	0	0	0	0	0	0	0	0	0	0	0	0	0	0	0	0	0	0	0	0	0	0	0	0	0	0	0	0	0	0	
116424	Parietal_Sup_R	96	876	0	0	0	0	0	0	0	0	0	0	0	0	0	0	0	244	0	0	0	0	0	0	0	0	0	0	0	106	0	0	0	1616	0	472	0	0	0	0	0	0	0	750	0	1798	0	0	0	7824	0	3474	0	0	0	198	0	7882	0	0	0	5570	0	846	0	7054	688	12680	110	4840	0	0	0	0	0	0	0	0	0	0	0	240	0	0	0	628	0	0	0	220	0	0	0	0	0	0	0	0	0	0	0	0	0	0	0	0	0	0	0	0	0	0	0	0	0	0	
195104	Parietal_Inf_L	4650	232	0	128	0	0	174	208	0	0	0	0	0	0	0	0	622	0	0	0	0	0	0	0	0	0	0	0	416	0	0	0	0	0	0	0	0	0	0	0	0	0	120	0	0	0	0	0	2264	0	20856	0	0	0	230	0	16524	0	12634	0	0	0	15978	0	15138	0	2100	0	1834	0	0	0	0	0	0	0	0	0	0	0	1062	0	0	0	1534	0	0	0	848	0	0	0	0	0	0	0	0	0	0	0	0	0	0	0	0	0	0	0	0	0	0	0	0	0	0	0	
80732	Parietal_Inf_R	86	2220	0	0	0	0	0	118	0	0	0	566	0	0	0	0	0	0	0	0	0	0	0	0	0	0	0	0	0	0	0	0	0	82	0	0	0	0	0	0	0	0	0	0	0	0	0	0	0	2544	0	2658	0	0	0	0	0	7600	0	5570	0	0	0	8592	0	9450	122	622	0	136	0	0	0	0	0	0	0	0	0	0	0	0	0	0	0	0	0	0	0	0	0	0	0	0	0	0	0	0	0	0	0	0	0	0	0	0	0	0	0	0	0	0	0	0	0	0	
124208	SupraMarginal_L	1414	212	0	152	0	0	0	222	0	0	0	0	0	0	0	0	2108	0	0	0	0	0	0	0	0	0	0	0	674	0	0	0	0	0	0	0	0	0	0	0	0	0	0	0	0	0	0	0	0	0	3294	0	0	0	3174	0	9664	0	0	0	15978	0	0	0	8710	0	124	0	0	0	0	0	0	0	0	0	0	0	0	0	6560	0	0	0	5282	0	0	0	4536	0	0	0	0	0	0	0	0	0	0	0	0	0	0	0	0	0	0	0	0	0	0	0	0	0	0	0	
81348	SupraMarginal_R	170	3702	0	0	0	0	0	124	0	0	0	596	0	0	0	0	0	2102	0	0	0	0	0	0	0	0	0	0	0	184	0	0	0	256	0	162	0	270	0	0	0	0	0	0	0	0	0	0	0	516	0	0	0	0	0	132	0	15340	0	846	0	8592	0	0	0	2962	0	1178	112	410	0	0	0	0	0	0	0	0	0	88	0	2632	0	0	0	166	0	0	0	134	0	0	0	0	0	0	0	0	0	0	0	0	0	0	0	0	0	0	0	0	0	0	0	0	0	0	
129600	Angular_L	912	0	0	0	0	0	0	0	0	0	0	0	0	0	0	0	532	0	0	0	0	0	0	0	0	0	0	0	176	0	0	0	0	0	0	0	0	0	0	0	0	0	276	0	94	0	0	0	1142	0	18870	0	126	0	0	0	1550	0	2012	0	15138	0	8710	0	0	0	410	0	400	0	0	0	0	0	0	0	0	0	0	0	4066	0	0	0	8796	0	0	0	1590	0	0	0	0	0	0	0	0	0	0	0	0	0	0	0	0	0	0	0	0	0	0	0	0	0	0	0	
101980	Angular_R	0	230	0	0	0	0	0	0	0	0	0	0	0	0	0	0	0	0	0	0	0	0	0	0	0	0	0	0	0	0	0	0	0	98	0	0	0	0	0	0	0	0	0	316	0	698	0	0	0	7518	0	16630	0	0	0	86	0	976	0	7054	0	9450	0	2962	0	0	172	1256	0	114	0	0	0	0	0	0	0	0	0	0	0	1230	0	0	0	2112	0	0	0	88	0	0	0	0	0	0	0	0	0	0	0	0	0	0	0	0	0	0	0	0	0	0	0	0	0	0	
306896	Precuneus_L	758	156	0	0	0	0	0	0	0	0	0	0	0	0	0	0	80	0	458	0	0	0	0	0	0	0	0	0	90	0	0	0	4366	662	10064	1258	4006	504	688	494	0	0	14230	1820	11904	4128	3280	496	13282	4132	20172	1100	392	0	3870	302	3110	318	11398	688	2100	122	124	0	410	172	0	14314	3412	300	0	82	0	0	0	0	0	266	0	0	496	536	0	0	5830	1624	0	0	4712	742	0	0	0	0	0	0	0	0	0	0	0	0	0	0	0	0	0	0	0	0	0	0	0	0	0	0	
490620	Precuneus_R	160	1698	0	188	0	0	82	0	0	0	0	0	0	0	0	0	0	546	0	354	0	0	0	0	0	0	0	0	0	656	0	0	318	12418	1358	12010	644	4312	0	3614	0	0	586	30364	1192	21022	460	13204	276	29774	0	10148	0	2162	0	9592	0	18776	0	12680	0	622	0	1178	0	1256	14314	0	370	15514	0	0	0	0	0	0	0	174	0	236	0	2846	0	0	0	10394	0	0	0	6238	406	0	216	0	0	0	0	0	248	704	0	0	0	0	0	0	0	0	0	0	866	652	482	0	0	0	
281792	Paracentral_Lobule_L	21760	7898	5012	1032	0	0	746	702	0	0	0	0	0	0	0	0	0	0	7670	22546	0	0	0	0	0	0	0	0	0	0	0	0	4724	10308	6526	1576	870	0	0	0	0	0	322	0	390	0	0	0	488	0	3270	0	232	0	1606	0	7814	2164	704	110	1834	0	0	112	400	0	3412	370	0	13652	1988	548	1042	0	1396	0	3370	506	0	0	178	0	0	0	1526	0	0	0	2092	0	0	0	0	0	0	0	0	0	0	0	0	0	0	0	0	0	0	0	0	0	0	0	0	0	0	0	
355412	Paracentral_Lobule_R	3666	15680	0	310	0	0	150	0	0	0	0	0	0	0	0	0	0	336	2086	29486	0	0	0	0	0	0	0	0	0	272	0	0	1314	17880	1052	7310	0	896	0	120	0	0	0	4724	0	2132	0	2038	0	6686	0	1884	0	508	0	1390	0	23778	0	4840	0	136	0	410	0	114	300	15514	13652	0	0	6592	0	0	0	0	86	8158	0	140	0	738	0	0	0	1494	0	0	0	1834	0	0	0	0	0	0	0	0	0	0	0	0	0	0	0	0	0	0	0	0	0	0	0	0	0	0	
264196	Caudate_L	1894	222	5342	7816	1034	0	2806	1250	0	0	752	1814	218	798	698	0	960	222	5696	7792	6240	6788	3920	330	0	0	3864	634	3660	1328	9760	6510	0	1706	0	0	968	0	0	0	0	0	0	0	0	0	0	0	0	0	0	0	0	0	0	0	0	0	0	0	0	0	0	0	0	0	0	0	1988	0	0	9060	19718	1382	2112	0	10646	1146	0	0	758	0	266	0	0	0	0	0	0	0	0	0	0	0	0	0	0	0	0	0	0	0	0	0	0	0	0	0	0	0	0	0	0	0	0	0	
298244	Caudate_R	428	6292	184	12954	102	2912	138	274	0	0	0	2516	0	1620	114	114	0	284	322	21034	2746	4606	80	3562	0	3502	1564	2210	100	2724	3434	22514	0	906	0	0	0	0	0	0	0	0	0	0	0	0	0	0	0	0	112	0	0	0	0	0	188	0	0	0	0	0	0	0	0	0	82	0	548	6592	9060	0	3880	13638	0	1780	430	15576	0	0	0	0	0	0	0	0	0	0	0	0	0	0	0	0	0	0	0	0	0	0	0	0	0	0	0	0	0	0	0	0	0	0	0	0	0	0	
380020	Putamen_L	8028	320	21958	3808	5582	0	5786	670	1528	0	1810	570	302	246	4512	0	760	0	18662	4900	2166	2894	9356	280	442	0	1602	262	21974	436	15516	3432	0	428	0	0	6368	0	866	0	252	0	0	0	0	0	0	0	0	0	0	0	0	0	1220	0	1242	0	0	0	0	0	0	0	0	0	0	0	1042	0	19718	3880	0	460	7416	0	5540	364	0	0	1074	0	1842	0	0	0	0	0	496	0	0	0	0	0	0	0	0	0	0	0	0	0	0	0	0	0	0	0	0	0	0	0	0	0	0	0	
298260	Putamen_R	0	2132	94	11820	0	4908	0	3398	0	170	0	6566	0	2690	0	2696	0	4198	380	9156	536	802	86	6796	0	2992	454	1724	0	19132	1158	11020	0	332	406	408	208	13906	140	6824	0	1408	0	0	0	0	0	212	0	0	0	0	0	0	0	5682	0	786	0	0	0	0	0	0	0	0	0	0	0	0	1382	13638	460	0	0	2414	0	5722	0	84	0	400	0	886	0	0	0	162	0	396	0	126	0	0	0	0	0	0	0	240	0	0	0	0	0	0	0	0	0	0	0	0	0	0	0	0	
50384	Pallidum_L	2740	280	3668	360	0	0	1368	300	0	0	158	0	0	0	0	0	134	0	1686	438	0	0	172	0	0	0	0	0	0	0	314	0	0	0	0	0	308	0	0	0	0	0	0	0	0	0	0	0	0	0	0	0	0	0	0	0	234	0	0	0	0	0	0	0	0	0	0	0	1396	0	2112	0	7416	0	0	0	2108	0	0	0	0	0	0	0	0	0	0	0	0	0	0	0	0	0	0	0	0	0	0	0	0	0	0	0	0	0	0	0	0	0	0	0	0	0	0	0	
24768	Pallidum_R	0	148	0	2030	0	0	0	140	0	0	0	240	0	0	0	0	0	682	0	2458	0	0	0	0	0	0	0	0	0	244	0	0	0	0	0	0	0	902	0	602	0	0	0	0	0	0	0	0	0	0	0	0	0	0	0	578	0	0	0	0	0	0	0	0	0	0	0	0	0	0	0	1780	0	2414	0	0	0	86	0	80	0	0	0	0	0	0	0	0	0	0	0	0	0	0	0	0	0	0	0	0	0	0	0	0	0	0	0	0	0	0	0	0	0	0	0	0	
112328	Thalamus_L	9750	254	1582	0	0	0	3010	0	0	0	328	0	0	0	0	0	286	760	0	150	0	0	1532	0	0	0	0	0	1512	0	2562	0	0	0	406	442	3830	262	0	196	0	0	0	0	0	0	0	0	0	0	122	0	0	0	0	92	510	0	0	0	0	0	0	0	0	0	0	0	3370	86	10646	430	5540	0	2108	0	0	5642	562	0	194	0	0	0	0	0	0	0	0	0	0	0	0	0	0	0	0	0	0	0	0	0	0	0	0	0	0	0	0	0	0	0	0	0	0	0	
226844	Thalamus_R	1232	18756	0	6398	0	0	0	884	0	0	0	1620	0	774	0	0	80	1972	0	10178	0	0	0	0	0	0	0	0	210	4296	312	1068	0	0	4078	4142	2610	7046	402	4922	0	0	0	0	0	0	176	170	0	0	82	0	0	0	0	2658	84	494	0	0	0	0	0	0	0	0	266	174	506	8158	1146	15576	364	5722	0	86	5642	0	98	0	84	190	0	0	0	0	0	0	0	270	0	0	0	0	116	0	128	0	0	0	0	0	0	0	0	0	0	0	0	252	0	0	0	0	0	0	
79340	Heschl_L	6278	0	260	0	0	0	438	0	0	0	394	0	0	0	0	0	5234	0	1764	0	0	0	0	0	0	0	0	0	6410	0	0	0	0	0	154	150	3650	154	128	146	0	0	0	0	0	0	0	0	0	0	144	0	148	0	1932	118	4176	0	0	0	0	0	0	0	0	0	0	0	0	0	0	0	0	0	0	0	562	98	0	0	3394	0	0	0	1410	0	0	0	2528	0	0	0	0	0	0	0	0	0	0	0	0	0	0	0	0	0	0	0	0	0	0	0	0	0	0	0	
22856	Heschl_R	0	120	0	0	0	0	0	0	0	0	0	0	0	0	0	0	0	2122	0	0	0	0	0	0	0	0	0	0	0	2304	0	0	0	0	0	0	0	392	0	0	0	0	0	120	0	0	0	0	0	0	0	0	0	178	0	584	0	274	0	0	0	0	0	88	0	0	0	236	0	140	0	0	0	84	0	80	0	0	0	0	0	3126	0	0	0	508	0	0	0	1072	0	0	0	0	0	0	0	0	0	0	0	0	0	0	0	0	0	0	0	0	0	0	0	0	0	0	
228424	Temporal_Sup_L	4830	0	2548	800	0	0	730	0	0	0	4268	0	0	0	0	0	13322	0	3764	1078	0	0	0	0	0	0	0	0	9844	0	136	0	0	130	0	0	1710	0	382	0	0	0	412	0	110	0	0	0	130	0	1092	0	188	0	6198	0	4190	0	0	0	1062	0	6560	0	4066	0	496	0	178	0	758	0	1074	0	0	0	194	84	3394	0	0	0	3030	0	20542	0	0	0	16912	0	0	0	0	0	0	0	0	0	0	0	0	0	0	0	0	0	0	0	0	0	0	0	0	0	0	0	
132612	Temporal_Sup_R	0	2736	0	3196	0	0	0	1846	0	0	0	706	0	0	0	0	0	7916	0	2504	0	0	0	0	0	0	0	0	0	8924	0	0	0	226	0	94	0	534	0	116	0	0	0	464	0	0	0	0	0	2348	0	536	0	0	0	1838	0	3398	0	240	0	0	0	2632	0	1230	536	2846	0	738	0	0	0	400	0	0	0	190	0	3126	0	0	0	1018	0	9548	0	0	0	6420	0	0	0	0	0	0	0	0	0	0	0	0	0	0	0	0	0	0	0	0	0	0	0	0	0	0	
74924	Temporal_Pole_Sup_L	0	0	2974	292	284	0	764	0	0	0	3534	0	0	0	1036	0	2684	0	992	294	130	0	86	0	0	0	0	0	7224	0	0	0	0	246	0	0	1396	0	366	0	1050	0	0	0	0	0	0	0	0	0	0	0	0	0	766	0	0	0	0	0	0	0	0	0	0	0	0	0	0	0	266	0	1842	0	0	0	0	0	0	0	3030	0	0	0	3458	0	1822	0	2926	0	0	0	0	0	0	0	0	0	0	0	0	0	0	0	0	0	0	0	0	0	0	0	0	0	0	0	
49960	Temporal_Pole_Sup_R	0	0	0	1146	0	0	0	196	0	0	0	812	0	0	0	0	0	1386	0	1060	0	0	0	0	0	0	0	0	0	554	0	0	0	0	0	0	0	1598	0	2234	0	2276	0	0	0	0	0	0	0	0	0	0	0	0	0	6456	0	0	0	0	0	0	0	0	0	0	0	0	0	0	0	0	0	886	0	0	0	0	0	0	0	1018	0	0	0	794	0	1286	0	3278	0	0	0	0	0	0	0	0	0	0	0	0	0	0	0	0	0	0	0	0	0	0	0	0	0	0	
270152	Temporal_Mid_L	3772	0	0	0	0	0	0	0	0	0	0	0	0	0	0	0	3084	0	0	0	0	0	0	0	0	0	0	0	3228	0	0	0	114	0	446	0	306	0	116	0	0	0	4534	0	1430	0	306	0	3504	0	24670	0	3408	0	2586	0	2782	0	774	0	1534	0	5282	0	8796	0	5830	0	1526	0	0	0	0	0	0	0	0	0	1410	0	20542	0	3458	0	0	0	1984	0	29654	0	0	0	0	0	0	0	0	0	0	0	0	0	0	0	0	0	0	0	0	0	0	0	0	0	0	0	
173592	Temporal_Mid_R	0	2082	0	0	0	0	0	0	0	0	0	0	0	0	0	0	0	170	0	0	0	0	0	0	0	0	0	0	0	2284	0	0	0	294	0	118	0	116	0	0	0	0	0	5330	0	3260	0	316	0	9184	0	11848	0	1028	0	1374	0	3286	0	628	0	0	0	166	0	2112	1624	10394	0	1494	0	0	0	0	0	0	0	0	0	508	0	9548	0	794	0	0	0	0	0	18838	0	0	0	0	0	0	0	0	0	0	0	0	0	0	0	0	0	0	0	0	0	0	0	0	0	0	
13424	Temporal_Pole_Mid_L	0	0	0	0	0	0	0	0	0	0	0	0	0	0	0	0	0	0	0	0	0	0	0	0	0	0	0	0	0	0	0	0	0	0	0	0	0	0	0	0	0	0	0	0	0	0	0	0	0	0	0	0	0	0	572	0	0	0	0	0	0	0	0	0	0	0	0	0	0	0	0	0	0	0	0	0	0	0	0	0	0	0	1822	0	1984	0	0	0	2334	0	0	0	0	0	0	0	0	0	0	0	0	0	0	0	0	0	0	0	0	0	0	0	0	0	0	0	
8688	Temporal_Pole_Mid_R	0	0	0	0	0	0	0	0	0	0	0	0	0	0	0	0	0	0	0	0	0	0	0	0	0	0	0	0	0	0	0	0	0	0	0	0	0	210	0	416	0	222	0	0	0	0	0	0	0	0	0	0	0	0	0	1572	0	0	0	0	0	0	0	0	0	0	0	0	0	0	0	0	0	162	0	0	0	0	0	0	0	0	0	1286	0	0	0	0	0	476	0	0	0	0	0	0	0	0	0	0	0	0	0	0	0	0	0	0	0	0	0	0	0	0	0	0	
310516	Temporal_Inf_L	3310	0	0	0	0	0	0	0	0	0	230	0	0	0	0	0	2650	0	126	0	0	0	0	0	0	0	0	0	5126	0	0	0	0	0	2068	176	10740	136	1880	94	1442	0	3670	0	1052	0	2092	0	1290	0	4664	0	3018	0	30926	80	1654	0	0	0	848	0	4536	0	1590	0	4712	0	2092	0	0	0	496	0	0	0	0	0	2528	0	16912	0	2926	0	29654	0	2334	0	0	0	5106	0	1310	0	160	0	728	0	2388	0	420	0	94	0	0	0	0	0	0	0	0	0	0	0	0	0	
176792	Temporal_Inf_R	0	3344	0	0	0	0	0	0	0	0	0	0	0	0	0	0	0	478	0	0	0	0	0	0	0	0	0	0	0	4530	0	0	0	508	0	512	0	3042	0	716	0	368	0	3732	0	778	0	642	0	3546	0	1508	0	3816	0	14422	0	4300	0	220	0	0	0	134	0	88	742	6238	0	1834	0	0	0	396	0	0	0	270	0	1072	0	6420	0	3278	0	18838	0	476	0	0	0	1248	0	280	0	0	0	0	0	136	0	126	0	358	0	0	0	0	0	0	0	0	0	0	0	0	
456564	Cerebelum_Crus1_L	0	0	0	0	0	0	0	0	0	0	0	0	0	0	0	0	0	0	0	0	0	0	0	0	0	0	0	0	0	0	0	0	0	0	0	0	452	0	0	0	0	0	0	1264	0	168	7330	2722	0	116	0	134	438	374	25214	1854	0	0	0	0	0	0	0	0	0	0	0	406	0	0	0	0	0	0	0	0	0	0	0	0	0	0	0	0	0	0	0	0	5106	0	0	3648	33456	4612	2022	0	20952	456	56080	4374	13936	1194	14380	2786	2850	320	398	0	350	578	2504	7098	9696	722	292	0	
504288	Cerebelum_Crus1_R	0	0	0	0	0	0	0	0	0	0	0	0	0	0	0	0	0	0	0	0	0	0	0	0	0	0	0	0	0	0	0	0	0	0	0	0	0	268	0	460	0	0	0	1270	0	0	910	10792	0	0	0	0	0	110	106	13932	0	0	0	0	0	0	0	0	0	0	0	0	0	0	0	0	0	126	0	0	0	0	0	0	0	0	0	0	0	0	0	0	0	1248	3648	0	2238	32594	0	4650	1718	29330	1658	58930	1400	8688	2086	33320	130	4302	0	418	226	3710	13498	9046	9766	882	580	104	
374704	Cerebelum_Crus2_L	0	0	0	0	0	0	0	0	0	0	0	0	0	0	0	0	0	0	0	0	0	0	0	0	0	0	0	0	0	0	0	0	0	0	0	0	0	0	0	0	0	0	0	560	0	0	1000	1170	0	0	0	0	0	230	2900	1050	0	0	0	0	0	0	0	0	0	0	0	216	0	0	0	0	0	0	0	0	0	0	0	0	0	0	0	0	0	0	0	0	1310	0	33456	2238	0	13750	678	0	2858	0	8182	2274	39048	7078	32160	8058	3010	990	964	0	0	0	270	1888	16478	4938	598	0	
363616	Cerebelum_Crus2_R	0	0	0	0	0	0	0	0	0	0	0	0	0	0	0	0	0	0	0	0	0	0	0	0	0	0	0	0	0	0	0	0	0	0	0	0	0	0	0	0	0	0	0	160	0	0	0	974	0	0	0	0	0	0	0	912	0	0	0	0	0	0	0	0	0	0	0	0	0	0	0	0	0	0	0	0	0	0	0	0	0	0	0	0	0	0	0	0	0	280	4612	32594	13750	0	0	672	302	3314	304	8916	9158	22358	6614	44160	168	6340	0	166	134	712	1586	1384	17418	3666	1154	0	
49848	Cerebelum_3_L	0	0	0	0	0	0	0	0	0	0	0	0	0	0	0	0	0	0	0	0	0	0	0	0	0	0	0	0	0	0	0	0	0	0	0	0	0	0	164	0	0	0	0	0	0	0	254	84	0	0	0	0	0	0	122	0	0	0	0	0	0	0	0	0	0	0	0	0	0	0	0	0	0	0	0	0	0	116	0	0	0	0	0	0	0	0	0	0	160	0	2022	0	678	0	0	0	6906	0	2796	122	628	0	976	120	2930	222	156	0	912	3062	976	634	100	170	348	266	
95644	Cerebelum_3_R	0	0	0	0	0	0	0	0	0	0	0	0	0	0	0	0	0	0	0	0	0	0	0	0	0	0	0	0	0	0	0	0	0	0	0	0	0	0	0	0	0	0	0	0	0	0	0	118	0	0	0	0	0	0	0	296	0	0	0	0	0	0	0	0	0	0	0	0	0	0	0	0	0	0	0	0	0	0	0	0	0	0	0	0	0	0	0	0	0	0	0	4650	0	672	0	0	490	8160	136	8924	0	494	0	3558	0	2472	0	134	1416	8094	2646	1218	1132	1438	1774	0	
284744	Cerebelum_4_5_L	0	0	0	0	0	0	0	0	0	0	0	0	0	0	0	0	0	0	0	0	0	0	0	0	0	0	0	0	0	0	0	0	0	0	0	0	154	92	216	0	0	0	0	0	0	0	9540	2430	0	0	218	0	686	0	12744	756	0	0	0	0	0	0	0	0	0	0	0	0	0	0	0	0	0	0	0	0	0	128	0	0	0	0	0	0	0	0	0	0	728	0	20952	1718	2858	302	6906	490	0	2732	34974	3092	2272	228	3572	1508	6494	1144	402	0	1648	3806	11240	4162	370	690	1414	1706	
288076	Cerebelum_4_5_R	0	0	0	0	0	0	0	0	0	0	0	0	0	0	0	0	0	0	0	0	0	0	0	0	0	0	0	0	0	0	0	0	0	0	0	0	0	266	0	1598	0	0	0	0	0	0	762	9442	0	0	0	0	0	0	222	7646	0	0	0	0	0	0	0	0	0	0	0	0	0	0	0	0	0	0	0	0	0	0	0	0	0	0	0	0	0	0	0	0	0	0	456	29330	0	3314	0	8160	2732	0	1318	38718	0	1074	226	7116	0	1338	0	0	134	5280	18512	3518	972	828	772	304	
421428	Cerebelum_6_L	0	0	0	0	0	0	0	0	0	0	0	0	0	0	0	0	0	0	0	0	0	0	0	0	0	0	0	0	0	0	0	0	0	0	0	0	424	0	0	0	0	0	112	978	0	100	16380	3874	0	0	688	0	1854	310	32556	2058	0	0	0	0	0	0	0	0	0	0	0	248	0	0	0	0	0	0	0	0	0	0	0	0	0	0	0	0	0	0	0	0	2388	0	56080	1658	8182	304	2796	136	34974	1318	0	3666	4252	146	5050	1024	3864	624	176	0	1094	2078	6408	10422	2552	704	722	514	
539708	Cerebelum_6_R	0	0	0	0	0	0	0	0	0	0	0	0	0	0	0	0	0	0	0	0	0	0	0	0	0	0	0	0	0	0	0	0	0	0	0	0	0	444	0	1012	0	0	0	3030	0	254	2220	18682	0	176	0	210	184	1266	426	20650	0	0	0	0	0	0	0	0	0	0	0	704	0	0	0	0	0	240	0	0	0	0	0	0	0	0	0	0	0	0	0	0	0	136	4374	58930	2274	8916	122	8924	3092	38718	3666	0	918	2388	1582	17548	166	4340	0	244	736	6558	19384	17778	12062	3624	3650	226	
317844	Cerebelum_7b_L	0	0	0	0	0	0	0	0	0	0	0	0	0	0	0	0	0	0	0	0	0	0	0	0	0	0	0	0	0	0	0	0	0	0	0	0	0	0	0	0	0	0	0	0	0	0	0	0	0	0	0	0	0	0	800	0	0	0	0	0	0	0	0	0	0	0	0	0	0	0	0	0	0	0	0	0	0	0	0	0	0	0	0	0	0	0	0	0	420	0	13936	1400	39048	9158	628	0	2272	0	4252	918	0	4660	41214	9580	5930	1770	1724	0	0	0	146	532	10468	8650	1416	0	
171860	Cerebelum_7b_R	0	0	0	0	0	0	0	0	0	0	0	0	0	0	0	0	0	0	0	0	0	0	0	0	0	0	0	0	0	0	0	0	0	0	0	0	0	0	0	0	0	0	0	0	0	0	0	0	0	0	0	0	0	0	0	238	0	0	0	0	0	0	0	0	0	0	0	0	0	0	0	0	0	0	0	0	0	0	0	0	0	0	0	0	0	0	0	0	0	126	1194	8688	7078	22358	0	494	228	1074	146	2388	4660	0	2586	22406	0	1788	0	0	0	388	632	82	6542	2632	202	0	
337184	Cerebelum_8_L	0	0	0	0	0	0	0	0	0	0	0	0	0	0	0	0	0	0	0	0	0	0	0	0	0	0	0	0	0	0	0	0	0	0	0	0	0	0	0	0	0	0	0	0	0	0	278	316	0	0	0	0	0	0	584	0	0	0	0	0	0	0	0	0	0	0	0	0	0	0	0	0	0	0	0	0	0	0	0	0	0	0	0	0	0	0	0	0	94	0	14380	2086	32160	6614	976	0	3572	226	5050	1582	41214	2586	0	9962	16672	3090	3132	0	0	98	660	1802	8700	10080	2678	0	
466768	Cerebelum_8_R	0	0	0	0	0	0	0	0	0	0	0	0	0	0	0	0	0	0	0	0	0	0	0	0	0	0	0	0	0	0	0	0	0	0	0	0	0	120	0	114	0	0	0	0	0	0	146	1334	0	0	0	0	0	0	0	1184	0	0	0	0	0	0	0	0	0	0	0	0	0	0	0	0	0	0	0	0	0	0	0	0	0	0	0	0	0	0	0	0	0	358	2786	33320	8058	44160	120	3558	1508	7116	1024	17548	9580	22406	9962	0	406	21928	0	796	770	3662	4908	3904	13420	12588	6420	180	
112064	Cerebelum_9_L	0	0	0	0	0	0	0	0	0	0	0	0	0	0	0	0	0	0	0	0	0	0	0	0	0	0	0	0	0	0	0	0	0	0	0	0	0	0	0	0	0	0	0	0	0	0	438	0	0	0	0	0	0	0	398	0	0	0	0	0	0	0	0	0	0	0	0	0	0	0	0	0	0	0	0	0	0	0	0	0	0	0	0	0	0	0	0	0	0	0	2850	130	3010	168	2930	0	6494	0	3864	166	5930	0	16672	406	0	1772	4040	0	0	214	1628	1716	362	712	1332	800	
174744	Cerebelum_9_R	0	0	0	0	0	0	0	0	0	0	0	0	0	0	0	0	0	0	0	0	0	0	0	0	0	0	0	0	0	0	0	0	0	0	0	0	0	0	0	0	0	0	0	0	0	0	0	1234	0	0	0	0	0	0	0	306	0	0	0	0	0	0	0	0	0	0	0	0	0	0	0	0	0	0	0	0	0	0	0	0	0	0	0	0	0	0	0	0	0	0	320	4302	990	6340	222	2472	1144	1338	624	4340	1770	1788	3090	21928	1772	0	0	1292	1488	2958	3090	4284	4194	6382	7872	1832	
22260	Cerebelum_10_L	0	0	0	0	0	0	0	0	0	0	0	0	0	0	0	0	0	0	0	0	0	0	0	0	0	0	0	0	0	0	0	0	0	0	0	0	0	0	0	0	0	0	0	0	0	0	0	0	0	0	0	0	0	0	0	0	0	0	0	0	0	0	0	0	0	0	0	0	0	0	0	0	0	0	0	0	0	0	0	0	0	0	0	0	0	0	0	0	0	0	398	0	964	0	156	0	402	0	176	0	1724	0	3132	0	4040	0	0	0	0	0	0	138	0	0	0	0	
8388	Cerebelum_10_R	0	0	0	0	0	0	0	0	0	0	0	0	0	0	0	0	0	0	0	0	0	0	0	0	0	0	0	0	0	0	0	0	0	0	0	0	0	0	0	0	0	0	0	0	0	0	0	0	0	0	0	0	0	0	0	0	0	0	0	0	0	0	0	0	0	0	0	0	0	0	0	0	0	0	0	0	0	0	0	0	0	0	0	0	0	0	0	0	0	0	0	418	0	166	0	134	0	0	0	244	0	0	0	796	0	1292	0	0	0	144	108	200	152	262	278	0	
38892	Vermis_1_2	0	0	0	0	0	0	0	0	0	0	0	0	0	0	0	0	0	0	0	0	0	0	0	0	0	0	0	0	0	0	0	0	0	0	0	0	0	0	0	0	0	0	0	0	0	0	0	184	0	0	0	0	0	0	0	0	0	0	0	0	0	0	0	0	0	0	0	0	0	0	0	0	0	0	0	0	0	0	0	0	0	0	0	0	0	0	0	0	0	0	350	226	0	134	912	1416	1648	134	1094	736	0	0	0	770	0	1488	0	0	0	5134	1966	828	596	640	900	290	
122892	Vermis_3	0	162	0	122	0	0	0	0	0	0	0	0	0	0	0	0	0	0	0	0	0	0	0	0	0	0	0	0	0	0	0	0	0	0	0	0	0	0	0	0	0	0	0	0	0	0	160	554	0	0	0	0	0	0	0	360	0	0	0	0	0	0	0	0	0	0	0	0	0	0	0	0	0	0	0	0	0	252	0	0	0	0	0	0	0	0	0	0	0	0	578	3710	0	712	3062	8094	3806	5280	2078	6558	0	388	98	3662	214	2958	0	144	5134	0	5492	2044	1336	1816	2308	364	
267252	Vermis_4_5	0	0	0	0	0	0	0	0	0	0	0	0	0	0	0	0	0	0	0	0	0	0	0	0	0	0	0	0	0	0	0	0	0	0	0	550	0	496	0	442	0	0	0	152	0	0	1996	9692	0	0	0	0	80	0	746	3798	0	0	0	0	0	0	0	0	0	0	0	866	0	0	0	0	0	0	0	0	0	0	0	0	0	0	0	0	0	0	0	0	0	0	2504	13498	270	1586	976	2646	11240	18512	6408	19384	146	632	660	4908	1628	3090	0	108	1966	5492	0	9980	1556	1746	2924	2948	
285700	Vermis_6	0	0	0	0	0	0	0	0	0	0	0	0	0	0	0	0	0	0	0	0	0	0	0	0	0	0	0	0	0	0	0	0	0	0	0	0	0	0	0	0	0	0	136	3832	0	266	4502	16568	0	182	316	216	716	1258	1564	7904	0	0	0	0	0	0	0	0	0	0	0	652	0	0	0	0	0	0	0	0	0	0	0	0	0	0	0	0	0	0	0	0	0	0	7098	9046	1888	1384	634	1218	4162	3518	10422	17778	532	82	1802	3904	1716	4284	138	200	828	2044	9980	0	10728	3790	4502	3060	
