data	data	527392	263328	864124	819780	150648	111168	478120	204712	81060	30960	342404	194084	344028	228748	156836	93264	315144	120636	533920	744112	97276	118220	333472	295608	26800	144440	88388	79804	632104	401448	404216	655012	115048	368204	92592	120492	159572	265592	43592	160248	23408	67884	181576	288200	177508	289324	162436	189440	209456	256244	480948	221564	152224	89516	174288	353424	299148	268764	167660	74208	222132	132348	103908	130860	115272	87564	233408	293076	252956	178140	301476	449396	312700	393260	65108	27124	129468	138968	87936	15688	211716	124256	70336	58256	228020	224728	21456	20596	217628	164740	302428	271252	148812	212308	10100	28208	163800	137240	268500	309908	89628	87980	83840	152440	23084	44420	2468	2392	9116	25864	145492	149504	161700	60840	40132	10808	
data	data	Precentral_L	Precentral_R	Frontal_Sup_L	Frontal_Sup_R	Frontal_Sup_Orb_L	Frontal_Sup_Orb_R	Frontal_Mid_L	Frontal_Mid_R	Frontal_Mid_Orb_L	Frontal_Mid_Orb_R	Frontal_Inf_Oper_L	Frontal_Inf_Oper_R	Frontal_Inf_Tri_L	Frontal_Inf_Tri_R	Frontal_Inf_Orb_L	Frontal_Inf_Orb_R	Rolandic_Oper_L	Rolandic_Oper_R	Supp_Motor_Area_L	Supp_Motor_Area_R	Olfactory_L	Olfactory_R	Frontal_Sup_Medial_L	Frontal_Sup_Medial_R	Frontal_Med_Orb_L	Frontal_Med_Orb_R	Rectus_L	Rectus_R	Insula_L	Insula_R	Cingulum_Ant_L	Cingulum_Ant_R	Cingulum_Mid_L	Cingulum_Mid_R	Cingulum_Post_L	Cingulum_Post_R	Hippocampus_L	Hippocampus_R	ParaHippocampal_L	ParaHippocampal_R	Amygdala_L	Amygdala_R	Calcarine_L	Calcarine_R	Cuneus_L	Cuneus_R	Lingual_L	Lingual_R	Occipital_Sup_L	Occipital_Sup_R	Occipital_Mid_L	Occipital_Mid_R	Occipital_Inf_L	Occipital_Inf_R	Fusiform_L	Fusiform_R	Postcentral_L	Postcentral_R	Parietal_Sup_L	Parietal_Sup_R	Parietal_Inf_L	Parietal_Inf_R	SupraMarginal_L	SupraMarginal_R	Angular_L	Angular_R	Precuneus_L	Precuneus_R	Paracentral_Lobule_L	Paracentral_Lobule_R	Caudate_L	Caudate_R	Putamen_L	Putamen_R	Pallidum_L	Pallidum_R	Thalamus_L	Thalamus_R	Heschl_L	Heschl_R	Temporal_Sup_L	Temporal_Sup_R	Temporal_Pole_Sup_L	Temporal_Pole_Sup_R	Temporal_Mid_L	Temporal_Mid_R	Temporal_Pole_Mid_L	Temporal_Pole_Mid_R	Temporal_Inf_L	Temporal_Inf_R	Cerebelum_Crus1_L	Cerebelum_Crus1_R	Cerebelum_Crus2_L	Cerebelum_Crus2_R	Cerebelum_3_L	Cerebelum_3_R	Cerebelum_4_5_L	Cerebelum_4_5_R	Cerebelum_6_L	Cerebelum_6_R	Cerebelum_7b_L	Cerebelum_7b_R	Cerebelum_8_L	Cerebelum_8_R	Cerebelum_9_L	Cerebelum_9_R	Cerebelum_10_L	Cerebelum_10_R	Vermis_1_2	Vermis_3	Vermis_4_5	Vermis_6	Vermis_7	Vermis_8	Vermis_9	Vermis_10	
527392	Precentral_L	0	5142	18402	4428	1350	0	14836	0	150	0	16400	0	2232	0	314	0	12704	0	4196	12766	208	0	438	112	0	0	224	0	13760	98	2992	724	628	5670	1562	1606	4350	252	154	0	472	0	116	0	0	0	0	0	0	0	1588	0	0	0	0	0	28502	788	1338	0	8932	0	2142	0	1472	0	120	188	29282	6730	7072	1834	11770	314	5340	234	26176	428	1094	0	1508	0	142	0	252	0	0	0	164	0	0	0	0	0	0	0	0	0	0	0	0	0	0	0	0	0	0	0	0	0	0	0	0	0	0	0	
263328	Precentral_R	5142	0	332	19026	0	0	406	5728	0	0	0	3676	0	0	0	0	328	1344	168	7996	94	0	0	0	0	0	0	0	84	1746	0	0	0	326	224	850	226	2608	0	0	0	0	0	0	0	330	0	0	0	458	0	268	0	0	0	208	3116	21508	0	0	190	3550	296	4268	0	0	0	932	1178	4154	1306	13390	164	1902	110	706	936	21686	0	0	0	0	0	0	0	238	0	0	0	466	0	0	0	0	0	0	0	0	0	0	0	0	0	0	0	0	0	0	0	0	0	0	0	0	0	0	
864124	Frontal_Sup_L	18402	332	0	12456	10796	152	72660	1346	3446	0	20582	896	24054	106	4136	0	12896	0	57004	13322	116	0	41498	4512	786	330	2166	0	37636	380	24860	8492	2800	2172	0	0	774	0	0	0	0	0	0	0	0	0	0	0	0	0	0	0	0	0	0	0	1810	194	0	0	416	0	0	0	0	0	0	0	8126	1170	9498	3168	15926	518	5586	0	522	96	106	0	4574	0	1038	0	94	0	0	0	112	0	0	0	0	0	0	0	0	0	0	0	0	0	0	0	0	0	0	0	0	0	0	0	0	0	0	0	
819780	Frontal_Sup_R	4428	19026	12456	0	104	5022	1342	28462	0	0	1308	12570	1208	15736	0	2350	450	7122	23246	82176	0	182	13486	34642	0	6352	0	426	1382	16718	8494	42218	1836	19950	0	0	0	366	0	134	0	0	0	0	0	0	0	0	0	0	0	0	0	0	0	96	2216	2332	0	0	130	0	206	0	0	0	0	0	994	166	3676	21576	524	9304	98	400	156	4672	0	0	152	0	0	0	0	0	0	0	0	0	0	0	0	0	0	0	0	0	0	0	0	0	0	0	0	0	0	0	0	0	0	0	0	0	0	0	
150648	Frontal_Sup_Orb_L	1350	0	10796	104	0	0	592	0	11796	0	146	0	1218	0	9118	0	0	0	0	0	1794	210	2910	758	2514	502	8612	0	5986	0	6102	1008	0	0	0	0	158	0	0	0	0	0	0	0	0	0	0	0	0	0	0	0	0	0	0	0	0	0	0	0	0	0	0	0	0	0	0	0	1326	0	792	112	7420	0	0	0	0	0	0	0	0	0	0	0	0	0	0	0	0	0	0	0	0	0	0	0	0	0	0	0	0	0	0	0	0	0	0	0	0	0	0	0	0	0	0	0	
111168	Frontal_Sup_Orb_R	0	0	152	5022	0	0	0	246	0	3868	0	0	0	1878	0	3908	0	0	88	106	0	1172	294	4066	156	12482	0	8304	0	3590	786	5714	0	0	0	0	0	0	0	0	0	0	0	0	0	0	0	0	0	0	0	0	0	0	0	0	0	0	0	0	0	0	0	0	0	0	0	0	0	0	0	1398	0	2354	0	0	0	0	0	0	0	0	0	0	0	0	0	0	0	0	0	0	0	0	0	0	0	0	0	0	0	0	0	0	0	0	0	0	0	0	0	0	0	0	0	0	
478120	Frontal_Mid_L	14836	406	72660	1342	592	0	0	0	2040	0	19992	0	37408	0	3544	0	8744	0	11482	844	0	0	13344	244	0	0	0	0	26998	0	4848	1028	956	386	98	98	1244	0	0	0	0	0	0	0	0	0	0	0	0	0	96	0	0	0	0	0	1188	0	160	0	2228	0	180	0	0	0	0	0	834	102	1508	650	2440	84	1230	0	530	0	260	0	3702	0	734	0	0	0	0	0	0	0	0	0	0	0	0	0	0	0	0	0	0	0	0	0	0	0	0	0	0	0	0	0	0	0	0	0	
204712	Frontal_Mid_R	0	5728	1346	28462	0	246	0	0	0	2304	0	9942	0	22202	0	4016	0	518	874	6418	0	0	576	4158	0	0	0	0	0	4128	300	2176	0	1706	0	0	0	350	0	172	0	0	0	0	0	0	0	0	0	0	0	0	0	0	0	110	0	1476	0	0	0	0	0	0	0	0	0	0	0	0	112	1166	0	2660	0	248	0	962	0	0	0	0	0	0	0	0	0	0	0	0	0	0	0	0	0	0	0	0	0	0	0	0	0	0	0	0	0	0	0	0	0	0	0	0	0	0	
81060	Frontal_Mid_Orb_L	150	0	3446	0	11796	0	2040	0	0	0	0	0	3170	0	13486	0	0	0	0	0	108	0	84	0	164	0	1962	0	1890	0	320	0	0	0	0	0	0	0	0	0	0	0	0	0	0	0	0	0	0	0	0	0	0	0	0	0	0	0	0	0	0	0	0	0	0	0	0	0	148	0	116	0	1650	0	0	0	0	0	0	0	0	0	0	0	0	0	0	0	0	0	0	0	0	0	0	0	0	0	0	0	0	0	0	0	0	0	0	0	0	0	0	0	0	0	0	0	
30960	Frontal_Mid_Orb_R	0	0	0	0	0	3868	0	2304	0	0	0	0	0	1520	0	6224	0	0	0	0	0	0	0	0	0	450	0	878	0	236	0	0	0	0	0	0	0	0	0	0	0	0	0	0	0	0	0	0	0	0	0	0	0	0	0	0	0	0	0	0	0	0	0	0	0	0	0	0	0	0	0	0	0	0	0	0	0	0	0	0	0	0	0	0	0	0	0	0	0	0	0	0	0	0	0	0	0	0	0	0	0	0	0	0	0	0	0	0	0	0	0	0	0	0	0	0	
342404	Frontal_Inf_Oper_L	16400	0	20582	1308	146	0	19992	0	0	0	0	122	19330	0	1032	0	17990	0	12120	1524	0	0	524	0	0	0	0	0	30854	142	2080	236	0	0	0	0	1008	0	0	0	0	0	0	0	0	0	0	0	0	0	1066	0	0	0	0	0	6486	0	1128	0	3066	0	604	0	520	0	0	0	1454	0	1904	1254	2310	0	276	0	236	0	572	0	3528	0	1408	0	0	0	0	0	0	0	0	0	0	0	0	0	0	0	0	0	0	0	0	0	0	0	0	0	0	0	0	0	0	0	0	0	
194084	Frontal_Inf_Oper_R	0	3676	896	12570	0	0	0	9942	0	0	122	0	132	16150	0	0	0	5284	994	10118	0	0	0	250	0	106	0	0	140	16232	822	6270	0	270	0	0	0	292	0	0	0	0	0	0	0	0	0	0	0	0	0	0	0	0	0	0	0	3152	0	0	0	0	0	0	0	0	0	0	0	0	626	4554	0	4212	0	0	0	232	0	0	0	0	0	0	0	0	0	0	0	0	0	0	0	0	0	0	0	0	0	0	0	0	0	0	0	0	0	0	0	0	0	0	0	0	0	0	
344028	Frontal_Inf_Tri_L	2232	0	24054	1208	1218	0	37408	0	3170	0	19330	132	0	0	15982	0	2154	0	8024	1196	0	0	1748	0	0	0	130	0	41180	152	5022	476	138	0	0	0	0	0	0	0	0	0	0	0	0	0	0	0	0	0	0	0	0	0	0	0	228	0	0	0	0	0	0	0	0	0	0	0	640	0	2200	1106	2276	0	0	0	0	0	0	0	316	0	294	0	0	0	0	0	0	0	0	0	0	0	0	0	0	0	0	0	0	0	0	0	0	0	0	0	0	0	0	0	0	0	0	0	
228748	Frontal_Inf_Tri_R	0	0	106	15736	0	1878	0	22202	0	1520	0	16150	0	0	0	6228	0	382	944	7242	0	0	0	2788	0	1650	0	0	0	22094	1002	8296	0	282	0	0	0	0	0	0	0	0	0	0	0	0	0	0	0	0	0	0	0	0	0	0	0	0	0	0	0	0	0	0	0	0	0	0	0	0	138	3172	0	2564	0	0	0	0	0	0	0	0	0	0	0	0	0	0	0	0	0	0	0	0	0	0	0	0	0	0	0	0	0	0	0	0	0	0	0	0	0	0	0	0	0	0	
156836	Frontal_Inf_Orb_L	314	0	4136	0	9118	0	3544	0	13486	0	1032	0	15982	0	0	0	150	0	408	0	2334	0	0	0	0	0	1148	0	18264	0	326	0	0	0	0	0	998	0	0	0	402	0	0	0	0	0	0	0	0	0	0	0	0	0	96	0	0	0	0	0	0	0	0	0	0	0	0	0	302	0	596	0	4412	0	0	0	0	0	0	0	188	0	1182	0	0	0	0	0	0	0	0	0	0	0	0	0	0	0	0	0	0	0	0	0	0	0	0	0	0	0	0	0	0	0	0	0	
93264	Frontal_Inf_Orb_R	0	0	0	2350	0	3908	0	4016	0	6224	0	0	0	6228	0	0	0	0	0	0	0	976	0	1760	0	2190	0	934	0	11610	396	3570	0	0	0	0	0	0	0	0	0	0	0	0	0	0	0	0	0	0	0	0	0	0	0	0	0	0	0	0	0	0	0	0	0	0	0	0	0	0	0	282	0	1424	0	0	0	0	0	0	0	84	0	680	0	0	0	0	0	0	0	0	0	0	0	0	0	0	0	0	0	0	0	0	0	0	0	0	0	0	0	0	0	0	0	0	
315144	Rolandic_Oper_L	12704	328	12896	450	0	0	8744	0	0	0	17990	0	2154	0	150	0	0	0	5636	440	0	0	306	0	0	0	0	0	29330	0	354	0	0	0	0	84	1648	0	0	0	0	0	0	0	0	0	0	0	392	0	6102	0	586	0	188	0	11382	0	2592	0	2750	0	1442	0	576	0	1118	0	3494	0	444	108	1874	0	338	0	388	0	6266	0	12056	0	2530	0	4444	0	0	0	5288	0	0	0	0	0	0	0	0	0	0	0	0	0	0	0	0	0	0	0	0	0	0	0	0	0	0	0	
120636	Rolandic_Oper_R	0	1344	0	7122	0	0	0	518	0	0	0	5284	0	382	0	0	0	0	268	6920	0	0	0	0	0	0	0	0	0	14168	94	960	0	116	0	0	0	964	0	324	0	0	0	0	0	0	0	0	0	0	0	0	0	0	0	284	0	4514	0	0	0	1194	0	2622	0	0	0	158	0	0	130	2154	0	7692	0	442	0	426	0	646	0	1392	0	200	0	0	0	0	0	0	0	0	0	0	0	0	0	0	0	0	0	0	0	0	0	0	0	0	0	0	0	0	0	0	0	0	
533920	Supp_Motor_Area_L	4196	168	57004	23246	0	88	11482	874	0	0	12120	994	8024	944	408	0	5636	268	0	43012	0	0	5526	3006	0	114	0	0	13470	1460	10700	12202	8844	17986	366	0	0	0	0	0	0	0	0	0	0	0	0	0	0	0	0	0	0	0	0	0	576	144	0	0	0	0	0	0	0	0	0	0	4172	3000	8052	3480	1960	1182	374	0	0	108	0	0	1368	0	406	0	0	0	0	0	0	0	0	0	0	0	0	0	0	0	0	0	0	0	0	0	0	0	0	0	0	0	0	0	0	0	0	0	
744112	Supp_Motor_Area_R	12766	7996	13322	82176	0	106	844	6418	0	0	1524	10118	1196	7242	0	0	440	6920	43012	0	0	0	3560	6720	0	152	0	0	1392	7646	5526	28322	5116	39958	1066	3218	0	708	0	0	0	0	0	0	126	86	0	0	0	0	0	0	0	0	0	0	658	6358	0	0	0	0	0	0	0	0	0	934	10422	23136	4442	18660	926	6044	472	414	1288	460	0	0	166	0	0	0	0	0	0	0	0	0	0	0	0	0	0	0	0	0	0	0	0	0	0	0	0	0	0	0	0	0	0	0	0	0	0	0	
97276	Olfactory_L	208	94	116	0	1794	0	0	0	108	0	0	0	0	0	2334	0	0	0	0	0	0	6346	0	0	86	212	5100	1106	3702	0	2810	2240	0	0	0	0	1760	0	270	0	880	0	0	0	0	0	0	0	0	0	0	0	0	0	130	0	0	0	0	0	0	0	0	0	0	0	0	0	0	0	8138	4334	2942	2344	0	90	234	274	0	0	356	0	438	0	0	0	0	0	192	0	0	0	0	0	0	0	0	0	0	0	0	0	0	0	0	0	0	0	0	0	0	0	0	0	0	0	
118220	Olfactory_R	0	0	0	182	210	1172	0	0	0	0	0	0	0	0	0	976	0	0	0	0	6346	0	0	686	0	1874	3600	3988	0	1888	2144	4736	0	0	0	0	0	470	0	332	0	308	0	0	0	0	0	0	0	0	0	0	0	0	0	200	0	0	0	0	0	0	0	0	0	0	0	0	0	0	9278	7976	5292	6038	244	694	0	0	0	0	0	0	0	476	0	0	0	0	0	0	0	0	0	0	0	0	0	0	0	0	0	0	0	0	0	0	0	0	0	0	0	0	0	0	0	0	
333472	Frontal_Sup_Medial_L	438	0	41498	13486	2910	294	13344	576	84	0	524	0	1748	0	0	0	306	0	5526	3560	0	0	0	21788	1444	1258	706	0	2384	126	21060	17618	3526	9770	0	0	0	0	0	0	0	0	0	0	0	0	0	0	0	0	0	0	0	0	0	0	0	0	0	0	0	0	0	0	0	0	0	0	366	0	884	234	1036	242	0	0	0	0	0	0	0	0	0	0	0	0	0	0	0	0	0	0	0	0	0	0	0	0	0	0	0	0	0	0	0	0	0	0	0	0	0	0	0	0	0	0	
295608	Frontal_Sup_Medial_R	112	0	4512	34642	758	4066	244	4158	0	0	0	250	0	2788	0	1760	0	0	3006	6720	0	686	21788	0	954	7900	112	1124	126	5158	6438	23272	470	11492	0	0	0	0	0	0	0	0	0	0	0	0	0	0	0	0	0	0	0	0	0	0	0	0	0	0	0	0	0	0	0	0	0	0	100	0	102	1056	308	3702	0	0	0	0	0	0	0	0	0	0	0	0	0	0	0	0	0	0	0	0	0	0	0	0	0	0	0	0	0	0	0	0	0	0	0	0	0	0	0	0	0	0	
26800	Frontal_Med_Orb_L	0	0	786	0	2514	156	0	0	164	0	0	0	0	0	0	0	0	0	0	0	86	0	1444	954	0	1710	1536	102	106	0	2802	540	0	0	0	0	0	0	0	0	0	0	0	0	0	0	0	0	0	0	0	0	0	0	0	0	0	0	0	0	0	0	0	0	0	0	0	0	0	0	128	0	372	0	0	0	0	0	0	0	0	0	0	0	0	0	0	0	0	0	0	0	0	0	0	0	0	0	0	0	0	0	0	0	0	0	0	0	0	0	0	0	0	0	0	0	
144440	Frontal_Med_Orb_R	0	0	330	6352	502	12482	0	0	0	450	0	106	0	1650	0	2190	0	0	114	152	212	1874	1258	7900	1710	0	148	8920	0	4834	2568	11528	0	0	0	0	0	0	0	0	0	0	0	0	0	0	0	0	0	0	0	0	0	0	0	0	0	0	0	0	0	0	0	0	0	0	0	0	0	0	238	2386	202	4006	0	0	0	0	0	0	0	0	0	108	0	0	0	0	0	0	0	0	0	0	0	0	0	0	0	0	0	0	0	0	0	0	0	0	0	0	0	0	0	0	0	0	
88388	Rectus_L	224	0	2166	0	8612	0	0	0	1962	0	0	0	130	0	1148	0	0	0	0	0	5100	3600	706	112	1536	148	0	946	1294	0	5534	1728	0	0	0	0	0	0	0	0	0	0	0	0	0	0	0	0	0	0	0	0	0	0	0	0	0	0	0	0	0	0	0	0	0	0	0	0	218	0	4770	1664	1594	1002	0	0	0	0	0	0	0	0	0	0	0	0	0	0	0	0	0	0	0	0	0	0	0	0	0	0	0	0	0	0	0	0	0	0	0	0	0	0	0	0	0	0	
79804	Rectus_R	0	0	0	426	0	8304	0	0	0	878	0	0	0	0	0	934	0	0	0	0	1106	3988	0	1124	102	8920	946	0	0	1122	918	6256	0	0	0	0	0	0	0	0	0	0	0	0	0	0	0	0	0	0	0	0	0	0	0	0	0	0	0	0	0	0	0	0	0	0	0	0	0	0	978	1512	108	2280	0	0	0	0	0	0	0	0	0	0	0	0	0	0	0	0	0	0	0	0	0	0	0	0	0	0	0	0	0	0	0	0	0	0	0	0	0	0	0	0	0	0	
632104	Insula_L	13760	84	37636	1382	5986	0	26998	0	1890	0	30854	140	41180	0	18264	0	29330	0	13470	1392	3702	0	2384	126	106	0	1294	0	0	166	7560	838	144	0	484	562	8946	284	784	0	706	0	0	0	0	0	0	0	0	0	478	0	0	0	2762	0	2614	0	426	0	1646	0	668	0	254	0	0	0	6710	0	3184	1264	19498	0	218	0	1420	92	3076	0	11838	0	4004	0	1438	0	0	0	4010	0	0	0	0	0	0	0	0	0	0	0	0	0	0	0	0	0	0	0	0	0	0	0	0	0	0	0	
401448	Insula_R	98	1746	380	16718	0	3590	0	4128	0	236	142	16232	152	22094	0	11610	0	14168	1460	7646	0	1888	126	5158	0	4834	0	1122	166	0	2170	18522	0	498	94	156	156	5306	0	1034	0	102	0	0	0	0	0	0	0	0	0	0	0	0	0	3674	120	1516	0	0	0	332	0	568	0	0	0	0	0	0	722	8112	0	26548	0	0	0	940	0	1562	0	7466	0	2206	0	2540	0	0	0	2686	0	0	0	0	0	0	0	0	0	0	0	0	0	0	0	0	0	0	0	0	0	0	0	0	0	0	
404216	Cingulum_Ant_L	2992	0	24860	8494	6102	786	4848	300	320	0	2080	822	5022	1002	326	396	354	94	10700	5526	2810	2144	21060	6438	2802	2568	5534	918	7560	2170	0	30018	6726	3456	0	0	0	0	0	0	0	0	0	0	0	0	0	0	0	0	0	0	0	0	0	0	0	0	0	0	0	0	0	0	0	0	0	0	2316	0	11658	6504	9246	3156	0	0	0	0	0	0	0	0	0	0	0	0	0	0	0	0	0	0	0	0	0	0	0	0	0	0	0	0	0	0	0	0	0	0	0	0	0	0	0	0	0	0	
655012	Cingulum_Ant_R	724	0	8492	42218	1008	5714	1028	2176	0	0	236	6270	476	8296	0	3570	0	960	12202	28322	2240	4736	17618	23272	540	11528	1728	6256	838	18522	30018	0	3086	17842	0	0	0	532	0	246	0	0	0	0	0	0	0	0	0	0	0	0	0	0	0	230	0	0	0	0	0	0	0	0	0	0	0	0	506	0	6186	30746	2254	26568	0	0	0	0	0	0	0	0	0	322	0	0	0	0	0	0	0	0	0	0	0	0	0	0	0	0	0	0	0	0	0	0	0	0	0	0	0	0	0	0	0	0	
115048	Cingulum_Mid_L	628	0	2800	1836	0	0	956	0	0	0	0	0	138	0	0	0	0	0	8844	5116	0	0	3526	470	0	0	0	0	144	0	6726	3086	0	10680	2236	182	0	0	0	0	0	0	142	0	488	0	0	0	746	0	600	0	0	0	0	0	216	0	374	0	0	0	0	0	0	0	3576	258	3334	422	0	0	0	0	0	0	0	0	0	0	0	0	0	0	0	0	0	0	0	0	0	0	0	0	0	0	0	0	0	0	0	0	0	0	0	0	0	0	0	0	0	0	0	0	0	0	
368204	Cingulum_Mid_R	5670	326	2172	19950	0	0	386	1706	0	0	0	270	0	282	0	0	0	116	17986	39958	0	0	9770	11492	0	0	0	0	0	498	3456	17842	10680	0	816	4338	0	0	0	0	0	0	0	144	0	1568	0	140	0	186	0	0	0	0	0	0	132	5166	0	0	0	0	0	0	0	0	1038	5552	5550	15302	242	146	0	254	208	0	458	0	0	0	0	0	0	0	0	0	0	0	0	0	0	0	0	0	0	0	0	0	0	0	0	0	0	0	0	0	0	0	0	0	302	0	0	0	0	0	
92592	Cingulum_Post_L	1562	224	0	0	0	0	98	0	0	0	0	0	0	0	0	0	0	0	366	1066	0	0	0	0	0	0	0	0	484	94	0	0	2236	816	0	9920	5596	2690	2036	130	0	0	2334	0	358	0	562	0	0	0	0	0	0	0	0	0	1686	806	0	0	170	0	128	0	102	0	4054	1430	3864	1112	0	0	402	124	0	0	1040	630	0	0	86	0	0	0	90	0	0	0	0	0	0	0	0	0	0	0	0	0	0	0	0	0	0	0	0	0	0	0	0	0	0	0	0	0	0	0	
120492	Cingulum_Post_R	1606	850	0	0	0	0	98	0	0	0	0	0	0	0	0	0	84	0	0	3218	0	0	0	0	0	0	0	0	562	156	0	0	182	4338	9920	0	5592	4684	1416	254	0	0	0	358	0	264	0	1062	0	0	0	0	0	0	0	90	1174	4360	0	0	168	0	142	0	108	0	1412	6672	1124	5242	0	0	456	226	0	0	2046	1156	0	0	138	0	0	0	118	0	0	0	0	0	0	0	0	0	0	0	0	196	0	0	0	0	0	0	0	0	0	0	0	0	774	0	0	0	0	0	
159572	Hippocampus_L	4350	226	774	0	158	0	1244	0	0	0	1008	0	0	0	998	0	1648	0	0	0	1760	0	0	0	0	0	0	0	8946	156	0	0	0	0	5596	5592	0	3478	5236	148	4642	0	984	0	0	0	776	0	0	0	0	0	0	0	6292	0	2358	0	0	0	406	0	274	0	188	0	1274	426	578	0	0	0	3120	226	654	0	4618	1072	1606	0	1702	0	980	0	536	0	0	0	5756	0	0	0	0	0	0	0	0	0	0	0	0	0	0	0	0	0	0	0	0	0	0	0	0	0	0	0	
265592	Hippocampus_R	252	2608	0	366	0	0	0	350	0	0	0	292	0	0	0	0	0	964	0	708	0	470	0	0	0	0	0	0	284	5306	0	532	0	0	2690	4684	3478	0	1144	23356	0	10836	0	432	0	124	0	1378	0	138	0	444	0	752	0	26068	618	928	0	0	0	226	0	398	0	88	0	2050	0	962	0	560	260	14216	0	430	1714	5580	0	646	98	5336	0	842	0	3138	0	0	0	5542	0	0	0	0	0	434	0	850	0	0	0	0	0	0	0	0	0	0	0	0	224	0	0	0	0	0	
43592	ParaHippocampal_L	154	0	0	0	0	0	0	0	0	0	0	0	0	0	0	0	0	0	0	0	270	0	0	0	0	0	0	0	784	0	0	0	0	0	2036	1416	5236	1144	0	0	1344	0	752	0	0	0	1706	0	0	0	328	0	684	0	3162	0	0	0	0	0	0	0	0	0	0	0	852	0	0	0	0	0	0	0	0	0	530	0	232	0	226	0	320	0	0	0	0	0	134	0	0	0	0	0	182	0	304	0	0	0	0	0	0	0	0	0	0	0	0	0	0	0	0	0	0	0	
160248	ParaHippocampal_R	0	0	0	134	0	0	0	172	0	0	0	0	0	0	0	0	0	324	0	0	0	332	0	0	0	0	0	0	0	1034	0	246	0	0	130	254	148	23356	0	0	0	10962	0	1068	0	0	0	3806	0	0	0	0	0	784	0	21418	0	0	0	0	0	0	0	0	0	0	0	1590	0	0	0	116	0	5796	0	144	112	2098	0	0	0	166	0	2026	0	140	0	952	0	568	0	0	0	0	0	628	0	1620	0	0	0	0	0	0	0	0	0	0	0	0	0	0	0	0	0	0	
23408	Amygdala_L	472	0	0	0	0	0	0	0	0	0	0	0	0	0	402	0	0	0	0	0	880	0	0	0	0	0	0	0	706	0	0	0	0	0	0	0	4642	0	1344	0	0	0	0	0	0	0	0	0	0	0	0	0	0	0	2050	0	0	0	0	0	0	0	0	0	0	0	0	0	0	0	0	0	0	0	0	0	436	0	0	0	0	0	586	0	0	0	0	0	186	0	0	0	0	0	0	0	0	0	0	0	0	0	0	0	0	0	0	0	0	0	0	0	0	0	0	0	
67884	Amygdala_R	0	0	0	0	0	0	0	0	0	0	0	0	0	0	0	0	0	0	0	0	0	308	0	0	0	0	0	0	0	102	0	0	0	0	0	0	0	10836	0	10962	0	0	0	0	0	0	0	0	0	0	0	0	0	0	0	7844	0	0	0	0	0	0	0	0	0	0	0	0	0	0	0	0	0	1256	0	0	0	298	0	0	0	0	0	2018	0	0	0	228	0	90	0	0	0	0	0	0	0	0	0	0	0	0	0	0	0	0	0	0	0	0	0	0	0	0	0	0	
181576	Calcarine_L	116	0	0	0	0	0	0	0	0	0	0	0	0	0	0	0	0	0	0	0	0	0	0	0	0	0	0	0	0	0	0	0	142	0	2334	0	984	0	752	0	0	0	0	6300	14910	4038	9098	2048	12520	1066	18066	114	4398	0	266	170	896	0	90	0	90	0	0	0	166	0	9062	420	658	0	0	0	0	0	0	0	0	0	0	0	0	0	0	0	1208	0	0	0	674	0	202	0	0	0	0	0	0	0	0	0	0	0	0	0	0	0	0	0	0	0	0	0	0	0	0	0	
288200	Calcarine_R	0	0	0	0	0	0	0	0	0	0	0	0	0	0	0	0	0	0	0	0	0	0	0	0	0	0	0	0	0	0	0	0	0	144	0	358	0	432	0	1068	0	0	6300	0	5774	28704	976	21018	240	20454	0	13502	0	8796	0	12460	0	1984	0	114	0	0	0	0	0	0	630	13560	0	280	0	0	0	0	0	0	0	92	0	0	0	0	0	0	0	6322	0	0	0	316	0	0	0	0	0	0	0	138	0	0	0	0	0	0	0	0	0	0	0	0	438	0	0	0	0	0	
177508	Cuneus_L	0	0	0	0	0	0	0	0	0	0	0	0	0	0	0	0	0	0	0	126	0	0	0	0	0	0	0	0	0	0	0	0	488	0	358	0	0	0	0	0	0	0	14910	5774	0	7086	1530	586	22420	1634	12960	228	1576	360	112	332	1554	0	1452	0	144	0	0	0	274	0	11198	1552	1208	0	0	0	0	0	0	0	0	0	0	0	0	0	0	0	606	0	0	0	286	0	0	0	0	0	0	0	0	0	0	0	0	0	0	0	0	0	0	0	0	0	0	0	0	0	0	0	
289324	Cuneus_R	0	330	0	0	0	0	0	0	0	0	0	0	0	0	0	0	0	0	0	86	0	0	0	0	0	0	0	0	0	0	0	0	0	1568	0	264	0	124	0	0	0	0	4038	28704	7086	0	178	3458	408	36636	110	12596	0	4180	0	2344	0	3866	0	3788	0	836	0	430	0	160	4918	24102	0	698	0	0	0	0	0	0	0	0	0	0	0	780	0	0	0	2588	0	0	0	104	0	0	0	0	0	0	0	0	0	0	0	0	0	0	0	0	0	0	0	0	282	0	0	0	0	0	
162436	Lingual_L	0	0	0	0	0	0	0	0	0	0	0	0	0	0	0	0	0	0	0	0	0	0	0	0	0	0	0	0	0	0	0	0	0	0	562	0	776	0	1706	0	0	0	9098	976	1530	178	0	1626	1746	228	16786	0	15142	0	8920	0	0	0	0	0	0	0	0	0	0	0	1628	0	0	0	0	0	0	0	0	0	0	0	0	0	0	0	0	0	0	0	0	0	108	0	3456	192	0	132	0	0	5336	764	4206	1166	0	0	0	0	0	248	0	0	0	150	2326	1364	106	344	298	120	
189440	Lingual_R	0	0	0	0	0	0	0	0	0	0	0	0	0	0	0	0	0	0	0	0	0	0	0	0	0	0	0	0	0	0	0	0	0	140	0	1062	0	1378	0	3806	0	0	2048	21018	586	3458	1626	0	0	3688	0	2718	0	5448	604	16060	0	394	0	0	0	0	0	0	0	0	0	6140	0	194	0	0	0	0	0	0	0	502	0	0	0	0	0	0	0	826	0	0	0	248	2446	1598	126	196	0	324	560	2664	3240	5188	0	0	0	0	0	0	0	0	0	0	1846	3618	970	0	0	0	
209456	Occipital_Sup_L	0	0	0	0	0	0	0	0	0	0	0	0	0	0	0	0	392	0	0	0	0	0	0	0	0	0	0	0	0	0	0	0	746	0	0	0	0	0	0	0	0	0	12520	240	22420	408	1746	0	0	0	33868	0	2954	0	158	0	824	0	9434	0	1090	0	0	0	1162	0	14522	136	382	0	0	0	0	0	0	0	0	0	520	0	384	0	0	0	228	0	0	0	594	0	0	0	0	0	0	0	0	0	0	0	0	0	0	0	0	0	0	0	0	0	0	0	0	0	0	0	
256244	Occipital_Sup_R	0	458	0	0	0	0	0	0	0	0	0	0	0	0	0	0	0	0	0	0	0	0	0	0	0	0	0	0	0	0	0	0	0	186	0	0	0	138	0	0	0	0	1066	20454	1634	36636	228	3688	0	0	0	20030	0	4092	0	2086	0	3186	0	7376	0	2876	0	1216	0	3752	1022	14918	0	148	0	0	0	0	0	0	0	0	0	0	0	1076	0	0	0	1676	0	0	0	180	0	0	0	0	0	0	0	0	0	0	0	0	0	0	0	0	0	0	0	0	0	0	0	0	0	0	
480948	Occipital_Mid_L	1588	0	0	0	0	0	96	0	0	0	1066	0	0	0	0	0	6102	0	0	0	0	0	0	0	0	0	0	0	478	0	0	0	600	0	0	0	0	0	328	0	0	0	18066	0	12960	110	16786	0	33868	0	0	0	31304	0	7156	0	9186	0	17794	0	15430	0	1502	0	16596	0	14226	0	1078	0	0	0	0	0	0	0	0	0	4214	0	3482	0	0	0	16106	0	0	0	9638	0	714	0	0	0	0	0	0	0	0	0	0	0	0	0	0	0	0	0	0	0	0	0	0	0	0	0	
221564	Occipital_Mid_R	0	268	0	0	0	0	0	0	0	0	0	0	0	0	0	0	0	0	0	0	0	0	0	0	0	0	0	0	0	0	0	0	0	0	0	0	0	444	0	0	0	0	114	13502	228	12596	0	2718	0	20030	0	0	0	5306	0	2340	0	5772	0	2068	0	2000	0	1106	0	9458	222	6832	0	118	0	0	0	0	0	0	0	0	0	0	0	1092	0	0	0	20944	0	0	0	3624	0	0	0	0	0	0	0	0	0	0	0	0	0	0	0	0	0	0	0	0	0	0	0	0	0	0	
152224	Occipital_Inf_L	0	0	0	0	0	0	0	0	0	0	0	0	0	0	0	0	586	0	0	0	0	0	0	0	0	0	0	0	0	0	0	0	0	0	0	0	0	0	684	0	0	0	4398	0	1576	0	15142	0	2954	0	31304	0	0	0	10126	0	320	0	116	0	0	0	0	0	144	0	1134	0	0	0	0	0	0	0	0	0	0	0	930	0	142	0	0	0	2522	0	0	0	3532	0	502	0	0	0	0	0	0	0	0	0	0	0	0	0	0	0	0	0	0	0	0	0	0	0	0	0	
89516	Occipital_Inf_R	0	0	0	0	0	0	0	0	0	0	0	0	0	0	0	0	0	0	0	0	0	0	0	0	0	0	0	0	0	0	0	0	0	0	0	0	0	752	0	784	0	0	0	8796	360	4180	0	5448	0	4092	0	5306	0	0	0	7098	0	308	0	0	0	0	0	0	0	0	226	1160	0	0	0	0	0	0	0	0	0	0	0	126	0	0	0	0	0	3226	0	0	0	2802	0	0	0	0	0	0	0	94	0	0	0	0	0	0	0	0	0	0	0	0	0	0	0	0	0	0	
174288	Fusiform_L	0	0	0	0	0	0	0	0	0	0	0	0	0	0	96	0	188	0	0	0	130	0	0	0	0	0	0	0	2762	0	0	0	0	0	0	0	6292	0	3162	0	2050	0	266	0	112	0	8920	604	158	0	7156	0	10126	0	0	0	0	0	0	0	0	0	0	0	0	0	188	0	0	0	0	0	390	0	0	0	0	0	1304	0	900	0	2638	0	1734	0	706	0	9324	0	9000	456	276	128	0	0	4258	348	9442	1388	0	0	0	0	0	0	0	0	0	0	808	1322	512	0	0	0	
353424	Fusiform_R	0	208	0	96	0	0	0	110	0	0	0	0	0	0	0	0	0	284	0	0	0	200	0	0	0	0	0	0	0	3674	0	230	0	0	0	90	0	26068	0	21418	0	7844	170	12460	332	2344	0	16060	0	2086	0	2340	0	7098	0	0	0	198	0	0	0	136	0	144	0	0	0	2926	0	0	0	100	0	10592	0	0	0	1064	0	0	0	1820	0	5930	0	2424	0	2278	0	15260	426	8952	0	444	0	312	154	5498	638	10846	0	0	0	182	0	0	0	0	0	0	2002	842	432	0	0	0	
299148	Postcentral_L	28502	3116	1810	2216	0	0	1188	0	0	0	6486	0	228	0	0	0	11382	0	576	658	0	0	0	0	0	0	0	0	2614	120	0	0	216	132	1686	1174	2358	618	0	0	0	0	896	0	1554	0	0	0	824	0	9186	0	320	0	0	0	0	0	8996	0	21598	0	10284	0	1978	0	6820	0	4334	248	310	288	1066	214	586	96	2614	912	2184	0	2164	0	0	0	4512	0	0	0	2510	0	0	0	0	0	0	0	0	0	0	0	0	0	0	0	0	0	0	0	0	0	0	0	0	0	0	0	
268764	Postcentral_R	788	21508	194	2332	0	0	0	1476	0	0	0	3152	0	0	0	0	0	4514	144	6358	0	0	0	0	0	0	0	0	0	1516	0	0	0	5166	806	4360	0	928	0	0	0	0	0	1984	0	3866	0	394	0	3186	0	5772	0	308	0	198	0	0	0	4784	0	11466	0	12166	0	514	414	15920	1422	11190	0	322	0	1160	0	144	0	160	0	234	0	1064	0	0	0	3224	0	0	0	576	0	0	0	0	0	0	0	0	0	0	0	0	0	0	0	0	0	0	0	0	672	0	0	0	0	0	
167660	Parietal_Sup_L	1338	0	0	0	0	0	160	0	0	0	1128	0	0	0	0	0	2592	0	0	0	0	0	0	0	0	0	0	0	426	0	0	0	374	0	0	0	0	0	0	0	0	0	90	0	1452	0	0	0	9434	0	17794	0	116	0	0	0	8996	0	0	0	15348	0	1008	0	1706	0	17998	0	296	0	0	0	0	0	0	0	0	0	980	0	1334	0	0	0	100	0	0	0	1160	0	0	0	0	0	0	0	0	0	0	0	0	0	0	0	0	0	0	0	0	0	0	0	0	0	0	0	
74208	Parietal_Sup_R	0	0	0	0	0	0	0	0	0	0	0	0	0	0	0	0	0	0	0	0	0	0	0	0	0	0	0	0	0	0	0	0	0	0	0	0	0	0	0	0	0	0	0	114	0	3788	0	0	0	7376	0	2068	0	0	0	0	0	4784	0	0	0	3998	0	494	0	2816	138	10522	0	652	0	0	0	0	0	0	0	0	0	0	0	246	0	0	0	108	0	0	0	0	0	0	0	0	0	0	0	0	0	0	0	0	0	0	0	0	0	0	0	0	0	0	0	0	0	0	
222132	Parietal_Inf_L	8932	190	416	130	0	0	2228	0	0	0	3066	0	0	0	0	0	2750	0	0	0	0	0	0	0	0	0	0	0	1646	0	0	0	0	0	170	168	406	0	0	0	0	0	90	0	144	0	0	0	1090	0	15430	0	0	0	0	0	21598	0	15348	0	0	0	15656	0	13110	0	1630	0	232	0	178	0	982	0	162	0	304	0	960	0	1908	0	0	0	1100	0	0	0	1042	0	0	0	0	0	0	0	0	0	0	0	0	0	0	0	0	0	0	0	0	0	0	0	0	0	0	0	
132348	Parietal_Inf_R	0	3550	0	0	0	0	0	0	0	0	0	0	0	0	0	0	0	1194	0	0	0	0	0	0	0	0	0	0	0	332	0	0	0	0	0	0	0	226	0	0	0	0	0	0	0	836	0	0	0	2876	0	2000	0	0	0	136	0	11466	0	3998	0	0	0	23862	0	6590	0	3122	0	114	0	0	0	124	0	0	0	0	0	264	0	1992	0	0	0	2718	0	0	0	774	0	0	0	0	0	0	0	0	0	0	0	0	0	0	0	0	0	0	0	0	0	0	0	0	0	0	
103908	SupraMarginal_L	2142	296	0	206	0	0	180	0	0	0	604	0	0	0	0	0	1442	0	0	0	0	0	0	0	0	0	0	0	668	0	0	0	0	0	128	142	274	0	0	0	0	0	0	0	0	0	0	0	0	0	1502	0	0	0	0	0	10284	0	1008	0	15656	0	0	0	6832	0	0	0	0	0	0	0	800	0	106	0	296	0	184	0	5814	0	0	0	3222	0	0	0	168	0	0	0	0	0	0	0	0	0	0	0	0	0	0	0	0	0	0	0	0	0	0	0	0	0	0	0	
130860	SupraMarginal_R	0	4268	0	0	0	0	0	0	0	0	0	0	0	0	0	0	0	2622	0	0	0	0	0	0	0	0	0	0	0	568	0	0	0	0	0	0	0	398	0	0	0	0	0	0	0	430	0	0	0	1216	0	1106	0	0	0	144	0	12166	0	494	0	23862	0	0	0	5736	0	538	0	116	0	0	0	134	0	96	0	0	0	346	0	4290	0	0	0	4874	0	0	0	2026	0	0	0	0	0	0	0	0	0	0	0	0	0	0	0	0	0	0	0	0	0	0	0	0	0	0	
115272	Angular_L	1472	0	0	0	0	0	0	0	0	0	520	0	0	0	0	0	576	0	0	0	0	0	0	0	0	0	0	0	254	0	0	0	0	0	102	108	188	0	0	0	0	0	166	0	274	0	0	0	1162	0	16596	0	144	0	0	0	1978	0	1706	0	13110	0	6832	0	0	0	632	0	116	0	0	0	450	0	0	0	156	0	308	0	2868	0	0	0	7272	0	0	0	646	0	0	0	0	0	0	0	0	0	0	0	0	0	0	0	0	0	0	0	0	0	0	0	0	0	0	0	
87564	Angular_R	0	0	0	0	0	0	0	0	0	0	0	0	0	0	0	0	0	0	0	0	0	0	0	0	0	0	0	0	0	0	0	0	0	0	0	0	0	88	0	0	0	0	0	0	0	160	0	0	0	3752	0	9458	0	0	0	0	0	514	0	2816	0	6590	0	5736	0	0	0	374	0	0	0	0	0	0	0	0	0	0	0	0	0	3150	0	0	0	7670	0	0	0	3474	0	0	0	0	0	0	0	0	0	0	0	0	0	0	0	0	0	0	0	0	0	0	0	0	0	0	
233408	Precuneus_L	120	0	0	0	0	0	0	0	0	0	0	0	0	0	0	0	1118	0	0	0	0	0	0	0	0	0	0	0	0	0	0	0	3576	1038	4054	1412	1274	0	852	0	0	0	9062	630	11198	4918	1628	0	14522	1022	14226	222	1134	226	188	0	6820	414	17998	138	1630	0	0	0	632	0	0	8504	4360	496	0	0	0	0	0	0	0	0	792	0	444	0	0	0	804	0	0	0	1092	0	0	0	0	0	0	0	0	0	0	0	0	0	0	0	0	0	0	0	0	0	160	0	0	0	0	0	
293076	Precuneus_R	188	932	0	0	0	0	0	0	0	0	0	0	0	0	0	0	0	158	0	934	0	0	0	0	0	0	0	0	0	0	0	0	258	5552	1430	6672	426	2050	0	1590	0	0	420	13560	1552	24102	0	6140	136	14918	0	6832	0	1160	0	2926	0	15920	0	10522	0	3122	0	538	0	374	8504	0	214	4492	0	0	0	0	0	0	0	166	0	186	0	1998	0	0	0	3082	0	0	0	398	0	0	0	0	0	0	0	546	0	0	0	0	0	0	0	0	0	0	0	0	4540	0	0	0	0	0	
252956	Paracentral_Lobule_L	29282	1178	8126	994	1326	0	834	0	148	0	1454	0	640	0	302	0	3494	0	4172	10422	0	0	366	100	0	0	218	0	6710	0	2316	506	3334	5550	3864	1124	578	0	0	0	0	0	658	0	1208	0	0	0	382	0	1078	0	0	0	0	0	4334	1422	296	0	232	0	0	0	116	0	4360	214	0	5538	3938	774	7542	212	1652	0	4884	0	210	0	390	0	0	0	0	0	0	0	0	0	0	0	0	0	0	0	0	0	0	0	0	0	0	0	0	0	0	0	0	0	0	0	0	0	0	0	
178140	Paracentral_Lobule_R	6730	4154	1170	166	0	0	102	0	0	0	0	0	0	0	0	0	0	0	3000	23136	0	0	0	0	0	0	0	0	0	0	0	0	422	15302	1112	5242	0	962	0	0	0	0	0	280	0	698	0	194	0	148	0	118	0	0	0	0	248	11190	0	652	0	114	0	116	0	0	496	4492	5538	0	918	284	100	0	274	0	1158	0	0	0	0	106	0	0	0	170	0	0	0	0	0	0	0	0	0	0	0	0	0	0	0	0	0	0	0	0	0	0	0	0	278	0	0	0	0	0	
301476	Caudate_L	7072	1306	9498	3676	792	0	1508	112	116	0	1904	626	2200	138	596	0	444	130	8052	4442	8138	9278	884	102	128	238	4770	978	3184	722	11658	6186	0	242	0	0	0	0	0	0	0	0	0	0	0	0	0	0	0	0	0	0	0	0	0	0	310	0	0	0	178	0	0	0	0	0	0	0	3938	918	0	21064	21048	5984	3688	1584	2598	308	0	0	0	0	0	0	0	0	0	0	0	0	0	0	0	0	0	0	0	0	0	0	0	0	0	0	0	0	0	0	0	0	0	0	0	0	0	0	
449396	Caudate_R	1834	13390	3168	21576	112	1398	650	1166	0	0	1254	4554	1106	3172	0	282	108	2154	3480	18660	4334	7976	234	1056	0	2386	1664	1512	1264	8112	6504	30746	0	146	0	0	0	560	0	116	0	0	0	0	0	0	0	0	0	0	0	0	0	0	0	100	288	322	0	0	0	0	0	0	0	0	0	0	774	284	21064	0	7622	27716	554	4224	422	16654	0	0	0	0	0	0	0	0	0	0	0	0	0	0	0	0	0	0	0	0	0	0	0	0	0	0	0	0	0	0	0	0	0	0	0	0	0	0	
312700	Putamen_L	11770	164	15926	524	7420	0	2440	0	1650	0	2310	0	2276	0	4412	0	1874	0	1960	926	2942	5292	1036	308	372	202	1594	108	19498	0	9246	2254	0	0	402	456	3120	260	0	0	0	0	0	0	0	0	0	0	0	0	0	0	0	0	390	0	1066	0	0	0	982	0	800	0	450	0	0	0	7542	100	21048	7622	0	3372	7468	1176	2226	168	0	0	740	0	0	0	0	0	0	0	458	0	0	0	0	0	0	0	0	0	0	0	0	0	0	0	0	0	0	0	0	0	0	0	0	0	0	0	
393260	Putamen_R	314	1902	518	9304	0	2354	84	2660	0	0	0	4212	0	2564	0	1424	0	7692	1182	6044	2344	6038	242	3702	0	4006	1002	2280	0	26548	3156	26568	0	254	124	226	226	14216	0	5796	0	1256	0	0	0	0	0	0	0	0	0	0	0	0	0	10592	214	1160	0	0	0	124	0	134	0	0	0	0	212	0	5984	27716	3372	0	0	1558	96	3374	0	0	0	830	0	808	0	392	0	0	0	1638	0	0	0	0	0	0	0	188	0	0	0	0	0	0	0	0	0	0	0	0	0	0	0	0	0	0	
65108	Pallidum_L	5340	110	5586	98	0	0	1230	0	0	0	276	0	0	0	0	0	338	0	374	472	0	244	0	0	0	0	0	0	218	0	0	0	0	208	0	0	654	0	0	0	0	0	0	0	0	0	0	0	0	0	0	0	0	0	0	0	586	0	0	0	162	0	106	0	0	0	0	0	1652	274	3688	554	7468	0	0	124	2792	0	0	0	0	0	0	0	0	0	0	0	0	0	0	0	0	0	0	0	0	0	0	0	0	0	0	0	0	0	0	0	0	0	0	0	0	0	0	0	
27124	Pallidum_R	234	706	0	400	0	0	0	248	0	0	0	0	0	0	0	0	0	442	0	414	90	694	0	0	0	0	0	0	0	0	0	0	0	0	0	0	0	430	0	144	0	0	0	0	0	0	0	0	0	0	0	0	0	0	0	0	96	144	0	0	0	0	0	96	0	0	0	0	0	0	1584	4224	1176	1558	124	0	0	758	0	0	0	0	0	0	0	0	0	0	0	0	0	0	0	0	0	0	0	0	0	0	0	0	0	0	0	0	0	0	0	0	0	0	0	0	0	0	
129468	Thalamus_L	26176	936	522	156	0	0	530	0	0	0	236	0	0	0	0	0	388	0	0	1288	234	0	0	0	0	0	0	0	1420	0	0	0	0	458	1040	2046	4618	1714	530	112	436	0	0	0	0	0	0	0	0	0	0	0	0	0	0	0	2614	0	0	0	304	0	296	0	156	0	0	0	4884	1158	2598	422	2226	96	2792	0	0	3736	0	0	234	0	0	0	186	0	0	0	192	0	0	0	0	0	0	0	0	0	0	0	0	0	0	0	0	0	0	0	0	0	0	0	0	0	0	0	
138968	Thalamus_R	428	21686	96	4672	0	0	0	962	0	0	0	232	0	0	0	0	0	426	108	460	274	0	0	0	0	0	0	0	92	940	0	0	0	0	630	1156	1072	5580	0	2098	0	298	0	92	0	0	0	502	0	0	0	0	0	0	0	1064	912	160	0	0	0	0	0	0	0	0	0	166	0	0	308	16654	168	3374	0	758	3736	0	0	0	0	86	0	0	0	0	0	0	0	0	0	0	0	0	0	132	0	162	0	0	0	0	0	0	0	0	0	0	0	0	0	0	0	0	0	0	
87936	Heschl_L	1094	0	106	0	0	0	260	0	0	0	572	0	0	0	0	0	6266	0	0	0	0	0	0	0	0	0	0	0	3076	0	0	0	0	0	0	0	1606	0	232	0	0	0	0	0	0	0	0	0	520	0	4214	0	930	0	1304	0	2184	0	980	0	960	0	184	0	308	0	792	0	210	0	0	0	0	0	0	0	0	0	0	0	4084	0	0	0	5656	0	0	0	8430	0	0	0	0	0	0	0	0	0	0	0	0	0	0	0	0	0	0	0	0	0	0	0	0	0	0	0	
15688	Heschl_R	0	0	0	0	0	0	0	0	0	0	0	0	0	0	0	0	0	646	0	0	0	0	0	0	0	0	0	0	0	1562	0	0	0	0	0	0	0	646	0	0	0	0	0	0	0	0	0	0	0	0	0	0	0	126	0	0	0	234	0	0	0	264	0	346	0	0	0	186	0	0	0	0	0	0	0	0	0	0	0	0	0	3012	0	0	0	556	0	0	0	266	0	0	0	0	0	0	0	0	0	0	0	0	0	0	0	0	0	0	0	0	0	0	0	0	0	0	
211716	Temporal_Sup_L	1508	0	4574	152	0	0	3702	0	0	0	3528	0	316	0	188	0	12056	0	1368	166	356	0	0	0	0	0	0	0	11838	0	0	0	0	0	86	138	1702	98	226	0	0	0	0	0	0	0	0	0	384	0	3482	0	142	0	900	0	2164	0	1334	0	1908	0	5814	0	2868	0	444	0	390	0	0	0	740	0	0	0	234	0	4084	0	0	0	5136	0	21460	0	860	0	11512	0	0	0	0	0	0	0	0	0	0	0	0	0	0	0	0	0	0	0	0	0	0	0	0	0	0	0	
124256	Temporal_Sup_R	0	0	0	0	0	0	0	0	0	0	0	0	0	0	0	84	0	1392	0	0	0	0	0	0	0	0	0	0	0	7466	0	0	0	0	0	0	0	5336	0	166	0	0	0	0	0	780	0	0	0	1076	0	1092	0	0	0	1820	0	1064	0	246	0	1992	0	4290	0	3150	0	1998	0	106	0	0	0	830	0	0	0	86	0	3012	0	0	0	2394	0	16544	0	180	0	7024	0	0	0	0	0	0	0	0	0	0	0	0	0	0	0	0	0	0	0	0	0	0	0	0	0	0	
70336	Temporal_Pole_Sup_L	142	0	1038	0	0	0	734	0	0	0	1408	0	294	0	1182	0	2530	0	406	0	438	0	0	0	0	0	0	0	4004	0	0	0	0	0	0	0	980	0	320	0	586	0	0	0	0	0	0	0	0	0	0	0	0	0	2638	0	0	0	0	0	0	0	0	0	0	0	0	0	0	0	0	0	0	0	0	0	0	0	0	0	5136	0	0	0	4790	0	2598	0	5944	0	0	0	0	0	0	0	0	0	0	0	0	0	0	0	0	0	0	0	0	0	0	0	0	0	0	0	
58256	Temporal_Pole_Sup_R	0	0	0	0	0	0	0	0	0	0	0	0	0	0	0	680	0	200	0	0	0	476	0	0	0	108	0	0	0	2206	0	322	0	0	0	0	0	842	0	2026	0	2018	0	0	0	0	0	0	0	0	0	0	0	0	0	5930	0	0	0	0	0	0	0	0	0	0	0	0	0	0	0	0	0	808	0	0	0	0	0	0	0	2394	0	0	0	2224	0	4124	0	4770	0	0	0	0	0	0	0	0	0	0	0	0	0	0	0	0	0	0	0	0	0	0	0	0	0	0	
228020	Temporal_Mid_L	252	0	94	0	0	0	0	0	0	0	0	0	0	0	0	0	4444	0	0	0	0	0	0	0	0	0	0	0	1438	0	0	0	0	0	90	118	536	0	0	0	0	0	1208	0	606	0	0	0	228	0	16106	0	2522	0	1734	0	4512	0	100	0	1100	0	3222	0	7272	0	804	0	0	0	0	0	0	0	0	0	186	0	5656	0	21460	0	4790	0	0	0	4086	0	31446	0	0	0	0	0	0	0	0	0	0	0	0	0	0	0	0	0	0	0	0	0	0	0	0	0	0	0	
224728	Temporal_Mid_R	0	238	0	0	0	0	0	0	0	0	0	0	0	0	0	0	0	0	0	0	0	0	0	0	0	0	0	0	0	2540	0	0	0	0	0	0	0	3138	0	140	0	0	0	6322	0	2588	0	826	0	1676	0	20944	0	3226	0	2424	0	3224	0	108	0	2718	0	4874	0	7670	0	3082	0	170	0	0	0	392	0	0	0	0	0	556	0	16544	0	2224	0	0	0	928	0	25710	0	0	0	0	0	0	0	0	0	0	0	0	0	0	0	0	0	0	0	0	102	0	0	0	0	0	
21456	Temporal_Pole_Mid_L	0	0	0	0	0	0	0	0	0	0	0	0	0	0	0	0	0	0	0	0	0	0	0	0	0	0	0	0	0	0	0	0	0	0	0	0	0	0	0	0	0	0	0	0	0	0	0	0	0	0	0	0	0	0	706	0	0	0	0	0	0	0	0	0	0	0	0	0	0	0	0	0	0	0	0	0	0	0	0	0	860	0	2598	0	4086	0	0	0	2478	0	0	0	0	0	0	0	0	0	0	0	0	0	0	0	0	0	0	0	0	0	0	0	0	0	0	0	
20596	Temporal_Pole_Mid_R	0	0	0	0	0	0	0	0	0	0	0	0	0	0	0	0	0	0	0	0	0	0	0	0	0	0	0	0	0	0	0	0	0	0	0	0	0	0	0	952	0	228	0	0	0	0	0	0	0	0	0	0	0	0	0	2278	0	0	0	0	0	0	0	0	0	0	0	0	0	0	0	0	0	0	0	0	0	0	0	0	0	180	0	4124	0	928	0	0	0	1608	0	0	0	0	0	0	0	0	0	0	0	0	0	0	0	0	0	0	0	0	0	0	0	0	0	0	
217628	Temporal_Inf_L	164	0	112	0	0	0	0	0	0	0	0	0	0	0	0	0	5288	0	0	0	192	0	0	0	0	0	0	0	4010	0	0	0	0	0	0	0	5756	0	134	0	186	0	674	0	286	0	108	0	594	0	9638	0	3532	0	9324	0	2510	0	1160	0	1042	0	168	0	646	0	1092	0	0	0	0	0	458	0	0	0	192	0	8430	0	11512	0	5944	0	31446	0	2478	0	0	0	1278	0	0	0	0	0	166	0	294	0	0	0	0	0	0	0	0	0	0	0	0	0	0	0	0	0	
164740	Temporal_Inf_R	0	466	0	0	0	0	0	0	0	0	0	0	0	0	0	0	0	0	0	0	0	0	0	0	0	0	0	0	0	2686	0	0	0	0	0	0	0	5542	0	568	0	90	0	316	0	104	0	248	0	180	0	3624	0	2802	0	15260	0	576	0	0	0	774	0	2026	0	3474	0	398	0	0	0	0	0	1638	0	0	0	0	0	266	0	7024	0	4770	0	25710	0	1608	0	0	0	1516	0	254	0	0	0	0	0	340	0	0	0	110	0	0	0	0	0	0	0	0	0	0	0	0	
302428	Cerebelum_Crus1_L	0	0	0	0	0	0	0	0	0	0	0	0	0	0	0	0	0	0	0	0	0	0	0	0	0	0	0	0	0	0	0	0	0	0	0	0	0	0	0	0	0	0	202	0	0	0	3456	2446	0	0	714	0	502	0	9000	426	0	0	0	0	0	0	0	0	0	0	0	0	0	0	0	0	0	0	0	0	0	0	0	0	0	0	0	0	0	0	0	0	1278	0	0	7332	18604	5654	0	0	14314	720	38766	10220	4064	994	5964	2012	106	558	0	0	0	0	2866	8770	11042	706	498	0	
271252	Cerebelum_Crus1_R	0	0	0	0	0	0	0	0	0	0	0	0	0	0	0	0	0	0	0	0	0	0	0	0	0	0	0	0	0	0	0	0	0	0	0	0	0	0	0	0	0	0	0	0	0	0	192	1598	0	0	0	0	0	0	456	8952	0	0	0	0	0	0	0	0	0	0	0	0	0	0	0	0	0	0	0	0	0	0	0	0	0	0	0	0	0	0	0	0	0	1516	7332	0	2678	23506	0	1016	884	9152	6672	38820	0	2386	0	11902	0	154	0	0	0	690	4096	6018	7606	0	0	0	
148812	Cerebelum_Crus2_L	0	0	0	0	0	0	0	0	0	0	0	0	0	0	0	0	0	0	0	0	0	0	0	0	0	0	0	0	0	0	0	0	0	0	0	0	0	0	0	0	0	0	0	0	0	0	0	126	0	0	0	0	0	0	276	0	0	0	0	0	0	0	0	0	0	0	0	0	0	0	0	0	0	0	0	0	0	0	0	0	0	0	0	0	0	0	0	0	0	0	18604	2678	0	7312	0	0	168	0	3420	1524	13260	3674	8708	3454	0	200	0	0	0	0	0	394	8970	1520	118	0	
212308	Cerebelum_Crus2_R	0	0	0	0	0	0	0	0	0	0	0	0	0	0	0	0	0	0	0	0	0	0	0	0	0	0	0	0	0	0	0	0	0	0	0	0	0	0	0	0	0	0	0	0	0	0	132	196	0	0	0	0	0	0	128	444	0	0	0	0	0	0	0	0	0	0	0	0	0	0	0	0	0	0	0	0	0	0	0	0	0	0	0	0	0	0	0	0	0	254	5654	23506	7312	0	0	90	656	934	1788	7040	3404	13986	1856	23048	88	748	0	0	0	0	968	1500	10602	1328	492	0	
10100	Cerebelum_3_L	0	0	0	0	0	0	0	0	0	0	0	0	0	0	0	0	0	0	0	0	0	0	0	0	0	0	0	0	0	0	0	0	0	0	0	0	0	0	182	0	0	0	0	0	0	0	0	0	0	0	0	0	0	0	0	0	0	0	0	0	0	0	0	0	0	0	0	0	0	0	0	0	0	0	0	0	0	0	0	0	0	0	0	0	0	0	0	0	0	0	0	0	0	0	0	0	2942	0	224	84	0	0	0	0	140	0	0	0	458	508	342	170	0	0	0	0	
28208	Cerebelum_3_R	0	0	0	0	0	0	0	0	0	0	0	0	0	0	0	0	0	0	0	0	0	0	0	0	0	0	0	0	0	0	0	0	0	0	0	0	0	434	0	628	0	0	0	0	0	0	0	324	0	0	0	0	0	0	0	312	0	0	0	0	0	0	0	0	0	0	0	0	0	0	0	0	0	0	0	0	0	132	0	0	0	0	0	0	0	0	0	0	0	0	0	1016	0	90	0	0	324	3704	210	2800	0	0	0	0	114	332	0	0	212	1310	448	614	242	454	404	0	
163800	Cerebelum_4_5_L	0	0	0	0	0	0	0	0	0	0	0	0	0	0	0	0	0	0	0	0	0	0	0	0	0	0	0	0	0	0	0	0	0	0	0	0	0	0	304	0	0	0	0	0	0	0	5336	560	0	0	0	0	0	0	4258	154	0	0	0	0	0	0	0	0	0	0	0	0	0	0	0	0	0	0	0	0	0	0	0	0	0	0	0	0	0	0	0	0	166	0	14314	884	168	656	2942	324	0	2690	20836	3676	322	0	1148	212	2970	838	122	0	292	816	10376	4192	476	1136	1102	630	
137240	Cerebelum_4_5_R	0	0	0	0	0	0	0	0	0	0	0	0	0	0	0	0	0	0	0	0	0	0	0	0	0	0	0	0	0	0	0	0	0	0	0	196	0	850	0	1620	0	0	0	138	0	0	764	2664	0	0	0	0	0	94	348	5498	0	0	0	0	0	0	0	0	0	0	0	546	0	0	0	0	0	188	0	0	0	162	0	0	0	0	0	0	0	0	0	0	0	0	720	9152	0	934	0	3704	2690	0	1544	21018	0	0	0	556	128	906	0	0	150	1886	8898	1280	600	652	642	92	
268500	Cerebelum_6_L	0	0	0	0	0	0	0	0	0	0	0	0	0	0	0	0	0	0	0	0	0	0	0	0	0	0	0	0	0	0	0	0	0	0	0	0	0	0	0	0	0	0	0	0	0	0	4206	3240	0	0	0	0	0	0	9442	638	0	0	0	0	0	0	0	0	0	0	0	0	0	0	0	0	0	0	0	0	0	0	0	0	0	0	0	0	0	0	0	0	294	0	38766	6672	3420	1788	224	210	20836	1544	0	11780	1554	0	2718	326	824	532	150	0	96	252	5928	11800	5370	964	676	0	
309908	Cerebelum_6_R	0	0	0	0	0	0	0	0	0	0	0	0	0	0	0	0	0	0	0	0	0	0	0	0	0	0	0	0	0	0	0	0	0	0	0	0	0	0	0	0	0	0	0	0	0	0	1166	5188	0	0	0	0	0	0	1388	10846	0	0	0	0	0	0	0	0	0	0	0	0	0	0	0	0	0	0	0	0	0	0	0	0	0	0	0	0	0	0	0	0	0	340	10220	38820	1524	7040	84	2800	3676	21018	11780	0	0	1204	0	4568	236	842	0	0	146	1540	10080	12266	7174	526	482	0	
89628	Cerebelum_7b_L	0	0	0	0	0	0	0	0	0	0	0	0	0	0	0	0	0	0	0	0	0	0	0	0	0	0	0	0	0	0	0	0	0	0	0	0	0	0	0	0	0	0	0	0	0	0	0	0	0	0	0	0	0	0	0	0	0	0	0	0	0	0	0	0	0	0	0	0	0	0	0	0	0	0	0	0	0	0	0	0	0	0	0	0	0	0	0	0	0	0	4064	0	13260	3404	0	0	322	0	1554	0	0	2850	10454	2598	0	128	146	0	0	0	0	0	3694	2222	118	0	
87980	Cerebelum_7b_R	0	0	0	0	0	0	0	0	0	0	0	0	0	0	0	0	0	0	0	0	0	0	0	0	0	0	0	0	0	0	0	0	0	0	0	0	0	0	0	0	0	0	0	0	0	0	0	0	0	0	0	0	0	0	0	0	0	0	0	0	0	0	0	0	0	0	0	0	0	0	0	0	0	0	0	0	0	0	0	0	0	0	0	0	0	0	0	0	0	0	994	2386	3674	13986	0	0	0	0	0	1204	2850	0	1162	13030	0	186	0	0	0	0	0	0	3420	1098	0	0	
83840	Cerebelum_8_L	0	0	0	0	0	0	0	0	0	0	0	0	0	0	0	0	0	0	0	0	0	0	0	0	0	0	0	0	0	0	0	0	0	0	0	0	0	0	0	0	0	0	0	0	0	0	0	0	0	0	0	0	0	0	0	0	0	0	0	0	0	0	0	0	0	0	0	0	0	0	0	0	0	0	0	0	0	0	0	0	0	0	0	0	0	0	0	0	0	0	5964	0	8708	1856	0	0	1148	0	2718	0	10454	1162	0	2134	1508	334	0	0	0	0	86	118	2352	2740	638	0	
152440	Cerebelum_8_R	0	0	0	0	0	0	0	0	0	0	0	0	0	0	0	0	0	0	0	0	0	0	0	0	0	0	0	0	0	0	0	0	0	0	0	0	0	0	0	0	0	0	0	0	0	0	0	0	0	0	0	0	0	0	0	182	0	0	0	0	0	0	0	0	0	0	0	0	0	0	0	0	0	0	0	0	0	0	0	0	0	0	0	0	0	0	0	0	0	110	2012	11902	3454	23048	0	0	212	556	326	4568	2598	13030	2134	0	0	3534	0	358	0	0	324	242	5108	1844	678	0	
23084	Cerebelum_9_L	0	0	0	0	0	0	0	0	0	0	0	0	0	0	0	0	0	0	0	0	0	0	0	0	0	0	0	0	0	0	0	0	0	0	0	0	0	0	0	0	0	0	0	0	0	0	0	0	0	0	0	0	0	0	0	0	0	0	0	0	0	0	0	0	0	0	0	0	0	0	0	0	0	0	0	0	0	0	0	0	0	0	0	0	0	0	0	0	0	0	106	0	0	88	140	114	2970	128	824	236	0	0	1508	0	0	380	816	0	0	0	1158	1190	278	778	688	140	
44420	Cerebelum_9_R	0	0	0	0	0	0	0	0	0	0	0	0	0	0	0	0	0	0	0	0	0	0	0	0	0	0	0	0	0	0	0	0	0	0	0	0	0	0	0	0	0	0	0	0	0	0	248	0	0	0	0	0	0	0	0	0	0	0	0	0	0	0	0	0	0	0	0	0	0	0	0	0	0	0	0	0	0	0	0	0	0	0	0	0	0	0	0	0	0	0	558	154	200	748	0	332	838	906	532	842	128	186	334	3534	380	0	0	838	0	148	1000	2062	1686	2730	2956	870	
2468	Cerebelum_10_L	0	0	0	0	0	0	0	0	0	0	0	0	0	0	0	0	0	0	0	0	0	0	0	0	0	0	0	0	0	0	0	0	0	0	0	0	0	0	0	0	0	0	0	0	0	0	0	0	0	0	0	0	0	0	0	0	0	0	0	0	0	0	0	0	0	0	0	0	0	0	0	0	0	0	0	0	0	0	0	0	0	0	0	0	0	0	0	0	0	0	0	0	0	0	0	0	122	0	150	0	146	0	0	0	816	0	0	0	0	0	0	0	0	0	0	0	
2392	Cerebelum_10_R	0	0	0	0	0	0	0	0	0	0	0	0	0	0	0	0	0	0	0	0	0	0	0	0	0	0	0	0	0	0	0	0	0	0	0	0	0	0	0	0	0	0	0	0	0	0	0	0	0	0	0	0	0	0	0	0	0	0	0	0	0	0	0	0	0	0	0	0	0	0	0	0	0	0	0	0	0	0	0	0	0	0	0	0	0	0	0	0	0	0	0	0	0	0	0	0	0	0	0	0	0	0	0	358	0	838	0	0	0	0	0	0	0	0	0	0	
9116	Vermis_1_2	0	0	0	0	0	0	0	0	0	0	0	0	0	0	0	0	0	0	0	0	0	0	0	0	0	0	0	0	0	0	0	0	0	0	0	0	0	0	0	0	0	0	0	0	0	0	0	0	0	0	0	0	0	0	0	0	0	0	0	0	0	0	0	0	0	0	0	0	0	0	0	0	0	0	0	0	0	0	0	0	0	0	0	0	0	0	0	0	0	0	0	0	0	0	458	212	292	150	96	146	0	0	0	0	0	0	0	0	0	2660	400	144	0	0	0	0	
25864	Vermis_3	0	0	0	0	0	0	0	0	0	0	0	0	0	0	0	0	0	0	0	0	0	0	0	0	0	0	0	0	0	0	0	0	0	0	0	0	0	0	0	0	0	0	0	0	0	0	150	0	0	0	0	0	0	0	0	0	0	0	0	0	0	0	0	0	0	0	0	0	0	0	0	0	0	0	0	0	0	0	0	0	0	0	0	0	0	0	0	0	0	0	0	690	0	0	508	1310	816	1886	252	1540	0	0	0	0	0	148	0	0	2660	0	1920	434	172	256	190	0	
145492	Vermis_4_5	0	0	0	0	0	0	0	0	0	0	0	0	0	0	0	0	0	0	0	0	0	0	0	0	0	0	0	0	0	0	0	0	0	302	0	774	0	224	0	0	0	0	0	438	0	282	2326	1846	0	0	0	0	0	0	808	2002	0	672	0	0	0	0	0	0	0	0	160	4540	0	278	0	0	0	0	0	0	0	0	0	0	0	0	0	0	0	102	0	0	0	0	2866	4096	0	968	342	448	10376	8898	5928	10080	0	0	86	324	1158	1000	0	0	400	1920	0	5400	378	1098	1086	1140	
149504	Vermis_6	0	0	0	0	0	0	0	0	0	0	0	0	0	0	0	0	0	0	0	0	0	0	0	0	0	0	0	0	0	0	0	0	0	0	0	0	0	0	0	0	0	0	0	0	0	0	1364	3618	0	0	0	0	0	0	1322	842	0	0	0	0	0	0	0	0	0	0	0	0	0	0	0	0	0	0	0	0	0	0	0	0	0	0	0	0	0	0	0	0	0	0	8770	6018	394	1500	170	614	4192	1280	11800	12266	0	0	118	242	1190	2062	0	0	144	434	5400	0	4696	2722	2518	1076	
161700	Vermis_7	0	0	0	0	0	0	0	0	0	0	0	0	0	0	0	0	0	0	0	0	0	0	0	0	0	0	0	0	0	0	0	0	0	0	0	0	0	0	0	0	0	0	0	0	0	0	106	970	0	0	0	0	0	0	512	432	0	0	0	0	0	0	0	0	0	0	0	0	0	0	0	0	0	0	0	0	0	0	0	0	0	0	0	0	0	0	0	0	0	0	11042	7606	8970	10602	0	242	476	600	5370	7174	3694	3420	2352	5108	278	1686	0	0	0	172	378	4696	0	2974	1990	0	
60840	Vermis_8	0	0	0	0	0	0	0	0	0	0	0	0	0	0	0	0	0	0	0	0	0	0	0	0	0	0	0	0	0	0	0	0	0	0	0	0	0	0	0	0	0	0	0	0	0	0	344	0	0	0	0	0	0	0	0	0	0	0	0	0	0	0	0	0	0	0	0	0	0	0	0	0	0	0	0	0	0	0	0	0	0	0	0	0	0	0	0	0	0	0	706	0	1520	1328	0	454	1136	652	964	526	2222	1098	2740	1844	778	2730	0	0	0	256	1098	2722	2974	0	3742	586	
40132	Vermis_9	0	0	0	0	0	0	0	0	0	0	0	0	0	0	0	0	0	0	0	0	0	0	0	0	0	0	0	0	0	0	0	0	0	0	0	0	0	0	0	0	0	0	0	0	0	0	298	0	0	0	0	0	0	0	0	0	0	0	0	0	0	0	0	0	0	0	0	0	0	0	0	0	0	0	0	0	0	0	0	0	0	0	0	0	0	0	0	0	0	0	498	0	118	492	0	404	1102	642	676	482	118	0	638	678	688	2956	0	0	0	190	1086	2518	1990	3742	0	750	
10808	Vermis_10	0	0	0	0	0	0	0	0	0	0	0	0	0	0	0	0	0	0	0	0	0	0	0	0	0	0	0	0	0	0	0	0	0	0	0	0	0	0	0	0	0	0	0	0	0	0	120	0	0	0	0	0	0	0	0	0	0	0	0	0	0	0	0	0	0	0	0	0	0	0	0	0	0	0	0	0	0	0	0	0	0	0	0	0	0	0	0	0	0	0	0	0	0	0	0	0	630	92	0	0	0	0	0	0	140	870	0	0	0	0	1140	1076	0	586	750	0	
