data	data	364168	275944	950680	959120	150928	89356	483240	213872	107040	30616	187388	202816	251476	102596	183384	68884	170768	138008	540636	972756	99020	82860	483888	432052	32828	133456	80464	83700	531540	311140	434572	671320	234316	525720	184628	225716	255956	307484	91732	172348	49848	46752	280820	293332	134904	349192	306096	362468	186904	385084	394592	200180	101960	42548	356032	391036	293968	227968	155812	68568	182760	105332	68660	134148	95016	89776	358760	412892	137972	144220	287756	320768	274848	351800	39764	17916	92744	198888	73852	32432	172916	92300	119924	35980	264616	175532	30216	21560	262876	172248	425684	378212	304928	265812	14788	66720	272404	260792	424920	400472	283512	125600	310476	223764	130992	132488	42460	10028	32548	95796	428320	253524	213032	141200	95684	28988	
data	data	Precentral_L	Precentral_R	Frontal_Sup_L	Frontal_Sup_R	Frontal_Sup_Orb_L	Frontal_Sup_Orb_R	Frontal_Mid_L	Frontal_Mid_R	Frontal_Mid_Orb_L	Frontal_Mid_Orb_R	Frontal_Inf_Oper_L	Frontal_Inf_Oper_R	Frontal_Inf_Tri_L	Frontal_Inf_Tri_R	Frontal_Inf_Orb_L	Frontal_Inf_Orb_R	Rolandic_Oper_L	Rolandic_Oper_R	Supp_Motor_Area_L	Supp_Motor_Area_R	Olfactory_L	Olfactory_R	Frontal_Sup_Medial_L	Frontal_Sup_Medial_R	Frontal_Med_Orb_L	Frontal_Med_Orb_R	Rectus_L	Rectus_R	Insula_L	Insula_R	Cingulum_Ant_L	Cingulum_Ant_R	Cingulum_Mid_L	Cingulum_Mid_R	Cingulum_Post_L	Cingulum_Post_R	Hippocampus_L	Hippocampus_R	ParaHippocampal_L	ParaHippocampal_R	Amygdala_L	Amygdala_R	Calcarine_L	Calcarine_R	Cuneus_L	Cuneus_R	Lingual_L	Lingual_R	Occipital_Sup_L	Occipital_Sup_R	Occipital_Mid_L	Occipital_Mid_R	Occipital_Inf_L	Occipital_Inf_R	Fusiform_L	Fusiform_R	Postcentral_L	Postcentral_R	Parietal_Sup_L	Parietal_Sup_R	Parietal_Inf_L	Parietal_Inf_R	SupraMarginal_L	SupraMarginal_R	Angular_L	Angular_R	Precuneus_L	Precuneus_R	Paracentral_Lobule_L	Paracentral_Lobule_R	Caudate_L	Caudate_R	Putamen_L	Putamen_R	Pallidum_L	Pallidum_R	Thalamus_L	Thalamus_R	Heschl_L	Heschl_R	Temporal_Sup_L	Temporal_Sup_R	Temporal_Pole_Sup_L	Temporal_Pole_Sup_R	Temporal_Mid_L	Temporal_Mid_R	Temporal_Pole_Mid_L	Temporal_Pole_Mid_R	Temporal_Inf_L	Temporal_Inf_R	Cerebelum_Crus1_L	Cerebelum_Crus1_R	Cerebelum_Crus2_L	Cerebelum_Crus2_R	Cerebelum_3_L	Cerebelum_3_R	Cerebelum_4_5_L	Cerebelum_4_5_R	Cerebelum_6_L	Cerebelum_6_R	Cerebelum_7b_L	Cerebelum_7b_R	Cerebelum_8_L	Cerebelum_8_R	Cerebelum_9_L	Cerebelum_9_R	Cerebelum_10_L	Cerebelum_10_R	Vermis_1_2	Vermis_3	Vermis_4_5	Vermis_6	Vermis_7	Vermis_8	Vermis_9	Vermis_10	
364168	Precentral_L	0	2402	7332	4218	0	0	21668	0	0	0	10534	0	2256	0	0	0	10046	0	1524	6860	0	0	0	146	0	0	0	0	12662	0	270	334	128	1976	3406	3324	3978	246	0	0	0	0	316	0	136	0	274	0	0	0	2912	0	516	0	172	0	30976	210	2378	0	3950	0	454	0	376	0	650	0	3584	1620	11232	2758	3296	0	1374	0	11326	3434	2920	0	2036	0	0	0	1284	0	0	0	590	0	0	0	0	0	0	0	0	0	0	0	0	0	0	0	0	0	0	0	0	0	0	0	0	0	0	0	
275944	Precentral_R	2402	0	120	10378	0	0	134	6636	0	0	0	4110	0	150	0	0	0	1456	1732	12502	0	0	0	0	0	0	0	0	110	1230	0	0	588	2810	2420	2988	606	5342	0	156	0	0	0	828	0	2456	0	1096	0	2538	0	766	0	0	0	168	198	27726	0	570	0	3044	0	6162	0	0	490	4634	6212	5082	0	2844	0	1442	0	0	756	11436	0	490	0	506	0	0	0	1034	0	0	0	1194	0	0	0	0	0	0	0	0	0	0	0	0	0	0	0	0	0	0	0	0	430	0	0	0	0	0	
950680	Frontal_Sup_L	7332	120	0	16528	10770	0	69902	226	6450	0	13642	0	21476	0	10298	0	7522	0	60742	24944	648	172	52052	12262	468	654	1310	126	33586	132	30062	16112	9762	8352	0	0	4328	0	1234	0	0	0	0	0	0	0	0	0	0	0	0	0	0	0	1180	0	1266	0	0	0	138	0	0	0	0	0	0	0	982	0	13218	1902	22364	358	4038	0	2832	146	428	0	2134	0	2722	0	0	0	0	0	420	0	0	0	0	0	0	0	0	0	0	0	0	0	0	0	0	0	0	0	0	0	0	0	0	0	0	0	
959120	Frontal_Sup_R	4218	10378	16528	0	0	7046	2500	32748	0	2450	138	17342	160	7458	100	5598	0	9898	14478	97514	0	410	10416	38814	0	6156	0	2396	928	21268	7800	46426	4146	24406	294	224	174	5600	0	2752	0	0	0	0	0	0	0	0	0	0	370	0	0	0	0	2920	328	1028	0	0	0	216	0	478	0	0	0	0	848	0	10568	23558	886	21206	116	1248	200	14448	0	0	0	0	0	0	0	0	0	0	0	378	0	0	0	0	0	0	0	0	0	0	0	0	0	0	0	0	0	0	0	0	0	0	0	0	0	0	
150928	Frontal_Sup_Orb_L	0	0	10770	0	0	0	778	0	12910	0	0	0	178	0	10862	0	0	0	0	0	3560	0	6038	1026	2880	180	8764	0	5498	0	4482	686	0	0	0	0	100	0	0	0	194	0	0	0	0	0	0	0	0	0	0	0	0	0	0	0	0	0	0	0	0	0	0	0	0	0	0	0	0	0	816	0	4906	0	0	0	0	0	0	0	0	0	836	0	0	0	0	0	0	0	0	0	0	0	0	0	0	0	0	0	0	0	0	0	0	0	0	0	0	0	0	0	0	0	0	0	
89356	Frontal_Sup_Orb_R	0	0	0	7046	0	0	0	374	0	1958	0	0	0	134	0	1036	0	0	106	1580	0	1508	672	4492	0	6628	0	7604	0	1428	354	2752	208	1100	0	0	0	0	0	0	0	0	0	0	0	0	0	0	0	0	0	0	0	0	0	0	0	0	0	0	0	0	0	0	0	0	0	0	0	0	0	2184	0	3514	0	0	0	0	0	0	0	0	0	0	0	0	0	0	0	0	0	0	0	0	0	0	0	0	0	0	0	0	0	0	0	0	0	0	0	0	0	0	0	0	0	0	
483240	Frontal_Mid_L	21668	134	69902	2500	778	0	0	0	4764	0	9580	0	38760	0	8806	0	1246	0	9164	2598	0	0	18948	2518	0	0	0	0	11092	0	7714	2930	3064	1030	414	346	1656	0	0	0	0	0	0	0	0	0	0	0	0	0	356	0	0	0	0	0	2052	0	232	0	610	0	332	0	0	0	106	0	0	0	5258	1554	3962	0	1708	0	4774	128	256	0	294	0	386	0	0	0	0	0	0	0	0	0	0	0	0	0	0	0	0	0	0	0	0	0	0	0	0	0	0	0	0	0	0	0	0	0	
213872	Frontal_Mid_R	0	6636	226	32748	0	374	0	0	0	516	0	6382	0	10766	0	1808	0	2426	648	5198	0	124	710	3100	0	0	0	552	0	5616	402	2656	242	2146	120	120	0	3886	0	1538	0	0	0	0	0	0	0	0	0	0	0	0	0	0	0	1562	0	1220	0	288	0	1314	0	2470	0	0	0	0	0	0	0	1204	0	8876	0	0	0	854	0	0	0	0	0	0	0	0	0	0	0	208	0	0	0	0	0	0	0	0	0	0	0	0	0	0	0	0	0	0	0	0	0	0	0	0	0	0	
107040	Frontal_Mid_Orb_L	0	0	6450	0	12910	0	4764	0	0	0	0	0	2994	0	13722	0	0	0	526	0	560	0	670	108	148	0	2486	0	4500	0	512	118	0	0	0	0	0	0	0	0	0	0	0	0	0	0	0	0	0	0	0	0	0	0	0	0	0	0	0	0	0	0	0	0	0	0	0	0	0	0	134	0	2270	0	0	0	0	0	0	0	0	0	648	0	0	0	0	0	0	0	0	0	0	0	0	0	0	0	0	0	0	0	0	0	0	0	0	0	0	0	0	0	0	0	0	0	
30616	Frontal_Mid_Orb_R	0	0	0	2450	0	1958	0	516	0	0	0	338	0	334	0	5206	0	164	0	1692	0	0	0	278	0	0	0	166	0	886	0	140	0	246	0	0	0	0	0	0	0	0	0	0	0	0	0	0	0	0	0	0	0	0	0	0	0	0	0	0	0	0	0	0	0	0	0	0	0	0	0	128	0	806	0	0	0	0	0	0	0	0	0	0	0	0	0	0	0	0	0	0	0	0	0	0	0	0	0	0	0	0	0	0	0	0	0	0	0	0	0	0	0	0	0	0	
187388	Frontal_Inf_Oper_L	10534	0	13642	138	0	0	9580	0	0	0	0	0	9954	0	108	0	6940	0	6568	170	0	0	192	0	0	0	0	0	18996	0	0	0	0	0	0	0	830	0	206	0	0	0	0	0	0	0	0	0	0	0	886	0	0	0	148	0	2950	0	378	0	596	0	320	0	0	0	148	0	0	0	602	244	2274	0	136	0	302	0	218	0	2532	0	4102	0	0	0	0	0	0	0	0	0	0	0	0	0	0	0	0	0	0	0	0	0	0	0	0	0	0	0	0	0	0	0	0	0	
202816	Frontal_Inf_Oper_R	0	4110	0	17342	0	0	0	6382	0	338	0	0	0	8730	0	1494	0	8448	0	10638	0	0	266	1006	0	102	0	192	0	20160	740	5070	182	3038	0	0	0	630	0	224	0	0	0	0	0	0	0	0	0	0	0	0	0	0	0	336	0	2600	0	214	0	896	0	1334	0	0	0	0	0	0	0	430	0	6174	0	0	0	332	0	0	0	0	0	0	0	0	0	0	0	0	0	0	0	0	0	0	0	0	0	0	0	0	0	0	0	0	0	0	0	0	0	0	0	0	0	0	
251476	Frontal_Inf_Tri_L	2256	0	21476	160	178	0	38760	0	2994	0	9954	0	0	0	13768	0	514	0	9510	742	0	0	2836	320	0	0	0	0	17732	0	400	136	232	328	0	0	190	0	0	0	0	0	0	0	0	0	0	0	0	0	0	0	0	0	0	0	230	0	0	0	0	0	0	0	0	0	0	0	0	0	0	0	1310	0	274	0	166	0	0	0	106	0	1166	0	0	0	0	0	0	0	0	0	0	0	0	0	0	0	0	0	0	0	0	0	0	0	0	0	0	0	0	0	0	0	0	0	
102596	Frontal_Inf_Tri_R	0	150	0	7458	0	134	0	10766	0	334	0	8730	0	0	0	3448	0	458	0	2766	0	0	0	658	0	0	0	0	0	10184	0	498	0	526	0	0	0	452	0	184	0	0	0	0	0	0	0	0	0	0	0	0	0	0	0	314	0	122	0	0	0	0	0	0	0	0	0	0	0	0	0	258	0	3666	0	0	0	192	0	0	0	0	0	0	0	0	0	0	0	0	0	0	0	0	0	0	0	0	0	0	0	0	0	0	0	0	0	0	0	0	0	0	0	0	0	0	
183384	Frontal_Inf_Orb_L	0	0	10298	100	10862	0	8806	0	13722	0	108	0	13768	0	0	0	0	0	2070	104	3520	0	854	0	248	0	2708	0	15194	0	538	0	138	0	0	0	336	0	154	0	456	0	0	0	0	0	0	0	0	0	0	0	0	0	164	0	0	0	0	0	0	0	0	0	0	0	0	0	0	0	612	0	3828	0	0	0	0	0	0	0	0	0	3104	0	0	0	0	0	0	0	0	0	0	0	0	0	0	0	0	0	0	0	0	0	0	0	0	0	0	0	0	0	0	0	0	0	
68884	Frontal_Inf_Orb_R	0	0	0	5598	0	1036	0	1808	0	5206	0	1494	0	3448	0	0	0	740	98	4484	0	494	0	754	0	0	0	516	0	5126	0	244	0	838	0	0	0	0	0	0	0	0	0	0	0	0	0	0	0	0	0	0	0	0	0	0	0	0	0	0	0	0	0	0	0	0	0	0	0	0	0	540	0	2018	0	0	0	0	0	0	0	0	0	0	0	0	0	0	0	0	0	0	0	0	0	0	0	0	0	0	0	0	0	0	0	0	0	0	0	0	0	0	0	0	0	0	
170768	Rolandic_Oper_L	10046	0	7522	0	0	0	1246	0	0	0	6940	0	514	0	0	0	0	0	816	102	0	0	0	0	0	0	0	0	16884	0	0	0	0	0	164	118	786	0	0	0	0	0	170	0	0	0	108	0	0	0	1390	0	98	0	132	0	10476	0	344	0	380	0	730	0	1112	0	336	0	0	0	490	0	662	0	0	0	322	0	4542	0	9560	0	3072	0	2728	0	0	0	3594	0	0	0	0	0	0	0	0	0	0	0	0	0	0	0	0	0	0	0	0	0	0	0	0	0	0	0	
138008	Rolandic_Oper_R	0	1456	0	9898	0	0	0	2426	0	164	0	8448	0	458	0	740	0	0	0	6396	0	0	108	390	0	0	0	98	0	17634	316	2150	0	1000	126	142	0	884	0	108	0	0	0	0	0	116	0	0	0	130	0	0	0	0	0	222	0	4592	0	0	0	170	0	2032	0	0	0	210	0	0	0	268	0	3902	0	168	0	668	0	1126	0	2458	0	0	0	0	0	0	0	0	0	0	0	0	0	0	0	0	0	0	0	0	0	0	0	0	0	0	0	0	0	0	0	0	0	0	
540636	Supp_Motor_Area_L	1524	1732	60742	14478	0	106	9164	648	526	0	6568	0	9510	0	2070	98	816	0	0	49200	0	0	13156	3126	0	0	0	0	15050	272	11956	6778	15600	16480	1252	860	1032	0	382	0	0	0	0	0	0	0	0	0	0	0	0	0	0	0	414	0	168	166	0	0	0	0	0	0	0	0	100	168	6782	1160	5086	2454	7280	738	1072	152	0	200	0	0	266	0	830	0	0	0	0	0	156	0	0	0	0	0	0	0	0	0	0	0	0	0	0	0	0	0	0	0	0	0	0	0	0	0	0	0	
972756	Supp_Motor_Area_R	6860	12502	24944	97514	0	1580	2598	5198	0	1692	170	10638	742	2766	104	4484	102	6396	49200	0	0	146	3616	15500	0	1780	0	738	2744	12718	5644	34484	14682	51320	4692	6338	198	3242	0	1468	0	0	0	0	0	294	0	0	0	306	390	0	0	0	0	1296	458	2294	0	0	0	0	0	302	0	0	156	614	14222	13930	12440	26172	1708	12838	126	2236	0	9272	0	0	0	0	0	0	0	182	0	0	0	186	0	0	0	0	0	0	0	0	0	0	0	0	0	0	0	0	0	0	0	0	156	0	0	0	0	0	
99020	Olfactory_L	0	0	648	0	3560	0	0	0	560	0	0	0	0	0	3520	0	0	0	0	0	0	5008	0	0	1244	206	4122	996	6238	0	2294	2230	0	0	0	0	710	0	858	0	1824	0	0	0	0	0	0	0	0	0	0	0	0	0	356	0	0	0	0	0	0	0	0	0	0	0	0	0	0	0	7436	2964	2202	154	0	0	0	0	0	0	0	0	2380	0	0	0	0	0	0	0	0	0	0	0	0	0	0	0	0	0	0	0	0	0	0	0	0	0	0	0	0	0	0	0	0	0	
82860	Olfactory_R	0	0	172	410	0	1508	0	124	0	0	0	0	0	0	0	494	0	0	0	146	5008	0	0	134	204	1754	1526	4652	674	1792	1696	3934	0	0	0	0	0	0	0	0	434	104	0	0	0	0	0	0	0	0	0	0	0	0	0	0	0	0	0	0	0	0	0	0	0	0	0	0	0	0	6742	5560	3016	652	102	0	0	0	0	0	0	0	592	0	0	0	0	0	0	0	0	0	0	0	0	0	0	0	0	0	0	0	0	0	0	0	0	0	0	0	0	0	0	0	0	0	
483888	Frontal_Sup_Medial_L	0	0	52052	10416	6038	672	18948	710	670	0	192	266	2836	0	854	0	0	108	13156	3616	0	0	0	27586	2108	2440	1216	0	1256	540	37532	28340	10862	14622	0	0	0	0	0	0	0	0	0	0	0	0	0	0	0	0	0	0	0	0	0	0	0	0	0	0	0	0	0	0	0	0	0	0	0	0	536	560	2622	1190	0	0	0	0	0	0	0	0	0	0	0	0	0	0	0	0	0	0	0	0	0	0	0	0	0	0	0	0	0	0	0	0	0	0	0	0	0	0	0	0	0	0	
432052	Frontal_Sup_Medial_R	146	0	12262	38814	1026	4492	2518	3100	108	278	0	1006	320	658	0	754	0	390	3126	15500	0	134	27586	0	318	12818	216	1112	676	1580	14056	38350	2994	18104	0	0	0	0	0	0	0	0	0	0	0	0	0	0	0	0	0	0	0	0	0	0	0	0	0	0	0	0	0	0	0	0	0	0	0	0	582	6312	486	6204	0	0	0	0	0	0	0	0	0	0	0	0	0	0	0	0	0	0	0	0	0	0	0	0	0	0	0	0	0	0	0	0	0	0	0	0	0	0	0	0	0	0	
32828	Frontal_Med_Orb_L	0	0	468	0	2880	0	0	0	148	0	0	0	0	0	248	0	0	0	0	0	1244	204	2108	318	0	394	2628	0	322	0	3670	586	0	0	0	0	0	0	0	0	0	0	0	0	0	0	0	0	0	0	0	0	0	0	0	0	0	0	0	0	0	0	0	0	0	0	0	0	0	0	912	0	148	0	0	0	0	0	0	0	0	0	136	0	0	0	0	0	0	0	0	0	0	0	0	0	0	0	0	0	0	0	0	0	0	0	0	0	0	0	0	0	0	0	0	0	
133456	Frontal_Med_Orb_R	0	0	654	6156	180	6628	0	0	0	0	0	102	0	0	0	0	0	0	0	1780	206	1754	2440	12818	394	0	422	8186	0	108	4124	11864	0	596	0	0	0	0	0	0	0	0	0	0	0	0	0	0	0	0	0	0	0	0	0	0	0	0	0	0	0	0	0	0	0	0	0	0	0	0	216	4488	0	3612	0	0	0	0	0	0	0	0	0	0	0	0	0	0	0	0	0	0	0	0	0	0	0	0	0	0	0	0	0	0	0	0	0	0	0	0	0	0	0	0	0	0	
80464	Rectus_L	0	0	1310	0	8764	0	0	0	2486	0	0	0	0	0	2708	0	0	0	0	0	4122	1526	1216	216	2628	422	0	942	2904	0	2996	958	0	0	0	0	0	0	0	0	576	0	0	0	0	0	0	0	0	0	0	0	0	0	0	0	0	0	0	0	0	0	0	0	0	0	0	0	0	0	2652	542	2100	0	0	0	0	0	0	0	0	0	1164	0	0	0	0	0	0	0	0	0	0	0	0	0	0	0	0	0	0	0	0	0	0	0	0	0	0	0	0	0	0	0	0	0	
83700	Rectus_R	0	0	126	2396	0	7604	0	552	0	166	0	192	0	0	0	516	0	98	0	738	996	4652	0	1112	0	8186	942	0	174	1094	1186	5170	0	0	0	0	0	0	0	0	130	0	0	0	0	0	0	0	0	0	0	0	0	0	0	0	0	0	0	0	0	0	0	0	0	0	0	0	0	0	894	2810	304	1666	0	0	0	0	0	0	0	0	146	0	0	0	0	0	0	0	0	0	0	0	0	0	0	0	0	0	0	0	0	0	0	0	0	0	0	0	0	0	0	0	0	0	
531540	Insula_L	12662	110	33586	928	5498	0	11092	0	4500	0	18996	0	17732	0	15194	0	16884	0	15050	2744	6238	674	1256	676	322	0	2904	174	0	0	1446	852	414	714	548	526	14130	244	4680	0	2304	0	0	0	0	0	0	0	0	0	2510	0	370	0	5872	0	9492	0	760	0	1040	0	502	0	236	0	208	0	0	0	3490	360	17274	0	130	0	2244	342	4574	0	6534	0	9944	0	2092	0	0	0	4718	0	0	0	0	0	0	0	0	0	0	0	0	0	0	0	0	0	0	0	0	0	0	0	0	0	0	0	
311140	Insula_R	0	1230	132	21268	0	1428	0	5616	0	886	0	20160	0	10184	0	5126	0	17634	272	12718	0	1792	540	1580	0	108	0	1094	0	0	766	5214	268	3344	490	504	0	6284	0	2072	0	1668	0	0	0	0	0	0	0	0	0	0	0	0	0	2554	0	1226	0	0	0	0	0	0	0	0	0	124	0	0	0	826	0	21282	0	0	0	2050	0	738	0	2510	0	618	0	380	0	0	0	884	0	0	0	0	0	0	0	0	0	0	0	0	0	0	0	0	0	0	0	0	0	0	0	0	0	0	
434572	Cingulum_Ant_L	270	0	30062	7800	4482	354	7714	402	512	0	0	740	400	0	538	0	0	316	11956	5644	2294	1696	37532	14056	3670	4124	2996	1186	1446	766	0	37000	12252	8392	0	0	0	0	0	0	98	0	0	0	0	0	0	0	0	0	0	0	0	0	0	0	0	0	0	0	0	0	0	0	0	0	0	0	0	0	7080	3048	7278	978	0	0	0	0	0	0	0	0	204	0	0	0	0	0	0	0	0	0	0	0	0	0	0	0	0	0	0	0	0	0	0	0	0	0	0	0	0	0	0	0	0	0	
671320	Cingulum_Ant_R	334	0	16112	46426	686	2752	2930	2656	118	140	0	5070	136	498	0	244	0	2150	6778	34484	2230	3934	28340	38350	586	11864	958	5170	852	5214	37000	0	8158	31836	0	0	0	0	0	0	134	0	0	0	0	0	0	0	0	0	0	0	0	0	0	0	112	0	0	0	0	0	0	0	0	0	0	0	0	0	7314	17664	3634	10612	0	0	0	0	0	0	0	0	184	0	0	0	0	0	0	0	0	0	0	0	0	0	0	0	0	0	0	0	0	0	0	0	0	0	0	0	0	0	0	0	0	0	
234316	Cingulum_Mid_L	128	588	9762	4146	0	208	3064	242	0	0	0	182	232	0	138	0	0	0	15600	14682	0	0	10862	2994	0	0	0	0	414	268	12252	8158	0	15720	3954	1196	260	0	0	0	0	0	170	0	348	0	140	0	0	0	112	0	0	0	98	0	436	0	0	0	186	0	0	0	136	0	1622	858	3176	1182	1626	218	1132	274	0	0	0	0	0	0	0	0	0	0	0	0	0	0	0	0	0	0	0	0	0	0	0	0	0	0	0	0	0	0	0	0	0	0	0	0	394	0	0	0	0	0	
525720	Cingulum_Mid_R	1976	2810	8352	24406	0	1100	1030	2146	0	246	0	3038	328	526	0	838	0	1000	16480	51320	0	0	14622	18104	0	596	0	0	714	3344	8392	31836	15720	0	3754	11712	0	100	0	0	0	0	0	0	0	786	0	0	0	550	0	148	0	0	0	0	130	1402	0	132	0	0	0	0	0	0	324	5430	8118	10908	1790	1978	318	2574	0	0	0	0	0	0	0	0	0	0	0	198	0	0	0	0	0	0	0	0	0	0	0	0	0	0	0	0	0	0	0	0	0	0	0	0	3584	0	0	0	0	0	
184628	Cingulum_Post_L	3406	2420	0	294	0	0	414	120	0	0	0	0	0	0	0	0	164	126	1252	4692	0	0	0	0	0	0	0	0	548	490	0	0	3954	3754	0	15192	5914	5348	1082	1320	0	0	5844	0	912	0	3420	178	0	0	616	0	1364	0	532	462	1956	480	102	0	340	0	0	0	0	0	9434	1132	3966	3044	0	158	0	546	0	0	100	5298	366	0	0	0	0	0	432	0	0	0	346	0	0	0	0	0	0	0	436	0	0	0	0	0	0	0	0	0	0	0	0	0	360	0	0	0	0	0	
225716	Cingulum_Post_R	3324	2988	0	224	0	0	346	120	0	0	0	0	0	0	0	0	118	142	860	6338	0	0	0	0	0	0	0	0	526	504	0	0	1196	11712	15192	0	3996	8752	220	2714	0	0	0	594	0	1236	0	3066	0	1168	0	200	106	102	136	626	646	2196	0	98	0	0	0	0	0	0	2020	15232	1382	5674	0	174	0	546	0	0	190	5650	316	0	0	118	0	0	0	220	0	0	0	380	0	0	0	0	0	0	0	382	0	0	0	0	0	0	0	0	0	0	0	0	11128	0	0	0	0	0	
255956	Hippocampus_L	3978	606	4328	174	100	0	1656	0	0	0	830	0	190	0	336	0	786	0	1032	198	710	0	0	0	0	0	0	0	14130	0	0	0	260	0	5914	3996	0	3606	11668	1120	7992	0	2084	0	0	0	3608	158	0	0	326	0	454	0	15130	422	2110	0	0	0	0	0	0	0	0	0	3224	610	0	0	398	0	6204	0	618	0	4786	4762	1640	0	2230	0	1814	0	1182	0	0	0	11166	0	108	0	0	0	0	0	958	0	130	0	0	0	0	0	0	0	0	0	0	0	246	0	0	0	0	0	
307484	Hippocampus_R	246	5342	0	5600	0	0	0	3886	0	0	0	630	0	452	0	0	0	884	0	3242	0	0	0	0	0	0	0	0	244	6284	0	0	0	100	5348	8752	3606	0	250	22614	0	6780	0	620	0	366	294	4180	0	388	0	0	0	232	0	22830	130	1666	0	0	0	246	0	212	0	200	1160	4622	0	214	0	234	0	15640	0	756	114	9248	258	864	0	1720	0	916	0	1178	0	360	0	7164	0	0	0	0	0	0	194	1150	0	270	0	0	0	0	0	0	0	0	0	0	2056	0	0	0	0	0	
91732	ParaHippocampal_L	0	0	1234	0	0	0	0	0	0	0	206	0	0	0	154	0	0	0	382	0	858	0	0	0	0	0	0	0	4680	0	0	0	0	0	1082	220	11668	250	0	186	2796	0	1120	0	0	0	4066	0	0	0	166	0	764	0	8336	0	0	0	0	0	0	0	0	0	0	0	1758	0	0	0	0	0	1140	0	0	0	0	124	0	0	330	0	1168	0	262	0	0	0	2026	0	0	0	0	0	106	0	784	0	0	0	0	0	0	0	0	0	0	0	0	0	0	0	0	0	0	0	
172348	ParaHippocampal_R	0	156	0	2752	0	0	0	1538	0	0	0	224	0	184	0	0	0	108	0	1468	0	0	0	0	0	0	0	0	0	2072	0	0	0	0	1320	2714	1120	22614	186	0	0	4986	0	454	0	0	0	4638	0	0	0	0	0	170	0	16050	0	0	0	0	0	0	0	0	0	0	644	2930	0	0	0	0	0	7542	0	662	0	2786	0	118	0	384	0	1632	0	184	0	832	0	2864	0	0	0	0	0	0	0	1644	0	292	0	0	0	0	0	0	0	0	0	0	906	0	0	0	0	0	
49848	Amygdala_L	0	0	0	0	194	0	0	0	0	0	0	0	0	0	456	0	0	0	0	0	1824	434	0	0	0	0	576	130	2304	0	98	134	0	0	0	0	7992	0	2796	0	0	0	0	0	0	0	0	0	0	0	0	0	0	0	3842	0	0	0	0	0	0	0	0	0	0	0	0	0	0	0	498	146	312	0	0	0	0	0	0	0	0	0	1442	0	0	0	0	0	1746	0	0	0	0	0	0	0	0	0	0	0	0	0	0	0	0	0	0	0	0	0	0	0	0	0	0	0	
46752	Amygdala_R	0	0	0	0	0	0	0	0	0	0	0	0	0	0	0	0	0	0	0	0	0	104	0	0	0	0	0	0	0	1668	0	0	0	0	0	0	0	6780	0	4986	0	0	0	0	0	0	0	0	0	0	0	0	0	0	0	4226	0	0	0	0	0	0	0	0	0	0	0	0	0	0	0	0	0	2128	0	0	0	0	0	0	0	0	0	1146	0	0	0	788	0	1550	0	0	0	0	0	0	0	0	0	0	0	0	0	0	0	0	0	0	0	0	0	0	0	0	0	0	
280820	Calcarine_L	316	0	0	0	0	0	0	0	0	0	0	0	0	0	0	0	170	0	0	0	0	0	0	0	0	0	0	0	0	0	0	0	170	0	5844	0	2084	0	1120	0	0	0	0	9740	8976	5916	17464	4338	13574	5090	24318	1796	3272	0	1722	464	2914	0	1904	0	1226	0	0	0	0	0	20616	436	1024	0	0	0	0	0	0	0	0	0	0	0	168	0	0	0	3018	152	0	0	1772	0	0	0	0	0	0	0	632	0	0	0	0	0	0	0	0	0	0	0	0	0	174	0	0	0	0	0	
293332	Calcarine_R	0	828	0	0	0	0	0	0	0	0	0	0	0	0	0	0	0	0	0	0	0	0	0	0	0	0	0	0	0	0	0	0	0	0	0	594	0	620	0	454	0	0	9740	0	3890	23208	2066	29900	210	25808	0	16910	0	2002	0	4222	0	1040	0	100	0	0	0	320	0	0	1994	13356	0	224	0	0	0	0	0	0	0	0	0	134	0	148	0	0	0	5480	0	0	0	2870	0	0	0	0	0	0	0	0	0	0	0	0	0	0	0	0	0	0	0	0	548	0	0	0	0	0	
134904	Cuneus_L	136	0	0	0	0	0	0	0	0	0	0	0	0	0	0	0	0	0	0	0	0	0	0	0	0	0	0	0	0	0	0	0	348	0	912	0	0	0	0	0	0	0	8976	3890	0	6994	1688	130	15110	4118	7818	0	154	0	0	0	896	0	2206	0	1094	0	0	0	266	0	11080	652	0	0	0	0	0	0	0	0	0	0	0	0	0	0	0	0	636	0	0	0	348	0	0	0	0	0	0	0	0	0	0	0	0	0	0	0	0	0	0	0	0	0	0	0	0	0	0	0	
349192	Cuneus_R	0	2456	0	0	0	0	0	0	0	0	0	0	0	0	0	0	0	116	0	294	0	0	0	0	0	0	0	0	0	0	0	0	0	786	0	1236	0	366	0	0	0	0	5916	23208	6994	0	646	5062	276	49940	0	8536	0	198	0	866	0	6798	0	1964	0	2352	0	2952	0	1324	11156	33194	0	1782	0	0	0	0	0	0	0	0	0	340	0	714	0	0	0	3154	0	0	0	1214	0	0	0	0	0	0	0	0	0	0	0	0	0	0	0	0	0	0	0	0	756	0	0	0	0	0	
306096	Lingual_L	274	0	0	0	0	0	0	0	0	0	0	0	0	0	0	0	108	0	0	0	0	0	0	0	0	0	0	0	0	0	0	0	140	0	3420	0	3608	294	4066	0	0	0	17464	2066	1688	646	0	4426	3312	776	15604	210	7726	158	16126	802	2062	0	446	0	482	0	0	0	0	0	11848	0	544	0	0	0	0	0	0	0	0	0	0	0	116	0	0	0	726	0	0	0	646	0	5650	650	1588	100	0	0	13006	1040	14444	1188	198	0	546	0	324	538	0	0	0	150	7878	4222	442	0	568	732	
362468	Lingual_R	0	1096	0	0	0	0	0	0	0	0	0	0	0	0	0	0	0	0	0	0	0	0	0	0	0	0	0	0	0	0	0	0	0	0	178	3066	158	4180	0	4638	0	0	4338	29900	130	5062	4426	0	0	6954	0	6586	0	4088	826	21558	0	454	0	0	0	0	0	0	0	0	424	8656	0	328	0	0	0	0	0	0	0	334	0	202	0	296	0	0	0	4802	0	0	0	2860	3576	4072	486	340	0	150	1758	9294	6356	9830	0	0	0	0	0	0	0	0	0	188	15094	13066	1484	0	0	0	
186904	Occipital_Sup_L	0	0	0	0	0	0	0	0	0	0	0	0	0	0	0	0	0	0	0	0	0	0	0	0	0	0	0	0	0	0	0	0	0	0	0	0	0	0	0	0	0	0	13574	210	15110	276	3312	0	0	0	28140	0	308	0	100	0	612	0	11152	0	650	0	0	0	0	0	17952	0	0	0	0	0	0	0	0	0	0	0	0	0	0	0	0	0	1558	0	0	0	498	0	0	0	0	0	0	0	0	0	0	0	0	0	0	0	0	0	0	0	0	0	0	0	0	0	0	0	
385084	Occipital_Sup_R	0	2538	0	0	0	0	0	0	0	0	0	0	0	0	0	0	0	130	0	306	0	0	0	0	0	0	0	0	0	0	0	0	0	550	0	1168	0	388	0	0	0	0	5090	25808	4118	49940	776	6954	0	0	0	19642	0	706	0	1550	0	6938	0	3022	0	2862	0	3412	0	2624	10690	35286	0	1810	0	0	0	0	0	0	0	0	0	348	0	732	0	0	0	3192	0	0	0	1260	0	0	0	0	0	0	0	0	0	0	0	0	0	0	0	0	0	0	0	0	702	0	0	0	0	0	
394592	Occipital_Mid_L	2912	0	0	370	0	0	356	0	0	0	886	0	0	0	0	0	1390	0	0	390	0	0	0	0	0	0	0	0	2510	0	0	0	112	0	616	0	326	0	166	0	0	0	24318	0	7818	0	15604	0	28140	0	0	0	16054	0	6378	0	5172	0	19430	0	16056	0	602	0	9386	0	16874	0	276	0	436	154	108	0	0	0	0	0	776	0	1388	0	0	0	13032	0	0	0	5260	0	0	0	0	0	0	0	0	0	0	0	0	0	0	0	0	0	0	0	0	0	0	0	0	0	0	0	
200180	Occipital_Mid_R	0	766	0	0	0	0	0	0	0	0	0	0	0	0	0	0	0	0	0	0	0	0	0	0	0	0	0	0	0	0	0	0	0	148	0	200	0	0	0	0	0	0	1796	16910	0	8536	210	6586	0	19642	0	0	0	2472	0	1466	0	1450	0	954	0	4216	0	1058	0	10168	1146	7598	0	640	0	0	0	0	0	0	0	0	0	0	0	378	0	0	0	10010	0	0	0	3524	0	0	0	0	0	0	0	0	0	0	0	0	0	0	0	0	0	0	0	0	216	0	0	0	0	0	
101960	Occipital_Inf_L	516	0	0	0	0	0	0	0	0	0	0	0	0	0	0	0	98	0	0	0	0	0	0	0	0	0	0	0	370	0	0	0	0	0	1364	106	454	0	764	0	0	0	3272	0	154	0	7726	0	308	0	16054	0	0	0	9534	0	270	0	0	0	0	0	0	0	0	0	2186	0	244	0	0	0	0	0	0	0	0	0	826	0	204	0	0	0	2158	0	0	0	2120	0	278	0	0	0	0	0	174	0	1582	0	0	0	0	0	0	0	0	0	0	0	218	0	0	0	0	0	
42548	Occipital_Inf_R	0	0	0	0	0	0	0	0	0	0	0	0	0	0	0	0	0	0	0	0	0	0	0	0	0	0	0	0	0	0	0	0	0	0	0	102	0	232	0	170	0	0	0	2002	0	198	158	4088	0	706	0	2472	0	0	0	4240	0	0	0	0	0	0	0	0	0	0	0	338	0	0	0	0	0	0	0	0	0	0	0	0	0	0	0	0	0	950	0	0	0	2136	0	184	0	0	0	0	0	242	192	1450	0	0	0	0	0	0	0	0	0	0	304	1110	0	0	0	0	
356032	Fusiform_L	172	0	1180	0	0	0	0	0	0	0	148	0	0	0	164	0	132	0	414	0	356	0	0	0	0	0	0	0	5872	0	0	0	98	0	532	136	15130	0	8336	0	3842	0	1722	0	0	0	16126	826	100	0	6378	0	9534	0	0	0	138	0	0	0	0	0	0	0	0	0	1078	0	0	0	0	0	1670	0	0	0	282	0	716	0	1948	0	3356	0	6642	0	2724	0	20370	0	16434	324	388	0	0	0	12670	584	28362	536	578	0	1056	0	280	0	160	0	0	136	5208	1178	0	0	0	0	
391036	Fusiform_R	0	168	0	2920	0	0	0	1562	0	0	0	336	0	314	0	0	0	222	0	1296	0	0	0	0	0	0	0	0	0	2554	0	0	0	0	462	626	422	22830	0	16050	0	4226	464	4222	0	866	802	21558	0	1550	0	1466	0	4240	0	0	0	0	0	0	0	0	0	248	0	378	232	1074	0	0	0	0	0	9006	0	280	0	1012	0	918	0	1900	0	5118	0	3196	0	2934	0	15154	926	10556	102	314	0	138	552	12614	1932	19822	0	0	0	254	0	262	0	0	0	0	8518	7716	952	138	116	0	
293968	Postcentral_L	30976	198	1266	328	0	0	2052	0	0	0	2950	0	230	0	0	0	10476	0	168	458	0	0	0	0	0	0	0	0	9492	0	0	112	436	130	1956	646	2110	130	0	0	0	0	2914	0	896	0	2062	0	612	0	5172	0	270	0	138	0	0	0	8150	0	18902	0	7148	0	3406	0	5348	0	4330	0	3484	102	4088	0	334	0	2066	238	3786	0	3482	0	0	0	4816	0	0	0	1126	0	0	0	0	0	0	0	0	0	0	0	0	0	0	0	0	0	0	0	0	0	0	0	0	0	0	0	
227968	Postcentral_R	210	27726	0	1028	0	0	0	1220	0	0	0	2600	0	122	0	0	0	4592	166	2294	0	0	0	0	0	0	0	0	0	1226	0	0	0	1402	480	2196	0	1666	0	0	0	0	0	1040	0	6798	0	454	0	6938	0	1450	0	0	0	0	0	0	0	4026	0	6210	0	14650	0	202	1496	12402	174	4750	0	0	0	646	0	0	0	274	0	752	0	1408	0	0	0	1224	0	0	0	952	0	0	0	0	0	0	0	0	0	0	0	0	0	0	0	0	0	0	0	0	1210	0	0	0	0	0	
155812	Parietal_Sup_L	2378	0	0	0	0	0	232	0	0	0	378	0	0	0	0	0	344	0	0	0	0	0	0	0	0	0	0	0	760	0	0	0	0	0	102	0	0	0	0	0	0	0	1904	0	2206	0	446	0	11152	0	19430	0	0	0	0	0	8150	0	0	0	13326	0	262	0	2040	0	13568	0	788	0	0	0	0	0	0	0	0	0	0	0	214	0	0	0	0	0	0	0	226	0	0	0	0	0	0	0	0	0	0	0	0	0	0	0	0	0	0	0	0	0	0	0	0	0	0	0	
68568	Parietal_Sup_R	0	570	0	0	0	0	0	288	0	0	0	214	0	0	0	0	0	0	0	0	0	0	0	0	0	0	0	0	0	0	0	0	0	132	0	98	0	0	0	0	0	0	0	100	0	1964	0	0	0	3022	0	954	0	0	0	0	0	4026	0	0	0	5330	0	3508	0	2918	562	8274	0	2324	0	0	0	0	0	0	0	0	0	0	0	0	0	0	0	0	0	0	0	0	0	0	0	0	0	0	0	0	0	0	0	0	0	0	0	0	0	0	0	0	0	0	0	0	0	0	
182760	Parietal_Inf_L	3950	0	138	0	0	0	610	0	0	0	596	0	0	0	0	0	380	0	0	0	0	0	0	0	0	0	0	0	1040	0	0	0	186	0	340	0	0	0	0	0	0	0	1226	0	1094	0	482	0	650	0	16056	0	0	0	0	0	18902	0	13326	0	0	0	12578	0	13632	0	2664	0	604	0	0	0	0	0	0	0	0	0	0	0	618	0	0	0	1660	0	0	0	648	0	0	0	0	0	0	0	0	0	0	0	0	0	0	0	0	0	0	0	0	0	0	0	0	0	0	0	
105332	Parietal_Inf_R	0	3044	0	216	0	0	0	1314	0	0	0	896	0	0	0	0	0	170	0	0	0	0	0	0	0	0	0	0	0	0	0	0	0	0	0	0	0	246	0	0	0	0	0	0	0	2352	0	0	0	2862	0	4216	0	0	0	0	0	6210	0	5330	0	0	0	11434	0	10600	572	2478	0	228	0	0	0	0	0	0	0	0	0	0	0	200	0	0	0	298	0	0	0	0	0	0	0	0	0	0	0	0	0	0	0	0	0	0	0	0	0	0	0	0	0	0	0	0	0	0	
68660	SupraMarginal_L	454	0	0	0	0	0	332	0	0	0	320	0	0	0	0	0	730	0	0	0	0	0	0	0	0	0	0	0	502	0	0	0	0	0	0	0	0	0	0	0	0	0	0	0	0	0	0	0	0	0	602	0	0	0	0	0	7148	0	262	0	12578	0	0	0	2950	0	124	0	0	0	0	0	0	0	0	0	0	0	336	0	4374	0	0	0	3052	0	0	0	566	0	0	0	0	0	0	0	0	0	0	0	0	0	0	0	0	0	0	0	0	0	0	0	0	0	0	0	
134148	SupraMarginal_R	0	6162	0	478	0	0	0	2470	0	0	0	1334	0	0	0	0	0	2032	0	302	0	0	0	0	0	0	0	0	0	0	0	0	0	0	0	0	0	212	0	0	0	0	0	320	0	2952	0	0	0	3412	0	1058	0	0	0	248	0	14650	0	3508	0	11434	0	0	0	4364	1068	3592	0	502	0	0	0	356	0	0	0	0	0	252	0	3950	0	0	0	2256	0	0	0	162	0	0	0	0	0	0	0	0	0	0	0	0	0	0	0	0	0	0	0	0	0	0	0	0	0	0	
95016	Angular_L	376	0	0	0	0	0	0	0	0	0	0	0	0	0	0	0	1112	0	0	0	0	0	0	0	0	0	0	0	236	0	0	0	136	0	0	0	0	0	0	0	0	0	0	0	266	0	0	0	0	0	9386	0	0	0	0	0	3406	0	2040	0	13632	0	2950	0	0	0	426	0	0	0	0	0	0	0	0	0	0	0	182	0	3276	0	0	0	8528	0	0	0	1556	0	0	0	0	0	0	0	0	0	0	0	0	0	0	0	0	0	0	0	0	0	0	0	0	0	0	0	
89776	Angular_R	0	0	0	0	0	0	0	0	0	0	0	0	0	0	0	0	0	0	0	0	0	0	0	0	0	0	0	0	0	0	0	0	0	0	0	0	0	200	0	0	0	0	0	0	0	1324	0	0	0	2624	0	10168	0	0	0	378	0	202	0	2918	0	10600	0	4364	0	0	144	1384	0	0	0	0	0	0	0	0	0	0	0	220	0	3586	0	0	0	6298	0	0	0	478	0	0	0	0	0	0	0	0	0	0	0	0	0	0	0	0	0	0	0	0	0	0	0	0	0	0	
358760	Precuneus_L	650	490	0	0	0	0	106	0	0	0	148	0	0	0	0	0	336	0	100	156	0	0	0	0	0	0	0	0	208	0	0	0	1622	324	9434	2020	3224	1160	1758	644	0	0	20616	1994	11080	11156	11848	424	17952	10690	16874	1146	2186	0	1078	232	5348	1496	13568	562	2664	572	124	1068	426	144	0	13496	1788	388	0	0	0	0	0	0	0	628	0	108	382	202	0	0	2824	1000	0	0	1592	268	0	0	0	0	0	0	604	0	0	0	0	0	0	0	0	0	0	0	0	0	472	0	0	0	0	0	
412892	Precuneus_R	0	4634	0	0	0	0	0	0	0	0	0	0	0	0	0	0	0	210	168	614	0	0	0	0	0	0	0	0	0	124	0	0	858	5430	1132	15232	610	4622	0	2930	0	0	436	13356	652	33194	0	8656	0	35286	0	7598	0	338	0	1074	0	12402	0	8274	0	2478	0	3592	0	1384	13496	0	0	7182	0	0	0	0	0	0	0	700	0	450	0	754	0	0	0	3890	0	0	0	1728	0	0	0	0	0	0	0	518	0	0	0	0	0	0	0	0	0	0	0	0	12444	0	0	0	0	0	
137972	Paracentral_Lobule_L	3584	6212	982	848	0	0	0	0	0	0	0	0	0	0	0	0	0	0	6782	14222	0	0	0	0	0	0	0	0	0	0	0	0	3176	8118	3966	1382	0	0	0	0	0	0	1024	0	0	0	544	0	0	0	276	0	244	0	0	0	4330	174	788	0	604	0	0	0	0	0	1788	0	0	7220	0	1200	0	0	0	0	0	906	0	0	0	0	0	0	342	0	0	0	274	0	0	0	0	0	0	0	0	0	0	0	0	0	0	0	0	0	0	0	0	0	0	0	0	0	0	0	
144220	Paracentral_Lobule_R	1620	5082	0	0	0	0	0	0	0	0	0	0	0	0	0	0	0	0	1160	13930	0	0	0	0	0	0	0	0	0	0	0	0	1182	10908	3044	5674	0	214	0	0	0	0	0	224	0	1782	0	328	0	1810	0	640	0	0	0	0	0	4750	0	2324	0	228	0	502	0	0	388	7182	7220	0	0	194	0	0	0	0	0	114	0	0	0	0	0	0	0	310	0	0	0	100	0	0	0	0	0	0	0	0	0	0	0	0	0	0	0	0	0	0	0	0	1200	0	0	0	0	0	
287756	Caudate_L	11232	0	13218	10568	816	0	5258	0	134	0	602	0	0	0	612	0	490	0	5086	12440	7436	6742	536	582	912	216	2652	894	3490	0	7080	7314	1626	1790	0	0	398	0	0	0	498	0	0	0	0	0	0	0	0	0	436	0	0	0	0	0	3484	0	0	0	0	0	0	0	0	0	0	0	0	0	0	12894	13424	1044	2290	0	5922	570	106	0	0	0	962	0	124	0	0	0	0	0	0	0	0	0	0	0	0	0	0	0	0	0	0	0	0	0	0	0	0	0	0	0	0	0	0	0	
320768	Caudate_R	2758	2844	1902	23558	0	2184	1554	1204	0	128	244	430	0	258	0	540	0	268	2454	26172	2964	5560	560	6312	0	4488	542	2810	360	826	3048	17664	218	1978	158	174	0	234	0	0	146	0	0	0	0	0	0	0	0	0	154	0	0	0	0	0	102	0	0	0	0	0	0	0	0	0	0	0	1200	194	12894	0	3946	13418	202	1136	178	12266	0	0	0	0	154	0	0	0	0	0	0	0	0	0	0	0	0	0	0	0	0	0	0	0	0	0	0	0	0	0	0	0	0	0	0	0	0	0	
274848	Putamen_L	3296	0	22364	886	4906	0	3962	0	2270	0	2274	0	1310	0	3828	0	662	0	7280	1708	2202	3016	2622	486	148	0	2100	304	17274	0	7278	3634	1132	318	0	0	6204	0	1140	0	312	0	0	0	0	0	0	0	0	0	108	0	0	0	1670	0	4088	0	0	0	0	0	0	0	0	0	0	0	0	0	13424	3946	0	414	4986	0	2352	0	0	0	250	0	2136	0	0	0	0	0	1134	0	0	0	0	0	0	0	0	0	0	0	0	0	0	0	0	0	0	0	0	0	0	0	0	0	0	0	
351800	Putamen_R	0	1442	358	21206	0	3514	0	8876	0	806	0	6174	0	3666	0	2018	0	3902	738	12838	154	652	1190	6204	0	3612	0	1666	0	21282	978	10612	274	2574	546	546	0	15640	0	7542	0	2128	0	0	0	0	0	0	0	0	0	0	0	0	0	9006	0	646	0	0	0	0	0	356	0	0	0	0	0	0	1044	13418	414	0	0	1948	0	5498	0	108	0	0	0	754	0	0	0	182	0	1226	0	0	0	0	0	0	0	0	0	162	0	0	0	0	0	0	0	0	0	0	0	0	0	0	0	0	
39764	Pallidum_L	1374	0	4038	116	0	0	1708	0	0	0	136	0	274	0	0	0	0	0	1072	126	0	102	0	0	0	0	0	0	130	0	0	0	0	0	0	0	618	0	0	0	0	0	0	0	0	0	0	0	0	0	0	0	0	0	0	0	334	0	0	0	0	0	0	0	0	0	0	0	0	0	2290	202	4986	0	0	0	2376	0	0	0	0	0	0	0	0	0	0	0	0	0	0	0	0	0	0	0	0	0	0	0	0	0	0	0	0	0	0	0	0	0	0	0	0	0	0	0	
17916	Pallidum_R	0	0	0	1248	0	0	0	0	0	0	0	0	0	0	0	0	0	168	152	2236	0	0	0	0	0	0	0	0	0	0	0	0	0	0	0	0	0	756	0	662	0	0	0	0	0	0	0	0	0	0	0	0	0	0	0	280	0	0	0	0	0	0	0	0	0	0	0	0	0	0	0	1136	0	1948	0	0	0	372	0	0	0	0	0	0	0	0	0	0	0	0	0	0	0	0	0	0	0	0	0	0	0	0	0	0	0	0	0	0	0	0	0	0	0	0	0	0	
92744	Thalamus_L	11326	756	2832	200	0	0	4774	0	0	0	302	0	166	0	0	0	322	0	0	0	0	0	0	0	0	0	0	0	2244	0	0	0	0	0	100	190	4786	114	0	0	0	0	0	0	0	0	0	0	0	0	0	0	0	0	282	0	2066	0	0	0	0	0	0	0	0	0	0	0	0	0	5922	178	2352	0	2376	0	0	4012	258	0	200	0	0	0	174	0	0	0	440	0	0	0	0	0	0	0	0	0	0	0	0	0	0	0	0	0	0	0	0	0	0	0	0	0	0	0	
198888	Thalamus_R	3434	11436	146	14448	0	0	128	854	0	0	0	332	0	192	0	0	0	668	200	9272	0	0	0	0	0	0	0	0	342	2050	0	0	0	0	5298	5650	4762	9248	124	2786	0	0	0	0	0	0	0	334	0	0	0	0	0	0	0	1012	238	274	0	0	0	0	0	0	0	0	628	700	906	114	570	12266	0	5498	0	372	4012	0	322	0	0	360	0	0	0	0	0	0	0	102	0	0	0	0	0	0	0	236	0	0	0	0	0	0	0	0	0	0	0	0	130	0	0	0	0	0	
73852	Heschl_L	2920	0	428	0	0	0	256	0	0	0	218	0	0	0	0	0	4542	0	0	0	0	0	0	0	0	0	0	0	4574	0	0	0	0	0	366	316	1640	258	0	0	0	0	0	0	0	0	0	0	0	0	776	0	826	0	716	0	3786	0	0	0	0	0	336	0	182	0	0	0	0	0	106	0	0	0	0	0	258	322	0	0	5928	0	0	0	5066	0	0	0	3106	0	0	0	0	0	0	0	0	0	0	0	0	0	0	0	0	0	0	0	0	0	0	0	0	0	0	0	
32432	Heschl_R	0	490	0	0	0	0	0	0	0	0	0	0	0	0	0	0	0	1126	0	0	0	0	0	0	0	0	0	0	0	738	0	0	0	0	0	0	0	864	0	118	0	0	0	134	0	340	0	202	0	348	0	0	0	0	0	918	0	752	0	0	0	0	0	252	0	220	108	450	0	0	0	0	0	108	0	0	0	0	0	0	0	3372	0	0	0	2254	0	0	0	3422	0	0	0	0	0	0	0	0	0	0	0	0	0	0	0	0	0	0	0	0	0	0	0	0	0	0	
172916	Temporal_Sup_L	2036	0	2134	0	0	0	294	0	0	0	2532	0	106	0	0	0	9560	0	266	0	0	0	0	0	0	0	0	0	6534	0	0	0	0	0	0	0	2230	0	330	0	0	0	168	0	0	0	116	0	0	0	1388	0	204	0	1948	0	3482	0	214	0	618	0	4374	0	3276	0	382	0	0	0	0	0	250	0	0	0	200	0	5928	0	0	0	4916	0	20578	0	0	0	12394	0	0	0	0	0	0	0	0	0	0	0	0	0	0	0	0	0	0	0	0	0	0	0	0	0	0	0	
92300	Temporal_Sup_R	0	506	0	0	0	0	0	0	0	0	0	0	0	0	0	0	0	2458	0	0	0	0	0	0	0	0	0	0	0	2510	0	0	0	0	0	118	0	1720	0	384	0	0	0	148	0	714	0	296	0	732	0	378	0	0	0	1900	0	1408	0	0	0	200	0	3950	0	3586	202	754	0	0	0	0	0	0	0	0	0	360	0	3372	0	0	0	1094	0	12070	0	146	0	7144	0	0	0	0	0	0	0	0	0	0	0	0	0	0	0	0	0	0	0	0	0	0	0	0	0	0	
119924	Temporal_Pole_Sup_L	0	0	2722	0	836	0	386	0	648	0	4102	0	1166	0	3104	0	3072	0	830	0	2380	592	0	0	136	0	1164	146	9944	0	204	184	0	0	0	0	1814	0	1168	0	1442	0	0	0	0	0	0	0	0	0	0	0	0	0	3356	0	0	0	0	0	0	0	0	0	0	0	0	0	0	0	962	154	2136	0	0	0	0	0	0	0	4916	0	0	0	5368	0	3070	0	3960	0	0	0	0	0	0	0	0	0	0	0	0	0	0	0	0	0	0	0	0	0	0	0	0	0	0	0	
35980	Temporal_Pole_Sup_R	0	0	0	0	0	0	0	0	0	0	0	0	0	0	0	0	0	0	0	0	0	0	0	0	0	0	0	0	0	618	0	0	0	0	0	0	0	916	0	1632	0	1146	0	0	0	0	0	0	0	0	0	0	0	0	0	5118	0	0	0	0	0	0	0	0	0	0	0	0	0	0	0	0	0	754	0	0	0	0	0	0	0	1094	0	0	0	1228	0	2768	0	2716	0	0	0	0	0	0	0	0	0	0	0	0	0	0	0	0	0	0	0	0	0	0	0	0	0	0	
264616	Temporal_Mid_L	1284	0	0	0	0	0	0	0	0	0	0	0	0	0	0	0	2728	0	0	0	0	0	0	0	0	0	0	0	2092	0	0	0	0	0	432	0	1182	0	262	0	0	0	3018	0	636	0	726	0	1558	0	13032	0	2158	0	6642	0	4816	0	0	0	1660	0	3052	0	8528	0	2824	0	342	0	124	0	0	0	0	0	174	0	5066	0	20578	0	5368	0	0	0	3826	0	40200	0	0	0	0	0	0	0	0	0	0	0	0	0	0	0	0	0	0	0	0	0	0	0	0	0	0	0	
175532	Temporal_Mid_R	0	1034	0	0	0	0	0	0	0	0	0	0	0	0	0	0	0	0	0	182	0	0	0	0	0	0	0	0	0	380	0	0	0	198	0	220	0	1178	0	184	0	0	152	5480	0	3154	0	4802	0	3192	0	10010	0	950	0	3196	0	1224	0	0	0	298	0	2256	0	6298	1000	3890	0	310	0	0	0	0	0	0	0	0	0	2254	0	12070	0	1228	0	0	0	796	0	21642	0	0	0	0	0	0	0	0	0	0	0	0	0	0	0	0	0	0	0	0	188	0	0	0	0	0	
30216	Temporal_Pole_Mid_L	0	0	0	0	0	0	0	0	0	0	0	0	0	0	0	0	0	0	0	0	0	0	0	0	0	0	0	0	0	0	0	0	0	0	0	0	0	0	0	0	0	0	0	0	0	0	0	0	0	0	0	0	0	0	2724	0	0	0	0	0	0	0	0	0	0	0	0	0	0	0	0	0	0	0	0	0	0	0	0	0	0	0	3070	0	3826	0	0	0	5488	0	0	0	0	0	0	0	0	0	0	0	0	0	0	0	0	0	0	0	0	0	0	0	0	0	0	0	
21560	Temporal_Pole_Mid_R	0	0	0	0	0	0	0	0	0	0	0	0	0	0	0	0	0	0	0	0	0	0	0	0	0	0	0	0	0	0	0	0	0	0	0	0	0	360	0	832	0	788	0	0	0	0	0	0	0	0	0	0	0	0	0	2934	0	0	0	0	0	0	0	0	0	0	0	0	0	0	0	0	0	182	0	0	0	0	0	0	0	146	0	2768	0	796	0	0	0	1974	0	0	0	0	0	0	0	0	0	0	0	0	0	0	0	0	0	0	0	0	0	0	0	0	0	0	
262876	Temporal_Inf_L	590	0	420	0	0	0	0	0	0	0	0	0	0	0	0	0	3594	0	156	0	0	0	0	0	0	0	0	0	4718	0	0	0	0	0	346	0	11166	0	2026	0	1746	0	1772	0	348	0	646	0	498	0	5260	0	2120	0	20370	0	1126	0	226	0	648	0	566	0	1556	0	1592	0	274	0	0	0	1134	0	0	0	440	0	3106	0	12394	0	3960	0	40200	0	5488	0	0	0	1810	0	124	0	0	0	152	0	746	0	120	0	0	0	0	0	0	0	0	0	0	0	0	0	0	0	
172248	Temporal_Inf_R	0	1194	0	378	0	0	0	208	0	0	0	0	0	0	0	0	0	0	0	186	0	0	0	0	0	0	0	0	0	884	0	0	0	0	0	380	0	7164	0	2864	0	1550	0	2870	0	1214	0	2860	0	1260	0	3524	0	2136	0	15154	0	952	0	0	0	0	0	162	0	478	268	1728	0	100	0	0	0	1226	0	0	0	102	0	3422	0	7144	0	2716	0	21642	0	1974	0	0	0	0	0	0	0	0	0	0	0	0	0	0	0	0	0	0	0	0	0	0	384	0	0	0	0	0	
425684	Cerebelum_Crus1_L	0	0	0	0	0	0	0	0	0	0	0	0	0	0	0	0	0	0	0	0	0	0	0	0	0	0	0	0	0	0	0	0	0	0	0	0	108	0	0	0	0	0	0	0	0	0	5650	3576	0	0	0	0	278	0	16434	926	0	0	0	0	0	0	0	0	0	0	0	0	0	0	0	0	0	0	0	0	0	0	0	0	0	0	0	0	0	0	0	0	1810	0	0	782	35188	7142	0	0	13364	1592	50204	968	20648	2392	20524	1602	3394	276	1798	0	0	0	6996	6032	8804	2014	340	0	
378212	Cerebelum_Crus1_R	0	0	0	0	0	0	0	0	0	0	0	0	0	0	0	0	0	0	0	0	0	0	0	0	0	0	0	0	0	0	0	0	0	0	0	0	0	0	0	0	0	0	0	0	0	0	650	4072	0	0	0	0	0	184	324	10556	0	0	0	0	0	0	0	0	0	0	0	0	0	0	0	0	0	0	0	0	0	0	0	0	0	0	0	0	0	0	0	0	0	0	782	0	164	30222	0	2420	874	16748	1660	49194	106	11860	0	19740	0	2822	0	356	106	2950	9994	10376	8178	2606	1934	228	
304928	Cerebelum_Crus2_L	0	0	0	0	0	0	0	0	0	0	0	0	0	0	0	0	0	0	0	0	0	0	0	0	0	0	0	0	0	0	0	0	0	0	0	0	0	0	0	0	0	0	0	0	0	0	1588	486	0	0	0	0	0	0	388	102	0	0	0	0	0	0	0	0	0	0	0	0	0	0	0	0	0	0	0	0	0	0	0	0	0	0	0	0	0	0	0	0	124	0	35188	164	0	7762	0	0	2634	218	6672	212	41848	2414	31142	852	4760	0	1730	0	0	0	902	1102	9124	3052	0	0	
265812	Cerebelum_Crus2_R	0	0	0	0	0	0	0	0	0	0	0	0	0	0	0	0	0	0	0	0	0	0	0	0	0	0	0	0	0	0	0	0	0	0	0	0	0	0	0	0	0	0	0	0	0	0	100	340	0	0	0	0	0	0	0	314	0	0	0	0	0	0	0	0	0	0	0	0	0	0	0	0	0	0	0	0	0	0	0	0	0	0	0	0	0	0	0	0	0	0	7142	30222	7762	0	0	308	164	1280	1274	5252	6688	18516	2522	22960	122	2538	0	300	0	320	1120	2404	14178	5048	1918	114	
14788	Cerebelum_3_L	0	0	0	0	0	0	0	0	0	0	0	0	0	0	0	0	0	0	0	0	0	0	0	0	0	0	0	0	0	0	0	0	0	0	0	0	0	0	106	0	0	0	0	0	0	0	0	0	0	0	0	0	0	0	0	0	0	0	0	0	0	0	0	0	0	0	0	0	0	0	0	0	0	0	0	0	0	0	0	0	0	0	0	0	0	0	0	0	0	0	0	0	0	0	0	0	4908	0	0	0	0	0	0	0	0	0	0	0	830	1240	310	0	0	0	0	0	
66720	Cerebelum_3_R	0	0	0	0	0	0	0	0	0	0	0	0	0	0	0	0	0	0	0	0	0	0	0	0	0	0	0	0	0	0	0	0	0	0	0	0	0	0	0	0	0	0	0	0	0	0	0	150	0	0	0	0	0	0	0	138	0	0	0	0	0	0	0	0	0	0	0	0	0	0	0	0	0	0	0	0	0	0	0	0	0	0	0	0	0	0	0	0	0	0	0	2420	0	308	0	0	0	6666	166	6860	0	0	156	426	202	2312	0	0	456	7474	1074	616	1188	1192	1130	426	
272404	Cerebelum_4_5_L	0	0	0	0	0	0	0	0	0	0	0	0	0	0	0	0	0	0	0	0	0	0	0	0	0	0	0	0	0	0	0	0	0	0	436	0	958	194	784	0	0	0	632	0	0	0	13006	1758	0	0	0	0	174	0	12670	552	0	0	0	0	0	0	0	0	0	0	604	0	0	0	0	0	0	0	0	0	0	0	0	0	0	0	0	0	0	0	0	0	152	0	13364	874	2634	164	4908	0	0	2068	33094	1822	2152	0	5204	262	5320	946	1200	0	1430	2080	18858	4140	666	658	1258	1180	
260792	Cerebelum_4_5_R	0	0	0	0	0	0	0	0	0	0	0	0	0	0	0	0	0	0	0	0	0	0	0	0	0	0	0	0	0	0	0	0	0	0	0	382	0	1150	0	1644	0	0	0	0	0	0	1040	9294	0	0	0	0	0	242	584	12614	0	0	0	0	0	0	0	0	0	0	0	518	0	0	0	0	0	0	0	0	0	236	0	0	0	0	0	0	0	0	0	0	0	0	1592	16748	218	1280	0	6666	2068	0	2906	36134	0	384	0	2488	0	1106	0	0	0	4580	18766	5424	1310	674	348	0	
424920	Cerebelum_6_L	0	0	0	0	0	0	0	0	0	0	0	0	0	0	0	0	0	0	0	0	0	0	0	0	0	0	0	0	0	0	0	0	0	0	0	0	130	0	0	0	0	0	0	0	0	0	14444	6356	0	0	0	0	1582	192	28362	1932	0	0	0	0	0	0	0	0	0	0	0	0	0	0	0	0	0	0	0	0	0	0	0	0	0	0	0	0	0	0	0	0	746	0	50204	1660	6672	1274	0	166	33094	2906	0	2686	6466	166	10720	1014	4544	852	1326	0	394	778	17124	10426	3070	1662	1208	304	
400472	Cerebelum_6_R	0	0	0	0	0	0	0	0	0	0	0	0	0	0	0	0	0	0	0	0	0	0	0	0	0	0	0	0	0	0	0	0	0	0	0	0	0	270	0	292	0	0	0	0	0	0	1188	9830	0	0	0	0	0	1450	536	19822	0	0	0	0	0	0	0	0	0	0	0	0	0	0	0	0	0	162	0	0	0	0	0	0	0	0	0	0	0	0	0	0	0	0	968	49194	212	5252	0	6860	1822	36134	2686	0	110	1232	0	7284	0	3008	0	672	118	5196	20118	15538	5968	2406	1676	232	
283512	Cerebelum_7b_L	0	0	0	0	0	0	0	0	0	0	0	0	0	0	0	0	0	0	0	0	0	0	0	0	0	0	0	0	0	0	0	0	0	0	0	0	0	0	0	0	0	0	0	0	0	0	198	0	0	0	0	0	0	0	578	0	0	0	0	0	0	0	0	0	0	0	0	0	0	0	0	0	0	0	0	0	0	0	0	0	0	0	0	0	0	0	0	0	120	0	20648	106	41848	6688	0	0	2152	0	6466	110	0	2554	37172	1666	5330	188	1286	0	0	0	166	514	8332	5124	510	0	
125600	Cerebelum_7b_R	0	0	0	0	0	0	0	0	0	0	0	0	0	0	0	0	0	0	0	0	0	0	0	0	0	0	0	0	0	0	0	0	0	0	0	0	0	0	0	0	0	0	0	0	0	0	0	0	0	0	0	0	0	0	0	0	0	0	0	0	0	0	0	0	0	0	0	0	0	0	0	0	0	0	0	0	0	0	0	0	0	0	0	0	0	0	0	0	0	0	2392	11860	2414	18516	0	0	0	384	166	1232	2554	0	1396	16152	0	874	0	0	0	0	0	0	3084	1776	0	0	
310476	Cerebelum_8_L	0	0	0	0	0	0	0	0	0	0	0	0	0	0	0	0	0	0	0	0	0	0	0	0	0	0	0	0	0	0	0	0	0	0	0	0	0	0	0	0	0	0	0	0	0	0	546	0	0	0	0	0	0	0	1056	0	0	0	0	0	0	0	0	0	0	0	0	0	0	0	0	0	0	0	0	0	0	0	0	0	0	0	0	0	0	0	0	0	0	0	20524	0	31142	2522	0	156	5204	0	10720	0	37172	1396	0	1714	21050	768	5912	0	0	184	414	844	4586	6744	2428	156	
223764	Cerebelum_8_R	0	0	0	0	0	0	0	0	0	0	0	0	0	0	0	0	0	0	0	0	0	0	0	0	0	0	0	0	0	0	0	0	0	0	0	0	0	0	0	0	0	0	0	0	0	0	0	0	0	0	0	0	0	0	0	254	0	0	0	0	0	0	0	0	0	0	0	0	0	0	0	0	0	0	0	0	0	0	0	0	0	0	0	0	0	0	0	0	0	0	1602	19740	852	22960	0	426	262	2488	1014	7284	1666	16152	1714	0	436	16496	0	936	104	458	1684	1386	5088	5910	2854	116	
130992	Cerebelum_9_L	0	0	0	0	0	0	0	0	0	0	0	0	0	0	0	0	0	0	0	0	0	0	0	0	0	0	0	0	0	0	0	0	0	0	0	0	0	0	0	0	0	0	0	0	0	0	324	0	0	0	0	0	0	0	280	0	0	0	0	0	0	0	0	0	0	0	0	0	0	0	0	0	0	0	0	0	0	0	0	0	0	0	0	0	0	0	0	0	0	0	3394	0	4760	122	0	202	5320	0	4544	0	5330	0	21050	436	0	1568	7818	0	0	238	1790	982	992	2890	2822	634	
132488	Cerebelum_9_R	0	0	0	0	0	0	0	0	0	0	0	0	0	0	0	0	0	0	0	0	0	0	0	0	0	0	0	0	0	0	0	0	0	0	0	0	0	0	0	0	0	0	0	0	0	0	538	0	0	0	0	0	0	0	0	262	0	0	0	0	0	0	0	0	0	0	0	0	0	0	0	0	0	0	0	0	0	0	0	0	0	0	0	0	0	0	0	0	0	0	276	2822	0	2538	0	2312	946	1106	852	3008	188	874	768	16496	1568	0	0	1614	1432	3330	3550	3798	3866	5398	6864	1838	
42460	Cerebelum_10_L	0	0	0	0	0	0	0	0	0	0	0	0	0	0	0	0	0	0	0	0	0	0	0	0	0	0	0	0	0	0	0	0	0	0	0	0	0	0	0	0	0	0	0	0	0	0	0	0	0	0	0	0	0	0	160	0	0	0	0	0	0	0	0	0	0	0	0	0	0	0	0	0	0	0	0	0	0	0	0	0	0	0	0	0	0	0	0	0	0	0	1798	0	1730	0	0	0	1200	0	1326	0	1286	0	5912	0	7818	0	0	0	0	0	0	0	0	0	0	0	
10028	Cerebelum_10_R	0	0	0	0	0	0	0	0	0	0	0	0	0	0	0	0	0	0	0	0	0	0	0	0	0	0	0	0	0	0	0	0	0	0	0	0	0	0	0	0	0	0	0	0	0	0	0	0	0	0	0	0	0	0	0	0	0	0	0	0	0	0	0	0	0	0	0	0	0	0	0	0	0	0	0	0	0	0	0	0	0	0	0	0	0	0	0	0	0	0	0	356	0	300	0	0	0	0	0	672	0	0	0	936	0	1614	0	0	0	0	142	182	278	266	268	0	
32548	Vermis_1_2	0	0	0	0	0	0	0	0	0	0	0	0	0	0	0	0	0	0	0	0	0	0	0	0	0	0	0	0	0	0	0	0	0	0	0	0	0	0	0	0	0	0	0	0	0	0	0	0	0	0	0	0	0	0	0	0	0	0	0	0	0	0	0	0	0	0	0	0	0	0	0	0	0	0	0	0	0	0	0	0	0	0	0	0	0	0	0	0	0	0	0	106	0	0	830	456	1430	0	394	118	0	0	0	104	0	1432	0	0	0	7232	3588	142	134	134	174	0	
95796	Vermis_3	0	0	0	0	0	0	0	0	0	0	0	0	0	0	0	0	0	0	0	0	0	0	0	0	0	0	0	0	0	0	0	0	0	0	0	0	0	0	0	0	0	0	0	0	0	0	150	188	0	0	0	0	0	0	136	0	0	0	0	0	0	0	0	0	0	0	0	0	0	0	0	0	0	0	0	0	0	0	0	0	0	0	0	0	0	0	0	0	0	0	0	2950	0	320	1240	7474	2080	4580	778	5196	0	0	184	458	238	3330	0	0	7232	0	6318	982	1190	1208	1196	470	
428320	Vermis_4_5	0	430	0	0	0	0	0	0	0	0	0	0	0	0	0	0	0	0	0	156	0	0	0	0	0	0	0	0	0	0	0	0	394	3584	360	11128	246	2056	0	906	0	0	174	548	0	756	7878	15094	0	702	0	216	218	304	5208	8518	0	1210	0	0	0	0	0	0	0	0	472	12444	0	1200	0	0	0	0	0	0	0	130	0	0	0	0	0	0	0	188	0	0	0	384	6996	9994	902	1120	310	1074	18858	18766	17124	20118	166	0	414	1684	1790	3550	0	142	3588	6318	0	18418	2588	816	2208	2312	
253524	Vermis_6	0	0	0	0	0	0	0	0	0	0	0	0	0	0	0	0	0	0	0	0	0	0	0	0	0	0	0	0	0	0	0	0	0	0	0	0	0	0	0	0	0	0	0	0	0	0	4222	13066	0	0	0	0	0	1110	1178	7716	0	0	0	0	0	0	0	0	0	0	0	0	0	0	0	0	0	0	0	0	0	0	0	0	0	0	0	0	0	0	0	0	0	0	6032	10376	1102	2404	0	616	4140	5424	10426	15538	514	0	844	1386	982	3798	0	182	142	982	18418	0	6700	3036	4066	2362	
213032	Vermis_7	0	0	0	0	0	0	0	0	0	0	0	0	0	0	0	0	0	0	0	0	0	0	0	0	0	0	0	0	0	0	0	0	0	0	0	0	0	0	0	0	0	0	0	0	0	0	442	1484	0	0	0	0	0	0	0	952	0	0	0	0	0	0	0	0	0	0	0	0	0	0	0	0	0	0	0	0	0	0	0	0	0	0	0	0	0	0	0	0	0	0	8804	8178	9124	14178	0	1188	666	1310	3070	5968	8332	3084	4586	5088	992	3866	0	278	134	1190	2588	6700	0	9406	4326	582	
141200	Vermis_8	0	0	0	0	0	0	0	0	0	0	0	0	0	0	0	0	0	0	0	0	0	0	0	0	0	0	0	0	0	0	0	0	0	0	0	0	0	0	0	0	0	0	0	0	0	0	0	0	0	0	0	0	0	0	0	138	0	0	0	0	0	0	0	0	0	0	0	0	0	0	0	0	0	0	0	0	0	0	0	0	0	0	0	0	0	0	0	0	0	0	2014	2606	3052	5048	0	1192	658	674	1662	2406	5124	1776	6744	5910	2890	5398	0	266	134	1208	816	3036	9406	0	7632	810	
