data	data	568524	330172	947768	999840	105956	75544	583788	438900	60628	20920	226092	167404	271600	172172	165160	125580	208472	140560	718744	805048	76964	86084	343500	302696	14848	86380	49100	59160	543892	347724	278412	378704	136096	497072	179360	230104	283424	286972	84952	139700	32564	41720	439304	523676	355332	478304	458392	391040	273376	446984	632052	336868	301596	143512	524448	395760	337848	337496	253308	269284	205728	134244	124384	145744	148636	187844	355908	528240	270104	319868	307724	398148	294912	295824	37276	29620	231888	237812	80296	25348	227940	141444	92660	83992	376084	213512	26796	20468	339408	241676	475680	418200	334176	234876	34284	66524	347008	231344	536548	407956	209156	106556	301388	235736	138492	133440	15940	8288	16232	59888	324988	258252	180884	171788	97708	29604	
data	data	Precentral_L	Precentral_R	Frontal_Sup_L	Frontal_Sup_R	Frontal_Sup_Orb_L	Frontal_Sup_Orb_R	Frontal_Mid_L	Frontal_Mid_R	Frontal_Mid_Orb_L	Frontal_Mid_Orb_R	Frontal_Inf_Oper_L	Frontal_Inf_Oper_R	Frontal_Inf_Tri_L	Frontal_Inf_Tri_R	Frontal_Inf_Orb_L	Frontal_Inf_Orb_R	Rolandic_Oper_L	Rolandic_Oper_R	Supp_Motor_Area_L	Supp_Motor_Area_R	Olfactory_L	Olfactory_R	Frontal_Sup_Medial_L	Frontal_Sup_Medial_R	Frontal_Med_Orb_L	Frontal_Med_Orb_R	Rectus_L	Rectus_R	Insula_L	Insula_R	Cingulum_Ant_L	Cingulum_Ant_R	Cingulum_Mid_L	Cingulum_Mid_R	Cingulum_Post_L	Cingulum_Post_R	Hippocampus_L	Hippocampus_R	ParaHippocampal_L	ParaHippocampal_R	Amygdala_L	Amygdala_R	Calcarine_L	Calcarine_R	Cuneus_L	Cuneus_R	Lingual_L	Lingual_R	Occipital_Sup_L	Occipital_Sup_R	Occipital_Mid_L	Occipital_Mid_R	Occipital_Inf_L	Occipital_Inf_R	Fusiform_L	Fusiform_R	Postcentral_L	Postcentral_R	Parietal_Sup_L	Parietal_Sup_R	Parietal_Inf_L	Parietal_Inf_R	SupraMarginal_L	SupraMarginal_R	Angular_L	Angular_R	Precuneus_L	Precuneus_R	Paracentral_Lobule_L	Paracentral_Lobule_R	Caudate_L	Caudate_R	Putamen_L	Putamen_R	Pallidum_L	Pallidum_R	Thalamus_L	Thalamus_R	Heschl_L	Heschl_R	Temporal_Sup_L	Temporal_Sup_R	Temporal_Pole_Sup_L	Temporal_Pole_Sup_R	Temporal_Mid_L	Temporal_Mid_R	Temporal_Pole_Mid_L	Temporal_Pole_Mid_R	Temporal_Inf_L	Temporal_Inf_R	Cerebelum_Crus1_L	Cerebelum_Crus1_R	Cerebelum_Crus2_L	Cerebelum_Crus2_R	Cerebelum_3_L	Cerebelum_3_R	Cerebelum_4_5_L	Cerebelum_4_5_R	Cerebelum_6_L	Cerebelum_6_R	Cerebelum_7b_L	Cerebelum_7b_R	Cerebelum_8_L	Cerebelum_8_R	Cerebelum_9_L	Cerebelum_9_R	Cerebelum_10_L	Cerebelum_10_R	Vermis_1_2	Vermis_3	Vermis_4_5	Vermis_6	Vermis_7	Vermis_8	Vermis_9	Vermis_10	
568524	Precentral_L	0	2692	22316	5732	0	0	28962	1796	0	0	13974	0	1726	0	0	0	11030	0	11090	9368	0	0	916	98	0	0	0	0	11302	0	518	192	134	5292	7996	4910	6996	2390	468	512	0	0	1222	0	336	0	598	246	90	0	5984	0	5936	0	4298	0	37050	0	458	0	6342	0	5288	0	308	0	1776	226	23168	2796	4738	142	3280	0	1300	96	10670	2268	3688	0	2452	0	108	0	3494	0	0	0	4716	0	108	0	0	0	0	0	178	0	320	0	0	0	0	0	0	0	0	0	0	0	172	0	0	0	0	0	
330172	Precentral_R	2692	0	2318	19932	0	0	1362	9022	0	0	0	3218	0	190	0	0	0	2026	1992	14028	0	0	0	0	0	0	0	0	0	2292	0	118	0	3526	334	1490	0	4584	0	152	0	0	0	5962	0	2410	0	1504	0	520	0	586	0	1776	0	2008	86	19840	0	892	0	1718	0	4078	0	460	0	6492	2836	19008	1468	5056	0	1980	0	1048	1250	5106	0	414	0	1066	0	324	0	2818	0	0	0	5104	0	0	0	0	0	0	0	0	0	0	0	0	0	0	0	0	0	0	0	0	0	0	0	0	0	0	
947768	Frontal_Sup_L	22316	2318	0	14014	6338	0	77072	1958	2078	0	11082	0	21672	144	8436	352	8798	86	70496	20034	196	0	41112	6282	966	470	0	0	35016	212	15254	4166	2020	9206	2312	4052	4286	1774	400	344	0	0	90	0	0	0	0	184	0	0	0	0	0	0	574	198	4300	122	0	0	658	0	436	332	0	0	0	294	7516	4456	13254	162	18166	86	3430	0	16604	1642	376	0	3306	0	1386	0	128	112	0	0	636	174	0	0	0	0	0	0	0	0	0	0	0	0	0	0	0	0	0	0	0	0	0	0	0	0	0	0	
999840	Frontal_Sup_R	5732	19932	14014	0	0	3618	6146	68416	0	1376	156	8050	0	10958	0	8884	186	4878	19988	80160	0	206	6476	34298	0	4218	0	310	164	14528	2618	28640	918	19232	294	1246	240	7552	0	952	0	0	0	116	0	0	0	164	0	100	0	0	0	0	0	1562	1024	1692	0	0	0	0	0	298	0	86	0	122	6074	220	13208	44680	708	17860	220	2326	3878	26404	0	326	134	642	0	1960	0	746	0	0	0	882	0	0	0	0	0	0	0	0	0	0	0	0	0	0	0	0	0	0	0	102	0	0	0	0	0	0	
105956	Frontal_Sup_Orb_L	0	0	6338	0	0	0	1624	0	9610	0	0	0	1442	0	12410	0	0	0	0	0	1268	476	2088	534	1132	248	2798	0	5918	0	750	270	0	0	0	0	0	0	0	0	0	0	0	0	0	0	0	0	0	0	0	0	0	0	0	0	0	0	0	0	0	0	0	0	0	0	0	0	0	0	754	366	3014	0	0	0	0	0	0	0	142	0	1796	0	0	0	0	0	0	0	0	0	0	0	0	0	0	0	0	0	0	0	0	0	0	0	0	0	0	0	0	0	0	0	0	0	
75544	Frontal_Sup_Orb_R	0	0	0	3618	0	0	0	1246	0	2486	0	0	0	140	0	2688	0	0	0	988	328	1384	0	3006	0	6784	128	6284	0	686	0	2136	0	0	0	0	0	0	0	0	0	126	0	0	0	0	0	0	0	0	0	0	0	0	0	0	0	0	0	0	0	0	0	0	0	0	0	0	0	0	338	3282	178	1946	0	0	0	0	0	0	0	0	0	0	0	0	0	0	0	0	0	0	0	0	0	0	0	0	0	0	0	0	0	0	0	0	0	0	0	0	0	0	0	0	0	0	
583788	Frontal_Mid_L	28962	1362	77072	6146	1624	0	0	944	2540	0	14534	0	33924	82	6046	318	4650	0	13176	6290	0	0	16254	2340	0	0	0	0	18380	92	2940	706	180	3536	2238	2742	3934	948	600	390	0	0	0	0	0	0	82	184	0	0	152	0	0	0	146	112	3948	0	0	0	844	0	894	128	0	0	0	194	1484	1716	7190	0	3156	0	768	0	14674	938	766	0	1144	0	278	0	146	0	0	0	0	0	0	0	0	0	0	0	0	0	0	0	0	0	0	0	0	0	0	0	0	0	0	0	0	0	0	0	
438900	Frontal_Mid_R	1796	9022	1958	68416	0	1246	944	0	0	1928	0	15172	0	14958	0	4980	0	4584	1778	4644	0	192	586	3526	0	0	0	0	0	13012	744	1150	88	1086	240	612	200	4784	0	426	0	0	0	0	0	0	0	124	0	0	0	0	0	0	0	522	668	1268	0	0	0	0	0	0	0	0	0	0	1102	0	2260	19874	0	7942	0	3010	1158	20992	0	98	0	0	0	2360	0	0	0	0	0	0	0	0	0	0	0	0	0	0	0	0	0	0	0	0	0	0	0	0	0	0	0	0	0	0	0	0	
60628	Frontal_Mid_Orb_L	0	0	2078	0	9610	0	2540	0	0	0	0	0	1872	0	10232	0	0	0	0	0	0	0	0	0	118	0	1060	0	1742	0	0	0	0	0	0	0	0	0	0	0	0	0	0	0	0	0	0	0	0	0	0	0	0	0	0	0	0	0	0	0	0	0	0	0	0	0	0	0	0	0	0	0	292	0	0	0	0	0	0	0	0	0	770	0	0	0	0	0	0	0	0	0	0	0	0	0	0	0	0	0	0	0	0	0	0	0	0	0	0	0	0	0	0	0	0	0	
20920	Frontal_Mid_Orb_R	0	0	0	1376	0	2486	0	1928	0	0	0	0	0	368	0	3754	0	0	0	0	0	0	0	0	0	158	0	390	0	0	0	0	0	0	0	0	0	0	0	0	0	0	0	0	0	0	0	0	0	0	0	0	0	0	0	0	0	0	0	0	0	0	0	0	0	0	0	0	0	0	0	0	0	0	0	0	0	0	0	0	0	0	0	0	0	0	0	0	0	0	0	0	0	0	0	0	0	0	0	0	0	0	0	0	0	0	0	0	0	0	0	0	0	0	0	0	
226092	Frontal_Inf_Oper_L	13974	0	11082	156	0	0	14534	0	0	0	0	0	13080	0	402	0	14382	0	7276	124	0	0	1534	0	0	0	0	0	16550	0	2666	648	0	0	0	0	292	0	0	0	0	0	0	0	0	0	0	0	0	0	0	0	0	0	164	0	5096	0	0	0	312	0	1072	0	112	0	0	0	0	0	110	0	966	0	0	0	108	0	426	0	5244	0	2344	0	162	0	0	0	230	0	0	0	0	0	0	0	0	0	0	0	0	0	0	0	0	0	0	0	0	0	0	0	0	0	0	0	
167404	Frontal_Inf_Oper_R	0	3218	0	8050	0	0	0	15172	0	0	0	0	0	13892	0	434	0	7740	734	2118	0	0	0	780	0	0	0	0	0	19272	0	176	0	510	0	0	0	692	0	124	0	0	0	0	0	0	0	0	0	0	0	0	0	0	0	176	0	688	0	0	0	0	0	0	0	0	0	0	0	0	0	116	0	4872	0	230	0	232	0	0	0	100	0	4286	0	0	0	0	0	90	0	0	0	0	0	0	0	0	0	0	0	0	0	0	0	0	0	0	0	0	0	0	0	0	0	0	
271600	Frontal_Inf_Tri_L	1726	0	21672	0	1442	0	33924	0	1872	0	13080	0	0	0	13268	0	804	0	7362	0	0	0	5654	240	0	0	0	0	25698	0	4698	1688	0	132	0	0	0	0	0	0	0	0	0	0	0	0	0	0	0	0	0	0	0	0	0	0	362	0	0	0	0	0	0	0	0	0	0	0	0	0	224	0	1200	0	0	0	0	0	0	0	378	0	376	0	0	0	0	0	0	0	0	0	0	0	0	0	0	0	0	0	0	0	0	0	0	0	0	0	0	0	0	0	0	0	0	0	
172172	Frontal_Inf_Tri_R	0	190	144	10958	0	140	82	14958	0	368	0	13892	0	0	0	5806	0	792	2722	4618	0	0	174	3010	0	0	0	0	0	20772	0	564	406	3762	0	0	0	0	0	0	0	0	0	0	0	0	0	0	0	0	0	0	0	0	0	0	0	0	0	0	0	0	0	0	0	0	0	0	0	0	0	0	0	2372	0	0	0	0	0	0	0	0	0	356	0	0	0	0	0	0	0	0	0	0	0	0	0	0	0	0	0	0	0	0	0	0	0	0	0	0	0	0	0	0	0	0	
165160	Frontal_Inf_Orb_L	0	0	8436	0	12410	0	6046	0	10232	0	402	0	13268	0	0	0	0	0	1514	0	1266	244	1186	0	106	0	846	0	17038	0	782	190	0	0	0	0	366	0	102	0	202	0	0	0	0	0	0	0	0	0	0	0	0	0	238	0	0	0	0	0	0	0	0	0	0	0	0	0	0	0	414	216	3400	0	0	0	0	0	0	0	296	0	3380	0	0	0	0	0	0	0	0	0	0	0	0	0	0	0	0	0	0	0	0	0	0	0	0	0	0	0	0	0	0	0	0	0	
125580	Frontal_Inf_Orb_R	0	0	352	8884	0	2688	318	4980	0	3754	0	434	0	5806	0	0	0	0	1776	6324	92	876	1616	2354	0	0	0	656	0	8790	84	476	612	6776	0	0	0	0	0	124	0	0	0	0	0	0	0	0	0	0	0	0	0	0	0	0	0	0	0	0	0	0	0	0	0	0	0	0	0	0	300	1858	0	2088	0	0	0	0	0	0	0	252	0	520	0	0	0	0	0	0	0	0	0	0	0	0	0	0	0	0	0	0	0	0	0	0	0	0	0	0	0	0	0	0	0	0	
208472	Rolandic_Oper_L	11030	0	8798	186	0	0	4650	0	0	0	14382	0	804	0	0	0	0	0	7448	276	0	0	0	0	0	0	0	0	17510	0	498	0	0	134	0	0	648	0	0	0	0	0	0	0	0	0	0	0	0	0	890	0	130	0	1350	0	9404	0	260	0	1042	0	3292	0	234	0	0	0	92	98	0	0	506	0	0	0	192	0	3130	0	11046	0	2074	0	2204	0	0	0	1928	0	0	0	0	0	0	0	0	0	0	0	0	0	0	0	0	0	0	0	0	0	0	0	0	0	0	0	
140560	Rolandic_Oper_R	0	2026	86	4878	0	0	0	4584	0	0	0	7740	0	792	0	0	0	0	0	1670	0	0	0	0	0	0	0	0	0	14210	0	104	0	84	0	0	0	526	0	100	0	0	0	158	0	0	0	0	0	294	0	0	0	800	0	970	0	6730	0	728	0	1206	0	4658	0	192	0	350	0	584	0	436	0	3882	0	208	0	0	0	2104	0	3322	0	5172	0	810	0	0	0	876	0	0	0	0	0	0	0	0	0	0	0	0	0	0	0	0	0	0	0	0	0	0	0	0	0	0	
718744	Supp_Motor_Area_L	11090	1992	70496	19988	0	0	13176	1778	0	0	7276	734	7362	2722	1514	1776	7448	0	0	46630	0	0	9810	3746	0	0	0	0	22082	3370	11656	4182	12026	23412	2862	628	3588	154	256	0	0	0	318	0	858	0	0	0	124	0	140	0	0	0	1244	0	2942	0	0	0	150	0	480	0	0	0	1478	188	10234	456	15030	178	18322	302	4794	0	4048	690	340	0	3372	0	532	0	268	0	0	0	1130	0	0	0	0	0	0	0	0	0	0	0	0	0	0	0	0	0	0	0	0	0	0	0	0	0	0	0	
805048	Supp_Motor_Area_R	9368	14028	20034	80160	0	988	6290	4644	0	0	124	2118	0	4618	0	6324	276	1670	46630	0	0	0	1138	8742	0	1824	0	240	104	6840	3120	16642	5668	50236	1404	6796	0	1686	0	382	0	0	158	1566	132	586	0	584	0	0	0	146	0	952	0	1048	504	2102	0	106	0	184	0	1444	0	86	160	3600	15208	18820	12168	20808	688	9014	0	150	2420	4058	0	0	140	588	0	154	0	1136	0	0	0	1604	0	0	0	0	0	0	0	0	0	0	0	0	0	0	0	0	0	0	0	0	116	0	0	0	0	0	
76964	Olfactory_L	0	0	196	0	1268	328	0	0	0	0	0	0	0	0	1266	92	0	0	0	0	0	5052	0	0	138	338	3796	1964	3584	228	2176	2104	0	0	0	0	1012	0	542	0	964	0	0	0	0	0	0	0	0	0	0	0	0	0	726	0	0	0	0	0	0	0	0	0	0	0	0	0	0	0	5368	2276	2310	302	0	0	0	198	0	0	1798	0	352	0	0	0	0	0	104	0	0	0	0	0	0	0	0	0	0	0	0	0	0	0	0	0	0	0	0	0	0	0	0	0	0	0	
86084	Olfactory_R	0	0	0	206	476	1384	0	192	0	0	0	0	0	0	244	876	0	0	0	0	5052	0	0	0	0	378	3046	3108	188	1750	1794	2080	0	0	0	0	0	568	0	412	0	774	0	0	0	0	0	0	0	0	0	0	0	0	0	102	0	0	0	0	0	0	0	0	0	0	0	0	0	0	7796	6334	4160	1426	0	0	0	372	0	0	118	0	0	206	0	0	0	0	0	0	0	0	0	0	0	0	0	0	0	0	0	0	0	0	0	0	0	0	0	0	0	0	0	0	0	0	
343500	Frontal_Sup_Medial_L	916	0	41112	6476	2088	0	16254	586	0	0	1534	0	5654	174	1186	1616	0	0	9810	1138	0	0	0	19286	1852	1710	0	0	6690	146	21526	12056	3252	8058	0	0	0	0	0	0	0	0	0	0	0	0	0	0	0	0	0	0	0	0	0	0	0	0	0	0	0	0	0	0	0	0	0	0	0	0	846	0	7472	0	0	0	0	0	0	0	0	0	312	0	0	0	0	0	0	0	0	0	0	0	0	0	0	0	0	0	0	0	0	0	0	0	0	0	0	0	0	0	0	0	0	0	
302696	Frontal_Sup_Medial_R	98	0	6282	34298	534	3006	2340	3526	0	0	0	780	240	3010	0	2354	0	0	3746	8742	0	0	19286	0	376	6460	158	0	432	3512	4566	20270	280	12022	0	0	0	0	0	0	0	0	0	0	0	0	0	0	0	0	0	0	0	0	0	0	0	0	0	0	0	0	0	0	0	0	0	0	0	0	406	8126	1384	5114	0	0	0	0	0	0	0	0	0	0	0	0	0	0	0	0	0	0	0	0	0	0	0	0	0	0	0	0	0	0	0	0	0	0	0	0	0	0	0	0	0	0	
14848	Frontal_Med_Orb_L	0	0	966	0	1132	0	0	0	118	0	0	0	0	0	106	0	0	0	0	0	138	0	1852	376	0	634	318	0	0	0	1240	250	0	0	0	0	0	0	0	0	0	0	0	0	0	0	0	0	0	0	0	0	0	0	0	0	0	0	0	0	0	0	0	0	0	0	0	0	0	0	134	0	160	0	0	0	0	0	0	0	0	0	0	0	0	0	0	0	0	0	0	0	0	0	0	0	0	0	0	0	0	0	0	0	0	0	0	0	0	0	0	0	0	0	0	0	
86380	Frontal_Med_Orb_R	0	0	470	4218	248	6784	0	0	0	158	0	0	0	0	0	0	0	0	0	1824	338	378	1710	6460	634	0	116	5338	0	0	808	5620	0	0	0	0	0	0	0	0	0	0	0	0	0	0	0	0	0	0	0	0	0	0	0	0	0	0	0	0	0	0	0	0	0	0	0	0	0	0	166	4124	152	3644	0	0	0	0	0	0	0	0	0	0	0	0	0	0	0	0	0	0	0	0	0	0	0	0	0	0	0	0	0	0	0	0	0	0	0	0	0	0	0	0	0	0	
49100	Rectus_L	0	0	0	0	2798	128	0	0	1060	0	0	0	0	0	846	0	0	0	0	0	3796	3046	0	158	318	116	0	1622	322	0	2624	1980	0	0	0	0	0	0	0	0	0	0	0	0	0	0	0	0	0	0	0	0	0	0	0	0	0	0	0	0	0	0	0	0	0	0	0	0	0	0	3178	1160	1114	178	0	0	0	0	0	0	106	0	0	0	0	0	0	0	0	0	0	0	0	0	0	0	0	0	0	0	0	0	0	0	0	0	0	0	0	0	0	0	0	0	0	0	
59160	Rectus_R	0	0	0	310	0	6284	0	0	0	390	0	0	0	0	0	656	0	0	0	240	1964	3108	0	0	0	5338	1622	0	0	828	986	2680	0	0	0	0	0	0	0	0	0	0	0	0	0	0	0	0	0	0	0	0	0	0	0	0	0	0	0	0	0	0	0	0	0	0	0	0	0	0	1450	2164	400	1160	0	0	0	0	0	0	0	0	0	0	0	0	0	0	0	0	0	0	0	0	0	0	0	0	0	0	0	0	0	0	0	0	0	0	0	0	0	0	0	0	0	0	
543892	Insula_L	11302	0	35016	164	5918	0	18380	0	1742	0	16550	0	25698	0	17038	0	17510	0	22082	104	3584	188	6690	432	0	0	322	0	0	0	6474	1622	152	138	548	556	8440	252	1178	106	1736	0	104	0	0	0	0	0	0	0	912	0	156	0	5604	0	5594	0	124	0	1544	0	974	0	462	0	186	0	132	0	1012	142	15210	0	0	0	2132	0	7080	0	13142	0	5294	0	2594	0	0	0	5356	0	132	0	0	0	0	0	0	0	138	0	0	0	0	0	0	0	0	0	0	0	0	0	0	0	0	0	
347724	Insula_R	0	2292	212	14528	0	686	92	13012	0	0	0	19272	0	20772	0	8790	0	14210	3370	6840	228	1750	146	3512	0	0	0	828	0	0	0	538	266	4418	0	0	0	4418	0	1496	0	828	0	132	0	0	0	86	0	82	0	0	0	378	0	4264	0	1334	0	0	0	0	0	322	0	0	0	94	0	0	248	1350	126	21576	0	282	110	790	0	1550	0	5894	0	5480	0	2440	0	0	0	4664	0	0	0	0	0	0	0	156	0	0	0	0	0	0	0	0	0	0	0	0	0	0	0	0	0	0	
278412	Cingulum_Ant_L	518	0	15254	2618	750	0	2940	744	0	0	2666	0	4698	0	782	84	498	0	11656	3120	2176	1794	21526	4566	1240	808	2624	986	6474	0	0	18052	3762	3704	82	0	0	0	0	0	0	0	0	0	0	0	0	0	0	0	0	0	0	0	0	0	146	0	0	0	0	0	0	0	0	0	0	0	0	0	11812	1290	11124	262	0	0	0	0	0	0	236	0	214	0	0	0	0	0	0	0	0	0	0	0	0	0	0	0	0	0	0	0	0	0	0	0	0	0	0	0	0	0	0	0	0	0	
378704	Cingulum_Ant_R	192	118	4166	28640	270	2136	706	1150	0	0	648	176	1688	564	190	476	0	104	4182	16642	2104	2080	12056	20270	250	5620	1980	2680	1622	538	18052	0	2834	18094	0	0	0	0	0	0	0	0	0	0	0	0	0	0	0	0	0	0	0	0	0	0	110	0	0	0	0	0	0	0	0	0	0	0	0	0	5336	17990	4116	11572	0	0	0	0	0	0	0	0	0	0	0	0	0	0	0	0	0	0	0	0	0	0	0	0	0	0	0	0	0	0	0	0	0	0	0	0	0	0	0	0	0	0	
136096	Cingulum_Mid_L	134	0	2020	918	0	0	180	88	0	0	0	0	0	406	0	612	0	0	12026	5668	0	0	3252	280	0	0	0	0	152	266	3762	2834	0	12914	5452	1068	0	0	0	0	0	0	588	0	3342	90	128	0	614	0	522	0	0	0	0	0	342	90	210	0	0	0	0	0	0	0	5552	1096	3018	292	0	0	0	0	0	0	0	0	0	0	0	0	0	0	132	0	0	0	0	0	0	0	0	0	0	0	0	0	0	0	0	0	0	0	0	0	0	0	0	0	0	0	0	0	0	0	
497072	Cingulum_Mid_R	5292	3526	9206	19232	0	0	3536	1086	0	0	0	510	132	3762	0	6776	134	84	23412	50236	0	0	8058	12022	0	0	0	0	138	4418	3704	18094	12914	0	2102	10450	0	300	0	0	0	0	142	2506	152	1784	0	1020	0	264	0	182	0	470	0	536	186	3050	0	150	0	0	0	442	0	0	910	9206	11318	14092	732	320	132	566	0	0	280	0	0	0	0	0	0	0	0	218	0	0	0	612	0	0	0	0	0	0	0	0	0	0	0	0	0	0	0	0	0	0	0	0	142	0	0	0	0	0	
179360	Cingulum_Post_L	7996	334	2312	294	0	0	2238	240	0	0	0	0	0	0	0	0	0	0	2862	1404	0	0	0	0	0	0	0	0	548	0	82	0	5452	2102	0	13044	9182	4656	1128	2598	0	0	2088	0	1656	94	2130	1708	174	0	0	0	0	0	86	110	594	0	0	0	0	0	0	0	0	0	7480	3468	5944	990	0	0	0	0	0	0	3294	1920	1344	0	0	0	0	0	0	0	0	0	0	0	0	0	0	0	0	0	0	128	0	0	0	0	0	0	0	0	0	0	0	0	0	0	0	0	0	0	
230104	Cingulum_Post_R	4910	1490	4052	1246	0	0	2742	612	0	0	0	0	0	0	0	0	0	0	628	6796	0	0	0	0	0	0	0	0	556	0	0	0	1068	10450	13044	0	6936	7272	826	2938	0	0	136	1168	146	1506	602	3992	0	0	0	0	0	0	0	264	538	2406	0	0	0	0	0	0	0	0	2754	13034	3578	8138	132	100	0	102	0	110	5192	3434	1350	0	0	0	0	0	0	0	0	0	0	0	0	0	0	0	0	0	0	218	0	0	0	0	0	0	0	0	0	0	0	0	586	0	0	0	0	0	
283424	Hippocampus_L	6996	0	4286	240	0	0	3934	200	0	0	292	0	0	0	366	0	648	0	3588	0	1012	0	0	0	0	0	0	0	8440	0	0	0	0	0	9182	6936	0	3920	12528	2554	4970	0	3486	0	172	0	4790	1702	0	0	1380	0	1770	0	16942	204	1594	0	0	0	164	0	0	0	0	0	5132	1750	802	0	168	0	7392	0	532	0	4860	1160	3246	0	1512	0	524	0	676	0	0	0	7510	0	640	0	104	0	0	0	1178	146	1160	0	0	0	206	0	282	0	0	0	0	280	156	0	0	0	0	0	
286972	Hippocampus_R	2390	4584	1774	7552	0	0	948	4784	0	0	0	692	0	0	0	0	0	526	154	1686	0	568	0	0	0	0	0	0	252	4418	0	0	0	300	4656	7272	3920	0	850	19356	0	7754	102	1244	0	0	518	5366	0	0	0	0	0	0	0	21640	236	552	0	0	0	0	0	250	0	0	638	4710	1308	342	0	270	0	9368	0	452	3390	7220	518	496	0	1124	0	428	0	676	0	0	0	5338	0	304	0	0	0	0	0	1072	0	1094	0	0	0	0	0	116	0	0	0	0	278	0	0	0	0	0	
84952	ParaHippocampal_L	468	0	400	0	0	0	600	0	0	0	0	0	0	0	102	0	0	0	256	0	542	0	0	0	0	0	0	0	1178	0	0	0	0	0	1128	826	12528	850	0	526	2212	0	304	0	0	0	3108	354	0	0	0	0	0	0	6498	94	0	0	0	0	0	0	0	0	0	0	916	240	0	0	0	0	1334	0	0	0	490	398	0	0	416	0	234	0	0	0	0	0	582	0	1080	0	148	0	136	0	1842	0	1694	0	0	0	272	0	414	0	0	0	0	306	0	0	0	0	0	0	
139700	ParaHippocampal_R	512	152	344	952	0	0	390	426	0	0	0	124	0	0	0	124	0	100	0	382	0	412	0	0	0	0	0	0	106	1496	0	0	0	0	2598	2938	2554	19356	526	0	0	6160	0	98	0	0	358	3216	0	0	0	0	0	0	0	10992	128	0	0	0	0	0	0	0	0	0	560	1582	0	0	0	0	0	3664	0	160	552	1248	210	106	0	250	0	692	0	0	0	144	0	370	0	912	0	0	0	0	0	2488	0	1776	0	0	0	244	0	248	0	0	0	0	0	0	0	116	84	0	
32564	Amygdala_L	0	0	0	0	0	0	0	0	0	0	0	0	0	0	202	0	0	0	0	0	964	0	0	0	0	0	0	0	1736	0	0	0	0	0	0	0	4970	0	2212	0	0	0	0	0	0	0	0	0	0	0	0	0	0	0	3156	0	0	0	0	0	0	0	0	0	0	0	0	0	0	0	0	0	490	0	0	0	0	0	0	0	808	0	522	0	0	0	108	0	1114	0	0	0	0	0	0	0	0	0	0	0	0	0	0	0	0	0	0	0	0	0	0	0	0	0	0	0	
41720	Amygdala_R	0	0	0	0	0	126	0	0	0	0	0	0	0	0	0	0	0	0	0	0	0	774	0	0	0	0	0	0	0	828	0	0	0	0	0	0	0	7754	0	6160	0	0	0	0	0	0	0	0	0	0	0	0	0	0	0	3406	0	0	0	0	0	0	0	0	0	0	0	0	0	0	0	0	0	872	0	0	0	154	0	0	0	0	0	674	0	0	0	0	0	0	0	0	0	0	0	0	0	112	0	0	0	0	0	0	0	0	0	0	0	0	0	0	0	0	0	0	
439304	Calcarine_L	1222	0	90	0	0	0	0	0	0	0	0	0	0	0	0	0	0	0	318	158	0	0	0	0	0	0	0	0	104	0	0	0	588	142	2088	136	3486	102	304	0	0	0	0	16908	31026	10572	27416	9606	16062	5804	22996	1394	11388	578	8652	608	6114	0	2822	92	440	0	124	0	268	0	24702	1286	2232	130	0	0	0	0	0	0	362	0	0	0	0	0	0	0	1266	0	0	0	2792	0	0	82	0	0	0	0	1014	160	1942	148	0	0	0	0	0	0	0	0	0	0	1316	612	0	0	0	0	
523676	Calcarine_R	0	5962	0	116	0	0	0	0	0	0	0	0	0	0	0	0	0	158	0	1566	0	0	0	0	0	0	0	0	0	132	0	0	0	2506	0	1168	0	1244	0	98	0	0	16908	0	14440	41470	4680	32092	1422	27204	404	20974	0	7884	0	11916	0	9348	0	5786	0	0	0	676	0	1034	2494	35676	458	8972	0	0	0	0	0	0	0	0	0	90	0	244	0	0	0	1176	0	0	0	2556	0	0	0	0	0	0	0	158	112	342	0	0	0	0	0	0	0	0	0	0	144	228	0	0	0	0	
355332	Cuneus_L	336	0	0	0	0	0	0	0	0	0	0	0	0	0	0	0	0	0	858	132	0	0	0	0	0	0	0	0	0	0	0	0	3342	152	1656	146	172	0	0	0	0	0	31026	14440	0	14536	8482	4684	30144	6622	16384	1936	2074	0	754	0	890	0	7768	202	258	0	0	0	0	0	24854	1546	2032	102	0	0	0	0	0	0	0	0	0	0	0	0	0	0	1364	0	0	0	396	0	0	0	0	0	0	0	96	0	200	0	0	0	0	0	0	0	0	0	0	0	82	0	0	0	0	0	
478304	Cuneus_R	0	2410	0	0	0	0	0	0	0	0	0	0	0	0	0	0	0	0	0	586	0	0	0	0	0	0	0	0	0	0	0	0	90	1784	94	1506	0	0	0	0	0	0	10572	41470	14536	0	1518	9344	752	47170	150	25512	0	3846	0	880	0	7468	0	14054	0	966	0	112	0	4310	5294	32024	84	6280	0	0	0	0	0	0	0	0	0	0	0	360	0	0	0	3276	0	0	0	2704	0	0	0	0	0	0	0	0	0	0	0	0	0	0	0	0	0	0	0	0	0	0	0	0	0	0	
458392	Lingual_L	598	0	0	0	0	0	82	0	0	0	0	0	0	0	0	0	0	0	0	0	0	0	0	0	0	0	0	0	0	0	0	0	128	0	2130	602	4790	518	3108	358	0	0	27416	4680	8482	1518	0	6712	5624	780	21462	190	17140	366	22310	1288	948	0	700	0	0	0	0	0	264	0	14010	660	1048	0	0	0	0	0	0	0	254	144	0	0	0	0	0	0	1636	0	0	0	1022	0	9578	3260	316	128	0	0	17204	3372	21432	4242	0	0	202	0	0	0	0	0	0	0	10798	5710	1572	100	92	222	
391040	Lingual_R	246	1504	184	164	0	0	184	124	0	0	0	0	0	0	0	0	0	0	0	584	0	0	0	0	0	0	0	0	0	86	0	0	0	1020	1708	3992	1702	5366	354	3216	0	0	9606	32092	4684	9344	6712	0	360	9262	584	3500	774	5176	1754	18986	120	2162	0	344	0	0	0	130	0	0	1192	16294	222	2706	0	0	0	0	0	0	144	418	140	0	0	92	0	0	112	234	0	0	0	674	3598	5384	1042	194	170	244	2294	6010	5794	7968	122	0	318	0	198	0	0	0	0	112	6086	6954	780	0	0	0	
273376	Occipital_Sup_L	90	0	0	0	0	0	0	0	0	0	0	0	0	0	0	0	0	0	124	0	0	0	0	0	0	0	0	0	0	0	0	0	614	0	174	0	0	0	0	0	0	0	16062	1422	30144	752	5624	360	0	168	36998	0	2186	0	466	0	700	0	15344	176	3702	0	0	0	520	0	14712	520	336	0	0	0	0	0	0	0	0	0	0	0	0	0	0	0	5252	0	0	0	242	0	0	0	0	0	0	0	0	0	0	0	0	0	0	0	0	0	0	0	0	0	0	0	0	0	0	0	
446984	Occipital_Sup_R	0	520	0	100	0	0	0	0	0	0	0	0	0	0	0	0	0	294	0	0	0	0	0	0	0	0	0	0	0	82	0	0	0	264	0	0	0	0	0	0	0	0	5804	27204	6622	47170	780	9262	168	0	0	38078	0	2416	0	886	0	5424	0	23052	0	2908	0	898	0	16318	2268	17950	0	3946	0	0	0	0	0	0	0	0	0	0	0	1220	0	0	0	6512	0	0	0	3346	0	0	0	0	0	0	0	0	0	0	0	0	0	0	0	0	0	0	0	0	0	0	0	0	0	0	
632052	Occipital_Mid_L	5984	0	0	0	0	0	152	0	0	0	0	0	0	0	0	0	890	0	140	0	0	0	0	0	0	0	0	0	912	0	0	0	522	0	0	0	1380	0	0	0	0	0	22996	404	16384	150	21462	584	36998	0	0	0	38352	0	18008	0	11044	0	31234	0	14038	0	1746	0	21300	0	10204	0	4498	0	0	0	0	0	0	0	256	0	784	0	800	0	0	0	33048	0	0	0	8712	0	288	0	0	0	0	0	3058	496	5152	0	0	0	0	0	0	0	0	0	0	0	3400	650	0	0	0	0	
336868	Occipital_Mid_R	0	586	0	0	0	0	0	0	0	0	0	0	0	0	0	0	0	0	0	146	0	0	0	0	0	0	0	0	0	0	0	0	0	182	0	0	0	0	0	0	0	0	1394	20974	1936	25512	190	3500	0	38078	0	0	0	3924	0	774	0	3356	0	15530	0	5332	0	516	0	19732	1404	11114	0	2388	0	0	0	0	0	0	0	0	0	0	0	562	0	0	0	10784	0	0	0	520	0	0	0	0	0	0	0	0	0	0	0	0	0	0	0	0	0	0	0	0	0	0	0	0	0	0	
301596	Occipital_Inf_L	5936	0	0	0	0	0	0	0	0	0	0	0	0	0	0	0	130	0	0	0	0	0	0	0	0	0	0	0	156	0	0	0	0	0	0	0	1770	0	0	0	0	0	11388	0	2074	0	17140	774	2186	0	38352	0	0	0	23266	0	5290	0	1464	0	184	0	0	0	1180	0	2452	0	2960	0	0	0	140	0	0	0	538	0	206	0	146	0	0	0	7636	0	0	0	9434	0	646	0	0	0	0	0	3380	512	6058	0	0	0	0	0	0	0	0	0	0	0	4158	1242	0	0	0	0	
143512	Occipital_Inf_R	0	1776	0	0	0	0	0	0	0	0	0	0	0	0	0	0	0	800	0	952	0	0	0	0	0	0	0	0	0	378	0	0	0	470	0	0	0	0	0	0	0	0	578	7884	0	3846	366	5176	0	2416	0	3924	0	0	0	10104	0	3192	0	762	0	236	0	1200	0	368	0	7626	0	3806	84	0	0	0	0	0	0	0	0	136	0	552	0	0	0	2154	0	0	0	10000	262	258	0	0	0	0	0	0	366	938	0	0	0	0	0	0	0	0	0	0	100	814	232	0	0	0	
524448	Fusiform_L	4298	0	574	0	0	0	146	0	0	0	164	0	0	0	238	0	1350	0	1244	0	726	0	0	0	0	0	0	0	5604	0	0	0	0	0	86	0	16942	0	6498	0	3156	0	8652	0	754	0	22310	1754	466	0	18008	0	23266	0	0	152	3258	0	754	0	166	0	108	0	726	0	4346	0	2346	0	0	0	3032	0	0	0	1304	0	3014	0	2704	0	2766	0	6318	0	778	0	23540	0	22796	640	2090	0	334	0	15946	716	32888	814	556	0	1150	0	544	0	0	0	0	106	7650	3906	452	0	88	0	
395760	Fusiform_R	0	2008	198	1562	0	0	112	522	0	0	0	176	0	0	0	0	0	970	0	1048	0	102	0	0	0	0	0	0	0	4264	0	0	0	536	110	264	204	21640	94	10992	0	3406	608	11916	0	880	1288	18986	0	886	0	774	0	10104	152	0	0	1112	0	158	0	0	0	982	0	0	0	6846	0	1014	0	0	0	4884	0	100	0	942	0	696	0	5518	0	5930	0	2698	0	2180	0	15130	1320	13704	684	548	142	552	730	9080	2024	18514	102	0	246	714	146	88	0	0	0	0	2860	3712	614	108	0	0	
337848	Postcentral_L	37050	86	4300	1024	0	0	3948	668	0	0	5096	0	362	0	0	0	9404	0	2942	504	0	0	0	0	0	0	0	0	5594	0	146	110	342	186	594	538	1594	236	0	128	0	0	6114	0	890	0	948	120	700	0	11044	0	5290	0	3258	0	0	0	9556	0	19758	0	8532	0	2364	0	4906	0	2826	106	1936	0	770	0	250	0	882	0	3084	0	2852	0	0	0	3708	0	0	0	3168	0	0	0	0	0	0	0	290	0	426	0	0	0	0	0	0	0	0	0	0	0	294	0	0	0	0	0	
337496	Postcentral_R	0	19840	122	1692	0	0	0	1268	0	0	0	688	0	0	0	0	0	6730	0	2102	0	0	0	0	0	0	0	0	0	1334	0	0	90	3050	0	2406	0	552	0	0	0	0	0	9348	0	7468	0	2162	0	5424	0	3356	0	3192	0	1112	0	0	0	15594	0	13626	0	18828	0	2550	0	21636	0	14698	0	318	0	214	0	0	0	150	0	246	0	1960	0	0	0	4118	0	0	0	2874	0	0	0	0	0	0	0	0	0	0	0	0	0	0	0	0	0	0	0	0	0	0	0	0	0	0	
253308	Parietal_Sup_L	458	0	0	0	0	0	0	0	0	0	0	0	0	0	0	0	260	0	0	0	0	0	0	0	0	0	0	0	124	0	0	0	210	0	0	0	0	0	0	0	0	0	2822	0	7768	0	700	0	15344	0	31234	0	1464	0	754	0	9556	0	0	296	16106	0	1198	0	8904	0	12200	620	528	0	0	0	0	0	0	0	0	0	0	0	450	0	0	0	12142	0	0	0	3340	0	84	0	0	0	0	0	0	0	92	0	0	0	0	0	0	0	0	0	0	0	0	0	0	0	0	0	
269284	Parietal_Sup_R	0	892	0	0	0	0	0	0	0	0	0	0	0	0	0	0	0	728	0	106	0	0	0	0	0	0	0	0	0	0	0	0	0	150	0	0	0	0	0	0	0	0	92	5786	202	14054	0	344	176	23052	0	15530	0	762	0	158	0	15594	296	0	0	11448	0	4014	0	16372	1366	15784	0	1836	0	0	0	0	0	0	0	0	0	0	0	986	0	0	0	3258	0	0	0	1656	0	0	0	0	0	0	0	0	0	0	0	0	0	0	0	0	0	0	0	0	0	0	0	0	0	0	
205728	Parietal_Inf_L	6342	0	658	0	0	0	844	0	0	0	312	0	0	0	0	0	1042	0	150	0	0	0	0	0	0	0	0	0	1544	0	0	0	0	0	0	0	164	0	0	0	0	0	440	0	258	0	0	0	3702	0	14038	0	184	0	166	0	19758	0	16106	0	0	0	13742	0	15288	0	1684	0	238	0	90	0	90	0	0	0	122	0	300	0	572	0	0	0	3496	0	0	0	1534	0	0	0	0	0	0	0	0	0	0	0	0	0	0	0	0	0	0	0	0	0	0	0	0	0	0	0	
134244	Parietal_Inf_R	0	1718	0	0	0	0	0	0	0	0	0	0	0	0	0	0	0	1206	0	184	0	0	0	0	0	0	0	0	0	0	0	0	0	0	0	0	0	0	0	0	0	0	0	0	0	966	0	0	0	2908	0	5332	0	236	0	0	0	13626	0	11448	0	0	0	13972	0	12822	0	518	0	466	0	0	0	0	0	0	0	0	0	0	0	658	0	0	0	884	0	0	0	178	0	0	0	0	0	0	0	0	0	0	0	0	0	0	0	0	0	0	0	0	0	0	0	0	0	0	
124384	SupraMarginal_L	5288	0	436	0	0	0	894	0	0	0	1072	0	0	0	0	0	3292	0	480	0	0	0	0	0	0	0	0	0	974	0	0	0	0	0	0	0	0	0	0	0	0	0	124	0	0	0	0	0	0	0	1746	0	0	0	108	0	8532	0	1198	0	13742	0	0	0	6998	0	218	0	446	0	0	0	0	0	0	0	0	0	184	0	6718	0	0	0	8424	0	0	0	1318	0	0	0	0	0	0	0	0	0	0	0	0	0	0	0	0	0	0	0	0	0	0	0	0	0	0	0	
145744	SupraMarginal_R	0	4078	332	298	0	0	128	0	0	0	0	0	0	0	0	0	0	4658	0	1444	0	0	0	0	0	0	0	0	0	322	0	0	0	442	0	0	0	250	0	0	0	0	0	676	0	112	0	130	0	898	0	516	0	1200	0	982	0	18828	0	4014	0	13972	0	0	0	4852	0	1226	0	2976	0	0	0	0	0	0	0	0	0	176	0	5144	0	0	0	3000	0	0	0	2218	0	0	0	0	0	0	0	0	0	0	0	0	0	0	0	0	0	0	0	0	0	0	0	0	0	0	
148636	Angular_L	308	0	0	0	0	0	0	0	0	0	112	0	0	0	0	0	234	0	0	0	0	0	0	0	0	0	0	0	462	0	0	0	0	0	0	0	0	0	0	0	0	0	268	0	0	0	264	0	520	0	21300	0	1180	0	726	0	2364	0	8904	0	15288	0	6998	0	0	0	776	0	166	0	0	0	0	0	0	0	0	0	0	0	1170	0	0	0	10476	0	0	0	2292	0	0	0	0	0	0	0	150	0	216	0	0	0	0	0	0	0	0	0	0	0	144	0	0	0	0	0	
187844	Angular_R	0	460	0	86	0	0	0	0	0	0	0	0	0	0	0	0	0	192	0	86	0	0	0	0	0	0	0	0	0	0	0	0	0	0	0	0	0	0	0	0	0	0	0	1034	0	4310	0	0	0	16318	0	19732	0	368	0	0	0	2550	0	16372	0	12822	0	4852	0	0	0	1446	0	284	0	0	0	0	0	0	0	0	0	0	0	3210	0	0	0	7744	0	0	0	2056	0	0	0	0	0	0	0	0	0	0	0	0	0	0	0	0	0	0	0	0	0	0	0	0	0	0	
355908	Precuneus_L	1776	0	0	0	0	0	0	0	0	0	0	0	0	0	0	0	0	0	1478	160	0	0	0	0	0	0	0	0	186	0	0	0	5552	910	7480	2754	5132	638	916	560	0	0	24702	2494	24854	5294	14010	1192	14712	2268	10204	1404	2452	0	4346	0	4906	0	12200	1366	1684	0	218	0	776	0	0	10722	4180	794	0	0	0	0	0	0	122	0	136	0	0	0	0	0	2160	0	0	0	1256	0	0	0	0	0	0	0	486	174	704	0	0	0	0	0	0	0	0	0	0	0	504	92	0	0	0	0	
528240	Precuneus_R	226	6492	294	122	0	0	194	0	0	0	0	0	0	0	0	0	0	350	188	3600	0	0	0	0	0	0	0	0	0	94	0	0	1096	9206	3468	13034	1750	4710	240	1582	0	0	1286	35676	1546	32024	660	16294	520	17950	0	11114	0	7626	0	6846	0	21636	620	15784	0	518	0	1226	0	1446	10722	0	1128	22194	0	0	0	0	0	0	88	256	120	0	0	1032	0	0	0	2514	0	0	0	5300	0	0	0	0	0	0	0	490	0	88	0	0	0	0	0	0	0	0	0	0	770	0	0	0	0	0	
270104	Paracentral_Lobule_L	23168	2836	7516	6074	0	0	1484	1102	0	0	0	0	0	0	0	0	92	0	10234	15208	0	0	0	0	0	0	0	0	132	0	0	0	3018	11318	5944	3578	802	1308	0	0	0	0	2232	458	2032	84	1048	222	336	0	4498	0	2960	0	2346	0	2826	0	528	0	238	0	446	0	166	0	4180	1128	0	4066	870	112	158	0	126	82	3652	1560	88	0	0	0	0	0	1532	0	0	0	1458	0	0	0	0	0	0	0	538	0	686	0	0	0	0	0	0	0	0	0	0	0	582	0	0	0	0	0	
319868	Paracentral_Lobule_R	2796	19008	4456	220	0	0	1716	0	0	0	0	0	0	0	0	0	98	584	456	18820	0	0	0	0	0	0	0	0	0	0	0	0	292	14092	990	8138	0	342	0	0	0	0	130	8972	102	6280	0	2706	0	3946	0	2388	0	3806	0	1014	106	14698	0	1836	0	466	0	2976	0	284	794	22194	4066	0	522	0	0	0	0	0	170	0	0	0	0	1248	0	0	0	3206	0	0	0	5866	0	0	0	0	0	0	0	0	0	0	0	0	0	0	0	0	0	0	0	0	150	0	0	0	0	0	
307724	Caudate_L	4738	1468	13254	13208	754	338	7190	2260	0	0	110	0	224	0	414	300	0	0	15030	12168	5368	7796	846	406	134	166	3178	1450	1012	248	11812	5336	0	732	0	132	168	0	0	0	0	0	0	0	0	0	0	0	0	0	0	0	0	84	0	0	1936	0	0	0	90	0	0	0	0	0	0	0	870	522	0	9214	14122	660	1522	0	12908	1028	0	0	508	0	0	0	0	0	0	0	0	158	0	0	0	0	0	0	0	0	0	0	0	0	0	0	0	0	0	0	0	0	0	0	0	0	0	0	
398148	Caudate_R	142	5056	162	44680	366	3282	0	19874	0	0	0	116	0	0	216	1858	0	436	178	20808	2276	6334	0	8126	0	4124	1160	2164	142	1350	1290	17990	0	320	0	100	0	270	0	0	0	0	0	0	0	0	0	0	0	0	0	0	0	0	0	0	0	318	0	0	0	0	0	0	0	0	0	0	112	0	9214	0	4154	19054	0	2382	1368	19652	0	0	0	0	0	0	0	0	0	0	0	0	0	0	0	0	0	0	0	0	0	0	0	0	0	0	0	0	0	0	0	0	0	0	0	0	0	0	
294912	Putamen_L	3280	0	18166	708	3014	178	3156	0	292	0	966	0	1200	0	3400	0	506	0	18322	688	2310	4160	7472	1384	160	152	1114	400	15210	126	11124	4116	0	132	0	0	7392	0	1334	0	490	0	0	0	0	0	0	0	0	0	0	0	140	0	3032	0	770	0	0	0	90	0	0	0	0	0	0	0	158	0	14122	4154	0	400	4300	0	2442	0	160	0	3000	0	912	0	268	0	0	0	2556	0	0	0	0	0	0	0	0	0	0	0	0	0	0	0	0	0	0	0	0	0	0	0	0	0	0	0	
295824	Putamen_R	0	1980	86	17860	0	1946	0	7942	0	0	0	4872	0	2372	0	2088	0	3882	302	9014	302	1426	0	5114	0	3644	178	1160	0	21576	262	11572	0	566	0	102	0	9368	0	3664	0	872	0	0	0	0	0	0	0	0	0	0	0	0	0	4884	0	214	0	0	0	0	0	0	0	0	0	0	0	0	660	19054	400	0	0	3780	286	2662	0	0	0	742	0	366	0	108	0	0	0	1818	0	130	0	0	0	0	0	414	0	244	0	0	0	0	0	0	0	0	0	0	0	0	0	0	0	0	
37276	Pallidum_L	1300	0	3430	220	0	0	768	0	0	0	0	0	0	0	0	0	0	0	4794	0	0	0	0	0	0	0	0	0	0	0	0	0	0	0	0	0	532	0	0	0	0	0	0	0	0	0	0	0	0	0	0	0	0	0	0	0	250	0	0	0	0	0	0	0	0	0	0	0	126	0	1522	0	4300	0	0	0	1396	0	0	0	0	0	0	0	0	0	0	0	0	0	0	0	0	0	0	0	0	0	0	0	0	0	0	0	0	0	0	0	0	0	0	0	0	0	0	0	
29620	Pallidum_R	96	1048	0	2326	0	0	0	3010	0	0	0	230	0	0	0	0	0	208	0	150	0	0	0	0	0	0	0	0	0	282	0	0	0	0	0	110	0	452	0	160	0	0	0	0	0	0	0	0	0	0	0	0	0	0	0	100	0	0	0	0	0	0	0	0	0	0	0	0	82	0	0	2382	0	3780	0	0	104	290	0	0	0	0	0	0	0	0	0	0	0	0	0	0	0	0	0	0	0	0	0	0	0	0	0	0	0	0	0	0	0	0	0	0	0	0	0	0	
231888	Thalamus_L	10670	1250	16604	3878	0	0	14674	1158	0	0	108	0	0	0	0	0	192	0	4048	2420	0	0	0	0	0	0	0	0	2132	110	0	0	0	280	3294	5192	4860	3390	490	552	0	0	362	0	0	0	254	144	0	0	256	0	538	0	1304	0	882	0	0	0	122	0	0	0	0	0	122	88	3652	170	12908	1368	2442	286	1396	104	0	11916	848	0	226	0	0	0	112	0	0	0	1142	0	0	0	0	0	0	0	0	0	0	0	0	0	0	0	0	0	0	0	0	0	0	0	0	0	0	0	
237812	Thalamus_R	2268	5106	1642	26404	0	0	938	20992	0	0	0	232	0	0	0	0	0	0	690	4058	198	372	0	0	0	0	0	0	0	790	0	0	0	0	1920	3434	1160	7220	398	1248	0	154	0	0	0	0	144	418	0	0	0	0	0	0	0	942	0	150	0	0	0	0	0	0	0	0	0	256	1560	0	1028	19652	0	2662	0	290	11916	0	110	0	0	0	0	0	0	0	0	0	0	314	0	0	0	0	90	0	0	0	0	0	0	0	0	0	0	0	0	0	0	150	0	0	0	0	0	0	
80296	Heschl_L	3688	0	376	0	0	0	766	0	0	0	426	0	0	0	0	0	3130	0	340	0	0	0	0	0	0	0	0	0	7080	0	0	0	0	0	1344	1350	3246	518	0	210	0	0	0	0	0	0	0	140	0	0	784	0	206	0	3014	0	3084	0	0	0	300	0	184	0	0	0	136	120	88	0	0	0	160	0	0	0	848	110	0	0	2784	0	0	0	2234	0	0	0	3222	0	132	0	0	0	0	0	0	0	128	0	0	0	0	0	0	0	0	0	0	0	0	0	0	0	0	0	
25348	Heschl_R	0	414	0	326	0	0	0	98	0	0	0	0	0	0	0	0	0	2104	0	0	0	0	0	0	0	0	0	0	0	1550	0	0	0	0	0	0	0	496	0	106	0	0	0	90	0	0	0	0	0	0	0	0	0	136	0	696	0	246	0	0	0	0	0	176	0	0	0	0	0	0	0	0	0	0	0	0	0	0	0	0	0	3828	0	0	0	1134	0	0	0	1274	0	0	0	0	0	0	0	0	0	0	0	0	0	0	0	0	0	0	0	0	0	0	0	0	0	0	
227940	Temporal_Sup_L	2452	0	3306	134	142	0	1144	0	0	0	5244	0	378	0	296	0	11046	0	3372	140	1798	118	0	0	0	0	106	0	13142	0	236	0	0	0	0	0	1512	0	416	0	808	0	0	0	0	0	0	0	0	0	800	0	146	0	2704	0	2852	0	450	0	572	0	6718	0	1170	0	0	0	0	0	508	0	3000	0	0	0	226	0	2784	0	0	0	3982	0	23976	0	290	0	17388	0	278	0	0	0	0	0	0	0	336	0	0	0	0	0	0	0	0	0	0	0	0	0	0	0	0	0	
141444	Temporal_Sup_R	0	1066	0	642	0	0	0	0	0	0	0	100	0	0	0	252	0	3322	0	588	0	0	0	0	0	0	0	0	0	5894	0	0	0	0	0	0	0	1124	0	250	0	0	0	244	0	360	0	92	0	1220	0	562	0	552	0	5518	0	1960	0	986	0	658	0	5144	0	3210	0	1032	0	1248	0	0	0	742	0	0	0	0	0	3828	0	0	0	1964	0	17372	0	0	0	10792	0	0	0	0	0	0	0	0	0	0	0	0	0	0	0	0	0	0	0	0	0	0	0	0	0	0	
92660	Temporal_Pole_Sup_L	108	0	1386	0	1796	0	278	0	770	0	2344	0	376	0	3380	0	2074	0	532	0	352	0	312	0	0	0	0	0	5294	0	214	0	0	0	0	0	524	0	234	0	522	0	0	0	0	0	0	0	0	0	0	0	0	0	2766	0	0	0	0	0	0	0	0	0	0	0	0	0	0	0	0	0	912	0	0	0	0	0	0	0	3982	0	0	0	6822	0	3952	0	7400	0	0	0	0	0	0	0	0	0	0	0	0	0	0	0	0	0	0	0	0	0	0	0	0	0	0	0	
83992	Temporal_Pole_Sup_R	0	324	0	1960	0	0	0	2360	0	0	0	4286	0	356	0	520	0	5172	0	154	0	206	0	0	0	0	0	0	0	5480	0	0	0	0	0	0	0	428	0	692	0	674	0	0	0	0	0	0	0	0	0	0	0	0	0	5930	0	0	0	0	0	0	0	0	0	0	0	0	0	0	0	0	0	366	0	0	0	0	0	0	0	1964	0	0	0	2292	0	3980	0	4852	0	0	0	0	0	0	0	0	0	0	0	0	0	0	0	0	0	0	0	0	0	0	0	0	0	0	
376084	Temporal_Mid_L	3494	0	128	0	0	0	146	0	0	0	162	0	0	0	0	0	2204	0	268	0	0	0	0	0	0	0	0	0	2594	0	0	0	132	0	0	0	676	0	0	0	0	0	1266	0	1364	0	1636	112	5252	0	33048	0	7636	0	6318	0	3708	0	12142	0	3496	0	8424	0	10476	0	2160	0	1532	0	0	0	268	0	0	0	112	0	2234	0	23976	0	6822	0	0	0	4278	0	38720	0	376	0	0	0	0	0	682	128	1432	0	0	0	0	0	0	0	0	0	0	0	640	0	0	0	0	0	
213512	Temporal_Mid_R	0	2818	112	746	0	0	0	0	0	0	0	0	0	0	0	0	0	810	0	1136	0	0	0	0	0	0	0	0	0	2440	0	0	0	218	0	0	0	676	0	0	0	0	0	1176	0	3276	0	234	0	6512	0	10784	0	2154	0	2698	0	4118	0	3258	0	884	0	3000	0	7744	0	2514	0	3206	0	0	0	108	0	0	0	0	0	1134	0	17372	0	2292	0	0	0	1722	0	23614	0	0	0	0	0	0	0	0	0	0	0	0	0	0	0	0	0	0	0	0	0	0	0	0	0	0	
26796	Temporal_Pole_Mid_L	0	0	0	0	0	0	0	0	0	0	0	0	0	0	0	0	0	0	0	0	0	0	0	0	0	0	0	0	0	0	0	0	0	0	0	0	0	0	0	0	108	0	0	0	0	0	0	0	0	0	0	0	0	0	778	0	0	0	0	0	0	0	0	0	0	0	0	0	0	0	0	0	0	0	0	0	0	0	0	0	290	0	3952	0	4278	0	0	0	3992	0	0	0	0	0	0	0	0	0	0	0	0	0	0	0	0	0	0	0	0	0	0	0	0	0	0	0	
20468	Temporal_Pole_Mid_R	0	0	0	0	0	0	0	0	0	0	0	0	0	0	0	0	0	0	0	0	0	0	0	0	0	0	0	0	0	0	0	0	0	0	0	0	0	0	0	144	0	0	0	0	0	0	0	0	0	0	0	0	0	0	0	2180	0	0	0	0	0	0	0	0	0	0	0	0	0	0	0	0	0	0	0	0	0	0	0	0	0	0	0	3980	0	1722	0	0	0	2208	0	0	0	0	0	0	0	0	0	0	0	0	0	0	0	0	0	0	0	0	0	0	0	0	0	0	
339408	Temporal_Inf_L	4716	0	636	0	0	0	0	0	0	0	230	0	0	0	0	0	1928	0	1130	0	104	0	0	0	0	0	0	0	5356	0	0	0	0	0	0	0	7510	0	582	0	1114	0	2792	0	396	0	1022	0	242	0	8712	0	9434	0	23540	0	3168	0	3340	0	1534	0	1318	0	2292	0	1256	0	1458	0	0	0	2556	0	0	0	1142	0	3222	0	17388	0	7400	0	38720	0	3992	0	0	0	5544	0	1016	0	0	0	542	0	2762	0	660	0	616	0	0	0	0	0	0	0	334	0	0	0	0	0	
241676	Temporal_Inf_R	0	5104	174	882	0	0	0	0	0	0	0	90	0	0	0	0	0	876	0	1604	0	0	0	0	0	0	0	0	0	4664	0	0	0	612	0	0	0	5338	0	370	0	0	0	2556	0	2704	0	674	0	3346	0	520	0	10000	0	15130	0	2874	0	1656	0	178	0	2218	0	2056	0	5300	0	5866	158	0	0	1818	0	0	0	314	0	1274	0	10792	0	4852	0	23614	0	2208	0	0	0	1016	0	0	0	0	0	0	0	0	0	0	0	0	0	0	0	0	0	0	0	0	0	0	0	0	
475680	Cerebelum_Crus1_L	108	0	0	0	0	0	0	0	0	0	0	0	0	0	0	0	0	0	0	0	0	0	0	0	0	0	0	0	132	0	0	0	0	0	0	0	640	0	1080	0	0	0	0	0	0	0	9578	3598	0	0	288	0	646	262	22796	1320	0	0	84	0	0	0	0	0	0	0	0	0	0	0	0	0	0	0	0	0	0	0	132	0	278	0	0	0	376	0	0	0	5544	0	0	7118	37338	4968	228	0	21248	524	56634	7982	8938	418	9254	594	862	180	0	0	226	502	9794	14350	9318	364	138	0	
418200	Cerebelum_Crus1_R	0	0	0	0	0	0	0	0	0	0	0	0	0	0	0	0	0	0	0	0	0	0	0	0	0	0	0	0	0	0	0	0	0	0	0	0	0	304	0	912	0	0	82	0	0	0	3260	5384	0	0	0	0	0	258	640	13704	0	0	0	0	0	0	0	0	0	0	0	0	0	0	0	0	0	130	0	0	0	0	0	0	0	0	0	0	0	0	0	0	0	1016	7118	0	3646	25626	230	2080	2884	20852	8734	54370	514	4152	1034	14844	444	1370	0	112	0	356	10532	13292	8466	1836	826	92	
334176	Cerebelum_Crus2_L	0	0	0	0	0	0	0	0	0	0	0	0	0	0	0	0	0	0	0	0	0	0	0	0	0	0	0	0	0	0	0	0	0	0	0	0	104	0	148	0	0	0	0	0	0	0	316	1042	0	0	0	0	0	0	2090	684	0	0	0	0	0	0	0	0	0	0	0	0	0	0	0	0	0	0	0	0	0	0	0	0	0	0	0	0	0	0	0	0	1016	0	37338	3646	0	11612	162	0	2072	134	12058	3872	29132	3864	25604	3378	3486	238	0	0	90	288	1512	5768	12522	4716	196	0	
234876	Cerebelum_Crus2_R	0	0	0	0	0	0	0	0	0	0	0	0	0	0	0	0	0	0	0	0	0	0	0	0	0	0	0	0	0	0	0	0	0	0	0	0	0	0	0	0	0	0	0	0	0	0	128	194	0	0	0	0	0	0	0	548	0	0	0	0	0	0	0	0	0	0	0	0	0	0	0	0	0	0	0	0	0	0	0	0	0	0	0	0	0	0	0	0	0	0	4968	25626	11612	0	0	740	0	1066	1122	7282	4410	14634	2812	19132	124	1380	0	0	0	248	648	2394	13492	4232	646	0	
34284	Cerebelum_3_L	0	0	0	0	0	0	0	0	0	0	0	0	0	0	0	0	0	0	0	0	0	0	0	0	0	0	0	0	0	0	0	0	0	0	0	0	0	0	136	0	0	0	0	0	0	0	0	170	0	0	0	0	0	0	334	142	0	0	0	0	0	0	0	0	0	0	0	0	0	0	0	0	0	0	0	0	0	90	0	0	0	0	0	0	0	0	0	0	0	0	228	230	162	0	0	0	5342	158	1086	272	198	0	1336	0	1880	0	0	0	864	2948	1120	446	0	0	0	0	
66524	Cerebelum_3_R	0	0	0	0	0	0	0	0	0	0	0	0	0	0	0	0	0	0	0	0	0	0	0	0	0	0	0	0	0	0	0	0	0	0	0	0	0	0	0	0	0	0	0	0	0	0	0	244	0	0	0	0	0	0	0	552	0	0	0	0	0	0	0	0	0	0	0	0	0	0	0	0	0	0	0	0	0	0	0	0	0	0	0	0	0	0	0	0	0	0	0	2080	0	740	0	0	212	5532	0	3498	0	258	422	2726	416	3896	0	132	84	3732	1744	140	236	3370	3134	114	
347008	Cerebelum_4_5_L	178	0	0	0	0	0	0	0	0	0	0	0	0	0	0	0	0	0	0	0	0	0	0	0	0	0	0	0	0	0	0	0	0	0	0	0	1178	0	1842	0	0	0	1014	0	96	0	17204	2294	0	0	3058	0	3380	0	15946	730	290	0	0	0	0	0	0	0	150	0	486	0	538	0	0	0	0	0	0	0	0	0	0	0	0	0	0	0	682	0	0	0	542	0	21248	2884	2072	0	5342	212	0	3912	35852	3820	2032	0	7204	106	4640	316	262	0	726	2648	21618	4612	1644	980	876	890	
231344	Cerebelum_4_5_R	0	0	0	0	0	0	0	0	0	0	0	0	0	0	0	0	0	0	0	0	0	0	0	0	0	0	0	0	0	156	0	0	0	0	128	218	146	1072	0	2488	0	112	160	158	0	0	3372	6010	0	0	496	0	512	0	716	9080	0	0	0	0	0	0	0	0	0	0	174	490	0	0	0	0	0	414	0	0	0	0	0	0	0	0	0	0	128	0	0	0	0	0	524	20852	134	1066	158	5532	3912	0	1336	28760	176	248	626	2758	184	2114	0	0	0	1144	14748	896	364	2326	1784	0	
536548	Cerebelum_6_L	320	0	0	0	0	0	0	0	0	0	0	0	0	0	0	0	0	0	0	0	0	0	0	0	0	0	0	0	138	0	0	0	0	0	0	0	1160	0	1694	0	0	0	1942	112	200	0	21432	5794	0	0	5152	0	6058	366	32888	2024	426	0	92	0	0	0	0	0	216	0	704	0	686	0	0	0	0	0	0	0	0	0	128	0	336	0	0	0	1432	0	0	0	2762	0	56634	8734	12058	1122	1086	0	35852	1336	0	10408	3018	0	4412	0	2290	130	324	0	234	576	17136	20708	5422	332	280	120	
407956	Cerebelum_6_R	0	0	0	0	0	0	0	0	0	0	0	0	0	0	0	0	0	0	0	0	0	0	0	0	0	0	0	0	0	0	0	0	0	0	0	0	0	1094	0	1776	0	0	148	342	0	0	4242	7968	0	0	0	0	0	938	814	18514	0	0	0	0	0	0	0	0	0	0	0	88	0	0	0	0	0	244	0	0	0	0	0	0	0	0	0	0	0	0	0	0	0	0	7982	54370	3872	7282	272	3498	3820	28760	10408	0	514	160	1180	4488	530	744	0	280	0	264	13158	16340	8092	1194	602	0	
209156	Cerebelum_7b_L	0	0	0	0	0	0	0	0	0	0	0	0	0	0	0	0	0	0	0	0	0	0	0	0	0	0	0	0	0	0	0	0	0	0	0	0	0	0	0	0	0	0	0	0	0	0	0	122	0	0	0	0	0	0	556	102	0	0	0	0	0	0	0	0	0	0	0	0	0	0	0	0	0	0	0	0	0	0	0	0	0	0	0	0	0	0	0	0	660	0	8938	514	29132	4410	198	0	2032	176	3018	514	0	4022	28886	4122	4378	222	376	0	84	312	1302	514	3448	6350	190	0	
106556	Cerebelum_7b_R	0	0	0	0	0	0	0	0	0	0	0	0	0	0	0	0	0	0	0	0	0	0	0	0	0	0	0	0	0	0	0	0	0	0	0	0	0	0	0	0	0	0	0	0	0	0	0	0	0	0	0	0	0	0	0	0	0	0	0	0	0	0	0	0	0	0	0	0	0	0	0	0	0	0	0	0	0	0	0	0	0	0	0	0	0	0	0	0	0	0	418	4152	3864	14634	0	258	0	248	0	160	4022	0	2904	14218	106	2142	0	0	0	0	166	0	1942	3878	166	0	
301388	Cerebelum_8_L	0	0	0	0	0	0	0	0	0	0	0	0	0	0	0	0	0	0	0	0	0	0	0	0	0	0	0	0	0	0	0	0	0	0	0	0	206	0	272	0	0	0	0	0	0	0	202	318	0	0	0	0	0	0	1150	246	0	0	0	0	0	0	0	0	0	0	0	0	0	0	0	0	0	0	0	0	0	0	0	0	0	0	0	0	0	0	0	0	616	0	9254	1034	25604	2812	1336	422	7204	626	4412	1180	28886	2904	0	6042	23684	2616	2212	0	530	1520	4366	1160	4304	10768	3694	1114	
235736	Cerebelum_8_R	0	0	0	0	0	0	0	0	0	0	0	0	0	0	0	0	0	0	0	0	0	0	0	0	0	0	0	0	0	0	0	0	0	0	0	0	0	0	0	244	0	0	0	0	0	0	0	0	0	0	0	0	0	0	0	714	0	0	0	0	0	0	0	0	0	0	0	0	0	0	0	0	0	0	0	0	0	0	0	0	0	0	0	0	0	0	0	0	0	0	594	14844	3378	19132	0	2726	106	2758	0	4488	4122	14218	6042	0	2504	20180	136	964	0	1120	1074	148	2138	11544	4392	302	
138492	Cerebelum_9_L	0	0	0	0	0	0	0	0	0	0	0	0	0	0	0	0	0	0	0	0	0	0	0	0	0	0	0	0	0	0	0	0	0	0	0	0	282	0	414	0	0	0	0	0	0	0	0	198	0	0	0	0	0	0	544	146	0	0	0	0	0	0	0	0	0	0	0	0	0	0	0	0	0	0	0	0	0	0	0	0	0	0	0	0	0	0	0	0	0	0	862	444	3486	124	1880	416	4640	184	2290	530	4378	106	23684	2504	0	4076	3700	90	0	670	1810	1746	594	3942	4190	1316	
133440	Cerebelum_9_R	0	0	0	0	0	0	0	0	0	0	0	0	0	0	0	0	0	0	0	0	0	0	0	0	0	0	0	0	0	0	0	0	0	0	0	0	0	116	0	248	0	0	0	0	0	0	0	0	0	0	0	0	0	0	0	88	0	0	0	0	0	0	0	0	0	0	0	0	0	0	0	0	0	0	0	0	0	0	0	0	0	0	0	0	0	0	0	0	0	0	180	1370	238	1380	0	3896	316	2114	130	744	222	2142	2616	20180	4076	0	274	1820	0	2122	1248	1258	1058	8364	8552	1968	
15940	Cerebelum_10_L	0	0	0	0	0	0	0	0	0	0	0	0	0	0	0	0	0	0	0	0	0	0	0	0	0	0	0	0	0	0	0	0	0	0	0	0	0	0	0	0	0	0	0	0	0	0	0	0	0	0	0	0	0	0	0	0	0	0	0	0	0	0	0	0	0	0	0	0	0	0	0	0	0	0	0	0	0	0	0	0	0	0	0	0	0	0	0	0	0	0	0	0	0	0	0	0	262	0	324	0	376	0	2212	136	3700	274	0	0	0	0	0	0	98	276	224	88	
8288	Cerebelum_10_R	0	0	0	0	0	0	0	0	0	0	0	0	0	0	0	0	0	0	0	0	0	0	0	0	0	0	0	0	0	0	0	0	0	0	0	0	0	0	0	0	0	0	0	0	0	0	0	0	0	0	0	0	0	0	0	0	0	0	0	0	0	0	0	0	0	0	0	0	0	0	0	0	0	0	0	0	0	0	0	0	0	0	0	0	0	0	0	0	0	0	0	112	0	0	0	132	0	0	0	280	0	0	0	964	90	1820	0	0	0	0	0	0	0	440	306	0	
16232	Vermis_1_2	0	0	0	0	0	0	0	0	0	0	0	0	0	0	0	0	0	0	0	0	0	0	0	0	0	0	0	0	0	0	0	0	0	0	0	0	0	0	0	0	0	0	0	0	0	0	0	0	0	0	0	0	0	0	0	0	0	0	0	0	0	0	0	0	0	0	0	0	0	0	0	0	0	0	0	0	0	0	0	0	0	0	0	0	0	0	0	0	0	0	226	0	90	0	864	84	726	0	234	0	84	0	530	0	0	0	0	0	0	3942	716	96	236	162	126	0	
59888	Vermis_3	0	0	0	102	0	0	0	0	0	0	0	0	0	0	0	0	0	0	0	0	0	0	0	0	0	0	0	0	0	0	0	0	0	0	0	0	280	0	306	0	0	0	0	0	0	0	0	112	0	0	0	0	0	0	106	0	0	0	0	0	0	0	0	0	0	0	0	0	0	0	0	0	0	0	0	0	0	150	0	0	0	0	0	0	0	0	0	0	0	0	502	356	288	248	2948	3732	2648	1144	576	264	312	0	1520	1120	670	2122	0	0	3942	0	2280	172	384	1886	1774	0	
324988	Vermis_4_5	172	0	0	0	0	0	0	0	0	0	0	0	0	0	0	0	0	0	0	116	0	0	0	0	0	0	0	0	0	0	0	0	0	142	0	586	156	278	0	0	0	0	1316	144	82	0	10798	6086	0	0	3400	0	4158	100	7650	2860	294	0	0	0	0	0	0	0	144	0	504	770	582	150	0	0	0	0	0	0	0	0	0	0	0	0	0	0	640	0	0	0	334	0	9794	10532	1512	648	1120	1744	21618	14748	17136	13158	1302	166	4366	1074	1810	1248	0	0	716	2280	0	10012	1418	1734	1506	1390	
