data	data	491780	277212	1.0865e+06	967436	173308	141364	687112	313888	99160	18060	295564	220276	247644	126772	200528	71124	366760	138432	828736	827376	87988	104400	498848	469952	45952	148036	82508	89160	885084	377184	360496	520380	183484	495672	72384	129572	261440	283712	77144	201520	43204	44148	165152	435096	238276	484940	332036	372060	285608	385188	655040	289856	194920	107540	434364	522968	338176	278464	377684	201488	245200	98440	143956	119032	177400	135112	465924	510556	187448	200176	309972	388764	365372	292276	32732	23192	139340	139684	161760	28952	311284	122712	149200	57968	321484	268088	29752	30788	297588	258612	576304	589484	350688	392808	58988	104016	415764	361448	648272	575320	238980	142716	284520	284836	92020	111176	25224	8008	52964	113516	414592	402328	262732	126064	76664	44664	
data	data	Precentral_L	Precentral_R	Frontal_Sup_L	Frontal_Sup_R	Frontal_Sup_Orb_L	Frontal_Sup_Orb_R	Frontal_Mid_L	Frontal_Mid_R	Frontal_Mid_Orb_L	Frontal_Mid_Orb_R	Frontal_Inf_Oper_L	Frontal_Inf_Oper_R	Frontal_Inf_Tri_L	Frontal_Inf_Tri_R	Frontal_Inf_Orb_L	Frontal_Inf_Orb_R	Rolandic_Oper_L	Rolandic_Oper_R	Supp_Motor_Area_L	Supp_Motor_Area_R	Olfactory_L	Olfactory_R	Frontal_Sup_Medial_L	Frontal_Sup_Medial_R	Frontal_Med_Orb_L	Frontal_Med_Orb_R	Rectus_L	Rectus_R	Insula_L	Insula_R	Cingulum_Ant_L	Cingulum_Ant_R	Cingulum_Mid_L	Cingulum_Mid_R	Cingulum_Post_L	Cingulum_Post_R	Hippocampus_L	Hippocampus_R	ParaHippocampal_L	ParaHippocampal_R	Amygdala_L	Amygdala_R	Calcarine_L	Calcarine_R	Cuneus_L	Cuneus_R	Lingual_L	Lingual_R	Occipital_Sup_L	Occipital_Sup_R	Occipital_Mid_L	Occipital_Mid_R	Occipital_Inf_L	Occipital_Inf_R	Fusiform_L	Fusiform_R	Postcentral_L	Postcentral_R	Parietal_Sup_L	Parietal_Sup_R	Parietal_Inf_L	Parietal_Inf_R	SupraMarginal_L	SupraMarginal_R	Angular_L	Angular_R	Precuneus_L	Precuneus_R	Paracentral_Lobule_L	Paracentral_Lobule_R	Caudate_L	Caudate_R	Putamen_L	Putamen_R	Pallidum_L	Pallidum_R	Thalamus_L	Thalamus_R	Heschl_L	Heschl_R	Temporal_Sup_L	Temporal_Sup_R	Temporal_Pole_Sup_L	Temporal_Pole_Sup_R	Temporal_Mid_L	Temporal_Mid_R	Temporal_Pole_Mid_L	Temporal_Pole_Mid_R	Temporal_Inf_L	Temporal_Inf_R	Cerebelum_Crus1_L	Cerebelum_Crus1_R	Cerebelum_Crus2_L	Cerebelum_Crus2_R	Cerebelum_3_L	Cerebelum_3_R	Cerebelum_4_5_L	Cerebelum_4_5_R	Cerebelum_6_L	Cerebelum_6_R	Cerebelum_7b_L	Cerebelum_7b_R	Cerebelum_8_L	Cerebelum_8_R	Cerebelum_9_L	Cerebelum_9_R	Cerebelum_10_L	Cerebelum_10_R	Vermis_1_2	Vermis_3	Vermis_4_5	Vermis_6	Vermis_7	Vermis_8	Vermis_9	Vermis_10	
491780	Precentral_L	0	2514	12936	4446	0	0	22478	862	0	0	13768	240	1244	0	0	0	14568	0	5800	6982	0	0	340	0	0	0	0	0	22122	240	592	0	628	1868	104	250	6604	190	152	182	0	0	0	0	390	0	0	0	528	0	6172	0	1304	0	1108	0	31486	120	9068	0	9214	0	2716	0	872	0	4618	258	12848	1400	6170	2468	5166	0	734	0	6284	2384	8774	0	7268	0	238	0	3056	0	0	0	2136	0	0	0	0	0	0	0	0	0	0	0	0	0	0	0	0	0	0	0	0	0	0	0	0	0	0	0	
277212	Precentral_R	2514	0	1988	12708	0	0	310	13828	0	0	0	7614	0	214	112	0	0	2604	2858	7282	0	0	0	182	0	0	0	0	0	2730	98	902	274	1642	416	1322	510	7336	0	864	0	0	0	1828	0	1128	0	532	0	372	0	230	0	132	0	1856	0	17790	0	1386	114	664	0	1608	0	0	0	4144	4996	6868	1418	4922	402	3496	340	540	1790	10402	0	314	0	1578	0	0	0	390	0	0	0	872	0	0	0	0	0	0	0	0	0	0	0	0	0	0	0	0	0	0	0	0	186	0	0	0	0	0	
1.0865e+06	Frontal_Sup_L	12936	1988	0	25910	11024	1212	74008	3622	4882	0	14282	1622	15636	470	8354	110	8558	0	85414	23908	236	0	54332	17386	1802	1718	966	0	49962	1786	20552	9146	4658	9802	0	0	3054	126	0	108	124	0	0	0	0	0	0	0	0	0	0	0	0	0	920	0	708	0	0	0	204	0	156	0	0	0	0	94	2732	0	11884	4484	25162	104	2214	0	8814	4200	880	0	5682	0	3892	0	192	0	0	0	1234	0	0	0	0	0	0	0	0	0	0	0	0	0	0	0	0	0	0	0	0	0	0	0	0	0	0	0	
967436	Frontal_Sup_R	4446	12708	25910	0	220	2898	10668	34618	104	988	832	10182	1922	8818	1512	2964	358	3346	34336	83454	0	128	20298	50056	224	4078	0	374	6898	16972	10016	41008	5292	19426	262	368	572	2902	0	372	0	0	0	0	0	0	0	120	0	0	0	0	0	0	0	766	0	588	0	96	134	0	102	0	0	0	0	100	2854	0	8342	26482	1038	12914	0	570	812	7964	0	0	88	606	0	104	0	0	0	0	0	508	0	0	0	0	0	0	0	0	0	0	0	0	0	0	0	0	0	0	0	0	0	0	0	0	0	0	
173308	Frontal_Sup_Orb_L	0	0	11024	220	0	1422	2328	148	13160	0	0	0	734	0	12732	0	0	0	522	0	2642	890	5476	1100	3892	1658	7666	378	4010	0	5680	614	0	0	0	0	0	0	162	0	706	0	0	0	0	0	0	0	0	0	0	0	0	0	0	0	0	0	0	0	0	0	0	0	0	0	0	0	0	0	1726	508	7058	0	0	0	0	0	0	0	0	0	198	0	0	0	0	0	0	0	0	0	0	0	0	0	0	0	0	0	0	0	0	0	0	0	0	0	0	0	0	0	0	0	0	0	
141364	Frontal_Sup_Orb_R	0	0	1212	2898	1422	0	0	1078	0	2038	0	0	0	0	284	1162	0	0	0	86	1766	2700	1858	4470	914	14688	1320	11942	0	668	5942	6278	0	0	0	0	0	0	0	0	0	0	0	0	0	0	0	0	0	0	0	0	0	0	0	0	0	0	0	0	0	0	0	0	0	0	0	0	0	0	1836	3454	598	2068	0	0	0	0	0	0	0	0	0	0	0	0	0	0	0	0	0	0	0	0	0	0	0	0	0	0	0	0	0	0	0	0	0	0	0	0	0	0	0	0	0	0	
687112	Frontal_Mid_L	22478	310	74008	10668	2328	0	0	1038	4288	0	15622	754	35016	0	10454	0	14118	0	20078	6396	142	0	16038	4912	0	0	0	0	43036	770	3882	1566	1006	1200	0	110	3060	130	188	118	236	0	0	0	0	0	0	0	0	0	430	0	0	0	186	0	3998	0	1890	0	4304	0	1450	0	610	0	454	130	344	0	5340	2704	10114	0	480	0	4924	1962	1358	0	6804	0	1498	0	464	0	0	0	162	0	0	0	0	0	0	0	0	0	0	0	0	0	0	0	0	0	0	0	0	0	0	0	0	0	0	0	
313888	Frontal_Mid_R	862	13828	3622	34618	148	1078	1038	0	104	1138	0	11696	0	16158	944	4524	0	3306	4182	4168	0	276	1770	6126	0	0	0	186	488	10346	622	4682	674	3264	128	214	360	2416	0	312	0	0	0	0	0	0	0	162	0	0	0	0	0	0	0	562	0	1358	0	0	0	0	0	226	0	0	0	0	0	0	3122	5060	520	5520	376	234	1544	2090	0	196	0	2342	0	0	0	0	0	0	0	354	0	0	0	0	0	0	0	0	0	0	0	0	0	0	0	0	0	0	0	0	0	0	0	0	0	0	
99160	Frontal_Mid_Orb_L	0	0	4882	104	13160	0	4288	104	0	0	0	0	1092	0	16110	0	0	0	240	0	756	148	0	0	0	0	1856	106	2628	0	114	0	0	0	0	0	0	0	90	0	252	0	0	0	0	0	0	0	0	0	0	0	0	0	0	0	0	0	0	0	0	0	0	0	0	0	0	0	0	0	400	94	2832	0	0	0	0	0	0	0	0	0	324	0	0	0	0	0	0	0	0	0	0	0	0	0	0	0	0	0	0	0	0	0	0	0	0	0	0	0	0	0	0	0	0	0	
18060	Frontal_Mid_Orb_R	0	0	0	988	0	2038	0	1138	0	0	0	0	0	360	0	2748	0	0	322	388	0	0	0	0	0	0	0	534	0	288	0	0	0	0	0	0	0	0	0	0	0	0	0	0	0	0	0	0	0	0	0	0	0	0	0	0	0	0	0	0	0	0	0	0	0	0	0	0	0	0	0	0	0	226	0	0	0	0	0	0	0	0	0	0	0	0	0	0	0	0	0	0	0	0	0	0	0	0	0	0	0	0	0	0	0	0	0	0	0	0	0	0	0	0	0	0	
295564	Frontal_Inf_Oper_L	13768	0	14282	832	0	0	15622	0	0	0	0	0	11416	0	164	0	20548	0	7546	790	0	0	444	132	0	0	0	0	27612	0	1462	280	88	0	0	116	3384	128	0	128	0	0	0	0	0	0	0	0	0	0	0	0	0	0	302	0	3868	0	366	0	1460	0	510	0	0	0	0	130	0	0	596	108	2654	0	452	0	3240	0	2702	0	4846	0	7612	0	0	0	0	0	194	0	0	0	0	0	0	0	0	0	0	0	0	0	0	0	0	0	0	0	0	0	0	0	0	0	0	0	
220276	Frontal_Inf_Oper_R	240	7614	1622	10182	0	0	754	11696	0	0	0	0	0	6244	0	180	0	7564	1072	7384	0	0	0	316	0	0	0	0	244	23916	0	1102	0	440	0	0	134	2642	0	880	0	0	0	0	0	0	0	332	0	0	0	0	0	0	0	916	0	2250	0	116	0	0	0	0	0	0	0	86	0	0	5218	3066	0	4700	0	1044	2662	1134	0	388	0	3346	0	346	0	0	0	0	0	308	0	0	0	0	0	0	0	0	0	0	0	0	0	0	0	0	0	0	0	0	0	0	0	0	0	0	
247644	Frontal_Inf_Tri_L	1244	0	15636	1922	734	0	35016	0	1092	0	11416	0	0	0	10622	0	1110	0	6074	1274	0	0	3116	664	0	0	0	0	23816	0	2986	360	280	128	0	0	664	0	0	0	110	0	0	0	0	0	0	0	0	0	0	0	0	0	0	0	136	0	0	0	0	0	0	0	0	0	0	0	0	0	192	0	3120	0	0	0	0	0	0	0	646	0	1464	0	0	0	0	0	0	0	0	0	0	0	0	0	0	0	0	0	0	0	0	0	0	0	0	0	0	0	0	0	0	0	0	0	
126772	Frontal_Inf_Tri_R	0	214	470	8818	0	0	0	16158	0	360	0	6244	0	0	0	5418	0	546	1604	2604	0	126	248	604	0	0	0	0	200	12112	324	1936	0	1884	0	0	0	368	0	232	0	0	0	0	0	0	0	0	0	0	0	0	0	0	0	252	0	0	0	0	0	0	0	0	0	0	0	0	0	0	0	534	0	2130	0	0	0	0	0	0	0	0	0	0	0	0	0	0	0	0	0	0	0	0	0	0	0	0	0	0	0	0	0	0	0	0	0	0	0	0	0	0	0	0	0	0	
200528	Frontal_Inf_Orb_L	0	112	8354	1512	12732	284	10454	944	16110	0	164	0	10622	0	0	0	0	0	2508	986	2718	1058	514	0	0	144	1516	366	14972	0	704	0	0	0	0	0	210	88	166	0	628	0	0	0	0	0	0	0	0	0	0	0	0	0	0	0	0	106	0	0	0	0	0	0	0	0	0	0	0	0	3578	900	5896	0	0	0	0	402	0	0	250	0	1266	0	0	0	0	0	0	0	0	0	0	0	0	0	0	0	0	0	0	0	0	0	0	0	0	0	0	0	0	0	0	0	0	0	
71124	Frontal_Inf_Orb_R	0	0	110	2964	0	1162	0	4524	0	2748	0	180	0	5418	0	0	0	0	1020	1262	0	1540	118	270	0	0	0	1440	0	7466	136	376	0	474	0	0	0	0	0	0	0	138	0	0	0	0	0	0	0	0	0	0	0	0	0	222	0	0	0	0	0	0	0	0	0	0	0	0	0	0	0	610	0	2498	0	0	0	0	0	0	0	0	0	774	0	112	0	0	0	0	0	0	0	0	0	0	0	0	0	0	0	0	0	0	0	0	0	0	0	0	0	0	0	0	0	0	
366760	Rolandic_Oper_L	14568	0	8558	358	0	0	14118	0	0	0	20548	0	1110	0	0	0	0	0	3942	410	0	0	198	0	0	0	0	0	31174	0	0	0	136	0	0	0	3510	0	124	0	0	0	0	0	200	0	0	0	190	0	4666	0	1160	0	390	0	13744	0	3560	0	4570	0	4964	0	656	0	2288	0	192	0	502	0	2090	0	658	0	3200	0	10856	0	17554	0	6250	0	4558	0	0	0	2378	0	0	0	0	0	0	0	0	0	0	0	0	0	0	0	0	0	0	0	0	0	0	0	0	0	0	0	
138432	Rolandic_Oper_R	0	2604	0	3346	0	0	0	3306	0	0	0	7564	0	546	0	0	0	0	0	3026	0	0	0	0	0	0	0	0	0	12496	0	384	0	142	0	198	0	2166	0	460	0	0	0	336	0	174	0	650	0	0	0	0	0	454	0	1816	0	6608	0	0	0	0	0	2680	0	0	0	498	0	358	0	438	0	2932	0	86	0	300	0	4664	0	7824	0	330	0	440	0	0	0	2284	0	0	0	0	0	0	0	0	0	0	0	0	0	0	0	0	0	0	0	0	106	0	0	0	0	0	
828736	Supp_Motor_Area_L	5800	2858	85414	34336	522	0	20078	4182	240	322	7546	1072	6074	1604	2508	1020	3942	0	0	61228	0	0	18490	6970	112	0	0	0	32814	1804	6418	12012	12250	30802	796	406	2288	0	0	0	0	0	0	0	0	0	0	0	0	0	0	0	0	0	880	0	246	88	0	0	0	0	0	0	0	0	96	0	8650	1190	6366	3976	15926	660	542	0	214	3650	530	0	3958	0	2148	0	146	0	0	0	1194	0	0	0	0	0	0	0	0	0	0	0	0	0	0	0	0	0	0	0	0	0	0	0	0	0	0	0	
827376	Supp_Motor_Area_R	6982	7282	23908	83454	0	86	6396	4168	0	388	790	7384	1274	2604	986	1262	410	3026	61228	0	0	0	5324	14196	0	560	0	0	6138	10482	3416	20438	9156	45646	2116	3370	648	2044	0	238	0	0	0	638	0	424	0	176	0	128	0	0	0	112	158	1446	0	614	0	310	120	158	92	0	0	106	0	1162	17612	18158	6884	19036	738	5558	0	268	630	1896	0	0	94	462	112	0	0	190	0	0	116	752	0	0	0	0	0	0	0	0	0	0	0	0	0	0	0	0	0	0	0	0	138	0	0	0	0	0	
87988	Olfactory_L	0	0	236	0	2642	1766	142	0	756	0	0	0	0	0	2718	0	0	0	0	0	0	6404	0	0	486	1228	4146	2336	2732	0	2572	1578	0	0	0	0	86	0	214	0	1394	0	0	0	0	0	0	0	0	0	0	0	0	0	0	0	0	0	0	0	0	0	0	0	0	0	0	0	0	0	6380	2996	2598	212	0	0	0	0	0	0	0	0	372	0	0	0	0	0	0	0	0	0	0	0	0	0	0	0	0	0	0	0	0	0	0	0	0	0	0	0	0	0	0	0	0	0	
104400	Olfactory_R	0	0	0	128	890	2700	0	276	148	0	0	0	0	126	1058	1540	0	0	0	0	6404	0	0	116	224	1688	3354	4398	330	3038	2348	2146	0	0	0	0	0	0	0	144	290	638	0	0	0	0	0	0	0	0	0	0	0	0	0	0	0	0	0	0	0	0	0	0	0	0	0	0	0	0	8646	6158	3970	672	0	0	0	0	0	0	0	0	162	520	0	0	0	88	0	0	0	0	0	0	0	0	0	0	0	0	0	0	0	0	0	0	0	0	0	0	0	0	0	0	0	0	
498848	Frontal_Sup_Medial_L	340	0	54332	20298	5476	1858	16038	1770	0	0	444	0	3116	248	514	118	198	0	18490	5324	0	0	0	36392	2868	2528	760	0	5110	536	27174	19296	6744	15134	0	0	0	0	0	0	0	0	0	0	0	0	0	0	0	0	0	0	0	0	0	0	0	0	0	0	0	0	0	0	0	0	0	0	0	0	802	0	3390	0	0	0	0	0	0	0	126	0	0	0	0	0	0	0	0	0	0	0	0	0	0	0	0	0	0	0	0	0	0	0	0	0	0	0	0	0	0	0	0	0	0	0	
469952	Frontal_Sup_Medial_R	0	182	17386	50056	1100	4470	4912	6126	0	0	132	316	664	604	0	270	0	0	6970	14196	0	116	36392	0	528	7782	0	424	1034	1272	11810	33230	3150	17124	0	0	0	0	0	0	0	0	0	0	0	0	0	0	0	0	0	0	0	0	0	0	0	0	0	0	0	0	0	0	0	0	0	0	0	0	548	8924	388	4870	0	0	0	0	0	0	0	0	0	0	0	0	0	0	0	0	0	0	0	0	0	0	0	0	0	0	0	0	0	0	0	0	0	0	0	0	0	0	0	0	0	0	
45952	Frontal_Med_Orb_L	0	0	1802	224	3892	914	0	0	0	0	0	0	0	0	0	0	0	0	112	0	486	224	2868	528	0	1622	3472	272	0	0	5624	436	0	0	0	0	0	0	0	0	0	0	0	0	0	0	0	0	0	0	0	0	0	0	0	0	0	0	0	0	0	0	0	0	0	0	0	0	0	0	402	0	98	0	0	0	0	0	0	0	0	0	0	0	0	0	0	0	0	0	0	0	0	0	0	0	0	0	0	0	0	0	0	0	0	0	0	0	0	0	0	0	0	0	0	0	
148036	Frontal_Med_Orb_R	0	0	1718	4078	1658	14688	0	0	0	0	0	0	0	0	144	0	0	0	0	560	1228	1688	2528	7782	1622	0	1036	7978	0	0	8210	10140	0	0	0	0	0	0	0	0	0	0	0	0	0	0	0	0	0	0	0	0	0	0	0	0	0	0	0	0	0	0	0	0	0	0	0	0	0	0	1278	3918	454	3310	0	0	0	0	0	0	0	0	0	0	0	0	0	0	0	0	0	0	0	0	0	0	0	0	0	0	0	0	0	0	0	0	0	0	0	0	0	0	0	0	0	0	
82508	Rectus_L	0	0	966	0	7666	1320	0	0	1856	0	0	0	0	0	1516	0	0	0	0	0	4146	3354	760	0	3472	1036	0	1460	248	0	5588	1664	0	0	0	0	0	0	0	0	0	0	0	0	0	0	0	0	0	0	0	0	0	0	0	0	0	0	0	0	0	0	0	0	0	0	0	0	0	0	3850	1492	860	0	0	0	0	0	0	0	0	0	0	0	0	0	0	0	0	0	0	0	0	0	0	0	0	0	0	0	0	0	0	0	0	0	0	0	0	0	0	0	0	0	0	0	
89160	Rectus_R	0	0	0	374	378	11942	0	186	106	534	0	0	0	0	366	1440	0	0	0	0	2336	4398	0	424	272	7978	1460	0	0	1594	1250	3382	0	0	0	0	0	0	0	0	0	0	0	0	0	0	0	0	0	0	0	0	0	0	0	0	0	0	0	0	0	0	0	0	0	0	0	0	0	0	2276	2518	618	626	0	0	0	0	0	0	0	0	0	122	0	0	0	0	0	0	0	0	0	0	0	0	0	0	0	0	0	0	0	0	0	0	0	0	0	0	0	0	0	0	0	0	
885084	Insula_L	22122	0	49962	6898	4010	0	43036	488	2628	0	27612	244	23816	200	14972	0	31174	0	32814	6138	2732	330	5110	1034	0	0	248	0	0	244	2520	560	680	816	0	196	18626	216	1018	208	3646	0	0	0	168	0	0	0	488	0	3972	0	1188	0	3654	0	13484	0	1914	0	1936	0	1858	0	504	0	1152	212	94	0	6542	2058	27110	0	256	0	3708	218	15148	0	24312	0	11394	0	7960	0	0	0	8328	0	172	0	0	0	0	0	0	0	168	0	116	0	130	0	0	0	0	0	0	0	0	0	0	0	0	0	
377184	Insula_R	240	2730	1786	16972	0	668	770	10346	0	288	0	23916	0	12112	0	7466	0	12496	1804	10482	0	3038	536	1272	0	0	0	1594	244	0	412	2692	162	1628	0	146	134	6930	0	2460	0	2082	0	434	0	292	0	842	0	138	0	0	0	518	0	7100	0	3930	0	114	0	0	0	186	0	0	0	624	0	302	5218	4318	0	16670	0	168	2662	1124	0	1562	0	4464	0	1896	0	2860	0	168	0	7268	0	0	0	0	0	0	0	148	0	92	0	0	0	0	0	0	0	0	0	0	88	0	0	0	0	0	
360496	Cingulum_Ant_L	592	98	20552	10016	5680	5942	3882	622	114	0	1462	0	2986	324	704	136	0	0	6418	3416	2572	2348	27174	11810	5624	8210	5588	1250	2520	412	0	23390	7274	6130	0	0	138	0	0	0	0	0	0	0	0	0	0	0	0	0	0	0	0	0	0	0	0	0	0	0	0	0	0	0	0	0	0	0	0	0	4920	2298	4692	954	0	0	0	0	0	0	0	0	0	0	0	0	0	0	0	0	0	0	0	0	0	0	0	0	0	0	0	0	0	0	0	0	0	0	0	0	0	0	0	0	0	0	
520380	Cingulum_Ant_R	0	902	9146	41008	614	6278	1566	4682	0	0	280	1102	360	1936	0	376	0	384	12012	20438	1578	2146	19296	33230	436	10140	1664	3382	560	2692	23390	0	3220	22800	0	0	0	400	0	0	0	0	0	0	0	0	0	0	0	0	0	0	0	0	0	0	0	624	0	0	0	0	0	0	0	0	0	0	0	0	3130	18252	1042	10848	0	276	0	0	0	0	0	0	0	0	0	0	0	0	0	0	0	0	0	0	0	0	0	0	0	0	0	0	0	0	0	0	0	0	0	0	0	0	0	0	0	0	
183484	Cingulum_Mid_L	628	274	4658	5292	0	0	1006	674	0	0	88	0	280	0	0	0	136	0	12250	9156	0	0	6744	3150	0	0	0	0	680	162	7274	3220	0	16398	3740	2174	0	0	0	0	0	0	0	346	414	880	0	0	0	212	488	122	142	0	0	0	114	0	296	0	0	0	0	0	0	0	3012	1428	4982	816	0	0	176	0	0	0	0	0	110	0	0	0	0	0	0	128	0	0	0	92	0	0	0	0	0	0	0	0	0	0	0	0	0	0	0	0	0	0	0	0	0	0	0	0	0	0	
495672	Cingulum_Mid_R	1868	1642	9802	19426	0	0	1200	3264	0	0	0	440	128	1884	0	474	0	142	30802	45646	0	0	15134	17124	0	0	0	0	816	1628	6130	22800	16398	0	2714	9452	0	252	0	0	0	0	0	2054	438	2752	0	242	0	308	0	274	0	0	0	316	0	1796	0	186	0	0	0	0	0	0	738	5736	9646	13076	336	0	0	176	0	0	0	0	0	0	0	0	0	0	0	238	0	0	0	154	0	0	0	0	0	0	0	0	0	0	0	0	0	0	0	0	0	0	0	0	204	0	0	0	0	0	
72384	Cingulum_Post_L	104	416	0	262	0	0	0	128	0	0	0	0	0	0	0	0	0	0	796	2116	0	0	0	0	0	0	0	0	0	0	0	0	3740	2714	0	5836	1406	1760	348	288	0	0	1892	136	692	0	464	106	130	0	574	0	150	0	120	214	0	0	158	0	0	0	0	0	0	0	4298	1172	3010	1662	0	0	0	0	0	0	220	1064	0	0	0	0	0	0	0	0	0	0	0	0	0	0	0	0	0	0	0	0	0	0	0	0	0	0	0	0	0	0	0	0	216	0	0	0	0	0	
129572	Cingulum_Post_R	250	1322	0	368	0	0	110	214	0	0	116	0	0	0	0	0	0	198	406	3370	0	0	0	0	0	0	0	0	196	146	0	0	2174	9452	5836	0	942	5000	0	1620	0	0	0	1966	354	2302	0	2278	0	250	0	108	0	114	0	1910	0	1142	0	218	0	0	0	190	0	0	830	10324	244	4270	0	0	142	106	0	0	830	1758	0	0	0	0	0	0	0	568	0	0	0	552	0	0	0	0	0	0	0	186	0	0	0	0	0	0	0	0	0	0	0	0	2424	0	0	0	0	0	
261440	Hippocampus_L	6604	510	3054	572	0	0	3060	360	0	0	3384	134	664	0	210	0	3510	0	2288	648	86	0	0	0	0	0	0	0	18626	134	138	0	0	0	1406	942	0	1000	10634	378	6160	0	756	0	0	0	3570	448	0	0	0	0	274	0	15454	268	3274	0	0	0	372	0	400	0	0	0	2080	292	0	0	1186	318	9500	0	494	0	2040	698	3570	0	4506	0	1054	0	1274	0	0	0	9876	0	986	154	0	0	0	0	854	234	1248	204	156	0	186	0	0	0	0	0	0	114	284	94	0	0	0	0	
283712	Hippocampus_R	190	7336	126	2902	0	0	130	2416	0	0	128	2642	0	368	88	0	0	2166	0	2044	0	0	0	0	0	0	0	0	216	6930	0	400	0	252	1760	5000	1000	0	132	23650	0	8060	0	126	0	0	0	5472	0	0	0	0	0	204	0	27596	0	932	0	0	0	0	0	0	0	0	0	3882	0	1112	202	220	170	16962	0	1068	838	3662	0	252	0	712	0	628	0	618	0	0	0	5210	0	0	0	0	108	308	126	1700	0	520	0	0	0	0	0	0	0	0	0	116	1176	0	0	0	0	0	
77144	ParaHippocampal_L	152	0	0	0	162	0	188	0	90	0	0	0	0	0	166	0	124	0	0	0	214	0	0	0	0	0	0	0	1018	0	0	0	0	0	348	0	10634	132	0	0	1790	0	438	0	0	0	4658	284	0	0	162	0	326	0	8714	0	0	0	0	0	0	0	0	0	0	0	1808	0	0	0	0	0	1274	0	302	0	96	0	86	0	178	0	954	0	0	0	724	0	470	0	348	0	0	0	292	168	1140	0	670	0	0	0	0	0	0	0	0	0	188	274	0	0	0	0	0	0	
201520	ParaHippocampal_R	182	864	108	372	0	0	118	312	0	0	128	880	0	232	0	0	0	460	0	238	0	144	0	0	0	0	0	0	208	2460	0	0	0	0	288	1620	378	23650	0	0	0	4344	0	944	0	686	0	10102	0	780	0	128	0	382	0	25052	0	328	0	0	0	0	0	0	0	0	0	3156	0	0	116	0	160	6272	0	810	780	1002	0	0	0	288	0	2756	0	248	0	1698	0	2044	0	170	0	0	98	542	136	3150	0	910	0	0	0	0	0	0	0	0	0	0	1036	0	0	0	0	0	
43204	Amygdala_L	0	0	124	0	706	0	236	0	252	0	0	0	110	0	628	0	0	0	0	0	1394	290	0	0	0	0	0	0	3646	0	0	0	0	0	0	0	6160	0	1790	0	0	0	0	0	0	0	0	0	0	0	0	0	0	0	2294	0	0	0	0	0	0	0	0	0	0	0	0	0	0	0	320	278	786	0	0	0	0	0	0	0	0	0	1124	0	124	0	90	0	1250	0	0	0	0	0	0	0	0	0	0	0	0	0	0	0	0	0	0	0	0	0	0	0	0	0	0	0	
44148	Amygdala_R	0	0	0	0	0	0	0	0	0	0	0	0	0	0	0	138	0	0	0	0	0	638	0	0	0	0	0	0	0	2082	0	0	0	0	0	0	0	8060	0	4344	0	0	0	0	0	0	0	0	0	0	0	0	0	0	0	3786	0	0	0	0	0	0	0	0	0	0	0	0	0	0	0	0	0	1156	0	0	0	0	0	0	0	0	0	1700	0	0	0	170	0	0	0	0	0	0	0	0	0	0	0	0	0	0	0	0	0	0	0	0	0	0	0	0	0	0	0	0	
165152	Calcarine_L	0	0	0	0	0	0	0	0	0	0	0	0	0	0	0	0	0	0	0	0	0	0	0	0	0	0	0	0	0	0	0	0	0	0	1892	0	756	0	438	0	0	0	0	9468	12076	5598	12418	3908	9124	2442	9764	170	2762	432	1576	254	0	0	230	0	0	0	0	0	106	0	7938	220	0	0	0	0	0	0	0	0	0	0	0	0	0	0	0	0	88	0	0	0	0	0	646	0	0	0	0	0	106	0	164	0	0	0	0	0	0	0	0	0	0	0	0	0	0	0	0	0	
435096	Calcarine_R	0	1828	0	0	0	0	0	0	0	0	0	0	0	0	0	0	0	336	0	638	0	0	0	0	0	0	0	0	0	434	0	0	346	2054	136	1966	0	126	0	944	0	0	9468	0	6122	43314	1550	24596	376	28302	270	11836	0	6266	0	11186	0	7758	0	3200	0	954	0	2526	0	1516	1372	35834	0	3474	0	0	0	0	0	0	0	0	0	0	0	742	0	0	0	4472	0	0	0	3188	0	0	0	0	0	0	0	94	0	0	0	0	0	0	0	0	0	0	0	0	324	0	0	0	0	0	
238276	Cuneus_L	390	0	0	0	0	0	0	0	0	0	0	0	0	0	0	0	200	0	0	0	0	0	0	0	0	0	0	0	168	0	0	0	414	438	692	354	0	0	0	0	0	0	12076	6122	0	11492	672	602	24774	4216	20270	948	3028	96	300	0	414	0	5810	160	238	0	136	0	1088	0	19238	2588	130	0	0	0	0	0	0	0	0	0	250	0	144	0	0	0	1288	0	0	0	402	0	0	0	0	0	0	0	0	0	0	0	0	0	0	0	0	0	0	0	0	0	0	0	0	0	0	0	
484940	Cuneus_R	0	1128	0	0	0	0	0	0	0	0	0	0	0	0	0	0	0	174	0	424	0	0	0	0	0	0	0	0	0	292	0	0	880	2752	0	2302	0	0	0	686	0	0	5598	43314	11492	0	260	5488	306	45336	238	19510	0	4132	0	4056	0	8460	0	8440	0	1134	0	3144	0	2220	3408	42402	0	4442	0	0	0	0	0	0	0	0	0	0	0	1008	0	0	0	11938	0	0	0	7132	0	0	0	0	0	0	0	0	0	0	0	0	0	0	0	0	0	0	0	0	374	0	0	0	0	0	
332036	Lingual_L	0	0	0	0	0	0	0	0	0	0	0	0	0	0	0	0	0	0	0	0	0	0	0	0	0	0	0	0	0	0	0	0	0	0	464	0	3570	0	4658	0	0	0	12418	1550	672	260	0	3834	4688	306	11402	0	7000	158	22216	992	0	0	0	0	0	0	0	0	0	0	3524	0	0	0	0	0	0	0	0	0	168	0	0	0	0	0	0	0	154	0	0	0	920	0	14276	4052	2646	1012	340	154	17506	2324	22542	4932	150	0	362	86	182	90	0	0	212	310	7584	6484	1144	210	150	316	
372060	Lingual_R	0	532	0	120	0	0	0	162	0	0	0	332	0	0	0	0	0	650	0	176	0	0	0	0	0	0	0	0	0	842	0	0	0	242	106	2278	448	5472	284	10102	0	0	3908	24596	602	5488	3834	0	0	5622	0	2216	0	6424	1796	25876	0	926	0	198	0	0	0	578	0	0	508	10984	0	524	0	0	152	984	0	0	94	662	0	0	0	190	0	0	0	330	0	0	252	768	2600	8264	0	0	344	888	4384	12690	6212	12176	0	0	0	0	0	0	0	0	108	340	12448	6318	0	0	0	0	
285608	Occipital_Sup_L	528	0	0	0	0	0	0	0	0	0	0	0	0	0	0	0	190	0	0	0	0	0	0	0	0	0	0	0	488	0	0	0	0	0	130	0	0	0	0	0	0	0	9124	376	24774	306	4688	0	0	102	44666	0	10410	0	1784	0	656	0	14090	0	796	0	0	0	7412	0	19732	0	242	0	0	0	0	0	0	0	0	0	0	0	0	0	0	0	2310	0	0	0	0	0	0	0	0	0	0	0	0	0	0	0	0	0	0	0	0	0	0	0	0	0	0	0	0	0	0	0	
385188	Occipital_Sup_R	0	372	0	0	0	0	0	0	0	0	0	0	0	0	0	0	0	0	0	128	0	0	0	0	0	0	0	0	0	138	0	0	212	308	0	250	0	0	0	780	0	0	2442	28302	4216	45336	306	5622	102	0	116	31894	0	4024	0	4136	0	3546	0	14004	0	2044	0	1068	0	8192	1274	19582	0	1186	0	0	0	0	0	0	0	0	0	0	0	130	0	0	0	8872	0	0	0	4012	0	0	0	0	0	0	0	0	0	0	0	0	0	0	0	0	0	0	0	0	0	0	0	0	0	0	
655040	Occipital_Mid_L	6172	0	0	0	0	0	430	0	0	0	0	0	0	0	0	0	4666	0	0	0	0	0	0	0	0	0	0	0	3972	0	0	0	488	0	574	0	0	0	162	0	0	0	9764	270	20270	238	11402	0	44666	116	0	0	29474	0	5152	0	10590	0	42500	0	16608	0	5998	0	28458	0	48630	192	2478	0	0	0	0	0	0	0	0	0	2184	0	2184	0	0	0	22362	0	0	0	7042	0	280	0	0	0	0	0	0	0	198	0	0	0	0	0	0	0	0	0	0	0	0	0	0	0	0	0	
289856	Occipital_Mid_R	0	230	0	0	0	0	0	0	0	0	0	0	0	0	0	0	0	0	0	0	0	0	0	0	0	0	0	0	0	0	0	0	122	274	0	108	0	0	0	128	0	0	170	11836	948	19510	0	2216	0	31894	0	0	0	5358	0	1484	0	2246	0	10386	0	5076	0	1302	0	18068	810	11030	0	1606	0	0	0	0	0	0	0	0	0	0	0	1022	0	0	0	14922	0	0	0	4182	0	0	0	0	0	0	0	0	0	0	0	0	0	0	0	0	0	0	0	0	0	0	0	0	0	0	
194920	Occipital_Inf_L	1304	0	0	0	0	0	0	0	0	0	0	0	0	0	0	0	1160	0	0	0	0	0	0	0	0	0	0	0	1188	0	0	0	142	0	150	0	274	0	326	0	0	0	2762	0	3028	0	7000	0	10410	0	29474	0	0	0	10180	0	1660	0	1938	0	300	0	376	0	2686	0	5132	0	596	0	0	0	0	0	0	0	0	0	1272	0	484	0	0	0	4236	0	0	0	5494	0	2474	0	0	0	0	0	642	0	2772	0	0	0	0	0	0	0	0	0	0	0	0	0	0	0	0	0	
107540	Occipital_Inf_R	0	132	0	0	0	0	0	0	0	0	0	0	0	0	0	0	0	454	0	112	0	0	0	0	0	0	0	0	0	518	0	0	0	0	0	114	0	204	0	382	0	0	432	6266	96	4132	158	6424	0	4024	0	5358	0	0	0	9444	0	700	0	0	0	0	0	0	0	0	0	1838	0	250	0	0	0	0	0	0	0	0	0	0	0	0	0	0	0	2660	0	0	0	4328	216	102	0	0	0	0	312	1174	460	1474	0	0	0	0	0	0	0	0	0	0	1328	678	0	0	0	0	
434364	Fusiform_L	1108	0	920	0	0	0	186	0	0	0	302	0	0	0	0	0	390	0	880	158	0	0	0	0	0	0	0	0	3654	0	0	0	0	0	120	0	15454	0	8714	0	2294	0	1576	0	300	0	22216	1796	1784	0	5152	0	10180	0	0	478	566	0	120	0	308	0	288	0	176	0	1140	0	0	0	290	0	1600	0	0	0	580	0	1716	0	2696	0	3206	0	3246	0	2240	0	21452	0	25534	1656	2236	358	378	0	16948	2250	36578	2334	1608	0	1992	0	326	0	132	0	0	0	4342	2630	594	0	0	0	
522968	Fusiform_R	0	1856	0	766	0	0	0	562	0	0	0	916	0	252	0	222	0	1816	0	1446	0	0	0	0	0	0	0	0	0	7100	0	0	0	316	214	1910	268	27596	0	25052	0	3786	254	11186	0	4056	992	25876	0	4136	0	1484	0	9444	478	0	0	1924	0	248	0	0	0	448	0	0	0	7062	0	1418	0	0	100	8566	0	632	354	488	0	138	0	1118	0	7402	0	4148	0	2710	154	20096	1002	16748	0	320	0	2976	1386	13556	2302	24264	0	0	0	180	0	96	0	0	106	426	6038	3094	0	0	0	0	
338176	Postcentral_L	31486	0	708	0	0	0	3998	0	0	0	3868	0	136	0	0	0	13744	0	246	0	0	0	0	0	0	0	0	0	13484	0	0	0	114	0	0	0	3274	0	0	0	0	0	0	0	414	0	0	0	656	0	10590	0	1660	0	566	0	0	0	14462	0	20708	0	9930	0	1402	0	8610	0	4136	0	950	0	2096	0	408	0	1450	0	8088	0	5190	0	0	0	4130	0	0	0	2584	0	0	0	0	0	0	0	0	0	0	0	0	0	0	0	0	0	0	0	0	0	0	0	0	0	0	0	
278464	Postcentral_R	120	17790	0	588	0	0	0	1358	0	0	0	2250	0	0	106	0	0	6608	88	614	0	0	0	0	0	0	0	0	0	3930	0	624	0	1796	0	1142	0	932	0	328	0	0	0	7758	0	8460	0	926	0	3546	0	2246	0	700	0	1924	0	0	0	13764	0	5662	0	7706	0	1764	124	20672	0	10998	260	1402	0	2472	0	940	0	194	0	1346	0	946	0	0	0	3654	0	0	0	3242	0	0	0	0	0	0	0	0	0	0	0	0	0	0	0	0	0	0	0	0	252	0	0	0	0	0	
377684	Parietal_Sup_L	9068	0	0	0	0	0	1890	0	0	0	366	0	0	0	0	0	3560	0	0	0	0	0	0	0	0	0	0	0	1914	0	0	0	296	0	158	0	0	0	0	0	0	0	230	0	5810	0	0	0	14090	0	42500	0	1938	0	120	0	14462	0	0	0	14700	0	4572	0	9672	0	46516	0	2644	0	0	0	0	0	0	0	0	0	398	0	2422	0	0	0	8252	0	0	0	3264	0	0	0	0	0	0	0	0	0	0	0	0	0	0	0	0	0	0	0	0	0	0	0	0	0	0	0	
201488	Parietal_Sup_R	0	1386	0	96	0	0	0	0	0	0	0	116	0	0	0	0	0	0	0	310	0	0	0	0	0	0	0	0	0	114	0	0	0	186	0	218	0	0	0	0	0	0	0	3200	160	8440	0	198	0	14004	0	10386	0	0	0	248	0	13764	0	0	0	10544	0	4560	0	8624	348	14886	0	2750	108	118	0	0	0	0	0	0	0	0	0	116	0	0	0	4060	0	0	0	1804	0	0	0	0	0	0	0	0	0	0	0	0	0	0	0	0	0	0	0	0	0	0	0	0	0	0	
245200	Parietal_Inf_L	9214	114	204	134	0	0	4304	0	0	0	1460	0	0	0	0	0	4570	0	0	120	0	0	0	0	0	0	0	0	1936	0	0	0	0	0	0	0	372	0	0	0	0	0	0	0	238	0	0	0	796	0	16608	0	300	0	308	0	20708	0	14700	0	0	0	17820	0	15290	0	5054	0	374	0	184	0	648	0	124	0	0	0	802	0	2090	0	0	0	3294	0	0	0	834	0	0	0	0	0	0	0	0	0	0	0	0	0	0	0	0	0	0	0	0	0	0	0	0	0	0	0	
98440	Parietal_Inf_R	0	664	0	0	0	0	0	0	0	0	0	0	0	0	0	0	0	0	0	158	0	0	0	0	0	0	0	0	0	0	0	0	0	0	0	0	0	0	0	0	0	0	0	954	0	1134	0	0	0	2044	0	5076	0	0	0	0	0	5662	0	10544	0	0	0	9110	0	11104	0	1478	0	456	0	0	0	0	0	0	0	0	0	0	0	0	0	0	0	674	0	0	0	162	0	0	0	0	0	0	0	0	0	0	0	0	0	0	0	0	0	0	0	0	0	0	0	0	0	0	
143956	SupraMarginal_L	2716	0	156	102	0	0	1450	0	0	0	510	0	0	0	0	0	4964	0	0	92	0	0	0	0	0	0	0	0	1858	0	0	0	0	0	0	0	400	0	0	0	0	0	0	0	136	0	0	0	0	0	5998	0	376	0	288	0	9930	0	4572	0	17820	0	0	0	3312	0	4698	0	0	0	88	0	594	0	124	0	0	0	1060	0	4338	0	0	0	5404	0	0	0	992	0	0	0	0	0	0	0	0	0	0	0	0	0	0	0	0	0	0	0	0	0	0	0	0	0	0	0	
119032	SupraMarginal_R	0	1608	0	0	0	0	0	226	0	0	0	0	0	0	0	0	0	2680	0	0	0	0	0	0	0	0	0	0	0	186	0	0	0	0	0	190	0	0	0	0	0	0	0	2526	0	3144	0	578	0	1068	0	1302	0	0	0	448	0	7706	0	4560	0	9110	0	0	0	5732	0	4576	0	646	0	0	0	122	0	0	0	0	0	1332	0	4656	0	0	0	4244	0	0	0	2876	0	0	0	0	0	0	0	0	0	0	0	0	0	0	0	0	0	0	0	0	0	0	0	0	0	0	
177400	Angular_L	872	0	0	0	0	0	610	0	0	0	0	0	0	0	0	0	656	0	0	0	0	0	0	0	0	0	0	0	504	0	0	0	0	0	0	0	0	0	0	0	0	0	106	0	1088	0	0	0	7412	0	28458	0	2686	0	176	0	1402	0	9672	0	15290	0	3312	0	0	0	7674	0	138	0	0	0	0	0	0	0	0	0	130	0	1146	0	0	0	6954	0	0	0	414	0	0	0	0	0	0	0	0	0	0	0	0	0	0	0	0	0	0	0	0	0	0	0	0	0	0	0	
135112	Angular_R	0	0	0	0	0	0	0	0	0	0	0	0	0	0	0	0	0	0	0	106	0	0	0	0	0	0	0	0	0	0	0	0	0	0	0	0	0	0	0	0	0	0	0	1516	0	2220	0	0	0	8192	0	18068	0	0	0	0	0	1764	0	8624	0	11104	0	5732	0	0	0	1420	0	192	0	0	0	0	0	0	0	0	0	0	0	2428	0	0	0	6190	0	0	0	0	0	0	0	0	0	0	0	0	0	0	0	0	0	0	0	0	0	0	0	0	0	0	0	0	0	0	
465924	Precuneus_L	4618	0	0	0	0	0	454	0	0	0	0	0	0	0	0	0	2288	0	96	0	0	0	0	0	0	0	0	0	1152	0	0	0	3012	738	4298	830	2080	0	1808	0	0	0	7938	1372	19238	3408	3524	508	19732	1274	48630	810	5132	0	1140	0	8610	124	46516	348	5054	0	4698	0	7674	0	0	5828	3808	236	0	0	0	0	0	0	0	0	388	0	1632	0	0	0	9532	202	0	0	3734	158	0	0	0	0	0	0	246	0	94	0	0	0	0	0	0	0	0	0	0	0	0	0	0	0	0	0	
510556	Precuneus_R	258	4144	94	100	0	0	130	0	0	0	130	86	0	0	0	0	0	498	0	1162	0	0	0	0	0	0	0	0	212	624	0	0	1428	5736	1172	10324	292	3882	0	3156	0	0	220	35834	2588	42402	0	10984	0	19582	192	11030	0	1838	0	7062	0	20672	0	14886	0	1478	0	4576	0	1420	5828	0	0	12012	118	104	150	100	0	0	714	200	0	0	0	1376	0	0	0	13448	0	0	0	8960	0	0	0	0	0	0	0	758	0	0	0	0	0	0	0	0	0	0	0	0	3318	0	0	0	0	0	
187448	Paracentral_Lobule_L	12848	4996	2732	2854	0	0	344	0	0	0	0	0	0	0	0	0	192	0	8650	17612	0	0	0	0	0	0	0	0	94	0	0	0	4982	9646	3010	244	0	0	0	0	0	0	0	0	130	0	0	0	242	0	2478	0	596	0	0	0	4136	0	2644	0	374	0	0	0	138	0	3808	0	0	7236	318	852	0	0	0	0	1418	780	0	0	0	0	0	0	370	0	0	0	0	0	0	0	0	0	0	0	0	0	0	0	0	0	0	0	0	0	0	0	0	0	0	0	0	0	0	0	
200176	Paracentral_Lobule_R	1400	6868	0	0	0	0	0	0	0	0	0	0	0	0	0	0	0	358	1190	18158	0	0	0	0	0	0	0	0	0	302	0	0	816	13076	1662	4270	0	1112	0	0	0	0	0	3474	0	4442	0	524	0	1186	0	1606	0	250	0	1418	0	10998	0	2750	0	456	0	646	0	192	236	12012	7236	0	0	0	0	0	0	0	0	0	0	0	0	88	0	0	0	1630	0	0	0	1472	0	0	0	0	0	0	0	0	0	0	0	0	0	0	0	0	0	0	0	0	260	0	0	0	0	0	
309972	Caudate_L	6170	1418	11884	8342	1726	1836	5340	3122	400	0	596	5218	192	0	3578	0	502	0	6366	6884	6380	8646	802	548	402	1278	3850	2276	6542	5218	4920	3130	0	336	0	0	1186	202	0	116	320	0	0	0	0	0	0	0	0	0	0	0	0	0	290	0	950	260	0	108	184	0	88	0	0	0	0	118	318	0	0	16180	11816	1188	1346	0	9418	2100	100	0	246	0	372	0	0	0	0	0	178	0	0	0	0	0	0	0	0	0	0	0	0	0	0	0	0	0	0	0	0	0	0	0	0	0	0	0	
388764	Caudate_R	2468	4922	4484	26482	508	3454	2704	5060	94	0	108	3066	0	534	900	610	0	438	3976	19036	2996	6158	0	8924	0	3918	1492	2518	2058	4318	2298	18252	0	0	0	0	318	220	0	0	278	0	0	0	0	0	0	0	0	0	0	0	0	0	0	0	0	1402	0	118	0	0	0	0	0	0	0	104	852	0	16180	0	4964	17222	156	1040	2414	16958	0	0	0	192	188	0	0	0	0	0	0	0	0	0	0	0	0	0	0	0	0	0	0	0	0	0	0	0	0	0	0	0	0	0	0	0	0	0	
365372	Putamen_L	5166	402	25162	1038	7058	598	10114	520	2832	0	2654	0	3120	0	5896	0	2090	0	15926	738	2598	3970	3390	388	98	454	860	618	27110	0	4692	1042	176	0	0	142	9500	170	1274	160	786	0	0	0	0	0	0	152	0	0	0	0	0	0	1600	100	2096	0	0	0	648	0	594	0	0	0	0	150	0	0	11816	4964	0	814	5558	0	1638	0	708	0	6388	0	1422	0	836	0	0	0	2038	0	168	0	0	0	0	0	0	0	166	0	0	0	88	0	0	0	0	0	0	0	0	0	0	0	0	0	
292276	Putamen_R	0	3496	104	12914	0	2068	0	5520	0	226	0	4700	0	2130	0	2498	0	2932	660	5558	212	672	0	4870	0	3310	0	626	0	16670	954	10848	0	176	0	106	0	16962	0	6272	0	1156	0	0	0	0	0	984	0	0	0	0	0	0	0	8566	0	2472	0	0	0	0	0	122	0	0	0	100	0	0	1188	17222	814	0	0	3654	0	814	0	0	0	578	0	266	0	194	0	0	0	2812	0	0	0	0	0	0	0	262	0	450	0	0	0	0	0	0	0	0	0	0	0	0	0	0	0	0	
32732	Pallidum_L	734	340	2214	0	0	0	480	376	0	0	452	0	0	0	0	0	658	0	542	0	0	0	0	0	0	0	0	0	256	0	0	0	0	0	0	0	494	0	302	0	0	0	0	0	0	0	0	0	0	0	0	0	0	0	0	0	408	0	0	0	124	0	124	0	0	0	0	0	0	0	1346	156	5558	0	0	0	1248	90	168	0	168	0	128	0	0	0	0	0	0	0	0	0	0	0	0	0	0	0	0	0	0	0	0	0	0	0	0	0	0	0	0	0	0	0	0	0	
23192	Pallidum_R	0	540	0	570	0	0	0	234	0	0	0	1044	0	0	0	0	0	86	0	268	0	0	0	0	0	0	0	0	0	168	0	276	0	0	0	0	0	1068	0	810	0	0	0	0	0	0	0	0	0	0	0	0	0	0	0	632	0	940	0	0	0	0	0	0	0	0	0	0	0	0	0	1040	0	3654	0	0	0	266	0	0	0	0	0	0	0	0	0	0	0	0	0	0	0	0	0	0	0	0	0	0	0	0	0	0	0	0	0	0	0	0	0	0	0	0	0	0	
139340	Thalamus_L	6284	1790	8814	812	0	0	4924	1544	0	0	3240	2662	0	0	0	0	3200	0	214	630	0	0	0	0	0	0	0	0	3708	2662	0	0	0	0	220	830	2040	838	96	780	0	0	0	0	0	0	168	94	0	0	0	0	0	0	580	354	1450	0	0	0	0	0	0	0	0	0	0	714	1418	0	9418	2414	1638	0	1248	0	0	1380	0	0	1412	0	1908	0	0	0	0	0	186	0	0	0	0	0	0	0	0	0	0	0	0	0	0	0	0	0	0	0	0	0	0	0	0	0	0	0	
139684	Thalamus_R	2384	10402	4200	7964	0	0	1962	2090	0	0	0	1134	0	0	402	0	0	300	3650	1896	0	0	0	0	0	0	0	0	218	1124	0	0	0	0	1064	1758	698	3662	0	1002	0	0	0	0	0	0	0	662	0	0	0	0	0	0	0	488	0	194	0	0	0	0	0	0	0	0	0	200	780	0	2100	16958	0	814	90	266	1380	0	0	0	0	0	0	0	0	0	0	0	0	0	0	0	0	0	0	0	0	0	0	0	0	0	0	0	0	0	0	0	0	0	0	0	0	0	0	0	
161760	Heschl_L	8774	0	880	0	0	0	1358	0	0	0	2702	0	0	0	0	0	10856	0	530	0	0	0	0	0	0	0	0	0	15148	0	0	0	110	0	0	0	3570	0	86	0	0	0	0	0	250	0	0	0	0	0	2184	0	1272	0	1716	0	8088	0	398	0	802	0	1060	0	130	0	388	0	0	0	100	0	708	0	168	0	0	0	0	0	8366	0	0	0	6986	0	0	0	4250	0	0	0	0	0	0	0	0	0	0	0	0	0	0	0	0	0	0	0	0	0	0	0	0	0	0	0	
28952	Heschl_R	0	314	0	0	0	0	0	196	0	0	0	388	0	0	0	0	0	4664	0	0	0	0	0	0	0	0	0	0	0	1562	0	0	0	0	0	0	0	252	0	0	0	0	0	0	0	0	0	0	0	0	0	0	0	0	0	138	0	1346	0	0	0	0	0	1332	0	0	0	0	0	0	0	0	0	0	0	0	0	0	0	0	0	3680	0	0	0	296	0	0	0	308	0	0	0	0	0	0	0	0	0	0	0	0	0	0	0	0	0	0	0	0	0	0	0	0	0	0	
311284	Temporal_Sup_L	7268	0	5682	88	0	0	6804	0	0	0	4846	0	646	0	250	0	17554	0	3958	94	0	0	126	0	0	0	0	0	24312	0	0	0	0	0	0	0	4506	0	178	0	0	0	0	0	144	0	0	0	0	0	2184	0	484	0	2696	0	5190	0	2422	0	2090	0	4338	0	1146	0	1632	0	0	0	246	0	6388	0	168	0	1412	0	8366	0	0	0	8370	0	19758	0	194	0	11610	0	150	0	0	0	0	0	0	0	132	0	106	0	104	0	0	0	0	0	0	0	0	0	0	0	0	0	
122712	Temporal_Sup_R	0	1578	0	606	0	0	0	2342	0	0	0	3346	0	0	0	0	0	7824	0	462	0	0	0	0	0	0	0	0	0	4464	0	0	0	0	0	0	0	712	0	288	0	0	0	742	0	1008	0	190	0	130	0	1022	0	0	0	1118	0	946	0	116	0	0	0	4656	0	2428	0	1376	0	88	0	192	0	578	0	0	0	0	0	3680	0	0	0	2268	0	13200	0	466	0	5530	0	0	0	0	0	0	0	0	0	0	0	0	0	0	0	0	0	0	0	0	0	0	0	0	0	0	
149200	Temporal_Pole_Sup_L	238	0	3892	0	198	0	1498	0	324	0	7612	0	1464	0	1266	0	6250	0	2148	112	372	162	0	0	0	0	0	0	11394	0	0	0	0	0	0	0	1054	0	954	0	1124	0	0	0	0	0	0	0	0	0	0	0	0	0	3206	0	0	0	0	0	0	0	0	0	0	0	0	0	0	0	372	188	1422	0	128	0	1908	0	0	0	8370	0	0	0	8982	0	4386	0	5576	0	0	0	0	0	0	0	0	0	0	0	0	0	0	0	0	0	0	0	0	0	0	0	0	0	0	0	
57968	Temporal_Pole_Sup_R	0	0	0	104	0	0	0	0	0	0	0	346	0	0	0	774	0	330	0	0	0	520	0	0	0	0	0	122	0	1896	0	0	0	0	0	0	0	628	0	2756	0	1700	0	0	0	0	0	0	0	0	0	0	0	0	0	7402	0	0	0	0	0	0	0	0	0	0	0	0	0	0	0	0	0	266	0	0	0	0	0	0	0	2268	0	0	0	2136	0	5340	0	2396	0	0	0	0	0	0	0	0	0	0	0	0	0	0	0	0	0	0	0	0	0	0	0	0	0	0	
321484	Temporal_Mid_L	3056	0	192	0	0	0	464	0	0	0	0	0	0	0	0	0	4558	0	146	0	0	0	0	0	0	0	0	0	7960	0	0	0	0	0	0	0	1274	0	0	0	124	0	88	0	1288	0	154	0	2310	0	22362	0	4236	0	3246	0	4130	0	8252	0	3294	0	5404	0	6954	0	9532	0	370	0	0	0	836	0	0	0	0	0	6986	0	19758	0	8982	0	0	0	3678	0	31108	0	0	0	0	0	0	0	0	0	0	0	0	0	0	0	0	0	0	0	0	0	0	0	0	0	0	0	
268088	Temporal_Mid_R	0	390	0	0	0	0	0	0	0	0	0	0	0	0	0	112	0	440	0	190	0	0	0	0	0	0	0	0	0	2860	0	0	128	238	0	568	0	618	0	248	0	0	0	4472	0	11938	0	330	0	8872	0	14922	0	2660	0	4148	0	3654	0	4060	0	674	0	4244	0	6190	202	13448	0	1630	0	0	0	194	0	0	0	0	0	296	0	13200	0	2136	0	0	0	2682	0	28156	0	0	0	0	0	0	0	0	0	0	0	0	0	0	0	0	0	0	0	0	144	0	0	0	0	0	
29752	Temporal_Pole_Mid_L	0	0	0	0	0	0	0	0	0	0	0	0	0	0	0	0	0	0	0	0	0	0	0	0	0	0	0	0	0	0	0	0	0	0	0	0	0	0	724	0	90	0	0	0	0	0	0	0	0	0	0	0	0	0	2240	0	0	0	0	0	0	0	0	0	0	0	0	0	0	0	0	0	0	0	0	0	0	0	0	0	194	0	4386	0	3678	0	0	0	3564	0	0	0	0	0	0	0	0	0	0	0	0	0	0	0	0	0	0	0	0	0	0	0	0	0	0	0	
30788	Temporal_Pole_Mid_R	0	0	0	0	0	0	0	0	0	0	0	0	0	0	0	0	0	0	0	0	0	88	0	0	0	0	0	0	0	168	0	0	0	0	0	0	0	0	0	1698	0	170	0	0	0	0	0	0	0	0	0	0	0	0	0	2710	0	0	0	0	0	0	0	0	0	0	0	0	0	0	0	0	0	0	0	0	0	0	0	0	0	466	0	5340	0	2682	0	0	0	2072	0	0	0	0	0	0	0	0	0	0	0	0	0	0	0	0	0	0	0	0	0	0	0	0	0	0	
297588	Temporal_Inf_L	2136	0	1234	0	0	0	162	0	0	0	194	0	0	0	0	0	2378	0	1194	116	0	0	0	0	0	0	0	0	8328	0	0	0	0	0	0	0	9876	0	470	0	1250	0	0	0	402	0	920	252	0	0	7042	0	5494	0	21452	154	2584	0	3264	0	834	0	992	0	414	0	3734	0	0	0	178	0	2038	0	0	0	186	0	4250	0	11610	0	5576	0	31108	0	3564	0	0	0	6374	216	668	0	88	0	1480	314	3986	282	670	0	814	0	0	0	0	0	0	0	378	138	0	0	0	0	
258612	Temporal_Inf_R	0	872	0	508	0	0	0	354	0	0	0	308	0	0	0	0	0	2284	0	752	0	0	0	0	0	0	0	0	0	7268	0	0	92	154	0	552	0	5210	0	2044	0	0	0	3188	0	7132	0	768	0	4012	0	4182	0	4328	0	20096	0	3242	0	1804	0	162	0	2876	0	0	158	8960	0	1472	0	0	0	2812	0	0	0	0	0	308	0	5530	0	2396	0	28156	0	2072	0	0	0	3998	0	272	0	0	0	94	0	610	0	0	0	88	0	0	0	0	0	0	192	0	0	0	0	0	
576304	Cerebelum_Crus1_L	0	0	0	0	0	0	0	0	0	0	0	0	0	0	0	0	0	0	0	0	0	0	0	0	0	0	0	0	172	0	0	0	0	0	0	0	986	0	348	0	0	0	646	0	0	0	14276	2600	0	0	280	0	2474	216	25534	1002	0	0	0	0	0	0	0	0	0	0	0	0	0	0	0	0	168	0	0	0	0	0	0	0	150	0	0	0	0	0	0	0	6374	0	0	14560	41158	12480	238	312	17264	3666	55272	12132	16560	1442	15426	1126	1748	354	992	0	484	546	7552	15536	11988	1490	416	184	
589484	Cerebelum_Crus1_R	0	0	0	0	0	0	0	0	0	0	0	0	0	0	0	0	0	0	0	0	0	0	0	0	0	0	0	0	0	0	0	0	0	0	0	0	154	0	0	170	0	0	0	0	0	0	4052	8264	0	0	0	0	0	102	1656	16748	0	0	0	0	0	0	0	0	0	0	0	0	0	0	0	0	0	0	0	0	0	0	0	0	0	0	0	0	0	0	0	0	216	3998	14560	0	9282	42800	1318	1890	7062	21564	15220	62200	3020	6420	1800	18004	196	1304	0	242	416	2782	15972	22494	9708	900	116	112	
350688	Cerebelum_Crus2_L	0	0	0	0	0	0	0	0	0	0	0	0	0	0	0	0	0	0	0	0	0	0	0	0	0	0	0	0	0	0	0	0	0	0	0	0	0	0	0	0	0	0	0	0	0	0	2646	0	0	0	0	0	0	0	2236	0	0	0	0	0	0	0	0	0	0	0	0	0	0	0	0	0	0	0	0	0	0	0	0	0	0	0	0	0	0	0	0	0	668	0	41158	9282	0	13562	0	0	734	112	14388	4434	33596	1880	25580	986	1356	0	318	0	0	0	208	7646	12902	1652	0	0	
392808	Cerebelum_Crus2_R	0	0	0	0	0	0	0	0	0	0	0	0	0	0	0	0	0	0	0	0	0	0	0	0	0	0	0	0	0	0	0	0	0	0	0	0	0	0	0	0	0	0	0	0	0	0	1012	0	0	0	0	0	0	0	358	320	0	0	0	0	0	0	0	0	0	0	0	0	0	0	0	0	0	0	0	0	0	0	0	0	0	0	0	0	0	0	0	0	0	272	12480	42800	13562	0	0	644	1558	1426	7980	12930	6832	21984	5060	32202	376	1876	0	254	0	308	1768	10116	16768	3182	212	124	
58988	Cerebelum_3_L	0	0	0	0	0	0	0	0	0	0	0	0	0	0	0	0	0	0	0	0	0	0	0	0	0	0	0	0	0	0	0	0	0	0	0	0	0	108	292	98	0	0	0	0	0	0	340	344	0	0	0	0	0	0	378	0	0	0	0	0	0	0	0	0	0	0	0	0	0	0	0	0	0	0	0	0	0	0	0	0	0	0	0	0	0	0	0	0	88	0	238	1318	0	0	0	408	7330	1532	1446	1708	0	0	410	286	1212	126	0	0	1566	3814	3224	2180	422	314	218	94	
104016	Cerebelum_3_R	0	0	0	0	0	0	0	0	0	0	0	0	0	0	0	0	0	0	0	0	0	0	0	0	0	0	0	0	0	0	0	0	0	0	0	0	0	308	168	542	0	0	0	0	0	0	154	888	0	0	0	0	0	0	0	2976	0	0	0	0	0	0	0	0	0	0	0	0	0	0	0	0	0	0	0	0	0	0	0	0	0	0	0	0	0	0	0	0	0	0	312	1890	0	644	408	0	2000	9684	1082	6880	0	374	342	1754	166	2868	0	0	1808	4424	4104	1550	1394	2188	2480	620	
415764	Cerebelum_4_5_L	0	0	0	0	0	0	0	0	0	0	0	0	0	0	0	0	0	0	0	0	0	0	0	0	0	0	0	0	0	0	0	0	0	0	0	0	854	126	1140	136	0	0	106	0	0	0	17506	4384	0	0	0	0	642	312	16948	1386	0	0	0	0	0	0	0	0	0	0	246	0	0	0	0	0	0	0	0	0	0	0	0	0	0	0	0	0	0	0	0	0	1480	0	17264	7062	734	1558	7330	2000	0	10850	40298	10736	978	310	2792	1630	4762	1696	574	0	2972	5352	24706	9670	2904	2612	2164	1662	
361448	Cerebelum_4_5_R	0	0	0	0	0	0	0	0	0	0	0	0	0	0	0	0	0	0	0	0	0	0	0	0	0	0	0	0	0	148	0	0	0	0	0	186	234	1700	0	3150	0	0	0	94	0	0	2324	12690	0	0	0	0	0	1174	2250	13556	0	0	0	0	0	0	0	0	0	0	0	758	0	0	0	0	0	262	0	0	0	0	0	0	0	0	0	0	0	0	0	0	314	94	3666	21564	112	1426	1532	9684	10850	0	7220	37272	132	412	406	1948	296	1816	0	0	698	5640	25924	6214	1518	1468	1496	496	
648272	Cerebelum_6_L	0	0	0	0	0	0	0	0	0	0	0	0	0	0	0	0	0	0	0	0	0	0	0	0	0	0	0	0	168	0	0	0	0	0	0	0	1248	0	670	0	0	0	164	0	0	0	22542	6212	0	0	198	0	2772	460	36578	2302	0	0	0	0	0	0	0	0	0	0	94	0	0	0	0	0	166	0	0	0	0	0	0	0	132	0	0	0	0	0	0	0	3986	0	55272	15220	14388	7980	1446	1082	40298	7220	0	20438	4912	1904	6812	4154	2286	1008	794	0	1486	2006	17016	26784	9402	2376	1322	838	
575320	Cerebelum_6_R	0	0	0	0	0	0	0	0	0	0	0	0	0	0	0	0	0	0	0	0	0	0	0	0	0	0	0	0	0	92	0	0	0	0	0	0	204	520	0	910	0	0	0	0	0	0	4932	12176	0	0	0	0	0	1474	2334	24264	0	0	0	0	0	0	0	0	0	0	0	0	0	0	0	0	0	450	0	0	0	0	0	0	0	0	0	0	0	0	0	0	282	610	12132	62200	4434	12930	1708	6880	10736	37272	20438	0	870	1128	1208	4158	556	564	158	0	816	4484	22874	28222	4928	378	182	156	
238980	Cerebelum_7b_L	0	0	0	0	0	0	0	0	0	0	0	0	0	0	0	0	0	0	0	0	0	0	0	0	0	0	0	0	116	0	0	0	0	0	0	0	156	0	0	0	0	0	0	0	0	0	150	0	0	0	0	0	0	0	1608	0	0	0	0	0	0	0	0	0	0	0	0	0	0	0	0	0	0	0	0	0	0	0	0	0	106	0	0	0	0	0	0	0	670	0	16560	3020	33596	6832	0	0	978	132	4912	870	0	2102	31104	2112	1674	132	202	0	0	0	264	2624	6740	2720	110	0	
142716	Cerebelum_7b_R	0	0	0	0	0	0	0	0	0	0	0	0	0	0	0	0	0	0	0	0	0	0	0	0	0	0	0	0	0	0	0	0	0	0	0	0	0	0	0	0	0	0	0	0	0	0	0	0	0	0	0	0	0	0	0	0	0	0	0	0	0	0	0	0	0	0	0	0	0	0	0	0	0	0	0	0	0	0	0	0	0	0	0	0	0	0	0	0	0	0	1442	6420	1880	21984	0	374	310	412	1904	1128	2102	0	2132	21102	234	1358	0	0	0	218	392	2298	3922	1606	140	0	
284520	Cerebelum_8_L	0	0	0	0	0	0	0	0	0	0	0	0	0	0	0	0	0	0	0	0	0	0	0	0	0	0	0	0	130	0	0	0	0	0	0	0	186	0	0	0	0	0	0	0	0	0	362	0	0	0	0	0	0	0	1992	0	0	0	0	0	0	0	0	0	0	0	0	0	0	0	0	0	88	0	0	0	0	0	0	0	104	0	0	0	0	0	0	0	814	0	15426	1800	25580	5060	410	342	2792	406	6812	1208	31104	2132	0	5424	16280	804	3890	0	250	416	978	3332	6636	5876	1298	328	
284836	Cerebelum_8_R	0	0	0	0	0	0	0	0	0	0	0	0	0	0	0	0	0	0	0	0	0	0	0	0	0	0	0	0	0	0	0	0	0	0	0	0	0	0	0	0	0	0	0	0	0	0	86	0	0	0	0	0	0	0	0	180	0	0	0	0	0	0	0	0	0	0	0	0	0	0	0	0	0	0	0	0	0	0	0	0	0	0	0	0	0	0	0	0	0	88	1126	18004	986	32202	286	1754	1630	1948	4154	4158	2112	21102	5424	0	822	18890	112	2038	336	916	1924	5058	7892	5762	2538	890	
92020	Cerebelum_9_L	0	0	0	0	0	0	0	0	0	0	0	0	0	0	0	0	0	0	0	0	0	0	0	0	0	0	0	0	0	0	0	0	0	0	0	0	0	0	0	0	0	0	0	0	0	0	182	0	0	0	0	0	0	0	326	0	0	0	0	0	0	0	0	0	0	0	0	0	0	0	0	0	0	0	0	0	0	0	0	0	0	0	0	0	0	0	0	0	0	0	1748	196	1356	376	1212	166	4762	296	2286	556	1674	234	16280	822	0	556	5010	0	362	724	1058	1140	1168	1606	1306	608	
111176	Cerebelum_9_R	0	0	0	0	0	0	0	0	0	0	0	0	0	0	0	0	0	0	0	0	0	0	0	0	0	0	0	0	0	0	0	0	0	0	0	0	0	0	0	0	0	0	0	0	0	0	90	0	0	0	0	0	0	0	0	96	0	0	0	0	0	0	0	0	0	0	0	0	0	0	0	0	0	0	0	0	0	0	0	0	0	0	0	0	0	0	0	0	0	0	354	1304	0	1876	126	2868	1696	1816	1008	564	132	1358	804	18890	556	0	0	1470	1330	2120	2506	1148	1862	3828	5478	2308	
25224	Cerebelum_10_L	0	0	0	0	0	0	0	0	0	0	0	0	0	0	0	0	0	0	0	0	0	0	0	0	0	0	0	0	0	0	0	0	0	0	0	0	0	0	0	0	0	0	0	0	0	0	0	0	0	0	0	0	0	0	132	0	0	0	0	0	0	0	0	0	0	0	0	0	0	0	0	0	0	0	0	0	0	0	0	0	0	0	0	0	0	0	0	0	0	0	992	0	318	0	0	0	574	0	794	158	202	0	3890	112	5010	0	0	0	0	0	170	146	114	0	0	0	
8008	Cerebelum_10_R	0	0	0	0	0	0	0	0	0	0	0	0	0	0	0	0	0	0	0	0	0	0	0	0	0	0	0	0	0	0	0	0	0	0	0	0	0	0	0	0	0	0	0	0	0	0	0	0	0	0	0	0	0	0	0	0	0	0	0	0	0	0	0	0	0	0	0	0	0	0	0	0	0	0	0	0	0	0	0	0	0	0	0	0	0	0	0	0	0	0	0	242	0	254	0	0	0	0	0	0	0	0	0	2038	0	1470	0	0	0	0	0	0	0	0	0	0	
52964	Vermis_1_2	0	0	0	0	0	0	0	0	0	0	0	0	0	0	0	0	0	0	0	0	0	0	0	0	0	0	0	0	0	0	0	0	0	0	0	0	0	0	188	0	0	0	0	0	0	0	212	108	0	0	0	0	0	0	0	106	0	0	0	0	0	0	0	0	0	0	0	0	0	0	0	0	0	0	0	0	0	0	0	0	0	0	0	0	0	0	0	0	0	0	484	416	0	0	1566	1808	2972	698	1486	816	0	0	250	336	362	1330	0	0	0	6684	2938	1036	504	806	952	424	
113516	Vermis_3	0	0	0	0	0	0	0	0	0	0	0	0	0	0	0	0	0	0	0	0	0	0	0	0	0	0	0	0	0	0	0	0	0	0	0	0	114	116	274	0	0	0	0	0	0	0	310	340	0	0	0	0	0	0	0	426	0	0	0	0	0	0	0	0	0	0	0	0	0	0	0	0	0	0	0	0	0	0	0	0	0	0	0	0	0	0	0	0	0	0	546	2782	0	308	3814	4424	5352	5640	2006	4484	0	218	416	916	724	2120	0	0	6684	0	7620	2650	954	1292	1630	598	
414592	Vermis_4_5	0	186	0	0	0	0	0	0	0	0	0	0	0	0	0	0	0	106	0	138	0	0	0	0	0	0	0	0	0	88	0	0	0	204	216	2424	284	1176	0	1036	0	0	0	324	0	374	7584	12448	0	0	0	0	0	1328	4342	6038	0	252	0	0	0	0	0	0	0	0	0	3318	0	260	0	0	0	0	0	0	0	0	0	0	0	0	0	0	0	144	0	0	378	192	7552	15972	208	1768	3224	4104	24706	25924	17016	22874	264	392	978	1924	1058	2506	170	0	2938	7620	0	12080	3030	3236	2926	1986	
