data	data	494284	331936	951668	917920	219496	129224	572840	368080	100088	37280	279312	239512	300892	220532	197384	109448	264388	227984	756260	901804	115296	142436	483596	518620	67624	140476	116476	95624	602164	452788	539064	573092	320028	684868	169364	187036	309064	433844	194732	309432	44984	84240	338300	369568	254768	298584	370064	460420	270488	288956	504116	286196	149212	141820	613140	580976	250788	239996	210604	86820	224840	91260	117100	103000	175984	168860	430560	426048	329248	280088	344944	438388	440044	454180	70180	130100	130448	192100	100388	60740	287932	212368	144736	119284	364096	285184	49640	32540	305960	263820	653100	495120	472988	390312	74504	126888	450600	346536	544016	532700	280348	151776	397040	357796	185388	151380	19548	10756	44388	98096	286112	254668	301236	214168	147292	37428	
data	data	Precentral_L	Precentral_R	Frontal_Sup_L	Frontal_Sup_R	Frontal_Sup_Orb_L	Frontal_Sup_Orb_R	Frontal_Mid_L	Frontal_Mid_R	Frontal_Mid_Orb_L	Frontal_Mid_Orb_R	Frontal_Inf_Oper_L	Frontal_Inf_Oper_R	Frontal_Inf_Tri_L	Frontal_Inf_Tri_R	Frontal_Inf_Orb_L	Frontal_Inf_Orb_R	Rolandic_Oper_L	Rolandic_Oper_R	Supp_Motor_Area_L	Supp_Motor_Area_R	Olfactory_L	Olfactory_R	Frontal_Sup_Medial_L	Frontal_Sup_Medial_R	Frontal_Med_Orb_L	Frontal_Med_Orb_R	Rectus_L	Rectus_R	Insula_L	Insula_R	Cingulum_Ant_L	Cingulum_Ant_R	Cingulum_Mid_L	Cingulum_Mid_R	Cingulum_Post_L	Cingulum_Post_R	Hippocampus_L	Hippocampus_R	ParaHippocampal_L	ParaHippocampal_R	Amygdala_L	Amygdala_R	Calcarine_L	Calcarine_R	Cuneus_L	Cuneus_R	Lingual_L	Lingual_R	Occipital_Sup_L	Occipital_Sup_R	Occipital_Mid_L	Occipital_Mid_R	Occipital_Inf_L	Occipital_Inf_R	Fusiform_L	Fusiform_R	Postcentral_L	Postcentral_R	Parietal_Sup_L	Parietal_Sup_R	Parietal_Inf_L	Parietal_Inf_R	SupraMarginal_L	SupraMarginal_R	Angular_L	Angular_R	Precuneus_L	Precuneus_R	Paracentral_Lobule_L	Paracentral_Lobule_R	Caudate_L	Caudate_R	Putamen_L	Putamen_R	Pallidum_L	Pallidum_R	Thalamus_L	Thalamus_R	Heschl_L	Heschl_R	Temporal_Sup_L	Temporal_Sup_R	Temporal_Pole_Sup_L	Temporal_Pole_Sup_R	Temporal_Mid_L	Temporal_Mid_R	Temporal_Pole_Mid_L	Temporal_Pole_Mid_R	Temporal_Inf_L	Temporal_Inf_R	Cerebelum_Crus1_L	Cerebelum_Crus1_R	Cerebelum_Crus2_L	Cerebelum_Crus2_R	Cerebelum_3_L	Cerebelum_3_R	Cerebelum_4_5_L	Cerebelum_4_5_R	Cerebelum_6_L	Cerebelum_6_R	Cerebelum_7b_L	Cerebelum_7b_R	Cerebelum_8_L	Cerebelum_8_R	Cerebelum_9_L	Cerebelum_9_R	Cerebelum_10_L	Cerebelum_10_R	Vermis_1_2	Vermis_3	Vermis_4_5	Vermis_6	Vermis_7	Vermis_8	Vermis_9	Vermis_10	
494284	Precentral_L	0	6684	14496	3846	0	0	20218	1240	0	0	12780	166	1736	190	108	0	9660	0	17830	16446	0	0	1130	166	0	0	0	0	8204	0	1164	238	628	6750	376	200	4824	450	1408	0	0	0	948	0	140	0	244	0	762	0	4228	0	742	0	2416	96	27050	348	1038	0	2620	0	882	0	476	0	1378	116	31388	6152	5208	1110	4642	114	934	0	13000	1604	2572	0	1718	0	466	0	2136	0	0	0	1572	0	104	0	0	0	0	0	0	0	0	0	0	0	0	0	0	0	0	0	0	0	0	0	0	0	0	0	
331936	Precentral_R	6684	0	290	21620	0	0	448	10216	0	0	0	6070	0	386	0	0	112	2228	3266	24324	0	0	0	330	0	0	0	0	272	3630	152	800	412	2488	0	0	1134	2872	548	354	0	0	0	270	0	176	150	242	0	384	0	1068	0	208	576	762	676	19834	0	550	178	864	138	2358	0	826	304	1718	6920	10544	430	5910	690	3022	118	602	1766	12558	0	262	0	1004	0	124	0	1098	0	0	0	1002	0	0	0	0	0	0	0	0	0	0	0	0	0	0	0	0	0	0	0	0	0	0	0	0	0	0	
951668	Frontal_Sup_L	14496	290	0	10562	17184	318	91030	1616	8802	0	17324	618	25372	986	13848	150	8020	0	50580	7310	2058	1108	51932	12156	1860	822	3046	402	31932	398	27874	11590	9356	8206	438	0	1638	0	332	0	142	0	0	0	0	0	0	0	0	0	0	0	0	0	288	0	4136	478	0	0	0	0	0	0	0	0	230	260	1804	0	7060	1486	16208	1094	2152	128	1086	0	1160	0	1158	0	2976	0	186	0	0	0	148	0	0	0	0	0	0	0	0	0	0	0	0	0	0	0	0	0	0	0	0	0	0	0	0	0	0	0	
917920	Frontal_Sup_R	3846	21620	10562	0	662	7870	3142	48410	0	994	944	10304	422	6390	304	3388	356	4800	17716	57080	758	2652	16282	49128	732	7500	1002	3676	992	9288	15546	36278	5022	20288	0	524	1092	1368	426	648	0	0	0	0	0	0	98	148	0	0	0	250	0	0	434	198	242	1842	0	0	0	0	0	0	0	94	0	212	3082	130	5626	30114	1966	15316	276	3916	2498	19640	100	300	0	96	98	272	0	0	0	0	0	0	0	0	0	0	0	0	0	0	0	0	0	0	0	0	0	0	0	0	0	0	0	0	0	0	0	0	
219496	Frontal_Sup_Orb_L	0	0	17184	662	0	590	4290	0	15350	0	0	0	3884	0	12966	0	168	0	308	0	4314	2470	5172	1258	4250	1908	8044	998	6400	0	4884	1468	0	0	0	0	288	0	0	0	234	0	0	0	0	0	0	0	0	0	0	0	0	0	0	0	0	0	0	0	0	0	0	0	0	0	0	0	0	0	4428	1600	4862	570	762	0	0	0	0	0	0	0	436	0	0	0	0	0	0	0	0	0	0	0	0	0	0	0	0	0	0	0	0	0	0	0	0	0	0	0	0	0	0	0	0	0	
129224	Frontal_Sup_Orb_R	0	0	318	7870	590	0	0	1378	0	6130	0	0	0	108	298	5248	0	0	0	0	842	4082	166	5080	522	8346	1490	8704	172	892	608	3072	0	0	0	0	0	0	0	0	0	0	0	0	0	0	0	0	0	0	0	0	0	0	0	0	0	0	0	0	0	0	0	0	0	0	0	0	0	0	856	4424	356	2762	96	108	0	0	0	0	0	0	0	94	0	0	0	0	0	0	0	0	0	0	0	0	0	0	0	0	0	0	0	0	0	0	0	0	0	0	0	0	0	0	0	0	
572840	Frontal_Mid_L	20218	448	91030	3142	4290	0	0	838	6148	0	18412	178	39180	252	8282	0	2202	0	13502	2514	178	0	20712	2978	0	0	0	0	20322	130	5272	1104	2944	1226	236	0	1946	0	502	0	0	0	0	0	0	0	0	0	0	0	0	0	0	0	488	0	1030	346	0	0	168	0	0	0	0	0	168	202	988	0	4614	220	3696	168	338	0	2936	0	470	0	478	0	1518	0	114	0	0	0	292	0	0	0	0	0	0	0	0	0	0	0	0	0	0	0	0	0	0	0	0	0	0	0	0	0	0	0	
368080	Frontal_Mid_R	1240	10216	1616	48410	0	1378	838	0	0	2304	970	9296	246	22062	0	4898	326	532	10602	16678	0	128	2040	6522	0	144	0	136	274	2974	1862	5402	2920	10988	0	756	100	728	0	386	0	0	0	0	0	0	0	0	0	0	0	296	0	0	0	0	146	1302	0	0	0	0	0	0	0	130	104	474	0	0	2540	3802	426	3564	0	1210	1080	1586	0	0	0	0	162	132	0	114	0	0	0	0	0	0	0	0	0	0	0	0	0	0	0	0	0	0	0	0	0	0	0	0	0	0	0	0	0	0	
100088	Frontal_Mid_Orb_L	0	0	8802	0	15350	0	6148	0	0	0	0	0	4462	0	10892	0	0	0	0	0	108	0	748	0	0	0	356	0	2572	0	0	0	0	0	0	0	0	0	0	0	0	0	0	0	0	0	0	0	0	0	0	0	0	0	0	0	0	0	0	0	0	0	0	0	0	0	0	0	0	0	0	0	426	0	0	0	0	0	0	0	0	0	180	0	0	0	0	0	0	0	0	0	0	0	0	0	0	0	0	0	0	0	0	0	0	0	0	0	0	0	0	0	0	0	0	0	
37280	Frontal_Mid_Orb_R	0	0	0	994	0	6130	0	2304	0	0	0	0	0	336	0	7208	0	0	0	0	0	0	0	0	0	138	0	270	0	320	0	0	0	0	0	0	0	0	0	0	0	0	0	0	0	0	0	0	0	0	0	0	0	0	0	0	0	0	0	0	0	0	0	0	0	0	0	0	0	0	0	238	0	604	0	0	0	0	0	0	0	0	0	98	0	0	0	0	0	0	0	0	0	0	0	0	0	0	0	0	0	0	0	0	0	0	0	0	0	0	0	0	0	0	0	0	
279312	Frontal_Inf_Oper_L	12780	0	17324	944	0	0	18412	970	0	0	0	1170	15104	1362	494	0	10398	0	8820	734	0	0	4906	682	144	0	132	0	12894	210	5426	1096	1048	438	0	0	598	208	0	166	0	0	0	0	0	0	0	0	0	0	0	0	0	0	252	0	5106	0	0	0	0	0	0	0	0	0	0	0	0	0	5232	690	2978	814	436	312	294	0	414	0	1930	0	4190	0	252	0	0	0	296	0	0	0	0	0	0	0	0	0	0	0	0	0	0	0	0	0	0	0	0	0	0	0	0	0	0	0	
239512	Frontal_Inf_Oper_R	166	6070	618	10304	0	0	178	9296	0	0	1170	0	356	17120	0	974	314	4798	4392	13604	0	0	614	2024	0	0	0	0	256	16962	964	3210	500	4586	0	156	0	1220	0	748	0	0	0	0	0	0	0	0	0	0	0	0	0	0	0	276	0	3944	0	0	0	0	0	0	0	0	0	188	0	0	2640	2840	1626	4360	0	1244	0	598	0	98	0	364	144	834	0	0	0	0	0	0	0	0	0	0	0	0	0	0	0	0	0	0	0	0	0	0	0	0	0	0	0	0	0	0	0	0	
300892	Frontal_Inf_Tri_L	1736	0	25372	422	3884	0	39180	246	4462	0	15104	356	0	484	12962	0	1038	0	1826	182	250	0	4424	346	184	0	184	0	25014	128	3814	476	614	232	0	0	218	140	0	120	0	0	0	0	0	0	0	0	0	0	0	0	0	0	96	0	442	0	0	0	0	0	0	0	0	0	0	0	0	0	2172	214	1674	322	0	130	0	0	130	0	576	0	844	0	230	0	0	0	218	0	0	0	0	0	0	0	0	0	0	0	0	0	0	0	0	0	0	0	0	0	0	0	0	0	0	0	
220532	Frontal_Inf_Tri_R	190	386	986	6390	0	108	252	22062	0	336	1362	17120	484	0	0	3936	338	666	5804	4826	0	0	848	2416	0	152	0	0	304	11622	1550	5506	2034	7074	0	628	0	338	0	214	0	0	0	0	0	0	0	0	0	0	0	0	0	0	0	0	0	286	0	0	0	0	0	0	0	0	0	0	0	0	3706	1614	2614	2796	0	1032	0	0	0	0	0	0	148	138	0	0	0	0	0	0	0	0	0	0	0	0	0	0	0	0	0	0	0	0	0	0	0	0	0	0	0	0	0	0	0	0	
197384	Frontal_Inf_Orb_L	108	0	13848	304	12966	298	8282	0	10892	0	494	0	12962	0	0	0	404	0	1406	204	2384	1062	1138	172	162	264	2500	406	15546	0	882	258	0	0	0	0	642	0	0	0	354	0	0	0	0	0	0	0	0	0	0	0	0	0	0	0	0	0	0	0	0	0	0	0	0	0	0	0	0	0	2276	694	4862	392	214	0	104	0	98	0	0	0	2114	0	0	0	0	0	0	0	0	0	0	0	0	0	0	0	0	0	0	0	0	0	0	0	0	0	0	0	0	0	0	0	0	0	
109448	Frontal_Inf_Orb_R	0	0	150	3388	0	5248	0	4898	0	7208	0	974	0	3936	0	0	0	558	200	682	0	1538	100	172	0	124	0	1082	0	9320	380	1052	776	1136	0	0	0	282	0	0	0	104	0	0	0	0	0	0	0	0	0	0	0	0	0	384	0	0	0	0	0	0	0	0	0	0	0	0	0	0	128	1596	138	3946	0	668	0	0	0	0	0	552	0	3388	0	288	0	0	0	328	0	0	0	0	0	0	0	0	0	0	0	0	0	0	0	0	0	0	0	0	0	0	0	0	0	0	
264388	Rolandic_Oper_L	9660	112	8020	356	168	0	2202	326	0	0	10398	314	1038	338	404	0	0	0	9346	410	0	94	786	170	100	0	166	0	22866	0	1576	348	126	104	0	0	1564	0	0	0	0	0	0	0	0	0	0	0	0	0	442	0	164	0	1308	0	13668	0	248	0	186	0	3010	0	296	0	260	0	138	0	2474	300	5808	226	326	0	642	108	7678	0	13096	0	5728	0	3888	0	0	0	1084	0	124	0	0	0	0	0	0	0	0	0	0	0	0	0	0	0	0	0	0	0	0	0	0	0	0	0	
227984	Rolandic_Oper_R	0	2228	0	4800	0	0	0	532	0	0	0	4798	0	666	0	558	0	0	144	6638	0	0	0	316	0	0	0	0	0	19466	132	594	0	302	0	0	0	10862	92	3660	0	0	0	0	0	94	0	392	0	372	0	788	0	0	0	1984	0	3086	0	0	0	0	0	5806	0	376	0	238	0	1464	154	3426	144	15432	0	5904	0	194	0	4808	0	8738	0	2460	0	584	0	0	0	766	0	0	0	0	0	510	0	484	0	0	0	0	0	0	0	0	0	0	0	0	0	0	0	0	0	0	
756260	Supp_Motor_Area_L	17830	3266	50580	17716	308	0	13502	10602	0	0	8820	4392	1826	5804	1406	200	9346	144	0	46464	0	0	9936	12780	124	0	118	0	12990	1956	13358	8190	13526	31116	1628	814	3320	458	852	322	0	0	116	0	0	0	114	0	0	0	180	0	0	0	1546	114	4822	422	0	0	0	0	0	0	0	0	686	236	9900	1128	15058	2362	22758	1584	2368	750	4030	220	1204	0	1498	0	2116	0	228	0	0	0	334	0	210	0	92	0	0	0	198	0	162	0	0	0	0	0	0	0	0	0	0	0	0	0	0	0	0	0	
901804	Supp_Motor_Area_R	16446	24324	7310	57080	0	0	2514	16678	0	0	734	13604	182	4826	204	682	410	6638	46464	0	0	0	3224	15846	0	130	0	0	1006	12032	4128	10316	10638	52360	3564	3554	556	2036	128	694	0	0	420	1068	256	594	266	474	366	550	690	1136	324	328	962	944	590	5262	0	0	194	152	138	568	0	1190	1388	2408	23066	27832	4412	22776	1410	5402	0	1346	1150	15164	0	702	0	2524	160	244	110	3752	0	0	160	2116	0	0	0	0	0	0	0	0	0	0	0	0	0	0	0	0	0	0	0	0	0	0	0	0	0	0	
115296	Olfactory_L	0	0	2058	758	4314	842	178	0	108	0	0	0	250	0	2384	0	0	0	0	0	0	6602	350	472	528	934	5040	1190	3426	130	3576	1902	0	0	0	0	472	0	124	0	342	0	0	0	0	0	0	0	0	0	0	0	0	0	96	0	0	0	0	0	0	0	0	0	0	0	0	0	0	0	9494	4104	4626	1480	1636	0	0	0	0	0	0	0	232	0	0	0	0	0	0	0	0	0	0	0	0	0	0	0	0	0	0	0	0	0	0	0	0	0	0	0	0	0	0	0	0	0	
142436	Olfactory_R	0	0	1108	2652	2470	4082	0	128	0	0	0	0	0	0	1062	1538	94	0	0	0	6602	0	276	2310	344	3784	3380	6118	634	3192	2346	4934	0	0	0	0	0	204	0	194	0	434	0	0	0	0	0	0	0	0	0	0	0	0	0	0	0	0	0	0	0	0	0	0	0	0	0	0	0	0	7246	8372	3704	2242	1492	0	0	112	0	0	0	0	0	164	0	0	0	0	0	0	0	0	0	0	0	0	0	0	0	0	0	0	0	0	0	0	0	0	0	0	0	0	0	0	0	0	
483596	Frontal_Sup_Medial_L	1130	0	51932	16282	5172	166	20712	2040	748	0	4906	614	4424	848	1138	100	786	0	9936	3224	350	276	0	27080	2024	1158	1060	126	4864	110	34156	18528	6662	10914	0	140	138	0	0	0	0	0	0	0	0	0	0	0	0	0	0	0	0	0	0	0	246	0	0	0	0	0	0	0	0	0	0	0	0	0	2396	568	5478	350	582	0	112	0	120	0	0	0	202	0	0	0	0	0	0	0	0	0	0	0	0	0	0	0	0	0	0	0	0	0	0	0	0	0	0	0	0	0	0	0	0	0	
518620	Frontal_Sup_Medial_R	166	330	12156	49128	1258	5080	2978	6522	0	0	682	2024	346	2416	172	172	170	316	12780	15846	472	2310	27080	0	2022	9442	818	3042	648	410	18420	33428	3766	19524	374	714	0	0	0	0	0	0	0	0	0	0	0	0	0	0	0	0	0	0	0	0	0	224	0	0	0	0	0	0	0	0	144	0	0	0	1042	10358	820	8238	114	1880	0	1478	0	0	0	0	0	0	0	0	0	0	0	0	0	0	0	0	0	0	0	0	0	0	0	0	0	0	0	0	0	0	0	0	0	0	0	0	0	0	
67624	Frontal_Med_Orb_L	0	0	1860	732	4250	522	0	0	0	0	144	0	184	0	162	0	100	0	124	0	528	344	2024	2022	0	4118	4220	762	562	0	6488	1798	0	0	0	0	0	0	0	0	0	0	0	0	0	0	0	0	0	0	0	0	0	0	0	0	0	0	0	0	0	0	0	0	0	0	0	0	0	0	628	628	1024	318	270	0	0	0	0	0	0	0	0	0	0	0	0	0	0	0	0	0	0	0	0	0	0	0	0	0	0	0	0	0	0	0	0	0	0	0	0	0	0	0	0	0	
140476	Frontal_Med_Orb_R	0	0	822	7500	1908	8346	0	144	0	138	0	0	0	152	264	124	0	0	0	130	934	3784	1158	9442	4118	0	2352	7154	250	0	4684	7030	0	176	0	0	0	0	0	0	0	0	0	0	0	0	0	0	0	0	0	0	0	0	0	0	0	0	0	0	0	0	0	0	0	0	0	0	0	0	906	4838	528	3034	126	196	0	0	0	0	0	0	0	0	0	0	0	0	0	0	0	0	0	0	0	0	0	0	0	0	0	0	0	0	0	0	0	0	0	0	0	0	0	0	0	0	
116476	Rectus_L	0	0	3046	1002	8044	1490	0	0	356	0	132	0	184	0	2500	0	166	0	118	0	5040	3380	1060	818	4220	2352	0	2508	1432	102	5566	1584	0	0	0	0	0	0	0	0	0	0	0	0	0	0	0	0	0	0	0	0	0	0	0	0	0	0	0	0	0	0	0	0	0	0	0	0	0	0	6298	2282	3554	584	328	0	0	0	0	0	0	0	92	0	0	0	0	0	0	0	0	0	0	0	0	0	0	0	0	0	0	0	0	0	0	0	0	0	0	0	0	0	0	0	0	0	
95624	Rectus_R	0	0	402	3676	998	8704	0	136	0	270	0	0	0	0	406	1082	0	0	0	0	1190	6118	126	3042	762	7154	2508	0	230	1336	520	2858	0	0	0	0	0	0	0	0	0	0	0	0	0	0	0	0	0	0	0	0	0	0	0	0	0	0	0	0	0	0	0	0	0	0	0	0	0	0	1142	3660	432	1060	0	0	0	0	0	0	0	0	0	0	0	0	0	0	0	0	0	0	0	0	0	0	0	0	0	0	0	0	0	0	0	0	0	0	0	0	0	0	0	0	0	0	
602164	Insula_L	8204	272	31932	992	6400	172	20322	274	2572	0	12894	256	25014	304	15546	0	22866	0	12990	1006	3426	634	4864	648	562	250	1432	230	0	120	5206	1000	654	444	0	0	14966	0	1636	0	3040	0	0	0	0	0	0	0	732	0	554	0	380	0	9134	0	6078	96	364	0	202	0	490	0	268	0	716	0	244	0	3622	932	26880	826	898	0	2894	198	8796	0	11776	0	9104	0	5012	0	308	0	6758	0	912	0	222	0	0	0	808	0	658	0	0	0	92	0	0	0	0	0	0	0	0	0	0	0	0	0	
452788	Insula_R	0	3630	398	9288	0	892	130	2974	0	320	210	16962	128	11622	0	9320	0	19466	1956	12032	130	3192	110	410	0	0	102	1336	120	0	326	1292	446	1734	94	312	132	21016	126	9070	0	4320	0	232	0	0	0	1236	0	240	0	452	0	416	0	8078	0	2856	0	0	0	0	0	3390	0	230	0	342	0	1780	2564	4262	1886	25330	0	4186	0	484	0	4536	0	11570	0	8238	0	3632	0	0	0	5480	0	202	0	0	0	164	0	340	0	256	0	0	0	0	0	0	0	0	0	0	0	228	188	0	0	0	
539064	Cingulum_Ant_L	1164	152	27874	15546	4884	608	5272	1862	0	0	5426	964	3814	1550	882	380	1576	132	13358	4128	3576	2346	34156	18420	6488	4684	5566	520	5206	326	0	37480	13952	14080	1312	124	238	0	0	0	0	0	0	0	0	0	0	0	0	0	0	0	0	0	0	0	342	218	0	0	0	0	0	0	0	0	608	0	150	0	9104	4472	10802	2740	1220	634	200	146	242	0	192	0	416	0	0	0	0	0	0	0	0	0	0	0	0	0	0	0	0	0	0	0	0	0	0	0	0	0	0	0	0	0	0	0	0	0	
573092	Cingulum_Ant_R	238	800	11590	36278	1468	3072	1104	5402	0	0	1096	3210	476	5506	258	1052	348	594	8190	10316	1902	4934	18528	33428	1798	7030	1584	2858	1000	1292	37480	0	9480	24004	162	1786	130	0	0	0	0	0	0	0	0	0	0	0	0	0	0	0	0	0	0	0	0	574	0	0	0	0	0	0	0	0	0	0	0	0	4244	20848	2558	12754	440	3464	102	3168	0	0	0	0	0	0	0	0	0	0	0	0	0	0	0	0	0	0	0	0	0	0	0	0	0	0	0	0	0	0	0	0	0	0	0	0	0	0	
320028	Cingulum_Mid_L	628	412	9356	5022	0	0	2944	2920	0	0	1048	500	614	2034	0	776	126	0	13526	10638	0	0	6662	3766	0	0	0	0	654	446	13952	9480	0	32596	7026	4618	0	0	0	0	0	0	2472	630	2212	800	1608	156	1414	496	730	0	104	0	462	0	208	280	618	0	112	0	0	0	0	0	7176	1886	5708	1394	96	704	98	558	0	172	0	0	0	0	0	0	0	0	176	0	0	0	0	0	0	0	0	0	0	0	0	0	0	0	0	0	0	0	0	0	0	0	0	0	0	0	0	0	0	0	
684868	Cingulum_Mid_R	6750	2488	8206	20288	0	0	1226	10988	0	0	438	4586	232	7074	0	1136	104	302	31116	52360	0	0	10914	19524	0	176	0	0	444	1734	14080	24004	32596	0	6864	10294	0	262	0	0	0	0	568	3054	428	3504	296	946	314	2738	512	1568	226	360	380	336	0	3298	0	574	0	0	0	146	0	426	3114	9750	12886	16826	326	3862	266	1530	0	452	0	960	0	0	0	1034	0	0	0	2634	0	0	0	934	0	0	0	0	0	0	0	0	0	0	0	0	0	0	0	0	0	0	0	0	0	0	0	0	0	0	
169364	Cingulum_Post_L	376	0	438	0	0	0	236	0	0	0	0	0	0	0	0	0	0	0	1628	3564	0	0	0	374	0	0	0	0	0	94	1312	162	7026	6864	0	11226	2206	3322	1570	1052	0	0	3668	742	1918	244	2950	464	1258	94	1792	0	578	374	3892	1950	0	428	334	0	0	0	0	0	0	0	9402	2690	3444	2776	0	0	0	0	0	0	0	896	0	0	0	0	0	0	292	204	0	0	184	1298	330	0	0	0	0	0	320	0	392	0	0	0	152	0	0	0	0	0	0	0	166	0	0	0	0	0	
187036	Cingulum_Post_R	200	0	0	524	0	0	0	756	0	0	0	156	0	628	0	0	0	0	814	3554	0	0	140	714	0	0	0	0	0	312	124	1786	4618	10294	11226	0	1780	4444	1138	1850	0	0	1286	4706	770	1458	416	2640	194	1458	206	702	134	706	2148	3990	0	632	0	0	0	0	0	0	0	0	4118	10624	1086	3748	0	0	0	0	0	0	0	1000	0	0	0	0	0	0	0	1668	0	0	0	3230	146	0	0	0	0	0	0	266	152	0	0	0	100	0	0	0	0	0	0	0	876	0	0	0	0	0	
309064	Hippocampus_L	4824	1134	1638	1092	288	0	1946	100	0	0	598	0	218	0	642	0	1564	0	3320	556	472	0	138	0	0	0	0	0	14966	132	238	130	0	0	2206	1780	0	2202	17756	1136	7920	0	508	0	0	0	2452	184	0	0	158	0	226	0	20114	838	952	92	0	0	0	0	142	0	0	0	664	126	754	0	388	126	12000	216	546	0	7174	2104	2992	0	4422	0	1796	0	2412	0	340	0	9514	0	4116	0	1908	0	0	0	5084	0	4354	0	190	0	528	0	0	0	0	0	0	116	0	0	0	0	0	0	
433844	Hippocampus_R	450	2872	0	1368	0	0	0	728	0	0	208	1220	140	338	0	282	0	10862	458	2036	0	204	0	0	0	0	0	0	0	21016	0	0	0	262	3322	4444	2202	0	1620	40776	0	13304	366	814	0	0	356	5944	0	0	0	222	0	1042	1588	32770	386	1816	0	0	0	0	0	2184	0	150	350	2696	302	630	630	144	360	19472	0	3710	0	3676	0	3130	0	5798	0	3526	0	2478	0	530	0	6410	214	566	0	0	0	868	0	3070	216	736	0	0	134	0	0	0	0	0	0	0	792	402	332	0	0	0	
194732	ParaHippocampal_L	1408	548	332	426	0	0	502	0	0	0	0	0	0	0	0	0	0	92	852	128	124	0	0	0	0	0	0	0	1636	126	0	0	0	0	1570	1138	17756	1620	0	928	2126	0	358	0	0	0	3532	234	0	0	0	0	0	0	18132	722	130	0	0	0	0	0	0	0	0	0	476	110	106	0	0	0	3416	142	0	0	1806	1524	0	0	256	0	2068	0	0	0	1624	0	2434	0	7576	0	3178	0	464	0	8842	0	7982	0	200	0	612	0	0	0	0	0	0	130	0	0	0	0	0	0	
309432	ParaHippocampal_R	0	354	0	648	0	0	0	386	0	0	166	748	120	214	0	0	0	3660	322	694	0	194	0	0	0	0	0	0	0	9070	0	0	0	0	1052	1850	1136	40776	928	0	0	8968	132	1342	0	0	0	7750	0	0	0	206	0	668	364	28560	0	304	0	0	0	0	0	138	0	114	126	2710	0	0	494	0	266	11774	0	2488	0	2374	0	1912	0	3090	0	3412	0	1560	0	784	0	3352	222	718	0	162	0	1064	0	4536	226	970	0	0	122	92	0	0	0	0	0	136	788	296	178	0	0	0	
44984	Amygdala_L	0	0	142	0	234	0	0	0	0	0	0	0	0	0	354	0	0	0	0	0	342	0	0	0	0	0	0	0	3040	0	0	0	0	0	0	0	7920	0	2126	0	0	0	0	0	0	0	0	0	0	0	0	0	0	0	3330	0	0	0	0	0	0	0	0	0	0	0	0	0	0	0	0	0	1084	0	0	0	134	0	0	0	0	0	1472	0	0	0	406	0	1544	0	0	0	0	0	0	0	202	0	162	0	0	0	0	0	0	0	0	0	0	0	0	0	0	0	0	0	
84240	Amygdala_R	0	0	0	0	0	0	0	0	0	0	0	0	0	0	0	104	0	0	0	0	0	434	0	0	0	0	0	0	0	4320	0	0	0	0	0	0	0	13304	0	8968	0	0	0	0	0	0	0	0	0	0	0	0	0	0	0	6074	0	0	0	0	0	0	0	0	0	0	0	0	0	0	0	0	0	2998	0	0	0	0	0	0	0	170	0	3516	0	228	0	610	0	1394	0	0	0	0	0	0	0	0	0	0	0	0	0	0	0	0	0	0	0	0	0	0	0	0	0	0	
338300	Calcarine_L	948	0	0	0	0	0	0	0	0	0	0	0	0	0	0	0	0	0	116	420	0	0	0	0	0	0	0	0	0	0	0	0	2472	568	3668	1286	508	366	358	132	0	0	0	6702	19156	5278	21672	2140	16992	1996	28110	512	6588	198	8006	548	1752	210	1034	0	1072	0	300	0	776	0	17740	2036	5536	422	0	0	0	0	0	0	0	0	0	0	246	0	0	0	3346	336	0	0	1040	270	938	616	0	532	0	0	218	0	236	248	0	0	0	0	0	0	0	0	0	0	180	774	552	0	0	0	
369568	Calcarine_R	0	270	0	0	0	0	0	0	0	0	0	0	0	0	0	0	0	0	0	1068	0	0	0	0	0	0	0	0	0	232	0	0	630	3054	742	4706	0	814	0	1342	0	0	6702	0	4144	28032	1740	25890	234	20254	0	13180	0	7742	0	7338	0	2878	0	508	0	0	0	0	0	132	1950	33234	196	3440	0	0	0	0	0	0	0	0	0	0	0	164	0	0	0	7854	0	0	0	4908	0	116	0	0	0	0	0	552	0	284	0	0	0	0	0	0	0	0	0	0	136	212	106	0	0	0	
254768	Cuneus_L	140	0	0	0	0	0	0	0	0	0	0	0	0	0	0	0	0	0	0	256	0	0	0	0	0	0	0	0	0	0	0	0	2212	428	1918	770	0	0	0	0	0	0	19156	4144	0	8054	4952	424	25214	3008	15716	1278	2162	0	2958	122	296	0	5870	0	884	0	0	0	288	0	18886	3558	2856	214	0	0	0	0	0	0	0	0	0	0	0	0	0	0	982	442	0	0	196	0	0	0	0	0	0	0	0	0	0	0	0	0	0	0	0	0	0	0	0	0	0	0	0	0	0	0	
298584	Cuneus_R	0	176	0	0	0	0	0	0	0	0	0	0	0	0	0	0	0	94	0	594	0	0	0	0	0	0	0	0	0	0	0	0	800	3504	244	1458	0	0	0	0	0	0	5278	28032	8054	0	1264	9260	992	31328	394	13380	0	2198	0	882	0	1758	396	3768	0	0	0	0	102	0	5484	24046	144	1610	0	0	0	0	0	0	0	0	0	0	0	102	0	0	0	3072	0	0	0	878	0	0	0	0	0	0	0	0	0	0	0	0	0	0	0	0	0	0	0	0	0	0	0	0	0	0	
370064	Lingual_L	244	150	0	98	0	0	0	0	0	0	0	0	0	0	0	0	0	0	114	266	0	0	0	0	0	0	0	0	0	0	0	0	1608	296	2950	416	2452	356	3532	0	0	0	21672	1740	4952	1264	0	3026	3692	846	11444	0	8318	178	28874	680	148	126	306	0	268	0	0	0	164	0	13600	418	2628	170	0	0	0	0	0	0	560	348	0	0	0	0	0	0	782	0	0	0	268	106	17332	2046	1488	1620	0	180	9458	1068	20280	3008	0	0	158	0	0	0	0	0	0	0	2322	4686	2326	0	0	0	
460420	Lingual_R	0	242	0	148	0	0	0	0	0	0	0	0	0	0	0	0	0	392	0	474	0	0	0	0	0	0	0	0	0	1236	0	0	156	946	464	2640	184	5944	234	7750	0	0	2140	25890	424	9260	3026	0	0	7824	0	7812	0	9864	554	30614	0	790	0	180	0	0	0	0	0	108	378	16320	0	1066	0	0	0	728	0	134	0	978	0	428	0	624	0	0	0	3332	0	0	0	3680	5520	8400	2822	2560	616	486	4230	11316	5656	18496	0	0	158	260	0	0	0	0	0	200	7072	10376	4864	0	102	112	
270488	Occipital_Sup_L	762	0	0	0	0	0	0	0	0	0	0	0	0	0	0	0	0	0	0	366	0	0	0	0	0	0	0	0	732	0	0	0	1414	314	1258	194	0	0	0	0	0	0	16992	234	25214	992	3692	0	0	188	32964	0	3216	0	1156	0	1202	100	13874	0	2416	0	294	0	1932	0	18512	1278	2206	342	0	0	0	0	0	0	0	0	0	0	194	0	0	0	2336	0	0	0	764	106	0	0	0	0	0	0	0	0	0	0	0	0	0	0	0	0	0	0	0	0	0	0	0	0	0	0	
288956	Occipital_Sup_R	0	384	0	0	0	0	0	0	0	0	0	0	0	0	0	0	0	372	0	550	0	0	0	0	0	0	0	0	0	240	0	0	496	2738	94	1458	0	0	0	0	0	0	1996	20254	3008	31328	846	7824	188	0	224	25002	0	2192	0	1014	0	2628	216	8094	0	1110	0	452	140	5852	2446	16746	0	2504	0	0	0	0	0	0	0	0	0	0	0	424	0	0	0	2734	0	0	0	924	0	0	0	0	0	0	0	0	0	0	0	0	0	0	0	0	0	0	0	0	0	0	0	0	0	0	
504116	Occipital_Mid_L	4228	0	0	0	0	0	0	0	0	0	0	0	0	0	0	0	442	0	180	690	0	0	0	0	0	0	0	0	554	0	0	0	730	512	1792	206	158	0	0	0	0	0	28110	0	15716	394	11444	0	32964	224	0	112	18166	0	8326	176	5322	144	22616	0	17768	0	1304	0	20934	0	25516	458	6938	664	0	0	174	0	0	0	0	0	0	0	1360	0	0	0	19992	0	0	0	2976	236	214	0	0	0	0	0	0	0	318	0	0	0	0	0	0	0	0	0	0	0	0	0	0	0	0	0	
286196	Occipital_Mid_R	0	1068	0	250	0	0	0	296	0	0	0	0	0	0	0	0	0	788	0	1136	0	0	0	0	0	0	0	0	0	452	0	0	0	1568	0	702	0	222	0	206	0	0	512	13180	1278	13380	0	7812	0	25002	112	0	0	6480	0	4982	0	3260	114	4482	0	4210	0	2616	0	17840	814	9082	0	2336	0	0	0	0	0	0	0	0	0	108	0	1916	0	0	0	12530	0	0	0	3188	0	102	0	112	0	0	0	0	96	410	0	0	0	0	0	0	0	0	0	0	0	296	160	0	0	0	
149212	Occipital_Inf_L	742	0	0	0	0	0	0	0	0	0	0	0	0	0	0	0	164	0	0	324	0	0	0	0	0	0	0	0	380	0	0	0	104	226	578	134	226	0	0	0	0	0	6588	0	2162	0	8318	0	3216	0	18166	0	0	0	11236	160	302	92	248	0	1282	0	1264	0	734	0	2200	0	1268	322	0	0	0	0	0	0	0	0	144	0	864	0	0	0	5980	0	0	0	5866	220	314	0	0	0	0	0	0	0	658	0	0	0	0	0	0	0	0	0	0	0	0	124	0	0	0	0	
141820	Occipital_Inf_R	0	208	0	0	0	0	0	0	0	0	0	0	0	0	0	0	0	0	0	328	0	0	0	0	0	0	0	0	0	416	0	0	0	360	374	706	0	1042	0	668	0	0	198	7742	0	2198	178	9864	0	2192	0	6480	0	0	362	11570	0	838	0	92	0	0	0	0	0	160	300	4344	104	1572	0	0	0	0	0	0	0	0	0	104	0	204	0	0	0	1376	0	0	0	6594	534	630	248	304	170	0	668	1396	654	2602	0	0	0	0	0	0	0	0	0	0	1086	1458	586	0	0	0	
613140	Fusiform_L	2416	576	288	434	0	0	488	0	0	0	252	0	96	0	0	0	1308	0	1546	962	96	0	0	0	0	0	0	0	9134	0	0	0	462	380	3892	2148	20114	1588	18132	364	3330	0	8006	0	2958	0	28874	554	1156	0	8326	0	11236	362	0	1148	630	166	472	0	830	0	374	0	1048	0	4536	0	1942	872	204	0	5814	0	0	0	624	638	1214	0	5734	0	3856	0	5078	0	2982	0	22714	718	41076	0	9552	0	0	0	19548	190	39304	592	638	0	1896	0	0	0	0	0	0	0	1120	1334	248	0	0	0	
580976	Fusiform_R	96	762	0	198	0	0	0	0	0	0	0	276	0	0	0	384	0	1984	114	944	0	0	0	0	0	0	0	0	0	8078	0	0	0	336	1950	3990	838	32770	722	28560	0	6074	548	7338	122	882	680	30614	0	1014	176	4982	160	11570	1148	0	0	512	0	0	0	0	0	348	0	262	276	4868	310	790	148	0	0	5138	0	700	0	944	0	1840	0	4316	0	7512	0	4512	0	3434	0	21122	2956	18352	1444	1820	468	514	2822	12474	3176	25978	0	0	206	1660	0	284	0	0	0	0	4880	5954	2806	134	122	96	
250788	Postcentral_L	27050	676	4136	242	0	0	1030	146	0	0	5106	0	442	0	0	0	13668	0	4822	590	0	0	246	0	0	0	0	0	6078	0	342	0	208	0	0	0	952	386	130	0	0	0	1752	0	296	0	148	0	1202	0	5322	0	302	0	630	0	0	0	4958	0	18050	0	6148	0	940	0	3454	0	3306	246	832	0	2242	0	256	0	426	0	2672	0	4128	0	112	0	1232	0	0	0	490	0	0	0	0	0	0	0	0	0	0	0	0	0	0	0	0	0	0	0	0	0	0	0	0	0	0	0	
239996	Postcentral_R	348	19834	478	1842	0	0	346	1302	0	0	0	3944	0	286	0	0	0	3086	422	5262	0	0	0	224	0	0	0	0	96	2856	218	574	280	3298	428	632	92	1816	0	304	0	0	210	2878	0	1758	126	790	100	2628	144	3260	92	838	166	512	0	0	0	5700	0	5812	0	9658	0	2154	1088	9742	676	11924	590	1044	0	2648	0	584	0	310	0	194	0	972	0	106	0	4108	0	0	0	1218	0	0	0	0	0	0	0	0	0	0	0	0	0	0	0	0	0	0	0	0	0	0	0	0	0	0	
210604	Parietal_Sup_L	1038	0	0	0	0	0	0	0	0	0	0	0	0	0	0	0	248	0	0	0	0	0	0	0	0	0	0	0	364	0	0	0	618	0	334	0	0	0	0	0	0	0	1034	0	5870	396	306	0	13874	216	22616	114	248	0	472	0	4958	0	0	0	12854	0	326	0	6996	0	26890	1520	1498	0	0	0	106	0	0	0	0	0	0	0	280	0	0	0	1728	0	0	0	398	0	0	0	0	0	0	0	0	0	0	0	0	0	0	0	0	0	0	0	0	0	0	0	0	0	0	0	
86820	Parietal_Sup_R	0	550	0	0	0	0	0	0	0	0	0	0	0	0	0	0	0	0	0	0	0	0	0	0	0	0	0	0	0	0	0	0	0	574	0	0	0	0	0	0	0	0	0	508	0	3768	0	180	0	8094	0	4482	0	92	0	0	0	5700	0	0	0	5524	0	104	0	5454	836	6496	0	910	0	0	0	0	0	0	0	0	0	0	0	0	0	0	0	138	0	0	0	0	0	0	0	0	0	0	0	0	0	0	0	0	0	0	0	0	0	0	0	0	0	0	0	0	0	0	
224840	Parietal_Inf_L	2620	178	0	0	0	0	168	0	0	0	0	0	0	0	0	0	186	0	0	194	0	0	0	0	0	0	0	0	202	0	0	0	112	0	0	0	0	0	0	0	0	0	1072	0	884	0	268	0	2416	0	17768	0	1282	0	830	0	18050	0	12854	0	0	0	11702	0	22682	0	6070	116	1132	154	92	0	0	0	0	0	0	0	0	0	1186	0	0	0	6732	0	0	0	3470	0	0	0	0	0	0	0	0	0	0	0	0	0	0	0	0	0	0	0	0	0	0	0	0	0	0	0	
91260	Parietal_Inf_R	0	864	0	0	0	0	0	0	0	0	0	0	0	0	0	0	0	0	0	152	0	0	0	0	0	0	0	0	0	0	0	0	0	0	0	0	0	0	0	0	0	0	0	0	0	0	0	0	0	1110	0	4210	0	0	0	0	0	5812	0	5524	0	0	0	4760	0	15334	0	332	0	120	0	0	0	0	0	0	0	0	0	0	0	2264	0	0	0	3688	0	0	0	1460	0	0	0	0	0	0	0	0	0	0	0	0	0	0	0	0	0	0	0	0	0	0	0	0	0	0	
117100	SupraMarginal_L	882	138	0	0	0	0	0	0	0	0	0	0	0	0	0	0	3010	0	0	138	0	0	0	0	0	0	0	0	490	0	0	0	0	0	0	0	142	0	0	0	0	0	300	0	0	0	0	0	294	0	1304	0	1264	0	374	0	6148	0	326	0	11702	0	0	0	8418	0	366	0	118	94	0	0	114	0	0	0	0	0	252	0	8226	0	0	0	10856	0	0	0	3594	0	0	0	0	0	0	0	0	0	0	0	0	0	0	0	0	0	0	0	0	0	0	0	0	0	0	0	
103000	SupraMarginal_R	0	2358	0	0	0	0	0	0	0	0	0	0	0	0	0	0	0	5806	0	568	0	0	0	0	0	0	0	0	0	3390	0	0	0	146	0	0	0	2184	0	138	0	0	0	0	0	0	0	0	0	452	0	2616	0	0	0	348	0	9658	0	104	0	4760	0	0	0	6154	0	322	0	530	0	0	0	522	0	204	0	102	0	296	0	7756	0	0	0	1918	0	0	0	1168	0	0	0	0	0	0	0	0	0	0	0	0	0	0	0	0	0	0	0	0	0	0	0	0	0	0	
175984	Angular_L	476	0	0	0	0	0	0	0	0	0	0	0	0	0	0	0	296	0	0	0	0	0	0	0	0	0	0	0	268	0	0	0	0	0	0	0	0	0	0	0	0	0	776	0	288	102	164	0	1932	140	20934	0	734	0	1048	0	940	0	6996	0	22682	0	8418	0	0	0	4936	218	170	0	0	0	0	0	0	0	0	0	0	0	3646	0	0	0	10698	0	0	0	2130	0	0	0	0	0	0	0	0	0	0	0	0	0	0	0	0	0	0	0	0	0	0	0	0	0	0	0	
168860	Angular_R	0	826	0	94	0	0	0	130	0	0	0	0	0	0	0	0	0	376	0	1190	0	0	0	0	0	0	0	0	0	230	0	0	0	426	0	0	0	150	0	114	0	0	0	132	0	0	0	108	0	5852	0	17840	0	160	0	262	0	2154	0	5454	0	15334	0	6154	0	0	0	424	0	1214	0	0	0	0	0	0	0	0	0	94	0	8138	0	0	0	13496	0	0	0	4078	0	0	0	0	0	0	0	0	0	0	0	0	0	0	0	0	0	0	0	0	0	0	0	0	0	0	
430560	Precuneus_L	1378	304	230	0	0	0	168	104	0	0	0	0	0	0	0	0	260	0	686	1388	0	0	0	144	0	0	0	0	716	0	608	0	7176	3114	9402	4118	664	350	476	126	0	0	17740	1950	18886	5484	13600	378	18512	2446	25516	814	2200	300	4536	276	3454	1088	26890	836	6070	0	366	0	4936	0	0	14200	6868	1146	110	0	112	0	0	0	0	110	0	0	324	0	0	0	2394	180	0	0	574	250	230	0	0	0	0	0	624	0	286	0	0	0	0	0	0	0	0	0	0	0	182	0	0	0	0	0	
426048	Precuneus_R	116	1718	260	212	0	0	202	474	0	0	0	188	0	0	0	0	0	238	236	2408	0	0	0	0	0	0	0	0	0	342	0	0	1886	9750	2690	10624	126	2696	110	2710	0	0	2036	33234	3558	24046	418	16320	1278	16746	458	9082	0	4344	0	4868	0	9742	1520	6496	116	332	0	322	218	424	14200	0	716	9796	288	0	0	0	0	0	0	486	0	0	0	322	0	0	0	7304	0	0	0	4640	0	0	0	0	0	0	0	1366	0	124	0	0	0	0	0	0	0	0	0	0	1238	0	0	0	0	0	
329248	Paracentral_Lobule_L	31388	6920	1804	3082	0	0	988	0	0	0	0	0	0	0	0	0	138	0	9900	23066	0	0	0	0	0	0	0	0	244	0	150	0	5708	12886	3444	1086	754	302	106	0	0	0	5536	196	2856	144	2628	0	2206	0	6938	0	1268	104	1942	310	3306	676	1498	0	1132	0	118	0	170	0	6868	716	0	10980	278	578	396	0	124	0	7304	788	0	0	264	0	0	0	2382	0	0	0	648	304	0	0	0	0	0	0	0	0	0	0	0	0	0	0	0	0	0	0	0	0	0	0	0	0	0	0	
280088	Paracentral_Lobule_R	6152	10544	0	130	0	0	0	0	0	0	0	0	0	0	0	0	0	1464	1128	27832	0	0	0	0	0	0	0	0	0	1780	0	0	1394	16826	2776	3748	0	630	0	0	0	0	422	3440	214	1610	170	1066	342	2504	664	2336	322	1572	872	790	246	11924	0	910	154	120	94	530	0	1214	1146	9796	10980	0	0	116	0	248	0	184	0	0	0	252	0	2514	0	0	0	6452	0	0	116	2320	0	0	0	0	0	0	0	0	0	0	0	0	0	0	0	0	0	0	0	0	0	0	0	0	0	0	
344944	Caudate_L	5208	430	7060	5626	4428	856	4614	2540	0	0	5232	2640	2172	3706	2276	128	2474	154	15058	4412	9494	7246	2396	1042	628	906	6298	1142	3622	2564	9104	4244	96	326	0	0	388	630	0	494	0	0	0	0	0	0	0	0	0	0	0	0	0	0	204	148	832	590	0	0	92	0	0	0	0	0	110	288	278	0	0	8552	24254	3630	5370	948	6354	102	392	0	162	0	376	0	0	0	0	0	156	0	0	0	0	0	0	0	0	0	0	0	0	0	0	0	0	0	0	0	0	0	0	0	0	0	0	0	
438388	Caudate_R	1110	5910	1486	30114	1600	4424	220	3802	0	238	690	2840	214	1614	694	1596	300	3426	2362	22776	4104	8372	568	10358	628	4838	2282	3660	932	4262	4472	20848	704	3862	0	0	126	144	0	0	0	0	0	0	0	0	0	0	0	0	0	0	0	0	0	0	0	1044	0	0	0	0	0	0	0	0	0	0	578	116	8552	0	3946	23236	1256	6880	368	16422	0	560	0	492	0	168	0	0	0	0	0	0	0	0	0	0	0	0	0	0	0	0	0	0	0	0	0	0	0	0	0	0	0	0	0	0	0	0	
440044	Putamen_L	4642	690	16208	1966	4862	356	3696	426	426	0	2978	1626	1674	2614	4862	138	5808	144	22758	1410	4626	3704	5478	820	1024	528	3554	432	26880	1886	10802	2558	98	266	0	0	12000	360	3416	266	1084	0	0	0	0	0	0	0	0	0	174	0	0	0	5814	0	2242	0	106	0	0	0	114	0	0	0	112	0	396	0	24254	3946	0	3372	10080	546	1508	0	1640	0	866	0	1300	0	216	0	0	0	1736	0	1440	0	600	0	0	0	1350	0	1144	0	0	0	0	0	0	0	0	0	0	0	0	0	0	0	0	0	
454180	Putamen_R	114	3022	1094	15316	570	2762	168	3564	0	604	814	4360	322	2796	392	3946	226	15432	1584	5402	1480	2242	350	8238	318	3034	584	1060	826	25330	2740	12754	558	1530	0	0	216	19472	142	11774	0	2998	0	0	0	0	0	728	0	0	0	0	0	0	0	5138	0	2648	0	0	0	0	0	522	0	0	0	0	0	248	3630	23236	3372	0	1026	16594	100	1672	0	1626	0	2170	0	2854	0	736	0	0	0	1060	0	0	0	0	0	730	0	866	0	0	0	0	0	0	0	0	0	0	0	0	0	0	0	0	0	0	
70180	Pallidum_L	934	118	2152	276	762	96	338	0	0	0	436	0	0	0	214	0	326	0	2368	0	1636	1492	582	114	270	126	328	0	898	0	1220	440	0	0	0	0	546	0	0	0	0	0	0	0	0	0	0	0	0	0	0	0	0	0	0	0	256	0	0	0	0	0	0	0	0	0	0	0	124	0	5370	1256	10080	1026	0	0	1306	0	0	0	0	0	0	0	0	0	0	0	0	0	0	0	0	0	0	0	0	0	0	0	0	0	0	0	0	0	0	0	0	0	0	0	0	0	0	0	
130100	Pallidum_R	0	602	128	3916	0	108	0	1210	0	0	312	1244	130	1032	0	668	0	5904	750	1346	0	0	0	1880	0	196	0	0	0	4186	634	3464	172	452	0	0	0	3710	0	2488	0	0	0	0	0	0	0	134	0	0	0	0	0	0	0	700	0	584	0	0	0	0	0	204	0	0	0	0	0	184	948	6880	546	16594	0	0	0	296	0	764	0	848	0	752	0	0	0	0	0	0	0	0	0	0	0	606	0	478	0	0	0	0	0	0	0	0	0	0	0	0	0	0	0	0	0	0	
130448	Thalamus_L	13000	1766	1086	2498	0	0	2936	1080	0	0	294	0	0	0	104	0	642	0	4030	1150	0	0	112	0	0	0	0	0	2894	0	200	102	0	0	0	0	7174	0	1806	0	134	0	0	0	0	0	560	0	0	0	0	0	0	0	624	0	426	0	0	0	0	0	0	0	0	0	0	0	7304	0	6354	368	1508	100	1306	0	0	2054	1490	0	790	0	0	0	680	0	0	0	652	0	0	0	0	0	0	0	0	0	0	0	0	0	0	0	0	0	0	0	0	0	0	0	0	0	0	0	
192100	Thalamus_R	1604	12558	0	19640	0	0	0	1586	0	0	0	598	0	0	0	0	108	194	220	15164	0	112	0	1478	0	0	0	0	198	484	146	3168	0	960	896	1000	2104	3676	1524	2374	0	0	0	0	0	0	348	978	0	0	0	0	0	0	638	944	0	310	0	0	0	0	0	102	0	0	110	486	788	0	102	16422	0	1672	0	296	2054	0	0	0	0	0	0	0	0	0	0	0	0	0	152	0	0	0	0	0	0	402	152	0	0	0	106	0	0	0	0	0	0	0	196	0	0	0	0	0	
100388	Heschl_L	2572	0	1160	100	0	0	470	0	0	0	414	0	130	0	98	0	7678	0	1204	0	0	0	120	0	0	0	0	0	8796	0	242	0	0	0	0	0	2992	0	0	0	0	0	0	0	0	0	0	0	0	0	0	0	144	0	1214	0	2672	0	0	0	0	0	252	0	0	0	0	0	0	0	392	0	1640	0	0	0	1490	0	0	0	8604	0	504	0	5142	0	0	0	2068	0	96	0	0	0	0	0	0	0	0	0	0	0	0	0	0	0	0	0	0	0	0	0	0	0	0	0	
60740	Heschl_R	0	262	0	300	0	0	0	0	0	0	0	98	0	0	0	0	0	4808	0	702	0	0	0	0	0	0	0	0	0	4536	0	0	0	0	0	0	0	3130	0	1912	0	0	0	0	0	0	0	428	0	0	0	108	0	104	0	1840	0	194	0	0	0	0	0	296	0	94	0	0	0	252	0	560	0	1626	0	764	0	0	0	0	0	5638	0	364	0	1172	0	0	0	286	0	138	0	0	0	156	0	150	0	158	0	0	0	0	0	0	0	0	0	0	0	156	138	0	0	0	
287932	Temporal_Sup_L	1718	0	1158	0	0	0	478	0	0	0	1930	0	576	0	0	0	13096	0	1498	0	0	0	0	0	0	0	0	0	11776	0	192	0	0	0	0	0	4422	0	256	0	0	0	246	0	0	0	0	0	194	0	1360	0	864	0	5734	0	4128	0	280	0	1186	0	8226	0	3646	0	324	0	264	0	162	0	866	0	0	0	790	0	8604	0	0	0	9484	0	38328	0	1184	0	16834	0	2150	0	296	0	0	0	716	0	860	0	0	0	140	0	0	0	0	0	0	0	0	0	0	0	0	0	
212368	Temporal_Sup_R	0	1004	0	96	0	0	0	0	0	0	0	364	0	0	0	552	0	8738	0	2524	0	0	0	0	0	0	0	0	0	11570	0	0	0	1034	0	0	0	5798	0	3090	0	170	0	164	0	102	0	624	0	424	0	1916	0	204	0	4316	0	972	0	0	0	2264	0	7756	0	8138	0	322	0	2514	0	492	0	2170	0	848	0	0	0	5638	0	0	0	6500	0	17236	0	510	0	7480	0	0	0	0	0	128	0	286	0	130	0	0	0	0	0	0	0	0	0	0	0	110	0	0	0	0	
144736	Temporal_Pole_Sup_L	466	0	2976	98	436	0	1518	162	180	0	4190	144	844	148	2114	0	5728	0	2116	160	232	0	202	0	0	0	92	0	9104	0	416	0	0	0	0	0	1796	0	2068	0	1472	0	0	0	0	0	0	0	0	0	0	0	0	0	3856	0	112	0	0	0	0	0	0	0	0	0	0	0	0	0	376	0	1300	0	0	0	0	0	504	0	9484	0	0	0	7734	0	7402	0	4938	0	0	0	0	0	0	0	0	0	0	0	0	0	0	0	0	0	0	0	0	0	0	0	0	0	0	0	
119284	Temporal_Pole_Sup_R	0	124	0	272	0	94	0	132	0	98	0	834	0	138	0	3388	0	2460	0	244	0	164	0	0	0	0	0	0	0	8238	0	0	0	0	0	0	0	3526	0	3412	0	3516	0	0	0	0	0	0	0	0	0	0	0	0	0	7512	0	106	0	0	0	0	0	0	0	0	0	0	0	0	0	168	0	2854	0	752	0	0	0	364	0	6500	0	0	0	4442	0	4402	0	5776	0	0	0	0	0	0	0	126	0	0	0	0	0	0	0	0	0	0	0	0	0	0	0	0	0	0	
364096	Temporal_Mid_L	2136	0	186	0	0	0	114	0	0	0	252	0	230	0	0	0	3888	0	228	110	0	0	0	0	0	0	0	0	5012	0	0	0	176	0	292	0	2412	0	0	0	0	0	3346	0	982	0	782	0	2336	0	19992	0	5980	0	5078	0	1232	0	1728	0	6732	0	10856	0	10698	0	2394	0	2382	0	0	0	216	0	0	0	680	0	5142	0	38328	0	7734	0	0	0	5476	0	34104	0	814	0	0	0	0	0	0	0	0	0	0	0	0	0	0	0	0	0	0	0	0	0	0	0	0	0	
285184	Temporal_Mid_R	0	1098	0	0	0	0	0	114	0	0	0	0	0	0	0	288	0	584	0	3752	0	0	0	0	0	0	0	0	0	3632	0	0	0	2634	204	1668	0	2478	0	1560	0	228	336	7854	442	3072	0	3332	0	2734	0	12530	0	1376	0	4512	0	4108	0	138	0	3688	0	1918	0	13496	180	7304	0	6452	0	0	0	736	0	0	0	0	0	1172	0	17236	0	4442	0	0	0	2884	0	24410	0	0	0	0	0	0	0	0	0	0	0	0	0	0	0	0	0	0	0	0	0	0	0	0	0	0	
49640	Temporal_Pole_Mid_L	0	0	0	0	0	0	0	0	0	0	0	0	0	0	0	0	0	0	0	0	0	0	0	0	0	0	0	0	308	0	0	0	0	0	0	0	340	0	1624	0	406	0	0	0	0	0	0	0	0	0	0	0	0	0	2982	0	0	0	0	0	0	0	0	0	0	0	0	0	0	0	0	0	0	0	0	0	0	0	0	0	1184	0	7402	0	5476	0	0	0	5098	0	0	0	0	0	0	0	0	0	0	0	0	0	0	0	0	0	0	0	0	0	0	0	0	0	0	0	
32540	Temporal_Pole_Mid_R	0	0	0	0	0	0	0	0	0	0	0	0	0	0	0	0	0	0	0	0	0	0	0	0	0	0	0	0	0	0	0	0	0	0	0	0	0	530	0	784	0	610	0	0	0	0	0	0	0	0	0	0	0	0	0	3434	0	0	0	0	0	0	0	0	0	0	0	0	0	0	0	0	0	0	0	0	0	0	0	0	0	510	0	4402	0	2884	0	0	0	3116	0	0	0	0	0	0	0	0	0	0	0	0	0	0	0	0	0	0	0	0	0	0	0	0	0	0	
305960	Temporal_Inf_L	1572	0	148	0	0	0	292	0	0	0	296	0	218	0	0	0	1084	0	334	160	0	0	0	0	0	0	0	0	6758	0	0	0	0	0	184	0	9514	0	2434	0	1544	0	1040	0	196	0	268	0	764	0	2976	0	5866	0	22714	0	490	0	398	0	3470	0	3594	0	2130	0	574	0	648	116	156	0	1736	0	0	0	652	0	2068	0	16834	0	4938	0	34104	0	5098	0	0	0	11274	0	2432	0	0	0	678	0	2348	0	128	0	752	0	0	0	0	0	0	0	0	0	0	0	0	0	
263820	Temporal_Inf_R	0	1002	0	0	0	0	0	0	0	0	0	0	0	0	0	328	0	766	0	2116	0	0	0	0	0	0	0	0	0	5480	0	0	0	934	1298	3230	0	6410	0	3352	0	1394	270	4908	0	878	106	3680	106	924	236	3188	220	6594	718	21122	0	1218	0	0	0	1460	0	1168	0	4078	250	4640	304	2320	0	0	0	1060	0	0	0	0	0	286	0	7480	0	5776	0	24410	0	3116	0	0	150	2644	0	374	0	0	0	144	156	624	0	0	0	244	0	0	0	0	0	0	106	450	192	0	0	0	
653100	Cerebelum_Crus1_L	104	0	0	0	0	0	0	0	0	0	0	0	0	0	0	0	124	0	210	0	0	0	0	0	0	0	0	0	912	0	0	0	0	0	330	146	4116	214	7576	222	0	0	938	0	0	0	17332	5520	0	0	214	0	314	534	41076	2956	0	0	0	0	0	0	0	0	0	0	230	0	0	0	0	0	1440	0	0	0	0	152	96	0	2150	0	0	0	814	0	0	0	11274	150	0	4654	46684	5192	966	1054	33696	3214	67880	9258	7960	510	11458	604	502	650	392	0	330	598	8842	11214	9502	934	832	480	
495120	Cerebelum_Crus1_R	0	0	0	0	0	0	0	0	0	0	0	0	0	0	0	0	0	0	0	0	0	0	0	0	0	0	0	0	0	202	0	0	0	0	0	0	0	566	0	718	0	0	616	116	0	0	2046	8400	0	0	0	102	0	630	0	18352	0	0	0	0	0	0	0	0	0	0	0	0	0	0	0	0	0	0	0	0	0	0	0	138	0	0	0	0	0	0	0	0	0	2644	4654	0	2902	33110	1282	5526	4298	24458	2412	60026	1402	3558	3524	23024	1266	3526	0	254	468	2284	7928	8206	12964	3220	2506	232	
472988	Cerebelum_Crus2_L	0	0	0	0	0	0	0	0	0	0	0	0	0	0	0	0	0	0	92	0	0	0	0	0	0	0	0	0	222	0	0	0	0	0	0	0	1908	0	3178	0	0	0	0	0	0	0	1488	2822	0	0	0	0	0	248	9552	1444	0	0	0	0	0	0	0	0	0	0	0	0	0	0	0	0	600	0	0	0	0	0	0	0	296	0	0	0	0	0	0	0	2432	0	46684	2902	0	9732	650	490	12208	954	19938	4664	39456	3792	33814	1366	8434	502	1500	0	284	398	2526	5938	12536	2478	744	222	
390312	Cerebelum_Crus2_R	0	0	0	0	0	0	0	0	0	0	0	0	0	0	0	0	0	0	0	0	0	0	0	0	0	0	0	0	0	0	0	0	0	0	0	0	0	0	0	162	0	0	532	0	0	0	1620	2560	0	0	0	112	0	304	0	1820	0	0	0	0	0	0	0	0	0	0	0	0	0	0	0	0	0	0	0	0	0	0	0	0	0	0	0	0	0	0	0	0	0	374	5192	33110	9732	0	872	2326	1726	5806	1416	15022	7712	18420	7712	30460	2460	2460	0	260	278	1482	2798	6192	22866	6850	2320	200	
74504	Cerebelum_3_L	0	0	0	0	0	0	0	0	0	0	0	0	0	0	0	0	0	0	0	0	0	0	0	0	0	0	0	0	0	0	0	0	0	0	0	0	0	0	464	0	0	0	0	0	0	0	0	616	0	0	0	0	0	170	0	468	0	0	0	0	0	0	0	0	0	0	0	0	0	0	0	0	0	0	0	0	0	0	0	0	0	0	0	0	0	0	0	0	0	0	966	1282	650	872	0	600	7686	1354	1158	1330	168	0	1542	474	2366	1110	108	0	1968	3138	3112	1802	1028	1100	1196	524	
126888	Cerebelum_3_R	0	0	0	0	0	0	0	0	0	0	0	0	0	0	0	0	0	510	0	0	0	0	0	0	0	0	0	0	0	164	0	0	0	0	0	0	0	868	0	1064	0	0	0	0	0	0	180	486	0	0	0	0	0	0	0	514	0	0	0	0	0	0	0	0	0	0	0	0	0	0	0	0	0	730	0	606	0	0	0	156	0	128	0	0	0	0	0	0	0	0	1054	5526	490	2326	600	0	2846	9642	1272	6628	0	0	1504	2948	1330	2738	0	0	834	5776	4860	1192	1766	2052	2508	146	
450600	Cerebelum_4_5_L	0	0	0	0	0	0	0	0	0	0	0	0	0	0	0	0	0	0	198	0	0	0	0	0	0	0	0	0	808	0	0	0	0	0	320	0	5084	0	8842	0	202	0	218	0	0	0	9458	4230	0	0	0	0	0	668	19548	2822	0	0	0	0	0	0	0	0	0	0	624	0	0	0	0	0	1350	0	0	0	0	0	0	0	716	0	0	0	0	0	0	0	678	0	33696	4298	12208	1726	7686	2846	0	8400	38516	8314	1394	0	5248	1184	4746	2318	278	0	2052	3648	17986	5252	2282	1992	2466	998	
346536	Cerebelum_4_5_R	0	0	0	0	0	0	0	0	0	0	0	0	0	0	0	0	0	484	0	0	0	0	0	0	0	0	0	0	0	340	0	0	0	0	0	266	0	3070	0	4536	0	0	0	552	0	0	1068	11316	0	0	0	0	0	1396	190	12474	0	0	0	0	0	0	0	0	0	0	0	1366	0	0	0	0	0	866	0	478	0	402	0	150	0	286	0	126	0	0	0	0	0	144	3214	24458	954	5806	1354	9642	8400	0	4244	32972	0	204	1788	6988	1500	2598	0	234	150	3650	15486	2586	2234	2460	2502	334	
544016	Cerebelum_6_L	0	0	0	0	0	0	0	0	0	0	0	0	0	0	0	0	0	0	162	0	0	0	0	0	0	0	0	0	658	0	0	0	0	0	392	152	4354	216	7982	226	162	0	236	0	0	0	20280	5656	0	0	318	96	658	654	39304	3176	0	0	0	0	0	0	0	0	0	0	286	0	0	0	0	0	1144	0	0	0	0	152	0	0	860	0	0	0	0	0	0	0	2348	156	67880	2412	19938	1416	1158	1272	38516	4244	0	9260	1796	0	3318	322	370	810	232	0	406	632	11174	11758	2580	1040	1054	792	
532700	Cerebelum_6_R	0	0	0	0	0	0	0	0	0	0	0	0	0	0	0	0	0	0	0	0	0	0	0	0	0	0	0	0	0	256	0	0	0	0	0	0	0	736	0	970	0	0	248	284	0	0	3008	18496	0	0	0	410	0	2602	592	25978	0	0	0	0	0	0	0	0	0	0	0	124	0	0	0	0	0	0	0	0	0	0	0	158	0	130	0	0	0	0	0	0	0	624	9258	60026	4664	15022	1330	6628	8314	32972	9260	0	446	460	934	9986	342	2564	0	378	350	1966	14824	16500	10974	2204	2030	302	
280348	Cerebelum_7b_L	0	0	0	0	0	0	0	0	0	0	0	0	0	0	0	0	0	0	0	0	0	0	0	0	0	0	0	0	0	0	0	0	0	0	0	0	190	0	200	0	0	0	0	0	0	0	0	0	0	0	0	0	0	0	638	0	0	0	0	0	0	0	0	0	0	0	0	0	0	0	0	0	0	0	0	0	0	0	0	0	0	0	0	0	0	0	0	0	128	0	7960	1402	39456	7712	168	0	1394	0	1796	446	0	5986	39518	5062	10262	188	1792	0	120	180	156	246	8084	6722	368	0	
151776	Cerebelum_7b_R	0	0	0	0	0	0	0	0	0	0	0	0	0	0	0	0	0	0	0	0	0	0	0	0	0	0	0	0	0	0	0	0	0	0	0	0	0	0	0	0	0	0	0	0	0	0	0	0	0	0	0	0	0	0	0	0	0	0	0	0	0	0	0	0	0	0	0	0	0	0	0	0	0	0	0	0	0	0	0	0	0	0	0	0	0	0	0	0	0	0	510	3558	3792	18420	0	0	0	204	0	460	5986	0	4524	23028	428	4260	0	374	0	0	0	0	4694	5080	570	0	
397040	Cerebelum_8_L	0	0	0	0	0	0	0	0	0	0	0	0	0	0	0	0	0	0	0	0	0	0	0	0	0	0	0	0	92	0	0	0	0	0	152	100	528	134	612	122	0	0	0	0	0	0	158	158	0	0	0	0	0	0	1896	206	0	0	0	0	0	0	0	0	0	0	0	0	0	0	0	0	0	0	0	0	0	106	0	0	140	0	0	0	0	0	0	0	752	0	11458	3524	33814	7712	1542	1504	5248	1788	3318	934	39518	4524	0	12128	23986	3026	2342	0	978	1900	2162	570	8882	14900	6976	630	
357796	Cerebelum_8_R	0	0	0	0	0	0	0	0	0	0	0	0	0	0	0	0	0	0	0	0	0	0	0	0	0	0	0	0	0	0	0	0	0	0	0	0	0	0	0	92	0	0	0	0	0	0	0	260	0	0	0	0	0	0	0	1660	0	0	0	0	0	0	0	0	0	0	0	0	0	0	0	0	0	0	0	0	0	0	0	0	0	0	0	0	0	0	0	0	0	244	604	23024	1366	30460	474	2948	1184	6988	322	9986	5062	23028	12128	0	5628	18492	0	1814	686	2102	2316	204	6004	14224	7178	420	
185388	Cerebelum_9_L	0	0	0	0	0	0	0	0	0	0	0	0	0	0	0	0	0	0	0	0	0	0	0	0	0	0	0	0	0	0	0	0	0	0	0	0	0	0	0	0	0	0	0	0	0	0	0	0	0	0	0	0	0	0	0	0	0	0	0	0	0	0	0	0	0	0	0	0	0	0	0	0	0	0	0	0	0	0	0	0	0	0	0	0	0	0	0	0	0	0	502	1266	8434	2460	2366	1330	4746	1500	370	342	10262	428	23986	5628	0	3600	3130	0	1490	2448	1982	234	2864	6612	6432	282	
151380	Cerebelum_9_R	0	0	0	0	0	0	0	0	0	0	0	0	0	0	0	0	0	0	0	0	0	0	0	0	0	0	0	0	0	0	0	0	0	0	0	0	0	0	0	0	0	0	0	0	0	0	0	0	0	0	0	0	0	0	0	284	0	0	0	0	0	0	0	0	0	0	0	0	0	0	0	0	0	0	0	0	0	0	0	0	0	0	0	0	0	0	0	0	0	0	650	3526	502	2460	1110	2738	2318	2598	810	2564	188	4260	3026	18492	3600	0	0	2064	1764	3182	2872	1272	1528	5494	7018	1370	
