data	data	468880	343296	808300	730152	163720	116700	453796	277416	115564	21228	293956	241000	322356	196532	216360	68728	206072	110988	584452	628180	81688	91700	321080	406028	33572	205236	66912	77604	566988	291812	306168	510308	226468	497568	160148	202100	287984	275732	112148	190508	32424	66160	322252	361644	154180	272524	263100	259328	176868	274692	479460	231364	107956	60880	436156	403268	280452	170276	157944	152328	178908	137620	110096	127680	132636	126968	344120	418820	251864	183216	393176	416332	362044	284808	47716	38328	146860	210952	63228	30852	142972	108968	148852	57780	305412	144216	35780	27796	291568	128572	728504	559112	511188	451516	94676	120728	466092	325384	626072	531836	250400	186748	312700	277116	159524	144640	22972	3900	42200	128164	459364	237748	319028	137532	92060	23844	
data	data	Precentral_L	Precentral_R	Frontal_Sup_L	Frontal_Sup_R	Frontal_Sup_Orb_L	Frontal_Sup_Orb_R	Frontal_Mid_L	Frontal_Mid_R	Frontal_Mid_Orb_L	Frontal_Mid_Orb_R	Frontal_Inf_Oper_L	Frontal_Inf_Oper_R	Frontal_Inf_Tri_L	Frontal_Inf_Tri_R	Frontal_Inf_Orb_L	Frontal_Inf_Orb_R	Rolandic_Oper_L	Rolandic_Oper_R	Supp_Motor_Area_L	Supp_Motor_Area_R	Olfactory_L	Olfactory_R	Frontal_Sup_Medial_L	Frontal_Sup_Medial_R	Frontal_Med_Orb_L	Frontal_Med_Orb_R	Rectus_L	Rectus_R	Insula_L	Insula_R	Cingulum_Ant_L	Cingulum_Ant_R	Cingulum_Mid_L	Cingulum_Mid_R	Cingulum_Post_L	Cingulum_Post_R	Hippocampus_L	Hippocampus_R	ParaHippocampal_L	ParaHippocampal_R	Amygdala_L	Amygdala_R	Calcarine_L	Calcarine_R	Cuneus_L	Cuneus_R	Lingual_L	Lingual_R	Occipital_Sup_L	Occipital_Sup_R	Occipital_Mid_L	Occipital_Mid_R	Occipital_Inf_L	Occipital_Inf_R	Fusiform_L	Fusiform_R	Postcentral_L	Postcentral_R	Parietal_Sup_L	Parietal_Sup_R	Parietal_Inf_L	Parietal_Inf_R	SupraMarginal_L	SupraMarginal_R	Angular_L	Angular_R	Precuneus_L	Precuneus_R	Paracentral_Lobule_L	Paracentral_Lobule_R	Caudate_L	Caudate_R	Putamen_L	Putamen_R	Pallidum_L	Pallidum_R	Thalamus_L	Thalamus_R	Heschl_L	Heschl_R	Temporal_Sup_L	Temporal_Sup_R	Temporal_Pole_Sup_L	Temporal_Pole_Sup_R	Temporal_Mid_L	Temporal_Mid_R	Temporal_Pole_Mid_L	Temporal_Pole_Mid_R	Temporal_Inf_L	Temporal_Inf_R	Cerebelum_Crus1_L	Cerebelum_Crus1_R	Cerebelum_Crus2_L	Cerebelum_Crus2_R	Cerebelum_3_L	Cerebelum_3_R	Cerebelum_4_5_L	Cerebelum_4_5_R	Cerebelum_6_L	Cerebelum_6_R	Cerebelum_7b_L	Cerebelum_7b_R	Cerebelum_8_L	Cerebelum_8_R	Cerebelum_9_L	Cerebelum_9_R	Cerebelum_10_L	Cerebelum_10_R	Vermis_1_2	Vermis_3	Vermis_4_5	Vermis_6	Vermis_7	Vermis_8	Vermis_9	Vermis_10	
468880	Precentral_L	0	12516	11900	1958	0	0	18192	470	0	0	15636	0	4246	0	0	0	13794	0	2420	8238	0	0	0	0	0	0	0	0	8276	0	94	238	130	3610	934	518	8668	194	1182	0	0	0	0	0	0	0	0	0	0	0	782	0	554	0	1284	0	29650	332	0	0	690	0	326	0	86	0	0	0	34862	5366	3752	990	11598	0	3394	0	19202	1748	1754	0	1588	0	368	0	1196	0	0	0	1534	0	88	0	0	0	0	0	0	0	82	0	0	0	0	0	0	0	0	0	0	0	0	0	0	0	0	0	
343296	Precentral_R	12516	0	1794	5658	0	0	344	10878	0	0	378	9914	0	830	0	0	964	1842	3180	6458	0	0	0	0	0	0	0	0	1582	2268	100	422	486	3384	2544	2582	2838	6100	0	2278	0	324	0	298	0	0	0	124	0	0	0	384	82	474	124	1990	754	8616	0	96	0	808	0	828	0	96	108	432	15374	9842	3566	12954	2226	5574	684	3446	2948	17496	92	308	0	850	148	0	0	310	0	0	188	764	0	0	0	0	0	0	0	0	0	0	0	0	0	0	0	0	0	0	0	0	0	0	0	0	0	0	
808300	Frontal_Sup_L	11900	1794	0	19382	7582	0	58912	1818	4646	0	16254	1186	25140	174	10538	0	4356	0	60944	24432	320	96	36232	1524	364	202	852	0	29616	0	13544	3288	7212	8156	0	0	1012	0	94	0	0	0	0	0	0	0	0	0	0	0	0	0	0	0	106	0	2890	0	0	0	0	0	0	0	0	0	0	0	664	0	20030	3300	17152	190	224	0	668	4054	1244	0	486	0	1308	0	154	0	0	0	110	0	0	0	0	0	0	0	0	0	0	0	0	0	0	0	0	0	0	0	0	0	0	0	0	0	0	0	
730152	Frontal_Sup_R	1958	5658	19382	0	88	7054	148	25658	0	792	1986	10872	116	9156	0	5080	1544	4318	26062	57238	0	0	5670	40364	0	10422	0	1156	1894	10470	5352	40690	3184	24182	248	0	250	352	0	196	0	0	0	0	0	0	0	0	0	0	0	0	0	0	0	98	386	162	0	0	0	0	0	0	0	0	0	0	1466	0	11098	18870	964	6962	0	830	366	928	154	228	104	484	436	0	0	0	0	0	0	0	0	0	0	0	0	0	0	0	0	0	0	0	0	0	0	0	0	0	0	0	0	0	0	0	0	0	
163720	Frontal_Sup_Orb_L	0	0	7582	88	0	150	442	0	13270	0	202	0	656	0	10540	0	0	0	1232	84	1508	356	6352	100	3330	140	8154	168	8470	0	7308	0	0	0	0	0	0	0	116	0	0	0	0	0	0	0	0	0	0	0	0	0	0	0	0	0	0	0	0	0	0	0	0	0	0	0	0	0	0	0	1880	242	9012	0	0	0	0	0	0	0	0	0	478	0	0	0	0	0	0	0	0	0	0	0	0	0	0	0	0	0	0	0	0	0	0	0	0	0	0	0	0	0	0	0	0	0	
116700	Frontal_Sup_Orb_R	0	0	0	7054	150	0	0	1398	94	2754	0	866	0	1392	116	4406	0	234	0	318	830	1392	0	4568	0	9982	240	7776	0	3610	180	1684	0	208	0	0	0	260	0	172	0	0	0	0	0	0	0	0	0	0	0	0	0	0	0	84	0	0	0	0	0	0	0	0	0	0	0	0	0	0	844	2518	338	4882	0	0	0	0	0	0	0	0	0	0	0	0	0	0	0	0	0	0	0	0	0	0	0	0	0	0	0	0	0	0	0	0	0	0	0	0	0	0	0	0	0	0	
453796	Frontal_Mid_L	18192	344	58912	148	442	0	0	0	4180	0	14558	0	40312	0	15970	0	2580	0	16410	316	0	0	12254	330	0	0	0	0	20070	0	3286	354	8924	216	0	0	1244	0	0	0	0	0	0	0	0	0	0	0	0	0	0	0	0	0	0	0	2688	0	0	0	0	0	0	0	0	0	0	0	170	0	620	114	2216	0	246	0	562	86	884	0	90	0	180	0	0	0	0	0	0	0	0	0	0	0	0	0	0	0	0	0	0	0	0	0	0	0	0	0	0	0	0	0	0	0	0	0	
277416	Frontal_Mid_R	470	10878	1818	25658	0	1398	0	0	0	1846	946	19160	0	17690	0	6144	504	1546	1388	6272	0	0	92	3170	0	1476	0	184	1036	4584	198	3538	0	3454	0	0	0	894	0	378	0	0	0	0	0	0	0	0	0	0	0	88	0	182	0	714	0	200	0	0	0	0	0	0	0	0	0	0	98	0	1636	5822	0	9248	0	2620	0	1358	0	220	0	436	866	0	0	172	0	0	0	326	0	0	0	0	0	0	0	0	0	0	0	0	0	0	0	0	0	0	0	0	0	0	0	0	0	0	
115564	Frontal_Mid_Orb_L	0	0	4646	0	13270	94	4180	0	0	0	0	0	2276	0	12198	0	0	0	186	0	396	180	2838	0	1876	0	5068	102	2528	0	3658	0	0	0	0	0	0	0	94	0	0	0	0	0	0	0	0	0	0	0	0	0	0	0	0	0	0	0	0	0	0	0	0	0	0	0	0	0	0	0	1040	100	2904	0	0	0	0	0	0	0	0	0	148	0	0	0	0	0	0	0	0	0	0	0	0	0	0	0	0	0	0	0	0	0	0	0	0	0	0	0	0	0	0	0	0	0	
21228	Frontal_Mid_Orb_R	0	0	0	792	0	2754	0	1846	0	0	0	0	0	360	0	4238	0	0	0	274	0	0	0	0	0	0	0	0	0	130	0	0	0	220	0	0	0	0	0	0	0	0	0	0	0	0	0	0	0	0	0	0	0	0	0	0	0	0	0	0	0	0	0	0	0	0	0	0	0	0	0	0	0	0	0	0	0	0	0	0	0	0	0	0	0	0	0	0	0	0	0	0	0	0	0	0	0	0	0	0	0	0	0	0	0	0	0	0	0	0	0	0	0	0	0	0	
293956	Frontal_Inf_Oper_L	15636	378	16254	1986	202	0	14558	946	0	0	0	2578	15106	4664	540	0	11236	534	1554	1852	0	0	780	100	0	0	0	0	24490	926	3434	120	106	700	0	0	1062	178	0	0	0	0	0	0	0	0	0	0	0	0	0	0	0	0	176	0	2874	0	0	0	0	0	0	0	0	0	0	0	0	0	7554	426	1506	1122	120	0	152	560	948	0	894	0	10456	0	160	0	0	0	110	0	0	0	0	0	0	0	0	0	0	0	0	0	0	0	0	0	0	0	0	0	0	0	0	0	0	0	
241000	Frontal_Inf_Oper_R	0	9914	1186	10872	0	866	0	19160	0	0	2578	0	0	13520	0	92	1496	3682	558	2160	0	0	230	5298	0	3886	0	286	2678	10256	290	6020	0	370	0	0	0	848	0	418	0	0	0	0	0	0	0	0	0	0	0	90	0	224	0	808	0	158	0	0	0	0	0	0	0	0	0	0	0	0	3810	6336	0	6618	0	518	0	1300	0	178	0	632	2530	128	0	172	0	0	0	334	0	0	0	0	0	0	0	0	0	0	0	0	0	0	0	0	0	0	0	0	0	0	0	0	0	0	
322356	Frontal_Inf_Tri_L	4246	0	25140	116	656	0	40312	0	2276	0	15106	0	0	0	19046	0	4010	0	10720	222	0	0	2666	0	0	0	0	0	25048	0	3758	0	2844	0	0	0	222	0	0	0	0	0	0	0	0	0	0	0	0	0	0	0	0	0	0	0	856	0	0	0	0	0	0	0	0	0	0	0	0	0	520	0	704	0	0	0	0	0	780	0	734	0	1196	0	0	0	0	0	0	0	0	0	0	0	0	0	0	0	0	0	0	0	0	0	0	0	0	0	0	0	0	0	0	0	0	0	
196532	Frontal_Inf_Tri_R	0	830	174	9156	0	1392	0	17690	0	360	4664	13520	0	0	0	3824	1982	1438	122	2456	0	0	330	4006	0	1378	0	230	4858	6804	260	3010	0	754	0	0	0	484	0	118	0	0	0	0	0	0	0	0	0	0	0	0	0	110	0	294	0	0	0	0	0	0	0	0	0	0	0	0	0	0	4784	1210	0	5164	0	672	0	1144	0	84	0	256	4602	0	0	0	0	0	0	106	0	0	0	0	0	0	0	0	0	0	0	0	0	0	0	0	0	0	0	0	0	0	0	0	0	0	
216360	Frontal_Inf_Orb_L	0	0	10538	0	10540	116	15970	0	12198	0	540	0	19046	0	0	0	0	0	1924	0	1620	230	2412	0	562	90	2936	134	17172	0	1790	0	1680	0	0	0	0	0	192	0	0	0	0	0	0	0	0	0	0	0	0	0	0	0	0	0	0	0	0	0	0	0	0	0	0	0	0	0	0	0	1294	120	5816	0	0	0	0	0	0	0	0	0	1260	0	0	0	0	0	0	0	0	0	0	0	0	0	0	0	0	0	0	0	0	0	0	0	0	0	0	0	0	0	0	0	0	0	
68728	Frontal_Inf_Orb_R	0	0	0	5080	0	4406	0	6144	0	4238	0	92	0	3824	0	0	0	0	138	638	0	568	0	1556	0	460	0	600	0	4164	0	496	0	414	0	0	0	0	0	0	0	166	0	0	0	0	0	0	0	0	0	0	0	0	0	0	0	0	0	0	0	0	0	0	0	0	0	0	0	0	0	0	0	1380	0	0	0	0	0	0	0	0	0	0	0	0	0	0	0	0	0	0	0	0	0	0	0	0	0	0	0	0	0	0	0	0	0	0	0	0	0	0	0	0	0	0	
206072	Rolandic_Oper_L	13794	964	4356	1544	0	0	2580	504	0	0	11236	1496	4010	1982	0	0	0	140	1356	1644	0	0	0	0	0	0	0	0	14750	220	410	0	0	398	0	0	1720	0	0	0	0	0	0	0	0	0	0	0	0	0	668	0	202	0	120	0	10540	0	0	0	386	0	2202	0	370	0	0	0	0	0	4580	396	986	374	1032	0	1028	0	2112	0	5466	0	5238	0	2498	0	0	0	1734	0	0	0	0	0	0	0	0	0	0	0	0	0	0	0	0	0	0	0	0	0	0	0	0	0	0	0	
110988	Rolandic_Oper_R	0	1842	0	4318	0	234	0	1546	0	0	534	3682	0	1438	0	0	140	0	0	3194	0	0	0	534	0	462	0	0	542	12312	0	408	0	0	0	0	0	1272	0	266	0	0	0	0	0	0	0	0	0	0	0	0	0	0	0	276	0	3426	0	0	0	0	0	2262	0	0	0	0	0	0	570	1304	0	6664	0	0	0	1072	0	2718	0	3396	530	154	0	130	0	0	0	268	0	0	0	0	0	0	0	0	0	0	0	0	0	0	0	0	0	0	0	0	0	0	0	0	0	0	
584452	Supp_Motor_Area_L	2420	3180	60944	26062	1232	0	16410	1388	186	0	1554	558	10720	122	1924	138	1356	0	0	42088	0	0	10566	2290	0	122	170	0	7366	0	7334	6128	17766	15160	166	352	234	330	0	126	0	0	0	0	0	0	0	0	0	0	0	0	0	0	0	0	338	248	0	0	0	0	0	0	0	0	0	0	6072	576	17694	5314	12726	176	1654	112	0	8468	106	0	94	0	256	0	0	0	0	0	0	0	0	0	0	0	0	0	0	0	0	0	0	0	0	0	0	0	0	0	0	0	0	0	0	0	0	0	
628180	Supp_Motor_Area_R	8238	6458	24432	57238	84	318	316	6272	0	274	1852	2160	222	2456	0	638	1644	3194	42088	0	0	0	2308	10292	0	834	0	0	1882	2178	2340	19084	7766	47578	964	5108	170	334	0	148	0	0	0	380	0	224	0	0	0	444	0	268	0	0	0	186	580	2300	0	0	0	0	0	0	0	0	124	1758	14672	16436	9566	5698	846	484	0	0	0	0	174	158	102	454	366	0	0	0	0	0	0	0	0	0	0	0	0	0	0	0	0	0	0	0	0	0	0	0	0	0	0	0	0	0	0	0	0	0	
81688	Olfactory_L	0	0	320	0	1508	830	0	0	396	0	0	0	0	0	1620	0	0	0	0	0	0	6008	0	0	156	1070	1028	1372	3146	0	2328	1184	0	0	0	0	500	0	344	0	816	0	0	0	0	0	0	0	0	0	0	0	0	0	234	0	0	0	0	0	0	0	0	0	0	0	0	0	0	0	6732	4652	4922	1168	150	0	0	0	0	0	0	0	236	0	0	0	0	0	124	0	0	0	0	0	0	0	0	0	0	0	0	0	0	0	0	0	0	0	0	0	0	0	0	0	0	0	
91700	Olfactory_R	0	0	96	0	356	1392	0	0	180	0	0	0	0	0	230	568	0	0	0	0	6008	0	0	0	0	2460	682	3000	120	1936	2646	3190	0	0	0	0	0	256	0	112	116	788	0	0	0	0	0	0	0	0	0	0	0	0	0	0	0	0	0	0	0	0	0	0	0	0	0	0	0	0	7156	7248	5062	1866	382	0	0	0	0	0	0	0	0	0	0	0	0	0	0	0	0	0	0	0	0	0	0	0	0	0	0	0	0	0	0	0	0	0	0	0	0	0	0	0	0	0	
321080	Frontal_Sup_Medial_L	0	0	36232	5670	6352	0	12254	92	2838	0	780	230	2666	330	2412	0	0	0	10566	2308	0	0	0	14378	2860	184	2188	0	2424	568	18178	10832	9914	10370	0	0	0	0	0	0	0	0	0	0	0	0	0	0	0	0	0	0	0	0	0	0	0	0	0	0	0	0	0	0	0	0	0	0	0	0	1498	1270	3146	0	0	0	0	0	0	0	0	0	0	0	0	0	0	0	0	0	0	0	0	0	0	0	0	0	0	0	0	0	0	0	0	0	0	0	0	0	0	0	0	0	0	0	
406028	Frontal_Sup_Medial_R	0	0	1524	40364	100	4568	330	3170	0	0	100	5298	0	4006	0	1556	0	534	2290	10292	0	0	14378	0	136	14794	0	1738	112	8838	6916	40194	2068	18126	0	0	0	268	0	174	0	0	0	0	0	0	0	0	0	0	0	0	0	0	0	82	0	0	0	0	0	0	0	0	0	0	0	0	0	0	598	15070	90	4950	0	150	0	200	0	0	0	0	0	0	0	0	0	0	0	0	0	0	0	0	0	0	0	0	0	0	0	0	0	0	0	0	0	0	0	0	0	0	0	0	0	0	
33572	Frontal_Med_Orb_L	0	0	364	0	3330	0	0	0	1876	0	0	0	0	0	562	0	0	0	0	0	156	0	2860	136	0	102	2586	0	82	0	3828	0	0	0	0	0	0	0	0	0	0	0	0	0	0	0	0	0	0	0	0	0	0	0	0	0	0	0	0	0	0	0	0	0	0	0	0	0	0	0	594	0	310	0	0	0	0	0	0	0	0	0	0	0	0	0	0	0	0	0	0	0	0	0	0	0	0	0	0	0	0	0	0	0	0	0	0	0	0	0	0	0	0	0	0	0	
205236	Frontal_Med_Orb_R	0	0	202	10422	140	9982	0	1476	0	0	0	3886	0	1378	90	460	0	462	122	834	1070	2460	184	14794	102	0	216	10050	0	5810	630	13684	0	184	0	0	0	258	0	166	0	0	0	0	0	0	0	0	0	0	0	0	0	0	0	0	0	0	0	0	0	0	0	0	0	0	0	0	0	0	1266	13520	462	8188	0	0	0	120	0	0	0	0	0	0	0	0	0	0	0	0	0	0	0	0	0	0	0	0	0	0	0	0	0	0	0	0	0	0	0	0	0	0	0	0	0	0	
66912	Rectus_L	0	0	852	0	8154	240	0	0	5068	0	0	0	0	0	2936	0	0	0	170	0	1028	682	2188	0	2586	216	0	288	860	0	4466	0	0	0	0	0	0	0	0	0	0	0	0	0	0	0	0	0	0	0	0	0	0	0	0	0	0	0	0	0	0	0	0	0	0	0	0	0	0	0	1916	388	1418	0	0	0	0	0	0	0	0	0	0	0	0	0	0	0	0	0	0	0	0	0	0	0	0	0	0	0	0	0	0	0	0	0	0	0	0	0	0	0	0	0	0	0	
77604	Rectus_R	0	0	0	1156	168	7776	0	184	102	0	0	286	0	230	134	600	0	0	0	0	1372	3000	0	1738	0	10050	288	0	0	1212	338	2848	0	0	0	0	0	118	0	86	0	102	0	0	0	0	0	0	0	0	0	0	0	0	0	0	0	0	0	0	0	0	0	0	0	0	0	0	0	0	1324	3224	590	1876	0	0	0	0	0	0	0	0	0	0	0	0	0	0	0	0	0	0	0	0	0	0	0	0	0	0	0	0	0	0	0	0	0	0	0	0	0	0	0	0	0	0	
566988	Insula_L	8276	1582	29616	1894	8470	0	20070	1036	2528	0	24490	2678	25048	4858	17172	0	14750	542	7366	1882	3146	120	2424	112	82	0	860	0	0	940	4062	242	1154	664	606	312	13676	346	1306	84	1160	0	182	0	0	0	98	0	0	0	764	0	384	0	4806	0	4050	0	0	0	892	0	1476	0	584	0	212	0	0	0	8164	570	21374	1162	292	0	772	828	5590	0	5508	0	12920	0	2150	0	0	0	6014	0	378	0	0	0	0	0	254	0	516	0	0	0	0	0	0	0	0	0	0	0	0	0	0	0	0	0	
291812	Insula_R	0	2268	0	10470	0	3610	0	4584	0	130	926	10256	0	6804	0	4164	220	12312	0	2178	0	1936	568	8838	0	5810	0	1212	940	0	84	6952	0	724	108	118	80	5870	0	2044	0	1990	0	114	0	0	0	0	0	0	0	160	0	148	0	3034	0	378	0	0	0	0	0	0	0	0	0	98	0	0	1026	5540	0	19138	0	104	0	2868	0	2382	0	5530	916	1942	0	3140	0	1004	0	3188	0	0	0	0	0	0	0	0	0	0	0	0	0	0	0	0	0	0	0	0	0	0	0	0	0	0	
306168	Cingulum_Ant_L	94	100	13544	5352	7308	180	3286	198	3658	0	3434	290	3758	260	1790	0	410	0	7334	2340	2328	2646	18178	6916	3828	630	4466	338	4062	84	0	15402	7918	6660	644	0	0	0	0	0	0	0	0	0	0	0	0	0	0	0	0	0	0	0	0	0	0	0	0	0	0	0	0	0	0	0	0	0	0	0	8396	3674	11578	982	0	0	126	116	0	0	0	0	776	0	0	0	0	0	0	0	0	0	0	0	0	0	0	0	0	0	0	0	0	0	0	0	0	0	0	0	0	0	0	0	0	0	
510308	Cingulum_Ant_R	238	422	3288	40690	0	1684	354	3538	0	0	120	6020	0	3010	0	496	0	408	6128	19084	1184	3190	10832	40194	0	13684	0	2848	242	6952	15402	0	4060	27334	0	0	114	0	0	0	0	0	0	0	0	0	0	0	0	0	0	0	0	0	0	0	0	84	0	0	0	0	0	0	0	0	0	0	94	0	3058	28906	2328	8054	0	162	0	952	0	0	0	0	0	0	0	0	0	0	0	0	0	0	0	0	0	0	0	0	0	0	0	0	0	0	0	0	0	0	0	0	0	0	0	0	0	0	
226468	Cingulum_Mid_L	130	486	7212	3184	0	0	8924	0	0	0	106	0	2844	0	1680	0	0	0	17766	7766	0	0	9914	2068	0	0	0	0	1154	0	7918	4060	0	12540	6432	1400	0	0	0	0	0	0	706	0	1724	0	218	0	568	0	1260	0	0	0	0	0	274	0	360	0	0	0	0	0	0	0	5980	692	4226	1492	0	0	0	0	0	0	0	0	0	0	0	0	0	0	150	0	0	0	0	0	0	0	0	0	0	0	0	0	0	0	0	0	0	0	0	0	0	0	0	0	0	0	0	0	0	0	
497568	Cingulum_Mid_R	3610	3384	8156	24182	0	208	216	3454	0	220	700	370	0	754	0	414	398	0	15160	47578	0	0	10370	18126	0	184	0	0	664	724	6660	27334	12540	0	1690	11600	0	148	0	82	0	0	86	1974	216	592	0	220	316	1042	424	910	0	0	0	308	132	2668	0	120	0	84	0	0	0	150	3024	9760	8004	17084	1514	968	0	90	0	0	0	0	0	0	0	0	92	0	0	80	0	0	0	0	0	0	0	0	0	0	0	0	0	0	0	0	0	0	0	0	0	0	0	0	0	0	0	0	0	0	
160148	Cingulum_Post_L	934	2544	0	248	0	0	0	0	0	0	0	0	0	0	0	0	0	0	166	964	0	0	0	0	0	0	0	0	606	108	644	0	6432	1690	0	7694	7130	3648	3712	872	0	0	4512	0	3290	0	2752	0	1766	0	2726	0	114	0	2266	176	786	230	134	0	0	0	0	0	0	0	9702	1192	3768	894	0	0	0	0	0	0	2976	4730	80	0	0	0	0	0	330	0	0	0	258	0	0	0	0	0	0	0	0	0	0	0	0	0	0	0	0	0	0	0	0	0	0	0	0	0	0	0	
202100	Cingulum_Post_R	518	2582	0	0	0	0	0	0	0	0	0	0	0	0	0	0	0	0	352	5108	0	0	0	0	0	0	0	0	312	118	0	0	1400	11600	7694	0	3522	8302	680	2498	0	0	0	4974	92	1272	0	1766	164	820	176	1068	0	698	122	2740	464	3998	0	254	0	284	0	334	0	142	2142	17126	666	8342	0	0	0	0	0	0	2312	4494	0	0	0	0	0	0	0	454	0	0	112	948	0	0	0	0	0	0	0	0	0	0	0	0	0	0	0	0	0	0	0	0	400	0	0	0	0	0	
287984	Hippocampus_L	8668	2838	1012	250	0	0	1244	0	0	0	1062	0	222	0	0	0	1720	0	234	170	500	0	0	0	0	0	0	0	13676	80	0	114	0	0	7130	3522	0	2894	12208	676	5998	0	1930	0	0	0	2872	0	0	0	92	0	308	0	20628	120	5382	0	0	0	0	0	0	0	0	0	3344	202	340	0	1120	118	9644	0	960	0	5956	4420	1428	0	1380	0	318	0	652	0	0	0	10486	0	2808	0	730	0	158	0	1020	0	3358	0	0	0	0	0	0	0	0	0	0	0	0	0	0	0	0	0	
275732	Hippocampus_R	194	6100	0	352	0	260	0	894	0	0	178	848	0	484	0	0	0	1272	330	334	0	256	0	268	0	258	0	118	346	5870	0	0	0	148	3648	8302	2894	0	692	29272	0	9920	0	902	0	0	0	3964	0	0	0	186	0	1068	80	25520	120	2026	0	92	0	120	0	312	0	0	290	5698	0	768	204	128	0	7864	0	298	1718	6442	0	536	0	464	168	786	0	312	0	116	0	1918	0	174	0	94	0	0	0	1466	0	490	0	0	0	0	0	0	0	0	0	0	304	0	0	0	0	0	
112148	ParaHippocampal_L	1182	0	94	0	116	0	0	0	94	0	0	0	0	0	192	0	0	0	0	0	344	0	0	0	0	0	0	0	1306	0	0	0	0	0	3712	680	12208	692	0	374	826	0	2124	0	0	0	3852	92	0	0	282	0	284	0	10552	0	640	0	0	0	0	0	0	0	0	0	3390	170	100	0	0	0	1664	0	0	0	708	696	0	0	0	0	162	0	0	0	102	0	1484	0	2114	0	846	0	320	0	1810	0	2556	0	0	0	0	0	0	0	0	0	0	180	126	0	0	0	0	0	
190508	ParaHippocampal_R	0	2278	0	196	0	172	0	378	0	0	0	418	0	118	0	0	0	266	126	148	0	112	0	174	0	166	0	86	84	2044	0	0	0	82	872	2498	676	29272	374	0	0	7882	0	602	0	0	0	4470	0	0	0	0	0	708	0	20400	0	1062	0	0	0	0	0	0	0	0	102	2458	0	434	0	0	0	3470	0	214	280	1836	0	104	0	102	0	3218	0	0	0	1900	0	592	0	350	0	164	0	84	0	3180	0	696	0	0	0	0	0	0	0	0	0	0	148	0	148	110	0	0	
32424	Amygdala_L	0	0	0	0	0	0	0	0	0	0	0	0	0	0	0	0	0	0	0	0	816	116	0	0	0	0	0	0	1160	0	0	0	0	0	0	0	5998	0	826	0	0	0	0	0	0	0	0	0	0	0	0	0	0	0	3870	0	0	0	0	0	0	0	0	0	0	0	0	0	0	0	628	0	392	0	0	0	228	0	0	0	0	0	144	0	0	0	0	0	2034	0	0	0	0	0	0	0	0	0	0	0	0	0	0	0	0	0	0	0	0	0	0	0	0	0	0	0	
66160	Amygdala_R	0	324	0	0	0	0	0	0	0	0	0	0	0	0	0	166	0	0	0	0	0	788	0	0	0	0	0	102	0	1990	0	0	0	0	0	0	0	9920	0	7882	0	0	0	0	0	0	0	0	0	0	0	0	0	0	0	7212	0	0	0	0	0	0	0	0	0	0	0	0	0	0	0	454	0	908	0	0	0	538	0	0	0	0	0	2180	0	0	0	324	0	184	0	0	0	0	0	0	0	108	0	0	0	0	0	0	0	0	0	0	0	0	0	0	0	0	0	0	
322252	Calcarine_L	0	0	0	0	0	0	0	0	0	0	0	0	0	0	0	0	0	0	0	0	0	0	0	0	0	0	0	0	182	0	0	0	706	86	4512	0	1930	0	2124	0	0	0	0	6872	14824	4914	16090	2370	13850	1628	35682	164	4562	0	4420	210	1790	0	3372	0	2354	0	0	0	1294	0	21774	1264	656	0	0	0	0	0	0	0	0	0	86	0	0	0	0	0	3926	0	0	0	1786	0	428	764	94	344	0	396	676	1260	556	990	0	0	0	0	0	0	0	0	0	90	1904	0	196	0	0	0	
361644	Calcarine_R	0	298	0	0	0	0	0	0	0	0	0	0	0	0	0	0	0	0	0	380	0	0	0	0	0	0	0	0	0	114	0	0	0	1974	0	4974	0	902	0	602	0	0	6872	0	4532	32328	3718	16584	164	23894	98	14866	0	4500	0	7798	0	4554	0	3322	0	916	0	230	0	688	1868	38022	0	1588	0	0	0	0	0	0	0	0	0	0	0	92	0	0	0	2464	0	0	0	2368	0	0	0	0	0	0	0	0	0	112	0	0	0	0	0	0	0	0	0	0	0	0	0	0	0	0	
154180	Cuneus_L	0	0	0	0	0	0	0	0	0	0	0	0	0	0	0	0	0	0	0	0	0	0	0	0	0	0	0	0	0	0	0	0	1724	216	3290	92	0	0	0	0	0	0	14824	4532	0	6646	1170	200	14006	1188	11066	124	0	0	0	90	742	0	1508	0	384	0	0	0	84	0	12256	2060	254	0	0	0	0	0	0	0	0	0	0	0	0	0	0	0	634	0	0	0	0	0	0	0	0	0	0	0	0	0	0	0	0	0	0	0	0	0	0	0	0	0	0	0	0	0	0	0	
272524	Cuneus_R	0	0	0	0	0	0	0	0	0	0	0	0	0	0	0	0	0	0	0	224	0	0	0	0	0	0	0	0	0	0	0	0	0	592	0	1272	0	0	0	0	0	0	4914	32328	6646	0	970	5622	922	28440	296	9438	0	942	0	4746	0	1488	0	5840	0	258	0	0	0	198	4836	25252	0	328	0	0	0	0	0	0	0	0	0	0	0	0	0	0	0	212	0	0	0	498	0	0	0	0	0	0	0	0	0	0	0	0	0	0	0	0	0	0	0	0	0	0	0	0	0	0	
263100	Lingual_L	0	0	0	0	0	0	0	0	0	0	0	0	0	0	0	0	0	0	0	0	0	0	0	0	0	0	0	0	98	0	0	0	218	0	2752	0	2872	0	3852	0	0	0	16090	3718	1170	970	0	4206	932	542	10176	170	4606	0	14782	324	0	0	104	0	96	0	0	0	0	0	5210	90	0	0	0	0	0	0	0	0	0	0	0	0	0	0	0	0	0	0	0	0	0	0	7868	2268	798	988	446	1880	11654	3168	12676	2894	0	0	0	0	96	172	0	0	232	430	9352	2476	1004	0	170	0	
259328	Lingual_R	0	124	0	0	0	0	0	0	0	0	0	0	0	0	0	0	0	0	0	0	0	0	0	0	0	0	0	0	0	0	0	0	0	220	0	1766	0	3964	92	4470	0	0	2370	16584	200	5622	4206	0	0	7470	0	6154	0	3016	228	16074	0	228	0	194	0	130	0	0	0	94	282	8184	0	200	0	0	0	0	0	0	0	118	0	0	0	0	0	0	0	426	0	0	0	724	3974	3670	1100	792	104	124	2442	6062	4318	7196	0	0	0	0	424	0	0	0	0	0	7948	5944	2426	0	0	0	
176868	Occipital_Sup_L	0	0	0	0	0	0	0	0	0	0	0	0	0	0	0	0	0	0	0	0	0	0	0	0	0	0	0	0	0	0	0	0	568	316	1766	164	0	0	0	0	0	0	13850	164	14006	922	932	0	0	0	28566	0	178	0	80	0	100	0	10024	0	390	0	0	0	0	0	14720	1524	0	0	0	0	0	0	0	0	0	0	0	0	0	0	0	0	164	0	0	0	0	0	0	0	0	0	0	0	0	0	0	0	0	0	0	0	0	0	0	0	0	0	0	0	0	0	0	0	
274692	Occipital_Sup_R	0	0	0	0	0	0	0	0	0	0	0	0	0	0	0	0	0	0	0	444	0	0	0	0	0	0	0	0	0	0	0	0	0	1042	0	820	0	0	0	0	0	0	1628	23894	1188	28440	542	7470	0	0	0	23234	0	1522	0	4764	0	560	0	12688	0	700	0	0	0	5586	3060	17990	0	594	0	0	0	0	0	0	0	0	0	0	0	0	0	0	0	1006	0	0	0	174	0	0	0	0	0	0	0	0	0	0	0	0	0	0	0	0	0	0	0	0	0	0	0	0	0	0	
479460	Occipital_Mid_L	782	0	0	0	0	0	0	0	0	0	0	0	0	0	0	0	668	0	0	0	0	0	0	0	0	0	0	0	764	0	0	0	1260	424	2726	176	92	0	282	0	0	0	35682	98	11066	296	10176	0	28566	0	0	0	16280	0	6946	0	4544	0	19698	0	15670	0	384	0	21450	0	22746	744	1084	0	0	0	0	0	0	0	522	100	980	0	228	0	0	0	26586	0	0	0	6686	0	324	0	0	0	0	0	398	0	848	0	0	0	0	0	0	0	0	0	0	0	454	0	0	0	0	0	
231364	Occipital_Mid_R	0	384	0	0	0	0	0	88	0	0	0	90	0	0	0	0	0	0	0	268	0	0	0	0	0	0	0	0	0	160	0	0	0	910	0	1068	0	186	0	0	0	0	164	14866	124	9438	170	6154	0	23234	0	0	0	2620	0	5034	0	908	0	6236	0	2554	0	468	0	14106	1556	10766	0	610	0	0	0	0	0	0	0	0	0	94	0	494	0	0	0	9690	0	0	0	3162	0	0	0	0	0	0	0	0	0	80	0	0	0	0	0	0	0	0	0	0	0	0	0	0	0	0	
107956	Occipital_Inf_L	554	82	0	0	0	0	0	0	0	0	0	0	0	0	0	0	202	0	0	0	0	0	0	0	0	0	0	0	384	0	0	0	0	0	114	0	308	0	284	0	0	0	4562	0	0	0	4606	0	178	0	16280	0	0	0	8266	0	382	0	0	0	0	0	176	0	94	0	1872	0	0	0	0	0	0	0	0	0	160	0	370	0	0	0	0	0	2240	0	0	0	6244	0	1368	0	166	0	0	0	966	0	2478	82	0	0	0	0	0	0	0	0	0	0	940	468	152	0	0	0	
60880	Occipital_Inf_R	0	474	0	0	0	0	0	182	0	0	0	224	0	110	0	0	0	0	0	0	0	0	0	0	0	0	0	0	0	148	0	0	0	0	0	698	0	1068	0	708	0	0	0	4500	0	942	0	3016	0	1522	0	2620	0	0	0	6592	0	578	0	0	0	0	0	0	0	0	0	1364	0	120	0	0	0	0	0	0	0	132	0	0	0	0	0	0	0	90	0	0	0	3320	0	86	0	0	0	0	0	196	0	1042	0	0	0	0	0	0	0	0	0	0	328	300	80	0	0	0	
436156	Fusiform_L	1284	124	106	0	0	0	0	0	0	0	176	0	0	0	0	0	120	0	0	0	234	0	0	0	0	0	0	0	4806	0	0	0	0	0	2266	122	20628	80	10552	0	3870	0	4420	0	0	0	14782	228	80	0	6946	0	8266	0	0	0	472	0	0	0	94	0	342	0	190	0	3474	0	108	0	84	0	2714	0	0	0	320	156	1376	0	1696	0	2250	0	4822	0	2380	0	17682	0	27878	178	5586	0	1000	132	21264	256	36170	248	80	0	82	0	130	0	0	0	0	88	6396	1084	256	0	0	0	
403268	Fusiform_R	0	1990	0	98	0	84	0	714	0	0	0	808	0	294	0	0	0	276	0	186	0	0	0	82	0	0	0	0	0	3034	0	0	0	308	176	2740	120	25520	0	20400	0	7212	210	7798	90	4746	324	16074	0	4764	0	5034	0	6592	0	0	0	1428	0	402	0	90	0	0	0	250	628	7730	0	662	0	0	0	1530	0	0	90	502	0	930	0	4276	0	5328	0	3192	0	1966	0	15246	978	11474	556	1556	0	242	784	8982	844	15520	0	0	0	0	160	90	0	0	0	0	3128	2074	1226	96	0	0	
280452	Postcentral_L	29650	754	2890	386	0	0	2688	0	0	0	2874	0	856	0	0	0	10540	0	338	580	0	0	0	0	0	0	0	0	4050	0	0	0	274	132	786	464	5382	120	640	0	0	0	1790	0	742	0	0	0	100	0	4544	0	382	0	472	0	0	0	6100	0	18514	0	10380	0	1966	0	3138	0	2952	0	1490	0	6902	0	2526	0	2406	750	992	0	3608	0	0	0	4084	0	0	0	2984	0	0	0	0	0	0	0	0	0	0	0	0	0	0	0	0	0	0	0	0	0	0	0	0	0	0	0	
170276	Postcentral_R	332	8616	0	162	0	0	0	200	0	0	0	158	0	0	0	0	0	3426	248	2300	0	0	0	0	0	0	0	0	0	378	0	84	0	2668	230	3998	0	2026	0	1062	0	0	0	4554	0	1488	0	228	0	560	0	908	0	578	0	1428	0	0	0	6808	0	8124	0	12224	0	836	886	9388	326	7490	0	536	0	184	0	82	0	334	0	332	0	632	0	0	0	704	0	0	0	620	0	0	0	0	0	0	0	0	0	0	0	0	0	0	0	0	0	0	0	0	0	0	0	0	0	0	
157944	Parietal_Sup_L	0	0	0	0	0	0	0	0	0	0	0	0	0	0	0	0	0	0	0	0	0	0	0	0	0	0	0	0	0	0	0	0	360	0	134	0	0	0	0	0	0	0	3372	0	1508	0	104	0	10024	0	19698	0	0	0	0	0	6100	0	0	0	12956	0	0	0	4402	0	16468	490	544	0	0	0	0	0	0	0	0	0	0	0	0	0	0	0	1598	0	0	0	1214	0	0	0	0	0	0	0	0	0	0	0	0	0	0	0	0	0	0	0	0	0	0	0	0	0	0	0	
152328	Parietal_Sup_R	0	96	0	0	0	0	0	0	0	0	0	0	0	0	0	0	0	0	0	0	0	0	0	0	0	0	0	0	0	0	0	0	0	120	0	254	0	92	0	0	0	0	0	3322	0	5840	0	194	0	12688	0	6236	0	0	0	402	0	6808	0	0	0	10270	0	4028	0	9574	1300	14276	0	136	0	0	0	0	0	0	0	0	0	0	0	80	0	0	0	448	0	0	0	0	0	0	0	0	0	0	0	0	0	0	0	0	0	0	0	0	0	0	0	0	0	0	0	0	0	0	
178908	Parietal_Inf_L	690	0	0	0	0	0	0	0	0	0	0	0	0	0	0	0	386	0	0	0	0	0	0	0	0	0	0	0	892	0	0	0	0	0	0	0	0	0	0	0	0	0	2354	0	384	0	96	0	390	0	15670	0	0	0	94	0	18514	0	12956	0	0	0	11980	0	14644	0	4014	0	848	0	0	0	0	0	0	0	0	0	0	0	324	0	0	0	2868	0	0	0	2350	0	0	0	0	0	0	0	0	0	0	0	0	0	0	0	0	0	0	0	0	0	0	0	0	0	0	0	
137620	Parietal_Inf_R	0	808	0	0	0	0	0	0	0	0	0	0	0	0	0	0	0	0	0	0	0	0	0	0	0	0	0	0	0	0	0	0	0	84	0	284	0	120	0	0	0	0	0	916	0	258	0	130	0	700	0	2554	0	0	0	90	0	8124	0	10270	0	0	0	21002	0	14788	206	1674	0	222	0	0	0	0	0	0	0	0	0	0	0	1116	0	0	0	5340	0	0	0	124	0	0	0	0	0	0	0	0	0	0	0	0	0	0	0	0	0	0	0	0	0	0	0	0	0	0	
110096	SupraMarginal_L	326	0	0	0	0	0	0	0	0	0	0	0	0	0	0	0	2202	0	0	0	0	0	0	0	0	0	0	0	1476	0	0	0	0	0	0	0	0	0	0	0	0	0	0	0	0	0	0	0	0	0	384	0	176	0	342	0	10380	0	0	0	11980	0	0	0	7262	0	0	0	0	0	0	0	0	0	0	0	90	0	0	0	8064	0	0	0	7318	0	0	0	5048	0	0	0	0	0	0	0	0	0	0	0	0	0	0	0	0	0	0	0	0	0	0	0	0	0	0	0	
127680	SupraMarginal_R	0	828	0	0	0	0	0	0	0	0	0	0	0	0	0	0	0	2262	0	0	0	0	0	0	0	0	0	0	0	0	0	0	0	0	0	334	0	312	0	0	0	0	0	230	0	0	0	0	0	0	0	468	0	0	0	0	0	12224	0	4028	0	21002	0	0	0	6600	0	488	0	0	0	0	0	0	0	0	0	0	0	504	0	5914	0	0	0	6498	0	0	0	2148	0	0	0	0	0	0	0	0	0	0	0	0	0	0	0	0	0	0	0	0	0	0	0	0	0	0	
132636	Angular_L	86	0	0	0	0	0	0	0	0	0	0	0	0	0	0	0	370	0	0	0	0	0	0	0	0	0	0	0	584	0	0	0	0	0	0	0	0	0	0	0	0	0	1294	0	84	0	0	0	0	0	21450	0	94	0	190	0	1966	0	4402	0	14644	0	7262	0	0	0	1274	0	542	0	0	0	0	0	0	0	0	0	0	0	1884	0	0	0	8528	0	0	0	1664	0	0	0	0	0	0	0	0	0	0	0	0	0	0	0	0	0	0	0	0	0	0	0	0	0	0	0	
126968	Angular_R	0	96	0	0	0	0	0	0	0	0	0	0	0	0	0	0	0	0	0	0	0	0	0	0	0	0	0	0	0	0	0	0	0	150	0	142	0	0	0	0	0	0	0	688	0	198	0	94	0	5586	0	14106	0	0	0	250	0	836	0	9574	0	14788	0	6600	0	0	86	984	0	294	0	0	0	0	0	0	0	0	0	0	0	1780	0	0	0	6350	0	0	0	882	0	0	0	0	0	0	0	0	0	0	0	0	0	0	0	0	0	0	0	0	0	0	0	0	0	0	
344120	Precuneus_L	0	108	0	0	0	0	0	0	0	0	0	0	0	0	0	0	0	0	0	124	0	0	0	0	0	0	0	0	212	0	0	0	5980	3024	9702	2142	3344	290	3390	102	0	0	21774	1868	12256	4836	5210	282	14720	3060	22746	1556	1872	0	3474	628	3138	886	16468	1300	4014	206	0	0	1274	86	0	16320	1316	328	0	0	0	0	0	0	0	0	0	0	0	0	0	0	2136	96	0	0	1570	130	0	0	0	0	0	0	92	0	0	0	0	0	0	0	0	0	0	0	0	0	0	0	0	0	0	0	
418820	Precuneus_R	0	432	0	0	0	0	0	0	0	0	0	0	0	0	0	0	0	0	0	1758	0	0	0	0	0	0	0	0	0	98	0	0	692	9760	1192	17126	202	5698	170	2458	0	0	1264	38022	2060	25252	90	8184	1524	17990	744	10766	0	1364	0	7730	0	9388	490	14276	0	1674	0	488	0	984	16320	0	284	5976	0	0	0	0	0	0	0	224	0	0	0	100	0	0	80	1778	0	0	0	1782	0	0	0	0	0	0	0	210	0	0	0	0	0	0	0	0	0	0	0	0	780	0	0	0	0	0	
251864	Paracentral_Lobule_L	34862	15374	664	1466	0	0	170	98	0	0	0	0	0	0	0	0	0	0	6072	14672	0	0	0	0	0	0	0	0	0	0	0	94	4226	8004	3768	666	340	0	100	0	0	0	656	0	254	0	0	0	0	0	1084	0	0	0	108	0	2952	326	544	0	848	0	0	0	542	0	1316	284	0	11432	1508	858	0	0	0	0	10942	1380	0	0	0	0	0	0	140	0	0	0	182	0	0	0	0	0	0	0	0	0	0	0	0	0	0	0	0	0	0	0	0	0	0	0	0	0	0	0	
183216	Paracentral_Lobule_R	5366	9842	0	0	0	0	0	0	0	0	0	0	0	0	0	0	0	0	576	16436	0	0	0	0	0	0	0	0	0	0	0	0	1492	17084	894	8342	0	768	0	434	0	0	0	1588	0	328	0	200	0	594	0	610	0	120	0	662	0	7490	0	136	0	222	0	0	0	294	328	5976	11432	0	0	0	0	0	0	0	0	0	0	0	0	0	0	0	0	154	0	0	0	240	0	0	0	0	0	0	0	0	0	0	0	0	0	0	0	0	0	0	0	0	0	0	0	0	0	0	
393176	Caudate_L	3752	3566	20030	11098	1880	844	620	1636	1040	0	7554	3810	520	4784	1294	0	4580	570	17694	9566	6732	7156	1498	598	594	1266	1916	1324	8164	1026	8396	3058	0	1514	0	0	1120	204	0	0	628	0	0	0	0	0	0	0	0	0	0	0	0	0	84	0	1490	0	0	0	0	0	0	0	0	0	0	0	1508	0	0	11860	17678	3230	2636	138	7704	4152	132	0	148	0	5796	0	0	0	0	0	0	0	0	0	0	0	0	0	0	0	0	0	0	0	0	0	0	0	0	0	0	0	0	0	0	0	0	0	
416332	Caudate_R	990	12954	3300	18870	242	2518	114	5822	100	0	426	6336	0	1210	120	0	396	1304	5314	5698	4652	7248	1270	15070	0	13520	388	3224	570	5540	3674	28906	0	968	0	0	118	128	0	0	0	454	0	0	0	0	0	0	0	0	0	0	0	0	0	0	0	536	0	0	0	0	0	0	0	0	0	0	858	0	11860	0	5760	15268	562	3318	160	18030	0	0	0	0	370	0	0	0	0	0	0	0	0	0	0	0	0	0	0	0	0	0	0	0	0	0	0	0	0	0	0	0	0	0	0	0	0	0	
362044	Putamen_L	11598	2226	17152	964	9012	338	2216	0	2904	0	1506	0	704	0	5816	0	986	0	12726	846	4922	5062	3146	90	310	462	1418	590	21374	0	11578	2328	0	0	0	0	9644	0	1664	0	392	0	0	0	0	0	0	0	0	0	0	0	0	0	2714	0	6902	0	0	0	0	0	0	0	0	0	0	0	0	0	17678	5760	0	1376	6934	0	1600	0	0	0	908	0	1776	0	0	0	0	0	1392	0	866	0	106	0	0	0	94	0	942	0	0	0	0	0	0	0	0	0	0	0	0	0	0	0	0	0	
284808	Putamen_R	0	5574	190	6962	0	4882	0	9248	0	0	1122	6618	0	5164	0	1380	374	6664	176	484	1168	1866	0	4950	0	8188	0	1876	1162	19138	982	8054	0	90	0	0	0	7864	0	3470	0	908	0	0	0	0	0	0	0	0	0	0	0	0	0	1530	0	184	0	0	0	0	0	0	0	0	0	0	0	0	3230	15268	1376	0	0	5508	0	4338	0	290	0	510	1076	262	0	0	0	0	0	120	0	0	0	0	0	0	0	158	0	0	0	0	0	0	0	0	0	0	0	0	0	0	0	0	0	0	
47716	Pallidum_L	3394	684	224	0	0	0	246	0	0	0	120	0	0	0	0	0	1032	0	1654	0	150	382	0	0	0	0	0	0	292	0	0	0	0	0	0	0	960	0	0	0	0	0	0	0	0	0	0	0	0	0	0	0	0	0	0	0	2526	0	0	0	0	0	0	0	0	0	0	0	0	0	2636	562	6934	0	0	0	1914	0	148	0	0	0	0	0	0	0	0	0	0	0	0	0	0	0	0	0	0	0	0	0	0	0	0	0	0	0	0	0	0	0	0	0	0	0	0	0	
38328	Pallidum_R	0	3446	0	830	0	0	0	2620	0	0	0	518	0	672	0	0	0	0	112	0	0	0	0	150	0	0	0	0	0	104	0	162	0	0	0	0	0	298	0	214	0	0	0	0	0	0	0	0	0	0	0	0	0	0	0	0	0	82	0	0	0	0	0	0	0	0	0	0	0	0	138	3318	0	5508	0	0	0	992	0	0	0	0	0	0	0	0	0	0	0	0	0	0	0	0	0	0	0	0	0	0	0	0	0	0	0	0	0	0	0	0	0	0	0	0	0	0	
146860	Thalamus_L	19202	2948	668	366	0	0	562	0	0	0	152	0	0	0	0	0	1028	0	0	0	0	0	0	0	0	0	0	0	772	0	126	0	0	0	2976	2312	5956	1718	708	280	228	0	0	0	0	0	0	0	0	0	522	0	160	0	320	90	2406	0	0	0	0	0	90	0	0	0	0	0	10942	0	7704	160	1600	0	1914	0	0	7010	0	0	0	0	0	0	150	0	0	0	360	0	0	0	0	0	0	0	0	0	0	0	0	0	0	0	0	0	0	0	0	0	0	0	0	0	0	0	
210952	Thalamus_R	1748	17496	4054	928	0	0	86	1358	0	0	560	1300	0	1144	0	0	0	1072	8468	0	0	0	0	200	0	120	0	0	828	2868	116	952	0	0	4730	4494	4420	6442	696	1836	0	538	0	0	0	0	0	118	0	0	100	0	0	132	156	502	750	334	0	0	0	0	0	0	0	0	0	224	1380	0	4152	18030	0	4338	0	992	7010	0	0	0	0	166	468	0	0	0	0	0	170	0	0	0	0	0	0	0	0	0	0	0	0	0	0	0	0	0	0	0	0	0	0	0	0	0	0	0	
63228	Heschl_L	1754	92	1244	154	0	0	884	0	0	0	948	0	780	0	0	0	2112	0	106	174	0	0	0	0	0	0	0	0	5590	0	0	0	0	0	80	0	1428	0	0	0	0	0	86	0	0	0	0	0	0	0	980	0	370	0	1376	0	992	0	0	0	0	0	0	0	0	0	0	0	0	0	132	0	0	0	148	0	0	0	0	0	3580	0	0	0	6296	0	0	0	2308	0	0	0	0	0	0	0	0	0	0	0	0	0	0	0	0	0	0	0	0	0	0	0	0	0	0	0	
30852	Heschl_R	0	308	0	228	0	0	0	220	0	0	0	178	0	84	0	0	0	2718	0	158	0	0	0	0	0	0	0	0	0	2382	0	0	0	0	0	0	0	536	0	104	0	0	0	0	0	0	0	0	0	0	0	94	0	0	0	930	0	332	0	0	0	0	0	504	0	0	0	0	0	0	0	0	0	290	0	0	0	0	0	0	0	4874	0	0	0	536	0	0	0	950	0	0	0	0	0	0	0	0	0	0	0	0	0	0	0	0	0	0	0	0	0	0	0	0	0	0	
142972	Temporal_Sup_L	1588	0	486	104	0	0	90	0	0	0	894	0	734	0	0	0	5466	0	94	102	0	0	0	0	0	0	0	0	5508	0	0	0	0	0	0	0	1380	0	0	0	0	0	0	0	0	0	0	0	0	0	228	0	0	0	1696	0	3608	0	0	0	324	0	8064	0	1884	0	0	0	0	0	148	0	908	0	0	0	0	0	3580	0	0	0	3020	0	19412	0	476	0	11692	0	0	0	0	0	0	0	0	0	0	0	0	0	0	0	0	0	0	0	0	0	0	0	0	0	0	0	
108968	Temporal_Sup_R	0	850	0	484	0	0	0	436	0	0	0	632	0	256	0	0	0	3396	0	454	0	0	0	0	0	0	0	0	0	5530	0	0	0	0	0	0	0	464	0	102	0	0	0	92	0	0	0	0	0	0	0	494	0	0	0	4276	0	632	0	80	0	1116	0	5914	0	1780	0	100	0	0	0	0	0	510	0	0	0	166	0	4874	0	0	0	3586	0	11516	0	860	0	5884	0	0	0	0	0	0	0	0	0	0	0	0	0	0	0	0	0	0	0	0	0	0	0	0	0	0	
148852	Temporal_Pole_Sup_L	368	148	1308	436	478	0	180	866	148	0	10456	2530	1196	4602	1260	0	5238	530	256	366	236	0	0	0	0	0	0	0	12920	916	776	0	0	92	0	0	318	168	162	0	144	0	0	0	0	0	0	0	0	0	0	0	0	0	2250	0	0	0	0	0	0	0	0	0	0	0	0	0	0	0	5796	370	1776	1076	0	0	0	468	0	0	3020	0	0	0	4904	0	4258	0	4410	0	0	0	0	0	0	0	0	0	0	0	0	0	0	0	0	0	0	0	0	0	0	0	0	0	0	0	
57780	Temporal_Pole_Sup_R	0	0	0	0	0	0	0	0	0	0	0	128	0	0	0	0	0	154	0	0	0	0	0	0	0	0	0	0	0	1942	0	0	0	0	0	0	0	786	0	3218	0	2180	0	0	0	0	0	0	0	0	0	0	0	0	0	5328	0	0	0	0	0	0	0	0	0	0	0	0	0	0	0	0	0	262	0	0	0	0	0	0	0	3586	0	0	0	3108	0	5346	0	2852	0	0	0	0	0	0	0	0	0	0	0	0	0	0	0	0	0	0	0	0	0	0	0	0	0	0	
305412	Temporal_Mid_L	1196	0	154	0	0	0	0	0	0	0	160	0	0	0	0	0	2498	0	0	0	0	0	0	0	0	0	0	0	2150	0	0	0	150	0	330	0	652	0	0	0	0	0	3926	0	634	0	0	0	164	0	26586	0	2240	0	4822	0	4084	0	1598	0	2868	0	7318	0	8528	0	2136	80	140	0	0	0	0	0	0	0	150	0	6296	0	19412	0	4904	0	0	0	5342	0	44188	0	0	0	0	0	0	0	0	0	0	0	0	0	0	0	0	0	0	0	0	0	0	0	0	0	0	0	
144216	Temporal_Mid_R	0	310	0	0	0	0	0	172	0	0	0	172	0	0	0	0	0	130	0	0	0	0	0	0	0	0	0	0	0	3140	0	0	0	80	0	454	0	312	0	0	0	0	0	2464	0	212	0	426	0	1006	0	9690	0	90	0	3192	0	704	0	448	0	5340	0	6498	0	6350	96	1778	0	154	0	0	0	0	0	0	0	0	0	536	0	11516	0	3108	0	0	0	1182	0	12548	0	0	0	0	0	0	0	0	0	0	0	0	0	0	0	0	0	0	0	0	0	0	0	0	0	0	
35780	Temporal_Pole_Mid_L	0	0	0	0	0	0	0	0	0	0	0	0	0	0	0	0	0	0	0	0	0	0	0	0	0	0	0	0	0	0	0	0	0	0	0	0	0	0	102	0	0	0	0	0	0	0	0	0	0	0	0	0	0	0	2380	0	0	0	0	0	0	0	0	0	0	0	0	0	0	0	0	0	0	0	0	0	0	0	0	0	476	0	4258	0	5342	0	0	0	5332	0	0	0	0	0	0	0	0	0	0	0	0	0	0	0	0	0	0	0	0	0	0	0	0	0	0	0	
27796	Temporal_Pole_Mid_R	0	0	0	0	0	0	0	0	0	0	0	0	0	0	0	0	0	0	0	0	0	0	0	0	0	0	0	0	0	1004	0	0	0	0	0	0	0	116	0	1900	0	324	0	0	0	0	0	0	0	0	0	0	0	0	0	1966	0	0	0	0	0	0	0	0	0	0	0	0	0	0	0	0	0	0	0	0	0	0	0	0	0	860	0	5346	0	1182	0	0	0	1200	0	0	0	0	0	0	0	0	0	0	0	0	0	0	0	0	0	0	0	0	0	0	0	0	0	0	
291568	Temporal_Inf_L	1534	188	110	0	0	0	0	0	0	0	110	0	0	0	0	0	1734	0	0	0	124	0	0	0	0	0	0	0	6014	0	0	0	0	0	258	112	10486	0	1484	0	2034	0	1786	0	0	0	0	0	0	0	6686	0	6244	0	17682	0	2984	0	1214	0	2350	0	5048	0	1664	0	1570	0	182	0	0	0	1392	0	0	0	360	170	2308	0	11692	0	4410	0	44188	0	5332	0	0	0	2366	0	326	0	0	0	446	0	1196	0	0	0	0	0	0	0	0	0	0	0	0	0	0	0	0	0	
128572	Temporal_Inf_R	0	764	0	0	0	0	0	326	0	0	0	334	0	106	0	0	0	268	0	0	0	0	0	0	0	0	0	0	0	3188	0	0	0	0	0	948	0	1918	0	592	0	184	0	2368	0	498	0	724	0	174	0	3162	0	3320	0	15246	0	620	0	0	0	124	0	2148	0	882	130	1782	0	240	0	0	0	120	0	0	0	0	0	950	0	5884	0	2852	0	12548	0	1200	0	0	0	686	0	0	0	0	0	0	0	0	0	0	0	0	0	0	0	0	0	0	0	0	0	0	0	0	
728504	Cerebelum_Crus1_L	88	0	0	0	0	0	0	0	0	0	0	0	0	0	0	0	0	0	0	0	0	0	0	0	0	0	0	0	378	0	0	0	0	0	0	0	2808	0	2114	0	0	0	428	0	0	0	7868	3974	0	0	324	0	1368	0	27878	978	0	0	0	0	0	0	0	0	0	0	0	0	0	0	0	0	866	0	0	0	0	0	0	0	0	0	0	0	0	0	0	0	2366	0	0	11236	49012	8608	6000	2702	38592	5756	79788	11506	10086	1612	12844	3264	7082	2854	1148	90	1340	4150	22522	12948	14548	2016	2556	554	
559112	Cerebelum_Crus1_R	0	0	0	0	0	0	0	0	0	0	0	0	0	0	0	0	0	0	0	0	0	0	0	0	0	0	0	0	0	0	0	0	0	0	0	0	0	174	0	350	0	0	764	0	0	0	2268	3670	0	0	0	0	0	86	178	11474	0	0	0	0	0	0	0	0	0	0	0	0	0	0	0	0	0	0	0	0	0	0	0	0	0	0	0	0	0	0	0	0	0	686	11236	0	7150	53114	640	6282	4462	26946	6606	63382	174	9154	448	11142	536	3160	0	102	960	4322	16632	12758	16118	2280	2216	86	
511188	Cerebelum_Crus2_L	0	0	0	0	0	0	0	0	0	0	0	0	0	0	0	0	0	0	0	0	0	0	0	0	0	0	0	0	0	0	0	0	0	0	0	0	730	0	846	0	0	0	94	0	0	0	798	1100	0	0	0	0	166	0	5586	556	0	0	0	0	0	0	0	0	0	0	0	0	0	0	0	0	106	0	0	0	0	0	0	0	0	0	0	0	0	0	0	0	326	0	49012	7150	0	12030	1462	1932	7792	2696	19422	6938	38696	6206	36262	7868	10584	2456	1220	0	422	1962	4908	4862	13736	5082	2326	262	
451516	Cerebelum_Crus2_R	0	0	0	0	0	0	0	0	0	0	0	0	0	0	0	0	0	0	0	0	0	0	0	0	0	0	0	0	0	0	0	0	0	0	0	0	0	94	0	164	0	0	344	0	0	0	988	792	0	0	0	0	0	0	0	1556	0	0	0	0	0	0	0	0	0	0	0	0	0	0	0	0	0	0	0	0	0	0	0	0	0	0	0	0	0	0	0	0	0	0	8608	53114	12030	0	422	4146	2628	11314	2314	26198	3990	26242	5112	27540	534	4434	0	228	540	2868	7664	3214	14028	3404	1248	0	
94676	Cerebelum_3_L	0	0	0	0	0	0	0	0	0	0	0	0	0	0	0	0	0	0	0	0	0	0	0	0	0	0	0	0	0	0	0	0	0	0	0	0	158	0	320	0	0	0	0	0	0	0	446	104	0	0	0	0	0	0	1000	0	0	0	0	0	0	0	0	0	0	0	0	0	0	0	0	0	0	0	0	0	0	0	0	0	0	0	0	0	0	0	0	0	0	0	6000	640	1462	422	0	570	11750	582	7426	742	158	0	306	0	2616	416	0	0	1854	5774	3156	372	458	236	370	0	
120728	Cerebelum_3_R	0	0	0	0	0	0	0	0	0	0	0	0	0	0	0	0	0	0	0	0	0	0	0	0	0	0	0	0	0	0	0	0	0	0	0	0	0	0	0	84	0	0	396	0	0	0	1880	124	0	0	0	0	0	0	132	242	0	0	0	0	0	0	0	0	0	0	0	0	0	0	0	0	0	0	0	0	0	0	0	0	0	0	0	0	0	0	0	0	0	0	2702	6282	1932	4146	570	0	2906	9392	1390	9564	0	0	0	88	268	1260	0	0	724	5838	4950	916	2460	894	1224	0	
466092	Cerebelum_4_5_L	0	0	0	0	0	0	0	0	0	0	0	0	0	0	0	0	0	0	0	0	0	0	0	0	0	0	0	0	254	0	0	0	0	0	0	0	1020	0	1810	0	0	0	676	0	0	0	11654	2442	0	0	398	0	966	0	21264	784	0	0	0	0	0	0	0	0	0	0	92	0	0	0	0	0	94	0	0	0	0	0	0	0	0	0	0	0	0	0	0	0	446	0	38592	4462	7792	2628	11750	2906	0	7184	54498	5510	236	0	540	82	6324	1106	324	0	1860	5746	31868	3140	1952	552	1284	810	
325384	Cerebelum_4_5_R	0	0	0	0	0	0	0	0	0	0	0	0	0	0	0	0	0	0	0	0	0	0	0	0	0	0	0	0	0	0	0	0	0	0	0	0	0	1466	0	3180	0	108	1260	0	0	0	3168	6062	0	0	0	0	0	196	256	8982	0	0	0	0	0	0	0	0	0	0	0	210	0	0	0	0	0	158	0	0	0	0	0	0	0	0	0	0	0	0	0	0	0	0	5756	26946	2696	11314	582	9392	7184	0	4394	35844	0	0	0	344	956	660	0	0	688	4488	18524	2812	3866	692	508	0	
626072	Cerebelum_6_L	82	0	0	0	0	0	0	0	0	0	0	0	0	0	0	0	0	0	0	0	0	0	0	0	0	0	0	0	516	0	0	0	0	0	0	0	3358	0	2556	0	0	0	556	0	0	0	12676	4318	0	0	848	0	2478	0	36170	844	0	0	0	0	0	0	0	0	0	0	0	0	0	0	0	0	942	0	0	0	0	0	0	0	0	0	0	0	0	0	0	0	1196	0	79788	6606	19422	2314	7426	1390	54498	4394	0	7672	2028	82	2456	406	3954	984	408	0	1120	2984	27002	13092	6752	414	932	372	
531836	Cerebelum_6_R	0	0	0	0	0	0	0	0	0	0	0	0	0	0	0	0	0	0	0	0	0	0	0	0	0	0	0	0	0	0	0	0	0	0	0	0	0	490	0	696	0	0	990	112	0	0	2894	7196	0	0	0	80	82	1042	248	15520	0	0	0	0	0	0	0	0	0	0	0	0	0	0	0	0	0	0	0	0	0	0	0	0	0	0	0	0	0	0	0	0	0	0	11506	63382	6938	26198	742	9564	5510	35844	7672	0	0	250	84	1670	660	3178	0	0	1238	5698	20458	15186	16032	2222	2536	0	
250400	Cerebelum_7b_L	0	0	0	0	0	0	0	0	0	0	0	0	0	0	0	0	0	0	0	0	0	0	0	0	0	0	0	0	0	0	0	0	0	0	0	0	0	0	0	0	0	0	0	0	0	0	0	0	0	0	0	0	0	0	80	0	0	0	0	0	0	0	0	0	0	0	0	0	0	0	0	0	0	0	0	0	0	0	0	0	0	0	0	0	0	0	0	0	0	0	10086	174	38696	3990	158	0	236	0	2028	0	0	4068	36334	6436	9952	920	1514	0	0	0	0	0	4520	5306	702	0	
186748	Cerebelum_7b_R	0	0	0	0	0	0	0	0	0	0	0	0	0	0	0	0	0	0	0	0	0	0	0	0	0	0	0	0	0	0	0	0	0	0	0	0	0	0	0	0	0	0	0	0	0	0	0	0	0	0	0	0	0	0	0	0	0	0	0	0	0	0	0	0	0	0	0	0	0	0	0	0	0	0	0	0	0	0	0	0	0	0	0	0	0	0	0	0	0	0	1612	9154	6206	26242	0	0	0	0	82	250	4068	0	5150	27418	0	4062	0	92	0	0	0	0	5358	3680	0	0	
312700	Cerebelum_8_L	0	0	0	0	0	0	0	0	0	0	0	0	0	0	0	0	0	0	0	0	0	0	0	0	0	0	0	0	0	0	0	0	0	0	0	0	0	0	0	0	0	0	0	0	0	0	0	0	0	0	0	0	0	0	82	0	0	0	0	0	0	0	0	0	0	0	0	0	0	0	0	0	0	0	0	0	0	0	0	0	0	0	0	0	0	0	0	0	0	0	12844	448	36262	5112	306	0	540	0	2456	84	36334	5150	0	12474	18200	3074	3172	0	0	0	132	100	6480	10718	2382	0	
277116	Cerebelum_8_R	0	0	0	0	0	0	0	0	0	0	0	0	0	0	0	0	0	0	0	0	0	0	0	0	0	0	0	0	0	0	0	0	0	0	0	0	0	0	0	0	0	0	0	0	0	0	0	0	0	0	0	0	0	0	0	0	0	0	0	0	0	0	0	0	0	0	0	0	0	0	0	0	0	0	0	0	0	0	0	0	0	0	0	0	0	0	0	0	0	0	3264	11142	7868	27540	0	88	82	344	406	1670	6436	27418	12474	0	1258	14942	0	538	0	0	136	178	9556	10410	2598	210	
159524	Cerebelum_9_L	0	0	0	0	0	0	0	0	0	0	0	0	0	0	0	0	0	0	0	0	0	0	0	0	0	0	0	0	0	0	0	0	0	0	0	0	0	0	0	0	0	0	0	0	0	0	96	424	0	0	0	0	0	0	130	160	0	0	0	0	0	0	0	0	0	0	0	0	0	0	0	0	0	0	0	0	0	0	0	0	0	0	0	0	0	0	0	0	0	0	7082	536	10584	534	2616	268	6324	956	3954	660	9952	0	18200	1258	0	1220	3700	0	212	1084	3784	1370	1016	1458	1642	542	
144640	Cerebelum_9_R	0	0	0	0	0	0	0	0	0	0	0	0	0	0	0	0	0	0	0	0	0	0	0	0	0	0	0	0	0	0	0	0	0	0	0	0	0	0	0	0	0	0	0	0	0	0	172	0	0	0	0	0	0	0	0	90	0	0	0	0	0	0	0	0	0	0	0	0	0	0	0	0	0	0	0	0	0	0	0	0	0	0	0	0	0	0	0	0	0	0	2854	3160	2456	4434	416	1260	1106	660	984	3178	920	4062	3074	14942	1220	0	0	778	498	1716	2716	3154	5104	4932	6274	2160	
22972	Cerebelum_10_L	0	0	0	0	0	0	0	0	0	0	0	0	0	0	0	0	0	0	0	0	0	0	0	0	0	0	0	0	0	0	0	0	0	0	0	0	0	0	0	0	0	0	0	0	0	0	0	0	0	0	0	0	0	0	0	0	0	0	0	0	0	0	0	0	0	0	0	0	0	0	0	0	0	0	0	0	0	0	0	0	0	0	0	0	0	0	0	0	0	0	1148	0	1220	0	0	0	324	0	408	0	1514	0	3172	0	3700	0	0	0	0	0	0	0	0	0	0	0	
3900	Cerebelum_10_R	0	0	0	0	0	0	0	0	0	0	0	0	0	0	0	0	0	0	0	0	0	0	0	0	0	0	0	0	0	0	0	0	0	0	0	0	0	0	0	0	0	0	0	0	0	0	0	0	0	0	0	0	0	0	0	0	0	0	0	0	0	0	0	0	0	0	0	0	0	0	0	0	0	0	0	0	0	0	0	0	0	0	0	0	0	0	0	0	0	0	90	102	0	228	0	0	0	0	0	0	0	92	0	538	0	778	0	0	0	0	0	0	122	0	0	0	
42200	Vermis_1_2	0	0	0	0	0	0	0	0	0	0	0	0	0	0	0	0	0	0	0	0	0	0	0	0	0	0	0	0	0	0	0	0	0	0	0	0	0	0	0	0	0	0	0	0	0	0	232	0	0	0	0	0	0	0	0	0	0	0	0	0	0	0	0	0	0	0	0	0	0	0	0	0	0	0	0	0	0	0	0	0	0	0	0	0	0	0	0	0	0	0	1340	960	422	540	1854	724	1860	688	1120	1238	0	0	0	0	212	498	0	0	0	4896	2512	858	654	88	404	0	
128164	Vermis_3	0	0	0	0	0	0	0	0	0	0	0	0	0	0	0	0	0	0	0	0	0	0	0	0	0	0	0	0	0	0	0	0	0	0	0	0	0	0	180	0	0	0	90	0	0	0	430	0	0	0	0	0	0	0	88	0	0	0	0	0	0	0	0	0	0	0	0	0	0	0	0	0	0	0	0	0	0	0	0	0	0	0	0	0	0	0	0	0	0	0	4150	4322	1962	2868	5774	5838	5746	4488	2984	5698	0	0	0	0	1084	1716	0	0	4896	0	5460	1502	2294	950	1562	0	
459364	Vermis_4_5	0	0	0	0	0	0	0	0	0	0	0	0	0	0	0	0	0	0	0	0	0	0	0	0	0	0	0	0	0	0	0	0	0	0	0	400	0	304	126	148	0	0	1904	0	0	0	9352	7948	0	0	454	0	940	328	6396	3128	0	0	0	0	0	0	0	0	0	0	0	780	0	0	0	0	0	0	0	0	0	0	0	0	0	0	0	0	0	0	0	0	0	0	22522	16632	4908	7664	3156	4950	31868	18524	27002	20458	0	0	132	136	3784	2716	0	0	2512	5460	0	12746	6812	694	2214	2584	
237748	Vermis_6	0	0	0	0	0	0	0	0	0	0	0	0	0	0	0	0	0	0	0	0	0	0	0	0	0	0	0	0	0	0	0	0	0	0	0	0	0	0	0	0	0	0	0	0	0	0	2476	5944	0	0	0	0	468	300	1084	2074	0	0	0	0	0	0	0	0	0	0	0	0	0	0	0	0	0	0	0	0	0	0	0	0	0	0	0	0	0	0	0	0	0	0	12948	12758	4862	3214	372	916	3140	2812	13092	15186	0	0	100	178	1370	3154	0	0	858	1502	12746	0	11956	896	2864	1604	
319028	Vermis_7	0	0	0	0	0	0	0	0	0	0	0	0	0	0	0	0	0	0	0	0	0	0	0	0	0	0	0	0	0	0	0	0	0	0	0	0	0	0	0	148	0	0	196	0	0	0	1004	2426	0	0	0	0	152	80	256	1226	0	0	0	0	0	0	0	0	0	0	0	0	0	0	0	0	0	0	0	0	0	0	0	0	0	0	0	0	0	0	0	0	0	0	14548	16118	13736	14028	458	2460	1952	3866	6752	16032	4520	5358	6480	9556	1016	5104	0	122	654	2294	6812	11956	0	6306	3456	442	
