data	data	406332	204284	857348	955624	147528	109276	566312	325604	66776	26168	244296	257392	337392	174472	182024	133388	293904	179036	644280	1.00499e+06	64156	84052	503764	608184	70848	166888	40240	86884	696472	450316	366260	586396	169436	674412	129428	130192	287740	287080	112540	188268	37748	49568	226344	319900	127316	309600	246484	230908	177648	294304	496840	239888	161224	64708	386348	365792	299012	186160	170312	100964	240840	96268	87432	109984	187088	119544	304952	422092	239624	92588	412948	621176	425132	613440	53028	130992	163936	153236	92404	27552	202808	115192	65040	68640	283200	218676	16004	8448	219368	161380	468284	389540	318304	343412	33164	44324	342704	232260	451808	342180	208164	108932	261744	217628	83364	114228	16408	12016	32460	39664	277136	215764	229308	137888	105280	17856	
data	data	Precentral_L	Precentral_R	Frontal_Sup_L	Frontal_Sup_R	Frontal_Sup_Orb_L	Frontal_Sup_Orb_R	Frontal_Mid_L	Frontal_Mid_R	Frontal_Mid_Orb_L	Frontal_Mid_Orb_R	Frontal_Inf_Oper_L	Frontal_Inf_Oper_R	Frontal_Inf_Tri_L	Frontal_Inf_Tri_R	Frontal_Inf_Orb_L	Frontal_Inf_Orb_R	Rolandic_Oper_L	Rolandic_Oper_R	Supp_Motor_Area_L	Supp_Motor_Area_R	Olfactory_L	Olfactory_R	Frontal_Sup_Medial_L	Frontal_Sup_Medial_R	Frontal_Med_Orb_L	Frontal_Med_Orb_R	Rectus_L	Rectus_R	Insula_L	Insula_R	Cingulum_Ant_L	Cingulum_Ant_R	Cingulum_Mid_L	Cingulum_Mid_R	Cingulum_Post_L	Cingulum_Post_R	Hippocampus_L	Hippocampus_R	ParaHippocampal_L	ParaHippocampal_R	Amygdala_L	Amygdala_R	Calcarine_L	Calcarine_R	Cuneus_L	Cuneus_R	Lingual_L	Lingual_R	Occipital_Sup_L	Occipital_Sup_R	Occipital_Mid_L	Occipital_Mid_R	Occipital_Inf_L	Occipital_Inf_R	Fusiform_L	Fusiform_R	Postcentral_L	Postcentral_R	Parietal_Sup_L	Parietal_Sup_R	Parietal_Inf_L	Parietal_Inf_R	SupraMarginal_L	SupraMarginal_R	Angular_L	Angular_R	Precuneus_L	Precuneus_R	Paracentral_Lobule_L	Paracentral_Lobule_R	Caudate_L	Caudate_R	Putamen_L	Putamen_R	Pallidum_L	Pallidum_R	Thalamus_L	Thalamus_R	Heschl_L	Heschl_R	Temporal_Sup_L	Temporal_Sup_R	Temporal_Pole_Sup_L	Temporal_Pole_Sup_R	Temporal_Mid_L	Temporal_Mid_R	Temporal_Pole_Mid_L	Temporal_Pole_Mid_R	Temporal_Inf_L	Temporal_Inf_R	Cerebelum_Crus1_L	Cerebelum_Crus1_R	Cerebelum_Crus2_L	Cerebelum_Crus2_R	Cerebelum_3_L	Cerebelum_3_R	Cerebelum_4_5_L	Cerebelum_4_5_R	Cerebelum_6_L	Cerebelum_6_R	Cerebelum_7b_L	Cerebelum_7b_R	Cerebelum_8_L	Cerebelum_8_R	Cerebelum_9_L	Cerebelum_9_R	Cerebelum_10_L	Cerebelum_10_R	Vermis_1_2	Vermis_3	Vermis_4_5	Vermis_6	Vermis_7	Vermis_8	Vermis_9	Vermis_10	
406332	Precentral_L	0	228	6416	3512	0	0	22776	100	0	0	12038	0	1446	0	0	0	17652	0	8354	6586	0	0	0	0	0	0	0	0	13354	0	126	0	78	594	0	0	7156	154	818	0	0	0	0	0	0	0	0	0	0	0	1394	0	1182	0	2446	0	28528	0	1074	0	2510	0	88	0	330	0	128	0	27438	88	4744	1074	5560	136	746	0	14884	608	2908	0	2946	0	0	0	1058	0	0	0	1908	0	0	0	0	0	0	0	0	0	0	0	0	0	0	0	0	0	0	0	0	0	0	0	0	0	0	0	
204284	Precentral_R	228	0	124	7334	0	0	90	8754	0	0	0	6246	0	496	0	0	0	3578	478	16652	0	0	0	98	0	0	0	0	104	5706	0	110	0	592	0	0	0	4376	0	748	0	0	0	100	0	74	0	138	0	76	0	194	0	0	0	4832	0	14408	0	106	0	1442	0	2170	0	254	0	1058	1532	1540	1134	1072	684	2278	0	584	172	7464	0	404	0	1422	0	92	0	1536	0	0	0	1662	0	0	0	0	0	0	0	0	0	0	0	0	0	0	0	0	0	0	0	0	0	0	0	0	0	0	
857348	Frontal_Sup_L	6416	124	0	11972	14584	356	73162	578	3580	0	14048	714	27076	558	7548	704	10320	144	48440	18186	0	80	42512	10110	3138	1906	88	0	43212	1432	13262	7096	3688	10580	0	0	2518	0	0	0	0	0	0	0	0	0	0	0	0	0	0	0	0	0	546	0	2534	0	0	0	258	0	0	0	0	0	0	0	454	0	12392	5528	15850	2196	2218	280	3418	76	1230	0	1814	0	1252	0	0	0	0	0	496	0	0	0	0	0	0	0	0	0	0	0	0	0	0	0	0	0	0	0	0	0	0	0	0	0	0	0	
955624	Frontal_Sup_R	3512	7334	11972	0	502	4532	5282	35200	0	290	670	13690	640	6720	1314	4220	240	9414	13844	69558	0	0	10570	46754	394	4816	0	86	3568	18658	7114	35362	2104	28230	0	0	2242	2494	78	756	0	0	0	0	0	0	0	0	0	0	90	0	0	0	468	394	174	3338	0	0	122	294	0	562	0	0	0	162	218	102	17166	33324	11686	39906	364	10094	1122	3120	406	208	178	130	0	1664	94	0	0	0	266	0	0	0	0	0	0	0	0	0	0	0	0	0	0	0	0	0	0	0	0	0	0	0	0	0	0	0	
147528	Frontal_Sup_Orb_L	0	0	14584	502	0	80	5578	0	8484	0	206	0	3148	0	6398	0	0	0	376	360	792	0	3592	666	3212	1080	4332	0	6038	0	3494	498	0	0	0	0	0	0	0	0	0	0	0	0	0	0	0	0	0	0	0	0	0	0	0	0	0	0	0	0	0	0	0	0	0	0	0	0	0	0	2262	432	7104	180	0	0	118	0	0	0	0	0	248	0	0	0	0	0	0	0	0	0	0	0	0	0	0	0	0	0	0	0	0	0	0	0	0	0	0	0	0	0	0	0	0	0	
109276	Frontal_Sup_Orb_R	0	0	356	4532	80	0	0	1588	0	3676	0	0	0	74	0	1744	0	0	176	502	0	816	858	6420	524	8492	0	6946	76	616	698	3924	0	140	0	0	0	0	0	0	0	0	0	0	0	0	0	0	0	0	0	0	0	0	0	0	0	0	0	0	0	0	0	0	0	0	0	0	0	0	478	5784	240	5808	0	0	0	90	0	0	0	0	0	0	0	0	0	0	0	0	0	0	0	0	0	0	0	0	0	0	0	0	0	0	0	0	0	0	0	0	0	0	0	0	0	0	
566312	Frontal_Mid_L	22776	90	73162	5282	5578	0	0	292	4192	0	10368	324	37330	0	6250	128	6346	228	11040	5922	0	0	17600	2170	0	112	0	0	29054	382	5274	1518	1324	2214	0	0	2818	0	100	0	0	0	0	0	0	0	0	0	0	0	0	0	0	0	476	0	2114	0	0	0	0	0	0	0	0	0	0	0	1680	0	8870	1508	4886	698	374	0	7954	88	170	0	1774	0	0	76	0	0	0	0	614	0	0	0	0	0	0	0	0	0	0	0	0	0	0	0	0	0	0	0	0	0	0	0	0	0	0	0	
325604	Frontal_Mid_R	100	8754	578	35200	0	1588	292	0	0	898	122	14970	0	16652	112	3562	96	5842	1676	9410	0	0	986	7874	0	426	0	0	840	11020	508	4240	0	8260	0	0	0	1504	0	542	0	0	0	0	0	0	0	0	0	0	0	0	0	0	0	224	0	2210	0	0	0	206	0	344	0	0	0	80	0	0	2174	5254	1252	11100	0	1928	0	1230	0	302	98	164	0	184	0	0	0	0	0	0	0	0	0	0	0	0	0	0	0	0	0	0	0	0	0	0	0	0	0	0	0	0	0	0	0	0	
66776	Frontal_Mid_Orb_L	0	0	3580	0	8484	0	4192	0	0	0	0	0	3850	0	9030	0	0	0	86	0	0	0	108	0	124	0	1184	0	1436	0	250	0	0	0	0	0	0	0	0	0	0	0	0	0	0	0	0	0	0	0	0	0	0	0	0	0	0	0	0	0	0	0	0	0	0	0	0	0	0	0	194	0	870	0	0	0	0	0	0	0	0	0	0	0	0	0	0	0	0	0	0	0	0	0	0	0	0	0	0	0	0	0	0	0	0	0	0	0	0	0	0	0	0	0	0	0	
26168	Frontal_Mid_Orb_R	0	0	0	290	0	3676	0	898	0	0	0	0	0	176	0	3914	0	0	0	240	0	0	0	0	0	506	0	500	0	328	0	0	0	118	0	0	0	0	0	0	0	0	0	0	0	0	0	0	0	0	0	0	0	0	0	0	0	0	0	0	0	0	0	0	0	0	0	0	0	0	0	730	0	1708	0	0	0	0	0	0	0	0	0	0	0	0	0	0	0	0	0	0	0	0	0	0	0	0	0	0	0	0	0	0	0	0	0	0	0	0	0	0	0	0	0	0	
244296	Frontal_Inf_Oper_L	12038	0	14048	670	206	0	10368	122	0	0	0	94	15180	142	766	0	12336	0	2980	712	0	0	1232	202	0	0	0	0	27802	170	3362	518	348	580	0	0	876	0	0	0	0	0	0	0	0	0	0	0	0	0	0	0	0	0	302	0	5632	0	0	0	0	0	0	0	0	0	0	0	0	0	1828	314	1466	0	0	0	0	0	600	0	4140	0	2670	0	116	0	0	0	328	0	0	0	0	0	0	0	0	0	0	0	0	0	0	0	0	0	0	0	0	0	0	0	0	0	0	0	
257392	Frontal_Inf_Oper_R	0	6246	714	13690	0	0	324	14970	0	0	94	0	0	9916	174	176	0	8270	1738	12432	0	0	814	3804	0	0	0	0	564	22394	984	2468	100	9782	0	0	0	892	0	360	0	0	0	0	0	0	0	0	0	0	0	0	0	0	0	292	0	2920	0	0	0	0	0	104	0	0	0	106	0	0	1594	2078	684	4538	0	1200	0	1032	0	424	0	250	0	2568	0	0	0	0	0	0	0	0	0	0	0	0	0	0	0	0	0	0	0	0	0	0	0	0	0	0	0	0	0	0	0	0	
337392	Frontal_Inf_Tri_L	1446	0	27076	640	3148	0	37330	0	3850	0	15180	0	0	0	15666	0	1668	0	4572	678	0	0	7602	940	0	0	0	0	33658	0	6558	926	812	1054	0	0	128	0	0	0	0	0	0	0	0	0	0	0	0	0	0	0	0	0	0	0	400	0	0	0	0	0	0	0	0	0	0	0	0	0	914	232	1228	104	0	0	0	0	252	0	896	0	1738	0	0	0	0	0	0	0	0	0	0	0	0	0	0	0	0	0	0	0	0	0	0	0	0	0	0	0	0	0	0	0	0	0	
174472	Frontal_Inf_Tri_R	0	496	558	6720	0	74	0	16652	0	176	142	9916	0	0	232	5818	0	1072	774	3648	0	0	800	2698	0	74	0	0	512	15348	708	3412	0	4818	0	0	0	624	0	382	0	0	0	0	0	0	0	0	0	0	0	0	0	0	0	228	0	178	0	0	0	0	0	0	0	0	0	0	0	0	1444	3114	826	4870	0	766	0	0	0	0	0	0	0	156	0	0	0	0	0	0	0	0	0	0	0	0	0	0	0	0	0	0	0	0	0	0	0	0	0	0	0	0	0	0	0	0	
182024	Frontal_Inf_Orb_L	0	0	7548	1314	6398	0	6250	112	9030	0	766	174	15666	232	0	112	0	0	2008	1686	932	0	2728	1072	0	170	532	0	17746	300	1102	884	306	1230	0	0	328	0	312	0	348	0	0	0	0	0	0	0	0	0	0	0	0	0	100	0	0	0	0	0	0	0	0	0	0	0	0	0	0	0	3818	1208	4812	526	0	0	0	0	0	0	134	0	1128	0	0	0	0	0	0	0	0	0	0	0	0	0	0	0	0	0	0	0	0	0	0	0	0	0	0	0	0	0	0	0	0	0	
133388	Frontal_Inf_Orb_R	0	0	704	4220	0	1744	128	3562	0	3914	0	176	0	5818	112	0	0	0	1700	3266	0	1440	1412	1722	0	96	0	1482	186	12252	544	2334	0	4352	0	0	0	102	0	0	0	0	0	0	0	0	0	0	0	0	0	0	0	0	0	0	0	0	0	0	0	0	0	0	0	0	0	0	0	0	518	6438	200	7654	0	300	0	0	0	0	0	0	0	318	0	0	0	0	0	0	0	0	0	0	0	0	0	0	0	0	0	0	0	0	0	0	0	0	0	0	0	0	0	0	0	0	
293904	Rolandic_Oper_L	17652	0	10320	240	0	0	6346	96	0	0	12336	0	1668	0	0	0	0	0	9806	342	0	0	0	0	0	0	0	0	26668	0	218	0	0	94	0	0	3696	0	122	0	0	0	0	0	0	0	0	0	0	0	1756	0	126	0	868	0	18294	0	1206	0	2672	0	2640	0	666	0	0	0	208	0	420	0	4018	0	786	0	282	0	8594	0	11074	0	2126	0	1028	0	0	0	584	0	0	0	0	0	0	0	0	0	0	0	0	0	0	0	0	0	0	0	0	0	0	0	0	0	0	0	
179036	Rolandic_Oper_R	0	3578	144	9414	0	0	228	5842	0	0	0	8270	0	1072	0	0	0	0	210	5376	0	0	96	422	0	0	0	0	172	20148	332	548	0	1478	0	0	0	1990	0	278	0	0	0	0	0	0	0	0	0	0	0	0	0	0	0	334	0	5728	0	108	0	146	0	2500	0	0	0	226	0	312	748	1656	440	3878	0	420	0	1736	0	3958	0	4474	0	2806	0	332	0	0	0	118	0	0	0	0	0	0	0	0	0	0	0	0	0	0	0	0	0	0	0	0	0	0	0	0	0	0	
644280	Supp_Motor_Area_L	8354	478	48440	13844	376	176	11040	1676	86	0	2980	1738	4572	774	2008	1700	9806	210	0	44328	0	158	12404	6612	0	338	0	0	18810	2370	4110	5524	9584	22284	242	0	5952	108	140	0	308	0	0	0	0	0	0	0	0	0	354	0	0	0	1076	0	6258	0	344	0	1996	0	370	0	524	0	0	0	10766	92	12498	5416	17460	2022	6466	350	8784	292	2988	0	1206	0	266	128	206	0	0	0	748	0	0	0	0	0	0	0	0	0	0	0	0	0	0	0	0	0	0	0	0	0	0	0	0	0	0	0	
1.00499e+06	Supp_Motor_Area_R	6586	16652	18186	69558	360	502	5922	9410	0	240	712	12432	678	3648	1686	3266	342	5376	44328	0	0	212	9638	22474	0	506	0	0	4646	15452	3326	14544	7816	54076	1664	2508	3132	4528	96	814	0	0	0	140	0	166	0	156	0	350	652	316	812	0	1338	4114	372	3240	0	350	250	424	0	702	0	216	0	3088	12294	6784	19338	33578	16384	22674	1850	9636	2100	9932	476	134	178	988	0	1272	370	864	0	0	588	1052	0	0	0	0	0	0	0	0	0	0	0	0	0	0	0	0	0	0	0	0	0	0	0	0	0	0	
64156	Olfactory_L	0	0	0	0	792	0	0	0	0	0	0	0	0	0	932	0	0	0	0	0	0	5496	0	0	312	184	2364	1056	1290	0	2530	1970	0	0	0	0	600	0	556	0	690	0	0	0	0	0	0	0	0	0	0	0	0	0	212	0	0	0	0	0	0	0	0	0	0	0	0	0	0	0	5184	4446	2144	996	0	0	0	0	0	0	0	0	324	0	0	0	0	0	0	0	0	0	0	0	0	0	0	0	0	0	0	0	0	0	0	0	0	0	0	0	0	0	0	0	0	0	
84052	Olfactory_R	0	0	80	0	0	816	0	0	0	0	0	0	0	0	0	1440	0	0	158	212	5496	0	108	144	328	952	1838	3722	0	2442	2530	3092	0	428	0	0	0	182	0	0	0	860	0	0	0	0	0	0	0	0	0	0	0	0	0	0	0	0	0	0	0	0	0	0	0	0	0	0	0	0	5918	6624	2074	1652	0	0	0	282	0	0	0	0	0	648	0	0	0	0	0	0	0	0	0	0	0	0	0	0	0	0	0	0	0	0	0	0	0	0	0	0	0	0	0	0	0	0	
503764	Frontal_Sup_Medial_L	0	0	42512	10570	3592	858	17600	986	108	0	1232	814	7602	800	2728	1412	0	96	12404	9638	0	108	0	30854	6310	4592	150	0	6894	1352	28588	21166	6788	18820	0	0	0	86	0	0	0	0	0	0	0	0	0	0	0	0	0	0	0	0	0	0	0	0	0	0	0	0	0	0	0	0	0	0	0	0	1562	4774	2792	3194	0	710	0	96	0	0	0	0	0	94	0	0	0	0	0	0	0	0	0	0	0	0	0	0	0	0	0	0	0	0	0	0	0	0	0	0	0	0	0	0	0	0	
608184	Frontal_Sup_Medial_R	0	98	10110	46754	666	6420	2170	7874	0	0	202	3804	940	2698	1072	1722	0	422	6612	22474	0	144	30854	0	1962	11494	0	2484	1410	2736	11194	40998	810	25698	0	0	0	212	0	104	0	0	0	0	0	0	0	0	0	0	0	0	0	0	0	0	0	0	0	0	0	0	0	0	0	0	0	0	0	0	3470	26144	1512	22926	0	4602	0	1186	0	0	0	0	0	114	0	0	0	0	0	0	0	0	0	0	0	0	0	0	0	0	0	0	0	0	0	0	0	0	0	0	0	0	0	0	0	0	
70848	Frontal_Med_Orb_L	0	0	3138	394	3212	524	0	0	124	0	0	0	0	0	0	0	0	0	0	0	312	328	6310	1962	0	5960	1230	1214	0	0	7526	1474	0	0	0	0	0	0	0	0	0	0	0	0	0	0	0	0	0	0	0	0	0	0	0	0	0	0	0	0	0	0	0	0	0	0	0	0	0	0	394	542	522	258	0	0	0	0	0	0	0	0	0	0	0	0	0	0	0	0	0	0	0	0	0	0	0	0	0	0	0	0	0	0	0	0	0	0	0	0	0	0	0	0	0	0	
166888	Frontal_Med_Orb_R	0	0	1906	4816	1080	8492	112	426	0	506	0	0	0	74	170	96	0	0	338	506	184	952	4592	11494	5960	0	310	9104	116	102	5502	9422	0	200	0	0	0	0	0	0	0	0	0	0	0	0	0	0	0	0	0	0	0	0	0	0	0	0	0	0	0	0	0	0	0	0	0	0	0	0	1020	8156	600	7096	0	0	0	112	0	0	0	0	0	0	0	0	0	0	0	0	0	0	0	0	0	0	0	0	0	0	0	0	0	0	0	0	0	0	0	0	0	0	0	0	0	0	
40240	Rectus_L	0	0	88	0	4332	0	0	0	1184	0	0	0	0	0	532	0	0	0	0	0	2364	1838	150	0	1230	310	0	766	280	0	2334	708	0	0	0	0	0	0	0	0	0	0	0	0	0	0	0	0	0	0	0	0	0	0	0	0	0	0	0	0	0	0	0	0	0	0	0	0	0	0	1540	1222	732	400	0	0	0	0	0	0	0	0	110	0	0	0	0	0	0	0	0	0	0	0	0	0	0	0	0	0	0	0	0	0	0	0	0	0	0	0	0	0	0	0	0	0	
86884	Rectus_R	0	0	0	86	0	6946	0	0	0	500	0	0	0	0	0	1482	0	0	0	0	1056	3722	0	2484	1214	9104	766	0	0	948	1502	5064	0	0	0	0	0	0	0	0	0	0	0	0	0	0	0	0	0	0	0	0	0	0	0	0	0	0	0	0	0	0	0	0	0	0	0	0	0	0	458	4232	116	3762	0	0	0	0	0	0	0	0	0	0	0	0	0	0	0	0	0	0	0	0	0	0	0	0	0	0	0	0	0	0	0	0	0	0	0	0	0	0	0	0	0	0	
696472	Insula_L	13354	104	43212	3568	6038	76	29054	840	1436	0	27802	564	33658	512	17746	186	26668	172	18810	4646	1290	0	6894	1410	0	116	280	0	0	880	5724	1482	656	1602	0	0	17394	0	820	0	1152	0	0	0	0	0	0	0	0	0	462	0	100	0	5352	0	5054	0	296	0	820	0	390	0	92	0	0	0	212	0	10746	2178	21122	564	82	0	716	0	7364	0	11386	0	4704	88	3398	0	0	0	4964	0	0	0	0	0	0	0	0	0	0	0	0	0	0	0	0	0	0	0	0	0	0	0	0	0	0	0	
450316	Insula_R	0	5706	1432	18658	0	616	382	11020	0	328	170	22394	0	15348	300	12252	0	20148	2370	15452	0	2442	1352	2736	0	102	0	948	880	0	1286	3652	146	11196	0	0	102	8336	0	2230	0	1444	0	0	0	0	0	0	0	0	0	0	0	0	0	3122	0	4672	0	0	0	78	0	748	0	0	0	0	0	82	2698	7730	1416	17452	0	786	0	2810	0	2182	86	7554	0	5564	0	3100	0	0	0	1650	0	0	0	0	0	0	0	0	0	0	0	0	0	0	0	0	0	0	0	0	0	0	0	0	0	0	
366260	Cingulum_Ant_L	126	0	13262	7114	3494	698	5274	508	250	0	3362	984	6558	708	1102	544	218	332	4110	3326	2530	2530	28588	11194	7526	5502	2334	1502	5724	1286	0	26954	8208	8788	228	0	0	206	0	0	0	0	0	0	0	0	0	0	0	0	0	0	0	0	0	0	0	0	0	0	0	0	0	0	0	0	0	0	0	0	5652	4982	3808	2894	0	330	0	198	0	0	0	0	196	0	0	0	0	0	0	0	0	0	0	0	0	0	0	0	0	0	0	0	0	0	0	0	0	0	0	0	0	0	0	0	0	0	
586396	Cingulum_Ant_R	0	110	7096	35362	498	3924	1518	4240	0	0	518	2468	926	3412	884	2334	0	548	5524	14544	1970	3092	21166	40998	1474	9422	708	5064	1482	3652	26954	0	3882	26256	0	0	0	382	0	0	0	0	0	0	0	0	0	0	0	0	0	0	0	0	0	0	0	0	0	0	0	0	0	0	0	0	0	0	0	0	6658	28560	2478	19806	0	3826	0	1462	0	0	0	0	0	0	0	0	0	0	0	0	0	0	0	0	0	0	0	0	0	0	0	0	0	0	0	0	0	0	0	0	0	0	0	0	0	0	
169436	Cingulum_Mid_L	78	0	3688	2104	0	0	1324	0	0	0	348	100	812	0	306	0	0	0	9584	7816	0	0	6788	810	0	0	0	0	656	146	8208	3882	0	16562	4716	1452	0	0	0	0	0	0	800	334	0	378	350	0	322	254	1188	188	312	0	174	0	86	0	182	0	216	0	0	0	200	96	4174	1412	2892	806	0	210	0	154	0	0	0	0	0	0	0	0	0	0	254	274	0	0	82	0	0	0	0	0	0	0	0	0	0	0	0	0	0	0	0	0	0	0	0	0	0	0	0	0	0	0	
674412	Cingulum_Mid_R	594	592	10580	28230	0	140	2214	8260	0	118	580	9782	1054	4818	1230	4352	94	1478	22284	54076	0	428	18820	25698	0	200	0	0	1602	11196	8788	26256	16562	0	3050	4768	0	660	0	282	0	0	0	3376	0	3160	0	272	0	1660	696	762	826	0	788	540	0	1906	0	282	0	90	0	114	0	236	342	10296	6058	7346	1034	10596	280	10030	86	4102	0	288	0	0	0	0	0	690	344	1396	0	0	320	214	0	0	0	0	0	0	0	0	0	0	0	0	0	0	0	0	0	0	0	0	290	0	0	0	0	0	
129428	Cingulum_Post_L	0	0	0	0	0	0	0	0	0	0	0	0	0	0	0	0	0	0	242	1664	0	0	0	0	0	0	0	0	0	0	228	0	4716	3050	0	9340	1956	2552	794	214	0	0	4682	174	200	404	3346	382	422	152	3332	0	2110	0	2136	1048	384	92	330	0	492	0	0	0	492	0	9242	3894	2140	1068	0	0	0	0	0	0	158	114	0	0	0	0	0	0	714	0	0	0	622	0	0	0	0	0	0	0	722	76	0	0	0	0	0	0	0	0	0	0	0	0	1030	0	0	0	0	0	
130192	Cingulum_Post_R	0	0	0	0	0	0	0	0	0	0	0	0	0	0	0	0	0	0	0	2508	0	0	0	0	0	0	0	0	0	0	0	0	1452	4768	9340	0	2314	3890	1518	1458	0	0	142	1008	0	1442	1060	4356	154	452	300	102	334	0	700	3902	0	74	0	0	0	0	0	0	0	0	2808	12804	1014	886	0	0	0	0	0	0	658	544	0	0	0	0	0	0	78	352	0	0	210	0	0	0	0	0	0	0	0	698	0	0	0	0	0	0	0	0	0	0	0	0	3770	0	0	0	0	0	
287740	Hippocampus_L	7156	0	2518	2242	0	0	2818	0	0	0	876	0	128	0	328	0	3696	0	5952	3132	600	0	0	0	0	0	0	0	17394	102	0	0	0	0	1956	2314	0	1478	12454	1018	7224	0	322	0	0	0	2158	622	0	0	178	0	90	0	17624	232	2264	0	0	0	122	0	78	0	0	0	1776	1592	1288	0	2720	96	11974	0	1092	0	5768	834	2836	0	1236	0	2622	0	568	0	244	0	10642	0	272	0	0	0	0	0	522	130	582	0	0	0	0	0	0	0	0	0	0	0	0	0	0	0	0	0	
287080	Hippocampus_R	154	4376	0	2494	0	0	0	1504	0	0	0	892	0	624	0	102	0	1990	108	4528	0	182	86	212	0	0	0	0	0	8336	206	382	0	660	2552	3890	1478	0	1232	27314	0	8982	0	0	0	0	574	718	0	0	0	0	0	0	112	22696	0	1322	0	0	0	0	0	274	0	0	634	1448	610	136	402	688	396	18690	0	932	1136	8690	0	0	0	1852	0	1566	0	2064	0	0	0	5124	0	86	0	0	0	0	0	882	0	224	0	0	0	0	0	0	0	0	0	0	0	0	0	0	0	0	
112540	ParaHippocampal_L	818	0	0	78	0	0	100	0	0	0	0	0	0	0	312	0	122	0	140	96	556	0	0	0	0	0	0	0	820	0	0	0	0	0	794	1518	12454	1232	0	932	2666	0	514	0	0	0	7184	778	0	0	186	0	272	0	11300	148	322	0	0	0	96	0	0	0	0	0	1964	1308	686	0	88	0	574	0	0	0	1684	616	318	0	0	0	528	0	156	0	256	0	2070	0	440	0	0	0	260	0	1078	120	686	0	0	0	0	0	0	0	0	0	0	0	0	0	0	0	0	0	
188268	ParaHippocampal_R	0	748	0	756	0	0	0	542	0	0	0	360	0	382	0	0	0	278	0	814	0	0	0	104	0	0	0	0	0	2230	0	0	0	282	214	1458	1018	27314	932	0	0	5226	0	0	0	0	206	4376	0	0	0	0	0	0	0	21204	0	388	0	0	0	0	0	0	0	0	422	2084	0	0	196	292	204	8560	0	468	938	3086	0	0	0	892	0	860	0	918	0	0	0	2294	0	202	0	0	0	112	0	3114	0	364	0	0	0	0	0	0	0	0	0	0	296	0	0	0	0	0	
37748	Amygdala_L	0	0	0	0	0	0	0	0	0	0	0	0	0	0	348	0	0	0	308	0	690	0	0	0	0	0	0	0	1152	0	0	0	0	0	0	0	7224	0	2666	0	0	0	0	0	0	0	0	0	0	0	0	0	0	0	2990	0	0	0	0	0	0	0	0	0	0	0	0	0	294	0	0	0	360	0	0	0	418	0	0	0	0	0	1452	0	0	0	244	0	728	0	0	0	0	0	0	0	0	0	0	0	0	0	0	0	0	0	0	0	0	0	0	0	0	0	0	0	
49568	Amygdala_R	0	0	0	0	0	0	0	0	0	0	0	0	0	0	0	0	0	0	0	0	0	860	0	0	0	0	0	0	0	1444	0	0	0	0	0	0	0	8982	0	5226	0	0	0	0	0	0	0	0	0	0	0	0	0	0	0	3614	0	0	0	0	0	0	0	0	0	0	0	0	0	0	0	398	0	862	0	0	0	378	0	0	0	92	0	2672	0	130	0	0	0	126	0	0	0	0	0	0	0	0	0	0	0	0	0	0	0	0	0	0	0	0	0	0	0	0	0	0	
226344	Calcarine_L	0	0	0	0	0	0	0	0	0	0	0	0	0	0	0	0	0	0	0	0	0	0	0	0	0	0	0	0	0	0	0	0	800	0	4682	142	322	0	514	0	0	0	0	8374	11586	5176	13682	1886	10666	2896	18600	1194	7164	306	3900	282	364	0	438	92	662	0	0	0	638	0	15226	798	224	0	0	0	0	0	0	0	0	0	0	0	0	0	0	0	628	0	0	0	204	0	0	0	0	0	0	0	806	0	96	0	0	0	0	0	0	0	0	0	0	0	712	112	0	0	0	0	
319900	Calcarine_R	0	100	0	0	0	0	0	0	0	0	0	0	0	0	0	0	0	0	0	140	0	0	0	0	0	0	0	0	0	0	0	0	334	3376	174	1008	0	0	0	0	0	0	8374	0	3134	28772	1754	17004	104	20056	116	12678	0	5176	0	9424	0	1948	98	602	0	158	0	174	0	268	2452	25230	0	1638	0	0	0	0	0	0	0	0	0	0	0	0	0	0	0	9452	0	0	0	5790	0	0	0	0	0	0	0	0	0	0	0	0	0	0	0	0	0	0	0	0	416	0	0	0	0	0	
127316	Cuneus_L	0	0	0	0	0	0	0	0	0	0	0	0	0	0	0	0	0	0	0	0	0	0	0	0	0	0	0	0	0	0	0	0	0	0	200	0	0	0	0	0	0	0	11586	3134	0	6734	432	250	16584	3148	9318	412	1256	0	268	0	0	0	1760	0	220	0	0	0	226	0	7092	1038	0	0	0	0	0	0	0	0	0	0	0	0	0	0	0	0	0	0	0	0	0	0	0	0	0	0	0	0	0	0	0	0	0	0	0	0	0	0	0	0	0	0	0	0	0	0	0	0	
309600	Cuneus_R	0	74	0	0	0	0	0	0	0	0	0	0	0	0	0	0	0	0	0	166	0	0	0	0	0	0	0	0	0	0	0	0	378	3160	404	1442	0	0	0	0	0	0	5176	28772	6734	0	296	2532	774	37562	638	12542	0	1584	0	2096	0	1650	466	3344	0	190	0	168	0	196	7688	30832	0	1518	0	0	0	0	0	0	0	0	0	0	0	0	0	0	0	2138	0	0	0	1758	0	0	0	0	0	0	0	0	0	0	0	0	0	0	0	0	0	0	0	0	522	0	0	0	0	0	
246484	Lingual_L	0	0	0	0	0	0	0	0	0	0	0	0	0	0	0	0	0	0	0	0	0	0	0	0	0	0	0	0	0	0	0	0	350	0	3346	1060	2158	574	7184	206	0	0	13682	1754	432	296	0	2052	2072	164	12046	394	5654	212	18110	398	86	0	76	0	174	0	0	0	172	0	8606	1042	120	0	0	0	0	0	0	0	106	112	0	0	0	0	0	0	110	0	0	0	826	0	5286	1716	458	1110	132	0	8308	926	10730	1222	0	0	0	0	218	200	0	0	0	0	3902	3460	1744	0	256	0	
230908	Lingual_R	0	138	0	0	0	0	0	0	0	0	0	0	0	0	0	0	0	0	0	156	0	0	0	0	0	0	0	0	0	0	0	0	0	272	382	4356	622	718	778	4376	0	0	1886	17004	250	2532	2052	0	0	3610	0	4630	0	3424	598	17250	0	0	0	0	0	0	0	0	0	0	918	11688	0	142	0	0	0	0	0	0	0	116	0	0	0	0	0	0	0	1288	0	0	0	1392	2542	1852	194	242	110	152	2858	6912	3710	4646	0	0	0	0	188	0	0	0	0	0	7800	3120	550	0	0	0	
177648	Occipital_Sup_L	0	0	0	0	0	0	0	0	0	0	0	0	0	0	0	0	0	0	0	0	0	0	0	0	0	0	0	0	0	0	0	0	322	0	422	154	0	0	0	0	0	0	10666	104	16584	774	2072	0	0	426	28828	0	2104	0	326	0	0	0	8640	0	378	0	0	0	220	0	15564	942	0	0	0	0	0	0	0	0	0	0	0	0	0	0	0	0	0	0	0	0	0	0	0	74	0	0	0	0	0	0	124	0	0	0	0	0	0	0	0	0	0	0	0	0	100	0	0	0	
294304	Occipital_Sup_R	0	76	0	0	0	0	0	0	0	0	0	0	0	0	0	0	0	0	0	350	0	0	0	0	0	0	0	0	0	0	0	0	254	1660	152	452	0	0	0	0	0	0	2896	20056	3148	37562	164	3610	426	0	460	24050	0	1024	0	1766	0	2170	358	10400	0	1060	0	168	0	4406	5540	21724	0	338	0	0	0	0	0	0	0	0	0	0	0	0	0	0	0	1574	0	0	0	1308	0	0	0	0	0	0	0	0	0	0	0	0	0	0	0	0	0	0	0	0	0	0	0	0	0	0	
496840	Occipital_Mid_L	1394	0	0	90	0	0	0	0	0	0	0	0	0	0	0	0	1756	0	354	652	0	0	0	0	0	0	0	0	462	0	0	0	1188	696	3332	300	178	0	186	0	0	0	18600	116	9318	638	12046	0	28828	460	0	104	25148	0	9042	0	4246	0	18514	0	18670	0	558	0	23554	0	20794	712	4468	328	0	0	0	0	0	0	0	0	834	0	3088	0	0	0	29848	0	0	0	6766	0	110	104	0	0	0	0	136	0	346	0	0	0	0	0	0	0	0	0	0	0	92	230	134	0	0	0	
239888	Occipital_Mid_R	0	194	0	0	0	0	0	0	0	0	0	0	0	0	0	0	0	0	0	316	0	0	0	0	0	0	0	0	0	0	0	0	188	762	0	102	0	0	0	0	0	0	1194	12678	412	12542	394	4630	0	24050	104	0	0	5464	0	5640	0	532	100	1998	0	3222	0	400	0	18180	2638	8660	0	244	0	0	0	0	0	0	0	0	0	0	0	642	0	0	0	12030	0	0	0	2628	0	0	0	0	0	0	0	0	0	0	0	0	0	0	0	0	0	0	0	0	0	0	0	0	0	0	
161224	Occipital_Inf_L	1182	0	0	0	0	0	0	0	0	0	0	0	0	0	0	0	126	0	0	812	0	0	0	0	0	0	0	0	100	0	0	0	312	826	2110	334	90	0	272	0	0	0	7164	0	1256	0	5654	0	2104	0	25148	0	0	0	12788	238	328	0	468	0	554	0	0	0	832	0	2496	122	2134	532	0	0	0	0	0	0	0	0	294	0	258	0	0	0	6334	0	0	0	4844	0	302	0	0	0	0	0	230	0	184	0	0	0	0	0	0	0	0	0	0	0	184	0	0	0	0	0	
64708	Occipital_Inf_R	0	0	0	0	0	0	0	0	0	0	0	0	0	0	0	0	0	0	0	0	0	0	0	0	0	0	0	0	0	0	0	0	0	0	0	0	0	0	0	0	0	0	306	5176	0	1584	212	3424	0	1024	0	5464	0	0	0	7160	0	0	0	0	0	0	0	0	0	0	154	908	0	0	0	0	0	0	0	0	0	0	0	0	0	0	0	0	0	1824	0	0	0	3596	116	202	0	0	0	0	92	176	114	416	0	0	0	0	0	0	0	0	0	0	190	216	0	0	0	0	
386348	Fusiform_L	2446	0	546	468	0	0	476	0	0	0	302	0	0	0	100	0	868	0	1076	1338	212	0	0	0	0	0	0	0	5352	0	0	0	174	788	2136	700	17624	112	11300	0	2990	0	3900	0	268	0	18110	598	326	0	9042	0	12788	0	0	674	1064	0	0	0	360	0	0	0	0	0	2436	162	2840	544	612	0	2960	0	0	0	264	0	2520	0	1974	0	960	0	3210	92	706	0	18220	0	16324	194	1840	302	0	0	12442	436	21442	256	668	0	1242	0	112	0	0	0	0	0	2206	1632	440	0	0	0	
365792	Fusiform_R	0	4832	0	394	0	0	0	224	0	0	0	292	0	228	0	0	0	334	0	4114	0	0	0	0	0	0	0	0	0	3122	0	0	0	540	1048	3902	232	22696	148	21204	0	3614	282	9424	0	2096	398	17250	0	1766	0	5640	238	7160	674	0	0	1470	0	126	0	170	0	208	0	454	424	7700	166	784	102	116	96	7130	0	344	208	752	0	0	0	1622	0	2334	0	4172	0	840	158	14154	440	6934	80	184	0	184	234	5810	446	9498	0	0	0	0	0	0	0	0	0	0	1710	1686	308	0	0	0	
299012	Postcentral_L	28528	0	2534	174	0	0	2114	0	0	0	5632	0	400	0	0	0	18294	0	6258	372	0	0	0	0	0	0	0	0	5054	0	0	0	86	0	384	0	2264	0	322	0	0	0	364	0	0	0	86	0	0	0	4246	0	328	0	1064	0	0	0	8808	0	23102	0	10702	0	6946	0	2282	0	5542	0	114	0	2166	0	654	0	284	0	4098	0	4600	0	0	0	912	0	0	0	792	0	0	0	0	0	0	0	0	0	0	0	0	0	0	0	0	0	0	0	0	0	0	0	0	0	0	0	
186160	Postcentral_R	0	14408	0	3338	0	0	0	2210	0	0	0	2920	0	178	0	0	0	5728	0	3240	0	0	0	0	0	0	0	0	0	4672	0	0	0	1906	92	74	0	1322	0	388	0	0	0	1948	0	1650	0	0	0	2170	0	532	0	0	0	1470	0	0	0	5412	0	5964	0	11656	0	1926	0	7320	0	6116	186	156	154	1062	0	246	0	258	0	484	0	718	0	0	0	2154	0	0	0	1022	0	0	0	0	0	0	0	0	0	0	0	0	0	0	0	0	0	0	0	0	0	0	0	0	0	0	
170312	Parietal_Sup_L	1074	0	0	0	0	0	0	0	0	0	0	0	0	0	0	0	1206	0	344	0	0	0	0	0	0	0	0	0	296	0	0	0	182	0	330	0	0	0	0	0	0	0	438	98	1760	466	76	0	8640	358	18514	100	468	0	0	0	8808	0	0	0	14020	0	284	0	7148	0	15156	452	1812	0	0	0	0	0	0	0	0	0	196	0	836	0	0	0	1994	0	0	0	100	0	0	0	0	0	0	0	0	0	0	0	0	0	0	0	0	0	0	0	0	0	0	0	0	0	0	0	
100964	Parietal_Sup_R	0	106	0	0	0	0	0	0	0	0	0	0	0	0	0	0	0	108	0	350	0	0	0	0	0	0	0	0	0	0	0	0	0	282	0	0	0	0	0	0	0	0	92	602	0	3344	0	0	0	10400	0	1998	0	0	0	126	0	5412	0	0	0	6740	0	4678	0	5138	196	8842	0	654	0	0	0	0	0	0	0	0	0	0	0	324	0	0	0	620	0	0	0	470	0	0	0	0	0	0	0	0	0	0	0	0	0	0	0	0	0	0	0	0	0	0	0	0	0	0	
240840	Parietal_Inf_L	2510	0	258	122	0	0	0	0	0	0	0	0	0	0	0	0	2672	0	1996	250	0	0	0	0	0	0	0	0	820	0	0	0	216	0	492	0	122	0	96	0	0	0	662	0	220	0	174	0	378	0	18670	0	554	0	360	0	23102	0	14020	0	0	0	11634	0	27734	0	1398	0	2148	0	0	0	0	0	0	0	0	0	572	0	1370	0	0	0	7322	0	0	0	548	0	0	0	0	0	0	0	0	0	0	0	0	0	0	0	0	0	0	0	0	0	0	0	0	0	0	0	
96268	Parietal_Inf_R	0	1442	0	294	0	0	0	206	0	0	0	0	0	0	0	0	0	146	0	424	0	0	0	0	0	0	0	0	0	78	0	0	0	90	0	0	0	0	0	0	0	0	0	158	0	190	0	0	0	1060	0	3222	0	0	0	170	0	5964	0	6740	0	0	0	12890	0	10582	0	1058	0	754	0	150	0	104	0	0	0	0	0	0	0	372	0	0	0	1364	0	0	0	676	0	0	0	0	0	0	0	0	0	0	0	0	0	0	0	0	0	0	0	0	0	0	0	0	0	0	
87432	SupraMarginal_L	88	0	0	0	0	0	0	0	0	0	0	0	0	0	0	0	2640	0	370	0	0	0	0	0	0	0	0	0	390	0	0	0	0	0	0	0	78	0	0	0	0	0	0	0	0	0	0	0	0	0	558	0	0	0	0	0	10702	0	284	0	11634	0	0	0	6562	0	0	0	0	0	0	0	0	0	0	0	0	0	348	0	4302	0	0	0	5760	0	0	0	0	0	0	0	0	0	0	0	0	0	0	0	0	0	0	0	0	0	0	0	0	0	0	0	0	0	0	0	
109984	SupraMarginal_R	0	2170	0	562	0	0	0	344	0	0	0	104	0	0	0	0	0	2500	0	702	0	0	0	0	0	0	0	0	0	748	0	0	0	114	0	0	0	274	0	0	0	0	0	174	0	168	0	0	0	168	0	400	0	0	0	208	0	11656	0	4678	0	12890	0	0	0	5230	0	1664	0	1910	76	214	0	166	0	92	0	0	0	254	0	4822	0	0	0	1618	0	0	0	1086	0	0	0	0	0	0	0	0	0	0	0	0	0	0	0	0	0	0	0	0	0	0	0	0	0	0	
187088	Angular_L	330	0	0	0	0	0	0	0	0	0	0	0	0	0	0	0	666	0	524	0	0	0	0	0	0	0	0	0	92	0	0	0	200	0	492	0	0	0	0	0	0	0	638	0	226	0	172	0	220	0	23554	0	832	0	0	0	6946	0	7148	0	27734	0	6562	0	0	0	1224	0	1452	0	0	0	0	0	0	0	0	0	96	0	1734	0	0	0	12378	0	0	0	324	0	0	0	0	0	0	0	0	0	0	0	0	0	0	0	0	0	0	0	0	0	0	0	0	0	0	0	
119544	Angular_R	0	254	0	0	0	0	0	0	0	0	0	0	0	0	0	0	0	0	0	216	0	0	0	0	0	0	0	0	0	0	0	0	96	236	0	0	0	0	0	0	0	0	0	268	0	196	0	0	0	4406	0	18180	0	0	0	454	0	1926	0	5138	0	10582	0	5230	0	0	74	1136	0	346	0	0	0	0	0	0	0	0	0	0	0	2860	0	0	0	7406	0	0	0	768	0	0	0	0	0	0	0	0	0	0	0	0	0	0	0	0	0	0	0	0	0	0	0	0	0	0	
304952	Precuneus_L	128	0	0	0	0	0	0	0	0	0	0	0	0	0	0	0	0	0	0	0	0	0	0	0	0	0	0	0	0	0	0	0	4174	342	9242	2808	1776	634	1964	422	0	0	15226	2452	7092	7688	8606	918	15564	5540	20794	2638	2496	154	2436	424	2282	0	15156	196	1398	0	0	0	1224	74	0	10886	3122	0	0	0	0	0	0	0	0	98	110	0	158	0	0	0	986	300	0	0	596	522	0	0	0	0	0	0	800	232	0	0	0	0	0	0	0	0	0	0	0	0	818	0	0	0	0	0	
422092	Precuneus_R	0	1058	0	162	0	0	0	80	0	0	0	106	0	0	0	0	0	226	0	3088	0	0	0	0	0	0	0	0	0	0	0	0	1412	10296	3894	12804	1592	1448	1308	2084	0	0	798	25230	1038	30832	1042	11688	942	21724	712	8660	122	908	162	7700	0	7320	452	8842	0	1058	0	1664	0	1136	10886	0	488	7984	0	170	0	0	0	0	236	282	0	0	0	554	0	0	0	8998	0	0	0	3756	0	0	0	0	0	0	0	1260	0	0	0	0	0	0	0	0	0	0	0	0	4844	0	0	0	0	0	
239624	Paracentral_Lobule_L	27438	1532	454	218	0	0	1680	0	0	0	0	0	0	0	0	0	208	0	10766	12294	0	0	0	0	0	0	0	0	212	0	0	0	2892	6058	2140	1014	1288	610	686	0	294	0	224	0	0	0	120	0	0	0	4468	0	2134	0	2840	166	5542	0	1812	0	2148	0	0	0	1452	0	3122	488	0	1470	1332	1354	574	0	218	0	15048	1004	534	0	544	0	0	0	1596	80	0	0	1758	0	0	0	0	0	0	0	0	0	0	0	0	0	0	0	0	0	0	0	0	0	0	0	0	0	0	0	
92588	Paracentral_Lobule_R	88	1540	0	102	0	0	0	0	0	0	0	0	0	0	0	0	0	312	92	6784	0	0	0	0	0	0	0	0	0	82	0	0	806	7346	1068	886	0	136	0	0	0	0	0	1638	0	1518	0	142	0	338	328	244	532	0	544	784	0	6116	0	654	0	754	0	1910	0	346	0	7984	1470	0	0	134	0	0	0	0	0	256	0	108	0	228	0	0	188	460	0	0	208	168	0	0	0	0	0	0	0	0	0	0	0	0	0	0	0	0	0	0	0	0	0	0	0	0	0	0	
412948	Caudate_L	4744	1134	12392	17166	2262	478	8870	2174	194	0	1828	1594	914	1444	3818	518	420	748	12498	19338	5184	5918	1562	3470	394	1020	1540	458	10746	2698	5652	6658	0	1034	0	0	2720	402	88	196	0	0	0	0	0	0	0	0	0	0	0	0	0	0	612	102	114	186	0	0	0	0	0	76	0	0	0	0	1332	0	0	16390	29342	6644	1320	536	5464	342	216	0	716	0	122	186	110	0	0	0	390	0	0	0	0	0	0	0	0	0	0	0	0	0	0	0	0	0	0	0	0	0	0	0	0	0	0	0	
621176	Caudate_R	1074	1072	5528	33324	432	5784	1508	5254	0	730	314	2078	232	3114	1208	6438	0	1656	5416	33578	4446	6624	4774	26144	542	8156	1222	4232	2178	7730	4982	28560	210	10596	0	0	96	688	0	292	0	398	0	0	0	0	0	0	0	0	0	0	0	0	0	116	0	156	0	0	0	150	0	214	0	0	0	170	1354	134	16390	0	6566	36274	120	9360	170	18244	0	0	0	0	0	560	0	0	0	0	0	0	0	0	0	0	0	0	0	0	0	0	0	0	0	0	0	0	0	0	0	0	0	0	0	0	0	0	
425132	Putamen_L	5560	684	15850	11686	7104	240	4886	1252	870	0	1466	684	1228	826	4812	200	4018	440	17460	16384	2144	2074	2792	1512	522	600	732	116	21122	1416	3808	2478	0	280	0	0	11974	396	574	204	360	0	0	0	0	0	0	0	0	0	0	0	0	0	2960	96	2166	154	0	0	0	0	0	0	0	0	0	0	574	0	29342	6566	0	3722	7852	344	5496	290	890	0	692	0	678	0	92	0	0	0	1898	0	0	0	0	0	0	0	0	0	0	0	0	0	0	0	0	0	0	0	0	0	0	0	0	0	0	0	
613440	Putamen_R	136	2278	2196	39906	180	5808	698	11100	0	1708	0	4538	104	4870	526	7654	0	3878	2022	22674	996	1652	3194	22926	258	7096	400	3762	564	17452	2894	19806	154	10030	0	0	0	18690	0	8560	0	862	0	0	0	0	0	0	0	0	0	0	0	0	0	7130	0	1062	0	0	0	104	0	166	0	0	0	0	0	0	6644	36274	3722	0	0	13094	0	6280	0	74	0	494	0	478	0	398	0	0	0	896	0	0	0	0	0	0	0	232	0	100	0	0	0	0	0	0	0	0	0	0	0	0	0	0	0	0	
53028	Pallidum_L	746	0	2218	364	0	0	374	0	0	0	0	0	0	0	0	0	786	0	6466	1850	0	0	0	0	0	0	0	0	82	0	0	0	0	86	0	0	1092	0	0	0	0	0	0	0	0	0	0	0	0	0	0	0	0	0	0	0	654	0	0	0	0	0	0	0	0	0	0	0	218	0	1320	120	7852	0	0	0	2034	0	252	0	0	0	0	0	0	0	0	0	0	0	0	0	0	0	0	0	0	0	0	0	0	0	0	0	0	0	0	0	0	0	0	0	0	0	0	0	
130992	Pallidum_R	0	584	280	10094	0	0	0	1928	0	0	0	1200	0	766	0	300	0	420	350	9636	0	0	710	4602	0	0	0	0	0	786	330	3826	0	4102	0	0	0	932	0	468	0	0	0	0	0	0	0	0	0	0	0	0	0	0	0	344	0	246	0	0	0	0	0	92	0	0	0	0	0	0	536	9360	344	13094	0	0	0	166	0	0	0	0	0	0	0	0	0	0	0	0	0	0	0	0	0	0	0	0	0	0	0	0	0	0	0	0	0	0	0	0	0	0	0	0	0	0	
163936	Thalamus_L	14884	172	3418	1122	118	0	7954	0	0	0	0	0	0	0	0	0	282	0	8784	2100	0	0	0	0	0	0	0	0	716	0	0	0	0	0	158	658	5768	1136	1684	938	418	0	0	0	0	0	106	0	0	0	0	0	0	0	264	208	284	0	0	0	0	0	0	0	0	0	0	236	15048	0	5464	170	5496	0	2034	0	0	1832	136	0	122	0	0	0	0	0	0	0	258	0	0	0	0	0	0	0	0	0	0	0	0	0	0	0	0	0	0	0	0	0	0	0	0	0	0	0	
153236	Thalamus_R	608	7464	76	3120	0	90	88	1230	0	0	0	1032	0	0	0	0	0	1736	292	9932	0	282	96	1186	0	112	0	0	0	2810	198	1462	0	288	114	544	834	8690	616	3086	0	378	0	0	0	0	112	116	0	0	0	0	0	0	0	752	0	258	0	0	0	0	0	0	0	0	98	282	1004	256	342	18244	290	6280	0	166	1832	0	0	0	0	0	0	222	0	0	0	0	0	0	0	0	0	0	0	0	0	0	0	0	0	0	0	0	0	0	0	0	0	0	0	0	0	0	0	0	
92404	Heschl_L	2908	0	1230	406	0	0	170	0	0	0	600	0	252	0	0	0	8594	0	2988	476	0	0	0	0	0	0	0	0	7364	0	0	0	0	0	0	0	2836	0	318	0	0	0	0	0	0	0	0	0	0	0	834	0	294	0	2520	0	4098	0	196	0	572	0	348	0	96	0	110	0	534	0	216	0	890	0	252	0	136	0	0	0	3750	0	0	0	1518	0	0	0	1696	0	0	0	0	0	0	0	0	0	0	0	0	0	0	0	0	0	0	0	0	0	0	0	0	0	0	0	
27552	Heschl_R	0	404	0	208	0	0	0	302	0	0	0	424	0	0	0	0	0	3958	0	134	0	0	0	0	0	0	0	0	0	2182	0	0	0	0	0	0	0	0	0	0	0	0	0	0	0	0	0	0	0	0	0	0	0	0	0	0	0	484	0	0	0	0	0	254	0	0	0	0	0	108	0	0	0	74	0	0	0	0	0	0	0	4364	0	98	0	782	0	0	0	0	0	0	0	0	0	0	0	0	0	0	0	0	0	0	0	0	0	0	0	0	0	0	0	0	0	0	
202808	Temporal_Sup_L	2946	0	1814	178	0	0	1774	98	0	0	4140	0	896	0	134	0	11074	0	1206	178	0	0	0	0	0	0	0	0	11386	86	0	0	0	0	0	0	1236	0	0	0	0	0	0	0	0	0	0	0	0	0	3088	0	258	0	1974	0	4600	0	836	0	1370	0	4302	0	1734	0	158	0	544	0	716	0	692	0	0	0	122	0	3750	0	0	0	3634	0	26204	0	0	0	10276	0	0	0	0	0	0	0	0	0	0	0	0	0	0	0	0	0	0	0	0	0	0	0	0	0	0	0	
115192	Temporal_Sup_R	0	1422	0	130	0	0	0	164	0	0	0	250	0	0	0	0	0	4474	0	988	0	0	0	0	0	0	0	0	0	7554	0	0	0	0	0	0	0	1852	0	892	0	92	0	0	0	0	0	0	0	0	0	642	0	0	0	1622	0	718	0	324	0	372	0	4822	0	2860	0	554	0	228	0	0	0	494	0	0	0	0	0	4364	0	0	0	4066	0	15416	0	284	0	3012	0	0	0	0	0	0	0	0	0	0	0	0	0	0	0	0	0	0	0	0	0	0	0	0	0	0	
65040	Temporal_Pole_Sup_L	0	0	1252	0	248	0	0	0	0	0	2670	0	1738	0	1128	0	2126	0	266	0	324	0	0	0	0	0	110	0	4704	0	196	0	0	0	0	0	2622	0	528	0	1452	0	0	0	0	0	0	0	0	0	0	0	0	0	960	0	0	0	0	0	0	0	0	0	0	0	0	0	0	0	122	0	678	0	0	0	0	0	0	0	3634	0	0	0	3404	0	1756	0	2602	0	0	0	0	0	0	0	0	0	0	0	0	0	0	0	0	0	0	0	0	0	0	0	0	0	0	0	
68640	Temporal_Pole_Sup_R	0	92	0	1664	0	0	76	184	0	0	0	2568	0	156	0	318	0	2806	128	1272	0	648	94	114	0	0	0	0	88	5564	0	0	0	690	0	0	0	1566	0	860	0	2672	0	0	0	0	0	0	0	0	0	0	0	0	0	2334	0	0	0	0	0	0	0	0	0	0	0	0	0	0	186	560	0	478	0	0	0	222	0	98	0	4066	0	0	0	1954	0	2020	0	842	0	0	0	0	0	0	0	0	0	0	0	0	0	0	0	0	0	0	0	0	0	0	0	0	0	0	
283200	Temporal_Mid_L	1058	0	0	94	0	0	0	0	0	0	116	0	0	0	0	0	1028	0	206	370	0	0	0	0	0	0	0	0	3398	0	0	0	254	344	714	78	568	0	156	0	0	0	628	0	0	0	110	0	0	0	29848	0	6334	0	3210	0	912	0	1994	0	7322	0	5760	0	12378	0	986	0	1596	188	110	0	92	0	0	0	0	0	1518	0	26204	0	3404	0	0	0	2250	0	28372	0	0	0	0	0	0	0	0	0	0	0	0	0	0	0	0	0	0	0	0	0	0	0	0	0	0	0	
218676	Temporal_Mid_R	0	1536	0	0	0	0	0	0	0	0	0	0	0	0	0	0	0	332	0	864	0	0	0	0	0	0	0	0	0	3100	0	0	274	1396	0	352	0	2064	0	918	0	130	0	9452	0	2138	0	1288	0	1574	0	12030	0	1824	92	4172	0	2154	0	620	0	1364	0	1618	0	7406	300	8998	80	460	0	0	0	398	0	0	0	0	0	782	0	15416	0	1954	0	0	0	574	0	23570	0	0	0	0	0	0	0	0	0	0	0	0	0	0	0	0	0	0	0	0	108	0	0	0	0	0	
16004	Temporal_Pole_Mid_L	0	0	0	0	0	0	0	0	0	0	0	0	0	0	0	0	0	0	0	0	0	0	0	0	0	0	0	0	0	0	0	0	0	0	0	0	244	0	256	0	244	0	0	0	0	0	0	0	0	0	0	0	0	0	706	0	0	0	0	0	0	0	0	0	0	0	0	0	0	0	0	0	0	0	0	0	0	0	0	0	0	0	1756	0	2250	0	0	0	2546	0	0	0	0	0	0	0	0	0	0	0	0	0	0	0	0	0	0	0	0	0	0	0	0	0	0	0	
8448	Temporal_Pole_Mid_R	0	0	0	0	0	0	0	0	0	0	0	0	0	0	0	0	0	0	0	0	0	0	0	0	0	0	0	0	0	0	0	0	0	0	0	0	0	0	0	0	0	0	0	0	0	0	0	0	0	0	0	0	0	0	0	840	0	0	0	0	0	0	0	0	0	0	0	0	0	0	0	0	0	0	0	0	0	0	0	0	0	284	0	2020	0	574	0	0	0	506	0	0	0	0	0	0	0	0	0	0	0	0	0	0	0	0	0	0	0	0	0	0	0	0	0	0	
219368	Temporal_Inf_L	1908	0	496	266	0	0	614	0	0	0	328	0	0	0	0	0	584	0	748	588	0	0	0	0	0	0	0	0	4964	0	0	0	82	320	622	210	10642	0	2070	0	728	0	204	0	0	0	826	0	0	0	6766	0	4844	0	18220	158	792	0	100	0	548	0	0	0	324	0	596	0	1758	208	390	0	1898	0	0	0	258	0	1696	0	10276	0	2602	0	28372	0	2546	0	0	0	706	0	0	0	0	0	98	0	328	0	0	0	0	0	0	0	0	0	0	0	0	0	0	0	0	0	
161380	Temporal_Inf_R	0	1662	0	0	0	0	0	0	0	0	0	0	0	0	0	0	0	118	0	1052	0	0	0	0	0	0	0	0	0	1650	0	0	0	214	0	0	0	5124	0	2294	0	126	0	5790	0	1758	0	1392	0	1308	0	2628	0	3596	0	14154	0	1022	0	470	0	676	0	1086	0	768	522	3756	0	168	0	0	0	896	0	0	0	0	0	0	0	3012	0	842	0	23570	0	506	0	0	0	426	0	0	0	0	0	0	0	104	0	0	0	0	0	0	0	0	0	0	0	0	0	0	0	0	
468284	Cerebelum_Crus1_L	0	0	0	0	0	0	0	0	0	0	0	0	0	0	0	0	0	0	0	0	0	0	0	0	0	0	0	0	0	0	0	0	0	0	0	0	272	0	440	0	0	0	0	0	0	0	5286	2542	0	0	110	0	302	116	16324	440	0	0	0	0	0	0	0	0	0	0	0	0	0	0	0	0	0	0	0	0	0	0	0	0	0	0	0	0	0	0	0	0	706	0	0	8382	33144	6378	1224	98	28238	3674	57488	6708	10290	0	17118	156	3236	392	204	0	434	578	8920	11580	7600	466	1214	82	
389540	Cerebelum_Crus1_R	0	0	0	0	0	0	0	0	0	0	0	0	0	0	0	0	0	0	0	0	0	0	0	0	0	0	0	0	0	0	0	0	0	0	0	0	0	86	0	202	0	0	0	0	0	0	1716	1852	74	0	104	0	0	202	194	6934	0	0	0	0	0	0	0	0	0	0	0	0	0	0	0	0	0	0	0	0	0	0	0	0	0	0	0	0	0	0	0	0	0	426	8382	0	2144	32454	0	1978	4830	21930	9202	48776	74	4186	122	13364	0	2112	0	112	114	1082	9866	11798	8248	1098	1108	0	
318304	Cerebelum_Crus2_L	0	0	0	0	0	0	0	0	0	0	0	0	0	0	0	0	0	0	0	0	0	0	0	0	0	0	0	0	0	0	0	0	0	0	0	0	0	0	0	0	0	0	0	0	0	0	458	194	0	0	0	0	0	0	1840	80	0	0	0	0	0	0	0	0	0	0	0	0	0	0	0	0	0	0	0	0	0	0	0	0	0	0	0	0	0	0	0	0	0	0	33144	2144	0	16464	590	128	2764	98	9312	1144	28698	3628	26930	3502	2368	372	218	0	192	150	556	2620	16434	3948	1096	80	
343412	Cerebelum_Crus2_R	0	0	0	0	0	0	0	0	0	0	0	0	0	0	0	0	0	0	0	0	0	0	0	0	0	0	0	0	0	0	0	0	0	0	0	0	0	0	0	0	0	0	0	0	0	0	1110	242	0	0	0	0	0	0	302	184	0	0	0	0	0	0	0	0	0	0	0	0	0	0	0	0	0	0	0	0	0	0	0	0	0	0	0	0	0	0	0	0	0	0	6378	32454	16464	0	0	536	500	1466	4192	9050	7500	15610	5574	25278	0	2976	0	472	146	150	762	6214	24454	7422	2270	0	
33164	Cerebelum_3_L	0	0	0	0	0	0	0	0	0	0	0	0	0	0	0	0	0	0	0	0	0	0	0	0	0	0	0	0	0	0	0	0	0	0	0	0	0	0	260	0	0	0	0	0	0	0	132	110	0	0	0	0	0	0	0	0	0	0	0	0	0	0	0	0	0	0	0	0	0	0	0	0	0	0	0	0	0	0	0	0	0	0	0	0	0	0	0	0	0	0	1224	0	590	0	0	0	6274	116	1770	86	0	0	372	0	1990	0	216	0	580	908	1390	490	0	0	74	0	
44324	Cerebelum_3_R	0	0	0	0	0	0	0	0	0	0	0	0	0	0	0	0	0	0	0	0	0	0	0	0	0	0	0	0	0	0	0	0	0	0	0	0	0	0	0	112	0	0	0	0	0	0	0	152	0	0	0	0	0	0	0	184	0	0	0	0	0	0	0	0	0	0	0	0	0	0	0	0	0	0	0	0	0	0	0	0	0	0	0	0	0	0	0	0	0	0	98	1978	128	536	0	0	744	3742	0	3502	0	0	0	470	80	1852	0	0	1172	2056	896	948	816	1054	1642	0	
342704	Cerebelum_4_5_L	0	0	0	0	0	0	0	0	0	0	0	0	0	0	0	0	0	0	0	0	0	0	0	0	0	0	0	0	0	0	0	0	0	0	722	0	522	0	1078	0	0	0	806	0	0	0	8308	2858	0	0	136	0	230	92	12442	234	0	0	0	0	0	0	0	0	0	0	800	0	0	0	0	0	0	0	0	0	0	0	0	0	0	0	0	0	0	0	0	0	98	0	28238	4830	2764	500	6274	744	0	7316	40386	6638	962	0	2410	0	3648	2586	388	0	1640	2030	21268	5442	236	420	2940	1366	
232260	Cerebelum_4_5_R	0	0	0	0	0	0	0	0	0	0	0	0	0	0	0	0	0	0	0	0	0	0	0	0	0	0	0	0	0	0	0	0	0	0	76	698	130	882	120	3114	0	0	0	0	0	0	926	6912	0	0	0	0	0	176	436	5810	0	0	0	0	0	0	0	0	0	0	232	1260	0	0	0	0	0	232	0	0	0	0	0	0	0	0	0	0	0	0	0	0	0	0	3674	21930	98	1466	116	3742	7316	0	5608	30422	0	0	0	934	202	1544	0	0	74	1292	13390	604	808	838	1068	0	
451808	Cerebelum_6_L	0	0	0	0	0	0	0	0	0	0	0	0	0	0	0	0	0	0	0	0	0	0	0	0	0	0	0	0	0	0	0	0	0	0	0	0	582	0	686	0	0	0	96	0	0	0	10730	3710	124	0	346	0	184	114	21442	446	0	0	0	0	0	0	0	0	0	0	0	0	0	0	0	0	0	0	0	0	0	0	0	0	0	0	0	0	0	0	0	0	328	0	57488	9202	9312	4192	1770	0	40386	5608	0	8782	3490	0	6214	0	3892	302	200	0	414	614	15346	14246	4370	0	1152	136	
342180	Cerebelum_6_R	0	0	0	0	0	0	0	0	0	0	0	0	0	0	0	0	0	0	0	0	0	0	0	0	0	0	0	0	0	0	0	0	0	0	0	0	0	224	0	364	0	0	0	0	0	0	1222	4646	0	0	0	0	0	416	256	9498	0	0	0	0	0	0	0	0	0	0	0	0	0	0	0	0	0	100	0	0	0	0	0	0	0	0	0	0	0	0	0	0	0	104	6708	48776	1144	9050	86	3502	6638	30422	8782	0	0	536	0	3186	132	2430	0	274	176	1270	12924	11530	4002	1142	1550	0	
208164	Cerebelum_7b_L	0	0	0	0	0	0	0	0	0	0	0	0	0	0	0	0	0	0	0	0	0	0	0	0	0	0	0	0	0	0	0	0	0	0	0	0	0	0	0	0	0	0	0	0	0	0	0	0	0	0	0	0	0	0	668	0	0	0	0	0	0	0	0	0	0	0	0	0	0	0	0	0	0	0	0	0	0	0	0	0	0	0	0	0	0	0	0	0	0	0	10290	74	28698	7500	0	0	962	0	3490	0	0	3896	27184	5438	434	250	230	0	166	102	196	226	6724	6932	492	130	
108932	Cerebelum_7b_R	0	0	0	0	0	0	0	0	0	0	0	0	0	0	0	0	0	0	0	0	0	0	0	0	0	0	0	0	0	0	0	0	0	0	0	0	0	0	0	0	0	0	0	0	0	0	0	0	0	0	0	0	0	0	0	0	0	0	0	0	0	0	0	0	0	0	0	0	0	0	0	0	0	0	0	0	0	0	0	0	0	0	0	0	0	0	0	0	0	0	0	4186	3628	15610	0	0	0	0	0	536	3896	0	3164	14758	0	714	0	166	0	0	0	0	3612	3810	386	0	
261744	Cerebelum_8_L	0	0	0	0	0	0	0	0	0	0	0	0	0	0	0	0	0	0	0	0	0	0	0	0	0	0	0	0	0	0	0	0	0	0	0	0	0	0	0	0	0	0	0	0	0	0	0	0	0	0	0	0	0	0	1242	0	0	0	0	0	0	0	0	0	0	0	0	0	0	0	0	0	0	0	0	0	0	0	0	0	0	0	0	0	0	0	0	0	0	0	17118	122	26930	5574	372	0	2410	0	6214	0	27184	3164	0	6990	10736	1114	2504	0	212	88	322	616	5762	8934	2724	540	
217628	Cerebelum_8_R	0	0	0	0	0	0	0	0	0	0	0	0	0	0	0	0	0	0	0	0	0	0	0	0	0	0	0	0	0	0	0	0	0	0	0	0	0	0	0	0	0	0	0	0	0	0	0	0	0	0	0	0	0	0	0	0	0	0	0	0	0	0	0	0	0	0	0	0	0	0	0	0	0	0	0	0	0	0	0	0	0	0	0	0	0	0	0	0	0	0	156	13364	3502	25278	0	470	0	934	0	3186	5438	14758	6990	0	374	11210	0	1768	148	186	146	242	6984	9992	3608	80	
83364	Cerebelum_9_L	0	0	0	0	0	0	0	0	0	0	0	0	0	0	0	0	0	0	0	0	0	0	0	0	0	0	0	0	0	0	0	0	0	0	0	0	0	0	0	0	0	0	0	0	0	0	218	188	0	0	0	0	0	0	112	0	0	0	0	0	0	0	0	0	0	0	0	0	0	0	0	0	0	0	0	0	0	0	0	0	0	0	0	0	0	0	0	0	0	0	3236	0	2368	0	1990	80	3648	202	3892	132	434	0	10736	374	0	1452	4244	0	140	116	2008	1882	192	894	2846	298	
114228	Cerebelum_9_R	0	0	0	0	0	0	0	0	0	0	0	0	0	0	0	0	0	0	0	0	0	0	0	0	0	0	0	0	0	0	0	0	0	0	0	0	0	0	0	0	0	0	0	0	0	0	200	0	0	0	0	0	0	0	0	0	0	0	0	0	0	0	0	0	0	0	0	0	0	0	0	0	0	0	0	0	0	0	0	0	0	0	0	0	0	0	0	0	0	0	392	2112	372	2976	0	1852	2586	1544	302	2430	250	714	1114	11210	1452	0	0	2526	1560	804	2890	4024	2642	4610	7446	1106	
16408	Cerebelum_10_L	0	0	0	0	0	0	0	0	0	0	0	0	0	0	0	0	0	0	0	0	0	0	0	0	0	0	0	0	0	0	0	0	0	0	0	0	0	0	0	0	0	0	0	0	0	0	0	0	0	0	0	0	0	0	0	0	0	0	0	0	0	0	0	0	0	0	0	0	0	0	0	0	0	0	0	0	0	0	0	0	0	0	0	0	0	0	0	0	0	0	204	0	218	0	216	0	388	0	200	0	230	0	2504	0	4244	0	0	0	0	0	0	0	0	0	0	0	
12016	Cerebelum_10_R	0	0	0	0	0	0	0	0	0	0	0	0	0	0	0	0	0	0	0	0	0	0	0	0	0	0	0	0	0	0	0	0	0	0	0	0	0	0	0	0	0	0	0	0	0	0	0	0	0	0	0	0	0	0	0	0	0	0	0	0	0	0	0	0	0	0	0	0	0	0	0	0	0	0	0	0	0	0	0	0	0	0	0	0	0	0	0	0	0	0	0	112	0	472	0	0	0	0	0	274	0	166	0	1768	0	2526	0	0	0	0	0	0	102	290	298	0	
32460	Vermis_1_2	0	0	0	0	0	0	0	0	0	0	0	0	0	0	0	0	0	0	0	0	0	0	0	0	0	0	0	0	0	0	0	0	0	0	0	0	0	0	0	0	0	0	0	0	0	0	0	0	0	0	0	0	0	0	0	0	0	0	0	0	0	0	0	0	0	0	0	0	0	0	0	0	0	0	0	0	0	0	0	0	0	0	0	0	0	0	0	0	0	0	434	114	192	146	580	1172	1640	74	414	176	166	0	212	148	140	1560	0	0	0	3196	2070	1250	454	624	1386	82	
39664	Vermis_3	0	0	0	0	0	0	0	0	0	0	0	0	0	0	0	0	0	0	0	0	0	0	0	0	0	0	0	0	0	0	0	0	0	0	0	0	0	0	0	0	0	0	0	0	0	0	0	0	0	0	0	0	0	0	0	0	0	0	0	0	0	0	0	0	0	0	0	0	0	0	0	0	0	0	0	0	0	0	0	0	0	0	0	0	0	0	0	0	0	0	578	1082	150	150	908	2056	2030	1292	614	1270	102	0	88	186	116	804	0	0	3196	0	3028	796	204	290	892	0	
277136	Vermis_4_5	0	0	0	0	0	0	0	0	0	0	0	0	0	0	0	0	0	0	0	0	0	0	0	0	0	0	0	0	0	0	0	0	0	290	1030	3770	0	0	0	296	0	0	712	416	0	522	3902	7800	0	0	92	0	184	190	2206	1710	0	0	0	0	0	0	0	0	0	0	818	4844	0	0	0	0	0	0	0	0	0	0	0	0	0	0	0	0	0	108	0	0	0	0	8920	9866	556	762	1390	896	21268	13390	15346	12924	196	0	322	146	2008	2890	0	0	2070	3028	0	7936	368	472	3234	1690	
