data	data	433772	181708	809828	770444	193084	95084	434028	223784	85836	22468	208720	169752	237924	177920	176968	97708	153244	114512	430264	849564	69032	74052	337892	364264	29616	93136	50968	63740	518504	279004	293480	406972	146132	627604	157068	170260	273252	306008	97008	209620	35948	58620	294392	379796	194256	317692	355372	383740	187376	329408	512056	277348	316476	126356	568716	542536	223696	209596	108484	83760	188284	75344	157468	121448	146716	116944	320992	547444	146464	220980	166824	346416	234752	251400	36184	22736	147468	182828	71172	34344	209612	152772	99368	86664	352636	266044	27208	25108	308844	300320	516748	534572	255412	275280	89148	127096	533676	421716	694584	593100	204716	103184	252820	304484	138800	175244	29504	8820	26224	123664	501928	327380	193932	185436	131336	45924	
data	data	Precentral_L	Precentral_R	Frontal_Sup_L	Frontal_Sup_R	Frontal_Sup_Orb_L	Frontal_Sup_Orb_R	Frontal_Mid_L	Frontal_Mid_R	Frontal_Mid_Orb_L	Frontal_Mid_Orb_R	Frontal_Inf_Oper_L	Frontal_Inf_Oper_R	Frontal_Inf_Tri_L	Frontal_Inf_Tri_R	Frontal_Inf_Orb_L	Frontal_Inf_Orb_R	Rolandic_Oper_L	Rolandic_Oper_R	Supp_Motor_Area_L	Supp_Motor_Area_R	Olfactory_L	Olfactory_R	Frontal_Sup_Medial_L	Frontal_Sup_Medial_R	Frontal_Med_Orb_L	Frontal_Med_Orb_R	Rectus_L	Rectus_R	Insula_L	Insula_R	Cingulum_Ant_L	Cingulum_Ant_R	Cingulum_Mid_L	Cingulum_Mid_R	Cingulum_Post_L	Cingulum_Post_R	Hippocampus_L	Hippocampus_R	ParaHippocampal_L	ParaHippocampal_R	Amygdala_L	Amygdala_R	Calcarine_L	Calcarine_R	Cuneus_L	Cuneus_R	Lingual_L	Lingual_R	Occipital_Sup_L	Occipital_Sup_R	Occipital_Mid_L	Occipital_Mid_R	Occipital_Inf_L	Occipital_Inf_R	Fusiform_L	Fusiform_R	Postcentral_L	Postcentral_R	Parietal_Sup_L	Parietal_Sup_R	Parietal_Inf_L	Parietal_Inf_R	SupraMarginal_L	SupraMarginal_R	Angular_L	Angular_R	Precuneus_L	Precuneus_R	Paracentral_Lobule_L	Paracentral_Lobule_R	Caudate_L	Caudate_R	Putamen_L	Putamen_R	Pallidum_L	Pallidum_R	Thalamus_L	Thalamus_R	Heschl_L	Heschl_R	Temporal_Sup_L	Temporal_Sup_R	Temporal_Pole_Sup_L	Temporal_Pole_Sup_R	Temporal_Mid_L	Temporal_Mid_R	Temporal_Pole_Mid_L	Temporal_Pole_Mid_R	Temporal_Inf_L	Temporal_Inf_R	Cerebelum_Crus1_L	Cerebelum_Crus1_R	Cerebelum_Crus2_L	Cerebelum_Crus2_R	Cerebelum_3_L	Cerebelum_3_R	Cerebelum_4_5_L	Cerebelum_4_5_R	Cerebelum_6_L	Cerebelum_6_R	Cerebelum_7b_L	Cerebelum_7b_R	Cerebelum_8_L	Cerebelum_8_R	Cerebelum_9_L	Cerebelum_9_R	Cerebelum_10_L	Cerebelum_10_R	Vermis_1_2	Vermis_3	Vermis_4_5	Vermis_6	Vermis_7	Vermis_8	Vermis_9	Vermis_10	
433772	Precentral_L	0	3496	10076	4254	690	0	16470	2408	0	0	8314	0	1404	0	168	0	8828	0	3668	4146	0	0	252	84	0	0	0	0	15186	0	640	94	2424	424	6734	2850	6634	1140	850	870	0	0	1298	0	934	0	322	0	508	0	7838	0	4000	0	2980	570	27460	0	732	0	4158	0	5780	0	238	0	1712	112	16184	0	3088	480	6858	96	898	0	14908	1574	3514	0	2590	0	390	0	3790	0	0	0	1178	362	0	0	0	0	0	0	112	0	118	0	0	0	0	0	0	0	0	0	0	0	0	0	0	0	0	0	
181708	Precentral_R	3496	0	1308	4008	102	0	1056	9248	0	0	326	4624	150	594	90	0	136	3212	1222	4238	0	0	0	0	0	0	0	0	706	2436	168	192	0	372	330	1354	216	4212	0	1252	0	0	0	0	0	0	0	0	0	96	0	98	0	490	0	1944	188	10952	0	0	0	168	0	3150	0	0	0	216	112	2130	218	6336	334	3568	0	1744	566	8666	0	280	94	886	0	0	0	1356	0	0	0	1912	0	0	0	0	0	0	0	302	0	0	0	0	0	0	0	0	0	0	0	0	0	0	0	0	0	0	
809828	Frontal_Sup_L	10076	1308	0	18420	14312	110	60686	922	2366	0	13320	672	15386	684	8784	0	4680	0	50438	28086	0	0	44978	2858	1470	328	534	0	29968	84	19884	5672	4574	12926	268	122	4234	114	602	0	0	0	0	0	0	0	0	0	0	0	204	0	112	0	432	0	1942	0	0	0	352	0	1118	0	0	0	0	0	2310	0	7348	1350	17778	114	4470	0	2322	526	306	0	2678	0	2366	0	184	0	0	0	136	0	0	0	0	0	0	0	0	0	0	0	0	0	0	0	0	0	0	0	0	0	0	0	0	0	0	0	
770444	Frontal_Sup_R	4254	4008	18420	0	158	4322	2704	28836	198	258	1878	9192	658	11426	470	6734	532	4618	17036	82940	0	0	8982	42382	0	3398	0	0	1700	8790	3140	29112	1114	28856	148	696	0	918	0	360	0	0	0	0	0	0	0	0	0	0	0	0	0	0	0	294	130	176	0	0	0	0	0	86	0	0	0	0	1370	90	3948	24948	166	11970	0	1526	1018	9040	0	270	502	0	576	592	0	0	0	0	0	172	0	0	0	0	0	0	0	110	0	0	0	0	0	0	0	0	0	0	0	0	0	0	0	0	0	0	
193084	Frontal_Sup_Orb_L	690	102	14312	158	0	0	4282	0	9886	0	242	0	4388	0	11094	0	0	0	196	152	342	156	8752	130	3022	0	5598	0	13498	0	11196	248	0	0	0	0	0	0	0	0	0	0	0	0	0	0	0	0	0	0	0	0	0	0	0	0	0	0	0	0	0	0	0	0	0	0	0	0	0	0	462	148	6876	0	0	0	0	0	0	0	0	0	612	0	0	0	0	0	0	0	0	0	0	0	0	0	0	0	0	0	0	0	0	0	0	0	0	0	0	0	0	0	0	0	0	0	
95084	Frontal_Sup_Orb_R	0	0	110	4322	0	0	0	632	0	2078	0	0	0	330	0	3796	0	0	108	304	924	2064	324	3916	0	7878	176	7948	0	1910	118	1710	0	0	0	0	0	0	0	0	0	0	0	0	0	0	0	0	0	0	0	0	0	0	0	0	0	0	0	0	0	0	0	0	0	0	0	0	0	0	900	3342	154	4498	0	0	0	0	0	0	0	0	0	0	0	0	0	0	0	0	0	0	0	0	0	0	0	0	0	0	0	0	0	0	0	0	0	0	0	0	0	0	0	0	0	0	
434028	Frontal_Mid_L	16470	1056	60686	2704	4282	0	0	536	2200	0	21580	1294	21368	1708	6872	160	5468	142	4490	2388	0	0	15886	892	0	94	0	0	17488	452	6228	1918	1548	1510	674	0	1058	102	206	0	0	0	0	0	0	0	0	0	0	0	134	0	0	0	0	0	1348	0	0	0	216	0	420	0	0	0	0	0	352	0	1954	1768	2516	144	498	0	1538	106	162	0	2840	0	1558	0	0	0	0	0	0	0	0	0	0	0	0	0	0	0	0	0	0	0	0	0	0	0	0	0	0	0	0	0	0	0	0	0	
223784	Frontal_Mid_R	2408	9248	922	28836	0	632	536	0	0	1834	138	10854	0	16378	0	1712	0	1736	1086	5700	0	0	340	4244	0	0	0	0	316	2156	134	1454	0	2876	98	258	98	784	0	454	0	0	0	0	0	0	0	0	0	0	0	0	0	0	0	342	148	162	0	0	0	0	0	0	0	0	0	0	98	0	134	2186	106	5044	0	600	622	6808	0	200	0	0	0	0	0	0	0	0	0	0	0	0	0	0	0	0	0	210	0	0	0	0	0	0	0	0	0	0	0	0	0	0	0	0	0	0	
85836	Frontal_Mid_Orb_L	0	0	2366	198	9886	0	2200	0	0	0	92	0	4298	0	12544	0	0	0	122	212	120	86	132	0	0	0	2198	0	4686	0	200	0	0	110	0	0	0	0	0	0	0	0	0	0	0	0	0	0	0	0	0	0	0	0	0	0	0	0	0	0	0	0	0	0	0	0	0	0	0	0	592	0	2580	0	0	0	0	0	0	0	0	0	296	0	0	0	0	0	0	0	0	0	0	0	0	0	0	0	0	0	0	0	0	0	0	0	0	0	0	0	0	0	0	0	0	0	
22468	Frontal_Mid_Orb_R	0	0	0	258	0	2078	0	1834	0	0	0	0	0	718	0	4382	0	0	0	0	0	0	0	102	0	154	0	312	0	326	0	0	0	0	0	0	0	0	0	0	0	0	0	0	0	0	0	0	0	0	0	0	0	0	0	0	0	0	0	0	0	0	0	0	0	0	0	0	0	0	0	382	0	688	0	0	0	0	0	0	0	0	0	0	0	0	0	0	0	0	0	0	0	0	0	0	0	0	0	0	0	0	0	0	0	0	0	0	0	0	0	0	0	0	0	0	
208720	Frontal_Inf_Oper_L	8314	326	13320	1878	242	0	21580	138	92	0	0	614	10726	810	306	108	8974	110	1538	1840	0	0	368	0	0	0	0	0	14134	324	846	298	0	630	0	0	336	0	0	0	0	0	0	0	0	0	0	0	0	0	0	0	0	0	0	0	1392	0	0	0	0	0	154	0	0	0	0	0	0	0	2636	1586	652	88	0	0	0	0	0	0	5594	0	4406	0	0	0	0	0	0	0	0	0	0	0	0	0	0	0	0	0	0	0	0	0	0	0	0	0	0	0	0	0	0	0	0	0	
169752	Frontal_Inf_Oper_R	0	4624	672	9192	0	0	1294	10854	0	0	614	0	230	13684	178	466	0	7318	580	5504	0	0	222	1898	0	0	0	0	298	10004	150	1162	0	1238	0	0	0	516	0	274	0	0	0	0	0	0	0	0	0	0	0	0	0	0	0	170	0	1592	0	0	0	0	0	246	0	0	0	0	0	0	362	5916	0	2940	0	0	0	1490	0	0	0	0	0	1048	0	0	0	0	0	0	0	0	0	0	0	0	0	140	0	0	0	0	0	0	0	0	0	0	0	0	0	0	0	0	0	0	
237924	Frontal_Inf_Tri_L	1404	150	15386	658	4388	0	21368	0	4298	0	10726	230	0	210	20154	0	716	0	3432	786	0	0	3218	0	0	0	316	0	21830	190	3020	554	0	242	0	0	0	0	0	0	0	0	0	0	0	0	0	0	0	0	0	0	0	0	0	0	0	0	0	0	0	0	0	0	0	0	0	0	0	0	1416	506	2678	0	0	0	150	0	0	0	196	0	740	0	0	0	0	0	0	0	0	0	0	0	0	0	0	0	0	0	0	0	0	0	0	0	0	0	0	0	0	0	0	0	0	0	
177920	Frontal_Inf_Tri_R	0	594	684	11426	0	330	1708	16378	0	718	810	13684	210	0	118	6948	0	472	680	5462	0	0	558	3868	0	258	0	0	194	9914	318	5282	0	2112	0	0	0	234	0	126	0	0	0	0	0	0	0	0	0	0	0	0	0	0	0	96	0	0	0	0	0	0	0	0	0	0	0	0	0	0	280	2870	0	1190	0	0	0	1438	0	0	0	0	0	0	0	0	0	0	0	0	0	0	0	0	0	0	0	0	0	0	0	0	0	0	0	0	0	0	0	0	0	0	0	0	0	0	
176968	Frontal_Inf_Orb_L	168	90	8784	470	11094	0	6872	0	12544	0	306	178	20154	118	0	0	0	0	1068	582	630	84	1270	0	0	0	1302	0	13986	152	1194	230	0	208	0	0	0	0	170	0	0	0	0	0	0	0	0	0	0	0	0	0	0	0	0	0	0	0	0	0	0	0	0	0	0	0	0	0	0	0	1258	266	4260	0	0	0	0	0	0	0	0	0	1046	0	0	0	0	0	0	0	0	0	0	0	0	0	0	0	0	0	0	0	0	0	0	0	0	0	0	0	0	0	0	0	0	0	
97708	Frontal_Inf_Orb_R	0	0	0	6734	0	3796	160	1712	0	4382	108	466	0	6948	0	0	0	300	0	3032	218	956	264	2232	0	444	0	612	0	6620	0	2692	0	792	0	0	0	0	0	204	0	0	0	0	0	0	0	0	0	0	0	0	0	0	0	0	0	0	0	0	0	0	0	0	0	0	0	0	0	0	316	4072	0	1478	0	0	0	0	0	0	0	0	0	316	0	0	0	0	0	0	0	0	0	0	0	0	0	0	0	0	0	0	0	0	0	0	0	0	0	0	0	0	0	0	0	0	
153244	Rolandic_Oper_L	8828	136	4680	532	0	0	5468	0	0	0	8974	0	716	0	0	0	0	0	138	520	0	0	0	0	0	0	0	0	13202	0	0	0	0	164	0	0	690	0	0	0	0	0	0	0	0	0	0	0	0	0	1264	0	1234	0	1018	0	3654	0	0	0	968	0	3334	0	660	0	0	0	0	0	696	0	198	0	0	0	96	0	2690	0	11056	0	2586	0	2344	0	0	0	776	0	0	0	0	0	0	0	0	0	0	0	0	0	0	0	0	0	0	0	0	0	0	0	0	0	0	0	
114512	Rolandic_Oper_R	0	3212	0	4618	0	0	142	1736	0	0	110	7318	0	472	0	300	0	0	0	3822	0	0	0	312	0	0	0	0	92	12190	0	202	0	0	0	0	0	1776	0	650	0	0	0	0	0	0	0	0	0	0	0	0	0	118	0	846	0	2448	0	0	0	136	0	2144	0	116	0	0	0	246	284	2412	0	3522	0	182	0	386	0	1858	0	3346	0	1136	0	400	0	0	0	272	0	0	0	0	0	0	0	452	0	0	0	0	0	0	0	0	0	0	0	0	0	0	0	0	0	0	
430264	Supp_Motor_Area_L	3668	1222	50438	17036	196	108	4490	1086	122	0	1538	580	3432	680	1068	0	138	0	0	40398	0	0	4342	1908	0	296	0	0	6108	118	4740	3260	10234	22010	292	0	3242	0	376	0	0	0	0	0	0	0	0	0	0	0	0	0	0	0	338	0	296	90	0	0	98	0	386	0	0	0	0	0	9034	560	3046	712	10790	158	4536	0	860	386	0	0	192	0	440	0	0	0	0	0	84	0	0	0	0	0	0	0	0	0	0	0	0	0	0	0	0	0	0	0	0	0	0	0	0	0	0	0	
849564	Supp_Motor_Area_R	4146	4238	28086	82940	152	304	2388	5700	212	0	1840	5504	786	5462	582	3032	520	3822	40398	0	0	0	1536	20156	0	892	0	0	1750	4732	3006	15350	4072	62718	698	6124	0	846	0	314	0	0	0	4946	0	2958	0	1314	0	2894	0	2772	0	320	0	408	0	9232	0	430	0	264	0	580	0	120	866	13264	4604	23880	4022	20952	186	8078	0	1396	638	3626	0	256	502	360	584	432	0	1754	0	0	0	838	0	0	0	0	0	0	0	0	0	0	0	0	0	0	0	0	0	0	0	0	0	0	0	0	0	0	
69032	Olfactory_L	0	0	0	0	342	924	0	0	120	0	0	0	0	0	630	218	0	0	0	0	0	6396	0	0	98	320	1926	1738	1622	0	2988	1794	0	0	0	0	440	0	942	0	568	0	0	0	0	0	0	0	0	0	0	0	0	0	0	0	0	0	0	0	0	0	0	0	0	0	0	0	0	0	6202	2932	2454	894	0	0	0	0	0	0	0	0	968	0	0	0	0	0	0	0	0	0	0	0	0	0	0	0	0	0	0	0	0	0	0	0	0	0	0	0	0	0	0	0	0	0	
74052	Olfactory_R	0	0	0	0	156	2064	0	0	86	0	0	0	0	0	84	956	0	0	0	0	6396	0	0	0	0	1138	1810	3256	0	2412	2808	2340	0	0	0	0	0	0	0	386	0	660	0	0	0	0	0	0	0	0	0	0	0	0	0	0	0	0	0	0	0	0	0	0	0	0	0	0	0	0	5796	3250	2320	978	0	0	0	0	0	0	0	0	0	130	0	0	0	0	0	0	0	0	0	0	0	0	0	0	0	0	0	0	0	0	0	0	0	0	0	0	0	0	0	0	0	0	
337892	Frontal_Sup_Medial_L	252	0	44978	8982	8752	324	15886	340	132	0	368	222	3218	558	1270	264	0	0	4342	1536	0	0	0	16302	2536	1196	274	0	7386	558	18360	13892	3922	9078	0	0	0	0	0	0	0	0	0	0	0	0	0	0	0	0	0	0	0	0	0	0	0	0	0	0	0	0	0	0	0	0	0	0	0	0	368	538	2792	320	0	0	0	0	0	0	0	0	0	0	0	0	0	0	0	0	0	0	0	0	0	0	0	0	0	0	0	0	0	0	0	0	0	0	0	0	0	0	0	0	0	0	
364264	Frontal_Sup_Medial_R	84	0	2858	42382	130	3916	892	4244	0	102	0	1898	0	3868	0	2232	0	312	1908	20156	0	0	16302	0	628	6950	0	464	0	3782	3716	30660	374	21854	0	0	0	0	0	0	0	0	0	0	0	0	0	0	0	0	0	0	0	0	0	0	0	0	0	0	0	0	0	0	0	0	0	0	0	0	144	8050	0	4076	0	0	0	0	0	0	0	0	0	150	0	0	0	0	0	0	0	0	0	0	0	0	0	0	0	0	0	0	0	0	0	0	0	0	0	0	0	0	0	0	0	0	
29616	Frontal_Med_Orb_L	0	0	1470	0	3022	0	0	0	0	0	0	0	0	0	0	0	0	0	0	0	98	0	2536	628	0	726	1252	0	348	0	3476	554	0	0	0	0	0	0	0	0	0	0	0	0	0	0	0	0	0	0	0	0	0	0	0	0	0	0	0	0	0	0	0	0	0	0	0	0	0	0	178	0	520	0	0	0	0	0	0	0	0	0	0	0	0	0	0	0	0	0	0	0	0	0	0	0	0	0	0	0	0	0	0	0	0	0	0	0	0	0	0	0	0	0	0	0	
93136	Frontal_Med_Orb_R	0	0	328	3398	0	7878	94	0	0	154	0	0	0	258	0	444	0	0	296	892	320	1138	1196	6950	726	0	798	7230	0	514	854	5978	0	0	0	0	0	0	0	0	0	0	0	0	0	0	0	0	0	0	0	0	0	0	0	0	0	0	0	0	0	0	0	0	0	0	0	0	0	0	274	3750	0	3098	0	0	0	0	0	0	0	0	0	0	0	0	0	0	0	0	0	0	0	0	0	0	0	0	0	0	0	0	0	0	0	0	0	0	0	0	0	0	0	0	0	0	
50968	Rectus_L	0	0	534	0	5598	176	0	0	2198	0	0	0	316	0	1302	0	0	0	0	0	1926	1810	274	0	1252	798	0	1098	540	0	2836	994	0	0	0	0	0	0	0	0	0	0	0	0	0	0	0	0	0	0	0	0	0	0	0	0	0	0	0	0	0	0	0	0	0	0	0	0	0	0	1488	636	1358	350	0	0	0	0	0	0	0	0	0	0	0	0	0	0	0	0	0	0	0	0	0	0	0	0	0	0	0	0	0	0	0	0	0	0	0	0	0	0	0	0	0	0	
63740	Rectus_R	0	0	0	0	0	7948	0	0	0	312	0	0	0	0	0	612	0	0	0	0	1738	3256	0	464	0	7230	1098	0	0	414	472	3016	0	0	0	0	0	0	0	0	0	0	0	0	0	0	0	0	0	0	0	0	0	0	0	0	0	0	0	0	0	0	0	0	0	0	0	0	0	0	1442	1950	400	1518	0	0	0	0	0	0	0	0	0	0	0	0	0	0	0	0	0	0	0	0	0	0	0	0	0	0	0	0	0	0	0	0	0	0	0	0	0	0	0	0	0	0	
518504	Insula_L	15186	706	29968	1700	13498	0	17488	316	4686	0	14134	298	21830	194	13986	0	13202	92	6108	1750	1622	0	7386	0	348	0	540	0	0	206	10438	650	0	496	724	970	12558	90	1934	0	1842	0	0	0	0	0	0	0	0	0	888	0	886	0	4008	0	4726	0	0	0	0	0	2122	0	0	0	102	0	0	0	2872	954	15616	122	0	0	2558	768	5718	0	8340	0	9786	0	2112	0	0	0	2598	0	0	0	0	0	0	0	0	0	130	0	0	0	0	0	0	0	0	0	0	0	0	0	0	0	0	0	
279004	Insula_R	0	2436	84	8790	0	1910	452	2156	0	326	324	10004	190	9914	152	6620	0	12190	118	4732	0	2412	558	3782	0	514	0	414	206	0	168	4508	0	484	0	0	92	6460	0	2164	0	1886	0	0	0	0	0	0	0	0	0	0	0	374	0	5964	0	1090	0	0	0	0	0	510	0	0	0	0	0	120	358	5834	0	16240	0	200	0	1668	0	1620	0	8088	0	6018	0	2632	0	0	0	4202	0	0	0	0	0	0	0	538	0	0	0	0	0	0	0	0	0	0	0	0	0	0	0	0	0	0	
293480	Cingulum_Ant_L	640	168	19884	3140	11196	118	6228	134	200	0	846	150	3020	318	1194	0	0	0	4740	3006	2988	2808	18360	3716	3476	854	2836	472	10438	168	0	17842	5162	6788	0	0	0	0	0	0	0	0	0	0	0	0	0	0	0	0	0	0	0	0	0	0	0	0	0	0	0	0	0	0	0	0	0	0	0	0	3732	2766	8174	932	0	0	0	0	0	0	0	0	246	0	0	0	0	0	0	0	0	0	0	0	0	0	0	0	0	0	0	0	0	0	0	0	0	0	0	0	0	0	0	0	0	0	
406972	Cingulum_Ant_R	94	192	5672	29112	248	1710	1918	1454	0	0	298	1162	554	5282	230	2692	0	202	3260	15350	1794	2340	13892	30660	554	5978	994	3016	650	4508	17842	0	2458	25400	0	0	0	0	0	0	0	0	0	0	0	0	0	0	0	0	0	0	0	0	0	0	0	0	0	0	0	0	0	0	0	0	0	0	0	0	2066	13724	914	7088	0	0	0	90	0	0	0	0	0	88	0	0	0	0	0	0	0	0	0	0	0	0	0	0	0	0	0	0	0	0	0	0	0	0	0	0	0	0	0	0	0	0	
146132	Cingulum_Mid_L	2424	0	4574	1114	0	0	1548	0	0	0	0	0	0	0	0	0	0	0	10234	4072	0	0	3922	374	0	0	0	0	0	0	5162	2458	0	11564	2326	496	0	0	0	0	0	0	240	172	550	206	0	0	1642	0	2564	0	156	0	0	0	622	0	1592	0	640	0	0	0	170	0	3920	1588	8096	224	0	0	0	0	0	0	0	0	0	0	84	0	0	0	332	0	0	0	0	0	0	0	0	0	0	0	0	0	0	0	0	0	0	0	0	0	0	0	0	0	0	0	0	0	0	0	
627604	Cingulum_Mid_R	424	372	12926	28856	0	0	1510	2876	110	0	630	1238	242	2112	208	792	164	0	22010	62718	0	0	9078	21854	0	0	0	0	496	484	6788	25400	11564	0	2738	7404	0	100	0	0	0	0	0	6980	96	5854	0	1542	166	4844	282	3934	0	284	0	206	0	8688	222	402	0	232	0	112	0	116	4434	24490	2530	21762	556	770	0	0	0	0	0	0	0	0	162	118	146	0	0	1110	0	0	0	308	0	0	0	0	0	0	0	0	0	0	0	0	0	0	0	0	0	0	0	0	362	0	0	0	0	0	
157068	Cingulum_Post_L	6734	330	268	148	0	0	674	98	0	0	0	0	0	0	0	0	0	0	292	698	0	0	0	0	0	0	0	0	724	0	0	0	2326	2738	0	9520	6706	3514	2038	1884	0	0	3326	0	744	224	1656	346	2176	126	3640	0	538	0	436	1102	366	0	356	0	354	0	0	0	152	0	9342	4410	2130	206	0	0	0	0	0	0	4726	1628	228	0	0	0	0	0	476	0	0	0	0	796	0	0	0	0	0	0	0	0	0	0	0	0	0	0	0	0	0	0	0	0	358	0	0	0	0	0	
170260	Cingulum_Post_R	2850	1354	122	696	0	0	0	258	0	0	0	0	0	0	0	0	0	0	0	6124	0	0	0	0	0	0	0	0	970	0	0	0	496	7404	9520	0	2004	7718	0	3684	0	0	0	1658	0	700	0	2378	94	380	120	304	0	348	0	3524	0	510	0	0	0	0	0	0	0	0	1184	11342	556	3956	0	0	0	0	0	0	6634	3716	0	0	0	0	0	0	0	546	0	0	0	3372	0	0	0	0	0	0	0	0	0	0	0	0	0	0	0	0	0	0	0	0	608	0	0	0	0	0	
273252	Hippocampus_L	6634	216	4234	0	0	0	1058	98	0	0	336	0	0	0	0	0	690	0	3242	0	440	0	0	0	0	0	0	0	12558	92	0	0	0	0	6706	2004	0	2014	12854	1374	7022	0	3240	0	222	0	2008	476	0	0	688	0	790	0	18284	820	2212	114	0	0	0	0	616	0	0	0	5814	462	154	0	428	0	6472	348	330	0	4278	1054	3178	0	2518	0	2442	0	3118	0	0	0	12778	526	596	0	0	0	0	0	144	0	944	0	0	0	0	0	0	0	0	0	0	0	0	0	0	0	0	0	
306008	Hippocampus_R	1140	4212	114	918	0	0	102	784	0	0	0	516	0	234	0	0	0	1776	0	846	0	0	0	0	0	0	0	0	90	6460	0	0	0	100	3514	7718	2014	0	100	26754	0	8684	0	538	0	102	0	1946	0	88	0	0	0	556	0	32570	0	2498	0	0	0	100	0	1386	0	0	96	4008	0	0	0	364	86	9598	0	576	4436	5170	0	742	0	1700	0	1348	0	2332	0	164	0	13566	0	0	0	0	0	0	0	2722	0	0	0	0	0	0	0	0	0	0	0	0	236	0	0	0	0	0	
97008	ParaHippocampal_L	850	0	602	0	0	0	206	0	0	0	0	0	0	0	170	0	0	0	376	0	942	0	0	0	0	0	0	0	1934	0	0	0	0	0	2038	0	12854	100	0	0	1994	0	3102	0	494	0	3662	390	88	0	1464	0	1210	0	5768	0	170	0	0	0	0	0	0	0	0	0	3916	0	0	0	0	0	1172	104	0	0	198	198	0	0	104	0	780	0	238	0	0	0	1434	0	132	0	0	0	276	0	774	0	594	0	0	0	0	0	84	0	86	0	0	0	0	0	0	0	0	0	
209620	ParaHippocampal_R	870	1252	0	360	0	0	0	454	0	0	0	274	0	126	0	204	0	650	0	314	0	386	0	0	0	0	0	0	0	2164	0	0	0	0	1884	3684	1374	26754	0	0	0	5970	0	566	0	0	0	2212	0	0	0	0	0	236	0	23972	0	908	0	0	0	0	0	474	0	0	0	3330	0	0	0	170	0	4566	0	262	1450	2096	0	170	0	232	0	2284	0	940	0	1474	0	9008	0	0	0	0	0	0	0	3506	0	0	0	0	0	0	0	0	0	0	0	0	234	0	0	0	0	0	
35948	Amygdala_L	0	0	0	0	0	0	0	0	0	0	0	0	0	0	0	0	0	0	0	0	568	0	0	0	0	0	0	0	1842	0	0	0	0	0	0	0	7022	0	1994	0	0	0	0	0	0	0	0	0	0	0	0	0	0	0	3196	0	0	0	0	0	0	0	0	0	0	0	0	0	0	0	0	0	274	0	0	0	146	0	0	0	0	0	1228	0	0	0	0	0	1704	0	0	0	0	0	0	0	0	0	0	0	0	0	0	0	0	0	0	0	0	0	0	0	0	0	0	0	
58620	Amygdala_R	0	0	0	0	0	0	0	0	0	0	0	0	0	0	0	0	0	0	0	0	0	660	0	0	0	0	0	0	0	1886	0	0	0	0	0	0	0	8684	0	5970	0	0	0	0	0	0	0	0	0	0	0	0	0	0	0	7134	0	0	0	0	0	0	0	0	0	0	0	0	0	0	0	110	0	1020	0	0	0	182	0	0	0	0	0	2098	0	0	0	760	0	806	0	0	0	0	0	0	0	0	0	0	0	0	0	0	0	0	0	0	0	0	0	0	0	0	0	0	
294392	Calcarine_L	1298	0	0	0	0	0	0	0	0	0	0	0	0	0	0	0	0	0	0	0	0	0	0	0	0	0	0	0	0	0	0	0	240	0	3326	0	3240	0	3102	0	0	0	0	11276	17078	8570	13328	3884	13658	4678	25752	1220	5464	212	3032	1080	596	0	96	0	208	0	0	0	0	0	16666	1100	1878	0	0	0	0	0	0	0	0	0	0	0	0	0	0	0	2224	0	0	0	540	0	122	512	0	0	0	0	114	740	652	524	0	0	0	0	0	0	0	0	0	0	786	0	0	0	0	0	
379796	Calcarine_R	0	0	0	0	0	0	0	0	0	0	0	0	0	0	0	0	0	0	0	4946	0	0	0	0	0	0	0	0	0	0	0	0	172	6980	0	1658	0	538	0	566	0	0	11276	0	7516	30500	3970	21140	230	21962	0	12296	0	7980	0	5434	0	2324	0	252	0	422	0	126	0	462	562	31792	552	5758	0	0	0	0	0	0	0	0	0	0	0	156	0	0	0	5174	0	0	0	4738	0	0	0	0	0	0	0	104	0	0	0	0	0	0	0	0	0	0	0	0	172	140	0	0	0	0	
194256	Cuneus_L	934	0	0	0	0	0	0	0	0	0	0	0	0	0	0	0	0	0	0	0	0	0	0	0	0	0	0	0	0	0	0	0	550	96	744	0	222	0	494	0	0	0	17078	7516	0	11726	1560	346	17806	4084	11024	924	1584	0	456	192	150	0	414	0	212	0	0	0	0	0	12546	4026	1090	0	0	0	0	0	0	0	0	0	0	0	0	0	0	0	1254	0	0	0	100	0	0	0	0	0	0	0	0	0	0	0	0	0	0	0	0	0	0	0	0	0	0	0	0	0	0	0	
317692	Cuneus_R	0	0	0	0	0	0	0	0	0	0	0	0	0	0	0	0	0	0	0	2958	0	0	0	0	0	0	0	0	0	0	0	0	206	5854	224	700	0	102	0	0	0	0	8570	30500	11726	0	1378	4538	666	32396	176	9934	0	1432	0	2136	0	1104	0	3614	0	126	0	0	0	156	4956	28498	528	3676	0	0	0	0	0	0	0	0	0	0	0	0	0	0	0	1962	0	0	0	518	0	0	0	0	0	0	0	0	0	0	0	0	0	0	0	0	0	0	0	0	212	0	0	0	0	0	
355372	Lingual_L	322	0	0	0	0	0	0	0	0	0	0	0	0	0	0	0	0	0	0	0	0	0	0	0	0	0	0	0	0	0	0	0	0	0	1656	0	2008	0	3662	0	0	0	13328	3970	1560	1378	0	9406	2456	1648	17928	812	18608	602	24718	2392	90	0	0	0	0	0	288	0	0	0	5134	242	190	0	0	0	0	0	0	0	0	0	0	0	0	0	0	0	736	0	0	0	578	0	5524	1884	208	0	342	0	13738	4894	19932	2980	0	0	0	0	492	114	0	0	0	246	9708	3418	190	0	96	208	
383740	Lingual_R	0	0	0	0	0	0	0	0	0	0	0	0	0	0	0	0	0	0	0	1314	0	0	0	0	0	0	0	0	0	0	0	0	0	1542	346	2378	476	1946	390	2212	0	0	3884	21140	346	4538	9406	0	0	5506	252	5740	1680	6694	3460	20002	0	1522	0	226	0	412	0	0	0	332	100	15088	0	1350	0	0	0	0	0	0	548	372	0	0	0	0	0	0	100	2252	0	0	0	3444	3328	6822	94	132	448	810	8228	12012	9852	9276	0	0	0	132	306	0	0	0	0	358	13400	7342	244	0	88	0	
187376	Occipital_Sup_L	508	0	0	0	0	0	0	0	0	0	0	0	0	0	0	0	0	0	0	0	0	0	0	0	0	0	0	0	0	0	0	0	1642	166	2176	94	0	0	88	0	0	0	13658	230	17806	666	2456	0	0	174	23842	0	1400	0	356	0	592	0	5436	0	828	0	0	0	270	0	15742	3664	1144	0	0	0	0	0	0	0	0	0	0	0	0	0	0	0	750	0	0	0	0	0	0	0	0	0	0	0	0	0	0	0	0	0	0	0	0	0	0	0	0	0	0	0	0	0	0	0	
329408	Occipital_Sup_R	0	96	0	0	0	0	0	0	0	0	0	0	0	0	0	0	0	0	0	2894	0	0	0	0	0	0	0	0	0	0	0	0	0	4844	126	380	0	88	0	0	0	0	4678	21962	4084	32396	1648	5506	174	0	100	25980	0	2016	0	2490	0	3298	0	9166	0	2210	0	104	0	5132	2338	24534	0	3852	0	0	0	0	0	0	0	0	0	0	0	144	0	0	0	3414	0	0	0	958	0	0	0	0	0	0	0	0	0	0	0	0	0	0	0	0	0	0	0	0	0	92	0	0	0	0	
512056	Occipital_Mid_L	7838	0	204	0	0	0	134	0	0	0	0	0	0	0	0	0	1264	0	0	0	0	0	0	0	0	0	0	0	888	0	0	0	2564	282	3640	120	688	0	1464	0	0	0	25752	0	11024	176	17928	252	23842	100	0	0	31054	0	10738	0	5026	0	6520	0	11058	0	2058	0	21454	0	17640	2144	4408	0	0	0	0	0	0	0	0	0	2080	0	2474	0	0	0	30798	0	0	0	7322	0	168	0	0	0	0	0	494	0	2082	0	0	0	0	0	0	0	0	0	0	0	152	198	0	0	0	0	
277348	Occipital_Mid_R	0	98	0	0	0	0	0	0	0	0	0	0	0	0	0	0	0	0	0	2772	0	0	0	0	0	0	0	0	0	0	0	0	0	3934	0	304	0	0	0	0	0	0	1220	12296	924	9934	812	5740	0	25980	0	0	0	5060	0	5090	0	1728	0	4220	0	5360	0	342	0	17728	660	11594	0	3192	0	0	0	0	0	0	0	0	0	0	0	720	0	0	0	15494	0	0	0	3064	0	0	0	0	0	0	0	0	0	146	0	0	0	0	0	0	0	0	0	0	90	172	0	0	0	0	
316476	Occipital_Inf_L	4000	0	112	0	0	0	0	0	0	0	0	0	0	0	0	0	1234	0	0	0	0	0	0	0	0	0	0	0	886	0	0	0	156	0	538	0	790	0	1210	0	0	0	5464	0	1584	0	18608	1680	1400	0	31054	0	0	122	28852	604	1134	0	0	0	110	0	2256	0	742	0	2626	0	336	0	0	0	0	0	0	0	0	0	1818	0	1178	0	0	0	9128	0	0	0	7496	0	2076	552	0	0	202	0	8116	2284	11246	1050	0	0	0	0	474	142	0	0	0	86	5378	1044	114	0	112	244	
126356	Occipital_Inf_R	0	490	0	0	0	0	0	0	0	0	0	0	0	0	0	0	0	118	0	320	0	0	0	0	0	0	0	0	0	374	0	0	0	284	0	348	0	556	0	236	0	0	212	7980	0	1432	602	6694	0	2016	0	5060	122	0	234	10172	0	326	0	0	0	88	0	458	0	94	0	4618	0	284	0	0	0	0	0	0	0	0	0	0	0	280	0	0	0	3626	0	0	0	7908	356	230	0	0	0	0	892	1420	946	1526	0	0	0	0	0	0	0	0	0	0	1726	1150	0	0	0	0	
568716	Fusiform_L	2980	0	432	0	0	0	0	0	0	0	0	0	0	0	0	0	1018	0	338	0	0	0	0	0	0	0	0	0	4008	0	0	0	0	0	436	0	18284	0	5768	0	3196	0	3032	0	456	0	24718	3460	356	0	10738	0	28852	234	0	1068	1338	0	0	0	84	0	1648	0	122	0	2542	0	0	0	0	0	914	0	0	0	172	0	2084	0	4326	0	2426	0	9778	0	2798	0	26866	0	19716	1600	744	0	1696	124	25884	4280	41494	2512	1206	0	1424	142	2774	218	1586	0	0	252	9648	2812	278	566	600	330	
542536	Fusiform_R	570	1944	0	294	0	0	0	342	0	0	0	170	0	96	0	0	0	846	0	408	0	0	0	0	0	0	0	0	0	5964	0	0	0	206	1102	3524	820	32570	0	23972	0	7134	1080	5434	192	2136	2392	20002	0	2490	0	5090	604	10172	1068	0	0	1178	0	0	0	112	0	680	0	0	0	5758	0	186	0	180	0	4878	0	140	792	2132	0	492	0	4228	0	6796	0	5134	0	2080	0	30044	1828	15878	0	1406	262	296	4622	15054	4678	18270	0	92	0	572	128	136	0	102	0	202	8524	3502	164	120	0	0	
223696	Postcentral_L	27460	188	1942	130	0	0	1348	148	0	0	1392	0	0	0	0	0	3654	0	296	0	0	0	0	0	0	0	0	0	4726	0	0	0	622	0	366	0	2212	0	170	0	0	0	596	0	150	0	90	0	592	0	5026	0	1134	0	1338	0	0	0	6596	0	19576	0	13266	0	796	0	1472	0	5374	0	1510	0	676	0	152	0	2772	0	2566	0	940	0	0	0	1804	0	0	0	768	0	0	0	0	0	0	0	0	0	0	0	0	0	0	0	0	0	0	0	0	0	0	0	0	0	0	0	
209596	Postcentral_R	0	10952	0	176	0	0	0	162	0	0	0	1592	0	0	0	0	0	2448	90	9232	0	0	0	0	0	0	0	0	0	1090	0	0	0	8688	0	510	114	2498	0	908	0	0	0	2324	0	1104	0	1522	0	3298	0	1728	0	326	0	1178	0	0	0	4308	0	2088	0	13240	0	128	630	12182	90	12888	0	1972	0	548	0	0	0	2950	0	450	0	1076	0	0	0	1190	0	0	0	1118	0	0	0	0	0	0	0	0	0	0	0	0	0	0	0	0	0	0	0	0	0	0	0	0	0	0	
108484	Parietal_Sup_L	732	0	0	0	0	0	0	0	0	0	0	0	0	0	0	0	0	0	0	0	0	0	0	0	0	0	0	0	0	0	0	0	1592	222	356	0	0	0	0	0	0	0	96	0	414	0	0	0	5436	0	6520	0	0	0	0	0	6596	0	0	0	13832	0	0	0	2350	0	11524	2262	1604	0	0	0	0	0	0	0	0	0	0	0	302	0	0	0	234	0	0	0	170	0	0	0	0	0	0	0	0	0	0	0	0	0	0	0	0	0	0	0	0	0	0	0	0	0	0	0	
83760	Parietal_Sup_R	0	0	0	0	0	0	0	0	0	0	0	0	0	0	0	0	0	0	0	430	0	0	0	0	0	0	0	0	0	0	0	0	0	402	0	0	0	0	0	0	0	0	0	252	0	3614	0	226	0	9166	0	4220	0	0	0	0	0	4308	0	0	0	3618	0	402	0	4784	206	7918	0	1902	0	0	0	0	0	0	0	0	0	0	0	0	0	0	0	312	0	0	0	120	0	0	0	0	0	0	0	0	0	0	0	0	0	0	0	0	0	0	0	0	0	0	0	0	0	0	
188284	Parietal_Inf_L	4158	0	352	0	0	0	216	0	0	0	0	0	0	0	0	0	968	0	98	0	0	0	0	0	0	0	0	0	0	0	0	0	640	0	354	0	0	0	0	0	0	0	208	0	212	0	0	0	828	0	11058	0	110	0	84	0	19576	0	13832	0	0	0	12878	0	12918	0	3172	118	1538	0	136	0	0	0	0	0	130	0	0	0	4802	0	0	0	3636	0	0	0	2120	0	0	0	0	0	0	0	0	0	0	0	0	0	0	0	0	0	0	0	0	0	0	0	0	0	0	0	
75344	Parietal_Inf_R	0	168	0	0	0	0	0	0	0	0	0	0	0	0	0	0	0	136	0	264	0	0	0	0	0	0	0	0	0	0	0	0	0	232	0	0	0	100	0	0	0	0	0	422	0	126	0	412	0	2210	0	5360	0	88	0	112	0	2088	0	3618	0	0	0	6802	0	10240	0	790	0	288	0	0	0	0	0	0	0	0	0	198	0	1164	0	0	0	2172	0	0	0	682	0	0	0	0	0	0	0	0	0	0	0	0	0	0	0	0	0	0	0	0	0	0	0	0	0	0	
157468	SupraMarginal_L	5780	0	1118	0	0	0	420	0	0	0	154	0	0	0	0	0	3334	0	386	0	0	0	0	0	0	0	0	0	2122	0	0	0	0	0	0	0	616	0	0	0	0	0	0	0	0	0	288	0	0	0	2058	0	2256	0	1648	0	13266	0	0	0	12878	0	0	0	6364	0	958	0	166	0	954	0	88	0	0	0	308	0	1514	0	7202	0	0	0	9194	0	0	0	4934	0	0	0	0	0	0	0	288	0	288	0	0	0	0	0	0	0	0	0	0	0	152	0	0	0	0	0	
121448	SupraMarginal_R	0	3150	0	86	0	0	0	0	0	0	0	246	0	0	0	0	0	2144	0	580	0	0	0	0	0	0	0	0	0	510	0	0	0	112	0	0	0	1386	0	474	0	0	0	126	0	0	0	0	0	104	0	342	0	458	0	680	0	13240	0	402	0	6802	0	0	0	3342	0	226	0	604	0	978	0	98	0	0	0	766	0	1612	0	11550	0	0	0	7744	0	0	0	2962	0	0	0	0	0	0	0	0	0	0	0	0	0	0	0	0	0	0	0	0	0	0	0	0	0	0	
146716	Angular_L	238	0	0	0	0	0	0	0	0	0	0	0	0	0	0	0	660	0	0	0	0	0	0	0	0	0	0	0	0	0	0	0	170	0	152	0	0	0	0	0	0	0	0	0	0	0	0	0	270	0	21454	0	742	0	122	0	796	0	2350	0	12918	0	6364	0	0	0	1670	0	132	0	0	0	0	0	0	0	0	0	0	0	5954	0	0	0	13910	0	0	0	5456	0	0	0	0	0	0	0	0	0	0	0	0	0	0	0	0	0	0	0	0	0	0	0	0	0	0	0	
116944	Angular_R	0	0	0	0	0	0	0	0	0	0	0	0	0	0	0	0	0	116	0	120	0	0	0	0	0	0	0	0	0	0	0	0	0	116	0	0	0	0	0	0	0	0	0	462	0	156	0	332	0	5132	0	17728	0	94	0	0	0	128	0	4784	0	10240	0	3342	0	0	0	862	0	132	0	0	0	0	0	0	0	0	0	0	0	4416	0	0	0	9002	0	0	0	1310	0	0	0	0	0	0	0	0	0	0	0	0	0	0	0	0	0	0	0	0	0	0	0	0	0	0	
320992	Precuneus_L	1712	0	0	0	0	0	0	0	0	0	0	0	0	0	0	0	0	0	0	866	0	0	0	0	0	0	0	0	102	0	0	0	3920	4434	9342	1184	5814	96	3916	0	0	0	16666	562	12546	4956	5134	100	15742	2338	17640	660	2626	0	2542	0	1472	630	11524	206	3172	0	958	0	1670	0	0	19488	3084	1406	0	0	0	0	0	0	382	0	160	0	418	0	0	0	2054	0	0	0	884	0	0	0	0	0	0	0	0	0	0	0	0	0	0	0	0	0	0	0	0	0	90	0	0	0	0	0	
547444	Precuneus_R	112	216	0	0	0	0	0	0	0	0	0	0	0	0	0	0	0	0	0	13264	0	0	0	0	0	0	0	0	0	0	0	0	1588	24490	4410	11342	462	4008	0	3330	0	0	1100	31792	4026	28498	242	15088	3664	24534	2144	11594	0	4618	0	5758	0	12182	2262	7918	118	790	0	226	0	862	19488	0	966	18342	0	0	0	0	0	0	408	132	0	0	0	210	0	0	0	5718	0	0	0	6138	0	0	0	0	0	0	0	108	0	0	0	0	0	0	0	0	0	0	0	0	1574	0	0	0	0	0	
146464	Paracentral_Lobule_L	16184	112	2310	1370	0	0	352	98	0	0	0	0	0	0	0	0	0	0	9034	4604	0	0	0	0	0	0	0	0	0	0	0	0	8096	2530	2130	556	154	0	0	0	0	0	1878	552	1090	528	190	0	1144	0	4408	0	336	0	0	0	5374	90	1604	0	1538	0	166	0	132	0	3084	966	0	1068	96	0	444	0	120	0	276	0	0	0	184	0	0	0	434	0	0	0	0	0	0	0	0	0	0	0	0	0	0	0	0	0	0	0	0	0	0	0	0	0	0	0	0	0	0	0	
220980	Paracentral_Lobule_R	0	2130	0	90	0	0	0	0	0	0	0	0	0	0	0	0	0	246	560	23880	0	0	0	0	0	0	0	0	0	120	0	0	224	21762	206	3956	0	0	0	0	0	0	0	5758	0	3676	0	1350	0	3852	0	3192	0	284	0	186	0	12888	0	1902	0	288	0	604	0	132	1406	18342	1068	0	0	0	0	0	0	0	0	0	0	0	0	408	0	0	0	1494	0	0	0	486	0	0	0	0	0	0	0	0	0	0	0	0	0	0	0	0	0	0	0	0	0	0	0	0	0	0	
166824	Caudate_L	3088	218	7348	3948	462	900	1954	134	592	0	2636	362	1416	280	1258	316	696	284	3046	4022	6202	5796	368	144	178	274	1488	1442	2872	358	3732	2066	0	556	0	0	428	0	0	0	0	0	0	0	0	0	0	0	0	0	0	0	0	0	0	0	1510	0	0	0	136	0	954	0	0	0	0	0	96	0	0	6750	5270	938	838	0	6388	204	0	0	712	0	752	0	0	0	0	0	0	0	0	0	0	0	0	0	0	0	0	0	0	0	0	0	0	0	0	0	0	0	0	0	0	0	0	0	
346416	Caudate_R	480	6336	1350	24948	148	3342	1768	2186	0	382	1586	5916	506	2870	266	4072	0	2412	712	20952	2932	3250	538	8050	0	3750	636	1950	954	5834	2766	13724	0	770	0	0	0	364	0	170	0	110	0	0	0	0	0	0	0	0	0	0	0	0	0	180	0	1972	0	0	0	0	0	978	0	0	0	0	0	0	6750	0	1458	12498	0	1918	514	19826	0	114	0	290	150	530	0	0	0	0	0	0	0	0	0	0	0	0	0	0	0	0	0	0	0	0	0	0	0	0	0	0	0	0	0	0	0	0	
234752	Putamen_L	6858	334	17778	166	6876	154	2516	106	2580	0	652	0	2678	0	4260	0	198	0	10790	186	2454	2320	2792	0	520	0	1358	400	15616	0	8174	914	0	0	0	0	6472	86	1172	0	274	0	0	0	0	0	0	0	0	0	0	0	0	0	914	0	676	0	0	0	0	0	88	0	0	0	0	0	444	0	5270	1458	0	732	4776	0	1978	266	0	0	268	0	1124	0	0	0	0	0	380	0	132	0	0	0	0	0	0	0	186	0	0	0	0	0	0	0	0	0	0	0	0	0	0	0	0	0	
251400	Putamen_R	96	3568	114	11970	0	4498	144	5044	0	688	88	2940	0	1190	0	1478	0	3522	158	8078	894	978	320	4076	0	3098	350	1518	122	16240	932	7088	0	0	0	0	348	9598	104	4566	0	1020	0	0	0	0	0	0	0	0	0	0	0	0	0	4878	0	548	0	0	0	0	0	98	0	0	0	0	0	0	938	12498	732	0	0	2682	0	2250	0	222	0	204	0	2726	0	444	0	0	0	1338	0	0	0	0	0	0	0	1314	0	0	0	0	0	0	0	0	0	0	0	0	0	0	0	0	0	0	
36184	Pallidum_L	898	0	4470	0	0	0	498	0	0	0	0	0	0	0	0	0	0	0	4536	0	0	0	0	0	0	0	0	0	0	0	0	0	0	0	0	0	330	0	0	0	0	0	0	0	0	0	0	0	0	0	0	0	0	0	0	0	152	0	0	0	0	0	0	0	0	0	0	0	120	0	838	0	4776	0	0	0	1474	0	0	0	0	0	0	0	0	0	0	0	0	0	0	0	0	0	0	0	0	0	0	0	0	0	0	0	0	0	0	0	0	0	0	0	0	0	0	0	
22736	Pallidum_R	0	1744	0	1526	0	0	0	600	0	0	0	0	0	0	0	0	0	182	0	1396	0	0	0	0	0	0	0	0	0	200	0	0	0	0	0	0	0	576	0	262	0	0	0	0	0	0	0	0	0	0	0	0	0	0	0	140	0	0	0	0	0	0	0	0	0	0	0	0	0	0	0	1918	0	2682	0	0	0	142	0	0	0	0	0	0	0	0	0	0	0	0	0	0	0	0	0	0	0	0	0	0	0	0	0	0	0	0	0	0	0	0	0	0	0	0	0	0	
147468	Thalamus_L	14908	566	2322	1018	0	0	1538	622	0	0	0	0	150	0	0	0	96	0	860	638	0	0	0	0	0	0	0	0	2558	0	0	0	0	0	4726	6634	4278	4436	198	1450	146	0	0	0	0	0	0	548	0	0	0	0	0	0	172	792	2772	0	0	0	130	0	308	0	0	0	382	408	276	0	6388	514	1978	0	1474	0	0	9600	132	0	0	0	0	0	0	0	0	0	0	578	0	0	0	0	0	0	0	0	0	0	0	0	0	0	0	0	0	0	0	138	0	0	0	0	0	0	
182828	Thalamus_R	1574	8666	526	9040	0	0	106	6808	0	0	0	1490	0	1438	0	0	0	386	386	3626	0	0	0	0	0	0	0	0	768	1668	0	90	0	0	1628	3716	1054	5170	198	2096	0	182	0	0	0	0	0	372	0	0	0	0	0	0	0	2132	0	2950	0	0	0	0	0	766	0	0	0	132	0	0	204	19826	266	2250	0	142	9600	0	0	104	0	306	0	0	0	118	0	0	0	1494	0	0	0	0	0	0	0	136	0	0	0	0	0	0	0	0	0	0	0	0	0	0	0	0	0	0	
71172	Heschl_L	3514	0	306	0	0	0	162	0	0	0	0	0	0	0	0	0	2690	0	0	0	0	0	0	0	0	0	0	0	5718	0	0	0	0	0	228	0	3178	0	0	0	0	0	0	0	0	0	0	0	0	0	2080	0	1818	0	2084	0	2566	0	0	0	0	0	1514	0	0	0	160	0	0	0	0	0	0	0	0	0	132	0	0	0	2388	0	0	0	4680	0	0	0	2368	0	0	0	0	0	0	0	0	0	0	0	0	0	0	0	0	0	0	0	0	0	0	0	0	0	0	0	
34344	Heschl_R	0	280	0	270	0	0	0	200	0	0	0	0	0	0	0	0	0	1858	0	256	0	0	0	0	0	0	0	0	0	1620	0	0	0	0	0	0	0	742	0	170	0	0	0	0	0	0	0	0	0	0	0	0	0	0	0	492	0	450	0	0	0	198	0	1612	0	0	0	0	0	0	0	114	0	222	0	0	0	104	0	0	0	6208	0	0	0	2204	0	0	0	172	0	0	0	0	0	0	0	0	0	0	0	0	0	0	0	0	0	0	0	0	0	0	0	0	0	0	
209612	Temporal_Sup_L	2590	94	2678	502	0	0	2840	0	0	0	5594	0	196	0	0	0	11056	0	192	502	0	0	0	0	0	0	0	0	8340	0	0	0	84	162	0	0	2518	0	104	0	0	0	0	0	0	0	0	0	0	0	2474	0	1178	0	4326	0	940	0	302	0	4802	0	7202	0	5954	0	418	0	184	0	712	0	268	0	0	0	0	0	2388	0	0	0	4548	0	19790	0	0	0	11490	0	158	0	0	0	0	0	0	0	220	0	0	0	0	0	0	0	0	0	0	0	0	0	0	0	0	0	
152772	Temporal_Sup_R	0	886	0	0	0	0	0	0	0	0	0	0	0	0	0	0	0	3346	0	360	0	0	0	0	0	0	0	0	0	8088	0	0	0	118	0	0	0	1700	0	232	0	0	0	156	0	0	0	0	0	144	0	720	0	280	0	4228	0	1076	0	0	0	1164	0	11550	0	4416	0	210	0	408	0	290	0	204	0	0	0	306	0	6208	0	0	0	3212	0	20362	0	146	0	6576	0	0	0	0	0	0	0	0	0	0	0	0	0	0	0	0	0	0	0	0	0	0	0	0	0	0	
99368	Temporal_Pole_Sup_L	390	0	2366	576	612	0	1558	0	296	0	4406	0	740	0	1046	0	2586	0	440	584	968	0	0	0	0	0	0	0	9786	0	246	0	0	146	0	0	2442	0	780	0	1228	0	0	0	0	0	0	0	0	0	0	0	0	0	2426	0	0	0	0	0	0	0	0	0	0	0	0	0	0	0	752	150	1124	0	0	0	0	0	0	0	4548	0	0	0	3784	0	2616	0	3088	0	0	0	0	0	0	0	0	0	0	0	0	0	0	0	0	0	0	0	0	0	0	0	0	0	0	0	
86664	Temporal_Pole_Sup_R	0	0	0	592	0	0	0	0	0	0	0	1048	0	0	0	316	0	1136	0	432	0	130	0	150	0	0	0	0	0	6018	0	88	0	0	0	0	0	1348	0	2284	0	2098	0	0	0	0	0	0	0	0	0	0	0	0	0	6796	0	0	0	0	0	0	0	0	0	0	0	0	0	0	0	530	0	2726	0	0	0	0	0	0	0	3212	0	0	0	3234	0	3836	0	7358	0	0	0	0	0	0	0	0	0	0	0	0	0	0	0	0	0	0	0	0	0	0	0	0	0	0	
352636	Temporal_Mid_L	3790	0	184	0	0	0	0	0	0	0	0	0	0	0	0	0	2344	0	0	0	0	0	0	0	0	0	0	0	2112	0	0	0	332	0	476	0	3118	0	238	0	0	0	2224	0	1254	0	736	100	750	0	30798	0	9128	0	9778	0	1804	0	234	0	3636	0	9194	0	13910	0	2054	0	434	0	0	0	0	0	0	0	0	0	4680	0	19790	0	3784	0	0	0	4200	0	44162	0	0	0	0	0	0	0	376	100	404	0	0	0	0	0	0	0	0	0	0	0	194	0	0	0	0	0	
266044	Temporal_Mid_R	0	1356	0	0	0	0	0	0	0	0	0	0	0	0	0	0	0	400	0	1754	0	0	0	0	0	0	0	0	0	2632	0	0	0	1110	0	546	0	2332	0	940	0	0	0	5174	0	1962	0	2252	0	3414	0	15494	0	3626	0	5134	0	1190	0	312	0	2172	0	7744	0	9002	0	5718	0	1494	0	0	0	444	0	0	0	118	0	2204	0	20362	0	3234	0	0	0	1728	0	29174	0	0	0	0	0	0	0	0	0	0	0	0	0	0	0	0	0	0	0	0	0	0	0	0	0	0	
27208	Temporal_Pole_Mid_L	0	0	0	0	0	0	0	0	0	0	0	0	0	0	0	0	0	0	0	0	0	0	0	0	0	0	0	0	0	0	0	0	0	0	0	0	0	0	0	0	0	0	0	0	0	0	0	0	0	0	0	0	0	0	2798	0	0	0	0	0	0	0	0	0	0	0	0	0	0	0	0	0	0	0	0	0	0	0	0	0	0	0	2616	0	4200	0	0	0	3990	0	0	0	0	0	0	0	0	0	0	0	0	0	0	0	0	0	0	0	0	0	0	0	0	0	0	0	
25108	Temporal_Pole_Mid_R	0	0	0	0	0	0	0	0	0	0	0	0	0	0	0	0	0	0	0	0	0	0	0	0	0	0	0	0	0	0	0	0	0	0	0	0	0	164	0	1474	0	760	0	0	0	0	0	0	0	0	0	0	0	0	0	2080	0	0	0	0	0	0	0	0	0	0	0	0	0	0	0	0	0	0	0	0	0	0	0	0	0	146	0	3836	0	1728	0	0	0	2366	0	0	0	0	0	0	0	0	0	0	0	0	0	0	0	0	0	0	0	0	0	0	0	0	0	0	
308844	Temporal_Inf_L	1178	0	136	0	0	0	0	0	0	0	0	0	0	0	0	0	776	0	84	0	0	0	0	0	0	0	0	0	2598	0	0	0	0	0	0	0	12778	0	1434	0	1704	0	540	0	100	0	578	0	0	0	7322	0	7496	0	26866	0	768	0	170	0	2120	0	4934	0	5456	0	884	0	0	0	0	0	380	0	0	0	0	0	2368	0	11490	0	3088	0	44162	0	3990	0	0	0	4754	238	286	0	120	0	780	162	3264	266	470	0	240	0	0	0	0	0	0	0	268	174	0	0	0	0	
300320	Temporal_Inf_R	362	1912	0	172	0	0	0	0	0	0	0	0	0	0	0	0	0	272	0	838	0	0	0	0	0	0	0	0	0	4202	0	0	0	308	796	3372	526	13566	0	9008	0	806	0	4738	0	518	0	3444	0	958	0	3064	0	7908	0	30044	0	1118	0	120	0	682	0	2962	0	1310	0	6138	0	486	0	0	0	1338	0	0	578	1494	0	172	0	6576	0	7358	0	29174	0	2366	0	0	0	658	0	0	0	0	0	310	0	340	0	0	0	0	0	0	0	0	0	0	166	0	0	0	0	0	
516748	Cerebelum_Crus1_L	0	0	0	0	0	0	0	0	0	0	0	0	0	0	0	0	0	0	0	0	0	0	0	0	0	0	0	0	0	0	0	0	0	0	0	0	596	0	132	0	0	0	122	0	0	0	5524	3328	0	0	168	0	2076	356	19716	1828	0	0	0	0	0	0	0	0	0	0	0	0	0	0	0	0	132	0	0	0	0	0	0	0	158	0	0	0	0	0	0	0	4754	0	0	12700	30268	4278	1458	650	19502	5550	60518	15302	12126	816	9396	2922	2064	390	342	0	240	970	13558	15980	7316	2528	440	170	
534572	Cerebelum_Crus1_R	0	0	0	0	0	0	0	0	0	0	0	0	0	0	0	0	0	0	0	0	0	0	0	0	0	0	0	0	0	0	0	0	0	0	0	0	0	0	0	0	0	0	512	0	0	0	1884	6822	0	0	0	0	552	230	1600	15878	0	0	0	0	0	0	0	0	0	0	0	0	0	0	0	0	0	0	0	0	0	0	0	0	0	0	0	0	0	0	0	0	238	658	12700	0	2974	31246	852	4540	10018	24022	16432	63564	612	4616	774	10962	776	1688	0	142	122	2124	16758	21208	9206	1530	1362	684	
255412	Cerebelum_Crus2_L	0	0	0	0	0	0	0	0	0	0	0	0	0	0	0	0	0	0	0	0	0	0	0	0	0	0	0	0	0	0	0	0	0	0	0	0	0	0	0	0	0	0	0	0	0	0	208	94	0	0	0	0	0	0	744	0	0	0	0	0	0	0	0	0	0	0	0	0	0	0	0	0	0	0	0	0	0	0	0	0	0	0	0	0	0	0	0	0	286	0	30268	2974	0	9286	302	150	846	306	6082	2240	27740	2250	18780	3704	1046	1034	90	0	0	140	462	3980	9306	4352	1036	0	
275280	Cerebelum_Crus2_R	0	0	0	0	0	0	0	0	0	0	0	0	0	0	0	0	0	0	0	0	0	0	0	0	0	0	0	0	0	0	0	0	0	0	0	0	0	0	0	0	0	0	0	0	0	0	0	132	0	0	0	0	0	0	0	1406	0	0	0	0	0	0	0	0	0	0	0	0	0	0	0	0	0	0	0	0	0	0	0	0	0	0	0	0	0	0	0	0	0	0	4278	31246	9286	0	152	2144	844	5186	1428	11886	3718	14704	2612	19478	180	5098	0	152	0	894	1524	2952	12194	4622	1132	392	
89148	Cerebelum_3_L	0	0	0	0	0	0	0	0	0	0	0	0	0	0	0	0	0	0	0	0	0	0	0	0	0	0	0	0	0	0	0	0	0	0	0	0	0	0	276	0	0	0	0	0	0	0	342	448	0	0	0	0	202	0	1696	262	0	0	0	0	0	0	0	0	0	0	0	0	0	0	0	0	0	0	0	0	0	0	0	0	0	0	0	0	0	0	0	0	120	0	1458	852	302	152	0	1976	11582	1722	3834	1786	178	0	482	882	2062	506	0	0	1602	5706	3686	774	234	826	626	0	
127096	Cerebelum_3_R	0	0	0	0	0	0	0	0	0	0	0	0	0	0	0	0	0	0	0	0	0	0	0	0	0	0	0	0	0	0	0	0	0	0	0	0	0	0	0	0	0	0	0	0	0	0	0	810	0	0	0	0	0	0	124	296	0	0	0	0	0	0	0	0	0	0	0	0	0	0	0	0	0	0	0	0	0	0	0	0	0	0	0	0	0	0	0	0	0	0	650	4540	150	2144	1976	0	4146	8692	1328	7750	158	446	364	4942	586	3054	0	0	336	7624	5668	558	722	3378	2892	214	
533676	Cerebelum_4_5_L	112	0	0	0	0	0	0	0	0	0	0	0	0	0	0	0	0	0	0	0	0	0	0	0	0	0	0	0	0	0	0	0	0	0	0	0	144	0	774	0	0	0	114	0	0	0	13738	8228	0	0	494	0	8116	892	25884	4622	0	0	0	0	0	0	288	0	0	0	0	0	0	0	0	0	0	0	0	0	0	0	0	0	0	0	0	0	376	0	0	0	780	0	19502	10018	846	844	11582	4146	0	16154	47912	15222	1096	226	3004	2926	7952	1698	1674	0	1594	7476	34896	7058	906	2396	2112	1036	
421716	Cerebelum_4_5_R	0	302	0	110	0	0	0	210	0	0	0	140	0	0	0	0	0	452	0	0	0	0	0	0	0	0	0	0	0	538	0	0	0	0	0	0	0	2722	0	3506	0	0	740	104	0	0	4894	12012	0	0	0	0	2284	1420	4280	15054	0	0	0	0	0	0	0	0	0	0	0	108	0	0	0	0	0	1314	0	0	0	136	0	0	0	0	0	0	100	0	0	0	162	310	5550	24022	306	5186	1722	8692	16154	0	12876	35612	146	508	344	4332	1000	2166	0	372	106	3246	26992	5534	1150	1864	1608	472	
694584	Cerebelum_6_L	118	0	0	0	0	0	0	0	0	0	0	0	0	0	0	0	0	0	0	0	0	0	0	0	0	0	0	0	130	0	0	0	0	0	0	0	944	0	594	0	0	0	652	0	0	0	19932	9852	0	0	2082	0	11246	946	41494	4678	0	0	0	0	0	0	288	0	0	0	0	0	0	0	0	0	186	0	0	0	0	0	0	0	220	0	0	0	404	0	0	0	3264	0	60518	16432	6082	1428	3834	1328	47912	12876	0	22616	2834	108	4298	2074	4234	864	1428	0	502	2142	28348	22764	4414	1612	948	666	
593100	Cerebelum_6_R	0	0	0	0	0	0	0	0	0	0	0	0	0	0	0	0	0	0	0	0	0	0	0	0	0	0	0	0	0	0	0	0	0	0	0	0	0	0	0	0	0	0	524	0	0	0	2980	9276	0	0	0	146	1050	1526	2512	18270	0	0	0	0	0	0	0	0	0	0	0	0	0	0	0	0	0	0	0	0	0	0	0	0	0	0	0	0	0	0	0	0	266	340	15302	63564	2240	11886	1786	7750	15222	35612	22616	0	604	906	1772	7092	924	3260	0	508	260	3592	25246	26916	6338	2422	2610	1232	
204716	Cerebelum_7b_L	0	0	0	0	0	0	0	0	0	0	0	0	0	0	0	0	0	0	0	0	0	0	0	0	0	0	0	0	0	0	0	0	0	0	0	0	0	0	0	0	0	0	0	0	0	0	0	0	0	0	0	0	0	0	1206	0	0	0	0	0	0	0	0	0	0	0	0	0	0	0	0	0	0	0	0	0	0	0	0	0	0	0	0	0	0	0	0	0	470	0	12126	612	27740	3718	178	158	1096	146	2834	604	0	1446	27650	4600	2468	1258	854	0	0	114	260	824	4856	5880	1260	0	
103184	Cerebelum_7b_R	0	0	0	0	0	0	0	0	0	0	0	0	0	0	0	0	0	0	0	0	0	0	0	0	0	0	0	0	0	0	0	0	0	0	0	0	0	0	0	0	0	0	0	0	0	0	0	0	0	0	0	0	0	0	0	92	0	0	0	0	0	0	0	0	0	0	0	0	0	0	0	0	0	0	0	0	0	0	0	0	0	0	0	0	0	0	0	0	0	0	816	4616	2250	14704	0	446	226	508	108	906	1446	0	694	16574	0	3022	0	312	0	296	356	138	2492	1590	0	0	
252820	Cerebelum_8_L	0	0	0	0	0	0	0	0	0	0	0	0	0	0	0	0	0	0	0	0	0	0	0	0	0	0	0	0	0	0	0	0	0	0	0	0	0	0	0	0	0	0	0	0	0	0	0	0	0	0	0	0	0	0	1424	0	0	0	0	0	0	0	0	0	0	0	0	0	0	0	0	0	0	0	0	0	0	0	0	0	0	0	0	0	0	0	0	0	240	0	9396	774	18780	2612	482	364	3004	344	4298	1772	27650	694	0	7044	19476	2820	3274	0	120	446	774	2310	5482	9330	3170	330	
304484	Cerebelum_8_R	0	0	0	0	0	0	0	0	0	0	0	0	0	0	0	0	0	0	0	0	0	0	0	0	0	0	0	0	0	0	0	0	0	0	0	0	0	0	0	0	0	0	0	0	0	0	0	132	0	0	0	0	0	0	142	572	0	0	0	0	0	0	0	0	0	0	0	0	0	0	0	0	0	0	0	0	0	0	0	0	0	0	0	0	0	0	0	0	0	0	2922	10962	3704	19478	882	4942	2926	4332	2074	7092	4600	16574	7044	0	1192	23630	204	1526	256	3554	4046	1582	6170	14138	6750	816	
138800	Cerebelum_9_L	0	0	0	0	0	0	0	0	0	0	0	0	0	0	0	0	0	0	0	0	0	0	0	0	0	0	0	0	0	0	0	0	0	0	0	0	0	0	84	0	0	0	0	0	0	0	492	306	0	0	0	0	474	0	2774	128	0	0	0	0	0	0	0	0	0	0	0	0	0	0	0	0	0	0	0	0	0	0	0	0	0	0	0	0	0	0	0	0	0	0	2064	776	1046	180	2062	586	7952	1000	4234	924	2468	0	19476	1192	0	2596	4472	0	136	832	2868	1936	510	2358	3888	1586	
175244	Cerebelum_9_R	0	0	0	0	0	0	0	0	0	0	0	0	0	0	0	0	0	0	0	0	0	0	0	0	0	0	0	0	0	0	0	0	0	0	0	0	0	0	0	0	0	0	0	0	0	0	114	0	0	0	0	0	142	0	218	136	0	0	0	0	0	0	0	0	0	0	0	0	0	0	0	0	0	0	0	0	0	0	0	0	0	0	0	0	0	0	0	0	0	0	390	1688	1034	5098	506	3054	1698	2166	864	3260	1258	3022	2820	23630	2596	0	144	1210	244	2426	2458	2208	3016	7378	11220	3624	
29504	Cerebelum_10_L	0	0	0	0	0	0	0	0	0	0	0	0	0	0	0	0	0	0	0	0	0	0	0	0	0	0	0	0	0	0	0	0	0	0	0	0	0	0	86	0	0	0	0	0	0	0	0	0	0	0	0	0	0	0	1586	0	0	0	0	0	0	0	0	0	0	0	0	0	0	0	0	0	0	0	0	0	0	0	0	0	0	0	0	0	0	0	0	0	0	0	342	0	90	0	0	0	1674	0	1428	0	854	0	3274	204	4472	144	0	0	0	0	0	0	0	344	254	0	
8820	Cerebelum_10_R	0	0	0	0	0	0	0	0	0	0	0	0	0	0	0	0	0	0	0	0	0	0	0	0	0	0	0	0	0	0	0	0	0	0	0	0	0	0	0	0	0	0	0	0	0	0	0	0	0	0	0	0	0	0	0	102	0	0	0	0	0	0	0	0	0	0	0	0	0	0	0	0	0	0	0	0	0	0	0	0	0	0	0	0	0	0	0	0	0	0	0	142	0	152	0	0	0	372	0	508	0	312	0	1526	0	1210	0	0	0	0	0	0	0	86	0	0	
26224	Vermis_1_2	0	0	0	0	0	0	0	0	0	0	0	0	0	0	0	0	0	0	0	0	0	0	0	0	0	0	0	0	0	0	0	0	0	0	0	0	0	0	0	0	0	0	0	0	0	0	0	0	0	0	0	0	0	0	0	0	0	0	0	0	0	0	0	0	0	0	0	0	0	0	0	0	0	0	0	0	0	0	0	0	0	0	0	0	0	0	0	0	0	0	240	122	0	0	1602	336	1594	106	502	260	0	0	120	256	136	244	0	0	0	5516	1500	126	84	218	150	0	
123664	Vermis_3	0	0	0	0	0	0	0	0	0	0	0	0	0	0	0	0	0	0	0	0	0	0	0	0	0	0	0	0	0	0	0	0	0	0	0	0	0	0	0	0	0	0	0	0	0	0	246	358	0	0	0	0	86	0	252	202	0	0	0	0	0	0	0	0	0	0	0	0	0	0	0	0	0	0	0	0	138	0	0	0	0	0	0	0	0	0	0	0	0	0	970	2124	140	894	5706	7624	7476	3246	2142	3592	114	296	446	3554	832	2426	0	0	5516	0	7086	784	690	2606	2088	198	
501928	Vermis_4_5	0	0	0	0	0	0	0	0	0	0	0	0	0	0	0	0	0	0	0	0	0	0	0	0	0	0	0	0	0	0	0	0	0	362	358	608	0	236	0	234	0	0	786	172	0	212	9708	13400	0	0	152	90	5378	1726	9648	8524	0	0	0	0	0	0	152	0	0	0	90	1574	0	0	0	0	0	0	0	0	0	0	0	0	0	0	0	0	194	0	0	0	268	166	13558	16758	462	1524	3686	5668	34896	26992	28348	25246	260	356	774	4046	2868	2458	0	0	1500	7086	0	11750	1690	2404	2562	2034	
