data	data	469020	379312	714684	692944	147828	87528	523104	383492	88752	40880	200044	121976	245780	91064	165420	136436	261272	91044	613344	552360	106060	130704	436572	375380	39860	80788	66568	78824	627736	251772	476096	547176	158576	399860	125608	147712	280920	308056	104788	224624	97920	82796	214532	383468	255084	372856	233740	335560	254836	343220	538664	269308	232032	91624	564208	435104	303696	193680	242628	145076	239800	144372	82768	116808	153252	209452	348268	413896	168060	131260	328580	353292	406280	306096	92908	29528	110948	221052	165704	48196	317244	158572	97052	101092	384584	271392	18000	32740	377372	159880	481252	387692	377004	298984	62500	72676	321532	260944	513156	459776	265716	125512	363752	339344	142104	164080	16788	16104	32584	102640	223872	190704	197712	146152	114540	18396	
data	data	Precentral_L	Precentral_R	Frontal_Sup_L	Frontal_Sup_R	Frontal_Sup_Orb_L	Frontal_Sup_Orb_R	Frontal_Mid_L	Frontal_Mid_R	Frontal_Mid_Orb_L	Frontal_Mid_Orb_R	Frontal_Inf_Oper_L	Frontal_Inf_Oper_R	Frontal_Inf_Tri_L	Frontal_Inf_Tri_R	Frontal_Inf_Orb_L	Frontal_Inf_Orb_R	Rolandic_Oper_L	Rolandic_Oper_R	Supp_Motor_Area_L	Supp_Motor_Area_R	Olfactory_L	Olfactory_R	Frontal_Sup_Medial_L	Frontal_Sup_Medial_R	Frontal_Med_Orb_L	Frontal_Med_Orb_R	Rectus_L	Rectus_R	Insula_L	Insula_R	Cingulum_Ant_L	Cingulum_Ant_R	Cingulum_Mid_L	Cingulum_Mid_R	Cingulum_Post_L	Cingulum_Post_R	Hippocampus_L	Hippocampus_R	ParaHippocampal_L	ParaHippocampal_R	Amygdala_L	Amygdala_R	Calcarine_L	Calcarine_R	Cuneus_L	Cuneus_R	Lingual_L	Lingual_R	Occipital_Sup_L	Occipital_Sup_R	Occipital_Mid_L	Occipital_Mid_R	Occipital_Inf_L	Occipital_Inf_R	Fusiform_L	Fusiform_R	Postcentral_L	Postcentral_R	Parietal_Sup_L	Parietal_Sup_R	Parietal_Inf_L	Parietal_Inf_R	SupraMarginal_L	SupraMarginal_R	Angular_L	Angular_R	Precuneus_L	Precuneus_R	Paracentral_Lobule_L	Paracentral_Lobule_R	Caudate_L	Caudate_R	Putamen_L	Putamen_R	Pallidum_L	Pallidum_R	Thalamus_L	Thalamus_R	Heschl_L	Heschl_R	Temporal_Sup_L	Temporal_Sup_R	Temporal_Pole_Sup_L	Temporal_Pole_Sup_R	Temporal_Mid_L	Temporal_Mid_R	Temporal_Pole_Mid_L	Temporal_Pole_Mid_R	Temporal_Inf_L	Temporal_Inf_R	Cerebelum_Crus1_L	Cerebelum_Crus1_R	Cerebelum_Crus2_L	Cerebelum_Crus2_R	Cerebelum_3_L	Cerebelum_3_R	Cerebelum_4_5_L	Cerebelum_4_5_R	Cerebelum_6_L	Cerebelum_6_R	Cerebelum_7b_L	Cerebelum_7b_R	Cerebelum_8_L	Cerebelum_8_R	Cerebelum_9_L	Cerebelum_9_R	Cerebelum_10_L	Cerebelum_10_R	Vermis_1_2	Vermis_3	Vermis_4_5	Vermis_6	Vermis_7	Vermis_8	Vermis_9	Vermis_10	
469020	Precentral_L	0	4782	13920	3224	0	0	21718	2618	0	0	15370	0	4674	0	0	0	8438	0	15920	5822	0	0	1156	0	0	0	0	0	10378	0	1860	926	154	692	3646	1460	6988	1220	728	0	96	0	244	0	0	0	206	0	0	0	218	0	878	0	4174	0	24596	124	0	0	3974	0	1088	0	0	0	1552	0	15314	2416	5100	3590	6204	104	4212	0	19154	4790	5106	0	2748	0	204	0	610	0	0	0	2114	0	0	0	0	0	0	0	0	0	0	0	0	0	0	0	0	0	0	0	0	0	0	0	0	0	0	0	
379312	Precentral_R	4782	0	2536	20656	0	0	1552	27162	0	0	174	7874	0	1320	0	0	218	2536	2958	9142	0	0	0	0	0	0	0	0	1182	4174	304	1222	350	2100	1628	2942	2874	6980	662	1096	0	86	0	292	0	380	274	262	0	204	0	96	0	0	662	790	1132	17202	0	2190	78	1814	0	2226	0	722	404	2684	6340	7152	2560	8368	430	3548	134	920	1950	17338	894	284	262	344	0	0	98	430	0	0	212	470	0	0	0	0	0	0	0	0	0	0	0	0	0	0	0	0	0	0	0	0	0	0	0	0	0	0	
714684	Frontal_Sup_L	13920	2536	0	6384	7780	0	66634	3340	2716	0	7668	448	13214	0	9076	0	6456	0	56810	6162	1394	160	42436	6182	662	0	820	0	29630	0	21240	7772	3432	3226	0	0	296	0	114	0	460	0	0	0	0	0	0	0	0	0	0	0	0	0	156	0	5186	0	0	0	0	0	0	0	0	0	0	0	1542	0	5238	1200	15472	0	2240	0	176	0	542	0	2314	0	2308	0	0	0	0	0	0	0	0	0	0	0	0	0	0	0	0	0	0	0	0	0	0	0	0	0	0	0	0	0	0	0	0	0	
692944	Frontal_Sup_R	3224	20656	6384	0	0	2264	4382	47344	0	320	254	5990	358	5228	0	3504	242	3194	14664	49426	192	446	11342	41890	76	4088	0	1264	1392	7006	8922	34798	2630	20098	112	290	314	2510	128	704	0	218	0	0	0	0	0	116	0	0	0	0	0	0	120	908	226	484	0	114	0	0	0	0	0	0	0	120	2684	636	4682	9654	2034	9228	784	1008	128	6356	248	308	100	212	0	352	0	0	0	0	0	116	0	0	0	0	0	0	0	0	0	0	0	0	0	0	0	0	0	0	0	0	0	0	0	0	0	0	
147828	Frontal_Sup_Orb_L	0	0	7780	0	0	0	2040	0	11676	0	0	0	1426	0	9646	0	0	0	270	0	2150	0	5734	116	5532	176	6850	0	6406	0	6344	126	0	0	0	0	0	0	0	0	1314	0	0	0	0	0	0	0	0	0	0	0	0	0	144	0	0	0	0	0	0	0	0	0	0	0	0	0	0	0	710	0	4312	0	0	0	0	0	0	0	0	0	1162	0	0	0	0	0	0	0	0	0	0	0	0	0	0	0	0	0	0	0	0	0	0	0	0	0	0	0	0	0	0	0	0	0	
87528	Frontal_Sup_Orb_R	0	0	0	2264	0	0	0	898	0	6548	0	0	0	80	0	6254	0	0	0	70	580	1032	306	2440	286	7184	168	7570	114	244	562	862	0	0	0	0	0	0	0	0	272	0	0	0	0	0	0	0	0	0	0	0	0	0	0	0	0	0	0	0	0	0	0	0	0	0	0	0	0	0	668	1590	1118	1990	664	0	0	0	0	0	0	0	0	0	0	0	0	0	0	0	0	0	0	0	0	0	0	0	0	0	0	0	0	0	0	0	0	0	0	0	0	0	0	0	0	0	
523104	Frontal_Mid_L	21718	1552	66634	4382	2040	0	0	1856	3230	0	8088	444	35280	0	11172	0	1206	0	16798	3174	0	0	20622	3244	0	0	0	0	21816	0	9880	2888	1582	1888	132	84	1222	82	318	0	0	0	0	0	0	0	0	0	0	0	0	0	0	0	750	0	3912	0	0	0	1362	0	260	0	0	0	0	0	352	0	3280	924	4986	0	316	0	324	316	1626	0	476	0	904	0	84	0	0	0	348	0	0	0	0	0	0	0	0	0	0	0	0	0	0	0	0	0	0	0	0	0	0	0	0	0	0	0	
383492	Frontal_Mid_R	2618	27162	3340	47344	0	898	1856	0	0	2016	394	9360	136	11078	0	4264	348	1786	6576	10886	0	0	1794	7266	0	0	0	70	1832	4078	3508	14164	632	6070	0	0	234	902	90	344	0	0	0	0	0	0	0	0	0	0	0	0	0	0	576	388	904	1708	0	102	0	284	0	370	0	116	0	88	1606	0	4120	2210	636	3498	128	798	158	1346	960	152	116	116	136	184	0	0	0	0	0	0	0	0	0	0	0	0	0	0	0	0	0	0	0	0	0	0	0	0	0	0	0	0	0	0	0	0	
88752	Frontal_Mid_Orb_L	0	0	2716	0	11676	0	3230	0	0	0	0	0	1502	0	13352	0	0	0	84	0	308	0	558	0	1610	0	3256	0	1992	0	2036	0	0	0	0	0	0	0	0	0	268	0	0	0	0	0	0	0	0	0	0	0	0	0	0	0	0	0	0	0	0	0	0	0	0	0	0	0	0	0	70	0	914	0	0	0	0	0	0	0	0	0	804	0	0	0	0	0	0	0	0	0	0	0	0	0	0	0	0	0	0	0	0	0	0	0	0	0	0	0	0	0	0	0	0	0	
40880	Frontal_Mid_Orb_R	0	0	0	320	0	6548	0	2016	0	0	0	0	0	228	0	9232	0	0	0	0	0	74	0	0	0	374	0	562	0	398	0	74	0	0	0	0	0	0	0	0	0	0	0	0	0	0	0	0	0	0	0	0	0	0	0	0	0	0	0	0	0	0	0	0	0	0	0	0	0	0	0	0	0	614	0	0	0	0	0	0	0	0	0	0	0	0	0	0	0	0	0	0	0	0	0	0	0	0	0	0	0	0	0	0	0	0	0	0	0	0	0	0	0	0	0	0	
200044	Frontal_Inf_Oper_L	15370	174	7668	254	0	0	8088	394	0	0	0	0	12492	0	578	0	11000	0	7666	788	0	0	1826	0	0	0	0	0	11092	0	2944	938	0	0	0	0	276	0	78	0	0	0	0	0	0	0	0	0	0	0	0	0	0	0	330	0	5900	0	0	0	0	0	0	0	0	0	0	0	0	0	1318	654	740	0	68	0	80	0	668	0	5450	0	2994	0	72	0	0	0	122	0	0	0	0	0	0	0	0	0	0	0	0	0	0	0	0	0	0	0	0	0	0	0	0	0	0	0	
121976	Frontal_Inf_Oper_R	0	7874	448	5990	0	0	444	9360	0	0	0	0	0	6084	0	394	0	4688	434	4082	0	0	320	828	0	0	0	0	544	7696	696	2754	0	160	0	0	0	332	0	102	0	0	0	0	0	0	0	0	0	0	0	0	0	0	0	228	0	2604	0	0	0	0	0	0	0	0	0	0	0	88	908	1016	154	1796	0	0	0	0	0	132	0	100	0	732	0	0	0	0	0	0	0	0	0	0	0	0	0	0	0	0	0	0	0	0	0	0	0	0	0	0	0	0	0	0	0	0	
245780	Frontal_Inf_Tri_L	4674	0	13214	358	1426	0	35280	136	1502	0	12492	0	0	0	11520	0	2404	0	3248	306	0	0	4976	528	0	0	0	0	19278	0	4022	720	210	340	0	0	174	0	98	0	0	0	0	0	0	0	0	0	0	0	0	0	0	0	0	0	1560	0	0	0	0	0	0	0	0	0	0	0	0	0	332	0	1400	0	0	0	0	0	0	0	980	0	1712	0	0	0	0	0	0	0	0	0	0	0	0	0	0	0	0	0	0	0	0	0	0	0	0	0	0	0	0	0	0	0	0	0	
91064	Frontal_Inf_Tri_R	0	1320	0	5228	0	80	0	11078	0	228	0	6084	0	0	0	5602	0	226	92	976	0	86	0	1066	0	0	0	0	0	7924	172	1084	0	198	0	0	0	326	0	108	0	0	0	0	0	0	0	0	0	0	0	0	0	0	0	166	0	0	0	0	0	0	0	0	0	0	0	0	0	0	182	164	88	2908	0	0	0	0	0	0	0	0	0	146	0	0	0	0	0	0	0	0	0	0	0	0	0	0	0	0	0	0	0	0	0	0	0	0	0	0	0	0	0	0	0	0	
165420	Frontal_Inf_Orb_L	0	0	9076	0	9646	0	11172	0	13352	0	578	0	11520	0	0	0	0	0	438	0	2152	0	1186	0	0	0	1142	0	11116	0	1188	98	0	0	0	0	134	0	94	0	1424	0	0	0	0	0	0	0	0	0	0	0	0	0	126	0	0	0	0	0	0	0	0	0	0	0	0	0	0	0	518	0	3132	0	0	0	0	0	0	0	0	0	4618	0	0	0	0	0	0	0	0	0	0	0	0	0	0	0	0	0	0	0	0	0	0	0	0	0	0	0	0	0	0	0	0	0	
136436	Frontal_Inf_Orb_R	0	0	0	3504	0	6254	0	4264	0	9232	0	394	0	5602	0	0	0	434	276	934	208	634	0	1228	0	0	0	670	0	12014	140	838	0	324	0	0	0	298	0	308	0	138	0	0	0	0	0	0	0	0	0	0	0	0	0	304	0	0	0	0	0	0	0	0	0	0	0	0	0	80	338	1112	652	4660	478	78	0	0	0	204	0	3552	0	6988	0	1598	0	480	0	0	0	0	0	0	0	0	0	0	0	0	0	0	0	0	0	0	0	0	0	0	0	0	0	0	0	0	
261272	Rolandic_Oper_L	8438	218	6456	242	0	0	1206	348	0	0	11000	0	2404	0	0	0	0	0	10826	550	0	0	926	0	0	0	0	0	19336	0	1300	376	0	0	0	0	510	0	78	0	0	0	1112	0	92	0	0	0	158	0	3896	0	2072	0	2454	0	11712	0	2326	0	3520	0	1828	0	644	0	358	0	0	0	1056	396	348	0	0	0	212	142	6600	0	14778	0	2008	0	5800	0	0	0	4716	0	194	0	0	0	0	0	0	0	0	0	0	0	0	0	0	0	0	0	0	0	0	0	0	0	0	0	
91044	Rolandic_Oper_R	0	2536	0	3194	0	0	0	1786	0	0	0	4688	0	226	0	434	0	0	0	3194	0	0	0	90	0	0	0	0	0	10274	0	178	0	0	0	0	0	384	0	0	0	0	0	0	0	96	0	0	0	0	0	0	0	0	0	172	0	3602	0	136	0	0	0	2550	0	284	0	544	0	74	142	412	0	1864	0	96	0	0	0	3040	0	3718	0	1304	0	344	0	0	0	160	0	0	0	0	0	0	0	0	0	0	0	0	0	0	0	0	0	0	0	0	0	0	0	0	0	0	
613344	Supp_Motor_Area_L	15920	2958	56810	14664	270	0	16798	6576	84	0	7666	434	3248	92	438	276	10826	0	0	29650	0	0	8672	3634	0	0	0	0	18850	74	13336	11614	6890	13638	252	116	1872	90	470	0	0	0	0	0	0	0	0	0	0	0	0	0	0	0	1380	0	8532	0	0	0	0	0	0	0	0	0	0	0	5952	536	11266	2156	17806	752	3646	0	242	194	1888	0	4330	0	290	0	218	0	0	0	1266	0	0	0	0	0	0	0	0	0	0	0	0	0	0	0	0	0	0	0	0	0	0	0	0	0	0	0	
552360	Supp_Motor_Area_R	5822	9142	6162	49426	0	70	3174	10886	0	0	788	4082	306	976	0	934	550	3194	29650	0	0	0	2890	12308	0	0	0	118	1588	5442	5662	16344	4702	29084	502	3386	168	2120	0	544	0	0	0	0	0	364	0	100	0	168	0	0	0	0	0	854	428	880	0	80	0	0	0	0	0	0	432	1288	12162	12720	6474	12922	1976	7994	354	878	110	4474	178	180	270	78	156	640	0	0	0	0	0	0	0	0	0	0	0	0	0	0	0	0	0	0	0	0	0	0	0	0	0	0	0	0	0	0	0	0	
106060	Olfactory_L	0	0	1394	192	2150	580	0	0	308	0	0	0	0	0	2152	208	0	0	0	0	0	6040	204	0	150	168	2726	1820	3236	600	3054	1712	0	0	0	0	414	0	280	0	4900	236	0	0	0	0	0	0	0	0	0	0	0	0	562	0	0	0	0	0	0	0	0	0	0	0	0	0	0	0	7906	3868	6356	1202	274	0	0	0	0	0	0	0	338	0	0	0	0	0	0	0	0	0	0	0	0	0	0	0	0	0	0	0	0	0	0	0	0	0	0	0	0	0	0	0	0	0	
130704	Olfactory_R	0	0	160	446	0	1032	0	0	0	74	0	0	0	86	0	634	0	0	0	0	6040	0	0	176	0	598	820	2974	976	2760	2848	3272	0	0	0	0	458	422	150	322	3018	1614	0	0	0	0	0	0	0	0	0	0	0	0	384	142	0	0	0	0	0	0	0	0	0	0	0	0	0	0	10590	10242	8378	4446	1888	144	0	0	0	0	0	0	0	258	0	0	0	0	0	0	0	0	0	0	0	0	0	0	0	0	0	0	0	0	0	0	0	0	0	0	0	0	0	0	0	0	
436572	Frontal_Sup_Medial_L	1156	0	42436	11342	5734	306	20622	1794	558	0	1826	320	4976	0	1186	0	926	0	8672	2890	204	0	0	23504	2236	492	1376	0	10902	0	26944	17850	7418	14044	0	0	0	0	0	0	138	0	0	0	0	0	0	0	0	0	0	0	0	0	96	0	196	0	0	0	0	0	0	0	0	0	0	0	0	0	1116	188	5922	72	0	0	0	0	348	0	160	0	336	0	0	0	0	0	0	0	0	0	0	0	0	0	0	0	0	0	0	0	0	0	0	0	0	0	0	0	0	0	0	0	0	0	
375380	Frontal_Sup_Medial_R	0	0	6182	41890	116	2440	3244	7266	0	0	0	828	528	1066	0	1228	0	90	3634	12308	0	176	23504	0	438	6760	0	1884	820	1196	9556	29044	3254	17444	0	0	0	302	0	112	0	0	0	0	0	0	0	0	0	0	0	0	0	0	0	160	0	0	0	0	0	0	0	0	0	0	0	0	0	0	400	4192	940	5946	548	110	0	84	0	0	0	0	0	0	0	0	0	0	0	0	0	0	0	0	0	0	0	0	0	0	0	0	0	0	0	0	0	0	0	0	0	0	0	0	0	0	
39860	Frontal_Med_Orb_L	0	0	662	76	5532	286	0	0	1610	0	0	0	0	0	0	0	0	0	0	0	150	0	2236	438	0	832	3064	0	100	0	4430	174	0	0	0	0	0	0	0	0	90	0	0	0	0	0	0	0	0	0	0	0	0	0	0	0	0	0	0	0	0	0	0	0	0	0	0	0	0	0	142	0	108	0	0	0	0	0	0	0	0	0	0	0	0	0	0	0	0	0	0	0	0	0	0	0	0	0	0	0	0	0	0	0	0	0	0	0	0	0	0	0	0	0	0	0	
80788	Frontal_Med_Orb_R	0	0	0	4088	176	7184	0	0	0	374	0	0	0	0	0	0	0	0	0	0	168	598	492	6760	832	0	234	8104	0	0	1508	4808	0	0	0	0	0	0	0	0	114	0	0	0	0	0	0	0	0	0	0	0	0	0	0	0	0	0	0	0	0	0	0	0	0	0	0	0	0	0	250	1614	706	1844	540	0	0	0	0	0	0	0	0	0	0	0	0	0	0	0	0	0	0	0	0	0	0	0	0	0	0	0	0	0	0	0	0	0	0	0	0	0	0	0	0	0	
66568	Rectus_L	0	0	820	0	6850	168	0	0	3256	0	0	0	0	0	1142	0	0	0	0	0	2726	820	1376	0	3064	234	0	608	548	0	4450	642	0	0	0	0	84	0	0	0	2208	0	0	0	0	0	0	0	0	0	0	0	0	0	260	0	0	0	0	0	0	0	0	0	0	0	0	0	0	0	2130	132	1686	0	0	0	0	0	0	0	0	0	80	0	0	0	0	0	0	0	0	0	0	0	0	0	0	0	0	0	0	0	0	0	0	0	0	0	0	0	0	0	0	0	0	0	
78824	Rectus_R	0	0	0	1264	0	7570	0	70	0	562	0	0	0	0	0	670	0	0	0	118	1820	2974	0	1884	0	8104	608	0	240	184	1098	3878	0	90	0	0	104	0	0	0	956	190	0	0	0	0	0	0	0	0	0	0	0	0	98	0	0	0	0	0	0	0	0	0	0	0	0	0	0	0	1918	1868	1608	1210	326	0	0	0	0	0	0	0	0	0	0	0	0	0	0	0	0	0	0	0	0	0	0	0	0	0	0	0	0	0	0	0	0	0	0	0	0	0	0	0	0	0	
627736	Insula_L	10378	1182	29630	1392	6406	114	21816	1832	1992	0	11092	544	19278	0	11116	0	19336	0	18850	1588	3236	976	10902	820	100	0	548	240	0	0	13420	2988	420	662	1268	650	10530	472	2676	0	3490	0	256	0	0	0	328	0	0	0	740	0	1298	0	9422	0	4752	0	462	0	1218	0	870	0	226	0	596	0	144	0	6172	2276	22158	510	278	0	1744	1734	13986	0	15484	0	6858	0	3922	0	0	0	8406	0	84	0	0	0	0	0	0	0	0	0	0	0	0	0	0	0	0	0	0	0	0	0	0	0	0	0	
251772	Insula_R	0	4174	0	7006	0	244	0	4078	0	398	0	7696	0	7924	0	12014	0	10274	74	5442	600	2760	0	1196	0	0	0	184	0	0	134	1438	0	0	0	290	0	5606	0	1464	0	1750	0	0	0	0	0	74	0	0	0	0	0	0	0	2390	0	966	0	0	0	0	0	76	0	84	0	172	0	422	916	2206	688	18834	310	0	0	1476	0	4152	0	8410	0	6200	0	1910	0	94	0	1760	0	0	0	0	0	0	0	0	0	0	0	0	0	0	0	0	0	0	0	0	0	0	0	0	0	0	
476096	Cingulum_Ant_L	1860	304	21240	8922	6344	562	9880	3508	2036	0	2944	696	4022	172	1188	140	1300	0	13336	5662	3054	2848	26944	9556	4430	1508	4450	1098	13420	134	0	30992	6614	10356	198	80	606	68	180	0	1608	0	0	0	0	0	0	0	0	0	0	0	0	0	518	0	530	0	0	0	168	0	0	0	0	0	0	0	0	0	10566	4530	15038	1626	294	0	122	192	938	0	634	0	496	0	0	0	0	0	136	0	0	0	0	0	0	0	0	0	0	0	0	0	0	0	0	0	0	0	0	0	0	0	0	0	0	0	
547176	Cingulum_Ant_R	926	1222	7772	34798	126	862	2888	14164	0	74	938	2754	720	1084	98	838	376	178	11614	16344	1712	3272	17850	29044	174	4808	642	3878	2988	1438	30992	0	6586	25554	94	0	240	588	72	206	832	0	0	0	0	0	0	0	0	0	0	0	0	0	224	306	112	92	0	0	0	0	0	0	0	0	0	0	0	448	7400	18872	4720	10722	726	206	0	264	280	0	306	0	74	90	0	0	0	0	0	0	0	0	0	0	0	0	0	0	0	0	0	0	0	0	0	0	0	0	0	0	0	0	0	0	0	0	
158576	Cingulum_Mid_L	154	350	3432	2630	0	0	1582	632	0	0	0	0	210	0	0	0	0	0	6890	4702	0	0	7418	3254	0	0	0	0	420	0	6614	6586	0	14704	6238	818	0	0	0	0	0	0	220	0	1592	126	0	0	70	0	258	0	0	0	0	0	500	0	0	0	0	0	0	0	0	0	4360	736	3252	684	168	78	238	0	0	0	0	0	0	0	0	0	0	0	242	0	0	0	130	0	0	0	0	0	0	0	0	0	0	0	0	0	0	0	0	0	0	0	0	0	0	0	0	0	0	0	
399860	Cingulum_Mid_R	692	2100	3226	20098	0	0	1888	6070	0	0	0	160	340	198	0	324	0	0	13638	29084	0	0	14044	17444	0	0	0	90	662	0	10356	25554	14704	0	2540	7518	0	0	0	0	0	0	0	556	150	2440	0	156	0	622	0	196	0	0	0	0	0	1982	0	0	0	0	0	0	0	0	1746	6088	4808	9242	404	156	346	74	0	0	0	0	0	0	0	0	0	0	0	234	0	0	0	0	0	0	0	0	0	0	0	0	0	0	0	0	0	0	0	0	0	0	0	0	0	0	0	0	0	0	
125608	Cingulum_Post_L	3646	1628	0	112	0	0	132	0	0	0	0	0	0	0	0	0	0	0	252	502	0	0	0	0	0	0	0	0	1268	0	198	94	6238	2540	0	7298	7022	2812	1040	120	0	0	2528	0	752	0	1540	0	0	0	128	0	280	0	908	0	2084	364	0	0	0	0	0	0	0	0	7584	412	3080	364	0	356	0	0	0	0	330	5362	1328	0	118	0	0	0	104	0	0	0	280	0	0	0	0	0	0	0	0	0	0	0	0	0	0	0	0	0	0	0	0	0	0	0	0	0	0	0	
147712	Cingulum_Post_R	1460	2942	0	290	0	0	84	0	0	0	0	0	0	0	0	0	0	0	116	3386	0	0	0	0	0	0	0	0	650	290	80	0	818	7518	7298	0	4072	6900	616	1374	0	0	0	2108	156	1202	168	2436	0	328	0	84	0	0	150	394	0	2618	0	0	0	0	0	0	0	0	1850	9896	430	4686	0	150	0	266	0	0	398	6032	858	0	84	0	0	0	0	400	0	0	106	582	0	0	0	0	0	0	0	0	0	0	0	0	0	0	0	0	0	0	0	0	580	0	0	0	0	0	
280920	Hippocampus_L	6988	2874	296	314	0	0	1222	234	0	0	276	0	174	0	134	0	510	0	1872	168	414	458	0	0	0	0	84	104	10530	0	606	240	0	0	7022	4072	0	2474	14486	412	5874	0	1562	0	0	0	5578	478	0	0	282	0	522	0	18594	96	394	122	0	0	0	0	0	0	0	0	2612	72	308	0	776	1386	6056	344	338	0	6178	7922	5562	0	4738	0	292	0	944	0	0	0	12254	0	114	0	0	0	142	0	466	0	310	0	0	0	0	0	0	0	0	0	0	180	0	0	0	0	0	0	
308056	Hippocampus_R	1220	6980	0	2510	0	0	82	902	0	0	0	332	0	326	0	298	0	384	90	2120	0	422	0	302	0	0	0	0	472	5606	68	588	0	0	2812	6900	2474	0	634	28192	0	10962	0	1544	0	208	252	5330	0	0	0	0	0	200	130	26934	0	956	0	0	0	0	0	244	0	150	574	4414	114	196	138	592	158	12018	0	1888	0	6782	492	2522	0	3004	0	754	0	1860	0	148	100	4312	0	326	0	78	0	0	0	1800	0	526	0	0	0	96	0	0	0	0	0	0	512	0	0	0	0	0	
104788	ParaHippocampal_L	728	662	114	128	0	0	318	90	0	0	78	0	98	0	94	0	78	0	470	0	280	150	0	0	0	0	0	0	2676	0	180	72	0	0	1040	616	14486	634	0	316	2510	0	286	0	0	0	5528	488	0	0	182	0	226	0	8048	0	74	0	0	0	0	0	0	0	0	0	500	0	0	0	226	180	2342	148	0	0	796	1290	750	0	762	0	412	0	0	0	0	0	1736	0	442	0	0	0	220	0	992	0	682	0	0	0	0	0	0	0	0	0	0	266	0	0	0	0	0	0	
224624	ParaHippocampal_R	0	1096	0	704	0	0	0	344	0	0	0	102	0	108	0	308	0	0	0	544	0	322	0	112	0	0	0	0	0	1464	0	206	0	0	120	1374	412	28192	316	0	0	10210	0	686	0	0	0	6670	0	0	0	0	0	408	0	26754	0	166	0	0	0	0	0	0	0	0	0	2228	0	0	0	150	136	5028	0	1616	0	1932	0	310	0	494	0	4104	0	652	0	864	0	2798	74	2024	90	510	0	86	0	4798	0	2498	0	0	0	680	0	0	0	0	0	0	332	0	216	74	0	0	
97920	Amygdala_L	96	0	460	0	1314	272	0	0	268	0	0	0	0	0	1424	0	0	0	0	0	4900	3018	138	0	90	114	2208	956	3490	0	1608	832	0	0	0	0	5874	0	2510	0	0	0	0	0	0	0	0	0	0	0	0	0	0	0	4582	0	0	0	0	0	0	0	0	0	0	0	0	0	0	0	4278	1900	4668	1224	298	0	108	0	0	0	498	0	494	0	0	0	0	0	1260	0	0	0	0	0	0	0	78	0	0	0	0	0	0	0	0	0	0	0	0	0	0	0	0	0	0	0	
82796	Amygdala_R	0	86	0	218	0	0	0	0	0	0	0	0	0	0	0	138	0	0	0	0	236	1614	0	0	0	0	0	190	0	1750	0	0	0	0	0	0	0	10962	0	10210	0	0	0	0	0	0	0	0	0	0	0	0	0	0	0	7354	0	0	0	0	0	0	0	0	0	0	0	0	0	0	328	900	306	1126	84	0	0	188	0	0	0	110	0	3272	0	158	0	174	0	1026	0	140	0	0	0	0	0	544	0	212	0	0	0	72	0	0	0	0	0	0	0	0	0	0	0	0	
214532	Calcarine_L	244	0	0	0	0	0	0	0	0	0	0	0	0	0	0	0	1112	0	0	0	0	0	0	0	0	0	0	0	256	0	0	0	220	0	2528	0	1562	0	286	0	0	0	0	7426	11074	4276	10728	4822	8186	3064	15986	1998	4886	184	3942	312	898	0	1462	0	726	0	0	0	696	0	13640	482	254	0	0	0	0	0	0	0	0	0	86	0	538	0	0	0	2692	134	0	0	1934	0	434	0	0	0	0	0	0	0	96	102	0	0	0	0	0	0	0	0	0	0	0	0	0	0	0	0	
383468	Calcarine_R	0	292	0	0	0	0	0	0	0	0	0	0	0	0	0	0	0	0	0	0	0	0	0	0	0	0	0	0	0	0	0	0	0	556	0	2108	0	1544	0	686	0	0	7426	0	4030	34974	1550	29284	72	28120	0	16112	0	7928	0	6754	0	2252	0	1160	0	202	0	106	0	598	798	26502	0	1072	0	0	0	0	0	0	0	0	0	0	0	278	0	0	0	11634	0	0	0	4440	0	128	0	0	0	0	0	0	0	778	0	0	0	0	0	0	0	0	0	0	350	0	0	0	0	0	
255084	Cuneus_L	0	0	0	0	0	0	0	0	0	0	0	0	0	0	0	0	92	0	0	0	0	0	0	0	0	0	0	0	0	0	0	0	1592	150	752	156	0	0	0	0	0	0	11074	4030	0	5694	1108	392	25930	994	17950	144	2360	0	1650	0	1558	0	12458	0	1650	0	72	0	1184	0	29130	3190	394	0	0	0	0	0	0	0	0	0	0	0	118	0	0	0	2306	0	0	0	1212	0	202	0	0	0	0	0	0	0	0	0	0	0	0	0	0	0	0	0	0	0	0	0	0	0	0	0	
372856	Cuneus_R	0	380	0	0	0	0	0	0	0	0	0	0	0	0	0	0	0	96	0	364	0	0	0	0	0	0	0	0	0	0	0	0	126	2440	0	1202	0	208	0	0	0	0	4276	34974	5694	0	482	8356	0	43240	0	13994	0	2688	0	706	0	4870	0	4226	0	2214	0	1380	0	2486	5162	36950	124	2184	0	0	0	0	0	0	0	0	0	124	0	536	0	0	0	5982	0	0	0	628	0	0	0	0	0	0	0	0	0	176	0	0	0	0	0	0	0	0	0	0	160	0	0	0	0	0	
233740	Lingual_L	206	274	0	0	0	0	0	0	0	0	0	0	0	0	0	0	0	0	0	0	0	0	0	0	0	0	0	0	328	0	0	0	0	0	1540	168	5578	252	5528	0	0	0	10728	1550	1108	482	0	3640	3772	390	13738	214	9888	106	19072	1406	0	0	604	0	0	0	0	0	0	0	4682	0	0	0	0	0	228	0	0	0	68	334	598	0	90	0	0	0	498	0	0	0	692	0	2526	888	416	0	0	0	6134	2350	9132	1938	0	0	0	0	0	0	0	0	0	0	3648	1704	372	0	0	0	
335560	Lingual_R	0	262	0	116	0	0	0	0	0	0	0	0	0	0	0	0	0	0	0	100	0	0	0	0	0	0	0	0	0	74	0	0	0	156	0	2436	478	5330	488	6670	0	0	4822	29284	392	8356	3640	0	0	12824	0	8680	0	7152	1686	20746	0	74	0	312	0	0	0	0	0	146	764	9194	0	0	0	0	88	312	0	212	0	912	0	0	0	0	0	0	0	1230	0	0	0	2220	1452	2824	272	198	120	322	3032	5386	4612	8794	0	0	0	0	136	0	0	0	0	88	4830	5156	1402	0	0	0	
254836	Occipital_Sup_L	0	0	0	0	0	0	0	0	0	0	0	0	0	0	0	0	158	0	0	0	0	0	0	0	0	0	0	0	0	0	0	0	70	0	0	0	0	0	0	0	0	0	8186	72	25930	0	3772	0	0	0	33596	0	2878	0	1678	0	1608	0	23196	0	3680	0	0	0	828	0	21280	108	0	0	0	0	0	0	0	0	0	0	0	0	70	0	0	0	308	0	0	0	0	0	0	0	0	0	0	0	0	0	0	0	0	0	0	0	0	0	0	0	0	0	0	0	0	0	0	0	
343220	Occipital_Sup_R	0	204	0	0	0	0	0	0	0	0	0	0	0	0	0	0	0	0	0	168	0	0	0	0	0	0	0	0	0	0	0	0	0	622	0	328	0	0	0	0	0	0	3064	28120	994	43240	390	12824	0	0	0	27032	0	3570	0	968	0	1306	0	8118	0	3768	0	982	0	6536	2190	21150	72	248	0	0	0	0	0	0	0	0	0	88	0	370	0	0	0	4600	0	0	0	416	0	0	0	0	0	0	0	0	0	242	0	0	0	0	0	0	0	0	0	0	0	0	0	0	0	0	
538664	Occipital_Mid_L	218	0	0	0	0	0	0	0	0	0	0	0	0	0	0	0	3896	0	0	0	0	0	0	0	0	0	0	0	740	0	0	0	258	0	128	0	282	0	182	0	0	0	15986	0	17950	0	13738	0	33596	0	0	0	28112	0	14040	0	6354	0	26602	0	13790	0	1372	0	20164	0	18280	0	120	0	0	0	0	0	0	0	0	0	1044	0	4588	0	0	0	32726	0	0	0	12494	0	1768	0	0	0	0	0	0	0	904	0	0	0	0	0	0	0	0	0	0	0	0	0	0	0	0	0	
269308	Occipital_Mid_R	0	96	0	0	0	0	0	0	0	0	0	0	0	0	0	0	0	0	0	0	0	0	0	0	0	0	0	0	0	0	0	0	0	196	0	84	0	0	0	0	0	0	1998	16112	144	13994	214	8680	0	27032	0	0	0	4308	0	1200	0	580	0	4776	0	8126	0	638	0	19114	532	8782	0	348	0	0	0	0	0	0	0	0	0	0	0	1168	0	0	0	15028	0	0	0	1282	0	74	0	0	0	0	0	0	0	148	0	0	0	0	0	0	0	0	0	0	0	0	0	0	0	0	
232032	Occipital_Inf_L	878	0	0	0	0	0	0	0	0	0	0	0	0	0	0	0	2072	0	0	0	0	0	0	0	0	0	0	0	1298	0	0	0	0	0	280	0	522	0	226	0	0	0	4886	0	2360	0	9888	0	2878	0	28112	0	0	0	19332	0	1358	0	1212	0	622	0	280	0	734	0	3786	0	212	0	0	0	0	0	0	0	0	0	2202	0	3212	0	0	0	11638	0	0	0	14366	0	1948	0	0	0	0	0	0	0	1646	0	0	0	0	0	0	0	0	0	0	0	68	0	0	0	0	0	
91624	Occipital_Inf_R	0	0	0	0	0	0	0	0	0	0	0	0	0	0	0	0	0	0	0	0	0	0	0	0	0	0	0	0	0	0	0	0	0	0	0	0	0	200	0	408	0	0	184	7928	0	2688	106	7152	0	3570	0	4308	0	0	0	8390	0	0	0	88	0	0	0	0	0	0	330	1520	0	0	0	0	0	0	0	0	0	74	0	0	0	0	0	0	0	1826	0	0	0	5730	0	394	0	0	0	0	0	0	0	916	0	0	0	0	0	0	0	0	0	0	0	0	0	0	0	0	
564208	Fusiform_L	4174	662	156	120	144	0	750	576	0	0	330	0	0	0	126	0	2454	0	1380	0	562	384	96	0	0	0	260	98	9422	0	518	224	0	0	908	150	18594	130	8048	0	4582	0	3942	0	1650	0	19072	1686	1678	0	14040	0	19332	0	0	982	1524	0	760	0	278	0	136	0	120	0	4046	0	802	0	902	502	2204	160	90	0	1928	978	9318	0	8312	0	1872	0	8022	0	924	0	29708	0	23494	1300	4402	258	578	180	13898	3062	30336	2618	1536	0	2164	72	144	88	0	0	92	250	4430	2360	936	0	90	0	
435104	Fusiform_R	0	790	0	908	0	0	0	388	0	0	0	228	0	166	0	304	0	172	0	854	0	142	0	160	0	0	0	0	0	2390	0	306	0	0	0	394	96	26934	0	26754	0	7354	312	6754	0	706	1406	20746	0	968	0	1200	0	8390	982	0	0	236	0	0	0	0	0	68	0	68	0	2102	0	74	0	188	0	6858	0	982	0	1322	0	822	0	2070	0	6822	0	2402	0	2060	0	16270	2506	12372	618	668	102	158	2286	8278	4660	21494	0	0	176	582	454	110	0	0	0	272	3190	5908	1486	0	84	0	
303696	Postcentral_L	24596	1132	5186	226	0	0	3912	904	0	0	5900	0	1560	0	0	0	11712	0	8532	428	0	0	196	0	0	0	0	0	4752	0	530	112	500	0	2084	0	394	0	74	0	0	0	898	0	1558	0	0	0	1608	0	6354	0	1358	0	1524	0	0	0	10222	0	26338	0	10036	0	1942	0	4586	0	1528	0	350	0	454	0	250	0	194	106	1862	0	2882	0	0	0	3050	0	0	0	1782	0	236	0	0	0	0	0	0	0	0	0	0	0	0	0	0	0	0	0	0	0	0	0	0	0	0	0	
193680	Postcentral_R	124	17202	0	484	0	0	0	1708	0	0	0	2604	0	0	0	0	0	3602	0	880	0	0	0	0	0	0	0	0	0	966	0	92	0	1982	364	2618	122	956	0	166	0	0	0	2252	0	4870	0	74	0	1306	0	580	0	0	0	236	0	0	0	9032	0	7620	0	8968	0	4188	384	12972	118	5294	170	264	0	368	0	0	0	350	0	214	0	416	0	0	0	2418	0	0	0	876	0	0	0	0	0	0	0	0	0	0	0	0	0	0	0	0	0	0	0	0	0	0	0	0	0	0	
242628	Parietal_Sup_L	0	0	0	0	0	0	0	0	0	0	0	0	0	0	0	0	2326	0	0	0	0	0	0	0	0	0	0	0	462	0	0	0	0	0	0	0	0	0	0	0	0	0	1462	0	12458	0	604	0	23196	0	26602	0	1212	0	760	0	10222	0	0	0	15638	0	178	0	6122	0	17250	0	536	0	0	0	0	0	0	0	0	0	132	0	460	0	0	0	1138	0	0	0	556	0	0	0	0	0	0	0	0	0	0	0	0	0	0	0	0	0	0	0	0	0	0	0	0	0	0	0	
145076	Parietal_Sup_R	0	2190	0	114	0	0	0	102	0	0	0	0	0	0	0	0	0	136	0	80	0	0	0	0	0	0	0	0	0	0	0	0	0	0	0	0	0	0	0	0	0	0	0	1160	0	4226	0	312	0	8118	0	4776	0	88	0	0	0	9032	0	0	0	15530	0	2178	0	12060	272	10612	0	346	0	68	0	0	0	0	0	0	0	94	0	282	0	0	0	650	0	0	0	112	0	0	0	0	0	0	0	0	0	0	0	0	0	0	0	0	0	0	0	0	0	0	0	0	0	0	
239800	Parietal_Inf_L	3974	78	0	0	0	0	1362	0	0	0	0	0	0	0	0	0	3520	0	0	0	0	0	0	0	0	0	0	0	1218	0	168	0	0	0	0	0	0	0	0	0	0	0	726	0	1650	0	0	0	3680	0	13790	0	622	0	278	0	26338	0	15638	0	0	0	11848	0	20768	0	2630	0	418	0	100	0	0	0	98	0	0	0	450	0	2636	0	0	0	6640	0	0	0	1270	0	0	0	0	0	0	0	0	0	0	0	0	0	0	0	0	0	0	0	0	0	0	0	0	0	0	0	
144372	Parietal_Inf_R	0	1814	0	0	0	0	0	284	0	0	0	0	0	0	0	0	0	0	0	0	0	0	0	0	0	0	0	0	0	0	0	0	0	0	0	0	0	0	0	0	0	0	0	202	0	2214	0	0	0	3768	0	8126	0	0	0	0	0	7620	0	15530	0	0	0	7538	0	20114	0	3686	0	76	0	0	0	0	0	0	0	0	0	0	0	226	0	0	0	854	0	0	0	134	0	0	0	0	0	0	0	0	0	0	0	0	0	0	0	0	0	0	0	0	0	0	0	0	0	0	
82768	SupraMarginal_L	1088	0	0	0	0	0	260	0	0	0	0	0	0	0	0	0	1828	0	0	0	0	0	0	0	0	0	0	0	870	0	0	0	0	0	0	0	0	0	0	0	0	0	0	0	72	0	0	0	0	0	1372	0	280	0	136	0	10036	0	178	0	11848	0	0	0	4802	0	0	0	0	0	0	0	0	0	0	0	0	0	0	0	4818	0	0	0	3414	0	0	0	382	0	0	0	0	0	0	0	0	0	0	0	0	0	0	0	0	0	0	0	0	0	0	0	0	0	0	0	
116808	SupraMarginal_R	0	2226	0	0	0	0	0	370	0	0	0	0	0	0	0	0	0	2550	0	0	0	0	0	0	0	0	0	0	0	76	0	0	0	0	0	0	0	244	0	0	0	0	0	106	0	1380	0	0	0	982	0	638	0	0	0	68	0	8968	0	2178	0	7538	0	0	0	11594	0	2690	0	0	0	0	0	0	0	0	0	0	0	268	0	7742	0	0	0	7046	0	0	0	1740	0	0	0	0	0	0	0	0	0	0	0	0	0	0	0	0	0	0	0	0	0	0	0	0	0	0	
153252	Angular_L	0	0	0	0	0	0	0	0	0	0	0	0	0	0	0	0	644	0	0	0	0	0	0	0	0	0	0	0	226	0	0	0	0	0	0	0	0	0	0	0	0	0	696	0	1184	0	0	0	828	0	20164	0	734	0	120	0	1942	0	6122	0	20768	0	4802	0	0	0	1116	0	102	0	0	0	0	0	0	0	0	0	320	0	3082	0	0	0	12552	0	0	0	1224	0	0	0	0	0	0	0	0	0	0	0	0	0	0	0	0	0	0	0	0	0	0	0	0	0	0	0	
209452	Angular_R	0	722	0	0	0	0	0	116	0	0	0	0	0	0	0	0	0	284	0	0	0	0	0	0	0	0	0	0	0	84	0	0	0	0	0	0	0	150	0	0	0	0	0	598	0	2486	0	146	0	6536	0	19114	0	0	0	68	0	4188	0	12060	0	20114	0	11594	0	0	0	3240	0	70	0	0	0	0	0	0	0	0	0	200	0	8446	0	0	0	12610	0	0	0	1900	0	0	0	0	0	0	0	0	0	0	0	0	0	0	0	0	0	0	0	0	0	0	0	0	0	0	
348268	Precuneus_L	1552	404	0	0	0	0	0	0	0	0	0	0	0	0	0	0	358	0	0	432	0	0	0	0	0	0	0	0	596	0	0	0	4360	1746	7584	1850	2612	574	500	0	0	0	13640	798	29130	5162	4682	764	21280	2190	18280	532	3786	330	4046	0	4586	384	17250	272	2630	0	0	0	1116	0	0	11088	2510	434	0	0	0	0	0	0	0	584	476	0	132	0	0	0	2554	436	0	0	2090	0	322	0	0	0	0	0	0	0	82	0	0	0	0	0	0	0	0	0	0	0	0	0	0	0	0	0	
413896	Precuneus_R	0	2684	0	120	0	0	0	88	0	0	0	0	0	0	0	0	0	544	0	1288	0	0	0	0	0	0	0	0	0	172	0	0	736	6088	412	9896	72	4414	0	2228	0	0	482	26502	3190	36950	0	9194	108	21150	0	8782	0	1520	0	2102	0	12972	0	10612	0	3686	0	2690	0	3240	11088	0	374	5108	136	98	0	106	0	0	0	298	0	566	0	1536	0	0	0	11616	0	0	0	3088	0	0	0	0	0	0	0	0	0	0	0	0	0	0	0	0	0	0	0	0	1012	0	0	0	0	0	
168060	Paracentral_Lobule_L	15314	6340	1542	2684	0	0	352	1606	0	0	0	0	0	0	0	0	0	0	5952	12162	0	0	0	0	0	0	0	0	144	0	0	0	3252	4808	3080	430	308	114	0	0	0	0	254	0	394	124	0	0	0	72	120	0	212	0	802	0	1528	118	536	0	418	0	0	0	102	0	2510	374	0	6160	1486	3132	950	86	2408	0	1398	2496	82	0	0	0	0	0	80	0	0	0	100	0	0	0	0	0	0	0	0	0	0	0	0	0	0	0	0	0	0	0	0	0	0	0	0	0	0	0	
131260	Paracentral_Lobule_R	2416	7152	0	636	0	0	0	0	0	0	0	88	0	0	0	80	0	74	536	12720	0	0	0	0	0	0	0	0	0	422	0	448	684	9242	364	4686	0	196	0	0	0	0	0	1072	0	2184	0	0	0	248	0	348	0	0	0	74	0	5294	0	346	0	76	0	0	0	70	434	5108	6160	0	328	1644	132	928	0	0	0	888	0	0	0	0	0	76	0	476	0	0	0	0	0	0	0	0	0	0	0	0	0	0	0	0	0	0	0	0	0	0	0	0	0	0	0	0	0	0	
328580	Caudate_L	5100	2560	5238	4682	710	668	3280	4120	70	0	1318	908	332	182	518	338	1056	142	11266	6474	7906	10590	1116	400	142	250	2130	1918	6172	916	10566	7400	168	404	0	0	776	138	226	0	4278	328	0	0	0	0	0	0	0	0	0	0	0	0	902	0	350	170	0	0	100	0	0	0	0	0	0	136	1486	328	0	16084	23916	4610	5484	300	3264	688	538	120	626	0	286	0	0	0	0	0	0	116	0	0	0	0	0	0	0	0	0	0	0	0	0	0	0	0	0	0	0	0	0	0	0	0	0	0	
353292	Caudate_R	3590	8368	1200	9654	0	1590	924	2210	0	0	654	1016	0	164	0	1112	396	412	2156	12922	3868	10242	188	4192	0	1614	132	1868	2276	2206	4530	18872	78	156	356	150	1386	592	180	150	1900	900	0	0	0	0	0	0	0	0	0	0	0	0	502	188	0	264	0	68	0	0	0	0	0	0	0	98	3132	1644	16084	0	9308	17756	3220	1868	1632	17536	364	0	416	0	76	142	0	0	0	0	144	0	0	0	0	0	0	0	0	0	0	0	0	0	0	0	0	0	0	0	0	0	0	0	0	0	0	0	
406280	Putamen_L	6204	430	15472	2034	4312	1118	4986	636	914	0	740	154	1400	88	3132	652	348	0	17806	1976	6356	8378	5922	940	108	706	1686	1608	22158	688	15038	4720	238	346	0	0	6056	158	2342	136	4668	306	0	0	0	0	228	88	0	0	0	0	0	0	2204	0	454	0	0	0	0	0	0	0	0	0	0	0	950	132	23916	9308	0	5664	10322	282	1360	216	182	0	698	0	1024	0	86	0	0	0	1066	0	0	0	0	0	0	0	0	0	0	0	0	0	0	0	0	0	0	0	0	0	0	0	0	0	0	0	
306096	Putamen_R	104	3548	0	9228	0	1990	0	3498	0	614	0	1796	0	2908	0	4660	0	1864	752	7994	1202	4446	72	5946	0	1844	0	1210	510	18834	1626	10722	0	74	0	266	344	12018	148	5028	1224	1126	0	0	0	0	0	312	0	0	0	0	0	0	160	6858	0	368	0	0	0	0	0	0	0	0	0	106	86	928	4610	17756	5664	0	2804	2912	0	3142	0	142	0	414	0	570	0	230	0	0	0	390	0	0	0	0	0	0	0	0	0	0	0	0	0	0	0	0	0	0	0	0	0	0	0	0	0	0	
92908	Pallidum_L	4212	134	2240	784	0	664	316	128	0	0	68	0	0	0	0	478	0	0	3646	354	274	1888	0	548	0	540	0	326	278	310	294	726	0	0	0	0	338	0	0	0	298	84	0	0	0	0	0	0	0	0	0	0	0	0	90	0	250	0	0	0	98	0	0	0	0	0	0	0	2408	0	5484	3220	10322	2804	0	310	2444	96	0	0	0	0	0	0	0	0	0	0	0	0	0	0	0	0	0	0	0	0	0	0	0	0	0	0	0	0	0	0	0	0	0	0	0	0	0	0	
29528	Pallidum_R	0	920	0	1008	0	0	0	798	0	0	0	0	0	0	0	78	0	96	0	878	0	144	0	110	0	0	0	0	0	0	0	206	0	0	0	0	0	1888	0	1616	0	0	0	0	0	0	0	212	0	0	0	0	0	0	0	982	0	0	0	0	0	0	0	0	0	0	0	0	0	0	300	1868	282	2912	310	0	0	156	0	0	0	0	0	0	0	0	0	0	0	0	0	0	0	0	0	0	0	0	0	0	0	0	0	0	0	0	0	0	0	0	0	0	0	0	0	0	
110948	Thalamus_L	19154	1950	176	128	0	0	324	158	0	0	80	0	0	0	0	0	212	0	242	110	0	0	0	0	0	0	0	0	1744	0	122	0	0	0	330	398	6178	0	796	0	108	0	0	0	0	0	68	0	0	0	0	0	0	0	1928	0	194	0	0	0	0	0	0	0	0	0	0	0	1398	0	3264	1632	1360	0	2444	0	0	7714	1170	0	762	0	0	0	308	0	0	0	1022	0	0	0	0	0	0	0	0	0	0	0	0	0	0	0	0	0	0	0	0	0	0	0	0	0	0	0	
221052	Thalamus_R	4790	17338	0	6356	0	0	316	1346	0	0	0	0	0	0	0	0	142	0	194	4474	0	0	0	84	0	0	0	0	1734	1476	192	264	0	0	5362	6032	7922	6782	1290	1932	0	188	0	0	0	0	334	912	0	0	0	0	0	74	978	1322	106	350	0	0	0	0	0	0	0	0	584	298	2496	888	688	17536	216	3142	96	156	7714	0	1782	0	556	202	0	0	154	460	0	0	528	428	0	68	0	0	0	0	0	168	0	76	0	0	0	0	0	0	0	0	0	0	0	0	0	0	0	0	
165704	Heschl_L	5106	894	542	248	0	0	1626	960	0	0	668	0	0	0	0	0	6600	0	1888	178	0	0	348	0	0	0	0	0	13986	0	938	280	0	0	1328	858	5562	492	750	0	0	0	86	0	0	0	598	0	0	0	1044	0	2202	0	9318	0	1862	0	132	0	450	0	0	0	320	0	476	0	82	0	538	364	182	0	0	0	1170	1782	0	0	6120	0	0	0	5064	0	0	0	7596	0	102	0	0	0	0	0	0	0	112	0	0	0	0	0	0	0	0	0	0	0	0	0	0	0	0	0	
48196	Heschl_R	0	284	0	308	0	0	0	152	0	0	0	132	0	0	0	204	0	3040	0	180	0	0	0	0	0	0	0	0	0	4152	0	0	0	0	0	0	0	2522	0	310	0	0	0	0	0	124	0	0	0	88	0	0	0	0	0	822	0	214	0	94	0	0	0	268	0	200	0	566	0	0	120	0	0	142	0	0	0	0	0	0	0	6778	0	204	0	1798	0	0	0	1396	0	0	0	0	0	0	0	0	0	0	0	0	0	0	0	0	0	0	0	0	0	0	0	0	0	0	
317244	Temporal_Sup_L	2748	262	2314	100	0	0	476	116	0	0	5450	0	980	0	0	0	14778	0	4330	270	0	0	160	0	0	0	0	0	15484	0	634	306	0	0	118	84	4738	0	762	0	498	0	538	0	118	0	90	0	70	0	4588	0	3212	0	8312	0	2882	0	460	0	2636	0	4818	0	3082	0	132	0	0	0	626	416	698	0	0	0	762	556	6120	0	0	0	4858	0	35404	0	0	0	23468	0	168	0	0	0	0	0	0	0	0	0	0	0	0	0	0	0	0	0	0	0	0	0	0	0	0	0	
158572	Temporal_Sup_R	0	344	0	212	0	0	0	116	0	0	0	100	0	0	0	3552	0	3718	0	78	0	0	0	0	0	0	0	0	0	8410	0	0	0	0	0	0	0	3004	0	494	0	110	0	278	0	536	0	0	0	370	0	1168	0	0	0	2070	0	416	0	282	0	226	0	7742	0	8446	0	1536	0	0	0	0	0	414	0	0	0	202	0	6778	0	0	0	4242	0	19378	0	702	0	4292	0	70	0	0	0	0	0	0	0	0	0	0	0	0	0	0	0	0	0	0	0	0	0	0	0	0	
97052	Temporal_Pole_Sup_L	204	0	2308	0	1162	0	904	136	804	0	2994	0	1712	0	4618	0	2008	0	290	156	338	0	336	0	0	0	80	0	6858	0	496	74	0	0	0	0	292	0	412	0	494	0	0	0	0	0	0	0	0	0	0	0	0	0	1872	0	0	0	0	0	0	0	0	0	0	0	0	0	0	0	286	76	1024	0	0	0	0	0	0	0	4858	0	0	0	6542	0	2740	0	4452	0	0	0	0	0	0	0	0	0	0	0	0	0	0	0	0	0	0	0	0	0	0	0	0	0	0	0	
101092	Temporal_Pole_Sup_R	0	0	0	352	0	0	0	184	0	0	0	732	0	146	0	6988	0	1304	0	640	0	258	0	0	0	0	0	0	0	6200	0	90	0	0	0	0	0	754	0	4104	0	3272	0	0	0	0	0	0	0	0	0	0	0	0	0	6822	0	0	0	0	0	0	0	0	0	0	0	0	0	76	0	142	0	570	0	0	0	0	0	204	0	4242	0	0	0	5938	0	5548	0	1980	0	0	0	0	0	0	0	0	0	0	0	0	0	0	0	0	0	0	0	0	0	0	0	0	0	0	
384584	Temporal_Mid_L	610	98	0	0	0	0	84	0	0	0	72	0	0	0	0	0	5800	0	218	0	0	0	0	0	0	0	0	0	3922	0	0	0	242	0	104	0	944	0	0	0	0	0	2692	0	2306	0	498	0	308	0	32726	0	11638	0	8022	0	3050	0	1138	0	6640	0	3414	0	12552	0	2554	0	80	0	0	0	86	0	0	0	308	154	5064	0	35404	0	6542	0	0	0	2802	0	40908	0	1312	0	0	0	0	0	0	0	0	0	0	0	0	0	0	0	0	0	0	0	0	0	0	0	0	0	
271392	Temporal_Mid_R	0	430	0	0	0	0	0	0	0	0	0	0	0	0	0	1598	0	344	0	0	0	0	0	0	0	0	0	0	0	1910	0	0	0	234	0	400	0	1860	0	652	0	158	134	11634	0	5982	0	1230	0	4600	0	15028	0	1826	0	2402	0	2418	0	650	0	854	0	7046	0	12610	436	11616	0	476	0	0	0	230	0	0	0	460	0	1798	0	19378	0	5938	0	0	0	3954	0	17410	0	0	0	0	0	0	0	0	0	0	0	0	0	0	0	0	0	0	0	0	0	0	0	0	0	0	
18000	Temporal_Pole_Mid_L	0	0	0	0	0	0	0	0	0	0	0	0	0	0	0	0	0	0	0	0	0	0	0	0	0	0	0	0	0	0	0	0	0	0	0	0	0	0	0	0	0	0	0	0	0	0	0	0	0	0	0	0	0	0	924	0	0	0	0	0	0	0	0	0	0	0	0	0	0	0	0	0	0	0	0	0	0	0	0	0	0	0	2740	0	2802	0	0	0	2534	0	0	0	0	0	0	0	0	0	0	0	0	0	0	0	0	0	0	0	0	0	0	0	0	0	0	0	
32740	Temporal_Pole_Mid_R	0	0	0	0	0	0	0	0	0	0	0	0	0	0	0	480	0	0	0	0	0	0	0	0	0	0	0	0	0	94	0	0	0	0	0	0	0	148	0	864	0	174	0	0	0	0	0	0	0	0	0	0	0	0	0	2060	0	0	0	0	0	0	0	0	0	0	0	0	0	0	0	0	0	0	0	0	0	0	0	0	0	702	0	5548	0	3954	0	0	0	2346	0	0	0	0	0	0	0	0	0	0	0	0	0	0	0	0	0	0	0	0	0	0	0	0	0	0	
377372	Temporal_Inf_L	2114	212	0	0	0	0	348	0	0	0	122	0	0	0	0	0	4716	0	1266	0	0	0	0	0	0	0	0	0	8406	0	136	0	130	0	280	106	12254	100	1736	0	1260	0	1934	0	1212	0	692	0	0	0	12494	0	14366	0	29708	0	1782	0	556	0	1270	0	382	0	1224	0	2090	0	100	0	0	144	1066	0	0	0	1022	528	7596	0	23468	0	4452	0	40908	0	2534	0	0	0	4344	0	518	0	0	0	74	0	438	0	322	0	276	0	0	0	0	0	0	0	0	0	0	0	0	0	
159880	Temporal_Inf_R	0	470	0	116	0	0	0	0	0	0	0	0	0	0	0	0	0	160	0	0	0	0	0	0	0	0	0	0	0	1760	0	0	0	0	0	582	0	4312	0	2798	0	1026	0	4440	0	628	0	2220	0	416	0	1282	0	5730	0	16270	0	876	0	112	0	134	0	1740	0	1900	0	3088	0	0	116	0	0	390	0	0	0	428	0	1396	0	4292	0	1980	0	17410	0	2346	0	0	0	866	0	140	0	0	0	80	0	298	0	0	0	138	0	0	0	0	0	0	0	0	0	0	0	0	
481252	Cerebelum_Crus1_L	0	0	0	0	0	0	0	0	0	0	0	0	0	0	0	0	194	0	0	0	0	0	0	0	0	0	0	0	84	0	0	0	0	0	0	0	114	0	442	74	0	0	434	0	202	0	2526	1452	0	0	1768	0	1948	0	23494	2506	236	0	0	0	0	0	0	0	0	0	322	0	0	0	0	0	0	0	0	0	0	0	102	0	168	0	0	0	1312	0	0	0	4344	0	0	5044	32648	3420	2524	592	22078	2088	59102	8592	10702	152	15494	2468	2750	2604	478	280	710	1672	5280	8554	6380	1694	2752	846	
387692	Cerebelum_Crus1_R	0	0	0	0	0	0	0	0	0	0	0	0	0	0	0	0	0	0	0	0	0	0	0	0	0	0	0	0	0	0	0	0	0	0	0	0	0	326	0	2024	0	140	0	128	0	0	888	2824	0	0	0	74	0	394	1300	12372	0	0	0	0	0	0	0	0	0	0	0	0	0	0	0	0	0	0	0	0	0	68	0	0	0	70	0	0	0	0	0	0	0	866	5044	0	4698	26770	988	3816	4148	19546	5782	50154	636	3186	1748	15592	526	1752	0	200	212	4996	6396	4494	8850	1564	1160	114	
377004	Cerebelum_Crus2_L	0	0	0	0	0	0	0	0	0	0	0	0	0	0	0	0	0	0	0	0	0	0	0	0	0	0	0	0	0	0	0	0	0	0	0	0	0	0	0	90	0	0	0	0	0	0	416	272	0	0	0	0	0	0	4402	618	0	0	0	0	0	0	0	0	0	0	0	0	0	0	0	0	0	0	0	0	0	0	0	0	0	0	0	0	0	0	0	0	518	0	32648	4698	0	10930	322	0	2884	248	12748	2758	37420	2206	37724	9166	5822	2404	302	146	0	0	0	1324	10956	5384	2096	0	
298984	Cerebelum_Crus2_R	0	0	0	0	0	0	0	0	0	0	0	0	0	0	0	0	0	0	0	0	0	0	0	0	0	0	0	0	0	0	0	0	0	0	0	0	0	78	0	510	0	0	0	0	0	0	0	198	0	0	0	0	0	0	258	668	0	0	0	0	0	0	0	0	0	0	0	0	0	0	0	0	0	0	0	0	0	0	0	0	0	0	0	0	0	0	0	0	0	140	3420	26770	10930	0	0	274	160	2094	1300	7570	4568	20160	8358	37648	1238	4146	0	302	0	194	0	728	10878	5424	1478	0	
62500	Cerebelum_3_L	0	0	0	0	0	0	0	0	0	0	0	0	0	0	0	0	0	0	0	0	0	0	0	0	0	0	0	0	0	0	0	0	0	0	0	0	142	0	220	0	0	0	0	0	0	0	0	120	0	0	0	0	0	0	578	102	0	0	0	0	0	0	0	0	0	0	0	0	0	0	0	0	0	0	0	0	0	0	0	0	0	0	0	0	0	0	0	0	0	0	2524	988	322	0	0	988	7150	884	4942	1564	72	0	128	0	444	176	0	0	2024	4692	2698	336	0	0	156	0	
72676	Cerebelum_3_R	0	0	0	0	0	0	0	0	0	0	0	0	0	0	0	0	0	0	0	0	0	0	0	0	0	0	0	0	0	0	0	0	0	0	0	0	0	0	0	86	0	0	0	0	0	0	0	322	0	0	0	0	0	0	180	158	0	0	0	0	0	0	0	0	0	0	0	0	0	0	0	0	0	0	0	0	0	0	0	0	0	0	0	0	0	0	0	0	0	0	592	3816	0	274	988	0	1676	6438	1036	8732	0	0	0	468	142	562	0	0	1290	5950	1868	878	168	0	602	112	
321532	Cerebelum_4_5_L	0	0	0	0	0	0	0	0	0	0	0	0	0	0	0	0	0	0	0	0	0	0	0	0	0	0	0	0	0	0	0	0	0	0	0	0	466	0	992	0	78	0	0	0	0	0	6134	3032	0	0	0	0	0	0	13898	2286	0	0	0	0	0	0	0	0	0	0	0	0	0	0	0	0	0	0	0	0	0	0	0	0	0	0	0	0	0	0	0	0	74	0	22078	4148	2884	160	7150	1676	0	9070	38154	8018	1140	0	1674	308	3032	2050	150	0	1754	3956	18262	4244	550	406	1898	1044	
260944	Cerebelum_4_5_R	0	0	0	0	0	0	0	0	0	0	0	0	0	0	0	0	0	0	0	0	0	0	0	0	0	0	0	0	0	0	0	0	0	0	0	0	0	1800	0	4798	0	544	0	0	0	0	2350	5386	0	0	0	0	0	0	3062	8278	0	0	0	0	0	0	0	0	0	0	0	0	0	0	0	0	0	0	0	0	0	168	0	0	0	0	0	0	0	0	0	0	0	80	2088	19546	248	2094	884	6438	9070	0	6948	30108	0	108	156	2526	330	672	0	0	334	5592	13266	1964	900	328	316	90	
513156	Cerebelum_6_L	0	0	0	0	0	0	0	0	0	0	0	0	0	0	0	0	0	0	0	0	0	0	0	0	0	0	0	0	0	0	0	0	0	0	0	0	310	0	682	0	0	0	96	0	0	0	9132	4612	0	0	904	0	1646	0	30336	4660	0	0	0	0	0	0	0	0	0	0	82	0	0	0	0	0	0	0	0	0	0	0	112	0	0	0	0	0	0	0	0	0	438	0	59102	5782	12748	1300	4942	1036	38154	6948	0	12836	4046	0	5784	680	3518	3174	764	404	1096	2682	14096	14674	4470	1332	3112	888	
459776	Cerebelum_6_R	0	0	0	0	0	0	0	0	0	0	0	0	0	0	0	0	0	0	0	0	0	0	0	0	0	0	0	0	0	0	0	0	0	0	0	0	0	526	0	2498	0	212	102	778	0	176	1938	8794	0	242	0	148	0	916	2618	21494	0	0	0	0	0	0	0	0	0	0	0	0	0	0	0	0	0	0	0	0	0	76	0	0	0	0	0	0	0	0	0	0	0	298	8592	50154	2758	7570	1564	8732	8018	30108	12836	0	452	746	1620	6836	946	2444	78	308	706	8164	10968	12552	8644	1932	2166	178	
265716	Cerebelum_7b_L	0	0	0	0	0	0	0	0	0	0	0	0	0	0	0	0	0	0	0	0	0	0	0	0	0	0	0	0	0	0	0	0	0	0	0	0	0	0	0	0	0	0	0	0	0	0	0	0	0	0	0	0	0	0	1536	0	0	0	0	0	0	0	0	0	0	0	0	0	0	0	0	0	0	0	0	0	0	0	0	0	0	0	0	0	0	0	0	0	322	0	10702	636	37420	4568	72	0	1140	0	4046	452	0	1646	42004	6888	7638	1824	442	96	0	0	0	244	4224	5688	1270	0	
125512	Cerebelum_7b_R	0	0	0	0	0	0	0	0	0	0	0	0	0	0	0	0	0	0	0	0	0	0	0	0	0	0	0	0	0	0	0	0	0	0	0	0	0	0	0	0	0	0	0	0	0	0	0	0	0	0	0	0	0	0	0	0	0	0	0	0	0	0	0	0	0	0	0	0	0	0	0	0	0	0	0	0	0	0	0	0	0	0	0	0	0	0	0	0	0	0	152	3186	2206	20160	0	0	0	108	0	746	1646	0	2154	25112	276	3554	0	0	0	0	0	0	1510	1594	352	0	
363752	Cerebelum_8_L	0	0	0	0	0	0	0	0	0	0	0	0	0	0	0	0	0	0	0	0	0	0	0	0	0	0	0	0	0	0	0	0	0	0	0	0	0	0	0	0	0	0	0	0	0	0	0	0	0	0	0	0	0	0	2164	176	0	0	0	0	0	0	0	0	0	0	0	0	0	0	0	0	0	0	0	0	0	0	0	0	0	0	0	0	0	0	0	0	276	0	15494	1748	37724	8358	128	0	1674	156	5784	1620	42004	2154	0	14108	18368	4332	1362	184	0	0	0	676	8074	11874	3338	100	
339344	Cerebelum_8_R	0	0	0	0	0	0	0	0	0	0	0	0	0	0	0	0	0	0	0	0	0	0	0	0	0	0	0	0	0	0	0	0	0	0	0	0	0	96	0	680	0	72	0	0	0	0	0	0	0	0	0	0	0	0	72	582	0	0	0	0	0	0	0	0	0	0	0	0	0	0	0	0	0	0	0	0	0	0	0	0	0	0	0	0	0	0	0	0	0	138	2468	15592	9166	37648	0	468	308	2526	680	6836	6888	25112	14108	0	2096	17394	0	1056	0	372	0	138	10164	11708	3304	0	
142104	Cerebelum_9_L	0	0	0	0	0	0	0	0	0	0	0	0	0	0	0	0	0	0	0	0	0	0	0	0	0	0	0	0	0	0	0	0	0	0	0	0	0	0	0	0	0	0	0	0	0	0	0	136	0	0	0	0	0	0	144	454	0	0	0	0	0	0	0	0	0	0	0	0	0	0	0	0	0	0	0	0	0	0	0	0	0	0	0	0	0	0	0	0	0	0	2750	526	5822	1238	444	142	3032	330	3518	946	7638	276	18368	2096	0	4322	3512	164	116	238	1932	3388	1580	2850	4556	534	
164080	Cerebelum_9_R	0	0	0	0	0	0	0	0	0	0	0	0	0	0	0	0	0	0	0	0	0	0	0	0	0	0	0	0	0	0	0	0	0	0	0	0	0	0	0	0	0	0	0	0	0	0	0	0	0	0	0	0	0	0	88	110	0	0	0	0	0	0	0	0	0	0	0	0	0	0	0	0	0	0	0	0	0	0	0	0	0	0	0	0	0	0	0	0	0	0	2604	1752	2404	4146	176	562	2050	672	3174	2444	1824	3554	4332	17394	4322	0	166	2356	582	400	1990	5286	3642	6158	8802	1050	
16788	Cerebelum_10_L	0	0	0	0	0	0	0	0	0	0	0	0	0	0	0	0	0	0	0	0	0	0	0	0	0	0	0	0	0	0	0	0	0	0	0	0	0	0	0	0	0	0	0	0	0	0	0	0	0	0	0	0	0	0	0	0	0	0	0	0	0	0	0	0	0	0	0	0	0	0	0	0	0	0	0	0	0	0	0	0	0	0	0	0	0	0	0	0	0	0	478	0	302	0	0	0	150	0	764	78	442	0	1362	0	3512	166	0	0	0	0	70	360	96	282	332	0	
16104	Cerebelum_10_R	0	0	0	0	0	0	0	0	0	0	0	0	0	0	0	0	0	0	0	0	0	0	0	0	0	0	0	0	0	0	0	0	0	0	0	0	0	0	0	0	0	0	0	0	0	0	0	0	0	0	0	0	0	0	0	0	0	0	0	0	0	0	0	0	0	0	0	0	0	0	0	0	0	0	0	0	0	0	0	0	0	0	0	0	0	0	0	0	0	0	280	200	146	302	0	0	0	0	404	308	96	0	184	1056	164	2356	0	0	0	0	0	644	478	720	714	0	
32584	Vermis_1_2	0	0	0	0	0	0	0	0	0	0	0	0	0	0	0	0	0	0	0	0	0	0	0	0	0	0	0	0	0	0	0	0	0	0	0	0	0	0	0	0	0	0	0	0	0	0	0	0	0	0	0	0	0	0	92	0	0	0	0	0	0	0	0	0	0	0	0	0	0	0	0	0	0	0	0	0	0	0	0	0	0	0	0	0	0	0	0	0	0	0	710	212	0	0	2024	1290	1754	334	1096	706	0	0	0	0	116	582	0	0	0	4492	1722	610	0	0	440	112	
102640	Vermis_3	0	0	0	0	0	0	0	0	0	0	0	0	0	0	0	0	0	0	0	0	0	0	0	0	0	0	0	0	0	0	0	0	0	0	0	0	180	0	266	0	0	0	0	0	0	0	0	88	0	0	0	0	0	0	250	272	0	0	0	0	0	0	0	0	0	0	0	0	0	0	0	0	0	0	0	0	0	0	0	0	0	0	0	0	0	0	0	0	0	0	1672	4996	0	194	4692	5950	3956	5592	2682	8164	0	0	0	372	238	400	0	0	4492	0	5300	892	140	0	532	0	
223872	Vermis_4_5	0	0	0	0	0	0	0	0	0	0	0	0	0	0	0	0	0	0	0	0	0	0	0	0	0	0	0	0	0	0	0	0	0	0	0	580	0	512	0	332	0	0	0	350	0	160	3648	4830	0	0	0	0	68	0	4430	3190	0	0	0	0	0	0	0	0	0	0	0	1012	0	0	0	0	0	0	0	0	0	0	0	0	0	0	0	0	0	0	0	0	0	0	5280	6396	0	0	2698	1868	18262	13266	14096	10968	0	0	0	0	1932	1990	70	0	1722	5300	0	5390	0	106	1914	1566	
