data	data	433524	227348	1.1381e+06	957324	91656	98140	496204	398760	56948	32904	332088	179856	311524	363440	179136	55468	245888	134424	551308	819808	69340	72068	405120	407516	18016	79260	57292	57688	657796	373384	316820	539244	185240	562416	122068	189868	240608	253240	67704	132320	42096	48436	134924	209504	119284	232176	220424	255148	192672	265468	420388	203992	182172	48900	256148	355628	324824	197336	170892	118132	236912	161800	115416	110368	137644	107140	318016	413132	213336	131620	386720	486860	380140	333800	56456	29540	151560	179132	89872	23988	224632	94952	64744	32884	375404	184992	19512	6572	286108	218716	474904	514304	414584	402816	24456	55416	283108	238748	458736	492012	235448	167848	285016	340168	135200	157184	22008	4740	42152	74256	277776	295068	255356	166164	106196	39636	
data	data	Precentral_L	Precentral_R	Frontal_Sup_L	Frontal_Sup_R	Frontal_Sup_Orb_L	Frontal_Sup_Orb_R	Frontal_Mid_L	Frontal_Mid_R	Frontal_Mid_Orb_L	Frontal_Mid_Orb_R	Frontal_Inf_Oper_L	Frontal_Inf_Oper_R	Frontal_Inf_Tri_L	Frontal_Inf_Tri_R	Frontal_Inf_Orb_L	Frontal_Inf_Orb_R	Rolandic_Oper_L	Rolandic_Oper_R	Supp_Motor_Area_L	Supp_Motor_Area_R	Olfactory_L	Olfactory_R	Frontal_Sup_Medial_L	Frontal_Sup_Medial_R	Frontal_Med_Orb_L	Frontal_Med_Orb_R	Rectus_L	Rectus_R	Insula_L	Insula_R	Cingulum_Ant_L	Cingulum_Ant_R	Cingulum_Mid_L	Cingulum_Mid_R	Cingulum_Post_L	Cingulum_Post_R	Hippocampus_L	Hippocampus_R	ParaHippocampal_L	ParaHippocampal_R	Amygdala_L	Amygdala_R	Calcarine_L	Calcarine_R	Cuneus_L	Cuneus_R	Lingual_L	Lingual_R	Occipital_Sup_L	Occipital_Sup_R	Occipital_Mid_L	Occipital_Mid_R	Occipital_Inf_L	Occipital_Inf_R	Fusiform_L	Fusiform_R	Postcentral_L	Postcentral_R	Parietal_Sup_L	Parietal_Sup_R	Parietal_Inf_L	Parietal_Inf_R	SupraMarginal_L	SupraMarginal_R	Angular_L	Angular_R	Precuneus_L	Precuneus_R	Paracentral_Lobule_L	Paracentral_Lobule_R	Caudate_L	Caudate_R	Putamen_L	Putamen_R	Pallidum_L	Pallidum_R	Thalamus_L	Thalamus_R	Heschl_L	Heschl_R	Temporal_Sup_L	Temporal_Sup_R	Temporal_Pole_Sup_L	Temporal_Pole_Sup_R	Temporal_Mid_L	Temporal_Mid_R	Temporal_Pole_Mid_L	Temporal_Pole_Mid_R	Temporal_Inf_L	Temporal_Inf_R	Cerebelum_Crus1_L	Cerebelum_Crus1_R	Cerebelum_Crus2_L	Cerebelum_Crus2_R	Cerebelum_3_L	Cerebelum_3_R	Cerebelum_4_5_L	Cerebelum_4_5_R	Cerebelum_6_L	Cerebelum_6_R	Cerebelum_7b_L	Cerebelum_7b_R	Cerebelum_8_L	Cerebelum_8_R	Cerebelum_9_L	Cerebelum_9_R	Cerebelum_10_L	Cerebelum_10_R	Vermis_1_2	Vermis_3	Vermis_4_5	Vermis_6	Vermis_7	Vermis_8	Vermis_9	Vermis_10	
433524	Precentral_L	0	1658	25940	10354	0	0	26948	1766	0	0	19918	0	2858	934	0	0	10010	0	5140	12842	0	0	530	278	0	0	0	0	7914	312	174	466	530	3962	1562	2372	2304	300	0	0	0	0	0	0	116	0	0	0	128	0	3052	0	3036	0	768	0	27908	0	520	0	2154	0	726	0	156	0	1010	606	13374	1166	5736	874	1800	0	468	0	4348	692	2386	0	1710	0	0	0	3496	0	0	0	1460	0	0	0	0	0	0	0	0	0	0	0	0	0	0	0	0	0	0	0	0	0	0	0	0	0	0	0	
227348	Precentral_R	1658	0	334	17230	0	0	0	22700	0	0	0	6046	0	2880	0	0	0	1324	204	3216	0	0	0	102	0	0	0	0	226	2082	0	172	0	496	456	658	206	3322	0	980	0	0	0	0	0	0	0	0	0	0	0	0	0	0	0	882	1148	12684	0	472	0	1870	0	3512	0	0	0	222	936	2264	1430	5846	854	3650	162	1156	596	8886	132	0	0	124	0	0	0	1008	0	0	0	1548	0	0	0	0	0	0	0	0	0	0	0	0	0	0	0	0	0	0	0	0	0	0	0	0	0	0	
1.1381e+06	Frontal_Sup_L	25940	334	0	15836	3782	0	74218	2004	2628	0	27682	264	24376	1142	11068	0	13432	0	69076	35672	0	0	46092	10204	396	0	0	0	52116	194	14394	11864	8748	17576	144	116	6462	0	286	0	0	0	0	0	0	0	0	0	0	0	176	0	248	0	372	0	7070	0	0	0	0	0	0	0	0	0	0	0	2488	0	18312	1128	30322	528	7496	390	11232	282	904	0	8700	0	770	0	808	0	0	0	1776	0	0	0	0	0	0	0	0	0	0	0	0	0	0	0	0	0	0	0	0	0	0	0	0	0	0	0	
957324	Frontal_Sup_R	10354	17230	15836	0	0	5018	5482	47374	0	2164	870	9468	536	27286	0	2762	366	6660	12226	68912	0	0	12922	39128	0	2778	0	504	3700	14026	8388	34992	974	20410	80	308	1588	4400	0	1778	0	0	0	0	0	0	0	0	0	0	170	0	200	0	0	946	2966	556	0	0	0	0	0	0	0	0	172	0	5096	0	8660	35522	4718	15204	158	1598	2542	19778	1256	0	98	266	0	0	140	0	0	0	0	96	0	0	0	0	0	0	0	0	0	0	0	0	0	0	0	0	0	0	0	0	0	0	0	0	0	0	
91656	Frontal_Sup_Orb_L	0	0	3782	0	0	0	628	0	6008	0	0	0	338	0	10092	0	0	0	0	0	1838	240	1488	0	2000	0	5230	0	4592	0	2454	216	0	0	0	0	94	0	354	0	708	0	0	0	0	0	0	0	0	0	0	0	0	0	0	0	0	0	0	0	0	0	0	0	0	0	0	0	0	0	448	130	5044	0	0	0	0	0	0	0	0	0	144	0	0	0	0	0	0	0	0	0	0	0	0	0	0	0	0	0	0	0	0	0	0	0	0	0	0	0	0	0	0	0	0	0	
98140	Frontal_Sup_Orb_R	0	0	0	5018	0	0	0	1910	0	4920	0	0	0	638	0	2458	0	0	0	0	0	1080	0	4106	254	8324	0	7882	0	952	80	2716	0	0	0	0	0	0	0	0	0	0	0	0	0	0	0	0	0	0	0	0	0	0	0	0	0	0	0	0	0	0	0	0	0	0	0	0	0	0	0	4696	0	4036	0	0	0	0	0	0	0	0	0	0	0	0	0	0	0	0	0	0	0	0	0	0	0	0	0	0	0	0	0	0	0	0	0	0	0	0	0	0	0	0	0	0	
496204	Frontal_Mid_L	26948	0	74218	5482	628	0	0	876	3876	0	15844	0	35576	1386	10174	0	2468	0	9664	5500	0	0	13252	2282	0	0	0	0	16206	432	2286	2050	1726	2640	0	0	1010	0	0	0	0	0	0	0	0	0	0	0	0	0	104	0	208	0	134	0	1192	0	0	0	0	0	0	0	0	0	0	0	0	0	5744	432	644	0	0	0	1346	124	156	0	1746	0	0	0	726	0	0	0	1022	0	0	0	0	0	0	0	0	0	0	0	0	0	0	0	0	0	0	0	0	0	0	0	0	0	0	0	
398760	Frontal_Mid_R	1766	22700	2004	47374	0	1910	876	0	0	1924	242	11488	200	19742	0	4528	0	2550	902	4944	0	0	3256	4086	0	0	0	0	1070	7514	2866	8348	166	2920	0	0	354	2264	0	862	0	0	0	0	0	0	0	0	0	0	0	0	0	0	0	570	846	1030	0	0	0	0	0	0	0	0	0	0	0	0	5372	14660	2878	5488	0	1348	1036	8972	248	0	0	0	0	0	0	0	0	0	0	76	0	0	0	0	0	0	0	0	0	0	0	0	0	0	0	0	0	0	0	0	0	0	0	0	0	0	
56948	Frontal_Mid_Orb_L	0	0	2628	0	6008	0	3876	0	0	0	0	0	2822	0	10098	0	0	0	0	0	0	0	0	0	0	0	634	0	1668	0	0	0	0	0	0	0	0	0	0	0	0	0	0	0	0	0	0	0	0	0	0	0	0	0	0	0	0	0	0	0	0	0	0	0	0	0	0	0	0	0	0	0	740	0	0	0	0	0	0	0	0	0	0	0	0	0	0	0	0	0	0	0	0	0	0	0	0	0	0	0	0	0	0	0	0	0	0	0	0	0	0	0	0	0	0	0	
32904	Frontal_Mid_Orb_R	0	0	0	2164	0	4920	0	1924	0	0	0	0	0	662	0	4200	0	0	0	0	0	0	0	290	0	214	0	252	0	332	0	244	0	0	0	0	0	0	0	0	0	0	0	0	0	0	0	0	0	0	0	0	0	0	0	0	0	0	0	0	0	0	0	0	0	0	0	0	0	0	0	558	0	692	0	0	0	0	0	0	0	0	0	0	0	0	0	0	0	0	0	0	0	0	0	0	0	0	0	0	0	0	0	0	0	0	0	0	0	0	0	0	0	0	0	0	
332088	Frontal_Inf_Oper_L	19918	0	27682	870	0	0	15844	242	0	0	0	0	16808	88	222	0	12280	0	15846	4794	0	0	1814	186	0	0	0	0	16822	0	1792	1386	110	2028	0	0	868	0	0	0	0	0	0	0	0	0	0	0	0	0	650	0	720	0	138	0	5900	0	0	0	310	0	84	0	0	0	0	0	0	0	4062	0	3560	0	388	0	1406	100	286	0	6176	0	1540	0	698	0	0	0	426	0	0	0	0	0	0	0	0	0	0	0	0	0	0	0	0	0	0	0	0	0	0	0	0	0	0	0	
179856	Frontal_Inf_Oper_R	0	6046	264	9468	0	0	0	11488	0	0	0	0	0	11798	0	148	0	6656	0	6012	0	0	0	1910	0	0	0	0	120	10156	298	2868	0	1296	0	0	0	920	0	246	0	0	0	0	0	0	0	0	0	0	0	0	0	0	0	272	0	1512	0	0	0	0	0	0	0	0	0	0	0	0	2248	8956	254	6392	0	192	0	0	0	106	0	302	0	0	0	0	0	0	0	0	0	0	0	0	0	0	0	0	0	0	0	0	0	0	0	0	0	0	0	0	0	0	0	0	0	0	
311524	Frontal_Inf_Tri_L	2858	0	24376	536	338	0	35576	200	2822	0	16808	0	0	0	14818	0	1392	0	5996	2244	0	0	2948	310	0	0	0	0	30196	0	2224	1214	536	1134	0	0	94	0	0	0	0	0	0	0	0	0	0	0	0	0	0	0	0	0	0	0	500	0	0	0	0	0	0	0	0	0	0	0	0	0	2764	0	3090	0	0	0	1116	100	0	0	780	0	792	0	0	0	0	0	0	0	0	0	0	0	0	0	0	0	0	0	0	0	0	0	0	0	0	0	0	0	0	0	0	0	0	0	
363440	Frontal_Inf_Tri_R	934	2880	1142	27286	0	638	1386	19742	0	662	88	11798	0	0	0	2666	0	396	2004	12868	0	0	3250	11348	0	0	0	0	258	30658	834	9884	414	7230	0	0	0	474	0	104	0	0	0	0	0	0	0	0	0	0	0	0	0	0	0	240	0	498	0	0	0	0	0	0	0	0	0	134	0	0	5348	18244	1028	5114	0	154	336	1538	0	0	0	0	0	0	0	0	0	0	0	142	0	0	0	0	0	0	0	0	0	0	0	0	0	0	0	0	0	0	0	0	0	0	0	0	0	0	
179136	Frontal_Inf_Orb_L	0	0	11068	0	10092	0	10174	0	10098	0	222	0	14818	0	0	0	0	0	366	108	1908	0	146	0	0	0	1230	0	19698	0	114	0	156	0	0	0	716	0	648	0	1210	0	0	0	0	0	0	0	0	0	0	0	0	0	90	0	0	0	0	0	0	0	0	0	0	0	0	0	0	0	0	0	5020	0	0	0	0	0	0	0	108	0	1578	0	0	0	0	0	0	0	0	0	0	0	0	0	0	0	0	0	0	0	0	0	0	0	0	0	0	0	0	0	0	0	0	0	
55468	Frontal_Inf_Orb_R	0	0	0	2762	0	2458	0	4528	0	4200	0	148	0	2666	0	0	0	0	0	230	0	818	132	594	0	134	0	892	0	3360	0	658	0	336	0	0	0	0	0	0	0	0	0	0	0	0	0	0	0	0	0	0	0	0	0	492	0	0	0	0	0	0	0	0	0	0	0	0	0	0	0	856	0	1174	0	0	0	0	0	0	0	100	0	802	0	0	0	0	0	394	0	0	0	0	0	0	0	0	0	0	0	0	0	0	0	0	0	0	0	0	0	0	0	0	0	0	
245888	Rolandic_Oper_L	10010	0	13432	366	0	0	2468	0	0	0	12280	0	1392	0	0	0	0	0	6322	684	0	0	94	0	0	0	0	0	22310	0	0	100	0	390	0	0	1266	0	0	0	0	0	0	0	0	0	0	0	0	0	1354	0	884	0	180	0	13744	0	120	0	1978	0	3830	0	794	0	152	0	0	0	666	0	1520	0	410	0	700	0	4622	0	13246	0	944	0	3960	0	0	0	2726	0	0	0	0	0	0	0	0	0	0	0	0	0	0	0	0	0	0	0	0	0	0	0	0	0	0	0	
134424	Rolandic_Oper_R	0	1324	0	6660	0	0	0	2550	0	0	0	6656	0	396	0	0	0	0	0	4526	0	0	0	954	0	0	0	0	0	15170	0	972	0	0	0	0	0	1872	0	794	0	0	0	0	0	0	0	0	0	0	0	0	0	0	0	828	0	3274	0	144	0	156	0	1536	0	0	0	0	0	0	118	3678	0	9674	0	612	0	1346	0	1432	0	1968	0	248	0	128	0	0	0	196	0	0	0	0	0	0	0	0	0	0	0	0	0	0	0	0	0	0	0	0	0	0	0	0	0	0	
551308	Supp_Motor_Area_L	5140	204	69076	12226	0	0	9664	902	0	0	15846	0	5996	2004	366	0	6322	0	0	41570	0	0	10378	2364	0	0	0	0	14736	80	4422	4950	9046	16230	576	0	3258	0	0	0	0	0	0	0	0	0	0	0	0	0	0	0	0	0	0	0	468	0	0	0	0	0	0	0	0	0	946	0	6968	0	8438	716	6752	494	4456	366	4926	162	256	0	4192	0	710	0	172	0	0	0	276	0	0	0	0	0	0	0	0	0	0	0	0	0	0	0	0	0	0	0	0	0	0	0	0	0	0	0	
819808	Supp_Motor_Area_R	12842	3216	35672	68912	0	0	5500	4944	0	0	4794	6012	2244	12868	108	230	684	4526	41570	0	0	0	5664	6026	0	0	0	0	6806	7864	4480	12046	8372	48908	3236	10030	1944	974	0	170	0	0	0	0	0	0	0	0	0	0	142	98	142	0	0	158	1854	482	0	0	0	0	0	132	0	0	812	3588	22388	10022	11710	18702	2406	2704	196	586	2462	6398	1576	0	240	354	0	0	174	732	0	0	284	920	0	0	0	0	0	0	0	0	0	0	0	0	0	0	0	0	0	0	0	0	0	0	0	0	0	0	
69340	Olfactory_L	0	0	0	0	1838	0	0	0	0	0	0	0	0	0	1908	0	0	0	0	0	0	5090	0	0	242	118	4622	928	3390	0	2332	1368	0	0	0	0	726	0	1844	0	2024	0	0	0	0	0	0	0	0	0	0	0	0	0	118	0	0	0	0	0	0	0	0	0	0	0	0	0	0	0	4412	2204	1068	0	0	0	0	0	0	0	0	0	438	0	0	0	0	0	0	0	0	0	0	0	0	0	0	0	0	0	0	0	0	0	0	0	0	0	0	0	0	0	0	0	0	0	
72068	Olfactory_R	0	0	0	0	240	1080	0	0	0	0	0	0	0	0	0	818	0	0	0	0	5090	0	0	98	226	326	3330	2474	0	2498	1608	944	0	0	0	0	0	128	0	184	0	960	0	0	0	0	0	0	0	0	0	0	0	0	0	78	0	0	0	0	0	0	0	0	0	0	0	0	0	0	6936	5300	2934	388	212	0	0	0	0	0	0	0	0	182	0	0	0	0	0	0	0	0	0	0	0	0	0	0	0	0	0	0	0	0	0	0	0	0	0	0	0	0	0	0	0	0	
405120	Frontal_Sup_Medial_L	530	0	46092	12922	1488	0	13252	3256	0	0	1814	0	2948	3250	146	132	94	0	10378	5664	0	0	0	23946	600	324	290	0	6598	412	21278	18136	6414	12744	0	0	0	0	0	0	0	0	0	0	0	0	0	0	0	0	0	0	0	0	0	0	0	0	0	0	0	0	0	0	0	0	0	0	0	0	2442	174	7038	106	0	0	92	0	0	0	0	0	0	0	0	0	0	0	0	0	0	0	0	0	0	0	0	0	0	0	0	0	0	0	0	0	0	0	0	0	0	0	0	0	0	0	
407516	Frontal_Sup_Medial_R	278	102	10204	39128	0	4106	2282	4086	0	290	186	1910	310	11348	0	594	0	954	2364	6026	0	98	23946	0	244	6262	0	1514	736	6578	7876	32506	1288	16442	0	0	0	0	0	0	0	0	0	0	0	0	0	0	0	0	0	0	0	0	0	0	0	0	0	0	0	0	0	0	0	0	0	0	0	0	762	11548	562	9228	0	0	0	0	0	0	0	0	0	0	0	0	0	0	0	0	0	0	0	0	0	0	0	0	0	0	0	0	0	0	0	0	0	0	0	0	0	0	0	0	0	0	
18016	Frontal_Med_Orb_L	0	0	396	0	2000	254	0	0	0	0	0	0	0	0	0	0	0	0	0	0	242	226	600	244	0	702	1320	330	0	0	1920	148	0	0	0	0	0	0	0	0	0	0	0	0	0	0	0	0	0	0	0	0	0	0	0	0	0	0	0	0	0	0	0	0	0	0	0	0	0	0	266	84	276	0	0	0	0	0	0	0	0	0	0	0	0	0	0	0	0	0	0	0	0	0	0	0	0	0	0	0	0	0	0	0	0	0	0	0	0	0	0	0	0	0	0	0	
79260	Frontal_Med_Orb_R	0	0	0	2778	0	8324	0	0	0	214	0	0	0	0	0	134	0	0	0	0	118	326	324	6262	702	0	152	7406	0	88	630	4132	0	0	0	0	0	0	0	0	0	0	0	0	0	0	0	0	0	0	0	0	0	0	0	0	0	0	0	0	0	0	0	0	0	0	0	0	0	0	104	4654	0	3282	0	0	0	0	0	0	0	0	0	0	0	0	0	0	0	0	0	0	0	0	0	0	0	0	0	0	0	0	0	0	0	0	0	0	0	0	0	0	0	0	0	0	
57292	Rectus_L	0	0	0	0	5230	0	0	0	634	0	0	0	0	0	1230	0	0	0	0	0	4622	3330	290	0	1320	152	0	852	604	0	3888	1540	0	0	0	0	0	0	0	0	384	0	0	0	0	0	0	0	0	0	0	0	0	0	0	0	0	0	0	0	0	0	0	0	0	0	0	0	0	0	2886	1168	516	0	0	0	0	0	0	0	0	0	0	0	0	0	0	0	0	0	0	0	0	0	0	0	0	0	0	0	0	0	0	0	0	0	0	0	0	0	0	0	0	0	0	0	
57688	Rectus_R	0	0	0	504	0	7882	0	0	0	252	0	0	0	0	0	892	0	0	0	0	928	2474	0	1514	330	7406	852	0	0	1014	616	1866	0	0	0	0	0	0	0	0	0	0	0	0	0	0	0	0	0	0	0	0	0	0	0	0	0	0	0	0	0	0	0	0	0	0	0	0	0	0	370	1418	0	526	0	0	0	0	0	0	0	0	0	0	0	0	0	0	0	0	0	0	0	0	0	0	0	0	0	0	0	0	0	0	0	0	0	0	0	0	0	0	0	0	0	0	
657796	Insula_L	7914	226	52116	3700	4592	0	16206	1070	1668	0	16822	120	30196	258	19698	0	22310	0	14736	6806	3390	0	6598	736	0	0	604	0	0	78	4064	2892	922	3492	102	0	12666	84	2406	0	3836	0	0	0	0	0	0	0	0	0	824	0	818	0	2108	0	8080	0	0	0	1120	0	2028	0	256	0	134	0	152	0	9640	576	24794	112	268	158	3452	206	9186	0	13510	0	2764	0	3154	0	0	0	5250	0	0	0	0	0	0	0	0	0	0	0	0	0	0	0	0	0	0	0	0	0	0	0	0	0	0	0	
373384	Insula_R	312	2082	194	14026	0	952	432	7514	0	332	0	10156	0	30658	0	3360	0	15170	80	7864	0	2498	412	6578	0	88	0	1014	78	0	340	8468	0	2132	0	0	0	6544	0	2224	0	2186	0	0	0	0	0	0	0	0	0	0	0	0	0	2978	0	2572	0	262	0	332	0	0	0	0	0	140	0	0	1504	18606	430	22614	0	266	270	2114	0	1528	0	3698	0	840	0	320	0	0	0	2524	0	0	0	0	0	0	0	0	0	0	0	0	0	0	0	0	0	0	0	0	0	0	0	0	0	0	
316820	Cingulum_Ant_L	174	0	14394	8388	2454	80	2286	2866	0	0	1792	298	2224	834	114	0	0	0	4422	4480	2332	1608	21278	7876	1920	630	3888	616	4064	340	0	28150	9204	12058	0	0	0	0	0	0	0	0	0	0	0	0	0	0	0	0	0	0	0	0	0	0	0	0	0	0	0	0	0	0	0	0	0	0	0	0	8222	1446	9330	548	0	0	94	0	0	0	0	0	0	0	0	0	0	0	0	0	0	0	0	0	0	0	0	0	0	0	0	0	0	0	0	0	0	0	0	0	0	0	0	0	0	0	
539244	Cingulum_Ant_R	466	172	11864	34992	216	2716	2050	8348	0	244	1386	2868	1214	9884	0	658	100	972	4950	12046	1368	944	18136	32506	148	4132	1540	1866	2892	8468	28150	0	7776	32524	0	0	0	0	0	0	0	0	0	0	0	0	0	0	0	0	0	0	0	0	0	0	0	0	0	0	0	0	0	0	0	0	0	0	0	0	5108	14040	3980	10898	0	0	0	0	0	0	0	0	0	0	0	0	0	0	0	0	0	0	0	0	0	0	0	0	0	0	0	0	0	0	0	0	0	0	0	0	0	0	0	0	0	0	
185240	Cingulum_Mid_L	530	0	8748	974	0	0	1726	166	0	0	110	0	536	414	156	0	0	0	9046	8372	0	0	6414	1288	0	0	0	0	922	0	9204	7776	0	18390	3434	2866	0	0	0	0	0	0	0	0	614	0	0	0	0	0	188	0	116	0	0	0	194	0	0	0	0	0	0	0	0	0	4716	634	3220	1076	360	0	296	0	0	0	0	0	0	0	0	0	0	0	134	0	0	0	0	0	0	0	0	0	0	0	0	0	0	0	0	0	0	0	0	0	0	0	0	0	0	0	0	0	0	0	
562416	Cingulum_Mid_R	3962	496	17576	20410	0	0	2640	2920	0	0	2028	1296	1134	7230	0	336	390	0	16230	48908	0	0	12744	16442	0	0	0	0	3492	2132	12058	32524	18390	0	2410	12934	92	264	0	0	0	0	0	146	0	172	0	200	0	0	0	0	0	0	0	0	0	894	0	0	0	0	0	0	0	0	1616	6156	11748	9986	7438	1344	1030	520	0	0	0	0	0	0	174	0	0	0	114	0	0	0	240	140	0	0	0	0	0	0	0	0	0	0	0	0	0	0	0	0	0	0	0	0	252	0	0	0	0	0	
122068	Cingulum_Post_L	1562	456	144	80	0	0	0	0	0	0	0	0	0	0	0	0	0	0	576	3236	0	0	0	0	0	0	0	0	102	0	0	0	3434	2410	0	11224	4462	2334	756	1230	0	0	2742	0	148	0	870	652	0	0	162	0	154	0	80	330	3276	0	0	0	0	0	0	0	0	0	6982	1232	9318	1748	0	0	0	0	0	0	0	552	0	0	0	0	0	0	0	0	0	0	0	0	0	0	0	0	0	0	0	438	0	0	0	0	0	0	0	0	0	0	0	0	344	0	0	0	0	0	
189868	Cingulum_Post_R	2372	658	116	308	0	0	0	0	0	0	0	0	0	0	0	0	0	0	0	10030	0	0	0	0	0	0	0	0	0	0	0	0	2866	12934	11224	0	3190	4646	946	1822	0	0	0	518	0	120	362	3794	0	0	0	0	0	0	0	604	0	1472	0	0	0	0	0	0	0	0	1564	11962	6938	10554	0	0	0	0	0	0	182	960	0	0	0	0	0	0	0	174	0	0	0	1348	0	0	0	0	0	0	0	788	0	0	0	0	0	0	0	0	0	0	0	0	2482	0	0	0	0	0	
240608	Hippocampus_L	2304	206	6462	1588	94	0	1010	354	0	0	868	0	94	0	716	0	1266	0	3258	1944	726	0	0	0	0	0	0	0	12666	0	0	0	0	92	4462	3190	0	3558	9932	1376	6656	0	2106	0	0	0	3626	766	0	0	192	0	138	0	7510	266	622	0	0	0	278	0	0	0	296	0	2706	294	0	0	986	0	9924	0	1782	0	4690	1674	3292	0	3234	0	822	0	1700	0	0	0	9766	0	0	0	0	0	0	0	0	522	0	0	0	0	0	0	0	0	0	0	0	0	290	0	0	0	0	0	
253240	Hippocampus_R	300	3322	0	4400	0	0	0	2264	0	0	0	920	0	474	0	0	0	1872	0	974	0	128	0	0	0	0	0	0	84	6544	0	0	0	264	2334	4646	3558	0	1110	20118	0	9102	0	406	0	0	402	3290	0	0	0	0	0	0	0	21802	0	1556	0	174	0	276	0	102	0	0	0	3290	0	412	0	0	0	13276	0	396	700	5416	122	702	0	1320	0	82	0	536	0	0	0	7536	0	0	0	0	0	136	0	1256	0	0	0	0	0	0	0	0	0	0	0	0	1018	0	0	0	0	0	
67704	ParaHippocampal_L	0	0	286	0	354	0	0	0	0	0	0	0	0	0	648	0	0	0	0	0	1844	0	0	0	0	0	0	0	2406	0	0	0	0	0	756	946	9932	1110	0	382	2586	0	0	0	0	0	1790	374	0	0	0	0	0	0	4828	0	0	0	0	0	0	0	0	0	0	0	0	120	0	0	186	0	934	0	90	0	526	662	124	0	104	0	1104	0	0	0	0	0	1424	0	0	0	0	0	0	0	76	260	0	0	0	0	0	0	0	0	0	0	0	0	0	0	0	0	0	0	
132320	ParaHippocampal_R	0	980	0	1778	0	0	0	862	0	0	0	246	0	104	0	0	0	794	0	170	0	184	0	0	0	0	0	0	0	2224	0	0	0	0	1230	1822	1376	20118	382	0	0	4734	0	146	0	0	174	2516	0	0	0	0	0	0	0	12786	0	408	0	0	0	0	0	0	0	0	0	1320	0	0	0	0	0	5814	0	332	0	1646	0	118	0	276	0	326	0	0	0	0	0	972	0	102	0	0	0	292	0	1322	0	148	0	0	0	0	0	0	0	0	0	0	458	0	0	0	0	0	
42096	Amygdala_L	0	0	0	0	708	0	0	0	0	0	0	0	0	0	1210	0	0	0	0	0	2024	0	0	0	0	0	384	0	3836	0	0	0	0	0	0	0	6656	0	2586	0	0	0	0	0	0	0	0	0	0	0	0	0	0	0	1922	0	0	0	0	0	0	0	0	0	0	0	0	0	0	0	96	0	256	0	0	0	126	0	0	0	0	0	672	0	0	0	0	0	572	0	0	0	0	0	0	0	0	0	0	0	0	0	0	0	0	0	0	0	0	0	0	0	0	0	0	0	
48436	Amygdala_R	0	0	0	0	0	0	0	0	0	0	0	0	0	0	0	0	0	0	0	0	0	960	0	0	0	0	0	0	0	2186	0	0	0	0	0	0	0	9102	0	4734	0	0	0	0	0	0	0	0	0	0	0	0	0	0	0	4360	0	0	0	0	0	0	0	0	0	0	0	0	0	0	0	0	0	2036	0	0	0	0	0	0	0	0	0	840	0	0	0	0	0	0	0	0	0	0	0	0	0	0	0	0	0	0	0	0	0	0	0	0	0	0	0	0	0	0	0	0	
134924	Calcarine_L	0	0	0	0	0	0	0	0	0	0	0	0	0	0	0	0	0	0	0	0	0	0	0	0	0	0	0	0	0	0	0	0	0	0	2742	0	2106	0	0	0	0	0	0	1428	7612	726	4862	562	5920	252	10734	0	5388	0	1666	0	3456	0	950	0	0	0	0	0	0	0	15294	460	1102	0	0	0	0	0	0	0	0	0	0	0	0	0	0	0	1846	0	0	0	356	0	0	0	0	0	0	0	0	0	0	0	0	0	0	0	0	0	0	0	0	0	0	0	0	0	0	0	
209504	Calcarine_R	0	0	0	0	0	0	0	0	0	0	0	0	0	0	0	0	0	0	0	0	0	0	0	0	0	0	0	0	0	0	0	0	0	146	0	518	0	406	0	146	0	0	1428	0	788	18670	1476	9492	0	15178	0	6202	0	5040	0	4306	0	3442	0	276	0	972	0	242	0	0	1238	21174	0	1270	0	0	0	0	0	0	0	0	0	0	0	164	0	0	0	5276	0	0	0	4756	302	120	306	164	0	0	0	0	184	338	0	0	0	0	0	0	0	0	0	0	248	340	144	0	0	0	
119284	Cuneus_L	116	0	0	0	0	0	0	0	0	0	0	0	0	0	0	0	0	0	0	0	0	0	0	0	0	0	0	0	0	0	0	0	614	0	148	0	0	0	0	0	0	0	7612	788	0	1684	524	0	15332	700	11164	0	1556	0	256	0	1126	0	950	0	166	0	0	0	0	0	14282	546	822	0	0	0	0	0	0	0	0	0	0	0	0	0	0	0	1006	0	0	0	250	0	0	0	0	0	0	0	0	0	0	0	0	0	0	0	0	0	0	0	0	0	0	0	0	0	0	0	
232176	Cuneus_R	0	0	0	0	0	0	0	0	0	0	0	0	0	0	0	0	0	0	0	0	0	0	0	0	0	0	0	0	0	0	0	0	0	172	0	120	0	0	0	0	0	0	726	18670	1684	0	958	1198	0	31014	0	11920	0	952	0	332	0	5260	0	5468	0	2968	0	1108	0	418	2750	27002	0	1082	0	0	0	0	0	0	0	0	0	0	0	0	0	0	0	1532	0	0	0	754	0	0	0	0	0	0	0	0	0	0	0	0	0	0	0	0	0	0	0	0	0	0	0	0	0	0	
220424	Lingual_L	0	0	0	0	0	0	0	0	0	0	0	0	0	0	0	0	0	0	0	0	0	0	0	0	0	0	0	0	0	0	0	0	0	0	870	362	3626	402	1790	174	0	0	4862	1476	524	958	0	1880	1466	438	7538	0	7344	0	13828	100	0	0	0	0	0	0	0	0	0	0	2758	404	0	0	0	0	0	0	0	0	236	180	0	0	0	0	0	0	206	0	0	0	1250	0	12130	1710	3116	1234	256	0	11196	642	15860	1136	212	0	202	0	0	0	0	0	0	192	3872	3484	2030	0	0	268	
255148	Lingual_R	0	0	0	0	0	0	0	0	0	0	0	0	0	0	0	0	0	0	0	0	0	0	0	0	0	0	0	0	0	0	0	0	0	200	652	3794	766	3290	374	2516	0	0	562	9492	0	1198	1880	0	0	1004	0	364	0	1542	650	12386	0	1292	0	0	0	324	0	0	0	114	0	14140	0	1104	0	0	0	0	0	0	0	224	0	0	0	0	0	0	0	1852	0	0	0	1772	6404	5768	3490	2228	262	166	346	6126	7488	9970	0	0	118	250	570	0	0	0	0	198	7284	11350	3982	82	0	0	
192672	Occipital_Sup_L	128	0	0	0	0	0	0	0	0	0	0	0	0	0	0	0	0	0	0	0	0	0	0	0	0	0	0	0	0	0	0	0	0	0	0	0	0	0	0	0	0	0	5920	0	15332	0	1466	0	0	0	29792	0	3482	0	452	0	1820	0	12268	0	3516	0	450	0	462	0	16640	0	192	0	0	0	0	0	0	0	0	0	0	0	0	0	0	0	3256	0	0	0	1160	0	0	0	0	0	0	0	0	0	0	0	0	0	0	0	0	0	0	0	0	0	0	0	0	0	0	0	
265468	Occipital_Sup_R	0	0	0	0	0	0	0	0	0	0	0	0	0	0	0	0	0	0	0	0	0	0	0	0	0	0	0	0	0	0	0	0	0	0	0	0	0	0	0	0	0	0	252	15178	700	31014	438	1004	0	0	0	21244	0	1220	0	462	0	6750	0	7448	0	7268	0	1836	0	4608	2998	23592	0	924	0	0	0	0	0	0	0	0	0	0	0	136	0	0	0	4168	0	0	0	1494	0	0	0	0	0	0	0	0	0	0	0	0	0	0	0	0	0	0	0	0	0	0	0	0	0	0	
420388	Occipital_Mid_L	3052	0	176	170	0	0	104	0	0	0	650	0	0	0	0	0	1354	0	0	142	0	0	0	0	0	0	0	0	824	0	0	0	188	0	162	0	192	0	0	0	0	0	10734	0	11164	0	7538	0	29792	0	0	0	27706	0	5666	0	10570	0	21288	0	11436	0	2214	0	7594	0	24662	0	496	0	0	0	0	0	0	0	0	0	540	0	452	0	0	0	24896	0	0	0	6432	0	0	0	0	0	0	0	0	0	0	0	0	0	0	0	0	0	0	0	0	0	0	0	0	0	0	0	
203992	Occipital_Mid_R	0	0	0	0	0	0	0	0	0	0	0	0	0	0	0	0	0	0	0	98	0	0	0	0	0	0	0	0	0	0	0	0	0	0	0	0	0	0	0	0	0	0	0	6202	0	11920	0	364	0	21244	0	0	0	2124	0	430	0	3894	0	3810	0	12690	0	1198	0	13164	312	11278	0	584	0	0	0	0	0	0	0	0	0	0	0	122	0	0	0	11134	0	0	0	1348	0	0	0	0	0	0	0	0	0	0	0	0	0	0	0	0	0	0	0	0	80	0	0	0	0	0	
182172	Occipital_Inf_L	3036	0	248	200	0	0	208	0	0	0	720	0	0	0	0	0	884	0	0	142	0	0	0	0	0	0	0	0	818	0	0	0	116	0	154	0	138	0	0	0	0	0	5388	0	1556	0	7344	0	3482	0	27706	0	0	0	11372	0	3778	0	1608	0	1428	0	908	0	656	0	5358	0	1008	0	0	0	0	0	0	0	0	0	442	0	320	0	0	0	6810	0	0	0	5258	0	0	0	0	0	0	0	0	0	0	0	0	0	0	0	0	0	0	0	0	0	0	0	0	0	0	0	
48900	Occipital_Inf_R	0	0	0	0	0	0	0	0	0	0	0	0	0	0	0	0	0	0	0	0	0	0	0	0	0	0	0	0	0	0	0	0	0	0	0	0	0	0	0	0	0	0	0	5040	0	952	0	1542	0	1220	0	2124	0	0	0	6078	0	0	0	0	0	88	0	0	0	0	0	2650	0	0	0	0	0	0	0	0	0	0	0	0	0	0	0	0	0	704	0	0	0	3706	0	0	0	0	0	0	0	0	0	126	0	0	0	0	0	0	0	0	0	0	86	134	0	0	0	0	
256148	Fusiform_L	768	0	372	0	0	0	134	0	0	0	138	0	0	0	90	0	180	0	0	0	118	0	0	0	0	0	0	0	2108	0	0	0	0	0	80	0	7510	0	4828	0	1922	0	1666	0	256	0	13828	650	452	0	5666	0	11372	0	0	0	654	0	0	0	0	0	0	0	0	0	1544	0	580	0	0	0	554	0	0	0	148	0	806	0	738	0	2392	0	2984	0	756	0	8656	0	19160	324	846	0	0	0	9004	208	22300	440	86	0	112	0	0	0	0	0	0	0	2142	1502	0	0	0	0	
355628	Fusiform_R	0	882	0	946	0	0	0	570	0	0	0	272	0	240	0	492	0	828	0	158	0	78	0	0	0	0	0	0	0	2978	0	0	0	0	330	604	266	21802	0	12786	0	4360	0	4306	0	332	100	12386	0	462	0	430	0	6078	0	0	0	504	0	0	0	88	0	0	0	0	0	3920	0	0	0	0	0	6026	0	198	0	590	0	566	0	1362	0	5342	0	752	0	624	0	13760	606	22892	318	1224	0	952	160	9846	1580	25394	0	0	0	1114	528	154	0	0	0	82	3142	3226	1178	0	0	0	
324824	Postcentral_L	27908	1148	7070	2966	0	0	1192	846	0	0	5900	0	500	0	0	0	13744	0	468	1854	0	0	0	0	0	0	0	0	8080	0	0	0	194	0	3276	0	622	0	0	0	0	0	3456	0	1126	0	0	0	1820	0	10570	0	3778	0	654	0	0	0	10790	0	17836	0	8356	0	1176	0	9172	0	4658	0	586	0	1106	0	288	0	340	0	2828	0	1244	0	0	0	5290	0	0	0	1570	0	0	0	0	0	0	0	0	0	0	0	0	0	0	0	0	0	0	0	0	0	0	0	0	0	0	0	
197336	Postcentral_R	0	12684	0	556	0	0	0	1030	0	0	0	1512	0	498	0	0	0	3274	0	482	0	0	0	0	0	0	0	0	0	2572	0	0	0	894	0	1472	0	1556	0	408	0	0	0	3442	0	5260	0	1292	0	6750	0	3894	0	0	0	504	0	0	0	6982	0	9220	0	8546	0	244	370	13420	0	4398	94	618	0	1740	0	476	0	616	0	250	0	486	0	0	0	742	0	0	0	1814	0	0	0	0	0	0	0	0	0	0	0	0	0	0	0	0	0	0	0	0	572	0	0	0	0	0	
170892	Parietal_Sup_L	520	0	0	0	0	0	0	0	0	0	0	0	0	0	0	0	120	0	0	0	0	0	0	0	0	0	0	0	0	0	0	0	0	0	0	0	0	0	0	0	0	0	950	0	950	0	0	0	12268	0	21288	0	1608	0	0	0	10790	0	0	0	11950	0	630	0	1754	0	17148	0	94	0	0	0	0	0	0	0	0	0	0	0	0	0	0	0	3822	0	0	0	1554	0	0	0	0	0	0	0	0	0	0	0	0	0	0	0	0	0	0	0	0	0	0	0	0	0	0	0	
118132	Parietal_Sup_R	0	472	0	0	0	0	0	0	0	0	0	0	0	0	0	0	0	144	0	0	0	0	0	0	0	0	0	0	0	262	0	0	0	0	0	0	0	174	0	0	0	0	0	276	0	5468	0	0	0	7448	0	3810	0	0	0	0	0	6982	0	0	0	10432	0	5874	0	3540	486	11184	0	254	0	0	0	0	0	0	0	0	0	468	0	296	0	0	0	492	0	0	0	1004	0	0	0	0	0	0	0	0	0	0	0	0	0	0	0	0	0	0	0	0	0	0	0	0	0	0	
236912	Parietal_Inf_L	2154	0	0	0	0	0	0	0	0	0	310	0	0	0	0	0	1978	0	0	0	0	0	0	0	0	0	0	0	1120	0	0	0	0	0	0	0	278	0	0	0	0	0	0	0	166	0	0	0	3516	0	11436	0	1428	0	0	0	17836	0	11950	0	0	0	15532	0	20048	0	3388	0	0	0	0	0	0	0	0	0	0	0	162	0	2154	0	0	0	14726	0	0	0	10274	0	0	0	0	0	0	0	0	0	0	0	0	0	0	0	0	0	0	0	0	0	0	0	0	0	0	0	
161800	Parietal_Inf_R	0	1870	0	0	0	0	0	0	0	0	0	0	0	0	0	0	0	156	0	0	0	0	0	0	0	0	0	0	0	332	0	0	0	0	0	0	0	276	0	0	0	0	0	972	0	2968	0	324	0	7268	0	12690	0	88	0	88	0	9220	0	10432	0	0	0	8538	0	15090	258	4864	0	488	0	0	0	0	0	0	0	0	0	688	0	490	0	0	0	2398	0	0	0	1318	0	0	0	0	0	0	0	0	0	0	0	0	0	0	0	0	0	0	0	0	84	0	0	0	0	0	
115416	SupraMarginal_L	726	0	0	0	0	0	0	0	0	0	84	0	0	0	0	0	3830	0	0	0	0	0	0	0	0	0	0	0	2028	0	0	0	0	0	0	0	0	0	0	0	0	0	0	0	0	0	0	0	450	0	2214	0	908	0	0	0	8356	0	630	0	15532	0	0	0	5448	0	680	0	0	0	0	0	0	0	0	0	0	0	130	0	4752	0	0	0	9352	0	0	0	2588	0	0	0	0	0	0	0	0	0	0	0	0	0	0	0	0	0	0	0	0	0	0	0	0	0	0	0	
110368	SupraMarginal_R	0	3512	0	0	0	0	0	0	0	0	0	0	0	0	0	0	0	1536	0	132	0	0	0	0	0	0	0	0	0	0	0	0	0	0	0	0	0	102	0	0	0	0	0	242	0	1108	0	0	0	1836	0	1198	0	0	0	0	0	8546	0	5874	0	8538	0	0	0	4924	368	3964	0	234	0	0	0	0	0	0	0	0	0	0	0	4174	0	0	0	4808	0	0	0	4088	0	0	0	0	0	0	0	0	0	0	0	0	0	0	0	0	0	0	0	0	0	0	0	0	0	0	
137644	Angular_L	156	0	0	0	0	0	0	0	0	0	0	0	0	0	0	0	794	0	0	0	0	0	0	0	0	0	0	0	256	0	0	0	0	0	0	0	296	0	0	0	0	0	0	0	0	0	0	0	462	0	7594	0	656	0	0	0	1176	0	1754	0	20048	0	5448	0	0	0	968	0	0	0	0	0	0	0	0	0	0	0	108	0	1988	0	0	0	16348	0	0	0	10770	0	0	0	0	0	0	0	0	0	0	0	0	0	0	0	0	0	0	0	0	0	0	0	0	0	0	0	
107140	Angular_R	0	0	0	0	0	0	0	0	0	0	0	0	0	0	0	0	0	0	0	0	0	0	0	0	0	0	0	0	0	0	0	0	0	0	0	0	0	0	0	0	0	0	0	0	0	418	0	114	0	4608	0	13164	0	0	0	0	0	244	0	3540	0	15090	0	4924	0	0	356	902	0	0	0	0	0	0	0	0	0	0	0	0	0	2464	0	0	0	6804	0	0	0	942	0	0	0	0	0	0	0	0	0	0	0	0	0	0	0	0	0	0	0	0	0	0	0	0	0	0	
318016	Precuneus_L	1010	0	0	172	0	0	0	0	0	0	0	0	0	0	0	0	152	0	946	812	0	0	0	0	0	0	0	0	134	0	0	0	4716	1616	6982	1564	2706	0	0	0	0	0	15294	1238	14282	2750	2758	0	16640	2998	24662	312	5358	0	1544	0	9172	370	17148	486	3388	258	680	368	968	356	0	4256	5312	392	0	0	0	0	0	0	0	0	0	0	0	0	0	0	5394	270	0	0	1266	278	0	0	0	0	0	0	0	0	0	0	0	0	0	0	0	0	0	0	0	0	0	0	0	0	0	0	
413132	Precuneus_R	606	222	0	0	0	0	0	0	0	0	0	0	0	134	0	0	0	0	0	3588	0	0	0	0	0	0	0	0	0	140	0	0	634	6156	1232	11962	294	3290	120	1320	0	0	460	21174	546	27002	404	14140	0	23592	0	11278	0	2650	0	3920	0	13420	0	11184	0	4864	0	3964	0	902	4256	0	2252	9300	0	134	0	0	0	0	0	172	0	0	0	372	0	0	0	7628	0	0	0	7486	0	0	0	0	0	0	0	778	0	0	0	0	0	0	0	0	0	0	0	0	4990	0	0	0	0	0	
213336	Paracentral_Lobule_L	13374	936	2488	5096	0	0	0	0	0	0	0	0	0	0	0	0	0	0	6968	22388	0	0	0	0	0	0	0	0	152	0	0	0	3220	11748	9318	6938	0	0	0	0	0	0	1102	0	822	0	0	0	192	0	496	0	1008	0	580	0	4658	0	94	0	0	0	0	0	0	0	5312	2252	0	4924	82	526	0	0	0	0	846	158	0	0	0	0	0	0	990	0	0	0	0	0	0	0	0	0	0	0	0	0	0	0	0	0	0	0	0	0	0	0	0	0	0	0	0	0	0	0	
131620	Paracentral_Lobule_R	1166	2264	0	0	0	0	0	0	0	0	0	0	0	0	0	0	0	0	0	10022	0	0	0	0	0	0	0	0	0	0	0	0	1076	9986	1748	10554	0	412	0	0	0	0	0	1270	0	1082	0	1104	0	924	0	584	0	0	0	0	0	4398	0	254	0	488	0	234	0	0	392	9300	4924	0	0	0	0	0	0	0	0	0	0	0	0	146	0	0	0	1630	0	0	0	1222	0	0	0	0	0	0	0	0	0	0	0	0	0	0	0	0	0	0	0	0	630	0	0	0	0	0	
386720	Caudate_L	5736	1430	18312	8660	448	0	5744	5372	0	0	4062	2248	2764	5348	0	0	666	118	8438	11710	4412	6936	2442	762	266	104	2886	370	9640	1504	8222	5108	360	7438	0	0	986	0	186	0	96	0	0	0	0	0	0	0	0	0	0	0	0	0	0	0	586	94	0	0	0	0	0	0	0	0	0	0	82	0	0	13562	24866	2140	2068	824	13780	1180	760	0	268	0	0	0	136	0	0	0	240	0	0	0	0	0	0	0	0	0	0	0	0	0	0	0	0	0	0	0	0	0	0	0	0	0	0	0	
486860	Caudate_R	874	5846	1128	35522	130	4696	432	14660	0	558	0	8956	0	18244	0	856	0	3678	716	18702	2204	5300	174	11548	84	4654	1168	1418	576	18606	1446	14040	0	1344	0	0	0	0	0	0	0	0	0	0	0	0	0	0	0	0	0	0	0	0	0	0	0	618	0	0	0	0	0	0	0	0	0	134	526	0	13562	0	5534	22398	552	1864	1250	19110	0	0	0	216	0	0	0	0	0	0	0	106	0	0	0	0	0	0	0	0	0	0	0	0	0	0	0	0	0	0	0	0	0	0	0	0	0	0	
380140	Putamen_L	1800	854	30322	4718	5044	0	644	2878	740	0	3560	254	3090	1028	5020	0	1520	0	6752	2406	1068	2934	7038	562	276	0	516	0	24794	430	9330	3980	296	1030	0	0	9924	0	934	0	256	0	0	0	0	0	0	0	0	0	0	0	0	0	554	0	1106	0	0	0	0	0	0	0	0	0	0	0	0	0	24866	5534	0	990	7872	0	10956	424	182	0	2416	0	248	0	0	0	0	0	924	0	0	0	0	0	0	0	0	0	0	0	0	0	0	0	0	0	0	0	0	0	0	0	0	0	0	0	
333800	Putamen_R	0	3650	528	15204	0	4036	0	5488	0	692	0	6392	0	5114	0	1174	0	9674	494	2704	0	388	106	9228	0	3282	0	526	112	22614	548	10898	0	520	0	0	0	13276	0	5814	0	2036	0	0	0	0	0	0	0	0	0	0	0	0	0	6026	0	1740	0	0	0	0	0	0	0	0	0	0	0	0	2140	22398	990	0	0	3854	0	1542	0	762	0	1098	0	332	0	0	0	0	0	1520	0	0	0	0	0	0	0	0	0	0	0	0	0	0	0	0	0	0	0	0	0	0	0	0	0	0	
56456	Pallidum_L	468	162	7496	158	0	0	0	0	0	0	388	0	0	0	0	0	410	0	4456	196	0	212	0	0	0	0	0	0	268	0	0	0	0	0	0	0	1782	0	90	0	0	0	0	0	0	0	0	0	0	0	0	0	0	0	0	0	288	0	0	0	0	0	0	0	0	0	0	0	0	0	2068	552	7872	0	0	0	1362	0	0	0	0	0	0	0	0	0	0	0	0	0	0	0	0	0	0	0	0	0	0	0	0	0	0	0	0	0	0	0	0	0	0	0	0	0	0	0	
29540	Pallidum_R	0	1156	390	1598	0	0	0	1348	0	0	0	192	0	154	0	0	0	612	366	586	0	0	0	0	0	0	0	0	158	266	0	0	0	0	0	0	0	396	0	332	0	0	0	0	0	0	0	0	0	0	0	0	0	0	0	198	0	476	0	0	0	0	0	0	0	0	0	0	0	0	824	1864	0	3854	0	0	0	0	0	0	0	0	0	0	0	0	0	0	0	0	0	0	0	0	0	0	0	0	0	0	0	0	0	0	0	0	0	0	0	0	0	0	0	0	0	0	
151560	Thalamus_L	4348	596	11232	2542	0	0	1346	1036	0	0	1406	0	1116	336	0	0	700	0	4926	2462	0	0	92	0	0	0	0	0	3452	270	94	0	0	0	0	182	4690	700	526	0	126	0	0	0	0	0	236	0	0	0	0	0	0	0	148	0	340	0	0	0	0	0	0	0	0	0	0	0	846	0	13780	1250	10956	0	1362	0	0	3180	688	0	266	0	0	0	0	0	0	0	550	0	0	0	0	0	0	0	0	0	0	0	0	0	0	0	0	0	0	0	0	0	0	0	0	0	0	0	
179132	Thalamus_R	692	8886	282	19778	0	0	124	8972	0	0	100	0	100	1538	0	0	0	1346	162	6398	0	0	0	0	0	0	0	0	206	2114	0	0	0	0	552	960	1674	5416	662	1646	0	0	0	0	0	0	180	224	0	0	0	0	0	0	0	590	0	616	0	0	0	0	0	0	0	0	0	172	158	0	1180	19110	424	1542	0	0	3180	0	128	0	0	120	0	0	0	0	0	0	0	220	0	0	0	0	0	0	0	0	0	0	0	0	0	0	0	0	0	0	0	0	114	0	0	0	0	0	
89872	Heschl_L	2386	132	904	1256	0	0	156	248	0	0	286	0	0	0	0	0	4622	0	256	1576	0	0	0	0	0	0	0	0	9186	0	0	0	0	0	0	0	3292	122	124	0	0	0	0	0	0	0	0	0	0	0	540	0	442	0	806	0	2828	0	0	0	162	0	130	0	108	0	0	0	0	0	760	0	182	0	0	0	688	128	0	0	4972	0	0	0	5520	0	0	0	3124	0	0	0	0	0	0	0	0	0	0	0	0	0	0	0	0	0	0	0	0	0	0	0	0	0	0	0	
23988	Heschl_R	0	0	0	0	0	0	0	0	0	0	0	106	0	0	0	0	0	1432	0	0	0	0	0	0	0	0	0	0	0	1528	0	0	0	0	0	0	0	702	0	118	0	0	0	0	0	0	0	0	0	0	0	0	0	0	0	566	0	250	0	468	0	688	0	0	0	0	0	0	0	0	0	0	0	762	0	0	0	0	0	0	0	2882	0	0	0	702	0	0	0	1790	0	0	0	0	0	0	0	0	0	0	0	0	0	0	0	0	0	0	0	0	0	0	0	0	0	0	
224632	Temporal_Sup_L	1710	0	8700	98	0	0	1746	0	0	0	6176	0	780	0	108	0	13246	0	4192	240	0	0	0	0	0	0	0	0	13510	0	0	0	0	174	0	0	3234	0	104	0	0	0	0	0	0	0	0	0	0	0	452	0	320	0	738	0	1244	0	0	0	2154	0	4752	0	1988	0	0	0	0	0	268	0	2416	0	0	0	266	0	4972	0	0	0	2578	0	23278	0	0	0	12872	0	0	0	0	0	0	0	0	0	0	0	0	0	0	0	0	0	0	0	0	0	0	0	0	0	0	0	
94952	Temporal_Sup_R	0	124	0	266	0	0	0	0	0	0	0	302	0	0	0	100	0	1968	0	354	0	0	0	0	0	0	0	0	0	3698	0	0	0	0	0	0	0	1320	0	276	0	0	0	164	0	0	0	0	0	136	0	122	0	0	0	1362	0	486	0	296	0	490	0	4174	0	2464	0	372	0	146	0	216	0	1098	0	0	0	120	0	2882	0	0	0	1304	0	12180	0	0	0	11056	0	0	0	0	0	0	0	0	0	0	0	0	0	0	0	0	0	0	0	0	0	0	0	0	0	0	
64744	Temporal_Pole_Sup_L	0	0	770	0	144	0	0	0	0	0	1540	0	792	0	1578	0	944	0	710	0	438	0	0	0	0	0	0	0	2764	0	0	0	0	0	0	0	822	0	1104	0	672	0	0	0	0	0	0	0	0	0	0	0	0	0	2392	0	0	0	0	0	0	0	0	0	0	0	0	0	0	0	0	0	248	0	0	0	0	0	0	0	2578	0	0	0	5990	0	3346	0	5540	0	0	0	0	0	0	0	0	0	0	0	0	0	0	0	0	0	0	0	0	0	0	0	0	0	0	0	
32884	Temporal_Pole_Sup_R	0	0	0	0	0	0	0	0	0	0	0	0	0	0	0	802	0	248	0	0	0	182	0	0	0	0	0	0	0	840	0	0	0	0	0	0	0	82	0	326	0	840	0	0	0	0	0	0	0	0	0	0	0	0	0	5342	0	0	0	0	0	0	0	0	0	0	0	0	0	0	0	0	0	332	0	0	0	0	0	0	0	1304	0	0	0	746	0	1240	0	4158	0	0	0	0	0	0	0	0	0	0	0	0	0	0	0	0	0	0	0	0	0	0	0	0	0	0	
375404	Temporal_Mid_L	3496	0	808	140	0	0	726	0	0	0	698	0	0	0	0	0	3960	0	172	174	0	0	0	0	0	0	0	0	3154	0	0	0	134	114	0	0	1700	0	0	0	0	0	1846	0	1006	0	206	0	3256	0	24896	0	6810	0	2984	0	5290	0	3822	0	14726	0	9352	0	16348	0	5394	0	990	0	136	0	0	0	0	0	0	0	5520	0	23278	0	5990	0	0	0	2826	0	37750	0	0	0	0	0	0	0	0	0	0	0	0	0	0	0	0	0	0	0	0	0	0	0	0	0	0	0	
184992	Temporal_Mid_R	0	1008	0	0	0	0	0	0	0	0	0	0	0	0	0	0	0	128	0	732	0	0	0	0	0	0	0	0	0	320	0	0	0	0	0	174	0	536	0	0	0	0	0	5276	0	1532	0	1852	0	4168	0	11134	0	704	0	752	0	742	0	492	0	2398	0	4808	0	6804	270	7628	0	1630	0	0	0	0	0	0	0	0	0	702	0	12180	0	746	0	0	0	114	0	24766	0	0	0	0	0	0	0	0	0	0	0	0	0	0	0	0	0	0	0	0	900	0	0	0	0	0	
19512	Temporal_Pole_Mid_L	0	0	0	0	0	0	0	0	0	0	0	0	0	0	0	0	0	0	0	0	0	0	0	0	0	0	0	0	0	0	0	0	0	0	0	0	0	0	0	0	0	0	0	0	0	0	0	0	0	0	0	0	0	0	756	0	0	0	0	0	0	0	0	0	0	0	0	0	0	0	0	0	0	0	0	0	0	0	0	0	0	0	3346	0	2826	0	0	0	2828	0	0	0	0	0	0	0	0	0	0	0	0	0	0	0	0	0	0	0	0	0	0	0	0	0	0	0	
6572	Temporal_Pole_Mid_R	0	0	0	0	0	0	0	0	0	0	0	0	0	0	0	0	0	0	0	0	0	0	0	0	0	0	0	0	0	0	0	0	0	0	0	0	0	0	0	0	0	0	0	0	0	0	0	0	0	0	0	0	0	0	0	624	0	0	0	0	0	0	0	0	0	0	0	0	0	0	0	0	0	0	0	0	0	0	0	0	0	0	0	1240	0	114	0	0	0	1308	0	0	0	0	0	0	0	0	0	0	0	0	0	0	0	0	0	0	0	0	0	0	0	0	0	0	
286108	Temporal_Inf_L	1460	0	1776	0	0	0	1022	0	0	0	426	0	0	0	0	0	2726	0	276	284	0	0	0	0	0	0	0	0	5250	0	0	0	0	240	0	0	9766	0	1424	0	572	0	356	0	250	0	1250	0	1160	0	6432	0	5258	0	8656	0	1570	0	1554	0	10274	0	2588	0	10770	0	1266	0	0	0	240	0	924	0	0	0	550	0	3124	0	12872	0	5540	0	37750	0	2828	0	0	0	1436	0	324	0	0	0	0	0	432	0	204	0	224	0	0	0	0	0	0	0	0	0	0	0	0	0	
218716	Temporal_Inf_R	0	1548	0	96	0	0	0	76	0	0	0	0	0	142	0	394	0	196	0	920	0	0	0	0	0	0	0	0	0	2524	0	0	0	140	0	1348	0	7536	0	972	0	0	0	4756	0	754	0	1772	0	1494	0	1348	0	3706	0	13760	0	1814	0	1004	0	1318	0	4088	0	942	278	7486	0	1222	0	106	0	1520	0	0	0	220	0	1790	0	11056	0	4158	0	24766	0	1308	0	0	0	1958	0	124	0	0	0	0	0	272	0	0	0	0	0	0	0	0	0	0	446	0	0	0	0	0	
474904	Cerebelum_Crus1_L	0	0	0	0	0	0	0	0	0	0	0	0	0	0	0	0	0	0	0	0	0	0	0	0	0	0	0	0	0	0	0	0	0	0	0	0	0	0	0	0	0	0	0	302	0	0	12130	6404	0	0	0	0	0	0	19160	606	0	0	0	0	0	0	0	0	0	0	0	0	0	0	0	0	0	0	0	0	0	0	0	0	0	0	0	0	0	0	0	0	1436	0	0	5206	38000	5384	662	238	24920	1038	64226	4924	7604	250	10708	892	2226	408	418	0	664	874	7380	12174	7122	1280	514	302	
514304	Cerebelum_Crus1_R	0	0	0	0	0	0	0	0	0	0	0	0	0	0	0	0	0	0	0	0	0	0	0	0	0	0	0	0	0	0	0	0	0	0	0	0	0	0	0	102	0	0	0	120	0	0	1710	5768	0	0	0	0	0	0	324	22892	0	0	0	0	0	0	0	0	0	0	0	0	0	0	0	0	0	0	0	0	0	0	0	0	0	0	0	0	0	0	0	0	0	1958	5206	0	6476	33172	140	3386	4350	24784	6394	64788	0	3696	332	17324	2906	3184	0	114	370	1780	12318	16264	13180	2086	1578	450	
414584	Cerebelum_Crus2_L	0	0	0	0	0	0	0	0	0	0	0	0	0	0	0	0	0	0	0	0	0	0	0	0	0	0	0	0	0	0	0	0	0	0	0	0	0	0	0	0	0	0	0	306	0	0	3116	3490	0	0	0	0	0	0	846	318	0	0	0	0	0	0	0	0	0	0	0	0	0	0	0	0	0	0	0	0	0	0	0	0	0	0	0	0	0	0	0	0	324	0	38000	6476	0	16944	150	230	4096	342	12006	4348	38562	5518	31362	4148	3528	826	706	0	506	676	1912	7150	15174	4854	1024	354	
402816	Cerebelum_Crus2_R	0	0	0	0	0	0	0	0	0	0	0	0	0	0	0	0	0	0	0	0	0	0	0	0	0	0	0	0	0	0	0	0	0	0	0	0	0	0	0	0	0	0	0	164	0	0	1234	2228	0	0	0	0	0	0	0	1224	0	0	0	0	0	0	0	0	0	0	0	0	0	0	0	0	0	0	0	0	0	0	0	0	0	0	0	0	0	0	0	0	0	124	5384	33172	16944	0	186	442	734	1804	2222	11092	7026	28304	4866	38652	1250	7030	0	238	736	1046	796	7480	16164	7158	3330	378	
24456	Cerebelum_3_L	0	0	0	0	0	0	0	0	0	0	0	0	0	0	0	0	0	0	0	0	0	0	0	0	0	0	0	0	0	0	0	0	0	0	0	0	0	0	0	0	0	0	0	0	0	0	256	262	0	0	0	0	0	0	0	0	0	0	0	0	0	0	0	0	0	0	0	0	0	0	0	0	0	0	0	0	0	0	0	0	0	0	0	0	0	0	0	0	0	0	662	140	150	186	0	0	5408	0	1046	120	0	0	0	286	0	342	0	0	1104	956	476	0	254	290	290	0	
55416	Cerebelum_3_R	0	0	0	0	0	0	0	0	0	0	0	0	0	0	0	0	0	0	0	0	0	0	0	0	0	0	0	0	0	0	0	0	0	0	0	0	0	136	0	292	0	0	0	0	0	0	0	166	0	0	0	0	0	0	0	952	0	0	0	0	0	0	0	0	0	0	0	0	0	0	0	0	0	0	0	0	0	0	0	0	0	0	0	0	0	0	0	0	0	0	238	3386	230	442	0	0	430	6336	240	6446	0	0	332	794	142	848	0	0	414	3520	570	0	334	736	724	0	
283108	Cerebelum_4_5_L	0	0	0	0	0	0	0	0	0	0	0	0	0	0	0	0	0	0	0	0	0	0	0	0	0	0	0	0	0	0	0	0	0	0	0	0	0	0	76	0	0	0	0	0	0	0	11196	346	0	0	0	0	0	0	9004	160	0	0	0	0	0	0	0	0	0	0	0	0	0	0	0	0	0	0	0	0	0	0	0	0	0	0	0	0	0	0	0	0	0	0	24920	4350	4096	734	5408	430	0	2504	35348	5432	550	0	1392	1248	1790	1002	0	0	2372	2812	15850	5208	1126	1410	1468	1322	
238748	Cerebelum_4_5_R	0	0	0	0	0	0	0	0	0	0	0	0	0	0	0	0	0	0	0	0	0	0	0	0	0	0	0	0	0	0	0	0	0	0	438	788	522	1256	260	1322	0	0	0	0	0	0	642	6126	0	0	0	0	0	0	208	9846	0	0	0	0	0	0	0	0	0	0	0	778	0	0	0	0	0	0	0	0	0	0	0	0	0	0	0	0	0	0	0	0	0	0	1038	24784	342	1804	0	6336	2504	0	2096	35474	0	0	0	1632	520	706	0	100	0	2604	13130	2638	290	516	444	230	
458736	Cerebelum_6_L	0	0	0	0	0	0	0	0	0	0	0	0	0	0	0	0	0	0	0	0	0	0	0	0	0	0	0	0	0	0	0	0	0	0	0	0	0	0	0	0	0	0	0	184	0	0	15860	7488	0	0	0	0	0	0	22300	1580	0	0	0	0	0	0	0	0	0	0	0	0	0	0	0	0	0	0	0	0	0	0	0	0	0	0	0	0	0	0	0	0	432	0	64226	6394	12006	2222	1046	240	35348	2096	0	8574	2072	0	2470	614	5618	398	112	0	722	984	13182	17674	3962	594	466	504	
492012	Cerebelum_6_R	0	0	0	0	0	0	0	0	0	0	0	0	0	0	0	0	0	0	0	0	0	0	0	0	0	0	0	0	0	0	0	0	0	0	0	0	0	0	0	148	0	0	0	338	0	0	1136	9970	0	0	0	0	0	126	440	25394	0	0	0	0	0	0	0	0	0	0	0	0	0	0	0	0	0	0	0	0	0	0	0	0	0	0	0	0	0	0	0	0	0	272	4924	64788	4348	11092	120	6446	5432	35474	8574	0	0	112	286	6350	3490	1702	0	114	350	2944	16214	20572	11394	1574	1066	816	
235448	Cerebelum_7b_L	0	0	0	0	0	0	0	0	0	0	0	0	0	0	0	0	0	0	0	0	0	0	0	0	0	0	0	0	0	0	0	0	0	0	0	0	0	0	0	0	0	0	0	0	0	0	212	0	0	0	0	0	0	0	86	0	0	0	0	0	0	0	0	0	0	0	0	0	0	0	0	0	0	0	0	0	0	0	0	0	0	0	0	0	0	0	0	0	204	0	7604	0	38562	7026	0	0	550	0	2072	0	0	4990	37904	3790	4292	576	896	0	0	0	0	104	3508	5008	340	0	
167848	Cerebelum_7b_R	0	0	0	0	0	0	0	0	0	0	0	0	0	0	0	0	0	0	0	0	0	0	0	0	0	0	0	0	0	0	0	0	0	0	0	0	0	0	0	0	0	0	0	0	0	0	0	0	0	0	0	0	0	0	0	0	0	0	0	0	0	0	0	0	0	0	0	0	0	0	0	0	0	0	0	0	0	0	0	0	0	0	0	0	0	0	0	0	0	0	250	3696	5518	28304	0	0	0	0	0	112	4990	0	2596	26688	86	6010	0	122	0	0	0	0	2322	3088	142	0	
285016	Cerebelum_8_L	0	0	0	0	0	0	0	0	0	0	0	0	0	0	0	0	0	0	0	0	0	0	0	0	0	0	0	0	0	0	0	0	0	0	0	0	0	0	0	0	0	0	0	0	0	0	202	118	0	0	0	0	0	0	112	0	0	0	0	0	0	0	0	0	0	0	0	0	0	0	0	0	0	0	0	0	0	0	0	0	0	0	0	0	0	0	0	0	224	0	10708	332	31362	4866	0	332	1392	0	2470	286	37904	2596	0	6668	17034	3280	3172	0	266	574	268	302	4344	9144	3936	616	
340168	Cerebelum_8_R	0	0	0	0	0	0	0	0	0	0	0	0	0	0	0	0	0	0	0	0	0	0	0	0	0	0	0	0	0	0	0	0	0	0	0	0	0	0	0	0	0	0	0	0	0	0	0	250	0	0	0	0	0	0	0	1114	0	0	0	0	0	0	0	0	0	0	0	0	0	0	0	0	0	0	0	0	0	0	0	0	0	0	0	0	0	0	0	0	0	0	892	17324	4148	38652	286	794	1248	1632	614	6350	3790	26688	6668	0	2498	24130	180	784	1326	1914	1386	1810	6786	11364	6642	814	
135200	Cerebelum_9_L	0	0	0	0	0	0	0	0	0	0	0	0	0	0	0	0	0	0	0	0	0	0	0	0	0	0	0	0	0	0	0	0	0	0	0	0	0	0	0	0	0	0	0	0	0	0	0	570	0	0	0	0	0	0	0	528	0	0	0	0	0	0	0	0	0	0	0	0	0	0	0	0	0	0	0	0	0	0	0	0	0	0	0	0	0	0	0	0	0	0	2226	2906	3528	1250	0	142	1790	520	5618	3490	4292	86	17034	2498	0	2760	5250	0	132	272	1554	4468	1346	2050	2744	546	
157184	Cerebelum_9_R	0	0	0	0	0	0	0	0	0	0	0	0	0	0	0	0	0	0	0	0	0	0	0	0	0	0	0	0	0	0	0	0	0	0	0	0	0	0	0	0	0	0	0	0	0	0	0	0	0	0	0	0	0	0	0	154	0	0	0	0	0	0	0	0	0	0	0	0	0	0	0	0	0	0	0	0	0	0	0	0	0	0	0	0	0	0	0	0	0	0	408	3184	826	7030	342	848	1002	706	398	1702	576	6010	3280	24130	2760	0	270	898	1170	1784	1004	1036	3174	6882	7032	1986	
22008	Cerebelum_10_L	0	0	0	0	0	0	0	0	0	0	0	0	0	0	0	0	0	0	0	0	0	0	0	0	0	0	0	0	0	0	0	0	0	0	0	0	0	0	0	0	0	0	0	0	0	0	0	0	0	0	0	0	0	0	0	0	0	0	0	0	0	0	0	0	0	0	0	0	0	0	0	0	0	0	0	0	0	0	0	0	0	0	0	0	0	0	0	0	0	0	418	0	706	0	0	0	0	0	112	0	896	0	3172	180	5250	270	0	0	0	0	0	0	0	0	0	0	
4740	Cerebelum_10_R	0	0	0	0	0	0	0	0	0	0	0	0	0	0	0	0	0	0	0	0	0	0	0	0	0	0	0	0	0	0	0	0	0	0	0	0	0	0	0	0	0	0	0	0	0	0	0	0	0	0	0	0	0	0	0	0	0	0	0	0	0	0	0	0	0	0	0	0	0	0	0	0	0	0	0	0	0	0	0	0	0	0	0	0	0	0	0	0	0	0	0	114	0	238	0	0	0	100	0	114	0	122	0	784	0	898	0	0	0	0	0	0	0	0	0	0	
42152	Vermis_1_2	0	0	0	0	0	0	0	0	0	0	0	0	0	0	0	0	0	0	0	0	0	0	0	0	0	0	0	0	0	0	0	0	0	0	0	0	0	0	0	0	0	0	0	0	0	0	0	0	0	0	0	0	0	0	0	0	0	0	0	0	0	0	0	0	0	0	0	0	0	0	0	0	0	0	0	0	0	0	0	0	0	0	0	0	0	0	0	0	0	0	664	370	506	736	1104	414	2372	0	722	350	0	0	266	1326	132	1170	0	0	0	4600	2320	0	1138	1436	1450	0	
74256	Vermis_3	0	0	0	0	0	0	0	0	0	0	0	0	0	0	0	0	0	0	0	0	0	0	0	0	0	0	0	0	0	0	0	0	0	0	0	0	0	0	0	0	0	0	0	0	0	0	192	198	0	0	0	0	0	0	0	82	0	0	0	0	0	0	0	0	0	0	0	0	0	0	0	0	0	0	0	0	0	0	0	0	0	0	0	0	0	0	0	0	0	0	874	1780	676	1046	956	3520	2812	2604	984	2944	0	0	574	1914	272	1784	0	0	4600	0	3968	0	1354	1996	1998	0	
277776	Vermis_4_5	0	0	0	0	0	0	0	0	0	0	0	0	0	0	0	0	0	0	0	0	0	0	0	0	0	0	0	0	0	0	0	0	0	252	344	2482	290	1018	0	458	0	0	0	248	0	0	3872	7284	0	0	0	80	0	86	2142	3142	0	572	0	0	0	84	0	0	0	0	0	4990	0	630	0	0	0	0	0	0	0	114	0	0	0	0	0	0	0	900	0	0	0	446	7380	12318	1912	796	476	570	15850	13130	13182	16214	0	0	268	1386	1554	1004	0	0	2320	3968	0	10344	1234	1708	1782	2058	
295068	Vermis_6	0	0	0	0	0	0	0	0	0	0	0	0	0	0	0	0	0	0	0	0	0	0	0	0	0	0	0	0	0	0	0	0	0	0	0	0	0	0	0	0	0	0	0	340	0	0	3484	11350	0	0	0	0	0	134	1502	3226	0	0	0	0	0	0	0	0	0	0	0	0	0	0	0	0	0	0	0	0	0	0	0	0	0	0	0	0	0	0	0	0	0	0	12174	16264	7150	7480	0	0	5208	2638	17674	20572	104	0	302	1810	4468	1036	0	0	0	0	10344	0	13524	1942	1504	3304	
255356	Vermis_7	0	0	0	0	0	0	0	0	0	0	0	0	0	0	0	0	0	0	0	0	0	0	0	0	0	0	0	0	0	0	0	0	0	0	0	0	0	0	0	0	0	0	0	144	0	0	2030	3982	0	0	0	0	0	0	0	1178	0	0	0	0	0	0	0	0	0	0	0	0	0	0	0	0	0	0	0	0	0	0	0	0	0	0	0	0	0	0	0	0	0	0	7122	13180	15174	16164	254	334	1126	290	3962	11394	3508	2322	4344	6786	1346	3174	0	0	1138	1354	1234	13524	0	7432	4054	1128	
166164	Vermis_8	0	0	0	0	0	0	0	0	0	0	0	0	0	0	0	0	0	0	0	0	0	0	0	0	0	0	0	0	0	0	0	0	0	0	0	0	0	0	0	0	0	0	0	0	0	0	0	82	0	0	0	0	0	0	0	0	0	0	0	0	0	0	0	0	0	0	0	0	0	0	0	0	0	0	0	0	0	0	0	0	0	0	0	0	0	0	0	0	0	0	1280	2086	4854	7158	290	736	1410	516	594	1574	5008	3088	9144	11364	2050	6882	0	0	1436	1996	1708	1942	7432	0	8140	2312	
