data	data	576192	380980	1.09276e+06	721556	178720	109080	497944	204188	84560	33736	412212	258196	301064	123252	185632	149528	332384	163740	890652	800856	95360	95808	351712	331116	24248	101484	39352	69668	781032	444000	319036	448060	173268	513948	169588	190708	417652	483396	182388	353668	63736	64484	374432	337724	227632	437684	483580	487176	338244	411764	631684	290600	253372	115792	785372	712952	307136	173892	196120	76408	217628	98048	136380	114728	140888	160520	486792	547280	193644	226140	279280	358804	381040	376448	63224	34680	177756	232600	79936	44588	274308	201340	164804	105208	376260	368020	55816	36088	482232	281264	535764	499652	353324	350088	78728	101588	513212	348752	657056	503952	224688	152388	317636	352696	136484	185984	15920	16996	65112	130592	394340	274808	256076	284876	196456	60548	
data	data	Precentral_L	Precentral_R	Frontal_Sup_L	Frontal_Sup_R	Frontal_Sup_Orb_L	Frontal_Sup_Orb_R	Frontal_Mid_L	Frontal_Mid_R	Frontal_Mid_Orb_L	Frontal_Mid_Orb_R	Frontal_Inf_Oper_L	Frontal_Inf_Oper_R	Frontal_Inf_Tri_L	Frontal_Inf_Tri_R	Frontal_Inf_Orb_L	Frontal_Inf_Orb_R	Rolandic_Oper_L	Rolandic_Oper_R	Supp_Motor_Area_L	Supp_Motor_Area_R	Olfactory_L	Olfactory_R	Frontal_Sup_Medial_L	Frontal_Sup_Medial_R	Frontal_Med_Orb_L	Frontal_Med_Orb_R	Rectus_L	Rectus_R	Insula_L	Insula_R	Cingulum_Ant_L	Cingulum_Ant_R	Cingulum_Mid_L	Cingulum_Mid_R	Cingulum_Post_L	Cingulum_Post_R	Hippocampus_L	Hippocampus_R	ParaHippocampal_L	ParaHippocampal_R	Amygdala_L	Amygdala_R	Calcarine_L	Calcarine_R	Cuneus_L	Cuneus_R	Lingual_L	Lingual_R	Occipital_Sup_L	Occipital_Sup_R	Occipital_Mid_L	Occipital_Mid_R	Occipital_Inf_L	Occipital_Inf_R	Fusiform_L	Fusiform_R	Postcentral_L	Postcentral_R	Parietal_Sup_L	Parietal_Sup_R	Parietal_Inf_L	Parietal_Inf_R	SupraMarginal_L	SupraMarginal_R	Angular_L	Angular_R	Precuneus_L	Precuneus_R	Paracentral_Lobule_L	Paracentral_Lobule_R	Caudate_L	Caudate_R	Putamen_L	Putamen_R	Pallidum_L	Pallidum_R	Thalamus_L	Thalamus_R	Heschl_L	Heschl_R	Temporal_Sup_L	Temporal_Sup_R	Temporal_Pole_Sup_L	Temporal_Pole_Sup_R	Temporal_Mid_L	Temporal_Mid_R	Temporal_Pole_Mid_L	Temporal_Pole_Mid_R	Temporal_Inf_L	Temporal_Inf_R	Cerebelum_Crus1_L	Cerebelum_Crus1_R	Cerebelum_Crus2_L	Cerebelum_Crus2_R	Cerebelum_3_L	Cerebelum_3_R	Cerebelum_4_5_L	Cerebelum_4_5_R	Cerebelum_6_L	Cerebelum_6_R	Cerebelum_7b_L	Cerebelum_7b_R	Cerebelum_8_L	Cerebelum_8_R	Cerebelum_9_L	Cerebelum_9_R	Cerebelum_10_L	Cerebelum_10_R	Vermis_1_2	Vermis_3	Vermis_4_5	Vermis_6	Vermis_7	Vermis_8	Vermis_9	Vermis_10	
576192	Precentral_L	0	3908	31490	612	0	0	18954	0	0	0	19914	0	1536	0	0	0	19084	0	21446	7454	0	0	192	0	0	0	0	0	19732	194	528	0	442	6464	1920	1710	9062	2020	222	1124	0	0	322	444	116	462	0	152	0	0	884	158	572	0	7874	438	32428	0	0	0	7064	0	2504	0	0	0	506	1446	18706	3648	2562	128	5556	238	4194	0	5794	1630	3454	0	5624	0	2104	0	2396	248	0	0	7388	114	556	0	0	0	0	0	218	0	160	0	0	0	0	0	0	0	0	0	0	0	0	0	0	0	0	0	
380980	Precentral_R	3908	0	1154	10010	0	0	236	4886	0	0	0	12204	0	1690	0	0	0	3412	946	18066	0	0	0	0	0	0	0	0	236	5796	218	396	0	7942	762	3642	430	10058	0	4718	0	0	0	1548	0	2136	0	1686	0	3330	0	446	0	1038	366	9240	332	16490	0	1230	0	260	0	2700	0	0	158	6286	4728	11644	1028	3508	184	6396	120	120	1914	10778	0	370	0	1382	0	0	0	2410	0	0	186	7374	0	0	0	0	0	0	0	392	0	0	0	0	0	0	0	0	0	0	0	0	0	0	0	0	0	0	
1.09276e+06	Frontal_Sup_L	31490	1154	0	12288	10074	276	66478	164	1308	0	25346	938	25730	0	6462	0	19448	0	106930	18260	362	0	34382	3106	444	200	0	0	46230	1028	12106	5464	4000	4140	320	612	10952	1598	772	1086	576	240	0	0	0	0	0	0	0	0	0	0	0	0	5656	316	9334	196	0	0	0	0	226	0	0	0	0	0	1700	454	15324	4210	25508	678	4772	124	6578	2868	1282	0	3824	0	3166	0	408	0	0	0	4742	0	284	0	0	0	0	0	496	0	270	0	0	0	0	0	0	0	0	0	0	0	0	0	0	0	0	0	
721556	Frontal_Sup_R	612	10010	12288	0	0	5416	1110	23628	0	1102	374	16146	726	9818	0	5934	0	7690	13978	64146	0	0	10358	37012	0	3568	0	482	892	23626	4582	28312	1358	17910	0	158	196	2312	0	1438	0	0	0	138	0	0	0	180	0	0	0	0	0	0	166	476	158	3144	0	0	0	0	0	0	0	0	0	0	756	564	2678	18556	312	13332	0	1748	610	11388	0	218	0	114	0	732	0	0	0	0	0	206	0	0	0	0	0	0	0	120	0	0	0	0	0	0	0	0	0	0	0	0	0	0	0	0	0	0	
178720	Frontal_Sup_Orb_L	0	0	10074	0	0	0	1310	0	13990	0	0	0	1238	0	16228	0	0	0	2546	0	1206	0	3646	536	1790	682	5028	0	8760	0	3580	178	0	0	0	0	124	0	0	0	380	0	0	0	0	0	0	0	0	0	0	0	0	0	0	0	0	0	0	0	0	0	0	0	0	0	0	0	0	0	3216	236	13722	0	0	0	248	0	0	0	0	0	642	0	0	0	0	0	0	0	0	0	0	0	0	0	0	0	0	0	0	0	0	0	0	0	0	0	0	0	0	0	0	0	0	0	
109080	Frontal_Sup_Orb_R	0	0	276	5416	0	0	0	1128	0	4220	0	156	0	284	0	5840	0	0	0	1712	1306	2706	166	2842	0	5442	242	6452	0	2424	848	1424	0	0	0	0	0	0	0	0	0	0	0	0	0	0	0	0	0	0	0	0	0	0	0	0	0	0	0	0	0	0	0	0	0	0	0	0	0	0	1472	3606	860	5718	0	0	0	0	0	0	0	0	0	0	0	0	0	0	0	0	0	0	0	0	0	0	0	0	0	0	0	0	0	0	0	0	0	0	0	0	0	0	0	0	0	0	
497944	Frontal_Mid_L	18954	236	66478	1110	1310	0	0	0	1284	0	15996	452	29874	0	5342	0	8106	0	20834	530	0	0	14070	850	0	0	0	0	21870	512	4600	1068	382	556	198	468	5910	592	430	240	0	0	0	0	0	0	0	0	0	0	0	0	0	0	4002	0	1470	0	0	0	534	0	0	0	0	0	0	0	0	0	3064	970	5588	122	164	0	1932	636	1858	0	1680	0	976	0	402	0	0	0	2908	0	286	0	0	0	0	0	0	0	128	0	0	0	0	0	0	0	0	0	0	0	0	0	0	0	0	0	
204188	Frontal_Mid_R	0	4886	164	23628	0	1128	0	0	0	1626	0	15428	0	12032	0	4474	0	2930	378	5082	0	0	692	2600	0	0	0	0	0	9442	578	2488	0	3166	0	132	132	1936	0	1140	0	0	0	0	0	0	0	0	0	0	0	0	0	0	108	460	0	1450	0	0	0	0	0	0	0	0	0	0	0	0	0	232	0	2932	0	284	342	1376	0	0	0	188	0	366	0	0	0	0	0	156	0	0	0	0	0	0	0	138	0	0	0	0	0	0	0	0	0	0	0	0	0	0	0	0	0	0	
84560	Frontal_Mid_Orb_L	0	0	1308	0	13990	0	1284	0	0	0	0	0	850	0	13262	0	0	0	166	0	212	0	190	0	0	0	2046	0	2976	0	384	0	0	0	0	0	0	0	0	0	182	0	0	0	0	0	0	0	0	0	0	0	0	0	0	0	0	0	0	0	0	0	0	0	0	0	0	0	0	0	564	0	4572	0	0	0	0	0	0	0	0	0	294	0	0	0	0	0	0	0	0	0	0	0	0	0	0	0	0	0	0	0	0	0	0	0	0	0	0	0	0	0	0	0	0	0	
33736	Frontal_Mid_Orb_R	0	0	0	1102	0	4220	0	1626	0	0	0	0	0	412	0	6794	0	0	0	342	0	0	0	390	0	0	0	118	0	584	0	0	0	0	0	0	0	0	0	0	0	0	0	0	0	0	0	0	0	0	0	0	0	0	0	0	0	0	0	0	0	0	0	0	0	0	0	0	0	0	0	150	0	1130	0	0	0	0	0	0	0	0	0	0	0	0	0	0	0	0	0	0	0	0	0	0	0	0	0	0	0	0	0	0	0	0	0	0	0	0	0	0	0	0	0	0	
412212	Frontal_Inf_Oper_L	19914	0	25346	374	0	0	15996	0	0	0	0	164	23018	0	1292	0	19312	0	20304	398	0	0	946	0	0	0	0	0	39994	156	3070	306	0	0	0	0	2316	0	0	0	0	0	0	0	0	0	0	0	0	0	0	0	0	0	2518	0	8970	0	0	0	840	0	832	0	0	0	0	0	0	0	2028	562	1824	0	0	0	266	0	1102	0	5480	0	6302	0	328	0	0	0	2002	0	0	0	0	0	0	0	146	0	0	0	0	0	0	0	0	0	0	0	0	0	0	0	0	0	0	0	
258196	Frontal_Inf_Oper_R	0	12204	938	16146	0	156	452	15428	0	0	164	0	214	9850	0	2034	0	3720	1036	10588	0	0	568	882	0	0	0	0	882	29174	884	2904	0	3150	0	222	0	2484	0	1098	0	0	0	0	0	0	0	0	0	0	0	0	0	0	0	940	0	1778	0	0	0	0	0	0	0	0	0	0	0	0	198	740	0	7030	0	284	230	526	0	112	0	324	0	1328	0	0	0	0	0	314	0	0	0	0	0	0	0	116	0	0	0	0	0	0	0	0	0	0	0	0	0	0	0	0	0	0	
301064	Frontal_Inf_Tri_L	1536	0	25730	726	1238	0	29874	0	850	0	23018	214	0	0	11548	0	896	0	12922	718	0	0	2368	0	0	0	0	0	27538	208	2910	356	0	0	0	0	1258	0	0	0	0	0	0	0	0	0	0	0	0	0	0	0	0	0	1012	0	166	0	0	0	0	0	0	0	0	0	0	0	0	0	1796	576	878	0	0	0	0	0	0	0	398	0	628	0	0	0	0	0	1012	0	0	0	0	0	0	0	158	0	0	0	0	0	0	0	0	0	0	0	0	0	0	0	0	0	0	0	
123252	Frontal_Inf_Tri_R	0	1690	0	9818	0	284	0	12032	0	412	0	9850	0	0	0	6930	0	664	182	1128	0	0	198	1436	0	0	0	0	0	12042	0	676	0	958	0	0	0	332	0	222	0	0	0	0	0	0	0	0	0	0	0	0	0	0	0	132	0	124	0	0	0	0	0	0	0	0	0	0	0	0	0	0	0	2392	0	0	0	0	0	0	0	124	0	0	0	0	0	0	0	0	0	0	0	0	0	0	0	0	0	0	0	0	0	0	0	0	0	0	0	0	0	0	0	0	0	0	
185632	Frontal_Inf_Orb_L	0	0	6462	0	16228	0	5342	0	13262	0	1292	0	11548	0	0	0	0	0	2280	0	3068	0	392	0	0	0	1360	0	15754	0	404	0	0	0	0	0	1150	0	940	0	1604	0	0	0	0	0	0	0	0	0	0	0	0	0	314	0	0	0	0	0	0	0	0	0	0	0	0	0	0	0	864	0	7470	0	0	0	0	0	0	0	0	0	2914	0	0	0	168	0	0	0	0	0	0	0	0	0	0	0	0	0	0	0	0	0	0	0	0	0	0	0	0	0	0	0	0	0	
149528	Frontal_Inf_Orb_R	0	0	0	5934	0	5840	0	4474	0	6794	0	2034	0	6930	0	0	0	1058	172	1504	778	2838	126	1446	0	554	178	2238	0	14938	378	582	0	622	0	0	0	418	0	216	0	304	0	0	0	0	0	0	0	0	0	0	0	0	0	0	0	0	0	0	0	0	0	0	0	0	0	0	0	0	802	1584	562	5504	0	0	0	180	0	126	0	732	0	4406	0	340	0	172	0	0	0	0	0	0	0	0	0	0	0	0	0	0	0	0	0	0	0	0	0	0	0	0	0	0	0	0	
332384	Rolandic_Oper_L	19084	0	19448	0	0	0	8106	0	0	0	19312	0	896	0	0	0	0	0	15720	0	0	0	0	0	0	0	0	0	30398	0	154	0	0	0	0	0	1236	0	0	0	0	0	0	0	0	0	0	0	0	0	0	0	0	0	1378	0	12606	0	0	0	2466	0	3954	0	372	0	0	0	966	0	416	0	1320	0	196	0	418	0	4446	0	13920	0	5760	0	2010	0	0	0	1610	0	0	0	0	0	0	0	0	0	0	0	0	0	0	0	0	0	0	0	0	0	0	0	0	0	0	0	
163740	Rolandic_Oper_R	0	3412	0	7690	0	0	0	2930	0	0	0	3720	0	664	0	1058	0	0	0	5008	0	0	0	0	0	0	0	0	0	14258	0	0	0	0	0	0	0	1968	0	546	0	0	0	0	0	240	0	0	0	332	0	152	0	0	0	552	0	6600	0	0	0	506	0	5074	0	842	0	402	0	0	0	130	0	2924	0	0	0	298	0	4822	0	11170	0	1106	0	3998	0	0	0	1468	0	0	0	0	0	0	0	0	0	0	0	0	0	0	0	0	0	0	0	0	0	0	0	0	0	0	
890652	Supp_Motor_Area_L	21446	946	106930	13978	2546	0	20834	378	166	0	20304	1036	12922	182	2280	172	15720	0	0	42524	0	0	11420	2114	0	0	0	0	36754	920	8120	7692	10494	20476	1340	0	5322	404	390	296	578	0	0	0	0	0	0	0	0	0	0	0	0	0	2158	146	6468	168	0	0	0	0	0	0	0	0	126	0	8326	914	11618	2802	20792	644	4830	132	6280	2106	900	0	3184	0	3064	0	114	0	0	0	1658	0	0	0	0	0	0	0	212	0	0	0	0	0	0	0	0	0	0	0	0	0	0	0	0	0	0	0	
800856	Supp_Motor_Area_R	7454	18066	18260	64146	0	1712	530	5082	0	342	398	10588	718	1128	0	1504	0	5008	42524	0	0	0	3926	11226	0	1072	0	0	840	12502	4284	21166	5642	50526	774	3590	166	1386	0	892	0	108	0	1418	0	1962	0	1518	0	2844	0	932	0	484	0	2204	178	3536	0	1200	0	0	0	130	0	0	262	6706	8462	21132	2816	22762	958	7910	246	2844	198	9668	0	132	0	218	0	642	0	2002	0	0	0	1504	0	0	0	0	0	0	0	0	0	0	0	0	0	0	0	0	0	0	0	0	0	0	0	0	0	0	
95360	Olfactory_L	0	0	362	0	1206	1306	0	0	212	0	0	0	0	0	3068	778	0	0	0	0	0	5320	0	0	0	272	1002	2064	2778	208	3504	2010	0	0	0	0	898	0	1348	0	2074	0	0	0	0	0	0	0	0	0	0	0	0	0	362	0	0	0	0	0	0	0	0	0	0	0	0	0	0	0	7118	3884	4222	500	870	0	0	0	0	0	0	0	2028	0	0	0	286	0	0	0	0	0	0	0	0	0	0	0	0	0	0	0	0	0	0	0	0	0	0	0	0	0	0	0	0	0	
95808	Olfactory_R	0	0	0	0	0	2706	0	0	0	0	0	0	0	0	0	2838	0	0	0	0	5320	0	0	0	0	620	384	4184	0	3618	2728	1968	0	0	0	0	0	462	0	432	0	1128	0	0	0	0	0	0	0	0	0	0	0	0	0	114	0	0	0	0	0	0	0	0	0	0	0	0	0	0	6826	6406	4100	2248	1278	420	0	0	0	0	0	0	0	124	0	0	0	0	0	0	0	0	0	0	0	0	0	0	0	0	0	0	0	0	0	0	0	0	0	0	0	0	0	0	0	0	
351712	Frontal_Sup_Medial_L	192	0	34382	10358	3646	166	14070	692	190	0	946	568	2368	198	392	126	0	0	11420	3926	0	0	0	17400	1346	1426	426	0	2120	520	23230	16770	4416	13244	0	0	0	180	0	168	0	0	0	0	0	0	0	0	0	0	0	0	0	0	0	130	0	0	0	0	0	0	0	0	0	0	0	0	0	0	3838	2150	3672	984	0	0	0	196	0	0	0	0	0	0	0	0	0	0	0	0	0	0	0	0	0	0	0	0	0	0	0	0	0	0	0	0	0	0	0	0	0	0	0	0	0	0	
331116	Frontal_Sup_Medial_R	0	0	3106	37012	536	2842	850	2600	0	390	0	882	0	1436	0	1446	0	0	2114	11226	0	0	17400	0	1066	7084	170	682	182	2738	5618	27900	1604	14966	0	0	0	154	0	158	0	0	0	0	0	0	0	0	0	0	0	0	0	0	0	0	0	0	0	0	0	0	0	0	0	0	0	0	0	0	1064	11868	112	8178	0	0	0	174	0	0	0	0	0	0	0	0	0	0	0	0	0	0	0	0	0	0	0	0	0	0	0	0	0	0	0	0	0	0	0	0	0	0	0	0	0	0	
24248	Frontal_Med_Orb_L	0	0	444	0	1790	0	0	0	0	0	0	0	0	0	0	0	0	0	0	0	0	0	1346	1066	0	2038	1370	118	0	0	3158	160	0	0	0	0	0	0	0	0	0	0	0	0	0	0	0	0	0	0	0	0	0	0	0	0	0	0	0	0	0	0	0	0	0	0	0	0	0	0	270	0	364	0	0	0	0	0	0	0	0	0	0	0	0	0	0	0	0	0	0	0	0	0	0	0	0	0	0	0	0	0	0	0	0	0	0	0	0	0	0	0	0	0	0	0	
101484	Frontal_Med_Orb_R	0	0	200	3568	682	5442	0	0	0	0	0	0	0	0	0	554	0	0	0	1072	272	620	1426	7084	2038	0	344	4578	0	158	3830	5450	0	136	0	0	0	0	0	0	0	0	0	0	0	0	0	0	0	0	0	0	0	0	0	0	0	0	0	0	0	0	0	0	0	0	0	0	0	0	336	6674	306	5972	0	0	0	0	0	0	0	0	0	0	0	0	0	0	0	0	0	0	0	0	0	0	0	0	0	0	0	0	0	0	0	0	0	0	0	0	0	0	0	0	0	0	
39352	Rectus_L	0	0	0	0	5028	242	0	0	2046	0	0	0	0	0	1360	178	0	0	0	0	1002	384	426	170	1370	344	0	352	540	0	2580	216	0	0	0	0	0	0	0	0	0	0	0	0	0	0	0	0	0	0	0	0	0	0	0	0	0	0	0	0	0	0	0	0	0	0	0	0	0	0	1746	0	1692	0	0	0	0	0	0	0	0	0	0	0	0	0	0	0	0	0	0	0	0	0	0	0	0	0	0	0	0	0	0	0	0	0	0	0	0	0	0	0	0	0	0	0	
69668	Rectus_R	0	0	0	482	0	6452	0	0	0	118	0	0	0	0	0	2238	0	0	0	0	2064	4184	0	682	118	4578	352	0	0	1402	1300	2036	0	0	0	0	0	0	0	0	0	0	0	0	0	0	0	0	0	0	0	0	0	0	0	0	0	0	0	0	0	0	0	0	0	0	0	0	0	0	2098	2984	1468	2078	200	0	0	0	0	0	0	0	0	0	0	0	0	0	0	0	0	0	0	0	0	0	0	0	0	0	0	0	0	0	0	0	0	0	0	0	0	0	0	0	0	0	
781032	Insula_L	19732	236	46230	892	8760	0	21870	0	2976	0	39994	882	27538	0	15754	0	30398	0	36754	840	2778	0	2120	182	0	0	540	0	0	876	3160	654	0	206	0	0	15920	0	1160	0	2886	0	132	0	0	0	0	0	0	0	246	0	0	0	15316	0	7822	0	0	0	2154	0	1210	0	0	0	140	0	622	0	4916	1032	18986	0	314	0	1012	0	7164	0	13414	0	9852	0	5754	0	470	0	15338	0	322	0	0	0	0	0	736	0	226	0	0	0	0	0	0	0	0	0	0	0	0	0	0	0	0	0	
444000	Insula_R	194	5796	1028	23626	0	2424	512	9442	0	584	156	29174	208	12042	0	14938	0	14258	920	12502	208	3618	520	2738	0	158	0	1402	876	0	344	1966	0	3000	218	386	0	9530	0	3652	0	1196	0	368	0	256	0	192	0	210	0	0	0	322	0	4528	0	1308	0	0	0	168	0	786	0	0	0	460	0	0	466	1972	184	23880	0	236	432	1826	0	4482	0	9824	0	5050	0	4560	0	0	0	2544	0	0	0	0	0	0	0	330	0	0	0	0	0	0	0	0	0	0	0	0	0	0	0	0	0	0	
319036	Cingulum_Ant_L	528	218	12106	4582	3580	848	4600	578	384	0	3070	884	2910	0	404	378	154	0	8120	4284	3504	2728	23230	5618	3158	3830	2580	1300	3160	344	0	22260	7080	5932	910	0	0	0	0	0	0	0	0	0	0	0	0	0	0	0	0	0	0	0	140	0	224	122	0	0	0	0	0	0	0	0	182	0	328	0	9110	7036	6416	2078	300	0	0	320	0	0	0	0	0	0	0	0	0	0	0	0	0	0	0	0	0	0	0	0	0	0	0	0	0	0	0	0	0	0	0	0	0	0	0	0	0	0	
448060	Cingulum_Ant_R	0	396	5464	28312	178	1424	1068	2488	0	0	306	2904	356	676	0	582	0	0	7692	21166	2010	1968	16770	27900	160	5450	216	2036	654	1966	22260	0	5328	27706	0	0	0	342	0	308	0	0	0	0	0	0	0	0	0	0	0	0	0	0	0	164	0	190	0	0	0	0	0	0	0	0	0	0	0	0	3918	20738	1354	8184	178	0	0	1088	0	0	0	0	0	130	0	0	0	0	0	0	0	0	0	0	0	0	0	0	0	0	0	0	0	0	0	0	0	0	0	0	0	0	0	0	0	0	
173268	Cingulum_Mid_L	442	0	4000	1358	0	0	382	0	0	0	0	0	0	0	0	0	0	0	10494	5642	0	0	4416	1604	0	0	0	0	0	0	7080	5328	0	14600	7808	1264	0	182	0	148	0	0	516	0	872	208	226	0	1396	0	2226	0	280	0	326	152	278	0	1234	0	0	0	0	0	218	0	6598	1320	4828	376	0	0	0	204	0	0	0	0	0	0	0	0	0	0	512	116	0	0	0	0	0	0	0	0	0	0	0	0	0	0	0	0	0	0	0	0	0	0	0	0	0	0	0	0	0	0	
513948	Cingulum_Mid_R	6464	7942	4140	17910	0	0	556	3166	0	0	0	3150	0	958	0	622	0	0	20476	50526	0	0	13244	14966	0	136	0	0	206	3000	5932	27706	14600	0	1764	5964	0	546	0	466	0	114	108	2160	210	2564	0	1278	354	2218	250	1082	128	214	0	1028	0	1892	0	914	0	0	0	0	0	0	1932	10608	6644	13886	288	816	180	1100	0	0	0	126	0	0	0	0	0	208	138	1720	0	0	0	374	0	0	0	0	0	0	0	0	0	0	0	0	0	0	0	0	0	0	0	0	0	0	0	0	0	0	
169588	Cingulum_Post_L	1920	762	320	0	0	0	198	0	0	0	0	0	0	0	0	0	0	0	1340	774	0	0	0	0	0	0	0	0	0	218	910	0	7808	1764	0	11132	6074	5012	3232	1850	0	0	3540	0	1472	0	2854	646	328	0	1598	0	610	0	3124	1254	322	0	320	0	0	0	0	0	0	0	8282	2244	5634	494	0	0	0	166	0	0	2820	1850	0	0	0	0	0	0	1238	0	0	0	1064	220	0	0	0	0	0	0	164	220	570	0	0	0	0	0	0	0	0	0	0	0	446	0	0	0	0	0	
190708	Cingulum_Post_R	1710	3642	612	158	0	0	468	132	0	0	0	222	0	0	0	0	0	0	0	3590	0	0	0	0	0	0	0	0	0	386	0	0	1264	5964	11132	0	4522	9976	1620	3800	0	0	0	2236	0	282	114	4368	0	0	0	118	0	1444	1820	5018	0	304	0	0	0	0	0	0	0	0	1878	10088	690	3374	0	0	0	274	0	0	5484	4610	0	0	0	0	0	0	0	198	0	0	0	1808	0	0	0	0	0	0	246	460	346	0	0	0	0	0	0	0	0	0	0	0	996	0	0	0	0	0	
417652	Hippocampus_L	9062	430	10952	196	124	0	5910	132	0	0	2316	0	1258	0	1150	0	1236	0	5322	166	898	0	0	0	0	0	0	0	15920	0	0	0	0	0	6074	4522	0	5286	18768	2568	8534	0	1924	0	0	0	3836	1394	0	0	182	0	0	0	32216	554	1144	0	0	0	134	0	0	0	0	0	3458	872	1264	0	430	112	12450	352	414	0	5734	3084	1660	0	2500	0	2636	0	1818	0	1466	0	20034	0	1500	0	118	0	0	150	2638	284	2866	0	0	0	0	0	0	0	0	0	0	430	348	0	0	0	0	0	
483396	Hippocampus_R	2020	10058	1598	2312	0	0	592	1936	0	0	0	2484	0	332	0	418	0	1968	404	1386	0	462	180	154	0	0	0	0	0	9530	0	342	182	546	5012	9976	5286	0	1782	47408	0	7508	0	406	0	0	146	3978	0	0	0	0	0	274	2794	40358	0	878	0	0	0	0	0	436	0	0	210	3562	126	292	642	578	0	17710	0	1716	7622	12942	0	696	0	3556	0	2278	0	5788	0	212	320	12068	0	224	0	0	0	286	648	5212	714	724	0	0	0	0	0	0	0	0	0	0	426	0	0	0	0	0	
182388	ParaHippocampal_L	222	0	772	0	0	0	430	0	0	0	0	0	0	0	940	0	0	0	390	0	1348	0	0	0	0	0	0	0	1160	0	0	0	0	0	3232	1620	18768	1782	0	908	4574	0	1884	0	0	0	7416	726	0	0	372	0	470	0	16646	216	0	0	0	0	0	0	0	0	0	0	3486	652	0	0	180	0	1634	160	0	0	1748	996	0	0	196	0	1966	0	174	0	2164	0	4080	0	1218	0	280	0	1524	0	3390	0	2546	0	0	0	188	0	0	0	0	0	0	460	276	0	0	0	0	0	
353668	ParaHippocampal_R	1124	4718	1086	1438	0	0	240	1140	0	0	0	1098	0	222	0	216	0	546	296	892	0	432	168	158	0	0	0	0	0	3652	0	308	148	466	1850	3800	2568	47408	908	0	0	9182	0	404	0	0	0	4428	0	0	0	0	0	148	1548	33990	0	254	0	0	0	0	0	0	0	0	114	1494	0	164	468	508	0	11180	0	1430	3928	8126	0	168	0	1294	0	4780	0	3372	0	1500	248	5134	0	188	0	0	0	400	458	5650	490	640	0	0	0	0	0	0	0	0	0	0	264	0	0	0	0	0	
63736	Amygdala_L	0	0	576	0	380	0	0	0	182	0	0	0	0	0	1604	0	0	0	578	0	2074	0	0	0	0	0	0	0	2886	0	0	0	0	0	0	0	8534	0	4574	0	0	0	0	0	0	0	0	0	0	0	0	0	0	0	3120	0	0	0	0	0	0	0	0	0	0	0	0	0	0	0	0	0	1360	0	0	0	0	0	0	0	504	0	2632	0	0	0	1332	0	1532	0	0	0	0	0	0	0	0	0	0	0	0	0	0	0	0	0	0	0	0	0	0	0	0	0	0	0	
64484	Amygdala_R	0	0	240	0	0	0	0	0	0	0	0	0	0	0	0	304	0	0	0	108	0	1128	0	0	0	0	0	0	0	1196	0	0	0	114	0	0	0	7508	0	9182	0	0	0	0	0	0	0	0	0	0	0	0	0	0	0	5566	0	0	0	0	0	0	0	0	0	0	0	0	0	0	260	0	0	1690	0	0	0	0	0	0	0	0	0	3834	0	184	0	674	0	254	0	0	0	0	0	0	0	0	0	0	0	0	0	0	0	0	0	0	0	0	0	0	0	0	0	0	
374432	Calcarine_L	322	0	0	0	0	0	0	0	0	0	0	0	0	0	0	0	0	0	0	0	0	0	0	0	0	0	0	0	132	0	0	0	516	108	3540	0	1924	0	1884	0	0	0	0	8434	21112	6222	25548	4690	16156	2384	35094	786	12396	176	7318	682	188	0	134	0	0	0	0	0	406	0	20348	1904	480	0	0	0	0	0	0	0	0	0	0	0	0	0	0	0	4632	178	0	0	3326	0	248	186	0	0	0	0	1184	388	1812	308	0	0	0	0	0	0	0	0	0	0	1536	534	0	0	0	0	
337724	Calcarine_R	444	1548	0	138	0	0	0	0	0	0	0	0	0	0	0	0	0	0	0	1418	0	0	0	0	0	0	0	0	0	368	0	0	0	2160	0	2236	0	406	0	404	0	0	8434	0	4534	27000	1448	23646	376	18110	286	12542	140	5082	0	8258	0	2642	0	880	0	130	0	0	0	388	1968	27254	456	4746	0	0	0	0	0	0	0	0	0	0	0	114	0	0	0	5680	0	0	0	2518	0	232	0	0	0	0	0	204	0	232	0	0	0	0	0	0	0	0	0	0	2248	192	0	0	0	0	
227632	Cuneus_L	116	0	0	0	0	0	0	0	0	0	0	0	0	0	0	0	0	0	0	0	0	0	0	0	0	0	0	0	0	0	0	0	872	210	1472	0	0	0	0	0	0	0	21112	4534	0	10958	3696	580	19622	5954	16096	326	2768	0	590	114	110	0	584	214	0	0	0	0	750	0	14474	2924	298	0	0	0	0	0	0	0	0	0	0	0	0	0	0	0	3426	0	0	0	2016	0	0	0	0	0	0	0	0	0	0	0	0	0	0	0	0	0	0	0	0	0	0	0	0	0	0	0	
437684	Cuneus_R	462	2136	0	0	0	0	0	0	0	0	0	0	0	0	0	0	0	240	0	1962	0	0	0	0	0	0	0	0	0	256	0	0	208	2564	0	282	0	0	0	0	0	0	6222	27000	10958	0	480	6628	1652	48184	846	17800	0	1846	0	2658	0	2516	112	4060	0	2504	0	312	0	4408	8922	41874	474	5510	0	0	0	0	0	0	0	0	0	0	0	532	0	0	0	11622	0	0	0	3250	0	0	0	0	0	0	0	0	0	0	0	0	0	0	0	0	0	0	0	0	362	0	0	0	0	0	
483580	Lingual_L	0	0	0	0	0	0	0	0	0	0	0	0	0	0	0	0	0	0	0	0	0	0	0	0	0	0	0	0	0	0	0	0	226	0	2854	114	3836	146	7416	0	0	0	25548	1448	3696	480	0	8278	7436	226	23978	166	12884	424	31294	3348	130	0	0	0	0	0	0	0	0	0	9200	420	274	0	0	0	0	0	0	0	118	0	0	0	0	0	0	0	1578	0	0	0	1942	0	12500	2252	1088	488	790	0	22884	3532	26658	3566	346	0	666	150	252	304	0	0	0	116	9808	6718	666	146	500	900	
487176	Lingual_R	152	1686	0	180	0	0	0	0	0	0	0	0	0	0	0	0	0	0	0	1518	0	0	0	0	0	0	0	0	0	192	0	0	0	1278	646	4368	1394	3978	726	4428	0	0	4690	23646	580	6628	8278	0	184	5700	1124	3356	1356	6580	4310	33642	0	766	0	0	0	0	0	0	0	114	764	16892	0	1728	0	0	0	152	0	0	408	740	0	0	0	142	0	0	0	918	0	0	0	1160	2642	12834	1710	2310	0	766	5766	13956	9420	17340	0	0	0	624	0	294	0	0	184	260	14054	12376	3648	548	452	0	
338244	Occipital_Sup_L	0	0	0	0	0	0	0	0	0	0	0	0	0	0	0	0	0	0	0	0	0	0	0	0	0	0	0	0	0	0	0	0	1396	354	328	0	0	0	0	0	0	0	16156	376	19622	1652	7436	184	0	818	42842	0	5372	0	1156	0	5202	0	21158	0	6794	0	0	0	3130	0	29418	792	324	0	0	0	0	0	0	0	0	0	0	0	0	0	0	0	3584	0	0	0	1028	0	0	0	0	0	0	0	0	0	0	0	0	0	0	0	0	0	0	0	0	0	0	0	0	0	0	0	
411764	Occipital_Sup_R	0	3330	0	0	0	0	0	0	0	0	0	0	0	0	0	0	0	332	0	2844	0	0	0	0	0	0	0	0	0	210	0	0	0	2218	0	0	0	0	0	0	0	0	2384	18110	5954	48184	226	5700	818	0	432	29316	0	1398	0	2396	0	3184	0	8908	0	5838	0	472	0	8952	5616	31126	0	4840	0	0	0	0	0	0	0	0	0	0	0	608	0	0	0	9708	0	0	0	2550	0	0	0	0	0	0	0	0	0	0	0	0	0	0	0	0	0	0	0	0	228	0	0	0	0	0	
631684	Occipital_Mid_L	884	0	0	0	0	0	0	0	0	0	0	0	0	0	0	0	0	0	0	0	0	0	0	0	0	0	0	0	246	0	0	0	2226	250	1598	0	182	0	372	0	0	0	35094	286	16096	846	23978	1124	42842	432	0	0	34230	0	15178	354	3364	0	21284	0	12964	0	624	0	17740	0	32734	638	1176	0	0	0	0	0	0	0	0	0	0	0	294	0	0	0	27964	0	0	0	10962	0	948	230	126	0	0	0	1764	494	3372	354	0	0	0	0	0	0	0	0	0	0	1738	854	0	0	0	0	
290600	Occipital_Mid_R	158	446	0	0	0	0	0	0	0	0	0	0	0	0	0	0	0	152	0	932	0	0	0	0	0	0	0	0	0	0	0	0	0	1082	0	118	0	0	0	0	0	0	786	12542	326	17800	166	3356	0	29316	0	0	0	4402	0	2068	0	1484	0	3600	0	5378	0	664	0	17370	3068	14380	166	2384	0	0	0	0	0	0	0	0	0	0	0	1740	0	0	0	18822	0	0	0	2594	0	0	0	0	0	0	0	0	0	0	0	0	0	0	0	0	0	0	0	0	0	0	0	0	0	0	
253372	Occipital_Inf_L	572	0	0	0	0	0	0	0	0	0	0	0	0	0	0	0	0	0	0	0	0	0	0	0	0	0	0	0	0	0	0	0	280	128	610	0	0	0	470	0	0	0	12396	140	2768	0	12884	1356	5372	0	34230	0	0	0	14642	488	150	0	446	0	0	0	0	0	0	0	5026	146	518	0	0	0	0	0	0	0	0	0	170	0	278	0	0	0	9538	0	0	0	11962	0	1820	272	226	0	0	0	1734	548	4472	438	0	0	0	0	0	0	0	0	0	0	1538	1068	0	0	0	0	
115792	Occipital_Inf_R	0	1038	0	0	0	0	0	0	0	0	0	0	0	0	0	0	0	0	0	484	0	0	0	0	0	0	0	0	0	322	0	0	0	214	0	1444	0	274	0	148	0	0	176	5082	0	1846	424	6580	0	1398	0	4402	0	0	0	12596	0	212	0	0	0	0	0	0	0	138	0	4290	0	316	0	0	0	0	0	0	0	0	0	0	0	0	0	0	0	2092	0	0	0	6240	164	610	0	370	0	386	476	1720	390	1242	0	0	0	408	0	0	0	0	0	0	1672	428	170	144	0	0	
785372	Fusiform_L	7874	366	5656	166	0	0	4002	108	0	0	2518	0	1012	0	314	0	1378	0	2158	0	362	0	0	0	0	0	0	0	15316	0	140	0	326	0	3124	1820	32216	2794	16646	1548	3120	0	7318	0	590	0	31294	4310	1156	0	15178	0	14642	0	0	2172	2048	0	0	0	484	0	380	0	262	0	4506	464	1090	0	182	0	5318	302	0	0	3286	1792	3382	0	3916	0	4506	0	11548	0	4082	0	45796	0	28120	974	4344	166	442	0	23824	2398	41064	2176	740	0	2974	194	922	132	0	0	0	0	6248	3556	324	424	290	406	
712952	Fusiform_R	438	9240	316	476	0	0	0	460	0	0	0	940	0	132	0	0	0	552	146	2204	0	114	130	0	0	0	0	0	0	4528	0	164	152	1028	1254	5018	554	40358	216	33990	0	5566	682	8258	114	2658	3348	33642	0	2396	354	2068	488	12596	2172	0	0	982	0	0	0	0	0	254	0	0	340	10172	0	1188	406	0	0	9030	0	336	1082	1916	0	190	0	2576	0	8050	0	6658	0	3522	112	27996	1500	21344	744	1848	0	1756	3548	21038	4684	27084	0	446	0	1416	0	252	0	0	0	574	10268	6018	1600	440	354	0	
307136	Postcentral_L	32428	332	9334	158	0	0	1470	0	0	0	8970	0	166	0	0	0	12606	0	6468	178	0	0	0	0	0	0	0	0	7822	0	224	0	278	0	322	0	1144	0	0	0	0	0	188	0	110	0	130	0	5202	0	3364	0	150	0	2048	0	0	0	6412	0	19946	0	10502	0	1802	0	6588	0	3332	148	0	0	204	0	0	0	0	0	2672	0	5510	0	754	0	664	0	0	0	1942	0	0	0	0	0	0	0	0	0	0	0	0	0	0	0	0	0	0	0	0	0	0	0	0	0	0	0	
173892	Postcentral_R	0	16490	196	3144	0	0	0	1450	0	0	0	1778	0	124	0	0	0	6600	168	3536	0	0	0	0	0	0	0	0	0	1308	122	190	0	1892	0	304	0	878	0	254	0	0	0	2642	0	2516	0	766	0	3184	0	1484	0	212	0	982	0	0	0	1454	0	2748	0	13110	0	766	114	7564	0	7212	0	0	0	108	0	0	0	0	0	256	0	806	0	0	0	1548	0	0	0	1040	0	0	0	0	0	0	0	0	0	0	0	0	0	0	0	0	0	0	0	0	0	0	0	0	0	0	
196120	Parietal_Sup_L	0	0	0	0	0	0	0	0	0	0	0	0	0	0	0	0	0	0	0	0	0	0	0	0	0	0	0	0	0	0	0	0	1234	0	320	0	0	0	0	0	0	0	134	0	584	112	0	0	21158	0	21284	0	446	0	0	0	6412	0	0	0	12080	0	0	0	5964	0	26418	424	464	0	0	0	0	0	0	0	0	0	0	0	0	0	0	0	696	0	0	0	330	0	0	0	0	0	0	0	0	0	0	0	0	0	0	0	0	0	0	0	0	0	0	0	0	0	0	0	
76408	Parietal_Sup_R	0	1230	0	0	0	0	0	0	0	0	0	0	0	0	0	0	0	0	0	1200	0	0	0	0	0	0	0	0	0	0	0	0	0	914	0	0	0	0	0	0	0	0	0	880	214	4060	0	0	0	8908	0	3600	0	0	0	0	0	1454	0	0	0	5130	0	178	0	4276	326	4488	0	894	0	0	0	0	0	0	0	0	0	0	0	0	0	0	0	452	0	0	0	0	0	0	0	0	0	0	0	0	0	0	0	0	0	0	0	0	0	0	0	0	0	0	0	0	0	0	
217628	Parietal_Inf_L	7064	0	0	0	0	0	534	0	0	0	840	0	0	0	0	0	2466	0	0	0	0	0	0	0	0	0	0	0	2154	0	0	0	0	0	0	0	134	0	0	0	0	0	0	0	0	0	0	0	6794	0	12964	0	0	0	484	0	19946	0	12080	0	0	0	12630	0	14198	0	7774	0	370	0	0	0	0	0	0	0	0	0	444	0	4084	0	146	0	2626	0	0	0	1082	0	0	0	0	0	0	0	0	0	0	0	0	0	0	0	0	0	0	0	0	0	0	0	0	0	0	0	
98048	Parietal_Inf_R	0	260	0	0	0	0	0	0	0	0	0	0	0	0	0	0	0	506	0	0	0	0	0	0	0	0	0	0	0	168	0	0	0	0	0	0	0	0	0	0	0	0	0	130	0	2504	0	0	0	5838	0	5378	0	0	0	0	0	2748	0	5130	0	0	0	4622	0	16408	400	2144	0	0	0	0	0	0	0	0	0	0	0	232	0	778	0	0	0	1578	0	0	0	200	0	0	0	0	0	0	0	0	0	0	0	0	0	0	0	0	0	0	0	0	0	0	0	0	0	0	
136380	SupraMarginal_L	2504	0	226	0	0	0	0	0	0	0	832	0	0	0	0	0	3954	0	0	0	0	0	0	0	0	0	0	0	1210	0	0	0	0	0	0	0	0	0	0	0	0	0	0	0	0	0	0	0	0	0	624	0	0	0	380	0	10502	0	0	0	12630	0	0	0	7358	0	0	0	738	0	0	0	0	0	0	0	0	0	762	0	16522	0	0	0	9126	0	0	0	822	0	0	0	0	0	0	0	0	0	0	0	0	0	0	0	0	0	0	0	0	0	0	0	0	0	0	0	
114728	SupraMarginal_R	0	2700	0	0	0	0	0	0	0	0	0	0	0	0	0	0	0	5074	0	130	0	0	0	0	0	0	0	0	0	786	0	0	0	0	0	0	0	436	0	0	0	0	0	0	0	312	0	0	0	472	0	664	0	0	0	254	0	13110	0	178	0	4622	0	0	0	6984	0	410	0	0	0	0	0	0	0	0	0	0	0	686	0	10900	0	0	0	7956	0	0	0	1690	0	0	0	0	0	0	0	0	0	0	0	0	0	0	0	0	0	0	0	0	0	0	0	0	0	0	
140888	Angular_L	0	0	0	0	0	0	0	0	0	0	0	0	0	0	0	0	372	0	0	0	0	0	0	0	0	0	0	0	0	0	0	0	218	0	0	0	0	0	0	0	0	0	406	0	750	0	0	0	3130	0	17740	0	0	0	262	0	1802	0	5964	0	14198	0	7358	0	0	0	5106	0	176	0	0	0	0	0	0	0	0	0	0	0	3334	0	0	0	8912	0	0	0	716	0	0	0	0	0	0	0	0	0	0	0	0	0	0	0	0	0	0	0	0	0	0	0	0	0	0	0	
160520	Angular_R	0	0	0	0	0	0	0	0	0	0	0	0	0	0	0	0	0	842	0	0	0	0	0	0	0	0	0	0	0	0	0	0	0	0	0	0	0	0	0	0	0	0	0	388	0	4408	0	114	0	8952	0	17370	0	138	0	0	0	766	0	4276	0	16408	0	6984	0	0	1144	3370	0	0	0	0	0	0	0	0	0	0	0	502	0	5976	0	0	0	8222	0	0	0	400	0	0	0	0	0	0	0	0	0	0	0	0	0	0	0	0	0	0	0	0	0	0	0	0	0	0	
486792	Precuneus_L	506	158	0	0	0	0	0	0	0	0	0	0	0	0	0	0	0	0	126	262	0	0	0	0	0	0	0	0	140	0	182	0	6598	1932	8282	1878	3458	210	3486	114	0	0	20348	1968	14474	8922	9200	764	29418	5616	32734	3068	5026	0	4506	340	6588	114	26418	326	7774	400	0	0	5106	1144	0	15066	2682	500	0	0	0	0	0	0	0	0	0	0	0	108	0	0	6206	1042	0	0	4432	480	154	0	0	0	0	0	168	0	716	0	0	0	0	0	0	0	0	0	0	0	256	0	0	0	0	0	
547280	Precuneus_R	1446	6286	0	0	0	0	0	0	0	0	0	0	0	0	0	0	0	402	0	6706	0	0	0	0	0	0	0	0	0	460	0	0	1320	10608	2244	10088	872	3562	652	1494	0	0	1904	27254	2924	41874	420	16892	792	31126	638	14380	146	4290	464	10172	0	7564	424	4488	0	2144	0	410	0	3370	15066	0	1496	15338	0	0	0	0	0	0	140	332	0	0	0	964	0	0	152	14238	0	0	0	5544	0	196	0	0	0	0	136	540	124	204	0	0	0	0	0	0	0	0	0	0	1354	0	0	0	0	0	
193644	Paracentral_Lobule_L	18706	4728	1700	756	0	0	0	0	0	0	0	0	0	0	0	0	966	0	8326	8462	0	0	0	0	0	0	0	0	622	0	328	0	4828	6644	5634	690	1264	126	0	0	0	0	480	456	298	474	274	0	324	0	1176	166	518	0	1090	0	3332	0	464	0	370	0	738	0	176	0	2682	1496	0	4292	1668	0	904	0	1176	0	4812	216	204	0	1030	0	0	0	1830	262	0	0	2134	0	0	0	0	0	0	0	0	0	0	0	0	0	0	0	0	0	0	0	0	0	0	0	0	0	0	0	
226140	Paracentral_Lobule_R	3648	11644	454	564	0	0	0	0	0	0	0	0	0	0	0	0	0	0	914	21132	0	0	0	0	0	0	0	0	0	0	0	0	376	13886	494	3374	0	292	0	164	0	0	0	4746	0	5510	0	1728	0	4840	0	2384	0	316	0	1188	148	7212	0	894	0	0	0	0	0	0	500	15338	4292	0	258	928	0	0	0	0	0	1318	0	0	0	0	0	0	0	3744	0	0	0	784	0	0	0	0	0	0	0	0	0	0	0	0	0	0	0	0	0	0	0	0	0	0	0	0	0	0	
279280	Caudate_L	2562	1028	15324	2678	3216	1472	3064	0	564	0	2028	198	1796	0	864	802	416	0	11618	2816	7118	6826	3838	1064	270	336	1746	2098	4916	466	9110	3918	0	288	0	0	430	642	180	468	0	260	0	0	0	0	0	0	0	0	0	0	0	0	182	406	0	0	0	0	0	0	0	0	0	0	0	0	1668	258	0	12710	15380	1740	3218	932	6778	1060	0	0	116	0	450	0	0	0	0	0	150	172	0	0	0	0	0	0	0	0	0	0	0	0	0	0	0	0	0	0	0	0	0	0	0	0	0	0	
358804	Caudate_R	128	3508	4210	18556	236	3606	970	232	0	150	562	740	576	0	0	1584	0	130	2802	22762	3884	6406	2150	11868	0	6674	0	2984	1032	1972	7036	20738	0	816	0	0	112	578	0	508	0	0	0	0	0	0	0	0	0	0	0	0	0	0	0	0	0	0	0	0	0	0	0	0	0	0	0	0	0	928	12710	0	3776	15890	1286	2474	1038	13790	0	0	0	0	0	0	0	0	0	0	0	0	0	0	0	0	0	0	0	0	0	0	0	0	0	0	0	0	0	0	0	0	0	0	0	0	0	0	
381040	Putamen_L	5556	184	25508	312	13722	860	5588	0	4572	0	1824	0	878	0	7470	562	1320	0	20792	958	4222	4100	3672	112	364	306	1692	1468	18986	184	6416	1354	0	180	0	0	12450	0	1634	0	1360	0	0	0	0	0	0	0	0	0	0	0	0	0	5318	0	204	0	0	0	0	0	0	0	0	0	0	0	904	0	15380	3776	0	350	6356	162	962	214	114	0	1232	0	1764	0	150	0	0	0	4228	0	240	0	0	0	0	0	328	0	232	0	0	0	0	0	0	0	0	0	0	0	0	0	0	0	0	0	
376448	Putamen_R	238	6396	678	13332	0	5718	122	2932	0	1130	0	7030	0	2392	0	5504	0	2924	644	7910	500	2248	984	8178	0	5972	0	2078	0	23880	2078	8184	204	1100	166	274	352	17710	160	11180	0	1690	0	0	0	0	0	152	0	0	0	0	0	0	302	9030	0	108	0	0	0	0	0	0	0	0	0	0	0	0	1740	15890	350	0	0	3210	710	3336	0	432	0	2088	0	1300	0	1894	0	0	0	1300	0	0	0	0	0	0	150	1872	144	328	0	0	0	0	0	0	0	0	0	0	0	0	0	0	0	0	
63224	Pallidum_L	4194	120	4772	0	0	0	164	0	0	0	0	0	0	0	0	0	196	0	4830	246	870	1278	0	0	0	0	0	200	314	0	300	178	0	0	0	0	414	0	0	0	0	0	0	0	0	0	0	0	0	0	0	0	0	0	0	0	0	0	0	0	0	0	0	0	0	0	0	0	1176	0	3218	1286	6356	0	0	0	1500	0	0	0	0	0	0	0	0	0	0	0	0	0	0	0	0	0	0	0	0	0	0	0	0	0	0	0	0	0	0	0	0	0	0	0	0	0	0	0	
34680	Pallidum_R	0	120	124	1748	0	0	0	284	0	0	0	284	0	0	0	0	0	0	132	2844	0	420	0	0	0	0	0	0	0	236	0	0	0	0	0	0	0	1716	0	1430	0	0	0	0	0	0	0	0	0	0	0	0	0	0	0	336	0	0	0	0	0	0	0	0	0	0	0	0	0	0	932	2474	162	3210	0	0	124	764	0	0	0	0	0	0	0	0	0	0	0	0	0	0	0	0	0	0	0	0	0	0	0	0	0	0	0	0	0	0	0	0	0	0	0	0	0	0	
177756	Thalamus_L	5794	1914	6578	610	248	0	1932	342	0	0	266	230	0	0	0	0	418	0	6280	198	0	0	0	0	0	0	0	0	1012	432	0	0	0	0	2820	5484	5734	7622	1748	3928	0	0	0	0	0	0	118	408	0	0	0	0	0	0	3286	1082	0	0	0	0	0	0	0	0	0	0	0	140	4812	0	6778	1038	962	710	1500	124	0	11978	0	0	0	0	160	0	0	0	0	0	504	0	0	0	0	0	0	0	668	300	720	0	0	0	0	0	0	0	0	0	0	0	0	0	0	0	0	0	
232600	Thalamus_R	1630	10778	2868	11388	0	0	636	1376	0	0	0	526	0	0	0	180	0	298	2106	9668	0	0	196	174	0	0	0	0	0	1826	320	1088	0	126	1850	4610	3084	12942	996	8126	0	0	0	0	0	0	0	740	0	0	0	0	0	0	1792	1916	0	0	0	0	0	0	0	0	0	0	0	332	216	1318	1060	13790	214	3336	0	764	11978	0	0	0	0	184	0	0	0	0	0	0	214	110	0	0	0	0	0	0	466	596	482	0	0	0	0	0	0	0	0	0	0	0	0	0	0	0	0	0	
79936	Heschl_L	3454	0	1282	0	0	0	1858	0	0	0	1102	0	0	0	0	0	4446	0	900	0	0	0	0	0	0	0	0	0	7164	0	0	0	0	0	0	0	1660	0	0	0	0	0	0	0	0	0	0	0	0	0	0	0	170	0	3382	0	2672	0	0	0	444	0	762	0	0	0	0	0	204	0	0	0	114	0	0	0	0	0	0	0	4018	0	404	0	1982	0	0	0	3788	0	162	0	0	0	0	0	0	0	0	0	0	0	0	0	0	0	0	0	0	0	0	0	0	0	0	0	
44588	Heschl_R	0	370	0	218	0	0	0	0	0	0	0	112	0	0	0	126	0	4822	0	132	0	0	0	0	0	0	0	0	0	4482	0	0	0	0	0	0	0	696	0	168	0	0	0	0	0	0	0	0	0	0	0	0	0	0	0	190	0	256	0	0	0	232	0	686	0	502	0	0	0	0	0	0	0	432	0	0	0	0	0	0	0	6672	0	0	0	1568	0	0	0	630	0	0	0	0	0	0	0	0	0	0	0	0	0	0	0	0	0	0	0	0	0	0	0	0	0	0	
274308	Temporal_Sup_L	5624	0	3824	0	0	0	1680	0	0	0	5480	0	398	0	0	0	13920	0	3184	0	0	0	0	0	0	0	0	0	13414	0	0	0	0	0	0	0	2500	0	196	0	504	0	0	0	0	0	0	0	0	0	294	0	278	0	3916	0	5510	0	0	0	4084	0	16522	0	3334	0	0	0	1030	0	116	0	1232	0	0	0	0	0	4018	0	0	0	8386	0	24988	0	426	0	12296	0	0	0	0	0	0	0	0	0	0	0	0	0	0	0	0	0	0	0	0	0	0	0	0	0	0	0	
201340	Temporal_Sup_R	0	1382	0	114	0	0	0	188	0	0	0	324	0	124	0	732	0	11170	0	218	0	0	0	0	0	0	0	0	0	9824	0	0	0	0	0	0	0	3556	0	1294	0	0	0	114	0	532	0	142	0	608	0	1740	0	0	0	2576	0	806	0	0	0	778	0	10900	0	5976	108	964	0	0	0	0	0	2088	0	0	0	184	0	6672	0	0	0	3788	0	27300	0	310	0	5782	0	0	0	0	0	0	0	376	0	0	0	0	0	0	0	0	0	0	0	0	0	0	0	0	0	0	
164804	Temporal_Pole_Sup_L	2104	0	3166	0	642	0	976	0	294	0	6302	0	628	0	2914	0	5760	0	3064	0	2028	0	0	0	0	0	0	0	9852	0	0	0	0	0	0	0	2636	0	1966	0	2632	0	0	0	0	0	0	0	0	0	0	0	0	0	4506	0	754	0	0	0	146	0	0	0	0	0	0	0	0	0	450	0	1764	0	0	0	160	0	404	0	8386	0	0	0	6936	0	6864	0	7068	0	0	0	0	0	0	0	0	0	0	0	0	0	0	0	0	0	0	0	0	0	0	0	0	0	0	0	
105208	Temporal_Pole_Sup_R	0	0	0	732	0	0	0	366	0	0	0	1328	0	0	0	4406	0	1106	0	642	0	124	0	0	0	0	0	0	0	5050	0	130	0	208	0	0	0	2278	0	4780	0	3834	0	0	0	0	0	0	0	0	0	0	0	0	0	8050	0	0	0	0	0	0	0	0	0	0	0	0	0	0	0	0	0	1300	0	0	0	0	0	0	0	3788	0	0	0	5444	0	6476	0	2562	0	0	0	0	0	0	0	0	0	0	0	0	0	0	0	0	0	0	0	0	0	0	0	0	0	0	
376260	Temporal_Mid_L	2396	0	408	0	0	0	402	0	0	0	328	0	0	0	0	0	2010	0	114	0	0	0	0	0	0	0	0	0	5754	0	0	0	512	138	1238	0	1818	0	174	0	0	0	4632	0	3426	0	1578	0	3584	0	27964	0	9538	0	11548	0	664	0	696	0	2626	0	9126	0	8912	0	6206	152	1830	0	0	0	150	0	0	0	0	0	1982	0	24988	0	6936	0	0	0	5476	0	40412	0	0	0	0	0	0	0	142	0	154	0	0	0	0	0	0	0	0	0	0	0	116	0	0	0	0	0	
368020	Temporal_Mid_R	248	2410	0	0	0	0	0	0	0	0	0	0	0	0	0	340	0	3998	0	2002	0	0	0	0	0	0	0	0	0	4560	0	0	116	1720	0	198	0	5788	0	3372	0	184	178	5680	0	11622	0	918	0	9708	0	18822	0	2092	0	6658	0	1548	0	452	0	1578	0	7956	0	8222	1042	14238	262	3744	0	0	0	1894	0	0	0	0	0	1568	0	27300	0	5444	0	0	0	2348	0	25488	0	0	0	0	0	0	0	312	0	0	0	0	0	0	0	0	0	0	0	0	0	0	0	0	0	0	
55816	Temporal_Pole_Mid_L	0	0	0	0	0	0	0	0	0	0	0	0	0	0	168	0	0	0	0	0	286	0	0	0	0	0	0	0	470	0	0	0	0	0	0	0	1466	0	2164	0	1332	0	0	0	0	0	0	0	0	0	0	0	0	0	4082	0	0	0	0	0	0	0	0	0	0	0	0	0	0	0	0	0	0	0	0	0	0	0	0	0	426	0	6864	0	5476	0	0	0	5174	0	0	0	0	0	0	0	0	0	0	0	0	0	0	0	0	0	0	0	0	0	0	0	0	0	0	0	
36088	Temporal_Pole_Mid_R	0	0	0	0	0	0	0	0	0	0	0	0	0	0	0	172	0	0	0	0	0	0	0	0	0	0	0	0	0	0	0	0	0	0	0	0	0	212	0	1500	0	674	0	0	0	0	0	0	0	0	0	0	0	0	0	3522	0	0	0	0	0	0	0	0	0	0	0	0	0	0	0	0	0	0	0	0	0	0	0	0	0	310	0	6476	0	2348	0	0	0	2830	0	0	0	0	0	0	0	0	0	0	0	0	0	0	0	0	0	0	0	0	0	0	0	0	0	0	
482232	Temporal_Inf_L	7388	186	4742	0	0	0	2908	0	0	0	2002	0	1012	0	0	0	1610	0	1658	0	0	0	0	0	0	0	0	0	15338	0	0	0	0	0	1064	0	20034	320	4080	248	1532	0	3326	0	2016	0	1942	0	1028	0	10962	0	11962	0	45796	112	1942	0	330	0	1082	0	822	0	716	0	4432	0	2134	0	150	0	4228	0	0	0	504	214	3788	0	12296	0	7068	0	40412	0	5174	0	0	0	6612	0	1508	0	0	0	2464	0	2474	0	464	0	1036	0	0	0	0	0	0	0	0	0	0	0	0	0	
281264	Temporal_Inf_R	114	7374	0	206	0	0	0	156	0	0	0	314	0	0	0	0	0	1468	0	1504	0	0	0	0	0	0	0	0	0	2544	0	0	0	374	220	1808	0	12068	0	5134	0	254	0	2518	0	3250	0	1160	0	2550	0	2594	0	6240	0	27996	0	1040	0	0	0	200	0	1690	0	400	480	5544	0	784	172	0	0	1300	0	0	0	110	0	630	0	5782	0	2562	0	25488	0	2830	0	0	0	4354	0	666	0	436	156	1050	0	2976	0	446	0	862	0	0	0	0	0	108	502	218	0	0	0	0	
535764	Cerebelum_Crus1_L	556	0	284	0	0	0	286	0	0	0	0	0	0	0	0	0	0	0	0	0	0	0	0	0	0	0	0	0	322	0	0	0	0	0	0	0	1500	0	1218	0	0	0	248	0	0	0	12500	2642	0	0	948	0	1820	164	28120	1500	0	0	0	0	0	0	0	0	0	0	154	0	0	0	0	0	240	0	0	0	0	0	162	0	0	0	0	0	0	0	0	0	6612	0	0	3290	33194	2486	3260	868	30326	1622	61380	4166	11554	784	21902	1342	7840	996	878	0	922	2568	4722	5000	4460	2676	1888	482	
499652	Cerebelum_Crus1_R	0	0	0	0	0	0	0	0	0	0	0	0	0	0	0	0	0	0	0	0	0	0	0	0	0	0	0	0	0	0	0	0	0	0	0	0	0	224	0	188	0	0	186	232	0	0	2252	12834	0	0	230	0	272	610	974	21344	0	0	0	0	0	0	0	0	0	0	0	196	0	0	0	0	0	0	0	0	0	0	0	0	0	0	0	0	0	0	0	0	0	4354	3290	0	3210	28856	634	3352	4292	18244	6402	52334	0	5400	350	19092	338	5016	0	414	1332	2566	12568	13622	12528	5874	5186	1030	
353324	Cerebelum_Crus2_L	0	0	0	0	0	0	0	0	0	0	0	0	0	0	0	0	0	0	0	0	0	0	0	0	0	0	0	0	0	0	0	0	0	0	0	0	118	0	280	0	0	0	0	0	0	0	1088	1710	0	0	126	0	226	0	4344	744	0	0	0	0	0	0	0	0	0	0	0	0	0	0	0	0	0	0	0	0	0	0	0	0	0	0	0	0	0	0	0	0	1508	0	33194	3210	0	12992	862	556	5708	398	11246	2094	27584	6084	28468	5924	1834	1344	0	118	400	982	1128	2804	10898	6686	1812	192	
350088	Cerebelum_Crus2_R	0	0	0	0	0	0	0	0	0	0	0	0	0	0	0	0	0	0	0	0	0	0	0	0	0	0	0	0	0	0	0	0	0	0	0	0	0	0	0	0	0	0	0	0	0	0	488	2310	0	0	0	0	0	370	166	1848	0	0	0	0	0	0	0	0	0	0	0	0	0	0	0	0	0	0	0	0	0	0	0	0	0	0	0	0	0	0	0	0	0	666	2486	28856	12992	0	538	2192	2058	3042	2548	8858	4596	18012	3242	32094	254	5264	0	508	1050	1820	4632	4322	13736	10336	5366	394	
78728	Cerebelum_3_L	0	0	0	0	0	0	0	0	0	0	0	0	0	0	0	0	0	0	0	0	0	0	0	0	0	0	0	0	0	0	0	0	0	0	0	0	0	0	1524	0	0	0	0	0	0	0	790	0	0	0	0	0	0	0	442	0	0	0	0	0	0	0	0	0	0	0	0	0	0	0	0	0	0	0	0	0	0	0	0	0	0	0	0	0	0	0	0	0	0	0	3260	634	862	538	0	754	9264	200	4304	624	160	0	884	494	2204	968	0	0	1588	4716	1502	766	628	858	996	404	
101588	Cerebelum_3_R	0	0	0	0	0	0	0	0	0	0	0	0	0	0	0	0	0	0	0	0	0	0	0	0	0	0	0	0	0	0	0	0	0	0	0	0	150	286	0	400	0	0	0	0	0	0	0	766	0	0	0	0	0	386	0	1756	0	0	0	0	0	0	0	0	0	0	0	0	0	0	0	0	0	0	0	0	0	0	0	0	0	0	0	0	0	0	0	0	0	436	868	3352	556	2192	754	0	1628	6352	1222	6430	0	0	114	2640	446	1818	0	0	1792	5674	3408	534	1726	2464	2374	270	
513212	Cerebelum_4_5_L	218	0	496	0	0	0	0	0	0	0	146	0	158	0	0	0	0	0	212	0	0	0	0	0	0	0	0	0	736	0	0	0	0	0	164	246	2638	648	3390	458	0	0	1184	0	0	0	22884	5766	0	0	1764	0	1734	476	23824	3548	0	0	0	0	0	0	0	0	0	0	168	136	0	0	0	0	328	150	0	0	668	466	0	0	0	0	0	0	142	0	0	0	2464	156	30326	4292	5708	2058	9264	1628	0	7352	50822	7192	2196	0	5282	2098	5728	2684	238	0	1900	5864	20792	6348	1624	2648	3144	2050	
348752	Cerebelum_4_5_R	0	392	0	120	0	0	0	138	0	0	0	116	0	0	0	0	0	0	0	0	0	0	0	0	0	0	0	0	0	330	0	0	0	0	220	460	284	5212	0	5650	0	0	388	204	0	0	3532	13956	0	0	494	0	548	1720	2398	21038	0	0	0	0	0	0	0	0	0	0	0	540	0	0	0	0	0	1872	0	0	300	596	0	0	0	376	0	0	0	312	0	0	0	1050	1622	18244	398	3042	200	6352	7352	0	5058	33786	0	132	162	3982	206	568	0	326	0	1956	21838	2748	1140	1588	1430	0	
657056	Cerebelum_6_L	160	0	270	0	0	0	128	0	0	0	0	0	0	0	0	0	0	0	0	0	0	0	0	0	0	0	0	0	226	0	0	0	0	0	570	346	2866	714	2546	490	0	0	1812	0	0	0	26658	9420	0	0	3372	0	4472	390	41064	4684	0	0	0	0	0	0	0	0	0	0	716	124	0	0	0	0	232	144	0	0	720	482	0	0	0	0	0	0	154	0	0	0	2474	0	61380	6402	11246	2548	4304	1222	50822	5058	0	9094	3450	146	8770	1752	6748	2726	530	0	1672	4116	15218	14172	3744	3034	3134	2006	
503952	Cerebelum_6_R	0	0	0	0	0	0	0	0	0	0	0	0	0	0	0	0	0	0	0	0	0	0	0	0	0	0	0	0	0	0	0	0	0	0	0	0	0	724	0	640	0	0	308	232	0	0	3566	17340	0	0	354	0	438	1242	2176	27084	0	0	0	0	0	0	0	0	0	0	0	204	0	0	0	0	0	328	0	0	0	0	0	0	0	0	0	0	0	0	0	0	0	2976	4166	52334	2094	8858	624	6430	7192	33786	9094	0	0	802	320	6746	404	2680	0	546	1060	3184	21290	15920	8388	3948	3456	1042	
224688	Cerebelum_7b_L	0	0	0	0	0	0	0	0	0	0	0	0	0	0	0	0	0	0	0	0	0	0	0	0	0	0	0	0	0	0	0	0	0	0	0	0	0	0	0	0	0	0	0	0	0	0	346	0	0	0	0	0	0	0	740	0	0	0	0	0	0	0	0	0	0	0	0	0	0	0	0	0	0	0	0	0	0	0	0	0	0	0	0	0	0	0	0	0	464	0	11554	0	27584	4596	160	0	2196	0	3450	0	0	5346	31542	6740	3184	400	760	0	0	134	108	0	3312	8952	776	0	
152388	Cerebelum_7b_R	0	0	0	0	0	0	0	0	0	0	0	0	0	0	0	0	0	0	0	0	0	0	0	0	0	0	0	0	0	0	0	0	0	0	0	0	0	0	0	0	0	0	0	0	0	0	0	0	0	0	0	0	0	0	0	446	0	0	0	0	0	0	0	0	0	0	0	0	0	0	0	0	0	0	0	0	0	0	0	0	0	0	0	0	0	0	0	0	0	446	784	5400	6084	18012	0	0	0	132	146	802	5346	0	4424	21872	146	2534	0	0	0	0	116	0	3430	5814	260	0	
317636	Cerebelum_8_L	0	0	0	0	0	0	0	0	0	0	0	0	0	0	0	0	0	0	0	0	0	0	0	0	0	0	0	0	0	0	0	0	0	0	0	0	0	0	188	0	0	0	0	0	0	0	666	0	0	0	0	0	0	0	2974	0	0	0	0	0	0	0	0	0	0	0	0	0	0	0	0	0	0	0	0	0	0	0	0	0	0	0	0	0	0	0	0	0	1036	0	21902	350	28468	3242	884	114	5282	162	8770	320	31542	4424	0	7496	17120	1460	1812	0	326	692	766	168	3784	12126	2616	128	
352696	Cerebelum_8_R	0	0	0	0	0	0	0	0	0	0	0	0	0	0	0	0	0	0	0	0	0	0	0	0	0	0	0	0	0	0	0	0	0	0	0	0	0	0	0	0	0	0	0	0	0	0	150	624	0	0	0	0	0	408	194	1416	0	0	0	0	0	0	0	0	0	0	0	0	0	0	0	0	0	0	0	0	0	0	0	0	0	0	0	0	0	0	0	0	0	862	1342	19092	5924	32094	494	2640	2098	3982	1752	6746	6740	21872	7496	0	920	16690	0	1766	960	1846	4736	1070	7756	16660	7652	366	
136484	Cerebelum_9_L	0	0	0	0	0	0	0	0	0	0	0	0	0	0	0	0	0	0	0	0	0	0	0	0	0	0	0	0	0	0	0	0	0	0	0	0	0	0	0	0	0	0	0	0	0	0	252	0	0	0	0	0	0	0	922	0	0	0	0	0	0	0	0	0	0	0	0	0	0	0	0	0	0	0	0	0	0	0	0	0	0	0	0	0	0	0	0	0	0	0	7840	338	1834	254	2204	446	5728	206	6748	404	3184	146	17120	920	0	2700	3624	0	258	1456	898	1394	1076	3310	3528	1452	
185984	Cerebelum_9_R	0	0	0	0	0	0	0	0	0	0	0	0	0	0	0	0	0	0	0	0	0	0	0	0	0	0	0	0	0	0	0	0	0	0	0	0	0	0	0	0	0	0	0	0	0	0	304	294	0	0	0	0	0	0	132	252	0	0	0	0	0	0	0	0	0	0	0	0	0	0	0	0	0	0	0	0	0	0	0	0	0	0	0	0	0	0	0	0	0	0	996	5016	1344	5264	968	1818	2684	568	2726	2680	400	2534	1460	16690	2700	0	0	1776	2260	3110	2688	3556	5506	10242	11442	3582	
15920	Cerebelum_10_L	0	0	0	0	0	0	0	0	0	0	0	0	0	0	0	0	0	0	0	0	0	0	0	0	0	0	0	0	0	0	0	0	0	0	0	0	0	0	0	0	0	0	0	0	0	0	0	0	0	0	0	0	0	0	0	0	0	0	0	0	0	0	0	0	0	0	0	0	0	0	0	0	0	0	0	0	0	0	0	0	0	0	0	0	0	0	0	0	0	0	878	0	0	0	0	0	238	0	530	0	760	0	1812	0	3624	0	0	0	0	0	0	0	0	118	0	0	
16996	Cerebelum_10_R	0	0	0	0	0	0	0	0	0	0	0	0	0	0	0	0	0	0	0	0	0	0	0	0	0	0	0	0	0	0	0	0	0	0	0	0	0	0	0	0	0	0	0	0	0	0	0	0	0	0	0	0	0	0	0	0	0	0	0	0	0	0	0	0	0	0	0	0	0	0	0	0	0	0	0	0	0	0	0	0	0	0	0	0	0	0	0	0	0	0	0	414	118	508	0	0	0	326	0	546	0	0	0	1766	0	1776	0	0	0	0	0	0	540	1254	1250	0	
65112	Vermis_1_2	0	0	0	0	0	0	0	0	0	0	0	0	0	0	0	0	0	0	0	0	0	0	0	0	0	0	0	0	0	0	0	0	0	0	0	0	0	0	0	0	0	0	0	0	0	0	0	184	0	0	0	0	0	0	0	0	0	0	0	0	0	0	0	0	0	0	0	0	0	0	0	0	0	0	0	0	0	0	0	0	0	0	0	0	0	0	0	0	0	0	922	1332	400	1050	1588	1792	1900	0	1672	1060	0	0	326	960	258	2260	0	0	0	7676	2066	992	1588	2076	2098	356	
