data	data	340040	145436	993956	832204	139672	112920	556824	335044	65036	54588	298580	228464	305984	254904	177252	86448	261304	95828	684600	697112	51420	70088	589356	545668	44532	108540	51688	61388	636000	352768	509312	728196	160608	564776	75768	106712	144296	178364	34672	100172	19976	40652	111324	239732	113876	203104	190044	151768	107956	222888	399916	186524	119584	67652	291844	300908	200116	119012	126492	62992	224592	55220	82812	85252	148764	71192	139412	274376	135580	157184	255512	449212	337400	326880	34864	16704	108164	84952	68936	12972	232148	96256	104164	75376	278432	167116	39688	37964	239912	124424	488948	411240	326632	320576	22200	47740	222300	176064	424160	414772	232144	158020	257296	307572	84608	99168	12056	12804	18564	22724	160912	229548	247968	82924	67792	35880	
data	data	Precentral_L	Precentral_R	Frontal_Sup_L	Frontal_Sup_R	Frontal_Sup_Orb_L	Frontal_Sup_Orb_R	Frontal_Mid_L	Frontal_Mid_R	Frontal_Mid_Orb_L	Frontal_Mid_Orb_R	Frontal_Inf_Oper_L	Frontal_Inf_Oper_R	Frontal_Inf_Tri_L	Frontal_Inf_Tri_R	Frontal_Inf_Orb_L	Frontal_Inf_Orb_R	Rolandic_Oper_L	Rolandic_Oper_R	Supp_Motor_Area_L	Supp_Motor_Area_R	Olfactory_L	Olfactory_R	Frontal_Sup_Medial_L	Frontal_Sup_Medial_R	Frontal_Med_Orb_L	Frontal_Med_Orb_R	Rectus_L	Rectus_R	Insula_L	Insula_R	Cingulum_Ant_L	Cingulum_Ant_R	Cingulum_Mid_L	Cingulum_Mid_R	Cingulum_Post_L	Cingulum_Post_R	Hippocampus_L	Hippocampus_R	ParaHippocampal_L	ParaHippocampal_R	Amygdala_L	Amygdala_R	Calcarine_L	Calcarine_R	Cuneus_L	Cuneus_R	Lingual_L	Lingual_R	Occipital_Sup_L	Occipital_Sup_R	Occipital_Mid_L	Occipital_Mid_R	Occipital_Inf_L	Occipital_Inf_R	Fusiform_L	Fusiform_R	Postcentral_L	Postcentral_R	Parietal_Sup_L	Parietal_Sup_R	Parietal_Inf_L	Parietal_Inf_R	SupraMarginal_L	SupraMarginal_R	Angular_L	Angular_R	Precuneus_L	Precuneus_R	Paracentral_Lobule_L	Paracentral_Lobule_R	Caudate_L	Caudate_R	Putamen_L	Putamen_R	Pallidum_L	Pallidum_R	Thalamus_L	Thalamus_R	Heschl_L	Heschl_R	Temporal_Sup_L	Temporal_Sup_R	Temporal_Pole_Sup_L	Temporal_Pole_Sup_R	Temporal_Mid_L	Temporal_Mid_R	Temporal_Pole_Mid_L	Temporal_Pole_Mid_R	Temporal_Inf_L	Temporal_Inf_R	Cerebelum_Crus1_L	Cerebelum_Crus1_R	Cerebelum_Crus2_L	Cerebelum_Crus2_R	Cerebelum_3_L	Cerebelum_3_R	Cerebelum_4_5_L	Cerebelum_4_5_R	Cerebelum_6_L	Cerebelum_6_R	Cerebelum_7b_L	Cerebelum_7b_R	Cerebelum_8_L	Cerebelum_8_R	Cerebelum_9_L	Cerebelum_9_R	Cerebelum_10_L	Cerebelum_10_R	Vermis_1_2	Vermis_3	Vermis_4_5	Vermis_6	Vermis_7	Vermis_8	Vermis_9	Vermis_10	
340040	Precentral_L	0	134	23668	548	0	0	24132	0	0	0	15352	0	3650	0	0	0	8342	0	13898	4076	0	0	0	0	0	0	0	0	6912	0	266	168	816	2428	566	262	2132	0	0	0	0	0	0	0	0	0	0	0	0	0	5014	0	108	0	0	0	21100	0	1740	0	5542	0	626	0	916	0	346	0	14242	0	1110	380	640	0	196	0	5720	0	2590	0	1178	0	0	0	1222	0	0	0	0	0	0	0	0	0	0	0	0	0	0	0	0	0	0	0	0	0	0	0	0	0	0	0	0	0	0	0	
145436	Precentral_R	134	0	0	7350	0	0	0	13894	0	0	0	5810	0	136	0	0	0	1512	244	5678	0	0	0	198	0	0	0	0	0	1786	0	246	0	550	0	812	0	2248	0	324	0	0	0	1220	0	524	0	204	0	586	0	846	0	350	0	1892	0	9940	0	0	0	822	0	2088	0	150	0	1458	270	5618	0	694	0	1922	0	0	0	1034	0	0	0	122	0	0	0	1424	0	0	0	632	0	0	0	0	0	0	0	0	0	0	0	0	0	0	0	0	0	0	0	0	0	0	0	0	0	0	
993956	Frontal_Sup_L	23668	0	0	7970	13714	0	88394	228	5076	0	11934	0	19986	0	13054	0	9680	0	76448	9722	202	0	62132	6212	2126	0	624	0	43128	150	33310	9476	4334	6448	116	114	2670	0	0	0	0	0	0	0	0	0	0	0	0	0	0	0	0	0	186	0	2552	0	0	0	0	0	0	0	0	0	0	0	5130	0	5704	1616	17408	544	1284	0	5516	0	2306	0	2414	0	784	0	0	0	0	0	618	0	0	0	0	0	0	0	0	0	0	0	0	0	0	0	0	0	0	0	0	0	0	0	0	0	0	0	
832204	Frontal_Sup_R	548	7350	7970	0	0	7270	1874	46214	0	1876	214	10458	0	14956	0	2734	360	10344	14848	54248	0	336	14872	47634	0	5358	0	750	694	16846	10770	48026	4824	24874	0	0	106	4602	0	1160	0	0	0	114	0	0	0	0	0	0	0	0	0	118	0	342	0	1692	0	0	0	0	0	0	0	0	0	0	480	132	2866	22902	1154	15828	90	1504	0	3654	96	114	0	210	0	2110	0	186	0	0	0	394	0	0	0	0	0	0	0	0	0	0	0	0	0	0	0	0	0	0	0	0	0	0	0	0	0	0	
139672	Frontal_Sup_Orb_L	0	0	13714	0	0	0	584	0	7764	0	684	0	326	0	11316	0	508	0	374	0	1448	240	7702	0	5116	0	5124	0	5812	0	4688	0	0	0	0	0	0	0	0	0	0	0	0	0	0	0	0	0	0	0	0	0	0	0	0	0	0	0	0	0	0	0	0	0	0	0	0	0	0	0	1376	0	2770	0	0	0	0	0	0	0	98	0	192	0	0	0	0	0	0	0	0	0	0	0	0	0	0	0	0	0	0	0	0	0	0	0	0	0	0	0	0	0	0	0	0	0	
112920	Frontal_Sup_Orb_R	0	0	0	7270	0	0	0	718	0	4468	0	0	0	0	0	3084	0	0	0	250	110	1718	382	6050	584	11194	0	7316	0	1820	1604	3844	0	0	0	0	0	0	0	0	0	0	0	0	0	0	0	0	0	0	0	0	0	0	0	0	0	0	0	0	0	0	0	0	0	0	0	0	0	0	298	2864	166	2720	0	0	0	0	0	0	0	0	0	0	0	0	0	0	0	0	0	0	0	0	0	0	0	0	0	0	0	0	0	0	0	0	0	0	0	0	0	0	0	0	0	0	
556824	Frontal_Mid_L	24132	0	88394	1874	584	0	0	0	3256	0	18152	0	42474	0	9812	0	3660	0	16404	2014	0	0	16844	1122	0	0	0	0	24634	0	6040	1718	556	1326	0	0	3074	0	0	0	0	0	0	0	0	0	0	0	0	0	1534	0	0	0	0	0	1554	0	622	0	476	0	104	0	0	0	0	0	176	0	1080	688	1394	102	0	0	518	0	3764	0	162	0	0	0	168	0	0	0	0	0	0	0	0	0	0	0	0	0	0	0	0	0	0	0	0	0	0	0	0	0	0	0	0	0	0	0	
335044	Frontal_Mid_R	0	13894	228	46214	0	718	0	0	0	3720	0	11360	0	26412	0	4608	0	4538	524	3718	0	0	1674	6478	0	0	0	0	0	8924	1764	6826	1164	4380	0	0	0	4132	0	926	0	0	0	270	0	0	0	0	0	0	0	96	0	222	0	574	0	1900	0	0	0	130	0	312	0	0	0	0	0	714	0	1380	0	5612	0	106	0	1112	0	0	0	148	0	1344	0	474	0	0	0	926	0	0	0	0	0	0	0	0	0	0	0	0	0	0	0	0	0	0	0	0	0	0	0	0	0	0	
65036	Frontal_Mid_Orb_L	0	0	5076	0	7764	0	3256	0	0	0	0	0	1406	0	11812	0	0	0	0	0	0	0	668	0	1174	0	172	0	1190	0	0	0	0	0	0	0	0	0	0	0	0	0	0	0	0	0	0	0	0	0	0	0	0	0	0	0	0	0	0	0	0	0	0	0	0	0	0	0	0	0	0	0	0	0	0	0	0	0	0	0	0	0	0	0	0	0	0	0	0	0	0	0	0	0	0	0	0	0	0	0	0	0	0	0	0	0	0	0	0	0	0	0	0	0	0	0	
54588	Frontal_Mid_Orb_R	0	0	0	1876	0	4468	0	3720	0	0	0	126	0	406	0	11164	0	0	0	0	0	254	0	376	0	304	0	482	0	1976	106	364	0	0	0	0	0	0	0	0	0	0	0	0	0	0	0	0	0	0	0	0	0	0	0	0	0	0	0	0	0	0	0	0	0	0	0	0	0	0	0	362	0	1310	0	0	0	0	0	0	0	0	0	0	0	0	0	0	0	0	0	0	0	0	0	0	0	0	0	0	0	0	0	0	0	0	0	0	0	0	0	0	0	0	0	0	
298580	Frontal_Inf_Oper_L	15352	0	11934	214	684	0	18152	0	0	0	0	0	17650	0	148	0	15384	0	6476	690	0	0	2488	1308	106	0	0	0	20700	188	3868	2550	0	420	0	0	0	0	0	0	0	0	0	0	0	0	0	0	0	0	0	0	0	0	0	0	3882	0	0	0	0	0	0	0	0	0	0	0	0	0	6992	5318	5734	660	0	0	868	0	566	0	4478	0	2480	0	0	0	0	0	0	0	0	0	0	0	0	0	0	0	0	0	0	0	0	0	0	0	0	0	0	0	0	0	0	0	0	0	
228464	Frontal_Inf_Oper_R	0	5810	0	10458	0	0	0	11360	0	126	0	0	0	20908	0	936	0	1670	1060	5884	0	0	506	10050	0	0	0	0	0	14900	360	9700	390	3684	0	0	0	436	0	0	0	0	0	0	0	0	0	0	0	0	0	0	0	0	0	0	0	1068	0	0	0	0	0	0	0	0	0	0	0	0	414	7554	0	6134	0	0	0	162	0	0	0	0	0	662	0	0	0	0	0	0	0	0	0	0	0	0	0	0	0	0	0	0	0	0	0	0	0	0	0	0	0	0	0	0	0	0	
305984	Frontal_Inf_Tri_L	3650	0	19986	0	326	0	42474	0	1406	0	17650	0	0	0	11448	0	2112	0	2426	0	0	0	2760	240	0	0	0	0	31872	0	2184	414	0	106	0	0	0	0	0	0	0	0	0	0	0	0	0	0	0	0	0	0	0	0	0	0	632	0	0	0	0	0	0	0	0	0	0	0	0	0	4274	1530	6162	0	0	0	0	0	142	0	708	0	490	0	0	0	0	0	0	0	0	0	0	0	0	0	0	0	0	0	0	0	0	0	0	0	0	0	0	0	0	0	0	0	0	0	
254904	Frontal_Inf_Tri_R	0	136	0	14956	0	0	0	26412	0	406	0	20908	0	0	0	3826	0	122	1312	5512	0	0	738	8034	0	0	0	0	0	19866	562	8588	986	5654	0	0	0	124	0	0	0	0	0	0	0	0	0	0	0	0	0	0	0	0	0	0	0	0	0	0	0	0	0	0	0	0	0	0	0	0	0	4384	0	4926	0	0	0	0	0	0	0	0	0	0	0	0	0	0	0	0	0	0	0	0	0	0	0	0	0	0	0	0	0	0	0	0	0	0	0	0	0	0	0	0	0	0	
177252	Frontal_Inf_Orb_L	0	0	13054	0	11316	0	9812	0	11812	0	148	0	11448	0	0	0	0	0	178	0	1982	202	2006	0	428	0	1242	0	16268	0	1030	0	0	0	0	0	292	0	0	0	212	0	0	0	0	0	0	0	0	0	0	0	0	0	100	0	0	0	0	0	0	0	0	0	0	0	0	0	0	0	1364	0	4492	0	0	0	0	0	0	0	0	0	1240	0	0	0	0	0	0	0	0	0	0	0	0	0	0	0	0	0	0	0	0	0	0	0	0	0	0	0	0	0	0	0	0	0	
86448	Frontal_Inf_Orb_R	0	0	0	2734	0	3084	0	4608	0	11164	0	936	0	3826	0	0	0	0	0	164	0	650	0	844	0	94	0	906	0	8410	0	958	0	90	0	0	0	0	0	0	0	0	0	0	0	0	0	0	0	0	0	0	0	0	0	0	0	0	0	0	0	0	0	0	0	0	0	0	0	0	0	1368	0	2310	0	0	0	0	0	0	0	126	0	952	0	0	0	0	0	0	0	0	0	0	0	0	0	0	0	0	0	0	0	0	0	0	0	0	0	0	0	0	0	0	0	0	
261304	Rolandic_Oper_L	8342	0	9680	360	508	0	3660	0	0	0	15384	0	2112	0	0	0	0	0	7920	832	0	0	760	872	0	0	0	0	24324	102	1228	1714	0	312	0	0	970	0	0	0	0	0	198	0	0	0	0	0	0	0	1592	0	564	0	338	0	9136	0	150	0	1152	0	2158	0	602	0	0	0	0	0	5504	2402	7190	742	222	0	2730	0	1608	0	10740	0	1824	0	1622	0	0	0	1098	0	0	0	0	0	0	0	0	0	0	0	0	0	0	0	0	0	0	0	0	0	0	0	0	0	0	0	
95828	Rolandic_Oper_R	0	1512	0	10344	0	0	0	4538	0	0	0	1670	0	122	0	0	0	0	298	4392	0	0	0	276	0	0	0	0	0	10006	0	482	0	234	0	0	0	392	0	0	0	0	0	0	0	0	0	0	0	0	0	0	0	0	0	0	0	1482	0	0	0	0	0	1498	0	0	0	0	0	188	0	1380	0	3112	0	392	0	98	0	822	0	2102	0	2574	0	0	0	0	0	0	0	0	0	0	0	0	0	0	0	0	0	0	0	0	0	0	0	0	0	0	0	0	0	0	0	0	
684600	Supp_Motor_Area_L	13898	244	76448	14848	374	0	16404	524	0	0	6476	1060	2426	1312	178	0	7920	298	0	34186	0	0	22284	3286	112	0	0	0	16936	1570	16374	7652	10848	16746	700	126	3112	172	0	0	0	0	0	0	0	0	0	0	0	0	0	0	0	0	170	0	4464	0	0	0	0	0	0	0	0	0	0	0	4442	0	10258	2322	21676	1680	5328	0	11160	198	1168	0	2002	0	272	134	0	0	0	0	512	0	0	0	0	0	0	0	0	0	0	0	0	0	0	0	0	0	0	0	0	0	0	0	0	0	0	0	
697112	Supp_Motor_Area_R	4076	5678	9722	54248	0	250	2014	3718	0	0	690	5884	0	5512	0	164	832	4392	34186	0	0	0	3798	9506	0	0	0	0	970	6196	3078	17150	4816	52202	550	8018	198	1582	0	464	0	0	0	2906	0	2568	0	418	0	2198	0	1428	0	322	0	1318	0	2698	0	0	0	246	0	2094	0	302	0	8558	3676	22290	3118	24828	1098	6208	106	516	432	16210	0	0	116	1552	0	502	0	2222	0	0	0	732	0	0	0	0	0	0	0	0	0	0	0	0	0	0	0	0	0	0	0	0	0	0	0	0	0	0	
51420	Olfactory_L	0	0	202	0	1448	110	0	0	0	0	0	0	0	0	1982	0	0	0	0	0	0	3542	170	0	262	274	2994	558	2084	0	1780	1124	0	0	0	0	464	0	100	0	666	0	0	0	0	0	0	0	0	0	0	0	0	0	406	0	0	0	0	0	0	0	0	0	0	0	0	0	0	0	4556	1360	1036	0	0	0	0	0	0	0	0	0	592	0	0	0	0	0	0	0	0	0	0	0	0	0	0	0	0	0	0	0	0	0	0	0	0	0	0	0	0	0	0	0	0	0	
70088	Olfactory_R	0	0	0	336	240	1718	0	0	0	254	0	0	0	0	202	650	0	0	0	0	3542	0	124	152	268	880	2784	3006	104	1682	1962	2472	0	0	0	0	0	106	0	260	0	414	0	0	0	0	0	0	0	0	0	0	0	0	0	0	0	0	0	0	0	0	0	0	0	0	0	0	0	0	6136	5664	2088	0	0	0	0	0	0	0	0	0	0	0	0	0	0	0	0	0	0	0	0	0	0	0	0	0	0	0	0	0	0	0	0	0	0	0	0	0	0	0	0	0	0	0	
589356	Frontal_Sup_Medial_L	0	0	62132	14872	7702	382	16844	1674	668	0	2488	506	2760	738	2006	0	760	0	22284	3798	170	124	0	28282	3396	574	846	0	9330	588	44444	28560	7328	18860	0	0	0	0	0	0	0	0	0	0	0	0	0	0	0	0	0	0	0	0	0	0	0	0	0	0	0	0	0	0	0	0	0	0	0	0	2618	2366	5566	1008	266	0	0	0	0	0	246	0	492	0	0	0	0	0	0	0	0	0	0	0	0	0	0	0	0	0	0	0	0	0	0	0	0	0	0	0	0	0	0	0	0	0	
545668	Frontal_Sup_Medial_R	0	198	6212	47634	0	6050	1122	6478	0	376	1308	10050	240	8034	0	844	872	276	3286	9506	0	152	28282	0	212	8586	0	922	924	9346	16066	49154	2910	18984	0	0	0	506	0	94	0	0	0	0	0	0	0	0	0	0	0	0	0	0	0	0	0	94	0	0	0	0	0	0	0	0	0	0	0	0	1302	17564	0	14424	0	102	0	0	0	0	144	0	0	580	0	0	0	0	0	0	0	0	0	0	0	0	0	0	0	0	0	0	0	0	0	0	0	0	0	0	0	0	0	0	0	0	
44532	Frontal_Med_Orb_L	0	0	2126	0	5116	584	0	0	1174	0	106	0	0	0	428	0	0	0	112	0	262	268	3396	212	0	910	2584	174	292	0	3640	0	0	0	0	0	0	0	0	0	0	0	0	0	0	0	0	0	0	0	0	0	0	0	0	0	0	0	0	0	0	0	0	0	0	0	0	0	0	0	342	0	540	0	0	0	0	0	0	0	0	0	0	0	0	0	0	0	0	0	0	0	0	0	0	0	0	0	0	0	0	0	0	0	0	0	0	0	0	0	0	0	0	0	0	0	
108540	Frontal_Med_Orb_R	0	0	0	5358	0	11194	0	0	0	304	0	0	0	0	0	94	0	0	0	0	274	880	574	8586	910	0	98	6936	0	662	3270	7400	0	0	0	0	0	0	0	0	0	0	0	0	0	0	0	0	0	0	0	0	0	0	0	0	0	0	0	0	0	0	0	0	0	0	0	0	0	0	0	3350	0	4380	0	0	0	0	0	0	0	0	0	0	0	0	0	0	0	0	0	0	0	0	0	0	0	0	0	0	0	0	0	0	0	0	0	0	0	0	0	0	0	0	0	0	
51688	Rectus_L	0	0	624	0	5124	0	0	0	172	0	0	0	0	0	1242	0	0	0	0	0	2994	2784	846	0	2584	98	0	480	188	0	2870	888	0	0	0	0	0	0	0	0	0	0	0	0	0	0	0	0	0	0	0	0	0	0	0	0	0	0	0	0	0	0	0	0	0	0	0	0	0	0	2982	1264	704	0	0	0	0	0	0	0	0	0	0	0	0	0	0	0	0	0	0	0	0	0	0	0	0	0	0	0	0	0	0	0	0	0	0	0	0	0	0	0	0	0	0	0	
61388	Rectus_R	0	0	0	750	0	7316	0	0	0	482	0	0	0	0	0	906	0	0	0	0	558	3006	0	922	174	6936	480	0	0	558	706	3324	0	0	0	0	0	0	0	0	0	0	0	0	0	0	0	0	0	0	0	0	0	0	0	0	0	0	0	0	0	0	0	0	0	0	0	0	0	0	708	2780	340	748	0	0	0	0	0	0	0	0	0	0	0	0	0	0	0	0	0	0	0	0	0	0	0	0	0	0	0	0	0	0	0	0	0	0	0	0	0	0	0	0	0	0	
636000	Insula_L	6912	0	43128	694	5812	0	24634	0	1190	0	20700	0	31872	0	16268	0	24324	0	16936	970	2084	104	9330	924	292	0	188	0	0	134	9662	1686	0	354	0	0	7772	0	394	0	588	0	0	0	0	0	0	0	0	0	268	0	134	0	3328	0	3342	0	0	0	0	0	534	0	114	0	0	0	0	0	11498	3608	32368	512	726	0	2394	0	8790	0	11564	0	4362	0	1678	0	0	0	5828	0	0	0	0	0	0	0	0	0	0	0	0	0	0	0	0	0	0	0	0	0	0	0	0	0	0	0	
352768	Insula_R	0	1786	150	16846	0	1820	0	8924	0	1976	188	14900	0	19866	0	8410	102	10006	1570	6196	0	1682	588	9346	0	662	0	558	134	0	686	12570	200	4306	0	0	0	6358	0	946	0	132	0	0	0	0	0	0	0	0	0	0	0	0	0	3236	0	948	0	0	0	0	0	0	0	0	0	0	0	0	1016	10470	0	19030	0	624	0	684	0	394	0	2952	0	3562	0	368	0	0	0	2192	0	0	0	0	0	0	0	0	0	0	0	0	0	0	0	0	0	0	0	0	0	0	0	0	0	0	
509312	Cingulum_Ant_L	266	0	33310	10770	4688	1604	6040	1764	0	106	3868	360	2184	562	1030	0	1228	0	16374	3078	1780	1962	44444	16066	3640	3270	2870	706	9662	686	0	34540	7824	12350	748	0	0	0	0	0	0	0	0	0	0	0	0	0	0	0	0	0	0	0	0	0	128	0	0	0	0	0	0	0	0	0	0	0	484	0	8770	3690	10962	1314	406	0	0	0	0	0	478	0	644	0	0	0	0	0	0	0	0	0	0	0	0	0	0	0	0	0	0	0	0	0	0	0	0	0	0	0	0	0	0	0	0	0	
728196	Cingulum_Ant_R	168	246	9476	48026	0	3844	1718	6826	0	364	2550	9700	414	8588	0	958	1714	482	7652	17150	1124	2472	28560	49154	0	7400	888	3324	1686	12570	34540	0	5534	33932	0	0	0	470	0	102	0	0	0	0	0	0	0	0	0	0	0	0	0	0	0	0	0	216	0	0	0	0	0	0	0	0	0	0	0	0	4752	34678	1092	20620	0	94	0	0	104	0	294	0	0	616	0	0	0	0	0	0	0	0	0	0	0	0	0	0	0	0	0	0	0	0	0	0	0	0	0	0	0	0	0	0	0	0	
160608	Cingulum_Mid_L	816	0	4334	4824	0	0	556	1164	0	0	0	390	0	986	0	0	0	0	10848	4816	0	0	7328	2910	0	0	0	0	0	200	7824	5534	0	12898	4738	652	0	0	0	0	0	0	208	140	254	0	136	0	0	0	896	0	0	0	0	0	0	0	174	0	0	0	0	0	0	0	1892	354	4768	482	182	0	0	0	0	0	0	0	0	0	0	0	0	0	0	0	0	0	0	0	0	0	0	0	0	0	0	0	0	0	0	0	0	0	0	0	0	0	0	0	0	0	0	0	0	0	
564776	Cingulum_Mid_R	2428	550	6448	24874	0	0	1326	4380	0	0	420	3684	106	5654	0	90	312	234	16746	52202	0	0	18860	18984	0	0	0	0	354	4306	12350	33932	12898	0	414	9588	0	0	0	0	0	0	0	3318	0	3088	0	600	0	1952	0	1238	0	364	0	2024	0	332	0	124	0	120	0	316	0	212	438	12462	2724	12202	668	2806	0	2608	0	0	0	200	0	0	0	956	0	0	0	1876	0	0	0	620	0	0	0	0	0	0	0	0	0	0	0	0	0	0	0	0	0	0	0	0	0	0	0	0	0	0	
75768	Cingulum_Post_L	566	0	116	0	0	0	0	0	0	0	0	0	0	0	0	0	0	0	700	550	0	0	0	0	0	0	0	0	0	0	748	0	4738	414	0	4598	2076	1034	462	256	0	0	2318	0	212	0	1034	590	0	0	748	0	0	0	0	0	104	0	346	0	298	0	0	0	0	0	5748	1426	7458	102	0	0	0	0	0	0	1242	0	0	0	0	0	0	0	0	0	0	0	0	0	0	0	0	0	0	0	0	0	0	0	0	0	0	0	0	0	0	0	0	0	0	0	0	0	0	0	
106712	Cingulum_Post_R	262	812	114	0	0	0	0	0	0	0	0	0	0	0	0	0	0	0	126	8018	0	0	0	0	0	0	0	0	0	0	0	0	652	9588	4598	0	1782	2216	462	918	0	0	0	1348	0	340	0	2200	0	370	0	238	0	0	0	556	0	0	0	0	0	0	0	0	0	0	332	11998	948	2598	0	0	0	0	0	0	2022	290	0	0	0	0	0	0	0	152	0	0	0	0	0	0	0	0	0	0	0	0	0	0	0	0	0	0	0	0	0	0	0	0	416	0	0	0	0	0	
144296	Hippocampus_L	2132	0	2670	106	0	0	3074	0	0	0	0	0	0	0	292	0	970	0	3112	198	464	0	0	0	0	0	0	0	7772	0	0	0	0	0	2076	1782	0	682	5982	164	3728	0	288	0	0	0	896	696	0	0	0	0	204	0	8818	0	180	0	0	0	0	0	0	0	0	0	1084	852	448	0	204	102	5364	0	520	0	3790	0	4040	0	1058	0	1006	0	500	0	0	0	6784	0	0	0	0	0	0	0	0	0	0	0	0	0	0	0	0	0	0	0	0	110	0	0	0	0	0	0	
178364	Hippocampus_R	0	2248	0	4602	0	0	0	4132	0	0	0	436	0	124	0	0	0	392	172	1582	0	106	0	506	0	0	0	0	0	6358	0	470	0	0	1034	2216	682	0	126	17268	0	6878	0	0	0	0	0	664	0	0	0	0	0	0	0	20420	0	182	0	0	0	0	0	0	0	0	0	1314	0	0	0	598	0	7400	0	842	792	3018	0	242	0	1342	0	404	0	484	0	126	0	1932	0	0	0	0	0	0	0	0	0	0	0	0	0	0	0	0	0	0	0	0	90	0	0	0	0	0	
34672	ParaHippocampal_L	0	0	0	0	0	0	0	0	0	0	0	0	0	0	0	0	0	0	0	0	100	0	0	0	0	0	0	0	394	0	0	0	0	0	462	462	5982	126	0	0	1132	0	0	0	0	0	690	368	0	0	194	0	554	0	3844	0	0	0	0	0	0	0	0	0	0	0	0	356	0	0	0	0	370	0	0	0	192	0	228	0	0	0	206	0	0	0	184	0	406	0	0	0	0	0	290	0	454	0	190	0	0	0	0	0	0	0	0	0	0	152	0	0	0	0	0	0	
100172	ParaHippocampal_R	0	324	0	1160	0	0	0	926	0	0	0	0	0	0	0	0	0	0	0	464	0	260	0	94	0	0	0	0	0	946	0	102	0	0	256	918	164	17268	0	0	0	5362	0	0	0	0	0	984	0	0	0	0	0	0	0	11704	0	0	0	0	0	0	0	0	0	0	0	912	0	0	0	118	0	3826	0	482	210	940	0	0	0	0	0	1474	0	0	0	560	0	0	0	94	0	0	0	0	0	164	0	260	0	0	0	0	0	114	0	0	0	0	0	0	0	0	0	0	
19976	Amygdala_L	0	0	0	0	0	0	0	0	0	0	0	0	0	0	212	0	0	0	0	0	666	0	0	0	0	0	0	0	588	0	0	0	0	0	0	0	3728	0	1132	0	0	0	0	0	0	0	0	0	0	0	0	0	0	0	2430	0	0	0	0	0	0	0	0	0	0	0	0	0	0	0	0	0	144	0	0	0	0	0	0	0	0	0	386	0	0	0	170	0	532	0	0	0	0	0	0	0	0	0	0	0	0	0	0	0	0	0	0	0	0	0	0	0	0	0	0	0	
40652	Amygdala_R	0	0	0	0	0	0	0	0	0	0	0	0	0	0	0	0	0	0	0	0	0	414	0	0	0	0	0	0	0	132	0	0	0	0	0	0	0	6878	0	5362	0	0	0	0	0	0	0	0	0	0	0	0	0	0	0	4932	0	0	0	0	0	0	0	0	0	0	0	0	0	0	0	0	0	628	0	0	0	0	0	0	0	0	0	1860	0	0	0	120	0	0	0	0	0	0	0	0	0	0	0	0	0	0	0	0	0	0	0	0	0	0	0	0	0	0	0	0	
111324	Calcarine_L	0	0	0	0	0	0	0	0	0	0	0	0	0	0	0	0	198	0	0	0	0	0	0	0	0	0	0	0	0	0	0	0	208	0	2318	0	288	0	0	0	0	0	0	2538	5130	1556	6614	884	7002	872	15490	452	3106	0	424	0	192	0	368	0	328	0	0	0	108	0	6394	382	406	0	0	0	0	0	0	0	0	0	0	0	0	0	0	0	404	0	0	0	0	0	0	0	0	0	0	0	0	0	0	0	0	0	0	0	0	0	0	0	0	0	0	0	0	0	0	0	
239732	Calcarine_R	0	1220	0	114	0	0	0	270	0	0	0	0	0	0	0	0	0	0	0	2906	0	0	0	0	0	0	0	0	0	0	0	0	140	3318	0	1348	0	0	0	0	0	0	2538	0	2284	16116	0	8246	0	20370	0	18248	0	7700	0	9190	0	148	0	332	0	0	0	0	0	1632	0	13300	0	3208	0	0	0	0	0	0	0	0	0	0	0	0	0	0	0	4726	0	0	0	2512	0	0	0	0	0	0	0	0	0	0	0	0	0	0	0	0	0	0	0	0	0	0	0	0	0	0	
113876	Cuneus_L	0	0	0	0	0	0	0	0	0	0	0	0	0	0	0	0	0	0	0	0	0	0	0	0	0	0	0	0	0	0	0	0	254	0	212	0	0	0	0	0	0	0	5130	2284	0	3610	484	340	12594	1598	12246	104	532	0	0	0	1970	0	4864	0	1634	0	0	0	0	0	7424	0	944	0	0	0	0	0	0	0	0	0	0	0	0	0	0	0	714	0	0	0	0	0	0	0	0	0	0	0	0	0	0	0	0	0	0	0	0	0	0	0	0	0	0	0	0	0	0	0	
203104	Cuneus_R	0	524	0	0	0	0	0	0	0	0	0	0	0	0	0	0	0	0	0	2568	0	0	0	0	0	0	0	0	0	0	0	0	0	3088	0	340	0	0	0	0	0	0	1556	16116	3610	0	0	1638	0	26930	0	12472	0	724	0	436	0	2826	0	3976	0	0	0	0	0	752	690	18228	0	3878	0	0	0	0	0	0	0	0	0	0	0	0	0	0	0	976	0	0	0	224	0	0	0	0	0	0	0	0	0	0	0	0	0	0	0	0	0	0	0	0	0	0	0	0	0	0	
190044	Lingual_L	0	0	0	0	0	0	0	0	0	0	0	0	0	0	0	0	0	0	0	0	0	0	0	0	0	0	0	0	0	0	0	0	136	0	1034	0	896	0	690	0	0	0	6614	0	484	0	0	2904	1584	0	12368	0	9726	0	10650	668	0	0	124	0	96	0	0	0	0	0	1880	0	0	0	0	0	0	0	0	0	0	0	0	0	0	0	0	0	0	0	0	0	238	0	5484	2116	0	0	0	0	8418	2160	12194	4364	0	0	0	0	0	0	0	0	106	0	4472	5168	346	0	0	102	
151768	Lingual_R	0	204	0	0	0	0	0	0	0	0	0	0	0	0	0	0	0	0	0	418	0	0	0	0	0	0	0	0	0	0	0	0	0	600	590	2200	696	664	368	984	0	0	884	8246	340	1638	2904	0	0	2142	0	718	292	1748	1712	9642	0	0	0	0	0	0	0	0	0	0	0	4282	0	260	0	0	0	0	0	0	170	0	0	0	0	0	0	0	0	0	0	0	0	102	2068	3006	540	180	0	0	1788	3098	6168	6452	0	0	0	0	0	0	0	0	0	0	3800	6622	186	0	0	172	
107956	Occipital_Sup_L	0	0	0	0	0	0	0	0	0	0	0	0	0	0	0	0	0	0	0	0	0	0	0	0	0	0	0	0	0	0	0	0	0	0	0	0	0	0	0	0	0	0	7002	0	12594	0	1584	0	0	0	18692	0	2624	0	0	0	758	0	2590	0	310	0	0	0	0	0	7696	0	128	0	0	0	0	0	0	0	0	0	0	0	0	0	0	0	0	0	0	0	0	0	0	0	0	0	0	0	0	0	0	0	0	0	0	0	0	0	0	0	0	0	0	0	0	0	0	0	
222888	Occipital_Sup_R	0	586	0	0	0	0	0	0	0	0	0	0	0	0	0	0	0	0	0	2198	0	0	0	0	0	0	0	0	0	0	0	0	0	1952	0	370	0	0	0	0	0	0	872	20370	1598	26930	0	2142	0	0	0	23286	0	1526	0	674	0	564	0	4456	0	0	0	0	0	5106	0	12130	0	2418	0	0	0	0	0	0	0	0	0	0	0	0	0	0	0	3324	0	0	0	942	0	0	0	0	0	0	0	0	0	0	0	0	0	0	0	0	0	0	0	0	0	0	0	0	0	0	
399916	Occipital_Mid_L	5014	0	0	0	0	0	1534	0	0	0	0	0	0	0	0	0	1592	0	0	0	0	0	0	0	0	0	0	0	268	0	0	0	896	0	748	0	0	0	194	0	0	0	15490	0	12246	0	12368	0	18692	0	0	0	21600	0	2908	0	5856	0	19184	0	22104	0	432	0	17324	0	10996	0	6452	0	0	0	0	0	0	0	0	0	162	0	1392	0	0	0	18650	0	0	0	3856	0	0	0	0	0	0	0	0	0	0	0	0	0	0	0	0	0	0	0	0	0	0	0	0	0	0	0	
186524	Occipital_Mid_R	0	846	0	0	0	0	0	96	0	0	0	0	0	0	0	0	0	0	0	1428	0	0	0	0	0	0	0	0	0	0	0	0	0	1238	0	238	0	0	0	0	0	0	452	18248	104	12472	0	718	0	23286	0	0	0	4350	0	998	0	310	0	1096	0	0	0	0	0	8540	0	7614	0	1704	0	0	0	0	0	0	0	0	0	0	0	0	0	0	0	7898	0	0	0	1626	0	0	0	0	0	0	0	0	0	0	0	0	0	0	0	0	0	0	0	0	0	0	0	0	0	0	
119584	Occipital_Inf_L	108	0	0	0	0	0	0	0	0	0	0	0	0	0	0	0	564	0	0	0	0	0	0	0	0	0	0	0	134	0	0	0	0	0	0	0	204	0	554	0	0	0	3106	0	532	0	9726	292	2624	0	21600	0	0	0	8776	0	0	0	0	0	182	0	112	0	112	0	0	0	0	0	0	0	0	0	0	0	0	0	1326	0	1718	0	0	0	2724	0	0	0	3870	0	0	0	0	0	0	0	280	0	786	90	0	0	0	0	0	0	0	0	0	0	0	372	0	0	0	0	
67652	Occipital_Inf_R	0	350	0	118	0	0	0	222	0	0	0	0	0	0	0	0	0	0	0	322	0	0	0	0	0	0	0	0	0	0	0	0	0	364	0	0	0	0	0	0	0	0	0	7700	0	724	0	1748	0	1526	0	4350	0	0	0	5882	0	0	0	0	0	0	0	0	0	222	0	1804	0	270	0	0	0	0	0	0	0	0	0	0	0	0	0	0	0	2888	0	0	0	4782	0	0	0	0	0	0	94	102	0	246	0	0	0	0	0	0	0	0	0	0	112	0	0	0	0	0	
291844	Fusiform_L	0	0	186	0	0	0	0	0	0	0	0	0	0	0	100	0	338	0	170	0	406	0	0	0	0	0	0	0	3328	0	0	0	0	0	0	0	8818	0	3844	0	2430	0	424	0	0	0	10650	1712	0	0	2908	0	8776	0	0	376	0	0	0	0	140	0	0	0	0	0	0	0	0	0	0	0	1448	0	0	0	150	0	1592	0	2972	0	2300	0	2532	0	2250	0	16686	0	20276	836	1156	0	408	0	11098	726	27486	1922	684	0	536	0	0	0	0	0	0	0	2634	3312	312	0	0	0	
300908	Fusiform_R	0	1892	0	342	0	0	0	574	0	0	0	0	0	0	0	0	0	0	0	1318	0	0	0	0	0	0	0	0	0	3236	0	0	0	2024	0	556	0	20420	0	11704	0	4932	0	9190	0	436	668	9642	0	674	0	998	0	5882	376	0	0	0	0	0	0	0	0	0	0	0	0	5662	0	1050	0	0	0	3806	0	322	0	0	0	656	0	3220	0	7388	0	2500	0	4282	0	10652	570	11180	108	438	0	0	678	3400	1648	13796	0	0	0	194	0	0	0	0	0	0	1506	2316	218	0	0	0	
200116	Postcentral_L	21100	0	2552	0	0	0	1554	0	0	0	3882	0	632	0	0	0	9136	0	4464	0	0	0	0	0	0	0	0	0	3342	0	128	0	0	0	104	0	180	0	0	0	0	0	192	0	1970	0	0	0	758	0	5856	0	0	0	0	0	0	0	5472	0	17494	0	6922	0	1976	0	2882	0	2674	0	398	94	706	0	388	0	766	0	704	0	2804	0	0	0	794	0	0	0	134	0	0	0	0	0	0	0	0	0	0	0	0	0	0	0	0	0	0	0	0	0	0	0	0	0	0	0	
119012	Postcentral_R	0	9940	0	1692	0	0	0	1900	0	0	0	1068	0	0	0	0	0	1482	0	2698	0	0	0	94	0	0	0	0	0	948	0	216	0	332	0	0	0	182	0	0	0	0	0	148	0	2826	0	0	0	564	0	310	0	0	0	0	0	0	0	6194	0	4008	0	9904	0	216	0	6402	0	4680	0	282	0	1418	0	0	0	286	0	96	0	806	0	0	0	164	0	0	0	650	0	0	0	0	0	0	0	0	0	0	0	0	0	0	0	0	0	0	0	0	0	0	0	0	0	0	
126492	Parietal_Sup_L	1740	0	0	0	0	0	622	0	0	0	0	0	0	0	0	0	150	0	0	0	0	0	0	0	0	0	0	0	0	0	0	0	174	0	346	0	0	0	0	0	0	0	368	0	4864	0	124	0	2590	0	19184	0	0	0	0	0	5472	0	0	0	11076	0	0	0	2902	0	10980	0	2146	0	0	0	0	0	0	0	0	0	0	0	138	0	0	0	236	0	0	0	134	0	0	0	0	0	0	0	0	0	0	0	0	0	0	0	0	0	0	0	0	0	0	0	0	0	0	0	
62992	Parietal_Sup_R	0	0	0	0	0	0	0	0	0	0	0	0	0	0	0	0	0	0	0	0	0	0	0	0	0	0	0	0	0	0	0	0	0	124	0	0	0	0	0	0	0	0	0	332	0	3976	0	0	0	4456	0	1096	0	0	0	0	0	6194	0	0	0	2926	0	438	0	1314	1448	9192	0	0	0	0	0	0	0	0	0	0	0	0	0	0	0	0	0	0	0	0	0	0	0	0	0	0	0	0	0	0	0	0	0	0	0	0	0	0	0	0	0	0	0	0	0	0	0	0	
224592	Parietal_Inf_L	5542	0	0	0	0	0	476	0	0	0	0	0	0	0	0	0	1152	0	0	0	0	0	0	0	0	0	0	0	0	0	0	0	0	0	298	0	0	0	0	0	0	0	328	0	1634	0	96	0	310	0	22104	0	182	0	140	0	17494	0	11076	0	0	0	10854	0	24958	0	1640	0	2058	0	0	0	0	0	0	0	0	0	0	0	1370	0	0	0	9508	0	0	0	1076	0	0	0	0	0	0	0	0	0	0	0	0	0	0	0	0	0	0	0	0	0	0	0	0	0	0	0	
55220	Parietal_Inf_R	0	822	0	0	0	0	0	130	0	0	0	0	0	0	0	0	0	0	0	246	0	0	0	0	0	0	0	0	0	0	0	0	0	120	0	0	0	0	0	0	0	0	0	0	0	0	0	0	0	0	0	0	0	0	0	0	0	4008	0	2926	0	0	0	10560	0	5594	0	526	0	268	0	0	0	0	0	0	0	0	0	0	0	736	0	0	0	1674	0	0	0	0	0	0	0	0	0	0	0	0	0	0	0	0	0	0	0	0	0	0	0	0	0	0	0	0	0	0	
82812	SupraMarginal_L	626	0	0	0	0	0	104	0	0	0	0	0	0	0	0	0	2158	0	0	0	0	0	0	0	0	0	0	0	534	0	0	0	0	0	0	0	0	0	0	0	0	0	0	0	0	0	0	0	0	0	432	0	112	0	0	0	6922	0	0	0	10854	0	0	0	7054	0	0	0	0	0	0	0	0	0	0	0	0	0	0	0	5680	0	0	0	6432	0	0	0	498	0	0	0	0	0	0	0	0	0	0	0	0	0	0	0	0	0	0	0	0	0	0	0	0	0	0	0	
85252	SupraMarginal_R	0	2088	0	0	0	0	0	312	0	0	0	0	0	0	0	0	0	1498	0	2094	0	0	0	0	0	0	0	0	0	0	0	0	0	316	0	0	0	0	0	0	0	0	0	0	0	0	0	0	0	0	0	0	0	0	0	0	0	9904	0	438	0	10560	0	0	0	4636	0	0	0	2098	0	0	0	0	0	0	0	0	0	114	0	5384	0	0	0	3184	0	0	0	0	0	0	0	0	0	0	0	0	0	0	0	0	0	0	0	0	0	0	0	0	0	0	0	0	0	0	
148764	Angular_L	916	0	0	0	0	0	0	0	0	0	0	0	0	0	0	0	602	0	0	0	0	0	0	0	0	0	0	0	114	0	0	0	0	0	0	0	0	0	0	0	0	0	108	0	0	0	0	0	0	0	17324	0	112	0	0	0	1976	0	2902	0	24958	0	7054	0	0	0	92	0	452	0	0	0	0	0	0	0	0	0	108	0	1390	0	0	0	14552	0	0	0	1722	0	0	0	0	0	0	0	0	0	0	0	0	0	0	0	0	0	0	0	0	0	0	0	0	0	0	0	
71192	Angular_R	0	150	0	0	0	0	0	0	0	0	0	0	0	0	0	0	0	0	0	302	0	0	0	0	0	0	0	0	0	0	0	0	0	212	0	0	0	0	0	0	0	0	0	1632	0	752	0	0	0	5106	0	8540	0	222	0	0	0	216	0	1314	0	5594	0	4636	0	0	0	762	0	354	0	0	0	0	0	0	0	0	0	0	0	1432	0	0	0	4082	0	0	0	290	0	0	0	0	0	0	0	0	0	0	0	0	0	0	0	0	0	0	0	0	0	0	0	0	0	0	
139412	Precuneus_L	346	0	0	0	0	0	0	0	0	0	0	0	0	0	0	0	0	0	0	0	0	0	0	0	0	0	0	0	0	0	0	0	1892	438	5748	332	1084	0	0	0	0	0	6394	0	7424	690	1880	0	7696	0	10996	0	0	0	0	0	2882	0	10980	1448	1640	0	0	0	92	0	0	2920	4624	0	0	0	0	0	0	0	0	0	0	0	0	0	0	0	200	0	0	0	0	0	0	0	0	0	0	0	0	0	0	0	0	0	0	0	0	0	0	0	0	0	0	0	0	0	0	0	
274376	Precuneus_R	0	1458	0	0	0	0	0	0	0	0	0	0	0	0	0	0	0	0	0	8558	0	0	0	0	0	0	0	0	0	0	0	0	354	12462	1426	11998	852	1314	356	912	0	0	382	13300	0	18228	0	4282	0	12130	0	7614	0	1804	0	5662	0	6402	0	9192	0	526	0	0	0	762	2920	0	308	9510	0	0	0	0	0	0	308	0	0	0	0	0	0	0	0	2504	0	0	0	1186	0	0	0	0	0	0	0	0	0	0	0	0	0	0	0	0	0	0	0	0	478	0	0	0	0	0	
135580	Paracentral_Lobule_L	14242	270	5130	480	0	0	176	0	0	0	0	0	0	0	0	0	0	0	4442	3676	0	0	0	0	0	0	0	0	0	0	484	0	4768	2724	7458	948	448	0	0	0	0	0	406	0	944	0	0	0	128	0	6452	0	0	0	0	0	2674	0	2146	0	2058	0	0	0	452	0	4624	308	0	402	108	186	0	0	0	0	1000	0	0	0	0	0	0	0	656	0	0	0	0	0	0	0	0	0	0	0	0	0	0	0	0	0	0	0	0	0	0	0	0	0	0	0	0	0	0	0	
157184	Paracentral_Lobule_R	0	5618	0	132	0	0	0	714	0	0	0	0	0	0	0	0	0	188	0	22290	0	0	0	0	0	0	0	0	0	0	0	0	482	12202	102	2598	0	0	0	0	0	0	0	3208	0	3878	0	260	0	2418	0	1704	0	270	0	1050	0	4680	0	0	0	268	0	2098	0	354	0	9510	402	0	0	0	0	0	0	0	0	0	0	0	0	1450	0	0	0	2022	0	0	0	694	0	0	0	0	0	0	0	0	0	0	0	0	0	0	0	0	0	0	0	0	0	0	0	0	0	0	
255512	Caudate_L	1110	0	5704	2866	1376	298	1080	0	0	0	6992	414	4274	0	1364	0	5504	0	10258	3118	4556	6136	2618	1302	342	0	2982	708	11498	1016	8770	4752	182	668	0	0	204	0	0	0	0	0	0	0	0	0	0	0	0	0	0	0	0	0	0	0	398	0	0	0	0	0	0	0	0	0	0	0	108	0	0	12378	15908	1288	748	0	4844	0	250	0	1390	0	352	0	0	0	0	0	0	0	0	0	0	0	0	0	0	0	0	0	0	0	0	0	0	0	0	0	0	0	0	0	0	0	0	0	
449212	Caudate_R	380	694	1616	22902	0	2864	688	1380	0	362	5318	7554	1530	4384	0	1368	2402	1380	2322	24828	1360	5664	2366	17564	0	3350	1264	2780	3608	10470	3690	34678	0	2806	0	0	102	598	0	118	0	0	0	0	0	0	0	0	0	0	0	0	0	0	0	0	94	282	0	0	0	0	0	0	0	0	0	0	186	0	12378	0	2228	22598	0	1352	0	11792	114	0	488	0	0	704	0	0	0	0	0	0	0	0	0	0	0	0	0	0	0	0	0	0	0	0	0	0	0	0	0	0	0	0	0	0	0	0	
337400	Putamen_L	640	0	17408	1154	2770	166	1394	0	0	0	5734	0	6162	0	4492	0	7190	0	21676	1098	1036	2088	5566	0	540	0	704	340	32368	0	10962	1092	0	0	0	0	5364	0	370	0	144	0	0	0	0	0	0	0	0	0	0	0	0	0	1448	0	706	0	0	0	0	0	0	0	0	0	0	0	0	0	15908	2228	0	150	5434	0	5238	0	760	0	3670	0	778	0	0	0	0	0	1922	0	0	0	0	0	0	0	0	0	0	0	0	0	0	0	0	0	0	0	0	0	0	0	0	0	0	0	
326880	Putamen_R	0	1922	544	15828	0	2720	102	5612	0	1310	660	6134	0	4926	0	2310	742	3112	1680	6208	0	0	1008	14424	0	4380	0	748	512	19030	1314	20620	0	2608	0	0	0	7400	0	3826	0	628	0	0	0	0	0	0	0	0	0	0	0	0	0	3806	0	1418	0	0	0	0	0	0	0	0	0	0	0	0	1288	22598	150	0	0	1776	0	1304	0	0	146	0	0	646	0	0	0	0	0	0	0	0	0	0	0	0	0	0	0	0	0	0	0	0	0	0	0	0	0	0	0	0	0	0	0	0	
34864	Pallidum_L	196	0	1284	90	0	0	0	0	0	0	0	0	0	0	0	0	222	0	5328	106	0	0	266	0	0	0	0	0	726	0	406	0	0	0	0	0	520	0	0	0	0	0	0	0	0	0	0	0	0	0	0	0	0	0	0	0	388	0	0	0	0	0	0	0	0	0	0	0	0	0	748	0	5434	0	0	0	1718	0	0	0	0	0	0	0	0	0	0	0	0	0	0	0	0	0	0	0	0	0	0	0	0	0	0	0	0	0	0	0	0	0	0	0	0	0	0	0	
16704	Pallidum_R	0	0	0	1504	0	0	0	106	0	0	0	0	0	0	0	0	0	392	0	516	0	0	0	102	0	0	0	0	0	624	0	94	0	0	0	0	0	842	0	482	0	0	0	0	0	0	0	0	0	0	0	0	0	0	0	322	0	0	0	0	0	0	0	0	0	0	0	0	0	0	0	1352	0	1776	0	0	0	240	0	0	0	0	0	0	0	0	0	0	0	0	0	0	0	0	0	0	0	0	0	0	0	0	0	0	0	0	0	0	0	0	0	0	0	0	0	0	
108164	Thalamus_L	5720	0	5516	0	0	0	518	0	0	0	868	0	0	0	0	0	2730	0	11160	432	0	0	0	0	0	0	0	0	2394	0	0	0	0	0	1242	2022	3790	792	192	210	0	0	0	0	0	0	0	170	0	0	0	0	0	0	150	0	766	0	0	0	0	0	0	0	0	0	0	308	1000	0	4844	0	5238	0	1718	0	0	1254	768	0	110	0	0	0	0	0	0	0	170	0	0	0	0	0	0	0	0	0	0	0	0	0	0	0	0	0	0	0	0	0	0	0	0	0	0	0	
84952	Thalamus_R	0	1034	0	3654	0	0	0	1112	0	0	0	162	0	0	0	0	0	98	198	16210	0	0	0	0	0	0	0	0	0	684	0	0	0	200	0	290	0	3018	0	940	0	0	0	0	0	0	0	0	0	0	0	0	0	0	0	0	0	286	0	0	0	0	0	0	0	0	0	0	0	0	0	11792	0	1304	0	240	1254	0	0	0	0	0	0	0	0	0	0	0	0	0	0	0	0	0	0	0	0	0	0	0	0	0	0	0	0	0	0	0	0	0	0	0	0	0	0	0	
68936	Heschl_L	2590	0	2306	96	0	0	3764	0	0	0	566	0	142	0	0	0	1608	0	1168	0	0	0	0	0	0	0	0	0	8790	0	0	104	0	0	0	0	4040	0	228	0	0	0	0	0	0	0	0	0	0	0	162	0	1326	0	1592	0	704	0	0	0	0	0	0	0	108	0	0	0	0	0	250	114	760	0	0	0	768	0	0	0	1982	0	0	0	206	0	0	0	1094	0	0	0	0	0	0	0	0	0	0	0	0	0	0	0	0	0	0	0	0	0	0	0	0	0	0	0	
12972	Heschl_R	0	0	0	114	0	0	0	0	0	0	0	0	0	0	0	0	0	822	0	0	0	0	0	0	0	0	0	0	0	394	0	0	0	0	0	0	0	242	0	0	0	0	0	0	0	0	0	0	0	0	0	0	0	0	0	656	0	96	0	0	0	0	0	114	0	0	0	0	0	0	0	0	0	0	0	0	0	0	0	0	0	2352	0	0	0	866	0	0	0	830	0	0	0	0	0	0	0	0	0	0	0	0	0	0	0	0	0	0	0	0	0	0	0	0	0	0	
232148	Temporal_Sup_L	1178	0	2414	0	98	0	162	0	0	0	4478	0	708	0	0	0	10740	0	2002	116	0	0	246	144	0	0	0	0	11564	0	478	294	0	0	0	0	1058	0	0	0	0	0	0	0	0	0	0	0	0	0	1392	0	1718	0	2972	0	2804	0	138	0	1370	0	5680	0	1390	0	0	0	0	0	1390	488	3670	146	0	0	110	0	1982	0	0	0	7640	0	26800	0	126	0	20578	0	0	0	0	0	0	0	0	0	0	0	0	0	0	0	0	0	0	0	0	0	0	0	0	0	0	0	
96256	Temporal_Sup_R	0	122	0	210	0	0	0	148	0	0	0	0	0	0	0	126	0	2102	0	1552	0	0	0	0	0	0	0	0	0	2952	0	0	0	956	0	0	0	1342	0	0	0	0	0	0	0	0	0	0	0	0	0	0	0	0	0	3220	0	806	0	0	0	736	0	5384	0	1432	0	0	0	1450	0	0	0	0	0	0	0	0	0	2352	0	0	0	2132	0	14434	0	1384	0	5288	0	0	0	0	0	0	0	0	0	0	0	0	0	0	0	0	0	0	0	0	0	0	0	0	0	0	
104164	Temporal_Pole_Sup_L	0	0	784	0	192	0	0	0	0	0	2480	0	490	0	1240	0	1824	0	272	0	592	0	492	0	0	0	0	0	4362	0	644	0	0	0	0	0	1006	0	206	0	386	0	0	0	0	0	0	0	0	0	0	0	0	0	2300	0	0	0	0	0	0	0	0	0	0	0	0	0	0	0	352	0	778	0	0	0	0	0	0	0	7640	0	0	0	10356	0	5784	0	9902	0	0	0	0	0	0	0	0	0	0	0	0	0	0	0	0	0	0	0	0	0	0	0	0	0	0	0	
75376	Temporal_Pole_Sup_R	0	0	0	2110	0	0	0	1344	0	0	0	662	0	0	0	952	0	2574	134	502	0	0	0	580	0	0	0	0	0	3562	0	616	0	0	0	0	0	404	0	1474	0	1860	0	0	0	0	0	0	0	0	0	0	0	0	0	7388	0	0	0	0	0	0	0	0	0	0	0	0	0	0	0	704	0	646	0	0	0	0	0	0	0	2132	0	0	0	2778	0	5206	0	2060	0	0	0	0	0	0	0	0	0	0	0	0	0	0	0	0	0	0	0	0	0	0	0	0	0	0	
278432	Temporal_Mid_L	1222	0	0	0	0	0	168	0	0	0	0	0	0	0	0	0	1622	0	0	0	0	0	0	0	0	0	0	0	1678	0	0	0	0	0	0	0	500	0	0	0	0	0	404	0	714	0	0	0	0	0	18650	0	2724	0	2532	0	794	0	236	0	9508	0	6432	0	14552	0	200	0	656	0	0	0	0	0	0	0	0	0	206	0	26800	0	10356	0	0	0	5420	0	33842	0	0	0	0	0	0	0	0	0	0	0	0	0	0	0	0	0	0	0	0	0	0	0	0	0	0	0	
167116	Temporal_Mid_R	0	1424	0	186	0	0	0	474	0	0	0	0	0	0	0	0	0	0	0	2222	0	0	0	0	0	0	0	0	0	368	0	0	0	1876	0	152	0	484	0	0	0	0	0	4726	0	976	0	0	0	3324	0	7898	0	2888	0	2500	0	164	0	0	0	1674	0	3184	0	4082	0	2504	0	2022	0	0	0	0	0	0	0	0	0	866	0	14434	0	2778	0	0	0	3662	0	18690	0	0	0	0	0	0	0	0	0	0	0	0	0	0	0	0	0	0	0	0	0	0	0	0	0	0	
39688	Temporal_Pole_Mid_L	0	0	0	0	0	0	0	0	0	0	0	0	0	0	0	0	0	0	0	0	0	0	0	0	0	0	0	0	0	0	0	0	0	0	0	0	0	0	184	0	170	0	0	0	0	0	0	0	0	0	0	0	0	0	2250	0	0	0	0	0	0	0	0	0	0	0	0	0	0	0	0	0	0	0	0	0	0	0	0	0	126	0	5784	0	5420	0	0	0	5910	0	0	0	0	0	0	0	0	0	0	0	0	0	0	0	0	0	0	0	0	0	0	0	0	0	0	0	
37964	Temporal_Pole_Mid_R	0	0	0	0	0	0	0	0	0	0	0	0	0	0	0	0	0	0	0	0	0	0	0	0	0	0	0	0	0	0	0	0	0	0	0	0	0	126	0	560	0	120	0	0	0	0	0	0	0	0	0	0	0	0	0	4282	0	0	0	0	0	0	0	0	0	0	0	0	0	0	0	0	0	0	0	0	0	0	0	0	0	1384	0	5206	0	3662	0	0	0	3642	0	0	0	0	0	0	0	0	0	0	0	0	0	0	0	0	0	0	0	0	0	0	0	0	0	0	
239912	Temporal_Inf_L	0	0	618	0	0	0	0	0	0	0	0	0	0	0	0	0	1098	0	512	0	0	0	0	0	0	0	0	0	5828	0	0	0	0	0	0	0	6784	0	406	0	532	0	0	0	0	0	238	0	0	0	3856	0	3870	0	16686	0	134	0	134	0	1076	0	498	0	1722	0	0	0	0	0	0	0	1922	0	0	0	170	0	1094	0	20578	0	9902	0	33842	0	5910	0	0	0	2258	0	102	0	0	0	0	0	186	0	0	0	0	0	0	0	0	0	0	0	0	0	0	0	0	0	
124424	Temporal_Inf_R	0	632	0	394	0	0	0	926	0	0	0	0	0	0	0	0	0	0	0	732	0	0	0	0	0	0	0	0	0	2192	0	0	0	620	0	0	0	1932	0	0	0	0	0	2512	0	224	0	102	0	942	0	1626	0	4782	0	10652	0	650	0	0	0	0	0	0	0	290	0	1186	0	694	0	0	0	0	0	0	0	0	0	830	0	5288	0	2060	0	18690	0	3642	0	0	0	614	0	0	0	0	0	0	0	0	0	0	0	0	0	0	0	0	0	0	0	0	0	0	0	0	
488948	Cerebelum_Crus1_L	0	0	0	0	0	0	0	0	0	0	0	0	0	0	0	0	0	0	0	0	0	0	0	0	0	0	0	0	0	0	0	0	0	0	0	0	0	0	0	0	0	0	0	0	0	0	5484	2068	0	0	0	0	0	0	20276	570	0	0	0	0	0	0	0	0	0	0	0	0	0	0	0	0	0	0	0	0	0	0	0	0	0	0	0	0	0	0	0	0	2258	0	0	8142	33036	8508	1176	454	15352	986	53394	8178	15330	2332	15188	7074	4824	2236	762	528	258	266	2920	12148	15564	1442	2778	942	
411240	Cerebelum_Crus1_R	0	0	0	0	0	0	0	0	0	0	0	0	0	0	0	0	0	0	0	0	0	0	0	0	0	0	0	0	0	0	0	0	0	0	0	0	0	0	0	94	0	0	0	0	0	0	2116	3006	0	0	0	0	0	0	836	11180	0	0	0	0	0	0	0	0	0	0	0	0	0	0	0	0	0	0	0	0	0	0	0	0	0	0	0	0	0	0	0	0	0	614	8142	0	3478	29938	0	3606	2142	15654	7668	56852	240	4738	818	16812	306	2018	0	0	0	298	5174	12690	12148	2310	2306	436	
326632	Cerebelum_Crus2_L	0	0	0	0	0	0	0	0	0	0	0	0	0	0	0	0	0	0	0	0	0	0	0	0	0	0	0	0	0	0	0	0	0	0	0	0	0	0	0	0	0	0	0	0	0	0	0	540	0	0	0	0	0	0	1156	108	0	0	0	0	0	0	0	0	0	0	0	0	0	0	0	0	0	0	0	0	0	0	0	0	0	0	0	0	0	0	0	0	102	0	33036	3478	0	10914	0	0	210	170	5466	2510	36032	4858	28996	8818	4528	1648	206	420	0	0	114	2872	12894	2112	1612	516	
320576	Cerebelum_Crus2_R	0	0	0	0	0	0	0	0	0	0	0	0	0	0	0	0	0	0	0	0	0	0	0	0	0	0	0	0	0	0	0	0	0	0	0	0	0	0	0	0	0	0	0	0	0	0	0	180	0	0	0	0	0	0	0	438	0	0	0	0	0	0	0	0	0	0	0	0	0	0	0	0	0	0	0	0	0	0	0	0	0	0	0	0	0	0	0	0	0	0	8508	29938	10914	0	0	346	178	1690	964	9184	3926	26120	5050	36982	540	4930	0	886	0	0	594	1544	14646	1338	1392	0	
22200	Cerebelum_3_L	0	0	0	0	0	0	0	0	0	0	0	0	0	0	0	0	0	0	0	0	0	0	0	0	0	0	0	0	0	0	0	0	0	0	0	0	0	0	290	0	0	0	0	0	0	0	0	0	0	0	0	0	0	0	408	0	0	0	0	0	0	0	0	0	0	0	0	0	0	0	0	0	0	0	0	0	0	0	0	0	0	0	0	0	0	0	0	0	0	0	1176	0	0	0	0	0	4890	0	2736	0	110	0	124	0	612	0	0	0	308	192	254	0	0	0	0	0	
47740	Cerebelum_3_R	0	0	0	0	0	0	0	0	0	0	0	0	0	0	0	0	0	0	0	0	0	0	0	0	0	0	0	0	0	0	0	0	0	0	0	0	0	0	0	0	0	0	0	0	0	0	0	0	0	0	0	0	0	0	0	0	0	0	0	0	0	0	0	0	0	0	0	0	0	0	0	0	0	0	0	0	0	0	0	0	0	0	0	0	0	0	0	0	0	0	454	3606	0	346	0	0	478	5074	584	5376	0	0	0	610	0	1080	0	0	588	1186	842	1560	582	556	536	412	
222300	Cerebelum_4_5_L	0	0	0	0	0	0	0	0	0	0	0	0	0	0	0	0	0	0	0	0	0	0	0	0	0	0	0	0	0	0	0	0	0	0	0	0	0	0	454	0	0	0	0	0	0	0	8418	1788	0	0	0	0	280	94	11098	678	0	0	0	0	0	0	0	0	0	0	0	0	0	0	0	0	0	0	0	0	0	0	0	0	0	0	0	0	0	0	0	0	0	0	15352	2142	210	178	4890	478	0	5010	32594	5466	544	0	606	0	724	598	0	0	598	608	13878	3514	0	0	0	950	
176064	Cerebelum_4_5_R	0	0	0	0	0	0	0	0	0	0	0	0	0	0	0	0	0	0	0	0	0	0	0	0	0	0	0	0	0	0	0	0	0	0	0	0	0	0	0	164	0	0	0	0	0	0	2160	3098	0	0	0	0	0	102	726	3400	0	0	0	0	0	0	0	0	0	0	0	0	0	0	0	0	0	0	0	0	0	0	0	0	0	0	0	0	0	0	0	0	0	0	986	15654	170	1690	0	5074	5010	0	2352	28956	0	0	170	1810	100	442	0	0	230	690	11476	1354	1090	444	328	356	
424160	Cerebelum_6_L	0	0	0	0	0	0	0	0	0	0	0	0	0	0	0	0	0	0	0	0	0	0	0	0	0	0	0	0	0	0	0	0	0	0	0	0	0	0	190	0	0	0	0	0	0	0	12194	6168	0	0	0	0	786	0	27486	1648	0	0	0	0	0	0	0	0	0	0	0	0	0	0	0	0	0	0	0	0	0	0	0	0	0	0	0	0	0	0	0	0	186	0	53394	7668	5466	964	2736	584	32594	2352	0	11494	2980	0	2164	294	2614	948	294	0	500	506	8878	19328	4746	478	1414	1026	
414772	Cerebelum_6_R	0	0	0	0	0	0	0	0	0	0	0	0	0	0	0	0	0	0	0	0	0	0	0	0	0	0	0	0	0	0	0	0	0	0	0	0	0	0	0	260	0	0	0	0	0	0	4364	6452	0	0	0	0	90	246	1922	13796	0	0	0	0	0	0	0	0	0	0	0	0	0	0	0	0	0	0	0	0	0	0	0	0	0	0	0	0	0	0	0	0	0	0	8178	56852	2510	9184	0	5376	5466	28956	11494	0	0	204	376	5258	208	1634	0	212	196	758	12390	16442	9658	2348	2070	486	
232144	Cerebelum_7b_L	0	0	0	0	0	0	0	0	0	0	0	0	0	0	0	0	0	0	0	0	0	0	0	0	0	0	0	0	0	0	0	0	0	0	0	0	0	0	0	0	0	0	0	0	0	0	0	0	0	0	0	0	0	0	684	0	0	0	0	0	0	0	0	0	0	0	0	0	0	0	0	0	0	0	0	0	0	0	0	0	0	0	0	0	0	0	0	0	0	0	15330	240	36032	3926	110	0	544	0	2980	0	0	2872	33624	4364	6676	270	1066	0	0	0	148	102	3864	2724	516	0	
158020	Cerebelum_7b_R	0	0	0	0	0	0	0	0	0	0	0	0	0	0	0	0	0	0	0	0	0	0	0	0	0	0	0	0	0	0	0	0	0	0	0	0	0	0	0	0	0	0	0	0	0	0	0	0	0	0	0	0	0	0	0	0	0	0	0	0	0	0	0	0	0	0	0	0	0	0	0	0	0	0	0	0	0	0	0	0	0	0	0	0	0	0	0	0	0	0	2332	4738	4858	26120	0	0	0	0	0	204	2872	0	2942	26992	0	3072	0	0	0	0	0	0	3666	1214	0	0	
257296	Cerebelum_8_L	0	0	0	0	0	0	0	0	0	0	0	0	0	0	0	0	0	0	0	0	0	0	0	0	0	0	0	0	0	0	0	0	0	0	0	0	0	0	0	0	0	0	0	0	0	0	0	0	0	0	0	0	0	0	536	0	0	0	0	0	0	0	0	0	0	0	0	0	0	0	0	0	0	0	0	0	0	0	0	0	0	0	0	0	0	0	0	0	0	0	15188	818	28996	5050	124	0	606	170	2164	376	33624	2942	0	7966	13752	892	1632	134	0	0	114	136	6224	5732	1378	94	
307572	Cerebelum_8_R	0	0	0	0	0	0	0	0	0	0	0	0	0	0	0	0	0	0	0	0	0	0	0	0	0	0	0	0	0	0	0	0	0	0	0	0	0	0	0	0	0	0	0	0	0	0	0	0	0	0	0	0	0	0	0	194	0	0	0	0	0	0	0	0	0	0	0	0	0	0	0	0	0	0	0	0	0	0	0	0	0	0	0	0	0	0	0	0	0	0	7074	16812	8818	36982	0	610	0	1810	294	5258	4364	26992	7966	0	1170	11436	0	1446	0	0	290	818	13514	5556	2382	0	
84608	Cerebelum_9_L	0	0	0	0	0	0	0	0	0	0	0	0	0	0	0	0	0	0	0	0	0	0	0	0	0	0	0	0	0	0	0	0	0	0	0	0	0	0	0	0	0	0	0	0	0	0	0	0	0	0	0	0	0	0	0	0	0	0	0	0	0	0	0	0	0	0	0	0	0	0	0	0	0	0	0	0	0	0	0	0	0	0	0	0	0	0	0	0	0	0	4824	306	4528	540	612	0	724	100	2614	208	6676	0	13752	1170	0	318	2068	0	0	0	0	206	1302	832	1162	362	
99168	Cerebelum_9_R	0	0	0	0	0	0	0	0	0	0	0	0	0	0	0	0	0	0	0	0	0	0	0	0	0	0	0	0	0	0	0	0	0	0	0	0	0	0	0	114	0	0	0	0	0	0	0	0	0	0	0	0	0	0	0	0	0	0	0	0	0	0	0	0	0	0	0	0	0	0	0	0	0	0	0	0	0	0	0	0	0	0	0	0	0	0	0	0	0	0	2236	2018	1648	4930	0	1080	598	442	948	1634	270	3072	892	11436	318	0	0	2064	972	948	708	3112	3844	2148	2594	1558	
12056	Cerebelum_10_L	0	0	0	0	0	0	0	0	0	0	0	0	0	0	0	0	0	0	0	0	0	0	0	0	0	0	0	0	0	0	0	0	0	0	0	0	0	0	0	0	0	0	0	0	0	0	0	0	0	0	0	0	0	0	0	0	0	0	0	0	0	0	0	0	0	0	0	0	0	0	0	0	0	0	0	0	0	0	0	0	0	0	0	0	0	0	0	0	0	0	762	0	206	0	0	0	0	0	294	0	1066	0	1632	0	2068	0	0	0	0	0	0	0	0	0	0	0	
12804	Cerebelum_10_R	0	0	0	0	0	0	0	0	0	0	0	0	0	0	0	0	0	0	0	0	0	0	0	0	0	0	0	0	0	0	0	0	0	0	0	0	0	0	0	0	0	0	0	0	0	0	0	0	0	0	0	0	0	0	0	0	0	0	0	0	0	0	0	0	0	0	0	0	0	0	0	0	0	0	0	0	0	0	0	0	0	0	0	0	0	0	0	0	0	0	528	0	420	886	0	0	0	0	0	212	0	0	134	1446	0	2064	0	0	0	0	0	0	712	0	0	0	
18564	Vermis_1_2	0	0	0	0	0	0	0	0	0	0	0	0	0	0	0	0	0	0	0	0	0	0	0	0	0	0	0	0	0	0	0	0	0	0	0	0	0	0	0	0	0	0	0	0	0	0	106	0	0	0	0	0	0	0	0	0	0	0	0	0	0	0	0	0	0	0	0	0	0	0	0	0	0	0	0	0	0	0	0	0	0	0	0	0	0	0	0	0	0	0	258	0	0	0	308	588	598	230	500	196	0	0	0	0	0	972	0	0	0	2744	800	1054	98	104	206	520	
22724	Vermis_3	0	0	0	0	0	0	0	0	0	0	0	0	0	0	0	0	0	0	0	0	0	0	0	0	0	0	0	0	0	0	0	0	0	0	0	0	110	0	152	0	0	0	0	0	0	0	0	0	0	0	0	0	0	0	0	0	0	0	0	0	0	0	0	0	0	0	0	0	0	0	0	0	0	0	0	0	0	0	0	0	0	0	0	0	0	0	0	0	0	0	266	298	0	0	192	1186	608	690	506	758	0	0	0	0	0	948	0	0	2744	0	862	966	152	162	258	504	
160912	Vermis_4_5	0	0	0	0	0	0	0	0	0	0	0	0	0	0	0	0	0	0	0	0	0	0	0	0	0	0	0	0	0	0	0	0	0	0	0	416	0	90	0	0	0	0	0	0	0	0	4472	3800	0	0	0	0	0	112	2634	1506	0	0	0	0	0	0	0	0	0	0	0	478	0	0	0	0	0	0	0	0	0	0	0	0	0	0	0	0	0	0	0	0	0	0	2920	5174	114	594	254	842	13878	11476	8878	12390	148	0	114	290	0	708	0	0	800	862	0	5252	240	0	208	1806	
229548	Vermis_6	0	0	0	0	0	0	0	0	0	0	0	0	0	0	0	0	0	0	0	0	0	0	0	0	0	0	0	0	0	0	0	0	0	0	0	0	0	0	0	0	0	0	0	0	0	0	5168	6622	0	0	0	0	372	0	3312	2316	0	0	0	0	0	0	0	0	0	0	0	0	0	0	0	0	0	0	0	0	0	0	0	0	0	0	0	0	0	0	0	0	0	0	12148	12690	2872	1544	0	1560	3514	1354	19328	16442	102	0	136	818	206	3112	0	0	1054	966	5252	0	6640	1784	2004	3458	
247968	Vermis_7	0	0	0	0	0	0	0	0	0	0	0	0	0	0	0	0	0	0	0	0	0	0	0	0	0	0	0	0	0	0	0	0	0	0	0	0	0	0	0	0	0	0	0	0	0	0	346	186	0	0	0	0	0	0	312	218	0	0	0	0	0	0	0	0	0	0	0	0	0	0	0	0	0	0	0	0	0	0	0	0	0	0	0	0	0	0	0	0	0	0	15564	12148	12894	14646	0	582	0	1090	4746	9658	3864	3666	6224	13514	1302	3844	0	712	98	152	240	6640	0	5064	5082	1192	
82924	Vermis_8	0	0	0	0	0	0	0	0	0	0	0	0	0	0	0	0	0	0	0	0	0	0	0	0	0	0	0	0	0	0	0	0	0	0	0	0	0	0	0	0	0	0	0	0	0	0	0	0	0	0	0	0	0	0	0	0	0	0	0	0	0	0	0	0	0	0	0	0	0	0	0	0	0	0	0	0	0	0	0	0	0	0	0	0	0	0	0	0	0	0	1442	2310	2112	1338	0	556	0	444	478	2348	2724	1214	5732	5556	832	2148	0	0	104	162	0	1784	5064	0	3868	1246	
67792	Vermis_9	0	0	0	0	0	0	0	0	0	0	0	0	0	0	0	0	0	0	0	0	0	0	0	0	0	0	0	0	0	0	0	0	0	0	0	0	0	0	0	0	0	0	0	0	0	0	0	0	0	0	0	0	0	0	0	0	0	0	0	0	0	0	0	0	0	0	0	0	0	0	0	0	0	0	0	0	0	0	0	0	0	0	0	0	0	0	0	0	0	0	2778	2306	1612	1392	0	536	0	328	1414	2070	516	0	1378	2382	1162	2594	0	0	206	258	208	2004	5082	3868	0	1802	
35880	Vermis_10	0	0	0	0	0	0	0	0	0	0	0	0	0	0	0	0	0	0	0	0	0	0	0	0	0	0	0	0	0	0	0	0	0	0	0	0	0	0	0	0	0	0	0	0	0	0	102	172	0	0	0	0	0	0	0	0	0	0	0	0	0	0	0	0	0	0	0	0	0	0	0	0	0	0	0	0	0	0	0	0	0	0	0	0	0	0	0	0	0	0	942	436	516	0	0	412	950	356	1026	486	0	0	94	0	362	1558	0	0	520	504	1806	3458	1192	1246	1802	0	
