data	data	435860	274464	819700	592268	120084	61756	415032	221872	62768	15240	203220	251368	255220	202592	208416	77396	288372	89856	858360	727980	48528	50936	322676	307780	43016	53156	53088	54456	790984	495524	276344	371828	265684	523644	122416	121780	341300	357056	61548	206116	28420	70324	229356	272312	200704	264288	190128	258568	202968	267156	351352	171244	83596	84648	402792	504948	244356	170468	117404	96404	144296	51180	114580	59640	77052	63328	287792	282596	130876	180984	401576	663652	456764	630244	47752	103380	189128	200076	73992	16580	176916	82892	59052	82180	294348	171908	13624	12776	319300	238528	610192	469400	423488	426344	36096	52616	365456	251956	569208	445436	363380	227656	368888	370524	121472	125808	11916	28536	11564	41924	228252	257724	400080	153576	95336	18236	
data	data	Precentral_L	Precentral_R	Frontal_Sup_L	Frontal_Sup_R	Frontal_Sup_Orb_L	Frontal_Sup_Orb_R	Frontal_Mid_L	Frontal_Mid_R	Frontal_Mid_Orb_L	Frontal_Mid_Orb_R	Frontal_Inf_Oper_L	Frontal_Inf_Oper_R	Frontal_Inf_Tri_L	Frontal_Inf_Tri_R	Frontal_Inf_Orb_L	Frontal_Inf_Orb_R	Rolandic_Oper_L	Rolandic_Oper_R	Supp_Motor_Area_L	Supp_Motor_Area_R	Olfactory_L	Olfactory_R	Frontal_Sup_Medial_L	Frontal_Sup_Medial_R	Frontal_Med_Orb_L	Frontal_Med_Orb_R	Rectus_L	Rectus_R	Insula_L	Insula_R	Cingulum_Ant_L	Cingulum_Ant_R	Cingulum_Mid_L	Cingulum_Mid_R	Cingulum_Post_L	Cingulum_Post_R	Hippocampus_L	Hippocampus_R	ParaHippocampal_L	ParaHippocampal_R	Amygdala_L	Amygdala_R	Calcarine_L	Calcarine_R	Cuneus_L	Cuneus_R	Lingual_L	Lingual_R	Occipital_Sup_L	Occipital_Sup_R	Occipital_Mid_L	Occipital_Mid_R	Occipital_Inf_L	Occipital_Inf_R	Fusiform_L	Fusiform_R	Postcentral_L	Postcentral_R	Parietal_Sup_L	Parietal_Sup_R	Parietal_Inf_L	Parietal_Inf_R	SupraMarginal_L	SupraMarginal_R	Angular_L	Angular_R	Precuneus_L	Precuneus_R	Paracentral_Lobule_L	Paracentral_Lobule_R	Caudate_L	Caudate_R	Putamen_L	Putamen_R	Pallidum_L	Pallidum_R	Thalamus_L	Thalamus_R	Heschl_L	Heschl_R	Temporal_Sup_L	Temporal_Sup_R	Temporal_Pole_Sup_L	Temporal_Pole_Sup_R	Temporal_Mid_L	Temporal_Mid_R	Temporal_Pole_Mid_L	Temporal_Pole_Mid_R	Temporal_Inf_L	Temporal_Inf_R	Cerebelum_Crus1_L	Cerebelum_Crus1_R	Cerebelum_Crus2_L	Cerebelum_Crus2_R	Cerebelum_3_L	Cerebelum_3_R	Cerebelum_4_5_L	Cerebelum_4_5_R	Cerebelum_6_L	Cerebelum_6_R	Cerebelum_7b_L	Cerebelum_7b_R	Cerebelum_8_L	Cerebelum_8_R	Cerebelum_9_L	Cerebelum_9_R	Cerebelum_10_L	Cerebelum_10_R	Vermis_1_2	Vermis_3	Vermis_4_5	Vermis_6	Vermis_7	Vermis_8	Vermis_9	Vermis_10	
435860	Precentral_L	0	1234	23724	142	0	0	21200	0	0	0	10868	0	636	0	0	0	17030	0	14950	3410	0	0	0	0	0	0	0	0	26122	0	0	0	2378	892	2088	76	10852	192	102	70	0	0	0	0	0	0	844	0	0	0	92	0	244	0	2556	0	28570	0	0	0	6236	0	3006	0	142	0	124	0	16106	1862	134	600	4774	0	590	0	3552	2250	2192	0	1042	0	0	0	3128	0	0	0	3920	0	0	0	0	0	0	0	0	0	0	0	0	0	0	0	0	0	0	0	0	0	0	0	0	0	0	0	
274464	Precentral_R	1234	0	88	8434	0	0	0	11676	0	0	0	5908	0	262	0	0	0	1438	258	10392	0	0	0	0	0	0	0	0	0	7338	0	0	284	478	156	258	0	9128	0	392	0	0	0	180	0	420	0	0	0	480	0	494	0	0	0	1144	0	21430	0	72	0	1638	0	1724	0	796	0	208	836	9986	1512	4814	1368	8018	0	1882	540	9084	0	1160	0	2044	0	0	0	4588	0	0	0	5090	0	0	0	0	0	0	0	0	0	0	0	0	0	0	0	0	0	0	0	0	0	0	0	0	0	0	
819700	Frontal_Sup_L	23724	88	0	4212	6588	84	59126	692	3328	0	14040	2764	9520	296	12626	460	17032	392	65468	12052	0	0	33116	3004	114	0	188	0	47240	3552	14310	3730	2778	5938	0	0	3066	0	0	0	0	0	0	0	0	0	0	0	0	0	0	0	0	0	368	0	6712	0	0	0	328	0	88	0	0	0	0	0	602	0	16276	7882	16130	5724	370	80	1514	0	642	0	2226	0	838	208	0	0	0	0	334	0	0	0	0	0	0	0	0	0	0	0	0	0	0	0	0	0	0	0	0	0	0	0	0	0	0	0	
592268	Frontal_Sup_R	142	8434	4212	0	0	2620	720	21948	0	566	0	9232	700	13232	494	2426	0	548	7186	37240	0	0	9792	31202	284	1120	0	186	960	12540	5748	31004	1400	19386	0	72	0	2204	0	766	0	0	0	0	0	0	0	0	0	0	0	0	0	0	0	440	0	1544	0	0	0	324	0	516	0	0	0	0	486	0	2618	20450	1196	23486	0	9476	224	6074	0	0	0	382	0	2312	0	0	0	0	0	152	0	0	0	0	0	0	0	90	0	0	0	0	0	0	0	0	0	0	0	0	0	0	0	0	0	0	
120084	Frontal_Sup_Orb_L	0	0	6588	0	0	0	868	0	8774	0	0	110	386	0	9564	0	0	0	1120	112	900	0	3568	0	4342	0	5176	0	3896	118	4338	0	0	0	0	0	0	0	0	0	0	0	0	0	0	0	0	0	0	0	0	0	0	0	0	0	0	0	0	0	0	0	0	0	0	0	0	0	0	0	1466	190	8088	150	0	0	0	0	0	0	0	0	288	0	0	0	0	0	0	0	0	0	0	0	0	0	0	0	0	0	0	0	0	0	0	0	0	0	0	0	0	0	0	0	0	0	
61756	Frontal_Sup_Orb_R	0	0	84	2620	0	0	0	600	0	2634	0	0	0	0	0	874	0	0	92	158	0	972	0	2456	222	4492	0	7144	0	210	104	2246	0	0	0	0	0	0	0	0	0	0	0	0	0	0	0	0	0	0	0	0	0	0	0	0	0	0	0	0	0	0	0	0	0	0	0	0	0	0	120	3188	70	2592	0	0	0	0	0	0	0	0	0	0	0	0	0	0	0	0	0	0	0	0	0	0	0	0	0	0	0	0	0	0	0	0	0	0	0	0	0	0	0	0	0	0	
415032	Frontal_Mid_L	21200	0	59126	720	868	0	0	0	1262	0	10096	316	23762	0	7570	98	7156	108	6992	1210	0	0	12096	1038	0	0	0	0	29286	370	4422	1190	574	1292	0	0	1958	0	0	0	0	0	0	0	0	0	0	0	0	0	0	0	0	0	610	0	2448	0	0	0	70	0	0	0	0	0	0	0	284	0	2532	1042	4792	582	0	0	524	0	80	0	662	0	388	0	0	0	0	0	792	0	0	0	0	0	0	0	0	0	0	0	0	0	0	0	0	0	0	0	0	0	0	0	0	0	0	0	
221872	Frontal_Mid_R	0	11676	692	21948	0	600	0	0	0	398	0	10538	184	15868	134	1548	0	0	1360	3964	0	0	766	2610	0	0	0	128	272	6338	178	1294	0	3488	0	0	0	862	0	258	0	0	0	0	0	0	0	0	0	0	0	0	0	0	0	144	0	1092	0	0	0	0	0	66	0	0	0	0	0	0	2214	8330	1640	8324	0	1254	96	1468	0	0	0	0	0	1204	0	0	0	0	0	0	0	0	0	0	0	0	0	0	0	0	0	0	0	0	0	0	0	0	0	0	0	0	0	0	0	0	
62768	Frontal_Mid_Orb_L	0	0	3328	0	8774	0	1262	0	0	0	0	0	532	0	11624	0	0	0	112	0	90	0	278	0	268	0	1124	0	1746	0	304	0	0	0	0	0	0	0	0	0	0	0	0	0	0	0	0	0	0	0	0	0	0	0	0	0	0	0	0	0	0	0	0	0	0	0	0	0	0	0	96	0	1846	0	0	0	0	0	0	0	0	0	0	0	0	0	0	0	0	0	0	0	0	0	0	0	0	0	0	0	0	0	0	0	0	0	0	0	0	0	0	0	0	0	0	0	
15240	Frontal_Mid_Orb_R	0	0	0	566	0	2634	0	398	0	0	0	0	0	72	0	2152	0	0	0	0	0	0	0	0	0	680	0	1118	0	0	0	0	0	0	0	0	0	0	0	0	0	0	0	0	0	0	0	0	0	0	0	0	0	0	0	0	0	0	0	0	0	0	0	0	0	0	0	0	0	0	0	0	0	0	0	0	0	0	0	0	0	0	0	0	0	0	0	0	0	0	0	0	0	0	0	0	0	0	0	0	0	0	0	0	0	0	0	0	0	0	0	0	0	0	0	0	
203220	Frontal_Inf_Oper_L	10868	0	14040	0	0	0	10096	0	0	0	0	82	7162	0	168	0	8340	0	9608	386	0	0	80	0	0	0	0	0	22578	164	408	0	210	0	0	0	1782	0	0	0	0	0	0	0	0	0	0	0	0	0	0	0	0	0	218	0	4738	0	0	0	0	0	0	0	0	0	0	0	0	0	1170	378	3892	202	0	0	288	0	274	0	1982	0	2246	0	0	0	0	0	250	0	0	0	0	0	0	0	0	0	0	0	0	0	0	0	0	0	0	0	0	0	0	0	0	0	0	0	
251368	Frontal_Inf_Oper_R	0	5908	2764	9232	110	0	316	10538	0	0	82	0	892	15470	760	290	0	3630	5080	5068	0	0	236	754	0	0	0	0	1206	19814	310	368	0	2066	0	0	0	672	0	462	0	0	0	0	0	0	0	0	0	0	0	0	0	0	0	340	0	1114	0	0	0	0	0	0	0	0	0	0	0	0	4818	14980	2024	12998	0	434	734	1770	0	0	0	166	0	142	0	0	0	0	0	0	0	0	0	0	0	0	0	136	0	0	0	0	0	0	0	0	0	0	0	0	0	0	0	0	0	0	
255220	Frontal_Inf_Tri_L	636	0	9520	700	386	0	23762	184	532	0	7162	892	0	198	14182	380	750	304	3344	2050	0	0	2688	382	0	0	218	0	30148	1274	3176	1082	226	1382	0	0	318	0	0	0	0	0	0	0	0	0	0	0	0	0	0	0	0	0	0	0	0	0	0	0	0	0	0	0	0	0	0	0	0	0	9312	3026	5102	2186	0	0	446	0	0	0	454	0	1130	0	0	0	0	0	78	0	0	0	0	0	0	0	0	0	0	0	0	0	0	0	0	0	0	0	0	0	0	0	0	0	0	0	
202592	Frontal_Inf_Tri_R	0	262	296	13232	0	0	0	15868	0	72	0	15470	198	0	126	3596	0	0	3520	6672	0	0	278	1582	0	0	0	0	224	18652	150	1106	0	5916	0	0	0	280	0	180	0	0	0	0	0	0	0	0	0	0	0	0	0	0	0	162	0	0	0	0	0	0	0	0	0	0	0	0	0	0	998	7240	468	4200	0	196	0	172	0	0	0	0	0	104	0	0	0	0	0	0	0	0	0	0	0	0	0	76	0	0	0	0	0	0	0	0	0	0	0	0	0	0	0	0	0	0	
208416	Frontal_Inf_Orb_L	0	0	12626	494	9564	0	7570	134	11624	0	168	760	14182	126	0	206	0	264	2882	1666	468	0	828	160	402	0	512	0	17444	850	1010	784	0	1078	0	0	0	0	0	0	0	0	0	0	0	0	0	0	0	0	0	0	0	0	0	0	0	0	0	0	0	0	0	0	0	0	0	0	0	0	6246	1894	8466	1422	0	0	144	0	0	0	0	0	234	0	0	0	0	0	0	0	0	0	0	0	0	0	0	0	0	0	0	0	0	0	0	0	0	0	0	0	0	0	0	0	0	0	
77396	Frontal_Inf_Orb_R	0	0	460	2426	0	874	98	1548	0	2152	0	290	380	3596	206	0	0	0	836	1306	0	558	0	0	0	0	0	510	442	7496	142	96	0	424	0	0	0	736	0	340	0	354	0	0	0	0	0	0	0	0	0	0	0	0	0	162	0	0	0	0	0	0	0	0	0	0	0	0	0	0	2146	5740	440	4080	0	84	0	240	0	0	0	0	0	322	0	0	0	0	0	214	0	0	0	0	0	0	0	0	0	0	0	0	0	0	0	0	0	0	0	0	0	0	0	0	0	0	
288372	Rolandic_Oper_L	17030	0	17032	0	0	0	7156	0	0	0	8340	0	750	0	0	0	0	0	14932	0	0	0	0	0	0	0	0	0	37246	0	144	0	100	0	0	0	1914	0	0	0	0	0	0	0	0	0	104	0	0	0	250	0	334	0	674	0	9830	0	104	0	1532	0	2792	0	628	0	102	0	1140	0	1234	0	1206	0	0	0	242	0	3348	0	8100	0	688	0	4040	0	0	0	3194	0	0	0	0	0	0	0	0	0	0	0	0	0	0	0	0	0	0	0	0	0	0	0	0	0	0	0	
89856	Rolandic_Oper_R	0	1438	392	548	0	0	108	0	0	0	0	3630	304	0	264	0	0	0	434	1634	0	0	0	0	0	0	0	0	392	9132	74	0	0	194	0	0	0	1008	0	0	0	0	0	0	0	0	0	0	0	80	0	0	0	0	0	0	0	4454	0	0	0	254	0	2738	0	122	0	0	82	96	1066	2782	614	5138	0	1202	302	1218	0	1672	0	3208	0	262	0	86	0	0	0	0	0	0	0	0	0	0	0	0	0	0	0	0	0	0	0	0	0	0	0	0	0	0	0	0	0	0	
858360	Supp_Motor_Area_L	14950	258	65468	7186	1120	92	6992	1360	112	0	9608	5080	3344	3520	2882	836	14932	434	0	50370	0	0	2820	3170	0	0	184	0	32420	9150	2782	4264	15910	29656	122	136	13198	306	336	102	0	0	0	0	0	0	0	0	0	0	0	0	0	0	2010	0	5070	108	0	0	392	0	334	78	0	0	0	0	1720	248	19416	18372	30972	6804	8508	562	20220	3664	742	0	2514	200	868	1586	0	0	0	0	1618	74	0	0	0	0	0	0	0	0	0	0	0	0	0	0	0	0	0	0	0	0	0	0	0	0	0	0	
727980	Supp_Motor_Area_R	3410	10392	12052	37240	112	158	1210	3964	0	0	386	5068	2050	6672	1666	1306	0	1634	50370	0	0	0	1844	5702	0	0	108	0	3464	14036	2282	6076	11148	48060	0	3274	212	2796	0	552	0	0	0	82	0	396	0	0	0	500	0	732	0	0	0	660	0	2238	0	176	0	260	0	470	0	0	84	1136	4628	26440	8114	28944	3172	18128	210	8160	1734	6702	0	720	0	1908	230	3008	0	4740	0	0	0	3060	0	0	0	0	0	0	0	114	0	0	0	0	0	0	0	0	0	0	0	0	0	0	0	0	0	0	
48528	Olfactory_L	0	0	0	0	900	0	0	0	90	0	0	0	0	0	468	0	0	0	0	0	0	4606	0	0	712	0	2624	866	1194	0	3176	1322	0	0	0	0	0	0	0	0	146	0	0	0	0	0	0	0	0	0	0	0	0	0	0	0	0	0	0	0	0	0	0	0	0	0	0	0	0	0	5790	1152	958	0	0	0	0	0	0	0	0	0	260	0	0	0	0	0	0	0	0	0	0	0	0	0	0	0	0	0	0	0	0	0	0	0	0	0	0	0	0	0	0	0	0	0	
50936	Olfactory_R	0	0	0	0	0	972	0	0	0	0	0	0	0	0	0	558	0	0	0	0	4606	0	0	0	0	514	1096	3252	0	1660	2296	2112	0	0	0	0	0	0	0	0	0	512	0	0	0	0	0	0	0	0	0	0	0	0	0	0	0	0	0	0	0	0	0	0	0	0	0	0	0	0	4642	1808	780	660	0	0	0	0	0	0	0	0	0	0	0	0	0	0	0	0	0	0	0	0	0	0	0	0	0	0	0	0	0	0	0	0	0	0	0	0	0	0	0	0	0	0	
322676	Frontal_Sup_Medial_L	0	0	33116	9792	3568	0	12096	766	278	0	80	236	2688	278	828	0	0	0	2820	1844	0	0	0	16806	1698	656	286	0	4442	344	22212	15396	4394	13378	0	0	0	0	0	0	0	0	0	0	0	0	0	0	0	0	0	0	0	0	0	0	0	0	0	0	0	0	0	0	0	0	0	0	0	0	2146	4046	3486	3506	0	78	0	0	0	0	74	0	0	0	0	0	0	0	0	0	0	0	0	0	0	0	0	0	0	0	0	0	0	0	0	0	0	0	0	0	0	0	0	0	0	0	
307780	Frontal_Sup_Medial_R	0	0	3004	31202	0	2456	1038	2610	0	0	0	754	382	1582	160	0	0	0	3170	5702	0	0	16806	0	1198	3834	0	138	1046	648	5598	34164	1416	22762	0	0	0	0	0	0	0	0	0	0	0	0	0	0	0	0	0	0	0	0	0	0	0	0	0	0	0	0	0	0	0	0	0	0	0	0	262	7364	176	6068	0	350	0	0	0	0	0	0	0	0	0	0	0	0	0	0	0	0	0	0	0	0	0	0	0	0	0	0	0	0	0	0	0	0	0	0	0	0	0	0	0	0	
43016	Frontal_Med_Orb_L	0	0	114	284	4342	222	0	0	268	0	0	0	0	0	402	0	0	0	0	0	712	0	1698	1198	0	2022	3354	0	102	0	4778	218	0	0	0	0	0	0	0	0	0	0	0	0	0	0	0	0	0	0	0	0	0	0	0	0	0	0	0	0	0	0	0	0	0	0	0	0	0	0	400	0	1394	0	0	0	0	0	0	0	0	0	0	0	0	0	0	0	0	0	0	0	0	0	0	0	0	0	0	0	0	0	0	0	0	0	0	0	0	0	0	0	0	0	0	0	
53156	Frontal_Med_Orb_R	0	0	0	1120	0	4492	0	0	0	680	0	0	0	0	0	0	0	0	0	0	0	514	656	3834	2022	0	0	4840	0	0	716	2926	0	0	0	0	0	0	0	0	0	0	0	0	0	0	0	0	0	0	0	0	0	0	0	0	0	0	0	0	0	0	0	0	0	0	0	0	0	0	0	2862	0	1916	0	0	0	0	0	0	0	0	0	0	0	0	0	0	0	0	0	0	0	0	0	0	0	0	0	0	0	0	0	0	0	0	0	0	0	0	0	0	0	0	0	0	
53088	Rectus_L	0	0	188	0	5176	0	0	0	1124	0	0	0	218	0	512	0	0	0	184	108	2624	1096	286	0	3354	0	0	658	370	0	5282	516	0	0	0	0	0	0	0	0	0	0	0	0	0	0	0	0	0	0	0	0	0	0	0	0	0	0	0	0	0	0	0	0	0	0	0	0	0	0	2486	230	2132	0	0	0	0	0	0	0	0	0	0	0	0	0	0	0	0	0	0	0	0	0	0	0	0	0	0	0	0	0	0	0	0	0	0	0	0	0	0	0	0	0	0	0	
54456	Rectus_R	0	0	0	186	0	7144	0	128	0	1118	0	0	0	0	0	510	0	0	0	0	866	3252	0	138	0	4840	658	0	0	582	798	1588	0	0	0	0	0	0	0	0	0	70	0	0	0	0	0	0	0	0	0	0	0	0	0	0	0	0	0	0	0	0	0	0	0	0	0	0	0	0	902	2508	126	1814	0	0	0	0	0	0	0	0	0	0	0	0	0	0	0	0	0	0	0	0	0	0	0	0	0	0	0	0	0	0	0	0	0	0	0	0	0	0	0	0	0	0	
790984	Insula_L	26122	0	47240	960	3896	0	29286	272	1746	0	22578	1206	30148	224	17444	442	37246	392	32420	3464	1194	0	4442	1046	102	0	370	0	0	1658	4332	942	1674	1730	102	0	17246	66	520	0	500	0	0	0	0	0	572	0	0	0	70	0	254	0	7044	0	8772	0	0	0	1536	0	1648	0	94	0	86	0	1298	0	15320	3944	26668	2700	0	0	1564	0	4326	0	9922	0	3814	0	4456	0	0	0	10394	0	0	0	0	0	0	0	0	0	0	0	0	0	0	0	0	0	0	0	0	0	0	0	0	0	0	0	
495524	Insula_R	0	7338	3552	12540	118	210	370	6338	0	0	164	19814	1274	18652	850	7496	0	9132	9150	14036	0	1660	344	648	0	0	0	582	1658	0	498	1110	0	5024	80	156	0	9612	0	3018	0	1562	0	0	0	220	0	0	0	312	0	66	0	0	0	3696	0	5076	0	0	0	360	0	900	0	372	0	154	74	852	5988	28228	2666	37606	0	1320	878	4058	0	1378	0	4746	0	5630	0	2150	0	0	0	3756	0	0	0	0	0	0	0	290	0	0	0	0	0	0	0	0	0	0	0	0	0	0	0	0	0	0	
276344	Cingulum_Ant_L	0	0	14310	5748	4338	104	4422	178	304	0	408	310	3176	150	1010	142	144	74	2782	2282	3176	2296	22212	5598	4778	716	5282	798	4332	498	0	16082	5178	5872	320	0	0	0	0	0	0	0	0	0	0	0	0	0	0	0	0	0	0	0	0	0	0	0	0	0	0	0	0	0	0	0	0	0	0	0	9440	3364	6442	1724	0	76	0	0	0	0	0	0	106	0	0	0	0	0	0	0	0	0	0	0	0	0	0	0	0	0	0	0	0	0	0	0	0	0	0	0	0	0	0	0	0	0	
371828	Cingulum_Ant_R	0	0	3730	31004	0	2246	1190	1294	0	0	0	368	1082	1106	784	96	0	0	4264	6076	1322	2112	15396	34164	218	2926	516	1588	942	1110	16082	0	3500	23172	0	0	0	0	0	0	0	0	0	0	0	0	0	0	0	0	0	0	0	0	0	0	0	0	0	0	0	0	0	0	0	0	0	0	0	0	3402	14912	548	10270	0	494	0	0	0	0	0	0	0	0	0	0	0	0	0	0	0	0	0	0	0	0	0	0	0	0	0	0	0	0	0	0	0	0	0	0	0	0	0	0	0	0	
265684	Cingulum_Mid_L	2378	284	2778	1400	0	0	574	0	0	0	210	0	226	0	0	0	100	0	15910	11148	0	0	4394	1416	0	0	0	0	1674	0	5178	3500	0	17820	6514	1906	3704	302	236	0	0	0	1270	132	1402	1220	0	0	234	894	596	66	0	0	344	66	268	178	0	178	76	0	70	0	68	0	5506	3232	8058	2298	580	948	2884	306	244	110	16670	1720	110	0	268	0	0	0	632	0	0	0	442	120	0	0	0	0	0	0	0	0	0	0	0	0	0	0	0	0	0	0	0	0	0	0	0	0	0	0	
523644	Cingulum_Mid_R	892	478	5938	19386	0	0	1292	3488	0	0	0	2066	1382	5916	1078	424	0	194	29656	48060	0	0	13378	22762	0	0	0	0	1730	5024	5872	23172	17820	0	200	4982	160	464	0	0	0	0	0	110	0	282	0	0	0	152	0	126	0	0	0	88	0	652	0	0	0	66	0	146	0	0	564	2796	2502	11354	2972	11714	666	5382	0	840	1364	3370	0	0	0	204	0	250	0	202	0	0	0	206	0	0	0	0	0	0	0	0	0	0	0	0	0	0	0	0	0	0	0	0	0	0	0	0	0	0	
122416	Cingulum_Post_L	2088	156	0	0	0	0	0	0	0	0	0	0	0	0	0	0	0	0	122	0	0	0	0	0	0	0	0	0	102	80	320	0	6514	200	0	5462	6124	2304	1048	856	0	0	5980	0	1108	0	876	112	0	0	1346	0	646	0	2770	0	298	114	252	0	158	0	0	0	192	0	8250	924	4640	0	0	0	0	248	0	0	1426	1402	0	0	0	0	0	0	2446	0	0	0	2644	0	0	0	0	0	0	0	0	0	0	0	0	0	0	0	0	0	0	0	0	0	0	0	0	0	0	0	
121780	Cingulum_Post_R	76	258	0	72	0	0	0	0	0	0	0	0	0	0	0	0	0	0	136	3274	0	0	0	0	0	0	0	0	0	156	0	0	1906	4982	5462	0	1556	8640	0	2032	0	0	0	1162	0	884	0	4352	0	504	0	870	0	0	0	438	0	956	0	224	0	0	0	0	0	0	610	8962	490	4348	0	0	126	342	0	0	1656	3392	0	0	0	0	0	0	0	1268	0	0	0	924	0	0	0	0	0	0	0	0	0	0	0	0	0	0	0	0	0	0	0	0	832	0	0	0	0	0	
341300	Hippocampus_L	10852	0	3066	0	0	0	1958	0	0	0	1782	0	318	0	0	0	1914	0	13198	212	0	0	0	0	0	0	0	0	17246	0	0	0	3704	160	6124	1556	0	1812	9666	1142	7140	0	3856	0	192	0	1906	236	0	0	398	0	426	0	19662	84	2346	0	0	0	68	0	124	0	0	0	4410	456	1486	0	736	136	17064	0	1780	0	9112	1290	2916	0	2696	0	856	0	2842	0	0	0	13290	0	0	0	0	0	0	0	188	156	0	0	0	0	0	0	0	0	0	0	0	88	0	0	0	0	0	0	
357056	Hippocampus_R	192	9128	0	2204	0	0	0	862	0	0	0	672	0	280	0	736	0	1008	306	2796	0	0	0	0	0	0	0	0	66	9612	0	0	302	464	2304	8640	1812	0	122	29838	0	12332	0	494	0	86	0	3438	0	0	0	86	0	0	0	28028	0	3948	0	0	0	0	0	0	0	0	0	3578	154	1916	0	1342	292	20526	0	1908	1940	7690	0	0	0	802	0	1888	0	2172	0	66	0	11470	0	0	0	0	0	0	0	2360	0	0	0	0	0	0	0	0	0	0	0	0	668	0	0	0	0	0	
61548	ParaHippocampal_L	102	0	0	0	0	0	0	0	0	0	0	0	0	0	0	0	0	0	336	0	0	0	0	0	0	0	0	0	520	0	0	0	236	0	1048	0	9666	122	0	108	1114	0	1210	0	0	0	3922	116	0	0	0	0	150	0	7258	0	0	0	0	0	0	0	0	0	0	0	1908	0	0	0	0	0	582	0	118	0	794	0	0	0	88	0	592	0	0	0	0	0	382	0	0	0	0	0	0	0	208	0	0	0	0	0	0	0	0	0	0	0	0	194	0	0	0	0	0	0	
206116	ParaHippocampal_R	70	392	0	766	0	0	0	258	0	0	0	462	0	180	0	340	0	0	102	552	0	0	0	0	0	0	0	0	0	3018	0	0	0	0	856	2032	1142	29838	108	0	0	6816	0	160	0	0	0	5808	0	0	0	0	0	308	0	23350	0	168	0	0	0	0	0	0	0	0	0	2094	0	0	0	662	124	7558	0	1162	1208	2814	0	0	0	182	0	1858	0	302	0	170	0	4492	0	0	0	0	0	0	0	3364	0	156	0	0	0	0	0	0	0	0	0	0	186	0	0	0	0	0	
28420	Amygdala_L	0	0	0	0	0	0	0	0	0	0	0	0	0	0	0	0	0	0	0	0	146	0	0	0	0	0	0	0	500	0	0	0	0	0	0	0	7140	0	1114	0	0	0	0	0	0	0	0	0	0	0	0	0	0	0	3914	0	0	0	0	0	0	0	0	0	0	0	0	0	0	0	0	0	0	0	0	0	0	0	0	0	0	0	508	0	0	0	0	0	888	0	0	0	0	0	0	0	0	0	0	0	0	0	0	0	0	0	0	0	0	0	0	0	0	0	0	0	
70324	Amygdala_R	0	0	0	0	0	0	0	0	0	0	0	0	0	0	0	354	0	0	0	0	0	512	0	0	0	0	0	70	0	1562	0	0	0	0	0	0	0	12332	0	6816	0	0	0	0	0	0	0	0	0	0	0	0	0	0	0	6474	0	0	0	0	0	0	0	0	0	0	0	0	0	0	0	0	0	1560	0	142	0	0	0	0	0	0	0	2938	0	124	0	104	0	2174	0	0	0	0	0	0	0	0	0	0	0	0	0	0	0	0	0	0	0	0	0	0	0	0	0	0	
229356	Calcarine_L	0	0	0	0	0	0	0	0	0	0	0	0	0	0	0	0	0	0	0	0	0	0	0	0	0	0	0	0	0	0	0	0	1270	0	5980	0	3856	0	1210	0	0	0	0	4908	17232	2582	10654	1524	12252	486	18710	120	4698	0	3724	0	0	0	1344	0	158	0	0	0	178	0	17380	530	0	0	0	0	0	0	0	0	80	0	0	0	0	0	0	0	2982	0	0	0	2306	0	0	0	0	0	0	0	0	0	358	0	0	0	0	0	0	0	0	0	0	0	84	72	0	0	0	0	
272312	Calcarine_R	0	180	0	0	0	0	0	0	0	0	0	0	0	0	0	0	0	0	0	82	0	0	0	0	0	0	0	0	0	0	0	0	132	110	0	1162	0	494	0	160	0	0	4908	0	4010	26562	814	20618	0	22576	0	12610	0	7112	0	6366	0	138	0	2752	0	0	0	0	0	310	946	15356	0	140	0	0	0	0	0	0	0	0	0	0	0	88	0	0	0	4326	0	0	0	3250	0	118	0	0	0	0	0	0	0	318	0	0	0	0	0	0	0	0	0	0	422	96	0	0	0	0	
200704	Cuneus_L	0	0	0	0	0	0	0	0	0	0	0	0	0	0	0	0	0	0	0	0	0	0	0	0	0	0	0	0	0	0	0	0	1402	0	1108	0	192	0	0	0	0	0	17232	4010	0	5232	3948	642	22452	1326	17102	0	92	0	830	0	0	0	4078	194	68	0	110	0	0	0	17820	1156	0	0	0	0	0	0	0	0	0	0	0	0	118	0	0	0	934	0	0	0	306	0	0	0	0	0	0	0	0	0	0	0	0	0	0	0	0	0	0	0	0	0	0	0	0	0	0	0	
264288	Cuneus_R	0	420	0	0	0	0	0	0	0	0	0	0	0	0	0	0	0	0	0	396	0	0	0	0	0	0	0	0	0	220	0	0	1220	282	0	884	0	86	0	0	0	0	2582	26562	5232	0	72	3746	0	39116	0	7378	0	170	0	998	0	1244	0	9332	0	0	0	158	0	0	2628	25372	0	1140	0	0	0	0	0	0	0	176	0	0	0	386	0	0	0	890	0	0	0	1454	0	0	0	0	0	0	0	0	0	0	0	0	0	0	0	0	0	0	0	0	0	0	0	0	0	0	
190128	Lingual_L	844	0	0	0	0	0	0	0	0	0	0	0	0	0	0	0	104	0	0	0	0	0	0	0	0	0	0	0	572	0	0	0	0	0	876	0	1906	0	3922	0	0	0	10654	814	3948	72	0	2226	4776	0	10246	0	3364	0	13170	534	418	0	560	0	0	0	0	0	0	0	2578	0	156	0	0	0	0	0	0	0	80	0	108	0	0	0	0	0	200	0	0	0	346	0	4166	1166	410	442	238	0	7230	1304	10208	1834	0	0	0	0	0	0	0	0	0	68	2646	1914	964	0	0	0	
258568	Lingual_R	0	0	0	0	0	0	0	0	0	0	0	0	0	0	0	0	0	0	0	0	0	0	0	0	0	0	0	0	0	0	0	0	0	0	112	4352	236	3438	116	5808	0	0	1524	20618	642	3746	2226	0	0	4224	0	3982	78	6550	1000	18394	0	0	0	324	0	0	0	0	0	0	90	8666	0	0	0	0	0	0	0	0	0	796	0	0	0	0	0	0	0	892	0	0	0	1796	2222	3170	590	164	170	124	4068	5600	4724	7750	0	0	0	0	116	0	0	0	0	90	6298	3352	1236	0	0	0	
202968	Occipital_Sup_L	0	0	0	0	0	0	0	0	0	0	0	0	0	0	0	0	0	0	0	0	0	0	0	0	0	0	0	0	0	0	0	0	234	0	0	0	0	0	0	0	0	0	12252	0	22452	0	4776	0	0	0	28692	0	404	0	136	0	0	0	10778	0	900	0	212	0	354	0	16308	0	0	0	0	0	0	0	0	0	0	0	0	0	700	0	0	0	2414	0	0	0	650	0	0	0	0	0	0	0	0	0	222	0	0	0	0	0	0	0	0	0	0	0	0	0	0	0	0	0	
267156	Occipital_Sup_R	0	480	0	0	0	0	0	0	0	0	0	0	0	0	0	0	0	80	0	500	0	0	0	0	0	0	0	0	0	312	0	0	894	152	0	504	0	0	0	0	0	0	486	22576	1326	39116	0	4224	0	0	0	18928	0	1014	0	1256	0	1528	0	10158	0	480	0	194	0	1242	854	22360	0	1210	0	0	0	0	0	0	0	254	0	0	0	480	0	0	0	1262	0	0	0	1708	0	0	0	0	0	0	0	0	0	0	0	0	0	0	0	0	0	0	0	0	0	0	0	0	0	0	
351352	Occipital_Mid_L	92	0	0	0	0	0	0	0	0	0	0	0	0	0	0	0	250	0	0	0	0	0	0	0	0	0	0	0	70	0	0	0	596	0	1346	0	398	0	0	0	0	0	18710	0	17102	0	10246	0	28692	0	0	0	12508	0	10974	0	708	0	12438	0	5990	0	1164	0	7754	0	22324	0	432	0	0	0	0	0	0	0	0	0	0	0	1914	0	0	0	17218	0	0	0	4006	0	74	0	0	0	0	0	0	0	548	0	0	0	0	0	0	0	0	0	0	0	0	122	0	0	0	0	
171244	Occipital_Mid_R	0	494	0	0	0	0	0	0	0	0	0	0	0	0	0	0	0	0	0	732	0	0	0	0	0	0	0	0	0	66	0	0	66	126	0	870	0	86	0	0	0	0	120	12610	0	7378	0	3982	0	18928	0	0	0	4892	0	2146	0	240	0	1916	0	2426	0	80	0	7958	68	5594	0	834	0	0	0	0	0	0	0	0	0	0	0	458	0	0	0	11914	0	0	0	1638	0	0	0	0	0	0	0	0	0	0	0	0	0	0	0	0	0	0	0	0	0	0	0	0	0	0	
83596	Occipital_Inf_L	244	0	0	0	0	0	0	0	0	0	0	0	0	0	0	0	334	0	0	0	0	0	0	0	0	0	0	0	254	0	0	0	0	0	646	0	426	0	150	0	0	0	4698	0	92	0	3364	78	404	0	12508	0	0	0	6686	0	222	0	0	0	86	0	144	0	0	0	1014	0	102	0	0	0	0	0	0	0	0	0	432	0	276	0	0	0	2794	0	0	0	4862	0	302	0	0	0	0	0	330	0	890	94	0	0	0	0	0	0	0	0	0	0	248	118	0	0	0	0	
84648	Occipital_Inf_R	0	0	0	0	0	0	0	0	0	0	0	0	0	0	0	0	0	0	0	0	0	0	0	0	0	0	0	0	0	0	0	0	0	0	0	0	0	0	0	308	0	0	0	7112	0	170	0	6550	0	1014	0	4892	0	0	0	8126	0	0	0	0	0	0	0	0	0	0	0	286	0	0	0	0	0	0	0	0	0	0	0	0	0	0	0	0	0	2760	0	0	0	3656	170	616	0	0	0	122	282	2180	196	2630	0	0	0	0	0	0	0	0	0	78	1032	144	0	0	0	0	
402792	Fusiform_L	2556	0	368	0	0	0	610	0	0	0	218	0	0	0	0	0	674	0	2010	0	0	0	0	0	0	0	0	0	7044	0	0	0	344	0	2770	0	19662	0	7258	0	3914	0	3724	0	830	0	13170	1000	136	0	10974	0	6686	0	0	276	1404	0	0	0	74	0	0	0	0	0	3308	0	598	0	432	0	3618	0	0	0	648	0	2168	0	2688	0	2056	0	5150	0	664	0	21226	0	19594	954	2042	444	282	110	12246	504	27006	1588	1070	0	1212	78	100	222	0	0	0	86	1564	2394	1102	292	248	0	
504948	Fusiform_R	0	1144	0	440	0	0	0	144	0	0	0	340	0	162	0	162	0	0	0	660	0	0	0	0	0	0	0	0	0	3696	0	0	66	88	0	438	84	28028	0	23350	0	6474	0	6366	0	998	534	18394	0	1256	0	2146	0	8126	276	0	0	996	0	576	0	162	0	364	0	910	0	2400	0	516	0	480	0	8304	0	478	66	280	0	0	0	976	0	3432	0	4766	0	1064	0	27150	1082	24932	288	1576	0	1206	1654	18850	1762	33524	0	256	70	2654	84	148	0	0	0	178	4690	1972	938	192	126	0	
244356	Postcentral_L	28570	0	6712	0	0	0	2448	0	0	0	4738	0	0	0	0	0	9830	0	5070	0	0	0	0	0	0	0	0	0	8772	0	0	0	268	0	298	0	2346	0	0	0	0	0	0	0	0	0	418	0	0	0	708	0	222	0	1404	0	0	0	7384	0	15168	0	9942	0	406	0	3440	0	3126	0	0	0	458	0	0	0	224	0	2078	0	2046	0	0	0	2874	0	0	0	3228	0	0	0	0	0	0	0	0	0	0	0	0	0	0	0	0	0	0	0	0	0	0	0	0	0	0	0	
170468	Postcentral_R	0	21430	0	1544	0	0	0	1092	0	0	0	1114	0	0	0	0	0	4454	108	2238	0	0	0	0	0	0	0	0	0	5076	0	0	178	652	114	956	0	3948	0	168	0	0	0	138	0	1244	0	0	0	1528	0	240	0	0	0	996	0	0	0	3026	0	3352	0	8428	0	622	244	2646	0	5942	66	1984	0	5158	0	710	110	1668	0	182	0	1028	0	0	0	906	0	0	0	1944	0	0	0	0	0	0	0	0	0	0	0	0	0	0	0	0	0	0	0	0	0	0	0	0	0	0	
117404	Parietal_Sup_L	0	0	0	0	0	0	0	0	0	0	0	0	0	0	0	0	104	0	0	0	0	0	0	0	0	0	0	0	0	0	0	0	0	0	252	0	0	0	0	0	0	0	1344	0	4078	0	560	0	10778	0	12438	0	0	0	0	0	7384	0	0	0	7874	0	152	0	880	0	12188	0	0	0	0	0	0	0	0	0	0	0	0	0	114	0	0	0	436	0	0	0	120	0	0	0	0	0	0	0	0	0	0	0	0	0	0	0	0	0	0	0	0	0	0	0	0	0	0	0	
96404	Parietal_Sup_R	0	72	0	0	0	0	0	0	0	0	0	0	0	0	0	0	0	0	0	176	0	0	0	0	0	0	0	0	0	0	0	0	178	0	0	224	0	0	0	0	0	0	0	2752	194	9332	0	324	0	10158	0	1916	0	0	0	576	0	3026	0	0	0	1100	0	244	0	1600	264	13550	0	1206	0	0	0	0	0	0	0	0	0	0	0	220	0	0	0	356	0	0	0	734	0	0	0	0	0	0	0	0	0	0	0	0	0	0	0	0	0	0	0	0	0	0	0	0	0	0	
144296	Parietal_Inf_L	6236	0	328	0	0	0	70	0	0	0	0	0	0	0	0	0	1532	0	392	0	0	0	0	0	0	0	0	0	1536	0	0	0	76	0	158	0	68	0	0	0	0	0	158	0	68	0	0	0	900	0	5990	0	86	0	74	0	15168	0	7874	0	0	0	15248	0	11962	0	420	0	288	0	0	0	0	0	0	0	126	0	0	0	752	0	0	0	1628	0	0	0	1010	0	0	0	0	0	0	0	0	0	0	0	0	0	0	0	0	0	0	0	0	0	0	0	0	0	0	0	
51180	Parietal_Inf_R	0	1638	0	324	0	0	0	0	0	0	0	0	0	0	0	0	0	254	0	260	0	0	0	0	0	0	0	0	0	360	0	0	0	66	0	0	0	0	0	0	0	0	0	0	0	0	0	0	0	480	0	2426	0	0	0	162	0	3352	0	1100	0	0	0	6622	0	7372	0	0	0	92	0	118	0	0	0	0	0	150	0	0	0	542	0	0	0	82	0	0	0	190	0	0	0	0	0	0	0	0	0	0	0	0	0	0	0	0	0	0	0	0	0	0	0	0	0	0	
114580	SupraMarginal_L	3006	0	88	0	0	0	0	0	0	0	0	0	0	0	0	0	2792	0	334	0	0	0	0	0	0	0	0	0	1648	0	0	0	70	0	0	0	124	0	0	0	0	0	0	0	110	0	0	0	212	0	1164	0	144	0	0	0	9942	0	152	0	15248	0	0	0	5684	0	234	0	316	0	0	0	0	0	0	0	0	0	150	0	6984	0	0	0	6152	0	0	0	2736	0	0	0	0	0	0	0	0	0	0	0	0	0	0	0	0	0	0	0	0	0	0	0	0	0	0	0	
59640	SupraMarginal_R	0	1724	0	516	0	0	0	66	0	0	0	0	0	0	0	0	0	2738	78	470	0	0	0	0	0	0	0	0	0	900	0	0	0	146	0	0	0	0	0	0	0	0	0	0	0	158	0	0	0	194	0	80	0	0	0	364	0	8428	0	244	0	6622	0	0	0	2532	0	142	0	0	0	432	0	68	0	0	0	84	0	166	0	2912	0	0	0	290	0	0	0	466	0	0	0	0	0	0	0	0	0	0	0	0	0	0	0	0	0	0	0	0	0	0	0	0	0	0	
77052	Angular_L	142	0	0	0	0	0	0	0	0	0	0	0	0	0	0	0	628	0	0	0	0	0	0	0	0	0	0	0	94	0	0	0	68	0	192	0	0	0	0	0	0	0	178	0	0	0	0	0	354	0	7754	0	0	0	0	0	406	0	880	0	11962	0	5684	0	0	0	384	0	296	0	0	0	0	0	0	0	0	0	0	0	3928	0	0	0	4748	0	0	0	828	0	0	0	0	0	0	0	0	0	0	0	0	0	0	0	0	0	0	0	0	0	0	0	0	0	0	0	
63328	Angular_R	0	796	0	0	0	0	0	0	0	0	0	0	0	0	0	0	0	122	0	0	0	0	0	0	0	0	0	0	0	372	0	0	0	0	0	0	0	0	0	0	0	0	0	310	0	0	0	0	0	1242	0	7958	0	0	0	910	0	622	0	1600	0	7372	0	2532	0	0	0	0	0	74	0	0	0	0	0	0	0	0	0	0	0	2920	0	0	0	3740	0	0	0	1094	0	0	0	0	0	0	0	0	0	0	0	0	0	0	0	0	0	0	0	0	0	0	0	0	0	0	
287792	Precuneus_L	124	0	0	0	0	0	0	0	0	0	0	0	0	0	0	0	102	0	0	84	0	0	0	0	0	0	0	0	86	0	0	0	5506	564	8250	610	4410	0	1908	0	0	0	17380	946	17820	2628	2578	90	16308	854	22324	68	1014	0	3308	0	3440	244	12188	264	420	0	234	0	384	0	0	6844	2956	546	0	0	0	0	0	0	210	0	70	0	644	0	0	0	5034	0	0	0	3194	108	0	0	0	0	0	0	154	0	0	0	0	0	0	0	0	0	0	0	0	0	0	0	0	0	0	0	
282596	Precuneus_R	0	208	0	0	0	0	0	0	0	0	0	0	0	0	0	0	0	0	0	1136	0	0	0	0	0	0	0	0	0	154	0	0	3232	2796	924	8962	456	3578	0	2094	0	0	530	15356	1156	25372	0	8666	0	22360	0	5594	0	286	0	2400	0	2646	0	13550	0	0	0	142	0	0	6844	0	0	4412	0	0	0	0	0	0	474	1388	0	0	0	340	0	0	0	1550	0	0	0	3458	0	0	0	0	0	0	0	132	0	0	0	0	0	0	0	0	0	0	0	0	1102	0	0	0	0	0	
130876	Paracentral_Lobule_L	16106	836	602	486	0	0	284	0	0	0	0	0	0	0	0	0	1140	82	1720	4628	0	0	0	0	0	0	0	0	1298	74	0	0	8058	2502	4640	490	1486	154	0	0	0	0	0	0	0	0	156	0	0	0	432	0	102	0	598	0	3126	0	0	0	288	0	316	0	296	0	2956	0	0	2102	104	434	112	100	0	130	1002	1910	320	0	1022	0	0	0	3038	0	0	0	2308	0	0	0	0	0	0	0	0	0	0	0	0	0	0	0	0	0	0	0	0	0	0	0	0	0	0	0	
180984	Paracentral_Lobule_R	1862	9986	0	0	0	0	0	0	0	0	0	0	0	0	0	0	0	96	248	26440	0	0	0	0	0	0	0	0	0	852	0	0	2298	11354	0	4348	0	1916	0	0	0	0	0	140	0	1140	0	0	0	1210	0	834	0	0	0	516	0	5942	0	1206	0	92	0	0	0	74	546	4412	2102	0	0	200	0	0	0	158	124	1216	0	1020	0	1502	0	0	0	5140	0	0	0	3518	0	0	0	0	0	0	0	0	0	0	0	0	0	0	0	0	0	0	0	0	0	0	0	0	0	0	
401576	Caudate_L	134	1512	16276	2618	1466	120	2532	2214	96	0	1170	4818	9312	998	6246	2146	1234	1066	19416	8114	5790	4642	2146	262	400	0	2486	902	15320	5988	9440	3402	580	2972	0	0	736	0	0	0	0	0	0	0	0	0	0	0	0	0	0	0	0	0	432	0	0	66	0	0	0	0	0	0	0	0	0	0	104	0	0	20684	25138	8806	1590	154	4994	444	0	0	724	0	614	0	0	0	0	0	484	0	0	0	0	0	0	0	0	0	0	0	0	0	0	0	0	0	0	0	0	0	0	0	0	0	0	0	
663652	Caudate_R	600	4814	7882	20450	190	3188	1042	8330	0	0	378	14980	3026	7240	1894	5740	0	2782	18372	28944	1152	1808	4046	7364	0	2862	230	2508	3944	28228	3364	14912	948	11714	0	0	136	1342	0	662	0	0	0	0	0	0	0	0	0	0	0	0	0	0	0	480	0	1984	0	0	0	118	0	432	0	0	0	0	434	200	20684	0	8938	48720	86	4166	4260	20510	0	0	0	354	174	4974	0	0	0	0	0	90	0	0	0	0	0	0	0	150	0	0	0	0	0	0	0	0	0	0	0	0	0	0	0	0	0	0	
456764	Putamen_L	4774	1368	16130	1196	8088	70	4792	1640	1846	0	3892	2024	5102	468	8466	440	1206	614	30972	3172	958	780	3486	176	1394	0	2132	126	26668	2666	6442	548	2884	666	0	126	17064	292	582	124	0	0	0	0	0	0	0	0	0	0	0	0	0	0	3618	0	458	0	0	0	0	0	0	0	0	0	0	0	112	0	25138	8938	0	4910	8390	112	5296	440	102	0	2756	0	884	0	164	0	0	0	3690	0	0	0	0	0	0	0	0	0	0	0	0	0	0	0	0	0	0	0	0	0	0	0	0	0	0	0	
630244	Putamen_R	0	8018	5724	23486	150	2592	582	8324	0	0	202	12998	2186	4200	1422	4080	0	5138	6804	18128	0	660	3506	6068	0	1916	0	1814	2700	37606	1724	10270	306	5382	248	342	0	20526	0	7558	0	1560	0	0	0	0	0	0	0	0	0	0	0	0	0	8304	0	5158	0	0	0	0	0	68	0	0	0	0	100	0	8806	48720	4910	0	0	15326	1012	5674	0	0	0	500	66	5058	0	768	0	0	0	3536	0	0	0	0	0	0	0	896	0	0	0	0	0	0	0	0	0	0	0	0	0	0	0	0	0	0	
47752	Pallidum_L	590	0	370	0	0	0	0	0	0	0	0	0	0	0	0	0	0	0	8508	210	0	0	0	0	0	0	0	0	0	0	0	0	244	0	0	0	1780	0	118	0	0	0	0	0	0	0	0	0	0	0	0	0	0	0	0	0	0	0	0	0	0	0	0	0	0	0	0	0	0	0	1590	86	8390	0	0	0	1914	76	0	0	0	0	0	0	0	0	0	0	0	0	0	0	0	0	0	0	0	0	0	0	0	0	0	0	0	0	0	0	0	0	0	0	0	0	0	0	
103380	Pallidum_R	0	1882	80	9476	0	0	0	1254	0	0	0	434	0	196	0	84	0	1202	562	8160	0	0	78	350	0	0	0	0	0	1320	76	494	110	840	0	0	0	1908	0	1162	0	142	0	0	0	0	0	0	0	0	0	0	0	0	0	478	0	710	0	0	0	0	0	0	0	0	0	0	130	158	154	4166	112	15326	0	0	0	288	0	90	0	146	0	0	0	0	0	0	0	0	0	0	0	0	0	0	0	122	0	0	0	0	0	0	0	0	0	0	0	0	0	0	0	0	0	0	
189128	Thalamus_L	3552	540	1514	224	0	0	524	96	0	0	288	734	446	0	144	0	242	302	20220	1734	0	0	0	0	0	0	0	0	1564	878	0	0	16670	1364	1426	1656	9112	1940	794	1208	0	0	80	0	0	0	80	0	0	0	0	0	0	0	648	66	224	110	0	0	126	0	0	0	0	0	210	474	1002	124	4994	4260	5296	1012	1914	0	0	5638	290	0	120	0	0	0	192	0	0	0	432	0	0	0	0	0	0	0	100	0	0	0	0	0	0	0	0	0	0	0	0	0	0	0	0	0	0	0	
200076	Thalamus_R	2250	9084	0	6074	0	0	0	1468	0	0	0	1770	0	172	0	240	0	1218	3664	6702	0	0	0	0	0	0	0	0	0	4058	0	0	1720	3370	1402	3392	1290	7690	0	2814	0	0	0	0	0	176	0	796	0	254	0	0	0	0	0	280	0	1668	0	0	0	150	0	84	0	0	0	1388	1910	1216	444	20510	440	5674	76	288	5638	0	0	0	0	0	0	0	0	0	0	0	0	0	0	0	0	0	0	0	0	216	0	0	0	0	0	0	0	0	0	0	0	0	452	0	0	0	0	0	
73992	Heschl_L	2192	0	642	0	0	0	80	0	0	0	274	0	0	0	0	0	3348	0	742	0	0	0	0	0	0	0	0	0	4326	0	0	0	110	0	0	0	2916	0	0	0	0	0	0	0	0	0	108	0	0	0	0	0	432	0	2168	0	2078	0	0	0	0	0	150	0	0	0	70	0	320	0	0	0	102	0	0	0	290	0	0	0	3652	0	0	0	6964	0	0	0	6032	0	0	0	0	0	0	0	0	0	0	0	0	0	0	0	0	0	0	0	0	0	0	0	0	0	0	0	
16580	Heschl_R	0	1160	0	0	0	0	0	0	0	0	0	0	0	0	0	0	0	1672	0	720	0	0	0	0	0	0	0	0	0	1378	0	0	0	0	0	0	0	0	0	0	0	0	0	0	0	0	0	0	0	0	0	0	0	0	0	0	0	182	0	0	0	0	0	166	0	0	0	0	0	1020	0	0	0	0	0	90	0	0	0	0	0	1708	0	0	0	194	0	0	0	0	0	0	0	0	0	0	0	0	0	0	0	0	0	0	0	0	0	0	0	0	0	0	0	0	0	0	
176916	Temporal_Sup_L	1042	0	2226	0	0	0	662	0	0	0	1982	0	454	0	0	0	8100	0	2514	0	0	0	74	0	0	0	0	0	9922	0	0	0	268	0	0	0	2696	0	88	0	0	0	0	0	118	0	0	0	700	0	1914	0	276	0	2688	0	2046	0	114	0	752	0	6984	0	3928	0	644	0	1022	0	724	0	2756	0	0	0	120	0	3652	0	0	0	3114	0	19658	0	0	0	7220	0	0	0	0	0	0	0	0	0	0	0	0	0	0	0	0	0	0	0	0	0	0	0	0	0	0	0	
82892	Temporal_Sup_R	0	2044	0	382	0	0	0	0	0	0	0	166	0	0	0	0	0	3208	200	1908	0	0	0	0	0	0	0	0	0	4746	0	0	0	204	0	0	0	802	0	182	0	0	0	88	0	386	0	0	0	480	0	458	0	0	0	976	0	1028	0	220	0	542	0	2912	0	2920	0	340	0	1502	0	354	0	500	0	146	0	0	0	1708	0	0	0	2058	0	9758	0	94	0	1134	0	0	0	0	0	0	0	0	0	0	0	0	0	0	0	0	0	0	0	0	0	0	0	0	0	0	
59052	Temporal_Pole_Sup_L	0	0	838	0	288	0	388	0	0	0	2246	0	1130	0	234	0	688	0	868	230	260	0	0	0	0	0	0	0	3814	0	106	0	0	0	0	0	856	0	592	0	508	0	0	0	0	0	0	0	0	0	0	0	0	0	2056	0	0	0	0	0	0	0	0	0	0	0	0	0	0	0	614	174	884	66	0	0	0	0	0	0	3114	0	0	0	3858	0	1894	0	3820	0	0	0	0	0	0	0	0	0	0	0	0	0	0	0	0	0	0	0	0	0	0	0	0	0	0	0	
82180	Temporal_Pole_Sup_R	0	0	208	2312	0	0	0	1204	0	0	0	142	0	104	0	322	0	262	1586	3008	0	0	0	0	0	0	0	0	0	5630	0	0	0	250	0	0	0	1888	0	1858	0	2938	0	0	0	0	0	0	0	0	0	0	0	0	0	3432	0	0	0	0	0	0	0	0	0	0	0	0	0	0	0	4974	0	5058	0	0	0	0	0	0	0	2058	0	0	0	884	0	1426	0	1546	0	0	0	0	0	0	0	0	0	0	0	0	0	0	0	0	0	0	0	0	0	0	0	0	0	0	
294348	Temporal_Mid_L	3128	0	0	0	0	0	0	0	0	0	0	0	0	0	0	0	4040	0	0	0	0	0	0	0	0	0	0	0	4456	0	0	0	632	0	2446	0	2842	0	0	0	0	0	2982	0	934	0	200	0	2414	0	17218	0	2794	0	5150	0	2874	0	436	0	1628	0	6152	0	4748	0	5034	0	3038	0	0	0	164	0	0	0	192	0	6964	0	19658	0	3858	0	0	0	2100	0	41092	0	0	0	0	0	0	0	0	0	0	0	0	0	0	0	0	0	0	0	0	0	0	0	0	0	0	0	
171908	Temporal_Mid_R	0	4588	0	0	0	0	0	0	0	0	0	0	0	0	0	0	0	86	0	4740	0	0	0	0	0	0	0	0	0	2150	0	0	0	202	0	1268	0	2172	0	302	0	124	0	4326	0	890	0	892	0	1262	0	11914	0	2760	0	4766	0	906	0	356	0	82	0	290	0	3740	0	1550	0	5140	0	0	0	768	0	0	0	0	0	194	0	9758	0	884	0	0	0	1674	0	18170	0	0	0	0	0	0	0	0	0	0	0	0	0	0	0	0	0	0	0	0	0	0	0	0	0	0	
13624	Temporal_Pole_Mid_L	0	0	0	0	0	0	0	0	0	0	0	0	0	0	0	0	0	0	0	0	0	0	0	0	0	0	0	0	0	0	0	0	0	0	0	0	0	0	0	0	0	0	0	0	0	0	0	0	0	0	0	0	0	0	664	0	0	0	0	0	0	0	0	0	0	0	0	0	0	0	0	0	0	0	0	0	0	0	0	0	0	0	1894	0	2100	0	0	0	2154	0	0	0	0	0	0	0	0	0	0	0	0	0	0	0	0	0	0	0	0	0	0	0	0	0	0	0	
12776	Temporal_Pole_Mid_R	0	0	0	0	0	0	0	0	0	0	0	0	0	0	0	0	0	0	0	0	0	0	0	0	0	0	0	0	0	0	0	0	0	0	0	0	0	66	0	170	0	104	0	0	0	0	0	0	0	0	0	0	0	0	0	1064	0	0	0	0	0	0	0	0	0	0	0	0	0	0	0	0	0	0	0	0	0	0	0	0	0	94	0	1426	0	1674	0	0	0	1790	0	0	0	0	0	0	0	0	0	0	0	0	0	0	0	0	0	0	0	0	0	0	0	0	0	0	
319300	Temporal_Inf_L	3920	0	334	0	0	0	792	0	0	0	250	0	78	0	0	0	3194	0	1618	0	0	0	0	0	0	0	0	0	10394	0	0	0	442	0	2644	0	13290	0	382	0	888	0	2306	0	306	0	346	0	650	0	4006	0	4862	0	21226	0	3228	0	120	0	1010	0	2736	0	828	0	3194	0	2308	0	484	0	3690	0	0	0	432	0	6032	0	7220	0	3820	0	41092	0	2154	0	0	0	5194	0	636	0	0	0	330	0	2544	0	320	0	350	0	0	0	0	0	0	0	0	0	0	0	0	0	
238528	Temporal_Inf_R	0	5090	0	152	0	0	0	0	0	0	0	0	0	0	0	214	0	0	74	3060	0	0	0	0	0	0	0	0	0	3756	0	0	120	206	0	924	0	11470	0	4492	0	2174	0	3250	0	1454	0	1796	0	1708	0	1638	0	3656	0	27150	0	1944	0	734	0	190	0	466	0	1094	108	3458	0	3518	0	90	0	3536	0	0	0	0	0	0	0	1134	0	1546	0	18170	0	1790	0	0	0	4748	0	244	0	0	0	560	0	2958	0	88	0	504	0	0	0	0	0	0	0	0	0	0	0	0	
610192	Cerebelum_Crus1_L	0	0	0	0	0	0	0	0	0	0	0	0	0	0	0	0	0	0	0	0	0	0	0	0	0	0	0	0	0	0	0	0	0	0	0	0	0	0	0	0	0	0	0	0	0	0	4166	2222	0	0	74	0	302	170	19594	1082	0	0	0	0	0	0	0	0	0	0	0	0	0	0	0	0	0	0	0	0	0	0	0	0	0	0	0	0	0	0	0	0	5194	0	0	10582	45538	17694	448	486	21770	2620	63146	7942	22644	6428	23080	7710	1160	862	0	280	104	596	5148	8650	23228	1474	608	94	
469400	Cerebelum_Crus1_R	0	0	0	0	0	0	0	0	0	0	0	0	0	0	0	0	0	0	0	0	0	0	0	0	0	0	0	0	0	0	0	0	0	0	0	0	0	0	0	0	0	0	0	118	0	0	1166	3170	0	0	0	0	0	616	954	24932	0	0	0	0	0	0	0	0	0	0	0	0	0	0	0	0	0	0	0	0	0	0	0	0	0	0	0	0	0	0	0	0	0	4748	10582	0	3592	32592	168	1236	4198	14814	9510	49734	1660	7908	1916	27392	1290	792	0	142	0	238	6526	7334	14176	2250	778	168	
423488	Cerebelum_Crus2_L	0	0	0	0	0	0	0	0	0	0	0	0	0	0	0	0	0	0	0	0	0	0	0	0	0	0	0	0	0	0	0	0	0	0	0	0	0	0	0	0	0	0	0	0	0	0	410	590	0	0	0	0	0	0	2042	288	0	0	0	0	0	0	0	0	0	0	0	0	0	0	0	0	0	0	0	0	0	0	0	0	0	0	0	0	0	0	0	0	636	0	45538	3592	0	15514	0	112	1942	592	13444	2434	43656	8090	35664	6724	3720	632	596	220	0	162	1116	2878	17800	3030	322	0	
426344	Cerebelum_Crus2_R	0	0	0	0	0	0	0	0	0	0	0	0	0	0	0	0	0	0	0	0	0	0	0	0	0	0	0	0	0	0	0	0	0	0	0	0	0	0	0	0	0	0	0	0	0	0	442	164	0	0	0	0	0	0	444	1576	0	0	0	0	0	0	0	0	0	0	0	0	0	0	0	0	0	0	0	0	0	0	0	0	0	0	0	0	0	0	0	0	0	244	17694	32592	15514	0	70	0	1160	472	6114	6262	13136	27118	11590	38528	1344	2384	0	634	0	0	166	4762	26236	3434	1012	80	
36096	Cerebelum_3_L	0	0	0	0	0	0	0	0	0	0	0	0	0	0	0	0	0	0	0	0	0	0	0	0	0	0	0	0	0	0	0	0	0	0	0	0	0	0	0	0	0	0	0	0	0	0	238	170	0	0	0	0	0	0	282	0	0	0	0	0	0	0	0	0	0	0	0	0	0	0	0	0	0	0	0	0	0	0	0	0	0	0	0	0	0	0	0	0	0	0	448	168	0	70	0	148	5994	554	2632	670	0	0	74	0	866	490	0	100	426	422	1758	1288	240	218	422	370	
52616	Cerebelum_3_R	0	0	0	0	0	0	0	0	0	0	0	0	0	0	0	0	0	0	0	0	0	0	0	0	0	0	0	0	0	0	0	0	0	0	0	0	0	0	0	0	0	0	0	0	0	0	0	124	0	0	0	0	0	122	110	1206	0	0	0	0	0	0	0	0	0	0	0	0	0	0	0	0	0	0	0	0	0	0	0	0	0	0	0	0	0	0	0	0	0	0	486	1236	112	0	148	0	2382	4922	1490	3236	0	0	72	0	350	914	0	0	216	3036	2302	1768	0	852	1136	88	
365456	Cerebelum_4_5_L	0	0	0	0	0	0	0	0	0	0	0	0	0	0	0	0	0	0	0	0	0	0	0	0	0	0	0	0	0	0	0	0	0	0	0	0	188	0	208	0	0	0	0	0	0	0	7230	4068	0	0	0	0	330	282	12246	1654	0	0	0	0	0	0	0	0	0	0	154	0	0	0	0	0	0	0	0	0	100	0	0	0	0	0	0	0	0	0	0	0	330	0	21770	4198	1942	1160	5994	2382	0	8898	41918	9086	1498	242	1720	1178	5212	3638	146	584	774	2690	18540	10744	3218	3158	3832	1416	
251956	Cerebelum_4_5_R	0	0	0	90	0	0	0	0	0	0	0	136	0	76	0	0	0	0	0	114	0	0	0	0	0	0	0	0	0	290	0	0	0	0	0	0	156	2360	0	3364	0	0	0	0	0	0	1304	5600	0	0	0	0	0	2180	504	18850	0	0	0	0	0	0	0	0	0	0	0	132	0	0	0	150	0	896	0	122	0	216	0	0	0	0	0	0	0	0	0	0	0	560	2620	14814	592	472	554	4922	8898	0	5590	27590	260	124	322	824	612	556	0	106	0	1372	14872	1862	576	500	540	300	
569208	Cerebelum_6_L	0	0	0	0	0	0	0	0	0	0	0	0	0	0	0	0	0	0	0	0	0	0	0	0	0	0	0	0	0	0	0	0	0	0	0	0	0	0	0	0	0	0	358	0	0	0	10208	4724	222	0	548	0	890	196	27006	1762	0	0	0	0	0	0	0	0	0	0	0	0	0	0	0	0	0	0	0	0	0	0	0	0	0	0	0	0	0	0	0	0	2544	0	63146	9510	13444	6114	2632	1490	41918	5590	0	12590	6820	912	6910	1982	3860	3628	202	698	228	1422	12364	18762	13212	4358	3726	628	
445436	Cerebelum_6_R	0	0	0	0	0	0	0	0	0	0	0	0	0	0	0	0	0	0	0	0	0	0	0	0	0	0	0	0	0	0	0	0	0	0	0	0	0	0	0	156	0	0	0	318	0	0	1834	7750	0	0	0	0	94	2630	1588	33524	0	0	0	0	0	0	0	0	0	0	0	0	0	0	0	0	0	0	0	0	0	0	0	0	0	0	0	0	0	0	0	0	0	2958	7942	49734	2434	6262	670	3236	9086	27590	12590	0	342	1124	402	6644	1668	936	0	388	0	514	13850	12026	9722	3440	1098	168	
363380	Cerebelum_7b_L	0	0	0	0	0	0	0	0	0	0	0	0	0	0	0	0	0	0	0	0	0	0	0	0	0	0	0	0	0	0	0	0	0	0	0	0	0	0	0	0	0	0	0	0	0	0	0	0	0	0	0	0	0	0	1070	0	0	0	0	0	0	0	0	0	0	0	0	0	0	0	0	0	0	0	0	0	0	0	0	0	0	0	0	0	0	0	0	0	320	0	22644	1660	43656	13136	0	0	1498	260	6820	342	0	9258	42098	9130	4636	1204	854	506	0	84	522	1138	14660	5736	458	0	
227656	Cerebelum_7b_R	0	0	0	0	0	0	0	0	0	0	0	0	0	0	0	0	0	0	0	0	0	0	0	0	0	0	0	0	0	0	0	0	0	0	0	0	0	0	0	0	0	0	0	0	0	0	0	0	0	0	0	0	0	0	0	256	0	0	0	0	0	0	0	0	0	0	0	0	0	0	0	0	0	0	0	0	0	0	0	0	0	0	0	0	0	0	0	0	0	88	6428	7908	8090	27118	0	0	242	124	912	1124	9258	0	8186	26396	320	1150	0	100	0	0	0	882	11294	3678	274	0	
368888	Cerebelum_8_L	0	0	0	0	0	0	0	0	0	0	0	0	0	0	0	0	0	0	0	0	0	0	0	0	0	0	0	0	0	0	0	0	0	0	0	0	0	0	0	0	0	0	0	0	0	0	0	0	0	0	0	0	0	0	1212	70	0	0	0	0	0	0	0	0	0	0	0	0	0	0	0	0	0	0	0	0	0	0	0	0	0	0	0	0	0	0	0	0	350	0	23080	1916	35664	11590	74	72	1720	322	6910	402	42098	8186	0	9652	12834	2238	1552	696	0	94	642	1282	13840	6356	1592	0	
370524	Cerebelum_8_R	0	0	0	0	0	0	0	0	0	0	0	0	0	0	0	0	0	0	0	0	0	0	0	0	0	0	0	0	0	0	0	0	0	0	0	0	0	0	0	0	0	0	0	0	0	0	0	0	0	0	0	0	0	0	78	2654	0	0	0	0	0	0	0	0	0	0	0	0	0	0	0	0	0	0	0	0	0	0	0	0	0	0	0	0	0	0	0	0	0	504	7710	27392	6724	38528	0	0	1178	824	1982	6644	9130	26396	9652	0	1818	13528	0	1666	0	0	116	3138	15992	7094	2348	166	
121472	Cerebelum_9_L	0	0	0	0	0	0	0	0	0	0	0	0	0	0	0	0	0	0	0	0	0	0	0	0	0	0	0	0	0	0	0	0	0	0	0	0	0	0	0	0	0	0	0	0	0	0	0	116	0	0	0	0	0	0	100	84	0	0	0	0	0	0	0	0	0	0	0	0	0	0	0	0	0	0	0	0	0	0	0	0	0	0	0	0	0	0	0	0	0	0	1160	1290	3720	1344	866	350	5212	612	3860	1668	4636	320	12834	1818	0	2288	2608	422	0	314	1298	4922	3192	2596	2788	318	
125808	Cerebelum_9_R	0	0	0	0	0	0	0	0	0	0	0	0	0	0	0	0	0	0	0	0	0	0	0	0	0	0	0	0	0	0	0	0	0	0	0	0	0	0	0	0	0	0	0	0	0	0	0	0	0	0	0	0	0	0	222	148	0	0	0	0	0	0	0	0	0	0	0	0	0	0	0	0	0	0	0	0	0	0	0	0	0	0	0	0	0	0	0	0	0	0	862	792	632	2384	490	914	3638	556	3628	936	1204	1150	2238	13528	2288	0	0	3336	206	800	1322	4816	3494	5788	6622	910	
11916	Cerebelum_10_L	0	0	0	0	0	0	0	0	0	0	0	0	0	0	0	0	0	0	0	0	0	0	0	0	0	0	0	0	0	0	0	0	0	0	0	0	0	0	0	0	0	0	0	0	0	0	0	0	0	0	0	0	0	0	0	0	0	0	0	0	0	0	0	0	0	0	0	0	0	0	0	0	0	0	0	0	0	0	0	0	0	0	0	0	0	0	0	0	0	0	0	0	596	0	0	0	146	0	202	0	854	0	1552	0	2608	0	0	0	0	0	0	0	0	0	0	0	
28536	Cerebelum_10_R	0	0	0	0	0	0	0	0	0	0	0	0	0	0	0	0	0	0	0	0	0	0	0	0	0	0	0	0	0	0	0	0	0	0	0	0	0	0	0	0	0	0	0	0	0	0	0	0	0	0	0	0	0	0	0	0	0	0	0	0	0	0	0	0	0	0	0	0	0	0	0	0	0	0	0	0	0	0	0	0	0	0	0	0	0	0	0	0	0	0	280	142	220	634	100	0	584	106	698	388	506	100	696	1666	422	3336	0	0	0	0	196	794	1090	1044	1266	0	
11564	Vermis_1_2	0	0	0	0	0	0	0	0	0	0	0	0	0	0	0	0	0	0	0	0	0	0	0	0	0	0	0	0	0	0	0	0	0	0	0	0	0	0	0	0	0	0	0	0	0	0	0	0	0	0	0	0	0	0	0	0	0	0	0	0	0	0	0	0	0	0	0	0	0	0	0	0	0	0	0	0	0	0	0	0	0	0	0	0	0	0	0	0	0	0	104	0	0	0	426	216	774	0	228	0	0	0	0	0	0	206	0	0	0	2512	742	278	0	0	192	104	
41924	Vermis_3	0	0	0	0	0	0	0	0	0	0	0	0	0	0	0	0	0	0	0	0	0	0	0	0	0	0	0	0	0	0	0	0	0	0	0	0	88	0	194	0	0	0	0	0	0	0	68	90	0	0	0	0	0	78	86	178	0	0	0	0	0	0	0	0	0	0	0	0	0	0	0	0	0	0	0	0	0	0	0	0	0	0	0	0	0	0	0	0	0	0	596	238	162	0	422	3036	2690	1372	1422	514	84	0	94	0	314	800	0	0	2512	0	2594	1532	0	648	1012	138	
228252	Vermis_4_5	0	0	0	0	0	0	0	0	0	0	0	0	0	0	0	0	0	0	0	0	0	0	0	0	0	0	0	0	0	0	0	0	0	0	0	832	0	668	0	186	0	0	84	422	0	0	2646	6298	0	0	0	0	248	1032	1564	4690	0	0	0	0	0	0	0	0	0	0	0	1102	0	0	0	0	0	0	0	0	0	452	0	0	0	0	0	0	0	0	0	0	0	0	5148	6526	1116	166	1758	2302	18540	14872	12364	13850	522	0	642	116	1298	1322	0	196	742	2594	0	6254	212	346	1356	1660	
257724	Vermis_6	0	0	0	0	0	0	0	0	0	0	0	0	0	0	0	0	0	0	0	0	0	0	0	0	0	0	0	0	0	0	0	0	0	0	0	0	0	0	0	0	0	0	72	96	0	0	1914	3352	0	0	122	0	118	144	2394	1972	0	0	0	0	0	0	0	0	0	0	0	0	0	0	0	0	0	0	0	0	0	0	0	0	0	0	0	0	0	0	0	0	0	0	8650	7334	2878	4762	1288	1768	10744	1862	18762	12026	1138	882	1282	3138	4922	4816	0	794	278	1532	6254	0	11696	5080	5314	1478	
400080	Vermis_7	0	0	0	0	0	0	0	0	0	0	0	0	0	0	0	0	0	0	0	0	0	0	0	0	0	0	0	0	0	0	0	0	0	0	0	0	0	0	0	0	0	0	0	0	0	0	964	1236	0	0	0	0	0	0	1102	938	0	0	0	0	0	0	0	0	0	0	0	0	0	0	0	0	0	0	0	0	0	0	0	0	0	0	0	0	0	0	0	0	0	0	23228	14176	17800	26236	240	0	3218	576	13212	9722	14660	11294	13840	15992	3192	3494	0	1090	0	0	212	11696	0	8504	3252	166	
