data	data	505200	317508	1.25243e+06	571160	168924	187080	384452	219388	106556	23176	298980	187852	301856	146104	198300	108868	225928	171900	1.08137e+06	660564	72544	78752	358332	352496	11720	102232	30404	32124	626404	404728	304088	495940	255076	595364	158076	201840	328280	352748	109160	262324	60312	60472	291168	416112	179256	507108	488780	455028	211860	484656	606640	278272	203380	62696	563484	599340	224164	343388	172024	140036	220604	79068	99276	92924	128860	145280	347840	485708	326600	269736	369832	396156	357492	349972	74472	43820	261644	220008	65848	32252	206180	130660	121300	53848	291904	322492	20456	34580	296100	184060	605556	667312	365380	445916	109616	137368	555796	408500	710992	683196	264620	115188	432900	390504	210760	325228	29540	17620	92036	206052	548072	293580	434896	304880	282532	90980	
data	data	Precentral_L	Precentral_R	Frontal_Sup_L	Frontal_Sup_R	Frontal_Sup_Orb_L	Frontal_Sup_Orb_R	Frontal_Mid_L	Frontal_Mid_R	Frontal_Mid_Orb_L	Frontal_Mid_Orb_R	Frontal_Inf_Oper_L	Frontal_Inf_Oper_R	Frontal_Inf_Tri_L	Frontal_Inf_Tri_R	Frontal_Inf_Orb_L	Frontal_Inf_Orb_R	Rolandic_Oper_L	Rolandic_Oper_R	Supp_Motor_Area_L	Supp_Motor_Area_R	Olfactory_L	Olfactory_R	Frontal_Sup_Medial_L	Frontal_Sup_Medial_R	Frontal_Med_Orb_L	Frontal_Med_Orb_R	Rectus_L	Rectus_R	Insula_L	Insula_R	Cingulum_Ant_L	Cingulum_Ant_R	Cingulum_Mid_L	Cingulum_Mid_R	Cingulum_Post_L	Cingulum_Post_R	Hippocampus_L	Hippocampus_R	ParaHippocampal_L	ParaHippocampal_R	Amygdala_L	Amygdala_R	Calcarine_L	Calcarine_R	Cuneus_L	Cuneus_R	Lingual_L	Lingual_R	Occipital_Sup_L	Occipital_Sup_R	Occipital_Mid_L	Occipital_Mid_R	Occipital_Inf_L	Occipital_Inf_R	Fusiform_L	Fusiform_R	Postcentral_L	Postcentral_R	Parietal_Sup_L	Parietal_Sup_R	Parietal_Inf_L	Parietal_Inf_R	SupraMarginal_L	SupraMarginal_R	Angular_L	Angular_R	Precuneus_L	Precuneus_R	Paracentral_Lobule_L	Paracentral_Lobule_R	Caudate_L	Caudate_R	Putamen_L	Putamen_R	Pallidum_L	Pallidum_R	Thalamus_L	Thalamus_R	Heschl_L	Heschl_R	Temporal_Sup_L	Temporal_Sup_R	Temporal_Pole_Sup_L	Temporal_Pole_Sup_R	Temporal_Mid_L	Temporal_Mid_R	Temporal_Pole_Mid_L	Temporal_Pole_Mid_R	Temporal_Inf_L	Temporal_Inf_R	Cerebelum_Crus1_L	Cerebelum_Crus1_R	Cerebelum_Crus2_L	Cerebelum_Crus2_R	Cerebelum_3_L	Cerebelum_3_R	Cerebelum_4_5_L	Cerebelum_4_5_R	Cerebelum_6_L	Cerebelum_6_R	Cerebelum_7b_L	Cerebelum_7b_R	Cerebelum_8_L	Cerebelum_8_R	Cerebelum_9_L	Cerebelum_9_R	Cerebelum_10_L	Cerebelum_10_R	Vermis_1_2	Vermis_3	Vermis_4_5	Vermis_6	Vermis_7	Vermis_8	Vermis_9	Vermis_10	
505200	Precentral_L	0	1004	26810	0	0	0	16914	0	0	0	12462	0	4784	0	0	0	13924	0	16516	3982	0	0	0	0	0	0	0	0	20822	0	0	0	0	1196	5198	6440	7122	3216	280	2048	0	0	0	994	296	630	292	1794	0	0	3164	0	470	0	1898	1576	18178	2232	3026	0	6668	0	3188	0	566	0	2212	1902	15800	3052	5480	152	6858	0	4208	0	14114	214	3176	0	3862	0	194	0	1120	0	0	0	2162	0	0	0	0	0	0	0	0	212	0	0	0	0	0	0	0	0	0	0	0	0	192	0	0	0	0	0	
317508	Precentral_R	1004	0	5876	3086	0	0	0	7974	0	0	0	5650	0	0	0	0	0	2594	8070	3084	0	0	0	0	0	0	0	0	0	4190	0	0	216	1296	144	2246	0	9430	0	3800	0	0	0	378	0	978	0	1254	0	1562	0	382	0	692	0	6372	0	18944	0	206	0	160	0	1100	0	296	0	906	3498	13206	4282	8380	0	3406	0	514	3198	24918	0	258	0	1334	0	0	0	1494	0	0	0	1498	0	210	0	0	0	246	0	274	0	148	0	0	0	0	0	0	0	0	0	0	0	0	0	0	0	0	
1.25243e+06	Frontal_Sup_L	26810	5876	0	10276	9808	870	56478	3952	4068	0	22284	2118	24622	180	11110	0	10686	8064	132144	22194	0	0	36994	7802	498	300	0	0	41094	8484	15952	7730	6968	10676	216	2230	3138	4128	206	2246	240	0	0	0	0	0	528	608	0	0	0	0	0	0	2114	1690	3088	2474	0	0	0	0	0	0	0	0	0	216	8386	3240	29764	9844	20588	8304	4564	1338	13676	1238	386	678	5546	826	3488	0	372	0	0	0	2816	0	0	0	0	0	0	0	0	0	0	0	0	0	0	0	0	0	0	0	0	0	0	0	0	0	0	0	
571160	Frontal_Sup_R	0	3086	10276	0	0	9882	154	25492	0	0	0	8246	184	7170	0	4612	0	6508	15582	40522	0	0	9786	30892	0	1588	0	0	0	18446	4166	30760	3736	20148	0	0	0	1334	0	718	0	0	0	0	0	0	0	0	0	0	0	0	0	0	0	734	0	496	0	0	0	0	0	0	0	0	0	0	0	0	1558	12770	0	14484	0	0	0	162	0	406	0	836	0	0	0	554	0	292	0	0	0	0	0	0	0	0	0	0	0	0	0	0	0	0	0	0	0	0	0	0	0	0	0	0	0	0	
168924	Frontal_Sup_Orb_L	0	0	9808	0	0	0	2162	0	13462	0	480	0	3364	0	13152	0	0	0	3396	0	1612	400	3142	274	874	0	3952	0	9582	0	3214	724	0	0	0	0	634	0	210	0	910	0	0	0	0	0	0	0	0	0	0	0	0	0	168	0	0	0	0	0	0	0	0	0	0	0	0	0	0	0	2780	394	9138	0	0	0	0	0	0	0	0	0	630	0	0	0	0	0	0	0	0	0	0	0	0	0	0	0	0	0	0	0	0	0	0	0	0	0	0	0	0	0	0	0	0	0	
187080	Frontal_Sup_Orb_R	0	0	870	9882	0	0	0	3118	0	4838	0	346	0	1200	0	8300	0	0	846	1980	0	1152	636	7502	0	11722	0	4552	0	4038	1164	8238	0	698	0	0	0	0	0	0	0	0	0	0	0	0	0	0	0	0	0	0	0	0	0	0	0	0	0	0	0	0	0	0	0	0	0	0	0	0	224	10694	0	11540	0	0	0	0	0	0	0	0	0	0	0	0	0	0	0	0	0	0	0	0	0	0	0	0	0	0	0	0	0	0	0	0	0	0	0	0	0	0	0	0	0	0	
384452	Frontal_Mid_L	16914	0	56478	154	2162	0	0	0	2314	0	14850	0	27400	0	6928	0	5138	0	8908	468	0	0	11838	2626	0	0	0	0	17148	0	2256	714	1350	1644	160	524	1644	426	210	278	0	0	0	0	0	0	248	144	0	0	0	0	0	0	442	136	528	0	0	0	146	0	0	0	0	0	0	0	0	0	280	0	1418	0	388	0	2910	0	950	0	1492	0	410	0	0	0	0	0	202	0	0	0	0	0	0	0	0	0	0	0	0	0	0	0	0	0	0	0	0	0	0	0	0	0	0	0	
219388	Frontal_Mid_R	0	7974	3952	25492	0	3118	0	0	0	1470	0	8210	0	7890	0	2416	0	3028	4678	4494	0	0	1438	5478	0	0	0	0	0	7974	416	3036	454	4428	0	196	0	690	0	0	0	0	0	180	0	156	0	0	0	494	0	0	0	0	0	0	0	636	0	0	0	0	0	0	0	0	0	192	0	0	2090	1890	0	4724	0	586	258	602	0	0	0	482	0	0	0	572	0	0	0	0	0	0	0	0	0	0	0	0	0	0	0	0	0	0	0	0	0	0	0	0	0	0	0	0	0	0	
106556	Frontal_Mid_Orb_L	0	0	4068	0	13462	0	2314	0	0	0	486	0	3482	0	12726	0	0	0	1366	0	302	260	0	0	0	0	2574	0	6098	0	716	448	0	0	0	0	0	0	0	0	0	0	0	0	0	0	0	0	0	0	0	0	0	0	0	0	0	0	0	0	0	0	0	0	0	0	0	0	0	0	1822	416	2738	0	0	0	0	0	0	0	0	0	0	0	0	0	0	0	0	0	0	0	0	0	0	0	0	0	0	0	0	0	0	0	0	0	0	0	0	0	0	0	0	0	0	0	
23176	Frontal_Mid_Orb_R	0	0	0	0	0	4838	0	1470	0	0	0	0	0	630	0	3416	0	0	0	0	0	0	0	0	0	160	0	258	0	406	0	0	0	0	0	0	0	0	0	0	0	0	0	0	0	0	0	0	0	0	0	0	0	0	0	0	0	0	0	0	0	0	0	0	0	0	0	0	0	0	0	168	0	242	0	0	0	0	0	0	0	0	0	0	0	0	0	0	0	0	0	0	0	0	0	0	0	0	0	0	0	0	0	0	0	0	0	0	0	0	0	0	0	0	0	0	
298980	Frontal_Inf_Oper_L	12462	0	22284	0	480	0	14850	0	486	0	0	158	26728	0	816	0	12930	0	16092	334	0	0	230	0	0	0	0	0	24660	170	216	0	134	174	0	0	0	0	0	0	0	0	0	0	0	0	0	0	0	0	0	0	0	0	0	0	3358	0	0	0	0	0	0	0	0	0	0	0	0	0	1326	542	1672	0	0	0	0	0	722	0	3110	0	5556	0	0	0	0	0	0	0	0	0	0	0	0	0	0	0	0	0	0	0	0	0	0	0	0	0	0	0	0	0	0	0	0	0	
187852	Frontal_Inf_Oper_R	0	5650	2118	8246	0	346	0	8210	0	0	158	0	178	11238	0	390	0	7086	2002	5904	0	0	202	1166	0	0	0	0	0	16400	704	2992	318	2950	0	0	0	318	0	0	0	0	0	154	0	0	0	0	0	384	0	0	0	0	0	0	0	1498	0	0	0	0	0	0	0	0	0	158	0	0	1366	4608	0	5428	0	568	160	670	0	600	0	872	0	650	0	234	0	0	0	0	0	0	0	0	0	0	0	0	0	0	0	0	0	0	0	0	0	0	0	0	0	0	0	0	0	0	
301856	Frontal_Inf_Tri_L	4784	0	24622	184	3364	0	27400	0	3482	0	26728	178	0	0	10794	0	2152	0	12134	494	0	0	1818	742	0	0	0	0	23948	192	772	394	460	560	0	0	0	0	0	0	0	0	0	0	0	0	0	0	0	0	0	0	0	0	0	0	364	0	0	0	0	0	0	0	0	0	0	0	0	0	868	592	1602	0	0	0	0	0	0	0	516	0	1784	0	0	0	0	0	0	0	0	0	0	0	0	0	0	0	0	0	0	0	0	0	0	0	0	0	0	0	0	0	0	0	0	0	
146104	Frontal_Inf_Tri_R	0	0	180	7170	0	1200	0	7890	0	630	0	11238	0	0	0	6256	0	380	1076	7524	0	0	238	2060	0	0	0	0	0	15374	392	2672	0	5672	0	0	0	0	0	0	0	0	0	0	0	0	0	0	0	0	0	0	0	0	0	0	0	0	0	0	0	0	0	0	0	0	0	0	0	0	0	1800	0	1132	0	0	0	0	0	0	0	0	0	168	0	0	0	0	0	0	0	0	0	0	0	0	0	0	0	0	0	0	0	0	0	0	0	0	0	0	0	0	0	0	0	0	
198300	Frontal_Inf_Orb_L	0	0	11110	0	13152	0	6928	0	12726	0	816	0	10794	0	0	0	0	0	4470	196	2546	266	2056	568	0	0	756	0	15062	0	1164	504	460	376	0	0	1174	0	750	0	1552	0	0	0	0	0	0	0	0	0	0	0	0	0	442	0	0	0	0	0	0	0	0	0	0	0	0	0	0	0	2010	390	7056	0	0	0	0	0	0	0	0	0	1826	0	0	0	0	0	0	0	0	0	0	0	0	0	0	0	0	0	0	0	0	0	0	0	0	0	0	0	0	0	0	0	0	0	
108868	Frontal_Inf_Orb_R	0	0	0	4612	0	8300	0	2416	0	3416	0	390	0	6256	0	0	0	0	1428	5264	0	1060	470	1002	0	806	0	586	0	9842	210	1534	0	4628	0	0	0	0	0	0	0	0	0	0	0	0	0	0	0	0	0	0	0	0	0	0	0	0	0	0	0	0	0	0	0	0	0	0	0	0	0	1034	0	950	0	0	0	0	0	0	0	0	0	230	0	0	0	0	0	0	0	0	0	0	0	0	0	0	0	0	0	0	0	0	0	0	0	0	0	0	0	0	0	0	0	0	
225928	Rolandic_Oper_L	13924	0	10686	0	0	0	5138	0	0	0	12930	0	2152	0	0	0	0	0	9898	148	0	0	0	0	0	0	0	0	22650	0	0	0	0	0	0	0	252	0	0	0	0	0	0	0	0	0	0	0	0	0	1450	0	0	0	360	0	7976	0	588	0	938	0	1406	0	1810	0	314	0	1444	148	474	0	174	0	0	0	0	0	2822	0	8564	0	4206	0	1970	0	0	0	542	0	0	0	0	0	0	0	0	0	0	0	0	0	0	0	0	0	0	0	0	0	0	0	0	0	0	0	
171900	Rolandic_Oper_R	0	2594	8064	6508	0	0	0	3028	0	0	0	7086	0	380	0	0	0	0	8532	2992	0	0	148	346	0	0	0	0	0	19404	348	996	310	708	0	0	0	148	0	0	0	0	0	0	0	316	0	0	0	720	0	270	0	0	0	0	0	3724	0	0	0	0	0	2206	0	232	0	0	0	0	278	1862	0	3034	0	1366	0	524	0	3908	0	4936	0	612	0	370	0	0	0	0	0	0	0	0	0	0	0	0	0	0	0	0	0	0	0	0	0	0	0	0	0	0	0	0	0	0	
1.08137e+06	Supp_Motor_Area_L	16516	8070	132144	15582	3396	846	8908	4678	1366	0	16092	2002	12134	1076	4470	1428	9898	8532	0	45834	0	0	10644	6238	206	288	0	0	31978	9204	10328	9094	11906	18908	288	926	2432	3156	0	1552	0	0	0	0	0	0	234	136	184	0	200	0	0	0	2084	1334	1910	2492	0	0	0	0	0	0	0	0	260	244	21284	5156	28338	9076	19908	8618	6446	1338	7130	1532	298	776	4122	860	3416	0	282	0	0	0	2906	0	0	0	0	0	0	0	0	0	0	0	0	0	0	0	0	0	0	0	0	0	0	0	0	0	0	0	
660564	Supp_Motor_Area_R	3982	3084	22194	40522	0	1980	468	4494	0	0	334	5904	494	7524	196	5264	148	2992	45834	0	0	0	4932	9026	0	268	0	0	752	11654	4908	19958	14068	51016	236	1124	0	1376	0	594	0	0	0	0	0	0	0	0	0	0	0	0	0	0	0	770	354	4322	0	0	0	0	0	0	0	0	0	348	15540	19620	2168	9214	154	6122	0	228	854	4484	0	138	0	420	0	0	0	220	0	0	0	0	0	0	0	0	0	0	0	0	0	0	0	0	0	0	0	0	0	0	0	0	0	0	0	0	0	0	
72544	Olfactory_L	0	0	0	0	1612	0	0	0	302	0	0	0	0	0	2546	0	0	0	0	0	0	5610	0	0	0	0	1216	0	2362	0	2316	1078	0	0	0	0	762	0	868	0	1548	0	0	0	0	0	0	0	0	0	0	0	0	0	332	0	0	0	0	0	0	0	0	0	0	0	0	0	0	0	6290	3878	4198	278	0	0	0	0	0	0	0	0	1076	0	0	0	0	0	0	0	0	0	0	0	0	0	0	0	0	0	0	0	0	0	0	0	0	0	0	0	0	0	0	0	0	0	
78752	Olfactory_R	0	0	0	0	400	1152	0	0	260	0	0	0	0	0	266	1060	0	0	0	0	5610	0	0	0	0	1416	930	1594	0	2396	2740	2698	0	0	0	0	0	0	0	0	0	466	0	0	0	0	0	0	0	0	0	0	0	0	0	0	0	0	0	0	0	0	0	0	0	0	0	0	0	0	6622	5804	4494	1078	140	250	0	0	0	0	0	0	0	0	0	0	0	0	0	0	0	0	0	0	0	0	0	0	0	0	0	0	0	0	0	0	0	0	0	0	0	0	0	0	0	0	
358332	Frontal_Sup_Medial_L	0	0	36994	9786	3142	636	11838	1438	0	0	230	202	1818	238	2056	470	0	148	10644	4932	0	0	0	27110	772	800	0	0	1306	362	16944	17566	8746	19216	0	0	0	0	0	0	0	0	0	0	0	0	0	0	0	0	0	0	0	0	0	0	0	0	0	0	0	0	0	0	0	0	0	0	0	0	640	290	842	0	0	0	0	0	0	0	0	0	0	0	0	0	0	0	0	0	0	0	0	0	0	0	0	0	0	0	0	0	0	0	0	0	0	0	0	0	0	0	0	0	0	0	
352496	Frontal_Sup_Medial_R	0	0	7802	30892	274	7502	2626	5478	0	0	0	1166	742	2060	568	1002	0	346	6238	9026	0	0	27110	0	230	5842	0	0	456	2506	6974	28594	1690	18174	0	0	0	0	0	0	0	0	0	0	0	0	0	0	0	0	0	0	0	0	0	0	0	0	0	0	0	0	0	0	0	0	0	0	0	0	288	4916	0	3746	0	0	0	0	0	0	0	0	0	0	0	0	0	0	0	0	0	0	0	0	0	0	0	0	0	0	0	0	0	0	0	0	0	0	0	0	0	0	0	0	0	0	
11720	Frontal_Med_Orb_L	0	0	498	0	874	0	0	0	0	0	0	0	0	0	0	0	0	0	206	0	0	0	772	230	0	338	570	0	0	0	1448	234	0	0	0	0	0	0	0	0	0	0	0	0	0	0	0	0	0	0	0	0	0	0	0	0	0	0	0	0	0	0	0	0	0	0	0	0	0	0	334	0	356	0	0	0	0	0	0	0	0	0	0	0	0	0	0	0	0	0	0	0	0	0	0	0	0	0	0	0	0	0	0	0	0	0	0	0	0	0	0	0	0	0	0	0	
102232	Frontal_Med_Orb_R	0	0	300	1588	0	11722	0	0	0	160	0	0	0	0	0	806	0	0	288	268	0	1416	800	5842	338	0	0	4456	0	1340	1264	6724	0	0	0	0	0	0	0	0	0	0	0	0	0	0	0	0	0	0	0	0	0	0	0	0	0	0	0	0	0	0	0	0	0	0	0	0	0	0	0	8288	0	5516	0	0	0	0	0	0	0	0	0	0	0	0	0	0	0	0	0	0	0	0	0	0	0	0	0	0	0	0	0	0	0	0	0	0	0	0	0	0	0	0	0	0	
30404	Rectus_L	0	0	0	0	3952	0	0	0	2574	0	0	0	0	0	756	0	0	0	0	0	1216	930	0	0	570	0	0	0	0	0	1658	602	0	0	0	0	0	0	0	0	0	0	0	0	0	0	0	0	0	0	0	0	0	0	0	0	0	0	0	0	0	0	0	0	0	0	0	0	0	0	1398	562	984	0	0	0	0	0	0	0	0	0	0	0	0	0	0	0	0	0	0	0	0	0	0	0	0	0	0	0	0	0	0	0	0	0	0	0	0	0	0	0	0	0	0	0	
32124	Rectus_R	0	0	0	0	0	4552	0	0	0	258	0	0	0	0	0	586	0	0	0	0	0	1594	0	0	0	4456	0	0	0	1250	0	724	0	0	0	0	0	0	0	0	0	0	0	0	0	0	0	0	0	0	0	0	0	0	0	0	0	0	0	0	0	0	0	0	0	0	0	0	0	0	0	1650	0	992	0	0	0	0	0	0	0	0	0	0	0	0	0	0	0	0	0	0	0	0	0	0	0	0	0	0	0	0	0	0	0	0	0	0	0	0	0	0	0	0	0	0	
626404	Insula_L	20822	0	41094	0	9582	0	17148	0	6098	0	24660	0	23948	0	15062	0	22650	0	31978	752	2362	0	1306	456	0	0	0	0	0	0	916	358	490	414	440	0	10546	0	1118	0	3648	0	0	0	0	0	240	0	0	0	876	0	686	0	7602	0	2126	0	674	0	764	0	0	0	186	0	652	0	1482	294	4158	0	16644	0	0	0	1228	0	5736	0	15034	0	9378	0	1948	0	0	0	7646	0	0	0	0	0	0	0	0	0	0	0	0	0	0	0	0	0	0	0	0	0	0	0	0	0	0	0	
404728	Insula_R	0	4190	8484	18446	0	4038	0	7974	0	406	170	16400	192	15374	0	9842	0	19404	9204	11654	0	2396	362	2506	0	1340	0	1250	0	0	672	3500	282	4644	0	0	0	3556	0	1552	0	492	0	0	0	0	0	0	0	0	0	0	0	0	0	1436	0	2124	0	0	0	0	0	0	0	0	0	0	0	242	472	5348	0	25006	0	924	0	1670	0	3198	0	7174	0	796	0	3146	0	642	0	1622	0	0	0	0	0	0	0	234	0	0	0	0	0	0	0	0	0	0	0	0	0	0	0	0	0	0	
304088	Cingulum_Ant_L	0	0	15952	4166	3214	1164	2256	416	716	0	216	704	772	392	1164	210	0	348	10328	4908	2316	2740	16944	6974	1448	1264	1658	0	916	672	0	22870	12654	11040	1952	0	0	0	0	0	0	0	0	0	0	0	0	0	0	0	0	0	0	0	0	0	0	0	0	0	0	0	0	0	0	0	218	0	256	0	8514	4670	6070	1582	0	360	0	0	0	0	0	0	0	0	0	0	0	0	0	0	0	0	0	0	0	0	0	0	0	0	0	0	0	0	0	0	0	0	0	0	0	0	0	0	0	0	
495940	Cingulum_Ant_R	0	0	7730	30760	724	8238	714	3036	448	0	0	2992	394	2672	504	1534	0	996	9094	19958	1078	2698	17566	28594	234	6724	602	724	358	3500	22870	0	8736	31552	0	0	0	0	0	0	0	0	0	0	0	0	0	0	0	0	0	0	0	0	0	0	0	0	0	0	0	0	0	0	0	0	0	0	0	0	5054	18448	1452	7238	0	748	0	0	0	0	0	0	0	0	0	0	0	0	0	0	0	0	0	0	0	0	0	0	0	0	0	0	0	0	0	0	0	0	0	0	0	0	0	0	0	0	
255076	Cingulum_Mid_L	0	216	6968	3736	0	0	1350	454	0	0	134	318	460	0	460	0	0	310	11906	14068	0	0	8746	1690	0	0	0	0	490	282	12654	8736	0	27342	6678	520	0	0	0	0	0	0	142	0	560	0	0	0	1684	0	1922	0	0	0	0	0	476	522	182	0	0	0	0	0	0	0	3726	782	6608	2500	0	744	0	0	0	0	0	0	0	0	0	0	0	0	172	0	0	0	0	0	0	0	0	0	0	0	0	0	0	0	0	0	0	0	0	0	0	0	0	0	0	0	0	0	0	0	
595364	Cingulum_Mid_R	1196	1296	10676	20148	0	698	1644	4428	0	0	174	2950	560	5672	376	4628	0	708	18908	51016	0	0	19216	18174	0	0	0	0	414	4644	11040	31552	27342	0	1970	6084	250	0	0	0	0	0	0	1798	0	668	0	856	0	280	0	406	0	0	0	0	0	9358	0	0	0	0	0	0	0	0	1144	6742	10030	16494	326	1224	0	884	186	0	1052	0	0	0	0	0	0	0	0	152	0	0	0	0	0	0	0	0	0	0	0	0	0	0	0	0	0	0	0	0	0	0	0	0	318	0	0	0	0	0	
158076	Cingulum_Post_L	5198	144	216	0	0	0	160	0	0	0	0	0	0	0	0	0	0	0	288	236	0	0	0	0	0	0	0	0	440	0	1952	0	6678	1970	0	7642	6858	2236	1890	1196	0	0	1816	622	1448	528	1822	1076	1326	0	462	0	0	0	1686	1892	0	498	0	0	0	0	0	0	0	0	11432	3084	8580	218	0	0	516	0	0	0	4458	0	0	0	150	0	0	0	0	0	0	0	0	142	0	0	0	0	0	0	0	0	0	0	0	0	0	0	0	0	0	0	0	0	178	0	0	0	0	0	
201840	Cingulum_Post_R	6440	2246	2230	0	0	0	524	196	0	0	0	0	0	0	0	0	0	0	926	1124	0	0	0	0	0	0	0	0	0	0	0	0	520	6084	7642	0	1196	11278	0	5818	0	0	0	2270	0	1200	0	5072	0	194	0	162	0	218	0	5906	248	2906	0	0	0	0	0	0	0	0	808	9232	3698	1846	1570	0	0	0	0	0	12634	4150	0	0	0	0	0	0	0	0	0	0	0	370	0	208	0	0	0	0	0	640	0	0	0	0	0	0	0	0	0	0	0	0	1364	0	0	0	0	0	
328280	Hippocampus_L	7122	0	3138	0	634	0	1644	0	0	0	0	0	0	0	1174	0	252	0	2432	0	762	0	0	0	0	0	0	0	10546	0	0	0	0	250	6858	1196	0	452	15996	298	8872	0	2478	0	488	0	7216	390	0	0	844	0	2756	0	30222	182	662	252	0	0	0	0	0	0	0	0	7384	464	1206	262	236	0	12336	0	1352	0	7882	0	4294	0	1580	0	1766	0	2042	0	166	0	14460	0	636	0	0	0	0	0	466	0	492	0	0	0	0	0	0	0	0	0	0	0	0	0	0	0	0	0	
352748	Hippocampus_R	3216	9430	4128	1334	0	0	426	690	0	0	0	318	0	0	0	0	0	148	3156	1376	0	0	0	0	0	0	0	0	0	3556	0	0	0	0	2236	11278	452	0	0	32036	0	6384	0	436	0	0	0	8324	0	0	0	0	0	0	0	29962	0	1388	0	0	0	0	0	0	0	0	0	3206	378	2416	1576	2040	0	11210	0	372	9588	13120	0	0	0	638	0	670	0	754	0	0	0	3260	0	776	0	0	0	502	0	3472	0	1396	0	0	0	0	0	0	0	0	0	0	726	0	0	0	0	0	
109160	ParaHippocampal_L	280	0	206	0	210	0	210	0	0	0	0	0	0	0	750	0	0	0	0	0	868	0	0	0	0	0	0	0	1118	0	0	0	0	0	1890	0	15996	0	0	0	3022	0	1276	0	0	0	5274	0	0	0	336	0	812	0	12070	0	0	0	0	0	0	0	0	0	0	0	3358	0	0	0	0	0	1520	0	0	0	1236	0	148	0	0	0	866	0	0	0	352	0	864	0	200	0	0	0	0	0	850	0	868	0	0	0	0	0	0	0	0	0	0	0	0	0	0	0	0	0	
262324	ParaHippocampal_R	2048	3800	2246	718	0	0	278	0	0	0	0	0	0	0	0	0	0	0	1552	594	0	0	0	0	0	0	0	0	0	1552	0	0	0	0	1196	5818	298	32036	0	0	0	6028	0	314	0	0	0	8660	0	0	0	0	0	0	0	22942	0	398	0	0	0	0	0	0	0	0	0	2308	0	1050	704	986	0	5788	0	176	5062	7772	0	0	0	258	0	2180	0	0	0	1646	0	240	0	1362	0	462	0	1128	0	6084	0	2714	0	0	0	360	0	0	0	0	0	0	404	0	0	0	0	0	
60312	Amygdala_L	0	0	240	0	910	0	0	0	0	0	0	0	0	0	1552	0	0	0	0	0	1548	0	0	0	0	0	0	0	3648	0	0	0	0	0	0	0	8872	0	3022	0	0	0	0	0	0	0	0	0	0	0	0	0	0	0	4120	0	0	0	0	0	0	0	0	0	0	0	0	0	0	0	0	0	2088	0	0	0	136	0	0	0	0	0	1300	0	200	0	202	0	2136	0	0	0	0	0	0	0	182	0	0	0	0	0	0	0	0	0	0	0	0	0	0	0	0	0	0	0	
60472	Amygdala_R	0	0	0	0	0	0	0	0	0	0	0	0	0	0	0	0	0	0	0	0	0	466	0	0	0	0	0	0	0	492	0	0	0	0	0	0	0	6384	0	6028	0	0	0	0	0	0	0	0	0	0	0	0	0	0	0	8062	0	0	0	0	0	0	0	0	0	0	0	0	0	0	0	254	0	1150	0	0	0	0	0	0	0	0	0	3810	0	0	0	1582	0	2008	0	0	0	0	0	0	0	0	0	0	0	0	0	0	0	0	0	0	0	0	0	0	0	0	0	0	
291168	Calcarine_L	0	0	0	0	0	0	0	0	0	0	0	0	0	0	0	0	0	0	0	0	0	0	0	0	0	0	0	0	0	0	0	0	142	0	1816	0	2478	0	1276	0	0	0	0	7070	14150	5102	19556	3678	11604	1430	33230	298	12026	0	5780	196	196	0	186	0	0	0	0	0	224	0	16580	952	408	0	0	0	0	0	0	0	0	0	312	0	0	0	0	0	2054	0	0	0	274	0	866	136	208	0	0	0	920	0	1320	212	0	0	0	0	0	0	0	0	0	0	656	248	0	0	0	0	
416112	Calcarine_R	994	378	0	0	0	0	0	180	0	0	0	154	0	0	0	0	0	0	0	0	0	0	0	0	0	0	0	0	0	0	0	0	0	1798	622	2270	0	436	0	314	0	0	7070	0	2224	40104	8100	28564	0	25942	0	14840	0	5048	0	13154	0	6648	0	0	0	174	0	302	0	1214	2024	26510	1420	2178	0	410	0	0	0	0	0	754	0	0	0	538	0	0	0	8136	0	0	0	3690	0	240	0	0	0	0	0	0	0	180	0	0	0	0	0	0	0	0	0	0	1446	0	0	0	0	0	
179256	Cuneus_L	296	0	0	0	0	0	0	0	0	0	0	0	0	0	0	0	0	0	0	0	0	0	0	0	0	0	0	0	0	0	0	0	560	0	1448	0	488	0	0	0	0	0	14150	2224	0	3488	2584	338	21540	500	19046	0	674	0	1100	0	440	0	1018	0	314	0	180	0	478	0	12130	772	3076	0	0	0	0	0	0	0	0	0	388	0	152	0	0	0	2082	0	0	0	162	0	0	0	0	0	0	0	0	0	0	0	0	0	0	0	0	0	0	0	0	0	0	0	0	0	0	0	
507108	Cuneus_R	630	978	0	0	0	0	0	156	0	0	0	0	0	0	0	0	0	316	0	0	0	0	0	0	0	0	0	0	0	0	0	0	0	668	528	1200	0	0	0	0	0	0	5102	40104	3488	0	6060	11886	134	55446	0	21922	0	1664	0	4150	0	7558	0	9398	0	1082	0	1926	0	6756	6044	35720	780	3904	0	224	0	0	0	0	0	306	0	0	0	2066	0	0	0	18378	0	0	0	4812	0	0	0	0	0	0	0	0	0	0	0	0	0	0	0	0	0	0	0	0	168	0	0	0	0	0	
488780	Lingual_L	292	0	528	0	0	0	248	0	0	0	0	0	0	0	0	0	0	0	234	0	0	0	0	0	0	0	0	0	240	0	0	0	0	0	1822	0	7216	0	5274	0	0	0	19556	8100	2584	6060	0	11414	2826	3046	23292	436	16978	0	28048	2484	332	0	0	0	0	0	0	0	0	0	8512	786	0	0	0	0	216	0	0	0	1056	0	190	0	0	0	0	0	446	0	0	0	1444	0	13894	2906	1502	166	154	0	19232	2922	25430	5984	0	0	506	152	330	206	0	0	0	172	9384	5982	1370	210	228	0	
455028	Lingual_R	1794	1254	608	0	0	0	144	0	0	0	0	0	0	0	0	0	0	0	136	0	0	0	0	0	0	0	0	0	0	0	0	0	0	856	1076	5072	390	8324	0	8660	0	0	3678	28564	338	11886	11414	0	0	8802	0	4348	150	2082	1650	25444	0	1376	0	0	0	0	0	0	0	0	802	11866	214	964	268	308	0	0	0	0	3160	2700	0	0	0	0	0	0	0	492	0	0	0	342	3548	10280	556	864	396	1042	5216	10994	8112	14534	0	0	280	394	366	484	0	0	0	426	11292	6596	1918	512	542	0	
211860	Occipital_Sup_L	0	0	0	0	0	0	0	0	0	0	0	0	0	0	0	0	0	0	184	0	0	0	0	0	0	0	0	0	0	0	0	0	1684	0	1326	0	0	0	0	0	0	0	11604	0	21540	134	2826	0	0	0	36858	0	722	0	442	0	1426	0	6844	0	1380	0	0	0	378	0	14782	424	2716	0	0	0	0	0	0	0	0	0	0	0	0	0	0	0	660	0	0	0	0	0	0	0	0	0	0	0	0	0	0	0	0	0	0	0	0	0	0	0	0	0	0	0	0	0	0	0	
484656	Occipital_Sup_R	0	1562	0	0	0	0	0	494	0	0	0	384	0	0	0	0	0	720	0	0	0	0	0	0	0	0	0	0	0	0	0	0	0	280	0	194	0	0	0	0	0	0	1430	25942	500	55446	3046	8802	0	0	0	32976	0	1326	0	4020	0	9300	0	15598	0	1622	0	3070	0	10242	2334	29766	0	4160	0	222	0	0	0	0	0	166	0	142	0	2918	0	0	0	20526	0	0	0	5140	0	0	0	0	0	0	0	0	0	0	0	0	0	0	0	0	0	0	0	0	0	0	0	0	0	0	
606640	Occipital_Mid_L	3164	0	0	0	0	0	0	0	0	0	0	0	0	0	0	0	1450	0	200	0	0	0	0	0	0	0	0	0	876	0	0	0	1922	0	462	0	844	0	336	0	0	0	33230	0	19046	0	23292	0	36858	0	0	0	29730	0	13932	0	10430	0	24088	0	19186	0	1786	0	14398	0	25686	452	4698	0	0	0	0	0	0	0	0	0	282	0	1712	0	0	0	26646	0	0	0	5540	0	670	0	174	0	0	0	406	0	1142	0	0	0	0	0	0	0	0	0	0	0	426	256	0	0	0	0	
278272	Occipital_Mid_R	0	382	0	0	0	0	0	0	0	0	0	0	0	0	0	0	0	270	0	0	0	0	0	0	0	0	0	0	0	0	0	0	0	406	0	162	0	0	0	0	0	0	298	14840	0	21922	436	4348	0	32976	0	0	0	3488	0	2712	0	3016	0	3924	0	714	0	306	0	13006	1158	15562	0	2326	0	138	0	0	0	0	0	154	0	0	0	262	0	0	0	13838	0	0	0	2492	0	0	0	0	0	0	0	0	0	0	0	0	0	0	0	0	0	0	0	0	0	0	0	0	0	0	
203380	Occipital_Inf_L	470	0	0	0	0	0	0	0	0	0	0	0	0	0	0	0	0	0	0	0	0	0	0	0	0	0	0	0	686	0	0	0	0	0	0	0	2756	0	812	0	0	0	12026	0	674	0	16978	150	722	0	29730	0	0	0	19440	0	188	0	0	0	206	0	0	0	328	0	3512	0	174	0	0	0	0	0	0	0	0	0	860	0	0	0	0	0	2512	0	0	0	5236	0	806	0	0	0	0	0	926	0	1522	0	0	0	0	0	0	0	0	0	0	0	672	304	0	0	0	0	
62696	Occipital_Inf_R	0	692	0	0	0	0	0	0	0	0	0	0	0	0	0	0	0	0	0	0	0	0	0	0	0	0	0	0	0	0	0	0	0	0	0	218	0	0	0	0	0	0	0	5048	0	1664	0	2082	0	1326	0	3488	0	0	0	6676	0	1934	0	0	0	0	0	0	0	0	0	2724	0	0	0	0	0	0	0	0	0	0	0	0	0	0	0	0	0	1666	0	0	0	3568	0	262	0	0	0	0	0	0	0	0	0	0	0	0	0	0	0	0	0	0	0	0	0	0	0	0	
563484	Fusiform_L	1898	0	2114	0	168	0	442	0	0	0	0	0	0	0	442	0	360	0	2084	0	332	0	0	0	0	0	0	0	7602	0	0	0	0	0	1686	0	30222	0	12070	0	4120	0	5780	0	1100	0	28048	1650	442	0	13932	0	19440	0	0	800	786	0	0	0	158	0	0	0	264	0	4578	0	520	0	0	0	6270	0	0	0	1654	0	3348	0	2630	0	2480	0	3606	0	592	0	21886	0	22392	1678	3616	320	202	0	16458	880	34236	2892	2040	0	2916	0	1226	144	0	0	0	140	3564	3598	1626	152	158	0	
599340	Fusiform_R	1576	6372	1690	734	0	0	136	0	0	0	0	0	0	0	0	0	0	0	1334	770	0	0	0	0	0	0	0	0	0	1436	0	0	0	0	1892	5906	182	29962	0	22942	0	8062	196	13154	0	4150	2484	25444	0	4020	0	2712	0	6676	800	0	0	4804	0	0	0	0	0	0	0	0	0	8678	504	2958	392	556	0	4158	0	0	2146	5350	0	0	0	656	0	7026	0	2100	0	3514	0	15988	1756	25672	256	4510	172	380	2942	15182	3936	30918	0	0	162	2442	0	854	0	258	0	174	4642	2132	746	496	580	0	
224164	Postcentral_L	18178	0	3088	0	0	0	528	0	0	0	3358	0	364	0	0	0	7976	0	1910	354	0	0	0	0	0	0	0	0	2126	0	0	0	476	0	0	248	662	0	0	0	0	0	196	0	440	0	332	0	1426	0	10430	0	188	0	786	0	0	146	9634	0	17714	0	9526	0	1060	0	5970	0	4782	370	0	0	0	0	0	0	134	0	1322	0	2966	0	164	0	4888	0	0	0	340	0	0	0	0	0	0	0	0	0	0	0	0	0	0	0	0	0	0	0	0	0	0	0	0	0	0	0	
343388	Postcentral_R	2232	18944	2474	496	0	0	0	636	0	0	0	1498	0	0	0	0	0	3724	2492	4322	0	0	0	0	0	0	0	0	0	2124	0	0	522	9358	498	2906	252	1388	0	398	0	0	0	6648	0	7558	0	1376	0	9300	0	3016	0	1934	0	4804	146	0	0	6642	0	8254	0	10660	0	2944	224	14618	7052	13246	1396	256	0	1238	158	186	1240	644	0	274	0	3246	0	0	0	6900	0	0	0	2948	0	206	0	0	0	0	0	0	0	0	0	0	0	0	0	0	0	0	0	0	316	0	0	0	0	0	
172024	Parietal_Sup_L	3026	0	0	0	0	0	0	0	0	0	0	0	0	0	0	0	588	0	0	0	0	0	0	0	0	0	0	0	674	0	0	0	182	0	0	0	0	0	0	0	0	0	186	0	1018	0	0	0	6844	0	24088	0	0	0	0	0	9634	0	0	0	17872	0	1310	0	4994	0	10034	224	690	0	0	0	0	0	0	0	0	0	0	0	812	0	0	0	3694	0	0	0	142	0	0	0	0	0	0	0	0	0	0	0	0	0	0	0	0	0	0	0	0	0	0	0	0	0	0	0	
140036	Parietal_Sup_R	0	206	0	0	0	0	0	0	0	0	0	0	0	0	0	0	0	0	0	0	0	0	0	0	0	0	0	0	0	0	0	0	0	0	0	0	0	0	0	0	0	0	0	0	0	9398	0	0	0	15598	0	3924	0	0	0	0	0	6642	0	0	0	7804	0	2542	0	4628	566	10746	0	912	0	0	0	0	0	0	0	0	0	0	0	588	0	0	0	5840	0	0	0	624	0	0	0	0	0	0	0	0	0	0	0	0	0	0	0	0	0	0	0	0	0	0	0	0	0	0	
220604	Parietal_Inf_L	6668	0	0	0	0	0	146	0	0	0	0	0	0	0	0	0	938	0	0	0	0	0	0	0	0	0	0	0	764	0	0	0	0	0	0	0	0	0	0	0	0	0	0	0	314	0	0	0	1380	0	19186	0	206	0	158	0	17714	0	17872	0	0	0	18810	0	14428	0	2928	0	776	0	0	0	0	0	0	0	0	0	0	0	2408	0	0	0	4390	0	0	0	1216	0	0	0	0	0	0	0	0	0	0	0	0	0	0	0	0	0	0	0	0	0	0	0	0	0	0	0	
79068	Parietal_Inf_R	0	160	0	0	0	0	0	0	0	0	0	0	0	0	0	0	0	0	0	0	0	0	0	0	0	0	0	0	0	0	0	0	0	0	0	0	0	0	0	0	0	0	0	174	0	1082	0	0	0	1622	0	714	0	0	0	0	0	8254	0	7804	0	0	0	9056	0	6022	0	1614	0	214	0	0	0	0	0	0	0	0	0	0	0	620	0	0	0	2198	0	0	0	0	0	0	0	0	0	0	0	0	0	0	0	0	0	0	0	0	0	0	0	0	0	0	0	0	0	0	
99276	SupraMarginal_L	3188	0	0	0	0	0	0	0	0	0	0	0	0	0	0	0	1406	0	0	0	0	0	0	0	0	0	0	0	0	0	0	0	0	0	0	0	0	0	0	0	0	0	0	0	180	0	0	0	0	0	1786	0	0	0	0	0	9526	0	1310	0	18810	0	0	0	3574	0	350	0	136	0	0	0	0	0	0	0	0	0	0	0	5522	0	0	0	2842	0	0	0	1008	0	0	0	0	0	0	0	0	0	0	0	0	0	0	0	0	0	0	0	0	0	0	0	0	0	0	0	
92924	SupraMarginal_R	0	1100	0	0	0	0	0	0	0	0	0	0	0	0	0	0	0	2206	0	0	0	0	0	0	0	0	0	0	0	0	0	0	0	0	0	0	0	0	0	0	0	0	0	302	0	1926	0	0	0	3070	0	306	0	0	0	0	0	10660	0	2542	0	9056	0	0	0	4994	0	1442	0	178	0	0	0	0	0	0	0	0	0	308	0	5222	0	0	0	3150	0	0	0	0	0	0	0	0	0	0	0	0	0	0	0	0	0	0	0	0	0	0	0	0	0	0	0	0	0	0	
128860	Angular_L	566	0	0	0	0	0	0	0	0	0	0	0	0	0	0	0	1810	0	0	0	0	0	0	0	0	0	0	0	186	0	0	0	0	0	0	0	0	0	0	0	0	0	224	0	478	0	0	0	378	0	14398	0	328	0	264	0	1060	0	4994	0	14428	0	3574	0	0	0	644	0	234	0	0	0	0	0	0	0	0	0	280	0	3012	0	0	0	12700	0	0	0	4872	0	0	0	0	0	0	0	0	0	0	0	0	0	0	0	0	0	0	0	0	0	0	0	0	0	0	0	
145280	Angular_R	0	296	0	0	0	0	0	0	0	0	0	0	0	0	0	0	0	232	0	0	0	0	0	0	0	0	0	0	0	0	0	0	0	0	0	0	0	0	0	0	0	0	0	1214	0	6756	0	0	0	10242	0	13006	0	0	0	0	0	2944	0	4628	0	6022	0	4994	0	0	442	5362	0	1078	0	0	0	0	0	0	0	0	0	0	0	3496	0	0	0	11706	0	0	0	222	0	0	0	0	0	0	0	0	0	0	0	0	0	0	0	0	0	0	0	0	0	0	0	0	0	0	
347840	Precuneus_L	2212	0	0	0	0	0	0	0	0	0	0	0	0	0	0	0	314	0	260	0	0	0	0	0	0	0	0	0	652	0	218	0	3726	1144	11432	808	7384	0	3358	0	0	0	16580	2024	12130	6044	8512	802	14782	2334	25686	1158	3512	0	4578	0	5970	224	10034	566	2928	0	350	0	644	442	0	8438	7144	490	0	0	404	0	0	0	346	0	460	0	516	0	0	0	4318	608	0	0	388	0	0	0	0	0	0	0	0	0	0	0	0	0	0	0	0	0	0	0	0	0	0	0	0	0	0	0	
485708	Precuneus_R	1902	906	216	0	0	0	0	192	0	0	0	158	0	0	0	0	0	0	244	348	0	0	0	0	0	0	0	0	0	0	0	0	782	6742	3084	9232	464	3206	0	2308	0	0	952	26510	772	35720	786	11866	424	29766	452	15562	0	2724	0	8678	0	14618	224	10746	0	1614	0	1442	0	5362	8438	0	1606	8694	0	370	0	0	0	0	1536	894	0	0	0	1762	0	0	0	13636	0	0	0	4410	0	334	0	0	0	0	0	536	0	170	0	0	0	0	0	0	0	0	0	0	2466	0	0	0	0	0	
326600	Paracentral_Lobule_L	15800	3498	8386	0	0	0	0	0	0	0	0	0	0	0	0	0	1444	0	21284	15540	0	0	0	0	0	0	0	0	1482	0	256	0	6608	10030	8580	3698	1206	378	0	0	0	0	408	1420	3076	780	0	214	2716	0	4698	0	174	0	520	504	4782	7052	690	0	776	0	136	0	234	0	7144	1606	0	10528	2362	0	4860	0	5588	0	2762	0	544	0	372	0	0	0	980	0	0	0	184	0	0	0	0	0	0	0	0	0	0	0	0	0	0	0	0	0	0	0	0	0	0	0	0	0	0	0	
269736	Paracentral_Lobule_R	3052	13206	3240	0	0	0	0	0	0	0	0	0	0	0	0	0	148	0	5156	19620	0	0	0	0	0	0	0	0	294	242	0	0	2500	16494	218	1846	262	2416	0	1050	0	0	0	2178	0	3904	0	964	0	4160	0	2326	0	0	0	2958	370	13246	0	912	0	214	0	178	0	1078	490	8694	10528	0	1200	868	0	0	224	0	2048	4740	0	0	0	516	0	0	0	1976	0	0	0	1060	0	0	0	0	0	0	0	0	0	0	0	0	0	0	0	0	0	0	0	0	292	0	0	0	0	0	
369832	Caudate_L	5480	4282	29764	1558	2780	224	280	2090	1822	0	1326	1366	868	0	2010	0	474	278	28338	2168	6290	6622	640	288	334	0	1398	0	4158	472	8514	5054	0	326	0	1570	236	1576	0	704	0	0	0	0	0	0	0	268	0	0	0	0	0	0	0	392	0	1396	0	0	0	0	0	0	0	0	0	0	2362	1200	0	15492	18612	3688	3152	3108	9458	808	0	0	884	0	806	0	0	0	0	0	0	0	0	0	0	0	0	0	0	0	0	0	0	0	0	0	0	0	0	0	0	0	0	0	0	0	0	0	
396156	Caudate_R	152	8380	9844	12770	394	10694	0	1890	416	168	542	4608	592	1800	390	1034	0	1862	9076	9214	3878	5804	290	4916	0	8288	562	1650	0	5348	4670	18448	744	1224	0	0	0	2040	0	986	0	254	0	410	0	224	0	308	0	222	0	138	0	0	0	556	0	256	0	0	0	0	0	0	0	0	0	370	0	868	15492	0	4700	20748	458	5102	1222	13670	0	226	0	180	0	0	0	0	0	0	0	0	0	0	0	0	0	0	0	0	0	0	0	0	0	0	0	0	0	0	0	0	0	0	0	0	0	0	
357492	Putamen_L	6858	0	20588	0	9138	0	1418	0	2738	0	1672	0	1602	0	7056	0	174	0	19908	154	4198	4494	842	0	356	0	984	0	16644	0	6070	1452	0	0	516	0	12336	0	1520	0	2088	0	0	0	0	0	216	0	0	0	0	0	0	0	6270	0	0	0	0	0	0	0	0	0	0	0	404	0	4860	0	18612	4700	0	376	8082	400	3276	0	0	0	1852	0	1552	0	402	0	0	0	4938	0	0	0	0	0	0	0	0	0	0	0	0	0	0	0	0	0	0	0	0	0	0	0	0	0	0	0	
349972	Putamen_R	0	3406	8304	14484	0	11540	0	4724	0	242	0	5428	0	1132	0	950	0	3034	8618	6122	278	1078	0	3746	0	5516	0	992	0	25006	1582	7238	0	884	0	0	0	11210	0	5788	0	1150	0	0	0	0	0	0	0	0	0	0	0	0	0	4158	0	1238	0	0	0	0	0	0	0	0	0	0	0	0	3688	20748	376	0	0	4346	154	2884	0	240	0	2082	0	278	0	1084	0	422	0	490	0	0	0	0	0	0	0	346	0	0	0	0	0	0	0	0	0	0	0	0	0	0	0	0	0	0	
74472	Pallidum_L	4208	0	4564	0	0	0	388	0	0	0	0	0	0	0	0	0	0	0	6446	0	0	140	0	0	0	0	0	0	0	0	0	0	0	186	0	0	1352	0	0	0	0	0	0	0	0	0	0	0	0	0	0	0	0	0	0	0	0	158	0	0	0	0	0	0	0	0	0	0	5588	224	3152	458	8082	0	0	0	2290	0	0	0	0	0	0	0	0	0	0	0	0	0	0	0	0	0	0	0	0	0	0	0	0	0	0	0	0	0	0	0	0	0	0	0	0	0	0	0	
43820	Pallidum_R	0	514	1338	0	0	0	0	586	0	0	0	568	0	0	0	0	0	1366	1338	228	0	250	0	0	0	0	0	0	0	924	360	748	0	0	0	0	0	372	0	176	0	0	0	0	0	0	0	0	0	0	0	0	0	0	0	0	0	186	0	0	0	0	0	0	0	0	0	0	0	0	3108	5102	400	4346	0	0	0	0	0	0	0	0	0	0	0	0	0	0	0	0	0	0	0	0	0	0	0	0	0	0	0	0	0	0	0	0	0	0	0	0	0	0	0	0	0	0	
261644	Thalamus_L	14114	3198	13676	0	0	0	2910	258	0	0	0	160	0	0	0	0	0	0	7130	854	0	0	0	0	0	0	0	0	1228	0	0	0	0	1052	4458	12634	7882	9588	1236	5062	136	0	0	0	0	0	1056	3160	0	0	0	0	0	0	1654	2146	134	1240	0	0	0	0	0	0	0	0	346	1536	2762	2048	9458	1222	3276	154	2290	0	0	10256	0	0	356	0	0	0	170	0	0	0	1228	0	168	0	0	0	0	0	0	336	0	0	0	0	0	0	0	0	0	0	0	0	250	0	0	0	0	0	
220008	Thalamus_R	214	24918	1238	162	0	0	0	602	0	0	0	670	0	0	0	0	0	524	1532	4484	0	0	0	0	0	0	0	0	0	1670	0	0	0	0	0	4150	0	13120	0	7772	0	0	0	754	0	306	0	2700	0	166	0	154	0	0	0	5350	0	644	0	0	0	0	0	0	0	0	0	894	0	4740	808	13670	0	2884	0	0	10256	0	0	0	0	804	0	0	0	1108	0	0	0	1432	0	180	0	0	0	454	0	1084	0	294	0	0	0	0	0	0	0	0	0	266	0	0	0	0	0	0	
65848	Heschl_L	3176	0	386	0	0	0	950	0	0	0	722	0	0	0	0	0	2822	0	298	0	0	0	0	0	0	0	0	0	5736	0	0	0	0	0	0	0	4294	0	148	0	0	0	312	0	388	0	190	0	0	0	282	0	860	0	3348	0	1322	0	0	0	0	0	0	0	280	0	460	0	544	0	0	0	0	0	0	0	0	0	0	0	2420	0	0	0	1986	0	0	0	2000	0	0	0	0	0	0	0	0	0	0	0	0	0	0	0	0	0	0	0	0	0	0	0	0	0	0	0	
32252	Heschl_R	0	258	678	406	0	0	0	0	0	0	0	600	0	0	0	0	0	3908	776	138	0	0	0	0	0	0	0	0	0	3198	0	0	0	0	0	0	0	0	0	0	0	0	0	0	0	0	0	0	0	142	0	0	0	0	0	0	0	274	0	0	0	0	0	308	0	0	0	0	0	0	0	226	0	240	0	0	0	0	0	0	0	4196	0	0	0	778	0	0	0	0	0	0	0	0	0	0	0	0	0	0	0	0	0	0	0	0	0	0	0	0	0	0	0	0	0	0	
206180	Temporal_Sup_L	3862	0	5546	0	0	0	1492	0	0	0	3110	0	516	0	0	0	8564	0	4122	0	0	0	0	0	0	0	0	0	15034	0	0	0	0	0	150	0	1580	0	0	0	0	0	0	0	152	0	0	0	0	0	1712	0	0	0	2630	0	2966	0	812	0	2408	0	5522	0	3012	0	516	0	372	0	884	0	1852	0	0	0	356	0	2420	0	0	0	4632	0	18774	0	0	0	10094	0	0	0	0	0	0	0	0	0	0	0	0	0	0	0	0	0	0	0	0	0	0	0	0	0	0	0	
130660	Temporal_Sup_R	0	1334	826	836	0	0	0	482	0	0	0	872	0	0	0	0	0	4936	860	420	0	0	0	0	0	0	0	0	0	7174	0	0	0	0	0	0	0	638	0	258	0	0	0	538	0	2066	0	0	0	2918	0	262	0	0	0	656	0	3246	0	588	0	620	0	5222	0	3496	0	1762	0	516	0	180	0	2082	0	0	0	804	0	4196	0	0	0	1312	0	12776	0	864	0	2590	0	0	0	0	0	0	0	0	0	0	0	0	0	0	0	0	0	0	0	0	0	0	0	0	0	0	
121300	Temporal_Pole_Sup_L	194	0	3488	0	630	0	410	0	0	0	5556	0	1784	0	1826	0	4206	0	3416	0	1076	0	0	0	0	0	0	0	9378	0	0	0	0	0	0	0	1766	0	866	0	1300	0	0	0	0	0	0	0	0	0	0	0	0	0	2480	0	164	0	0	0	0	0	0	0	0	0	0	0	0	0	806	0	1552	0	0	0	0	0	0	0	4632	0	0	0	5610	0	3344	0	6166	0	0	0	0	0	0	0	0	0	0	0	0	0	0	0	0	0	0	0	0	0	0	0	0	0	0	0	
53848	Temporal_Pole_Sup_R	0	0	0	0	0	0	0	0	0	0	0	650	0	168	0	230	0	612	0	0	0	0	0	0	0	0	0	0	0	796	0	0	0	0	0	0	0	670	0	2180	0	3810	0	0	0	0	0	0	0	0	0	0	0	0	0	7026	0	0	0	0	0	0	0	0	0	0	0	0	0	0	0	0	0	278	0	0	0	0	0	0	0	1312	0	0	0	1274	0	4114	0	3804	0	0	0	0	0	0	0	0	0	0	0	0	0	0	0	0	0	0	0	0	0	0	0	0	0	0	
291904	Temporal_Mid_L	1120	0	372	0	0	0	0	0	0	0	0	0	0	0	0	0	1970	0	282	0	0	0	0	0	0	0	0	0	1948	0	0	0	172	0	0	0	2042	0	0	0	200	0	2054	0	2082	0	446	0	660	0	26646	0	2512	0	3606	0	4888	0	3694	0	4390	0	2842	0	12700	0	4318	0	980	0	0	0	402	0	0	0	170	0	1986	0	18774	0	5610	0	0	0	2896	0	36190	0	0	0	0	0	0	0	0	0	0	0	0	0	0	0	0	0	0	0	0	0	0	0	0	0	0	0	
322492	Temporal_Mid_R	0	1494	0	554	0	0	0	572	0	0	0	234	0	0	0	0	0	370	0	220	0	0	0	0	0	0	0	0	0	3146	0	0	0	152	0	0	0	754	0	0	0	0	0	8136	0	18378	0	492	0	20526	0	13838	0	1666	0	2100	0	6900	0	5840	0	2198	0	3150	0	11706	608	13636	0	1976	0	0	0	1084	0	0	0	1108	0	778	0	12776	0	1274	0	0	0	2302	0	23278	0	0	0	0	0	0	0	0	0	0	0	0	0	0	0	0	0	0	0	0	0	0	0	0	0	0	
20456	Temporal_Pole_Mid_L	0	0	0	0	0	0	0	0	0	0	0	0	0	0	0	0	0	0	0	0	0	0	0	0	0	0	0	0	0	0	0	0	0	0	0	0	166	0	352	0	202	0	0	0	0	0	0	0	0	0	0	0	0	0	592	0	0	0	0	0	0	0	0	0	0	0	0	0	0	0	0	0	0	0	0	0	0	0	0	0	0	0	3344	0	2896	0	0	0	2676	0	0	0	0	0	0	0	0	0	0	0	0	0	0	0	0	0	0	0	0	0	0	0	0	0	0	0	
34580	Temporal_Pole_Mid_R	0	0	0	292	0	0	0	0	0	0	0	0	0	0	0	0	0	0	0	0	0	0	0	0	0	0	0	0	0	642	0	0	0	0	0	0	0	0	0	1646	0	1582	0	0	0	0	0	0	0	0	0	0	0	0	0	3514	0	0	0	0	0	0	0	0	0	0	0	0	0	0	0	0	0	422	0	0	0	0	0	0	0	864	0	4114	0	2302	0	0	0	1912	0	0	0	0	0	0	0	0	0	0	0	0	0	0	0	0	0	0	0	0	0	0	0	0	0	0	
296100	Temporal_Inf_L	2162	0	2816	0	0	0	202	0	0	0	0	0	0	0	0	0	542	0	2906	0	0	0	0	0	0	0	0	0	7646	0	0	0	0	0	0	0	14460	0	864	0	2136	0	274	0	162	0	1444	0	0	0	5540	0	5236	0	21886	0	340	0	142	0	1216	0	1008	0	4872	0	388	0	184	0	0	0	4938	0	0	0	1228	0	2000	0	10094	0	6166	0	36190	0	2676	0	0	0	3824	0	1518	0	0	0	0	0	816	0	1088	0	1086	0	0	0	0	0	0	0	0	0	0	0	0	0	
184060	Temporal_Inf_R	0	1498	0	0	0	0	0	0	0	0	0	0	0	0	0	0	0	0	0	0	0	0	0	0	0	0	0	0	0	1622	0	0	0	0	142	370	0	3260	0	240	0	2008	0	3690	0	4812	0	342	0	5140	0	2492	0	3568	0	15988	0	2948	0	624	0	0	0	0	0	222	0	4410	0	1060	0	0	0	490	0	0	0	1432	0	0	0	2590	0	3804	0	23278	0	1912	0	0	0	2640	0	902	0	0	0	0	0	364	0	0	0	182	0	0	0	0	0	0	0	0	0	0	0	0	
605556	Cerebelum_Crus1_L	0	0	0	0	0	0	0	0	0	0	0	0	0	0	0	0	0	0	0	0	0	0	0	0	0	0	0	0	0	0	0	0	0	0	0	0	636	0	200	0	0	0	866	0	0	0	13894	3548	0	0	670	0	806	0	22392	1756	0	0	0	0	0	0	0	0	0	0	0	0	0	0	0	0	0	0	0	0	168	0	0	0	0	0	0	0	0	0	0	0	3824	0	0	9366	34512	4268	1562	1134	24862	3938	63510	12496	16224	0	21848	1880	5548	3420	178	0	1544	3000	11960	9984	13844	3502	3746	1692	
667312	Cerebelum_Crus1_R	0	210	0	0	0	0	0	0	0	0	0	0	0	0	0	0	0	0	0	0	0	0	0	0	0	0	0	0	0	0	0	0	0	0	0	208	0	776	0	1362	0	0	136	240	0	0	2906	10280	0	0	0	0	0	262	1678	25672	0	206	0	0	0	0	0	0	0	0	0	334	0	0	0	0	0	0	0	0	0	180	0	0	0	0	0	0	0	0	0	0	0	2640	9366	0	6360	48802	622	3992	4942	24812	12208	73880	1596	5266	2106	30308	962	6032	0	1140	270	982	12672	12724	18076	4888	4030	530	
365380	Cerebelum_Crus2_L	0	0	0	0	0	0	0	0	0	0	0	0	0	0	0	0	0	0	0	0	0	0	0	0	0	0	0	0	0	0	0	0	0	0	0	0	0	0	0	0	0	0	208	0	0	0	1502	556	0	0	174	0	0	0	3616	256	0	0	0	0	0	0	0	0	0	0	0	0	0	0	0	0	0	0	0	0	0	0	0	0	0	0	0	0	0	0	0	0	1518	0	34512	6360	0	9526	276	0	2846	402	12814	5992	36610	4100	33076	3808	940	614	0	0	260	508	1398	2900	13922	2974	666	356	
445916	Cerebelum_Crus2_R	0	0	0	0	0	0	0	0	0	0	0	0	0	0	0	0	0	0	0	0	0	0	0	0	0	0	0	0	0	0	0	0	0	0	0	0	0	0	0	462	0	0	0	0	0	0	166	864	0	0	0	0	0	0	320	4510	0	0	0	0	0	0	0	0	0	0	0	0	0	0	0	0	0	0	0	0	0	0	0	0	0	0	0	0	0	0	0	0	0	902	4268	48802	9526	0	206	1852	1958	9330	3402	24440	7318	17796	6424	39002	524	5306	0	908	196	584	5148	2322	16002	6562	3376	482	
109616	Cerebelum_3_L	0	0	0	0	0	0	0	0	0	0	0	0	0	0	0	0	0	0	0	0	0	0	0	0	0	0	0	0	0	0	0	0	0	0	0	0	0	0	0	0	0	0	0	0	0	0	154	396	0	0	0	0	0	0	202	172	0	0	0	0	0	0	0	0	0	0	0	0	0	0	0	0	0	0	0	0	0	0	0	0	0	0	0	0	0	0	0	0	0	0	1562	622	276	206	0	1364	10946	1184	3150	1376	196	0	1990	478	3258	2942	304	0	2096	6018	5774	1228	2710	2718	2954	532	
137368	Cerebelum_3_R	0	246	0	0	0	0	0	0	0	0	0	0	0	0	0	0	0	0	0	0	0	0	0	0	0	0	0	0	0	0	0	0	0	0	0	0	0	502	0	1128	0	0	0	0	0	0	0	1042	0	0	0	0	0	0	0	380	0	0	0	0	0	0	0	0	0	0	0	0	0	0	0	0	0	0	0	0	0	454	0	0	0	0	0	0	0	0	0	0	0	0	1134	3992	0	1852	1364	0	2850	7786	1978	4892	0	0	2016	2768	1638	5990	142	0	746	6002	4912	918	4038	4472	4886	556	
555796	Cerebelum_4_5_L	0	0	0	0	0	0	0	0	0	0	0	0	0	0	0	0	0	0	0	0	0	0	0	0	0	0	0	0	0	0	0	0	0	0	0	0	466	0	850	0	182	0	920	0	0	0	19232	5216	0	0	406	0	926	0	16458	2942	0	0	0	0	0	0	0	0	0	0	0	0	0	0	0	0	0	0	0	0	0	0	0	0	0	0	0	0	0	0	0	0	0	0	24862	4942	2846	1958	10946	2850	0	9628	44164	9892	1384	0	7456	2552	13606	8570	684	0	4762	9942	33028	8666	6888	7522	8954	4198	
408500	Cerebelum_4_5_R	212	274	0	0	0	0	0	0	0	0	0	0	0	0	0	0	0	0	0	0	0	0	0	0	0	0	0	0	0	234	0	0	0	0	0	640	0	3472	0	6084	0	0	0	0	0	0	2922	10994	0	0	0	0	0	0	880	15182	0	0	0	0	0	0	0	0	0	0	0	536	0	0	0	0	0	346	0	0	336	1084	0	0	0	0	0	0	0	0	0	0	0	0	3938	24812	402	9330	1184	7786	9628	0	7460	36902	172	0	1390	7560	1364	6638	0	320	220	2030	21686	2968	4724	4846	5466	228	
710992	Cerebelum_6_L	0	0	0	0	0	0	0	0	0	0	0	0	0	0	0	0	0	0	0	0	0	0	0	0	0	0	0	0	0	0	0	0	0	0	0	0	492	0	868	0	0	0	1320	0	0	0	25430	8112	0	0	1142	0	1522	0	34236	3936	0	0	0	0	0	0	0	0	0	0	0	0	0	0	0	0	0	0	0	0	0	0	0	0	0	0	0	0	0	0	0	0	816	0	63510	12208	12814	3402	3150	1978	44164	7460	0	19078	6270	0	12078	2488	8948	5526	526	0	2086	4478	21860	18506	13236	5582	6100	2174	
683196	Cerebelum_6_R	0	148	0	0	0	0	0	0	0	0	0	0	0	0	0	0	0	0	0	0	0	0	0	0	0	0	0	0	0	0	0	0	0	0	0	0	0	1396	0	2714	0	0	212	180	0	0	5984	14534	0	0	0	0	0	0	2892	30918	0	0	0	0	0	0	0	0	0	0	0	170	0	0	0	0	0	0	0	0	0	294	0	0	0	0	0	0	0	0	0	0	0	364	12496	73880	5992	24440	1376	4892	9892	36902	19078	0	982	524	2018	14412	1800	4852	0	636	398	1772	19384	18564	18774	4362	3982	384	
264620	Cerebelum_7b_L	0	0	0	0	0	0	0	0	0	0	0	0	0	0	0	0	0	0	0	0	0	0	0	0	0	0	0	0	0	0	0	0	0	0	0	0	0	0	0	0	0	0	0	0	0	0	0	0	0	0	0	0	0	0	2040	0	0	0	0	0	0	0	0	0	0	0	0	0	0	0	0	0	0	0	0	0	0	0	0	0	0	0	0	0	0	0	0	0	1088	0	16224	1596	36610	7318	196	0	1384	172	6270	982	0	3470	36830	3590	610	358	450	0	0	286	556	400	8082	3312	328	158	
115188	Cerebelum_7b_R	0	0	0	0	0	0	0	0	0	0	0	0	0	0	0	0	0	0	0	0	0	0	0	0	0	0	0	0	0	0	0	0	0	0	0	0	0	0	0	0	0	0	0	0	0	0	0	0	0	0	0	0	0	0	0	0	0	0	0	0	0	0	0	0	0	0	0	0	0	0	0	0	0	0	0	0	0	0	0	0	0	0	0	0	0	0	0	0	0	0	0	5266	4100	17796	0	0	0	0	0	524	3470	0	2650	18368	0	686	0	328	0	0	0	0	3208	1198	0	0	
432900	Cerebelum_8_L	0	0	0	0	0	0	0	0	0	0	0	0	0	0	0	0	0	0	0	0	0	0	0	0	0	0	0	0	0	0	0	0	0	0	0	0	0	0	0	0	0	0	0	0	0	0	506	280	0	0	0	0	0	0	2916	162	0	0	0	0	0	0	0	0	0	0	0	0	0	0	0	0	0	0	0	0	0	0	0	0	0	0	0	0	0	0	0	0	1086	0	21848	2106	33076	6424	1990	2016	7456	1390	12078	2018	36830	2650	0	6208	16738	6432	4426	0	2040	4616	5710	1690	11712	13082	7332	1632	
390504	Cerebelum_8_R	0	0	0	0	0	0	0	0	0	0	0	0	0	0	0	0	0	0	0	0	0	0	0	0	0	0	0	0	0	0	0	0	0	0	0	0	0	0	0	360	0	0	0	0	0	0	152	394	0	0	0	0	0	0	0	2442	0	0	0	0	0	0	0	0	0	0	0	0	0	0	0	0	0	0	0	0	0	0	0	0	0	0	0	0	0	0	0	0	0	182	1880	30308	3808	39002	478	2768	2552	7560	2488	14412	3590	18368	6208	0	1182	20786	0	2574	430	1240	4538	2032	8580	10544	5790	604	
210760	Cerebelum_9_L	0	0	0	0	0	0	0	0	0	0	0	0	0	0	0	0	0	0	0	0	0	0	0	0	0	0	0	0	0	0	0	0	0	0	0	0	0	0	0	0	0	0	0	0	0	0	330	366	0	0	0	0	0	0	1226	0	0	0	0	0	0	0	0	0	0	0	0	0	0	0	0	0	0	0	0	0	0	0	0	0	0	0	0	0	0	0	0	0	0	0	5548	962	940	524	3258	1638	13606	1364	8948	1800	610	0	16738	1182	0	5810	6212	0	1954	4510	8782	2632	3042	4714	6608	2076	
325228	Cerebelum_9_R	0	0	0	0	0	0	0	0	0	0	0	0	0	0	0	0	0	0	0	0	0	0	0	0	0	0	0	0	0	0	0	0	0	0	0	0	0	0	0	0	0	0	0	0	0	0	206	484	0	0	0	0	0	0	144	854	0	0	0	0	0	0	0	0	0	0	0	0	0	0	0	0	0	0	0	0	0	0	0	0	0	0	0	0	0	0	0	0	0	0	3420	6032	614	5306	2942	5990	8570	6638	5526	4852	358	686	6432	20786	5810	0	302	2504	3496	8930	12040	4134	10212	13872	16794	4680	
29540	Cerebelum_10_L	0	0	0	0	0	0	0	0	0	0	0	0	0	0	0	0	0	0	0	0	0	0	0	0	0	0	0	0	0	0	0	0	0	0	0	0	0	0	0	0	0	0	0	0	0	0	0	0	0	0	0	0	0	0	0	0	0	0	0	0	0	0	0	0	0	0	0	0	0	0	0	0	0	0	0	0	0	0	0	0	0	0	0	0	0	0	0	0	0	0	178	0	0	0	304	142	684	0	526	0	450	0	4426	0	6212	302	0	0	0	300	430	0	204	306	306	0	
17620	Cerebelum_10_R	0	0	0	0	0	0	0	0	0	0	0	0	0	0	0	0	0	0	0	0	0	0	0	0	0	0	0	0	0	0	0	0	0	0	0	0	0	0	0	0	0	0	0	0	0	0	0	0	0	0	0	0	0	0	0	258	0	0	0	0	0	0	0	0	0	0	0	0	0	0	0	0	0	0	0	0	0	0	0	0	0	0	0	0	0	0	0	0	0	0	0	1140	0	908	0	0	0	320	0	636	0	328	0	2574	0	2504	0	0	0	0	0	0	0	0	142	0	
92036	Vermis_1_2	0	0	0	0	0	0	0	0	0	0	0	0	0	0	0	0	0	0	0	0	0	0	0	0	0	0	0	0	0	0	0	0	0	0	0	0	0	0	0	0	0	0	0	0	0	0	0	0	0	0	0	0	0	0	0	0	0	0	0	0	0	0	0	0	0	0	0	0	0	0	0	0	0	0	0	0	0	0	0	0	0	0	0	0	0	0	0	0	0	0	1544	270	260	196	2096	746	4762	220	2086	398	0	0	2040	430	1954	3496	0	0	0	8168	5586	1392	2218	2928	3240	1988	
206052	Vermis_3	0	0	0	0	0	0	0	0	0	0	0	0	0	0	0	0	0	0	0	0	0	0	0	0	0	0	0	0	0	0	0	0	0	0	0	0	0	0	0	0	0	0	0	0	0	0	172	426	0	0	0	0	0	0	140	174	0	0	0	0	0	0	0	0	0	0	0	0	0	0	0	0	0	0	0	0	0	266	0	0	0	0	0	0	0	0	0	0	0	0	3000	982	508	584	6018	6002	9942	2030	4478	1772	286	0	4616	1240	4510	8930	300	0	8168	0	10750	2824	6252	7444	8072	3140	
548072	Vermis_4_5	192	0	0	0	0	0	0	0	0	0	0	0	0	0	0	0	0	0	0	0	0	0	0	0	0	0	0	0	0	0	0	0	0	318	178	1364	0	726	0	404	0	0	656	1446	0	168	9384	11292	0	0	426	0	672	0	3564	4642	0	316	0	0	0	0	0	0	0	0	0	2466	0	292	0	0	0	0	0	0	250	0	0	0	0	0	0	0	0	0	0	0	0	0	11960	12672	1398	5148	5774	4912	33028	21686	21860	19384	556	0	5710	4538	8782	12040	430	0	5586	10750	0	11006	9680	10638	12286	5456	
293580	Vermis_6	0	0	0	0	0	0	0	0	0	0	0	0	0	0	0	0	0	0	0	0	0	0	0	0	0	0	0	0	0	0	0	0	0	0	0	0	0	0	0	0	0	0	248	0	0	0	5982	6596	0	0	256	0	304	0	3598	2132	0	0	0	0	0	0	0	0	0	0	0	0	0	0	0	0	0	0	0	0	0	0	0	0	0	0	0	0	0	0	0	0	0	0	9984	12724	2900	2322	1228	918	8666	2968	18506	18564	400	0	1690	2032	2632	4134	0	0	1392	2824	11006	0	10058	3538	4572	4616	
