data	data	368220	151480	483032	697848	96948	71240	381960	271948	91460	27508	189716	213272	373404	312052	355940	223564	156240	100568	349916	584908	108644	122664	209096	211080	13104	56892	62600	101192	626868	378612	163740	271184	87532	354188	98920	135260	280400	348128	109420	156104	46812	80340	230848	275304	135784	239816	220008	270904	165428	290424	425344	228576	121832	103468	342452	366928	244580	156796	114424	81236	209100	87656	135168	88044	158644	115464	257784	352784	158476	103668	199488	402064	256120	343204	47528	18884	154124	196064	74524	24428	154672	98660	86704	58264	328124	200152	30020	22868	258708	209576	492928	437940	334532	341596	40488	63552	289616	212780	480264	430772	278064	179448	346912	332628	199192	212704	34132	9312	69308	75076	208328	256668	336352	199624	162032	72096	
data	data	Precentral_L	Precentral_R	Frontal_Sup_L	Frontal_Sup_R	Frontal_Sup_Orb_L	Frontal_Sup_Orb_R	Frontal_Mid_L	Frontal_Mid_R	Frontal_Mid_Orb_L	Frontal_Mid_Orb_R	Frontal_Inf_Oper_L	Frontal_Inf_Oper_R	Frontal_Inf_Tri_L	Frontal_Inf_Tri_R	Frontal_Inf_Orb_L	Frontal_Inf_Orb_R	Rolandic_Oper_L	Rolandic_Oper_R	Supp_Motor_Area_L	Supp_Motor_Area_R	Olfactory_L	Olfactory_R	Frontal_Sup_Medial_L	Frontal_Sup_Medial_R	Frontal_Med_Orb_L	Frontal_Med_Orb_R	Rectus_L	Rectus_R	Insula_L	Insula_R	Cingulum_Ant_L	Cingulum_Ant_R	Cingulum_Mid_L	Cingulum_Mid_R	Cingulum_Post_L	Cingulum_Post_R	Hippocampus_L	Hippocampus_R	ParaHippocampal_L	ParaHippocampal_R	Amygdala_L	Amygdala_R	Calcarine_L	Calcarine_R	Cuneus_L	Cuneus_R	Lingual_L	Lingual_R	Occipital_Sup_L	Occipital_Sup_R	Occipital_Mid_L	Occipital_Mid_R	Occipital_Inf_L	Occipital_Inf_R	Fusiform_L	Fusiform_R	Postcentral_L	Postcentral_R	Parietal_Sup_L	Parietal_Sup_R	Parietal_Inf_L	Parietal_Inf_R	SupraMarginal_L	SupraMarginal_R	Angular_L	Angular_R	Precuneus_L	Precuneus_R	Paracentral_Lobule_L	Paracentral_Lobule_R	Caudate_L	Caudate_R	Putamen_L	Putamen_R	Pallidum_L	Pallidum_R	Thalamus_L	Thalamus_R	Heschl_L	Heschl_R	Temporal_Sup_L	Temporal_Sup_R	Temporal_Pole_Sup_L	Temporal_Pole_Sup_R	Temporal_Mid_L	Temporal_Mid_R	Temporal_Pole_Mid_L	Temporal_Pole_Mid_R	Temporal_Inf_L	Temporal_Inf_R	Cerebelum_Crus1_L	Cerebelum_Crus1_R	Cerebelum_Crus2_L	Cerebelum_Crus2_R	Cerebelum_3_L	Cerebelum_3_R	Cerebelum_4_5_L	Cerebelum_4_5_R	Cerebelum_6_L	Cerebelum_6_R	Cerebelum_7b_L	Cerebelum_7b_R	Cerebelum_8_L	Cerebelum_8_R	Cerebelum_9_L	Cerebelum_9_R	Cerebelum_10_L	Cerebelum_10_R	Vermis_1_2	Vermis_3	Vermis_4_5	Vermis_6	Vermis_7	Vermis_8	Vermis_9	Vermis_10	
368220	Precentral_L	0	598	3596	2944	0	0	15654	156	0	0	14120	188	2346	228	88	106	10572	0	2388	7136	0	0	0	0	0	0	0	0	14672	574	0	0	598	1624	1312	1986	7492	2272	558	120	118	0	130	0	132	122	622	0	0	112	560	72	0	0	180	92	31478	214	1174	0	6148	0	2804	0	876	0	726	308	10398	0	596	2038	4684	616	630	0	18882	3506	2366	0	1544	110	0	0	826	72	0	0	646	0	0	0	0	0	0	0	0	0	0	0	0	0	0	0	0	0	0	0	0	0	0	0	0	0	0	0	
151480	Precentral_R	598	0	88	12384	0	0	72	3370	0	0	0	2216	0	340	0	156	0	1788	152	2186	0	0	0	0	0	0	0	0	0	4170	0	0	0	464	0	298	118	4730	0	390	0	0	0	534	0	272	0	1032	0	468	0	190	0	296	0	198	0	13746	0	92	0	396	0	1888	0	84	0	1474	0	4384	0	206	90	2870	82	160	1072	7664	0	158	0	576	0	0	0	2876	0	0	0	1412	0	0	0	0	0	0	0	0	0	0	0	0	0	0	0	0	0	0	0	0	0	0	0	0	0	0	
483032	Frontal_Sup_L	3596	88	0	5100	3364	0	47242	648	1528	0	7506	90	13780	928	10374	788	3904	0	32186	9554	0	0	31880	514	452	0	62	0	28520	528	10600	2910	1402	1740	0	0	440	1236	0	0	0	0	0	0	0	0	0	0	0	0	0	0	0	0	0	0	2268	78	0	0	0	0	0	0	0	0	0	0	762	0	1922	2320	8824	470	1244	0	614	674	124	0	790	0	342	0	0	0	0	0	124	0	0	0	0	0	0	0	0	0	0	0	0	0	0	0	0	0	0	0	0	0	0	0	0	0	0	0	
697848	Frontal_Sup_R	2944	12384	5100	0	0	1290	958	35908	84	276	250	16866	6814	19040	7662	6480	436	2936	9140	52540	0	102	6316	30532	200	2040	0	358	8796	12090	1030	20988	372	16926	0	0	742	5092	0	586	0	0	0	98	0	0	0	164	0	0	0	0	0	72	0	316	1958	94	0	0	62	0	0	92	0	0	0	0	1050	258	2650	20148	2390	13942	348	388	1210	14860	0	0	0	254	0	120	0	848	0	0	0	324	0	0	0	0	0	0	0	0	0	0	0	0	0	0	0	0	0	0	0	0	0	0	0	0	0	0	
96948	Frontal_Sup_Orb_L	0	0	3364	0	0	0	722	0	11800	0	0	0	710	0	10048	0	0	0	0	0	2210	236	2250	0	1470	0	4676	130	3510	0	2020	240	0	0	0	0	166	0	210	0	644	0	0	0	0	0	0	0	0	0	0	0	0	0	0	0	0	0	0	0	0	0	0	0	0	0	0	0	0	0	210	0	3460	0	0	0	0	0	0	0	0	0	398	0	0	0	0	0	0	0	0	0	0	0	0	0	0	0	0	0	0	0	0	0	0	0	0	0	0	0	0	0	0	0	0	0	
71240	Frontal_Sup_Orb_R	0	0	0	1290	0	0	0	212	0	1112	0	0	0	0	0	2446	0	0	0	0	1126	3876	0	1890	0	5148	770	8578	0	1310	0	1062	0	0	0	0	0	0	0	0	0	198	0	0	0	0	0	0	0	0	0	0	0	0	0	0	0	0	0	0	0	0	0	0	0	0	0	0	0	0	1098	2866	460	2178	0	0	0	0	0	0	0	0	0	0	0	0	0	0	0	0	0	0	0	0	0	0	0	0	0	0	0	0	0	0	0	0	0	0	0	0	0	0	0	0	0	0	
381960	Frontal_Mid_L	15654	72	47242	958	722	0	0	0	1132	0	19524	0	24180	0	4134	0	6054	0	5442	1640	0	0	15254	0	0	0	0	0	21684	0	2978	0	142	284	300	600	3442	592	332	0	88	0	0	0	0	0	90	0	0	0	0	0	0	0	64	0	1884	0	0	0	578	0	584	0	0	0	0	0	266	0	150	258	5576	0	1828	0	4742	934	940	0	636	0	0	0	0	0	0	0	0	0	0	0	0	0	0	0	0	0	0	0	0	0	0	0	0	0	0	0	0	0	0	0	0	0	0	0	
271948	Frontal_Mid_R	156	3370	648	35908	0	212	0	0	0	244	0	20014	2208	21916	2152	5300	0	3720	1316	2768	0	0	320	3442	0	132	0	0	1478	10914	186	3578	0	2752	0	0	104	990	0	0	0	0	0	0	0	0	0	0	0	0	0	0	0	0	0	0	0	342	0	0	0	0	0	0	0	0	0	0	0	0	620	3602	72	5664	0	164	142	1432	0	0	0	0	0	108	0	0	0	0	0	0	0	0	0	0	0	0	0	0	0	0	0	0	0	0	0	0	0	0	0	0	0	0	0	0	0	0	
91460	Frontal_Mid_Orb_L	0	0	1528	84	11800	0	1132	0	0	0	0	0	3314	0	16166	0	0	0	74	78	458	0	460	0	178	0	2570	0	2786	0	780	92	0	0	0	0	166	0	0	0	136	0	0	0	0	0	0	0	0	0	0	0	0	0	0	0	0	0	0	0	0	0	0	0	0	0	0	0	0	0	92	0	3836	0	0	0	0	0	0	0	0	0	0	0	0	0	0	0	0	0	0	0	0	0	0	0	0	0	0	0	0	0	0	0	0	0	0	0	0	0	0	0	0	0	0	0	
27508	Frontal_Mid_Orb_R	0	0	0	276	0	1112	0	244	0	0	0	0	74	742	72	7178	0	0	0	196	0	0	0	0	0	0	0	342	0	210	0	122	0	0	0	0	0	0	0	0	0	0	0	0	0	0	0	0	0	0	0	0	0	0	0	0	0	0	0	0	0	0	0	0	0	0	0	0	0	0	0	1642	0	1544	0	0	0	0	0	0	0	0	0	0	0	0	0	0	0	0	0	0	0	0	0	0	0	0	0	0	0	0	0	0	0	0	0	0	0	0	0	0	0	0	0	0	
189716	Frontal_Inf_Oper_L	14120	0	7506	250	0	0	19524	0	0	0	0	0	13102	0	60	0	9576	0	502	338	0	0	0	0	0	0	0	0	21730	0	0	0	0	0	0	0	460	0	0	0	0	0	0	0	0	0	0	0	0	0	0	0	0	0	0	0	2958	0	0	0	0	0	160	0	0	0	0	0	202	0	98	0	930	0	440	0	492	0	1122	0	762	0	526	0	0	0	0	0	0	0	0	0	0	0	0	0	0	0	0	0	0	0	0	0	0	0	0	0	0	0	0	0	0	0	0	0	
213272	Frontal_Inf_Oper_R	188	2216	90	16866	0	0	0	20014	0	0	0	0	676	23264	478	498	0	6860	328	1422	0	0	0	464	0	0	0	0	330	17706	0	484	0	618	0	0	138	1622	0	318	0	0	0	0	0	0	0	0	0	0	0	0	0	0	0	108	0	654	0	0	0	0	0	0	0	0	0	0	0	0	866	1018	128	7142	0	170	188	878	0	62	0	0	0	842	0	0	0	0	0	0	0	0	0	0	0	0	0	0	0	0	0	0	0	0	0	0	0	0	0	0	0	0	0	0	0	0	
373404	Frontal_Inf_Tri_L	2346	0	13780	6814	710	0	24180	2208	3314	74	13102	676	0	4520	34448	3446	1516	0	4766	6048	0	0	2960	360	0	0	0	0	36942	2528	4838	1536	76	1036	0	0	84	136	0	0	0	0	0	0	0	0	0	0	0	0	0	0	0	0	0	0	160	0	0	0	0	0	0	0	0	0	0	0	0	0	5468	2822	4638	220	62	0	86	198	300	0	166	0	138	0	0	0	0	0	0	0	0	0	0	0	0	0	0	0	0	0	0	0	0	0	0	0	0	0	0	0	0	0	0	0	0	0	
312052	Frontal_Inf_Tri_R	228	340	928	19040	0	0	0	21916	0	742	0	23264	4520	0	3958	20672	0	242	892	4242	0	0	166	1520	0	0	0	0	2160	18724	200	2462	0	1134	0	0	128	966	0	86	0	0	0	0	0	0	0	0	0	0	0	0	0	0	0	0	0	114	0	0	0	0	0	0	0	0	0	0	0	0	6272	12798	1112	6220	0	0	178	802	0	0	0	0	0	0	0	0	0	0	0	0	0	0	0	0	0	0	0	0	0	0	0	0	0	0	0	0	0	0	0	0	0	0	0	0	0	0	
355940	Frontal_Inf_Orb_L	88	0	10374	7662	10048	0	4134	2152	16166	72	60	478	34448	3958	0	3284	0	0	3916	7108	2340	0	3330	312	138	0	782	0	33626	1666	4944	1132	78	922	0	0	502	140	506	0	1326	0	0	0	0	0	0	0	0	0	0	0	0	0	0	0	0	0	0	0	0	0	0	0	0	0	0	0	0	0	4402	3224	12138	194	0	0	0	218	0	0	0	0	2102	0	0	0	0	0	0	0	0	0	0	0	0	0	0	0	0	0	0	0	0	0	0	0	0	0	0	0	0	0	0	0	0	0	
223564	Frontal_Inf_Orb_R	106	156	788	6480	0	2446	0	5300	0	7178	0	498	3446	20672	3284	0	0	148	438	3332	0	2088	0	284	0	216	0	2274	1776	13490	120	932	0	192	0	0	0	362	0	74	0	380	0	0	0	0	0	0	0	0	0	0	0	0	0	0	0	0	0	0	0	0	0	0	0	0	0	0	0	0	5072	16420	698	12716	0	0	0	342	0	0	0	0	0	74	0	0	0	0	0	0	0	0	0	0	0	0	0	0	0	0	0	0	0	0	0	0	0	0	0	0	0	0	0	0	0	0	
156240	Rolandic_Oper_L	10572	0	3904	436	0	0	6054	0	0	0	9576	0	1516	0	0	0	0	0	580	816	0	0	0	0	0	0	0	0	16244	0	0	0	0	0	0	0	1040	0	0	0	0	0	0	0	0	0	0	0	0	0	516	0	0	0	0	0	7736	0	0	0	448	0	2240	0	588	0	0	0	486	0	168	74	894	0	1282	0	486	112	2350	0	7176	0	516	0	1630	0	0	0	680	0	0	0	0	0	0	0	0	0	0	0	0	0	0	0	0	0	0	0	0	0	0	0	0	0	0	0	
100568	Rolandic_Oper_R	0	1788	0	2936	0	0	0	3720	0	0	0	6860	0	242	0	148	0	0	0	436	0	0	0	0	0	0	0	0	0	13060	0	0	0	0	0	0	0	788	0	86	0	0	0	0	0	86	0	124	0	362	0	0	0	0	0	0	0	3774	0	226	0	0	0	3314	0	336	0	604	0	0	0	230	0	2408	0	0	0	2274	0	972	0	3570	0	1236	0	388	0	0	0	316	0	0	0	0	0	0	0	0	0	0	0	0	0	0	0	0	0	0	0	0	0	0	0	0	0	0	
349916	Supp_Motor_Area_L	2388	152	32186	9140	0	0	5442	1316	74	0	502	328	4766	892	3916	438	580	0	0	30758	0	0	3326	1926	0	0	0	0	10790	424	6088	5116	4692	16544	218	80	1168	1056	104	0	0	0	0	0	0	104	0	0	0	0	0	0	0	0	0	0	990	156	0	0	0	0	0	0	0	0	0	162	15268	260	1254	2896	5148	186	1792	0	86	1980	0	0	158	0	0	0	0	0	0	0	108	0	0	0	0	0	0	0	0	0	0	0	0	0	0	0	0	0	0	0	0	0	0	0	0	0	0	0	
584908	Supp_Motor_Area_R	7136	2186	9554	52540	0	0	1640	2768	78	196	338	1422	6048	4242	7108	3332	816	436	30758	0	0	0	1106	5238	0	0	0	80	10154	3948	726	6504	2810	36834	476	3080	1228	3174	120	724	0	0	0	608	0	1904	0	306	0	1440	0	346	0	124	0	548	2946	556	0	64	102	0	0	104	0	0	86	4842	13402	8934	3406	18884	4026	10388	822	378	752	9240	0	0	138	0	0	70	0	968	0	0	0	270	0	0	0	0	0	0	0	0	0	0	0	0	0	0	0	0	0	0	0	0	0	0	0	0	0	0	
108644	Olfactory_L	0	0	0	0	2210	1126	0	0	458	0	0	0	0	0	2340	0	0	0	0	0	0	10116	0	66	126	822	5220	4664	2100	0	2448	3008	0	0	0	0	68	0	678	0	820	0	0	0	0	0	0	0	0	0	0	0	0	0	0	0	0	0	0	0	0	0	0	0	0	0	0	0	0	0	9358	3616	2792	1436	0	0	0	158	0	0	0	0	692	0	0	0	0	0	0	0	0	0	0	0	0	0	0	0	0	0	0	0	0	0	0	0	0	0	0	0	0	0	0	0	0	0	
122664	Olfactory_R	0	0	0	102	236	3876	0	0	0	0	0	0	0	0	0	2088	0	0	0	0	10116	0	0	178	68	1246	4080	8394	0	2482	3114	4100	0	0	0	0	0	390	0	136	0	864	0	0	0	0	0	0	0	0	0	0	0	0	0	98	0	0	0	0	0	0	0	0	0	0	0	0	0	0	8918	5506	2630	2374	0	0	0	278	0	0	0	0	0	58	0	0	0	0	0	0	0	0	0	0	0	0	0	0	0	0	0	0	0	0	0	0	0	0	0	0	0	0	0	0	0	0	
209096	Frontal_Sup_Medial_L	0	0	31880	6316	2250	0	15254	320	460	0	0	0	2960	166	3330	0	0	0	3326	1106	0	0	0	10824	1076	414	98	0	1554	62	8310	6622	1314	6686	0	0	0	0	0	0	0	0	0	0	0	0	0	0	0	0	0	0	0	0	0	0	0	0	0	0	0	0	0	0	0	0	0	0	0	0	0	0	220	0	0	0	0	0	0	0	0	0	0	0	0	0	0	0	0	0	0	0	0	0	0	0	0	0	0	0	0	0	0	0	0	0	0	0	0	0	0	0	0	0	0	0	
211080	Frontal_Sup_Medial_R	0	0	514	30532	0	1890	0	3442	0	0	0	464	360	1520	312	284	0	0	1926	5238	66	178	10824	0	238	3686	104	464	250	952	666	20784	218	16134	0	0	0	0	0	0	0	0	0	0	0	0	0	0	0	0	0	0	0	0	0	0	0	0	0	0	0	0	0	0	0	0	0	0	0	0	176	2376	0	1942	0	0	0	0	0	0	0	0	0	0	0	0	0	0	0	0	0	0	0	0	0	0	0	0	0	0	0	0	0	0	0	0	0	0	0	0	0	0	0	0	0	0	
13104	Frontal_Med_Orb_L	0	0	452	200	1470	0	0	0	178	0	0	0	0	0	138	0	0	0	0	0	126	68	1076	238	0	514	386	110	0	0	1374	158	0	0	0	0	0	0	0	0	0	0	0	0	0	0	0	0	0	0	0	0	0	0	0	0	0	0	0	0	0	0	0	0	0	0	0	0	0	0	64	0	0	0	0	0	0	0	0	0	0	0	0	0	0	0	0	0	0	0	0	0	0	0	0	0	0	0	0	0	0	0	0	0	0	0	0	0	0	0	0	0	0	0	0	0	
56892	Frontal_Med_Orb_R	0	0	0	2040	0	5148	0	132	0	0	0	0	0	0	0	216	0	0	0	0	822	1246	414	3686	514	0	746	4768	0	0	772	4526	0	0	0	0	0	0	0	0	0	0	0	0	0	0	0	0	0	0	0	0	0	0	0	0	0	0	0	0	0	0	0	0	0	0	0	0	0	0	682	1480	100	1154	0	0	0	0	0	0	0	0	0	0	0	0	0	0	0	0	0	0	0	0	0	0	0	0	0	0	0	0	0	0	0	0	0	0	0	0	0	0	0	0	0	0	
62600	Rectus_L	0	0	62	0	4676	770	0	0	2570	0	0	0	0	0	782	0	0	0	0	0	5220	4080	98	104	386	746	0	1994	72	0	1220	1278	0	0	0	0	0	0	0	0	0	0	0	0	0	0	0	0	0	0	0	0	0	0	0	0	0	0	0	0	0	0	0	0	0	0	0	0	0	0	3482	1090	2178	404	0	0	0	88	0	0	0	0	0	0	0	0	0	0	0	0	0	0	0	0	0	0	0	0	0	0	0	0	0	0	0	0	0	0	0	0	0	0	0	0	0	0	
101192	Rectus_R	0	0	0	358	130	8578	0	0	0	342	0	0	0	0	0	2274	0	0	0	80	4664	8394	0	464	110	4768	1994	0	0	1902	1840	3212	0	0	0	0	0	0	0	0	0	286	0	0	0	0	0	0	0	0	0	0	0	0	0	0	0	0	0	0	0	0	0	0	0	0	0	0	0	0	4024	3062	1030	3084	0	0	0	0	0	0	0	0	0	0	0	0	0	0	0	0	0	0	0	0	0	0	0	0	0	0	0	0	0	0	0	0	0	0	0	0	0	0	0	0	0	0	
626868	Insula_L	14672	0	28520	8796	3510	0	21684	1478	2786	0	21730	330	36942	2160	33626	1776	16244	0	10790	10154	2100	0	1554	250	0	0	72	0	0	864	2482	1202	0	1058	360	846	14734	1008	1456	0	2712	0	0	0	0	0	0	0	0	0	780	0	0	0	3052	0	4226	0	256	0	856	0	2300	0	1004	0	138	0	330	0	2266	2802	18652	248	1476	0	2558	420	6958	0	6724	0	3936	0	3592	0	0	0	4964	0	0	0	0	0	0	0	0	0	0	0	0	0	0	0	0	0	0	0	0	0	0	0	0	0	0	0	
378612	Insula_R	574	4170	528	12090	0	1310	0	10914	0	210	0	17706	2528	18724	1666	13490	0	13060	424	3948	0	2482	62	952	0	0	0	1902	864	0	192	1686	0	408	0	0	388	10274	0	1944	0	1150	0	706	0	88	0	956	0	178	0	74	0	288	0	2816	0	2706	0	340	0	0	0	1076	0	0	0	948	0	0	3898	7098	796	24518	0	170	562	2656	0	2772	0	5406	0	2276	0	2198	0	0	0	3134	0	0	0	0	0	0	0	0	0	0	0	0	0	0	0	0	0	0	0	0	0	0	0	0	0	0	
163740	Cingulum_Ant_L	0	0	10600	1030	2020	0	2978	186	780	0	0	0	4838	200	4944	120	0	0	6088	726	2448	3114	8310	666	1374	772	1220	1840	2482	192	0	10518	6884	2456	1730	0	0	122	0	0	0	0	0	0	0	0	0	0	0	0	0	0	0	0	0	0	0	0	0	0	0	0	0	0	0	0	0	0	0	0	1850	580	376	426	0	0	0	0	0	0	0	0	0	0	0	0	0	0	0	0	0	0	0	0	0	0	0	0	0	0	0	0	0	0	0	0	0	0	0	0	0	0	0	0	0	0	
271184	Cingulum_Ant_R	0	0	2910	20988	240	1062	0	3578	92	122	0	484	1536	2462	1132	932	0	0	5116	6504	3008	4100	6622	20784	158	4526	1278	3212	1202	1686	10518	0	1530	20212	562	0	0	196	0	0	0	0	0	0	0	0	0	0	0	0	0	0	0	0	0	0	0	0	0	0	0	0	0	0	0	0	0	0	0	0	2692	3082	394	2606	0	0	0	66	0	0	0	0	0	0	0	0	0	0	0	0	0	0	0	0	0	0	0	0	0	0	0	0	0	0	0	0	0	0	0	0	0	0	0	0	0	0	
87532	Cingulum_Mid_L	598	0	1402	372	0	0	142	0	0	0	0	0	76	0	78	0	0	0	4692	2810	0	0	1314	218	0	0	0	0	0	0	6884	1530	0	8056	2900	318	0	0	0	0	0	0	116	0	138	62	0	0	1292	0	856	0	0	0	0	0	634	70	304	0	64	0	0	0	68	0	3394	268	4572	166	0	0	0	0	0	0	0	0	0	0	0	0	0	0	284	0	0	0	88	0	0	0	0	0	0	0	0	0	0	0	0	0	0	0	0	0	0	0	0	0	0	0	0	0	0	0	
354188	Cingulum_Mid_R	1624	464	1740	16926	0	0	284	2752	0	0	0	618	1036	1134	922	192	0	0	16544	36834	0	0	6686	16134	0	0	0	0	1058	408	2456	20212	8056	0	2118	4186	0	64	0	0	0	0	0	1024	0	3256	0	142	0	2090	0	696	0	0	0	0	572	2566	0	108	0	94	0	0	0	104	154	8886	5792	8356	202	72	130	0	94	0	60	0	0	0	0	0	0	0	0	160	0	0	0	88	0	0	0	0	0	0	0	0	0	0	0	0	0	0	0	0	0	0	0	0	0	0	0	0	0	0	
98920	Cingulum_Post_L	1312	0	0	0	0	0	300	0	0	0	0	0	0	0	0	0	0	0	218	476	0	0	0	0	0	0	0	0	360	0	1730	562	2900	2118	0	8722	7458	3182	1842	0	0	0	2542	0	604	0	588	126	88	0	804	0	72	0	0	0	556	0	0	0	0	0	0	0	138	0	5466	1826	1618	90	0	0	0	0	0	0	908	192	250	0	0	0	0	0	1424	0	0	0	988	0	0	0	0	0	0	0	0	0	0	0	0	0	0	0	0	0	0	0	0	0	0	0	0	0	0	0	
135260	Cingulum_Post_R	1986	298	0	0	0	0	600	0	0	0	0	0	0	0	0	0	0	0	80	3080	0	0	0	0	0	0	0	0	846	0	0	0	318	4186	8722	0	6968	7150	1444	90	0	0	0	1884	0	1818	556	2126	0	2680	0	404	0	288	0	72	132	952	0	0	0	0	0	0	0	0	990	9686	104	3054	0	0	0	0	0	0	3624	486	674	0	0	0	0	0	0	1848	0	0	0	356	0	0	0	0	0	0	0	0	0	0	0	0	0	0	0	0	0	0	0	0	128	0	0	0	0	0	
280400	Hippocampus_L	7492	118	440	742	166	0	3442	104	166	0	460	138	84	128	502	0	1040	0	1168	1228	68	0	0	0	0	0	0	0	14734	388	0	0	0	0	7458	6968	0	5824	15318	162	8170	0	2564	0	176	0	3908	326	0	0	800	0	282	0	10290	84	816	0	0	0	0	0	96	0	0	0	4414	1792	146	0	0	274	9728	438	1390	0	7168	1506	4434	0	1290	0	1862	0	1086	0	146	0	8154	58	0	0	0	0	92	0	162	0	0	0	0	0	0	0	0	0	0	0	0	210	0	0	0	0	0	0	
348128	Hippocampus_R	2272	4730	1236	5092	0	0	592	990	0	0	0	1622	136	966	140	362	0	788	1056	3174	0	390	0	0	0	0	0	0	1008	10274	122	196	0	64	3182	7150	5824	0	1314	23688	0	10658	0	304	0	0	510	2336	0	104	0	0	0	592	0	27184	124	820	0	0	0	0	0	78	0	0	310	3350	0	0	90	3186	228	17794	0	1402	4368	7324	638	680	0	1652	0	1620	0	720	0	320	0	9750	0	0	0	0	0	0	0	1378	0	72	0	0	0	0	0	0	0	0	0	0	104	0	0	0	0	0	
109420	ParaHippocampal_L	558	0	0	0	210	0	332	0	0	0	0	0	0	0	506	0	0	0	104	120	678	0	0	0	0	0	0	0	1456	0	0	0	0	0	1842	1444	15318	1314	0	0	2360	0	1638	0	94	0	6442	188	0	0	1094	0	1232	0	7554	0	0	0	0	0	0	0	0	0	0	0	2358	422	0	0	0	0	1584	0	0	0	1232	0	0	0	0	0	934	0	282	0	636	0	1590	0	0	0	0	0	292	0	424	0	128	0	0	0	0	0	0	0	0	0	0	344	0	0	0	0	0	0	
156104	ParaHippocampal_R	120	390	0	586	0	0	0	0	0	0	0	318	0	86	0	74	0	86	0	724	0	136	0	0	0	0	0	0	0	1944	0	0	0	0	0	90	162	23688	0	0	0	8712	0	98	0	0	0	2538	0	0	0	0	0	442	0	21172	0	0	0	0	0	0	0	0	0	0	0	332	0	0	0	770	76	3568	0	568	206	756	0	320	0	450	0	1942	0	94	0	1084	0	4254	0	0	0	0	0	0	0	2070	0	196	0	0	0	0	0	0	0	0	0	0	0	0	0	0	0	0	
46812	Amygdala_L	118	0	0	0	644	0	88	0	136	0	0	0	0	0	1326	0	0	0	0	0	820	0	0	0	0	0	0	0	2712	0	0	0	0	0	0	0	8170	0	2360	0	0	0	0	0	0	0	0	0	0	0	0	0	0	0	3816	0	0	0	0	0	0	0	0	0	0	0	0	0	0	0	0	0	618	0	0	0	0	0	0	0	0	0	1204	0	0	0	132	0	1262	0	0	0	0	0	0	0	0	0	0	0	0	0	0	0	0	0	0	0	0	0	0	0	0	0	0	0	
80340	Amygdala_R	0	0	0	0	0	198	0	0	0	0	0	0	0	0	0	380	0	0	0	0	0	864	0	0	0	0	0	286	0	1150	0	0	0	0	0	0	0	10658	0	8712	0	0	0	0	0	0	0	0	0	0	0	0	0	0	0	9740	0	0	0	0	0	0	0	0	0	0	0	0	0	0	0	0	0	1392	0	0	0	0	0	0	0	74	0	3722	0	0	0	414	0	2436	0	0	0	0	0	0	0	144	0	0	0	0	0	0	0	0	0	0	0	0	0	0	0	0	0	0	
230848	Calcarine_L	130	0	0	0	0	0	0	0	0	0	0	0	0	0	0	0	0	0	0	0	0	0	0	0	0	0	0	0	0	0	0	0	116	0	2542	0	2564	0	1638	0	0	0	0	4280	11868	2600	8568	1030	11392	1552	30776	452	3642	0	1516	0	1680	0	428	0	792	0	0	0	616	0	18488	92	874	0	0	0	0	0	0	0	0	0	0	0	0	0	0	0	2352	0	0	0	1346	0	370	0	0	0	84	0	788	0	644	0	0	0	0	0	408	120	102	0	0	0	1038	402	0	0	0	134	
275304	Calcarine_R	0	534	0	98	0	0	0	0	0	0	0	0	0	0	0	0	0	0	0	608	0	0	0	0	0	0	0	0	0	706	0	0	0	1024	0	1884	0	304	0	98	0	0	4280	0	1794	18190	2260	24698	0	20306	0	17574	0	7214	0	5978	0	1518	0	0	0	0	0	150	0	134	310	17000	0	1394	0	0	0	0	0	0	0	0	0	0	0	204	0	0	0	5152	0	0	0	3854	0	0	0	0	0	0	0	148	0	98	0	0	0	0	0	0	0	0	0	0	140	0	0	0	0	0	
135784	Cuneus_L	132	0	0	0	0	0	0	0	0	0	0	0	0	0	0	0	0	0	0	0	0	0	0	0	0	0	0	0	0	0	0	0	138	0	604	0	176	0	94	0	0	0	11868	1794	0	2614	252	0	18870	834	10950	0	210	0	0	0	1508	0	1614	0	642	0	0	0	260	0	13282	1270	540	0	0	0	0	0	0	0	0	0	0	0	0	0	0	0	240	0	0	0	0	0	0	0	0	0	0	0	0	0	0	0	0	0	0	0	0	0	0	0	0	0	0	0	0	0	0	0	
239816	Cuneus_R	122	272	0	0	0	0	0	0	0	0	0	0	0	0	0	0	0	86	104	1904	0	0	0	0	0	0	0	0	0	88	0	0	62	3256	0	1818	0	0	0	0	0	0	2600	18190	2614	0	876	6208	266	31328	0	11692	0	1412	0	626	0	1328	0	2172	0	150	0	206	0	454	2908	22964	214	2246	0	0	0	0	0	0	0	0	0	0	0	464	0	0	0	1738	0	0	0	1540	0	0	0	0	0	0	0	0	0	0	0	0	0	0	0	0	0	0	0	0	0	0	0	0	0	0	
220008	Lingual_L	622	0	0	0	0	0	90	0	0	0	0	0	0	0	0	0	0	0	0	0	0	0	0	0	0	0	0	0	0	0	0	0	0	0	588	556	3908	510	6442	0	0	0	8568	2260	252	876	0	3662	1752	1396	14206	1002	7234	176	15284	226	0	0	0	0	0	0	0	0	0	0	3476	172	0	0	0	0	228	0	0	0	918	0	0	0	0	0	0	0	2532	0	0	0	868	0	3298	376	0	0	580	0	8862	70	10666	688	0	0	0	0	940	0	0	0	82	148	2014	3030	1446	0	0	0	
270904	Lingual_R	0	1032	0	164	0	0	0	0	0	0	0	0	0	0	0	0	0	124	0	306	0	0	0	0	0	0	0	0	0	956	0	0	0	142	126	2126	326	2336	188	2538	0	0	1030	24698	0	6208	3662	0	0	10164	0	8954	82	7672	504	13720	0	544	0	542	0	96	0	506	0	546	138	11666	0	474	0	0	0	0	0	0	104	120	0	0	0	378	0	0	0	4170	0	0	0	3480	598	770	126	0	58	144	730	4558	2648	4730	0	0	0	0	564	394	390	0	382	236	4084	4106	338	0	378	396	
165428	Occipital_Sup_L	0	0	0	0	0	0	0	0	0	0	0	0	0	0	0	0	0	0	0	0	0	0	0	0	0	0	0	0	0	0	0	0	1292	0	88	0	0	0	0	0	0	0	11392	0	18870	266	1752	0	0	100	25716	0	758	0	136	0	240	0	5664	0	1096	0	252	0	506	0	11592	368	312	0	0	0	0	0	0	0	0	0	0	0	108	0	0	0	2116	0	0	0	90	0	0	0	0	0	0	0	0	0	0	0	0	0	0	0	0	0	0	0	0	0	0	0	0	0	0	0	
290424	Occipital_Sup_R	112	468	0	0	0	0	0	0	0	0	0	0	0	0	0	0	0	362	0	1440	0	0	0	0	0	0	0	0	0	178	0	0	0	2090	0	2680	0	104	0	0	0	0	1552	20306	834	31328	1396	10164	100	0	0	20986	0	2700	0	2122	0	1582	0	5244	0	1136	0	918	0	4224	596	23582	104	2038	0	0	0	0	0	0	0	0	0	0	0	994	0	0	0	3448	0	0	0	2424	0	0	0	0	0	0	0	0	0	0	0	0	0	0	0	0	0	0	0	0	0	0	0	0	0	0	
425344	Occipital_Mid_L	560	0	0	0	0	0	0	0	0	0	0	0	0	0	0	0	516	0	0	0	0	0	0	0	0	0	0	0	780	0	0	0	856	0	804	0	800	0	1094	0	0	0	30776	0	10950	0	14206	0	25716	0	0	0	19818	0	11120	0	1482	0	5820	0	12770	0	1860	0	22032	0	16762	76	506	0	0	0	0	0	0	0	0	0	452	0	1202	0	0	0	23566	0	0	0	5998	0	1154	0	0	0	0	0	410	0	508	0	0	0	0	0	0	0	0	0	0	0	0	0	78	0	0	0	
228576	Occipital_Mid_R	72	190	0	0	0	0	0	0	0	0	0	0	0	0	0	0	0	0	0	346	0	0	0	0	0	0	0	0	0	74	0	0	0	696	0	404	0	0	0	0	0	0	452	17574	0	11692	1002	8954	0	20986	0	0	0	5328	0	3258	0	440	0	5262	0	5424	0	70	0	14076	134	7050	68	632	0	0	0	0	0	0	0	0	0	0	0	118	0	0	0	7328	0	0	0	2658	0	0	0	0	0	0	0	0	0	0	0	0	0	0	0	0	0	0	0	0	0	0	0	0	0	0	
121832	Occipital_Inf_L	0	0	0	0	0	0	0	0	0	0	0	0	0	0	0	0	0	0	0	0	0	0	0	0	0	0	0	0	0	0	0	0	0	0	72	0	282	0	1232	0	0	0	3642	0	210	0	7234	82	758	0	19818	0	0	0	12048	0	0	0	0	0	1106	0	0	0	1964	0	858	0	0	0	0	0	0	0	0	0	0	0	0	0	0	0	0	0	3990	0	0	0	2176	0	2130	0	0	0	0	0	688	0	1670	0	0	0	0	0	0	0	0	0	0	0	76	318	562	0	0	0	
103468	Occipital_Inf_R	0	296	0	72	0	0	0	0	0	0	0	0	0	0	0	0	0	0	0	124	0	0	0	0	0	0	0	0	0	288	0	0	0	0	0	288	0	592	0	442	0	0	0	7214	0	1412	176	7672	0	2700	0	5328	0	0	0	7478	0	474	0	0	0	104	0	0	0	146	0	4128	0	310	0	0	0	0	0	0	0	0	0	74	0	102	0	0	0	3492	0	0	0	8736	0	0	0	0	0	0	0	86	0	0	0	0	0	0	0	0	0	0	0	0	0	0	0	0	0	0	
342452	Fusiform_L	180	0	0	0	0	0	64	0	0	0	0	0	0	0	0	0	0	0	0	0	0	0	0	0	0	0	0	0	3052	0	0	0	0	0	0	0	10290	0	7554	0	3816	0	1516	0	0	0	15284	504	136	0	11120	0	12048	0	0	0	0	0	0	0	1000	0	0	0	1404	0	548	0	0	0	0	0	1242	0	0	0	70	0	0	0	1300	0	2330	0	4316	0	1640	0	15544	0	19170	356	458	0	546	0	18692	0	30038	504	390	0	1102	0	420	0	0	0	0	0	1348	2038	1132	0	74	0	
366928	Fusiform_R	92	198	0	316	0	0	0	0	0	0	0	108	0	0	0	0	0	0	0	548	0	98	0	0	0	0	0	0	0	2816	0	0	0	0	0	72	84	27184	0	21172	0	9740	0	5978	0	626	226	13720	0	2122	0	3258	0	7478	0	0	0	0	0	0	0	0	0	0	0	0	0	1830	0	0	0	664	0	4238	0	266	124	382	0	404	0	1078	0	5040	0	1254	0	2370	0	18416	0	8132	0	98	0	2108	184	14344	334	17498	0	0	0	118	242	528	202	0	806	636	3484	1542	164	122	540	480	
244580	Postcentral_L	31478	0	2268	1958	0	0	1884	0	0	0	2958	0	160	0	0	0	7736	0	990	2946	0	0	0	0	0	0	0	0	4226	0	0	0	634	572	556	132	816	124	0	0	0	0	1680	0	1508	0	0	0	240	0	1482	0	0	0	0	0	0	118	8068	0	20608	0	8092	0	2302	0	5824	0	6264	0	0	400	886	0	348	0	332	238	812	0	2518	64	0	0	650	60	0	0	358	0	0	0	0	0	0	0	0	0	0	0	0	0	0	0	0	0	0	0	0	0	0	0	0	0	0	0	
156796	Postcentral_R	214	13746	78	94	0	0	0	342	0	0	0	654	0	114	0	0	0	3774	156	556	0	0	0	0	0	0	0	0	0	2706	0	0	70	2566	0	952	0	820	0	0	0	0	0	1518	0	1328	0	544	0	1582	0	440	0	474	0	0	118	0	0	5096	0	4346	0	13066	0	1248	0	9978	0	7670	0	0	0	832	0	0	0	486	0	176	0	546	0	0	0	1448	0	0	0	660	0	0	0	0	0	0	0	0	0	0	0	0	0	0	0	0	0	0	0	0	0	0	0	0	0	0	
114424	Parietal_Sup_L	1174	0	0	0	0	0	0	0	0	0	0	0	0	0	0	0	0	0	0	0	0	0	0	0	0	0	0	0	256	0	0	0	304	0	0	0	0	0	0	0	0	0	428	0	1614	0	0	0	5664	0	5820	0	0	0	0	0	8068	0	0	0	13812	0	0	0	3638	0	14096	0	1860	0	0	0	0	0	0	0	0	0	172	0	0	0	0	0	178	0	0	0	128	0	0	0	0	0	0	0	0	0	0	0	0	0	0	0	0	0	0	0	0	0	0	0	0	0	0	0	
81236	Parietal_Sup_R	0	92	0	0	0	0	0	0	0	0	0	0	0	0	0	0	0	226	0	64	0	0	0	0	0	0	0	0	0	340	0	0	0	108	0	0	0	0	0	0	0	0	0	0	0	2172	0	542	0	5244	0	5262	0	0	0	0	0	5096	0	0	0	5718	0	706	0	7322	132	5828	0	74	0	0	0	0	0	0	0	0	0	182	0	632	0	0	0	878	0	0	0	0	0	0	0	0	0	0	0	0	0	0	0	0	0	0	0	0	0	0	0	0	0	0	0	0	0	0	
209100	Parietal_Inf_L	6148	0	0	62	0	0	578	0	0	0	0	0	0	0	0	0	448	0	0	102	0	0	0	0	0	0	0	0	856	0	0	0	64	0	0	0	0	0	0	0	0	0	792	0	642	0	0	0	1096	0	12770	0	1106	0	1000	0	20608	0	13812	0	0	0	15708	0	15694	0	3670	0	1928	0	0	0	0	0	0	0	0	0	242	0	684	0	0	0	4316	0	0	0	2224	0	0	0	0	0	0	0	0	0	0	0	0	0	0	0	0	0	0	0	0	0	0	0	0	0	0	0	
87656	Parietal_Inf_R	0	396	0	0	0	0	0	0	0	0	0	0	0	0	0	0	0	0	0	0	0	0	0	0	0	0	0	0	0	0	0	0	0	94	0	0	0	0	0	0	0	0	0	0	0	150	0	96	0	1136	0	5424	0	104	0	0	0	4346	0	5718	0	0	0	6256	0	14844	0	440	0	60	0	0	0	0	0	0	0	0	0	0	0	110	0	0	0	4476	0	0	0	178	0	0	0	0	0	0	0	0	0	0	0	0	0	0	0	0	0	0	0	0	0	0	0	0	0	0	
135168	SupraMarginal_L	2804	0	0	0	0	0	584	0	0	0	160	0	0	0	0	0	2240	0	0	0	0	0	0	0	0	0	0	0	2300	0	0	0	0	0	0	0	96	0	0	0	0	0	0	0	0	0	0	0	252	0	1860	0	0	0	0	0	8092	0	0	0	15708	0	0	0	9390	0	0	0	0	0	0	0	0	0	0	0	0	0	360	0	6654	0	0	0	10750	0	0	0	6334	0	0	0	0	0	0	0	0	0	0	0	0	0	0	0	0	0	0	0	0	0	0	0	0	0	0	0	
88044	SupraMarginal_R	0	1888	0	92	0	0	0	0	0	0	0	0	0	0	0	0	0	3314	0	104	0	0	0	0	0	0	0	0	0	1076	0	0	0	0	0	0	0	78	0	0	0	0	0	150	0	206	0	506	0	918	0	70	0	0	0	0	0	13066	0	706	0	6256	0	0	0	4618	0	1520	0	124	0	0	0	0	0	0	0	0	0	0	0	4000	0	0	0	4980	0	0	0	350	0	0	0	0	0	0	0	0	0	0	0	0	0	0	0	0	0	0	0	0	0	0	0	0	0	0	
158644	Angular_L	876	0	0	0	0	0	0	0	0	0	0	0	0	0	0	0	588	0	0	0	0	0	0	0	0	0	0	0	1004	0	0	0	68	0	138	0	0	0	0	0	0	0	616	0	260	0	0	0	506	0	22032	0	1964	0	1404	0	2302	0	3638	0	15694	0	9390	0	0	0	2254	0	386	0	0	0	0	0	0	0	0	0	234	0	2730	0	0	0	10736	0	0	0	2502	0	0	0	0	0	0	0	0	0	0	0	0	0	0	0	0	0	0	0	0	0	0	0	0	0	0	0	
115464	Angular_R	0	84	0	0	0	0	0	0	0	0	0	0	0	0	0	0	0	336	0	0	0	0	0	0	0	0	0	0	0	0	0	0	0	104	0	0	0	0	0	0	0	0	0	134	0	454	0	546	0	4224	0	14076	0	146	0	0	0	1248	0	7322	0	14844	0	4618	0	0	0	1360	0	0	0	0	0	0	0	0	0	0	0	0	0	1116	0	0	0	6832	0	0	0	288	0	0	0	0	0	0	0	0	0	0	0	0	0	0	0	0	0	0	0	0	0	0	0	0	0	0	
257784	Precuneus_L	726	0	0	0	0	0	0	0	0	0	0	0	0	0	0	0	0	0	0	86	0	0	0	0	0	0	0	0	138	0	0	0	3394	154	5466	990	4414	310	2358	0	0	0	18488	310	13282	2908	3476	138	11592	596	16762	134	858	0	548	0	5824	0	14096	132	3670	0	0	0	2254	0	0	5866	4680	0	0	0	0	0	0	0	530	0	90	0	0	0	0	0	2940	0	0	0	1682	0	0	0	0	0	0	0	0	0	0	0	0	0	0	0	0	0	0	0	0	0	0	0	0	0	0	0	
352784	Precuneus_R	308	1474	0	0	0	0	0	0	0	0	0	0	0	0	0	0	0	604	162	4842	0	0	0	0	0	0	0	0	0	948	0	0	268	8886	1826	9686	1792	3350	422	332	0	0	92	17000	1270	22964	172	11666	368	23582	76	7050	0	4128	0	1830	0	9978	0	5828	0	440	0	1520	0	1360	5866	0	332	9462	0	0	0	0	0	0	656	82	0	238	0	2334	0	0	0	6606	0	0	0	6192	0	0	0	0	0	0	0	62	0	0	0	0	0	0	0	0	0	0	0	0	338	0	0	0	0	0	
158476	Paracentral_Lobule_L	10398	0	762	1050	0	0	266	0	0	0	202	0	0	0	0	0	486	0	15268	13402	0	0	0	0	0	0	0	0	330	0	0	0	4572	5792	1618	104	146	0	0	0	0	0	874	0	540	214	0	0	312	104	506	68	0	0	0	0	6264	0	1860	0	1928	0	0	0	386	0	4680	332	0	394	360	2894	368	0	282	0	350	1990	0	0	76	0	0	0	60	0	0	0	0	0	0	0	0	0	0	0	0	0	0	0	0	0	0	0	0	0	0	0	0	0	0	0	0	0	0	0	
103668	Paracentral_Lobule_R	0	4384	0	258	0	0	0	0	0	0	0	0	0	0	0	0	0	0	260	8934	0	0	0	0	0	0	0	0	0	0	0	0	166	8356	90	3054	0	0	0	0	0	0	0	1394	0	2246	0	474	0	2038	0	632	0	310	0	0	0	7670	0	74	0	60	0	124	0	0	0	9462	394	0	0	0	0	0	0	0	0	0	0	0	0	0	0	0	0	1084	0	0	0	370	0	0	0	0	0	0	0	0	0	0	0	0	0	0	0	0	0	0	0	0	0	0	0	0	0	0	
199488	Caudate_L	596	0	1922	2650	210	1098	150	620	92	0	98	866	5468	6272	4402	5072	168	0	1254	3406	9358	8918	0	176	64	682	3482	4024	2266	3898	1850	2692	0	202	0	0	0	90	0	0	0	0	0	0	0	0	0	0	0	0	0	0	0	0	0	0	0	0	0	0	0	0	0	0	0	0	0	0	360	0	0	11572	7050	2364	796	0	4634	922	0	0	0	0	0	0	0	0	0	0	0	0	0	0	0	0	0	0	0	0	0	0	0	0	0	0	0	0	0	0	0	0	0	0	0	0	0	0	
402064	Caudate_R	2038	206	2320	20148	0	2866	258	3602	0	1642	0	1018	2822	12798	3224	16420	74	230	2896	18884	3616	5506	0	2376	0	1480	1090	3062	2802	7098	580	3082	0	72	0	0	274	3186	0	770	0	0	0	0	0	0	0	0	0	0	0	0	0	0	0	664	400	0	0	0	0	0	0	0	0	0	0	0	2894	0	11572	0	4160	24132	1070	1668	6520	21302	0	0	0	0	0	78	0	0	0	0	0	132	0	0	0	0	0	0	0	0	0	0	0	0	0	0	0	0	0	0	0	0	0	0	0	0	0	0	
256120	Putamen_L	4684	90	8824	2390	3460	460	5576	72	3836	0	930	128	4638	1112	12138	698	894	0	5148	4026	2792	2630	220	0	0	100	2178	1030	18652	796	376	394	0	130	0	0	9728	228	1584	76	618	0	0	0	0	0	228	0	0	0	0	0	0	0	1242	0	886	0	0	0	0	0	0	0	0	0	0	0	368	0	7050	4160	0	442	7326	0	3394	508	110	0	244	0	484	0	0	0	0	0	982	0	0	0	0	0	0	0	0	0	0	0	0	0	0	0	0	0	0	0	0	0	0	0	0	0	0	0	
343204	Putamen_R	616	2870	470	13942	0	2178	0	5664	0	1544	0	7142	220	6220	194	12716	0	2408	186	10388	1436	2374	0	1942	0	1154	404	3084	248	24518	426	2606	0	0	0	0	438	17794	0	3568	0	1392	0	0	0	0	0	0	0	0	0	0	0	0	0	4238	0	832	0	0	0	0	0	0	0	0	0	0	0	0	2364	24132	442	0	0	3164	592	5090	0	0	0	366	0	874	0	70	0	0	0	1296	0	0	0	0	0	0	0	0	0	0	0	0	0	0	0	0	0	0	0	0	0	0	0	0	0	0	
47528	Pallidum_L	630	82	1244	348	0	0	1828	0	0	0	440	0	62	0	0	0	1282	0	1792	822	0	0	0	0	0	0	0	0	1476	0	0	0	0	94	0	0	1390	0	0	0	0	0	0	0	0	0	0	0	0	0	0	0	0	0	0	0	348	0	0	0	0	0	0	0	0	0	0	0	282	0	796	1070	7326	0	0	0	1856	398	0	0	198	0	0	0	0	0	0	0	0	0	0	0	0	0	0	0	0	0	0	0	0	0	0	0	0	0	0	0	0	0	0	0	0	0	0	0	
18884	Pallidum_R	0	160	0	388	0	0	0	164	0	0	0	170	0	0	0	0	0	0	0	378	0	0	0	0	0	0	0	0	0	170	0	0	0	0	0	0	0	1402	0	568	0	0	0	0	0	0	0	0	0	0	0	0	0	0	0	266	0	0	0	0	0	0	0	0	0	0	0	0	0	0	0	1668	0	3164	0	0	0	834	0	0	0	0	0	0	0	0	0	0	0	110	0	0	0	0	0	0	0	0	0	0	0	0	0	0	0	0	0	0	0	0	0	0	0	0	0	0	
154124	Thalamus_L	18882	1072	614	1210	0	0	4742	142	0	0	492	188	86	178	0	0	486	0	86	752	0	0	0	0	0	0	0	0	2558	562	0	0	0	60	908	3624	7168	4368	1232	206	0	0	0	0	0	0	918	104	0	0	0	0	0	0	70	124	332	0	0	0	0	0	0	0	0	0	530	656	350	0	4634	6520	3394	592	1856	0	0	6318	1048	0	0	0	0	0	0	0	0	0	0	0	0	0	0	0	0	0	0	0	0	0	0	0	0	0	0	0	0	0	0	0	0	0	0	0	0	0	
196064	Thalamus_R	3506	7664	674	14860	0	0	934	1432	0	0	0	878	198	802	218	342	112	2274	1980	9240	158	278	0	0	0	0	88	0	420	2656	0	66	0	0	192	486	1506	7324	0	756	0	0	0	0	0	0	0	120	0	0	0	0	0	0	0	382	238	486	0	0	0	0	0	0	0	0	0	82	1990	0	922	21302	508	5090	398	834	6318	0	0	114	0	100	0	0	0	0	0	0	0	104	0	0	0	0	0	0	0	0	0	0	0	0	0	0	0	0	0	0	0	0	0	0	0	0	0	0	
74524	Heschl_L	2366	0	124	0	0	0	940	0	0	0	1122	0	300	0	0	0	2350	0	0	0	0	0	0	0	0	0	0	0	6958	0	0	0	0	0	250	674	4434	638	0	0	0	0	0	0	0	0	0	0	0	0	452	0	0	0	0	0	812	0	172	0	242	0	360	0	234	0	90	0	0	0	0	0	110	0	0	0	1048	0	0	0	4338	0	0	0	5786	0	0	0	3462	0	0	0	0	0	0	0	0	0	0	0	0	0	0	0	0	0	0	0	0	0	0	0	0	0	0	0	
24428	Heschl_R	0	158	0	0	0	0	0	0	0	0	0	62	0	0	0	0	0	972	0	0	0	0	0	0	0	0	0	0	0	2772	0	0	0	0	0	0	0	680	0	320	0	0	0	0	0	0	0	0	0	0	0	0	0	74	0	404	0	176	0	182	0	0	0	0	0	0	0	238	0	0	0	0	0	0	0	0	0	114	0	0	0	3844	0	778	0	1168	0	0	0	272	0	0	0	0	0	0	0	0	0	0	0	0	0	0	0	0	0	0	0	0	0	0	0	0	0	0	
154672	Temporal_Sup_L	1544	0	790	0	0	0	636	0	0	0	762	0	166	0	0	0	7176	0	158	138	0	0	0	0	0	0	0	0	6724	0	0	0	0	0	0	0	1290	0	0	0	0	0	0	0	0	0	0	0	108	0	1202	0	0	0	1300	0	2518	0	0	0	684	0	6654	0	2730	0	0	0	76	0	0	0	244	0	198	0	0	0	4338	0	0	0	5888	0	23224	0	0	0	8788	0	0	0	0	0	0	0	0	0	0	0	0	0	0	0	0	0	0	0	0	0	0	0	0	0	0	0	
98660	Temporal_Sup_R	110	576	0	254	0	0	0	0	0	0	0	0	0	0	0	0	0	3570	0	0	0	0	0	0	0	0	0	0	0	5406	0	0	0	0	0	0	0	1652	0	450	0	74	0	204	0	464	0	378	0	994	0	118	0	102	0	1078	64	546	0	632	0	110	0	4000	0	1116	0	2334	0	0	0	0	0	366	0	0	0	100	0	3844	0	0	0	4330	0	11922	0	1512	0	3024	0	0	0	0	0	0	0	0	0	0	0	0	0	0	0	0	0	0	0	0	0	0	0	0	0	0	
86704	Temporal_Pole_Sup_L	0	0	342	0	398	0	0	0	0	0	526	0	138	0	2102	0	516	0	0	0	692	0	0	0	0	0	0	0	3936	0	0	0	0	0	0	0	1862	0	934	0	1204	0	0	0	0	0	0	0	0	0	0	0	0	0	2330	0	0	0	0	0	0	0	0	0	0	0	0	0	0	0	0	0	484	0	0	0	0	0	0	0	5888	0	0	0	9440	0	4538	0	8022	0	0	0	0	0	0	0	0	0	0	0	0	0	0	0	0	0	0	0	0	0	0	0	0	0	0	0	
58264	Temporal_Pole_Sup_R	0	0	0	120	0	0	0	108	0	0	0	842	0	0	0	74	0	1236	0	70	0	58	0	0	0	0	0	0	0	2276	0	0	0	0	0	0	0	1620	0	1942	0	3722	0	0	0	0	0	0	0	0	0	0	0	0	0	5040	0	0	0	0	0	0	0	0	0	0	0	0	0	0	0	78	0	874	0	0	0	0	0	778	0	4330	0	0	0	1166	0	1772	0	3026	0	0	0	0	0	0	0	0	0	0	0	0	0	0	0	0	0	0	0	0	0	0	0	0	0	0	
328124	Temporal_Mid_L	826	0	0	0	0	0	0	0	0	0	0	0	0	0	0	0	1630	0	0	0	0	0	0	0	0	0	0	0	3592	0	0	0	284	0	1424	0	1086	0	282	0	0	0	2352	0	240	0	2532	0	2116	0	23566	0	3990	0	4316	0	650	0	178	0	4316	0	10750	0	10736	0	2940	0	60	0	0	0	0	0	0	0	0	0	5786	0	23224	0	9440	0	0	0	3694	0	44052	0	0	0	0	0	0	0	0	0	0	0	0	0	0	0	0	0	0	0	0	0	0	0	0	0	0	0	
200152	Temporal_Mid_R	72	2876	0	848	0	0	0	0	0	0	0	0	0	0	0	0	0	388	0	968	0	0	0	0	0	0	0	0	0	2198	0	0	0	160	0	1848	0	720	0	94	0	0	0	5152	0	1738	0	4170	0	3448	0	7328	0	3492	0	1254	60	1448	0	878	0	4476	0	4980	0	6832	0	6606	0	1084	0	0	0	70	0	0	0	0	0	1168	0	11922	0	1166	0	0	0	1920	0	20712	0	0	0	0	0	0	0	0	0	0	0	0	0	0	0	0	0	0	0	0	0	0	0	0	0	0	
30020	Temporal_Pole_Mid_L	0	0	0	0	0	0	0	0	0	0	0	0	0	0	0	0	0	0	0	0	0	0	0	0	0	0	0	0	0	0	0	0	0	0	0	0	146	0	636	0	132	0	0	0	0	0	0	0	0	0	0	0	0	0	1640	0	0	0	0	0	0	0	0	0	0	0	0	0	0	0	0	0	0	0	0	0	0	0	0	0	0	0	4538	0	3694	0	0	0	4224	0	0	0	0	0	0	0	0	0	0	0	0	0	0	0	0	0	0	0	0	0	0	0	0	0	0	0	
22868	Temporal_Pole_Mid_R	0	0	0	0	0	0	0	0	0	0	0	0	0	0	0	0	0	0	0	0	0	0	0	0	0	0	0	0	0	0	0	0	0	0	0	0	0	320	0	1084	0	414	0	0	0	0	0	0	0	0	0	0	0	0	0	2370	0	0	0	0	0	0	0	0	0	0	0	0	0	0	0	0	0	0	0	0	0	0	0	0	0	1512	0	1772	0	1920	0	0	0	2042	0	0	0	0	0	0	0	0	0	0	0	0	0	0	0	0	0	0	0	0	0	0	0	0	0	0	
258708	Temporal_Inf_L	646	0	124	0	0	0	0	0	0	0	0	0	0	0	0	0	680	0	108	0	0	0	0	0	0	0	0	0	4964	0	0	0	88	0	988	0	8154	0	1590	0	1262	0	1346	0	0	0	868	0	90	0	5998	0	2176	0	15544	0	358	0	128	0	2224	0	6334	0	2502	0	1682	0	0	0	0	0	982	0	0	0	0	0	3462	0	8788	0	8022	0	44052	0	4224	0	0	0	1480	0	0	0	0	0	128	0	300	0	0	0	62	0	0	0	0	0	0	0	0	0	0	0	0	0	
209576	Temporal_Inf_R	0	1412	0	324	0	0	0	0	0	0	0	0	0	0	0	0	0	316	0	270	0	0	0	0	0	0	0	0	0	3134	0	0	0	88	0	356	58	9750	0	4254	0	2436	0	3854	0	1540	0	3480	0	2424	0	2658	0	8736	0	18416	0	660	0	0	0	178	0	350	0	288	0	6192	0	370	0	132	0	1296	0	110	0	104	0	272	0	3024	0	3026	0	20712	0	2042	0	0	0	1282	0	252	0	0	0	164	0	440	0	148	0	240	0	0	0	0	0	0	0	0	0	0	0	0	
492928	Cerebelum_Crus1_L	0	0	0	0	0	0	0	0	0	0	0	0	0	0	0	0	0	0	0	0	0	0	0	0	0	0	0	0	0	0	0	0	0	0	0	0	0	0	0	0	0	0	370	0	0	0	3298	598	0	0	1154	0	2130	0	19170	0	0	0	0	0	0	0	0	0	0	0	0	0	0	0	0	0	0	0	0	0	0	0	0	0	0	0	0	0	0	0	0	0	1480	0	0	6196	30634	7122	1268	68	20982	322	56636	5692	14804	2464	22228	5646	8108	2138	256	120	150	162	2258	8840	15880	2916	3160	214	
437940	Cerebelum_Crus1_R	0	0	0	0	0	0	0	0	0	0	0	0	0	0	0	0	0	0	0	0	0	0	0	0	0	0	0	0	0	0	0	0	0	0	0	0	0	0	0	0	0	0	0	0	0	0	376	770	0	0	0	0	0	0	356	8132	0	0	0	0	0	0	0	0	0	0	0	0	0	0	0	0	0	0	0	0	0	0	0	0	0	0	0	0	0	0	0	0	0	1282	6196	0	1524	28694	78	3404	1258	14950	6076	55528	694	3670	720	21314	1056	7550	458	356	3342	3892	6008	15930	12724	5118	5648	1866	
334532	Cerebelum_Crus2_L	0	0	0	0	0	0	0	0	0	0	0	0	0	0	0	0	0	0	0	0	0	0	0	0	0	0	0	0	0	0	0	0	0	0	0	0	0	0	0	0	0	0	0	0	0	0	0	126	0	0	0	0	0	0	458	0	0	0	0	0	0	0	0	0	0	0	0	0	0	0	0	0	0	0	0	0	0	0	0	0	0	0	0	0	0	0	0	0	0	0	30634	1524	0	16282	0	0	682	0	4384	846	31088	9794	28648	7636	7084	1774	0	0	0	0	0	1296	17632	5708	1568	102	
341596	Cerebelum_Crus2_R	0	0	0	0	0	0	0	0	0	0	0	0	0	0	0	0	0	0	0	0	0	0	0	0	0	0	0	0	0	0	0	0	0	0	0	0	0	0	0	0	0	0	0	0	0	0	0	0	0	0	0	0	0	0	0	98	0	0	0	0	0	0	0	0	0	0	0	0	0	0	0	0	0	0	0	0	0	0	0	0	0	0	0	0	0	0	0	0	0	252	7122	28694	16282	0	0	0	0	324	384	5924	7728	23704	5186	36758	428	6658	0	290	70	80	0	520	21084	7466	1650	96	
40488	Cerebelum_3_L	0	0	0	0	0	0	0	0	0	0	0	0	0	0	0	0	0	0	0	0	0	0	0	0	0	0	0	0	0	0	0	0	0	0	0	0	92	0	292	0	0	0	84	0	0	0	580	58	0	0	0	0	0	0	546	0	0	0	0	0	0	0	0	0	0	0	0	0	0	0	0	0	0	0	0	0	0	0	0	0	0	0	0	0	0	0	0	0	0	0	1268	78	0	0	0	212	7592	126	3542	100	0	0	64	0	1412	0	102	0	932	1490	1408	192	0	0	0	74	
63552	Cerebelum_3_R	0	0	0	0	0	0	0	0	0	0	0	0	0	0	0	0	0	0	0	0	0	0	0	0	0	0	0	0	0	0	0	0	0	0	0	0	0	0	0	0	0	0	0	0	0	0	0	144	0	0	0	0	0	0	0	2108	0	0	0	0	0	0	0	0	0	0	0	0	0	0	0	0	0	0	0	0	0	0	0	0	0	0	0	0	0	0	0	0	0	0	68	3404	0	0	212	0	552	5746	294	7192	0	0	0	0	58	1304	0	0	1840	3032	1790	1422	112	148	1336	1014	
289616	Cerebelum_4_5_L	0	0	0	0	0	0	0	0	0	0	0	0	0	0	0	0	0	0	0	0	0	0	0	0	0	0	0	0	0	0	0	0	0	0	0	0	162	0	424	0	0	0	788	0	0	0	8862	730	0	0	410	0	688	0	18692	184	0	0	0	0	0	0	0	0	0	0	0	0	0	0	0	0	0	0	0	0	0	0	0	0	0	0	0	0	0	0	0	0	128	0	20982	1258	682	0	7592	552	0	2540	43976	2218	722	0	1810	0	6984	848	1586	0	1404	2070	12188	3876	76	72	632	1672	
212780	Cerebelum_4_5_R	0	0	0	0	0	0	0	0	0	0	0	0	0	0	0	0	0	0	0	0	0	0	0	0	0	0	0	0	0	0	0	0	0	0	0	0	0	1378	0	2070	0	144	0	148	0	0	70	4558	0	0	0	0	0	86	0	14344	0	0	0	0	0	0	0	0	0	0	0	62	0	0	0	0	0	0	0	0	0	0	0	0	0	0	0	0	0	0	0	0	0	164	322	14950	0	324	126	5746	2540	0	1924	30230	0	0	64	392	652	854	456	0	3574	3622	11982	3040	518	358	826	866	
480264	Cerebelum_6_L	0	0	0	0	0	0	0	0	0	0	0	0	0	0	0	0	0	0	0	0	0	0	0	0	0	0	0	0	0	0	0	0	0	0	0	0	0	0	128	0	0	0	644	0	0	0	10666	2648	0	0	508	0	1670	0	30038	334	0	0	0	0	0	0	0	0	0	0	0	0	0	0	0	0	0	0	0	0	0	0	0	0	0	0	0	0	0	0	0	0	300	0	56636	6076	4384	384	3542	294	43976	1924	0	7526	5130	0	9966	780	10740	1130	2528	0	648	988	10178	15044	5892	1734	2630	1066	
430772	Cerebelum_6_R	0	0	0	0	0	0	0	0	0	0	0	0	0	0	0	0	0	0	0	0	0	0	0	0	0	0	0	0	0	0	0	0	0	0	0	0	0	72	0	196	0	0	0	98	0	0	688	4730	0	0	0	0	0	0	504	17498	0	0	0	0	0	0	0	0	0	0	0	0	0	0	0	0	0	0	0	0	0	0	0	0	0	0	0	0	0	0	0	0	0	440	5692	55528	846	5924	100	7192	2218	30230	7526	0	330	324	272	6102	1332	5226	778	274	4640	5374	11122	18516	9458	4152	5688	2316	
278064	Cerebelum_7b_L	0	0	0	0	0	0	0	0	0	0	0	0	0	0	0	0	0	0	0	0	0	0	0	0	0	0	0	0	0	0	0	0	0	0	0	0	0	0	0	0	0	0	0	0	0	0	0	0	0	0	0	0	0	0	390	0	0	0	0	0	0	0	0	0	0	0	0	0	0	0	0	0	0	0	0	0	0	0	0	0	0	0	0	0	0	0	0	0	0	0	14804	694	31088	7728	0	0	722	0	5130	330	0	4864	35314	6374	7194	2094	280	108	0	0	66	608	10412	8424	2086	322	
179448	Cerebelum_7b_R	0	0	0	0	0	0	0	0	0	0	0	0	0	0	0	0	0	0	0	0	0	0	0	0	0	0	0	0	0	0	0	0	0	0	0	0	0	0	0	0	0	0	0	0	0	0	0	0	0	0	0	0	0	0	0	0	0	0	0	0	0	0	0	0	0	0	0	0	0	0	0	0	0	0	0	0	0	0	0	0	0	0	0	0	0	0	0	0	0	148	2464	3670	9794	23704	0	0	0	0	0	324	4864	0	2778	23112	96	5144	0	0	0	0	0	0	8632	4880	114	0	
346912	Cerebelum_8_L	0	0	0	0	0	0	0	0	0	0	0	0	0	0	0	0	0	0	0	0	0	0	0	0	0	0	0	0	0	0	0	0	0	0	0	0	0	0	0	0	0	0	0	0	0	0	0	0	0	0	0	0	0	0	1102	0	0	0	0	0	0	0	0	0	0	0	0	0	0	0	0	0	0	0	0	0	0	0	0	0	0	0	0	0	0	0	0	0	62	0	22228	720	28648	5186	64	0	1810	64	9966	272	35314	2778	0	6960	24360	4152	816	144	58	0	352	726	10202	11750	4920	802	
332628	Cerebelum_8_R	0	0	0	0	0	0	0	0	0	0	0	0	0	0	0	0	0	0	0	0	0	0	0	0	0	0	0	0	0	0	0	0	0	0	0	0	0	0	0	0	0	0	0	0	0	0	0	0	0	0	0	0	0	0	0	118	0	0	0	0	0	0	0	0	0	0	0	0	0	0	0	0	0	0	0	0	0	0	0	0	0	0	0	0	0	0	0	0	0	240	5646	21314	7636	36758	0	0	0	392	780	6102	6374	23112	6960	0	1292	21206	0	482	80	68	0	150	14670	8984	3470	480	
199192	Cerebelum_9_L	0	0	0	0	0	0	0	0	0	0	0	0	0	0	0	0	0	0	0	0	0	0	0	0	0	0	0	0	0	0	0	0	0	0	0	0	0	0	0	0	0	0	408	0	0	0	940	564	0	0	0	0	0	0	420	242	0	0	0	0	0	0	0	0	0	0	0	0	0	0	0	0	0	0	0	0	0	0	0	0	0	0	0	0	0	0	0	0	0	0	8108	1056	7084	428	1412	58	6984	652	10740	1332	7194	96	24360	1292	0	2118	4800	0	180	68	4938	4234	2398	2702	3330	1458	
212704	Cerebelum_9_R	0	0	0	0	0	0	0	0	0	0	0	0	0	0	0	0	0	0	0	0	0	0	0	0	0	0	0	0	0	0	0	0	0	0	0	0	0	0	0	0	0	0	120	0	0	0	0	394	0	0	0	0	0	0	0	528	0	0	0	0	0	0	0	0	0	0	0	0	0	0	0	0	0	0	0	0	0	0	0	0	0	0	0	0	0	0	0	0	0	0	2138	7550	1774	6658	0	1304	848	854	1130	5226	2094	5144	4152	21206	2118	0	160	1386	1260	1068	3064	6414	6160	7186	11440	4976	
34132	Cerebelum_10_L	0	0	0	0	0	0	0	0	0	0	0	0	0	0	0	0	0	0	0	0	0	0	0	0	0	0	0	0	0	0	0	0	0	0	0	0	0	0	0	0	0	0	102	0	0	0	0	390	0	0	0	0	0	0	0	202	0	0	0	0	0	0	0	0	0	0	0	0	0	0	0	0	0	0	0	0	0	0	0	0	0	0	0	0	0	0	0	0	0	0	256	458	0	0	102	0	1586	456	2528	778	280	0	816	0	4800	160	0	0	58	0	1606	2070	0	0	240	178	
9312	Cerebelum_10_R	0	0	0	0	0	0	0	0	0	0	0	0	0	0	0	0	0	0	0	0	0	0	0	0	0	0	0	0	0	0	0	0	0	0	0	0	0	0	0	0	0	0	0	0	0	0	0	0	0	0	0	0	0	0	0	0	0	0	0	0	0	0	0	0	0	0	0	0	0	0	0	0	0	0	0	0	0	0	0	0	0	0	0	0	0	0	0	0	0	0	120	356	0	290	0	0	0	0	0	274	108	0	144	482	0	1386	0	0	0	0	0	92	526	428	450	0	
69308	Vermis_1_2	0	0	0	0	0	0	0	0	0	0	0	0	0	0	0	0	0	0	0	0	0	0	0	0	0	0	0	0	0	0	0	0	0	0	0	0	0	0	0	0	0	0	0	0	0	0	82	382	0	0	0	0	0	0	0	806	0	0	0	0	0	0	0	0	0	0	0	0	0	0	0	0	0	0	0	0	0	0	0	0	0	0	0	0	0	0	0	0	0	0	150	3342	0	70	932	1840	1404	3574	648	4640	0	0	58	80	180	1260	58	0	0	5928	3878	2658	236	236	1078	1134	
75076	Vermis_3	0	0	0	0	0	0	0	0	0	0	0	0	0	0	0	0	0	0	0	0	0	0	0	0	0	0	0	0	0	0	0	0	0	0	0	0	210	0	344	0	0	0	0	0	0	0	148	236	0	0	0	0	0	0	0	636	0	0	0	0	0	0	0	0	0	0	0	0	0	0	0	0	0	0	0	0	0	0	0	0	0	0	0	0	0	0	0	0	0	0	162	3892	0	80	1490	3032	2070	3622	988	5374	0	0	0	68	68	1068	0	0	5928	0	4342	1430	234	230	962	924	
208328	Vermis_4_5	0	0	0	0	0	0	0	0	0	0	0	0	0	0	0	0	0	0	0	0	0	0	0	0	0	0	0	0	0	0	0	0	0	0	0	128	0	104	0	0	0	0	1038	140	0	0	2014	4084	0	0	0	0	76	0	1348	3484	0	0	0	0	0	0	0	0	0	0	0	338	0	0	0	0	0	0	0	0	0	0	0	0	0	0	0	0	0	0	0	0	0	0	2258	6008	0	0	1408	1790	12188	11982	10178	11122	66	0	352	0	4938	3064	1606	0	3878	4342	0	9678	62	64	2276	4150	
256668	Vermis_6	0	0	0	0	0	0	0	0	0	0	0	0	0	0	0	0	0	0	0	0	0	0	0	0	0	0	0	0	0	0	0	0	0	0	0	0	0	0	0	0	0	0	402	0	0	0	3030	4106	0	0	0	0	318	0	2038	1542	0	0	0	0	0	0	0	0	0	0	0	0	0	0	0	0	0	0	0	0	0	0	0	0	0	0	0	0	0	0	0	0	0	0	8840	15930	1296	520	192	1422	3876	3040	15044	18516	608	0	726	150	4234	6414	2070	92	2658	1430	9678	0	5552	2764	6536	5310	
336352	Vermis_7	0	0	0	0	0	0	0	0	0	0	0	0	0	0	0	0	0	0	0	0	0	0	0	0	0	0	0	0	0	0	0	0	0	0	0	0	0	0	0	0	0	0	0	0	0	0	1446	338	0	0	78	0	562	0	1132	164	0	0	0	0	0	0	0	0	0	0	0	0	0	0	0	0	0	0	0	0	0	0	0	0	0	0	0	0	0	0	0	0	0	0	15880	12724	17632	21084	0	112	76	518	5892	9458	10412	8632	10202	14670	2398	6160	0	526	236	234	62	5552	0	14146	7086	764	
199624	Vermis_8	0	0	0	0	0	0	0	0	0	0	0	0	0	0	0	0	0	0	0	0	0	0	0	0	0	0	0	0	0	0	0	0	0	0	0	0	0	0	0	0	0	0	0	0	0	0	0	0	0	0	0	0	0	0	0	122	0	0	0	0	0	0	0	0	0	0	0	0	0	0	0	0	0	0	0	0	0	0	0	0	0	0	0	0	0	0	0	0	0	0	2916	5118	5708	7466	0	148	72	358	1734	4152	8424	4880	11750	8984	2702	7186	0	428	236	230	64	2764	14146	0	8934	1290	
