data	data	581904	325560	658920	449488	103104	98744	372672	233364	54768	29360	283496	146980	251968	88020	137024	55108	282064	90868	661700	774856	50424	71628	263248	256236	29092	83448	23728	53220	541616	193584	198664	342984	150420	368560	224500	299872	313788	432856	102076	308860	43664	47284	372972	439208	232992	436664	335988	412176	297912	380616	567300	364444	287904	114080	475396	604984	267380	210800	219748	161080	258272	171068	125500	72504	194628	134272	368164	495920	356576	425672	178252	307140	242436	284120	36428	21552	200140	314868	70908	24408	195800	102112	101024	39120	330548	303908	18508	14896	315556	288556	546372	442472	382744	328684	68068	112676	431536	337288	746420	594388	327060	187136	455856	384672	213228	327956	17356	29120	55576	138880	423948	499152	342884	273020	269372	22236	
data	data	Precentral_L	Precentral_R	Frontal_Sup_L	Frontal_Sup_R	Frontal_Sup_Orb_L	Frontal_Sup_Orb_R	Frontal_Mid_L	Frontal_Mid_R	Frontal_Mid_Orb_L	Frontal_Mid_Orb_R	Frontal_Inf_Oper_L	Frontal_Inf_Oper_R	Frontal_Inf_Tri_L	Frontal_Inf_Tri_R	Frontal_Inf_Orb_L	Frontal_Inf_Orb_R	Rolandic_Oper_L	Rolandic_Oper_R	Supp_Motor_Area_L	Supp_Motor_Area_R	Olfactory_L	Olfactory_R	Frontal_Sup_Medial_L	Frontal_Sup_Medial_R	Frontal_Med_Orb_L	Frontal_Med_Orb_R	Rectus_L	Rectus_R	Insula_L	Insula_R	Cingulum_Ant_L	Cingulum_Ant_R	Cingulum_Mid_L	Cingulum_Mid_R	Cingulum_Post_L	Cingulum_Post_R	Hippocampus_L	Hippocampus_R	ParaHippocampal_L	ParaHippocampal_R	Amygdala_L	Amygdala_R	Calcarine_L	Calcarine_R	Cuneus_L	Cuneus_R	Lingual_L	Lingual_R	Occipital_Sup_L	Occipital_Sup_R	Occipital_Mid_L	Occipital_Mid_R	Occipital_Inf_L	Occipital_Inf_R	Fusiform_L	Fusiform_R	Postcentral_L	Postcentral_R	Parietal_Sup_L	Parietal_Sup_R	Parietal_Inf_L	Parietal_Inf_R	SupraMarginal_L	SupraMarginal_R	Angular_L	Angular_R	Precuneus_L	Precuneus_R	Paracentral_Lobule_L	Paracentral_Lobule_R	Caudate_L	Caudate_R	Putamen_L	Putamen_R	Pallidum_L	Pallidum_R	Thalamus_L	Thalamus_R	Heschl_L	Heschl_R	Temporal_Sup_L	Temporal_Sup_R	Temporal_Pole_Sup_L	Temporal_Pole_Sup_R	Temporal_Mid_L	Temporal_Mid_R	Temporal_Pole_Mid_L	Temporal_Pole_Mid_R	Temporal_Inf_L	Temporal_Inf_R	Cerebelum_Crus1_L	Cerebelum_Crus1_R	Cerebelum_Crus2_L	Cerebelum_Crus2_R	Cerebelum_3_L	Cerebelum_3_R	Cerebelum_4_5_L	Cerebelum_4_5_R	Cerebelum_6_L	Cerebelum_6_R	Cerebelum_7b_L	Cerebelum_7b_R	Cerebelum_8_L	Cerebelum_8_R	Cerebelum_9_L	Cerebelum_9_R	Cerebelum_10_L	Cerebelum_10_R	Vermis_1_2	Vermis_3	Vermis_4_5	Vermis_6	Vermis_7	Vermis_8	Vermis_9	Vermis_10	
581904	Precentral_L	0	2626	24486	1336	96	0	13118	1360	0	0	16104	0	2016	0	296	0	17198	0	24274	5960	0	0	330	0	0	0	0	0	16594	220	1890	424	236	396	6046	5832	11890	5540	480	4098	0	0	104	0	0	0	102	200	316	0	842	0	168	0	654	3712	26952	450	286	0	2994	0	1198	0	0	0	614	354	28120	5564	4326	2554	10018	116	1704	0	22992	5082	2562	80	3024	96	828	0	924	0	0	0	914	0	0	0	0	0	0	0	0	0	0	0	0	0	0	0	0	0	0	0	0	0	256	0	0	0	0	0	
325560	Precentral_R	2626	0	1210	12202	0	0	0	19126	0	82	0	5808	0	414	0	438	0	2202	3566	20892	0	0	0	756	0	0	0	0	0	2490	104	3168	204	244	678	1094	490	8656	0	2026	0	136	0	0	0	176	0	0	0	138	0	0	0	0	0	1756	480	8128	0	124	0	754	0	1682	0	0	0	290	2544	21632	664	5724	0	3460	0	482	1288	21766	0	0	0	344	0	0	0	1140	0	0	0	1596	0	0	0	0	0	0	0	0	0	0	0	0	0	0	0	0	0	0	0	0	0	0	0	0	0	0	
658920	Frontal_Sup_L	24486	1210	0	1216	7760	0	50308	990	2068	0	16930	138	21230	92	6562	0	10186	0	66984	3038	392	0	35160	522	2884	0	318	0	34544	128	16456	2400	3332	298	0	0	414	0	0	0	0	0	0	0	0	0	0	0	0	0	0	0	0	0	0	0	2532	0	0	0	90	0	0	0	0	0	0	0	2206	266	2862	1268	6442	0	0	0	292	0	504	0	1226	0	1642	0	84	0	0	0	0	0	0	0	0	0	0	0	0	0	0	0	0	0	0	0	0	0	0	0	0	0	0	0	0	0	0	0	
449488	Frontal_Sup_R	1336	12202	1216	0	0	5678	110	32988	0	962	0	2876	0	2856	0	1744	0	1566	8714	37686	0	0	8830	30600	0	3774	0	670	0	2006	1354	26636	808	16108	0	0	0	740	0	286	0	0	0	0	0	0	0	0	0	0	0	0	0	0	0	0	162	334	0	0	0	0	0	0	0	0	0	0	622	136	606	8862	0	10218	0	1068	0	918	0	0	0	0	0	0	0	0	0	0	0	72	0	0	0	0	0	0	0	0	0	0	0	0	0	0	0	0	0	0	0	0	0	0	0	0	0	0	
103104	Frontal_Sup_Orb_L	96	0	7760	0	0	0	324	0	7370	0	0	0	470	0	8680	0	0	0	924	0	1754	0	4264	0	3922	0	3100	0	5516	0	2078	0	0	0	0	0	0	0	0	0	0	0	0	0	0	0	0	0	0	0	0	0	0	0	0	0	0	0	0	0	0	0	0	0	0	0	0	0	0	0	642	0	4452	0	0	0	0	0	0	0	0	0	200	0	0	0	0	0	0	0	0	0	0	0	0	0	0	0	0	0	0	0	0	0	0	0	0	0	0	0	0	0	0	0	0	0	
98744	Frontal_Sup_Orb_R	0	0	0	5678	0	0	0	208	0	3426	0	0	0	0	0	2368	0	0	0	126	586	1132	250	5880	0	7678	92	6160	0	906	316	2664	0	0	0	0	0	0	0	0	0	0	0	0	0	0	0	0	0	0	0	0	0	0	0	0	0	0	0	0	0	0	0	0	0	0	0	0	0	0	670	4020	238	6974	0	0	0	0	0	0	0	0	0	0	0	0	0	0	0	0	0	0	0	0	0	0	0	0	0	0	0	0	0	0	0	0	0	0	0	0	0	0	0	0	0	0	
372672	Frontal_Mid_L	13118	0	50308	110	324	0	0	0	2172	0	20630	0	32254	0	6730	0	4358	0	15194	334	100	0	11930	104	0	0	0	0	16448	0	4604	374	670	100	0	0	140	0	0	0	0	0	0	0	0	0	0	0	0	0	0	0	0	0	0	0	862	0	0	0	76	0	0	0	0	0	0	0	600	180	1184	560	754	0	350	0	180	0	0	0	446	0	1142	0	0	0	0	0	0	0	0	0	0	0	0	0	0	0	0	0	0	0	0	0	0	0	0	0	0	0	0	0	0	0	0	0	
233364	Frontal_Mid_R	1360	19126	990	32988	0	208	0	0	0	1276	0	8770	0	11440	0	5450	0	1256	3074	10914	0	0	70	3274	0	0	0	0	0	3634	68	3906	0	614	0	0	0	1322	0	448	0	0	0	0	0	0	0	0	0	0	0	0	0	0	0	114	174	274	0	0	0	0	0	0	0	0	0	0	98	190	516	688	0	3268	0	402	0	660	0	0	0	0	0	0	0	0	0	0	0	110	0	0	0	0	0	0	0	0	0	0	0	0	0	0	0	0	0	0	0	0	0	0	0	0	0	0	
54768	Frontal_Mid_Orb_L	0	0	2068	0	7370	0	2172	0	0	0	0	0	1142	0	7882	0	0	0	196	0	384	0	0	0	164	0	1552	0	1764	0	144	0	0	0	0	0	0	0	0	0	0	0	0	0	0	0	0	0	0	0	0	0	0	0	0	0	0	0	0	0	0	0	0	0	0	0	0	0	0	0	298	0	2160	0	0	0	0	0	0	0	0	0	88	0	0	0	0	0	0	0	0	0	0	0	0	0	0	0	0	0	0	0	0	0	0	0	0	0	0	0	0	0	0	0	0	0	
29360	Frontal_Mid_Orb_R	0	82	0	962	0	3426	0	1276	0	0	0	0	0	136	0	4010	0	0	0	0	0	70	0	602	0	1252	0	1170	0	182	0	442	0	0	0	0	0	0	0	0	0	0	0	0	0	0	0	0	0	0	0	0	0	0	0	0	0	0	0	0	0	0	0	0	0	0	0	0	0	0	0	358	0	712	0	0	0	0	0	0	0	0	0	0	0	0	0	0	0	0	0	0	0	0	0	0	0	0	0	0	0	0	0	0	0	0	0	0	0	0	0	0	0	0	0	0	
283496	Frontal_Inf_Oper_L	16104	0	16930	0	0	0	20630	0	0	0	0	0	17152	0	1136	0	19500	0	17392	0	0	0	1458	0	0	0	0	0	17008	0	1504	0	0	0	0	0	0	0	0	0	0	0	0	0	0	0	0	0	0	0	0	0	0	0	0	0	3906	0	0	0	102	0	0	0	0	0	0	0	468	0	1206	0	76	0	0	0	0	0	558	0	908	0	5710	0	0	0	0	0	0	0	0	0	0	0	0	0	0	0	0	0	0	0	0	0	0	0	0	0	0	0	0	0	0	0	0	0	
146980	Frontal_Inf_Oper_R	0	5808	138	2876	0	0	0	8770	0	0	0	0	0	10414	0	412	0	4074	4704	6842	0	0	0	198	0	0	0	0	0	14336	0	1016	0	160	0	0	0	2742	0	932	0	0	0	0	0	0	0	0	0	0	0	0	0	0	0	254	0	670	0	0	0	0	0	0	0	0	0	0	0	190	0	720	0	7118	0	310	0	242	0	0	0	136	0	240	0	0	0	0	0	188	0	0	0	0	0	0	0	0	0	0	0	0	0	0	0	0	0	0	0	0	0	0	0	0	0	0	
251968	Frontal_Inf_Tri_L	2016	0	21230	0	470	0	32254	0	1142	0	17152	0	0	0	12884	0	2266	0	8500	0	136	0	3106	0	0	0	0	0	21764	0	648	0	204	0	0	0	0	0	0	0	0	0	0	0	0	0	0	0	0	0	0	0	0	0	0	0	0	0	0	0	0	0	0	0	0	0	0	0	0	0	1008	0	224	0	0	0	74	0	0	0	0	0	906	0	0	0	0	0	0	0	0	0	0	0	0	0	0	0	0	0	0	0	0	0	0	0	0	0	0	0	0	0	0	0	0	0	
88020	Frontal_Inf_Tri_R	0	414	92	2856	0	0	0	11440	0	136	0	10414	0	0	0	4366	0	0	2034	2332	0	0	0	518	0	0	0	0	0	6216	0	442	0	246	0	0	0	384	0	114	0	0	0	0	0	0	0	0	0	0	0	0	0	0	0	0	0	0	0	0	0	0	0	0	0	0	0	0	0	0	0	780	0	1226	0	0	0	0	0	0	0	0	0	0	0	0	0	0	0	0	0	0	0	0	0	0	0	0	0	0	0	0	0	0	0	0	0	0	0	0	0	0	0	0	0	0	
137024	Frontal_Inf_Orb_L	296	0	6562	0	8680	0	6730	0	7882	0	1136	0	12884	0	0	0	68	0	844	0	1208	0	250	0	0	0	654	0	12638	0	204	0	0	0	0	0	160	0	0	0	116	0	0	0	0	0	0	0	0	0	0	0	0	0	0	0	0	0	0	0	0	0	0	0	0	0	0	0	0	0	676	0	6090	0	0	0	0	0	0	0	0	0	1434	0	0	0	0	0	0	0	0	0	0	0	0	0	0	0	0	0	0	0	0	0	0	0	0	0	0	0	0	0	0	0	0	0	
55108	Frontal_Inf_Orb_R	0	438	0	1744	0	2368	0	5450	0	4010	0	412	0	4366	0	0	0	0	260	672	0	794	0	630	0	0	0	696	0	4172	0	504	0	102	0	0	0	0	0	0	0	0	0	0	0	0	0	0	0	0	0	0	0	0	0	0	0	0	0	0	0	0	0	0	0	0	0	0	0	0	0	0	0	936	0	0	0	0	0	0	0	0	0	0	0	0	0	0	0	0	0	0	0	0	0	0	0	0	0	0	0	0	0	0	0	0	0	0	0	0	0	0	0	0	0	0	
282064	Rolandic_Oper_L	17198	0	10186	0	0	0	4358	0	0	0	19500	0	2266	0	68	0	0	0	14182	0	0	0	124	0	0	0	0	0	24202	0	182	0	0	0	300	96	658	90	0	72	0	0	184	0	68	0	0	0	0	0	826	0	490	0	292	68	8186	0	0	0	274	0	5998	0	0	0	224	0	1414	0	1050	0	158	0	0	0	206	0	4266	0	10986	0	5448	0	4480	0	0	0	2932	0	0	0	0	0	0	0	0	0	0	0	0	0	0	0	0	0	0	0	0	0	0	0	0	0	0	0	
90868	Rolandic_Oper_R	0	2202	0	1566	0	0	0	1256	0	0	0	4074	0	0	0	0	0	0	1044	7054	0	0	0	0	0	0	0	0	0	10230	0	0	0	0	90	126	88	1106	0	276	0	0	0	0	0	70	0	0	0	0	0	0	0	0	0	274	0	2746	0	74	0	156	0	2686	0	0	0	96	0	244	0	80	0	1962	0	108	0	330	0	2014	0	3046	0	720	0	764	0	0	0	952	0	0	0	0	0	0	0	0	0	0	0	0	0	0	0	0	0	0	0	0	0	0	0	0	0	0	
661700	Supp_Motor_Area_L	24274	3566	66984	8714	924	0	15194	3074	196	0	17392	4704	8500	2034	844	260	14182	1044	0	34118	0	0	8132	3856	0	0	0	0	26376	3552	9478	7908	8238	11332	564	116	1420	182	70	92	0	0	0	0	0	0	0	0	0	0	0	0	0	0	250	0	2080	446	0	0	0	0	0	0	0	0	130	0	15988	1442	5550	3186	9038	376	0	0	110	0	570	0	1268	0	2928	78	90	0	0	0	0	0	0	0	0	0	0	0	0	0	0	0	0	0	0	0	0	0	0	0	0	0	0	0	0	0	0	0	
774856	Supp_Motor_Area_R	5960	20892	3038	37686	0	126	334	10914	0	0	0	6842	0	2332	0	672	0	7054	34118	0	0	0	1784	8516	0	0	0	0	96	7672	1128	16190	10168	37848	1170	1762	174	2606	0	920	0	136	0	786	0	3738	0	92	0	3598	0	2696	0	0	0	838	2480	7214	0	186	0	494	0	70	0	208	386	4838	22384	56652	736	21012	328	11530	0	2960	582	18396	0	386	0	1038	0	266	0	2082	0	0	0	1314	0	0	0	0	0	0	0	0	0	0	0	0	0	0	0	0	0	0	0	0	0	0	0	0	0	0	
50424	Olfactory_L	0	0	392	0	1754	586	100	0	384	0	0	0	136	0	1208	0	0	0	0	0	0	3456	0	0	0	134	692	1432	2516	0	1924	1760	0	0	0	0	238	0	96	0	206	0	0	0	0	0	0	0	0	0	0	0	0	0	0	0	0	0	0	0	0	0	0	0	0	0	0	0	0	0	3722	1542	1904	754	0	0	0	0	0	0	0	0	276	0	0	0	0	0	0	0	0	0	0	0	0	0	0	0	0	0	0	0	0	0	0	0	0	0	0	0	0	0	0	0	0	0	
71628	Olfactory_R	0	0	0	0	0	1132	0	0	0	70	0	0	0	0	0	794	0	0	0	0	3456	0	0	0	0	676	504	2426	0	1192	2092	2698	0	0	0	0	0	0	0	0	0	244	0	0	0	0	0	0	0	0	0	0	0	0	0	0	0	0	0	0	0	0	0	0	0	0	0	0	0	0	7178	5628	4308	2432	798	186	0	0	0	0	0	0	0	0	0	0	0	0	0	0	0	0	0	0	0	0	0	0	0	0	0	0	0	0	0	0	0	0	0	0	0	0	0	0	0	0	
263248	Frontal_Sup_Medial_L	330	0	35160	8830	4264	250	11930	70	0	0	1458	0	3106	0	250	0	124	0	8132	1784	0	0	0	12994	4152	302	264	0	4462	0	12952	7958	2812	6286	0	0	0	0	0	0	0	0	0	0	0	0	0	0	0	0	0	0	0	0	0	0	0	0	0	0	0	0	0	0	0	0	0	0	0	0	732	160	2862	0	0	0	0	0	0	0	0	0	0	0	0	0	0	0	0	0	0	0	0	0	0	0	0	0	0	0	0	0	0	0	0	0	0	0	0	0	0	0	0	0	0	0	
256236	Frontal_Sup_Medial_R	0	756	522	30600	0	5880	104	3274	0	602	0	198	0	518	0	630	0	0	3856	8516	0	0	12994	0	92	6838	0	546	72	422	1686	23466	198	10410	0	0	0	0	0	0	0	0	0	0	0	0	0	0	0	0	0	0	0	0	0	0	0	0	0	0	0	0	0	0	0	0	0	0	0	0	0	8184	0	7582	0	0	0	172	0	0	0	0	0	0	0	0	0	0	0	0	0	0	0	0	0	0	0	0	0	0	0	0	0	0	0	0	0	0	0	0	0	0	0	0	0	0	
29092	Frontal_Med_Orb_L	0	0	2884	0	3922	0	0	0	164	0	0	0	0	0	0	0	0	0	0	0	0	0	4152	92	0	156	444	0	0	0	2476	112	0	0	0	0	0	0	0	0	0	0	0	0	0	0	0	0	0	0	0	0	0	0	0	0	0	0	0	0	0	0	0	0	0	0	0	0	0	0	144	0	0	0	0	0	0	0	0	0	0	0	0	0	0	0	0	0	0	0	0	0	0	0	0	0	0	0	0	0	0	0	0	0	0	0	0	0	0	0	0	0	0	0	0	0	
83448	Frontal_Med_Orb_R	0	0	0	3774	0	7678	0	0	0	1252	0	0	0	0	0	0	0	0	0	0	134	676	302	6838	156	0	0	3870	0	0	524	5870	0	0	0	0	0	0	0	0	0	0	0	0	0	0	0	0	0	0	0	0	0	0	0	0	0	0	0	0	0	0	0	0	0	0	0	0	0	0	180	5382	98	4990	0	0	0	0	0	0	0	0	0	0	0	0	0	0	0	0	0	0	0	0	0	0	0	0	0	0	0	0	0	0	0	0	0	0	0	0	0	0	0	0	0	0	
23728	Rectus_L	0	0	318	0	3100	92	0	0	1552	0	0	0	0	0	654	0	0	0	0	0	692	504	264	0	444	0	0	330	134	0	1606	494	0	0	0	0	0	0	0	0	0	0	0	0	0	0	0	0	0	0	0	0	0	0	0	0	0	0	0	0	0	0	0	0	0	0	0	0	0	0	788	180	598	114	0	0	0	0	0	0	0	0	0	0	0	0	0	0	0	0	0	0	0	0	0	0	0	0	0	0	0	0	0	0	0	0	0	0	0	0	0	0	0	0	0	0	
53220	Rectus_R	0	0	0	670	0	6160	0	0	0	1170	0	0	0	0	0	696	0	0	0	0	1432	2426	0	546	0	3870	330	0	0	612	730	1676	0	0	0	0	0	0	0	0	0	0	0	0	0	0	0	0	0	0	0	0	0	0	0	0	0	0	0	0	0	0	0	0	0	0	0	0	0	0	1414	1962	642	2274	0	0	0	0	0	0	0	0	0	0	0	0	0	0	0	0	0	0	0	0	0	0	0	0	0	0	0	0	0	0	0	0	0	0	0	0	0	0	0	0	0	0	
541616	Insula_L	16594	0	34544	0	5516	0	16448	0	1764	0	17008	0	21764	0	12638	0	24202	0	26376	96	2516	0	4462	72	0	0	134	0	0	0	2554	190	414	0	518	312	8442	304	714	234	1906	0	240	0	0	0	0	0	458	0	1600	0	472	0	2562	206	3976	0	470	0	968	0	4460	0	80	0	478	0	3218	0	3944	240	13710	0	0	0	808	144	6366	0	9476	0	8228	0	4232	0	0	0	4750	0	0	0	0	0	0	0	0	0	0	0	0	0	0	0	0	0	0	0	0	0	0	0	0	0	0	0	
193584	Insula_R	220	2490	128	2006	0	906	0	3634	0	182	0	14336	0	6216	0	4172	0	10230	3552	7672	0	1192	0	422	0	0	0	612	0	0	0	270	0	0	280	326	288	5060	0	2570	0	816	0	0	0	0	0	0	0	0	0	0	0	0	0	2110	0	580	0	0	0	260	0	0	0	0	0	102	0	454	0	654	0	13888	0	0	0	1392	0	2984	0	3514	0	598	0	1018	0	0	0	1490	0	70	0	0	0	0	0	98	0	0	0	0	0	0	0	0	0	0	0	0	0	0	0	0	0	0	
198664	Cingulum_Ant_L	1890	104	16456	1354	2078	316	4604	68	144	0	1504	0	648	0	204	0	182	0	9478	1128	1924	2092	12952	1686	2476	524	1606	730	2554	0	0	8688	3738	1626	0	0	0	0	0	0	0	0	0	0	0	0	0	0	0	0	0	0	0	0	0	0	0	0	0	0	0	0	0	0	0	0	0	0	300	0	6148	2584	8146	1138	0	0	174	0	0	0	0	0	88	0	0	0	0	0	0	0	0	0	0	0	0	0	0	0	0	0	0	0	0	0	0	0	0	0	0	0	0	0	0	0	0	0	
342984	Cingulum_Ant_R	424	3168	2400	26636	0	2664	374	3906	0	442	0	1016	0	442	0	504	0	0	7908	16190	1760	2698	7958	23466	112	5870	494	1676	190	270	8688	0	2070	17148	0	0	0	0	0	0	0	0	0	0	0	0	0	0	0	0	0	0	0	0	0	0	0	0	0	0	0	0	0	0	0	0	0	0	132	0	2766	19754	1638	8360	0	0	0	368	0	0	0	0	0	0	0	0	0	0	0	0	0	0	0	0	0	0	0	0	0	0	0	0	0	0	0	0	0	0	0	0	0	0	0	0	0	0	
150420	Cingulum_Mid_L	236	204	3332	808	0	0	670	0	0	0	0	0	204	0	0	0	0	0	8238	10168	0	0	2812	198	0	0	0	0	414	0	3738	2070	0	11586	4584	578	0	0	0	0	0	0	380	158	782	800	0	0	1176	786	1692	588	418	0	0	0	594	1604	1136	0	84	84	0	0	94	0	4338	1488	4774	3596	110	0	168	0	0	0	0	0	0	0	0	0	0	0	92	254	0	0	0	174	0	0	0	0	0	0	0	0	0	0	0	0	0	0	0	0	0	0	0	0	0	0	0	0	0	0	
368560	Cingulum_Mid_R	396	244	298	16108	0	0	100	614	0	0	0	160	0	246	0	102	0	0	11332	37848	0	0	6286	10410	0	0	0	0	0	0	1626	17148	11586	0	1500	3984	0	0	0	0	0	0	112	1878	0	6340	0	184	0	5942	0	4294	0	0	0	102	94	3800	0	406	0	502	0	86	0	284	1082	10316	8834	15956	132	108	70	0	0	0	0	0	0	0	0	0	0	0	0	2386	0	0	0	1384	0	0	0	0	0	0	0	0	0	0	0	0	0	0	0	0	0	0	0	0	0	0	0	0	0	0	
224500	Cingulum_Post_L	6046	678	0	0	0	0	0	0	0	0	0	0	0	0	0	0	300	90	564	1170	0	0	0	0	0	0	0	0	518	280	0	0	4584	1500	0	14002	9932	7182	2758	5074	0	0	6910	0	1024	0	2880	538	640	0	1640	0	1008	0	1592	4282	3744	1102	358	0	110	0	358	0	0	0	10330	2188	5126	1514	0	0	90	90	78	0	2198	2324	1122	84	786	86	0	0	1504	0	0	0	2264	0	0	0	0	0	0	0	0	118	0	0	0	0	0	0	0	0	0	0	0	0	1484	0	0	0	0	0	
299872	Cingulum_Post_R	5832	1094	0	0	0	0	0	0	0	0	0	0	0	0	0	0	96	126	116	1762	0	0	0	0	0	0	0	0	312	326	0	0	578	3984	14002	0	9170	13418	1436	10098	0	0	2526	5110	128	5246	572	5220	74	1542	174	862	0	0	884	10586	848	3444	0	1370	0	824	210	0	0	152	1956	17564	2104	3578	0	0	0	92	0	0	5686	5840	1094	106	726	154	0	0	520	2102	0	0	790	3036	0	0	0	0	0	0	0	622	0	0	0	0	0	0	0	0	0	0	0	0	1844	0	0	0	0	0	
313788	Hippocampus_L	11890	490	414	0	0	0	140	0	0	0	0	0	0	0	160	0	658	88	1420	174	238	0	0	0	0	0	0	0	8442	288	0	0	0	0	9932	9170	0	7686	14432	5894	8994	0	2660	0	0	0	5436	838	208	0	704	0	524	0	13502	4774	2112	0	132	0	218	0	282	0	0	0	4294	1150	3058	168	0	0	6584	92	734	0	8792	3444	2582	86	2158	116	1438	0	1862	0	148	0	6510	0	70	0	0	0	92	0	116	146	0	0	0	0	0	0	0	0	0	0	0	98	1256	0	0	0	0	0	
432856	Hippocampus_R	5540	8656	0	740	0	0	0	1322	0	0	0	2742	0	384	0	0	90	1106	182	2606	0	0	0	0	0	0	0	0	304	5060	0	0	0	0	7182	13418	7686	0	1172	38780	0	8360	214	1328	0	264	244	4010	0	0	148	0	0	0	634	35584	840	1148	0	104	0	72	162	488	0	0	154	5122	2180	2528	0	234	84	11542	0	722	6260	14420	946	1046	640	1844	0	1018	496	3920	0	156	766	7638	0	216	0	0	0	116	134	2978	0	292	0	0	0	0	0	0	0	128	0	0	278	0	0	0	0	0	
102076	ParaHippocampal_L	480	0	0	0	0	0	0	0	0	0	0	0	0	0	0	0	0	0	70	0	96	0	0	0	0	0	0	0	714	0	0	0	0	0	2758	1436	14432	1172	0	810	2972	0	1732	0	72	0	5922	580	102	0	444	0	650	0	6624	402	140	0	0	0	0	0	0	0	0	0	2976	482	178	0	0	0	640	0	0	0	1144	198	0	0	206	0	226	0	0	0	194	0	960	0	0	0	0	0	242	90	608	74	0	0	0	0	0	0	0	0	0	0	182	378	652	0	0	0	0	0	
308860	ParaHippocampal_R	4098	2026	0	286	0	0	0	448	0	0	0	932	0	114	0	0	72	276	92	920	0	0	0	0	0	0	0	0	234	2570	0	0	0	0	5074	10098	5894	38780	810	0	0	4572	116	720	0	146	222	4544	0	0	0	0	0	142	598	30336	648	506	0	0	0	0	128	0	0	0	116	3500	1438	816	0	0	0	5656	0	406	5628	8736	904	284	592	586	0	528	444	1042	0	178	708	2610	0	290	0	0	0	188	0	3526	0	456	0	0	0	0	0	0	0	150	0	0	246	0	0	0	0	0	
43664	Amygdala_L	0	0	0	0	0	0	0	0	0	0	0	0	0	0	116	0	0	0	0	0	206	0	0	0	0	0	0	0	1906	0	0	0	0	0	0	0	8994	0	2972	0	0	0	0	0	0	0	0	0	0	0	0	0	0	0	4020	0	0	0	0	0	0	0	0	0	0	0	0	0	0	0	0	0	110	0	0	0	0	0	0	0	0	0	1466	0	298	0	156	0	1588	0	0	0	0	0	0	0	0	0	0	0	0	0	0	0	0	0	0	0	0	0	0	0	0	0	0	0	
47284	Amygdala_R	0	136	0	0	0	0	0	0	0	0	0	0	0	0	0	0	0	0	0	136	0	244	0	0	0	0	0	0	0	816	0	0	0	0	0	0	0	8360	0	4572	0	0	0	0	0	0	0	0	0	0	0	0	0	0	0	6204	0	0	0	0	0	0	0	0	0	0	0	0	0	132	0	0	0	444	0	0	0	136	0	0	0	0	0	1542	0	78	0	296	0	546	0	0	0	0	0	0	0	0	0	0	0	0	0	0	0	0	0	0	0	0	0	0	0	0	0	0	
372972	Calcarine_L	104	0	0	0	0	0	0	0	0	0	0	0	0	0	0	0	184	0	0	0	0	0	0	0	0	0	0	0	240	0	0	0	380	112	6910	2526	2660	214	1732	116	0	0	0	14090	15794	8814	20352	6940	13630	3792	26882	1402	14414	1132	6284	1814	176	550	1720	290	158	158	108	0	96	0	18944	3606	152	226	0	0	0	0	0	0	0	0	178	0	306	0	0	0	3268	236	0	0	4714	362	86	0	0	0	0	0	0	0	152	106	0	0	0	0	0	0	0	0	0	0	214	162	0	0	0	0	
439208	Calcarine_R	0	0	0	0	0	0	0	0	0	0	0	0	0	0	0	0	0	0	0	786	0	0	0	0	0	0	0	0	0	0	0	0	158	1878	0	5110	0	1328	0	720	0	0	14090	0	8466	35898	2506	26328	1368	24428	1164	20156	578	9116	148	11968	0	3320	0	2916	0	2064	0	594	0	78	890	25012	236	1470	0	0	0	0	0	0	0	90	0	0	0	0	0	0	86	5344	0	0	0	7944	422	98	0	0	0	0	0	268	494	744	0	0	84	0	0	0	0	0	0	0	582	674	0	0	0	0	
232992	Cuneus_L	0	0	0	0	0	0	0	0	0	0	0	0	0	0	0	0	68	0	0	0	0	0	0	0	0	0	0	0	0	0	0	0	782	0	1024	128	0	0	72	0	0	0	15794	8466	0	11130	1394	624	27122	2744	17144	860	4440	368	842	286	116	0	2344	0	170	0	0	0	178	0	15764	1776	302	0	0	0	0	0	0	0	0	0	0	0	68	0	0	0	1448	0	0	0	1042	0	0	0	0	0	0	0	0	0	0	0	0	0	0	0	0	0	0	0	0	0	0	0	0	0	0	0	
436664	Cuneus_R	0	176	0	0	0	0	0	0	0	0	0	0	0	0	0	0	0	70	0	3738	0	0	0	0	0	0	0	0	0	0	0	0	800	6340	0	5246	0	264	0	146	0	0	8814	35898	11130	0	986	5552	1630	43698	1298	21710	664	1438	150	2648	0	2624	0	5546	0	2060	0	178	0	594	4024	34360	1086	4652	0	0	0	0	0	0	0	0	0	0	0	122	0	0	92	5660	0	0	0	4342	0	0	0	0	0	0	0	0	68	68	0	0	0	0	0	0	0	0	0	0	460	0	0	0	0	0	
335988	Lingual_L	102	0	0	0	0	0	0	0	0	0	0	0	0	0	0	0	0	0	0	0	0	0	0	0	0	0	0	0	0	0	0	0	0	0	2880	572	5436	244	5922	222	0	0	20352	2506	1394	986	0	5130	2952	780	17746	376	15680	434	25816	898	76	0	144	0	106	0	84	0	112	0	6054	204	0	0	0	0	0	0	0	0	524	74	0	0	78	0	0	0	826	0	0	0	2208	0	2538	1194	0	0	152	326	9764	2972	12954	2936	120	0	160	0	298	364	0	0	0	420	6168	4936	1266	172	336	0	
412176	Lingual_R	200	0	0	0	0	0	0	0	0	0	0	0	0	0	0	0	0	0	0	92	0	0	0	0	0	0	0	0	0	0	0	0	0	184	538	5220	838	4010	580	4544	0	0	6940	26328	624	5552	5130	0	0	7034	0	6980	296	10216	3642	22300	0	692	0	284	0	190	0	0	0	0	164	10152	170	184	0	0	0	0	0	0	520	576	0	0	0	0	0	0	0	1128	0	0	0	3224	6758	2772	932	106	168	398	7130	10844	12446	9826	578	0	1334	92	224	802	0	0	260	632	9300	9178	2304	654	818	0	
297912	Occipital_Sup_L	316	0	0	0	0	0	0	0	0	0	0	0	0	0	0	0	0	0	0	0	0	0	0	0	0	0	0	0	458	0	0	0	1176	0	640	74	208	0	102	0	0	0	13630	1368	27122	1630	2952	0	0	0	41850	0	9860	0	1336	0	790	0	16240	0	2998	0	0	0	3088	0	21056	360	68	0	0	0	0	0	0	0	0	0	0	0	0	0	0	0	1080	0	0	0	554	0	0	0	0	0	0	0	0	0	0	0	0	0	0	0	0	0	0	0	0	0	0	0	0	0	0	0	
380616	Occipital_Sup_R	0	138	0	0	0	0	0	0	0	0	0	0	0	0	0	0	0	0	0	3598	0	0	0	0	0	0	0	0	0	0	0	0	786	5942	0	1542	0	0	0	0	0	0	3792	24428	2744	43698	780	7034	0	0	0	34270	0	3302	0	2092	0	1208	0	6688	0	2890	0	88	0	3498	2508	24764	1018	4300	0	0	0	0	0	0	0	0	0	0	0	116	0	0	0	5388	0	0	0	3444	0	0	0	0	0	0	0	0	68	96	0	0	0	0	0	0	0	0	0	0	0	88	0	0	0	0	
567300	Occipital_Mid_L	842	0	0	0	0	0	0	0	0	0	0	0	0	0	0	0	826	0	0	0	0	0	0	0	0	0	0	0	1600	0	0	0	1692	0	1640	174	704	148	444	0	0	0	26882	1164	17144	1298	17746	0	41850	0	0	0	35548	0	10618	0	3412	0	27012	0	18796	0	856	0	22412	0	22794	78	328	0	0	0	0	0	0	0	0	0	188	0	800	0	0	0	20150	0	0	0	6504	0	0	0	0	0	0	0	0	0	0	0	0	0	0	0	0	0	0	0	0	0	0	0	0	0	0	0	
364444	Occipital_Mid_R	0	0	0	0	0	0	0	0	0	0	0	0	0	0	0	0	0	0	0	2696	0	0	0	0	0	0	0	0	0	0	0	0	588	4294	0	862	0	0	0	0	0	0	1402	20156	860	21710	376	6980	0	34270	0	0	0	6366	0	3736	0	714	0	5894	0	6820	0	0	0	11240	1452	18198	822	3248	0	0	0	0	0	0	0	0	0	0	0	380	0	0	0	18360	0	0	0	10662	0	136	0	0	0	0	0	0	0	0	0	0	0	0	0	0	0	0	0	0	0	0	0	0	0	0	
287904	Occipital_Inf_L	168	0	0	0	0	0	0	0	0	0	0	0	0	0	0	0	490	0	0	0	0	0	0	0	0	0	0	0	472	0	0	0	418	0	1008	0	524	0	650	0	0	0	14414	578	4440	664	15680	296	9860	0	35548	0	0	0	20178	0	814	0	4330	0	1774	0	478	0	1546	0	8098	0	162	0	0	0	0	0	0	0	0	0	0	0	514	0	0	0	6466	0	0	0	9604	0	424	178	0	0	0	0	656	314	1378	424	0	0	0	0	0	0	0	0	0	0	600	614	190	0	0	0	
114080	Occipital_Inf_R	0	0	0	0	0	0	0	0	0	0	0	0	0	0	0	0	0	0	0	0	0	0	0	0	0	0	0	0	0	0	0	0	0	0	0	0	0	0	0	142	0	0	1132	9116	368	1438	434	10216	0	3302	0	6366	0	0	70	10734	0	0	0	0	0	0	0	0	0	0	0	752	0	0	0	0	0	0	0	0	0	0	0	0	0	0	0	0	0	836	0	0	0	5342	714	646	118	0	0	0	0	554	762	1926	72	0	168	0	0	0	0	0	0	0	160	982	690	0	0	0	
475396	Fusiform_L	654	0	0	0	0	0	0	0	0	0	0	0	0	0	0	0	292	0	250	0	0	0	0	0	0	0	0	0	2562	0	0	0	0	0	1592	884	13502	634	6624	598	4020	0	6284	148	842	150	25816	3642	1336	0	10618	0	20178	70	0	1028	284	0	128	0	236	0	226	0	152	0	2732	346	406	0	0	0	654	0	0	0	862	308	466	0	3308	0	1490	0	3896	0	732	0	19168	0	19038	1190	1968	0	276	218	17588	3328	35640	3606	1216	0	1078	0	392	302	0	0	120	230	7002	5616	1320	176	276	0	
604984	Fusiform_R	3712	1756	0	0	0	0	0	114	0	0	0	254	0	0	0	0	68	274	0	838	0	0	0	0	0	0	0	0	206	2110	0	0	0	102	4282	10586	4774	35584	402	30336	0	6204	1814	11968	286	2648	898	22300	0	2092	0	3736	0	10734	1028	0	590	1072	0	0	0	0	112	94	0	0	124	5476	1346	1332	0	0	0	3612	0	0	5026	8182	788	318	544	732	0	4572	414	5868	0	1934	664	17922	3848	12654	1026	746	0	976	838	12478	5162	22902	554	686	1368	1788	144	1156	0	238	0	176	3854	6910	3046	1068	1046	0	
267380	Postcentral_L	26952	480	2532	162	0	0	862	174	0	0	3906	0	0	0	0	0	8186	0	2080	2480	0	0	0	0	0	0	0	0	3976	0	0	0	594	94	3744	848	2112	840	140	648	0	0	176	0	116	0	76	0	790	0	3412	0	814	0	284	590	0	288	6718	0	22348	0	7648	0	2078	0	4548	174	5408	2680	720	0	1924	0	232	0	1366	478	2108	0	3328	0	0	0	2300	0	0	0	2276	0	0	0	0	0	0	0	0	0	0	0	0	0	0	0	0	0	0	0	0	0	0	0	0	0	0	0	
210800	Postcentral_R	450	8128	0	334	0	0	0	274	0	0	0	670	0	0	0	0	0	2746	446	7214	0	0	0	0	0	0	0	0	0	580	0	0	1604	3800	1102	3444	0	1148	0	506	0	0	550	3320	0	2624	0	692	0	1208	0	714	0	0	0	1072	288	0	0	8218	0	4544	0	7708	0	686	208	12030	3914	15978	0	0	0	268	0	0	0	860	0	360	0	1712	0	0	0	3240	0	0	0	2760	0	0	0	0	0	0	0	0	0	0	0	0	0	0	0	0	0	0	0	0	0	0	0	0	0	0	
219748	Parietal_Sup_L	286	0	0	0	0	0	0	0	0	0	0	0	0	0	0	0	0	0	0	0	0	0	0	0	0	0	0	0	470	0	0	0	1136	0	358	0	132	0	0	0	0	0	1720	0	2344	0	144	0	16240	0	27012	0	4330	0	128	0	6718	0	0	0	17216	0	0	0	11998	0	18756	0	156	0	0	0	0	0	0	0	0	0	0	0	0	0	0	0	414	0	0	0	316	0	0	0	0	0	0	0	0	0	0	0	0	0	0	0	0	0	0	0	0	0	0	0	0	0	0	0	
161080	Parietal_Sup_R	0	124	0	0	0	0	0	0	0	0	0	0	0	0	0	0	0	74	0	186	0	0	0	0	0	0	0	0	0	0	0	0	0	406	0	1370	0	104	0	0	0	0	290	2916	0	5546	0	284	0	6688	0	5894	0	0	0	0	0	8218	0	0	0	16972	0	1040	0	7402	802	14224	0	444	0	0	0	0	0	0	0	210	0	0	0	642	0	0	0	5464	0	0	0	1240	0	0	0	0	0	0	0	0	0	0	0	0	0	0	0	0	0	0	0	0	0	0	0	0	0	0	
258272	Parietal_Inf_L	2994	0	90	0	0	0	76	0	0	0	102	0	0	0	0	0	274	0	0	0	0	0	0	0	0	0	0	0	968	0	0	0	84	0	110	0	218	0	0	0	0	0	158	0	170	0	106	0	2998	0	18796	0	1774	0	236	0	22348	0	17216	0	0	0	9936	0	30130	0	4974	0	194	0	0	0	620	0	0	0	0	0	158	0	1354	0	0	0	9468	0	0	0	3584	0	0	0	0	0	0	0	0	0	0	0	0	0	0	0	0	0	0	0	0	0	0	0	0	0	0	0	
171068	Parietal_Inf_R	0	754	0	0	0	0	0	0	0	0	0	0	0	0	0	0	0	156	0	494	0	0	0	0	0	0	0	0	0	260	0	0	84	502	0	824	0	72	0	0	0	0	158	2064	0	2060	0	190	0	2890	0	6820	0	0	0	0	0	4544	0	16972	0	0	0	6204	0	19760	344	4912	104	776	0	0	0	0	0	0	0	424	0	238	0	2202	0	0	0	9362	0	0	0	2364	0	0	0	0	0	0	0	0	0	0	0	0	0	0	0	0	0	0	0	0	0	0	0	0	0	0	
125500	SupraMarginal_L	1198	0	0	0	0	0	0	0	0	0	0	0	0	0	0	0	5998	0	0	0	0	0	0	0	0	0	0	0	4460	0	0	0	0	0	358	210	282	162	0	128	0	0	108	0	0	0	84	0	0	0	856	0	478	0	226	112	7648	0	0	0	9936	0	0	0	4354	0	158	0	208	0	0	0	0	0	0	0	92	0	1248	0	10000	0	0	0	7912	0	0	0	6534	0	0	0	0	0	0	0	0	0	0	0	0	0	0	0	0	0	0	0	0	0	0	0	0	0	0	0	
72504	SupraMarginal_R	0	1682	0	0	0	0	0	0	0	0	0	0	0	0	0	0	0	2686	0	70	0	0	0	0	0	0	0	0	0	0	0	0	0	86	0	0	0	488	0	0	0	0	0	594	0	178	0	0	0	88	0	0	0	0	0	94	0	7708	0	1040	0	6204	0	0	0	5998	0	856	0	180	0	0	0	0	0	0	0	466	0	0	0	5996	0	0	0	1122	0	0	0	716	0	0	0	0	0	0	0	0	0	0	0	0	0	0	0	0	0	0	0	0	0	0	0	0	0	0	
194628	Angular_L	0	0	0	0	0	0	0	0	0	0	0	0	0	0	0	0	0	0	0	0	0	0	0	0	0	0	0	0	80	0	0	0	94	0	0	0	0	0	0	0	0	0	96	0	178	0	112	0	3088	0	22412	0	1546	0	152	0	2078	0	11998	0	30130	0	4354	0	0	0	3852	0	0	0	0	0	0	0	0	0	0	0	0	0	1628	0	0	0	13228	0	0	0	2288	0	0	0	0	0	0	0	0	0	0	0	0	0	0	0	0	0	0	0	0	0	0	0	0	0	0	0	
134272	Angular_R	0	0	0	0	0	0	0	0	0	0	0	0	0	0	0	0	0	0	0	208	0	0	0	0	0	0	0	0	0	0	0	0	0	284	0	152	0	0	0	0	0	0	0	78	0	594	0	0	0	3498	0	11240	0	0	0	0	0	686	0	7402	0	19760	0	5998	0	0	172	1100	0	338	0	0	0	0	0	0	0	84	0	0	0	6144	0	0	0	8034	0	0	0	1364	0	0	0	0	0	0	0	0	0	0	0	0	0	0	0	0	0	0	0	0	0	0	0	0	0	0	
368164	Precuneus_L	614	0	0	0	0	0	0	0	0	0	0	0	0	0	0	0	224	0	130	386	0	0	0	0	0	0	0	0	478	0	0	0	4338	1082	10330	1956	4294	154	2976	116	0	0	18944	890	15764	4024	6054	164	21056	2508	22794	1452	8098	0	2732	124	4548	208	18756	802	4974	344	158	0	3852	172	0	8838	1940	296	0	0	96	0	78	0	78	74	200	0	350	0	0	0	2190	196	0	0	3860	160	0	0	0	0	0	0	0	0	0	0	0	0	0	0	0	0	0	0	0	0	230	0	0	0	0	0	
495920	Precuneus_R	354	290	0	0	0	0	0	0	0	0	0	0	0	0	0	0	0	96	0	4838	0	0	0	0	0	0	0	0	0	102	0	0	1488	10316	2188	17564	1150	5122	482	3500	0	0	3606	25012	1776	34360	204	10152	360	24764	78	18198	0	752	346	5476	174	12030	0	14224	0	4912	0	856	0	1100	8838	0	1496	7656	0	0	0	0	0	0	614	530	130	0	80	158	0	0	0	8986	0	0	0	9880	94	264	0	0	0	0	0	1472	98	214	0	0	0	0	0	0	0	0	0	0	1414	166	0	0	0	0	
356576	Paracentral_Lobule_L	28120	2544	2206	622	0	0	600	98	0	0	468	0	0	0	0	0	1414	0	15988	22384	0	0	0	0	0	0	0	0	3218	0	300	132	4774	8834	5126	2104	3058	2180	178	1438	0	0	152	236	302	1086	0	170	68	1018	328	822	162	0	406	1346	5408	3914	156	0	194	104	208	0	0	0	1940	1496	0	16512	4632	2662	7350	0	2332	0	12716	3864	254	0	286	0	0	0	706	640	0	0	798	234	0	0	0	0	0	0	0	0	0	0	0	0	0	0	0	0	0	0	0	0	0	0	0	0	0	0	
425672	Paracentral_Lobule_R	5564	21632	266	136	0	0	180	190	0	0	0	190	0	0	0	0	0	244	1442	56652	0	0	0	0	0	0	0	0	0	454	0	0	3596	15956	1514	3578	168	2528	0	816	0	132	226	1470	0	4652	0	184	0	4300	0	3248	0	0	0	1332	2680	15978	0	444	0	776	0	180	0	338	296	7656	16512	0	238	8504	0	212	0	0	1136	21186	0	330	0	1154	0	0	0	2756	0	0	0	1810	0	0	0	0	0	0	0	0	0	0	0	0	0	0	0	0	0	0	0	0	0	0	0	0	0	0	
178252	Caudate_L	4326	664	2862	606	642	670	1184	516	298	0	1206	0	1008	0	676	0	1050	0	5550	736	3722	7178	732	0	144	180	788	1414	3944	0	6148	2766	110	132	0	0	0	0	0	0	0	0	0	0	0	0	0	0	0	0	0	0	0	0	0	0	720	0	0	0	0	0	0	0	0	0	0	0	4632	238	0	8610	14886	2310	2694	186	4350	806	0	0	96	0	346	0	0	0	0	0	0	0	0	0	0	0	0	0	0	0	0	0	0	0	0	0	0	0	0	0	0	0	0	0	0	0	0	0	
307140	Caudate_R	2554	5724	1268	8862	0	4020	560	688	0	358	0	720	0	780	0	0	0	80	3186	21012	1542	5628	160	8184	0	5382	180	1962	240	654	2584	19754	0	108	0	0	0	234	0	0	0	0	0	0	0	0	0	0	0	0	0	0	0	0	0	0	0	0	0	0	0	0	0	0	0	0	0	0	2662	8504	8610	0	4226	17996	1124	1256	754	12014	0	0	0	0	0	0	0	0	0	0	0	0	0	0	0	0	0	0	0	0	0	0	0	0	0	0	0	0	0	0	0	0	0	0	0	0	0	0	
242436	Putamen_L	10018	0	6442	0	4452	238	754	0	2160	0	76	0	224	0	6090	0	158	0	9038	328	1904	4308	2862	0	0	98	598	642	13710	0	8146	1638	168	70	90	0	6584	84	640	0	110	0	0	0	0	0	0	0	0	0	0	0	0	0	654	0	1924	0	0	0	620	0	0	0	0	0	96	0	7350	0	14886	4226	0	1628	5200	0	1432	0	76	0	156	0	1230	0	0	0	0	0	110	0	0	0	0	0	0	0	0	0	0	0	0	0	0	0	0	0	0	0	0	0	0	0	0	0	0	0	
284120	Putamen_R	116	3460	0	10218	0	6974	0	3268	0	712	0	7118	0	1226	0	936	0	1962	376	11530	754	2432	0	7582	0	4990	114	2274	0	13888	1138	8360	0	0	90	92	92	11542	0	5656	0	444	0	0	0	0	0	0	0	0	0	0	0	0	0	3612	0	268	0	0	0	0	0	0	0	0	0	0	0	212	2310	17996	1628	0	360	2690	0	3438	0	76	0	786	0	270	0	242	0	0	0	486	0	0	0	0	0	0	0	238	0	104	0	0	0	0	0	0	0	0	0	0	0	0	0	0	0	0	
36428	Pallidum_L	1704	0	0	0	0	0	350	0	0	0	0	0	0	0	0	0	0	0	0	0	0	798	0	0	0	0	0	0	0	0	0	0	0	0	78	0	734	0	0	0	0	0	0	0	0	0	0	0	0	0	0	0	0	0	0	0	232	0	0	0	0	0	0	0	0	0	78	0	2332	0	2694	1124	5200	360	0	0	2278	252	0	0	0	0	0	0	0	0	0	0	0	0	0	0	0	0	0	0	0	0	0	0	0	0	0	0	0	0	0	0	0	0	0	0	0	0	0	0	
21552	Pallidum_R	0	482	0	1068	0	0	0	402	0	0	0	310	0	0	0	0	0	108	0	2960	0	186	0	0	0	0	0	0	0	0	0	0	0	0	0	0	0	722	0	406	0	0	0	0	0	0	0	0	0	0	0	0	0	0	0	0	0	0	0	0	0	0	0	0	0	0	0	0	0	0	186	1256	0	2690	0	0	0	0	0	0	0	0	0	0	0	0	0	0	0	0	0	0	0	0	0	0	0	0	0	0	0	0	0	0	0	0	0	0	0	0	0	0	0	0	0	0	
200140	Thalamus_L	22992	1288	292	0	0	0	180	0	0	0	0	0	74	0	0	0	206	0	110	582	0	0	0	0	0	0	0	0	808	0	174	0	0	0	2198	5686	8792	6260	1144	5628	0	0	0	0	0	0	524	520	0	0	0	0	0	0	862	5026	1366	0	0	0	0	0	92	0	0	0	78	614	12716	1136	4350	754	1432	0	2278	0	0	8968	802	0	630	0	0	0	520	0	0	0	834	0	0	0	0	0	0	0	0	80	0	0	0	0	0	0	0	0	0	0	0	0	74	0	0	0	0	0	
314868	Thalamus_R	5082	21766	0	918	0	0	0	660	0	0	0	242	0	0	0	0	0	330	0	18396	0	0	0	172	0	0	0	0	144	1392	0	368	0	0	2324	5840	3444	14420	198	8736	0	136	0	90	0	0	74	576	0	0	0	0	0	0	308	8182	478	860	0	210	0	424	0	466	0	84	74	530	3864	21186	806	12014	0	3438	252	0	8968	0	212	244	322	1702	0	0	304	2746	0	0	528	3614	0	0	0	0	0	0	0	310	0	0	0	0	0	0	0	0	0	0	0	0	0	0	0	0	0	0	
70908	Heschl_L	2562	0	504	0	0	0	0	0	0	0	558	0	0	0	0	0	4266	0	570	0	0	0	0	0	0	0	0	0	6366	0	0	0	0	0	1122	1094	2582	946	0	904	0	0	178	0	0	0	0	0	0	0	188	0	0	0	466	788	2108	0	0	0	158	0	1248	0	0	0	200	130	254	0	0	0	76	0	0	0	802	212	0	0	3716	0	0	0	1392	0	0	0	1916	0	0	0	0	0	0	0	0	0	0	0	0	0	0	0	0	0	0	0	0	0	148	0	0	0	0	0	
24408	Heschl_R	80	0	0	0	0	0	0	0	0	0	0	0	0	0	0	0	0	2014	0	386	0	0	0	0	0	0	0	0	0	2984	0	0	0	0	84	106	86	1046	0	284	0	0	0	0	0	0	0	0	0	0	0	0	0	0	0	318	0	360	0	0	0	238	0	0	0	0	0	0	0	330	0	0	0	76	0	0	0	244	0	0	0	2726	0	110	0	384	0	0	0	348	0	0	0	0	0	0	0	0	0	0	0	0	0	0	0	0	0	0	0	0	0	0	0	0	0	0	
195800	Temporal_Sup_L	3024	0	1226	0	0	0	446	0	0	0	908	0	0	0	0	0	10986	0	1268	0	0	0	0	0	0	0	0	0	9476	0	0	0	0	0	786	726	2158	640	206	592	0	0	306	0	68	0	78	0	0	0	800	0	514	0	3308	544	3328	0	0	0	1354	0	10000	0	1628	0	350	80	286	0	96	0	156	0	0	0	630	322	3716	0	0	0	1692	0	22984	0	0	0	13132	0	0	0	0	0	0	0	0	0	0	0	0	0	0	0	0	0	0	0	0	0	86	0	0	0	0	0	
102112	Temporal_Sup_R	96	344	0	0	0	0	0	0	0	0	0	136	0	0	0	0	0	3046	0	1038	0	0	0	0	0	0	0	0	0	3514	0	0	0	0	86	154	116	1844	0	586	0	0	0	0	0	122	0	0	0	116	0	380	0	0	0	732	0	1712	0	642	0	2202	0	5996	0	6144	0	158	0	1154	0	0	0	786	0	0	0	1702	0	2726	0	0	0	3062	0	10566	0	0	0	1896	0	0	0	0	0	0	0	0	0	0	0	0	0	0	0	0	0	0	0	0	0	0	0	0	0	0	
101024	Temporal_Pole_Sup_L	828	0	1642	0	200	0	1142	0	88	0	5710	0	906	0	1434	0	5448	0	2928	0	276	0	0	0	0	0	0	0	8228	0	88	0	0	0	0	0	1438	0	226	0	1466	0	0	0	0	0	0	0	0	0	0	0	0	0	1490	0	0	0	0	0	0	0	0	0	0	0	0	0	0	0	346	0	1230	0	0	0	0	0	0	0	1692	0	0	0	6800	0	2618	0	4288	0	0	0	0	0	0	0	0	0	0	0	0	0	0	0	0	0	0	0	0	0	0	0	0	0	0	0	
39120	Temporal_Pole_Sup_R	0	0	0	0	0	0	0	0	0	0	0	240	0	0	0	0	0	720	78	266	0	0	0	0	0	0	0	0	0	598	0	0	0	0	0	0	0	1018	0	528	0	1542	0	0	0	0	0	0	0	0	0	0	0	0	0	4572	0	0	0	0	0	0	0	0	0	0	0	0	0	0	0	0	0	270	0	0	0	0	0	110	0	3062	0	0	0	2588	0	2444	0	1524	0	0	0	0	0	0	0	0	0	0	0	0	0	0	0	0	0	0	0	0	0	0	0	0	0	0	
330548	Temporal_Mid_L	924	0	84	0	0	0	0	0	0	0	0	0	0	0	0	0	4480	0	90	0	0	0	0	0	0	0	0	0	4232	0	0	0	92	0	1504	520	1862	496	0	444	298	0	3268	86	1448	92	826	0	1080	0	20150	0	6466	0	3896	414	2300	0	414	0	9468	0	7912	0	13228	0	2190	0	706	0	0	0	0	0	0	0	520	304	1392	0	22984	0	6800	0	0	0	2716	0	41588	0	0	0	0	0	0	0	0	0	0	0	0	0	0	0	0	0	0	0	0	0	0	0	0	0	0	0	
303908	Temporal_Mid_R	0	1140	0	0	0	0	0	0	0	0	0	0	0	0	0	0	0	764	0	2082	0	0	0	0	0	0	0	0	0	1018	0	0	254	2386	0	2102	0	3920	0	1042	0	78	236	5344	0	5660	0	1128	0	5388	0	18360	0	836	0	5868	0	3240	0	5464	0	9362	0	1122	0	8034	196	8986	640	2756	0	0	0	242	0	0	0	2746	0	384	0	10566	0	2588	0	0	0	1086	0	36666	0	174	0	0	0	0	0	96	0	0	0	0	0	0	0	0	0	0	0	0	0	0	0	0	0	0	
18508	Temporal_Pole_Mid_L	0	0	0	0	0	0	0	0	0	0	0	0	0	0	0	0	0	0	0	0	0	0	0	0	0	0	0	0	0	0	0	0	0	0	0	0	148	0	194	0	156	0	0	0	0	0	0	0	0	0	0	0	0	0	732	0	0	0	0	0	0	0	0	0	0	0	0	0	0	0	0	0	0	0	0	0	0	0	0	0	0	0	2618	0	2716	0	0	0	2690	0	0	0	0	0	0	0	0	0	0	0	0	0	0	0	0	0	0	0	0	0	0	0	0	0	0	0	
14896	Temporal_Pole_Mid_R	0	0	0	0	0	0	0	0	0	0	0	0	0	0	0	0	0	0	0	0	0	0	0	0	0	0	0	0	0	0	0	0	0	0	0	0	0	156	0	178	0	296	0	0	0	0	0	0	0	0	0	0	0	0	0	1934	0	0	0	0	0	0	0	0	0	0	0	0	0	0	0	0	0	0	0	0	0	0	0	0	0	0	0	2444	0	1086	0	0	0	1354	0	0	0	0	0	0	0	0	0	0	0	0	0	0	0	0	0	0	0	0	0	0	0	0	0	0	
315556	Temporal_Inf_L	914	0	0	0	0	0	0	0	0	0	0	0	0	0	0	0	2932	0	0	0	0	0	0	0	0	0	0	0	4750	0	0	0	0	0	2264	790	6510	766	960	708	1588	0	4714	0	1042	0	2208	0	554	0	6504	0	9604	0	19168	664	2276	0	316	0	3584	0	6534	0	2288	0	3860	0	798	0	0	0	110	0	0	0	834	528	1916	0	13132	0	4288	0	41588	0	2690	0	0	0	3070	0	600	0	0	0	430	0	1668	0	344	0	152	0	0	0	0	0	0	0	132	0	0	0	0	0	
288556	Temporal_Inf_R	0	1596	0	72	0	0	0	110	0	0	0	188	0	0	0	0	0	952	0	1314	0	0	0	0	0	0	0	0	0	1490	0	0	174	1384	0	3036	0	7638	0	2610	0	546	362	7944	0	4342	0	3224	0	3444	0	10662	0	5342	0	17922	0	2760	0	1240	0	2364	0	716	0	1364	160	9880	234	1810	0	0	0	486	0	0	0	3614	0	348	0	1896	0	1524	0	36666	0	1354	0	0	0	1844	0	334	0	0	0	108	0	422	0	410	0	392	0	0	0	0	0	0	0	0	0	0	0	0	
546372	Cerebelum_Crus1_L	0	0	0	0	0	0	0	0	0	0	0	0	0	0	0	0	0	0	0	0	0	0	0	0	0	0	0	0	0	0	0	0	0	0	0	0	70	0	0	0	0	0	86	422	0	0	2538	6758	0	0	0	0	424	714	19038	3848	0	0	0	0	0	0	0	0	0	0	0	94	0	0	0	0	0	0	0	0	0	0	0	0	0	0	0	0	0	0	0	0	3070	0	0	10064	33092	2458	252	532	10636	4328	56678	18694	15498	310	19716	2322	3044	3596	248	320	316	660	8724	20664	15094	4280	4598	0	
442472	Cerebelum_Crus1_R	0	0	0	0	0	0	0	0	0	0	0	0	0	0	0	0	0	0	0	0	0	0	0	0	0	0	0	0	0	70	0	0	0	0	0	0	0	216	0	290	0	0	0	98	0	0	1194	2772	0	0	0	136	178	646	1190	12654	0	0	0	0	0	0	0	0	0	0	0	264	0	0	0	0	0	0	0	0	0	0	0	0	0	0	0	0	0	174	0	0	0	1844	10064	0	4210	30866	0	386	930	9616	10744	41788	3070	10400	5986	23626	918	5804	0	840	0	162	3094	11802	17270	5240	2608	86	
382744	Cerebelum_Crus2_L	0	0	0	0	0	0	0	0	0	0	0	0	0	0	0	0	0	0	0	0	0	0	0	0	0	0	0	0	0	0	0	0	0	0	0	0	0	0	0	0	0	0	0	0	0	0	0	932	0	0	0	0	0	118	1968	1026	0	0	0	0	0	0	0	0	0	0	0	0	0	0	0	0	0	0	0	0	0	0	0	0	0	0	0	0	0	0	0	0	600	0	33092	4210	0	14612	84	68	406	404	11132	4622	35620	7366	31220	8608	3098	2636	108	254	0	80	346	5820	12644	7206	3092	0	
328684	Cerebelum_Crus2_R	0	0	0	0	0	0	0	0	0	0	0	0	0	0	0	0	0	0	0	0	0	0	0	0	0	0	0	0	0	0	0	0	0	0	0	0	0	0	0	0	0	0	0	0	0	0	0	106	0	0	0	0	0	0	0	746	0	0	0	0	0	0	0	0	0	0	0	0	0	0	0	0	0	0	0	0	0	0	0	0	0	0	0	0	0	0	0	0	0	334	2458	30866	14612	0	68	0	148	356	1156	3842	8852	25788	10754	34706	1978	5006	0	510	0	74	90	1202	10608	8132	1950	0	
68068	Cerebelum_3_L	0	0	0	0	0	0	0	0	0	0	0	0	0	0	0	0	0	0	0	0	0	0	0	0	0	0	0	0	0	0	0	0	0	0	0	0	92	0	242	0	0	0	0	0	0	0	152	168	0	0	0	0	0	0	276	0	0	0	0	0	0	0	0	0	0	0	0	0	0	0	0	0	0	0	0	0	0	0	0	0	0	0	0	0	0	0	0	0	0	0	252	0	84	68	0	1386	6352	676	2542	406	184	0	542	190	3232	1538	150	0	3412	5656	2416	1988	0	592	1438	0	
112676	Cerebelum_3_R	0	0	0	0	0	0	0	0	0	0	0	0	0	0	0	0	0	0	0	0	0	0	0	0	0	0	0	0	0	0	0	0	0	0	0	0	0	116	90	188	0	0	0	0	0	0	326	398	0	0	0	0	0	0	218	976	0	0	0	0	0	0	0	0	0	0	0	0	0	0	0	0	0	0	0	0	0	0	0	0	0	0	0	0	0	0	0	0	0	0	532	386	68	0	1386	0	4828	5884	2906	5100	102	0	290	174	2506	5332	0	72	746	5932	6060	4848	192	1784	4728	170	
431536	Cerebelum_4_5_L	0	0	0	0	0	0	0	0	0	0	0	0	0	0	0	0	0	0	0	0	0	0	0	0	0	0	0	0	0	0	0	0	0	0	0	0	116	134	608	0	0	0	0	0	0	0	9764	7130	0	0	0	0	656	0	17588	838	0	0	0	0	0	0	0	0	0	0	0	0	0	0	0	0	0	0	0	0	0	0	0	0	0	0	0	0	0	0	0	0	430	0	10636	930	406	148	6352	4828	0	13434	42308	7380	1710	0	2548	490	8736	7484	742	236	4436	9092	32674	12482	394	1740	6944	2374	
337288	Cerebelum_4_5_R	0	0	0	0	0	0	0	0	0	0	0	0	0	0	0	0	0	0	0	0	0	0	0	0	0	0	0	0	0	98	0	0	0	0	118	622	146	2978	74	3526	0	0	0	268	0	0	2972	10844	0	0	0	0	314	554	3328	12478	0	0	0	0	0	0	0	0	0	0	0	1472	0	0	0	0	0	238	0	0	80	310	0	0	0	0	0	0	0	96	0	0	0	108	4328	9616	404	356	676	5884	13434	0	11572	32088	544	392	976	1538	1538	4456	96	270	574	2632	23192	5664	1108	2506	4082	94	
746420	Cerebelum_6_L	0	0	0	0	0	0	0	0	0	0	0	0	0	0	0	0	0	0	0	0	0	0	0	0	0	0	0	0	0	0	0	0	0	0	0	0	0	0	0	0	0	0	152	494	0	68	12954	12446	0	68	0	0	1378	762	35640	5162	0	0	0	0	0	0	0	0	0	0	0	98	0	0	0	0	0	0	0	0	0	0	0	0	0	0	0	0	0	0	0	0	1668	0	56678	10744	11132	1156	2542	2906	42308	11572	0	24594	9616	178	14534	1458	8284	8258	596	522	2346	4918	25552	34886	13928	4166	8780	666	
594388	Cerebelum_6_R	0	0	0	0	0	0	0	0	0	0	0	0	0	0	0	0	0	0	0	0	0	0	0	0	0	0	0	0	0	0	0	0	0	0	0	0	0	292	0	456	0	0	106	744	0	68	2936	9826	0	96	0	0	424	1926	3606	22902	0	0	0	0	0	0	0	0	0	0	0	214	0	0	0	0	0	104	0	0	0	0	0	0	0	0	0	0	0	0	0	0	0	422	18694	41788	4622	3842	406	5100	7380	32088	24594	0	3182	3048	6312	11378	1348	9760	112	1420	292	1806	16490	26436	18206	7102	7516	150	
327060	Cerebelum_7b_L	0	0	0	0	0	0	0	0	0	0	0	0	0	0	0	0	0	0	0	0	0	0	0	0	0	0	0	0	0	0	0	0	0	0	0	0	0	0	0	0	0	0	0	0	0	0	120	578	0	0	0	0	0	72	1216	554	0	0	0	0	0	0	0	0	0	0	0	0	0	0	0	0	0	0	0	0	0	0	0	0	0	0	0	0	0	0	0	0	344	0	15498	3070	35620	8852	184	102	1710	544	9616	3182	0	5210	39812	8938	4090	1180	338	96	114	212	870	3902	8222	7972	1312	0	
187136	Cerebelum_7b_R	0	0	0	0	0	0	0	0	0	0	0	0	0	0	0	0	0	0	0	0	0	0	0	0	0	0	0	0	0	0	0	0	0	0	0	0	0	0	0	0	0	0	0	0	0	0	0	0	0	0	0	0	0	0	0	686	0	0	0	0	0	0	0	0	0	0	0	0	0	0	0	0	0	0	0	0	0	0	0	0	0	0	0	0	0	0	0	0	0	410	310	10400	7366	25788	0	0	0	392	178	3048	5210	0	3812	27042	306	2112	0	0	0	0	0	190	2498	3448	372	0	
455856	Cerebelum_8_L	0	0	0	0	0	0	0	0	0	0	0	0	0	0	0	0	0	0	0	0	0	0	0	0	0	0	0	0	0	0	0	0	0	0	0	0	0	0	0	0	0	0	0	84	0	0	160	1334	0	0	0	0	0	168	1078	1368	0	0	0	0	0	0	0	0	0	0	0	0	0	0	0	0	0	0	0	0	0	0	0	0	0	0	0	0	0	0	0	0	152	0	19716	5986	31220	10754	542	290	2548	976	14534	6312	39812	3812	0	13814	20260	6504	1722	338	150	432	1424	7906	12482	15412	6638	0	
384672	Cerebelum_8_R	0	0	0	0	0	0	0	0	0	0	0	0	0	0	0	0	0	0	0	0	0	0	0	0	0	0	0	0	0	0	0	0	0	0	0	0	0	0	0	0	0	0	0	0	0	0	0	92	0	0	0	0	0	0	0	1788	0	0	0	0	0	0	0	0	0	0	0	0	0	0	0	0	0	0	0	0	0	0	0	0	0	0	0	0	0	0	0	0	0	392	2322	23626	8608	34706	190	174	490	1538	1458	11378	8938	27042	13814	0	2914	23852	0	1720	90	172	644	1600	8260	12682	3768	78	
213228	Cerebelum_9_L	0	0	0	0	0	0	0	0	0	0	0	0	0	0	0	0	0	0	0	0	0	0	0	0	0	0	0	0	0	0	0	0	0	0	0	0	0	0	0	0	0	0	0	0	0	0	298	224	0	0	0	0	0	0	392	144	0	0	0	0	0	0	0	0	0	0	0	0	0	0	0	0	0	0	0	0	0	0	0	0	0	0	0	0	0	0	0	0	0	0	3044	918	3098	1978	3232	2506	8736	1538	8284	1348	4090	306	20260	2914	0	7108	3394	174	1406	3810	4848	7394	2390	4508	7824	448	
327956	Cerebelum_9_R	0	0	0	0	0	0	0	0	0	0	0	0	0	0	0	0	0	0	0	0	0	0	0	0	0	0	0	0	0	0	0	0	0	0	0	0	0	0	0	0	0	0	0	0	0	0	364	802	0	0	0	0	0	0	302	1156	0	0	0	0	0	0	0	0	0	0	0	0	0	0	0	0	0	0	0	0	0	0	0	0	0	0	0	0	0	0	0	0	0	0	3596	5804	2636	5006	1538	5332	7484	4456	8258	9760	1180	2112	6504	23852	7108	0	186	3118	994	5294	7822	12954	5772	11476	17834	1278	
17356	Cerebelum_10_L	0	0	0	0	0	0	0	0	0	0	0	0	0	0	0	0	0	0	0	0	0	0	0	0	0	0	0	0	0	0	0	0	0	0	0	0	0	0	0	0	0	0	0	0	0	0	0	0	0	0	0	0	0	0	0	0	0	0	0	0	0	0	0	0	0	0	0	0	0	0	0	0	0	0	0	0	0	0	0	0	0	0	0	0	0	0	0	0	0	0	248	0	108	0	150	0	742	96	596	112	338	0	1722	0	3394	186	0	0	0	68	228	326	0	166	198	0	
29120	Cerebelum_10_R	0	0	0	0	0	0	0	0	0	0	0	0	0	0	0	0	0	0	0	0	0	0	0	0	0	0	0	0	0	0	0	0	0	0	0	0	0	128	0	150	0	0	0	0	0	0	0	0	0	0	0	0	0	0	0	238	0	0	0	0	0	0	0	0	0	0	0	0	0	0	0	0	0	0	0	0	0	0	0	0	0	0	0	0	0	0	0	0	0	0	320	840	254	510	0	72	236	270	522	1420	96	0	338	1720	174	3118	0	0	0	106	242	722	886	1026	1172	0	
55576	Vermis_1_2	0	0	0	0	0	0	0	0	0	0	0	0	0	0	0	0	0	0	0	0	0	0	0	0	0	0	0	0	0	0	0	0	0	0	0	0	0	0	182	0	0	0	0	0	0	0	0	260	0	0	0	0	0	0	120	0	0	0	0	0	0	0	0	0	0	0	0	0	0	0	0	0	0	0	0	0	0	0	0	0	0	0	0	0	0	0	0	0	0	0	316	0	0	0	3412	746	4436	574	2346	292	114	0	150	90	1406	994	0	0	0	6328	3860	1150	0	242	770	0	
138880	Vermis_3	0	0	0	0	0	0	0	0	0	0	0	0	0	0	0	0	0	0	0	0	0	0	0	0	0	0	0	0	0	0	0	0	0	0	0	0	98	0	378	0	0	0	0	0	0	0	420	632	0	0	0	0	0	0	230	176	0	0	0	0	0	0	0	0	0	0	0	0	0	0	0	0	0	0	0	0	0	0	0	0	0	0	0	0	0	0	0	0	0	0	660	162	80	74	5656	5932	9092	2632	4918	1806	212	0	432	172	3810	5294	68	106	6328	0	8378	5098	160	1752	4556	128	
423948	Vermis_4_5	256	0	0	0	0	0	0	0	0	0	0	0	0	0	0	0	0	0	0	0	0	0	0	0	0	0	0	0	0	0	0	0	0	0	1484	1844	1256	278	652	246	0	0	214	582	0	460	6168	9300	0	0	0	0	600	160	7002	3854	0	0	0	0	0	0	0	0	0	0	230	1414	0	0	0	0	0	0	0	0	74	0	148	0	86	0	0	0	0	0	0	0	132	0	8724	3094	346	90	2416	6060	32674	23192	25552	16490	870	0	1424	644	4848	7822	228	242	3860	8378	0	15106	598	3088	7404	2384	
