data	data	360456	111164	1.24211e+06	1.03423e+06	175304	340484	581988	267292	209256	76016	285124	102860	288092	138376	185216	80540	284632	42260	937584	960372	104584	197504	473456	590348	71000	331784	51468	53700	605624	221744	500688	747264	215612	723400	111084	145736	247396	256088	83520	110076	21948	44792	155672	294988	99228	236784	242848	281548	128828	273196	314104	225404	82260	95136	306148	357784	334112	118024	82356	54656	205080	48824	149292	48712	88592	53784	161404	280864	172492	121756	544244	632244	682196	493732	207500	125448	191316	241176	94212	5912	192904	49088	93544	54068	303644	130948	43540	31236	298112	170208	443744	372080	249912	228352	19516	29148	270388	167496	427424	411068	184852	137140	226748	291608	110716	198272	51856	118468	14628	40316	251708	212056	217968	105156	118000	38420	
data	data	Precentral_L	Precentral_R	Frontal_Sup_L	Frontal_Sup_R	Frontal_Sup_Orb_L	Frontal_Sup_Orb_R	Frontal_Mid_L	Frontal_Mid_R	Frontal_Mid_Orb_L	Frontal_Mid_Orb_R	Frontal_Inf_Oper_L	Frontal_Inf_Oper_R	Frontal_Inf_Tri_L	Frontal_Inf_Tri_R	Frontal_Inf_Orb_L	Frontal_Inf_Orb_R	Rolandic_Oper_L	Rolandic_Oper_R	Supp_Motor_Area_L	Supp_Motor_Area_R	Olfactory_L	Olfactory_R	Frontal_Sup_Medial_L	Frontal_Sup_Medial_R	Frontal_Med_Orb_L	Frontal_Med_Orb_R	Rectus_L	Rectus_R	Insula_L	Insula_R	Cingulum_Ant_L	Cingulum_Ant_R	Cingulum_Mid_L	Cingulum_Mid_R	Cingulum_Post_L	Cingulum_Post_R	Hippocampus_L	Hippocampus_R	ParaHippocampal_L	ParaHippocampal_R	Amygdala_L	Amygdala_R	Calcarine_L	Calcarine_R	Cuneus_L	Cuneus_R	Lingual_L	Lingual_R	Occipital_Sup_L	Occipital_Sup_R	Occipital_Mid_L	Occipital_Mid_R	Occipital_Inf_L	Occipital_Inf_R	Fusiform_L	Fusiform_R	Postcentral_L	Postcentral_R	Parietal_Sup_L	Parietal_Sup_R	Parietal_Inf_L	Parietal_Inf_R	SupraMarginal_L	SupraMarginal_R	Angular_L	Angular_R	Precuneus_L	Precuneus_R	Paracentral_Lobule_L	Paracentral_Lobule_R	Caudate_L	Caudate_R	Putamen_L	Putamen_R	Pallidum_L	Pallidum_R	Thalamus_L	Thalamus_R	Heschl_L	Heschl_R	Temporal_Sup_L	Temporal_Sup_R	Temporal_Pole_Sup_L	Temporal_Pole_Sup_R	Temporal_Mid_L	Temporal_Mid_R	Temporal_Pole_Mid_L	Temporal_Pole_Mid_R	Temporal_Inf_L	Temporal_Inf_R	Cerebelum_Crus1_L	Cerebelum_Crus1_R	Cerebelum_Crus2_L	Cerebelum_Crus2_R	Cerebelum_3_L	Cerebelum_3_R	Cerebelum_4_5_L	Cerebelum_4_5_R	Cerebelum_6_L	Cerebelum_6_R	Cerebelum_7b_L	Cerebelum_7b_R	Cerebelum_8_L	Cerebelum_8_R	Cerebelum_9_L	Cerebelum_9_R	Cerebelum_10_L	Cerebelum_10_R	Vermis_1_2	Vermis_3	Vermis_4_5	Vermis_6	Vermis_7	Vermis_8	Vermis_9	Vermis_10	
360456	Precentral_L	0	0	16210	2392	0	0	19660	412	0	0	14738	0	3856	0	0	0	9920	0	10430	5426	0	0	116	0	0	0	0	0	7612	0	2136	0	2310	1086	452	0	3176	0	742	0	0	0	232	0	0	0	182	0	330	0	2612	0	0	0	1132	0	24768	0	318	0	7030	0	2234	0	110	0	186	0	15332	0	3644	1190	2824	0	330	0	8678	970	1422	0	1442	0	0	0	2364	0	0	0	2224	0	0	0	0	0	0	0	0	0	0	0	0	0	0	0	0	0	0	0	0	0	0	0	0	0	0	0	
111164	Precentral_R	0	0	130	3488	0	0	0	9742	0	0	0	3990	0	810	0	0	286	450	192	2368	0	260	0	0	0	0	0	0	338	212	0	0	0	652	0	478	162	3552	0	374	0	0	0	0	0	138	0	446	0	660	0	744	0	0	0	166	0	12954	0	0	0	172	0	1244	0	0	0	856	0	2526	1340	1462	320	820	262	288	110	2468	0	0	0	0	0	0	0	150	0	0	0	972	0	0	0	0	0	0	0	0	0	0	0	0	0	0	0	0	0	0	0	0	0	0	0	0	0	0	
1.24211e+06	Frontal_Sup_L	16210	130	0	27530	9402	1672	79610	1590	5200	294	8316	146	15666	606	4370	284	8934	0	109414	41516	0	2562	51964	8632	900	1798	0	0	24636	672	24672	12562	6342	27206	724	692	3870	834	630	0	0	0	0	0	0	0	0	0	0	0	160	0	0	0	0	0	3536	0	0	0	782	0	810	0	0	0	0	0	8432	0	21500	11424	31414	7308	9122	2876	20034	1458	572	0	1102	0	938	0	0	0	0	0	0	0	0	0	0	0	0	0	0	0	0	0	0	0	0	0	0	0	0	0	0	0	0	0	0	0	0	0	
1.03423e+06	Frontal_Sup_R	2392	3488	27530	0	0	20700	3716	41022	0	2580	3132	4252	964	7380	0	2524	2442	1222	28740	75394	246	844	13436	52056	0	14120	0	0	3092	9510	8458	51604	4074	46546	828	1054	1380	2656	694	414	0	0	0	0	0	0	248	518	0	150	0	140	0	262	0	564	900	460	0	0	294	260	0	180	0	0	0	326	1452	0	12912	24374	5098	13706	1056	1208	1016	12398	0	0	268	0	0	236	0	0	0	0	0	600	0	0	0	0	0	0	0	0	0	0	0	0	0	0	0	0	0	0	0	0	0	0	0	0	0	0	
175304	Frontal_Sup_Orb_L	0	0	9402	0	0	0	2506	0	18478	0	470	0	2816	0	8230	0	0	0	1690	0	954	0	3724	136	7218	918	5754	264	6238	0	6110	160	120	0	0	0	0	0	0	0	118	0	0	0	0	0	0	0	0	0	0	0	0	0	0	0	0	0	0	0	0	0	0	0	0	0	0	0	0	0	1740	0	10430	0	0	0	176	0	0	0	0	0	0	0	0	0	0	0	0	0	0	0	0	0	0	0	0	0	0	0	0	0	0	0	0	0	0	0	0	0	0	0	0	0	0	0	
340484	Frontal_Sup_Orb_R	0	0	1672	20700	0	0	246	6938	0	12050	0	544	0	3828	0	6924	0	0	2118	5064	120	1146	2064	20026	164	20892	298	7686	0	5382	1872	19694	436	8526	0	0	0	0	0	0	0	0	0	0	0	0	0	0	0	0	0	0	0	0	0	0	0	0	0	0	0	0	0	0	0	0	0	0	0	0	292	11772	206	9582	0	0	0	0	0	0	0	0	0	0	0	0	0	0	0	0	0	0	0	0	0	0	0	0	0	0	0	0	0	0	0	0	0	0	0	0	0	0	0	0	0	0	
581988	Frontal_Mid_L	19660	0	79610	3716	2506	246	0	394	8602	0	17418	0	36982	0	7020	0	6736	0	16734	4270	0	830	21146	3312	0	262	0	0	17446	156	5900	2796	3094	4714	116	138	2234	154	312	0	0	0	0	0	0	0	0	0	0	0	306	0	0	0	0	0	1690	0	0	0	1604	0	432	0	0	0	0	0	372	0	2508	1770	6630	1452	2092	962	2300	368	232	0	1222	0	0	0	302	0	0	0	248	0	0	0	0	0	0	0	0	0	0	0	0	0	0	0	0	0	0	0	0	0	0	0	0	0	0	0	
267292	Frontal_Mid_R	412	9742	1590	41022	0	6938	394	0	0	1918	296	8098	0	14532	0	2510	540	0	1646	4344	0	340	584	6176	0	2150	0	0	536	2632	402	5550	250	3436	0	0	166	2092	0	0	0	0	0	0	0	0	0	0	0	132	0	0	0	0	0	0	298	494	0	0	0	116	0	0	0	0	0	152	0	0	6812	2160	998	2084	366	482	564	692	0	0	0	0	0	0	0	0	0	0	0	0	0	0	0	0	0	0	0	0	0	0	0	0	0	0	0	0	0	0	0	0	0	0	0	0	0	0	
209256	Frontal_Mid_Orb_L	0	0	5200	0	18478	0	8602	0	0	0	190	0	9436	0	26518	0	0	0	880	0	590	0	112	0	3252	120	4292	0	12328	0	1842	136	0	0	0	0	0	0	0	0	178	0	0	0	0	0	0	0	0	0	0	0	0	0	0	0	0	0	0	0	0	0	0	0	0	0	0	0	0	0	812	0	10932	0	0	0	0	0	0	0	0	0	730	0	0	0	0	0	0	0	0	0	0	0	0	0	0	0	0	0	0	0	0	0	0	0	0	0	0	0	0	0	0	0	0	0	
76016	Frontal_Mid_Orb_R	0	0	294	2580	0	12050	0	1918	0	0	0	162	0	2500	0	3510	0	0	354	872	0	0	0	2200	0	1580	0	388	0	2644	0	2134	0	790	0	0	0	0	0	0	0	0	0	0	0	0	0	0	0	0	0	0	0	0	0	0	0	0	0	0	0	0	0	0	0	0	0	0	0	0	0	1956	0	2076	0	0	0	0	0	0	0	0	0	0	0	0	0	0	0	0	0	0	0	0	0	0	0	0	0	0	0	0	0	0	0	0	0	0	0	0	0	0	0	0	0	0	
285124	Frontal_Inf_Oper_L	14738	0	8316	3132	470	0	17418	296	190	0	0	0	20966	0	342	0	16450	0	4044	2004	0	0	2396	148	0	0	0	0	19652	0	6460	182	0	490	0	0	1126	0	138	0	0	0	0	0	0	0	0	0	0	0	0	0	0	0	0	0	5250	0	0	0	1252	0	212	0	0	0	0	0	262	0	3232	2632	2896	0	202	0	1546	0	304	0	3332	0	1690	0	526	0	0	0	268	0	0	0	0	0	0	0	0	0	0	0	0	0	0	0	0	0	0	0	0	0	0	0	0	0	0	0	
102860	Frontal_Inf_Oper_R	0	3990	146	4252	0	544	0	8098	0	162	0	0	0	9366	0	154	0	2780	118	2964	0	0	0	384	0	448	0	0	0	7256	0	484	0	0	0	0	0	1046	0	0	0	0	0	0	0	0	0	0	0	0	0	150	0	0	0	0	0	1160	0	0	0	744	0	874	0	0	0	170	0	0	966	1080	0	2628	0	0	254	332	0	130	0	0	0	340	0	292	0	0	0	118	0	0	0	0	0	0	0	0	0	0	0	0	0	0	0	0	0	0	0	0	0	0	0	0	0	0	
288092	Frontal_Inf_Tri_L	3856	0	15666	964	2816	0	36982	0	9436	0	20966	0	0	0	14126	0	2134	0	4644	762	0	0	3646	290	0	0	0	0	16162	0	4540	256	0	480	0	0	170	0	0	0	0	0	0	0	0	0	0	0	0	0	0	0	0	0	0	0	1200	0	0	0	340	0	0	0	0	0	0	0	0	0	798	690	1670	0	0	0	514	0	0	0	256	0	682	0	0	0	0	0	0	0	0	0	0	0	0	0	0	0	0	0	0	0	0	0	0	0	0	0	0	0	0	0	0	0	0	0	
138376	Frontal_Inf_Tri_R	0	810	606	7380	0	3828	0	14532	0	2500	0	9366	0	0	0	5454	0	112	670	1844	0	0	0	4008	0	1248	0	0	0	9986	0	3180	0	1226	0	0	0	408	0	0	0	0	0	0	0	0	0	0	0	0	0	0	0	0	0	0	0	0	0	0	0	0	0	0	0	0	0	0	0	0	736	472	0	688	0	0	134	0	0	0	0	0	0	0	0	0	0	0	0	0	0	0	0	0	0	0	0	0	0	0	0	0	0	0	0	0	0	0	0	0	0	0	0	0	0	0	
185216	Frontal_Inf_Orb_L	0	0	4370	0	8230	0	7020	0	26518	0	342	0	14126	0	0	0	0	0	1010	0	1226	0	0	0	208	0	546	0	18756	0	284	0	0	0	0	0	0	0	0	0	198	0	0	0	0	0	0	0	0	0	0	0	0	0	0	0	0	0	0	0	0	0	0	0	0	0	0	0	0	0	128	0	8038	0	0	0	0	0	0	0	0	0	1608	0	0	0	0	0	0	0	0	0	0	0	0	0	0	0	0	0	0	0	0	0	0	0	0	0	0	0	0	0	0	0	0	0	
80540	Frontal_Inf_Orb_R	0	0	284	2524	0	6924	0	2510	0	3510	0	154	0	5454	0	0	0	0	326	1006	0	1462	0	926	0	126	0	2442	0	8198	0	542	0	710	0	0	0	0	0	0	0	0	0	0	0	0	0	0	0	0	0	0	0	0	0	0	0	0	0	0	0	0	0	0	0	0	0	0	0	0	0	198	0	2974	0	0	0	0	0	0	0	0	0	0	0	0	0	0	0	0	0	0	0	0	0	0	0	0	0	0	0	0	0	0	0	0	0	0	0	0	0	0	0	0	0	0	
284632	Rolandic_Oper_L	9920	286	8934	2442	0	0	6736	540	0	0	16450	0	2134	0	0	0	0	0	6634	2026	0	0	396	0	0	0	0	0	29576	0	3004	0	0	364	0	0	2518	0	382	0	0	0	0	0	0	0	0	0	0	0	928	0	0	0	492	0	12992	0	0	0	2228	0	2356	0	166	0	0	0	528	0	2598	1782	4886	0	484	0	2724	308	6552	0	6622	0	1346	0	1004	0	0	0	1978	0	0	0	0	0	0	0	0	0	0	0	0	0	0	0	0	0	0	0	0	0	0	0	0	0	0	0	
42260	Rolandic_Oper_R	0	450	0	1222	0	0	0	0	0	0	0	2780	0	112	0	0	0	0	0	958	0	0	0	0	0	0	0	0	0	5878	0	0	0	0	0	0	0	534	0	0	0	0	0	0	0	0	0	0	0	140	0	156	0	0	0	0	0	3326	0	0	0	0	0	1524	0	0	0	0	0	0	0	234	0	1696	0	0	0	250	0	688	0	838	0	344	0	0	0	0	0	0	0	0	0	0	0	0	0	0	0	0	0	0	0	0	0	0	0	0	0	0	0	0	0	0	0	0	
937584	Supp_Motor_Area_L	10430	192	109414	28740	1690	2118	16734	1646	880	354	4044	118	4644	670	1010	326	6634	0	0	53402	0	2564	11980	7076	0	2082	0	0	12118	904	10358	12378	19920	31456	1436	688	2420	818	258	0	0	0	0	0	0	140	0	0	432	150	1406	0	0	0	0	0	3730	0	692	0	1016	0	806	0	0	0	320	152	11288	0	20698	11044	26696	7476	9934	2878	6922	1188	520	0	938	0	864	0	0	0	0	0	0	0	0	0	0	0	0	0	0	0	0	0	0	0	0	0	0	0	0	0	0	0	0	0	0	0	0	0	
960372	Supp_Motor_Area_R	5426	2368	41516	75394	0	5064	4270	4344	0	872	2004	2964	762	1844	0	1006	2026	958	53402	0	1096	3092	3276	15992	0	5636	0	0	2592	6222	3178	20506	9126	61820	1154	5098	1216	2864	638	476	0	0	0	474	0	1666	236	736	0	3084	0	854	0	300	0	656	788	904	0	0	330	256	0	192	0	0	168	4764	5330	15068	14474	30780	8212	12190	3488	3020	896	21284	0	0	234	192	0	110	0	0	0	0	0	1298	0	0	0	0	0	0	0	0	0	0	0	0	0	0	0	0	0	0	0	0	0	0	0	0	0	0	
104584	Olfactory_L	0	0	0	246	954	120	0	0	590	0	0	0	0	0	1226	0	0	0	0	1096	0	5640	0	0	868	128	1374	178	1546	0	3848	2104	0	0	0	220	0	218	0	0	584	0	0	0	0	0	0	0	0	0	0	0	0	0	0	0	0	0	0	0	0	0	0	0	0	0	0	0	0	0	9456	5512	7970	2488	3806	1628	0	492	0	0	0	0	0	0	0	0	0	0	0	0	0	0	0	0	0	0	0	0	0	0	0	0	0	0	0	0	0	0	0	0	0	0	0	0	0	0	
197504	Olfactory_R	0	260	2562	844	0	1146	830	340	0	0	0	0	0	0	0	1462	0	0	2564	3092	5640	0	0	0	0	2084	0	2502	0	1656	2842	3796	0	0	918	1318	548	1332	142	0	0	148	0	0	0	0	118	0	0	0	0	0	0	0	0	0	0	0	0	0	0	0	0	0	0	0	186	0	0	0	12084	14338	10656	8022	8984	6750	0	1588	0	0	0	0	0	0	0	0	0	0	0	0	0	0	0	0	0	0	0	0	0	0	0	0	0	0	0	0	0	0	0	0	0	0	0	0	0	0	
473456	Frontal_Sup_Medial_L	116	0	51964	13436	3724	2064	21146	584	112	0	2396	0	3646	0	0	0	396	0	11980	3276	0	0	0	26290	2942	4684	0	168	4766	0	33454	19978	7442	15660	0	0	0	0	0	0	0	0	0	0	0	0	0	0	0	0	0	0	0	0	0	0	160	0	0	0	116	0	0	0	0	0	0	0	0	0	1144	1292	3200	362	0	0	230	0	0	0	0	0	0	0	0	0	0	0	0	0	0	0	0	0	0	0	0	0	0	0	0	0	0	0	0	0	0	0	0	0	0	0	0	0	0	0	
590348	Frontal_Sup_Medial_R	0	0	8632	52056	136	20026	3312	6176	0	2200	148	384	290	4008	0	926	0	0	7076	15992	0	0	26290	0	462	25686	0	114	362	4354	13958	55052	1668	31496	0	0	0	0	0	0	0	0	0	0	0	0	0	0	0	0	0	0	0	0	0	0	0	0	0	0	0	0	0	0	0	0	0	0	0	0	512	9570	344	3944	0	0	0	0	0	0	0	0	0	0	0	0	0	0	0	0	0	0	0	0	0	0	0	0	0	0	0	0	0	0	0	0	0	0	0	0	0	0	0	0	0	0	
71000	Frontal_Med_Orb_L	0	0	900	0	7218	164	0	0	3252	0	0	0	0	0	208	0	0	0	0	0	868	0	2942	462	0	2638	3578	408	230	0	7030	1034	0	0	0	0	0	0	0	0	0	0	0	0	0	0	0	0	0	0	0	0	0	0	0	0	0	0	0	0	0	0	0	0	0	0	0	0	0	0	1774	136	2658	0	0	0	0	0	0	0	0	0	0	0	0	0	0	0	0	0	0	0	0	0	0	0	0	0	0	0	0	0	0	0	0	0	0	0	0	0	0	0	0	0	0	0	
331784	Frontal_Med_Orb_R	0	0	1798	14120	918	20892	262	2150	120	1580	0	448	0	1248	0	126	0	0	2082	5636	128	2084	4684	25686	2638	0	706	5168	0	2240	8066	27048	266	6994	0	0	0	0	0	0	0	0	0	0	0	0	0	0	0	0	0	0	0	0	0	0	0	0	0	0	0	0	0	0	0	0	0	0	0	0	744	18990	442	8628	0	0	0	0	0	0	0	0	0	0	0	0	0	0	0	0	0	0	0	0	0	0	0	0	0	0	0	0	0	0	0	0	0	0	0	0	0	0	0	0	0	0	
51468	Rectus_L	0	0	0	0	5754	298	0	0	4292	0	0	0	0	0	546	0	0	0	0	0	1374	0	0	0	3578	706	0	530	518	0	1988	244	0	0	0	0	0	0	0	0	572	0	0	0	0	0	0	0	0	0	0	0	0	0	0	0	0	0	0	0	0	0	0	0	0	0	0	0	0	0	2120	0	3214	0	0	0	0	0	0	0	0	0	0	0	0	0	0	0	0	0	0	0	0	0	0	0	0	0	0	0	0	0	0	0	0	0	0	0	0	0	0	0	0	0	0	0	
53700	Rectus_R	0	0	0	0	264	7686	0	0	0	388	0	0	0	0	0	2442	0	0	0	0	178	2502	168	114	408	5168	530	0	0	1318	400	432	0	0	0	0	0	0	0	0	0	0	0	0	0	0	0	0	0	0	0	0	0	0	0	0	0	0	0	0	0	0	0	0	0	0	0	0	0	0	176	2062	158	2308	148	0	0	0	0	0	0	0	0	0	0	0	0	0	0	0	0	0	0	0	0	0	0	0	0	0	0	0	0	0	0	0	0	0	0	0	0	0	0	0	0	0	
605624	Insula_L	7612	338	24636	3092	6238	0	17446	536	12328	0	19652	0	16162	0	18756	0	29576	0	12118	2592	1546	0	4766	362	230	0	518	0	0	0	6138	576	0	1016	0	0	11978	0	1524	0	488	0	168	0	0	0	444	0	0	0	1698	0	0	0	6446	0	9314	0	0	0	3176	0	520	0	302	0	220	0	1078	0	3632	1862	27460	0	916	0	6084	790	7914	0	8780	0	7286	0	3878	0	0	0	10620	0	0	0	0	0	0	0	0	0	0	0	0	0	0	0	0	0	0	0	0	0	0	0	0	0	0	0	
221744	Insula_R	0	212	672	9510	0	5382	156	2632	0	2644	0	7256	0	9986	0	8198	0	5878	904	6222	0	1656	0	4354	0	2240	0	1318	0	0	0	2696	0	1526	0	0	170	3406	134	990	0	122	0	0	0	0	0	0	0	124	0	0	0	238	0	1696	0	1000	0	0	0	240	0	0	0	0	0	128	0	0	186	910	0	22374	0	0	0	1508	0	582	0	994	0	952	0	518	0	0	0	1158	0	0	0	0	0	0	0	0	0	0	0	0	0	0	0	0	0	0	0	0	0	0	0	0	0	0	
500688	Cingulum_Ant_L	2136	0	24672	8458	6110	1872	5900	402	1842	0	6460	0	4540	0	284	0	3004	0	10358	3178	3848	2842	33454	13958	7030	8066	1988	400	6138	0	0	26804	8072	8220	0	0	1534	0	0	0	0	0	0	0	0	0	0	0	0	0	0	0	0	0	0	0	2992	0	0	0	1388	0	0	0	0	0	0	0	310	0	11502	7834	17312	4000	784	200	1694	0	508	0	250	0	0	0	0	0	0	0	0	0	0	0	0	0	0	0	0	0	0	0	0	0	0	0	0	0	0	0	0	0	0	0	0	0	0	0	
747264	Cingulum_Ant_R	0	0	12562	51604	160	19694	2796	5550	136	2134	182	484	256	3180	0	542	0	0	12378	20506	2104	3796	19978	55052	1034	27048	244	432	576	2696	26804	0	5346	46130	0	242	0	0	0	0	0	0	0	0	0	0	0	0	0	0	0	0	0	0	0	0	0	0	0	0	0	0	0	0	0	0	0	0	0	0	6014	23290	5632	12246	1780	866	0	158	0	0	0	0	0	0	0	0	0	0	0	0	0	0	0	0	0	0	0	0	0	0	0	0	0	0	0	0	0	0	0	0	0	0	0	0	0	0	
215612	Cingulum_Mid_L	2310	0	6342	4074	120	436	3094	250	0	0	0	0	0	0	0	0	0	0	19920	9126	0	0	7442	1668	0	266	0	0	0	0	8072	5346	0	17352	2376	1118	0	0	0	0	0	0	256	0	170	170	144	0	1740	370	3180	0	0	0	0	0	598	0	636	0	334	0	0	0	0	0	1234	572	7226	1506	0	236	0	122	0	0	0	0	0	0	0	0	0	0	0	0	0	0	0	0	0	0	0	0	0	0	0	0	0	0	0	0	0	0	0	0	0	0	0	0	0	0	0	0	0	0	
723400	Cingulum_Mid_R	1086	652	27206	46546	0	8526	4714	3436	0	790	490	0	480	1226	0	710	364	0	31456	61820	0	0	15660	31496	0	6994	0	0	1016	1526	8220	46130	17352	0	574	5856	230	206	0	0	0	0	0	684	0	2222	0	254	0	3958	0	1076	0	0	0	0	118	292	0	0	0	0	0	0	0	0	148	7204	1484	11250	1038	3460	640	1926	182	0	212	292	0	0	0	0	0	0	0	0	0	0	0	498	0	0	0	0	0	0	0	0	0	0	0	0	0	0	0	0	0	0	0	0	0	0	0	0	0	0	
111084	Cingulum_Post_L	452	0	724	828	0	0	116	0	0	0	0	0	0	0	0	0	0	0	1436	1154	0	918	0	0	0	0	0	0	0	0	0	0	2376	574	0	6744	4532	2564	1250	0	0	0	4200	0	948	0	1746	0	330	0	736	0	0	0	946	0	0	0	0	0	0	0	0	0	0	0	5662	228	2782	494	1134	1426	874	966	680	868	348	4870	0	0	0	0	0	0	778	0	0	0	1166	0	0	0	0	0	0	0	440	0	0	0	0	0	0	0	0	0	0	0	0	0	252	0	0	0	0	0	
145736	Cingulum_Post_R	0	478	692	1054	0	0	138	0	0	0	0	0	0	0	0	0	0	0	688	5098	220	1318	0	0	0	0	0	0	0	0	0	242	1118	5856	6744	0	2558	6836	744	1034	0	0	500	3540	0	1974	548	1964	0	722	0	188	0	0	0	128	0	202	0	0	0	0	0	0	0	0	1026	7840	240	3322	1606	1938	1156	1328	1010	1182	0	6840	0	0	0	0	0	0	0	0	0	0	0	676	0	0	0	0	0	0	0	0	0	0	0	0	0	0	0	0	0	0	0	0	120	0	0	0	0	0	
247396	Hippocampus_L	3176	162	3870	1380	0	0	2234	166	0	0	1126	0	170	0	0	0	2518	0	2420	1216	0	548	0	0	0	0	0	0	11978	170	1534	0	0	230	4532	2558	0	1792	13726	0	4144	0	1324	0	0	0	3116	372	0	0	0	0	0	0	8778	0	2378	0	0	0	468	0	444	0	0	0	1338	0	158	0	1082	1042	12626	1100	1134	530	5742	6542	1070	0	2168	0	1126	0	832	0	0	0	10102	0	0	0	0	0	0	0	388	0	0	0	0	0	0	0	0	0	0	0	0	0	188	0	0	0	0	0	
256088	Hippocampus_R	0	3552	834	2656	0	0	154	2092	0	0	0	1046	0	408	0	0	0	534	818	2864	218	1332	0	0	0	0	0	0	0	3406	0	0	0	206	2564	6836	1792	0	578	14960	0	6582	164	1384	0	362	312	3514	0	296	0	130	0	1816	0	17504	0	2136	0	0	0	160	0	238	0	0	674	3712	0	132	1930	2062	1340	13788	1044	2202	0	8182	0	0	0	1676	0	914	0	414	0	0	0	8526	0	0	0	0	0	0	0	0	0	0	0	0	0	0	0	0	0	0	0	0	0	0	0	0	0	0	
83520	ParaHippocampal_L	742	0	630	694	0	0	312	0	0	0	138	0	0	0	0	0	382	0	258	638	0	142	0	0	0	0	0	0	1524	134	0	0	0	0	1250	744	13726	578	0	0	530	0	376	0	0	0	2558	310	0	0	218	0	118	0	2400	0	396	0	0	0	0	0	0	0	0	0	628	0	0	0	288	342	2748	594	114	158	1840	2986	0	0	420	0	492	0	196	0	156	0	1720	0	0	0	0	0	0	0	112	0	0	0	0	0	0	0	0	0	0	0	0	168	0	0	0	0	0	0	
110076	ParaHippocampal_R	0	374	0	414	0	0	0	0	0	0	0	0	0	0	0	0	0	0	0	476	0	0	0	0	0	0	0	0	0	990	0	0	0	0	0	1034	0	14960	0	0	0	4912	0	722	0	184	0	2804	0	190	0	214	0	1088	0	12986	0	292	0	0	0	0	0	0	0	0	0	1326	0	0	0	0	0	5548	0	558	0	576	0	0	0	0	0	1736	0	0	0	384	0	2682	0	0	0	0	0	0	0	588	0	0	0	0	0	0	0	0	0	0	0	0	0	0	0	0	0	0	
21948	Amygdala_L	0	0	0	0	118	0	0	0	178	0	0	0	0	0	198	0	0	0	0	0	584	0	0	0	0	0	572	0	488	0	0	0	0	0	0	0	4144	0	530	0	0	0	0	0	0	0	0	0	0	0	0	0	0	0	1694	0	0	0	0	0	0	0	0	0	0	0	0	0	0	0	466	0	858	0	0	0	0	0	0	0	0	0	152	0	0	0	0	0	992	0	0	0	0	0	0	0	0	0	0	0	0	0	0	0	0	0	0	0	0	0	0	0	0	0	0	0	
44792	Amygdala_R	0	0	0	0	0	0	0	0	0	0	0	0	0	0	0	0	0	0	0	0	0	148	0	0	0	0	0	0	0	122	0	0	0	0	0	0	0	6582	0	4912	0	0	0	0	0	0	0	0	0	0	0	0	0	132	0	6614	0	0	0	0	0	0	0	0	0	0	0	0	0	0	0	0	0	1750	0	0	0	0	0	0	0	0	0	1648	0	0	0	134	0	354	0	0	0	0	0	0	0	0	0	0	0	0	0	0	0	0	0	0	0	0	0	0	0	0	0	0	
155672	Calcarine_L	232	0	0	0	0	0	0	0	0	0	0	0	0	0	0	0	0	0	0	0	0	0	0	0	0	0	0	0	168	0	0	0	256	0	4200	500	1324	164	376	0	0	0	0	3682	7852	1958	10028	1476	6966	354	13392	386	3030	0	2152	0	158	0	172	0	0	0	0	0	0	0	11014	194	1162	0	0	0	0	0	0	0	0	536	0	0	0	0	0	0	3272	142	0	0	1836	0	0	0	0	0	0	0	584	0	0	0	0	0	0	0	0	0	0	0	0	0	270	0	0	0	0	0	
294988	Calcarine_R	0	0	0	0	0	0	0	0	0	0	0	0	0	0	0	0	0	0	0	474	0	0	0	0	0	0	0	0	0	0	0	0	0	684	0	3540	0	1384	0	722	0	0	3682	0	3726	24706	584	31592	0	21138	0	17116	0	3018	0	5578	0	552	0	0	0	0	0	0	0	0	940	15808	0	964	0	0	0	148	0	0	0	184	0	0	0	0	0	0	0	5932	0	0	0	4250	0	0	0	0	0	0	0	116	0	0	0	0	0	0	0	0	0	0	0	0	656	0	0	0	0	0	
99228	Cuneus_L	0	0	0	0	0	0	0	0	0	0	0	0	0	0	0	0	0	0	0	0	0	0	0	0	0	0	0	0	0	0	0	0	170	0	948	0	0	0	0	0	0	0	7852	3726	0	5284	1648	432	11560	830	5188	0	154	0	316	0	0	0	1530	0	0	0	0	0	0	0	6480	796	1518	0	0	0	0	0	0	0	0	0	0	0	0	0	0	0	1014	0	0	0	168	0	0	0	0	0	0	0	0	0	0	0	0	0	0	0	0	0	0	0	0	0	0	0	0	0	0	0	
236784	Cuneus_R	0	138	0	0	0	0	0	0	0	0	0	0	0	0	0	0	0	0	140	1666	0	0	0	0	0	0	0	0	0	0	0	0	170	2222	0	1974	0	362	0	184	0	0	1958	24706	5284	0	138	6480	430	29302	0	7026	0	246	0	996	0	784	0	3186	0	0	0	0	0	0	3654	23320	168	1500	0	0	0	0	0	0	0	0	0	0	0	0	0	0	0	510	0	0	0	1688	0	0	0	0	0	0	0	0	0	0	0	0	0	0	0	0	0	0	0	0	160	0	0	0	0	0	
242848	Lingual_L	182	0	0	248	0	0	0	0	0	0	0	0	0	0	0	0	0	0	0	236	0	118	0	0	0	0	0	0	444	0	0	0	144	0	1746	548	3116	312	2558	0	0	0	10028	584	1648	138	0	2342	4842	0	17290	110	6370	316	13850	914	0	0	0	0	0	0	0	0	0	0	3068	0	204	0	136	154	284	148	0	0	490	1084	0	0	214	0	0	0	2166	0	0	0	964	0	4862	1320	132	0	206	0	9522	822	12324	4012	330	0	188	0	0	234	396	364	0	148	3718	3370	2480	0	0	0	
281548	Lingual_R	0	446	0	518	0	0	0	0	0	0	0	0	0	0	0	0	0	0	0	736	0	0	0	0	0	0	0	0	0	0	0	0	0	254	0	1964	372	3514	310	2804	0	0	1476	31592	432	6480	2342	0	0	8548	0	14236	0	5700	520	12198	0	646	0	0	0	0	0	0	0	0	352	7668	0	338	0	0	0	606	0	0	0	2222	0	0	0	0	0	0	0	5746	0	0	0	2372	2118	1378	0	0	0	0	276	2726	3362	7464	0	0	0	0	0	0	0	0	0	0	3440	4310	1308	0	0	0	
128828	Occipital_Sup_L	330	0	0	0	0	0	0	0	0	0	0	0	0	0	0	0	0	0	432	0	0	0	0	0	0	0	0	0	0	0	0	0	1740	0	330	0	0	0	0	0	0	0	6966	0	11560	430	4842	0	0	0	21308	0	1442	0	1036	0	0	0	5466	0	700	0	0	0	0	0	6294	0	1040	0	0	0	0	0	0	0	0	0	0	0	0	0	0	0	386	0	0	0	112	0	0	0	0	0	0	0	0	0	0	0	0	0	0	0	0	0	0	0	0	0	0	0	0	0	0	0	
273196	Occipital_Sup_R	0	660	0	150	0	0	0	132	0	0	0	0	0	0	0	0	0	140	150	3084	0	0	0	0	0	0	0	0	0	124	0	0	370	3958	0	722	0	296	0	190	0	0	354	21138	830	29302	0	8548	0	0	0	21394	0	1236	0	2606	0	3162	0	6132	0	478	0	248	0	1878	536	20364	182	5248	0	0	0	0	0	0	0	0	0	0	0	130	0	0	0	1858	0	0	0	998	0	0	0	0	0	0	0	0	0	0	0	0	0	0	0	0	0	0	0	0	0	0	0	0	0	0	
314104	Occipital_Mid_L	2612	0	160	0	0	0	306	0	0	0	0	0	0	0	0	0	928	0	1406	0	0	0	0	0	0	0	0	0	1698	0	0	0	3180	0	736	0	0	0	218	0	0	0	13392	0	5188	0	17290	0	21308	0	0	0	14372	0	6720	0	7612	0	5430	0	6826	0	3150	0	10368	0	6464	0	4906	0	0	0	114	0	0	0	192	0	486	0	0	0	0	0	17650	0	0	0	4340	0	0	0	0	0	0	0	0	0	0	0	0	0	0	0	0	0	0	0	0	0	0	0	0	0	0	0	
225404	Occipital_Mid_R	0	744	0	140	0	0	0	0	0	0	0	150	0	0	0	0	0	156	0	854	0	0	0	0	0	0	0	0	0	0	0	0	0	1076	0	188	0	130	0	214	0	0	386	17116	0	7026	110	14236	0	21394	0	0	0	4222	0	2910	0	844	0	840	0	2912	0	732	0	9650	132	7364	0	2464	0	0	0	0	0	0	0	0	0	0	0	204	0	0	0	14410	0	0	0	2098	0	0	0	0	0	0	0	0	0	0	0	0	0	0	0	0	0	0	0	0	0	0	0	0	0	0	
82260	Occipital_Inf_L	0	0	0	0	0	0	0	0	0	0	0	0	0	0	0	0	0	0	0	0	0	0	0	0	0	0	0	0	0	0	0	0	0	0	0	0	0	0	118	0	0	0	3030	0	154	0	6370	0	1442	0	14372	0	0	0	6308	0	0	0	0	0	0	0	0	0	0	0	178	0	0	0	0	0	0	0	0	0	0	0	0	0	0	0	0	0	2644	0	0	0	2118	0	1276	0	0	0	0	0	678	0	2240	0	0	0	0	0	0	0	0	0	0	0	0	202	0	0	0	0	
95136	Occipital_Inf_R	0	0	0	262	0	0	0	0	0	0	0	0	0	0	0	0	0	0	0	300	0	0	0	0	0	0	0	0	0	238	0	0	0	0	0	0	0	1816	0	1088	0	132	0	3018	0	246	316	5700	0	1236	0	4222	0	0	0	10286	0	0	0	0	0	0	0	0	0	0	0	262	0	0	0	0	0	1258	0	0	0	0	0	0	0	0	0	0	0	644	0	0	0	4244	270	320	0	0	0	0	664	2250	812	4506	0	0	0	0	188	0	0	192	0	186	1972	696	244	0	0	0	
306148	Fusiform_L	1132	0	0	0	0	0	0	0	0	0	0	0	0	0	0	0	492	0	0	0	0	0	0	0	0	0	0	0	6446	0	0	0	0	0	946	0	8778	0	2400	0	1694	0	2152	0	316	0	13850	520	1036	0	6720	0	6308	0	0	176	1166	0	0	0	138	0	122	0	136	0	1288	0	674	0	0	0	1288	0	0	0	172	0	1382	0	3098	0	1752	0	5812	0	1042	0	22270	0	14254	700	230	0	0	0	12626	330	22568	1912	122	0	702	0	0	276	0	410	0	0	2130	2012	1108	156	232	0	
357784	Fusiform_R	0	166	0	564	0	0	0	0	0	0	0	0	0	0	0	0	0	0	0	656	0	0	0	0	0	0	0	0	0	1696	0	0	0	0	0	128	0	17504	0	12986	0	6614	0	5578	0	996	914	12198	0	2606	0	2910	0	10286	176	0	0	0	0	0	0	0	0	0	0	0	0	1724	0	0	0	0	0	5924	0	0	0	188	0	0	0	1006	0	5468	0	4172	0	4542	0	18210	930	10026	0	0	0	618	1058	12460	2100	21658	0	0	0	322	270	130	0	376	0	1276	7600	2020	836	0	0	0	
334112	Postcentral_L	24768	0	3536	900	0	0	1690	298	0	0	5250	0	1200	0	0	0	12992	0	3730	788	0	0	160	0	0	0	0	0	9314	0	2992	0	598	118	0	0	2378	0	396	0	0	0	158	0	0	0	0	0	0	0	7612	0	0	0	1166	0	0	0	6418	0	26550	0	16168	0	4212	0	842	0	6980	0	2488	648	3734	0	174	0	1840	210	4214	0	3184	0	0	0	4618	0	0	0	4732	0	0	0	0	0	0	0	0	0	0	0	0	0	0	0	0	0	0	0	0	0	0	0	0	0	0	0	
118024	Postcentral_R	0	12954	0	460	0	0	0	494	0	0	0	1160	0	0	0	0	0	3326	0	904	0	0	0	0	0	0	0	0	0	1000	0	0	0	292	0	202	0	2136	0	292	0	0	0	552	0	784	0	646	0	3162	0	844	0	0	0	0	0	0	0	5910	0	4550	0	6168	0	186	0	4842	0	4594	0	0	0	166	0	0	0	2092	0	0	0	866	0	0	0	0	0	0	0	430	0	0	0	0	0	0	0	0	0	0	0	0	0	0	0	0	0	0	0	0	0	0	0	0	0	0	
82356	Parietal_Sup_L	318	0	0	0	0	0	0	0	0	0	0	0	0	0	0	0	0	0	692	0	0	0	0	0	0	0	0	0	0	0	0	0	636	0	0	0	0	0	0	0	0	0	172	0	1530	0	0	0	5466	0	5430	0	0	0	0	0	6418	0	0	0	7100	0	0	0	648	0	11546	142	782	0	0	0	0	0	0	0	0	0	0	0	0	0	0	0	136	0	0	0	162	0	0	0	0	0	0	0	0	0	0	0	0	0	0	0	0	0	0	0	0	0	0	0	0	0	0	0	
54656	Parietal_Sup_R	0	0	0	0	0	0	0	0	0	0	0	0	0	0	0	0	0	0	0	0	0	0	0	0	0	0	0	0	0	0	0	0	0	0	0	0	0	0	0	0	0	0	0	0	0	3186	0	0	0	6132	0	840	0	0	0	0	0	5910	0	0	0	2730	0	142	0	1948	434	5720	0	124	0	0	0	0	0	0	0	0	0	0	0	162	0	0	0	0	0	0	0	0	0	0	0	0	0	0	0	0	0	0	0	0	0	0	0	0	0	0	0	0	0	0	0	0	0	0	
205080	Parietal_Inf_L	7030	0	782	294	0	0	1604	0	0	0	1252	0	340	0	0	0	2228	0	1016	330	0	0	116	0	0	0	0	0	3176	0	1388	0	334	0	0	0	468	0	0	0	0	0	0	0	0	0	0	0	700	0	6826	0	0	0	138	0	26550	0	7100	0	0	0	14764	0	11768	0	0	0	1208	0	462	172	1246	0	0	0	264	0	1232	0	1568	0	0	0	4798	0	0	0	3386	0	0	0	0	0	0	0	0	0	0	0	0	0	0	0	0	0	0	0	0	0	0	0	0	0	0	0	
48824	Parietal_Inf_R	0	172	0	260	0	0	0	116	0	0	0	744	0	0	0	0	0	0	0	256	0	0	0	0	0	0	0	0	0	240	0	0	0	0	0	0	0	160	0	0	0	0	0	0	0	0	0	0	0	478	0	2912	0	0	0	0	0	4550	0	2730	0	0	0	4762	0	5684	0	364	0	0	0	0	0	0	0	0	0	516	0	0	0	216	0	0	0	134	0	0	0	118	0	0	0	0	0	0	0	0	0	0	0	0	0	0	0	0	0	0	0	0	0	0	0	0	0	0	
149292	SupraMarginal_L	2234	0	810	0	0	0	432	0	0	0	212	0	0	0	0	0	2356	0	806	0	0	0	0	0	0	0	0	0	520	0	0	0	0	0	0	0	444	0	0	0	0	0	0	0	0	0	0	0	0	0	3150	0	0	0	122	0	16168	0	0	0	14764	0	0	0	5924	0	0	0	392	0	0	0	432	0	0	0	356	0	2564	0	7136	0	0	0	10320	0	0	0	5504	0	0	0	0	0	0	0	0	0	0	0	0	0	0	0	0	0	0	0	0	0	0	0	0	0	0	0	
48712	SupraMarginal_R	0	1244	0	180	0	0	0	0	0	0	0	874	0	0	0	0	0	1524	0	192	0	0	0	0	0	0	0	0	0	0	0	0	0	0	0	0	0	238	0	0	0	0	0	0	0	0	0	0	0	248	0	732	0	0	0	0	0	6168	0	142	0	4762	0	0	0	2456	0	132	0	0	0	0	0	0	0	0	0	1268	0	0	0	2854	0	0	0	936	0	0	0	406	0	0	0	0	0	0	0	0	0	0	0	0	0	0	0	0	0	0	0	0	0	0	0	0	0	0	
88592	Angular_L	110	0	0	0	0	0	0	0	0	0	0	0	0	0	0	0	166	0	0	0	0	0	0	0	0	0	0	0	302	0	0	0	0	0	0	0	0	0	0	0	0	0	0	0	0	0	0	0	0	0	10368	0	0	0	136	0	4212	0	648	0	11768	0	5924	0	0	0	0	0	572	0	0	0	0	0	0	0	0	0	532	0	1942	0	0	0	5246	0	0	0	2370	0	0	0	0	0	0	0	0	0	0	0	0	0	0	0	0	0	0	0	0	0	0	0	0	0	0	0	
53784	Angular_R	0	0	0	0	0	0	0	0	0	0	0	0	0	0	0	0	0	0	0	0	0	0	0	0	0	0	0	0	0	0	0	0	0	0	0	0	0	0	0	0	0	0	0	0	0	0	0	0	0	1878	0	9650	0	0	0	0	0	186	0	1948	0	5684	0	2456	0	0	0	0	0	0	0	0	0	0	0	0	0	0	0	0	0	1844	0	0	0	3042	0	0	0	204	0	0	0	0	0	0	0	0	0	0	0	0	0	0	0	0	0	0	0	0	0	0	0	0	0	0	
161404	Precuneus_L	186	0	0	0	0	0	0	0	0	0	0	0	0	0	0	0	0	0	320	168	0	186	0	0	0	0	0	0	220	0	0	0	1234	148	5662	1026	1338	674	628	0	0	0	11014	940	6480	3654	3068	352	6294	536	6464	132	178	0	1288	0	842	0	11546	434	0	0	0	0	0	0	0	6850	2662	176	204	234	222	188	154	170	0	576	0	0	0	0	0	0	1510	0	0	0	1848	0	0	0	0	0	0	0	372	0	0	0	0	0	0	0	0	0	0	0	0	0	524	0	0	0	0	0	
280864	Precuneus_R	0	856	0	326	0	0	0	152	0	0	0	170	0	0	0	0	0	0	152	4764	0	0	0	0	0	0	0	0	0	128	0	0	572	7204	228	7840	0	3712	0	1326	0	0	194	15808	796	23320	0	7668	0	20364	0	7364	0	262	0	1724	0	4842	142	5720	0	364	0	132	0	0	6850	0	290	9884	0	0	0	136	0	0	0	1004	0	0	0	0	0	0	0	384	0	0	0	4776	0	0	0	0	0	0	0	116	0	0	0	0	0	0	0	0	0	0	0	0	862	0	0	0	0	0	
172492	Paracentral_Lobule_L	15332	0	8432	1452	0	0	372	0	0	0	262	0	0	0	0	0	528	0	11288	5330	0	0	0	0	0	0	0	0	1078	0	310	0	7226	1484	2782	240	158	0	0	0	0	0	1162	0	1518	168	204	0	1040	182	4906	0	0	0	674	0	6980	0	782	0	1208	0	392	0	572	0	2662	290	0	606	700	386	330	0	0	0	1708	258	138	0	154	0	0	0	1308	0	0	0	1644	0	0	0	0	0	0	0	0	0	0	0	0	0	0	0	0	0	0	0	0	0	0	0	0	0	0	0	
121756	Paracentral_Lobule_R	0	2526	0	0	0	0	0	0	0	0	0	0	0	0	0	0	0	0	0	15068	0	0	0	0	0	0	0	0	0	0	0	0	1506	11250	494	3322	0	132	0	0	0	0	0	964	0	1500	0	338	0	5248	0	2464	0	0	0	0	0	4594	0	124	0	0	0	0	0	0	176	9884	606	0	0	0	0	0	0	0	0	0	0	0	0	0	0	0	0	0	0	0	0	682	0	0	0	0	0	0	0	0	0	0	0	0	0	0	0	0	0	0	0	0	0	0	0	0	0	0	
544244	Caudate_L	3644	1340	21500	12912	1740	292	2508	6812	812	0	3232	966	798	736	128	0	2598	0	20698	14474	9456	12084	1144	512	1774	744	2120	176	3632	186	11502	6014	0	1038	1134	1606	1082	1930	288	0	466	0	0	0	0	0	136	0	0	0	0	0	0	0	0	0	2488	0	0	0	462	0	0	0	0	0	204	0	700	0	0	29460	37378	15414	12580	7452	10102	3226	0	0	318	0	124	0	0	0	0	0	0	0	0	0	0	0	0	0	0	0	0	0	0	0	0	0	0	0	0	0	0	0	0	0	0	0	0	0	
632244	Caudate_R	1190	1462	11424	24374	0	11772	1770	2160	0	1956	2632	1080	690	472	0	198	1782	234	11044	30780	5512	14338	1292	9570	136	18990	0	2062	1862	910	7834	23290	236	3460	1426	1938	1042	2062	342	0	0	0	0	0	0	0	154	0	0	0	0	0	0	0	0	0	648	0	0	0	172	0	0	0	0	0	234	0	386	0	29460	0	20240	30690	10146	7610	376	14684	0	0	0	0	0	0	0	0	0	0	0	0	0	0	0	0	0	0	0	0	0	0	0	0	0	0	0	0	0	0	0	0	0	0	0	0	0	0	
682196	Putamen_L	2824	320	31414	5098	10430	206	6630	998	10932	0	2896	0	1670	0	8038	0	4886	0	26696	8212	7970	10656	3200	344	2658	442	3214	158	27460	0	17312	5632	0	640	874	1156	12626	1340	2748	0	858	0	0	0	0	0	284	0	0	0	114	0	0	0	1288	0	3734	0	0	0	1246	0	432	0	0	0	222	0	330	0	37378	20240	0	12956	16926	6656	9386	2122	806	0	828	0	3118	0	294	0	0	0	2200	0	0	0	0	0	0	0	0	0	0	0	0	0	0	0	0	0	0	0	0	0	0	0	0	0	0	0	
493732	Putamen_R	0	820	7308	13706	0	9582	1452	2084	0	2076	0	2628	0	688	0	2974	0	1696	7476	12190	2488	8022	362	3944	0	8628	0	2308	0	22374	4000	12246	122	1926	966	1328	1100	13788	594	5548	0	1750	0	148	0	0	148	606	0	0	0	0	0	1258	0	5924	0	166	0	0	0	0	0	0	0	0	188	136	0	0	15414	30690	12956	0	5842	6748	0	6186	0	180	0	0	0	1162	0	114	0	0	0	2826	0	0	0	0	0	0	0	0	0	0	0	0	0	0	0	0	0	0	0	0	0	0	0	0	0	0	
207500	Pallidum_L	330	262	9122	1056	0	0	2092	366	0	0	202	0	0	0	0	0	484	0	9934	3488	3806	8984	0	0	0	0	0	148	916	0	784	1780	0	182	680	1010	1134	1044	114	0	0	0	0	0	0	0	0	0	0	0	0	0	0	0	0	0	174	0	0	0	0	0	0	0	0	0	154	0	0	0	12580	10146	16926	5842	0	6190	2584	1236	0	0	0	0	0	0	0	0	0	0	0	0	0	0	0	0	0	0	0	0	0	0	0	0	0	0	0	0	0	0	0	0	0	0	0	0	0	0	
125448	Pallidum_R	0	288	2876	1208	0	0	962	482	0	0	0	0	0	0	0	0	0	0	2878	3020	1628	6750	0	0	0	0	0	0	0	0	200	866	0	0	868	1182	530	2202	158	558	0	0	0	0	0	0	0	0	0	0	0	0	0	0	0	0	0	0	0	0	0	0	0	0	0	0	170	0	0	0	7452	7610	6656	6748	6190	0	0	1242	0	0	0	0	0	0	0	0	0	0	0	0	0	0	0	0	0	0	0	0	0	0	0	0	0	0	0	0	0	0	0	0	0	0	0	0	0	0	
191316	Thalamus_L	8678	110	20034	1016	176	0	2300	564	0	0	1546	254	514	134	0	0	2724	0	6922	896	0	0	230	0	0	0	0	0	6084	0	1694	0	0	212	348	0	5742	0	1840	0	0	0	0	0	0	0	490	0	0	0	192	0	0	0	172	0	1840	0	0	0	264	0	356	0	0	0	0	0	1708	0	10102	376	9386	0	2584	0	0	4872	220	0	320	0	394	0	120	0	0	0	244	0	0	0	0	0	0	0	0	0	0	0	0	0	0	0	0	0	0	0	0	0	0	0	0	0	0	0	
241176	Thalamus_R	970	2468	1458	12398	0	0	368	692	0	0	0	332	0	0	0	0	308	250	1188	21284	492	1588	0	0	0	0	0	0	790	1508	0	158	0	292	4870	6840	6542	8182	2986	576	0	0	536	184	0	0	1084	2222	0	0	0	0	0	0	0	188	210	2092	0	0	0	516	0	1268	0	0	576	1004	258	0	3226	14684	2122	6186	1236	1242	4872	0	0	0	0	0	0	0	0	0	0	0	0	182	0	0	0	0	0	0	160	0	0	0	0	0	0	0	0	0	0	0	0	0	0	0	0	0	0	0	
94212	Heschl_L	1422	0	572	0	0	0	232	0	0	0	304	0	0	0	0	0	6552	0	520	0	0	0	0	0	0	0	0	0	7914	0	508	0	0	0	0	0	1070	0	0	0	0	0	0	0	0	0	0	0	0	0	486	0	0	0	1382	0	4214	0	0	0	1232	0	2564	0	532	0	0	0	138	0	0	0	806	0	0	0	220	0	0	0	4968	0	0	0	5050	0	0	0	6420	0	0	0	0	0	0	0	0	0	0	0	0	0	0	0	0	0	0	0	0	0	0	0	0	0	0	0	
5912	Heschl_R	0	0	0	0	0	0	0	0	0	0	0	130	0	0	0	0	0	688	0	0	0	0	0	0	0	0	0	0	0	582	0	0	0	0	0	0	0	0	0	0	0	0	0	0	0	0	0	0	0	0	0	0	0	0	0	0	0	0	0	0	0	0	0	0	0	0	0	0	0	0	0	0	0	180	0	0	0	0	0	0	0	1376	0	0	0	0	0	0	0	0	0	0	0	0	0	0	0	0	0	0	0	0	0	0	0	0	0	0	0	0	0	0	0	0	0	0	
192904	Temporal_Sup_L	1442	0	1102	268	0	0	1222	0	0	0	3332	0	256	0	0	0	6622	0	938	234	0	0	0	0	0	0	0	0	8780	0	250	0	0	0	0	0	2168	0	420	0	0	0	0	0	0	0	214	0	0	0	0	0	0	0	3098	0	3184	0	0	0	1568	0	7136	0	1942	0	0	0	154	0	318	0	828	0	0	0	320	0	4968	0	0	0	6650	0	24864	0	1834	0	12340	0	0	0	0	0	0	0	0	0	0	0	0	0	0	0	0	0	0	0	0	0	0	0	0	0	0	0	
49088	Temporal_Sup_R	0	0	0	0	0	0	0	0	0	0	0	0	0	0	0	0	0	838	0	192	0	0	0	0	0	0	0	0	0	994	0	0	0	0	0	0	0	1676	0	0	0	0	0	0	0	0	0	0	0	130	0	204	0	0	0	1006	0	866	0	162	0	216	0	2854	0	1844	0	0	0	0	0	0	0	0	0	0	0	0	0	1376	0	0	0	3346	0	6842	0	150	0	1848	0	0	0	0	0	0	0	0	0	0	0	0	0	0	0	0	0	0	0	0	0	0	0	0	0	0	
93544	Temporal_Pole_Sup_L	0	0	938	0	0	0	0	0	730	0	1690	0	682	0	1608	0	1346	0	864	0	0	0	0	0	0	0	0	0	7286	0	0	0	0	0	0	0	1126	0	492	0	152	0	0	0	0	0	0	0	0	0	0	0	0	0	1752	0	0	0	0	0	0	0	0	0	0	0	0	0	0	0	124	0	3118	0	0	0	394	0	0	0	6650	0	0	0	6668	0	6460	0	4692	0	0	0	0	0	0	0	0	0	0	0	0	0	0	0	0	0	0	0	0	0	0	0	0	0	0	0	
54068	Temporal_Pole_Sup_R	0	0	0	236	0	0	0	0	0	0	0	340	0	0	0	0	0	344	0	110	0	0	0	0	0	0	0	0	0	952	0	0	0	0	0	0	0	914	0	1736	0	1648	0	0	0	0	0	0	0	0	0	0	0	0	0	5468	0	0	0	0	0	0	0	0	0	0	0	0	0	0	0	0	0	1162	0	0	0	0	0	0	0	3346	0	0	0	2766	0	5194	0	2818	0	0	0	0	0	0	0	0	0	0	0	0	0	0	0	0	0	0	0	0	0	0	0	0	0	0	
303644	Temporal_Mid_L	2364	0	0	0	0	0	302	0	0	0	526	0	0	0	0	0	1004	0	0	0	0	0	0	0	0	0	0	0	3878	0	0	0	0	0	778	0	832	0	196	0	0	0	3272	0	1014	0	2166	0	386	0	17650	0	2644	0	5812	0	4618	0	136	0	4798	0	10320	0	5246	0	1510	0	1308	0	0	0	294	0	0	0	120	0	5050	0	24864	0	6668	0	0	0	7944	0	36122	0	0	0	0	0	0	0	0	0	0	0	0	0	0	0	0	0	0	0	0	0	0	0	0	0	0	0	
130948	Temporal_Mid_R	0	150	0	0	0	0	0	0	0	0	0	292	0	0	0	0	0	0	0	0	0	0	0	0	0	0	0	0	0	518	0	0	0	0	0	0	0	414	0	0	0	0	142	5932	0	510	0	5746	0	1858	0	14410	0	644	0	4172	0	0	0	0	0	134	0	936	0	3042	0	384	0	0	0	0	0	114	0	0	0	0	0	0	0	6842	0	2766	0	0	0	1730	0	14738	0	0	0	0	0	0	0	0	0	0	0	0	0	0	0	0	0	0	0	0	0	0	0	0	0	0	
43540	Temporal_Pole_Mid_L	0	0	0	0	0	0	0	0	0	0	0	0	0	0	0	0	0	0	0	0	0	0	0	0	0	0	0	0	0	0	0	0	0	0	0	0	0	0	156	0	0	0	0	0	0	0	0	0	0	0	0	0	0	0	1042	0	0	0	0	0	0	0	0	0	0	0	0	0	0	0	0	0	0	0	0	0	0	0	0	0	1834	0	6460	0	7944	0	0	0	4334	0	0	0	0	0	0	0	0	0	0	0	0	0	0	0	0	0	0	0	0	0	0	0	0	0	0	0	
31236	Temporal_Pole_Mid_R	0	0	0	0	0	0	0	0	0	0	0	0	0	0	0	0	0	0	0	0	0	0	0	0	0	0	0	0	0	0	0	0	0	0	0	0	0	0	0	384	0	134	0	0	0	0	0	0	0	0	0	0	0	0	0	4542	0	0	0	0	0	0	0	0	0	0	0	0	0	0	0	0	0	0	0	0	0	0	0	0	0	150	0	5194	0	1730	0	0	0	3484	0	0	0	0	0	0	0	0	0	0	0	0	0	0	0	0	0	0	0	0	0	0	0	0	0	0	
298112	Temporal_Inf_L	2224	0	0	0	0	0	248	0	0	0	268	0	0	0	0	0	1978	0	0	0	0	0	0	0	0	0	0	0	10620	0	0	0	0	0	1166	0	10102	0	1720	0	992	0	1836	0	168	0	964	0	112	0	4340	0	2118	0	22270	0	4732	0	162	0	3386	0	5504	0	2370	0	1848	0	1644	0	0	0	2200	0	0	0	244	0	6420	0	12340	0	4692	0	36122	0	4334	0	0	0	1704	0	0	0	0	0	0	0	0	0	0	0	228	0	0	0	0	0	0	0	0	0	0	0	0	0	
170208	Temporal_Inf_R	0	972	0	600	0	0	0	0	0	0	0	118	0	0	0	0	0	0	0	1298	0	0	0	0	0	0	0	0	0	1158	0	0	0	498	0	676	0	8526	0	2682	0	354	0	4250	0	1688	0	2372	0	998	0	2098	0	4244	0	18210	0	430	0	0	0	118	0	406	0	204	0	4776	0	682	0	0	0	2826	0	0	0	182	0	0	0	1848	0	2818	0	14738	0	3484	0	0	0	1612	0	0	0	0	0	0	0	0	0	0	0	238	0	0	0	0	0	0	0	0	0	0	0	0	
443744	Cerebelum_Crus1_L	0	0	0	0	0	0	0	0	0	0	0	0	0	0	0	0	0	0	0	0	0	0	0	0	0	0	0	0	0	0	0	0	0	0	0	0	0	0	0	0	0	0	0	0	0	0	4862	2118	0	0	0	0	1276	270	14254	930	0	0	0	0	0	0	0	0	0	0	0	0	0	0	0	0	0	0	0	0	0	0	0	0	0	0	0	0	0	0	0	0	1704	0	0	8438	23570	4726	720	0	16626	384	50696	9002	11360	2064	18970	4574	2488	3770	1712	2614	0	0	2394	9010	16230	3414	3088	608	
372080	Cerebelum_Crus1_R	0	0	0	0	0	0	0	0	0	0	0	0	0	0	0	0	0	0	0	0	0	0	0	0	0	0	0	0	0	0	0	0	0	0	0	0	0	0	0	0	0	0	0	0	0	0	1320	1378	0	0	0	0	0	320	700	10026	0	0	0	0	0	0	0	0	0	0	0	0	0	0	0	0	0	0	0	0	0	0	0	0	0	0	0	0	0	0	0	0	0	1612	8438	0	3988	25414	0	2050	268	10388	2824	44784	144	7748	170	36602	0	5882	0	3224	0	950	3136	2290	10954	800	630	0	
249912	Cerebelum_Crus2_L	0	0	0	0	0	0	0	0	0	0	0	0	0	0	0	0	0	0	0	0	0	0	0	0	0	0	0	0	0	0	0	0	0	0	0	0	0	0	0	0	0	0	0	0	0	0	132	0	0	0	0	0	0	0	230	0	0	0	0	0	0	0	0	0	0	0	0	0	0	0	0	0	0	0	0	0	0	0	0	0	0	0	0	0	0	0	0	0	0	0	23570	3988	0	7566	0	0	206	0	1970	1894	29596	4976	25614	4504	3514	1228	812	820	0	0	184	524	11274	1872	482	0	
228352	Cerebelum_Crus2_R	0	0	0	0	0	0	0	0	0	0	0	0	0	0	0	0	0	0	0	0	0	0	0	0	0	0	0	0	0	0	0	0	0	0	0	0	0	0	0	0	0	0	0	0	0	0	0	0	0	0	0	0	0	0	0	0	0	0	0	0	0	0	0	0	0	0	0	0	0	0	0	0	0	0	0	0	0	0	0	0	0	0	0	0	0	0	0	0	0	0	4726	25414	7566	0	0	0	0	190	252	3178	2738	23828	1082	29788	0	3140	0	1298	0	0	302	354	8924	1228	168	0	
19516	Cerebelum_3_L	0	0	0	0	0	0	0	0	0	0	0	0	0	0	0	0	0	0	0	0	0	0	0	0	0	0	0	0	0	0	0	0	0	0	0	0	0	0	0	0	0	0	0	0	0	0	206	0	0	0	0	0	0	0	0	0	0	0	0	0	0	0	0	0	0	0	0	0	0	0	0	0	0	0	0	0	0	0	0	0	0	0	0	0	0	0	0	0	0	0	720	0	0	0	0	0	5240	0	1332	0	0	0	0	0	440	0	178	0	630	774	238	0	0	0	0	0	
29148	Cerebelum_3_R	0	0	0	0	0	0	0	0	0	0	0	0	0	0	0	0	0	0	0	0	0	0	0	0	0	0	0	0	0	0	0	0	0	0	0	0	0	0	0	0	0	0	0	0	0	0	0	0	0	0	0	0	0	0	0	618	0	0	0	0	0	0	0	0	0	0	0	0	0	0	0	0	0	0	0	0	0	0	0	0	0	0	0	0	0	0	0	0	0	0	0	2050	0	0	0	0	166	3344	0	3344	0	0	0	300	0	202	0	142	304	3284	694	126	0	0	0	0	
270388	Cerebelum_4_5_L	0	0	0	0	0	0	0	0	0	0	0	0	0	0	0	0	0	0	0	0	0	0	0	0	0	0	0	0	0	0	0	0	0	0	440	0	388	0	112	0	0	0	584	0	0	0	9522	276	0	0	0	0	678	664	12626	1058	0	0	0	0	0	0	0	0	0	0	372	0	0	0	0	0	0	0	0	0	0	160	0	0	0	0	0	0	0	0	0	0	0	0	16626	268	206	0	5240	166	0	2836	34524	3418	974	0	1432	0	4666	4248	3072	2762	332	1012	15228	5430	0	742	2902	2230	
167496	Cerebelum_4_5_R	0	0	0	0	0	0	0	0	0	0	0	0	0	0	0	0	0	0	0	0	0	0	0	0	0	0	0	0	0	0	0	0	0	0	0	0	0	0	0	588	0	0	0	116	0	0	822	2726	0	0	0	0	0	2250	330	12460	0	0	0	0	0	0	0	0	0	0	0	116	0	0	0	0	0	0	0	0	0	0	0	0	0	0	0	0	0	0	0	0	0	0	384	10388	0	190	0	3344	2836	0	1584	24148	118	0	0	906	428	1182	154	1554	156	2472	14008	212	118	0	0	158	
427424	Cerebelum_6_L	0	0	0	0	0	0	0	0	0	0	0	0	0	0	0	0	0	0	0	0	0	0	0	0	0	0	0	0	0	0	0	0	0	0	0	0	0	0	0	0	0	0	0	0	0	0	12324	3362	0	0	0	0	2240	812	22568	2100	0	0	0	0	0	0	0	0	0	0	0	0	0	0	0	0	0	0	0	0	0	0	0	0	0	0	0	0	0	0	0	0	0	0	50696	2824	1970	252	1332	0	34524	1584	0	9452	4522	0	8332	154	4964	3676	4354	2520	120	236	9964	14088	6308	3236	4014	1184	
411068	Cerebelum_6_R	0	0	0	0	0	0	0	0	0	0	0	0	0	0	0	0	0	0	0	0	0	0	0	0	0	0	0	0	0	0	0	0	0	0	0	0	0	0	0	0	0	0	0	0	0	0	4012	7464	0	0	0	0	0	4506	1912	21658	0	0	0	0	0	0	0	0	0	0	0	0	0	0	0	0	0	0	0	0	0	0	0	0	0	0	0	0	0	0	0	0	0	0	9002	44784	1894	3178	0	3344	3418	24148	9452	0	162	664	118	10950	918	4442	236	6166	314	2762	16702	11228	9076	1176	1848	0	
184852	Cerebelum_7b_L	0	0	0	0	0	0	0	0	0	0	0	0	0	0	0	0	0	0	0	0	0	0	0	0	0	0	0	0	0	0	0	0	0	0	0	0	0	0	0	0	0	0	0	0	0	0	330	0	0	0	0	0	0	0	122	0	0	0	0	0	0	0	0	0	0	0	0	0	0	0	0	0	0	0	0	0	0	0	0	0	0	0	0	0	0	0	0	0	0	0	11360	144	29596	2738	0	0	974	118	4522	162	0	1898	26252	2242	3762	672	776	222	0	0	310	0	3696	1986	544	0	
137140	Cerebelum_7b_R	0	0	0	0	0	0	0	0	0	0	0	0	0	0	0	0	0	0	0	0	0	0	0	0	0	0	0	0	0	0	0	0	0	0	0	0	0	0	0	0	0	0	0	0	0	0	0	0	0	0	0	0	0	0	0	0	0	0	0	0	0	0	0	0	0	0	0	0	0	0	0	0	0	0	0	0	0	0	0	0	0	0	0	0	0	0	0	0	0	0	2064	7748	4976	23828	0	0	0	0	0	664	1898	0	680	19582	0	886	0	130	0	0	0	0	5060	1054	0	0	
226748	Cerebelum_8_L	0	0	0	0	0	0	0	0	0	0	0	0	0	0	0	0	0	0	0	0	0	0	0	0	0	0	0	0	0	0	0	0	0	0	0	0	0	0	0	0	0	0	0	0	0	0	188	0	0	0	0	0	0	0	702	0	0	0	0	0	0	0	0	0	0	0	0	0	0	0	0	0	0	0	0	0	0	0	0	0	0	0	0	0	0	0	0	0	228	0	18970	170	25614	1082	0	0	1432	0	8332	118	26252	680	0	1912	14466	1658	2004	212	0	0	426	546	2528	3966	1664	224	
291608	Cerebelum_8_R	0	0	0	0	0	0	0	0	0	0	0	0	0	0	0	0	0	0	0	0	0	0	0	0	0	0	0	0	0	0	0	0	0	0	0	0	0	0	0	0	0	0	0	0	0	0	0	0	0	0	0	0	0	0	0	322	0	0	0	0	0	0	0	0	0	0	0	0	0	0	0	0	0	0	0	0	0	0	0	0	0	0	0	0	0	0	0	0	0	238	4574	36602	4504	29788	0	300	0	906	154	10950	2242	19582	1912	0	150	15702	0	4230	0	0	632	566	8208	2648	1594	0	
110716	Cerebelum_9_L	0	0	0	0	0	0	0	0	0	0	0	0	0	0	0	0	0	0	0	0	0	0	0	0	0	0	0	0	0	0	0	0	0	0	0	0	0	0	0	0	0	0	0	0	0	0	0	0	0	0	0	0	0	188	0	270	0	0	0	0	0	0	0	0	0	0	0	0	0	0	0	0	0	0	0	0	0	0	0	0	0	0	0	0	0	0	0	0	0	0	2488	0	3514	0	440	0	4666	428	4964	918	3762	0	14466	150	0	1840	5384	1158	0	0	3304	2978	294	1414	1872	860	
198272	Cerebelum_9_R	0	0	0	0	0	0	0	0	0	0	0	0	0	0	0	0	0	0	0	0	0	0	0	0	0	0	0	0	0	0	0	0	0	0	0	0	0	0	0	0	0	0	0	0	0	0	234	0	0	0	0	0	0	0	276	130	0	0	0	0	0	0	0	0	0	0	0	0	0	0	0	0	0	0	0	0	0	0	0	0	0	0	0	0	0	0	0	0	0	0	3770	5882	1228	3140	0	202	4248	1182	3676	4442	672	886	1658	15702	1840	0	772	9634	0	0	7064	9078	4036	6706	9712	2966	
51856	Cerebelum_10_L	0	0	0	0	0	0	0	0	0	0	0	0	0	0	0	0	0	0	0	0	0	0	0	0	0	0	0	0	0	0	0	0	0	0	0	0	0	0	0	0	0	0	0	0	0	0	396	0	0	0	0	0	0	0	0	0	0	0	0	0	0	0	0	0	0	0	0	0	0	0	0	0	0	0	0	0	0	0	0	0	0	0	0	0	0	0	0	0	0	0	1712	0	812	0	178	0	3072	154	4354	236	776	0	2004	0	5384	772	0	372	0	0	2280	1646	172	346	802	460	
118468	Cerebelum_10_R	0	0	0	0	0	0	0	0	0	0	0	0	0	0	0	0	0	0	0	0	0	0	0	0	0	0	0	0	0	0	0	0	0	0	0	0	0	0	0	0	0	0	0	0	0	0	364	0	0	0	0	0	0	192	410	376	0	0	0	0	0	0	0	0	0	0	0	0	0	0	0	0	0	0	0	0	0	0	0	0	0	0	0	0	0	0	0	0	0	0	2614	3224	820	1298	0	142	2762	1554	2520	6166	222	130	212	4230	1158	9634	372	0	0	0	5610	5800	2678	2264	4184	298	
14628	Vermis_1_2	0	0	0	0	0	0	0	0	0	0	0	0	0	0	0	0	0	0	0	0	0	0	0	0	0	0	0	0	0	0	0	0	0	0	0	0	0	0	0	0	0	0	0	0	0	0	0	0	0	0	0	0	0	0	0	0	0	0	0	0	0	0	0	0	0	0	0	0	0	0	0	0	0	0	0	0	0	0	0	0	0	0	0	0	0	0	0	0	0	0	0	0	0	0	630	304	332	156	120	314	0	0	0	0	0	0	0	0	0	4266	1192	0	0	0	0	0	
40316	Vermis_3	0	0	0	0	0	0	0	0	0	0	0	0	0	0	0	0	0	0	0	0	0	0	0	0	0	0	0	0	0	0	0	0	0	0	0	0	0	0	168	0	0	0	0	0	0	0	148	0	0	0	0	0	0	186	0	1276	0	0	0	0	0	0	0	0	0	0	0	0	0	0	0	0	0	0	0	0	0	0	0	0	0	0	0	0	0	0	0	0	0	0	0	950	0	0	774	3284	1012	2472	236	2762	0	0	0	0	0	0	0	0	4266	0	2470	154	0	0	0	0	
251708	Vermis_4_5	0	0	0	0	0	0	0	0	0	0	0	0	0	0	0	0	0	0	0	0	0	0	0	0	0	0	0	0	0	0	0	0	0	0	252	120	188	0	0	0	0	0	270	656	0	160	3718	3440	0	0	0	0	0	1972	2130	7600	0	0	0	0	0	0	0	0	0	0	524	862	0	0	0	0	0	0	0	0	0	0	0	0	0	0	0	0	0	0	0	0	0	0	2394	3136	184	302	238	694	15228	14008	9964	16702	310	0	426	632	3304	7064	2280	5610	1192	2470	0	9234	384	1262	4130	2814	
212056	Vermis_6	0	0	0	0	0	0	0	0	0	0	0	0	0	0	0	0	0	0	0	0	0	0	0	0	0	0	0	0	0	0	0	0	0	0	0	0	0	0	0	0	0	0	0	0	0	0	3370	4310	0	0	0	0	202	696	2012	2020	0	0	0	0	0	0	0	0	0	0	0	0	0	0	0	0	0	0	0	0	0	0	0	0	0	0	0	0	0	0	0	0	0	0	9010	2290	524	354	0	126	5430	212	14088	11228	0	0	546	566	2978	9078	1646	5800	0	154	9234	0	4954	4416	7628	3156	
217968	Vermis_7	0	0	0	0	0	0	0	0	0	0	0	0	0	0	0	0	0	0	0	0	0	0	0	0	0	0	0	0	0	0	0	0	0	0	0	0	0	0	0	0	0	0	0	0	0	0	2480	1308	0	0	0	0	0	244	1108	836	0	0	0	0	0	0	0	0	0	0	0	0	0	0	0	0	0	0	0	0	0	0	0	0	0	0	0	0	0	0	0	0	0	0	16230	10954	11274	8924	0	0	0	118	6308	9076	3696	5060	2528	8208	294	4036	172	2678	0	0	384	4954	0	4734	3212	168	
