data	data	716912	333636	1.23479e+06	915148	199724	119908	507048	210524	57384	22232	265012	251976	275192	318736	222120	89572	156132	96196	1.11846e+06	914352	130656	187272	432416	360240	25576	106448	57728	124476	646168	298948	310740	442780	145676	456912	176672	274112	304792	344596	129996	203024	40892	61440	284844	413124	215728	279472	277448	402496	223232	298184	468068	304692	201576	141572	372068	513556	287560	258436	147000	133880	219816	133112	73388	137024	87824	95296	273028	402696	325136	224260	381916	437844	427320	291772	73488	25772	195904	238900	49768	27976	197252	100452	59076	56672	258196	235396	13272	20728	314060	172928	576888	442620	390292	334728	46152	77612	455132	339288	553404	500760	361540	251004	425956	316772	80384	105308	15248	4168	39896	116472	433288	262136	209820	259852	103372	28604	
data	data	Precentral_L	Precentral_R	Frontal_Sup_L	Frontal_Sup_R	Frontal_Sup_Orb_L	Frontal_Sup_Orb_R	Frontal_Mid_L	Frontal_Mid_R	Frontal_Mid_Orb_L	Frontal_Mid_Orb_R	Frontal_Inf_Oper_L	Frontal_Inf_Oper_R	Frontal_Inf_Tri_L	Frontal_Inf_Tri_R	Frontal_Inf_Orb_L	Frontal_Inf_Orb_R	Rolandic_Oper_L	Rolandic_Oper_R	Supp_Motor_Area_L	Supp_Motor_Area_R	Olfactory_L	Olfactory_R	Frontal_Sup_Medial_L	Frontal_Sup_Medial_R	Frontal_Med_Orb_L	Frontal_Med_Orb_R	Rectus_L	Rectus_R	Insula_L	Insula_R	Cingulum_Ant_L	Cingulum_Ant_R	Cingulum_Mid_L	Cingulum_Mid_R	Cingulum_Post_L	Cingulum_Post_R	Hippocampus_L	Hippocampus_R	ParaHippocampal_L	ParaHippocampal_R	Amygdala_L	Amygdala_R	Calcarine_L	Calcarine_R	Cuneus_L	Cuneus_R	Lingual_L	Lingual_R	Occipital_Sup_L	Occipital_Sup_R	Occipital_Mid_L	Occipital_Mid_R	Occipital_Inf_L	Occipital_Inf_R	Fusiform_L	Fusiform_R	Postcentral_L	Postcentral_R	Parietal_Sup_L	Parietal_Sup_R	Parietal_Inf_L	Parietal_Inf_R	SupraMarginal_L	SupraMarginal_R	Angular_L	Angular_R	Precuneus_L	Precuneus_R	Paracentral_Lobule_L	Paracentral_Lobule_R	Caudate_L	Caudate_R	Putamen_L	Putamen_R	Pallidum_L	Pallidum_R	Thalamus_L	Thalamus_R	Heschl_L	Heschl_R	Temporal_Sup_L	Temporal_Sup_R	Temporal_Pole_Sup_L	Temporal_Pole_Sup_R	Temporal_Mid_L	Temporal_Mid_R	Temporal_Pole_Mid_L	Temporal_Pole_Mid_R	Temporal_Inf_L	Temporal_Inf_R	Cerebelum_Crus1_L	Cerebelum_Crus1_R	Cerebelum_Crus2_L	Cerebelum_Crus2_R	Cerebelum_3_L	Cerebelum_3_R	Cerebelum_4_5_L	Cerebelum_4_5_R	Cerebelum_6_L	Cerebelum_6_R	Cerebelum_7b_L	Cerebelum_7b_R	Cerebelum_8_L	Cerebelum_8_R	Cerebelum_9_L	Cerebelum_9_R	Cerebelum_10_L	Cerebelum_10_R	Vermis_1_2	Vermis_3	Vermis_4_5	Vermis_6	Vermis_7	Vermis_8	Vermis_9	Vermis_10	
716912	Precentral_L	0	7400	49068	7792	0	0	24982	644	0	0	20484	1338	1532	1664	0	0	7422	536	52622	24514	0	0	232	1766	0	0	0	0	9520	286	414	808	1396	7042	2658	2840	3448	526	990	0	0	0	1134	0	616	0	342	0	498	0	5486	0	2344	496	2670	576	23836	1354	374	0	4968	0	942	456	686	0	1394	378	27530	4866	4438	3622	3968	0	800	148	11032	1966	3616	0	4300	0	0	0	6218	0	0	0	5150	0	328	0	0	0	0	0	0	0	0	0	0	0	0	0	0	0	0	0	0	0	0	0	0	0	0	0	
333636	Precentral_R	7400	0	4444	16502	0	0	1396	5168	0	0	0	3230	0	258	0	0	0	2066	8734	15816	0	0	0	0	0	0	0	0	162	1246	152	0	294	4500	706	2620	1118	5722	408	1154	0	0	0	640	0	0	0	192	0	0	0	0	0	2394	168	3218	1718	12070	0	594	406	1146	0	3082	0	280	0	1942	9814	13286	928	5988	1052	1812	394	422	3402	14276	0	598	0	1832	0	0	154	272	0	0	178	1464	0	0	0	0	0	0	0	0	0	0	0	0	0	0	0	0	0	0	0	0	0	0	0	0	0	0	
1.23479e+06	Frontal_Sup_L	49068	4444	0	16506	12338	142	67478	1622	3622	0	18350	3114	23350	3948	7164	0	8804	258	127674	30528	206	0	50334	8680	996	488	550	0	38902	778	13794	5520	5088	7890	2182	2614	7222	1636	1894	350	0	0	0	0	0	0	270	0	0	0	1950	0	0	0	544	326	8968	1106	668	0	4742	0	1776	366	640	0	222	0	8838	1654	8442	3252	19818	286	6006	0	11002	2630	1540	0	2504	0	178	0	1018	0	0	0	1116	0	0	0	0	0	0	0	0	0	0	0	0	0	0	0	0	0	0	0	0	0	0	0	0	0	0	0	
915148	Frontal_Sup_R	7792	16502	16506	0	438	3500	4332	25880	0	836	3594	20038	1244	24570	148	1750	0	4726	28256	72832	0	1046	9178	40788	0	5672	0	1178	3196	16910	5700	32882	1420	19200	644	1722	586	4122	0	942	0	0	0	156	0	0	0	0	0	0	0	0	0	0	0	1016	334	1926	0	138	0	150	0	134	0	0	0	652	4630	2868	6936	26466	2348	18738	152	2712	362	9344	0	0	0	230	0	0	0	0	0	0	0	152	0	0	0	0	0	0	0	0	0	0	0	0	0	0	0	0	0	0	0	0	0	0	0	0	0	0	
199724	Frontal_Sup_Orb_L	0	0	12338	438	0	928	2224	0	6992	0	0	0	2922	0	13092	358	0	0	1160	354	4436	3106	11352	0	2392	340	5812	1190	8450	224	3088	1380	0	0	0	0	0	0	0	0	0	0	0	0	0	0	0	0	0	0	0	0	0	0	0	0	0	0	0	0	0	0	0	0	0	0	0	0	0	0	6688	2232	7486	298	0	0	0	0	0	0	0	0	582	0	0	0	0	0	0	0	0	0	0	0	0	0	0	0	0	0	0	0	0	0	0	0	0	0	0	0	0	0	0	0	0	0	
119908	Frontal_Sup_Orb_R	0	0	142	3500	928	0	0	530	0	2680	0	0	0	192	1204	2512	0	0	0	0	1662	7376	474	2440	338	9692	296	10912	296	828	1434	1984	0	0	0	0	0	0	0	0	0	0	0	0	0	0	0	0	0	0	0	0	0	0	0	0	0	0	0	0	0	0	0	0	0	0	0	0	0	0	1902	6328	1174	674	156	0	0	0	0	0	0	0	0	300	0	0	0	0	0	0	0	0	0	0	0	0	0	0	0	0	0	0	0	0	0	0	0	0	0	0	0	0	0	0	0	0	
507048	Frontal_Mid_L	24982	1396	67478	4332	2224	0	0	306	1802	0	17640	1028	27846	1152	6018	0	838	0	17984	5222	0	0	22094	2514	0	0	0	0	17926	184	4496	684	1234	1242	1088	1564	2562	932	380	180	0	0	0	0	0	0	0	0	0	0	160	0	0	0	0	140	1620	226	0	0	1224	0	0	0	0	0	0	0	522	232	2388	270	3336	0	522	0	3080	1390	316	0	218	0	0	0	222	0	0	0	330	0	0	0	0	0	0	0	0	0	0	0	0	0	0	0	0	0	0	0	0	0	0	0	0	0	0	0	
210524	Frontal_Mid_R	644	5168	1622	25880	0	530	306	0	0	864	476	12790	0	19104	0	2354	0	1088	2636	2694	0	0	580	5444	0	0	0	0	192	5346	718	2410	0	2750	0	0	0	2198	0	682	0	0	0	0	0	0	0	0	0	0	0	0	0	0	0	624	0	0	0	0	0	0	0	0	0	0	0	0	128	0	1908	1110	0	3824	0	452	0	740	0	0	0	0	0	0	0	0	0	0	0	0	0	0	0	0	0	0	0	0	0	0	0	0	0	0	0	0	0	0	0	0	0	0	0	0	0	0	
57384	Frontal_Mid_Orb_L	0	0	3622	0	6992	0	1802	0	0	0	0	0	1106	0	7890	0	0	0	692	0	0	0	1250	0	526	0	1594	0	2320	0	0	0	0	0	0	0	0	0	0	0	0	0	0	0	0	0	0	0	0	0	0	0	0	0	0	0	0	0	0	0	0	0	0	0	0	0	0	0	0	0	154	0	744	0	0	0	0	0	0	0	0	0	0	0	0	0	0	0	0	0	0	0	0	0	0	0	0	0	0	0	0	0	0	0	0	0	0	0	0	0	0	0	0	0	0	0	
22232	Frontal_Mid_Orb_R	0	0	0	836	0	2680	0	864	0	0	0	0	0	400	0	3010	0	0	0	0	0	968	0	0	0	538	0	1314	0	0	0	0	0	0	0	0	0	0	0	0	0	0	0	0	0	0	0	0	0	0	0	0	0	0	0	0	0	0	0	0	0	0	0	0	0	0	0	0	0	0	0	506	0	0	0	0	0	0	0	0	0	0	0	0	0	0	0	0	0	0	0	0	0	0	0	0	0	0	0	0	0	0	0	0	0	0	0	0	0	0	0	0	0	0	0	0	
265012	Frontal_Inf_Oper_L	20484	0	18350	3594	0	0	17640	476	0	0	0	1690	8976	2036	0	0	7734	0	17278	4792	0	0	1298	2320	0	0	0	0	10832	282	1564	1752	190	2660	0	0	258	0	0	0	0	0	0	0	0	0	0	0	0	0	484	0	0	0	182	0	2000	0	0	0	1418	0	136	0	228	0	0	0	0	0	0	0	868	0	0	0	0	0	702	0	912	0	162	0	824	0	0	0	384	0	0	0	0	0	0	0	0	0	0	0	0	0	0	0	0	0	0	0	0	0	0	0	0	0	0	0	
251976	Frontal_Inf_Oper_R	1338	3230	3114	20038	0	0	1028	12790	0	0	1690	0	432	33652	0	242	0	4096	5414	13040	0	0	372	1360	0	0	0	0	582	6808	562	418	0	1930	0	0	0	1620	0	576	0	0	0	0	0	0	0	0	0	0	0	0	0	0	0	798	0	876	0	0	0	0	0	0	0	0	0	0	0	0	2102	1296	0	4378	0	922	0	966	0	170	0	148	0	0	0	0	0	0	0	0	0	0	0	0	0	0	0	0	0	0	0	0	0	0	0	0	0	0	0	0	0	0	0	0	0	0	
275192	Frontal_Inf_Tri_L	1532	0	23350	1244	2922	0	27846	0	1106	0	8976	432	0	564	7994	0	222	0	6110	2106	0	0	11268	918	0	0	296	0	33148	130	3816	772	854	1322	0	0	0	0	0	0	0	0	0	0	0	0	0	0	0	0	0	0	0	0	0	0	0	0	0	0	0	0	0	0	0	0	0	0	0	0	344	0	324	0	0	0	0	0	0	0	0	0	0	0	0	0	0	0	0	0	0	0	0	0	0	0	0	0	0	0	0	0	0	0	0	0	0	0	0	0	0	0	0	0	0	0	
318736	Frontal_Inf_Tri_R	1664	258	3948	24570	0	192	1152	19104	0	400	2036	33652	564	0	0	4322	0	316	6702	11460	0	0	1234	3478	0	0	0	0	686	17978	1372	5876	304	5960	0	0	0	1180	0	292	0	0	0	0	0	0	0	0	0	0	0	0	0	0	0	516	0	0	0	0	0	0	0	0	0	0	0	0	0	0	2388	2522	0	3580	0	836	0	826	0	0	0	0	0	0	0	0	0	0	0	0	0	0	0	0	0	0	0	0	0	0	0	0	0	0	0	0	0	0	0	0	0	0	0	0	0	0	
222120	Frontal_Inf_Orb_L	0	0	7164	148	13092	1204	6018	0	7890	0	0	0	7994	0	0	436	0	0	960	0	6422	4964	3876	0	270	370	2860	1926	14090	296	3396	2546	0	0	0	0	0	0	0	0	192	0	0	0	0	0	0	0	0	0	0	0	0	0	0	0	0	0	0	0	0	0	0	0	0	0	0	0	0	0	7750	3158	10870	492	0	0	0	0	0	0	0	0	2676	0	0	0	0	0	0	0	0	0	0	0	0	0	0	0	0	0	0	0	0	0	0	0	0	0	0	0	0	0	0	0	0	0	
89572	Frontal_Inf_Orb_R	0	0	0	1750	358	2512	0	2354	0	3010	0	242	0	4322	436	0	0	0	0	814	548	2184	0	0	0	0	0	2244	204	10178	0	0	0	0	0	0	0	0	0	0	0	0	0	0	0	0	0	0	0	0	0	0	0	0	0	0	0	0	0	0	0	0	0	0	0	0	0	0	0	0	1154	3938	998	4898	0	0	0	0	0	0	0	0	0	2182	0	0	0	460	0	0	0	0	0	0	0	0	0	0	0	0	0	0	0	0	0	0	0	0	0	0	0	0	0	0	0	0	
156132	Rolandic_Oper_L	7422	0	8804	0	0	0	838	0	0	0	7734	0	222	0	0	0	0	0	9978	0	0	0	0	0	0	0	0	0	14138	0	368	134	0	0	0	0	750	0	0	0	0	0	0	0	0	0	0	0	0	0	1908	0	138	0	540	0	8530	0	940	0	1440	0	1206	0	132	0	0	0	404	0	0	0	1706	0	356	0	0	0	2240	0	6432	0	232	0	630	0	0	0	844	0	0	0	0	0	0	0	0	0	0	0	0	0	0	0	0	0	0	0	0	0	0	0	0	0	0	0	
96196	Rolandic_Oper_R	536	2066	258	4726	0	0	0	1088	0	0	0	4096	0	316	0	0	0	0	680	3122	0	0	0	0	0	0	0	0	0	12902	0	0	0	0	0	0	0	2298	0	546	0	0	0	0	0	0	0	0	0	0	0	0	0	0	0	924	0	2556	0	214	0	230	0	946	0	0	0	0	472	412	0	0	0	4212	0	310	0	700	0	1786	0	2062	0	328	0	150	0	0	0	162	0	0	0	0	0	0	0	0	0	0	0	0	0	0	0	0	0	0	0	0	0	0	0	0	0	0	
1.11846e+06	Supp_Motor_Area_L	52622	8734	127674	28256	1160	0	17984	2636	692	0	17278	5414	6110	6702	960	0	9978	680	0	59116	0	0	8986	8840	0	0	0	0	27496	1114	8932	7066	11332	21818	1076	1256	4132	414	1078	0	0	0	0	0	410	0	0	0	240	0	1928	0	0	0	476	146	8532	1080	662	0	4456	0	1756	378	636	0	572	296	22270	3288	9114	4364	22434	438	5808	372	10284	1874	1438	0	4376	0	180	0	964	0	0	0	922	0	0	0	0	0	0	0	0	0	0	0	0	0	0	0	0	0	0	0	0	0	0	0	0	0	0	0	
914352	Supp_Motor_Area_R	24514	15816	30528	72832	354	0	5222	2694	0	0	4792	13040	2106	11460	0	814	0	3122	59116	0	0	0	2838	15292	0	0	0	0	3814	9216	3774	19838	6760	42616	1454	4128	302	704	0	270	0	0	256	724	268	212	0	160	0	0	260	0	0	1228	156	1324	614	5152	0	226	386	226	0	622	0	0	434	2922	16046	26984	4866	18046	2422	10958	142	1320	322	760	0	218	0	1252	0	0	160	158	0	0	258	678	0	0	0	0	0	0	0	0	0	0	0	0	0	0	0	0	0	0	0	0	0	0	0	0	0	0	
130656	Olfactory_L	0	0	206	0	4436	1662	0	0	0	0	0	0	0	0	6422	548	0	0	0	0	0	7210	396	0	0	540	2122	2184	5382	382	3846	3148	0	0	0	0	1258	0	300	0	1550	0	0	0	0	0	0	0	0	0	0	0	0	0	316	0	0	0	0	0	0	0	0	0	0	0	0	0	0	0	9890	4478	5578	802	0	0	0	0	0	0	0	0	2476	0	0	0	0	0	196	0	0	0	0	0	0	0	0	0	0	0	0	0	0	0	0	0	0	0	0	0	0	0	0	0	0	0	
187272	Olfactory_R	0	0	0	1046	3106	7376	0	0	0	968	0	0	0	0	4964	2184	0	0	0	0	7210	0	348	562	0	4676	1170	9728	1684	2938	4038	4778	0	0	0	0	0	0	0	304	0	752	0	0	0	0	0	0	0	0	0	0	0	0	0	0	0	0	0	0	0	0	0	0	0	0	0	0	0	0	11112	12640	8084	1904	1276	0	0	0	0	0	0	0	0	788	0	0	0	0	0	0	0	0	0	0	0	0	0	0	0	0	0	0	0	0	0	0	0	0	0	0	0	0	0	0	0	0	
432416	Frontal_Sup_Medial_L	232	0	50334	9178	11352	474	22094	580	1250	0	1298	372	11268	1234	3876	0	0	0	8986	2838	396	348	0	19996	2754	1256	1772	202	14486	562	17554	11762	2858	7716	0	0	0	0	0	0	0	0	0	0	0	0	0	0	0	0	0	0	0	0	0	0	0	0	0	0	0	0	0	0	0	0	0	0	0	0	3592	610	4978	0	0	0	0	0	0	0	0	0	0	0	0	0	0	0	0	0	0	0	0	0	0	0	0	0	0	0	0	0	0	0	0	0	0	0	0	0	0	0	0	0	0	0	
360240	Frontal_Sup_Medial_R	1766	0	8680	40788	0	2440	2514	5444	0	0	2320	1360	918	3478	0	0	0	0	8840	15292	0	562	19996	0	358	6626	0	1018	1196	1838	3602	23316	180	14802	0	0	0	0	0	0	0	0	0	0	0	0	0	0	0	0	0	0	0	0	0	0	0	0	0	0	0	0	0	0	0	0	0	0	0	0	506	8196	228	3856	0	0	0	0	0	0	0	0	0	0	0	0	0	0	0	0	0	0	0	0	0	0	0	0	0	0	0	0	0	0	0	0	0	0	0	0	0	0	0	0	0	0	
25576	Frontal_Med_Orb_L	0	0	996	0	2392	338	0	0	526	0	0	0	0	0	270	0	0	0	0	0	0	0	2754	358	0	802	1518	154	236	0	1998	160	0	0	0	0	0	0	0	0	0	0	0	0	0	0	0	0	0	0	0	0	0	0	0	0	0	0	0	0	0	0	0	0	0	0	0	0	0	0	286	0	0	0	0	0	0	0	0	0	0	0	0	0	0	0	0	0	0	0	0	0	0	0	0	0	0	0	0	0	0	0	0	0	0	0	0	0	0	0	0	0	0	0	0	0	
106448	Frontal_Med_Orb_R	0	0	488	5672	340	9692	0	0	0	538	0	0	0	0	370	0	0	0	0	0	540	4676	1256	6626	802	0	272	8906	0	0	2442	5388	0	0	0	0	0	0	0	0	0	0	0	0	0	0	0	0	0	0	0	0	0	0	0	0	0	0	0	0	0	0	0	0	0	0	0	0	0	0	518	4246	196	256	0	0	0	0	0	0	0	0	0	0	0	0	0	0	0	0	0	0	0	0	0	0	0	0	0	0	0	0	0	0	0	0	0	0	0	0	0	0	0	0	0	0	
57728	Rectus_L	0	0	550	0	5812	296	0	0	1594	0	0	0	296	0	2860	0	0	0	0	0	2122	1170	1772	0	1518	272	0	696	1600	0	4112	1038	0	0	0	0	0	0	0	0	0	0	0	0	0	0	0	0	0	0	0	0	0	0	0	0	0	0	0	0	0	0	0	0	0	0	0	0	0	0	1838	344	552	0	0	0	0	0	0	0	0	0	422	0	0	0	0	0	0	0	0	0	0	0	0	0	0	0	0	0	0	0	0	0	0	0	0	0	0	0	0	0	0	0	0	0	
124476	Rectus_R	0	0	0	1178	1190	10912	0	0	0	1314	0	0	0	0	1926	2244	0	0	0	0	2184	9728	202	1018	154	8906	696	0	536	1856	1752	4264	0	0	0	0	0	0	0	0	0	0	0	0	0	0	0	0	0	0	0	0	0	0	0	0	0	0	0	0	0	0	0	0	0	0	0	0	0	0	2780	5844	1772	940	226	0	0	0	0	0	0	0	0	616	0	0	0	0	0	0	0	0	0	0	0	0	0	0	0	0	0	0	0	0	0	0	0	0	0	0	0	0	0	0	0	0	
646168	Insula_L	9520	162	38902	3196	8450	296	17926	192	2320	0	10832	582	33148	686	14090	204	14138	0	27496	3814	5382	1684	14486	1196	236	0	1600	536	0	282	7910	1224	738	1158	184	244	7988	224	466	0	2194	0	0	0	0	0	0	0	0	0	2792	0	476	0	3702	0	5920	0	696	0	1542	0	776	0	0	0	178	0	460	0	8380	1502	25132	174	0	0	488	162	5418	0	12886	0	4544	0	5726	0	0	0	8250	0	194	0	0	0	0	0	0	0	0	0	0	0	0	0	0	0	0	0	0	0	0	0	0	0	0	0	
298948	Insula_R	286	1246	778	16910	224	828	184	5346	0	0	282	6808	130	17978	296	10178	0	12902	1114	9216	382	2938	562	1838	0	0	0	1856	282	0	774	3832	184	2918	0	140	0	5722	0	1212	0	1056	0	0	0	0	0	0	0	0	0	0	0	194	0	3848	0	446	0	0	0	0	0	364	0	0	0	0	0	0	1304	3502	1058	18446	186	0	0	1688	0	2044	0	3300	0	2522	0	838	0	442	0	890	0	0	0	0	0	0	0	0	0	0	0	0	0	0	0	0	0	0	0	0	0	0	0	0	0	0	
310740	Cingulum_Ant_L	414	152	13794	5700	3088	1434	4496	718	0	0	1564	562	3816	1372	3396	0	368	0	8932	3774	3846	4038	17554	3602	1998	2442	4112	1752	7910	774	0	19154	8052	4488	0	0	0	0	0	0	0	0	0	0	0	0	0	0	0	0	0	0	0	0	0	0	0	0	0	0	0	0	0	0	0	0	0	0	0	0	10254	3956	6570	1288	0	0	0	0	0	0	0	0	0	0	0	0	0	0	0	0	0	0	0	0	0	0	0	0	0	0	0	0	0	0	0	0	0	0	0	0	0	0	0	0	0	0	
442780	Cingulum_Ant_R	808	0	5520	32882	1380	1984	684	2410	0	0	1752	418	772	5876	2546	0	134	0	7066	19838	3148	4778	11762	23316	160	5388	1038	4264	1224	3832	19154	0	3864	19144	0	0	0	0	0	0	0	0	0	0	0	0	0	0	0	0	0	0	0	0	0	0	0	0	0	0	0	0	0	0	0	0	0	0	0	0	6032	19236	1904	8854	0	0	0	222	0	0	0	0	0	0	0	0	0	0	0	0	0	0	0	0	0	0	0	0	0	0	0	0	0	0	0	0	0	0	0	0	0	0	0	0	0	0	
145676	Cingulum_Mid_L	1396	294	5088	1420	0	0	1234	0	0	0	190	0	854	304	0	0	0	0	11332	6760	0	0	2858	180	0	0	0	0	738	184	8052	3864	0	11930	2300	546	0	0	0	0	0	0	1278	0	1806	0	0	0	674	0	0	0	0	0	0	0	0	244	0	0	0	0	0	0	0	0	4038	896	3810	568	0	0	0	0	0	0	0	0	0	0	0	0	0	0	0	0	0	0	0	0	0	0	0	0	0	0	0	0	0	0	0	0	0	0	0	0	0	0	0	0	0	0	0	0	0	0	
456912	Cingulum_Mid_R	7042	4500	7890	19200	0	0	1242	2750	0	0	2660	1930	1322	5960	0	0	0	0	21818	42616	0	0	7716	14802	0	0	0	0	1158	2918	4488	19144	11930	0	1600	7832	0	0	0	0	0	0	232	1622	226	550	0	0	0	378	0	240	0	0	0	0	444	862	0	0	350	0	0	0	0	0	710	9052	10008	12804	160	0	164	0	0	0	136	0	0	0	0	0	0	0	0	0	0	0	0	0	0	0	0	0	0	0	0	0	0	0	0	0	0	0	0	0	0	0	0	0	0	0	0	0	0	0	
176672	Cingulum_Post_L	2658	706	2182	644	0	0	1088	0	0	0	0	0	0	0	0	0	0	0	1076	1454	0	0	0	0	0	0	0	0	184	0	0	0	2300	1600	0	17914	7078	4438	3506	2822	0	0	2312	0	342	0	876	824	0	0	1956	0	1246	3184	2122	4124	1448	940	0	0	180	0	0	0	0	0	5188	1976	1894	1418	0	0	164	210	0	0	640	2414	146	0	0	0	0	0	872	0	0	0	2572	240	182	0	0	0	0	0	0	0	0	0	0	0	0	0	0	0	0	0	0	0	1216	0	0	0	0	0	
274112	Cingulum_Post_R	2840	2620	2614	1722	0	0	1564	0	0	0	0	0	0	0	0	0	0	0	1256	4128	0	0	0	0	0	0	0	0	244	140	0	0	546	7832	17914	0	7730	7024	3656	3768	0	0	260	6388	134	170	590	2408	0	0	1708	174	1054	6074	854	6254	2046	3972	0	0	184	0	0	0	0	0	1028	16662	3146	6378	0	0	276	290	0	0	2474	4256	128	0	156	0	0	0	806	0	0	0	998	1000	0	0	0	0	0	0	0	0	0	0	0	0	0	0	0	0	0	0	0	0	1590	0	0	0	0	0	
304792	Hippocampus_L	3448	1118	7222	586	0	0	2562	0	0	0	258	0	0	0	0	0	750	0	4132	302	1258	0	0	0	0	0	0	0	7988	0	0	0	0	0	7078	7730	0	5202	17096	3210	6842	0	558	0	0	0	4824	1264	0	0	194	0	350	0	16110	1096	1410	212	0	0	132	0	0	0	0	0	1768	978	348	152	618	0	8046	316	1554	0	5610	4068	1056	0	2912	0	704	0	2872	0	0	0	15944	0	470	0	0	0	0	0	404	0	672	0	0	0	0	0	0	0	0	0	0	0	972	0	0	0	0	0	
344596	Hippocampus_R	526	5722	1636	4122	0	0	932	2198	0	0	0	1620	0	1180	0	0	0	2298	414	704	0	0	0	0	0	0	0	0	224	5722	0	0	0	0	4438	7024	5202	0	2448	26036	0	8978	0	260	0	0	314	4642	0	0	168	0	140	1200	566	35822	166	1836	0	144	0	236	0	806	0	0	0	3112	158	0	364	210	276	10590	0	278	2426	12992	0	164	0	2200	0	0	152	1474	0	0	156	7676	0	162	0	0	0	0	0	1468	0	240	0	0	0	0	0	0	0	0	0	0	476	0	0	0	0	0	
129996	ParaHippocampal_L	990	408	1894	0	0	0	380	0	0	0	0	0	0	0	0	0	0	0	1078	0	300	0	0	0	0	0	0	0	466	0	0	0	0	0	3506	3656	17096	2448	0	2032	1456	0	322	0	0	0	4480	1136	0	0	0	0	132	0	7372	530	0	0	0	0	0	0	0	0	0	0	944	642	0	0	188	0	2696	0	0	0	1866	1982	0	0	0	0	444	0	0	0	268	0	3258	0	740	0	0	0	0	0	560	0	1046	0	0	0	0	0	0	0	0	0	0	0	682	0	0	0	0	0	
203024	ParaHippocampal_R	0	1154	350	942	0	0	180	682	0	0	0	576	0	292	0	0	0	546	0	270	0	304	0	0	0	0	0	0	0	1212	0	0	0	0	2822	3768	3210	26036	2032	0	0	6016	0	394	0	0	226	5438	0	0	0	0	0	216	426	20928	0	170	0	0	0	0	0	0	0	0	0	2858	0	0	0	0	0	4268	0	212	966	7568	0	0	0	0	0	986	0	0	0	388	0	444	0	170	0	0	0	0	0	3184	0	760	0	0	0	184	0	268	0	0	0	0	526	0	0	302	238	0	
40892	Amygdala_L	0	0	0	0	0	0	0	0	0	0	0	0	0	0	192	0	0	0	0	0	1550	0	0	0	0	0	0	0	2194	0	0	0	0	0	0	0	6842	0	1456	0	0	0	0	0	0	0	0	0	0	0	0	0	0	0	3734	0	0	0	0	0	0	0	0	0	0	0	0	0	0	0	508	0	1218	0	0	0	244	0	0	0	0	0	1036	0	230	0	0	0	1242	0	0	0	0	0	0	0	0	0	0	0	0	0	0	0	0	0	0	0	0	0	0	0	0	0	0	0	
61440	Amygdala_R	0	0	0	0	0	0	0	0	0	0	0	0	0	0	0	0	0	0	0	0	0	752	0	0	0	0	0	0	0	1056	0	0	0	0	0	0	0	8978	0	6016	0	0	0	0	0	0	0	0	0	0	0	0	0	0	0	9866	0	0	0	0	0	0	0	0	0	0	0	0	0	0	0	0	0	910	0	0	0	0	0	0	0	0	0	1394	0	0	0	0	0	1748	0	0	0	0	0	0	0	0	0	0	0	0	0	0	0	0	0	0	0	0	0	0	0	0	0	0	
284844	Calcarine_L	1134	0	0	0	0	0	0	0	0	0	0	0	0	0	0	0	0	0	0	256	0	0	0	0	0	0	0	0	0	0	0	0	1278	232	2312	260	558	0	322	0	0	0	0	6958	20952	5104	8854	2446	11654	2134	17342	750	10090	0	4680	0	2474	0	802	0	428	0	340	0	0	0	24882	666	3926	200	0	0	0	0	0	0	0	0	0	0	150	0	0	0	3380	0	0	0	7038	0	186	132	0	0	0	0	0	0	0	186	0	0	0	0	0	0	0	0	0	0	316	0	0	0	0	0	
413124	Calcarine_R	0	640	0	156	0	0	0	0	0	0	0	0	0	0	0	0	0	0	0	724	0	0	0	0	0	0	0	0	0	0	0	0	0	1622	0	6388	0	260	0	394	0	0	6958	0	4044	33568	692	21168	494	30704	0	30730	0	6834	0	4958	0	3786	0	500	0	230	0	362	0	446	454	33596	0	1588	0	0	0	0	0	0	0	0	0	0	0	0	0	0	0	10858	0	0	0	4248	0	0	0	0	0	0	0	0	0	0	0	0	0	0	0	0	0	0	0	0	160	0	0	0	0	0	
215728	Cuneus_L	616	0	0	0	0	0	0	0	0	0	0	0	0	0	0	0	0	0	410	268	0	0	0	0	0	0	0	0	0	0	0	0	1806	226	342	134	0	0	0	0	0	0	20952	4044	0	5688	1106	614	22820	2002	6662	760	1514	0	262	0	1794	0	4846	0	474	0	638	0	224	0	19914	2294	5012	220	0	0	0	0	0	0	0	0	0	0	186	0	0	0	1436	0	0	0	600	0	0	0	0	0	0	0	0	0	0	0	0	0	0	0	0	0	0	0	0	0	0	0	0	0	0	0	
279472	Cuneus_R	0	0	0	0	0	0	0	0	0	0	0	0	0	0	0	0	0	0	0	212	0	0	0	0	0	0	0	0	0	0	0	0	0	550	0	170	0	0	0	0	0	0	5104	33568	5688	0	426	6900	302	39092	0	19058	0	1142	0	330	0	1826	0	2798	0	254	0	0	0	316	1310	18002	0	370	0	0	0	0	0	0	0	0	0	0	0	0	0	0	0	2186	0	0	0	132	0	0	0	0	0	0	0	0	0	0	0	0	0	0	0	0	0	0	0	0	0	0	0	0	0	0	
277448	Lingual_L	342	0	270	0	0	0	0	0	0	0	0	0	0	0	0	0	0	0	0	0	0	0	0	0	0	0	0	0	0	0	0	0	0	0	876	590	4824	314	4480	226	0	0	8854	692	1106	426	0	3794	3634	334	10008	0	5182	0	18508	1148	1012	0	1076	0	1876	0	0	0	0	0	3382	0	188	0	0	0	132	0	0	0	632	292	0	0	0	0	0	0	722	0	0	0	860	0	9888	3586	786	364	762	0	13370	4552	13526	4576	168	148	0	0	0	0	0	0	0	0	7814	2406	998	0	0	0	
402496	Lingual_R	0	192	0	0	0	0	0	0	0	0	0	0	0	0	0	0	0	0	0	160	0	0	0	0	0	0	0	0	0	0	0	0	0	0	824	2408	1264	4642	1136	5438	0	0	2446	21168	614	6900	3794	0	242	8200	0	9948	0	4318	1306	18908	0	164	0	0	0	0	0	0	0	0	136	8440	0	182	0	0	0	0	0	0	356	2260	0	0	0	0	0	0	0	3120	0	0	0	694	9874	6176	1520	314	0	150	8148	11134	11202	12360	310	218	982	640	398	0	0	0	0	286	12134	11252	3864	482	244	300	
223232	Occipital_Sup_L	498	0	0	0	0	0	0	0	0	0	0	0	0	0	0	0	0	0	240	0	0	0	0	0	0	0	0	0	0	0	0	0	674	0	0	0	0	0	0	0	0	0	11654	494	22820	302	3634	242	0	0	35018	0	7364	0	594	0	1162	0	8482	0	2752	0	0	0	0	0	11462	0	1940	0	0	0	0	0	0	0	0	0	0	0	0	0	0	0	2124	0	0	0	160	0	0	0	0	0	0	0	0	0	0	0	0	0	0	0	0	0	0	0	0	0	0	0	0	0	0	0	
298184	Occipital_Sup_R	0	0	0	0	0	0	0	0	0	0	0	0	0	0	0	0	0	0	0	0	0	0	0	0	0	0	0	0	0	0	0	0	0	378	0	0	0	0	0	0	0	0	2134	30704	2002	39092	334	8200	0	0	0	30182	0	1712	0	690	0	1188	0	5882	0	3292	0	278	0	4064	474	14376	0	802	0	0	0	0	0	0	0	0	0	0	0	0	0	0	0	3166	0	0	0	142	0	0	0	0	0	0	0	0	0	0	0	0	0	0	0	0	0	0	0	0	0	0	0	0	0	0	
468068	Occipital_Mid_L	5486	0	1950	0	0	0	160	0	0	0	484	0	0	0	0	0	1908	0	1928	260	0	0	0	0	0	0	0	0	2792	0	0	0	0	0	1956	1708	194	168	0	0	0	0	17342	0	6662	0	10008	0	35018	0	0	0	35956	930	8830	948	10924	224	15132	0	19950	0	1648	0	15634	0	8706	250	2470	230	0	0	0	0	0	0	0	0	190	0	2008	0	0	0	14680	0	0	0	7028	0	128	0	0	0	0	0	0	0	144	0	0	0	0	0	0	0	0	0	0	0	0	0	0	0	0	0	
304692	Occipital_Mid_R	0	0	0	0	0	0	0	0	0	0	0	0	0	0	0	0	0	0	0	0	0	0	0	0	0	0	0	0	0	0	0	0	0	240	0	174	0	0	0	0	0	0	750	30730	760	19058	0	9948	0	30182	0	0	0	5358	0	3968	0	998	0	2366	0	2670	0	274	0	10558	0	11554	0	592	0	0	0	0	0	0	0	0	0	0	0	262	0	0	0	18620	0	0	0	3284	0	0	0	0	0	0	0	0	0	0	0	0	0	0	0	0	0	0	0	0	0	0	0	0	0	0	
201576	Occipital_Inf_L	2344	0	0	0	0	0	0	0	0	0	0	0	0	0	0	0	138	0	0	0	0	0	0	0	0	0	0	0	476	0	0	0	0	0	1246	1054	350	140	132	0	0	0	10090	0	1514	0	5182	0	7364	0	35956	0	0	566	10126	594	1640	0	918	0	1428	0	0	0	0	0	3696	128	872	0	0	0	0	0	0	0	0	0	0	0	134	0	0	0	2842	0	0	0	8928	0	798	0	0	0	0	0	226	0	1006	0	0	0	0	0	0	0	0	0	0	0	228	348	324	0	0	0	
141572	Occipital_Inf_R	496	2394	0	0	0	0	0	0	0	0	0	0	0	0	0	0	0	0	0	1228	0	0	0	0	0	0	0	0	0	194	0	0	0	0	3184	6074	0	1200	0	216	0	0	0	6834	0	1142	0	4318	0	1712	930	5358	566	0	190	14330	958	426	0	0	0	0	0	0	0	0	0	5082	678	1160	0	0	0	0	0	0	0	142	0	0	0	0	0	0	342	3276	0	0	588	6594	0	260	0	0	0	0	0	0	0	346	0	0	0	0	0	0	0	0	0	0	0	342	226	0	0	0	
372068	Fusiform_L	2670	168	544	0	0	0	0	0	0	0	182	0	0	0	0	0	540	0	476	156	316	0	0	0	0	0	0	0	3702	0	0	0	0	0	2122	854	16110	566	7372	426	3734	0	4680	0	262	0	18508	1306	594	0	8830	0	10126	190	0	728	1664	0	1024	0	2246	0	274	0	140	0	3760	282	524	136	0	0	1166	0	0	0	724	472	224	0	1734	0	742	0	1410	0	188	0	21910	0	21812	478	1238	0	0	0	9034	770	22400	720	712	0	196	0	0	0	0	0	0	0	2714	1420	758	0	0	0	
513556	Fusiform_R	576	3218	326	1016	0	0	140	624	0	0	0	798	0	516	0	0	0	924	146	1324	0	0	0	0	0	0	0	0	0	3848	0	0	0	0	4124	6254	1096	35822	530	20928	0	9866	0	4958	0	330	1148	18908	0	690	948	3968	594	14330	728	0	974	726	0	0	0	0	0	0	0	0	0	3786	694	862	0	0	0	6704	0	206	516	4076	0	178	0	1854	0	4068	344	5598	0	1684	596	18574	3474	13486	416	500	0	470	4174	10620	3844	17574	198	198	382	898	0	254	0	0	0	256	5878	2252	1184	346	256	0	
287560	Postcentral_L	23836	1718	8968	334	0	0	1620	0	0	0	2000	0	0	0	0	0	8530	0	8532	614	0	0	0	0	0	0	0	0	5920	0	0	0	0	444	1448	2046	1410	166	0	0	0	0	2474	0	1794	0	1012	0	1162	0	10924	0	1640	958	1664	974	0	1074	8928	0	16256	0	5248	286	668	0	3712	0	3048	686	0	0	2000	0	748	0	246	0	1522	0	4480	0	0	0	3042	0	0	0	1648	0	0	0	0	0	0	0	0	0	0	0	0	0	0	0	0	0	0	0	0	0	0	0	0	0	0	0	
258436	Postcentral_R	1354	12070	1106	1926	0	0	226	0	0	0	0	876	0	0	0	0	0	2556	1080	5152	0	0	0	0	0	0	0	0	0	446	0	0	244	862	940	3972	212	1836	0	170	0	0	0	3786	0	1826	0	164	0	1188	224	998	0	426	0	726	1074	0	0	12696	0	12994	0	18264	0	1694	338	14422	2414	9162	0	146	0	520	0	0	196	1596	0	296	0	1618	0	0	136	5274	0	0	180	1832	0	0	0	0	0	0	0	0	0	0	0	0	0	0	0	0	0	0	0	0	0	0	0	0	0	0	
147000	Parietal_Sup_L	374	0	668	0	0	0	0	0	0	0	0	0	0	0	0	0	940	0	662	0	0	0	0	0	0	0	0	0	696	0	0	0	0	0	0	0	0	0	0	0	0	0	802	0	4846	0	1076	0	8482	0	15132	0	918	0	1024	0	8928	0	0	0	11950	0	0	0	1362	0	12880	0	306	0	0	0	0	0	0	0	0	0	0	0	698	0	0	0	1374	0	0	0	382	0	0	0	0	0	0	0	0	0	0	0	0	0	0	0	0	0	0	0	0	0	0	0	0	0	0	0	
133880	Parietal_Sup_R	0	594	0	138	0	0	0	0	0	0	0	0	0	0	0	0	0	214	0	226	0	0	0	0	0	0	0	0	0	0	0	0	0	0	0	0	0	144	0	0	0	0	0	500	0	2798	0	0	0	5882	0	2366	0	0	0	0	0	12696	0	0	0	16334	0	5384	0	4112	1522	11044	0	436	0	0	0	0	0	0	0	0	0	0	0	890	0	0	0	1660	0	0	0	0	0	0	0	0	0	0	0	0	0	0	0	0	0	0	0	0	0	0	0	0	0	0	0	0	0	0	
219816	Parietal_Inf_L	4968	406	4742	0	0	0	1224	0	0	0	1418	0	0	0	0	0	1440	0	4456	386	0	0	0	0	0	0	0	0	1542	0	0	0	0	350	180	184	132	0	0	0	0	0	428	0	474	0	1876	0	2752	0	19950	0	1428	0	2246	0	16256	0	11950	0	0	0	10670	0	12264	0	2058	0	568	380	0	0	0	0	0	0	0	0	144	0	2232	0	0	0	2224	0	0	0	580	0	0	0	0	0	0	0	0	0	0	0	0	0	0	0	0	0	0	0	0	0	0	0	0	0	0	0	
133112	Parietal_Inf_R	0	1146	0	150	0	0	0	0	0	0	0	0	0	0	0	0	0	230	0	226	0	0	0	0	0	0	0	0	0	0	0	0	0	0	0	0	0	236	0	0	0	0	0	230	0	254	0	0	0	3292	0	2670	0	0	0	0	0	12994	0	16334	0	0	0	14058	0	9534	0	1606	0	440	0	0	0	0	0	0	0	0	0	0	0	1292	0	0	0	1724	0	0	0	140	0	0	0	0	0	0	0	0	0	0	0	0	0	0	0	0	0	0	0	0	0	0	0	0	0	0	
73388	SupraMarginal_L	942	0	1776	0	0	0	0	0	0	0	136	0	0	0	0	0	1206	0	1756	0	0	0	0	0	0	0	0	0	776	0	0	0	0	0	0	0	0	0	0	0	0	0	340	0	638	0	0	0	0	0	1648	0	0	0	274	0	5248	0	0	0	10670	0	0	0	3330	0	596	0	0	0	0	0	0	0	0	0	0	0	0	0	4356	0	0	0	2244	0	0	0	758	0	0	0	0	0	0	0	0	0	0	0	0	0	0	0	0	0	0	0	0	0	0	0	0	0	0	0	
137024	SupraMarginal_R	456	3082	366	134	0	0	0	0	0	0	0	0	0	0	0	0	0	946	378	622	0	0	0	0	0	0	0	0	0	364	0	0	0	0	0	0	0	806	0	0	0	0	0	362	0	0	0	0	0	278	0	274	0	0	0	0	286	18264	0	5384	0	14058	0	0	0	6856	0	1096	0	602	0	134	0	0	0	0	0	0	0	1562	0	5928	0	0	0	5998	0	0	0	276	0	0	0	0	0	0	0	0	0	0	0	0	0	0	0	0	0	0	0	0	0	0	0	0	0	0	
87824	Angular_L	686	0	640	0	0	0	0	0	0	0	228	0	0	0	0	0	132	0	636	0	0	0	0	0	0	0	0	0	0	0	0	0	0	0	0	0	0	0	0	0	0	0	0	0	224	0	0	0	0	0	15634	0	0	0	140	0	668	0	1362	0	12264	0	3330	0	0	0	226	0	132	0	0	0	0	0	0	0	0	0	0	0	2410	0	0	0	5200	0	0	0	0	0	0	0	0	0	0	0	0	0	0	0	0	0	0	0	0	0	0	0	0	0	0	0	0	0	0	0	
95296	Angular_R	0	280	0	0	0	0	0	0	0	0	0	0	0	0	0	0	0	0	0	0	0	0	0	0	0	0	0	0	0	0	0	0	0	0	0	0	0	0	0	0	0	0	0	446	0	316	0	0	0	4064	0	10558	0	0	0	0	0	1694	0	4112	0	9534	0	6856	0	0	0	994	0	0	0	0	0	0	0	0	0	0	0	0	0	2074	0	0	0	6444	0	0	0	276	0	0	0	0	0	0	0	0	0	0	0	0	0	0	0	0	0	0	0	0	0	0	0	0	0	0	
273028	Precuneus_L	1394	0	222	0	0	0	0	0	0	0	0	0	0	0	0	0	0	0	572	434	0	0	0	0	0	0	0	0	178	0	0	0	4038	710	5188	1028	1768	0	944	0	0	0	24882	454	19914	1310	3382	136	11462	474	8706	0	3696	0	3760	0	3712	338	12880	1522	2058	0	596	0	226	0	0	5382	5772	356	0	0	0	0	0	0	0	0	0	0	178	0	0	0	3560	0	0	0	4706	0	206	0	0	0	0	0	0	0	0	0	0	0	0	0	0	0	0	0	0	0	370	0	0	0	0	0	
402696	Precuneus_R	378	1942	0	652	0	0	0	0	0	0	0	0	0	0	0	0	0	0	296	2922	0	0	0	0	0	0	0	0	0	0	0	0	896	9052	1976	16662	978	3112	642	2858	0	0	666	33596	2294	18002	0	8440	0	14376	250	11554	128	5082	282	3786	0	14422	0	11044	0	1606	0	1096	0	994	5382	0	430	5722	0	0	0	0	0	0	0	1286	0	0	0	532	0	0	0	11706	0	0	300	4160	0	0	0	0	0	0	0	550	0	0	0	0	0	0	0	0	0	0	0	0	1296	0	0	0	0	0	
325136	Paracentral_Lobule_L	27530	9814	8838	4630	0	0	522	128	0	0	0	0	0	0	0	0	404	472	22270	16046	0	0	0	0	0	0	0	0	460	0	0	0	3810	10008	1894	3146	348	158	0	0	0	0	3926	0	5012	0	188	0	1940	0	2470	0	872	678	524	694	3048	2414	306	0	568	0	0	0	132	0	5772	430	0	9416	542	1936	0	0	0	130	5364	1706	0	0	1118	0	0	0	1330	0	0	0	1438	0	136	0	0	0	0	0	0	0	0	0	0	0	0	0	0	0	0	0	0	0	0	0	0	0	0	0	
224260	Paracentral_Lobule_R	4866	13286	1654	2868	0	0	232	0	0	0	0	0	0	0	0	0	0	412	3288	26984	0	0	0	0	0	0	0	0	0	0	0	0	568	12804	1418	6378	152	0	0	0	0	0	200	1588	220	370	0	182	0	802	230	592	0	1160	136	862	686	9162	0	436	380	440	0	602	0	0	356	5722	9416	0	0	196	206	0	0	0	282	0	0	160	0	994	0	0	156	688	0	0	244	752	0	0	0	0	0	0	0	0	0	0	0	0	0	0	0	0	0	0	0	0	0	0	0	0	0	0	
381916	Caudate_L	4438	928	8442	6936	6688	1902	2388	1908	154	0	0	2102	344	2388	7750	1154	0	0	9114	4866	9890	11112	3592	506	286	518	1838	2780	8380	1304	10254	6032	0	160	0	0	618	364	188	0	508	0	0	0	0	0	0	0	0	0	0	0	0	0	0	0	0	0	0	0	0	0	0	0	0	0	0	0	542	0	0	17220	27296	2230	4256	0	17098	826	0	0	0	0	1466	192	0	0	0	0	0	0	0	0	0	0	0	0	0	0	0	0	0	0	0	0	0	0	0	0	0	0	0	0	0	0	0	0	
437844	Caudate_R	3622	5988	3252	26466	2232	6328	270	1110	0	506	0	1296	0	2522	3158	3938	0	0	4364	18046	4478	12640	610	8196	0	4246	344	5844	1502	3502	3956	19236	0	0	0	0	0	210	0	0	0	0	0	0	0	0	0	0	0	0	0	0	0	0	0	0	0	146	0	0	0	0	0	134	0	0	0	0	1936	196	17220	0	10290	16594	1896	940	1524	19736	0	0	0	0	0	448	0	0	0	0	0	0	0	0	0	0	0	0	0	0	0	0	0	0	0	0	0	0	0	0	0	0	0	0	0	0	0	0	
427320	Putamen_L	3968	1052	19818	2348	7486	1174	3336	0	744	0	868	0	324	0	10870	998	1706	0	22434	2422	5578	8084	4978	228	0	196	552	1772	25132	1058	6570	1904	0	164	164	276	8046	276	2696	0	1218	0	0	0	0	0	132	0	0	0	0	0	0	0	1166	0	2000	0	0	0	0	0	0	0	0	0	0	0	0	206	27296	10290	0	1738	9480	240	3702	584	550	0	3454	0	2212	190	468	0	0	0	1512	0	0	0	0	0	0	0	0	0	0	0	0	0	0	0	0	0	0	0	0	0	0	0	0	0	0	0	
291772	Putamen_R	0	1812	286	18738	298	674	0	3824	0	0	0	4378	0	3580	492	4898	0	4212	438	10958	802	1904	0	3856	0	256	0	940	174	18446	1288	8854	0	0	210	290	316	10590	0	4268	0	910	0	0	0	0	0	0	0	0	0	0	0	0	0	6704	0	520	0	0	0	0	0	0	0	0	0	0	0	0	2230	16594	1738	0	0	2826	0	3450	0	138	0	924	0	1784	0	192	0	394	0	700	0	0	0	0	0	0	0	0	0	0	0	0	0	0	0	0	0	0	0	0	0	0	0	0	0	0	
73488	Pallidum_L	800	394	6006	152	0	156	522	0	0	0	0	0	0	0	0	0	356	0	5808	142	0	1276	0	0	0	0	0	226	0	186	0	0	0	0	0	0	1554	0	0	0	0	0	0	0	0	0	0	0	0	0	0	0	0	0	0	0	748	0	0	0	0	0	0	0	0	0	0	0	0	0	4256	1896	9480	0	0	402	1912	206	0	0	266	0	0	0	0	0	0	0	0	0	0	0	0	0	0	0	0	0	0	0	0	0	0	0	0	0	0	0	0	0	0	0	0	0	0	0	
25772	Pallidum_R	148	422	0	2712	0	0	0	452	0	0	0	922	0	836	0	0	0	310	372	1320	0	0	0	0	0	0	0	0	0	0	0	0	0	0	0	0	0	278	0	212	0	0	0	0	0	0	0	0	0	0	0	0	0	0	0	206	0	0	0	0	0	0	0	0	0	0	0	0	130	0	0	940	240	2826	402	0	0	158	0	0	0	0	0	0	0	0	0	0	0	0	0	0	0	0	0	0	0	0	0	0	0	0	0	0	0	0	0	0	0	0	0	0	0	0	0	0	
195904	Thalamus_L	11032	3402	11002	362	0	0	3080	0	0	0	0	0	0	0	0	0	0	0	10284	322	0	0	0	0	0	0	0	0	488	0	0	0	0	136	640	2474	5610	2426	1866	966	244	0	0	0	0	0	632	356	0	0	0	0	0	0	724	516	246	196	0	0	0	0	0	0	0	0	0	0	5364	282	17098	1524	3702	0	1912	0	0	9540	0	0	214	0	0	0	566	0	0	0	746	0	0	0	0	0	0	0	0	0	0	0	0	0	0	0	0	0	0	0	0	0	0	0	0	0	0	0	
238900	Thalamus_R	1966	14276	2630	9344	0	0	1390	740	0	0	0	966	0	826	0	0	0	700	1874	760	0	0	0	0	0	0	0	0	162	1688	0	222	0	0	2414	4256	4068	12992	1982	7568	0	0	0	0	0	0	292	2260	0	0	0	0	0	142	472	4076	0	1596	0	0	0	0	0	0	0	0	0	1286	1706	0	826	19736	584	3450	206	158	9540	0	0	0	0	0	0	0	144	450	0	0	144	476	0	0	0	0	0	0	0	798	0	0	0	0	0	0	0	0	0	0	0	0	284	0	0	0	0	0	
49768	Heschl_L	3616	0	1540	0	0	0	316	0	0	0	702	0	0	0	0	0	2240	0	1438	0	0	0	0	0	0	0	0	0	5418	0	0	0	0	0	146	128	1056	0	0	0	0	0	0	0	0	0	0	0	0	0	190	0	0	0	224	0	1522	0	0	0	144	0	0	0	0	0	0	0	0	0	0	0	550	0	0	0	0	0	0	0	2118	0	0	0	2178	0	0	0	1358	0	0	0	0	0	0	0	0	0	0	0	0	0	0	0	0	0	0	0	0	0	0	0	0	0	0	0	
27976	Heschl_R	0	598	0	0	0	0	0	0	0	0	0	170	0	0	0	0	0	1786	0	218	0	0	0	0	0	0	0	0	0	2044	0	0	0	0	0	0	0	164	0	0	0	0	0	0	0	0	0	0	0	0	0	0	0	0	0	178	0	296	0	0	0	0	0	1562	0	0	0	0	0	160	0	0	0	138	0	0	0	0	0	0	0	6084	0	188	0	402	0	0	0	0	0	0	0	0	0	0	0	0	0	0	0	0	0	0	0	0	0	0	0	0	0	0	0	0	0	0	
197252	Temporal_Sup_L	4300	0	2504	0	0	0	218	0	0	0	912	0	0	0	0	0	6432	0	4376	0	0	0	0	0	0	0	0	0	12886	0	0	0	0	0	0	156	2912	0	0	0	0	0	150	0	186	0	0	0	0	0	2008	0	134	0	1734	0	4480	0	698	0	2232	0	4356	0	2410	0	178	0	1118	0	0	0	3454	0	266	0	214	0	2118	0	0	0	916	0	24458	0	0	0	12820	0	0	0	0	0	0	0	0	0	0	0	0	0	0	0	0	0	0	0	0	0	0	0	0	0	0	0	
100452	Temporal_Sup_R	0	1832	0	230	0	0	0	0	0	0	0	148	0	0	0	0	0	2062	0	1252	0	0	0	0	0	0	0	0	0	3300	0	0	0	0	0	0	0	2200	0	0	0	0	0	0	0	0	0	0	0	0	0	262	0	0	0	1854	0	1618	0	890	0	1292	0	5928	0	2074	0	532	0	994	0	0	0	924	0	0	0	0	0	6084	0	0	0	1890	0	11368	0	168	0	3324	0	0	0	0	0	0	0	0	0	0	0	0	0	0	0	0	0	0	0	0	0	0	0	0	0	0	
59076	Temporal_Pole_Sup_L	0	0	178	0	582	0	0	0	0	0	162	0	0	0	2676	0	232	0	180	0	2476	0	0	0	0	0	422	0	4544	0	0	0	0	0	0	0	704	0	444	0	1036	0	0	0	0	0	0	0	0	0	0	0	0	0	742	0	0	0	0	0	0	0	0	0	0	0	0	0	0	0	1466	0	2212	0	0	0	0	0	0	0	916	0	0	0	4416	0	2124	0	4026	0	0	0	0	0	0	0	0	0	0	0	0	0	0	0	0	0	0	0	0	0	0	0	0	0	0	0	
56672	Temporal_Pole_Sup_R	0	0	0	0	0	300	0	0	0	0	0	0	0	0	0	2182	0	328	0	0	0	788	0	0	0	0	0	616	0	2522	0	0	0	0	0	0	0	0	0	986	0	1394	0	0	0	0	0	0	0	0	0	0	0	0	0	4068	0	0	0	0	0	0	0	0	0	0	0	0	0	0	192	448	190	1784	0	0	0	0	0	188	0	1890	0	0	0	1934	0	4248	0	4278	0	0	0	0	0	0	0	0	0	0	0	0	0	0	0	0	0	0	0	0	0	0	0	0	0	0	
258196	Temporal_Mid_L	6218	154	1018	0	0	0	222	0	0	0	824	0	0	0	0	0	630	0	964	160	0	0	0	0	0	0	0	0	5726	0	0	0	0	0	872	806	2872	152	0	0	230	0	3380	0	1436	0	722	0	2124	0	14680	0	2842	342	1410	344	3042	136	1374	0	2224	0	2244	0	5200	0	3560	0	1330	156	0	0	468	0	0	0	566	144	2178	0	24458	0	4416	0	0	0	2218	0	27256	0	0	0	0	0	0	0	0	0	0	0	0	0	0	0	0	0	0	0	0	0	0	0	0	0	0	0	
235396	Temporal_Mid_R	0	272	0	0	0	0	0	0	0	0	0	0	0	0	0	0	0	150	0	158	0	0	0	0	0	0	0	0	0	838	0	0	0	0	0	0	0	1474	0	0	0	0	0	10858	0	2186	0	3120	0	3166	0	18620	0	3276	0	5598	0	5274	0	1660	0	1724	0	5998	0	6444	0	11706	0	688	0	0	0	192	0	0	0	450	0	402	0	11368	0	1934	0	0	0	960	0	19038	0	144	0	0	0	0	0	0	0	0	0	0	0	0	0	0	0	0	0	0	0	0	0	0	0	0	
13272	Temporal_Pole_Mid_L	0	0	0	0	0	0	0	0	0	0	0	0	0	0	0	0	0	0	0	0	0	0	0	0	0	0	0	0	0	0	0	0	0	0	0	0	0	0	268	0	0	0	0	0	0	0	0	0	0	0	0	0	0	0	188	0	0	0	0	0	0	0	0	0	0	0	0	0	0	0	0	0	0	0	0	0	0	0	0	0	0	0	2124	0	2218	0	0	0	1838	0	0	0	0	0	0	0	0	0	0	0	0	0	0	0	0	0	0	0	0	0	0	0	0	0	0	0	
20728	Temporal_Pole_Mid_R	0	0	0	0	0	0	0	0	0	0	0	0	0	0	0	460	0	0	0	0	0	0	0	0	0	0	0	0	0	442	0	0	0	0	0	0	0	0	0	388	0	0	0	0	0	0	0	0	0	0	0	0	0	0	0	1684	0	0	0	0	0	0	0	0	0	0	0	0	0	0	0	0	0	394	0	0	0	0	0	0	0	168	0	4248	0	960	0	0	0	1620	0	0	0	0	0	0	0	0	0	0	0	0	0	0	0	0	0	0	0	0	0	0	0	0	0	0	
314060	Temporal_Inf_L	5150	178	1116	0	0	0	330	0	0	0	384	0	0	0	0	0	844	0	922	258	196	0	0	0	0	0	0	0	8250	0	0	0	0	0	2572	998	15944	156	3258	0	1242	0	7038	0	600	0	860	0	160	0	7028	0	8928	588	21910	596	1648	180	382	0	580	0	758	0	0	0	4706	300	1438	244	0	0	1512	0	0	0	746	144	1358	0	12820	0	4026	0	27256	0	1838	0	0	0	3714	0	728	0	0	0	372	0	1966	0	574	0	234	0	0	0	0	0	0	0	0	0	0	0	0	0	
172928	Temporal_Inf_R	0	1464	0	152	0	0	0	0	0	0	0	0	0	0	0	0	0	162	0	678	0	0	0	0	0	0	0	0	0	890	0	0	0	0	240	1000	0	7676	0	444	0	1748	0	4248	0	132	0	694	0	142	0	3284	0	6594	0	18574	0	1832	0	0	0	140	0	276	0	276	0	4160	0	752	0	0	0	700	0	0	0	476	0	0	0	3324	0	4278	0	19038	0	1620	0	0	0	1316	0	0	0	0	0	0	0	154	0	0	0	0	0	0	0	0	0	0	0	0	0	0	0	0	
576888	Cerebelum_Crus1_L	328	0	0	0	0	0	0	0	0	0	0	0	0	0	0	0	0	0	0	0	0	0	0	0	0	0	0	0	194	0	0	0	0	0	182	0	470	0	740	0	0	0	186	0	0	0	9888	9874	0	0	128	0	798	0	21812	3474	0	0	0	0	0	0	0	0	0	0	206	0	136	0	0	0	0	0	0	0	0	0	0	0	0	0	0	0	0	0	0	0	3714	0	0	2936	30604	1582	1530	330	38084	5176	72600	8910	13454	974	16860	1466	1348	594	396	0	180	1388	16266	12044	6204	1662	1236	490	
442620	Cerebelum_Crus1_R	0	0	0	0	0	0	0	0	0	0	0	0	0	0	0	0	0	0	0	0	0	0	0	0	0	0	0	0	0	0	0	0	0	0	0	0	0	162	0	170	0	0	132	0	0	0	3586	6176	0	0	0	0	0	260	478	13486	0	0	0	0	0	0	0	0	0	0	0	0	0	0	0	0	0	0	0	0	0	0	0	0	0	0	0	0	0	144	0	0	0	1316	2936	0	1804	23392	0	4292	4430	28476	3734	56742	652	6150	1404	16808	0	438	0	0	322	2888	15220	13242	11004	974	492	0	
390292	Cerebelum_Crus2_L	0	0	0	0	0	0	0	0	0	0	0	0	0	0	0	0	0	0	0	0	0	0	0	0	0	0	0	0	0	0	0	0	0	0	0	0	0	0	0	0	0	0	0	0	0	0	786	1520	0	0	0	0	0	0	1238	416	0	0	0	0	0	0	0	0	0	0	0	0	0	0	0	0	0	0	0	0	0	0	0	0	0	0	0	0	0	0	0	0	728	0	30604	1804	0	12740	780	226	5946	746	9936	2530	43634	8544	37722	5004	2910	322	272	0	204	1090	3500	4062	9134	7508	860	380	
334728	Cerebelum_Crus2_R	0	0	0	0	0	0	0	0	0	0	0	0	0	0	0	0	0	0	0	0	0	0	0	0	0	0	0	0	0	0	0	0	0	0	0	0	0	0	0	0	0	0	0	0	0	0	364	314	0	0	0	0	0	0	0	500	0	0	0	0	0	0	0	0	0	0	0	0	0	0	0	0	0	0	0	0	0	0	0	0	0	0	0	0	0	0	0	0	0	0	1582	23392	12740	0	0	844	1992	2344	1688	8762	11100	29946	9300	31056	482	2266	0	0	0	976	3532	2306	8908	12426	544	0	
46152	Cerebelum_3_L	0	0	0	0	0	0	0	0	0	0	0	0	0	0	0	0	0	0	0	0	0	0	0	0	0	0	0	0	0	0	0	0	0	0	0	0	0	0	0	0	0	0	0	0	0	0	762	0	0	0	0	0	0	0	0	0	0	0	0	0	0	0	0	0	0	0	0	0	0	0	0	0	0	0	0	0	0	0	0	0	0	0	0	0	0	0	0	0	0	0	1530	0	780	0	0	0	7174	0	2544	140	726	0	878	0	452	272	0	0	1600	3824	1054	192	228	344	312	264	
77612	Cerebelum_3_R	0	0	0	0	0	0	0	0	0	0	0	0	0	0	0	0	0	0	0	0	0	0	0	0	0	0	0	0	0	0	0	0	0	0	0	0	0	0	0	0	0	0	0	0	0	0	0	150	0	0	0	0	0	0	0	470	0	0	0	0	0	0	0	0	0	0	0	0	0	0	0	0	0	0	0	0	0	0	0	0	0	0	0	0	0	0	0	0	0	0	330	4292	226	844	0	0	348	6178	454	6198	0	312	204	1746	0	1490	0	0	1942	5744	1442	746	1584	2126	1980	0	
455132	Cerebelum_4_5_L	0	0	0	0	0	0	0	0	0	0	0	0	0	0	0	0	0	0	0	0	0	0	0	0	0	0	0	0	0	0	0	0	0	0	0	0	404	0	560	0	0	0	0	0	0	0	13370	8148	0	0	0	0	226	0	9034	4174	0	0	0	0	0	0	0	0	0	0	0	0	0	0	0	0	0	0	0	0	0	0	0	0	0	0	0	0	0	0	0	0	372	0	38084	4430	5946	1992	7174	348	0	9778	45306	9298	6812	1526	9946	1566	2828	1306	256	0	1238	3934	26784	4470	1554	3010	2480	1212	
339288	Cerebelum_4_5_R	0	0	0	0	0	0	0	0	0	0	0	0	0	0	0	0	0	0	0	0	0	0	0	0	0	0	0	0	0	0	0	0	0	0	0	0	0	1468	0	3184	0	0	0	0	0	0	4552	11134	0	0	0	0	0	0	770	10620	0	0	0	0	0	0	0	0	0	0	0	550	0	0	0	0	0	0	0	0	0	798	0	0	0	0	0	0	0	0	0	0	0	0	5176	28476	746	2344	0	6178	9778	0	6416	37842	624	1066	1604	2426	402	1058	0	0	296	3750	22334	1990	846	1746	1186	284	
553404	Cerebelum_6_L	0	0	0	0	0	0	0	0	0	0	0	0	0	0	0	0	0	0	0	0	0	0	0	0	0	0	0	0	0	0	0	0	0	0	0	0	672	0	1046	0	0	0	0	0	0	0	13526	11202	0	0	144	0	1006	0	22400	3844	0	0	0	0	0	0	0	0	0	0	0	0	0	0	0	0	0	0	0	0	0	0	0	0	0	0	0	0	0	0	0	0	1966	0	72600	3734	9936	1688	2544	454	45306	6416	0	10104	6808	1104	10676	1570	1706	838	530	0	258	1636	19316	13870	5768	1956	1520	558	
500760	Cerebelum_6_R	0	0	0	0	0	0	0	0	0	0	0	0	0	0	0	0	0	0	0	0	0	0	0	0	0	0	0	0	0	0	0	0	0	0	0	0	0	240	0	760	0	0	186	0	0	0	4576	12360	0	0	0	0	0	346	720	17574	0	0	0	0	0	0	0	0	0	0	0	0	0	0	0	0	0	0	0	0	0	0	0	0	0	0	0	0	0	0	0	0	0	154	8910	56742	2530	8762	140	6198	9298	37842	10104	0	1048	2910	2632	4276	202	608	0	0	400	4452	23288	18100	11682	1920	1420	0	
361540	Cerebelum_7b_L	0	0	0	0	0	0	0	0	0	0	0	0	0	0	0	0	0	0	0	0	0	0	0	0	0	0	0	0	0	0	0	0	0	0	0	0	0	0	0	0	0	0	0	0	0	0	168	310	0	0	0	0	0	0	712	198	0	0	0	0	0	0	0	0	0	0	0	0	0	0	0	0	0	0	0	0	0	0	0	0	0	0	0	0	0	0	0	0	574	0	13454	652	43634	11100	726	0	6812	624	6808	1048	0	12240	46078	9768	3656	252	250	0	194	1014	3402	870	2192	13188	640	206	
251004	Cerebelum_7b_R	0	0	0	0	0	0	0	0	0	0	0	0	0	0	0	0	0	0	0	0	0	0	0	0	0	0	0	0	0	0	0	0	0	0	0	0	0	0	0	0	0	0	0	0	0	0	148	218	0	0	0	0	0	0	0	198	0	0	0	0	0	0	0	0	0	0	0	0	0	0	0	0	0	0	0	0	0	0	0	0	0	0	0	0	0	0	0	0	0	0	974	6150	8544	29946	0	312	1526	1066	1104	2910	12240	0	9612	26490	380	3840	0	0	0	354	2418	934	2806	13066	266	0	
425956	Cerebelum_8_L	0	0	0	0	0	0	0	0	0	0	0	0	0	0	0	0	0	0	0	0	0	0	0	0	0	0	0	0	0	0	0	0	0	0	0	0	0	0	0	0	0	0	0	0	0	0	0	982	0	0	0	0	0	0	196	382	0	0	0	0	0	0	0	0	0	0	0	0	0	0	0	0	0	0	0	0	0	0	0	0	0	0	0	0	0	0	0	0	234	0	16860	1404	37722	9300	878	204	9946	1604	10676	2632	46078	9612	0	12724	15196	1144	2196	0	252	1466	7072	2084	1934	16876	2608	716	
316772	Cerebelum_8_R	0	0	0	0	0	0	0	0	0	0	0	0	0	0	0	0	0	0	0	0	0	0	0	0	0	0	0	0	0	0	0	0	0	0	0	0	0	0	0	184	0	0	0	0	0	0	0	640	0	0	0	0	0	0	0	898	0	0	0	0	0	0	0	0	0	0	0	0	0	0	0	0	0	0	0	0	0	0	0	0	0	0	0	0	0	0	0	0	0	0	1466	16808	5004	31056	0	1746	1566	2426	1570	4276	9768	26490	12724	0	546	11828	0	398	396	2162	2412	2172	3654	16362	1834	0	
80384	Cerebelum_9_L	0	0	0	0	0	0	0	0	0	0	0	0	0	0	0	0	0	0	0	0	0	0	0	0	0	0	0	0	0	0	0	0	0	0	0	0	0	0	0	0	0	0	0	0	0	0	0	398	0	0	0	0	0	0	0	0	0	0	0	0	0	0	0	0	0	0	0	0	0	0	0	0	0	0	0	0	0	0	0	0	0	0	0	0	0	0	0	0	0	0	1348	0	2910	482	452	0	2828	402	1706	202	3656	380	15196	546	0	612	3230	0	0	208	1942	1026	164	1286	972	246	
105308	Cerebelum_9_R	0	0	0	0	0	0	0	0	0	0	0	0	0	0	0	0	0	0	0	0	0	0	0	0	0	0	0	0	0	0	0	0	0	0	0	0	0	0	0	268	0	0	0	0	0	0	0	0	0	0	0	0	0	0	0	254	0	0	0	0	0	0	0	0	0	0	0	0	0	0	0	0	0	0	0	0	0	0	0	0	0	0	0	0	0	0	0	0	0	0	594	438	322	2266	272	1490	1306	1058	838	608	252	3840	1144	11828	612	0	0	1686	1054	1764	2228	2370	2038	6240	6598	1286	
15248	Cerebelum_10_L	0	0	0	0	0	0	0	0	0	0	0	0	0	0	0	0	0	0	0	0	0	0	0	0	0	0	0	0	0	0	0	0	0	0	0	0	0	0	0	0	0	0	0	0	0	0	0	0	0	0	0	0	0	0	0	0	0	0	0	0	0	0	0	0	0	0	0	0	0	0	0	0	0	0	0	0	0	0	0	0	0	0	0	0	0	0	0	0	0	0	396	0	272	0	0	0	256	0	530	0	250	0	2196	0	3230	0	0	0	0	0	166	184	0	144	0	0	
4168	Cerebelum_10_R	0	0	0	0	0	0	0	0	0	0	0	0	0	0	0	0	0	0	0	0	0	0	0	0	0	0	0	0	0	0	0	0	0	0	0	0	0	0	0	0	0	0	0	0	0	0	0	0	0	0	0	0	0	0	0	0	0	0	0	0	0	0	0	0	0	0	0	0	0	0	0	0	0	0	0	0	0	0	0	0	0	0	0	0	0	0	0	0	0	0	0	0	0	0	0	0	0	0	0	0	0	0	0	398	0	1686	0	0	0	0	0	0	0	0	0	0	
39896	Vermis_1_2	0	0	0	0	0	0	0	0	0	0	0	0	0	0	0	0	0	0	0	0	0	0	0	0	0	0	0	0	0	0	0	0	0	0	0	0	0	0	0	0	0	0	0	0	0	0	0	0	0	0	0	0	0	0	0	0	0	0	0	0	0	0	0	0	0	0	0	0	0	0	0	0	0	0	0	0	0	0	0	0	0	0	0	0	0	0	0	0	0	0	180	322	204	0	1600	1942	1238	296	258	400	194	0	252	396	0	1054	0	0	0	6236	1332	556	650	1140	1126	572	
116472	Vermis_3	0	0	0	0	0	0	0	0	0	0	0	0	0	0	0	0	0	0	0	0	0	0	0	0	0	0	0	0	0	0	0	0	0	0	0	0	0	0	0	0	0	0	0	0	0	0	0	286	0	0	0	0	0	0	0	256	0	0	0	0	0	0	0	0	0	0	0	0	0	0	0	0	0	0	0	0	0	0	0	0	0	0	0	0	0	0	0	0	0	0	1388	2888	1090	976	3824	5744	3934	3750	1636	4452	1014	354	1466	2162	208	1764	0	0	6236	0	4648	1146	2530	3034	2866	584	
433288	Vermis_4_5	0	0	0	0	0	0	0	0	0	0	0	0	0	0	0	0	0	0	0	0	0	0	0	0	0	0	0	0	0	0	0	0	0	0	1216	1590	972	476	682	526	0	0	316	160	0	0	7814	12134	0	0	0	0	228	0	2714	5878	0	0	0	0	0	0	0	0	0	0	370	1296	0	0	0	0	0	0	0	0	0	284	0	0	0	0	0	0	0	0	0	0	0	0	16266	15220	3500	3532	1054	1442	26784	22334	19316	23288	3402	2418	7072	2412	1942	2228	166	0	1332	4648	0	8450	2580	4432	4056	2114	
