data	data	631464	147768	962600	847132	318200	100052	496220	352088	142164	27440	319724	147316	236432	89508	201884	130848	247040	115972	687012	972932	70892	64104	277916	382984	23888	96040	36144	58012	637080	257640	212272	437092	96924	458324	218888	415024	251060	452232	85236	240700	45960	49248	305916	454164	136072	361776	296288	537492	159768	480940	328344	365348	102624	125436	354448	410620	276444	164696	165704	111472	216988	57780	151352	100032	117476	150004	346560	570008	168032	162212	305192	396976	300168	302316	58324	20000	195896	238680	58216	28572	234984	140156	73648	42704	345816	256012	24640	20252	263276	253740	515780	434552	439156	371092	39196	55384	254568	226072	427436	394400	272924	144372	245476	278432	99240	116492	12536	9140	14600	52952	185412	194200	296564	159704	85664	30572	
data	data	Precentral_L	Precentral_R	Frontal_Sup_L	Frontal_Sup_R	Frontal_Sup_Orb_L	Frontal_Sup_Orb_R	Frontal_Mid_L	Frontal_Mid_R	Frontal_Mid_Orb_L	Frontal_Mid_Orb_R	Frontal_Inf_Oper_L	Frontal_Inf_Oper_R	Frontal_Inf_Tri_L	Frontal_Inf_Tri_R	Frontal_Inf_Orb_L	Frontal_Inf_Orb_R	Rolandic_Oper_L	Rolandic_Oper_R	Supp_Motor_Area_L	Supp_Motor_Area_R	Olfactory_L	Olfactory_R	Frontal_Sup_Medial_L	Frontal_Sup_Medial_R	Frontal_Med_Orb_L	Frontal_Med_Orb_R	Rectus_L	Rectus_R	Insula_L	Insula_R	Cingulum_Ant_L	Cingulum_Ant_R	Cingulum_Mid_L	Cingulum_Mid_R	Cingulum_Post_L	Cingulum_Post_R	Hippocampus_L	Hippocampus_R	ParaHippocampal_L	ParaHippocampal_R	Amygdala_L	Amygdala_R	Calcarine_L	Calcarine_R	Cuneus_L	Cuneus_R	Lingual_L	Lingual_R	Occipital_Sup_L	Occipital_Sup_R	Occipital_Mid_L	Occipital_Mid_R	Occipital_Inf_L	Occipital_Inf_R	Fusiform_L	Fusiform_R	Postcentral_L	Postcentral_R	Parietal_Sup_L	Parietal_Sup_R	Parietal_Inf_L	Parietal_Inf_R	SupraMarginal_L	SupraMarginal_R	Angular_L	Angular_R	Precuneus_L	Precuneus_R	Paracentral_Lobule_L	Paracentral_Lobule_R	Caudate_L	Caudate_R	Putamen_L	Putamen_R	Pallidum_L	Pallidum_R	Thalamus_L	Thalamus_R	Heschl_L	Heschl_R	Temporal_Sup_L	Temporal_Sup_R	Temporal_Pole_Sup_L	Temporal_Pole_Sup_R	Temporal_Mid_L	Temporal_Mid_R	Temporal_Pole_Mid_L	Temporal_Pole_Mid_R	Temporal_Inf_L	Temporal_Inf_R	Cerebelum_Crus1_L	Cerebelum_Crus1_R	Cerebelum_Crus2_L	Cerebelum_Crus2_R	Cerebelum_3_L	Cerebelum_3_R	Cerebelum_4_5_L	Cerebelum_4_5_R	Cerebelum_6_L	Cerebelum_6_R	Cerebelum_7b_L	Cerebelum_7b_R	Cerebelum_8_L	Cerebelum_8_R	Cerebelum_9_L	Cerebelum_9_R	Cerebelum_10_L	Cerebelum_10_R	Vermis_1_2	Vermis_3	Vermis_4_5	Vermis_6	Vermis_7	Vermis_8	Vermis_9	Vermis_10	
631464	Precentral_L	0	2538	34490	10866	576	0	25124	2618	0	0	16476	0	2114	0	100	0	11934	0	19578	21366	0	0	254	168	0	0	0	0	11706	0	594	152	3448	2286	8622	3050	9338	1462	1032	94	0	0	3876	0	0	0	1300	0	0	0	612	0	100	0	336	0	27648	0	260	0	1884	0	448	0	680	0	5154	192	24450	114	6880	3630	6660	146	2498	0	23830	7558	2350	0	3588	0	0	0	818	0	0	0	734	0	0	0	0	0	0	0	0	0	0	0	0	0	0	0	0	0	0	0	0	0	0	0	0	0	0	0	
147768	Precentral_R	2538	0	1154	7662	270	0	638	16768	0	0	142	1234	0	0	0	0	208	984	458	4544	0	0	0	0	0	0	0	0	1500	692	0	0	0	186	150	1186	82	4664	0	326	0	0	0	102	0	108	0	402	0	126	0	0	0	204	0	1758	1536	9504	0	0	0	260	0	722	0	132	0	1100	258	2266	2218	530	410	1796	220	308	104	900	0	276	274	258	0	0	0	352	0	0	0	2374	0	0	0	0	0	0	0	0	0	0	0	0	0	0	0	0	0	0	0	0	0	0	0	0	0	0	
962600	Frontal_Sup_L	34490	1154	0	11896	25814	0	66106	3484	6198	0	24560	96	17062	0	10706	344	10714	0	68626	19028	170	0	37814	4710	566	0	88	0	40330	0	17206	3848	1232	10462	152	0	2966	0	192	0	360	0	266	0	0	0	116	0	0	0	0	0	0	0	0	0	5844	0	0	0	0	0	0	0	0	0	266	0	2946	0	10816	980	21688	630	2670	0	9162	386	556	0	3680	0	920	0	0	0	0	0	0	0	0	0	0	0	0	0	0	0	0	0	0	0	0	0	0	0	0	0	0	0	0	0	0	0	0	0	
847132	Frontal_Sup_R	10866	7662	11896	0	2152	3098	1424	37520	0	782	1432	5788	188	5976	182	9858	5000	8368	18810	76038	0	0	6688	41612	0	3044	0	0	7018	9890	1668	36196	212	21146	672	1758	362	3054	0	386	0	0	0	0	0	0	0	346	0	0	0	0	0	0	0	144	3410	840	0	0	0	96	0	212	0	0	0	968	2256	182	13784	24748	1994	19254	650	1838	1994	7074	854	610	646	444	0	0	0	218	0	0	0	120	0	0	0	0	0	0	0	0	0	0	0	0	0	0	0	0	0	0	0	0	138	0	0	0	0	0	
318200	Frontal_Sup_Orb_L	576	270	25814	2152	0	0	7868	1312	20546	0	544	0	6218	0	20494	0	206	0	2938	1774	1236	146	9272	116	3236	0	4164	0	20574	0	6698	112	0	382	0	0	0	0	0	0	0	0	0	0	0	0	0	0	0	0	0	0	0	0	0	0	310	0	0	0	0	0	0	0	0	0	0	0	0	0	4718	302	16264	0	96	0	0	0	0	0	82	0	680	0	0	0	0	0	0	0	0	0	0	0	0	0	0	0	0	0	0	0	0	0	0	0	0	0	0	0	0	0	0	0	0	0	
100052	Frontal_Sup_Orb_R	0	0	0	3098	0	0	0	372	0	2058	0	0	0	0	0	1480	0	0	0	94	404	1344	1398	6570	146	12238	0	8336	0	180	230	2604	0	0	0	0	0	0	0	0	0	0	0	0	0	0	0	0	0	0	0	0	0	0	0	0	0	0	0	0	0	0	0	0	0	0	0	0	0	0	394	6128	0	2952	0	0	0	0	0	0	0	0	0	0	0	0	0	0	0	0	0	0	0	0	0	0	0	0	0	0	0	0	0	0	0	0	0	0	0	0	0	0	0	0	0	0	
496220	Frontal_Mid_L	25124	638	66106	1424	7868	0	0	936	3530	0	18918	0	30592	0	10232	132	2858	0	12794	1546	0	0	18022	2030	0	0	0	0	21238	0	6956	716	420	572	114	0	634	0	0	0	0	0	92	0	0	0	0	0	0	0	0	0	0	0	0	0	2756	0	0	0	0	0	0	0	0	0	94	0	880	0	1032	592	3842	0	1712	0	1540	466	344	0	1020	0	84	0	92	0	0	0	164	0	0	0	0	0	0	0	0	0	0	0	0	0	0	0	0	0	0	0	0	0	0	0	0	0	0	0	
352088	Frontal_Mid_R	2618	16768	3484	37520	1312	372	936	0	0	1728	372	10696	94	9150	102	14338	684	1430	2268	4962	0	0	898	9036	0	224	0	0	3706	5796	724	14450	0	2992	0	476	0	2112	0	266	0	0	0	0	0	0	0	192	0	0	0	0	0	0	0	100	1600	384	0	0	0	0	0	0	0	0	0	492	114	0	8164	4876	984	5754	208	534	0	2048	0	222	550	206	0	0	0	0	0	0	0	0	0	0	0	0	0	0	0	0	0	0	0	0	0	0	0	0	0	0	0	0	102	0	0	0	0	0	
142164	Frontal_Mid_Orb_L	0	0	6198	0	20546	0	3530	0	0	0	198	0	2980	0	18538	0	0	0	572	0	448	0	0	0	588	0	2682	0	7992	0	198	0	0	0	0	0	0	0	0	0	0	0	0	0	0	0	0	0	0	0	0	0	0	0	0	0	0	0	0	0	0	0	0	0	0	0	0	0	0	0	270	0	5782	0	0	0	0	0	0	0	0	0	560	0	0	0	0	0	0	0	0	0	0	0	0	0	0	0	0	0	0	0	0	0	0	0	0	0	0	0	0	0	0	0	0	0	
27440	Frontal_Mid_Orb_R	0	0	0	782	0	2058	0	1728	0	0	0	0	0	266	0	5548	0	0	0	386	0	0	0	0	0	0	0	128	0	670	0	0	0	0	0	0	0	0	0	0	0	0	0	0	0	0	0	0	0	0	0	0	0	0	0	0	0	0	0	0	0	0	0	0	0	0	0	0	0	0	0	900	0	1254	0	0	0	0	0	0	0	0	0	0	0	0	0	0	0	0	0	0	0	0	0	0	0	0	0	0	0	0	0	0	0	0	0	0	0	0	0	0	0	0	0	0	
319724	Frontal_Inf_Oper_L	16476	142	24560	1432	544	0	18918	372	198	0	0	0	14938	0	564	0	16026	0	17750	744	0	0	1438	552	0	0	0	0	27876	0	390	186	0	0	0	0	488	0	0	0	0	0	0	0	0	0	0	0	0	0	0	0	0	0	98	0	2674	0	0	0	0	0	0	0	0	0	0	0	0	0	1648	372	1648	0	210	0	122	0	902	0	5590	0	2678	0	100	0	0	0	226	0	0	0	0	0	0	0	0	0	0	0	0	0	0	0	0	0	0	0	0	0	0	0	0	0	0	0	
147316	Frontal_Inf_Oper_R	0	1234	96	5788	0	0	0	10696	0	0	0	0	0	5300	0	1112	0	6306	498	3706	0	0	0	2320	0	0	0	0	326	14952	0	2578	0	468	0	454	0	2538	0	840	0	0	0	0	0	0	0	118	0	0	0	0	0	0	0	744	0	452	0	0	0	0	0	0	0	0	0	190	0	370	478	1916	96	7120	0	0	0	0	0	120	0	152	0	0	0	1102	0	0	0	1588	0	0	0	0	0	0	0	0	0	0	0	0	0	0	0	0	0	0	0	0	0	0	0	0	0	0	
236432	Frontal_Inf_Tri_L	2114	0	17062	188	6218	0	30592	94	2980	0	14938	0	0	0	10702	0	638	0	7432	114	0	0	1832	444	0	0	0	0	19528	0	990	0	0	0	0	0	0	0	0	0	0	0	0	0	0	0	0	0	0	0	0	0	0	0	0	0	212	0	0	0	0	0	0	0	0	0	0	0	0	0	280	0	1338	0	152	0	0	0	104	0	134	0	130	0	0	0	0	0	0	0	0	0	0	0	0	0	0	0	0	0	0	0	0	0	0	0	0	0	0	0	0	0	0	0	0	0	
89508	Frontal_Inf_Tri_R	0	0	0	5976	0	0	0	9150	0	266	0	5300	0	0	0	3684	0	620	1890	3698	0	0	0	1172	0	0	0	0	0	7320	0	1188	0	1172	0	0	0	0	0	0	0	0	0	0	0	0	0	0	0	0	0	0	0	0	0	0	0	0	0	0	0	0	0	0	0	0	0	0	0	0	0	2308	0	1010	0	0	0	0	0	0	0	0	0	0	0	0	0	0	0	0	0	0	0	0	0	0	0	0	0	0	0	0	0	0	0	0	0	0	0	0	0	0	0	0	0	0	
201884	Frontal_Inf_Orb_L	100	0	10706	182	20494	0	10232	102	18538	0	564	0	10702	0	0	0	0	0	1378	110	1546	114	328	0	0	0	844	0	14320	0	232	0	0	0	0	0	282	0	362	0	240	0	0	0	0	0	0	0	0	0	0	0	0	0	0	0	160	0	0	0	0	0	0	0	0	0	0	0	0	0	620	98	6996	0	0	0	0	0	0	0	116	0	1576	0	0	0	0	0	0	0	0	0	0	0	0	0	0	0	0	0	0	0	0	0	0	0	0	0	0	0	0	0	0	0	0	0	
130848	Frontal_Inf_Orb_R	0	0	344	9858	0	1480	132	14338	0	5548	0	1112	0	3684	0	0	0	0	786	2354	0	934	606	4096	0	0	0	610	198	4804	200	4000	0	1880	0	0	0	0	0	0	0	0	0	0	0	0	0	0	0	0	0	0	0	0	0	0	0	0	0	0	0	0	0	0	0	0	0	0	0	0	352	3214	136	4214	0	0	0	0	0	0	0	96	0	284	0	164	0	0	0	0	0	0	0	0	0	0	0	0	0	0	0	0	0	0	0	0	0	0	0	0	0	0	0	0	0	0	
247040	Rolandic_Oper_L	11934	208	10714	5000	206	0	2858	684	0	0	16026	0	638	0	0	0	0	0	6754	3036	0	0	0	656	0	0	0	0	17112	0	0	678	94	0	0	0	312	0	0	0	0	0	0	0	0	0	0	0	0	0	176	0	0	0	0	0	12026	0	350	0	1616	0	4088	0	230	0	110	0	144	0	5452	1082	516	592	0	0	508	0	2880	0	12288	0	2526	0	436	0	0	0	1590	0	0	0	0	0	0	0	0	0	0	0	0	0	0	0	0	0	0	0	0	0	0	0	0	0	0	0	
115972	Rolandic_Oper_R	0	984	0	8368	0	0	0	1430	0	0	0	6306	0	620	0	0	0	0	142	7208	0	0	0	0	0	0	0	0	0	11968	0	0	0	0	0	244	0	1596	0	454	0	0	0	0	0	0	0	0	0	88	0	0	0	0	0	92	0	2186	0	0	0	0	0	2194	0	90	0	88	0	756	0	676	0	6210	0	160	0	0	0	2168	0	3516	0	132	0	310	0	0	0	0	0	0	0	0	0	0	0	0	0	0	0	0	0	0	0	0	0	0	0	0	0	0	0	0	0	0	
687012	Supp_Motor_Area_L	19578	458	68626	18810	2938	0	12794	2268	572	0	17750	498	7432	1890	1378	786	6754	142	0	49814	0	0	5162	3530	0	0	0	0	18104	2148	8774	9566	9824	29512	1272	98	662	154	0	0	0	0	520	0	0	0	140	0	0	0	0	0	0	0	0	0	4122	0	0	0	0	0	0	0	0	0	708	0	8354	0	6454	2028	9418	1102	4800	0	1138	312	324	0	2100	0	692	0	0	0	0	0	0	0	0	0	0	0	0	0	0	0	0	0	0	0	0	0	0	0	0	0	0	0	0	0	0	0	0	0	
972932	Supp_Motor_Area_R	21366	4544	19028	76038	1774	94	1546	4962	0	386	744	3706	114	3698	110	2354	3036	7208	49814	0	0	0	1056	10718	0	0	0	0	4516	10986	3186	17050	3822	50836	1768	17100	698	9350	78	2564	0	0	84	706	0	870	0	4956	0	868	0	366	0	88	0	774	2978	3344	0	170	0	354	0	634	0	202	170	11044	9672	20984	10546	30622	2422	12306	1676	1064	3396	25370	728	894	176	906	0	0	0	2122	0	0	0	1724	0	0	0	0	0	0	0	0	0	0	0	0	0	0	0	0	0	0	0	0	0	0	0	0	0	0	
70892	Olfactory_L	0	0	170	0	1236	404	0	0	448	0	0	0	0	0	1546	0	0	0	0	0	0	5326	0	0	332	94	1972	1092	2990	0	2250	1476	0	0	0	0	704	0	1446	0	1298	0	0	0	0	0	0	0	0	0	0	0	0	0	138	0	0	0	0	0	0	0	0	0	0	0	0	0	0	0	6462	3590	1114	276	0	0	0	0	0	0	136	0	946	0	0	0	0	0	0	0	0	0	0	0	0	0	0	0	0	0	0	0	0	0	0	0	0	0	0	0	0	0	0	0	0	0	
64104	Olfactory_R	0	0	0	0	146	1344	0	0	0	0	0	0	0	0	114	934	0	0	0	0	5326	0	0	280	0	1098	1018	2604	0	1898	1916	2330	0	0	0	0	0	0	0	210	0	446	0	0	0	0	0	0	0	0	0	0	0	0	0	0	0	0	0	0	0	0	0	0	0	0	0	0	0	0	5972	4716	550	982	0	0	0	0	0	0	0	0	0	168	0	0	0	0	0	0	0	0	0	0	0	0	0	0	0	0	0	0	0	0	0	0	0	0	0	0	0	0	0	0	0	0	
277916	Frontal_Sup_Medial_L	254	0	37814	6688	9272	1398	18022	898	0	0	1438	0	1832	0	328	606	0	0	5162	1056	0	0	0	16784	2402	1816	0	334	3126	0	13104	8348	1698	5394	0	0	0	0	0	0	0	0	0	0	0	0	0	0	0	0	0	0	0	0	0	0	126	0	0	0	0	0	0	0	0	0	0	0	0	0	188	136	734	0	0	0	0	0	0	0	0	0	0	0	0	0	0	0	0	0	0	0	0	0	0	0	0	0	0	0	0	0	0	0	0	0	0	0	0	0	0	0	0	0	0	0	
382984	Frontal_Sup_Medial_R	168	0	4710	41612	116	6570	2030	9036	0	0	552	2320	444	1172	0	4096	656	0	3530	10718	0	280	16784	0	116	8644	0	1402	1556	162	1044	36128	244	16962	0	0	0	0	0	0	0	0	0	0	0	0	0	0	0	0	0	0	0	0	0	0	330	0	0	0	0	0	0	0	0	0	0	0	0	0	1712	11166	564	6390	0	0	0	0	0	0	278	0	0	0	0	0	0	0	0	0	0	0	0	0	0	0	0	0	0	0	0	0	0	0	0	0	0	0	0	0	0	0	0	0	0	0	
23888	Frontal_Med_Orb_L	0	0	566	0	3236	146	0	0	588	0	0	0	0	0	0	0	0	0	0	0	332	0	2402	116	0	732	1116	0	0	0	2006	88	0	0	0	0	0	0	0	0	0	0	0	0	0	0	0	0	0	0	0	0	0	0	0	0	0	0	0	0	0	0	0	0	0	0	0	0	0	0	350	98	168	0	0	0	0	0	0	0	0	0	0	0	0	0	0	0	0	0	0	0	0	0	0	0	0	0	0	0	0	0	0	0	0	0	0	0	0	0	0	0	0	0	0	0	
96040	Frontal_Med_Orb_R	0	0	0	3044	0	12238	0	224	0	0	0	0	0	0	0	0	0	0	0	0	94	1098	1816	8644	732	0	0	6094	0	0	696	5332	0	0	0	0	0	0	0	0	0	0	0	0	0	0	0	0	0	0	0	0	0	0	0	0	0	0	0	0	0	0	0	0	0	0	0	0	0	0	100	6536	0	1372	0	0	0	0	0	0	0	0	0	0	0	0	0	0	0	0	0	0	0	0	0	0	0	0	0	0	0	0	0	0	0	0	0	0	0	0	0	0	0	0	0	0	
36144	Rectus_L	0	0	88	0	4164	0	0	0	2682	0	0	0	0	0	844	0	0	0	0	0	1972	1018	0	0	1116	0	0	346	554	0	1762	244	0	0	0	0	0	0	0	0	0	0	0	0	0	0	0	0	0	0	0	0	0	0	0	0	0	0	0	0	0	0	0	0	0	0	0	0	0	0	2038	252	992	0	0	0	0	0	0	0	0	0	0	0	0	0	0	0	0	0	0	0	0	0	0	0	0	0	0	0	0	0	0	0	0	0	0	0	0	0	0	0	0	0	0	0	
58012	Rectus_R	0	0	0	0	0	8336	0	0	0	128	0	0	0	0	0	610	0	0	0	0	1092	2604	334	1402	0	6094	346	0	0	642	168	2016	0	0	0	0	0	0	0	0	0	0	0	0	0	0	0	0	0	0	0	0	0	0	0	0	0	0	0	0	0	0	0	0	0	0	0	0	0	0	1074	2960	0	1200	0	0	0	0	0	0	0	0	0	0	0	0	0	0	0	0	0	0	0	0	0	0	0	0	0	0	0	0	0	0	0	0	0	0	0	0	0	0	0	0	0	0	
637080	Insula_L	11706	1500	40330	7018	20574	0	21238	3706	7992	0	27876	326	19528	0	14320	198	17112	0	18104	4516	2990	0	3126	1556	0	0	554	0	0	0	1556	1018	218	594	900	420	11106	264	2054	0	2616	0	726	0	0	0	134	0	0	0	556	0	210	0	3214	0	3250	0	192	0	0	0	0	0	0	0	470	86	286	0	11180	1810	20086	676	194	0	2626	888	4248	0	9790	0	5376	0	3194	0	0	0	4332	0	0	0	0	0	0	0	0	0	0	0	0	0	0	0	0	0	0	0	0	0	0	0	0	0	0	0	
257640	Insula_R	0	692	0	9890	0	180	0	5796	0	670	0	14952	0	7320	0	4804	0	11968	2148	10986	0	1898	0	162	0	0	0	642	0	0	0	262	0	1226	0	782	0	6688	0	1858	0	1040	0	0	0	118	0	122	0	172	0	78	0	0	0	2248	0	796	0	0	0	0	0	216	0	0	0	390	0	1344	0	3114	0	21150	0	0	0	188	0	1966	0	6976	0	536	0	2206	0	0	0	3236	0	0	0	0	0	0	0	0	0	0	0	0	0	0	0	0	0	0	0	0	0	0	0	0	0	0	
212272	Cingulum_Ant_L	594	0	17206	1668	6698	230	6956	724	198	0	390	0	990	0	232	200	0	0	8774	3186	2250	1916	13104	1044	2006	696	1762	168	1556	0	0	10054	2758	2196	0	0	0	0	0	0	0	0	0	0	0	0	0	0	0	0	0	0	0	0	0	0	520	0	0	0	0	0	0	0	0	0	0	0	0	0	7172	2270	7946	458	214	0	0	0	0	0	0	0	0	0	0	0	0	0	0	0	0	0	0	0	0	0	0	0	0	0	0	0	0	0	0	0	0	0	0	0	0	0	0	0	0	0	
437092	Cingulum_Ant_R	152	0	3848	36196	112	2604	716	14450	0	0	186	2578	0	1188	0	4000	678	0	9566	17050	1476	2330	8348	36128	88	5332	244	2016	1018	262	10054	0	712	23254	0	0	0	0	0	0	0	0	0	0	0	0	0	0	0	0	0	0	0	0	0	0	366	0	0	0	0	0	0	0	0	0	0	0	0	0	4276	17682	2780	8582	0	0	0	0	0	0	274	0	0	0	0	0	0	0	0	0	0	0	0	0	0	0	0	0	0	0	0	0	0	0	0	0	0	0	0	0	0	0	0	0	0	0	
96924	Cingulum_Mid_L	3448	0	1232	212	0	0	420	0	0	0	0	0	0	0	0	0	94	0	9824	3822	0	0	1698	244	0	0	0	0	218	0	2758	712	0	6072	2410	560	0	156	0	120	0	0	1942	216	472	86	122	164	0	0	182	0	0	0	0	0	88	0	80	0	0	0	0	0	0	0	3618	850	6112	90	0	0	82	0	0	0	0	0	0	0	0	0	0	0	140	88	0	0	130	0	0	0	0	0	0	0	0	0	0	0	0	0	0	0	0	0	0	0	0	0	0	0	0	0	0	0	
458324	Cingulum_Mid_R	2286	186	10462	21146	382	0	572	2992	0	0	0	468	0	1172	0	1880	0	0	29512	50836	0	0	5394	16962	0	0	0	0	594	1226	2196	23254	6072	0	552	9930	0	4548	0	2782	0	0	0	1404	0	838	0	5404	0	388	0	124	0	0	0	0	0	122	0	0	0	0	0	0	0	0	388	9886	1884	7564	1358	1500	454	570	348	0	0	530	0	0	0	0	0	0	0	692	0	0	0	304	0	0	0	0	0	0	0	0	0	0	0	0	0	0	0	0	0	0	0	0	0	0	0	0	0	0	
218888	Cingulum_Post_L	8622	150	152	672	0	0	114	0	0	0	0	0	0	0	0	0	0	0	1272	1768	0	0	0	0	0	0	0	0	900	0	0	0	2410	552	0	7256	7568	2086	2074	0	0	0	16716	0	958	0	5516	220	0	0	2920	0	194	0	370	0	536	0	1094	0	1122	0	0	0	1118	0	21556	1476	5260	380	0	1126	0	0	0	0	4300	5394	786	0	396	0	0	0	1834	0	0	0	576	0	0	0	0	0	0	0	0	0	0	0	0	0	0	0	0	0	0	0	0	0	0	0	0	0	0	0	
415024	Cingulum_Post_R	3050	1186	0	1758	0	0	0	476	0	0	0	454	0	0	0	0	0	244	98	17100	0	0	0	0	0	0	0	0	420	782	0	0	560	9930	7256	0	3580	22792	388	9844	0	0	114	5076	110	1284	0	20282	0	2108	0	2004	0	348	0	1166	0	1666	0	122	0	0	0	726	0	592	410	29658	2036	10352	228	1842	0	0	0	0	4682	9504	420	166	204	928	0	0	180	17396	0	0	242	13034	0	0	0	0	0	0	0	0	0	0	0	0	0	0	0	0	0	0	0	0	714	0	0	0	0	0	
251060	Hippocampus_L	9338	82	2966	362	0	0	634	0	0	0	488	0	0	0	282	0	312	0	662	698	704	0	0	0	0	0	0	0	11106	0	0	0	0	0	7568	3580	0	2038	13090	0	7344	0	3094	0	0	0	4210	0	0	0	0	0	0	0	10984	0	174	0	0	0	0	0	0	0	0	0	4162	826	0	0	0	492	4842	0	208	0	8628	5054	2286	0	3418	0	1442	0	3784	0	0	0	10672	0	0	0	0	0	0	0	0	0	0	0	0	0	0	0	0	0	0	0	0	0	0	0	0	0	0	0	
452232	Hippocampus_R	1462	4664	0	3054	0	0	0	2112	0	0	0	2538	0	0	0	0	0	1596	154	9350	0	0	0	0	0	0	0	0	264	6688	0	0	156	4548	2086	22792	2038	0	466	30376	0	8276	90	5366	0	560	0	21058	0	984	0	762	0	796	0	23922	0	1230	0	118	0	0	0	0	0	0	0	23184	606	3804	142	742	0	9756	0	788	1470	7678	310	242	150	932	0	682	124	2978	0	0	116	13600	0	0	0	0	0	0	0	496	0	0	0	0	0	0	0	0	0	0	0	0	810	0	0	0	0	0	
85236	ParaHippocampal_L	1032	0	192	0	0	0	0	0	0	0	0	0	0	0	362	0	0	0	0	78	1446	0	0	0	0	0	0	0	2054	0	0	0	0	0	2074	388	13090	466	0	0	3034	0	1394	0	0	0	3230	170	0	0	0	0	100	0	4780	0	0	0	0	0	0	0	0	0	0	0	2014	200	0	0	0	0	680	168	0	0	994	708	100	0	644	0	1164	0	110	0	140	0	1058	0	0	0	0	0	262	0	370	0	116	0	0	0	0	0	0	0	0	0	0	0	0	0	0	0	0	0	
240700	ParaHippocampal_R	94	326	0	386	0	0	0	266	0	0	0	840	0	0	0	0	0	454	0	2564	0	210	0	0	0	0	0	0	0	1858	0	0	120	2782	0	9844	0	30376	0	0	0	5742	0	3650	0	306	0	14736	0	600	0	554	0	240	0	12976	0	320	0	0	0	0	0	0	0	0	0	11818	232	1544	0	334	0	5070	0	586	0	1646	0	0	0	228	0	2366	0	1728	0	1024	0	3524	0	0	0	0	0	0	0	764	0	0	0	0	0	0	0	0	0	0	0	0	242	0	0	0	0	0	
45960	Amygdala_L	0	0	360	0	0	0	0	0	0	0	0	0	0	0	240	0	0	0	0	0	1298	0	0	0	0	0	0	0	2616	0	0	0	0	0	0	0	7344	0	3034	0	0	0	0	0	0	0	0	0	0	0	0	0	0	0	4100	0	0	0	0	0	0	0	0	0	0	0	0	0	0	0	0	0	876	0	0	0	0	0	0	0	0	0	1218	0	390	0	0	0	1504	0	0	0	0	0	0	0	0	0	0	0	0	0	0	0	0	0	0	0	0	0	0	0	0	0	0	0	
49248	Amygdala_R	0	0	0	0	0	0	0	0	0	0	0	0	0	0	0	0	0	0	0	0	0	446	0	0	0	0	0	0	0	1040	0	0	0	0	0	0	0	8276	0	5742	0	0	0	0	0	0	0	0	0	0	0	0	0	0	0	5168	0	0	0	0	0	0	0	0	0	0	0	0	0	0	0	0	0	1738	0	0	0	0	0	0	0	0	0	2002	0	0	0	212	0	0	0	0	0	0	0	0	0	0	0	0	0	0	0	0	0	0	0	0	0	0	0	0	0	0	0	0	
305916	Calcarine_L	3876	0	266	0	0	0	92	0	0	0	0	0	0	0	0	0	0	0	520	84	0	0	0	0	0	0	0	0	726	0	0	0	1942	0	16716	114	3094	90	1394	0	0	0	0	7278	7502	2476	15598	2872	9276	2534	16604	866	3020	796	4064	590	1182	0	2728	0	688	0	106	0	986	0	31252	1158	2660	0	0	0	0	0	0	0	0	0	144	0	120	0	0	0	6288	0	0	0	3256	0	0	0	0	0	0	0	0	0	0	0	0	0	0	0	0	0	0	0	0	0	0	0	0	0	0	0	
454164	Calcarine_R	0	102	0	0	0	0	0	0	0	0	0	0	0	0	0	0	0	0	0	706	0	0	0	0	0	0	0	0	0	0	0	0	216	1404	0	5076	0	5366	0	3650	0	0	7278	0	6856	32806	1360	30418	184	37852	0	23572	0	11100	0	12484	0	3008	0	3234	0	0	0	738	0	1904	2374	24858	0	766	0	0	0	0	0	0	0	192	0	0	0	476	0	0	0	5980	0	0	0	3122	0	0	0	0	0	0	0	0	0	0	0	0	0	0	0	0	0	0	0	0	0	0	0	0	0	0	
136072	Cuneus_L	0	0	0	0	0	0	0	0	0	0	0	0	0	0	0	0	0	0	0	0	0	0	0	0	0	0	0	0	0	0	0	0	472	0	958	110	0	0	0	0	0	0	7502	6856	0	8278	1068	960	12144	5706	2992	1268	0	780	0	912	0	0	5964	220	0	0	0	0	0	0	10780	832	0	0	0	0	0	0	0	0	0	0	0	0	0	0	0	0	234	0	0	0	0	0	0	0	0	0	0	0	0	0	0	0	0	0	0	0	0	0	0	0	0	0	0	0	0	0	0	0	
361776	Cuneus_R	0	108	0	0	0	0	0	0	0	0	0	0	0	0	0	0	0	0	0	870	0	0	0	0	0	0	0	0	0	118	0	0	86	838	0	1284	0	560	0	306	0	0	2476	32806	8278	0	172	5508	252	47460	92	17300	0	3510	0	4518	0	4944	0	7400	0	770	0	120	0	1994	3040	30284	0	1594	0	0	0	0	0	0	0	78	0	0	0	372	0	0	0	3258	0	0	0	492	0	0	0	0	0	0	0	0	0	0	0	0	0	0	0	0	0	0	0	0	0	0	0	0	0	0	
296288	Lingual_L	1300	0	116	0	0	0	0	0	0	0	0	0	0	0	0	0	0	0	140	0	0	0	0	0	0	0	0	0	134	0	0	0	122	0	5516	0	4210	0	3230	0	0	0	15598	1360	1068	172	0	3728	5034	694	16664	194	8384	98	16382	1118	298	0	988	0	172	0	0	0	164	0	10580	0	908	0	0	0	0	0	0	0	0	0	86	0	0	0	0	0	1800	0	0	0	288	0	9354	1268	1638	952	152	0	9448	1038	14730	1368	82	0	0	0	0	0	0	0	0	0	2566	3688	1314	0	0	0	
537492	Lingual_R	0	402	0	346	0	0	0	192	0	0	0	118	0	0	0	0	0	0	0	4956	0	0	0	0	0	0	0	0	0	122	0	0	164	5404	220	20282	0	21058	170	14736	0	0	2872	30418	960	5508	3728	0	80	12278	0	10524	0	9034	1612	24114	0	1162	0	492	0	0	0	0	0	0	0	27556	356	4214	0	190	0	0	0	0	0	1742	0	0	0	0	0	0	0	3694	0	0	0	4012	1824	8914	322	258	0	130	926	8772	3720	13736	0	0	0	256	0	0	0	0	0	80	5718	9272	2102	0	0	0	
159768	Occipital_Sup_L	0	0	0	0	0	0	0	0	0	0	0	0	0	0	0	0	0	0	0	0	0	0	0	0	0	0	0	0	0	0	0	0	0	0	0	0	0	0	0	0	0	0	9276	184	12144	252	5034	80	0	194	22666	100	1658	96	366	96	0	0	13728	0	456	0	0	0	912	0	12098	0	0	0	0	0	0	0	0	0	0	0	0	0	0	0	0	0	544	0	0	0	0	0	0	0	0	0	0	0	0	0	0	0	0	0	0	0	0	0	0	0	0	0	0	0	0	0	0	0	
480940	Occipital_Sup_R	0	126	0	0	0	0	0	0	0	0	0	0	0	0	0	0	0	88	0	868	0	0	0	0	0	0	0	0	0	172	0	0	0	388	0	2108	0	984	0	600	0	0	2534	37852	5706	47460	694	12278	194	0	0	40018	0	7516	0	9160	0	7508	0	11290	0	2296	0	428	0	9906	1782	28150	0	1594	0	78	0	0	0	0	0	94	0	90	0	1704	0	0	0	5506	0	0	0	1298	0	0	0	0	0	0	0	0	0	0	0	0	0	0	0	0	0	0	0	0	0	0	0	0	0	0	
328344	Occipital_Mid_L	612	0	0	0	0	0	0	0	0	0	0	0	0	0	0	0	176	0	0	0	0	0	0	0	0	0	0	0	556	0	0	0	182	0	2920	0	0	0	0	0	0	0	16604	0	2992	92	16664	0	22666	0	0	0	21014	0	6620	0	1240	0	13772	0	4386	0	1084	0	10704	0	14478	118	770	0	0	0	0	0	0	0	0	0	90	0	450	0	0	0	24316	0	0	0	1666	0	0	0	0	0	0	0	0	0	0	0	0	0	0	0	0	0	0	0	0	0	0	0	0	0	0	0	
365348	Occipital_Mid_R	0	0	0	0	0	0	0	0	0	0	0	0	0	0	0	0	0	0	0	366	0	0	0	0	0	0	0	0	0	78	0	0	0	124	0	2004	0	762	0	554	0	0	866	23572	1268	17300	194	10524	100	40018	0	0	0	10440	0	10416	0	1494	0	6448	0	4510	0	2054	0	20198	0	11792	0	324	0	0	0	0	0	0	0	92	0	0	0	3112	0	0	0	12420	0	0	0	1644	0	0	0	0	0	0	0	0	0	0	0	0	0	0	0	0	0	0	0	0	0	0	0	0	0	0	
102624	Occipital_Inf_L	100	0	0	0	0	0	0	0	0	0	0	0	0	0	0	0	0	0	0	0	0	0	0	0	0	0	0	0	210	0	0	0	0	0	194	0	0	0	100	0	0	0	3020	0	0	0	8384	0	1658	0	21014	0	0	0	8362	0	158	0	492	0	350	0	314	0	310	0	992	0	0	0	0	0	0	0	0	0	0	0	0	0	0	0	0	0	3816	0	0	0	926	0	562	0	0	0	0	0	0	0	350	0	0	0	0	0	0	0	0	0	0	0	0	0	0	0	0	0	
125436	Occipital_Inf_R	0	204	0	0	0	0	0	0	0	0	0	0	0	0	0	0	0	0	0	88	0	0	0	0	0	0	0	0	0	0	0	0	0	0	0	348	0	796	0	240	0	0	796	11100	780	3510	98	9034	96	7516	0	10440	0	0	0	11746	0	0	0	486	0	0	0	0	0	0	0	1198	0	80	0	0	0	0	0	0	0	0	0	0	0	0	0	0	0	472	0	0	0	3030	0	0	0	0	0	0	0	0	0	292	0	0	0	0	0	0	0	0	0	0	0	208	160	0	0	0	
354448	Fusiform_L	336	0	0	0	0	0	0	0	0	0	98	0	0	0	0	0	0	0	0	0	138	0	0	0	0	0	0	0	3214	0	0	0	0	0	370	0	10984	0	4780	0	4100	0	4064	0	0	0	16382	1612	366	0	6620	0	8362	0	0	530	266	0	0	0	0	0	0	0	0	0	2116	0	0	0	0	0	312	0	0	0	236	0	798	0	1728	0	1492	0	6496	0	2518	0	16738	0	24894	436	2180	186	262	0	13824	1158	27728	782	1512	0	936	0	218	0	0	0	0	116	4100	3308	928	0	0	0	
410620	Fusiform_R	0	1758	0	144	0	0	0	100	0	0	0	744	0	0	0	0	0	92	0	774	0	0	0	0	0	0	0	0	0	2248	0	0	0	0	0	1166	0	23922	0	12976	0	5168	590	12484	912	4518	1118	24114	96	9160	0	10416	0	11746	530	0	0	182	0	610	0	0	0	0	0	0	0	1914	0	572	0	180	0	2630	0	168	0	318	0	0	0	1948	0	5518	0	3246	0	2906	0	21408	386	8452	112	262	0	154	290	7294	1180	11838	0	0	0	180	0	0	0	0	0	124	3164	4246	1252	0	0	0	
276444	Postcentral_L	27648	1536	5844	3410	310	0	2756	1600	0	0	2674	0	212	0	160	0	12026	0	4122	2978	0	0	126	330	0	0	0	0	3250	0	520	366	88	0	536	0	174	0	0	0	0	0	1182	0	0	0	298	0	0	0	1240	0	158	0	266	0	0	0	8622	0	22802	0	11504	0	1262	0	4520	0	1768	0	3384	368	606	346	396	0	254	0	1164	0	4114	0	0	0	1604	0	0	0	1698	0	0	0	0	0	0	0	0	0	0	0	0	0	0	0	0	0	0	0	0	0	0	0	0	0	0	0	
164696	Postcentral_R	0	9504	0	840	0	0	0	384	0	0	0	452	0	0	0	0	0	2186	0	3344	0	0	0	0	0	0	0	0	0	796	0	0	0	122	0	1666	0	1230	0	320	0	0	0	3008	0	4944	0	1162	0	7508	0	1494	0	0	0	182	0	0	0	6190	0	2668	0	9682	0	2050	0	13984	0	4860	0	0	0	0	0	0	0	0	0	784	0	1346	0	0	0	1174	0	0	0	468	0	0	0	0	0	0	0	0	0	0	0	0	0	0	0	0	0	0	0	0	0	0	0	0	0	0	
165704	Parietal_Sup_L	260	0	0	0	0	0	0	0	0	0	0	0	0	0	0	0	350	0	0	0	0	0	0	0	0	0	0	0	192	0	0	0	80	0	1094	0	0	0	0	0	0	0	2728	0	5964	0	988	0	13728	0	13772	0	492	0	0	0	8622	0	0	0	9254	0	856	0	1214	0	18050	0	736	0	0	0	0	0	0	0	0	0	0	0	408	0	0	0	3574	0	0	0	490	0	0	0	0	0	0	0	0	0	0	0	0	0	0	0	0	0	0	0	0	0	0	0	0	0	0	0	
111472	Parietal_Sup_R	0	0	0	0	0	0	0	0	0	0	0	0	0	0	0	0	0	0	0	170	0	0	0	0	0	0	0	0	0	0	0	0	0	0	0	122	0	118	0	0	0	0	0	3234	220	7400	0	492	0	11290	0	6448	0	486	0	610	0	6190	0	0	0	1988	0	0	0	3828	0	12368	0	268	0	0	0	0	0	0	0	0	0	0	0	210	0	0	0	294	0	0	0	0	0	0	0	0	0	0	0	0	0	0	0	0	0	0	0	0	0	0	0	0	0	0	0	0	0	0	
216988	Parietal_Inf_L	1884	0	0	0	0	0	0	0	0	0	0	0	0	0	0	0	1616	0	0	0	0	0	0	0	0	0	0	0	0	0	0	0	0	0	1122	0	0	0	0	0	0	0	688	0	0	0	172	0	456	0	4386	0	350	0	0	0	22802	0	9254	0	0	0	23262	0	17926	0	3020	0	632	0	0	0	0	0	0	0	0	0	0	0	3852	0	0	0	9856	0	0	0	7216	0	0	0	0	0	0	0	0	0	0	0	0	0	0	0	0	0	0	0	0	0	0	0	0	0	0	0	
57780	Parietal_Inf_R	0	260	0	96	0	0	0	0	0	0	0	0	0	0	0	0	0	0	0	354	0	0	0	0	0	0	0	0	0	0	0	0	0	0	0	0	0	0	0	0	0	0	0	0	0	770	0	0	0	2296	0	4510	0	0	0	0	0	2668	0	1988	0	0	0	6658	0	7888	0	1110	0	108	0	0	0	0	0	0	0	0	0	0	0	82	0	0	0	102	0	0	0	0	0	0	0	0	0	0	0	0	0	0	0	0	0	0	0	0	0	0	0	0	0	0	0	0	0	0	
151352	SupraMarginal_L	448	0	0	0	0	0	0	0	0	0	0	0	0	0	0	0	4088	0	0	0	0	0	0	0	0	0	0	0	0	0	0	0	0	0	0	0	0	0	0	0	0	0	106	0	0	0	0	0	0	0	1084	0	314	0	0	0	11504	0	856	0	23262	0	0	0	7056	0	236	0	0	0	0	0	0	0	0	0	0	0	0	0	9350	0	0	0	11282	0	0	0	6090	0	0	0	0	0	0	0	0	0	0	0	0	0	0	0	0	0	0	0	0	0	0	0	0	0	0	0	
100032	SupraMarginal_R	0	722	0	212	0	0	0	0	0	0	0	0	0	0	0	0	0	2194	0	634	0	0	0	0	0	0	0	0	0	216	0	0	0	0	0	726	0	0	0	0	0	0	0	738	0	120	0	0	0	428	0	2054	0	0	0	0	0	9682	0	0	0	6658	0	0	0	10854	0	356	0	82	0	0	0	0	0	0	0	0	0	0	0	9954	0	0	0	3090	0	0	0	1296	0	0	0	0	0	0	0	0	0	0	0	0	0	0	0	0	0	0	0	0	0	0	0	0	0	0	
117476	Angular_L	680	0	0	0	0	0	0	0	0	0	0	0	0	0	0	0	230	0	0	0	0	0	0	0	0	0	0	0	0	0	0	0	0	0	1118	0	0	0	0	0	0	0	986	0	0	0	164	0	912	0	10704	0	310	0	0	0	1262	0	1214	0	17926	0	7056	0	0	0	1660	0	928	0	0	0	0	0	0	0	0	0	0	0	1046	0	0	0	8564	0	0	0	3978	0	0	0	0	0	0	0	0	0	0	0	0	0	0	0	0	0	0	0	0	0	0	0	0	0	0	0	
150004	Angular_R	0	132	0	0	0	0	0	0	0	0	0	0	0	0	0	0	0	90	0	202	0	0	0	0	0	0	0	0	0	0	0	0	0	0	0	592	0	0	0	0	0	0	0	1904	0	1994	0	0	0	9906	0	20198	0	0	0	0	0	2050	0	3828	0	7888	0	10854	0	0	0	3088	0	338	0	0	0	0	0	0	0	0	0	0	0	6594	0	0	0	4384	0	0	0	960	0	0	0	0	0	0	0	0	0	0	0	0	0	0	0	0	0	0	0	0	0	0	0	0	0	0	
346560	Precuneus_L	5154	0	266	0	0	0	94	0	0	0	0	0	0	0	0	0	110	0	708	170	0	0	0	0	0	0	0	0	470	0	0	0	3618	388	21556	410	4162	0	2014	0	0	0	31252	2374	10780	3040	10580	0	12098	1782	14478	0	992	0	2116	0	4520	0	18050	0	3020	0	236	0	1660	0	0	3286	4712	0	0	0	0	0	0	0	0	0	148	0	166	0	0	0	6394	122	0	0	2354	0	0	0	0	0	0	0	0	0	0	0	0	0	0	0	0	0	0	0	0	0	0	0	0	0	0	0	
570008	Precuneus_R	192	1100	0	968	0	0	0	492	0	0	0	190	0	0	0	0	0	88	0	11044	0	0	0	0	0	0	0	0	86	390	0	0	850	9886	1476	29658	826	23184	200	11818	0	0	1158	24858	832	30284	0	27556	0	28150	118	11792	0	1198	0	1914	0	13984	0	12368	0	1110	0	356	0	3088	3286	0	706	10106	82	284	0	0	0	0	422	4412	0	184	0	838	0	0	136	7676	0	0	84	4826	0	0	0	0	0	0	0	0	0	0	0	0	0	0	0	0	0	0	0	0	748	0	0	0	0	0	
168032	Paracentral_Lobule_L	24450	258	2946	2256	0	0	880	114	0	0	0	0	0	0	0	0	144	0	8354	9672	0	0	0	0	0	0	0	0	286	0	0	0	6112	1884	5260	2036	0	606	0	232	0	0	2660	0	0	0	908	356	0	0	770	0	0	0	0	0	1768	0	736	0	632	0	0	0	928	0	4712	706	0	472	366	864	100	0	144	0	1090	724	0	0	0	0	0	0	158	90	0	0	342	0	0	0	0	0	0	0	0	0	0	0	0	0	0	0	0	0	0	0	0	0	0	0	0	0	0	0	
162212	Paracentral_Lobule_R	114	2266	0	182	0	0	0	0	0	0	0	370	0	0	0	0	0	756	0	20984	0	0	0	0	0	0	0	0	0	1344	0	0	90	7564	380	10352	0	3804	0	1544	0	0	0	766	0	1594	0	4214	0	1594	0	324	0	80	0	572	0	4860	0	268	0	108	0	82	0	338	0	10106	472	0	214	1196	0	0	0	0	114	502	0	340	0	520	0	0	0	1526	0	0	0	1566	0	0	0	0	0	0	0	0	0	0	0	0	0	0	0	0	0	0	0	0	0	0	0	0	0	0	
305192	Caudate_L	6880	2218	10816	13784	4718	394	1032	8164	270	0	1648	478	280	0	620	352	5452	0	6454	10546	6462	5972	188	1712	350	100	2038	1074	11180	0	7172	4276	0	1358	0	228	0	142	0	0	0	0	0	0	0	0	0	0	0	0	0	0	0	0	0	0	3384	0	0	0	0	0	0	0	0	0	0	82	366	214	0	9166	11684	1604	1536	0	5716	754	782	0	950	0	0	0	0	0	0	0	0	0	0	0	0	0	0	0	0	0	0	0	0	0	0	0	0	0	0	0	0	0	0	0	0	0	0	0	
396976	Caudate_R	3630	530	980	24748	302	6128	592	4876	0	900	372	1916	0	2308	98	3214	1082	676	2028	30622	3590	4716	136	11166	98	6536	252	2960	1810	3114	2270	17682	0	1500	1126	1842	492	742	0	334	0	0	0	0	0	0	0	190	0	78	0	0	0	0	0	180	368	0	0	0	0	0	0	0	0	0	0	284	864	1196	9166	0	1224	17544	98	1482	2702	17114	86	0	294	0	0	0	0	156	0	0	0	94	0	0	0	0	0	0	0	0	0	0	0	0	0	0	0	0	0	0	0	0	0	0	0	0	0	0	
300168	Putamen_L	6660	410	21688	1994	16264	0	3842	984	5782	0	1648	96	1338	0	6996	136	516	0	9418	2422	1114	550	734	564	168	0	992	0	20086	0	7946	2780	82	454	0	0	4842	0	680	0	876	0	0	0	0	0	0	0	0	0	0	0	0	0	312	0	606	0	0	0	0	0	0	0	0	0	0	0	100	0	11684	1224	0	584	9200	0	2264	0	0	0	962	0	810	0	0	0	0	0	276	0	0	0	0	0	0	0	0	0	0	0	0	0	0	0	0	0	0	0	0	0	0	0	0	0	0	0	
302316	Putamen_R	146	1796	630	19254	0	2952	0	5754	0	1254	0	7120	0	1010	0	4214	592	6210	1102	12306	276	982	0	6390	0	1372	0	1200	676	21150	458	8582	0	570	0	0	0	9756	168	5070	0	1738	0	0	0	0	0	0	0	0	0	0	0	0	0	2630	346	0	0	0	0	0	0	0	0	0	0	0	0	0	1604	17544	584	0	0	3072	0	892	0	90	216	274	0	526	0	0	0	0	0	448	0	0	0	0	0	0	0	204	0	0	0	0	0	0	0	0	0	0	0	0	0	0	0	0	0	0	
58324	Pallidum_L	2498	220	2670	650	96	0	1712	208	0	0	210	0	152	0	0	0	0	0	4800	1676	0	0	0	0	0	0	0	0	194	0	214	0	0	348	0	0	208	0	0	0	0	0	0	0	0	0	0	0	0	0	0	0	0	0	0	0	396	0	0	0	0	0	0	0	0	0	0	0	144	0	1536	98	9200	0	0	0	1932	0	0	0	0	0	0	0	0	0	0	0	0	0	0	0	0	0	0	0	0	0	0	0	0	0	0	0	0	0	0	0	0	0	0	0	0	0	0	0	
20000	Pallidum_R	0	308	0	1838	0	0	0	534	0	0	0	0	0	0	0	0	0	160	0	1064	0	0	0	0	0	0	0	0	0	0	0	0	0	0	0	0	0	788	0	586	0	0	0	0	0	0	0	0	0	0	0	0	0	0	0	168	0	0	0	0	0	0	0	0	0	0	0	0	0	0	0	1482	0	3072	0	0	0	0	0	0	0	0	0	0	0	0	0	0	0	0	0	0	0	0	0	0	0	0	0	0	0	0	0	0	0	0	0	0	0	0	0	0	0	0	0	0	
195896	Thalamus_L	23830	104	9162	1994	0	0	1540	0	0	0	122	0	0	0	0	0	508	0	1138	3396	0	0	0	0	0	0	0	0	2626	0	0	0	0	0	4300	4682	8628	1470	994	0	0	0	0	0	0	0	0	0	0	0	0	0	0	0	236	0	254	0	0	0	0	0	0	0	0	0	0	422	1090	114	5716	2702	2264	0	1932	0	0	14050	1476	0	398	0	0	0	1008	0	0	0	1792	0	0	0	0	0	0	0	0	0	0	0	0	0	0	0	0	0	0	0	0	0	0	0	0	0	0	0	
238680	Thalamus_R	7558	900	386	7074	0	0	466	2048	0	0	0	0	0	0	0	0	0	0	312	25370	0	0	0	0	0	0	0	0	888	188	0	0	0	530	5394	9504	5054	7678	708	1646	0	0	0	192	0	78	0	1742	0	94	0	92	0	0	0	318	0	0	0	0	0	0	0	0	0	0	0	4412	724	502	754	17114	0	892	0	0	14050	0	566	0	284	0	0	0	280	214	0	0	426	486	0	0	0	0	0	0	0	0	0	0	0	0	0	0	0	0	0	0	0	0	416	0	0	0	0	0	
58216	Heschl_L	2350	0	556	854	0	0	344	0	0	0	902	0	104	0	0	0	2880	0	324	728	0	0	0	0	0	0	0	0	4248	0	0	0	0	0	786	420	2286	310	100	0	0	0	144	0	0	0	86	0	0	0	90	0	0	0	798	0	1164	0	0	0	0	0	0	0	0	0	148	0	0	0	782	86	0	0	0	0	1476	566	0	0	2124	0	0	0	1882	0	0	0	2570	0	0	0	0	0	0	0	0	0	0	0	0	0	0	0	0	0	0	0	0	0	0	0	0	0	0	0	
28572	Heschl_R	0	276	0	610	0	0	0	222	0	0	0	120	0	0	0	0	0	2168	0	894	0	0	0	0	0	0	0	0	0	1966	0	0	0	0	0	166	0	242	0	0	0	0	0	0	0	0	0	0	0	90	0	0	0	0	0	0	0	784	0	0	0	0	0	0	0	0	0	184	0	340	0	0	0	90	0	0	0	0	0	0	0	4946	0	0	0	1188	0	0	0	0	0	0	0	0	0	0	0	0	0	0	0	0	0	0	0	0	0	0	0	0	0	0	0	0	0	0	
234984	Temporal_Sup_L	3588	274	3680	646	82	0	1020	550	0	0	5590	0	134	0	116	0	12288	0	2100	176	136	0	0	278	0	0	0	0	9790	0	0	274	0	0	396	204	3418	150	644	0	0	0	120	0	0	0	0	0	0	0	450	0	0	0	1728	0	4114	0	408	0	3852	0	9350	0	1046	0	166	0	0	0	950	294	962	216	0	0	398	284	2124	0	0	0	4678	0	28672	0	0	0	12146	0	0	0	0	0	0	0	0	0	0	0	0	0	0	0	0	0	0	0	0	0	0	0	0	0	0	0	
140156	Temporal_Sup_R	0	258	0	444	0	0	0	206	0	0	0	152	0	0	0	96	0	3516	0	906	0	0	0	0	0	0	0	0	0	6976	0	0	0	0	0	928	0	932	0	228	0	0	0	476	0	372	0	0	0	1704	0	3112	0	0	0	1948	0	1346	0	210	0	82	0	9954	0	6594	0	838	0	520	0	0	0	274	0	0	0	0	0	4946	0	0	0	1166	0	14252	0	0	0	7642	0	0	0	0	0	0	0	0	0	0	0	0	0	0	0	0	0	0	0	0	0	0	0	0	0	0	
73648	Temporal_Pole_Sup_L	0	0	920	0	680	0	84	0	560	0	2678	0	130	0	1576	0	2526	0	692	0	946	0	0	0	0	0	0	0	5376	0	0	0	0	0	0	0	1442	0	1164	0	1218	0	0	0	0	0	0	0	0	0	0	0	0	0	1492	0	0	0	0	0	0	0	0	0	0	0	0	0	0	0	0	0	810	0	0	0	0	0	0	0	4678	0	0	0	4672	0	1940	0	3240	0	0	0	0	0	0	0	0	0	0	0	0	0	0	0	0	0	0	0	0	0	0	0	0	0	0	0	
42704	Temporal_Pole_Sup_R	0	0	0	0	0	0	0	0	0	0	0	0	0	0	0	284	0	132	0	0	0	168	0	0	0	0	0	0	0	536	0	0	0	0	0	0	0	682	0	2366	0	2002	0	0	0	0	0	0	0	0	0	0	0	0	0	5518	0	0	0	0	0	0	0	0	0	0	0	0	0	0	0	0	0	526	0	0	0	0	0	0	0	1166	0	0	0	1232	0	3898	0	2842	0	0	0	0	0	0	0	0	0	0	0	0	0	0	0	0	0	0	0	0	0	0	0	0	0	0	
345816	Temporal_Mid_L	818	0	0	0	0	0	92	0	0	0	100	0	0	0	0	0	436	0	0	0	0	0	0	0	0	0	0	0	3194	0	0	0	140	0	1834	180	3784	124	110	0	390	0	6288	0	234	0	1800	0	544	0	24316	0	3816	0	6496	0	1604	0	3574	0	9856	0	11282	0	8564	0	6394	136	158	0	0	0	0	0	0	0	1008	280	1882	0	28672	0	4672	0	0	0	3492	0	36638	0	0	0	0	0	0	0	0	0	0	0	0	0	0	0	0	0	0	0	0	0	0	0	0	0	0	0	
256012	Temporal_Mid_R	0	352	0	218	0	0	0	0	0	0	0	1102	0	0	0	164	0	310	0	2122	0	0	0	0	0	0	0	0	0	2206	0	0	88	692	0	17396	0	2978	0	1728	0	0	0	5980	0	3258	0	3694	0	5506	0	12420	0	472	0	3246	0	1174	0	294	0	102	0	3090	0	4384	122	7676	90	1526	0	156	0	0	0	0	0	214	0	1188	0	14252	0	1232	0	0	0	336	0	28238	0	0	0	0	0	0	0	0	0	0	0	0	0	0	0	0	0	0	0	0	0	0	0	0	0	0	
24640	Temporal_Pole_Mid_L	0	0	0	0	0	0	0	0	0	0	0	0	0	0	0	0	0	0	0	0	0	0	0	0	0	0	0	0	0	0	0	0	0	0	0	0	0	0	140	0	0	0	0	0	0	0	0	0	0	0	0	0	0	0	2518	0	0	0	0	0	0	0	0	0	0	0	0	0	0	0	0	0	0	0	0	0	0	0	0	0	0	0	1940	0	3492	0	0	0	4230	0	0	0	0	0	0	0	0	0	0	0	0	0	0	0	0	0	0	0	0	0	0	0	0	0	0	0	
20252	Temporal_Pole_Mid_R	0	0	0	0	0	0	0	0	0	0	0	0	0	0	0	0	0	0	0	0	0	0	0	0	0	0	0	0	0	0	0	0	0	0	0	0	0	0	0	1024	0	212	0	0	0	0	0	0	0	0	0	0	0	0	0	2906	0	0	0	0	0	0	0	0	0	0	0	0	0	0	0	0	0	0	0	0	0	0	0	0	0	0	0	3898	0	336	0	0	0	1750	0	0	0	0	0	0	0	0	0	0	0	0	0	0	0	0	0	0	0	0	0	0	0	0	0	0	
263276	Temporal_Inf_L	734	0	0	0	0	0	164	0	0	0	226	0	0	0	0	0	1590	0	0	0	0	0	0	0	0	0	0	0	4332	0	0	0	130	0	576	242	10672	116	1058	0	1504	0	3256	0	0	0	288	0	0	0	1666	0	926	0	16738	0	1698	0	490	0	7216	0	6090	0	3978	0	2354	84	342	0	0	0	276	0	0	0	1792	426	2570	0	12146	0	3240	0	36638	0	4230	0	0	0	2138	0	532	0	0	0	178	0	872	0	130	0	0	0	0	0	0	0	0	0	0	0	0	0	0	0	
253740	Temporal_Inf_R	0	2374	0	120	0	0	0	0	0	0	0	1588	0	0	0	0	0	0	0	1724	0	0	0	0	0	0	0	0	0	3236	0	0	0	304	0	13034	0	13600	0	3524	0	0	0	3122	0	492	0	4012	0	1298	0	1644	0	3030	0	21408	0	468	0	0	0	0	0	1296	0	960	0	4826	0	1566	0	94	0	448	0	0	0	486	0	0	0	7642	0	2842	0	28238	0	1750	0	0	0	1202	0	120	0	0	0	116	0	306	0	0	0	0	0	0	0	0	0	0	0	0	0	0	0	0	
515780	Cerebelum_Crus1_L	0	0	0	0	0	0	0	0	0	0	0	0	0	0	0	0	0	0	0	0	0	0	0	0	0	0	0	0	0	0	0	0	0	0	0	0	0	0	0	0	0	0	0	0	0	0	9354	1824	0	0	0	0	562	0	24894	386	0	0	0	0	0	0	0	0	0	0	0	0	0	0	0	0	0	0	0	0	0	0	0	0	0	0	0	0	0	0	0	0	2138	0	0	5242	43046	6484	2618	364	27514	1148	56914	5192	16698	454	12212	3562	3062	1526	274	264	226	718	6866	9380	10812	1826	1924	406	
434552	Cerebelum_Crus1_R	0	0	0	0	0	0	0	0	0	0	0	0	0	0	0	0	0	0	0	0	0	0	0	0	0	0	0	0	0	0	0	0	0	0	0	0	0	0	0	0	0	0	0	0	0	0	1268	8914	0	0	0	0	0	0	436	8452	0	0	0	0	0	0	0	0	0	0	0	0	0	0	0	0	0	0	0	0	0	0	0	0	0	0	0	0	0	0	0	0	0	1202	5242	0	10760	38660	0	3066	642	22156	2686	47874	452	5392	378	18082	0	2440	0	248	256	2292	8570	7454	16628	2158	1456	112	
439156	Cerebelum_Crus2_L	0	0	0	0	0	0	0	0	0	0	0	0	0	0	0	0	0	0	0	0	0	0	0	0	0	0	0	0	0	0	0	0	0	0	0	0	0	0	0	0	0	0	0	0	0	0	1638	322	0	0	0	0	0	0	2180	112	0	0	0	0	0	0	0	0	0	0	0	0	0	0	0	0	0	0	0	0	0	0	0	0	0	0	0	0	0	0	0	0	532	0	43046	10760	0	25372	1076	128	2146	372	7680	3026	35128	8130	23822	10150	5346	1752	212	276	0	0	272	1682	23044	9238	2000	136	
371092	Cerebelum_Crus2_R	0	0	0	0	0	0	0	0	0	0	0	0	0	0	0	0	0	0	0	0	0	0	0	0	0	0	0	0	0	0	0	0	0	0	0	0	0	0	0	0	0	0	0	0	0	0	952	258	0	0	0	0	0	0	186	262	0	0	0	0	0	0	0	0	0	0	0	0	0	0	0	0	0	0	0	0	0	0	0	0	0	0	0	0	0	0	0	0	0	120	6484	38660	25372	0	0	712	0	1742	1286	8826	8034	17142	3726	29836	0	3722	0	532	188	238	104	748	24368	9186	2862	0	
39196	Cerebelum_3_L	0	0	0	0	0	0	0	0	0	0	0	0	0	0	0	0	0	0	0	0	0	0	0	0	0	0	0	0	0	0	0	0	0	0	0	0	0	0	262	0	0	0	0	0	0	0	152	0	0	0	0	0	0	0	262	0	0	0	0	0	0	0	0	0	0	0	0	0	0	0	0	0	0	0	0	0	0	0	0	0	0	0	0	0	0	0	0	0	0	0	2618	0	1076	0	0	0	6002	0	3392	0	754	0	914	0	1394	102	98	0	324	1218	446	290	104	80	0	110	
55384	Cerebelum_3_R	0	0	0	0	0	0	0	0	0	0	0	0	0	0	0	0	0	0	0	0	0	0	0	0	0	0	0	0	0	0	0	0	0	0	0	0	0	0	0	0	0	0	0	0	0	0	0	130	0	0	0	0	0	0	0	154	0	0	0	0	0	0	0	0	0	0	0	0	0	0	0	0	0	0	0	0	0	0	0	0	0	0	0	0	0	0	0	0	0	0	364	3066	128	712	0	0	156	7356	284	7366	0	0	0	390	0	284	0	0	654	4362	884	314	422	348	318	0	
254568	Cerebelum_4_5_L	0	0	0	0	0	0	0	0	0	0	0	0	0	0	0	0	0	0	0	0	0	0	0	0	0	0	0	0	0	0	0	0	0	0	0	0	0	0	370	0	0	0	0	0	0	0	9448	926	0	0	0	0	0	0	13824	290	0	0	0	0	0	0	0	0	0	0	0	0	0	0	0	0	0	0	0	0	0	0	0	0	0	0	0	0	0	0	0	0	178	0	27514	642	2146	0	6002	156	0	1396	37832	1510	2784	0	3134	0	2658	182	376	0	300	1606	10140	2238	392	136	284	820	
226072	Cerebelum_4_5_R	0	0	0	0	0	0	0	0	0	0	0	0	0	0	0	0	0	0	0	0	0	0	0	0	0	0	0	0	0	0	0	0	0	0	0	0	0	496	0	764	0	0	0	0	0	0	1038	8772	0	0	0	0	0	0	1158	7294	0	0	0	0	0	0	0	0	0	0	0	0	0	0	0	0	0	204	0	0	0	0	0	0	0	0	0	0	0	0	0	0	0	116	1148	22156	372	1742	0	7356	1396	0	1806	34366	0	0	0	1434	0	574	0	90	100	3946	12660	2446	692	330	364	216	
427436	Cerebelum_6_L	0	0	0	0	0	0	0	0	0	0	0	0	0	0	0	0	0	0	0	0	0	0	0	0	0	0	0	0	0	0	0	0	0	0	0	0	0	0	116	0	0	0	0	0	0	0	14730	3720	0	0	0	0	350	0	27728	1180	0	0	0	0	0	0	0	0	0	0	0	0	0	0	0	0	0	0	0	0	0	0	0	0	0	0	0	0	0	0	0	0	872	0	56914	2686	7680	1286	3392	284	37832	1806	0	5830	6058	0	5442	518	2788	360	304	0	238	854	10212	14356	3928	358	430	1466	
394400	Cerebelum_6_R	0	0	0	0	0	0	0	0	0	0	0	0	0	0	0	0	0	0	0	0	0	0	0	0	0	0	0	0	0	0	0	0	0	0	0	0	0	0	0	0	0	0	0	0	0	0	1368	13736	0	0	0	0	0	292	782	11838	0	0	0	0	0	0	0	0	0	0	0	0	0	0	0	0	0	0	0	0	0	0	0	0	0	0	0	0	0	0	0	0	0	306	5192	47874	3026	8826	0	7366	1510	34366	5830	0	86	498	146	6370	0	2422	0	284	414	4200	12294	14642	9198	1850	1526	958	
272924	Cerebelum_7b_L	0	0	0	0	0	0	0	0	0	0	0	0	0	0	0	0	0	0	0	0	0	0	0	0	0	0	0	0	0	0	0	0	0	0	0	0	0	0	0	0	0	0	0	0	0	0	82	0	0	0	0	0	0	0	1512	0	0	0	0	0	0	0	0	0	0	0	0	0	0	0	0	0	0	0	0	0	0	0	0	0	0	0	0	0	0	0	0	0	130	0	16698	452	35128	8034	754	0	2784	0	6058	86	0	7506	29164	5116	6210	348	484	0	0	0	254	84	6110	9020	448	0	
144372	Cerebelum_7b_R	0	0	0	0	0	0	0	0	0	0	0	0	0	0	0	0	0	0	0	0	0	0	0	0	0	0	0	0	0	0	0	0	0	0	0	0	0	0	0	0	0	0	0	0	0	0	0	0	0	0	0	0	0	0	0	0	0	0	0	0	0	0	0	0	0	0	0	0	0	0	0	0	0	0	0	0	0	0	0	0	0	0	0	0	0	0	0	0	0	0	454	5392	8130	17142	0	0	0	0	0	498	7506	0	2610	16878	0	2374	0	0	0	0	0	0	4084	7118	0	0	
245476	Cerebelum_8_L	0	0	0	0	0	0	0	0	0	0	0	0	0	0	0	0	0	0	0	0	0	0	0	0	0	0	0	0	0	0	0	0	0	0	0	0	0	0	0	0	0	0	0	0	0	0	0	0	0	0	0	0	0	0	936	0	0	0	0	0	0	0	0	0	0	0	0	0	0	0	0	0	0	0	0	0	0	0	0	0	0	0	0	0	0	0	0	0	0	0	12212	378	23822	3726	914	0	3134	0	5442	146	29164	2610	0	3742	17874	2184	1632	0	0	0	184	482	5204	6362	2334	256	
278432	Cerebelum_8_R	0	0	0	0	0	0	0	0	0	0	0	0	0	0	0	0	0	0	0	0	0	0	0	0	0	0	0	0	0	0	0	0	0	0	0	0	0	0	0	0	0	0	0	0	0	0	0	256	0	0	0	0	0	0	0	180	0	0	0	0	0	0	0	0	0	0	0	0	0	0	0	0	0	0	0	0	0	0	0	0	0	0	0	0	0	0	0	0	0	0	3562	18082	10150	29836	0	390	0	1434	518	6370	5116	16878	3742	0	0	17644	0	678	220	218	172	822	11602	7662	3684	0	
99240	Cerebelum_9_L	0	0	0	0	0	0	0	0	0	0	0	0	0	0	0	0	0	0	0	0	0	0	0	0	0	0	0	0	0	0	0	0	0	0	0	0	0	0	0	0	0	0	0	0	0	0	0	0	0	0	0	0	0	0	218	0	0	0	0	0	0	0	0	0	0	0	0	0	0	0	0	0	0	0	0	0	0	0	0	0	0	0	0	0	0	0	0	0	0	0	3062	0	5346	0	1394	0	2658	0	2788	0	6210	0	17874	0	0	1582	2532	0	0	0	444	1348	686	1070	1658	750	
116492	Cerebelum_9_R	0	0	0	0	0	0	0	0	0	0	0	0	0	0	0	0	0	0	0	0	0	0	0	0	0	0	0	0	0	0	0	0	0	0	0	0	0	0	0	0	0	0	0	0	0	0	0	0	0	0	0	0	0	0	0	0	0	0	0	0	0	0	0	0	0	0	0	0	0	0	0	0	0	0	0	0	0	0	0	0	0	0	0	0	0	0	0	0	0	0	1526	2440	1752	3722	102	284	182	574	360	2422	348	2374	2184	17644	1582	0	0	946	274	178	208	1736	3924	4828	7162	1494	
12536	Cerebelum_10_L	0	0	0	0	0	0	0	0	0	0	0	0	0	0	0	0	0	0	0	0	0	0	0	0	0	0	0	0	0	0	0	0	0	0	0	0	0	0	0	0	0	0	0	0	0	0	0	0	0	0	0	0	0	0	0	0	0	0	0	0	0	0	0	0	0	0	0	0	0	0	0	0	0	0	0	0	0	0	0	0	0	0	0	0	0	0	0	0	0	0	274	0	212	0	98	0	376	0	304	0	484	0	1632	0	2532	0	0	0	0	0	0	80	78	104	94	0	
9140	Cerebelum_10_R	0	0	0	0	0	0	0	0	0	0	0	0	0	0	0	0	0	0	0	0	0	0	0	0	0	0	0	0	0	0	0	0	0	0	0	0	0	0	0	0	0	0	0	0	0	0	0	0	0	0	0	0	0	0	0	0	0	0	0	0	0	0	0	0	0	0	0	0	0	0	0	0	0	0	0	0	0	0	0	0	0	0	0	0	0	0	0	0	0	0	264	248	276	532	0	0	0	90	0	284	0	0	0	678	0	946	0	0	0	0	0	0	510	294	448	0	
14600	Vermis_1_2	0	0	0	0	0	0	0	0	0	0	0	0	0	0	0	0	0	0	0	0	0	0	0	0	0	0	0	0	0	0	0	0	0	0	0	0	0	0	0	0	0	0	0	0	0	0	0	0	0	0	0	0	0	0	0	0	0	0	0	0	0	0	0	0	0	0	0	0	0	0	0	0	0	0	0	0	0	0	0	0	0	0	0	0	0	0	0	0	0	0	226	256	0	188	324	654	300	100	238	414	0	0	0	220	0	274	0	0	0	2690	340	134	370	290	282	0	
52952	Vermis_3	0	0	0	0	0	0	0	0	0	0	0	0	0	0	0	0	0	0	0	0	0	0	0	0	0	0	0	0	0	0	0	0	0	0	0	0	0	0	0	0	0	0	0	0	0	0	0	80	0	0	0	0	0	0	116	124	0	0	0	0	0	0	0	0	0	0	0	0	0	0	0	0	0	0	0	0	0	0	0	0	0	0	0	0	0	0	0	0	0	0	718	2292	0	238	1218	4362	1606	3946	854	4200	0	0	0	218	0	178	0	0	2690	0	2630	272	300	220	214	0	
185412	Vermis_4_5	0	0	0	138	0	0	0	102	0	0	0	0	0	0	0	0	0	0	0	0	0	0	0	0	0	0	0	0	0	0	0	0	0	0	0	714	0	810	0	242	0	0	0	0	0	0	2566	5718	0	0	0	0	0	0	4100	3164	0	0	0	0	0	0	0	0	0	0	0	748	0	0	0	0	0	0	0	0	0	416	0	0	0	0	0	0	0	0	0	0	0	0	6866	8570	272	104	446	884	10140	12660	10212	12294	254	0	184	172	444	208	0	0	340	2630	0	5148	184	0	428	1548	
194200	Vermis_6	0	0	0	0	0	0	0	0	0	0	0	0	0	0	0	0	0	0	0	0	0	0	0	0	0	0	0	0	0	0	0	0	0	0	0	0	0	0	0	0	0	0	0	0	0	0	3688	9272	0	0	0	0	0	208	3308	4246	0	0	0	0	0	0	0	0	0	0	0	0	0	0	0	0	0	0	0	0	0	0	0	0	0	0	0	0	0	0	0	0	0	0	9380	7454	1682	748	290	314	2238	2446	14356	14642	84	0	482	822	1348	1736	80	0	134	272	5148	0	5458	1252	2266	3746	
296564	Vermis_7	0	0	0	0	0	0	0	0	0	0	0	0	0	0	0	0	0	0	0	0	0	0	0	0	0	0	0	0	0	0	0	0	0	0	0	0	0	0	0	0	0	0	0	0	0	0	1314	2102	0	0	0	0	0	160	928	1252	0	0	0	0	0	0	0	0	0	0	0	0	0	0	0	0	0	0	0	0	0	0	0	0	0	0	0	0	0	0	0	0	0	0	10812	16628	23044	24368	104	422	392	692	3928	9198	6110	4084	5204	11602	686	3924	78	510	370	300	184	5458	0	9178	4672	578	
159704	Vermis_8	0	0	0	0	0	0	0	0	0	0	0	0	0	0	0	0	0	0	0	0	0	0	0	0	0	0	0	0	0	0	0	0	0	0	0	0	0	0	0	0	0	0	0	0	0	0	0	0	0	0	0	0	0	0	0	0	0	0	0	0	0	0	0	0	0	0	0	0	0	0	0	0	0	0	0	0	0	0	0	0	0	0	0	0	0	0	0	0	0	0	1826	2158	9238	9186	80	348	136	330	358	1850	9020	7118	6362	7662	1070	4828	104	294	290	220	0	1252	9178	0	6116	828	
