data	data	475824	276496	638644	545108	147452	87796	342628	194164	81748	14116	250644	238412	230676	135924	137164	62512	317132	207780	581920	789180	124924	132500	231556	261832	14676	85492	61440	56916	642432	388372	251680	348372	141828	445956	310416	310428	474296	533552	146412	333884	81804	105380	315036	414976	185288	301748	372336	421724	287116	326664	610828	338604	257728	166300	452096	592536	217264	182680	200376	101680	188392	104980	105460	118384	90368	81996	315616	368140	295120	229520	295016	362240	344104	368296	78916	36384	252008	325140	110776	59140	218644	151828	55444	83100	320876	272656	16008	22908	279480	280536	582448	546012	372084	381964	52652	53592	448752	356548	639524	614252	310520	160004	429412	369740	246432	236576	39864	19520	32800	59036	324692	267624	160512	110256	118184	58284	
data	data	Precentral_L	Precentral_R	Frontal_Sup_L	Frontal_Sup_R	Frontal_Sup_Orb_L	Frontal_Sup_Orb_R	Frontal_Mid_L	Frontal_Mid_R	Frontal_Mid_Orb_L	Frontal_Mid_Orb_R	Frontal_Inf_Oper_L	Frontal_Inf_Oper_R	Frontal_Inf_Tri_L	Frontal_Inf_Tri_R	Frontal_Inf_Orb_L	Frontal_Inf_Orb_R	Rolandic_Oper_L	Rolandic_Oper_R	Supp_Motor_Area_L	Supp_Motor_Area_R	Olfactory_L	Olfactory_R	Frontal_Sup_Medial_L	Frontal_Sup_Medial_R	Frontal_Med_Orb_L	Frontal_Med_Orb_R	Rectus_L	Rectus_R	Insula_L	Insula_R	Cingulum_Ant_L	Cingulum_Ant_R	Cingulum_Mid_L	Cingulum_Mid_R	Cingulum_Post_L	Cingulum_Post_R	Hippocampus_L	Hippocampus_R	ParaHippocampal_L	ParaHippocampal_R	Amygdala_L	Amygdala_R	Calcarine_L	Calcarine_R	Cuneus_L	Cuneus_R	Lingual_L	Lingual_R	Occipital_Sup_L	Occipital_Sup_R	Occipital_Mid_L	Occipital_Mid_R	Occipital_Inf_L	Occipital_Inf_R	Fusiform_L	Fusiform_R	Postcentral_L	Postcentral_R	Parietal_Sup_L	Parietal_Sup_R	Parietal_Inf_L	Parietal_Inf_R	SupraMarginal_L	SupraMarginal_R	Angular_L	Angular_R	Precuneus_L	Precuneus_R	Paracentral_Lobule_L	Paracentral_Lobule_R	Caudate_L	Caudate_R	Putamen_L	Putamen_R	Pallidum_L	Pallidum_R	Thalamus_L	Thalamus_R	Heschl_L	Heschl_R	Temporal_Sup_L	Temporal_Sup_R	Temporal_Pole_Sup_L	Temporal_Pole_Sup_R	Temporal_Mid_L	Temporal_Mid_R	Temporal_Pole_Mid_L	Temporal_Pole_Mid_R	Temporal_Inf_L	Temporal_Inf_R	Cerebelum_Crus1_L	Cerebelum_Crus1_R	Cerebelum_Crus2_L	Cerebelum_Crus2_R	Cerebelum_3_L	Cerebelum_3_R	Cerebelum_4_5_L	Cerebelum_4_5_R	Cerebelum_6_L	Cerebelum_6_R	Cerebelum_7b_L	Cerebelum_7b_R	Cerebelum_8_L	Cerebelum_8_R	Cerebelum_9_L	Cerebelum_9_R	Cerebelum_10_L	Cerebelum_10_R	Vermis_1_2	Vermis_3	Vermis_4_5	Vermis_6	Vermis_7	Vermis_8	Vermis_9	Vermis_10	
475824	Precentral_L	0	1974	14142	328	0	0	17038	0	0	0	12108	94	574	0	0	0	20434	156	18810	8712	0	0	94	0	0	0	0	0	10436	118	624	398	4784	2412	6312	1956	3888	1304	122	0	0	0	0	0	136	0	0	0	1280	0	3522	0	306	0	188	0	25956	0	840	0	5276	0	2188	0	552	0	1446	80	34258	2848	4738	1560	5138	152	3172	0	11016	1914	1240	0	664	0	0	0	2110	0	0	0	514	0	0	0	0	0	0	0	0	0	0	0	0	0	0	0	0	0	0	0	0	0	0	0	0	0	0	0	
276496	Precentral_R	1974	0	528	13312	0	0	206	8174	0	0	0	5234	0	1534	0	0	170	870	2738	23408	0	0	0	192	0	0	0	0	692	3142	0	92	234	3848	2316	3968	2090	8906	314	706	0	0	0	84	0	0	90	84	0	0	0	320	0	136	0	340	74	11694	0	98	0	1750	0	1802	0	0	170	396	1330	11828	556	2930	172	2222	108	440	1854	12282	348	600	120	542	0	0	168	514	0	0	0	548	0	0	0	0	0	0	0	0	0	0	0	0	0	0	0	0	0	0	0	0	0	0	0	0	0	0	
638644	Frontal_Sup_L	14142	528	0	3678	4498	0	43522	506	1648	0	15924	1290	14862	568	3052	0	13342	1738	45508	8278	0	0	29582	2574	226	150	0	0	25138	1994	13854	3556	4152	3924	2434	2236	6302	1282	392	196	88	0	0	0	0	0	102	156	0	0	248	0	346	0	464	0	3310	0	0	0	338	0	114	0	122	0	390	310	1900	168	4702	3170	14742	1190	4138	0	4952	2026	768	84	1804	0	130	0	1136	0	0	0	1348	0	0	0	0	0	0	0	0	0	0	0	0	0	0	0	0	0	0	0	0	0	0	0	0	0	0	0	
545108	Frontal_Sup_R	328	13312	3678	0	0	5772	376	22772	0	124	838	12374	160	5094	0	2416	282	15906	7648	43590	0	0	5956	28354	148	2882	0	110	1106	14022	2300	19252	904	14718	1140	1636	1032	5732	100	1260	0	124	0	0	0	0	0	0	0	0	0	0	0	0	0	388	0	3212	0	0	0	418	0	544	0	0	0	124	0	202	2586	11514	730	8198	148	1180	1046	4586	204	768	74	308	0	560	108	78	0	0	0	132	0	0	0	0	0	0	0	0	0	0	0	0	0	0	0	0	0	0	0	0	0	0	0	0	0	0	
147452	Frontal_Sup_Orb_L	0	0	4498	0	0	0	1270	0	12232	0	186	0	2566	0	15796	0	82	0	108	0	4036	366	1568	0	1946	102	4648	0	14046	148	1492	0	0	0	0	0	820	0	736	0	1814	0	0	0	0	0	0	0	0	0	0	0	0	0	254	0	0	0	0	0	0	0	0	0	0	0	0	0	0	0	772	286	3194	0	0	0	0	0	0	0	0	0	760	0	0	0	0	0	0	0	0	0	0	0	0	0	0	0	0	0	0	0	0	0	0	0	0	0	0	0	0	0	0	0	0	0	
87796	Frontal_Sup_Orb_R	0	0	0	5772	0	0	0	1832	0	2306	0	0	0	1028	0	3670	0	0	0	118	348	2242	378	2978	116	6540	0	6370	0	2736	0	1046	0	0	0	0	0	0	144	90	0	172	0	0	0	0	0	0	0	0	0	0	0	0	0	0	0	0	0	0	0	0	0	0	0	0	0	0	0	0	380	1714	0	3918	0	0	0	0	0	0	0	0	0	0	0	0	0	0	0	0	0	0	0	0	0	0	0	0	0	0	0	0	0	0	0	0	0	0	0	0	0	0	0	0	0	0	
342628	Frontal_Mid_L	17038	206	43522	376	1270	0	0	0	1416	0	16822	0	31966	0	4870	0	9426	118	5116	768	0	0	7832	458	0	116	0	0	13556	114	4886	854	760	454	338	310	668	170	0	0	0	0	0	0	0	0	0	0	0	0	0	0	0	0	0	0	2508	0	0	0	0	0	0	0	0	0	0	0	130	132	496	1106	1614	144	574	0	702	262	98	0	118	0	0	0	0	0	0	0	0	0	0	0	0	0	0	0	0	0	0	0	0	0	0	0	0	0	0	0	0	0	0	0	0	0	0	0	
194164	Frontal_Mid_R	0	8174	506	22772	0	1832	0	0	0	1562	126	12634	0	9660	0	2598	0	2574	1402	4540	0	0	866	3880	0	0	0	0	122	4854	122	1726	0	3944	268	582	266	2706	88	404	0	0	0	0	0	0	0	0	0	0	0	0	0	0	0	142	0	344	0	0	0	282	0	354	0	0	0	0	0	0	108	138	0	3906	0	986	92	2102	0	230	0	102	0	0	0	0	0	0	0	88	0	0	0	0	0	0	0	0	0	0	0	0	0	0	0	0	0	0	0	0	0	0	0	0	0	0	
81748	Frontal_Mid_Orb_L	0	0	1648	0	12232	0	1416	0	0	0	0	0	1610	0	13090	0	0	0	0	0	1678	102	0	0	112	0	1696	0	4676	0	128	0	0	0	0	0	276	0	140	0	734	0	0	0	0	0	0	0	0	0	0	0	0	0	0	0	0	0	0	0	0	0	0	0	0	0	0	0	0	0	178	80	534	0	0	0	0	0	0	0	0	0	544	0	0	0	0	0	0	0	0	0	0	0	0	0	0	0	0	0	0	0	0	0	0	0	0	0	0	0	0	0	0	0	0	0	
14116	Frontal_Mid_Orb_R	0	0	0	124	0	2306	0	1562	0	0	0	0	0	156	0	2664	0	0	0	0	0	0	0	0	0	0	0	136	0	110	0	0	0	0	0	0	0	0	0	0	0	0	0	0	0	0	0	0	0	0	0	0	0	0	0	0	0	0	0	0	0	0	0	0	0	0	0	0	0	0	0	0	0	0	0	0	0	0	0	0	0	0	0	0	0	0	0	0	0	0	0	0	0	0	0	0	0	0	0	0	0	0	0	0	0	0	0	0	0	0	0	0	0	0	0	0	
250644	Frontal_Inf_Oper_L	12108	0	15924	838	186	0	16822	126	0	0	0	846	15170	164	0	0	11888	226	10592	1328	0	0	514	136	0	0	0	0	13472	898	4980	1176	108	0	180	166	352	126	0	0	0	0	0	0	0	0	0	0	0	0	0	0	0	0	0	0	3796	0	0	0	166	0	0	0	0	0	0	0	454	0	5200	3320	1712	76	230	0	658	138	158	0	536	0	552	0	0	0	0	0	0	0	0	0	0	0	0	0	0	0	0	0	0	0	0	0	0	0	0	0	0	0	0	0	0	0	0	0	
238412	Frontal_Inf_Oper_R	94	5234	1290	12374	0	0	0	12634	0	0	846	0	70	10148	0	86	102	10552	2910	11006	0	0	692	3540	0	264	0	72	336	18894	588	3490	0	7328	114	196	112	1614	0	608	0	0	0	0	0	0	0	0	0	0	0	0	0	0	0	262	0	1588	0	0	0	158	0	228	0	0	0	0	0	0	468	1214	92	7076	0	1074	0	942	0	0	0	256	0	576	0	0	0	0	0	78	0	0	0	0	0	0	0	0	0	0	0	0	0	0	0	0	0	0	0	0	0	0	0	0	0	0	
230676	Frontal_Inf_Tri_L	574	0	14862	160	2566	0	31966	0	1610	0	15170	70	0	0	7176	0	242	0	2490	74	0	0	3130	132	0	0	0	0	24310	0	7212	362	126	88	0	0	0	0	0	0	0	0	0	0	0	0	0	0	0	0	0	0	0	0	0	0	76	0	0	0	0	0	0	0	0	0	0	0	0	0	560	196	1636	0	0	0	0	0	0	0	104	0	446	0	0	0	0	0	0	0	0	0	0	0	0	0	0	0	0	0	0	0	0	0	0	0	0	0	0	0	0	0	0	0	0	0	
135924	Frontal_Inf_Tri_R	0	1534	568	5094	0	1028	0	9660	0	156	164	10148	0	0	0	5234	0	1598	1832	2634	0	0	854	2642	0	114	0	0	100	10732	296	1926	0	4054	0	0	0	872	0	466	0	0	0	0	0	0	0	0	0	0	0	0	0	0	0	190	0	758	0	0	0	0	0	0	0	0	0	0	0	0	224	560	78	4344	0	0	0	102	0	0	0	0	0	0	0	0	0	0	0	0	0	0	0	0	0	0	0	0	0	0	0	0	0	0	0	0	0	0	0	0	0	0	0	0	0	0	
137164	Frontal_Inf_Orb_L	0	0	3052	0	15796	0	4870	0	13090	0	0	0	7176	0	0	0	0	0	0	0	3672	264	0	0	90	0	1672	0	12072	102	340	0	0	0	0	0	410	0	580	0	1418	0	0	0	0	0	0	0	0	0	0	0	0	0	0	0	0	0	0	0	0	0	0	0	0	0	0	0	0	0	638	208	1762	0	0	0	0	0	0	0	0	0	1370	0	0	0	0	0	0	0	0	0	0	0	0	0	0	0	0	0	0	0	0	0	0	0	0	0	0	0	0	0	0	0	0	0	
62512	Frontal_Inf_Orb_R	0	0	0	2416	0	3670	0	2598	0	2664	0	86	0	5234	0	0	0	182	76	122	0	1350	0	1066	0	314	0	1040	0	6180	0	224	0	148	0	0	0	74	0	258	0	428	0	0	0	0	0	0	0	0	0	0	0	0	0	180	0	0	0	0	0	0	0	0	0	0	0	0	0	0	0	540	0	816	0	0	0	0	0	0	0	690	0	752	0	148	0	0	0	0	0	0	0	0	0	0	0	0	0	0	0	0	0	0	0	0	0	0	0	0	0	0	0	0	0	0	
317132	Rolandic_Oper_L	20434	170	13342	282	82	0	9426	0	0	0	11888	102	242	0	0	0	0	98	10724	1608	0	0	90	0	0	0	0	0	27042	98	572	316	106	0	1604	1328	3544	1000	132	0	0	0	0	0	0	0	0	0	112	0	2026	0	464	0	352	0	11010	0	90	0	2166	0	4402	0	0	0	258	0	1442	0	4784	1398	5260	76	906	0	2454	1044	5552	0	5094	0	790	0	3364	0	0	0	1292	0	0	0	0	0	0	0	0	0	0	0	0	0	0	0	0	0	0	0	0	0	0	0	0	0	0	0	
207780	Rolandic_Oper_R	156	870	1738	15906	0	0	118	2574	0	0	226	10552	0	1598	0	182	98	0	2206	14002	0	0	0	634	0	0	0	0	158	18210	126	394	0	2534	702	1000	596	3004	78	806	0	0	0	0	0	0	0	0	0	0	0	72	0	0	0	310	0	2236	0	0	0	384	0	3320	0	86	0	170	0	78	152	938	0	5466	0	1062	658	3106	0	2498	0	3264	0	1202	78	164	0	0	0	178	0	0	0	0	0	0	0	0	0	0	0	0	0	0	0	0	0	0	0	0	0	0	0	0	0	0	
581920	Supp_Motor_Area_L	18810	2738	45508	7648	108	0	5116	1402	0	0	10592	2910	2490	1832	0	76	10724	2206	0	33334	0	0	6278	2520	0	98	0	0	11278	3070	6080	6418	9756	18788	2394	398	1940	194	246	0	0	0	144	0	126	0	0	0	180	0	700	0	284	0	232	0	1942	0	118	0	144	0	74	0	0	0	576	0	20890	1520	11320	4340	13226	1186	4276	96	10890	492	344	0	1192	0	0	0	810	0	0	0	906	0	0	0	0	0	0	0	0	0	0	0	0	0	0	0	0	0	0	0	0	0	0	0	0	0	0	0	
789180	Supp_Motor_Area_R	8712	23408	8278	43590	0	118	768	4540	0	0	1328	11006	74	2634	0	122	1608	14002	33334	0	0	86	2042	7968	0	520	0	120	3844	12032	1396	10782	4224	40284	7154	10234	5872	7420	138	1296	0	206	0	1212	0	604	92	230	0	626	82	1028	0	282	0	618	958	3182	0	192	222	456	0	700	0	116	384	2448	6674	23832	5334	23962	2834	7292	1144	1090	5822	28816	1078	446	164	550	0	532	310	1102	0	0	72	884	0	0	0	0	0	0	0	80	0	0	0	0	0	0	0	0	0	0	0	0	0	0	0	0	0	0	
124924	Olfactory_L	0	0	0	0	4036	348	0	0	1678	0	0	0	0	0	3672	0	0	0	0	0	0	8128	0	0	130	786	5064	1246	2890	1280	3616	2382	0	0	0	0	822	0	1774	0	2094	308	0	0	0	0	0	0	0	0	0	0	0	0	0	0	0	0	0	0	0	0	0	0	0	0	0	0	0	0	8748	6170	3496	3454	0	0	0	0	0	0	0	0	340	0	0	0	0	0	0	0	0	0	0	0	0	0	0	0	0	0	0	0	0	0	0	0	0	0	0	0	0	0	0	0	0	0	
132500	Olfactory_R	0	0	0	0	366	2242	0	0	102	0	0	0	0	0	264	1350	0	0	0	86	8128	0	0	0	0	1712	2652	4424	494	3548	3036	3546	0	0	0	0	266	212	678	356	336	1366	0	0	0	0	0	0	0	0	0	0	0	0	0	0	0	0	0	0	0	0	0	0	0	0	0	0	0	0	9852	10926	4332	5480	0	0	0	0	0	0	0	0	0	496	0	0	0	0	0	0	0	0	0	0	0	0	0	0	0	0	0	0	0	0	0	0	0	0	0	0	0	0	0	0	0	0	
231556	Frontal_Sup_Medial_L	94	0	29582	5956	1568	378	7832	866	0	0	514	692	3130	854	0	0	90	0	6278	2042	0	0	0	14338	756	1276	0	0	3344	440	12930	7174	3612	10120	0	0	0	0	0	0	0	0	0	0	0	0	0	0	0	0	0	0	0	0	0	0	0	0	0	0	0	0	0	0	0	0	0	0	0	0	548	192	926	76	0	0	170	0	0	0	0	0	0	0	0	0	0	0	0	0	0	0	0	0	0	0	0	0	0	0	0	0	0	0	0	0	0	0	0	0	0	0	0	0	0	0	
261832	Frontal_Sup_Medial_R	0	192	2574	28354	0	2978	458	3880	0	0	136	3540	132	2642	0	1066	0	634	2520	7968	0	0	14338	0	326	5298	0	128	318	2786	3028	21550	628	18906	0	0	0	346	0	178	0	0	0	0	0	0	0	0	0	0	0	0	0	0	0	0	0	230	0	0	0	0	0	0	0	0	0	0	0	0	88	2296	0	3244	0	82	0	72	0	0	0	0	0	0	0	0	0	0	0	0	0	0	0	0	0	0	0	0	0	0	0	0	0	0	0	0	0	0	0	0	0	0	0	0	0	0	
14676	Frontal_Med_Orb_L	0	0	226	148	1946	116	0	0	112	0	0	0	0	0	90	0	0	0	0	0	130	0	756	326	0	818	900	0	114	0	1262	0	0	0	0	0	0	0	0	0	0	0	0	0	0	0	0	0	0	0	0	0	0	0	0	0	0	0	0	0	0	0	0	0	0	0	0	0	0	0	0	0	394	0	0	0	0	0	0	0	0	0	0	0	0	0	0	0	0	0	0	0	0	0	0	0	0	0	0	0	0	0	0	0	0	0	0	0	0	0	0	0	0	0	0	0	
85492	Frontal_Med_Orb_R	0	0	150	2882	102	6540	116	0	0	0	0	264	0	114	0	314	0	0	98	520	786	1712	1276	5298	818	0	230	4710	260	934	842	5644	0	408	0	0	0	92	154	0	0	118	0	0	0	0	0	0	0	0	0	0	0	0	0	0	0	0	0	0	0	0	0	0	0	0	0	0	0	0	696	2576	102	4990	0	0	0	0	0	0	0	0	0	0	0	0	0	0	0	0	0	0	0	0	0	0	0	0	0	0	0	0	0	0	0	0	0	0	0	0	0	0	0	0	0	0	
61440	Rectus_L	0	0	0	0	4648	0	0	0	1696	0	0	0	0	0	1672	0	0	0	0	0	5064	2652	0	0	900	230	0	720	970	424	2678	1156	0	0	0	0	260	0	440	0	742	202	0	0	0	0	0	0	0	0	0	0	0	0	0	0	0	0	0	0	0	0	0	0	0	0	0	0	0	0	2524	1778	670	1294	0	0	0	0	0	0	0	0	0	0	0	0	0	0	0	0	0	0	0	0	0	0	0	0	0	0	0	0	0	0	0	0	0	0	0	0	0	0	0	0	0	0	
56916	Rectus_R	0	0	0	110	0	6370	0	0	0	136	0	72	0	0	0	1040	0	0	0	120	1246	4424	0	128	0	4710	720	0	196	924	436	2032	0	86	0	0	0	0	190	0	0	624	0	0	0	0	0	0	0	0	0	0	0	0	0	0	0	0	0	0	0	0	0	0	0	0	0	0	0	0	998	2318	128	1450	0	0	0	0	0	0	0	0	0	0	0	0	0	0	0	0	0	0	0	0	0	0	0	0	0	0	0	0	0	0	0	0	0	0	0	0	0	0	0	0	0	0	
642432	Insula_L	10436	692	25138	1106	14046	0	13556	122	4676	0	13472	336	24310	100	12072	0	27042	158	11278	3844	2890	494	3344	318	114	260	970	196	0	556	6670	1580	148	154	5516	4608	18362	3758	2082	134	4604	0	78	0	0	0	0	0	0	0	878	0	1778	0	4784	82	5210	0	0	0	1866	0	1078	0	0	0	994	0	578	196	6908	3424	21274	434	516	0	4616	3582	9866	0	14964	0	2888	0	6208	0	0	0	9230	0	202	0	0	0	0	0	148	0	292	0	0	0	0	0	0	0	0	0	0	0	0	0	0	0	0	0	
388372	Insula_R	118	3142	1994	14022	148	2736	114	4854	0	110	898	18894	0	10732	102	6180	98	18210	3070	12032	1280	3548	440	2786	0	934	424	924	556	0	594	2496	0	5264	500	852	524	10742	140	3716	0	4036	0	0	0	0	0	0	0	0	0	562	0	248	0	4510	0	450	0	0	0	84	0	506	0	166	0	146	0	0	1682	2430	580	20634	0	414	264	1798	154	4360	0	8398	0	3088	0	3130	0	0	0	2960	0	108	0	0	0	0	0	112	0	192	0	0	0	0	0	0	0	0	0	0	0	0	0	0	0	0	
251680	Cingulum_Ant_L	624	0	13854	2300	1492	0	4886	122	128	0	4980	588	7212	296	340	0	572	126	6080	1396	3616	3036	12930	3028	1262	842	2678	436	6670	594	0	13194	5784	3746	0	0	400	0	186	0	472	124	0	0	0	0	0	0	0	0	0	0	0	0	0	0	182	0	0	0	0	0	0	0	0	0	0	0	0	0	5298	4412	7720	3948	0	0	286	0	0	0	0	0	0	0	0	0	0	0	0	0	0	0	0	0	0	0	0	0	0	0	0	0	0	0	0	0	0	0	0	0	0	0	0	0	0	0	
348372	Cingulum_Ant_R	398	92	3556	19252	0	1046	854	1726	0	0	1176	3490	362	1926	0	224	316	394	6418	10782	2382	3546	7174	21550	0	5644	1156	2032	1580	2496	13194	0	1634	19484	0	0	330	404	0	196	294	192	0	0	0	0	0	0	0	0	0	0	0	0	0	0	124	0	0	0	98	0	0	0	0	0	0	0	0	0	3956	20198	1526	12630	90	0	0	264	0	0	0	0	0	0	0	0	0	0	0	0	0	0	0	0	0	0	0	0	0	0	0	0	0	0	0	0	0	0	0	0	0	0	0	0	0	0	
141828	Cingulum_Mid_L	4784	234	4152	904	0	0	760	0	0	0	108	0	126	0	0	0	106	0	9756	4224	0	0	3612	628	0	0	0	0	148	0	5784	1634	0	9068	7164	332	0	0	0	0	0	0	478	86	222	0	0	0	1400	0	1784	0	154	0	0	0	236	0	920	0	198	0	0	0	0	0	3174	564	6356	436	260	0	220	0	512	0	390	0	0	0	0	0	0	0	0	0	0	0	0	0	0	0	0	0	0	0	0	0	0	0	0	0	0	0	0	0	0	0	0	0	0	0	0	0	0	0	
445956	Cingulum_Mid_R	2412	3848	3924	14718	0	0	454	3944	0	0	0	7328	88	4054	0	148	0	2534	18788	40284	0	0	10120	18906	0	408	0	86	154	5264	3746	19484	9068	0	1270	7382	116	184	0	0	0	0	0	2944	0	1292	0	246	0	1500	0	1714	0	176	0	0	0	4492	0	294	0	1456	0	1468	0	144	584	7554	2978	13692	456	730	136	728	0	100	172	234	0	0	0	94	0	138	0	564	0	0	0	380	0	0	0	0	0	0	0	0	0	0	0	0	0	0	0	0	0	0	0	0	0	0	0	0	0	0	
310416	Cingulum_Post_L	6312	2316	2434	1140	0	0	338	268	0	0	180	114	0	0	0	0	1604	702	2394	7154	0	0	0	0	0	0	0	0	5516	500	0	0	7164	1270	0	14484	17222	9320	2358	1244	0	0	6132	0	1062	0	1530	450	694	0	3016	0	2108	0	1094	414	688	0	240	0	196	0	308	0	118	0	13788	1074	5574	1748	484	208	1200	742	874	78	7910	10120	3018	112	1010	128	0	0	2984	102	0	0	1758	134	0	0	0	0	0	0	0	0	0	0	0	0	0	0	0	0	0	0	0	0	78	0	0	0	0	0	
310428	Cingulum_Post_R	1956	3968	2236	1636	0	0	310	582	0	0	166	196	0	0	0	0	1328	1000	398	10234	0	0	0	0	0	0	0	0	4608	852	0	0	332	7382	14484	0	11808	13624	964	2156	0	0	0	4444	0	1280	426	2662	0	1488	208	1528	0	486	110	1150	436	3528	0	498	134	1276	122	1550	94	336	954	11670	328	7240	218	208	1012	874	454	84	9336	13562	1534	326	400	412	0	0	1020	1446	0	0	206	1366	0	0	0	0	0	0	0	0	0	0	0	0	0	0	0	0	0	0	0	0	588	0	0	0	0	0	
474296	Hippocampus_L	3888	2090	6302	1032	820	0	668	266	276	0	352	112	0	0	410	0	3544	596	1940	5872	822	266	0	0	0	0	260	0	18362	524	400	330	0	116	17222	11808	0	9394	16932	1214	11716	0	2342	0	114	0	7876	464	128	0	2806	0	6560	0	22750	412	1032	0	506	0	2062	0	638	0	2020	0	7302	664	744	328	1174	1076	13056	958	1204	76	9564	9410	5534	88	3976	128	298	0	2974	100	0	0	7588	132	970	0	0	0	0	0	992	0	1486	0	0	0	0	0	0	0	0	0	0	0	82	0	0	0	0	0	
533552	Hippocampus_R	1304	8906	1282	5732	0	0	170	2706	0	0	126	1614	0	872	0	74	1000	3004	194	7420	0	212	0	346	0	92	0	0	3758	10742	0	404	0	184	9320	13624	9394	0	776	41648	0	13612	0	1130	0	0	254	5960	0	0	152	320	0	1936	80	31122	316	236	0	0	80	190	0	364	0	0	700	3868	118	558	132	810	646	17976	216	2798	5566	14528	1374	4286	302	4966	0	1106	652	2994	0	184	154	11050	0	1734	0	356	0	874	0	4172	0	3196	0	0	0	168	0	80	0	0	0	0	556	0	0	0	0	0	
146412	ParaHippocampal_L	122	314	392	100	736	144	0	88	140	0	0	0	0	0	580	0	132	78	246	138	1774	678	0	0	0	154	440	190	2082	140	186	0	0	0	2358	964	16932	776	0	150	4818	0	1372	0	130	0	9866	0	0	0	1534	0	3216	0	11208	0	0	0	0	0	0	0	0	0	0	0	2500	104	0	0	1418	462	1712	144	0	0	804	830	0	0	132	0	514	0	0	0	274	0	574	0	196	0	0	0	136	0	872	0	356	0	0	0	0	0	0	0	0	0	0	0	0	0	0	0	0	0	
333884	ParaHippocampal_R	0	706	196	1260	0	90	0	404	0	0	0	608	0	466	0	258	0	806	0	1296	0	356	0	178	0	0	0	0	134	3716	0	196	0	0	1244	2156	1214	41648	150	0	0	12670	0	820	0	0	0	7898	0	0	0	184	0	2370	0	32878	0	0	0	0	0	0	0	0	0	0	144	1610	0	104	0	334	0	9066	0	1970	658	4128	108	1026	0	1344	0	4004	0	1120	0	1580	0	7022	0	3208	0	1052	0	1286	0	7978	0	4612	0	0	0	388	0	208	0	0	0	90	0	0	0	0	0	0	
81804	Amygdala_L	0	0	88	0	1814	0	0	0	734	0	0	0	0	0	1418	0	0	0	0	0	2094	336	0	0	0	0	742	0	4604	0	472	294	0	0	0	0	11716	0	4818	0	0	0	0	0	0	0	0	0	0	0	0	0	0	0	6114	0	0	0	0	0	0	0	0	0	0	0	0	0	0	0	278	326	1652	282	0	0	0	0	0	0	0	0	286	0	0	0	0	0	770	0	502	0	0	0	0	0	832	0	730	0	0	0	0	0	0	0	0	0	0	0	0	0	0	0	0	0	
105380	Amygdala_R	0	0	0	124	0	172	0	0	0	0	0	0	0	0	0	428	0	0	0	206	308	1366	0	0	0	118	202	624	0	4036	124	192	0	0	0	0	0	13612	0	12670	0	0	0	0	0	0	0	0	0	0	0	0	0	0	0	7774	0	0	0	0	0	0	0	0	0	0	0	0	0	0	222	270	70	3404	0	148	0	84	0	0	0	0	0	3284	0	0	0	502	0	368	0	394	0	154	0	280	0	1004	0	438	0	0	0	112	0	0	0	0	0	0	0	0	0	0	0	0	
315036	Calcarine_L	0	0	0	0	0	0	0	0	0	0	0	0	0	0	0	0	0	0	144	0	0	0	0	0	0	0	0	0	78	0	0	0	478	0	6132	0	2342	0	1372	0	0	0	0	8812	18652	4540	17836	3000	16114	1870	37576	852	7736	78	1302	110	0	0	4438	0	126	0	0	0	0	0	17090	982	264	0	0	0	0	0	0	0	0	0	0	0	82	0	0	0	3590	0	0	0	1728	0	0	0	0	0	0	0	120	0	0	0	0	0	0	0	0	0	0	0	0	0	74	0	0	0	0	0	
414976	Calcarine_R	0	84	0	0	0	0	0	0	0	0	0	0	0	0	0	0	0	0	0	1212	0	0	0	0	0	0	0	0	0	0	0	0	86	2944	0	4444	0	1130	0	820	0	0	8812	0	6506	32788	4080	25406	0	29518	0	26444	0	6916	0	5160	0	1548	0	2208	0	472	0	574	0	324	1248	26428	0	3424	0	0	0	0	0	0	0	0	0	0	0	88	0	0	0	8608	0	0	0	5446	0	0	0	0	0	0	0	166	148	190	0	0	0	0	0	0	0	0	0	0	74	192	0	0	0	0	
185288	Cuneus_L	136	0	0	0	0	0	0	0	0	0	0	0	0	0	0	0	0	0	126	0	0	0	0	0	0	0	0	0	0	0	0	0	222	0	1062	0	114	0	130	0	0	0	18652	6506	0	6806	2000	464	19416	1682	15536	310	810	0	86	0	0	0	2720	0	0	0	0	0	0	0	12424	578	584	0	0	0	0	0	0	0	0	0	0	0	0	0	0	0	1720	0	0	0	560	0	0	0	0	0	0	0	0	0	0	0	0	0	0	0	0	0	0	0	0	0	0	0	0	0	0	0	
301748	Cuneus_R	0	0	0	0	0	0	0	0	0	0	0	0	0	0	0	0	0	0	0	604	0	0	0	0	0	0	0	0	0	0	0	0	0	1292	0	1280	0	0	0	0	0	0	4540	32788	6806	0	792	3414	82	42608	0	16270	0	606	0	968	0	3510	0	7580	0	232	0	88	0	306	1340	21938	0	2510	0	0	0	0	0	0	0	0	0	0	0	0	0	0	0	834	0	0	0	486	0	0	0	0	0	0	0	0	0	0	0	0	0	0	0	0	0	0	0	0	0	0	0	0	0	0	
372336	Lingual_L	0	90	102	0	0	0	0	0	0	0	0	0	0	0	0	0	0	0	0	92	0	0	0	0	0	0	0	0	0	0	0	0	0	0	1530	426	7876	254	9866	0	0	0	17836	4080	2000	792	0	8410	2418	656	24498	374	20594	780	25720	2016	0	0	0	0	0	0	0	0	0	0	5150	306	0	0	0	0	168	0	0	0	768	312	0	0	124	0	0	0	588	0	0	0	658	0	5368	892	0	124	0	0	10874	3890	12104	2722	0	0	70	0	0	214	0	0	0	0	7124	3988	170	0	0	144	
421724	Lingual_R	0	84	156	0	0	0	0	0	0	0	0	0	0	0	0	0	0	0	0	230	0	0	0	0	0	0	0	0	0	0	0	0	0	246	450	2662	464	5960	0	7898	0	0	3000	25406	464	3414	8410	0	0	5020	0	9448	648	13522	3938	27002	0	240	0	0	0	0	0	0	0	0	110	10878	0	366	0	0	0	150	0	130	368	980	0	0	0	0	0	0	0	2410	0	0	0	3980	3642	5628	116	274	0	668	6886	10090	10800	12704	150	0	590	0	724	0	172	0	0	158	9690	9746	790	0	0	0	
287116	Occipital_Sup_L	1280	0	0	0	0	0	0	0	0	0	0	0	0	0	0	0	112	0	180	0	0	0	0	0	0	0	0	0	0	0	0	0	1400	0	694	0	128	0	0	0	0	0	16114	0	19416	82	2418	0	0	0	43844	0	1568	0	136	0	2704	0	24526	0	3948	0	94	0	906	0	17398	246	3778	0	0	0	0	0	0	0	0	0	0	0	0	0	0	0	1908	0	0	0	678	0	0	0	0	0	0	0	0	0	0	0	0	0	0	0	0	0	0	0	0	0	0	0	0	0	0	0	
326664	Occipital_Sup_R	0	0	0	0	0	0	0	0	0	0	0	0	0	0	0	0	0	0	0	626	0	0	0	0	0	0	0	0	0	0	0	0	0	1500	0	1488	0	0	0	0	0	0	1870	29518	1682	42608	656	5020	0	0	0	31310	0	780	0	1592	0	3420	0	10052	0	776	0	136	0	4172	770	20708	0	2734	0	0	0	0	0	0	0	0	0	0	0	0	0	0	0	1436	0	0	0	478	0	0	0	0	0	0	0	0	0	0	0	0	0	0	0	0	0	0	0	0	0	0	0	0	0	0	
610828	Occipital_Mid_L	3522	0	248	0	0	0	0	0	0	0	0	0	0	0	0	0	2026	0	700	82	0	0	0	0	0	0	0	0	878	0	0	0	1784	0	3016	208	2806	152	1534	0	0	0	37576	0	15536	0	24498	0	43844	0	0	0	29518	0	10136	0	3172	0	22778	0	14666	0	3928	0	14092	0	17832	86	8428	0	0	0	302	0	0	0	268	116	1712	0	2074	0	0	0	28878	0	0	0	8824	0	0	0	0	0	0	0	124	0	70	0	0	0	0	0	0	0	0	0	0	0	0	0	0	0	0	0	
338604	Occipital_Mid_R	0	320	0	0	0	0	0	0	0	0	0	0	0	0	0	0	0	72	0	1028	0	0	0	0	0	0	0	0	0	562	0	0	0	1714	0	1528	0	320	0	184	0	0	852	26444	310	16270	374	9448	0	31310	0	0	0	5510	0	3652	0	1520	0	1518	0	2288	0	1570	0	8642	398	16058	0	2640	0	0	0	0	0	0	0	0	0	724	0	1592	0	0	0	22692	0	0	0	9762	0	0	0	0	0	0	0	0	0	0	0	0	0	0	0	0	0	0	0	0	0	0	0	0	0	0	
257728	Occipital_Inf_L	306	0	346	0	0	0	0	0	0	0	0	0	0	0	0	0	464	0	284	0	0	0	0	0	0	0	0	0	1778	0	0	0	154	0	2108	0	6560	0	3216	0	0	0	7736	0	810	0	20594	648	1568	0	29518	0	0	0	21252	220	100	0	938	0	1044	0	1762	0	866	0	4702	0	340	0	0	0	1032	0	0	0	210	0	750	0	3550	0	0	0	4864	0	0	0	6716	0	292	0	0	0	0	0	528	240	1754	196	0	0	0	0	0	0	0	0	0	0	442	976	0	0	0	0	
166300	Occipital_Inf_R	0	136	0	0	0	0	0	0	0	0	0	0	0	0	0	0	0	0	0	282	0	0	0	0	0	0	0	0	0	248	0	0	0	176	0	486	0	1936	0	2370	0	0	78	6916	0	606	780	13522	0	780	0	5510	0	0	616	16850	0	0	0	0	0	0	0	708	0	0	0	4630	0	266	0	0	0	0	0	0	0	158	0	362	0	382	0	0	0	3300	0	0	0	10714	748	354	0	0	0	0	352	686	2048	3270	0	0	80	0	0	0	0	0	0	0	500	2888	412	0	0	0	
452096	Fusiform_L	188	0	464	0	254	0	0	0	0	0	0	0	0	0	0	0	352	0	232	0	0	0	0	0	0	0	0	0	4784	0	0	0	0	0	1094	110	22750	80	11208	0	6114	0	1302	0	86	0	25720	3938	136	0	10136	0	21252	616	0	2426	156	0	228	0	846	0	350	0	800	0	1522	0	152	0	0	0	3086	0	0	0	218	84	252	0	4270	0	1722	0	1600	0	832	0	17368	0	21342	1404	530	118	124	0	12924	2124	26834	3344	538	0	674	0	162	0	0	0	0	78	4200	4786	138	0	0	0	
592536	Fusiform_R	0	340	0	388	0	0	0	142	0	0	0	262	0	190	0	180	0	310	0	618	0	0	0	0	0	0	0	0	82	4510	0	0	0	0	414	1150	412	31122	0	32878	0	7774	110	5160	0	968	2016	27002	0	1592	0	3652	220	16850	2426	0	0	0	0	0	0	0	0	550	0	0	84	2428	0	180	0	0	0	6236	0	676	186	1430	86	1870	0	3580	0	7980	0	4304	0	2142	0	20956	3702	21520	102	1200	0	1088	4680	14174	8924	28508	196	0	572	358	464	196	268	0	0	0	6254	9726	880	0	0	0	
217264	Postcentral_L	25956	74	3310	0	0	0	2508	0	0	0	3796	0	76	0	0	0	11010	0	1942	958	0	0	0	0	0	0	0	0	5210	0	182	124	236	0	688	436	1032	316	0	0	0	0	0	0	0	0	0	0	2704	0	3172	0	100	0	156	0	0	0	5642	0	17948	0	6220	0	84	0	2890	0	6948	0	872	514	1038	0	390	0	398	334	688	0	522	0	0	0	158	0	0	0	0	0	0	0	0	0	0	0	0	0	0	0	0	0	0	0	0	0	0	0	0	0	0	0	0	0	0	0	
182680	Postcentral_R	0	11694	0	3212	0	0	0	344	0	0	0	1588	0	758	0	0	0	2236	0	3182	0	0	0	230	0	0	0	0	0	450	0	0	0	4492	0	3528	0	236	0	0	0	0	0	1548	0	3510	0	240	0	3420	0	1520	0	0	0	0	0	0	0	7510	0	10210	0	10442	0	716	102	7262	0	10840	0	0	0	314	0	0	0	300	0	84	0	400	0	0	0	634	0	0	0	338	0	0	0	0	0	0	0	0	0	0	0	0	0	0	0	0	0	0	0	0	0	0	0	0	0	0	
200376	Parietal_Sup_L	840	0	0	0	0	0	0	0	0	0	0	0	0	0	0	0	90	0	118	0	0	0	0	0	0	0	0	0	0	0	0	0	920	0	240	0	506	0	0	0	0	0	4438	0	2720	0	0	0	24526	0	22778	0	938	0	228	0	5642	0	0	0	10192	0	126	0	1496	0	17476	134	4456	0	0	0	0	0	0	0	0	0	0	0	0	0	0	0	1712	0	0	0	612	0	0	0	0	0	0	0	0	0	0	0	0	0	0	0	0	0	0	0	0	0	0	0	0	0	0	0	
101680	Parietal_Sup_R	0	98	0	0	0	0	0	0	0	0	0	0	0	0	0	0	0	0	0	192	0	0	0	0	0	0	0	0	0	0	0	0	0	294	0	498	0	0	0	0	0	0	0	2208	0	7580	0	0	0	10052	0	1518	0	0	0	0	0	7510	0	0	0	5482	0	1070	0	2396	418	9736	0	1466	0	0	0	0	0	0	0	0	0	0	0	198	0	0	0	124	0	0	0	0	0	0	0	0	0	0	0	0	0	0	0	0	0	0	0	0	0	0	0	0	0	0	0	0	0	0	
188392	Parietal_Inf_L	5276	0	338	0	0	0	0	0	0	0	166	0	0	0	0	0	2166	0	144	222	0	0	0	0	0	0	0	0	1866	0	0	98	198	0	196	134	2062	80	0	0	0	0	126	0	0	0	0	0	3948	0	14666	0	1044	0	846	0	17948	0	10192	0	0	0	10930	0	12348	0	2076	0	3204	0	182	262	78	0	0	0	198	80	0	0	764	0	0	0	1612	0	0	0	746	0	0	0	0	0	0	0	0	0	0	0	0	0	0	0	0	0	0	0	0	0	0	0	0	0	0	0	
104980	Parietal_Inf_R	0	1750	0	418	0	0	0	282	0	0	0	158	0	0	0	0	0	384	0	456	0	0	0	0	0	0	0	0	0	84	0	0	0	1456	0	1276	0	190	0	0	0	0	0	472	0	232	0	0	0	776	0	2288	0	0	0	0	0	10210	0	5482	0	0	0	11758	0	7600	0	958	0	2722	0	0	0	0	0	0	0	70	0	72	0	1122	0	0	0	2126	0	0	0	148	0	0	0	0	0	0	0	0	0	0	0	0	0	0	0	0	0	0	0	0	0	0	0	0	0	0	
105460	SupraMarginal_L	2188	0	114	0	0	0	0	0	0	0	0	0	0	0	0	0	4402	0	74	0	0	0	0	0	0	0	0	0	1078	0	0	0	0	0	308	122	638	0	0	0	0	0	0	0	0	0	0	0	94	0	3928	0	1762	0	350	0	6220	0	126	0	10930	0	0	0	2408	0	190	0	2742	0	0	0	80	0	0	0	0	0	1134	0	5896	0	0	0	5300	0	0	0	2646	0	0	0	0	0	0	0	0	0	0	0	0	0	0	0	0	0	0	0	0	0	0	0	0	0	0	0	
118384	SupraMarginal_R	0	1802	0	544	0	0	0	354	0	0	0	228	0	0	0	0	0	3320	0	700	0	0	0	0	0	0	0	0	0	506	0	0	0	1468	0	1550	0	364	0	0	0	0	0	574	0	88	0	0	0	136	0	1570	0	708	0	550	0	10442	0	1070	0	11758	0	0	0	4940	0	1154	0	2518	0	0	0	0	0	0	0	132	0	658	0	7648	0	0	0	2938	0	0	0	1472	0	0	0	0	0	0	0	0	0	0	0	0	0	0	0	0	0	0	0	0	0	0	0	0	0	0	
90368	Angular_L	552	0	122	0	0	0	0	0	0	0	0	0	0	0	0	0	0	0	0	0	0	0	0	0	0	0	0	0	0	0	0	0	0	0	118	94	2020	0	0	0	0	0	0	0	0	0	0	0	906	0	14092	0	866	0	800	0	84	0	1496	0	12348	0	2408	0	0	0	450	0	906	0	0	0	0	0	0	0	0	0	0	0	1616	0	0	0	6306	0	0	0	0	0	0	0	0	0	0	0	0	0	0	0	0	0	0	0	0	0	0	0	0	0	0	0	0	0	0	0	
81996	Angular_R	0	0	0	0	0	0	0	0	0	0	0	0	0	0	0	0	0	86	0	116	0	0	0	0	0	0	0	0	0	166	0	0	0	144	0	336	0	0	0	0	0	0	0	324	0	306	0	0	0	4172	0	8642	0	0	0	0	0	716	0	2396	0	7600	0	4940	0	0	0	494	0	298	0	0	0	0	0	0	0	0	0	134	0	3800	0	0	0	6200	0	0	0	128	0	0	0	0	0	0	0	0	0	0	0	0	0	0	0	0	0	0	0	0	0	0	0	0	0	0	
315616	Precuneus_L	1446	170	390	0	0	0	0	0	0	0	0	0	0	0	0	0	258	0	576	384	0	0	0	0	0	0	0	0	994	0	0	0	3174	584	13788	954	7302	700	2500	144	0	0	17090	1248	12424	1340	5150	110	17398	770	17832	398	4702	0	1522	84	2890	102	17476	418	2076	0	190	0	450	0	0	6034	4406	234	0	0	0	0	0	0	92	582	1770	0	642	0	0	0	4630	0	0	0	2384	0	0	0	0	0	0	0	0	0	0	0	0	0	0	0	0	0	0	0	0	0	0	0	0	0	0	0	
368140	Precuneus_R	80	396	310	124	0	0	0	0	0	0	0	0	0	0	0	0	0	170	0	2448	0	0	0	0	0	0	0	0	0	146	0	0	564	7554	1074	11670	664	3868	104	1610	0	0	982	26428	578	21938	306	10878	246	20708	86	16058	0	4630	0	2428	0	7262	134	9736	0	958	0	1154	0	494	6034	0	0	8226	0	0	86	108	0	0	844	1046	0	132	0	252	0	0	0	5750	0	0	0	5024	0	0	0	0	0	0	0	72	0	0	0	0	0	0	0	0	0	0	0	0	710	0	0	0	0	0	
295120	Paracentral_Lobule_L	34258	1330	1900	0	0	0	130	0	0	0	454	0	0	0	0	0	1442	0	20890	6674	0	0	0	0	0	0	0	0	578	0	0	0	6356	2978	5574	328	744	118	0	0	0	0	264	0	584	0	0	0	3778	0	8428	0	340	0	152	0	6948	0	4456	0	3204	0	2742	0	906	0	4406	0	0	3170	3652	244	2542	0	2722	0	10506	322	112	0	382	0	0	0	3394	0	0	0	552	0	0	0	0	0	0	0	0	0	0	0	0	0	0	0	0	0	0	0	0	0	0	0	0	0	0	0	
229520	Paracentral_Lobule_R	2848	11828	168	202	0	0	132	0	0	0	0	0	0	0	0	0	0	78	1520	23832	0	0	0	0	0	0	0	0	196	0	0	0	436	13692	1748	7240	328	558	0	104	0	0	0	3424	0	2510	0	366	0	2734	0	2640	0	266	0	180	0	10840	0	1466	0	2722	0	2518	0	298	234	8226	3170	0	432	1558	72	0	0	0	396	3078	86	0	0	412	0	0	0	1358	0	0	0	864	0	0	0	0	0	0	0	0	0	0	0	0	0	0	0	0	0	0	0	0	0	0	0	0	0	0	
295016	Caudate_L	4738	556	4702	2586	772	380	496	108	178	0	5200	468	560	224	638	0	4784	152	11320	5334	8748	9852	548	88	0	696	2524	998	6908	1682	5298	3956	260	456	484	218	1174	132	1418	0	278	222	0	0	0	0	0	0	0	0	0	0	0	0	0	0	872	0	0	0	182	0	0	0	0	0	0	0	3652	432	0	18700	17312	5746	3188	0	6714	854	636	0	0	0	84	0	0	0	0	0	0	0	0	0	0	0	0	0	0	0	0	0	0	0	0	0	0	0	0	0	0	0	0	0	0	0	0	0	
362240	Caudate_R	1560	2930	3170	11514	286	1714	1106	138	80	0	3320	1214	196	560	208	540	1398	938	4340	23962	6170	10926	192	2296	0	2576	1778	2318	3424	2430	4412	20198	0	730	208	208	1076	810	462	334	326	270	0	0	0	0	0	0	0	0	0	0	0	0	0	0	514	0	0	0	262	0	0	0	0	0	0	0	244	1558	18700	0	6674	18102	854	1314	1104	11008	394	74	0	0	0	0	0	0	0	0	0	0	0	0	0	0	0	0	0	0	0	0	0	0	0	0	0	0	0	0	0	0	0	0	0	0	0	0	
344104	Putamen_L	5138	172	14742	730	3194	0	1614	0	534	0	1712	92	1636	78	1762	0	5260	0	13226	2834	3496	4332	926	0	394	102	670	128	21274	580	7720	1526	220	136	1200	1012	13056	646	1712	0	1652	70	0	0	0	0	168	0	0	0	302	0	1032	0	3086	0	1038	0	0	0	78	0	80	0	0	0	0	86	2542	72	17312	6674	0	3170	9240	0	4294	880	202	0	3246	0	164	0	1236	0	0	0	3252	0	112	0	0	0	0	0	0	0	210	0	0	0	0	0	0	0	0	0	0	0	0	0	0	0	0	0	
368296	Putamen_R	152	2222	1190	8198	0	3918	144	3906	0	0	76	7076	0	4344	0	816	76	5466	1186	7292	3454	5480	76	3244	0	4990	1294	1450	434	20634	3948	12630	0	728	742	874	958	17976	144	9066	282	3404	0	0	0	0	0	150	0	0	0	0	0	0	0	6236	0	314	0	0	0	0	0	0	0	0	0	108	0	0	5746	18102	3170	0	124	3206	410	5192	132	216	0	518	0	274	0	182	0	0	0	1072	0	214	0	0	0	192	0	372	0	348	0	0	0	0	0	0	0	0	0	0	0	0	0	0	0	0	
78916	Pallidum_L	3172	108	4138	148	0	0	574	0	0	0	230	0	0	0	0	0	906	0	4276	1144	0	0	0	0	0	0	0	0	516	0	0	90	512	0	874	454	1204	216	0	0	0	0	0	0	0	0	0	0	0	0	0	0	0	0	0	0	390	0	0	0	0	0	0	0	0	0	0	0	2722	0	3188	854	9240	124	0	0	3916	462	0	0	0	0	0	0	0	0	0	0	0	0	0	0	0	0	0	0	0	0	0	0	0	0	0	0	0	0	0	0	0	0	0	0	0	0	0	0	
36384	Pallidum_R	0	440	0	1180	0	0	0	986	0	0	0	1074	0	0	0	0	0	1062	96	1090	0	0	0	82	0	0	0	0	0	414	0	0	0	100	78	84	76	2798	0	1970	0	148	0	0	0	0	0	130	0	0	0	0	0	0	0	676	0	0	0	0	0	0	0	0	0	0	0	0	0	0	0	1314	0	3206	0	0	0	854	0	0	0	0	0	0	0	0	0	0	0	0	0	0	0	0	0	154	0	180	0	0	0	0	0	0	0	0	0	0	0	0	0	0	0	0	0	0	
252008	Thalamus_L	11016	1854	4952	1046	0	0	702	92	0	0	658	0	0	0	0	0	2454	658	10890	5822	0	0	170	0	0	0	0	0	4616	264	286	0	390	172	7910	9336	9564	5566	804	658	0	0	0	0	0	0	768	368	0	0	268	0	210	0	218	186	398	0	0	0	198	0	0	0	0	0	92	844	10506	396	6714	1104	4294	410	3916	0	0	12842	788	110	274	78	0	0	826	0	0	0	316	0	0	0	0	0	0	0	0	0	0	0	0	0	0	0	0	0	0	0	0	0	0	0	0	0	0	0	
325140	Thalamus_R	1914	12282	2026	4586	0	0	262	2102	0	0	138	942	0	102	0	0	1044	3106	492	28816	0	0	0	72	0	0	0	0	3582	1798	0	264	0	234	10120	13562	9410	14528	830	4128	0	84	0	0	0	0	312	980	0	0	116	0	0	158	84	1430	334	300	0	0	80	70	0	132	0	0	582	1046	322	3078	854	11008	880	5192	462	854	12842	0	1228	544	278	500	0	0	602	428	0	0	136	830	0	94	0	0	0	0	0	214	0	92	0	0	0	0	0	0	0	0	0	0	84	0	0	0	0	0	
110776	Heschl_L	1240	348	768	204	0	0	98	0	0	0	158	0	0	0	0	0	5552	0	344	1078	0	0	0	0	0	0	0	0	9866	154	0	0	0	0	3018	1534	5534	1374	0	108	0	0	0	0	0	0	0	0	0	0	1712	0	750	0	252	86	688	0	0	0	0	0	1134	0	0	0	1770	0	112	86	636	394	202	132	0	0	788	1228	0	0	8112	0	0	0	4168	0	0	0	1760	0	0	0	0	0	0	0	0	0	0	0	0	0	0	0	0	0	0	0	0	0	0	0	0	0	0	0	
59140	Heschl_R	0	600	84	768	0	0	0	230	0	0	0	0	0	0	0	0	0	2498	0	446	0	0	0	0	0	0	0	0	0	4360	0	0	0	0	112	326	88	4286	0	1026	0	0	0	0	0	0	0	0	0	0	0	724	0	362	0	1870	0	84	0	0	0	72	0	658	0	134	0	132	0	0	0	74	0	216	0	0	110	544	0	0	0	5100	0	0	0	1696	0	0	0	2970	0	0	0	0	0	0	0	0	0	0	0	0	0	0	0	0	0	0	0	0	0	0	0	0	0	0	
218644	Temporal_Sup_L	664	120	1804	74	0	0	118	0	0	0	536	0	104	0	0	0	5094	0	1192	164	0	0	0	0	0	0	0	0	14964	0	0	0	0	0	1010	400	3976	302	132	0	0	0	82	0	0	0	124	0	0	0	2074	0	3550	0	4270	0	522	0	0	0	764	0	5896	0	1616	0	642	0	382	0	0	0	3246	0	0	0	274	278	8112	0	0	0	3356	0	24642	0	0	0	18282	0	480	0	0	0	0	0	0	0	76	0	0	0	0	0	0	0	0	0	0	0	0	0	0	0	0	0	
151828	Temporal_Sup_R	0	542	0	308	0	0	0	102	0	0	0	256	0	0	0	690	0	3264	0	550	0	0	0	0	0	0	0	0	0	8398	0	0	0	94	128	412	128	4966	0	1344	0	0	0	88	0	0	0	0	0	0	0	1592	0	382	0	3580	0	400	0	198	0	1122	0	7648	0	3800	0	252	0	412	0	0	0	518	0	0	78	500	0	5100	0	0	0	4348	0	18210	0	318	0	6066	0	0	0	0	0	0	0	0	0	120	0	0	0	0	0	0	0	0	0	0	0	0	0	0	0	0	
55444	Temporal_Pole_Sup_L	0	0	130	0	760	0	0	0	544	0	552	0	446	0	1370	0	790	0	0	0	340	0	0	0	0	0	0	0	2888	0	0	0	0	0	0	0	298	0	514	0	286	0	0	0	0	0	0	0	0	0	0	0	0	0	1722	0	0	0	0	0	0	0	0	0	0	0	0	0	0	0	84	0	164	0	0	0	0	0	0	0	3356	0	0	0	5918	0	2426	0	5134	0	0	0	0	0	0	0	0	0	0	0	0	0	0	0	0	0	0	0	0	0	0	0	0	0	0	0	
83100	Temporal_Pole_Sup_R	0	0	0	560	0	0	0	0	0	0	0	576	0	0	0	752	0	1202	0	532	0	496	0	0	0	0	0	0	0	3088	0	0	0	138	0	0	0	1106	0	4004	0	3284	0	0	0	0	0	0	0	0	0	0	0	0	0	7980	0	0	0	0	0	0	0	0	0	0	0	0	0	0	0	0	0	274	0	0	0	0	0	0	0	4348	0	0	0	4504	0	3662	0	4948	0	0	0	0	0	0	0	96	0	0	0	0	0	0	0	0	0	0	0	0	0	0	0	0	0	0	
320876	Temporal_Mid_L	2110	168	1136	108	0	0	0	0	0	0	0	0	0	0	0	0	3364	78	810	310	0	0	0	0	0	0	0	0	6208	0	0	0	0	0	2984	1020	2974	652	0	0	0	0	3590	0	1720	0	588	0	1908	0	28878	0	4864	0	1600	0	158	0	1712	0	1612	0	5300	0	6306	0	4630	0	3394	0	0	0	1236	0	0	0	826	602	4168	0	24642	0	5918	0	0	0	2732	0	32132	0	0	0	0	0	0	0	0	0	0	0	0	0	0	0	0	0	0	0	0	0	0	0	0	0	0	0	
272656	Temporal_Mid_R	0	514	0	78	0	0	0	0	0	0	0	0	0	0	0	148	0	164	0	1102	0	0	0	0	0	0	0	0	0	3130	0	0	0	564	102	1446	100	2994	0	1120	0	0	0	8608	0	834	0	2410	0	1436	0	22692	0	3300	0	4304	0	634	0	124	0	2126	0	2938	0	6200	0	5750	0	1358	0	0	0	182	0	0	0	428	0	1696	0	18210	0	4504	0	0	0	1710	0	35334	0	0	0	0	0	0	0	0	0	88	0	0	0	0	0	0	0	0	0	0	0	0	0	0	0	0	
16008	Temporal_Pole_Mid_L	0	0	0	0	0	0	0	0	0	0	0	0	0	0	0	0	0	0	0	0	0	0	0	0	0	0	0	0	0	0	0	0	0	0	0	0	0	0	274	0	0	0	0	0	0	0	0	0	0	0	0	0	0	0	832	0	0	0	0	0	0	0	0	0	0	0	0	0	0	0	0	0	0	0	0	0	0	0	0	0	0	0	2426	0	2732	0	0	0	1740	0	0	0	0	0	0	0	0	0	0	0	0	0	0	0	0	0	0	0	0	0	0	0	0	0	0	0	
22908	Temporal_Pole_Mid_R	0	0	0	0	0	0	0	0	0	0	0	0	0	0	0	0	0	0	0	0	0	0	0	0	0	0	0	0	0	0	0	0	0	0	0	0	0	184	0	1580	0	502	0	0	0	0	0	0	0	0	0	0	0	0	0	2142	0	0	0	0	0	0	0	0	0	0	0	0	0	0	0	0	0	0	0	0	0	0	0	0	0	318	0	3662	0	1710	0	0	0	1356	0	0	0	0	0	0	0	0	0	0	0	0	0	0	0	0	0	0	0	0	0	0	0	0	0	0	
279480	Temporal_Inf_L	514	0	1348	0	0	0	0	0	0	0	0	0	0	0	0	0	1292	0	906	72	0	0	0	0	0	0	0	0	9230	0	0	0	0	0	1758	206	7588	154	574	0	770	0	1728	0	560	0	658	0	678	0	8824	0	6716	0	17368	0	0	0	612	0	746	0	2646	0	0	0	2384	0	552	0	0	0	3252	0	0	0	316	136	1760	0	18282	0	5134	0	32132	0	1740	0	0	0	5754	0	674	0	0	0	200	0	1200	0	596	0	680	0	0	0	0	0	0	0	0	0	0	0	0	0	
280536	Temporal_Inf_R	0	548	0	132	0	0	0	88	0	0	0	78	0	0	0	0	0	178	0	884	0	0	0	0	0	0	0	0	0	2960	0	0	0	380	134	1366	132	11050	0	7022	0	368	0	5446	0	486	0	3980	0	478	0	9762	0	10714	0	20956	0	338	0	0	0	148	0	1472	0	128	0	5024	0	864	0	0	0	1072	0	0	0	830	0	2970	0	6066	0	4948	0	35334	0	1356	0	0	0	1476	0	0	0	0	0	260	0	840	0	0	0	0	0	0	0	0	0	0	0	0	0	0	0	0	
582448	Cerebelum_Crus1_L	0	0	0	0	0	0	0	0	0	0	0	0	0	0	0	0	0	0	0	0	0	0	0	0	0	0	0	0	202	0	0	0	0	0	0	0	970	0	196	0	502	0	0	0	0	0	5368	3642	0	0	0	0	292	748	21342	3702	0	0	0	0	0	0	0	0	0	0	0	0	0	0	0	0	112	0	0	0	0	0	0	0	480	0	0	0	0	0	0	0	5754	0	0	5582	31224	2326	3056	652	31630	4756	68158	10422	16982	208	24730	1760	11506	2132	3134	96	1258	2208	10648	8504	3696	1246	1494	506	
546012	Cerebelum_Crus1_R	0	0	0	0	0	0	0	0	0	0	0	0	0	0	0	0	0	0	0	0	0	0	0	0	0	0	0	0	0	108	0	0	0	0	0	0	0	1734	0	3208	0	394	0	0	0	0	892	5628	0	0	0	0	0	354	1404	21520	0	0	0	0	0	0	0	0	0	0	0	0	0	0	0	0	0	214	0	0	0	94	0	0	0	0	0	0	0	0	0	0	0	1476	5582	0	822	40230	106	2250	6892	25590	9464	67552	530	3400	2402	25428	1432	10466	292	732	258	578	9192	10966	5712	2106	2910	1088	
372084	Cerebelum_Crus2_L	0	0	0	0	0	0	0	0	0	0	0	0	0	0	0	0	0	0	0	0	0	0	0	0	0	0	0	0	0	0	0	0	0	0	0	0	0	0	0	0	0	0	0	0	0	0	0	116	0	0	0	0	0	0	530	102	0	0	0	0	0	0	0	0	0	0	0	0	0	0	0	0	0	0	0	0	0	0	0	0	0	0	0	0	0	0	0	0	674	0	31224	822	0	9122	298	0	934	0	8058	682	46956	5988	46044	4918	13606	866	746	0	0	0	136	1224	8664	3020	1088	224	
381964	Cerebelum_Crus2_R	0	0	0	0	0	0	0	0	0	0	0	0	0	0	0	0	0	0	0	0	0	0	0	0	0	0	0	0	0	0	0	0	0	0	0	0	0	356	0	1052	0	154	0	0	0	0	124	274	0	0	0	0	0	0	118	1200	0	0	0	0	0	0	0	0	0	0	0	0	0	0	0	0	0	0	0	0	0	0	0	0	0	0	0	0	0	0	0	0	0	0	2326	40230	9122	0	0	244	1232	3908	2858	18746	4276	27378	5330	39782	674	7986	0	702	232	236	1418	3578	11588	3034	2084	740	
52652	Cerebelum_3_L	0	0	0	0	0	0	0	0	0	0	0	0	0	0	0	0	0	0	0	0	0	0	0	0	0	0	0	0	0	0	0	0	0	0	0	0	0	0	136	0	0	0	0	0	0	0	0	0	0	0	0	0	0	0	124	0	0	0	0	0	0	0	0	0	0	0	0	0	0	0	0	0	0	0	0	0	0	0	0	0	0	0	0	0	0	0	0	0	0	0	3056	106	298	0	0	376	7160	812	4794	838	252	0	612	0	1304	276	814	0	1308	2574	1486	0	0	0	0	0	
53592	Cerebelum_3_R	0	0	0	0	0	0	0	0	0	0	0	0	0	0	0	0	0	0	0	0	0	0	0	0	0	0	0	0	0	0	0	0	0	0	0	0	0	874	0	1286	0	280	0	0	0	0	0	668	0	0	0	0	0	0	0	1088	0	0	0	0	0	0	0	0	0	0	0	0	0	0	0	0	0	192	0	154	0	0	0	0	0	0	0	0	0	0	0	0	0	0	652	2250	0	244	376	0	864	5620	822	5580	0	0	0	240	0	662	0	0	844	3060	1040	0	0	0	0	0	
448752	Cerebelum_4_5_L	0	0	0	0	0	0	0	0	0	0	0	0	0	0	0	0	0	0	0	0	0	0	0	0	0	0	0	0	148	0	0	0	0	0	0	0	992	0	872	0	832	0	120	0	0	0	10874	6886	0	0	124	0	528	352	12924	4680	0	0	0	0	0	0	0	0	0	0	0	0	0	0	0	0	0	0	0	0	0	0	0	0	0	0	0	0	0	0	0	0	200	0	31630	6892	934	1232	7160	864	0	14994	46432	13520	1312	0	2240	256	7030	3620	2284	532	1686	3710	27936	6552	0	0	1632	2396	
356548	Cerebelum_4_5_R	0	0	0	0	0	0	0	0	0	0	0	0	0	0	0	0	0	0	0	80	0	0	0	0	0	0	0	0	0	112	0	0	0	0	0	0	0	4172	0	7978	0	1004	0	166	0	0	3890	10090	0	0	0	0	240	686	2124	14174	0	0	0	0	0	0	0	0	0	0	0	72	0	0	0	0	0	372	0	180	0	214	0	0	0	0	0	96	0	0	0	0	0	260	4756	25590	0	3908	812	5620	14994	0	8804	37854	110	0	310	956	1614	1754	90	164	256	1644	21100	918	0	122	282	706	
639524	Cerebelum_6_L	0	0	0	0	0	0	0	0	0	0	0	0	0	0	0	0	0	0	0	0	0	0	0	0	0	0	0	0	292	0	0	0	0	0	0	0	1486	0	356	0	730	0	0	148	0	0	12104	10800	0	0	70	0	1754	2048	26834	8924	0	0	0	0	0	0	0	0	0	0	0	0	0	0	0	0	210	0	0	0	0	0	0	0	76	0	0	0	0	0	0	0	1200	0	68158	9464	8058	2858	4794	822	46432	8804	0	19380	5700	0	10244	1222	9568	4012	3470	542	1554	3046	18130	18978	2182	1172	3220	920	
614252	Cerebelum_6_R	0	0	0	0	0	0	0	0	0	0	0	0	0	0	0	0	0	0	0	0	0	0	0	0	0	0	0	0	0	192	0	0	0	0	0	0	0	3196	0	4612	0	438	0	190	0	0	2722	12704	0	0	0	0	196	3270	3344	28508	0	0	0	0	0	0	0	0	0	0	0	0	0	0	0	0	0	348	0	0	0	92	0	0	0	120	0	0	0	88	0	0	0	840	10422	67552	682	18746	838	5580	13520	37854	19380	0	474	900	2456	9030	2184	6178	428	832	640	2146	16602	19356	5044	1596	2732	1094	
310520	Cerebelum_7b_L	0	0	0	0	0	0	0	0	0	0	0	0	0	0	0	0	0	0	0	0	0	0	0	0	0	0	0	0	0	0	0	0	0	0	0	0	0	0	0	0	0	0	0	0	0	0	0	150	0	0	0	0	0	0	538	196	0	0	0	0	0	0	0	0	0	0	0	0	0	0	0	0	0	0	0	0	0	0	0	0	0	0	0	0	0	0	0	0	596	0	16982	530	46956	4276	252	0	1312	110	5700	474	0	2650	44868	4784	12560	680	978	74	0	0	256	632	5654	3368	532	152	
160004	Cerebelum_7b_R	0	0	0	0	0	0	0	0	0	0	0	0	0	0	0	0	0	0	0	0	0	0	0	0	0	0	0	0	0	0	0	0	0	0	0	0	0	0	0	0	0	0	0	0	0	0	0	0	0	0	0	0	0	0	0	0	0	0	0	0	0	0	0	0	0	0	0	0	0	0	0	0	0	0	0	0	0	0	0	0	0	0	0	0	0	0	0	0	0	0	208	3400	5988	27378	0	0	0	0	0	900	2650	0	2294	27028	0	4140	0	0	0	0	0	0	4648	1294	74	0	
429412	Cerebelum_8_L	0	0	0	0	0	0	0	0	0	0	0	0	0	0	0	0	0	0	0	0	0	0	0	0	0	0	0	0	0	0	0	0	0	0	0	0	0	0	0	0	0	0	0	0	0	0	70	590	0	0	0	0	0	80	674	572	0	0	0	0	0	0	0	0	0	0	0	0	0	0	0	0	0	0	0	0	0	0	0	0	0	0	0	0	0	0	0	0	680	0	24730	2402	46044	5330	612	0	2240	310	10244	2456	44868	2294	0	10752	29148	3430	1810	88	0	0	510	2654	7506	9710	4314	588	
369740	Cerebelum_8_R	0	0	0	0	0	0	0	0	0	0	0	0	0	0	0	0	0	0	0	0	0	0	0	0	0	0	0	0	0	0	0	0	0	0	0	0	0	168	0	388	0	112	0	0	0	0	0	0	0	0	0	0	0	0	0	358	0	0	0	0	0	0	0	0	0	0	0	0	0	0	0	0	0	0	0	0	0	0	0	0	0	0	0	0	0	0	0	0	0	0	1760	25428	4918	39782	0	240	256	956	1222	9030	4784	27028	10752	0	2140	30614	0	470	0	0	292	884	8178	9154	4486	1470	
246432	Cerebelum_9_L	0	0	0	0	0	0	0	0	0	0	0	0	0	0	0	0	0	0	0	0	0	0	0	0	0	0	0	0	0	0	0	0	0	0	0	0	0	0	0	0	0	0	0	0	0	0	0	724	0	0	0	0	0	0	162	464	0	0	0	0	0	0	0	0	0	0	0	0	0	0	0	0	0	0	0	0	0	0	0	0	0	0	0	0	0	0	0	0	0	0	11506	1432	13606	674	1304	0	7030	1614	9568	2184	12560	0	29148	2140	0	5416	4740	612	0	100	3370	3650	438	2660	6056	2058	
236576	Cerebelum_9_R	0	0	0	0	0	0	0	0	0	0	0	0	0	0	0	0	0	0	0	0	0	0	0	0	0	0	0	0	0	0	0	0	0	0	0	0	0	80	0	208	0	0	0	0	0	0	214	0	0	0	0	0	0	0	0	196	0	0	0	0	0	0	0	0	0	0	0	0	0	0	0	0	0	0	0	0	0	0	0	0	0	0	0	0	0	0	0	0	0	0	2132	10466	866	7986	276	662	3620	1754	4012	6178	680	4140	3430	30614	5416	0	144	2146	1074	1212	4518	4476	2984	4172	9554	5078	
39864	Cerebelum_10_L	0	0	0	0	0	0	0	0	0	0	0	0	0	0	0	0	0	0	0	0	0	0	0	0	0	0	0	0	0	0	0	0	0	0	0	0	0	0	0	0	0	0	0	0	0	0	0	172	0	0	0	0	0	0	0	268	0	0	0	0	0	0	0	0	0	0	0	0	0	0	0	0	0	0	0	0	0	0	0	0	0	0	0	0	0	0	0	0	0	0	3134	292	746	0	814	0	2284	90	3470	428	978	0	1810	0	4740	144	0	0	0	0	142	420	0	0	0	0	
19520	Cerebelum_10_R	0	0	0	0	0	0	0	0	0	0	0	0	0	0	0	0	0	0	0	0	0	0	0	0	0	0	0	0	0	0	0	0	0	0	0	0	0	0	0	0	0	0	0	0	0	0	0	0	0	0	0	0	0	0	0	0	0	0	0	0	0	0	0	0	0	0	0	0	0	0	0	0	0	0	0	0	0	0	0	0	0	0	0	0	0	0	0	0	0	0	96	732	0	702	0	0	532	164	542	832	74	0	88	470	612	2146	0	0	0	0	394	958	0	0	892	526	
32800	Vermis_1_2	0	0	0	0	0	0	0	0	0	0	0	0	0	0	0	0	0	0	0	0	0	0	0	0	0	0	0	0	0	0	0	0	0	0	0	0	0	0	0	0	0	0	0	0	0	0	0	0	0	0	0	0	0	0	0	0	0	0	0	0	0	0	0	0	0	0	0	0	0	0	0	0	0	0	0	0	0	0	0	0	0	0	0	0	0	0	0	0	0	0	1258	258	0	232	1308	844	1686	256	1554	640	0	0	0	0	0	1074	0	0	0	5364	1810	0	0	0	0	116	
