data	data	483404	398680	1.07929e+06	1.10907e+06	138892	112120	554932	344056	142688	54476	297752	400132	398764	219704	283292	92492	248148	232484	994156	810268	129972	156856	604712	686320	43808	148736	96528	107684	630300	409684	449080	759616	282112	625584	171288	169484	280704	332528	119712	259848	51272	58452	212304	308512	164852	327968	220636	354732	180124	301476	408796	191612	127296	159864	353372	499748	514736	320040	311628	148952	388896	112964	111920	141872	113356	153216	390528	340584	180404	185440	424300	568852	411016	434356	47128	69620	133500	220476	112472	39844	181980	105084	81340	85756	336528	212644	35144	39284	257932	252388	413292	333848	315552	245536	43720	54620	268868	197956	418136	347568	177292	120052	229580	221820	93892	126460	10748	7156	27564	52992	212736	149652	158852	127352	86024	20804	
data	data	Precentral_L	Precentral_R	Frontal_Sup_L	Frontal_Sup_R	Frontal_Sup_Orb_L	Frontal_Sup_Orb_R	Frontal_Mid_L	Frontal_Mid_R	Frontal_Mid_Orb_L	Frontal_Mid_Orb_R	Frontal_Inf_Oper_L	Frontal_Inf_Oper_R	Frontal_Inf_Tri_L	Frontal_Inf_Tri_R	Frontal_Inf_Orb_L	Frontal_Inf_Orb_R	Rolandic_Oper_L	Rolandic_Oper_R	Supp_Motor_Area_L	Supp_Motor_Area_R	Olfactory_L	Olfactory_R	Frontal_Sup_Medial_L	Frontal_Sup_Medial_R	Frontal_Med_Orb_L	Frontal_Med_Orb_R	Rectus_L	Rectus_R	Insula_L	Insula_R	Cingulum_Ant_L	Cingulum_Ant_R	Cingulum_Mid_L	Cingulum_Mid_R	Cingulum_Post_L	Cingulum_Post_R	Hippocampus_L	Hippocampus_R	ParaHippocampal_L	ParaHippocampal_R	Amygdala_L	Amygdala_R	Calcarine_L	Calcarine_R	Cuneus_L	Cuneus_R	Lingual_L	Lingual_R	Occipital_Sup_L	Occipital_Sup_R	Occipital_Mid_L	Occipital_Mid_R	Occipital_Inf_L	Occipital_Inf_R	Fusiform_L	Fusiform_R	Postcentral_L	Postcentral_R	Parietal_Sup_L	Parietal_Sup_R	Parietal_Inf_L	Parietal_Inf_R	SupraMarginal_L	SupraMarginal_R	Angular_L	Angular_R	Precuneus_L	Precuneus_R	Paracentral_Lobule_L	Paracentral_Lobule_R	Caudate_L	Caudate_R	Putamen_L	Putamen_R	Pallidum_L	Pallidum_R	Thalamus_L	Thalamus_R	Heschl_L	Heschl_R	Temporal_Sup_L	Temporal_Sup_R	Temporal_Pole_Sup_L	Temporal_Pole_Sup_R	Temporal_Mid_L	Temporal_Mid_R	Temporal_Pole_Mid_L	Temporal_Pole_Mid_R	Temporal_Inf_L	Temporal_Inf_R	Cerebelum_Crus1_L	Cerebelum_Crus1_R	Cerebelum_Crus2_L	Cerebelum_Crus2_R	Cerebelum_3_L	Cerebelum_3_R	Cerebelum_4_5_L	Cerebelum_4_5_R	Cerebelum_6_L	Cerebelum_6_R	Cerebelum_7b_L	Cerebelum_7b_R	Cerebelum_8_L	Cerebelum_8_R	Cerebelum_9_L	Cerebelum_9_R	Cerebelum_10_L	Cerebelum_10_R	Vermis_1_2	Vermis_3	Vermis_4_5	Vermis_6	Vermis_7	Vermis_8	Vermis_9	Vermis_10	
483404	Precentral_L	0	6280	20326	2526	0	0	15284	190	0	0	15432	224	4004	0	0	0	11126	112	12770	6628	0	0	590	688	0	0	0	0	12774	306	458	1180	350	1938	2482	1098	7464	752	1110	260	0	0	0	0	0	0	254	0	0	0	582	0	640	0	1028	152	35380	574	1116	0	4486	0	2212	0	134	0	1334	0	12076	3676	3576	1112	4480	416	1928	106	21712	1642	6724	0	3286	0	0	0	2110	0	0	0	4614	0	0	0	0	0	0	0	0	0	0	0	0	0	0	0	0	0	0	0	0	0	0	0	0	0	0	0	
398680	Precentral_R	6280	0	968	12706	0	0	152	7666	0	0	138	10924	354	518	310	0	0	5974	6192	10620	0	0	270	444	0	0	0	0	800	5124	192	1498	520	746	572	640	1138	6114	120	3184	0	220	0	284	0	0	0	210	0	0	0	0	0	926	142	4882	404	22396	0	0	0	138	0	4470	0	280	0	776	4958	6384	1954	15784	994	4284	190	1076	3370	26044	244	2534	0	2450	0	0	102	3288	0	0	200	6192	0	0	0	0	0	0	0	0	0	0	0	0	0	0	0	0	0	0	0	0	0	0	0	0	0	0	
1.07929e+06	Frontal_Sup_L	20326	968	0	23016	6414	122	82692	4428	5650	0	14630	3128	25424	1810	8794	0	7688	1098	78314	20340	896	910	57160	24966	1024	568	1860	164	28514	1104	23708	14236	10652	14322	124	0	2664	632	0	526	0	0	0	0	0	0	0	0	0	0	0	0	0	0	486	556	8812	84	212	0	708	0	146	0	136	0	232	0	740	0	8246	3730	18174	1018	2256	294	1240	478	1528	0	788	0	294	0	0	0	0	0	130	484	0	0	0	0	0	0	0	0	0	0	0	0	0	0	0	0	0	0	0	0	0	0	0	0	0	0	
1.10907e+06	Frontal_Sup_R	2526	12706	23016	0	266	6934	7264	47902	268	1224	2376	23800	3268	19806	1302	3898	1036	12938	33774	69630	770	1600	19322	51838	0	5856	172	3594	5388	24148	10254	50524	8532	30096	0	0	84	2012	0	608	0	0	0	0	0	0	0	0	0	0	0	0	0	0	0	548	190	1546	0	0	0	0	0	0	0	0	0	0	1478	604	8036	21550	2032	20984	0	2586	278	4942	0	218	270	0	0	306	0	0	0	0	0	236	0	0	0	0	0	0	0	0	0	0	0	0	0	0	0	0	0	0	0	0	0	0	0	0	0	0	
138892	Frontal_Sup_Orb_L	0	0	6414	266	0	200	848	0	9938	88	0	0	684	0	8448	0	0	0	0	0	3638	1988	2686	410	3372	586	9308	368	2238	0	4868	714	0	0	0	0	0	0	0	0	0	0	0	0	0	0	0	0	0	0	0	0	0	0	0	0	0	0	0	0	0	0	0	0	0	0	0	0	0	0	4578	1570	5170	682	0	240	0	0	0	0	0	0	144	0	0	0	0	0	0	0	0	0	0	0	0	0	0	0	0	0	0	0	0	0	0	0	0	0	0	0	0	0	0	0	0	0	
112120	Frontal_Sup_Orb_R	0	0	122	6934	200	0	0	1358	202	2548	0	0	0	536	274	2556	0	0	438	456	864	2526	0	6272	0	8372	172	8518	0	866	216	2064	0	0	0	0	0	0	0	0	0	0	0	0	0	0	0	0	0	0	0	0	0	0	0	0	0	0	0	0	0	0	0	0	0	0	0	0	0	0	908	5236	544	3626	0	252	0	0	0	0	0	0	0	0	0	0	0	0	0	0	0	0	0	0	0	0	0	0	0	0	0	0	0	0	0	0	0	0	0	0	0	0	0	0	0	0	
554932	Frontal_Mid_L	15284	152	82692	7264	848	0	0	1480	9218	0	8446	1372	37168	974	12420	0	902	204	17418	5432	0	0	22294	8460	0	0	0	0	16130	242	6884	3800	4528	7130	0	0	232	110	0	90	0	0	0	0	0	0	0	0	0	0	0	0	0	0	0	88	160	0	0	0	0	0	0	0	0	0	0	0	218	0	1380	840	2910	220	198	0	0	0	96	0	96	0	86	0	0	0	0	0	0	0	0	0	0	0	0	0	0	0	0	0	0	0	0	0	0	0	0	0	0	0	0	0	0	0	0	0	
344056	Frontal_Mid_R	190	7666	4428	47902	0	1358	1480	0	0	2128	168	16486	398	14124	304	4094	150	4402	3866	8264	116	242	3690	7330	0	0	0	294	1056	7138	3444	10292	3200	6478	0	0	0	500	0	216	0	0	0	0	0	0	0	0	0	0	0	0	0	0	0	226	0	1802	0	0	0	0	0	0	0	0	0	0	0	0	1678	2060	410	3954	0	186	0	120	0	0	0	0	0	0	0	0	0	0	0	188	0	0	0	0	0	0	0	0	0	0	0	0	0	0	0	0	0	0	0	0	0	0	0	0	0	0	
142688	Frontal_Mid_Orb_L	0	0	5650	268	9938	202	9218	0	0	94	0	0	7206	0	17278	0	0	0	0	0	1916	1704	0	434	592	574	3328	276	2548	0	992	826	0	0	0	0	0	0	0	0	0	0	0	0	0	0	0	0	0	0	0	0	0	0	0	0	0	0	0	0	0	0	0	0	0	0	0	0	0	0	2746	1548	2798	830	0	236	0	0	0	0	0	0	142	0	0	0	0	0	0	0	0	0	0	0	0	0	0	0	0	0	0	0	0	0	0	0	0	0	0	0	0	0	0	0	0	0	
54476	Frontal_Mid_Orb_R	0	0	0	1224	88	2548	0	2128	94	0	0	0	0	310	108	9150	0	0	0	84	298	680	0	0	0	338	112	518	0	2202	364	724	0	0	0	0	0	0	0	0	0	0	0	0	0	0	0	0	0	0	0	0	0	0	0	0	0	0	0	0	0	0	0	0	0	0	0	0	0	0	502	1954	246	3566	0	0	0	0	0	0	0	0	0	0	0	0	0	0	0	0	0	0	0	0	0	0	0	0	0	0	0	0	0	0	0	0	0	0	0	0	0	0	0	0	0	0	
297752	Frontal_Inf_Oper_L	15432	138	14630	2376	0	0	8446	168	0	0	0	646	18558	208	1356	0	16530	444	9712	1802	0	0	1482	2364	0	0	0	0	17200	554	1266	1562	0	1508	276	262	2448	416	0	196	0	0	0	0	0	0	0	0	0	0	0	0	0	0	186	134	9040	0	0	0	116	0	0	0	0	0	0	0	0	0	3196	1104	5256	300	0	0	374	418	2818	0	4132	0	1418	0	112	0	0	0	192	100	0	0	0	0	0	0	0	0	0	0	0	0	0	0	0	0	0	0	0	0	0	0	0	0	0	0	
400132	Frontal_Inf_Oper_R	224	10924	3128	23800	0	0	1372	16486	0	0	646	0	866	22656	254	124	236	16202	6274	10504	0	0	2806	5438	0	0	0	0	1672	26420	1534	10806	680	6316	0	0	0	1480	0	864	0	0	0	0	0	0	0	0	0	0	0	0	0	0	0	682	0	3110	0	0	0	0	0	664	0	104	0	0	128	0	5964	3582	1906	8934	0	1146	0	718	0	166	0	92	0	764	0	0	0	0	0	394	0	0	0	0	0	0	0	0	0	0	0	0	0	0	0	0	0	0	0	0	0	0	0	0	0	0	
398764	Frontal_Inf_Tri_L	4004	354	25424	3268	684	0	37168	398	7206	0	18558	866	0	360	23292	0	1996	246	8778	2892	0	0	4928	3692	0	0	0	0	30594	422	4410	2500	352	2842	0	0	194	224	0	196	0	0	0	0	0	0	0	0	0	0	0	0	0	0	0	224	1242	0	0	0	0	0	0	0	0	0	0	0	0	0	4322	954	4580	264	0	0	0	0	110	0	510	0	1132	0	0	0	0	0	0	196	0	0	0	0	0	0	0	0	0	0	0	0	0	0	0	0	0	0	0	0	0	0	0	0	0	0	
219704	Frontal_Inf_Tri_R	0	518	1810	19806	0	536	974	14124	0	310	208	22656	360	0	0	2736	0	650	2184	3694	0	0	2784	6136	0	0	0	0	288	10398	1102	10604	750	4034	0	0	0	114	0	0	0	0	0	0	0	0	0	0	0	0	0	0	0	0	0	0	0	0	0	0	0	0	0	0	0	0	0	0	0	0	330	280	0	2322	0	0	0	0	0	0	0	0	0	144	0	0	0	0	0	0	0	0	0	0	0	0	0	0	0	0	0	0	0	0	0	0	0	0	0	0	0	0	0	0	0	0	
283292	Frontal_Inf_Orb_L	0	310	8794	1302	8448	274	12420	304	17278	108	1356	254	23292	0	0	102	0	210	1430	178	4628	2208	318	1098	534	698	3258	412	23738	378	1898	1832	0	0	0	0	406	172	280	154	184	0	0	0	0	0	0	0	0	0	0	0	0	0	0	184	0	0	0	0	0	0	0	0	0	0	0	0	0	0	8248	2476	8930	1132	0	254	0	0	0	0	0	0	2004	0	0	0	0	0	0	162	0	0	0	0	0	0	0	0	0	0	0	0	0	0	0	0	0	0	0	0	0	0	0	0	0	0	
92492	Frontal_Inf_Orb_R	0	0	0	3898	0	2556	0	4094	0	9150	0	124	0	2736	102	0	0	0	292	336	444	1762	0	250	0	270	108	1618	0	8062	380	1126	0	0	0	0	0	92	0	0	0	0	0	0	0	0	0	0	0	0	0	0	0	0	0	0	0	0	0	0	0	0	0	0	0	0	0	0	0	0	542	3124	238	4942	0	0	0	0	0	0	0	0	0	0	0	0	0	0	0	0	0	0	0	0	0	0	0	0	0	0	0	0	0	0	0	0	0	0	0	0	0	0	0	0	0	0	
248148	Rolandic_Oper_L	11126	0	7688	1036	0	0	902	150	0	0	16530	236	1996	0	0	0	0	428	8332	144	0	0	462	890	0	0	0	0	17262	512	174	1404	0	0	0	0	1738	200	136	94	0	0	0	0	0	0	0	0	0	0	168	0	172	0	322	88	15198	0	1740	0	1898	0	1044	0	252	0	1696	0	510	0	4130	1386	3282	298	106	0	438	186	5842	0	8696	0	658	0	2256	0	0	0	2268	0	0	0	0	0	0	0	0	0	0	0	0	0	0	0	0	0	0	0	0	0	0	0	0	0	0	0	
232484	Rolandic_Oper_R	112	5974	1098	12938	0	0	204	4402	0	0	444	16202	246	650	210	0	428	0	5576	13630	0	0	116	274	0	0	0	0	992	22752	96	572	0	2948	0	0	0	1550	0	952	0	0	0	0	0	0	0	0	0	0	0	0	0	0	0	572	0	6114	0	0	0	0	0	1904	0	86	0	0	342	266	3034	1892	322	3568	0	166	150	276	0	1782	84	2074	0	590	0	230	0	0	0	424	0	0	0	0	0	0	0	0	0	0	0	0	0	0	0	0	0	0	0	0	0	0	0	0	0	0	
994156	Supp_Motor_Area_L	12770	6192	78314	33774	0	438	17418	3866	0	0	9712	6274	8778	2184	1430	292	8332	5576	0	73072	362	0	17326	15500	0	198	0	0	14848	6504	12668	14100	20242	29894	860	0	3724	986	134	548	1164	0	0	0	0	0	0	0	0	0	0	0	0	0	558	516	10188	2008	186	0	1008	0	310	178	126	0	338	100	7910	3444	10092	12434	23158	9296	1844	746	128	188	2106	228	1020	0	852	0	0	0	0	0	254	382	0	0	0	0	0	0	0	0	0	0	0	0	0	0	0	0	0	0	0	0	0	0	0	0	0	0	
810268	Supp_Motor_Area_R	6628	10620	20340	69630	0	456	5432	8264	0	84	1802	10504	2892	3694	178	336	144	13630	73072	0	0	0	6352	14288	0	198	0	0	396	13786	2466	12592	9002	44736	1252	1716	0	1576	0	484	0	0	0	0	0	298	0	0	0	0	136	0	0	0	0	480	328	4660	0	0	0	0	0	226	0	0	554	1466	10128	16258	922	13876	244	14470	0	2896	238	586	0	298	0	90	0	122	0	0	0	0	118	190	0	0	0	0	0	0	0	0	0	0	0	0	0	0	0	0	0	0	0	0	0	0	0	0	0	0	
129972	Olfactory_L	0	0	896	770	3638	864	0	116	1916	298	0	0	0	0	4628	444	0	0	362	0	0	7104	174	1256	348	1826	3166	1576	3704	330	2330	1824	0	0	0	0	1302	0	668	0	894	0	0	0	0	0	0	0	0	0	0	0	0	0	0	0	0	0	0	0	0	0	0	0	0	0	0	0	0	0	9924	5458	4838	2082	320	800	0	0	0	0	0	0	1130	0	0	0	0	0	0	0	0	0	0	0	0	0	0	0	0	0	0	0	0	0	0	0	0	0	0	0	0	0	0	0	0	0	
156856	Olfactory_R	0	0	910	1600	1988	2526	0	242	1704	680	0	0	0	0	2208	1762	0	0	0	0	7104	0	0	2092	0	3834	2230	4456	158	2356	2048	4248	0	0	0	0	0	506	0	352	0	342	0	0	0	0	0	0	0	0	0	0	0	0	0	0	0	0	0	0	0	0	0	0	0	0	0	0	0	0	9078	12190	5266	5620	632	2138	0	0	0	0	0	0	0	158	0	0	0	0	0	0	0	0	0	0	0	0	0	0	0	0	0	0	0	0	0	0	0	0	0	0	0	0	0	0	0	0	
604712	Frontal_Sup_Medial_L	590	270	57160	19322	2686	0	22294	3690	0	0	1482	2806	4928	2784	318	0	462	116	17326	6352	174	0	0	40076	3726	984	1962	106	4484	338	35194	23900	13258	22252	0	0	0	0	0	0	0	0	0	0	0	0	0	0	0	0	0	0	0	0	0	0	0	0	0	0	0	0	0	0	0	0	0	0	0	0	2832	4210	4460	852	0	0	144	818	0	0	0	0	0	0	0	0	0	0	0	0	0	0	0	0	0	0	0	0	0	0	0	0	0	0	0	0	0	0	0	0	0	0	0	0	0	0	
686320	Frontal_Sup_Medial_R	688	444	24966	51838	410	6272	8460	7330	434	0	2364	5438	3692	6136	1098	250	890	274	15500	14288	1256	2092	40076	0	146	12480	546	5278	4276	1682	12076	43526	6036	24374	0	0	0	0	0	0	0	0	0	0	0	0	0	0	0	0	0	0	0	0	0	0	0	0	0	0	0	0	0	0	0	0	0	0	0	0	5860	19382	1846	9482	0	324	274	1176	0	0	200	0	0	0	0	0	0	0	0	0	0	0	0	0	0	0	0	0	0	0	0	0	0	0	0	0	0	0	0	0	0	0	0	0	0	0	
43808	Frontal_Med_Orb_L	0	0	1024	0	3372	0	0	0	592	0	0	0	0	0	534	0	0	0	0	0	348	0	3726	146	0	842	3626	162	0	0	6012	220	0	0	0	0	0	0	0	0	0	0	0	0	0	0	0	0	0	0	0	0	0	0	0	0	0	0	0	0	0	0	0	0	0	0	0	0	0	0	886	94	320	0	0	0	0	0	0	0	0	0	0	0	0	0	0	0	0	0	0	0	0	0	0	0	0	0	0	0	0	0	0	0	0	0	0	0	0	0	0	0	0	0	0	0	
148736	Frontal_Med_Orb_R	0	0	568	5856	586	8372	0	0	574	338	0	0	0	0	698	270	0	0	198	198	1826	3834	984	12480	842	0	864	9466	0	158	2300	9296	0	0	0	0	0	0	0	0	0	0	0	0	0	0	0	0	0	0	0	0	0	0	0	0	0	0	0	0	0	0	0	0	0	0	0	0	0	0	1874	6846	842	4828	0	270	0	0	0	0	0	0	0	0	0	0	0	0	0	0	0	0	0	0	0	0	0	0	0	0	0	0	0	0	0	0	0	0	0	0	0	0	0	0	0	0	
96528	Rectus_L	0	0	1860	172	9308	172	0	0	3328	112	0	0	0	0	3258	108	0	0	0	0	3166	2230	1962	546	3626	864	0	526	198	0	6472	1240	0	0	0	0	0	0	0	0	0	0	0	0	0	0	0	0	0	0	0	0	0	0	0	0	0	0	0	0	0	0	0	0	0	0	0	0	0	0	4632	1726	1734	864	0	160	0	0	0	0	0	0	0	0	0	0	0	0	0	0	0	0	0	0	0	0	0	0	0	0	0	0	0	0	0	0	0	0	0	0	0	0	0	0	0	0	
107684	Rectus_R	0	0	164	3594	368	8518	0	294	276	518	0	0	0	0	412	1618	0	0	0	0	1576	4456	106	5278	162	9466	526	0	0	1230	446	3872	0	0	0	0	0	0	0	0	0	0	0	0	0	0	0	0	0	0	0	0	0	0	0	0	0	0	0	0	0	0	0	0	0	0	0	0	0	0	1344	5998	792	2678	0	150	0	0	0	0	0	0	0	0	0	0	0	0	0	0	0	0	0	0	0	0	0	0	0	0	0	0	0	0	0	0	0	0	0	0	0	0	0	0	0	0	
630300	Insula_L	12774	800	28514	5388	2238	0	16130	1056	2548	0	17200	1672	30594	288	23738	0	17262	992	14848	396	3704	158	4484	4276	0	0	198	0	0	1254	3770	5888	530	600	726	414	12958	752	1144	466	3546	0	0	0	0	0	0	0	0	0	172	0	336	0	1964	458	10080	166	1154	0	1278	0	0	0	0	0	1328	0	302	0	14568	3994	27854	724	162	106	1122	500	9224	0	5826	0	6378	0	1418	0	0	0	4362	368	0	0	0	0	0	0	0	0	0	0	0	0	0	0	0	0	0	0	0	0	0	0	0	0	0	0	
409684	Insula_R	306	5124	1104	24148	0	866	242	7138	0	2202	554	26420	422	10398	378	8062	512	22752	6504	13786	330	2356	338	1682	0	158	0	1230	1254	0	588	8038	120	2368	88	102	0	6304	0	3496	0	236	0	0	0	0	0	0	0	0	0	0	0	0	0	4156	0	1712	0	0	0	0	0	276	0	0	0	0	224	206	3678	3600	1062	20034	0	338	258	1664	0	1350	112	1440	0	1170	0	562	0	0	0	3394	0	0	0	0	0	0	0	0	0	0	0	0	0	0	0	0	0	0	0	0	0	0	0	0	0	0	
449080	Cingulum_Ant_L	458	192	23708	10254	4868	216	6884	3444	992	364	1266	1534	4410	1102	1898	380	174	96	12668	2466	2330	2048	35194	12076	6012	2300	6472	446	3770	588	0	28042	14042	12408	908	0	0	0	0	0	0	0	0	0	0	0	0	0	0	0	0	0	0	0	0	0	0	0	0	0	0	0	0	0	0	0	0	0	0	0	6258	5986	4420	2712	90	100	224	740	0	0	0	0	0	0	0	0	0	0	0	0	0	0	0	0	0	0	0	0	0	0	0	0	0	0	0	0	0	0	0	0	0	0	0	0	0	0	
759616	Cingulum_Ant_R	1180	1498	14236	50524	714	2064	3800	10292	826	724	1562	10806	2500	10604	1832	1126	1404	572	14100	12592	1824	4248	23900	43526	220	9296	1240	3872	5888	8038	28042	0	9068	24558	0	0	0	94	0	0	0	0	0	0	0	0	0	0	0	0	0	0	0	0	0	0	108	0	0	0	0	0	0	0	0	0	0	0	96	0	9738	37202	3304	16022	0	218	978	4820	88	0	288	0	0	176	0	0	0	0	0	0	0	0	0	0	0	0	0	0	0	0	0	0	0	0	0	0	0	0	0	0	0	0	0	0	0	0	
282112	Cingulum_Mid_L	350	520	10652	8532	0	0	4528	3200	0	0	0	680	352	750	0	0	0	0	20242	9002	0	0	13258	6036	0	0	0	0	530	120	14042	9068	0	21230	3388	718	0	0	0	0	0	0	366	0	1238	128	0	0	948	0	506	0	0	0	0	0	260	640	500	0	424	0	0	0	0	0	1872	886	2514	3054	0	302	0	220	0	0	0	0	0	0	0	0	0	0	0	0	0	0	0	0	0	0	0	0	0	0	0	0	0	0	0	0	0	0	0	0	0	0	0	0	0	0	0	0	0	0	
625584	Cingulum_Mid_R	1938	746	14322	30096	0	0	7130	6478	0	0	1508	6316	2842	4034	0	0	0	2948	29894	44736	0	0	22252	24374	0	0	0	0	600	2368	12408	24558	21230	0	3318	5304	0	0	0	0	0	0	0	1510	0	2196	0	636	0	304	168	0	0	336	0	204	508	6118	0	0	0	0	0	0	0	0	1422	7822	5886	14406	170	674	140	264	0	0	0	0	0	0	0	0	0	0	0	112	0	0	224	194	0	0	0	0	0	0	0	0	0	0	0	0	0	0	0	0	0	0	0	0	98	0	0	0	0	0	
171288	Cingulum_Post_L	2482	572	124	0	0	0	0	0	0	0	276	0	0	0	0	0	0	0	860	1252	0	0	0	0	0	0	0	0	726	88	908	0	3388	3318	0	9158	7254	3742	4440	1936	0	0	4548	0	784	0	2668	224	112	0	1734	0	1096	0	2574	294	2954	1840	778	0	678	0	0	0	0	0	8868	418	4106	2720	0	0	0	0	0	0	278	2430	1042	0	138	0	0	0	1436	0	0	0	2612	92	350	0	0	0	0	0	0	0	346	0	0	0	0	0	0	0	0	0	0	0	0	0	0	0	0	0	
169484	Cingulum_Post_R	1098	640	0	0	0	0	0	0	0	0	262	0	0	0	0	0	0	0	0	1716	0	0	0	0	0	0	0	0	414	102	0	0	718	5304	9158	0	5050	6708	2694	3746	0	0	170	708	0	790	1746	6816	0	0	0	0	0	2136	1228	4132	314	3394	0	0	0	0	0	0	0	0	1576	11096	348	4014	0	0	0	0	0	0	686	2876	860	0	94	0	0	0	0	290	0	0	144	2574	0	0	0	0	0	0	0	112	0	84	0	0	0	0	0	0	0	0	0	0	944	0	0	0	0	0	
280704	Hippocampus_L	7464	1138	2664	84	0	0	232	0	0	0	2448	0	194	0	406	0	1738	0	3724	0	1302	0	0	0	0	0	0	0	12958	0	0	0	0	0	7254	5050	0	4802	13706	2310	8944	0	2584	0	0	0	4868	270	0	0	240	0	500	0	11198	196	1096	0	0	0	0	0	0	0	0	0	3570	160	308	158	1320	148	9270	0	556	0	7170	4314	1874	0	2172	0	2564	0	1094	0	168	0	6476	0	640	0	0	0	0	0	0	0	904	0	0	0	0	0	0	0	0	0	0	116	0	0	0	0	0	0	
332528	Hippocampus_R	752	6114	632	2012	0	0	110	500	0	0	416	1480	224	114	172	92	200	1550	986	1576	0	506	0	0	0	0	0	0	752	6304	0	94	0	0	3742	6708	4802	0	2282	34374	0	7704	118	224	0	0	1608	3498	0	0	0	0	0	522	1220	29748	156	358	0	0	0	0	0	0	0	0	266	2970	0	196	730	140	0	12164	0	722	1302	9194	594	616	88	1532	0	1640	0	950	0	160	108	9742	0	134	0	0	0	0	0	370	0	252	0	0	0	0	0	0	0	0	0	0	744	0	0	0	0	0	
119712	ParaHippocampal_L	1110	120	0	0	0	0	0	0	0	0	0	0	0	0	280	0	136	0	134	0	668	0	0	0	0	0	0	0	1144	0	0	0	0	0	4440	2694	13706	2282	0	938	2742	0	1392	0	0	0	3686	328	0	0	224	0	764	0	6222	0	424	0	246	0	336	0	0	0	128	0	2232	0	202	0	0	0	260	0	0	0	1648	1536	824	0	0	0	2288	0	1738	0	1684	0	1338	0	694	0	0	0	0	0	318	0	790	0	0	0	0	0	0	0	0	0	0	160	0	0	0	0	0	0	
259848	ParaHippocampal_R	260	3184	526	608	0	0	90	216	0	0	196	864	196	0	154	0	94	952	548	484	0	352	0	0	0	0	0	0	466	3496	0	0	0	0	1936	3746	2310	34374	938	0	0	8048	0	278	0	0	758	3312	0	0	0	0	0	488	608	27674	0	308	0	0	0	0	0	0	0	0	266	2234	0	154	452	142	0	5602	0	430	422	4774	200	440	0	1284	0	5144	0	434	0	3574	0	5558	0	94	0	0	0	0	0	746	0	202	0	0	0	0	0	0	0	0	0	0	308	0	0	0	0	0	
51272	Amygdala_L	0	0	0	0	0	0	0	0	0	0	0	0	0	0	184	0	0	0	1164	0	894	0	0	0	0	0	0	0	3546	0	0	0	0	0	0	0	8944	0	2742	0	0	0	0	0	0	0	0	0	0	0	0	0	0	0	2622	0	0	0	0	0	0	0	0	0	0	0	0	0	0	0	406	0	1594	0	0	0	0	0	0	0	0	0	2150	0	0	0	248	0	1142	0	0	0	0	0	0	0	0	0	0	0	0	0	0	0	0	0	0	0	0	0	0	0	0	0	0	0	
58452	Amygdala_R	0	220	0	0	0	0	0	0	0	0	0	0	0	0	0	0	0	0	0	0	0	342	0	0	0	0	0	0	0	236	0	0	0	0	0	0	0	7704	0	8048	0	0	0	0	0	0	0	0	0	0	0	0	0	0	0	6566	0	0	0	0	0	0	0	0	0	0	0	0	0	0	0	238	0	1030	0	0	170	490	0	0	0	0	0	3416	0	0	0	650	0	116	0	0	0	0	0	0	0	0	0	0	0	0	0	0	0	0	0	0	0	0	0	0	0	0	0	0	
212304	Calcarine_L	0	0	0	0	0	0	0	0	0	0	0	0	0	0	0	0	0	0	0	0	0	0	0	0	0	0	0	0	0	0	0	0	366	0	4548	170	2584	118	1392	0	0	0	0	4058	11650	3822	7868	998	9782	818	17984	84	5474	0	2342	0	2380	0	3026	0	1858	0	0	0	0	0	17434	176	1700	0	0	0	0	0	0	0	0	0	0	0	0	0	0	0	3224	0	0	0	1748	0	276	0	0	0	0	0	0	0	272	0	0	0	0	0	0	0	0	0	0	0	0	0	0	0	0	0	
308512	Calcarine_R	0	284	0	0	0	0	0	0	0	0	0	0	0	0	0	0	0	0	0	0	0	0	0	0	0	0	0	0	0	0	0	0	0	1510	0	708	0	224	0	278	0	0	4058	0	1978	31078	830	19754	0	24868	0	10094	0	9532	0	7846	0	5594	0	3790	0	0	0	0	0	106	2016	21598	0	1124	0	0	0	0	0	0	0	0	0	146	0	0	0	0	0	4422	0	0	0	2110	0	0	0	0	0	0	0	0	0	0	0	0	0	0	0	0	0	0	0	0	308	0	0	0	0	0	
164852	Cuneus_L	0	0	0	0	0	0	0	0	0	0	0	0	0	0	0	0	0	0	0	0	0	0	0	0	0	0	0	0	0	0	0	0	1238	0	784	0	0	0	0	0	0	0	11650	1978	0	3882	1720	90	22752	950	14852	268	816	0	384	0	1386	0	3996	0	2622	0	0	0	84	0	10296	0	544	0	0	0	0	0	0	0	0	0	0	0	0	0	0	0	1886	0	0	0	248	0	0	0	0	0	0	0	0	0	0	0	0	0	0	0	0	0	0	0	0	0	0	0	0	0	0	0	
327968	Cuneus_R	0	0	0	0	0	0	0	0	0	0	0	0	0	0	0	0	0	0	0	298	0	0	0	0	0	0	0	0	0	0	0	0	128	2196	0	790	0	0	0	0	0	0	3822	31078	3882	0	182	10474	0	41552	0	12580	0	4562	0	4178	0	6216	0	10638	0	890	0	0	0	422	3502	22830	0	800	0	0	0	0	0	0	0	0	0	0	0	0	0	0	0	2570	0	0	0	176	0	0	0	0	0	0	0	0	0	0	0	0	0	0	0	0	0	0	0	0	218	0	0	0	0	0	
220636	Lingual_L	254	0	0	0	0	0	0	0	0	0	0	0	0	0	0	0	0	0	0	0	0	0	0	0	0	0	0	0	0	0	0	0	0	0	2668	1746	4868	1608	3686	758	0	0	7868	830	1720	182	0	1562	3022	92	9918	0	3916	0	15058	512	0	0	0	0	0	0	0	0	0	0	2418	0	0	0	0	0	0	0	0	0	640	1014	0	0	0	0	0	0	464	0	0	0	0	0	7936	330	1556	0	0	0	8896	850	12658	1144	0	0	0	0	86	920	0	0	0	258	4954	2742	178	814	980	1212	
354732	Lingual_R	0	210	0	0	0	0	0	0	0	0	0	0	0	0	0	0	0	0	0	0	0	0	0	0	0	0	0	0	0	0	0	0	0	636	224	6816	270	3498	328	3312	0	0	998	19754	90	10474	1562	0	0	10426	0	4254	126	10534	758	23842	0	3090	0	2394	0	0	0	0	0	0	86	15248	0	532	0	0	0	0	0	0	0	154	0	0	0	0	0	0	0	1352	0	0	0	2440	1818	8392	1112	2684	108	508	1770	5984	2812	12428	0	0	114	96	0	104	0	0	0	204	6070	6040	3480	144	90	0	
180124	Occipital_Sup_L	0	0	0	0	0	0	0	0	0	0	0	0	0	0	0	0	0	0	0	0	0	0	0	0	0	0	0	0	0	0	0	0	948	0	112	0	0	0	0	0	0	0	9782	0	22752	0	3022	0	0	0	24442	0	438	0	384	0	2148	0	9562	0	7354	0	0	0	256	0	6554	0	250	0	0	0	0	0	0	0	0	0	0	0	0	0	0	0	2058	0	0	0	0	0	0	0	0	0	0	0	0	0	0	0	0	0	0	0	0	0	0	0	0	0	0	0	0	0	0	0	
301476	Occipital_Sup_R	0	0	0	0	0	0	0	0	0	0	0	0	0	0	0	0	0	0	0	0	0	0	0	0	0	0	0	0	0	0	0	0	0	304	0	0	0	0	0	0	0	0	818	24868	950	41552	92	10426	0	0	0	17892	0	4734	0	4346	0	7232	0	11456	0	1244	0	0	0	2156	996	17842	0	426	0	0	0	0	0	0	0	0	0	0	0	0	0	0	0	3014	0	0	0	390	0	0	0	0	0	0	0	0	0	0	0	0	0	0	0	0	0	0	0	0	0	0	0	0	0	0	
408796	Occipital_Mid_L	582	0	0	0	0	0	0	0	0	0	0	0	0	0	0	0	168	0	0	136	0	0	0	0	0	0	0	0	172	0	0	0	506	168	1734	0	240	0	224	0	0	0	17984	0	14852	0	9918	0	24442	0	0	0	15058	0	4948	0	14586	0	21560	0	21990	0	98	0	8338	0	16630	0	2534	168	0	0	0	0	0	0	0	0	0	0	0	0	0	0	24404	0	0	0	2874	0	0	0	0	0	0	0	0	0	84	0	0	0	0	0	0	0	0	0	0	0	0	0	0	0	0	0	
191612	Occipital_Mid_R	0	0	0	0	0	0	0	0	0	0	0	0	0	0	0	0	0	0	0	0	0	0	0	0	0	0	0	0	0	0	0	0	0	0	0	0	0	0	0	0	0	0	84	10094	268	12580	0	4254	0	17892	0	0	0	4806	0	3712	0	1122	0	3088	0	6842	0	604	0	15978	264	3156	0	86	0	0	0	0	0	0	0	0	0	0	0	356	0	0	0	9752	0	0	0	868	0	0	0	0	0	0	0	0	0	0	0	0	0	0	0	0	0	0	0	0	0	0	0	0	0	0	
127296	Occipital_Inf_L	640	0	0	0	0	0	0	0	0	0	0	0	0	0	0	0	172	0	0	0	0	0	0	0	0	0	0	0	336	0	0	0	0	0	1096	0	500	0	764	0	0	0	5474	0	816	0	3916	126	438	0	15058	0	0	0	7806	0	1784	0	1704	0	1514	0	0	0	622	0	4244	0	802	0	0	0	0	0	0	0	0	0	0	0	0	0	0	0	8136	0	0	0	6034	0	142	0	0	0	0	0	394	130	676	0	0	0	0	0	0	0	0	0	0	0	324	0	0	0	0	0	
159864	Occipital_Inf_R	0	926	0	0	0	0	0	0	0	0	0	0	0	0	0	0	0	0	0	0	0	0	0	0	0	0	0	0	0	0	0	0	0	336	0	2136	0	522	0	488	0	0	0	9532	0	4562	0	10534	0	4734	0	4806	0	0	0	11750	0	3372	0	2234	0	0	0	0	0	0	0	8976	0	644	0	0	0	0	0	0	0	0	0	250	0	202	0	0	0	4176	0	0	0	7698	0	702	0	248	0	0	0	0	0	556	0	0	0	0	0	0	0	0	0	0	96	270	182	0	0	0	
353372	Fusiform_L	1028	142	486	0	0	0	0	0	0	0	186	0	0	0	0	0	322	0	558	0	0	0	0	0	0	0	0	0	1964	0	0	0	0	0	2574	1228	11198	1220	6222	608	2622	0	2342	0	384	0	15058	758	384	0	4948	0	7806	0	0	330	274	0	94	0	92	0	0	0	0	0	2002	0	96	0	0	0	1052	0	0	0	712	1066	758	0	1022	0	2058	0	2694	0	3242	0	13506	0	27850	442	4624	0	318	0	12024	1226	31762	966	562	0	1542	0	150	0	0	0	0	0	3152	1032	0	0	0	0	
499748	Fusiform_R	152	4882	556	548	0	0	88	226	0	0	134	682	224	0	184	0	88	572	516	480	0	0	0	0	0	0	0	0	458	4156	0	0	0	204	294	4132	196	29748	0	27674	0	6566	0	7846	0	4178	512	23842	0	4346	0	3712	0	11750	330	0	0	3212	0	2070	0	0	0	0	0	0	0	8024	0	950	516	106	0	3502	0	86	176	1836	0	854	0	1968	0	6842	0	2868	0	3682	0	22906	288	15394	0	1744	0	538	890	6502	1100	18706	0	0	0	422	0	0	0	0	0	106	2612	1954	744	0	0	0	
514736	Postcentral_L	35380	404	8812	190	0	0	160	0	0	0	9040	0	1242	0	0	0	15198	0	10188	328	0	0	0	0	0	0	0	0	10080	0	0	108	260	508	2954	314	1096	156	424	0	0	0	2380	0	1386	0	0	0	2148	0	14586	0	1784	0	274	0	0	360	29260	0	38646	0	9162	0	4570	0	23640	0	6236	492	0	126	1728	196	0	92	326	192	4808	0	4886	0	0	0	9430	0	0	0	3818	0	0	0	0	0	0	0	0	0	0	0	0	0	0	0	0	0	0	0	0	0	0	0	0	0	0	0	
320040	Postcentral_R	574	22396	84	1546	0	0	0	1802	0	0	0	3110	0	0	0	0	0	6114	2008	4660	0	0	0	0	0	0	0	0	166	1712	0	0	640	6118	1840	3394	0	358	0	308	0	0	0	5594	0	6216	0	3090	0	7232	0	1122	0	3372	0	3212	360	0	0	4434	0	3130	0	18398	0	3084	256	15188	1816	14778	294	548	84	854	0	600	372	86	0	482	0	2224	0	0	0	2928	0	0	0	3436	0	0	0	0	0	0	0	0	0	0	0	0	0	0	0	0	0	0	0	0	0	0	0	0	0	0	
311628	Parietal_Sup_L	1116	0	212	0	0	0	0	0	0	0	0	0	0	0	0	0	1740	0	186	0	0	0	0	0	0	0	0	0	1154	0	0	0	500	0	778	0	0	0	246	0	0	0	3026	0	3996	0	0	0	9562	0	21560	0	1704	0	94	0	29260	0	0	0	31188	0	1154	0	4504	0	28102	0	2576	0	0	0	0	0	0	0	0	0	172	0	1880	0	0	0	8710	0	0	0	2394	0	0	0	0	0	0	0	0	0	0	0	0	0	0	0	0	0	0	0	0	0	0	0	0	0	0	0	
148952	Parietal_Sup_R	0	0	0	0	0	0	0	0	0	0	0	0	0	0	0	0	0	0	0	0	0	0	0	0	0	0	0	0	0	0	0	0	0	0	0	0	0	0	0	0	0	0	0	3790	0	10638	0	2394	0	11456	0	3088	0	2234	0	2070	0	4434	0	0	0	8000	0	5318	0	7306	168	10170	0	0	0	0	0	0	0	0	0	0	0	0	0	542	0	0	0	2078	0	0	0	790	0	0	0	0	0	0	0	0	0	0	0	0	0	0	0	0	0	0	0	0	0	0	0	0	0	0	
388896	Parietal_Inf_L	4486	0	708	0	0	0	0	0	0	0	116	0	0	0	0	0	1898	0	1008	0	0	0	0	0	0	0	0	0	1278	0	0	0	424	0	678	0	0	0	336	0	0	0	1858	0	2622	0	0	0	7354	0	21990	0	1514	0	92	0	38646	0	31188	0	0	0	16142	0	17666	0	21128	0	1656	0	0	0	0	0	0	0	0	0	222	0	4262	0	0	0	12836	0	0	0	4340	0	0	0	0	0	0	0	0	0	0	0	0	0	0	0	0	0	0	0	0	0	0	0	0	0	0	0	
112964	Parietal_Inf_R	0	138	0	0	0	0	0	0	0	0	0	0	0	0	0	0	0	0	0	0	0	0	0	0	0	0	0	0	0	0	0	0	0	0	0	0	0	0	0	0	0	0	0	0	0	890	0	0	0	1244	0	6842	0	0	0	0	0	3130	0	8000	0	0	0	10674	0	17936	0	740	0	0	0	0	0	0	0	0	0	0	0	0	0	810	0	0	0	4040	0	0	0	2038	0	0	0	0	0	0	0	0	0	0	0	0	0	0	0	0	0	0	0	0	0	0	0	0	0	0	
111920	SupraMarginal_L	2212	0	146	0	0	0	0	0	0	0	0	0	0	0	0	0	1044	0	310	0	0	0	0	0	0	0	0	0	0	0	0	0	0	0	0	0	0	0	0	0	0	0	0	0	0	0	0	0	0	0	98	0	0	0	0	0	9162	0	1154	0	16142	0	0	0	5460	0	1102	0	0	0	0	0	0	0	0	0	0	0	104	0	10318	0	0	0	5894	0	0	0	2814	0	0	0	0	0	0	0	0	0	0	0	0	0	0	0	0	0	0	0	0	0	0	0	0	0	0	0	
141872	SupraMarginal_R	0	4470	0	0	0	0	0	0	0	0	0	664	0	0	0	0	0	1904	178	226	0	0	0	0	0	0	0	0	0	276	0	0	0	0	0	0	0	0	0	0	0	0	0	0	0	0	0	0	0	0	0	604	0	0	0	0	0	18398	0	5318	0	10674	0	0	0	12016	0	510	0	96	0	90	0	136	0	108	0	0	0	432	0	5682	0	0	0	5588	0	0	0	3566	0	0	0	0	0	0	0	0	0	0	0	0	0	0	0	0	0	0	0	0	0	0	0	0	0	0	
113356	Angular_L	134	0	136	0	0	0	0	0	0	0	0	0	0	0	0	0	252	0	126	0	0	0	0	0	0	0	0	0	0	0	0	0	0	0	0	0	0	0	128	0	0	0	0	0	84	0	0	0	256	0	8338	0	622	0	0	0	4570	0	4504	0	17666	0	5460	0	0	0	3414	0	0	0	0	0	0	0	0	0	0	0	0	0	1570	0	0	0	7118	0	0	0	2300	0	0	0	0	0	0	0	0	0	0	0	0	0	0	0	0	0	0	0	0	0	0	0	0	0	0	0	
153216	Angular_R	0	280	0	0	0	0	0	0	0	0	0	104	0	0	0	0	0	86	0	0	0	0	0	0	0	0	0	0	0	0	0	0	0	0	0	0	0	0	0	0	0	0	0	106	0	422	0	0	0	2156	0	15978	0	0	0	0	0	3084	0	7306	0	17936	0	12016	0	0	0	524	0	0	0	0	0	0	0	0	0	0	0	0	0	4314	0	0	0	9176	0	0	0	3120	0	0	0	0	0	0	0	0	0	0	0	0	0	0	0	0	0	0	0	0	0	0	0	0	0	0	
390528	Precuneus_L	1334	0	232	0	0	0	0	0	0	0	0	0	0	0	0	0	1696	0	338	554	0	0	0	0	0	0	0	0	1328	0	0	0	1872	1422	8868	1576	3570	266	2232	266	0	0	17434	2016	10296	3502	2418	86	6554	996	16630	264	4244	0	2002	0	23640	256	28102	168	21128	0	1102	0	3414	0	0	3144	3994	750	0	0	0	0	0	0	0	84	340	0	1784	0	0	0	9884	0	0	0	4846	0	318	0	0	0	0	0	0	0	314	0	0	0	0	0	0	0	0	0	0	0	0	0	0	0	0	0	
340584	Precuneus_R	0	776	0	0	0	0	0	0	0	0	0	0	0	0	0	0	0	0	100	1466	0	0	0	0	0	0	0	0	0	0	0	0	886	7822	418	11096	160	2970	0	2234	0	0	176	21598	0	22830	0	15248	0	17842	0	3156	0	8976	0	8024	0	15188	0	10170	0	740	0	510	0	524	3144	0	114	4652	0	0	0	0	0	0	0	92	0	154	0	252	0	0	0	2350	0	0	0	4466	0	0	0	0	0	0	0	384	0	112	0	0	0	0	0	0	0	0	0	0	1662	0	0	0	0	0	
180404	Paracentral_Lobule_L	12076	4958	740	1478	0	0	218	0	0	0	0	128	0	0	0	0	510	342	7910	10128	0	0	0	0	0	0	0	0	302	224	0	96	2514	5886	4106	348	308	0	202	0	0	0	1700	0	544	0	0	0	250	0	2534	0	802	0	96	0	6236	1816	2576	0	1656	0	0	0	0	0	3994	114	0	8050	918	186	992	222	710	0	740	170	94	0	424	0	0	0	1612	0	0	0	1292	0	0	0	0	0	0	0	0	0	0	0	0	0	0	0	0	0	0	0	0	0	0	0	0	0	0	0	
185440	Paracentral_Lobule_R	3676	6384	0	604	0	0	0	0	0	0	0	0	0	0	0	0	0	266	3444	16258	0	0	0	0	0	0	0	0	0	206	0	0	3054	14406	2720	4014	158	196	0	154	0	0	0	1124	0	800	0	532	0	426	168	86	0	644	0	950	492	14778	0	0	0	0	0	96	0	0	750	4652	8050	0	306	242	0	208	0	0	1134	152	0	0	0	0	0	0	0	292	0	0	238	1060	0	0	0	0	0	0	0	0	0	0	0	0	0	0	0	0	0	0	0	0	0	0	0	0	0	0	
424300	Caudate_L	3576	1954	8246	8036	4578	908	1380	1678	2746	502	3196	5964	4322	330	8248	542	4130	3034	10092	922	9924	9078	2832	5860	886	1874	4632	1344	14568	3678	6258	9738	0	170	0	0	1320	730	0	452	406	0	0	0	0	0	0	0	0	0	0	0	0	0	0	516	0	294	0	0	0	0	0	0	0	0	0	0	918	306	0	16044	24530	5856	3714	3134	6664	450	146	0	598	0	428	0	0	0	0	0	0	418	0	0	0	0	0	0	0	0	0	0	0	0	0	0	0	0	0	0	0	0	0	0	0	0	0	0	
568852	Caudate_R	1112	15784	3730	21550	1570	5236	840	2060	1548	1954	1104	3582	954	280	2476	3124	1386	1892	12434	13876	5458	12190	4210	19382	94	6846	1726	5998	3994	3600	5986	37202	302	674	0	0	148	140	0	142	0	238	0	0	0	0	0	0	0	0	0	0	0	0	0	106	126	548	0	0	0	0	0	90	0	0	0	0	186	242	16044	0	7064	24840	1190	6218	1736	19930	90	88	272	0	84	90	0	326	0	0	0	334	0	0	0	0	0	0	0	0	0	0	0	0	0	0	0	0	0	0	0	0	0	0	0	0	0	0	
411016	Putamen_L	4480	994	18174	2032	5170	544	2910	410	2798	246	5256	1906	4580	0	8930	238	3282	322	23158	244	4838	5266	4460	1846	320	842	1734	792	27854	1062	4420	3304	0	140	0	0	9270	0	260	0	1594	0	0	0	0	0	0	0	0	0	0	0	0	0	1052	0	1728	84	0	0	0	0	0	0	0	0	0	0	992	0	24530	7064	0	2562	7220	1970	646	0	306	0	1302	0	2252	0	0	0	0	0	124	0	0	0	0	0	0	0	0	0	0	0	0	0	0	0	0	0	0	0	0	0	0	0	0	0	0	0	
434356	Putamen_R	416	4284	1018	20984	682	3626	220	3954	830	3566	300	8934	264	2322	1132	4942	298	3568	9296	14470	2082	5620	852	9482	0	4828	864	2678	724	20034	2712	16022	220	264	0	0	0	12164	0	5602	0	1030	0	0	0	0	0	0	0	0	0	0	0	0	0	3502	196	854	0	0	0	0	0	136	0	0	0	0	222	208	5856	24840	2562	0	0	5956	218	1416	0	98	0	0	0	584	0	0	0	0	0	246	0	0	0	0	0	0	0	0	0	0	0	0	0	0	0	0	0	0	0	0	0	0	0	0	0	0	
47128	Pallidum_L	1928	190	2256	0	0	0	198	0	0	0	0	0	0	0	0	0	106	0	1844	0	320	632	0	0	0	0	0	0	162	0	90	0	0	0	0	0	556	0	0	0	0	0	0	0	0	0	0	0	0	0	0	0	0	0	0	0	0	0	0	0	0	0	0	0	0	0	0	0	710	0	3714	1190	7220	0	0	574	1874	0	0	0	0	0	0	0	0	0	0	0	0	0	0	0	0	0	0	0	0	0	0	0	0	0	0	0	0	0	0	0	0	0	0	0	0	0	0	0	
69620	Pallidum_R	106	1076	294	2586	240	252	0	186	236	0	0	1146	0	0	254	0	0	166	746	2896	800	2138	0	324	0	270	160	150	106	338	100	218	0	0	0	0	0	722	0	430	0	0	0	0	0	0	0	0	0	0	0	0	0	0	0	86	92	600	0	0	0	0	0	108	0	0	0	0	0	0	3134	6218	1970	5956	574	0	0	132	0	0	0	0	0	0	0	0	0	0	0	0	0	0	0	0	0	0	0	0	0	0	0	0	0	0	0	0	0	0	0	0	0	0	0	0	0	0	
133500	Thalamus_L	21712	3370	1240	278	0	0	0	0	0	0	374	0	0	0	0	0	438	150	128	238	0	0	144	274	0	0	0	0	1122	258	224	978	0	0	278	686	7170	1302	1648	422	0	170	0	0	0	0	640	0	0	0	0	0	0	0	712	176	326	372	0	0	0	0	0	0	0	0	0	0	740	1134	6664	1736	646	218	1874	0	0	7808	442	0	192	0	0	0	148	0	0	0	318	0	0	0	0	0	0	0	0	0	0	0	0	0	0	0	0	0	0	0	0	0	0	0	0	0	0	0	
220476	Thalamus_R	1642	26044	478	4942	0	0	0	120	0	0	418	718	0	0	0	0	186	276	188	586	0	0	818	1176	0	0	0	0	500	1664	740	4820	0	0	2430	2876	4314	9194	1536	4774	0	490	0	0	0	0	1014	154	0	0	0	0	0	0	1066	1836	192	86	0	0	0	0	0	0	0	0	84	92	170	152	450	19930	0	1416	0	132	7808	0	672	248	138	278	0	142	148	1082	0	0	248	1770	0	0	0	0	0	0	0	0	0	0	0	0	0	0	0	0	0	0	0	0	0	0	0	0	0	0	
112472	Heschl_L	6724	244	1528	0	0	0	96	0	0	0	2818	0	110	0	0	0	5842	0	2106	0	0	0	0	0	0	0	0	0	9224	0	0	88	0	0	1042	860	1874	594	824	200	0	0	0	0	0	0	0	0	0	0	0	0	0	0	758	0	4808	0	172	0	222	0	104	0	0	0	340	0	94	0	146	90	306	0	0	0	442	672	0	0	5316	0	0	0	4962	0	0	0	3630	0	0	0	0	0	0	0	0	0	0	0	0	0	0	0	0	0	0	0	0	0	0	0	0	0	0	0	
39844	Heschl_R	0	2534	0	218	0	0	0	0	0	0	0	166	0	0	0	0	0	1782	228	298	0	0	0	0	0	0	0	0	0	1350	0	0	0	0	0	0	0	616	0	440	0	0	0	146	0	0	0	0	0	0	0	0	0	250	0	854	0	482	0	0	0	0	0	432	0	0	0	154	0	0	0	88	0	98	0	0	0	248	0	0	0	5284	0	150	0	1490	0	0	0	2614	0	0	0	0	0	0	0	0	0	0	0	0	0	0	0	0	0	0	0	0	0	0	0	0	0	0	
181980	Temporal_Sup_L	3286	0	788	270	0	0	96	0	0	0	4132	0	510	0	0	0	8696	84	1020	0	0	0	0	200	0	0	0	0	5826	112	0	288	0	0	138	94	2172	88	0	0	0	0	0	0	0	0	0	0	0	0	0	0	0	0	1022	0	4886	0	1880	0	4262	0	10318	0	1570	0	1784	0	424	0	598	272	1302	0	0	0	192	138	5316	0	0	0	1632	0	17932	0	0	0	9544	0	0	0	0	0	0	0	0	0	118	0	0	0	0	0	0	0	0	0	0	0	0	0	0	0	0	0	
105084	Temporal_Sup_R	0	2450	0	0	0	0	0	0	0	0	0	92	0	0	0	0	0	2074	0	90	0	0	0	0	0	0	0	0	0	1440	0	0	0	0	0	0	0	1532	0	1284	0	0	0	0	0	0	0	0	0	0	0	356	0	202	0	1968	0	2224	0	542	0	810	0	5682	0	4314	0	252	0	0	0	0	0	0	0	0	0	278	0	5284	0	0	0	4684	0	11876	0	670	0	4438	0	0	0	0	0	0	0	0	0	0	0	0	0	0	0	0	0	0	0	0	0	0	0	0	0	0	
81340	Temporal_Pole_Sup_L	0	0	294	0	144	0	86	0	142	0	1418	0	1132	0	2004	0	658	0	852	0	1130	0	0	0	0	0	0	0	6378	0	0	0	0	0	0	0	2564	0	2288	0	2150	0	0	0	0	0	0	0	0	0	0	0	0	0	2058	0	0	0	0	0	0	0	0	0	0	0	0	0	0	0	428	84	2252	0	0	0	0	0	0	0	1632	0	0	0	4332	0	4568	0	4076	0	0	0	0	0	0	0	0	0	0	0	0	0	0	0	0	0	0	0	0	0	0	0	0	0	0	0	
85756	Temporal_Pole_Sup_R	0	0	0	306	0	0	0	0	0	0	0	764	0	144	0	0	0	590	0	122	0	158	0	0	0	0	0	0	0	1170	0	176	0	0	0	0	0	1640	0	5144	0	3416	0	0	0	0	0	0	0	0	0	0	0	0	0	6842	0	0	0	0	0	0	0	0	0	0	0	0	0	0	0	90	0	584	0	0	0	142	0	150	0	4684	0	0	0	5450	0	7346	0	3960	0	0	0	0	0	0	0	0	0	0	0	0	0	0	0	0	0	0	0	0	0	0	0	0	0	0	
336528	Temporal_Mid_L	2110	102	0	0	0	0	0	0	0	0	112	0	0	0	0	0	2256	0	0	0	0	0	0	0	0	0	0	0	1418	0	0	0	0	0	1436	0	1094	0	1738	0	0	0	3224	0	1886	0	464	0	2058	0	24404	0	8136	0	2694	0	9430	0	8710	0	12836	0	5894	0	7118	0	9884	0	1612	0	0	0	0	0	0	0	148	148	4962	0	17932	0	4332	0	0	0	3128	0	28810	0	94	0	0	0	0	0	0	0	94	0	0	0	0	0	0	0	0	0	0	0	0	0	0	0	0	0	
212644	Temporal_Mid_R	0	3288	0	0	0	0	0	0	0	0	0	0	0	0	0	0	0	230	0	0	0	0	0	0	0	0	0	0	0	562	0	0	0	112	0	290	0	950	0	434	0	0	0	4422	0	2570	0	1352	0	3014	0	9752	0	4176	0	2868	0	2928	0	2078	0	4040	0	5588	0	9176	0	2350	0	292	0	326	0	0	0	0	0	1082	0	1490	0	11876	0	5450	0	0	0	1816	0	23810	0	0	0	0	0	0	0	0	0	0	0	0	0	0	0	0	0	0	0	0	0	0	0	0	0	0	
35144	Temporal_Pole_Mid_L	0	0	0	0	0	0	0	0	0	0	0	0	0	0	0	0	0	0	0	0	0	0	0	0	0	0	0	0	0	0	0	0	0	0	0	0	168	0	1684	0	248	0	0	0	0	0	0	0	0	0	0	0	0	0	3242	0	0	0	0	0	0	0	0	0	0	0	0	0	0	0	0	0	0	0	0	0	0	0	0	0	0	0	4568	0	3128	0	0	0	4534	0	0	0	0	0	0	0	0	0	0	0	0	0	0	0	0	0	0	0	0	0	0	0	0	0	0	0	
39284	Temporal_Pole_Mid_R	0	0	0	0	0	0	0	0	0	0	0	0	0	0	0	0	0	0	0	0	0	0	0	0	0	0	0	0	0	0	0	0	0	0	0	0	0	160	0	3574	0	650	0	0	0	0	0	0	0	0	0	0	0	0	0	3682	0	0	0	0	0	0	0	0	0	0	0	0	0	0	0	0	0	0	0	0	0	0	0	0	0	670	0	7346	0	1816	0	0	0	1744	0	0	0	0	0	0	0	0	0	0	0	0	0	0	0	0	0	0	0	0	0	0	0	0	0	0	
257932	Temporal_Inf_L	4614	200	130	0	0	0	0	0	0	0	192	0	0	0	0	0	2268	0	254	118	0	0	0	0	0	0	0	0	4362	0	0	0	0	224	2612	144	6476	108	1338	0	1142	0	1748	0	248	0	0	0	0	0	2874	0	6034	0	13506	0	3818	0	2394	0	4340	0	2814	0	2300	0	4846	0	1292	238	0	0	124	0	0	0	318	248	3630	0	9544	0	4076	0	28810	0	4534	0	0	0	4484	0	598	0	0	0	0	0	1382	0	216	0	368	0	0	0	0	0	0	0	0	0	0	0	0	0	
252388	Temporal_Inf_R	0	6192	484	236	0	0	0	188	0	0	100	394	196	0	162	0	0	424	382	190	0	0	0	0	0	0	0	0	368	3394	0	0	0	194	92	2574	0	9742	0	5558	0	116	0	2110	0	176	0	2440	0	390	0	868	0	7698	0	22906	0	3436	0	790	0	2038	0	3566	0	3120	0	4466	0	1060	418	334	0	246	0	0	0	1770	0	2614	0	4438	0	3960	0	23810	0	1744	0	0	0	810	0	0	0	0	0	0	0	0	0	0	0	0	0	0	0	0	0	0	0	0	0	0	0	0	
413292	Cerebelum_Crus1_L	0	0	0	0	0	0	0	0	0	0	0	0	0	0	0	0	0	0	0	0	0	0	0	0	0	0	0	0	0	0	0	0	0	0	350	0	640	0	694	0	0	0	276	0	0	0	7936	1818	0	0	0	0	142	0	27850	288	0	0	0	0	0	0	0	0	0	0	318	0	0	0	0	0	0	0	0	0	0	0	0	0	0	0	0	0	94	0	0	0	4484	0	0	394	36204	1468	2168	204	23214	736	56174	1382	9508	468	12736	500	1814	484	110	0	208	392	3222	4834	3900	820	816	0	
333848	Cerebelum_Crus1_R	0	0	0	0	0	0	0	0	0	0	0	0	0	0	0	0	0	0	0	0	0	0	0	0	0	0	0	0	0	0	0	0	0	0	0	0	0	134	0	94	0	0	0	0	0	0	330	8392	0	0	0	0	0	702	442	15394	0	0	0	0	0	0	0	0	0	0	0	0	0	0	0	0	0	0	0	0	0	0	0	0	0	0	0	0	0	0	0	0	0	810	394	0	546	28490	90	2800	1496	16252	1208	50394	0	4336	174	14422	212	3070	0	358	0	516	7372	2856	3936	1290	414	0	
315552	Cerebelum_Crus2_L	0	0	0	0	0	0	0	0	0	0	0	0	0	0	0	0	0	0	0	0	0	0	0	0	0	0	0	0	0	0	0	0	0	0	0	0	0	0	0	0	0	0	0	0	0	0	1556	1112	0	0	0	0	0	0	4624	0	0	0	0	0	0	0	0	0	0	0	0	0	0	0	0	0	0	0	0	0	0	0	0	0	0	0	0	0	0	0	0	0	598	0	36204	546	0	5148	808	252	6600	430	14270	864	29534	3272	27810	2242	3556	628	176	0	178	412	964	2516	9110	3040	1326	0	
245536	Cerebelum_Crus2_R	0	0	0	0	0	0	0	0	0	0	0	0	0	0	0	0	0	0	0	0	0	0	0	0	0	0	0	0	0	0	0	0	0	0	0	0	0	0	0	0	0	0	0	0	0	0	0	2684	0	0	0	0	0	248	0	1744	0	0	0	0	0	0	0	0	0	0	0	0	0	0	0	0	0	0	0	0	0	0	0	0	0	0	0	0	0	0	0	0	0	0	1468	28490	5148	0	0	458	186	1068	190	9410	1986	21364	2496	26656	350	3198	0	102	0	226	572	2450	9074	2354	846	0	
43720	Cerebelum_3_L	0	0	0	0	0	0	0	0	0	0	0	0	0	0	0	0	0	0	0	0	0	0	0	0	0	0	0	0	0	0	0	0	0	0	0	0	0	0	0	0	0	0	0	0	0	0	0	108	0	0	0	0	0	0	318	0	0	0	0	0	0	0	0	0	0	0	0	0	0	0	0	0	0	0	0	0	0	0	0	0	0	0	0	0	0	0	0	0	0	0	2168	90	808	0	0	102	8380	224	3784	334	0	0	162	0	870	212	186	0	902	1278	850	594	0	266	224	0	
54620	Cerebelum_3_R	0	0	0	0	0	0	0	0	0	0	0	0	0	0	0	0	0	0	0	0	0	0	0	0	0	0	0	0	0	0	0	0	0	0	0	0	0	0	0	0	0	0	0	0	0	0	0	508	0	0	0	0	0	0	0	538	0	0	0	0	0	0	0	0	0	0	0	0	0	0	0	0	0	0	0	0	0	0	0	0	0	0	0	0	0	0	0	0	0	0	204	2800	252	458	102	0	482	4776	672	3932	126	0	178	1036	198	1574	0	0	1024	3600	1036	614	1020	1172	1008	0	
268868	Cerebelum_4_5_L	0	0	0	0	0	0	0	0	0	0	0	0	0	0	0	0	0	0	0	0	0	0	0	0	0	0	0	0	0	0	0	0	0	0	0	0	0	0	318	0	0	0	0	0	0	0	8896	1770	0	0	0	0	394	0	12024	890	0	0	0	0	0	0	0	0	0	0	0	0	0	0	0	0	0	0	0	0	0	0	0	0	0	0	0	0	0	0	0	0	0	0	23214	1496	6600	186	8380	482	0	4318	35906	4604	340	0	952	108	2470	736	246	0	494	1648	11902	3172	354	900	1136	498	
197956	Cerebelum_4_5_R	0	0	0	0	0	0	0	0	0	0	0	0	0	0	0	0	0	0	0	0	0	0	0	0	0	0	0	0	0	0	0	0	0	0	0	112	0	370	0	746	0	0	0	0	0	0	850	5984	0	0	0	0	130	0	1226	6502	0	0	0	0	0	0	0	0	0	0	0	384	0	0	0	0	0	0	0	0	0	0	0	0	0	0	0	0	0	0	0	0	0	0	736	16252	430	1068	224	4776	4318	0	3576	28254	228	100	268	2066	392	982	0	142	0	1110	14932	716	756	854	494	0	
418136	Cerebelum_6_L	0	0	0	0	0	0	0	0	0	0	0	0	0	0	0	0	0	0	0	0	0	0	0	0	0	0	0	0	0	0	0	0	0	0	346	0	904	0	790	0	0	0	272	0	0	0	12658	2812	0	0	84	0	676	0	31762	1100	0	0	0	0	0	0	0	0	0	0	314	0	0	0	0	0	0	0	0	0	0	0	0	0	118	0	0	0	94	0	0	0	1382	0	56174	1208	14270	190	3784	672	35906	3576	0	4336	1818	0	3104	220	2704	1546	218	0	648	1394	9684	8416	1918	1930	1808	232	
347568	Cerebelum_6_R	0	0	0	0	0	0	0	0	0	0	0	0	0	0	0	0	0	0	0	0	0	0	0	0	0	0	0	0	0	0	0	0	0	0	0	84	0	252	0	202	0	0	0	0	0	0	1144	12428	0	0	0	0	0	556	966	18706	0	0	0	0	0	0	0	0	0	0	0	112	0	0	0	0	0	0	0	0	0	0	0	0	0	0	0	0	0	0	0	0	0	0	1382	50394	864	9410	334	3932	4604	28254	4336	0	116	416	188	4890	474	1248	0	448	0	834	15200	6376	4066	1056	410	102	
177292	Cerebelum_7b_L	0	0	0	0	0	0	0	0	0	0	0	0	0	0	0	0	0	0	0	0	0	0	0	0	0	0	0	0	0	0	0	0	0	0	0	0	0	0	0	0	0	0	0	0	0	0	0	0	0	0	0	0	0	0	562	0	0	0	0	0	0	0	0	0	0	0	0	0	0	0	0	0	0	0	0	0	0	0	0	0	0	0	0	0	0	0	0	0	216	0	9508	0	29534	1986	0	126	340	228	1818	116	0	1634	29028	1772	3716	332	338	0	0	156	0	188	3262	3538	248	0	
120052	Cerebelum_7b_R	0	0	0	0	0	0	0	0	0	0	0	0	0	0	0	0	0	0	0	0	0	0	0	0	0	0	0	0	0	0	0	0	0	0	0	0	0	0	0	0	0	0	0	0	0	0	0	0	0	0	0	0	0	0	0	0	0	0	0	0	0	0	0	0	0	0	0	0	0	0	0	0	0	0	0	0	0	0	0	0	0	0	0	0	0	0	0	0	0	0	468	4336	3272	21364	0	0	0	100	0	416	1634	0	1542	19302	128	2706	0	0	0	0	0	0	3140	1340	278	0	
229580	Cerebelum_8_L	0	0	0	0	0	0	0	0	0	0	0	0	0	0	0	0	0	0	0	0	0	0	0	0	0	0	0	0	0	0	0	0	0	0	0	0	0	0	0	0	0	0	0	0	0	0	0	114	0	0	0	0	0	0	1542	0	0	0	0	0	0	0	0	0	0	0	0	0	0	0	0	0	0	0	0	0	0	0	0	0	0	0	0	0	0	0	0	0	368	0	12736	174	27810	2496	162	178	952	268	3104	188	29028	1542	0	3202	15682	728	1322	0	0	202	100	406	4526	6292	1668	0	
221820	Cerebelum_8_R	0	0	0	0	0	0	0	0	0	0	0	0	0	0	0	0	0	0	0	0	0	0	0	0	0	0	0	0	0	0	0	0	0	0	0	0	0	0	0	0	0	0	0	0	0	0	0	96	0	0	0	0	0	0	0	422	0	0	0	0	0	0	0	0	0	0	0	0	0	0	0	0	0	0	0	0	0	0	0	0	0	0	0	0	0	0	0	0	0	0	500	14422	2242	26656	0	1036	108	2066	220	4890	1772	19302	3202	0	452	18380	0	1010	92	534	1012	370	4936	5906	1284	0	
93892	Cerebelum_9_L	0	0	0	0	0	0	0	0	0	0	0	0	0	0	0	0	0	0	0	0	0	0	0	0	0	0	0	0	0	0	0	0	0	0	0	0	0	0	0	0	0	0	0	0	0	0	86	0	0	0	0	0	0	0	150	0	0	0	0	0	0	0	0	0	0	0	0	0	0	0	0	0	0	0	0	0	0	0	0	0	0	0	0	0	0	0	0	0	0	0	1814	212	3556	350	870	198	2470	392	2704	474	3716	128	15682	452	0	1084	2348	0	320	440	1238	1946	1308	2120	2378	510	
126460	Cerebelum_9_R	0	0	0	0	0	0	0	0	0	0	0	0	0	0	0	0	0	0	0	0	0	0	0	0	0	0	0	0	0	0	0	0	0	0	0	0	0	0	0	0	0	0	0	0	0	0	920	104	0	0	0	0	0	0	0	0	0	0	0	0	0	0	0	0	0	0	0	0	0	0	0	0	0	0	0	0	0	0	0	0	0	0	0	0	0	0	0	0	0	0	484	3070	628	3198	212	1574	736	982	1546	1248	332	2706	728	18380	1084	0	84	1208	1450	1862	1918	3354	3268	5396	5436	1322	
10748	Cerebelum_10_L	0	0	0	0	0	0	0	0	0	0	0	0	0	0	0	0	0	0	0	0	0	0	0	0	0	0	0	0	0	0	0	0	0	0	0	0	0	0	0	0	0	0	0	0	0	0	0	0	0	0	0	0	0	0	0	0	0	0	0	0	0	0	0	0	0	0	0	0	0	0	0	0	0	0	0	0	0	0	0	0	0	0	0	0	0	0	0	0	0	0	110	0	176	0	186	0	246	0	218	0	338	0	1322	0	2348	84	0	0	0	0	0	130	0	110	106	0	
7156	Cerebelum_10_R	0	0	0	0	0	0	0	0	0	0	0	0	0	0	0	0	0	0	0	0	0	0	0	0	0	0	0	0	0	0	0	0	0	0	0	0	0	0	0	0	0	0	0	0	0	0	0	0	0	0	0	0	0	0	0	0	0	0	0	0	0	0	0	0	0	0	0	0	0	0	0	0	0	0	0	0	0	0	0	0	0	0	0	0	0	0	0	0	0	0	0	358	0	102	0	0	0	142	0	448	0	0	0	1010	0	1208	0	0	0	0	0	0	104	104	102	0	
27564	Vermis_1_2	0	0	0	0	0	0	0	0	0	0	0	0	0	0	0	0	0	0	0	0	0	0	0	0	0	0	0	0	0	0	0	0	0	0	0	0	0	0	0	0	0	0	0	0	0	0	0	0	0	0	0	0	0	0	0	0	0	0	0	0	0	0	0	0	0	0	0	0	0	0	0	0	0	0	0	0	0	0	0	0	0	0	0	0	0	0	0	0	0	0	208	0	178	0	902	1024	494	0	648	0	0	0	0	92	320	1450	0	0	0	4450	564	808	718	960	966	0	
52992	Vermis_3	0	0	0	0	0	0	0	0	0	0	0	0	0	0	0	0	0	0	0	0	0	0	0	0	0	0	0	0	0	0	0	0	0	0	0	0	116	0	160	0	0	0	0	0	0	0	258	204	0	0	0	0	0	0	0	106	0	0	0	0	0	0	0	0	0	0	0	0	0	0	0	0	0	0	0	0	0	0	0	0	0	0	0	0	0	0	0	0	0	0	392	516	412	226	1278	3600	1648	1110	1394	834	156	0	202	534	440	1862	0	0	4450	0	1486	1146	1040	1526	1400	0	
