data	data	467324	281124	1.21008e+06	769968	114112	103264	486892	298308	69476	55888	126916	181868	219572	71372	160348	114204	198892	130884	927052	737564	49548	45848	253356	398036	11280	56612	38632	37620	524168	209552	119988	367452	129260	529272	118220	175144	281052	184272	37380	97024	18212	32856	152848	222188	100148	164932	161612	246684	129684	164488	356512	165640	96048	145868	303736	370316	264456	147732	140128	91480	222988	112984	101772	131532	114200	88332	167348	236308	226292	100136	219172	326960	408504	248452	62836	23864	254556	149656	58752	29112	191296	101928	66896	31968	243900	155592	30900	17152	173016	72980	409860	419672	315544	297072	5660	24692	222268	206448	391296	409360	228928	132896	288424	265096	101088	117916	16896	4996	4136	6636	164828	166436	206956	124336	101764	63020	
data	data	Precentral_L	Precentral_R	Frontal_Sup_L	Frontal_Sup_R	Frontal_Sup_Orb_L	Frontal_Sup_Orb_R	Frontal_Mid_L	Frontal_Mid_R	Frontal_Mid_Orb_L	Frontal_Mid_Orb_R	Frontal_Inf_Oper_L	Frontal_Inf_Oper_R	Frontal_Inf_Tri_L	Frontal_Inf_Tri_R	Frontal_Inf_Orb_L	Frontal_Inf_Orb_R	Rolandic_Oper_L	Rolandic_Oper_R	Supp_Motor_Area_L	Supp_Motor_Area_R	Olfactory_L	Olfactory_R	Frontal_Sup_Medial_L	Frontal_Sup_Medial_R	Frontal_Med_Orb_L	Frontal_Med_Orb_R	Rectus_L	Rectus_R	Insula_L	Insula_R	Cingulum_Ant_L	Cingulum_Ant_R	Cingulum_Mid_L	Cingulum_Mid_R	Cingulum_Post_L	Cingulum_Post_R	Hippocampus_L	Hippocampus_R	ParaHippocampal_L	ParaHippocampal_R	Amygdala_L	Amygdala_R	Calcarine_L	Calcarine_R	Cuneus_L	Cuneus_R	Lingual_L	Lingual_R	Occipital_Sup_L	Occipital_Sup_R	Occipital_Mid_L	Occipital_Mid_R	Occipital_Inf_L	Occipital_Inf_R	Fusiform_L	Fusiform_R	Postcentral_L	Postcentral_R	Parietal_Sup_L	Parietal_Sup_R	Parietal_Inf_L	Parietal_Inf_R	SupraMarginal_L	SupraMarginal_R	Angular_L	Angular_R	Precuneus_L	Precuneus_R	Paracentral_Lobule_L	Paracentral_Lobule_R	Caudate_L	Caudate_R	Putamen_L	Putamen_R	Pallidum_L	Pallidum_R	Thalamus_L	Thalamus_R	Heschl_L	Heschl_R	Temporal_Sup_L	Temporal_Sup_R	Temporal_Pole_Sup_L	Temporal_Pole_Sup_R	Temporal_Mid_L	Temporal_Mid_R	Temporal_Pole_Mid_L	Temporal_Pole_Mid_R	Temporal_Inf_L	Temporal_Inf_R	Cerebelum_Crus1_L	Cerebelum_Crus1_R	Cerebelum_Crus2_L	Cerebelum_Crus2_R	Cerebelum_3_L	Cerebelum_3_R	Cerebelum_4_5_L	Cerebelum_4_5_R	Cerebelum_6_L	Cerebelum_6_R	Cerebelum_7b_L	Cerebelum_7b_R	Cerebelum_8_L	Cerebelum_8_R	Cerebelum_9_L	Cerebelum_9_R	Cerebelum_10_L	Cerebelum_10_R	Vermis_1_2	Vermis_3	Vermis_4_5	Vermis_6	Vermis_7	Vermis_8	Vermis_9	Vermis_10	
467324	Precentral_L	0	2578	29292	1424	0	0	24414	0	0	0	9724	0	1374	0	0	0	4836	0	29520	9886	0	0	0	0	0	0	0	0	7006	0	0	0	400	4730	1320	1750	8308	1418	0	220	0	0	0	0	0	0	200	0	0	0	2204	0	278	820	664	954	33622	396	0	0	3000	0	438	0	0	0	0	152	20982	466	4526	492	6970	0	442	0	13816	980	2418	0	666	0	230	0	746	0	0	0	0	0	0	0	0	0	0	0	0	0	0	0	0	0	0	0	0	0	0	0	0	0	0	0	0	0	0	0	
281124	Precentral_R	2578	0	1198	19522	0	136	0	18706	0	0	0	8208	0	976	0	0	0	2774	6300	9546	0	0	0	140	0	0	0	0	238	2946	0	0	184	6652	804	2048	0	1840	0	304	0	0	0	380	0	382	0	144	0	306	452	202	0	248	0	386	148	15262	0	258	250	664	0	916	0	634	0	3582	6002	7390	854	2360	0	6850	0	824	134	6208	0	0	0	0	0	0	0	626	0	0	0	0	0	0	0	0	0	0	0	0	0	0	0	0	0	0	0	0	0	0	0	0	0	0	0	0	0	0	
1.21008e+06	Frontal_Sup_L	29292	1198	0	10874	8374	0	80130	3550	4812	0	6828	1482	21982	0	11788	0	8696	0	122516	28640	284	0	37450	2246	340	0	428	0	47694	0	9402	2250	5548	12004	192	352	18616	280	254	0	0	0	0	0	0	0	0	0	0	0	0	0	0	0	430	0	5952	0	0	0	418	0	0	0	0	0	0	0	1860	0	22866	2188	48858	336	9230	136	31246	1384	942	0	714	0	978	0	0	0	0	0	0	0	0	0	0	0	0	0	0	0	0	0	0	0	0	0	0	0	0	0	0	0	0	0	0	0	0	0	
769968	Frontal_Sup_R	1424	19522	10874	0	0	9014	0	35646	0	3634	0	9834	0	2710	0	11150	0	3396	14162	60690	0	0	6300	49470	0	2020	0	704	0	8646	624	32078	1050	29544	0	0	0	3606	0	464	0	0	0	0	0	0	0	0	0	0	190	0	0	0	0	232	0	798	0	0	0	0	0	0	0	0	0	0	2698	0	2494	27518	0	17586	0	1640	360	14774	0	0	0	0	0	132	0	0	0	0	0	0	0	0	0	0	0	0	0	0	0	0	0	0	0	0	0	0	0	0	0	0	0	0	0	0	0	0	
114112	Frontal_Sup_Orb_L	0	0	8374	0	0	0	2164	0	11530	0	0	0	182	0	8560	0	0	0	2642	0	972	0	1344	0	1192	0	5622	0	2420	0	2536	0	0	0	0	0	0	0	0	0	0	0	0	0	0	0	0	0	0	0	0	0	0	0	0	0	0	0	0	0	0	0	0	0	0	0	0	0	0	0	378	0	9140	0	0	0	0	0	0	0	0	0	0	0	0	0	0	0	0	0	0	0	0	0	0	0	0	0	0	0	0	0	0	0	0	0	0	0	0	0	0	0	0	0	0	0	
103264	Frontal_Sup_Orb_R	0	136	0	9014	0	0	0	1242	0	2420	0	202	0	454	0	2070	0	0	0	3818	0	872	150	4648	0	4990	0	6898	0	1094	0	2610	0	166	0	0	0	0	0	0	0	0	0	0	0	0	0	0	0	0	0	0	0	0	0	0	0	0	0	0	0	0	0	0	0	0	0	0	0	0	0	4440	0	6408	0	0	0	0	0	0	0	0	0	0	0	0	0	0	0	0	0	0	0	0	0	0	0	0	0	0	0	0	0	0	0	0	0	0	0	0	0	0	0	0	0	0	
486892	Frontal_Mid_L	24414	0	80130	0	2164	0	0	158	3358	0	6514	130	24982	0	7192	0	5880	0	12596	0	0	0	13560	414	0	0	0	0	30778	0	1494	0	1564	144	0	186	4218	0	0	0	0	0	0	0	0	0	0	0	0	0	0	0	0	0	350	0	2976	0	0	0	326	0	0	0	0	0	0	0	0	0	870	216	12162	0	740	0	4182	334	654	0	172	0	588	0	0	0	0	0	0	0	0	0	0	0	0	0	0	0	0	0	0	0	0	0	0	0	0	0	0	0	0	0	0	0	0	0	
298308	Frontal_Mid_R	0	18706	3550	35646	0	1242	158	0	0	3234	0	16816	0	8784	0	6296	0	3070	3210	2138	0	0	742	6048	0	0	0	0	604	5314	0	3052	0	2240	0	0	0	2732	0	564	0	0	0	0	0	0	0	0	0	0	0	0	0	0	0	0	0	494	0	0	0	0	0	0	0	0	0	0	0	0	4420	4664	0	11756	0	2024	0	1650	0	0	0	0	0	0	0	0	0	0	0	0	0	0	0	0	0	0	0	0	0	0	0	0	0	0	0	0	0	0	0	0	0	0	0	0	0	0	
69476	Frontal_Mid_Orb_L	0	0	4812	0	11530	0	3358	0	0	0	0	0	402	0	7296	0	0	0	856	0	0	0	0	0	342	0	2360	0	506	0	210	0	0	0	0	0	0	0	0	0	0	0	0	0	0	0	0	0	0	0	0	0	0	0	0	0	0	0	0	0	0	0	0	0	0	0	0	0	0	0	152	0	2914	0	0	0	0	0	0	0	0	0	0	0	0	0	0	0	0	0	0	0	0	0	0	0	0	0	0	0	0	0	0	0	0	0	0	0	0	0	0	0	0	0	0	0	
55888	Frontal_Mid_Orb_R	0	0	0	3634	0	2420	0	3234	0	0	0	220	0	148	0	7860	0	0	0	1328	0	0	832	2462	0	0	0	146	0	152	0	2326	0	3056	0	0	0	0	0	0	0	0	0	0	0	0	0	0	0	0	0	0	0	0	0	0	0	0	0	0	0	0	0	0	0	0	0	0	0	0	0	0	0	126	0	0	0	0	0	0	0	0	0	0	0	0	0	0	0	0	0	0	0	0	0	0	0	0	0	0	0	0	0	0	0	0	0	0	0	0	0	0	0	0	0	0	
126916	Frontal_Inf_Oper_L	9724	0	6828	0	0	0	6514	0	0	0	0	0	4574	0	168	0	8004	0	2704	0	0	0	0	0	0	0	0	0	12242	0	0	0	0	0	158	194	2174	0	0	0	0	0	0	0	0	0	0	0	0	0	0	0	0	174	0	182	2828	0	0	0	0	0	0	0	0	0	0	0	0	0	0	0	2692	0	0	0	1482	0	406	0	234	0	2176	0	0	0	0	0	0	0	0	0	0	0	0	0	0	0	0	0	0	0	0	0	0	0	0	0	0	0	0	0	0	0	0	0	
181868	Frontal_Inf_Oper_R	0	8208	1482	9834	0	202	130	16816	0	220	0	0	0	5630	0	880	0	9934	1186	3846	0	0	150	2778	0	0	0	0	506	15126	0	1746	0	1388	0	0	0	1148	0	196	0	0	0	0	0	0	0	0	0	0	0	0	0	0	0	0	0	0	0	0	0	0	0	0	0	0	0	0	0	0	2560	962	0	5778	0	0	0	0	0	0	0	0	0	228	0	0	0	0	0	0	0	0	0	0	0	0	0	0	0	0	0	0	0	0	0	0	0	0	0	0	0	0	0	0	0	0	
219572	Frontal_Inf_Tri_L	1374	0	21982	0	182	0	24982	0	402	0	4574	0	0	0	13690	0	1034	0	9890	132	0	0	2762	172	0	0	0	0	24854	0	0	0	308	144	0	0	372	0	0	0	0	0	0	0	0	0	0	0	0	0	0	0	0	0	0	0	286	0	0	0	0	0	0	0	0	0	0	0	0	0	204	0	2090	0	0	0	0	0	0	0	0	0	352	0	0	0	0	0	0	0	0	0	0	0	0	0	0	0	0	0	0	0	0	0	0	0	0	0	0	0	0	0	0	0	0	0	
71372	Frontal_Inf_Tri_R	0	976	0	2710	0	454	0	8784	0	148	0	5630	0	0	0	696	0	2080	0	674	0	0	132	966	0	0	0	0	0	7154	0	542	0	792	0	0	0	876	0	134	0	0	0	0	0	0	0	0	0	0	0	0	0	0	0	0	0	0	0	0	0	0	0	0	0	0	0	0	0	0	0	0	0	2938	0	0	0	0	0	0	0	0	0	0	0	0	0	0	0	0	0	0	0	0	0	0	0	0	0	0	0	0	0	0	0	0	0	0	0	0	0	0	0	0	0	0	
160348	Frontal_Inf_Orb_L	0	0	11788	0	8560	0	7192	0	7296	0	168	0	13690	0	0	0	0	0	6138	0	1224	0	722	0	0	0	1024	0	12646	0	0	0	214	0	0	0	388	0	326	0	0	0	0	0	0	0	0	0	0	0	0	0	0	0	0	0	0	0	0	0	0	0	0	0	0	0	0	0	0	0	400	0	7866	0	0	0	0	0	0	0	190	0	342	0	0	0	0	0	0	0	0	0	0	0	0	0	0	0	0	0	0	0	0	0	0	0	0	0	0	0	0	0	0	0	0	0	
114204	Frontal_Inf_Orb_R	0	0	0	11150	0	2070	0	6296	0	7860	0	880	0	696	0	0	0	0	0	3276	0	570	1252	7128	0	0	0	532	0	3038	0	4708	0	6400	0	0	0	0	0	0	0	0	0	0	0	0	0	0	0	0	0	0	0	0	0	0	0	0	0	0	0	0	0	0	0	0	0	0	0	0	192	0	0	1054	0	0	0	0	0	0	0	0	0	0	0	0	0	0	0	0	0	0	0	0	0	0	0	0	0	0	0	0	0	0	0	0	0	0	0	0	0	0	0	0	0	0	
198892	Rolandic_Oper_L	4836	0	8696	0	0	0	5880	0	0	0	8004	0	1034	0	0	0	0	0	2324	0	0	0	0	0	0	0	0	0	22630	0	0	0	0	0	136	206	2896	0	0	0	0	0	0	0	0	0	0	0	0	0	766	0	290	168	852	184	9236	0	640	0	772	0	3060	0	294	0	0	0	0	0	0	276	3184	0	290	0	1480	282	3766	0	12480	0	2580	0	1882	0	0	0	322	0	0	0	0	0	0	0	0	0	0	0	0	0	0	0	0	0	0	0	0	0	0	0	0	0	0	0	
130884	Rolandic_Oper_R	0	2774	0	3396	0	0	0	3070	0	0	0	9934	0	2080	0	0	0	0	0	1848	0	0	0	274	0	0	0	0	0	16972	0	0	0	236	0	0	0	302	0	0	0	0	0	0	0	0	0	0	0	0	0	0	0	0	0	0	0	4578	0	604	0	982	0	5004	0	0	0	0	0	0	0	500	0	3304	0	664	0	326	0	2010	0	5320	0	274	0	990	0	0	0	0	0	0	0	0	0	0	0	0	0	0	0	0	0	0	0	0	0	0	0	0	0	0	0	0	0	0	
927052	Supp_Motor_Area_L	29520	6300	122516	14162	2642	0	12596	3210	856	0	2704	1186	9890	0	6138	0	2324	0	0	54476	234	0	4834	198	0	0	0	0	28146	0	2026	1916	8066	25286	2442	1566	7468	1354	208	0	0	0	0	324	0	0	0	0	0	0	0	128	0	1098	310	1278	1772	800	0	0	354	0	0	0	0	0	502	394	22702	1722	20760	3426	25722	348	4222	136	21322	2430	536	0	322	0	654	0	0	0	0	0	0	0	0	0	0	0	0	0	0	0	0	0	0	0	0	0	0	0	0	0	0	0	0	0	0	0	0	0	
737564	Supp_Motor_Area_R	9886	9546	28640	60690	0	3818	0	2138	0	1328	0	3846	132	674	0	3276	0	1848	54476	0	0	0	2112	17892	0	0	0	0	0	4484	524	19354	7470	53506	1518	3584	0	1686	0	0	0	0	0	334	0	472	0	0	0	342	0	266	0	376	0	546	0	1548	0	180	0	614	0	208	0	660	0	4938	10426	10104	3916	24658	0	9066	0	218	1790	5070	0	0	0	0	0	0	0	622	0	0	0	0	0	0	0	0	0	0	0	0	0	0	0	0	0	0	0	0	0	0	0	0	0	0	0	0	0	0	
49548	Olfactory_L	0	0	284	0	972	0	0	0	0	0	0	0	0	0	1224	0	0	0	234	0	0	4410	0	0	0	0	1322	0	2140	0	1936	1420	0	0	0	0	576	0	690	0	356	0	0	0	0	0	0	0	0	0	0	0	0	0	0	0	0	0	0	0	0	0	0	0	0	0	0	0	0	0	4824	2136	1802	0	0	0	0	0	0	0	132	0	316	0	0	0	0	0	0	0	0	0	0	0	0	0	0	0	0	0	0	0	0	0	0	0	0	0	0	0	0	0	0	0	0	0	
45848	Olfactory_R	0	0	0	0	0	872	0	0	0	0	0	0	0	0	0	570	0	0	0	0	4410	0	0	0	0	0	1184	1076	0	1148	2156	1814	0	0	0	0	0	0	0	0	0	0	0	0	0	0	0	0	0	0	0	0	0	0	0	0	0	0	0	0	0	0	0	0	0	0	0	0	0	0	5210	2918	1440	126	0	0	0	0	0	0	0	0	0	0	0	0	0	0	0	0	0	0	0	0	0	0	0	0	0	0	0	0	0	0	0	0	0	0	0	0	0	0	0	0	0	0	
253356	Frontal_Sup_Medial_L	0	0	37450	6300	1344	150	13560	742	0	832	0	150	2762	132	722	1252	0	0	4834	2112	0	0	0	14374	488	380	0	0	3588	0	10224	8670	6540	8760	0	0	0	0	0	0	0	0	0	0	0	0	0	0	0	0	0	0	0	0	0	0	0	0	0	0	0	0	0	0	0	0	0	0	0	0	422	484	406	0	0	0	0	0	0	0	0	0	0	0	0	0	0	0	0	0	0	0	0	0	0	0	0	0	0	0	0	0	0	0	0	0	0	0	0	0	0	0	0	0	0	0	
398036	Frontal_Sup_Medial_R	0	140	2246	49470	0	4648	414	6048	0	2462	0	2778	172	966	0	7128	0	274	198	17892	0	0	14374	0	0	5160	0	1058	0	828	1380	33778	496	29402	0	0	0	0	0	0	0	0	0	0	0	0	0	0	0	0	0	0	0	0	0	0	0	0	0	0	0	0	0	0	0	0	0	0	0	0	212	11324	0	6170	0	0	0	0	0	0	0	0	0	0	0	0	0	0	0	0	0	0	0	0	0	0	0	0	0	0	0	0	0	0	0	0	0	0	0	0	0	0	0	0	0	0	
11280	Frontal_Med_Orb_L	0	0	340	0	1192	0	0	0	342	0	0	0	0	0	0	0	0	0	0	0	0	0	488	0	0	0	1144	0	0	0	1624	0	0	0	0	0	0	0	0	0	0	0	0	0	0	0	0	0	0	0	0	0	0	0	0	0	0	0	0	0	0	0	0	0	0	0	0	0	0	0	260	0	250	0	0	0	0	0	0	0	0	0	0	0	0	0	0	0	0	0	0	0	0	0	0	0	0	0	0	0	0	0	0	0	0	0	0	0	0	0	0	0	0	0	0	0	
56612	Frontal_Med_Orb_R	0	0	0	2020	0	4990	0	0	0	0	0	0	0	0	0	0	0	0	0	0	0	0	380	5160	0	0	0	4800	0	0	554	3570	0	0	0	0	0	0	0	0	0	0	0	0	0	0	0	0	0	0	0	0	0	0	0	0	0	0	0	0	0	0	0	0	0	0	0	0	0	0	0	3222	0	3610	0	0	0	0	0	0	0	0	0	0	0	0	0	0	0	0	0	0	0	0	0	0	0	0	0	0	0	0	0	0	0	0	0	0	0	0	0	0	0	0	0	0	
38632	Rectus_L	0	0	428	0	5622	0	0	0	2360	0	0	0	0	0	1024	0	0	0	0	0	1322	1184	0	0	1144	0	0	0	0	0	2670	564	0	0	0	0	0	0	0	0	0	0	0	0	0	0	0	0	0	0	0	0	0	0	0	0	0	0	0	0	0	0	0	0	0	0	0	0	0	0	1616	222	1160	0	0	0	0	0	0	0	0	0	0	0	0	0	0	0	0	0	0	0	0	0	0	0	0	0	0	0	0	0	0	0	0	0	0	0	0	0	0	0	0	0	0	0	
37620	Rectus_R	0	0	0	704	0	6898	0	0	0	146	0	0	0	0	0	532	0	0	0	0	0	1076	0	1058	0	4800	0	0	0	428	130	1132	0	0	0	0	0	0	0	0	0	0	0	0	0	0	0	0	0	0	0	0	0	0	0	0	0	0	0	0	0	0	0	0	0	0	0	0	0	0	0	736	0	1170	0	0	0	0	0	0	0	0	0	0	0	0	0	0	0	0	0	0	0	0	0	0	0	0	0	0	0	0	0	0	0	0	0	0	0	0	0	0	0	0	0	0	
524168	Insula_L	7006	238	47694	0	2420	0	30778	604	506	0	12242	506	24854	0	12646	0	22630	0	28146	0	2140	0	3588	0	0	0	0	0	0	0	0	0	0	0	434	602	9816	0	1046	0	376	0	0	0	0	0	0	0	0	0	704	0	380	474	2734	512	5506	0	0	0	354	0	312	0	0	0	0	0	0	0	1310	156	19888	0	208	0	1718	0	5538	0	7342	0	4246	0	1390	0	0	0	1040	0	0	0	0	0	0	0	0	0	0	0	0	0	0	0	0	0	0	0	0	0	0	0	0	0	0	0	
209552	Insula_R	0	2946	0	8646	0	1094	0	5314	0	152	0	15126	0	7154	0	3038	0	16972	0	4484	0	1148	0	828	0	0	0	428	0	0	0	502	0	1346	0	0	0	4424	0	660	0	218	0	0	0	0	0	0	0	0	0	0	0	196	0	2684	0	1350	0	170	0	466	0	664	0	0	0	0	0	0	0	178	0	12378	0	430	0	784	0	986	0	5850	0	532	0	1222	0	0	0	2406	0	0	0	0	0	0	0	0	0	0	0	0	0	0	0	0	0	0	0	0	0	0	0	0	0	0	
119988	Cingulum_Ant_L	0	0	9402	624	2536	0	1494	0	210	0	0	0	0	0	0	0	0	0	2026	524	1936	2156	10224	1380	1624	554	2670	130	0	0	0	6406	5020	1998	1276	0	0	0	0	0	0	0	0	0	0	0	0	0	0	0	0	0	0	0	0	0	0	0	0	0	0	0	0	0	0	0	0	0	0	0	3546	1550	2512	196	0	0	0	0	0	0	0	0	0	0	0	0	0	0	0	0	0	0	0	0	0	0	0	0	0	0	0	0	0	0	0	0	0	0	0	0	0	0	0	0	0	0	
367452	Cingulum_Ant_R	0	0	2250	32078	0	2610	0	3052	0	2326	0	1746	0	542	0	4708	0	0	1916	19354	1420	1814	8670	33778	0	3570	564	1132	0	502	6406	0	1344	27800	0	0	0	0	0	0	0	0	0	0	0	0	0	0	0	0	0	0	0	0	0	0	0	0	0	0	0	0	0	0	0	0	0	0	0	0	2148	17706	398	5704	0	0	0	188	0	0	0	0	0	0	0	0	0	0	0	0	0	0	0	0	0	0	0	0	0	0	0	0	0	0	0	0	0	0	0	0	0	0	0	0	0	0	
129260	Cingulum_Mid_L	400	184	5548	1050	0	0	1564	0	0	0	0	0	308	0	214	0	0	0	8066	7470	0	0	6540	496	0	0	0	0	0	0	5020	1344	0	7108	3576	1030	0	0	0	0	0	0	0	288	362	306	0	0	1416	0	1374	0	0	0	0	174	440	252	516	0	364	0	0	0	0	0	4248	1258	3478	236	0	0	0	0	0	0	0	0	0	0	0	0	0	0	0	0	0	0	0	0	0	0	0	0	0	0	0	0	0	0	0	0	0	0	0	0	0	0	0	0	0	0	0	0	0	0	
529272	Cingulum_Mid_R	4730	6652	12004	29544	0	166	144	2240	0	3056	0	1388	144	792	0	6400	0	236	25286	53506	0	0	8760	29402	0	0	0	0	0	1346	1998	27800	7108	0	1702	5224	0	318	0	0	0	0	0	732	0	788	0	134	0	416	0	264	0	0	0	0	0	634	0	176	0	608	0	192	0	666	162	8158	6398	9450	1188	3102	0	338	0	0	576	0	0	0	0	0	0	0	0	708	0	0	0	0	0	0	0	0	0	0	0	0	0	0	0	0	0	0	0	0	0	0	0	0	0	0	0	0	0	0	
118220	Cingulum_Post_L	1320	804	192	0	0	0	0	0	0	0	158	0	0	0	0	0	136	0	2442	1518	0	0	0	0	0	0	0	0	434	0	1276	0	3576	1702	0	13104	3312	2198	1526	752	0	0	1706	1076	252	0	662	300	0	0	1000	318	304	2522	172	3334	838	228	0	0	124	0	0	0	0	0	3090	1426	4626	1076	0	0	0	0	0	0	956	486	0	0	0	0	0	0	0	164	0	0	0	0	0	0	0	0	0	0	0	0	0	0	0	0	0	0	0	0	0	0	0	0	0	0	0	0	0	0	
175144	Cingulum_Post_R	1750	2048	352	0	0	0	186	0	0	0	194	0	0	0	0	0	206	0	1566	3584	0	0	0	0	0	0	0	0	602	0	0	0	1030	5224	13104	0	2894	3866	1282	1878	0	0	0	5220	144	852	0	1696	0	532	664	970	0	4442	124	7024	1242	580	0	0	294	0	0	0	0	0	466	11850	4580	2410	0	0	200	0	0	0	2102	1366	0	0	0	0	0	0	0	640	0	0	0	186	0	0	0	0	0	0	0	0	0	0	0	0	0	0	0	0	0	0	0	0	222	0	0	0	0	0	
281052	Hippocampus_L	8308	0	18616	0	0	0	4218	0	0	0	2174	0	372	0	388	0	2896	0	7468	0	576	0	0	0	0	0	0	0	9816	0	0	0	0	0	3312	2894	0	2442	6648	944	4022	0	602	0	0	0	680	0	0	0	0	0	134	0	8966	0	4002	0	0	0	370	0	0	0	0	0	1118	336	0	0	1222	0	19344	0	5096	0	12904	710	2112	0	2402	0	1532	0	492	0	186	0	3224	0	0	0	0	0	0	0	0	0	0	0	0	0	0	0	0	0	0	0	0	0	0	0	0	0	0	0	
184272	Hippocampus_R	1418	1840	280	3606	0	0	0	2732	0	0	0	1148	0	876	0	0	0	302	1354	1686	0	0	0	0	0	0	0	0	0	4424	0	0	0	318	2198	3866	2442	0	1252	15010	0	5730	0	238	0	0	0	466	0	0	0	0	0	958	0	14932	0	224	0	0	0	0	0	0	0	0	168	1336	1084	0	0	1262	156	8710	0	498	1726	5106	0	0	0	1606	0	810	0	300	0	0	0	1480	0	0	0	0	0	0	0	206	0	252	0	0	0	0	0	0	0	0	0	0	136	0	0	0	0	0	
37380	ParaHippocampal_L	0	0	254	0	0	0	0	0	0	0	0	0	0	0	326	0	0	0	208	0	690	0	0	0	0	0	0	0	1046	0	0	0	0	0	1526	1282	6648	1252	0	522	582	0	178	0	0	0	690	0	0	0	0	0	0	0	834	0	0	0	0	0	0	0	0	0	0	0	736	0	0	0	0	0	328	0	0	0	790	272	0	0	174	0	352	0	0	0	0	0	0	0	0	0	0	0	0	0	0	0	0	0	0	0	0	0	0	0	0	0	0	0	0	0	0	0	0	0	
97024	ParaHippocampal_R	220	304	0	464	0	0	0	564	0	0	0	196	0	134	0	0	0	0	0	0	0	0	0	0	0	0	0	0	0	660	0	0	0	0	752	1878	944	15010	522	0	0	4386	0	250	0	0	0	942	0	0	0	0	0	586	0	10488	0	0	0	0	0	0	0	0	0	0	0	1414	0	0	0	140	0	1688	0	350	710	1840	0	0	0	0	0	2248	0	0	0	1274	0	0	0	0	0	0	0	0	0	214	0	184	0	0	0	0	0	0	0	0	0	0	150	0	0	0	0	0	
18212	Amygdala_L	0	0	0	0	0	0	0	0	0	0	0	0	0	0	0	0	0	0	0	0	356	0	0	0	0	0	0	0	376	0	0	0	0	0	0	0	4022	0	582	0	0	0	0	0	0	0	0	0	0	0	0	0	0	0	2316	0	0	0	0	0	0	0	0	0	0	0	0	0	0	0	0	0	0	0	0	0	0	0	0	0	0	0	558	0	0	0	0	0	896	0	0	0	0	0	0	0	0	0	0	0	0	0	0	0	0	0	0	0	0	0	0	0	0	0	0	0	
32856	Amygdala_R	0	0	0	0	0	0	0	0	0	0	0	0	0	0	0	0	0	0	0	0	0	0	0	0	0	0	0	0	0	218	0	0	0	0	0	0	0	5730	0	4386	0	0	0	0	0	0	0	0	0	0	0	0	0	0	0	3898	0	0	0	0	0	0	0	0	0	0	0	0	0	0	0	0	0	376	0	0	0	0	0	0	0	0	0	1666	0	0	0	154	0	0	0	0	0	0	0	0	0	0	0	0	0	0	0	0	0	0	0	0	0	0	0	0	0	0	0	0	
152848	Calcarine_L	0	0	0	0	0	0	0	0	0	0	0	0	0	0	0	0	0	0	0	0	0	0	0	0	0	0	0	0	0	0	0	0	0	0	1706	0	602	0	178	0	0	0	0	3572	8260	2632	6120	1132	5110	1422	18758	552	4208	0	944	0	220	0	0	0	2424	0	2230	0	2246	0	11718	0	260	0	0	0	0	0	0	0	0	0	0	0	0	0	0	0	1116	0	0	0	362	0	0	0	0	0	0	0	230	0	284	0	0	0	0	0	0	0	0	0	0	0	138	0	0	0	0	0	
222188	Calcarine_R	0	380	0	0	0	0	0	0	0	0	0	0	0	0	0	0	0	0	324	334	0	0	0	0	0	0	0	0	0	0	0	0	288	732	1076	5220	0	238	0	250	0	0	3572	0	1142	15004	1002	19226	0	16100	180	11564	0	5386	0	7118	0	292	0	0	0	710	0	1698	0	866	164	12900	842	318	0	0	0	0	0	0	0	0	0	0	0	0	0	0	0	2928	0	0	0	274	0	0	0	0	0	0	0	0	0	458	0	0	0	0	0	0	0	0	0	0	144	364	0	0	0	0	
100148	Cuneus_L	0	0	0	0	0	0	0	0	0	0	0	0	0	0	0	0	0	0	0	0	0	0	0	0	0	0	0	0	0	0	0	0	362	0	252	144	0	0	0	0	0	0	8260	1142	0	2354	224	0	11108	620	10930	0	1246	0	224	144	178	0	1136	0	374	0	150	0	170	0	7452	0	1526	0	0	0	0	0	0	0	0	0	0	0	0	0	0	0	1390	0	0	0	688	0	0	0	0	0	0	0	0	0	0	0	0	0	0	0	0	0	0	0	0	0	0	0	0	0	0	0	
164932	Cuneus_R	0	382	0	0	0	0	0	0	0	0	0	0	0	0	0	0	0	0	0	472	0	0	0	0	0	0	0	0	0	0	0	0	306	788	0	852	0	0	0	0	0	0	2632	15004	2354	0	466	3948	0	19326	0	6528	0	1216	0	1808	0	2302	0	4602	0	0	0	0	0	680	1274	16288	0	924	0	0	0	0	0	0	0	0	0	0	0	0	0	0	0	314	0	0	0	0	0	0	0	0	0	0	0	0	0	0	0	0	0	0	0	0	0	0	0	0	0	0	0	0	0	0	
161612	Lingual_L	200	0	0	0	0	0	0	0	0	0	0	0	0	0	0	0	0	0	0	0	0	0	0	0	0	0	0	0	0	0	0	0	0	0	662	0	680	0	690	0	0	0	6120	1002	224	466	0	732	546	364	12840	0	4916	0	13384	0	170	0	0	0	0	0	0	0	0	0	1614	0	0	0	0	0	0	0	0	0	0	0	172	0	0	0	0	0	0	0	0	0	0	0	6238	0	1310	0	0	0	9448	0	15818	178	0	0	0	0	0	0	0	0	0	0	1462	1354	216	0	0	0	
246684	Lingual_R	0	144	0	0	0	0	0	0	0	0	0	0	0	0	0	0	0	0	0	0	0	0	0	0	0	0	0	0	0	0	0	0	0	134	300	1696	0	466	0	942	0	0	1132	19226	0	3948	732	0	0	7782	0	6262	0	5596	0	13860	0	194	0	0	0	634	0	1258	0	744	0	5398	164	0	0	0	0	0	0	0	0	0	0	0	0	0	0	0	0	1548	0	0	0	244	326	6134	458	316	0	0	434	9794	474	12948	0	0	0	0	0	0	0	0	0	0	9600	7798	2656	0	0	0	
129684	Occipital_Sup_L	0	0	0	0	0	0	0	0	0	0	0	0	0	0	0	0	0	0	0	0	0	0	0	0	0	0	0	0	0	0	0	0	1416	0	0	0	0	0	0	0	0	0	5110	0	11108	0	546	0	0	0	23584	0	0	0	0	0	1630	0	8298	0	4032	0	0	0	0	0	8446	0	456	0	0	0	0	0	0	0	0	0	0	0	0	0	0	0	216	0	0	0	0	0	0	0	0	0	0	0	0	0	0	0	0	0	0	0	0	0	0	0	0	0	0	0	0	0	0	0	
164488	Occipital_Sup_R	0	306	0	0	0	0	0	0	0	0	0	0	0	0	0	0	0	0	0	342	0	0	0	0	0	0	0	0	0	0	0	0	0	416	0	532	0	0	0	0	0	0	1422	16100	620	19326	364	7782	0	0	0	16568	0	2620	0	3416	0	0	0	2382	0	752	0	136	0	2942	0	5044	0	372	0	0	0	0	0	0	0	0	0	0	0	0	0	0	0	364	0	0	0	0	0	0	0	0	0	0	0	0	0	296	0	0	0	0	0	0	0	0	0	0	142	0	0	0	0	0	
356512	Occipital_Mid_L	2204	452	0	190	0	0	0	0	0	0	0	0	0	0	0	0	766	0	0	0	0	0	0	0	0	0	0	0	704	0	0	0	1374	0	1000	664	0	0	0	0	0	0	18758	180	10930	0	12840	0	23584	0	0	0	18522	250	5008	700	7502	262	9904	0	15152	0	1988	0	8326	0	8632	262	2816	0	0	0	0	0	0	0	0	0	1010	0	934	0	0	0	15752	0	0	0	4952	0	560	0	236	0	0	0	252	0	1454	0	0	0	0	0	0	0	0	0	0	0	0	136	0	0	0	0	
165640	Occipital_Mid_R	0	202	0	0	0	0	0	0	0	0	0	0	0	0	0	0	0	0	128	266	0	0	0	0	0	0	0	0	0	0	0	0	0	264	318	970	0	0	0	0	0	0	552	11564	0	6528	0	6262	0	16568	0	0	0	4394	0	3600	0	0	0	1026	0	2942	0	1518	0	11698	0	3780	338	220	0	0	0	0	0	0	0	0	0	0	0	364	0	0	0	9180	0	0	0	0	0	0	0	0	0	0	0	0	0	138	0	0	0	0	0	0	0	0	0	0	0	0	0	0	0	0	
96048	Occipital_Inf_L	278	0	0	0	0	0	0	0	0	0	0	0	0	0	0	0	290	0	0	0	0	0	0	0	0	0	0	0	380	0	0	0	0	0	304	0	134	0	0	0	0	0	4208	0	1246	0	4916	0	0	0	18522	0	0	0	5584	0	140	0	0	0	0	0	0	0	0	0	1430	0	212	0	0	0	0	0	0	0	0	0	1016	0	380	0	0	0	1934	0	0	0	2732	0	776	0	262	0	0	0	718	0	2562	0	0	0	0	0	0	0	0	0	0	0	0	0	0	0	0	0	
145868	Occipital_Inf_R	820	248	0	0	0	0	0	0	0	0	174	0	0	0	0	0	168	0	1098	376	0	0	0	0	0	0	0	0	474	196	0	0	0	0	2522	4442	0	958	0	586	0	0	0	5386	0	1216	0	5596	0	2620	250	4394	0	0	0	21324	938	444	0	0	146	132	0	470	0	0	0	2578	3300	0	0	0	0	0	0	0	0	0	0	156	0	0	0	0	0	1634	0	0	0	2804	0	452	0	0	0	0	0	1696	0	2752	0	0	0	0	0	0	0	0	0	0	1398	818	368	0	0	0	
303736	Fusiform_L	664	0	430	0	0	0	350	0	0	0	0	0	0	0	0	0	852	0	310	0	0	0	0	0	0	0	0	0	2734	0	0	0	0	0	172	124	8966	0	834	0	2316	0	944	0	224	0	13384	0	0	0	5008	0	5584	0	0	0	268	0	0	0	0	0	0	0	0	0	218	0	146	0	0	0	314	0	0	0	152	0	4130	0	4694	0	1442	0	4944	0	1710	0	12096	0	24634	0	590	0	0	0	16916	0	34920	0	644	0	224	0	0	0	0	0	0	0	516	414	0	0	0	0	
370316	Fusiform_R	954	386	0	232	0	0	0	0	0	0	182	0	0	0	0	0	184	0	1278	546	0	0	0	0	0	0	0	0	512	2684	0	0	174	0	3334	7024	0	14932	0	10488	0	3898	0	7118	144	1808	0	13860	0	3416	700	3600	0	21324	0	0	1182	522	0	0	332	128	0	238	0	0	0	5176	4210	0	0	0	0	0	0	0	0	132	0	154	0	2356	0	3856	0	2094	0	2818	0	7768	0	16316	0	860	0	406	0	9258	0	22298	0	0	0	216	0	0	0	0	0	0	4068	1434	558	0	0	0	
264456	Postcentral_L	33622	148	5952	0	0	0	2976	0	0	0	2828	0	286	0	0	0	9236	0	1772	0	0	0	0	0	0	0	0	0	5506	0	0	0	440	0	838	1242	4002	0	0	0	0	0	220	0	178	0	170	0	1630	0	7502	0	140	938	268	1182	0	184	6830	0	20828	0	5940	0	0	0	2614	0	2238	0	0	180	2838	0	0	0	2252	196	1292	0	4560	0	0	0	1200	0	0	0	0	0	0	0	0	0	0	0	0	0	0	0	0	0	0	0	0	0	0	0	0	0	0	0	0	0	0	0	
147732	Postcentral_R	396	15262	0	798	0	0	0	494	0	0	0	0	0	0	0	0	0	4578	800	1548	0	0	0	0	0	0	0	0	0	1350	0	0	252	634	228	580	0	224	0	0	0	0	0	292	0	2302	0	194	0	0	262	0	0	444	0	522	184	0	0	7010	130	7752	0	11954	0	248	0	4582	1490	3080	0	1756	0	428	0	0	0	1930	0	262	0	714	0	0	0	1186	0	0	0	0	0	0	0	0	0	0	0	0	0	0	0	0	0	0	0	0	0	0	0	0	0	0	0	0	0	0	
140128	Parietal_Sup_L	0	0	0	0	0	0	0	0	0	0	0	0	0	0	0	0	640	0	0	0	0	0	0	0	0	0	0	0	0	0	0	0	516	0	0	0	0	0	0	0	0	0	0	0	1136	0	0	0	8298	0	9904	0	0	0	0	0	6830	0	0	0	18710	0	1038	0	4076	0	12512	0	1174	0	0	0	0	0	0	0	0	0	0	0	2022	0	0	0	2662	0	0	0	546	0	0	0	0	0	0	0	0	0	0	0	0	0	0	0	0	0	0	0	0	0	0	0	0	0	0	0	
91480	Parietal_Sup_R	0	258	0	0	0	0	0	0	0	0	0	0	0	0	0	0	0	604	0	180	0	0	0	0	0	0	0	0	0	170	0	0	0	176	0	0	0	0	0	0	0	0	0	0	0	4602	0	0	0	2382	0	1026	0	0	0	0	0	7010	0	0	0	10944	0	5906	0	2264	334	8680	0	872	0	0	0	0	0	0	0	0	0	130	0	0	0	0	0	202	0	0	0	0	0	0	0	0	0	0	0	0	0	0	0	0	0	0	0	0	0	0	0	0	0	0	0	0	0	0	
222988	Parietal_Inf_L	3000	250	418	0	0	0	326	0	0	0	0	0	0	0	0	0	772	0	354	0	0	0	0	0	0	0	0	0	354	0	0	0	364	0	124	294	370	0	0	0	0	0	2424	0	374	0	0	0	4032	0	15152	0	0	146	0	332	20828	130	18710	0	0	0	12196	0	17622	0	4124	0	780	0	0	0	0	0	0	0	0	0	0	0	2232	0	0	0	4884	0	0	0	902	0	0	0	0	0	0	0	0	0	0	0	0	0	0	0	0	0	0	0	0	0	0	0	0	0	0	0	
112984	Parietal_Inf_R	0	664	0	0	0	0	0	0	0	0	0	0	0	0	0	0	0	982	0	614	0	0	0	0	0	0	0	0	0	466	0	0	0	608	0	0	0	0	0	0	0	0	0	710	0	0	0	634	0	752	0	2942	0	132	0	128	0	7752	0	10944	0	0	0	15358	0	8918	0	936	0	616	0	0	0	0	0	0	0	0	0	186	0	340	0	0	0	2810	0	0	0	0	0	0	0	0	0	0	0	0	0	0	0	0	0	0	0	0	0	0	0	0	0	0	0	0	0	0	
101772	SupraMarginal_L	438	0	0	0	0	0	0	0	0	0	0	0	0	0	0	0	3060	0	0	0	0	0	0	0	0	0	0	0	312	0	0	0	0	0	0	0	0	0	0	0	0	0	2230	0	150	0	0	0	0	0	1988	0	0	0	0	0	5940	0	1038	0	12196	0	0	0	8748	0	2402	0	0	0	0	0	0	0	0	0	0	0	0	0	7050	0	0	0	4894	0	0	0	440	0	0	0	0	0	0	0	0	0	0	0	0	0	0	0	0	0	0	0	0	0	0	0	0	0	0	0	
131532	SupraMarginal_R	0	916	0	0	0	0	0	0	0	0	0	0	0	0	0	0	0	5004	0	208	0	0	0	0	0	0	0	0	0	664	0	0	0	192	0	0	0	0	0	0	0	0	0	1698	0	0	0	1258	0	136	0	1518	0	470	0	238	0	11954	0	5906	0	15358	0	0	0	4460	0	1058	0	158	0	402	0	0	0	0	0	560	0	520	0	5264	0	0	0	7632	0	0	0	192	0	0	0	0	0	0	0	0	0	0	0	0	0	0	0	0	0	0	0	0	0	0	0	0	0	0	
114200	Angular_L	0	0	0	0	0	0	0	0	0	0	0	0	0	0	0	0	294	0	0	0	0	0	0	0	0	0	0	0	0	0	0	0	0	0	0	0	0	0	0	0	0	0	2246	0	170	0	0	0	0	0	8326	0	0	0	0	0	0	0	4076	0	17622	0	8748	0	0	0	2368	0	0	0	0	0	0	0	0	0	0	0	0	0	2594	0	0	0	9862	0	0	0	794	0	0	0	0	0	0	0	0	0	0	0	0	0	0	0	0	0	0	0	0	0	0	0	0	0	0	0	
88332	Angular_R	0	634	0	0	0	0	0	0	0	0	0	0	0	0	0	0	0	0	0	660	0	0	0	0	0	0	0	0	0	0	0	0	0	666	0	0	0	0	0	0	0	0	0	866	0	680	0	744	0	2942	0	11698	0	0	0	0	0	248	0	2264	0	8918	0	4460	0	0	0	1040	0	654	0	0	0	0	0	0	0	0	0	0	0	1698	0	0	0	5994	0	0	0	0	0	0	0	0	0	0	0	0	0	0	0	0	0	0	0	0	0	0	0	0	0	0	0	0	0	0	
167348	Precuneus_L	0	0	0	0	0	0	0	0	0	0	0	0	0	0	0	0	0	0	502	0	0	0	0	0	0	0	0	0	0	0	0	0	4248	162	3090	466	1118	168	736	0	0	0	11718	164	7452	1274	1614	0	8446	0	8632	0	1430	0	218	0	2614	0	12512	334	4124	0	2402	0	2368	0	0	2998	3612	0	0	0	0	0	0	0	0	0	0	0	0	0	0	0	890	0	0	0	382	0	0	0	0	0	0	0	0	0	0	0	0	0	0	0	0	0	0	0	0	0	0	0	0	0	0	0	
236308	Precuneus_R	152	3582	0	0	0	0	0	0	0	0	0	0	0	0	0	0	0	0	394	4938	0	0	0	0	0	0	0	0	0	0	0	0	1258	8158	1426	11850	336	1336	0	1414	0	0	0	12900	0	16288	0	5398	0	5044	262	3780	0	2578	0	5176	0	4582	0	8680	0	936	0	1058	0	1040	2998	0	1274	7086	0	0	0	0	0	0	0	464	0	0	0	0	0	0	0	3270	0	0	0	200	0	0	0	0	0	0	0	0	0	0	0	0	0	0	0	0	0	0	0	0	296	0	0	0	0	0	
226292	Paracentral_Lobule_L	20982	6002	1860	2698	0	0	0	0	0	0	0	0	0	0	0	0	0	0	22702	10426	0	0	0	0	0	0	0	0	0	0	0	0	3478	6398	4626	4580	0	1084	0	0	0	0	260	842	1526	0	0	164	456	0	2816	338	212	3300	146	4210	2238	1490	1174	0	780	0	0	0	0	0	3612	1274	0	2312	300	124	0	0	0	0	0	124	0	0	0	0	0	0	308	174	0	0	130	0	0	0	0	0	0	0	0	0	0	0	0	0	0	0	0	0	0	0	0	0	0	0	0	0	0	0	
100136	Paracentral_Lobule_R	466	7390	0	0	0	0	0	0	0	0	0	0	0	0	0	0	0	0	1722	10104	0	0	0	0	0	0	0	0	0	0	0	0	236	9450	1076	2410	0	0	0	0	0	0	0	318	0	924	0	0	0	372	0	220	0	0	0	0	0	3080	0	872	0	616	0	158	0	654	0	7086	2312	0	0	0	0	0	0	0	0	0	0	0	0	0	0	0	0	602	0	0	0	0	0	0	0	0	0	0	0	0	0	0	0	0	0	0	0	0	0	0	0	0	0	0	0	0	0	0	
219172	Caudate_L	4526	854	22866	2494	378	0	870	4420	152	0	0	2560	204	0	400	192	0	0	20760	3916	4824	5210	422	212	260	0	1616	0	1310	0	3546	2148	0	1188	0	0	1222	0	0	0	0	0	0	0	0	0	0	0	0	0	0	0	0	0	0	0	0	0	0	0	0	0	0	0	0	0	0	0	300	0	0	4540	8050	174	1006	0	8748	218	0	0	0	0	0	0	0	0	0	0	0	0	0	0	0	0	0	0	0	0	0	0	0	0	0	0	0	0	0	0	0	0	0	0	0	0	0	0	
326960	Caudate_R	492	2360	2188	27518	0	4440	216	4664	0	0	0	962	0	0	0	0	276	500	3426	24658	2136	2918	484	11324	0	3222	222	736	156	178	1550	17706	0	3102	0	0	0	1262	0	140	0	0	0	0	0	0	0	0	0	0	0	0	0	0	0	0	180	1756	0	0	0	0	0	402	0	0	0	0	124	0	4540	0	1448	12742	0	1700	176	23576	0	0	0	0	0	0	0	0	0	0	0	0	0	0	0	0	0	0	0	0	0	0	0	0	0	0	0	0	0	0	0	0	0	0	0	0	0	0	
408504	Putamen_L	6970	0	48858	0	9140	0	12162	0	2914	0	2692	0	2090	0	7866	0	3184	0	25722	0	1802	1440	406	0	250	0	1160	0	19888	0	2512	398	0	0	0	200	19344	156	328	0	0	0	0	0	0	0	0	0	0	0	0	0	0	0	314	0	2838	0	0	0	0	0	0	0	0	0	0	0	0	0	8050	1448	0	0	6600	0	13038	492	754	0	872	0	364	0	0	0	0	0	0	0	0	0	0	0	0	0	0	0	0	0	0	0	0	0	0	0	0	0	0	0	0	0	0	0	0	0	
248452	Putamen_R	0	6850	336	17586	0	6408	0	11756	0	126	0	5778	0	2938	0	1054	0	3304	348	9066	0	126	0	6170	0	3610	0	1170	0	12378	196	5704	0	338	0	0	0	8710	0	1688	0	376	0	0	0	0	0	0	0	0	0	0	0	0	0	0	0	428	0	0	0	0	0	0	0	0	0	0	0	0	174	12742	0	0	0	3312	0	1554	0	0	0	0	0	0	0	0	0	0	0	0	0	0	0	0	0	0	0	0	0	0	0	0	0	0	0	0	0	0	0	0	0	0	0	0	0	0	
62836	Pallidum_L	442	0	9230	0	0	0	740	0	0	0	0	0	0	0	0	0	290	0	4222	0	0	0	0	0	0	0	0	0	208	0	0	0	0	0	0	0	5096	0	0	0	0	0	0	0	0	0	0	0	0	0	0	0	0	0	0	0	0	0	0	0	0	0	0	0	0	0	0	0	0	0	1006	0	6600	0	0	0	3584	0	0	0	0	0	0	0	0	0	0	0	0	0	0	0	0	0	0	0	0	0	0	0	0	0	0	0	0	0	0	0	0	0	0	0	0	0	0	0	
23864	Pallidum_R	0	824	136	1640	0	0	0	2024	0	0	0	0	0	0	0	0	0	664	136	218	0	0	0	0	0	0	0	0	0	430	0	0	0	0	0	0	0	498	0	350	0	0	0	0	0	0	0	0	0	0	0	0	0	0	0	0	0	0	0	0	0	0	0	0	0	0	0	0	0	0	0	1700	0	3312	0	0	0	0	0	0	0	0	0	0	0	0	0	0	0	0	0	0	0	0	0	0	0	0	0	0	0	0	0	0	0	0	0	0	0	0	0	0	0	0	0	0	
254556	Thalamus_L	13816	134	31246	360	0	0	4182	0	0	0	1482	0	0	0	0	0	1480	0	21322	1790	0	0	0	0	0	0	0	0	1718	0	0	0	0	576	956	2102	12904	1726	790	710	0	0	0	0	0	0	0	0	0	0	0	0	0	0	152	0	2252	0	0	0	0	0	0	0	0	0	0	0	0	0	8748	176	13038	0	3584	0	0	1392	308	0	334	0	0	0	0	0	0	0	0	0	0	0	0	0	0	0	0	0	0	0	0	0	0	0	0	0	0	0	0	0	0	0	0	0	0	0	
149656	Thalamus_R	980	6208	1384	14774	0	0	334	1650	0	0	0	0	0	0	0	0	282	326	2430	5070	0	0	0	0	0	0	0	0	0	784	0	188	0	0	486	1366	710	5106	272	1840	0	0	0	0	0	0	0	0	0	0	0	0	0	0	0	132	196	1930	0	0	0	0	0	560	0	0	0	464	124	0	218	23576	492	1554	0	0	1392	0	0	0	0	0	0	0	0	0	0	0	0	0	0	0	0	0	0	0	0	0	0	0	0	0	0	0	0	0	0	0	0	0	0	0	0	0	0	0	
58752	Heschl_L	2418	0	942	0	0	0	654	0	0	0	406	0	0	0	0	0	3766	0	536	0	0	0	0	0	0	0	0	0	5538	0	0	0	0	0	0	0	2112	0	0	0	0	0	0	0	0	0	172	0	0	0	1010	0	1016	0	4130	0	1292	0	0	0	0	0	0	0	0	0	0	0	0	0	0	0	754	0	0	0	308	0	0	0	2174	0	0	0	1222	0	0	0	926	0	0	0	0	0	0	0	0	0	0	0	0	0	0	0	0	0	0	0	0	0	0	0	0	0	0	0	
29112	Heschl_R	0	0	0	0	0	0	0	0	0	0	0	0	0	0	0	0	0	2010	0	0	0	0	0	0	0	0	0	0	0	986	0	0	0	0	0	0	0	0	0	0	0	0	0	0	0	0	0	0	0	0	0	0	0	156	0	154	0	262	0	130	0	186	0	520	0	0	0	0	0	0	0	0	0	0	0	0	0	0	0	0	0	6326	0	0	0	2576	0	0	0	1250	0	0	0	0	0	0	0	0	0	0	0	0	0	0	0	0	0	0	0	0	0	0	0	0	0	0	
191296	Temporal_Sup_L	666	0	714	0	0	0	172	0	0	0	234	0	0	0	190	0	12480	0	322	0	132	0	0	0	0	0	0	0	7342	0	0	0	0	0	0	0	2402	0	174	0	0	0	0	0	0	0	0	0	0	0	934	0	380	0	4694	0	4560	0	2022	0	2232	0	7050	0	2594	0	0	0	0	0	0	0	872	0	0	0	334	0	2174	0	0	0	4548	0	25704	0	226	0	12496	0	0	0	0	0	0	0	0	0	0	0	0	0	0	0	0	0	0	0	0	0	0	0	0	0	0	0	
101928	Temporal_Sup_R	0	0	0	0	0	0	0	0	0	0	0	0	0	0	0	0	0	5320	0	0	0	0	0	0	0	0	0	0	0	5850	0	0	0	0	0	0	0	1606	0	0	0	0	0	0	0	0	0	0	0	0	0	364	0	0	0	2356	0	714	0	0	0	340	0	5264	0	1698	0	0	0	0	0	0	0	0	0	0	0	0	0	6326	0	0	0	848	0	15410	0	126	0	4742	0	0	0	0	0	0	0	0	0	0	0	0	0	0	0	0	0	0	0	0	0	0	0	0	0	0	
66896	Temporal_Pole_Sup_L	230	0	978	0	0	0	588	0	0	0	2176	0	352	0	342	0	2580	0	654	0	316	0	0	0	0	0	0	0	4246	0	0	0	0	0	0	0	1532	0	352	0	558	0	0	0	0	0	0	0	0	0	0	0	0	0	1442	0	0	0	0	0	0	0	0	0	0	0	0	0	0	0	0	0	364	0	0	0	0	0	0	0	4548	0	0	0	4356	0	4642	0	3192	0	0	0	0	0	0	0	0	0	0	0	0	0	0	0	0	0	0	0	0	0	0	0	0	0	0	0	
31968	Temporal_Pole_Sup_R	0	0	0	132	0	0	0	0	0	0	0	228	0	0	0	0	0	274	0	0	0	0	0	0	0	0	0	0	0	532	0	0	0	0	0	0	0	810	0	2248	0	1666	0	0	0	0	0	0	0	0	0	0	0	0	0	3856	0	0	0	0	0	0	0	0	0	0	0	0	0	0	0	0	0	0	0	0	0	0	0	0	0	848	0	0	0	1312	0	3442	0	636	0	0	0	0	0	0	0	0	0	0	0	0	0	0	0	0	0	0	0	0	0	0	0	0	0	0	
243900	Temporal_Mid_L	746	0	0	0	0	0	0	0	0	0	0	0	0	0	0	0	1882	0	0	0	0	0	0	0	0	0	0	0	1390	0	0	0	0	0	0	0	492	0	0	0	0	0	1116	0	1390	0	0	0	216	0	15752	0	1934	0	4944	0	1200	0	2662	0	4884	0	4894	0	9862	0	890	0	308	0	0	0	0	0	0	0	0	0	1222	0	25704	0	4356	0	0	0	4244	0	31862	0	0	0	0	0	0	0	0	0	0	0	0	0	0	0	0	0	0	0	0	0	0	0	0	0	0	0	
155592	Temporal_Mid_R	0	626	0	0	0	0	0	0	0	0	0	0	0	0	0	0	0	990	0	622	0	0	0	0	0	0	0	0	0	1222	0	0	0	708	164	640	0	300	0	0	0	0	0	2928	0	314	0	1548	0	364	0	9180	0	1634	0	2094	0	1186	0	202	0	2810	0	7632	0	5994	0	3270	174	602	0	0	0	0	0	0	0	0	0	2576	0	15410	0	1312	0	0	0	594	0	12700	0	0	0	0	0	0	0	0	0	0	0	0	0	0	0	0	0	0	0	0	0	0	0	0	0	0	
30900	Temporal_Pole_Mid_L	0	0	0	0	0	0	0	0	0	0	0	0	0	0	0	0	0	0	0	0	0	0	0	0	0	0	0	0	0	0	0	0	0	0	0	0	186	0	0	0	0	0	0	0	0	0	0	0	0	0	0	0	0	0	1710	0	0	0	0	0	0	0	0	0	0	0	0	0	0	0	0	0	0	0	0	0	0	0	0	0	226	0	4642	0	4244	0	0	0	4442	0	0	0	0	0	0	0	0	0	0	0	0	0	0	0	0	0	0	0	0	0	0	0	0	0	0	0	
17152	Temporal_Pole_Mid_R	0	0	0	0	0	0	0	0	0	0	0	0	0	0	0	0	0	0	0	0	0	0	0	0	0	0	0	0	0	0	0	0	0	0	0	0	0	0	0	1274	0	154	0	0	0	0	0	0	0	0	0	0	0	0	0	2818	0	0	0	0	0	0	0	0	0	0	0	0	0	0	0	0	0	0	0	0	0	0	0	0	0	126	0	3442	0	594	0	0	0	168	0	0	0	0	0	0	0	0	0	0	0	0	0	0	0	0	0	0	0	0	0	0	0	0	0	0	
173016	Temporal_Inf_L	0	0	0	0	0	0	0	0	0	0	0	0	0	0	0	0	322	0	0	0	0	0	0	0	0	0	0	0	1040	0	0	0	0	0	0	0	3224	0	0	0	896	0	362	0	688	0	0	0	0	0	4952	0	2732	0	12096	0	0	0	546	0	902	0	440	0	794	0	382	0	130	0	0	0	0	0	0	0	0	0	926	0	12496	0	3192	0	31862	0	4442	0	0	0	2556	0	304	0	0	0	140	0	940	0	144	0	0	0	0	0	0	0	0	0	0	0	0	0	0	0	
72980	Temporal_Inf_R	0	0	0	0	0	0	0	0	0	0	0	0	0	0	0	0	0	0	0	0	0	0	0	0	0	0	0	0	0	2406	0	0	0	0	0	186	0	1480	0	0	0	0	0	274	0	0	0	244	0	0	0	0	0	2804	0	7768	0	0	0	0	0	0	0	192	0	0	0	200	0	0	0	0	0	0	0	0	0	0	0	1250	0	4742	0	636	0	12700	0	168	0	0	0	1296	0	0	0	0	0	0	0	144	0	0	0	0	0	0	0	0	0	0	0	0	0	0	0	0	
409860	Cerebelum_Crus1_L	0	0	0	0	0	0	0	0	0	0	0	0	0	0	0	0	0	0	0	0	0	0	0	0	0	0	0	0	0	0	0	0	0	0	0	0	0	0	0	0	0	0	0	0	0	0	6238	326	0	0	560	0	776	0	24634	0	0	0	0	0	0	0	0	0	0	0	0	0	0	0	0	0	0	0	0	0	0	0	0	0	0	0	0	0	0	0	0	0	2556	0	0	858	34886	410	0	0	24888	0	63488	754	11050	0	15400	338	1526	974	250	0	0	0	1148	5680	4638	1130	1298	1124	
419672	Cerebelum_Crus1_R	0	0	0	0	0	0	0	0	0	0	0	0	0	0	0	0	0	0	0	0	0	0	0	0	0	0	0	0	0	0	0	0	0	0	0	0	0	0	0	0	0	0	0	0	0	0	0	6134	0	0	0	0	0	452	0	16316	0	0	0	0	0	0	0	0	0	0	0	0	0	0	0	0	0	0	0	0	0	0	0	0	0	0	0	0	0	0	0	0	0	1296	858	0	756	44986	0	1352	492	18826	892	63164	0	6546	0	18792	0	2472	0	0	0	138	7136	8132	8812	936	1008	340	
315544	Cerebelum_Crus2_L	0	0	0	0	0	0	0	0	0	0	0	0	0	0	0	0	0	0	0	0	0	0	0	0	0	0	0	0	0	0	0	0	0	0	0	0	0	0	0	0	0	0	0	0	0	0	1310	458	0	0	236	0	262	0	590	0	0	0	0	0	0	0	0	0	0	0	0	0	0	0	0	0	0	0	0	0	0	0	0	0	0	0	0	0	0	0	0	0	304	0	34886	756	0	5114	0	0	810	0	9656	436	32342	3200	33470	2838	4010	1070	636	0	0	0	132	3690	14576	3978	1738	1274	
297072	Cerebelum_Crus2_R	0	0	0	0	0	0	0	0	0	0	0	0	0	0	0	0	0	0	0	0	0	0	0	0	0	0	0	0	0	0	0	0	0	0	0	0	0	0	0	0	0	0	0	0	0	0	0	316	0	0	0	0	0	0	0	860	0	0	0	0	0	0	0	0	0	0	0	0	0	0	0	0	0	0	0	0	0	0	0	0	0	0	0	0	0	0	0	0	0	0	410	44986	5114	0	0	462	322	3540	438	15848	1176	20644	524	30266	0	2664	0	0	0	0	2202	1836	12618	2992	1048	270	
5660	Cerebelum_3_L	0	0	0	0	0	0	0	0	0	0	0	0	0	0	0	0	0	0	0	0	0	0	0	0	0	0	0	0	0	0	0	0	0	0	0	0	0	0	0	0	0	0	0	0	0	0	0	0	0	0	0	0	0	0	0	0	0	0	0	0	0	0	0	0	0	0	0	0	0	0	0	0	0	0	0	0	0	0	0	0	0	0	0	0	0	0	0	0	0	0	0	0	0	0	0	0	1416	0	144	0	0	0	180	0	640	0	0	0	450	0	0	0	0	0	0	0	
24692	Cerebelum_3_R	0	0	0	0	0	0	0	0	0	0	0	0	0	0	0	0	0	0	0	0	0	0	0	0	0	0	0	0	0	0	0	0	0	0	0	0	0	0	0	0	0	0	0	0	0	0	0	0	0	0	0	0	0	0	0	406	0	0	0	0	0	0	0	0	0	0	0	0	0	0	0	0	0	0	0	0	0	0	0	0	0	0	0	0	0	0	0	0	0	0	0	1352	0	462	0	0	0	4228	0	3318	0	0	0	530	0	242	0	0	0	718	760	0	330	0	0	0	
222268	Cerebelum_4_5_L	0	0	0	0	0	0	0	0	0	0	0	0	0	0	0	0	0	0	0	0	0	0	0	0	0	0	0	0	0	0	0	0	0	0	0	0	0	0	0	0	0	0	230	0	0	0	9448	434	0	0	252	0	718	0	16916	0	0	0	0	0	0	0	0	0	0	0	0	0	0	0	0	0	0	0	0	0	0	0	0	0	0	0	0	0	0	0	0	0	140	0	24888	492	810	322	1416	0	0	636	39734	842	540	0	1088	228	1856	412	256	0	0	0	5488	2418	0	0	700	870	
206448	Cerebelum_4_5_R	0	0	0	0	0	0	0	0	0	0	0	0	0	0	0	0	0	0	0	0	0	0	0	0	0	0	0	0	0	0	0	0	0	0	0	0	0	206	0	214	0	0	0	0	0	0	0	9794	0	0	0	0	0	1696	0	9258	0	0	0	0	0	0	0	0	0	0	0	0	0	0	0	0	0	0	0	0	0	0	0	0	0	0	0	0	0	0	0	0	0	0	0	18826	0	3540	0	4228	636	0	196	34618	0	0	0	2482	0	466	0	0	0	458	13928	2004	498	0	176	0	
391296	Cerebelum_6_L	0	0	0	0	0	0	0	0	0	0	0	0	0	0	0	0	0	0	0	0	0	0	0	0	0	0	0	0	0	0	0	0	0	0	0	0	0	0	0	0	0	0	284	0	0	0	15818	474	0	0	1454	0	2562	0	34920	0	0	0	0	0	0	0	0	0	0	0	0	0	0	0	0	0	0	0	0	0	0	0	0	0	0	0	0	0	0	0	0	0	940	0	63488	892	9656	438	144	0	39734	196	0	834	3660	0	3390	406	1014	732	196	0	0	0	2510	6190	2914	880	1038	884	
409360	Cerebelum_6_R	0	0	0	0	0	0	0	0	0	0	0	0	0	0	0	0	0	0	0	0	0	0	0	0	0	0	0	0	0	0	0	0	0	0	0	0	0	252	0	184	0	0	0	458	0	0	178	12948	0	296	0	138	0	2752	0	22298	0	0	0	0	0	0	0	0	0	0	0	0	0	0	0	0	0	0	0	0	0	0	0	0	0	0	0	0	0	0	0	0	0	144	754	63164	436	15848	0	3318	842	34618	834	0	0	808	0	7144	0	1620	0	0	0	230	14826	11264	6844	980	1020	482	
228928	Cerebelum_7b_L	0	0	0	0	0	0	0	0	0	0	0	0	0	0	0	0	0	0	0	0	0	0	0	0	0	0	0	0	0	0	0	0	0	0	0	0	0	0	0	0	0	0	0	0	0	0	0	0	0	0	0	0	0	0	644	0	0	0	0	0	0	0	0	0	0	0	0	0	0	0	0	0	0	0	0	0	0	0	0	0	0	0	0	0	0	0	0	0	144	0	11050	0	32342	1176	0	0	540	0	3660	0	0	1524	39358	2938	7624	330	948	0	0	0	0	144	5394	5194	1028	426	
132896	Cerebelum_7b_R	0	0	0	0	0	0	0	0	0	0	0	0	0	0	0	0	0	0	0	0	0	0	0	0	0	0	0	0	0	0	0	0	0	0	0	0	0	0	0	0	0	0	0	0	0	0	0	0	0	0	0	0	0	0	0	0	0	0	0	0	0	0	0	0	0	0	0	0	0	0	0	0	0	0	0	0	0	0	0	0	0	0	0	0	0	0	0	0	0	0	0	6546	3200	20644	0	0	0	0	0	808	1524	0	922	22494	0	1328	0	0	0	0	0	0	5948	2810	224	0	
288424	Cerebelum_8_L	0	0	0	0	0	0	0	0	0	0	0	0	0	0	0	0	0	0	0	0	0	0	0	0	0	0	0	0	0	0	0	0	0	0	0	0	0	0	0	0	0	0	0	0	0	0	0	0	0	0	0	0	0	0	224	0	0	0	0	0	0	0	0	0	0	0	0	0	0	0	0	0	0	0	0	0	0	0	0	0	0	0	0	0	0	0	0	0	0	0	15400	0	33470	524	180	0	1088	0	3390	0	39358	922	0	3826	20416	2424	2222	0	0	0	0	260	5230	8250	5262	1766	
265096	Cerebelum_8_R	0	0	0	0	0	0	0	0	0	0	0	0	0	0	0	0	0	0	0	0	0	0	0	0	0	0	0	0	0	0	0	0	0	0	0	0	0	0	0	0	0	0	0	0	0	0	0	0	0	0	0	0	0	0	0	216	0	0	0	0	0	0	0	0	0	0	0	0	0	0	0	0	0	0	0	0	0	0	0	0	0	0	0	0	0	0	0	0	0	0	338	18792	2838	30266	0	530	228	2482	406	7144	2938	22494	3826	0	326	16334	0	622	0	0	2154	728	7608	7208	3894	1176	
101088	Cerebelum_9_L	0	0	0	0	0	0	0	0	0	0	0	0	0	0	0	0	0	0	0	0	0	0	0	0	0	0	0	0	0	0	0	0	0	0	0	0	0	0	0	0	0	0	0	0	0	0	0	0	0	0	0	0	0	0	0	0	0	0	0	0	0	0	0	0	0	0	0	0	0	0	0	0	0	0	0	0	0	0	0	0	0	0	0	0	0	0	0	0	0	0	1526	0	4010	0	640	0	1856	0	1014	0	7624	0	20416	326	0	768	3940	0	0	0	924	992	170	1230	3842	1266	
117916	Cerebelum_9_R	0	0	0	0	0	0	0	0	0	0	0	0	0	0	0	0	0	0	0	0	0	0	0	0	0	0	0	0	0	0	0	0	0	0	0	0	0	0	0	0	0	0	0	0	0	0	0	0	0	0	0	0	0	0	0	0	0	0	0	0	0	0	0	0	0	0	0	0	0	0	0	0	0	0	0	0	0	0	0	0	0	0	0	0	0	0	0	0	0	0	974	2472	1070	2664	0	242	412	466	732	1620	330	1328	2424	16334	768	0	0	1876	0	0	1140	2564	2814	6242	7676	4810	
16896	Cerebelum_10_L	0	0	0	0	0	0	0	0	0	0	0	0	0	0	0	0	0	0	0	0	0	0	0	0	0	0	0	0	0	0	0	0	0	0	0	0	0	0	0	0	0	0	0	0	0	0	0	0	0	0	0	0	0	0	0	0	0	0	0	0	0	0	0	0	0	0	0	0	0	0	0	0	0	0	0	0	0	0	0	0	0	0	0	0	0	0	0	0	0	0	250	0	636	0	0	0	256	0	196	0	948	0	2222	0	3940	0	0	0	0	0	0	0	0	0	0	0	
4996	Cerebelum_10_R	0	0	0	0	0	0	0	0	0	0	0	0	0	0	0	0	0	0	0	0	0	0	0	0	0	0	0	0	0	0	0	0	0	0	0	0	0	0	0	0	0	0	0	0	0	0	0	0	0	0	0	0	0	0	0	0	0	0	0	0	0	0	0	0	0	0	0	0	0	0	0	0	0	0	0	0	0	0	0	0	0	0	0	0	0	0	0	0	0	0	0	0	0	0	0	0	0	0	0	0	0	0	0	622	0	1876	0	0	0	0	0	0	0	0	0	0	
4136	Vermis_1_2	0	0	0	0	0	0	0	0	0	0	0	0	0	0	0	0	0	0	0	0	0	0	0	0	0	0	0	0	0	0	0	0	0	0	0	0	0	0	0	0	0	0	0	0	0	0	0	0	0	0	0	0	0	0	0	0	0	0	0	0	0	0	0	0	0	0	0	0	0	0	0	0	0	0	0	0	0	0	0	0	0	0	0	0	0	0	0	0	0	0	0	0	0	0	450	0	0	0	0	0	0	0	0	0	0	0	0	0	0	1618	0	0	0	0	0	0	
6636	Vermis_3	0	0	0	0	0	0	0	0	0	0	0	0	0	0	0	0	0	0	0	0	0	0	0	0	0	0	0	0	0	0	0	0	0	0	0	0	0	0	0	0	0	0	0	0	0	0	0	0	0	0	0	0	0	0	0	0	0	0	0	0	0	0	0	0	0	0	0	0	0	0	0	0	0	0	0	0	0	0	0	0	0	0	0	0	0	0	0	0	0	0	0	138	0	0	0	718	0	458	0	230	0	0	0	0	0	0	0	0	1618	0	156	0	0	0	0	0	
164828	Vermis_4_5	0	0	0	0	0	0	0	0	0	0	0	0	0	0	0	0	0	0	0	0	0	0	0	0	0	0	0	0	0	0	0	0	0	0	0	222	0	136	0	150	0	0	138	144	0	0	1462	9600	0	142	0	0	0	1398	516	4068	0	0	0	0	0	0	0	0	0	0	0	296	0	0	0	0	0	0	0	0	0	0	0	0	0	0	0	0	0	0	0	0	0	0	1148	7136	132	2202	0	760	5488	13928	2510	14826	0	0	0	2154	924	1140	0	0	0	156	0	8012	716	0	1334	1576	
166436	Vermis_6	0	0	0	0	0	0	0	0	0	0	0	0	0	0	0	0	0	0	0	0	0	0	0	0	0	0	0	0	0	0	0	0	0	0	0	0	0	0	0	0	0	0	0	364	0	0	1354	7798	0	0	136	0	0	818	414	1434	0	0	0	0	0	0	0	0	0	0	0	0	0	0	0	0	0	0	0	0	0	0	0	0	0	0	0	0	0	0	0	0	0	0	5680	8132	3690	1836	0	0	2418	2004	6190	11264	144	0	260	728	992	2564	0	0	0	0	8012	0	8586	1854	3118	3428	
206956	Vermis_7	0	0	0	0	0	0	0	0	0	0	0	0	0	0	0	0	0	0	0	0	0	0	0	0	0	0	0	0	0	0	0	0	0	0	0	0	0	0	0	0	0	0	0	0	0	0	216	2656	0	0	0	0	0	368	0	558	0	0	0	0	0	0	0	0	0	0	0	0	0	0	0	0	0	0	0	0	0	0	0	0	0	0	0	0	0	0	0	0	0	0	4638	8812	14576	12618	0	330	0	498	2914	6844	5394	5948	5230	7608	170	2814	0	0	0	0	716	8586	0	6784	3176	2024	
124336	Vermis_8	0	0	0	0	0	0	0	0	0	0	0	0	0	0	0	0	0	0	0	0	0	0	0	0	0	0	0	0	0	0	0	0	0	0	0	0	0	0	0	0	0	0	0	0	0	0	0	0	0	0	0	0	0	0	0	0	0	0	0	0	0	0	0	0	0	0	0	0	0	0	0	0	0	0	0	0	0	0	0	0	0	0	0	0	0	0	0	0	0	0	1130	936	3978	2992	0	0	0	0	880	980	5194	2810	8250	7208	1230	6242	0	0	0	0	0	1854	6784	0	7604	4096	
101764	Vermis_9	0	0	0	0	0	0	0	0	0	0	0	0	0	0	0	0	0	0	0	0	0	0	0	0	0	0	0	0	0	0	0	0	0	0	0	0	0	0	0	0	0	0	0	0	0	0	0	0	0	0	0	0	0	0	0	0	0	0	0	0	0	0	0	0	0	0	0	0	0	0	0	0	0	0	0	0	0	0	0	0	0	0	0	0	0	0	0	0	0	0	1298	1008	1738	1048	0	0	700	176	1038	1020	1028	224	5262	3894	3842	7676	0	0	0	0	1334	3118	3176	7604	0	5698	
63020	Vermis_10	0	0	0	0	0	0	0	0	0	0	0	0	0	0	0	0	0	0	0	0	0	0	0	0	0	0	0	0	0	0	0	0	0	0	0	0	0	0	0	0	0	0	0	0	0	0	0	0	0	0	0	0	0	0	0	0	0	0	0	0	0	0	0	0	0	0	0	0	0	0	0	0	0	0	0	0	0	0	0	0	0	0	0	0	0	0	0	0	0	0	1124	340	1274	270	0	0	870	0	884	482	426	0	1766	1176	1266	4810	0	0	0	0	1576	3428	2024	4096	5698	0	
