data	data	574096	398764	823424	1.06174e+06	139740	120864	422528	186708	82156	22440	269576	187576	233720	140656	140912	66892	246144	139708	662700	928432	77100	72920	282444	356132	19248	86700	49712	77816	575580	320276	181784	384000	125032	449272	228740	255032	361568	335080	124336	170516	48456	49852	322956	452164	191320	290176	405248	332960	182708	314488	575488	271416	289728	207792	551124	418376	245668	181140	115856	74544	202576	117092	136620	121656	182372	166264	410344	490512	144236	138144	288024	493512	246756	333704	38780	23460	150524	225884	158620	27448	283844	122160	92896	38588	344336	198604	22600	11180	418832	212824	500288	440600	304080	236664	55220	104376	381148	289008	478600	447288	236416	137320	308276	308068	119388	111700	19048	15460	26412	88628	321880	171776	203708	140536	106124	50436	
data	data	Precentral_L	Precentral_R	Frontal_Sup_L	Frontal_Sup_R	Frontal_Sup_Orb_L	Frontal_Sup_Orb_R	Frontal_Mid_L	Frontal_Mid_R	Frontal_Mid_Orb_L	Frontal_Mid_Orb_R	Frontal_Inf_Oper_L	Frontal_Inf_Oper_R	Frontal_Inf_Tri_L	Frontal_Inf_Tri_R	Frontal_Inf_Orb_L	Frontal_Inf_Orb_R	Rolandic_Oper_L	Rolandic_Oper_R	Supp_Motor_Area_L	Supp_Motor_Area_R	Olfactory_L	Olfactory_R	Frontal_Sup_Medial_L	Frontal_Sup_Medial_R	Frontal_Med_Orb_L	Frontal_Med_Orb_R	Rectus_L	Rectus_R	Insula_L	Insula_R	Cingulum_Ant_L	Cingulum_Ant_R	Cingulum_Mid_L	Cingulum_Mid_R	Cingulum_Post_L	Cingulum_Post_R	Hippocampus_L	Hippocampus_R	ParaHippocampal_L	ParaHippocampal_R	Amygdala_L	Amygdala_R	Calcarine_L	Calcarine_R	Cuneus_L	Cuneus_R	Lingual_L	Lingual_R	Occipital_Sup_L	Occipital_Sup_R	Occipital_Mid_L	Occipital_Mid_R	Occipital_Inf_L	Occipital_Inf_R	Fusiform_L	Fusiform_R	Postcentral_L	Postcentral_R	Parietal_Sup_L	Parietal_Sup_R	Parietal_Inf_L	Parietal_Inf_R	SupraMarginal_L	SupraMarginal_R	Angular_L	Angular_R	Precuneus_L	Precuneus_R	Paracentral_Lobule_L	Paracentral_Lobule_R	Caudate_L	Caudate_R	Putamen_L	Putamen_R	Pallidum_L	Pallidum_R	Thalamus_L	Thalamus_R	Heschl_L	Heschl_R	Temporal_Sup_L	Temporal_Sup_R	Temporal_Pole_Sup_L	Temporal_Pole_Sup_R	Temporal_Mid_L	Temporal_Mid_R	Temporal_Pole_Mid_L	Temporal_Pole_Mid_R	Temporal_Inf_L	Temporal_Inf_R	Cerebelum_Crus1_L	Cerebelum_Crus1_R	Cerebelum_Crus2_L	Cerebelum_Crus2_R	Cerebelum_3_L	Cerebelum_3_R	Cerebelum_4_5_L	Cerebelum_4_5_R	Cerebelum_6_L	Cerebelum_6_R	Cerebelum_7b_L	Cerebelum_7b_R	Cerebelum_8_L	Cerebelum_8_R	Cerebelum_9_L	Cerebelum_9_R	Cerebelum_10_L	Cerebelum_10_R	Vermis_1_2	Vermis_3	Vermis_4_5	Vermis_6	Vermis_7	Vermis_8	Vermis_9	Vermis_10	
574096	Precentral_L	0	12878	8066	19026	0	0	19642	2116	0	0	9946	790	1364	144	0	0	11460	788	3094	5114	0	0	0	1360	0	0	0	0	12924	1298	218	1526	4230	580	15326	4824	9994	3828	1966	332	0	0	1350	0	340	0	1106	182	162	0	6710	0	2158	124	2422	0	26824	0	1210	0	2968	0	3118	0	1284	0	5372	0	15498	0	11538	4658	4478	400	924	0	12024	5142	7778	0	6784	0	0	0	4432	0	0	0	4838	0	136	0	0	0	0	0	116	0	138	0	0	0	0	0	0	0	0	0	0	0	0	0	0	0	0	0	
398764	Precentral_R	12878	0	3996	45148	0	0	1834	10410	0	0	382	4406	0	0	0	0	726	1134	6422	12722	0	0	0	0	0	0	0	0	1390	2198	0	0	708	2866	1394	5286	678	7760	0	678	0	0	0	5570	0	348	0	2526	0	1184	110	1110	0	7406	0	3224	722	12188	0	0	0	1202	0	1970	0	236	112	7334	3006	4928	1846	2116	720	958	194	118	1160	6086	442	108	226	570	0	0	0	2980	0	0	108	5558	0	0	0	0	0	0	0	0	0	0	0	0	0	0	0	0	0	0	0	0	0	0	0	0	0	0	
823424	Frontal_Sup_L	8066	3996	0	12742	4210	228	59560	5646	1720	0	14600	6138	14892	490	5280	0	7568	640	82418	25452	0	0	35114	1184	682	0	0	0	25782	4312	8950	2748	1364	6724	106	110	2990	0	244	0	286	0	0	0	0	0	0	0	0	0	178	0	0	98	1620	0	420	0	0	0	238	0	478	0	0	0	100	0	166	0	7482	10210	16886	9706	3910	210	4942	378	1104	0	4648	0	1624	0	382	0	0	0	2394	0	110	0	0	0	0	0	0	0	186	0	0	0	0	0	0	0	0	0	0	0	0	0	0	0	0	0	
1.06174e+06	Frontal_Sup_R	19026	45148	12742	0	0	6074	4188	16674	0	0	936	9850	216	9186	0	2458	2036	9676	21196	93160	234	320	8954	44856	0	4264	158	1722	1172	13686	1704	34444	1448	27928	1058	3500	492	6352	0	1606	0	0	104	1216	0	0	0	724	0	250	0	180	0	3678	0	1800	4452	1084	0	0	0	288	0	510	0	102	106	1920	3520	206	3286	40948	648	19812	152	3354	646	27562	234	274	688	392	0	540	0	2240	0	0	0	3488	0	0	0	0	0	0	0	0	0	0	0	0	0	0	0	0	0	0	0	0	0	0	0	0	0	0	
139740	Frontal_Sup_Orb_L	0	0	4210	0	0	214	466	0	11914	0	0	0	1880	0	12442	0	0	0	0	0	2672	1358	2740	0	2060	126	4838	856	9570	0	4104	490	0	0	0	0	124	0	198	0	448	0	0	0	0	0	0	0	0	0	0	0	0	0	0	0	0	0	0	0	0	0	0	0	0	0	0	0	0	0	1602	178	7050	0	0	0	0	0	0	0	0	0	330	0	0	0	0	0	0	0	0	0	0	0	0	0	0	0	0	0	0	0	0	0	0	0	0	0	0	0	0	0	0	0	0	0	
120864	Frontal_Sup_Orb_R	0	0	228	6074	214	0	0	748	0	3838	0	0	0	252	188	3948	0	0	286	494	1156	1768	160	6394	422	8366	506	6696	0	792	242	1306	0	0	0	0	0	0	0	0	0	0	0	0	0	0	0	0	0	0	0	0	0	0	0	0	0	0	0	0	0	0	0	0	0	0	0	0	0	0	1148	7286	104	7816	0	0	0	0	0	0	0	0	0	0	0	0	0	0	0	0	0	0	0	0	0	0	0	0	0	0	0	0	0	0	0	0	0	0	0	0	0	0	0	0	0	0	
422528	Frontal_Mid_L	19642	1834	59560	4188	466	0	0	1742	1502	0	10384	1472	23222	696	3098	0	4656	534	13566	2154	0	0	13892	1366	0	0	0	0	8476	944	1884	1308	178	436	326	246	1960	186	364	0	0	0	0	0	0	0	0	0	0	0	512	0	98	0	360	0	1592	0	176	0	1386	0	4548	0	256	0	384	0	0	0	7934	2808	2840	162	396	0	752	300	1834	0	2556	0	628	0	688	0	0	0	772	0	0	0	0	0	0	0	0	0	0	0	0	0	0	0	0	0	0	0	0	0	0	0	0	0	0	0	
186708	Frontal_Mid_R	2116	10410	5646	16674	0	748	1742	0	0	984	322	9118	0	7920	0	3618	234	592	3408	3482	0	0	370	1700	0	0	0	0	710	5160	396	2930	0	716	0	0	244	810	0	276	0	0	0	0	0	0	0	0	0	0	0	0	0	0	0	0	96	658	0	0	0	0	0	166	0	0	0	0	0	0	3316	1820	350	5662	104	0	94	360	176	0	98	128	0	0	0	0	0	0	0	0	0	0	0	0	0	0	0	0	0	0	0	0	0	0	0	0	0	0	0	0	0	0	0	0	0	0	
82156	Frontal_Mid_Orb_L	0	0	1720	0	11914	0	1502	0	0	0	0	0	2372	0	13194	0	0	0	0	0	314	0	0	0	316	0	2026	0	3728	0	1150	0	0	0	0	0	0	0	0	0	0	0	0	0	0	0	0	0	0	0	0	0	0	0	0	0	0	0	0	0	0	0	0	0	0	0	0	0	0	0	114	0	2474	0	0	0	0	0	0	0	0	0	254	0	0	0	0	0	0	0	0	0	0	0	0	0	0	0	0	0	0	0	0	0	0	0	0	0	0	0	0	0	0	0	0	0	
22440	Frontal_Mid_Orb_R	0	0	0	0	0	3838	0	984	0	0	0	0	0	436	0	4040	0	0	0	0	0	0	0	94	0	184	0	496	0	474	0	0	0	0	0	0	0	0	0	0	0	0	0	0	0	0	0	0	0	0	0	0	0	0	0	0	0	0	0	0	0	0	0	0	0	0	0	0	0	0	0	284	0	390	0	0	0	0	0	0	0	0	0	0	0	0	0	0	0	0	0	0	0	0	0	0	0	0	0	0	0	0	0	0	0	0	0	0	0	0	0	0	0	0	0	0	
269576	Frontal_Inf_Oper_L	9946	382	14600	936	0	0	10384	322	0	0	0	2862	14380	4524	224	120	14234	142	6990	1268	0	0	846	0	0	0	0	0	18410	3210	866	166	0	368	230	150	1244	136	224	0	0	0	0	0	0	0	0	0	0	0	0	0	0	0	318	0	1894	0	0	0	106	0	342	0	0	0	0	0	0	0	7006	2406	1698	1292	156	0	180	202	1188	0	5812	0	4638	0	152	0	0	0	234	0	0	0	0	0	0	0	0	0	0	0	0	0	0	0	0	0	0	0	0	0	0	0	0	0	0	0	
187576	Frontal_Inf_Oper_R	790	4406	6138	9850	0	0	1472	9118	0	0	2862	0	634	7796	0	302	976	5150	6112	7922	0	0	506	914	0	0	0	0	2884	10868	430	1812	130	754	0	0	316	228	0	106	0	0	0	0	0	0	0	0	0	0	0	0	0	0	0	0	0	162	0	0	0	0	0	0	0	0	0	0	0	0	3662	2264	282	3208	96	0	0	0	428	0	236	140	258	576	0	0	0	0	0	0	0	0	0	0	0	0	0	0	0	0	0	0	0	0	0	0	0	0	0	0	0	0	0	0	0	0	
233720	Frontal_Inf_Tri_L	1364	0	14892	216	1880	0	23222	0	2372	0	14380	634	0	1616	8604	0	2544	0	4742	318	0	0	5572	0	0	0	98	0	21752	1120	4358	384	0	0	0	0	206	0	0	0	0	0	0	0	0	0	0	0	0	0	0	0	0	0	0	0	0	0	0	0	0	0	0	0	0	0	0	0	0	0	1902	998	584	208	0	0	0	0	136	0	1408	0	1350	0	0	0	0	0	0	0	0	0	0	0	0	0	0	0	0	0	0	0	0	0	0	0	0	0	0	0	0	0	0	0	0	0	
140656	Frontal_Inf_Tri_R	144	0	490	9186	0	252	696	7920	0	436	4524	7796	1616	0	0	4756	174	120	514	2690	0	0	516	2672	0	0	0	0	1752	11900	312	4614	0	2750	0	0	0	168	0	96	0	0	0	0	0	0	0	0	0	0	0	0	0	0	0	0	0	0	0	0	0	0	0	0	0	0	0	0	0	0	1924	886	0	1424	0	0	0	0	0	0	0	0	0	0	0	0	0	0	0	0	0	0	0	0	0	0	0	0	0	0	0	0	0	0	0	0	0	0	0	0	0	0	0	0	0	0	
140912	Frontal_Inf_Orb_L	0	0	5280	0	12442	188	3098	0	13194	0	224	0	8604	0	0	0	0	0	290	0	1916	406	1082	0	0	0	1064	272	14802	0	648	0	0	0	0	0	0	0	268	0	356	0	0	0	0	0	0	0	0	0	0	0	0	0	0	0	0	0	0	0	0	0	0	0	0	0	0	0	0	0	684	114	4168	0	0	0	0	0	0	0	0	0	1356	0	0	0	0	0	0	0	0	0	0	0	0	0	0	0	0	0	0	0	0	0	0	0	0	0	0	0	0	0	0	0	0	0	
66892	Frontal_Inf_Orb_R	0	0	0	2458	0	3948	0	3618	0	4040	120	302	0	4756	0	0	0	0	226	1166	310	974	0	232	0	0	94	1666	140	4760	0	186	0	594	0	0	0	0	0	0	0	0	0	0	0	0	0	0	0	0	0	0	0	0	0	0	0	0	0	0	0	0	0	0	0	0	0	0	0	0	430	1520	0	1906	0	0	0	0	0	0	0	0	0	0	0	0	0	0	0	0	0	0	0	0	0	0	0	0	0	0	0	0	0	0	0	0	0	0	0	0	0	0	0	0	0	0	
246144	Rolandic_Oper_L	11460	726	7568	2036	0	0	4656	234	0	0	14234	976	2544	174	0	0	0	178	1516	460	0	0	0	0	0	0	0	0	19832	508	0	0	0	0	750	344	1430	302	0	0	0	0	0	0	0	0	0	0	0	0	1738	0	610	0	120	0	9208	0	0	0	638	0	2810	0	0	0	420	0	0	0	3490	696	2080	524	666	0	372	238	4202	0	16226	0	4344	0	2120	0	0	0	2642	0	0	0	0	0	0	0	0	0	0	0	0	0	0	0	0	0	0	0	0	0	0	0	0	0	0	0	
139708	Rolandic_Oper_R	788	1134	640	9676	0	0	534	592	0	0	142	5150	0	120	0	0	178	0	1582	11414	0	0	0	108	0	0	0	0	498	14624	0	0	0	388	0	114	190	2084	0	0	0	0	0	418	0	0	0	424	0	0	0	0	0	0	0	164	0	4100	0	0	0	0	0	2946	0	0	0	736	0	0	1420	1466	184	2094	0	164	116	294	178	1430	0	2698	0	596	0	244	0	0	0	226	0	0	0	0	0	0	0	0	0	0	0	0	0	0	0	0	0	0	0	0	0	0	0	0	0	0	
662700	Supp_Motor_Area_L	3094	6422	82418	21196	0	286	13566	3408	0	0	6990	6112	4742	514	290	226	1516	1582	0	53864	0	0	8596	5016	0	0	0	0	8476	2210	5862	7240	5388	20062	304	434	2136	180	156	96	214	0	130	0	0	0	0	0	0	0	0	0	0	124	1310	0	348	0	0	0	0	0	0	0	0	0	110	134	5408	228	6734	7912	11146	7116	3922	438	7776	570	278	0	2244	0	734	0	116	0	0	0	1684	0	112	0	0	0	0	0	0	0	180	0	0	0	0	0	0	0	0	0	0	0	0	0	0	0	0	0	
928432	Supp_Motor_Area_R	5114	12722	25452	93160	0	494	2154	3482	0	0	1268	7922	318	2690	0	1166	460	11414	53864	0	0	0	2310	16128	0	0	0	0	818	11222	2852	19998	5786	52992	1460	14662	104	1676	0	552	0	0	120	2706	0	1512	0	1746	0	980	0	630	0	3256	0	1046	1566	1312	0	0	0	0	0	142	0	0	988	9074	3374	13086	1580	33120	362	13836	116	2178	206	16414	0	258	132	0	0	540	0	376	0	0	0	1196	0	0	0	0	0	0	0	0	0	0	0	0	0	0	0	0	0	0	0	0	124	0	0	0	0	0	
77100	Olfactory_L	0	0	0	234	2672	1156	0	0	314	0	0	0	0	0	1916	310	0	0	0	0	0	6616	0	234	0	334	3438	2692	2464	0	1504	1478	0	0	0	0	0	0	790	0	1028	0	0	0	0	0	0	0	0	0	0	0	0	0	0	0	0	0	0	0	0	0	0	0	0	0	0	0	0	0	7306	2550	938	292	0	0	0	0	0	0	0	0	284	0	0	0	0	0	0	0	0	0	0	0	0	0	0	0	0	0	0	0	0	0	0	0	0	0	0	0	0	0	0	0	0	0	
72920	Olfactory_R	0	0	0	320	1358	1768	0	0	0	0	0	0	0	0	406	974	0	0	0	0	6616	0	0	314	0	932	2712	4138	0	1048	1820	2256	0	0	0	0	0	0	0	0	116	342	0	0	0	0	0	0	0	0	0	0	0	0	0	0	0	0	0	0	0	0	0	0	0	0	0	0	0	0	7092	3048	592	608	0	0	0	0	0	0	0	0	0	0	0	0	0	0	0	0	0	0	0	0	0	0	0	0	0	0	0	0	0	0	0	0	0	0	0	0	0	0	0	0	0	0	
282444	Frontal_Sup_Medial_L	0	0	35114	8954	2740	160	13892	370	0	0	846	506	5572	516	1082	0	0	0	8596	2310	0	0	0	11920	1886	514	208	0	8518	268	15100	7344	1594	6110	0	0	0	0	0	0	0	0	0	0	0	0	0	0	0	0	0	0	0	0	0	0	0	0	0	0	0	0	0	0	0	0	0	0	0	0	646	456	5716	184	0	0	0	0	0	0	0	0	100	0	0	0	0	0	0	0	0	0	0	0	0	0	0	0	0	0	0	0	0	0	0	0	0	0	0	0	0	0	0	0	0	0	
356132	Frontal_Sup_Medial_R	1360	0	1184	44856	0	6394	1366	1700	0	94	0	914	0	2672	0	232	0	108	5016	16128	234	314	11920	0	388	6166	158	1980	104	1988	990	29500	0	12706	0	0	0	0	0	0	0	0	0	0	0	0	0	0	0	0	0	0	0	0	0	0	0	0	0	0	0	0	0	0	0	0	0	0	0	0	1660	18916	0	8782	0	0	0	236	0	0	0	0	0	0	0	0	0	0	0	0	0	0	0	0	0	0	0	0	0	0	0	0	0	0	0	0	0	0	0	0	0	0	0	0	0	0	
19248	Frontal_Med_Orb_L	0	0	682	0	2060	422	0	0	316	0	0	0	0	0	0	0	0	0	0	0	0	0	1886	388	0	972	278	0	214	0	2056	0	0	0	0	0	0	0	0	0	0	0	0	0	0	0	0	0	0	0	0	0	0	0	0	0	0	0	0	0	0	0	0	0	0	0	0	0	0	0	0	0	350	0	0	0	0	0	0	0	0	0	0	0	0	0	0	0	0	0	0	0	0	0	0	0	0	0	0	0	0	0	0	0	0	0	0	0	0	0	0	0	0	0	0	0	
86700	Frontal_Med_Orb_R	0	0	0	4264	126	8366	0	0	0	184	0	0	0	0	0	0	0	0	0	0	334	932	514	6166	972	0	268	4606	0	0	734	3676	0	0	0	0	0	0	0	0	0	0	0	0	0	0	0	0	0	0	0	0	0	0	0	0	0	0	0	0	0	0	0	0	0	0	0	0	0	0	322	6904	0	4982	0	0	0	0	0	0	0	0	0	0	0	0	0	0	0	0	0	0	0	0	0	0	0	0	0	0	0	0	0	0	0	0	0	0	0	0	0	0	0	0	0	0	
49712	Rectus_L	0	0	0	158	4838	506	0	0	2026	0	0	0	98	0	1064	94	0	0	0	0	3438	2712	208	158	278	268	0	1550	454	0	1714	694	0	0	0	0	0	0	116	0	214	0	0	0	0	0	0	0	0	0	0	0	0	0	0	0	0	0	0	0	0	0	0	0	0	0	0	0	0	0	3218	552	326	172	0	0	0	0	0	0	0	0	0	0	0	0	0	0	0	0	0	0	0	0	0	0	0	0	0	0	0	0	0	0	0	0	0	0	0	0	0	0	0	0	0	0	
77816	Rectus_R	0	0	0	1722	856	6696	0	0	0	496	0	0	0	0	272	1666	0	0	0	0	2692	4138	0	1980	0	4606	1550	0	0	1006	504	1486	0	0	0	0	0	0	0	0	0	0	0	0	0	0	0	0	0	0	0	0	0	0	0	0	0	0	0	0	0	0	0	0	0	0	0	0	0	0	2616	3384	130	3108	0	0	0	0	0	0	0	0	0	0	0	0	0	0	0	0	0	0	0	0	0	0	0	0	0	0	0	0	0	0	0	0	0	0	0	0	0	0	0	0	0	0	
575580	Insula_L	12924	1390	25782	1172	9570	0	8476	710	3728	0	18410	2884	21752	1752	14802	140	19832	498	8476	818	2464	0	8518	104	214	0	454	0	0	1288	5994	368	0	234	1472	784	15100	702	1698	132	4504	0	248	0	0	0	236	116	0	0	1144	0	502	0	6016	0	3744	142	0	0	394	0	528	0	0	0	770	0	0	0	8024	2378	17902	1190	166	124	1088	554	10946	0	14814	0	7882	0	2924	0	0	0	8102	0	220	0	0	0	0	0	108	0	382	0	0	0	0	0	0	0	0	0	0	0	0	0	0	0	0	0	
320276	Insula_R	1298	2198	4312	13686	0	792	944	5160	0	474	3210	10868	1120	11900	0	4760	508	14624	2210	11222	0	1048	268	1988	0	0	0	1006	1288	0	344	3522	0	2040	686	762	518	5892	126	1502	0	1342	0	100	0	0	0	178	0	0	0	0	0	0	0	3568	0	1352	0	0	0	0	0	584	0	0	0	206	0	0	3252	6888	244	17780	0	0	184	974	94	1318	0	5866	0	878	0	994	0	0	0	3964	0	0	0	0	0	0	0	96	0	0	0	0	0	0	0	0	0	0	0	0	0	0	0	0	0	0	
181784	Cingulum_Ant_L	218	0	8950	1704	4104	242	1884	396	1150	0	866	430	4358	312	648	0	0	0	5862	2852	1504	1820	15100	990	2056	734	1714	504	5994	344	0	9474	2180	2764	0	0	0	0	0	0	0	0	0	0	0	0	0	0	0	0	0	0	0	0	0	0	0	0	0	0	0	0	0	0	0	0	0	0	98	0	3284	1548	6432	376	0	0	0	0	0	0	0	0	0	0	0	0	0	0	0	0	0	0	0	0	0	0	0	0	0	0	0	0	0	0	0	0	0	0	0	0	0	0	0	0	0	0	
384000	Cingulum_Ant_R	1526	0	2748	34444	490	1306	1308	2930	0	0	166	1812	384	4614	0	186	0	0	7240	19998	1478	2256	7344	29500	0	3676	694	1486	368	3522	9474	0	1294	20140	0	0	0	0	0	0	0	0	0	0	0	0	0	0	0	0	0	0	0	0	0	0	0	0	0	0	0	0	0	0	0	0	0	0	0	0	3682	21196	276	6210	0	0	0	252	0	0	0	0	0	0	0	0	0	0	0	0	0	0	0	0	0	0	0	0	0	0	0	0	0	0	0	0	0	0	0	0	0	0	0	0	0	0	
125032	Cingulum_Mid_L	4230	708	1364	1448	0	0	178	0	0	0	0	130	0	0	0	0	0	0	5388	5786	0	0	1594	0	0	0	0	0	0	0	2180	1294	0	8012	2900	1234	0	0	0	0	0	0	1094	0	782	338	230	0	1856	186	3346	0	580	0	152	0	254	0	320	0	344	0	0	0	562	0	5362	1010	6828	360	0	0	0	0	0	0	0	114	0	0	0	0	0	0	1688	0	0	0	664	0	0	0	0	0	0	0	0	0	0	0	0	0	0	0	0	0	0	0	0	0	0	0	0	0	0	0	
449272	Cingulum_Mid_R	580	2866	6724	27928	0	0	436	716	0	0	368	754	0	2750	0	594	0	388	20062	52992	0	0	6110	12706	0	0	0	0	234	2040	2764	20140	8012	0	1212	12270	0	0	0	0	0	0	0	2988	0	3188	0	1526	0	1872	0	722	0	814	0	368	158	692	0	0	0	0	0	0	0	0	1274	12560	1264	10290	342	2436	0	1066	0	0	0	0	0	0	0	0	0	0	0	166	0	0	0	142	0	0	0	0	0	0	0	0	0	0	0	0	0	0	0	0	0	0	0	0	122	0	0	0	0	0	
228740	Cingulum_Post_L	15326	1394	106	1058	0	0	326	0	0	0	230	0	0	0	0	0	750	0	304	1460	0	0	0	0	0	0	0	0	1472	686	0	0	2900	1212	0	10942	9722	5842	3056	616	0	0	7248	966	2028	120	3856	600	254	0	2048	0	1390	346	2006	440	1156	0	0	0	122	0	0	0	114	0	11446	2112	9516	564	0	0	0	198	0	0	3556	3790	1494	0	94	0	0	0	94	0	0	0	822	226	126	0	0	0	0	0	116	0	120	0	0	0	0	0	0	0	0	0	0	0	0	0	0	0	0	0	
255032	Cingulum_Post_R	4824	5286	110	3500	0	0	246	0	0	0	150	0	0	0	0	0	344	114	434	14662	0	0	0	0	0	0	0	0	784	762	0	0	1234	12270	10942	0	4988	10060	902	1222	0	0	0	4326	0	1424	680	6322	0	528	0	184	0	874	534	1226	158	128	0	0	0	0	0	0	0	0	1350	15438	698	7334	168	212	0	198	0	0	5068	5338	798	0	0	0	0	0	0	102	0	0	0	642	122	0	0	0	0	0	116	142	120	0	0	0	0	0	0	0	0	0	0	0	452	0	0	0	0	0	
361568	Hippocampus_L	9994	678	2990	492	124	0	1960	244	0	0	1244	316	206	0	0	0	1430	190	2136	104	0	0	0	0	0	0	0	0	15100	518	0	0	0	0	9722	4988	0	4614	15222	604	7536	0	6318	0	502	0	8454	556	0	0	1358	0	1036	0	21742	0	700	0	0	0	104	0	142	0	0	0	8446	324	144	0	546	342	7688	0	652	0	4354	2830	8464	0	4242	0	2572	0	2608	0	0	0	12064	0	1186	0	0	0	0	0	1056	0	1676	0	0	0	0	0	0	0	0	0	0	266	0	0	0	0	0	0	
335080	Hippocampus_R	3828	7760	0	6352	0	0	186	810	0	0	136	228	0	168	0	0	302	2084	180	1676	0	0	0	0	0	0	0	0	702	5892	0	0	0	0	5842	10060	4614	0	820	26864	0	8594	0	2320	0	0	660	6622	0	0	0	0	0	2706	494	23680	0	1080	0	0	0	0	0	2264	0	0	186	6150	0	0	0	146	0	7644	0	412	4158	7600	714	920	0	2710	0	1006	0	1250	0	0	0	4896	120	328	0	0	0	0	114	1380	118	460	0	0	0	0	0	0	0	0	0	0	304	0	0	0	0	0	
124336	ParaHippocampal_L	1966	0	244	0	198	0	364	0	0	0	224	0	0	0	268	0	0	0	156	0	790	0	0	0	0	0	116	0	1698	126	0	0	0	0	3056	902	15222	820	0	142	3364	0	2340	0	410	0	4800	408	0	0	464	0	412	0	9482	0	128	0	0	0	0	0	0	0	0	0	3166	0	118	0	126	0	1704	0	0	0	616	468	0	0	258	0	356	0	0	0	0	0	414	0	848	0	0	0	492	0	2578	0	1898	0	0	0	190	0	246	0	0	0	136	454	0	0	0	0	0	0	
170516	ParaHippocampal_R	332	678	0	1606	0	0	0	276	0	0	0	106	0	96	0	0	0	0	96	552	0	0	0	0	0	0	0	0	132	1502	0	0	0	0	616	1222	604	26864	142	0	0	5632	0	1444	0	0	160	4096	0	0	0	0	0	2752	0	18916	0	0	0	0	0	0	0	0	0	0	0	1936	0	0	0	0	0	3752	0	0	140	1820	136	252	0	646	0	1220	0	240	0	308	0	1970	0	852	0	0	0	238	0	2510	0	1198	0	0	0	0	0	216	0	0	0	0	0	0	0	0	0	0	
48456	Amygdala_L	0	0	286	0	448	0	0	0	0	0	0	0	0	0	356	0	0	0	214	0	1028	116	0	0	0	0	214	0	4504	0	0	0	0	0	0	0	7536	0	3364	0	0	0	0	0	0	0	0	0	0	0	0	0	0	0	2940	0	0	0	0	0	0	0	0	0	0	0	0	0	0	0	164	0	448	0	0	0	0	0	0	0	398	0	992	0	0	0	0	0	1220	0	0	0	0	0	0	0	0	0	0	0	0	0	0	0	0	0	0	0	0	0	0	0	0	0	0	0	
49852	Amygdala_R	0	0	0	0	0	0	0	0	0	0	0	0	0	0	0	0	0	0	0	0	0	342	0	0	0	0	0	0	0	1342	0	0	0	0	0	0	0	8594	0	5632	0	0	0	0	0	0	0	0	0	0	0	0	0	0	0	5656	0	0	0	0	0	0	0	0	0	0	0	0	0	0	0	0	0	762	0	0	0	0	0	0	0	0	0	2172	0	0	0	126	0	300	0	0	0	0	0	0	0	0	0	0	0	0	0	0	0	0	0	0	0	0	0	0	0	0	0	0	
322956	Calcarine_L	1350	0	0	104	0	0	0	0	0	0	0	0	0	0	0	0	0	0	130	120	0	0	0	0	0	0	0	0	248	0	0	0	1094	0	7248	0	6318	0	2340	0	0	0	0	8818	17106	5586	19416	3078	10184	1478	18366	0	10984	254	6508	190	2488	0	112	0	292	0	0	0	636	0	23380	878	2538	0	0	0	0	0	0	0	0	0	2050	0	832	0	0	0	1724	0	0	0	5318	0	0	0	0	0	0	0	116	0	194	0	0	0	0	0	0	0	0	0	0	0	0	0	0	0	0	0	
452164	Calcarine_R	0	5570	0	1216	0	0	0	0	0	0	0	0	0	0	0	0	0	418	0	2706	0	0	0	0	0	0	0	0	0	100	0	0	0	2988	966	4326	0	2320	0	1444	0	0	8818	0	5570	30678	698	26620	160	21714	0	11118	0	13644	0	11774	0	10580	0	1208	0	2388	0	1754	0	664	1144	43130	0	4812	0	0	0	0	0	0	0	0	0	0	0	394	0	0	0	1950	0	0	0	5210	0	0	0	0	0	0	0	0	0	0	0	0	0	0	0	0	0	0	0	0	0	0	0	0	0	0	
191320	Cuneus_L	340	0	0	0	0	0	0	0	0	0	0	0	0	0	0	0	0	0	0	0	0	0	0	0	0	0	0	0	0	0	0	0	782	0	2028	0	502	0	410	0	0	0	17106	5570	0	8252	2950	206	22284	2052	10116	0	2024	0	770	100	908	0	2834	0	0	0	0	0	270	0	12252	2436	784	0	0	0	0	0	0	0	0	0	0	0	0	0	0	0	0	0	0	0	684	0	0	0	0	0	0	0	0	0	0	0	0	0	0	0	0	0	0	0	0	0	0	0	0	0	0	0	
290176	Cuneus_R	0	348	0	0	0	0	0	0	0	0	0	0	0	0	0	0	0	0	0	1512	0	0	0	0	0	0	0	0	0	0	0	0	338	3188	120	1424	0	0	0	0	0	0	5586	30678	8252	0	144	2882	418	36358	0	14504	0	1984	0	1702	0	1108	0	720	0	782	0	204	0	1420	5838	21712	114	1420	0	0	0	0	0	0	0	0	0	0	0	0	0	0	0	1808	0	0	0	524	0	0	0	0	0	0	0	0	0	0	0	0	0	0	0	0	0	0	0	0	0	0	0	0	0	0	
405248	Lingual_L	1106	0	0	0	0	0	0	0	0	0	0	0	0	0	0	0	0	0	0	0	0	0	0	0	0	0	0	0	236	0	0	0	230	0	3856	680	8454	660	4800	160	0	0	19416	698	2950	144	0	4194	2276	0	15132	0	13488	0	25084	1240	616	0	0	0	232	0	0	0	126	0	13346	226	536	0	0	0	0	0	0	0	398	306	1978	0	816	0	0	0	1582	0	0	0	1916	0	10154	3304	1404	100	176	176	14684	3702	18134	5794	0	0	224	280	0	106	0	0	0	232	7990	6904	1860	134	180	204	
332960	Lingual_R	182	2526	0	724	0	0	0	0	0	0	0	0	0	0	0	0	0	424	0	1746	0	0	0	0	0	0	0	0	116	178	0	0	0	1526	600	6322	556	6622	408	4096	0	0	3078	26620	206	2882	4194	0	0	2026	148	1882	160	7162	1138	19346	0	2094	0	0	0	0	0	566	0	0	384	16552	0	1548	0	0	0	0	0	0	0	446	116	0	0	132	0	0	0	294	0	0	0	1314	2330	5150	330	0	0	0	4392	6720	5218	9622	0	0	0	0	0	0	0	0	0	0	6932	6136	1218	0	0	118	
182708	Occipital_Sup_L	162	0	0	0	0	0	0	0	0	0	0	0	0	0	0	0	0	0	0	0	0	0	0	0	0	0	0	0	0	0	0	0	1856	0	254	0	0	0	0	0	0	0	10184	160	22284	418	2276	0	0	0	26158	0	3554	0	1148	0	108	0	8494	0	704	0	0	0	2614	0	9910	0	0	0	0	0	0	0	0	0	0	0	0	0	0	0	0	0	536	0	0	0	534	0	0	0	0	0	0	0	0	0	0	0	0	0	0	0	0	0	0	0	0	0	0	0	0	0	0	0	
314488	Occipital_Sup_R	0	1184	0	250	0	0	0	0	0	0	0	0	0	0	0	0	0	0	0	980	0	0	0	0	0	0	0	0	0	0	0	0	186	1872	0	528	0	0	0	0	0	0	1478	21714	2052	36358	0	2026	0	0	0	29906	0	2934	0	1550	0	4230	0	6206	0	2912	0	1030	0	8402	2002	17214	0	1738	0	0	0	0	0	0	0	0	0	0	0	1524	0	0	0	7476	0	0	0	1492	0	0	0	0	0	0	0	0	0	0	0	0	0	0	0	0	0	0	0	0	0	0	0	0	0	0	
575488	Occipital_Mid_L	6710	110	178	0	0	0	512	0	0	0	0	0	0	0	0	0	1738	0	0	0	0	0	0	0	0	0	0	0	1144	0	0	0	3346	0	2048	0	1358	0	464	0	0	0	18366	0	10116	0	15132	148	26158	0	0	0	43782	0	19400	0	4462	0	11990	0	12672	0	1010	0	27678	0	26786	0	3306	0	0	0	0	0	0	0	0	0	3170	0	2142	0	0	0	25270	0	0	0	17168	0	294	0	0	0	0	0	420	0	500	0	0	0	0	0	0	0	0	0	0	0	166	0	0	0	0	0	
271416	Occipital_Mid_R	0	1110	0	180	0	0	0	0	0	0	0	0	0	0	0	0	0	0	0	630	0	0	0	0	0	0	0	0	0	0	0	0	0	722	0	184	0	0	0	0	0	0	0	11118	0	14504	0	1882	0	29906	0	0	0	10642	0	2812	0	1674	0	3596	0	6348	0	1030	0	21960	594	8102	0	1076	0	0	0	0	0	0	0	0	0	0	0	612	0	0	0	14440	0	0	0	2586	0	0	0	0	0	0	0	0	0	0	0	0	0	0	0	0	0	0	0	0	0	0	0	0	0	0	
289728	Occipital_Inf_L	2158	0	0	0	0	0	98	0	0	0	0	0	0	0	0	0	610	0	0	0	0	0	0	0	0	0	0	0	502	0	0	0	580	0	1390	0	1036	0	412	0	0	0	10984	0	2024	0	13488	160	3554	0	43782	0	0	0	25710	0	526	0	0	0	190	0	160	0	2638	0	5552	0	910	0	0	0	0	0	0	0	0	0	1442	0	1308	0	0	0	6452	0	0	0	15646	0	1164	0	0	0	0	0	760	184	884	138	0	0	0	0	0	0	0	0	0	0	326	96	0	0	0	0	
207792	Occipital_Inf_R	124	7406	98	3678	0	0	0	0	0	0	0	0	0	0	0	0	0	0	124	3256	0	0	0	0	0	0	0	0	0	0	0	0	0	814	346	874	0	2706	0	2752	0	0	254	13644	0	1984	0	7162	0	2934	0	10642	0	0	0	15668	0	500	0	0	0	274	0	484	0	624	0	7768	0	1784	0	460	0	0	0	0	0	480	0	0	0	278	0	0	0	5532	0	0	0	10972	0	0	0	0	0	0	0	126	0	0	0	0	0	0	0	0	0	0	0	0	148	0	0	0	0	0	
551124	Fusiform_L	2422	0	1620	0	0	0	360	0	0	0	318	0	0	0	0	0	120	0	1310	0	0	0	0	0	0	0	0	0	6016	0	0	0	152	0	2006	534	21742	494	9482	0	2940	0	6508	0	770	0	25084	1138	1148	0	19400	0	25710	0	0	468	360	0	0	0	114	0	0	0	616	0	4796	0	388	0	0	0	2868	0	0	0	692	324	3046	0	4550	0	2662	0	3436	0	1298	0	26486	0	28820	1284	1018	0	144	0	15200	1426	35482	2196	162	0	448	0	214	0	0	0	0	0	3976	2694	1010	0	0	110	
418376	Fusiform_R	0	3224	0	1800	0	0	0	0	0	0	0	0	0	0	0	0	0	164	0	1046	0	0	0	0	0	0	0	0	0	3568	0	0	0	368	440	1226	0	23680	0	18916	0	5656	190	11774	100	1702	1240	19346	0	1550	0	2812	0	15668	468	0	0	724	0	0	0	126	0	168	0	102	0	6420	0	586	0	0	0	1688	0	0	0	688	0	820	0	2636	0	3976	0	1596	0	496	0	15254	762	17162	0	470	0	810	2124	9986	1532	19440	0	0	0	196	0	342	0	0	0	0	4230	1514	402	0	0	0	
245668	Postcentral_L	26824	722	420	4452	0	0	1592	96	0	0	1894	0	0	0	0	0	9208	0	348	1566	0	0	0	0	0	0	0	0	3744	0	0	0	254	158	1156	158	700	0	128	0	0	0	2488	0	908	0	616	0	108	0	4462	0	526	0	360	0	0	0	6060	0	19156	0	7468	0	1652	0	6602	0	2584	0	2904	0	1610	0	588	0	3686	0	896	0	4780	0	0	0	940	0	0	0	1020	0	0	0	0	0	0	0	0	0	0	0	0	0	0	0	0	0	0	0	0	0	0	0	0	0	0	0	
181140	Postcentral_R	0	12188	0	1084	0	0	0	658	0	0	0	162	0	0	0	0	0	4100	0	1312	0	0	0	0	0	0	0	0	142	1352	0	0	0	692	0	128	0	1080	0	0	0	0	0	10580	0	1108	0	2094	0	4230	0	1674	0	500	0	724	0	0	0	4880	0	5948	0	10670	0	1352	0	15436	0	5074	0	0	0	192	0	0	0	0	0	418	0	1026	0	0	0	1144	0	0	0	622	0	0	0	0	0	0	0	0	0	0	0	0	0	0	0	0	0	0	0	0	0	0	0	0	0	0	
115856	Parietal_Sup_L	1210	0	0	0	0	0	176	0	0	0	0	0	0	0	0	0	0	0	0	0	0	0	0	0	0	0	0	0	0	0	0	0	320	0	0	0	0	0	0	0	0	0	112	0	2834	0	0	0	8494	0	11990	0	0	0	0	0	6060	0	0	0	9320	0	132	0	3520	0	12070	0	1430	0	0	0	0	0	0	0	0	0	0	0	0	0	0	0	130	0	0	0	130	0	0	0	0	0	0	0	0	0	0	0	0	0	0	0	0	0	0	0	0	0	0	0	0	0	0	0	
74544	Parietal_Sup_R	0	0	0	0	0	0	0	0	0	0	0	0	0	0	0	0	0	0	0	0	0	0	0	0	0	0	0	0	0	0	0	0	0	0	0	0	0	0	0	0	0	0	0	1208	0	720	0	0	0	6206	0	3596	0	0	0	0	0	4880	0	0	0	6552	0	392	0	6262	390	6854	0	212	0	0	0	0	0	0	0	0	0	0	0	0	0	0	0	0	0	0	0	0	0	0	0	0	0	0	0	0	0	0	0	0	0	0	0	0	0	0	0	0	0	0	0	0	0	0	
202576	Parietal_Inf_L	2968	0	238	0	0	0	1386	0	0	0	106	0	0	0	0	0	638	0	0	0	0	0	0	0	0	0	0	0	394	0	0	0	344	0	122	0	104	0	0	0	0	0	292	0	0	0	232	0	704	0	12672	0	190	0	114	0	19156	0	9320	0	0	0	18252	0	20572	0	2384	0	656	0	0	0	0	0	0	0	0	0	256	0	1410	0	0	0	4816	0	0	0	3962	0	0	0	0	0	0	0	0	0	0	0	0	0	0	0	0	0	0	0	0	0	0	0	0	0	0	0	
117092	Parietal_Inf_R	0	1202	0	288	0	0	0	0	0	0	0	0	0	0	0	0	0	0	0	0	0	0	0	0	0	0	0	0	0	0	0	0	0	0	0	0	0	0	0	0	0	0	0	2388	0	782	0	0	0	2912	0	6348	0	274	0	126	0	5948	0	6552	0	0	0	8280	0	18044	0	2902	0	0	0	0	0	0	0	0	0	0	0	0	0	478	0	0	0	1280	0	0	0	742	0	0	0	0	0	0	0	0	0	0	0	0	0	0	0	0	0	0	0	0	0	0	0	0	0	0	
136620	SupraMarginal_L	3118	0	478	0	0	0	4548	0	0	0	342	0	0	0	0	0	2810	0	0	0	0	0	0	0	0	0	0	0	528	0	0	0	0	0	0	0	142	0	0	0	0	0	0	0	0	0	0	0	0	0	1010	0	160	0	0	0	7468	0	132	0	18252	0	0	0	8728	0	382	0	0	0	0	0	96	0	0	0	0	0	336	0	6036	0	0	0	8434	0	0	0	5310	0	0	0	0	0	0	0	0	0	0	0	0	0	0	0	0	0	0	0	0	0	0	0	0	0	0	0	
121656	SupraMarginal_R	0	1970	0	510	0	0	0	166	0	0	0	0	0	0	0	0	0	2946	0	142	0	0	0	0	0	0	0	0	0	584	0	0	0	0	0	0	0	2264	0	0	0	0	0	1754	0	204	0	566	0	1030	0	1030	0	484	0	168	0	10670	0	392	0	8280	0	0	0	9848	0	2582	0	0	0	0	0	0	0	0	0	0	0	0	0	6348	0	0	0	6460	0	0	0	2430	0	0	0	0	0	0	0	0	0	0	0	0	0	0	0	0	0	0	0	0	0	0	0	0	0	0	
182372	Angular_L	1284	0	0	0	0	0	256	0	0	0	0	0	0	0	0	0	0	0	0	0	0	0	0	0	0	0	0	0	0	0	0	0	562	0	114	0	0	0	0	0	0	0	636	0	270	0	126	0	2614	0	27678	0	2638	0	616	0	1652	0	3520	0	20572	0	8728	0	0	0	3030	0	228	0	0	0	0	0	0	0	0	0	0	0	1616	0	0	0	10938	0	0	0	4108	0	0	0	0	0	0	0	0	0	0	0	0	0	0	0	0	0	0	0	0	0	0	0	0	0	0	0	
166264	Angular_R	0	236	0	102	0	0	0	0	0	0	0	0	0	0	0	0	0	0	0	0	0	0	0	0	0	0	0	0	0	0	0	0	0	0	0	0	0	0	0	0	0	0	0	664	0	1420	0	0	0	8402	0	21960	0	624	0	102	0	1352	0	6262	0	18044	0	9848	0	0	94	970	0	0	0	0	0	0	0	0	0	0	0	0	0	5052	0	0	0	7004	0	0	0	996	0	0	0	0	0	0	0	0	0	0	0	0	0	0	0	0	0	0	0	0	0	0	0	0	0	0	
410344	Precuneus_L	5372	112	100	106	0	0	384	0	0	0	0	0	0	0	0	0	420	0	110	988	0	0	0	0	0	0	0	0	770	0	0	0	5362	1274	11446	1350	8446	186	3166	0	0	0	23380	1144	12252	5838	13346	384	9910	2002	26786	594	5552	0	4796	0	6602	0	12070	390	2384	0	382	0	3030	94	0	10078	7218	596	0	0	0	0	0	0	110	0	2618	0	1092	0	0	0	7650	162	0	0	5120	0	0	0	0	0	0	0	0	0	0	0	0	0	0	0	0	0	0	0	0	0	0	0	0	0	0	0	
490512	Precuneus_R	0	7334	0	1920	0	0	0	0	0	0	0	0	0	0	0	0	0	736	134	9074	0	0	0	0	0	0	0	0	0	206	0	0	1010	12560	2112	15438	324	6150	0	1936	0	0	878	43130	2436	21712	226	16552	0	17214	0	8102	0	7768	0	6420	0	15436	0	6854	0	2902	0	2582	0	970	10078	0	392	11996	0	0	0	0	0	0	110	182	0	146	0	700	0	0	0	4076	0	0	0	4508	0	0	0	0	0	0	0	230	0	0	0	0	0	0	0	0	0	0	0	0	722	0	0	0	0	0	
144236	Paracentral_Lobule_L	15498	3006	166	3520	0	0	0	0	0	0	0	0	0	0	0	0	0	0	5408	3374	0	0	0	0	0	0	0	0	0	0	98	0	6828	1264	9516	698	144	0	118	0	0	0	2538	0	784	114	536	0	0	0	3306	0	910	0	388	0	2584	0	1430	0	656	0	0	0	228	0	7218	392	0	178	0	0	0	0	0	0	0	102	0	0	0	0	0	0	504	0	0	0	612	0	0	0	0	0	0	0	0	0	0	0	0	0	0	0	0	0	0	0	0	0	0	0	0	0	0	0	
138144	Paracentral_Lobule_R	0	4928	0	206	0	0	0	0	0	0	0	0	0	0	0	0	0	0	228	13086	0	0	0	0	0	0	0	0	0	0	0	0	360	10290	564	7334	0	0	0	0	0	0	0	4812	0	1420	0	1548	0	1738	0	1076	0	1784	0	586	0	5074	0	212	0	0	0	0	0	0	596	11996	178	0	0	0	0	0	0	0	0	0	0	0	0	0	0	0	0	388	0	0	0	534	0	0	0	0	0	0	0	0	0	0	0	0	0	0	0	0	0	0	0	0	134	0	0	0	0	0	
288024	Caudate_L	11538	1846	7482	3286	1602	1148	7934	3316	114	0	7006	3662	1902	1924	684	430	3490	1420	6734	1580	7306	7092	646	1660	0	322	3218	2616	8024	3252	3284	3682	0	342	0	168	546	0	126	0	164	0	0	0	0	0	0	0	0	0	0	0	0	0	0	0	2904	0	0	0	0	0	0	0	0	0	0	0	0	0	0	10238	6624	2812	904	0	7274	594	470	0	1184	0	1364	0	98	0	0	0	0	0	0	0	0	0	0	0	0	0	0	0	0	0	0	0	0	0	0	0	0	0	0	0	0	0	0	0	
493512	Caudate_R	4658	2116	10210	40948	178	7286	2808	1820	0	284	2406	2264	998	886	114	1520	696	1466	7912	33120	2550	3048	456	18916	0	6904	552	3384	2378	6888	1548	21196	0	2436	0	212	342	146	0	0	0	0	0	0	0	0	0	0	0	0	0	0	0	460	0	0	0	0	0	0	0	0	0	0	0	0	0	0	0	0	10238	0	1080	22894	150	1988	824	15476	210	0	238	0	0	0	0	124	0	0	0	428	0	0	0	0	0	0	0	0	0	0	0	0	0	0	0	0	0	0	0	0	0	0	0	0	0	0	
246756	Putamen_L	4478	720	16886	648	7050	104	2840	350	2474	0	1698	282	584	0	4168	0	2080	184	11146	362	938	592	5716	0	350	0	326	130	17902	244	6432	276	0	0	0	0	7688	0	1704	0	448	0	0	0	0	0	0	0	0	0	0	0	0	0	2868	0	1610	0	0	0	0	0	96	0	0	0	0	0	0	0	6624	1080	0	110	5110	0	2658	0	140	0	1580	0	1016	0	0	0	0	0	1302	0	184	0	0	0	0	0	0	0	200	0	0	0	0	0	0	0	0	0	0	0	0	0	0	0	0	0	
333704	Putamen_R	400	958	9706	19812	0	7816	162	5662	0	390	1292	3208	208	1424	0	1906	524	2094	7116	13836	292	608	184	8782	0	4982	172	3108	1190	17780	376	6210	0	1066	198	198	0	7644	0	3752	0	762	0	0	0	0	0	0	0	0	0	0	0	0	0	1688	0	192	0	0	0	0	0	0	0	0	0	0	0	0	2812	22894	110	0	0	2576	0	1654	0	0	0	718	0	146	0	0	0	0	0	244	0	0	0	0	0	0	0	0	0	0	0	0	0	0	0	0	0	0	0	0	0	0	0	0	0	0	
38780	Pallidum_L	924	194	3910	152	0	0	396	104	0	0	156	96	0	0	0	0	666	0	3922	116	0	0	0	0	0	0	0	0	166	0	0	0	0	0	0	0	652	0	0	0	0	0	0	0	0	0	0	0	0	0	0	0	0	0	0	0	588	0	0	0	0	0	0	0	0	0	0	0	0	0	904	150	5110	0	0	0	1034	0	0	0	150	0	0	0	0	0	0	0	0	0	0	0	0	0	0	0	0	0	0	0	0	0	0	0	0	0	0	0	0	0	0	0	0	0	0	0	
23460	Pallidum_R	0	118	210	3354	0	0	0	0	0	0	0	0	0	0	0	0	0	164	438	2178	0	0	0	0	0	0	0	0	124	0	0	0	0	0	0	0	0	412	0	0	0	0	0	0	0	0	0	0	0	0	0	0	0	0	0	0	0	0	0	0	0	0	0	0	0	0	0	0	0	0	0	1988	0	2576	0	0	0	168	0	0	0	0	0	0	0	0	0	0	0	0	0	0	0	0	0	0	0	0	0	0	0	0	0	0	0	0	0	0	0	0	0	0	0	0	0	0	
150524	Thalamus_L	12024	1160	4942	646	0	0	752	94	0	0	180	0	0	0	0	0	372	116	7776	206	0	0	0	0	0	0	0	0	1088	184	0	0	0	0	3556	5068	4354	4158	616	140	0	0	0	0	0	0	398	0	0	0	0	0	0	0	692	0	3686	0	0	0	0	0	0	0	0	0	110	110	0	0	7274	824	2658	0	1034	0	0	9926	722	0	118	0	0	0	0	0	0	0	178	0	0	0	0	0	0	0	0	0	0	0	0	0	0	0	0	0	0	0	0	100	0	0	0	0	0	0	
225884	Thalamus_R	5142	6086	378	27562	0	0	300	360	0	0	202	0	0	0	0	0	238	294	570	16414	0	0	0	236	0	0	0	0	554	974	0	252	114	0	3790	5338	2830	7600	468	1820	0	0	0	0	0	0	306	446	0	0	0	0	0	480	324	688	0	0	0	0	0	0	0	0	0	0	0	182	102	0	594	15476	0	1654	0	168	9926	0	428	0	0	0	0	0	0	130	0	0	0	516	0	0	0	0	0	0	0	0	0	0	0	0	0	0	0	0	0	0	0	0	0	0	0	0	0	0	
158620	Heschl_L	7778	442	1104	234	0	0	1834	176	0	0	1188	428	136	0	0	0	4202	178	278	0	0	0	0	0	0	0	0	0	10946	94	0	0	0	0	1494	798	8464	714	0	136	0	0	2050	0	0	0	1978	116	0	0	3170	0	1442	0	3046	0	896	0	0	0	256	0	336	0	0	0	2618	0	0	0	470	210	140	0	0	0	722	428	0	0	7032	0	0	0	7646	0	0	0	6130	0	0	0	0	0	0	0	0	0	0	0	0	0	0	0	0	0	0	0	0	0	0	0	0	0	0	0	
27448	Heschl_R	0	108	0	274	0	0	0	0	0	0	0	0	0	0	0	0	0	1430	0	258	0	0	0	0	0	0	0	0	0	1318	0	0	0	0	0	0	0	920	0	252	0	0	0	0	0	0	0	0	0	0	0	0	0	0	0	820	0	418	0	0	0	0	0	0	0	0	0	146	0	0	0	0	0	0	0	0	0	0	0	0	0	4018	0	0	0	1642	0	0	0	2120	0	0	0	0	0	0	0	0	0	0	0	0	0	0	0	0	0	0	0	0	0	0	0	0	0	0	
283844	Temporal_Sup_L	6784	226	4648	688	0	0	2556	98	0	0	5812	236	1408	0	0	0	16226	0	2244	132	0	0	0	0	0	0	0	0	14814	0	0	0	0	0	94	0	4242	0	258	0	398	0	832	0	0	0	816	0	0	0	2142	0	1308	0	4550	0	4780	0	0	0	1410	0	6036	0	1616	0	1092	0	0	0	1184	238	1580	0	150	0	118	0	7032	0	0	0	3592	0	25610	0	0	0	16828	0	144	0	0	0	0	0	0	0	0	0	0	0	0	0	0	0	0	0	0	0	0	0	0	0	0	0	
122160	Temporal_Sup_R	0	570	0	392	0	0	0	128	0	0	0	140	0	0	0	0	0	2698	0	0	0	0	0	0	0	0	0	0	0	5866	0	0	0	0	0	0	0	2710	0	646	0	0	0	394	0	0	0	132	0	1524	0	612	0	278	0	2636	0	1026	0	0	0	478	0	6348	0	5052	0	700	0	0	0	0	0	718	0	0	0	0	0	4018	0	0	0	518	0	14330	0	114	0	9052	0	0	0	0	0	0	0	0	0	0	0	0	0	0	0	0	0	0	0	0	0	0	0	0	0	0	
92896	Temporal_Pole_Sup_L	0	0	1624	0	330	0	628	0	254	0	4638	258	1350	0	1356	0	4344	0	734	0	284	0	100	0	0	0	0	0	7882	0	0	0	0	0	0	0	2572	0	356	0	992	0	0	0	0	0	0	0	0	0	0	0	0	0	2662	0	0	0	0	0	0	0	0	0	0	0	0	0	0	0	1364	0	1016	0	0	0	0	0	0	0	3592	0	0	0	3350	0	2942	0	3820	0	0	0	0	0	0	0	0	0	0	0	0	0	0	0	0	0	0	0	0	0	0	0	0	0	0	0	
38588	Temporal_Pole_Sup_R	0	0	0	540	0	0	0	0	0	0	0	576	0	0	0	0	0	596	0	540	0	0	0	0	0	0	0	0	0	878	0	0	0	0	0	0	0	1006	0	1220	0	2172	0	0	0	0	0	0	0	0	0	0	0	0	0	3976	0	0	0	0	0	0	0	0	0	0	0	0	0	0	0	0	0	146	0	0	0	0	0	0	0	518	0	0	0	1466	0	2126	0	3534	0	0	0	0	0	0	0	0	0	0	0	0	0	0	0	0	0	0	0	0	0	0	0	0	0	0	
344336	Temporal_Mid_L	4432	0	382	0	0	0	688	0	0	0	152	0	0	0	0	0	2120	0	116	0	0	0	0	0	0	0	0	0	2924	0	0	0	1688	0	94	0	2608	0	0	0	0	0	1724	0	0	0	1582	0	536	0	25270	0	6452	0	3436	0	940	0	130	0	4816	0	8434	0	10938	0	7650	0	504	0	98	0	0	0	0	0	0	0	7646	0	25610	0	3350	0	0	0	3506	0	44230	0	112	0	0	0	0	0	0	0	0	0	0	0	0	0	0	0	0	0	0	0	0	0	0	0	0	0	
198604	Temporal_Mid_R	0	2980	0	2240	0	0	0	0	0	0	0	0	0	0	0	0	0	244	0	376	0	0	0	0	0	0	0	0	0	994	0	0	0	166	0	102	0	1250	0	240	0	0	0	1950	0	1808	0	294	0	7476	0	14440	0	5532	0	1596	0	1144	0	0	0	1280	0	6460	0	7004	162	4076	0	388	0	124	0	0	0	0	0	130	0	1642	0	14330	0	1466	0	0	0	1388	0	18020	0	0	0	0	0	0	0	0	0	0	0	0	0	0	0	0	0	0	0	0	0	0	0	0	0	0	
22600	Temporal_Pole_Mid_L	0	0	0	0	0	0	0	0	0	0	0	0	0	0	0	0	0	0	0	0	0	0	0	0	0	0	0	0	0	0	0	0	0	0	0	0	0	0	0	0	0	0	0	0	0	0	0	0	0	0	0	0	0	0	1298	0	0	0	0	0	0	0	0	0	0	0	0	0	0	0	0	0	0	0	0	0	0	0	0	0	0	0	2942	0	3506	0	0	0	3554	0	0	0	0	0	0	0	0	0	0	0	0	0	0	0	0	0	0	0	0	0	0	0	0	0	0	0	
11180	Temporal_Pole_Mid_R	0	0	0	0	0	0	0	0	0	0	0	0	0	0	0	0	0	0	0	0	0	0	0	0	0	0	0	0	0	0	0	0	0	0	0	0	0	0	0	308	0	126	0	0	0	0	0	0	0	0	0	0	0	0	0	496	0	0	0	0	0	0	0	0	0	0	0	0	0	0	0	0	0	0	0	0	0	0	0	0	0	114	0	2126	0	1388	0	0	0	1032	0	0	0	0	0	0	0	0	0	0	0	0	0	0	0	0	0	0	0	0	0	0	0	0	0	0	
418832	Temporal_Inf_L	4838	108	2394	0	0	0	772	0	0	0	234	0	0	0	0	0	2642	0	1684	0	0	0	0	0	0	0	0	0	8102	0	0	0	664	0	822	0	12064	0	414	0	1220	0	5318	0	684	0	1916	0	534	0	17168	0	15646	0	26486	0	1020	0	130	0	3962	0	5310	0	4108	0	5120	0	612	0	0	0	1302	0	0	0	178	0	6130	0	16828	0	3820	0	44230	0	3554	0	0	0	5628	0	292	0	108	0	674	0	2574	0	0	0	126	0	0	0	0	0	0	0	0	0	0	0	0	0	
212824	Temporal_Inf_R	0	5558	0	3488	0	0	0	0	0	0	0	0	0	0	0	0	0	226	0	1196	0	0	0	0	0	0	0	0	0	3964	0	0	0	142	226	642	0	4896	0	1970	0	300	0	5210	0	524	0	1314	0	1492	0	2586	0	10972	0	15254	0	622	0	0	0	742	0	2430	0	996	0	4508	0	534	0	428	0	244	0	0	0	516	0	2120	0	9052	0	3534	0	18020	0	1032	0	0	0	1080	0	94	0	0	0	0	0	500	0	0	0	0	0	0	0	0	0	0	0	0	0	0	0	0	
500288	Cerebelum_Crus1_L	136	0	110	0	0	0	0	0	0	0	0	0	0	0	0	0	0	0	112	0	0	0	0	0	0	0	0	0	220	0	0	0	0	0	126	122	1186	120	848	0	0	0	0	0	0	0	10154	2330	0	0	294	0	1164	0	28820	762	0	0	0	0	0	0	0	0	0	0	0	0	0	0	0	0	184	0	0	0	0	0	0	0	144	0	0	0	112	0	0	0	5628	0	0	5452	30196	2792	2414	982	24556	1562	64458	5684	10354	978	13148	1960	3480	550	664	0	350	1002	7664	8396	8128	1120	954	728	
440600	Cerebelum_Crus1_R	0	0	0	0	0	0	0	0	0	0	0	0	0	0	0	0	0	0	0	0	0	0	0	0	0	0	0	0	0	0	0	0	0	0	0	0	0	328	0	852	0	0	0	0	0	0	3304	5150	0	0	0	0	0	0	1284	17162	0	0	0	0	0	0	0	0	0	0	0	0	0	0	0	0	0	0	0	0	0	0	0	0	0	0	0	0	0	0	0	0	0	1080	5452	0	1684	22620	326	4424	6354	27410	5336	62024	326	1538	1076	14086	200	1048	0	1000	0	1730	15602	7910	8898	804	756	536	
304080	Cerebelum_Crus2_L	0	0	0	0	0	0	0	0	0	0	0	0	0	0	0	0	0	0	0	0	0	0	0	0	0	0	0	0	0	0	0	0	0	0	0	0	0	0	0	0	0	0	0	0	0	0	1404	330	0	0	0	0	0	0	1018	0	0	0	0	0	0	0	0	0	0	0	0	0	0	0	0	0	0	0	0	0	0	0	0	0	0	0	0	0	0	0	0	0	292	0	30196	1684	0	7708	404	722	1750	218	3824	836	35132	6148	30646	6482	5584	792	662	0	104	526	854	1354	9096	3270	900	104	
236664	Cerebelum_Crus2_R	0	0	0	0	0	0	0	0	0	0	0	0	0	0	0	0	0	0	0	0	0	0	0	0	0	0	0	0	0	0	0	0	0	0	0	0	0	0	0	0	0	0	0	0	0	0	100	0	0	0	0	0	0	0	0	470	0	0	0	0	0	0	0	0	0	0	0	0	0	0	0	0	0	0	0	0	0	0	0	0	0	0	0	0	0	0	0	0	0	94	2792	22620	7708	0	238	1042	526	1320	464	4506	4650	18308	4424	31570	214	1756	0	1252	0	530	652	398	9774	1890	764	270	
55220	Cerebelum_3_L	0	0	0	0	0	0	0	0	0	0	0	0	0	0	0	0	0	0	0	0	0	0	0	0	0	0	0	0	0	0	0	0	0	0	0	0	0	0	492	0	0	0	0	0	0	0	176	0	0	0	0	0	0	0	144	0	0	0	0	0	0	0	0	0	0	0	0	0	0	0	0	0	0	0	0	0	0	0	0	0	0	0	0	0	0	0	0	0	108	0	2414	326	404	238	0	912	6764	318	2172	410	324	0	1712	916	1576	838	0	0	1140	2564	1564	0	578	722	798	0	
104376	Cerebelum_3_R	0	0	0	0	0	0	0	0	0	0	0	0	0	0	0	0	0	0	0	0	0	0	0	0	0	0	0	0	0	0	0	0	0	0	0	0	0	0	0	238	0	0	0	0	0	0	176	0	0	0	0	0	0	0	0	810	0	0	0	0	0	0	0	0	0	0	0	0	0	0	0	0	0	0	0	0	0	0	0	0	0	0	0	0	0	0	0	0	0	0	982	4424	722	1042	912	0	2256	7210	962	6260	668	0	1292	3308	296	4114	0	0	1032	6676	3798	0	960	1644	2406	0	
381148	Cerebelum_4_5_L	116	0	0	0	0	0	0	0	0	0	0	0	0	0	0	0	0	0	0	0	0	0	0	0	0	0	0	0	108	0	0	0	0	0	116	116	1056	114	2578	0	0	0	116	0	0	0	14684	4392	0	0	420	0	760	0	15200	2124	0	0	0	0	0	0	0	0	0	0	0	0	0	0	0	0	0	0	0	0	0	0	0	0	0	0	0	0	0	0	0	0	674	0	24556	6354	1750	526	6764	2256	0	8520	35554	9642	1554	0	4498	2192	5134	1358	118	0	836	2726	23468	4116	1308	1716	1896	1158	
289008	Cerebelum_4_5_R	0	0	0	0	0	0	0	0	0	0	0	0	0	0	0	0	0	0	0	0	0	0	0	0	0	0	0	0	0	96	0	0	0	0	0	142	0	1380	0	2510	0	0	0	0	0	0	3702	6720	0	0	0	0	184	126	1426	9986	0	0	0	0	0	0	0	0	0	0	0	230	0	0	0	0	0	0	0	0	0	0	0	0	0	0	0	0	0	0	0	0	0	0	1562	27410	218	1320	318	7210	8520	0	3132	37380	186	0	442	1908	204	2206	0	318	0	2628	20602	640	468	484	680	166	
478600	Cerebelum_6_L	138	0	186	0	0	0	0	0	0	0	0	0	0	0	0	0	0	0	180	0	0	0	0	0	0	0	0	0	382	0	0	0	0	0	120	120	1676	118	1898	0	0	0	194	0	0	0	18134	5218	0	0	500	0	884	0	35482	1532	0	0	0	0	0	0	0	0	0	0	0	0	0	0	0	0	200	0	0	0	0	0	0	0	0	0	0	0	0	0	0	0	2574	0	64458	5336	3824	464	2172	962	35554	3132	0	8474	1832	0	3194	1224	2326	550	300	0	340	900	12750	13216	4774	1444	1096	1442	
447288	Cerebelum_6_R	0	0	0	0	0	0	0	0	0	0	0	0	0	0	0	0	0	0	0	0	0	0	0	0	0	0	0	0	0	0	0	0	0	0	0	0	0	460	0	1198	0	0	0	0	0	0	5794	9622	0	0	0	0	138	0	2196	19440	0	0	0	0	0	0	0	0	0	0	0	0	0	0	0	0	0	0	0	0	0	0	0	0	0	0	0	0	0	0	0	0	0	500	5684	62024	836	4506	410	6260	9642	37380	8474	0	120	0	330	3172	122	1270	0	726	0	2030	21758	11132	6196	850	820	554	
236416	Cerebelum_7b_L	0	0	0	0	0	0	0	0	0	0	0	0	0	0	0	0	0	0	0	0	0	0	0	0	0	0	0	0	0	0	0	0	0	0	0	0	0	0	0	0	0	0	0	0	0	0	0	0	0	0	0	0	0	0	162	0	0	0	0	0	0	0	0	0	0	0	0	0	0	0	0	0	0	0	0	0	0	0	0	0	0	0	0	0	0	0	0	0	0	0	10354	326	35132	4650	324	668	1554	186	1832	120	0	5876	30732	6954	5906	822	526	0	102	470	840	0	4804	4914	954	0	
137320	Cerebelum_7b_R	0	0	0	0	0	0	0	0	0	0	0	0	0	0	0	0	0	0	0	0	0	0	0	0	0	0	0	0	0	0	0	0	0	0	0	0	0	0	0	0	0	0	0	0	0	0	0	0	0	0	0	0	0	0	0	0	0	0	0	0	0	0	0	0	0	0	0	0	0	0	0	0	0	0	0	0	0	0	0	0	0	0	0	0	0	0	0	0	0	0	978	1538	6148	18308	0	0	0	0	0	0	5876	0	5074	19770	128	1462	0	312	0	102	0	0	5120	3692	152	0	
308276	Cerebelum_8_L	0	0	0	0	0	0	0	0	0	0	0	0	0	0	0	0	0	0	0	0	0	0	0	0	0	0	0	0	0	0	0	0	0	0	0	0	0	0	190	0	0	0	0	0	0	0	224	0	0	0	0	0	0	0	448	0	0	0	0	0	0	0	0	0	0	0	0	0	0	0	0	0	0	0	0	0	0	0	0	0	0	0	0	0	0	0	0	0	126	0	13148	1076	30646	4424	1712	1292	4498	442	3194	330	30732	5074	0	8872	20422	1806	2862	0	218	1152	1834	196	6726	8618	3344	532	
308068	Cerebelum_8_R	0	0	0	0	0	0	0	0	0	0	0	0	0	0	0	0	0	0	0	0	0	0	0	0	0	0	0	0	0	0	0	0	0	0	0	0	0	0	0	0	0	0	0	0	0	0	280	0	0	0	0	0	0	0	0	196	0	0	0	0	0	0	0	0	0	0	0	0	0	0	0	0	0	0	0	0	0	0	0	0	0	0	0	0	0	0	0	0	0	0	1960	14086	6482	31570	916	3308	2192	1908	1224	3172	6954	19770	8872	0	884	14776	0	2588	714	2954	3334	820	8014	9554	6256	1250	
119388	Cerebelum_9_L	0	0	0	0	0	0	0	0	0	0	0	0	0	0	0	0	0	0	0	0	0	0	0	0	0	0	0	0	0	0	0	0	0	0	0	0	0	0	246	0	0	0	0	0	0	0	0	0	0	0	0	0	0	0	214	0	0	0	0	0	0	0	0	0	0	0	0	0	0	0	0	0	0	0	0	0	0	0	0	0	0	0	0	0	0	0	0	0	0	0	3480	200	5584	214	1576	296	5134	204	2326	122	5906	128	20422	884	0	714	4392	0	140	572	664	672	1148	2024	1592	840	
111700	Cerebelum_9_R	0	0	0	0	0	0	0	0	0	0	0	0	0	0	0	0	0	0	0	0	0	0	0	0	0	0	0	0	0	0	0	0	0	0	0	0	0	0	0	216	0	0	0	0	0	0	106	0	0	0	0	0	0	0	0	342	0	0	0	0	0	0	0	0	0	0	0	0	0	0	0	0	0	0	0	0	0	0	0	0	0	0	0	0	0	0	0	0	0	0	550	1048	792	1756	838	4114	1358	2206	550	1270	822	1462	1806	14776	714	0	0	1534	938	3426	2226	98	1308	3806	6036	1752	
19048	Cerebelum_10_L	0	0	0	0	0	0	0	0	0	0	0	0	0	0	0	0	0	0	0	0	0	0	0	0	0	0	0	0	0	0	0	0	0	0	0	0	0	0	0	0	0	0	0	0	0	0	0	0	0	0	0	0	0	0	0	0	0	0	0	0	0	0	0	0	0	0	0	0	0	0	0	0	0	0	0	0	0	0	0	0	0	0	0	0	0	0	0	0	0	0	664	0	662	0	0	0	118	0	300	0	526	0	2862	0	4392	0	0	0	0	0	0	0	0	0	0	0	
15460	Cerebelum_10_R	0	0	0	0	0	0	0	0	0	0	0	0	0	0	0	0	0	0	0	0	0	0	0	0	0	0	0	0	0	0	0	0	0	0	0	0	0	0	0	0	0	0	0	0	0	0	0	0	0	0	0	0	0	0	0	0	0	0	0	0	0	0	0	0	0	0	0	0	0	0	0	0	0	0	0	0	0	0	0	0	0	0	0	0	0	0	0	0	0	0	0	1000	0	1252	0	0	0	318	0	726	0	312	0	2588	0	1534	0	0	0	0	0	0	0	0	0	0	
26412	Vermis_1_2	0	0	0	0	0	0	0	0	0	0	0	0	0	0	0	0	0	0	0	0	0	0	0	0	0	0	0	0	0	0	0	0	0	0	0	0	0	0	136	0	0	0	0	0	0	0	0	0	0	0	0	0	0	0	0	0	0	0	0	0	0	0	0	0	0	0	0	0	0	0	0	0	0	0	0	0	0	0	0	0	0	0	0	0	0	0	0	0	0	0	350	0	104	0	1140	1032	836	0	340	0	102	0	218	714	140	938	0	0	0	4984	800	0	200	476	696	0	
88628	Vermis_3	0	0	0	0	0	0	0	0	0	0	0	0	0	0	0	0	0	0	0	0	0	0	0	0	0	0	0	0	0	0	0	0	0	0	0	0	266	0	454	0	0	0	0	0	0	0	232	0	0	0	0	0	0	0	0	0	0	0	0	0	0	0	0	0	0	0	0	0	0	0	0	0	0	0	0	0	100	0	0	0	0	0	0	0	0	0	0	0	0	0	1002	1730	526	530	2564	6676	2726	2628	900	2030	470	102	1152	2954	572	3426	0	0	4984	0	3158	130	938	1666	2398	0	
321880	Vermis_4_5	0	0	0	0	0	0	0	0	0	0	0	0	0	0	0	0	0	0	0	124	0	0	0	0	0	0	0	0	0	0	0	0	0	122	0	452	0	304	0	0	0	0	0	0	0	0	7990	6932	0	0	166	0	326	148	3976	4230	0	0	0	0	0	0	0	0	0	0	0	722	0	134	0	0	0	0	0	0	0	0	0	0	0	0	0	0	0	0	0	0	0	0	7664	15602	854	652	1564	3798	23468	20602	12750	21758	840	0	1834	3334	664	2226	0	0	800	3158	0	5284	1472	2426	2902	1662	
