data	data	503728	357188	853832	724800	146860	131320	587348	204228	97840	78536	372808	145604	403724	120236	332512	103328	258488	105048	419044	629484	73568	87892	367448	402872	55748	102904	64048	67996	737668	316316	410140	527972	178780	379420	117620	143384	265472	374268	91428	196956	51792	61096	172408	218628	112064	347812	186992	273356	148456	326988	480776	178700	131520	31380	371212	390672	276676	195056	169192	103068	145408	69928	138988	67196	131260	82912	291480	377720	241668	165780	361560	401320	446868	448124	75892	60696	123152	208304	71096	36016	182820	103984	132840	57844	284092	249108	41136	21516	268552	264500	472848	396796	322712	272192	40080	47880	299428	208076	497348	402060	271396	180212	306488	308500	68532	105748	30872	74120	32768	49908	223900	206572	197808	208288	118116	58348	
data	data	Precentral_L	Precentral_R	Frontal_Sup_L	Frontal_Sup_R	Frontal_Sup_Orb_L	Frontal_Sup_Orb_R	Frontal_Mid_L	Frontal_Mid_R	Frontal_Mid_Orb_L	Frontal_Mid_Orb_R	Frontal_Inf_Oper_L	Frontal_Inf_Oper_R	Frontal_Inf_Tri_L	Frontal_Inf_Tri_R	Frontal_Inf_Orb_L	Frontal_Inf_Orb_R	Rolandic_Oper_L	Rolandic_Oper_R	Supp_Motor_Area_L	Supp_Motor_Area_R	Olfactory_L	Olfactory_R	Frontal_Sup_Medial_L	Frontal_Sup_Medial_R	Frontal_Med_Orb_L	Frontal_Med_Orb_R	Rectus_L	Rectus_R	Insula_L	Insula_R	Cingulum_Ant_L	Cingulum_Ant_R	Cingulum_Mid_L	Cingulum_Mid_R	Cingulum_Post_L	Cingulum_Post_R	Hippocampus_L	Hippocampus_R	ParaHippocampal_L	ParaHippocampal_R	Amygdala_L	Amygdala_R	Calcarine_L	Calcarine_R	Cuneus_L	Cuneus_R	Lingual_L	Lingual_R	Occipital_Sup_L	Occipital_Sup_R	Occipital_Mid_L	Occipital_Mid_R	Occipital_Inf_L	Occipital_Inf_R	Fusiform_L	Fusiform_R	Postcentral_L	Postcentral_R	Parietal_Sup_L	Parietal_Sup_R	Parietal_Inf_L	Parietal_Inf_R	SupraMarginal_L	SupraMarginal_R	Angular_L	Angular_R	Precuneus_L	Precuneus_R	Paracentral_Lobule_L	Paracentral_Lobule_R	Caudate_L	Caudate_R	Putamen_L	Putamen_R	Pallidum_L	Pallidum_R	Thalamus_L	Thalamus_R	Heschl_L	Heschl_R	Temporal_Sup_L	Temporal_Sup_R	Temporal_Pole_Sup_L	Temporal_Pole_Sup_R	Temporal_Mid_L	Temporal_Mid_R	Temporal_Pole_Mid_L	Temporal_Pole_Mid_R	Temporal_Inf_L	Temporal_Inf_R	Cerebelum_Crus1_L	Cerebelum_Crus1_R	Cerebelum_Crus2_L	Cerebelum_Crus2_R	Cerebelum_3_L	Cerebelum_3_R	Cerebelum_4_5_L	Cerebelum_4_5_R	Cerebelum_6_L	Cerebelum_6_R	Cerebelum_7b_L	Cerebelum_7b_R	Cerebelum_8_L	Cerebelum_8_R	Cerebelum_9_L	Cerebelum_9_R	Cerebelum_10_L	Cerebelum_10_R	Vermis_1_2	Vermis_3	Vermis_4_5	Vermis_6	Vermis_7	Vermis_8	Vermis_9	Vermis_10	
503728	Precentral_L	0	7314	4296	8050	0	0	9080	0	0	0	16096	0	3834	0	0	0	12172	0	4570	14594	0	0	0	0	0	0	0	0	12438	136	1048	0	630	2340	4356	3616	10818	3284	1374	1272	0	0	112	0	376	322	118	1150	562	276	3008	94	238	0	1248	1002	35520	298	1568	0	6050	0	3828	0	708	0	2590	574	24590	352	478	6320	6522	0	1322	120	13576	8766	4388	0	2344	0	170	0	690	84	0	0	1092	90	0	0	0	0	0	0	0	0	0	0	0	0	0	0	0	0	0	0	0	0	0	0	0	0	0	0	
357188	Precentral_R	7314	0	2202	20964	152	0	1004	2838	0	0	1326	4520	374	0	714	0	1348	698	2790	22938	0	0	356	0	0	0	0	0	5352	200	892	96	1520	3974	2050	2558	400	5358	0	542	0	0	0	1410	0	5588	0	420	0	5572	0	1340	0	0	0	1980	402	12630	0	184	0	826	0	1058	0	474	0	6566	9064	7366	4022	1822	7730	612	564	372	1534	7594	0	184	404	1024	200	0	0	2110	0	0	0	3062	0	0	0	0	0	0	0	0	0	0	0	0	0	0	0	0	0	0	0	0	0	0	0	0	0	0	
853832	Frontal_Sup_L	4296	2202	0	6534	11578	0	83500	886	6202	0	21072	238	30062	0	25730	0	9282	0	51028	11722	0	0	40856	8918	1600	0	256	0	40444	0	20242	5042	6550	4252	368	0	1286	166	0	0	0	0	0	0	0	0	0	0	0	0	0	0	0	0	0	0	528	0	0	0	190	0	0	0	0	0	0	0	796	158	7612	636	15330	750	1524	196	2188	250	104	0	410	0	1932	0	0	0	0	0	0	0	0	0	0	0	0	0	0	0	0	0	0	0	0	0	0	0	0	0	0	0	0	0	0	0	0	0	
724800	Frontal_Sup_R	8050	20964	6534	0	0	8368	1252	35394	0	3762	126	3676	140	9986	106	6562	146	1926	6446	41096	0	390	7216	36784	0	4642	0	1626	430	12742	6648	33628	1314	13526	292	886	128	6826	0	1000	0	0	0	0	0	368	0	0	0	368	0	162	0	0	0	262	236	374	0	0	0	0	0	0	0	0	0	414	5634	0	11182	17224	3852	22572	800	2208	2336	10592	0	0	0	298	0	520	0	206	0	0	0	180	0	0	0	0	0	0	0	0	0	0	0	0	0	0	0	0	0	0	0	0	0	0	0	0	0	0	
146860	Frontal_Sup_Orb_L	0	152	11578	0	0	128	2702	0	14724	0	118	0	1538	0	14686	0	0	0	380	172	1122	0	2592	176	2268	114	5444	284	4598	0	4202	142	0	0	0	0	104	0	102	0	350	0	0	0	0	0	0	0	0	0	0	0	0	0	0	0	0	0	0	0	0	0	0	0	0	0	0	0	0	0	576	0	4894	0	0	0	0	0	0	0	0	0	284	0	0	0	0	0	0	0	0	0	0	0	0	0	0	0	0	0	0	0	0	0	0	0	0	0	0	0	0	0	0	0	0	0	
131320	Frontal_Sup_Orb_R	0	0	0	8368	128	0	0	5378	0	10002	0	308	0	826	0	6762	0	0	0	176	0	812	0	5110	0	6310	194	6018	0	3676	228	4468	0	0	0	0	0	0	0	0	0	102	0	0	0	0	0	0	0	0	0	0	0	0	0	0	0	0	0	0	0	0	0	0	0	0	0	0	0	0	0	1168	0	5534	0	0	0	0	0	0	0	0	0	92	0	0	0	0	0	0	0	0	0	0	0	0	0	0	0	0	0	0	0	0	0	0	0	0	0	0	0	0	0	0	0	0	
587348	Frontal_Mid_L	9080	1004	83500	1252	2702	0	0	372	4370	0	23602	0	47050	0	20498	0	6922	0	9286	1614	0	0	16638	3148	0	0	0	0	34732	0	10400	2038	3488	1574	0	0	678	0	0	0	0	0	0	0	0	0	0	0	0	0	0	0	0	0	188	0	714	0	0	0	328	0	0	0	0	0	0	0	0	110	1390	0	3342	0	398	0	914	124	540	0	458	0	920	0	0	0	0	0	300	0	0	0	0	0	0	0	0	0	0	0	0	0	0	0	0	0	0	0	0	0	0	0	0	0	0	0	
204228	Frontal_Mid_R	0	2838	886	35394	0	5378	372	0	0	2376	0	7318	0	11376	0	5758	0	276	424	1478	0	0	290	3284	0	0	0	0	0	2710	606	2258	0	634	0	0	0	2108	0	544	0	0	0	0	0	0	0	0	0	0	0	0	0	0	0	136	0	0	0	0	0	0	0	0	0	0	0	0	0	0	4394	1500	1070	5878	0	844	98	1886	0	0	0	0	0	0	0	0	0	0	0	0	0	0	0	0	0	0	0	0	0	0	0	0	0	0	0	0	0	0	0	0	0	0	0	0	0	0	
97840	Frontal_Mid_Orb_L	0	0	6202	0	14724	0	4370	0	0	0	0	0	1636	0	15456	0	0	0	0	0	0	0	106	0	626	0	2084	114	1388	0	1102	0	0	0	0	0	0	0	0	0	0	0	0	0	0	0	0	0	0	0	0	0	0	0	0	0	0	0	0	0	0	0	0	0	0	0	0	0	0	0	0	0	760	0	0	0	0	0	0	0	0	0	352	0	0	0	0	0	0	0	0	0	0	0	0	0	0	0	0	0	0	0	0	0	0	0	0	0	0	0	0	0	0	0	0	0	
78536	Frontal_Mid_Orb_R	0	0	0	3762	0	10002	0	2376	0	0	0	170	0	722	0	5632	0	0	0	0	0	534	0	3296	0	2878	0	2216	0	2444	0	2018	0	0	0	0	0	0	0	0	0	0	0	0	0	0	0	0	0	0	0	0	0	0	0	0	0	0	0	0	0	0	0	0	0	0	0	0	0	0	0	452	0	2766	0	0	0	0	0	0	0	0	0	0	0	0	0	0	0	0	0	0	0	0	0	0	0	0	0	0	0	0	0	0	0	0	0	0	0	0	0	0	0	0	0	0	
372808	Frontal_Inf_Oper_L	16096	1326	21072	126	118	0	23602	0	0	0	0	0	25902	0	1438	0	22022	0	9460	1942	0	0	1782	0	0	0	0	0	32526	0	2300	388	2322	200	0	0	2342	0	0	0	0	0	0	0	0	0	0	0	0	0	0	0	0	0	608	0	5600	0	0	0	776	0	292	0	0	0	0	0	0	142	202	0	4254	0	386	0	150	0	1666	0	1758	0	4284	0	274	0	0	0	1048	0	0	0	0	0	0	0	0	0	0	0	0	0	0	0	0	0	0	0	0	0	0	0	0	0	0	0	
145604	Frontal_Inf_Oper_R	0	4520	238	3676	0	308	0	7318	0	170	0	0	0	7618	0	490	0	4962	374	1068	0	0	0	1150	0	0	0	0	0	11918	166	6004	0	96	0	0	0	1306	0	648	0	0	0	0	0	0	0	96	0	0	0	0	0	0	0	508	0	2172	0	0	0	0	0	0	0	0	0	0	0	0	1706	3898	276	6712	0	596	0	2206	0	134	0	474	0	1994	0	0	0	0	0	0	0	0	0	0	0	0	0	0	0	0	0	0	0	0	0	0	0	0	0	0	0	0	0	0	0	0	
403724	Frontal_Inf_Tri_L	3834	374	30062	140	1538	0	47050	0	1636	0	25902	0	0	0	27990	0	3512	0	4148	514	0	0	4044	860	0	0	0	0	39622	0	2272	572	3152	246	0	0	260	0	0	0	0	0	0	0	0	0	0	0	0	0	0	0	0	0	0	0	756	0	0	0	0	0	0	0	0	0	0	0	0	0	240	0	1146	0	0	0	0	0	170	0	366	0	1324	0	0	0	0	0	132	0	0	0	0	0	0	0	0	0	0	0	0	0	0	0	0	0	0	0	0	0	0	0	0	0	0	0	
120236	Frontal_Inf_Tri_R	0	0	0	9986	0	826	0	11376	0	722	0	7618	0	0	0	6390	0	230	0	240	0	0	0	1040	0	0	0	0	0	11828	0	5308	0	194	0	0	0	358	0	154	0	0	0	0	0	0	0	0	0	0	0	0	0	0	0	0	0	0	0	0	0	0	0	0	0	0	0	0	0	0	0	1806	0	1736	0	0	0	84	0	0	0	0	0	222	0	0	0	0	0	0	0	0	0	0	0	0	0	0	0	0	0	0	0	0	0	0	0	0	0	0	0	0	0	0	0	0	
332512	Frontal_Inf_Orb_L	0	714	25730	106	14686	0	20498	0	15456	0	1438	0	27990	0	0	0	128	0	2164	786	2180	0	2332	750	0	0	764	0	33862	0	718	212	740	148	0	0	1246	0	712	0	996	0	0	0	0	0	0	0	0	0	0	0	0	0	384	0	0	0	0	0	0	0	0	0	0	0	0	0	0	0	258	0	6388	0	0	0	0	0	0	0	324	0	4156	0	250	0	0	0	140	0	0	0	0	0	0	0	0	0	0	0	0	0	0	0	0	0	0	0	0	0	0	0	0	0	0	0	
103328	Frontal_Inf_Orb_R	0	0	0	6562	0	6762	0	5758	0	5632	0	490	0	6390	0	0	0	0	0	0	0	1024	0	1464	0	296	0	568	0	10112	0	2010	0	0	0	0	0	266	0	372	0	242	0	0	0	0	0	0	0	0	0	0	0	0	0	84	0	0	0	0	0	0	0	0	0	0	0	0	0	0	0	234	0	1878	0	0	0	0	0	0	0	0	0	878	0	314	0	184	0	144	0	0	0	0	0	0	0	0	0	0	0	0	0	0	0	0	0	0	0	0	0	0	0	0	0	0	
258488	Rolandic_Oper_L	12172	1348	9282	146	0	0	6922	0	0	0	22022	0	3512	0	128	0	0	0	7272	1954	0	0	168	0	0	0	0	0	23918	0	400	0	106	146	290	0	1070	0	0	0	0	0	0	0	0	0	0	0	0	0	1878	0	0	0	480	0	7844	0	1340	0	342	0	4152	0	290	0	1136	0	274	136	0	0	2558	0	278	0	138	0	4164	0	7468	0	2532	0	1898	0	0	0	1480	0	0	0	0	0	0	0	0	0	0	0	0	0	0	0	0	0	0	0	0	0	0	0	0	0	0	0	
105048	Rolandic_Oper_R	0	698	0	1926	0	0	0	276	0	0	0	4962	0	230	0	0	0	0	0	1106	0	0	0	510	0	0	0	0	0	13388	0	2370	0	0	0	0	0	2058	0	236	0	0	0	190	0	238	0	0	0	238	0	0	0	0	0	572	0	3102	0	0	0	0	0	1918	0	178	0	302	0	0	384	1850	0	5148	0	792	0	754	0	2832	0	3466	0	1886	0	306	0	0	0	608	0	0	0	0	0	0	0	0	0	0	0	0	0	0	0	0	0	0	0	0	0	0	0	0	0	0	
419044	Supp_Motor_Area_L	4570	2790	51028	6446	380	0	9286	424	0	0	9460	374	4148	0	2164	0	7272	0	0	22938	0	0	5192	1876	0	0	0	0	12070	0	6720	2420	9720	9492	646	120	1242	222	0	0	0	0	0	0	0	0	0	0	0	0	0	0	0	0	0	0	2152	0	0	0	0	0	676	0	0	0	0	0	2836	382	10100	1152	13532	872	2924	218	2016	180	260	0	246	0	976	0	0	0	0	0	0	0	0	0	0	0	0	0	0	0	0	0	0	0	0	0	0	0	0	0	0	0	0	0	0	0	0	0	
629484	Supp_Motor_Area_R	14594	22938	11722	41096	172	176	1614	1478	0	0	1942	1068	514	240	786	0	1954	1106	22938	0	0	0	992	7798	0	0	0	0	6222	1700	4190	10718	6966	33478	1892	4846	574	2722	0	272	0	0	0	990	0	2500	0	190	0	778	0	106	0	0	92	762	472	2112	0	0	0	0	0	130	0	0	290	4932	19522	12730	10202	17640	11592	7026	358	760	1272	11378	0	0	444	194	250	206	0	222	0	0	88	796	0	0	0	0	0	0	0	0	0	0	0	0	0	0	0	0	0	0	0	0	0	0	0	0	0	0	
73568	Olfactory_L	0	0	0	0	1122	0	0	0	0	0	0	0	0	0	2180	0	0	0	0	0	0	3972	0	0	1024	170	2342	208	2890	0	3172	1376	0	0	0	0	652	0	1134	0	1412	0	0	0	0	0	0	0	0	0	0	0	0	0	414	0	0	0	0	0	0	0	0	0	0	0	0	0	0	0	6162	3798	3710	398	0	0	0	0	0	0	0	0	648	0	0	0	0	0	0	0	0	0	0	0	0	0	0	0	0	0	0	0	0	0	0	0	0	0	0	0	0	0	0	0	0	0	
87892	Olfactory_R	0	0	0	390	0	812	0	0	0	534	0	0	0	0	0	1024	0	0	0	0	3972	0	0	540	416	1170	1380	1576	0	2710	1584	1714	0	0	0	0	0	644	0	684	0	1352	0	0	0	0	0	0	0	0	0	0	0	0	0	200	0	0	0	0	0	0	0	0	0	0	0	0	0	0	7046	8020	4320	2146	1178	338	0	90	0	0	0	0	0	106	0	0	0	0	0	0	0	0	0	0	0	0	0	0	0	0	0	0	0	0	0	0	0	0	0	0	0	0	0	0	0	0	
367448	Frontal_Sup_Medial_L	0	356	40856	7216	2592	0	16638	290	106	0	1782	0	4044	0	2332	0	168	0	5192	992	0	0	0	27274	3348	406	502	96	4666	92	26408	16922	4272	11620	0	0	0	312	0	128	0	0	0	0	0	0	0	0	0	0	0	0	0	0	0	0	0	0	0	0	0	0	0	0	0	0	0	0	0	0	1068	262	2528	1256	0	0	0	0	0	0	0	0	0	0	0	0	0	0	0	0	0	0	0	0	0	0	0	0	0	0	0	0	0	0	0	0	0	0	0	0	0	0	0	0	0	0	
402872	Frontal_Sup_Medial_R	0	0	8918	36784	176	5110	3148	3284	0	3296	0	1150	860	1040	750	1464	0	510	1876	7798	0	540	27274	0	640	7658	86	2138	938	3818	10106	32546	740	19114	0	0	0	1340	0	336	0	0	0	0	0	0	0	0	0	0	0	0	0	0	0	0	0	0	0	0	0	0	0	0	0	0	0	0	0	0	278	4540	0	12490	0	468	0	0	0	0	0	0	0	222	0	0	0	0	0	0	0	0	0	0	0	0	0	0	0	0	0	0	0	0	0	0	0	0	0	0	0	0	0	0	0	0	
55748	Frontal_Med_Orb_L	0	0	1600	0	2268	0	0	0	626	0	0	0	0	0	0	0	0	0	0	0	1024	416	3348	640	0	1402	3814	894	0	0	7286	356	0	0	0	0	0	0	0	0	0	0	0	0	0	0	0	0	0	0	0	0	0	0	0	0	0	0	0	0	0	0	0	0	0	0	0	0	0	0	2254	378	1568	0	0	0	0	0	0	0	0	0	0	0	0	0	0	0	0	0	0	0	0	0	0	0	0	0	0	0	0	0	0	0	0	0	0	0	0	0	0	0	0	0	0	0	
102904	Frontal_Med_Orb_R	0	0	0	4642	114	6310	0	0	0	2878	0	0	0	0	0	296	0	0	0	0	170	1170	406	7658	1402	0	1032	8754	0	888	2448	5254	0	0	0	0	0	0	0	0	0	0	0	0	0	0	0	0	0	0	0	0	0	0	0	0	0	0	0	0	0	0	0	0	0	0	0	0	0	0	142	4202	0	3686	0	0	0	0	0	0	0	0	0	0	0	0	0	0	0	0	0	0	0	0	0	0	0	0	0	0	0	0	0	0	0	0	0	0	0	0	0	0	0	0	0	0	
64048	Rectus_L	0	0	256	0	5444	194	0	0	2084	0	0	0	0	0	764	0	0	0	0	0	2342	1380	502	86	3814	1032	0	1208	124	0	4756	638	0	0	0	0	0	0	0	0	0	0	0	0	0	0	0	0	0	0	0	0	0	0	0	0	0	0	0	0	0	0	0	0	0	0	0	0	0	0	3400	1306	2578	116	0	0	0	0	0	0	0	0	0	0	0	0	0	0	0	0	0	0	0	0	0	0	0	0	0	0	0	0	0	0	0	0	0	0	0	0	0	0	0	0	0	0	
67996	Rectus_R	0	0	0	1626	284	6018	0	0	114	2216	0	0	0	0	0	568	0	0	0	0	208	1576	96	2138	894	8754	1208	0	0	930	726	2500	0	0	0	0	0	94	0	0	0	166	0	0	0	0	0	0	0	0	0	0	0	0	0	0	0	0	0	0	0	0	0	0	0	0	0	0	0	0	166	1956	0	1760	0	0	0	0	0	0	0	0	0	0	0	0	0	0	0	0	0	0	0	0	0	0	0	0	0	0	0	0	0	0	0	0	0	0	0	0	0	0	0	0	0	0	
737668	Insula_L	12438	5352	40444	430	4598	0	34732	0	1388	0	32526	0	39622	0	33862	0	23918	0	12070	6222	2890	0	4666	938	0	0	124	0	0	0	3978	706	3528	532	262	118	16748	120	1996	0	3362	0	92	0	0	0	0	0	0	0	2384	0	378	0	6430	0	5322	0	1496	0	642	0	2782	0	360	0	1536	0	230	376	666	0	19064	0	576	0	228	0	8696	0	8314	0	8200	0	3646	0	104	0	9742	0	0	0	0	0	0	0	0	0	0	0	0	0	0	0	0	0	0	0	0	0	0	0	0	0	0	0	
316316	Insula_R	136	200	0	12742	0	3676	0	2710	0	2444	0	11918	0	11828	0	10112	0	13388	0	1700	0	2710	92	3818	0	888	0	930	0	0	168	11306	0	230	0	0	0	10328	0	3670	0	2108	0	224	0	0	0	210	0	102	0	116	0	0	0	5364	0	774	0	0	0	0	0	88	0	0	0	0	0	0	170	4512	0	21746	0	276	92	1750	0	2424	0	4826	0	2884	0	2436	0	288	0	2774	0	0	0	0	0	0	0	0	0	0	0	0	0	0	0	0	0	0	0	0	0	0	0	0	0	0	
410140	Cingulum_Ant_L	1048	892	20242	6648	4202	228	10400	606	1102	0	2300	166	2272	0	718	0	400	0	6720	4190	3172	1584	26408	10106	7286	2448	4756	726	3978	168	0	23560	8422	4384	1612	0	182	118	0	0	0	0	0	0	0	0	0	0	0	0	0	0	0	0	0	0	312	0	0	0	234	0	0	0	0	0	0	0	150	0	17182	5740	14340	3248	86	134	1380	348	280	0	0	0	482	0	0	0	0	0	110	0	0	0	0	0	0	0	0	0	0	0	0	0	0	0	0	0	0	0	0	0	0	0	0	0	0	0	
527972	Cingulum_Ant_R	0	96	5042	33628	142	4468	2038	2258	0	2018	388	6004	572	5308	212	2010	0	2370	2420	10718	1376	1714	16922	32546	356	5254	638	2500	706	11306	23560	0	3638	22348	0	0	0	1660	0	544	0	0	0	0	0	0	0	0	0	0	0	0	0	0	0	0	0	0	0	0	0	0	0	0	0	0	0	0	0	0	4186	25926	2756	23986	0	688	0	852	0	0	0	126	0	706	0	0	0	0	0	0	0	0	0	0	0	0	0	0	0	0	0	0	0	0	0	0	0	0	0	0	0	0	0	0	0	0	
178780	Cingulum_Mid_L	630	1520	6550	1314	0	0	3488	0	0	0	2322	0	3152	0	740	0	106	0	9720	6966	0	0	4272	740	0	0	0	0	3528	0	8422	3638	0	10012	5202	288	0	0	0	0	0	0	208	0	506	132	0	0	2702	0	1496	0	116	0	112	0	224	0	252	0	0	0	0	0	0	0	5186	234	3466	836	526	0	654	130	0	0	0	0	0	0	0	0	0	0	0	0	0	0	0	0	0	0	0	0	0	0	0	0	0	0	0	0	0	0	0	0	0	0	0	0	0	0	0	0	0	0	
379420	Cingulum_Mid_R	2340	3974	4252	13526	0	0	1574	634	0	0	200	96	246	194	148	0	146	0	9492	33478	0	0	11620	19114	0	0	0	0	532	230	4384	22348	10012	0	1796	5920	0	1066	0	198	0	0	0	684	0	3428	0	320	0	140	0	0	0	0	0	140	0	2606	0	0	0	0	0	0	0	0	1452	8420	7486	12578	946	368	666	2148	0	346	0	346	0	0	0	0	0	0	0	0	0	0	0	116	0	0	0	0	0	0	0	0	0	0	0	0	0	0	0	0	0	0	0	0	0	0	0	0	0	0	
117620	Cingulum_Post_L	4356	2050	368	292	0	0	0	0	0	0	0	0	0	0	0	0	290	0	646	1892	0	0	0	0	0	0	0	0	262	0	1612	0	5202	1796	0	6934	4790	3758	1760	1478	0	0	1696	0	1196	0	562	1478	404	0	292	0	144	0	526	1268	406	0	0	0	0	0	0	0	0	0	4172	580	3788	1424	0	0	0	0	0	0	1702	1004	246	0	152	0	0	0	0	0	0	0	190	94	0	0	0	0	0	0	0	0	0	0	0	0	0	0	0	0	0	0	0	0	0	0	0	0	0	0	
143384	Cingulum_Post_R	3616	2558	0	886	0	0	0	0	0	0	0	0	0	0	0	0	0	0	120	4846	0	0	0	0	0	0	0	0	118	0	0	0	288	5920	6934	0	2868	7668	612	2068	0	0	0	1316	0	1658	88	4190	0	0	0	0	0	192	194	2954	0	928	0	0	0	0	0	0	0	0	398	8858	820	4246	0	0	0	0	0	0	3208	2806	100	0	0	0	0	0	0	0	0	0	0	1140	0	0	0	0	0	0	0	0	0	0	0	0	0	0	0	0	0	0	0	0	94	0	0	0	0	0	
265472	Hippocampus_L	10818	400	1286	128	104	0	678	0	0	0	2342	0	260	0	1246	0	1070	0	1242	574	652	0	0	0	0	0	0	0	16748	0	182	0	0	0	4790	2868	0	2572	12396	1124	8342	0	1434	0	278	0	2382	1196	0	0	124	0	852	0	16030	892	1032	0	0	0	0	0	310	0	0	0	2908	344	0	0	0	0	10982	0	1512	0	4522	888	2116	0	2098	0	1684	0	612	0	436	0	9872	0	142	0	0	0	0	0	0	0	268	0	0	0	0	0	0	0	0	0	0	0	0	0	0	0	0	0	
374268	Hippocampus_R	3284	5358	166	6826	0	0	0	2108	0	0	0	1306	0	358	0	266	0	2058	222	2722	0	644	312	1340	0	0	0	94	120	10328	118	1660	0	1066	3758	7668	2572	0	334	27704	0	9168	0	1942	0	168	0	6804	0	156	0	330	0	154	0	30980	0	710	0	0	0	0	0	274	0	0	0	3802	138	138	220	298	132	22216	0	2596	4142	8740	94	386	0	2260	0	738	0	704	0	0	0	6792	0	0	0	0	0	0	0	348	0	196	0	0	0	0	0	0	0	0	0	0	116	0	0	0	0	0	
91428	ParaHippocampal_L	1374	0	0	0	102	0	0	0	0	0	0	0	0	0	712	0	0	0	0	0	1134	0	0	0	0	0	0	0	1996	0	0	0	0	0	1760	612	12396	334	0	0	3194	0	598	0	0	0	2812	202	0	0	0	0	132	0	7430	0	98	0	0	0	0	0	0	0	0	0	1064	192	0	0	0	0	2216	0	0	0	906	0	0	0	0	0	1362	0	0	0	970	0	452	0	824	0	0	0	118	0	1192	0	1246	0	132	0	154	0	0	0	0	0	0	0	0	0	0	0	0	0	
196956	ParaHippocampal_R	1272	542	0	1000	0	0	0	544	0	0	0	648	0	154	0	372	0	236	0	272	0	684	128	336	0	0	0	0	0	3670	0	544	0	198	1478	2068	1124	27704	0	0	0	6248	0	1102	0	0	0	6074	0	0	0	0	0	0	0	21500	0	170	0	0	0	0	0	0	0	0	0	1122	0	0	0	158	0	9566	0	1178	904	2232	0	110	0	684	0	890	0	0	0	224	0	1098	0	474	0	0	0	0	0	1058	0	712	0	0	0	0	0	0	0	0	0	0	0	0	0	0	0	0	
51792	Amygdala_L	0	0	0	0	350	0	0	0	0	0	0	0	0	0	996	0	0	0	0	0	1412	0	0	0	0	0	0	0	3362	0	0	0	0	0	0	0	8342	0	3194	0	0	0	0	0	0	0	0	0	0	0	0	0	0	0	4026	0	0	0	0	0	0	0	0	0	0	0	0	0	0	0	108	0	622	0	0	0	0	0	0	0	0	0	1516	0	0	0	598	0	1370	0	0	0	0	0	0	0	0	0	0	0	0	0	0	0	0	0	0	0	0	0	0	0	0	0	0	0	
61096	Amygdala_R	0	0	0	0	0	102	0	0	0	0	0	0	0	0	0	242	0	0	0	0	0	1352	0	0	0	0	0	166	0	2108	0	0	0	0	0	0	0	9168	0	6248	0	0	0	0	0	0	0	0	0	0	0	0	0	0	0	7378	0	0	0	0	0	0	0	0	0	0	0	0	0	0	0	92	0	1412	0	0	0	102	0	0	0	0	0	1454	0	0	0	0	0	724	0	0	0	0	0	0	0	0	0	0	0	0	0	0	0	0	0	0	0	0	0	0	0	0	0	0	
172408	Calcarine_L	112	0	0	0	0	0	0	0	0	0	0	0	0	0	0	0	0	0	0	0	0	0	0	0	0	0	0	0	92	0	0	0	208	0	1696	0	1434	0	598	0	0	0	0	6800	9742	5888	8534	2234	7240	2322	17240	780	5040	106	2354	264	174	0	0	0	0	0	0	0	0	0	9020	596	86	0	0	0	0	0	0	0	0	0	0	0	0	0	0	0	1932	0	0	0	532	0	0	0	0	0	0	0	0	178	264	214	0	0	0	0	0	0	0	0	0	0	284	240	0	0	0	0	
218628	Calcarine_R	0	1410	0	0	0	0	0	0	0	0	0	0	0	0	0	0	0	190	0	990	0	0	0	0	0	0	0	0	0	224	0	0	0	684	0	1316	0	1942	0	1102	0	0	6800	0	2480	19906	2302	16408	0	15232	0	12004	0	1894	0	6722	0	1092	0	100	0	0	0	0	0	0	216	11458	0	1352	0	0	0	94	0	0	0	120	0	0	0	148	0	0	0	1628	0	0	0	1286	0	0	0	0	0	0	0	0	0	0	0	0	0	0	0	0	0	0	0	0	214	0	0	0	0	0	
112064	Cuneus_L	376	0	0	0	0	0	0	0	0	0	0	0	0	0	0	0	0	0	0	0	0	0	0	0	0	0	0	0	0	0	0	0	506	0	1196	0	278	0	0	0	0	0	9742	2480	0	4052	694	0	12584	646	7468	160	1120	0	1814	0	310	0	1140	0	0	0	0	0	0	0	9586	550	204	0	0	0	0	0	0	0	0	0	0	0	0	0	0	0	638	0	0	0	488	0	0	0	0	0	0	0	0	0	0	0	0	0	0	0	0	0	0	0	0	0	0	0	0	0	0	0	
347812	Cuneus_R	322	5588	0	368	0	0	0	0	0	0	0	0	0	0	0	0	0	238	0	2500	0	0	0	0	0	0	0	0	0	0	0	0	132	3428	0	1658	0	168	0	0	0	0	5888	19906	4052	0	696	3804	0	39326	0	9896	0	450	0	912	144	6946	0	6478	0	104	0	0	0	770	3590	38556	402	6164	0	0	0	0	0	0	0	0	0	0	0	128	0	0	0	6614	0	0	0	4678	0	0	0	0	0	0	0	0	0	0	0	0	0	0	0	0	0	0	0	0	0	0	0	0	0	0	
186992	Lingual_L	118	0	0	0	0	0	0	0	0	0	0	0	0	0	0	0	0	0	0	0	0	0	0	0	0	0	0	0	0	0	0	0	0	0	562	88	2382	0	2812	0	0	0	8534	2302	694	696	0	3594	1066	546	9860	634	6260	0	9064	594	0	0	0	0	0	0	0	0	0	0	2188	166	0	0	0	0	214	0	0	0	274	0	0	0	0	0	0	0	596	0	0	0	108	0	6202	546	1060	156	0	0	8352	830	12380	2008	218	0	150	0	0	86	0	0	0	0	3270	3650	688	194	158	196	
273356	Lingual_R	1150	420	0	0	0	0	0	0	0	0	0	96	0	0	0	0	0	0	0	190	0	0	0	0	0	0	0	0	0	210	0	0	0	320	1478	4190	1196	6804	202	6074	0	0	2234	16408	0	3804	3594	0	0	6488	178	5502	324	2268	1628	17472	0	294	0	0	0	0	0	0	0	0	212	6074	0	334	0	0	0	370	0	0	880	1560	0	0	0	188	0	0	0	104	0	0	0	548	2344	4344	488	388	120	152	966	5774	5800	10052	0	0	0	214	0	0	0	182	0	152	3764	7276	1868	0	0	0	
148456	Occipital_Sup_L	562	0	0	0	0	0	0	0	0	0	0	0	0	0	0	0	0	0	0	0	0	0	0	0	0	0	0	0	0	0	0	0	2702	0	404	0	0	0	0	0	0	0	7240	0	12584	0	1066	0	0	0	23248	0	504	0	290	0	1280	0	7222	0	284	0	0	0	0	0	14692	0	852	0	0	0	0	0	0	0	0	0	0	0	0	0	0	0	1176	0	0	0	122	0	0	0	0	0	0	0	0	0	0	0	0	0	0	0	0	0	0	0	0	0	0	0	0	0	0	0	
326988	Occipital_Sup_R	276	5572	0	368	0	0	0	0	0	0	0	0	0	0	0	0	0	238	0	778	0	0	0	0	0	0	0	0	0	102	0	0	0	140	0	0	0	156	0	0	0	0	2322	15232	646	39326	546	6488	0	0	0	15750	0	616	0	1644	148	7580	0	7596	0	184	0	106	0	3028	520	26804	184	3778	0	0	0	0	0	0	0	0	0	0	0	908	0	0	0	12470	0	0	0	9988	0	0	0	0	0	0	0	0	0	0	0	0	0	0	0	0	0	0	0	0	0	0	0	0	0	0	
480776	Occipital_Mid_L	3008	0	0	0	0	0	0	0	0	0	0	0	0	0	0	0	1878	0	0	0	0	0	0	0	0	0	0	0	2384	0	0	0	1496	0	292	0	124	0	0	0	0	0	17240	0	7468	0	9860	178	23248	0	0	0	21152	0	10658	0	9488	0	19516	0	12778	0	3562	0	21332	0	25910	0	4888	0	0	0	0	0	0	0	0	0	810	0	1964	0	0	0	30528	0	0	0	8724	0	186	0	0	0	0	0	0	152	978	180	0	0	0	0	0	0	0	0	0	0	98	308	0	0	0	0	
178700	Occipital_Mid_R	94	1340	0	162	0	0	0	0	0	0	0	0	0	0	0	0	0	0	0	106	0	0	0	0	0	0	0	0	0	116	0	0	0	0	0	0	0	330	0	0	0	0	780	12004	160	9896	634	5502	0	15750	0	0	0	3708	0	3288	128	1602	0	554	0	2658	0	0	0	9050	0	6872	0	822	0	0	0	0	0	0	0	0	0	206	0	290	0	0	0	10632	0	0	0	2666	0	0	0	0	0	0	0	0	0	0	0	0	0	0	0	0	0	0	0	0	0	0	0	0	0	0	
131520	Occipital_Inf_L	238	0	0	0	0	0	0	0	0	0	0	0	0	0	0	0	0	0	0	0	0	0	0	0	0	0	0	0	378	0	0	0	116	0	144	0	852	0	132	0	0	0	5040	0	1120	0	6260	324	504	0	21152	0	0	0	13652	0	916	0	134	0	0	0	88	0	126	0	1772	0	874	0	0	0	0	0	0	0	0	0	84	0	170	0	0	0	4442	0	0	0	3808	0	342	0	0	0	0	0	114	222	1432	356	0	0	0	0	0	0	0	0	0	0	190	686	92	0	0	0	
31380	Occipital_Inf_R	0	0	0	0	0	0	0	0	0	0	0	0	0	0	0	0	0	0	0	0	0	0	0	0	0	0	0	0	0	0	0	0	0	0	0	192	0	154	0	0	0	0	106	1894	0	450	0	2268	0	616	0	3708	0	0	0	2708	0	0	0	0	0	0	0	0	0	0	0	890	0	0	0	0	0	0	0	0	0	0	0	0	0	0	0	0	0	444	0	0	0	1192	0	132	0	0	0	0	0	0	0	742	0	0	0	0	0	0	0	0	0	0	0	194	0	0	0	0	
371212	Fusiform_L	1248	0	0	0	0	0	188	0	0	0	608	0	0	0	384	0	480	0	0	92	414	0	0	0	0	0	0	0	6430	0	0	0	112	0	526	194	16030	0	7430	0	4026	0	2354	0	1814	0	9064	1628	290	0	10658	0	13652	0	0	314	1232	0	338	0	0	0	278	0	128	0	4222	0	1210	0	0	0	1096	0	0	0	266	0	996	0	2108	0	2522	0	3732	0	2152	0	20334	0	17676	574	2926	220	0	0	10162	744	23806	1982	920	0	994	126	0	144	0	120	0	0	2018	3304	756	268	172	144	
390672	Fusiform_R	1002	1980	0	262	0	0	0	136	0	0	0	508	0	0	0	84	0	572	0	762	0	200	0	0	0	0	0	0	0	5364	0	0	0	140	1268	2954	892	30980	0	21500	0	7378	264	6722	0	912	594	17472	0	1644	0	3288	0	2708	314	0	0	270	0	0	0	0	0	116	0	0	0	3364	0	262	0	0	0	6882	0	806	732	1772	0	344	0	2554	0	3450	0	1030	0	980	0	14928	564	14836	122	318	0	282	344	7110	1304	17118	0	0	0	460	0	0	0	206	0	0	2138	2280	864	0	0	0	
276676	Postcentral_L	35520	402	528	236	0	0	714	0	0	0	5600	0	756	0	0	0	7844	0	2152	472	0	0	0	0	0	0	0	0	5322	0	312	0	224	0	406	0	1032	0	98	0	0	0	174	0	310	144	0	0	1280	148	9488	128	916	0	1232	0	0	262	8130	0	16340	0	12182	0	1302	104	6484	148	6342	0	0	0	1318	0	306	0	378	0	2684	0	4402	0	162	0	1416	0	0	0	940	0	0	0	0	0	0	0	0	0	0	0	0	0	0	0	0	0	0	0	0	0	0	0	0	0	0	0	
195056	Postcentral_R	298	12630	0	374	0	0	0	0	0	0	0	2172	0	0	0	0	0	3102	0	2112	0	0	0	0	0	0	0	0	0	774	0	0	0	2606	0	928	0	710	0	170	0	0	0	1092	0	6946	0	294	0	7580	0	1602	0	0	0	270	262	0	0	7602	0	4234	0	6670	0	742	0	12388	0	8692	1046	188	1020	792	226	208	0	874	0	268	0	844	0	0	0	4150	0	0	0	3662	0	0	0	0	0	0	0	0	0	0	0	0	0	0	0	0	0	0	0	0	0	0	0	0	0	0	
169192	Parietal_Sup_L	1568	0	0	0	0	0	0	0	0	0	0	0	0	0	0	0	1340	0	0	0	0	0	0	0	0	0	0	0	1496	0	0	0	252	0	0	0	0	0	0	0	0	0	0	0	1140	0	0	0	7222	0	19516	0	134	0	338	0	8130	0	0	0	7982	0	2676	0	4820	0	22228	0	1732	0	0	0	0	0	0	0	0	0	494	0	988	0	0	0	1348	0	0	0	1192	0	0	0	0	0	0	0	0	0	0	0	0	0	0	0	0	0	0	0	0	0	0	0	0	0	0	0	
103068	Parietal_Sup_R	0	184	0	0	0	0	0	0	0	0	0	0	0	0	0	0	0	0	0	0	0	0	0	0	0	0	0	0	0	0	0	0	0	0	0	0	0	0	0	0	0	0	0	100	0	6478	0	0	0	7596	0	554	0	0	0	0	0	7602	0	0	0	6640	0	1518	0	4030	0	8496	0	916	0	0	0	0	0	0	0	0	0	0	0	118	0	0	0	3792	0	0	0	3510	0	0	0	0	0	0	0	0	0	0	0	0	0	0	0	0	0	0	0	0	0	0	0	0	0	0	
145408	Parietal_Inf_L	6050	0	190	0	0	0	328	0	0	0	776	0	0	0	0	0	342	0	0	0	0	0	0	0	0	0	0	0	642	0	234	0	0	0	0	0	0	0	0	0	0	0	0	0	0	0	0	0	284	0	12778	0	0	0	0	0	16340	0	7982	0	0	0	9852	0	13018	0	2304	0	478	0	0	0	0	0	0	0	0	0	0	0	146	0	0	0	770	0	0	0	190	0	0	0	0	0	0	0	0	0	0	0	0	0	0	0	0	0	0	0	0	0	0	0	0	0	0	0	
69928	Parietal_Inf_R	0	826	0	0	0	0	0	0	0	0	0	0	0	0	0	0	0	0	0	0	0	0	0	0	0	0	0	0	0	0	0	0	0	0	0	0	0	0	0	0	0	0	0	0	0	104	0	0	0	184	0	2658	0	0	0	0	0	4234	0	6640	0	0	0	6794	0	9060	0	108	0	0	138	0	142	0	94	0	0	0	0	0	0	148	0	0	0	1916	0	0	0	1918	0	0	0	0	0	0	0	0	0	0	0	0	0	0	0	0	0	0	0	0	0	0	0	0	0	0	
138988	SupraMarginal_L	3828	0	0	0	0	0	0	0	0	0	292	0	0	0	0	0	4152	0	676	0	0	0	0	0	0	0	0	0	2782	0	0	0	0	0	0	0	310	0	0	0	0	0	0	0	0	0	0	0	0	0	3562	0	88	0	278	0	12182	0	2676	0	9852	0	0	0	9050	0	2544	0	1400	0	0	0	494	0	176	0	0	0	578	0	7274	0	0	0	4982	0	0	0	2318	0	0	0	0	0	0	0	0	0	0	0	0	0	0	0	0	0	0	0	0	0	0	0	0	0	0	0	
67196	SupraMarginal_R	0	1058	0	0	0	0	0	0	0	0	0	0	0	0	0	0	0	1918	0	130	0	0	0	0	0	0	0	0	0	88	0	0	0	0	0	0	0	274	0	0	0	0	0	0	0	0	0	0	0	106	0	0	0	0	0	116	0	6670	0	1518	0	6794	0	0	0	5000	0	0	0	0	324	0	336	0	196	0	0	0	0	302	0	4236	0	0	0	2362	0	0	0	2170	0	0	0	0	0	0	0	0	0	0	0	0	0	0	0	0	0	0	0	0	0	0	0	0	0	0	
131260	Angular_L	708	0	0	0	0	0	0	0	0	0	0	0	0	0	0	0	290	0	0	0	0	0	0	0	0	0	0	0	360	0	0	0	0	0	0	0	0	0	0	0	0	0	0	0	0	0	0	0	0	0	21332	0	126	0	128	0	1302	0	4820	0	13018	0	9050	0	0	0	2988	0	148	0	0	0	0	0	0	0	0	0	0	0	2132	0	0	0	6766	0	0	0	2462	0	0	0	0	0	0	0	0	0	0	0	0	0	0	0	0	0	0	0	0	0	0	0	0	0	0	0	
82912	Angular_R	0	474	0	0	0	0	0	0	0	0	0	0	0	0	0	0	0	178	0	0	0	0	0	0	0	0	0	0	0	0	0	0	0	0	0	0	0	0	0	0	0	0	0	0	0	770	0	0	0	3028	0	9050	0	0	0	0	104	742	0	4030	0	9060	0	5000	0	0	0	680	0	0	102	0	100	0	0	0	0	0	0	0	0	1398	0	0	0	4296	0	0	0	2444	0	0	0	0	0	0	0	0	0	0	0	0	0	0	0	0	0	0	0	0	0	0	0	0	0	0	
291480	Precuneus_L	2590	0	0	0	0	0	0	0	0	0	0	0	0	0	0	0	1136	0	0	290	0	0	0	0	0	0	0	0	1536	0	0	0	5186	1452	4172	398	2908	0	1064	0	0	0	9020	216	9586	3590	2188	212	14692	520	25910	0	1772	0	4222	0	6484	0	22228	0	2304	0	2544	0	2988	0	0	5460	3556	100	0	0	0	0	0	0	0	0	820	0	1120	0	0	0	2802	0	0	0	2674	0	0	0	0	0	0	0	0	0	0	0	0	0	0	0	0	0	0	0	0	0	0	0	0	0	0	0	
377720	Precuneus_R	574	6566	0	414	0	0	0	0	0	0	0	0	0	0	0	0	0	302	0	4932	0	0	0	0	0	0	0	0	0	0	0	0	234	8420	580	8858	344	3802	192	1122	0	0	596	11458	550	38556	166	6074	0	26804	0	6872	0	890	0	3364	148	12388	0	8496	0	108	0	0	0	680	5460	0	708	12598	0	0	0	0	0	0	468	262	0	0	0	154	0	0	0	7886	0	0	0	7590	0	0	0	0	0	0	0	0	0	0	0	0	0	0	0	0	0	0	0	0	244	0	0	0	0	0	
241668	Paracentral_Lobule_L	24590	9064	796	5634	0	0	0	0	0	0	0	0	0	0	0	0	274	0	2836	19522	0	0	0	0	0	0	0	0	230	0	150	0	3466	7486	3788	820	0	138	0	0	0	0	86	0	204	402	0	0	852	184	4888	0	874	0	1210	0	6342	0	1732	0	478	0	1400	0	148	0	3556	708	0	3886	0	6242	0	0	0	116	0	6410	0	0	622	0	0	0	1028	0	0	0	672	0	0	0	0	0	0	0	0	0	0	0	0	0	0	0	0	0	0	0	0	0	0	0	0	0	0	0	
165780	Paracentral_Lobule_R	352	7366	158	0	0	0	110	0	0	0	142	0	0	0	0	0	136	0	382	12730	0	0	0	0	0	0	0	0	376	0	0	0	836	12578	1424	4246	0	138	0	0	0	0	0	1352	0	6164	0	334	0	3778	0	822	0	0	0	262	0	8692	0	916	0	0	0	0	0	0	100	12598	3886	0	104	0	488	0	0	0	0	0	0	0	0	92	0	0	0	1188	0	0	0	1140	0	0	0	0	0	0	0	0	0	0	0	0	0	0	0	0	0	0	0	0	0	0	0	0	0	0	
361560	Caudate_L	478	4022	7612	11182	576	0	1390	4394	0	0	202	1706	240	0	258	0	0	384	10100	10202	6162	7046	1068	278	2254	142	3400	166	666	170	17182	4186	526	946	0	0	0	220	0	0	108	0	0	0	0	0	0	0	0	0	0	0	0	0	0	0	0	1046	0	0	0	138	0	324	0	102	0	0	0	104	0	19094	36778	7590	6502	3940	6252	1520	0	0	0	124	0	0	0	0	0	0	0	0	0	0	0	0	0	0	0	0	0	0	0	0	0	0	0	0	0	0	0	0	0	0	0	0	0	0	
401320	Caudate_R	6320	1822	636	17224	0	1168	0	1500	0	452	0	3898	0	1806	0	234	0	1850	1152	17640	3798	8020	262	4540	378	4202	1306	1956	0	4512	5740	25926	0	368	0	0	0	298	0	158	0	92	0	0	0	0	0	0	0	0	0	0	0	0	0	0	0	188	0	0	0	0	0	0	0	0	0	0	6242	0	19094	0	9232	23068	2510	4788	346	17224	0	182	0	250	0	278	0	0	0	0	0	0	0	0	0	0	0	0	0	0	0	0	0	0	0	0	0	0	0	0	0	0	0	0	0	0	0	0	
446868	Putamen_L	6522	7730	15330	3852	4894	0	3342	1070	760	0	4254	276	1146	0	6388	0	2558	0	13532	11592	3710	4320	2528	0	1568	0	2578	0	19064	0	14340	2756	654	666	0	0	10982	132	2216	0	622	0	0	0	0	0	214	0	0	0	0	0	0	0	1096	0	1318	1020	0	0	0	142	494	336	0	100	0	0	0	488	36778	9232	0	4168	11410	1102	3030	552	114	0	674	0	1188	0	300	0	0	0	296	0	0	0	0	0	0	0	0	0	0	0	0	0	0	0	0	0	0	0	0	0	0	0	0	0	0	0	
448124	Putamen_R	0	612	750	22572	0	5534	0	5878	0	2766	0	6712	0	1736	0	1878	0	5148	872	7026	398	2146	1256	12490	0	3686	116	1760	0	21746	3248	23986	130	2148	0	0	0	22216	0	9566	0	1412	0	94	0	0	0	370	0	0	0	0	0	0	0	6882	0	792	0	0	0	0	0	0	0	0	0	0	0	0	7590	23068	4168	0	1726	5676	0	3330	0	134	0	740	0	1168	0	126	0	0	0	410	0	0	0	0	0	0	0	0	0	0	0	0	0	0	0	0	0	0	0	0	0	0	0	0	0	0	
75892	Pallidum_L	1322	564	1524	800	0	0	398	0	0	0	386	0	0	0	0	0	278	0	2924	358	0	1178	0	0	0	0	0	0	576	0	86	0	0	0	0	0	1512	0	0	0	0	0	0	0	0	0	0	0	0	0	0	0	0	0	0	0	306	226	0	0	0	94	176	196	0	0	0	0	0	0	6502	2510	11410	1726	0	964	1930	0	0	0	0	0	0	0	0	0	0	0	0	0	0	0	0	0	0	0	0	0	0	0	0	0	0	0	0	0	0	0	0	0	0	0	0	0	0	0	
60696	Pallidum_R	120	372	196	2208	0	0	0	844	0	0	0	596	0	0	0	0	0	792	218	760	0	338	0	468	0	0	0	0	0	276	134	688	0	346	0	0	0	2596	0	1178	0	0	0	0	0	0	0	0	0	0	0	0	0	0	0	806	0	208	0	0	0	0	0	0	0	0	0	0	116	0	3940	4788	1102	5676	964	0	0	296	0	140	0	182	0	0	0	0	0	0	0	0	0	0	0	0	0	0	0	0	0	0	0	0	0	0	0	0	0	0	0	0	0	0	0	0	0	0	
123152	Thalamus_L	13576	1534	2188	2336	0	0	914	98	0	0	150	0	0	0	0	0	138	0	2016	1272	0	0	0	0	0	0	0	0	228	92	1380	0	0	0	1702	3208	4522	4142	906	904	0	0	0	0	0	0	274	880	0	0	0	0	0	0	266	732	378	0	0	0	0	0	0	0	0	0	0	468	0	0	6252	346	3030	0	1930	0	0	5714	0	0	0	0	0	0	0	0	0	0	0	0	0	0	0	0	0	0	0	0	0	0	0	0	0	0	0	0	0	0	0	0	0	0	0	0	0	0	
208304	Thalamus_R	8766	7594	250	10592	0	0	124	1886	0	0	0	2206	0	84	0	0	0	754	180	11378	0	90	0	0	0	0	0	0	0	1750	348	852	0	346	1004	2806	888	8740	0	2232	0	102	0	120	0	0	0	1560	0	0	0	0	0	0	0	1772	0	874	0	0	0	0	0	0	0	0	0	262	6410	0	1520	17224	552	3330	0	296	5714	0	0	90	0	390	0	0	0	0	0	0	0	1066	0	0	0	0	0	0	0	0	0	0	0	0	0	0	0	0	0	0	0	0	0	0	0	0	0	0	
71096	Heschl_L	4388	0	104	0	0	0	540	0	0	0	1666	0	170	0	0	0	4164	0	260	0	0	0	0	0	0	0	0	0	8696	0	280	0	0	0	246	100	2116	94	0	0	0	0	0	0	0	0	0	0	0	0	810	0	84	0	996	0	2684	0	494	0	0	0	578	0	0	0	820	0	0	0	0	0	114	0	0	0	0	0	0	0	2376	0	0	0	1398	0	0	0	2370	0	0	0	0	0	0	0	0	0	0	0	0	0	0	0	0	0	0	0	0	0	0	0	0	0	0	0	
36016	Heschl_R	0	184	0	0	0	0	0	0	0	0	0	134	0	0	0	0	0	2832	0	0	0	0	0	0	0	0	0	0	0	2424	0	0	0	0	0	0	0	386	0	110	0	0	0	0	0	0	0	0	0	0	0	206	0	0	0	344	0	268	0	0	0	0	0	302	0	0	0	0	0	0	0	182	0	134	0	140	0	90	0	0	0	6534	0	0	0	2602	0	0	0	1136	0	0	0	0	0	0	0	0	0	0	0	0	0	0	0	0	0	0	0	0	0	0	0	0	0	0	
182820	Temporal_Sup_L	2344	404	410	0	0	0	458	0	0	0	1758	0	366	0	324	0	7468	0	246	444	0	0	0	0	0	0	0	0	8314	0	0	0	0	0	152	0	2098	0	0	0	0	0	0	0	0	0	0	0	0	0	1964	0	170	0	2108	0	4402	0	988	0	146	0	7274	0	2132	0	1120	0	622	0	0	0	674	0	0	0	0	0	2376	0	0	0	4698	0	23396	0	196	0	14358	0	0	0	0	0	0	0	0	0	0	0	0	0	0	0	0	0	0	0	0	0	0	0	0	0	0	0	
103984	Temporal_Sup_R	0	1024	0	298	0	0	0	0	0	0	0	474	0	0	0	0	0	3466	0	194	0	0	0	0	0	0	0	0	0	4826	0	126	0	0	0	0	0	2260	0	684	0	0	0	148	0	128	0	188	0	908	0	290	0	0	0	2554	0	844	0	118	0	148	0	4236	0	1398	0	154	0	92	124	250	0	740	0	182	0	390	0	6534	0	0	0	1886	0	10418	0	522	0	6388	0	0	0	0	0	0	0	0	0	0	0	0	0	0	0	0	0	0	0	0	0	0	0	0	0	0	
132840	Temporal_Pole_Sup_L	170	200	1932	0	284	0	920	0	352	0	4284	0	1324	0	4156	0	2532	0	976	250	648	0	0	0	0	0	0	0	8200	0	482	0	0	0	0	0	1684	0	1362	0	1516	0	0	0	0	0	0	0	0	0	0	0	0	0	2522	0	162	0	0	0	0	0	0	0	0	0	0	0	0	0	0	0	1188	0	0	0	0	0	0	0	4698	0	0	0	10634	0	7220	0	8724	0	0	0	0	0	0	0	0	0	0	0	0	0	0	0	0	0	0	0	0	0	0	0	0	0	0	0	
57844	Temporal_Pole_Sup_R	0	0	0	520	0	92	0	0	0	0	0	1994	0	222	0	878	0	1886	0	206	0	106	0	222	0	0	0	0	0	2884	0	706	0	0	0	0	0	738	0	890	0	1454	0	0	0	0	0	0	0	0	0	0	0	0	0	3450	0	0	0	0	0	0	0	0	0	0	0	0	0	0	0	278	0	1168	0	0	0	0	0	0	0	1886	0	0	0	2920	0	2296	0	4126	0	0	0	0	0	0	0	0	0	0	0	0	0	0	0	0	0	0	0	0	0	0	0	0	0	0	
284092	Temporal_Mid_L	690	0	0	0	0	0	0	0	0	0	274	0	0	0	250	0	1898	0	0	0	0	0	0	0	0	0	0	0	3646	0	0	0	0	0	0	0	612	0	0	0	0	0	1932	0	638	0	596	0	1176	0	30528	0	4442	0	3732	0	1416	0	1348	0	770	0	4982	0	6766	0	2802	0	1028	0	0	0	300	0	0	0	0	0	1398	0	23396	0	10634	0	0	0	4608	0	32184	0	0	0	0	0	0	0	0	0	0	0	0	0	0	0	0	0	0	0	0	0	0	0	0	0	0	0	
249108	Temporal_Mid_R	84	2110	0	206	0	0	0	0	0	0	0	0	0	0	0	314	0	306	0	222	0	0	0	0	0	0	0	0	0	2436	0	0	0	0	0	0	0	704	0	0	0	0	0	1628	0	6614	0	104	0	12470	0	10632	0	444	0	1030	0	4150	0	3792	0	1916	0	2362	0	4296	0	7886	0	1188	0	0	0	126	0	0	0	0	0	2602	0	10418	0	2920	0	0	0	3450	0	40144	0	0	0	0	0	0	0	0	0	0	0	0	0	0	0	0	0	0	0	0	0	0	0	0	0	0	
41136	Temporal_Pole_Mid_L	0	0	0	0	0	0	0	0	0	0	0	0	0	0	0	0	0	0	0	0	0	0	0	0	0	0	0	0	104	0	0	0	0	0	0	0	436	0	970	0	598	0	0	0	0	0	0	0	0	0	0	0	0	0	2152	0	0	0	0	0	0	0	0	0	0	0	0	0	0	0	0	0	0	0	0	0	0	0	0	0	196	0	7220	0	4608	0	0	0	4284	0	0	0	0	0	0	0	0	0	0	0	0	0	0	0	0	0	0	0	0	0	0	0	0	0	0	0	
21516	Temporal_Pole_Mid_R	0	0	0	0	0	0	0	0	0	0	0	0	0	0	0	184	0	0	0	0	0	0	0	0	0	0	0	0	0	288	0	0	0	0	0	0	0	0	0	224	0	0	0	0	0	0	0	0	0	0	0	0	0	0	0	980	0	0	0	0	0	0	0	0	0	0	0	0	0	0	0	0	0	0	0	0	0	0	0	0	0	522	0	2296	0	3450	0	0	0	2814	0	0	0	0	0	0	0	0	0	0	0	0	0	0	0	0	0	0	0	0	0	0	0	0	0	0	
268552	Temporal_Inf_L	1092	0	0	0	0	0	300	0	0	0	1048	0	132	0	140	0	1480	0	0	88	0	0	0	0	0	0	0	0	9742	0	110	0	0	0	190	0	9872	0	452	0	1370	0	532	0	488	0	108	0	122	0	8724	0	3808	0	20334	0	940	0	1192	0	190	0	2318	0	2462	0	2674	0	672	0	0	0	296	0	0	0	0	0	2370	0	14358	0	8724	0	32184	0	4284	0	0	0	1186	0	0	0	0	0	0	0	294	0	0	0	0	0	0	0	0	0	0	0	0	0	0	0	0	0	
264500	Temporal_Inf_R	90	3062	0	180	0	0	0	0	0	0	0	0	0	0	0	144	0	608	0	796	0	0	0	0	0	0	0	0	0	2774	0	0	0	116	94	1140	0	6792	0	1098	0	724	0	1286	0	4678	0	548	0	9988	0	2666	0	1192	0	14928	0	3662	0	3510	0	1918	0	2170	0	2444	0	7590	0	1140	0	0	0	410	0	0	0	1066	0	1136	0	6388	0	4126	0	40144	0	2814	0	0	0	828	0	0	0	0	0	0	0	0	0	0	0	0	0	0	0	0	0	0	0	0	0	0	0	0	
472848	Cerebelum_Crus1_L	0	0	0	0	0	0	0	0	0	0	0	0	0	0	0	0	0	0	0	0	0	0	0	0	0	0	0	0	0	0	0	0	0	0	0	0	142	0	824	0	0	0	0	0	0	0	6202	2344	0	0	186	0	342	0	17676	564	0	0	0	0	0	0	0	0	0	0	0	0	0	0	0	0	0	0	0	0	0	0	0	0	0	0	0	0	0	0	0	0	1186	0	0	2450	37166	2294	734	0	26414	722	58330	4608	15882	680	16526	1768	620	1764	1904	1762	406	338	7296	7862	8024	4146	3268	1994	
396796	Cerebelum_Crus1_R	0	0	0	0	0	0	0	0	0	0	0	0	0	0	0	0	0	0	0	0	0	0	0	0	0	0	0	0	0	0	0	0	0	0	0	0	0	0	0	474	0	0	0	0	0	0	546	4344	0	0	0	0	0	132	574	14836	0	0	0	0	0	0	0	0	0	0	0	0	0	0	0	0	0	0	0	0	0	0	0	0	0	0	0	0	0	0	0	0	0	828	2450	0	924	29946	268	3764	1470	22770	3584	54034	478	8708	434	18542	0	1444	0	3144	158	1130	8000	6712	6098	1738	868	0	
322712	Cerebelum_Crus2_L	0	0	0	0	0	0	0	0	0	0	0	0	0	0	0	0	0	0	0	0	0	0	0	0	0	0	0	0	0	0	0	0	0	0	0	0	0	0	0	0	0	0	0	0	0	0	1060	488	0	0	0	0	0	0	2926	122	0	0	0	0	0	0	0	0	0	0	0	0	0	0	0	0	0	0	0	0	0	0	0	0	0	0	0	0	0	0	0	0	0	0	37166	924	0	9132	0	0	4812	0	11714	914	29168	6532	24760	8034	878	1156	374	1046	0	0	1486	1590	8214	6644	1578	638	
272192	Cerebelum_Crus2_R	0	0	0	0	0	0	0	0	0	0	0	0	0	0	0	0	0	0	0	0	0	0	0	0	0	0	0	0	0	0	0	0	0	0	0	0	0	0	0	0	0	0	0	0	0	0	156	388	0	0	0	0	0	0	220	318	0	0	0	0	0	0	0	0	0	0	0	0	0	0	0	0	0	0	0	0	0	0	0	0	0	0	0	0	0	0	0	0	0	0	2294	29946	9132	0	0	362	228	2074	1312	8332	2758	23414	1994	31370	0	2180	0	2418	0	88	732	1768	8850	4650	996	116	
40080	Cerebelum_3_L	0	0	0	0	0	0	0	0	0	0	0	0	0	0	0	0	0	0	0	0	0	0	0	0	0	0	0	0	0	0	0	0	0	0	0	0	0	0	118	0	0	0	0	0	0	0	0	120	0	0	0	0	0	0	0	0	0	0	0	0	0	0	0	0	0	0	0	0	0	0	0	0	0	0	0	0	0	0	0	0	0	0	0	0	0	0	0	0	0	0	734	268	0	0	0	816	6710	902	2028	484	198	114	248	126	692	0	208	200	750	2530	1742	488	238	0	152	174	
47880	Cerebelum_3_R	0	0	0	0	0	0	0	0	0	0	0	0	0	0	0	0	0	0	0	0	0	0	0	0	0	0	0	0	0	0	0	0	0	0	0	0	0	0	0	0	0	0	0	0	0	0	0	152	0	0	0	0	0	0	0	282	0	0	0	0	0	0	0	0	0	0	0	0	0	0	0	0	0	0	0	0	0	0	0	0	0	0	0	0	0	0	0	0	0	0	0	3764	0	362	816	0	972	6112	730	5236	0	564	0	706	0	106	0	0	158	2332	1298	236	0	0	0	114	
299428	Cerebelum_4_5_L	0	0	0	0	0	0	0	0	0	0	0	0	0	0	0	0	0	0	0	0	0	0	0	0	0	0	0	0	0	0	0	0	0	0	0	0	0	0	1192	0	0	0	0	0	0	0	8352	966	0	0	0	0	114	0	10162	344	0	0	0	0	0	0	0	0	0	0	0	0	0	0	0	0	0	0	0	0	0	0	0	0	0	0	0	0	0	0	0	0	0	0	26414	1470	4812	228	6710	972	0	2686	39492	2884	4408	196	4490	276	870	192	886	608	1942	3068	17962	3844	878	928	1076	1292	
208076	Cerebelum_4_5_R	0	0	0	0	0	0	0	0	0	0	0	0	0	0	0	0	0	0	0	0	0	0	0	0	0	0	0	0	0	0	0	0	0	0	0	0	0	348	0	1058	0	0	178	0	0	0	830	5774	0	0	152	0	222	0	744	7110	0	0	0	0	0	0	0	0	0	0	0	0	0	0	0	0	0	0	0	0	0	0	0	0	0	0	0	0	0	0	0	0	0	0	722	22770	0	2074	902	6112	2686	0	3148	29208	252	930	256	1608	0	148	0	290	182	1836	12230	1996	138	0	0	134	
497348	Cerebelum_6_L	0	0	0	0	0	0	0	0	0	0	0	0	0	0	0	0	0	0	0	0	0	0	0	0	0	0	0	0	0	0	0	0	0	0	0	0	268	0	1246	0	0	0	264	0	0	0	12380	5800	0	0	978	0	1432	0	23806	1304	0	0	0	0	0	0	0	0	0	0	0	0	0	0	0	0	0	0	0	0	0	0	0	0	0	0	0	0	0	0	0	0	294	0	58330	3584	11714	1312	2028	730	39492	3148	0	8878	8626	158	8036	652	358	1044	2508	2002	952	732	14086	15916	6310	3790	3620	2896	
402060	Cerebelum_6_R	0	0	0	0	0	0	0	0	0	0	0	0	0	0	0	0	0	0	0	0	0	0	0	0	0	0	0	0	0	0	0	0	0	0	0	0	0	196	0	712	0	0	214	0	0	0	2008	10052	0	0	180	0	356	742	1982	17118	0	0	0	0	0	0	0	0	0	0	0	0	0	0	0	0	0	0	0	0	0	0	0	0	0	0	0	0	0	0	0	0	0	0	4608	54034	914	8332	484	5236	2884	29208	8878	0	370	3830	378	7462	0	964	0	4150	236	1256	11672	13402	6622	1732	714	104	
271396	Cerebelum_7b_L	0	0	0	0	0	0	0	0	0	0	0	0	0	0	0	0	0	0	0	0	0	0	0	0	0	0	0	0	0	0	0	0	0	0	0	0	0	0	132	0	0	0	0	0	0	0	218	0	0	0	0	0	0	0	920	0	0	0	0	0	0	0	0	0	0	0	0	0	0	0	0	0	0	0	0	0	0	0	0	0	0	0	0	0	0	0	0	0	0	0	15882	478	29168	2758	198	0	4408	252	8626	370	0	4036	38970	7952	2766	1124	1180	578	210	302	2060	388	3082	8070	1136	434	
180212	Cerebelum_7b_R	0	0	0	0	0	0	0	0	0	0	0	0	0	0	0	0	0	0	0	0	0	0	0	0	0	0	0	0	0	0	0	0	0	0	0	0	0	0	0	0	0	0	0	0	0	0	0	0	0	0	0	0	0	0	0	0	0	0	0	0	0	0	0	0	0	0	0	0	0	0	0	0	0	0	0	0	0	0	0	0	0	0	0	0	0	0	0	0	0	0	680	8708	6532	23414	114	564	196	930	158	3830	4036	0	1754	28752	0	1964	0	452	0	326	564	108	2928	4096	0	0	
306488	Cerebelum_8_L	0	0	0	0	0	0	0	0	0	0	0	0	0	0	0	0	0	0	0	0	0	0	0	0	0	0	0	0	0	0	0	0	0	0	0	0	0	0	154	0	0	0	0	0	0	0	150	0	0	0	0	0	0	0	994	0	0	0	0	0	0	0	0	0	0	0	0	0	0	0	0	0	0	0	0	0	0	0	0	0	0	0	0	0	0	0	0	0	0	0	16526	434	24760	1994	248	0	4490	256	8036	378	38970	1754	0	7476	15550	3468	2706	852	252	320	2010	646	3520	11772	4678	850	
308500	Cerebelum_8_R	0	0	0	0	0	0	0	0	0	0	0	0	0	0	0	0	0	0	0	0	0	0	0	0	0	0	0	0	0	0	0	0	0	0	0	0	0	0	0	0	0	0	0	0	0	0	0	214	0	0	0	0	0	0	126	460	0	0	0	0	0	0	0	0	0	0	0	0	0	0	0	0	0	0	0	0	0	0	0	0	0	0	0	0	0	0	0	0	0	0	1768	18542	8034	31370	126	706	276	1608	652	7462	7952	28752	7476	0	174	11848	0	3396	0	410	722	700	7424	12040	1848	164	
68532	Cerebelum_9_L	0	0	0	0	0	0	0	0	0	0	0	0	0	0	0	0	0	0	0	0	0	0	0	0	0	0	0	0	0	0	0	0	0	0	0	0	0	0	0	0	0	0	0	0	0	0	0	0	0	0	0	0	0	0	0	0	0	0	0	0	0	0	0	0	0	0	0	0	0	0	0	0	0	0	0	0	0	0	0	0	0	0	0	0	0	0	0	0	0	0	620	0	878	0	692	0	870	0	358	0	2766	0	15550	174	0	1194	3548	196	0	98	504	568	248	2644	2882	476	
105748	Cerebelum_9_R	0	0	0	0	0	0	0	0	0	0	0	0	0	0	0	0	0	0	0	0	0	0	0	0	0	0	0	0	0	0	0	0	0	0	0	0	0	0	0	0	0	0	0	0	0	0	86	0	0	0	0	0	0	0	144	0	0	0	0	0	0	0	0	0	0	0	0	0	0	0	0	0	0	0	0	0	0	0	0	0	0	0	0	0	0	0	0	0	0	0	1764	1444	1156	2180	0	106	192	148	1044	964	1124	1964	3468	11848	1194	0	0	2884	218	224	334	958	3820	6994	7038	1578	
30872	Cerebelum_10_L	0	0	0	0	0	0	0	0	0	0	0	0	0	0	0	0	0	0	0	0	0	0	0	0	0	0	0	0	0	0	0	0	0	0	0	0	0	0	0	0	0	0	0	0	0	0	0	0	0	0	0	0	0	0	0	0	0	0	0	0	0	0	0	0	0	0	0	0	0	0	0	0	0	0	0	0	0	0	0	0	0	0	0	0	0	0	0	0	0	0	1904	0	374	0	208	0	886	0	2508	0	1180	0	2706	0	3548	0	0	0	0	124	298	0	110	814	776	0	
74120	Cerebelum_10_R	0	0	0	0	0	0	0	0	0	0	0	0	0	0	0	0	0	0	0	0	0	0	0	0	0	0	0	0	0	0	0	0	0	0	0	0	0	0	0	0	0	0	0	0	0	0	0	182	0	0	0	0	0	0	120	206	0	0	0	0	0	0	0	0	0	0	0	0	0	0	0	0	0	0	0	0	0	0	0	0	0	0	0	0	0	0	0	0	0	0	1762	3144	1046	2418	200	0	608	290	2002	4150	578	452	852	3396	196	2884	0	0	0	0	244	2238	4714	3270	2108	0	
32768	Vermis_1_2	0	0	0	0	0	0	0	0	0	0	0	0	0	0	0	0	0	0	0	0	0	0	0	0	0	0	0	0	0	0	0	0	0	0	0	0	0	0	0	0	0	0	0	0	0	0	0	0	0	0	0	0	0	0	0	0	0	0	0	0	0	0	0	0	0	0	0	0	0	0	0	0	0	0	0	0	0	0	0	0	0	0	0	0	0	0	0	0	0	0	406	158	0	0	750	158	1942	182	952	236	210	0	252	0	0	218	0	0	0	5082	3288	732	0	492	530	796	
49908	Vermis_3	0	0	0	0	0	0	0	0	0	0	0	0	0	0	0	0	0	0	0	0	0	0	0	0	0	0	0	0	0	0	0	0	0	0	0	0	0	0	0	0	0	0	0	0	0	0	0	152	0	0	0	0	0	0	0	0	0	0	0	0	0	0	0	0	0	0	0	0	0	0	0	0	0	0	0	0	0	0	0	0	0	0	0	0	0	0	0	0	0	0	338	1130	0	88	2530	2332	3068	1836	732	1256	302	326	320	410	98	224	124	0	5082	0	4268	130	0	0	0	208	
223900	Vermis_4_5	0	0	0	0	0	0	0	0	0	0	0	0	0	0	0	0	0	0	0	0	0	0	0	0	0	0	0	0	0	0	0	0	0	0	0	94	0	116	0	0	0	0	284	214	0	0	3270	3764	0	0	98	0	190	0	2018	2138	0	0	0	0	0	0	0	0	0	0	0	244	0	0	0	0	0	0	0	0	0	0	0	0	0	0	0	0	0	0	0	0	0	0	7296	8000	1486	732	1742	1298	17962	12230	14086	11672	2060	564	2010	722	504	334	298	244	3288	4268	0	4980	0	834	996	1914	
206572	Vermis_6	0	0	0	0	0	0	0	0	0	0	0	0	0	0	0	0	0	0	0	0	0	0	0	0	0	0	0	0	0	0	0	0	0	0	0	0	0	0	0	0	0	0	240	0	0	0	3650	7276	0	0	308	0	686	194	3304	2280	0	0	0	0	0	0	0	0	0	0	0	0	0	0	0	0	0	0	0	0	0	0	0	0	0	0	0	0	0	0	0	0	0	0	7862	6712	1590	1768	488	236	3844	1996	15916	13402	388	108	646	700	568	958	0	2238	732	130	4980	0	7276	4388	4264	4158	
197808	Vermis_7	0	0	0	0	0	0	0	0	0	0	0	0	0	0	0	0	0	0	0	0	0	0	0	0	0	0	0	0	0	0	0	0	0	0	0	0	0	0	0	0	0	0	0	0	0	0	688	1868	0	0	0	0	92	0	756	864	0	0	0	0	0	0	0	0	0	0	0	0	0	0	0	0	0	0	0	0	0	0	0	0	0	0	0	0	0	0	0	0	0	0	8024	6098	8214	8850	238	0	878	138	6310	6622	3082	2928	3520	7424	248	3820	110	4714	0	0	0	7276	0	9210	4998	1934	
