data	data	439256	138736	1.24837e+06	906468	179004	143860	634100	282032	124512	40348	306772	193112	416032	153780	201968	103992	226852	80340	812168	699848	92936	95740	615984	656468	36596	116540	39848	58508	732276	306112	429840	578488	173348	641884	156864	183408	216608	298172	82604	228812	26628	48864	181848	277112	133272	216152	259988	336332	126324	234780	452696	142020	69536	85696	331884	493792	213496	182096	85416	52224	211544	67816	141172	90268	169452	125812	223540	368536	192916	82436	282652	369124	343144	296200	51260	31104	121500	137184	46564	19420	194684	118296	103928	52312	340108	212544	40592	26744	313000	312140	616556	536248	435036	378812	42744	51576	410944	293912	594312	542092	278472	177188	279684	339840	100052	220988	10760	24368	20548	92436	336628	312916	372020	215536	182512	62168	
data	data	Precentral_L	Precentral_R	Frontal_Sup_L	Frontal_Sup_R	Frontal_Sup_Orb_L	Frontal_Sup_Orb_R	Frontal_Mid_L	Frontal_Mid_R	Frontal_Mid_Orb_L	Frontal_Mid_Orb_R	Frontal_Inf_Oper_L	Frontal_Inf_Oper_R	Frontal_Inf_Tri_L	Frontal_Inf_Tri_R	Frontal_Inf_Orb_L	Frontal_Inf_Orb_R	Rolandic_Oper_L	Rolandic_Oper_R	Supp_Motor_Area_L	Supp_Motor_Area_R	Olfactory_L	Olfactory_R	Frontal_Sup_Medial_L	Frontal_Sup_Medial_R	Frontal_Med_Orb_L	Frontal_Med_Orb_R	Rectus_L	Rectus_R	Insula_L	Insula_R	Cingulum_Ant_L	Cingulum_Ant_R	Cingulum_Mid_L	Cingulum_Mid_R	Cingulum_Post_L	Cingulum_Post_R	Hippocampus_L	Hippocampus_R	ParaHippocampal_L	ParaHippocampal_R	Amygdala_L	Amygdala_R	Calcarine_L	Calcarine_R	Cuneus_L	Cuneus_R	Lingual_L	Lingual_R	Occipital_Sup_L	Occipital_Sup_R	Occipital_Mid_L	Occipital_Mid_R	Occipital_Inf_L	Occipital_Inf_R	Fusiform_L	Fusiform_R	Postcentral_L	Postcentral_R	Parietal_Sup_L	Parietal_Sup_R	Parietal_Inf_L	Parietal_Inf_R	SupraMarginal_L	SupraMarginal_R	Angular_L	Angular_R	Precuneus_L	Precuneus_R	Paracentral_Lobule_L	Paracentral_Lobule_R	Caudate_L	Caudate_R	Putamen_L	Putamen_R	Pallidum_L	Pallidum_R	Thalamus_L	Thalamus_R	Heschl_L	Heschl_R	Temporal_Sup_L	Temporal_Sup_R	Temporal_Pole_Sup_L	Temporal_Pole_Sup_R	Temporal_Mid_L	Temporal_Mid_R	Temporal_Pole_Mid_L	Temporal_Pole_Mid_R	Temporal_Inf_L	Temporal_Inf_R	Cerebelum_Crus1_L	Cerebelum_Crus1_R	Cerebelum_Crus2_L	Cerebelum_Crus2_R	Cerebelum_3_L	Cerebelum_3_R	Cerebelum_4_5_L	Cerebelum_4_5_R	Cerebelum_6_L	Cerebelum_6_R	Cerebelum_7b_L	Cerebelum_7b_R	Cerebelum_8_L	Cerebelum_8_R	Cerebelum_9_L	Cerebelum_9_R	Cerebelum_10_L	Cerebelum_10_R	Vermis_1_2	Vermis_3	Vermis_4_5	Vermis_6	Vermis_7	Vermis_8	Vermis_9	Vermis_10	
439256	Precentral_L	0	2130	24820	3878	0	0	21768	1162	0	0	15256	1026	1872	0	0	0	13466	180	14876	9080	0	0	542	514	0	0	0	0	7220	412	1156	820	864	3436	2880	1610	2928	948	0	480	0	0	142	174	0	102	0	0	0	0	2332	0	0	0	174	548	31420	736	0	0	3706	0	4950	0	672	0	144	576	9094	410	3572	2906	3548	2036	1550	1010	8832	552	1168	0	1866	0	344	0	2298	0	0	0	856	586	0	0	0	0	0	0	0	0	0	0	0	0	0	0	0	0	0	0	0	0	0	0	0	0	0	0	
138736	Precentral_R	2130	0	528	2360	0	0	1106	7634	0	0	0	4326	0	136	0	0	0	1964	800	1654	0	0	0	92	0	0	0	0	208	494	0	0	0	310	734	1604	110	1556	0	540	0	0	0	1814	0	704	0	412	0	802	0	156	0	382	0	1232	834	17730	0	172	0	146	0	1784	0	114	0	5678	560	1844	654	324	240	1602	0	140	0	1776	0	0	0	282	0	0	0	252	0	0	0	1448	0	0	0	0	0	0	0	0	0	0	0	0	0	0	0	0	0	0	0	0	0	0	0	0	0	0	
1.24837e+06	Frontal_Sup_L	24820	528	0	30700	11748	106	75550	1230	8350	0	17764	1494	31162	620	11938	120	7134	218	86784	33970	190	0	61076	19242	976	318	0	0	47062	1618	27178	9962	8272	21808	1348	524	4334	342	106	94	90	0	0	92	0	0	0	0	0	0	810	0	0	0	334	126	3046	436	0	0	824	0	862	0	238	0	0	282	2510	306	12288	2426	23492	1250	5922	444	14358	982	710	0	1362	0	958	0	624	0	0	0	578	148	0	0	0	0	0	0	0	0	0	0	0	0	0	0	0	0	0	0	0	0	0	0	0	0	0	0	
906468	Frontal_Sup_R	3878	2360	30700	0	0	5698	3454	40216	0	684	914	13800	1334	10170	0	5430	1006	4418	33602	62498	0	102	9870	54992	0	3846	0	0	3354	18516	2896	34466	3592	24976	152	130	402	4232	0	312	0	0	0	0	0	0	0	0	0	0	0	0	0	0	0	392	864	244	0	0	0	0	108	0	0	0	0	132	1416	0	5478	22448	2030	17322	834	812	1694	15970	0	0	92	322	0	736	0	0	0	0	0	340	0	0	0	0	0	0	0	0	0	0	0	0	0	0	0	0	0	0	0	0	0	0	0	0	0	0	
179004	Frontal_Sup_Orb_L	0	0	11748	0	0	124	5924	0	14068	0	604	0	2364	0	15016	0	0	0	570	0	2332	658	4374	98	2012	0	4632	170	10734	0	5118	318	172	102	0	0	0	0	0	0	376	0	0	0	0	0	0	0	0	0	0	0	0	0	0	0	0	0	0	0	0	0	0	0	0	0	0	0	0	0	1676	192	5010	98	0	0	0	0	0	0	0	0	1012	0	0	0	0	0	0	0	0	0	0	0	0	0	0	0	0	0	0	0	0	0	0	0	0	0	0	0	0	0	0	0	0	0	
143860	Frontal_Sup_Orb_R	0	0	106	5698	124	0	0	1846	0	8094	0	94	0	224	0	5062	0	0	0	1086	940	2196	490	6414	144	10672	176	7360	0	1710	336	2694	0	348	0	0	0	0	0	0	0	0	0	0	0	0	0	0	0	0	0	0	0	0	0	0	0	0	0	0	0	0	0	0	0	0	0	0	0	0	992	7286	732	7106	0	0	0	0	0	0	0	0	0	0	0	0	0	0	0	0	0	0	0	0	0	0	0	0	0	0	0	0	0	0	0	0	0	0	0	0	0	0	0	0	0	0	
634100	Frontal_Mid_L	21768	1106	75550	3454	5924	0	0	812	8404	0	18834	534	43484	408	12364	0	3014	106	16368	4486	162	0	21524	6776	0	0	0	0	26598	546	7094	4228	4632	7134	396	400	1078	348	0	0	0	0	0	0	0	0	0	0	0	0	356	0	0	0	0	94	1242	404	0	0	740	0	696	0	0	0	0	110	164	0	3406	1858	3148	1424	764	988	2752	108	124	0	314	0	530	0	184	0	0	0	0	112	0	0	0	0	0	0	0	0	0	0	0	0	0	0	0	0	0	0	0	0	0	0	0	0	0	0	
282032	Frontal_Mid_R	1162	7634	1230	40216	0	1846	812	0	0	2158	0	5168	398	17338	0	6226	0	272	1654	4144	0	0	2908	18628	0	0	0	0	412	5940	238	6606	88	5994	0	0	0	1340	0	0	0	0	0	0	0	0	0	0	0	0	0	0	0	0	0	176	628	488	0	0	0	0	0	0	0	0	0	146	0	0	614	826	216	4256	0	130	96	640	0	0	0	226	0	0	0	0	0	0	0	162	0	0	0	0	0	0	0	0	0	0	0	0	0	0	0	0	0	0	0	0	0	0	0	0	0	0	
124512	Frontal_Mid_Orb_L	0	0	8350	0	14068	0	8404	0	0	0	0	0	2090	0	17868	0	0	0	160	0	442	168	430	0	0	0	1392	0	5160	0	558	184	132	0	0	0	0	0	0	0	0	0	0	0	0	0	0	0	0	0	0	0	0	0	0	0	0	0	0	0	0	0	0	0	0	0	0	0	0	0	368	108	1848	0	0	0	0	0	0	0	0	0	526	0	0	0	0	0	0	0	0	0	0	0	0	0	0	0	0	0	0	0	0	0	0	0	0	0	0	0	0	0	0	0	0	0	
40348	Frontal_Mid_Orb_R	0	0	0	684	0	8094	0	2158	0	0	0	0	0	208	0	4696	0	0	0	0	160	354	0	92	0	518	0	762	0	520	0	0	0	0	0	0	0	0	0	0	0	0	0	0	0	0	0	0	0	0	0	0	0	0	0	0	0	0	0	0	0	0	0	0	0	0	0	0	0	0	162	562	142	1062	0	0	0	0	0	0	0	0	0	0	0	0	0	0	0	0	0	0	0	0	0	0	0	0	0	0	0	0	0	0	0	0	0	0	0	0	0	0	0	0	0	0	
306772	Frontal_Inf_Oper_L	15256	0	17764	914	604	0	18834	0	0	0	0	1028	23614	0	790	0	13514	0	6844	936	0	0	5660	366	0	0	0	0	19334	374	8850	806	98	778	0	0	354	174	0	0	0	0	0	0	0	0	0	0	0	0	0	0	0	0	0	0	5150	180	0	0	640	0	992	0	128	0	0	0	0	0	2554	282	1398	198	110	138	426	0	258	0	1674	0	2366	0	0	0	0	0	0	0	0	0	0	0	0	0	0	0	0	0	0	0	0	0	0	0	0	0	0	0	0	0	0	0	0	0	
193112	Frontal_Inf_Oper_R	1026	4326	1494	13800	0	94	534	5168	0	0	1028	0	98	5758	0	1704	1574	4524	1682	6778	0	0	660	3540	0	106	0	0	1992	16882	474	5624	0	3686	0	0	0	982	0	0	0	0	0	0	0	0	0	0	0	0	0	0	0	0	0	122	112	1828	0	0	0	0	0	210	0	0	0	118	0	108	2884	1514	300	3880	0	262	0	344	0	0	0	0	0	1210	0	0	0	0	0	130	0	0	0	0	0	0	0	0	0	0	0	0	0	0	0	0	0	0	0	0	0	0	0	0	0	0	
416032	Frontal_Inf_Tri_L	1872	0	31162	1334	2364	0	43484	398	2090	0	23614	98	0	300	11064	0	1792	0	9986	1456	0	0	13836	3812	0	0	0	0	34400	284	10972	3220	1292	3976	0	0	116	0	0	0	0	0	0	0	0	0	0	0	0	0	0	0	0	0	0	0	466	0	0	0	0	0	0	0	0	0	0	0	0	0	882	88	2292	232	0	0	170	0	0	0	98	0	866	0	0	0	0	0	0	0	0	0	0	0	0	0	0	0	0	0	0	0	0	0	0	0	0	0	0	0	0	0	0	0	0	0	
153780	Frontal_Inf_Tri_R	0	136	620	10170	0	224	408	17338	0	208	0	5758	300	0	0	4940	0	432	386	328	0	0	1672	8598	0	0	0	0	302	10000	90	10958	0	2160	0	0	0	0	0	0	0	0	0	0	0	0	0	0	0	0	0	0	0	0	0	0	0	0	0	0	0	0	0	0	0	0	0	0	0	0	0	1452	0	410	0	0	0	0	0	0	0	0	0	0	0	0	0	0	0	0	0	0	0	0	0	0	0	0	0	0	0	0	0	0	0	0	0	0	0	0	0	0	0	0	0	0	
201968	Frontal_Inf_Orb_L	0	0	11938	0	15016	0	12364	0	17868	0	790	0	11064	0	0	0	0	0	578	0	2308	264	1268	0	0	0	1258	90	16496	0	1328	0	254	160	0	0	0	0	0	0	196	0	0	0	0	0	0	0	0	0	0	0	0	0	0	0	0	0	0	0	0	0	0	0	0	0	0	0	0	0	826	0	3952	0	0	0	0	0	0	0	0	0	2966	0	0	0	0	0	0	0	0	0	0	0	0	0	0	0	0	0	0	0	0	0	0	0	0	0	0	0	0	0	0	0	0	0	
103992	Frontal_Inf_Orb_R	0	0	120	5430	0	5062	0	6226	0	4696	0	1704	0	4940	0	0	96	116	164	298	292	1426	376	2410	0	886	0	1454	146	8130	0	1956	0	688	0	0	0	0	0	0	0	0	0	0	0	0	0	0	0	0	0	0	0	0	0	0	0	0	0	0	0	0	0	0	0	0	0	0	0	0	376	1514	238	2676	0	0	0	0	0	0	0	0	0	576	0	0	0	0	0	0	0	0	0	0	0	0	0	0	0	0	0	0	0	0	0	0	0	0	0	0	0	0	0	0	0	0	
226852	Rolandic_Oper_L	13466	0	7134	1006	0	0	3014	0	0	0	13514	1574	1792	0	0	96	0	0	2336	818	0	0	934	0	0	0	0	0	21916	886	1600	200	98	836	0	0	1152	170	112	0	0	0	0	0	92	0	0	0	0	0	2106	0	0	0	528	0	10030	0	0	0	1100	0	5144	0	1110	0	190	0	156	0	3510	340	384	144	0	0	106	0	4264	0	7378	0	1794	0	1212	0	0	0	1184	0	0	0	0	0	0	0	0	0	0	0	0	0	0	0	0	0	0	0	0	0	0	0	0	0	0	0	
80340	Rolandic_Oper_R	180	1964	218	4418	0	0	106	272	0	0	0	4524	0	432	0	116	0	0	194	760	0	0	0	132	0	0	0	0	92	8312	0	500	0	214	0	0	0	1560	0	0	0	0	0	0	0	0	0	0	0	0	0	0	0	0	0	158	0	3468	0	0	0	0	0	1956	0	0	0	100	0	0	196	318	0	4360	0	348	0	316	0	2136	0	1878	0	682	0	0	0	0	0	260	0	0	0	0	0	0	0	0	0	0	0	0	0	0	0	0	0	0	0	0	0	0	0	0	0	0	
812168	Supp_Motor_Area_L	14876	800	86784	33602	570	0	16368	1654	160	0	6844	1682	9986	386	578	164	2336	194	0	54094	0	0	18828	8180	0	0	0	0	15248	1582	12638	7670	8690	31150	2392	1748	588	1720	0	904	0	0	0	616	0	486	0	178	0	346	252	180	0	0	0	990	1262	600	0	0	496	0	484	0	0	120	278	1820	25930	1386	6618	3636	10806	1002	1436	382	1490	658	228	0	430	0	160	118	124	166	0	0	0	990	0	0	0	0	0	0	0	0	0	0	0	0	0	0	0	0	0	0	0	0	0	0	0	0	0	0	
699848	Supp_Motor_Area_R	9080	1654	33970	62498	0	1086	4486	4144	0	0	936	6778	1456	328	0	298	818	760	54094	0	0	92	3642	15248	0	388	0	0	2494	5490	1676	12054	6158	42376	2354	7994	372	1594	0	884	0	0	0	3024	0	446	0	1158	0	568	0	192	0	126	0	1130	522	1138	0	0	0	0	102	0	0	118	180	6214	12280	5848	3614	12366	1378	1990	820	102	1452	8350	0	0	0	0	0	256	0	198	0	0	0	1150	0	0	0	0	0	0	0	0	0	0	0	0	0	0	0	0	0	0	0	0	0	0	0	0	0	0	
92936	Olfactory_L	0	0	190	0	2332	940	162	0	442	160	0	0	0	0	2308	292	0	0	0	0	0	6520	0	0	228	108	1754	1406	2958	350	2400	1480	0	0	0	0	0	0	178	0	638	0	0	0	0	0	0	0	0	0	0	0	0	0	0	0	0	0	0	0	0	0	0	0	0	0	0	0	0	0	8112	4280	5590	718	734	166	0	0	0	0	0	0	2022	0	0	0	0	0	0	0	0	0	0	0	0	0	0	0	0	0	0	0	0	0	0	0	0	0	0	0	0	0	0	0	0	0	
95740	Olfactory_R	0	0	0	102	658	2196	0	0	168	354	0	0	0	0	264	1426	0	0	0	92	6520	0	0	0	0	1092	878	3814	0	2490	1568	2446	0	0	0	0	0	198	0	0	0	128	0	0	0	0	0	0	0	0	0	0	0	0	0	0	0	0	0	0	0	0	0	0	0	0	0	0	0	0	8326	7132	5234	1232	892	412	0	248	0	0	0	0	0	0	0	0	0	0	0	0	0	0	0	0	0	0	0	0	0	0	0	0	0	0	0	0	0	0	0	0	0	0	0	0	0	0	
615984	Frontal_Sup_Medial_L	542	0	61076	9870	4374	490	21524	2908	430	0	5660	660	13836	1672	1268	376	934	0	18828	3642	0	0	0	40034	3090	1568	282	0	18644	1128	31210	21162	7966	25422	0	0	0	172	0	0	0	0	0	0	0	0	0	0	0	0	0	0	0	0	0	0	106	0	0	0	0	0	0	0	0	0	0	0	0	0	1602	678	4780	1446	0	0	90	0	0	0	216	0	306	0	0	0	0	0	0	0	0	0	0	0	0	0	0	0	0	0	0	0	0	0	0	0	0	0	0	0	0	0	0	0	0	0	
656468	Frontal_Sup_Medial_R	514	92	19242	54992	98	6414	6776	18628	0	92	366	3540	3812	8598	0	2410	0	132	8180	15248	0	0	40034	0	714	8826	0	246	3780	7352	8688	46820	1752	36492	0	0	0	570	0	0	0	0	0	0	0	0	0	0	0	0	0	0	0	0	0	0	246	0	0	0	0	0	0	0	0	0	0	0	0	0	680	13738	416	8370	0	242	0	0	0	0	0	0	0	134	0	0	0	0	0	0	0	0	0	0	0	0	0	0	0	0	0	0	0	0	0	0	0	0	0	0	0	0	0	0	0	0	
36596	Frontal_Med_Orb_L	0	0	976	0	2012	144	0	0	0	0	0	0	0	0	0	0	0	0	0	0	228	0	3090	714	0	686	1340	0	910	0	5380	662	0	0	0	0	0	0	0	0	0	0	0	0	0	0	0	0	0	0	0	0	0	0	0	0	0	0	0	0	0	0	0	0	0	0	0	0	0	0	474	0	1682	0	0	0	0	0	0	0	0	0	0	0	0	0	0	0	0	0	0	0	0	0	0	0	0	0	0	0	0	0	0	0	0	0	0	0	0	0	0	0	0	0	0	0	
116540	Frontal_Med_Orb_R	0	0	318	3846	0	10672	0	0	0	518	0	106	0	0	0	886	0	0	0	388	108	1092	1568	8826	686	0	174	5264	0	286	1882	6854	0	372	0	0	0	0	0	0	0	0	0	0	0	0	0	0	0	0	0	0	0	0	0	0	0	0	0	0	0	0	0	0	0	0	0	0	0	0	114	7374	0	6936	0	0	0	0	0	0	0	0	0	0	0	0	0	0	0	0	0	0	0	0	0	0	0	0	0	0	0	0	0	0	0	0	0	0	0	0	0	0	0	0	0	0	
39848	Rectus_L	0	0	0	0	4632	176	0	0	1392	0	0	0	0	0	1258	0	0	0	0	0	1754	878	282	0	1340	174	0	356	594	0	2622	498	0	0	0	0	0	0	0	0	0	0	0	0	0	0	0	0	0	0	0	0	0	0	0	0	0	0	0	0	0	0	0	0	0	0	0	0	0	0	2302	254	1314	98	0	0	0	0	0	0	0	0	0	0	0	0	0	0	0	0	0	0	0	0	0	0	0	0	0	0	0	0	0	0	0	0	0	0	0	0	0	0	0	0	0	0	
58508	Rectus_R	0	0	0	0	170	7360	0	0	0	762	0	0	0	0	90	1454	0	0	0	0	1406	3814	0	246	0	5264	356	0	0	1204	142	1670	0	0	0	0	0	0	0	0	0	0	0	0	0	0	0	0	0	0	0	0	0	0	0	0	0	0	0	0	0	0	0	0	0	0	0	0	0	0	1366	2142	1032	776	0	0	0	0	0	0	0	0	0	0	0	0	0	0	0	0	0	0	0	0	0	0	0	0	0	0	0	0	0	0	0	0	0	0	0	0	0	0	0	0	0	0	
732276	Insula_L	7220	208	47062	3354	10734	0	26598	412	5160	0	19334	1992	34400	302	16496	146	21916	92	15248	2494	2958	0	18644	3780	910	0	594	0	0	1462	14586	2726	994	4528	196	98	12376	278	1228	0	964	0	94	0	0	0	170	0	0	0	2004	0	0	0	7574	0	2780	104	94	0	758	0	1124	0	1644	0	242	0	222	0	7214	662	22580	478	0	116	1160	178	5408	0	9046	0	10154	108	3050	0	114	0	9570	0	0	0	0	0	0	0	0	0	0	0	0	0	0	0	0	0	0	0	0	0	0	0	0	0	0	0	
306112	Insula_R	412	494	1618	18516	0	1710	546	5940	0	520	374	16882	284	10000	0	8130	886	8312	1582	5490	350	2490	1128	7352	0	286	0	1204	1462	0	360	10886	0	4076	0	0	0	3236	0	600	0	124	0	0	0	0	0	0	0	0	0	0	0	0	0	628	0	582	0	0	0	0	0	260	0	0	0	0	0	0	2320	3282	452	19878	0	272	168	726	0	1506	0	3828	0	2922	0	442	0	0	0	540	0	0	0	0	0	0	0	0	0	0	0	0	0	0	0	0	0	0	0	0	0	0	0	0	0	0	
429840	Cingulum_Ant_L	1156	0	27178	2896	5118	336	7094	238	558	0	8850	474	10972	90	1328	0	1600	0	12638	1676	2400	1568	31210	8688	5380	1882	2622	142	14586	360	0	18894	7666	5416	0	0	120	0	0	0	0	0	0	0	0	0	0	0	0	0	0	0	0	0	0	0	384	0	0	0	148	0	0	0	0	0	0	0	0	0	11096	3556	14214	1590	0	144	178	0	0	0	204	0	270	0	0	0	0	0	0	0	0	0	0	0	0	0	0	0	0	0	0	0	0	0	0	0	0	0	0	0	0	0	0	0	0	0	
578488	Cingulum_Ant_R	820	0	9962	34466	318	2694	4228	6606	184	0	806	5624	3220	10958	0	1956	200	500	7670	12054	1480	2446	21162	46820	662	6854	498	1670	2726	10886	18894	0	2484	30046	0	0	0	764	0	0	0	0	0	0	0	0	0	0	0	0	0	0	0	0	0	102	288	0	0	0	0	0	0	0	0	0	0	0	0	0	2918	22980	1640	10906	0	456	0	0	0	0	0	134	0	162	0	0	0	0	0	0	0	0	0	0	0	0	0	0	0	0	0	0	0	0	0	0	0	0	0	0	0	0	0	0	0	0	
173348	Cingulum_Mid_L	864	0	8272	3592	172	0	4632	88	132	0	98	0	1292	0	254	0	98	0	8690	6158	0	0	7966	1752	0	0	0	0	994	0	7666	2484	0	9310	2472	568	0	0	0	0	0	0	516	0	960	916	0	0	1792	744	4180	376	0	0	0	0	0	0	124	0	0	0	0	0	0	0	4310	1238	3052	114	0	0	0	0	0	0	0	0	0	0	0	0	0	0	408	152	0	0	238	0	0	0	0	0	0	0	0	0	0	0	0	0	0	0	0	0	0	0	0	0	0	0	0	0	0	0	
641884	Cingulum_Mid_R	3436	310	21808	24976	102	348	7134	5994	0	0	778	3686	3976	2160	160	688	836	214	31150	42376	0	0	25422	36492	0	372	0	0	4528	4076	5416	30046	9310	0	1504	7872	0	356	0	0	0	0	0	2844	0	3598	0	862	0	3170	0	1308	0	146	0	208	90	298	0	0	0	118	0	110	0	654	730	11650	8662	3162	866	3830	90	974	0	0	0	0	0	0	0	0	0	186	0	1404	0	0	0	456	0	0	0	0	0	0	0	0	0	0	0	0	0	0	0	0	0	0	0	0	0	0	0	0	0	0	
156864	Cingulum_Post_L	2880	734	1348	152	0	0	396	0	0	0	0	0	0	0	0	0	0	0	2392	2354	0	0	0	0	0	0	0	0	196	0	0	0	2472	1504	0	12772	4532	5060	3856	4638	0	0	3022	0	948	0	1862	440	342	0	1534	0	172	0	2124	4558	182	0	254	0	388	0	0	0	288	0	6852	2170	3610	108	0	0	0	0	0	0	0	606	128	0	0	0	0	0	162	0	0	0	120	3276	0	0	0	0	0	0	0	0	0	0	0	0	0	0	0	0	0	0	0	0	0	0	0	0	0	0	
183408	Cingulum_Post_R	1610	1604	524	130	0	0	400	0	0	0	0	0	0	0	0	0	0	0	1748	7994	0	0	0	0	0	0	0	0	98	0	0	0	568	7872	12772	0	3406	4710	2918	4828	0	0	0	3894	0	234	260	3390	0	322	0	0	0	300	180	6504	0	612	0	0	0	0	0	0	0	0	2206	12908	2228	2420	0	0	0	0	0	0	0	338	0	0	0	0	0	0	0	0	0	0	0	4726	0	0	0	0	0	0	0	0	0	0	0	0	0	0	0	0	0	0	0	0	0	0	0	0	0	0	
216608	Hippocampus_L	2928	110	4334	402	0	0	1078	0	0	0	354	0	116	0	0	0	1152	0	588	372	0	0	0	0	0	0	0	0	12376	0	120	0	0	0	4532	3406	0	3024	10464	2036	4280	0	510	0	0	0	2278	670	0	0	110	0	112	0	11034	1732	1198	0	0	0	0	0	354	0	0	0	1658	1286	0	0	636	234	7590	0	716	0	5652	1916	522	0	4744	0	1046	0	1326	0	90	0	11218	0	0	0	0	0	0	0	0	0	0	0	0	0	0	0	0	0	0	0	0	0	0	0	0	0	0	0	
298172	Hippocampus_R	948	1556	342	4232	0	0	348	1340	0	0	174	982	0	0	0	0	170	1560	1720	1594	0	198	172	570	0	0	0	0	278	3236	0	764	0	356	5060	4710	3024	0	2682	26356	0	7258	0	0	0	0	604	774	0	0	0	0	0	0	0	30448	0	1414	0	0	0	0	0	192	0	0	390	1520	1486	122	282	190	0	10810	0	0	438	4780	0	490	0	3132	0	704	0	2008	0	266	0	19406	0	0	0	0	0	0	0	0	0	0	0	0	0	0	0	0	0	0	0	0	0	0	0	0	0	0	
82604	ParaHippocampal_L	0	0	106	0	0	0	0	0	0	0	0	0	0	0	0	0	112	0	0	0	178	0	0	0	0	0	0	0	1228	0	0	0	0	0	3856	2918	10464	2682	0	2022	752	0	490	0	0	0	2488	624	0	0	0	0	0	0	2966	1712	0	0	0	0	0	0	0	0	0	0	1724	1240	0	0	0	0	428	0	0	0	1130	1206	0	0	456	0	520	0	0	0	148	0	1494	0	0	0	0	0	194	0	0	0	0	0	0	0	0	0	0	0	0	0	0	164	0	0	0	0	0	0	
228812	ParaHippocampal_R	480	540	94	312	0	0	0	0	0	0	0	0	0	0	0	0	0	0	904	884	0	0	0	0	0	0	0	0	0	600	0	0	0	0	4638	4828	2036	26356	2022	0	0	5040	0	524	0	0	488	2114	0	0	0	0	0	0	0	30080	0	642	0	0	0	0	0	132	0	0	452	3124	788	98	0	0	0	1050	0	0	88	1820	0	222	0	2422	0	1084	0	1220	0	626	0	18572	0	0	0	0	0	0	0	126	0	0	0	0	0	0	0	0	0	0	0	0	0	0	0	0	0	0	
26628	Amygdala_L	0	0	90	0	376	0	0	0	0	0	0	0	0	0	196	0	0	0	0	0	638	0	0	0	0	0	0	0	964	0	0	0	0	0	0	0	4280	0	752	0	0	0	0	0	0	0	0	0	0	0	0	0	0	0	3232	0	0	0	0	0	0	0	0	0	0	0	0	0	0	0	0	0	458	0	0	0	130	0	0	0	0	0	470	0	0	0	0	0	1728	0	0	0	0	0	0	0	0	0	0	0	0	0	0	0	0	0	0	0	0	0	0	0	0	0	0	0	
48864	Amygdala_R	0	0	0	0	0	0	0	0	0	0	0	0	0	0	0	0	0	0	0	0	0	128	0	0	0	0	0	0	0	124	0	0	0	0	0	0	0	7258	0	5040	0	0	0	0	0	0	0	0	0	0	0	0	0	0	0	7412	0	0	0	0	0	0	0	0	0	0	0	0	0	0	0	0	0	494	0	0	0	492	0	0	0	0	0	1956	0	0	0	640	0	888	0	0	0	0	0	0	0	0	0	0	0	0	0	0	0	0	0	0	0	0	0	0	0	0	0	0	
181848	Calcarine_L	142	0	0	0	0	0	0	0	0	0	0	0	0	0	0	0	0	0	0	0	0	0	0	0	0	0	0	0	94	0	0	0	516	0	3022	0	510	0	490	0	0	0	0	3460	7988	2210	9934	2090	7524	1456	24674	214	4310	0	1074	0	260	0	784	0	1000	0	0	0	624	0	14668	0	218	0	0	0	0	0	0	0	0	0	0	0	0	0	0	0	2798	0	0	0	864	0	0	0	0	0	0	0	0	0	0	0	0	0	0	0	0	0	0	0	0	0	0	0	0	0	0	0	
277112	Calcarine_R	174	1814	92	0	0	0	0	0	0	0	0	0	0	0	0	0	0	0	616	3024	0	0	0	0	0	0	0	0	0	0	0	0	0	2844	0	3894	0	0	0	524	0	0	3460	0	3188	16442	272	22122	0	14804	0	5074	0	7638	0	9340	88	2622	0	0	0	244	0	312	0	430	278	25650	600	4684	0	0	0	0	0	0	0	0	0	0	0	96	0	0	0	3394	0	0	0	4836	0	0	0	0	0	0	0	0	0	0	0	0	0	0	0	0	0	0	0	0	0	0	0	0	0	0	
133272	Cuneus_L	0	0	0	0	0	0	0	0	0	0	0	0	0	0	0	0	92	0	0	0	0	0	0	0	0	0	0	0	0	0	0	0	960	0	948	0	0	0	0	0	0	0	7988	3188	0	5908	950	90	14592	2640	11908	198	770	0	218	0	612	0	2508	0	1012	0	0	0	0	0	10050	266	296	0	0	0	0	0	0	0	0	0	90	0	100	0	0	0	984	0	0	0	268	0	0	0	0	0	0	0	0	0	0	0	0	0	0	0	0	0	0	0	0	0	0	0	0	0	0	0	
216152	Cuneus_R	102	704	0	0	0	0	0	0	0	0	0	0	0	0	0	0	0	0	486	446	0	0	0	0	0	0	0	0	0	0	0	0	916	3598	0	234	0	0	0	0	0	0	2210	16442	5908	0	0	6340	0	30132	0	7434	0	1182	0	994	0	1200	0	2258	0	0	0	0	0	852	5206	17196	454	496	0	0	0	0	0	0	0	0	0	0	0	0	0	0	0	2422	0	0	0	864	0	0	0	0	0	0	0	0	0	0	0	0	0	0	0	0	0	0	0	0	0	0	0	0	0	0	
259988	Lingual_L	0	0	0	0	0	0	0	0	0	0	0	0	0	0	0	0	0	0	0	0	0	0	0	0	0	0	0	0	170	0	0	0	0	0	1862	260	2278	604	2488	488	0	0	9934	272	950	0	0	3870	2770	0	13462	0	5642	0	10442	2046	0	0	0	0	0	0	0	0	0	0	2260	0	0	0	0	0	0	0	0	0	376	570	0	0	160	0	0	0	166	0	0	0	374	0	10564	3656	1944	262	544	104	15504	3584	15618	5202	264	0	254	122	0	0	0	0	0	332	5482	4078	934	0	102	0	
336332	Lingual_R	0	412	0	0	0	0	0	0	0	0	0	0	0	0	0	0	0	0	178	1158	0	0	0	0	0	0	0	0	0	0	0	0	0	862	440	3390	670	774	624	2114	0	0	2090	22122	90	6340	3870	0	0	6520	0	2342	0	4934	1876	17438	0	706	0	0	0	0	0	0	0	134	290	13362	168	1626	0	0	0	0	0	0	0	220	0	0	0	0	0	0	0	762	0	0	0	2328	6988	6678	1300	576	104	0	4878	8192	9478	11046	0	0	0	0	0	0	0	0	0	242	7894	9982	2968	0	0	0	
126324	Occipital_Sup_L	0	0	0	0	0	0	0	0	0	0	0	0	0	0	0	0	0	0	0	0	0	0	0	0	0	0	0	0	0	0	0	0	1792	0	342	0	0	0	0	0	0	0	7524	0	14592	0	2770	0	0	0	20632	0	550	0	214	0	0	0	3420	0	846	0	0	0	134	0	9340	0	162	0	0	0	0	0	0	0	0	0	0	0	0	0	0	0	844	0	0	0	0	0	0	0	0	0	0	0	0	0	0	0	0	0	0	0	0	0	0	0	0	0	0	0	0	0	0	0	
234780	Occipital_Sup_R	0	802	0	0	0	0	0	0	0	0	0	0	0	0	0	0	0	0	346	568	0	0	0	0	0	0	0	0	0	0	0	0	744	3170	0	322	0	0	0	0	0	0	1456	14804	2640	30132	0	6520	0	0	0	17044	0	2732	0	1388	0	2546	0	4144	0	2288	0	556	0	6920	1464	10344	314	462	0	0	0	0	0	0	0	0	0	0	0	138	0	0	0	3990	0	0	0	1556	0	0	0	0	0	0	0	0	0	0	0	0	0	0	0	0	0	0	0	0	0	0	0	0	0	0	
452696	Occipital_Mid_L	2332	0	810	0	0	0	356	0	0	0	0	0	0	0	0	0	2106	0	252	0	0	0	0	0	0	0	0	0	2004	0	0	0	4180	0	1534	0	110	0	0	0	0	0	24674	0	11908	0	13462	0	20632	0	0	0	12774	0	3482	0	1794	0	8352	0	13242	0	1998	0	23762	0	16342	0	3654	0	0	0	0	0	0	0	0	0	2074	0	3064	0	0	0	37446	0	0	0	14004	0	0	0	0	0	0	0	0	0	0	0	0	0	0	0	0	0	0	0	0	0	0	0	0	0	0	0	
142020	Occipital_Mid_R	0	156	0	0	0	0	0	0	0	0	0	0	0	0	0	0	0	0	180	192	0	0	0	0	0	0	0	0	0	0	0	0	376	1308	0	0	0	0	0	0	0	0	214	5074	198	7434	0	2342	0	17044	0	0	0	3912	0	716	0	200	0	488	0	1708	0	504	0	11022	480	3180	152	164	0	0	0	0	0	0	0	0	0	0	0	206	0	0	0	10692	0	0	0	3068	0	0	0	0	0	0	0	0	0	0	0	0	0	0	0	0	0	0	0	0	0	0	0	0	0	0	
69536	Occipital_Inf_L	0	0	0	0	0	0	0	0	0	0	0	0	0	0	0	0	0	0	0	0	0	0	0	0	0	0	0	0	0	0	0	0	0	0	172	0	112	0	0	0	0	0	4310	0	770	0	5642	0	550	0	12774	0	0	0	4346	0	0	0	0	0	0	0	0	0	96	0	1132	0	0	0	0	0	0	0	0	0	0	0	0	0	218	0	0	0	1600	0	0	0	2936	0	0	0	0	0	0	0	0	0	110	0	0	0	0	0	0	0	0	0	0	0	0	0	0	0	0	0	
85696	Occipital_Inf_R	0	382	0	0	0	0	0	0	0	0	0	0	0	0	0	0	0	0	0	126	0	0	0	0	0	0	0	0	0	0	0	0	0	146	0	300	0	0	0	0	0	0	0	7638	0	1182	0	4934	0	2732	0	3912	0	0	0	9096	0	280	0	0	0	0	0	0	0	220	0	4610	0	0	0	0	0	0	0	0	0	0	0	0	0	94	0	0	0	3062	0	0	0	3844	0	96	0	0	0	0	0	0	0	98	0	0	0	0	0	0	0	0	0	0	0	96	0	0	0	0	
331884	Fusiform_L	174	0	334	0	0	0	0	0	0	0	0	0	0	0	0	0	528	0	0	0	0	0	0	0	0	0	0	0	7574	0	0	0	0	0	2124	180	11034	0	2966	0	3232	0	1074	0	218	0	10442	1876	214	0	3482	0	4346	0	0	536	0	0	0	0	0	0	0	0	146	0	1672	100	0	0	0	0	1348	0	0	0	254	0	1262	0	4528	0	2396	0	3730	0	2626	0	20926	0	21436	1162	4576	0	0	0	11414	1816	25318	1732	1950	0	1304	0	0	0	0	0	0	0	3186	1848	788	0	90	0	
493792	Fusiform_R	548	1232	126	392	0	0	94	176	0	0	0	122	0	0	0	0	0	158	990	1130	0	0	0	0	0	0	0	0	0	628	0	102	0	208	4558	6504	1732	30448	1712	30080	0	7412	0	9340	0	994	2046	17438	0	1388	0	716	0	9096	536	0	0	1472	0	0	0	0	0	390	0	0	266	9608	862	124	0	0	0	1668	0	0	88	1466	0	332	0	3842	0	2720	0	4012	0	2202	0	32698	3506	10706	680	876	0	0	2424	7368	4862	13812	0	0	0	702	0	0	0	0	0	128	4054	4742	1380	0	0	0	
213496	Postcentral_L	31420	834	3046	864	0	0	1242	628	0	0	5150	112	466	0	0	0	10030	0	1262	522	0	0	106	246	0	0	0	0	2780	0	384	288	0	90	182	0	1198	0	0	0	0	0	260	88	612	0	0	0	0	0	1794	0	0	0	0	0	0	698	4724	0	13088	0	9554	0	552	0	1476	372	2568	208	1070	892	1090	502	126	128	1552	0	1424	0	2906	0	0	0	0	0	0	0	98	116	0	0	0	0	0	0	0	0	0	0	0	0	0	0	0	0	0	0	0	0	0	0	0	0	0	0	
182096	Postcentral_R	736	17730	436	244	0	0	404	488	0	0	180	1828	0	0	0	0	0	3468	600	1138	0	0	0	0	0	0	0	0	104	582	0	0	0	298	0	612	0	1414	0	642	0	0	0	2622	0	1200	0	706	0	2546	0	200	0	280	0	1472	698	0	0	5010	0	4480	0	11944	0	2898	0	9834	610	5634	0	158	0	1206	0	102	134	1152	0	190	0	718	0	0	0	2382	0	0	0	3968	0	0	0	0	0	0	0	0	0	0	0	0	0	0	0	0	0	0	0	0	0	0	0	0	0	0	
85416	Parietal_Sup_L	0	0	0	0	0	0	0	0	0	0	0	0	0	0	0	0	0	0	0	0	0	0	0	0	0	0	0	0	94	0	0	0	124	0	254	0	0	0	0	0	0	0	784	0	2508	0	0	0	3420	0	8352	0	0	0	0	0	4724	0	0	0	9006	0	458	0	2262	0	7988	126	1688	0	0	0	0	0	0	0	0	0	0	0	230	0	0	0	282	0	0	0	408	0	0	0	0	0	0	0	0	0	0	0	0	0	0	0	0	0	0	0	0	0	0	0	0	0	0	0	
52224	Parietal_Sup_R	0	172	0	0	0	0	0	0	0	0	0	0	0	0	0	0	0	0	0	0	0	0	0	0	0	0	0	0	0	0	0	0	0	0	0	0	0	0	0	0	0	0	0	0	0	2258	0	0	0	4144	0	488	0	0	0	0	0	5010	0	0	0	3788	0	100	0	4184	1014	4778	0	176	0	0	0	0	0	0	0	0	0	0	0	0	0	0	0	0	0	0	0	0	0	0	0	0	0	0	0	0	0	0	0	0	0	0	0	0	0	0	0	0	0	0	0	0	0	0	
211544	Parietal_Inf_L	3706	0	824	0	0	0	740	0	0	0	640	0	0	0	0	0	1100	0	496	0	0	0	0	0	0	0	0	0	758	0	148	0	0	0	388	0	0	0	0	0	0	0	1000	0	1012	0	0	0	846	0	13242	0	0	0	0	0	13088	0	9006	0	0	0	18500	0	17084	0	2944	0	2866	0	302	0	0	0	0	0	588	0	228	0	3766	0	0	0	6546	0	0	0	5954	0	0	0	0	0	0	0	0	0	0	0	0	0	0	0	0	0	0	0	0	0	0	0	0	0	0	0	
67816	Parietal_Inf_R	0	146	0	0	0	0	0	0	0	0	0	0	0	0	0	0	0	0	0	0	0	0	0	0	0	0	0	0	0	0	0	0	0	118	0	0	0	0	0	0	0	0	0	244	0	0	0	0	0	2288	0	1708	0	0	0	0	0	4480	0	3788	0	0	0	3912	0	12054	0	686	0	118	0	0	0	0	0	0	0	0	0	0	0	726	0	0	0	2588	0	0	0	1052	0	0	0	0	0	0	0	0	0	0	0	0	0	0	0	0	0	0	0	0	0	0	0	0	0	0	
141172	SupraMarginal_L	4950	0	862	108	0	0	696	0	0	0	992	0	0	0	0	0	5144	0	484	102	0	0	0	0	0	0	0	0	1124	0	0	0	0	0	0	0	354	0	0	0	0	0	0	0	0	0	0	0	0	0	1998	0	0	0	0	0	9554	0	458	0	18500	0	0	0	6520	0	116	0	158	0	0	0	94	0	0	0	0	0	110	0	9342	0	0	0	5636	0	0	0	3284	0	0	0	0	0	0	0	0	0	0	0	0	0	0	0	0	0	0	0	0	0	0	0	0	0	0	0	
90268	SupraMarginal_R	0	1784	0	0	0	0	0	0	0	0	0	210	0	0	0	0	0	1956	0	0	0	0	0	0	0	0	0	0	0	260	0	0	0	110	0	0	0	192	0	132	0	0	0	312	0	0	0	0	0	556	0	504	0	0	0	390	0	11944	0	100	0	3912	0	0	0	7578	0	1602	0	210	0	0	0	0	0	0	0	0	0	272	0	8074	0	0	0	4054	0	0	0	982	0	0	0	0	0	0	0	0	0	0	0	0	0	0	0	0	0	0	0	0	0	0	0	0	0	0	
169452	Angular_L	672	0	238	0	0	0	0	0	0	0	128	0	0	0	0	0	1110	0	0	0	0	0	0	0	0	0	0	0	1644	0	0	0	0	0	288	0	0	0	0	0	0	0	624	0	0	0	0	0	134	0	23762	0	96	0	146	0	552	0	2262	0	17084	0	6520	0	0	0	872	0	762	0	0	0	0	0	0	0	222	0	972	0	3270	0	0	0	14316	0	0	0	9052	0	0	0	0	0	0	0	0	0	0	0	0	0	0	0	0	0	0	0	0	0	0	0	0	0	0	0	
125812	Angular_R	0	114	0	0	0	0	0	0	0	0	0	0	0	0	0	0	0	0	120	118	0	0	0	0	0	0	0	0	0	0	0	0	0	654	0	0	0	0	0	0	0	0	0	430	0	852	0	134	0	6920	0	11022	0	220	0	0	0	2898	0	4184	0	12054	0	7578	0	0	0	1400	104	126	0	0	0	0	0	0	0	0	0	0	0	4860	0	0	0	8226	0	0	0	892	0	0	0	0	0	0	0	0	0	0	0	0	0	0	0	0	0	0	0	0	0	0	0	0	0	0	
223540	Precuneus_L	144	0	0	0	0	0	0	0	0	0	0	0	0	0	0	0	190	0	278	180	0	0	0	0	0	0	0	0	242	0	0	0	4310	730	6852	2206	1658	390	1724	452	0	0	14668	278	10050	5206	2260	290	9340	1464	16342	480	1132	0	1672	266	1476	0	7988	1014	2944	0	116	0	872	0	0	8712	2486	0	0	0	0	0	0	0	0	0	166	0	228	0	0	0	1960	138	0	0	866	0	0	0	0	0	0	0	0	0	0	0	0	0	0	0	0	0	0	0	0	0	0	0	0	0	0	0	
368536	Precuneus_R	576	5678	282	132	0	0	110	146	0	0	0	118	0	0	0	0	0	100	1820	6214	0	0	0	0	0	0	0	0	0	0	0	0	1238	11650	2170	12908	1286	1520	1240	3124	0	0	0	25650	266	17196	0	13362	0	10344	0	3180	0	4610	100	9608	372	9834	126	4778	0	686	0	1602	0	1400	8712	0	1746	8808	0	158	0	0	0	0	0	164	0	0	0	146	0	0	0	4560	0	0	0	6548	0	0	0	0	0	0	0	0	0	0	0	0	0	0	0	0	0	0	0	0	0	0	0	0	0	0	
192916	Paracentral_Lobule_L	9094	560	2510	1416	0	0	164	0	0	0	0	0	0	0	0	0	156	0	25930	12280	0	0	0	0	0	0	0	0	222	0	0	0	3052	8662	3610	2228	0	1486	0	788	0	0	218	600	296	454	0	168	162	314	3654	152	0	0	0	862	2568	610	1688	0	2866	0	158	0	762	104	2486	1746	0	1360	0	0	0	0	0	0	338	128	0	0	168	0	0	0	1082	146	0	0	346	864	0	0	0	0	0	0	0	0	0	0	0	0	0	0	0	0	0	0	0	0	0	0	0	0	0	0	
82436	Paracentral_Lobule_R	410	1844	306	0	0	0	0	0	0	0	0	108	0	0	0	0	0	0	1386	5848	0	0	0	0	0	0	0	0	0	0	0	0	114	3162	108	2420	0	122	0	98	0	0	0	4684	0	496	0	1626	0	462	0	164	0	0	0	124	208	5634	0	176	0	118	0	210	0	126	0	8808	1360	0	0	0	0	0	0	0	0	0	0	0	0	0	0	0	0	412	0	0	0	684	0	0	0	0	0	0	0	0	0	0	0	0	0	0	0	0	0	0	0	0	0	0	0	0	0	0	
282652	Caudate_L	3572	654	12288	5478	1676	992	3406	614	368	162	2554	2884	882	0	826	376	3510	196	6618	3614	8112	8326	1602	680	474	114	2302	1366	7214	2320	11096	2918	0	866	0	0	636	282	0	0	0	0	0	0	0	0	0	0	0	0	0	0	0	0	0	0	1070	0	0	0	302	0	0	0	0	0	0	0	0	0	0	10088	20004	1496	1814	1022	5080	898	112	0	144	0	140	178	0	0	0	0	0	0	0	0	0	0	0	0	0	0	0	0	0	0	0	0	0	0	0	0	0	0	0	0	0	0	0	0	
369124	Caudate_R	2906	324	2426	22448	192	7286	1858	826	108	562	282	1514	88	1452	0	1514	340	318	3636	12366	4280	7132	678	13738	0	7374	254	2142	662	3282	3556	22980	0	3830	0	0	234	190	0	0	0	0	0	0	0	0	0	0	0	0	0	0	0	0	0	0	892	158	0	0	0	0	0	0	0	0	0	158	0	0	10088	0	4320	16438	890	3416	1950	15474	0	0	0	0	0	0	0	0	0	0	0	0	0	0	0	0	0	0	0	0	0	0	0	0	0	0	0	0	0	0	0	0	0	0	0	0	0	0	
343144	Putamen_L	3548	240	23492	2030	5010	732	3148	216	1848	142	1398	300	2292	0	3952	238	384	0	10806	1378	5590	5234	4780	416	1682	0	1314	1032	22580	452	14214	1640	0	90	0	0	7590	0	428	0	458	0	0	0	0	0	0	0	0	0	0	0	0	0	1348	0	1090	0	0	0	0	0	94	0	0	0	0	0	0	0	20004	4320	0	810	6596	288	2738	194	200	0	688	0	3140	0	288	0	0	0	1120	0	0	0	0	0	0	0	0	0	0	0	0	0	0	0	0	0	0	0	0	0	0	0	0	0	0	0	
296200	Putamen_R	2036	1602	1250	17322	98	7106	1424	4256	0	1062	198	3880	232	410	0	2676	144	4360	1002	1990	718	1232	1446	8370	0	6936	98	776	478	19878	1590	10906	0	974	0	0	0	10810	0	1050	0	494	0	0	0	0	0	0	0	0	0	0	0	0	0	1668	502	1206	0	0	0	0	0	0	0	0	0	0	0	0	1496	16438	810	0	0	3750	292	2096	0	536	0	1092	0	490	0	0	0	0	0	920	0	0	0	0	0	0	0	0	0	0	0	0	0	0	0	0	0	0	0	0	0	0	0	0	0	0	
51260	Pallidum_L	1550	0	5922	834	0	0	764	0	0	0	110	0	0	0	0	0	0	0	1436	820	734	892	0	0	0	0	0	0	0	0	0	0	0	0	0	0	716	0	0	0	0	0	0	0	0	0	0	0	0	0	0	0	0	0	0	0	126	0	0	0	0	0	0	0	0	0	0	0	0	0	1814	890	6596	0	0	0	2426	0	0	0	0	0	0	0	0	0	0	0	0	0	0	0	0	0	0	0	0	0	0	0	0	0	0	0	0	0	0	0	0	0	0	0	0	0	0	0	
31104	Pallidum_R	1010	140	444	812	0	0	988	130	0	0	138	262	0	0	0	0	0	348	382	102	166	412	0	242	0	0	0	0	116	272	144	456	0	0	0	0	0	0	0	0	0	0	0	0	0	0	0	0	0	0	0	0	0	0	0	0	128	102	0	0	0	0	0	0	0	0	0	0	0	0	1022	3416	288	3750	0	0	0	282	0	0	0	0	0	0	0	0	0	0	0	0	0	0	0	0	0	0	0	0	0	0	0	0	0	0	0	0	0	0	0	0	0	0	0	0	0	0	
121500	Thalamus_L	8832	0	14358	1694	0	0	2752	96	0	0	426	0	170	0	0	0	106	0	1490	1452	0	0	90	0	0	0	0	0	1160	168	178	0	0	0	0	0	5652	438	1130	88	130	0	0	0	0	0	376	0	0	0	0	0	0	0	254	88	1552	134	0	0	588	0	0	0	222	0	0	0	338	0	5080	1950	2738	292	2426	0	0	3942	0	0	120	0	0	0	0	0	0	0	240	0	0	0	0	0	0	0	0	0	0	0	0	0	0	0	0	0	0	0	0	0	0	0	0	0	0	0	
137184	Thalamus_R	552	1776	982	15970	0	0	108	640	0	0	0	344	0	0	0	0	0	316	658	8350	0	248	0	0	0	0	0	0	178	726	0	0	0	0	606	338	1916	4780	1206	1820	0	492	0	0	0	0	570	220	0	0	0	0	0	0	0	1466	0	1152	0	0	0	0	0	0	0	0	0	164	128	0	898	15474	194	2096	0	282	3942	0	0	0	0	0	0	0	0	0	0	0	0	0	0	0	0	0	0	0	0	0	0	0	0	0	0	0	0	0	0	0	0	0	0	0	0	0	0	0	
46564	Heschl_L	1168	0	710	0	0	0	124	0	0	0	258	0	0	0	0	0	4264	0	228	0	0	0	0	0	0	0	0	0	5408	0	0	0	0	0	128	0	522	0	0	0	0	0	0	0	90	0	0	0	0	0	2074	0	0	0	1262	0	1424	0	0	0	228	0	110	0	972	0	166	0	0	0	112	0	200	0	0	0	0	0	0	0	1916	0	0	0	1362	0	0	0	556	0	0	0	0	0	0	0	0	0	0	0	0	0	0	0	0	0	0	0	0	0	0	0	0	0	0	0	
19420	Heschl_R	0	0	0	0	0	0	0	0	0	0	0	0	0	0	0	0	0	2136	0	0	0	0	0	0	0	0	0	0	0	1506	0	0	0	0	0	0	0	490	0	222	0	0	0	0	0	0	0	0	0	0	0	0	0	0	0	332	0	190	0	0	0	0	0	272	0	0	0	0	0	0	0	0	0	536	0	0	0	0	0	0	0	3310	0	180	0	196	0	0	0	340	0	0	0	0	0	0	0	0	0	0	0	0	0	0	0	0	0	0	0	0	0	0	0	0	0	0	
194684	Temporal_Sup_L	1866	0	1362	92	0	0	314	0	0	0	1674	0	98	0	0	0	7378	0	430	0	0	0	216	0	0	0	0	0	9046	0	204	0	0	0	0	0	4744	0	456	0	0	0	0	0	100	0	160	0	0	0	3064	0	218	0	4528	0	2906	0	230	0	3766	0	9342	0	3270	0	228	0	168	0	144	0	688	0	0	0	120	0	1916	0	0	0	5720	0	23136	0	328	0	9430	0	0	0	0	0	0	0	0	0	0	0	0	0	0	0	0	0	0	0	0	0	0	0	0	0	0	0	
118296	Temporal_Sup_R	0	282	0	322	0	0	0	226	0	0	0	0	0	0	0	0	0	1878	0	0	0	0	0	0	0	0	0	0	0	3828	0	134	0	0	0	0	0	3132	0	2422	0	0	0	96	0	0	0	0	0	138	0	206	0	94	0	3842	0	718	0	0	0	726	0	8074	0	4860	0	146	0	0	0	0	0	1092	0	0	0	0	0	3310	0	0	0	4760	0	13042	0	634	0	5186	0	0	0	0	0	0	0	0	0	0	0	0	0	0	0	0	0	0	0	0	0	0	0	0	0	0	
103928	Temporal_Pole_Sup_L	344	0	958	0	1012	0	530	0	526	0	2366	0	866	0	2966	0	1794	0	160	0	2022	0	306	0	0	0	0	0	10154	0	270	0	0	0	0	0	1046	0	520	0	470	0	0	0	0	0	0	0	0	0	0	0	0	0	2396	0	0	0	0	0	0	0	0	0	0	0	0	0	0	0	140	0	3140	0	0	0	0	0	0	0	5720	0	0	0	6062	0	3878	0	4318	0	0	0	0	0	0	0	0	0	0	0	0	0	0	0	0	0	0	0	0	0	0	0	0	0	0	0	
52312	Temporal_Pole_Sup_R	0	0	0	736	0	0	0	0	0	0	0	1210	0	0	0	576	0	682	118	256	0	0	0	134	0	0	0	0	108	2922	0	162	0	186	0	0	0	704	0	1084	0	1956	0	0	0	0	0	0	0	0	0	0	0	0	0	2720	0	0	0	0	0	0	0	0	0	0	0	0	0	0	178	0	0	490	0	0	0	0	0	180	0	4760	0	0	0	3168	0	2902	0	924	0	0	0	0	0	0	0	0	0	0	0	0	0	0	0	0	0	0	0	0	0	0	0	0	0	0	
340108	Temporal_Mid_L	2298	0	624	0	0	0	184	0	0	0	0	0	0	0	0	0	1212	0	124	0	0	0	0	0	0	0	0	0	3050	0	0	0	408	0	162	0	1326	0	0	0	0	0	2798	0	984	0	166	0	844	0	37446	0	1600	0	3730	0	0	0	282	0	6546	0	5636	0	14316	0	1960	0	1082	0	0	0	288	0	0	0	0	0	1362	0	23136	0	6062	0	0	0	6590	0	45838	0	0	0	0	0	0	0	0	0	0	0	0	0	0	0	0	0	0	0	0	0	0	0	0	0	0	0	
212544	Temporal_Mid_R	0	252	0	0	0	0	0	0	0	0	0	0	0	0	0	0	0	0	166	198	0	0	0	0	0	0	0	0	0	442	0	0	152	1404	0	0	0	2008	0	1220	0	0	0	3394	0	2422	0	762	0	3990	0	10692	0	3062	0	4012	0	2382	0	0	0	2588	0	4054	0	8226	138	4560	146	412	0	0	0	0	0	0	0	0	0	196	0	13042	0	3168	0	0	0	4196	0	28988	0	0	0	0	0	0	0	0	0	0	0	0	0	0	0	0	0	0	0	0	0	0	0	0	0	0	
40592	Temporal_Pole_Mid_L	0	0	0	0	0	0	0	0	0	0	0	0	0	0	0	0	0	0	0	0	0	0	0	0	0	0	0	0	114	0	0	0	0	0	0	0	90	0	148	0	0	0	0	0	0	0	0	0	0	0	0	0	0	0	2626	0	0	0	0	0	0	0	0	0	0	0	0	0	0	0	0	0	0	0	0	0	0	0	0	0	328	0	3878	0	6590	0	0	0	6522	0	0	0	0	0	0	0	0	0	0	0	0	0	0	0	0	0	0	0	0	0	0	0	0	0	0	0	
26744	Temporal_Pole_Mid_R	0	0	0	0	0	0	0	0	0	0	0	0	0	0	0	0	0	0	0	0	0	0	0	0	0	0	0	0	0	0	0	0	0	0	0	0	0	266	0	626	0	640	0	0	0	0	0	0	0	0	0	0	0	0	0	2202	0	0	0	0	0	0	0	0	0	0	0	0	0	0	0	0	0	0	0	0	0	0	0	0	0	634	0	2902	0	4196	0	0	0	1906	0	0	0	0	0	0	0	0	0	0	0	0	0	0	0	0	0	0	0	0	0	0	0	0	0	0	
313000	Temporal_Inf_L	856	0	578	0	0	0	0	0	0	0	0	0	0	0	0	0	1184	0	0	0	0	0	0	0	0	0	0	0	9570	0	0	0	238	0	120	0	11218	0	1494	0	1728	0	864	0	268	0	374	0	0	0	14004	0	2936	0	20926	0	98	0	408	0	5954	0	3284	0	9052	0	866	0	346	0	0	0	1120	0	0	0	240	0	556	0	9430	0	4318	0	45838	0	6522	0	0	0	1278	0	466	0	0	0	0	0	172	0	194	0	0	0	0	0	0	0	0	0	0	0	0	0	0	0	
312140	Temporal_Inf_R	586	1448	148	340	0	0	112	162	0	0	0	130	0	0	0	0	0	260	990	1150	0	0	0	0	0	0	0	0	0	540	0	0	0	456	3276	4726	0	19406	0	18572	0	888	0	4836	0	864	0	2328	0	1556	0	3068	0	3844	0	32698	116	3968	0	0	0	1052	0	982	0	892	0	6548	864	684	0	0	0	920	0	0	0	0	0	340	0	5186	0	924	0	28988	0	1906	0	0	0	228	0	0	0	0	0	0	0	88	0	0	0	0	0	0	0	0	0	0	0	0	0	0	0	0	
616556	Cerebelum_Crus1_L	0	0	0	0	0	0	0	0	0	0	0	0	0	0	0	0	0	0	0	0	0	0	0	0	0	0	0	0	0	0	0	0	0	0	0	0	0	0	0	0	0	0	0	0	0	0	10564	6988	0	0	0	0	0	0	21436	3506	0	0	0	0	0	0	0	0	0	0	0	0	0	0	0	0	0	0	0	0	0	0	0	0	0	0	0	0	0	0	0	0	1278	0	0	10648	48620	5932	690	778	26000	6190	63022	12130	17240	874	12090	2610	1532	3796	170	102	466	1700	11734	14708	15028	3160	3758	1528	
536248	Cerebelum_Crus1_R	0	0	0	0	0	0	0	0	0	0	0	0	0	0	0	0	0	0	0	0	0	0	0	0	0	0	0	0	0	0	0	0	0	0	0	0	0	0	0	0	0	0	0	0	0	0	3656	6678	0	0	0	0	0	96	1162	10706	0	0	0	0	0	0	0	0	0	0	0	0	0	0	0	0	0	0	0	0	0	0	0	0	0	0	0	0	0	0	0	0	0	228	10648	0	6334	34610	0	1438	8578	22046	10240	61764	798	3940	624	25006	0	3862	0	570	0	2106	14140	12876	19216	3602	3200	0	
435036	Cerebelum_Crus2_L	0	0	0	0	0	0	0	0	0	0	0	0	0	0	0	0	0	0	0	0	0	0	0	0	0	0	0	0	0	0	0	0	0	0	0	0	0	0	0	0	0	0	0	0	0	0	1944	1300	0	0	0	0	0	0	4576	680	0	0	0	0	0	0	0	0	0	0	0	0	0	0	0	0	0	0	0	0	0	0	0	0	0	0	0	0	0	0	0	0	466	0	48620	6334	0	13364	192	342	5428	806	17674	5156	36906	6840	24126	5264	1720	2170	146	154	0	540	1214	5592	19136	4426	1862	540	
378812	Cerebelum_Crus2_R	0	0	0	0	0	0	0	0	0	0	0	0	0	0	0	0	0	0	0	0	0	0	0	0	0	0	0	0	0	0	0	0	0	0	0	0	0	0	0	0	0	0	0	0	0	0	262	576	0	0	0	0	0	0	0	876	0	0	0	0	0	0	0	0	0	0	0	0	0	0	0	0	0	0	0	0	0	0	0	0	0	0	0	0	0	0	0	0	0	0	5932	34610	13364	0	0	544	526	2260	1378	12872	6552	29242	4482	40960	0	4616	0	252	0	588	1284	2490	19820	4296	1624	0	
42744	Cerebelum_3_L	0	0	0	0	0	0	0	0	0	0	0	0	0	0	0	0	0	0	0	0	0	0	0	0	0	0	0	0	0	0	0	0	0	0	0	0	0	0	194	0	0	0	0	0	0	0	544	104	0	0	0	0	0	0	0	0	0	0	0	0	0	0	0	0	0	0	0	0	0	0	0	0	0	0	0	0	0	0	0	0	0	0	0	0	0	0	0	0	0	0	690	0	192	0	0	0	6428	0	2316	0	0	0	122	0	1894	938	0	0	982	1386	1156	1372	178	1012	1068	796	
51576	Cerebelum_3_R	0	0	0	0	0	0	0	0	0	0	0	0	0	0	0	0	0	0	0	0	0	0	0	0	0	0	0	0	0	0	0	0	0	0	0	0	0	0	0	0	0	0	0	0	0	0	104	0	0	0	0	0	0	0	0	0	0	0	0	0	0	0	0	0	0	0	0	0	0	0	0	0	0	0	0	0	0	0	0	0	0	0	0	0	0	0	0	0	0	0	778	1438	342	544	0	0	592	3674	778	3126	164	0	148	358	0	2360	0	0	224	4022	1504	1178	1140	1532	1782	0	
410944	Cerebelum_4_5_L	0	0	0	0	0	0	0	0	0	0	0	0	0	0	0	0	0	0	0	0	0	0	0	0	0	0	0	0	0	0	0	0	0	0	0	0	0	0	0	0	0	0	0	0	0	0	15504	4878	0	0	0	0	0	0	11414	2424	0	0	0	0	0	0	0	0	0	0	0	0	0	0	0	0	0	0	0	0	0	0	0	0	0	0	0	0	0	0	0	0	0	0	26000	8578	5428	526	6428	592	0	11592	42986	11766	1532	0	2102	644	4740	2876	404	0	656	3796	25458	6338	734	2070	3124	2882	
293912	Cerebelum_4_5_R	0	0	0	0	0	0	0	0	0	0	0	0	0	0	0	0	0	0	0	0	0	0	0	0	0	0	0	0	0	0	0	0	0	0	0	0	0	0	0	126	0	0	0	0	0	0	3584	8192	0	0	0	0	0	0	1816	7368	0	0	0	0	0	0	0	0	0	0	0	0	0	0	0	0	0	0	0	0	0	0	0	0	0	0	0	0	0	0	0	0	0	0	6190	22046	806	2260	0	3674	11592	0	9404	34394	152	134	124	2806	0	1506	0	0	0	3270	21312	3040	1210	816	1134	0	
594312	Cerebelum_6_L	0	0	0	0	0	0	0	0	0	0	0	0	0	0	0	0	0	0	0	0	0	0	0	0	0	0	0	0	0	0	0	0	0	0	0	0	0	0	0	0	0	0	0	0	0	0	15618	9478	0	0	0	0	110	0	25318	4862	0	0	0	0	0	0	0	0	0	0	0	0	0	0	0	0	0	0	0	0	0	0	0	0	0	0	0	0	0	0	0	0	172	0	63022	10240	17674	1378	2316	778	42986	9404	0	14174	7098	0	4930	602	3212	4396	298	0	538	3246	18726	18142	6710	4044	4798	2886	
542092	Cerebelum_6_R	0	0	0	0	0	0	0	0	0	0	0	0	0	0	0	0	0	0	0	0	0	0	0	0	0	0	0	0	0	0	0	0	0	0	0	0	0	0	0	0	0	0	0	0	0	0	5202	11046	0	0	0	0	0	98	1732	13812	0	0	0	0	0	0	0	0	0	0	0	0	0	0	0	0	0	0	0	0	0	0	0	0	0	0	0	0	0	0	0	0	0	88	12130	61764	5156	12872	0	3126	11766	34394	14174	0	540	1890	406	12390	0	3990	0	730	0	2934	20840	16146	16874	3590	3356	0	
278472	Cerebelum_7b_L	0	0	0	0	0	0	0	0	0	0	0	0	0	0	0	0	0	0	0	0	0	0	0	0	0	0	0	0	0	0	0	0	0	0	0	0	0	0	0	0	0	0	0	0	0	0	264	0	0	0	0	0	0	0	1950	0	0	0	0	0	0	0	0	0	0	0	0	0	0	0	0	0	0	0	0	0	0	0	0	0	0	0	0	0	0	0	0	0	194	0	17240	798	36906	6552	0	164	1532	152	7098	540	0	5666	33094	4586	3556	1634	160	176	0	206	246	1264	8124	5326	1344	464	
177188	Cerebelum_7b_R	0	0	0	0	0	0	0	0	0	0	0	0	0	0	0	0	0	0	0	0	0	0	0	0	0	0	0	0	0	0	0	0	0	0	0	0	0	0	0	0	0	0	0	0	0	0	0	0	0	0	0	0	0	0	0	0	0	0	0	0	0	0	0	0	0	0	0	0	0	0	0	0	0	0	0	0	0	0	0	0	0	0	0	0	0	0	0	0	0	0	874	3940	6840	29242	0	0	0	134	0	1890	5666	0	3082	24356	0	2504	0	0	0	0	0	130	6470	3200	266	0	
279684	Cerebelum_8_L	0	0	0	0	0	0	0	0	0	0	0	0	0	0	0	0	0	0	0	0	0	0	0	0	0	0	0	0	0	0	0	0	0	0	0	0	0	0	0	0	0	0	0	0	0	0	254	0	0	0	0	0	0	0	1304	0	0	0	0	0	0	0	0	0	0	0	0	0	0	0	0	0	0	0	0	0	0	0	0	0	0	0	0	0	0	0	0	0	0	0	12090	624	24126	4482	122	148	2102	124	4930	406	33094	3082	0	6392	15168	4244	1008	914	0	214	340	1026	9414	9704	4188	342	
339840	Cerebelum_8_R	0	0	0	0	0	0	0	0	0	0	0	0	0	0	0	0	0	0	0	0	0	0	0	0	0	0	0	0	0	0	0	0	0	0	0	0	0	0	0	0	0	0	0	0	0	0	122	0	0	0	0	0	0	0	0	702	0	0	0	0	0	0	0	0	0	0	0	0	0	0	0	0	0	0	0	0	0	0	0	0	0	0	0	0	0	0	0	0	0	0	2610	25006	5264	40960	0	358	644	2806	602	12390	4586	24356	6392	0	160	15260	0	1592	0	412	1122	596	12670	7922	3388	0	
100052	Cerebelum_9_L	0	0	0	0	0	0	0	0	0	0	0	0	0	0	0	0	0	0	0	0	0	0	0	0	0	0	0	0	0	0	0	0	0	0	0	0	0	0	0	0	0	0	0	0	0	0	0	0	0	0	0	0	0	0	0	0	0	0	0	0	0	0	0	0	0	0	0	0	0	0	0	0	0	0	0	0	0	0	0	0	0	0	0	0	0	0	0	0	0	0	1532	0	1720	0	1894	0	4740	0	3212	0	3556	0	15168	160	0	2454	3104	0	0	140	1516	2620	594	2754	3040	1822	
220988	Cerebelum_9_R	0	0	0	0	0	0	0	0	0	0	0	0	0	0	0	0	0	0	0	0	0	0	0	0	0	0	0	0	0	0	0	0	0	0	0	0	0	0	0	0	0	0	0	0	0	0	0	0	0	0	0	0	0	0	0	0	0	0	0	0	0	0	0	0	0	0	0	0	0	0	0	0	0	0	0	0	0	0	0	0	0	0	0	0	0	0	0	0	0	0	3796	3862	2170	4616	938	2360	2876	1506	4396	3990	1634	2504	4244	15260	2454	0	0	2960	870	3522	3274	6486	7420	11570	13426	4360	
10760	Cerebelum_10_L	0	0	0	0	0	0	0	0	0	0	0	0	0	0	0	0	0	0	0	0	0	0	0	0	0	0	0	0	0	0	0	0	0	0	0	0	0	0	0	0	0	0	0	0	0	0	0	0	0	0	0	0	0	0	0	0	0	0	0	0	0	0	0	0	0	0	0	0	0	0	0	0	0	0	0	0	0	0	0	0	0	0	0	0	0	0	0	0	0	0	170	0	146	0	0	0	404	0	298	0	160	0	1008	0	3104	0	0	0	0	0	0	0	0	90	0	0	
24368	Cerebelum_10_R	0	0	0	0	0	0	0	0	0	0	0	0	0	0	0	0	0	0	0	0	0	0	0	0	0	0	0	0	0	0	0	0	0	0	0	0	0	0	0	0	0	0	0	0	0	0	0	0	0	0	0	0	0	0	0	0	0	0	0	0	0	0	0	0	0	0	0	0	0	0	0	0	0	0	0	0	0	0	0	0	0	0	0	0	0	0	0	0	0	0	102	570	154	252	0	0	0	0	0	730	176	0	914	1592	0	2960	0	0	0	0	0	0	1406	1610	1718	0	
20548	Vermis_1_2	0	0	0	0	0	0	0	0	0	0	0	0	0	0	0	0	0	0	0	0	0	0	0	0	0	0	0	0	0	0	0	0	0	0	0	0	0	0	0	0	0	0	0	0	0	0	0	0	0	0	0	0	0	0	0	0	0	0	0	0	0	0	0	0	0	0	0	0	0	0	0	0	0	0	0	0	0	0	0	0	0	0	0	0	0	0	0	0	0	0	466	0	0	0	982	224	656	0	538	0	0	0	0	0	0	870	0	0	0	3552	660	768	238	536	784	0	
92436	Vermis_3	0	0	0	0	0	0	0	0	0	0	0	0	0	0	0	0	0	0	0	0	0	0	0	0	0	0	0	0	0	0	0	0	0	0	0	0	0	0	164	0	0	0	0	0	0	0	332	242	0	0	0	0	0	0	0	128	0	0	0	0	0	0	0	0	0	0	0	0	0	0	0	0	0	0	0	0	0	0	0	0	0	0	0	0	0	0	0	0	0	0	1700	2106	540	588	1386	4022	3796	3270	3246	2934	206	0	214	412	140	3522	0	0	3552	0	4576	2224	1574	2374	2828	142	
336628	Vermis_4_5	0	0	0	0	0	0	0	0	0	0	0	0	0	0	0	0	0	0	0	0	0	0	0	0	0	0	0	0	0	0	0	0	0	0	0	0	0	0	0	0	0	0	0	0	0	0	5482	7894	0	0	0	0	0	0	3186	4054	0	0	0	0	0	0	0	0	0	0	0	0	0	0	0	0	0	0	0	0	0	0	0	0	0	0	0	0	0	0	0	0	0	0	11734	14140	1214	1284	1156	1504	25458	21312	18726	20840	246	0	340	1122	1516	3274	0	0	660	4576	0	8746	1448	2306	3626	2470	
312916	Vermis_6	0	0	0	0	0	0	0	0	0	0	0	0	0	0	0	0	0	0	0	0	0	0	0	0	0	0	0	0	0	0	0	0	0	0	0	0	0	0	0	0	0	0	0	0	0	0	4078	9982	0	0	0	0	0	96	1848	4742	0	0	0	0	0	0	0	0	0	0	0	0	0	0	0	0	0	0	0	0	0	0	0	0	0	0	0	0	0	0	0	0	0	0	14708	12876	5592	2490	1372	1178	6338	3040	18142	16146	1264	130	1026	596	2620	6486	0	0	768	2224	8746	0	12336	5660	7262	4712	
372020	Vermis_7	0	0	0	0	0	0	0	0	0	0	0	0	0	0	0	0	0	0	0	0	0	0	0	0	0	0	0	0	0	0	0	0	0	0	0	0	0	0	0	0	0	0	0	0	0	0	934	2968	0	0	0	0	0	0	788	1380	0	0	0	0	0	0	0	0	0	0	0	0	0	0	0	0	0	0	0	0	0	0	0	0	0	0	0	0	0	0	0	0	0	0	15028	19216	19136	19820	178	1140	734	1210	6710	16874	8124	6470	9414	12670	594	7420	0	1406	238	1574	1448	12336	0	10464	6770	966	
