data	data	604428	392076	834408	651772	109336	55332	444080	354588	49744	31912	345808	290408	286408	170752	154876	90564	218712	117672	595368	613848	44748	52140	305748	403720	9240	83728	37624	20244	499040	443944	195148	422188	164708	492068	131924	163712	230320	306304	97704	244680	51132	57756	258692	270216	214356	196720	324160	384540	204860	199592	433788	195064	151404	69232	456064	521832	203596	255848	84844	101600	162596	105796	141148	81212	157848	128384	259952	410612	230200	227788	312012	321656	364100	338844	47936	22648	139156	172584	114996	36360	178868	136296	75516	63932	313884	288152	37124	18680	227520	173716	642348	642676	417296	470164	62168	75932	386488	362992	640140	593004	388476	254752	434580	449608	177272	157664	23968	18100	39600	52520	357528	389496	413560	234000	125068	43548	
data	data	Precentral_L	Precentral_R	Frontal_Sup_L	Frontal_Sup_R	Frontal_Sup_Orb_L	Frontal_Sup_Orb_R	Frontal_Mid_L	Frontal_Mid_R	Frontal_Mid_Orb_L	Frontal_Mid_Orb_R	Frontal_Inf_Oper_L	Frontal_Inf_Oper_R	Frontal_Inf_Tri_L	Frontal_Inf_Tri_R	Frontal_Inf_Orb_L	Frontal_Inf_Orb_R	Rolandic_Oper_L	Rolandic_Oper_R	Supp_Motor_Area_L	Supp_Motor_Area_R	Olfactory_L	Olfactory_R	Frontal_Sup_Medial_L	Frontal_Sup_Medial_R	Frontal_Med_Orb_L	Frontal_Med_Orb_R	Rectus_L	Rectus_R	Insula_L	Insula_R	Cingulum_Ant_L	Cingulum_Ant_R	Cingulum_Mid_L	Cingulum_Mid_R	Cingulum_Post_L	Cingulum_Post_R	Hippocampus_L	Hippocampus_R	ParaHippocampal_L	ParaHippocampal_R	Amygdala_L	Amygdala_R	Calcarine_L	Calcarine_R	Cuneus_L	Cuneus_R	Lingual_L	Lingual_R	Occipital_Sup_L	Occipital_Sup_R	Occipital_Mid_L	Occipital_Mid_R	Occipital_Inf_L	Occipital_Inf_R	Fusiform_L	Fusiform_R	Postcentral_L	Postcentral_R	Parietal_Sup_L	Parietal_Sup_R	Parietal_Inf_L	Parietal_Inf_R	SupraMarginal_L	SupraMarginal_R	Angular_L	Angular_R	Precuneus_L	Precuneus_R	Paracentral_Lobule_L	Paracentral_Lobule_R	Caudate_L	Caudate_R	Putamen_L	Putamen_R	Pallidum_L	Pallidum_R	Thalamus_L	Thalamus_R	Heschl_L	Heschl_R	Temporal_Sup_L	Temporal_Sup_R	Temporal_Pole_Sup_L	Temporal_Pole_Sup_R	Temporal_Mid_L	Temporal_Mid_R	Temporal_Pole_Mid_L	Temporal_Pole_Mid_R	Temporal_Inf_L	Temporal_Inf_R	Cerebelum_Crus1_L	Cerebelum_Crus1_R	Cerebelum_Crus2_L	Cerebelum_Crus2_R	Cerebelum_3_L	Cerebelum_3_R	Cerebelum_4_5_L	Cerebelum_4_5_R	Cerebelum_6_L	Cerebelum_6_R	Cerebelum_7b_L	Cerebelum_7b_R	Cerebelum_8_L	Cerebelum_8_R	Cerebelum_9_L	Cerebelum_9_R	Cerebelum_10_L	Cerebelum_10_R	Vermis_1_2	Vermis_3	Vermis_4_5	Vermis_6	Vermis_7	Vermis_8	Vermis_9	Vermis_10	
604428	Precentral_L	0	5472	27332	5006	0	0	28302	4408	0	0	16460	476	2862	0	0	0	11504	0	14168	24578	0	0	198	294	0	230	0	0	8404	582	128	532	1600	14218	5878	2106	6236	1530	1960	604	0	0	190	0	216	0	346	0	0	0	676	0	1170	0	2232	274	22550	294	0	0	1116	0	608	0	86	0	770	0	38284	1160	4470	3092	8710	714	2632	584	12654	3850	5912	0	2040	0	122	0	1496	0	0	0	898	0	0	0	0	0	0	0	0	0	0	0	0	0	0	0	0	0	0	0	0	0	0	0	0	0	0	0	
392076	Precentral_R	5472	0	1192	13150	0	0	1810	26954	0	0	0	3534	0	644	0	0	112	3234	766	5044	0	0	0	0	0	0	0	0	0	1608	338	100	196	3722	582	4136	0	3548	0	1048	0	0	0	3454	0	762	0	836	0	244	0	934	0	1312	0	4972	728	30922	0	352	0	1252	0	1198	0	1674	0	17606	800	22156	3270	1502	3758	4432	1296	1084	0	1454	0	450	0	2684	0	196	0	6738	0	0	0	2782	0	0	0	0	0	0	0	0	0	0	0	0	0	0	0	0	0	0	0	0	0	0	0	0	0	0	
834408	Frontal_Sup_L	27332	1192	0	9574	9400	0	64034	1146	1586	0	21958	2904	22034	290	5258	0	9588	0	72722	14576	0	0	37850	3066	88	308	1188	0	23804	3460	13020	3672	5648	3160	470	298	2772	696	0	494	0	0	0	0	0	0	0	0	0	0	172	0	88	0	136	450	2784	102	0	0	0	0	260	0	0	0	118	0	6992	0	6630	2204	21788	1000	2330	136	3118	602	2738	0	1350	0	284	0	210	0	0	0	124	0	0	0	0	0	0	0	0	0	0	0	0	0	0	0	0	0	0	0	0	0	0	0	0	0	0	0	
651772	Frontal_Sup_R	5006	13150	9574	0	592	2898	2606	41174	0	742	766	11036	830	8584	138	4770	148	1580	14704	42636	0	0	7680	35842	0	1692	142	0	920	15252	1876	28024	850	24588	392	448	328	2824	86	1478	0	0	0	0	0	0	0	0	0	0	0	0	0	0	0	826	310	702	0	0	0	146	0	290	0	0	0	0	1032	118	4494	11434	2684	14278	436	606	662	4380	132	0	0	0	0	0	0	0	0	0	0	0	0	0	0	0	0	0	0	0	0	0	0	0	0	0	0	0	0	0	0	0	0	0	0	0	0	0	
109336	Frontal_Sup_Orb_L	0	0	9400	592	0	0	1872	0	7332	0	816	1350	2116	80	5202	0	0	0	1176	340	242	0	2088	600	844	0	4326	0	3284	1636	1794	760	134	248	0	0	0	146	0	140	76	0	0	0	0	0	0	0	0	0	0	0	0	0	0	126	0	0	0	0	0	0	0	0	0	0	0	0	0	0	978	450	6236	284	0	0	0	0	0	0	0	0	0	0	0	0	0	0	0	0	0	0	0	0	0	0	0	0	0	0	0	0	0	0	0	0	0	0	0	0	0	0	0	0	0	0	
55332	Frontal_Sup_Orb_R	0	0	0	2898	0	0	0	1494	0	3018	0	0	0	280	0	2724	0	0	0	218	204	602	0	2308	0	4796	0	2570	0	908	182	832	0	0	0	0	0	0	0	0	0	0	0	0	0	0	0	0	0	0	0	0	0	0	0	0	0	0	0	0	0	0	0	0	0	0	0	0	0	0	204	934	0	3494	0	0	0	0	0	0	0	0	0	0	0	0	0	0	0	0	0	0	0	0	0	0	0	0	0	0	0	0	0	0	0	0	0	0	0	0	0	0	0	0	0	0	
444080	Frontal_Mid_L	28302	1810	64034	2606	1872	0	0	1826	1722	0	13854	444	29916	0	7150	0	2156	0	11782	2730	0	0	16440	332	0	0	78	0	8178	484	3306	406	2216	564	502	616	1280	538	124	286	0	0	0	0	0	0	0	0	0	0	0	0	0	0	0	146	460	0	0	0	0	0	0	0	0	0	0	0	2698	0	2538	594	3342	414	1322	0	3136	814	942	0	80	0	0	0	0	0	0	0	0	0	0	0	0	0	0	0	0	0	0	0	0	0	0	0	0	0	0	0	0	0	0	0	0	0	0	0	
354588	Frontal_Mid_R	4408	26954	1146	41174	0	1494	1826	0	0	2406	316	9674	162	13144	0	10784	88	1262	4418	9794	0	0	2550	9114	0	0	0	0	496	6218	420	2526	0	5880	0	0	0	1324	0	708	0	0	0	0	0	0	0	0	0	0	0	0	0	0	0	418	670	220	0	0	0	0	0	0	0	0	0	0	112	0	4134	1536	3796	4882	1176	982	0	952	130	0	0	0	0	0	0	0	0	0	0	0	0	0	0	0	0	0	0	0	0	0	0	0	0	0	0	0	0	0	0	0	0	0	0	0	0	0	
49744	Frontal_Mid_Orb_L	0	0	1586	0	7332	0	1722	0	0	0	0	0	1524	0	9128	0	0	0	0	0	0	0	0	0	0	0	604	0	1214	0	0	0	0	0	0	0	0	0	0	0	0	0	0	0	0	0	0	0	0	0	0	0	0	0	0	0	0	0	0	0	0	0	0	0	0	0	0	0	0	0	0	0	1762	0	0	0	0	0	0	0	0	0	0	0	0	0	0	0	0	0	0	0	0	0	0	0	0	0	0	0	0	0	0	0	0	0	0	0	0	0	0	0	0	0	0	0	
31912	Frontal_Mid_Orb_R	0	0	0	742	0	3018	0	2406	0	0	0	96	0	696	0	5946	0	0	206	216	0	0	0	364	0	0	0	0	0	1014	0	602	0	218	0	0	0	0	0	0	0	0	0	0	0	0	0	0	0	0	0	0	0	0	0	0	0	0	0	0	0	0	0	0	0	0	0	0	0	0	0	0	0	432	0	0	0	0	0	0	0	0	0	0	0	0	0	0	0	0	0	0	0	0	0	0	0	0	0	0	0	0	0	0	0	0	0	0	0	0	0	0	0	0	0	0	
345808	Frontal_Inf_Oper_L	16460	0	21958	766	816	0	13854	316	0	0	0	6918	21420	714	2304	0	15454	900	10454	620	0	0	1956	568	0	230	0	0	24700	7802	738	1250	522	276	0	0	120	606	0	466	0	0	0	0	0	0	0	0	0	0	0	0	0	0	0	412	2784	0	0	0	0	0	0	0	0	0	0	0	0	0	4614	1278	3268	1748	128	0	0	0	1516	0	2890	0	1744	334	0	0	0	0	0	0	0	0	0	0	0	0	0	0	0	0	0	0	0	0	0	0	0	0	0	0	0	0	0	0	0	0	
290408	Frontal_Inf_Oper_R	476	3534	2904	11036	1350	0	444	9674	0	96	6918	0	1760	10300	226	296	1942	6670	3348	6764	0	0	1770	3916	0	354	206	0	7208	30762	1030	3682	86	7174	0	0	0	938	0	678	0	0	0	0	0	0	0	0	0	0	0	0	0	0	92	528	166	910	0	0	0	248	0	346	0	0	0	0	0	92	6264	2302	2282	3908	0	0	0	232	172	372	404	406	166	772	0	0	0	0	0	0	0	0	0	0	0	0	0	0	0	0	0	0	0	0	0	0	0	0	0	0	0	0	0	0	0	0	
286408	Frontal_Inf_Tri_L	2862	0	22034	830	2116	0	29916	162	1524	0	21420	1760	0	460	17388	0	1984	0	3226	572	0	0	2550	582	0	0	0	0	22442	2036	738	782	592	368	0	0	0	240	0	208	0	0	0	0	0	0	0	0	0	0	0	0	0	0	0	192	0	0	0	0	0	0	0	0	0	0	0	0	0	0	1280	442	2352	542	0	0	0	0	138	0	816	0	650	0	0	0	0	0	0	0	0	0	0	0	0	0	0	0	0	0	0	0	0	0	0	0	0	0	0	0	0	0	0	0	0	0	
170752	Frontal_Inf_Tri_R	0	644	290	8584	80	280	0	13144	0	696	714	10300	460	0	0	5258	0	1396	2744	4196	0	0	2564	7344	0	200	0	0	924	10976	214	5248	0	2832	0	0	0	358	0	234	0	0	0	0	0	0	0	0	0	0	0	0	0	0	0	150	86	0	0	0	0	0	0	0	0	0	0	0	0	0	1302	888	224	2616	0	0	0	100	124	0	0	0	0	206	0	0	0	0	0	0	0	0	0	0	0	0	0	0	0	0	0	0	0	0	0	0	0	0	0	0	0	0	0	0	0	0	
154876	Frontal_Inf_Orb_L	0	0	5258	138	5202	0	7150	0	9128	0	2304	226	17388	0	0	0	0	0	938	106	766	0	582	148	0	80	368	0	17114	270	332	256	178	90	0	0	656	0	470	0	308	0	0	0	0	0	0	0	0	0	0	0	0	0	86	0	0	0	0	0	0	0	0	0	0	0	0	0	0	0	250	174	6776	0	0	0	0	0	0	0	0	0	696	0	0	0	0	0	0	0	0	0	0	0	0	0	0	0	0	0	0	0	0	0	0	0	0	0	0	0	0	0	0	0	0	0	
90564	Frontal_Inf_Orb_R	0	0	0	4770	0	2724	0	10784	0	5946	0	296	0	5258	0	0	0	0	484	578	0	486	320	1642	0	0	0	284	0	5970	0	2432	0	702	0	0	0	0	0	0	0	276	0	0	0	0	0	0	0	0	0	0	0	0	0	0	0	0	0	0	0	0	0	0	0	0	0	0	0	0	0	332	0	1908	0	0	0	0	0	0	0	0	0	90	0	0	0	0	0	0	0	0	0	0	0	0	0	0	0	0	0	0	0	0	0	0	0	0	0	0	0	0	0	0	0	0	
218712	Rolandic_Oper_L	11504	112	9588	148	0	0	2156	88	0	0	15454	1942	1984	0	0	0	0	80	6814	106	0	0	106	444	0	380	0	0	13160	2344	130	834	1186	0	196	0	474	170	0	112	0	0	86	0	100	0	0	0	0	0	1692	0	148	0	348	98	8140	0	0	0	750	0	3124	0	492	0	1118	0	84	0	2590	1068	1128	974	0	0	0	0	5130	0	8788	0	1942	0	1650	0	0	0	394	0	0	0	0	0	0	0	0	0	0	0	0	0	0	0	0	0	0	0	0	0	0	0	0	0	0	0	
117672	Rolandic_Oper_R	0	3234	0	1580	0	0	0	1262	0	0	900	6670	0	1396	0	0	80	0	522	1074	0	0	88	484	0	0	0	0	896	14618	0	174	0	902	0	0	0	408	0	158	0	0	0	0	0	0	0	0	0	78	0	80	0	0	0	242	0	4974	0	0	0	100	0	3620	0	196	0	1424	0	1978	292	214	522	2228	0	222	0	88	0	3374	0	3258	0	954	0	378	0	0	0	168	0	0	0	0	0	0	0	0	0	0	0	0	0	0	0	0	0	0	0	0	0	0	0	0	0	0	
595368	Supp_Motor_Area_L	14168	766	72722	14704	1176	0	11782	4418	0	206	10454	3348	3226	2744	938	484	6814	522	0	36108	0	0	7694	9446	0	200	100	0	11462	3584	7772	5578	8554	16400	292	180	1966	258	0	242	0	0	0	0	0	0	0	0	0	0	0	0	0	0	96	184	1756	114	0	0	0	0	250	0	0	0	160	0	4422	110	6880	2088	15280	1616	2184	228	364	148	1944	0	1244	0	232	0	0	0	0	0	76	0	0	0	0	0	0	0	0	0	0	0	0	0	0	0	0	0	0	0	0	0	0	0	0	0	0	0	
613848	Supp_Motor_Area_R	24578	5044	14576	42636	340	218	2730	9794	0	216	620	6764	572	4196	106	578	106	1074	36108	0	0	0	3844	13156	0	1000	0	0	660	6322	1742	11656	6182	47516	1108	3982	0	1818	0	1110	0	0	0	276	0	0	0	0	0	0	0	84	0	0	0	1928	410	442	0	0	0	0	0	0	0	0	484	750	18772	6762	3542	12466	994	6350	0	1246	106	1422	0	0	0	0	0	0	0	94	0	0	0	444	0	0	0	0	0	0	0	0	0	0	0	0	0	0	0	0	0	0	0	0	0	0	0	0	0	0	
44748	Olfactory_L	0	0	0	0	242	204	0	0	0	0	0	0	0	0	766	0	0	0	0	0	0	4246	0	0	130	180	1706	328	1160	0	1846	1256	0	0	0	0	222	0	642	0	352	0	0	0	0	0	0	0	0	0	0	0	0	0	0	0	0	0	0	0	0	0	0	0	0	0	0	0	0	0	4086	3636	552	0	0	0	0	0	0	0	0	0	820	0	0	0	0	0	0	0	0	0	0	0	0	0	0	0	0	0	0	0	0	0	0	0	0	0	0	0	0	0	0	0	0	0	
52140	Olfactory_R	0	0	0	0	0	602	0	0	0	0	0	0	0	0	0	486	0	0	0	0	4246	0	0	0	80	460	1422	1244	0	1808	1694	1336	0	0	0	0	0	240	0	206	0	626	0	0	0	0	0	0	0	0	0	0	0	0	0	0	0	0	0	0	0	0	0	0	0	0	0	0	0	0	5076	5010	1066	468	0	0	0	0	0	0	0	0	0	0	0	0	0	0	0	0	0	0	0	0	0	0	0	0	0	0	0	0	0	0	0	0	0	0	0	0	0	0	0	0	0	0	
305748	Frontal_Sup_Medial_L	198	0	37850	7680	2088	0	16440	2550	0	0	1956	1770	2550	2564	582	320	106	88	7694	3844	0	0	0	17092	554	404	454	0	2686	2958	11488	9076	5116	9784	0	0	0	292	0	272	0	0	0	0	0	0	0	0	0	0	0	0	0	0	0	222	0	0	0	0	0	0	0	0	0	0	0	0	0	0	660	356	1434	1746	0	0	0	0	0	0	0	0	0	0	0	0	0	0	0	0	0	0	0	0	0	0	0	0	0	0	0	0	0	0	0	0	0	0	0	0	0	0	0	0	0	0	
403720	Frontal_Sup_Medial_R	294	0	3066	35842	600	2308	332	9114	0	364	568	3916	582	7344	148	1642	444	484	9446	13156	0	0	17092	0	234	7546	138	0	1160	8760	3394	31006	302	21648	0	0	0	588	0	582	0	0	0	0	0	0	0	0	0	0	0	0	0	0	0	402	0	0	0	0	0	0	0	0	0	0	0	0	0	0	1792	6040	1042	10484	0	0	0	0	0	0	0	0	0	0	0	0	0	0	0	0	0	0	0	0	0	0	0	0	0	0	0	0	0	0	0	0	0	0	0	0	0	0	0	0	0	0	
9240	Frontal_Med_Orb_L	0	0	88	0	844	0	0	0	0	0	0	0	0	0	0	0	0	0	0	0	130	80	554	234	0	0	754	0	0	0	1314	448	0	0	0	0	0	0	0	0	0	0	0	0	0	0	0	0	0	0	0	0	0	0	0	0	0	0	0	0	0	0	0	0	0	0	0	0	0	0	0	174	0	0	0	0	0	0	0	0	0	0	0	0	0	0	0	0	0	0	0	0	0	0	0	0	0	0	0	0	0	0	0	0	0	0	0	0	0	0	0	0	0	0	0	0	
83728	Frontal_Med_Orb_R	230	0	308	1692	0	4796	0	0	0	0	230	354	0	200	80	0	380	0	200	1000	180	460	404	7546	0	0	106	3238	460	472	662	6874	0	108	0	0	0	0	0	0	0	0	0	0	0	0	0	0	0	0	0	0	0	0	0	0	0	0	0	0	0	0	0	0	0	0	0	0	0	0	1106	5948	430	4400	0	0	0	0	0	0	0	0	0	0	0	0	0	0	0	0	0	0	0	0	0	0	0	0	0	0	0	0	0	0	0	0	0	0	0	0	0	0	0	0	0	0	
37624	Rectus_L	0	0	1188	142	4326	0	78	0	604	0	0	206	0	0	368	0	0	0	100	0	1706	1422	454	138	754	106	0	130	0	270	2634	1016	76	0	0	0	0	0	0	0	0	0	0	0	0	0	0	0	0	0	0	0	0	0	0	0	0	0	0	0	0	0	0	0	0	0	0	0	0	0	1378	1368	212	136	0	0	0	0	0	0	0	0	0	0	0	0	0	0	0	0	0	0	0	0	0	0	0	0	0	0	0	0	0	0	0	0	0	0	0	0	0	0	0	0	0	0	
20244	Rectus_R	0	0	0	0	0	2570	0	0	0	0	0	0	0	0	0	284	0	0	0	0	328	1244	0	0	0	3238	130	0	0	540	340	662	0	0	0	0	0	0	0	0	0	0	0	0	0	0	0	0	0	0	0	0	0	0	0	0	0	0	0	0	0	0	0	0	0	0	0	0	0	0	238	414	0	134	0	0	0	0	0	0	0	0	0	0	0	0	0	0	0	0	0	0	0	0	0	0	0	0	0	0	0	0	0	0	0	0	0	0	0	0	0	0	0	0	0	0	
499040	Insula_L	8404	0	23804	920	3284	0	8178	496	1214	0	24700	7208	22442	924	17114	0	13160	896	11462	660	1160	0	2686	1160	0	460	0	0	0	8142	1122	1678	628	310	402	300	9978	802	2322	470	2478	0	230	0	214	0	0	0	0	0	1544	0	1542	0	5654	338	2034	0	158	0	594	0	178	0	948	0	798	0	0	0	5330	1660	20296	1650	0	0	478	504	10168	0	5722	0	4898	334	2602	0	118	0	2564	0	0	0	0	0	0	0	0	0	0	0	0	0	0	0	0	0	0	0	0	0	0	0	0	0	0	0	
443944	Insula_R	582	1608	3460	15252	1636	908	484	6218	0	1014	7802	30762	2036	10976	270	5970	2344	14618	3584	6322	0	1808	2958	8760	0	472	270	540	8142	0	1450	11544	84	7056	0	120	0	4976	0	3828	0	1718	0	86	0	0	0	144	0	0	0	92	0	0	94	3520	188	570	0	0	0	0	0	186	0	0	0	306	100	324	7322	4602	2720	21284	0	214	0	604	176	2060	502	3662	236	1862	0	806	0	0	0	624	0	0	0	0	0	0	0	116	0	0	0	0	0	0	0	0	0	0	0	0	0	0	0	0	0	0	
195148	Cingulum_Ant_L	128	338	13020	1876	1794	182	3306	420	0	0	738	1030	738	214	332	0	130	0	7772	1742	1846	1694	11488	3394	1314	662	2634	340	1122	1450	0	11318	5854	1724	342	0	0	104	0	0	0	0	0	0	0	0	0	0	0	0	0	0	0	0	0	0	0	0	0	0	0	0	0	0	0	0	0	0	0	0	6704	4892	5790	1142	0	0	0	0	0	0	0	0	0	0	0	0	0	0	0	0	0	0	0	0	0	0	0	0	0	0	0	0	0	0	0	0	0	0	0	0	0	0	0	0	0	0	
422188	Cingulum_Ant_R	532	100	3672	28024	760	832	406	2526	0	602	1250	3682	782	5248	256	2432	834	174	5578	11656	1256	1336	9076	31006	448	6874	1016	662	1678	11544	11318	0	1366	21184	0	0	0	580	0	568	0	0	0	0	0	0	0	0	0	0	0	0	0	0	0	402	0	0	0	0	0	0	0	0	0	0	0	0	0	0	4494	19362	2360	15066	0	0	0	0	0	0	152	0	0	0	0	0	0	0	0	0	0	0	0	0	0	0	0	0	0	0	0	0	0	0	0	0	0	0	0	0	0	0	0	0	0	0	
164708	Cingulum_Mid_L	1600	196	5648	850	134	0	2216	0	0	0	522	86	592	0	178	0	1186	0	8554	6182	0	0	5116	302	0	0	76	0	628	84	5854	1366	0	7758	6718	1836	0	0	0	0	0	0	112	0	198	0	0	0	214	0	2516	0	126	0	82	0	522	0	110	0	1400	0	1520	0	1992	0	9136	104	2864	766	150	0	142	0	0	0	0	0	0	0	870	0	0	0	1502	0	0	0	346	0	0	0	0	0	0	0	0	0	0	0	0	0	0	0	0	0	0	0	0	0	0	0	0	0	0	0	
492068	Cingulum_Mid_R	14218	3722	3160	24588	248	0	564	5880	0	218	276	7174	368	2832	90	702	0	902	16400	47516	0	0	9784	21648	0	108	0	0	310	7056	1724	21184	7758	0	1410	5782	0	1130	0	720	0	0	0	1126	0	738	0	0	0	368	0	666	0	0	0	1308	76	650	0	0	0	96	0	98	0	82	836	3378	13136	7652	510	1942	292	3536	0	562	0	364	0	0	0	138	0	0	0	646	0	0	0	362	0	0	0	0	0	0	0	0	0	0	0	0	0	0	0	0	0	0	0	0	0	0	0	0	0	0	
131924	Cingulum_Post_L	5878	582	470	392	0	0	502	0	0	0	0	0	0	0	0	0	196	0	292	1108	0	0	0	0	0	0	0	0	402	0	342	0	6718	1410	0	5618	5506	2862	2278	1188	0	0	1664	0	496	0	1852	114	0	0	510	0	280	0	1238	372	600	0	0	0	0	0	146	0	108	0	6096	632	6600	270	0	0	0	0	0	0	2954	3510	1144	0	258	0	0	0	862	0	0	0	512	0	0	0	0	0	0	0	0	0	0	0	0	0	0	0	0	0	0	0	0	0	0	0	0	0	0	0	
163712	Cingulum_Post_R	2106	4136	298	448	0	0	616	0	0	0	0	0	0	0	0	0	0	0	180	3982	0	0	0	0	0	0	0	0	300	120	0	0	1836	5782	5618	0	2666	8196	770	3938	0	0	0	776	98	134	0	2286	0	0	0	0	0	354	0	4064	78	1536	0	0	0	0	0	0	0	0	656	8372	1388	4418	162	84	76	0	0	0	5906	7570	902	102	102	0	0	0	0	324	0	0	0	908	0	0	0	0	0	0	0	0	0	0	0	0	0	0	0	0	0	0	0	0	568	0	0	0	0	0	
230320	Hippocampus_L	6236	0	2772	328	0	0	1280	0	0	0	120	0	0	0	656	0	474	0	1966	0	222	0	0	0	0	0	0	0	9978	0	0	0	0	0	5506	2666	0	2382	13954	970	9312	0	1938	0	0	0	4736	0	0	0	84	0	256	0	13410	98	998	0	0	0	0	0	0	0	0	0	3964	106	564	0	132	0	6902	0	622	0	4600	2812	2188	0	2998	0	2438	0	1142	0	810	0	5076	0	0	0	0	0	0	0	266	0	198	0	0	0	0	0	0	0	0	0	0	0	0	0	0	0	0	0	
306304	Hippocampus_R	1530	3548	696	2824	146	0	538	1324	0	0	606	938	240	358	0	0	170	408	258	1818	0	240	292	588	0	0	0	0	802	4976	104	580	0	1130	2862	8196	2382	0	780	33944	0	8742	0	292	0	0	0	4024	0	0	0	0	0	0	0	30858	78	0	0	0	0	0	0	0	0	0	0	4266	664	406	666	368	466	13300	0	262	2724	5434	846	806	164	1172	0	1192	0	226	0	82	0	2330	0	0	0	0	0	0	0	1168	0	0	0	0	0	0	0	0	0	0	0	0	338	0	0	0	0	0	
97704	ParaHippocampal_L	1960	0	0	86	0	0	124	0	0	0	0	0	0	0	470	0	0	0	0	0	642	0	0	0	0	0	0	0	2322	0	0	0	0	0	2278	770	13954	780	0	408	2816	0	352	0	0	0	3192	86	0	0	0	0	0	0	7174	0	230	0	0	0	0	0	0	0	0	0	1270	106	210	0	0	0	1178	0	0	0	1974	852	150	0	448	0	1956	0	0	0	318	0	456	0	182	0	0	0	192	0	888	0	684	0	234	0	0	0	110	0	0	0	0	0	0	0	0	0	0	0	
244680	ParaHippocampal_R	604	1048	494	1478	140	0	286	708	0	0	466	678	208	234	0	0	112	158	242	1110	0	206	272	582	0	0	0	0	470	3828	0	568	0	720	1188	3938	970	33944	408	0	0	6848	0	270	0	0	0	4296	0	0	0	0	0	0	0	25762	0	0	0	0	0	0	0	0	0	0	0	2630	290	194	404	258	240	9708	0	210	1066	2462	272	666	92	738	0	3854	0	94	0	1628	0	654	0	262	0	0	0	144	76	2680	0	344	0	0	0	204	0	124	0	112	0	0	306	0	202	190	0	0	
51132	Amygdala_L	0	0	0	0	76	0	0	0	0	0	0	0	0	0	308	0	0	0	0	0	352	0	0	0	0	0	0	0	2478	0	0	0	0	0	0	0	9312	0	2816	0	0	0	0	0	0	0	0	0	0	0	0	0	0	0	4362	0	0	0	0	0	0	0	0	0	0	0	0	0	0	0	0	0	240	0	0	0	0	0	0	0	0	0	2012	0	694	0	742	0	2174	0	0	0	0	0	0	0	0	0	0	0	0	0	0	0	0	0	0	0	0	0	0	0	0	0	0	0	
57756	Amygdala_R	0	0	0	0	0	0	0	0	0	0	0	0	0	0	0	276	0	0	0	0	0	626	0	0	0	0	0	0	0	1718	0	0	0	0	0	0	0	8742	0	6848	0	0	0	0	0	0	0	0	0	0	0	0	0	0	0	4276	0	0	0	0	0	0	0	0	0	0	0	0	0	0	0	0	0	2820	0	0	0	0	0	0	0	0	0	3074	0	0	0	124	0	92	0	0	0	0	0	0	0	282	0	0	0	0	0	0	0	0	0	0	0	0	0	0	0	0	0	0	
258692	Calcarine_L	190	0	0	0	0	0	0	0	0	0	0	0	0	0	0	0	86	0	0	0	0	0	0	0	0	0	0	0	230	0	0	0	112	0	1664	0	1938	0	352	0	0	0	0	4610	20564	2748	15502	2276	16240	270	28738	98	7534	0	3324	156	124	0	654	0	138	0	244	0	360	0	14848	444	116	0	0	0	0	0	0	0	0	0	296	0	84	0	0	0	3178	0	0	0	1176	0	206	82	0	0	0	0	126	0	396	106	0	0	0	0	0	0	0	0	0	0	136	0	0	0	0	0	
270216	Calcarine_R	0	3454	0	0	0	0	0	0	0	0	0	0	0	0	0	0	0	0	0	276	0	0	0	0	0	0	0	0	0	86	0	0	0	1126	0	776	0	292	0	270	0	0	4610	0	3532	17496	460	21340	0	13086	0	14682	0	3030	0	12520	0	3230	0	1450	0	110	0	184	0	398	688	18278	0	2118	0	0	0	0	0	0	0	0	0	78	0	284	0	0	0	9790	0	0	0	1220	0	0	0	0	0	0	0	0	0	0	0	0	0	0	0	0	0	0	0	0	244	0	0	0	0	0	
214356	Cuneus_L	216	0	0	0	0	0	0	0	0	0	0	0	0	0	0	0	100	0	0	0	0	0	0	0	0	0	0	0	214	0	0	0	198	0	496	98	0	0	0	0	0	0	20564	3532	0	5190	2576	1166	24994	1112	19118	0	2776	0	812	0	186	0	2172	0	224	0	392	0	590	0	14666	1098	146	0	0	0	0	0	0	0	0	0	242	0	80	0	0	0	3336	0	0	0	884	0	0	0	0	0	0	0	0	0	0	0	0	0	0	0	0	0	0	0	0	0	0	0	0	0	0	0	
196720	Cuneus_R	0	762	0	0	0	0	0	0	0	0	0	0	0	0	0	0	0	0	0	0	0	0	0	0	0	0	0	0	0	0	0	0	0	738	0	134	0	0	0	0	0	0	2748	17496	5190	0	164	3596	200	24728	0	5798	0	596	0	1178	0	1428	0	7998	0	668	0	0	0	252	3014	18542	0	424	0	0	0	0	0	0	0	0	0	0	0	96	0	0	0	2492	0	0	0	118	0	0	0	0	0	0	0	0	0	0	0	0	0	0	0	0	0	0	0	0	0	0	0	0	0	0	
324160	Lingual_L	346	0	0	0	0	0	0	0	0	0	0	0	0	0	0	0	0	0	0	0	0	0	0	0	0	0	0	0	0	0	0	0	0	0	1852	0	4736	0	3192	0	0	0	15502	460	2576	164	0	4012	3006	0	10642	0	7922	0	21070	574	90	0	0	0	0	0	0	0	0	0	5512	0	0	0	0	0	0	0	0	0	426	102	82	0	0	0	0	0	588	0	0	0	362	0	13686	1622	1344	264	274	0	17008	1358	24118	2834	194	116	692	314	688	0	0	0	278	274	8112	3902	932	276	328	250	
384540	Lingual_R	0	836	0	0	0	0	0	0	0	0	0	0	0	0	0	0	0	0	0	0	0	0	0	0	0	0	0	0	0	144	0	0	0	0	114	2286	0	4024	86	4296	0	0	2276	21340	1166	3596	4012	0	0	3782	0	4572	150	4314	338	25328	0	704	0	0	0	114	0	0	0	172	0	7612	0	400	0	0	0	0	0	0	0	264	0	192	0	304	0	0	0	1628	0	0	0	1186	4574	14334	1910	846	680	84	4534	9954	9228	18336	234	312	244	1014	1052	0	0	0	84	178	9988	14268	4568	612	0	0	
204860	Occipital_Sup_L	0	0	0	0	0	0	0	0	0	0	0	0	0	0	0	0	0	0	0	0	0	0	0	0	0	0	0	0	0	0	0	0	214	0	0	0	0	0	0	0	0	0	16240	0	24994	200	3006	0	0	0	30796	0	2060	0	514	0	0	0	10896	0	1126	0	0	0	370	0	11142	306	0	0	0	0	0	0	0	0	0	0	0	0	0	0	0	0	566	0	0	0	0	0	0	0	0	0	0	0	0	0	0	0	0	0	0	0	0	0	0	0	0	0	0	0	0	0	0	0	
199592	Occipital_Sup_R	0	244	0	0	0	0	0	0	0	0	0	0	0	0	0	0	0	78	0	0	0	0	0	0	0	0	0	0	0	0	0	0	0	368	0	0	0	0	0	0	0	0	270	13086	1112	24728	0	3782	0	0	0	14256	0	1108	0	1300	0	612	0	11220	0	1888	0	96	0	3214	2586	14216	0	188	0	0	0	0	0	0	0	0	0	0	0	208	0	0	0	4924	0	0	0	312	0	0	0	0	0	0	0	0	0	0	0	0	0	0	0	0	0	0	0	0	0	0	0	0	0	0	
433788	Occipital_Mid_L	676	0	172	0	0	0	0	0	0	0	0	0	0	0	0	0	1692	0	0	0	0	0	0	0	0	0	0	0	1544	0	0	0	2516	0	510	0	84	0	0	0	0	0	28738	0	19118	0	10642	0	30796	0	0	0	20166	0	4804	0	2010	0	8576	0	10040	0	5304	0	20474	0	13008	0	436	0	0	0	0	0	0	0	0	0	824	0	2184	0	0	0	25088	0	0	0	6142	0	268	0	98	0	0	0	180	0	616	98	0	0	0	0	0	0	0	0	0	0	90	0	0	0	0	0	
195064	Occipital_Mid_R	0	934	0	0	0	0	0	0	0	0	0	0	0	0	0	0	0	80	0	84	0	0	0	0	0	0	0	0	0	92	0	0	0	666	0	0	0	0	0	0	0	0	98	14682	0	5798	0	4572	0	14256	0	0	0	3476	0	2692	0	1002	0	2454	0	5170	0	368	0	14270	522	5764	0	614	0	0	0	0	0	0	0	0	0	80	0	690	0	0	0	18444	0	0	0	724	0	0	0	0	0	0	0	0	0	0	0	0	0	0	0	0	0	0	0	0	0	0	0	0	0	0	
151404	Occipital_Inf_L	1170	0	88	0	0	0	0	0	0	0	0	0	0	0	0	0	148	0	0	0	0	0	0	0	0	0	0	0	1542	0	0	0	126	0	280	0	256	0	0	0	0	0	7534	0	2776	0	7922	150	2060	0	20166	0	0	0	11634	0	554	0	80	0	152	0	192	0	280	0	3058	0	410	0	96	0	0	0	0	0	0	0	1888	0	348	0	0	0	2940	0	0	0	4732	0	962	92	220	0	0	0	894	0	2312	172	0	0	0	0	0	0	0	0	0	0	320	148	0	0	0	0	
69232	Occipital_Inf_R	0	1312	0	0	0	0	0	0	0	0	0	0	0	0	0	0	0	0	0	0	0	0	0	0	0	0	0	0	0	0	0	0	0	0	0	354	0	0	0	0	0	0	0	3030	0	596	0	4314	0	1108	0	3476	0	0	0	6026	0	1230	0	0	0	0	0	0	0	0	0	1356	0	732	0	0	0	0	0	0	0	0	0	160	0	110	0	0	0	4186	0	0	0	4770	206	222	146	0	0	0	0	0	194	446	0	0	0	0	0	0	0	0	0	0	0	416	226	0	0	0	
456064	Fusiform_L	2232	0	136	0	0	0	0	0	0	0	0	92	0	0	86	0	348	0	96	0	0	0	0	0	0	0	0	0	5654	94	0	0	82	0	1238	0	13410	0	7174	0	4362	0	3324	0	812	0	21070	338	514	0	4804	0	11634	0	0	90	594	0	0	0	0	0	0	0	0	0	2286	0	340	0	106	0	996	0	0	0	356	112	3162	0	5872	0	3666	0	3696	0	3244	0	17974	0	29974	338	4312	0	112	0	19500	252	42916	692	3170	0	2872	0	1254	0	0	0	0	94	1848	430	84	80	110	0	
521832	Fusiform_R	274	4972	450	826	126	0	146	418	0	0	412	528	192	150	0	0	98	242	184	1928	0	0	222	402	0	0	0	0	338	3520	0	402	0	1308	372	4064	98	30858	0	25762	0	4276	156	12520	0	1178	574	25328	0	1300	0	2692	0	6026	90	0	0	2430	0	114	0	0	0	0	0	124	0	10206	162	1400	330	200	186	6858	0	0	158	550	0	1222	0	2744	0	7192	0	7006	0	1838	0	13960	758	19948	434	1086	218	1480	988	9798	1340	23254	84	78	0	2156	280	358	0	242	0	0	3446	2590	2120	1146	0	0	
203596	Postcentral_L	22550	728	2784	310	0	0	460	670	0	0	2784	166	0	86	0	0	8140	0	1756	410	0	0	0	0	0	0	0	0	2034	188	0	0	522	76	600	78	998	78	230	0	0	0	124	0	186	0	90	0	0	0	2010	0	554	0	594	0	0	0	3986	0	19578	0	11466	0	2802	0	1138	0	1368	0	374	82	2498	0	728	0	178	118	2128	0	2798	0	78	0	2580	0	0	0	692	0	0	0	0	0	0	0	0	0	0	0	0	0	0	0	0	0	0	0	0	0	0	0	0	0	0	0	
255848	Postcentral_R	294	30922	102	702	0	0	0	220	0	0	0	910	0	0	0	0	0	4974	114	442	0	0	0	0	0	0	0	0	0	570	0	0	0	650	0	1536	0	0	0	0	0	0	0	3230	0	1428	0	704	0	612	0	1002	0	1230	0	2430	0	0	0	2956	0	5512	0	8940	0	2434	280	19394	0	21214	104	522	120	0	0	0	0	268	0	722	0	3482	0	0	0	7060	0	0	0	2844	0	0	0	0	0	0	0	0	0	0	0	0	0	0	0	0	0	0	0	0	0	0	0	0	0	0	
84844	Parietal_Sup_L	0	0	0	0	0	0	0	0	0	0	0	0	0	0	0	0	0	0	0	0	0	0	0	0	0	0	0	0	158	0	0	0	110	0	0	0	0	0	0	0	0	0	654	0	2172	0	0	0	10896	0	8576	0	80	0	0	0	3986	0	0	0	6368	0	0	0	1894	0	7264	0	264	0	0	0	0	0	0	0	0	0	0	0	0	0	0	0	0	0	0	0	0	0	0	0	0	0	0	0	0	0	0	0	0	0	0	0	0	0	0	0	0	0	0	0	0	0	0	0	
101600	Parietal_Sup_R	0	352	0	0	0	0	0	0	0	0	0	0	0	0	0	0	0	0	0	0	0	0	0	0	0	0	0	0	0	0	0	0	0	0	0	0	0	0	0	0	0	0	0	1450	0	7998	0	0	0	11220	0	2454	0	0	0	114	0	2956	0	0	0	8080	0	626	0	5322	316	8764	0	910	0	0	0	0	0	0	0	0	0	0	0	0	0	0	0	238	0	0	0	0	0	0	0	0	0	0	0	0	0	0	0	0	0	0	0	0	0	0	0	0	0	0	0	0	0	0	
162596	Parietal_Inf_L	1116	0	0	0	0	0	0	0	0	0	0	0	0	0	0	0	750	0	0	0	0	0	0	0	0	0	0	0	594	0	0	0	1400	0	0	0	0	0	0	0	0	0	138	0	224	0	0	0	1126	0	10040	0	152	0	0	0	19578	0	6368	0	0	0	13322	0	15252	0	2920	0	218	0	0	0	0	0	0	0	0	0	0	0	480	0	0	0	6008	0	0	0	1612	0	0	0	0	0	0	0	0	0	0	0	0	0	0	0	0	0	0	0	0	0	0	0	0	0	0	0	
105796	Parietal_Inf_R	0	1252	0	146	0	0	0	0	0	0	0	248	0	0	0	0	0	100	0	0	0	0	0	0	0	0	0	0	0	0	0	0	0	96	0	0	0	0	0	0	0	0	0	110	0	668	0	114	0	1888	0	5170	0	0	0	0	0	5512	0	8080	0	0	0	6190	0	15634	248	3688	0	3030	0	0	0	0	0	0	0	0	0	0	0	280	0	0	0	444	0	0	0	0	0	0	0	0	0	0	0	0	0	0	0	0	0	0	0	0	0	0	0	0	0	0	0	0	0	0	
141148	SupraMarginal_L	608	0	260	0	0	0	0	0	0	0	0	0	0	0	0	0	3124	0	250	0	0	0	0	0	0	0	0	0	178	0	0	0	1520	0	146	0	0	0	0	0	0	0	244	0	392	0	0	0	0	0	5304	0	192	0	0	0	11466	0	0	0	13322	0	0	0	9478	0	1810	0	0	0	0	0	0	0	0	0	0	0	110	0	6780	0	0	0	13922	0	0	0	1468	0	0	0	0	0	0	0	0	0	0	0	0	0	0	0	0	0	0	0	0	0	0	0	0	0	0	0	
81212	SupraMarginal_R	0	1198	0	290	0	0	0	0	0	0	0	346	0	0	0	0	0	3620	0	0	0	0	0	0	0	0	0	0	0	186	0	0	0	98	0	0	0	0	0	0	0	0	0	184	0	0	0	0	0	96	0	368	0	0	0	0	0	8940	0	626	0	6190	0	0	0	5160	0	2640	0	2256	0	0	0	0	0	0	0	0	0	442	0	6724	0	0	0	1128	0	0	0	114	0	0	0	0	0	0	0	0	0	0	0	0	0	0	0	0	0	0	0	0	0	0	0	0	0	0	
157848	Angular_L	86	0	0	0	0	0	0	0	0	0	0	0	0	0	0	0	492	0	0	0	0	0	0	0	0	0	0	0	948	0	0	0	1992	0	108	0	0	0	0	0	0	0	360	0	590	0	0	0	370	0	20474	0	280	0	0	0	2802	0	1894	0	15252	0	9478	0	0	0	3452	0	96	0	0	0	0	0	0	0	0	0	90	0	2146	0	0	0	14786	0	0	0	3228	0	0	0	0	0	0	0	0	0	0	0	0	0	0	0	0	0	0	0	0	0	0	0	0	0	0	0	
128384	Angular_R	0	1674	0	0	0	0	0	0	0	0	0	0	0	0	0	0	0	196	0	0	0	0	0	0	0	0	0	0	0	0	0	0	0	82	0	0	0	0	0	0	0	0	0	398	0	252	0	172	0	3214	0	14270	0	0	0	124	0	2434	0	5322	0	15634	0	5160	0	0	0	3562	0	2208	0	0	0	0	0	0	0	0	0	108	0	3702	0	0	0	5396	0	0	0	284	0	0	0	0	0	0	0	0	0	0	0	0	0	0	0	0	0	0	0	0	0	0	0	0	0	0	
259952	Precuneus_L	770	0	118	0	0	0	0	0	0	0	0	0	0	0	0	0	1118	0	160	484	0	0	0	0	0	0	0	0	798	0	0	0	9136	836	6096	656	3964	0	1270	0	0	0	14848	688	14666	3014	5512	0	11142	2586	13008	522	3058	0	2286	0	1138	280	7264	316	2920	248	1810	0	3452	0	0	6240	1320	262	0	0	0	0	0	0	0	0	412	0	982	0	0	0	4634	578	0	0	1282	102	0	0	0	0	0	0	0	0	0	0	0	0	0	0	0	0	0	0	0	0	0	0	0	0	0	0	
410612	Precuneus_R	0	17606	0	0	0	0	0	0	0	0	0	0	0	0	0	0	0	1424	0	750	0	0	0	0	0	0	0	0	0	306	0	0	104	3378	632	8372	106	4266	106	2630	0	0	444	18278	1098	18542	0	7612	306	14216	0	5764	0	1356	0	10206	0	19394	0	8764	0	3688	0	2640	0	3562	6240	0	0	19790	0	0	0	0	0	0	210	344	0	466	0	3580	0	0	0	13070	0	0	0	5178	0	0	0	0	0	0	0	102	0	0	0	0	0	0	0	0	0	0	0	0	776	0	0	0	0	0	
230200	Paracentral_Lobule_L	38284	800	6992	1032	0	0	2698	112	0	0	0	0	0	0	0	0	84	0	4422	18772	0	0	0	0	0	0	0	0	0	100	0	0	2864	13136	6600	1388	564	664	210	290	0	0	116	0	146	0	0	0	0	0	436	0	410	0	340	162	1368	0	264	0	218	0	0	0	96	0	1320	0	0	1368	566	1448	278	0	0	464	4320	1834	98	0	0	0	0	0	624	0	0	0	212	0	0	0	0	0	0	0	0	0	0	0	0	0	0	0	0	0	0	0	0	0	0	0	0	0	0	0	
227788	Paracentral_Lobule_R	1160	22156	0	118	0	0	0	0	0	0	0	92	0	0	0	0	0	1978	110	6762	0	0	0	0	0	0	0	0	0	324	0	0	766	7652	270	4418	0	406	0	194	0	0	0	2118	0	424	0	400	0	188	0	614	0	732	0	1400	0	21214	0	910	0	3030	0	2256	0	2208	262	19790	1368	0	0	0	0	78	0	0	0	0	0	402	0	2720	0	0	0	5486	0	0	0	1888	0	0	0	0	0	0	0	0	0	0	0	0	0	0	0	0	0	0	0	0	0	0	0	0	0	0	
312012	Caudate_L	4470	3270	6630	4494	978	204	2538	4134	0	0	4614	6264	1280	1302	250	0	2590	292	6880	3542	4086	5076	660	1792	0	1106	1378	238	5330	7322	6704	4494	150	510	0	162	132	666	0	404	0	0	0	0	0	0	0	0	0	0	0	0	96	0	106	330	374	104	0	0	0	0	0	0	0	0	0	0	566	0	0	16790	23062	3494	2224	112	6602	6980	290	0	680	0	138	116	0	0	0	0	0	0	0	0	0	0	0	0	0	0	0	0	0	0	0	0	0	0	0	0	0	0	0	0	0	0	0	0	
321656	Caudate_R	3092	1502	2204	11434	450	934	594	1536	0	0	1278	2302	442	888	174	332	1068	214	2088	12466	3636	5010	356	6040	174	5948	1368	414	1660	4602	4892	19362	0	1942	0	84	0	368	0	258	0	0	0	0	0	0	0	0	0	0	0	0	0	0	0	200	82	522	0	0	0	0	0	0	0	0	0	0	1448	0	16790	0	6228	15848	80	1824	1848	16318	92	0	360	0	76	0	0	0	0	0	0	0	0	0	0	0	0	0	0	0	0	0	0	0	0	0	0	0	0	0	0	0	0	0	0	0	0	0	
364100	Putamen_L	8710	3758	21788	2684	6236	0	3342	3796	1762	0	3268	2282	2352	224	6776	0	1128	522	15280	994	552	1066	1434	1042	0	430	212	0	20296	2720	5790	2360	142	292	0	76	6902	466	1178	240	240	0	0	0	0	0	0	0	0	0	0	0	0	0	996	186	2498	120	0	0	0	0	0	0	0	0	0	0	278	0	23062	6228	0	950	7196	160	1578	6348	194	0	778	0	706	186	0	0	0	0	246	0	0	0	0	0	0	0	0	0	0	0	0	0	0	0	0	0	0	0	0	0	0	0	0	0	0	0	
338844	Putamen_R	714	4432	1000	14278	284	3494	414	4882	0	432	1748	3908	542	2616	0	1908	974	2228	1616	6350	0	468	1746	10484	0	4400	136	134	1650	21284	1142	15066	0	3536	0	0	0	13300	0	9708	0	2820	0	0	0	0	0	0	0	0	0	0	0	0	0	6858	0	0	0	0	0	0	0	0	0	0	0	0	0	78	3494	15848	950	0	0	1970	0	972	0	0	294	0	180	566	0	0	0	0	0	80	0	0	0	0	0	0	0	438	0	0	0	0	0	0	0	0	0	0	0	0	0	0	0	0	0	0	
47936	Pallidum_L	2632	1296	2330	436	0	0	1322	1176	0	0	128	0	0	0	0	0	0	0	2184	0	0	0	0	0	0	0	0	0	0	0	0	0	0	0	0	0	622	0	0	0	0	0	0	0	0	0	0	0	0	0	0	0	0	0	0	0	728	0	0	0	0	0	0	0	0	0	0	0	0	0	2224	80	7196	0	0	0	1518	96	0	0	0	0	0	0	0	0	0	0	0	0	0	0	0	0	0	0	0	0	0	0	0	0	0	0	0	0	0	0	0	0	0	0	0	0	0	0	
22648	Pallidum_R	584	1084	136	606	0	0	0	982	0	0	0	0	0	0	0	0	0	222	228	1246	0	0	0	0	0	0	0	0	0	214	0	0	0	562	0	0	0	262	0	210	0	0	0	0	0	0	0	0	0	0	0	0	0	0	0	0	0	0	0	0	0	0	0	0	0	0	0	0	464	0	112	1824	160	1970	0	0	0	458	0	0	0	0	0	0	0	0	0	0	0	0	0	0	0	0	0	0	0	0	0	0	0	0	0	0	0	0	0	0	0	0	0	0	0	0	0	0	
139156	Thalamus_L	12654	0	3118	662	0	0	3136	0	0	0	0	0	0	0	0	0	0	0	364	106	0	0	0	0	0	0	0	0	478	0	0	0	0	0	2954	5906	4600	2724	1974	1066	0	0	0	0	0	0	426	0	0	0	0	0	0	0	356	158	178	0	0	0	0	0	0	0	0	0	0	210	4320	0	6602	1848	1578	0	1518	0	0	12296	346	0	0	0	0	0	0	0	0	0	0	0	0	0	0	0	0	0	0	0	0	0	0	0	0	0	0	0	0	0	0	0	0	0	0	0	0	0	
172584	Thalamus_R	3850	1454	602	4380	0	0	814	952	0	0	0	232	0	100	0	0	0	88	148	1422	0	0	0	0	0	0	0	0	504	604	0	0	0	364	3510	7570	2812	5434	852	2462	0	0	0	0	0	0	102	264	0	0	0	0	0	0	112	550	118	268	0	0	0	0	0	0	0	0	0	344	1834	0	6980	16318	6348	972	96	458	12296	0	938	0	140	0	0	0	0	0	0	0	0	0	0	0	0	0	0	0	0	0	0	0	0	0	0	0	0	0	0	0	0	0	0	0	0	0	0	0	
114996	Heschl_L	5912	0	2738	132	0	0	942	130	0	0	1516	172	138	124	0	0	5130	0	1944	0	0	0	0	0	0	0	0	0	10168	176	0	0	0	0	1144	902	2188	846	150	272	0	0	296	0	242	0	82	0	0	0	824	0	1888	0	3162	0	2128	0	0	0	0	0	110	0	90	0	412	0	98	0	290	92	194	0	0	0	346	938	0	0	4478	0	0	0	4498	0	0	0	2606	0	0	0	0	0	0	0	0	0	0	0	0	0	0	0	0	0	0	0	0	0	0	0	0	0	0	0	
36360	Heschl_R	0	450	0	0	0	0	0	0	0	0	0	372	0	0	0	0	0	3374	0	0	0	0	0	0	0	0	0	0	0	2060	0	0	0	0	0	102	0	806	0	666	0	0	0	78	0	0	0	192	0	0	0	80	0	160	0	1222	0	722	0	0	0	0	0	442	0	108	0	466	0	402	0	0	0	0	0	0	0	0	0	0	0	4540	0	358	0	828	0	0	0	752	0	0	0	0	0	0	0	0	0	0	0	0	0	0	0	0	0	0	0	0	0	0	0	0	0	0	
178868	Temporal_Sup_L	2040	0	1350	0	0	0	80	0	0	0	2890	404	816	0	0	0	8788	0	1244	0	0	0	0	0	0	0	0	0	5722	502	0	152	870	0	258	102	2998	164	448	92	0	0	84	0	80	0	0	0	0	0	2184	0	348	0	5872	0	2798	0	0	0	480	0	6780	0	2146	0	982	0	0	0	680	360	778	294	0	0	0	140	4478	0	0	0	4164	0	17368	0	0	0	9226	0	274	0	246	0	0	0	140	0	370	0	0	0	242	0	0	0	0	0	0	0	0	0	0	0	0	0	
136296	Temporal_Sup_R	0	2684	0	0	0	0	0	0	0	0	0	406	0	0	0	0	0	3258	0	0	0	0	0	0	0	0	0	0	0	3662	0	0	0	138	0	0	0	1172	0	738	0	0	0	284	0	96	0	304	0	208	0	690	0	110	0	2744	0	3482	0	0	0	280	0	6724	0	3702	0	3580	0	2720	0	0	0	0	0	0	0	0	0	4540	0	0	0	1760	0	17488	0	0	0	7378	0	0	0	0	0	0	0	0	0	0	0	0	0	0	0	0	0	0	0	0	0	0	0	0	0	0	
75516	Temporal_Pole_Sup_L	122	0	284	0	0	0	0	0	0	0	1744	166	650	0	696	0	1942	0	232	0	820	0	0	0	0	0	0	0	4898	236	0	0	0	0	0	0	2438	0	1956	0	2012	0	0	0	0	0	0	0	0	0	0	0	0	0	3666	0	78	0	0	0	0	0	0	0	0	0	0	0	0	0	138	76	706	180	0	0	0	0	0	0	4164	0	0	0	4258	0	3684	0	2612	0	0	0	0	0	0	0	0	0	0	0	0	0	0	0	0	0	0	0	0	0	0	0	0	0	0	0	
63932	Temporal_Pole_Sup_R	0	196	0	0	0	0	0	0	0	0	334	772	0	206	0	90	0	954	0	0	0	0	0	0	0	0	0	0	334	1862	0	0	0	0	0	0	0	1192	0	3854	0	3074	0	0	0	0	0	0	0	0	0	0	0	0	0	7192	0	0	0	0	0	0	0	0	0	0	0	0	0	0	116	0	186	566	0	0	0	0	0	358	0	1760	0	0	0	2458	0	3636	0	2826	0	0	0	0	0	0	0	0	0	0	0	0	0	0	0	0	0	0	0	0	0	0	0	0	0	0	
313884	Temporal_Mid_L	1496	0	210	0	0	0	0	0	0	0	0	0	0	0	0	0	1650	0	0	0	0	0	0	0	0	0	0	0	2602	0	0	0	1502	0	862	0	1142	0	0	0	694	0	3178	0	3336	0	588	0	566	0	25088	0	2940	0	3696	0	2580	0	0	0	6008	0	13922	0	14786	0	4634	0	624	0	0	0	0	0	0	0	0	0	4498	0	17368	0	4258	0	0	0	5422	0	33292	0	0	0	0	0	0	0	0	0	0	0	0	0	0	0	0	0	0	0	0	0	0	0	0	0	0	0	
288152	Temporal_Mid_R	0	6738	0	0	0	0	0	0	0	0	0	0	0	0	0	0	0	378	0	94	0	0	0	0	0	0	0	0	0	806	0	0	0	646	0	324	0	226	0	94	0	0	0	9790	0	2492	0	1628	0	4924	0	18444	0	4186	0	7006	0	7060	0	238	0	444	0	1128	0	5396	578	13070	0	5486	0	0	0	0	0	0	0	0	0	828	0	17488	0	2458	0	0	0	380	0	31746	0	0	0	0	0	0	0	0	0	0	0	0	0	0	0	0	0	0	0	0	0	0	0	0	0	0	
37124	Temporal_Pole_Mid_L	0	0	0	0	0	0	0	0	0	0	0	0	0	0	0	0	0	0	0	0	0	0	0	0	0	0	0	0	118	0	0	0	0	0	0	0	810	0	318	0	742	0	0	0	0	0	0	0	0	0	0	0	0	0	3244	0	0	0	0	0	0	0	0	0	0	0	0	0	0	0	0	0	0	0	0	0	0	0	0	0	0	0	3684	0	5422	0	0	0	4224	0	0	0	0	0	0	0	0	0	0	0	0	0	0	0	0	0	0	0	0	0	0	0	0	0	0	0	
18680	Temporal_Pole_Mid_R	0	0	0	0	0	0	0	0	0	0	0	0	0	0	0	0	0	0	0	0	0	0	0	0	0	0	0	0	0	0	0	0	0	0	0	0	0	82	0	1628	0	124	0	0	0	0	0	0	0	0	0	0	0	0	0	1838	0	0	0	0	0	0	0	0	0	0	0	0	0	0	0	0	0	0	0	0	0	0	0	0	0	0	0	3636	0	380	0	0	0	1652	0	0	0	0	0	0	0	0	0	0	0	0	0	0	0	0	0	0	0	0	0	0	0	0	0	0	
227520	Temporal_Inf_L	898	0	124	0	0	0	0	0	0	0	0	0	0	0	0	0	394	0	76	0	0	0	0	0	0	0	0	0	2564	0	0	0	346	0	512	0	5076	0	456	0	2174	0	1176	0	884	0	362	0	0	0	6142	0	4732	0	17974	0	692	0	0	0	1612	0	1468	0	3228	0	1282	0	212	0	0	0	246	0	0	0	0	0	2606	0	9226	0	2612	0	33292	0	4224	0	0	0	4210	0	1454	0	0	0	500	0	1846	0	396	0	686	0	78	0	0	0	0	0	0	0	0	0	0	0	
173716	Temporal_Inf_R	0	2782	0	0	0	0	0	0	0	0	0	0	0	0	0	0	0	168	0	444	0	0	0	0	0	0	0	0	0	624	0	0	0	362	0	908	0	2330	0	654	0	92	0	1220	0	118	0	1186	0	312	0	724	0	4770	0	13960	0	2844	0	0	0	0	0	114	0	284	102	5178	0	1888	0	0	0	80	0	0	0	0	0	752	0	7378	0	2826	0	31746	0	1652	0	0	0	1162	0	86	0	0	0	0	0	112	0	0	0	0	0	0	0	0	0	0	0	0	0	0	0	0	
642348	Cerebelum_Crus1_L	0	0	0	0	0	0	0	0	0	0	0	0	0	0	0	0	0	0	0	0	0	0	0	0	0	0	0	0	0	0	0	0	0	0	0	0	0	0	182	0	0	0	206	0	0	0	13686	4574	0	0	268	0	962	206	29974	758	0	0	0	0	0	0	0	0	0	0	0	0	0	0	0	0	0	0	0	0	0	0	0	0	274	0	0	0	0	0	0	0	4210	0	0	6650	47668	9214	282	640	18870	1880	64356	4978	27350	2612	26086	7200	1570	1320	108	0	612	802	5298	14824	16280	4792	1870	612	
642676	Cerebelum_Crus1_R	0	0	0	0	0	0	0	0	0	0	0	0	0	0	0	0	0	0	0	0	0	0	0	0	0	0	0	0	0	0	0	0	0	0	0	0	0	0	0	262	0	0	82	0	0	0	1622	14334	0	0	0	0	92	222	338	19948	0	0	0	0	0	0	0	0	0	0	0	0	0	0	0	0	0	0	0	0	0	0	0	0	0	0	0	0	0	0	0	0	0	1162	6650	0	4886	44194	1120	3612	3310	32310	7188	75242	3182	9280	2312	21562	1486	1630	0	508	140	234	18160	18028	22258	5276	708	0	
417296	Cerebelum_Crus2_L	0	0	0	0	0	0	0	0	0	0	0	0	0	0	0	0	0	0	0	0	0	0	0	0	0	0	0	0	0	0	0	0	0	0	0	0	0	0	0	0	0	0	0	0	0	0	1344	1910	0	0	98	0	220	146	4312	434	0	0	0	0	0	0	0	0	0	0	0	0	0	0	0	0	0	0	0	0	0	0	0	0	246	0	0	0	0	0	0	0	1454	0	47668	4886	0	10560	0	184	1652	734	11432	2630	45114	5656	32726	5610	1092	442	110	0	106	94	806	7252	14996	3816	618	300	
470164	Cerebelum_Crus2_R	0	0	0	0	0	0	0	0	0	0	0	0	0	0	0	0	0	0	0	0	0	0	0	0	0	0	0	0	0	0	0	0	0	0	0	0	0	0	0	0	0	0	0	0	0	0	264	846	0	0	0	0	0	0	0	1086	0	0	0	0	0	0	0	0	0	0	0	0	0	0	0	0	0	0	0	0	0	0	0	0	0	0	0	0	0	0	0	0	0	86	9214	44194	10560	0	0	1698	234	8728	3234	19142	9158	37736	6270	38400	276	5696	0	402	78	106	2316	8524	20952	5024	858	0	
62168	Cerebelum_3_L	0	0	0	0	0	0	0	0	0	0	0	0	0	0	0	0	0	0	0	0	0	0	0	0	0	0	0	0	0	0	0	0	0	0	0	0	0	0	192	0	0	0	0	0	0	0	274	680	0	0	0	0	0	0	112	218	0	0	0	0	0	0	0	0	0	0	0	0	0	0	0	0	0	0	0	0	0	0	0	0	0	0	0	0	0	0	0	0	0	0	282	1120	0	0	0	0	9436	182	3754	1448	0	0	300	0	3868	170	0	0	868	2314	2124	2674	114	192	314	448	
75932	Cerebelum_3_R	0	0	0	0	0	0	0	0	0	0	0	0	0	0	0	0	0	0	0	0	0	0	0	0	0	0	0	0	0	0	0	0	0	0	0	0	0	0	0	144	0	0	0	0	0	0	0	84	0	0	0	0	0	0	0	1480	0	0	0	0	0	0	0	0	0	0	0	0	0	0	0	0	0	0	0	0	0	0	0	0	0	0	0	0	0	0	0	0	0	0	640	3612	184	1698	0	0	148	9448	332	7022	352	294	472	1404	0	1448	0	0	436	2038	2326	638	1242	1360	1164	0	
386488	Cerebelum_4_5_L	0	0	0	0	0	0	0	0	0	0	0	0	0	0	0	0	0	0	0	0	0	0	0	0	0	0	0	0	0	0	0	0	0	0	0	0	266	0	888	76	0	0	126	0	0	0	17008	4534	0	0	180	0	894	0	19500	988	0	0	0	0	0	0	0	0	0	0	0	0	0	0	0	0	0	0	0	0	0	0	0	0	140	0	0	0	0	0	0	0	500	0	18870	3310	1652	234	9436	148	0	2156	47158	5254	2004	0	3326	480	11034	588	788	0	2446	3748	19528	9478	756	922	2184	2644	
362992	Cerebelum_4_5_R	0	0	0	0	0	0	0	0	0	0	0	0	0	0	0	0	0	0	0	0	0	0	0	0	0	0	0	0	0	116	0	0	0	0	0	0	0	1168	0	2680	0	282	0	0	0	0	1358	9954	0	0	0	0	0	0	252	9798	0	0	0	0	0	0	0	0	0	0	0	102	0	0	0	0	0	438	0	0	0	0	0	0	0	0	0	0	0	0	0	0	0	0	1880	32310	734	8728	182	9448	2156	0	1678	45550	1092	946	1028	9182	294	2984	0	362	92	758	22806	3172	5382	3154	1430	0	
640140	Cerebelum_6_L	0	0	0	0	0	0	0	0	0	0	0	0	0	0	0	0	0	0	0	0	0	0	0	0	0	0	0	0	0	0	0	0	0	0	0	0	198	0	684	0	0	0	396	0	0	0	24118	9228	0	0	616	0	2312	194	42916	1340	0	0	0	0	0	0	0	0	0	0	0	0	0	0	0	0	0	0	0	0	0	0	0	0	370	0	0	0	0	0	0	0	1846	0	64356	7188	11432	3234	3754	332	47158	1678	0	7850	8568	702	11518	1950	8786	1580	656	0	1474	1566	14842	20872	7324	3274	3194	2564	
593004	Cerebelum_6_R	0	0	0	0	0	0	0	0	0	0	0	0	0	0	0	0	0	0	0	0	0	0	0	0	0	0	0	0	0	0	0	0	0	0	0	0	0	0	0	344	0	0	106	0	0	0	2834	18336	0	0	98	0	172	446	692	23254	0	0	0	0	0	0	0	0	0	0	0	0	0	0	0	0	0	0	0	0	0	0	0	0	0	0	0	0	0	0	0	0	0	112	4978	75242	2630	19142	1448	7022	5254	45550	7850	0	1012	2482	1058	11464	1916	1266	0	440	110	430	22512	19422	14458	3742	680	0	
388476	Cerebelum_7b_L	0	0	0	0	0	0	0	0	0	0	0	0	0	0	0	0	0	0	0	0	0	0	0	0	0	0	0	0	0	0	0	0	0	0	0	0	0	0	234	0	0	0	0	0	0	0	194	234	0	0	0	0	0	0	3170	84	0	0	0	0	0	0	0	0	0	0	0	0	0	0	0	0	0	0	0	0	0	0	0	0	0	0	0	0	0	0	0	0	396	0	27350	3182	45114	9158	0	352	2004	1092	8568	1012	0	5232	45088	7346	3162	1236	1038	0	0	0	504	5540	13338	8000	1508	102	
254752	Cerebelum_7b_R	0	0	0	0	0	0	0	0	0	0	0	0	0	0	0	0	0	0	0	0	0	0	0	0	0	0	0	0	0	0	0	0	0	0	0	0	0	0	0	0	0	0	0	0	0	0	116	312	0	0	0	0	0	0	0	78	0	0	0	0	0	0	0	0	0	0	0	0	0	0	0	0	0	0	0	0	0	0	0	0	0	0	0	0	0	0	0	0	0	0	2612	9280	5656	37736	0	294	0	946	702	2482	5232	0	4082	35778	132	6188	0	332	0	0	308	2428	8738	3772	172	0	
434580	Cerebelum_8_L	0	0	0	0	0	0	0	0	0	0	0	0	0	0	0	0	0	0	0	0	0	0	0	0	0	0	0	0	0	0	0	0	0	0	0	0	0	0	0	0	0	0	0	0	0	0	692	244	0	0	0	0	0	0	2872	0	0	0	0	0	0	0	0	0	0	0	0	0	0	0	0	0	0	0	0	0	0	0	0	0	242	0	0	0	0	0	0	0	686	0	26086	2312	32726	6270	300	472	3326	1028	11518	1058	45088	4082	0	8724	22098	3894	4030	0	314	300	1312	4912	11306	14468	6348	582	
449608	Cerebelum_8_R	0	0	0	0	0	0	0	0	0	0	0	0	0	0	0	0	0	0	0	0	0	0	0	0	0	0	0	0	0	0	0	0	0	0	0	0	0	0	0	204	0	0	0	0	0	0	314	1014	0	0	0	0	0	0	0	2156	0	0	0	0	0	0	0	0	0	0	0	0	0	0	0	0	0	0	0	0	0	0	0	0	0	0	0	0	0	0	0	0	0	0	7200	21562	5610	38400	0	1404	480	9182	1950	11464	7346	35778	8724	0	1416	21232	0	3064	80	86	5600	5236	15828	15226	4148	100	
177272	Cerebelum_9_L	0	0	0	0	0	0	0	0	0	0	0	0	0	0	0	0	0	0	0	0	0	0	0	0	0	0	0	0	0	0	0	0	0	0	0	0	0	0	110	0	0	0	0	0	0	0	688	1052	0	0	0	0	0	0	1254	280	0	0	0	0	0	0	0	0	0	0	0	0	0	0	0	0	0	0	0	0	0	0	0	0	0	0	0	0	0	0	0	0	78	0	1570	1486	1092	276	3868	0	11034	294	8786	1916	3162	132	22098	1416	0	2896	5070	0	604	624	3852	5204	654	3198	4428	1514	
157664	Cerebelum_9_R	0	0	0	0	0	0	0	0	0	0	0	0	0	0	0	0	0	0	0	0	0	0	0	0	0	0	0	0	0	0	0	0	0	0	0	0	0	0	0	124	0	0	0	0	0	0	0	0	0	0	0	0	0	0	0	358	0	0	0	0	0	0	0	0	0	0	0	0	0	0	0	0	0	0	0	0	0	0	0	0	0	0	0	0	0	0	0	0	0	0	1320	1630	442	5696	170	1448	588	2984	1580	1266	1236	6188	3894	21232	2896	0	0	3588	616	570	1224	1728	3156	5416	7944	1538	
23968	Cerebelum_10_L	0	0	0	0	0	0	0	0	0	0	0	0	0	0	0	0	0	0	0	0	0	0	0	0	0	0	0	0	0	0	0	0	0	0	0	0	0	0	0	0	0	0	0	0	0	0	0	0	0	0	0	0	0	0	0	0	0	0	0	0	0	0	0	0	0	0	0	0	0	0	0	0	0	0	0	0	0	0	0	0	0	0	0	0	0	0	0	0	0	0	108	0	110	0	0	0	788	0	656	0	1038	0	4030	0	5070	0	0	0	0	0	0	0	0	76	108	0	
18100	Cerebelum_10_R	0	0	0	0	0	0	0	0	0	0	0	0	0	0	0	0	0	0	0	0	0	0	0	0	0	0	0	0	0	0	0	0	0	0	0	0	0	0	0	112	0	0	0	0	0	0	0	0	0	0	0	0	0	0	0	242	0	0	0	0	0	0	0	0	0	0	0	0	0	0	0	0	0	0	0	0	0	0	0	0	0	0	0	0	0	0	0	0	0	0	0	508	0	402	0	0	0	362	0	440	0	332	0	3064	0	3588	0	0	0	0	0	0	0	0	0	0	
39600	Vermis_1_2	0	0	0	0	0	0	0	0	0	0	0	0	0	0	0	0	0	0	0	0	0	0	0	0	0	0	0	0	0	0	0	0	0	0	0	0	0	0	0	0	0	0	0	0	0	0	278	84	0	0	0	0	0	0	0	0	0	0	0	0	0	0	0	0	0	0	0	0	0	0	0	0	0	0	0	0	0	0	0	0	0	0	0	0	0	0	0	0	0	0	612	140	106	78	868	436	2446	92	1474	110	0	0	314	80	604	616	0	0	0	5832	2786	728	458	716	780	162	
52520	Vermis_3	0	0	0	0	0	0	0	0	0	0	0	0	0	0	0	0	0	0	0	0	0	0	0	0	0	0	0	0	0	0	0	0	0	0	0	0	0	0	0	0	0	0	0	0	0	0	274	178	0	0	0	0	0	0	94	0	0	0	0	0	0	0	0	0	0	0	0	0	0	0	0	0	0	0	0	0	0	0	0	0	0	0	0	0	0	0	0	0	0	0	802	234	94	106	2314	2038	3748	758	1566	430	0	0	300	86	624	570	0	0	5832	0	3970	488	442	648	664	0	
357528	Vermis_4_5	0	0	0	0	0	0	0	0	0	0	0	0	0	0	0	0	0	0	0	0	0	0	0	0	0	0	0	0	0	0	0	0	0	0	0	568	0	338	0	306	0	0	136	244	0	0	8112	9988	0	0	90	0	320	0	1848	3446	0	0	0	0	0	0	0	0	0	0	0	776	0	0	0	0	0	0	0	0	0	0	0	0	0	0	0	0	0	0	0	0	0	0	5298	18160	806	2316	2124	2326	19528	22806	14842	22512	504	308	1312	5600	3852	1224	0	0	2786	3970	0	11354	3718	2240	2764	2242	
389496	Vermis_6	0	0	0	0	0	0	0	0	0	0	0	0	0	0	0	0	0	0	0	0	0	0	0	0	0	0	0	0	0	0	0	0	0	0	0	0	0	0	0	0	0	0	0	0	0	0	3902	14268	0	0	0	0	148	416	430	2590	0	0	0	0	0	0	0	0	0	0	0	0	0	0	0	0	0	0	0	0	0	0	0	0	0	0	0	0	0	0	0	0	0	0	14824	18028	7252	8524	2674	638	9478	3172	20872	19422	5540	2428	4912	5236	5204	1728	0	0	728	488	11354	0	17776	4896	4014	3806	
