data	data	525324	307668	830464	904920	114788	108816	444168	381612	60472	27768	222452	176440	238640	137076	146628	114604	200136	123664	840152	743652	96920	100492	342288	297584	28984	97820	54404	69588	597760	305992	290560	488656	186776	474348	120752	129484	186828	323100	60232	232016	39496	54772	262796	280984	192664	359492	276784	268420	211260	400700	589524	264288	248260	82632	421516	429616	390364	304036	167356	116844	359220	128372	124316	125092	267384	102196	317052	363076	276268	177156	271356	362532	359288	473304	36332	23224	105568	104812	80780	47700	192536	125136	93116	62160	332224	235780	32460	39220	252876	239656	450664	405848	272524	215476	37516	54568	292312	226856	438412	403360	239252	101836	298320	211616	87024	154604	10664	7616	39320	64404	258396	201872	266592	134088	108560	18380	
data	data	Precentral_L	Precentral_R	Frontal_Sup_L	Frontal_Sup_R	Frontal_Sup_Orb_L	Frontal_Sup_Orb_R	Frontal_Mid_L	Frontal_Mid_R	Frontal_Mid_Orb_L	Frontal_Mid_Orb_R	Frontal_Inf_Oper_L	Frontal_Inf_Oper_R	Frontal_Inf_Tri_L	Frontal_Inf_Tri_R	Frontal_Inf_Orb_L	Frontal_Inf_Orb_R	Rolandic_Oper_L	Rolandic_Oper_R	Supp_Motor_Area_L	Supp_Motor_Area_R	Olfactory_L	Olfactory_R	Frontal_Sup_Medial_L	Frontal_Sup_Medial_R	Frontal_Med_Orb_L	Frontal_Med_Orb_R	Rectus_L	Rectus_R	Insula_L	Insula_R	Cingulum_Ant_L	Cingulum_Ant_R	Cingulum_Mid_L	Cingulum_Mid_R	Cingulum_Post_L	Cingulum_Post_R	Hippocampus_L	Hippocampus_R	ParaHippocampal_L	ParaHippocampal_R	Amygdala_L	Amygdala_R	Calcarine_L	Calcarine_R	Cuneus_L	Cuneus_R	Lingual_L	Lingual_R	Occipital_Sup_L	Occipital_Sup_R	Occipital_Mid_L	Occipital_Mid_R	Occipital_Inf_L	Occipital_Inf_R	Fusiform_L	Fusiform_R	Postcentral_L	Postcentral_R	Parietal_Sup_L	Parietal_Sup_R	Parietal_Inf_L	Parietal_Inf_R	SupraMarginal_L	SupraMarginal_R	Angular_L	Angular_R	Precuneus_L	Precuneus_R	Paracentral_Lobule_L	Paracentral_Lobule_R	Caudate_L	Caudate_R	Putamen_L	Putamen_R	Pallidum_L	Pallidum_R	Thalamus_L	Thalamus_R	Heschl_L	Heschl_R	Temporal_Sup_L	Temporal_Sup_R	Temporal_Pole_Sup_L	Temporal_Pole_Sup_R	Temporal_Mid_L	Temporal_Mid_R	Temporal_Pole_Mid_L	Temporal_Pole_Mid_R	Temporal_Inf_L	Temporal_Inf_R	Cerebelum_Crus1_L	Cerebelum_Crus1_R	Cerebelum_Crus2_L	Cerebelum_Crus2_R	Cerebelum_3_L	Cerebelum_3_R	Cerebelum_4_5_L	Cerebelum_4_5_R	Cerebelum_6_L	Cerebelum_6_R	Cerebelum_7b_L	Cerebelum_7b_R	Cerebelum_8_L	Cerebelum_8_R	Cerebelum_9_L	Cerebelum_9_R	Cerebelum_10_L	Cerebelum_10_R	Vermis_1_2	Vermis_3	Vermis_4_5	Vermis_6	Vermis_7	Vermis_8	Vermis_9	Vermis_10	
525324	Precentral_L	0	7880	17974	4046	0	0	18006	1992	0	0	17656	0	5840	0	362	0	10904	0	14174	6728	0	0	212	0	0	0	0	0	15444	122	720	250	326	2450	2048	2216	7878	1668	416	896	0	0	696	0	664	0	0	0	244	0	1302	0	372	0	850	0	36154	370	114	0	4324	0	2032	0	234	0	1080	0	21414	2242	5654	638	9800	370	4304	0	19776	922	4298	0	3012	0	314	0	740	0	0	0	534	0	0	0	0	0	0	0	0	0	0	0	0	0	0	0	0	0	0	0	0	0	0	0	0	0	0	0	
307668	Precentral_R	7880	0	1448	13234	0	0	672	16410	0	0	92	4198	288	398	202	0	104	1062	4260	8132	0	0	0	0	0	0	0	0	2806	1396	132	0	802	2534	708	1266	1360	6362	226	1184	0	0	0	222	0	334	0	1004	0	460	0	236	0	0	304	2142	1254	14552	0	396	0	3220	0	2434	0	248	106	614	8868	4842	4040	3780	3686	2660	842	688	4668	12296	0	238	508	262	166	0	0	264	0	0	148	1196	0	0	0	0	0	0	0	0	0	0	0	0	0	0	0	0	0	0	0	0	0	0	0	0	0	0	
830464	Frontal_Sup_L	17974	1448	0	16680	5206	170	64430	3118	2662	0	12032	252	15130	310	6894	258	6842	0	74882	15712	432	110	40456	5420	530	84	1114	96	41810	570	15726	9024	7316	6832	0	0	608	152	0	0	0	0	0	0	0	0	0	0	0	0	0	0	0	0	108	0	1922	116	0	0	0	0	0	0	0	0	0	0	8768	0	7166	2468	15112	1016	306	0	126	0	302	0	878	0	2258	0	0	0	0	0	406	0	0	0	0	0	0	0	0	0	0	0	0	0	0	0	0	0	0	0	0	0	0	0	0	0	0	0	
904920	Frontal_Sup_R	4046	13234	16680	0	0	5178	1994	48164	0	1436	406	9118	338	8542	0	7342	132	4626	46206	73194	0	698	10058	30570	0	5308	0	1018	834	14512	6054	35740	2494	23504	144	352	266	7540	90	3448	0	132	0	0	0	0	0	0	0	0	0	0	0	0	0	2290	376	402	0	0	0	0	0	0	0	0	0	0	2454	248	3966	20474	506	30188	0	1638	290	4870	0	178	0	272	0	746	0	0	0	0	0	164	0	0	0	0	0	0	0	0	0	0	0	0	0	0	0	0	0	0	0	0	0	0	0	0	0	0	
114788	Frontal_Sup_Orb_L	0	0	5206	0	0	236	212	0	8370	0	0	0	102	0	10882	180	0	0	0	0	3486	272	1692	0	3040	0	6936	236	6456	0	2802	0	0	0	0	0	288	0	96	0	474	0	0	0	0	0	0	0	0	0	0	0	0	0	0	0	0	0	0	0	0	0	0	0	0	0	0	0	0	0	1698	0	4550	0	0	0	0	0	0	0	0	0	180	0	0	0	0	0	0	0	0	0	0	0	0	0	0	0	0	0	0	0	0	0	0	0	0	0	0	0	0	0	0	0	0	0	
108816	Frontal_Sup_Orb_R	0	0	170	5178	236	0	0	1466	0	4504	0	0	0	0	0	2598	0	0	160	534	1202	2546	0	3216	0	7546	386	9332	122	652	118	2692	0	0	0	0	0	0	0	0	0	126	0	0	0	0	0	0	0	0	0	0	0	0	0	0	0	0	0	0	0	0	0	0	0	0	0	0	0	0	1358	5234	570	4462	0	0	0	0	0	0	0	0	0	0	0	0	0	0	0	0	0	0	0	0	0	0	0	0	0	0	0	0	0	0	0	0	0	0	0	0	0	0	0	0	0	0	
444168	Frontal_Mid_L	18006	672	64430	1994	212	0	0	174	2740	0	11278	0	29168	0	4308	0	986	0	14170	1530	0	0	19164	1600	0	0	0	0	24020	0	6028	2816	4854	3036	0	0	504	0	0	0	0	0	0	0	0	0	0	0	0	0	0	0	0	0	0	0	2014	0	0	0	582	0	0	0	0	0	0	0	108	0	988	126	5308	0	636	0	250	0	288	0	0	0	0	0	0	0	0	0	94	0	0	0	0	0	0	0	0	0	0	0	0	0	0	0	0	0	0	0	0	0	0	0	0	0	0	0	
381612	Frontal_Mid_R	1992	16410	3118	48164	0	1466	174	0	0	2982	0	9344	0	16122	0	10396	0	2152	8176	9536	0	414	298	2054	0	634	0	160	150	8406	316	4954	114	2502	76	218	210	4406	82	1942	0	0	0	0	0	0	0	0	0	0	0	0	0	0	0	1140	356	1900	0	0	0	644	0	490	0	0	0	0	1486	0	3306	7642	106	11818	0	824	238	3122	0	174	0	262	0	124	0	0	0	0	0	206	0	0	0	0	0	0	0	0	0	0	0	0	0	0	0	0	0	0	0	0	0	0	0	0	0	0	
60472	Frontal_Mid_Orb_L	0	0	2662	0	8370	0	2740	0	0	0	0	0	1034	0	9360	0	0	0	0	0	504	0	0	0	534	0	2568	0	1326	0	202	0	0	0	0	0	0	0	0	0	0	0	0	0	0	0	0	0	0	0	0	0	0	0	0	0	0	0	0	0	0	0	0	0	0	0	0	0	0	0	362	0	574	0	0	0	0	0	0	0	0	0	0	0	0	0	0	0	0	0	0	0	0	0	0	0	0	0	0	0	0	0	0	0	0	0	0	0	0	0	0	0	0	0	0	0	
27768	Frontal_Mid_Orb_R	0	0	0	1436	0	4504	0	2982	0	0	0	0	0	206	0	3832	0	0	0	0	0	176	0	0	0	0	0	448	0	88	0	0	0	0	0	0	0	0	0	0	0	0	0	0	0	0	0	0	0	0	0	0	0	0	0	0	0	0	0	0	0	0	0	0	0	0	0	0	0	0	0	0	0	212	0	0	0	0	0	0	0	0	0	0	0	0	0	0	0	0	0	0	0	0	0	0	0	0	0	0	0	0	0	0	0	0	0	0	0	0	0	0	0	0	0	0	
222452	Frontal_Inf_Oper_L	17656	92	12032	406	0	0	11278	0	0	0	0	0	16124	0	154	0	11430	0	10416	408	0	0	150	0	0	0	0	0	15944	0	394	94	0	0	0	0	446	0	0	0	0	0	0	0	0	0	0	0	0	0	0	0	0	0	0	0	5488	0	0	0	470	0	0	0	0	0	0	0	116	0	316	0	1722	0	0	0	80	0	1014	0	1090	0	3792	0	0	0	0	0	114	0	0	0	0	0	0	0	0	0	0	0	0	0	0	0	0	0	0	0	0	0	0	0	0	0	0	0	
176440	Frontal_Inf_Oper_R	0	4198	252	9118	0	0	0	9344	0	0	0	0	0	11072	0	1868	0	6056	5738	7662	0	0	0	0	0	0	0	0	0	14584	0	272	0	244	0	84	0	2250	0	1106	0	0	0	0	0	0	0	102	0	0	0	0	0	0	0	1296	0	2006	0	0	0	656	0	460	0	0	0	168	0	96	1118	128	212	4564	0	176	0	106	0	332	0	582	0	1082	0	228	0	0	0	1060	0	0	0	0	0	0	0	0	0	0	0	0	0	0	0	0	0	0	0	0	0	0	0	0	0	0	
238640	Frontal_Inf_Tri_L	5840	288	15130	338	102	0	29168	0	1034	0	16124	0	0	0	9772	0	1504	0	9740	322	0	0	364	0	0	0	0	0	21476	0	518	162	936	100	0	0	0	0	0	0	0	0	0	0	0	0	0	0	0	0	0	0	0	0	0	0	430	0	0	0	0	0	0	0	0	0	0	0	148	0	728	0	3354	0	0	0	0	0	78	0	0	0	1664	0	0	0	0	0	0	0	0	0	0	0	0	0	0	0	0	0	0	0	0	0	0	0	0	0	0	0	0	0	0	0	0	0	
137076	Frontal_Inf_Tri_R	0	398	310	8542	0	0	0	16122	0	206	0	11072	0	0	0	6346	0	1582	2918	3296	0	0	0	0	0	0	0	0	0	11818	0	162	0	522	0	0	0	706	0	426	0	0	0	0	0	0	0	0	0	0	0	0	0	0	0	344	0	0	0	0	0	0	0	0	0	0	0	0	0	0	962	116	304	1958	0	0	0	104	0	0	0	0	0	158	0	0	0	0	0	166	0	0	0	0	0	0	0	0	0	0	0	0	0	0	0	0	0	0	0	0	0	0	0	0	0	0	
146628	Frontal_Inf_Orb_L	362	202	6894	0	10882	0	4308	0	9360	0	154	0	9772	0	0	0	110	0	2212	0	3094	0	154	0	860	0	2708	0	12128	0	238	0	814	0	0	0	568	0	216	0	380	0	0	0	0	0	0	0	0	0	0	0	0	0	120	0	0	0	0	0	0	0	0	0	0	0	0	0	98	0	1524	0	4952	0	0	0	0	0	0	0	0	0	1204	0	0	0	0	0	0	0	0	0	0	0	0	0	0	0	0	0	0	0	0	0	0	0	0	0	0	0	0	0	0	0	0	0	
114604	Frontal_Inf_Orb_R	0	0	258	7342	180	2598	0	10396	0	3832	0	1868	0	6346	0	0	0	0	1384	1726	680	1476	0	0	0	0	294	2198	0	8168	0	274	0	684	0	0	0	142	0	176	0	258	0	0	0	0	0	0	0	0	0	0	0	0	0	246	0	0	0	0	0	0	0	0	0	0	0	0	0	0	1020	1656	374	3378	0	0	0	0	0	0	0	0	0	348	0	0	0	0	0	0	0	0	0	0	0	0	0	0	0	0	0	0	0	0	0	0	0	0	0	0	0	0	0	0	0	0	
200136	Rolandic_Oper_L	10904	104	6842	132	0	0	986	0	0	0	11430	0	1504	0	110	0	0	0	6214	620	0	0	0	0	0	0	0	0	16364	0	0	0	166	0	0	0	506	0	0	0	0	0	162	0	0	0	0	0	296	0	1402	0	598	0	2090	0	10442	0	312	0	666	0	3536	0	240	0	1130	0	136	0	262	0	898	0	0	0	0	0	6868	0	9124	0	2756	0	2026	0	0	0	1242	0	0	0	0	0	0	0	0	0	0	0	0	0	0	0	0	0	0	0	0	0	0	0	0	0	0	0	
123664	Rolandic_Oper_R	0	1062	0	4626	0	0	0	2152	0	0	0	6056	0	1582	0	0	0	0	1962	3278	0	0	0	0	0	0	0	0	0	15822	0	94	0	0	0	0	0	1224	0	450	0	0	0	0	0	0	0	0	0	0	0	0	0	0	0	358	0	4582	0	0	0	310	0	2552	0	102	0	0	0	148	0	0	0	3802	0	0	0	0	0	4420	0	6026	0	886	0	124	0	0	0	214	0	0	0	0	0	0	0	0	0	0	0	0	0	0	0	0	0	0	0	0	0	0	0	0	0	0	
840152	Supp_Motor_Area_L	14174	4260	74882	46206	0	160	14170	8176	0	0	10416	5738	9740	2918	2212	1384	6214	1962	0	65678	0	0	7006	3826	0	166	0	0	29510	7276	7202	14288	7986	23240	248	316	740	2182	0	1192	0	0	0	0	0	0	0	0	0	0	0	0	0	0	140	1290	384	420	0	0	0	0	0	0	0	0	0	0	13474	1676	7030	4040	8554	5084	0	0	92	0	246	0	938	0	2208	566	0	0	0	0	466	0	0	0	0	0	0	0	0	0	0	0	0	0	0	0	0	0	0	0	0	0	0	0	0	0	0	0	
743652	Supp_Motor_Area_R	6728	8132	15712	73194	0	534	1530	9536	0	0	408	7662	322	3296	0	1726	620	3278	65678	0	0	0	2118	9874	0	938	0	0	1274	9750	3624	18462	7514	41656	438	1532	0	4892	0	2604	0	0	0	0	0	0	0	0	0	0	0	0	0	0	0	2162	818	1444	0	0	0	0	0	0	0	0	128	106	14612	13692	3606	12312	710	16384	186	1234	442	118	0	0	0	0	0	742	0	0	0	0	0	98	0	0	0	0	0	0	0	0	0	0	0	0	0	0	0	0	0	0	0	0	0	0	0	0	0	0	
96920	Olfactory_L	0	0	432	0	3486	1202	0	0	504	0	0	0	0	0	3094	680	0	0	0	0	0	4976	0	0	756	0	2832	1306	4136	0	2422	1828	0	0	0	0	1104	0	656	0	1178	0	0	0	0	0	0	0	0	0	0	0	0	0	336	0	0	0	0	0	0	0	0	0	0	0	0	0	0	0	7422	3066	4562	1804	0	0	0	0	0	0	0	0	678	0	0	0	0	0	0	0	0	0	0	0	0	0	0	0	0	0	0	0	0	0	0	0	0	0	0	0	0	0	0	0	0	0	
100492	Olfactory_R	0	0	110	698	272	2546	0	414	0	176	0	0	0	0	0	1476	0	0	0	0	4976	0	0	0	88	1042	698	3900	100	1938	1594	3018	0	0	0	0	0	96	0	110	0	248	0	0	0	0	0	0	0	0	0	0	0	0	0	0	0	0	0	0	0	0	0	0	0	0	0	0	0	0	8054	8706	6406	3132	0	126	0	322	0	0	0	0	0	0	0	0	0	0	0	0	0	0	0	0	0	0	0	0	0	0	0	0	0	0	0	0	0	0	0	0	0	0	0	0	0	0	
342288	Frontal_Sup_Medial_L	212	0	40456	10058	1692	0	19164	298	0	0	150	0	364	0	154	0	0	0	7006	2118	0	0	0	19752	1728	410	252	0	2332	0	24078	14062	7828	12010	0	0	0	0	0	0	0	0	0	0	0	0	0	0	0	0	0	0	0	0	0	0	0	0	0	0	0	0	0	0	0	0	0	0	0	0	706	434	5600	280	0	0	0	0	0	0	0	0	0	0	0	0	0	0	0	0	0	0	0	0	0	0	0	0	0	0	0	0	0	0	0	0	0	0	0	0	0	0	0	0	0	0	
297584	Frontal_Sup_Medial_R	0	0	5420	30570	0	3216	1600	2054	0	0	0	0	0	0	0	0	0	0	3826	9874	0	0	19752	0	294	7086	0	792	104	0	5404	26794	494	17320	0	0	0	0	0	0	0	0	0	0	0	0	0	0	0	0	0	0	0	0	0	0	0	0	0	0	0	0	0	0	0	0	0	0	0	0	244	7306	104	6538	0	0	0	0	0	0	0	0	0	0	0	0	0	0	0	0	0	0	0	0	0	0	0	0	0	0	0	0	0	0	0	0	0	0	0	0	0	0	0	0	0	0	
28984	Frontal_Med_Orb_L	0	0	530	0	3040	0	0	0	534	0	0	0	0	0	860	0	0	0	0	0	756	88	1728	294	0	596	2048	0	384	0	2314	88	0	0	0	0	0	0	0	0	0	0	0	0	0	0	0	0	0	0	0	0	0	0	0	0	0	0	0	0	0	0	0	0	0	0	0	0	0	0	488	0	744	0	0	0	0	0	0	0	0	0	0	0	0	0	0	0	0	0	0	0	0	0	0	0	0	0	0	0	0	0	0	0	0	0	0	0	0	0	0	0	0	0	0	0	
97820	Frontal_Med_Orb_R	0	0	84	5308	0	7546	0	634	0	0	0	0	0	0	0	0	0	0	166	938	0	1042	410	7086	596	0	0	6636	0	0	1114	7272	0	0	0	0	0	0	0	0	0	0	0	0	0	0	0	0	0	0	0	0	0	0	0	0	0	0	0	0	0	0	0	0	0	0	0	0	0	0	214	5314	78	4472	0	0	0	0	0	0	0	0	0	0	0	0	0	0	0	0	0	0	0	0	0	0	0	0	0	0	0	0	0	0	0	0	0	0	0	0	0	0	0	0	0	0	
54404	Rectus_L	0	0	1114	0	6936	386	0	0	2568	0	0	0	0	0	2708	294	0	0	0	0	2832	698	252	0	2048	0	0	474	1256	0	1406	112	0	0	0	0	0	0	0	0	0	0	0	0	0	0	0	0	0	0	0	0	0	0	0	0	0	0	0	0	0	0	0	0	0	0	0	0	0	0	2148	220	1750	0	0	0	0	0	0	0	0	0	0	0	0	0	0	0	0	0	0	0	0	0	0	0	0	0	0	0	0	0	0	0	0	0	0	0	0	0	0	0	0	0	0	0	
69588	Rectus_R	0	0	96	1018	236	9332	0	160	0	448	0	0	0	0	0	2198	0	0	0	0	1306	3900	0	792	0	6636	474	0	82	1082	184	1800	0	0	0	0	0	0	0	0	0	132	0	0	0	0	0	0	0	0	0	0	0	0	0	0	0	0	0	0	0	0	0	0	0	0	0	0	0	0	1326	2094	642	856	0	0	0	0	0	0	0	0	0	0	0	0	0	0	0	0	0	0	0	0	0	0	0	0	0	0	0	0	0	0	0	0	0	0	0	0	0	0	0	0	0	0	
597760	Insula_L	15444	2806	41810	834	6456	122	24020	150	1326	0	15944	0	21476	0	12128	0	16364	0	29510	1274	4136	100	2332	104	384	0	1256	82	0	100	2094	202	706	196	128	186	9964	198	1492	138	2002	0	112	0	0	0	0	0	250	0	778	0	94	0	4396	0	7356	0	0	0	274	0	448	0	96	0	684	0	3286	104	2472	248	28296	80	0	0	412	0	8458	0	9206	0	6906	0	3880	0	0	0	5580	0	0	0	0	0	0	0	0	0	0	0	0	0	0	0	0	0	0	0	0	0	0	0	0	0	0	0	
305992	Insula_R	122	1396	570	14512	0	652	0	8406	0	88	0	14584	0	11818	0	8168	0	15822	7276	9750	0	1938	0	0	0	0	0	1082	100	0	0	430	0	592	0	0	0	5204	0	2612	0	1016	0	0	0	104	0	0	0	112	0	0	0	0	0	3986	0	1692	0	0	0	0	0	106	0	0	0	136	86	88	1758	904	362	20906	0	0	0	346	0	3298	0	5004	0	1376	0	2196	0	0	0	4398	0	0	0	0	0	0	0	0	0	0	0	0	0	0	0	0	0	0	0	0	0	0	0	0	0	0	
290560	Cingulum_Ant_L	720	132	15726	6054	2802	118	6028	316	202	0	394	0	518	0	238	0	0	0	7202	3624	2422	1594	24078	5404	2314	1114	1406	184	2094	0	0	20996	7916	8534	0	0	0	0	0	0	0	0	0	0	0	0	0	0	0	0	0	0	0	0	0	0	0	0	0	0	0	0	0	0	0	0	0	0	322	0	6452	3136	10906	2334	0	0	0	0	0	0	0	0	0	0	0	0	0	0	0	0	0	0	0	0	0	0	0	0	0	0	0	0	0	0	0	0	0	0	0	0	0	0	0	0	0	0	
488656	Cingulum_Ant_R	250	0	9024	35740	0	2692	2816	4954	0	0	94	272	162	162	0	274	0	94	14288	18462	1828	3018	14062	26794	88	7272	112	1800	202	430	20996	0	6442	30628	0	0	0	0	0	0	0	0	0	0	0	0	0	0	0	0	0	0	0	0	0	0	0	0	0	0	0	0	0	0	0	0	0	0	128	0	4970	19416	2906	13952	0	0	0	0	0	0	0	0	0	0	0	0	0	0	0	0	0	0	0	0	0	0	0	0	0	0	0	0	0	0	0	0	0	0	0	0	0	0	0	0	0	0	
186776	Cingulum_Mid_L	326	802	7316	2494	0	0	4854	114	0	0	0	0	936	0	814	0	166	0	7986	7514	0	0	7828	494	0	0	0	0	706	0	7916	6442	0	16152	3356	298	0	0	0	0	0	0	674	0	1276	0	0	0	1646	0	1666	0	532	0	336	0	1164	0	296	0	276	0	136	0	134	0	4010	652	2224	1512	78	102	160	0	0	0	0	0	0	0	0	0	0	0	0	0	0	0	0	0	0	0	0	0	0	0	0	0	0	0	0	0	0	0	0	0	0	0	0	0	0	0	0	0	0	0	
474348	Cingulum_Mid_R	2450	2534	6832	23504	0	0	3036	2502	0	0	0	244	100	522	0	684	0	0	23240	41656	0	0	12010	17320	0	0	0	0	196	592	8534	30628	16152	0	1768	4308	0	124	0	0	0	0	0	682	0	174	0	200	0	88	80	0	0	0	0	0	2290	4154	0	0	102	0	0	0	0	0	346	3940	11222	13090	168	860	132	710	0	0	0	0	0	0	0	0	0	0	0	0	0	0	0	0	0	0	0	0	0	0	0	0	0	0	0	0	0	0	0	0	0	0	0	0	0	0	0	0	0	0	
120752	Cingulum_Post_L	2048	708	0	144	0	0	0	76	0	0	0	0	0	0	0	0	0	0	248	438	0	0	0	0	0	0	0	0	128	0	0	0	3356	1768	0	10082	4384	2158	1856	1572	0	0	2142	140	1224	0	1002	148	844	0	1506	0	696	0	1166	86	3310	3206	426	0	960	0	794	0	158	0	4874	1336	2166	3094	0	0	0	0	0	0	794	248	500	0	0	0	0	0	304	0	0	0	184	0	0	0	0	0	0	0	0	0	0	0	0	0	0	0	0	0	0	0	0	0	102	0	0	0	0	0	
129484	Cingulum_Post_R	2216	1266	0	352	0	0	0	218	0	0	0	84	0	0	0	0	0	0	316	1532	0	0	0	0	0	0	0	0	186	0	0	0	298	4308	10082	0	2754	5834	320	3296	0	0	0	752	0	396	0	2704	112	230	190	138	0	0	160	1192	1564	4842	196	0	220	0	192	0	0	0	552	7308	988	4852	0	0	0	0	0	0	1368	1530	474	0	0	0	0	0	0	76	0	0	84	636	0	0	0	0	0	0	0	0	0	0	0	0	0	0	0	0	0	0	0	0	924	0	0	0	0	0	
186828	Hippocampus_L	7878	1360	608	266	288	0	504	210	0	0	446	0	0	0	568	0	506	0	740	0	1104	0	0	0	0	0	0	0	9964	0	0	0	0	0	4384	2754	0	2392	8992	1536	6658	0	1212	0	0	0	1792	0	0	0	262	0	200	0	10490	0	1902	0	0	0	144	0	0	0	0	0	1568	112	800	0	0	0	6366	0	256	0	3686	784	2786	0	1074	0	958	0	752	0	134	0	6978	0	0	0	0	0	0	0	0	0	0	0	0	0	0	0	0	0	0	0	0	0	0	0	0	0	0	0	
323100	Hippocampus_R	1668	6362	152	7540	0	0	0	4406	0	0	0	2250	0	706	0	142	0	1224	2182	4892	0	96	0	0	0	0	0	0	198	5204	0	0	0	124	2158	5834	2392	0	416	30616	0	7368	0	442	0	104	0	2660	0	0	0	0	0	342	112	24764	442	2258	0	0	0	352	0	302	0	0	0	3238	0	494	234	264	0	23436	0	566	1214	3976	476	414	0	756	0	1424	0	1134	0	336	80	4718	0	118	0	0	0	0	0	254	0	0	0	0	0	0	0	0	0	0	0	0	710	0	0	0	0	0	
60232	ParaHippocampal_L	416	226	0	90	96	0	0	82	0	0	0	0	0	0	216	0	0	0	0	0	656	0	0	0	0	0	0	0	1492	0	0	0	0	0	1856	320	8992	416	0	256	1536	0	868	0	0	0	1996	0	0	0	178	0	666	0	4476	0	110	0	0	0	0	0	0	0	0	0	1004	94	76	0	0	0	992	0	0	0	694	178	84	0	246	0	358	0	0	0	128	0	1056	0	0	0	0	0	132	0	130	0	0	0	0	0	0	0	0	0	0	0	0	0	0	0	0	0	0	0	
232016	ParaHippocampal_R	896	1184	0	3448	0	0	0	1942	0	0	0	1106	0	426	0	176	0	450	1192	2604	0	110	0	0	0	0	0	0	138	2612	0	0	0	0	1572	3296	1536	30616	256	0	0	7310	0	328	0	0	0	2230	0	0	0	0	0	356	106	22462	106	778	0	0	0	200	0	166	0	0	0	1908	0	0	96	98	0	12526	0	484	382	1524	386	252	0	220	0	3526	0	588	0	2936	0	2252	0	104	0	0	0	0	0	578	0	0	0	0	0	0	0	0	0	0	0	0	546	0	0	0	0	0	
39496	Amygdala_L	0	0	0	0	474	0	0	0	0	0	0	0	0	0	380	0	0	0	0	0	1178	0	0	0	0	0	0	0	2002	0	0	0	0	0	0	0	6658	0	1536	0	0	0	0	0	0	0	0	0	0	0	0	0	0	0	3690	0	0	0	0	0	0	0	0	0	0	0	0	0	0	0	0	0	626	0	0	0	0	0	0	0	0	0	872	0	170	0	278	0	1884	0	0	0	0	0	0	0	0	0	0	0	0	0	0	0	0	0	0	0	0	0	0	0	0	0	0	0	
54772	Amygdala_R	0	0	0	132	0	126	0	0	0	0	0	0	0	0	0	258	0	0	0	0	0	248	0	0	0	0	0	132	0	1016	0	0	0	0	0	0	0	7368	0	7310	0	0	0	0	0	0	0	0	0	0	0	0	0	0	0	4932	0	0	0	0	0	0	0	0	0	0	0	0	0	0	0	112	0	1582	0	0	0	106	0	0	0	0	0	2384	0	0	0	1328	0	352	0	0	0	0	0	0	0	0	0	0	0	0	0	0	0	0	0	0	0	0	0	0	0	0	0	0	
262796	Calcarine_L	696	0	0	0	0	0	0	0	0	0	0	0	0	0	0	0	162	0	0	0	0	0	0	0	0	0	0	0	112	0	0	0	674	0	2142	0	1212	0	868	0	0	0	0	7218	13464	4416	12808	2134	8758	1420	31888	608	11548	0	8036	176	1380	0	508	0	450	0	0	0	598	0	15850	206	1562	0	0	0	0	0	0	0	0	0	0	0	92	0	0	0	1490	0	0	0	392	0	0	0	0	0	0	0	0	0	410	0	0	0	0	0	0	0	0	0	0	0	0	120	0	0	0	0	
280984	Calcarine_R	0	222	0	0	0	0	0	0	0	0	0	0	0	0	0	0	0	0	0	0	0	0	0	0	0	0	0	0	0	0	0	0	0	682	140	752	0	442	0	328	0	0	7218	0	6220	25888	766	16524	90	21110	0	19432	0	5938	0	6210	98	3304	0	78	0	0	0	0	0	586	1182	14712	364	1162	0	120	0	0	0	0	0	146	0	0	0	0	0	0	0	4312	0	0	0	2274	0	0	0	0	0	0	0	0	0	0	0	0	0	0	0	0	0	0	0	0	192	0	0	0	0	0	
192664	Cuneus_L	664	0	0	0	0	0	0	0	0	0	0	0	0	0	0	0	0	0	0	0	0	0	0	0	0	0	0	0	0	0	0	0	1276	0	1224	0	0	0	0	0	0	0	13464	6220	0	7698	2582	160	21476	1718	18368	932	1678	0	1264	286	308	0	1016	0	164	0	0	0	176	0	13038	1530	516	0	0	0	0	0	0	0	0	0	0	0	0	0	0	0	574	0	0	0	0	0	0	0	0	0	0	0	0	0	0	0	0	0	0	0	0	0	0	0	0	0	0	0	0	0	0	0	
359492	Cuneus_R	0	334	0	0	0	0	0	0	0	0	0	0	0	0	0	0	0	0	0	0	0	0	0	0	0	0	0	0	0	104	0	0	0	174	0	396	0	104	0	0	0	0	4416	25888	7698	0	174	1570	102	48028	0	18486	0	706	0	1648	0	8194	0	7720	0	710	0	724	0	602	3798	32248	0	1288	0	0	0	0	0	0	0	0	0	214	0	1094	0	0	0	8130	0	0	0	5196	0	0	0	0	0	0	0	0	0	0	0	0	0	0	0	0	0	0	0	0	0	0	0	0	0	0	
276784	Lingual_L	0	0	0	0	0	0	0	0	0	0	0	0	0	0	0	0	0	0	0	0	0	0	0	0	0	0	0	0	0	0	0	0	0	0	1002	0	1792	0	1996	0	0	0	12808	766	2582	174	0	1768	3232	0	17258	0	14956	0	20374	670	0	0	0	0	0	0	0	0	0	0	3192	0	0	0	0	0	0	0	0	0	94	0	0	0	0	0	0	0	222	0	0	0	180	0	8092	2376	756	576	278	208	11624	2248	15148	2878	280	0	588	0	0	112	0	0	0	0	3606	4526	2030	0	0	0	
268420	Lingual_R	0	1004	0	0	0	0	0	0	0	0	0	102	0	0	0	0	0	0	0	0	0	0	0	0	0	0	0	0	0	0	0	0	0	200	148	2704	0	2660	0	2230	0	0	2134	16524	160	1570	1768	0	0	4142	0	4132	196	7140	860	25220	0	2486	0	0	0	0	0	0	0	124	84	9486	94	618	0	0	0	0	0	0	0	282	0	0	0	0	0	0	0	748	0	0	0	1820	3398	4702	610	114	92	332	2718	4446	5072	7884	308	0	412	82	0	456	0	0	164	210	5208	6250	2214	420	482	0	
211260	Occipital_Sup_L	244	0	0	0	0	0	0	0	0	0	0	0	0	0	0	0	296	0	0	0	0	0	0	0	0	0	0	0	250	0	0	0	1646	0	844	112	0	0	0	0	0	0	8758	90	21476	102	3232	0	0	0	34522	0	4770	0	2002	0	1792	132	5014	0	2310	0	0	0	1474	0	14472	204	802	120	0	0	0	0	0	0	0	0	0	0	118	0	0	0	438	0	0	0	410	0	0	0	0	0	0	0	0	0	0	0	0	0	0	0	0	0	0	0	0	0	0	0	0	0	0	0	
400700	Occipital_Sup_R	0	460	0	0	0	0	0	0	0	0	0	0	0	0	0	0	0	0	0	0	0	0	0	0	0	0	0	0	0	112	0	0	0	88	0	230	0	0	0	0	0	0	1420	21110	1718	48028	0	4142	0	0	0	32442	0	970	0	1668	0	8556	0	11968	0	1806	0	1228	0	5522	1608	29436	0	1236	0	0	0	0	0	0	0	0	0	300	0	2506	0	0	0	16510	0	0	0	7286	0	0	0	0	0	0	0	0	0	0	0	0	0	0	0	0	0	0	0	0	0	0	0	0	0	0	
589524	Occipital_Mid_L	1302	0	0	0	0	0	0	0	0	0	0	0	0	0	0	0	1402	0	0	0	0	0	0	0	0	0	0	0	778	0	0	0	1666	80	1506	190	262	0	178	0	0	0	31888	0	18368	0	17258	0	34522	0	0	0	38728	0	20066	0	10676	328	16402	0	22606	0	1074	0	24882	0	26698	0	1946	322	0	0	0	0	0	0	0	0	232	0	986	0	0	0	15930	0	0	0	2450	0	180	82	0	0	0	0	118	0	1084	0	0	0	0	0	0	0	0	0	0	0	0	428	144	0	0	0	
264288	Occipital_Mid_R	0	236	0	0	0	0	0	0	0	0	0	0	0	0	0	0	0	0	0	0	0	0	0	0	0	0	0	0	0	0	0	0	0	0	0	138	0	0	0	0	0	0	608	19432	932	18486	0	4132	0	32442	0	0	0	4740	0	4922	0	2724	0	1318	0	2470	0	132	0	12570	612	8334	0	688	0	0	0	0	0	0	0	0	0	0	0	600	0	0	0	14666	0	0	0	1962	0	0	0	0	0	0	0	0	0	0	0	0	0	0	0	0	0	0	0	0	0	0	0	0	0	0	
248260	Occipital_Inf_L	372	0	0	0	0	0	0	0	0	0	0	0	0	0	0	0	598	0	0	0	0	0	0	0	0	0	0	0	94	0	0	0	532	0	696	0	200	0	666	0	0	0	11548	0	1678	0	14956	196	4770	0	38728	0	0	0	24376	0	860	88	338	0	1880	0	198	0	2788	0	5122	0	180	86	0	0	0	0	0	0	0	0	158	0	310	0	0	0	3876	0	0	0	3426	0	364	154	0	110	0	0	446	92	2582	140	0	0	0	0	0	0	0	0	0	0	226	1036	260	0	0	0	
82632	Occipital_Inf_R	0	0	0	0	0	0	0	0	0	0	0	0	0	0	0	0	0	0	0	0	0	0	0	0	0	0	0	0	0	0	0	0	0	0	0	0	0	342	0	356	0	0	0	5938	0	706	0	7140	0	970	0	4740	0	0	0	11162	0	242	0	0	0	0	0	0	0	0	0	712	0	104	0	0	0	0	0	0	0	0	0	0	0	0	0	0	0	1370	0	0	0	5736	0	1212	0	0	0	0	0	0	78	206	0	0	0	0	0	0	0	0	0	0	0	198	104	0	0	0	
421516	Fusiform_L	850	304	108	0	0	0	0	0	0	0	0	0	0	0	120	0	2090	0	140	0	336	0	0	0	0	0	0	0	4396	0	0	0	336	0	1166	160	10490	112	4476	106	3690	0	8036	0	1264	0	20374	860	2002	0	20066	0	24376	0	0	106	1446	94	268	0	630	0	320	0	596	0	4408	0	466	108	0	0	1192	0	0	0	0	0	3058	0	2210	0	2612	0	5996	0	2098	0	17214	0	18274	426	806	104	222	78	9996	712	24458	962	338	0	682	0	0	0	0	0	0	0	1642	2920	458	0	0	0	
429616	Fusiform_R	0	2142	0	2290	0	0	0	1140	0	0	0	1296	0	344	0	246	0	358	1290	2162	0	0	0	0	0	0	0	0	0	3986	0	0	0	0	86	1192	0	24764	0	22462	0	4932	176	6210	286	1648	670	25220	0	1668	0	4922	0	11162	106	0	0	3136	0	0	0	172	0	134	0	134	0	3318	0	906	0	0	0	8564	0	148	0	306	0	426	0	1934	0	5786	0	3834	0	3374	0	19728	1408	10596	206	120	0	0	1660	4980	2400	11690	82	0	110	0	0	212	0	0	76	90	2568	3994	1514	236	208	0	
390364	Postcentral_L	36154	1254	1922	376	0	0	2014	356	0	0	5488	0	430	0	0	0	10442	0	384	818	0	0	0	0	0	0	0	0	7356	0	0	0	1164	2290	3310	1564	1902	442	110	106	0	0	1380	98	308	0	0	0	1792	0	10676	0	860	0	1446	0	0	3010	13956	0	28142	0	9052	0	5098	0	10284	230	9326	3438	1528	138	2716	160	1236	0	1342	346	4098	0	4284	0	0	0	1980	0	0	0	376	0	0	0	0	0	0	0	0	0	0	0	0	0	0	0	0	0	0	0	0	0	0	0	0	0	0	0	
304036	Postcentral_R	370	14552	116	402	0	0	0	1900	0	0	0	2006	0	0	0	0	0	4582	420	1444	0	0	0	0	0	0	0	0	0	1692	0	0	0	4154	3206	4842	0	2258	0	778	0	0	0	3304	0	8194	0	2486	132	8556	328	2724	88	242	94	3136	3010	0	260	10240	266	11814	202	10566	0	1024	444	15568	1758	14528	112	500	0	1754	0	0	0	836	0	368	0	1242	0	0	80	2168	0	0	0	3272	0	0	0	0	0	0	0	0	0	0	0	0	0	0	0	0	0	0	0	0	0	0	0	0	0	0	
167356	Parietal_Sup_L	114	0	0	0	0	0	0	0	0	0	0	0	0	0	0	0	312	0	0	0	0	0	0	0	0	0	0	0	0	0	0	0	296	0	426	196	0	0	0	0	0	0	508	0	1016	0	0	0	5014	0	16402	0	338	0	268	0	13956	260	0	0	18998	0	232	0	9040	0	13470	0	1650	244	0	0	0	0	0	0	0	0	0	0	126	0	0	0	412	0	0	0	400	0	0	0	0	0	0	0	0	0	0	0	0	0	0	0	0	0	0	0	0	0	0	0	0	0	0	0	
116844	Parietal_Sup_R	0	396	0	0	0	0	0	0	0	0	0	0	0	0	0	0	0	0	0	0	0	0	0	0	0	0	0	0	0	0	0	0	0	0	0	0	0	0	0	0	0	0	0	78	0	7720	0	0	0	11968	0	1318	0	0	0	0	0	10240	0	0	0	5418	0	3152	0	2508	0	10622	0	258	0	0	0	0	0	0	0	0	0	0	0	890	0	0	0	1442	0	0	0	2412	0	0	0	0	0	0	0	0	0	0	0	0	0	0	0	0	0	0	0	0	0	0	0	0	0	0	
359220	Parietal_Inf_L	4324	0	0	0	0	0	582	0	0	0	470	0	0	0	0	0	666	0	0	0	0	0	0	0	0	0	0	0	274	0	0	0	276	102	960	220	144	0	0	0	0	0	450	0	164	0	0	0	2310	0	22606	0	1880	0	630	0	28142	266	18998	0	0	0	17036	0	41064	0	6706	0	1378	242	0	0	0	0	0	0	0	0	174	0	2840	0	0	0	20364	0	0	0	6342	0	0	0	0	0	0	0	0	0	0	0	0	0	0	0	0	0	0	0	0	0	0	0	0	0	0	0	
128372	Parietal_Inf_R	0	3220	0	0	0	0	0	644	0	0	0	656	0	0	0	0	0	310	0	0	0	0	0	0	0	0	0	0	0	0	0	0	0	0	0	0	0	352	0	200	0	0	0	0	0	710	0	0	0	1806	0	2470	0	0	0	172	0	11814	0	5418	0	0	0	20150	0	10832	0	1288	0	0	0	118	0	426	0	0	0	0	0	86	0	1374	0	0	0	906	0	0	0	1234	0	0	0	0	0	0	0	0	0	0	0	0	0	0	0	0	0	0	0	0	0	0	0	0	0	0	
124316	SupraMarginal_L	2032	0	0	0	0	0	0	0	0	0	0	0	0	0	0	0	3536	0	0	0	0	0	0	0	0	0	0	0	448	0	0	0	136	0	794	192	0	0	0	0	0	0	0	0	0	0	0	0	0	0	1074	0	198	0	320	0	9052	202	232	0	17036	0	0	0	7902	0	526	0	184	174	0	0	0	0	0	0	0	0	358	0	7694	0	0	0	8870	0	0	0	1198	0	0	0	0	0	0	0	0	0	0	0	0	0	0	0	0	0	0	0	0	0	0	0	0	0	0	0	
125092	SupraMarginal_R	0	2434	0	0	0	0	0	490	0	0	0	460	0	0	0	0	0	2552	0	0	0	0	0	0	0	0	0	0	0	106	0	0	0	0	0	0	0	302	0	166	0	0	0	0	0	724	0	0	0	1228	0	132	0	0	0	134	0	10566	0	3152	0	20150	0	0	0	7590	0	1022	0	0	0	116	0	342	0	0	0	0	0	306	0	7896	0	0	0	1116	0	0	0	1562	0	0	0	0	0	0	0	0	0	0	0	0	0	0	0	0	0	0	0	0	0	0	0	0	0	0	
267384	Angular_L	234	0	0	0	0	0	0	0	0	0	0	0	0	0	0	0	240	0	0	0	0	0	0	0	0	0	0	0	96	0	0	0	134	0	158	0	0	0	0	0	0	0	598	0	176	0	0	0	1474	0	24882	0	2788	0	596	0	5098	0	9040	0	41064	0	7902	0	0	0	5474	0	144	78	0	0	0	0	0	0	0	0	100	0	2712	0	0	0	23882	0	0	0	6822	0	0	0	0	0	0	0	0	0	0	0	0	0	0	0	0	0	0	0	0	0	0	0	0	0	0	0	
102196	Angular_R	0	248	0	0	0	0	0	0	0	0	0	0	0	0	0	0	0	102	0	0	0	0	0	0	0	0	0	0	0	0	0	0	0	0	0	0	0	0	0	0	0	0	0	586	0	602	0	124	0	5522	0	12570	0	0	0	134	0	1024	0	2508	0	10832	0	7590	0	0	0	508	0	0	0	0	0	0	0	0	0	0	0	212	0	2760	0	0	0	4958	0	0	0	818	0	0	0	0	0	0	0	0	0	0	0	0	0	0	0	0	0	0	0	0	0	0	0	0	0	0	
317052	Precuneus_L	1080	106	0	0	0	0	0	0	0	0	0	0	0	0	0	0	1130	0	0	128	0	0	0	0	0	0	0	0	684	0	0	0	4010	346	4874	552	1568	0	1004	0	0	0	15850	1182	13038	3798	3192	84	14472	1608	26698	612	5122	0	4408	0	10284	444	13470	0	6706	0	526	0	5474	0	0	6282	4884	1050	0	0	0	0	0	0	0	0	288	0	572	0	0	0	1826	152	0	0	1022	0	0	0	0	0	0	0	0	0	0	0	0	0	0	0	0	0	0	0	0	0	0	0	0	0	0	0	
363076	Precuneus_R	0	614	0	0	0	0	0	0	0	0	0	168	0	0	0	0	0	0	0	106	0	0	0	0	0	0	0	0	0	136	0	0	652	3940	1336	7308	112	3238	94	1908	0	0	206	14712	1530	32248	0	9486	204	29436	0	8334	0	712	0	3318	230	15568	0	10622	0	1288	0	1022	0	508	6282	0	1212	5446	0	166	0	0	0	0	0	308	0	216	0	1358	0	0	0	8268	0	0	0	7866	0	0	0	0	0	0	0	172	0	0	0	0	0	0	0	0	0	0	0	0	1208	0	0	0	0	0	
276268	Paracentral_Lobule_L	21414	8868	8768	2454	0	0	108	1486	0	0	116	0	148	0	98	0	136	0	13474	14612	0	0	0	0	0	0	0	0	3286	86	322	128	2224	11222	2166	988	800	0	76	0	0	0	1562	364	516	0	0	94	802	0	1946	0	180	0	466	0	9326	1758	1650	0	1378	0	184	0	144	0	4884	1212	0	8306	3116	422	3482	172	304	0	1448	0	94	0	640	0	0	0	284	0	0	0	420	0	0	0	0	0	0	0	0	0	0	0	0	0	0	0	0	0	0	0	0	0	0	0	0	0	0	0	
177156	Paracentral_Lobule_R	2242	4842	0	248	0	0	0	0	0	0	0	96	0	0	0	0	0	148	1676	13692	0	0	0	0	0	0	0	0	104	88	0	0	1512	13090	3094	4852	0	494	0	0	0	0	0	1162	0	1288	0	618	120	1236	322	688	86	104	108	906	3438	14528	244	258	242	0	174	0	78	0	1050	5446	8306	0	480	0	222	0	110	0	104	0	0	0	0	0	0	0	82	336	0	0	0	664	0	0	0	0	0	0	0	0	0	0	0	0	0	0	0	0	0	0	0	0	0	0	0	0	0	0	
271356	Caudate_L	5654	4040	7166	3966	1698	1358	988	3306	362	0	316	1118	728	962	1524	1020	262	0	7030	3606	7422	8054	706	244	488	214	2148	1326	2472	1758	6452	4970	78	168	0	0	0	234	0	96	0	0	0	0	0	0	0	0	0	0	0	0	0	0	0	0	1528	112	0	0	0	0	0	0	0	0	0	0	3116	480	0	15218	18282	6060	2426	268	5746	332	0	0	0	0	176	0	0	0	0	0	0	0	0	0	0	0	0	0	0	0	0	0	0	0	0	0	0	0	0	0	0	0	0	0	0	0	0	0	
362532	Caudate_R	638	3780	2468	20474	0	5234	126	7642	0	0	0	128	0	116	0	1656	0	0	4040	12312	3066	8706	434	7306	0	5314	220	2094	248	904	3136	19416	102	860	0	0	0	264	0	98	0	112	0	120	0	0	0	0	0	0	0	0	0	0	0	0	138	500	0	0	0	118	0	116	0	0	0	166	422	0	15218	0	6986	29746	0	2510	1006	13326	0	0	0	0	0	0	0	0	0	0	0	0	0	0	0	0	0	0	0	0	0	0	0	0	0	0	0	0	0	0	0	0	0	0	0	0	0	0	
359288	Putamen_L	9800	3686	15112	506	4550	570	5308	106	574	0	1722	212	3354	304	4952	374	898	0	8554	710	4562	6406	5600	104	744	78	1750	642	28296	362	10906	2906	160	132	0	0	6366	0	992	0	626	0	0	0	0	0	0	0	0	0	0	0	0	0	1192	0	2716	0	0	0	0	0	0	0	0	0	0	0	3482	222	18282	6986	0	3474	4918	0	1258	156	0	0	1126	0	2632	0	100	0	0	0	1176	0	0	0	0	0	0	0	0	0	0	0	0	0	0	0	0	0	0	0	0	0	0	0	0	0	0	0	
473304	Putamen_R	370	2660	1016	30188	0	4462	0	11818	0	212	0	4564	0	1958	0	3378	0	3802	5084	16384	1804	3132	280	6538	0	4472	0	856	80	20906	2334	13952	0	710	0	0	0	23436	0	12526	0	1582	0	0	0	0	0	0	0	0	0	0	0	0	0	8564	160	1754	0	0	0	426	0	342	0	0	0	0	172	0	6060	29746	3474	0	0	2776	0	1282	0	964	0	988	0	100	0	292	0	0	0	1048	0	0	0	0	0	0	0	0	0	0	0	0	0	0	0	0	0	0	0	0	0	0	0	0	0	0	
36332	Pallidum_L	4304	842	306	0	0	0	636	0	0	0	0	0	0	0	0	0	0	0	0	186	0	0	0	0	0	0	0	0	0	0	0	0	0	0	0	0	256	0	0	0	0	0	0	0	0	0	0	0	0	0	0	0	0	0	0	0	1236	0	0	0	0	0	0	0	0	0	0	0	304	110	2426	0	4918	0	0	0	2642	0	0	0	0	0	0	0	0	0	0	0	0	0	0	0	0	0	0	0	0	0	0	0	0	0	0	0	0	0	0	0	0	0	0	0	0	0	0	0	
23224	Pallidum_R	0	688	0	1638	0	0	0	824	0	0	0	176	0	0	0	0	0	0	0	1234	0	126	0	0	0	0	0	0	0	0	0	0	0	0	0	0	0	566	0	484	0	0	0	0	0	0	0	0	0	0	0	0	0	0	0	148	0	0	0	0	0	0	0	0	0	0	0	0	0	0	268	2510	0	2776	0	0	0	174	0	0	0	0	0	0	0	0	0	0	0	0	0	0	0	0	0	0	0	0	0	0	0	0	0	0	0	0	0	0	0	0	0	0	0	0	0	0	
105568	Thalamus_L	19776	4668	126	290	0	0	250	238	0	0	80	0	0	0	0	0	0	0	92	442	0	0	0	0	0	0	0	0	412	0	0	0	0	0	794	1368	3686	1214	694	382	0	0	0	0	0	0	94	0	0	0	0	0	0	0	0	0	1342	0	0	0	0	0	0	0	0	0	0	0	1448	104	5746	1006	1258	0	2642	0	0	4166	466	0	0	0	0	0	0	0	0	0	0	0	0	0	0	0	0	0	0	0	0	0	0	0	0	0	0	0	0	0	0	0	0	0	0	0	0	0	
104812	Thalamus_R	922	12296	0	4870	0	0	0	3122	0	0	0	106	0	104	0	0	0	0	0	118	0	322	0	0	0	0	0	0	0	346	0	0	0	0	248	1530	784	3976	178	1524	0	106	0	146	0	0	0	282	0	0	0	0	0	0	0	306	346	836	0	0	0	0	0	0	0	0	0	308	0	0	332	13326	156	1282	0	174	4166	0	114	80	0	0	0	0	0	0	0	0	0	0	0	0	0	0	0	0	0	0	0	0	0	0	0	0	0	0	0	0	0	0	0	0	0	0	0	0	
80780	Heschl_L	4298	0	302	0	0	0	288	0	0	0	1014	0	78	0	0	0	6868	0	246	0	0	0	0	0	0	0	0	0	8458	0	0	0	0	0	500	474	2786	476	84	386	0	0	0	0	0	0	0	0	0	0	232	0	158	0	3058	0	4098	0	0	0	174	0	358	0	100	0	288	0	94	0	0	0	0	0	0	0	466	114	0	0	2698	0	0	0	590	0	0	0	1704	0	0	0	0	0	0	0	0	0	0	0	0	0	0	0	0	0	0	0	0	0	0	0	0	0	0	0	
47700	Heschl_R	0	238	0	178	0	0	0	174	0	0	0	332	0	0	0	0	0	4420	0	0	0	0	0	0	0	0	0	0	0	3298	0	0	0	0	0	0	0	414	0	252	0	0	0	0	0	214	0	0	0	300	0	0	0	0	0	426	0	368	0	0	0	86	0	306	0	212	0	216	0	0	0	0	0	964	0	0	0	80	0	0	0	6924	0	0	0	2144	0	0	0	2304	0	0	0	0	0	0	0	0	0	0	0	0	0	0	0	0	0	0	0	0	0	0	0	0	0	0	
192536	Temporal_Sup_L	3012	508	878	0	0	0	0	0	0	0	1090	0	0	0	0	0	9124	0	938	0	0	0	0	0	0	0	0	0	9206	0	0	0	0	0	0	0	1074	0	246	0	0	0	92	0	0	0	0	0	118	0	986	0	310	0	2210	0	4284	0	126	0	2840	0	7694	0	2712	0	572	0	640	0	0	0	1126	0	0	0	0	0	2698	0	0	0	1874	0	26012	0	230	0	15668	0	0	0	0	0	0	0	0	0	0	0	0	0	0	0	0	0	0	0	0	0	0	0	0	0	0	0	
125136	Temporal_Sup_R	0	262	0	272	0	0	0	262	0	0	0	582	0	0	0	0	0	6026	0	0	0	0	0	0	0	0	0	0	0	5004	0	0	0	0	0	0	0	756	0	220	0	0	0	0	0	1094	0	0	0	2506	0	600	0	0	0	1934	0	1242	0	890	0	1374	0	7896	0	2760	0	1358	0	0	0	0	0	988	0	0	0	0	0	6924	0	0	0	1384	0	11756	0	604	0	5874	0	0	0	0	0	0	0	0	0	0	0	0	0	0	0	0	0	0	0	0	0	0	0	0	0	0	
93116	Temporal_Pole_Sup_L	314	166	2258	0	180	0	0	0	0	0	3792	0	1664	0	1204	0	2756	0	2208	0	678	0	0	0	0	0	0	0	6906	0	0	0	0	0	0	0	958	0	358	0	872	0	0	0	0	0	0	0	0	0	0	0	0	0	2612	0	0	0	0	0	0	0	0	0	0	0	0	0	0	0	176	0	2632	0	0	0	0	0	0	0	1874	0	0	0	5298	0	3688	0	5964	0	0	0	0	0	0	0	0	0	0	0	0	0	0	0	0	0	0	0	0	0	0	0	0	0	0	0	
62160	Temporal_Pole_Sup_R	0	0	0	746	0	0	0	124	0	0	0	1082	0	158	0	348	0	886	566	742	0	0	0	0	0	0	0	0	0	1376	0	0	0	0	0	0	0	1424	0	3526	0	2384	0	0	0	0	0	0	0	0	0	0	0	0	0	5786	0	0	0	0	0	0	0	0	0	0	0	0	0	0	0	0	0	100	0	0	0	0	0	0	0	1384	0	0	0	1294	0	5982	0	3172	0	0	0	0	0	0	0	0	0	0	0	0	0	0	0	0	0	0	0	0	0	0	0	0	0	0	
332224	Temporal_Mid_L	740	0	0	0	0	0	0	0	0	0	0	0	0	0	0	0	2026	0	0	0	0	0	0	0	0	0	0	0	3880	0	0	0	0	0	304	0	752	0	0	0	170	0	1490	0	574	0	222	0	438	0	15930	0	3876	0	5996	0	1980	80	412	0	20364	0	8870	0	23882	0	1826	0	284	82	0	0	100	0	0	0	0	0	590	0	26012	0	5298	0	0	0	5004	0	34930	0	0	0	0	0	0	0	0	0	0	0	0	0	0	0	0	0	0	0	0	0	0	0	0	0	0	0	
235780	Temporal_Mid_R	0	264	0	0	0	0	0	0	0	0	0	228	0	0	0	0	0	124	0	0	0	0	0	0	0	0	0	0	0	2196	0	0	0	0	0	76	0	1134	0	588	0	0	0	4312	0	8130	0	748	0	16510	0	14666	0	1370	0	3834	0	2168	0	1442	0	906	0	1116	0	4958	152	8268	0	336	0	0	0	292	0	0	0	0	0	2144	0	11756	0	1294	0	0	0	2390	0	26488	0	0	0	0	0	0	0	0	0	0	0	0	0	0	0	0	0	0	0	0	0	0	0	0	0	0	
32460	Temporal_Pole_Mid_L	0	0	0	0	0	0	0	0	0	0	0	0	0	0	0	0	0	0	0	0	0	0	0	0	0	0	0	0	0	0	0	0	0	0	0	0	134	0	128	0	278	0	0	0	0	0	0	0	0	0	0	0	0	0	2098	0	0	0	0	0	0	0	0	0	0	0	0	0	0	0	0	0	0	0	0	0	0	0	0	0	230	0	3688	0	5004	0	0	0	4670	0	0	0	0	0	0	0	0	0	0	0	0	0	0	0	0	0	0	0	0	0	0	0	0	0	0	0	
39220	Temporal_Pole_Mid_R	0	0	0	0	0	0	0	0	0	0	0	0	0	0	0	0	0	0	0	0	0	0	0	0	0	0	0	0	0	0	0	0	0	0	0	0	0	336	0	2936	0	1328	0	0	0	0	0	0	0	0	0	0	0	0	0	3374	0	0	0	0	0	0	0	0	0	0	0	0	0	0	0	0	0	0	0	0	0	0	0	0	0	604	0	5982	0	2390	0	0	0	2660	0	0	0	0	0	0	0	0	0	0	0	0	0	0	0	0	0	0	0	0	0	0	0	0	0	0	
252876	Temporal_Inf_L	534	148	406	0	0	0	94	0	0	0	114	0	0	0	0	0	1242	0	466	0	0	0	0	0	0	0	0	0	5580	0	0	0	0	0	184	84	6978	80	1056	0	1884	0	392	0	0	0	180	0	410	0	2450	0	3426	0	17214	0	376	0	400	0	6342	0	1198	0	6822	0	1022	0	420	0	0	0	1176	0	0	0	0	0	1704	0	15668	0	5964	0	34930	0	4670	0	0	0	2300	0	130	0	0	0	0	0	394	0	0	0	0	0	0	0	0	0	0	0	0	0	0	0	0	0	
239656	Temporal_Inf_R	0	1196	0	164	0	0	0	206	0	0	0	1060	0	166	0	0	0	214	0	98	0	0	0	0	0	0	0	0	0	4398	0	0	0	0	0	636	0	4718	0	2252	0	352	0	2274	0	5196	0	1820	0	7286	0	1962	0	5736	0	19728	0	3272	0	2412	0	1234	0	1562	0	818	0	7866	0	664	0	0	0	1048	0	0	0	0	0	2304	0	5874	0	3172	0	26488	0	2660	0	0	0	890	0	102	0	0	0	0	0	0	0	0	0	0	0	0	0	0	0	0	0	0	0	0	0	0	
450664	Cerebelum_Crus1_L	0	0	0	0	0	0	0	0	0	0	0	0	0	0	0	0	0	0	0	0	0	0	0	0	0	0	0	0	0	0	0	0	0	0	0	0	0	0	0	0	0	0	0	0	0	0	8092	3398	0	0	180	0	364	0	18274	1408	0	0	0	0	0	0	0	0	0	0	0	0	0	0	0	0	0	0	0	0	0	0	0	0	0	0	0	0	0	0	0	0	2300	0	0	7556	26448	2404	1906	438	20328	2130	55300	8382	12638	94	18716	500	2168	1572	158	0	452	760	5322	8810	11914	1586	1586	148	
405848	Cerebelum_Crus1_R	0	0	0	0	0	0	0	0	0	0	0	0	0	0	0	0	0	0	0	0	0	0	0	0	0	0	0	0	0	0	0	0	0	0	0	0	0	118	0	104	0	0	0	0	0	0	2376	4702	0	0	82	0	154	1212	426	10596	0	0	0	0	0	0	0	0	0	0	0	0	0	0	0	0	0	0	0	0	0	0	0	0	0	0	0	0	0	0	0	0	0	890	7556	0	3142	26584	0	2256	4246	20606	6058	49364	700	3358	978	13000	138	3564	0	188	626	1048	11532	7776	12602	3630	3312	0	
272524	Cerebelum_Crus2_L	0	0	0	0	0	0	0	0	0	0	0	0	0	0	0	0	0	0	0	0	0	0	0	0	0	0	0	0	0	0	0	0	0	0	0	0	0	0	0	0	0	0	0	0	0	0	756	610	0	0	0	0	0	0	806	206	0	0	0	0	0	0	0	0	0	0	0	0	0	0	0	0	0	0	0	0	0	0	0	0	0	0	0	0	0	0	0	0	130	0	26448	3142	0	8842	116	0	1718	270	6438	2300	31588	4162	26236	4584	1232	648	94	0	0	76	774	2014	11082	1496	494	0	
215476	Cerebelum_Crus2_R	0	0	0	0	0	0	0	0	0	0	0	0	0	0	0	0	0	0	0	0	0	0	0	0	0	0	0	0	0	0	0	0	0	0	0	0	0	0	0	0	0	0	0	0	0	0	576	114	0	0	0	0	110	0	104	120	0	0	0	0	0	0	0	0	0	0	0	0	0	0	0	0	0	0	0	0	0	0	0	0	0	0	0	0	0	0	0	0	0	102	2404	26584	8842	0	0	100	0	212	1316	5394	5048	14624	3014	22956	0	1400	0	476	0	0	140	856	10180	2036	1030	0	
37516	Cerebelum_3_L	0	0	0	0	0	0	0	0	0	0	0	0	0	0	0	0	0	0	0	0	0	0	0	0	0	0	0	0	0	0	0	0	0	0	0	0	0	0	132	0	0	0	0	0	0	0	278	92	0	0	0	0	0	0	222	0	0	0	0	0	0	0	0	0	0	0	0	0	0	0	0	0	0	0	0	0	0	0	0	0	0	0	0	0	0	0	0	0	0	0	1906	0	116	0	0	108	6004	246	2628	112	262	0	398	0	1328	76	106	0	656	1856	1934	214	0	0	0	84	
54568	Cerebelum_3_R	0	0	0	0	0	0	0	0	0	0	0	0	0	0	0	0	0	0	0	0	0	0	0	0	0	0	0	0	0	0	0	0	0	0	0	0	0	0	0	0	0	0	0	0	0	0	208	332	0	0	0	0	0	0	78	0	0	0	0	0	0	0	0	0	0	0	0	0	0	0	0	0	0	0	0	0	0	0	0	0	0	0	0	0	0	0	0	0	0	0	438	2256	0	100	108	0	862	4688	482	3822	118	0	300	266	94	2084	0	122	1608	4170	2494	362	716	794	782	0	
292312	Cerebelum_4_5_L	0	0	0	0	0	0	0	0	0	0	0	0	0	0	0	0	0	0	0	0	0	0	0	0	0	0	0	0	0	0	0	0	0	0	0	0	0	0	130	0	0	0	0	0	0	0	11624	2718	0	0	118	0	446	0	9996	1660	0	0	0	0	0	0	0	0	0	0	0	0	0	0	0	0	0	0	0	0	0	0	0	0	0	0	0	0	0	0	0	0	0	0	20328	4246	1718	0	6004	862	0	9424	30238	7230	2780	0	5072	88	2256	1590	176	0	1100	2410	17132	4448	570	438	596	758	
226856	Cerebelum_4_5_R	0	0	0	0	0	0	0	0	0	0	0	0	0	0	0	0	0	0	0	0	0	0	0	0	0	0	0	0	0	0	0	0	0	0	0	0	0	254	0	578	0	0	0	0	0	0	2248	4446	0	0	0	0	92	0	712	4980	0	0	0	0	0	0	0	0	0	0	0	172	0	0	0	0	0	0	0	0	0	0	0	0	0	0	0	0	0	0	0	0	0	0	2130	20606	270	212	246	4688	9424	0	3942	28334	336	132	538	502	348	2168	0	104	374	2120	20122	2170	462	276	302	140	
438412	Cerebelum_6_L	0	0	0	0	0	0	0	0	0	0	0	0	0	0	0	0	0	0	0	0	0	0	0	0	0	0	0	0	0	0	0	0	0	0	0	0	0	0	0	0	0	0	410	0	0	0	15148	5072	0	0	1084	0	2582	78	24458	2400	0	0	0	0	0	0	0	0	0	0	0	0	0	0	0	0	0	0	0	0	0	0	0	0	0	0	0	0	0	0	0	0	394	0	55300	6058	6438	1316	2628	482	30238	3942	0	8474	5232	0	8054	168	1970	1210	0	0	514	942	9334	14256	8478	1002	1138	406	
403360	Cerebelum_6_R	0	0	0	0	0	0	0	0	0	0	0	0	0	0	0	0	0	0	0	0	0	0	0	0	0	0	0	0	0	0	0	0	0	0	0	0	0	0	0	0	0	0	0	0	0	0	2878	7884	0	0	0	0	140	206	962	11690	0	0	0	0	0	0	0	0	0	0	0	0	0	0	0	0	0	0	0	0	0	0	0	0	0	0	0	0	0	0	0	0	0	0	8382	49364	2300	5394	112	3822	7230	28334	8474	0	660	760	934	3786	150	4608	0	302	1000	2130	17492	12200	12240	4232	4014	0	
239252	Cerebelum_7b_L	0	0	0	0	0	0	0	0	0	0	0	0	0	0	0	0	0	0	0	0	0	0	0	0	0	0	0	0	0	0	0	0	0	0	0	0	0	0	0	0	0	0	0	0	0	0	280	308	0	0	0	0	0	0	338	82	0	0	0	0	0	0	0	0	0	0	0	0	0	0	0	0	0	0	0	0	0	0	0	0	0	0	0	0	0	0	0	0	0	0	12638	700	31588	5048	262	118	2780	336	5232	660	0	2800	35214	5070	3450	826	144	0	76	140	1014	206	5746	3802	768	0	
101836	Cerebelum_7b_R	0	0	0	0	0	0	0	0	0	0	0	0	0	0	0	0	0	0	0	0	0	0	0	0	0	0	0	0	0	0	0	0	0	0	0	0	0	0	0	0	0	0	0	0	0	0	0	0	0	0	0	0	0	0	0	0	0	0	0	0	0	0	0	0	0	0	0	0	0	0	0	0	0	0	0	0	0	0	0	0	0	0	0	0	0	0	0	0	0	0	94	3358	4162	14624	0	0	0	132	0	760	2800	0	1148	17728	0	2438	0	0	0	0	0	0	2604	1070	0	0	
298320	Cerebelum_8_L	0	0	0	0	0	0	0	0	0	0	0	0	0	0	0	0	0	0	0	0	0	0	0	0	0	0	0	0	0	0	0	0	0	0	0	0	0	0	0	0	0	0	0	0	0	0	588	412	0	0	0	0	0	0	682	110	0	0	0	0	0	0	0	0	0	0	0	0	0	0	0	0	0	0	0	0	0	0	0	0	0	0	0	0	0	0	0	0	0	0	18716	978	26236	3014	398	300	5072	538	8054	934	35214	1148	0	5262	16398	2680	1850	0	198	372	1616	372	6522	7804	3434	258	
211616	Cerebelum_8_R	0	0	0	0	0	0	0	0	0	0	0	0	0	0	0	0	0	0	0	0	0	0	0	0	0	0	0	0	0	0	0	0	0	0	0	0	0	0	0	0	0	0	0	0	0	0	0	82	0	0	0	0	0	0	0	0	0	0	0	0	0	0	0	0	0	0	0	0	0	0	0	0	0	0	0	0	0	0	0	0	0	0	0	0	0	0	0	0	0	0	500	13000	4584	22956	0	266	88	502	168	3786	5070	17728	5262	0	604	15484	0	634	216	216	328	144	5976	5924	2290	0	
87024	Cerebelum_9_L	0	0	0	0	0	0	0	0	0	0	0	0	0	0	0	0	0	0	0	0	0	0	0	0	0	0	0	0	0	0	0	0	0	0	0	0	0	0	0	0	0	0	0	0	0	0	0	0	0	0	0	0	0	0	0	0	0	0	0	0	0	0	0	0	0	0	0	0	0	0	0	0	0	0	0	0	0	0	0	0	0	0	0	0	0	0	0	0	0	0	2168	138	1232	0	1328	94	2256	348	1970	150	3450	0	16398	604	0	1546	2804	0	96	232	866	1008	1604	2402	2388	430	
154604	Cerebelum_9_R	0	0	0	0	0	0	0	0	0	0	0	0	0	0	0	0	0	0	0	0	0	0	0	0	0	0	0	0	0	0	0	0	0	0	0	0	0	0	0	0	0	0	0	0	0	0	112	456	0	0	0	0	0	0	0	212	0	0	0	0	0	0	0	0	0	0	0	0	0	0	0	0	0	0	0	0	0	0	0	0	0	0	0	0	0	0	0	0	0	0	1572	3564	648	1400	76	2084	1590	2168	1210	4608	826	2438	2680	15484	1546	0	0	986	1670	2384	3680	2936	6642	6954	8366	1010	
10664	Cerebelum_10_L	0	0	0	0	0	0	0	0	0	0	0	0	0	0	0	0	0	0	0	0	0	0	0	0	0	0	0	0	0	0	0	0	0	0	0	0	0	0	0	0	0	0	0	0	0	0	0	0	0	0	0	0	0	0	0	0	0	0	0	0	0	0	0	0	0	0	0	0	0	0	0	0	0	0	0	0	0	0	0	0	0	0	0	0	0	0	0	0	0	0	158	0	94	0	106	0	176	0	0	0	144	0	1850	0	2804	0	0	0	0	0	0	0	0	0	0	0	
7616	Cerebelum_10_R	0	0	0	0	0	0	0	0	0	0	0	0	0	0	0	0	0	0	0	0	0	0	0	0	0	0	0	0	0	0	0	0	0	0	0	0	0	0	0	0	0	0	0	0	0	0	0	0	0	0	0	0	0	0	0	0	0	0	0	0	0	0	0	0	0	0	0	0	0	0	0	0	0	0	0	0	0	0	0	0	0	0	0	0	0	0	0	0	0	0	0	188	0	476	0	122	0	104	0	302	0	0	0	634	0	986	0	0	0	84	104	0	268	282	258	0	
39320	Vermis_1_2	0	0	0	0	0	0	0	0	0	0	0	0	0	0	0	0	0	0	0	0	0	0	0	0	0	0	0	0	0	0	0	0	0	0	0	0	0	0	0	0	0	0	0	0	0	0	0	164	0	0	0	0	0	0	0	76	0	0	0	0	0	0	0	0	0	0	0	0	0	0	0	0	0	0	0	0	0	0	0	0	0	0	0	0	0	0	0	0	0	0	452	626	0	0	656	1608	1100	374	514	1000	76	0	198	216	96	1670	0	0	0	5282	2346	478	830	924	974	0	
64404	Vermis_3	0	0	0	0	0	0	0	0	0	0	0	0	0	0	0	0	0	0	0	0	0	0	0	0	0	0	0	0	0	0	0	0	0	0	0	0	0	0	0	0	0	0	0	0	0	0	0	210	0	0	0	0	0	0	0	90	0	0	0	0	0	0	0	0	0	0	0	0	0	0	0	0	0	0	0	0	0	0	0	0	0	0	0	0	0	0	0	0	0	0	760	1048	76	0	1856	4170	2410	2120	942	2130	140	0	372	216	232	2384	0	84	5282	0	4022	506	968	1036	1046	102	
258396	Vermis_4_5	0	0	0	0	0	0	0	0	0	0	0	0	0	0	0	0	0	0	0	0	0	0	0	0	0	0	0	0	0	0	0	0	0	0	102	924	0	710	0	546	0	0	0	192	0	0	3606	5208	0	0	0	0	226	0	1642	2568	0	0	0	0	0	0	0	0	0	0	0	1208	0	0	0	0	0	0	0	0	0	0	0	0	0	0	0	0	0	0	0	0	0	0	5322	11532	774	140	1934	2494	17132	20122	9334	17492	1014	0	1616	328	866	3680	0	104	2346	4022	0	6328	1592	1354	1492	1248	
201872	Vermis_6	0	0	0	0	0	0	0	0	0	0	0	0	0	0	0	0	0	0	0	0	0	0	0	0	0	0	0	0	0	0	0	0	0	0	0	0	0	0	0	0	0	0	120	0	0	0	4526	6250	0	0	428	0	1036	198	2920	3994	0	0	0	0	0	0	0	0	0	0	0	0	0	0	0	0	0	0	0	0	0	0	0	0	0	0	0	0	0	0	0	0	0	0	8810	7776	2014	856	214	362	4448	2170	14256	12200	206	0	372	144	1008	2936	0	0	478	506	6328	0	9084	2098	3066	2132	
266592	Vermis_7	0	0	0	0	0	0	0	0	0	0	0	0	0	0	0	0	0	0	0	0	0	0	0	0	0	0	0	0	0	0	0	0	0	0	0	0	0	0	0	0	0	0	0	0	0	0	2030	2214	0	0	144	0	260	104	458	1514	0	0	0	0	0	0	0	0	0	0	0	0	0	0	0	0	0	0	0	0	0	0	0	0	0	0	0	0	0	0	0	0	0	0	11914	12602	11082	10180	0	716	570	462	8478	12240	5746	2604	6522	5976	1604	6642	0	268	830	968	1592	9084	0	8748	7108	636	
