data	data	394724	244860	957672	717832	154404	76148	521280	158552	123332	31732	309800	238356	290828	203224	166236	81956	269152	150976	751540	828584	62796	54680	331492	347620	24232	88264	73312	48956	619532	469096	229000	484052	131780	451664	165624	202176	156012	179600	44632	71440	32724	47304	144504	245652	129372	237732	183264	123940	178556	239176	441456	242612	129800	67900	304600	284872	248508	213500	139608	49368	209996	74776	126448	135540	196252	92872	319332	342292	279064	245888	313184	415012	259080	245896	36476	44284	94828	104048	73980	38208	179956	112424	67700	43712	306576	223444	11328	14452	299512	208940	358540	220444	219064	217292	15124	22512	177800	126168	340428	244140	175008	78948	206608	176732	66632	48088	14920	5112	11136	18648	151404	167432	143328	71544	36980	14080	
data	data	Precentral_L	Precentral_R	Frontal_Sup_L	Frontal_Sup_R	Frontal_Sup_Orb_L	Frontal_Sup_Orb_R	Frontal_Mid_L	Frontal_Mid_R	Frontal_Mid_Orb_L	Frontal_Mid_Orb_R	Frontal_Inf_Oper_L	Frontal_Inf_Oper_R	Frontal_Inf_Tri_L	Frontal_Inf_Tri_R	Frontal_Inf_Orb_L	Frontal_Inf_Orb_R	Rolandic_Oper_L	Rolandic_Oper_R	Supp_Motor_Area_L	Supp_Motor_Area_R	Olfactory_L	Olfactory_R	Frontal_Sup_Medial_L	Frontal_Sup_Medial_R	Frontal_Med_Orb_L	Frontal_Med_Orb_R	Rectus_L	Rectus_R	Insula_L	Insula_R	Cingulum_Ant_L	Cingulum_Ant_R	Cingulum_Mid_L	Cingulum_Mid_R	Cingulum_Post_L	Cingulum_Post_R	Hippocampus_L	Hippocampus_R	ParaHippocampal_L	ParaHippocampal_R	Amygdala_L	Amygdala_R	Calcarine_L	Calcarine_R	Cuneus_L	Cuneus_R	Lingual_L	Lingual_R	Occipital_Sup_L	Occipital_Sup_R	Occipital_Mid_L	Occipital_Mid_R	Occipital_Inf_L	Occipital_Inf_R	Fusiform_L	Fusiform_R	Postcentral_L	Postcentral_R	Parietal_Sup_L	Parietal_Sup_R	Parietal_Inf_L	Parietal_Inf_R	SupraMarginal_L	SupraMarginal_R	Angular_L	Angular_R	Precuneus_L	Precuneus_R	Paracentral_Lobule_L	Paracentral_Lobule_R	Caudate_L	Caudate_R	Putamen_L	Putamen_R	Pallidum_L	Pallidum_R	Thalamus_L	Thalamus_R	Heschl_L	Heschl_R	Temporal_Sup_L	Temporal_Sup_R	Temporal_Pole_Sup_L	Temporal_Pole_Sup_R	Temporal_Mid_L	Temporal_Mid_R	Temporal_Pole_Mid_L	Temporal_Pole_Mid_R	Temporal_Inf_L	Temporal_Inf_R	Cerebelum_Crus1_L	Cerebelum_Crus1_R	Cerebelum_Crus2_L	Cerebelum_Crus2_R	Cerebelum_3_L	Cerebelum_3_R	Cerebelum_4_5_L	Cerebelum_4_5_R	Cerebelum_6_L	Cerebelum_6_R	Cerebelum_7b_L	Cerebelum_7b_R	Cerebelum_8_L	Cerebelum_8_R	Cerebelum_9_L	Cerebelum_9_R	Cerebelum_10_L	Cerebelum_10_R	Vermis_1_2	Vermis_3	Vermis_4_5	Vermis_6	Vermis_7	Vermis_8	Vermis_9	Vermis_10	
394724	Precentral_L	0	2906	15186	744	0	0	28522	152	0	0	15900	442	3904	366	0	286	13958	0	5254	8644	0	0	0	0	0	0	0	0	11756	562	156	0	136	3536	1112	1098	4728	128	480	0	128	0	0	0	0	0	0	0	176	0	420	0	150	0	664	0	19520	128	184	0	3202	0	2348	0	596	100	452	0	17406	1864	2640	626	4116	118	1128	184	14444	388	2920	0	2142	0	0	0	274	0	0	0	1088	0	0	0	0	0	0	0	0	0	0	0	0	0	0	0	0	0	0	0	0	0	0	0	0	0	0	0	
244860	Precentral_R	2906	0	2474	2678	0	0	220	9530	0	0	176	3102	0	240	0	0	0	1830	3172	15334	0	0	0	0	0	0	0	0	250	2216	194	766	142	0	568	1110	324	2286	0	434	0	0	0	318	0	0	0	0	0	0	0	1026	0	458	0	1304	268	13852	0	256	0	1300	0	3428	0	1526	0	776	3022	10542	2288	7820	92	1378	436	154	3962	9656	0	448	0	1104	0	0	0	4570	0	0	0	2494	0	0	0	0	0	0	0	0	0	0	0	0	0	0	0	0	0	0	0	0	0	0	0	0	0	0	
957672	Frontal_Sup_L	15186	2474	0	15660	9890	0	78278	2518	3552	134	17432	1458	18530	1322	6056	550	18200	610	90326	19890	0	0	44588	6262	628	0	302	0	39282	2644	16924	6190	1998	3250	0	0	2614	0	100	0	0	0	0	0	0	0	0	0	0	0	0	0	0	0	138	0	4290	188	0	0	158	0	222	168	140	0	0	0	822	0	13088	2508	17824	498	2782	272	1128	0	998	0	3636	0	2076	0	0	0	0	0	1052	0	0	0	0	0	0	0	0	0	0	0	0	0	0	0	0	0	0	0	0	0	0	0	0	0	0	0	
717832	Frontal_Sup_R	744	2678	15660	0	0	2472	816	18360	0	412	430	10396	282	8810	0	2314	322	10506	33012	67530	0	0	9406	41340	0	1956	0	0	1368	20914	2674	30852	2672	17306	0	0	0	1040	0	126	0	0	0	0	0	0	0	0	0	0	0	0	0	0	0	112	0	1212	0	0	0	176	0	526	0	128	0	0	368	0	2276	24974	466	15620	176	3884	118	414	0	1718	0	1680	122	548	0	0	0	0	0	0	0	0	0	0	0	0	0	0	0	0	0	0	0	0	0	0	0	0	0	0	0	0	0	0	0	0	
154404	Frontal_Sup_Orb_L	0	0	9890	0	0	0	854	0	11512	0	1210	0	4854	0	10896	0	218	0	566	0	1426	582	2016	124	1552	0	8776	0	8636	0	1224	96	0	0	0	0	0	0	0	0	108	0	0	0	0	0	0	0	0	0	0	0	0	0	0	0	0	0	0	0	0	0	0	0	0	0	0	0	0	0	3442	0	8778	0	0	0	0	0	0	0	100	0	342	0	0	0	0	0	0	0	0	0	0	0	0	0	0	0	0	0	0	0	0	0	0	0	0	0	0	0	0	0	0	0	0	0	
76148	Frontal_Sup_Orb_R	0	0	0	2472	0	0	0	240	0	4298	0	446	0	0	0	2614	0	96	0	112	0	600	98	2620	0	8058	0	6748	0	1382	0	1784	0	0	0	0	0	0	0	0	0	0	0	0	0	0	0	0	0	0	0	0	0	0	0	0	0	0	0	0	0	0	0	0	0	0	0	0	0	0	0	2392	0	4114	0	0	0	0	0	0	0	0	0	0	0	0	0	0	0	0	0	0	0	0	0	0	0	0	0	0	0	0	0	0	0	0	0	0	0	0	0	0	0	0	0	0	
521280	Frontal_Mid_L	28522	220	78278	816	854	0	0	252	2924	0	13606	982	28584	958	3208	494	9210	0	13086	962	0	0	17454	784	0	0	0	0	23596	1320	6810	676	1090	398	0	0	2106	0	128	0	0	0	0	0	0	0	0	0	0	0	0	0	0	0	144	0	5720	0	92	0	372	0	370	0	392	0	206	0	220	0	1242	560	6724	0	990	0	1158	0	1856	0	1664	0	158	0	0	0	0	0	1454	0	0	0	0	0	0	0	0	0	0	0	0	0	0	0	0	0	0	0	0	0	0	0	0	0	0	0	
158552	Frontal_Mid_R	152	9530	2518	18360	0	240	252	0	0	1034	236	5494	0	6744	0	2722	0	1334	3592	3048	0	0	318	5062	0	0	0	0	344	4736	270	5466	0	488	0	0	0	832	0	136	0	0	0	0	0	0	0	0	0	0	0	0	0	0	0	158	0	168	0	0	0	0	0	0	0	0	0	0	0	0	1232	1678	0	1866	0	186	0	666	0	174	0	240	0	0	0	0	0	0	0	0	0	0	0	0	0	0	0	0	0	0	0	0	0	0	0	0	0	0	0	0	0	0	0	0	0	0	
123332	Frontal_Mid_Orb_L	0	0	3552	0	11512	0	2924	0	0	0	856	0	5182	0	20274	0	426	0	656	0	0	0	0	0	176	0	3340	0	8094	0	0	0	0	0	0	0	0	0	0	0	0	0	0	0	0	0	0	0	0	0	0	0	0	0	0	0	0	0	0	0	0	0	0	0	0	0	0	0	0	0	534	0	3786	0	0	0	0	0	0	0	176	0	178	0	0	0	0	0	0	0	0	0	0	0	0	0	0	0	0	0	0	0	0	0	0	0	0	0	0	0	0	0	0	0	0	0	
31732	Frontal_Mid_Orb_R	0	0	134	412	0	4298	0	1034	0	0	0	0	0	362	0	5994	0	0	122	116	0	0	172	348	0	0	0	0	0	1578	0	458	0	0	0	0	0	0	0	0	0	0	0	0	0	0	0	0	0	0	0	0	0	0	0	0	0	0	0	0	0	0	0	0	0	0	0	0	0	0	0	278	0	560	0	0	0	0	0	0	0	0	0	0	0	0	0	0	0	0	0	0	0	0	0	0	0	0	0	0	0	0	0	0	0	0	0	0	0	0	0	0	0	0	0	0	
309800	Frontal_Inf_Oper_L	15900	176	17432	430	1210	0	13606	236	856	0	0	3522	16502	2426	1000	222	15072	0	13110	290	0	0	500	154	0	0	0	0	28534	3562	622	418	0	0	0	0	0	0	0	0	0	0	0	0	0	0	0	0	0	0	0	0	0	0	0	0	1444	0	0	0	292	0	100	0	140	0	0	0	0	0	6866	2276	1024	0	0	0	0	0	176	0	2760	0	4042	0	0	0	0	0	0	0	0	0	0	0	0	0	0	0	0	0	0	0	0	0	0	0	0	0	0	0	0	0	0	0	0	0	
238356	Frontal_Inf_Oper_R	442	3102	1458	10396	0	446	982	5494	0	0	3522	0	1236	14662	0	232	364	5892	3096	7078	0	0	188	2684	0	0	0	0	3726	21808	370	6400	0	118	0	0	0	120	0	0	0	0	0	0	0	0	0	0	0	0	0	0	0	0	0	0	0	1294	0	0	0	186	0	390	0	0	0	0	0	0	5920	10272	200	4664	0	0	0	218	0	162	0	164	726	1166	0	0	0	0	0	0	0	0	0	0	0	0	0	0	0	0	0	0	0	0	0	0	0	0	0	0	0	0	0	0	0	0	
290828	Frontal_Inf_Tri_L	3904	0	18530	282	4854	0	28584	0	5182	0	16502	1236	0	1266	12608	0	344	0	5014	164	0	0	2612	302	0	0	0	0	34564	1574	2240	334	136	162	0	0	0	0	0	0	0	0	0	0	0	0	0	0	0	0	0	0	0	0	0	0	0	0	0	0	0	0	0	0	0	0	0	0	0	0	2820	990	594	0	0	0	0	0	0	0	132	0	484	0	0	0	0	0	0	0	0	0	0	0	0	0	0	0	0	0	0	0	0	0	0	0	0	0	0	0	0	0	0	0	0	0	
203224	Frontal_Inf_Tri_R	366	240	1322	8810	0	0	958	6744	0	362	2426	14662	1266	0	0	5828	0	484	3500	4166	0	0	1114	3162	0	108	0	0	2654	23614	1342	6932	0	1720	0	0	0	0	0	0	0	0	0	0	0	0	0	0	0	0	0	0	0	0	0	0	0	0	0	0	0	0	0	0	0	0	0	0	0	0	3300	5092	166	1274	0	0	0	0	0	0	0	0	0	0	0	0	0	0	0	0	0	0	0	0	0	0	0	0	0	0	0	0	0	0	0	0	0	0	0	0	0	0	0	0	0	0	
166236	Frontal_Inf_Orb_L	0	0	6056	0	10896	0	3208	0	20274	0	1000	0	12608	0	0	0	464	0	1354	0	858	148	0	0	0	0	1714	0	16618	0	224	0	0	0	0	0	0	0	0	0	162	0	0	0	0	0	0	0	0	0	0	0	0	0	0	0	0	0	0	0	0	0	0	0	0	0	0	0	0	0	1280	0	5434	0	0	0	0	0	0	0	204	0	616	0	0	0	0	0	0	0	0	0	0	0	0	0	0	0	0	0	0	0	0	0	0	0	0	0	0	0	0	0	0	0	0	0	
81956	Frontal_Inf_Orb_R	286	0	550	2314	0	2614	494	2722	0	5994	222	232	0	5828	0	0	0	0	904	1408	0	0	466	1006	0	118	0	272	320	8964	242	1362	0	404	0	0	0	0	0	0	0	0	0	0	0	0	0	0	0	0	0	0	0	0	0	0	0	0	0	0	0	0	0	0	0	0	0	0	0	0	178	2700	0	1378	0	0	0	0	0	0	0	0	0	0	0	0	0	0	0	0	0	0	0	0	0	0	0	0	0	0	0	0	0	0	0	0	0	0	0	0	0	0	0	0	0	0	
269152	Rolandic_Oper_L	13958	0	18200	322	218	0	9210	0	426	0	15072	364	344	0	464	0	0	0	9832	258	0	0	0	0	0	0	0	0	24516	140	116	96	0	0	0	0	0	0	0	0	0	0	0	0	0	0	0	0	0	0	1048	0	344	0	994	0	6716	0	466	0	1206	0	2314	0	1672	0	1158	0	1022	0	1296	178	908	0	0	0	0	0	3950	0	8688	0	2792	0	3744	0	0	0	2544	0	0	0	0	0	0	0	0	0	0	0	0	0	0	0	0	0	0	0	0	0	0	0	0	0	0	0	
150976	Rolandic_Oper_R	0	1830	610	10506	0	96	0	1334	0	0	0	5892	0	484	0	0	0	0	1444	7456	0	0	0	416	0	0	0	0	0	16352	94	1852	0	0	0	0	0	332	0	0	0	0	0	0	0	0	0	0	0	0	0	0	0	0	0	134	0	3500	0	0	0	398	0	2480	0	0	0	0	0	0	602	2378	0	3188	0	0	0	118	0	5438	0	6520	0	1866	0	0	0	0	0	168	0	0	0	0	0	0	0	0	0	0	0	0	0	0	0	0	0	0	0	0	0	0	0	0	0	0	
751540	Supp_Motor_Area_L	5254	3172	90326	33012	566	0	13086	3592	656	122	13110	3096	5014	3500	1354	904	9832	1444	0	62764	0	0	12524	5918	0	0	0	0	16128	5710	5506	8744	7474	23170	312	0	0	0	0	0	0	0	0	0	0	194	0	0	0	170	0	144	0	0	0	0	260	184	0	0	0	0	0	158	106	0	132	484	5794	250	10002	3946	8780	1358	1586	818	100	168	282	212	1944	280	1930	0	0	0	0	0	198	0	0	0	0	0	0	0	0	0	0	0	0	0	0	0	0	0	0	0	0	0	0	0	0	0	0	0	
828584	Supp_Motor_Area_R	8644	15334	19890	67530	0	112	962	3048	0	116	290	7078	164	4166	0	1408	258	7456	62764	0	0	0	2294	9022	0	218	0	0	816	12758	1666	13824	8542	48634	3046	5956	0	648	0	138	0	0	0	1426	0	1290	0	0	0	712	0	3756	0	664	0	1616	2496	4454	0	0	0	124	0	1240	0	532	254	5192	18586	26264	2504	16468	296	4820	0	1062	160	144	0	750	0	1454	0	1050	0	6590	0	0	0	3606	0	0	0	0	0	0	0	0	0	0	0	0	0	0	0	0	0	0	0	0	0	0	0	0	0	0	
62796	Olfactory_L	0	0	0	0	1426	0	0	0	0	0	0	0	0	0	858	0	0	0	0	0	0	4544	0	0	384	1006	3250	896	1548	0	3302	3492	0	0	0	0	630	0	120	0	446	0	0	0	0	0	0	0	0	0	0	0	0	0	0	0	0	0	0	0	0	0	0	0	0	0	0	0	0	0	6274	1604	1386	0	0	0	0	0	0	0	0	0	232	0	0	0	0	0	0	0	0	0	0	0	0	0	0	0	0	0	0	0	0	0	0	0	0	0	0	0	0	0	0	0	0	0	
54680	Olfactory_R	0	0	0	0	582	600	0	0	0	0	0	0	0	0	148	0	0	0	0	0	4544	0	0	0	146	1682	2400	1772	0	746	2004	2682	0	0	0	0	0	198	0	0	0	0	0	0	0	0	0	0	0	0	0	0	0	0	0	0	0	0	0	0	0	0	0	0	0	0	0	0	0	0	5840	2604	1184	208	0	0	0	0	0	0	0	0	0	0	0	0	0	0	0	0	0	0	0	0	0	0	0	0	0	0	0	0	0	0	0	0	0	0	0	0	0	0	0	0	0	0	
331492	Frontal_Sup_Medial_L	0	0	44588	9406	2016	98	17454	318	0	172	500	188	2612	1114	0	466	0	0	12524	2294	0	0	0	18708	2062	1328	294	0	4546	1338	16666	13778	2828	6744	0	0	0	0	0	0	0	0	0	0	0	0	0	0	0	0	0	0	0	0	0	0	0	0	0	0	0	0	0	0	0	0	0	0	0	0	1554	358	1792	0	0	0	0	0	0	0	0	0	0	0	0	0	0	0	0	0	0	0	0	0	0	0	0	0	0	0	0	0	0	0	0	0	0	0	0	0	0	0	0	0	0	0	
347620	Frontal_Sup_Medial_R	0	0	6262	41340	124	2620	784	5062	0	348	154	2684	302	3162	0	1006	0	416	5918	9022	0	0	18708	0	0	5188	98	194	1100	8484	3498	30198	534	13562	0	0	0	0	0	0	0	0	0	0	0	0	0	0	0	0	0	0	0	0	0	0	0	0	0	0	0	0	0	0	0	0	0	0	0	0	474	7516	120	4932	0	0	0	0	0	0	0	0	0	0	0	0	0	0	0	0	0	0	0	0	0	0	0	0	0	0	0	0	0	0	0	0	0	0	0	0	0	0	0	0	0	0	
24232	Frontal_Med_Orb_L	0	0	628	0	1552	0	0	0	176	0	0	0	0	0	0	0	0	0	0	0	384	146	2062	0	0	712	2120	128	0	0	3042	134	0	0	0	0	0	0	0	0	0	0	0	0	0	0	0	0	0	0	0	0	0	0	0	0	0	0	0	0	0	0	0	0	0	0	0	0	0	0	690	0	342	0	0	0	0	0	0	0	0	0	0	0	0	0	0	0	0	0	0	0	0	0	0	0	0	0	0	0	0	0	0	0	0	0	0	0	0	0	0	0	0	0	0	0	
88264	Frontal_Med_Orb_R	0	0	0	1956	0	8058	0	0	0	0	0	0	0	108	0	118	0	0	0	218	1006	1682	1328	5188	712	0	734	7558	0	330	2040	5412	0	0	0	0	0	0	0	0	0	0	0	0	0	0	0	0	0	0	0	0	0	0	0	0	0	0	0	0	0	0	0	0	0	0	0	0	0	0	900	3998	0	2786	0	0	0	0	0	0	0	0	0	0	0	0	0	0	0	0	0	0	0	0	0	0	0	0	0	0	0	0	0	0	0	0	0	0	0	0	0	0	0	0	0	0	
73312	Rectus_L	0	0	302	0	8776	0	0	0	3340	0	0	0	0	0	1714	0	0	0	0	0	3250	2400	294	98	2120	734	0	518	150	0	3994	1704	0	0	0	0	0	0	0	0	0	0	0	0	0	0	0	0	0	0	0	0	0	0	0	0	0	0	0	0	0	0	0	0	0	0	0	0	0	0	5278	148	1836	0	0	0	0	0	0	0	0	0	0	0	0	0	0	0	0	0	0	0	0	0	0	0	0	0	0	0	0	0	0	0	0	0	0	0	0	0	0	0	0	0	0	0	
48956	Rectus_R	0	0	0	0	0	6748	0	0	0	0	0	0	0	0	0	272	0	0	0	0	896	1772	0	194	128	7558	518	0	0	552	876	2212	0	0	0	0	0	0	0	0	0	0	0	0	0	0	0	0	0	0	0	0	0	0	0	0	0	0	0	0	0	0	0	0	0	0	0	0	0	0	788	1744	0	220	0	0	0	0	0	0	0	0	0	0	0	0	0	0	0	0	0	0	0	0	0	0	0	0	0	0	0	0	0	0	0	0	0	0	0	0	0	0	0	0	0	0	
619532	Insula_L	11756	250	39282	1368	8636	0	23596	344	8094	0	28534	3726	34564	2654	16618	320	24516	0	16128	816	1548	0	4546	1100	0	0	150	0	0	3880	2504	1170	166	728	250	0	3278	0	880	0	1258	0	0	0	0	0	0	0	0	0	626	0	380	0	1438	0	2084	0	220	0	812	0	1278	0	670	0	414	0	260	0	8316	2508	17564	0	0	0	344	0	9684	0	9336	0	5396	0	2132	0	252	0	3392	0	0	0	0	0	0	0	0	0	0	0	0	0	0	0	0	0	0	0	0	0	0	0	0	0	0	0	
469096	Insula_R	562	2216	2644	20914	0	1382	1320	4736	0	1578	3562	21808	1574	23614	0	8964	140	16352	5710	12758	0	746	1338	8484	0	330	0	552	3880	0	1346	14790	0	2610	0	0	0	4076	0	392	0	0	0	0	0	0	0	0	0	0	0	0	0	252	0	2728	0	948	0	0	0	118	0	266	0	0	0	110	0	0	5278	16730	238	21048	0	108	0	818	0	2578	0	5130	180	1362	0	3766	0	0	0	4512	0	0	0	0	0	0	0	0	0	0	0	0	0	0	0	0	0	0	0	0	0	0	0	0	0	0	
229000	Cingulum_Ant_L	156	194	16924	2674	1224	0	6810	270	0	0	622	370	2240	1342	224	242	116	94	5506	1666	3302	2004	16666	3498	3042	2040	3994	876	2504	1346	0	14450	3732	3024	0	0	0	0	0	0	0	0	0	0	0	0	0	0	0	0	0	0	0	0	0	0	0	0	0	0	0	0	0	0	0	0	0	0	0	0	7740	1514	4094	0	0	0	0	0	0	0	0	0	0	0	0	0	0	0	0	0	0	0	0	0	0	0	0	0	0	0	0	0	0	0	0	0	0	0	0	0	0	0	0	0	0	0	
484052	Cingulum_Ant_R	0	766	6190	30852	96	1784	676	5466	0	458	418	6400	334	6932	0	1362	96	1852	8744	13824	3492	2682	13778	30198	134	5412	1704	2212	1170	14790	14450	0	1976	22462	0	0	0	310	0	0	0	0	0	0	0	0	0	0	0	0	0	0	0	0	0	0	0	272	0	0	0	144	0	298	0	0	0	0	0	0	5786	23310	662	9840	0	0	0	0	0	92	0	224	240	138	0	0	0	0	0	0	0	0	0	0	0	0	0	0	0	0	0	0	0	0	0	0	0	0	0	0	0	0	0	0	0	0	
131780	Cingulum_Mid_L	136	142	1998	2672	0	0	1090	0	0	0	0	0	136	0	0	0	0	0	7474	8542	0	0	2828	534	0	0	0	0	166	0	3732	1976	0	11176	3244	148	0	0	0	0	0	0	1460	0	898	1158	0	0	536	1006	2216	692	210	0	0	0	186	0	880	0	0	0	350	0	128	0	4836	1336	3714	290	0	0	0	0	0	0	0	0	0	0	0	0	0	0	0	0	0	0	0	0	0	0	0	0	0	0	0	0	0	0	0	0	0	0	0	0	0	0	0	0	0	0	0	0	0	0	
451664	Cingulum_Mid_R	3536	0	3250	17306	0	0	398	488	0	0	0	118	162	1720	0	404	0	0	23170	48634	0	0	6744	13562	0	0	0	0	728	2610	3024	22462	11176	0	2288	6156	0	0	0	0	0	0	0	900	0	4858	0	0	0	3222	0	3522	0	108	0	296	2028	3062	0	148	0	0	0	134	0	0	624	10128	12858	13876	124	494	0	0	0	0	0	0	0	0	0	0	0	0	0	878	0	0	0	636	0	0	0	0	0	0	0	0	0	0	0	0	0	0	0	0	0	0	0	0	0	0	0	0	0	0	
165624	Cingulum_Post_L	1112	568	0	0	0	0	0	0	0	0	0	0	0	0	0	0	0	0	312	3046	0	0	0	0	0	0	0	0	250	0	0	0	3244	2288	0	18066	7760	5746	1200	938	0	0	1350	0	1040	188	790	0	104	0	484	0	0	0	846	1452	4342	872	0	0	374	0	0	0	0	0	5234	4954	5986	4310	0	0	0	0	0	0	880	320	168	0	0	0	0	0	1320	0	0	0	1878	1390	0	0	0	0	0	0	0	0	0	0	0	0	0	0	0	0	0	0	0	0	0	0	0	0	0	0	
202176	Cingulum_Post_R	1098	1110	0	0	0	0	0	0	0	0	0	0	0	0	0	0	0	0	0	5956	0	0	0	0	0	0	0	0	0	0	0	0	148	6156	18066	0	6582	7226	1018	1244	0	0	174	874	0	710	0	552	0	314	0	1234	0	326	0	2166	1350	5912	0	0	0	742	0	1470	0	168	1394	15440	2016	10622	0	0	0	0	0	0	1206	934	0	0	0	106	0	0	0	894	0	0	0	1962	0	0	0	0	0	0	0	0	0	0	0	0	0	0	0	0	0	0	0	0	1918	0	0	0	0	0	
156012	Hippocampus_L	4728	324	2614	0	0	0	2106	0	0	0	0	0	0	0	0	0	0	0	0	0	630	0	0	0	0	0	0	0	3278	0	0	0	0	0	7760	6582	0	4232	5470	708	6310	0	1254	0	0	0	1486	0	0	0	220	0	0	0	5118	0	0	0	0	0	0	0	0	0	0	0	1940	1432	210	0	1078	0	7658	0	352	0	3242	362	320	0	880	0	996	0	364	0	190	0	6162	0	0	0	0	0	0	0	0	0	0	0	0	0	0	0	0	0	0	0	0	0	0	0	0	0	0	0	
179600	Hippocampus_R	128	2286	0	1040	0	0	0	832	0	0	0	120	0	0	0	0	0	332	0	648	0	198	0	0	0	0	0	0	0	4076	0	310	0	0	5746	7226	4232	0	592	10244	0	6446	0	482	0	0	0	1852	0	0	0	0	0	0	0	12332	0	938	0	0	0	290	0	780	0	0	216	2154	0	260	0	320	0	7682	0	468	1902	5334	0	274	0	1058	0	564	0	850	0	0	0	6906	0	0	0	0	0	0	0	428	0	0	0	0	0	0	0	0	0	0	0	0	254	0	0	0	0	0	
44632	ParaHippocampal_L	480	0	100	0	0	0	128	0	0	0	0	0	0	0	0	0	0	0	0	0	120	0	0	0	0	0	0	0	880	0	0	0	0	0	1200	1018	5470	592	0	0	1080	0	430	0	0	0	2116	196	0	0	1312	0	822	0	3262	0	0	0	0	0	0	0	0	0	0	0	670	248	0	0	0	0	458	0	0	0	338	0	0	0	186	0	150	0	0	0	506	0	382	0	0	0	0	0	0	0	172	0	0	0	0	0	0	0	0	0	0	0	0	0	0	0	0	0	0	0	
71440	ParaHippocampal_R	0	434	0	126	0	0	0	136	0	0	0	0	0	0	0	0	0	0	0	138	0	0	0	0	0	0	0	0	0	392	0	0	0	0	938	1244	708	10244	0	0	0	4078	0	356	0	0	0	2094	0	0	0	0	0	0	0	8216	0	98	0	0	0	0	0	0	0	0	0	686	0	0	0	96	0	764	0	0	98	1004	0	0	0	108	0	1858	0	0	0	662	0	458	0	0	0	0	0	0	0	666	0	0	0	0	0	0	0	0	0	0	0	0	118	0	0	0	0	0	
32724	Amygdala_L	128	0	0	0	108	0	0	0	0	0	0	0	0	0	162	0	0	0	0	0	446	0	0	0	0	0	0	0	1258	0	0	0	0	0	0	0	6310	0	1080	0	0	0	0	0	0	0	0	0	0	0	0	0	0	0	2394	0	0	0	0	0	0	0	0	0	0	0	0	0	0	0	210	0	294	0	0	0	540	0	0	0	0	0	762	0	0	0	300	0	2370	0	0	0	0	0	0	0	0	0	0	0	0	0	0	0	0	0	0	0	0	0	0	0	0	0	0	0	
47304	Amygdala_R	0	0	0	0	0	0	0	0	0	0	0	0	0	0	0	0	0	0	0	0	0	0	0	0	0	0	0	0	0	0	0	0	0	0	0	0	0	6446	0	4078	0	0	0	0	0	0	0	0	0	0	0	0	0	0	0	5576	0	0	0	0	0	0	0	0	0	0	0	0	0	0	0	214	0	752	0	0	0	532	0	0	0	0	0	2538	0	466	0	514	0	2536	0	0	0	0	0	0	0	0	0	0	0	0	0	0	0	0	0	0	0	0	0	0	0	0	0	0	
144504	Calcarine_L	0	0	0	0	0	0	0	0	0	0	0	0	0	0	0	0	0	0	0	0	0	0	0	0	0	0	0	0	0	0	0	0	1460	0	1350	174	1254	0	430	0	0	0	0	3824	11802	4210	6118	1072	5756	2078	9614	452	2328	0	4438	0	0	0	0	0	0	0	0	0	0	0	8148	372	378	0	0	0	0	0	0	0	0	0	0	0	0	0	0	0	3046	0	0	0	3948	0	0	0	0	0	0	0	0	0	0	0	0	0	0	0	0	0	0	0	0	0	0	0	0	0	0	0	
245652	Calcarine_R	0	318	0	0	0	0	0	0	0	0	0	0	0	0	0	0	0	0	0	1426	0	0	0	0	0	0	0	0	0	0	0	0	0	900	0	874	0	482	0	356	0	0	3824	0	2028	18462	988	13112	0	16850	0	13518	0	6248	0	9984	0	2092	0	0	0	234	0	532	0	236	688	17392	0	2140	0	0	0	0	0	0	0	0	0	0	0	374	0	0	0	4366	0	0	0	4918	0	0	0	0	0	0	0	236	0	0	0	0	0	0	0	0	0	0	0	0	248	0	0	0	0	0	
129372	Cuneus_L	0	0	0	0	0	0	0	0	0	0	0	0	0	0	0	0	0	0	0	0	0	0	0	0	0	0	0	0	0	0	0	0	898	0	1040	0	0	0	0	0	0	0	11802	2028	0	6482	486	0	16880	2326	8452	202	362	0	816	0	0	0	268	0	0	0	0	0	0	0	9382	368	1268	0	0	0	0	0	0	0	0	0	0	0	0	0	0	0	778	0	0	0	848	0	0	0	0	0	0	0	0	0	0	0	0	0	0	0	0	0	0	0	0	0	0	0	0	0	0	0	
237732	Cuneus_R	0	0	0	0	0	0	0	0	0	0	0	0	0	0	0	0	0	0	194	1290	0	0	0	0	0	0	0	0	0	0	0	0	1158	4858	188	710	0	0	0	0	0	0	4210	18462	6482	0	222	1048	0	30592	0	16116	0	102	0	172	0	534	0	1400	0	0	0	0	0	140	3016	22248	150	2642	0	0	0	0	0	0	0	0	0	0	0	0	0	0	0	2204	0	0	0	610	0	0	0	0	0	0	0	0	0	0	0	0	0	0	0	0	0	0	0	0	118	0	0	0	0	0	
183264	Lingual_L	0	0	0	0	0	0	0	0	0	0	0	0	0	0	0	0	0	0	0	0	0	0	0	0	0	0	0	0	0	0	0	0	0	0	790	0	1486	0	2116	0	0	0	6118	988	486	222	0	572	1600	0	15870	0	8804	0	10670	0	0	0	0	0	0	0	0	0	0	0	3114	0	0	0	0	0	0	0	0	0	0	0	0	0	0	0	0	0	228	0	0	0	964	0	6188	320	330	320	0	0	9942	656	12346	962	0	0	0	0	0	0	0	0	0	0	3914	1826	800	0	0	0	
123940	Lingual_R	0	0	0	0	0	0	0	0	0	0	0	0	0	0	0	0	0	0	0	0	0	0	0	0	0	0	0	0	0	0	0	0	0	0	0	552	0	1852	196	2094	0	0	1072	13112	0	1048	572	0	0	4116	0	3358	0	1650	0	10338	0	0	0	0	0	0	0	0	0	0	0	3838	0	154	0	0	0	0	0	0	0	0	0	0	0	0	0	0	0	112	0	0	0	1398	444	2178	0	328	0	242	94	3260	702	5136	0	0	0	232	0	0	0	0	0	0	1012	2116	764	0	0	0	
178556	Occipital_Sup_L	176	0	0	0	0	0	0	0	0	0	0	0	0	0	0	0	0	0	0	0	0	0	0	0	0	0	0	0	0	0	0	0	536	0	104	0	0	0	0	0	0	0	5756	0	16880	0	1600	0	0	0	29506	0	1486	0	536	0	1052	0	5228	0	2018	0	370	0	1594	0	16774	0	842	0	0	0	0	0	0	0	0	0	0	0	0	0	0	0	3924	0	0	0	896	0	0	0	0	0	0	0	0	0	0	0	0	0	0	0	0	0	0	0	0	0	0	0	0	0	0	0	
239176	Occipital_Sup_R	0	0	0	0	0	0	0	0	0	0	0	0	0	0	0	0	0	0	170	712	0	0	0	0	0	0	0	0	0	0	0	0	1006	3222	0	314	0	0	0	0	0	0	2078	16850	2326	30592	0	4116	0	0	0	27970	0	1146	0	1316	0	298	0	2954	0	1458	0	288	0	3568	598	13352	92	1508	0	0	0	0	0	0	0	0	0	0	0	202	0	0	0	2746	0	0	0	706	0	0	0	0	0	0	0	0	0	0	0	0	0	0	0	0	0	0	0	0	0	0	0	0	0	0	
441456	Occipital_Mid_L	420	0	0	0	0	0	0	0	0	0	0	0	0	0	0	0	1048	0	0	0	0	0	0	0	0	0	0	0	626	0	0	0	2216	0	484	0	220	0	1312	0	0	0	9614	0	8452	0	15870	0	29506	0	0	0	25418	0	15294	0	5068	0	10200	0	12220	0	3144	0	14882	0	22292	0	7110	0	0	0	0	0	0	0	0	0	898	0	1118	0	0	0	21988	0	0	0	11328	0	0	0	0	0	0	0	0	0	0	0	0	0	0	0	0	0	0	0	0	0	0	0	0	0	0	0	
242612	Occipital_Mid_R	0	1026	0	0	0	0	0	0	0	0	0	0	0	0	0	0	0	0	144	3756	0	0	0	0	0	0	0	0	0	0	0	0	692	3522	0	1234	0	0	0	0	0	0	452	13518	202	16116	0	3358	0	27970	0	0	0	4928	0	3546	0	404	0	1394	0	1088	0	592	0	7274	426	10036	110	3848	0	0	0	0	0	0	0	0	0	0	0	1216	0	0	0	12524	0	0	0	1718	0	0	0	0	0	0	0	0	0	0	0	0	0	0	0	0	0	0	0	0	212	0	0	0	0	0	
129800	Occipital_Inf_L	150	0	0	0	0	0	0	0	0	0	0	0	0	0	0	0	344	0	0	0	0	0	0	0	0	0	0	0	380	0	0	0	210	0	0	0	0	0	822	0	0	0	2328	0	362	0	8804	0	1486	0	25418	0	0	0	10338	0	338	0	0	0	114	0	154	0	246	0	1648	0	416	0	0	0	0	0	0	0	0	0	502	0	206	0	0	0	2558	0	0	0	7782	0	0	0	0	0	0	0	142	0	152	0	0	0	0	0	0	0	0	0	0	0	0	0	0	0	0	0	
67900	Occipital_Inf_R	0	458	0	0	0	0	0	0	0	0	0	0	0	0	0	0	0	0	0	664	0	0	0	0	0	0	0	0	0	252	0	0	0	108	0	326	0	0	0	0	0	0	0	6248	0	102	0	1650	0	1146	0	4928	0	0	0	10508	0	172	0	0	0	0	0	168	0	822	0	1200	0	492	0	0	0	0	0	0	0	0	0	0	0	368	0	0	0	2860	0	0	0	1478	0	0	0	0	0	0	0	0	0	0	0	0	0	0	0	0	0	0	0	0	0	0	0	0	0	0	
304600	Fusiform_L	664	0	138	0	0	0	144	0	0	0	0	0	0	0	0	0	994	0	0	0	0	0	0	0	0	0	0	0	1438	0	0	0	0	0	846	0	5118	0	3262	0	2394	0	4438	0	816	0	10670	0	536	0	15294	0	10338	0	0	0	496	0	312	0	284	0	284	0	836	0	2588	0	776	0	0	0	656	0	0	0	124	0	2104	0	1662	0	764	0	14634	0	504	0	22448	0	14952	96	410	124	0	0	9272	0	18762	154	0	0	114	0	0	0	0	0	0	0	1638	892	324	0	0	0	
284872	Fusiform_R	0	1304	0	112	0	0	0	158	0	0	0	0	0	0	0	0	0	134	0	1616	0	0	0	0	0	0	0	0	0	2728	0	0	0	296	1452	2166	0	12332	0	8216	0	5576	0	9984	0	172	0	10338	0	1316	0	3546	0	10508	0	0	0	680	0	0	0	0	0	1222	0	994	0	3918	0	1222	0	0	0	790	0	158	0	208	0	286	0	2142	0	3056	0	4070	0	1294	0	23890	312	5038	0	520	0	132	0	5478	458	10640	0	0	0	186	0	0	0	0	0	0	1228	1966	594	0	0	0	
248508	Postcentral_L	19520	268	4290	0	0	0	5720	0	0	0	1444	0	0	0	0	0	6716	0	260	2496	0	0	0	0	0	0	0	0	2084	0	0	0	186	2028	4342	1350	0	0	0	0	0	0	0	0	0	0	0	0	1052	0	5068	0	338	0	496	0	0	268	7978	0	22708	0	8520	0	3268	0	5266	0	9542	2756	368	0	148	0	146	0	0	0	824	0	2870	0	0	0	1208	0	0	0	726	0	0	0	0	0	0	0	0	0	0	0	0	0	0	0	0	0	0	0	0	0	0	0	0	0	0	0	
213500	Postcentral_R	128	13852	188	1212	0	0	0	168	0	0	0	1294	0	0	0	0	0	3500	184	4454	0	0	0	0	0	0	0	0	0	948	0	272	0	3062	872	5912	0	938	0	98	0	0	0	2092	0	534	0	0	0	298	0	404	0	172	0	680	268	0	0	4030	0	9064	0	19668	0	1784	0	10428	236	9336	164	96	0	118	0	0	0	724	0	358	0	1380	0	0	0	4650	0	0	0	2722	0	0	0	0	0	0	0	0	0	0	0	0	0	0	0	0	0	0	0	0	462	0	0	0	0	0	
139608	Parietal_Sup_L	184	0	0	0	0	0	92	0	0	0	0	0	0	0	0	0	466	0	0	0	0	0	0	0	0	0	0	0	220	0	0	0	880	0	0	0	0	0	0	0	0	0	0	0	268	0	0	0	5228	0	10200	0	0	0	312	0	7978	0	0	0	11602	0	1878	0	5566	0	17178	0	5728	0	0	0	0	0	0	0	0	0	0	0	398	0	0	0	1060	0	0	0	566	0	0	0	0	0	0	0	0	0	0	0	0	0	0	0	0	0	0	0	0	0	0	0	0	0	0	0	
49368	Parietal_Sup_R	0	256	0	0	0	0	0	0	0	0	0	0	0	0	0	0	0	0	0	0	0	0	0	0	0	0	0	0	0	0	0	0	0	148	0	0	0	0	0	0	0	0	0	0	0	1400	0	0	0	2954	0	1394	0	0	0	0	0	4030	0	0	0	1892	0	374	0	1066	690	8196	110	2078	0	0	0	0	0	0	0	0	0	0	0	0	0	0	0	96	0	0	0	0	0	0	0	0	0	0	0	0	0	0	0	0	0	0	0	0	0	0	0	0	0	0	0	0	0	0	
209996	Parietal_Inf_L	3202	0	158	0	0	0	372	0	0	0	292	0	0	0	0	0	1206	0	0	0	0	0	0	0	0	0	0	0	812	0	0	0	0	0	374	0	0	0	0	0	0	0	0	0	0	0	0	0	2018	0	12220	0	114	0	284	0	22708	0	11602	0	0	0	12086	0	18066	0	7950	0	5762	0	0	0	0	0	0	0	0	0	172	0	1426	0	0	0	3118	0	0	0	1056	0	0	0	0	0	0	0	0	0	0	0	0	0	0	0	0	0	0	0	0	0	0	0	0	0	0	0	
74776	Parietal_Inf_R	0	1300	0	176	0	0	0	0	0	0	0	186	0	0	0	0	0	398	0	124	0	0	0	0	0	0	0	0	0	118	0	144	0	0	0	742	0	290	0	0	0	0	0	234	0	0	0	0	0	1458	0	1088	0	0	0	0	0	9064	0	1892	0	0	0	9468	0	7946	0	1210	0	0	124	0	0	0	0	0	0	260	0	0	0	482	0	0	0	350	0	0	0	334	0	0	0	0	0	0	0	0	0	0	0	0	0	0	0	0	0	0	0	0	0	0	0	0	0	0	
126448	SupraMarginal_L	2348	0	222	0	0	0	370	0	0	0	100	0	0	0	0	0	2314	0	0	0	0	0	0	0	0	0	0	0	1278	0	0	0	350	0	0	0	0	0	0	0	0	0	0	0	0	0	0	0	370	0	3144	0	154	0	284	0	8520	0	1878	0	12086	0	0	0	8034	0	3004	0	1958	0	0	0	0	0	0	0	0	0	524	0	7652	0	0	0	6358	0	0	0	2276	0	0	0	0	0	0	0	0	0	0	0	0	0	0	0	0	0	0	0	0	0	0	0	0	0	0	0	
135540	SupraMarginal_R	0	3428	168	526	0	0	0	0	0	0	0	390	0	0	0	0	0	2480	158	1240	0	0	0	0	0	0	0	0	0	266	0	298	0	134	0	1470	0	780	0	0	0	0	0	532	0	0	0	0	0	288	0	592	0	168	0	1222	0	19668	0	374	0	9468	0	0	0	5446	0	2328	0	828	154	138	0	0	0	0	0	1086	0	0	0	3544	0	0	0	7228	0	0	0	3368	0	0	0	0	0	0	0	0	0	0	0	0	0	0	0	0	0	0	0	0	0	0	0	0	0	0	
196252	Angular_L	596	0	140	0	0	0	392	0	0	0	140	0	0	0	0	0	1672	0	106	0	0	0	0	0	0	0	0	0	670	0	0	0	128	0	0	0	0	0	0	0	0	0	0	0	0	0	0	0	1594	0	14882	0	246	0	836	0	3268	0	5566	0	18066	0	8034	0	0	0	11300	0	8752	0	0	0	0	0	0	0	0	0	178	0	4216	0	0	0	13026	0	0	0	4318	0	0	0	0	0	0	0	0	0	0	0	0	0	0	0	0	0	0	0	0	0	0	0	0	0	0	0	
92872	Angular_R	100	1526	0	128	0	0	0	0	0	0	0	0	0	0	0	0	0	0	0	532	0	0	0	0	0	0	0	0	0	0	0	0	0	0	0	168	0	0	0	0	0	0	0	236	0	140	0	0	0	3568	0	7274	0	822	0	994	0	1784	0	1066	0	7946	0	5446	0	0	0	750	134	290	0	0	0	0	0	0	0	330	0	0	0	4462	0	0	0	8380	0	0	0	360	0	0	0	0	0	0	0	0	0	0	0	0	0	0	0	0	0	0	0	0	0	0	0	0	0	0	
319332	Precuneus_L	452	0	0	0	0	0	206	0	0	0	0	0	0	0	0	0	1158	0	132	254	0	0	0	0	0	0	0	0	414	0	0	0	4836	624	5234	1394	1940	216	670	0	0	0	8148	688	9382	3016	3114	0	16774	598	22292	426	1648	0	2588	0	5266	0	17178	690	7950	0	3004	0	11300	0	0	5408	11436	278	0	0	0	0	0	0	0	0	94	0	740	0	0	0	6964	0	0	0	3154	0	0	0	0	0	0	0	0	0	0	0	0	0	0	0	0	0	0	0	0	0	0	0	0	0	0	0	
342292	Precuneus_R	0	776	0	0	0	0	0	0	0	0	0	0	0	0	0	0	0	0	484	5192	0	0	0	0	0	0	0	0	0	110	0	0	1336	10128	4954	15440	1432	2154	248	686	0	0	372	17392	368	22248	0	3838	0	13352	0	10036	0	1200	0	3918	0	10428	0	8196	0	1210	0	2328	0	750	5408	0	804	12630	0	0	0	0	0	0	0	196	0	0	0	460	0	0	0	4060	0	0	0	5464	0	0	0	0	0	0	0	702	0	0	0	0	0	0	0	0	0	0	0	0	2846	0	0	0	0	0	
279064	Paracentral_Lobule_L	17406	3022	822	368	0	0	220	0	0	0	0	0	0	0	0	0	1022	0	5794	18586	0	0	0	0	0	0	0	0	260	0	0	0	3714	12858	5986	2016	210	0	0	0	0	0	378	0	1268	150	0	0	842	92	7110	110	416	0	776	0	9542	236	5728	110	5762	0	1958	0	8752	134	11436	804	0	4576	494	136	0	0	0	98	1640	138	0	0	716	0	0	0	2590	0	0	0	1256	0	0	0	0	0	0	0	0	0	0	0	0	0	0	0	0	0	0	0	0	0	0	0	0	0	0	0	
245888	Paracentral_Lobule_R	1864	10542	0	0	0	0	0	0	0	0	0	0	0	0	0	0	0	0	250	26264	0	0	0	0	0	0	0	0	0	0	0	0	290	13876	4310	10622	0	260	0	0	0	0	0	2140	0	2642	0	154	0	1508	0	3848	0	492	0	1222	2756	9336	0	2078	0	0	0	828	0	290	278	12630	4576	0	0	0	0	0	0	0	0	0	0	0	0	492	0	0	0	5448	0	0	0	3778	0	0	0	0	0	0	0	0	0	0	0	0	0	0	0	0	0	0	0	0	170	0	0	0	0	0	
313184	Caudate_L	2640	2288	13088	2276	3442	0	1242	1232	534	0	6866	5920	2820	3300	1280	178	1296	602	10002	2504	6274	5840	1554	474	690	900	5278	788	8316	5278	7740	5786	0	124	0	0	1078	0	0	0	210	0	0	0	0	0	0	0	0	0	0	0	0	0	0	0	368	164	0	0	0	124	0	154	0	0	0	0	494	0	0	14244	16820	432	2852	0	6758	336	266	0	414	0	1326	0	0	0	0	0	0	0	0	0	0	0	0	0	0	0	0	0	0	0	0	0	0	0	0	0	0	0	0	0	0	0	0	0	
415012	Caudate_R	626	7820	2508	24974	0	2392	560	1678	0	278	2276	10272	990	5092	0	2700	178	2378	3946	16468	1604	2604	358	7516	0	3998	148	1744	2508	16730	1514	23310	0	494	0	0	0	320	0	96	0	214	0	0	0	0	0	0	0	0	0	0	0	0	0	0	0	96	0	0	0	0	0	138	0	0	0	0	136	0	14244	0	2826	19586	0	6184	144	15214	0	0	0	122	342	180	0	0	0	0	0	0	0	0	0	0	0	0	0	0	0	0	0	0	0	0	0	0	0	0	0	0	0	0	0	0	0	0	
259080	Putamen_L	4116	92	17824	466	8778	0	6724	0	3786	0	1024	200	594	166	5434	0	908	0	8780	296	1386	1184	1792	120	342	0	1836	0	17564	238	4094	662	0	0	0	0	7658	0	458	0	294	0	0	0	0	0	0	0	0	0	0	0	0	0	656	0	148	0	0	0	0	0	0	0	0	0	0	0	0	0	16820	2826	0	0	5616	0	1010	0	596	0	1106	0	590	0	0	0	0	0	3356	0	0	0	0	0	0	0	0	0	0	0	0	0	0	0	0	0	0	0	0	0	0	0	0	0	0	0	
245896	Putamen_R	118	1378	498	15620	0	4114	0	1866	0	560	0	4664	0	1274	0	1378	0	3188	1358	4820	0	208	0	4932	0	2786	0	220	0	21048	0	9840	0	0	0	0	0	7682	0	764	0	752	0	0	0	0	0	0	0	0	0	0	0	0	0	790	0	118	0	0	0	0	0	0	0	0	0	0	0	0	432	19586	0	0	0	6660	0	4032	0	260	0	1288	0	168	0	240	0	0	0	306	0	0	0	0	0	0	0	0	0	0	0	0	0	0	0	0	0	0	0	0	0	0	0	0	0	0	
36476	Pallidum_L	1128	436	2782	176	0	0	990	0	0	0	0	0	0	0	0	0	0	0	1586	0	0	0	0	0	0	0	0	0	0	0	0	0	0	0	0	0	352	0	0	0	0	0	0	0	0	0	0	0	0	0	0	0	0	0	0	0	146	0	0	0	0	0	0	0	0	0	0	0	0	0	2852	0	5616	0	0	0	2028	0	146	0	0	0	0	0	0	0	0	0	0	0	0	0	0	0	0	0	0	0	0	0	0	0	0	0	0	0	0	0	0	0	0	0	0	0	0	0	
44284	Pallidum_R	184	154	272	3884	0	0	0	186	0	0	0	0	0	0	0	0	0	0	818	1062	0	0	0	0	0	0	0	0	0	108	0	0	0	0	0	0	0	468	0	0	0	0	0	0	0	0	0	0	0	0	0	0	0	0	0	158	0	0	0	0	0	0	0	0	0	0	0	0	98	0	0	6184	0	6660	0	0	0	1906	0	0	0	0	0	0	0	0	0	0	0	0	0	0	0	0	0	0	0	0	0	0	0	0	0	0	0	0	0	0	0	0	0	0	0	0	0	0	
94828	Thalamus_L	14444	3962	1128	118	0	0	1158	0	0	0	0	0	0	0	0	0	0	0	100	160	0	0	0	0	0	0	0	0	344	0	0	0	0	0	880	1206	3242	1902	338	98	540	0	0	0	0	0	0	0	0	0	0	0	0	0	124	0	0	0	0	0	0	0	0	0	0	0	0	0	1640	0	6758	144	1010	0	2028	0	0	5810	0	0	0	0	0	0	0	0	0	0	280	0	0	0	0	0	0	0	0	0	0	0	0	0	0	0	0	0	0	0	0	0	0	0	0	0	0	0	
104048	Thalamus_R	388	9656	0	414	0	0	0	666	0	0	0	218	0	0	0	0	0	118	168	144	0	0	0	0	0	0	0	0	0	818	0	0	0	0	320	934	362	5334	0	1004	0	532	0	0	0	0	0	0	0	0	0	0	0	0	0	208	0	724	0	0	0	260	0	1086	0	330	0	196	138	0	336	15214	0	4032	0	1906	5810	0	0	0	0	202	0	0	0	506	0	0	0	0	0	0	0	0	0	0	0	0	0	0	0	0	0	0	0	0	0	0	0	0	0	0	0	0	0	0	
73980	Heschl_L	2920	0	998	0	0	0	1856	0	0	0	176	0	0	0	0	0	3950	0	282	0	0	0	0	0	0	0	0	0	9684	0	0	0	0	0	168	0	320	0	0	0	0	0	0	0	0	0	0	0	0	0	898	0	502	0	2104	0	824	0	0	0	172	0	524	0	178	0	94	0	0	0	266	0	596	0	146	0	0	0	0	0	2716	0	0	0	3370	0	0	0	4246	0	0	0	0	0	0	0	0	0	0	0	0	0	0	0	0	0	0	0	0	0	0	0	0	0	0	0	
38208	Heschl_R	0	448	0	1718	0	0	0	174	0	0	0	162	0	0	0	0	0	5438	212	750	0	0	0	0	0	0	0	0	0	2578	0	92	0	0	0	0	0	274	0	0	0	0	0	0	0	0	0	0	0	0	0	0	0	0	0	286	0	358	0	0	0	0	0	0	0	0	0	0	0	0	0	0	0	260	0	0	0	0	0	0	0	4832	0	0	0	474	0	0	0	1048	0	0	0	0	0	0	0	0	0	0	0	0	0	0	0	0	0	0	0	0	0	0	0	0	0	0	
179956	Temporal_Sup_L	2142	0	3636	0	100	0	1664	0	176	0	2760	0	132	0	204	0	8688	0	1944	0	0	0	0	0	0	0	0	0	9336	0	0	0	0	0	0	0	880	0	186	0	0	0	0	0	0	0	0	0	0	0	1118	0	206	0	1662	0	2870	0	398	0	1426	0	7652	0	4216	0	740	0	716	0	414	0	1106	0	0	0	0	0	2716	0	0	0	2560	0	16642	0	0	0	13688	0	0	0	0	0	0	0	0	0	0	0	0	0	0	0	0	0	0	0	0	0	0	0	0	0	0	0	
112424	Temporal_Sup_R	0	1104	0	1680	0	0	0	240	0	0	0	164	0	0	0	0	0	6520	280	1454	0	0	0	0	0	0	0	0	0	5130	0	224	0	0	0	106	0	1058	0	108	0	0	0	374	0	0	0	0	0	202	0	1216	0	368	0	2142	0	1380	0	0	0	482	0	3544	0	4462	0	460	0	492	0	122	0	1288	0	0	0	202	0	4832	0	0	0	496	0	12034	0	186	0	3862	0	0	0	0	0	0	0	0	0	0	0	0	0	0	0	0	0	0	0	0	0	0	0	0	0	0	
67700	Temporal_Pole_Sup_L	0	0	2076	122	342	0	158	0	178	0	4042	726	484	0	616	0	2792	0	1930	0	232	0	0	0	0	0	0	0	5396	180	0	240	0	0	0	0	996	0	150	0	762	0	0	0	0	0	0	0	0	0	0	0	0	0	764	0	0	0	0	0	0	0	0	0	0	0	0	0	0	0	1326	342	590	0	0	0	0	0	0	0	2560	0	0	0	2176	0	1654	0	3016	0	0	0	0	0	0	0	0	0	0	0	0	0	0	0	0	0	0	0	0	0	0	0	0	0	0	0	
43712	Temporal_Pole_Sup_R	0	0	0	548	0	0	0	0	0	0	0	1166	0	0	0	0	0	1866	0	1050	0	0	0	0	0	0	0	0	0	1362	0	138	0	0	0	0	0	564	0	1858	0	2538	0	0	0	0	0	0	0	0	0	0	0	0	0	3056	0	0	0	0	0	0	0	0	0	0	0	0	0	0	0	180	0	168	0	0	0	0	0	0	0	496	0	0	0	1346	0	2114	0	3406	0	0	0	0	0	0	0	0	0	0	0	0	0	0	0	0	0	0	0	0	0	0	0	0	0	0	
306576	Temporal_Mid_L	274	0	0	0	0	0	0	0	0	0	0	0	0	0	0	0	3744	0	0	0	0	0	0	0	0	0	0	0	2132	0	0	0	0	0	1320	0	364	0	0	0	0	0	3046	0	778	0	228	0	3924	0	21988	0	2558	0	14634	0	1208	0	1060	0	3118	0	6358	0	13026	0	6964	0	2590	0	0	0	0	0	0	0	0	0	3370	0	16642	0	2176	0	0	0	1170	0	40616	0	0	0	0	0	0	0	0	0	0	0	0	0	0	0	0	0	0	0	0	0	0	0	0	0	0	0	
223444	Temporal_Mid_R	0	4570	0	0	0	0	0	0	0	0	0	0	0	0	0	0	0	0	0	6590	0	0	0	0	0	0	0	0	0	3766	0	0	0	878	0	894	0	850	0	0	0	466	0	4366	0	2204	0	112	0	2746	0	12524	0	2860	0	4070	0	4650	0	96	0	350	0	7228	0	8380	0	4060	0	5448	0	0	0	240	0	0	0	506	0	474	0	12034	0	1346	0	0	0	1130	0	18762	0	0	0	0	0	0	0	0	0	0	0	0	0	0	0	0	0	0	0	0	122	0	0	0	0	0	
11328	Temporal_Pole_Mid_L	0	0	0	0	0	0	0	0	0	0	0	0	0	0	0	0	0	0	0	0	0	0	0	0	0	0	0	0	252	0	0	0	0	0	0	0	190	0	506	0	300	0	0	0	0	0	0	0	0	0	0	0	0	0	504	0	0	0	0	0	0	0	0	0	0	0	0	0	0	0	0	0	0	0	0	0	0	0	0	0	0	0	1654	0	1170	0	0	0	1088	0	0	0	0	0	0	0	0	0	0	0	0	0	0	0	0	0	0	0	0	0	0	0	0	0	0	0	
14452	Temporal_Pole_Mid_R	0	0	0	0	0	0	0	0	0	0	0	0	0	0	0	0	0	0	0	0	0	0	0	0	0	0	0	0	0	0	0	0	0	0	0	0	0	0	0	662	0	514	0	0	0	0	0	0	0	0	0	0	0	0	0	1294	0	0	0	0	0	0	0	0	0	0	0	0	0	0	0	0	0	0	0	0	0	0	0	0	0	186	0	2114	0	1130	0	0	0	1326	0	0	0	0	0	0	0	0	0	0	0	0	0	0	0	0	0	0	0	0	0	0	0	0	0	0	
299512	Temporal_Inf_L	1088	0	1052	0	0	0	1454	0	0	0	0	0	0	0	0	0	2544	0	198	0	0	0	0	0	0	0	0	0	3392	0	0	0	0	0	1878	0	6162	0	382	0	2370	0	3948	0	848	0	964	0	896	0	11328	0	7782	0	22448	0	726	0	566	0	1056	0	2276	0	4318	0	3154	0	1256	0	0	0	3356	0	0	0	280	0	4246	0	13688	0	3016	0	40616	0	1088	0	0	0	694	0	0	0	0	0	112	0	574	0	0	0	0	0	0	0	0	0	0	0	0	0	0	0	0	0	
208940	Temporal_Inf_R	0	2494	0	0	0	0	0	0	0	0	0	0	0	0	0	0	0	168	0	3606	0	0	0	0	0	0	0	0	0	4512	0	0	0	636	1390	1962	0	6906	0	458	0	2536	0	4918	0	610	0	1398	0	706	0	1718	0	1478	0	23890	0	2722	0	0	0	334	0	3368	0	360	0	5464	0	3778	0	0	0	306	0	0	0	0	0	1048	0	3862	0	3406	0	18762	0	1326	0	0	0	114	0	0	0	0	0	0	0	94	0	0	0	0	0	0	0	0	0	0	140	0	0	0	0	0	
358540	Cerebelum_Crus1_L	0	0	0	0	0	0	0	0	0	0	0	0	0	0	0	0	0	0	0	0	0	0	0	0	0	0	0	0	0	0	0	0	0	0	0	0	0	0	0	0	0	0	0	0	0	0	6188	444	0	0	0	0	0	0	14952	312	0	0	0	0	0	0	0	0	0	0	0	0	0	0	0	0	0	0	0	0	0	0	0	0	0	0	0	0	0	0	0	0	694	0	0	1864	28990	4422	0	108	13236	932	48026	2630	12546	540	18228	2612	1402	212	222	0	0	0	4232	7506	6728	1496	748	0	
220444	Cerebelum_Crus1_R	0	0	0	0	0	0	0	0	0	0	0	0	0	0	0	0	0	0	0	0	0	0	0	0	0	0	0	0	0	0	0	0	0	0	0	0	0	0	0	0	0	0	0	0	0	0	320	2178	0	0	0	0	0	0	96	5038	0	0	0	0	0	0	0	0	0	0	0	0	0	0	0	0	0	0	0	0	0	0	0	0	0	0	0	0	0	0	0	0	0	114	1864	0	170	26006	0	206	0	5222	2744	30884	126	3100	310	15098	0	1420	0	0	0	0	1340	6414	6226	892	454	0	
219064	Cerebelum_Crus2_L	0	0	0	0	0	0	0	0	0	0	0	0	0	0	0	0	0	0	0	0	0	0	0	0	0	0	0	0	0	0	0	0	0	0	0	0	0	0	0	0	0	0	0	0	0	0	330	0	0	0	0	0	0	0	410	0	0	0	0	0	0	0	0	0	0	0	0	0	0	0	0	0	0	0	0	0	0	0	0	0	0	0	0	0	0	0	0	0	0	0	28990	170	0	2396	0	0	914	198	5690	426	29484	1618	27216	2008	1936	0	0	0	0	0	1092	968	3420	2162	104	0	
217292	Cerebelum_Crus2_R	0	0	0	0	0	0	0	0	0	0	0	0	0	0	0	0	0	0	0	0	0	0	0	0	0	0	0	0	0	0	0	0	0	0	0	0	0	0	0	0	0	0	0	0	0	0	320	328	0	0	0	0	0	0	124	520	0	0	0	0	0	0	0	0	0	0	0	0	0	0	0	0	0	0	0	0	0	0	0	0	0	0	0	0	0	0	0	0	0	0	4422	26006	2396	0	0	0	0	886	3326	8642	2034	15680	2806	22762	248	978	0	0	0	0	328	4580	9856	1814	590	0	
15124	Cerebelum_3_L	0	0	0	0	0	0	0	0	0	0	0	0	0	0	0	0	0	0	0	0	0	0	0	0	0	0	0	0	0	0	0	0	0	0	0	0	0	0	0	0	0	0	0	0	0	0	0	0	0	0	0	0	0	0	0	0	0	0	0	0	0	0	0	0	0	0	0	0	0	0	0	0	0	0	0	0	0	0	0	0	0	0	0	0	0	0	0	0	0	0	0	0	0	0	0	0	4736	0	334	0	0	0	0	0	478	0	0	0	744	520	424	326	0	0	0	0	
22512	Cerebelum_3_R	0	0	0	0	0	0	0	0	0	0	0	0	0	0	0	0	0	0	0	0	0	0	0	0	0	0	0	0	0	0	0	0	0	0	0	0	0	0	0	0	0	0	0	0	0	0	0	242	0	0	0	0	0	0	0	132	0	0	0	0	0	0	0	0	0	0	0	0	0	0	0	0	0	0	0	0	0	0	0	0	0	0	0	0	0	0	0	0	0	0	108	206	0	0	0	0	92	3218	148	2146	0	0	0	0	0	326	0	0	318	1812	1420	316	0	312	460	0	
177800	Cerebelum_4_5_L	0	0	0	0	0	0	0	0	0	0	0	0	0	0	0	0	0	0	0	0	0	0	0	0	0	0	0	0	0	0	0	0	0	0	0	0	0	0	172	0	0	0	0	0	0	0	9942	94	0	0	0	0	142	0	9272	0	0	0	0	0	0	0	0	0	0	0	0	0	0	0	0	0	0	0	0	0	0	0	0	0	0	0	0	0	0	0	0	0	112	0	13236	0	914	0	4736	92	0	2186	24640	1722	136	0	138	0	3022	424	730	0	186	294	11338	4224	0	106	454	588	
126168	Cerebelum_4_5_R	0	0	0	0	0	0	0	0	0	0	0	0	0	0	0	0	0	0	0	0	0	0	0	0	0	0	0	0	0	0	0	0	0	0	0	0	0	428	0	666	0	0	0	236	0	0	656	3260	0	0	0	0	0	0	0	5478	0	0	0	0	0	0	0	0	0	0	0	702	0	0	0	0	0	0	0	0	0	0	0	0	0	0	0	0	0	0	0	0	0	0	932	5222	198	886	0	3218	2186	0	1956	21782	0	0	96	584	468	452	0	0	0	712	9404	2178	380	490	514	0	
340428	Cerebelum_6_L	0	0	0	0	0	0	0	0	0	0	0	0	0	0	0	0	0	0	0	0	0	0	0	0	0	0	0	0	0	0	0	0	0	0	0	0	0	0	0	0	0	0	0	0	0	0	12346	702	0	0	0	0	152	0	18762	458	0	0	0	0	0	0	0	0	0	0	0	0	0	0	0	0	0	0	0	0	0	0	0	0	0	0	0	0	0	0	0	0	574	0	48026	2744	5690	3326	334	148	24640	1956	0	4698	3556	108	3762	1342	3256	500	780	0	0	0	9692	13880	6082	1270	1028	402	
244140	Cerebelum_6_R	0	0	0	0	0	0	0	0	0	0	0	0	0	0	0	0	0	0	0	0	0	0	0	0	0	0	0	0	0	0	0	0	0	0	0	0	0	0	0	0	0	0	0	0	0	0	962	5136	0	0	0	0	0	0	154	10640	0	0	0	0	0	0	0	0	0	0	0	0	0	0	0	0	0	0	0	0	0	0	0	0	0	0	0	0	0	0	0	0	0	94	2630	30884	426	8642	0	2146	1722	21782	4698	0	214	614	384	4472	170	694	0	0	0	498	8282	9050	5960	1190	626	0	
175008	Cerebelum_7b_L	0	0	0	0	0	0	0	0	0	0	0	0	0	0	0	0	0	0	0	0	0	0	0	0	0	0	0	0	0	0	0	0	0	0	0	0	0	0	0	0	0	0	0	0	0	0	0	0	0	0	0	0	0	0	0	0	0	0	0	0	0	0	0	0	0	0	0	0	0	0	0	0	0	0	0	0	0	0	0	0	0	0	0	0	0	0	0	0	0	0	12546	126	29484	2034	0	0	136	0	3556	214	0	1490	24892	2646	2518	0	132	0	0	0	110	420	3438	3762	0	0	
78948	Cerebelum_7b_R	0	0	0	0	0	0	0	0	0	0	0	0	0	0	0	0	0	0	0	0	0	0	0	0	0	0	0	0	0	0	0	0	0	0	0	0	0	0	0	0	0	0	0	0	0	0	0	0	0	0	0	0	0	0	0	0	0	0	0	0	0	0	0	0	0	0	0	0	0	0	0	0	0	0	0	0	0	0	0	0	0	0	0	0	0	0	0	0	0	0	540	3100	1618	15680	0	0	0	0	108	614	1490	0	882	12468	0	122	0	0	0	0	0	100	1878	874	0	0	
206608	Cerebelum_8_L	0	0	0	0	0	0	0	0	0	0	0	0	0	0	0	0	0	0	0	0	0	0	0	0	0	0	0	0	0	0	0	0	0	0	0	0	0	0	0	0	0	0	0	0	0	0	0	0	0	0	0	0	0	0	114	0	0	0	0	0	0	0	0	0	0	0	0	0	0	0	0	0	0	0	0	0	0	0	0	0	0	0	0	0	0	0	0	0	0	0	18228	310	27216	2806	0	0	138	96	3762	384	24892	882	0	4426	8356	194	808	0	0	0	134	384	4934	4928	312	0	
176732	Cerebelum_8_R	0	0	0	0	0	0	0	0	0	0	0	0	0	0	0	0	0	0	0	0	0	0	0	0	0	0	0	0	0	0	0	0	0	0	0	0	0	0	0	0	0	0	0	0	0	0	0	232	0	0	0	0	0	0	0	186	0	0	0	0	0	0	0	0	0	0	0	0	0	0	0	0	0	0	0	0	0	0	0	0	0	0	0	0	0	0	0	0	0	0	2612	15098	2008	22762	0	0	0	584	1342	4472	2646	12468	4426	0	416	7050	0	94	0	0	204	1370	5518	4144	734	0	
66632	Cerebelum_9_L	0	0	0	0	0	0	0	0	0	0	0	0	0	0	0	0	0	0	0	0	0	0	0	0	0	0	0	0	0	0	0	0	0	0	0	0	0	0	0	0	0	0	0	0	0	0	0	0	0	0	0	0	0	0	0	0	0	0	0	0	0	0	0	0	0	0	0	0	0	0	0	0	0	0	0	0	0	0	0	0	0	0	0	0	0	0	0	0	0	0	1402	0	1936	248	478	0	3022	468	3256	170	2518	0	8356	416	0	440	4030	0	0	0	1510	2876	772	634	570	214	
48088	Cerebelum_9_R	0	0	0	0	0	0	0	0	0	0	0	0	0	0	0	0	0	0	0	0	0	0	0	0	0	0	0	0	0	0	0	0	0	0	0	0	0	0	0	0	0	0	0	0	0	0	0	0	0	0	0	0	0	0	0	0	0	0	0	0	0	0	0	0	0	0	0	0	0	0	0	0	0	0	0	0	0	0	0	0	0	0	0	0	0	0	0	0	0	0	212	1420	0	978	0	326	424	452	500	694	0	122	194	7050	440	0	0	1322	200	396	1128	1724	580	1680	2638	1564	
14920	Cerebelum_10_L	0	0	0	0	0	0	0	0	0	0	0	0	0	0	0	0	0	0	0	0	0	0	0	0	0	0	0	0	0	0	0	0	0	0	0	0	0	0	0	0	0	0	0	0	0	0	0	0	0	0	0	0	0	0	0	0	0	0	0	0	0	0	0	0	0	0	0	0	0	0	0	0	0	0	0	0	0	0	0	0	0	0	0	0	0	0	0	0	0	0	222	0	0	0	0	0	730	0	780	0	132	0	808	0	4030	0	0	0	0	0	218	540	0	0	0	0	
5112	Cerebelum_10_R	0	0	0	0	0	0	0	0	0	0	0	0	0	0	0	0	0	0	0	0	0	0	0	0	0	0	0	0	0	0	0	0	0	0	0	0	0	0	0	0	0	0	0	0	0	0	0	0	0	0	0	0	0	0	0	0	0	0	0	0	0	0	0	0	0	0	0	0	0	0	0	0	0	0	0	0	0	0	0	0	0	0	0	0	0	0	0	0	0	0	0	0	0	0	0	0	0	0	0	0	0	0	0	94	0	1322	0	0	0	0	0	258	0	292	358	232	
11136	Vermis_1_2	0	0	0	0	0	0	0	0	0	0	0	0	0	0	0	0	0	0	0	0	0	0	0	0	0	0	0	0	0	0	0	0	0	0	0	0	0	0	0	0	0	0	0	0	0	0	0	0	0	0	0	0	0	0	0	0	0	0	0	0	0	0	0	0	0	0	0	0	0	0	0	0	0	0	0	0	0	0	0	0	0	0	0	0	0	0	0	0	0	0	0	0	0	0	744	318	186	0	0	0	0	0	0	0	0	200	0	0	0	3392	540	0	0	0	188	0	
18648	Vermis_3	0	0	0	0	0	0	0	0	0	0	0	0	0	0	0	0	0	0	0	0	0	0	0	0	0	0	0	0	0	0	0	0	0	0	0	0	0	0	0	0	0	0	0	0	0	0	0	0	0	0	0	0	0	0	0	0	0	0	0	0	0	0	0	0	0	0	0	0	0	0	0	0	0	0	0	0	0	0	0	0	0	0	0	0	0	0	0	0	0	0	0	0	0	0	520	1812	294	712	0	498	0	0	0	0	0	396	0	0	3392	0	950	176	0	172	402	0	
151404	Vermis_4_5	0	0	0	0	0	0	0	0	0	0	0	0	0	0	0	0	0	0	0	0	0	0	0	0	0	0	0	0	0	0	0	0	0	0	0	1918	0	254	0	118	0	0	0	248	0	118	3914	1012	0	0	0	212	0	0	1638	1228	0	462	0	0	0	0	0	0	0	0	0	2846	0	170	0	0	0	0	0	0	0	0	0	0	0	0	0	0	0	122	0	0	0	140	4232	1340	1092	328	424	1420	11338	9404	9692	8282	110	0	134	204	1510	1128	218	0	540	950	0	6060	284	398	1030	1184	
167432	Vermis_6	0	0	0	0	0	0	0	0	0	0	0	0	0	0	0	0	0	0	0	0	0	0	0	0	0	0	0	0	0	0	0	0	0	0	0	0	0	0	0	0	0	0	0	0	0	0	1826	2116	0	0	0	0	0	0	892	1966	0	0	0	0	0	0	0	0	0	0	0	0	0	0	0	0	0	0	0	0	0	0	0	0	0	0	0	0	0	0	0	0	0	0	7506	6414	968	4580	326	316	4224	2178	13880	9050	420	100	384	1370	2876	1724	540	258	0	176	6060	0	7966	1850	2254	1496	
143328	Vermis_7	0	0	0	0	0	0	0	0	0	0	0	0	0	0	0	0	0	0	0	0	0	0	0	0	0	0	0	0	0	0	0	0	0	0	0	0	0	0	0	0	0	0	0	0	0	0	800	764	0	0	0	0	0	0	324	594	0	0	0	0	0	0	0	0	0	0	0	0	0	0	0	0	0	0	0	0	0	0	0	0	0	0	0	0	0	0	0	0	0	0	6728	6226	3420	9856	0	0	0	380	6082	5960	3438	1878	4934	5518	772	580	0	0	0	0	284	7966	0	4024	1136	0	
71544	Vermis_8	0	0	0	0	0	0	0	0	0	0	0	0	0	0	0	0	0	0	0	0	0	0	0	0	0	0	0	0	0	0	0	0	0	0	0	0	0	0	0	0	0	0	0	0	0	0	0	0	0	0	0	0	0	0	0	0	0	0	0	0	0	0	0	0	0	0	0	0	0	0	0	0	0	0	0	0	0	0	0	0	0	0	0	0	0	0	0	0	0	0	1496	892	2162	1814	0	312	106	490	1270	1190	3762	874	4928	4144	634	1680	0	292	0	172	398	1850	4024	0	2906	376	
36980	Vermis_9	0	0	0	0	0	0	0	0	0	0	0	0	0	0	0	0	0	0	0	0	0	0	0	0	0	0	0	0	0	0	0	0	0	0	0	0	0	0	0	0	0	0	0	0	0	0	0	0	0	0	0	0	0	0	0	0	0	0	0	0	0	0	0	0	0	0	0	0	0	0	0	0	0	0	0	0	0	0	0	0	0	0	0	0	0	0	0	0	0	0	748	454	104	590	0	460	454	514	1028	626	0	0	312	734	570	2638	0	358	188	402	1030	2254	1136	2906	0	984	
14080	Vermis_10	0	0	0	0	0	0	0	0	0	0	0	0	0	0	0	0	0	0	0	0	0	0	0	0	0	0	0	0	0	0	0	0	0	0	0	0	0	0	0	0	0	0	0	0	0	0	0	0	0	0	0	0	0	0	0	0	0	0	0	0	0	0	0	0	0	0	0	0	0	0	0	0	0	0	0	0	0	0	0	0	0	0	0	0	0	0	0	0	0	0	0	0	0	0	0	0	588	0	402	0	0	0	0	0	214	1564	0	232	0	0	1184	1496	0	376	984	0	
