data	data	508136	246576	901284	957944	211756	136132	486096	304300	96892	44344	224136	210104	301516	244868	177620	217592	239304	110928	690308	717280	78880	80592	391340	418016	38284	65856	33428	45920	578372	338880	348912	441320	157408	459016	171304	171840	238732	236624	59960	144772	43248	57576	261556	361768	139548	332000	328100	299572	167272	305708	426788	306368	205496	68012	407632	300420	339920	265556	91660	118812	189300	101452	126076	126160	131744	84844	243888	382988	280600	120008	314028	315136	349428	282864	39512	27056	114940	133104	65376	25280	214012	96756	118284	49592	312976	197056	55024	31128	317516	200048	470348	396336	293152	255768	43668	79240	281328	257288	463660	444236	236420	144088	273272	243704	75760	122504	9364	2488	23220	83284	266276	229312	222480	170388	121316	19252	
data	data	Precentral_L	Precentral_R	Frontal_Sup_L	Frontal_Sup_R	Frontal_Sup_Orb_L	Frontal_Sup_Orb_R	Frontal_Mid_L	Frontal_Mid_R	Frontal_Mid_Orb_L	Frontal_Mid_Orb_R	Frontal_Inf_Oper_L	Frontal_Inf_Oper_R	Frontal_Inf_Tri_L	Frontal_Inf_Tri_R	Frontal_Inf_Orb_L	Frontal_Inf_Orb_R	Rolandic_Oper_L	Rolandic_Oper_R	Supp_Motor_Area_L	Supp_Motor_Area_R	Olfactory_L	Olfactory_R	Frontal_Sup_Medial_L	Frontal_Sup_Medial_R	Frontal_Med_Orb_L	Frontal_Med_Orb_R	Rectus_L	Rectus_R	Insula_L	Insula_R	Cingulum_Ant_L	Cingulum_Ant_R	Cingulum_Mid_L	Cingulum_Mid_R	Cingulum_Post_L	Cingulum_Post_R	Hippocampus_L	Hippocampus_R	ParaHippocampal_L	ParaHippocampal_R	Amygdala_L	Amygdala_R	Calcarine_L	Calcarine_R	Cuneus_L	Cuneus_R	Lingual_L	Lingual_R	Occipital_Sup_L	Occipital_Sup_R	Occipital_Mid_L	Occipital_Mid_R	Occipital_Inf_L	Occipital_Inf_R	Fusiform_L	Fusiform_R	Postcentral_L	Postcentral_R	Parietal_Sup_L	Parietal_Sup_R	Parietal_Inf_L	Parietal_Inf_R	SupraMarginal_L	SupraMarginal_R	Angular_L	Angular_R	Precuneus_L	Precuneus_R	Paracentral_Lobule_L	Paracentral_Lobule_R	Caudate_L	Caudate_R	Putamen_L	Putamen_R	Pallidum_L	Pallidum_R	Thalamus_L	Thalamus_R	Heschl_L	Heschl_R	Temporal_Sup_L	Temporal_Sup_R	Temporal_Pole_Sup_L	Temporal_Pole_Sup_R	Temporal_Mid_L	Temporal_Mid_R	Temporal_Pole_Mid_L	Temporal_Pole_Mid_R	Temporal_Inf_L	Temporal_Inf_R	Cerebelum_Crus1_L	Cerebelum_Crus1_R	Cerebelum_Crus2_L	Cerebelum_Crus2_R	Cerebelum_3_L	Cerebelum_3_R	Cerebelum_4_5_L	Cerebelum_4_5_R	Cerebelum_6_L	Cerebelum_6_R	Cerebelum_7b_L	Cerebelum_7b_R	Cerebelum_8_L	Cerebelum_8_R	Cerebelum_9_L	Cerebelum_9_R	Cerebelum_10_L	Cerebelum_10_R	Vermis_1_2	Vermis_3	Vermis_4_5	Vermis_6	Vermis_7	Vermis_8	Vermis_9	Vermis_10	
508136	Precentral_L	0	9444	9634	7668	118	0	25526	3878	0	0	15504	444	4712	114	0	0	10928	468	5850	10908	0	0	430	0	0	0	0	0	13260	350	2640	412	138	3108	1870	906	3224	480	332	90	0	0	166	100	86	0	0	0	0	0	1094	0	1000	0	456	512	38070	2880	0	0	5258	642	790	814	130	0	302	190	23140	4710	13168	2402	2792	134	362	0	10754	1548	2498	74	2612	0	1304	0	704	354	0	0	2264	322	0	0	0	0	0	0	0	0	0	0	0	0	0	0	0	0	0	0	0	0	0	0	0	0	0	0	
246576	Precentral_R	9444	0	690	9850	0	0	690	6972	0	0	0	7876	0	446	0	206	0	3394	3450	4982	0	0	0	0	0	0	0	0	0	3968	0	0	516	908	898	610	356	5102	0	992	0	0	90	464	0	0	0	108	160	0	198	372	184	0	0	2156	2728	16008	0	88	0	2188	0	3908	0	228	108	716	9640	10034	1338	602	0	1700	0	372	0	3142	0	144	0	558	0	0	0	2314	0	0	196	2194	0	0	0	0	0	0	0	0	0	0	0	0	0	0	0	0	0	0	0	0	0	0	0	0	0	0	
901284	Frontal_Sup_L	9634	690	0	16732	16858	282	73230	2566	3678	0	9256	802	26508	1066	9078	352	10002	86	64540	14726	0	0	47480	10178	596	96	78	0	37462	688	17376	6386	8840	5138	0	0	4966	0	300	0	0	0	0	0	0	0	0	0	0	0	0	0	0	0	564	0	4456	0	0	0	516	0	86	0	0	0	0	0	250	0	8856	1180	22610	378	824	0	3026	0	214	0	3868	0	2394	0	868	0	0	0	882	0	0	0	0	0	0	0	0	0	0	0	0	0	0	0	0	0	0	0	0	0	0	0	0	0	0	0	
957944	Frontal_Sup_R	7668	9850	16732	0	166	6906	7886	40206	0	2122	224	10710	232	17006	0	11326	1040	4968	19292	71276	0	0	12444	44150	100	944	0	0	2428	17104	7166	35378	2972	21316	528	180	850	4830	86	1364	0	0	120	0	0	0	0	0	214	0	712	0	0	0	0	642	600	790	0	0	78	218	0	262	0	0	136	0	4584	0	14784	28838	2872	14366	0	2102	582	26236	0	0	314	104	158	590	0	0	0	0	0	220	0	0	0	0	0	0	0	0	0	0	0	0	0	0	0	0	0	0	0	0	0	0	0	0	0	0	
211756	Frontal_Sup_Orb_L	118	0	16858	166	0	0	3804	0	15596	0	2342	0	7752	0	14538	0	184	0	2046	170	940	144	4056	160	2428	132	2984	0	15282	0	5942	198	76	0	0	0	292	0	0	0	186	0	0	0	0	0	0	0	0	0	0	0	0	0	0	0	0	0	0	0	0	0	0	0	0	0	0	0	0	0	650	0	8096	0	0	0	0	0	0	0	0	0	738	0	0	0	0	0	0	0	0	0	0	0	0	0	0	0	0	0	0	0	0	0	0	0	0	0	0	0	0	0	0	0	0	0	
136132	Frontal_Sup_Orb_R	0	0	282	6906	0	0	0	1690	0	6206	0	0	0	394	0	8316	0	0	0	1014	982	1492	470	3714	0	6698	112	6506	0	1630	438	4342	0	262	0	0	0	0	0	0	0	0	0	0	0	0	0	0	0	0	0	0	0	0	0	0	0	0	0	0	0	0	0	0	0	0	0	0	0	0	1096	7352	732	7432	0	0	0	0	0	0	0	0	0	0	0	0	0	0	0	0	0	0	0	0	0	0	0	0	0	0	0	0	0	0	0	0	0	0	0	0	0	0	0	0	0	0	
486096	Frontal_Mid_L	25526	690	73230	7886	3804	0	0	2936	2446	0	8462	200	30706	394	6782	106	2790	0	9312	5070	0	0	17052	4048	0	0	0	0	8442	182	5890	1748	4486	2422	0	0	868	0	88	0	0	0	0	0	0	0	0	0	0	0	0	0	0	0	0	0	1642	128	0	0	680	0	170	0	0	0	0	0	140	0	8350	0	558	80	0	0	3686	108	104	0	804	0	882	0	0	0	0	0	150	0	0	0	0	0	0	0	0	0	0	0	0	0	0	0	0	0	0	0	0	0	0	0	0	0	0	0	
304300	Frontal_Mid_R	3878	6972	2566	40206	0	1690	2936	0	0	1964	0	14614	0	14284	0	10520	0	4006	2866	3578	0	0	2182	7998	0	0	0	0	112	8400	794	2520	250	3954	0	0	122	1138	0	472	0	0	0	0	0	0	0	0	0	0	0	0	0	0	0	86	116	230	0	0	0	76	0	78	0	0	0	0	0	0	7322	1538	160	3042	0	352	136	412	0	90	0	152	0	338	0	0	0	0	0	0	0	0	0	0	0	0	0	0	0	0	0	0	0	0	0	0	0	0	0	0	0	0	0	0	0	0	
96892	Frontal_Mid_Orb_L	0	0	3678	0	15596	0	2446	0	0	0	0	0	1908	0	15802	0	0	0	122	0	0	0	0	0	0	0	1370	0	4410	0	94	0	0	0	0	0	0	0	0	0	0	0	0	0	0	0	0	0	0	0	0	0	0	0	0	0	0	0	0	0	0	0	0	0	0	0	0	0	0	0	0	0	2554	0	0	0	0	0	0	0	0	0	466	0	0	0	0	0	0	0	0	0	0	0	0	0	0	0	0	0	0	0	0	0	0	0	0	0	0	0	0	0	0	0	0	0	
44344	Frontal_Mid_Orb_R	0	0	0	2122	0	6206	0	1964	0	0	0	0	0	582	0	7680	0	0	0	360	0	0	0	0	0	0	0	274	0	980	0	150	0	0	0	0	0	0	0	0	0	0	0	0	0	0	0	0	0	0	0	0	0	0	0	0	0	0	0	0	0	0	0	0	0	0	0	0	0	0	0	698	0	1156	0	0	0	0	0	0	0	0	0	0	0	0	0	0	0	0	0	0	0	0	0	0	0	0	0	0	0	0	0	0	0	0	0	0	0	0	0	0	0	0	0	0	
224136	Frontal_Inf_Oper_L	15504	0	9256	224	2342	0	8462	0	0	0	0	0	12620	0	342	0	10506	0	5886	230	0	0	1542	0	0	0	0	0	19636	0	6394	0	0	0	0	0	1256	0	0	0	0	0	0	0	0	0	0	0	0	0	0	0	86	0	98	0	7136	0	0	0	278	0	0	0	0	0	0	0	0	0	776	0	1808	0	0	0	244	0	1470	0	1634	0	3786	0	86	0	0	0	466	0	0	0	0	0	0	0	0	0	0	0	0	0	0	0	0	0	0	0	0	0	0	0	0	0	0	0	
210104	Frontal_Inf_Oper_R	444	7876	802	10710	0	0	200	14614	0	0	0	0	86	10988	0	5468	0	7118	1616	6684	0	0	820	2016	0	0	0	0	78	18672	244	748	94	2614	0	0	0	1698	0	406	0	0	0	0	0	0	0	0	0	0	0	0	0	0	0	190	0	894	0	0	0	146	0	146	0	0	0	0	0	0	1654	168	0	4444	0	470	78	1420	0	232	0	478	0	736	0	0	0	0	0	0	0	0	0	0	0	0	0	0	0	0	0	0	0	0	0	0	0	0	0	0	0	0	0	0	0	0	
301516	Frontal_Inf_Tri_L	4712	0	26508	232	7752	0	30706	0	1908	0	12620	86	0	202	15946	0	1092	0	6176	290	0	0	4860	276	268	0	0	0	24838	150	7198	166	1164	312	0	0	92	0	0	0	0	0	0	0	0	0	0	0	0	0	0	0	0	0	0	0	1480	0	0	0	0	0	0	0	0	0	0	0	0	0	188	0	602	0	0	0	0	0	0	0	232	0	702	0	0	0	0	0	0	0	0	0	0	0	0	0	0	0	0	0	0	0	0	0	0	0	0	0	0	0	0	0	0	0	0	0	
244868	Frontal_Inf_Tri_R	114	446	1066	17006	0	394	394	14284	0	582	0	10988	202	0	0	17744	0	280	2138	9782	0	0	2772	8738	0	0	0	0	0	22050	340	942	264	8600	0	0	0	256	0	0	0	0	0	0	0	0	0	0	0	0	0	0	0	0	0	0	0	0	0	0	0	0	0	0	0	0	0	0	0	0	1260	270	140	1070	0	0	0	312	0	0	0	0	0	0	0	0	0	0	0	0	0	0	0	0	0	0	0	0	0	0	0	0	0	0	0	0	0	0	0	0	0	0	0	0	0	0	
177620	Frontal_Inf_Orb_L	0	0	9078	0	14538	0	6782	0	15802	0	342	0	15946	0	0	0	0	0	1040	0	1430	0	768	80	150	0	376	0	14582	0	828	0	156	82	0	0	0	0	102	0	150	0	0	0	0	0	0	0	0	0	0	0	0	0	0	0	0	0	0	0	0	0	0	0	0	0	0	0	0	0	688	0	3298	0	0	0	0	0	0	0	0	0	2592	0	0	0	0	0	0	0	0	0	0	0	0	0	0	0	0	0	0	0	0	0	0	0	0	0	0	0	0	0	0	0	0	0	
217592	Frontal_Inf_Orb_R	0	206	352	11326	0	8316	106	10520	0	7680	0	5468	0	17744	0	0	0	0	816	4644	0	352	1846	6128	0	0	0	854	0	12308	242	2122	204	7252	0	0	0	1102	0	340	0	998	0	0	0	0	0	0	0	0	0	0	0	0	0	86	0	0	0	0	0	0	0	0	0	0	0	0	0	0	620	1546	92	5238	0	0	0	196	0	0	0	0	0	92	0	0	0	0	0	0	0	0	0	0	0	0	0	0	0	0	0	0	0	0	0	0	0	0	0	0	0	0	0	0	0	0	
239304	Rolandic_Oper_L	10928	0	10002	1040	184	0	2790	0	0	0	10506	0	1092	0	0	0	0	0	8604	1030	0	0	0	0	0	0	0	0	22272	0	230	0	0	0	84	0	1492	0	94	0	0	0	86	0	0	0	0	0	0	0	1044	0	894	0	304	0	12382	0	0	0	666	0	2622	0	0	0	78	0	224	0	914	0	1760	0	84	0	206	0	5198	0	9532	0	3924	0	4024	0	0	0	5362	0	0	0	0	0	0	0	0	0	0	0	0	0	0	0	0	0	0	0	0	0	0	0	0	0	0	0	
110928	Rolandic_Oper_R	468	3394	86	4968	0	0	0	4006	0	0	0	7118	0	280	0	0	0	0	578	3446	0	0	0	0	0	0	0	0	0	10498	0	0	0	0	0	0	0	698	0	104	0	0	0	112	0	0	0	0	0	0	0	78	0	0	0	548	112	3222	0	0	0	94	0	1892	0	0	0	122	0	114	174	96	0	4032	0	276	0	304	0	2818	0	3982	0	778	0	604	0	0	0	462	0	0	0	0	0	0	0	0	0	0	0	0	0	0	0	0	0	0	0	0	0	0	0	0	0	0	
690308	Supp_Motor_Area_L	5850	3450	64540	19292	2046	0	9312	2866	122	0	5886	1616	6176	2138	1040	816	8604	578	0	42710	0	0	8284	2360	276	0	0	0	22568	1816	9404	4228	6526	15786	74	136	5220	184	194	0	0	0	0	0	0	0	0	0	0	0	0	0	0	0	572	0	3488	450	0	0	328	132	88	132	0	0	0	0	18296	686	10098	3120	25116	786	7742	434	12796	102	298	0	3384	0	1256	0	868	0	0	0	884	0	0	0	0	0	0	0	0	0	0	0	0	0	0	0	0	0	0	0	0	0	0	0	0	0	0	0	
717280	Supp_Motor_Area_R	10908	4982	14726	71276	170	1014	5070	3578	0	360	230	6684	290	9782	0	4644	1030	3446	42710	0	0	0	2346	7986	0	86	0	0	2518	12650	6740	18932	7006	38218	652	1402	194	1448	0	552	0	0	0	0	0	0	0	0	0	0	0	0	0	0	0	416	708	1156	0	0	0	0	0	114	0	0	96	296	18406	8082	11364	17238	2884	11486	0	2368	92	1110	0	0	302	0	156	336	0	130	0	0	0	270	0	0	0	0	0	0	0	0	0	0	0	0	0	0	0	0	0	0	0	0	0	0	0	0	0	0	
78880	Olfactory_L	0	0	0	0	940	982	0	0	0	0	0	0	0	0	1430	0	0	0	0	0	0	5866	0	0	618	376	1796	1540	1990	0	2916	2592	0	0	0	0	346	0	476	0	1036	0	0	0	0	0	0	0	0	0	0	0	0	0	148	0	0	0	0	0	0	0	0	0	0	0	0	0	0	0	7850	2744	4566	802	110	0	0	0	0	0	0	0	316	0	0	0	0	0	0	0	0	0	0	0	0	0	0	0	0	0	0	0	0	0	0	0	0	0	0	0	0	0	0	0	0	0	
80592	Olfactory_R	0	0	0	0	144	1492	0	0	0	0	0	0	0	0	0	352	0	0	0	0	5866	0	0	0	0	722	1032	2238	0	1140	2278	2926	0	0	0	0	0	432	0	244	0	902	0	0	0	0	0	0	0	0	0	0	0	0	0	0	0	0	0	0	0	0	0	0	0	0	0	0	0	0	7680	5140	5222	2004	312	0	0	0	0	0	0	0	0	170	0	0	0	0	0	0	0	0	0	0	0	0	0	0	0	0	0	0	0	0	0	0	0	0	0	0	0	0	0	0	0	0	
391340	Frontal_Sup_Medial_L	430	0	47480	12444	4056	470	17052	2182	0	0	1542	820	4860	2772	768	1846	0	0	8284	2346	0	0	0	28014	2428	782	210	0	2758	784	17808	14028	5986	14182	0	0	0	0	0	0	0	0	0	0	0	0	0	0	0	0	0	0	0	0	0	0	0	0	0	0	0	0	0	0	0	0	0	0	0	0	420	104	814	0	0	0	0	0	0	0	0	0	0	0	0	0	0	0	0	0	0	0	0	0	0	0	0	0	0	0	0	0	0	0	0	0	0	0	0	0	0	0	0	0	0	0	
418016	Frontal_Sup_Medial_R	0	0	10178	44150	160	3714	4048	7998	0	0	0	2016	276	8738	80	6128	0	0	2360	7986	0	0	28014	0	838	4568	0	138	94	1670	7128	33550	1176	21842	0	0	0	90	0	0	0	0	0	0	0	0	0	0	0	0	0	0	0	0	0	0	0	0	0	0	0	0	0	0	0	0	0	0	0	0	196	6038	0	5748	0	0	0	86	0	0	0	0	0	0	0	0	0	0	0	0	0	0	0	0	0	0	0	0	0	0	0	0	0	0	0	0	0	0	0	0	0	0	0	0	0	0	
38284	Frontal_Med_Orb_L	0	0	596	100	2428	0	0	0	0	0	0	0	268	0	150	0	0	0	276	0	618	0	2428	838	0	1006	1772	80	480	0	5304	706	0	0	0	0	0	0	0	0	0	0	0	0	0	0	0	0	0	0	0	0	0	0	0	0	0	0	0	0	0	0	0	0	0	0	0	0	0	0	944	102	1046	0	0	0	0	0	0	0	0	0	0	0	0	0	0	0	0	0	0	0	0	0	0	0	0	0	0	0	0	0	0	0	0	0	0	0	0	0	0	0	0	0	0	0	
65856	Frontal_Med_Orb_R	0	0	96	944	132	6698	0	0	0	0	0	0	0	0	0	0	0	0	0	86	376	722	782	4568	1006	0	166	4102	0	0	1764	5010	0	0	0	0	0	0	0	0	0	0	0	0	0	0	0	0	0	0	0	0	0	0	0	0	0	0	0	0	0	0	0	0	0	0	0	0	0	0	264	3864	126	2222	0	0	0	0	0	0	0	0	0	0	0	0	0	0	0	0	0	0	0	0	0	0	0	0	0	0	0	0	0	0	0	0	0	0	0	0	0	0	0	0	0	0	
33428	Rectus_L	0	0	78	0	2984	112	0	0	1370	0	0	0	0	0	376	0	0	0	0	0	1796	1032	210	0	1772	166	0	244	202	0	2292	584	0	0	0	0	0	0	0	0	0	0	0	0	0	0	0	0	0	0	0	0	0	0	0	0	0	0	0	0	0	0	0	0	0	0	0	0	0	0	1944	300	1138	114	0	0	0	0	0	0	0	0	0	0	0	0	0	0	0	0	0	0	0	0	0	0	0	0	0	0	0	0	0	0	0	0	0	0	0	0	0	0	0	0	0	0	
45920	Rectus_R	0	0	0	0	0	6506	0	0	0	274	0	0	0	0	0	854	0	0	0	0	1540	2238	0	138	80	4102	244	0	0	220	176	1066	0	0	0	0	0	0	0	0	0	0	0	0	0	0	0	0	0	0	0	0	0	0	0	0	0	0	0	0	0	0	0	0	0	0	0	0	0	0	1636	1526	1140	1220	0	0	0	0	0	0	0	0	0	0	0	0	0	0	0	0	0	0	0	0	0	0	0	0	0	0	0	0	0	0	0	0	0	0	0	0	0	0	0	0	0	0	
578372	Insula_L	13260	0	37462	2428	15282	0	8442	112	4410	0	19636	78	24838	0	14582	0	22272	0	22568	2518	1990	0	2758	94	480	0	202	0	0	0	8262	96	164	76	0	0	10484	0	994	0	1824	0	0	0	0	0	0	0	0	0	660	0	786	0	2172	0	8816	0	0	0	562	0	532	0	0	0	0	0	0	0	2006	0	24328	0	0	0	924	0	6590	0	11108	0	5756	0	3754	0	0	0	5880	0	0	0	0	0	0	0	0	0	0	0	0	0	0	0	0	0	0	0	0	0	0	0	0	0	0	0	
338880	Insula_R	350	3968	688	17104	0	1630	182	8400	0	980	0	18672	150	22050	0	12308	0	10498	1816	12650	0	1140	784	1670	0	0	0	220	0	0	270	670	118	4124	0	0	0	5830	0	1274	0	1792	0	90	0	0	0	0	0	0	0	0	0	0	0	2422	0	1886	0	0	0	78	0	94	0	0	0	94	0	0	1438	756	146	16970	0	320	86	1100	0	2460	0	5900	0	1460	0	1508	0	112	0	3182	0	0	0	0	0	0	0	0	0	0	0	0	0	0	0	0	0	0	0	0	0	0	0	0	0	0	
348912	Cingulum_Ant_L	2640	0	17376	7166	5942	438	5890	794	94	0	6394	244	7198	340	828	242	230	0	9404	6740	2916	2278	17808	7128	5304	1764	2292	176	8262	270	0	19934	4962	6852	0	0	206	0	0	0	0	0	0	0	0	0	0	0	0	0	0	0	0	0	0	0	110	0	0	0	0	0	0	0	0	0	0	0	0	0	8272	2322	9912	1354	0	0	0	0	0	0	0	0	374	0	0	0	0	0	0	0	0	0	0	0	0	0	0	0	0	0	0	0	0	0	0	0	0	0	0	0	0	0	0	0	0	0	
441320	Cingulum_Ant_R	412	0	6386	35378	198	4342	1748	2520	0	150	0	748	166	942	0	2122	0	0	4228	18932	2592	2926	14028	33550	706	5010	584	1066	96	670	19934	0	3566	25232	0	0	0	106	0	0	0	0	0	0	0	0	0	0	0	0	0	0	0	0	0	0	104	0	0	0	0	0	0	0	0	0	0	0	0	0	4244	15876	1982	10000	0	0	0	116	0	0	0	0	0	0	0	0	0	0	0	0	0	0	0	0	0	0	0	0	0	0	0	0	0	0	0	0	0	0	0	0	0	0	0	0	0	0	
157408	Cingulum_Mid_L	138	516	8840	2972	76	0	4486	250	0	0	0	94	1164	264	156	204	0	0	6526	7006	0	0	5986	1176	0	0	0	0	164	118	4962	3566	0	10790	3840	882	0	0	0	0	0	0	464	160	372	154	0	0	1450	0	2574	0	96	0	0	0	78	0	196	0	410	0	400	0	622	0	3748	338	2280	786	0	0	0	0	0	0	0	0	0	0	0	0	0	0	280	0	0	0	120	0	0	0	0	0	0	0	0	0	0	0	0	0	0	0	0	0	0	0	0	0	0	0	0	0	0	0	
459016	Cingulum_Mid_R	3108	908	5138	21316	0	262	2422	3954	0	0	0	2614	312	8600	82	7252	0	0	15786	38218	0	0	14182	21842	0	0	0	0	76	4124	6852	25232	10790	0	1296	4844	0	74	0	0	0	0	0	1026	0	932	0	0	0	0	0	470	0	0	0	0	0	2664	0	0	0	0	0	230	0	124	604	3832	9852	6758	482	964	0	844	0	0	0	0	0	0	0	78	0	0	0	838	0	0	194	332	0	0	0	0	0	0	0	0	0	0	0	0	0	0	0	0	0	0	0	0	0	0	0	0	0	0	
171304	Cingulum_Post_L	1870	898	0	528	0	0	0	0	0	0	0	0	0	0	0	0	84	0	74	652	0	0	0	0	0	0	0	0	0	0	0	0	3840	1296	0	14454	5162	4628	822	1392	0	0	6124	506	956	108	1508	394	166	0	4428	0	3336	0	988	2392	114	1076	78	0	358	0	630	0	282	76	9678	1996	3586	1256	0	0	0	0	0	0	80	1268	0	0	76	0	0	0	1930	1080	0	0	3962	1350	0	0	0	0	0	0	0	0	0	0	0	0	0	0	0	0	0	0	0	0	170	0	0	0	0	0	
171840	Cingulum_Post_R	906	610	0	180	0	0	0	0	0	0	0	0	0	0	0	0	0	0	136	1402	0	0	0	0	0	0	0	0	0	0	0	0	882	4844	14454	0	3554	4424	788	1522	0	0	292	8902	0	1352	666	2174	0	90	0	944	1152	546	0	3718	0	1474	0	0	0	0	0	282	0	528	2148	14234	1184	1482	0	0	0	0	0	0	0	612	78	0	0	158	0	0	118	4600	0	0	2340	2572	0	0	0	0	0	0	0	78	0	0	0	0	0	0	0	0	0	0	0	0	494	0	0	0	0	0	
238732	Hippocampus_L	3224	356	4966	850	292	0	868	122	0	0	1256	0	92	0	0	0	1492	0	5220	194	346	0	0	0	0	0	0	0	10484	0	206	0	0	0	5162	3554	0	3360	8770	704	7472	0	1902	0	208	0	3458	478	0	0	2264	0	2430	0	14278	312	1846	146	0	0	180	0	132	0	74	0	3172	620	380	0	282	0	8450	0	440	0	4344	1718	1874	0	2020	0	726	0	862	0	166	0	7364	0	0	0	0	0	0	0	0	0	0	0	0	0	0	0	0	0	0	0	0	0	250	0	0	0	0	0	
236624	Hippocampus_R	480	5102	0	4830	0	0	0	1138	0	0	0	1698	0	256	0	1102	0	698	184	1448	0	432	0	90	0	0	0	0	0	5830	0	106	0	74	4628	4424	3360	0	910	19032	0	8874	0	492	0	90	562	3078	0	0	0	0	188	0	0	20426	0	1434	0	0	0	0	0	158	0	0	634	2484	420	124	232	186	0	9982	0	732	0	3494	0	406	0	966	0	596	0	394	0	526	270	4212	0	0	0	0	0	0	100	1012	0	96	0	0	0	0	0	0	0	0	0	0	322	0	0	0	0	0	
59960	ParaHippocampal_L	332	0	300	86	0	0	88	0	0	0	0	0	0	0	102	0	94	0	194	0	476	0	0	0	0	0	0	0	994	0	0	0	0	0	822	788	8770	910	0	136	2462	0	90	0	0	0	2258	270	0	0	134	0	120	0	5280	0	184	0	0	0	0	0	0	0	0	0	264	0	0	0	0	0	728	0	0	0	564	190	0	0	108	0	782	0	0	0	630	0	288	0	0	0	0	0	388	232	270	0	90	0	0	0	0	0	0	0	0	0	260	296	0	0	0	0	0	0	
144772	ParaHippocampal_R	90	992	0	1364	0	0	0	472	0	0	0	406	0	0	0	340	0	104	0	552	0	244	0	0	0	0	0	0	0	1274	0	0	0	0	1392	1522	704	19032	136	0	0	4802	0	742	0	86	222	3226	0	0	0	0	214	0	0	17626	0	192	0	0	0	0	0	0	0	0	110	1430	76	114	0	0	0	3446	0	486	0	1124	0	224	0	340	0	2338	0	80	0	2058	304	2936	0	94	0	0	0	0	76	1150	0	182	0	0	0	0	0	0	0	0	0	0	84	0	0	0	0	0	
43248	Amygdala_L	0	0	0	0	186	0	0	0	0	0	0	0	0	0	150	0	0	0	0	0	1036	0	0	0	0	0	0	0	1824	0	0	0	0	0	0	0	7472	0	2462	0	0	0	0	0	0	0	0	0	0	0	0	0	0	0	4586	0	0	0	0	0	0	0	0	0	0	0	0	0	0	0	0	0	996	0	0	0	0	0	0	0	184	0	738	0	0	0	380	0	1610	0	0	0	0	0	0	0	0	0	0	0	0	0	0	0	0	0	0	0	0	0	0	0	0	0	0	0	
57576	Amygdala_R	0	0	0	0	0	0	0	0	0	0	0	0	0	0	0	998	0	0	0	0	0	902	0	0	0	0	0	0	0	1792	0	0	0	0	0	0	0	8874	0	4802	0	0	0	0	0	0	0	0	0	0	0	0	0	0	0	5776	0	0	0	0	0	0	0	0	0	0	0	0	0	0	0	0	0	1852	0	0	0	0	0	0	0	0	0	1504	0	0	0	948	0	1340	0	0	0	0	0	0	0	0	0	0	0	0	0	0	0	0	0	0	0	0	0	0	0	0	0	0	
261556	Calcarine_L	166	90	0	120	0	0	0	0	0	0	0	0	0	0	0	0	86	0	0	0	0	0	0	0	0	0	0	0	0	0	0	0	464	0	6124	292	1902	0	90	0	0	0	0	8746	11084	5496	13234	2812	6460	3590	28578	2354	8202	144	4928	416	114	0	490	0	352	0	354	0	492	0	17318	676	622	0	0	0	0	0	0	0	100	0	0	0	0	0	0	0	2916	0	0	0	940	106	0	0	0	0	0	0	190	0	356	0	0	0	0	0	0	0	0	0	0	0	212	162	0	0	0	0	
361768	Calcarine_R	100	464	0	0	0	0	0	0	0	0	0	0	0	0	0	0	0	112	0	0	0	0	0	0	0	0	0	0	0	90	0	0	160	1026	506	8902	0	492	0	742	0	0	8746	0	3868	26734	3916	22766	162	18904	0	23184	76	6628	0	5528	0	736	0	204	0	118	0	130	0	182	1704	31846	0	392	0	0	0	0	0	0	0	0	0	106	0	370	0	0	0	5498	0	0	160	5882	0	0	0	0	0	0	0	0	0	90	0	0	0	0	0	0	0	0	0	0	180	180	0	0	0	0	
139548	Cuneus_L	86	0	0	0	0	0	0	0	0	0	0	0	0	0	0	0	0	0	0	0	0	0	0	0	0	0	0	0	0	0	0	0	372	0	956	0	208	0	0	0	0	0	11084	3868	0	6532	694	420	16680	2380	12914	918	800	102	550	0	164	0	534	0	206	0	0	0	292	0	8232	710	650	0	0	0	0	0	0	0	0	0	0	0	0	0	0	0	272	0	0	0	150	0	0	0	0	0	0	0	0	0	0	0	0	0	0	0	0	0	0	0	0	0	0	0	0	0	0	0	
332000	Cuneus_R	0	0	0	0	0	0	0	0	0	0	0	0	0	0	0	0	0	0	0	0	0	0	0	0	0	0	0	0	0	0	0	0	154	932	108	1352	0	90	0	86	0	0	5496	26734	6532	0	2176	6132	900	37876	622	21896	0	614	0	1286	0	6662	0	8748	0	202	0	0	0	550	3956	30496	0	388	0	0	0	0	0	0	0	0	0	0	0	0	0	0	0	1072	0	0	0	940	0	0	0	0	0	0	0	0	0	0	0	0	0	0	0	0	0	0	0	0	0	0	0	0	0	0	
328100	Lingual_L	0	0	0	0	0	0	0	0	0	0	0	0	0	0	0	0	0	0	0	0	0	0	0	0	0	0	0	0	0	0	0	0	0	0	1508	666	3458	562	2258	222	0	0	13234	3916	694	2176	0	6842	1372	2242	18244	1956	12912	0	23026	588	0	0	0	0	0	0	0	0	0	0	3110	502	0	0	0	0	0	0	0	0	236	166	0	0	0	0	0	0	96	0	0	0	274	142	7512	1894	710	0	166	142	15484	1310	19942	3424	598	0	308	0	0	0	0	0	0	166	5166	4896	1930	0	0	0	
299572	Lingual_R	0	108	0	0	0	0	0	0	0	0	0	0	0	0	0	0	0	0	0	0	0	0	0	0	0	0	0	0	0	0	0	0	0	0	394	2174	478	3078	270	3226	0	0	2812	22766	420	6132	6842	0	0	7626	154	8216	252	5326	520	15984	0	86	0	120	0	0	0	0	0	98	664	9212	0	0	0	0	0	0	0	0	0	420	0	0	0	0	0	0	0	386	0	0	0	844	3016	5138	250	0	106	262	2820	3722	5248	10382	0	0	148	0	0	0	0	0	0	84	7860	9838	2304	0	0	0	
167272	Occipital_Sup_L	0	160	0	214	0	0	0	0	0	0	0	0	0	0	0	0	0	0	0	0	0	0	0	0	0	0	0	0	0	0	0	0	1450	0	166	0	0	0	0	0	0	0	6460	162	16680	900	1372	0	0	84	27772	0	252	0	234	0	2078	0	9214	0	3726	0	166	0	1400	0	10094	294	532	0	0	0	0	0	0	0	0	0	0	0	0	0	0	0	226	0	0	0	0	0	0	0	0	0	0	0	0	0	0	0	0	0	0	0	0	0	0	0	0	0	0	0	0	0	0	0	
305708	Occipital_Sup_R	0	0	0	0	0	0	0	0	0	0	0	0	0	0	0	0	0	0	0	0	0	0	0	0	0	0	0	0	0	0	0	0	0	0	0	90	0	0	0	0	0	0	3590	18904	2380	37876	2242	7626	84	0	0	30620	0	898	0	1228	0	8482	0	11994	0	662	0	150	0	2266	1700	20480	0	178	0	0	0	0	0	0	0	0	0	0	0	80	0	0	0	640	0	0	0	532	0	0	0	0	0	0	0	0	0	78	0	0	0	0	0	0	0	0	0	0	0	74	0	0	0	0	
426788	Occipital_Mid_L	1094	198	0	712	0	0	0	0	0	0	0	0	0	0	0	0	1044	0	0	0	0	0	0	0	0	0	0	0	660	0	0	0	2574	0	4428	0	2264	0	134	0	0	0	28578	0	12914	622	18244	154	27772	0	0	0	21672	0	12534	0	4352	0	7564	0	8276	0	3592	0	13350	0	17606	0	3772	0	0	0	0	0	0	0	118	0	192	0	438	0	0	0	12606	0	0	0	3888	0	0	0	0	0	0	0	264	0	1192	104	0	0	0	0	0	0	0	0	0	0	152	330	0	0	0	0	
306368	Occipital_Mid_R	0	372	0	0	0	0	0	0	0	0	0	0	0	0	0	0	0	78	0	0	0	0	0	0	0	0	0	0	0	0	0	0	0	470	0	944	0	0	0	0	0	0	2354	23184	918	21896	1956	8216	0	30620	0	0	0	6090	0	1960	0	4408	0	3754	0	2708	0	2074	0	10218	1126	13126	0	604	0	0	0	0	0	0	0	0	0	0	0	1466	0	0	0	10870	0	0	0	3698	0	0	0	0	0	0	0	0	0	74	0	0	0	0	0	0	0	0	0	0	0	0	0	0	0	0	
205496	Occipital_Inf_L	1000	184	0	0	0	0	0	0	0	0	86	0	0	0	0	0	894	0	0	0	0	0	0	0	0	0	0	0	786	0	0	0	96	0	3336	1152	2430	188	120	214	0	0	8202	76	800	0	12912	252	252	0	21672	0	0	0	18660	616	936	0	0	0	216	0	328	0	154	0	3124	166	664	98	0	0	0	0	0	0	286	0	364	0	486	0	0	0	2542	142	0	0	11486	330	496	98	0	0	0	0	1624	180	3450	402	0	0	0	0	0	0	0	0	0	0	430	684	134	0	0	0	
68012	Occipital_Inf_R	0	0	0	0	0	0	0	0	0	0	0	0	0	0	0	0	0	0	0	0	0	0	0	0	0	0	0	0	0	0	0	0	0	0	0	546	0	0	0	0	0	0	144	6628	102	614	0	5326	0	898	0	6090	0	0	0	5124	0	0	0	0	0	0	0	0	0	0	76	1908	0	0	0	0	0	0	0	0	0	0	0	0	0	0	0	0	0	1674	0	0	0	4034	0	0	0	0	0	0	0	78	0	334	0	0	0	0	0	0	0	0	0	0	164	266	0	0	0	0	
407632	Fusiform_L	456	0	564	0	0	0	0	0	0	0	98	0	0	0	0	0	304	0	572	0	148	0	0	0	0	0	0	0	2172	0	0	0	0	0	988	0	14278	0	5280	0	4586	0	4928	0	550	0	23026	520	234	0	12534	0	18660	0	0	0	192	0	0	0	110	0	132	0	106	0	2162	0	112	0	0	0	1398	0	0	0	772	0	250	0	2086	0	5102	0	5432	0	4616	0	17478	0	17512	192	1440	0	138	300	14806	870	29112	1864	876	0	904	0	78	264	0	0	0	308	2040	2636	214	80	336	0	
300420	Fusiform_R	512	2156	0	642	0	0	0	86	0	0	0	190	0	0	0	86	0	548	0	416	0	0	0	0	0	0	0	0	0	2422	0	0	0	0	2392	3718	312	20426	0	17626	0	5776	416	5528	0	1286	588	15984	0	1228	0	1960	616	5124	0	0	340	860	0	0	0	0	0	326	0	0	128	3384	154	334	178	0	0	2364	0	224	0	704	0	382	0	2002	0	3718	78	1924	0	2820	994	12936	328	4118	0	0	0	0	286	6126	602	8844	0	0	0	0	0	0	0	0	0	0	3796	1984	238	0	0	0	
339920	Postcentral_L	38070	2728	4456	600	0	0	1642	116	0	0	7136	0	1480	0	0	0	12382	112	3488	708	0	0	0	0	0	0	0	0	8816	0	110	104	78	0	114	0	1846	0	184	0	0	0	114	0	164	0	0	0	2078	0	4352	0	936	0	192	340	0	1420	7916	0	25172	514	8468	546	4552	0	2524	0	5696	396	2266	604	1674	0	118	0	1488	0	2266	0	3416	0	474	0	4802	0	0	0	3302	0	0	0	0	0	0	0	0	0	0	0	0	0	0	0	0	0	0	0	0	0	0	0	0	0	0	0	
265556	Postcentral_R	2880	16008	0	790	0	0	128	230	0	0	0	894	0	0	0	0	0	3222	450	1156	0	0	0	0	0	0	0	0	0	1886	0	0	0	2664	1076	1474	146	1434	0	192	0	0	0	736	0	6662	0	86	0	8482	0	4408	0	0	0	860	1420	0	0	12530	0	13912	0	19226	0	838	108	13700	1062	6854	404	0	0	892	0	260	0	504	0	366	0	1068	0	0	0	2272	0	0	190	1308	0	0	0	0	0	0	0	0	0	0	0	0	0	0	0	0	0	0	0	0	0	0	0	0	0	0	
91660	Parietal_Sup_L	0	0	0	0	0	0	0	0	0	0	0	0	0	0	0	0	0	0	0	0	0	0	0	0	0	0	0	0	0	0	0	0	196	0	78	0	0	0	0	0	0	0	490	0	534	0	0	0	9214	0	7564	0	0	0	0	0	7916	0	0	0	8804	0	164	0	1388	0	8358	0	792	0	0	0	0	0	0	0	0	0	0	0	0	0	0	0	332	0	0	0	0	0	0	0	0	0	0	0	0	0	0	0	0	0	0	0	0	0	0	0	0	0	0	0	0	0	0	0	
118812	Parietal_Sup_R	0	88	0	0	0	0	0	0	0	0	0	0	0	0	0	0	0	0	0	0	0	0	0	0	0	0	0	0	0	0	0	0	0	0	0	0	0	0	0	0	0	0	0	204	0	8748	0	120	0	11994	0	3754	0	0	0	0	0	12530	0	0	0	3662	0	1610	0	2404	196	13484	0	444	0	0	0	0	0	0	0	0	0	0	0	0	0	0	0	168	0	0	0	0	0	0	0	0	0	0	0	0	0	0	0	0	0	0	0	0	0	0	0	0	0	0	0	0	0	0	
189300	Parietal_Inf_L	5258	0	516	78	0	0	680	0	0	0	278	0	0	0	0	0	666	0	328	0	0	0	0	0	0	0	0	0	562	0	0	0	410	0	358	0	180	0	0	0	0	0	352	0	206	0	0	0	3726	0	8276	0	216	0	110	0	25172	0	8804	0	0	0	17442	0	11326	0	1788	0	2026	0	174	0	108	0	0	0	0	0	0	0	796	0	134	0	4374	0	0	0	306	0	0	0	0	0	0	0	0	0	0	0	0	0	0	0	0	0	0	0	0	0	0	0	0	0	0	0	
101452	Parietal_Inf_R	642	2188	0	218	0	0	0	76	0	0	0	146	0	0	0	0	0	94	132	0	0	0	0	0	0	0	0	0	0	78	0	0	0	0	0	0	0	0	0	0	0	0	0	118	0	202	0	0	0	662	0	2708	0	0	0	0	514	13912	0	3662	0	0	0	15642	0	8630	0	272	120	208	218	0	0	0	0	0	0	0	0	0	0	136	0	0	0	148	0	0	0	0	0	0	0	0	0	0	0	0	0	0	0	0	0	0	0	0	0	0	0	0	0	0	0	0	0	0	
126076	SupraMarginal_L	790	0	86	0	0	0	170	0	0	0	0	0	0	0	0	0	2622	0	88	0	0	0	0	0	0	0	0	0	532	0	0	0	400	0	630	0	132	0	0	0	0	0	354	0	0	0	0	0	166	0	3592	0	328	0	132	0	8468	0	164	0	17442	0	0	0	10978	0	962	0	1256	0	0	0	0	0	0	0	0	0	82	0	5164	0	0	0	7902	0	0	0	598	0	0	0	0	0	0	0	0	0	0	0	0	0	0	0	0	0	0	0	0	0	0	0	0	0	0	0	
126160	SupraMarginal_R	814	3908	0	262	0	0	0	78	0	0	0	146	0	0	0	0	0	1892	132	114	0	0	0	0	0	0	0	0	0	94	0	0	0	230	0	282	0	158	0	0	0	0	0	130	0	0	0	0	0	150	0	2074	0	0	0	326	546	19226	0	1610	0	15642	0	0	0	5788	0	674	244	752	220	0	0	0	0	0	0	0	0	0	0	3788	0	0	0	3150	0	0	0	650	0	0	0	0	0	0	0	0	0	0	0	0	0	0	0	0	0	0	0	0	0	0	0	0	0	0	
131744	Angular_L	130	0	0	0	0	0	0	0	0	0	0	0	0	0	0	0	0	0	0	0	0	0	0	0	0	0	0	0	0	0	0	0	622	0	282	0	74	0	0	0	0	0	492	0	292	0	0	0	1400	0	13350	0	154	0	106	0	4552	0	1388	0	11326	0	10978	0	0	0	2328	0	2524	0	0	0	0	0	0	0	0	0	0	0	3180	0	0	0	12484	0	0	0	210	0	0	0	0	0	0	0	0	0	0	0	0	0	0	0	0	0	0	0	0	0	0	0	0	0	0	0	
84844	Angular_R	0	228	0	0	0	0	0	0	0	0	0	0	0	0	0	0	0	0	0	0	0	0	0	0	0	0	0	0	0	0	0	0	0	124	76	528	0	0	0	0	0	0	0	182	0	550	0	98	0	2266	0	10218	0	0	0	0	0	838	0	2404	0	8630	0	5788	0	0	0	796	0	144	0	0	0	0	0	0	0	0	0	0	0	2884	0	0	0	6386	0	0	0	282	0	0	0	0	0	0	0	0	0	0	0	0	0	0	0	0	0	0	0	0	0	0	0	0	0	0	
243888	Precuneus_L	302	108	0	136	0	0	0	0	0	0	0	0	0	0	0	0	78	0	0	96	0	0	0	0	0	0	0	0	0	0	0	0	3748	604	9678	2148	3172	634	264	110	0	0	17318	1704	8232	3956	3110	664	10094	1700	17606	1126	3124	76	2162	128	2524	108	8358	196	1788	0	962	0	2328	0	0	6032	2846	132	0	0	0	0	0	0	96	0	0	0	0	0	0	0	3160	0	0	0	1056	0	0	0	0	0	0	0	0	0	0	0	0	0	0	0	0	0	0	0	0	0	280	0	0	0	0	0	
382988	Precuneus_R	190	716	0	0	0	0	0	0	0	0	0	0	0	0	0	0	0	122	0	296	0	0	0	0	0	0	0	0	0	94	0	0	338	3832	1996	14234	620	2484	0	1430	0	0	676	31846	710	30496	502	9212	294	20480	0	13126	166	1908	0	3384	0	13700	0	13484	0	272	0	674	0	796	6032	0	256	3112	0	0	0	0	0	0	0	98	0	114	0	722	0	0	0	7068	0	0	354	4928	0	0	0	0	0	0	0	242	0	0	0	0	0	0	0	0	0	0	0	0	490	0	0	0	0	0	
280600	Paracentral_Lobule_L	23140	9640	250	4584	0	0	140	0	0	0	0	0	0	0	0	0	224	0	18296	18406	0	0	0	0	0	0	0	0	0	0	0	0	2280	9852	3586	1184	380	420	0	76	0	0	622	0	650	0	0	0	532	0	3772	0	664	0	112	154	5696	1062	792	0	2026	120	1256	244	2524	0	2846	256	0	8660	744	2068	0	0	354	0	7124	1560	0	0	142	0	0	0	1988	334	0	0	1256	284	0	0	0	0	0	0	0	0	0	0	0	0	0	0	0	0	0	0	0	0	0	0	0	0	0	0	
120008	Paracentral_Lobule_R	4710	10034	0	0	0	0	0	0	0	0	0	0	0	0	0	0	0	114	686	8082	0	0	0	0	0	0	0	0	0	0	0	0	786	6758	1256	1482	0	124	0	114	0	0	0	392	0	388	0	0	0	178	0	604	98	0	0	334	396	6854	0	444	0	208	0	752	0	144	132	3112	8660	0	0	0	0	0	0	0	0	0	0	0	0	398	0	0	0	1496	0	0	250	1018	0	0	0	0	0	0	0	0	0	0	0	0	0	0	0	0	0	0	0	0	0	0	0	0	0	0	
314028	Caudate_L	13168	1338	8856	14784	650	1096	8350	7322	0	0	776	1654	188	1260	688	620	914	174	10098	11364	7850	7680	420	196	944	264	1944	1636	2006	1438	8272	4244	0	482	0	0	282	232	0	0	0	0	0	0	0	0	0	0	0	0	0	0	0	0	0	178	2266	404	0	0	174	218	0	220	0	0	0	0	744	0	0	8302	15120	2154	1206	98	3380	552	238	0	162	0	110	0	98	0	0	0	200	0	0	0	0	0	0	0	0	0	0	0	0	0	0	0	0	0	0	0	0	0	0	0	0	0	0	0	
315136	Caudate_R	2402	602	1180	28838	0	7352	0	1538	0	698	0	168	0	270	0	1546	0	96	3120	17238	2744	5140	104	6038	102	3864	300	1526	0	756	2322	15876	0	964	0	0	0	186	0	0	0	0	0	0	0	0	0	0	0	0	0	0	0	0	0	0	604	0	0	0	0	0	0	0	0	0	0	0	2068	0	8302	0	5018	17962	302	2126	578	15638	0	0	0	0	0	0	0	0	0	0	0	0	0	0	0	0	0	0	0	0	0	0	0	0	0	0	0	0	0	0	0	0	0	0	0	0	0	0	
349428	Putamen_L	2792	0	22610	2872	8096	732	558	160	2554	0	1808	0	602	140	3298	92	1760	0	25116	2884	4566	5222	814	0	1046	126	1138	1140	24328	146	9912	1982	0	0	0	0	8450	0	728	0	996	0	0	0	0	0	0	0	0	0	0	0	0	0	1398	0	1674	0	0	0	108	0	0	0	0	0	0	0	0	0	15120	5018	0	1446	6232	0	806	0	0	0	2826	0	1008	0	854	0	0	0	1556	0	0	0	0	0	0	0	0	0	0	0	0	0	0	0	0	0	0	0	0	0	0	0	0	0	0	0	
282864	Putamen_R	134	1700	378	14366	0	7432	80	3042	0	1156	0	4444	0	1070	0	5238	0	4032	786	11486	802	2004	0	5748	0	2222	114	1220	0	16970	1354	10000	0	844	0	0	0	9982	0	3446	0	1852	0	0	0	0	0	0	0	0	0	0	0	0	0	2364	0	892	0	0	0	0	0	0	0	0	0	0	0	0	2154	17962	1446	0	0	2908	0	734	0	84	0	402	0	114	0	0	0	0	0	470	0	0	0	0	0	0	0	0	0	0	0	0	0	0	0	0	0	0	0	0	0	0	0	0	0	0	
39512	Pallidum_L	362	0	824	0	0	0	0	0	0	0	0	0	0	0	0	0	84	0	7742	0	110	312	0	0	0	0	0	0	0	0	0	0	0	0	0	0	440	0	0	0	0	0	0	0	0	0	0	0	0	0	0	0	0	0	0	0	118	0	0	0	0	0	0	0	0	0	0	0	354	0	1206	302	6232	0	0	0	1670	0	0	0	0	0	0	0	0	0	0	0	0	0	0	0	0	0	0	0	0	0	0	0	0	0	0	0	0	0	0	0	0	0	0	0	0	0	0	0	
27056	Pallidum_R	0	372	0	2102	0	0	0	352	0	0	0	470	0	0	0	0	0	276	434	2368	0	0	0	0	0	0	0	0	0	320	0	0	0	0	0	0	0	732	0	486	0	0	0	0	0	0	0	0	0	0	0	0	0	0	0	224	0	260	0	0	0	0	0	0	0	0	0	0	0	0	98	2126	0	2908	0	0	0	0	0	0	0	0	0	0	0	0	0	0	0	0	0	0	0	0	0	0	0	0	0	0	0	0	0	0	0	0	0	0	0	0	0	0	0	0	0	0	
114940	Thalamus_L	10754	0	3026	582	0	0	3686	136	0	0	244	78	0	0	0	0	206	0	12796	92	0	0	0	0	0	0	0	0	924	86	0	0	0	0	80	0	4344	0	564	0	0	0	100	0	0	0	236	0	0	0	118	0	286	0	772	0	1488	0	0	0	0	0	0	0	0	0	96	0	7124	0	3380	578	806	0	1670	0	0	1578	570	0	122	0	0	0	0	0	0	0	948	0	0	0	0	0	0	0	0	0	0	0	0	0	0	0	0	0	0	0	0	0	0	0	0	0	0	0	
133104	Thalamus_R	1548	3142	0	26236	0	0	108	412	0	0	0	1420	0	312	0	196	0	304	102	1110	0	0	0	86	0	0	0	0	0	1100	0	116	0	0	1268	612	1718	3494	190	1124	0	0	0	0	0	0	166	420	0	0	0	0	0	0	0	704	0	504	0	0	0	0	0	0	0	0	0	98	1560	0	552	15638	0	734	0	0	1578	0	0	0	0	0	0	0	0	0	0	0	0	0	0	0	0	0	0	0	0	0	0	0	0	0	0	0	0	0	0	0	0	0	0	0	0	0	0	0	
65376	Heschl_L	2498	0	214	0	0	0	104	0	0	0	1470	0	0	0	0	0	5198	0	298	0	0	0	0	0	0	0	0	0	6590	0	0	0	0	0	0	78	1874	0	0	0	0	0	0	0	0	0	0	0	0	0	192	0	364	0	250	0	2266	0	0	0	0	0	82	0	0	0	0	0	0	0	238	0	0	0	0	0	570	0	0	0	3738	0	0	0	2174	0	0	0	4490	0	0	0	0	0	0	0	0	0	0	0	0	0	0	0	0	0	0	0	0	0	0	0	0	0	0	0	
25280	Heschl_R	74	144	0	0	0	0	0	90	0	0	0	232	0	0	0	0	0	2818	0	0	0	0	0	0	0	0	0	0	0	2460	0	0	0	0	0	0	0	406	0	224	0	0	0	106	0	0	0	0	0	0	0	0	0	0	0	382	0	366	0	0	0	0	0	0	0	0	0	114	0	0	0	0	0	84	0	0	0	0	0	0	0	3960	0	0	0	728	0	0	0	452	0	0	0	0	0	0	0	0	0	0	0	0	0	0	0	0	0	0	0	0	0	0	0	0	0	0	
214012	Temporal_Sup_L	2612	0	3868	314	0	0	804	0	0	0	1634	0	232	0	0	0	9532	0	3384	302	0	0	0	0	0	0	0	0	11108	0	0	0	0	0	76	0	2020	0	108	0	184	0	0	0	0	0	0	0	0	0	438	0	486	0	2086	0	3416	0	0	0	796	0	5164	0	3180	0	0	0	142	0	162	0	2826	0	0	0	122	0	3738	0	0	0	3778	0	28216	0	78	0	16200	0	0	0	0	0	0	0	0	0	0	0	0	0	0	0	0	0	0	0	0	0	0	0	0	0	0	0	
96756	Temporal_Sup_R	0	558	0	104	0	0	0	152	0	0	0	478	0	0	0	0	0	3982	0	0	0	0	0	0	0	0	0	0	0	5900	0	0	0	78	0	158	0	966	0	340	0	0	0	370	0	0	0	0	0	80	0	1466	0	0	0	2002	0	1068	0	0	0	136	0	3788	0	2884	0	722	0	398	0	0	0	402	0	0	0	0	0	3960	0	0	0	1948	0	10228	0	330	0	5880	0	0	0	0	0	0	0	0	0	0	0	0	0	0	0	0	0	0	0	0	0	0	0	0	0	0	
118284	Temporal_Pole_Sup_L	1304	0	2394	158	738	0	882	0	466	0	3786	0	702	0	2592	0	3924	0	1256	156	316	0	0	0	0	0	0	0	5756	0	374	0	0	0	0	0	726	0	782	0	738	0	0	0	0	0	0	0	0	0	0	0	0	0	5102	0	474	0	0	0	134	0	0	0	0	0	0	0	0	0	110	0	1008	0	0	0	0	0	0	0	3778	0	0	0	6190	0	7378	0	7918	0	0	0	0	0	0	0	0	0	0	0	0	0	0	0	0	0	0	0	0	0	0	0	0	0	0	0	
49592	Temporal_Pole_Sup_R	0	0	0	590	0	0	0	338	0	0	0	736	0	0	0	92	0	778	0	336	0	170	0	0	0	0	0	0	0	1460	0	0	0	0	0	0	0	596	0	2338	0	1504	0	0	0	0	0	0	0	0	0	0	0	0	0	3718	0	0	0	0	0	0	0	0	0	0	0	0	0	0	0	0	0	114	0	0	0	0	0	0	0	1948	0	0	0	1824	0	4434	0	3820	0	0	0	0	0	0	0	0	0	0	0	0	0	0	0	0	0	0	0	0	0	0	0	0	0	0	
312976	Temporal_Mid_L	704	0	868	0	0	0	0	0	0	0	86	0	0	0	0	0	4024	0	868	0	0	0	0	0	0	0	0	0	3754	0	0	0	280	0	1930	118	862	0	0	0	0	0	2916	0	272	0	96	0	226	0	12606	0	2542	0	5432	78	4802	0	332	0	4374	0	7902	0	12484	0	3160	0	1988	0	98	0	854	0	0	0	0	0	2174	0	28216	0	6190	0	0	0	6292	0	39960	0	0	0	0	0	0	0	0	0	0	0	0	0	0	0	0	0	0	0	0	0	0	0	0	0	0	0	
197056	Temporal_Mid_R	354	2314	0	0	0	0	0	0	0	0	0	0	0	0	0	0	0	604	0	130	0	0	0	0	0	0	0	0	0	1508	0	0	0	838	1080	4600	0	394	0	80	0	0	0	5498	0	1072	0	386	0	640	0	10870	142	1674	0	1924	0	2272	0	168	0	148	0	3150	0	6386	0	7068	334	1496	0	0	0	0	0	0	0	0	0	728	0	10228	0	1824	0	0	0	1618	358	28642	0	0	0	0	0	0	0	0	0	0	0	0	0	0	0	0	0	0	0	0	0	0	0	0	0	0	
55024	Temporal_Pole_Mid_L	0	0	0	0	0	0	0	0	0	0	0	0	0	0	0	0	0	0	0	0	0	0	0	0	0	0	0	0	0	0	0	0	0	0	0	0	166	0	630	0	380	0	0	0	0	0	0	0	0	0	0	0	0	0	4616	0	0	0	0	0	0	0	0	0	0	0	0	0	0	0	0	0	0	0	0	0	0	0	0	0	78	0	7378	0	6292	0	0	0	7972	0	0	0	0	0	0	0	0	0	0	0	0	0	0	0	0	0	0	0	0	0	0	0	0	0	0	0	
31128	Temporal_Pole_Mid_R	0	0	0	0	0	0	0	0	0	0	0	0	0	0	0	0	0	0	0	0	0	0	0	0	0	0	0	0	0	112	0	0	0	0	0	0	0	526	0	2058	0	948	0	0	0	0	0	0	0	0	0	0	0	0	0	2820	0	0	0	0	0	0	0	0	0	0	0	0	0	0	0	0	0	0	0	0	0	0	0	0	0	330	0	4434	0	1618	0	0	0	2718	0	0	0	0	0	0	0	0	0	0	0	0	0	0	0	0	0	0	0	0	0	0	0	0	0	0	
317516	Temporal_Inf_L	2264	196	882	0	0	0	150	0	0	0	466	0	0	0	0	0	5362	0	884	0	0	0	0	0	0	0	0	0	5880	0	0	0	120	194	3962	2340	7364	270	288	304	1610	0	940	160	150	0	274	0	0	0	3888	0	11486	0	17478	994	3302	190	0	0	306	0	598	0	210	0	1056	354	1256	250	200	0	1556	0	0	0	948	0	4490	0	16200	0	7918	0	39960	358	7972	0	0	596	1994	0	192	0	0	0	236	0	440	0	104	0	80	0	0	0	0	0	0	0	86	0	0	0	0	0	
200048	Temporal_Inf_R	322	2194	0	220	0	0	0	0	0	0	0	0	0	0	0	0	0	462	0	270	0	0	0	0	0	0	0	0	0	3182	0	0	0	332	1350	2572	0	4212	0	2936	0	1340	106	5882	0	940	142	844	0	532	0	3698	330	4034	0	12936	0	1308	0	0	0	0	0	650	0	282	0	4928	284	1018	0	0	0	470	0	0	0	0	0	452	0	5880	0	3820	0	28642	0	2718	596	0	0	140	0	0	0	0	0	0	0	0	0	0	0	0	0	0	0	0	0	0	0	0	0	0	0	0	
470348	Cerebelum_Crus1_L	0	0	0	0	0	0	0	0	0	0	0	0	0	0	0	0	0	0	0	0	0	0	0	0	0	0	0	0	0	0	0	0	0	0	0	0	0	0	0	0	0	0	0	0	0	0	7512	3016	0	0	0	0	496	0	17512	328	0	0	0	0	0	0	0	0	0	0	0	0	0	0	0	0	0	0	0	0	0	0	0	0	0	0	0	0	0	0	0	0	1994	0	0	5488	34996	5192	1230	1024	17062	1454	51056	5486	16610	1514	20334	2000	2338	2876	328	0	288	1554	4340	10598	10492	3764	3772	520	
396336	Cerebelum_Crus1_R	0	0	0	0	0	0	0	0	0	0	0	0	0	0	0	0	0	0	0	0	0	0	0	0	0	0	0	0	0	0	0	0	0	0	0	0	0	0	0	94	0	0	0	0	0	0	1894	5138	0	0	0	0	98	0	192	4118	0	0	0	0	0	0	0	0	0	0	0	0	0	0	0	0	0	0	0	0	0	0	0	0	0	0	0	0	0	0	0	0	0	140	5488	0	2746	24960	638	4540	2292	25516	4016	51866	754	4296	1796	15164	238	2866	0	0	76	2866	12220	6286	10720	3774	3376	0	
293152	Cerebelum_Crus2_L	0	0	0	0	0	0	0	0	0	0	0	0	0	0	0	0	0	0	0	0	0	0	0	0	0	0	0	0	0	0	0	0	0	0	0	0	0	0	0	0	0	0	0	0	0	0	710	250	0	0	0	0	0	0	1440	0	0	0	0	0	0	0	0	0	0	0	0	0	0	0	0	0	0	0	0	0	0	0	0	0	0	0	0	0	0	0	0	0	192	0	34996	2746	0	10320	328	100	1822	270	7740	724	29390	6606	25190	5582	1192	516	234	0	0	162	682	1018	8114	5308	852	92	
255768	Cerebelum_Crus2_R	0	0	0	0	0	0	0	0	0	0	0	0	0	0	0	0	0	0	0	0	0	0	0	0	0	0	0	0	0	0	0	0	0	0	0	0	0	0	0	0	0	0	0	0	0	0	0	0	0	0	0	0	0	0	0	0	0	0	0	0	0	0	0	0	0	0	0	0	0	0	0	0	0	0	0	0	0	0	0	0	0	0	0	0	0	0	0	0	0	0	5192	24960	10320	0	214	862	384	3140	1244	7696	5422	18588	5272	24940	152	1562	0	94	0	460	966	458	9710	4846	1402	0	
43668	Cerebelum_3_L	0	0	0	0	0	0	0	0	0	0	0	0	0	0	0	0	0	0	0	0	0	0	0	0	0	0	0	0	0	0	0	0	0	0	0	0	0	0	388	0	0	0	0	0	0	0	166	106	0	0	0	0	0	0	138	0	0	0	0	0	0	0	0	0	0	0	0	0	0	0	0	0	0	0	0	0	0	0	0	0	0	0	0	0	0	0	0	0	0	0	1230	638	328	214	0	520	5368	524	1740	866	182	0	306	124	1038	358	0	0	1368	2702	2388	494	80	272	296	0	
79240	Cerebelum_3_R	0	0	0	0	0	0	0	0	0	0	0	0	0	0	0	0	0	0	0	0	0	0	0	0	0	0	0	0	0	0	0	0	0	0	0	0	0	0	232	0	0	0	0	0	0	0	142	262	0	0	0	0	0	0	300	0	0	0	0	0	0	0	0	0	0	0	0	0	0	0	0	0	0	0	0	0	0	0	0	0	0	0	0	0	0	0	0	0	0	0	1024	4540	100	862	520	0	1040	6578	1432	7554	0	136	132	1042	0	1260	0	0	524	5402	1556	1710	992	1224	1056	0	
281328	Cerebelum_4_5_L	0	0	0	0	0	0	0	0	0	0	0	0	0	0	0	0	0	0	0	0	0	0	0	0	0	0	0	0	0	0	0	0	0	0	0	0	0	100	270	76	0	0	190	0	0	0	15484	2820	0	0	264	0	1624	0	14806	286	0	0	0	0	0	0	0	0	0	0	0	0	0	0	0	0	0	0	0	0	0	0	0	0	0	0	0	0	0	0	0	0	236	0	17062	2292	1822	384	5368	1040	0	2734	34336	5764	2832	0	1470	234	2608	826	82	0	934	2942	14212	5468	268	434	870	526	
257288	Cerebelum_4_5_R	0	0	0	0	0	0	0	0	0	0	0	0	0	0	0	0	0	0	0	0	0	0	0	0	0	0	0	0	0	0	0	0	0	0	0	78	0	1012	0	1150	0	0	0	0	0	0	1310	3722	0	0	0	0	180	78	870	6126	0	0	0	0	0	0	0	0	0	0	0	242	0	0	0	0	0	0	0	0	0	0	0	0	0	0	0	0	0	0	0	0	0	0	1454	25516	270	3140	524	6578	2734	0	3004	37308	170	346	208	2764	0	1544	0	0	134	3604	17122	2888	1728	1474	1366	0	
463660	Cerebelum_6_L	0	0	0	0	0	0	0	0	0	0	0	0	0	0	0	0	0	0	0	0	0	0	0	0	0	0	0	0	0	0	0	0	0	0	0	0	0	0	90	0	0	0	356	0	0	0	19942	5248	0	0	1192	0	3450	0	29112	602	0	0	0	0	0	0	0	0	0	0	0	0	0	0	0	0	0	0	0	0	0	0	0	0	0	0	0	0	0	0	0	0	440	0	51056	4016	7740	1244	1740	1432	34336	3004	0	8998	5834	152	4924	324	1836	3328	128	0	374	2046	10488	15734	5040	2804	4044	776	
444236	Cerebelum_6_R	0	0	0	0	0	0	0	0	0	0	0	0	0	0	0	0	0	0	0	0	0	0	0	0	0	0	0	0	0	0	0	0	0	0	0	0	0	96	0	182	0	0	0	90	0	0	3424	10382	0	78	104	74	402	334	1864	8844	0	0	0	0	0	0	0	0	0	0	0	0	0	0	0	0	0	0	0	0	0	0	0	0	0	0	0	0	0	0	0	0	0	0	5486	51866	724	7696	866	7554	5764	37308	8998	0	328	1244	1020	6896	328	3144	0	0	120	4340	23038	13574	7924	4128	3898	0	
236420	Cerebelum_7b_L	0	0	0	0	0	0	0	0	0	0	0	0	0	0	0	0	0	0	0	0	0	0	0	0	0	0	0	0	0	0	0	0	0	0	0	0	0	0	0	0	0	0	0	0	0	0	598	0	0	0	0	0	0	0	876	0	0	0	0	0	0	0	0	0	0	0	0	0	0	0	0	0	0	0	0	0	0	0	0	0	0	0	0	0	0	0	0	0	104	0	16610	754	29390	5422	182	0	2832	170	5834	328	0	4744	31076	4274	5356	100	240	0	0	122	542	234	4122	4130	170	0	
144088	Cerebelum_7b_R	0	0	0	0	0	0	0	0	0	0	0	0	0	0	0	0	0	0	0	0	0	0	0	0	0	0	0	0	0	0	0	0	0	0	0	0	0	0	0	0	0	0	0	0	0	0	0	0	0	0	0	0	0	0	0	0	0	0	0	0	0	0	0	0	0	0	0	0	0	0	0	0	0	0	0	0	0	0	0	0	0	0	0	0	0	0	0	0	0	0	1514	4296	6606	18588	0	136	0	346	152	1244	4744	0	4212	20058	0	884	0	0	0	0	0	0	3512	5534	218	0	
273272	Cerebelum_8_L	0	0	0	0	0	0	0	0	0	0	0	0	0	0	0	0	0	0	0	0	0	0	0	0	0	0	0	0	0	0	0	0	0	0	0	0	0	0	0	0	0	0	0	0	0	0	308	148	0	0	0	0	0	0	904	0	0	0	0	0	0	0	0	0	0	0	0	0	0	0	0	0	0	0	0	0	0	0	0	0	0	0	0	0	0	0	0	0	80	0	20334	1796	25190	5272	306	132	1470	208	4924	1020	31076	4212	0	5410	14158	1000	1478	0	0	142	324	778	7046	6934	1880	106	
243704	Cerebelum_8_R	0	0	0	0	0	0	0	0	0	0	0	0	0	0	0	0	0	0	0	0	0	0	0	0	0	0	0	0	0	0	0	0	0	0	0	0	0	0	0	0	0	0	0	0	0	0	0	0	0	0	0	0	0	0	0	0	0	0	0	0	0	0	0	0	0	0	0	0	0	0	0	0	0	0	0	0	0	0	0	0	0	0	0	0	0	0	0	0	0	0	2000	15164	5582	24940	124	1042	234	2764	324	6896	4274	20058	5410	0	248	11874	0	398	0	438	478	432	7660	8780	2732	0	
75760	Cerebelum_9_L	0	0	0	0	0	0	0	0	0	0	0	0	0	0	0	0	0	0	0	0	0	0	0	0	0	0	0	0	0	0	0	0	0	0	0	0	0	0	0	0	0	0	0	0	0	0	0	0	0	0	0	0	0	0	78	0	0	0	0	0	0	0	0	0	0	0	0	0	0	0	0	0	0	0	0	0	0	0	0	0	0	0	0	0	0	0	0	0	0	0	2338	238	1192	152	1038	0	2608	0	1836	328	5356	0	14158	248	0	636	2192	0	0	122	760	1004	874	1218	1218	286	
122504	Cerebelum_9_R	0	0	0	0	0	0	0	0	0	0	0	0	0	0	0	0	0	0	0	0	0	0	0	0	0	0	0	0	0	0	0	0	0	0	0	0	0	0	0	0	0	0	0	0	0	0	0	0	0	0	0	0	0	0	264	0	0	0	0	0	0	0	0	0	0	0	0	0	0	0	0	0	0	0	0	0	0	0	0	0	0	0	0	0	0	0	0	0	0	0	2876	2866	516	1562	358	1260	826	1544	3328	3144	100	884	1000	11874	636	0	0	584	484	1060	858	3980	5274	6754	8332	888	
9364	Cerebelum_10_L	0	0	0	0	0	0	0	0	0	0	0	0	0	0	0	0	0	0	0	0	0	0	0	0	0	0	0	0	0	0	0	0	0	0	0	0	0	0	0	0	0	0	0	0	0	0	0	0	0	0	0	0	0	0	0	0	0	0	0	0	0	0	0	0	0	0	0	0	0	0	0	0	0	0	0	0	0	0	0	0	0	0	0	0	0	0	0	0	0	0	328	0	234	0	0	0	82	0	128	0	240	0	1478	0	2192	0	0	0	0	0	0	0	0	0	0	0	
2488	Cerebelum_10_R	0	0	0	0	0	0	0	0	0	0	0	0	0	0	0	0	0	0	0	0	0	0	0	0	0	0	0	0	0	0	0	0	0	0	0	0	0	0	0	0	0	0	0	0	0	0	0	0	0	0	0	0	0	0	0	0	0	0	0	0	0	0	0	0	0	0	0	0	0	0	0	0	0	0	0	0	0	0	0	0	0	0	0	0	0	0	0	0	0	0	0	0	0	94	0	0	0	0	0	0	0	0	0	398	0	584	0	0	0	0	0	0	168	0	0	0	
23220	Vermis_1_2	0	0	0	0	0	0	0	0	0	0	0	0	0	0	0	0	0	0	0	0	0	0	0	0	0	0	0	0	0	0	0	0	0	0	0	0	0	0	260	0	0	0	0	0	0	0	0	0	0	0	0	0	0	0	0	0	0	0	0	0	0	0	0	0	0	0	0	0	0	0	0	0	0	0	0	0	0	0	0	0	0	0	0	0	0	0	0	0	0	0	288	76	0	0	1368	524	934	134	374	120	0	0	0	0	0	484	0	0	0	3910	2014	354	138	268	364	0	
83284	Vermis_3	0	0	0	0	0	0	0	0	0	0	0	0	0	0	0	0	0	0	0	0	0	0	0	0	0	0	0	0	0	0	0	0	0	0	0	0	0	0	296	0	0	0	0	0	0	0	166	84	0	0	0	0	0	0	308	0	0	0	0	0	0	0	0	0	0	0	0	0	0	0	0	0	0	0	0	0	0	0	0	0	0	0	0	0	0	0	0	0	0	0	1554	2866	162	460	2702	5402	2942	3604	2046	4340	122	0	142	438	122	1060	0	0	3910	0	4636	1746	678	978	878	0	
266276	Vermis_4_5	0	0	0	0	0	0	0	0	0	0	0	0	0	0	0	0	0	0	0	0	0	0	0	0	0	0	0	0	0	0	0	0	0	0	170	494	250	322	0	84	0	0	212	180	0	0	5166	7860	0	0	152	0	430	164	2040	3796	0	0	0	0	0	0	0	0	0	0	280	490	0	0	0	0	0	0	0	0	0	0	0	0	0	0	0	0	0	0	0	0	86	0	4340	12220	682	966	2388	1556	14212	17122	10488	23038	542	0	324	478	760	858	0	0	2014	4636	0	10302	716	596	1372	1352	
229312	Vermis_6	0	0	0	0	0	0	0	0	0	0	0	0	0	0	0	0	0	0	0	0	0	0	0	0	0	0	0	0	0	0	0	0	0	0	0	0	0	0	0	0	0	0	162	180	0	0	4896	9838	0	74	330	0	684	266	2636	1984	0	0	0	0	0	0	0	0	0	0	0	0	0	0	0	0	0	0	0	0	0	0	0	0	0	0	0	0	0	0	0	0	0	0	10598	6286	1018	458	494	1710	5468	2888	15734	13574	234	0	778	432	1004	3980	0	0	354	1746	10302	0	5516	3556	5302	2174	
222480	Vermis_7	0	0	0	0	0	0	0	0	0	0	0	0	0	0	0	0	0	0	0	0	0	0	0	0	0	0	0	0	0	0	0	0	0	0	0	0	0	0	0	0	0	0	0	0	0	0	1930	2304	0	0	0	0	134	0	214	238	0	0	0	0	0	0	0	0	0	0	0	0	0	0	0	0	0	0	0	0	0	0	0	0	0	0	0	0	0	0	0	0	0	0	10492	10720	8114	9710	80	992	268	1728	5040	7924	4122	3512	7046	7660	874	5274	0	168	138	678	716	5516	0	8770	6700	178	
