data	data	309724	309712	867704	814408	78688	67000	461652	286316	84632	16636	209068	215376	402188	227992	285264	74676	169496	148344	702744	764100	79480	80480	344740	276460	25384	63176	28504	58440	632800	506464	307948	361592	138868	485788	88324	77008	210184	233248	93464	144260	49652	62024	256132	214912	171824	272560	277396	240064	186204	288148	476152	226980	173824	126264	430248	379224	204700	160148	140936	72504	233424	90204	99240	96428	134992	116912	314196	363048	136972	172416	447888	515640	416524	349056	46372	25500	98840	204440	31500	16780	155020	93944	96708	99364	246468	186536	38292	19112	254504	201812	477180	461408	357268	361256	59376	68260	280768	265656	501404	465012	310836	172964	355720	317448	146076	160840	33728	9256	32824	74276	237192	236924	274436	141828	99480	58488	
data	data	Precentral_L	Precentral_R	Frontal_Sup_L	Frontal_Sup_R	Frontal_Sup_Orb_L	Frontal_Sup_Orb_R	Frontal_Mid_L	Frontal_Mid_R	Frontal_Mid_Orb_L	Frontal_Mid_Orb_R	Frontal_Inf_Oper_L	Frontal_Inf_Oper_R	Frontal_Inf_Tri_L	Frontal_Inf_Tri_R	Frontal_Inf_Orb_L	Frontal_Inf_Orb_R	Rolandic_Oper_L	Rolandic_Oper_R	Supp_Motor_Area_L	Supp_Motor_Area_R	Olfactory_L	Olfactory_R	Frontal_Sup_Medial_L	Frontal_Sup_Medial_R	Frontal_Med_Orb_L	Frontal_Med_Orb_R	Rectus_L	Rectus_R	Insula_L	Insula_R	Cingulum_Ant_L	Cingulum_Ant_R	Cingulum_Mid_L	Cingulum_Mid_R	Cingulum_Post_L	Cingulum_Post_R	Hippocampus_L	Hippocampus_R	ParaHippocampal_L	ParaHippocampal_R	Amygdala_L	Amygdala_R	Calcarine_L	Calcarine_R	Cuneus_L	Cuneus_R	Lingual_L	Lingual_R	Occipital_Sup_L	Occipital_Sup_R	Occipital_Mid_L	Occipital_Mid_R	Occipital_Inf_L	Occipital_Inf_R	Fusiform_L	Fusiform_R	Postcentral_L	Postcentral_R	Parietal_Sup_L	Parietal_Sup_R	Parietal_Inf_L	Parietal_Inf_R	SupraMarginal_L	SupraMarginal_R	Angular_L	Angular_R	Precuneus_L	Precuneus_R	Paracentral_Lobule_L	Paracentral_Lobule_R	Caudate_L	Caudate_R	Putamen_L	Putamen_R	Pallidum_L	Pallidum_R	Thalamus_L	Thalamus_R	Heschl_L	Heschl_R	Temporal_Sup_L	Temporal_Sup_R	Temporal_Pole_Sup_L	Temporal_Pole_Sup_R	Temporal_Mid_L	Temporal_Mid_R	Temporal_Pole_Mid_L	Temporal_Pole_Mid_R	Temporal_Inf_L	Temporal_Inf_R	Cerebelum_Crus1_L	Cerebelum_Crus1_R	Cerebelum_Crus2_L	Cerebelum_Crus2_R	Cerebelum_3_L	Cerebelum_3_R	Cerebelum_4_5_L	Cerebelum_4_5_R	Cerebelum_6_L	Cerebelum_6_R	Cerebelum_7b_L	Cerebelum_7b_R	Cerebelum_8_L	Cerebelum_8_R	Cerebelum_9_L	Cerebelum_9_R	Cerebelum_10_L	Cerebelum_10_R	Vermis_1_2	Vermis_3	Vermis_4_5	Vermis_6	Vermis_7	Vermis_8	Vermis_9	Vermis_10	
309724	Precentral_L	0	4098	11038	1290	0	0	14350	136	0	0	7760	88	1522	106	0	0	3634	82	8410	10626	0	0	0	0	0	0	0	0	3736	726	0	0	316	5102	0	0	1426	258	190	0	0	0	168	82	0	0	0	0	0	94	2336	0	878	0	1666	0	23680	518	660	0	5708	0	1378	0	1002	0	420	418	15056	2574	788	6250	2480	282	0	276	2302	5802	214	0	1172	0	132	0	1684	144	0	0	1530	274	0	0	0	0	0	0	0	0	0	0	0	0	0	0	0	0	0	0	0	0	0	0	0	0	0	0	
309712	Precentral_R	4098	0	862	11226	0	0	744	13604	0	0	0	5552	368	802	330	0	0	2838	1426	13728	0	0	0	0	0	0	0	0	180	8946	0	0	0	1580	0	92	628	4944	406	1010	0	0	0	196	0	480	0	0	0	900	0	538	0	2446	130	1776	382	15420	0	570	200	896	0	1314	0	660	0	1828	1000	11066	3220	3478	790	3324	586	442	3544	14268	0	146	0	2072	0	386	0	3612	0	0	0	5822	0	0	0	0	0	0	0	0	0	0	0	0	0	0	0	0	0	0	0	0	0	0	0	0	0	0	
867704	Frontal_Sup_L	11038	862	0	14772	4546	0	59808	672	4192	0	13430	586	24298	2224	12910	396	6508	122	81574	19360	0	0	38646	4028	98	0	0	0	34582	2494	18290	5260	3770	3870	0	0	2402	0	244	0	0	0	0	0	0	0	0	0	0	0	0	0	0	0	484	0	2288	282	0	0	82	0	94	0	0	0	0	0	1926	0	11856	4668	28668	506	2974	0	3404	1620	290	0	1690	0	1160	0	0	0	228	0	650	0	0	0	0	0	0	0	0	0	0	0	0	0	0	0	0	0	0	0	0	0	0	0	0	0	0	0	
814408	Frontal_Sup_R	1290	11226	14772	0	0	3588	4748	34060	0	736	3678	12594	3604	9336	2614	2052	1478	5150	19888	70506	0	0	15362	33408	0	2328	0	224	5730	14024	4944	27936	1660	26348	0	0	0	1434	0	336	0	0	0	0	0	0	0	0	0	0	0	0	0	0	0	156	0	744	0	0	0	0	0	0	0	0	0	0	428	0	10936	24452	2874	20732	0	2690	564	6192	0	0	404	84	622	1188	0	0	0	0	0	84	0	0	0	0	0	0	0	0	0	0	0	0	0	0	0	0	0	0	0	0	0	0	0	0	0	0	
78688	Frontal_Sup_Orb_L	0	0	4546	0	0	0	186	0	6452	0	0	0	546	0	5142	0	0	0	126	0	680	140	890	0	3120	0	3314	0	5824	0	3024	0	0	0	0	0	0	0	0	0	0	0	0	0	0	0	0	0	0	0	0	0	0	0	0	0	0	0	0	0	0	0	0	0	0	0	0	0	0	0	454	88	4626	0	0	0	0	0	0	0	0	0	186	0	0	0	0	0	0	0	0	0	0	0	0	0	0	0	0	0	0	0	0	0	0	0	0	0	0	0	0	0	0	0	0	0	
67000	Frontal_Sup_Orb_R	0	0	0	3588	0	0	0	894	0	2542	0	338	0	0	0	2134	0	106	0	0	212	536	0	2988	114	5422	0	6156	0	776	0	1264	0	0	0	0	0	0	0	0	0	0	0	0	0	0	0	0	0	0	0	0	0	0	0	0	0	0	0	0	0	0	0	0	0	0	0	0	0	0	230	3110	168	2826	0	0	0	0	0	0	0	0	0	96	0	0	0	0	0	0	0	0	0	0	0	0	0	0	0	0	0	0	0	0	0	0	0	0	0	0	0	0	0	0	0	0	
461652	Frontal_Mid_L	14350	744	59808	4748	186	0	0	876	1576	0	8500	950	33378	2078	15764	514	2184	296	11904	5434	0	0	9462	142	0	0	0	0	14968	2812	2498	722	580	1180	0	0	620	0	0	0	0	0	0	0	0	0	0	0	0	0	114	0	0	0	0	0	974	146	0	0	100	0	276	0	0	0	0	0	118	0	12278	4614	8984	1162	0	0	3940	1094	180	0	350	0	134	88	0	0	0	0	0	0	0	0	0	0	0	0	0	0	0	0	0	0	0	0	0	0	0	0	0	0	0	0	0	0	0	0	
286316	Frontal_Mid_R	136	13604	672	34060	0	894	876	0	0	818	254	10596	778	15892	598	2554	206	2128	3098	8314	0	146	570	2630	0	0	0	0	758	12048	172	1140	0	4710	0	0	0	2104	0	518	0	338	0	0	0	0	0	0	0	0	0	0	0	0	0	202	0	98	0	0	0	0	0	0	0	0	0	0	0	0	2380	5704	698	10970	0	482	308	700	0	0	0	0	0	1004	0	0	0	0	0	0	0	0	0	0	0	0	0	0	0	0	0	0	0	0	0	0	0	0	0	0	0	0	0	0	0	0	
84632	Frontal_Mid_Orb_L	0	0	4192	0	6452	0	1576	0	0	0	0	0	4256	0	13106	0	0	0	0	0	322	0	0	0	406	0	238	0	8190	0	136	0	0	0	0	0	498	0	0	0	364	0	0	0	0	0	0	0	0	0	0	0	0	0	106	0	0	0	0	0	0	0	0	0	0	0	0	0	0	0	0	0	2158	0	0	0	0	0	0	0	0	0	162	0	0	0	0	0	154	0	0	0	0	0	0	0	0	0	0	0	0	0	0	0	0	0	0	0	0	0	0	0	0	0	0	0	
16636	Frontal_Mid_Orb_R	0	0	0	736	0	2542	0	818	0	0	0	142	0	130	0	2636	0	0	0	0	0	0	0	0	0	0	0	456	0	254	0	0	0	0	0	0	0	0	0	0	0	0	0	0	0	0	0	0	0	0	0	0	0	0	0	0	0	0	0	0	0	0	0	0	0	0	0	0	0	0	0	226	0	378	0	0	0	0	0	0	0	0	0	0	0	0	0	0	0	0	0	0	0	0	0	0	0	0	0	0	0	0	0	0	0	0	0	0	0	0	0	0	0	0	0	0	
209068	Frontal_Inf_Oper_L	7760	0	13430	3678	0	0	8500	254	0	0	0	510	11972	1726	708	0	7684	140	7890	3486	0	0	102	0	0	0	0	0	17452	2276	334	194	0	836	0	0	0	0	0	0	0	0	0	0	0	0	0	0	0	0	0	0	0	0	0	0	1452	0	0	0	0	0	0	0	0	0	0	0	0	0	5284	1284	942	116	0	0	0	0	0	0	2620	0	3570	132	0	0	0	0	202	0	0	0	0	0	0	0	0	0	0	0	0	0	0	0	0	0	0	0	0	0	0	0	0	0	0	0	
215376	Frontal_Inf_Oper_R	88	5552	586	12594	0	338	950	10596	0	142	510	0	836	10868	780	422	442	6434	610	6630	104	124	98	120	0	84	0	382	720	20524	110	178	0	904	0	0	0	568	0	100	0	0	0	0	0	0	0	0	0	0	0	0	0	0	0	0	0	860	0	0	0	0	0	0	0	0	0	0	0	0	2894	7248	1176	9772	126	0	0	224	0	0	150	180	190	2474	0	0	0	0	0	0	0	0	0	0	0	0	0	0	0	0	0	0	0	0	0	0	0	0	0	0	0	0	0	0	0	0	
402188	Frontal_Inf_Tri_L	1522	368	24298	3604	546	0	33378	778	4256	0	11972	836	0	3650	29442	568	746	222	6814	3492	0	0	3448	266	0	0	0	0	35164	4888	5898	1160	108	1004	0	0	0	0	0	0	0	0	0	0	0	0	0	0	0	0	0	0	0	0	0	0	0	90	0	0	0	0	0	0	0	0	0	0	0	0	11246	3538	5904	912	0	0	0	124	0	0	104	0	748	0	0	0	0	0	0	0	0	0	0	0	0	0	0	0	0	0	0	0	0	0	0	0	0	0	0	0	0	0	0	0	0	0	
227992	Frontal_Inf_Tri_R	106	802	2224	9336	0	0	2078	15892	0	130	1726	10868	3650	0	1410	4862	98	646	2460	6904	0	0	416	284	0	0	0	0	4372	20628	660	2610	0	2924	0	0	0	0	0	0	0	0	0	0	0	0	0	0	0	0	0	0	0	0	0	0	0	0	0	0	0	0	0	0	0	0	0	0	0	0	7458	7128	1478	2344	0	0	0	0	0	0	0	0	148	354	0	0	0	0	0	0	0	0	0	0	0	0	0	0	0	0	0	0	0	0	0	0	0	0	0	0	0	0	0	0	0	0	
285264	Frontal_Inf_Orb_L	0	330	12910	2614	5142	0	15764	598	13106	0	708	780	29442	1410	0	298	0	216	2420	2500	1054	0	990	0	0	0	194	0	23486	2430	2294	402	0	444	0	0	714	0	420	0	462	0	0	0	0	0	0	0	0	0	0	0	0	0	440	0	0	86	0	0	0	0	0	0	0	0	0	0	0	0	7598	3272	8036	870	0	0	0	98	0	0	0	0	890	0	0	0	0	0	214	0	0	0	0	0	0	0	0	0	0	0	0	0	0	0	0	0	0	0	0	0	0	0	0	0	0	0	
74676	Frontal_Inf_Orb_R	0	0	396	2052	0	2134	514	2554	0	2636	0	422	568	4862	298	0	0	270	202	714	0	888	0	0	0	0	0	1176	524	5858	0	182	0	106	0	0	0	342	0	276	0	290	0	0	0	0	0	0	0	0	0	0	0	0	0	0	0	0	0	0	0	0	0	0	0	0	0	0	0	0	1842	3692	586	3542	0	0	0	0	0	0	0	0	0	412	0	0	0	0	0	0	0	0	0	0	0	0	0	0	0	0	0	0	0	0	0	0	0	0	0	0	0	0	0	0	0	0	
169496	Rolandic_Oper_L	3634	0	6508	1478	0	0	2184	206	0	0	7684	442	746	98	0	0	0	154	6428	1278	0	0	0	0	0	0	0	0	21212	538	0	0	0	0	0	0	768	0	0	0	0	0	0	0	0	0	0	0	0	0	696	0	710	0	1342	0	4632	0	114	0	208	0	2528	0	166	0	274	0	238	0	1462	1182	1590	104	0	0	230	0	1978	0	8124	0	3026	134	1178	0	220	0	1254	0	0	0	0	0	0	0	0	0	0	0	0	0	0	0	0	0	0	0	0	0	0	0	0	0	0	0	
148344	Rolandic_Oper_R	82	2838	122	5150	0	106	296	2128	0	0	140	6434	222	646	216	270	154	0	144	4336	0	0	0	0	0	0	0	102	192	18444	0	156	0	220	0	0	0	2758	0	1716	0	0	0	0	0	0	0	0	0	0	0	0	0	0	0	132	0	3646	0	84	0	106	0	2156	0	130	0	238	0	0	776	3192	446	6868	92	320	0	142	0	652	0	1896	90	6334	0	0	0	0	0	0	0	0	0	0	0	0	0	0	0	0	0	0	0	0	0	0	0	0	0	0	0	0	0	0	0	0	
702744	Supp_Motor_Area_L	8410	1426	81574	19888	126	0	11904	3098	0	0	7890	610	6814	2460	2420	202	6428	144	0	43264	0	0	13870	7034	0	0	0	0	14324	1556	12458	9638	6986	23168	0	0	2310	0	200	0	0	0	0	0	0	0	0	0	0	0	142	0	0	0	434	0	5764	536	0	0	136	0	308	0	0	0	184	120	4016	0	6914	4722	25394	430	5326	122	3054	1450	748	0	1650	0	922	0	0	0	216	0	582	0	0	0	0	0	0	0	0	0	0	0	0	0	0	0	0	0	0	0	0	0	0	0	0	0	0	0	
764100	Supp_Motor_Area_R	10626	13728	19360	70506	0	0	5434	8314	0	0	3486	6630	3492	6904	2500	714	1278	4336	43264	0	0	0	3168	8518	0	0	0	0	5754	10822	2816	11442	2682	41426	304	262	0	1772	0	94	0	0	0	0	0	196	0	0	0	294	954	82	190	1568	510	1168	240	1394	0	0	492	0	376	174	104	0	184	578	9308	13346	9782	18830	3600	10272	122	1808	552	7728	0	118	446	1044	612	586	308	1690	0	0	370	3392	0	0	0	0	0	0	0	0	0	0	0	0	0	0	0	0	0	0	0	0	0	0	0	0	0	0	
79480	Olfactory_L	0	0	0	0	680	212	0	0	322	0	0	104	0	0	1054	0	0	0	0	0	0	6896	0	0	618	220	1606	1246	1724	114	3138	2324	0	0	0	0	750	0	524	0	530	0	0	0	0	0	0	0	0	0	0	0	0	0	86	0	0	0	0	0	0	0	0	0	0	0	0	0	0	0	8300	3972	3842	1052	0	0	0	82	0	0	0	0	344	0	0	0	0	0	0	0	0	0	0	0	0	0	0	0	0	0	0	0	0	0	0	0	0	0	0	0	0	0	0	0	0	0	
80480	Olfactory_R	0	0	0	0	140	536	0	146	0	0	0	124	0	0	0	888	0	0	0	0	6896	0	0	0	108	738	976	2286	0	1658	2552	2816	0	0	0	0	0	224	0	270	0	856	0	0	0	0	0	0	0	0	0	0	0	0	0	0	0	0	0	0	0	0	0	0	0	0	0	0	0	0	7838	5420	3658	1588	0	0	0	252	0	0	0	0	0	270	0	0	0	0	0	0	0	0	0	0	0	0	0	0	0	0	0	0	0	0	0	0	0	0	0	0	0	0	0	0	0	0	
344740	Frontal_Sup_Medial_L	0	0	38646	15362	890	0	9462	570	0	0	102	98	3448	416	990	0	0	0	13870	3168	0	0	0	19920	778	228	0	0	4584	538	21996	14308	5086	10200	0	0	0	0	0	0	0	0	0	0	0	0	0	0	0	0	0	0	0	0	0	0	0	0	0	0	0	0	0	0	0	0	0	0	0	0	3378	548	3784	0	0	0	0	0	0	0	0	0	0	0	0	0	0	0	0	0	0	0	0	0	0	0	0	0	0	0	0	0	0	0	0	0	0	0	0	0	0	0	0	0	0	0	
276460	Frontal_Sup_Medial_R	0	0	4028	33408	0	2988	142	2630	0	0	0	120	266	284	0	0	0	0	7034	8518	0	0	19920	0	0	3516	0	624	306	340	5196	22168	424	15132	0	0	0	0	0	0	0	0	0	0	0	0	0	0	0	0	0	0	0	0	0	0	0	0	0	0	0	0	0	0	0	0	0	0	0	0	802	6282	290	3812	0	0	0	0	0	0	0	0	0	0	0	0	0	0	0	0	0	0	0	0	0	0	0	0	0	0	0	0	0	0	0	0	0	0	0	0	0	0	0	0	0	0	
25384	Frontal_Med_Orb_L	0	0	98	0	3120	114	0	0	406	0	0	0	0	0	0	0	0	0	0	0	618	108	778	0	0	362	1906	88	0	0	3544	454	0	0	0	0	0	0	0	0	0	0	0	0	0	0	0	0	0	0	0	0	0	0	0	0	0	0	0	0	0	0	0	0	0	0	0	0	0	0	556	0	540	0	0	0	0	0	0	0	0	0	0	0	0	0	0	0	0	0	0	0	0	0	0	0	0	0	0	0	0	0	0	0	0	0	0	0	0	0	0	0	0	0	0	0	
63176	Frontal_Med_Orb_R	0	0	0	2328	0	5422	0	0	0	0	0	84	0	0	0	0	0	0	0	0	220	738	228	3516	362	0	0	5824	0	112	1654	4618	0	0	0	0	0	0	0	0	0	0	0	0	0	0	0	0	0	0	0	0	0	0	0	0	0	0	0	0	0	0	0	0	0	0	0	0	0	0	180	3438	294	2462	0	0	0	108	0	0	0	0	0	0	0	0	0	0	0	0	0	0	0	0	0	0	0	0	0	0	0	0	0	0	0	0	0	0	0	0	0	0	0	0	0	0	
28504	Rectus_L	0	0	0	0	3314	0	0	0	238	0	0	0	0	0	194	0	0	0	0	0	1606	976	0	0	1906	0	0	294	228	0	2158	584	0	0	0	0	0	0	0	0	0	0	0	0	0	0	0	0	0	0	0	0	0	0	0	0	0	0	0	0	0	0	0	0	0	0	0	0	0	0	1686	210	772	86	0	0	0	0	0	0	0	0	0	0	0	0	0	0	0	0	0	0	0	0	0	0	0	0	0	0	0	0	0	0	0	0	0	0	0	0	0	0	0	0	0	0	
58440	Rectus_R	0	0	0	224	0	6156	0	0	0	456	0	382	0	0	0	1176	0	102	0	0	1246	2286	0	624	88	5824	294	0	0	1172	556	2666	0	0	0	0	0	0	0	0	0	116	0	0	0	0	0	0	0	0	0	0	0	0	0	0	0	0	0	0	0	0	0	0	0	0	0	0	0	0	1180	2088	708	1700	0	0	0	0	0	0	0	0	0	176	0	0	0	0	0	0	0	0	0	0	0	0	0	0	0	0	0	0	0	0	0	0	0	0	0	0	0	0	0	0	0	0	
632800	Insula_L	3736	180	34582	5730	5824	0	14968	758	8190	0	17452	720	35164	4372	23486	524	21212	192	14324	5754	1724	0	4584	306	0	0	228	0	0	5062	8058	1716	304	1934	0	0	9098	0	1542	0	1872	0	0	0	0	0	0	0	96	0	1638	0	942	0	5402	0	1994	0	680	0	980	0	932	0	712	0	484	0	902	0	11240	2466	21282	244	0	0	1700	268	3162	0	8846	0	5570	166	3160	0	1662	0	8276	0	0	0	0	0	0	0	0	0	0	0	0	0	0	0	0	0	0	0	0	0	0	0	0	0	0	0	
506464	Insula_R	726	8946	2494	14024	0	776	2812	12048	0	254	2276	20524	4888	20628	2430	5858	538	18444	1556	10822	114	1658	538	340	0	112	0	1172	5062	0	910	2678	0	1496	0	136	0	9086	0	3732	0	1092	0	480	0	336	0	0	0	544	0	376	0	1242	0	3094	340	3330	0	0	0	94	0	302	0	212	0	1298	0	1164	11284	13184	2874	29870	898	266	956	282	0	1304	188	5388	366	7574	0	2746	0	0	0	5070	0	0	0	0	0	0	0	0	0	0	0	0	0	0	0	0	0	0	0	0	0	0	0	0	0	0	
307948	Cingulum_Ant_L	0	0	18290	4944	3024	0	2498	172	136	0	334	110	5898	660	2294	0	0	0	12458	2816	3138	2552	21996	5196	3544	1654	2158	556	8058	910	0	16544	7864	3824	0	0	0	0	0	0	0	0	0	0	0	0	0	0	0	0	0	0	0	0	0	0	0	0	0	0	0	0	0	0	0	0	100	0	0	0	10466	2386	8988	406	0	0	0	0	0	0	0	0	0	0	0	0	0	0	0	0	0	0	0	0	0	0	0	0	0	0	0	0	0	0	0	0	0	0	0	0	0	0	0	0	0	0	
361592	Cingulum_Ant_R	0	0	5260	27936	0	1264	722	1140	0	0	194	178	1160	2610	402	182	0	156	9638	11442	2324	2816	14308	22168	454	4618	584	2666	1716	2678	16544	0	3160	22260	0	0	0	0	0	0	0	0	0	0	0	0	0	0	0	0	0	0	0	0	0	0	0	0	0	0	0	0	0	0	0	0	0	0	0	0	4808	11388	1358	4544	0	0	0	118	0	0	0	0	0	0	0	0	0	0	0	0	0	0	0	0	0	0	0	0	0	0	0	0	0	0	0	0	0	0	0	0	0	0	0	0	0	0	
138868	Cingulum_Mid_L	316	0	3770	1660	0	0	580	0	0	0	0	0	108	0	0	0	0	0	6986	2682	0	0	5086	424	0	0	0	0	304	0	7864	3160	0	6984	3346	476	0	0	0	0	0	0	240	124	190	112	0	0	1052	196	3816	140	120	116	210	0	234	82	806	0	896	302	538	226	364	354	7862	2814	2204	276	0	388	0	0	0	0	0	0	0	0	0	158	0	0	742	638	0	0	190	298	0	0	0	0	0	0	0	0	0	0	0	0	0	0	0	0	0	0	0	0	0	0	0	0	0	0	
485788	Cingulum_Mid_R	5102	1580	3870	26348	0	0	1180	4710	0	0	836	904	1004	2924	444	106	0	220	23168	41426	0	0	10200	15132	0	0	0	0	1934	1496	3824	22260	6984	0	1280	4966	0	930	0	0	0	0	0	714	0	2696	0	0	0	2680	434	410	158	1980	540	1224	0	2472	0	450	146	370	92	584	0	338	1692	12940	6056	11592	1598	2476	362	516	0	0	0	1366	0	0	0	512	0	90	354	2194	0	0	390	2640	0	0	0	0	0	0	0	0	0	0	0	0	0	0	0	0	0	0	0	0	0	0	0	0	0	0	
88324	Cingulum_Post_L	0	0	0	0	0	0	0	0	0	0	0	0	0	0	0	0	0	0	0	304	0	0	0	0	0	0	0	0	0	0	0	0	3346	1280	0	4380	3774	2446	1830	778	0	0	2618	262	1300	100	462	0	796	0	1788	0	724	404	2412	506	0	0	82	0	172	0	0	0	182	0	7632	748	404	146	0	0	0	0	0	0	86	1264	0	0	0	0	0	0	1858	0	0	0	1762	316	0	0	0	0	0	0	0	0	0	0	0	0	0	0	0	0	0	0	0	0	0	0	0	0	0	0	
77008	Cingulum_Post_R	0	92	0	0	0	0	0	0	0	0	0	0	0	0	0	0	0	0	0	262	0	0	0	0	0	0	0	0	0	136	0	0	476	4966	4380	0	1442	4070	664	824	0	0	0	1258	128	2262	0	346	0	704	0	0	0	1882	0	1858	0	102	0	0	0	0	0	0	0	0	1876	7734	0	342	0	0	0	0	0	0	0	1428	0	0	0	0	0	0	0	90	0	0	0	1182	0	0	0	0	0	0	0	0	0	0	0	0	0	0	0	0	0	0	0	0	0	0	0	0	0	0	
210184	Hippocampus_L	1426	628	2402	0	0	0	620	0	498	0	0	0	0	0	714	0	768	0	2310	0	750	0	0	0	0	0	0	0	9098	0	0	0	0	0	3774	1442	0	1684	13484	1264	10126	0	1816	0	110	0	2080	0	82	0	228	0	296	0	12012	380	352	132	0	0	0	0	0	0	0	0	2972	246	296	0	446	252	7156	0	730	0	4342	2664	2324	0	1572	0	1016	0	364	0	772	0	10744	0	106	0	0	0	0	0	0	0	514	0	0	0	0	0	0	0	0	0	0	100	0	0	0	0	0	0	
233248	Hippocampus_R	258	4944	0	1434	0	0	0	2104	0	0	0	568	0	0	0	342	0	2758	0	1772	0	224	0	0	0	0	0	0	0	9086	0	0	0	930	2446	4070	1684	0	1230	21812	0	10710	0	304	0	152	0	1684	0	0	0	0	436	168	1142	18004	0	608	0	0	0	0	0	0	0	0	118	3390	190	1110	376	122	0	9258	104	540	546	4150	0	306	0	1046	0	1744	0	256	0	88	544	3192	0	0	0	0	0	0	0	212	0	462	0	0	0	0	0	0	0	0	0	0	0	0	0	0	0	0	
93464	ParaHippocampal_L	190	406	244	0	0	0	0	0	0	0	0	0	0	0	420	0	0	0	200	0	524	0	0	0	0	0	0	0	1542	0	0	0	0	0	1830	664	13484	1230	0	1064	3660	0	1610	0	0	0	2652	0	0	0	356	0	416	0	4456	352	88	0	0	0	0	0	0	0	0	0	2620	240	0	0	0	0	1440	0	0	0	1562	1810	0	0	0	0	1268	0	0	0	1548	0	634	0	84	0	0	0	0	0	0	0	0	0	0	0	0	0	0	0	0	0	0	138	0	0	0	0	0	0	
144260	ParaHippocampal_R	0	1010	0	336	0	0	0	518	0	0	0	100	0	0	0	276	0	1716	0	94	0	270	0	0	0	0	0	0	0	3732	0	0	0	0	778	824	1264	21812	1064	0	0	7052	0	930	0	0	0	3006	0	0	0	0	0	236	0	12676	0	262	0	0	0	0	0	0	0	0	0	2326	0	0	0	0	0	2614	0	240	220	3092	0	206	0	342	0	2534	0	0	0	1092	0	724	0	0	0	0	0	0	0	432	0	352	0	0	0	0	0	0	0	0	0	0	0	0	0	0	0	0	
49652	Amygdala_L	0	0	0	0	0	0	0	0	364	0	0	0	0	0	462	0	0	0	0	0	530	0	0	0	0	0	0	0	1872	0	0	0	0	0	0	0	10126	0	3660	0	0	0	0	0	0	0	0	0	0	0	0	0	0	0	4034	0	0	0	0	0	0	0	0	0	0	0	0	0	0	0	0	0	248	0	0	0	0	0	0	0	0	0	648	0	0	0	702	0	2180	0	0	0	0	0	0	0	0	0	0	0	0	0	0	0	0	0	0	0	0	0	0	0	0	0	0	0	
62024	Amygdala_R	0	0	0	0	0	0	0	338	0	0	0	0	0	0	0	290	0	0	0	0	0	856	0	0	0	0	0	116	0	1092	0	0	0	0	0	0	0	10710	0	7052	0	0	0	0	0	0	0	0	0	0	0	0	0	0	0	5540	0	0	0	0	0	0	0	0	0	0	0	0	0	0	0	0	0	1832	0	0	0	0	0	0	0	0	0	2572	0	0	0	262	0	352	0	0	0	0	0	0	0	0	0	0	0	0	0	0	0	0	0	0	0	0	0	0	0	0	0	0	
256132	Calcarine_L	168	0	0	0	0	0	0	0	0	0	0	0	0	0	0	0	0	0	0	0	0	0	0	0	0	0	0	0	0	0	0	0	240	0	2618	0	1816	0	1610	0	0	0	0	3790	18092	2578	13436	1226	12452	894	27470	282	11208	206	4238	162	88	0	298	0	0	0	0	0	0	0	22514	242	472	0	0	0	0	0	0	0	0	0	0	0	0	0	0	0	1560	0	0	0	116	0	0	0	0	0	0	0	152	0	138	0	0	0	0	0	0	0	0	0	0	0	0	0	0	0	0	0	
214912	Calcarine_R	82	196	0	0	0	0	0	0	0	0	0	0	0	0	0	0	0	0	0	0	0	0	0	0	0	0	0	0	0	480	0	0	124	714	262	1258	0	304	0	930	0	0	3790	0	3406	18648	1430	14654	0	17154	0	13002	0	6210	0	5820	0	0	0	208	0	0	0	0	0	160	332	14326	0	230	0	0	0	0	0	0	0	0	0	0	0	0	0	0	0	1722	0	0	0	2014	0	0	0	0	0	0	0	0	0	0	0	0	0	0	0	0	0	0	0	0	0	0	0	0	0	0	
171824	Cuneus_L	0	0	0	0	0	0	0	0	0	0	0	0	0	0	0	0	0	0	0	0	0	0	0	0	0	0	0	0	0	0	0	0	190	0	1300	128	110	0	0	0	0	0	18092	3406	0	5676	3040	242	20258	1902	13158	426	2694	182	1292	124	0	0	1518	0	238	0	0	0	0	0	9570	754	298	0	0	0	0	0	0	0	0	0	0	0	0	0	0	0	1084	0	0	0	230	0	0	0	0	0	0	0	0	0	0	0	0	0	0	0	0	0	0	0	0	0	0	0	0	0	0	0	
272560	Cuneus_R	0	480	0	0	0	0	0	0	0	0	0	0	0	0	0	0	0	0	0	196	0	0	0	0	0	0	0	0	0	336	0	0	112	2696	100	2262	0	152	0	0	0	0	2578	18648	5676	0	494	3182	0	35072	0	12640	0	2516	0	1886	0	1598	0	3952	0	424	0	594	0	960	1536	28064	0	2752	0	0	0	0	0	0	0	98	0	0	0	168	0	0	0	3652	0	0	0	3456	0	0	0	0	0	0	0	0	0	0	0	0	0	0	0	0	0	0	0	0	0	0	0	0	0	0	
277396	Lingual_L	0	0	0	0	0	0	0	0	0	0	0	0	0	0	0	0	0	0	0	0	0	0	0	0	0	0	0	0	0	0	0	0	0	0	462	0	2080	0	2652	0	0	0	13436	1430	3040	494	0	2244	3148	208	11084	0	5772	216	19252	1054	0	0	0	0	0	0	0	0	0	0	5728	0	0	0	0	0	0	0	0	0	428	98	0	0	0	0	0	0	158	0	0	0	154	0	12874	2126	974	0	482	0	13862	1208	21042	2714	396	0	658	0	184	0	0	0	106	170	5648	2850	132	0	0	134	
240064	Lingual_R	0	0	0	0	0	0	0	0	0	0	0	0	0	0	0	0	0	0	0	0	0	0	0	0	0	0	0	0	0	0	0	0	0	0	0	346	0	1684	0	3006	0	0	1226	14654	242	3182	2244	0	0	4874	0	4634	0	4674	266	16366	0	0	0	0	0	0	0	0	0	0	0	4462	0	0	0	0	0	0	0	0	0	106	0	0	0	0	0	0	0	0	0	0	0	0	1646	9080	304	1044	772	0	2454	7922	4738	12994	144	0	302	130	548	0	0	0	0	0	7040	7798	1150	0	0	0	
186204	Occipital_Sup_L	0	0	0	0	0	0	0	0	0	0	0	0	0	0	0	0	0	0	0	0	0	0	0	0	0	0	0	0	96	0	0	0	1052	0	796	0	82	0	0	0	0	0	12452	0	20258	0	3148	0	0	0	28128	0	1258	0	790	0	314	0	8892	0	1162	0	0	0	0	0	13120	128	272	0	0	0	0	0	0	0	0	0	0	0	0	0	0	0	866	0	0	0	288	0	0	0	0	0	0	0	0	0	0	0	0	0	0	0	0	0	0	0	0	0	0	0	0	0	0	0	
288148	Occipital_Sup_R	94	900	0	0	0	0	0	0	0	0	0	0	0	0	0	0	0	0	0	294	0	0	0	0	0	0	0	0	0	544	0	0	196	2680	0	704	0	0	0	0	0	0	894	17154	1902	35072	208	4874	0	0	0	22744	0	2698	0	1990	0	2110	0	5674	0	1306	0	1222	0	4318	718	24070	0	3392	0	0	0	0	0	0	0	102	0	0	0	298	0	0	0	4870	0	0	0	3046	0	0	0	0	0	0	0	0	0	0	0	0	0	0	0	0	0	0	0	0	0	0	0	0	0	0	
476152	Occipital_Mid_L	2336	0	0	0	0	0	114	0	0	0	0	0	0	0	0	0	696	0	142	954	0	0	0	0	0	0	0	0	1638	0	0	0	3816	434	1788	0	228	0	356	0	0	0	27470	0	13158	0	11084	0	28128	0	0	0	22552	0	7056	0	4214	0	13696	0	21260	0	3502	0	17528	0	27504	0	2610	110	0	0	0	0	0	0	0	0	0	0	1076	0	0	0	21484	0	0	0	3142	0	0	0	0	0	0	0	0	0	0	0	0	0	0	0	0	0	0	0	0	0	0	0	0	0	0	0	
226980	Occipital_Mid_R	0	538	0	0	0	0	0	0	0	0	0	0	0	0	0	0	0	0	0	82	0	0	0	0	0	0	0	0	0	376	0	0	140	410	0	0	0	0	0	0	0	0	282	13002	426	12640	0	4634	0	22744	0	0	0	7266	0	2732	0	1208	0	1266	0	2882	0	1126	0	14100	278	10004	0	2108	0	0	0	0	0	0	0	0	0	0	0	1132	0	0	0	11454	0	0	0	2660	0	0	0	0	0	0	0	0	0	0	0	0	0	0	0	0	0	0	0	0	0	0	0	0	0	0	
173824	Occipital_Inf_L	878	0	0	0	0	0	0	0	0	0	0	0	0	0	0	0	710	0	0	190	0	0	0	0	0	0	0	0	942	0	0	0	120	158	724	0	296	436	416	0	0	0	11208	0	2694	0	5772	0	1258	0	22552	0	0	0	16158	0	0	0	126	0	212	0	0	0	82	0	7654	0	902	174	0	0	0	0	0	0	0	0	96	0	532	0	0	0	3202	0	0	0	8438	0	686	0	0	0	0	0	86	0	210	0	0	0	0	0	0	0	0	0	0	0	0	0	0	0	0	0	
126264	Occipital_Inf_R	0	2446	0	0	0	0	0	0	0	0	0	0	0	0	0	0	0	0	0	1568	0	0	0	0	0	0	0	0	0	1242	0	0	116	1980	404	1882	0	168	0	236	0	0	206	6210	182	2516	216	4674	0	2698	0	7266	0	0	0	10658	0	492	0	0	0	0	0	0	0	0	408	4056	0	2322	0	0	0	0	118	0	0	0	0	0	0	0	0	0	0	1550	0	0	0	8468	0	140	0	0	0	0	0	0	160	392	0	0	0	0	0	0	0	0	0	0	0	358	0	0	0	0	
430248	Fusiform_L	1666	130	484	0	0	0	0	0	106	0	0	0	0	0	440	0	1342	0	434	510	86	0	0	0	0	0	0	0	5402	0	0	0	210	540	2412	0	12012	1142	4456	0	4034	0	4238	0	1292	0	19252	266	790	0	7056	0	16158	0	0	160	148	0	220	0	354	0	148	0	170	0	4246	0	1356	528	0	0	1458	0	0	0	144	96	1812	0	2538	0	2794	0	6014	0	1206	0	23220	0	28002	920	1714	120	284	0	12318	142	34592	906	564	0	716	0	458	0	0	0	0	0	1678	1406	234	0	0	0	
379224	Fusiform_R	0	1776	0	156	0	0	0	202	0	0	0	0	0	0	0	0	0	132	0	1168	0	0	0	0	0	0	0	0	0	3094	0	0	0	1224	506	1858	380	18004	352	12676	0	5540	162	5820	124	1886	1054	16366	0	1990	0	2732	0	10658	160	0	0	236	0	0	0	0	0	0	0	0	132	5200	0	1270	0	0	0	1774	88	186	130	750	0	0	0	808	0	4390	0	862	0	1524	0	13316	142	21116	0	2030	458	528	1472	9810	1942	24124	0	156	0	452	410	178	0	0	0	0	3872	3236	660	112	138	90	
204700	Postcentral_L	23680	382	2288	0	0	0	974	0	0	0	1452	0	0	0	0	0	4632	0	5764	240	0	0	0	0	0	0	0	0	1994	340	0	0	234	0	0	0	352	0	88	0	0	0	88	0	0	0	0	0	314	0	4214	0	0	0	148	0	0	146	9798	0	20082	0	8656	0	740	0	3710	0	4730	0	126	2392	600	0	0	0	122	1462	650	0	1362	0	0	0	292	0	0	0	172	126	0	0	0	0	0	0	0	0	0	0	0	0	0	0	0	0	0	0	0	0	0	0	0	0	0	0	
160148	Postcentral_R	518	15420	282	744	0	0	146	98	0	0	0	860	90	0	86	0	0	3646	536	1394	0	0	0	0	0	0	0	0	0	3330	0	0	82	2472	0	102	132	608	0	262	0	0	0	0	0	1598	0	0	0	2110	0	1208	0	492	0	236	146	0	0	4846	90	5198	0	9734	0	812	130	5932	0	7258	1256	0	342	352	392	0	2536	0	0	850	0	1448	0	0	0	1228	0	0	0	1072	0	0	0	0	0	0	0	0	0	0	0	0	0	0	0	0	0	0	0	0	0	0	0	0	0	0	
140936	Parietal_Sup_L	660	0	0	0	0	0	0	0	0	0	0	0	0	0	0	0	114	0	0	0	0	0	0	0	0	0	0	0	680	0	0	0	806	0	82	0	0	0	0	0	0	0	298	0	1518	0	0	0	8892	0	13696	0	126	0	220	0	9798	0	0	0	15020	0	304	0	3892	0	13422	0	262	0	0	0	0	0	0	0	0	0	0	0	0	0	0	0	342	0	0	0	336	0	0	0	0	0	0	0	0	0	0	0	0	0	0	0	0	0	0	0	0	0	0	0	0	0	0	0	
72504	Parietal_Sup_R	0	570	0	0	0	0	0	0	0	0	0	0	0	0	0	0	0	84	0	0	0	0	0	0	0	0	0	0	0	0	0	0	0	450	0	0	0	0	0	0	0	0	0	208	0	3952	0	0	0	5674	0	1266	0	0	0	0	0	4846	0	0	0	5042	0	3348	0	3276	412	6404	0	302	0	0	0	0	0	0	0	0	0	146	0	184	0	0	0	88	0	0	0	0	0	0	0	0	0	0	0	0	0	0	0	0	0	0	0	0	0	0	0	0	0	0	0	0	0	0	
233424	Parietal_Inf_L	5708	200	82	0	0	0	100	0	0	0	0	0	0	0	0	0	208	0	136	492	0	0	0	0	0	0	0	0	980	0	0	0	896	146	172	0	0	0	0	0	0	0	0	0	238	0	0	0	1162	0	21260	0	212	0	354	0	20082	90	15020	0	0	0	12314	0	24404	0	3256	0	1000	0	0	490	0	0	0	0	0	316	0	0	618	0	0	0	5020	0	0	0	1756	0	0	0	0	0	0	0	0	0	0	0	0	0	0	0	0	0	0	0	0	0	0	0	0	0	0	0	
90204	Parietal_Inf_R	0	896	0	0	0	0	0	0	0	0	0	0	0	0	0	0	0	106	0	0	0	0	0	0	0	0	0	0	0	94	0	0	302	370	0	0	0	0	0	0	0	0	0	0	0	424	0	0	0	1306	0	2882	0	0	0	0	0	5198	0	5042	0	0	0	11972	0	11796	246	2362	0	350	90	0	0	0	0	0	0	0	0	324	0	676	0	0	0	556	0	0	0	110	0	0	0	0	0	0	0	0	0	0	0	0	0	0	0	0	0	0	0	0	0	0	0	0	0	0	
99240	SupraMarginal_L	1378	0	94	0	0	0	276	0	0	0	0	0	0	0	0	0	2528	0	308	376	0	0	0	0	0	0	0	0	932	0	0	0	538	92	0	0	0	0	0	0	0	0	0	0	0	0	0	0	0	0	3502	0	0	0	148	0	8656	0	304	0	12314	0	0	0	6060	0	1208	0	146	0	94	126	0	0	0	0	0	122	118	0	5778	0	0	0	4010	0	0	0	512	0	0	0	0	0	0	0	0	0	0	0	0	0	0	0	0	0	0	0	0	0	0	0	0	0	0	0	
96428	SupraMarginal_R	0	1314	0	0	0	0	0	0	0	0	0	0	0	0	0	0	0	2156	0	174	0	0	0	0	0	0	0	0	0	302	0	0	226	584	0	0	0	0	0	0	0	0	0	0	0	594	0	0	0	1222	0	1126	0	0	0	0	0	9734	0	3348	0	11972	0	0	0	7474	168	3026	0	570	122	0	0	0	0	0	0	0	0	0	0	2478	0	0	0	1126	0	0	0	498	0	0	0	0	0	0	0	0	0	0	0	0	0	0	0	0	0	0	0	0	0	0	0	0	0	0	
134992	Angular_L	1002	0	0	0	0	0	0	0	0	0	0	0	0	0	0	0	166	0	0	104	0	0	0	0	0	0	0	0	712	0	0	0	364	0	182	0	0	0	0	0	0	0	0	0	0	0	0	0	0	0	17528	0	82	0	170	0	740	0	3892	0	24404	0	6060	0	0	0	684	0	966	0	0	0	0	0	0	0	0	0	0	0	2102	0	0	0	7992	0	0	0	346	0	0	0	0	0	0	0	0	0	0	0	0	0	0	0	0	0	0	0	0	0	0	0	0	0	0	0	
116912	Angular_R	0	660	0	0	0	0	0	0	0	0	0	0	0	0	0	0	0	130	0	0	0	0	0	0	0	0	0	0	0	212	0	0	354	338	0	0	0	0	0	0	0	0	0	160	0	960	0	0	0	4318	0	14100	0	0	0	0	0	812	0	3276	0	11796	0	7474	0	0	298	3104	0	356	0	0	0	0	0	0	0	0	0	0	0	3422	0	0	0	6184	0	0	0	502	0	0	0	0	0	0	0	0	0	0	0	0	0	0	0	0	0	0	0	0	0	0	0	0	0	0	
314196	Precuneus_L	420	0	0	0	0	0	0	0	0	0	0	0	0	0	0	0	274	0	184	184	0	0	0	0	0	0	0	0	484	0	100	0	7862	1692	7632	1876	2972	118	2620	0	0	0	22514	332	9570	1536	5728	0	13120	718	27504	278	7654	408	4246	132	3710	130	13422	412	3256	246	1208	168	684	298	0	4578	2878	300	0	0	0	0	0	0	0	0	0	0	160	140	0	0	3212	514	0	0	1242	382	0	0	0	0	0	0	0	0	0	0	0	0	0	0	0	0	0	0	0	0	0	0	0	0	0	0	
363048	Precuneus_R	418	1828	0	0	0	0	0	0	0	0	0	0	0	0	0	0	0	238	120	578	0	0	0	0	0	0	0	0	0	1298	0	0	2814	12940	748	7734	246	3390	240	2326	0	0	242	14326	754	28064	0	4462	128	24070	0	10004	0	4056	0	5200	0	5932	0	6404	0	2362	0	3026	0	3104	4578	0	418	8864	0	138	86	0	122	0	0	612	0	0	0	1496	0	0	0	10444	0	0	0	7624	0	0	0	0	0	0	0	90	0	0	0	0	0	0	0	0	0	0	0	0	0	0	0	0	0	0	
136972	Paracentral_Lobule_L	15056	1000	1926	428	0	0	118	0	0	0	0	0	0	0	0	0	238	0	4016	9308	0	0	0	0	0	0	0	0	902	0	0	0	2204	6056	404	0	296	190	0	0	0	0	472	0	298	0	0	0	272	0	2610	0	902	0	1356	0	4730	0	262	0	1000	0	146	0	966	0	2878	418	0	3242	140	370	1166	84	0	0	104	952	0	0	478	0	0	0	2044	0	0	0	1454	0	0	0	0	0	0	0	0	0	0	0	0	0	0	0	0	0	0	0	0	0	0	0	0	0	0	0	
172416	Paracentral_Lobule_R	2574	11066	0	0	0	0	0	0	0	0	0	0	0	0	0	0	0	0	0	13346	0	0	0	0	0	0	0	0	0	1164	0	0	276	11592	146	342	0	1110	0	0	0	0	0	230	0	2752	0	0	0	3392	110	2108	174	2322	528	1270	0	7258	0	302	0	350	0	570	0	356	300	8864	3242	0	106	0	0	0	0	0	118	562	0	106	0	810	0	0	276	3250	0	0	366	4870	0	0	0	0	0	0	0	0	0	0	0	0	0	0	0	0	0	0	0	0	0	0	0	0	0	0	
447888	Caudate_L	788	3220	11856	10936	454	230	12278	2380	0	0	5284	2894	11246	7458	7598	1842	1462	776	6914	9782	8300	7838	3378	802	556	180	1686	1180	11240	11284	10466	4808	0	1598	0	0	446	376	0	0	0	0	0	0	0	0	0	0	0	0	0	0	0	0	0	0	126	1256	0	0	0	90	94	122	0	0	0	0	140	106	0	22220	21076	3086	1022	140	7910	3186	0	0	506	0	764	460	0	0	0	0	0	104	0	0	0	0	0	0	0	0	0	0	0	0	0	0	0	0	0	0	0	0	0	0	0	0	0	0	
515640	Caudate_R	6250	3478	4668	24452	88	3110	4614	5704	0	226	1284	7248	3538	7128	3272	3692	1182	3192	4722	18830	3972	5420	548	6282	0	3438	210	2088	2466	13184	2386	11388	388	2476	0	0	252	122	0	0	0	0	0	0	0	0	0	0	0	0	0	0	0	0	0	0	2392	0	0	0	490	0	126	0	0	0	0	138	370	0	22220	0	8494	23706	938	1550	2062	31208	0	0	444	104	458	1822	0	0	0	0	0	0	0	0	0	0	0	0	0	0	0	0	0	0	0	0	0	0	0	0	0	0	0	0	0	0	0	0	
416524	Putamen_L	2480	790	28668	2874	4626	168	8984	698	2158	0	942	1176	5904	1478	8036	586	1590	446	25394	3600	3842	3658	3784	290	540	294	772	708	21282	2874	8988	1358	0	362	0	0	7156	0	1440	0	248	0	0	0	0	0	0	0	0	0	0	0	0	0	1458	0	600	342	0	0	0	0	0	0	0	0	0	86	1166	0	21076	8494	0	1940	7164	0	2990	742	372	0	758	0	494	126	0	94	362	0	1440	270	0	0	0	0	0	0	0	0	94	0	0	0	0	0	0	0	0	0	0	0	0	0	0	0	0	0	
349056	Putamen_R	282	3324	506	20732	0	2826	1162	10970	0	378	116	9772	912	2344	870	3542	104	6868	430	10272	1052	1588	0	3812	0	2462	86	1700	244	29870	406	4544	0	516	0	0	0	9258	0	2614	0	1832	0	0	0	0	0	0	0	0	0	0	0	0	0	1774	0	352	0	0	0	0	0	0	0	0	0	0	84	0	3086	23706	1940	0	132	3466	0	936	0	0	0	338	0	2892	0	102	0	0	0	326	0	0	0	0	0	0	0	0	0	0	0	0	0	0	0	0	0	0	0	0	0	0	0	0	0	0	
46372	Pallidum_L	0	586	2974	0	0	0	0	0	0	0	0	126	0	0	0	0	0	92	5326	122	0	0	0	0	0	0	0	0	0	898	0	0	0	0	0	0	730	104	0	0	0	0	0	0	0	0	0	0	0	0	0	0	0	118	0	88	0	392	0	0	0	0	0	0	0	0	0	122	0	0	1022	938	7164	132	0	0	1348	364	0	0	0	0	0	0	0	148	0	0	0	392	0	0	0	0	0	0	0	0	0	0	0	0	0	0	0	0	0	0	0	0	0	0	0	0	0	0	
25500	Pallidum_R	276	442	0	2690	0	0	0	482	0	0	0	0	0	0	0	0	0	320	122	1808	0	0	0	0	0	0	0	0	0	266	0	0	0	0	0	0	0	540	0	240	0	0	0	0	0	0	0	0	0	0	0	0	0	0	0	186	0	0	0	0	0	0	0	0	0	0	0	0	0	0	140	1550	0	3466	0	0	0	222	0	0	0	0	0	0	0	0	0	0	0	0	0	0	0	0	0	0	0	0	0	0	0	0	0	0	0	0	0	0	0	0	0	0	0	0	0	0	
98840	Thalamus_L	2302	3544	3404	564	0	0	3940	308	0	0	0	0	0	0	0	0	230	0	3054	552	0	0	0	0	0	0	0	0	1700	956	0	0	0	0	86	0	4342	546	1562	220	0	0	0	0	0	0	428	0	0	0	0	0	0	0	144	130	122	2536	0	0	0	0	0	0	0	0	0	0	104	118	7910	2062	2990	0	1348	0	0	3692	184	0	0	0	0	0	0	0	0	0	342	0	0	0	0	0	0	0	0	0	0	0	0	0	0	0	0	0	0	0	0	0	0	0	0	0	0	0	
204440	Thalamus_R	5802	14268	1620	6192	0	0	1094	700	0	0	0	224	124	0	98	0	0	142	1450	7728	82	252	0	0	0	108	0	0	268	282	0	118	0	1366	1264	1428	2664	4150	1810	3092	0	0	0	0	0	98	98	106	0	102	0	0	0	0	96	750	1462	0	0	0	316	0	122	0	0	0	0	612	952	562	3186	31208	742	936	364	222	3692	0	84	0	94	0	0	0	0	0	0	0	90	0	0	0	0	0	0	0	0	0	0	0	0	0	0	0	0	0	0	0	0	0	0	0	0	0	0	0	
31500	Heschl_L	214	0	290	0	0	0	180	0	0	0	0	0	0	0	0	0	1978	0	748	0	0	0	0	0	0	0	0	0	3162	0	0	0	0	0	0	0	2324	0	0	0	0	0	0	0	0	0	0	0	0	0	0	0	96	0	1812	0	650	0	0	0	0	0	118	0	0	0	0	0	0	0	0	0	372	0	0	0	184	84	0	0	1592	0	0	0	448	0	0	0	1498	0	0	0	0	0	0	0	0	0	0	0	0	0	0	0	0	0	0	0	0	0	0	0	0	0	0	0	
16780	Heschl_R	0	146	0	0	0	0	0	0	0	0	0	0	0	0	0	0	0	652	0	118	0	0	0	0	0	0	0	0	0	1304	0	0	0	0	0	0	0	306	0	206	0	0	0	0	0	0	0	0	0	0	0	0	0	0	0	0	0	850	0	146	0	324	0	0	0	0	0	0	0	106	0	0	0	0	0	0	0	0	0	0	0	3344	0	0	0	888	0	0	0	0	0	0	0	0	0	0	0	0	0	0	0	0	0	0	0	0	0	0	0	0	0	0	0	0	0	0	
155020	Temporal_Sup_L	1172	0	1690	404	0	0	350	0	0	0	2620	150	104	0	0	0	8124	0	1650	446	0	0	0	0	0	0	0	0	8846	188	0	0	0	0	0	0	1572	0	0	0	0	0	0	0	0	0	0	0	0	0	1076	0	532	0	2538	0	1362	0	0	0	618	0	5778	0	2102	0	160	0	478	0	506	444	758	0	0	0	0	94	1592	0	0	0	4416	0	18584	0	352	0	8588	0	0	0	0	0	0	0	0	0	216	0	0	0	0	0	0	0	0	0	0	0	0	0	0	0	0	0	
93944	Temporal_Sup_R	0	2072	0	84	0	0	0	0	0	0	0	180	0	0	0	0	0	1896	0	1044	0	0	0	0	0	0	0	0	0	5388	0	0	158	512	0	0	0	1046	0	342	0	0	0	0	0	168	0	0	0	298	0	1132	0	0	0	808	0	1448	0	184	0	676	0	2478	0	3422	140	1496	0	810	0	104	0	338	0	0	0	0	0	3344	0	0	0	2670	0	11706	0	94	0	2934	0	0	0	0	0	0	0	0	0	0	0	0	0	0	0	0	0	0	0	0	0	0	0	0	0	0	
96708	Temporal_Pole_Sup_L	132	0	1160	622	186	0	134	0	162	0	3570	190	748	148	890	0	3026	90	922	612	344	0	0	0	0	0	0	0	5570	366	0	0	0	0	0	0	1016	0	1268	0	648	0	0	0	0	0	0	0	0	0	0	0	0	0	2794	0	0	0	0	0	0	0	0	0	0	0	0	0	0	0	764	458	494	0	0	0	0	0	0	0	4416	0	0	84	7318	0	3756	0	6466	0	0	0	0	0	0	0	0	0	0	0	0	0	0	0	0	0	0	0	0	0	0	0	0	0	0	0	
99364	Temporal_Pole_Sup_R	0	386	0	1188	0	96	88	1004	0	0	132	2474	0	354	0	412	134	6334	0	586	0	270	0	0	0	0	0	176	166	7574	0	0	0	90	0	0	0	1744	0	2534	0	2572	0	0	0	0	0	0	0	0	0	0	0	0	0	4390	0	0	0	0	0	0	0	0	0	0	0	0	0	0	460	1822	126	2892	0	0	0	0	0	0	0	2670	84	0	0	2932	0	3702	0	2290	0	0	0	0	0	0	0	0	0	0	0	0	0	0	0	0	0	0	0	0	0	0	0	0	0	0	
246468	Temporal_Mid_L	1684	0	0	0	0	0	0	0	0	0	0	0	0	0	0	0	1178	0	0	308	0	0	0	0	0	0	0	0	3160	0	0	0	742	354	1858	0	364	0	0	0	0	0	1560	0	1084	0	158	0	866	0	21484	0	3202	0	6014	0	292	0	342	0	5020	0	4010	0	7992	0	3212	0	2044	276	0	0	0	0	0	0	0	0	448	0	18584	0	7318	0	0	0	3834	0	25846	0	0	0	0	0	0	0	0	0	0	0	0	0	0	0	0	0	0	0	0	0	0	0	0	0	0	0	
186536	Temporal_Mid_R	144	3612	0	0	0	0	0	0	0	0	0	0	0	0	0	0	0	0	0	1690	0	0	0	0	0	0	0	0	0	2746	0	0	638	2194	0	90	0	256	0	0	0	0	0	1722	0	3652	0	0	0	4870	0	11454	0	1550	0	862	0	1228	0	88	0	556	0	1126	0	6184	514	10444	0	3250	0	0	94	102	148	0	0	0	0	888	0	11706	0	2932	0	0	0	1552	0	16976	0	0	0	0	0	0	0	0	0	0	0	0	0	0	0	0	0	0	0	0	0	0	0	0	0	0	
38292	Temporal_Pole_Mid_L	0	0	228	0	0	0	0	0	0	0	0	0	0	0	0	0	220	0	216	0	0	0	0	0	0	0	0	0	1662	0	0	0	0	0	0	0	772	0	1548	0	702	0	0	0	0	0	0	0	0	0	0	0	0	0	1206	0	0	0	0	0	0	0	0	0	0	0	0	0	0	0	0	0	362	0	0	0	0	0	0	0	352	0	3756	0	3834	0	0	0	4288	0	0	0	0	0	0	0	0	0	0	0	0	0	0	0	0	0	0	0	0	0	0	0	0	0	0	0	
19112	Temporal_Pole_Mid_R	0	0	0	0	0	0	0	0	0	0	0	0	0	0	0	0	0	0	0	0	0	0	0	0	0	0	0	0	0	0	0	0	0	0	0	0	0	88	0	1092	0	262	0	0	0	0	0	0	0	0	0	0	0	0	0	1524	0	0	0	0	0	0	0	0	0	0	0	0	0	0	0	0	0	0	0	0	0	0	0	0	0	94	0	3702	0	1552	0	0	0	1242	0	0	0	0	0	0	0	0	0	0	0	0	0	0	0	0	0	0	0	0	0	0	0	0	0	0	
254504	Temporal_Inf_L	1530	0	650	0	0	0	0	0	154	0	202	0	0	0	214	0	1254	0	582	370	0	0	0	0	0	0	0	0	8276	0	0	0	190	390	1762	0	10744	544	634	0	2180	0	116	0	230	0	154	0	288	0	3142	0	8438	0	23220	0	172	0	336	0	1756	0	512	0	346	0	1242	0	1454	366	0	0	1440	0	0	0	342	90	1498	0	8588	0	6466	0	25846	0	4288	0	0	0	3840	0	764	0	0	0	514	0	2036	0	0	0	92	0	0	0	0	0	0	0	0	0	0	0	0	0	
201812	Temporal_Inf_R	274	5822	0	84	0	0	0	0	0	0	0	0	0	0	0	0	0	0	0	3392	0	0	0	0	0	0	0	0	0	5070	0	0	298	2640	316	1182	0	3192	0	724	0	352	0	2014	0	3456	0	0	0	3046	0	2660	0	8468	0	13316	126	1072	0	0	0	110	0	498	0	502	382	7624	0	4870	104	0	270	326	392	0	0	0	0	0	0	2934	0	2290	0	16976	0	1242	0	0	0	3114	0	142	0	296	0	456	0	874	0	0	0	0	0	0	0	0	0	0	0	0	0	0	0	0	
477180	Cerebelum_Crus1_L	0	0	0	0	0	0	0	0	0	0	0	0	0	0	0	0	0	0	0	0	0	0	0	0	0	0	0	0	0	0	0	0	0	0	0	0	106	0	84	0	0	0	0	0	0	0	12874	1646	0	0	0	0	686	0	28002	142	0	0	0	0	0	0	0	0	0	0	0	0	0	0	0	0	0	0	0	0	0	0	0	0	0	0	0	0	0	0	0	0	3840	0	0	2532	42156	4692	1134	142	15392	684	57556	2680	16460	2568	16858	3928	3738	414	438	0	496	1002	3858	5372	7440	792	566	312	
461408	Cerebelum_Crus1_R	0	0	0	0	0	0	0	0	0	0	0	0	0	0	0	0	0	0	0	0	0	0	0	0	0	0	0	0	0	0	0	0	0	0	0	0	0	0	0	0	0	0	0	0	0	0	2126	9080	0	0	0	0	0	140	920	21116	0	0	0	0	0	0	0	0	0	0	0	0	0	0	0	0	0	0	0	0	0	0	0	0	0	0	0	0	0	0	0	0	0	3114	2532	0	630	37230	1314	3208	2856	22760	6500	61156	220	5444	270	11528	810	1834	0	116	0	848	8450	13874	10572	568	830	658	
357268	Cerebelum_Crus2_L	0	0	0	0	0	0	0	0	0	0	0	0	0	0	0	0	0	0	0	0	0	0	0	0	0	0	0	0	0	0	0	0	0	0	0	0	0	0	0	0	0	0	0	0	0	0	974	304	0	0	0	0	0	0	1714	0	0	0	0	0	0	0	0	0	0	0	0	0	0	0	0	0	0	0	0	0	0	0	0	0	0	0	0	0	0	0	0	0	764	0	42156	630	0	9588	156	286	3288	204	8982	606	38790	5604	33172	8322	1920	970	646	0	262	674	1244	1566	10236	4282	984	310	
361256	Cerebelum_Crus2_R	0	0	0	0	0	0	0	0	0	0	0	0	0	0	0	0	0	0	0	0	0	0	0	0	0	0	0	0	0	0	0	0	0	0	0	0	0	0	0	0	0	0	0	0	0	0	0	1044	0	0	0	0	0	0	120	2030	0	0	0	0	0	0	0	0	0	0	0	0	0	0	0	0	0	0	0	0	0	0	0	0	0	0	0	0	0	0	0	0	0	142	4692	37230	9588	0	500	408	776	4866	1656	15058	5134	27630	3718	34404	564	5480	0	636	0	172	2072	3074	15972	2826	636	200	
59376	Cerebelum_3_L	0	0	0	0	0	0	0	0	0	0	0	0	0	0	0	0	0	0	0	0	0	0	0	0	0	0	0	0	0	0	0	0	0	0	0	0	0	0	0	0	0	0	0	0	0	0	482	772	0	0	0	0	0	0	284	458	0	0	0	0	0	0	0	0	0	0	0	0	0	0	0	0	0	0	0	0	0	0	0	0	0	0	0	0	0	0	0	0	0	0	1134	1314	156	500	0	0	7774	1254	4226	1678	172	0	364	0	1656	0	0	0	1276	1434	2938	1390	426	0	0	0	
68260	Cerebelum_3_R	0	0	0	0	0	0	0	0	0	0	0	0	0	0	0	0	0	0	0	0	0	0	0	0	0	0	0	0	0	0	0	0	0	0	0	0	0	0	0	0	0	0	0	0	0	0	0	0	0	0	0	0	0	0	0	528	0	0	0	0	0	0	0	0	0	0	0	0	0	0	0	0	0	0	0	0	0	0	0	0	0	0	0	0	0	0	0	0	0	296	142	3208	286	408	0	0	102	4236	950	4144	492	0	996	944	442	2782	110	0	450	2896	304	1318	2710	2282	2644	1460	
280768	Cerebelum_4_5_L	0	0	0	0	0	0	0	0	0	0	0	0	0	0	0	0	0	0	0	0	0	0	0	0	0	0	0	0	0	0	0	0	0	0	0	0	0	0	0	0	0	0	152	0	0	0	13862	2454	0	0	0	0	86	0	12318	1472	0	0	0	0	0	0	0	0	0	0	0	0	0	0	0	0	0	0	0	0	0	0	0	0	0	0	0	0	0	0	0	0	514	0	15392	2856	3288	776	7774	102	0	4918	32960	4588	1574	0	2782	0	4484	516	160	0	1774	2618	16010	4078	868	194	432	1382	
265656	Cerebelum_4_5_R	0	0	0	0	0	0	0	0	0	0	0	0	0	0	0	0	0	0	0	0	0	0	0	0	0	0	0	0	0	0	0	0	0	0	0	0	0	212	0	432	0	0	0	0	0	0	1208	7922	0	0	0	0	0	0	142	9810	0	0	0	0	0	0	0	0	0	0	0	90	0	0	0	0	0	0	0	0	0	0	0	0	0	0	0	0	0	0	0	0	0	456	684	22760	204	4866	1254	4236	4918	0	4168	32396	104	146	196	1836	1048	3002	0	0	0	1326	15608	5838	3198	1746	2020	1002	
501404	Cerebelum_6_L	0	0	0	0	0	0	0	0	0	0	0	0	0	0	0	0	0	0	0	0	0	0	0	0	0	0	0	0	0	0	0	0	0	0	0	0	514	0	0	0	0	0	138	0	0	0	21042	4738	0	0	0	0	210	160	34592	1942	0	0	0	0	0	0	0	0	0	0	0	0	0	0	0	0	94	0	0	0	0	0	0	0	216	0	0	0	0	0	0	0	2036	0	57556	6500	8982	1656	4226	950	32960	4168	0	8120	5368	108	8056	1636	6924	1440	348	0	808	2012	11024	12848	5246	1474	1722	888	
465012	Cerebelum_6_R	0	0	0	0	0	0	0	0	0	0	0	0	0	0	0	0	0	0	0	0	0	0	0	0	0	0	0	0	0	0	0	0	0	0	0	0	0	462	0	352	0	0	0	0	0	0	2714	12994	0	0	0	0	0	392	906	24124	0	0	0	0	0	0	0	0	0	0	0	0	0	0	0	0	0	0	0	0	0	0	0	0	0	0	0	0	0	0	0	0	0	874	2680	61156	606	15058	1678	4144	4588	32396	8120	0	260	514	358	4246	1414	2428	0	124	298	1612	14234	17378	10846	1764	2148	1638	
310836	Cerebelum_7b_L	0	0	0	0	0	0	0	0	0	0	0	0	0	0	0	0	0	0	0	0	0	0	0	0	0	0	0	0	0	0	0	0	0	0	0	0	0	0	0	0	0	0	0	0	0	0	396	144	0	0	0	0	0	0	564	0	0	0	0	0	0	0	0	0	0	0	0	0	0	0	0	0	0	0	0	0	0	0	0	0	0	0	0	0	0	0	0	0	0	0	16460	220	38790	5134	172	492	1574	104	5368	260	0	2944	44052	8048	8044	1510	2012	0	140	400	254	1168	8064	6852	1778	474	
172964	Cerebelum_7b_R	0	0	0	0	0	0	0	0	0	0	0	0	0	0	0	0	0	0	0	0	0	0	0	0	0	0	0	0	0	0	0	0	0	0	0	0	0	0	0	0	0	0	0	0	0	0	0	0	0	0	0	0	0	0	0	156	0	0	0	0	0	0	0	0	0	0	0	0	0	0	0	0	0	0	0	0	0	0	0	0	0	0	0	0	0	0	0	0	0	0	2568	5444	5604	27630	0	0	0	146	108	514	2944	0	1410	26108	182	4734	0	316	0	0	0	0	6878	1610	130	0	
355720	Cerebelum_8_L	0	0	0	0	0	0	0	0	0	0	0	0	0	0	0	0	0	0	0	0	0	0	0	0	0	0	0	0	0	0	0	0	0	0	0	0	0	0	0	0	0	0	0	0	0	0	658	302	0	0	0	0	0	0	716	0	0	0	0	0	0	0	0	0	0	0	0	0	0	0	0	0	0	0	0	0	0	0	0	0	0	0	0	0	0	0	0	0	92	0	16858	270	33172	3718	364	996	2782	196	8056	358	44052	1410	0	7756	20148	3404	5734	0	368	1042	980	1898	7298	10012	4126	1094	
317448	Cerebelum_8_R	0	0	0	0	0	0	0	0	0	0	0	0	0	0	0	0	0	0	0	0	0	0	0	0	0	0	0	0	0	0	0	0	0	0	0	0	0	0	0	0	0	0	0	0	0	0	0	130	0	0	0	0	0	0	0	452	0	0	0	0	0	0	0	0	0	0	0	0	0	0	0	0	0	0	0	0	0	0	0	0	0	0	0	0	0	0	0	0	0	0	3928	11528	8322	34404	0	944	0	1836	1636	4246	8048	26108	7756	0	1074	19992	0	1344	0	628	344	1364	13166	8098	3002	374	
146076	Cerebelum_9_L	0	0	0	0	0	0	0	0	0	0	0	0	0	0	0	0	0	0	0	0	0	0	0	0	0	0	0	0	0	0	0	0	0	0	0	0	0	0	0	0	0	0	0	0	0	0	184	548	0	0	0	0	0	0	458	410	0	0	0	0	0	0	0	0	0	0	0	0	0	0	0	0	0	0	0	0	0	0	0	0	0	0	0	0	0	0	0	0	0	0	3738	810	1920	564	1656	442	4484	1048	6924	1414	8044	182	20148	1074	0	1862	6510	0	162	318	1386	2162	1738	2154	1902	796	
160840	Cerebelum_9_R	0	0	0	0	0	0	0	0	0	0	0	0	0	0	0	0	0	0	0	0	0	0	0	0	0	0	0	0	0	0	0	0	0	0	0	0	0	0	0	0	0	0	0	0	0	0	0	0	0	0	0	0	0	0	0	178	0	0	0	0	0	0	0	0	0	0	0	0	0	0	0	0	0	0	0	0	0	0	0	0	0	0	0	0	0	0	0	0	0	0	414	1834	970	5480	0	2782	516	3002	1440	2428	1510	4734	3404	19992	1862	0	150	2092	614	2080	1682	3422	3986	5520	6890	3438	
33728	Cerebelum_10_L	0	0	0	0	0	0	0	0	0	0	0	0	0	0	0	0	0	0	0	0	0	0	0	0	0	0	0	0	0	0	0	0	0	0	0	0	0	0	0	0	0	0	0	0	0	0	0	0	0	0	0	0	0	0	0	0	0	0	0	0	0	0	0	0	0	0	0	0	0	0	0	0	0	0	0	0	0	0	0	0	0	0	0	0	0	0	0	0	0	0	438	0	646	0	0	110	160	0	348	0	2012	0	5734	0	6510	150	0	0	0	92	0	0	182	220	152	110	
9256	Cerebelum_10_R	0	0	0	0	0	0	0	0	0	0	0	0	0	0	0	0	0	0	0	0	0	0	0	0	0	0	0	0	0	0	0	0	0	0	0	0	0	0	0	0	0	0	0	0	0	0	0	0	0	0	0	0	0	0	0	0	0	0	0	0	0	0	0	0	0	0	0	0	0	0	0	0	0	0	0	0	0	0	0	0	0	0	0	0	0	0	0	0	0	0	0	116	0	636	0	0	0	0	0	124	0	316	0	1344	0	2092	0	0	0	0	0	0	0	0	0	0	
32824	Vermis_1_2	0	0	0	0	0	0	0	0	0	0	0	0	0	0	0	0	0	0	0	0	0	0	0	0	0	0	0	0	0	0	0	0	0	0	0	0	0	0	0	0	0	0	0	0	0	0	106	0	0	0	0	0	0	0	0	0	0	0	0	0	0	0	0	0	0	0	0	0	0	0	0	0	0	0	0	0	0	0	0	0	0	0	0	0	0	0	0	0	0	0	496	0	262	0	1276	450	1774	0	808	298	140	0	368	0	162	614	0	0	0	5058	2118	444	494	460	518	566	
74276	Vermis_3	0	0	0	0	0	0	0	0	0	0	0	0	0	0	0	0	0	0	0	0	0	0	0	0	0	0	0	0	0	0	0	0	0	0	0	0	100	0	138	0	0	0	0	0	0	0	170	0	0	0	0	0	0	0	0	0	0	0	0	0	0	0	0	0	0	0	0	0	0	0	0	0	0	0	0	0	0	0	0	0	0	0	0	0	0	0	0	0	0	0	1002	848	674	172	1434	2896	2618	1326	2012	1612	400	0	1042	628	318	2080	92	0	5058	0	3728	1242	2194	1976	2152	1226	
237192	Vermis_4_5	0	0	0	0	0	0	0	0	0	0	0	0	0	0	0	0	0	0	0	0	0	0	0	0	0	0	0	0	0	0	0	0	0	0	0	0	0	0	0	0	0	0	0	0	0	0	5648	7040	0	0	0	0	0	0	1678	3872	0	0	0	0	0	0	0	0	0	0	0	0	0	0	0	0	0	0	0	0	0	0	0	0	0	0	0	0	0	0	0	0	0	0	3858	8450	1244	2072	2938	304	16010	15608	11024	14234	254	0	980	344	1386	1682	0	0	2118	3728	0	8208	1538	546	860	2972	
236924	Vermis_6	0	0	0	0	0	0	0	0	0	0	0	0	0	0	0	0	0	0	0	0	0	0	0	0	0	0	0	0	0	0	0	0	0	0	0	0	0	0	0	0	0	0	0	0	0	0	2850	7798	0	0	0	0	0	358	1406	3236	0	0	0	0	0	0	0	0	0	0	0	0	0	0	0	0	0	0	0	0	0	0	0	0	0	0	0	0	0	0	0	0	0	0	5372	13874	1566	3074	1390	1318	4078	5838	12848	17378	1168	0	1898	1364	2162	3422	0	0	444	1242	8208	0	8480	1508	2256	3926	
