data	data	412376	127188	1.24016e+06	1.13503e+06	327120	291568	713804	223676	203784	70808	297580	157572	237688	125508	219560	74944	341968	151296	740940	991208	55288	91732	446056	494616	45348	172388	13188	48496	772688	333488	331708	424184	139016	438456	157896	210320	314700	288580	132492	186572	28880	71832	208496	270880	180904	246296	282576	311712	157784	310252	374444	239788	204324	259716	389724	503660	294836	152280	71608	53328	232532	31700	128008	100144	95568	86544	236336	286704	71648	63724	279556	547960	422944	456276	56116	86468	230512	208632	89168	37532	190108	116868	64860	82256	338232	256844	31252	41224	236480	172400	478748	373872	314552	227460	29468	55492	300360	263832	490048	513140	311820	167776	405164	307772	174388	118016	19624	21828	24272	45300	216172	203696	179428	104588	57340	20212	
data	data	Precentral_L	Precentral_R	Frontal_Sup_L	Frontal_Sup_R	Frontal_Sup_Orb_L	Frontal_Sup_Orb_R	Frontal_Mid_L	Frontal_Mid_R	Frontal_Mid_Orb_L	Frontal_Mid_Orb_R	Frontal_Inf_Oper_L	Frontal_Inf_Oper_R	Frontal_Inf_Tri_L	Frontal_Inf_Tri_R	Frontal_Inf_Orb_L	Frontal_Inf_Orb_R	Rolandic_Oper_L	Rolandic_Oper_R	Supp_Motor_Area_L	Supp_Motor_Area_R	Olfactory_L	Olfactory_R	Frontal_Sup_Medial_L	Frontal_Sup_Medial_R	Frontal_Med_Orb_L	Frontal_Med_Orb_R	Rectus_L	Rectus_R	Insula_L	Insula_R	Cingulum_Ant_L	Cingulum_Ant_R	Cingulum_Mid_L	Cingulum_Mid_R	Cingulum_Post_L	Cingulum_Post_R	Hippocampus_L	Hippocampus_R	ParaHippocampal_L	ParaHippocampal_R	Amygdala_L	Amygdala_R	Calcarine_L	Calcarine_R	Cuneus_L	Cuneus_R	Lingual_L	Lingual_R	Occipital_Sup_L	Occipital_Sup_R	Occipital_Mid_L	Occipital_Mid_R	Occipital_Inf_L	Occipital_Inf_R	Fusiform_L	Fusiform_R	Postcentral_L	Postcentral_R	Parietal_Sup_L	Parietal_Sup_R	Parietal_Inf_L	Parietal_Inf_R	SupraMarginal_L	SupraMarginal_R	Angular_L	Angular_R	Precuneus_L	Precuneus_R	Paracentral_Lobule_L	Paracentral_Lobule_R	Caudate_L	Caudate_R	Putamen_L	Putamen_R	Pallidum_L	Pallidum_R	Thalamus_L	Thalamus_R	Heschl_L	Heschl_R	Temporal_Sup_L	Temporal_Sup_R	Temporal_Pole_Sup_L	Temporal_Pole_Sup_R	Temporal_Mid_L	Temporal_Mid_R	Temporal_Pole_Mid_L	Temporal_Pole_Mid_R	Temporal_Inf_L	Temporal_Inf_R	Cerebelum_Crus1_L	Cerebelum_Crus1_R	Cerebelum_Crus2_L	Cerebelum_Crus2_R	Cerebelum_3_L	Cerebelum_3_R	Cerebelum_4_5_L	Cerebelum_4_5_R	Cerebelum_6_L	Cerebelum_6_R	Cerebelum_7b_L	Cerebelum_7b_R	Cerebelum_8_L	Cerebelum_8_R	Cerebelum_9_L	Cerebelum_9_R	Cerebelum_10_L	Cerebelum_10_R	Vermis_1_2	Vermis_3	Vermis_4_5	Vermis_6	Vermis_7	Vermis_8	Vermis_9	Vermis_10	
412376	Precentral_L	0	0	13712	5130	630	324	35770	180	284	0	17882	424	2080	422	350	0	17164	0	2882	5100	0	0	1498	1354	0	0	0	0	11366	500	1830	214	888	1262	1178	430	3136	440	1154	0	0	0	156	0	134	0	370	0	0	0	1422	0	996	0	638	0	38846	0	0	0	11318	0	2798	0	448	0	304	0	4880	0	1624	816	2748	976	0	0	1560	232	2258	0	2760	0	0	0	2144	0	0	0	1176	0	0	0	0	0	0	0	0	0	0	0	0	0	0	0	0	0	0	0	0	0	0	0	0	0	0	0	
127188	Precentral_R	0	0	286	7560	0	0	0	3998	0	0	0	7336	0	672	0	0	0	2136	228	6036	0	0	0	0	0	0	0	0	650	1262	0	0	0	546	0	0	0	1394	0	0	0	0	0	0	0	126	0	130	0	144	0	194	0	652	0	230	0	14360	0	0	0	254	0	2066	0	0	0	496	0	1582	816	768	590	478	0	126	0	138	0	752	0	1908	0	0	0	3812	0	0	0	1868	0	0	0	0	0	0	0	0	0	0	0	0	0	0	0	0	0	0	0	0	0	0	0	0	0	0	
1.24016e+06	Frontal_Sup_L	13712	286	0	25382	20932	744	79164	3122	5488	0	11606	428	12410	786	7832	0	18884	176	100134	34622	1114	1096	54114	15000	958	280	0	0	41492	492	14984	10468	4982	17832	4412	3820	12498	2550	1734	118	0	0	0	0	0	0	296	126	0	0	594	0	834	0	840	0	4758	0	0	0	1060	0	212	0	316	0	258	168	1550	0	7892	2332	31318	1116	6428	546	24450	2800	2770	0	2380	0	570	0	1318	194	0	0	1124	180	0	0	0	0	0	0	0	0	0	0	0	0	0	0	0	0	0	0	0	0	0	0	0	0	0	0	
1.13503e+06	Frontal_Sup_R	5130	7560	25382	0	1072	17430	5534	24390	926	2346	1820	5042	150	4468	836	1746	1952	9616	20454	115450	884	2706	13490	52180	0	7378	0	484	3888	19694	8804	30082	1960	18144	2248	2868	2478	11388	380	1814	0	0	0	0	0	0	0	378	0	200	122	0	0	554	0	1798	1742	4690	0	0	186	0	0	2562	0	0	0	128	128	224	10432	36922	4452	33080	858	5738	7304	18222	0	750	462	1170	0	0	0	1550	0	0	0	1690	0	0	0	0	0	0	0	0	0	0	0	0	0	0	0	0	0	0	0	0	0	0	0	0	0	0	
327120	Frontal_Sup_Orb_L	630	0	20932	1072	0	166	9770	224	23474	0	3714	158	14118	166	16606	0	1328	0	5604	858	274	0	10516	532	3520	132	1462	0	23900	0	7982	340	0	418	0	0	0	0	0	0	0	0	0	0	0	0	0	0	0	0	0	0	0	0	0	0	0	0	0	0	0	0	0	0	0	0	0	0	0	0	4170	592	9446	266	0	0	156	0	0	0	0	0	1034	0	0	0	0	0	0	0	0	0	0	0	0	0	0	0	0	0	0	0	0	0	0	0	0	0	0	0	0	0	0	0	0	0	
291568	Frontal_Sup_Orb_R	324	0	744	17430	166	0	392	3852	140	12082	360	1026	0	1994	118	7428	322	0	498	6904	0	1074	1294	11954	302	14324	136	5432	696	4972	3314	8872	0	1582	0	0	0	0	0	0	0	0	0	0	0	0	0	0	0	0	0	0	0	0	0	0	120	0	0	0	0	0	0	0	0	0	0	0	0	0	862	20470	0	15444	0	690	0	466	0	0	0	0	0	0	0	0	0	0	0	0	0	0	0	0	0	0	0	0	0	0	0	0	0	0	0	0	0	0	0	0	0	0	0	0	0	0	
713804	Frontal_Mid_L	35770	0	79164	5534	9770	392	0	574	3340	0	18706	936	22322	952	7432	0	25438	0	13578	5758	578	550	16614	2610	0	0	0	0	33006	456	5804	1202	128	2358	1044	770	6018	808	1564	0	0	0	160	0	140	0	424	0	0	0	670	0	1082	0	916	0	12808	0	0	0	4640	0	484	0	0	0	336	0	252	0	3700	1600	9236	898	598	240	3048	548	3238	0	5632	0	238	0	1598	0	0	0	1240	0	0	0	0	0	0	0	0	0	0	0	0	0	0	0	0	0	0	0	0	0	0	0	0	0	0	0	
223676	Frontal_Mid_R	180	3998	3122	24390	224	3852	574	0	246	1676	218	9752	0	11520	262	1622	276	5238	1832	1442	0	0	2026	6222	0	488	0	0	1920	5698	754	3840	0	3046	0	0	0	214	0	0	0	0	0	0	0	0	0	0	0	0	0	0	0	148	0	0	0	344	0	0	0	0	0	204	0	0	0	0	0	0	2044	4278	970	4810	0	0	0	0	0	2586	0	1152	0	0	0	394	0	0	0	276	0	0	0	0	0	0	0	0	0	0	0	0	0	0	0	0	0	0	0	0	0	0	0	0	0	0	
203784	Frontal_Mid_Orb_L	284	0	5488	926	23474	140	3340	246	0	0	2420	128	7774	130	22008	0	680	0	3996	740	0	0	450	124	502	0	322	0	16122	0	918	0	0	0	0	0	0	0	0	0	0	0	0	0	0	0	0	0	0	0	0	0	0	0	0	0	0	0	0	0	0	0	0	0	0	0	0	0	0	0	3748	574	7082	276	0	0	0	0	0	0	0	0	0	0	0	0	0	0	0	0	0	0	0	0	0	0	0	0	0	0	0	0	0	0	0	0	0	0	0	0	0	0	0	0	0	0	
70808	Frontal_Mid_Orb_R	0	0	0	2346	0	12082	0	1676	0	0	0	248	0	444	0	4992	0	0	0	1554	0	0	0	1428	0	2494	0	0	142	968	144	464	0	0	0	0	0	0	0	0	0	0	0	0	0	0	0	0	0	0	0	0	0	0	0	0	0	0	0	0	0	0	0	0	0	0	0	0	0	0	242	4700	0	1166	0	0	0	314	0	0	0	0	0	0	0	0	0	0	0	0	0	0	0	0	0	0	0	0	0	0	0	0	0	0	0	0	0	0	0	0	0	0	0	0	0	0	
297580	Frontal_Inf_Oper_L	17882	0	11606	1820	3714	360	18706	218	2420	0	0	544	9228	556	1148	0	15386	0	5504	1836	0	0	2066	1304	638	0	0	0	23118	558	4890	378	0	1110	0	0	222	0	0	0	0	0	0	0	0	0	0	0	0	0	330	0	158	0	0	0	8408	0	0	0	5318	0	588	0	0	0	0	0	0	0	1690	1178	2086	1038	0	0	0	0	576	0	1204	0	356	0	440	0	0	0	208	0	0	0	0	0	0	0	0	0	0	0	0	0	0	0	0	0	0	0	0	0	0	0	0	0	0	0	
157572	Frontal_Inf_Oper_R	424	7336	428	5042	158	1026	936	9752	128	248	544	0	0	13586	0	434	620	7124	248	1542	0	0	166	656	0	0	0	0	722	10066	292	174	0	0	0	0	0	460	0	0	0	0	0	0	0	0	0	0	0	0	0	0	0	212	0	0	290	1990	0	0	210	0	0	486	0	0	0	0	0	0	1968	4620	0	3940	0	0	0	0	0	740	234	448	0	512	0	596	0	0	0	428	0	0	0	0	0	0	0	0	0	0	0	0	0	0	0	0	0	0	0	0	0	0	0	0	0	0	
237688	Frontal_Inf_Tri_L	2080	0	12410	150	14118	0	22322	0	7774	0	9228	0	0	0	14382	0	1182	0	1416	170	0	0	5660	242	826	0	0	0	19918	0	5660	0	0	190	0	0	0	0	0	0	0	0	0	0	0	0	0	0	0	0	0	0	0	0	0	0	502	0	0	0	450	0	0	0	0	0	0	0	0	0	0	0	164	0	0	0	0	0	0	0	0	0	0	0	0	0	0	0	0	0	0	0	0	0	0	0	0	0	0	0	0	0	0	0	0	0	0	0	0	0	0	0	0	0	0	0	
125508	Frontal_Inf_Tri_R	422	672	786	4468	166	1994	952	11520	130	444	556	13586	0	0	0	4182	622	604	366	406	0	0	530	1250	0	188	0	0	728	7746	318	654	0	704	0	0	0	0	0	0	0	0	0	0	0	0	0	0	0	0	0	0	0	0	0	0	300	0	0	0	218	0	0	0	0	0	0	0	0	0	2082	3518	0	2220	0	0	0	0	0	0	232	0	0	190	0	0	0	0	0	0	0	0	0	0	0	0	0	0	0	0	0	0	0	0	0	0	0	0	0	0	0	0	0	0	0	0	
219560	Frontal_Inf_Orb_L	350	0	7832	836	16606	118	7432	262	22008	0	1148	0	14382	0	0	0	792	0	1710	602	322	0	1682	0	170	0	682	0	17650	0	418	0	0	0	0	0	0	0	396	0	0	0	0	0	0	0	0	0	0	0	0	0	0	0	252	0	0	0	0	0	0	0	0	0	0	0	0	0	0	0	3226	454	8200	268	0	0	118	0	0	0	0	0	1864	0	0	0	0	0	0	0	0	0	0	0	0	0	0	0	0	0	0	0	0	0	0	0	0	0	0	0	0	0	0	0	0	0	
74944	Frontal_Inf_Orb_R	0	0	0	1746	0	7428	0	1622	0	4992	0	434	0	4182	0	0	0	0	0	728	0	0	0	504	0	136	0	554	0	10054	0	178	0	236	0	0	0	0	0	0	0	0	0	0	0	0	0	0	0	0	0	0	0	0	0	0	0	0	0	0	0	0	0	0	0	0	0	0	0	0	0	1504	0	2834	0	0	0	0	0	0	0	0	0	340	0	0	0	0	0	0	0	0	0	0	0	0	0	0	0	0	0	0	0	0	0	0	0	0	0	0	0	0	0	0	0	0	
341968	Rolandic_Oper_L	17164	0	18884	1952	1328	322	25438	276	680	0	15386	620	1182	622	792	0	0	0	4582	2070	0	0	2156	1558	0	0	0	0	34090	236	1628	294	0	1326	0	0	1112	0	0	0	0	0	0	0	0	0	0	0	0	0	1890	0	364	0	134	0	9842	0	0	0	562	0	698	0	0	0	0	0	0	0	1590	574	1550	442	0	0	0	0	5876	0	9480	0	300	0	2954	0	0	0	1030	0	0	0	0	0	0	0	0	0	0	0	0	0	0	0	0	0	0	0	0	0	0	0	0	0	0	0	
151296	Rolandic_Oper_R	0	2136	176	9616	0	0	0	5238	0	0	0	7124	0	604	0	0	0	0	124	5918	0	0	146	720	0	0	0	0	0	17888	0	0	0	0	0	0	0	540	0	0	0	0	0	0	0	0	0	0	0	0	0	0	0	0	0	0	0	3582	0	0	0	0	0	2178	0	0	0	0	0	0	0	4174	0	6488	0	224	0	166	0	4194	0	3298	0	544	0	366	0	0	0	204	0	0	0	0	0	0	0	0	0	0	0	0	0	0	0	0	0	0	0	0	0	0	0	0	0	0	
740940	Supp_Motor_Area_L	2882	228	100134	20454	5604	498	13578	1832	3996	0	5504	248	1416	366	1710	0	4582	124	0	38210	884	856	9862	6820	660	216	0	0	22462	262	6548	5142	15990	16344	5008	4298	8146	2630	1128	162	0	0	258	0	332	0	0	0	0	0	826	0	124	0	416	134	944	0	298	0	632	0	0	0	338	0	426	640	4104	300	6368	1694	18544	674	4338	352	14352	2604	276	0	934	0	504	0	450	204	0	0	466	154	0	0	0	0	0	0	0	0	0	0	0	0	0	0	0	0	0	0	0	0	0	0	0	0	0	0	
991208	Supp_Motor_Area_R	5100	6036	34622	115450	858	6904	5758	1442	740	1554	1836	1542	170	406	602	728	2070	5918	38210	0	928	2820	6256	17036	0	4776	0	338	3162	10896	3628	8568	6080	35950	2456	7746	2480	10464	384	1796	0	0	0	552	0	1482	0	574	0	1144	116	304	0	440	0	1558	1634	8046	0	0	140	558	0	3768	0	0	0	4160	894	6148	9904	28896	4382	24768	1150	5932	7418	20332	0	428	424	1306	0	0	0	1492	0	0	0	1944	0	0	0	0	0	0	0	0	0	0	0	0	0	0	0	0	0	0	0	0	0	0	0	0	0	0	
55288	Olfactory_L	0	0	1114	884	274	0	578	0	0	0	0	0	0	0	322	0	0	0	884	928	0	3658	0	0	0	0	204	0	876	0	2344	780	0	0	0	0	606	0	740	0	654	0	0	0	0	0	0	0	0	0	0	0	0	0	148	0	0	0	0	0	0	0	0	0	0	0	0	0	0	0	4562	3254	2912	0	760	668	0	0	0	0	0	0	494	0	0	0	0	0	0	0	0	0	0	0	0	0	0	0	0	0	0	0	0	0	0	0	0	0	0	0	0	0	0	0	0	0	
91732	Olfactory_R	0	0	1096	2706	0	1074	550	0	0	0	0	0	0	0	0	0	0	0	856	2820	3658	0	0	0	0	2472	0	2680	0	1150	3112	3740	0	0	0	0	0	140	0	138	0	178	0	0	0	0	0	0	0	0	0	0	0	0	0	0	0	0	0	0	0	0	0	0	0	0	0	0	0	0	3722	7664	2002	2234	606	3130	0	138	0	0	0	0	0	0	0	0	0	0	0	0	0	0	0	0	0	0	0	0	0	0	0	0	0	0	0	0	0	0	0	0	0	0	0	0	0	0	
446056	Frontal_Sup_Medial_L	1498	0	54114	13490	10516	1294	16614	2026	450	0	2066	166	5660	530	1682	0	2156	146	9862	6256	0	0	0	28864	1086	660	0	0	7206	428	16688	16822	3436	17730	0	0	0	0	0	0	0	0	0	0	0	0	0	0	0	0	0	0	0	0	0	0	0	0	0	0	0	0	0	0	0	0	0	0	0	0	452	524	144	318	0	0	0	0	0	0	144	0	0	0	0	0	0	0	0	0	0	0	0	0	0	0	0	0	0	0	0	0	0	0	0	0	0	0	0	0	0	0	0	0	0	0	
494616	Frontal_Sup_Medial_R	1354	0	15000	52180	532	11954	2610	6222	124	1428	1304	656	242	1250	0	504	1558	720	6820	17036	0	0	28864	0	212	8128	0	124	1126	2234	9048	35346	432	24346	0	0	0	0	0	0	0	0	0	0	0	0	0	0	0	0	0	0	0	0	0	0	264	1182	0	0	0	0	0	964	0	0	0	0	0	0	460	8652	0	4056	0	0	0	0	0	0	376	0	0	0	0	0	0	0	0	0	0	0	0	0	0	0	0	0	0	0	0	0	0	0	0	0	0	0	0	0	0	0	0	0	0	0	
45348	Frontal_Med_Orb_L	0	0	958	0	3520	302	0	0	502	0	638	0	826	0	170	0	0	0	660	0	0	0	1086	212	0	1048	908	0	1352	0	6128	426	0	0	0	0	0	0	0	0	0	0	0	0	0	0	0	0	0	0	0	0	0	0	0	0	0	0	0	0	0	0	0	0	0	0	0	0	0	0	886	0	3052	0	0	0	0	0	0	0	0	0	0	0	0	0	0	0	0	0	0	0	0	0	0	0	0	0	0	0	0	0	0	0	0	0	0	0	0	0	0	0	0	0	0	0	
172388	Frontal_Med_Orb_R	0	0	280	7378	132	14324	0	488	0	2494	0	0	0	188	0	136	0	0	216	4776	0	2472	660	8128	1048	0	118	4160	458	524	3018	9328	0	430	0	0	0	0	0	0	0	0	0	0	0	0	0	0	0	0	0	0	0	0	0	0	0	0	0	0	0	0	0	0	0	0	0	0	0	0	654	15620	0	7916	0	1118	0	130	0	0	0	0	0	0	0	0	0	0	0	0	0	0	0	0	0	0	0	0	0	0	0	0	0	0	0	0	0	0	0	0	0	0	0	0	0	0	
13188	Rectus_L	0	0	0	0	1462	136	0	0	322	0	0	0	0	0	682	0	0	0	0	0	204	0	0	0	908	118	0	282	258	0	178	0	0	0	0	0	0	0	0	0	0	0	0	0	0	0	0	0	0	0	0	0	0	0	0	0	0	0	0	0	0	0	0	0	0	0	0	0	0	0	574	0	1302	0	0	0	0	0	0	0	0	0	168	0	0	0	0	0	0	0	0	0	0	0	0	0	0	0	0	0	0	0	0	0	0	0	0	0	0	0	0	0	0	0	0	0	
48496	Rectus_R	0	0	0	484	0	5432	0	0	0	0	0	0	0	0	0	554	0	0	0	338	0	2680	0	124	0	4160	282	0	0	824	0	708	0	0	0	0	0	0	0	0	0	0	0	0	0	0	0	0	0	0	0	0	0	0	0	0	0	0	0	0	0	0	0	0	0	0	0	0	0	0	0	4106	0	4260	0	296	0	0	0	0	0	0	0	0	0	0	0	0	0	0	0	0	0	0	0	0	0	0	0	0	0	0	0	0	0	0	0	0	0	0	0	0	0	0	0	0	
772688	Insula_L	11366	650	41492	3888	23900	696	33006	1920	16122	142	23118	722	19918	728	17650	0	34090	0	22462	3162	876	0	7206	1126	1352	458	258	0	0	376	9908	592	0	988	116	0	7608	0	1996	0	840	0	0	0	0	0	0	0	0	0	1792	0	1990	0	4928	0	8762	0	0	0	2144	0	1196	0	0	0	0	0	0	0	10948	2312	24798	1042	140	0	496	390	10682	0	11448	0	4584	0	4214	0	0	0	5450	0	0	0	0	0	0	0	296	0	0	0	0	0	0	0	0	0	0	0	0	0	0	0	0	0	0	0	
333488	Insula_R	500	1262	492	19694	0	4972	456	5698	0	968	558	10066	0	7746	0	10054	236	17888	262	10896	0	1150	428	2234	0	524	0	824	376	0	0	698	0	398	0	0	116	3670	0	584	0	692	0	0	0	0	0	0	0	0	0	0	0	562	0	1524	158	1284	0	0	0	0	0	1094	0	0	0	0	0	0	706	15248	146	27008	0	642	142	632	0	2798	0	5474	0	2142	0	1942	0	0	0	1330	0	136	0	0	0	0	0	184	0	150	0	0	0	0	0	0	0	0	0	0	0	0	0	0	0	0	
331708	Cingulum_Ant_L	1830	0	14984	8804	7982	3314	5804	754	918	144	4890	292	5660	318	418	0	1628	0	6548	3628	2344	3112	16688	9048	6128	3018	178	0	9908	0	0	16196	4626	4434	0	0	0	0	0	0	0	0	0	0	0	0	0	0	0	0	0	0	0	0	0	0	830	0	0	0	580	0	156	0	0	0	0	0	0	0	6782	4676	5424	1358	424	1814	0	0	0	0	214	0	0	0	0	0	0	0	0	0	0	0	0	0	0	0	0	0	0	0	0	0	0	0	0	0	0	0	0	0	0	0	0	0	0	0	
424184	Cingulum_Ant_R	214	0	10468	30082	340	8872	1202	3840	0	464	378	174	0	654	0	178	294	0	5142	8568	780	3740	16822	35346	426	9328	0	708	592	698	16196	0	1750	24788	0	0	0	0	0	0	0	0	0	0	0	0	0	0	0	0	0	0	0	0	0	0	0	0	0	0	0	0	0	0	0	0	0	0	0	0	2080	15452	396	7768	0	4352	0	0	0	0	0	0	0	0	0	0	0	0	0	0	0	0	0	0	0	0	0	0	0	0	0	0	0	0	0	0	0	0	0	0	0	0	0	0	0	0	
139016	Cingulum_Mid_L	888	0	4982	1960	0	0	128	0	0	0	0	0	0	0	0	0	0	0	15990	6080	0	0	3436	432	0	0	0	0	0	0	4626	1750	0	9422	3482	280	0	0	0	0	0	0	498	0	590	126	0	0	748	0	2342	0	0	0	0	0	464	0	914	0	554	0	0	0	364	0	3082	1684	3436	0	0	0	0	0	0	0	0	0	0	0	164	0	0	0	716	0	0	0	370	0	0	0	0	0	0	0	0	0	0	0	0	0	0	0	0	0	0	0	0	0	0	0	0	0	0	0	
438456	Cingulum_Mid_R	1262	546	17832	18144	418	1582	2358	3046	0	0	1110	0	190	704	0	236	1326	0	16344	35950	0	0	17730	24346	0	430	0	0	988	398	4434	24788	9422	0	298	7824	0	0	0	0	0	0	0	506	0	4122	0	254	0	2006	0	0	0	0	0	0	158	1242	0	692	0	0	0	418	0	0	390	11310	470	3240	328	778	0	522	0	0	0	0	0	0	260	254	0	0	0	376	0	0	0	196	0	0	0	0	0	0	0	0	0	0	0	0	0	0	0	0	0	0	0	0	0	0	0	0	0	0	
157896	Cingulum_Post_L	1178	0	4412	2248	0	0	1044	0	0	0	0	0	0	0	0	0	0	0	5008	2456	0	0	0	0	0	0	0	0	116	0	0	0	3482	298	0	8812	9306	4406	2190	294	0	0	4190	0	3244	0	878	132	804	0	1428	0	276	0	0	182	256	0	0	0	0	0	0	0	0	0	7728	1624	460	0	328	0	808	0	0	0	5864	4002	0	0	0	0	0	0	926	238	0	0	180	150	0	0	0	0	0	0	0	0	0	0	0	0	0	0	0	0	0	0	0	0	0	0	0	0	0	0	
210320	Cingulum_Post_R	430	0	3820	2868	0	0	770	0	0	0	0	0	0	0	0	0	0	0	4298	7746	0	0	0	0	0	0	0	0	0	0	0	0	280	7824	8812	0	5334	6798	1308	514	0	0	0	752	0	5750	0	1038	0	7058	0	1398	0	230	0	364	0	1400	0	946	0	0	0	0	0	346	422	13834	0	2290	294	0	680	184	0	0	6924	5210	0	0	0	496	0	0	0	3402	0	0	0	1130	0	0	0	0	0	0	0	0	0	0	0	0	0	0	0	0	0	0	0	0	210	0	0	0	0	0	
314700	Hippocampus_L	3136	0	12498	2478	0	0	6018	0	0	0	222	0	0	0	0	0	1112	0	8146	2480	606	0	0	0	0	0	0	0	7608	116	0	0	0	0	9306	5334	0	3918	16446	324	5184	0	3712	0	1428	0	4258	182	174	0	1010	0	722	0	9932	194	0	0	0	0	0	0	0	0	0	0	5978	706	140	0	354	0	16050	276	1306	0	7470	3962	610	0	1366	0	1576	0	1632	0	0	0	6298	0	204	0	0	0	0	0	1038	0	258	0	0	0	0	0	0	294	0	128	0	0	398	348	0	0	276	138	
288580	Hippocampus_R	440	1394	2550	11388	0	0	808	214	0	0	0	460	0	0	0	0	0	540	2630	10464	0	140	0	0	0	0	0	0	0	3670	0	0	0	0	4406	6798	3918	0	702	18624	0	8738	0	848	0	0	0	3194	0	0	0	0	0	1686	0	20292	0	0	0	0	0	0	0	0	0	0	164	3210	0	0	438	1210	828	9062	120	1236	3612	7640	0	620	0	960	0	1496	0	2832	0	362	0	4934	0	376	0	0	0	0	0	742	0	544	0	0	0	0	0	0	0	0	0	0	0	0	0	0	0	0	
132492	ParaHippocampal_L	1154	0	1734	380	0	0	1564	0	0	0	0	0	0	0	396	0	0	0	1128	384	740	0	0	0	0	0	0	0	1996	0	0	0	0	0	2190	1308	16446	702	0	0	1812	0	952	0	0	0	6196	0	0	0	590	0	1678	0	7408	0	0	0	0	0	0	0	0	0	0	0	2170	420	0	0	0	0	4240	132	424	0	1272	1154	0	0	312	0	1588	0	164	0	0	0	2224	0	366	0	0	0	0	0	1012	0	382	0	0	0	0	0	0	294	0	128	0	0	446	346	0	0	276	138	
186572	ParaHippocampal_R	0	0	118	1814	0	0	0	0	0	0	0	0	0	0	0	0	0	0	162	1796	0	138	0	0	0	0	0	0	0	584	0	0	0	0	294	514	324	18624	0	0	0	8530	0	1532	0	0	0	4792	0	0	0	262	0	1492	0	22872	0	0	0	0	0	0	0	0	0	0	0	1598	0	0	0	266	0	3218	0	408	350	1740	0	0	0	0	0	5234	0	1050	0	2466	0	3384	0	2630	0	0	0	0	0	4120	0	2974	0	0	0	0	0	0	0	0	0	0	0	0	0	0	0	0	
28880	Amygdala_L	0	0	0	0	0	0	0	0	0	0	0	0	0	0	0	0	0	0	0	0	654	0	0	0	0	0	0	0	840	0	0	0	0	0	0	0	5184	0	1812	0	0	0	0	0	0	0	0	0	0	0	0	0	0	0	2664	0	0	0	0	0	0	0	0	0	0	0	0	0	0	0	192	0	970	0	0	0	0	0	0	0	0	0	1358	0	0	0	0	0	570	0	0	0	0	0	0	0	196	0	0	0	0	0	0	0	0	0	0	0	0	0	0	0	0	0	0	0	
71832	Amygdala_R	0	0	0	0	0	0	0	0	0	0	0	0	0	0	0	0	0	0	0	0	0	178	0	0	0	0	0	0	0	692	0	0	0	0	0	0	0	8738	0	8530	0	0	0	0	0	0	0	0	0	0	0	0	0	0	0	6872	0	0	0	0	0	0	0	0	0	0	0	0	0	0	0	0	0	1514	0	0	0	0	0	0	0	0	0	3864	0	0	0	692	0	0	0	1362	0	0	0	0	0	2050	0	1424	0	0	0	0	0	0	0	0	0	0	0	0	0	0	0	0	
208496	Calcarine_L	156	0	0	0	0	0	160	0	0	0	0	0	0	0	0	0	0	0	258	0	0	0	0	0	0	0	0	0	0	0	0	0	498	0	4190	0	3712	0	952	0	0	0	0	5654	17736	4218	13194	1718	9756	1250	16620	474	1328	196	206	0	0	0	0	0	0	0	0	0	0	0	16554	152	740	0	0	0	0	0	0	0	0	0	0	0	0	0	0	0	3554	374	0	0	314	166	118	0	0	0	0	0	0	0	0	0	0	0	0	0	0	0	0	0	0	0	0	0	0	0	0	0	
270880	Calcarine_R	0	0	0	0	0	0	0	0	0	0	0	0	0	0	0	0	0	0	0	552	0	0	0	0	0	0	0	0	0	0	0	0	0	506	0	752	0	848	0	1532	0	0	5654	0	3082	17918	1562	27474	0	22308	0	14658	0	3578	0	4016	0	0	0	176	0	0	0	0	0	0	1916	15156	0	164	0	0	0	0	0	0	0	0	0	0	0	0	0	0	0	8654	0	0	0	3366	0	0	0	0	0	0	0	778	0	0	0	0	0	0	0	0	0	0	0	0	790	0	0	0	0	0	
180904	Cuneus_L	134	0	0	0	0	0	140	0	0	0	0	0	0	0	0	0	0	0	332	0	0	0	0	0	0	0	0	0	0	0	0	0	590	0	3244	0	1428	0	0	0	0	0	17736	3082	0	5632	1856	248	17566	902	13066	212	958	0	122	0	0	0	950	0	168	0	0	0	0	0	16502	556	518	0	0	0	0	0	0	0	0	0	0	0	0	0	0	0	3724	232	0	0	554	0	0	0	0	0	0	0	0	0	0	0	0	0	0	0	0	0	0	0	0	0	0	0	0	0	0	0	
246296	Cuneus_R	0	126	0	0	0	0	0	0	0	0	0	0	0	0	0	0	0	0	0	1482	0	0	0	0	0	0	0	0	0	0	0	0	126	4122	0	5750	0	0	0	0	0	0	4218	17918	5632	0	622	4654	320	33146	0	9038	0	242	0	122	0	2554	0	2166	0	212	0	612	0	650	3320	19196	222	3718	0	0	0	0	0	0	0	0	0	0	0	252	0	0	0	2096	0	0	0	238	0	0	0	0	0	0	0	188	0	0	0	0	0	0	0	0	0	0	0	0	206	0	0	0	0	0	
282576	Lingual_L	370	0	296	0	0	0	424	0	0	0	0	0	0	0	0	0	0	0	0	0	0	0	0	0	0	0	0	0	0	0	0	0	0	0	878	0	4258	0	6196	0	0	0	13194	1562	1856	622	0	3738	3154	528	17272	158	10450	986	16476	1728	0	0	0	0	0	0	0	0	0	0	4788	0	126	0	0	0	674	0	0	0	156	0	0	0	0	0	0	0	742	0	0	0	980	0	3630	524	710	0	0	140	9418	1622	10512	3290	0	218	288	858	292	1592	118	466	152	202	6730	5902	806	180	1280	746	
311712	Lingual_R	0	130	126	378	0	0	0	0	0	0	0	0	0	0	0	0	0	0	0	574	0	0	0	0	0	0	0	0	0	0	0	0	0	254	132	1038	182	3194	0	4792	0	0	1718	27474	248	4654	3738	0	0	11380	116	8960	404	8668	1716	18280	0	0	0	0	0	0	0	0	0	0	380	7686	0	0	0	0	0	0	0	0	174	792	0	0	0	0	0	0	0	2796	0	0	0	2258	1466	4078	246	0	0	164	1898	5664	4156	10782	166	0	248	148	302	0	0	0	0	0	4938	8176	1182	0	0	0	
157784	Occipital_Sup_L	0	0	0	0	0	0	0	0	0	0	0	0	0	0	0	0	0	0	0	0	0	0	0	0	0	0	0	0	0	0	0	0	748	0	804	0	174	0	0	0	0	0	9756	0	17566	320	3154	0	0	0	24248	0	516	0	0	0	536	0	4278	0	1238	0	0	0	124	0	11908	0	224	0	0	0	0	0	0	0	0	0	0	0	0	0	0	0	3102	0	0	0	196	0	0	0	0	0	0	0	0	0	0	0	0	0	0	0	0	0	0	0	0	0	0	0	0	0	0	0	
310252	Occipital_Sup_R	0	144	0	200	0	0	0	0	0	0	0	0	0	0	0	0	0	0	0	1144	0	0	0	0	0	0	0	0	0	0	0	0	0	2006	0	7058	0	0	0	0	0	0	1250	22308	902	33146	528	11380	0	0	0	28586	0	2020	0	1474	0	2624	0	4380	0	722	0	1456	0	6028	794	17518	0	2954	0	0	0	0	0	0	0	0	0	0	0	482	0	0	0	4778	0	0	0	626	0	0	0	0	0	0	0	336	0	0	0	0	0	0	0	0	0	0	0	0	282	0	0	0	0	0	
374444	Occipital_Mid_L	1422	0	594	122	0	0	670	0	0	0	330	0	0	0	0	0	1890	0	826	116	0	0	0	0	0	0	0	0	1792	0	0	0	2342	0	1428	0	1010	0	590	0	0	0	16620	0	13066	0	17272	116	24248	0	0	0	19288	0	7734	142	1894	0	4786	0	9162	0	3232	0	8834	0	13880	142	1414	0	142	0	152	0	0	0	0	0	1272	0	1326	0	0	0	23092	0	0	0	3872	0	362	0	0	0	0	0	416	0	972	202	0	0	0	0	0	0	0	0	0	0	136	316	0	0	0	0	
239788	Occipital_Mid_R	0	194	0	0	0	0	0	0	0	0	0	0	0	0	0	0	0	0	0	304	0	0	0	0	0	0	0	0	0	0	0	0	0	0	0	1398	0	0	0	262	0	0	474	14658	212	9038	158	8960	0	28586	0	0	0	6856	0	3120	0	252	0	1680	0	1734	0	1680	0	12466	194	7984	0	204	0	0	0	0	0	0	0	0	0	0	0	478	0	0	0	14402	0	0	0	3770	0	0	0	0	0	0	0	196	0	294	0	0	0	0	0	0	0	0	0	0	120	220	0	0	0	0	
204324	Occipital_Inf_L	996	0	834	0	0	0	1082	0	0	0	158	0	0	0	0	0	364	0	124	0	0	0	0	0	0	0	0	0	1990	0	0	0	0	0	276	0	722	0	1678	0	0	0	1328	0	958	0	10450	404	516	0	19288	0	0	138	21020	362	176	0	0	0	0	0	0	0	0	0	1022	0	0	0	0	0	444	0	0	0	0	0	2468	0	446	0	0	0	5470	0	0	0	7718	0	5942	0	202	0	346	0	4350	122	8826	518	0	0	0	0	0	0	0	0	0	0	372	926	126	0	0	0	
259716	Occipital_Inf_R	0	652	0	554	0	0	0	148	0	0	0	212	0	0	0	0	0	0	0	440	0	0	0	0	0	0	0	0	0	562	0	0	0	0	0	230	0	1686	0	1492	0	0	196	3578	0	242	986	8668	0	2020	0	6856	138	0	472	29242	0	0	0	0	0	0	0	0	0	542	0	686	0	0	0	0	0	176	0	0	0	204	0	0	0	0	0	0	0	4788	0	0	0	8838	664	5296	132	0	0	3554	666	11592	2122	21794	0	0	0	138	280	0	0	224	146	542	2550	5752	798	0	0	0	
389724	Fusiform_L	638	0	840	0	0	0	916	0	0	0	0	0	0	0	252	0	134	0	416	0	148	0	0	0	0	0	0	0	4928	0	0	0	0	0	0	0	9932	0	7408	0	2664	0	206	0	122	0	16476	1716	0	0	7734	0	21020	472	0	1230	0	0	0	0	0	0	0	0	0	0	150	0	0	0	0	0	1828	0	0	0	0	0	1548	0	2836	0	1912	0	6274	0	1250	0	22848	0	15896	460	420	0	546	0	18866	1086	31860	2356	0	0	0	0	0	0	0	0	0	0	3444	3356	674	0	0	0	
503660	Fusiform_R	0	230	0	1798	0	0	0	0	0	0	0	0	0	0	0	0	0	0	134	1558	0	0	0	0	0	0	0	0	0	1524	0	0	0	0	182	364	194	20292	0	22872	0	6872	0	4016	0	122	1728	18280	0	1474	142	3120	362	29242	1230	0	0	0	0	0	0	0	0	0	0	0	0	2170	0	0	0	144	0	3002	0	0	224	804	0	158	0	336	0	5808	0	3866	0	4480	0	14314	1538	14146	262	0	0	4240	892	22774	3682	37286	150	0	168	368	300	0	0	242	156	600	3928	8740	1316	0	0	0	
294836	Postcentral_L	38846	0	4758	1742	0	120	12808	0	0	0	8408	290	502	300	0	0	9842	0	944	1634	0	0	0	264	0	0	0	0	8762	158	830	0	464	158	256	0	0	0	0	0	0	0	0	0	0	0	0	0	536	0	1894	0	176	0	0	0	0	0	5494	0	26068	0	5642	0	132	0	2810	0	4780	0	710	392	0	270	0	0	0	0	2430	0	3216	0	0	0	1370	0	0	0	412	0	0	0	0	0	0	0	0	0	0	0	0	0	0	0	0	0	0	0	0	0	0	0	0	0	0	0	
152280	Postcentral_R	0	14360	0	4690	0	0	0	344	0	0	0	1990	0	0	0	0	0	3582	0	8046	0	0	0	1182	0	0	0	0	0	1284	0	0	0	1242	0	1400	0	0	0	0	0	0	0	0	0	2554	0	0	0	2624	0	252	0	0	0	0	0	0	0	2626	0	2678	0	15588	0	212	0	4258	0	3868	0	1000	0	0	0	0	0	0	0	154	0	494	0	0	0	1194	0	0	0	518	0	0	0	0	0	0	0	0	0	0	0	0	0	0	0	0	0	0	0	0	0	0	0	0	0	0	
71608	Parietal_Sup_L	0	0	0	0	0	0	0	0	0	0	0	0	0	0	0	0	0	0	298	0	0	0	0	0	0	0	0	0	0	0	0	0	914	0	0	0	0	0	0	0	0	0	0	0	950	0	0	0	4278	0	4786	0	0	0	0	0	5494	0	0	0	8322	0	0	0	1394	0	8082	0	1286	0	0	0	0	0	0	0	0	0	0	0	0	0	0	0	0	0	0	0	0	0	0	0	0	0	0	0	0	0	0	0	0	0	0	0	0	0	0	0	0	0	0	0	0	0	0	0	
53328	Parietal_Sup_R	0	0	0	0	0	0	0	0	0	0	0	0	0	0	0	0	0	0	0	0	0	0	0	0	0	0	0	0	0	0	0	0	0	692	0	946	0	0	0	0	0	0	0	176	0	2166	0	0	0	4380	0	1680	0	0	0	0	0	2626	0	0	0	1158	0	184	0	3664	642	7964	0	386	0	0	0	0	0	0	0	0	0	0	0	0	0	0	0	0	0	0	0	0	0	0	0	0	0	0	0	0	0	0	0	0	0	0	0	0	0	0	0	0	0	0	0	0	0	0	
232532	Parietal_Inf_L	11318	0	1060	186	0	0	4640	0	0	0	5318	210	450	218	0	0	562	0	632	140	0	0	0	0	0	0	0	0	2144	0	580	0	554	0	0	0	0	0	0	0	0	0	0	0	168	0	0	0	1238	0	9162	0	0	0	0	0	26068	0	8322	0	0	0	14372	0	15298	0	2258	0	2436	0	580	230	0	0	0	0	0	0	0	0	1498	0	0	0	6220	0	0	0	404	0	0	0	0	0	0	0	0	0	0	0	0	0	0	0	0	0	0	0	0	0	0	0	0	0	0	0	
31700	Parietal_Inf_R	0	254	0	0	0	0	0	0	0	0	0	0	0	0	0	0	0	0	0	558	0	0	0	0	0	0	0	0	0	0	0	0	0	0	0	0	0	0	0	0	0	0	0	0	0	212	0	0	0	722	0	1734	0	0	0	0	0	2678	0	1158	0	0	0	3580	0	4954	0	0	0	0	0	0	0	0	0	0	0	0	0	0	0	0	0	0	0	0	0	0	0	0	0	0	0	0	0	0	0	0	0	0	0	0	0	0	0	0	0	0	0	0	0	0	0	0	0	0	
128008	SupraMarginal_L	2798	0	212	0	0	0	484	0	0	0	588	0	0	0	0	0	698	0	0	0	0	0	0	0	0	0	0	0	1196	0	156	0	0	0	0	0	0	0	0	0	0	0	0	0	0	0	0	0	0	0	3232	0	0	0	0	0	5642	0	0	0	14372	0	0	0	8594	0	0	0	234	0	0	0	0	0	0	0	0	0	0	0	10216	0	0	0	14924	0	0	0	658	0	0	0	0	0	0	0	0	0	0	0	0	0	0	0	0	0	0	0	0	0	0	0	0	0	0	0	
100144	SupraMarginal_R	0	2066	0	2562	0	0	0	204	0	0	0	486	0	0	0	0	0	2178	0	3768	0	0	0	964	0	0	0	0	0	1094	0	0	0	418	0	0	0	0	0	0	0	0	0	0	0	612	0	0	0	1456	0	1680	0	0	0	0	0	15588	0	184	0	3580	0	0	0	3490	0	502	0	0	0	798	0	0	0	0	0	0	0	116	0	4910	0	0	0	3062	0	0	0	354	0	0	0	0	0	0	0	0	0	0	0	0	0	0	0	0	0	0	0	0	0	0	0	0	0	0	
95568	Angular_L	448	0	316	0	0	0	0	0	0	0	0	0	0	0	0	0	0	0	338	0	0	0	0	0	0	0	0	0	0	0	0	0	364	0	0	0	0	0	0	0	0	0	0	0	0	0	0	0	124	0	8834	0	0	0	0	0	132	0	1394	0	15298	0	8594	0	0	0	122	0	1408	0	0	0	0	0	0	0	0	0	0	0	1436	0	0	0	8172	0	0	0	804	0	0	0	0	0	0	0	0	0	0	0	0	0	0	0	0	0	0	0	0	0	0	0	0	0	0	0	
86544	Angular_R	0	0	0	0	0	0	0	0	0	0	0	0	0	0	0	0	0	0	0	0	0	0	0	0	0	0	0	0	0	0	0	0	0	0	0	346	0	0	0	0	0	0	0	0	0	650	0	0	0	6028	0	12466	0	542	0	0	0	212	0	3664	0	4954	0	3490	0	0	0	814	0	0	0	0	0	0	0	0	0	0	0	0	0	3404	0	0	0	6098	0	0	0	604	0	0	0	0	0	0	0	0	0	0	0	0	0	0	0	0	0	0	0	0	0	0	0	0	0	0	
236336	Precuneus_L	304	0	258	0	0	0	336	0	0	0	0	0	0	0	0	0	0	0	426	0	0	0	0	0	0	0	0	0	0	0	0	0	3082	390	7728	422	5978	164	2170	0	0	0	16554	1916	16502	3320	4788	380	11908	794	13880	194	1022	0	150	0	2810	0	8082	642	2258	0	0	0	122	0	0	3202	3310	0	0	0	0	0	0	0	0	0	0	0	0	0	0	0	4508	188	0	0	380	0	0	0	0	0	0	0	0	0	0	0	0	0	0	0	0	0	0	0	0	0	0	0	0	0	0	0	
286704	Precuneus_R	0	496	168	128	0	0	0	0	0	0	0	0	0	0	0	0	0	0	640	4160	0	0	0	0	0	0	0	0	0	0	0	0	1684	11310	1624	13834	706	3210	420	1598	0	0	152	15156	556	19196	0	7686	0	17518	142	7984	0	686	0	2170	0	4258	0	7964	0	0	0	502	0	814	3202	0	560	5790	0	0	126	0	0	0	214	916	0	0	0	356	0	0	0	4894	0	0	0	1538	0	0	0	0	0	0	0	0	0	0	0	0	0	0	0	0	0	0	0	0	994	0	0	0	0	0	
71648	Paracentral_Lobule_L	4880	0	1550	128	0	0	252	0	0	0	0	0	0	0	0	0	0	0	4104	894	0	0	0	0	0	0	0	0	0	0	0	0	3436	470	460	0	140	0	0	0	0	0	740	0	518	222	126	0	224	0	1414	0	0	0	0	0	4780	0	1286	0	2436	0	234	0	1408	0	3310	560	0	768	0	0	0	0	0	0	0	0	0	0	302	0	0	0	846	0	0	0	336	0	0	0	0	0	0	0	0	0	0	0	0	0	0	0	0	0	0	0	0	0	0	0	0	0	0	0	
63724	Paracentral_Lobule_R	0	1582	0	224	0	0	0	0	0	0	0	0	0	0	0	0	0	0	300	6148	0	0	0	0	0	0	0	0	0	0	0	0	0	3240	0	2290	0	0	0	0	0	0	0	164	0	3718	0	0	0	2954	0	204	0	0	0	0	0	3868	0	386	0	0	0	0	0	0	0	5790	768	0	0	0	0	0	0	0	0	0	0	0	0	0	0	0	0	226	0	0	0	0	0	0	0	0	0	0	0	0	0	0	0	0	0	0	0	0	0	0	0	0	0	0	0	0	0	0	
279556	Caudate_L	1624	816	7892	10432	4170	862	3700	2044	3748	242	1690	1968	0	2082	3226	0	1590	0	6368	9904	4562	3722	452	460	886	654	574	0	10948	706	6782	2080	0	328	328	294	354	438	0	0	192	0	0	0	0	0	0	0	0	0	142	0	0	0	0	0	710	0	0	0	580	0	0	0	0	0	0	0	0	0	0	8656	16458	1342	1894	746	11436	970	0	0	238	0	370	0	118	0	0	0	0	0	0	0	0	0	0	0	0	0	0	0	0	0	0	0	0	0	0	0	0	0	0	0	0	0	0	0	
547960	Caudate_R	816	768	2332	36922	592	20470	1600	4278	574	4700	1178	4620	0	3518	454	1504	574	4174	1694	28896	3254	7664	524	8652	0	15620	0	4106	2312	15248	4676	15452	0	778	0	0	0	1210	0	266	0	0	0	0	0	0	0	0	0	0	0	0	0	0	0	144	392	1000	0	0	230	0	0	798	0	0	0	0	0	0	8656	0	2634	34980	572	6876	1062	16366	0	280	126	142	0	0	0	166	0	0	0	130	0	0	0	0	0	0	0	0	0	0	0	0	0	0	0	0	0	0	0	0	0	0	0	0	0	0	
422944	Putamen_L	2748	590	31318	4452	9446	0	9236	970	7082	0	2086	0	164	0	8200	0	1550	0	18544	4382	2912	2002	144	0	3052	0	1302	0	24798	146	5424	396	0	0	808	680	16050	828	4240	0	970	0	0	0	0	0	674	0	0	0	152	0	444	0	1828	0	0	0	0	0	0	0	0	0	0	0	0	126	0	0	16458	2634	0	478	7356	662	8718	1110	816	0	1168	0	2506	0	434	0	0	0	1232	0	0	0	0	0	0	0	156	0	0	0	0	0	0	0	0	0	0	0	0	0	0	0	0	0	0	0	
456276	Putamen_R	976	478	1116	33080	266	15444	898	4810	276	1166	1038	3940	0	2220	268	2834	442	6488	674	24768	0	2234	318	4056	0	7916	0	4260	1042	27008	1358	7768	0	522	0	184	276	9062	132	3218	0	1514	0	0	0	0	0	0	0	0	0	0	0	176	0	3002	270	0	0	0	0	0	0	0	0	0	0	0	0	0	1342	34980	478	0	0	7018	500	4072	0	0	120	484	0	1070	0	542	0	0	0	858	0	356	0	0	0	0	0	458	0	362	0	0	0	0	0	0	0	0	0	0	0	0	0	0	0	0	
56116	Pallidum_L	0	0	6428	858	0	0	598	0	0	0	0	0	0	0	0	0	0	0	4338	1150	760	606	0	0	0	0	0	0	140	0	424	0	0	0	0	0	1306	120	424	0	0	0	0	0	0	0	0	0	0	0	0	0	0	0	0	0	0	0	0	0	0	0	0	0	0	0	0	0	0	0	1894	572	7356	0	0	128	830	126	0	0	0	0	0	0	0	0	0	0	0	0	0	0	0	0	0	0	0	0	0	0	0	0	0	0	0	0	0	0	0	0	0	0	0	0	0	0	
86468	Pallidum_R	0	126	546	5738	0	690	240	0	0	0	0	0	0	0	0	0	0	224	352	5932	668	3130	0	0	0	1118	0	296	0	642	1814	4352	0	0	0	0	0	1236	0	408	0	0	0	0	0	0	0	0	0	0	0	0	0	0	0	0	0	0	0	0	0	0	0	0	0	0	0	0	0	0	746	6876	662	7018	128	0	138	154	0	0	0	0	0	0	0	0	0	0	0	0	0	0	0	0	0	0	0	0	0	0	0	0	0	0	0	0	0	0	0	0	0	0	0	0	0	0	
230512	Thalamus_L	1560	0	24450	7304	156	0	3048	0	0	0	0	0	0	0	118	0	0	0	14352	7418	0	0	0	0	0	0	0	0	496	142	0	0	0	0	5864	6924	7470	3612	1272	350	0	0	0	0	0	0	156	174	0	0	0	0	0	0	0	224	0	0	0	0	0	0	0	0	0	0	0	214	0	0	11436	1062	8718	500	830	138	0	7268	0	0	0	0	0	0	0	0	0	0	0	0	0	0	0	0	0	0	0	0	0	0	0	0	0	0	0	0	0	0	0	0	0	0	0	0	0	0	
208632	Thalamus_R	232	138	2800	18222	0	466	548	0	0	314	0	0	0	0	0	0	0	166	2604	20332	0	138	0	0	0	130	0	0	390	632	0	0	0	0	4002	5210	3962	7640	1154	1740	0	0	0	0	0	0	0	792	0	0	0	0	0	204	0	804	0	0	0	0	0	0	0	0	0	0	0	916	0	0	970	16366	1110	4072	126	154	7268	0	0	0	0	204	0	0	0	186	0	0	0	324	0	0	0	0	0	0	0	0	0	0	0	0	0	0	0	0	0	0	0	0	0	0	0	0	0	0	
89168	Heschl_L	2258	0	2770	0	0	0	3238	0	0	0	576	0	0	0	0	0	5876	0	276	0	0	0	0	0	0	0	0	0	10682	0	0	0	0	0	0	0	610	0	0	0	0	0	0	0	0	0	0	0	0	0	1272	0	2468	0	1548	0	2430	0	0	0	0	0	0	0	0	0	0	0	0	0	0	0	816	0	0	0	0	0	0	0	2752	0	0	0	4230	0	0	0	2782	0	0	0	0	0	0	0	0	0	0	0	0	0	0	0	0	0	0	0	0	0	0	0	0	0	0	0	
37532	Heschl_R	0	752	0	750	0	0	0	2586	0	0	0	740	0	0	0	0	0	4194	0	428	0	0	0	0	0	0	0	0	0	2798	0	0	0	0	0	0	0	620	0	0	0	0	0	0	0	0	0	0	0	0	0	0	0	0	0	158	0	154	0	0	0	0	0	116	0	0	0	0	0	0	0	280	0	0	0	0	0	0	0	0	0	4580	0	0	0	438	0	0	0	172	0	0	0	0	0	0	0	0	0	0	0	0	0	0	0	0	0	0	0	0	0	0	0	0	0	0	
190108	Temporal_Sup_L	2760	0	2380	462	0	0	5632	0	0	0	1204	234	0	232	0	0	9480	0	934	424	0	0	144	376	0	0	0	0	11448	0	214	0	164	260	0	0	1366	0	312	0	0	0	0	0	0	0	0	0	0	0	1326	0	446	0	2836	0	3216	0	0	0	1498	0	10216	0	1436	0	0	0	302	0	238	126	1168	120	0	0	0	0	2752	0	0	0	2246	0	21018	0	510	0	7574	0	0	0	0	0	0	0	0	0	0	0	0	0	0	0	0	0	0	0	0	0	0	0	0	0	0	0	
116868	Temporal_Sup_R	0	1908	0	1170	0	0	0	1152	0	0	0	448	0	0	0	0	0	3298	0	1306	0	0	0	0	0	0	0	0	0	5474	0	0	0	254	0	496	0	960	0	0	0	0	0	0	0	252	0	0	0	482	0	478	0	0	0	336	0	494	0	0	0	0	0	4910	0	3404	0	356	0	0	0	142	0	484	0	0	0	204	0	4580	0	0	0	4910	0	19448	0	452	0	1036	0	0	0	0	0	0	0	0	0	0	0	0	0	0	0	0	0	0	0	0	0	0	0	0	0	0	
64860	Temporal_Pole_Sup_L	0	0	570	0	1034	0	238	0	0	0	356	0	0	0	1864	0	300	0	504	0	494	0	0	0	0	0	168	0	4584	0	0	0	0	0	0	0	1576	0	1588	0	1358	0	0	0	0	0	0	0	0	0	0	0	0	0	1912	0	0	0	0	0	0	0	0	0	0	0	0	0	0	0	370	0	2506	0	0	0	0	0	0	0	2246	0	0	0	4334	0	4208	0	2220	0	0	0	0	0	0	0	0	0	0	0	0	0	0	0	0	0	0	0	0	0	0	0	0	0	0	0	
82256	Temporal_Pole_Sup_R	0	0	0	0	0	0	0	0	0	0	0	512	0	190	0	340	0	544	0	0	0	0	0	0	0	0	0	0	0	2142	0	0	0	0	0	0	0	1496	0	5234	0	3864	0	0	0	0	0	0	0	0	0	0	0	0	0	5808	0	0	0	0	0	0	0	0	0	0	0	0	0	0	0	0	0	1070	0	0	0	0	0	0	0	4910	0	0	0	4460	0	5286	0	932	0	1204	0	0	0	0	0	1864	0	1272	0	0	0	0	0	0	0	0	0	0	0	0	0	0	0	0	
338232	Temporal_Mid_L	2144	0	1318	0	0	0	1598	0	0	0	440	0	0	0	0	0	2954	0	450	0	0	0	0	0	0	0	0	0	4214	0	0	0	716	0	926	0	1632	0	164	0	0	0	3554	0	3724	0	742	0	3102	0	23092	0	5470	0	6274	0	1370	0	0	0	6220	0	14924	0	8172	0	4508	0	846	0	118	0	434	0	0	0	0	0	4230	0	21018	0	4334	0	0	0	5224	0	35204	0	0	0	0	0	0	0	0	0	0	0	0	0	0	0	0	0	0	0	0	0	0	0	0	0	0	0	
256844	Temporal_Mid_R	0	3812	194	1550	0	0	0	394	0	0	0	596	0	0	0	0	0	366	204	1492	0	0	0	0	0	0	0	0	0	1942	0	0	0	376	238	3402	0	2832	0	1050	0	0	374	8654	232	2096	0	2796	0	4778	0	14402	0	4788	0	3866	0	1194	0	0	0	0	0	3062	0	6098	188	4894	0	226	0	166	0	542	0	0	0	186	0	438	0	19448	0	4460	0	0	0	3406	0	23680	0	0	0	0	0	0	0	0	0	0	0	0	0	0	0	0	0	0	0	0	0	0	0	0	0	0	
31252	Temporal_Pole_Mid_L	0	0	0	0	0	0	0	0	0	0	0	0	0	0	0	0	0	0	0	0	0	0	0	0	0	0	0	0	0	0	0	0	0	0	0	0	0	0	0	0	0	0	0	0	0	0	0	0	0	0	0	0	0	0	1250	0	0	0	0	0	0	0	0	0	0	0	0	0	0	0	0	0	0	0	0	0	0	0	0	0	510	0	4208	0	5224	0	0	0	4434	0	0	0	0	0	0	0	0	0	0	0	0	0	0	0	0	0	0	0	0	0	0	0	0	0	0	0	
41224	Temporal_Pole_Mid_R	0	0	0	0	0	0	0	0	0	0	0	0	0	0	0	0	0	0	0	0	0	0	0	0	0	0	0	0	0	0	0	0	0	0	0	0	0	362	0	2466	0	692	0	0	0	0	0	0	0	0	0	0	0	0	0	4480	0	0	0	0	0	0	0	0	0	0	0	0	0	0	0	0	0	0	0	0	0	0	0	0	0	452	0	5286	0	3406	0	0	0	2756	0	148	0	0	0	0	0	404	0	160	0	0	0	0	0	0	0	0	0	0	0	0	0	0	0	0	
236480	Temporal_Inf_L	1176	0	1124	0	0	0	1240	0	0	0	208	0	0	0	0	0	1030	0	466	0	0	0	0	0	0	0	0	0	5450	0	0	0	370	0	180	0	6298	0	2224	0	570	0	314	0	554	0	980	0	196	0	3872	0	7718	0	22848	0	412	0	0	0	404	0	658	0	804	0	380	0	336	0	0	0	1232	0	0	0	0	0	2782	0	7574	0	2220	0	35204	0	4434	0	0	0	2832	0	120	0	0	0	588	0	1242	0	0	0	200	0	0	0	0	0	0	0	0	0	0	0	0	0	
172400	Temporal_Inf_R	0	1868	180	1690	0	0	0	276	0	0	0	428	0	0	0	0	0	204	154	1944	0	0	0	0	0	0	0	0	0	1330	0	0	0	196	150	1130	0	4934	0	3384	0	0	166	3366	0	238	0	2258	0	626	0	3770	0	8838	0	14314	0	518	0	0	0	0	0	354	0	604	0	1538	0	0	0	130	0	858	0	0	0	324	0	172	0	1036	0	932	0	23680	0	2756	0	0	0	1194	0	0	0	0	0	0	0	536	0	0	0	124	0	0	0	0	0	0	0	0	0	0	0	0	
478748	Cerebelum_Crus1_L	0	0	0	0	0	0	0	0	0	0	0	0	0	0	0	0	0	0	0	0	0	0	0	0	0	0	0	0	0	0	0	0	0	0	0	0	204	0	366	0	0	0	118	0	0	0	3630	1466	0	0	362	0	5942	664	15896	1538	0	0	0	0	0	0	0	0	0	0	0	0	0	0	0	0	0	0	0	0	0	0	0	0	0	0	0	0	0	0	0	0	2832	0	0	6406	29266	2864	838	0	14026	442	54340	7528	19132	2112	32660	5176	8920	398	842	0	0	190	1462	4742	11354	3012	646	0	
373872	Cerebelum_Crus1_R	0	0	0	0	0	0	0	0	0	0	0	0	0	0	0	0	0	0	0	0	0	0	0	0	0	0	0	0	0	136	0	0	0	0	0	0	0	376	0	2630	0	1362	0	0	0	0	524	4078	0	0	0	0	0	5296	460	14146	0	0	0	0	0	0	0	0	0	0	0	0	0	0	0	0	0	356	0	0	0	0	0	0	0	0	0	1204	0	0	0	148	0	1194	6406	0	4870	22486	0	1892	130	10656	2144	48946	2750	7014	1754	26564	180	2794	0	486	0	546	498	3606	9224	1746	334	0	
314552	Cerebelum_Crus2_L	0	0	0	0	0	0	0	0	0	0	0	0	0	0	0	0	0	0	0	0	0	0	0	0	0	0	0	0	0	0	0	0	0	0	0	0	0	0	0	0	0	0	0	0	0	0	710	246	0	0	0	0	202	132	420	262	0	0	0	0	0	0	0	0	0	0	0	0	0	0	0	0	0	0	0	0	0	0	0	0	0	0	0	0	0	0	0	0	120	0	29266	4870	0	6604	0	0	666	166	4742	3134	39220	3242	37636	3440	9342	242	248	0	0	0	620	448	9076	2070	152	0	
227460	Cerebelum_Crus2_R	0	0	0	0	0	0	0	0	0	0	0	0	0	0	0	0	0	0	0	0	0	0	0	0	0	0	0	0	0	0	0	0	0	0	0	0	0	0	0	0	0	0	0	0	0	0	0	0	0	0	0	0	0	0	0	0	0	0	0	0	0	0	0	0	0	0	0	0	0	0	0	0	0	0	0	0	0	0	0	0	0	0	0	0	0	0	0	0	0	0	2864	22486	6604	0	0	0	120	164	178	4232	6568	25204	3988	27092	0	4732	0	0	0	0	236	126	6660	2328	148	0	
29468	Cerebelum_3_L	0	0	0	0	0	0	0	0	0	0	0	0	0	0	0	0	0	0	0	0	0	0	0	0	0	0	0	0	0	0	0	0	0	0	0	0	0	0	0	0	0	0	0	0	0	0	0	0	0	0	0	0	346	0	546	0	0	0	0	0	0	0	0	0	0	0	0	0	0	0	0	0	0	0	0	0	0	0	0	0	0	0	0	0	0	0	0	0	0	0	838	0	0	0	0	0	5336	0	2164	0	0	0	0	0	1976	134	0	0	648	2052	694	0	0	0	0	0	
55492	Cerebelum_3_R	0	0	0	0	0	0	0	0	0	0	0	0	0	0	0	0	0	0	0	0	0	0	0	0	0	0	0	0	0	0	0	0	0	0	0	0	0	0	0	0	0	0	0	0	0	0	140	164	0	0	0	0	0	3554	0	4240	0	0	0	0	0	0	0	0	0	0	0	0	0	0	0	0	0	0	0	0	0	0	0	0	0	0	0	0	0	0	0	0	0	0	0	1892	0	0	0	0	140	6446	0	6556	0	0	0	0	0	696	0	178	980	2326	310	124	0	0	0	0	
300360	Cerebelum_4_5_L	0	0	0	0	0	0	0	0	0	0	0	0	0	0	0	0	0	0	0	0	0	0	0	0	0	0	0	0	296	0	0	0	0	0	0	0	1038	0	1012	0	196	0	0	0	0	0	9418	1898	0	0	416	0	4350	666	18866	892	0	0	0	0	0	0	0	0	0	0	0	0	0	0	0	0	156	0	0	0	0	0	0	0	0	0	0	0	0	0	0	0	588	0	14026	130	666	120	5336	140	0	4944	35394	3382	2292	262	4226	986	5960	2294	948	924	354	1566	17544	4834	0	598	2124	1338	
263832	Cerebelum_4_5_R	0	0	0	0	0	0	0	0	0	0	0	0	0	0	0	0	0	0	0	0	0	0	0	0	0	0	0	0	0	184	0	0	0	0	0	0	0	742	0	4120	0	2050	0	778	0	188	1622	5664	0	336	0	196	122	11592	1086	22774	0	0	0	0	0	0	0	0	0	0	0	0	0	0	0	0	0	458	0	0	0	0	0	0	0	0	0	1864	0	0	0	404	0	0	442	10656	166	164	0	6446	4944	0	2958	30668	416	182	702	812	854	530	0	1300	344	1700	12032	1750	0	0	190	480	
490048	Cerebelum_6_L	0	0	0	0	0	0	0	0	0	0	0	0	0	0	0	0	0	0	0	0	0	0	0	0	0	0	0	0	0	0	0	0	0	0	0	0	258	0	382	0	0	0	0	0	0	0	10512	4156	0	0	972	0	8826	2122	31860	3682	0	0	0	0	0	0	0	0	0	0	0	0	0	0	0	0	0	0	0	0	0	0	0	0	0	0	0	0	0	0	0	0	1242	0	54340	2144	4742	178	2164	0	35394	2958	0	8466	9066	0	19960	1998	7420	868	1470	248	0	436	9052	10568	4532	2974	1658	376	
513140	Cerebelum_6_R	0	0	0	0	0	0	0	0	0	0	0	0	0	0	0	0	0	0	0	0	0	0	0	0	0	0	0	0	0	150	0	0	0	0	0	0	0	544	0	2974	0	1424	0	0	0	0	3290	10782	0	0	202	294	518	21794	2356	37286	0	0	0	0	0	0	0	0	0	0	0	0	0	0	0	0	0	362	0	0	0	0	0	0	0	0	0	1272	0	0	0	160	0	536	7528	48946	3134	4232	0	6556	3382	30668	8466	0	1702	1264	1686	12584	932	1716	0	2258	518	1978	9324	14022	8712	2038	486	494	
311820	Cerebelum_7b_L	0	0	0	0	0	0	0	0	0	0	0	0	0	0	0	0	0	0	0	0	0	0	0	0	0	0	0	0	0	0	0	0	0	0	0	0	0	0	0	0	0	0	0	0	0	0	0	166	0	0	0	0	0	0	0	150	0	0	0	0	0	0	0	0	0	0	0	0	0	0	0	0	0	0	0	0	0	0	0	0	0	0	0	0	0	0	0	0	0	0	19132	2750	39220	6568	0	0	2292	416	9066	1702	0	5108	41452	4970	9336	254	864	0	0	0	1426	310	6882	3668	178	0	
167776	Cerebelum_7b_R	0	0	0	0	0	0	0	0	0	0	0	0	0	0	0	0	0	0	0	0	0	0	0	0	0	0	0	0	0	0	0	0	0	0	0	0	0	0	0	0	0	0	0	0	0	0	218	0	0	0	0	0	0	0	0	0	0	0	0	0	0	0	0	0	0	0	0	0	0	0	0	0	0	0	0	0	0	0	0	0	0	0	0	0	0	0	0	0	0	0	2112	7014	3242	25204	0	0	262	182	0	1264	5108	0	3860	23022	0	4962	0	0	0	0	412	246	3692	2768	186	134	
405164	Cerebelum_8_L	0	0	0	0	0	0	0	0	0	0	0	0	0	0	0	0	0	0	0	0	0	0	0	0	0	0	0	0	0	0	0	0	0	0	0	0	0	0	0	0	0	0	0	0	0	0	288	248	0	0	0	0	0	0	0	168	0	0	0	0	0	0	0	0	0	0	0	0	0	0	0	0	0	0	0	0	0	0	0	0	0	0	0	0	0	0	0	0	200	0	32660	1754	37636	3988	0	0	4226	702	19960	1686	41452	3860	0	6666	23666	1454	1872	122	0	0	3332	1162	5786	7336	2102	256	
307772	Cerebelum_8_R	0	0	0	0	0	0	0	0	0	0	0	0	0	0	0	0	0	0	0	0	0	0	0	0	0	0	0	0	0	0	0	0	0	0	0	0	0	0	0	0	0	0	0	0	0	0	858	148	0	0	0	0	0	138	0	368	0	0	0	0	0	0	0	0	0	0	0	0	0	0	0	0	0	0	0	0	0	0	0	0	0	0	0	0	0	0	0	0	0	124	5176	26564	3440	27092	0	0	986	812	1998	12584	4970	23022	6666	0	838	16682	0	508	0	0	1556	2574	7826	6692	1922	342	
174388	Cerebelum_9_L	0	0	0	0	0	0	0	0	0	0	0	0	0	0	0	0	0	0	0	0	0	0	0	0	0	0	0	0	0	0	0	0	0	0	0	0	0	0	0	0	0	0	0	0	0	0	292	302	0	0	0	0	0	280	0	300	0	0	0	0	0	0	0	0	0	0	0	0	0	0	0	0	0	0	0	0	0	0	0	0	0	0	0	0	0	0	0	0	0	0	8920	180	9342	0	1976	0	5960	854	7420	932	9336	0	23666	838	0	1026	2858	128	238	966	4456	1734	796	2366	1700	328	
118016	Cerebelum_9_R	0	0	0	0	0	0	0	0	0	0	0	0	0	0	0	0	0	0	0	0	0	0	0	0	0	0	0	0	0	0	0	0	0	0	0	0	294	0	294	0	0	0	0	0	0	0	1592	0	0	0	0	0	0	0	0	0	0	0	0	0	0	0	0	0	0	0	0	0	0	0	0	0	0	0	0	0	0	0	0	0	0	0	0	0	0	0	0	0	0	0	398	2794	242	4732	134	696	2294	530	868	1716	254	4962	1454	16682	1026	0	0	1040	1582	1766	3286	2608	706	2020	3338	1700	
19624	Cerebelum_10_L	0	0	0	0	0	0	0	0	0	0	0	0	0	0	0	0	0	0	0	0	0	0	0	0	0	0	0	0	0	0	0	0	0	0	0	0	0	0	0	0	0	0	0	0	0	0	118	0	0	0	0	0	0	0	0	0	0	0	0	0	0	0	0	0	0	0	0	0	0	0	0	0	0	0	0	0	0	0	0	0	0	0	0	0	0	0	0	0	0	0	842	0	248	0	0	0	948	0	1470	0	864	0	1872	0	2858	0	0	0	0	0	592	0	0	0	0	0	
21828	Cerebelum_10_R	0	0	0	0	0	0	0	0	0	0	0	0	0	0	0	0	0	0	0	0	0	0	0	0	0	0	0	0	0	0	0	0	0	0	0	0	128	0	128	0	0	0	0	0	0	0	466	0	0	0	0	0	0	224	0	242	0	0	0	0	0	0	0	0	0	0	0	0	0	0	0	0	0	0	0	0	0	0	0	0	0	0	0	0	0	0	0	0	0	0	0	486	0	0	0	178	924	1300	248	2258	0	0	122	508	128	1040	0	0	0	0	1428	410	0	0	330	366	
24272	Vermis_1_2	0	0	0	0	0	0	0	0	0	0	0	0	0	0	0	0	0	0	0	0	0	0	0	0	0	0	0	0	0	0	0	0	0	0	0	0	0	0	0	0	0	0	0	0	0	0	152	0	0	0	0	0	0	146	0	156	0	0	0	0	0	0	0	0	0	0	0	0	0	0	0	0	0	0	0	0	0	0	0	0	0	0	0	0	0	0	0	0	0	0	0	0	0	0	648	980	354	344	0	518	0	0	0	0	238	1582	0	0	0	6158	730	130	0	0	0	0	
45300	Vermis_3	0	0	0	0	0	0	0	0	0	0	0	0	0	0	0	0	0	0	0	0	0	0	0	0	0	0	0	0	0	0	0	0	0	0	0	0	0	0	0	0	0	0	0	0	0	0	202	0	0	0	0	0	0	542	0	600	0	0	0	0	0	0	0	0	0	0	0	0	0	0	0	0	0	0	0	0	0	0	0	0	0	0	0	0	0	0	0	0	0	0	190	546	0	0	2052	2326	1566	1700	436	1978	0	0	0	0	966	1766	0	0	6158	0	1478	144	0	0	0	0	
216172	Vermis_4_5	0	0	0	0	0	0	0	0	0	0	0	0	0	0	0	0	0	0	0	0	0	0	0	0	0	0	0	0	0	0	0	0	0	0	0	210	398	0	446	0	0	0	0	790	0	206	6730	4938	0	282	136	120	372	2550	3444	3928	0	0	0	0	0	0	0	0	0	0	0	994	0	0	0	0	0	0	0	0	0	0	0	0	0	0	0	0	0	0	0	0	0	0	1462	498	620	236	694	310	17544	12032	9052	9324	1426	412	3332	1556	4456	3286	592	1428	730	1478	0	6776	0	892	2490	1916	
203696	Vermis_6	0	0	0	0	0	0	0	0	0	0	0	0	0	0	0	0	0	0	0	0	0	0	0	0	0	0	0	0	0	0	0	0	0	0	0	0	348	0	346	0	0	0	0	0	0	0	5902	8176	0	0	316	220	926	5752	3356	8740	0	0	0	0	0	0	0	0	0	0	0	0	0	0	0	0	0	0	0	0	0	0	0	0	0	0	0	0	0	0	0	0	0	0	4742	3606	448	126	0	124	4834	1750	10568	14022	310	246	1162	2574	1734	2608	0	410	130	144	6776	0	3902	3214	3604	732	
