data	data	695456	477268	1.24112e+06	778452	128304	55592	757016	317520	69904	59060	344168	231456	322672	164352	228792	139280	212264	110008	940536	1.04846e+06	63720	78360	374372	326036	26652	112364	48256	73768	743140	295688	347996	397304	339344	697608	361900	451740	340600	431948	45564	248424	38308	57836	320392	489608	232668	370896	226880	213316	257920	393852	686300	368036	256032	111948	389104	451268	305980	499308	195024	179532	312304	153660	172536	152248	163172	122252	519428	834632	261264	398968	277608	418828	344128	438740	40384	47252	152960	179204	123216	15944	294780	106996	138080	54368	400820	302860	26320	21680	351224	359708	284908	225812	183156	148488	20488	25312	176648	165688	274900	267232	127928	42468	165576	113956	65344	45988	17384	9712	13332	27980	161588	124228	94164	41260	28620	12208	
data	data	Precentral_L	Precentral_R	Frontal_Sup_L	Frontal_Sup_R	Frontal_Sup_Orb_L	Frontal_Sup_Orb_R	Frontal_Mid_L	Frontal_Mid_R	Frontal_Mid_Orb_L	Frontal_Mid_Orb_R	Frontal_Inf_Oper_L	Frontal_Inf_Oper_R	Frontal_Inf_Tri_L	Frontal_Inf_Tri_R	Frontal_Inf_Orb_L	Frontal_Inf_Orb_R	Rolandic_Oper_L	Rolandic_Oper_R	Supp_Motor_Area_L	Supp_Motor_Area_R	Olfactory_L	Olfactory_R	Frontal_Sup_Medial_L	Frontal_Sup_Medial_R	Frontal_Med_Orb_L	Frontal_Med_Orb_R	Rectus_L	Rectus_R	Insula_L	Insula_R	Cingulum_Ant_L	Cingulum_Ant_R	Cingulum_Mid_L	Cingulum_Mid_R	Cingulum_Post_L	Cingulum_Post_R	Hippocampus_L	Hippocampus_R	ParaHippocampal_L	ParaHippocampal_R	Amygdala_L	Amygdala_R	Calcarine_L	Calcarine_R	Cuneus_L	Cuneus_R	Lingual_L	Lingual_R	Occipital_Sup_L	Occipital_Sup_R	Occipital_Mid_L	Occipital_Mid_R	Occipital_Inf_L	Occipital_Inf_R	Fusiform_L	Fusiform_R	Postcentral_L	Postcentral_R	Parietal_Sup_L	Parietal_Sup_R	Parietal_Inf_L	Parietal_Inf_R	SupraMarginal_L	SupraMarginal_R	Angular_L	Angular_R	Precuneus_L	Precuneus_R	Paracentral_Lobule_L	Paracentral_Lobule_R	Caudate_L	Caudate_R	Putamen_L	Putamen_R	Pallidum_L	Pallidum_R	Thalamus_L	Thalamus_R	Heschl_L	Heschl_R	Temporal_Sup_L	Temporal_Sup_R	Temporal_Pole_Sup_L	Temporal_Pole_Sup_R	Temporal_Mid_L	Temporal_Mid_R	Temporal_Pole_Mid_L	Temporal_Pole_Mid_R	Temporal_Inf_L	Temporal_Inf_R	Cerebelum_Crus1_L	Cerebelum_Crus1_R	Cerebelum_Crus2_L	Cerebelum_Crus2_R	Cerebelum_3_L	Cerebelum_3_R	Cerebelum_4_5_L	Cerebelum_4_5_R	Cerebelum_6_L	Cerebelum_6_R	Cerebelum_7b_L	Cerebelum_7b_R	Cerebelum_8_L	Cerebelum_8_R	Cerebelum_9_L	Cerebelum_9_R	Cerebelum_10_L	Cerebelum_10_R	Vermis_1_2	Vermis_3	Vermis_4_5	Vermis_6	Vermis_7	Vermis_8	Vermis_9	Vermis_10	
695456	Precentral_L	0	9082	15642	4584	0	0	27790	5386	0	0	29366	412	3620	0	0	0	9244	340	14740	11970	0	0	318	0	0	0	0	0	15964	556	2206	622	5818	6412	14244	8568	5746	3910	158	1560	0	0	686	0	0	0	318	292	326	0	12162	0	3994	0	3422	456	31372	3170	4204	0	13804	0	5830	0	642	0	2310	3874	17944	5926	7516	166	934	352	146	0	9770	2386	6360	0	3056	0	268	0	4622	242	0	0	1758	894	268	0	0	0	0	0	0	0	0	0	0	0	0	0	0	0	0	0	0	0	0	0	0	0	0	0	
477268	Precentral_R	9082	0	3214	13658	0	0	1038	5150	0	0	0	16526	0	0	0	0	0	1982	4056	13506	0	0	0	0	0	0	0	0	0	4774	0	180	3232	4974	6086	8184	388	8908	120	1478	0	0	254	2264	236	2430	118	170	304	3704	854	2478	132	1122	0	5822	812	35842	222	3476	290	2402	0	8560	0	1152	2850	11752	5998	9690	552	1612	0	3574	0	288	1102	7466	0	0	0	706	0	0	0	4878	0	0	0	8822	0	0	0	0	0	0	0	0	0	0	0	0	0	0	0	0	0	0	0	0	164	0	0	0	0	0	
1.24112e+06	Frontal_Sup_L	15642	3214	0	9564	11510	0	81980	4030	4726	0	7584	324	12902	428	14026	0	6916	350	116198	38668	456	0	48354	9196	778	700	1494	0	38770	530	19858	5280	8442	16104	5816	8820	8988	954	296	244	236	0	146	0	0	0	0	0	0	0	476	0	506	0	3768	190	3602	6084	154	0	546	0	372	0	0	0	514	6938	5694	12796	12354	2196	29330	710	4518	156	7552	730	2250	0	6060	0	3896	0	720	0	0	0	4694	230	0	0	0	0	0	0	0	0	0	0	0	0	0	0	0	0	0	0	0	0	0	0	0	0	0	0	
778452	Frontal_Sup_R	4584	13658	9564	0	0	2184	1958	26384	0	1640	1572	4698	1154	9104	0	6104	0	9836	13632	66022	0	188	7548	30148	126	5308	0	2910	1342	13672	4696	26288	1390	24676	786	796	416	7562	0	2396	0	0	138	0	0	0	0	198	262	0	740	0	0	0	0	3176	420	1274	192	550	190	170	0	826	0	0	340	1016	2186	730	3362	26444	288	24054	0	4896	210	11400	0	606	0	416	0	0	0	346	0	0	0	2454	0	0	0	0	0	0	0	0	0	0	0	0	0	0	0	0	0	0	0	0	0	0	0	0	0	0	
128304	Frontal_Sup_Orb_L	0	0	11510	0	0	0	4530	0	7926	0	126	0	1074	0	9454	0	0	0	544	0	2216	0	5358	474	2282	284	5434	0	3742	0	4694	182	0	0	0	0	0	0	0	0	0	0	0	0	0	0	0	0	0	0	0	0	0	0	0	0	0	0	0	0	0	0	0	0	0	0	0	0	0	0	1396	0	1608	0	0	0	0	0	0	0	0	0	1318	0	0	0	0	0	0	0	0	0	0	0	0	0	0	0	0	0	0	0	0	0	0	0	0	0	0	0	0	0	0	0	0	0	
55592	Frontal_Sup_Orb_R	0	0	0	2184	0	0	0	500	0	3180	0	0	0	0	0	2666	0	0	0	0	0	1624	0	1134	0	5120	0	7058	0	938	0	208	0	0	0	0	0	0	0	0	0	0	0	0	0	0	0	0	0	0	0	0	0	0	0	0	0	0	0	0	0	0	0	0	0	0	0	0	0	0	0	1450	0	1734	0	0	0	0	0	0	0	0	0	0	0	0	0	0	0	0	0	0	0	0	0	0	0	0	0	0	0	0	0	0	0	0	0	0	0	0	0	0	0	0	0	0	
757016	Frontal_Mid_L	27790	1038	81980	1958	4530	0	0	5362	7322	0	16262	366	44088	262	24836	0	4932	268	18114	2922	144	0	20554	1552	0	0	460	0	38026	512	6502	1504	1642	2132	1950	1604	5594	690	188	148	0	0	262	0	0	0	180	0	0	0	730	0	1468	0	2500	128	1636	518	0	0	2892	0	2346	0	0	0	746	804	434	1452	9398	150	7252	262	338	0	5704	218	3566	0	2996	0	2032	0	2044	0	0	0	2910	152	158	0	0	0	0	0	0	0	0	0	0	0	0	0	0	0	0	0	0	0	0	0	0	0	0	0	
317520	Frontal_Mid_R	5386	5150	4030	26384	0	500	5362	0	0	4372	0	11170	0	18880	0	6354	0	802	5888	6838	0	0	332	2018	0	164	0	164	334	3696	780	3168	0	4890	396	434	704	6962	0	1734	0	0	0	0	0	0	0	282	0	0	0	0	0	0	138	2668	298	844	0	138	0	0	0	396	0	0	0	166	0	0	1806	3542	0	13336	0	1000	170	4046	0	0	148	0	0	0	0	246	0	0	266	2378	0	0	0	0	0	0	0	0	0	0	0	0	0	0	0	0	0	0	0	0	0	0	0	0	0	0	
69904	Frontal_Mid_Orb_L	0	0	4726	0	7926	0	7322	0	0	0	0	0	1752	0	11690	0	0	0	0	0	0	0	158	0	0	0	162	0	328	0	0	0	0	0	0	0	0	0	0	0	0	0	0	0	0	0	0	0	0	0	0	0	0	0	0	0	0	0	0	0	0	0	0	0	0	0	0	0	0	0	0	0	0	0	0	0	0	0	0	0	0	0	888	0	0	0	0	0	0	0	0	0	0	0	0	0	0	0	0	0	0	0	0	0	0	0	0	0	0	0	0	0	0	0	0	0	
59060	Frontal_Mid_Orb_R	0	0	0	1640	0	3180	0	4372	0	0	0	234	0	1096	0	9544	0	0	0	1708	0	0	0	0	0	238	0	178	0	970	0	228	0	1192	0	0	0	0	0	0	0	0	0	0	0	0	0	0	0	0	0	0	0	0	0	0	0	0	0	0	0	0	0	0	0	0	0	0	0	0	0	2632	0	2318	0	0	0	0	0	0	0	0	0	0	0	0	0	0	0	0	0	0	0	0	0	0	0	0	0	0	0	0	0	0	0	0	0	0	0	0	0	0	0	0	0	0	
344168	Frontal_Inf_Oper_L	29366	0	7584	1572	126	0	16262	0	0	0	0	900	15812	0	384	0	9642	728	5146	1850	0	0	370	126	0	0	0	0	25966	874	2074	246	474	332	618	120	1232	0	0	0	0	0	286	0	0	0	152	0	0	0	5044	0	1824	0	2246	0	5836	0	2566	0	6286	0	1702	0	324	0	730	144	234	0	3332	1342	1836	198	0	0	118	0	3588	0	3888	0	4466	0	2018	0	0	0	1936	0	184	0	0	0	0	0	0	0	0	0	0	0	0	0	0	0	0	0	0	0	0	0	0	0	0	0	
231456	Frontal_Inf_Oper_R	412	16526	324	4698	0	0	366	11170	0	234	900	0	652	9064	0	658	0	3512	938	4316	0	0	122	178	0	0	0	0	620	10454	452	1676	0	2616	0	0	456	3224	0	844	0	0	0	542	0	364	0	0	0	660	0	546	0	0	118	1132	0	12358	0	1980	0	1058	0	3112	0	870	278	2480	0	268	948	1288	164	7052	0	556	0	596	0	0	166	270	0	232	0	2684	0	0	258	1336	0	0	0	0	0	0	0	0	0	0	0	0	0	0	0	0	0	0	0	0	0	0	0	0	0	0	
322672	Frontal_Inf_Tri_L	3620	0	12902	1154	1074	0	44088	0	1752	0	15812	652	0	170	21798	0	4164	396	4104	1250	0	0	4032	452	0	0	0	0	27656	522	3880	334	0	624	128	0	610	0	0	0	0	0	0	0	0	0	0	0	0	0	0	0	0	0	206	0	472	0	0	0	0	0	0	0	0	0	0	0	0	0	1678	662	2334	148	0	0	0	0	498	0	1584	0	1756	0	0	0	0	0	824	0	0	0	0	0	0	0	0	0	0	0	0	0	0	0	0	0	0	0	0	0	0	0	0	0	0	0	
164352	Frontal_Inf_Tri_R	0	0	428	9104	0	0	262	18880	0	1096	0	9064	170	0	0	7790	0	292	2798	5750	0	0	1214	4328	0	0	0	0	0	6508	528	2392	0	6042	0	0	0	878	0	248	0	0	0	0	0	0	0	0	0	0	0	0	0	0	0	290	0	0	0	0	0	0	0	0	0	0	0	0	0	0	148	512	0	3126	0	0	0	140	0	0	0	0	0	0	0	0	0	0	0	188	0	0	0	0	0	0	0	0	0	0	0	0	0	0	0	0	0	0	0	0	0	0	0	0	0	0	
228792	Frontal_Inf_Orb_L	0	0	14026	0	9454	0	24836	0	11690	0	384	0	21798	0	0	0	194	0	1398	0	2098	0	2040	216	0	0	2040	0	14820	0	444	0	0	224	0	0	0	0	0	0	0	0	0	0	0	0	0	0	0	0	0	0	0	0	0	0	0	0	0	0	0	0	0	0	0	0	0	0	0	0	1268	0	3734	0	0	0	0	0	0	0	0	0	3732	0	0	0	0	0	0	0	0	0	0	0	0	0	0	0	0	0	0	0	0	0	0	0	0	0	0	0	0	0	0	0	0	0	
139280	Frontal_Inf_Orb_R	0	0	0	6104	0	2666	0	6354	0	9544	0	658	0	7790	0	0	0	204	640	5604	0	646	452	2336	0	0	0	892	0	8586	0	506	0	4490	0	0	0	198	0	0	0	258	0	0	0	0	0	0	0	0	0	0	0	0	0	128	0	0	0	0	0	0	0	0	0	0	0	0	0	0	0	4552	0	6658	0	0	0	0	0	0	0	0	0	374	0	0	0	0	0	0	0	0	0	0	0	0	0	0	0	0	0	0	0	0	0	0	0	0	0	0	0	0	0	0	0	0	
212264	Rolandic_Oper_L	9244	0	6916	0	0	0	4932	0	0	0	9642	0	4164	0	194	0	0	0	5948	1048	0	0	0	0	0	0	0	0	15788	118	298	0	694	256	190	822	0	0	0	0	0	0	0	0	0	0	0	0	0	0	3816	0	1872	0	1364	0	7768	792	796	0	834	0	1710	0	158	0	632	942	0	936	148	0	554	0	0	0	0	0	4750	0	12628	0	2980	0	1836	0	0	0	1216	0	146	0	0	0	0	0	0	0	0	0	0	0	0	0	0	0	0	0	0	0	0	0	0	0	0	0	
110008	Rolandic_Oper_R	340	1982	350	9836	0	0	268	802	0	0	728	3512	396	292	0	204	0	0	332	4206	0	0	0	182	0	0	0	0	216	13808	178	582	0	738	0	0	0	450	0	0	0	0	0	118	0	0	0	0	0	0	0	0	0	0	0	368	0	2858	0	1464	0	0	0	1342	0	0	0	1608	0	0	220	520	0	1368	0	0	0	152	0	970	0	3142	0	436	0	198	0	0	0	838	0	0	0	0	0	0	0	0	0	0	0	0	0	0	0	0	0	0	0	0	0	0	0	0	0	0	
940536	Supp_Motor_Area_L	14740	4056	116198	13632	544	0	18114	5888	0	0	5146	938	4104	2798	1398	640	5948	332	0	56296	0	0	9074	2654	0	0	312	0	25398	844	9282	4124	12906	29998	5368	7376	6168	1534	130	386	198	0	0	0	0	0	0	0	188	0	672	0	250	0	3176	688	3556	5708	262	0	360	0	200	0	0	0	358	5992	13216	12642	9360	2288	21738	1502	4096	176	2024	742	1094	0	5018	0	2870	0	314	148	0	0	4212	894	0	0	0	0	0	0	0	0	0	0	0	0	0	0	0	0	0	0	0	0	0	0	0	0	0	0	
1.04846e+06	Supp_Motor_Area_R	11970	13506	38668	66022	0	0	2922	6838	0	1708	1850	4316	1250	5750	0	5604	1048	4206	56296	0	0	0	1086	5862	0	418	0	320	2360	9152	2534	11528	10404	63688	10510	23486	586	4816	0	1758	0	0	0	1012	0	210	0	352	148	202	424	178	0	0	168	2956	2266	10568	0	350	210	0	0	0	0	0	340	16480	10026	33470	5090	28916	1750	17150	232	3578	0	11630	208	146	402	238	0	0	0	600	0	0	380	3610	0	0	0	0	0	0	0	0	0	0	0	0	0	0	0	0	0	0	0	0	476	0	0	0	0	0	
63720	Olfactory_L	0	0	456	0	2216	0	144	0	0	0	0	0	0	0	2098	0	0	0	0	0	0	3876	0	0	372	0	2156	226	2346	0	2628	834	0	0	0	0	178	0	0	0	330	0	0	0	0	0	0	0	0	0	0	0	0	0	0	0	0	0	0	0	0	0	0	0	0	0	0	0	0	0	5556	3390	3182	804	126	0	0	0	0	0	0	0	942	0	0	0	0	0	0	0	0	0	0	0	0	0	0	0	0	0	0	0	0	0	0	0	0	0	0	0	0	0	0	0	0	0	
78360	Olfactory_R	0	0	0	188	0	1624	0	0	0	0	0	0	0	0	0	646	0	0	0	0	3876	0	0	216	0	2898	170	2734	0	1080	2308	4124	0	0	0	0	0	0	0	190	0	208	0	0	0	0	0	0	0	0	0	0	0	0	0	0	0	0	0	0	0	0	0	0	0	0	0	0	0	0	4436	8886	3182	1742	332	146	0	0	0	0	0	0	0	194	0	0	0	0	0	0	0	0	0	0	0	0	0	0	0	0	0	0	0	0	0	0	0	0	0	0	0	0	0	0	0	0	
374372	Frontal_Sup_Medial_L	318	0	48354	7548	5358	0	20554	332	158	0	370	122	4032	1214	2040	452	0	0	9074	1086	0	0	0	25064	1552	1596	1110	0	3192	178	23816	14320	4014	9102	144	0	324	0	0	0	0	0	0	0	0	0	0	0	0	0	0	0	0	0	0	0	0	0	0	0	0	0	0	0	0	0	0	0	0	0	192	474	546	150	0	0	0	0	0	0	230	0	0	0	0	0	0	0	170	0	0	0	0	0	0	0	0	0	0	0	0	0	0	0	0	0	0	0	0	0	0	0	0	0	0	0	
326036	Frontal_Sup_Medial_R	0	0	9196	30148	474	1134	1552	2018	0	0	126	178	452	4328	216	2336	0	182	2654	5862	0	216	25064	0	828	9146	0	2550	452	790	13522	24912	530	13446	0	0	0	0	0	0	0	0	0	0	0	0	0	0	0	0	0	0	0	0	0	0	0	0	0	0	0	0	0	0	0	0	0	0	0	0	316	7168	0	3222	0	0	0	0	0	0	0	0	0	0	0	0	0	0	0	0	0	0	0	0	0	0	0	0	0	0	0	0	0	0	0	0	0	0	0	0	0	0	0	0	0	0	
26652	Frontal_Med_Orb_L	0	0	778	126	2282	0	0	0	0	0	0	0	0	0	0	0	0	0	0	0	372	0	1552	828	0	1206	1782	306	0	0	3340	200	0	0	0	0	0	0	0	0	0	0	0	0	0	0	0	0	0	0	0	0	0	0	0	0	0	0	0	0	0	0	0	0	0	0	0	0	0	0	416	0	138	0	0	0	0	0	0	0	0	0	0	0	0	0	0	0	0	0	0	0	0	0	0	0	0	0	0	0	0	0	0	0	0	0	0	0	0	0	0	0	0	0	0	0	
112364	Frontal_Med_Orb_R	0	0	700	5308	284	5120	0	164	0	238	0	0	0	0	0	0	0	0	0	418	0	2898	1596	9146	1206	0	198	9154	0	0	3784	8124	0	332	0	0	0	0	0	0	0	0	0	0	0	0	0	0	0	0	0	0	0	0	0	0	0	0	0	0	0	0	0	0	0	0	0	0	0	0	0	5920	0	1592	0	0	0	0	0	0	0	0	0	0	0	0	0	0	0	0	0	0	0	0	0	0	0	0	0	0	0	0	0	0	0	0	0	0	0	0	0	0	0	0	0	0	
48256	Rectus_L	0	0	1494	0	5434	0	460	0	162	0	0	0	0	0	2040	0	0	0	312	0	2156	170	1110	0	1782	198	0	226	1428	0	4260	0	0	0	0	0	0	0	0	0	0	0	0	0	0	0	0	0	0	0	0	0	0	0	0	0	0	0	0	0	0	0	0	0	0	0	0	0	0	0	1790	0	880	0	0	0	0	0	0	0	0	0	226	0	0	0	0	0	0	0	0	0	0	0	0	0	0	0	0	0	0	0	0	0	0	0	0	0	0	0	0	0	0	0	0	0	
73768	Rectus_R	0	0	0	2910	0	7058	0	164	0	178	0	0	0	0	0	892	0	0	0	320	226	2734	0	2550	306	9154	226	0	0	456	472	3378	0	220	0	0	0	0	0	0	0	0	0	0	0	0	0	0	0	0	0	0	0	0	0	0	0	0	0	0	0	0	0	0	0	0	0	0	0	0	0	4116	0	1404	0	0	0	0	0	0	0	0	0	120	0	0	0	0	0	0	0	0	0	0	0	0	0	0	0	0	0	0	0	0	0	0	0	0	0	0	0	0	0	0	0	0	
743140	Insula_L	15964	0	38770	1342	3742	0	38026	334	328	0	25966	620	27656	0	14820	0	15788	216	25398	2360	2346	0	3192	452	0	0	1428	0	0	420	6470	606	502	520	2342	1358	16978	764	762	184	3266	0	388	0	0	0	248	0	0	0	3052	0	3676	0	10156	0	5336	600	962	0	1820	0	1238	0	0	0	1234	666	0	802	3364	1346	21526	242	0	0	1584	228	11234	0	16794	0	12250	0	5494	0	0	0	14008	0	402	0	0	0	0	0	0	0	0	0	0	0	0	0	0	0	0	0	0	0	0	0	0	0	0	0	
295688	Insula_R	556	4774	530	13672	0	938	512	3696	0	970	874	10454	522	6508	0	8586	118	13808	844	9152	0	1080	178	790	0	0	0	456	420	0	410	1316	0	2584	0	0	288	6770	0	3048	0	1956	0	242	0	0	0	374	0	208	0	212	0	0	0	5502	0	3680	0	470	0	0	0	252	0	0	0	694	0	0	394	1998	120	18434	0	0	0	1094	0	1046	0	4614	0	1362	0	4206	0	0	194	6938	0	0	0	0	0	0	0	0	0	0	0	0	0	0	0	0	0	0	0	0	0	0	0	0	0	0	
347996	Cingulum_Ant_L	2206	0	19858	4696	4694	0	6502	780	0	0	2074	452	3880	528	444	0	298	178	9282	2534	2628	2308	23816	13522	3340	3784	4260	472	6470	410	0	23580	3240	3344	418	0	730	272	0	120	0	0	0	0	0	0	0	0	0	0	0	0	0	0	148	0	0	0	0	0	0	0	0	0	0	0	0	0	0	0	6896	5334	6188	2914	0	254	0	154	0	0	506	0	0	0	0	0	0	0	484	0	0	0	0	0	0	0	0	0	0	0	0	0	0	0	0	0	0	0	0	0	0	0	0	0	0	0	
397304	Cingulum_Ant_R	622	180	5280	26288	182	208	1504	3168	0	228	246	1676	334	2392	0	506	0	582	4124	11528	834	4124	14320	24912	200	8124	0	3378	606	1316	23580	0	1850	19470	0	0	150	690	0	294	0	0	0	0	0	0	0	0	0	0	0	0	0	0	0	220	0	250	0	0	0	0	0	0	0	0	0	0	0	0	1894	21630	1386	9616	0	238	0	276	0	0	122	0	0	0	0	0	0	0	0	124	0	0	0	0	0	0	0	0	0	0	0	0	0	0	0	0	0	0	0	0	0	0	0	0	0	0	
339344	Cingulum_Mid_L	5818	3232	8442	1390	0	0	1642	0	0	0	474	0	0	0	0	0	694	0	12906	10404	0	0	4014	530	0	0	0	0	502	0	3240	1850	0	17360	8444	5116	304	134	0	0	0	0	2674	924	1536	136	510	0	5696	0	15548	0	264	0	152	0	2662	2936	2956	0	2586	0	1362	0	1368	0	16746	7992	8182	5564	124	324	0	0	0	0	0	452	0	0	1102	0	0	0	692	0	0	0	496	192	0	0	0	0	0	0	0	0	0	0	0	0	0	0	0	0	0	0	0	0	0	0	0	0	0	0	
697608	Cingulum_Mid_R	6412	4974	16104	24676	0	0	2132	4890	0	1192	332	2616	624	6042	224	4490	256	738	29998	63688	0	0	9102	13446	0	332	0	220	520	2584	3344	19470	17360	0	7948	16056	0	1336	0	250	0	0	262	4556	0	1716	0	1056	374	1500	2098	1046	0	264	0	1210	566	7958	162	254	334	146	0	0	254	0	3244	19734	6506	18930	942	7410	206	3166	0	0	0	540	0	0	282	0	0	0	0	498	0	0	0	1894	0	0	0	0	0	0	0	0	0	0	0	0	0	0	0	0	0	0	0	0	340	0	0	0	0	0	
361900	Cingulum_Post_L	14244	6086	5816	786	0	0	1950	396	0	0	618	0	128	0	0	0	190	0	5368	10510	0	0	144	0	0	0	0	0	2342	0	418	0	8444	7948	0	15942	12240	4054	878	1736	0	0	8098	264	2780	622	2644	366	2574	562	1994	358	1084	0	1388	222	1154	5876	1150	0	646	0	294	0	0	0	13074	8470	6796	9010	226	798	1026	130	0	0	4442	3066	200	0	342	0	0	0	458	0	0	0	336	0	0	0	0	0	0	0	0	0	0	0	0	0	0	0	0	0	0	0	0	0	262	0	0	0	0	0	
451740	Cingulum_Post_R	8568	8184	8820	796	0	0	1604	434	0	0	120	0	0	0	0	0	822	0	7376	23486	0	0	0	0	0	0	0	0	1358	0	0	0	5116	16056	15942	0	4480	8754	0	3952	0	0	0	6884	0	2582	0	3614	0	1594	0	934	0	176	200	3588	1444	11382	0	0	166	0	144	0	0	0	2050	29934	3904	21694	926	1090	1480	154	214	0	5032	4684	208	0	284	0	0	0	0	402	0	0	346	2926	0	0	0	0	0	0	0	0	0	0	0	0	0	0	0	0	0	0	0	0	1966	0	0	0	0	0	
340600	Hippocampus_L	5746	388	8988	416	0	0	5594	704	0	0	1232	456	610	0	0	0	0	0	6168	586	178	0	324	0	0	0	0	0	16978	288	730	150	304	0	12240	4480	0	4124	8056	1368	7562	0	7222	0	734	0	5398	246	248	0	1086	0	1382	0	13694	126	774	388	176	0	382	0	256	0	0	0	9694	770	396	402	474	0	8830	494	526	0	5864	1562	2132	0	2806	0	1774	0	1072	0	0	0	13414	0	0	0	0	0	0	0	0	0	152	0	0	0	0	0	0	0	0	0	0	156	0	0	0	0	0	0	
431948	Hippocampus_R	3910	8908	954	7562	0	0	690	6962	0	0	0	3224	0	878	0	198	0	450	1534	4816	0	0	0	0	0	0	0	0	764	6770	272	690	134	1336	4054	8754	4124	0	192	32282	0	8290	0	2330	0	146	0	3520	0	432	0	420	0	132	142	31206	0	3008	0	548	0	124	0	736	0	0	154	5820	446	1406	0	464	242	20504	0	310	4956	6478	0	0	0	1650	0	910	0	4072	0	142	130	15790	0	228	0	0	0	0	0	868	0	280	0	0	0	0	0	0	0	0	0	0	632	0	0	0	0	0	
45564	ParaHippocampal_L	158	120	296	0	0	0	188	0	0	0	0	0	0	0	0	0	0	0	130	0	0	0	0	0	0	0	0	0	762	0	0	0	0	0	878	0	8056	192	0	0	1610	0	914	0	0	0	2032	0	0	0	0	0	144	0	3030	0	0	0	0	0	0	0	0	0	0	0	1174	0	0	0	0	0	1020	150	0	0	162	0	0	0	0	0	282	0	0	0	0	0	174	0	290	0	0	0	0	0	436	0	392	0	0	0	0	0	0	0	0	0	0	192	0	0	0	0	0	0	
248424	ParaHippocampal_R	1560	1478	244	2396	0	0	148	1734	0	0	0	844	0	248	0	0	0	0	386	1758	0	190	0	0	0	0	0	0	184	3048	120	294	0	250	1736	3952	1368	32282	0	0	0	6504	0	1696	0	0	0	3336	0	176	0	200	0	0	0	23428	0	936	0	232	0	0	0	398	0	0	0	3434	0	244	0	148	0	8532	0	230	1704	2580	0	0	0	956	0	1714	0	2592	0	342	0	6832	0	584	0	0	0	198	0	1956	0	756	0	0	0	0	0	0	0	0	0	0	284	0	0	0	0	0	
38308	Amygdala_L	0	0	236	0	0	0	0	0	0	0	0	0	0	0	0	0	0	0	198	0	330	0	0	0	0	0	0	0	3266	0	0	0	0	0	0	0	7562	0	1610	0	0	0	0	0	0	0	0	0	0	0	0	0	0	0	2390	0	0	0	0	0	0	0	0	0	0	0	0	0	0	0	0	0	776	0	0	0	0	0	0	0	138	0	1540	0	0	0	0	0	1108	0	0	0	0	0	0	0	0	0	0	0	0	0	0	0	0	0	0	0	0	0	0	0	0	0	0	0	
57836	Amygdala_R	0	0	0	0	0	0	0	0	0	0	0	0	0	0	0	258	0	0	0	0	0	208	0	0	0	0	0	0	0	1956	0	0	0	0	0	0	0	8290	0	6504	0	0	0	0	0	0	0	0	0	0	0	0	0	0	0	6914	0	0	0	0	0	0	0	0	0	0	0	0	0	0	0	140	0	2406	0	0	0	158	0	0	0	172	0	1626	0	152	0	0	0	134	0	0	0	0	0	0	0	0	0	0	0	0	0	0	0	0	0	0	0	0	0	0	0	0	0	0	
320392	Calcarine_L	686	254	146	138	0	0	262	0	0	0	286	0	0	0	0	0	0	0	0	0	0	0	0	0	0	0	0	0	388	0	0	0	2674	262	8098	0	7222	0	914	0	0	0	0	5804	26534	3236	20718	3096	14802	416	21834	198	9072	0	4956	0	126	0	816	0	0	0	0	0	0	0	22856	1178	716	0	0	0	0	0	0	0	0	0	140	0	0	0	0	0	1452	0	0	0	614	0	150	0	0	0	0	0	0	0	152	0	0	0	0	0	0	0	0	0	0	0	0	0	0	0	0	0	
489608	Calcarine_R	0	2264	0	0	0	0	0	0	0	0	0	542	0	0	0	0	0	118	0	1012	0	0	0	0	0	0	0	0	0	242	0	0	924	4556	264	6884	0	2330	0	1696	0	0	5804	0	4340	33928	2486	19114	370	29516	234	25690	0	9522	0	11084	0	6684	178	2410	0	1648	0	316	0	198	7632	42344	138	3660	0	0	0	0	0	0	0	0	0	0	0	200	0	0	0	8414	0	0	0	7744	0	0	0	0	0	0	0	0	0	0	0	0	0	0	0	0	0	0	0	0	0	318	0	0	0	0	
232668	Cuneus_L	0	236	0	0	0	0	0	0	0	0	0	0	0	0	0	0	0	0	0	0	0	0	0	0	0	0	0	0	0	0	0	0	1536	0	2780	0	734	0	0	0	0	0	26534	4340	0	6958	5568	512	23638	586	15136	0	2828	0	872	0	0	0	4276	0	0	0	0	0	0	0	16210	2300	458	0	0	0	0	0	0	0	0	0	0	0	0	0	0	0	708	0	0	0	124	0	0	0	0	0	0	0	0	0	0	0	0	0	0	0	0	0	0	0	0	0	0	0	0	0	0	0	
370896	Cuneus_R	0	2430	0	0	0	0	0	0	0	0	0	364	0	0	0	0	0	0	0	210	0	0	0	0	0	0	0	0	0	0	0	0	136	1716	622	2582	0	146	0	0	0	0	3236	33928	6958	0	468	4174	506	40840	176	17810	0	3418	0	904	0	4276	0	3984	0	710	0	148	0	130	15912	35230	0	694	0	0	0	0	0	0	0	0	0	0	0	0	0	0	0	2294	0	0	0	1446	0	0	0	0	0	0	0	0	0	0	0	0	0	0	0	0	0	0	0	0	0	0	0	0	0	0	
226880	Lingual_L	318	118	0	0	0	0	180	0	0	0	152	0	0	0	0	0	0	0	0	0	0	0	0	0	0	0	0	0	248	0	0	0	510	0	2644	0	5398	0	2032	0	0	0	20718	2486	5568	468	0	3242	2622	0	13850	0	10662	0	11240	272	0	0	340	0	0	0	0	0	0	0	11344	270	168	0	0	0	0	0	0	0	0	0	120	0	0	0	0	0	628	0	0	0	288	0	2342	406	0	0	144	0	4328	294	5588	1016	0	0	0	0	0	0	0	0	0	0	1892	1544	0	0	0	0	
213316	Lingual_R	292	170	0	198	0	0	0	282	0	0	0	0	0	0	0	0	0	0	0	352	0	0	0	0	0	0	0	0	0	374	0	0	0	1056	366	3614	246	3520	0	3336	0	0	3096	19114	512	4174	3242	0	0	3980	0	1954	0	3642	748	11248	0	444	0	0	0	0	0	0	0	0	996	7934	0	818	0	0	0	848	0	0	380	1134	0	0	0	0	0	0	0	540	0	0	0	1574	950	3146	0	150	0	148	134	2902	2316	6260	0	0	0	0	0	0	0	0	0	0	3730	6296	442	0	0	0	
257920	Occipital_Sup_L	326	304	0	262	0	0	0	0	0	0	0	0	0	0	0	0	0	0	188	148	0	0	0	0	0	0	0	0	0	0	0	0	5696	374	2574	0	248	0	0	0	0	0	14802	370	23638	506	2622	0	0	0	34264	0	2298	0	648	0	1926	0	10554	0	2398	0	0	0	1208	0	16618	2200	2294	0	0	0	0	0	0	0	0	0	0	0	194	0	0	0	1710	0	0	0	590	0	0	0	0	0	0	0	0	0	0	0	0	0	0	0	0	0	0	0	0	0	0	0	0	0	0	0	
393852	Occipital_Sup_R	0	3704	0	0	0	0	0	0	0	0	0	660	0	0	0	0	0	0	0	202	0	0	0	0	0	0	0	0	0	208	0	0	0	1500	562	1594	0	432	0	176	0	0	416	29516	586	40840	0	3980	0	0	0	32362	0	4552	0	1992	0	8060	0	8588	0	3136	0	544	0	2114	12504	30932	0	614	0	0	0	0	0	0	0	0	0	0	0	154	0	0	0	3906	0	0	0	3092	0	0	0	0	0	0	0	0	0	0	0	0	0	0	0	0	0	0	0	0	0	0	0	0	0	0	
686300	Occipital_Mid_L	12162	854	476	740	0	0	730	0	0	0	5044	0	0	0	0	0	3816	0	672	424	0	0	0	0	0	0	0	0	3052	0	0	0	15548	2098	1994	0	1086	0	0	0	0	0	21834	234	15136	176	13850	0	34264	0	0	0	34944	0	12698	0	9960	0	18336	0	26750	0	4848	0	24610	0	18788	3760	11062	0	0	0	0	0	0	0	0	0	652	0	4770	0	0	0	29484	0	0	0	6860	0	996	0	0	0	0	0	0	0	442	0	0	0	0	0	0	0	0	0	0	0	0	0	0	0	0	0	
368036	Occipital_Mid_R	0	2478	0	0	0	0	0	0	0	0	0	546	0	0	0	0	0	0	0	178	0	0	0	0	0	0	0	0	0	212	0	0	0	1046	358	934	0	420	0	200	0	0	198	25690	0	17810	0	1954	0	32362	0	0	0	11574	0	2492	0	5342	0	4542	0	9282	0	606	0	16110	6250	16036	0	508	0	0	0	0	0	0	0	0	0	0	0	340	0	0	0	18914	0	0	0	7636	0	0	0	0	0	0	0	0	0	0	0	0	0	0	0	0	0	0	0	0	0	0	0	0	0	0	
256032	Occipital_Inf_L	3994	132	506	0	0	0	1468	0	0	0	1824	0	0	0	0	0	1872	0	250	0	0	0	0	0	0	0	0	0	3676	0	0	0	264	0	1084	0	1382	0	144	0	0	0	9072	0	2828	0	10662	0	2298	0	34944	0	0	0	19442	0	636	0	0	0	758	0	192	0	880	0	3484	0	2344	0	0	0	0	0	0	0	0	0	2266	0	1320	0	0	0	12716	0	0	0	5208	0	1732	0	0	0	0	0	134	0	504	0	0	0	0	0	0	0	0	0	0	0	0	0	0	0	0	0	
111948	Occipital_Inf_R	0	1122	0	0	0	0	0	0	0	0	0	0	0	0	0	0	0	0	0	0	0	0	0	0	0	0	0	0	0	0	0	0	0	264	0	176	0	132	0	0	0	0	0	9522	0	3418	0	3642	0	4552	0	11574	0	0	0	7214	0	748	0	0	0	0	0	0	0	0	192	2536	0	222	0	0	0	0	0	0	0	0	0	0	0	0	0	0	0	5518	0	0	0	5142	0	0	0	0	0	0	0	0	0	0	0	0	0	0	0	0	0	0	0	0	0	0	0	0	0	0	
389104	Fusiform_L	3422	0	3768	0	0	0	2500	138	0	0	2246	118	206	0	0	0	1364	0	3176	168	0	0	0	0	0	0	0	0	10156	0	148	0	152	0	1388	200	13694	142	3030	0	2390	0	4956	0	872	0	11240	748	648	0	12698	0	19442	0	0	202	732	0	0	0	322	0	226	0	306	0	3126	0	906	0	0	0	3030	0	0	0	268	0	3708	0	4232	0	2338	0	9436	0	1640	0	15168	0	14306	230	142	0	0	0	10502	580	17844	826	0	0	0	0	0	0	0	0	0	0	3270	2202	0	0	0	0	
451268	Fusiform_R	456	5822	190	3176	0	0	128	2668	0	0	0	1132	0	290	0	128	0	368	688	2956	0	0	0	0	0	0	0	0	0	5502	0	220	0	1210	222	3588	126	31206	0	23428	0	6914	0	11084	0	904	272	11248	0	1992	0	2492	0	7214	202	0	0	2516	0	234	0	126	0	368	0	0	294	9538	330	1798	0	0	0	11100	0	160	184	758	0	0	0	704	0	5594	0	6178	0	2212	0	28514	342	5402	0	0	0	0	0	6032	1036	9418	0	0	0	0	0	0	0	0	0	0	3242	3440	288	0	0	0	
305980	Postcentral_L	31372	812	3602	420	0	0	1636	298	0	0	5836	0	472	0	0	0	7768	0	3556	2266	0	0	0	0	0	0	0	0	5336	0	0	0	2662	566	1154	1444	774	0	0	0	0	0	126	0	0	0	0	0	1926	0	9960	0	636	0	732	0	0	1056	8404	0	20406	0	12040	0	376	0	3414	1212	6068	1688	798	0	634	0	0	0	1290	0	4518	0	5060	0	0	0	1890	0	0	0	782	0	0	0	0	0	0	0	0	0	0	0	0	0	0	0	0	0	0	0	0	0	0	0	0	0	0	0	
499308	Postcentral_R	3170	35842	6084	1274	0	0	518	844	0	0	0	12358	0	0	0	0	792	2858	5708	10568	0	0	0	0	0	0	0	0	600	3680	0	250	2936	7958	5876	11382	388	3008	0	936	0	0	0	6684	0	4276	0	444	0	8060	0	5342	0	748	0	2516	1056	0	0	11762	0	9484	0	17046	0	3246	3202	25760	1868	15356	856	496	1242	2404	214	250	0	1006	196	132	244	886	0	0	0	3854	0	0	242	3592	0	0	0	0	0	0	0	0	0	0	0	0	0	0	0	0	0	0	0	0	160	0	0	0	0	0	
195024	Parietal_Sup_L	4204	222	154	192	0	0	0	0	0	0	2566	0	0	0	0	0	796	0	262	0	0	0	0	0	0	0	0	0	962	0	0	0	2956	162	1150	0	176	0	0	0	0	0	816	178	4276	0	340	0	10554	0	18336	0	0	0	0	0	8404	0	0	0	15118	0	544	0	4284	0	15256	1690	3116	0	0	0	0	0	0	0	0	0	0	0	798	0	0	0	0	0	0	0	0	0	0	0	0	0	0	0	0	0	0	0	0	0	0	0	0	0	0	0	0	0	0	0	0	0	0	0	
179532	Parietal_Sup_R	0	3476	0	550	0	0	0	138	0	0	0	1980	0	0	0	0	0	1464	0	350	0	0	0	0	0	0	0	0	0	470	0	0	0	254	0	0	0	548	0	232	0	0	0	2410	0	3984	0	0	0	8588	0	4542	0	0	0	234	0	11762	0	0	0	11768	0	6820	0	5180	1084	21060	0	450	0	0	0	152	0	0	0	0	0	0	0	1350	0	0	0	382	0	0	0	538	0	0	0	0	0	0	0	0	0	0	0	0	0	0	0	0	0	0	0	0	0	0	0	0	0	0	
312304	Parietal_Inf_L	13804	290	546	190	0	0	2892	0	0	0	6286	0	0	0	0	0	834	0	360	210	0	0	0	0	0	0	0	0	1820	0	0	0	2586	334	646	166	382	0	0	0	0	0	0	0	0	0	0	0	2398	0	26750	0	758	0	322	0	20406	0	15118	0	0	0	20312	0	21002	0	2200	606	2890	0	852	0	0	0	0	0	154	0	0	0	1254	0	0	0	7008	0	0	0	2776	0	0	0	0	0	0	0	0	0	0	0	0	0	0	0	0	0	0	0	0	0	0	0	0	0	0	0	
153660	Parietal_Inf_R	0	2402	0	170	0	0	0	0	0	0	0	1058	0	0	0	0	0	0	0	0	0	0	0	0	0	0	0	0	0	0	0	0	0	146	0	0	0	124	0	0	0	0	0	1648	0	710	0	0	0	3136	0	9282	0	0	0	126	0	9484	0	11768	0	0	0	13284	0	14516	456	5218	0	550	0	0	0	168	0	0	0	0	0	0	0	126	0	0	0	1576	0	0	0	882	0	0	0	0	0	0	0	0	0	0	0	0	0	0	0	0	0	0	0	0	0	0	0	0	0	0	
172536	SupraMarginal_L	5830	0	372	0	0	0	2346	0	0	0	1702	0	0	0	0	0	1710	0	200	0	0	0	0	0	0	0	0	0	1238	0	0	0	1362	0	294	144	256	0	0	0	0	0	0	0	0	0	0	0	0	0	4848	0	192	0	226	0	12040	0	544	0	20312	0	0	0	6654	0	1042	234	0	0	496	0	0	0	0	0	0	0	130	0	8784	0	0	0	9056	0	0	0	6256	0	0	0	0	0	0	0	0	0	0	0	0	0	0	0	0	0	0	0	0	0	0	0	0	0	0	0	
152248	SupraMarginal_R	0	8560	0	826	0	0	0	396	0	0	0	3112	0	0	0	0	0	1342	0	0	0	0	0	0	0	0	0	0	0	252	0	0	0	0	0	0	0	736	0	398	0	0	0	316	0	148	0	0	0	544	0	606	0	0	0	368	0	17046	0	6820	0	13284	0	0	0	6240	140	3122	0	0	0	0	0	608	0	0	0	0	0	128	0	5198	0	0	0	4340	0	0	0	1594	0	0	0	0	0	0	0	0	0	0	0	0	0	0	0	0	0	0	0	0	0	0	0	0	0	0	
163172	Angular_L	642	0	0	0	0	0	0	0	0	0	324	0	0	0	0	0	158	0	0	0	0	0	0	0	0	0	0	0	0	0	0	0	1368	254	0	0	0	0	0	0	0	0	0	0	0	0	0	0	1208	0	24610	0	880	0	306	0	376	0	4284	0	21002	0	6654	0	0	0	1156	504	668	0	0	0	0	0	0	0	0	0	0	0	1950	0	0	0	12746	0	0	0	2496	0	0	0	0	0	0	0	0	0	0	0	0	0	0	0	0	0	0	0	0	0	0	0	0	0	0	0	
122252	Angular_R	0	1152	0	0	0	0	0	0	0	0	0	870	0	0	0	0	0	0	0	0	0	0	0	0	0	0	0	0	0	0	0	0	0	0	0	0	0	0	0	0	0	0	0	198	0	130	0	0	0	2114	0	16110	0	0	0	0	0	3246	0	5180	0	14516	0	6240	0	0	182	966	0	174	0	0	0	164	0	0	0	0	0	0	0	2464	0	0	0	7054	0	0	0	366	0	0	0	0	0	0	0	0	0	0	0	0	0	0	0	0	0	0	0	0	0	0	0	0	0	0	
519428	Precuneus_L	2310	2850	514	340	0	0	746	0	0	0	730	278	0	0	0	0	632	0	358	340	0	0	0	0	0	0	0	0	1234	0	0	0	16746	3244	13074	2050	9694	154	1174	0	0	0	22856	7632	16210	15912	11344	996	16618	12504	18788	6250	3484	192	3126	294	3414	3202	15256	1084	2200	456	1042	140	1156	182	0	28034	3646	196	0	0	454	0	0	0	0	0	250	0	1066	0	0	0	1392	1832	0	0	770	1268	0	0	0	0	0	0	0	0	0	0	0	0	0	0	0	0	0	0	0	0	0	0	0	0	0	0	
834632	Precuneus_R	3874	11752	6938	1016	0	0	804	166	0	0	144	2480	0	0	0	0	942	1608	5992	16480	0	0	0	0	0	0	0	0	666	694	0	0	7992	19734	8470	29934	770	5820	0	3434	0	0	1178	42344	2300	35230	270	7934	2200	30932	3760	16036	0	2536	0	9538	1212	25760	1690	21060	606	5218	234	3122	504	966	28034	0	3554	20860	894	758	1244	218	214	0	414	1220	198	0	670	1418	0	0	174	3648	0	0	386	6868	0	0	0	0	0	0	0	0	0	0	0	0	0	0	0	0	0	0	0	0	2204	0	0	0	0	0	
261264	Paracentral_Lobule_L	17944	5998	5694	2186	0	0	434	0	0	0	234	0	0	0	0	0	0	0	13216	10026	0	0	0	0	0	0	0	0	0	0	0	0	8182	6506	6796	3904	396	446	0	0	0	0	716	138	458	0	168	0	2294	0	11062	0	2344	0	906	330	6068	1868	3116	0	2890	0	0	0	668	0	3646	3554	0	5362	0	0	0	0	0	0	0	0	0	0	0	0	0	0	1824	0	0	0	562	696	0	0	0	0	0	0	0	0	0	0	0	0	0	0	0	0	0	0	0	0	0	0	0	0	0	0	
398968	Paracentral_Lobule_R	5926	9690	12796	730	0	0	1452	0	0	0	0	268	0	0	0	0	936	0	12642	33470	0	0	0	0	0	0	0	0	802	0	0	0	5564	18930	9010	21694	402	1406	0	244	0	0	0	3660	0	694	0	818	0	614	0	508	0	222	0	1798	1688	15356	0	450	0	550	0	0	0	174	196	20860	5362	0	1090	1088	1316	0	220	0	0	1700	202	0	318	0	0	0	0	718	0	0	284	3192	0	0	0	0	0	0	0	0	0	0	0	0	0	0	0	0	0	0	0	0	444	0	0	0	0	0	
277608	Caudate_L	7516	552	12354	3362	1396	0	9398	1806	0	0	3332	948	1678	148	1268	0	148	220	9360	5090	5556	4436	192	316	416	0	1790	0	3364	394	6896	1894	124	942	226	926	474	0	0	0	0	0	0	0	0	0	0	0	0	0	0	0	0	0	0	0	798	856	0	0	852	0	496	0	0	0	0	894	0	1090	0	13146	16728	1944	2128	560	12388	0	0	0	0	0	402	0	0	0	0	0	0	0	0	0	0	0	0	0	0	0	0	0	0	0	0	0	0	0	0	0	0	0	0	0	0	0	0	0	
418828	Caudate_R	166	1612	2196	26444	0	1450	150	3542	0	2632	1342	1288	662	512	0	4552	0	520	2288	28916	3390	8886	474	7168	0	5920	0	4116	1346	1998	5334	21630	324	7410	798	1090	0	464	0	148	0	140	0	0	0	0	0	0	0	0	0	0	0	0	0	0	0	496	0	0	0	0	0	0	0	0	0	758	0	1088	13146	0	5892	22524	330	4256	288	11728	0	0	0	0	0	0	0	0	0	0	0	0	0	0	0	0	0	0	0	0	0	0	0	0	0	0	0	0	0	0	0	0	0	0	0	0	0	0	
344128	Putamen_L	934	0	29330	288	1608	0	7252	0	0	0	1836	164	2334	0	3734	0	554	0	21738	1750	3182	3182	546	0	138	0	880	0	21526	120	6188	1386	0	206	1026	1480	8830	242	1020	0	776	0	0	0	0	0	0	0	0	0	0	0	0	0	3030	0	634	1242	0	0	0	0	0	0	0	0	454	1244	0	1316	16728	5892	0	1478	5124	422	2258	0	118	0	1880	0	4610	0	0	0	0	0	3384	0	0	0	0	0	0	0	0	0	0	0	0	0	0	0	0	0	0	0	0	0	0	0	0	0	0	0	
438740	Putamen_R	352	3574	710	24054	0	1734	262	13336	0	2318	198	7052	148	3126	0	6658	0	1368	1502	17150	804	1742	150	3222	0	1592	0	1404	242	18434	2914	9616	0	3166	130	154	494	20504	150	8532	0	2406	0	0	0	0	0	848	0	0	0	0	0	0	0	11100	0	2404	0	152	0	168	0	608	0	164	0	218	0	0	1944	22524	1478	0	0	5862	298	4068	0	0	0	1034	0	342	0	1152	0	0	132	5676	0	0	0	0	0	0	0	0	0	0	0	0	0	0	0	0	0	0	0	0	0	0	0	0	0	0	
40384	Pallidum_L	146	0	4518	0	0	0	338	0	0	0	0	0	0	0	0	0	0	0	4096	232	126	332	0	0	0	0	0	0	0	0	0	0	0	0	0	214	526	0	0	0	0	0	0	0	0	0	0	0	0	0	0	0	0	0	0	0	0	214	0	0	0	0	0	0	0	0	0	214	0	220	2128	330	5124	0	0	0	1434	0	0	0	0	0	0	0	0	0	0	0	0	0	0	0	0	0	0	0	0	0	0	0	0	0	0	0	0	0	0	0	0	0	0	0	0	0	0	0	
47252	Pallidum_R	0	288	156	4896	0	0	0	1000	0	0	0	556	0	0	0	0	0	0	176	3578	0	146	0	0	0	0	0	0	0	0	254	238	0	0	0	0	0	310	0	230	0	0	0	0	0	0	0	0	0	0	0	0	0	0	0	160	0	250	0	0	0	0	0	0	0	0	0	0	0	0	560	4256	422	5862	0	0	0	288	0	0	0	0	0	0	0	0	0	0	0	0	0	0	0	0	0	0	0	0	0	0	0	0	0	0	0	0	0	0	0	0	0	0	0	0	0	0	
152960	Thalamus_L	9770	1102	7552	210	0	0	5704	170	0	0	118	0	0	0	0	0	0	0	2024	0	0	0	0	0	0	0	0	0	1584	0	0	0	0	0	4442	5032	5864	4956	162	1704	0	0	0	0	0	0	0	380	0	0	0	0	0	0	268	184	1290	0	0	0	154	0	0	0	0	0	0	414	0	0	12388	288	2258	298	1434	0	0	6522	0	0	0	0	0	0	0	0	0	0	208	0	0	0	0	0	0	0	0	0	0	0	0	0	0	0	0	0	0	0	0	0	0	0	0	0	0	0	
179204	Thalamus_R	2386	7466	730	11400	0	0	218	4046	0	0	0	596	0	140	0	0	0	152	742	11630	0	0	0	0	0	0	0	0	228	1094	154	276	452	540	3066	4684	1562	6478	0	2580	0	158	0	0	0	0	0	1134	0	0	0	0	0	0	0	758	0	1006	0	0	0	0	0	0	0	0	0	1220	0	1700	0	11728	0	4068	0	288	6522	0	0	0	0	0	0	0	0	152	0	0	0	248	0	0	0	0	0	0	0	0	0	0	0	0	0	0	0	0	0	0	0	0	0	0	0	0	0	0	
123216	Heschl_L	6360	0	2250	0	0	0	3566	0	0	0	3588	0	498	0	0	0	4750	0	1094	208	0	0	0	0	0	0	0	0	11234	0	0	0	0	0	200	208	2132	0	0	0	0	0	140	0	0	0	120	0	0	0	652	0	2266	0	3708	0	4518	196	0	0	0	0	130	0	0	0	250	198	0	202	0	0	118	0	0	0	0	0	0	0	4418	0	0	0	5964	0	0	0	2296	0	344	0	0	0	0	0	0	0	0	0	0	0	0	0	0	0	0	0	0	0	0	0	0	0	0	0	
15944	Heschl_R	0	0	0	606	0	0	0	0	0	0	0	0	0	0	0	0	0	970	0	146	0	0	0	0	0	0	0	0	0	1046	0	0	0	0	0	0	0	0	0	0	0	0	0	0	0	0	0	0	0	0	0	0	0	0	0	0	0	132	0	0	0	0	0	128	0	0	0	0	0	0	0	0	0	0	0	0	0	0	0	0	0	3618	0	0	0	1326	0	0	0	0	0	0	0	0	0	0	0	0	0	0	0	0	0	0	0	0	0	0	0	0	0	0	0	0	0	0	
294780	Temporal_Sup_L	3056	0	6060	0	0	0	2996	148	0	0	3888	166	1584	0	0	0	12628	0	5018	402	0	0	230	0	0	0	0	0	16794	0	506	122	1102	282	342	284	2806	0	0	0	138	0	0	0	0	0	0	0	194	0	4770	0	1320	0	4232	0	5060	244	798	0	1254	0	8784	0	1950	0	1066	670	0	318	0	0	1880	0	0	0	0	0	4418	0	0	0	3150	0	29184	0	0	0	19546	0	0	0	0	0	0	0	0	0	0	0	0	0	0	0	0	0	0	0	0	0	0	0	0	0	0	0	
106996	Temporal_Sup_R	0	706	0	416	0	0	0	0	0	0	0	270	0	0	0	0	0	3142	0	238	0	0	0	0	0	0	0	0	0	4614	0	0	0	0	0	0	0	1650	0	956	0	172	0	200	0	0	0	0	0	154	0	340	0	0	0	704	0	886	0	1350	0	126	0	5198	0	2464	0	1418	0	0	0	0	0	1034	0	0	0	0	0	3618	0	0	0	3578	0	17608	0	0	0	2656	0	0	0	0	0	0	0	0	0	0	0	0	0	0	0	0	0	0	0	0	0	0	0	0	0	0	
138080	Temporal_Pole_Sup_L	268	0	3896	0	1318	0	2032	0	888	0	4466	0	1756	0	3732	0	2980	0	2870	0	942	0	0	0	0	0	226	0	12250	0	0	0	0	0	0	0	1774	0	282	0	1540	0	0	0	0	0	0	0	0	0	0	0	0	0	2338	0	0	0	0	0	0	0	0	0	0	0	0	0	0	0	402	0	4610	0	0	0	0	0	0	0	3150	0	0	0	7056	0	4006	0	6258	0	0	0	0	0	0	0	0	0	0	0	0	0	0	0	0	0	0	0	0	0	0	0	0	0	0	0	
54368	Temporal_Pole_Sup_R	0	0	0	0	0	0	0	0	0	0	0	232	0	0	0	374	0	436	0	0	0	194	0	0	0	0	0	120	0	1362	0	0	0	0	0	0	0	910	0	1714	0	1626	0	0	0	0	0	0	0	0	0	0	0	0	0	5594	0	0	0	0	0	0	0	0	0	0	0	0	0	0	0	0	0	342	0	0	0	0	0	0	0	3578	0	0	0	4136	0	3304	0	3262	0	0	0	0	0	0	0	0	0	0	0	0	0	0	0	0	0	0	0	0	0	0	0	0	0	0	
400820	Temporal_Mid_L	4622	0	720	0	0	0	2044	0	0	0	2018	0	0	0	0	0	1836	0	314	0	0	0	0	0	0	0	0	0	5494	0	0	0	692	0	458	0	1072	0	0	0	0	0	1452	0	708	0	628	0	1710	0	29484	0	12716	0	9436	0	1890	0	0	0	7008	0	9056	0	12746	0	1392	174	1824	0	0	0	0	0	0	0	0	0	5964	0	29184	0	7056	0	0	0	3884	0	43996	0	832	0	0	0	0	0	0	0	0	0	0	0	0	0	0	0	0	0	0	0	0	0	0	0	0	0	
302860	Temporal_Mid_R	242	4878	0	346	0	0	0	246	0	0	0	2684	0	0	0	0	0	198	148	600	0	0	0	0	0	0	0	0	0	4206	0	0	0	498	0	402	0	4072	0	2592	0	152	0	8414	0	2294	0	540	0	3906	0	18914	0	5518	0	6178	0	3854	0	382	0	1576	0	4340	0	7054	1832	3648	0	718	0	0	0	1152	0	0	0	152	0	1326	0	17608	0	4136	0	0	0	2326	0	34298	0	0	0	0	0	0	0	0	0	0	0	0	0	0	0	0	0	0	0	0	0	0	0	0	0	0	
26320	Temporal_Pole_Mid_L	0	0	0	0	0	0	0	0	0	0	0	0	0	0	0	0	0	0	0	0	0	0	0	0	0	0	0	0	0	0	0	0	0	0	0	0	0	0	0	0	0	0	0	0	0	0	0	0	0	0	0	0	0	0	1640	0	0	0	0	0	0	0	0	0	0	0	0	0	0	0	0	0	0	0	0	0	0	0	0	0	0	0	4006	0	3884	0	0	0	3630	0	0	0	0	0	0	0	0	0	0	0	0	0	0	0	0	0	0	0	0	0	0	0	0	0	0	0	
21680	Temporal_Pole_Mid_R	0	0	0	0	0	0	0	0	0	0	0	0	0	0	0	0	0	0	0	0	0	0	0	0	0	0	0	0	0	0	0	0	0	0	0	0	0	142	0	342	0	0	0	0	0	0	0	0	0	0	0	0	0	0	0	2212	0	0	0	0	0	0	0	0	0	0	0	0	0	0	0	0	0	0	0	0	0	0	0	0	0	0	0	3304	0	2326	0	0	0	2514	0	0	0	0	0	0	0	0	0	0	0	0	0	0	0	0	0	0	0	0	0	0	0	0	0	0	
351224	Temporal_Inf_L	1758	0	4694	0	0	0	2910	266	0	0	1936	258	824	0	0	0	1216	0	4212	380	0	0	170	0	0	0	0	0	14008	194	484	0	496	0	336	346	13414	130	174	0	1108	0	614	0	124	0	288	0	590	0	6860	0	5208	0	15168	0	782	242	0	0	2776	0	6256	0	2496	0	770	386	562	284	0	0	3384	132	0	0	208	0	2296	0	19546	0	6258	0	43996	0	3630	0	0	0	2026	0	232	0	0	0	266	0	640	0	0	0	278	0	0	0	0	0	0	0	0	0	0	0	0	0	
359708	Temporal_Inf_R	894	8822	230	2454	0	0	152	2378	0	0	0	1336	0	188	0	0	0	838	894	3610	0	0	0	0	0	0	0	0	0	6938	0	124	192	1894	0	2926	0	15790	0	6832	0	134	0	7744	0	1446	0	1574	0	3092	0	7636	0	5142	0	28514	0	3592	0	538	0	882	0	1594	0	366	1268	6868	696	3192	0	0	0	5676	0	0	0	248	0	0	0	2656	0	3262	0	34298	0	2514	0	0	0	430	0	0	0	0	0	0	0	0	0	0	0	0	0	0	0	0	0	0	0	0	0	0	0	0	
284908	Cerebelum_Crus1_L	268	0	0	0	0	0	158	0	0	0	184	0	0	0	0	0	146	0	0	0	0	0	0	0	0	0	0	0	402	0	0	0	0	0	0	0	0	0	290	0	0	0	150	0	0	0	2342	950	0	0	996	0	1732	0	14306	342	0	0	0	0	0	0	0	0	0	0	0	0	0	0	0	0	0	0	0	0	0	0	344	0	0	0	0	0	832	0	0	0	2026	0	0	1210	16916	1502	1162	0	18648	960	45306	1794	4576	0	9038	480	2246	0	1392	0	0	206	3824	4400	2514	360	228	224	
225812	Cerebelum_Crus1_R	0	0	0	0	0	0	0	0	0	0	0	0	0	0	0	0	0	0	0	0	0	0	0	0	0	0	0	0	0	0	0	0	0	0	0	0	0	228	0	584	0	0	0	0	0	0	406	3146	0	0	0	0	0	0	230	5402	0	0	0	0	0	0	0	0	0	0	0	0	0	0	0	0	0	0	0	0	0	0	0	0	0	0	0	0	0	0	0	0	0	430	1210	0	654	16206	0	1624	650	13916	984	36140	160	1156	0	10612	0	1366	0	578	0	364	4524	7136	4344	496	360	0	
183156	Cerebelum_Crus2_L	0	0	0	0	0	0	0	0	0	0	0	0	0	0	0	0	0	0	0	0	0	0	0	0	0	0	0	0	0	0	0	0	0	0	0	0	0	0	0	0	0	0	0	0	0	0	0	0	0	0	0	0	0	0	142	0	0	0	0	0	0	0	0	0	0	0	0	0	0	0	0	0	0	0	0	0	0	0	0	0	0	0	0	0	0	0	0	0	232	0	16916	654	0	6942	0	0	0	206	694	266	23932	1622	24976	1732	3640	144	668	0	0	0	0	528	6544	1376	364	0	
148488	Cerebelum_Crus2_R	0	0	0	0	0	0	0	0	0	0	0	0	0	0	0	0	0	0	0	0	0	0	0	0	0	0	0	0	0	0	0	0	0	0	0	0	0	0	0	0	0	0	0	0	0	0	0	150	0	0	0	0	0	0	0	0	0	0	0	0	0	0	0	0	0	0	0	0	0	0	0	0	0	0	0	0	0	0	0	0	0	0	0	0	0	0	0	0	0	0	1502	16206	6942	0	0	0	0	714	0	2782	3636	8356	2350	18236	0	1908	0	702	0	0	0	558	8214	1560	428	0	
20488	Cerebelum_3_L	0	0	0	0	0	0	0	0	0	0	0	0	0	0	0	0	0	0	0	0	0	0	0	0	0	0	0	0	0	0	0	0	0	0	0	0	0	0	0	0	0	0	0	0	0	0	144	0	0	0	0	0	0	0	0	0	0	0	0	0	0	0	0	0	0	0	0	0	0	0	0	0	0	0	0	0	0	0	0	0	0	0	0	0	0	0	0	0	0	0	1162	0	0	0	0	0	3840	0	1998	0	0	0	0	0	1320	0	0	0	496	1284	0	0	0	0	0	0	
25312	Cerebelum_3_R	0	0	0	0	0	0	0	0	0	0	0	0	0	0	0	0	0	0	0	0	0	0	0	0	0	0	0	0	0	0	0	0	0	0	0	0	0	0	0	198	0	0	0	0	0	0	0	148	0	0	0	0	0	0	0	0	0	0	0	0	0	0	0	0	0	0	0	0	0	0	0	0	0	0	0	0	0	0	0	0	0	0	0	0	0	0	0	0	0	0	0	1624	0	0	0	0	0	3462	0	4254	0	0	0	0	0	0	0	0	502	2256	212	0	0	0	0	0	
176648	Cerebelum_4_5_L	0	0	0	0	0	0	0	0	0	0	0	0	0	0	0	0	0	0	0	0	0	0	0	0	0	0	0	0	0	0	0	0	0	0	0	0	0	0	436	0	0	0	0	0	0	0	4328	134	0	0	0	0	134	0	10502	0	0	0	0	0	0	0	0	0	0	0	0	0	0	0	0	0	0	0	0	0	0	0	0	0	0	0	0	0	0	0	0	0	266	0	18648	650	0	0	3840	0	0	2420	30366	3354	0	0	0	0	1882	0	0	0	134	328	9022	1758	0	0	0	122	
165688	Cerebelum_4_5_R	0	0	0	0	0	0	0	0	0	0	0	0	0	0	0	0	0	0	0	0	0	0	0	0	0	0	0	0	0	0	0	0	0	0	0	0	0	868	0	1956	0	0	0	0	0	0	294	2902	0	0	0	0	0	0	580	6032	0	0	0	0	0	0	0	0	0	0	0	0	0	0	0	0	0	0	0	0	0	0	0	0	0	0	0	0	0	0	0	0	0	0	960	13916	206	714	0	3462	2420	0	1528	27838	180	0	250	958	0	588	0	0	186	1436	11290	1762	1138	818	562	0	
274900	Cerebelum_6_L	0	0	0	0	0	0	0	0	0	0	0	0	0	0	0	0	0	0	0	0	0	0	0	0	0	0	0	0	0	0	0	0	0	0	0	0	152	0	392	0	0	0	152	0	0	0	5588	2316	0	0	442	0	504	0	17844	1036	0	0	0	0	0	0	0	0	0	0	0	0	0	0	0	0	0	0	0	0	0	0	0	0	0	0	0	0	0	0	0	0	640	0	45306	984	694	0	1998	0	30366	1528	0	3976	1872	0	1090	0	1456	0	684	0	152	324	9534	7570	544	0	0	306	
267232	Cerebelum_6_R	0	0	0	0	0	0	0	0	0	0	0	0	0	0	0	0	0	0	0	0	0	0	0	0	0	0	0	0	0	0	0	0	0	0	0	0	0	280	0	756	0	0	0	0	0	0	1016	6260	0	0	0	0	0	0	826	9418	0	0	0	0	0	0	0	0	0	0	0	0	0	0	0	0	0	0	0	0	0	0	0	0	0	0	0	0	0	0	0	0	0	0	1794	36140	266	2782	0	4254	3354	27838	3976	0	0	170	0	932	0	636	0	316	386	2038	13886	12420	3062	406	404	0	
127928	Cerebelum_7b_L	0	0	0	0	0	0	0	0	0	0	0	0	0	0	0	0	0	0	0	0	0	0	0	0	0	0	0	0	0	0	0	0	0	0	0	0	0	0	0	0	0	0	0	0	0	0	0	0	0	0	0	0	0	0	0	0	0	0	0	0	0	0	0	0	0	0	0	0	0	0	0	0	0	0	0	0	0	0	0	0	0	0	0	0	0	0	0	0	0	0	4576	160	23932	3636	0	0	0	180	1872	0	0	714	20078	1400	1788	0	132	0	0	0	0	0	4070	1188	238	0	
42468	Cerebelum_7b_R	0	0	0	0	0	0	0	0	0	0	0	0	0	0	0	0	0	0	0	0	0	0	0	0	0	0	0	0	0	0	0	0	0	0	0	0	0	0	0	0	0	0	0	0	0	0	0	0	0	0	0	0	0	0	0	0	0	0	0	0	0	0	0	0	0	0	0	0	0	0	0	0	0	0	0	0	0	0	0	0	0	0	0	0	0	0	0	0	0	0	0	1156	1622	8356	0	0	0	0	0	170	714	0	516	6954	0	250	0	0	0	0	0	0	1146	350	0	0	
165576	Cerebelum_8_L	0	0	0	0	0	0	0	0	0	0	0	0	0	0	0	0	0	0	0	0	0	0	0	0	0	0	0	0	0	0	0	0	0	0	0	0	0	0	0	0	0	0	0	0	0	0	0	0	0	0	0	0	0	0	0	0	0	0	0	0	0	0	0	0	0	0	0	0	0	0	0	0	0	0	0	0	0	0	0	0	0	0	0	0	0	0	0	0	278	0	9038	0	24976	2350	0	0	0	250	1090	0	20078	516	0	1370	12538	780	2192	0	0	0	0	166	3434	2462	1270	0	
113956	Cerebelum_8_R	0	0	0	0	0	0	0	0	0	0	0	0	0	0	0	0	0	0	0	0	0	0	0	0	0	0	0	0	0	0	0	0	0	0	0	0	0	0	0	0	0	0	0	0	0	0	0	0	0	0	0	0	0	0	0	0	0	0	0	0	0	0	0	0	0	0	0	0	0	0	0	0	0	0	0	0	0	0	0	0	0	0	0	0	0	0	0	0	0	0	480	10612	1732	18236	0	0	0	958	0	932	1400	6954	1370	0	0	8032	0	1080	0	0	0	0	2424	2092	676	0	
65344	Cerebelum_9_L	0	0	0	0	0	0	0	0	0	0	0	0	0	0	0	0	0	0	0	0	0	0	0	0	0	0	0	0	0	0	0	0	0	0	0	0	0	0	0	0	0	0	0	0	0	0	0	0	0	0	0	0	0	0	0	0	0	0	0	0	0	0	0	0	0	0	0	0	0	0	0	0	0	0	0	0	0	0	0	0	0	0	0	0	0	0	0	0	0	0	2246	0	3640	0	1320	0	1882	0	1456	0	1788	0	12538	0	0	824	3428	0	0	0	146	304	438	972	1190	500	
45988	Cerebelum_9_R	0	0	0	0	0	0	0	0	0	0	0	0	0	0	0	0	0	0	0	0	0	0	0	0	0	0	0	0	0	0	0	0	0	0	0	0	0	0	0	0	0	0	0	0	0	0	0	0	0	0	0	0	0	0	0	0	0	0	0	0	0	0	0	0	0	0	0	0	0	0	0	0	0	0	0	0	0	0	0	0	0	0	0	0	0	0	0	0	0	0	0	1366	144	1908	0	0	0	588	0	636	0	250	780	8032	824	0	196	1726	264	230	0	274	848	1628	2590	710	
17384	Cerebelum_10_L	0	0	0	0	0	0	0	0	0	0	0	0	0	0	0	0	0	0	0	0	0	0	0	0	0	0	0	0	0	0	0	0	0	0	0	0	0	0	0	0	0	0	0	0	0	0	0	0	0	0	0	0	0	0	0	0	0	0	0	0	0	0	0	0	0	0	0	0	0	0	0	0	0	0	0	0	0	0	0	0	0	0	0	0	0	0	0	0	0	0	1392	0	668	0	0	0	0	0	684	0	132	0	2192	0	3428	196	0	0	0	0	0	0	0	0	0	0	
9712	Cerebelum_10_R	0	0	0	0	0	0	0	0	0	0	0	0	0	0	0	0	0	0	0	0	0	0	0	0	0	0	0	0	0	0	0	0	0	0	0	0	0	0	0	0	0	0	0	0	0	0	0	0	0	0	0	0	0	0	0	0	0	0	0	0	0	0	0	0	0	0	0	0	0	0	0	0	0	0	0	0	0	0	0	0	0	0	0	0	0	0	0	0	0	0	0	578	0	702	0	0	0	0	0	316	0	0	0	1080	0	1726	0	0	0	0	0	0	124	140	190	0	
13332	Vermis_1_2	0	0	0	0	0	0	0	0	0	0	0	0	0	0	0	0	0	0	0	0	0	0	0	0	0	0	0	0	0	0	0	0	0	0	0	0	0	0	0	0	0	0	0	0	0	0	0	0	0	0	0	0	0	0	0	0	0	0	0	0	0	0	0	0	0	0	0	0	0	0	0	0	0	0	0	0	0	0	0	0	0	0	0	0	0	0	0	0	0	0	0	0	0	0	496	502	134	186	152	386	0	0	0	0	0	264	0	0	0	4360	186	0	0	0	0	0	
27980	Vermis_3	0	0	0	0	0	0	0	0	0	0	0	0	0	0	0	0	0	0	0	0	0	0	0	0	0	0	0	0	0	0	0	0	0	0	0	0	156	0	192	0	0	0	0	0	0	0	0	0	0	0	0	0	0	0	0	0	0	0	0	0	0	0	0	0	0	0	0	0	0	0	0	0	0	0	0	0	0	0	0	0	0	0	0	0	0	0	0	0	0	0	206	364	0	0	1284	2256	328	1436	324	2038	0	0	0	0	0	230	0	0	4360	0	816	0	0	0	0	0	
161588	Vermis_4_5	0	164	0	0	0	0	0	0	0	0	0	0	0	0	0	0	0	0	0	476	0	0	0	0	0	0	0	0	0	0	0	0	0	340	262	1966	0	632	0	284	0	0	0	0	0	0	1892	3730	0	0	0	0	0	0	3270	3242	0	160	0	0	0	0	0	0	0	0	0	2204	0	444	0	0	0	0	0	0	0	0	0	0	0	0	0	0	0	0	0	0	0	0	3824	4524	0	0	0	212	9022	11290	9534	13886	0	0	0	0	146	0	0	0	186	816	0	7232	0	0	0	1056	
