data	data	571860	241532	1.05464e+06	767956	147292	81884	539828	261828	190428	28176	332108	286884	341092	324320	246368	69596	276812	134544	817976	809148	80600	104380	559836	486428	42504	81036	51344	71448	670064	462500	385516	517292	211768	574216	111316	141076	220092	312572	70628	177296	28516	65048	97604	177312	96880	192276	153152	172144	112292	192236	328868	182376	72736	75260	253124	387976	296960	270808	94448	62800	134040	99520	80608	105356	94968	81700	141844	254104	145444	232672	493776	611676	473376	397500	87248	51560	112620	141780	80996	33740	160216	70704	117724	47800	232920	128820	28300	25208	218752	118808	282212	297152	174412	171604	17888	44428	189388	200132	291180	343360	137368	72852	173100	145464	64040	97732	17676	11392	7116	36164	178064	146464	158284	177692	112796	22280	
data	data	Precentral_L	Precentral_R	Frontal_Sup_L	Frontal_Sup_R	Frontal_Sup_Orb_L	Frontal_Sup_Orb_R	Frontal_Mid_L	Frontal_Mid_R	Frontal_Mid_Orb_L	Frontal_Mid_Orb_R	Frontal_Inf_Oper_L	Frontal_Inf_Oper_R	Frontal_Inf_Tri_L	Frontal_Inf_Tri_R	Frontal_Inf_Orb_L	Frontal_Inf_Orb_R	Rolandic_Oper_L	Rolandic_Oper_R	Supp_Motor_Area_L	Supp_Motor_Area_R	Olfactory_L	Olfactory_R	Frontal_Sup_Medial_L	Frontal_Sup_Medial_R	Frontal_Med_Orb_L	Frontal_Med_Orb_R	Rectus_L	Rectus_R	Insula_L	Insula_R	Cingulum_Ant_L	Cingulum_Ant_R	Cingulum_Mid_L	Cingulum_Mid_R	Cingulum_Post_L	Cingulum_Post_R	Hippocampus_L	Hippocampus_R	ParaHippocampal_L	ParaHippocampal_R	Amygdala_L	Amygdala_R	Calcarine_L	Calcarine_R	Cuneus_L	Cuneus_R	Lingual_L	Lingual_R	Occipital_Sup_L	Occipital_Sup_R	Occipital_Mid_L	Occipital_Mid_R	Occipital_Inf_L	Occipital_Inf_R	Fusiform_L	Fusiform_R	Postcentral_L	Postcentral_R	Parietal_Sup_L	Parietal_Sup_R	Parietal_Inf_L	Parietal_Inf_R	SupraMarginal_L	SupraMarginal_R	Angular_L	Angular_R	Precuneus_L	Precuneus_R	Paracentral_Lobule_L	Paracentral_Lobule_R	Caudate_L	Caudate_R	Putamen_L	Putamen_R	Pallidum_L	Pallidum_R	Thalamus_L	Thalamus_R	Heschl_L	Heschl_R	Temporal_Sup_L	Temporal_Sup_R	Temporal_Pole_Sup_L	Temporal_Pole_Sup_R	Temporal_Mid_L	Temporal_Mid_R	Temporal_Pole_Mid_L	Temporal_Pole_Mid_R	Temporal_Inf_L	Temporal_Inf_R	Cerebelum_Crus1_L	Cerebelum_Crus1_R	Cerebelum_Crus2_L	Cerebelum_Crus2_R	Cerebelum_3_L	Cerebelum_3_R	Cerebelum_4_5_L	Cerebelum_4_5_R	Cerebelum_6_L	Cerebelum_6_R	Cerebelum_7b_L	Cerebelum_7b_R	Cerebelum_8_L	Cerebelum_8_R	Cerebelum_9_L	Cerebelum_9_R	Cerebelum_10_L	Cerebelum_10_R	Vermis_1_2	Vermis_3	Vermis_4_5	Vermis_6	Vermis_7	Vermis_8	Vermis_9	Vermis_10	
571860	Precentral_L	0	7546	19962	2104	0	0	21006	386	0	0	18278	2344	1238	3354	0	580	13202	742	17672	13632	0	0	168	242	0	0	0	0	10946	3060	116	570	392	3544	4796	1062	5354	1594	198	0	0	0	0	0	278	0	0	0	0	0	2500	0	0	0	114	664	37500	1508	1120	0	2264	294	1616	362	972	0	1508	242	22948	6404	15150	7304	5810	470	1758	246	12504	736	3244	130	2060	162	0	0	734	236	0	0	852	152	0	0	0	0	0	0	0	0	0	0	0	0	0	0	0	0	0	0	0	0	0	0	0	0	0	0	
241532	Precentral_R	7546	0	2780	9446	0	0	326	13636	0	0	572	13400	0	452	0	0	140	2714	3014	6026	0	0	0	0	0	0	0	0	170	3544	0	0	0	1156	624	1494	794	6168	0	688	0	0	0	188	0	144	0	130	0	0	172	226	0	0	0	2146	3888	15526	138	0	112	1300	0	1958	98	0	116	1634	636	3454	1694	1982	832	2260	142	332	2178	3524	324	310	0	178	0	0	0	294	0	0	0	160	0	0	0	0	0	0	0	0	0	0	0	0	0	0	0	0	0	0	0	0	0	0	0	0	0	0	
1.05464e+06	Frontal_Sup_L	19962	2780	0	12872	8356	0	80082	2832	6720	0	10288	4230	23330	4178	9086	414	5278	454	94478	21572	0	270	48818	14610	1510	426	0	0	29476	4190	17900	8020	5330	10648	0	98	2294	400	184	148	0	0	0	0	0	0	0	0	0	0	332	0	0	0	268	100	5578	558	228	0	960	290	198	326	240	0	0	0	1696	222	13696	8782	27948	2762	5172	390	2678	226	968	0	1216	0	1028	126	0	0	0	0	96	0	0	0	0	0	0	0	0	0	0	0	0	0	0	0	0	0	0	0	0	0	0	0	0	0	0	0	
767956	Frontal_Sup_R	2104	9446	12872	0	0	3276	2686	26532	146	124	1392	6256	842	5702	202	1036	744	4170	13840	65294	0	320	20106	44462	0	1442	0	0	1268	10558	6950	30430	6630	24790	214	646	268	3484	0	1052	0	0	0	0	0	288	0	0	0	0	0	0	0	0	0	962	1006	4552	0	0	274	732	0	1206	98	0	0	808	252	210	2004	24402	782	21852	338	3056	132	10932	0	410	132	164	0	0	0	102	0	0	0	0	0	0	0	0	0	0	0	0	0	0	0	0	0	0	0	0	0	0	0	0	0	0	0	0	0	0	
147292	Frontal_Sup_Orb_L	0	0	8356	0	0	0	1674	0	14722	0	114	0	1256	0	8946	0	0	0	442	0	1512	0	3826	456	4876	478	5802	0	5004	0	5444	546	0	0	0	0	0	0	0	0	0	0	0	0	0	0	0	0	0	0	0	0	0	0	0	0	0	0	0	0	0	0	0	0	0	0	0	0	0	0	336	136	9024	0	0	0	0	0	0	0	0	0	696	0	0	0	0	0	0	0	0	0	0	0	0	0	0	0	0	0	0	0	0	0	0	0	0	0	0	0	0	0	0	0	0	0	
81884	Frontal_Sup_Orb_R	0	0	0	3276	0	0	0	1818	0	3908	0	0	0	262	0	2374	0	0	0	130	118	882	1050	3770	0	7360	0	6168	0	766	0	2884	0	0	0	0	0	0	0	0	0	0	0	0	0	0	0	0	0	0	0	0	0	0	0	0	0	0	0	0	0	0	0	0	0	0	0	0	0	0	224	3918	0	2034	0	0	0	0	0	0	0	0	0	0	0	0	0	0	0	0	0	0	0	0	0	0	0	0	0	0	0	0	0	0	0	0	0	0	0	0	0	0	0	0	0	0	
539828	Frontal_Mid_L	21006	326	80082	2686	1674	0	0	0	6784	0	9696	232	37406	1088	8338	646	1674	0	14360	1196	0	0	19532	3776	0	0	0	0	21360	466	4476	1320	3868	1350	0	0	1932	0	0	0	0	0	0	0	0	0	0	0	0	0	638	0	0	0	0	0	3318	0	608	0	1262	0	260	0	386	0	0	0	216	0	3012	1550	8018	0	2270	0	1194	0	1280	0	286	0	0	0	184	0	0	0	158	0	0	0	0	0	0	0	0	0	0	0	0	0	0	0	0	0	0	0	0	0	0	0	0	0	0	0	
261828	Frontal_Mid_R	386	13636	2832	26532	0	1818	0	0	0	936	682	16374	0	12608	0	890	166	2432	5290	4926	0	0	2434	6246	0	118	0	0	294	8526	204	3760	820	6134	0	0	0	554	0	228	0	0	0	0	0	0	0	0	0	0	0	0	0	0	0	176	208	1440	0	0	0	168	0	202	0	0	0	0	0	0	788	2238	128	6016	0	364	0	220	0	140	0	0	0	0	0	0	0	0	0	0	0	0	0	0	0	0	0	0	0	0	0	0	0	0	0	0	0	0	0	0	0	0	0	0	0	0	
190428	Frontal_Mid_Orb_L	0	0	6720	146	14722	0	6784	0	0	0	1324	0	6764	166	27108	0	904	0	2136	0	366	0	424	160	682	0	3746	0	13238	0	730	206	0	0	0	0	0	0	0	0	0	0	0	0	0	0	0	0	0	0	0	0	0	0	0	0	0	0	0	0	0	0	0	0	0	0	0	0	0	0	564	384	6998	0	0	0	0	0	0	0	286	0	656	0	0	0	0	0	0	0	0	0	0	0	0	0	0	0	0	0	0	0	0	0	0	0	0	0	0	0	0	0	0	0	0	0	
28176	Frontal_Mid_Orb_R	0	0	0	124	0	3908	0	936	0	0	0	0	0	366	0	4774	0	0	0	0	0	0	0	0	0	176	0	902	0	388	0	0	0	0	0	0	0	0	0	0	0	0	0	0	0	0	0	0	0	0	0	0	0	0	0	0	0	0	0	0	0	0	0	0	0	0	0	0	0	0	0	754	0	1760	0	0	0	0	0	0	0	0	0	0	0	0	0	0	0	0	0	0	0	0	0	0	0	0	0	0	0	0	0	0	0	0	0	0	0	0	0	0	0	0	0	0	
332108	Frontal_Inf_Oper_L	18278	572	10288	1392	114	0	9696	682	1324	0	0	4722	16072	5656	1730	0	13210	362	8868	3228	0	0	1554	902	0	0	0	0	18272	5190	2542	1394	96	1430	0	0	264	0	0	0	0	0	0	0	0	0	0	0	0	0	280	0	0	0	0	0	5978	174	190	0	392	102	154	102	306	0	0	0	0	0	12764	9996	1458	940	0	236	104	0	842	0	2874	0	1324	0	0	0	0	0	0	0	0	0	0	0	0	0	0	0	0	0	0	0	0	0	0	0	0	0	0	0	0	0	0	0	0	0	
286884	Frontal_Inf_Oper_R	2344	13400	4230	6256	0	0	232	16374	0	0	4722	0	1240	15532	0	120	2326	4026	6282	7758	0	0	1500	1064	0	0	0	0	2250	20396	884	2438	740	6174	0	240	0	528	0	228	0	0	0	0	0	0	0	0	0	0	0	0	0	0	0	240	386	1238	0	0	0	120	0	158	0	0	0	250	0	0	4266	9812	450	3598	0	480	0	194	0	124	602	96	0	144	0	0	0	0	0	0	0	0	0	0	0	0	0	0	0	0	0	0	0	0	0	0	0	0	0	0	0	0	0	0	0	0	
341092	Frontal_Inf_Tri_L	1238	0	23330	842	1256	0	37406	0	6764	0	16072	1240	0	1976	16044	0	1106	0	9478	800	0	0	5194	1032	0	0	0	0	28482	2046	3446	774	430	380	0	0	188	0	0	0	0	0	0	0	0	0	0	0	0	0	0	0	0	0	0	0	482	0	0	0	0	0	0	0	0	0	0	0	0	0	3048	3432	2160	734	0	136	0	0	0	0	268	0	762	0	0	0	0	0	0	0	0	0	0	0	0	0	0	0	0	0	0	0	0	0	0	0	0	0	0	0	0	0	0	0	0	0	
324320	Frontal_Inf_Tri_R	3354	452	4178	5702	0	262	1088	12608	166	366	5656	15532	1976	0	180	5500	2914	0	7854	9450	0	0	4410	4396	0	0	0	0	3190	21866	1678	6016	2256	12706	0	0	0	0	0	0	0	0	0	0	0	0	0	0	0	0	0	0	0	0	0	0	508	0	0	0	0	0	0	0	0	0	0	0	0	0	6148	17846	664	2074	0	0	0	450	0	0	714	0	0	0	0	0	0	0	0	0	0	0	0	0	0	0	0	0	0	0	0	0	0	0	0	0	0	0	0	0	0	0	0	0	0	0	
246368	Frontal_Inf_Orb_L	0	0	9086	202	8946	0	8338	0	27108	0	1730	0	16044	180	0	98	1372	0	2938	0	2056	0	220	164	0	0	864	0	27710	0	326	162	0	0	0	0	498	0	178	0	220	0	0	0	0	0	0	0	0	0	0	0	0	0	0	0	0	0	0	0	0	0	0	0	0	0	0	0	0	0	664	454	9768	0	0	0	0	0	0	0	440	0	3418	0	0	0	0	0	0	0	0	0	0	0	0	0	0	0	0	0	0	0	0	0	0	0	0	0	0	0	0	0	0	0	0	0	
69596	Frontal_Inf_Orb_R	580	0	414	1036	0	2374	646	890	0	4774	0	120	0	5500	98	0	218	0	400	1382	0	358	0	114	0	0	0	926	258	3032	0	154	0	142	0	0	0	98	0	0	0	0	0	0	0	0	0	0	0	0	0	0	0	0	0	0	0	0	0	0	0	0	0	0	0	0	0	0	0	0	1146	4600	0	5374	0	0	0	164	0	0	0	0	0	0	0	0	0	0	0	0	0	0	0	0	0	0	0	0	0	0	0	0	0	0	0	0	0	0	0	0	0	0	0	0	0	0	
276812	Rolandic_Oper_L	13202	140	5278	744	0	0	1674	166	904	0	13210	2326	1106	2914	1372	218	0	222	4250	984	0	0	246	296	0	0	0	0	24444	2712	234	638	0	266	0	0	1250	0	0	0	0	0	0	0	0	0	0	0	0	0	1710	0	0	0	360	0	10586	0	512	0	1010	0	2396	0	178	0	114	0	0	0	13552	6396	3728	290	146	0	358	416	2710	0	9256	0	1676	0	2410	0	0	0	1806	0	0	0	0	0	0	0	0	0	0	0	0	0	0	0	0	0	0	0	0	0	0	0	0	0	0	0	
134544	Rolandic_Oper_R	742	2714	454	4170	0	0	0	2432	0	0	362	4026	0	0	0	0	222	0	740	4026	0	0	0	0	0	0	0	0	244	15232	0	0	0	544	0	234	0	2186	0	852	0	0	0	138	0	0	0	138	0	0	0	218	0	108	0	1544	342	2956	0	0	0	0	0	2166	0	106	0	328	0	266	1190	3448	368	5386	0	366	0	884	0	4342	0	2366	0	350	0	698	0	0	0	384	0	0	0	0	0	0	0	0	0	0	0	0	0	0	0	0	0	0	0	0	0	0	0	0	0	0	
817976	Supp_Motor_Area_L	17672	3014	94478	13840	442	0	14360	5290	2136	0	8868	6282	9478	7854	2938	400	4250	740	0	52240	0	0	15624	9112	0	0	0	0	15544	5844	6658	4488	11956	23616	1444	130	1784	402	180	150	0	0	0	0	170	0	0	0	0	0	290	0	0	0	264	98	3362	344	200	0	606	126	158	162	206	0	490	0	7274	1422	12500	9854	17008	4278	1778	406	3552	142	730	0	1142	0	1000	116	0	0	0	0	96	0	0	0	0	0	0	0	0	0	0	0	0	0	0	0	0	0	0	0	0	0	0	0	0	0	0	0	
809148	Supp_Motor_Area_R	13632	6026	21572	65294	0	130	1196	4926	0	0	3228	7758	800	9450	0	1382	984	4026	52240	0	0	354	5958	9906	0	150	0	0	1436	8446	1278	5606	7770	41928	576	5104	138	3352	0	628	0	0	0	100	0	298	0	0	0	0	120	262	0	0	0	1966	1886	7300	128	0	514	698	0	1354	504	0	110	2038	10614	25640	3806	28110	1132	17852	632	3064	740	8906	0	584	208	336	0	114	0	176	0	0	0	108	0	0	0	0	0	0	0	0	0	0	0	0	0	0	0	0	0	0	0	0	0	0	0	0	0	0	
80600	Olfactory_L	0	0	0	0	1512	118	0	0	366	0	0	0	0	0	2056	0	0	0	0	0	0	4878	0	0	370	544	2060	2366	3464	0	3556	2566	0	0	0	0	638	0	738	0	798	0	0	0	0	0	0	0	0	0	0	0	0	0	140	0	0	0	0	0	0	0	0	0	0	0	0	0	0	0	6590	1048	4996	0	310	0	0	0	0	0	0	0	1186	0	0	0	0	0	0	0	0	0	0	0	0	0	0	0	0	0	0	0	0	0	0	0	0	0	0	0	0	0	0	0	0	0	
104380	Olfactory_R	0	0	270	320	0	882	0	0	0	0	0	0	0	0	0	358	0	0	0	354	4878	0	0	0	0	754	736	4142	0	2202	2896	3426	0	0	0	0	0	0	0	0	0	228	0	0	0	0	0	0	0	0	0	0	0	0	0	0	0	0	0	0	0	0	0	0	0	0	0	0	0	0	11582	7850	8408	262	2066	0	0	576	0	0	0	0	0	0	0	0	0	0	0	0	0	0	0	0	0	0	0	0	0	0	0	0	0	0	0	0	0	0	0	0	0	0	0	0	0	0	
559836	Frontal_Sup_Medial_L	168	0	48818	20106	3826	1050	19532	2434	424	0	1554	1500	5194	4410	220	0	246	0	15624	5958	0	0	0	38800	2832	2312	0	288	4562	2938	31318	25992	10116	19820	0	0	0	0	0	0	0	0	0	0	0	0	0	0	0	0	0	0	0	0	0	0	0	0	0	0	0	0	0	0	0	0	0	0	0	0	1658	2688	3622	1908	0	0	0	0	0	0	0	0	0	0	0	0	0	0	0	0	0	0	0	0	0	0	0	0	0	0	0	0	0	0	0	0	0	0	0	0	0	0	0	0	0	0	
486428	Frontal_Sup_Medial_R	242	0	14610	44462	456	3770	3776	6246	160	0	902	1064	1032	4396	164	114	296	0	9112	9906	0	0	38800	0	470	4982	0	500	1924	4040	11956	37028	2022	24296	0	0	0	0	0	0	0	0	0	0	0	0	0	0	0	0	0	0	0	0	0	0	0	0	0	0	0	0	0	0	0	0	0	0	0	0	952	7992	1276	6152	0	116	0	0	0	0	0	0	0	0	0	0	0	0	0	0	0	0	0	0	0	0	0	0	0	0	0	0	0	0	0	0	0	0	0	0	0	0	0	0	0	0	
42504	Frontal_Med_Orb_L	0	0	1510	0	4876	0	0	0	682	0	0	0	0	0	0	0	0	0	0	0	370	0	2832	470	0	1116	1874	116	190	0	5248	456	0	0	0	0	0	0	0	0	0	0	0	0	0	0	0	0	0	0	0	0	0	0	0	0	0	0	0	0	0	0	0	0	0	0	0	0	0	0	586	0	926	0	0	0	0	0	0	0	0	0	0	0	0	0	0	0	0	0	0	0	0	0	0	0	0	0	0	0	0	0	0	0	0	0	0	0	0	0	0	0	0	0	0	0	
81036	Frontal_Med_Orb_R	0	0	426	1442	478	7360	0	118	0	176	0	0	0	0	0	0	0	0	0	150	544	754	2312	4982	1116	0	632	6758	0	0	1304	5114	0	134	0	0	0	0	0	0	0	0	0	0	0	0	0	0	0	0	0	0	0	0	0	0	0	0	0	0	0	0	0	0	0	0	0	0	0	0	514	3926	312	1966	0	0	0	0	0	0	0	0	0	0	0	0	0	0	0	0	0	0	0	0	0	0	0	0	0	0	0	0	0	0	0	0	0	0	0	0	0	0	0	0	0	0	
51344	Rectus_L	0	0	0	0	5802	0	0	0	3746	0	0	0	0	0	864	0	0	0	0	0	2060	736	0	0	1874	632	0	1392	364	0	3038	836	0	0	0	0	0	0	0	0	128	0	0	0	0	0	0	0	0	0	0	0	0	0	0	0	0	0	0	0	0	0	0	0	0	0	0	0	0	0	2144	0	1942	0	0	0	0	0	0	0	0	0	114	0	0	0	0	0	0	0	0	0	0	0	0	0	0	0	0	0	0	0	0	0	0	0	0	0	0	0	0	0	0	0	0	0	
71448	Rectus_R	0	0	0	0	0	6168	0	0	0	902	0	0	0	0	0	926	0	0	0	0	2366	4142	288	500	116	6758	1392	0	0	1030	1786	3362	0	0	0	0	0	0	0	0	0	0	0	0	0	0	0	0	0	0	0	0	0	0	0	0	0	0	0	0	0	0	0	0	0	0	0	0	0	0	2674	930	1650	576	158	0	0	0	0	0	0	0	0	0	0	0	0	0	0	0	0	0	0	0	0	0	0	0	0	0	0	0	0	0	0	0	0	0	0	0	0	0	0	0	0	0	
670064	Insula_L	10946	170	29476	1268	5004	0	21360	294	13238	0	18272	2250	28482	3190	27710	258	24444	244	15544	1436	3464	0	4562	1924	190	0	364	0	0	3056	4138	1702	554	436	150	102	11242	98	1956	0	1910	0	0	0	0	0	0	0	0	0	1784	0	0	0	3750	0	6546	0	660	0	916	124	1138	124	172	0	150	0	0	104	12574	7552	24240	722	132	122	774	0	8134	0	8810	0	11382	0	2206	0	144	0	3338	0	0	0	0	0	0	0	0	0	0	0	0	0	0	0	0	0	0	0	0	0	0	0	0	0	0	0	
462500	Insula_R	3060	3544	4190	10558	0	766	466	8526	0	388	5190	20396	2046	21866	0	3032	2712	15232	5844	8446	0	2202	2938	4040	0	0	0	1030	3056	0	1924	6022	1276	6694	108	220	156	6876	0	3242	0	2776	0	0	0	0	0	106	0	0	0	0	0	0	0	5010	754	590	0	0	0	184	0	270	0	0	0	204	0	98	5726	17758	878	24862	0	1186	100	1242	102	3148	642	4994	0	2072	0	1534	0	0	0	968	0	0	0	0	0	0	0	0	0	0	0	0	0	0	0	0	0	0	0	0	0	0	0	0	0	0	
385516	Cingulum_Ant_L	116	0	17900	6950	5444	0	4476	204	730	0	2542	884	3446	1678	326	0	234	0	6658	1278	3556	2896	31318	11956	5248	1304	3038	1786	4138	1924	0	28418	9218	10192	0	0	0	112	0	0	0	0	0	0	0	0	0	0	0	0	0	0	0	0	0	0	0	0	0	0	0	0	0	0	0	0	0	0	0	0	8210	4026	10416	1972	0	164	0	0	0	0	0	0	0	0	0	0	0	0	0	0	0	0	0	0	0	0	0	0	0	0	0	0	0	0	0	0	0	0	0	0	0	0	0	0	0	0	
517292	Cingulum_Ant_R	570	0	8020	30430	546	2884	1320	3760	206	0	1394	2438	774	6016	162	154	638	0	4488	5606	2566	3426	25992	37028	456	5114	836	3362	1702	6022	28418	0	8570	30202	0	0	0	0	0	0	0	0	0	0	0	0	0	0	0	0	0	0	0	0	0	0	0	0	0	0	0	0	0	0	0	0	0	0	0	0	5770	17182	3062	8934	0	500	0	0	0	0	98	0	0	0	0	0	0	0	0	0	0	0	0	0	0	0	0	0	0	0	0	0	0	0	0	0	0	0	0	0	0	0	0	0	0	0	
211768	Cingulum_Mid_L	392	0	5330	6630	0	0	3868	820	0	0	96	740	430	2256	0	0	0	0	11956	7770	0	0	10116	2022	0	0	0	0	554	1276	9218	8570	0	22182	2746	798	0	0	0	0	0	0	0	0	1146	0	0	0	390	0	284	0	0	0	0	0	258	142	0	0	0	0	0	0	0	0	2860	0	1664	304	176	388	0	502	0	0	0	0	0	0	0	0	0	0	0	0	0	0	0	0	0	0	0	0	0	0	0	0	0	0	0	0	0	0	0	0	0	0	0	0	0	0	0	0	0	0	
574216	Cingulum_Mid_R	3544	1156	10648	24790	0	0	1350	6134	0	0	1430	6174	380	12706	0	142	266	544	23616	41928	0	0	19820	24296	0	134	0	0	436	6694	10192	30202	22182	0	742	6960	0	190	0	0	0	0	0	204	0	0	0	172	0	0	0	0	0	0	0	140	102	3390	0	0	0	0	0	96	182	0	106	4892	3582	9668	258	930	0	6502	0	0	0	0	0	116	112	0	0	0	0	0	0	0	0	0	0	0	0	0	0	0	0	0	0	0	0	0	0	0	0	0	0	0	0	0	0	0	0	0	0	0	
111316	Cingulum_Post_L	4796	624	0	214	0	0	0	0	0	0	0	0	0	0	0	0	0	0	1444	576	0	0	0	0	0	0	0	0	150	108	0	0	2746	742	0	6774	5320	3102	2524	778	0	0	1300	0	1036	0	1826	0	176	0	1276	0	0	0	104	148	480	168	0	0	0	0	114	0	0	0	8766	426	4874	598	0	0	0	0	0	0	534	2004	262	0	0	0	0	0	778	0	0	0	890	0	0	0	0	0	0	0	0	0	0	0	0	0	0	0	0	0	0	0	0	0	0	0	0	0	0	0	
141076	Cingulum_Post_R	1062	1494	98	646	0	0	0	0	0	0	0	240	0	0	0	0	0	234	130	5104	0	0	0	0	0	0	0	0	102	220	0	0	798	6960	6774	0	3676	6836	1716	1718	0	0	0	2058	0	332	958	2210	0	106	0	588	0	0	0	1310	340	3688	0	0	0	0	0	358	0	294	164	9366	412	5654	136	0	136	236	108	0	854	2356	142	0	0	0	0	0	0	268	0	0	0	178	0	0	0	0	0	0	0	0	0	0	0	0	0	0	0	0	0	0	0	0	478	0	0	0	0	0	
220092	Hippocampus_L	5354	794	2294	268	0	0	1932	0	0	0	264	0	188	0	498	0	1250	0	1784	138	638	0	0	0	0	0	0	0	11242	156	0	0	0	0	5320	3676	0	3172	11278	824	5640	0	1134	0	210	0	3044	160	152	0	794	0	0	0	9350	0	1880	0	0	0	0	0	110	0	0	0	2454	340	210	0	808	0	10102	0	1420	0	3658	2124	3156	0	2670	0	3026	0	780	0	668	0	4870	0	0	0	0	0	0	0	100	0	0	0	0	0	0	0	0	0	0	0	0	116	0	0	0	0	0	0	
312572	Hippocampus_R	1594	6168	400	3484	0	0	0	554	0	0	0	528	0	0	0	98	0	2186	402	3352	0	0	0	0	0	0	0	0	98	6876	112	0	0	190	3102	6836	3172	0	1554	29312	0	10324	0	958	0	126	886	2726	0	118	0	138	0	852	0	33906	814	548	0	0	0	0	0	100	0	106	0	4512	366	2188	184	318	458	11616	0	1236	742	3506	130	552	0	888	0	1338	0	1506	0	768	0	3496	0	0	0	0	0	0	0	182	0	206	0	0	0	0	0	0	0	0	0	0	474	0	0	0	0	0	
70628	ParaHippocampal_L	198	0	184	0	0	0	0	0	0	0	0	0	0	0	178	0	0	0	180	0	738	0	0	0	0	0	0	0	1956	0	0	0	0	0	2524	1716	11278	1554	0	682	1904	0	324	0	0	0	2838	0	0	0	0	0	0	0	2692	0	98	0	0	0	0	0	0	0	0	0	740	300	0	0	0	0	1108	0	0	0	272	696	0	0	396	0	1194	0	0	0	720	0	508	0	0	0	0	0	0	0	108	0	0	0	0	0	0	0	0	0	0	0	0	228	0	0	0	0	0	0	
177296	ParaHippocampal_R	0	688	148	1052	0	0	0	228	0	0	0	228	0	0	0	0	0	852	150	628	0	0	0	0	0	0	0	0	0	3242	0	0	0	0	778	1718	824	29312	682	0	0	7732	0	346	0	0	420	2228	0	0	0	0	0	414	0	20086	0	0	0	0	0	0	0	0	0	0	0	1406	0	0	0	146	0	7364	0	934	0	1212	0	174	0	322	0	1758	0	118	0	1028	0	1394	0	0	0	0	0	0	0	620	0	174	0	0	0	0	0	0	0	0	0	0	242	0	0	0	0	0	
28516	Amygdala_L	0	0	0	0	0	0	0	0	0	0	0	0	0	0	220	0	0	0	0	0	798	0	0	0	0	0	128	0	1910	0	0	0	0	0	0	0	5640	0	1904	0	0	0	0	0	0	0	0	0	0	0	0	0	0	0	1826	0	0	0	0	0	0	0	0	0	0	0	0	0	0	0	0	0	252	0	0	0	0	0	0	0	174	0	864	0	0	0	374	0	168	0	0	0	0	0	0	0	0	0	0	0	0	0	0	0	0	0	0	0	0	0	0	0	0	0	0	0	
65048	Amygdala_R	0	0	0	0	0	0	0	0	0	0	0	0	0	0	0	0	0	0	0	0	0	228	0	0	0	0	0	0	0	2776	0	0	0	0	0	0	0	10324	0	7732	0	0	0	0	0	0	0	0	0	0	0	0	0	0	0	5826	0	0	0	0	0	0	0	0	0	0	0	0	0	0	0	0	0	1476	0	0	0	0	0	0	0	0	0	2296	0	238	0	868	0	760	0	0	0	0	0	0	0	0	0	0	0	0	0	0	0	0	0	0	0	0	0	0	0	0	0	0	
97604	Calcarine_L	0	0	0	0	0	0	0	0	0	0	0	0	0	0	0	0	0	0	0	0	0	0	0	0	0	0	0	0	0	0	0	0	0	0	1300	0	1134	0	324	0	0	0	0	3000	6950	1962	6534	2000	4028	822	6700	254	1978	0	962	452	0	0	0	0	0	0	0	0	0	0	7190	0	102	0	0	0	0	0	0	0	0	0	222	0	0	0	0	0	892	0	0	0	1996	0	0	0	0	0	0	0	0	0	0	0	0	0	0	0	0	0	0	0	0	0	0	0	0	0	0	0	
177312	Calcarine_R	0	188	0	0	0	0	0	0	0	0	0	0	0	0	0	0	0	138	0	100	0	0	0	0	0	0	0	0	0	0	0	0	0	204	0	2058	0	958	0	346	0	0	3000	0	2220	19028	0	12484	0	12740	0	7876	0	4106	0	6416	0	778	0	0	0	0	0	0	0	218	0	11168	0	592	0	0	0	0	0	0	0	0	0	0	0	0	0	0	0	2014	0	0	0	1864	0	0	0	0	0	0	0	0	0	0	0	0	0	0	0	0	0	0	0	0	160	0	0	0	0	0	
96880	Cuneus_L	278	0	0	0	0	0	0	0	0	0	0	0	0	0	0	0	0	0	170	0	0	0	0	0	0	0	0	0	0	0	0	0	1146	0	1036	0	210	0	0	0	0	0	6950	2220	0	4066	378	0	11684	1182	8512	0	0	0	206	0	362	0	698	0	0	0	0	0	0	0	6858	0	692	0	0	0	0	0	0	0	0	0	262	0	0	0	0	0	198	0	0	0	1332	0	0	0	0	0	0	0	0	0	0	0	0	0	0	0	0	0	0	0	0	0	0	0	0	0	0	0	
192276	Cuneus_R	0	144	0	288	0	0	0	0	0	0	0	0	0	0	0	0	0	0	0	298	0	0	0	0	0	0	0	0	0	0	0	0	0	0	0	332	0	126	0	0	0	0	1962	19028	4066	0	0	4796	0	27668	0	8612	0	2938	0	2750	0	3296	0	1872	0	0	0	0	0	0	784	14448	0	2206	0	0	0	0	0	0	0	0	0	0	0	0	0	0	0	394	0	0	0	130	0	0	0	0	0	0	0	0	0	0	0	0	0	0	0	0	0	0	0	0	0	0	0	0	0	0	
153152	Lingual_L	0	0	0	0	0	0	0	0	0	0	0	0	0	0	0	0	0	0	0	0	0	0	0	0	0	0	0	0	0	0	0	0	0	0	1826	958	3044	886	2838	420	0	0	6534	0	378	0	0	590	796	0	12354	0	5636	0	7526	136	0	0	0	0	0	0	0	0	0	0	2584	0	0	0	0	0	100	0	0	0	132	396	0	0	0	0	0	0	1214	0	0	0	178	0	4944	104	268	0	440	0	9870	134	9708	114	0	0	0	0	580	0	0	0	0	0	1208	510	170	0	0	0	
172144	Lingual_R	0	130	0	0	0	0	0	0	0	0	0	0	0	0	0	0	0	138	0	0	0	0	0	0	0	0	0	0	0	106	0	0	0	172	0	2210	160	2726	0	2228	0	0	2000	12484	0	4796	590	0	0	3482	0	1004	0	1532	0	15172	0	330	0	0	0	0	0	0	0	0	0	6102	0	300	0	0	0	0	0	0	118	132	0	0	0	0	0	0	0	150	0	0	0	0	140	2074	0	0	0	0	236	6166	290	6288	0	0	0	0	0	220	0	0	0	0	5988	4730	2574	764	540	0	
112292	Occipital_Sup_L	0	0	0	0	0	0	0	0	0	0	0	0	0	0	0	0	0	0	0	0	0	0	0	0	0	0	0	0	0	0	0	0	390	0	176	0	152	0	0	0	0	0	4028	0	11684	0	796	0	0	0	21718	0	230	0	1040	0	170	0	6054	0	212	0	0	0	0	0	6578	0	0	0	0	0	0	0	0	0	0	0	328	0	0	0	0	0	1986	0	0	0	604	0	0	0	0	0	0	0	0	0	0	0	0	0	0	0	0	0	0	0	0	0	0	0	0	0	0	0	
192236	Occipital_Sup_R	0	0	0	0	0	0	0	0	0	0	0	0	0	0	0	0	0	0	0	0	0	0	0	0	0	0	0	0	0	0	0	0	0	0	0	106	0	118	0	0	0	0	822	12740	1182	27668	0	3482	0	0	0	15910	0	3438	0	2744	0	4960	0	5158	0	1756	0	0	0	1722	148	10654	0	2508	0	0	0	0	0	0	0	0	0	0	0	0	0	0	0	630	0	0	0	372	0	0	0	0	0	0	0	0	0	0	0	0	0	0	0	0	0	0	0	0	0	0	0	0	0	0	
328868	Occipital_Mid_L	2500	172	332	0	0	0	638	0	0	0	280	0	0	0	0	0	1710	0	290	120	0	0	0	0	0	0	0	0	1784	0	0	0	284	0	1276	0	794	0	0	0	0	0	6700	0	8512	0	12354	0	21718	0	0	0	14982	0	6226	0	5010	0	11044	0	9692	0	1750	0	10844	0	8776	0	850	0	0	0	0	0	0	0	0	0	3480	0	1528	0	0	0	20112	0	0	0	10434	0	118	0	0	0	0	0	0	0	124	0	0	0	0	0	0	0	0	0	0	0	0	0	0	0	0	0	
182376	Occipital_Mid_R	0	226	0	0	0	0	0	0	0	0	0	0	0	0	0	0	0	218	0	262	0	0	0	0	0	0	0	0	0	0	0	0	0	0	0	588	0	138	0	0	0	0	254	7876	0	8612	0	1004	0	15910	0	0	0	6418	0	3160	0	2518	0	5424	0	6322	0	646	0	14864	0	6682	0	1280	0	0	0	0	0	0	0	0	0	0	0	0	0	0	0	6904	0	0	0	1882	0	0	0	0	0	0	0	0	0	0	0	0	0	0	0	0	0	0	0	0	0	0	0	0	0	0	
72736	Occipital_Inf_L	0	0	0	0	0	0	0	0	0	0	0	0	0	0	0	0	0	0	0	0	0	0	0	0	0	0	0	0	0	0	0	0	0	0	0	0	0	0	0	0	0	0	1978	0	0	0	5636	0	230	0	14982	0	0	0	4056	0	0	0	0	0	0	0	0	0	0	0	0	0	0	0	0	0	0	0	0	0	0	0	0	0	288	0	0	0	5484	0	0	0	3714	0	0	0	0	0	0	0	0	0	0	0	0	0	0	0	0	0	0	0	0	0	0	0	0	0	0	0	
75260	Occipital_Inf_R	0	0	0	0	0	0	0	0	0	0	0	0	0	0	0	0	0	108	0	0	0	0	0	0	0	0	0	0	0	0	0	0	0	0	0	0	0	852	0	414	0	0	0	4106	0	2938	0	1532	0	3438	0	6418	0	0	0	9734	0	0	0	0	0	0	0	0	0	136	0	684	0	0	0	0	0	0	0	0	0	0	0	0	0	0	0	0	0	2520	0	0	0	3098	0	222	0	0	0	0	0	534	0	708	0	0	0	0	0	0	0	0	0	0	188	0	0	0	0	0	
253124	Fusiform_L	114	0	268	0	0	0	0	0	0	0	0	0	0	0	0	0	360	0	264	0	140	0	0	0	0	0	0	0	3750	0	0	0	0	0	104	0	9350	0	2692	0	1826	0	962	0	206	0	7526	0	1040	0	6226	0	4056	0	0	0	0	0	0	0	0	0	220	0	0	0	772	0	0	0	0	0	962	0	0	0	0	0	410	0	3152	0	3264	0	6358	0	2094	0	17190	0	14928	0	782	0	216	0	13306	0	22196	0	422	0	262	0	222	0	0	0	0	0	498	424	0	0	0	0	
387976	Fusiform_R	664	2146	100	962	0	0	0	176	0	0	0	240	0	0	0	0	0	1544	98	1966	0	0	0	0	0	0	0	0	0	5010	0	0	0	140	148	1310	0	33906	0	20086	0	5826	452	6416	0	2750	136	15172	0	2744	0	3160	0	9734	0	0	410	496	0	0	0	0	0	0	0	134	0	3264	232	1734	0	0	0	5570	0	176	0	396	0	494	0	1044	0	3716	0	3630	0	2836	0	13778	0	6706	0	114	0	128	0	9302	0	13366	0	0	0	0	0	152	0	0	0	0	5066	3140	2068	676	474	0	
296960	Postcentral_L	37500	3888	5578	1006	0	0	3318	208	0	0	5978	386	482	508	0	0	10586	342	3362	1886	0	0	0	0	0	0	0	0	6546	754	0	0	258	102	480	340	1880	814	98	0	0	0	0	0	362	0	0	0	170	0	5010	0	0	0	0	410	0	1086	6924	0	13852	0	8398	126	5010	0	2284	176	1402	254	5394	1200	2650	180	176	158	1314	114	1992	122	2084	144	0	0	366	236	0	0	436	150	0	0	0	0	0	0	0	0	0	0	0	0	0	0	0	0	0	0	0	0	0	0	0	0	0	0	
270808	Postcentral_R	1508	15526	558	4552	0	0	0	1440	0	0	174	1238	0	0	0	0	0	2956	344	7300	0	0	0	0	0	0	0	0	0	590	0	0	142	3390	168	3688	0	548	0	0	0	0	0	778	0	3296	0	330	0	4960	0	2518	0	0	0	496	1086	0	0	3216	0	9694	0	18348	0	296	0	18660	0	20834	744	116	140	636	0	0	0	0	0	134	0	1504	0	0	0	1986	0	0	0	1510	0	0	0	0	0	0	0	0	0	0	0	0	0	0	0	0	0	0	0	0	0	0	0	0	0	0	
94448	Parietal_Sup_L	1120	138	228	0	0	0	608	0	0	0	190	0	0	0	0	0	512	0	200	128	0	0	0	0	0	0	0	0	660	0	0	0	0	0	0	0	0	0	0	0	0	0	0	0	698	0	0	0	6054	0	11044	0	0	0	0	0	6924	0	0	0	8128	0	538	0	4206	0	5570	0	128	0	0	0	0	0	0	0	0	0	0	0	0	0	0	0	150	0	0	0	0	0	0	0	0	0	0	0	0	0	0	0	0	0	0	0	0	0	0	0	0	0	0	0	0	0	0	0	
62800	Parietal_Sup_R	0	0	0	0	0	0	0	0	0	0	0	0	0	0	0	0	0	0	0	0	0	0	0	0	0	0	0	0	0	0	0	0	0	0	0	0	0	0	0	0	0	0	0	0	0	1872	0	0	0	5158	0	5424	0	0	0	0	0	3216	0	0	0	5138	0	140	0	5394	0	4866	0	192	0	0	0	0	0	0	0	0	0	0	0	0	0	0	0	0	0	0	0	0	0	0	0	0	0	0	0	0	0	0	0	0	0	0	0	0	0	0	0	0	0	0	0	0	0	0	
134040	Parietal_Inf_L	2264	112	960	274	0	0	1262	0	0	0	392	0	0	0	0	0	1010	0	606	514	0	0	0	0	0	0	0	0	916	0	0	0	0	0	0	0	0	0	0	0	0	0	0	0	0	0	0	0	212	0	9692	0	0	0	0	0	13852	0	8128	0	0	0	12550	0	11674	0	210	0	0	0	0	0	102	0	0	0	0	0	126	0	442	0	0	0	1230	0	0	0	492	0	0	0	0	0	0	0	0	0	0	0	0	0	0	0	0	0	0	0	0	0	0	0	0	0	0	0	
99520	Parietal_Inf_R	294	1300	290	732	0	0	0	168	0	0	102	120	0	0	0	0	0	0	126	698	0	0	0	0	0	0	0	0	124	184	0	0	0	0	0	0	0	0	0	0	0	0	0	0	0	0	0	0	0	1756	0	6322	0	0	0	0	0	9694	0	5138	0	0	0	11102	0	10412	0	104	0	310	422	112	0	146	0	0	0	0	0	0	0	0	0	0	0	104	0	0	0	0	0	0	0	0	0	0	0	0	0	0	0	0	0	0	0	0	0	0	0	0	0	0	0	0	0	0	
80608	SupraMarginal_L	1616	0	198	0	0	0	260	0	0	0	154	0	0	0	0	0	2396	0	158	0	0	0	0	0	0	0	0	0	1138	0	0	0	0	0	114	0	110	0	0	0	0	0	0	0	0	0	0	0	0	0	1750	0	0	0	220	0	8398	0	538	0	12550	0	0	0	2616	0	244	0	0	0	106	0	134	0	0	0	0	0	354	0	2612	0	0	0	2900	0	0	0	1738	0	0	0	0	0	0	0	0	0	0	0	0	0	0	0	0	0	0	0	0	0	0	0	0	0	0	0	
105356	SupraMarginal_R	362	1958	326	1206	0	0	0	202	0	0	102	158	0	0	0	0	0	2166	162	1354	0	0	0	0	0	0	0	0	124	270	0	0	0	96	0	358	0	100	0	0	0	0	0	0	0	0	0	0	0	0	0	646	0	0	0	0	126	18348	0	140	0	11102	0	0	0	3738	0	1420	0	2102	426	114	0	212	0	0	0	0	0	0	0	4016	0	0	0	910	0	0	0	434	0	0	0	0	0	0	0	0	0	0	0	0	0	0	0	0	0	0	0	0	0	0	0	0	0	0	
94968	Angular_L	972	98	240	98	0	0	386	0	0	0	306	0	0	0	0	0	178	0	206	504	0	0	0	0	0	0	0	0	172	0	0	0	0	182	0	0	0	0	0	0	0	0	0	0	0	0	0	0	0	0	10844	0	0	0	0	0	5010	0	4206	0	11674	0	2616	0	0	0	562	0	184	196	0	0	0	0	0	0	200	0	0	0	1234	0	0	0	6312	0	0	0	1104	0	0	0	0	0	0	0	0	0	0	0	0	0	0	0	0	0	0	0	0	0	0	0	0	0	0	0	
81700	Angular_R	0	0	0	0	0	0	0	0	0	0	0	0	0	0	0	0	0	106	0	0	0	0	0	0	0	0	0	0	0	0	0	0	0	0	0	294	0	106	0	0	0	0	0	218	0	0	0	0	0	1722	0	14864	0	136	0	134	0	296	0	5394	0	10412	0	3738	0	0	0	380	0	200	0	0	0	0	0	0	0	0	0	0	0	886	0	0	0	1776	0	0	0	188	0	0	0	0	0	0	0	0	0	0	0	0	0	0	0	0	0	0	0	0	0	0	0	0	0	0	
141844	Precuneus_L	1508	116	0	0	0	0	0	0	0	0	0	0	0	0	0	0	114	0	490	110	0	0	0	0	0	0	0	0	150	0	0	0	2860	106	8766	164	2454	0	740	0	0	0	7190	0	6858	784	2584	0	6578	148	8776	0	0	0	772	0	2284	0	5570	0	210	0	244	0	562	0	0	1496	3302	124	0	0	0	0	0	0	0	0	320	0	218	0	0	0	2136	0	0	0	3188	0	0	0	0	0	0	0	0	0	0	0	0	0	0	0	0	0	0	0	0	0	0	0	0	0	0	0	
254104	Precuneus_R	242	1634	0	808	0	0	0	0	0	0	0	250	0	0	0	0	0	328	0	2038	0	0	0	0	0	0	0	0	0	204	0	0	0	4892	426	9366	340	4512	300	1406	0	0	0	11168	0	14448	0	6102	0	10654	0	6682	0	684	0	3264	176	18660	0	4866	0	104	0	1420	0	380	1496	0	0	14214	280	0	0	106	0	0	0	232	0	0	0	538	0	0	0	2500	0	0	0	1674	0	0	0	0	0	0	0	0	0	0	0	0	0	0	0	0	0	0	0	0	658	0	0	0	0	0	
145444	Paracentral_Lobule_L	22948	636	1696	252	0	0	216	0	0	0	0	0	0	0	0	0	0	0	7274	10614	0	0	0	0	0	0	0	0	0	0	0	0	1664	3582	4874	412	210	366	0	0	0	0	102	0	692	0	0	0	0	0	850	0	0	0	0	232	1402	0	128	0	0	0	0	0	184	0	3302	0	0	6208	1230	0	0	0	240	0	2416	0	130	0	0	0	0	0	350	0	0	0	512	0	0	0	0	0	0	0	0	0	0	0	0	0	0	0	0	0	0	0	0	0	0	0	0	0	0	0	
232672	Paracentral_Lobule_R	6404	3454	222	210	0	0	0	0	0	0	0	0	0	0	0	0	0	266	1422	25640	0	0	0	0	0	0	0	0	104	98	0	0	304	9668	598	5654	0	2188	0	0	0	0	0	592	0	2206	0	300	0	2508	0	1280	0	0	0	1734	254	20834	0	192	0	310	0	2102	196	200	124	14214	6208	0	910	558	0	0	112	0	570	364	0	96	0	866	0	0	0	1880	0	0	0	1494	0	0	0	0	0	0	0	0	0	0	0	0	0	0	0	0	0	0	0	0	0	0	0	0	0	0	
493776	Caudate_L	15150	1694	13696	2004	336	224	3012	788	564	0	12764	4266	3048	6148	664	1146	13552	1190	12500	3806	6590	11582	1658	952	586	514	2144	2674	12574	5726	8210	5770	176	258	0	136	808	184	0	0	0	0	0	0	0	0	0	0	0	0	0	0	0	0	0	0	5394	744	0	0	0	422	106	426	0	0	0	280	1230	910	0	25424	29524	2740	9104	434	9282	1066	522	0	1756	0	430	0	0	0	0	0	0	0	0	0	0	0	0	0	0	0	0	0	0	0	0	0	0	0	0	0	0	0	0	0	0	0	0	0	
611676	Caudate_R	7304	1982	8782	24402	136	3918	1550	2238	384	754	9996	9812	3432	17846	454	4600	6396	3448	9854	28110	1048	7850	2688	7992	0	3926	0	930	7552	17758	4026	17182	388	930	0	0	0	318	0	146	0	0	0	0	0	0	0	0	0	0	0	0	0	0	0	0	1200	116	0	0	0	112	0	114	0	0	0	0	0	558	25424	0	8686	23372	2238	4456	144	19494	154	138	982	0	230	288	0	0	0	0	0	0	0	0	0	0	0	0	0	0	0	0	0	0	0	0	0	0	0	0	0	0	0	0	0	0	0	0	
473376	Putamen_L	5810	832	27948	782	9024	0	8018	128	6998	0	1458	450	2160	664	9768	0	3728	368	17008	1132	4996	8408	3622	1276	926	312	1942	1650	24240	878	10416	3062	0	0	0	136	10102	458	1108	0	252	0	0	0	0	0	100	0	0	0	0	0	0	0	962	0	2650	140	0	0	102	0	134	0	0	0	0	0	0	0	29524	8686	0	1302	11258	198	4344	464	176	0	1772	0	4450	0	0	0	0	0	366	0	0	0	0	0	0	0	0	0	0	0	0	0	0	0	0	0	0	0	0	0	0	0	0	0	0	0	
397500	Putamen_R	470	2260	2762	21852	0	2034	0	6016	0	1760	940	3598	734	2074	0	5374	290	5386	4278	17852	0	262	1908	6152	0	1966	0	576	722	24862	1972	8934	502	6502	0	236	0	11616	0	7364	0	1476	0	0	0	0	0	0	0	0	0	0	0	0	0	5570	180	636	0	0	0	146	0	212	0	0	0	106	0	0	2740	23372	1302	0	0	6718	0	3472	0	552	0	274	0	336	0	0	0	0	0	196	0	0	0	0	0	0	0	0	0	100	0	0	0	0	0	0	0	0	0	108	0	0	0	0	0	0	
87248	Pallidum_L	1758	142	5172	338	0	0	2270	0	0	0	0	0	0	0	0	0	146	0	1778	632	310	2066	0	0	0	0	0	158	132	0	0	0	0	0	0	108	1420	0	0	0	0	0	0	0	0	0	0	0	0	0	0	0	0	0	0	0	176	0	0	0	0	0	0	0	0	0	0	0	240	112	9104	2238	11258	0	0	0	3726	340	0	0	0	0	0	0	0	0	0	0	0	0	0	0	0	0	0	0	0	0	0	0	0	0	0	0	0	0	0	0	0	0	0	0	0	0	0	0	
51560	Pallidum_R	246	332	390	3056	0	0	0	364	0	0	236	480	136	0	0	0	0	366	406	3064	0	0	0	116	0	0	0	0	122	1186	164	500	0	0	0	0	0	1236	0	934	0	0	0	0	0	0	0	0	0	0	0	0	0	0	0	176	158	0	0	0	0	0	0	0	0	0	0	0	0	0	434	4456	198	6718	0	0	0	306	0	0	0	0	0	0	0	0	0	0	0	0	0	0	0	0	0	0	0	0	0	0	0	0	0	0	0	0	0	0	0	0	0	0	0	0	0	0	
112620	Thalamus_L	12504	2178	2678	132	0	0	1194	0	0	0	104	0	0	0	0	0	358	0	3552	740	0	0	0	0	0	0	0	0	774	100	0	0	0	0	534	854	3658	742	272	0	0	0	0	0	0	0	132	118	0	0	0	0	0	0	0	0	1314	0	0	0	0	0	0	0	200	0	0	0	2416	570	9282	144	4344	0	3726	0	0	3380	184	0	126	0	0	0	0	0	0	0	0	0	0	0	0	0	0	0	0	0	0	0	0	0	0	0	0	0	0	0	0	0	0	0	0	0	0	0	
141780	Thalamus_R	736	3524	226	10932	0	0	0	220	0	0	0	194	0	450	0	164	416	884	142	8906	0	576	0	0	0	0	0	0	0	1242	0	0	0	0	2004	2356	2124	3506	696	1212	0	0	0	0	0	0	396	132	0	0	0	0	0	0	0	396	114	0	0	0	0	0	0	0	0	0	0	232	0	364	1066	19494	464	3472	340	306	3380	0	0	0	0	0	0	0	0	0	0	0	0	0	0	0	0	0	0	0	0	0	0	0	0	0	0	0	0	0	0	0	0	224	0	0	0	0	0	0	
80996	Heschl_L	3244	324	968	0	0	0	1280	0	0	0	842	0	0	0	0	0	2710	0	730	0	0	0	0	0	0	0	0	0	8134	102	0	0	0	0	262	142	3156	130	0	0	0	0	222	0	262	0	0	0	328	0	3480	0	0	0	410	0	1992	0	0	0	126	0	354	0	0	0	320	0	130	0	522	154	176	0	0	0	184	0	0	0	2134	0	0	0	3828	0	0	0	3852	0	0	0	0	0	0	0	0	0	0	0	0	0	0	0	0	0	0	0	0	0	0	0	0	0	0	0	
33740	Heschl_R	130	310	0	410	0	0	0	140	0	0	0	124	0	0	0	0	0	4342	0	584	0	0	0	0	0	0	0	0	0	3148	0	0	0	116	0	0	0	552	0	174	0	0	0	0	0	0	0	0	0	0	0	0	0	0	0	494	122	134	0	0	0	0	0	0	0	0	0	0	0	96	0	138	0	552	0	0	0	0	0	0	0	3894	0	0	0	1192	0	0	0	218	0	0	0	0	0	0	0	0	0	0	0	0	0	0	0	0	0	0	0	0	0	0	0	0	0	0	
160216	Temporal_Sup_L	2060	0	1216	132	0	0	286	0	286	0	2874	602	268	714	440	0	9256	0	1142	208	0	0	0	0	0	0	0	0	8810	642	0	98	0	112	0	0	2670	0	396	0	174	0	0	0	0	0	0	0	0	0	1528	0	288	0	3152	0	2084	0	0	0	442	0	2612	0	1234	0	218	0	0	0	1756	982	1772	0	0	0	126	0	2134	0	0	0	6080	0	15596	0	0	0	7718	0	0	0	0	0	0	0	0	0	0	0	0	0	0	0	0	0	0	0	0	0	0	0	0	0	0	0	
70704	Temporal_Sup_R	162	178	0	164	0	0	0	0	0	0	0	96	0	0	0	0	0	2366	0	336	0	0	0	0	0	0	0	0	0	4994	0	0	0	0	0	0	0	888	0	322	0	0	0	0	0	0	0	0	0	0	0	0	0	0	0	1044	144	1504	0	0	0	0	0	4016	0	886	0	538	0	866	0	0	0	274	0	0	0	0	0	3894	0	0	0	1610	0	10318	0	0	0	752	0	0	0	0	0	0	0	0	0	0	0	0	0	0	0	0	0	0	0	0	0	0	0	0	0	0	
117724	Temporal_Pole_Sup_L	0	0	1028	0	696	0	0	0	656	0	1324	0	762	0	3418	0	1676	0	1000	0	1186	0	0	0	0	0	114	0	11382	0	0	0	0	0	0	0	3026	0	1194	0	864	0	0	0	0	0	0	0	0	0	0	0	0	0	3264	0	0	0	0	0	0	0	0	0	0	0	0	0	0	0	430	230	4450	0	0	0	0	0	0	0	6080	0	0	0	7480	0	3152	0	5450	0	0	0	0	0	0	0	0	0	0	0	0	0	0	0	0	0	0	0	0	0	0	0	0	0	0	0	
47800	Temporal_Pole_Sup_R	0	0	126	0	0	0	0	0	0	0	0	144	0	0	0	0	0	350	116	114	0	0	0	0	0	0	0	0	0	2072	0	0	0	0	0	0	0	1338	0	1758	0	2296	0	0	0	0	0	0	0	0	0	0	0	0	0	3716	0	0	0	0	0	0	0	0	0	0	0	0	0	0	0	288	0	336	0	0	0	0	0	0	0	1610	0	0	0	2412	0	4008	0	3216	0	0	0	0	0	0	0	0	0	0	0	0	0	0	0	0	0	0	0	0	0	0	0	0	0	0	
232920	Temporal_Mid_L	734	0	0	0	0	0	184	0	0	0	0	0	0	0	0	0	2410	0	0	0	0	0	0	0	0	0	0	0	2206	0	0	0	0	0	778	0	780	0	0	0	0	0	892	0	198	0	1214	0	1986	0	20112	0	5484	0	6358	0	366	0	150	0	1230	0	2900	0	6312	0	2136	0	350	0	0	0	0	0	0	0	0	0	3828	0	15596	0	7480	0	0	0	3460	0	29316	0	0	0	0	0	0	0	0	0	0	0	0	0	0	0	0	0	0	0	0	0	0	0	0	0	0	0	
128820	Temporal_Mid_R	236	294	0	102	0	0	0	0	0	0	0	0	0	0	0	0	0	698	0	176	0	0	0	0	0	0	0	0	0	1534	0	0	0	0	0	268	0	1506	0	118	0	238	0	2014	0	394	0	150	0	630	0	6904	0	2520	0	3630	236	1986	0	0	0	104	0	910	0	1776	0	2500	0	1880	0	0	0	0	0	0	0	0	0	1192	0	10318	0	2412	0	0	0	1172	0	18512	0	0	0	0	0	0	0	0	0	0	0	0	0	0	0	0	0	0	0	0	0	0	0	0	0	0	
28300	Temporal_Pole_Mid_L	0	0	0	0	0	0	0	0	0	0	0	0	0	0	0	0	0	0	0	0	0	0	0	0	0	0	0	0	144	0	0	0	0	0	0	0	668	0	720	0	374	0	0	0	0	0	0	0	0	0	0	0	0	0	2094	0	0	0	0	0	0	0	0	0	0	0	0	0	0	0	0	0	0	0	0	0	0	0	0	0	0	0	3152	0	3460	0	0	0	3538	0	0	0	0	0	0	0	0	0	0	0	0	0	0	0	0	0	0	0	0	0	0	0	0	0	0	0	
25208	Temporal_Pole_Mid_R	0	0	0	0	0	0	0	0	0	0	0	0	0	0	0	0	0	0	0	0	0	0	0	0	0	0	0	0	0	0	0	0	0	0	0	0	0	768	0	1028	0	868	0	0	0	0	0	0	0	0	0	0	0	0	0	2836	0	0	0	0	0	0	0	0	0	0	0	0	0	0	0	0	0	0	0	0	0	0	0	0	0	0	0	4008	0	1172	0	0	0	1924	0	0	0	0	0	0	0	0	0	0	0	0	0	0	0	0	0	0	0	0	0	0	0	0	0	0	
218752	Temporal_Inf_L	852	0	96	0	0	0	158	0	0	0	0	0	0	0	0	0	1806	0	96	0	0	0	0	0	0	0	0	0	3338	0	0	0	0	0	890	0	4870	0	508	0	168	0	1996	0	1332	0	178	0	604	0	10434	0	3714	0	17190	0	436	0	0	0	492	0	1738	0	1104	0	3188	0	512	0	0	0	366	0	0	0	0	0	3852	0	7718	0	5450	0	29316	0	3538	0	0	0	1846	0	364	0	0	0	260	0	966	0	0	0	0	0	0	0	0	0	0	0	0	0	0	0	0	0	
118808	Temporal_Inf_R	152	160	0	0	0	0	0	0	0	0	0	0	0	0	0	0	0	384	0	108	0	0	0	0	0	0	0	0	0	968	0	0	0	0	0	178	0	3496	0	1394	0	760	0	1864	0	130	0	0	0	372	0	1882	0	3098	0	13778	150	1510	0	0	0	0	0	434	0	188	0	1674	0	1494	0	0	0	196	0	0	0	0	0	218	0	752	0	3216	0	18512	0	1924	0	0	0	230	0	0	0	0	0	0	0	182	0	0	0	0	0	0	0	0	0	0	0	0	0	0	0	0	
282212	Cerebelum_Crus1_L	0	0	0	0	0	0	0	0	0	0	0	0	0	0	0	0	0	0	0	0	0	0	0	0	0	0	0	0	0	0	0	0	0	0	0	0	0	0	0	0	0	0	0	0	0	0	4944	140	0	0	118	0	0	0	14928	0	0	0	0	0	0	0	0	0	0	0	0	0	0	0	0	0	0	0	0	0	0	0	0	0	0	0	0	0	0	0	0	0	1846	0	0	1970	21254	980	816	0	17134	0	46194	1060	8158	0	7896	208	1698	126	292	0	0	0	1910	3740	3896	1276	522	0	
297152	Cerebelum_Crus1_R	0	0	0	0	0	0	0	0	0	0	0	0	0	0	0	0	0	0	0	0	0	0	0	0	0	0	0	0	0	0	0	0	0	0	0	0	0	0	0	0	0	0	0	0	0	0	104	2074	0	0	0	0	0	222	0	6706	0	0	0	0	0	0	0	0	0	0	0	0	0	0	0	0	0	0	0	0	0	0	0	0	0	0	0	0	0	0	0	0	0	230	1970	0	1136	22742	0	2522	282	17110	1072	45690	576	5620	976	8004	260	1076	0	0	0	1158	5928	6322	9464	4556	2776	0	
174412	Cerebelum_Crus2_L	0	0	0	0	0	0	0	0	0	0	0	0	0	0	0	0	0	0	0	0	0	0	0	0	0	0	0	0	0	0	0	0	0	0	0	0	0	0	0	0	0	0	0	0	0	0	268	0	0	0	0	0	0	0	782	0	0	0	0	0	0	0	0	0	0	0	0	0	0	0	0	0	0	0	0	0	0	0	0	0	0	0	0	0	0	0	0	0	364	0	21254	1136	0	5418	154	0	1294	0	7282	278	18002	608	15308	818	946	492	206	0	0	0	232	400	5464	5688	656	156	
171604	Cerebelum_Crus2_R	0	0	0	0	0	0	0	0	0	0	0	0	0	0	0	0	0	0	0	0	0	0	0	0	0	0	0	0	0	0	0	0	0	0	0	0	0	0	0	0	0	0	0	0	0	0	0	0	0	0	0	0	0	0	0	114	0	0	0	0	0	0	0	0	0	0	0	0	0	0	0	0	0	0	0	0	0	0	0	0	0	0	0	0	0	0	0	0	0	0	980	22742	5418	0	0	674	0	934	276	5888	2514	12934	2940	16126	148	854	0	0	0	476	946	298	4020	6626	894	0	
17888	Cerebelum_3_L	0	0	0	0	0	0	0	0	0	0	0	0	0	0	0	0	0	0	0	0	0	0	0	0	0	0	0	0	0	0	0	0	0	0	0	0	0	0	0	0	0	0	0	0	0	0	440	0	0	0	0	0	0	0	216	0	0	0	0	0	0	0	0	0	0	0	0	0	0	0	0	0	0	0	0	0	0	0	0	0	0	0	0	0	0	0	0	0	0	0	816	0	154	0	0	0	4146	0	1320	0	146	0	0	0	660	0	124	0	354	350	218	0	0	0	0	0	
44428	Cerebelum_3_R	0	0	0	0	0	0	0	0	0	0	0	0	0	0	0	0	0	0	0	0	0	0	0	0	0	0	0	0	0	0	0	0	0	0	0	0	0	0	0	0	0	0	0	0	0	0	0	0	0	0	0	0	0	0	0	128	0	0	0	0	0	0	0	0	0	0	0	0	0	0	0	0	0	0	0	0	0	0	0	0	0	0	0	0	0	0	0	0	0	0	0	2522	0	674	0	0	104	6332	0	7076	0	0	0	0	0	274	0	0	226	3004	1222	168	0	188	296	0	
189388	Cerebelum_4_5_L	0	0	0	0	0	0	0	0	0	0	0	0	0	0	0	0	0	0	0	0	0	0	0	0	0	0	0	0	0	0	0	0	0	0	0	0	100	0	108	0	0	0	0	0	0	0	9870	236	0	0	0	0	0	0	13306	0	0	0	0	0	0	0	0	0	0	0	0	0	0	0	0	0	0	0	0	0	0	0	0	0	0	0	0	0	0	0	0	0	260	0	17134	282	1294	0	4146	104	0	428	28874	510	732	0	784	0	3052	954	572	0	0	192	6146	2200	290	800	1702	618	
200132	Cerebelum_4_5_R	0	0	0	0	0	0	0	0	0	0	0	0	0	0	0	0	0	0	0	0	0	0	0	0	0	0	0	0	0	0	0	0	0	0	0	0	0	182	0	620	0	0	0	0	0	0	134	6166	0	0	0	0	0	534	0	9302	0	0	0	0	0	0	0	0	0	0	0	0	0	0	0	0	0	0	0	0	0	0	0	0	0	0	0	0	0	0	0	0	0	0	0	17110	0	934	0	6332	428	0	228	32960	0	162	0	272	0	494	0	0	0	3910	13870	2632	1306	1190	1300	0	
291180	Cerebelum_6_L	0	0	0	0	0	0	0	0	0	0	0	0	0	0	0	0	0	0	0	0	0	0	0	0	0	0	0	0	0	0	0	0	0	0	0	0	0	0	0	0	0	0	0	0	0	0	9708	290	0	0	124	0	0	0	22196	0	0	0	0	0	0	0	0	0	0	0	0	0	0	0	0	0	0	0	0	0	0	0	0	0	0	0	0	0	0	0	0	0	966	0	46194	1072	7282	276	1320	0	28874	228	0	860	5372	0	4282	0	2102	662	122	0	0	0	4084	5146	1994	1022	1176	238	
343360	Cerebelum_6_R	0	0	0	0	0	0	0	0	0	0	0	0	0	0	0	0	0	0	0	0	0	0	0	0	0	0	0	0	0	0	0	0	0	0	0	0	0	206	0	174	0	0	0	0	0	0	114	6288	0	0	0	0	0	708	0	13366	0	0	0	0	0	0	0	0	0	0	0	0	0	0	0	0	0	100	0	0	0	0	0	0	0	0	0	0	0	0	0	0	0	182	1060	45690	278	5888	0	7076	510	32960	860	0	0	2344	448	5162	236	2198	0	922	0	3362	13652	9188	9588	5054	3954	112	
137368	Cerebelum_7b_L	0	0	0	0	0	0	0	0	0	0	0	0	0	0	0	0	0	0	0	0	0	0	0	0	0	0	0	0	0	0	0	0	0	0	0	0	0	0	0	0	0	0	0	0	0	0	0	0	0	0	0	0	0	0	422	0	0	0	0	0	0	0	0	0	0	0	0	0	0	0	0	0	0	0	0	0	0	0	0	0	0	0	0	0	0	0	0	0	0	0	8158	576	18002	2514	146	0	732	0	5372	0	0	744	19620	1520	1092	592	600	0	0	0	0	0	2206	5548	618	222	
72852	Cerebelum_7b_R	0	0	0	0	0	0	0	0	0	0	0	0	0	0	0	0	0	0	0	0	0	0	0	0	0	0	0	0	0	0	0	0	0	0	0	0	0	0	0	0	0	0	0	0	0	0	0	0	0	0	0	0	0	0	0	0	0	0	0	0	0	0	0	0	0	0	0	0	0	0	0	0	0	0	0	0	0	0	0	0	0	0	0	0	0	0	0	0	0	0	0	5620	608	12934	0	0	0	162	0	2344	744	0	834	10506	0	270	0	0	0	0	278	0	250	1750	126	0	
173100	Cerebelum_8_L	0	0	0	0	0	0	0	0	0	0	0	0	0	0	0	0	0	0	0	0	0	0	0	0	0	0	0	0	0	0	0	0	0	0	0	0	0	0	0	0	0	0	0	0	0	0	0	0	0	0	0	0	0	0	262	0	0	0	0	0	0	0	0	0	0	0	0	0	0	0	0	0	0	0	0	0	0	0	0	0	0	0	0	0	0	0	0	0	0	0	7896	976	15308	2940	0	0	784	0	4282	448	19620	834	0	2982	9892	1254	1980	0	174	0	178	0	3998	10414	2104	224	
145464	Cerebelum_8_R	0	0	0	0	0	0	0	0	0	0	0	0	0	0	0	0	0	0	0	0	0	0	0	0	0	0	0	0	0	0	0	0	0	0	0	0	0	0	0	0	0	0	0	0	0	0	0	0	0	0	0	0	0	0	0	0	0	0	0	0	0	0	0	0	0	0	0	0	0	0	0	0	0	0	0	0	0	0	0	0	0	0	0	0	0	0	0	0	0	0	208	8004	818	16126	0	0	0	272	0	5162	1520	10506	2982	0	158	11960	0	1422	0	0	1230	206	1640	7358	3160	0	
64040	Cerebelum_9_L	0	0	0	0	0	0	0	0	0	0	0	0	0	0	0	0	0	0	0	0	0	0	0	0	0	0	0	0	0	0	0	0	0	0	0	0	0	0	0	0	0	0	0	0	0	0	580	0	0	0	0	0	0	0	222	0	0	0	0	0	0	0	0	0	0	0	0	0	0	0	0	0	0	0	0	0	0	0	0	0	0	0	0	0	0	0	0	0	0	0	1698	260	946	148	660	0	3052	0	2102	236	1092	0	9892	158	0	158	4846	0	414	114	896	274	670	1876	1470	256	
97732	Cerebelum_9_R	0	0	0	0	0	0	0	0	0	0	0	0	0	0	0	0	0	0	0	0	0	0	0	0	0	0	0	0	0	0	0	0	0	0	0	0	0	0	0	0	0	0	0	0	0	0	0	220	0	0	0	0	0	0	0	152	0	0	0	0	0	0	0	0	0	0	0	0	0	0	0	0	0	0	0	0	0	0	0	0	0	0	0	0	0	0	0	0	0	0	126	1076	492	854	0	274	954	494	662	2198	592	270	1254	11960	158	0	0	2980	0	178	2472	3660	2570	5826	7508	1936	
17676	Cerebelum_10_L	0	0	0	0	0	0	0	0	0	0	0	0	0	0	0	0	0	0	0	0	0	0	0	0	0	0	0	0	0	0	0	0	0	0	0	0	0	0	0	0	0	0	0	0	0	0	0	0	0	0	0	0	0	0	0	0	0	0	0	0	0	0	0	0	0	0	0	0	0	0	0	0	0	0	0	0	0	0	0	0	0	0	0	0	0	0	0	0	0	0	292	0	206	0	124	0	572	0	122	0	600	0	1980	0	4846	0	0	0	96	0	0	0	0	0	0	0	
11392	Cerebelum_10_R	0	0	0	0	0	0	0	0	0	0	0	0	0	0	0	0	0	0	0	0	0	0	0	0	0	0	0	0	0	0	0	0	0	0	0	0	0	0	0	0	0	0	0	0	0	0	0	0	0	0	0	0	0	0	0	0	0	0	0	0	0	0	0	0	0	0	0	0	0	0	0	0	0	0	0	0	0	0	0	0	0	0	0	0	0	0	0	0	0	0	0	0	0	0	0	0	0	0	0	922	0	0	0	1422	0	2980	0	0	0	0	0	0	0	156	216	0	
7116	Vermis_1_2	0	0	0	0	0	0	0	0	0	0	0	0	0	0	0	0	0	0	0	0	0	0	0	0	0	0	0	0	0	0	0	0	0	0	0	0	0	0	0	0	0	0	0	0	0	0	0	0	0	0	0	0	0	0	0	0	0	0	0	0	0	0	0	0	0	0	0	0	0	0	0	0	0	0	0	0	0	0	0	0	0	0	0	0	0	0	0	0	0	0	0	0	0	0	354	226	0	0	0	0	0	0	174	0	414	0	96	0	0	2060	234	0	0	0	0	0	
36164	Vermis_3	0	0	0	0	0	0	0	0	0	0	0	0	0	0	0	0	0	0	0	0	0	0	0	0	0	0	0	0	0	0	0	0	0	0	0	0	116	0	228	0	0	0	0	0	0	0	0	0	0	0	0	0	0	0	0	0	0	0	0	0	0	0	0	0	0	0	0	0	0	0	0	0	0	108	0	0	0	224	0	0	0	0	0	0	0	0	0	0	0	0	0	1158	0	476	350	3004	192	3910	0	3362	0	0	0	0	114	178	0	0	2060	0	2136	104	0	96	266	0	
178064	Vermis_4_5	0	0	0	0	0	0	0	0	0	0	0	0	0	0	0	0	0	0	0	0	0	0	0	0	0	0	0	0	0	0	0	0	0	0	0	478	0	474	0	242	0	0	0	160	0	0	1208	5988	0	0	0	0	0	188	498	5066	0	0	0	0	0	0	0	0	0	0	0	658	0	0	0	0	0	0	0	0	0	0	0	0	0	0	0	0	0	0	0	0	0	0	1910	5928	232	946	218	1222	6146	13870	4084	13652	0	278	178	1230	896	2472	0	0	234	2136	0	7898	2052	2602	4166	1722	
146464	Vermis_6	0	0	0	0	0	0	0	0	0	0	0	0	0	0	0	0	0	0	0	0	0	0	0	0	0	0	0	0	0	0	0	0	0	0	0	0	0	0	0	0	0	0	0	0	0	0	510	4730	0	0	0	0	0	0	424	3140	0	0	0	0	0	0	0	0	0	0	0	0	0	0	0	0	0	0	0	0	0	0	0	0	0	0	0	0	0	0	0	0	0	0	3740	6322	400	298	0	168	2200	2632	5146	9188	0	0	0	206	274	3660	0	0	0	104	7898	0	8862	5008	6084	2238	
158284	Vermis_7	0	0	0	0	0	0	0	0	0	0	0	0	0	0	0	0	0	0	0	0	0	0	0	0	0	0	0	0	0	0	0	0	0	0	0	0	0	0	0	0	0	0	0	0	0	0	170	2574	0	0	0	0	0	0	0	2068	0	0	0	0	0	0	0	0	0	0	0	0	0	0	0	0	0	0	0	0	0	0	0	0	0	0	0	0	0	0	0	0	0	0	3896	9464	5464	4020	0	0	290	1306	1994	9588	2206	250	3998	1640	670	2570	0	0	0	0	2052	8862	0	10360	5148	552	
177692	Vermis_8	0	0	0	0	0	0	0	0	0	0	0	0	0	0	0	0	0	0	0	0	0	0	0	0	0	0	0	0	0	0	0	0	0	0	0	0	0	0	0	0	0	0	0	0	0	0	0	764	0	0	0	0	0	0	0	676	0	0	0	0	0	0	0	0	0	0	0	0	0	0	0	0	0	0	0	0	0	0	0	0	0	0	0	0	0	0	0	0	0	0	1276	4556	5688	6626	0	188	800	1190	1022	5054	5548	1750	10414	7358	1876	5826	0	156	0	96	2602	5008	10360	0	9194	818	
