data	data	608808	244680	1.34895e+06	1.08412e+06	262516	105388	858976	411236	122424	34196	559516	404972	451100	325052	269568	127980	333096	121872	957272	1.0338e+06	117476	123420	687204	659612	59556	166316	95116	112884	967656	547672	584012	702372	362544	711500	138504	168884	271524	264060	76076	135596	64676	52436	136688	187160	89780	213132	134624	166044	183992	242400	369916	274060	64928	50076	343396	318600	448520	151896	182448	103452	263300	93044	150144	77008	215484	122008	153172	312552	296208	274232	492904	483152	463672	325792	62320	21548	128900	156384	136668	23728	326320	86764	153612	58288	322844	144112	16780	14192	365180	187784	353104	321404	244184	196760	22536	49904	186708	150996	331728	278128	193208	121648	246700	222552	116164	98068	24168	6924	19316	53240	122240	142304	127316	75720	72804	20636	
data	data	Precentral_L	Precentral_R	Frontal_Sup_L	Frontal_Sup_R	Frontal_Sup_Orb_L	Frontal_Sup_Orb_R	Frontal_Mid_L	Frontal_Mid_R	Frontal_Mid_Orb_L	Frontal_Mid_Orb_R	Frontal_Inf_Oper_L	Frontal_Inf_Oper_R	Frontal_Inf_Tri_L	Frontal_Inf_Tri_R	Frontal_Inf_Orb_L	Frontal_Inf_Orb_R	Rolandic_Oper_L	Rolandic_Oper_R	Supp_Motor_Area_L	Supp_Motor_Area_R	Olfactory_L	Olfactory_R	Frontal_Sup_Medial_L	Frontal_Sup_Medial_R	Frontal_Med_Orb_L	Frontal_Med_Orb_R	Rectus_L	Rectus_R	Insula_L	Insula_R	Cingulum_Ant_L	Cingulum_Ant_R	Cingulum_Mid_L	Cingulum_Mid_R	Cingulum_Post_L	Cingulum_Post_R	Hippocampus_L	Hippocampus_R	ParaHippocampal_L	ParaHippocampal_R	Amygdala_L	Amygdala_R	Calcarine_L	Calcarine_R	Cuneus_L	Cuneus_R	Lingual_L	Lingual_R	Occipital_Sup_L	Occipital_Sup_R	Occipital_Mid_L	Occipital_Mid_R	Occipital_Inf_L	Occipital_Inf_R	Fusiform_L	Fusiform_R	Postcentral_L	Postcentral_R	Parietal_Sup_L	Parietal_Sup_R	Parietal_Inf_L	Parietal_Inf_R	SupraMarginal_L	SupraMarginal_R	Angular_L	Angular_R	Precuneus_L	Precuneus_R	Paracentral_Lobule_L	Paracentral_Lobule_R	Caudate_L	Caudate_R	Putamen_L	Putamen_R	Pallidum_L	Pallidum_R	Thalamus_L	Thalamus_R	Heschl_L	Heschl_R	Temporal_Sup_L	Temporal_Sup_R	Temporal_Pole_Sup_L	Temporal_Pole_Sup_R	Temporal_Mid_L	Temporal_Mid_R	Temporal_Pole_Mid_L	Temporal_Pole_Mid_R	Temporal_Inf_L	Temporal_Inf_R	Cerebelum_Crus1_L	Cerebelum_Crus1_R	Cerebelum_Crus2_L	Cerebelum_Crus2_R	Cerebelum_3_L	Cerebelum_3_R	Cerebelum_4_5_L	Cerebelum_4_5_R	Cerebelum_6_L	Cerebelum_6_R	Cerebelum_7b_L	Cerebelum_7b_R	Cerebelum_8_L	Cerebelum_8_R	Cerebelum_9_L	Cerebelum_9_R	Cerebelum_10_L	Cerebelum_10_R	Vermis_1_2	Vermis_3	Vermis_4_5	Vermis_6	Vermis_7	Vermis_8	Vermis_9	Vermis_10	
608808	Precentral_L	0	4046	31270	1822	0	0	32598	2892	0	0	27904	4730	6134	1866	146	0	17282	730	18640	3710	0	0	1520	520	0	0	0	0	17750	1770	1868	922	0	2338	2104	1222	3700	0	0	0	0	0	0	0	0	0	0	0	166	0	1588	0	188	0	752	0	54238	0	498	0	6220	0	1468	0	1488	0	0	0	15586	4374	5338	1304	2982	0	284	0	1080	192	5536	0	6990	0	298	0	3760	0	0	0	2590	0	0	0	0	0	0	0	0	0	0	0	0	0	0	0	0	0	0	0	0	0	0	0	0	0	0	0	
244680	Precentral_R	4046	0	684	21044	0	0	182	14268	0	0	152	9790	0	806	0	0	146	754	4738	4468	0	0	0	0	0	0	0	0	912	2158	0	0	128	976	1932	1764	1168	1750	0	152	0	0	0	124	0	384	0	0	0	462	118	286	0	114	336	378	994	10674	0	144	0	596	0	1154	0	278	0	724	7152	10322	1314	1488	1220	2746	580	504	2716	3562	234	114	0	254	0	0	148	0	0	0	566	636	0	0	0	0	0	0	0	0	0	0	0	0	0	0	0	0	0	0	0	0	0	0	0	0	0	0	
1.34895e+06	Frontal_Sup_L	31270	684	0	17276	17568	126	112792	4106	4314	0	18624	3138	20460	1826	9780	0	12900	270	78530	26404	412	0	59448	24006	2670	2936	1112	0	44660	1458	31018	15962	19204	16724	116	0	3664	0	0	0	358	0	0	0	0	0	0	0	0	0	674	0	134	0	766	0	11484	0	272	0	2604	0	878	0	618	0	0	0	3742	116	10934	1656	26514	230	2056	0	1778	0	7026	0	8312	0	3136	0	4502	0	0	0	3228	0	0	0	0	0	0	0	0	0	0	0	0	0	0	0	0	0	0	0	0	0	0	0	0	0	0	0	
1.08412e+06	Frontal_Sup_R	1822	21044	17276	0	1218	3938	5142	44844	0	364	3180	20296	1934	13686	332	6472	1128	13082	24134	76616	0	0	15994	48234	0	4196	0	368	4924	33200	8258	33008	5202	34718	858	572	870	3948	152	1086	0	0	0	222	0	0	0	0	0	0	0	0	0	0	278	1262	784	5556	0	0	0	116	0	280	0	0	0	230	1036	652	7154	20250	3088	25764	0	2976	1962	10652	198	1536	336	3158	120	1338	0	200	0	0	280	534	0	0	0	0	0	0	0	0	0	0	0	0	0	0	0	0	0	0	0	0	0	0	0	0	0	0	
262516	Frontal_Sup_Orb_L	0	0	17568	1218	0	0	5544	1322	17740	0	216	928	2798	572	17100	0	0	0	806	932	4278	0	5302	2994	4162	2012	6532	0	10362	188	6012	3038	436	482	0	0	0	0	0	0	1208	0	0	0	0	0	0	0	0	0	0	0	0	0	0	0	0	0	0	0	0	0	0	0	0	0	0	0	0	0	2438	390	13124	0	122	0	530	0	0	0	0	0	904	0	0	0	0	0	0	0	0	0	0	0	0	0	0	0	0	0	0	0	0	0	0	0	0	0	0	0	0	0	0	0	0	0	
105388	Frontal_Sup_Orb_R	0	0	126	3938	0	0	0	1256	0	4888	0	0	0	918	0	6228	0	0	0	166	0	1496	364	2298	192	10332	0	10738	0	1400	934	958	0	0	0	0	0	0	0	0	0	0	0	0	0	0	0	0	0	0	0	0	0	0	0	0	0	0	0	0	0	0	0	0	0	0	0	0	0	0	0	1390	0	5072	0	0	0	0	0	0	0	0	0	0	0	0	0	0	0	0	0	0	0	0	0	0	0	0	0	0	0	0	0	0	0	0	0	0	0	0	0	0	0	0	0	0	
858976	Frontal_Mid_L	32598	182	112792	5142	5544	0	0	2162	5256	0	19952	2498	46464	1466	13226	0	3492	780	23758	7046	350	0	23888	5768	552	248	414	0	30888	2334	11038	3034	14264	5362	114	0	1508	0	0	0	270	0	0	0	0	0	0	0	0	0	416	0	0	0	606	0	7050	0	168	0	2140	0	188	0	288	0	0	0	402	0	6916	3176	10856	0	242	0	682	0	4864	0	2252	0	1020	0	3396	0	0	0	2436	0	0	0	0	0	0	0	0	0	0	0	0	0	0	0	0	0	0	0	0	0	0	0	0	0	0	0	
411236	Frontal_Mid_R	2892	14268	4106	44844	1322	1256	2162	0	0	1418	6716	18252	1574	26850	144	6614	2384	438	2322	4804	146	0	1066	5142	0	0	0	0	7622	17254	696	3246	0	1614	0	0	1050	144	0	0	0	0	0	0	0	0	0	0	0	0	0	0	0	0	576	0	1688	946	0	0	0	0	0	0	0	0	0	0	0	130	10202	4956	2190	2262	170	0	218	274	366	0	148	0	0	0	122	0	0	0	1024	0	0	0	0	0	0	0	0	0	0	0	0	0	0	0	0	0	0	0	0	0	0	0	0	0	0	0	
122424	Frontal_Mid_Orb_L	0	0	4314	0	17740	0	5256	0	0	0	0	0	3254	0	18422	0	0	0	0	0	1232	0	208	172	0	168	1460	0	3974	0	208	170	0	0	0	0	216	0	0	0	702	0	0	0	0	0	0	0	0	0	0	0	0	0	0	0	0	0	0	0	0	0	0	0	0	0	0	0	0	0	0	0	2956	0	0	0	150	0	0	0	0	0	610	0	0	0	0	0	0	0	0	0	0	0	0	0	0	0	0	0	0	0	0	0	0	0	0	0	0	0	0	0	0	0	0	0	
34196	Frontal_Mid_Orb_R	0	0	0	364	0	4888	0	1418	0	0	0	0	0	1202	0	6710	0	0	0	0	0	0	0	144	0	164	0	690	0	530	0	0	0	0	0	0	0	0	0	0	0	0	0	0	0	0	0	0	0	0	0	0	0	0	0	0	0	0	0	0	0	0	0	0	0	0	0	0	0	0	0	0	0	988	0	0	0	0	0	0	0	0	0	0	0	0	0	0	0	0	0	0	0	0	0	0	0	0	0	0	0	0	0	0	0	0	0	0	0	0	0	0	0	0	0	0	
559516	Frontal_Inf_Oper_L	27904	152	18624	3180	216	0	19952	6716	0	0	0	6958	33546	6270	1584	0	20512	0	11954	3104	0	0	5080	1662	0	0	0	0	37562	5966	7040	2178	578	1766	0	0	620	0	0	0	0	0	0	0	0	0	0	0	0	0	0	0	0	0	364	0	14790	0	0	0	180	0	164	0	0	0	0	0	0	0	13852	7730	2538	116	0	0	206	0	892	0	7970	0	5840	0	586	0	0	0	1406	0	0	0	0	0	0	0	0	0	0	0	0	0	0	0	0	0	0	0	0	0	0	0	0	0	0	0	
404972	Frontal_Inf_Oper_R	4730	9790	3138	20296	928	0	2498	18252	0	0	6958	0	794	21936	138	656	2980	7790	818	11552	1126	0	1160	2648	0	0	0	0	7130	28296	1154	6668	294	3778	0	0	876	378	0	244	0	0	0	0	0	0	0	0	0	0	0	0	0	0	528	224	1908	2938	0	0	0	0	0	0	0	0	0	0	0	0	9240	8626	1722	5052	0	0	232	1024	416	128	280	480	0	1630	158	0	0	0	894	0	0	0	0	0	0	0	0	0	0	0	0	0	0	0	0	0	0	0	0	0	0	0	0	0	0	0	
451100	Frontal_Inf_Tri_L	6134	0	20460	1934	2798	0	46464	1574	3254	0	33546	794	0	1894	16214	0	1262	0	4180	2952	126	0	8244	1950	0	0	0	0	28446	3758	9124	1378	3978	1486	0	0	294	0	0	0	158	0	0	0	0	0	0	0	0	0	0	0	0	0	0	0	4122	0	0	0	0	0	0	0	0	0	0	0	0	0	6444	6056	2640	0	0	0	292	0	182	0	384	0	2726	0	0	0	0	0	302	0	0	0	0	0	0	0	0	0	0	0	0	0	0	0	0	0	0	0	0	0	0	0	0	0	0	0	
325052	Frontal_Inf_Tri_R	1866	806	1826	13686	572	918	1466	26850	0	1202	6270	21936	1894	0	128	7018	1492	260	586	5558	438	0	818	3970	0	0	0	0	6272	24738	544	6074	124	3600	0	0	0	116	0	0	0	0	0	0	0	0	0	0	0	0	0	0	0	0	0	0	904	518	0	0	0	0	0	0	0	0	0	0	0	0	7394	7972	1302	3274	0	0	0	134	0	0	0	0	0	0	0	0	0	0	0	0	0	0	0	0	0	0	0	0	0	0	0	0	0	0	0	0	0	0	0	0	0	0	0	0	0	0	
269568	Frontal_Inf_Orb_L	146	0	9780	332	17100	0	13226	144	18422	0	1584	138	16214	128	0	0	618	0	1754	786	4306	0	2038	528	0	0	1742	0	21254	152	468	162	3326	256	0	0	598	0	0	0	1722	0	0	0	0	0	0	0	0	0	0	0	0	0	0	0	0	0	0	0	0	0	0	0	0	0	0	0	0	0	666	216	8300	0	270	0	540	0	0	0	442	0	7106	0	0	0	0	0	320	0	0	0	0	0	0	0	0	0	0	0	0	0	0	0	0	0	0	0	0	0	0	0	0	0	0	0	
127980	Frontal_Inf_Orb_R	0	0	0	6472	0	6228	0	6614	0	6710	0	656	0	7018	0	0	0	0	134	1898	0	1516	148	2792	0	666	0	2192	0	12542	0	3728	0	1468	0	0	0	0	0	292	0	0	0	0	0	0	0	0	0	0	0	0	0	0	0	0	0	0	0	0	0	0	0	0	0	0	0	0	0	0	0	580	0	2174	0	0	0	0	0	0	0	0	0	162	0	0	0	0	0	0	0	0	0	0	0	0	0	0	0	0	0	0	0	0	0	0	0	0	0	0	0	0	0	0	0	0	
333096	Rolandic_Oper_L	17282	146	12900	1128	0	0	3492	2384	0	0	20512	2980	1262	1492	618	0	0	0	16258	1418	0	0	0	356	0	0	0	0	24302	758	0	464	0	342	248	0	262	0	0	0	0	0	390	0	128	0	0	0	0	0	1922	0	0	0	292	0	13868	0	790	0	1660	0	962	0	844	0	0	0	454	0	4876	756	548	0	0	0	144	0	3170	0	16412	0	4032	0	3778	0	0	0	2918	0	0	0	0	0	0	0	0	0	0	0	0	0	0	0	0	0	0	0	0	0	0	0	0	0	0	0	
121872	Rolandic_Oper_R	730	754	270	13082	0	0	780	438	0	0	0	7790	0	260	0	0	0	0	158	5202	0	0	0	0	0	0	0	0	252	11392	0	0	0	0	0	0	0	146	0	0	0	0	0	0	0	0	0	0	0	0	0	0	0	0	0	0	0	3888	0	0	0	0	0	1028	0	0	0	0	0	0	958	1456	170	1574	0	0	156	362	0	2620	0	5536	0	1728	0	0	0	0	0	206	0	0	0	0	0	0	0	0	0	0	0	0	0	0	0	0	0	0	0	0	0	0	0	0	0	0	
957272	Supp_Motor_Area_L	18640	4738	78530	24134	806	0	23758	2322	0	0	11954	818	4180	586	1754	134	16258	158	0	58160	0	0	11504	10670	0	0	0	0	31460	1010	6648	6638	18936	27876	1714	240	3604	460	0	0	0	0	326	0	276	0	0	0	478	0	1430	0	0	0	2006	0	14306	160	418	0	1782	0	1362	0	926	0	982	0	17880	4144	11234	1266	18772	606	6696	178	1564	510	3610	0	10282	0	2800	0	2172	0	0	0	4780	0	0	0	0	0	0	0	0	0	0	0	0	0	0	0	0	0	0	0	0	0	0	0	0	0	0	0	
1.0338e+06	Supp_Motor_Area_R	3710	4468	26404	76616	932	166	7046	4804	0	0	3104	11552	2952	5558	786	1898	1418	5202	58160	0	0	148	6336	18520	0	280	0	0	9076	14140	5330	21496	13296	63390	2586	6264	344	1366	118	534	0	180	0	878	0	2498	0	114	0	1890	236	1294	0	120	200	512	836	3130	0	158	0	246	0	2764	0	400	2006	6838	13172	32582	5840	26498	4310	11172	0	774	338	14518	146	272	864	1444	276	1002	218	380	0	0	318	474	0	0	0	0	0	0	0	0	0	0	0	0	0	0	0	0	0	0	0	0	0	0	0	0	0	0	
117476	Olfactory_L	0	0	412	0	4278	0	350	146	1232	0	0	1126	126	438	4306	0	0	0	0	0	0	6606	116	0	946	374	7688	2828	4196	316	4390	3272	0	0	0	0	514	0	300	0	1344	0	0	0	0	0	0	0	0	0	0	0	0	0	0	0	0	0	0	0	0	0	0	0	0	0	0	0	0	0	6698	3866	1770	272	0	0	372	0	0	0	0	0	456	0	0	0	0	0	0	0	0	0	0	0	0	0	0	0	0	0	0	0	0	0	0	0	0	0	0	0	0	0	0	0	0	0	
123420	Olfactory_R	0	0	0	0	0	1496	0	0	0	0	0	0	0	0	0	1516	0	0	0	148	6606	0	0	120	138	1716	4290	5560	0	2296	3496	4194	0	0	0	0	0	514	0	420	942	1288	0	0	0	0	0	0	0	0	0	0	0	0	0	0	0	0	0	0	0	0	0	0	0	0	0	0	0	0	9760	9118	4358	1886	468	0	488	252	0	0	0	0	0	640	0	0	0	0	0	0	0	0	0	0	0	0	0	0	0	0	0	0	0	0	0	0	0	0	0	0	0	0	0	0	0	0	
687204	Frontal_Sup_Medial_L	1520	0	59448	15994	5302	364	23888	1066	208	0	5080	1160	8244	818	2038	148	0	0	11504	6336	116	0	0	48638	3628	5654	678	542	3500	906	48808	31766	21140	21390	0	0	0	0	0	0	0	0	0	0	0	0	0	0	0	0	0	0	0	0	0	0	1192	0	0	0	0	0	0	0	0	0	0	148	274	0	4090	1132	6376	190	0	0	316	0	0	0	0	0	0	0	0	0	0	0	0	0	0	0	0	0	0	0	0	0	0	0	0	0	0	0	0	0	0	0	0	0	0	0	0	0	0	0	
659612	Frontal_Sup_Medial_R	520	0	24006	48234	2994	2298	5768	5142	172	144	1662	2648	1950	3970	528	2792	356	0	10670	18520	0	120	48638	0	2416	11756	546	790	2390	4626	26708	47380	10146	29772	0	0	0	0	0	0	0	0	0	0	0	0	0	0	0	0	0	0	0	0	0	0	300	0	0	0	0	0	0	0	0	0	0	0	0	0	1430	4006	1564	4520	0	0	0	324	0	0	0	0	0	0	0	0	0	0	0	0	0	0	0	0	0	0	0	0	0	0	0	0	0	0	0	0	0	0	0	0	0	0	0	0	0	0	
59556	Frontal_Med_Orb_L	0	0	2670	0	4162	192	552	0	0	0	0	0	0	0	0	0	0	0	0	0	946	138	3628	2416	0	2954	1952	368	0	0	6770	2496	0	0	0	0	0	0	0	0	0	0	0	0	0	0	0	0	0	0	0	0	0	0	0	0	0	0	0	0	0	0	0	0	0	0	0	0	0	0	238	128	168	0	0	0	0	0	0	0	0	0	0	0	0	0	0	0	0	0	0	0	0	0	0	0	0	0	0	0	0	0	0	0	0	0	0	0	0	0	0	0	0	0	0	0	
166316	Frontal_Med_Orb_R	0	0	2936	4196	2012	10332	248	0	168	164	0	0	0	0	0	666	0	0	0	280	374	1716	5654	11756	2954	0	736	11278	0	632	8480	10900	0	0	0	0	0	0	0	0	0	0	0	0	0	0	0	0	0	0	0	0	0	0	0	0	0	0	0	0	0	0	0	0	0	0	0	0	0	0	0	2524	158	4994	0	0	0	0	0	0	0	0	0	0	0	0	0	0	0	0	0	0	0	0	0	0	0	0	0	0	0	0	0	0	0	0	0	0	0	0	0	0	0	0	0	0	
95116	Rectus_L	0	0	1112	0	6532	0	414	0	1460	0	0	0	0	0	1742	0	0	0	0	0	7688	4290	678	546	1952	736	0	2328	628	0	5472	3242	0	0	0	0	0	0	0	0	912	0	0	0	0	0	0	0	0	0	0	0	0	0	0	0	0	0	0	0	0	0	0	0	0	0	0	0	0	0	3712	2228	1030	196	0	0	504	0	0	0	0	0	156	0	0	0	0	0	0	0	0	0	0	0	0	0	0	0	0	0	0	0	0	0	0	0	0	0	0	0	0	0	0	0	0	0	
112884	Rectus_R	0	0	0	368	0	10738	0	0	0	690	0	0	0	0	0	2192	0	0	0	0	2828	5560	542	790	368	11278	2328	0	0	1226	2782	5108	0	0	0	0	0	0	0	0	382	204	0	0	0	0	0	0	0	0	0	0	0	0	0	0	0	0	0	0	0	0	0	0	0	0	0	0	0	0	2020	3884	710	2240	0	0	204	0	0	0	0	0	0	0	0	0	0	0	0	0	0	0	0	0	0	0	0	0	0	0	0	0	0	0	0	0	0	0	0	0	0	0	0	0	0	0	
967656	Insula_L	17750	912	44660	4924	10362	0	30888	7622	3974	0	37562	7130	28446	6272	21254	0	24302	252	31460	9076	4196	0	3500	2390	0	0	628	0	0	5942	3164	1910	2912	2352	264	156	12626	0	444	0	3616	0	368	0	0	0	0	0	244	0	1926	0	320	0	7856	0	9788	0	354	0	2738	0	464	0	1096	0	0	0	912	0	16374	8028	22776	166	368	0	2558	0	13644	0	17962	0	14792	0	11626	0	0	0	17944	0	138	0	0	0	0	0	0	0	440	0	0	0	0	0	0	0	0	0	0	0	0	0	0	0	0	0	
547672	Insula_R	1770	2158	1458	33200	188	1400	2334	17254	0	530	5966	28296	3758	24738	152	12542	758	11392	1010	14140	316	2296	906	4626	0	632	0	1226	5942	0	1584	8016	0	4512	0	0	134	7218	0	2576	0	2638	0	396	0	0	0	0	0	0	0	210	0	234	122	3030	526	1102	0	0	0	0	0	0	0	0	0	256	0	382	6052	14174	1114	26308	0	0	334	1150	0	2096	140	4146	0	2878	0	1186	0	0	148	2064	0	0	0	0	0	0	0	122	0	0	0	0	0	0	0	0	0	0	0	0	0	0	0	0	0	0	
584012	Cingulum_Ant_L	1868	0	31018	8258	6012	934	11038	696	208	0	7040	1154	9124	544	468	0	0	0	6648	5330	4390	3496	48808	26708	6770	8480	5472	2782	3164	1584	0	37512	13544	11722	898	0	0	0	0	0	752	0	0	0	0	0	0	0	0	0	0	0	0	0	0	0	1326	0	0	0	0	0	0	0	0	0	178	0	516	0	8870	5124	7784	1138	0	0	648	0	0	0	0	0	0	0	0	0	0	0	0	0	0	0	0	0	0	0	0	0	0	0	0	0	0	0	0	0	0	0	0	0	0	0	0	0	0	0	
702372	Cingulum_Ant_R	922	0	15962	33008	3038	958	3034	3246	170	0	2178	6668	1378	6074	162	3728	464	0	6638	21496	3272	4194	31766	47380	2496	10900	3242	5108	1910	8016	37512	0	8160	31622	0	0	0	0	0	0	540	0	0	0	0	0	0	0	0	0	0	0	0	0	0	0	482	0	0	0	0	0	0	0	0	0	238	310	0	0	3982	23732	2496	11036	0	0	590	2726	136	0	216	0	0	0	0	0	0	0	0	0	0	0	0	0	0	0	0	0	0	0	0	0	0	0	0	0	0	0	0	0	0	0	0	0	0	0	
362544	Cingulum_Mid_L	0	128	19204	5202	436	0	14264	0	0	0	578	294	3978	124	3326	0	0	0	18936	13296	0	0	21140	10146	0	0	0	0	2912	0	13544	8160	0	24206	3152	322	0	0	0	0	0	0	0	0	140	0	0	0	300	0	210	0	0	0	0	0	0	0	0	0	0	0	0	0	0	0	2944	860	7448	1928	122	0	3972	0	0	0	0	0	0	0	0	0	0	0	0	0	0	0	0	0	0	0	0	0	0	0	0	0	0	0	0	0	0	0	0	0	0	0	0	0	0	0	0	0	0	0	
711500	Cingulum_Mid_R	2338	976	16724	34718	482	0	5362	1614	0	0	1766	3778	1486	3600	256	1468	342	0	27876	63390	0	0	21390	29772	0	0	0	0	2352	4512	11722	31622	24206	0	1744	6478	0	0	0	0	0	0	0	1088	0	2714	0	162	0	1704	0	974	0	0	0	0	406	1806	0	166	0	0	0	0	0	0	3354	10518	9284	19022	1342	938	1308	122	0	0	0	0	0	0	0	0	0	0	0	488	0	0	0	380	0	0	0	0	0	0	0	0	0	0	0	0	0	0	0	0	0	0	0	0	0	0	0	0	0	0	
138504	Cingulum_Post_L	2104	1932	116	858	0	0	114	0	0	0	0	0	0	0	0	0	248	0	1714	2586	0	0	0	0	0	0	0	0	264	0	898	0	3152	1744	0	11060	3730	2802	1658	588	0	0	958	0	1492	204	316	0	1144	516	2482	266	988	0	2404	446	978	142	304	0	348	0	126	0	372	0	5462	1058	6734	2538	0	0	0	0	0	0	0	970	0	0	344	226	0	0	1752	0	0	0	1114	0	0	0	0	0	0	0	0	0	0	0	0	0	0	0	0	0	0	0	0	0	0	0	0	0	0	0	
168884	Cingulum_Post_R	1222	1764	0	572	0	0	0	0	0	0	0	0	0	0	0	0	0	0	240	6264	0	0	0	0	0	0	0	0	156	0	0	0	322	6478	11060	0	2390	4718	1358	1256	0	0	0	848	0	1510	0	1962	0	1978	532	908	0	868	1132	3232	528	2484	0	184	0	0	0	0	0	166	2006	12900	1880	7526	0	0	0	0	0	0	0	646	0	0	0	184	0	0	480	132	0	0	888	3416	0	0	0	0	0	0	0	0	0	0	0	0	0	0	0	0	0	0	0	0	252	0	0	0	0	0	
271524	Hippocampus_L	3700	1168	3664	870	0	0	1508	1050	216	0	620	876	294	0	598	0	262	0	3604	344	514	0	0	0	0	0	0	0	12626	134	0	0	0	0	3730	2390	0	3222	10736	676	6260	0	1628	0	0	0	2002	0	0	0	0	0	0	0	17138	316	408	0	0	0	0	0	0	0	0	0	2248	316	796	150	1310	0	8504	0	958	0	7458	2824	2714	0	2644	0	3374	0	2418	0	316	0	16910	0	752	0	0	0	0	0	216	0	1300	0	0	0	0	0	0	0	0	0	0	0	0	0	0	0	0	0	
264060	Hippocampus_R	0	1750	0	3948	0	0	0	144	0	0	0	378	0	116	0	0	0	146	460	1366	0	514	0	0	0	0	0	0	0	7218	0	0	0	0	2802	4718	3222	0	2124	21190	0	9186	0	5054	0	698	0	3062	0	358	0	1376	0	904	1694	29492	0	0	0	0	0	0	0	0	0	0	198	5468	0	204	0	130	0	8376	0	502	530	3900	0	248	0	838	0	2266	0	874	0	0	1500	3212	0	0	0	0	0	0	0	1198	0	414	0	0	0	0	0	0	0	0	0	0	252	0	0	0	0	0	
76076	ParaHippocampal_L	0	0	0	152	0	0	0	0	0	0	0	0	0	0	0	0	0	0	0	118	300	0	0	0	0	0	0	0	444	0	0	0	0	0	1658	1358	10736	2124	0	414	928	0	276	0	0	0	2880	0	0	0	0	0	172	0	6190	184	0	0	0	0	0	0	0	0	0	0	454	0	0	0	186	0	426	0	0	0	1826	1670	0	0	0	0	412	0	0	0	158	0	3526	0	298	0	0	0	0	0	294	0	484	0	0	0	0	0	0	0	0	0	128	242	0	0	0	0	0	0	
135596	ParaHippocampal_R	0	152	0	1086	0	0	0	0	0	0	0	244	0	0	0	292	0	0	0	534	0	420	0	0	0	0	0	0	0	2576	0	0	0	0	588	1256	676	21190	414	0	0	5140	0	640	0	0	0	1920	0	0	0	0	0	276	320	16676	0	0	0	0	0	0	0	0	0	0	0	1078	0	0	0	0	0	4776	0	248	150	1156	0	0	0	0	0	1982	0	124	0	496	302	396	0	118	0	0	0	0	0	1886	0	568	0	0	0	0	0	0	0	0	0	118	0	0	0	0	0	0	
64676	Amygdala_L	0	0	358	0	1208	0	270	0	702	0	0	0	158	0	1722	0	0	0	0	0	1344	942	0	0	0	0	912	382	3616	0	752	540	0	0	0	0	6260	0	928	0	0	0	0	0	0	0	0	0	0	0	0	0	0	0	1934	0	0	0	0	0	0	0	0	0	0	0	0	0	0	0	1238	860	2114	238	0	0	1366	0	0	0	0	0	2434	0	174	0	348	0	1538	0	0	0	0	0	0	0	0	0	0	0	0	0	0	0	0	0	0	0	0	0	0	0	0	0	0	0	
52436	Amygdala_R	0	0	0	0	0	0	0	0	0	0	0	0	0	0	0	0	0	0	0	180	0	1288	0	0	0	0	0	204	0	2638	0	0	0	0	0	0	0	9186	0	5140	0	0	0	0	0	0	0	0	0	0	0	0	0	0	0	4240	0	0	0	0	0	0	0	0	0	0	0	0	0	0	0	248	0	656	0	0	0	332	0	0	0	0	0	1940	0	0	0	0	0	0	0	0	0	0	0	0	0	166	0	0	0	0	0	0	0	0	0	0	0	0	0	0	0	0	0	0	
136688	Calcarine_L	0	0	0	0	0	0	0	0	0	0	0	0	0	0	0	0	390	0	326	0	0	0	0	0	0	0	0	0	368	0	0	0	0	0	958	0	1628	0	276	0	0	0	0	2342	6574	1300	8406	1490	6230	636	16248	746	2998	0	2082	140	178	0	1188	0	152	0	0	0	0	0	7460	0	1724	0	0	0	0	0	0	0	0	0	0	0	384	0	0	0	3270	0	0	0	850	0	0	0	0	0	0	0	0	0	0	0	0	0	0	0	0	0	0	0	0	0	0	0	0	0	0	0	
187160	Calcarine_R	0	124	0	222	0	0	0	0	0	0	0	0	0	0	0	0	0	0	0	878	0	0	0	0	0	0	0	0	0	396	0	0	0	1088	0	848	0	5054	0	640	0	0	2342	0	478	12122	246	11922	0	10244	0	13970	0	1952	0	9384	0	466	0	1590	0	0	0	0	0	0	0	11890	0	1382	0	0	0	188	0	0	0	0	0	0	0	126	0	0	0	2908	0	0	0	3120	0	0	0	0	0	0	0	0	0	0	0	0	0	0	0	0	0	0	0	0	0	0	0	0	0	0	
89780	Cuneus_L	0	0	0	0	0	0	0	0	0	0	0	0	0	0	0	0	128	0	276	0	0	0	0	0	0	0	0	0	0	0	0	0	140	0	1492	0	0	0	0	0	0	0	6574	478	0	1418	366	0	12308	0	6852	0	284	0	114	0	334	0	3222	0	200	0	0	0	140	0	6076	0	2424	0	0	0	0	0	0	0	0	0	0	0	134	0	0	0	1728	0	0	0	202	0	0	0	0	0	0	0	0	0	0	0	0	0	0	0	0	0	0	0	0	0	0	0	0	0	0	0	
213132	Cuneus_R	0	384	0	0	0	0	0	0	0	0	0	0	0	0	0	0	0	0	0	2498	0	0	0	0	0	0	0	0	0	0	0	0	0	2714	204	1510	0	698	0	0	0	0	1300	12122	1418	0	0	2318	0	24944	0	13774	0	604	0	1098	0	1276	0	7320	0	192	0	0	0	1152	856	19146	0	3584	0	0	0	0	0	0	0	0	0	0	0	132	0	0	0	4226	0	0	0	3096	0	0	0	0	0	0	0	0	0	0	0	0	0	0	0	0	0	0	0	0	0	0	0	0	0	0	
134624	Lingual_L	0	0	0	0	0	0	0	0	0	0	0	0	0	0	0	0	0	0	0	0	0	0	0	0	0	0	0	0	0	0	0	0	0	0	316	0	2002	0	2880	0	0	0	8406	246	366	0	0	674	808	0	6230	140	2278	0	9660	276	0	0	0	0	0	0	0	0	0	0	3066	0	0	0	0	0	0	0	0	0	288	0	0	0	0	0	0	0	0	0	0	0	644	0	5004	158	0	0	264	0	9170	136	10926	260	0	0	136	0	0	0	0	0	0	0	1980	998	0	0	0	0	
166044	Lingual_R	0	0	0	0	0	0	0	0	0	0	0	0	0	0	0	0	0	0	0	114	0	0	0	0	0	0	0	0	0	0	0	0	0	162	0	1962	0	3062	0	1920	0	0	1490	11922	0	2318	674	0	0	3534	0	7304	0	1750	218	13112	0	250	0	200	0	0	0	0	0	0	0	6876	0	290	0	0	0	0	0	0	0	166	0	0	0	0	0	0	0	156	0	0	0	1022	226	5466	0	0	0	370	430	2852	554	7642	0	0	0	148	0	0	0	0	0	338	2292	4202	0	0	0	0	
183992	Occipital_Sup_L	166	0	0	0	0	0	0	0	0	0	0	0	0	0	0	0	0	0	478	0	0	0	0	0	0	0	0	0	244	0	0	0	300	0	1144	0	0	0	0	0	0	0	6230	0	12308	0	808	0	0	0	27432	0	324	0	0	0	492	0	16152	0	5846	0	374	0	6162	0	6642	0	4016	0	0	0	0	0	0	0	0	0	0	0	126	0	0	0	2146	0	0	0	606	0	0	0	0	0	0	0	0	0	0	0	0	0	0	0	0	0	0	0	0	0	0	0	0	0	0	0	
242400	Occipital_Sup_R	0	462	0	0	0	0	0	0	0	0	0	0	0	0	0	0	0	0	0	1890	0	0	0	0	0	0	0	0	0	0	0	0	0	1704	516	1978	0	358	0	0	0	0	636	10244	0	24944	0	3534	0	0	0	24726	0	828	0	920	0	1392	0	7340	0	1734	0	484	0	5194	0	15882	0	3186	0	0	0	0	0	0	0	0	0	0	0	354	0	0	0	7952	0	0	0	4942	0	0	0	0	0	0	0	0	0	0	0	0	0	0	0	0	0	0	0	0	0	0	0	0	0	0	
369916	Occipital_Mid_L	1588	118	674	0	0	0	416	0	0	0	0	0	0	0	0	0	1922	0	1430	236	0	0	0	0	0	0	0	0	1926	0	0	0	210	0	2482	532	0	0	0	0	0	0	16248	0	6852	0	6230	0	27432	0	0	0	11642	0	5282	0	4818	0	18320	0	15030	0	2796	0	18936	0	5054	0	8898	282	0	0	0	0	0	0	0	0	702	0	2796	0	0	0	16582	0	0	0	5524	0	0	0	0	0	0	0	0	0	0	0	0	0	0	0	0	0	0	0	0	0	0	0	0	0	0	0	
274060	Occipital_Mid_R	0	286	0	0	0	0	0	0	0	0	0	0	0	0	0	0	0	0	0	1294	0	0	0	0	0	0	0	0	0	210	0	0	0	974	266	908	0	1376	0	0	0	0	746	13970	0	13774	140	7304	0	24726	0	0	0	3440	0	3742	0	834	0	6178	0	8906	0	900	0	16800	0	8908	0	2304	0	0	0	0	0	0	0	0	0	0	0	542	0	0	0	12242	0	0	0	6260	0	0	0	0	0	0	0	0	0	0	0	0	0	0	0	0	0	0	0	0	0	0	0	0	0	0	
64928	Occipital_Inf_L	188	0	134	0	0	0	0	0	0	0	0	0	0	0	0	0	0	0	0	0	0	0	0	0	0	0	0	0	320	0	0	0	0	0	988	0	0	0	172	0	0	0	2998	0	284	0	2278	0	324	0	11642	0	0	0	7298	0	0	0	0	0	0	0	0	0	0	0	946	0	310	0	0	0	0	0	0	0	0	0	114	0	0	0	0	0	1064	0	0	0	2978	0	0	0	0	0	0	0	118	0	308	0	0	0	0	0	0	0	0	0	0	0	0	0	0	0	0	0	
50076	Occipital_Inf_R	0	114	0	0	0	0	0	0	0	0	0	0	0	0	0	0	0	0	0	120	0	0	0	0	0	0	0	0	0	234	0	0	0	0	0	868	0	904	0	276	0	0	0	1952	0	604	0	1750	0	828	0	3440	0	0	0	5036	0	0	0	0	0	0	0	0	0	0	0	1802	0	316	0	0	0	0	0	0	0	0	0	0	0	0	0	0	0	1880	0	0	0	4914	0	0	0	0	0	0	0	0	0	0	0	0	0	0	0	0	0	0	0	0	0	0	0	0	0	0	
343396	Fusiform_L	752	336	766	278	0	0	606	576	0	0	364	528	0	0	0	0	292	0	2006	200	0	0	0	0	0	0	0	0	7856	122	0	0	0	0	2404	1132	17138	1694	6190	320	1934	0	2082	0	114	0	9660	218	0	0	5282	0	7298	0	0	268	244	0	0	0	0	0	0	0	0	0	1556	0	0	0	150	0	2500	0	0	0	1550	1542	1852	0	2254	0	1286	0	1804	0	526	0	19234	0	21466	0	1308	0	170	0	12910	0	27426	210	250	0	402	0	0	0	0	0	0	0	1270	1372	0	0	0	0	
318600	Fusiform_R	0	378	0	1262	0	0	0	0	0	0	0	224	0	0	0	0	0	0	0	512	0	0	0	0	0	0	0	0	0	3030	0	0	0	0	446	3232	316	29492	184	16676	0	4240	140	9384	0	1098	276	13112	0	920	0	3742	0	5036	268	0	0	0	0	0	0	0	0	0	0	0	0	7718	0	340	0	0	0	4052	0	184	0	902	0	238	0	1188	0	2726	0	2496	0	1222	152	11772	0	9722	0	0	0	116	228	4862	178	12518	0	0	0	152	0	0	0	0	0	0	1806	2644	116	0	0	0	
448520	Postcentral_L	54238	994	11484	784	0	0	7050	1688	0	0	14790	1908	4122	904	0	0	13868	0	14306	836	0	0	1192	300	0	0	0	0	9788	526	1326	482	0	406	978	528	408	0	0	0	0	0	178	0	334	0	0	0	492	0	4818	0	0	0	244	0	0	0	7954	0	20284	0	12204	0	7528	0	1502	0	5788	562	2188	332	488	0	0	0	278	0	4004	0	7454	0	0	0	2524	0	0	0	2198	0	0	0	0	0	0	0	0	0	0	0	0	0	0	0	0	0	0	0	0	0	0	0	0	0	0	0	
151896	Postcentral_R	0	10674	0	5556	0	0	0	946	0	0	0	2938	0	518	0	0	0	3888	160	3130	0	0	0	0	0	0	0	0	0	1102	0	0	0	1806	142	2484	0	0	0	0	0	0	0	466	0	1276	0	250	0	1392	0	834	0	0	0	0	0	0	0	4868	0	5818	0	9058	0	1958	0	6152	140	5252	180	0	0	154	0	0	244	0	0	244	0	2476	0	0	0	368	0	0	0	1474	0	0	0	0	0	0	0	0	0	0	0	0	0	0	0	0	0	0	0	0	0	0	0	0	0	0	
182448	Parietal_Sup_L	498	0	272	0	0	0	168	0	0	0	0	0	0	0	0	0	790	0	418	0	0	0	0	0	0	0	0	0	354	0	0	0	0	0	304	0	0	0	0	0	0	0	1188	0	3222	0	0	0	16152	0	18320	0	0	0	0	0	7954	0	0	0	16164	0	2098	0	9290	0	9916	0	2208	0	0	0	0	0	0	0	0	0	0	0	206	0	0	0	1000	0	0	0	702	0	0	0	0	0	0	0	0	0	0	0	0	0	0	0	0	0	0	0	0	0	0	0	0	0	0	0	
103452	Parietal_Sup_R	0	144	0	0	0	0	0	0	0	0	0	0	0	0	0	0	0	0	0	158	0	0	0	0	0	0	0	0	0	0	0	0	0	166	0	184	0	0	0	0	0	0	0	1590	0	7320	0	200	0	7340	0	6178	0	0	0	0	0	4868	0	0	0	6926	0	398	0	5928	674	8538	0	528	0	0	0	0	0	0	0	0	0	0	0	0	0	0	0	374	0	0	0	212	0	0	0	0	0	0	0	0	0	0	0	0	0	0	0	0	0	0	0	0	0	0	0	0	0	0	
263300	Parietal_Inf_L	6220	0	2604	0	0	0	2140	0	0	0	180	0	0	0	0	0	1660	0	1782	0	0	0	0	0	0	0	0	0	2738	0	0	0	0	0	348	0	0	0	0	0	0	0	152	0	200	0	0	0	5846	0	15030	0	0	0	0	0	20284	0	16164	0	0	0	17080	0	24880	0	836	0	2478	0	0	0	0	0	0	0	0	0	476	0	3012	0	0	0	4448	0	0	0	3092	0	0	0	0	0	0	0	0	0	0	0	0	0	0	0	0	0	0	0	0	0	0	0	0	0	0	0	
93044	Parietal_Inf_R	0	596	0	116	0	0	0	0	0	0	0	0	0	0	0	0	0	0	0	246	0	0	0	0	0	0	0	0	0	0	0	0	0	0	0	0	0	0	0	0	0	0	0	0	0	192	0	0	0	1734	0	8906	0	0	0	0	0	5818	0	6926	0	0	0	6202	0	12802	0	380	0	288	0	0	0	0	0	0	0	0	0	0	0	406	0	0	0	686	0	0	0	1224	0	0	0	0	0	0	0	0	0	0	0	0	0	0	0	0	0	0	0	0	0	0	0	0	0	0	
150144	SupraMarginal_L	1468	0	878	0	0	0	188	0	0	0	164	0	0	0	0	0	962	0	1362	0	0	0	0	0	0	0	0	0	464	0	0	0	0	0	126	0	0	0	0	0	0	0	0	0	0	0	0	0	374	0	2796	0	0	0	0	0	12204	0	2098	0	17080	0	0	0	12428	0	0	0	2002	0	0	0	0	0	0	0	0	0	234	0	9318	0	0	0	6762	0	0	0	4164	0	0	0	0	0	0	0	0	0	0	0	0	0	0	0	0	0	0	0	0	0	0	0	0	0	0	0	
77008	SupraMarginal_R	0	1154	0	280	0	0	0	0	0	0	0	0	0	0	0	0	0	1028	0	2764	0	0	0	0	0	0	0	0	0	0	0	0	0	0	0	0	0	0	0	0	0	0	0	0	0	0	0	0	0	484	0	900	0	0	0	0	0	9058	0	398	0	6202	0	0	0	4408	0	0	0	5082	0	0	0	0	0	0	0	0	0	0	0	2478	0	0	0	150	0	0	0	4118	0	0	0	0	0	0	0	0	0	0	0	0	0	0	0	0	0	0	0	0	0	0	0	0	0	0	
215484	Angular_L	1488	0	618	0	0	0	288	0	0	0	0	0	0	0	0	0	844	0	926	0	0	0	0	0	0	0	0	0	1096	0	0	0	0	0	372	0	0	0	0	0	0	0	0	0	140	0	0	0	6162	0	18936	0	0	0	0	0	7528	0	9290	0	24880	0	12428	0	0	0	150	0	3712	0	0	0	0	0	0	0	0	0	374	0	5640	0	0	0	8300	0	0	0	4570	0	0	0	0	0	0	0	0	0	0	0	0	0	0	0	0	0	0	0	0	0	0	0	0	0	0	0	
122008	Angular_R	0	278	0	0	0	0	0	0	0	0	0	0	0	0	0	0	0	0	0	400	0	0	0	0	0	0	0	0	0	0	0	0	0	0	0	166	0	0	0	0	0	0	0	0	0	1152	0	0	0	5194	0	16800	0	0	0	0	0	1958	0	5928	0	12802	0	4408	0	0	0	1054	0	868	0	0	0	0	0	0	0	0	0	0	0	1436	0	0	0	3612	0	0	0	4948	0	0	0	0	0	0	0	0	0	0	0	0	0	0	0	0	0	0	0	0	0	0	0	0	0	0	
153172	Precuneus_L	0	0	0	0	0	0	0	0	0	0	0	0	0	0	0	0	0	0	982	2006	0	0	0	0	0	0	0	0	0	0	178	238	2944	3354	5462	2006	2248	198	454	0	0	0	7460	0	6076	856	3066	0	6642	0	5054	0	946	0	1556	0	1502	0	9916	674	836	0	0	0	150	0	0	3816	4844	1770	0	0	0	0	0	0	0	0	0	0	0	0	0	0	1082	0	0	0	270	0	0	0	0	0	0	0	0	0	0	0	0	0	0	0	0	0	0	0	0	0	0	0	0	0	0	0	
312552	Precuneus_R	0	724	0	230	0	0	0	0	0	0	0	0	0	0	0	0	0	0	0	6838	0	0	148	0	0	0	0	0	0	256	0	310	860	10518	1058	12900	316	5468	0	1078	0	0	0	11890	0	19146	0	6876	0	15882	0	8908	0	1802	0	7718	0	6152	0	8538	0	380	0	0	0	1054	3816	0	348	10082	0	0	0	220	0	0	0	0	0	0	0	196	0	0	0	4630	0	0	0	7692	0	0	0	0	0	0	0	0	0	0	0	0	0	0	0	0	0	0	0	0	242	0	0	0	0	0	
296208	Paracentral_Lobule_L	15586	7152	3742	1036	0	0	402	0	0	0	0	0	0	0	0	0	454	0	17880	13172	0	0	274	0	0	0	0	0	912	0	516	0	7448	9284	6734	1880	796	0	0	0	0	0	1724	0	2424	0	0	0	4016	0	8898	0	310	0	0	0	5788	140	2208	0	2478	0	2002	0	3712	0	4844	348	0	12694	0	0	836	136	248	0	0	0	290	0	1220	0	0	0	4588	0	0	0	1932	0	0	0	0	0	0	0	0	0	0	0	0	0	0	0	0	0	0	0	0	0	0	0	0	0	0	0	
274232	Paracentral_Lobule_R	4374	10322	116	652	0	0	0	130	0	0	0	0	0	0	0	0	0	0	4144	32582	0	0	0	0	0	0	0	0	0	382	0	0	1928	19022	2538	7526	150	204	0	0	0	0	0	1382	0	3584	0	290	0	3186	282	2304	0	316	0	340	562	5252	0	528	0	288	0	5082	0	868	1770	10082	12694	0	0	0	200	0	0	0	146	124	0	0	0	1346	0	0	134	892	0	0	0	1394	0	0	0	0	0	0	0	0	0	0	0	0	0	0	0	0	0	0	0	0	0	0	0	0	0	0	
492904	Caudate_L	5338	1314	10934	7154	2438	0	6916	10202	0	0	13852	9240	6444	7394	666	0	4876	958	11234	5840	6698	9760	4090	1430	238	0	3712	2020	16374	6052	8870	3982	122	1342	0	0	1310	0	186	0	1238	0	0	0	0	0	0	0	0	0	0	0	0	0	150	0	2188	180	0	0	0	0	0	0	0	0	0	0	0	0	0	18158	27256	3090	6674	0	14620	342	0	0	830	0	526	0	0	0	0	0	214	0	0	0	0	0	0	0	0	0	0	0	0	0	0	0	0	0	0	0	0	0	0	0	0	0	0	0	
483152	Caudate_R	1304	1488	1656	20250	390	1390	3176	4956	0	0	7730	8626	6056	7972	216	580	756	1456	1266	26498	3866	9118	1132	4006	128	2524	2228	3884	8028	14174	5124	23732	0	938	0	0	0	130	0	0	860	248	0	0	0	0	0	0	0	0	0	0	0	0	0	0	332	0	0	0	0	0	0	0	0	0	0	0	0	0	18158	0	7038	18244	460	1416	1464	18400	0	0	178	0	0	0	0	0	0	0	0	0	0	0	0	0	0	0	0	0	0	0	0	0	0	0	0	0	0	0	0	0	0	0	0	0	0	0	
463672	Putamen_L	2982	1220	26514	3088	13124	0	10856	2190	2956	0	2538	1722	2640	1302	8300	0	548	170	18772	4310	1770	4358	6376	1564	168	158	1030	710	22776	1114	7784	2496	3972	1308	0	0	8504	0	426	0	2114	0	0	0	0	0	0	0	0	0	0	0	0	0	2500	0	488	0	0	0	0	0	0	0	0	0	0	0	836	200	27256	7038	0	1798	9078	0	4390	268	188	0	1296	0	3092	0	378	0	0	0	2660	0	228	0	0	0	0	0	0	0	282	0	0	0	0	0	0	0	0	0	0	0	0	0	0	0	0	0	
325792	Putamen_R	0	2746	230	25764	0	5072	0	2262	0	988	116	5052	0	3274	0	2174	0	1574	606	11172	272	1886	190	4520	0	4994	196	2240	166	26308	1138	11036	0	122	0	0	0	8376	0	4776	238	656	0	188	0	0	0	0	0	0	0	0	0	0	0	4052	0	154	0	0	0	0	0	0	0	0	0	220	136	0	3090	18244	1798	0	0	3758	316	1454	0	0	0	0	0	416	0	0	0	0	0	176	0	0	0	0	0	0	0	516	0	234	0	0	0	0	0	0	0	0	0	0	0	0	0	0	0	0	
62320	Pallidum_L	284	580	2056	0	122	0	242	170	0	0	0	0	0	0	270	0	0	0	6696	0	0	468	0	0	0	0	0	0	368	0	0	0	0	0	0	0	958	0	0	0	0	0	0	0	0	0	0	0	0	0	0	0	0	0	0	0	0	0	0	0	0	0	0	0	0	0	0	0	248	0	6674	460	9078	0	0	0	2486	0	0	0	0	0	0	0	0	0	0	0	0	0	0	0	0	0	0	0	0	0	0	0	0	0	0	0	0	0	0	0	0	0	0	0	0	0	0	0	
21548	Pallidum_R	0	504	0	2976	0	0	0	0	0	0	0	0	0	0	0	0	0	0	178	774	0	0	0	0	0	0	0	0	0	0	0	0	0	0	0	0	0	502	0	248	0	0	0	0	0	0	0	0	0	0	0	0	0	0	0	184	0	0	0	0	0	0	0	0	0	0	0	0	0	0	0	1416	0	3758	0	0	0	234	0	0	0	0	0	0	0	0	0	0	0	0	0	0	0	0	0	0	0	0	0	0	0	0	0	0	0	0	0	0	0	0	0	0	0	0	0	0	
128900	Thalamus_L	1080	2716	1778	1962	530	0	682	218	150	0	206	232	292	0	540	0	144	156	1564	338	372	488	316	0	0	0	504	204	2558	334	648	590	0	0	0	0	7458	530	1826	150	1366	0	0	0	0	0	288	0	0	0	0	0	0	0	1550	0	278	244	0	0	0	0	0	0	0	0	0	0	0	146	14620	1464	4390	316	2486	0	0	5902	640	0	192	0	292	0	234	0	0	0	1476	0	0	0	0	0	0	0	0	0	0	0	0	0	0	0	0	0	0	0	0	0	0	0	0	0	0	0	
156384	Thalamus_R	192	3562	0	10652	0	0	0	274	0	0	0	1024	0	134	0	0	0	362	510	14518	0	252	0	324	0	0	0	0	0	1150	0	2726	0	0	970	646	2824	3900	1670	1156	0	332	0	0	0	0	0	166	0	0	0	0	0	0	1542	902	0	0	0	0	0	0	0	0	0	0	0	0	0	124	342	18400	268	1454	0	234	5902	0	0	0	0	206	0	0	0	0	0	0	1474	0	0	0	0	0	0	0	0	0	0	0	0	0	0	0	0	0	0	0	0	0	0	0	0	0	0	0	
136668	Heschl_L	5536	234	7026	198	0	0	4864	366	0	0	892	416	182	0	0	0	3170	0	3610	146	0	0	0	0	0	0	0	0	13644	0	0	136	0	0	0	0	2714	0	0	0	0	0	0	0	0	0	0	0	0	0	702	0	114	0	1852	0	4004	0	0	0	476	0	234	0	374	0	0	0	290	0	0	0	188	0	0	0	640	0	0	0	5514	0	0	0	5686	0	0	0	5126	0	0	0	0	0	0	0	0	0	0	0	0	0	0	0	0	0	0	0	0	0	0	0	0	0	0	0	
23728	Heschl_R	0	114	0	1536	0	0	0	0	0	0	0	128	0	0	0	0	0	2620	0	272	0	0	0	0	0	0	0	0	0	2096	0	0	0	0	0	0	0	248	0	0	0	0	0	0	0	0	0	0	0	0	0	0	0	0	0	238	0	244	0	0	0	0	0	0	0	0	0	0	0	0	0	0	0	0	0	0	0	0	0	0	0	3876	0	0	0	316	0	0	0	176	0	0	0	0	0	0	0	0	0	0	0	0	0	0	0	0	0	0	0	0	0	0	0	0	0	0	
326320	Temporal_Sup_L	6990	0	8312	336	0	0	2252	148	0	0	7970	280	384	0	442	0	16412	0	10282	864	0	0	0	0	0	0	0	0	17962	140	0	216	0	0	344	0	2644	0	0	0	0	0	384	0	134	0	0	0	126	0	2796	0	0	0	2254	0	7454	0	206	0	3012	0	9318	0	5640	0	0	0	1220	0	830	178	1296	0	0	0	192	0	5514	0	0	0	7308	0	25100	0	0	0	14220	0	0	0	0	0	0	0	0	0	0	0	0	0	0	0	0	0	0	0	0	0	0	0	0	0	0	0	
86764	Temporal_Sup_R	0	254	0	3158	0	0	0	0	0	0	0	480	0	0	0	0	0	5536	0	1444	0	0	0	0	0	0	0	0	0	4146	0	0	0	0	226	184	0	838	0	0	0	0	0	126	0	132	0	0	0	354	0	542	0	0	0	1188	0	2476	0	0	0	406	0	2478	0	1436	0	196	0	1346	0	0	0	0	0	0	0	206	0	3876	0	0	0	2466	0	6022	0	0	0	3866	0	0	0	0	0	0	0	0	0	0	0	0	0	0	0	0	0	0	0	0	0	0	0	0	0	0	
153612	Temporal_Pole_Sup_L	298	0	3136	120	904	0	1020	0	610	0	5840	0	2726	0	7106	0	4032	0	2800	276	456	0	0	0	0	0	156	0	14792	0	0	0	0	0	0	0	3374	0	412	0	2434	0	0	0	0	0	0	0	0	0	0	0	0	0	1286	0	0	0	0	0	0	0	0	0	0	0	0	0	0	0	526	0	3092	0	0	0	292	0	0	0	7308	0	0	0	6214	0	2052	0	5544	0	0	0	0	0	0	0	0	0	0	0	0	0	0	0	0	0	0	0	0	0	0	0	0	0	0	0	
58288	Temporal_Pole_Sup_R	0	0	0	1338	0	0	0	0	0	0	0	1630	0	0	0	162	0	1728	0	1002	0	640	0	0	0	0	0	0	0	2878	0	0	0	0	0	0	0	2266	0	1982	0	1940	0	0	0	0	0	0	0	0	0	0	0	0	0	2726	0	0	0	0	0	0	0	0	0	0	0	0	0	0	0	0	0	416	0	0	0	0	0	0	0	2466	0	0	0	2780	0	2668	0	2522	0	0	0	0	0	0	0	0	0	0	0	0	0	0	0	0	0	0	0	0	0	0	0	0	0	0	
322844	Temporal_Mid_L	3760	148	4502	0	0	0	3396	122	0	0	586	158	0	0	0	0	3778	0	2172	218	0	0	0	0	0	0	0	0	11626	0	0	0	0	0	1752	480	2418	0	0	0	174	0	3270	0	1728	0	0	0	2146	0	16582	0	1064	0	1804	0	2524	0	1000	0	4448	0	6762	0	8300	0	1082	0	4588	134	0	0	378	0	0	0	234	0	5686	0	25100	0	6214	0	0	0	2286	0	30802	0	0	0	0	0	0	0	0	0	0	0	0	0	0	0	0	0	0	0	0	0	0	0	0	0	0	0	
144112	Temporal_Mid_R	0	0	0	200	0	0	0	0	0	0	0	0	0	0	0	0	0	0	0	380	0	0	0	0	0	0	0	0	0	1186	0	0	0	488	0	132	0	874	0	124	0	0	0	2908	0	4226	0	156	0	7952	0	12242	0	1880	0	2496	0	368	0	374	0	686	0	150	0	3612	0	4630	0	892	0	0	0	0	0	0	0	0	0	316	0	6022	0	2780	0	0	0	1078	0	15904	0	0	0	0	0	0	0	0	0	0	0	0	0	0	0	0	0	0	0	0	0	0	0	0	0	0	
16780	Temporal_Pole_Mid_L	0	0	0	0	0	0	0	0	0	0	0	0	0	0	0	0	0	0	0	0	0	0	0	0	0	0	0	0	0	0	0	0	0	0	0	0	316	0	158	0	348	0	0	0	0	0	0	0	0	0	0	0	0	0	526	0	0	0	0	0	0	0	0	0	0	0	0	0	0	0	0	0	0	0	0	0	0	0	0	0	0	0	2052	0	2286	0	0	0	2704	0	0	0	0	0	0	0	0	0	0	0	0	0	0	0	0	0	0	0	0	0	0	0	0	0	0	0	
14192	Temporal_Pole_Mid_R	0	0	0	0	0	0	0	0	0	0	0	0	0	0	0	0	0	0	0	0	0	0	0	0	0	0	0	0	0	0	0	0	0	0	0	0	0	0	0	496	0	0	0	0	0	0	0	0	0	0	0	0	0	0	0	1222	0	0	0	0	0	0	0	0	0	0	0	0	0	0	0	0	0	0	0	0	0	0	0	0	0	0	0	2668	0	1078	0	0	0	1632	0	0	0	0	0	0	0	0	0	0	0	0	0	0	0	0	0	0	0	0	0	0	0	0	0	0	
365180	Temporal_Inf_L	2590	566	3228	280	0	0	2436	1024	0	0	1406	894	302	0	320	0	2918	0	4780	318	0	0	0	0	0	0	0	0	17944	148	0	0	0	0	1114	888	16910	1500	3526	302	1538	0	850	0	202	0	644	0	606	0	5524	0	2978	0	19234	152	2198	0	702	0	3092	0	4164	0	4570	0	270	0	1932	0	214	0	2660	0	0	0	1476	1474	5126	0	14220	0	5544	0	30802	0	2704	0	0	0	3542	0	738	0	0	0	244	0	1258	0	290	0	248	0	0	0	0	0	0	0	0	0	0	0	0	0	
187784	Temporal_Inf_R	0	636	0	534	0	0	0	0	0	0	0	0	0	0	0	0	0	206	0	474	0	0	0	0	0	0	0	0	0	2064	0	0	0	380	0	3416	0	3212	0	396	0	0	0	3120	0	3096	0	1022	0	4942	0	6260	0	4914	0	11772	0	1474	0	212	0	1224	0	4118	0	4948	0	7692	0	1394	0	0	0	176	0	0	0	0	0	176	0	3866	0	2522	0	15904	0	1632	0	0	0	1470	0	118	0	0	0	0	0	156	0	180	0	186	0	0	0	0	0	0	0	0	0	0	0	0	
353104	Cerebelum_Crus1_L	0	0	0	0	0	0	0	0	0	0	0	0	0	0	0	0	0	0	0	0	0	0	0	0	0	0	0	0	138	0	0	0	0	0	0	0	752	0	298	0	0	0	0	0	0	0	5004	226	0	0	0	0	0	0	21466	0	0	0	0	0	0	0	0	0	0	0	0	0	0	0	0	0	228	0	0	0	0	0	0	0	0	0	0	0	0	0	0	0	3542	0	0	672	30144	1704	1034	0	17030	0	49774	302	12112	252	16168	1844	2592	860	1084	0	0	0	930	3016	3302	1102	976	0	
321404	Cerebelum_Crus1_R	0	0	0	0	0	0	0	0	0	0	0	0	0	0	0	0	0	0	0	0	0	0	0	0	0	0	0	0	0	0	0	0	0	0	0	0	0	0	0	118	0	0	0	0	0	0	158	5466	0	0	0	0	0	0	0	9722	0	0	0	0	0	0	0	0	0	0	0	0	0	0	0	0	0	0	0	0	0	0	0	0	0	0	0	0	0	0	0	0	0	1470	672	0	2752	24024	0	2084	498	15204	466	47092	310	9490	516	15408	0	1068	0	0	0	1298	7552	7090	6632	744	868	0	
244184	Cerebelum_Crus2_L	0	0	0	0	0	0	0	0	0	0	0	0	0	0	0	0	0	0	0	0	0	0	0	0	0	0	0	0	0	0	0	0	0	0	0	0	0	0	0	0	0	0	0	0	0	0	0	0	0	0	0	0	0	0	1308	0	0	0	0	0	0	0	0	0	0	0	0	0	0	0	0	0	0	0	0	0	0	0	0	0	0	0	0	0	0	0	0	0	738	0	30144	2752	0	5454	0	0	664	0	4902	866	27802	1346	26790	3722	4548	684	1704	0	0	0	0	796	5426	1968	478	0	
196760	Cerebelum_Crus2_R	0	0	0	0	0	0	0	0	0	0	0	0	0	0	0	0	0	0	0	0	0	0	0	0	0	0	0	0	0	0	0	0	0	0	0	0	0	0	0	0	0	0	0	0	0	0	0	0	0	0	0	0	0	0	0	0	0	0	0	0	0	0	0	0	0	0	0	0	0	0	0	0	0	0	0	0	0	0	0	0	0	0	0	0	0	0	0	0	0	118	1704	24024	5454	0	0	0	0	794	292	3094	2374	19934	2614	25082	0	1644	0	0	0	0	0	656	8494	1330	772	0	
22536	Cerebelum_3_L	0	0	0	0	0	0	0	0	0	0	0	0	0	0	0	0	0	0	0	0	0	0	0	0	0	0	0	0	0	0	0	0	0	0	0	0	0	0	0	0	0	0	0	0	0	0	264	0	0	0	0	0	0	0	170	0	0	0	0	0	0	0	0	0	0	0	0	0	0	0	0	0	0	0	0	0	0	0	0	0	0	0	0	0	0	0	0	0	0	0	1034	0	0	0	0	0	4696	0	2242	0	0	0	0	0	470	270	0	0	250	518	462	678	0	0	214	0	
49904	Cerebelum_3_R	0	0	0	0	0	0	0	0	0	0	0	0	0	0	0	0	0	0	0	0	0	0	0	0	0	0	0	0	0	0	0	0	0	0	0	0	0	0	0	0	0	0	0	0	0	0	0	370	0	0	0	0	0	0	0	116	0	0	0	0	0	0	0	0	0	0	0	0	0	0	0	0	0	0	0	0	0	0	0	0	0	0	0	0	0	0	0	0	0	0	0	2084	0	0	0	0	356	5170	764	5100	0	0	0	214	520	840	0	0	560	5192	1216	1816	0	156	478	0	
186708	Cerebelum_4_5_L	0	0	0	0	0	0	0	0	0	0	0	0	0	0	0	0	0	0	0	0	0	0	0	0	0	0	0	0	0	0	0	0	0	0	0	0	216	0	294	0	0	0	0	0	0	0	9170	430	0	0	0	0	118	0	12910	228	0	0	0	0	0	0	0	0	0	0	0	0	0	0	0	0	0	0	0	0	0	0	0	0	0	0	0	0	0	0	0	0	244	0	17030	498	664	0	4696	356	0	636	29022	708	234	0	490	0	2762	682	126	132	494	916	6566	2212	0	306	658	556	
150996	Cerebelum_4_5_R	0	0	0	0	0	0	0	0	0	0	0	0	0	0	0	0	0	0	0	0	0	0	0	0	0	0	0	0	0	122	0	0	0	0	0	0	0	1198	0	1886	0	166	0	0	0	0	136	2852	0	0	0	0	0	0	0	4862	0	0	0	0	0	0	0	0	0	0	0	0	0	0	0	0	0	516	0	0	0	0	0	0	0	0	0	0	0	0	0	0	0	0	0	15204	0	794	0	5170	636	0	306	25386	0	128	0	1056	160	160	0	0	126	2572	9874	1268	494	200	226	0	
331728	Cerebelum_6_L	0	0	0	0	0	0	0	0	0	0	0	0	0	0	0	0	0	0	0	0	0	0	0	0	0	0	0	0	440	0	0	0	0	0	0	0	1300	0	484	0	0	0	0	0	0	0	10926	554	0	0	0	0	308	0	27426	178	0	0	0	0	0	0	0	0	0	0	0	0	0	0	0	0	282	0	0	0	0	0	0	0	0	0	0	0	0	0	0	0	1258	0	49774	466	4902	292	2242	764	29022	306	0	728	3154	0	3996	454	5004	2174	606	202	428	1034	4180	7944	1098	1012	2260	666	
278128	Cerebelum_6_R	0	0	0	0	0	0	0	0	0	0	0	0	0	0	0	0	0	0	0	0	0	0	0	0	0	0	0	0	0	0	0	0	0	0	0	0	0	414	0	568	0	0	0	0	0	0	260	7642	0	0	0	0	0	0	210	12518	0	0	0	0	0	0	0	0	0	0	0	0	0	0	0	0	0	234	0	0	0	0	0	0	0	0	0	0	0	0	0	0	0	156	302	47092	866	3094	0	5100	708	25386	728	0	0	1192	126	3744	216	532	0	0	0	2530	10560	9838	3578	716	754	0	
193208	Cerebelum_7b_L	0	0	0	0	0	0	0	0	0	0	0	0	0	0	0	0	0	0	0	0	0	0	0	0	0	0	0	0	0	0	0	0	0	0	0	0	0	0	0	0	0	0	0	0	0	0	0	0	0	0	0	0	0	0	250	0	0	0	0	0	0	0	0	0	0	0	0	0	0	0	0	0	0	0	0	0	0	0	0	0	0	0	0	0	0	0	0	0	290	0	12112	310	27802	2374	0	0	234	0	3154	0	0	480	30584	3196	6382	708	802	0	0	0	0	308	3858	3220	540	0	
121648	Cerebelum_7b_R	0	0	0	0	0	0	0	0	0	0	0	0	0	0	0	0	0	0	0	0	0	0	0	0	0	0	0	0	0	0	0	0	0	0	0	0	0	0	0	0	0	0	0	0	0	0	0	0	0	0	0	0	0	0	0	0	0	0	0	0	0	0	0	0	0	0	0	0	0	0	0	0	0	0	0	0	0	0	0	0	0	0	0	0	0	0	0	0	0	180	252	9490	1346	19934	0	0	0	128	0	1192	480	0	596	22914	0	1582	0	0	0	0	0	178	1986	566	0	0	
246700	Cerebelum_8_L	0	0	0	0	0	0	0	0	0	0	0	0	0	0	0	0	0	0	0	0	0	0	0	0	0	0	0	0	0	0	0	0	0	0	0	0	0	0	0	0	0	0	0	0	0	0	136	0	0	0	0	0	0	0	402	0	0	0	0	0	0	0	0	0	0	0	0	0	0	0	0	0	0	0	0	0	0	0	0	0	0	0	0	0	0	0	0	0	248	0	16168	516	26790	2614	0	0	490	0	3996	126	30584	596	0	5300	15546	2190	2754	0	0	0	0	716	5822	6064	2292	0	
222552	Cerebelum_8_R	0	0	0	0	0	0	0	0	0	0	0	0	0	0	0	0	0	0	0	0	0	0	0	0	0	0	0	0	0	0	0	0	0	0	0	0	0	0	0	0	0	0	0	0	0	0	0	148	0	0	0	0	0	0	0	152	0	0	0	0	0	0	0	0	0	0	0	0	0	0	0	0	0	0	0	0	0	0	0	0	0	0	0	0	0	0	0	0	0	186	1844	15408	3722	25082	0	214	0	1056	454	3744	3196	22914	5300	0	858	10330	0	180	0	190	0	874	8722	4394	2308	0	
116164	Cerebelum_9_L	0	0	0	0	0	0	0	0	0	0	0	0	0	0	0	0	0	0	0	0	0	0	0	0	0	0	0	0	0	0	0	0	0	0	0	0	0	0	0	0	0	0	0	0	0	0	0	0	0	0	0	0	0	0	0	0	0	0	0	0	0	0	0	0	0	0	0	0	0	0	0	0	0	0	0	0	0	0	0	0	0	0	0	0	0	0	0	0	0	0	2592	0	4548	0	470	520	2762	160	5004	216	6382	0	15546	858	0	2874	4358	178	340	736	1140	3572	518	1338	2766	1204	
98068	Cerebelum_9_R	0	0	0	0	0	0	0	0	0	0	0	0	0	0	0	0	0	0	0	0	0	0	0	0	0	0	0	0	0	0	0	0	0	0	0	0	0	0	0	0	0	0	0	0	0	0	0	0	0	0	0	0	0	0	0	0	0	0	0	0	0	0	0	0	0	0	0	0	0	0	0	0	0	0	0	0	0	0	0	0	0	0	0	0	0	0	0	0	0	0	860	1068	684	1644	270	840	682	160	2174	532	708	1582	2190	10330	2874	0	202	1302	650	1258	836	3604	3210	3678	5892	1804	
24168	Cerebelum_10_L	0	0	0	0	0	0	0	0	0	0	0	0	0	0	0	0	0	0	0	0	0	0	0	0	0	0	0	0	0	0	0	0	0	0	0	0	0	0	0	0	0	0	0	0	0	0	0	0	0	0	0	0	0	0	0	0	0	0	0	0	0	0	0	0	0	0	0	0	0	0	0	0	0	0	0	0	0	0	0	0	0	0	0	0	0	0	0	0	0	0	1084	0	1704	0	0	0	126	0	606	0	802	0	2754	0	4358	202	0	0	0	0	0	270	0	0	178	0	
6924	Cerebelum_10_R	0	0	0	0	0	0	0	0	0	0	0	0	0	0	0	0	0	0	0	0	0	0	0	0	0	0	0	0	0	0	0	0	0	0	0	0	0	0	0	0	0	0	0	0	0	0	0	0	0	0	0	0	0	0	0	0	0	0	0	0	0	0	0	0	0	0	0	0	0	0	0	0	0	0	0	0	0	0	0	0	0	0	0	0	0	0	0	0	0	0	0	0	0	0	0	0	132	0	202	0	0	0	0	180	178	1302	0	0	0	138	0	346	192	382	410	0	
19316	Vermis_1_2	0	0	0	0	0	0	0	0	0	0	0	0	0	0	0	0	0	0	0	0	0	0	0	0	0	0	0	0	0	0	0	0	0	0	0	0	0	0	128	0	0	0	0	0	0	0	0	0	0	0	0	0	0	0	0	0	0	0	0	0	0	0	0	0	0	0	0	0	0	0	0	0	0	0	0	0	0	0	0	0	0	0	0	0	0	0	0	0	0	0	0	0	0	0	250	560	494	126	428	0	0	0	0	0	340	650	0	0	0	3956	1418	786	0	0	392	130	
53240	Vermis_3	0	0	0	0	0	0	0	0	0	0	0	0	0	0	0	0	0	0	0	0	0	0	0	0	0	0	0	0	0	0	0	0	0	0	0	0	0	0	242	118	0	0	0	0	0	0	0	338	0	0	0	0	0	0	0	0	0	0	0	0	0	0	0	0	0	0	0	0	0	0	0	0	0	0	0	0	0	0	0	0	0	0	0	0	0	0	0	0	0	0	0	1298	0	0	518	5192	916	2572	1034	2530	0	0	0	190	736	1258	0	138	3956	0	2264	2258	0	164	728	170	
122240	Vermis_4_5	0	0	0	0	0	0	0	0	0	0	0	0	0	0	0	0	0	0	0	0	0	0	0	0	0	0	0	0	0	0	0	0	0	0	0	252	0	252	0	0	0	0	0	0	0	0	1980	2292	0	0	0	0	0	0	1270	1806	0	0	0	0	0	0	0	0	0	0	0	242	0	0	0	0	0	0	0	0	0	0	0	0	0	0	0	0	0	0	0	0	0	0	930	7552	0	0	462	1216	6566	9874	4180	10560	0	0	0	0	1140	836	0	0	1418	2264	0	3994	0	0	618	1416	
142304	Vermis_6	0	0	0	0	0	0	0	0	0	0	0	0	0	0	0	0	0	0	0	0	0	0	0	0	0	0	0	0	0	0	0	0	0	0	0	0	0	0	0	0	0	0	0	0	0	0	998	4202	0	0	0	0	0	0	1372	2644	0	0	0	0	0	0	0	0	0	0	0	0	0	0	0	0	0	0	0	0	0	0	0	0	0	0	0	0	0	0	0	0	0	0	3016	7090	796	656	678	1816	2212	1268	7944	9838	308	178	716	874	3572	3604	270	346	786	2258	3994	0	2228	1392	3650	2446	
