data	data	697088	292256	963244	704480	144900	88616	367164	441188	130316	49320	183032	189356	196376	180960	163712	103552	173692	81376	851808	762360	76624	67916	323080	314388	37264	75968	49060	56872	548248	318920	256744	470172	176792	665176	190460	210580	185588	325880	79368	204680	28120	51724	324932	397736	214652	257728	247312	337128	213044	282848	370500	244760	100696	146800	334564	541196	262356	317716	215376	118264	237244	121884	112748	87136	146588	152432	465684	511120	613812	498700	410248	293212	326388	313108	56836	21868	232104	224172	94236	19192	227044	106300	60580	40552	298288	291188	32492	21620	262208	317552	460284	411840	269144	256008	40928	116616	290932	251468	419852	403112	184952	122396	266248	243268	83660	85412	25328	14320	18268	63984	278352	203320	203440	107512	53680	20912	
data	data	Precentral_L	Precentral_R	Frontal_Sup_L	Frontal_Sup_R	Frontal_Sup_Orb_L	Frontal_Sup_Orb_R	Frontal_Mid_L	Frontal_Mid_R	Frontal_Mid_Orb_L	Frontal_Mid_Orb_R	Frontal_Inf_Oper_L	Frontal_Inf_Oper_R	Frontal_Inf_Tri_L	Frontal_Inf_Tri_R	Frontal_Inf_Orb_L	Frontal_Inf_Orb_R	Rolandic_Oper_L	Rolandic_Oper_R	Supp_Motor_Area_L	Supp_Motor_Area_R	Olfactory_L	Olfactory_R	Frontal_Sup_Medial_L	Frontal_Sup_Medial_R	Frontal_Med_Orb_L	Frontal_Med_Orb_R	Rectus_L	Rectus_R	Insula_L	Insula_R	Cingulum_Ant_L	Cingulum_Ant_R	Cingulum_Mid_L	Cingulum_Mid_R	Cingulum_Post_L	Cingulum_Post_R	Hippocampus_L	Hippocampus_R	ParaHippocampal_L	ParaHippocampal_R	Amygdala_L	Amygdala_R	Calcarine_L	Calcarine_R	Cuneus_L	Cuneus_R	Lingual_L	Lingual_R	Occipital_Sup_L	Occipital_Sup_R	Occipital_Mid_L	Occipital_Mid_R	Occipital_Inf_L	Occipital_Inf_R	Fusiform_L	Fusiform_R	Postcentral_L	Postcentral_R	Parietal_Sup_L	Parietal_Sup_R	Parietal_Inf_L	Parietal_Inf_R	SupraMarginal_L	SupraMarginal_R	Angular_L	Angular_R	Precuneus_L	Precuneus_R	Paracentral_Lobule_L	Paracentral_Lobule_R	Caudate_L	Caudate_R	Putamen_L	Putamen_R	Pallidum_L	Pallidum_R	Thalamus_L	Thalamus_R	Heschl_L	Heschl_R	Temporal_Sup_L	Temporal_Sup_R	Temporal_Pole_Sup_L	Temporal_Pole_Sup_R	Temporal_Mid_L	Temporal_Mid_R	Temporal_Pole_Mid_L	Temporal_Pole_Mid_R	Temporal_Inf_L	Temporal_Inf_R	Cerebelum_Crus1_L	Cerebelum_Crus1_R	Cerebelum_Crus2_L	Cerebelum_Crus2_R	Cerebelum_3_L	Cerebelum_3_R	Cerebelum_4_5_L	Cerebelum_4_5_R	Cerebelum_6_L	Cerebelum_6_R	Cerebelum_7b_L	Cerebelum_7b_R	Cerebelum_8_L	Cerebelum_8_R	Cerebelum_9_L	Cerebelum_9_R	Cerebelum_10_L	Cerebelum_10_R	Vermis_1_2	Vermis_3	Vermis_4_5	Vermis_6	Vermis_7	Vermis_8	Vermis_9	Vermis_10	
697088	Precentral_L	0	9104	36734	5942	0	0	17746	7532	0	0	10742	504	2326	0	0	0	8686	112	30202	10450	114	0	0	0	0	0	0	0	14146	352	1080	110	200	10556	3744	2354	3420	1342	208	496	0	0	3486	248	0	140	0	134	0	654	1252	678	0	386	620	710	24904	3126	1490	0	4718	318	1884	232	250	390	4636	4666	40554	10442	20440	528	7318	200	1714	232	17282	2110	3946	0	3252	154	0	0	1574	1422	0	0	2340	718	0	0	0	0	0	0	0	0	0	0	0	0	0	0	0	0	0	0	0	0	1194	0	0	0	0	0	
292256	Precentral_R	9104	0	6896	4450	0	0	0	9284	0	0	0	9062	0	0	0	0	0	2094	8566	6662	0	0	0	0	0	0	0	0	0	4286	0	0	374	1006	480	490	104	3740	0	862	0	0	0	0	0	0	0	0	0	0	0	0	0	102	0	2850	0	18800	0	0	0	522	0	2460	0	264	0	436	4846	6940	606	7970	0	3538	0	426	2622	20056	0	358	0	1980	0	120	0	1246	0	0	0	2166	0	132	0	0	0	0	0	228	0	0	0	0	0	0	0	0	0	0	0	0	0	0	0	0	0	0	
963244	Frontal_Sup_L	36734	6896	0	12836	6264	0	56220	6372	4486	0	11234	490	14948	274	6696	0	10286	134	96500	17222	298	0	36498	6068	562	174	0	0	34218	148	14694	6244	4856	3954	0	0	1648	0	0	0	0	0	0	0	0	0	0	0	0	0	0	0	0	0	286	0	4422	1164	0	0	304	0	170	0	0	0	140	0	9438	1550	21068	950	22426	550	4424	188	7572	1206	2666	0	5296	0	140	0	168	0	0	0	540	0	0	0	0	0	0	0	0	0	0	0	0	0	0	0	0	0	0	0	0	0	0	0	0	0	0	0	
704480	Frontal_Sup_R	5942	4450	12836	0	0	3778	8306	62334	0	882	2450	9612	998	14664	0	7326	98	6514	16670	44182	0	0	12130	32912	0	1644	0	0	1454	13306	3814	33770	1318	15660	0	0	0	668	0	238	0	0	0	0	0	0	0	0	0	0	0	0	0	0	0	366	0	516	0	0	0	0	0	146	0	0	0	0	282	184	6774	10840	554	9422	0	802	0	4062	0	194	0	0	0	0	0	0	0	0	0	142	0	0	0	0	0	0	0	0	0	0	0	0	0	0	0	0	0	0	0	0	0	0	0	0	0	0	
144900	Frontal_Sup_Orb_L	0	0	6264	0	0	0	2258	0	14756	0	0	0	1240	0	11694	0	0	0	914	0	2198	320	2894	510	2104	254	4478	118	10536	0	2726	186	0	0	0	0	238	0	110	0	132	0	0	0	0	0	0	0	0	0	0	0	0	0	0	0	0	0	0	0	0	0	0	0	0	0	0	0	0	0	500	100	7500	0	0	0	0	0	0	0	0	0	420	0	0	0	0	0	0	0	0	0	0	0	0	0	0	0	0	0	0	0	0	0	0	0	0	0	0	0	0	0	0	0	0	0	
88616	Frontal_Sup_Orb_R	0	0	0	3778	0	0	0	1076	0	7244	0	118	0	732	0	5510	0	0	0	540	112	614	262	3066	670	6214	0	5328	0	2236	196	604	0	0	0	0	0	0	0	0	0	0	0	0	0	0	0	0	0	0	0	0	0	0	0	0	0	0	0	0	0	0	0	0	0	0	0	0	0	0	0	834	0	5174	0	0	0	0	0	0	0	0	0	0	0	0	0	0	0	0	0	0	0	0	0	0	0	0	0	0	0	0	0	0	0	0	0	0	0	0	0	0	0	0	0	0	
367164	Frontal_Mid_L	17746	0	56220	8306	2258	0	0	8186	3644	0	9722	0	20904	106	4616	0	1074	136	13556	1656	0	0	8440	824	0	0	0	0	8596	142	5460	958	3278	708	0	0	0	0	0	0	0	0	0	0	0	0	0	0	0	0	0	0	0	0	0	0	434	0	0	0	0	0	0	0	0	0	0	0	280	290	2686	448	1338	0	0	174	174	210	374	0	426	0	0	0	0	0	0	0	212	0	0	0	0	0	0	0	0	0	0	0	0	0	0	0	0	0	0	0	0	0	0	0	0	0	0	0	
441188	Frontal_Mid_R	7532	9284	6372	62334	0	1076	8186	0	0	1252	2832	13138	1030	18522	0	6356	132	5108	6982	8316	0	0	990	6070	0	0	0	0	570	11690	1004	14906	572	3794	0	0	0	690	0	198	0	0	0	0	0	0	0	0	0	0	0	0	0	0	0	516	0	3438	0	0	0	0	0	0	0	0	0	0	246	236	3644	5592	388	3470	0	670	122	2136	0	194	0	138	0	0	0	286	0	0	0	582	0	0	0	0	0	0	0	0	0	0	0	0	0	0	0	0	0	0	0	0	0	0	0	0	0	0	
130316	Frontal_Mid_Orb_L	0	0	4486	0	14756	0	3644	0	0	0	0	0	4106	0	16534	0	0	0	1168	0	1148	152	176	0	210	0	2242	0	10832	0	358	0	0	0	0	0	0	0	0	0	0	0	0	0	0	0	0	0	0	0	0	0	0	0	0	0	0	0	0	0	0	0	0	0	0	0	0	0	0	0	294	0	4692	0	0	0	0	0	0	0	0	0	360	0	0	0	0	0	0	0	0	0	0	0	0	0	0	0	0	0	0	0	0	0	0	0	0	0	0	0	0	0	0	0	0	0	
49320	Frontal_Mid_Orb_R	0	0	0	882	0	7244	0	1252	0	0	0	0	0	742	0	6944	0	0	0	0	0	236	0	228	0	1082	0	1052	0	2178	0	168	0	0	0	0	0	0	0	0	0	0	0	0	0	0	0	0	0	0	0	0	0	0	0	0	0	0	0	0	0	0	0	0	0	0	0	0	0	0	0	276	0	2146	0	0	0	0	0	0	0	0	0	230	0	0	0	0	0	0	0	0	0	0	0	0	0	0	0	0	0	0	0	0	0	0	0	0	0	0	0	0	0	0	0	0	
183032	Frontal_Inf_Oper_L	10742	0	11234	2450	0	0	9722	2832	0	0	0	0	9784	0	180	0	8488	300	7650	270	0	0	0	0	0	0	0	0	13036	320	876	102	0	0	0	0	0	0	0	0	0	0	0	0	0	0	0	0	0	0	0	0	0	0	0	0	2326	0	0	0	0	0	0	0	0	0	0	0	246	0	2870	354	984	98	132	0	242	0	1104	0	3960	0	1214	0	0	0	0	0	0	0	0	0	0	0	0	0	0	0	0	0	0	0	0	0	0	0	0	0	0	0	0	0	0	0	0	0	
189356	Frontal_Inf_Oper_R	504	9062	490	9612	0	118	0	13138	0	0	0	0	0	10148	0	250	0	2924	844	2436	0	0	566	1140	0	0	0	0	0	11954	0	6066	126	1738	188	196	0	2140	0	740	0	0	0	0	0	0	0	0	0	0	0	0	0	0	0	1180	0	4742	0	0	0	0	0	0	0	0	0	0	110	116	0	1032	0	8052	0	342	144	1920	0	0	0	560	0	344	0	518	0	0	0	884	0	0	0	0	0	0	0	354	0	0	0	0	0	0	0	0	0	0	0	0	0	0	0	0	0	0	
196376	Frontal_Inf_Tri_L	2326	0	14948	998	1240	0	20904	1030	4106	0	9784	0	0	0	11822	0	584	274	6116	272	0	0	2160	246	0	0	0	0	14568	284	1506	918	288	100	0	0	0	0	0	0	0	0	0	0	0	0	0	0	0	0	0	0	0	0	0	0	0	0	0	0	0	0	0	0	0	0	0	0	0	0	1572	198	1380	0	0	0	0	0	154	0	100	0	310	0	0	0	0	0	0	0	0	0	0	0	0	0	0	0	0	0	0	0	0	0	0	0	0	0	0	0	0	0	0	0	0	0	
180960	Frontal_Inf_Tri_R	0	0	274	14664	0	732	106	18522	0	742	0	10148	0	0	0	9588	0	162	844	2786	0	0	694	3096	0	0	0	0	0	12710	142	9702	102	2608	0	0	0	0	0	0	0	0	0	0	0	0	0	0	0	0	0	0	0	0	0	0	0	0	0	0	0	0	0	0	0	0	0	0	0	0	314	356	276	1912	0	0	0	0	0	0	0	0	0	0	0	0	0	0	0	0	0	0	0	0	0	0	0	0	0	0	0	0	0	0	0	0	0	0	0	0	0	0	0	0	0	0	
163712	Frontal_Inf_Orb_L	0	0	6696	0	11694	0	4616	0	16534	0	180	0	11822	0	0	0	0	0	1866	0	2144	0	518	0	0	0	730	0	16372	0	356	234	0	0	0	0	824	0	248	0	496	0	0	0	0	0	0	0	0	0	0	0	0	0	0	0	0	0	0	0	0	0	0	0	0	0	0	0	0	0	164	0	5248	0	0	0	0	0	0	0	0	0	1114	0	0	0	0	0	0	0	0	0	0	0	0	0	0	0	0	0	0	0	0	0	0	0	0	0	0	0	0	0	0	0	0	0	
103552	Frontal_Inf_Orb_R	0	0	0	7326	0	5510	0	6356	0	6944	0	250	0	9588	0	0	0	0	0	308	0	468	98	1186	0	0	0	380	0	8748	0	1840	0	120	0	0	0	0	0	0	0	0	0	0	0	0	0	0	0	0	0	0	0	0	0	0	0	0	0	0	0	0	0	0	0	0	0	0	0	0	0	372	0	1690	0	0	0	0	0	0	0	0	0	444	0	148	0	0	0	0	0	0	0	0	0	0	0	0	0	0	0	0	0	0	0	0	0	0	0	0	0	0	0	0	0	0	
173692	Rolandic_Oper_L	8686	0	10286	98	0	0	1074	132	0	0	8488	0	584	0	0	0	0	0	6568	530	0	0	0	0	0	0	0	0	13718	0	0	0	0	0	0	0	0	0	0	0	0	0	0	0	0	0	0	0	0	0	394	0	0	0	0	0	8766	0	804	0	1082	0	1608	0	202	0	228	0	2524	502	636	0	446	0	0	0	218	0	6484	0	10122	0	678	0	1420	0	0	0	568	0	0	0	0	0	0	0	0	0	0	0	0	0	0	0	0	0	0	0	0	0	0	0	0	0	0	0	
81376	Rolandic_Oper_R	112	2094	134	6514	0	0	136	5108	0	0	300	2924	274	162	0	0	0	0	408	1832	0	0	0	0	0	0	0	0	0	10416	0	108	0	0	0	0	0	214	0	0	0	0	0	0	0	0	0	0	0	0	0	0	0	0	0	142	0	2600	0	0	0	0	0	1396	0	0	0	0	0	158	280	142	0	1388	0	0	0	366	0	1146	0	1792	0	260	0	152	0	0	0	130	0	0	0	0	0	0	0	0	0	0	0	0	0	0	0	0	0	0	0	0	0	0	0	0	0	0	
851808	Supp_Motor_Area_L	30202	8566	96500	16670	914	0	13556	6982	1168	0	7650	844	6116	844	1866	0	6568	408	0	45280	154	0	8506	4678	0	0	0	0	25982	540	8844	9726	11296	21634	496	100	520	218	0	0	0	0	0	0	0	0	0	0	0	0	0	0	0	0	174	0	2100	1406	0	0	0	0	0	106	0	0	280	0	19802	3540	23992	2964	17646	1194	1558	210	5870	1230	1158	0	4924	0	184	0	268	0	0	0	470	0	0	0	0	0	0	0	0	0	0	0	0	0	0	0	0	0	0	0	0	0	0	0	0	0	0	0	
762360	Supp_Motor_Area_R	10450	6662	17222	44182	0	540	1656	8316	0	0	270	2436	272	2786	0	308	530	1832	45280	0	0	0	2618	10444	0	116	0	0	244	4998	1414	19832	9042	49008	688	1836	0	1290	0	348	0	0	332	548	224	412	0	0	0	0	162	738	0	554	0	788	254	6342	0	0	0	460	0	1168	0	384	1066	2608	30572	38876	5626	18428	1410	9110	1018	2184	612	9430	202	150	208	388	0	0	0	1276	0	0	0	1030	0	0	0	0	0	0	0	0	0	0	0	0	0	0	0	0	0	0	0	0	0	0	0	0	0	0	
76624	Olfactory_L	114	0	298	0	2198	112	0	0	1148	0	0	0	0	0	2144	0	0	0	154	0	0	5058	210	0	662	0	3156	1550	2714	178	2880	1456	0	0	0	0	806	0	498	0	804	0	0	0	0	0	0	0	0	0	0	0	0	0	144	0	106	0	0	0	0	0	0	0	0	0	0	0	0	0	6422	3308	1520	168	0	0	0	0	0	0	0	0	504	0	0	0	0	0	0	0	0	0	0	0	0	0	0	0	0	0	0	0	0	0	0	0	0	0	0	0	0	0	0	0	0	0	
67916	Olfactory_R	0	0	0	0	320	614	0	0	152	236	0	0	0	0	0	468	0	0	0	0	5058	0	0	0	0	530	2270	2508	0	2216	2162	1802	0	0	0	0	0	394	0	298	0	756	0	0	0	0	0	0	0	0	0	0	0	0	0	0	0	0	0	0	0	0	0	0	0	0	0	0	0	0	5918	4820	1910	1366	0	0	0	0	0	0	0	0	0	160	0	0	0	0	0	0	0	0	0	0	0	0	0	0	0	0	0	0	0	0	0	0	0	0	0	0	0	0	0	0	0	0	
323080	Frontal_Sup_Medial_L	0	0	36498	12130	2894	262	8440	990	176	0	0	566	2160	694	518	98	0	0	8506	2618	210	0	0	23574	2076	858	376	0	6662	104	18466	15958	2782	7318	0	0	0	0	0	0	0	0	0	0	0	0	0	0	0	0	0	0	0	0	0	0	0	0	0	0	0	0	0	0	0	0	0	0	0	0	1020	198	5286	102	0	0	0	0	0	0	0	0	0	0	0	0	0	0	0	0	0	0	0	0	0	0	0	0	0	0	0	0	0	0	0	0	0	0	0	0	0	0	0	0	0	0	
314388	Frontal_Sup_Medial_R	0	0	6068	32912	510	3066	824	6070	0	228	0	1140	246	3096	0	1186	0	0	4678	10444	0	0	23574	0	1048	5342	0	792	1030	2060	6220	26072	564	12512	0	0	0	0	0	0	0	0	0	0	0	0	0	0	0	0	0	0	0	0	0	0	0	0	0	0	0	0	0	0	0	0	0	0	0	0	154	2826	254	4278	0	0	0	0	0	0	0	0	0	0	0	0	0	0	0	0	0	0	0	0	0	0	0	0	0	0	0	0	0	0	0	0	0	0	0	0	0	0	0	0	0	0	
37264	Frontal_Med_Orb_L	0	0	562	0	2104	670	0	0	210	0	0	0	0	0	0	0	0	0	0	0	662	0	2076	1048	0	2094	1596	186	142	0	4796	1306	0	0	0	0	0	0	0	0	0	0	0	0	0	0	0	0	0	0	0	0	0	0	0	0	0	0	0	0	0	0	0	0	0	0	0	0	0	0	712	0	468	0	0	0	0	0	0	0	0	0	0	0	0	0	0	0	0	0	0	0	0	0	0	0	0	0	0	0	0	0	0	0	0	0	0	0	0	0	0	0	0	0	0	0	
75968	Frontal_Med_Orb_R	0	0	174	1644	254	6214	0	0	0	1082	0	0	0	0	0	0	0	0	0	116	0	530	858	5342	2094	0	148	6094	0	0	2096	5798	0	0	0	0	0	0	0	0	0	0	0	0	0	0	0	0	0	0	0	0	0	0	0	0	0	0	0	0	0	0	0	0	0	0	0	0	0	0	0	1760	0	3780	0	0	0	0	0	0	0	0	0	0	0	0	0	0	0	0	0	0	0	0	0	0	0	0	0	0	0	0	0	0	0	0	0	0	0	0	0	0	0	0	0	0	
49060	Rectus_L	0	0	0	0	4478	0	0	0	2242	0	0	0	0	0	730	0	0	0	0	0	3156	2270	376	0	1596	148	0	912	280	0	2782	954	0	0	0	0	0	0	0	0	0	0	0	0	0	0	0	0	0	0	0	0	0	0	0	0	0	0	0	0	0	0	0	0	0	0	0	0	0	0	2664	1266	676	0	0	0	0	0	0	0	0	0	0	0	0	0	0	0	0	0	0	0	0	0	0	0	0	0	0	0	0	0	0	0	0	0	0	0	0	0	0	0	0	0	0	0	
56872	Rectus_R	0	0	0	0	118	5328	0	0	0	1052	0	0	0	0	0	380	0	0	0	0	1550	2508	0	792	186	6094	912	0	0	388	1152	3268	0	0	0	0	0	0	0	0	0	0	0	0	0	0	0	0	0	0	0	0	0	0	0	0	0	0	0	0	0	0	0	0	0	0	0	0	0	0	1296	1892	340	1180	0	0	0	0	0	0	0	0	0	0	0	0	0	0	0	0	0	0	0	0	0	0	0	0	0	0	0	0	0	0	0	0	0	0	0	0	0	0	0	0	0	0	
548248	Insula_L	14146	0	34218	1454	10536	0	8596	570	10832	0	13036	0	14568	0	16372	0	13718	0	25982	244	2714	0	6662	1030	142	0	280	0	0	0	5496	2288	790	248	230	0	4852	0	1258	0	1124	0	1874	0	0	0	0	0	0	0	226	0	0	0	3046	0	2912	0	950	0	1058	0	464	0	450	0	2124	0	3804	0	4624	260	23638	0	194	0	3170	0	7550	0	13276	0	2838	0	3010	0	168	0	6536	0	0	0	0	0	0	0	0	0	0	0	0	0	0	0	0	0	0	0	0	0	566	0	0	0	0	0	
318920	Insula_R	352	4286	148	13306	0	2236	142	11690	0	2178	320	11954	284	12710	0	8748	0	10416	540	4998	178	2216	104	2060	0	0	0	388	0	0	138	3580	0	512	536	580	0	6438	0	2052	0	972	0	0	0	0	0	0	0	0	0	0	0	334	0	4430	0	3238	0	0	0	0	0	0	0	0	0	206	396	1286	342	898	0	19080	0	0	0	1262	0	2344	0	6084	0	1902	0	5382	0	112	0	7102	0	124	0	0	0	0	0	548	0	328	0	0	0	0	0	0	0	0	0	0	0	0	0	0	0	0	
256744	Cingulum_Ant_L	1080	0	14694	3814	2726	196	5460	1004	358	0	876	0	1506	142	356	0	0	0	8844	1414	2880	2162	18466	6220	4796	2096	2782	1152	5496	138	0	15416	3586	1582	332	0	0	0	0	0	0	0	0	0	0	0	0	0	0	0	0	0	0	0	0	0	0	0	0	0	0	0	0	0	0	0	0	0	0	0	7304	3186	7626	682	0	0	0	0	0	0	0	0	0	0	0	0	0	0	0	0	0	0	0	0	0	0	0	0	0	0	0	0	0	0	0	0	0	0	0	0	0	0	0	0	0	0	
470172	Cingulum_Ant_R	110	0	6244	33770	186	604	958	14906	0	168	102	6066	918	9702	234	1840	0	108	9726	19832	1456	1802	15958	26072	1306	5798	954	3268	2288	3580	15416	0	2584	19186	0	0	0	0	0	0	0	0	0	0	0	0	0	0	0	0	0	0	0	0	0	0	0	0	0	0	0	0	0	0	0	0	0	0	0	0	2574	16274	1046	9392	0	114	0	544	0	0	0	0	0	0	0	0	0	0	0	0	0	0	0	0	0	0	0	0	0	0	0	0	0	0	0	0	0	0	0	0	0	0	0	0	0	0	
176792	Cingulum_Mid_L	200	374	4856	1318	0	0	3278	572	0	0	0	126	288	102	0	0	0	0	11296	9042	0	0	2782	564	0	0	0	0	790	0	3586	2584	0	13830	4332	1224	0	0	0	0	0	0	1288	138	1210	108	0	0	1244	0	1212	186	98	0	136	0	0	132	768	134	0	0	0	0	198	0	9072	1242	7410	1584	244	0	298	0	0	0	0	0	0	0	0	0	0	0	340	210	0	0	0	0	0	0	0	0	0	0	0	0	0	0	0	0	0	0	0	0	0	0	0	0	0	0	0	0	0	0	
665176	Cingulum_Mid_R	10556	1006	3954	15660	0	0	708	3794	0	0	0	1738	100	2608	0	120	0	0	21634	49008	0	0	7318	12512	0	0	0	0	248	512	1582	19186	13830	0	5562	7636	0	340	0	0	0	0	248	3424	192	1590	0	988	0	2120	140	4388	0	3116	0	1680	280	11922	0	528	0	942	0	320	0	1442	4730	24038	32124	43748	1090	0	382	98	264	0	0	264	0	0	0	532	0	0	0	6680	0	0	0	5348	0	358	0	0	0	0	0	0	0	0	0	0	0	0	0	0	0	0	0	0	0	0	0	0	0	0	
190460	Cingulum_Post_L	3744	480	0	0	0	0	0	0	0	0	0	188	0	0	0	0	0	0	496	688	0	0	0	0	0	0	0	0	230	536	332	0	4332	5562	0	15346	6172	6022	2358	2720	0	0	3660	0	1338	0	2206	1126	512	0	500	0	0	276	1344	1812	418	1436	212	0	0	0	0	0	0	0	8586	2018	7102	3056	0	0	0	146	0	0	2980	2498	288	0	0	0	0	0	214	126	0	0	1144	780	0	132	0	0	0	0	402	444	0	0	0	0	0	0	0	0	0	0	0	0	1268	0	0	0	0	0	
210580	Cingulum_Post_R	2354	490	0	0	0	0	0	0	0	0	0	196	0	0	0	0	0	0	100	1836	0	0	0	0	0	0	0	0	0	580	0	0	1224	7636	15346	0	4050	7496	1686	3146	0	0	376	4432	668	558	190	5926	192	0	182	350	0	432	1060	2522	162	1830	0	0	0	182	0	0	0	256	3602	13928	3972	4800	0	0	0	154	0	0	3192	2928	266	0	0	0	0	0	116	532	0	0	982	2050	0	184	0	0	0	0	0	1066	0	0	0	0	0	0	0	0	0	0	0	0	2060	0	0	0	0	0	
185588	Hippocampus_L	3420	104	1648	0	238	0	0	0	0	0	0	0	0	0	824	0	0	0	520	0	806	0	0	0	0	0	0	0	4852	0	0	0	0	0	6172	4050	0	3690	10270	1852	4708	0	1748	0	0	0	3076	974	0	0	0	0	0	0	9532	298	194	0	0	0	0	0	0	0	0	0	2642	372	2148	0	1420	0	4344	0	826	0	6322	1814	1010	0	774	0	1064	0	430	0	426	0	9190	0	0	0	0	0	0	0	650	386	0	0	0	0	0	0	0	0	0	0	0	0	0	0	0	0	0	0	
325880	Hippocampus_R	1342	3740	0	668	0	0	0	690	0	0	0	2140	0	0	0	0	0	214	218	1290	0	394	0	0	0	0	0	0	0	6438	0	0	0	340	6022	7496	3690	0	1594	27782	0	8532	0	164	0	0	174	4564	0	0	0	0	0	0	928	28318	0	1066	0	0	0	0	0	0	0	0	370	2884	1032	558	0	332	0	15504	0	346	3074	8642	202	0	0	858	0	726	0	1558	0	540	874	9032	0	738	0	0	0	188	0	5228	0	1262	0	0	0	0	0	0	0	0	0	124	1064	0	0	0	0	0	
79368	ParaHippocampal_L	208	0	0	0	110	0	0	0	0	0	0	0	0	0	248	0	0	0	0	0	498	0	0	0	0	0	0	0	1258	0	0	0	0	0	2358	1686	10270	1594	0	944	1870	0	462	0	0	0	2146	662	0	0	0	0	0	0	5532	0	0	0	0	0	0	0	0	0	0	0	1684	264	126	0	0	0	550	0	0	0	1560	196	0	0	154	0	492	0	0	0	694	0	2176	0	0	0	0	0	180	0	998	250	514	0	0	0	0	0	0	0	0	0	0	0	0	0	0	0	0	0	
204680	ParaHippocampal_R	496	862	0	238	0	0	0	198	0	0	0	740	0	0	0	0	0	0	0	348	0	298	0	0	0	0	0	0	0	2052	0	0	0	0	2720	3146	1852	27782	944	0	0	6704	0	116	0	0	0	3600	0	0	0	0	0	0	456	21110	0	250	0	0	0	0	0	0	0	0	102	722	280	130	0	0	0	6266	0	236	1290	3512	0	0	0	306	0	1732	0	740	0	1652	420	4316	0	614	0	0	0	328	0	4794	0	576	0	0	0	0	0	0	0	0	0	144	268	0	0	0	0	0	
28120	Amygdala_L	0	0	0	0	132	0	0	0	0	0	0	0	0	0	496	0	0	0	0	0	804	0	0	0	0	0	0	0	1124	0	0	0	0	0	0	0	4708	0	1870	0	0	0	0	0	0	0	0	0	0	0	0	0	0	0	2146	0	0	0	0	0	0	0	0	0	0	0	0	0	0	0	0	0	222	0	0	0	304	0	0	0	0	0	556	0	0	0	406	0	1292	0	0	0	0	0	0	0	0	0	0	0	0	0	0	0	0	0	0	0	0	0	0	0	0	0	0	0	
51724	Amygdala_R	0	0	0	0	0	0	0	0	0	0	0	0	0	0	0	0	0	0	0	0	0	756	0	0	0	0	0	0	0	972	0	0	0	0	0	0	0	8532	0	6704	0	0	0	0	0	0	0	0	0	0	0	0	0	0	0	4402	0	0	0	0	0	0	0	0	0	0	0	0	0	0	0	0	0	1330	0	0	0	0	0	0	0	0	0	1488	0	140	0	1140	0	282	0	0	0	0	0	0	0	116	0	0	0	0	0	0	0	0	0	0	0	0	0	0	0	0	0	0	
324932	Calcarine_L	3486	0	0	0	0	0	0	0	0	0	0	0	0	0	0	0	0	0	0	332	0	0	0	0	0	0	0	0	1874	0	0	0	1288	248	3660	376	1748	0	462	0	0	0	0	8288	23262	6132	11682	2434	15892	1520	15480	336	7182	0	6014	176	296	0	438	0	196	0	0	0	984	0	25046	1620	2242	370	0	0	0	0	0	0	0	0	0	0	0	0	0	0	3590	0	0	0	4098	0	140	1040	0	106	0	0	1030	796	312	1172	0	0	0	0	0	288	0	0	0	0	4702	1354	0	0	0	774	
397736	Calcarine_R	248	0	0	0	0	0	0	0	0	0	0	0	0	0	0	0	0	0	0	548	0	0	0	0	0	0	0	0	0	0	0	0	138	3424	0	4432	0	164	0	116	0	0	8288	0	6160	33394	534	26962	170	29048	0	13010	0	9172	0	11586	0	840	0	2802	0	194	0	0	0	320	2736	29920	578	1852	0	0	0	0	0	0	0	0	0	0	0	0	0	0	0	3440	0	0	0	7616	0	548	0	0	0	0	0	162	0	346	0	0	0	0	0	0	0	0	0	0	120	0	0	0	0	0	
214652	Cuneus_L	0	0	0	0	0	0	0	0	0	0	0	0	0	0	0	0	0	0	0	224	0	0	0	0	0	0	0	0	0	0	0	0	1210	192	1338	668	0	0	0	0	0	0	23262	6160	0	9192	1204	856	22634	1088	6614	214	732	0	238	0	0	0	4518	0	0	0	0	0	276	0	21268	3590	820	248	0	0	0	0	0	0	0	0	0	0	0	0	0	0	652	0	0	0	128	0	0	0	0	0	0	0	0	0	0	0	0	0	0	0	0	0	0	0	0	0	0	0	0	0	0	0	
257728	Cuneus_R	140	0	0	0	0	0	0	0	0	0	0	0	0	0	0	0	0	0	0	412	0	0	0	0	0	0	0	0	0	0	0	0	108	1590	0	558	0	0	0	0	0	0	6132	33394	9192	0	266	2410	132	29974	0	8178	0	2144	0	2322	0	376	0	3908	0	194	0	0	0	368	3508	20298	198	938	0	0	0	0	0	0	0	0	0	0	0	0	0	0	0	1870	0	0	0	254	0	0	0	0	0	0	0	0	0	0	0	0	0	0	0	0	0	0	0	0	0	0	0	0	0	0	
247312	Lingual_L	0	0	0	0	0	0	0	0	0	0	0	0	0	0	0	0	0	0	0	0	0	0	0	0	0	0	0	0	0	0	0	0	0	0	2206	190	3076	174	2146	0	0	0	11682	534	1204	266	0	1092	2604	338	10526	0	6622	0	14514	0	0	0	0	0	0	0	0	0	148	0	7602	0	144	0	0	0	0	0	0	0	160	0	0	0	0	0	0	0	668	0	0	0	1732	0	12398	566	1876	258	192	176	13312	628	15260	896	150	0	174	244	0	170	0	0	0	0	7050	1750	586	0	0	342	
337128	Lingual_R	134	0	0	0	0	0	0	0	0	0	0	0	0	0	0	0	0	0	0	0	0	0	0	0	0	0	0	0	0	0	0	0	0	988	1126	5926	974	4564	662	3600	0	0	2434	26962	856	2410	1092	0	0	3126	0	3128	0	4806	444	22510	0	484	0	0	0	158	0	0	0	238	746	17016	188	608	0	0	0	0	0	0	428	628	0	0	0	0	0	0	0	790	0	0	372	3042	1344	9240	818	758	0	1756	1728	7872	2854	11862	0	232	282	652	100	0	0	0	0	506	8308	7882	1820	110	0	0	
213044	Occipital_Sup_L	0	0	0	0	0	0	0	0	0	0	0	0	0	0	0	0	0	0	0	0	0	0	0	0	0	0	0	0	0	0	0	0	1244	0	512	192	0	0	0	0	0	0	15892	170	22634	132	2604	0	0	0	23500	0	530	0	194	0	108	0	11112	0	1666	0	0	0	310	0	22150	1510	960	0	0	0	0	0	0	0	0	0	0	0	0	0	0	0	1102	0	0	0	0	0	0	0	0	0	0	0	0	0	0	0	0	0	0	0	0	0	0	0	0	0	0	0	0	0	0	0	
282848	Occipital_Sup_R	654	0	0	0	0	0	0	0	0	0	0	0	0	0	0	0	0	0	0	0	0	0	0	0	0	0	0	0	0	0	0	0	0	2120	0	0	0	0	0	0	0	0	1520	29048	1088	29974	338	3126	0	0	0	19900	0	2606	0	3972	0	3444	0	12962	0	3756	0	0	0	5644	492	14430	682	2576	0	0	0	0	0	0	0	0	0	0	0	0	0	0	0	2804	0	0	0	288	0	0	0	0	0	0	0	0	0	0	0	0	0	0	0	0	0	0	0	0	0	0	0	0	0	0	
370500	Occipital_Mid_L	1252	0	0	0	0	0	0	0	0	0	0	0	0	0	0	0	394	0	0	162	0	0	0	0	0	0	0	0	226	0	0	0	1212	140	500	182	0	0	0	0	0	0	15480	0	6614	0	10526	0	23500	0	0	0	15652	0	4010	0	5566	0	18152	0	17232	0	332	0	16238	0	18188	358	7400	192	0	0	0	0	0	0	0	0	0	0	626	0	0	0	18542	0	0	0	2094	0	180	0	0	0	0	0	0	0	300	0	0	0	0	0	0	0	0	0	0	0	0	0	0	0	0	0	
244760	Occipital_Mid_R	678	0	0	0	0	0	0	0	0	0	0	0	0	0	0	0	0	0	0	738	0	0	0	0	0	0	0	0	0	0	0	0	186	4388	0	350	0	0	0	0	0	0	336	13010	214	8178	0	3128	0	19900	0	0	0	5620	0	5882	0	1394	0	3314	0	5638	0	0	0	14358	520	8666	794	3346	0	0	0	0	0	0	0	0	0	0	0	212	0	0	0	18506	0	0	0	2854	0	170	0	0	0	0	0	0	0	0	0	0	0	0	0	0	0	0	0	0	0	0	0	0	0	0	
100696	Occipital_Inf_L	0	0	0	0	0	0	0	0	0	0	0	0	0	0	0	0	0	0	0	0	0	0	0	0	0	0	0	0	0	0	0	0	98	0	0	0	0	0	0	0	0	0	7182	0	732	0	6622	0	530	0	15652	0	0	0	6458	0	0	0	160	0	130	0	0	0	636	0	3702	0	522	0	0	0	0	0	0	0	0	0	0	0	0	0	0	0	2712	0	0	0	4114	0	350	0	102	0	0	0	0	0	470	0	0	0	0	0	0	0	0	0	0	0	0	176	0	0	0	0	
146800	Occipital_Inf_R	386	102	0	0	0	0	0	0	0	0	0	0	0	0	0	0	0	0	0	554	0	0	0	0	0	0	0	0	0	334	0	0	0	3116	276	432	0	0	0	0	0	0	0	9172	0	2144	0	4806	0	2606	0	5620	0	0	0	9510	0	1530	0	106	0	442	0	170	0	826	282	6550	696	2964	0	0	0	0	0	0	0	0	0	0	0	322	0	0	0	6092	0	0	0	10048	168	1288	148	0	0	0	0	182	264	696	0	0	0	0	0	0	0	0	0	0	322	1018	228	0	0	0	
334564	Fusiform_L	620	0	286	0	0	0	0	0	0	0	0	0	0	0	0	0	0	0	174	0	144	0	0	0	0	0	0	0	3046	0	0	0	136	0	1344	1060	9532	928	5532	456	2146	0	6014	0	238	0	14514	444	194	0	4010	0	6458	0	0	0	0	0	180	0	144	0	0	0	204	0	7968	194	1532	0	122	0	1090	0	0	0	1080	306	442	0	2186	0	2614	0	3186	0	1724	0	21536	0	23036	0	2386	0	206	0	9872	150	27138	0	150	0	126	0	134	0	0	0	0	0	1396	710	194	0	0	0	
541196	Fusiform_R	710	2850	0	366	0	0	0	516	0	0	0	1180	0	0	0	0	0	142	0	788	0	0	0	0	0	0	0	0	0	4430	0	0	0	1680	1812	2522	298	28318	0	21110	0	4402	176	11586	0	2322	0	22510	0	3972	0	5882	0	9510	0	0	0	2810	0	0	0	0	0	778	0	850	398	6918	800	2526	0	0	0	8240	0	0	226	2294	0	186	0	3352	0	4002	0	6028	0	2108	0	25874	532	22528	474	1778	0	1732	508	13112	1180	24086	0	172	114	458	0	0	0	0	0	206	3594	4666	986	0	0	0	
262356	Postcentral_L	24904	0	4422	0	0	0	434	0	0	0	2326	0	0	0	0	0	8766	0	2100	254	106	0	0	0	0	0	0	0	2912	0	0	0	0	280	418	162	194	0	0	0	0	0	296	0	0	0	0	0	108	0	5566	0	0	0	0	0	0	0	12518	0	20840	0	9478	0	1504	0	7700	112	8018	418	5598	0	382	0	0	0	908	0	4678	0	3040	0	0	0	1980	0	0	0	644	0	0	0	0	0	0	0	0	0	0	0	0	0	0	0	0	0	0	0	0	0	112	0	0	0	0	0	
317716	Postcentral_R	3126	18800	1164	516	0	0	0	3438	0	0	0	4742	0	0	0	0	0	2600	1406	6342	0	0	0	0	0	0	0	0	0	3238	0	0	132	11922	1436	1830	0	1066	0	250	0	0	0	840	0	376	0	484	0	3444	0	1394	0	1530	0	2810	0	0	0	5582	0	5876	0	13018	0	3636	252	9812	3832	26948	0	244	0	1288	0	0	156	1016	0	244	0	2150	0	0	0	5078	0	0	0	6628	0	212	0	0	0	0	0	0	0	0	0	0	0	0	0	0	0	0	0	0	0	0	0	0	0	0	
215376	Parietal_Sup_L	1490	0	0	0	0	0	0	0	0	0	0	0	0	0	0	0	804	0	0	0	0	0	0	0	0	0	0	0	950	0	0	0	768	0	212	0	0	0	0	0	0	0	438	0	4518	0	0	0	11112	0	18152	0	160	0	180	0	12518	0	0	0	25084	0	192	0	5780	0	17932	364	4952	0	0	0	0	0	0	0	0	0	0	0	696	0	0	0	1184	0	0	0	202	0	0	0	0	0	0	0	0	0	0	0	0	0	0	0	0	0	0	0	0	0	0	0	0	0	0	0	
118264	Parietal_Sup_R	0	0	0	0	0	0	0	0	0	0	0	0	0	0	0	0	0	0	0	0	0	0	0	0	0	0	0	0	0	0	0	0	134	528	0	0	0	0	0	0	0	0	0	2802	0	3908	0	0	0	12962	0	3314	0	106	0	0	0	5582	0	0	0	7988	0	1376	0	6930	1046	11052	0	978	0	0	0	0	0	0	0	0	0	0	0	0	0	0	0	258	0	0	0	168	0	0	0	0	0	0	0	0	0	0	0	0	0	0	0	0	0	0	0	0	0	0	0	0	0	0	
237244	Parietal_Inf_L	4718	0	304	0	0	0	0	0	0	0	0	0	0	0	0	0	1082	0	0	0	0	0	0	0	0	0	0	0	1058	0	0	0	0	0	0	0	0	0	0	0	0	0	196	0	0	0	0	0	1666	0	17232	0	130	0	144	0	20840	0	25084	0	0	0	12504	0	21054	0	3026	0	2604	0	556	0	98	0	0	0	136	0	236	0	1630	0	0	0	3404	0	0	0	920	0	0	0	0	0	0	0	0	0	0	0	0	0	0	0	0	0	0	0	0	0	0	0	0	0	0	0	
121884	Parietal_Inf_R	318	522	0	0	0	0	0	0	0	0	0	0	0	0	0	0	0	0	0	460	0	0	0	0	0	0	0	0	0	0	0	0	0	942	0	182	0	0	0	0	0	0	0	194	0	194	0	158	0	3756	0	5638	0	442	0	0	0	5876	0	7988	0	0	0	7554	0	18730	0	1540	368	1788	0	0	0	0	0	0	0	98	0	0	0	388	0	0	0	3390	0	0	0	416	0	0	0	0	0	0	0	0	0	0	0	0	0	0	0	0	0	0	0	0	0	0	0	0	0	0	
112748	SupraMarginal_L	1884	0	170	0	0	0	0	0	0	0	0	0	0	0	0	0	1608	0	0	0	0	0	0	0	0	0	0	0	464	0	0	0	0	0	0	0	0	0	0	0	0	0	0	0	0	0	0	0	0	0	332	0	0	0	0	0	9478	0	192	0	12504	0	0	0	6410	0	0	0	172	0	482	0	0	0	0	0	0	0	796	0	9038	0	0	0	11946	0	0	0	898	0	0	0	0	0	0	0	0	0	0	0	0	0	0	0	0	0	0	0	0	0	0	0	0	0	0	0	
87136	SupraMarginal_R	232	2460	0	146	0	0	0	0	0	0	0	0	0	0	0	0	0	1396	106	1168	0	0	0	0	0	0	0	0	0	0	0	0	0	320	0	0	0	0	0	0	0	0	0	0	0	0	0	0	0	0	0	0	0	170	0	778	0	13018	0	1376	0	7554	0	0	0	3162	0	900	258	4254	0	0	0	0	0	0	0	190	0	166	0	3578	0	0	0	1116	0	0	0	1220	0	0	0	0	0	0	0	0	0	0	0	0	0	0	0	0	0	0	0	0	0	0	0	0	0	0	
146588	Angular_L	250	0	0	0	0	0	0	0	0	0	0	0	0	0	0	0	202	0	0	0	0	0	0	0	0	0	0	0	450	0	0	0	198	0	0	0	0	0	0	0	0	0	984	0	276	0	148	0	310	0	16238	0	636	0	204	0	1504	0	5780	0	21054	0	6410	0	0	0	1358	0	440	0	0	0	0	0	0	0	0	0	0	0	2978	0	0	0	13048	0	0	0	826	0	0	0	0	0	0	0	0	0	0	0	0	0	0	0	0	0	0	0	0	0	0	0	0	0	0	0	
152432	Angular_R	390	264	0	0	0	0	0	0	0	0	0	0	0	0	0	0	0	0	0	384	0	0	0	0	0	0	0	0	0	0	0	0	0	1442	0	256	0	0	0	0	0	0	0	320	0	368	0	238	0	5644	0	14358	0	826	0	850	0	3636	0	6930	0	18730	0	3162	0	0	0	2580	504	2516	0	0	0	0	0	0	0	120	0	0	0	1856	0	0	0	9450	0	0	0	1392	0	0	0	0	0	0	0	0	0	0	0	0	0	0	0	0	0	0	0	0	0	0	0	0	0	0	
465684	Precuneus_L	4636	0	140	0	0	0	0	0	0	0	0	0	0	0	0	0	228	0	280	1066	0	0	0	0	0	0	0	0	2124	0	0	0	9072	4730	8586	3602	2642	370	1684	102	0	0	25046	2736	21268	3508	7602	746	22150	492	18188	520	3702	282	7968	398	7700	252	17932	1046	3026	0	0	0	1358	0	0	13002	14542	1344	0	0	0	0	0	0	182	0	138	0	112	0	0	0	9106	548	0	0	5440	158	162	0	0	0	0	0	778	0	0	0	0	0	0	0	0	0	0	0	0	0	2148	0	0	0	0	0	
511120	Precuneus_R	4666	436	0	0	0	0	0	0	0	0	0	0	0	0	0	0	0	0	0	2608	0	0	0	0	0	0	0	0	0	206	0	0	1242	24038	2018	13928	372	2884	264	722	0	0	1620	29920	3590	20298	0	17016	1510	14430	358	8666	0	6550	194	6918	112	9812	364	11052	0	1540	0	900	0	2580	13002	0	6526	20232	0	0	0	0	0	0	206	290	0	0	0	616	0	0	0	11220	0	0	152	7500	0	612	0	0	0	0	0	1932	0	0	0	0	0	0	0	0	0	0	0	0	2458	0	0	0	0	0	
613812	Paracentral_Lobule_L	40554	4846	9438	282	0	0	280	246	0	0	246	110	0	0	0	0	2524	0	19802	30572	0	0	0	0	0	0	0	0	3804	396	0	0	7410	32124	7102	3972	2148	1032	126	280	0	0	2242	578	820	198	144	188	960	682	7400	794	522	696	1532	800	8018	3832	4952	0	2604	368	172	258	440	504	14542	6526	0	32438	9824	1614	4764	0	2504	0	11584	2374	1854	0	2222	216	0	0	4046	1630	0	0	2792	1314	0	0	0	0	0	0	0	0	0	0	0	0	0	0	0	0	0	0	0	0	664	0	0	0	0	0	
498700	Paracentral_Lobule_R	10442	6940	1550	184	0	0	290	236	0	0	0	116	0	0	0	0	502	158	3540	38876	0	0	0	0	0	0	0	0	0	1286	0	0	1584	43748	3056	4800	0	558	0	130	0	0	370	1852	248	938	0	608	0	2576	192	3346	0	2964	0	2526	418	26948	0	978	0	1788	0	4254	0	2516	1344	20232	32438	0	672	2434	948	0	954	0	712	2788	192	146	190	1724	0	0	0	7240	0	0	0	6416	0	402	0	0	0	0	0	0	0	0	0	0	0	0	0	0	0	0	0	0	0	0	0	0	0	0	
410248	Caudate_L	20440	606	21068	6774	500	0	2686	3644	294	0	2870	0	1572	314	164	0	636	280	23992	5626	6422	5918	1020	154	712	0	2664	1296	4624	342	7304	2574	244	1090	0	0	1420	0	0	0	0	0	0	0	0	0	0	0	0	0	0	0	0	0	122	0	5598	0	0	0	556	0	482	0	0	0	0	0	9824	672	0	14698	15582	2922	3734	436	20262	1306	682	0	346	0	0	0	154	0	0	0	498	0	0	0	0	0	0	0	0	0	0	0	0	0	0	0	0	0	0	0	0	0	0	0	0	0	0	0	
293212	Caudate_R	528	7970	950	10840	100	834	448	5592	0	276	354	1032	198	356	0	372	0	142	2964	18428	3308	4820	198	2826	0	1760	1266	1892	260	898	3186	16274	0	0	0	0	0	332	0	0	0	0	0	0	0	0	0	0	0	0	0	0	0	0	0	0	0	244	0	0	0	0	0	0	0	0	0	0	1614	2434	14698	0	3126	14348	0	1942	1076	18720	0	0	0	0	0	0	0	0	0	0	0	0	0	0	0	0	0	0	0	0	0	0	0	0	0	0	0	0	0	0	0	0	0	0	0	0	0	0	
326388	Putamen_L	7318	0	22426	554	7500	0	1338	388	4692	0	984	0	1380	276	5248	0	446	0	17646	1410	1520	1910	5286	254	468	0	676	340	23638	0	7626	1046	298	382	0	0	4344	0	550	0	222	0	0	0	0	0	0	0	0	0	0	0	0	0	1090	0	382	0	0	0	98	0	0	0	0	0	0	0	4764	948	15582	3126	0	970	7788	0	3918	0	106	0	2756	0	280	0	236	0	0	0	984	0	0	0	0	0	0	0	0	0	0	0	0	0	0	0	0	0	0	0	0	0	0	0	0	0	0	0	
313108	Putamen_R	200	3538	550	9422	0	5174	0	3470	0	2146	98	8052	0	1912	0	1690	0	1388	1194	9110	168	1366	102	4278	0	3780	0	1180	0	19080	682	9392	0	98	146	154	0	15504	0	6266	0	1330	0	0	0	0	0	0	0	0	0	0	0	0	0	8240	0	1288	0	0	0	0	0	0	0	0	0	0	0	0	2922	14348	970	0	0	2632	0	2264	0	0	0	1140	0	616	0	1830	0	0	0	6762	0	224	0	0	0	0	0	1288	0	560	0	0	0	0	0	0	0	0	0	0	0	0	0	0	0	0	
56836	Pallidum_L	1714	0	4424	0	0	0	0	0	0	0	132	0	0	0	0	0	0	0	1558	1018	0	0	0	0	0	0	0	0	194	0	0	0	0	264	0	0	826	0	0	0	0	0	0	0	0	0	0	0	0	0	0	0	0	0	0	0	0	0	0	0	0	0	0	0	0	0	0	0	2504	954	3734	0	7788	0	0	0	3308	0	0	0	0	0	0	0	0	0	0	0	0	0	0	0	0	0	0	0	0	0	0	0	0	0	0	0	0	0	0	0	0	0	0	0	0	0	0	0	
21868	Pallidum_R	232	426	188	802	0	0	174	670	0	0	0	342	0	0	0	0	0	0	210	2184	0	0	0	0	0	0	0	0	0	0	0	114	0	0	0	0	0	346	0	236	0	0	0	0	0	0	0	0	0	0	0	0	0	0	0	0	0	0	0	0	0	0	0	0	0	0	0	0	0	0	436	1942	0	2632	0	0	0	0	0	0	0	0	0	0	0	0	0	0	0	0	0	0	0	0	0	0	0	0	0	0	0	0	0	0	0	0	0	0	0	0	0	0	0	0	0	0	
232104	Thalamus_L	17282	2622	7572	0	0	0	174	122	0	0	242	144	0	0	0	0	218	0	5870	612	0	0	0	0	0	0	0	0	3170	0	0	0	0	0	2980	3192	6322	3074	1560	1290	304	0	0	0	0	0	160	428	0	0	0	0	0	0	1080	226	908	156	0	0	136	0	0	0	0	0	182	206	11584	712	20262	1076	3918	0	3308	0	0	12008	638	0	376	0	0	0	238	0	0	0	1700	0	0	0	0	0	0	0	0	0	0	0	0	0	0	0	0	0	0	0	0	0	0	0	0	0	0	0	
224172	Thalamus_R	2110	20056	1206	4062	0	0	210	2136	0	0	0	1920	0	0	0	0	0	366	1230	9430	0	0	0	0	0	0	0	0	0	1262	0	544	0	264	2498	2928	1814	8642	196	3512	0	0	0	0	0	0	0	628	0	0	0	0	0	0	306	2294	0	1016	0	0	0	98	0	190	0	120	0	290	2374	2788	1306	18720	0	2264	0	0	12008	0	114	0	0	462	0	0	0	662	0	0	350	1166	0	0	0	0	0	0	0	446	0	0	0	0	0	0	0	0	0	0	0	98	0	0	0	0	0	0	
94236	Heschl_L	3946	0	2666	0	0	0	374	0	0	0	1104	0	154	0	0	0	6484	0	1158	202	0	0	0	0	0	0	0	0	7550	0	0	0	0	0	288	266	1010	202	0	0	0	0	0	0	0	0	0	0	0	0	0	0	0	0	442	0	4678	0	0	0	236	0	796	0	0	0	138	0	1854	192	682	0	106	0	0	0	638	114	0	0	5710	0	0	0	2580	0	0	0	3548	0	0	0	0	0	0	0	0	0	0	0	0	0	0	0	0	0	0	0	0	0	0	0	0	0	0	0	
19192	Heschl_R	0	358	0	194	0	0	0	194	0	0	0	0	0	0	0	0	0	1146	0	150	0	0	0	0	0	0	0	0	0	2344	0	0	0	0	0	0	0	0	0	0	0	0	0	0	0	0	0	0	0	0	0	0	0	0	0	186	0	244	0	0	0	0	0	166	0	0	0	0	0	146	0	0	0	0	0	0	0	0	0	0	0	3262	0	0	0	810	0	0	0	396	0	0	0	0	0	0	0	0	0	0	0	0	0	0	0	0	0	0	0	0	0	0	0	0	0	0	
227044	Temporal_Sup_L	3252	0	5296	0	0	0	426	0	0	0	3960	0	100	0	0	0	10122	0	4924	208	0	0	0	0	0	0	0	0	13276	0	0	0	0	0	0	0	774	0	154	0	0	0	0	0	0	0	0	0	0	0	626	0	0	0	2186	0	3040	0	696	0	1630	0	9038	0	2978	0	112	0	2222	190	346	0	2756	0	0	0	376	0	5710	0	0	0	1222	0	26484	0	0	0	11418	0	0	0	0	0	0	0	0	0	0	0	0	0	0	0	0	0	0	0	0	0	0	0	0	0	0	0	
106300	Temporal_Sup_R	154	1980	0	0	0	0	0	138	0	0	0	560	0	0	0	0	0	1792	0	388	0	0	0	0	0	0	0	0	0	6084	0	0	0	532	0	0	0	858	0	306	0	0	0	0	0	0	0	0	0	0	0	212	0	322	0	3352	0	2150	0	0	0	388	0	3578	0	1856	0	616	216	1724	0	0	0	1140	0	0	0	462	0	3262	0	0	0	1326	0	13290	0	110	0	6234	0	0	0	0	0	0	0	120	0	0	0	0	0	0	0	0	0	0	0	0	0	0	0	0	0	0	
60580	Temporal_Pole_Sup_L	0	0	140	0	420	0	0	0	360	0	1214	0	310	0	1114	0	678	0	184	0	504	0	0	0	0	0	0	0	2838	0	0	0	0	0	0	0	1064	0	492	0	556	0	0	0	0	0	0	0	0	0	0	0	0	0	2614	0	0	0	0	0	0	0	0	0	0	0	0	0	0	0	0	0	280	0	0	0	0	0	0	0	1222	0	0	0	6214	0	4308	0	5778	0	0	0	0	0	0	0	0	0	0	0	0	0	0	0	0	0	0	0	0	0	0	0	0	0	0	0	
40552	Temporal_Pole_Sup_R	0	120	0	0	0	0	0	0	0	230	0	344	0	0	0	444	0	260	0	0	0	160	0	0	0	0	0	0	0	1902	0	0	0	0	0	0	0	726	0	1732	0	1488	0	0	0	0	0	0	0	0	0	0	0	0	0	4002	0	0	0	0	0	0	0	0	0	0	0	0	0	0	0	0	0	616	0	0	0	0	0	0	0	1326	0	0	0	2238	0	2738	0	1950	0	0	0	0	0	0	0	0	0	0	0	0	0	0	0	0	0	0	0	0	0	0	0	0	0	0	
298288	Temporal_Mid_L	1574	0	168	0	0	0	0	0	0	0	0	0	0	0	0	0	1420	0	268	0	0	0	0	0	0	0	0	0	3010	0	0	0	340	0	214	116	430	0	0	0	0	0	3590	0	652	0	668	0	1102	0	18542	0	2712	0	3186	0	1980	0	1184	0	3404	0	11946	0	13048	0	9106	0	4046	0	154	0	236	0	0	0	238	0	2580	0	26484	0	6214	0	0	0	4290	0	26242	0	0	0	0	0	0	0	0	0	0	0	0	0	0	0	0	0	0	0	0	0	0	0	0	0	0	0	
291188	Temporal_Mid_R	1422	1246	0	0	0	0	0	286	0	0	0	518	0	0	0	148	0	152	0	1276	0	0	0	0	0	0	0	0	0	5382	0	0	210	6680	126	532	0	1558	0	740	0	140	0	3440	0	1870	0	790	0	2804	0	18506	0	6092	0	6028	0	5078	0	258	0	3390	0	1116	0	9450	548	11220	1630	7240	0	0	0	1830	0	0	0	662	0	810	0	13290	0	2238	0	0	0	1340	0	24796	0	266	0	0	0	0	0	486	0	0	0	0	0	0	0	0	0	0	0	0	0	0	0	0	0	0	
32492	Temporal_Pole_Mid_L	0	0	0	0	0	0	0	0	0	0	0	0	0	0	0	0	0	0	0	0	0	0	0	0	0	0	0	0	168	0	0	0	0	0	0	0	426	0	694	0	406	0	0	0	0	0	0	0	0	0	0	0	0	0	1724	0	0	0	0	0	0	0	0	0	0	0	0	0	0	0	0	0	0	0	0	0	0	0	0	0	0	0	4308	0	4290	0	0	0	4230	0	0	0	0	0	0	0	0	0	0	0	0	0	0	0	0	0	0	0	0	0	0	0	0	0	0	0	
21620	Temporal_Pole_Mid_R	0	0	0	0	0	0	0	0	0	0	0	0	0	0	0	0	0	0	0	0	0	0	0	0	0	0	0	0	0	112	0	0	0	0	0	0	0	540	0	1652	0	1140	0	0	0	0	0	0	0	0	0	0	0	0	0	2108	0	0	0	0	0	0	0	0	0	0	0	0	0	0	0	0	0	0	0	0	0	0	0	0	0	110	0	2738	0	1340	0	0	0	1070	0	0	0	0	0	0	0	0	0	0	0	0	0	0	0	0	0	0	0	0	0	0	0	0	0	0	
262208	Temporal_Inf_L	2340	0	540	0	0	0	212	0	0	0	0	0	0	0	0	0	568	0	470	0	0	0	0	0	0	0	0	0	6536	0	0	0	0	0	1144	982	9190	874	2176	420	1292	0	4098	0	128	0	1732	372	0	0	2094	0	4114	0	21536	0	644	0	202	0	920	0	898	0	826	0	5440	152	2792	0	498	0	984	0	0	0	1700	350	3548	0	11418	0	5778	0	26242	0	4230	0	0	0	2044	0	158	0	0	0	252	118	1092	0	0	0	0	0	0	0	0	0	0	0	0	0	0	0	0	0	
317552	Temporal_Inf_R	718	2166	0	142	0	0	0	582	0	0	0	884	0	0	0	0	0	130	0	1030	0	0	0	0	0	0	0	0	0	7102	0	0	0	5348	780	2050	0	9032	0	4316	0	282	0	7616	0	254	0	3042	0	288	0	2854	0	10048	0	25874	0	6628	0	168	0	416	0	1220	0	1392	158	7500	1314	6416	0	0	0	6762	0	0	0	1166	0	396	0	6234	0	1950	0	24796	0	1070	0	0	0	3516	0	208	0	230	0	896	0	1802	0	0	0	0	0	0	0	0	0	0	0	0	0	0	0	0	
460284	Cerebelum_Crus1_L	0	0	0	0	0	0	0	0	0	0	0	0	0	0	0	0	0	0	0	0	0	0	0	0	0	0	0	0	0	0	0	0	0	0	0	0	0	0	0	0	0	0	140	0	0	0	12398	1344	0	0	180	0	350	168	23036	532	0	0	0	0	0	0	0	0	0	0	162	0	0	0	0	0	0	0	0	0	0	0	0	0	0	0	0	0	0	0	0	0	2044	0	0	2412	44854	4110	1200	578	24740	276	60706	1612	14100	192	12032	282	1314	0	460	0	0	0	7220	7080	6620	0	0	0	
411840	Cerebelum_Crus1_R	0	132	0	0	0	0	0	0	0	0	0	0	0	0	0	0	0	0	0	0	0	0	0	0	0	0	0	0	0	124	0	0	0	358	132	184	0	738	0	614	0	0	1040	548	0	0	566	9240	0	0	0	170	0	1288	0	22528	0	212	0	0	0	0	0	0	0	0	0	612	0	402	0	0	0	224	0	0	0	0	0	0	0	0	0	0	0	266	0	0	0	3516	2412	0	1172	30278	234	4770	1818	21730	2204	52642	714	5270	1566	8944	126	444	0	0	0	1206	12266	9088	5486	550	106	0	
269144	Cerebelum_Crus2_L	0	0	0	0	0	0	0	0	0	0	0	0	0	0	0	0	0	0	0	0	0	0	0	0	0	0	0	0	0	0	0	0	0	0	0	0	0	0	0	0	0	0	0	0	0	0	1876	818	0	0	0	0	102	148	2386	474	0	0	0	0	0	0	0	0	0	0	0	0	0	0	0	0	0	0	0	0	0	0	0	0	0	0	0	0	0	0	0	0	158	0	44854	1172	0	6234	520	192	5206	0	14588	878	21524	1946	16034	484	1168	0	512	0	0	0	1710	3834	7188	566	0	0	
256008	Cerebelum_Crus2_R	0	0	0	0	0	0	0	0	0	0	0	0	0	0	0	0	0	0	0	0	0	0	0	0	0	0	0	0	0	0	0	0	0	0	0	0	0	0	0	0	0	0	106	0	0	0	258	758	0	0	0	0	0	0	0	1778	0	0	0	0	0	0	0	0	0	0	0	0	0	0	0	0	0	0	0	0	0	0	0	0	0	0	0	0	0	0	0	0	0	208	4110	30278	6234	0	222	1330	780	2428	1220	9120	4582	17418	5816	19222	0	1122	0	194	0	564	1932	2852	12618	2730	124	0	
40928	Cerebelum_3_L	0	0	0	0	0	0	0	0	0	0	0	0	0	0	0	0	0	0	0	0	0	0	0	0	0	0	0	0	0	0	0	0	0	0	0	0	0	0	180	0	0	0	0	0	0	0	192	0	0	0	0	0	0	0	206	0	0	0	0	0	0	0	0	0	0	0	0	0	0	0	0	0	0	0	0	0	0	0	0	0	0	0	0	0	0	0	0	0	0	0	1200	234	520	222	0	376	6788	120	1816	516	150	100	818	328	1430	134	210	0	642	1382	1138	660	758	224	120	0	
116616	Cerebelum_3_R	0	0	0	0	0	0	0	0	0	0	0	0	0	0	0	0	0	0	0	0	0	0	0	0	0	0	0	0	0	0	0	0	0	0	0	0	0	188	0	328	0	0	0	0	0	0	176	1756	0	0	0	0	0	0	0	1732	0	0	0	0	0	0	0	0	0	0	0	0	0	0	0	0	0	0	0	0	0	0	0	0	0	0	0	0	0	0	0	0	0	230	578	4770	192	1330	376	0	1318	6424	972	8848	256	0	1504	4076	224	1576	0	114	1126	5910	2462	3260	4200	2352	1838	192	
290932	Cerebelum_4_5_L	0	0	0	0	0	0	0	0	0	0	0	0	0	0	0	0	0	0	0	0	0	0	0	0	0	0	0	0	0	0	0	0	0	0	402	0	650	0	998	0	0	0	1030	0	0	0	13312	1728	0	0	0	0	0	0	9872	508	0	0	0	0	0	0	0	0	0	0	778	0	0	0	0	0	0	0	0	0	0	0	0	0	0	0	0	0	0	0	0	0	252	0	24740	1818	5206	780	6788	1318	0	1088	35258	2704	2410	168	3500	1386	3274	500	972	0	234	940	13814	4344	2872	720	466	636	
251468	Cerebelum_4_5_R	0	228	0	0	0	0	0	0	0	0	0	354	0	0	0	0	0	0	0	0	0	0	0	0	0	0	0	0	0	548	0	0	0	0	444	1066	386	5228	250	4794	0	116	796	162	0	0	628	7872	0	0	0	0	0	182	150	13112	0	0	0	0	0	0	0	0	0	0	0	1932	0	0	0	0	0	1288	0	0	0	446	0	0	0	120	0	0	0	486	0	0	118	896	276	21730	0	2428	120	6424	1088	0	852	32142	0	0	334	1206	0	256	0	320	0	1540	12700	1216	802	492	206	0	
419852	Cerebelum_6_L	0	0	0	0	0	0	0	0	0	0	0	0	0	0	0	0	0	0	0	0	0	0	0	0	0	0	0	0	0	0	0	0	0	0	0	0	0	0	514	0	0	0	312	0	0	0	15260	2854	0	0	300	0	470	264	27138	1180	0	0	0	0	0	0	0	0	0	0	0	0	0	0	0	0	0	0	0	0	0	0	0	0	0	0	0	0	0	0	0	0	1092	0	60706	2204	14588	1220	1816	972	35258	852	0	2976	4384	0	5020	1022	2434	202	940	0	0	232	10848	10446	3710	170	234	308	
403112	Cerebelum_6_R	0	0	0	0	0	0	0	0	0	0	0	0	0	0	0	0	0	0	0	0	0	0	0	0	0	0	0	0	0	328	0	0	0	0	0	0	0	1262	0	576	0	0	1172	346	0	0	896	11862	0	0	0	0	0	696	0	24086	0	0	0	0	0	0	0	0	0	0	0	0	0	0	0	0	0	560	0	0	0	0	0	0	0	0	0	0	0	0	0	0	0	1802	1612	52642	878	9120	516	8848	2704	32142	2976	0	174	1066	1504	3908	208	1114	0	524	134	1924	15608	12414	5892	1146	704	212	
184952	Cerebelum_7b_L	0	0	0	0	0	0	0	0	0	0	0	0	0	0	0	0	0	0	0	0	0	0	0	0	0	0	0	0	0	0	0	0	0	0	0	0	0	0	0	0	0	0	0	0	0	0	150	0	0	0	0	0	0	0	150	0	0	0	0	0	0	0	0	0	0	0	0	0	0	0	0	0	0	0	0	0	0	0	0	0	0	0	0	0	0	0	0	0	0	0	14100	714	21524	4582	150	256	2410	0	4384	174	0	2822	27122	2130	1948	0	1258	0	0	0	366	394	5334	2508	0	0	
122396	Cerebelum_7b_R	0	0	0	0	0	0	0	0	0	0	0	0	0	0	0	0	0	0	0	0	0	0	0	0	0	0	0	0	0	0	0	0	0	0	0	0	0	0	0	0	0	0	0	0	0	0	0	232	0	0	0	0	0	0	0	172	0	0	0	0	0	0	0	0	0	0	0	0	0	0	0	0	0	0	0	0	0	0	0	0	0	0	0	0	0	0	0	0	0	0	192	5270	1946	17418	100	0	168	0	0	1066	2822	0	2924	21792	0	1354	0	150	0	0	404	490	2594	2104	0	0	
266248	Cerebelum_8_L	0	0	0	0	0	0	0	0	0	0	0	0	0	0	0	0	0	0	0	0	0	0	0	0	0	0	0	0	0	0	0	0	0	0	0	0	0	0	0	0	0	0	0	0	0	0	174	282	0	0	0	0	0	0	126	114	0	0	0	0	0	0	0	0	0	0	0	0	0	0	0	0	0	0	0	0	0	0	0	0	0	0	0	0	0	0	0	0	0	0	12032	1566	16034	5816	818	1504	3500	334	5020	1504	27122	2924	0	9448	14572	1802	3484	240	108	640	1260	2018	9292	9072	2046	272	
243268	Cerebelum_8_R	0	0	0	0	0	0	0	0	0	0	0	0	0	0	0	0	0	0	0	0	0	0	0	0	0	0	0	0	0	0	0	0	0	0	0	0	0	0	0	0	0	0	0	0	0	0	244	652	0	0	0	0	0	0	0	458	0	0	0	0	0	0	0	0	0	0	0	0	0	0	0	0	0	0	0	0	0	0	0	0	0	0	0	0	0	0	0	0	0	0	282	8944	484	19222	328	4076	1386	1206	1022	3908	2130	21792	9448	0	1552	14254	0	2064	246	2180	2508	2770	7444	9500	3088	446	
83660	Cerebelum_9_L	0	0	0	0	0	0	0	0	0	0	0	0	0	0	0	0	0	0	0	0	0	0	0	0	0	0	0	0	0	0	0	0	0	0	0	0	0	0	0	0	0	0	0	0	0	0	0	100	0	0	0	0	0	0	134	0	0	0	0	0	0	0	0	0	0	0	0	0	0	0	0	0	0	0	0	0	0	0	0	0	0	0	0	0	0	0	0	0	0	0	1314	126	1168	0	1430	224	3274	0	2434	208	1948	0	14572	1552	0	1766	4828	0	0	0	676	1116	792	1556	2108	504	
85412	Cerebelum_9_R	0	0	0	0	0	0	0	0	0	0	0	0	0	0	0	0	0	0	0	0	0	0	0	0	0	0	0	0	0	0	0	0	0	0	0	0	0	0	0	0	0	0	288	0	0	0	170	0	0	0	0	0	0	0	0	0	0	0	0	0	0	0	0	0	0	0	0	0	0	0	0	0	0	0	0	0	0	0	0	0	0	0	0	0	0	0	0	0	0	0	0	444	0	1122	134	1576	500	256	202	1114	0	1354	1802	14254	1766	0	0	2630	442	1474	700	1132	1376	4218	4504	1248	
25328	Cerebelum_10_L	0	0	0	0	0	0	0	0	0	0	0	0	0	0	0	0	0	0	0	0	0	0	0	0	0	0	0	0	0	0	0	0	0	0	0	0	0	0	0	0	0	0	0	0	0	0	0	0	0	0	0	0	0	0	0	0	0	0	0	0	0	0	0	0	0	0	0	0	0	0	0	0	0	0	0	0	0	0	0	0	0	0	0	0	0	0	0	0	0	0	460	0	512	0	210	0	972	0	940	0	1258	0	3484	0	4828	0	0	0	0	0	0	0	0	0	0	0	
14320	Cerebelum_10_R	0	0	0	0	0	0	0	0	0	0	0	0	0	0	0	0	0	0	0	0	0	0	0	0	0	0	0	0	0	0	0	0	0	0	0	0	0	0	0	0	0	0	0	0	0	0	0	0	0	0	0	0	0	0	0	0	0	0	0	0	0	0	0	0	0	0	0	0	0	0	0	0	0	0	0	0	0	0	0	0	0	0	0	0	0	0	0	0	0	0	0	0	0	194	0	114	0	320	0	524	0	150	240	2064	0	2630	0	0	0	0	0	0	114	464	346	0	
18268	Vermis_1_2	0	0	0	0	0	0	0	0	0	0	0	0	0	0	0	0	0	0	0	0	0	0	0	0	0	0	0	0	0	0	0	0	0	0	0	0	0	0	0	0	0	0	0	0	0	0	0	0	0	0	0	0	0	0	0	0	0	0	0	0	0	0	0	0	0	0	0	0	0	0	0	0	0	0	0	0	0	0	0	0	0	0	0	0	0	0	0	0	0	0	0	0	0	0	642	1126	234	0	0	134	0	0	108	246	0	442	0	0	0	4504	308	0	294	546	550	0	
63984	Vermis_3	0	0	0	0	0	0	0	0	0	0	0	0	0	0	0	0	0	0	0	0	0	0	0	0	0	0	0	0	0	0	0	0	0	0	0	0	0	124	0	144	0	0	0	0	0	0	0	506	0	0	0	0	0	0	0	206	0	0	0	0	0	0	0	0	0	0	0	0	0	0	0	0	0	0	0	0	0	98	0	0	0	0	0	0	0	0	0	0	0	0	0	1206	0	564	1382	5910	940	1540	232	1924	0	0	640	2180	0	1474	0	0	4504	0	1728	978	1764	2174	1774	0	
278352	Vermis_4_5	1194	0	0	0	0	0	0	0	0	0	0	0	0	0	0	0	0	0	0	0	0	0	0	0	0	0	0	0	566	0	0	0	0	0	1268	2060	0	1064	0	268	0	0	4702	120	0	0	7050	8308	0	0	0	0	0	322	1396	3594	112	0	0	0	0	0	0	0	0	0	2148	2458	664	0	0	0	0	0	0	0	0	0	0	0	0	0	0	0	0	0	0	0	0	0	7220	12266	1710	1932	1138	2462	13814	12700	10848	15608	366	404	1260	2508	676	700	0	0	308	1728	0	7786	3198	1220	680	1350	
203320	Vermis_6	0	0	0	0	0	0	0	0	0	0	0	0	0	0	0	0	0	0	0	0	0	0	0	0	0	0	0	0	0	0	0	0	0	0	0	0	0	0	0	0	0	0	1354	0	0	0	1750	7882	0	0	0	0	176	1018	710	4666	0	0	0	0	0	0	0	0	0	0	0	0	0	0	0	0	0	0	0	0	0	0	0	0	0	0	0	0	0	0	0	0	0	0	7080	9088	3834	2852	660	3260	4344	1216	10446	12414	394	490	2018	2770	1116	1132	0	0	0	978	7786	0	8720	794	756	1956	
