data	data	480100	399008	815420	811576	140968	101888	423020	311764	55944	27176	328468	172012	250936	157396	180708	156224	285296	190616	537056	721812	93404	105636	384452	259332	69264	76588	60240	68064	688472	431684	439276	393132	162428	405584	128568	187376	346800	582012	142500	385704	50228	69352	254712	444572	175676	390716	309980	366272	196224	408156	512596	368016	245232	202716	545820	705044	260636	163876	158232	80812	187204	122660	115744	131152	149792	141612	310244	455744	68696	148840	319232	342428	354520	430796	38528	20588	196728	278492	137328	55584	271800	126112	66384	60668	322316	294472	17660	26168	383156	309616	499012	413764	330712	323796	38820	120700	429416	389184	525648	467088	267932	193236	352056	393616	150044	184700	27208	20876	34084	98720	359548	301236	286688	266512	170524	36132	
data	data	Precentral_L	Precentral_R	Frontal_Sup_L	Frontal_Sup_R	Frontal_Sup_Orb_L	Frontal_Sup_Orb_R	Frontal_Mid_L	Frontal_Mid_R	Frontal_Mid_Orb_L	Frontal_Mid_Orb_R	Frontal_Inf_Oper_L	Frontal_Inf_Oper_R	Frontal_Inf_Tri_L	Frontal_Inf_Tri_R	Frontal_Inf_Orb_L	Frontal_Inf_Orb_R	Rolandic_Oper_L	Rolandic_Oper_R	Supp_Motor_Area_L	Supp_Motor_Area_R	Olfactory_L	Olfactory_R	Frontal_Sup_Medial_L	Frontal_Sup_Medial_R	Frontal_Med_Orb_L	Frontal_Med_Orb_R	Rectus_L	Rectus_R	Insula_L	Insula_R	Cingulum_Ant_L	Cingulum_Ant_R	Cingulum_Mid_L	Cingulum_Mid_R	Cingulum_Post_L	Cingulum_Post_R	Hippocampus_L	Hippocampus_R	ParaHippocampal_L	ParaHippocampal_R	Amygdala_L	Amygdala_R	Calcarine_L	Calcarine_R	Cuneus_L	Cuneus_R	Lingual_L	Lingual_R	Occipital_Sup_L	Occipital_Sup_R	Occipital_Mid_L	Occipital_Mid_R	Occipital_Inf_L	Occipital_Inf_R	Fusiform_L	Fusiform_R	Postcentral_L	Postcentral_R	Parietal_Sup_L	Parietal_Sup_R	Parietal_Inf_L	Parietal_Inf_R	SupraMarginal_L	SupraMarginal_R	Angular_L	Angular_R	Precuneus_L	Precuneus_R	Paracentral_Lobule_L	Paracentral_Lobule_R	Caudate_L	Caudate_R	Putamen_L	Putamen_R	Pallidum_L	Pallidum_R	Thalamus_L	Thalamus_R	Heschl_L	Heschl_R	Temporal_Sup_L	Temporal_Sup_R	Temporal_Pole_Sup_L	Temporal_Pole_Sup_R	Temporal_Mid_L	Temporal_Mid_R	Temporal_Pole_Mid_L	Temporal_Pole_Mid_R	Temporal_Inf_L	Temporal_Inf_R	Cerebelum_Crus1_L	Cerebelum_Crus1_R	Cerebelum_Crus2_L	Cerebelum_Crus2_R	Cerebelum_3_L	Cerebelum_3_R	Cerebelum_4_5_L	Cerebelum_4_5_R	Cerebelum_6_L	Cerebelum_6_R	Cerebelum_7b_L	Cerebelum_7b_R	Cerebelum_8_L	Cerebelum_8_R	Cerebelum_9_L	Cerebelum_9_R	Cerebelum_10_L	Cerebelum_10_R	Vermis_1_2	Vermis_3	Vermis_4_5	Vermis_6	Vermis_7	Vermis_8	Vermis_9	Vermis_10	
480100	Precentral_L	0	2572	21246	4454	0	0	22944	872	0	0	15944	0	518	0	0	0	11764	0	9122	14790	0	0	1156	0	0	0	0	0	13662	0	1154	394	1528	5966	3126	1542	9542	872	1310	0	0	0	506	148	266	134	164	66	574	0	2768	0	2484	82	2526	68	25540	96	110	0	1500	0	456	0	592	0	880	428	3970	1976	2916	1332	11474	0	2156	0	17864	2962	2554	0	5004	0	0	0	1272	0	0	0	2506	0	0	0	0	0	0	0	0	0	0	0	0	0	0	0	0	0	0	0	0	198	0	0	0	0	0	0	
399008	Precentral_R	2572	0	1326	31298	0	0	186	18254	0	0	148	7324	0	148	0	0	656	3514	1212	3524	0	0	0	0	0	0	0	0	418	4872	122	382	0	236	1022	1216	1048	18916	408	5732	0	0	0	1250	0	1338	352	300	0	2412	0	2086	0	1484	0	10634	784	9788	0	94	0	2922	0	3364	0	1788	0	2830	188	2660	856	10362	1032	3622	386	198	224	20626	152	932	80	1010	0	0	0	2830	0	0	0	7790	0	0	0	0	0	0	0	340	0	0	0	0	0	0	0	0	0	0	0	256	0	0	0	0	0	0	
815420	Frontal_Sup_L	21246	1326	0	5628	8070	118	62356	1144	2286	0	15800	218	16518	238	9786	198	12422	174	64032	10352	654	0	40690	2008	996	340	148	0	27704	170	23410	4492	5954	3078	136	0	3806	156	930	86	342	0	130	0	0	0	0	0	0	0	606	0	184	0	814	94	2982	0	0	0	0	0	0	0	186	0	0	0	1030	0	12842	476	23656	102	3748	0	5248	616	776	0	5730	0	314	0	584	0	0	0	580	0	0	0	0	0	0	0	0	0	0	0	0	0	0	0	0	0	0	0	0	0	0	0	0	0	0	0	
811576	Frontal_Sup_R	4454	31298	5628	0	114	1552	1118	37428	0	0	1238	12206	500	8742	436	4438	720	8678	13322	60366	0	0	10844	31774	0	1074	0	0	2124	18352	4960	25474	1330	17454	612	552	1418	11158	292	6584	0	0	0	104	0	124	192	186	0	186	68	218	0	138	238	6226	528	432	0	0	0	174	0	222	0	0	0	276	494	0	3670	18594	2544	18316	402	974	1134	20692	194	250	270	664	0	198	96	352	0	0	154	850	0	0	0	0	0	0	0	204	0	0	0	0	0	0	0	0	0	0	0	184	0	0	0	0	0	0	
140968	Frontal_Sup_Orb_L	0	0	8070	114	0	0	2456	0	10044	0	180	0	3056	0	14054	0	0	0	296	118	1480	454	5568	0	5386	66	5090	128	5810	0	4734	168	0	0	0	0	0	0	0	0	212	0	0	0	0	0	0	0	0	0	0	0	0	0	0	0	0	0	0	0	0	0	0	0	0	0	0	0	0	0	1176	366	886	84	0	0	0	0	0	0	0	0	488	0	0	0	0	0	0	0	0	0	0	0	0	0	0	0	0	0	0	0	0	0	0	0	0	0	0	0	0	0	0	0	0	0	
101888	Frontal_Sup_Orb_R	0	0	118	1552	0	0	0	1218	0	5678	0	94	0	266	0	8988	0	0	0	330	150	1984	722	2330	376	5858	0	5816	0	2572	1508	2608	0	68	0	0	0	0	0	0	0	338	0	0	0	0	0	0	0	0	0	0	0	0	0	0	0	0	0	0	0	0	0	0	0	0	0	0	0	0	244	2954	78	4968	0	0	0	0	0	0	0	0	0	126	0	0	0	0	0	0	0	0	0	0	0	0	0	0	0	0	0	0	0	0	0	0	0	0	0	0	0	0	0	0	0	0	
423020	Frontal_Mid_L	22944	186	62356	1118	2456	0	0	180	1794	0	12376	0	20174	0	5312	0	3808	0	9546	698	0	0	21404	1036	0	0	0	0	10684	0	10208	1794	2078	1148	154	0	1404	0	310	0	0	0	100	0	0	0	0	0	0	0	548	0	256	0	438	0	1596	0	0	0	0	0	0	0	218	0	0	0	234	0	1674	224	3016	0	774	0	5792	676	256	0	1860	0	0	0	206	0	0	0	474	0	0	0	0	0	0	0	0	0	0	0	0	0	0	0	0	0	0	0	0	0	0	0	0	0	0	0	
311764	Frontal_Mid_R	872	18254	1144	37428	0	1218	180	0	0	1008	130	6512	0	10404	82	4528	0	5424	1894	5746	0	0	1324	4282	0	0	0	0	284	8080	794	4132	108	3070	288	322	396	5706	118	3808	0	0	0	0	0	0	96	104	0	112	0	100	0	0	0	4096	0	422	0	0	0	472	0	494	0	266	0	198	92	0	652	4556	248	7088	0	164	208	8016	0	128	0	96	0	0	0	70	0	0	0	474	0	0	0	0	0	0	0	76	0	0	0	0	0	0	0	0	0	0	0	118	0	0	0	0	0	0	
55944	Frontal_Mid_Orb_L	0	0	2286	0	10044	0	1794	0	0	0	0	0	990	0	11048	0	0	0	0	0	0	0	98	0	160	0	1032	0	418	0	102	0	0	0	0	0	0	0	0	0	0	0	0	0	0	0	0	0	0	0	0	0	0	0	0	0	0	0	0	0	0	0	0	0	0	0	0	0	0	0	0	0	0	0	0	0	0	0	0	0	0	0	0	0	0	0	0	0	0	0	0	0	0	0	0	0	0	0	0	0	0	0	0	0	0	0	0	0	0	0	0	0	0	0	0	0	
27176	Frontal_Mid_Orb_R	0	0	0	0	0	5678	0	1008	0	0	0	0	0	198	0	6276	0	0	0	0	0	0	0	0	0	0	0	138	0	100	0	0	0	0	0	0	0	0	0	0	0	0	0	0	0	0	0	0	0	0	0	0	0	0	0	0	0	0	0	0	0	0	0	0	0	0	0	0	0	0	0	84	0	106	0	0	0	0	0	0	0	0	0	0	0	0	0	0	0	0	0	0	0	0	0	0	0	0	0	0	0	0	0	0	0	0	0	0	0	0	0	0	0	0	0	0	
328468	Frontal_Inf_Oper_L	15944	148	15800	1238	180	0	12376	130	0	0	0	302	15696	104	354	0	11686	860	9284	1604	0	0	2856	196	0	0	0	0	27188	298	7166	2282	746	426	84	0	4358	192	646	104	0	0	382	0	0	0	102	0	78	0	1372	0	348	0	1810	100	2414	0	0	0	0	0	0	0	482	0	106	0	0	0	8088	96	2592	144	0	0	3944	294	2254	0	4316	0	888	0	1114	0	0	0	1062	0	0	0	0	0	0	0	0	0	0	0	0	0	0	0	0	0	0	0	0	0	0	0	0	0	0	0	
172012	Frontal_Inf_Oper_R	0	7324	218	12206	0	94	0	6512	0	0	302	0	122	5428	156	652	0	7184	1528	8688	0	0	156	450	0	0	0	0	674	13718	528	2382	0	912	80	88	138	2206	0	1526	0	0	0	0	0	0	0	0	0	72	0	90	0	0	0	1496	0	1546	0	0	0	478	0	328	0	272	0	0	0	0	1144	686	0	5394	0	0	0	724	0	138	0	188	0	88	0	0	0	0	0	90	0	0	0	0	0	0	0	0	0	0	0	0	0	0	0	0	0	0	0	0	0	0	0	0	0	0	
250936	Frontal_Inf_Tri_L	518	0	16518	500	3056	0	20174	0	990	0	15696	122	0	108	14442	0	464	170	2040	512	0	0	4088	98	216	0	0	0	23910	0	10994	1714	1336	72	0	0	0	0	0	0	0	0	0	0	0	0	0	0	0	0	0	0	0	0	0	0	72	0	0	0	0	0	0	0	0	0	0	0	0	0	4736	66	2396	0	0	0	80	0	0	0	218	0	162	0	0	0	0	0	0	0	0	0	0	0	0	0	0	0	0	0	0	0	0	0	0	0	0	0	0	0	0	0	0	0	0	0	
157396	Frontal_Inf_Tri_R	0	148	238	8742	0	266	0	10404	0	198	104	5428	108	0	0	14118	0	244	2544	7672	0	0	190	1598	0	0	0	0	136	13700	332	1830	0	2638	0	0	0	114	0	108	0	0	0	0	0	0	0	0	0	0	0	0	0	0	0	108	0	0	0	0	0	0	0	0	0	0	0	0	0	0	1208	4816	86	846	0	0	0	774	0	0	0	0	0	0	0	0	0	0	0	0	0	0	0	0	0	0	0	0	0	0	0	0	0	0	0	0	0	0	0	0	0	0	0	0	0	0	
180708	Frontal_Inf_Orb_L	0	0	9786	436	14054	0	5312	82	11048	0	354	156	14442	0	0	0	0	174	1196	436	1078	0	2162	0	1296	0	910	0	15084	164	4664	284	102	0	0	0	0	0	156	0	126	0	0	0	0	0	0	0	0	0	0	0	0	0	0	0	0	0	0	0	0	0	0	0	0	0	0	0	0	0	2516	98	2658	0	0	0	112	0	0	0	0	0	1468	0	0	0	0	0	0	0	0	0	0	0	0	0	0	0	0	0	0	0	0	0	0	0	0	0	0	0	0	0	0	0	0	0	
156224	Frontal_Inf_Orb_R	0	0	198	4438	0	8988	0	4528	0	6276	0	652	0	14118	0	0	0	566	736	3434	114	1476	190	1268	0	408	0	2384	0	12590	170	944	0	696	0	0	0	0	0	88	0	282	0	0	0	0	0	0	0	0	0	0	0	0	0	0	0	0	0	0	0	0	0	0	0	0	0	0	0	0	602	5550	82	2364	0	0	0	774	0	0	0	1886	0	2242	0	68	0	0	0	0	0	0	0	0	0	0	0	0	0	0	0	0	0	0	0	0	0	0	0	0	0	0	0	0	0	0	
285296	Rolandic_Oper_L	11764	656	12422	720	0	0	3808	0	0	0	11686	0	464	0	0	0	0	88	8152	822	0	0	212	0	0	0	0	0	23012	0	368	422	252	156	106	0	3040	0	344	0	96	0	392	0	80	0	0	0	348	0	2848	0	2382	0	2644	0	7768	0	644	0	126	0	1574	0	234	0	740	0	118	0	1198	0	886	0	0	0	2126	194	9934	0	17792	0	500	0	4592	0	0	0	6938	0	0	0	0	0	0	0	0	0	0	0	0	0	0	0	0	0	0	0	0	0	0	0	0	0	0	0	
190616	Rolandic_Oper_R	0	3514	174	8678	0	0	0	5424	0	0	860	7184	170	244	174	566	88	0	458	5328	0	0	150	72	0	0	0	0	1322	17248	406	540	0	80	0	70	0	4394	0	3122	0	0	0	104	0	98	0	0	0	626	0	556	0	74	0	3788	0	5574	0	0	0	766	0	4612	0	956	0	288	0	0	1986	234	122	6744	0	0	0	210	0	2270	0	3688	0	574	0	552	0	0	0	1220	0	0	0	0	0	0	0	0	0	0	0	0	0	0	0	0	0	0	0	0	0	0	0	0	0	0	
537056	Supp_Motor_Area_L	9122	1212	64032	13322	296	0	9546	1894	0	0	9284	1528	2040	2544	1196	736	8152	458	0	35222	646	0	9074	1712	114	0	0	0	15216	1996	7454	5016	8076	14864	490	358	2790	210	750	130	336	0	0	0	0	0	0	0	0	0	176	0	0	0	704	116	930	0	0	0	0	0	0	0	82	0	0	0	3052	276	8440	858	15972	764	1234	0	424	76	252	0	4308	0	274	0	344	0	0	0	430	0	0	0	0	0	0	0	0	0	0	0	0	0	0	0	0	0	0	0	0	0	0	0	0	0	0	0	
721812	Supp_Motor_Area_R	14790	3524	10352	60366	118	330	698	5746	0	0	1604	8688	512	7672	436	3434	822	5328	35222	0	0	0	1526	6360	0	94	0	0	2744	15678	1572	10292	7470	34806	2038	5644	2798	10070	464	5558	0	0	88	816	138	780	252	196	0	780	88	722	0	698	548	5842	424	332	0	0	0	70	0	80	0	94	760	2238	2608	12714	4930	17376	3516	19570	216	1520	2346	9426	266	108	418	540	0	170	190	812	0	0	362	1680	0	72	0	0	0	128	0	170	0	66	0	0	0	0	0	0	0	0	0	0	0	0	0	0	0	0	
93404	Olfactory_L	0	0	654	0	1480	150	0	0	0	0	0	0	0	0	1078	114	0	0	646	0	0	6716	0	0	1154	826	2872	1238	3020	178	3748	2238	0	0	0	0	234	0	776	0	628	86	0	0	0	0	0	0	0	0	0	0	0	0	66	0	0	0	0	0	0	0	0	0	0	0	0	0	0	0	8014	4580	4200	1122	0	0	0	0	0	0	0	0	884	0	0	0	0	0	0	0	0	0	0	0	0	0	0	0	0	0	0	0	0	0	0	0	0	0	0	0	0	0	0	0	0	0	
105636	Olfactory_R	0	0	0	0	454	1984	0	0	0	0	0	0	0	0	0	1476	0	0	0	0	6716	0	0	0	802	2956	2190	4950	0	2494	2978	4152	0	0	0	0	0	0	0	326	0	1144	0	0	0	0	0	0	0	0	0	0	0	0	0	0	0	0	0	0	0	0	0	0	0	0	0	0	0	0	6872	8192	2562	2144	0	0	0	0	0	0	0	0	0	426	0	0	0	0	0	0	0	0	0	0	0	0	0	0	0	0	0	0	0	0	0	0	0	0	0	0	0	0	0	0	0	0	
384452	Frontal_Sup_Medial_L	1156	0	40690	10844	5568	722	21404	1324	98	0	2856	156	4088	190	2162	190	212	150	9074	1526	0	0	0	18350	3026	1214	1138	0	4640	254	25686	11188	6354	13014	0	0	82	0	0	0	0	0	0	0	0	0	0	0	0	0	86	0	0	0	0	0	0	0	0	0	0	0	0	0	0	0	0	0	0	0	2096	70	2250	96	0	0	138	0	0	0	134	0	0	0	0	0	0	0	0	0	0	0	0	0	0	0	0	0	0	0	0	0	0	0	0	0	0	0	0	0	0	0	0	0	0	0	
259332	Frontal_Sup_Medial_R	0	0	2008	31774	0	2330	1036	4282	0	0	196	450	98	1598	0	1268	0	72	1712	6360	0	0	18350	0	170	2988	0	0	182	1450	8470	23006	356	13382	0	0	0	0	0	0	0	0	0	0	0	0	0	0	0	0	0	0	0	0	0	0	0	0	0	0	0	0	0	0	0	0	0	0	0	0	412	3894	216	3396	0	0	0	210	0	0	0	0	0	0	0	0	0	0	0	0	0	0	0	0	0	0	0	0	0	0	0	0	0	0	0	0	0	0	0	0	0	0	0	0	0	0	
69264	Frontal_Med_Orb_L	0	0	996	0	5386	376	0	0	160	0	0	0	216	0	1296	0	0	0	114	0	1154	802	3026	170	0	1660	4296	262	2174	0	7996	1110	0	0	0	0	98	0	0	0	146	0	0	0	0	0	0	0	0	0	0	0	0	0	0	0	0	0	0	0	0	0	0	0	0	0	0	0	0	0	1138	538	1210	238	0	0	0	0	0	0	0	0	70	0	0	0	0	0	0	0	0	0	0	0	0	0	0	0	0	0	0	0	0	0	0	0	0	0	0	0	0	0	0	0	0	0	
76588	Frontal_Med_Orb_R	0	0	340	1074	66	5858	0	0	0	0	0	0	0	0	0	408	0	0	0	94	826	2956	1214	2988	1660	0	514	5016	0	394	2788	4778	0	0	0	0	0	0	0	0	0	268	0	0	0	0	0	0	0	0	0	0	0	0	0	0	0	0	0	0	0	0	0	0	0	0	0	0	0	0	370	3518	116	3048	0	0	0	0	0	0	0	0	0	0	0	0	0	0	0	0	0	0	0	0	0	0	0	0	0	0	0	0	0	0	0	0	0	0	0	0	0	0	0	0	0	0	
60240	Rectus_L	0	0	148	0	5090	0	0	0	1032	0	0	0	0	0	910	0	0	0	0	0	2872	2190	1138	0	4296	514	0	840	356	0	4344	976	0	0	0	0	0	0	0	0	98	0	0	0	0	0	0	0	0	0	0	0	0	0	0	0	0	0	0	0	0	0	0	0	0	0	0	0	0	0	2748	1372	658	538	0	0	0	0	0	0	0	0	0	0	0	0	0	0	0	0	0	0	0	0	0	0	0	0	0	0	0	0	0	0	0	0	0	0	0	0	0	0	0	0	0	0	
68064	Rectus_R	0	0	0	0	128	5816	0	0	0	138	0	0	0	0	0	2384	0	0	0	0	1238	4950	0	0	262	5016	840	0	0	1462	818	2776	0	0	0	0	0	0	0	0	0	592	0	0	0	0	0	0	0	0	0	0	0	0	0	0	0	0	0	0	0	0	0	0	0	0	0	0	0	0	812	3956	106	2616	0	0	0	0	0	0	0	0	0	122	0	0	0	0	0	0	0	0	0	0	0	0	0	0	0	0	0	0	0	0	0	0	0	0	0	0	0	0	0	0	0	0	
688472	Insula_L	13662	418	27704	2124	5810	0	10684	284	418	0	27188	674	23910	136	15084	0	23012	1322	15216	2744	3020	0	4640	182	2174	0	356	0	0	518	14658	3264	616	630	462	270	19640	460	4632	182	4358	0	384	0	88	0	196	0	186	0	2068	0	3136	0	10932	178	5156	0	190	0	0	0	266	0	164	0	438	0	0	0	12064	166	20032	254	98	0	7286	830	10588	0	16792	0	3166	0	5934	0	0	0	11590	0	468	0	112	0	0	0	312	0	604	0	0	0	106	0	0	0	0	0	0	0	0	0	0	0	0	0	
431684	Insula_R	0	4872	170	18352	0	2572	0	8080	0	100	298	13718	0	13700	164	12590	0	17248	1996	15678	178	2494	254	1450	0	394	0	1462	518	0	458	1622	0	1522	0	102	82	15090	0	9016	0	3372	0	1336	0	852	0	0	0	856	0	1308	0	366	0	11708	0	550	0	0	0	0	0	126	0	0	66	808	0	0	1340	2980	110	24882	0	216	0	564	0	5022	0	5374	0	1896	0	3070	0	0	0	4756	0	0	0	0	0	0	0	104	0	0	0	0	0	0	0	0	0	0	0	0	0	0	0	0	0	0	
439276	Cingulum_Ant_L	1154	122	23410	4960	4734	1508	10208	794	102	0	7166	528	10994	332	4664	170	368	406	7454	1572	3748	2978	25686	8470	7996	2788	4344	818	14658	458	0	23496	11022	5560	218	0	270	136	0	110	182	0	0	0	0	0	0	0	0	0	0	0	0	0	90	110	0	0	0	0	0	0	0	0	0	0	0	0	0	0	10936	3730	8180	2156	0	0	210	0	0	0	298	0	170	0	84	0	0	0	90	0	0	0	0	0	0	0	0	0	0	0	0	0	0	0	0	0	0	0	0	0	0	0	0	0	0	0	
393132	Cingulum_Ant_R	394	382	4492	25474	168	2608	1794	4132	0	0	2282	2382	1714	1830	284	944	422	540	5016	10292	2238	4152	11188	23006	1110	4778	976	2776	3264	1622	23496	0	2818	19130	0	0	0	170	0	156	0	242	0	0	0	0	0	0	0	0	0	0	0	0	0	160	136	0	0	0	0	0	0	0	0	0	0	0	0	0	5808	12728	1554	9308	0	0	118	268	0	0	214	0	0	0	0	0	0	0	0	0	0	0	0	0	0	0	0	0	0	0	0	0	0	0	0	0	0	0	0	0	0	0	0	0	0	0	
162428	Cingulum_Mid_L	1528	0	5954	1330	0	0	2078	108	0	0	746	0	1336	0	102	0	252	0	8076	7470	0	0	6354	356	0	0	0	0	616	0	11022	2818	0	13958	2978	1032	0	0	0	0	0	0	124	190	290	112	0	0	496	0	738	68	100	0	324	0	100	0	1442	0	82	0	0	0	0	0	3148	1388	968	1862	124	0	120	0	0	0	0	0	284	0	92	0	0	0	558	0	0	0	490	0	0	0	0	0	0	0	0	0	0	0	0	0	0	0	0	0	0	0	0	0	0	0	0	0	0	0	
405584	Cingulum_Mid_R	5966	236	3078	17454	0	68	1148	3070	0	0	426	912	72	2638	0	696	156	80	14864	34806	0	0	13014	13382	0	0	0	0	630	1522	5560	19130	13958	0	1296	8010	0	824	0	0	0	0	0	2860	0	2810	0	0	0	1866	0	1408	0	802	0	738	0	898	86	268	0	66	0	0	0	0	2480	9142	1208	12452	708	134	338	196	0	0	0	0	0	0	96	0	0	0	0	364	0	0	0	876	0	0	0	0	0	0	0	0	0	0	0	0	0	0	0	0	0	0	0	0	0	0	0	0	0	0	
128568	Cingulum_Post_L	3126	1022	136	612	0	0	154	288	0	0	84	80	0	0	0	0	106	0	490	2038	0	0	0	0	0	0	0	0	462	0	218	0	2978	1296	0	8248	7408	4226	2276	310	0	0	2466	0	1100	0	2690	0	652	0	122	0	2072	0	2312	138	428	74	0	0	0	0	0	0	0	0	5668	1340	1772	400	72	258	122	484	0	0	368	4242	168	0	0	0	0	0	0	0	0	0	1778	0	0	0	0	0	0	0	0	0	0	0	0	0	0	0	0	0	0	0	0	0	0	0	0	0	0	0	
187376	Cingulum_Post_R	1542	1216	0	552	0	0	0	322	0	0	0	88	0	0	0	0	0	70	358	5644	0	0	0	0	0	0	0	0	270	102	0	0	1032	8010	8248	0	4822	11376	1276	850	0	0	76	3022	0	1604	1302	2204	0	1326	0	702	0	558	242	2246	152	2502	0	148	0	124	0	0	0	100	1774	14296	406	6570	0	102	0	538	0	0	242	4488	68	0	0	0	0	0	0	516	0	0	0	2274	0	0	0	0	0	0	0	0	0	0	0	0	0	0	0	0	0	0	0	0	328	0	0	0	0	0	
346800	Hippocampus_L	9542	1048	3806	1418	0	0	1404	396	0	0	4358	138	0	0	0	0	3040	0	2790	2798	234	0	82	0	98	0	0	0	19640	82	270	0	0	0	7408	4822	0	4282	17810	522	7430	0	2006	0	0	0	6234	328	0	0	400	0	666	0	18164	202	2332	0	0	0	0	0	0	0	0	0	2952	750	0	0	276	536	9132	652	244	0	10150	6516	3830	0	3920	0	276	0	1078	0	0	0	7426	0	360	0	116	0	0	0	382	84	496	0	102	0	128	0	0	0	0	0	0	244	0	0	0	0	0	0	
582012	Hippocampus_R	872	18916	156	11158	0	0	0	5706	0	0	192	2206	0	114	0	0	0	4394	210	10070	0	0	0	0	0	0	0	0	460	15090	136	170	0	824	4226	11376	4282	0	1212	47582	0	9418	0	1928	0	546	1254	5698	0	544	0	306	0	1252	252	50974	126	1368	0	0	0	442	0	460	0	80	280	8116	0	1134	384	2064	0	25448	0	1646	208	9056	74	900	0	1628	0	382	0	2530	0	152	0	17180	0	492	0	0	0	1002	0	3036	0	636	0	0	0	120	0	0	0	0	0	0	434	0	104	0	0	0	
142500	ParaHippocampal_L	1310	408	930	292	0	0	310	118	0	0	646	0	0	0	156	0	344	0	750	464	776	0	0	0	0	0	0	0	4632	0	0	0	0	0	2276	1276	17810	1212	0	170	4782	0	656	0	0	0	5364	182	0	0	0	0	0	0	8982	0	384	0	0	0	0	0	0	0	0	0	1164	446	0	0	0	102	3340	150	88	0	2582	1686	830	0	1084	0	1278	0	148	0	766	0	1538	0	186	0	68	0	178	0	642	0	312	0	0	0	108	0	148	0	0	0	0	176	0	0	0	0	0	0	
385704	ParaHippocampal_R	0	5732	86	6584	0	0	0	3808	0	0	104	1526	0	108	0	88	0	3122	130	5558	0	326	0	0	0	0	0	0	182	9016	110	156	0	0	310	850	522	47582	170	0	0	9054	0	490	0	0	156	5102	0	74	0	82	0	154	74	40610	0	376	0	0	0	264	0	256	0	0	0	1280	0	0	278	1450	0	17950	0	1294	78	3260	0	678	0	1022	0	4800	0	1374	0	3054	0	6050	0	660	0	66	0	1150	0	4154	0	860	0	0	0	146	0	72	0	0	0	0	0	82	144	96	92	0	
50228	Amygdala_L	0	0	342	0	212	0	0	0	0	0	0	0	0	0	126	0	96	0	336	0	628	0	0	0	146	0	98	0	4358	0	182	0	0	0	0	0	7430	0	4782	0	0	0	0	0	0	0	0	0	0	0	0	0	0	0	3264	0	0	0	0	0	0	0	0	0	0	0	0	0	0	0	0	0	898	0	0	0	0	0	0	0	742	0	384	0	108	0	170	0	812	0	0	0	0	0	0	0	0	0	0	0	0	0	0	0	0	0	0	0	0	0	0	0	0	0	0	0	
69352	Amygdala_R	0	0	0	0	0	338	0	0	0	0	0	0	0	0	0	282	0	0	0	0	86	1144	0	0	0	268	0	592	0	3372	0	242	0	0	0	0	0	9418	0	9054	0	0	0	0	0	0	0	0	0	0	0	0	0	0	0	4614	0	0	0	0	0	0	0	0	0	0	0	0	0	0	84	682	0	1516	0	74	0	0	0	0	0	0	0	2066	0	0	0	560	0	106	0	0	0	0	0	0	0	178	0	0	0	0	0	0	0	0	0	0	0	0	0	0	0	0	0	0	
254712	Calcarine_L	506	0	130	0	0	0	100	0	0	0	382	0	0	0	0	0	392	0	0	88	0	0	0	0	0	0	0	0	384	0	0	0	124	0	2466	76	2006	0	656	0	0	0	0	9082	12546	5670	15576	3526	10000	2790	26084	280	12980	66	4190	314	620	0	0	0	0	0	0	0	0	0	10984	272	238	0	0	76	84	0	0	0	160	0	138	0	162	0	0	0	1790	0	0	0	1108	0	410	0	0	0	0	0	0	0	566	0	0	0	0	0	0	0	0	0	0	0	0	258	76	0	0	0	
444572	Calcarine_R	148	1250	0	104	0	0	0	0	0	0	0	0	0	0	0	0	0	104	0	816	0	0	0	0	0	0	0	0	0	1336	0	0	190	2860	0	3022	0	1928	0	490	0	0	9082	0	6774	40740	1786	22744	0	26964	0	22356	0	12954	0	8054	0	2702	0	1138	0	394	0	158	0	318	1936	32432	0	2240	0	0	0	0	0	0	0	0	0	1222	0	100	0	0	0	8582	0	0	0	3472	146	352	0	0	0	0	344	754	316	986	0	0	0	0	0	0	0	0	0	0	716	276	0	0	0	0	
175676	Cuneus_L	266	0	0	0	0	0	0	0	0	0	0	0	0	0	0	0	80	0	0	138	0	0	0	0	0	0	0	0	88	0	0	0	290	0	1100	0	0	0	0	0	0	0	12546	6774	0	10164	1634	320	18476	3778	9744	1012	3424	0	762	180	738	0	1520	0	148	0	0	0	140	0	9860	1430	1228	0	0	214	0	0	0	0	0	0	0	0	0	0	0	0	368	0	0	0	848	0	102	0	0	0	0	0	0	0	278	0	0	0	0	0	0	0	0	0	0	0	0	188	0	0	0	0	
390716	Cuneus_R	134	1338	0	124	0	0	0	0	0	0	0	0	0	0	0	0	0	98	0	780	0	0	0	0	0	0	0	0	0	852	0	0	112	2810	0	1604	0	546	0	0	0	0	5670	40740	10164	0	168	2664	268	42342	0	20456	0	5578	0	1388	0	3476	256	3216	0	458	0	140	0	358	5432	29986	0	2546	0	0	0	0	0	0	0	0	0	822	0	104	0	0	0	7064	0	0	0	3664	0	0	0	0	0	0	0	0	0	0	0	0	0	0	0	0	0	0	0	0	0	0	0	0	0	0	
309980	Lingual_L	164	352	0	192	0	0	0	96	0	0	102	0	0	0	0	0	0	0	0	252	0	0	0	0	0	0	0	0	196	0	0	0	0	0	2690	1302	6234	1254	5364	156	0	0	15576	1786	1634	168	0	5232	3766	248	14704	90	8586	668	22062	1328	106	0	0	0	0	0	0	0	0	0	4350	580	0	0	0	0	132	98	0	0	516	1336	208	0	78	0	0	0	206	0	0	0	424	0	8248	642	440	0	286	0	10378	2484	17032	1974	0	0	0	0	0	0	0	0	0	102	5668	4496	1004	0	0	0	
366272	Lingual_R	66	300	0	186	0	0	0	104	0	0	0	0	0	0	0	0	0	0	0	196	0	0	0	0	0	0	0	0	0	0	0	0	0	0	0	2204	328	5698	182	5102	0	0	3526	22744	320	2664	5232	0	0	5110	0	4090	118	12560	1526	26908	0	0	0	0	0	0	0	0	0	0	0	6248	0	0	0	76	82	532	0	0	108	610	0	0	0	0	0	0	0	374	0	0	214	1096	3730	4760	546	100	240	1618	5916	14460	8340	13236	194	0	576	336	162	104	0	0	80	376	9658	8862	896	164	170	108	
196224	Occipital_Sup_L	574	0	0	0	0	0	0	0	0	0	78	0	0	0	0	0	348	0	0	0	0	0	0	0	0	0	0	0	186	0	0	0	496	0	652	0	0	0	0	0	0	0	10000	0	18476	268	3766	0	0	0	29456	0	4500	0	1082	0	1506	0	3018	0	1564	0	816	0	1932	0	10296	760	812	0	0	0	0	0	0	0	0	0	70	0	316	0	0	0	5404	0	0	0	982	0	166	0	0	0	0	0	0	0	300	0	0	0	0	0	0	0	0	0	0	0	0	222	66	0	0	0	
408156	Occipital_Sup_R	0	2412	0	186	0	0	0	112	0	0	0	72	0	0	0	0	0	626	0	780	0	0	0	0	0	0	0	0	0	856	0	0	0	1866	0	1326	0	544	0	74	0	0	2790	26964	3778	42342	248	5110	0	0	0	39678	0	2768	0	1726	0	4020	0	6700	0	3708	0	1770	0	6852	2768	23426	0	2830	0	0	0	0	0	0	0	0	0	874	0	306	0	0	0	10580	0	0	0	5986	0	0	0	0	0	0	0	0	0	0	0	0	0	0	0	0	0	0	0	0	0	0	0	0	0	0	
512596	Occipital_Mid_L	2768	0	606	68	0	0	548	0	0	0	1372	0	0	0	0	0	2848	0	176	88	0	0	86	0	0	0	0	0	2068	0	0	0	738	0	122	0	400	0	0	0	0	0	26084	0	9744	0	14704	0	29456	0	0	0	28716	0	9286	0	8834	0	15226	0	15466	0	4498	0	22766	0	16084	0	2156	0	218	0	282	0	0	0	336	0	1270	0	2674	0	0	0	25194	0	0	0	6710	0	1340	0	0	0	0	0	116	0	1750	0	0	0	0	0	0	0	0	0	0	0	70	1172	258	0	0	0	
368016	Occipital_Mid_R	0	2086	0	218	0	0	0	100	0	0	0	90	0	0	0	0	0	556	0	722	0	0	0	0	0	0	0	0	0	1308	0	0	68	1408	0	702	0	306	0	82	0	0	280	22356	1012	20456	90	4090	0	39678	0	0	0	5940	0	3166	0	2074	0	2982	0	5106	0	1896	0	17696	2206	15466	0	1778	0	0	0	0	0	0	0	0	0	1292	0	1098	0	0	0	19922	0	0	0	7554	0	0	0	0	0	0	0	0	0	140	0	0	0	0	0	0	0	0	0	0	0	84	0	0	0	0	
245232	Occipital_Inf_L	2484	0	184	0	0	0	256	0	0	0	348	0	0	0	0	0	2382	0	0	0	0	0	0	0	0	0	0	0	3136	0	0	0	100	0	2072	0	666	0	0	0	0	0	12980	0	3424	0	8586	118	4500	0	28716	0	0	0	16814	0	1296	0	0	0	110	0	672	0	192	0	4916	0	320	0	118	0	168	0	0	0	158	0	2348	0	1736	0	0	0	5016	0	0	0	13726	0	1310	0	230	0	0	0	828	146	1804	0	0	0	0	0	0	0	0	0	0	0	664	92	0	0	0	0	
202716	Occipital_Inf_R	82	1484	0	138	0	0	0	0	0	0	0	0	0	0	0	0	0	74	0	698	0	0	0	0	0	0	0	0	0	366	0	0	0	802	0	558	0	1252	0	154	0	0	66	12954	0	5578	668	12560	0	2768	0	5940	0	0	86	19456	0	590	0	114	0	0	0	0	0	122	228	7898	0	1006	0	0	0	0	0	0	0	0	0	190	0	0	0	0	0	2512	0	0	0	6358	444	1614	66	0	0	0	966	2552	1208	5276	0	0	90	104	0	0	0	0	0	0	1756	2506	74	0	0	0	
545820	Fusiform_L	2526	0	814	238	0	0	438	0	0	0	1810	0	0	0	0	0	2644	0	704	548	66	0	0	0	0	0	0	0	10932	0	90	0	324	0	2312	242	18164	252	8982	74	3264	0	4190	0	762	0	22062	1526	1082	0	9286	0	16814	86	0	264	1024	0	232	0	88	0	426	0	220	0	3086	0	250	0	66	0	1356	0	0	0	1670	780	5666	0	7532	0	4442	0	7484	0	1232	0	29486	0	26794	1102	3550	0	178	92	16986	1838	33180	1598	1194	0	1836	0	502	0	0	0	0	96	4740	2308	1274	106	0	0	
705044	Fusiform_R	68	10634	94	6226	0	0	0	4096	0	0	100	1496	0	108	0	0	0	3788	116	5842	0	0	0	0	0	0	0	0	178	11708	110	160	0	738	138	2246	202	50974	0	40610	0	4614	314	8054	180	1388	1328	26908	0	1726	0	3166	0	19456	264	0	0	608	0	0	0	218	0	314	0	0	0	3372	0	1276	276	868	0	16266	0	740	0	2088	0	1298	0	2358	0	4634	0	7346	0	1710	0	32020	950	13958	142	352	0	1056	2400	14808	2268	22938	0	0	202	746	88	158	0	0	0	124	4856	4370	332	168	184	0	
260636	Postcentral_L	25540	784	2982	528	0	0	1596	0	0	0	2414	0	72	0	0	0	7768	0	930	424	0	0	0	0	0	0	0	0	5156	0	0	136	100	0	428	152	2332	126	384	0	0	0	620	0	738	0	106	0	1506	0	8834	0	1296	0	1024	0	0	0	8006	0	20532	0	9830	0	2752	0	5934	0	3806	0	192	0	2750	0	478	0	2454	340	2854	0	1754	0	0	0	1396	0	0	0	1264	0	0	0	0	0	0	0	0	0	0	0	0	0	0	0	0	0	0	0	0	0	0	0	0	0	0	0	
163876	Postcentral_R	96	9788	0	432	0	0	0	422	0	0	0	1546	0	0	0	0	0	5574	0	332	0	0	0	0	0	0	0	0	0	550	0	0	0	898	74	2502	0	1368	0	376	0	0	0	2702	0	3476	0	0	0	4020	0	2074	0	590	0	608	0	0	0	5362	0	6568	0	13574	0	1918	116	9886	0	4560	0	130	0	138	0	0	0	158	0	306	0	376	0	0	0	1056	0	0	0	362	0	0	0	0	0	0	0	0	0	0	0	0	0	0	0	0	0	0	0	0	0	0	0	0	0	0	
158232	Parietal_Sup_L	110	0	0	0	0	0	0	0	0	0	0	0	0	0	0	0	644	0	0	0	0	0	0	0	0	0	0	0	190	0	0	0	1442	86	0	0	0	0	0	0	0	0	0	0	1520	256	0	0	3018	0	15226	0	0	0	232	0	8006	0	0	0	15058	0	2330	0	5552	0	16960	1354	696	0	0	0	0	0	0	0	0	0	502	0	998	0	0	0	2438	0	0	0	2498	0	0	0	0	0	0	0	0	0	0	0	0	0	0	0	0	0	0	0	0	0	0	0	0	0	0	0	
80812	Parietal_Sup_R	0	94	0	0	0	0	0	0	0	0	0	0	0	0	0	0	0	0	0	0	0	0	0	0	0	0	0	0	0	0	0	0	0	268	0	148	0	0	0	0	0	0	0	1138	0	3216	0	0	0	6700	0	2982	0	114	0	0	0	5362	0	0	0	3444	0	318	0	3506	980	8994	0	3142	0	0	0	0	0	0	0	0	0	0	0	0	0	0	0	0	0	0	0	0	0	0	0	0	0	0	0	0	0	0	0	0	0	0	0	0	0	0	0	0	0	0	0	0	0	0	
187204	Parietal_Inf_L	1500	0	0	0	0	0	0	0	0	0	0	0	0	0	0	0	126	0	0	0	0	0	0	0	0	0	0	0	0	0	0	0	82	0	0	0	0	0	0	0	0	0	0	0	148	0	0	0	1564	0	15466	0	110	0	88	0	20532	0	15058	0	0	0	11730	0	14634	0	5988	0	1852	0	0	0	0	0	0	0	0	0	72	0	610	0	0	0	2130	0	0	0	1912	0	0	0	0	0	0	0	0	0	0	0	0	0	0	0	0	0	0	0	0	0	0	0	0	0	0	0	
122660	Parietal_Inf_R	0	2922	0	174	0	0	0	472	0	0	0	478	0	0	0	0	0	766	0	70	0	0	0	0	0	0	0	0	0	0	0	0	0	66	0	124	0	442	0	264	0	0	0	394	0	458	0	0	0	3708	0	5106	0	0	0	218	0	6568	0	3444	0	0	0	16216	0	14406	0	1878	0	92	0	74	0	254	0	0	0	166	0	0	0	640	0	0	0	1396	0	0	0	534	0	0	0	0	0	0	0	0	0	0	0	0	0	0	0	0	0	0	0	0	0	0	0	0	0	0	
115744	SupraMarginal_L	456	0	0	0	0	0	0	0	0	0	0	0	0	0	0	0	1574	0	0	0	0	0	0	0	0	0	0	0	266	0	0	0	0	0	0	0	0	0	0	0	0	0	0	0	0	0	0	0	816	0	4498	0	672	0	426	0	9830	0	2330	0	11730	0	0	0	7020	0	1688	0	0	0	0	0	0	0	0	0	0	0	146	0	5908	0	0	0	7372	0	0	0	3140	0	0	0	0	0	0	0	0	0	0	0	0	0	0	0	0	0	0	0	0	0	0	0	0	0	0	0	
131152	SupraMarginal_R	0	3364	0	222	0	0	0	494	0	0	0	328	0	0	0	0	0	4612	0	80	0	0	0	0	0	0	0	0	0	126	0	0	0	0	0	0	0	460	0	256	0	0	0	158	0	140	0	0	0	1770	0	1896	0	0	0	314	0	13574	0	318	0	16216	0	0	0	9322	0	474	0	80	0	88	0	212	0	0	0	160	0	150	0	5298	0	0	0	4080	0	0	0	1384	0	0	0	0	0	0	0	0	0	0	0	0	0	0	0	0	0	0	0	0	0	0	0	0	0	0	
149792	Angular_L	592	0	186	0	0	0	218	0	0	0	482	0	0	0	0	0	234	0	82	0	0	0	0	0	0	0	0	0	164	0	0	0	0	0	0	0	0	0	0	0	0	0	0	0	140	0	0	0	1932	0	22766	0	192	0	220	0	2752	0	5552	0	14634	0	7020	0	0	0	1812	0	774	0	0	0	0	0	0	0	66	0	172	0	1568	0	0	0	10346	0	0	0	2992	0	0	0	0	0	0	0	0	0	0	0	0	0	0	0	0	0	0	0	0	0	0	0	0	0	0	0	
141612	Angular_R	0	1788	0	0	0	0	0	266	0	0	0	272	0	0	0	0	0	956	0	94	0	0	0	0	0	0	0	0	0	0	0	0	0	0	0	100	0	80	0	0	0	0	0	318	0	358	0	0	0	6852	0	17696	0	122	0	0	0	1918	0	3506	0	14406	0	9322	0	0	0	914	0	558	0	0	0	0	0	0	0	0	0	0	0	4070	0	0	0	6016	0	0	0	1194	0	0	0	0	0	0	0	0	0	0	0	0	0	0	0	0	0	0	0	0	0	0	0	0	0	0	
310244	Precuneus_L	880	0	0	0	0	0	0	0	0	0	106	0	0	0	0	0	740	0	0	760	0	0	0	0	0	0	0	0	438	66	0	0	3148	2480	5668	1774	2952	280	1164	0	0	0	10984	1936	9860	5432	4350	0	10296	2768	16084	2206	4916	228	3086	0	5934	116	16960	980	5988	0	1688	0	1812	0	0	12598	2858	1034	0	78	0	0	0	0	102	200	696	66	766	0	0	0	5772	460	0	0	4162	250	0	0	0	0	0	0	0	0	0	0	0	0	0	0	0	0	0	0	0	0	0	0	0	0	0	0	
455744	Precuneus_R	428	2830	0	276	0	0	0	198	0	0	0	0	0	0	0	0	0	288	0	2238	0	0	0	0	0	0	0	0	0	808	0	0	1388	9142	1340	14296	750	8116	446	1280	0	0	272	32432	1430	29986	580	6248	760	23426	0	15466	0	7898	0	3372	0	9886	1354	8994	0	1878	0	474	0	914	12598	0	378	9042	0	0	0	142	0	0	0	842	0	700	0	116	0	0	0	8870	0	0	0	4458	0	96	0	0	0	0	66	338	78	290	0	0	0	0	0	0	0	0	0	0	594	70	0	0	0	0	
68696	Paracentral_Lobule_L	3970	188	1030	494	0	0	234	92	0	0	0	0	0	0	0	0	118	0	3052	2608	0	0	0	0	0	0	0	0	0	0	0	0	968	1208	1772	406	0	0	0	0	0	0	238	0	1228	0	0	0	812	0	2156	0	320	0	250	0	3806	0	696	0	1852	0	0	0	774	0	2858	378	0	1086	74	0	134	0	68	0	0	0	144	0	78	0	0	0	590	0	0	0	666	0	0	0	0	0	0	0	0	0	0	0	0	0	0	0	0	0	0	0	0	0	0	0	0	0	0	0	
148840	Paracentral_Lobule_R	1976	2660	0	0	0	0	0	0	0	0	0	0	0	0	0	0	0	0	276	12714	0	0	0	0	0	0	0	0	0	0	0	0	1862	12452	400	6570	0	1134	0	0	0	0	0	2240	0	2546	0	0	0	2830	0	1778	0	1006	0	1276	0	4560	0	3142	0	92	0	80	0	558	1034	9042	1086	0	0	0	0	0	0	0	0	0	0	0	0	146	0	0	0	1294	0	0	0	1666	0	0	0	0	0	0	0	0	0	0	0	0	0	0	0	0	0	0	0	0	0	0	0	0	0	0	
319232	Caudate_L	2916	856	12842	3670	1176	244	1674	652	0	0	8088	1144	4736	1208	2516	602	1198	1986	8440	4930	8014	6872	2096	412	1138	370	2748	812	12064	1340	10936	5808	124	708	72	0	276	384	0	278	0	84	0	0	0	0	0	0	0	0	218	0	118	0	66	276	192	0	0	0	0	0	0	0	0	0	0	0	74	0	0	6712	24110	1584	1930	0	9202	404	0	0	614	0	510	0	88	0	0	0	104	0	0	0	0	0	0	0	0	0	0	0	0	0	0	0	0	0	0	0	0	0	0	0	0	0	0	0	
342428	Caudate_R	1332	10362	476	18594	366	2954	224	4556	0	84	96	686	66	4816	98	5550	0	234	858	17376	4580	8192	70	3894	538	3518	1372	3956	166	2980	3730	12728	0	134	258	102	536	2064	102	1450	0	682	76	0	214	0	0	76	0	0	0	0	0	0	0	868	0	130	0	0	0	74	0	88	0	0	78	0	0	0	6712	0	2582	17016	0	1242	1028	21084	0	0	0	0	0	0	0	0	0	0	0	0	0	0	0	0	0	0	0	72	0	0	0	0	0	0	0	0	0	0	0	94	0	0	0	0	0	0	
354520	Putamen_L	11474	1032	23656	2544	886	78	3016	248	0	0	2592	0	2396	86	2658	82	886	122	15972	3516	4200	2562	2250	216	1210	116	658	106	20032	110	8180	1554	120	338	122	0	9132	0	3340	0	898	0	84	0	0	0	132	82	0	0	282	0	168	0	1356	0	2750	0	0	0	0	0	0	0	0	0	0	0	134	0	24110	2582	0	426	5782	0	10430	402	120	0	736	0	502	0	118	0	0	0	562	0	0	0	0	0	0	0	0	0	0	0	0	0	0	0	0	0	0	0	0	114	0	0	0	0	0	0	
430796	Putamen_R	0	3622	102	18316	84	4968	0	7088	0	106	144	5394	0	846	0	2364	0	6744	764	19570	1122	2144	96	3396	238	3048	538	2616	254	24882	2156	9308	0	196	484	538	652	25448	150	17950	0	1516	0	0	0	0	98	532	0	0	0	0	0	0	0	16266	0	138	0	0	0	254	0	212	0	0	0	142	0	0	1584	17016	426	0	0	2076	0	5130	0	86	0	868	0	390	0	404	0	0	0	1644	0	224	0	0	0	308	0	494	0	262	0	0	0	0	0	0	0	0	0	0	0	0	0	0	0	0	
38528	Pallidum_L	2156	386	3748	402	0	0	774	0	0	0	0	0	0	0	0	0	0	0	1234	216	0	0	0	0	0	0	0	0	98	0	0	0	0	0	0	0	244	0	88	0	0	0	0	0	0	0	0	0	0	0	0	0	0	0	0	0	478	0	0	0	0	0	0	0	0	0	0	0	68	0	1930	0	5782	0	0	0	1660	0	0	0	0	0	0	0	0	0	0	0	0	0	0	0	0	0	0	0	0	0	0	0	0	0	0	0	0	0	0	0	0	0	0	0	0	0	0	0	
20588	Pallidum_R	0	198	0	974	0	0	0	164	0	0	0	0	0	0	0	0	0	0	0	1520	0	0	0	0	0	0	0	0	0	216	0	0	0	0	0	0	0	1646	0	1294	0	74	0	0	0	0	0	0	0	0	0	0	0	0	0	740	0	0	0	0	0	0	0	0	0	0	0	0	0	0	0	1242	0	2076	0	0	0	150	0	0	0	0	0	0	0	0	0	0	0	0	0	0	0	0	0	0	0	0	0	0	0	0	0	0	0	0	0	0	0	0	0	0	0	0	0	0	
196728	Thalamus_L	17864	224	5248	1134	0	0	5792	208	0	0	3944	0	80	0	112	0	2126	0	424	2346	0	0	138	0	0	0	0	0	7286	0	210	118	0	0	368	242	10150	208	2582	78	0	0	160	0	0	0	516	108	0	0	336	0	158	0	1670	0	2454	0	0	0	0	0	0	0	66	0	102	0	0	0	9202	1028	10430	0	1660	0	0	5954	1258	0	514	0	0	0	614	0	0	0	870	0	0	0	0	0	0	0	0	0	0	0	0	0	0	0	0	0	0	0	0	382	0	0	0	0	0	0	
278492	Thalamus_R	2962	20626	616	20692	0	0	676	8016	0	0	294	724	0	774	0	774	194	210	76	9426	0	0	0	210	0	0	0	0	830	564	0	268	0	0	4242	4488	6516	9056	1686	3260	0	0	0	0	0	0	1336	610	0	0	0	0	0	0	780	2088	340	158	0	0	0	166	0	160	0	0	200	842	0	0	404	21084	402	5130	0	150	5954	0	316	0	80	186	0	0	186	82	0	0	416	196	0	0	0	0	0	0	0	332	0	0	0	0	0	0	0	0	0	0	0	468	0	0	0	0	0	0	
137328	Heschl_L	2554	152	776	194	0	0	256	0	0	0	2254	0	0	0	0	0	9934	0	252	266	0	0	0	0	0	0	0	0	10588	0	0	0	284	0	168	68	3830	74	830	0	0	0	138	0	0	0	208	0	70	0	1270	0	2348	0	5666	0	2854	0	502	0	72	0	146	0	172	0	696	0	144	0	0	0	120	0	0	0	1258	316	0	0	7060	0	0	0	4508	0	0	0	8636	0	0	0	0	0	0	0	0	0	0	0	0	0	0	0	0	0	0	0	0	0	0	0	0	0	0	0	
55584	Heschl_R	0	932	0	250	0	0	0	128	0	0	0	138	0	0	0	0	0	2270	0	108	0	0	0	0	0	0	0	0	0	5022	0	0	0	0	0	0	0	900	0	678	0	0	0	1222	0	822	0	0	0	874	0	1292	0	190	0	1298	0	306	0	0	0	0	0	150	0	0	66	700	0	0	0	0	0	86	0	0	0	0	0	0	0	4332	0	0	0	3084	0	0	0	2944	0	0	0	0	0	0	0	0	0	0	0	0	0	0	0	0	0	0	0	0	0	0	0	0	0	0	
271800	Temporal_Sup_L	5004	80	5730	270	0	0	1860	0	0	0	4316	0	218	0	0	0	17792	0	4308	418	0	0	134	0	0	0	0	0	16792	0	298	214	92	96	0	0	3920	0	1084	0	742	0	162	0	0	0	78	0	316	0	2674	0	1736	0	7532	0	1754	0	998	0	610	0	5908	0	1568	0	766	0	78	0	614	0	736	0	0	0	514	80	7060	0	0	0	3984	0	19374	0	142	0	14098	0	536	0	166	0	0	0	286	0	680	0	0	0	82	0	0	0	0	0	0	0	0	0	0	0	0	0	
126112	Temporal_Sup_R	0	1010	0	664	0	0	0	96	0	0	0	188	0	0	0	1886	0	3688	0	540	0	0	0	0	0	0	0	0	0	5374	0	0	0	0	0	0	0	1628	0	1022	0	0	0	100	0	104	0	0	0	306	0	1098	0	0	0	2358	0	376	0	0	0	640	0	5298	0	4070	0	116	0	146	0	0	0	868	0	0	0	186	0	4332	0	0	0	4326	0	17154	0	496	0	4986	0	0	0	0	0	0	0	0	0	0	0	0	0	0	0	0	0	0	0	0	0	0	0	0	0	0	
66384	Temporal_Pole_Sup_L	0	0	314	0	488	0	0	0	0	0	888	0	162	0	1468	0	500	0	274	0	884	0	0	0	70	0	0	0	3166	0	170	0	0	0	0	0	276	0	1278	0	384	0	0	0	0	0	0	0	0	0	0	0	0	0	4442	0	0	0	0	0	0	0	0	0	0	0	0	0	0	0	510	0	502	0	0	0	0	0	0	0	3984	0	0	0	6034	0	2546	0	4852	0	0	0	0	0	0	0	0	0	0	0	0	0	0	0	0	0	0	0	0	0	0	0	0	0	0	0	
60668	Temporal_Pole_Sup_R	0	0	0	198	0	126	0	0	0	0	0	88	0	0	0	2242	0	574	0	170	0	426	0	0	0	0	0	122	0	1896	0	0	0	0	0	0	0	382	0	4800	0	2066	0	0	0	0	0	0	0	0	0	0	0	0	0	4634	0	0	0	0	0	0	0	0	0	0	0	0	0	0	0	0	0	390	0	0	0	0	0	0	0	4326	0	0	0	2914	0	4370	0	610	0	0	0	0	0	0	0	0	0	0	0	0	0	0	0	0	0	0	0	0	0	0	0	0	0	0	
322316	Temporal_Mid_L	1272	0	584	96	0	0	206	0	0	0	1114	0	0	0	0	0	4592	0	344	190	0	0	0	0	0	0	0	0	5934	0	84	0	558	0	0	0	1078	0	148	0	108	0	1790	0	368	0	206	0	5404	0	25194	0	5016	0	7484	0	1396	0	2438	0	2130	0	7372	0	10346	0	5772	0	590	0	88	0	118	0	0	0	614	186	4508	0	19374	0	6034	0	0	0	2012	0	35806	0	248	0	88	0	0	0	0	0	268	0	0	0	0	0	0	0	0	0	0	0	0	0	0	0	0	0	
294472	Temporal_Mid_R	0	2830	0	352	0	0	0	70	0	0	0	0	0	0	0	68	0	552	0	812	0	0	0	0	0	0	0	0	0	3070	0	0	0	364	0	516	0	2530	0	1374	0	0	0	8582	0	7064	0	374	0	10580	0	19922	0	2512	0	7346	0	1056	0	0	0	1396	0	4080	0	6016	460	8870	0	1294	0	0	0	404	0	0	0	82	0	3084	0	17154	0	2914	0	0	0	2102	0	29322	0	0	0	0	0	0	0	84	0	0	0	0	0	0	0	0	0	0	0	0	0	0	0	0	0	0	
17660	Temporal_Pole_Mid_L	0	0	0	0	0	0	0	0	0	0	0	0	0	0	0	0	0	0	0	0	0	0	0	0	0	0	0	0	0	0	0	0	0	0	0	0	0	0	766	0	170	0	0	0	0	0	0	0	0	0	0	0	0	0	1232	0	0	0	0	0	0	0	0	0	0	0	0	0	0	0	0	0	0	0	0	0	0	0	0	0	142	0	2546	0	2012	0	0	0	1962	0	0	0	0	0	0	0	0	0	0	0	0	0	0	0	0	0	0	0	0	0	0	0	0	0	0	0	
26168	Temporal_Pole_Mid_R	0	0	0	0	0	0	0	0	0	0	0	0	0	0	0	0	0	0	0	0	0	0	0	0	0	0	0	0	0	0	0	0	0	0	0	0	0	152	0	3054	0	560	0	0	0	0	0	0	0	0	0	0	0	0	0	1710	0	0	0	0	0	0	0	0	0	0	0	0	0	0	0	0	0	0	0	0	0	0	0	0	0	496	0	4370	0	2102	0	0	0	640	0	0	0	0	0	0	0	0	0	0	0	0	0	0	0	0	0	0	0	0	0	0	0	0	0	0	
383156	Temporal_Inf_L	2506	0	580	154	0	0	474	0	0	0	1062	0	0	0	0	0	6938	0	430	362	0	0	0	0	0	0	0	0	11590	0	90	0	490	0	1778	0	7426	0	1538	0	812	0	1108	0	848	0	424	214	982	0	6710	0	13726	0	29486	0	1264	0	2498	0	1912	0	3140	0	2992	0	4162	0	666	0	104	0	562	0	0	0	870	416	8636	0	14098	0	4852	0	35806	0	1962	0	0	0	7750	0	864	0	94	0	2836	232	4634	100	328	0	462	0	0	0	0	0	0	0	458	152	0	0	0	0	
309616	Temporal_Inf_R	0	7790	0	850	0	0	0	474	0	0	0	90	0	0	0	0	0	1220	0	1680	0	0	0	0	0	0	0	0	0	4756	0	0	0	876	0	2274	0	17180	0	6050	0	106	0	3472	0	3664	0	1096	0	5986	0	7554	0	6358	0	32020	0	362	0	0	0	534	0	1384	0	1194	250	4458	0	1666	0	0	0	1644	0	0	0	196	0	2944	0	4986	0	610	0	29322	0	640	0	0	0	736	0	0	0	0	0	180	0	206	0	0	0	0	0	0	0	0	0	0	0	0	0	0	0	0	
499012	Cerebelum_Crus1_L	0	0	0	0	0	0	0	0	0	0	0	0	0	0	0	0	0	0	0	0	0	0	0	0	0	0	0	0	468	0	0	0	0	0	0	0	360	0	186	0	0	0	410	146	102	0	8248	3730	166	0	1340	0	1310	444	26794	950	0	0	0	0	0	0	0	0	0	0	0	0	0	0	0	0	0	0	0	0	0	0	0	0	536	0	0	0	248	0	0	0	7750	0	0	4466	33926	2740	442	1436	23300	5586	50666	6960	12072	708	14024	1800	3588	1138	624	100	320	710	10778	8834	8142	1866	1626	466	
413764	Cerebelum_Crus1_R	0	0	0	0	0	0	0	0	0	0	0	0	0	0	0	0	0	0	0	72	0	0	0	0	0	0	0	0	0	0	0	0	0	0	0	0	0	492	0	660	0	0	0	352	0	0	642	4760	0	0	0	0	0	1614	1102	13958	0	0	0	0	0	0	0	0	0	0	0	96	0	0	0	0	0	224	0	0	0	0	0	0	0	0	0	0	0	0	0	0	0	736	4466	0	1246	26526	0	4776	4254	25698	4306	52608	0	5774	218	20936	254	2308	0	160	140	1766	8318	5420	10960	1068	894	78	
330712	Cerebelum_Crus2_L	0	0	0	0	0	0	0	0	0	0	0	0	0	0	0	0	0	0	0	0	0	0	0	0	0	0	0	0	112	0	0	0	0	0	0	0	116	0	68	0	0	0	0	0	0	0	440	546	0	0	0	0	230	66	3550	142	0	0	0	0	0	0	0	0	0	0	0	0	0	0	0	0	0	0	0	0	0	0	0	0	166	0	0	0	88	0	0	0	864	0	33926	1246	0	9228	212	754	4346	1536	10298	1472	27376	6566	24164	7218	1330	998	74	0	156	402	2958	2242	11658	8890	1432	486	
323796	Cerebelum_Crus2_R	0	0	0	0	0	0	0	0	0	0	0	0	0	0	0	0	0	0	0	0	0	0	0	0	0	0	0	0	0	0	0	0	0	0	0	0	0	0	0	66	0	0	0	0	0	0	0	100	0	0	0	0	0	0	0	352	0	0	0	0	0	0	0	0	0	0	0	0	0	0	0	0	0	0	0	0	0	0	0	0	0	0	0	0	0	0	0	0	0	0	2740	26526	9228	0	100	1374	1294	1472	658	4996	5296	24342	4308	38826	734	6832	0	444	456	1430	1338	2698	15044	8726	2518	0	
38820	Cerebelum_3_L	0	0	0	0	0	0	0	0	0	0	0	0	0	0	0	0	0	0	0	0	0	0	0	0	0	0	0	0	0	0	0	0	0	0	0	0	0	0	178	0	0	0	0	0	0	0	286	240	0	0	0	0	0	0	178	0	0	0	0	0	0	0	0	0	0	0	0	0	0	0	0	0	0	0	0	0	0	0	0	0	0	0	0	0	0	0	0	0	94	0	442	0	212	100	0	126	5470	308	1082	154	278	0	1256	144	2246	200	284	0	1520	2628	688	588	162	178	258	110	
120700	Cerebelum_3_R	0	0	0	0	0	0	0	0	0	0	0	0	0	0	0	0	0	0	0	128	0	0	0	0	0	0	0	0	0	0	0	0	0	0	0	0	0	1002	0	1150	0	0	0	0	0	0	0	1618	0	0	0	0	0	0	92	1056	0	0	0	0	0	0	0	0	0	0	0	0	0	0	0	0	0	308	0	0	0	0	0	0	0	0	0	0	0	0	0	0	0	0	1436	4776	754	1374	126	0	2486	9022	1526	8280	98	0	398	3098	478	2346	0	244	580	4866	3180	2334	2416	2558	2620	0	
429416	Cerebelum_4_5_L	0	0	0	0	0	0	0	0	0	0	0	0	0	0	0	0	0	0	0	0	0	0	0	0	0	0	0	0	312	0	0	0	0	0	0	0	382	0	642	0	0	0	0	344	0	0	10378	5916	0	0	116	0	828	966	16986	2400	0	0	0	0	0	0	0	0	0	0	0	66	0	0	0	0	0	0	0	0	0	0	0	0	286	0	0	0	0	0	0	0	2836	0	23300	4254	4346	1294	5470	2486	0	12236	38914	8450	2168	0	8162	1826	6942	1650	856	130	1508	3748	27388	7910	2584	2386	2960	1282	
389184	Cerebelum_4_5_R	0	340	0	204	0	0	0	76	0	0	0	0	0	0	0	0	0	0	0	170	0	0	0	0	0	0	0	0	0	104	0	0	0	0	0	0	84	3036	0	4154	0	178	0	754	0	0	2484	14460	0	0	0	0	146	2552	1838	14808	0	0	0	0	0	0	0	0	0	0	0	338	0	0	0	72	0	494	0	0	0	332	0	0	0	0	0	0	0	84	0	0	232	180	5586	25698	1536	1472	308	9022	12236	0	8900	38982	262	0	938	3098	444	1694	0	312	236	2880	20398	6612	2532	1792	1914	620	
525648	Cerebelum_6_L	0	0	0	0	0	0	0	0	0	0	0	0	0	0	0	0	0	0	0	0	0	0	0	0	0	0	0	0	604	0	0	0	0	0	0	0	496	0	312	0	0	0	566	316	278	0	17032	8340	300	0	1750	0	1804	1208	33180	2268	0	0	0	0	0	0	0	0	0	0	0	78	0	0	0	0	0	0	0	0	0	0	0	0	680	0	0	0	268	0	0	0	4634	0	50666	4306	10298	658	1082	1526	38914	8900	0	9430	3482	0	6462	934	2132	1932	164	264	378	838	19042	15894	5932	2252	2542	682	
467088	Cerebelum_6_R	0	0	0	0	0	0	0	0	0	0	0	0	0	0	0	0	0	0	0	66	0	0	0	0	0	0	0	0	0	0	0	0	0	0	0	0	0	636	0	860	0	0	0	986	0	0	1974	13236	0	0	0	140	0	5276	1598	22938	0	0	0	0	0	0	0	0	0	0	0	290	0	0	0	0	0	262	0	0	0	0	0	0	0	0	0	0	0	0	0	0	100	206	6960	52608	1472	4996	154	8280	8450	38982	9430	0	158	236	702	6422	542	1996	0	276	254	2482	15262	13132	8614	1712	1648	208	
267932	Cerebelum_7b_L	0	0	0	0	0	0	0	0	0	0	0	0	0	0	0	0	0	0	0	0	0	0	0	0	0	0	0	0	0	0	0	0	0	0	0	0	102	0	0	0	0	0	0	0	0	0	0	194	0	0	0	0	0	0	1194	0	0	0	0	0	0	0	0	0	0	0	0	0	0	0	0	0	0	0	0	0	0	0	0	0	0	0	0	0	0	0	0	0	328	0	12072	0	27376	5296	278	98	2168	262	3482	158	0	6290	34312	8146	5942	1218	1720	0	0	164	1296	1290	6634	11278	2058	610	
193236	Cerebelum_7b_R	0	0	0	0	0	0	0	0	0	0	0	0	0	0	0	0	0	0	0	0	0	0	0	0	0	0	0	0	0	0	0	0	0	0	0	0	0	0	0	0	0	0	0	0	0	0	0	0	0	0	0	0	0	0	0	0	0	0	0	0	0	0	0	0	0	0	0	0	0	0	0	0	0	0	0	0	0	0	0	0	0	0	0	0	0	0	0	0	0	0	708	5774	6566	24342	0	0	0	0	0	236	6290	0	4798	28140	86	4858	0	210	0	0	0	88	5916	8316	290	0	
352056	Cerebelum_8_L	0	0	0	0	0	0	0	0	0	0	0	0	0	0	0	0	0	0	0	0	0	0	0	0	0	0	0	0	106	0	0	0	0	0	0	0	128	0	108	0	0	0	0	0	0	0	0	576	0	0	0	0	0	90	1836	202	0	0	0	0	0	0	0	0	0	0	0	0	0	0	0	0	0	0	0	0	0	0	0	0	82	0	0	0	0	0	0	0	462	0	14024	218	24164	4308	1256	398	8162	938	6462	702	34312	4798	0	7816	20976	2766	3166	212	160	682	3686	4924	6006	14700	6114	1488	
393616	Cerebelum_8_R	0	0	0	0	0	0	0	0	0	0	0	0	0	0	0	0	0	0	0	0	0	0	0	0	0	0	0	0	0	0	0	0	0	0	0	0	0	120	0	146	0	0	0	0	0	0	0	336	0	0	0	0	0	104	0	746	0	0	0	0	0	0	0	0	0	0	0	0	0	0	0	0	0	0	0	0	0	0	0	0	0	0	0	0	0	0	0	0	0	0	1800	20936	7218	38826	144	3098	1826	3098	934	6422	8146	28140	7816	0	1014	21592	0	1534	668	2466	2160	4226	12316	15272	5562	142	
150044	Cerebelum_9_L	0	0	0	0	0	0	0	0	0	0	0	0	0	0	0	0	0	0	0	0	0	0	0	0	0	0	0	0	0	0	0	0	0	0	0	0	0	0	148	0	0	0	0	0	0	0	0	162	0	0	0	0	0	0	502	88	0	0	0	0	0	0	0	0	0	0	0	0	0	0	0	0	0	0	0	0	0	0	0	0	0	0	0	0	0	0	0	0	0	0	3588	254	1330	734	2246	478	6942	444	2132	542	5942	86	20976	1014	0	2154	5442	0	238	1116	2186	4656	1786	3548	5324	964	
184700	Cerebelum_9_R	0	0	0	0	0	0	0	0	0	0	0	0	0	0	0	0	0	0	0	0	0	0	0	0	0	0	0	0	0	0	0	0	0	0	0	0	0	0	0	72	0	0	0	0	0	0	0	104	0	0	0	0	0	0	0	158	0	0	0	0	0	0	0	0	0	0	0	0	0	0	0	0	0	0	0	0	0	0	0	0	0	0	0	0	0	0	0	0	0	0	1138	2308	998	6832	200	2346	1650	1694	1932	1996	1218	4858	2766	21592	2154	0	0	2768	856	2302	2712	5464	4462	8040	10232	1498	
27208	Cerebelum_10_L	0	0	0	0	0	0	0	0	0	0	0	0	0	0	0	0	0	0	0	0	0	0	0	0	0	0	0	0	0	0	0	0	0	0	0	0	0	0	0	0	0	0	0	0	0	0	0	0	0	0	0	0	0	0	0	0	0	0	0	0	0	0	0	0	0	0	0	0	0	0	0	0	0	0	0	0	0	0	0	0	0	0	0	0	0	0	0	0	0	0	624	0	74	0	284	0	856	0	164	0	1720	0	3166	0	5442	0	0	0	0	136	202	164	0	210	442	120	
20876	Cerebelum_10_R	0	0	0	0	0	0	0	0	0	0	0	0	0	0	0	0	0	0	0	0	0	0	0	0	0	0	0	0	0	0	0	0	0	0	0	0	0	0	0	0	0	0	0	0	0	0	0	0	0	0	0	0	0	0	0	0	0	0	0	0	0	0	0	0	0	0	0	0	0	0	0	0	0	0	0	0	0	0	0	0	0	0	0	0	0	0	0	0	0	0	100	160	0	444	0	244	130	312	264	276	0	210	212	1534	0	2768	0	0	0	102	166	926	648	970	972	0	
34084	Vermis_1_2	0	0	0	0	0	0	0	0	0	0	0	0	0	0	0	0	0	0	0	0	0	0	0	0	0	0	0	0	0	0	0	0	0	0	0	0	0	0	0	0	0	0	0	0	0	0	0	80	0	0	0	0	0	0	0	0	0	0	0	0	0	0	0	0	0	0	0	0	0	0	0	0	0	0	0	0	0	0	0	0	0	0	0	0	0	0	0	0	0	0	320	140	156	456	1520	580	1508	236	378	254	0	0	160	668	238	856	0	0	0	4758	1556	604	630	844	1000	100	
