data	data	579540	220732	1.07946e+06	779456	120708	81996	500180	274248	61632	50140	181192	175408	282464	127944	102884	71736	215424	139384	918784	928544	53628	58492	265052	225272	7736	46100	31780	28220	568260	342048	171968	324340	94656	448544	274448	348016	272544	470024	104704	286856	22848	49584	399340	458024	170548	319344	300836	440672	218168	303252	438988	259236	204572	194680	379048	567112	315620	237472	157432	80492	225800	79484	117312	117344	78160	127324	384396	542116	274860	167092	270288	390196	174624	318288	28556	9800	264184	342368	84348	23416	201408	194084	34348	71380	303252	292888	10684	13320	193544	291628	663816	588752	351700	402672	50208	62228	416876	282980	586684	583172	275080	132004	333244	444036	127240	238532	21264	5868	42364	88148	318448	300276	297292	180984	141840	54600	
data	data	Precentral_L	Precentral_R	Frontal_Sup_L	Frontal_Sup_R	Frontal_Sup_Orb_L	Frontal_Sup_Orb_R	Frontal_Mid_L	Frontal_Mid_R	Frontal_Mid_Orb_L	Frontal_Mid_Orb_R	Frontal_Inf_Oper_L	Frontal_Inf_Oper_R	Frontal_Inf_Tri_L	Frontal_Inf_Tri_R	Frontal_Inf_Orb_L	Frontal_Inf_Orb_R	Rolandic_Oper_L	Rolandic_Oper_R	Supp_Motor_Area_L	Supp_Motor_Area_R	Olfactory_L	Olfactory_R	Frontal_Sup_Medial_L	Frontal_Sup_Medial_R	Frontal_Med_Orb_L	Frontal_Med_Orb_R	Rectus_L	Rectus_R	Insula_L	Insula_R	Cingulum_Ant_L	Cingulum_Ant_R	Cingulum_Mid_L	Cingulum_Mid_R	Cingulum_Post_L	Cingulum_Post_R	Hippocampus_L	Hippocampus_R	ParaHippocampal_L	ParaHippocampal_R	Amygdala_L	Amygdala_R	Calcarine_L	Calcarine_R	Cuneus_L	Cuneus_R	Lingual_L	Lingual_R	Occipital_Sup_L	Occipital_Sup_R	Occipital_Mid_L	Occipital_Mid_R	Occipital_Inf_L	Occipital_Inf_R	Fusiform_L	Fusiform_R	Postcentral_L	Postcentral_R	Parietal_Sup_L	Parietal_Sup_R	Parietal_Inf_L	Parietal_Inf_R	SupraMarginal_L	SupraMarginal_R	Angular_L	Angular_R	Precuneus_L	Precuneus_R	Paracentral_Lobule_L	Paracentral_Lobule_R	Caudate_L	Caudate_R	Putamen_L	Putamen_R	Pallidum_L	Pallidum_R	Thalamus_L	Thalamus_R	Heschl_L	Heschl_R	Temporal_Sup_L	Temporal_Sup_R	Temporal_Pole_Sup_L	Temporal_Pole_Sup_R	Temporal_Mid_L	Temporal_Mid_R	Temporal_Pole_Mid_L	Temporal_Pole_Mid_R	Temporal_Inf_L	Temporal_Inf_R	Cerebelum_Crus1_L	Cerebelum_Crus1_R	Cerebelum_Crus2_L	Cerebelum_Crus2_R	Cerebelum_3_L	Cerebelum_3_R	Cerebelum_4_5_L	Cerebelum_4_5_R	Cerebelum_6_L	Cerebelum_6_R	Cerebelum_7b_L	Cerebelum_7b_R	Cerebelum_8_L	Cerebelum_8_R	Cerebelum_9_L	Cerebelum_9_R	Cerebelum_10_L	Cerebelum_10_R	Vermis_1_2	Vermis_3	Vermis_4_5	Vermis_6	Vermis_7	Vermis_8	Vermis_9	Vermis_10	
579540	Precentral_L	0	354	38406	2752	170	0	20256	974	0	0	8710	744	1872	0	0	0	12054	0	31916	7868	0	0	188	0	0	0	0	0	15228	144	536	1828	0	282	8258	4686	8370	2830	1096	1512	0	0	1642	0	296	0	0	288	0	0	210	0	280	0	420	260	28860	0	0	0	4974	0	1838	0	0	0	5032	1328	23032	0	7720	3700	4660	0	1392	0	18732	7546	2050	0	4150	0	0	0	128	0	0	0	198	0	0	0	0	0	0	0	0	0	0	0	0	0	0	0	0	0	0	0	0	0	0	0	0	0	0	0	
220732	Precentral_R	354	0	918	7354	0	0	302	11438	0	0	0	2374	0	0	0	0	0	2426	1762	8386	0	0	0	0	0	0	0	0	0	3930	0	0	340	5738	128	2092	0	2770	0	320	0	0	0	2430	0	1184	0	768	0	1324	0	1060	0	618	0	1038	0	22360	0	196	0	910	0	1846	0	0	0	8326	204	8754	282	206	0	2242	0	426	0	278	0	160	0	1580	0	0	0	1314	0	0	0	2228	0	0	0	0	0	0	0	0	0	0	0	0	0	0	0	0	0	0	0	0	0	0	0	0	0	0	
1.07946e+06	Frontal_Sup_L	38406	918	0	15544	9402	0	64424	3310	1112	120	13896	894	28250	190	4444	256	9400	494	105758	28482	162	0	33868	174	0	0	0	0	40602	934	10174	5436	3162	5840	4090	3468	4940	1670	1276	984	258	0	184	0	0	0	0	278	0	0	0	0	0	0	500	150	1360	0	0	0	0	0	0	0	0	0	1782	870	14712	0	22728	6012	12112	998	4216	0	21046	6042	258	0	3088	0	670	0	0	0	0	0	274	0	0	0	0	0	0	0	0	0	0	0	0	0	0	0	0	0	0	0	0	0	110	0	0	0	0	0	
779456	Frontal_Sup_R	2752	7354	15544	0	0	4714	2778	33760	0	2958	0	10398	0	9590	0	2344	0	8756	20592	78712	0	0	8392	28048	0	768	0	0	170	18622	4160	27310	388	15812	1314	2870	1120	9086	150	1264	0	0	0	226	0	242	0	404	0	482	0	218	0	0	0	770	0	1292	0	0	0	0	0	0	0	0	0	2408	452	274	5840	19462	114	16454	0	886	758	16480	0	268	0	2064	0	204	0	240	0	0	0	464	0	0	0	0	0	0	0	0	0	0	0	0	0	0	0	0	0	0	0	0	0	0	0	0	0	0	
120708	Frontal_Sup_Orb_L	170	0	9402	0	0	0	1312	0	8948	0	274	0	4056	0	9900	0	0	0	1056	0	1056	0	5880	0	516	0	1192	0	11300	0	1746	0	0	0	0	0	130	0	0	0	162	0	0	0	0	0	0	0	0	0	0	0	0	0	0	0	0	0	0	0	0	0	0	0	0	0	0	0	0	0	262	0	2810	0	0	0	0	0	0	0	0	0	182	0	0	0	0	0	0	0	0	0	0	0	0	0	0	0	0	0	0	0	0	0	0	0	0	0	0	0	0	0	0	0	0	0	
81996	Frontal_Sup_Orb_R	0	0	0	4714	0	0	0	1738	0	3724	0	520	0	420	0	1458	0	0	294	1150	0	368	386	3340	0	6336	0	3758	0	854	0	3006	0	762	0	0	0	0	0	0	0	0	0	0	0	0	0	0	0	0	0	0	0	0	0	0	0	0	0	0	0	0	0	0	0	0	0	0	0	0	0	4074	0	4096	0	0	0	0	0	0	0	0	0	0	0	0	0	0	0	0	0	0	0	0	0	0	0	0	0	0	0	0	0	0	0	0	0	0	0	0	0	0	0	0	0	0	
500180	Frontal_Mid_L	20256	302	64424	2778	1312	0	0	1658	988	108	12020	1288	40802	0	3684	192	1510	288	14134	2626	0	0	17698	0	0	0	0	0	22850	604	6580	2450	220	136	1310	258	2448	304	462	158	182	0	0	0	0	0	0	0	0	0	0	0	0	0	236	0	582	0	0	0	0	0	0	0	0	0	760	172	1272	0	9526	1320	6234	800	372	0	2712	388	410	0	1150	0	0	0	0	0	0	0	126	0	0	0	0	0	0	0	0	0	0	0	0	0	0	0	0	0	0	0	0	0	0	0	0	0	0	0	
274248	Frontal_Mid_R	974	11438	3310	33760	0	1738	1658	0	0	2030	0	8784	0	12110	0	2398	0	1874	5560	4838	0	0	3244	6084	0	0	0	0	0	5948	916	9562	410	8050	188	196	116	690	0	0	0	0	0	0	0	0	0	0	0	0	0	0	0	0	0	0	0	398	0	0	0	0	0	0	0	0	0	0	118	0	3524	2592	204	2856	0	354	0	1056	0	0	0	146	0	0	0	0	0	0	0	0	0	0	0	0	0	0	0	0	0	0	0	0	0	0	0	0	0	0	0	0	0	0	0	0	0	0	
61632	Frontal_Mid_Orb_L	0	0	1112	0	8948	0	988	0	0	0	122	0	1626	0	9726	0	0	0	530	0	0	0	400	0	0	0	686	0	4942	0	454	0	0	0	0	0	0	0	0	0	0	0	0	0	0	0	0	0	0	0	0	0	0	0	0	0	0	0	0	0	0	0	0	0	0	0	0	0	0	0	0	0	1160	0	0	0	0	0	0	0	0	0	122	0	0	0	0	0	0	0	0	0	0	0	0	0	0	0	0	0	0	0	0	0	0	0	0	0	0	0	0	0	0	0	0	0	
50140	Frontal_Mid_Orb_R	0	0	120	2958	0	3724	108	2030	0	0	0	564	0	862	0	5672	0	0	300	1024	0	0	206	204	0	0	0	0	0	710	0	924	0	652	0	0	0	0	0	0	0	0	0	0	0	0	0	0	0	0	0	0	0	0	0	0	0	0	0	0	0	0	0	0	0	0	0	0	0	0	220	2196	0	2596	0	0	0	0	0	0	0	0	0	0	0	0	0	0	0	0	0	0	0	0	0	0	0	0	0	0	0	0	0	0	0	0	0	0	0	0	0	0	0	0	0	0	
181192	Frontal_Inf_Oper_L	8710	0	13896	0	274	0	12020	0	122	0	0	0	8782	0	328	0	10514	0	11318	0	0	0	574	0	0	0	0	0	16792	0	1166	150	0	0	0	0	0	0	0	0	0	0	0	0	0	0	0	0	0	0	0	0	0	0	0	0	2490	0	0	0	0	0	0	0	0	0	0	0	158	0	156	0	564	0	0	0	0	0	0	0	1850	0	732	0	0	0	0	0	0	0	0	0	0	0	0	0	0	0	0	0	0	0	0	0	0	0	0	0	0	0	0	0	0	0	0	0	
175408	Frontal_Inf_Oper_R	744	2374	894	10398	0	520	1288	8784	0	564	0	0	0	5964	0	1272	0	7772	1186	8234	0	0	374	1408	0	178	0	0	0	15586	170	2410	0	854	0	0	0	138	0	0	0	0	0	0	0	0	0	0	0	0	0	0	0	0	0	0	0	944	0	0	0	0	0	0	0	0	0	0	0	0	1346	4454	0	7602	0	0	132	266	0	0	0	608	0	1240	0	0	0	0	0	0	0	0	0	0	0	0	0	0	0	0	0	0	0	0	0	0	0	0	0	0	0	0	0	0	0	0	
282464	Frontal_Inf_Tri_L	1872	0	28250	0	4056	0	40802	0	1626	0	8782	0	0	0	7786	0	254	0	9938	0	0	0	7258	0	0	0	0	0	25680	0	3552	162	116	0	0	0	0	0	0	0	0	0	0	0	0	0	0	0	0	0	0	0	0	0	0	0	152	0	0	0	0	0	0	0	0	0	0	0	0	0	140	0	806	0	0	0	0	0	0	0	0	0	0	0	0	0	0	0	0	0	0	0	0	0	0	0	0	0	0	0	0	0	0	0	0	0	0	0	0	0	0	0	0	0	0	0	
127944	Frontal_Inf_Tri_R	0	0	190	9590	0	420	0	12110	0	862	0	5964	0	0	0	3418	0	534	2068	5772	0	0	1046	2692	0	0	0	0	0	11446	224	2028	0	3356	0	0	0	0	0	0	0	0	0	0	0	0	0	0	0	0	0	0	0	0	0	0	0	0	0	0	0	0	0	0	0	0	0	0	0	0	128	674	0	1238	0	0	0	0	0	0	0	0	0	212	0	0	0	0	0	0	0	0	0	0	0	0	0	0	0	0	0	0	0	0	0	0	0	0	0	0	0	0	0	0	0	0	
102884	Frontal_Inf_Orb_L	0	0	4444	0	9900	0	3684	0	9726	0	328	0	7786	0	0	0	0	0	918	0	1008	0	410	0	0	0	178	0	9262	0	190	0	0	0	0	0	0	0	0	0	172	0	0	0	0	0	0	0	0	0	0	0	0	0	0	0	0	0	0	0	0	0	0	0	0	0	0	0	0	0	0	0	2794	0	0	0	0	0	0	0	0	0	642	0	0	0	0	0	0	0	0	0	0	0	0	0	0	0	0	0	0	0	0	0	0	0	0	0	0	0	0	0	0	0	0	0	
71736	Frontal_Inf_Orb_R	0	0	256	2344	0	1458	192	2398	0	5672	0	1272	0	3418	0	0	0	226	708	1988	0	1174	206	184	0	0	0	478	0	4118	128	1206	0	726	0	0	0	0	0	178	0	0	0	0	0	0	0	0	0	0	0	0	0	0	0	0	0	0	0	0	0	0	0	0	0	0	0	0	0	0	476	2992	0	3934	0	0	0	0	0	0	0	0	0	136	0	0	0	0	0	0	0	0	0	0	0	0	0	0	0	0	0	0	0	0	0	0	0	0	0	0	0	0	0	0	0	0	
215424	Rolandic_Oper_L	12054	0	9400	0	0	0	1510	0	0	0	10514	0	254	0	0	0	0	0	8686	0	0	0	0	0	0	0	0	0	21344	0	0	0	0	0	292	0	264	0	0	0	0	0	766	0	328	0	0	0	0	0	956	0	474	0	0	0	17226	0	358	0	1414	0	2516	0	0	0	822	0	390	0	0	0	108	0	0	0	0	0	3008	0	10618	0	520	0	3062	0	0	0	828	0	0	0	0	0	0	0	0	0	0	0	0	0	0	0	0	0	0	0	0	0	0	0	0	0	0	0	
139384	Rolandic_Oper_R	0	2426	494	8756	0	0	288	1874	0	0	0	7772	0	534	0	226	0	0	318	6788	0	0	0	118	0	0	0	0	0	14920	0	528	0	150	0	116	0	1008	0	114	0	0	0	194	0	0	0	0	0	0	0	0	0	0	0	476	0	2866	0	0	0	0	0	2032	0	0	0	316	0	122	512	2186	0	3504	0	0	0	234	0	1332	0	7666	0	1178	0	124	0	0	0	520	0	0	0	0	0	0	0	0	0	0	0	0	0	0	0	0	0	0	0	0	0	0	0	0	0	0	
918784	Supp_Motor_Area_L	31916	1762	105758	20592	1056	294	14134	5560	530	300	11318	1186	9938	2068	918	708	8686	318	0	53748	0	0	5088	4438	0	116	0	0	27592	1624	8730	8756	9954	19290	7382	4646	1858	658	934	514	0	0	626	0	166	0	0	176	0	0	400	0	400	0	346	0	1204	0	0	0	0	0	0	0	0	0	1140	802	29956	180	13200	6742	5346	498	300	0	15716	5788	314	0	1896	0	648	0	754	0	0	0	424	0	0	0	0	0	0	0	0	0	0	0	0	0	0	0	0	0	0	0	0	0	0	0	0	0	0	0	
928544	Supp_Motor_Area_R	7868	8386	28482	78712	0	1150	2626	4838	0	1024	0	8234	0	5772	0	1988	0	6788	53748	0	0	0	1236	6676	0	186	0	0	122	15754	946	8038	3916	43654	2820	17806	1762	10380	382	2208	0	0	0	4678	0	1012	0	1766	0	1080	0	1802	0	1026	0	2462	0	8240	0	208	0	0	0	622	0	168	274	10708	7702	14954	5272	24368	118	13344	0	516	3118	26232	0	0	0	1604	0	290	0	3148	0	0	0	3934	0	0	0	0	0	0	0	0	0	0	0	0	0	0	0	0	0	0	0	0	124	0	0	0	0	0	
53628	Olfactory_L	0	0	162	0	1056	0	0	0	0	0	0	0	0	0	1008	0	0	0	0	0	0	4812	158	0	220	0	3188	808	2536	0	2398	1774	0	0	0	0	0	0	318	0	258	0	0	0	0	0	0	0	0	0	0	0	0	0	0	0	0	0	0	0	0	0	0	0	0	0	0	0	0	0	4102	3040	628	0	0	0	0	0	0	0	0	0	348	0	0	0	0	0	0	0	0	0	0	0	0	0	0	0	0	0	0	0	0	0	0	0	0	0	0	0	0	0	0	0	0	0	
58492	Olfactory_R	0	0	0	0	0	368	0	0	0	0	0	0	0	0	0	1174	0	0	0	0	4812	0	0	0	108	258	3038	1908	0	1858	2310	1958	0	0	0	0	0	178	0	374	0	472	0	0	0	0	0	0	0	0	0	0	0	0	0	0	0	0	0	0	0	0	0	0	0	0	0	0	0	0	4810	4086	814	558	0	0	0	0	0	0	0	0	0	162	0	0	0	0	0	0	0	0	0	0	0	0	0	0	0	0	0	0	0	0	0	0	0	0	0	0	0	0	0	0	0	0	
265052	Frontal_Sup_Medial_L	188	0	33868	8392	5880	386	17698	3244	400	206	574	374	7258	1046	410	206	0	0	5088	1236	158	0	0	12180	728	734	0	0	5798	172	6422	8142	716	9184	0	0	0	0	0	0	0	0	0	0	0	0	0	0	0	0	0	0	0	0	0	0	0	0	0	0	0	0	0	0	0	0	0	0	0	0	314	580	674	270	0	0	0	0	0	0	0	0	0	0	0	0	0	0	0	0	0	0	0	0	0	0	0	0	0	0	0	0	0	0	0	0	0	0	0	0	0	0	0	0	0	0	
225272	Frontal_Sup_Medial_R	0	0	174	28048	0	3340	0	6084	0	204	0	1408	0	2692	0	184	0	118	4438	6676	0	0	12180	0	0	3884	0	0	0	1902	1958	18754	0	12346	0	0	0	0	0	0	0	0	0	0	0	0	0	0	0	0	0	0	0	0	0	0	0	0	0	0	0	0	0	0	0	0	0	0	0	0	0	4152	0	4094	0	0	0	0	0	0	0	0	0	0	0	0	0	0	0	0	0	0	0	0	0	0	0	0	0	0	0	0	0	0	0	0	0	0	0	0	0	0	0	0	0	0	
7736	Frontal_Med_Orb_L	0	0	0	0	516	0	0	0	0	0	0	0	0	0	0	0	0	0	0	0	220	108	728	0	0	216	0	136	0	0	1246	698	0	0	0	0	0	0	0	0	0	0	0	0	0	0	0	0	0	0	0	0	0	0	0	0	0	0	0	0	0	0	0	0	0	0	0	0	0	0	0	0	0	0	0	0	0	0	0	0	0	0	0	0	0	0	0	0	0	0	0	0	0	0	0	0	0	0	0	0	0	0	0	0	0	0	0	0	0	0	0	0	0	0	0	0	
46100	Frontal_Med_Orb_R	0	0	0	768	0	6336	0	0	0	0	0	178	0	0	0	0	0	0	116	186	0	258	734	3884	216	0	0	2562	0	360	326	4206	0	186	0	0	0	0	0	0	0	0	0	0	0	0	0	0	0	0	0	0	0	0	0	0	0	0	0	0	0	0	0	0	0	0	0	0	0	0	0	1470	0	1264	0	0	0	0	0	0	0	0	0	0	0	0	0	0	0	0	0	0	0	0	0	0	0	0	0	0	0	0	0	0	0	0	0	0	0	0	0	0	0	0	0	0	
31780	Rectus_L	0	0	0	0	1192	0	0	0	686	0	0	0	0	0	178	0	0	0	0	0	3188	3038	0	0	0	0	0	656	216	0	1564	1024	0	0	0	0	0	0	0	0	0	0	0	0	0	0	0	0	0	0	0	0	0	0	0	0	0	0	0	0	0	0	0	0	0	0	0	0	0	0	1980	1826	342	0	0	0	0	0	0	0	0	0	0	0	0	0	0	0	0	0	0	0	0	0	0	0	0	0	0	0	0	0	0	0	0	0	0	0	0	0	0	0	0	0	0	0	
28220	Rectus_R	0	0	0	0	0	3758	0	0	0	0	0	0	0	0	0	478	0	0	0	0	808	1908	0	0	136	2562	656	0	0	398	778	1472	0	0	0	0	0	0	0	0	0	0	0	0	0	0	0	0	0	0	0	0	0	0	0	0	0	0	0	0	0	0	0	0	0	0	0	0	0	0	200	648	0	308	0	0	0	0	0	0	0	0	0	0	0	0	0	0	0	0	0	0	0	0	0	0	0	0	0	0	0	0	0	0	0	0	0	0	0	0	0	0	0	0	0	0	
568260	Insula_L	15228	0	40602	170	11300	0	22850	0	4942	0	16792	0	25680	0	9262	0	21344	0	27592	122	2536	0	5798	0	0	0	216	0	0	0	3408	240	0	0	1364	0	5750	0	1090	0	1242	0	1286	0	390	0	0	0	0	0	942	0	614	0	2640	0	11430	0	342	0	1144	0	508	0	0	0	1920	0	694	0	2526	214	12514	0	212	0	408	0	5584	0	12110	0	2096	0	4652	0	0	0	4376	0	0	0	0	0	0	0	0	0	0	0	0	0	0	0	0	0	0	0	0	0	0	0	0	0	0	0	
342048	Insula_R	144	3930	934	18622	0	854	604	5948	0	710	0	15586	0	11446	0	4118	0	14920	1624	15754	0	1858	172	1902	0	360	0	398	0	0	154	2202	0	1154	160	378	124	5110	0	1488	0	228	0	330	0	0	0	0	0	0	0	0	0	0	0	2000	0	1408	0	0	0	0	0	140	0	0	0	568	0	150	986	9746	0	25390	0	0	248	1052	0	3318	0	7658	0	3018	0	2102	0	0	0	2028	0	0	0	0	0	0	0	0	0	0	0	0	0	0	0	0	0	0	0	0	0	0	0	0	0	0	
171968	Cingulum_Ant_L	536	0	10174	4160	1746	0	6580	916	454	0	1166	170	3552	224	190	128	0	0	8730	946	2398	2310	6422	1958	1246	326	1564	778	3408	154	0	11056	3306	1792	0	0	0	0	0	0	0	0	0	0	0	0	0	0	0	0	0	0	0	0	0	0	0	0	0	0	0	0	0	0	0	0	0	0	0	0	4236	1702	3160	496	0	0	0	0	0	0	0	0	0	0	0	0	0	0	0	0	0	0	0	0	0	0	0	0	0	0	0	0	0	0	0	0	0	0	0	0	0	0	0	0	0	0	
324340	Cingulum_Ant_R	1828	0	5436	27310	0	3006	2450	9562	0	924	150	2410	162	2028	0	1206	0	528	8756	8038	1774	1958	8142	18754	698	4206	1024	1472	240	2202	11056	0	772	18182	0	0	0	0	0	0	0	0	0	0	0	0	0	0	0	0	0	0	0	0	0	0	0	0	0	0	0	0	0	0	0	0	0	0	0	0	3668	7684	532	5870	0	0	0	0	0	0	0	0	0	142	0	0	0	0	0	0	0	0	0	0	0	0	0	0	0	0	0	0	0	0	0	0	0	0	0	0	0	0	0	0	0	0	
94656	Cingulum_Mid_L	0	340	3162	388	0	0	220	410	0	0	0	0	116	0	0	0	0	0	9954	3916	0	0	716	0	0	0	0	0	0	0	3306	772	0	7376	5818	1408	0	0	0	0	0	0	662	0	212	0	0	0	0	0	128	0	112	0	0	0	0	0	0	0	0	0	0	0	0	0	4872	1070	2370	0	0	0	0	0	0	0	0	0	0	0	0	0	0	0	0	0	0	0	0	0	0	0	0	0	0	0	0	0	0	0	0	0	0	0	0	0	0	0	0	0	0	0	0	0	0	0	
448544	Cingulum_Mid_R	282	5738	5840	15812	0	762	136	8050	0	652	0	854	0	3356	0	726	0	150	19290	43654	0	0	9184	12346	0	186	0	0	0	1154	1792	18182	7376	0	1112	14888	0	754	0	230	0	0	0	5272	0	894	0	1386	0	646	0	1504	0	802	0	654	0	4902	0	166	0	0	0	454	0	144	690	12270	1724	12322	856	1258	138	822	0	0	0	0	0	0	0	384	0	0	0	2344	0	0	0	2134	0	0	0	0	0	0	0	0	0	0	0	0	0	0	0	0	0	0	0	0	0	0	0	0	0	0	
274448	Cingulum_Post_L	8258	128	4090	1314	0	0	1310	188	0	0	0	0	0	0	0	0	292	0	7382	2820	0	0	0	0	0	0	0	0	1364	160	0	0	5818	1112	0	8660	13750	5466	2380	1910	0	0	13166	0	1896	0	2364	360	0	0	1326	0	1548	0	526	302	692	0	134	0	256	0	0	0	0	0	22556	2116	7728	0	436	238	0	0	0	0	4248	6170	1954	0	338	148	0	0	1860	0	0	0	290	0	0	0	0	0	0	0	0	0	0	0	0	0	0	0	0	0	0	0	0	0	170	0	0	0	0	0	
348016	Cingulum_Post_R	4686	2092	3468	2870	0	0	258	196	0	0	0	0	0	0	0	0	0	116	4646	17806	0	0	0	0	0	0	0	0	0	378	0	0	1408	14888	8660	0	4434	16262	612	7284	0	0	0	10002	0	544	0	7108	0	196	0	218	0	804	0	2910	0	656	0	0	0	0	0	266	0	0	760	24968	3952	4434	994	882	0	144	0	0	7572	11662	0	0	0	506	0	0	0	880	0	0	0	2640	0	0	0	0	0	0	0	206	0	0	0	0	0	0	0	0	0	0	0	0	1640	0	0	0	0	0	
272544	Hippocampus_L	8370	0	4940	1120	130	0	2448	116	0	0	0	0	0	0	0	0	264	0	1858	1762	0	0	0	0	0	0	0	0	5750	124	0	0	0	0	13750	4434	0	4374	15208	1164	4588	0	4814	0	316	0	4842	156	0	0	308	0	262	0	14328	178	504	0	0	0	0	0	0	0	0	0	10130	582	1590	0	324	0	5424	0	346	0	4796	4440	1782	0	1488	146	360	0	1118	0	0	0	5276	0	528	0	128	0	0	0	886	0	708	0	0	0	0	0	0	0	0	0	0	0	112	0	0	0	0	0	
470024	Hippocampus_R	2830	2770	1670	9086	0	0	304	690	0	0	0	138	0	0	0	0	0	1008	658	10380	0	178	0	0	0	0	0	0	0	5110	0	0	0	754	5466	16262	4374	0	624	39454	0	8654	0	2650	0	0	0	7146	0	0	0	0	0	122	0	34778	0	2922	0	0	0	1190	0	2328	0	0	132	13146	1066	984	356	2766	0	10576	0	222	4220	15176	0	314	0	3288	0	1812	0	3084	0	0	0	13262	0	182	0	0	0	0	0	852	0	250	0	0	0	0	0	0	0	0	0	0	1778	0	0	0	0	0	
104704	ParaHippocampal_L	1096	0	1276	150	0	0	462	0	0	0	0	0	0	0	0	0	0	0	934	382	318	0	0	0	0	0	0	0	1090	0	0	0	0	0	2380	612	15208	624	0	132	898	0	1160	0	0	0	5182	0	0	0	0	0	0	0	7310	0	0	0	0	0	0	0	0	0	0	0	2196	0	558	0	118	0	1104	0	0	0	1610	618	0	0	172	0	158	0	0	0	0	0	452	0	898	0	294	144	106	0	2330	0	1554	0	122	0	144	110	0	0	0	0	0	186	110	0	154	0	0	0	
286856	ParaHippocampal_R	1512	320	984	1264	0	0	158	0	0	0	0	0	0	0	0	178	0	114	514	2208	0	374	0	0	0	0	0	0	0	1488	0	0	0	230	1910	7284	1164	39454	132	0	0	6808	0	1352	0	0	0	8760	0	0	0	0	0	158	0	26006	0	854	0	0	0	150	0	352	0	0	0	8708	622	220	258	618	0	5638	0	152	2268	7934	0	112	0	676	0	2734	0	1302	0	546	0	4292	0	186	0	0	0	0	0	1560	0	154	0	0	0	0	0	0	0	0	0	0	1720	0	0	0	0	0	
22848	Amygdala_L	0	0	258	0	162	0	182	0	0	0	0	0	0	0	172	0	0	0	0	0	258	0	0	0	0	0	0	0	1242	0	0	0	0	0	0	0	4588	0	898	0	0	0	0	0	0	0	0	0	0	0	0	0	0	0	2094	0	0	0	0	0	0	0	0	0	0	0	0	0	0	0	222	0	940	0	0	0	136	0	0	0	0	0	126	0	0	0	0	0	146	0	0	0	0	0	0	0	0	0	0	0	0	0	0	0	0	0	0	0	0	0	0	0	0	0	0	0	
49584	Amygdala_R	0	0	0	0	0	0	0	0	0	0	0	0	0	0	0	0	0	0	0	0	0	472	0	0	0	0	0	0	0	228	0	0	0	0	0	0	0	8654	0	6808	0	0	0	0	0	0	0	0	0	0	0	0	0	0	0	4902	0	0	0	0	0	0	0	0	0	0	0	0	0	0	0	242	0	660	0	0	0	0	0	0	0	0	0	2826	0	0	0	0	0	0	0	0	0	0	0	0	0	0	0	0	0	0	0	0	0	0	0	0	0	0	0	0	0	0	0	0	
399340	Calcarine_L	1642	0	184	0	0	0	0	0	0	0	0	0	0	0	0	0	766	0	626	0	0	0	0	0	0	0	0	0	1286	0	0	0	662	0	13166	0	4814	0	1160	0	0	0	0	9416	18774	7792	19572	2226	16830	2882	24728	542	14692	0	4332	0	1392	0	2550	296	588	0	112	0	0	0	30736	2792	1626	0	0	0	0	0	0	0	0	0	3586	0	702	0	0	0	7064	0	0	0	2134	0	0	0	0	0	0	0	0	0	0	0	0	0	0	0	0	0	0	0	0	0	0	0	0	0	0	0	
458024	Calcarine_R	0	2430	0	226	0	0	0	0	0	0	0	0	0	0	0	0	0	194	0	4678	0	0	0	0	0	0	0	0	0	330	0	0	0	5272	0	10002	0	2650	0	1352	0	0	9416	0	3102	36096	1894	23974	230	26622	0	14612	0	10210	0	9178	0	544	0	1278	0	0	0	248	0	136	4334	38004	0	3930	0	0	0	0	0	0	0	0	0	0	0	436	0	0	0	6590	0	0	0	10932	0	0	0	0	0	0	0	0	0	0	0	0	0	0	0	0	0	0	0	0	0	112	0	0	0	0	
170548	Cuneus_L	296	0	0	0	0	0	0	0	0	0	0	0	0	0	0	0	328	0	166	0	0	0	0	0	0	0	0	0	390	0	0	0	212	0	1896	0	316	0	0	0	0	0	18774	3102	0	5108	1054	462	18354	690	5146	0	1432	0	262	0	692	0	3536	0	152	0	0	0	0	0	16490	1458	384	0	0	0	0	0	0	0	0	0	786	0	170	0	0	0	2982	0	0	0	636	0	0	0	0	0	0	0	0	0	0	0	0	0	0	0	0	0	0	0	0	0	0	0	0	0	0	0	
319344	Cuneus_R	0	1184	0	242	0	0	0	0	0	0	0	0	0	0	0	0	0	0	0	1012	0	0	0	0	0	0	0	0	0	0	0	0	0	894	0	544	0	0	0	0	0	0	7792	36096	5108	0	452	5910	428	37326	0	16314	0	2284	0	2586	0	830	0	2934	0	0	0	0	0	238	5664	26190	0	1274	0	0	0	0	0	0	0	0	0	0	0	236	0	0	0	2218	0	0	0	1916	0	0	0	0	0	0	0	0	0	0	0	0	0	0	0	0	0	0	0	0	0	0	0	0	0	0	
300836	Lingual_L	0	0	0	0	0	0	0	0	0	0	0	0	0	0	0	0	0	0	0	0	0	0	0	0	0	0	0	0	0	0	0	0	0	0	2364	0	4842	0	5182	0	0	0	19572	1894	1054	452	0	4228	5700	392	18256	0	15196	486	20140	1152	0	0	270	0	0	0	0	0	0	0	7232	170	0	0	0	0	0	0	0	0	0	0	500	0	0	0	0	0	524	0	0	0	804	0	7626	1116	148	0	0	0	8930	932	11704	3060	0	0	0	0	0	0	0	0	0	0	1992	4206	294	0	0	0	
440672	Lingual_R	288	768	278	404	0	0	0	0	0	0	0	0	0	0	0	0	0	0	176	1766	0	0	0	0	0	0	0	0	0	0	0	0	0	1386	360	7108	156	7146	0	8760	0	0	2226	23974	462	5910	4228	0	0	5060	0	1964	0	10686	2360	33614	0	150	0	330	0	0	0	0	0	0	310	14786	182	1018	0	0	0	556	0	0	470	1948	0	0	0	0	0	0	0	880	0	0	0	1780	6124	5488	896	532	294	180	3778	9974	9672	17378	128	0	154	228	200	0	0	0	0	312	8466	13546	1084	0	142	270	
218168	Occipital_Sup_L	0	0	0	0	0	0	0	0	0	0	0	0	0	0	0	0	0	0	0	0	0	0	0	0	0	0	0	0	0	0	0	0	0	0	0	0	0	0	0	0	0	0	16830	230	18354	428	5700	0	0	0	28360	0	6418	0	816	0	1510	0	12866	0	2252	0	0	0	0	0	14378	384	0	0	0	0	0	0	0	0	0	0	0	0	0	0	0	0	558	0	0	0	0	0	0	0	0	0	0	0	0	0	0	0	0	0	0	0	0	0	0	0	0	0	0	0	0	0	0	0	
303252	Occipital_Sup_R	0	1324	0	482	0	0	0	0	0	0	0	0	0	0	0	0	0	0	0	1080	0	0	0	0	0	0	0	0	0	0	0	0	0	646	0	196	0	0	0	0	0	0	2882	26622	690	37326	392	5060	0	0	0	26322	0	1708	0	2710	0	3508	0	6848	0	0	0	260	0	3940	3290	19300	0	2622	0	0	0	0	0	0	0	0	0	0	0	738	0	0	0	2592	0	0	0	1088	0	0	0	0	0	0	0	0	0	0	0	0	0	0	0	0	0	0	0	0	0	0	0	0	0	0	
438988	Occipital_Mid_L	210	0	0	0	0	0	0	0	0	0	0	0	0	0	0	0	956	0	400	0	0	0	0	0	0	0	0	0	942	0	0	0	128	0	1326	0	308	0	0	0	0	0	24728	0	5146	0	18256	0	28360	0	0	0	29070	0	6910	0	10528	0	15522	0	18268	0	5532	0	13358	0	9752	0	528	0	0	0	0	0	0	0	0	0	1946	0	1194	0	0	0	22140	0	0	0	3986	0	0	0	0	0	0	0	0	0	0	0	0	0	0	0	0	0	0	0	0	0	0	0	0	0	0	0	
259236	Occipital_Mid_R	0	1060	0	218	0	0	0	0	0	0	0	0	0	0	0	0	0	0	0	1802	0	0	0	0	0	0	0	0	0	0	0	0	0	1504	0	218	0	0	0	0	0	0	542	14612	0	16314	0	1964	0	26322	0	0	0	7218	0	2520	0	1410	0	2178	0	594	0	1728	0	13286	2040	8284	0	1114	0	0	0	0	0	0	0	0	0	0	0	3406	0	0	0	15674	0	0	0	5394	0	0	0	0	0	0	0	0	0	108	0	0	0	0	0	0	0	0	0	0	0	108	0	0	0	0	
204572	Occipital_Inf_L	280	0	0	0	0	0	0	0	0	0	0	0	0	0	0	0	474	0	400	0	0	0	0	0	0	0	0	0	614	0	0	0	112	0	1548	0	262	0	0	0	0	0	14692	0	1432	0	15196	0	6418	0	29070	0	0	0	9460	0	650	0	452	0	398	0	274	0	684	0	4696	0	560	0	0	0	0	0	0	0	0	0	1282	0	536	0	0	0	5516	0	0	0	5380	0	940	0	0	0	0	0	370	0	590	0	0	0	0	0	0	0	0	0	0	0	0	0	0	0	0	0	
194680	Occipital_Inf_R	0	618	0	0	0	0	0	0	0	0	0	0	0	0	0	0	0	0	0	1026	0	0	0	0	0	0	0	0	0	0	0	0	0	802	0	804	0	122	0	158	0	0	0	10210	0	2284	486	10686	0	1708	0	7218	0	0	490	13654	0	426	0	0	0	0	0	0	0	0	0	4986	0	550	0	0	0	0	0	0	0	0	0	0	0	0	0	0	0	6516	0	0	0	14324	978	1188	0	0	0	0	840	2162	1840	6860	0	0	0	0	0	0	0	0	0	0	2244	3800	360	0	0	0	
379048	Fusiform_L	420	0	500	0	0	0	236	0	0	0	0	0	0	0	0	0	0	0	346	0	0	0	0	0	0	0	0	0	2640	0	0	0	0	0	526	0	14328	0	7310	0	2094	0	4332	0	262	0	20140	2360	816	0	6910	0	9460	490	0	944	0	0	0	0	0	0	0	0	190	0	1764	0	180	0	0	0	2580	0	0	0	348	0	968	0	1824	0	1134	0	1264	0	330	0	9784	0	27458	1350	1690	234	242	164	15888	758	32320	3068	1148	0	1354	200	128	110	0	0	118	248	2946	4830	790	0	0	0	
567112	Fusiform_R	260	1038	150	770	0	0	0	0	0	0	0	0	0	0	0	0	0	476	0	2462	0	0	0	0	0	0	0	0	0	2000	0	0	0	654	302	2910	178	34778	0	26006	0	4902	0	9178	0	2586	1152	33614	0	2710	0	2520	0	13654	944	0	0	1514	0	222	0	218	0	406	0	0	0	5496	0	900	0	382	0	5224	0	0	378	3014	0	334	0	1482	0	4592	0	6102	0	1576	0	22100	3788	16890	582	222	0	220	2256	12918	5668	26878	0	0	142	438	0	132	0	0	0	0	6276	9250	712	0	0	0	
315620	Postcentral_L	28860	0	1360	0	0	0	582	0	0	0	2490	0	152	0	0	0	17226	0	1204	0	0	0	0	0	0	0	0	0	11430	0	0	0	0	0	692	0	504	0	0	0	0	0	1392	0	692	0	0	0	1510	0	10528	0	650	0	0	0	0	0	10452	0	26694	0	9072	0	794	0	2878	0	5176	0	0	0	250	0	0	0	0	0	2316	0	8016	0	0	0	9498	0	0	0	3392	0	0	0	0	0	0	0	0	0	0	0	0	0	0	0	0	0	0	0	0	0	0	0	0	0	0	0	
237472	Postcentral_R	0	22360	0	1292	0	0	0	398	0	0	0	944	0	0	0	0	0	2866	0	8240	0	0	0	0	0	0	0	0	0	1408	0	0	0	4902	0	656	0	2922	0	854	0	0	0	544	0	830	0	150	0	3508	0	1410	0	426	0	1514	0	0	0	6100	0	7686	0	10318	0	738	0	8646	0	10722	0	0	0	452	0	0	0	0	0	0	0	6238	0	0	0	9766	0	0	0	2846	0	0	0	0	0	0	0	0	0	0	0	0	0	0	0	0	0	0	0	0	0	0	0	0	0	0	
157432	Parietal_Sup_L	0	0	0	0	0	0	0	0	0	0	0	0	0	0	0	0	358	0	0	0	0	0	0	0	0	0	0	0	342	0	0	0	0	0	134	0	0	0	0	0	0	0	2550	0	3536	0	270	0	12866	0	15522	0	452	0	0	0	10452	0	0	0	13846	0	2052	0	2412	0	9604	0	1018	0	0	0	0	0	0	0	0	0	0	0	378	0	0	0	2496	0	0	0	428	0	0	0	0	0	0	0	0	0	0	0	0	0	0	0	0	0	0	0	0	0	0	0	0	0	0	0	
80492	Parietal_Sup_R	0	196	0	0	0	0	0	0	0	0	0	0	0	0	0	0	0	0	0	208	0	0	0	0	0	0	0	0	0	0	0	0	0	166	0	0	0	0	0	0	0	0	296	1278	0	2934	0	330	0	6848	0	2178	0	0	0	222	0	6100	0	0	0	4254	0	610	0	5754	178	6902	0	1400	0	0	0	0	0	0	0	0	0	0	0	138	0	0	0	254	0	0	0	0	0	0	0	0	0	0	0	0	0	0	0	0	0	0	0	0	0	0	0	0	0	0	0	0	0	0	
225800	Parietal_Inf_L	4974	0	0	0	0	0	0	0	0	0	0	0	0	0	0	0	1414	0	0	0	0	0	0	0	0	0	0	0	1144	0	0	0	0	0	256	0	0	0	0	0	0	0	588	0	152	0	0	0	2252	0	18268	0	398	0	0	0	26694	0	13846	0	0	0	17534	0	9850	0	868	0	1552	0	0	0	0	0	0	0	0	0	278	0	1660	0	0	0	9232	0	0	0	1940	0	0	0	0	0	0	0	0	0	0	0	0	0	0	0	0	0	0	0	0	0	0	0	0	0	0	0	
79484	Parietal_Inf_R	0	910	0	0	0	0	0	0	0	0	0	0	0	0	0	0	0	0	0	0	0	0	0	0	0	0	0	0	0	0	0	0	0	0	0	0	0	1190	0	150	0	0	0	0	0	0	0	0	0	0	0	594	0	0	0	218	0	7686	0	4254	0	0	0	12250	0	11156	0	0	0	0	0	0	0	0	0	0	0	0	0	0	0	874	0	0	0	460	0	0	0	0	0	0	0	0	0	0	0	0	0	0	0	0	0	0	0	0	0	0	0	0	0	0	0	0	0	0	
117312	SupraMarginal_L	1838	0	0	0	0	0	0	0	0	0	0	0	0	0	0	0	2516	0	0	0	0	0	0	0	0	0	0	0	508	0	0	0	0	0	0	0	0	0	0	0	0	0	112	0	0	0	0	0	0	0	5532	0	274	0	0	0	9072	0	2052	0	17534	0	0	0	4676	0	166	0	0	0	0	0	0	0	0	0	0	0	0	0	6326	0	0	0	7540	0	0	0	510	0	0	0	0	0	0	0	0	0	0	0	0	0	0	0	0	0	0	0	0	0	0	0	0	0	0	0	
117344	SupraMarginal_R	0	1846	0	0	0	0	0	0	0	0	0	0	0	0	0	0	0	2032	0	622	0	0	0	0	0	0	0	0	0	140	0	0	0	454	0	266	0	2328	0	352	0	0	0	248	0	0	0	0	0	260	0	1728	0	0	0	406	0	10318	0	610	0	12250	0	0	0	10268	0	300	0	498	0	0	0	0	0	0	0	0	0	0	0	10412	0	0	0	3334	0	0	0	0	0	0	0	0	0	0	0	0	0	0	0	0	0	0	0	0	0	0	0	0	0	0	0	0	0	0	
78160	Angular_L	0	0	0	0	0	0	0	0	0	0	0	0	0	0	0	0	0	0	0	0	0	0	0	0	0	0	0	0	0	0	0	0	0	0	0	0	0	0	0	0	0	0	0	0	0	0	0	0	0	0	13358	0	684	0	190	0	794	0	2412	0	9850	0	4676	0	0	0	0	0	0	0	0	0	0	0	0	0	0	0	0	0	2026	0	0	0	5090	0	0	0	0	0	0	0	0	0	0	0	0	0	0	0	0	0	0	0	0	0	0	0	0	0	0	0	0	0	0	0	
127324	Angular_R	0	0	0	0	0	0	0	0	0	0	0	0	0	0	0	0	0	0	0	168	0	0	0	0	0	0	0	0	0	0	0	0	0	144	0	0	0	0	0	0	0	0	0	136	0	238	0	0	0	3940	0	13286	0	0	0	0	0	738	0	5754	0	11156	0	10268	0	0	0	128	0	0	0	0	0	0	0	0	0	0	0	0	0	9358	0	0	0	8348	0	0	0	0	0	0	0	0	0	0	0	0	0	0	0	0	0	0	0	0	0	0	0	0	0	0	0	0	0	0	
384396	Precuneus_L	5032	0	1782	0	0	0	760	0	0	0	0	0	0	0	0	0	822	0	1140	274	0	0	0	0	0	0	0	0	1920	0	0	0	4872	690	22556	760	10130	132	2196	0	0	0	30736	4334	16490	5664	7232	310	14378	3290	9752	2040	4696	0	1764	0	2878	0	9604	178	868	0	166	0	0	0	0	8554	4372	106	0	0	0	0	0	0	132	120	3238	0	614	0	0	0	6140	302	0	0	1174	0	0	0	0	0	0	0	0	0	0	0	0	0	0	0	0	0	0	0	0	0	0	0	0	0	0	0	
542116	Precuneus_R	1328	8326	870	2408	0	0	172	0	0	0	0	0	0	0	0	0	0	316	802	10708	0	0	0	0	0	0	0	0	0	568	0	0	1070	12270	2116	24968	582	13146	0	8708	0	0	2792	38004	1458	26190	170	14786	384	19300	0	8284	0	4986	0	5496	0	8646	0	6902	0	0	0	300	0	128	8554	0	546	10846	232	0	0	210	0	0	2090	3730	0	116	0	930	0	0	0	6094	0	0	0	9364	0	0	0	0	0	0	0	488	0	0	0	0	0	0	0	0	0	0	0	0	1674	0	0	0	0	0	
274860	Paracentral_Lobule_L	23032	204	14712	452	0	0	1272	118	0	0	158	0	0	0	0	0	390	0	29956	7702	0	0	0	0	0	0	0	0	694	0	0	0	2370	1724	7728	3952	1590	1066	558	622	0	0	1626	0	384	0	0	182	0	0	528	0	560	0	180	0	5176	0	1018	0	1552	0	0	0	0	0	4372	546	0	234	2718	3614	540	0	0	0	8908	5172	446	0	196	0	0	0	786	0	0	0	392	0	0	0	0	0	0	0	0	0	0	0	0	0	0	0	0	0	0	0	0	0	0	0	0	0	0	0	
167092	Paracentral_Lobule_R	0	8754	0	274	0	0	0	0	0	0	0	0	0	0	0	0	0	122	180	14954	0	0	0	0	0	0	0	0	0	150	0	0	0	12322	0	4434	0	984	0	220	0	0	0	3930	0	1274	0	1018	0	2622	0	1114	0	550	0	900	0	10722	0	1400	0	0	0	498	0	0	106	10846	234	0	0	0	0	0	0	0	0	0	0	0	0	562	0	0	0	2882	0	0	0	2494	0	0	0	0	0	0	0	0	0	0	0	0	0	0	0	0	0	0	0	0	0	0	0	0	0	0	
270288	Caudate_L	7720	282	22728	5840	262	0	9526	3524	0	220	156	1346	140	128	0	476	0	512	13200	5272	4102	4810	314	0	0	0	1980	200	2526	986	4236	3668	0	856	436	994	324	356	118	258	222	0	0	0	0	0	0	0	0	0	0	0	0	0	0	0	0	0	0	0	0	0	0	0	0	0	0	232	2718	0	0	12160	8656	1290	1602	0	8120	2398	0	0	250	0	0	0	0	0	0	0	0	0	0	0	0	0	0	0	0	0	0	0	0	0	0	0	0	0	0	0	0	0	0	0	0	0	0	0	
390196	Caudate_R	3700	206	6012	19462	0	4074	1320	2592	0	2196	0	4454	0	674	0	2992	0	2186	6742	24368	3040	4086	580	4152	0	1470	1826	648	214	9746	1702	7684	0	1258	238	882	0	2766	0	618	0	242	0	0	0	0	0	0	0	0	0	0	0	0	0	382	0	0	0	0	0	0	0	0	0	0	0	0	3614	0	12160	0	2484	26104	0	862	3622	22776	0	0	0	112	0	852	0	0	0	0	0	0	0	0	0	0	0	0	0	0	0	0	0	0	0	0	0	0	0	0	0	0	0	0	0	0	0	0	
174624	Putamen_L	4660	0	12112	114	2810	0	6234	204	1160	0	564	0	806	0	2794	0	108	0	5346	118	628	814	674	0	0	0	342	0	12514	0	3160	532	0	138	0	0	5424	0	1104	0	940	0	0	0	0	0	0	0	0	0	0	0	0	0	2580	0	250	0	0	0	0	0	0	0	0	0	0	0	540	0	8656	2484	0	0	4640	0	2276	0	120	0	1284	0	200	0	0	0	0	0	982	0	0	0	0	0	0	0	0	0	0	0	0	0	0	0	0	0	0	0	0	0	0	0	0	0	0	0	
318288	Putamen_R	0	2242	998	16454	0	4096	800	2856	0	2596	0	7602	0	1238	0	3934	0	3504	498	13344	0	558	270	4094	0	1264	0	308	0	25390	496	5870	0	822	0	144	0	10576	0	5638	0	660	0	0	0	0	0	556	0	0	0	0	0	0	0	5224	0	452	0	0	0	0	0	0	0	0	0	210	0	0	1290	26104	0	0	0	1482	218	3266	0	0	0	678	0	2208	0	174	0	0	0	1030	0	0	0	0	0	0	0	0	0	0	0	0	0	0	0	0	0	0	0	0	0	0	0	0	0	0	
28556	Pallidum_L	1392	0	4216	0	0	0	372	0	0	0	0	0	0	0	0	0	0	0	300	0	0	0	0	0	0	0	0	0	212	0	0	0	0	0	0	0	346	0	0	0	0	0	0	0	0	0	0	0	0	0	0	0	0	0	0	0	0	0	0	0	0	0	0	0	0	0	0	0	0	0	1602	0	4640	0	0	0	1198	0	0	0	0	0	0	0	0	0	0	0	0	0	0	0	0	0	0	0	0	0	0	0	0	0	0	0	0	0	0	0	0	0	0	0	0	0	0	0	
9800	Pallidum_R	0	426	0	886	0	0	0	354	0	0	0	0	0	0	0	0	0	0	0	516	0	0	0	0	0	0	0	0	0	0	0	0	0	0	0	0	0	222	0	152	0	0	0	0	0	0	0	0	0	0	0	0	0	0	0	0	0	0	0	0	0	0	0	0	0	0	0	0	0	0	0	862	0	1482	0	0	0	0	0	0	0	0	0	0	0	0	0	0	0	0	0	0	0	0	0	0	0	0	0	0	0	0	0	0	0	0	0	0	0	0	0	0	0	0	0	0	
264184	Thalamus_L	18732	0	21046	758	0	0	2712	0	0	0	0	132	0	0	0	0	0	0	15716	3118	0	0	0	0	0	0	0	0	408	248	0	0	0	0	4248	7572	4796	4220	1610	2268	136	0	0	0	0	0	0	470	0	0	0	0	0	0	348	378	0	0	0	0	0	0	0	0	0	0	132	2090	8908	0	8120	3622	2276	218	1198	0	0	15932	170	0	0	0	0	0	0	0	0	0	214	0	0	0	0	0	0	0	0	134	0	0	0	0	0	0	0	0	0	0	0	0	162	0	0	0	0	0	
342368	Thalamus_R	7546	278	6042	16480	0	0	388	1056	0	0	0	266	0	0	0	0	0	234	5788	26232	0	0	0	0	0	0	0	0	0	1052	0	0	0	0	6170	11662	4440	15176	618	7934	0	0	0	0	0	0	0	1948	0	0	0	0	0	0	0	3014	0	0	0	0	0	0	0	0	0	0	120	3730	5172	0	2398	22776	0	3266	0	0	15932	0	0	0	0	310	0	0	0	132	0	0	0	212	0	0	0	0	0	0	0	278	0	0	0	0	0	0	0	0	0	0	0	0	534	0	0	0	0	0	
84348	Heschl_L	2050	0	258	0	0	0	410	0	0	0	0	0	0	0	0	0	3008	0	314	0	0	0	0	0	0	0	0	0	5584	0	0	0	0	0	1954	0	1782	0	0	0	0	0	3586	0	786	0	500	0	0	0	1946	0	1282	0	968	0	2316	0	0	0	278	0	0	0	0	0	3238	0	446	0	0	0	120	0	0	0	170	0	0	0	4336	0	0	0	5648	0	0	0	1194	0	0	0	0	0	0	0	0	0	0	0	0	0	0	0	0	0	0	0	0	0	0	0	0	0	0	0	
23416	Heschl_R	0	160	0	268	0	0	0	0	0	0	0	0	0	0	0	0	0	1332	0	0	0	0	0	0	0	0	0	0	0	3318	0	0	0	0	0	0	0	314	0	112	0	0	0	0	0	0	0	0	0	0	0	0	0	0	0	334	0	0	0	0	0	0	0	0	0	0	0	116	0	0	0	0	0	0	0	0	0	0	0	0	0	4746	0	0	0	672	0	0	0	336	0	0	0	0	0	0	0	0	0	0	0	0	0	0	0	0	0	0	0	0	0	0	0	0	0	0	
201408	Temporal_Sup_L	4150	0	3088	0	0	0	1150	0	0	0	1850	0	0	0	0	0	10618	0	1896	0	0	0	0	0	0	0	0	0	12110	0	0	0	0	0	338	0	1488	0	172	0	0	0	702	0	170	0	0	0	0	0	1194	0	536	0	1824	0	8016	0	378	0	1660	0	6326	0	2026	0	614	0	196	0	250	0	1284	0	0	0	0	0	4336	0	0	0	1686	0	21522	0	0	0	11124	0	0	0	0	0	0	0	0	0	0	0	0	0	0	0	0	0	0	0	0	0	0	0	0	0	0	0	
194084	Temporal_Sup_R	0	1580	0	2064	0	0	0	146	0	0	0	608	0	0	0	0	0	7666	0	1604	0	0	0	0	0	0	0	0	0	7658	0	0	0	384	148	506	146	3288	0	676	0	0	0	436	0	236	0	0	0	738	0	3406	0	0	0	1482	0	6238	0	138	0	874	0	10412	0	9358	0	930	0	562	0	112	0	678	0	0	0	310	0	4746	0	0	0	3818	0	24190	0	146	0	1758	0	0	0	0	0	0	0	0	0	0	0	0	0	0	0	0	0	0	0	0	0	0	0	0	0	0	
34348	Temporal_Pole_Sup_L	0	0	670	0	182	0	0	0	122	0	732	0	0	0	642	0	520	0	648	0	348	0	0	0	0	0	0	0	2096	0	0	0	0	0	0	0	360	0	158	0	126	0	0	0	0	0	0	0	0	0	0	0	0	0	1134	0	0	0	0	0	0	0	0	0	0	0	0	0	0	0	0	0	200	0	0	0	0	0	0	0	1686	0	0	0	2940	0	1718	0	2892	0	0	0	0	0	0	0	0	0	0	0	0	0	0	0	0	0	0	0	0	0	0	0	0	0	0	0	
71380	Temporal_Pole_Sup_R	0	0	0	204	0	0	0	0	0	0	0	1240	0	212	0	136	0	1178	0	290	0	162	0	0	0	0	0	0	0	3018	0	142	0	0	0	0	0	1812	0	2734	0	2826	0	0	0	0	0	0	0	0	0	0	0	0	0	4592	0	0	0	0	0	0	0	0	0	0	0	0	0	0	0	852	0	2208	0	0	0	0	0	0	0	3818	0	0	0	5018	0	2488	0	2760	0	0	0	0	0	0	0	0	0	0	0	0	0	0	0	0	0	0	0	0	0	0	0	0	0	0	
303252	Temporal_Mid_L	128	0	0	0	0	0	0	0	0	0	0	0	0	0	0	0	3062	0	754	0	0	0	0	0	0	0	0	0	4652	0	0	0	0	0	1860	0	1118	0	0	0	0	0	7064	0	2982	0	524	0	558	0	22140	0	5516	0	1264	0	9498	0	2496	0	9232	0	7540	0	5090	0	6140	0	786	0	0	0	0	0	0	0	0	0	5648	0	21522	0	2940	0	0	0	1622	0	27490	0	0	0	0	0	0	0	0	0	0	0	0	0	0	0	0	0	0	0	0	0	0	0	0	0	0	0	
292888	Temporal_Mid_R	0	1314	0	240	0	0	0	0	0	0	0	0	0	0	0	0	0	124	0	3148	0	0	0	0	0	0	0	0	0	2102	0	0	0	2344	0	880	0	3084	0	1302	0	0	0	6590	0	2218	0	880	0	2592	0	15674	0	6516	0	6102	0	9766	0	254	0	460	0	3334	0	8348	302	6094	0	2882	0	0	0	174	0	0	0	132	0	672	0	24190	0	5018	0	0	0	676	0	29032	0	0	0	0	0	0	0	0	0	0	0	0	0	0	0	0	0	0	0	0	0	0	0	0	0	0	
10684	Temporal_Pole_Mid_L	0	0	0	0	0	0	0	0	0	0	0	0	0	0	0	0	0	0	0	0	0	0	0	0	0	0	0	0	0	0	0	0	0	0	0	0	0	0	0	0	0	0	0	0	0	0	0	0	0	0	0	0	0	0	330	0	0	0	0	0	0	0	0	0	0	0	0	0	0	0	0	0	0	0	0	0	0	0	0	0	0	0	1718	0	1622	0	0	0	1672	0	0	0	0	0	0	0	0	0	0	0	0	0	0	0	0	0	0	0	0	0	0	0	0	0	0	0	
13320	Temporal_Pole_Mid_R	0	0	0	0	0	0	0	0	0	0	0	0	0	0	0	0	0	0	0	0	0	0	0	0	0	0	0	0	0	0	0	0	0	0	0	0	0	0	0	546	0	0	0	0	0	0	0	0	0	0	0	0	0	0	0	1576	0	0	0	0	0	0	0	0	0	0	0	0	0	0	0	0	0	0	0	0	0	0	0	0	0	146	0	2488	0	676	0	0	0	1228	0	0	0	0	0	0	0	0	0	0	0	0	0	0	0	0	0	0	0	0	0	0	0	0	0	0	
193544	Temporal_Inf_L	198	0	274	0	0	0	126	0	0	0	0	0	0	0	0	0	828	0	424	0	0	0	0	0	0	0	0	0	4376	0	0	0	0	0	290	0	5276	0	452	0	146	0	2134	0	636	0	804	0	0	0	3986	0	5380	0	9784	0	3392	0	428	0	1940	0	510	0	0	0	1174	0	392	0	0	0	982	0	0	0	214	0	1194	0	11124	0	2892	0	27490	0	1672	0	0	0	4990	0	1284	0	0	0	148	0	484	0	762	0	586	0	0	0	0	0	0	0	0	0	0	0	0	0	
291628	Temporal_Inf_R	0	2228	0	464	0	0	0	0	0	0	0	0	0	0	0	0	0	520	0	3934	0	0	0	0	0	0	0	0	0	2028	0	0	0	2134	0	2640	0	13262	0	4292	0	0	0	10932	0	1916	0	1780	0	1088	0	5394	0	14324	0	22100	0	2846	0	0	0	0	0	0	0	0	0	9364	0	2494	0	0	0	1030	0	0	0	212	0	336	0	1758	0	2760	0	29032	0	1228	0	0	0	3222	0	116	0	0	0	210	0	1224	0	204	0	602	0	140	0	0	0	0	0	0	0	0	0	0	
663816	Cerebelum_Crus1_L	0	0	0	0	0	0	0	0	0	0	0	0	0	0	0	0	0	0	0	0	0	0	0	0	0	0	0	0	0	0	0	0	0	0	0	0	528	0	898	0	0	0	0	0	0	0	7626	6124	0	0	0	0	940	978	27458	3788	0	0	0	0	0	0	0	0	0	0	0	0	0	0	0	0	0	0	0	0	0	0	0	0	0	0	0	0	0	0	0	0	4990	0	0	9032	41416	6380	1722	1428	35554	4780	66610	14730	15492	350	17822	4694	3642	3328	696	0	1490	2428	13478	14934	12034	1646	2660	2232	
588752	Cerebelum_Crus1_R	0	0	0	0	0	0	0	0	0	0	0	0	0	0	0	0	0	0	0	0	0	0	0	0	0	0	0	0	0	0	0	0	0	0	0	0	0	182	0	186	0	0	0	0	0	0	1116	5488	0	0	0	0	0	1188	1350	16890	0	0	0	0	0	0	0	0	0	0	0	0	0	0	0	0	0	0	0	0	0	0	0	0	0	0	0	0	0	0	0	0	0	3222	9032	0	2230	42438	408	2778	4134	19644	8102	60560	1488	7946	2614	40164	764	14950	0	290	746	2346	7274	12590	14036	5232	4820	168	
351700	Cerebelum_Crus2_L	0	0	0	0	0	0	0	0	0	0	0	0	0	0	0	0	0	0	0	0	0	0	0	0	0	0	0	0	0	0	0	0	0	0	0	0	128	0	294	0	0	0	0	0	0	0	148	896	0	0	0	0	0	0	1690	582	0	0	0	0	0	0	0	0	0	0	0	0	0	0	0	0	0	0	0	0	0	0	0	0	0	0	0	0	0	0	0	0	1284	0	41416	2230	0	9152	526	0	3492	304	7940	1978	38434	1844	31908	6218	2976	1082	752	0	0	228	708	2378	10606	5252	1200	204	
402672	Cerebelum_Crus2_R	0	0	0	0	0	0	0	0	0	0	0	0	0	0	0	0	0	0	0	0	0	0	0	0	0	0	0	0	0	0	0	0	0	0	0	0	0	0	144	0	0	0	0	0	0	0	0	532	0	0	0	0	0	0	234	222	0	0	0	0	0	0	0	0	0	0	0	0	0	0	0	0	0	0	0	0	0	0	0	0	0	0	0	0	0	0	0	0	0	116	6380	42438	9152	0	176	890	1316	1042	2080	6256	6684	22286	5910	46722	874	13594	0	236	314	748	1016	1950	17548	7970	4506	0	
50208	Cerebelum_3_L	0	0	0	0	0	0	0	0	0	0	0	0	0	0	0	0	0	0	0	0	0	0	0	0	0	0	0	0	0	0	0	0	0	0	0	0	0	0	106	0	0	0	0	0	0	0	0	294	0	0	0	0	0	0	242	0	0	0	0	0	0	0	0	0	0	0	0	0	0	0	0	0	0	0	0	0	0	0	0	0	0	0	0	0	0	0	0	0	0	0	1722	408	526	176	0	154	8286	548	2108	786	0	0	326	226	944	230	0	0	1114	3758	1610	240	596	342	362	0	
62228	Cerebelum_3_R	0	0	0	0	0	0	0	0	0	0	0	0	0	0	0	0	0	0	0	0	0	0	0	0	0	0	0	0	0	0	0	0	0	0	0	0	0	0	0	0	0	0	0	0	0	0	0	180	0	0	0	0	0	0	164	220	0	0	0	0	0	0	0	0	0	0	0	0	0	0	0	0	0	0	0	0	0	0	0	0	0	0	0	0	0	0	0	0	0	0	1428	2778	0	890	154	0	1750	5454	1444	5558	0	0	0	1300	0	818	0	0	1014	3402	1948	184	928	854	646	0	
416876	Cerebelum_4_5_L	0	0	0	0	0	0	0	0	0	0	0	0	0	0	0	0	0	0	0	0	0	0	0	0	0	0	0	0	0	0	0	0	0	0	0	0	886	0	2330	0	0	0	0	0	0	0	8930	3778	0	0	0	0	370	840	15888	2256	0	0	0	0	0	0	0	0	0	0	0	0	0	0	0	0	0	0	0	0	0	0	0	0	0	0	0	0	0	0	0	0	148	0	35554	4134	3492	1316	8286	1750	0	9198	46616	10308	1442	0	2184	1648	4220	1606	218	0	2250	5358	21970	5024	2080	870	1418	2070	
282980	Cerebelum_4_5_R	0	0	0	0	0	0	0	0	0	0	0	0	0	0	0	0	0	0	0	0	0	0	0	0	0	0	0	0	0	0	0	0	0	0	0	206	0	852	0	1560	0	0	0	0	0	0	932	9974	0	0	0	0	0	2162	758	12918	0	0	0	0	0	0	0	0	0	0	0	488	0	0	0	0	0	0	0	0	134	278	0	0	0	0	0	0	0	0	0	0	0	210	4780	19644	304	1042	548	5454	9198	0	5704	36500	0	0	204	2802	326	560	0	0	202	2864	17506	1540	820	482	234	304	
586684	Cerebelum_6_L	0	0	0	0	0	0	0	0	0	0	0	0	0	0	0	0	0	0	0	0	0	0	0	0	0	0	0	0	0	0	0	0	0	0	0	0	708	0	1554	0	0	0	0	0	0	0	11704	9672	0	0	0	0	590	1840	32320	5668	0	0	0	0	0	0	0	0	0	0	0	0	0	0	0	0	0	0	0	0	0	0	0	0	0	0	0	0	0	0	0	0	484	0	66610	8102	7940	2080	2108	1444	46616	5704	0	17426	3006	0	4026	1498	3874	3888	452	0	1502	2420	16994	21156	5028	754	2388	3786	
583172	Cerebelum_6_R	0	0	0	0	0	0	0	0	0	0	0	0	0	0	0	0	0	0	0	0	0	0	0	0	0	0	0	0	0	0	0	0	0	0	0	0	0	250	0	154	0	0	0	0	0	0	3060	17378	0	0	0	108	0	6860	3068	26878	0	0	0	0	0	0	0	0	0	0	0	0	0	0	0	0	0	0	0	0	0	0	0	0	0	0	0	0	0	0	0	0	0	1224	14730	60560	1978	6256	786	5558	10308	36500	17426	0	684	1310	1544	12530	644	4942	0	196	816	2998	17288	22130	8310	2190	2394	528	
275080	Cerebelum_7b_L	0	0	0	0	0	0	0	0	0	0	0	0	0	0	0	0	0	0	0	0	0	0	0	0	0	0	0	0	0	0	0	0	0	0	0	0	0	0	122	0	0	0	0	0	0	0	0	128	0	0	0	0	0	0	1148	0	0	0	0	0	0	0	0	0	0	0	0	0	0	0	0	0	0	0	0	0	0	0	0	0	0	0	0	0	0	0	0	0	762	0	15492	1488	38434	6684	0	0	1442	0	3006	684	0	1606	34516	7708	3066	1156	1024	0	0	0	148	482	9604	7408	1432	0	
132004	Cerebelum_7b_R	0	0	0	0	0	0	0	0	0	0	0	0	0	0	0	0	0	0	0	0	0	0	0	0	0	0	0	0	0	0	0	0	0	0	0	0	0	0	0	0	0	0	0	0	0	0	0	0	0	0	0	0	0	0	0	0	0	0	0	0	0	0	0	0	0	0	0	0	0	0	0	0	0	0	0	0	0	0	0	0	0	0	0	0	0	0	0	0	0	204	350	7946	1844	22286	0	0	0	0	0	1310	1606	0	1010	22082	0	3720	0	0	0	0	0	0	1890	1754	0	0	
333244	Cerebelum_8_L	0	0	0	0	0	0	0	0	0	0	0	0	0	0	0	0	0	0	0	0	0	0	0	0	0	0	0	0	0	0	0	0	0	0	0	0	0	0	144	0	0	0	0	0	0	0	0	154	0	0	0	0	0	0	1354	142	0	0	0	0	0	0	0	0	0	0	0	0	0	0	0	0	0	0	0	0	0	0	0	0	0	0	0	0	0	0	0	0	586	0	17822	2614	31908	5910	326	0	2184	204	4026	1544	34516	1010	0	8556	18626	3164	3466	0	0	204	404	798	11010	10832	4906	212	
444036	Cerebelum_8_R	0	0	0	0	0	0	0	0	0	0	0	0	0	0	0	0	0	0	0	0	0	0	0	0	0	0	0	0	0	0	0	0	0	0	0	0	0	0	110	0	0	0	0	0	0	0	0	228	0	0	0	0	0	0	200	438	0	0	0	0	0	0	0	0	0	0	0	0	0	0	0	0	0	0	0	0	0	0	0	0	0	0	0	0	0	0	0	0	0	602	4694	40164	6218	46722	226	1300	1648	2802	1498	12530	7708	22082	8556	0	1426	28974	0	450	332	1038	2020	370	13116	11010	5556	0	
127240	Cerebelum_9_L	0	0	0	0	0	0	0	0	0	0	0	0	0	0	0	0	0	0	0	0	0	0	0	0	0	0	0	0	0	0	0	0	0	0	0	0	0	0	0	0	0	0	0	0	0	0	0	200	0	0	0	0	0	0	128	0	0	0	0	0	0	0	0	0	0	0	0	0	0	0	0	0	0	0	0	0	0	0	0	0	0	0	0	0	0	0	0	0	0	0	3642	764	2976	874	944	0	4220	326	3874	644	3066	0	18626	1426	0	2262	3896	0	0	498	1630	2058	3168	3226	3742	1430	
238532	Cerebelum_9_R	0	0	0	0	0	0	0	0	0	0	0	0	0	0	0	0	0	0	0	0	0	0	0	0	0	0	0	0	0	0	0	0	0	0	0	0	0	0	0	0	0	0	0	0	0	0	0	0	0	0	0	0	0	0	110	132	0	0	0	0	0	0	0	0	0	0	0	0	0	0	0	0	0	0	0	0	0	0	0	0	0	0	0	0	0	0	0	0	0	140	3328	14950	1082	13594	230	818	1606	560	3888	4942	1156	3720	3164	28974	2262	0	0	1308	1096	1354	2900	4332	4886	5612	8980	4142	
21264	Cerebelum_10_L	0	0	0	0	0	0	0	0	0	0	0	0	0	0	0	0	0	0	0	0	0	0	0	0	0	0	0	0	0	0	0	0	0	0	0	0	0	0	0	0	0	0	0	0	0	0	0	0	0	0	0	0	0	0	0	0	0	0	0	0	0	0	0	0	0	0	0	0	0	0	0	0	0	0	0	0	0	0	0	0	0	0	0	0	0	0	0	0	0	0	696	0	752	0	0	0	218	0	452	0	1024	0	3466	0	3896	0	0	0	0	0	0	0	128	0	0	0	
5868	Cerebelum_10_R	0	0	0	0	0	0	0	0	0	0	0	0	0	0	0	0	0	0	0	0	0	0	0	0	0	0	0	0	0	0	0	0	0	0	0	0	0	0	0	0	0	0	0	0	0	0	0	0	0	0	0	0	0	0	0	0	0	0	0	0	0	0	0	0	0	0	0	0	0	0	0	0	0	0	0	0	0	0	0	0	0	0	0	0	0	0	0	0	0	0	0	290	0	236	0	0	0	0	0	196	0	0	0	450	0	1308	0	0	0	0	0	0	146	192	116	0	
42364	Vermis_1_2	0	0	0	0	0	0	0	0	0	0	0	0	0	0	0	0	0	0	0	0	0	0	0	0	0	0	0	0	0	0	0	0	0	0	0	0	0	0	0	0	0	0	0	0	0	0	0	0	0	0	0	0	0	0	118	0	0	0	0	0	0	0	0	0	0	0	0	0	0	0	0	0	0	0	0	0	0	0	0	0	0	0	0	0	0	0	0	0	0	0	1490	746	0	314	1114	1014	2250	202	1502	816	0	0	0	332	0	1096	0	0	0	5230	2568	134	678	784	794	0	
88148	Vermis_3	0	0	0	0	0	0	0	0	0	0	0	0	0	0	0	0	0	0	0	0	0	0	0	0	0	0	0	0	0	0	0	0	0	0	0	0	0	0	186	0	0	0	0	0	0	0	0	312	0	0	0	0	0	0	248	0	0	0	0	0	0	0	0	0	0	0	0	0	0	0	0	0	0	0	0	0	0	0	0	0	0	0	0	0	0	0	0	0	0	0	2428	2346	228	748	3758	3402	5358	2864	2420	2998	0	0	204	1038	498	1354	0	0	5230	0	4776	226	1200	1190	1062	0	
318448	Vermis_4_5	0	0	110	0	0	0	0	0	0	0	0	0	0	0	0	0	0	0	0	124	0	0	0	0	0	0	0	0	0	0	0	0	0	0	170	1640	112	1778	110	1720	0	0	0	0	0	0	1992	8466	0	0	0	0	0	2244	2946	6276	0	0	0	0	0	0	0	0	0	0	0	1674	0	0	0	0	0	0	0	0	162	534	0	0	0	0	0	0	0	0	0	0	0	0	13478	7274	708	1016	1610	1948	21970	17506	16994	17288	148	0	404	2020	1630	2900	0	0	2568	4776	0	7704	1280	966	1310	3668	
300276	Vermis_6	0	0	0	0	0	0	0	0	0	0	0	0	0	0	0	0	0	0	0	0	0	0	0	0	0	0	0	0	0	0	0	0	0	0	0	0	0	0	0	0	0	0	0	112	0	0	4206	13546	0	0	0	108	0	3800	4830	9250	0	0	0	0	0	0	0	0	0	0	0	0	0	0	0	0	0	0	0	0	0	0	0	0	0	0	0	0	0	0	0	0	0	0	14934	12590	2378	1950	240	184	5024	1540	21156	22130	482	0	798	370	2058	4332	0	0	134	226	7704	0	6096	814	3498	5648	
297292	Vermis_7	0	0	0	0	0	0	0	0	0	0	0	0	0	0	0	0	0	0	0	0	0	0	0	0	0	0	0	0	0	0	0	0	0	0	0	0	0	0	154	0	0	0	0	0	0	0	294	1084	0	0	0	0	0	360	790	712	0	0	0	0	0	0	0	0	0	0	0	0	0	0	0	0	0	0	0	0	0	0	0	0	0	0	0	0	0	0	0	0	0	0	12034	14036	10606	17548	596	928	2080	820	5028	8310	9604	1890	11010	13116	3168	4886	128	146	678	1200	1280	6096	0	12130	7746	188	
180984	Vermis_8	0	0	0	0	0	0	0	0	0	0	0	0	0	0	0	0	0	0	0	0	0	0	0	0	0	0	0	0	0	0	0	0	0	0	0	0	0	0	0	0	0	0	0	0	0	0	0	0	0	0	0	0	0	0	0	0	0	0	0	0	0	0	0	0	0	0	0	0	0	0	0	0	0	0	0	0	0	0	0	0	0	0	0	0	0	0	0	0	0	0	1646	5232	5252	7970	342	854	870	482	754	2190	7408	1754	10832	11010	3226	5612	0	192	784	1190	966	814	12130	0	8770	212	
