data	data	512816	304256	886720	847448	194400	127512	547484	243600	79336	29508	265404	456164	268068	143996	230552	78628	255860	405052	724824	646620	140688	140592	393480	343688	50988	100904	121716	96052	705896	655268	387928	503044	178600	524544	113028	113884	339112	256368	125928	150896	43824	67044	211244	310960	237788	367056	304924	349364	187688	388820	613876	315468	227976	146012	559072	415656	321904	365400	214124	136780	244120	91988	117256	98996	157124	114976	374132	435464	279220	343720	270800	477648	385380	309900	49508	11940	175372	144936	90164	80956	261468	192620	112060	173884	320136	245988	23288	21984	308744	238836	567132	386120	307652	295908	84064	100884	362864	268812	584020	449188	245572	157608	329524	266420	164900	182396	21104	9112	45264	122716	236936	206716	304756	192740	184232	61176	
data	data	Precentral_L	Precentral_R	Frontal_Sup_L	Frontal_Sup_R	Frontal_Sup_Orb_L	Frontal_Sup_Orb_R	Frontal_Mid_L	Frontal_Mid_R	Frontal_Mid_Orb_L	Frontal_Mid_Orb_R	Frontal_Inf_Oper_L	Frontal_Inf_Oper_R	Frontal_Inf_Tri_L	Frontal_Inf_Tri_R	Frontal_Inf_Orb_L	Frontal_Inf_Orb_R	Rolandic_Oper_L	Rolandic_Oper_R	Supp_Motor_Area_L	Supp_Motor_Area_R	Olfactory_L	Olfactory_R	Frontal_Sup_Medial_L	Frontal_Sup_Medial_R	Frontal_Med_Orb_L	Frontal_Med_Orb_R	Rectus_L	Rectus_R	Insula_L	Insula_R	Cingulum_Ant_L	Cingulum_Ant_R	Cingulum_Mid_L	Cingulum_Mid_R	Cingulum_Post_L	Cingulum_Post_R	Hippocampus_L	Hippocampus_R	ParaHippocampal_L	ParaHippocampal_R	Amygdala_L	Amygdala_R	Calcarine_L	Calcarine_R	Cuneus_L	Cuneus_R	Lingual_L	Lingual_R	Occipital_Sup_L	Occipital_Sup_R	Occipital_Mid_L	Occipital_Mid_R	Occipital_Inf_L	Occipital_Inf_R	Fusiform_L	Fusiform_R	Postcentral_L	Postcentral_R	Parietal_Sup_L	Parietal_Sup_R	Parietal_Inf_L	Parietal_Inf_R	SupraMarginal_L	SupraMarginal_R	Angular_L	Angular_R	Precuneus_L	Precuneus_R	Paracentral_Lobule_L	Paracentral_Lobule_R	Caudate_L	Caudate_R	Putamen_L	Putamen_R	Pallidum_L	Pallidum_R	Thalamus_L	Thalamus_R	Heschl_L	Heschl_R	Temporal_Sup_L	Temporal_Sup_R	Temporal_Pole_Sup_L	Temporal_Pole_Sup_R	Temporal_Mid_L	Temporal_Mid_R	Temporal_Pole_Mid_L	Temporal_Pole_Mid_R	Temporal_Inf_L	Temporal_Inf_R	Cerebelum_Crus1_L	Cerebelum_Crus1_R	Cerebelum_Crus2_L	Cerebelum_Crus2_R	Cerebelum_3_L	Cerebelum_3_R	Cerebelum_4_5_L	Cerebelum_4_5_R	Cerebelum_6_L	Cerebelum_6_R	Cerebelum_7b_L	Cerebelum_7b_R	Cerebelum_8_L	Cerebelum_8_R	Cerebelum_9_L	Cerebelum_9_R	Cerebelum_10_L	Cerebelum_10_R	Vermis_1_2	Vermis_3	Vermis_4_5	Vermis_6	Vermis_7	Vermis_8	Vermis_9	Vermis_10	
512816	Precentral_L	0	7754	14306	4848	0	0	21322	218	0	0	16094	2634	4334	516	0	0	8186	1428	17926	7644	0	0	322	546	0	0	0	0	12582	2512	910	1242	140	4234	146	168	9352	166	156	0	0	0	0	0	0	0	0	0	0	0	518	0	0	0	680	0	31478	1178	236	0	3312	0	4414	0	1064	0	206	0	18204	3938	3520	4010	9278	304	3044	0	18604	728	2454	0	4598	746	670	908	1030	0	0	0	1060	0	276	0	0	0	0	0	0	0	264	0	0	0	0	0	0	0	0	0	0	0	0	0	0	0	0	0	
304256	Precentral_R	7754	0	4376	11326	0	0	2064	5534	0	0	0	8554	80	136	0	0	0	4696	4584	9308	0	0	0	0	0	0	0	0	178	4246	0	120	202	2258	120	384	700	3316	0	228	0	0	0	438	0	1144	0	0	0	1634	0	406	0	268	0	240	2744	21936	0	1572	220	2298	102	3048	0	1106	0	3026	3870	7414	1316	5104	1964	2210	498	212	3224	14238	0	314	0	332	0	700	0	204	0	0	0	182	0	0	0	0	0	0	0	0	0	0	0	0	0	0	0	0	0	0	0	0	0	0	0	0	0	0	
886720	Frontal_Sup_L	14306	4376	0	10618	6894	0	70228	2446	3604	0	10824	2320	19350	212	10166	0	7372	856	72216	10638	144	0	45224	6130	1070	0	110	0	43002	2470	22340	6164	6060	4296	0	0	3604	0	106	0	128	0	0	0	0	0	0	0	0	0	0	0	0	0	372	0	2552	382	0	0	196	0	0	0	0	0	0	0	3988	240	3512	4438	24962	540	3782	0	2032	226	324	0	3690	116	3546	324	266	0	0	0	598	0	0	0	0	0	0	0	0	0	0	0	0	0	0	0	0	0	0	0	0	0	0	0	0	0	0	0	
847448	Frontal_Sup_R	4848	11326	10618	0	0	4134	4106	39112	0	322	840	24982	486	8224	82	2500	86	17136	19328	55942	0	0	12430	35650	0	3454	0	0	1350	27222	6146	38192	3658	29442	174	0	368	2278	0	158	0	0	0	0	0	0	0	0	0	0	180	0	0	0	0	1030	1664	1106	126	0	0	76	0	84	0	0	172	0	1548	926	1586	22840	1624	13542	204	490	202	4772	0	870	0	1850	0	3888	0	0	0	0	0	350	0	0	0	0	0	0	0	0	0	0	0	0	0	0	0	0	0	0	0	0	0	0	0	0	0	0	
194400	Frontal_Sup_Orb_L	0	0	6894	0	0	1442	758	0	11388	0	0	0	732	0	14996	0	0	0	212	0	6718	3610	4200	552	4362	1016	12470	1982	4642	0	5610	1182	86	0	0	0	0	0	158	0	332	0	0	0	0	0	0	0	0	0	0	0	0	0	0	0	0	0	0	0	0	0	0	0	0	0	0	0	0	0	5220	1456	6032	0	0	0	0	0	0	0	0	0	1150	0	0	0	0	0	0	0	0	0	0	0	0	0	0	0	0	0	0	0	0	0	0	0	0	0	0	0	0	0	0	0	0	0	
127512	Frontal_Sup_Orb_R	0	0	0	4134	1442	0	0	534	0	1992	0	100	0	110	1400	3884	0	0	0	186	2472	4956	94	2470	110	7212	1630	8916	134	3998	806	3520	0	0	0	0	0	0	0	82	0	964	0	0	0	0	0	0	0	0	0	0	0	0	0	0	0	0	0	0	0	0	0	0	0	0	0	0	0	0	2328	5314	142	4826	0	0	0	0	0	0	0	0	0	0	0	0	0	0	0	0	0	0	0	0	0	0	0	0	0	0	0	0	0	0	0	0	0	0	0	0	0	0	0	0	0	0	
547484	Frontal_Mid_L	21322	2064	70228	4106	758	0	0	1346	3130	0	14190	2506	28260	524	9664	0	5370	1224	14796	1162	0	0	17178	2278	0	0	0	0	23762	2348	9546	4310	2872	3490	0	0	1712	0	102	0	0	0	0	0	0	0	0	0	0	0	104	0	0	0	170	0	1558	180	0	0	630	0	190	0	144	0	0	0	482	252	2628	3976	5470	172	400	0	2106	0	292	0	2416	764	2374	818	164	0	0	0	204	0	0	0	0	0	0	0	0	0	0	0	0	0	0	0	0	0	0	0	0	0	0	0	0	0	0	0	
243600	Frontal_Mid_R	218	5534	2446	39112	0	534	1346	0	0	948	0	12772	74	7106	0	1592	0	7284	2776	4396	0	0	2614	4216	0	0	0	0	140	8856	1764	4746	684	6058	0	0	0	322	0	0	0	0	0	0	0	0	0	0	0	0	0	0	0	0	0	0	0	526	0	0	0	178	0	182	0	0	0	0	0	0	158	714	252	994	0	168	0	190	0	0	0	182	0	2718	0	0	0	0	0	0	0	0	0	0	0	0	0	0	0	0	0	0	0	0	0	0	0	0	0	0	0	0	0	0	0	0	
79336	Frontal_Mid_Orb_L	0	0	3604	0	11388	0	3130	0	0	0	0	0	1686	0	10824	0	0	0	122	0	612	104	84	0	704	0	3592	0	1832	0	392	0	0	0	0	0	0	0	0	0	0	0	0	0	0	0	0	0	0	0	0	0	0	0	0	0	0	0	0	0	0	0	0	0	0	0	0	0	0	0	404	0	1056	0	0	0	0	0	0	0	0	0	134	0	0	0	0	0	0	0	0	0	0	0	0	0	0	0	0	0	0	0	0	0	0	0	0	0	0	0	0	0	0	0	0	0	
29508	Frontal_Mid_Orb_R	0	0	0	322	0	1992	0	948	0	0	0	0	0	110	0	6708	0	0	0	0	0	780	0	0	0	0	0	462	0	1798	0	0	0	0	0	0	0	0	0	0	0	702	0	0	0	0	0	0	0	0	0	0	0	0	0	0	0	0	0	0	0	0	0	0	0	0	0	0	0	0	0	456	0	476	0	0	0	0	0	0	0	0	0	0	0	0	0	0	0	0	0	0	0	0	0	0	0	0	0	0	0	0	0	0	0	0	0	0	0	0	0	0	0	0	0	0	
265404	Frontal_Inf_Oper_L	16094	0	10824	840	0	0	14190	0	0	0	0	2428	11664	1148	100	184	10600	662	7110	446	0	0	818	102	0	0	0	0	22896	2362	2468	570	392	734	0	0	1984	0	152	0	0	0	0	0	0	0	0	0	0	0	0	0	0	0	350	0	5958	0	0	0	142	0	396	0	168	0	0	0	0	0	974	2108	2768	0	0	0	272	0	360	0	3110	558	5648	570	198	0	0	0	354	0	0	0	0	0	0	0	0	0	0	0	0	0	0	0	0	0	0	0	0	0	0	0	0	0	0	0	
456164	Frontal_Inf_Oper_R	2634	8554	2320	24982	0	100	2506	12772	0	0	2428	0	958	11232	0	254	218	29526	3546	13282	0	0	1312	1156	0	0	0	0	4340	42638	1550	3268	136	3664	0	0	748	958	0	122	0	0	0	172	0	370	0	0	0	608	0	278	0	98	110	324	78	5416	0	562	0	858	0	838	0	200	0	888	114	310	2432	11632	1818	5488	0	328	126	2932	116	746	240	3812	144	10980	0	402	0	0	94	364	0	0	0	0	0	0	0	0	0	0	0	0	0	0	0	0	0	0	0	0	0	0	0	0	0	0	
268068	Frontal_Inf_Tri_L	4334	80	19350	486	732	0	28260	74	1686	0	11664	958	0	574	11958	0	1856	188	4254	190	0	0	4282	0	0	0	0	0	25150	1190	3822	630	1572	410	0	0	698	0	96	0	0	0	0	0	0	0	0	0	0	0	0	0	0	0	152	0	1810	0	0	0	0	0	0	0	0	0	0	0	0	0	1212	1890	2458	474	0	0	0	92	0	0	588	104	570	112	0	0	0	0	78	0	0	0	0	0	0	0	0	0	0	0	0	0	0	0	0	0	0	0	0	0	0	0	0	0	0	0	
143996	Frontal_Inf_Tri_R	516	136	212	8224	0	110	524	7106	0	110	1148	11232	574	0	0	5586	128	300	1012	3080	0	0	124	1880	0	0	0	0	1678	14650	360	2854	0	2622	0	0	510	0	0	0	0	0	0	0	0	0	0	0	0	0	0	0	0	0	0	0	0	0	0	0	0	0	0	0	0	0	0	0	0	0	318	4114	984	934	0	0	0	610	0	0	156	0	116	90	0	0	0	0	0	0	0	0	0	0	0	0	0	0	0	0	0	0	0	0	0	0	0	0	0	0	0	0	0	0	0	0	
230552	Frontal_Inf_Orb_L	0	0	10166	82	14996	1400	9664	0	10824	0	100	0	11958	0	0	0	0	0	1108	0	7162	3432	710	0	348	752	7256	1936	15682	0	1458	1072	146	92	0	0	0	0	278	0	656	0	0	0	0	0	0	0	0	0	0	0	0	0	0	0	0	0	0	0	0	0	0	0	0	0	0	0	0	0	5216	1610	3692	256	0	0	0	0	0	0	0	0	3224	0	0	0	0	0	0	0	0	0	0	0	0	0	0	0	0	0	0	0	0	0	0	0	0	0	0	0	0	0	0	0	0	0	
78628	Frontal_Inf_Orb_R	0	0	0	2500	0	3884	0	1592	0	6708	184	254	0	5586	0	0	0	0	0	208	156	1766	0	178	0	166	0	1606	96	8980	0	262	0	130	0	0	0	0	0	348	0	276	0	0	0	0	0	0	0	0	0	0	0	0	0	0	0	0	0	0	0	0	0	0	0	0	0	0	0	0	124	1878	84	526	0	0	0	0	0	0	0	470	0	1064	0	102	0	0	0	186	0	0	0	0	0	0	0	0	0	0	0	0	0	0	0	0	0	0	0	0	0	0	0	0	0	0	
255860	Rolandic_Oper_L	8186	0	7372	86	0	0	5370	0	0	0	10600	218	1856	128	0	0	0	0	4944	0	0	0	90	0	0	0	0	0	21354	144	0	0	0	0	0	0	3800	0	0	0	0	0	0	0	0	0	0	0	0	0	4980	0	1518	0	1652	0	11040	0	3282	0	4492	0	4052	0	1740	0	1124	0	138	0	138	184	1262	0	0	0	402	0	5388	0	15240	0	1698	0	4098	0	0	0	1354	0	0	0	0	0	0	0	0	0	0	0	0	0	0	0	0	0	0	0	0	0	0	0	0	0	0	0	
405052	Rolandic_Oper_R	1428	4696	856	17136	0	0	1224	7284	0	0	662	29526	188	300	0	0	0	0	2670	9052	0	0	78	266	0	0	0	0	492	42932	184	320	114	1440	0	0	94	8078	0	948	0	0	0	168	0	384	0	0	0	586	0	242	0	290	0	3590	0	5104	0	400	0	228	0	1966	0	86	0	872	86	406	598	4876	624	13772	0	840	78	2692	0	8584	0	8960	0	12222	0	1408	0	0	0	3496	0	0	0	0	0	0	0	0	0	0	0	0	0	0	0	0	0	0	0	0	0	0	0	0	0	0	
724824	Supp_Motor_Area_L	17926	4584	72216	19328	212	0	14796	2776	122	0	7110	3546	4254	1012	1108	0	4944	2670	0	41192	0	0	7662	4002	0	0	0	0	23620	3306	7564	7128	11200	24528	474	182	2366	0	102	0	0	0	0	0	118	0	0	0	0	0	170	0	0	0	342	0	2020	448	86	0	0	0	0	0	0	0	172	180	18650	4936	3864	3046	20218	874	3922	0	5952	290	140	0	3110	178	1992	908	306	0	0	0	560	0	0	0	0	0	0	0	0	0	0	0	0	0	0	0	0	0	0	0	0	0	0	0	0	0	0	0	
646620	Supp_Motor_Area_R	7644	9308	10638	55942	0	186	1162	4396	0	0	446	13282	190	3080	0	208	0	9052	41192	0	0	0	2348	9166	0	0	0	0	396	12966	1680	12962	3574	46204	320	572	256	934	0	0	0	0	0	124	184	212	0	0	132	150	652	0	0	0	0	542	1972	3180	512	82	310	0	106	84	0	0	536	1406	15854	25488	930	12542	748	3992	136	146	1506	724	0	0	0	886	0	1782	0	0	0	0	0	288	0	0	0	0	0	0	0	0	0	0	0	0	0	0	0	0	0	0	0	0	0	0	0	0	0	0	
140688	Olfactory_L	0	0	144	0	6718	2472	0	0	612	0	0	0	0	0	7162	156	0	0	0	0	0	8612	130	0	1110	1072	7552	3278	2964	96	3720	2644	0	0	0	0	74	0	582	0	1144	118	0	0	0	0	0	0	0	0	0	0	0	0	0	0	0	0	0	0	0	0	0	0	0	0	0	0	0	0	11716	3932	1978	994	0	0	0	0	0	0	0	0	1364	0	0	0	0	0	0	0	0	0	0	0	0	0	0	0	0	0	0	0	0	0	0	0	0	0	0	0	0	0	0	0	0	0	
140592	Olfactory_R	0	0	0	0	3610	4956	0	0	104	780	0	0	0	0	3432	1766	0	0	0	0	8612	0	0	0	154	2486	4726	6990	304	2742	2834	4250	0	0	0	0	0	82	0	604	132	1686	0	0	0	0	0	0	0	0	0	0	0	0	0	0	0	0	0	0	0	0	0	0	0	0	0	0	0	0	9102	7818	1740	1096	0	0	0	0	0	0	0	0	0	290	0	0	0	0	0	0	0	0	0	0	0	0	0	0	0	0	0	0	0	0	0	0	0	0	0	0	0	0	0	0	0	0	
393480	Frontal_Sup_Medial_L	322	0	45224	12430	4200	94	17178	2614	84	0	818	1312	4282	124	710	0	90	78	7662	2348	130	0	0	21770	1482	536	0	0	6962	1330	25178	12542	7038	14074	0	0	74	0	0	0	0	0	0	0	0	0	0	0	0	0	0	0	0	0	0	0	0	0	0	0	0	0	0	0	0	0	0	0	0	0	1476	1752	2580	96	0	0	0	0	0	0	0	0	150	0	0	0	0	0	0	0	0	0	0	0	0	0	0	0	0	0	0	0	0	0	0	0	0	0	0	0	0	0	0	0	0	0	
343688	Frontal_Sup_Medial_R	546	0	6130	35650	552	2470	2278	4216	0	0	102	1156	0	1880	0	178	0	266	4002	9166	0	0	21770	0	1900	5940	0	74	306	1726	8518	28976	1536	16806	0	0	0	0	0	0	0	0	0	0	0	0	0	0	0	0	0	0	0	0	0	0	0	0	0	0	0	0	0	0	0	0	0	0	0	0	914	8410	314	5714	0	0	0	348	0	0	0	0	0	0	0	0	0	0	0	0	0	0	0	0	0	0	0	0	0	0	0	0	0	0	0	0	0	0	0	0	0	0	0	0	0	0	
50988	Frontal_Med_Orb_L	0	0	1070	0	4362	110	0	0	704	0	0	0	0	0	348	0	0	0	0	0	1110	154	1482	1900	0	2324	3584	184	170	0	5518	790	0	0	0	0	0	0	0	0	118	0	0	0	0	0	0	0	0	0	0	0	0	0	0	0	0	0	0	0	0	0	0	0	0	0	0	0	0	0	1298	0	268	0	0	0	0	0	0	0	0	0	0	0	0	0	0	0	0	0	0	0	0	0	0	0	0	0	0	0	0	0	0	0	0	0	0	0	0	0	0	0	0	0	0	0	
100904	Frontal_Med_Orb_R	0	0	0	3454	1016	7212	0	0	0	0	0	0	0	0	752	166	0	0	0	0	1072	2486	536	5940	2324	0	962	6126	0	0	2512	7864	0	0	0	0	0	0	0	0	0	92	0	0	0	0	0	0	0	0	0	0	0	0	0	0	0	0	0	0	0	0	0	0	0	0	0	0	0	0	1016	3468	74	3380	0	0	0	0	0	0	0	0	0	0	0	0	0	0	0	0	0	0	0	0	0	0	0	0	0	0	0	0	0	0	0	0	0	0	0	0	0	0	0	0	0	0	
121716	Rectus_L	0	0	110	0	12470	1630	0	0	3592	0	0	0	0	0	7256	0	0	0	0	0	7552	4726	0	0	3584	962	0	2334	1568	0	3458	1402	0	0	0	0	0	0	0	0	228	0	0	0	0	0	0	0	0	0	0	0	0	0	0	0	0	0	0	0	0	0	0	0	0	0	0	0	0	0	6710	1646	1002	118	0	0	0	0	0	0	0	0	510	0	0	0	0	0	0	0	0	0	0	0	0	0	0	0	0	0	0	0	0	0	0	0	0	0	0	0	0	0	0	0	0	0	
96052	Rectus_R	0	0	0	0	1982	8916	0	0	0	462	0	0	0	0	1936	1606	0	0	0	0	3278	6990	0	74	184	6126	2334	0	112	1032	678	3058	0	0	0	0	0	0	0	0	0	458	0	0	0	0	0	0	0	0	0	0	0	0	0	0	0	0	0	0	0	0	0	0	0	0	0	0	0	0	3060	4452	214	1074	0	0	0	0	0	0	0	0	0	0	0	0	0	0	0	0	0	0	0	0	0	0	0	0	0	0	0	0	0	0	0	0	0	0	0	0	0	0	0	0	0	0	
705896	Insula_L	12582	178	43002	1350	4642	134	23762	140	1832	0	22896	4340	25150	1678	15682	96	21354	492	23620	396	2964	304	6962	306	170	0	1568	112	0	4604	8714	1910	2338	538	130	0	19402	0	1444	0	3464	0	0	0	0	0	0	0	0	0	780	0	646	0	4138	0	5612	88	250	0	1292	0	2344	0	1216	0	214	0	504	0	5328	5634	25126	500	74	0	2034	94	6260	0	14122	268	9210	302	3694	0	0	0	4766	0	122	0	0	0	0	0	0	0	74	0	0	0	0	0	0	0	0	0	0	0	0	0	0	0	0	0	
655268	Insula_R	2512	4246	2470	27222	0	3998	2348	8856	0	1798	2362	42638	1190	14650	0	8980	144	42932	3306	12966	96	2742	1330	1726	0	0	0	1032	4604	0	1750	4996	162	2814	0	96	842	8410	0	1140	0	3892	0	102	0	120	0	136	0	176	0	88	0	370	120	4394	90	3450	0	0	76	94	0	722	0	0	0	344	130	360	2734	15866	1976	22550	0	476	198	4726	142	8206	228	15370	172	13084	0	4860	0	0	110	7914	0	0	0	0	0	0	0	0	0	0	0	0	0	0	0	0	0	0	0	0	0	0	0	0	0	0	
387928	Cingulum_Ant_L	910	0	22340	6146	5610	806	9546	1764	392	0	2468	1550	3822	360	1458	0	0	184	7564	1680	3720	2834	25178	8518	5518	2512	3458	678	8714	1750	0	23480	5700	6606	498	0	348	0	0	0	126	0	0	0	0	0	0	0	0	0	0	0	0	0	80	0	0	0	0	0	0	0	0	0	0	0	0	0	0	0	9396	5968	8396	2106	0	0	1276	128	0	0	0	0	296	80	0	0	0	0	0	0	0	0	0	0	0	0	0	0	0	0	0	0	0	0	0	0	0	0	0	0	0	0	0	0	0	0	
503044	Cingulum_Ant_R	1242	120	6164	38192	1182	3520	4310	4746	0	0	570	3268	630	2854	1072	262	0	320	7128	12962	2644	4250	12542	28976	790	7864	1402	3058	1910	4996	23480	0	2278	20390	0	0	302	0	0	0	0	140	0	0	0	0	0	0	0	0	0	0	0	0	0	0	0	0	0	0	0	0	0	0	0	0	0	0	0	0	5802	26794	2094	12316	0	0	248	704	0	0	0	0	0	0	0	0	0	0	0	0	0	0	0	0	0	0	0	0	0	0	0	0	0	0	0	0	0	0	0	0	0	0	0	0	0	0	
178600	Cingulum_Mid_L	140	202	6060	3658	86	0	2872	684	0	0	392	136	1572	0	146	0	0	114	11200	3574	0	0	7038	1536	0	0	0	0	2338	162	5700	2278	0	10968	6886	224	0	0	0	0	0	0	682	0	1948	0	0	0	622	0	3332	0	324	0	204	0	250	0	1710	0	112	0	0	0	134	0	5238	428	4384	608	124	96	354	0	0	0	0	0	0	0	0	0	0	0	784	0	0	0	0	0	0	0	0	0	0	0	0	0	0	0	0	0	0	0	0	0	0	0	0	0	0	0	0	0	0	0	
524544	Cingulum_Mid_R	4234	2258	4296	29442	0	0	3490	6058	0	0	734	3664	410	2622	92	130	0	1440	24528	46204	0	0	14074	16806	0	0	0	0	538	2814	6606	20390	10968	0	722	4478	134	0	0	0	0	0	0	728	272	934	0	214	232	290	588	166	0	0	0	0	1604	3730	438	0	204	0	0	0	0	0	1560	5852	14314	21658	434	718	272	194	0	0	0	0	0	0	0	128	0	266	0	0	0	0	0	180	0	0	0	0	0	0	0	0	0	0	0	0	0	0	0	0	0	0	0	0	164	0	0	0	0	0	
113028	Cingulum_Post_L	146	120	0	174	0	0	0	0	0	0	0	0	0	0	0	0	0	0	474	320	0	0	0	0	0	0	0	0	130	0	498	0	6886	722	0	7072	2350	312	652	156	0	0	3410	228	2756	216	904	218	518	0	4208	0	396	0	532	94	900	496	1344	0	0	0	0	0	172	0	10206	1882	3902	662	0	0	0	0	0	0	872	0	0	0	0	0	0	0	1566	0	0	0	0	144	0	0	0	0	0	0	376	0	0	0	0	0	0	0	0	0	0	0	0	0	500	0	0	0	0	0	
113884	Cingulum_Post_R	168	384	0	0	0	0	0	0	0	0	0	0	0	0	0	0	0	0	182	572	0	0	0	0	0	0	0	0	0	96	0	0	224	4478	7072	0	3004	2702	552	1394	0	0	0	1410	142	1998	126	4094	0	432	0	102	0	324	476	360	238	1888	0	0	0	0	0	0	0	0	1256	10586	854	2668	0	0	0	0	0	0	2812	624	0	0	0	0	0	0	0	152	0	0	350	882	332	0	0	0	0	0	0	750	344	0	0	0	0	0	0	0	0	0	0	0	2914	0	0	0	0	0	
339112	Hippocampus_L	9352	700	3604	368	0	0	1712	0	0	0	1984	748	698	510	0	0	3800	94	2366	256	74	0	74	0	0	0	0	0	19402	842	348	302	0	134	2350	3004	0	2396	12806	1228	7434	82	780	0	0	0	2254	370	0	0	150	0	402	0	19922	352	4440	88	0	0	218	0	1782	0	184	0	1282	604	1478	126	558	690	13488	0	1278	0	8676	980	3714	0	4080	0	554	0	922	0	82	0	14742	0	3712	0	128	0	118	0	1144	224	3112	0	0	0	0	0	0	0	0	0	0	0	254	0	0	0	0	0	
256368	Hippocampus_R	166	3316	0	2278	0	0	0	322	0	0	0	958	0	0	0	0	0	8078	0	934	0	82	0	0	0	0	0	0	0	8410	0	0	0	0	312	2702	2396	0	442	17530	0	8876	0	306	0	100	82	3352	0	134	0	0	0	528	582	21034	84	1556	0	0	0	0	0	1580	0	0	0	2480	0	290	0	0	82	11984	0	268	2556	5982	0	2330	0	2612	0	888	0	740	0	0	540	7064	510	74	0	0	0	278	0	2170	514	100	0	0	0	0	0	0	0	0	0	0	582	0	0	0	0	0	
125928	ParaHippocampal_L	156	0	106	0	158	0	102	0	0	0	152	0	96	0	278	0	0	0	102	0	582	0	0	0	0	0	0	0	1444	0	0	0	0	0	652	552	12806	442	0	264	2978	0	1192	0	0	0	5348	206	0	0	1182	0	1470	0	12664	158	180	0	0	0	0	0	0	0	0	0	3274	88	294	0	230	0	910	0	0	0	1238	94	232	0	268	0	450	0	820	0	196	0	3196	0	1846	0	122	0	460	0	3044	0	2490	0	0	0	74	0	0	0	0	0	80	208	80	0	0	0	0	0	
150896	ParaHippocampal_R	0	228	0	158	0	82	0	0	0	0	0	122	0	0	0	348	0	948	0	0	0	604	0	0	0	0	0	0	0	1140	0	0	0	0	156	1394	1228	17530	264	0	0	6318	0	114	0	0	0	5438	0	0	0	0	0	342	302	19164	0	98	0	0	0	0	0	0	0	0	0	1776	0	0	0	92	0	1784	0	218	1320	1538	0	208	0	290	0	3026	0	0	0	874	286	2040	270	200	0	0	0	392	0	4112	276	276	0	0	0	0	0	0	0	0	0	86	406	0	0	0	0	0	
43824	Amygdala_L	0	0	128	0	332	0	0	0	0	0	0	0	0	0	656	0	0	0	0	0	1144	132	0	0	118	0	228	0	3464	0	126	0	0	0	0	0	7434	0	2978	0	0	0	0	0	0	0	0	0	0	0	0	0	0	0	2818	0	0	0	0	0	0	0	0	0	0	0	0	0	0	0	594	0	448	0	0	0	0	0	0	0	94	0	592	0	0	0	106	0	520	0	0	0	0	0	0	0	0	0	0	0	0	0	0	0	0	0	0	0	0	0	0	0	0	0	0	0	
67044	Amygdala_R	0	0	0	0	0	964	0	0	0	702	0	0	0	0	0	276	0	0	0	0	118	1686	0	0	0	92	0	458	0	3892	0	140	0	0	0	0	82	8876	0	6318	0	0	0	0	0	0	0	0	0	0	0	0	0	0	0	5726	0	0	0	0	0	0	0	0	0	0	0	0	0	0	98	608	0	1078	0	0	0	0	0	0	0	0	0	2052	0	0	0	0	0	356	0	0	0	0	0	0	0	0	0	0	0	0	0	0	0	0	0	0	0	0	0	0	0	0	0	0	
211244	Calcarine_L	0	0	0	0	0	0	0	0	0	0	0	0	0	0	0	0	0	0	0	0	0	0	0	0	0	0	0	0	0	0	0	0	682	0	3410	0	780	0	1192	0	0	0	0	5050	15434	2894	12674	2602	7988	694	19116	326	7062	148	4352	200	92	0	266	0	0	0	0	0	114	0	15802	632	462	0	0	0	0	0	0	0	0	0	0	0	0	0	0	0	1340	0	0	0	208	0	470	0	0	0	0	0	756	0	694	0	0	0	0	0	0	0	0	0	0	0	182	0	0	0	0	0	
310960	Calcarine_R	0	438	0	0	0	0	0	0	0	0	0	172	0	0	0	0	0	168	0	124	0	0	0	0	0	0	0	0	0	102	0	0	0	728	228	1410	0	306	0	114	0	0	5050	0	6708	24956	2302	23376	0	19404	0	16220	0	12970	0	5550	0	2702	0	0	0	0	0	114	0	174	1696	18320	108	3492	0	0	0	0	0	0	0	0	0	152	0	128	0	0	0	4056	0	0	0	2124	0	0	0	0	0	0	0	322	206	770	0	0	0	0	0	0	0	0	0	0	130	500	160	0	0	0	
237788	Cuneus_L	0	0	0	0	0	0	0	0	0	0	0	0	0	0	0	0	0	0	118	184	0	0	0	0	0	0	0	0	0	0	0	0	1948	272	2756	142	0	0	0	0	0	0	15434	6708	0	10994	2150	1508	24688	3078	21296	490	3022	104	1204	78	424	0	2164	142	270	0	0	0	422	0	14244	1792	904	288	0	0	0	0	0	0	0	0	0	0	0	0	0	0	1806	0	0	0	0	0	130	0	0	0	0	0	0	0	134	0	0	0	0	0	0	0	0	0	0	0	0	0	0	0	0	0	
367056	Cuneus_R	0	1144	0	0	0	0	0	0	0	0	0	370	0	0	0	0	0	384	0	212	0	0	0	0	0	0	0	0	0	120	0	0	0	934	216	1998	0	100	0	0	0	0	2894	24956	10994	0	556	6538	80	45030	0	18336	0	2594	0	1308	0	9926	0	5982	0	0	0	230	0	94	2834	31136	176	10200	0	0	0	0	0	0	0	0	0	238	0	440	0	0	0	1742	0	0	0	1060	0	0	0	0	0	0	0	0	0	328	0	0	0	0	0	0	0	0	0	0	250	128	0	0	0	0	
304924	Lingual_L	0	0	0	0	0	0	0	0	0	0	0	0	0	0	0	0	0	0	0	0	0	0	0	0	0	0	0	0	0	0	0	0	0	0	904	126	2254	82	5348	0	0	0	12674	2302	2150	556	0	3962	1570	356	14576	338	12124	250	24158	1116	114	0	0	0	0	0	0	0	0	0	11282	112	254	0	0	0	0	0	0	0	294	0	0	0	0	0	0	0	542	0	0	0	430	0	7852	1036	594	136	810	0	13870	1198	19322	1874	0	0	0	0	88	0	0	0	76	254	3412	2674	1314	0	78	0	
349364	Lingual_R	0	0	0	0	0	0	0	0	0	0	0	0	0	0	0	0	0	0	0	0	0	0	0	0	0	0	0	0	0	136	0	0	0	214	218	4094	370	3352	206	5438	0	0	2602	23376	1508	6538	3962	0	0	5944	0	8754	152	9818	554	22896	0	736	0	0	0	0	0	0	0	80	206	9808	0	644	0	0	0	0	0	0	320	158	0	0	0	98	0	0	0	1528	0	0	0	1738	3252	4108	0	318	186	324	3556	12976	5412	11264	0	0	0	82	216	0	0	0	0	306	8984	6750	1500	0	0	0	
187688	Occipital_Sup_L	0	0	0	0	0	0	0	0	0	0	0	0	0	0	0	0	0	0	0	132	0	0	0	0	0	0	0	0	0	0	0	0	622	232	518	0	0	0	0	0	0	0	7988	0	24688	80	1570	0	0	0	33598	0	2542	0	798	0	350	0	7808	0	786	0	0	0	280	0	10564	0	382	232	0	0	0	0	0	0	0	0	0	0	0	0	0	0	430	0	0	0	0	0	116	0	0	0	0	0	0	0	128	0	0	0	0	0	0	0	0	0	0	0	0	0	0	0	0	0	
388820	Occipital_Sup_R	0	1634	0	0	0	0	0	0	0	0	0	608	0	0	0	0	0	586	0	150	0	0	0	0	0	0	0	0	0	176	0	0	0	290	0	432	0	134	0	0	0	0	694	19404	3078	45030	356	5944	0	0	0	29306	0	5018	0	2772	0	14038	0	11278	0	822	0	576	0	2316	1232	30674	0	12338	0	0	0	0	0	0	0	0	0	300	0	572	0	0	0	2392	0	0	0	1608	0	0	0	0	0	0	0	0	118	292	0	0	0	0	0	0	0	0	0	0	0	242	0	0	0	0	
613876	Occipital_Mid_L	518	0	0	180	0	0	104	0	0	0	0	0	0	0	0	0	4980	0	170	652	0	0	0	0	0	0	0	0	780	0	0	0	3332	588	4208	0	150	0	1182	0	0	0	19116	0	21296	0	14576	0	33598	0	0	0	30450	0	16232	0	7520	0	25104	0	20716	0	1454	0	24694	0	30990	74	5174	530	0	0	0	0	0	0	0	0	2586	0	3866	0	0	0	22326	0	0	0	5238	0	1980	0	0	0	0	0	328	0	2072	0	0	0	0	0	0	0	0	0	0	0	0	84	90	0	0	0	
315468	Occipital_Mid_R	0	406	0	0	0	0	0	0	0	0	0	278	0	0	0	0	0	242	0	0	0	0	0	0	0	0	0	0	0	88	0	0	0	166	0	102	0	0	0	0	0	0	326	16220	490	18336	338	8754	0	29306	0	0	0	10680	0	5072	0	6134	0	6352	0	2626	0	492	0	15220	384	14206	0	5002	0	0	0	0	0	0	0	0	0	122	0	196	0	0	0	13798	0	0	0	1452	0	0	0	0	0	0	0	0	136	336	0	0	0	0	0	0	0	0	0	0	80	302	92	0	0	0	
227976	Occipital_Inf_L	0	0	0	0	0	0	0	0	0	0	0	0	0	0	0	0	1518	0	0	0	0	0	0	0	0	0	0	0	646	0	0	0	324	0	396	0	402	0	1470	0	0	0	7062	0	3022	0	12124	152	2542	0	30450	0	0	0	22194	0	1348	0	1736	0	1430	0	142	0	396	0	6338	0	660	0	0	0	0	0	0	0	0	0	1182	0	420	0	0	0	3416	0	0	0	4654	0	3320	0	146	0	0	0	1218	154	4650	0	0	0	0	0	0	0	0	0	0	0	476	0	0	0	0	0	
146012	Occipital_Inf_R	0	268	0	0	0	0	0	0	0	0	0	98	0	0	0	0	0	290	0	0	0	0	0	0	0	0	0	0	0	370	0	0	0	0	0	324	0	528	0	342	0	0	148	12970	104	2594	250	9818	0	5018	0	10680	0	0	0	8136	0	1550	0	238	0	0	0	222	0	256	0	4606	0	1286	0	0	0	84	0	0	0	0	0	234	0	0	0	0	0	2882	0	0	0	4338	260	226	0	0	0	0	266	1086	524	1506	0	0	0	0	0	0	0	0	0	0	630	668	206	0	0	0	
559072	Fusiform_L	680	0	372	0	0	0	170	0	0	0	350	110	152	0	0	0	1652	0	342	0	0	0	0	0	0	0	0	0	4138	120	80	0	204	0	532	476	19922	582	12664	302	2818	0	4352	0	1204	0	24158	554	798	0	16232	0	22194	0	0	152	1432	0	1598	0	1486	0	74	0	430	0	8716	84	486	0	0	78	1758	0	0	0	2272	286	1932	0	2444	0	3008	0	4370	0	2008	0	24738	0	33496	114	2238	0	526	0	21860	480	42756	238	392	0	1580	0	444	0	134	0	0	140	2014	272	234	0	108	0	
415656	Fusiform_R	0	240	0	1030	0	0	0	0	0	0	0	324	0	0	0	0	0	3590	0	542	0	0	0	0	0	0	0	0	0	4394	0	0	0	0	94	360	352	21034	158	19164	0	5726	200	5550	78	1308	1116	22896	0	2772	0	5072	0	8136	152	0	0	600	0	108	0	0	0	0	0	100	0	1790	0	242	0	0	0	7410	0	144	296	758	0	898	0	2650	0	5800	0	2888	0	1524	0	16834	1840	12316	0	602	82	324	1994	12004	3196	18350	0	156	0	378	116	0	0	0	0	122	4620	4152	1246	0	0	0	
321904	Postcentral_L	31478	2744	2552	1664	0	0	1558	0	0	0	5958	78	1810	0	0	0	11040	0	2020	1972	0	0	0	0	0	0	0	0	5612	90	0	0	250	1604	900	238	4440	84	180	0	0	0	92	0	424	0	114	0	350	0	7520	0	1348	0	1432	0	0	380	12708	0	21866	0	8140	0	1592	0	6616	0	4340	2040	256	224	1728	0	0	0	1246	0	3390	0	4526	0	0	0	3020	0	0	0	1226	0	102	0	0	0	0	0	0	0	0	0	0	0	0	0	0	0	0	0	0	0	0	0	0	0	0	0	
365400	Postcentral_R	1178	21936	382	1106	0	0	180	526	0	0	0	5416	0	0	0	0	0	5104	448	3180	0	0	0	0	0	0	0	0	88	3450	0	0	0	3730	496	1888	88	1556	0	98	0	0	0	2702	0	9926	0	736	0	14038	0	6134	0	1550	0	600	380	0	0	15008	0	7362	0	11564	0	2670	0	20306	1584	21660	190	336	298	802	0	92	0	1074	0	402	0	1660	0	464	0	6474	0	0	0	3838	0	0	0	0	0	0	0	0	0	0	0	0	0	0	0	0	0	0	0	0	0	0	0	0	0	0	
214124	Parietal_Sup_L	236	0	0	126	0	0	0	0	0	0	0	0	0	0	0	0	3282	0	86	512	0	0	0	0	0	0	0	0	250	0	0	0	1710	438	1344	0	0	0	0	0	0	0	266	0	2164	0	0	0	7808	0	25104	0	1736	0	1598	0	12708	0	0	0	14728	0	368	0	1292	0	20446	0	2296	388	0	0	0	0	0	0	0	0	1710	0	2514	0	0	0	2618	0	0	0	1334	0	0	0	0	0	0	0	0	0	0	0	0	0	0	0	0	0	0	0	0	0	0	0	0	0	0	0	
136780	Parietal_Sup_R	0	1572	0	0	0	0	0	0	0	0	0	562	0	0	0	0	0	400	0	82	0	0	0	0	0	0	0	0	0	0	0	0	0	0	0	0	0	0	0	0	0	0	0	0	142	5982	0	0	0	11278	0	6352	0	238	0	108	0	15008	0	0	0	5060	0	2764	0	3408	260	10386	0	2314	0	0	0	0	0	0	0	0	0	0	0	142	0	0	0	1658	0	0	0	674	0	0	0	0	0	0	0	0	0	0	0	0	0	0	0	0	0	0	0	0	0	0	0	0	0	0	
244120	Parietal_Inf_L	3312	220	196	0	0	0	630	0	0	0	142	0	0	0	0	0	4492	0	0	310	0	0	0	0	0	0	0	0	1292	76	0	0	112	204	0	0	218	0	0	0	0	0	0	0	270	0	0	0	786	0	20716	0	1430	0	1486	0	21866	0	14728	0	0	0	8854	0	21992	0	5018	0	632	316	292	320	0	0	0	0	0	0	2312	0	2988	0	0	0	5312	0	0	0	1538	0	0	0	0	0	0	0	0	0	0	0	0	0	0	0	0	0	0	0	0	0	0	0	0	0	0	0	
91988	Parietal_Inf_R	0	2298	0	76	0	0	0	178	0	0	0	858	0	0	0	0	0	228	0	0	0	0	0	0	0	0	0	0	0	94	0	0	0	0	0	0	0	0	0	0	0	0	0	0	0	0	0	0	0	822	0	2626	0	0	0	0	0	7362	0	5060	0	0	0	9960	0	13282	0	86	0	0	0	0	0	100	0	0	0	0	0	0	0	276	0	0	0	2552	0	0	0	136	0	0	0	0	0	0	0	0	0	0	0	0	0	0	0	0	0	0	0	0	0	0	0	0	0	0	
117256	SupraMarginal_L	4414	102	0	0	0	0	190	0	0	0	396	0	0	0	0	0	4052	0	0	106	0	0	0	0	0	0	0	0	2344	0	0	0	0	0	0	0	1782	0	0	0	0	0	0	0	0	0	0	0	0	0	1454	0	142	0	74	0	8140	0	368	0	8854	0	0	0	6128	0	318	0	80	104	94	102	330	0	0	0	82	0	350	0	7160	0	0	0	8036	0	0	0	3426	0	0	0	0	0	0	0	0	0	0	0	0	0	0	0	0	0	0	0	0	0	0	0	0	0	0	0	
98996	SupraMarginal_R	0	3048	0	84	0	0	0	182	0	0	0	838	0	0	0	0	0	1966	0	84	0	0	0	0	0	0	0	0	0	722	0	0	0	0	0	0	0	1580	0	0	0	0	0	114	0	230	0	0	0	576	0	492	0	222	0	0	0	11564	0	2764	0	9960	0	0	0	5998	0	508	0	210	0	0	0	92	0	0	0	258	0	116	0	2916	0	0	0	4532	0	0	0	442	0	0	0	0	0	0	0	0	0	0	0	0	0	0	0	0	0	0	0	0	0	0	0	0	0	0	
157124	Angular_L	1064	0	0	0	0	0	144	0	0	0	168	0	0	0	0	0	1740	0	0	0	0	0	0	0	0	0	0	0	1216	0	0	0	134	0	172	0	184	0	0	0	0	0	114	0	422	0	0	0	280	0	24694	0	396	0	430	0	1592	0	1292	0	21992	0	6128	0	0	0	908	0	200	0	80	90	0	0	0	0	0	0	934	0	1782	0	0	0	11352	0	0	0	1054	0	0	0	0	0	0	0	0	0	0	0	0	0	0	0	0	0	0	0	0	0	0	0	0	0	0	0	
114976	Angular_R	0	1106	0	0	0	0	0	0	0	0	0	200	0	0	0	0	0	86	0	0	0	0	0	0	0	0	0	0	0	0	0	0	0	0	0	0	0	0	0	0	0	0	0	174	0	94	0	80	0	2316	0	15220	0	256	0	100	0	2670	0	3408	0	13282	0	5998	0	0	0	160	0	0	0	0	0	0	0	0	0	0	0	0	0	1256	0	0	0	10856	0	0	0	226	0	0	0	0	0	0	0	0	0	0	0	0	0	0	0	0	0	0	0	0	0	0	0	0	0	0	
374132	Precuneus_L	206	0	0	172	0	0	0	0	0	0	0	0	0	0	0	0	1124	0	172	536	0	0	0	0	0	0	0	0	214	0	0	0	5238	1560	10206	1256	1282	0	3274	0	0	0	15802	1696	14244	2834	11282	206	10564	1232	30990	384	6338	0	8716	0	6616	0	20446	260	5018	0	318	0	908	0	0	6680	4774	1528	0	0	0	0	0	0	140	0	1044	0	1622	0	0	0	3976	0	0	0	1194	0	584	0	0	0	0	0	990	0	1132	0	0	0	0	0	0	0	0	0	0	0	308	0	0	0	0	0	
435464	Precuneus_R	0	3026	0	0	0	0	0	0	0	0	0	888	0	0	0	0	0	872	180	1406	0	0	0	0	0	0	0	0	0	344	0	0	428	5852	1882	10586	604	2480	88	1776	0	0	632	18320	1792	31136	112	9808	0	30674	74	14206	0	4606	84	1790	0	20306	0	10386	0	86	0	508	0	160	6680	0	1020	19838	0	0	0	0	0	0	484	208	0	446	0	1110	0	0	0	3650	0	0	0	3192	0	0	0	0	0	0	0	2648	0	0	0	0	0	0	0	0	0	0	0	0	3364	0	0	0	0	0	
279220	Paracentral_Lobule_L	18204	3870	3988	1548	0	0	482	0	0	0	0	114	0	0	0	0	138	86	18650	15854	0	0	0	0	0	0	0	0	504	130	0	0	4384	14314	3902	854	1478	0	294	0	0	0	462	108	904	176	254	0	382	0	5174	0	660	0	486	0	4340	1584	2296	0	632	0	80	0	200	0	4774	1020	0	12232	540	158	3644	0	2596	0	6540	0	0	0	0	0	0	74	1222	0	0	0	278	0	0	0	0	0	0	0	0	0	0	0	0	0	0	0	0	0	0	0	0	0	0	0	0	0	0	0	
343720	Paracentral_Lobule_R	3938	7414	240	926	0	0	252	0	0	0	0	310	0	0	0	0	0	406	4936	25488	0	0	0	0	0	0	0	0	0	360	0	0	608	21658	662	2668	126	290	0	0	0	0	0	3492	288	10200	0	644	232	12338	530	5002	0	1286	0	242	2040	21660	388	2314	316	0	104	210	0	0	1528	19838	12232	0	362	568	146	0	0	0	142	112	0	308	0	692	0	0	0	2032	0	0	0	2332	0	0	0	0	0	0	0	0	0	0	0	0	0	0	0	0	0	0	0	0	0	0	0	0	0	0	
270800	Caudate_L	3520	1316	3512	1586	5220	2328	2628	158	404	0	974	2432	1212	318	5216	124	138	598	3864	930	11716	9102	1476	914	1298	1016	6710	3060	5328	2734	9396	5802	124	434	0	0	558	0	230	0	594	98	0	0	0	0	0	0	0	0	0	0	0	0	0	0	256	190	0	0	292	0	94	0	80	0	0	0	540	362	0	13308	12958	2106	1014	0	5358	468	208	0	136	204	432	326	0	0	0	0	0	0	0	0	0	0	0	0	0	0	0	0	0	0	0	0	0	0	0	0	0	0	0	0	0	0	0	0	
477648	Caudate_R	4010	5104	4438	22840	1456	5314	3976	714	0	456	2108	11632	1890	4114	1610	1878	184	4876	3046	12542	3932	7818	1752	8410	0	3468	1646	4452	5634	15866	5968	26794	96	718	0	0	690	0	0	92	0	608	0	0	0	0	0	0	0	0	0	0	0	0	78	0	224	336	0	0	320	0	102	0	90	0	0	0	158	568	13308	0	3822	16928	0	940	360	16970	214	158	200	1192	170	2554	0	0	0	0	0	0	0	0	0	0	0	0	0	0	0	0	0	0	0	0	0	0	0	0	0	0	0	0	0	0	0	0	
385380	Putamen_L	9278	1964	24962	1624	6032	142	5470	252	1056	0	2768	1818	2458	984	3692	84	1262	624	20218	748	1978	1740	2580	314	268	74	1002	214	25126	1976	8396	2094	354	272	0	0	13488	82	910	0	448	0	0	0	0	0	0	0	0	0	0	0	0	0	1758	0	1728	298	0	0	0	0	330	0	0	0	0	0	3644	146	12958	3822	0	1370	6498	0	6436	270	230	0	3082	168	568	296	314	0	0	0	1838	0	96	0	0	0	0	0	0	0	88	0	0	0	0	0	0	0	0	0	0	0	0	0	0	0	0	0	
309900	Putamen_R	304	2210	540	13542	0	4826	172	994	0	476	0	5488	474	934	256	526	0	13772	874	3992	994	1096	96	5714	0	3380	118	1074	500	22550	2106	12316	0	194	0	0	0	11984	0	1784	0	1078	0	0	0	0	0	0	0	0	0	0	0	84	0	7410	0	802	0	0	0	100	0	92	0	0	0	0	0	0	2106	16928	1370	0	0	1416	0	3500	0	1960	0	1084	0	548	0	148	0	0	0	3038	0	0	0	0	0	0	0	0	0	0	0	0	0	0	0	0	0	0	0	0	0	0	0	0	0	0	
49508	Pallidum_L	3044	498	3782	204	0	0	400	0	0	0	0	0	0	0	0	0	0	0	3922	136	0	0	0	0	0	0	0	0	74	0	0	0	0	0	0	0	1278	0	0	0	0	0	0	0	0	0	0	0	0	0	0	0	0	0	0	0	0	0	0	0	0	0	0	0	0	0	0	0	2596	0	1014	0	6498	0	0	0	1308	0	0	0	0	0	0	0	0	0	0	0	0	0	0	0	0	0	0	0	0	0	0	0	0	0	0	0	0	0	0	0	0	0	0	0	0	0	0	0	
11940	Pallidum_R	0	212	0	490	0	0	0	168	0	0	0	328	0	0	0	0	0	840	0	146	0	0	0	0	0	0	0	0	0	476	0	0	0	0	0	0	0	268	0	218	0	0	0	0	0	0	0	0	0	0	0	0	0	0	0	144	0	92	0	0	0	0	0	0	0	0	0	0	0	0	0	940	0	1416	0	0	0	0	0	80	0	0	0	152	0	0	0	0	0	0	0	0	0	0	0	0	0	0	0	0	0	0	0	0	0	0	0	0	0	0	0	0	0	0	0	0	
175372	Thalamus_L	18604	3224	2032	202	0	0	2106	0	0	0	272	126	0	0	0	0	402	78	5952	1506	0	0	0	0	0	0	0	0	2034	198	1276	248	0	0	872	2812	8676	2556	1238	1320	0	0	0	0	0	0	294	320	0	0	0	0	0	0	2272	296	1246	0	0	0	0	0	82	0	0	0	140	484	6540	142	5358	360	6436	0	1308	0	0	1818	0	0	128	0	0	0	0	0	0	0	2004	0	1272	0	0	0	0	0	0	234	1100	0	0	0	0	0	0	0	0	0	0	0	118	0	0	0	0	0	
144936	Thalamus_R	728	14238	226	4772	0	0	0	190	0	0	0	2932	92	610	0	0	0	2692	290	724	0	0	0	348	0	0	0	0	94	4726	128	704	0	0	0	624	980	5982	94	1538	0	0	0	0	0	0	0	158	0	0	0	0	0	0	286	758	0	1074	0	0	0	0	0	258	0	0	0	208	0	112	468	16970	270	3500	0	0	1818	0	0	174	0	620	0	1218	0	250	0	0	268	756	250	0	0	0	0	0	0	90	250	0	0	0	0	0	0	0	0	0	0	0	0	0	0	0	0	0	
90164	Heschl_L	2454	0	324	0	0	0	292	0	0	0	360	116	0	0	0	0	5388	0	140	0	0	0	0	0	0	0	0	0	6260	142	0	0	0	0	0	0	3714	0	232	0	0	0	0	0	0	0	0	0	0	0	2586	0	1182	0	1932	0	3390	0	1710	0	2312	0	350	0	934	0	1044	0	0	0	208	214	230	0	0	0	0	0	0	0	3710	0	0	0	3416	0	0	0	2442	0	0	0	0	0	0	0	0	0	0	0	0	0	0	0	0	0	0	0	0	0	0	0	0	0	0	0	
80956	Heschl_R	0	314	0	870	0	0	0	0	0	0	0	746	0	0	0	0	0	8584	0	0	0	0	0	0	0	0	0	0	0	8206	0	0	0	0	0	0	0	2330	0	208	0	0	0	152	0	238	0	0	0	300	0	122	0	234	0	898	0	402	0	0	0	0	0	116	0	0	0	446	0	308	0	158	0	1960	0	80	0	174	0	0	0	7234	0	108	0	2862	0	0	0	3428	0	0	0	0	0	0	0	0	0	0	0	0	0	0	0	0	0	0	0	0	0	0	0	0	0	0	
261468	Temporal_Sup_L	4598	0	3690	0	0	0	2416	0	0	0	3110	240	588	156	0	0	15240	0	3110	0	0	0	0	0	0	0	0	0	14122	228	0	0	0	0	0	0	4080	0	268	0	94	0	0	0	0	0	0	0	0	0	3866	0	420	0	2444	0	4526	0	2514	0	2988	0	7160	0	1782	0	1622	0	0	0	136	200	3082	0	0	0	128	0	3710	0	0	0	3582	0	26102	0	0	0	14532	0	0	0	0	0	0	0	0	0	0	0	0	0	0	0	0	0	0	0	0	0	0	0	0	0	0	0	
192620	Temporal_Sup_R	746	332	116	1850	0	0	764	182	0	0	558	3812	104	0	0	470	0	8960	178	886	0	0	0	0	0	0	0	0	268	15370	0	0	0	128	0	0	0	2612	0	290	0	0	0	128	0	440	0	98	0	572	0	196	0	0	0	2650	0	1660	0	142	0	276	0	2916	0	1256	0	1110	0	692	204	1192	168	1084	0	0	0	620	0	7234	0	0	0	6726	0	18164	0	152	0	11004	0	0	0	0	0	0	0	0	0	0	0	0	0	0	0	0	0	0	0	0	0	0	0	0	0	0	
112060	Temporal_Pole_Sup_L	670	0	3546	0	1150	0	2374	0	134	0	5648	144	570	116	3224	0	1698	0	1992	0	1364	0	150	0	0	0	510	0	9210	172	296	0	0	0	0	0	554	0	450	0	592	0	0	0	0	0	0	0	0	0	0	0	0	0	3008	0	0	0	0	0	0	0	0	0	0	0	0	0	0	0	432	170	568	0	0	0	0	0	0	0	3582	0	0	0	5492	0	2932	0	5282	0	0	0	0	0	0	0	0	0	0	0	0	0	0	0	0	0	0	0	0	0	0	0	0	0	0	0	
173884	Temporal_Pole_Sup_R	908	700	324	3888	0	0	818	2718	0	0	570	10980	112	90	0	1064	0	12222	908	1782	0	290	0	0	0	0	0	0	302	13084	80	0	0	266	0	0	0	888	0	3026	0	2052	0	0	0	0	0	0	0	0	0	0	0	0	0	5800	0	464	0	0	0	0	0	0	0	0	0	0	74	0	326	2554	296	548	0	152	0	1218	0	108	0	6726	0	0	0	3298	0	2934	0	5372	0	0	0	0	0	0	0	0	0	0	0	0	0	0	0	0	0	0	0	0	0	0	0	0	0	0	
320136	Temporal_Mid_L	1030	0	266	0	0	0	164	0	0	0	198	0	0	0	0	0	4098	0	306	0	0	0	0	0	0	0	0	0	3694	0	0	0	784	0	1566	0	922	0	820	0	0	0	1340	0	1806	0	542	0	430	0	22326	0	3416	0	4370	0	3020	0	2618	0	5312	0	8036	0	11352	0	3976	0	1222	0	0	0	314	0	0	0	0	0	3416	0	26102	0	5492	0	0	0	3024	0	37810	0	208	0	0	0	0	0	0	0	88	0	0	0	0	0	0	0	0	0	0	0	0	0	0	0	0	0	
245988	Temporal_Mid_R	0	204	0	0	0	0	0	0	0	0	0	402	0	0	0	102	0	1408	0	0	0	0	0	0	0	0	0	0	0	4860	0	0	0	0	0	152	0	740	0	0	0	0	0	4056	0	1742	0	1528	0	2392	0	13798	0	2882	0	2888	0	6474	0	1658	0	2552	0	4532	0	10856	0	3650	0	2032	0	0	0	148	0	0	0	250	0	2862	0	18164	0	3298	0	0	0	2514	0	26850	0	0	0	0	0	0	0	0	0	0	0	0	0	0	0	0	0	0	0	0	0	0	0	0	0	0	
23288	Temporal_Pole_Mid_L	0	0	0	0	0	0	0	0	0	0	0	0	0	0	0	0	0	0	0	0	0	0	0	0	0	0	0	0	0	0	0	0	0	0	0	0	82	0	196	0	106	0	0	0	0	0	0	0	0	0	0	0	0	0	2008	0	0	0	0	0	0	0	0	0	0	0	0	0	0	0	0	0	0	0	0	0	0	0	0	0	0	0	2932	0	3024	0	0	0	3296	0	0	0	0	0	0	0	0	0	0	0	0	0	0	0	0	0	0	0	0	0	0	0	0	0	0	0	
21984	Temporal_Pole_Mid_R	0	0	0	0	0	0	0	0	0	0	0	0	0	0	0	0	0	0	0	0	0	0	0	0	0	0	0	0	0	0	0	0	0	0	0	0	0	0	0	874	0	0	0	0	0	0	0	0	0	0	0	0	0	0	0	1524	0	0	0	0	0	0	0	0	0	0	0	0	0	0	0	0	0	0	0	0	0	0	0	0	0	152	0	2934	0	2514	0	0	0	2994	0	0	0	0	0	0	0	0	0	0	0	0	0	0	0	0	0	0	0	0	0	0	0	0	0	0	
308744	Temporal_Inf_L	1060	0	598	0	0	0	204	0	0	0	354	94	78	0	0	0	1354	0	560	0	0	0	0	0	0	0	0	0	4766	110	0	0	0	0	0	350	14742	540	3196	286	520	0	208	0	0	0	430	0	0	0	5238	0	4654	0	24738	0	1226	0	1334	0	1538	0	3426	0	1054	0	1194	0	278	0	0	0	1838	0	0	0	2004	268	2442	0	14532	0	5282	0	37810	0	3296	0	0	0	7226	0	284	0	80	0	742	0	4076	0	172	0	190	0	0	0	0	0	0	0	0	0	0	0	0	0	
238836	Temporal_Inf_R	0	182	0	350	0	0	0	0	0	0	0	364	0	0	0	186	0	3496	0	288	0	0	0	0	0	0	0	0	0	7914	0	0	0	180	144	882	0	7064	0	2040	0	356	0	2124	0	1060	0	1738	0	1608	0	1452	0	4338	0	16834	0	3838	0	674	0	136	0	442	0	226	0	3192	0	2332	0	0	0	3038	0	0	0	756	0	3428	0	11004	0	5372	0	26850	0	2994	0	0	0	1382	0	130	0	0	0	476	0	364	0	0	0	92	0	0	0	0	0	0	92	0	0	0	0	0	
567132	Cerebelum_Crus1_L	276	0	0	0	0	0	0	0	0	0	0	0	0	0	0	0	0	0	0	0	0	0	0	0	0	0	0	0	122	0	0	0	0	0	0	332	3712	510	1846	270	0	0	470	0	130	0	7852	3252	116	0	1980	0	3320	260	33496	1840	102	0	0	0	0	0	0	0	0	0	584	0	0	0	0	0	96	0	0	0	1272	250	0	0	0	0	0	0	208	0	0	0	7226	0	0	4600	28244	2394	4140	700	27024	3302	65772	6760	10702	156	15190	860	7788	1606	1100	0	734	1922	5912	7688	8698	2588	4424	1740	
386120	Cerebelum_Crus1_R	0	0	0	0	0	0	0	0	0	0	0	0	0	0	0	0	0	0	0	0	0	0	0	0	0	0	0	0	0	0	0	0	0	0	0	0	0	74	0	200	0	0	0	0	0	0	1036	4108	0	0	0	0	0	226	114	12316	0	0	0	0	0	0	0	0	0	0	0	0	0	0	0	0	0	0	0	0	0	0	0	0	0	0	0	0	0	0	0	0	0	1382	4600	0	1622	30194	406	3332	1270	15866	5080	45852	508	5700	1784	17626	284	4496	0	318	648	1914	2928	8032	12508	4526	3722	388	
307652	Cerebelum_Crus2_L	0	0	0	0	0	0	0	0	0	0	0	0	0	0	0	0	0	0	0	0	0	0	0	0	0	0	0	0	0	0	0	0	0	0	0	0	128	0	122	0	0	0	0	0	0	0	594	0	0	0	0	0	146	0	2238	0	0	0	0	0	0	0	0	0	0	0	0	0	0	0	0	0	0	0	0	0	0	0	0	0	0	0	0	0	0	0	0	0	284	0	28244	1622	0	10682	422	0	2240	0	6888	808	34560	5140	30954	4030	6118	550	532	0	0	80	84	1600	10984	2646	1566	564	
295908	Cerebelum_Crus2_R	0	0	0	0	0	0	0	0	0	0	0	0	0	0	0	0	0	0	0	0	0	0	0	0	0	0	0	0	0	0	0	0	0	0	0	0	0	0	0	0	0	0	0	0	0	0	136	318	0	0	0	0	0	0	0	602	0	0	0	0	0	0	0	0	0	0	0	0	0	0	0	0	0	0	0	0	0	0	0	0	0	0	0	0	0	0	0	0	0	130	2394	30194	10682	0	210	770	242	1430	1424	7720	7626	20522	6906	28008	358	3612	0	284	208	590	486	2378	13212	5504	1758	250	
84064	Cerebelum_3_L	0	0	0	0	0	0	0	0	0	0	0	0	0	0	0	0	0	0	0	0	0	0	0	0	0	0	0	0	0	0	0	0	0	0	0	0	118	0	460	0	0	0	0	0	0	0	810	186	0	0	0	0	0	0	526	82	0	0	0	0	0	0	0	0	0	0	0	0	0	0	0	0	0	0	0	0	0	0	0	0	0	0	0	0	0	0	0	0	80	0	4140	406	422	210	0	1496	7820	916	5474	1520	216	0	866	78	2474	1046	154	0	822	4650	2098	1032	1154	1002	1422	352	
100884	Cerebelum_3_R	0	0	0	0	0	0	0	0	0	0	0	0	0	0	0	0	0	0	0	0	0	0	0	0	0	0	0	0	0	0	0	0	0	0	0	0	0	278	0	392	0	0	0	0	0	0	0	324	0	0	0	0	0	0	0	324	0	0	0	0	0	0	0	0	0	0	0	0	0	0	0	0	0	0	0	0	0	0	0	0	0	0	0	0	0	0	0	0	0	0	700	3332	0	770	1496	0	1270	5988	834	9098	0	146	192	844	158	2306	0	0	1948	7462	2796	1168	3190	2556	2676	194	
362864	Cerebelum_4_5_L	0	0	0	0	0	0	0	0	0	0	0	0	0	0	0	0	0	0	0	0	0	0	0	0	0	0	0	0	0	0	0	0	0	0	376	0	1144	0	3044	0	0	0	756	0	0	0	13870	3556	0	0	328	0	1218	266	21860	1994	0	0	0	0	0	0	0	0	0	0	990	0	0	0	0	0	0	0	0	0	0	0	0	0	0	0	0	0	0	0	0	0	742	0	27024	1270	2240	242	7820	1270	0	5520	41484	5236	744	74	2844	236	4124	1494	340	0	1084	4006	14626	4138	1122	848	1800	1702	
268812	Cerebelum_4_5_R	0	0	0	0	0	0	0	0	0	0	0	0	0	0	0	0	0	0	0	0	0	0	0	0	0	0	0	0	0	0	0	0	0	0	0	750	224	2170	0	4112	0	0	0	322	0	0	1198	12976	0	0	0	0	154	1086	480	12004	0	0	0	0	0	0	0	0	0	0	0	2648	0	0	0	0	0	0	0	0	234	90	0	0	0	0	0	0	0	0	0	0	0	476	3302	15866	0	1430	916	5988	5520	0	4468	28924	0	358	198	1514	306	1184	0	0	520	3720	13150	2982	2094	1460	1582	0	
584020	Cerebelum_6_L	264	0	0	0	0	0	0	0	0	0	0	0	0	0	0	0	0	0	0	0	0	0	0	0	0	0	0	0	74	0	0	0	0	0	0	344	3112	514	2490	276	0	0	694	206	134	0	19322	5412	128	118	2072	136	4650	524	42756	3196	0	0	0	0	0	0	0	0	0	0	1132	0	0	0	0	0	88	0	0	0	1100	250	0	0	0	0	0	0	88	0	0	0	4076	0	65772	5080	6888	1424	5474	834	41484	4468	0	9214	3090	86	7340	650	7188	1484	1062	0	782	2600	9406	11058	6480	1776	3736	1478	
449188	Cerebelum_6_R	0	0	0	0	0	0	0	0	0	0	0	0	0	0	0	0	0	0	0	0	0	0	0	0	0	0	0	0	0	0	0	0	0	0	0	0	0	100	0	276	0	0	0	770	0	328	1874	11264	0	292	0	336	0	1506	238	18350	0	0	0	0	0	0	0	0	0	0	0	0	0	0	0	0	0	0	0	0	0	0	0	0	0	0	0	0	0	0	0	0	0	364	6760	45852	808	7720	1520	9098	5236	28924	9214	0	286	1266	1010	5476	510	5234	0	444	1964	6992	12366	13314	12724	6008	5882	288	
245572	Cerebelum_7b_L	0	0	0	0	0	0	0	0	0	0	0	0	0	0	0	0	0	0	0	0	0	0	0	0	0	0	0	0	0	0	0	0	0	0	0	0	0	0	0	0	0	0	0	0	0	0	0	0	0	0	0	0	0	0	392	0	0	0	0	0	0	0	0	0	0	0	0	0	0	0	0	0	0	0	0	0	0	0	0	0	0	0	0	0	0	0	0	0	172	0	10702	508	34560	7626	216	0	744	0	3090	286	0	5774	31694	5226	5526	458	416	0	0	0	0	422	8390	5152	1138	294	
157608	Cerebelum_7b_R	0	0	0	0	0	0	0	0	0	0	0	0	0	0	0	0	0	0	0	0	0	0	0	0	0	0	0	0	0	0	0	0	0	0	0	0	0	0	0	0	0	0	0	0	0	0	0	0	0	0	0	0	0	0	0	156	0	0	0	0	0	0	0	0	0	0	0	0	0	0	0	0	0	0	0	0	0	0	0	0	0	0	0	0	0	0	0	0	0	0	156	5700	5140	20522	0	146	74	358	86	1266	5774	0	4760	22272	154	3902	0	0	0	80	218	0	3864	4074	102	0	
329524	Cerebelum_8_L	0	0	0	0	0	0	0	0	0	0	0	0	0	0	0	0	0	0	0	0	0	0	0	0	0	0	0	0	0	0	0	0	0	0	0	0	0	0	74	0	0	0	0	0	0	0	0	0	0	0	0	0	0	0	1580	0	0	0	0	0	0	0	0	0	0	0	0	0	0	0	0	0	0	0	0	0	0	0	0	0	0	0	0	0	0	0	0	0	190	0	15190	1784	30954	6906	866	192	2844	198	7340	1010	31694	4760	0	7488	19298	3156	2070	122	0	226	176	618	9588	9454	5466	1518	
266420	Cerebelum_8_R	0	0	0	0	0	0	0	0	0	0	0	0	0	0	0	0	0	0	0	0	0	0	0	0	0	0	0	0	0	0	0	0	0	0	0	0	0	0	0	0	0	0	0	0	0	0	0	82	0	0	0	0	0	0	0	378	0	0	0	0	0	0	0	0	0	0	0	0	0	0	0	0	0	0	0	0	0	0	0	0	0	0	0	0	0	0	0	0	0	92	860	17626	4030	28008	78	844	236	1514	650	5476	5226	22272	7488	0	1042	16488	0	674	336	614	720	446	7760	8076	1996	198	
164900	Cerebelum_9_L	0	0	0	0	0	0	0	0	0	0	0	0	0	0	0	0	0	0	0	0	0	0	0	0	0	0	0	0	0	0	0	0	0	0	0	0	0	0	0	0	0	0	0	0	0	0	88	216	0	0	0	0	0	0	444	116	0	0	0	0	0	0	0	0	0	0	0	0	0	0	0	0	0	0	0	0	0	0	0	0	0	0	0	0	0	0	0	0	0	0	7788	284	6118	358	2474	158	4124	306	7188	510	5526	154	19298	1042	0	4170	3174	0	78	672	1208	1684	1848	2518	7252	3654	
182396	Cerebelum_9_R	0	0	0	0	0	0	0	0	0	0	0	0	0	0	0	0	0	0	0	0	0	0	0	0	0	0	0	0	0	0	0	0	0	0	0	0	0	0	0	0	0	0	0	0	0	0	0	0	0	0	0	0	0	0	0	0	0	0	0	0	0	0	0	0	0	0	0	0	0	0	0	0	0	0	0	0	0	0	0	0	0	0	0	0	0	0	0	0	0	0	1606	4496	550	3612	1046	2306	1494	1184	1484	5234	458	3902	3156	16488	4170	0	334	1274	1260	2758	2042	3668	6336	7008	11356	3976	
21104	Cerebelum_10_L	0	0	0	0	0	0	0	0	0	0	0	0	0	0	0	0	0	0	0	0	0	0	0	0	0	0	0	0	0	0	0	0	0	0	0	0	0	0	0	0	0	0	0	0	0	0	0	0	0	0	0	0	0	0	134	0	0	0	0	0	0	0	0	0	0	0	0	0	0	0	0	0	0	0	0	0	0	0	0	0	0	0	0	0	0	0	0	0	0	0	1100	0	532	0	154	0	340	0	1062	0	416	0	2070	0	3174	334	0	0	0	0	0	0	92	260	668	216	
9112	Cerebelum_10_R	0	0	0	0	0	0	0	0	0	0	0	0	0	0	0	0	0	0	0	0	0	0	0	0	0	0	0	0	0	0	0	0	0	0	0	0	0	0	0	0	0	0	0	0	0	0	0	0	0	0	0	0	0	0	0	0	0	0	0	0	0	0	0	0	0	0	0	0	0	0	0	0	0	0	0	0	0	0	0	0	0	0	0	0	0	0	0	0	0	0	0	318	0	284	0	0	0	0	0	444	0	0	122	674	0	1274	0	0	0	0	0	0	650	430	360	0	
45264	Vermis_1_2	0	0	0	0	0	0	0	0	0	0	0	0	0	0	0	0	0	0	0	0	0	0	0	0	0	0	0	0	0	0	0	0	0	0	0	0	0	0	80	0	0	0	0	0	0	0	76	0	0	0	0	0	0	0	0	0	0	0	0	0	0	0	0	0	0	0	0	0	0	0	0	0	0	0	0	0	0	0	0	0	0	0	0	0	0	0	0	0	0	0	734	648	0	208	822	1948	1084	520	782	1964	0	0	0	336	78	1260	0	0	0	5564	1908	940	1194	1026	1366	94	
