data	data	326568	203360	811376	743636	114200	58856	361204	213576	83644	10632	187896	193148	203308	60748	131180	94192	179344	126996	623892	660548	59496	77152	287256	321728	26496	83464	45188	79064	562012	262568	211996	439652	169224	463264	75432	183712	254360	375040	96580	230424	43140	67524	234200	348024	191000	352472	368988	363024	202524	405436	464984	318248	145280	188044	476648	603260	210744	190464	173916	182424	264952	106172	114436	116612	231988	112808	246720	453572	93920	185092	316648	287748	347948	303612	62144	19660	160376	149672	85344	32208	234104	153972	84460	58016	300276	223788	24728	17216	295360	255860	676360	657432	464652	390560	62420	100536	522724	378880	671744	640336	405368	152152	311948	344792	116392	131796	23872	7692	33032	104204	432712	310644	381488	195832	126880	44280	
data	data	Precentral_L	Precentral_R	Frontal_Sup_L	Frontal_Sup_R	Frontal_Sup_Orb_L	Frontal_Sup_Orb_R	Frontal_Mid_L	Frontal_Mid_R	Frontal_Mid_Orb_L	Frontal_Mid_Orb_R	Frontal_Inf_Oper_L	Frontal_Inf_Oper_R	Frontal_Inf_Tri_L	Frontal_Inf_Tri_R	Frontal_Inf_Orb_L	Frontal_Inf_Orb_R	Rolandic_Oper_L	Rolandic_Oper_R	Supp_Motor_Area_L	Supp_Motor_Area_R	Olfactory_L	Olfactory_R	Frontal_Sup_Medial_L	Frontal_Sup_Medial_R	Frontal_Med_Orb_L	Frontal_Med_Orb_R	Rectus_L	Rectus_R	Insula_L	Insula_R	Cingulum_Ant_L	Cingulum_Ant_R	Cingulum_Mid_L	Cingulum_Mid_R	Cingulum_Post_L	Cingulum_Post_R	Hippocampus_L	Hippocampus_R	ParaHippocampal_L	ParaHippocampal_R	Amygdala_L	Amygdala_R	Calcarine_L	Calcarine_R	Cuneus_L	Cuneus_R	Lingual_L	Lingual_R	Occipital_Sup_L	Occipital_Sup_R	Occipital_Mid_L	Occipital_Mid_R	Occipital_Inf_L	Occipital_Inf_R	Fusiform_L	Fusiform_R	Postcentral_L	Postcentral_R	Parietal_Sup_L	Parietal_Sup_R	Parietal_Inf_L	Parietal_Inf_R	SupraMarginal_L	SupraMarginal_R	Angular_L	Angular_R	Precuneus_L	Precuneus_R	Paracentral_Lobule_L	Paracentral_Lobule_R	Caudate_L	Caudate_R	Putamen_L	Putamen_R	Pallidum_L	Pallidum_R	Thalamus_L	Thalamus_R	Heschl_L	Heschl_R	Temporal_Sup_L	Temporal_Sup_R	Temporal_Pole_Sup_L	Temporal_Pole_Sup_R	Temporal_Mid_L	Temporal_Mid_R	Temporal_Pole_Mid_L	Temporal_Pole_Mid_R	Temporal_Inf_L	Temporal_Inf_R	Cerebelum_Crus1_L	Cerebelum_Crus1_R	Cerebelum_Crus2_L	Cerebelum_Crus2_R	Cerebelum_3_L	Cerebelum_3_R	Cerebelum_4_5_L	Cerebelum_4_5_R	Cerebelum_6_L	Cerebelum_6_R	Cerebelum_7b_L	Cerebelum_7b_R	Cerebelum_8_L	Cerebelum_8_R	Cerebelum_9_L	Cerebelum_9_R	Cerebelum_10_L	Cerebelum_10_R	Vermis_1_2	Vermis_3	Vermis_4_5	Vermis_6	Vermis_7	Vermis_8	Vermis_9	Vermis_10	
326568	Precentral_L	0	734	12956	1008	0	0	15128	0	0	0	10960	0	1428	0	0	0	9140	0	2990	3244	0	0	0	0	0	0	0	0	13438	0	0	0	364	568	2098	488	6738	0	242	0	0	0	218	0	0	0	94	0	0	0	4436	0	366	0	722	0	25166	100	1248	0	6150	0	1374	0	1510	0	1594	0	5658	444	2756	280	7030	0	4608	0	8826	172	4432	0	2476	0	0	0	962	0	0	0	1138	0	0	0	0	0	0	0	0	0	0	0	0	0	0	0	0	0	0	0	0	0	0	0	0	0	0	0	
203360	Precentral_R	734	0	578	4610	0	0	0	5808	0	0	0	8360	0	192	0	0	0	846	1118	2330	0	0	0	0	0	0	0	0	146	1532	0	0	506	3592	412	4928	924	9146	0	2286	0	0	0	202	0	212	0	534	0	838	0	202	0	380	0	4880	650	15066	0	398	134	322	0	634	0	190	252	3200	270	7726	3146	640	480	4070	0	170	1604	4130	0	116	0	138	0	0	0	182	0	0	0	2596	0	0	0	0	0	0	0	0	0	0	0	0	0	0	0	0	0	0	0	0	270	0	0	0	0	0	
811376	Frontal_Sup_L	12956	578	0	11432	8968	0	50550	2078	4448	0	10186	294	12216	0	8260	0	4658	0	77212	14086	156	0	37082	3968	1354	388	738	0	34296	232	16498	6274	6010	5856	192	0	2128	0	0	0	0	0	0	0	0	0	0	0	0	0	0	0	0	0	112	0	506	0	0	0	262	0	132	0	0	0	0	0	152	0	21896	1632	30132	388	5228	268	6898	858	0	0	2196	0	1934	0	0	0	0	0	0	0	0	0	0	0	0	0	0	0	0	0	0	0	0	0	0	0	0	0	0	0	0	0	0	0	0	0	
743636	Frontal_Sup_R	1008	4610	11432	0	0	3834	766	25790	0	500	0	11076	484	2652	0	9184	0	5542	20324	79660	0	244	7296	35366	0	2822	0	1938	1414	12108	1650	33340	1758	31936	214	1270	428	4106	0	2080	0	124	0	0	0	0	0	208	0	0	0	0	0	0	0	1012	88	278	0	0	0	0	0	0	0	0	0	150	346	104	5694	19524	698	18310	0	1674	960	6178	0	0	0	572	0	982	0	0	0	0	0	0	0	0	0	0	0	0	0	84	0	0	0	0	0	0	0	0	0	0	0	0	0	0	0	0	0	0	
114200	Frontal_Sup_Orb_L	0	0	8968	0	0	0	614	0	13284	0	0	0	820	0	10634	0	0	0	244	0	648	0	3498	158	2852	110	5268	0	3154	0	3074	112	0	0	0	0	0	0	0	0	0	0	0	0	0	0	0	0	0	0	0	0	0	0	0	0	0	0	0	0	0	0	0	0	0	0	0	0	0	0	302	0	3360	0	0	0	0	0	0	0	0	0	0	0	0	0	0	0	0	0	0	0	0	0	0	0	0	0	0	0	0	0	0	0	0	0	0	0	0	0	0	0	0	0	0	0	
58856	Frontal_Sup_Orb_R	0	0	0	3834	0	0	0	878	0	1638	0	0	0	0	0	1348	0	0	0	0	214	1052	192	3842	0	6686	94	5690	0	90	232	1348	0	0	0	0	0	0	0	0	0	0	0	0	0	0	0	0	0	0	0	0	0	0	0	0	0	0	0	0	0	0	0	0	0	0	0	0	0	0	204	1270	0	816	0	0	0	0	0	0	0	0	0	0	0	0	0	0	0	0	0	0	0	0	0	0	0	0	0	0	0	0	0	0	0	0	0	0	0	0	0	0	0	0	0	0	
361204	Frontal_Mid_L	15128	0	50550	766	614	0	0	858	1168	0	9990	182	25378	0	3042	0	2938	0	18572	372	0	0	6068	186	0	0	0	0	15978	116	2996	1018	3006	1030	334	0	1646	0	0	0	0	0	0	0	0	0	0	0	0	0	0	0	0	0	94	0	2006	0	0	0	894	0	160	0	0	0	86	0	0	0	5086	422	6908	126	1300	116	570	140	308	0	362	0	0	0	0	0	0	0	88	0	0	0	0	0	0	0	0	0	0	0	0	0	0	0	0	0	0	0	0	0	0	0	0	0	0	0	
213576	Frontal_Mid_R	0	5808	2078	25790	0	878	858	0	0	1338	0	8562	390	5048	0	11492	0	1936	2000	5614	84	1110	90	2020	0	0	0	1104	1286	7368	0	1086	0	2230	0	560	0	1782	0	536	0	376	0	0	0	0	0	334	0	0	0	0	0	0	0	388	0	844	0	0	0	0	0	102	0	0	0	488	0	0	3232	1490	440	6388	0	176	124	508	0	0	0	146	0	222	0	0	0	0	0	176	0	0	0	0	0	0	0	108	0	0	0	0	0	0	0	0	0	0	0	0	198	0	0	0	0	0	
83644	Frontal_Mid_Orb_L	0	0	4448	0	13284	0	1168	0	0	0	0	0	1934	0	13592	0	0	0	216	0	200	0	86	0	0	0	2092	0	2856	0	0	0	0	0	0	0	0	0	0	0	0	0	0	0	0	0	0	0	0	0	0	0	0	0	0	0	0	0	0	0	0	0	0	0	0	0	0	0	0	0	126	0	1820	0	0	0	0	0	0	0	0	0	0	0	0	0	0	0	0	0	0	0	0	0	0	0	0	0	0	0	0	0	0	0	0	0	0	0	0	0	0	0	0	0	0	0	
10632	Frontal_Mid_Orb_R	0	0	0	500	0	1638	0	1338	0	0	0	0	0	0	0	1840	0	0	0	0	0	0	0	0	0	0	0	0	0	0	0	0	0	0	0	0	0	0	0	0	0	0	0	0	0	0	0	0	0	0	0	0	0	0	0	0	0	0	0	0	0	0	0	0	0	0	0	0	0	0	0	0	0	0	0	0	0	0	0	0	0	0	0	0	0	0	0	0	0	0	0	0	0	0	0	0	0	0	0	0	0	0	0	0	0	0	0	0	0	0	0	0	0	0	0	0	
187896	Frontal_Inf_Oper_L	10960	0	10186	0	0	0	9990	0	0	0	0	0	12196	0	708	0	9864	0	11022	0	0	0	0	0	0	0	0	0	14562	0	132	0	0	0	122	0	1836	0	0	0	0	0	0	0	0	0	0	0	0	0	0	0	0	0	132	0	2800	0	0	0	490	0	0	0	0	0	0	0	0	0	118	0	548	0	0	0	102	0	430	0	4100	0	3374	0	86	0	0	0	190	0	0	0	0	0	0	0	0	0	0	0	0	0	0	0	0	0	0	0	0	0	0	0	0	0	0	0	
193148	Frontal_Inf_Oper_R	0	8360	294	11076	0	0	182	8562	0	0	0	0	124	8128	0	0	0	9512	656	6858	0	0	0	0	0	0	0	0	370	17536	0	0	0	1696	0	448	0	3238	0	1154	0	0	0	0	0	0	0	334	0	0	0	0	0	0	0	718	0	886	0	0	0	0	0	0	0	0	0	396	0	0	560	666	168	9780	0	620	0	1302	0	0	0	1032	0	1582	0	0	0	0	0	192	0	0	0	0	0	0	0	0	0	0	0	0	0	0	0	0	0	0	0	0	144	0	0	0	0	0	
203308	Frontal_Inf_Tri_L	1428	0	12216	484	820	0	25378	390	1934	0	12196	124	0	0	8282	0	1098	0	7958	178	0	0	180	0	0	0	0	0	18972	0	222	120	0	0	0	0	888	0	0	0	0	0	0	0	0	0	0	0	0	0	0	0	0	0	0	0	226	0	0	0	156	0	0	0	0	0	0	0	0	0	2624	220	3722	102	0	0	0	0	0	0	316	0	1328	0	0	0	0	0	92	0	0	0	0	0	0	0	0	0	0	0	0	0	0	0	0	0	0	0	0	0	0	0	0	0	0	0	
60748	Frontal_Inf_Tri_R	0	192	0	2652	0	0	0	5048	0	0	0	8128	0	0	0	716	0	1198	186	1328	0	0	0	342	0	0	0	0	0	4720	0	100	0	436	0	0	0	988	0	358	0	0	0	0	0	0	0	0	0	0	0	0	0	0	0	0	0	0	0	0	0	0	0	0	0	0	0	0	0	0	118	180	0	3474	0	0	0	0	0	0	0	94	0	116	0	0	0	0	0	0	0	0	0	0	0	0	0	0	0	0	0	0	0	0	0	0	0	0	0	0	0	0	0	0	0	0	
131180	Frontal_Inf_Orb_L	0	0	8260	0	10634	0	3042	0	13592	0	708	0	8282	0	0	0	0	0	1138	0	780	0	512	0	0	0	546	0	10400	0	226	0	0	0	0	0	196	0	108	0	238	0	0	0	0	0	0	0	0	0	0	0	0	0	0	0	0	0	0	0	0	0	0	0	0	0	0	0	0	0	652	0	4908	0	0	0	0	0	0	0	0	0	1368	0	0	0	0	0	0	0	0	0	0	0	0	0	0	0	0	0	0	0	0	0	0	0	0	0	0	0	0	0	0	0	0	0	
94192	Frontal_Inf_Orb_R	0	0	0	9184	0	1348	0	11492	0	1840	0	0	0	716	0	0	0	0	0	1736	246	2704	0	1464	0	0	0	1522	0	8050	0	948	0	136	0	0	0	100	0	244	0	870	0	0	0	0	0	0	0	0	0	0	0	0	0	0	0	0	0	0	0	0	0	0	0	0	0	0	0	0	326	1064	0	1204	0	0	0	0	0	0	0	712	0	1046	0	144	0	0	0	0	0	0	0	0	0	0	0	0	0	0	0	0	0	0	0	0	0	0	0	0	0	0	0	0	0	0	
179344	Rolandic_Oper_L	9140	0	4658	0	0	0	2938	0	0	0	9864	0	1098	0	0	0	0	0	4732	0	0	0	0	0	0	0	0	0	15894	0	0	0	0	0	264	0	3482	0	0	0	0	0	0	0	0	0	0	0	0	0	862	0	1198	0	1280	0	6244	0	0	0	1208	0	2740	0	2106	0	132	0	0	0	114	0	290	0	0	0	784	0	3408	0	11028	0	1810	0	2592	0	0	0	1806	0	0	0	0	0	0	0	0	0	0	0	0	0	0	0	0	0	0	0	0	0	0	0	0	0	0	0	
126996	Rolandic_Oper_R	0	846	0	5542	0	0	0	1936	0	0	0	9512	0	1198	0	0	0	0	102	2776	0	0	0	0	0	0	0	0	0	15260	0	0	0	0	0	0	0	1610	0	824	0	0	0	0	0	194	0	0	0	218	0	180	0	0	0	1350	0	3632	0	1046	0	320	0	2804	0	0	0	622	0	326	158	182	0	3286	0	124	0	162	0	1766	0	5110	0	1744	0	254	0	0	0	414	0	0	0	0	0	0	0	0	0	0	0	0	0	0	0	0	0	0	0	0	0	0	0	0	0	0	
623892	Supp_Motor_Area_L	2990	1118	77212	20324	244	0	18572	2000	216	0	11022	656	7958	186	1138	0	4732	102	0	36746	0	0	7210	2562	0	0	0	0	23544	398	5626	8648	10578	21206	438	816	3352	0	496	0	0	0	0	0	0	0	0	0	0	0	0	0	0	0	790	0	362	0	0	0	310	0	0	0	0	0	0	0	3992	1362	11508	1504	12760	1026	380	200	1650	944	0	0	2622	0	2188	0	0	0	0	0	258	0	0	0	0	0	0	0	0	0	0	0	0	0	0	0	0	0	0	0	0	0	0	0	0	0	0	0	
660548	Supp_Motor_Area_R	3244	2330	14086	79660	0	0	372	5614	0	0	0	6858	178	1328	0	1736	0	2776	36746	0	0	0	2680	12182	0	0	0	0	716	6950	1162	19604	6516	49426	336	2636	126	2364	0	1190	0	0	0	0	0	0	0	280	0	0	0	0	0	0	0	624	198	542	0	0	0	0	0	0	0	0	100	88	8364	14684	5524	16756	976	9470	456	932	1324	7870	0	0	0	402	0	780	0	0	0	0	0	0	0	0	0	0	0	0	0	88	0	0	0	0	0	0	0	0	0	0	0	0	0	0	0	0	0	0	
59496	Olfactory_L	0	0	156	0	648	214	0	84	200	0	0	0	0	0	780	246	0	0	0	0	0	5434	0	158	0	594	1896	1860	1602	240	1554	2472	0	0	0	0	370	0	654	0	812	0	0	0	0	0	0	0	0	0	0	0	0	0	0	0	0	0	0	0	0	0	0	0	0	0	0	0	0	0	5826	2098	1486	0	0	0	0	0	0	0	0	0	364	0	0	0	0	0	0	0	0	0	0	0	0	0	0	0	0	0	0	0	0	0	0	0	0	0	0	0	0	0	0	0	0	0	
77152	Olfactory_R	0	0	0	244	0	1052	0	1110	0	0	0	0	0	0	0	2704	0	0	0	0	5434	0	0	278	0	1500	1658	3808	0	2558	1938	3802	0	0	0	0	0	202	0	382	0	852	0	0	0	0	0	0	0	0	0	0	0	0	0	0	0	0	0	0	0	0	0	0	0	0	0	0	0	0	5906	3580	1370	0	0	0	0	0	0	0	0	0	0	198	0	0	0	0	0	0	0	0	0	0	0	0	0	0	0	0	0	0	0	0	0	0	0	0	0	0	0	0	0	0	0	0	
287256	Frontal_Sup_Medial_L	0	0	37082	7296	3498	192	6068	90	86	0	0	0	180	0	512	0	0	0	7210	2680	0	0	0	18792	2968	1962	828	92	452	0	20296	12696	6302	8728	0	122	0	0	0	0	0	0	0	0	0	0	0	0	0	0	0	0	0	0	0	0	0	0	0	0	0	0	0	0	0	0	0	0	0	0	1278	90	4128	0	0	0	0	0	0	0	0	0	0	0	0	0	0	0	0	0	0	0	0	0	0	0	0	0	0	0	0	0	0	0	0	0	0	0	0	0	0	0	0	0	0	0	
321728	Frontal_Sup_Medial_R	0	0	3968	35366	158	3842	186	2020	0	0	0	0	0	342	0	1464	0	0	2562	12182	158	278	18792	0	528	8310	0	3050	156	1126	5046	29326	230	13028	0	0	0	0	0	0	0	0	0	0	0	0	0	0	0	0	0	0	0	0	0	0	0	0	0	0	0	0	0	0	0	0	0	0	0	0	416	7990	254	9956	0	0	0	130	0	0	0	0	0	0	0	0	0	0	0	0	0	0	0	0	0	0	0	0	0	0	0	0	0	0	0	0	0	0	0	0	0	0	0	0	0	0	
26496	Frontal_Med_Orb_L	0	0	1354	0	2852	0	0	0	0	0	0	0	0	0	0	0	0	0	0	0	0	0	2968	528	0	984	906	120	0	0	2956	316	0	0	0	0	0	0	0	0	0	0	0	0	0	0	0	0	0	0	0	0	0	0	0	0	0	0	0	0	0	0	0	0	0	0	0	0	0	0	264	0	0	0	0	0	0	0	0	0	0	0	0	0	0	0	0	0	0	0	0	0	0	0	0	0	0	0	0	0	0	0	0	0	0	0	0	0	0	0	0	0	0	0	0	0	
83464	Frontal_Med_Orb_R	0	0	388	2822	110	6686	0	0	0	0	0	0	0	0	0	0	0	0	0	0	594	1500	1962	8310	984	0	348	9038	0	0	1702	4296	0	0	0	0	0	0	0	0	0	0	0	0	0	0	0	0	0	0	0	0	0	0	0	0	0	0	0	0	0	0	0	0	0	0	0	0	0	0	506	1354	110	1022	0	0	0	0	0	0	0	0	0	0	0	0	0	0	0	0	0	0	0	0	0	0	0	0	0	0	0	0	0	0	0	0	0	0	0	0	0	0	0	0	0	0	
45188	Rectus_L	0	0	738	0	5268	94	0	0	2092	0	0	0	0	0	546	0	0	0	0	0	1896	1658	828	0	906	348	0	758	190	0	2578	1228	0	0	0	0	0	0	0	0	0	0	0	0	0	0	0	0	0	0	0	0	0	0	0	0	0	0	0	0	0	0	0	0	0	0	0	0	0	0	2214	414	838	0	0	0	0	0	0	0	0	0	0	0	0	0	0	0	0	0	0	0	0	0	0	0	0	0	0	0	0	0	0	0	0	0	0	0	0	0	0	0	0	0	0	0	
79064	Rectus_R	0	0	0	1938	0	5690	0	1104	0	0	0	0	0	0	0	1522	0	0	0	0	1860	3808	92	3050	120	9038	758	0	0	644	954	4188	0	0	0	0	0	0	0	0	0	0	0	0	0	0	0	0	0	0	0	0	0	0	0	0	0	0	0	0	0	0	0	0	0	0	0	0	0	0	1704	1752	384	926	0	0	0	0	0	0	0	0	0	0	0	0	0	0	0	0	0	0	0	0	0	0	0	0	0	0	0	0	0	0	0	0	0	0	0	0	0	0	0	0	0	0	
562012	Insula_L	13438	146	34296	1414	3154	0	15978	1286	2856	0	14562	370	18972	0	10400	0	15894	0	23544	716	1602	0	452	156	0	0	190	0	0	202	482	384	0	148	986	0	18764	0	2146	0	2714	0	214	0	94	0	0	0	0	0	584	0	770	0	5524	0	5668	0	0	0	780	0	1430	0	652	0	434	0	164	0	13326	1464	24724	250	406	186	7776	640	7454	0	9762	0	4812	0	2886	0	0	0	5618	0	136	0	0	0	0	0	0	0	0	0	0	0	0	0	0	0	0	0	0	0	0	0	0	0	0	0	
262568	Insula_R	0	1532	232	12108	0	90	116	7368	0	0	0	17536	0	4720	0	8050	0	15260	398	6950	240	2558	0	1126	0	0	0	644	202	0	0	980	0	794	0	454	0	7404	0	3744	0	3168	0	0	0	0	0	152	0	0	0	0	0	0	0	5516	0	926	0	240	0	0	0	140	0	0	0	796	0	246	520	720	90	13640	0	162	146	660	0	1392	0	4230	0	2068	0	1200	0	0	0	2612	0	0	0	0	0	0	0	154	0	0	0	0	0	0	0	0	0	0	0	0	0	0	0	0	0	0	
211996	Cingulum_Ant_L	0	0	16498	1650	3074	232	2996	0	0	0	132	0	222	0	226	0	0	0	5626	1162	1554	1938	20296	5046	2956	1702	2578	954	482	0	0	13350	4724	3640	0	0	0	0	0	0	0	0	0	0	0	0	0	0	0	0	0	0	0	0	0	0	0	0	0	0	0	0	0	0	0	0	0	0	0	136	6124	1824	6462	414	0	0	0	0	0	0	0	0	0	0	0	0	0	0	0	0	0	0	0	0	0	0	0	0	0	0	0	0	0	0	0	0	0	0	0	0	0	0	0	0	0	0	
439652	Cingulum_Ant_R	0	0	6274	33340	112	1348	1018	1086	0	0	0	0	120	100	0	948	0	0	8648	19604	2472	3802	12696	29326	316	4296	1228	4188	384	980	13350	0	3072	23682	0	0	0	0	0	0	0	0	0	0	0	0	0	0	0	0	0	0	0	0	0	0	0	0	0	0	0	0	0	0	0	0	0	0	0	0	4440	24448	1078	16526	0	276	132	536	0	0	0	0	0	0	0	0	0	0	0	0	0	0	0	0	0	0	0	0	0	0	0	0	0	0	0	0	0	0	0	0	0	0	0	0	0	0	
169224	Cingulum_Mid_L	364	506	6010	1758	0	0	3006	0	0	0	0	0	0	0	0	0	0	0	10578	6516	0	0	6302	230	0	0	0	0	0	0	4724	3072	0	13402	5060	2448	0	0	0	0	0	0	996	0	1632	170	168	0	134	0	1818	0	0	0	0	0	172	220	328	0	448	0	0	0	154	0	5646	1832	3756	1402	526	206	252	190	0	0	202	174	0	0	0	0	0	0	210	0	0	0	0	0	0	0	0	0	0	0	0	0	0	0	0	0	0	0	0	0	0	0	0	0	0	0	0	0	0	0	
463264	Cingulum_Mid_R	568	3592	5856	31936	0	0	1030	2230	0	0	0	1696	0	436	0	136	0	0	21206	49426	0	0	8728	13028	0	0	0	0	148	794	3640	23682	13402	0	600	9526	0	1080	0	354	0	0	0	330	0	354	0	0	0	528	0	100	0	222	0	962	134	2382	0	0	0	0	0	0	0	114	758	4804	6082	15256	1008	1762	242	1370	0	0	264	1418	0	0	0	0	0	0	0	0	0	0	0	448	0	0	0	0	0	0	0	0	0	0	0	0	0	0	0	0	0	0	0	0	0	0	0	0	0	0	
75432	Cingulum_Post_L	2098	412	192	214	0	0	334	0	0	0	122	0	0	0	0	0	264	0	438	336	0	0	0	0	0	0	0	0	986	0	0	0	5060	600	0	2560	3884	536	484	0	0	0	2186	0	1506	118	1108	0	90	0	88	0	0	0	402	0	832	0	0	0	0	0	0	0	0	0	6276	994	2918	116	138	0	278	0	136	0	382	0	1194	0	228	0	0	0	0	0	0	0	206	0	0	0	0	0	0	0	0	0	0	0	0	0	0	0	0	0	0	0	0	0	0	0	0	0	0	0	
183712	Cingulum_Post_R	488	4928	0	1270	0	0	0	560	0	0	0	448	0	0	0	0	0	0	816	2636	0	0	122	0	0	0	0	0	0	454	0	0	2448	9526	2560	0	1816	9858	0	2116	0	0	0	2036	0	586	0	3758	0	1738	0	278	0	914	0	4952	144	2146	0	648	0	0	0	0	0	244	1070	16226	530	4284	0	0	0	0	0	0	3670	3024	0	112	0	474	0	0	0	1114	0	0	0	2768	0	0	0	0	0	0	0	196	0	0	0	0	0	0	0	0	0	0	0	0	898	0	0	0	0	0	
254360	Hippocampus_L	6738	924	2128	428	0	0	1646	0	0	0	1836	0	888	0	196	0	3482	0	3352	126	370	0	0	0	0	0	0	0	18764	0	0	0	0	0	3884	1816	0	1784	13856	0	8216	0	1552	0	0	0	4696	0	0	0	110	0	416	0	12102	374	1566	0	0	0	0	0	242	0	0	0	3484	454	0	0	652	0	7920	0	738	0	6462	148	6142	0	2582	0	652	0	316	364	0	0	4702	468	160	0	0	0	0	0	240	0	204	0	0	0	0	0	0	0	0	0	0	0	0	0	0	0	0	0	
375040	Hippocampus_R	0	9146	0	4106	0	0	0	1782	0	0	0	3238	0	988	0	100	0	1610	0	2364	0	202	0	0	0	0	0	0	0	7404	0	0	0	1080	536	9858	1784	0	0	34154	0	9942	0	1432	0	154	0	5718	0	230	0	100	0	150	0	38122	0	2126	0	342	0	0	0	484	0	0	112	9958	0	2016	124	236	0	11868	0	86	4080	7490	0	686	0	1090	0	866	0	988	0	0	0	7706	0	0	0	0	0	0	0	1974	0	116	0	0	0	0	0	0	0	0	0	0	972	0	0	0	0	0	
96580	ParaHippocampal_L	242	0	0	0	0	0	0	0	0	0	0	0	0	0	108	0	0	0	496	0	654	0	0	0	0	0	0	0	2146	0	0	0	0	0	484	0	13856	0	0	0	3988	0	652	0	0	0	4824	0	0	0	200	0	98	0	10078	0	0	0	0	0	0	0	0	0	0	0	1572	0	0	0	104	0	2334	0	0	0	840	0	0	0	186	0	366	0	0	0	0	0	1120	0	742	0	172	0	96	0	1588	0	1344	0	0	0	0	0	0	0	0	0	0	0	0	0	0	0	0	0	
230424	ParaHippocampal_R	0	2286	0	2080	0	0	0	536	0	0	0	1154	0	358	0	244	0	824	0	1190	0	382	0	0	0	0	0	0	0	3744	0	0	0	354	0	2116	0	34154	0	0	0	7924	0	1308	0	0	0	6146	0	96	0	0	0	0	0	25732	0	446	0	242	0	0	0	0	0	0	0	5664	0	618	0	136	0	6060	0	0	314	3196	0	366	0	446	0	1702	0	160	0	554	0	468	0	136	0	0	0	0	0	3544	0	270	0	0	0	0	0	0	0	0	0	0	262	0	0	0	0	0	
43140	Amygdala_L	0	0	0	0	0	0	0	0	0	0	0	0	0	0	238	0	0	0	0	0	812	0	0	0	0	0	0	0	2714	0	0	0	0	0	0	0	8216	0	3988	0	0	0	0	0	0	0	0	0	0	0	0	0	0	0	3016	0	0	0	0	0	0	0	0	0	0	0	0	0	0	0	0	0	1114	0	0	0	0	0	0	0	0	0	544	0	0	0	0	0	928	0	0	0	0	0	0	0	0	0	0	0	0	0	0	0	0	0	0	0	0	0	0	0	0	0	0	0	
67524	Amygdala_R	0	0	0	124	0	0	0	376	0	0	0	0	0	0	0	870	0	0	0	0	0	852	0	0	0	0	0	0	0	3168	0	0	0	0	0	0	0	9942	0	7924	0	0	0	0	0	0	0	0	0	0	0	0	0	0	0	5852	0	0	0	0	0	0	0	0	0	0	0	0	0	0	0	0	0	2250	0	0	0	0	0	0	0	0	0	2236	0	0	0	0	0	0	0	0	0	0	0	0	0	168	0	0	0	0	0	0	0	0	0	0	0	0	0	0	0	0	0	0	
234200	Calcarine_L	218	0	0	0	0	0	0	0	0	0	0	0	0	0	0	0	0	0	0	0	0	0	0	0	0	0	0	0	214	0	0	0	996	0	2186	0	1552	0	652	0	0	0	0	9810	16646	7946	14328	3964	10644	3666	16458	794	3124	448	3272	506	164	0	1164	0	0	0	0	0	0	0	14628	1490	162	0	0	0	0	0	0	0	0	0	262	0	94	0	0	0	246	0	0	0	510	0	0	510	0	0	0	0	0	0	0	446	0	0	0	0	0	0	0	0	0	0	0	0	0	0	0	0	
348024	Calcarine_R	0	202	0	0	0	0	0	0	0	0	0	0	0	0	0	0	0	0	0	0	0	0	0	0	0	0	0	0	0	0	0	0	0	330	0	2036	0	1432	0	1308	0	0	9810	0	3832	28796	4966	24478	0	29040	0	13456	0	12264	0	9904	0	326	0	2916	0	0	0	0	0	230	970	23354	0	694	0	0	0	0	0	0	0	0	0	100	0	122	0	0	0	714	0	0	0	2732	0	0	0	0	0	0	0	0	0	0	0	0	0	0	0	0	0	0	0	0	0	0	0	0	0	0	
191000	Cuneus_L	0	0	0	0	0	0	0	0	0	0	0	0	0	0	0	0	0	0	0	0	0	0	0	0	0	0	0	0	94	0	0	0	1632	0	1506	0	0	0	0	0	0	0	16646	3832	0	8472	2546	382	18612	4034	13122	226	1262	230	1018	246	0	0	4798	96	104	0	0	0	100	0	12940	2872	96	0	0	0	0	0	0	0	0	0	0	0	0	0	0	0	260	0	0	0	374	0	0	0	0	0	0	0	0	0	0	0	0	0	0	0	0	0	0	0	0	0	0	0	0	0	0	0	
352472	Cuneus_R	0	212	0	0	0	0	0	0	0	0	0	0	0	0	0	0	0	194	0	0	0	0	0	0	0	0	0	0	0	0	0	0	170	354	118	586	0	154	0	0	0	0	7946	28796	8472	0	1658	7534	104	41724	0	19442	0	5748	0	2922	0	1798	0	8302	0	1092	0	956	0	582	2734	28000	0	1572	0	0	0	0	0	0	0	0	0	98	0	428	0	0	0	2928	0	0	0	1612	0	0	0	0	0	0	0	0	0	0	0	0	0	0	0	0	0	0	0	0	0	0	0	0	0	0	
368988	Lingual_L	94	0	0	0	0	0	0	0	0	0	0	0	0	0	0	0	0	0	0	0	0	0	0	0	0	0	0	0	0	0	0	0	168	0	1108	0	4696	0	4824	0	0	0	14328	4966	2546	1658	0	6282	2912	1606	9124	586	5370	524	27136	2112	0	0	286	0	0	0	0	0	0	0	6152	482	0	0	0	0	178	0	0	0	360	0	0	0	0	0	0	0	0	0	0	0	244	0	14010	4998	484	646	0	146	15430	3982	24838	6458	0	0	0	132	0	0	0	0	0	202	9534	5212	680	0	0	0	
363024	Lingual_R	0	534	0	208	0	0	0	334	0	0	0	334	0	0	0	0	0	0	0	280	0	0	0	0	0	0	0	0	0	152	0	0	0	0	0	3758	0	5718	0	6146	0	0	3964	24478	382	7534	6282	0	0	9050	0	7580	0	10112	1244	23446	0	254	0	1240	0	0	0	0	0	0	0	11994	0	300	0	0	0	0	0	0	0	464	0	0	0	118	0	0	0	296	0	0	0	1142	2336	9670	170	366	0	120	3692	7854	5532	11318	0	0	0	0	0	0	0	0	0	0	6830	5748	532	0	0	0	
202524	Occipital_Sup_L	0	0	0	0	0	0	0	0	0	0	0	0	0	0	0	0	0	0	0	0	0	0	0	0	0	0	0	0	0	0	0	0	134	0	90	0	0	0	0	0	0	0	10644	0	18612	104	2912	0	0	0	33690	0	1038	0	418	0	0	0	17486	0	476	0	0	0	340	0	12898	434	0	0	0	0	0	0	0	0	0	0	0	0	0	0	0	0	1818	0	0	0	168	0	0	0	0	0	0	0	0	0	0	0	0	0	0	0	0	0	0	0	0	0	0	0	0	0	0	0	
405436	Occipital_Sup_R	0	838	0	0	0	0	0	0	0	0	0	0	0	0	0	0	0	218	0	0	0	0	0	0	0	0	0	0	0	0	0	0	0	528	0	1738	0	230	0	96	0	0	3666	29040	4034	41724	1606	9050	0	0	0	31168	0	8934	0	5306	0	2082	0	12444	0	3216	0	1098	0	5804	1252	25610	0	1288	0	0	0	0	0	0	0	0	0	460	0	1050	0	0	0	5534	0	0	0	4704	0	0	0	0	0	0	0	0	0	0	0	0	0	0	0	0	0	0	0	0	0	0	0	0	0	0	
464984	Occipital_Mid_L	4436	0	0	0	0	0	0	0	0	0	0	0	0	0	0	0	862	0	0	0	0	0	0	0	0	0	0	0	584	0	0	0	1818	0	88	0	110	0	200	0	0	0	16458	0	13122	0	9124	0	33690	0	0	0	18204	0	9014	0	4730	0	22574	0	25530	0	1422	0	28788	0	14576	0	398	0	0	0	0	0	0	0	0	0	0	0	1360	0	0	0	21492	0	0	0	3644	0	92	0	0	0	0	0	0	0	176	0	0	0	0	0	0	0	0	0	0	0	0	0	0	0	0	0	
318248	Occipital_Mid_R	0	202	0	0	0	0	0	0	0	0	0	0	0	0	0	0	0	180	0	0	0	0	0	0	0	0	0	0	0	0	0	0	0	100	0	278	0	100	0	0	0	0	794	13456	226	19442	586	7580	0	31168	0	0	0	12224	0	4234	0	1514	0	7500	0	4934	0	1026	0	16544	516	12328	0	832	0	0	0	0	0	0	0	0	0	122	0	892	0	0	0	17010	0	0	0	5336	0	0	0	0	0	0	0	0	0	0	0	0	0	0	0	0	0	0	0	0	0	0	0	0	0	0	
145280	Occipital_Inf_L	366	0	0	0	0	0	0	0	0	0	0	0	0	0	0	0	1198	0	0	0	0	0	0	0	0	0	0	0	770	0	0	0	0	0	0	0	416	0	98	0	0	0	3124	0	1262	0	5370	0	1038	0	18204	0	0	0	10380	0	962	0	356	0	808	0	462	0	2862	0	1446	0	166	0	0	0	0	0	0	0	0	0	388	0	1558	0	0	0	9370	0	0	0	11502	0	238	0	0	0	0	0	0	0	296	0	0	0	0	0	0	0	0	0	0	0	0	0	0	0	0	0	
188044	Occipital_Inf_R	0	380	0	0	0	0	0	0	0	0	0	0	0	0	0	0	0	0	0	0	0	0	0	0	0	0	0	0	0	0	0	0	0	222	0	914	0	150	0	0	0	0	448	12264	230	5748	524	10112	0	8934	0	12224	0	0	0	15554	0	482	0	1102	0	0	0	0	0	448	130	6766	0	682	0	0	0	0	0	0	0	0	0	170	0	172	0	0	0	5160	0	0	0	10672	0	0	0	0	0	0	0	0	0	256	0	0	0	0	0	0	0	0	0	0	0	278	0	0	0	0	
476648	Fusiform_L	722	0	112	0	0	0	94	0	0	0	132	0	0	0	0	0	1280	0	790	0	0	0	0	0	0	0	0	0	5524	0	0	0	0	0	402	0	12102	0	10078	0	3016	0	3272	0	1018	0	27136	1244	418	0	9014	0	10380	0	0	494	1320	0	124	0	422	0	360	0	942	0	2560	0	718	0	102	0	1884	0	0	0	452	0	3436	0	6814	0	1430	0	5302	0	872	0	20910	0	27432	2284	2844	298	238	0	17762	1698	38110	2934	966	0	208	0	252	0	84	0	0	90	4396	3290	562	0	0	0	
603260	Fusiform_R	0	4880	0	1012	0	0	0	388	0	0	0	718	0	0	0	0	0	1350	0	624	0	0	0	0	0	0	0	0	0	5516	0	0	0	962	0	4952	374	38122	0	25732	0	5852	506	9904	246	2922	2112	23446	0	5306	0	4234	0	15554	494	0	0	2740	0	1188	0	0	0	218	0	316	160	11180	0	2446	0	0	0	3784	0	0	1104	4702	0	2566	0	4900	0	5768	0	5624	0	2434	0	30012	1284	20724	88	1250	0	224	2230	10186	2738	21716	0	0	0	98	0	0	0	0	0	0	3888	2600	256	0	0	0	
210744	Postcentral_L	25166	650	506	88	0	0	2006	0	0	0	2800	0	226	0	0	0	6244	0	362	198	0	0	0	0	0	0	0	0	5668	0	0	0	172	134	832	144	1566	0	0	0	0	0	164	0	0	0	0	0	0	0	4730	0	962	0	1320	0	0	96	5226	0	19676	0	9740	0	4026	0	1788	0	3800	134	0	94	208	0	0	0	500	0	1744	0	1836	0	0	0	1240	0	0	0	1326	0	0	0	0	0	0	0	0	0	0	0	0	0	0	0	0	0	0	0	0	0	0	0	0	0	0	0	
190464	Postcentral_R	100	15066	0	278	0	0	0	844	0	0	0	886	0	0	0	0	0	3632	0	542	0	0	0	0	0	0	0	0	0	926	0	0	220	2382	0	2146	0	2126	0	446	0	0	0	326	0	1798	0	254	0	2082	0	1514	0	482	0	2740	96	0	0	11922	0	8638	0	13294	0	648	238	6622	0	10118	238	154	146	332	0	0	0	218	0	354	0	1006	0	0	0	440	0	0	0	1978	0	0	0	0	0	0	0	0	0	0	0	0	0	0	0	0	0	0	0	0	0	0	0	0	0	0	
173916	Parietal_Sup_L	1248	0	0	0	0	0	0	0	0	0	0	0	0	0	0	0	0	0	0	0	0	0	0	0	0	0	0	0	0	0	0	0	328	0	0	0	0	0	0	0	0	0	1164	0	4798	0	286	0	17486	0	22574	0	356	0	124	0	5226	0	0	0	12400	0	584	0	6498	0	13282	298	0	0	0	0	0	0	0	0	0	0	0	0	0	0	0	0	218	0	0	0	88	0	0	0	0	0	0	0	0	0	0	0	0	0	0	0	0	0	0	0	0	0	0	0	0	0	0	0	
182424	Parietal_Sup_R	0	398	0	0	0	0	0	0	0	0	0	0	0	0	0	0	0	1046	0	0	0	0	0	0	0	0	0	0	0	240	0	0	0	0	0	648	0	342	0	242	0	0	0	2916	96	8302	0	1240	0	12444	0	7500	0	1102	0	1188	0	11922	0	0	0	10274	0	6124	0	3610	246	14206	0	4076	0	0	0	0	0	0	0	0	0	308	0	906	0	0	0	1126	0	0	0	710	0	0	0	0	0	0	0	0	0	0	0	0	0	0	0	0	0	0	0	0	0	0	0	0	0	0	
264952	Parietal_Inf_L	6150	134	262	0	0	0	894	0	0	0	490	0	156	0	0	0	1208	0	310	0	0	0	0	0	0	0	0	0	780	0	0	0	448	0	0	0	0	0	0	0	0	0	0	0	104	0	0	0	476	0	25530	0	808	0	422	0	19676	0	12400	0	0	0	16142	0	30340	0	2384	0	148	0	0	0	0	0	0	0	0	0	128	0	4656	0	0	0	6692	0	0	0	1738	0	0	0	0	0	0	0	0	0	0	0	0	0	0	0	0	0	0	0	0	0	0	0	0	0	0	0	
106172	Parietal_Inf_R	0	322	0	0	0	0	0	0	0	0	0	0	0	0	0	0	0	320	0	0	0	0	0	0	0	0	0	0	0	0	0	0	0	0	0	0	0	0	0	0	0	0	0	0	0	1092	0	0	0	3216	0	4934	0	0	0	0	0	8638	0	10274	0	0	0	11694	0	9302	0	1268	0	592	0	0	0	0	0	0	0	0	0	0	0	584	0	0	0	850	0	0	0	0	0	0	0	0	0	0	0	0	0	0	0	0	0	0	0	0	0	0	0	0	0	0	0	0	0	0	
114436	SupraMarginal_L	1374	0	132	0	0	0	160	0	0	0	0	0	0	0	0	0	2740	0	0	0	0	0	0	0	0	0	0	0	1430	0	0	0	0	0	0	0	242	0	0	0	0	0	0	0	0	0	0	0	0	0	1422	0	462	0	360	0	9740	0	584	0	16142	0	0	0	7906	0	264	0	0	0	0	0	0	0	0	0	0	0	258	0	8026	0	0	0	4230	0	0	0	1746	0	0	0	0	0	0	0	0	0	0	0	0	0	0	0	0	0	0	0	0	0	0	0	0	0	0	0	
116612	SupraMarginal_R	0	634	0	0	0	0	0	102	0	0	0	0	0	0	0	0	0	2804	0	0	0	0	0	0	0	0	0	0	0	140	0	0	0	0	0	0	0	484	0	0	0	0	0	0	0	956	0	0	0	1098	0	1026	0	0	0	218	0	13294	0	6124	0	11694	0	0	0	3798	0	1378	0	356	0	0	0	0	0	0	0	0	0	0	0	8762	0	0	0	5242	0	0	0	196	0	0	0	0	0	0	0	0	0	0	0	0	0	0	0	0	0	0	0	0	0	0	0	0	0	0	
231988	Angular_L	1510	0	0	0	0	0	0	0	0	0	0	0	0	0	0	0	2106	0	0	0	0	0	0	0	0	0	0	0	652	0	0	0	154	0	0	0	0	0	0	0	0	0	0	0	100	0	0	0	340	0	28788	0	2862	0	942	0	4026	0	6498	0	30340	0	7906	0	0	0	1528	0	204	0	0	0	0	0	0	0	0	0	144	0	5730	0	0	0	15806	0	0	0	6358	0	0	0	0	0	0	0	0	0	0	0	0	0	0	0	0	0	0	0	0	0	0	0	0	0	0	0	
112808	Angular_R	0	190	0	0	0	0	0	0	0	0	0	0	0	0	0	0	0	0	0	0	0	0	0	0	0	0	0	0	0	0	0	0	0	114	0	244	0	0	0	0	0	0	0	230	0	582	0	0	0	5804	0	16544	0	448	0	316	0	648	0	3610	0	9302	0	3798	0	0	0	796	0	254	0	0	0	0	0	0	0	0	0	0	0	3296	0	0	0	9348	0	0	0	880	0	0	0	0	0	0	0	0	0	0	0	0	0	0	0	0	0	0	0	0	0	0	0	0	0	0	
246720	Precuneus_L	1594	252	0	0	0	0	86	0	0	0	0	0	0	0	0	0	132	0	0	100	0	0	0	0	0	0	0	0	434	0	0	0	5646	758	6276	1070	3484	112	1572	0	0	0	14628	970	12940	2734	6152	0	12898	1252	14576	516	1446	130	2560	160	1788	238	13282	246	2384	0	264	0	1528	0	0	8052	314	486	0	0	0	0	0	0	0	0	450	0	134	0	0	0	856	0	0	0	722	138	0	0	0	0	0	0	0	0	0	0	0	0	0	0	0	0	0	0	0	0	0	0	0	0	0	0	
453572	Precuneus_R	0	3200	0	150	0	0	0	488	0	0	0	396	0	0	0	0	0	622	0	88	0	0	0	0	0	0	0	0	0	796	0	0	1832	4804	994	16226	454	9958	0	5664	0	0	1490	23354	2872	28000	482	11994	434	25610	0	12328	0	6766	0	11180	0	6622	298	14206	0	1268	0	1378	0	796	8052	0	0	8712	0	0	0	0	0	0	832	1074	0	1058	0	1416	0	0	0	3218	0	0	0	5944	0	0	0	0	0	0	0	650	0	0	0	0	0	0	0	0	0	0	0	0	1080	0	0	0	0	0	
93920	Paracentral_Lobule_L	5658	270	152	346	0	0	0	0	0	0	0	0	0	0	0	0	0	0	3992	8364	0	0	0	0	0	0	0	0	164	0	0	0	3756	6082	2918	530	0	0	0	0	0	0	162	0	96	0	0	0	0	0	398	0	166	0	718	0	3800	0	0	0	148	0	0	0	204	0	314	0	0	5440	432	874	216	0	156	0	648	560	0	0	0	0	0	0	148	0	0	0	248	0	0	0	0	0	0	0	0	0	0	0	0	0	0	0	0	0	0	0	0	0	0	0	0	0	0	0	
185092	Paracentral_Lobule_R	444	7726	0	104	0	0	0	0	0	0	0	0	0	0	0	0	0	326	1362	14684	0	0	0	0	0	0	0	0	0	246	136	0	1402	15256	116	4284	0	2016	0	618	0	0	0	694	0	1572	0	300	0	1288	0	832	0	682	0	2446	134	10118	0	4076	0	592	0	356	0	254	486	8712	5440	0	308	1172	0	0	0	0	176	1660	0	286	0	288	0	0	0	254	0	0	0	1700	0	0	0	0	0	0	0	0	0	0	0	0	0	0	0	0	0	0	0	0	0	0	0	0	0	0	
316648	Caudate_L	2756	3146	21896	5694	302	204	5086	3232	126	0	118	560	2624	118	652	326	114	158	11508	5524	5826	5906	1278	416	264	506	2214	1704	13326	520	6124	4440	526	1008	138	0	652	124	104	0	0	0	0	0	0	0	0	0	0	0	0	0	0	0	102	0	0	238	0	0	0	0	0	0	0	0	0	0	432	308	0	7354	22562	744	5436	428	10324	1176	0	0	0	0	0	0	0	0	0	0	0	0	0	0	0	0	0	0	0	0	0	0	0	0	0	0	0	0	0	0	0	0	0	0	0	0	0	0	
287748	Caudate_R	280	640	1632	19524	0	1270	422	1490	0	0	0	666	220	180	0	1064	0	182	1504	16756	2098	3580	90	7990	0	1354	414	1752	1464	720	1824	24448	206	1762	0	0	0	236	0	136	0	0	0	0	0	0	0	0	0	0	0	0	0	0	0	0	94	154	0	0	0	0	0	0	0	0	0	0	874	1172	7354	0	1780	19538	0	2366	718	15920	0	0	0	0	0	0	0	0	0	0	0	0	0	0	0	0	0	0	0	0	0	0	0	0	0	0	0	0	0	0	0	0	0	0	0	0	0	0	
347948	Putamen_L	7030	480	30132	698	3360	0	6908	440	1820	0	548	168	3722	0	4908	0	290	0	12760	976	1486	1370	4128	254	0	110	838	384	24724	90	6462	1078	252	242	278	0	7920	0	2334	0	1114	0	0	0	0	0	178	0	0	0	0	0	0	0	1884	0	208	146	0	0	0	0	0	0	0	0	0	0	216	0	22562	1780	0	160	10400	94	6084	360	0	0	622	0	1044	0	194	0	0	0	738	0	0	0	0	0	0	0	0	0	0	0	0	0	0	0	0	0	0	0	0	0	0	0	0	0	0	0	
303612	Putamen_R	0	4070	388	18310	0	816	126	6388	0	0	0	9780	102	3474	0	1204	0	3286	1026	9470	0	0	0	9956	0	1022	0	926	250	13640	414	16526	190	1370	0	0	0	11868	0	6060	0	2250	0	0	0	0	0	0	0	0	0	0	0	0	0	3784	0	332	0	0	0	0	0	0	0	0	0	0	0	0	744	19538	160	0	0	1952	0	1396	0	0	0	246	0	86	0	0	0	0	0	0	0	0	0	0	0	0	0	656	0	0	0	0	0	0	0	0	0	0	0	0	0	0	0	0	0	0	
62144	Pallidum_L	4608	0	5228	0	0	0	1300	0	0	0	0	0	0	0	0	0	0	0	380	456	0	0	0	0	0	0	0	0	406	0	0	0	0	0	136	0	738	0	0	0	0	0	0	0	0	0	0	0	0	0	0	0	0	0	0	0	0	0	0	0	0	0	0	0	0	0	0	0	156	0	5436	0	10400	0	0	0	1828	0	0	0	0	0	0	0	0	0	0	0	0	0	0	0	0	0	0	0	0	0	0	0	0	0	0	0	0	0	0	0	0	0	0	0	0	0	0	0	
19660	Pallidum_R	0	170	268	1674	0	0	116	176	0	0	0	620	0	0	0	0	0	124	200	932	0	0	0	0	0	0	0	0	186	162	0	276	0	0	0	0	0	86	0	0	0	0	0	0	0	0	0	0	0	0	0	0	0	0	0	0	0	0	0	0	0	0	0	0	0	0	0	0	0	0	428	2366	94	1952	0	0	0	0	0	0	0	0	0	0	0	0	0	0	0	0	0	0	0	0	0	0	0	0	0	0	0	0	0	0	0	0	0	0	0	0	0	0	0	0	0	0	
160376	Thalamus_L	8826	1604	6898	960	0	0	570	124	0	0	102	0	0	0	0	0	784	0	1650	1324	0	0	0	0	0	0	0	0	7776	146	0	132	202	264	382	3670	6462	4080	840	314	0	0	0	0	0	0	360	0	0	0	0	0	0	0	452	1104	500	0	0	0	0	0	0	0	0	0	0	832	648	176	10324	718	6084	0	1828	0	0	6062	2060	0	430	90	0	0	100	426	0	0	172	712	0	0	0	0	0	0	0	0	0	0	0	0	0	0	0	0	0	0	0	0	0	0	0	0	0	0	
149672	Thalamus_R	172	4130	858	6178	0	0	140	508	0	0	0	1302	0	0	0	0	0	162	944	7870	0	0	0	130	0	0	0	0	640	660	0	536	174	1418	0	3024	148	7490	0	3196	0	0	0	0	0	0	0	464	0	0	0	0	0	0	0	4702	0	218	0	0	0	0	0	0	0	0	0	1074	560	1660	1176	15920	360	1396	0	0	6062	0	0	0	0	258	0	0	0	290	0	0	0	1016	0	0	0	0	0	0	0	0	0	0	0	0	0	0	0	0	0	0	0	0	0	0	0	0	0	0	
85344	Heschl_L	4432	0	0	0	0	0	308	0	0	0	430	0	0	0	0	0	3408	0	0	0	0	0	0	0	0	0	0	0	7454	0	0	0	0	0	1194	0	6142	0	0	0	0	0	262	0	0	0	0	0	0	0	0	0	388	0	3436	0	1744	0	0	0	128	0	258	0	144	0	450	0	0	0	0	0	0	0	0	0	2060	0	0	0	3552	0	0	0	1072	0	0	0	5302	0	508	0	0	0	0	0	0	0	0	0	0	0	0	0	0	0	0	0	0	0	0	0	0	0	0	0	
32208	Heschl_R	0	116	0	0	0	0	0	0	0	0	0	0	0	0	0	0	0	1766	0	0	0	0	0	0	0	0	0	0	0	1392	0	0	0	0	0	112	0	686	0	366	0	0	0	100	0	98	0	0	0	460	0	122	0	170	0	2566	0	354	0	308	0	0	0	0	0	0	0	1058	0	286	0	0	0	0	0	0	0	0	0	0	0	3222	0	0	0	774	0	0	0	2148	0	0	0	0	0	0	0	0	0	0	0	0	0	0	0	0	0	0	0	0	0	0	0	0	0	0	
234104	Temporal_Sup_L	2476	0	2196	0	0	0	362	0	0	0	4100	0	316	0	0	0	11028	0	2622	0	0	0	0	0	0	0	0	0	9762	0	0	0	0	0	228	0	2582	0	186	0	0	0	94	0	0	0	0	0	0	0	1360	0	1558	0	6814	0	1836	0	0	0	4656	0	8026	0	5730	0	134	0	0	0	0	0	622	0	0	0	430	0	3552	0	0	0	4226	0	26370	0	154	0	15410	0	114	0	0	0	0	0	0	0	108	0	0	0	0	0	0	0	0	0	0	0	0	0	0	0	0	0	
153972	Temporal_Sup_R	0	138	0	572	0	0	0	146	0	0	0	1032	0	94	0	712	0	5110	0	402	0	0	0	0	0	0	0	0	0	4230	0	0	0	0	0	474	0	1090	0	446	0	0	0	122	0	428	0	118	0	1050	0	892	0	172	0	4900	0	1006	0	906	0	584	0	8762	0	3296	0	1416	0	288	0	0	0	246	0	0	90	258	0	3222	0	0	0	3522	0	23868	0	204	0	7190	0	0	0	0	0	0	0	0	0	0	0	0	0	0	0	0	0	0	0	0	0	0	0	0	0	0	
84460	Temporal_Pole_Sup_L	0	0	1934	0	0	0	0	0	0	0	3374	0	1328	0	1368	0	1810	0	2188	0	364	0	0	0	0	0	0	0	4812	0	0	0	0	0	0	0	652	0	366	0	544	0	0	0	0	0	0	0	0	0	0	0	0	0	1430	0	0	0	0	0	0	0	0	0	0	0	0	0	0	0	0	0	1044	0	0	0	0	0	0	0	4226	0	0	0	6396	0	4212	0	6182	0	0	0	0	0	0	0	0	0	0	0	0	0	0	0	0	0	0	0	0	0	0	0	0	0	0	0	
58016	Temporal_Pole_Sup_R	0	0	0	982	0	0	0	222	0	0	0	1582	0	116	0	1046	0	1744	0	780	0	198	0	0	0	0	0	0	0	2068	0	0	0	0	0	0	0	866	0	1702	0	2236	0	0	0	0	0	0	0	0	0	0	0	0	0	5768	0	0	0	0	0	0	0	0	0	0	0	0	0	0	0	0	0	86	0	0	0	0	0	0	0	3522	0	0	0	884	0	2660	0	2546	0	0	0	0	0	0	0	0	0	0	0	0	0	0	0	0	0	0	0	0	0	0	0	0	0	0	
300276	Temporal_Mid_L	962	0	0	0	0	0	0	0	0	0	86	0	0	0	0	0	2592	0	0	0	0	0	0	0	0	0	0	0	2886	0	0	0	210	0	0	0	316	0	0	0	0	0	246	0	260	0	0	0	1818	0	21492	0	9370	0	5302	0	1240	0	218	0	6692	0	4230	0	15806	0	856	0	148	0	0	0	194	0	0	0	100	0	1072	0	26370	0	6396	0	0	0	3548	0	37728	0	0	0	0	0	0	0	0	0	0	0	0	0	0	0	0	0	0	0	0	0	0	0	0	0	0	0	
223788	Temporal_Mid_R	0	182	0	0	0	0	0	0	0	0	0	0	0	0	0	144	0	254	0	0	0	0	0	0	0	0	0	0	0	1200	0	0	0	0	0	1114	364	988	0	160	0	0	0	714	0	2928	0	296	0	5534	0	17010	0	5160	0	5624	0	440	0	1126	0	850	0	5242	0	9348	0	3218	0	254	0	0	0	0	0	0	426	290	0	774	0	23868	0	884	0	0	0	946	0	22556	0	0	0	0	0	0	0	0	0	0	0	0	0	0	0	0	0	0	0	0	0	0	0	0	0	0	
24728	Temporal_Pole_Mid_L	0	0	0	0	0	0	0	0	0	0	0	0	0	0	0	0	0	0	0	0	0	0	0	0	0	0	0	0	0	0	0	0	0	0	0	0	0	0	0	0	0	0	0	0	0	0	0	0	0	0	0	0	0	0	872	0	0	0	0	0	0	0	0	0	0	0	0	0	0	0	0	0	0	0	0	0	0	0	0	0	154	0	4212	0	3548	0	0	0	3578	0	0	0	0	0	0	0	0	0	0	0	0	0	0	0	0	0	0	0	0	0	0	0	0	0	0	0	
17216	Temporal_Pole_Mid_R	0	0	0	0	0	0	0	0	0	0	0	0	0	0	0	0	0	0	0	0	0	0	0	0	0	0	0	0	0	0	0	0	0	0	0	0	0	0	0	554	0	0	0	0	0	0	0	0	0	0	0	0	0	0	0	2434	0	0	0	0	0	0	0	0	0	0	0	0	0	0	0	0	0	0	0	0	0	0	0	0	0	204	0	2660	0	946	0	0	0	1810	0	0	0	0	0	0	0	0	0	0	0	0	0	0	0	0	0	0	0	0	0	0	0	0	0	0	
295360	Temporal_Inf_L	1138	0	0	0	0	0	88	0	0	0	190	0	92	0	0	0	1806	0	258	0	0	0	0	0	0	0	0	0	5618	0	0	0	0	0	206	0	4702	0	1120	0	928	0	510	0	374	0	244	0	168	0	3644	0	11502	0	20910	0	1326	0	88	0	1738	0	1746	0	6358	0	722	0	248	0	0	0	738	0	0	0	172	0	5302	0	15410	0	6182	0	37728	0	3578	0	0	0	7324	0	2344	0	0	0	820	0	1858	0	500	0	0	0	0	0	0	0	0	0	0	0	0	0	0	0	
255860	Temporal_Inf_R	0	2596	0	0	0	0	0	176	0	0	0	192	0	0	0	0	0	414	0	0	0	0	0	0	0	0	0	0	0	2612	0	0	0	448	0	2768	468	7706	0	468	0	0	0	2732	0	1612	0	1142	0	4704	0	5336	0	10672	0	30012	0	1978	0	710	0	0	0	196	0	880	138	5944	0	1700	0	0	0	0	0	0	712	1016	0	2148	0	7190	0	2546	0	22556	0	1810	0	0	0	3442	0	522	0	0	0	84	0	202	0	0	0	0	0	0	0	0	0	0	98	0	0	0	0	0	
676360	Cerebelum_Crus1_L	0	0	0	0	0	0	0	0	0	0	0	0	0	0	0	0	0	0	0	0	0	0	0	0	0	0	0	0	136	0	0	0	0	0	0	0	160	0	742	0	0	0	0	0	0	0	14010	2336	0	0	92	0	238	0	27432	1284	0	0	0	0	0	0	0	0	0	0	0	0	0	0	0	0	0	0	0	0	0	0	508	0	114	0	0	0	0	0	0	0	7324	0	0	8354	52822	5936	1788	1810	32870	4768	66878	9220	24522	918	11870	5754	686	1840	102	0	598	2082	14510	10788	16262	4574	3858	994	
657432	Cerebelum_Crus1_R	0	0	0	0	0	0	0	0	0	0	0	0	0	0	0	0	0	0	0	0	0	0	0	0	0	0	0	0	0	0	0	0	0	0	0	0	0	0	0	136	0	0	510	0	0	0	4998	9670	0	0	0	0	0	0	2284	20724	0	0	0	0	0	0	0	0	0	0	0	0	0	0	0	0	0	0	0	0	0	0	0	0	0	0	0	0	0	0	0	0	0	3442	8354	0	3640	42778	550	5502	11134	35226	16536	83718	1504	5606	720	11562	274	244	0	0	220	3666	21590	21216	11592	826	362	132	
464652	Cerebelum_Crus2_L	0	0	0	0	0	0	0	0	0	0	0	0	0	0	0	0	0	0	0	0	0	0	0	0	0	0	0	0	0	0	0	0	0	0	0	0	0	0	172	0	0	0	0	0	0	0	484	170	0	0	0	0	0	0	2844	88	0	0	0	0	0	0	0	0	0	0	0	0	0	0	0	0	0	0	0	0	0	0	0	0	0	0	0	0	0	0	0	0	2344	0	52822	3640	0	10540	1126	1718	11768	1372	15320	3858	40246	3854	21314	9546	3030	1906	656	0	526	1894	6108	5024	19008	6632	3698	618	
390560	Cerebelum_Crus2_R	0	0	0	0	0	0	0	0	0	0	0	0	0	0	0	0	0	0	0	0	0	0	0	0	0	0	0	0	0	0	0	0	0	0	0	0	0	0	0	0	0	0	0	0	0	0	646	366	0	0	0	0	0	0	298	1250	0	0	0	0	0	0	0	0	0	0	0	0	0	0	0	0	0	0	0	0	0	0	0	0	0	0	0	0	0	0	0	0	0	522	5936	42778	10540	0	316	1948	3110	5050	4720	17348	7222	22716	2986	28934	86	2202	0	520	188	1500	3664	6806	19246	3522	714	146	
62420	Cerebelum_3_L	0	0	0	0	0	0	0	0	0	0	0	0	0	0	0	0	0	0	0	0	0	0	0	0	0	0	0	0	0	0	0	0	0	0	0	0	0	0	96	0	0	0	0	0	0	0	0	0	0	0	0	0	0	0	238	0	0	0	0	0	0	0	0	0	0	0	0	0	0	0	0	0	0	0	0	0	0	0	0	0	0	0	0	0	0	0	0	0	0	0	1788	550	1126	316	0	242	7396	504	3278	676	596	0	1062	382	2502	266	92	0	926	1632	1876	1744	2334	646	610	332	
100536	Cerebelum_3_R	0	0	0	0	0	0	0	0	0	0	0	0	0	0	0	0	0	0	0	0	0	0	0	0	0	0	0	0	0	0	0	0	0	0	0	0	0	0	0	0	0	0	0	0	0	0	146	120	0	0	0	0	0	0	0	224	0	0	0	0	0	0	0	0	0	0	0	0	0	0	0	0	0	0	0	0	0	0	0	0	0	0	0	0	0	0	0	0	0	0	1810	5502	1718	1948	242	0	1440	7154	1088	8092	1784	164	632	1870	0	1164	0	0	884	5722	2210	888	2312	1366	1788	0	
522724	Cerebelum_4_5_L	0	0	0	0	0	0	0	0	0	0	0	0	0	0	0	0	0	0	0	0	0	0	0	0	0	0	0	0	0	0	0	0	0	0	0	0	240	0	1588	0	0	0	0	0	0	0	15430	3692	0	0	0	0	0	0	17762	2230	0	0	0	0	0	0	0	0	0	0	0	0	0	0	0	0	0	0	0	0	0	0	0	0	0	0	0	0	0	0	0	0	820	0	32870	11134	11768	3110	7396	1440	0	11262	53172	13958	4490	148	3480	4014	5348	934	576	0	644	2174	28362	8282	8330	2898	2184	1626	
378880	Cerebelum_4_5_R	0	0	0	84	0	0	0	108	0	0	0	0	0	0	0	0	0	0	0	88	0	0	0	0	0	0	0	0	0	154	0	0	0	0	0	196	0	1974	0	3544	0	168	0	0	0	0	3982	7854	0	0	0	0	0	0	1698	10186	0	0	0	0	0	0	0	0	0	0	0	650	0	0	0	0	0	656	0	0	0	0	0	0	0	0	0	0	0	0	0	0	0	84	4768	35226	1372	5050	504	7154	11262	0	9414	45430	724	362	232	2518	260	1012	0	134	0	4142	23564	1990	1182	740	842	132	
671744	Cerebelum_6_L	0	0	0	0	0	0	0	0	0	0	0	0	0	0	0	0	0	0	0	0	0	0	0	0	0	0	0	0	0	0	0	0	0	0	0	0	204	0	1344	0	0	0	0	0	0	0	24838	5532	0	0	176	0	296	0	38110	2738	0	0	0	0	0	0	0	0	0	0	0	0	0	0	0	0	0	0	0	0	0	0	0	0	108	0	0	0	0	0	0	0	1858	0	66878	16536	15320	4720	3278	1088	53172	9414	0	18190	5914	0	2994	1672	2716	748	790	0	234	1250	22538	19722	8680	2084	1836	894	
640336	Cerebelum_6_R	0	0	0	0	0	0	0	0	0	0	0	0	0	0	0	0	0	0	0	0	0	0	0	0	0	0	0	0	0	0	0	0	0	0	0	0	0	116	0	270	0	0	446	0	0	0	6458	11318	0	0	0	0	0	256	2934	21716	0	0	0	0	0	0	0	0	0	0	0	0	0	0	0	0	0	0	0	0	0	0	0	0	0	0	0	0	0	0	0	0	0	202	9220	83718	3858	17348	676	8092	13958	45430	18190	0	2908	1032	1152	6120	312	358	0	468	246	4892	25990	22268	7876	1078	934	328	
405368	Cerebelum_7b_L	0	0	0	0	0	0	0	0	0	0	0	0	0	0	0	0	0	0	0	0	0	0	0	0	0	0	0	0	0	0	0	0	0	0	0	0	0	0	0	0	0	0	0	0	0	0	0	0	0	0	0	0	0	0	966	0	0	0	0	0	0	0	0	0	0	0	0	0	0	0	0	0	0	0	0	0	0	0	0	0	0	0	0	0	0	0	0	0	500	0	24522	1504	40246	7222	596	1784	4490	724	5914	2908	0	4850	38488	12100	7474	3138	1728	0	626	1972	4094	3232	15618	12022	5146	820	
152152	Cerebelum_7b_R	0	0	0	0	0	0	0	0	0	0	0	0	0	0	0	0	0	0	0	0	0	0	0	0	0	0	0	0	0	0	0	0	0	0	0	0	0	0	0	0	0	0	0	0	0	0	0	0	0	0	0	0	0	0	0	0	0	0	0	0	0	0	0	0	0	0	0	0	0	0	0	0	0	0	0	0	0	0	0	0	0	0	0	0	0	0	0	0	0	0	918	5606	3854	22716	0	164	148	362	0	1032	4850	0	2692	20926	0	1922	0	216	0	208	204	312	6282	3478	186	0	
311948	Cerebelum_8_L	0	0	0	0	0	0	0	0	0	0	0	0	0	0	0	0	0	0	0	0	0	0	0	0	0	0	0	0	0	0	0	0	0	0	0	0	0	0	0	0	0	0	0	0	0	0	0	0	0	0	0	0	0	0	208	0	0	0	0	0	0	0	0	0	0	0	0	0	0	0	0	0	0	0	0	0	0	0	0	0	0	0	0	0	0	0	0	0	0	0	11870	720	21314	2986	1062	632	3480	232	2994	1152	38488	2692	0	8494	19854	4126	3450	0	590	968	892	1312	9368	12654	5394	1042	
344792	Cerebelum_8_R	0	0	0	0	0	0	0	0	0	0	0	0	0	0	0	0	0	0	0	0	0	0	0	0	0	0	0	0	0	0	0	0	0	0	0	0	0	0	0	0	0	0	0	0	0	0	132	0	0	0	0	0	0	0	0	98	0	0	0	0	0	0	0	0	0	0	0	0	0	0	0	0	0	0	0	0	0	0	0	0	0	0	0	0	0	0	0	0	0	0	5754	11562	9546	28934	382	1870	4014	2518	1672	6120	12100	20926	8494	0	150	20530	0	1004	410	2270	5352	1778	13360	9820	3298	302	
116392	Cerebelum_9_L	0	0	0	0	0	0	0	0	0	0	0	0	0	0	0	0	0	0	0	0	0	0	0	0	0	0	0	0	0	0	0	0	0	0	0	0	0	0	0	0	0	0	0	0	0	0	0	0	0	0	0	0	0	0	252	0	0	0	0	0	0	0	0	0	0	0	0	0	0	0	0	0	0	0	0	0	0	0	0	0	0	0	0	0	0	0	0	0	0	0	686	274	3030	86	2502	0	5348	260	2716	312	7474	0	19854	150	0	742	4458	0	106	122	1518	1474	2760	1542	1676	854	
131796	Cerebelum_9_R	0	0	0	0	0	0	0	0	0	0	0	0	0	0	0	0	0	0	0	0	0	0	0	0	0	0	0	0	0	0	0	0	0	0	0	0	0	0	0	0	0	0	0	0	0	0	0	0	0	0	0	0	0	0	0	0	0	0	0	0	0	0	0	0	0	0	0	0	0	0	0	0	0	0	0	0	0	0	0	0	0	0	0	0	0	0	0	0	0	0	1840	244	1906	2202	266	1164	934	1012	748	358	3138	1922	4126	20530	742	0	0	1504	1270	1674	938	1636	3404	5770	6180	2390	
23872	Cerebelum_10_L	0	0	0	0	0	0	0	0	0	0	0	0	0	0	0	0	0	0	0	0	0	0	0	0	0	0	0	0	0	0	0	0	0	0	0	0	0	0	0	0	0	0	0	0	0	0	0	0	0	0	0	0	0	0	84	0	0	0	0	0	0	0	0	0	0	0	0	0	0	0	0	0	0	0	0	0	0	0	0	0	0	0	0	0	0	0	0	0	0	0	102	0	656	0	92	0	576	0	790	0	1728	0	3450	0	4458	0	0	0	0	0	0	0	0	0	0	0	
7692	Cerebelum_10_R	0	0	0	0	0	0	0	0	0	0	0	0	0	0	0	0	0	0	0	0	0	0	0	0	0	0	0	0	0	0	0	0	0	0	0	0	0	0	0	0	0	0	0	0	0	0	0	0	0	0	0	0	0	0	0	0	0	0	0	0	0	0	0	0	0	0	0	0	0	0	0	0	0	0	0	0	0	0	0	0	0	0	0	0	0	0	0	0	0	0	0	0	0	520	0	0	0	134	0	468	0	216	0	1004	0	1504	0	0	0	0	0	0	0	0	0	0	
33032	Vermis_1_2	0	0	0	0	0	0	0	0	0	0	0	0	0	0	0	0	0	0	0	0	0	0	0	0	0	0	0	0	0	0	0	0	0	0	0	0	0	0	0	0	0	0	0	0	0	0	0	0	0	0	0	0	0	0	0	0	0	0	0	0	0	0	0	0	0	0	0	0	0	0	0	0	0	0	0	0	0	0	0	0	0	0	0	0	0	0	0	0	0	0	598	220	526	188	926	884	644	0	234	246	626	0	590	410	106	1270	0	0	0	4802	498	296	1002	1058	1242	150	
104204	Vermis_3	0	0	0	0	0	0	0	0	0	0	0	0	0	0	0	0	0	0	0	0	0	0	0	0	0	0	0	0	0	0	0	0	0	0	0	0	0	0	0	0	0	0	0	0	0	0	202	0	0	0	0	0	0	0	90	0	0	0	0	0	0	0	0	0	0	0	0	0	0	0	0	0	0	0	0	0	0	0	0	0	0	0	0	0	0	0	0	0	0	0	2082	3666	1894	1500	1632	5722	2174	4142	1250	4892	1972	208	968	2270	122	1674	0	0	4802	0	2748	1292	2814	1720	2120	146	
432712	Vermis_4_5	0	270	0	0	0	0	0	198	0	0	0	144	0	0	0	0	0	0	0	0	0	0	0	0	0	0	0	0	0	0	0	0	0	0	0	898	0	972	0	262	0	0	0	0	0	0	9534	6830	0	0	0	0	0	0	4396	3888	0	0	0	0	0	0	0	0	0	0	0	1080	0	0	0	0	0	0	0	0	0	0	0	0	0	0	0	0	0	0	0	0	0	98	14510	21590	6108	3664	1876	2210	28362	23564	22538	25990	4094	204	892	5352	1518	938	0	0	498	2748	0	8546	6180	2754	1922	1728	
310644	Vermis_6	0	0	0	0	0	0	0	0	0	0	0	0	0	0	0	0	0	0	0	0	0	0	0	0	0	0	0	0	0	0	0	0	0	0	0	0	0	0	0	0	0	0	0	0	0	0	5212	5748	0	0	0	0	0	278	3290	2600	0	0	0	0	0	0	0	0	0	0	0	0	0	0	0	0	0	0	0	0	0	0	0	0	0	0	0	0	0	0	0	0	0	0	10788	21216	5024	6806	1744	888	8282	1990	19722	22268	3232	312	1312	1778	1474	1636	0	0	296	1292	8546	0	12874	1970	1854	2890	
381488	Vermis_7	0	0	0	0	0	0	0	0	0	0	0	0	0	0	0	0	0	0	0	0	0	0	0	0	0	0	0	0	0	0	0	0	0	0	0	0	0	0	0	0	0	0	0	0	0	0	680	532	0	0	0	0	0	0	562	256	0	0	0	0	0	0	0	0	0	0	0	0	0	0	0	0	0	0	0	0	0	0	0	0	0	0	0	0	0	0	0	0	0	0	16262	11592	19008	19246	2334	2312	8330	1182	8680	7876	15618	6282	9368	13360	2760	3404	0	0	1002	2814	6180	12874	0	9662	6458	2110	
195832	Vermis_8	0	0	0	0	0	0	0	0	0	0	0	0	0	0	0	0	0	0	0	0	0	0	0	0	0	0	0	0	0	0	0	0	0	0	0	0	0	0	0	0	0	0	0	0	0	0	0	0	0	0	0	0	0	0	0	0	0	0	0	0	0	0	0	0	0	0	0	0	0	0	0	0	0	0	0	0	0	0	0	0	0	0	0	0	0	0	0	0	0	0	4574	826	6632	3522	646	1366	2898	740	2084	1078	12022	3478	12654	9820	1542	5770	0	0	1058	1720	2754	1970	9662	0	8866	2234	
