data	data	781880	330352	732888	639252	158532	149700	534764	186248	106532	23264	222416	200268	316964	135124	187456	103192	163008	107040	571220	468300	82832	96488	228912	262012	28096	123644	70604	59076	553536	342900	244440	414760	140240	424716	206344	204636	270912	327968	152116	164236	59148	70512	253512	343152	172496	266472	415568	319168	196952	233988	482500	262572	258520	112832	594764	512916	506220	290540	117324	98260	270536	155416	155528	142024	142808	125892	266220	382392	223588	167196	328720	443172	270736	314184	45352	26576	148212	137484	81932	24792	193764	80376	97952	50148	360240	155580	28100	12568	306276	193908	672240	503024	484588	336408	63128	112608	438428	244672	634040	542444	336724	172028	440568	315352	143780	194060	15224	10976	91444	179532	278536	254804	314096	297760	186540	20288	
data	data	Precentral_L	Precentral_R	Frontal_Sup_L	Frontal_Sup_R	Frontal_Sup_Orb_L	Frontal_Sup_Orb_R	Frontal_Mid_L	Frontal_Mid_R	Frontal_Mid_Orb_L	Frontal_Mid_Orb_R	Frontal_Inf_Oper_L	Frontal_Inf_Oper_R	Frontal_Inf_Tri_L	Frontal_Inf_Tri_R	Frontal_Inf_Orb_L	Frontal_Inf_Orb_R	Rolandic_Oper_L	Rolandic_Oper_R	Supp_Motor_Area_L	Supp_Motor_Area_R	Olfactory_L	Olfactory_R	Frontal_Sup_Medial_L	Frontal_Sup_Medial_R	Frontal_Med_Orb_L	Frontal_Med_Orb_R	Rectus_L	Rectus_R	Insula_L	Insula_R	Cingulum_Ant_L	Cingulum_Ant_R	Cingulum_Mid_L	Cingulum_Mid_R	Cingulum_Post_L	Cingulum_Post_R	Hippocampus_L	Hippocampus_R	ParaHippocampal_L	ParaHippocampal_R	Amygdala_L	Amygdala_R	Calcarine_L	Calcarine_R	Cuneus_L	Cuneus_R	Lingual_L	Lingual_R	Occipital_Sup_L	Occipital_Sup_R	Occipital_Mid_L	Occipital_Mid_R	Occipital_Inf_L	Occipital_Inf_R	Fusiform_L	Fusiform_R	Postcentral_L	Postcentral_R	Parietal_Sup_L	Parietal_Sup_R	Parietal_Inf_L	Parietal_Inf_R	SupraMarginal_L	SupraMarginal_R	Angular_L	Angular_R	Precuneus_L	Precuneus_R	Paracentral_Lobule_L	Paracentral_Lobule_R	Caudate_L	Caudate_R	Putamen_L	Putamen_R	Pallidum_L	Pallidum_R	Thalamus_L	Thalamus_R	Heschl_L	Heschl_R	Temporal_Sup_L	Temporal_Sup_R	Temporal_Pole_Sup_L	Temporal_Pole_Sup_R	Temporal_Mid_L	Temporal_Mid_R	Temporal_Pole_Mid_L	Temporal_Pole_Mid_R	Temporal_Inf_L	Temporal_Inf_R	Cerebelum_Crus1_L	Cerebelum_Crus1_R	Cerebelum_Crus2_L	Cerebelum_Crus2_R	Cerebelum_3_L	Cerebelum_3_R	Cerebelum_4_5_L	Cerebelum_4_5_R	Cerebelum_6_L	Cerebelum_6_R	Cerebelum_7b_L	Cerebelum_7b_R	Cerebelum_8_L	Cerebelum_8_R	Cerebelum_9_L	Cerebelum_9_R	Cerebelum_10_L	Cerebelum_10_R	Vermis_1_2	Vermis_3	Vermis_4_5	Vermis_6	Vermis_7	Vermis_8	Vermis_9	Vermis_10	
781880	Precentral_L	0	8714	23612	7640	0	0	36840	2182	0	0	14876	488	5722	582	0	446	9818	822	21494	19784	0	0	272	156	0	114	0	0	14178	898	1462	434	1450	13622	3142	2614	5428	1310	1352	0	102	0	126	274	154	136	216	0	104	0	2664	0	1042	152	1856	748	52942	5404	1608	298	11512	1388	4204	1528	1788	0	990	596	19010	7164	18008	4640	13660	602	4798	98	23042	1988	3198	0	2392	112	0	120	1868	0	0	0	772	100	84	0	0	0	0	0	0	0	0	0	0	0	0	0	0	0	0	0	0	0	0	0	0	0	0	0	
330352	Precentral_R	8714	0	3382	4170	0	0	1690	4308	0	0	132	12520	70	84	0	76	0	3346	3566	5344	0	0	0	100	0	0	0	0	216	2028	116	278	356	2608	1916	3204	938	7004	114	988	0	0	0	724	0	430	86	166	0	222	0	554	114	770	166	1710	2164	28112	0	384	126	2288	0	4432	0	528	112	4592	4516	4474	2192	9946	92	3934	0	374	1194	21174	136	334	0	362	0	0	0	466	0	0	0	1034	0	0	0	0	0	0	0	0	0	0	0	0	0	0	0	0	0	0	0	0	0	0	0	0	0	0	
732888	Frontal_Sup_L	23612	3382	0	16606	6488	0	63660	4156	3642	0	9056	618	23610	358	8510	0	6258	136	64974	13842	352	0	32782	964	156	0	0	0	22886	370	10274	1188	1740	3024	0	124	3332	0	1184	0	0	0	0	0	0	0	0	0	0	0	0	0	0	0	764	0	2002	696	0	0	0	186	0	304	0	0	0	0	2702	70	10478	1740	11950	498	3524	224	1440	150	190	0	960	0	1208	0	74	0	0	0	0	0	0	0	0	0	0	0	0	0	0	0	0	0	0	0	0	0	0	0	0	0	0	0	0	0	0	0	
639252	Frontal_Sup_R	7640	4170	16606	0	0	8160	5504	23618	0	1214	1320	7704	878	4148	0	5556	0	3236	23614	35102	0	0	3598	29762	0	5556	0	0	778	13658	4060	38724	1816	16632	0	0	0	1902	0	394	0	322	0	0	0	0	0	0	0	0	0	0	0	0	0	94	2242	362	0	0	0	0	0	0	0	0	0	0	262	0	4686	21614	180	17540	0	3138	500	1538	0	0	0	724	0	1074	0	0	0	0	0	0	0	0	0	0	0	0	0	0	0	0	0	0	0	0	0	0	0	0	0	0	0	0	0	0	0	0	
158532	Frontal_Sup_Orb_L	0	0	6488	0	0	0	1536	0	17020	0	0	0	3256	0	19714	0	0	0	0	0	2836	106	2114	0	1272	0	4368	0	11886	0	1896	0	0	0	0	0	0	0	672	0	368	0	0	0	0	0	0	0	0	0	0	0	0	0	0	0	0	0	0	0	0	0	0	0	0	0	0	0	0	0	1042	0	3126	0	0	0	0	0	0	0	0	0	1566	0	0	0	0	0	0	0	0	0	0	0	0	0	0	0	0	0	0	0	0	0	0	0	0	0	0	0	0	0	0	0	0	0	
149700	Frontal_Sup_Orb_R	0	0	0	8160	0	0	90	1670	0	2436	122	344	100	980	0	4594	0	0	0	0	464	2874	142	5790	224	11072	472	7028	0	4116	214	7008	0	0	0	0	0	102	0	0	0	78	0	0	0	0	0	0	0	0	0	0	0	0	0	0	0	0	0	0	0	0	0	0	0	0	0	0	0	0	520	9878	164	6110	0	0	0	0	0	0	0	0	0	98	0	0	0	0	0	0	0	0	0	0	0	0	0	0	0	0	0	0	0	0	0	0	0	0	0	0	0	0	0	0	0	0	
534764	Frontal_Mid_L	36840	1690	63660	5504	1536	90	0	2518	3360	0	20152	466	39060	730	6800	586	4616	274	9128	2442	0	0	13812	340	0	142	0	0	15632	932	4466	508	0	136	0	0	1430	0	296	0	114	0	0	0	0	0	0	0	0	0	0	0	0	0	234	0	746	338	0	0	0	0	0	82	0	0	0	82	88	0	8970	4130	5460	548	1264	72	5956	0	136	0	866	0	1024	126	0	0	0	0	0	0	0	0	0	0	0	0	0	0	0	0	0	0	0	0	0	0	0	0	0	0	0	0	0	0	0	0	
186248	Frontal_Mid_R	2182	4308	4156	23618	0	1670	2518	0	0	688	408	5190	228	6808	0	4186	0	78	3302	1196	0	0	370	4360	0	760	0	0	676	3540	1002	5492	0	1490	0	0	0	368	0	0	0	0	0	0	0	0	0	0	0	0	0	0	0	0	0	0	0	1008	0	0	0	100	0	584	0	0	0	0	0	0	4128	3744	106	2548	76	436	250	1448	0	0	0	0	0	102	0	0	0	0	0	0	0	0	0	0	0	0	0	0	0	0	0	0	0	0	0	0	0	0	0	0	0	0	0	0	0	0	
106532	Frontal_Mid_Orb_L	0	0	3642	0	17020	0	3360	0	0	0	0	0	3012	0	14696	0	0	0	0	0	556	0	182	0	306	0	1342	0	5272	0	1056	0	0	0	0	0	0	0	0	0	0	0	0	0	0	0	0	0	0	0	0	0	0	0	0	0	0	0	0	0	0	0	0	0	0	0	0	0	0	0	218	0	1736	0	0	0	0	0	0	0	0	0	868	0	0	0	0	0	0	0	0	0	0	0	0	0	0	0	0	0	0	0	0	0	0	0	0	0	0	0	0	0	0	0	0	0	
23264	Frontal_Mid_Orb_R	0	0	0	1214	0	2436	0	688	0	0	0	0	0	212	0	3590	0	0	0	0	0	102	0	90	0	138	0	290	0	534	0	78	0	0	0	0	0	0	0	0	0	0	0	0	0	0	0	0	0	0	0	0	0	0	0	0	0	0	0	0	0	0	0	0	0	0	0	0	0	0	0	946	0	1314	0	0	0	0	0	0	0	0	0	0	0	0	0	0	0	0	0	0	0	0	0	0	0	0	0	0	0	0	0	0	0	0	0	0	0	0	0	0	0	0	0	0	
222416	Frontal_Inf_Oper_L	14876	132	9056	1320	0	122	20152	408	0	0	0	482	14728	840	180	672	7552	184	5440	308	0	0	1252	244	0	160	0	0	16534	988	1830	264	0	0	0	0	238	0	0	0	0	0	0	0	0	0	0	0	0	0	0	0	0	0	0	0	2466	0	0	0	0	0	0	0	0	0	0	0	0	0	1932	4008	644	280	132	0	234	0	612	0	1758	0	924	112	144	0	0	0	0	0	0	0	0	0	0	0	0	0	0	0	0	0	0	0	0	0	0	0	0	0	0	0	0	0	0	0	
200268	Frontal_Inf_Oper_R	488	12520	618	7704	0	344	466	5190	0	0	482	0	606	9950	0	2040	0	6606	638	260	0	0	0	682	0	330	0	0	526	15762	92	1492	0	186	0	0	0	1904	0	548	0	108	0	120	0	0	0	70	0	0	0	0	0	0	0	262	0	8246	0	0	0	552	0	2506	0	0	0	216	0	0	1068	5702	236	6388	0	382	90	1502	0	470	0	902	0	1880	0	0	0	0	0	0	0	0	0	0	0	0	0	0	0	0	0	0	0	0	0	0	0	0	0	0	0	0	0	0	0	0	
316964	Frontal_Inf_Tri_L	5722	70	23610	878	3256	100	39060	228	3012	0	14728	606	0	1428	12704	514	360	152	2782	88	0	0	6430	420	0	108	0	0	21546	1570	7918	244	0	0	0	0	0	0	0	0	0	0	0	0	0	0	0	0	0	0	0	0	0	0	0	0	374	0	0	0	0	0	0	0	0	0	0	0	0	0	2750	5600	596	594	0	0	0	0	106	0	84	0	742	102	0	0	0	0	0	0	0	0	0	0	0	0	0	0	0	0	0	0	0	0	0	0	0	0	0	0	0	0	0	0	0	0	
135124	Frontal_Inf_Tri_R	582	84	358	4148	0	980	730	6808	0	212	840	9950	1428	0	0	5972	0	860	326	312	0	0	88	1496	0	766	0	0	1382	16000	180	3324	0	314	0	0	0	584	0	0	0	0	0	0	0	0	0	0	0	0	0	0	0	0	0	0	0	0	0	0	0	0	0	0	0	0	0	0	0	0	834	4518	810	2820	0	0	0	0	0	0	0	76	0	780	0	0	0	0	0	0	0	0	0	0	0	0	0	0	0	0	0	0	0	0	0	0	0	0	0	0	0	0	0	0	0	0	
187456	Frontal_Inf_Orb_L	0	0	8510	0	19714	0	6800	0	14696	0	180	0	12704	0	0	0	0	0	304	0	2720	0	1680	0	0	0	2222	0	15374	0	1198	0	0	0	0	0	200	0	754	0	640	0	0	0	0	0	0	0	0	0	0	0	0	0	0	0	0	0	0	0	0	0	0	0	0	0	0	0	0	0	500	146	1984	0	0	0	0	0	0	0	0	0	3294	0	0	0	108	0	0	0	0	0	0	0	0	0	0	0	0	0	0	0	0	0	0	0	0	0	0	0	0	0	0	0	0	0	
103192	Frontal_Inf_Orb_R	446	76	0	5556	0	4594	586	4186	0	3590	672	2040	514	5972	0	0	0	0	0	134	0	956	0	614	0	448	0	606	320	10764	0	882	0	138	0	0	0	78	0	0	0	0	0	0	0	0	0	0	0	0	0	0	0	0	0	0	0	0	0	0	0	0	0	0	0	0	0	0	0	0	90	2712	0	3040	0	0	0	0	0	0	0	964	0	1546	0	72	0	0	0	0	0	0	0	0	0	0	0	0	0	0	0	0	0	0	0	0	0	0	0	0	0	0	0	0	0	0	
163008	Rolandic_Oper_L	9818	0	6258	0	0	0	4616	0	0	0	7552	0	360	0	0	0	0	0	5306	0	0	0	0	0	0	0	0	0	13978	0	0	0	0	0	0	0	848	0	378	0	0	0	0	0	0	0	0	0	0	0	248	0	122	0	302	0	10946	0	0	0	870	0	2500	0	94	0	0	0	0	0	2778	102	342	0	0	0	198	0	3928	0	6372	0	1058	0	1698	0	0	0	832	0	0	0	0	0	0	0	0	0	0	0	0	0	0	0	0	0	0	0	0	0	0	0	0	0	0	0	
107040	Rolandic_Oper_R	822	3346	136	3236	0	0	274	78	0	0	184	6606	152	860	0	0	0	0	72	1048	0	0	0	0	0	0	0	0	94	8862	0	0	0	0	0	0	0	2038	0	622	0	0	0	0	0	0	0	0	0	0	0	0	0	0	0	210	604	3970	0	0	0	0	0	3076	0	298	0	0	0	0	620	1494	76	4620	0	148	0	144	0	2946	0	5150	0	1200	0	364	0	0	0	170	0	0	0	0	0	0	0	0	0	0	0	0	0	0	0	0	0	0	0	0	0	0	0	0	0	0	
571220	Supp_Motor_Area_L	21494	3566	64974	23614	0	0	9128	3302	0	0	5440	638	2782	326	304	0	5306	72	0	39616	0	0	3952	1514	0	0	0	0	13302	282	4944	4726	8106	20744	642	572	3066	0	1048	0	0	0	0	0	120	0	0	0	0	0	0	0	0	0	720	0	2268	826	0	0	0	98	0	214	0	0	630	0	9308	1896	8686	1208	10520	372	2828	232	388	166	184	0	766	0	646	0	74	0	0	0	0	0	0	0	0	0	0	0	0	0	0	0	0	0	0	0	0	0	0	0	0	0	0	0	0	0	0	0	
468300	Supp_Motor_Area_R	19784	5344	13842	35102	0	0	2442	1196	0	0	308	260	88	312	0	134	0	1048	39616	0	0	0	892	6354	0	0	0	0	306	370	2624	16460	6060	41360	1052	702	0	310	0	0	0	0	0	134	0	80	0	0	0	0	0	0	0	0	0	370	2960	0	0	0	0	0	0	0	0	0	158	352	14184	10948	1606	4378	132	864	0	880	358	490	0	0	0	290	0	0	0	0	0	0	0	0	0	0	0	0	0	0	0	0	0	0	0	0	0	0	0	0	0	0	0	0	0	0	0	0	0	0	
82832	Olfactory_L	0	0	352	0	2836	464	0	0	556	0	0	0	0	0	2720	0	0	0	0	0	0	3822	302	0	1682	440	6162	1148	3724	0	2928	1362	0	0	0	0	482	0	2046	0	1792	0	0	0	0	0	0	0	0	0	0	0	0	0	78	0	0	0	0	0	0	0	0	0	0	0	0	0	0	0	5240	1566	814	0	0	0	0	0	0	0	0	0	900	0	0	0	0	0	0	0	0	0	0	0	0	0	0	0	0	0	0	0	0	0	0	0	0	0	0	0	0	0	0	0	0	0	
96488	Olfactory_R	0	0	0	0	106	2874	0	0	0	102	0	0	0	0	0	956	0	0	0	0	3822	0	0	0	484	2250	3506	5018	0	3018	2746	3914	0	0	0	0	0	718	0	994	0	1476	0	0	0	0	0	0	0	0	0	0	0	0	0	0	0	0	0	0	0	0	0	0	0	0	0	0	0	0	6828	5998	2194	1096	0	0	0	0	0	0	0	0	0	144	0	0	0	0	0	0	0	0	0	0	0	0	0	0	0	0	0	0	0	0	0	0	0	0	0	0	0	0	0	0	0	0	
228912	Frontal_Sup_Medial_L	272	0	32782	3598	2114	142	13812	370	182	0	1252	0	6430	88	1680	0	0	0	3952	892	302	0	0	9074	876	318	0	0	4820	82	15910	6748	2840	4068	0	0	0	0	0	0	0	0	0	0	0	0	0	0	0	0	0	0	0	0	0	0	0	0	0	0	0	0	0	0	0	0	0	0	0	0	0	452	918	282	0	0	0	0	0	0	0	0	200	0	0	0	0	0	0	0	0	0	0	0	0	0	0	0	0	0	0	0	0	0	0	0	0	0	0	0	0	0	0	0	0	0	
262012	Frontal_Sup_Medial_R	156	100	964	29762	0	5790	340	4360	0	90	244	682	420	1496	0	614	0	0	1514	6354	0	0	9074	0	152	8342	0	0	220	2564	4052	27266	0	14196	0	0	0	242	0	0	0	0	0	0	0	0	0	0	0	0	0	0	0	0	0	0	0	0	0	0	0	0	0	0	0	0	0	0	0	0	0	7546	0	4466	0	0	0	0	0	0	0	0	0	0	0	0	0	0	0	0	0	0	0	0	0	0	0	0	0	0	0	0	0	0	0	0	0	0	0	0	0	0	0	0	0	0	
28096	Frontal_Med_Orb_L	0	0	156	0	1272	224	0	0	306	0	0	0	0	0	0	0	0	0	0	0	1682	484	876	152	0	712	2092	198	0	0	3476	996	0	0	0	0	0	0	0	0	0	0	0	0	0	0	0	0	0	0	0	0	0	0	0	0	0	0	0	0	0	0	0	0	0	0	0	0	0	0	982	320	120	0	0	0	0	0	0	0	0	0	0	0	0	0	0	0	0	0	0	0	0	0	0	0	0	0	0	0	0	0	0	0	0	0	0	0	0	0	0	0	0	0	0	0	
123644	Frontal_Med_Orb_R	114	0	0	5556	0	11072	142	760	0	138	160	330	108	766	0	448	0	0	0	0	440	2250	318	8342	712	0	588	4844	0	1546	1346	10602	0	0	0	0	0	90	0	0	0	0	0	0	0	0	0	0	0	0	0	0	0	0	0	0	0	0	0	0	0	0	0	0	0	0	0	0	0	0	218	7782	140	3010	0	0	0	0	0	0	0	0	0	0	0	0	0	0	0	0	0	0	0	0	0	0	0	0	0	0	0	0	0	0	0	0	0	0	0	0	0	0	0	0	0	0	
70604	Rectus_L	0	0	0	0	4368	472	0	0	1342	0	0	0	0	0	2222	0	0	0	0	0	6162	3506	0	0	2092	588	0	1102	1334	0	2506	944	0	0	0	0	0	0	506	0	308	0	0	0	0	0	0	0	0	0	0	0	0	0	0	0	0	0	0	0	0	0	0	0	0	0	0	0	0	0	5692	1622	460	0	0	0	0	0	0	0	0	0	76	0	0	0	0	0	0	0	0	0	0	0	0	0	0	0	0	0	0	0	0	0	0	0	0	0	0	0	0	0	0	0	0	0	
59076	Rectus_R	0	0	0	0	0	7028	0	0	0	290	0	0	0	0	0	606	0	0	0	0	1148	5018	0	0	198	4844	1102	0	0	836	1210	3216	0	0	0	0	0	0	0	0	0	86	0	0	0	0	0	0	0	0	0	0	0	0	0	0	0	0	0	0	0	0	0	0	0	0	0	0	0	0	1022	2264	390	280	0	0	0	0	0	0	0	0	0	0	0	0	0	0	0	0	0	0	0	0	0	0	0	0	0	0	0	0	0	0	0	0	0	0	0	0	0	0	0	0	0	0	
553536	Insula_L	14178	216	22886	778	11886	0	15632	676	5272	0	16534	526	21546	1382	15374	320	13978	94	13302	306	3724	0	4820	220	0	0	1334	0	0	1466	9414	202	0	0	308	396	16596	318	6108	0	5062	0	0	0	0	0	136	0	0	0	780	0	434	0	5966	0	8692	0	0	0	1298	0	276	0	238	0	0	0	0	0	5998	5650	16746	684	112	0	1436	354	6934	0	6090	0	5148	0	1496	0	70	0	3376	0	0	0	0	0	0	0	0	0	0	0	0	0	0	0	0	0	0	0	0	0	0	0	0	0	0	0	
342900	Insula_R	898	2028	370	13658	0	4116	932	3540	0	534	988	15762	1570	16000	0	10764	0	8862	282	370	0	3018	82	2564	0	1546	0	836	1466	0	184	4320	0	206	0	306	0	12252	0	4998	0	5452	0	340	0	278	0	426	0	440	0	528	0	206	0	4312	104	1556	0	138	0	158	0	190	0	0	0	1728	0	104	1048	9896	1004	19118	0	70	80	302	0	1674	0	3632	0	3248	0	602	0	0	0	1978	0	108	0	0	0	0	0	88	0	110	0	0	0	0	0	0	0	0	0	0	80	0	0	0	0	0	
244440	Cingulum_Ant_L	1462	116	10274	4060	1896	214	4466	1002	1056	0	1830	92	7918	180	1198	0	0	0	4944	2624	2928	2746	15910	4052	3476	1346	2506	1210	9414	184	0	12058	4388	2340	0	0	0	128	108	0	0	0	0	0	0	0	0	0	0	0	0	0	0	0	0	0	0	0	0	0	0	0	0	0	0	0	0	0	0	0	5118	4014	5400	1372	0	0	78	0	0	0	0	0	112	0	0	0	0	0	0	0	0	0	0	0	0	0	0	0	0	0	0	0	0	0	0	0	0	0	0	0	0	0	0	0	0	0	
414760	Cingulum_Ant_R	434	278	1188	38724	0	7008	508	5492	0	78	264	1492	244	3324	0	882	0	0	4726	16460	1362	3914	6748	27266	996	10602	944	3216	202	4320	12058	0	2134	18346	0	0	0	904	0	0	0	74	0	0	0	0	0	0	0	0	0	0	0	0	0	0	0	0	0	0	0	0	0	0	0	0	0	0	148	0	2712	18432	1518	9654	0	98	0	508	0	0	0	0	0	122	0	0	0	0	0	0	0	0	0	0	0	0	0	0	0	0	0	0	0	0	0	0	0	0	0	0	0	0	0	0	0	0	
140240	Cingulum_Mid_L	1450	356	1740	1816	0	0	0	0	0	0	0	0	0	0	0	0	0	0	8106	6060	0	0	2840	0	0	0	0	0	0	0	4388	2134	0	11150	6330	1678	78	0	0	0	0	0	0	0	300	0	0	0	1228	0	1328	0	160	0	0	0	1416	310	1118	0	210	0	178	0	196	0	6848	710	5772	882	0	0	0	0	0	0	210	80	0	0	0	0	0	0	638	0	0	0	410	0	0	0	0	0	0	0	0	0	0	0	0	0	0	0	0	0	0	0	0	0	0	0	0	0	0	0	
424716	Cingulum_Mid_R	13622	2608	3024	16632	0	0	136	1490	0	0	0	186	0	314	0	138	0	0	20744	41360	0	0	4068	14196	0	0	0	0	0	206	2340	18346	11150	0	4412	7102	0	0	0	0	0	0	0	1014	0	1144	0	0	0	480	0	242	0	110	0	210	3540	6006	0	88	0	0	0	0	0	0	1128	5720	15308	14604	0	108	0	0	0	0	390	0	0	0	0	0	0	0	0	70	0	0	0	122	0	0	0	0	0	0	0	0	0	0	0	0	0	0	0	0	0	0	0	0	0	0	0	0	0	0	
206344	Cingulum_Post_L	3142	1916	0	0	0	0	0	0	0	0	0	0	0	0	0	0	0	0	642	1052	0	0	0	0	0	0	0	0	308	0	0	0	6330	4412	0	17098	5442	5520	1808	226	0	0	2334	498	3300	838	1014	216	2214	0	878	0	2394	448	3910	3496	6900	3272	0	0	256	0	0	0	0	0	10136	3042	4258	2048	0	0	0	0	0	0	868	1376	412	0	0	0	0	0	112	0	0	0	104	304	420	0	0	0	0	0	0	0	0	0	0	0	0	0	0	0	0	0	0	0	228	0	0	0	0	0	
204636	Cingulum_Post_R	2614	3204	124	0	0	0	0	0	0	0	0	0	0	0	0	0	0	0	572	702	0	0	0	0	0	0	0	0	396	306	0	0	1678	7102	17098	0	3456	8008	548	764	0	0	0	3730	76	2168	284	1350	0	412	0	520	1498	1868	2708	5334	4502	5406	0	110	266	96	0	0	0	0	1744	12754	1302	1944	0	0	0	0	0	0	1704	1954	478	0	0	0	0	0	0	242	0	0	0	2174	298	0	0	0	0	0	0	0	0	0	0	0	0	0	0	0	0	0	0	0	824	0	0	0	0	0	
270912	Hippocampus_L	5428	938	3332	0	0	0	1430	0	0	0	238	0	0	0	200	0	848	0	3066	0	482	0	0	0	0	0	0	0	16596	0	0	0	78	0	5442	3456	0	3182	18606	148	8206	0	2814	0	0	0	3700	158	0	0	690	0	726	0	17682	0	3144	0	76	0	788	0	0	0	0	0	3390	316	0	0	356	0	9372	0	322	0	2890	2310	2354	0	2890	0	670	0	624	0	92	0	6052	0	688	0	122	0	0	0	474	0	662	0	86	0	90	0	0	0	0	0	0	0	242	0	0	0	0	0	
327968	Hippocampus_R	1310	7004	0	1902	0	102	0	368	0	0	0	1904	0	584	0	78	0	2038	0	310	0	718	0	242	0	90	0	0	318	12252	128	904	0	0	5520	8008	3182	0	478	24940	0	10512	0	1268	0	218	296	3686	0	324	0	364	472	350	1012	26530	522	1838	0	94	0	130	0	134	0	0	0	4164	0	162	0	696	0	17250	0	1174	1462	4358	370	588	0	1170	0	78	0	1320	0	0	0	5524	100	1248	0	0	0	106	0	1694	0	1574	0	0	0	0	0	0	0	0	0	0	816	0	0	0	0	0	
152116	ParaHippocampal_L	1352	114	1184	0	672	0	296	0	0	0	0	0	0	0	754	0	378	0	1048	0	2046	0	0	0	0	0	506	0	6108	0	108	0	0	0	1808	548	18606	478	0	0	4074	0	1946	0	0	0	4250	0	0	0	982	0	950	0	12240	0	672	0	0	0	116	0	0	0	0	0	2714	106	0	0	258	0	2922	0	0	0	728	356	600	0	1086	0	1238	0	274	0	422	0	1644	0	658	0	218	0	0	0	796	0	678	0	0	0	0	0	0	0	0	0	0	0	124	0	0	0	0	0	
164236	ParaHippocampal_R	0	988	0	394	0	0	0	0	0	0	0	548	0	0	0	0	0	622	0	0	0	994	0	0	0	0	0	0	0	4998	0	0	0	0	226	764	148	24940	0	0	0	8390	0	402	0	0	0	3250	0	0	0	0	0	118	0	18094	0	436	0	0	0	0	0	0	0	0	0	1160	0	0	0	82	0	5104	0	572	0	1130	0	142	0	356	0	712	0	302	0	80	0	1802	0	948	0	0	0	150	0	2512	0	1562	0	0	0	0	0	0	0	0	0	0	192	0	0	0	0	0	
59148	Amygdala_L	102	0	0	0	368	0	114	0	0	0	0	0	0	0	640	0	0	0	0	0	1792	0	0	0	0	0	308	0	5062	0	0	0	0	0	0	0	8206	0	4074	0	0	0	0	0	0	0	0	0	0	0	0	0	0	0	4690	0	0	0	0	0	0	0	0	0	0	0	0	0	0	0	0	0	1746	0	0	0	0	0	0	0	204	0	1038	0	0	0	170	0	910	0	0	0	0	0	0	0	150	0	0	0	0	0	0	0	0	0	0	0	0	0	0	0	0	0	0	0	
70512	Amygdala_R	0	0	0	322	0	78	0	0	0	0	0	108	0	0	0	0	0	0	0	0	0	1476	0	0	0	0	0	86	0	5452	0	74	0	0	0	0	0	10512	0	8390	0	0	0	0	0	0	0	0	0	0	0	0	0	0	0	3496	0	0	0	0	0	0	0	0	0	0	0	0	0	0	0	342	0	3784	0	0	0	0	0	0	0	0	0	1136	0	0	0	0	0	0	0	0	0	0	0	0	0	0	0	0	0	0	0	0	0	0	0	0	0	0	0	0	0	0	0	0	
253512	Calcarine_L	126	0	0	0	0	0	0	0	0	0	0	0	0	0	0	0	0	0	0	0	0	0	0	0	0	0	0	0	0	0	0	0	0	0	2334	0	2814	0	1946	0	0	0	0	10322	15034	8098	17098	3282	10440	3898	22110	512	3778	84	4950	210	632	0	0	0	114	0	74	0	0	0	13234	298	228	0	0	0	0	0	0	0	0	0	0	0	0	0	0	0	1804	0	0	0	1324	0	450	96	0	0	0	0	124	92	486	188	0	0	0	0	0	0	0	0	0	0	370	206	0	0	0	0	
343152	Calcarine_R	274	724	0	0	0	0	0	0	0	0	0	120	0	0	0	0	0	0	0	134	0	0	0	0	0	0	0	0	0	340	0	0	0	1014	498	3730	0	1268	0	402	0	0	10322	0	6194	27308	1478	20856	546	21724	182	16446	76	6978	130	14196	128	2320	0	616	0	158	0	284	0	120	300	24358	0	1668	0	0	0	204	0	0	0	86	0	0	0	0	0	0	0	2416	0	0	0	3050	0	0	0	0	0	0	86	266	118	158	0	0	0	0	0	0	0	0	0	0	218	82	0	0	0	0	
172496	Cuneus_L	154	0	0	0	0	0	0	0	0	0	0	0	0	0	0	0	0	0	120	0	0	0	0	0	0	0	0	0	0	0	0	0	300	0	3300	76	0	0	0	0	0	0	15034	6194	0	9610	1788	228	18938	3314	7988	622	674	120	916	158	2342	0	344	0	136	0	0	0	0	0	9484	1834	1142	0	0	0	0	0	0	0	0	0	0	0	0	0	0	0	626	252	0	0	440	114	0	0	0	0	0	0	0	0	0	0	0	0	0	0	0	0	0	0	0	0	0	0	0	0	0	0	
266472	Cuneus_R	136	430	0	0	0	0	0	0	0	0	0	0	0	0	0	0	0	0	0	80	0	0	0	0	0	0	0	0	0	278	0	0	0	1144	838	2168	0	218	0	0	0	0	8098	27308	9610	0	456	3860	1876	26150	306	9750	0	1928	0	3550	322	1288	620	2694	86	144	0	160	0	130	3792	21468	0	1724	0	0	0	0	0	0	0	0	0	0	0	0	0	0	0	1270	0	0	0	1354	0	0	0	0	0	0	0	0	0	0	0	0	0	0	0	0	0	0	0	0	0	0	0	0	0	0	
415568	Lingual_L	216	86	0	0	0	0	0	0	0	0	0	0	0	0	0	0	0	0	0	0	0	0	0	0	0	0	0	0	136	0	0	0	0	0	1014	284	3700	296	4250	0	0	0	17098	1478	1788	456	0	4990	6122	468	26312	250	14506	0	28748	616	148	0	0	0	0	0	0	0	0	0	4700	0	0	0	0	0	102	0	0	0	472	228	534	0	0	0	0	0	1870	0	0	0	1184	0	13576	1892	2882	530	670	416	16840	1940	25500	4132	212	0	236	0	358	182	0	0	224	756	4828	6886	2358	684	448	182	
319168	Lingual_R	0	166	0	0	0	0	0	0	0	0	0	70	0	0	0	0	0	0	0	0	0	0	0	0	0	0	0	0	0	426	0	0	0	0	216	1350	158	3686	0	3250	0	0	3282	20856	228	3860	4990	0	0	5128	554	8272	744	4312	1412	22862	0	98	0	0	0	0	0	0	0	0	0	7180	0	0	0	0	0	184	0	0	0	368	0	0	0	0	0	0	0	78	0	0	0	570	3350	4838	1654	304	520	396	3610	10080	6458	13966	220	0	298	94	288	186	0	0	144	406	7120	7736	2492	614	510	0	
196952	Occipital_Sup_L	104	0	0	0	0	0	0	0	0	0	0	0	0	0	0	0	0	0	0	0	0	0	0	0	0	0	0	0	0	0	0	0	1228	0	2214	0	0	0	0	0	0	0	10440	546	18938	1876	6122	0	0	398	25732	0	2086	0	1668	0	1612	0	8128	0	1386	0	0	0	76	0	12066	1590	350	0	0	0	0	0	0	0	0	0	0	0	0	0	0	0	864	0	0	0	570	0	86	0	0	0	0	0	0	0	246	0	0	0	0	0	0	0	0	0	0	0	0	150	0	0	0	0	
233988	Occipital_Sup_R	0	222	0	0	0	0	0	0	0	0	0	0	0	0	0	0	0	0	0	0	0	0	0	0	0	0	0	0	0	440	0	0	0	480	0	412	0	324	0	0	0	0	3898	21724	3314	26150	468	5128	398	0	0	20776	0	1182	0	3752	0	1762	0	5554	0	2048	0	0	0	2112	640	12012	0	1758	0	0	0	0	0	0	0	0	0	0	0	0	0	0	0	1170	0	0	0	772	0	0	0	0	0	0	0	102	94	96	0	0	0	0	0	0	0	0	0	0	126	80	0	0	0	0	
482500	Occipital_Mid_L	2664	0	0	0	0	0	0	0	0	0	0	0	0	0	0	0	248	0	0	0	0	0	0	0	0	0	0	0	780	0	0	0	1328	0	878	0	690	0	982	0	0	0	22110	182	7988	306	26312	554	25732	0	0	0	25970	0	18730	0	5302	0	7128	0	11764	0	3148	0	18958	0	8466	192	1524	0	218	0	0	0	0	0	488	0	884	0	1362	0	0	0	27300	0	0	0	12556	0	748	162	220	0	0	0	334	0	2772	530	0	0	0	0	0	0	0	0	0	0	0	1450	290	0	0	0	
262572	Occipital_Mid_R	0	554	0	0	0	0	0	0	0	0	0	0	0	0	0	0	0	0	0	0	0	0	0	0	0	0	0	0	0	528	0	0	0	242	0	520	0	364	0	0	0	0	512	16446	622	9750	250	8272	0	20776	0	0	0	8034	0	10888	0	2702	0	2980	0	6256	0	1574	0	14054	176	9848	0	964	0	0	0	0	0	0	0	0	0	0	0	102	0	0	0	12014	0	0	0	2474	0	0	0	0	0	0	0	104	70	116	0	0	0	0	0	0	0	0	0	0	94	0	0	0	0	0	
258520	Occipital_Inf_L	1042	114	0	0	0	0	0	0	0	0	0	0	0	0	0	0	122	0	0	0	0	0	0	0	0	0	0	0	434	0	0	0	160	0	2394	1498	726	472	950	0	0	0	3778	76	674	0	14506	744	2086	0	25970	0	0	0	27558	650	1752	154	0	0	632	0	174	0	0	0	3360	594	560	0	0	0	0	0	0	0	186	0	1070	0	702	0	0	0	11918	0	0	0	12028	0	2724	304	546	96	0	0	622	0	4756	964	0	0	0	0	0	0	0	0	0	0	98	1636	356	74	0	0	
112832	Occipital_Inf_R	152	770	0	0	0	0	0	0	0	0	0	0	0	0	0	0	0	0	0	0	0	0	0	0	0	0	0	0	0	206	0	0	0	110	448	1868	0	350	0	118	0	0	84	6978	120	1928	0	4312	0	1182	0	8034	0	0	0	8576	132	802	0	0	0	0	0	0	0	0	0	4710	0	92	0	168	0	0	0	0	0	196	0	0	0	0	0	0	0	1780	0	0	0	9496	290	424	138	0	0	0	166	346	266	1116	0	0	0	0	0	0	0	0	0	0	210	466	294	88	0	0	
594764	Fusiform_L	1856	166	764	0	0	0	234	0	0	0	0	0	0	0	0	0	302	0	720	0	78	0	0	0	0	0	0	0	5966	0	0	0	0	0	3910	2708	17682	1012	12240	0	4690	0	4950	130	916	0	28748	1412	1668	0	18730	0	27558	0	0	1316	1658	218	0	0	650	0	130	0	0	0	4034	916	104	0	126	0	1550	0	0	0	368	102	3242	0	5152	0	2446	0	7020	0	566	0	21024	0	31576	454	5592	0	372	252	17760	362	38030	2050	2570	0	4006	0	878	0	0	0	106	472	1228	3138	658	582	234	0	
512916	Fusiform_R	748	1710	0	94	0	0	0	0	0	0	0	262	0	0	0	0	0	210	0	370	0	0	0	0	0	0	0	0	0	4312	0	0	0	210	3496	5334	0	26530	0	18094	0	3496	210	14196	158	3550	616	22862	0	3752	0	10888	650	8576	1316	0	572	1068	0	0	0	132	0	138	0	114	0	7680	0	384	0	240	0	2698	0	240	0	746	0	530	0	1158	0	3244	0	3402	0	1226	0	15714	1284	24662	532	426	346	712	1226	14712	1408	31444	0	0	102	660	0	442	0	0	88	274	3434	1984	1162	348	286	0	
506220	Postcentral_L	52942	2164	2002	2242	0	0	746	0	0	0	2466	0	374	0	0	0	10946	604	2268	2960	0	0	0	0	0	0	0	0	8692	104	0	0	1416	3540	6900	4502	3144	522	672	0	0	0	632	128	2342	322	148	0	1612	0	5302	0	1752	132	1658	572	0	3886	7052	0	39116	0	16052	0	6454	0	5636	488	4318	2062	9900	620	4332	150	946	0	6030	654	4366	0	4058	106	0	0	10014	0	0	0	3064	0	0	0	0	0	0	0	0	0	0	0	0	0	0	0	0	0	0	0	0	0	0	0	0	0	0	0	
290540	Postcentral_R	5404	28112	696	362	0	0	338	1008	0	0	0	8246	0	0	0	0	0	3970	826	0	0	0	0	0	0	0	0	0	0	1556	0	0	310	6006	3272	5406	0	1838	0	436	0	0	0	2320	0	1288	0	98	0	1762	0	2702	154	802	218	1068	3886	0	0	4866	124	9746	0	17528	0	1988	144	9960	3520	5762	956	1220	0	2596	0	246	476	916	0	428	0	608	0	0	0	984	0	0	0	1118	0	0	0	0	0	0	0	0	0	0	0	0	0	0	0	0	0	0	0	0	0	0	0	0	0	0	
117324	Parietal_Sup_L	1608	0	0	0	0	0	0	0	0	0	0	0	0	0	0	0	0	0	0	0	0	0	0	0	0	0	0	0	0	0	0	0	1118	0	0	0	76	0	0	0	0	0	0	0	344	620	0	0	8128	0	7128	0	0	0	0	0	7052	0	0	230	10086	0	1124	0	2058	0	14554	1464	786	0	0	0	0	0	0	0	804	0	0	0	0	0	0	0	1280	0	0	0	202	0	0	0	0	0	0	0	0	0	0	0	0	0	0	0	0	0	0	0	0	0	0	0	0	0	0	0	
98260	Parietal_Sup_R	298	384	0	0	0	0	0	0	0	0	0	0	0	0	0	0	0	0	0	0	0	0	0	0	0	0	0	0	0	138	0	0	0	88	0	110	0	94	0	0	0	0	0	616	0	2694	0	0	0	5554	0	2980	0	0	0	0	0	4866	230	0	0	9932	0	1578	0	6220	1756	11384	0	208	0	0	0	0	0	0	0	0	0	0	0	0	0	0	0	0	0	0	0	0	0	0	0	0	0	0	0	0	0	0	0	0	0	0	0	0	0	0	0	0	0	0	0	0	0	0	
270536	Parietal_Inf_L	11512	126	0	0	0	0	0	0	0	0	0	0	0	0	0	0	870	0	0	0	0	0	0	0	0	0	0	0	1298	0	0	0	210	0	256	266	788	0	116	0	0	0	114	0	136	86	0	0	1386	0	11764	0	632	0	650	0	39116	124	10086	0	0	0	17642	0	17772	0	2748	164	1586	0	1108	0	1168	0	152	0	1954	122	342	0	1742	0	0	0	7632	0	0	0	1600	0	0	0	0	0	0	0	0	0	0	0	0	0	0	0	0	0	0	0	0	0	0	0	0	0	0	0	
155416	Parietal_Inf_R	1388	2288	186	0	0	0	0	100	0	0	0	552	0	0	0	0	0	0	98	0	0	0	0	0	0	0	0	0	0	158	0	0	0	0	0	96	0	130	0	0	0	0	0	158	0	144	0	0	0	2048	0	6256	0	0	0	132	0	9746	0	9932	0	0	0	18170	0	18452	0	3100	70	168	186	92	0	0	0	0	0	94	0	0	0	304	0	0	0	2780	0	0	0	880	0	0	0	0	0	0	0	0	0	0	0	0	0	0	0	0	0	0	0	0	0	0	0	0	0	0	
155528	SupraMarginal_L	4204	0	0	0	0	0	0	0	0	0	0	0	0	0	0	0	2500	0	0	0	0	0	0	0	0	0	0	0	276	0	0	0	178	0	0	0	0	0	0	0	0	0	74	0	0	0	0	0	0	0	3148	0	174	0	130	0	16052	0	1124	0	17642	0	0	0	10184	0	570	0	342	0	1020	0	164	0	0	0	212	0	148	0	9596	0	0	0	8482	0	0	0	1544	0	0	0	0	0	0	0	0	0	0	0	0	0	0	0	0	0	0	0	0	0	0	0	0	0	0	0	
142024	SupraMarginal_R	1528	4432	304	0	0	0	82	584	0	0	0	2506	0	0	0	0	0	3076	214	0	0	0	0	0	0	0	0	0	0	190	0	0	0	0	0	0	0	134	0	0	0	0	0	284	0	160	0	0	0	0	0	1574	0	0	0	138	0	17528	0	1578	0	18170	0	0	0	8432	0	1580	76	138	324	432	0	286	0	0	0	308	0	418	0	2574	0	0	0	3036	0	0	0	926	0	0	0	0	0	0	0	0	0	0	0	0	0	0	0	0	0	0	0	0	0	0	0	0	0	0	
142808	Angular_L	1788	0	0	0	0	0	0	0	0	0	0	0	0	0	0	0	94	0	0	0	0	0	0	0	0	0	0	0	238	0	0	0	196	0	0	0	0	0	0	0	0	0	0	0	0	0	0	0	76	0	18958	0	0	0	0	0	6454	0	2058	0	17772	0	10184	0	0	0	576	0	340	0	232	0	0	0	0	0	398	0	0	0	3978	0	0	0	7292	0	0	0	770	0	0	0	0	0	0	0	0	0	0	0	0	0	0	0	0	0	0	0	0	0	0	0	0	0	0	0	
125892	Angular_R	0	528	0	0	0	0	0	0	0	0	0	0	0	0	0	0	0	298	0	0	0	0	0	0	0	0	0	0	0	0	0	0	0	0	0	0	0	0	0	0	0	0	0	120	0	130	0	0	0	2112	0	14054	0	0	0	114	0	1988	0	6220	0	18452	0	8432	0	0	0	2416	0	226	0	0	0	0	0	0	0	0	0	0	0	1766	0	0	0	5168	0	0	0	922	0	0	0	0	0	0	0	0	0	0	0	0	0	0	0	0	0	0	0	0	0	0	0	0	0	0	
266220	Precuneus_L	990	112	0	0	0	0	0	0	0	0	0	0	0	0	0	0	0	0	630	158	0	0	0	0	0	0	0	0	0	0	0	0	6848	1128	10136	1744	3390	0	2714	0	0	0	13234	300	9484	3792	4700	0	12066	640	8466	176	3360	0	4034	0	5636	144	14554	1756	2748	0	570	0	576	0	0	7926	5462	176	0	0	0	0	0	0	466	0	130	0	70	0	0	0	2870	0	0	0	1464	0	172	0	0	0	0	0	82	0	0	0	0	0	0	0	0	0	0	0	0	0	206	0	0	0	0	0	
382392	Precuneus_R	596	4592	0	0	0	0	82	0	0	0	0	216	0	0	0	0	0	0	0	352	0	0	0	0	0	0	0	0	0	1728	0	0	710	5720	3042	12754	316	4164	106	1160	0	0	298	24358	1834	21468	0	7180	1590	12012	192	9848	594	4710	916	7680	488	9960	1464	11384	164	3100	0	1580	0	2416	7926	0	0	9422	0	158	0	222	0	0	206	324	0	0	0	542	0	0	0	7486	0	0	0	4898	0	0	0	0	0	0	0	268	0	0	0	0	0	0	0	0	0	0	0	0	970	0	0	0	0	0	
223588	Paracentral_Lobule_L	19010	4516	2702	262	0	0	88	0	0	0	0	0	0	0	0	0	0	0	9308	14184	0	0	0	0	0	0	0	0	0	0	0	148	5772	15308	4258	1302	0	0	0	0	0	0	228	0	1142	0	0	0	350	0	1524	0	560	0	104	0	4318	3520	786	0	1586	70	342	76	340	0	5462	0	0	9444	0	352	0	0	0	0	84	356	0	0	210	0	0	0	2692	0	0	0	1390	0	0	0	0	0	0	0	0	0	0	0	0	0	0	0	0	0	0	0	0	0	0	0	0	0	0	0	
167196	Paracentral_Lobule_R	7164	4474	70	0	0	0	0	0	0	0	0	0	0	0	0	0	0	0	1896	10948	0	0	0	0	0	0	0	0	0	104	0	0	882	14604	2048	1944	0	162	0	0	0	0	0	1668	0	1724	0	0	0	1758	0	964	0	92	0	384	2062	5762	0	208	0	168	0	138	0	226	176	9422	9444	0	0	0	0	0	0	0	0	0	0	0	0	428	0	0	0	4044	0	0	0	634	0	0	0	0	0	0	0	0	0	0	0	0	0	0	0	0	0	0	0	0	0	0	0	0	0	0	
328720	Caudate_L	18008	2192	10478	4686	1042	520	8970	4128	218	0	1932	1068	2750	834	500	90	2778	620	8686	1606	5240	6828	0	0	982	218	5692	1022	5998	1048	5118	2712	0	0	0	0	356	0	258	0	0	0	0	0	0	0	0	0	0	0	218	0	0	0	126	0	9900	956	0	0	1108	186	1020	324	232	0	0	0	0	0	0	15198	14158	2862	1880	226	8052	138	222	0	556	76	136	108	100	0	0	0	0	0	0	0	0	0	0	0	0	0	0	0	0	0	0	0	0	0	0	0	0	0	0	0	0	0	0	0	
443172	Caudate_R	4640	9946	1740	21614	0	9878	4130	3744	0	946	4008	5702	5600	4518	146	2712	102	1494	1208	4378	1566	5998	452	7546	320	7782	1622	2264	5650	9896	4014	18432	0	108	0	0	0	696	0	82	0	342	0	0	0	0	0	0	0	0	0	0	0	168	0	240	620	1220	0	0	0	92	0	432	0	0	0	158	352	0	15198	0	7932	21118	0	1620	512	17300	0	80	0	310	126	684	0	0	0	0	0	148	0	0	0	0	0	0	0	0	0	0	0	0	0	0	0	0	0	0	0	0	0	0	0	0	0	0	
270736	Putamen_L	13660	92	11950	180	3126	164	5460	106	1736	0	644	236	596	810	1984	0	342	76	10520	132	814	2194	918	0	120	140	460	390	16746	1004	5400	1518	0	0	0	0	9372	0	2922	0	1746	0	0	0	0	0	102	0	0	0	0	0	0	0	1550	0	4332	0	0	0	1168	0	164	0	0	0	0	0	0	0	14158	7932	0	2472	4934	0	1976	0	116	0	418	0	392	0	0	0	0	0	96	0	0	0	0	0	0	0	0	0	0	0	0	0	0	0	0	0	0	0	0	0	0	0	0	0	0	0	
314184	Putamen_R	602	3934	498	17540	0	6110	548	2548	0	1314	280	6388	594	2820	0	3040	0	4620	372	864	0	1096	282	4466	0	3010	0	280	684	19118	1372	9654	0	0	0	0	0	17250	0	5104	0	3784	0	204	0	0	0	184	0	0	0	0	0	0	0	2698	150	2596	0	0	0	0	0	286	0	0	0	222	0	0	2862	21118	2472	0	0	2900	0	708	0	214	0	1390	0	340	0	0	0	0	0	482	0	0	0	0	0	0	0	94	0	0	0	0	0	0	0	0	0	0	0	0	0	0	0	0	0	0	
45352	Pallidum_L	4798	0	3524	0	0	0	1264	76	0	0	132	0	0	0	0	0	0	0	2828	0	0	0	0	0	0	0	0	0	112	0	0	0	0	0	0	0	322	0	0	0	0	0	0	0	0	0	0	0	0	0	0	0	0	0	0	0	946	0	0	0	152	0	0	0	0	0	0	0	0	0	1880	0	4934	0	0	0	1708	0	0	0	0	0	0	0	0	0	0	0	0	0	0	0	0	0	0	0	0	0	0	0	0	0	0	0	0	0	0	0	0	0	0	0	0	0	0	0	
26576	Pallidum_R	98	374	224	3138	0	0	72	436	0	0	0	382	0	0	0	0	0	148	232	880	0	0	0	0	0	0	0	0	0	70	0	98	0	0	0	0	0	1174	0	572	0	0	0	0	0	0	0	0	0	0	0	0	0	0	0	240	0	246	0	0	0	0	0	0	0	0	0	0	0	0	226	1620	0	2900	0	0	0	158	0	0	0	0	0	0	0	0	0	0	0	0	0	0	0	0	0	0	0	0	0	0	0	0	0	0	0	0	0	0	0	0	0	0	0	0	0	0	
148212	Thalamus_L	23042	1194	1440	500	0	0	5956	250	0	0	234	90	0	0	0	0	198	0	388	358	0	0	0	0	0	0	0	0	1436	80	78	0	210	390	868	1704	2890	1462	728	0	0	0	0	0	0	0	472	0	0	0	488	0	186	0	368	0	6030	476	804	0	1954	0	212	0	398	0	466	206	84	0	8052	512	1976	0	1708	0	0	3936	662	0	360	0	0	0	996	0	0	0	264	0	0	0	0	0	0	0	0	0	0	0	0	0	0	0	0	0	0	0	0	0	0	0	0	0	0	0	
137484	Thalamus_R	1988	21174	150	1538	0	0	0	1448	0	0	0	1502	0	0	0	0	0	144	166	490	0	0	0	0	0	0	0	0	354	302	0	508	80	0	1376	1954	2310	4358	356	1130	0	0	0	86	0	0	228	368	0	0	0	0	0	196	102	746	654	916	0	0	122	94	0	308	0	0	0	324	356	0	138	17300	0	708	0	158	3936	0	374	0	0	0	0	0	0	0	0	0	0	188	0	0	0	0	0	0	0	112	0	0	0	0	0	0	0	0	0	0	0	0	0	0	0	0	0	0	
81932	Heschl_L	3198	136	190	0	0	0	136	0	0	0	612	0	106	0	0	0	3928	0	184	0	0	0	0	0	0	0	0	0	6934	0	0	0	0	0	412	478	2354	370	600	0	0	0	0	0	0	0	534	0	0	0	884	0	1070	0	3242	0	4366	0	0	0	342	0	148	0	0	0	130	0	0	0	222	0	116	0	0	0	662	374	0	0	4532	0	0	0	3394	0	0	0	1026	0	158	0	0	0	0	0	0	0	128	0	0	0	0	0	0	0	0	0	0	0	0	0	0	0	0	0	
24792	Heschl_R	0	334	0	0	0	0	0	0	0	0	0	470	0	0	0	0	0	2946	0	0	0	0	0	0	0	0	0	0	0	1674	0	0	0	0	0	0	0	588	0	142	0	0	0	0	0	0	0	0	0	0	0	0	0	0	0	530	0	428	0	0	0	0	0	418	0	0	0	0	0	0	0	80	0	214	0	0	0	0	0	0	0	3958	0	0	0	212	0	0	0	402	0	0	0	0	0	0	0	0	0	0	0	0	0	0	0	0	0	0	0	0	0	0	0	0	0	0	
193764	Temporal_Sup_L	2392	0	960	0	0	0	866	0	0	0	1758	0	84	0	0	0	6372	0	766	0	0	0	0	0	0	0	0	0	6090	0	0	0	0	0	0	0	2890	0	1086	0	204	0	0	0	0	0	0	0	0	0	1362	0	702	0	5152	0	4058	0	0	0	1742	0	9596	0	3978	0	70	0	210	0	556	0	418	0	0	0	360	0	4532	0	0	0	3178	0	25062	0	0	0	11918	0	272	0	0	0	0	0	0	0	248	0	0	0	0	0	0	0	0	0	0	0	0	0	0	0	0	0	
80376	Temporal_Sup_R	112	362	0	724	0	0	0	0	0	0	0	902	0	76	0	964	0	5150	0	290	0	0	0	0	0	0	0	0	0	3632	0	0	0	0	0	0	0	1170	0	356	0	0	0	0	0	0	0	0	0	0	0	102	0	0	0	1158	106	608	0	0	0	304	0	2574	0	1766	0	542	0	428	76	310	0	1390	0	0	0	0	0	3958	0	0	0	2118	0	7832	0	0	0	3178	0	0	0	0	0	0	0	0	0	0	0	0	0	0	0	0	0	0	0	0	0	0	0	0	0	0	
97952	Temporal_Pole_Sup_L	0	0	1208	0	1566	0	1024	0	868	0	924	0	742	0	3294	0	1058	0	646	0	900	0	200	0	0	0	76	0	5148	0	112	0	0	0	0	0	670	0	1238	0	1038	0	0	0	0	0	0	0	0	0	0	0	0	0	2446	0	0	0	0	0	0	0	0	0	0	0	0	0	0	0	136	126	392	0	0	0	0	0	0	0	3178	0	0	0	8900	0	4848	0	8238	0	0	0	0	0	0	0	0	0	0	0	0	0	0	0	0	0	0	0	0	0	0	0	0	0	0	0	
50148	Temporal_Pole_Sup_R	120	0	0	1074	0	98	126	102	0	0	112	1880	102	780	0	1546	0	1200	0	0	0	144	0	0	0	0	0	0	0	3248	0	122	0	0	0	0	0	78	0	712	0	1136	0	0	0	0	0	0	0	0	0	0	0	0	0	3244	0	0	0	0	0	0	0	0	0	0	0	0	0	0	108	684	0	340	0	0	0	0	0	0	0	2118	0	0	0	1716	0	2108	0	2176	0	0	0	0	0	0	0	0	0	0	0	0	0	0	0	0	0	0	0	0	0	0	0	0	0	0	
360240	Temporal_Mid_L	1868	0	74	0	0	0	0	0	0	0	144	0	0	0	0	0	1698	0	74	0	0	0	0	0	0	0	0	0	1496	0	0	0	638	0	112	0	624	0	274	0	0	0	1804	0	626	0	1870	0	864	0	27300	0	11918	0	7020	0	10014	0	1280	0	7632	0	8482	0	7292	0	2870	0	2692	0	100	0	0	0	0	0	996	0	3394	0	25062	0	8900	0	0	0	4168	0	38748	0	86	0	0	0	0	0	0	0	0	0	0	0	0	0	0	0	0	0	0	0	0	0	0	0	0	0	
155580	Temporal_Mid_R	0	466	0	0	0	0	0	0	0	0	0	0	0	0	0	72	0	364	0	0	0	0	0	0	0	0	0	0	0	602	0	0	0	70	0	242	0	1320	0	302	0	0	0	2416	252	1270	0	78	0	1170	0	12014	0	1780	0	3402	0	984	0	0	0	2780	0	3036	0	5168	0	7486	0	4044	0	0	0	0	0	0	0	0	0	212	0	7832	0	1716	0	0	0	1228	0	17484	0	0	0	0	0	0	0	0	0	0	0	0	0	0	0	0	0	0	0	0	0	0	0	0	0	0	
28100	Temporal_Pole_Mid_L	0	0	0	0	0	0	0	0	0	0	0	0	0	0	108	0	0	0	0	0	0	0	0	0	0	0	0	0	70	0	0	0	0	0	0	0	92	0	422	0	170	0	0	0	0	0	0	0	0	0	0	0	0	0	566	0	0	0	0	0	0	0	0	0	0	0	0	0	0	0	0	0	0	0	0	0	0	0	0	0	0	0	4848	0	4168	0	0	0	3606	0	0	0	0	0	0	0	0	0	0	0	0	0	0	0	0	0	0	0	0	0	0	0	0	0	0	0	
12568	Temporal_Pole_Mid_R	0	0	0	0	0	0	0	0	0	0	0	0	0	0	0	0	0	0	0	0	0	0	0	0	0	0	0	0	0	0	0	0	0	0	0	0	0	0	0	80	0	0	0	0	0	0	0	0	0	0	0	0	0	0	0	1226	0	0	0	0	0	0	0	0	0	0	0	0	0	0	0	0	0	0	0	0	0	0	0	0	0	0	0	2108	0	1228	0	0	0	1642	0	0	0	0	0	0	0	0	0	0	0	0	0	0	0	0	0	0	0	0	0	0	0	0	0	0	
306276	Temporal_Inf_L	772	0	0	0	0	0	0	0	0	0	0	0	0	0	0	0	832	0	0	0	0	0	0	0	0	0	0	0	3376	0	0	0	410	0	104	0	6052	0	1644	0	910	0	1324	0	440	0	1184	0	570	0	12556	0	12028	0	21024	0	3064	0	202	0	1600	0	1544	0	770	0	1464	0	1390	0	0	0	96	0	0	0	264	0	1026	0	11918	0	8238	0	38748	0	3606	0	0	0	8184	0	1428	0	0	0	1002	0	2670	0	1040	0	1490	0	168	0	0	0	0	0	0	0	0	0	0	0	
193908	Temporal_Inf_R	100	1034	0	0	0	0	0	0	0	0	0	0	0	0	0	0	0	170	0	0	0	0	0	0	0	0	0	0	0	1978	0	0	0	122	304	2174	0	5524	0	1802	0	0	0	3050	114	1354	0	570	0	772	0	2474	0	9496	0	15714	0	1118	0	0	0	880	0	926	0	922	0	4898	0	634	0	148	0	482	0	0	0	188	0	402	0	3178	0	2176	0	17484	0	1642	0	0	0	8222	0	684	0	402	0	1132	0	3746	0	88	0	656	0	194	0	0	0	0	0	0	0	0	0	0	
672240	Cerebelum_Crus1_L	84	0	0	0	0	0	0	0	0	0	0	0	0	0	0	0	0	0	0	0	0	0	0	0	0	0	0	0	0	0	0	0	0	0	420	298	688	100	658	0	0	0	450	0	0	0	13576	3350	86	0	748	0	2724	290	31576	1284	0	0	0	0	0	0	0	0	0	0	172	0	0	0	0	0	0	0	0	0	0	0	158	0	272	0	0	0	86	0	0	0	8184	0	0	6824	43666	3928	2428	1660	32776	1328	69364	9168	17886	212	27690	846	6654	1948	1064	82	1622	3928	6612	10080	11018	5416	4470	246	
503024	Cerebelum_Crus1_R	0	0	0	0	0	0	0	0	0	0	0	0	0	0	0	0	0	0	0	0	0	0	0	0	0	0	0	0	0	108	0	0	0	0	0	0	0	1248	0	948	0	0	96	0	0	0	1892	4838	0	0	162	0	304	424	454	24662	0	0	0	0	0	0	0	0	0	0	0	0	0	0	0	0	0	0	0	0	0	0	0	0	0	0	0	0	0	0	0	0	0	8222	6824	0	5338	31416	188	3920	2394	18426	4432	58776	642	7004	1154	24580	366	6728	0	356	382	2550	5058	5948	13462	4464	3746	0	
484588	Cerebelum_Crus2_L	0	0	0	0	0	0	0	0	0	0	0	0	0	0	0	0	0	0	0	0	0	0	0	0	0	0	0	0	0	0	0	0	0	0	0	0	122	0	218	0	0	0	0	0	0	0	2882	1654	0	0	220	0	546	138	5592	532	0	0	0	0	0	0	0	0	0	0	0	0	0	0	0	0	0	0	0	0	0	0	0	0	0	0	0	0	0	0	0	0	1428	0	43666	5338	0	16844	676	252	6830	378	15190	3984	45044	6244	42084	3448	5460	1028	72	0	396	1120	2408	4206	16232	6106	1956	0	
336408	Cerebelum_Crus2_R	0	0	0	0	0	0	0	0	0	0	0	0	0	0	0	0	0	0	0	0	0	0	0	0	0	0	0	0	0	0	0	0	0	0	0	0	0	0	0	0	0	0	0	0	0	0	530	304	0	0	0	0	96	0	0	426	0	0	0	0	0	0	0	0	0	0	0	0	0	0	0	0	0	0	0	0	0	0	0	0	0	0	0	0	0	0	0	0	0	684	3928	31416	16844	0	0	224	278	302	1036	3748	7414	24974	5244	36306	464	6334	0	514	0	106	134	1088	16374	7242	2194	0	
63128	Cerebelum_3_L	0	0	0	0	0	0	0	0	0	0	0	0	0	0	0	0	0	0	0	0	0	0	0	0	0	0	0	0	0	0	0	0	0	0	0	0	0	0	0	0	0	0	0	0	0	0	670	520	0	0	0	0	0	0	372	346	0	0	0	0	0	0	0	0	0	0	0	0	0	0	0	0	0	0	0	0	0	0	0	0	0	0	0	0	0	0	0	0	0	0	2428	188	676	0	0	230	8452	796	4058	792	524	0	816	0	712	114	90	0	1588	4552	2536	316	236	266	286	0	
112608	Cerebelum_3_R	0	0	0	0	0	0	0	0	0	0	0	0	0	0	0	0	0	0	0	0	0	0	0	0	0	0	0	0	0	0	0	0	0	0	0	0	0	106	0	150	0	0	0	0	0	0	416	396	0	0	0	0	0	0	252	712	0	0	0	0	0	0	0	0	0	0	0	0	0	0	0	0	0	0	0	0	0	0	0	0	0	0	0	0	0	0	0	0	0	402	1660	3920	252	224	230	0	1558	6770	2328	7236	120	0	852	630	696	2812	0	132	2988	7174	2680	3406	1500	3700	2802	200	
438428	Cerebelum_4_5_L	0	0	0	0	0	0	0	0	0	0	0	0	0	0	0	0	0	0	0	0	0	0	0	0	0	0	0	0	0	0	0	0	0	0	0	0	474	0	796	0	150	0	124	86	0	0	16840	3610	0	0	334	0	622	166	17760	1226	0	0	0	0	0	0	0	0	0	0	82	0	0	0	0	0	0	0	0	0	0	0	0	0	0	0	0	0	0	0	0	0	1002	0	32776	2394	6830	278	8452	1558	0	4564	45284	7604	5004	0	6968	124	4684	1684	422	0	3050	7426	17230	5954	3474	4832	4388	962	
244672	Cerebelum_4_5_R	0	0	0	0	0	0	0	0	0	0	0	0	0	0	0	0	0	0	0	0	0	0	0	0	0	0	0	0	0	88	0	0	0	0	0	0	0	1694	0	2512	0	0	92	266	0	0	1940	10080	0	102	0	104	0	346	362	14712	0	0	0	0	0	0	0	0	0	0	0	268	0	0	0	0	0	94	0	0	0	112	0	0	0	0	0	0	0	0	0	0	0	1132	1328	18426	378	302	796	6770	4564	0	3226	31186	248	0	432	764	276	794	0	0	110	3260	11896	1704	628	726	618	0	
634040	Cerebelum_6_L	0	0	0	0	0	0	0	0	0	0	0	0	0	0	0	0	0	0	0	0	0	0	0	0	0	0	0	0	0	0	0	0	0	0	0	0	662	0	678	0	0	0	486	118	0	0	25500	6458	246	94	2772	70	4756	266	38030	1408	0	0	0	0	0	0	0	0	0	0	0	0	0	0	0	0	0	0	0	0	0	0	128	0	248	0	0	0	0	0	0	0	2670	0	69364	4432	15190	1036	4058	2328	45284	3226	0	11278	8002	0	12836	172	5668	1348	1070	0	1980	4836	10740	14740	6040	4780	3798	224	
542444	Cerebelum_6_R	0	0	0	0	0	0	0	0	0	0	0	0	0	0	0	0	0	0	0	0	0	0	0	0	0	0	0	0	0	110	0	0	0	0	0	0	0	1574	0	1562	0	0	188	158	0	0	4132	13966	0	96	530	116	964	1116	2050	31444	0	0	0	0	0	0	0	0	0	0	0	0	0	0	0	0	0	0	0	0	0	0	0	0	0	0	0	0	0	0	0	0	0	3746	9168	58776	3984	3748	792	7236	7604	31186	11278	0	1264	376	2454	4500	812	4040	0	276	1510	6620	13750	14390	12118	7916	5564	108	
336724	Cerebelum_7b_L	0	0	0	0	0	0	0	0	0	0	0	0	0	0	0	0	0	0	0	0	0	0	0	0	0	0	0	0	0	0	0	0	0	0	0	0	86	0	0	0	0	0	0	0	0	0	212	220	0	0	0	0	0	0	2570	0	0	0	0	0	0	0	0	0	0	0	0	0	0	0	0	0	0	0	0	0	0	0	0	0	0	0	0	0	0	0	0	0	1040	0	17886	642	45044	7414	524	120	5004	248	8002	1264	0	5906	42858	6754	3390	294	134	0	316	740	1996	840	6256	8258	344	0	
172028	Cerebelum_7b_R	0	0	0	0	0	0	0	0	0	0	0	0	0	0	0	0	0	0	0	0	0	0	0	0	0	0	0	0	0	0	0	0	0	0	0	0	0	0	0	0	0	0	0	0	0	0	0	0	0	0	0	0	0	0	0	0	0	0	0	0	0	0	0	0	0	0	0	0	0	0	0	0	0	0	0	0	0	0	0	0	0	0	0	0	0	0	0	0	0	88	212	7004	6244	24974	0	0	0	0	0	376	5906	0	4284	25164	0	1670	0	84	0	0	0	70	4200	5590	148	0	
440568	Cerebelum_8_L	0	0	0	0	0	0	0	0	0	0	0	0	0	0	0	0	0	0	0	0	0	0	0	0	0	0	0	0	0	0	0	0	0	0	0	0	90	0	0	0	0	0	0	0	0	0	236	298	0	0	0	0	0	0	4006	102	0	0	0	0	0	0	0	0	0	0	0	0	0	0	0	0	0	0	0	0	0	0	0	0	0	0	0	0	0	0	0	0	1490	0	27690	1154	42084	5244	816	852	6968	432	12836	2454	42858	4284	0	8986	20678	3598	1554	104	1066	2054	2866	1752	6000	13638	4094	0	
315352	Cerebelum_8_R	0	0	0	0	0	0	0	0	0	0	0	0	0	0	0	0	0	0	0	0	0	0	0	0	0	0	0	0	0	0	0	0	0	0	0	0	0	0	0	0	0	0	0	0	0	0	0	94	0	0	0	0	0	0	0	660	0	0	0	0	0	0	0	0	0	0	0	0	0	0	0	0	0	0	0	0	0	0	0	0	0	0	0	0	0	0	0	0	0	656	846	24580	3448	36306	0	630	124	764	172	4500	6754	25164	8986	0	954	20592	0	1006	0	152	156	316	6406	11574	2752	84	
143780	Cerebelum_9_L	0	0	0	0	0	0	0	0	0	0	0	0	0	0	0	0	0	0	0	0	0	0	0	0	0	0	0	0	0	0	0	0	0	0	0	0	0	0	0	0	0	0	0	0	0	0	358	288	0	0	0	0	0	0	878	0	0	0	0	0	0	0	0	0	0	0	0	0	0	0	0	0	0	0	0	0	0	0	0	0	0	0	0	0	0	0	0	0	168	0	6654	366	5460	464	712	696	4684	276	5668	812	3390	0	20678	954	0	2498	2684	0	1020	1538	2282	1402	1102	2826	3554	478	
194060	Cerebelum_9_R	0	0	0	0	0	0	0	0	0	0	0	0	0	0	0	0	0	0	0	0	0	0	0	0	0	0	0	0	0	0	0	0	0	0	0	0	0	0	0	0	0	0	0	0	0	0	182	186	0	0	0	0	0	0	0	442	0	0	0	0	0	0	0	0	0	0	0	0	0	0	0	0	0	0	0	0	0	0	0	0	0	0	0	0	0	0	0	0	0	194	1948	6728	1028	6334	114	2812	1684	794	1348	4040	294	1670	3598	20592	2498	0	0	2020	3036	3408	2446	3536	6034	9596	9178	1290	
15224	Cerebelum_10_L	0	0	0	0	0	0	0	0	0	0	0	0	0	0	0	0	0	0	0	0	0	0	0	0	0	0	0	0	0	0	0	0	0	0	0	0	0	0	0	0	0	0	0	0	0	0	0	0	0	0	0	0	0	0	0	0	0	0	0	0	0	0	0	0	0	0	0	0	0	0	0	0	0	0	0	0	0	0	0	0	0	0	0	0	0	0	0	0	0	0	1064	0	72	0	90	0	422	0	1070	0	134	0	1554	0	2684	0	0	0	88	130	86	0	0	84	134	0	
10976	Cerebelum_10_R	0	0	0	0	0	0	0	0	0	0	0	0	0	0	0	0	0	0	0	0	0	0	0	0	0	0	0	0	0	0	0	0	0	0	0	0	0	0	0	0	0	0	0	0	0	0	0	0	0	0	0	0	0	0	0	0	0	0	0	0	0	0	0	0	0	0	0	0	0	0	0	0	0	0	0	0	0	0	0	0	0	0	0	0	0	0	0	0	0	0	82	356	0	514	0	132	0	0	0	276	0	84	104	1006	0	2020	0	0	110	112	0	0	216	238	238	0	
91444	Vermis_1_2	0	0	0	0	0	0	0	0	0	0	0	0	0	0	0	0	0	0	0	0	0	0	0	0	0	0	0	0	0	0	0	0	0	0	0	0	0	0	0	0	0	0	0	0	0	0	224	144	0	0	0	0	0	0	106	88	0	0	0	0	0	0	0	0	0	0	0	0	0	0	0	0	0	0	0	0	0	0	0	0	0	0	0	0	0	0	0	0	0	0	1622	382	396	0	1588	2988	3050	110	1980	1510	316	0	1066	0	1020	3036	88	110	0	9938	3718	2560	2014	3730	3614	324	
179532	Vermis_3	0	0	0	0	0	0	0	0	0	0	0	0	0	0	0	0	0	0	0	0	0	0	0	0	0	0	0	0	0	0	0	0	0	0	0	0	0	0	0	0	0	0	0	0	0	0	756	406	0	0	0	0	0	0	472	274	0	0	0	0	0	0	0	0	0	0	0	0	0	0	0	0	0	0	0	0	0	0	0	0	0	0	0	0	0	0	0	0	0	0	3928	2550	1120	106	4552	7174	7426	3260	4836	6620	740	0	2054	152	1538	3408	130	112	9938	0	7854	4146	3914	6664	5300	336	
278536	Vermis_4_5	0	0	0	0	0	0	0	0	0	0	0	0	0	0	0	0	0	0	0	0	0	0	0	0	0	0	0	0	0	80	0	0	0	0	228	824	242	816	124	192	0	0	370	218	0	0	4828	7120	0	126	0	94	98	210	1228	3434	0	0	0	0	0	0	0	0	0	0	206	970	0	0	0	0	0	0	0	0	0	0	0	0	0	0	0	0	0	0	0	0	0	0	6612	5058	2408	134	2536	2680	17230	11896	10740	13750	1996	0	2866	156	2282	2446	86	0	3718	7854	0	7394	3318	5660	5136	1904	
