data	data	579984	342352	1.01364e+06	801036	125196	75156	757128	360264	97056	24148	361756	143400	399056	186240	232976	94264	249624	107128	782608	722376	55824	63368	444720	456556	33524	64788	40708	36124	615596	311788	359220	621308	121852	508996	63808	84028	202548	170652	59700	113796	31956	39000	126652	264100	109308	335760	244052	233772	176088	362284	449760	220400	148120	79716	351736	280744	289780	157504	162392	47344	267056	112532	104916	127452	166264	67384	250276	365360	265068	229260	221828	463268	393924	311912	55252	10532	121276	134044	62056	23112	285440	76164	136536	48704	296916	148616	20012	17340	261620	164284	352292	291092	235784	230516	7512	36816	258544	164944	371976	336208	134972	81108	163336	161624	38164	59524	11380	10940	7764	26732	135984	172332	219368	98888	55040	20768	
data	data	Precentral_L	Precentral_R	Frontal_Sup_L	Frontal_Sup_R	Frontal_Sup_Orb_L	Frontal_Sup_Orb_R	Frontal_Mid_L	Frontal_Mid_R	Frontal_Mid_Orb_L	Frontal_Mid_Orb_R	Frontal_Inf_Oper_L	Frontal_Inf_Oper_R	Frontal_Inf_Tri_L	Frontal_Inf_Tri_R	Frontal_Inf_Orb_L	Frontal_Inf_Orb_R	Rolandic_Oper_L	Rolandic_Oper_R	Supp_Motor_Area_L	Supp_Motor_Area_R	Olfactory_L	Olfactory_R	Frontal_Sup_Medial_L	Frontal_Sup_Medial_R	Frontal_Med_Orb_L	Frontal_Med_Orb_R	Rectus_L	Rectus_R	Insula_L	Insula_R	Cingulum_Ant_L	Cingulum_Ant_R	Cingulum_Mid_L	Cingulum_Mid_R	Cingulum_Post_L	Cingulum_Post_R	Hippocampus_L	Hippocampus_R	ParaHippocampal_L	ParaHippocampal_R	Amygdala_L	Amygdala_R	Calcarine_L	Calcarine_R	Cuneus_L	Cuneus_R	Lingual_L	Lingual_R	Occipital_Sup_L	Occipital_Sup_R	Occipital_Mid_L	Occipital_Mid_R	Occipital_Inf_L	Occipital_Inf_R	Fusiform_L	Fusiform_R	Postcentral_L	Postcentral_R	Parietal_Sup_L	Parietal_Sup_R	Parietal_Inf_L	Parietal_Inf_R	SupraMarginal_L	SupraMarginal_R	Angular_L	Angular_R	Precuneus_L	Precuneus_R	Paracentral_Lobule_L	Paracentral_Lobule_R	Caudate_L	Caudate_R	Putamen_L	Putamen_R	Pallidum_L	Pallidum_R	Thalamus_L	Thalamus_R	Heschl_L	Heschl_R	Temporal_Sup_L	Temporal_Sup_R	Temporal_Pole_Sup_L	Temporal_Pole_Sup_R	Temporal_Mid_L	Temporal_Mid_R	Temporal_Pole_Mid_L	Temporal_Pole_Mid_R	Temporal_Inf_L	Temporal_Inf_R	Cerebelum_Crus1_L	Cerebelum_Crus1_R	Cerebelum_Crus2_L	Cerebelum_Crus2_R	Cerebelum_3_L	Cerebelum_3_R	Cerebelum_4_5_L	Cerebelum_4_5_R	Cerebelum_6_L	Cerebelum_6_R	Cerebelum_7b_L	Cerebelum_7b_R	Cerebelum_8_L	Cerebelum_8_R	Cerebelum_9_L	Cerebelum_9_R	Cerebelum_10_L	Cerebelum_10_R	Vermis_1_2	Vermis_3	Vermis_4_5	Vermis_6	Vermis_7	Vermis_8	Vermis_9	Vermis_10	
579984	Precentral_L	0	1072	11476	776	0	0	30722	130	0	0	18102	0	4198	0	0	0	10378	0	11794	12204	0	0	0	0	0	0	0	0	16864	112	0	188	1062	7926	1578	648	10896	566	432	0	0	0	0	0	198	0	0	0	768	0	3528	0	114	0	1160	0	32834	244	1194	0	11820	0	2858	0	4184	0	916	0	33616	4678	2004	318	9066	0	2998	0	22526	160	5078	0	5412	0	988	0	1276	0	0	0	930	0	0	0	0	0	0	0	0	0	0	0	0	0	0	0	0	0	0	0	0	0	0	0	0	0	0	0	
342352	Precentral_R	1072	0	220	25640	0	0	712	14112	0	0	0	6666	184	1692	160	446	0	10890	1472	6564	0	0	0	398	0	0	0	0	296	9450	198	2036	266	3582	184	870	142	6300	0	790	0	0	0	1520	0	1540	0	0	0	1384	0	808	0	120	0	322	0	12860	0	316	0	3852	0	4840	0	0	292	2198	360	4200	1138	11586	584	7820	0	470	0	17544	0	472	0	1882	0	370	0	186	0	0	0	170	0	0	0	0	0	0	0	0	0	0	0	0	0	0	0	0	0	0	0	0	0	0	0	0	0	0	
1.01364e+06	Frontal_Sup_L	11476	220	0	5386	8864	0	102448	946	5924	0	25322	0	28490	0	10562	0	11830	0	89358	12210	0	0	51152	11474	574	0	406	0	36350	0	22612	7846	2206	4094	0	0	3240	0	0	0	0	0	0	0	0	0	0	0	0	0	0	0	0	0	1454	0	1312	0	0	0	530	0	122	0	296	0	0	0	1838	0	5816	554	23640	0	5004	0	1842	0	842	0	4692	0	4762	0	118	0	0	0	1010	0	0	0	0	0	0	0	0	0	0	0	0	0	0	0	0	0	0	0	0	0	0	0	0	0	0	0	
801036	Frontal_Sup_R	776	25640	5386	0	0	4796	1754	50296	0	860	0	2418	488	10442	414	3986	0	1330	8310	53090	0	0	14316	46380	0	1662	0	0	104	12912	9222	52282	1862	16826	0	0	0	1892	0	208	0	0	0	0	0	0	0	0	0	0	0	0	0	0	0	0	0	818	0	0	0	1630	0	2022	0	0	0	0	796	0	3146	35120	1152	13646	0	530	364	13202	0	0	0	282	0	158	0	0	0	0	0	0	0	0	0	0	0	0	0	0	0	0	0	0	0	0	0	0	0	0	0	0	0	0	0	0	0	0	
125196	Frontal_Sup_Orb_L	0	0	8864	0	0	0	1824	0	13330	0	0	0	1124	0	9434	0	0	0	0	0	902	0	2334	0	3876	158	5874	0	3456	0	4118	0	0	0	0	0	0	0	0	0	0	0	0	0	0	0	0	0	0	0	0	0	0	0	0	0	0	0	0	0	0	0	0	0	0	0	0	0	0	0	882	0	6422	0	0	0	0	0	0	0	0	0	0	0	0	0	0	0	0	0	0	0	0	0	0	0	0	0	0	0	0	0	0	0	0	0	0	0	0	0	0	0	0	0	0	0	
75156	Frontal_Sup_Orb_R	0	0	0	4796	0	0	0	582	0	4462	0	0	0	188	0	2698	0	0	0	0	146	388	0	3390	0	5004	0	4272	0	496	360	3216	0	0	0	0	0	0	0	0	0	0	0	0	0	0	0	0	0	0	0	0	0	0	0	0	0	0	0	0	0	0	0	0	0	0	0	0	0	0	162	3316	142	3960	0	0	0	0	0	0	0	0	0	0	0	0	0	0	0	0	0	0	0	0	0	0	0	0	0	0	0	0	0	0	0	0	0	0	0	0	0	0	0	0	0	0	
757128	Frontal_Mid_L	30722	712	102448	1754	1824	0	0	530	4020	0	22082	0	53844	0	10260	0	7884	0	28924	3240	0	0	23182	3626	0	0	0	0	27204	0	5980	2196	444	1862	0	0	5076	0	0	0	0	0	0	0	0	0	0	0	0	0	346	0	0	0	646	0	6732	0	0	0	4424	0	1386	0	904	0	0	0	194	0	1224	376	11846	0	1880	0	1546	0	1992	0	3450	0	2648	0	446	0	0	0	710	0	0	0	0	0	0	0	0	0	0	0	0	0	0	0	0	0	0	0	0	0	0	0	0	0	0	0	
360264	Frontal_Mid_R	130	14112	946	50296	0	582	530	0	0	1236	0	9768	138	21858	118	3188	0	1564	1536	6440	0	0	2880	10240	0	0	0	0	0	9108	980	13210	524	5608	0	0	0	718	0	182	0	0	0	0	0	0	0	0	0	0	0	0	0	0	0	126	0	408	0	0	0	834	0	1070	0	0	0	0	0	0	1004	8850	426	9434	0	1464	0	356	0	0	0	268	0	0	0	0	0	0	0	0	0	0	0	0	0	0	0	0	0	0	0	0	0	0	0	0	0	0	0	0	0	0	0	0	0	0	
97056	Frontal_Mid_Orb_L	0	0	5924	0	13330	0	4020	0	0	0	0	0	2236	0	11966	0	0	0	240	108	0	0	0	0	996	0	3116	0	2324	0	306	0	0	0	0	0	0	0	0	0	0	0	0	0	0	0	0	0	0	0	0	0	0	0	0	0	0	0	0	0	0	0	0	0	0	0	0	0	0	0	276	0	3686	0	0	0	0	0	0	0	0	0	0	0	0	0	0	0	0	0	0	0	0	0	0	0	0	0	0	0	0	0	0	0	0	0	0	0	0	0	0	0	0	0	0	0	
24148	Frontal_Mid_Orb_R	0	0	0	860	0	4462	0	1236	0	0	0	0	0	642	0	3956	0	0	0	0	0	0	0	0	0	218	0	216	0	186	0	0	0	0	0	0	0	0	0	0	0	0	0	0	0	0	0	0	0	0	0	0	0	0	0	0	0	0	0	0	0	0	0	0	0	0	0	0	0	0	0	126	0	172	0	0	0	0	0	0	0	0	0	0	0	0	0	0	0	0	0	0	0	0	0	0	0	0	0	0	0	0	0	0	0	0	0	0	0	0	0	0	0	0	0	0	
361756	Frontal_Inf_Oper_L	18102	0	25322	0	0	0	22082	0	0	0	0	0	14786	0	234	0	17768	0	21434	0	0	0	0	0	0	0	0	0	29740	0	0	0	0	0	0	0	452	0	0	0	0	0	0	0	0	0	0	0	0	0	160	0	0	0	362	0	5022	0	0	0	3394	0	1772	0	2150	0	0	0	0	0	0	0	1110	0	0	0	0	0	974	0	8102	0	7634	0	0	0	0	0	278	0	0	0	0	0	0	0	0	0	0	0	0	0	0	0	0	0	0	0	0	0	0	0	0	0	0	0	
143400	Frontal_Inf_Oper_R	0	6666	0	2418	0	0	0	9768	0	0	0	0	0	11226	0	626	0	4774	1688	2064	0	0	0	212	0	0	0	0	0	15686	0	526	0	204	0	0	0	0	0	0	0	0	0	0	0	0	0	0	0	0	0	0	0	0	0	0	0	2358	0	0	0	0	0	152	0	0	0	0	0	0	176	6568	122	4788	0	0	0	236	0	148	0	0	0	1294	0	0	0	0	0	0	0	0	0	0	0	0	0	0	0	0	0	0	0	0	0	0	0	0	0	0	0	0	0	0	0	0	
399056	Frontal_Inf_Tri_L	4198	184	28490	488	1124	0	53844	138	2236	0	14786	0	0	0	20470	0	1596	0	15876	2590	0	0	1420	0	0	0	0	0	30644	0	3660	1056	158	194	0	0	0	0	0	0	0	0	0	0	0	0	0	0	0	0	0	0	0	0	0	0	1614	0	0	0	1476	0	1118	0	284	0	0	0	0	0	4090	1404	3548	282	0	0	0	0	188	0	1116	0	1256	0	0	0	0	0	0	0	0	0	0	0	0	0	0	0	0	0	0	0	0	0	0	0	0	0	0	0	0	0	0	0	0	0	
186240	Frontal_Inf_Tri_R	0	1692	0	10442	0	188	0	21858	0	642	0	11226	0	0	0	8620	0	262	146	2322	0	0	164	2912	0	0	0	0	0	19956	156	3108	0	1236	0	0	0	0	0	0	0	0	0	0	0	0	0	0	0	0	0	0	0	0	0	0	0	0	0	0	0	0	0	0	0	0	0	0	0	0	104	3094	0	4692	0	0	0	300	0	0	0	0	0	0	0	0	0	0	0	0	0	0	0	0	0	0	0	0	0	0	0	0	0	0	0	0	0	0	0	0	0	0	0	0	0	0	
232976	Frontal_Inf_Orb_L	0	160	10562	414	9434	0	10260	118	11966	0	234	0	20470	0	0	0	0	0	5050	1976	1486	0	276	0	0	0	850	0	20032	0	1818	814	0	0	0	0	530	0	154	0	654	0	0	0	0	0	0	0	0	0	0	0	0	0	0	0	0	0	0	0	0	0	0	0	0	0	0	0	0	0	3754	1270	13410	258	0	0	0	0	0	0	0	0	538	0	0	0	0	0	0	0	0	0	0	0	0	0	0	0	0	0	0	0	0	0	0	0	0	0	0	0	0	0	0	0	0	0	
94264	Frontal_Inf_Orb_R	0	446	0	3986	0	2698	0	3188	0	3956	0	626	0	8620	0	0	0	252	0	1242	0	434	0	518	0	0	0	158	0	10200	0	1076	0	288	0	0	0	0	0	0	0	0	0	0	0	0	0	0	0	0	0	0	0	0	0	0	0	0	0	0	0	0	0	0	0	0	0	0	0	0	0	3044	0	6278	0	0	0	0	0	0	0	0	0	122	0	0	0	0	0	0	0	0	0	0	0	0	0	0	0	0	0	0	0	0	0	0	0	0	0	0	0	0	0	0	0	0	
249624	Rolandic_Oper_L	10378	0	11830	0	0	0	7884	0	0	0	17768	0	1596	0	0	0	0	0	9448	0	0	0	0	0	0	0	0	0	16070	0	0	0	0	0	0	0	496	0	130	0	0	0	0	0	0	0	0	0	0	0	2908	0	162	0	712	0	7246	0	1096	0	1822	0	2726	0	1426	0	0	0	0	0	0	0	1056	0	0	0	0	0	2748	0	15626	0	6546	0	3284	0	0	0	1854	0	0	0	0	0	0	0	0	0	0	0	0	0	0	0	0	0	0	0	0	0	0	0	0	0	0	0	
107128	Rolandic_Oper_R	0	10890	0	1330	0	0	0	1564	0	0	0	4774	0	262	0	252	0	0	350	228	0	0	0	0	0	0	0	0	0	9972	0	598	0	0	0	0	0	352	0	132	0	0	0	0	0	0	0	0	0	0	0	0	0	0	0	156	0	3586	0	0	0	882	0	4352	0	0	0	0	0	0	0	2302	0	2938	0	0	0	0	0	2034	0	5070	0	1540	0	0	0	0	0	0	0	0	0	0	0	0	0	0	0	0	0	0	0	0	0	0	0	0	0	0	0	0	0	0	0	0	
782608	Supp_Motor_Area_L	11794	1472	89358	8310	0	0	28924	1536	240	0	21434	1688	15876	146	5050	0	9448	350	0	40244	0	0	11422	2656	0	0	0	0	31060	1772	9220	6614	8628	15330	342	0	2248	0	0	0	0	0	0	0	0	0	0	0	0	0	0	0	0	0	1684	0	666	0	0	0	362	0	114	0	198	0	0	0	10242	270	10488	3616	20128	182	5158	0	3188	0	126	0	3966	0	4474	240	0	0	0	0	1040	0	0	0	0	0	0	0	0	0	0	0	0	0	0	0	0	0	0	0	0	0	0	0	0	0	0	0	
722376	Supp_Motor_Area_R	12204	6564	12210	53090	0	0	3240	6440	108	0	0	2064	2590	2322	1976	1242	0	228	40244	0	0	0	2256	10172	0	0	0	0	1228	4474	6694	20890	6116	51834	446	1590	122	1430	0	0	0	0	0	1978	0	1060	0	266	0	996	0	1416	0	578	0	842	0	1362	0	0	0	564	0	824	0	0	240	3130	18382	23456	9666	23672	2006	2292	372	192	2692	9784	0	248	0	410	0	198	0	1486	0	0	0	1302	0	0	0	0	0	0	0	0	0	0	0	0	0	0	0	0	0	0	0	0	0	0	0	0	0	0	
55824	Olfactory_L	0	0	0	0	902	146	0	0	0	0	0	0	0	0	1486	0	0	0	0	0	0	4254	0	0	420	162	960	760	1640	0	1836	1760	0	0	0	0	246	0	208	0	402	0	0	0	0	0	0	0	0	0	0	0	0	0	0	0	0	0	0	0	0	0	0	0	0	0	0	0	0	0	5410	1578	4654	740	158	0	0	0	0	0	0	0	190	0	0	0	0	0	0	0	0	0	0	0	0	0	0	0	0	0	0	0	0	0	0	0	0	0	0	0	0	0	0	0	0	0	
63368	Olfactory_R	0	0	0	0	0	388	0	0	0	0	0	0	0	0	0	434	0	0	0	0	4254	0	0	0	0	348	476	1584	0	1508	1708	2656	0	0	0	0	0	0	0	0	0	330	0	0	0	0	0	0	0	0	0	0	0	0	0	0	0	0	0	0	0	0	0	0	0	0	0	0	0	0	6740	4148	4860	1864	386	0	0	0	0	0	0	0	0	0	0	0	0	0	0	0	0	0	0	0	0	0	0	0	0	0	0	0	0	0	0	0	0	0	0	0	0	0	0	0	0	0	
444720	Frontal_Sup_Medial_L	0	0	51152	14316	2334	0	23182	2880	0	0	0	0	1420	164	276	0	0	0	11422	2256	0	0	0	36590	1766	1134	282	0	772	186	31154	22258	4250	12440	0	0	0	0	0	0	0	0	0	0	0	0	0	0	0	0	0	0	0	0	0	0	0	0	0	0	0	0	0	0	0	0	0	0	0	0	1004	250	872	0	0	0	0	0	0	0	0	0	0	0	0	0	0	0	0	0	0	0	0	0	0	0	0	0	0	0	0	0	0	0	0	0	0	0	0	0	0	0	0	0	0	0	
456556	Frontal_Sup_Medial_R	0	398	11474	46380	0	3390	3626	10240	0	0	0	212	0	2912	0	518	0	0	2656	10172	0	0	36590	0	278	4600	0	0	0	3322	11860	42238	1046	18974	0	0	0	0	0	0	0	0	0	0	0	0	0	0	0	0	0	0	0	0	0	0	0	0	0	0	0	0	0	0	0	0	0	0	0	0	380	10556	282	5170	0	0	0	1004	0	0	0	0	0	0	0	0	0	0	0	0	0	0	0	0	0	0	0	0	0	0	0	0	0	0	0	0	0	0	0	0	0	0	0	0	0	0	
33524	Frontal_Med_Orb_L	0	0	574	0	3876	0	0	0	996	0	0	0	0	0	0	0	0	0	0	0	420	0	1766	278	0	1180	2382	0	0	0	3704	340	0	0	0	0	0	0	0	0	0	0	0	0	0	0	0	0	0	0	0	0	0	0	0	0	0	0	0	0	0	0	0	0	0	0	0	0	0	0	694	0	552	0	0	0	0	0	0	0	0	0	0	0	0	0	0	0	0	0	0	0	0	0	0	0	0	0	0	0	0	0	0	0	0	0	0	0	0	0	0	0	0	0	0	0	
64788	Frontal_Med_Orb_R	0	0	0	1662	158	5004	0	0	0	218	0	0	0	0	0	0	0	0	0	0	162	348	1134	4600	1180	0	0	3792	0	0	2310	5430	0	0	0	0	0	0	0	0	0	0	0	0	0	0	0	0	0	0	0	0	0	0	0	0	0	0	0	0	0	0	0	0	0	0	0	0	0	0	176	3322	162	2736	0	0	0	0	0	0	0	0	0	0	0	0	0	0	0	0	0	0	0	0	0	0	0	0	0	0	0	0	0	0	0	0	0	0	0	0	0	0	0	0	0	0	
40708	Rectus_L	0	0	406	0	5874	0	0	0	3116	0	0	0	0	0	850	0	0	0	0	0	960	476	282	0	2382	0	0	0	356	0	2246	450	0	0	0	0	0	0	0	0	0	0	0	0	0	0	0	0	0	0	0	0	0	0	0	0	0	0	0	0	0	0	0	0	0	0	0	0	0	0	1606	0	1350	0	0	0	0	0	0	0	0	0	0	0	0	0	0	0	0	0	0	0	0	0	0	0	0	0	0	0	0	0	0	0	0	0	0	0	0	0	0	0	0	0	0	0	
36124	Rectus_R	0	0	0	0	0	4272	0	0	0	216	0	0	0	0	0	158	0	0	0	0	760	1584	0	0	0	3792	0	0	0	328	394	1340	0	0	0	0	0	0	0	0	0	0	0	0	0	0	0	0	0	0	0	0	0	0	0	0	0	0	0	0	0	0	0	0	0	0	0	0	0	0	940	1388	824	2066	0	0	0	0	0	0	0	0	0	0	0	0	0	0	0	0	0	0	0	0	0	0	0	0	0	0	0	0	0	0	0	0	0	0	0	0	0	0	0	0	0	0	
615596	Insula_L	16864	296	36350	104	3456	0	27204	0	2324	0	29740	0	30644	0	20032	0	16070	0	31060	1228	1640	0	772	0	0	0	356	0	0	0	2632	220	0	0	0	0	11872	0	736	0	1704	0	0	0	0	0	0	0	0	0	0	0	0	0	7164	0	5362	0	0	0	1190	0	1048	0	638	0	0	0	0	0	944	0	22584	0	112	0	0	0	7742	0	9560	0	9138	0	694	0	0	0	6318	0	0	0	0	0	0	0	0	0	0	0	0	0	0	0	0	0	0	0	0	0	0	0	0	0	0	0	
311788	Insula_R	112	9450	0	12912	0	496	0	9108	0	186	0	15686	0	19956	0	10200	0	9972	1772	4474	0	1508	186	3322	0	0	0	328	0	0	178	4552	0	1410	0	0	0	2038	0	802	0	578	0	0	0	0	0	0	0	0	0	0	0	0	0	1324	0	802	0	0	0	436	0	1098	0	0	0	0	0	0	268	11380	190	22602	0	128	0	834	0	1226	0	2470	0	2016	0	1128	0	0	0	766	0	0	0	0	0	0	0	0	0	0	0	0	0	0	0	0	0	0	0	0	0	0	0	0	0	0	
359220	Cingulum_Ant_L	0	198	22612	9222	4118	360	5980	980	306	0	0	0	3660	156	1818	0	0	0	9220	6694	1836	1708	31154	11860	3704	2310	2246	394	2632	178	0	27392	6412	7976	0	0	0	0	0	0	0	0	0	0	0	0	0	0	0	0	0	0	0	0	0	0	0	0	0	0	0	0	0	0	0	0	0	0	0	0	6604	2918	3718	1244	0	0	0	0	0	0	0	0	0	0	0	0	0	0	0	0	0	0	0	0	0	0	0	0	0	0	0	0	0	0	0	0	0	0	0	0	0	0	0	0	0	0	
621308	Cingulum_Ant_R	188	2036	7846	52282	0	3216	2196	13210	0	0	0	526	1056	3108	814	1076	0	598	6614	20890	1760	2656	22258	42238	340	5430	450	1340	220	4552	27392	0	3560	25968	0	0	0	0	0	0	0	0	0	0	0	0	0	0	0	0	0	0	0	0	0	0	0	106	0	0	0	0	0	0	0	0	0	0	0	0	6506	31506	2936	14384	0	0	0	1252	0	0	0	0	0	144	0	0	0	0	0	0	0	0	0	0	0	0	0	0	0	0	0	0	0	0	0	0	0	0	0	0	0	0	0	0	0	0	
121852	Cingulum_Mid_L	1062	266	2206	1862	0	0	444	524	0	0	0	0	158	0	0	0	0	0	8628	6116	0	0	4250	1046	0	0	0	0	0	0	6412	3560	0	9138	1510	0	0	0	0	0	0	0	0	124	178	204	0	0	1058	174	1938	0	0	0	0	0	0	0	892	0	0	0	0	0	0	0	2796	436	5256	522	0	0	0	0	0	0	0	0	0	0	0	0	0	0	166	0	0	0	0	0	0	0	0	0	0	0	0	0	0	0	0	0	0	0	0	0	0	0	0	0	0	0	0	0	0	0	
508996	Cingulum_Mid_R	7926	3582	4094	16826	0	0	1862	5608	0	0	0	204	194	1236	0	288	0	0	15330	51834	0	0	12440	18974	0	0	0	0	0	1410	7976	25968	9138	0	620	3014	0	452	0	0	0	0	0	4340	0	2798	0	420	0	2764	0	2404	0	304	0	532	0	2800	0	192	0	0	0	242	0	0	870	8272	11862	22574	650	202	0	588	0	0	806	0	0	0	0	240	0	0	0	1682	0	0	0	980	0	0	0	0	0	0	0	0	0	0	0	0	0	0	0	0	0	0	0	0	0	0	0	0	0	0	
63808	Cingulum_Post_L	1578	184	0	0	0	0	0	0	0	0	0	0	0	0	0	0	0	0	342	446	0	0	0	0	0	0	0	0	0	0	0	0	1510	620	0	6564	2840	1094	2022	0	0	0	2140	0	578	0	594	666	232	0	676	0	0	0	348	0	270	0	0	0	0	0	0	0	0	0	3824	1810	2292	364	0	0	0	0	0	0	110	0	0	0	0	0	0	0	232	0	0	0	0	0	0	0	0	0	0	0	0	0	0	0	0	0	0	0	0	0	0	0	0	0	568	0	0	0	0	0	
84028	Cingulum_Post_R	648	870	0	0	0	0	0	0	0	0	0	0	0	0	0	0	0	0	0	1590	0	0	0	0	0	0	0	0	0	0	0	0	0	3014	6564	0	2488	3728	1122	792	0	0	0	896	0	262	0	3124	0	334	0	636	0	1062	0	988	0	890	0	0	0	0	0	0	0	0	162	6380	810	2718	0	0	0	0	0	0	1138	248	0	0	0	0	0	0	0	408	0	0	0	464	0	0	0	0	0	0	0	0	0	0	0	0	0	0	0	0	0	0	0	0	678	0	0	0	0	0	
202548	Hippocampus_L	10896	142	3240	0	0	0	5076	0	0	0	452	0	0	0	530	0	496	0	2248	122	246	0	0	0	0	0	0	0	11872	0	0	0	0	0	2840	2488	0	900	6284	110	4794	0	696	0	0	0	668	304	0	0	0	0	182	0	13128	0	1208	0	0	0	0	0	0	0	0	0	1068	350	1536	0	0	0	10450	0	218	0	3200	0	2650	0	1496	0	1620	0	238	0	118	0	8664	0	0	0	0	0	0	0	110	0	290	0	0	0	0	0	0	0	0	0	0	0	344	0	0	0	0	0	
170652	Hippocampus_R	566	6300	0	1892	0	0	0	718	0	0	0	0	0	0	0	0	0	352	0	1430	0	0	0	0	0	0	0	0	0	2038	0	0	0	452	1094	3728	900	0	376	17608	0	7530	0	0	0	162	0	964	0	162	0	0	0	434	0	17362	0	0	0	0	0	106	0	214	0	0	140	1348	666	898	0	0	0	8086	0	0	1130	2016	0	346	0	362	0	944	0	478	0	106	0	4296	0	0	0	0	0	0	0	122	0	0	0	0	0	0	0	0	0	0	0	0	0	0	0	0	0	0	
59700	ParaHippocampal_L	432	0	0	0	0	0	0	0	0	0	0	0	0	0	154	0	130	0	0	0	208	0	0	0	0	0	0	0	736	0	0	0	0	0	2022	1122	6284	376	0	0	1258	0	1174	0	0	0	2212	158	0	0	434	0	1296	0	4938	0	386	0	150	0	176	0	0	0	104	0	2052	146	0	0	0	0	544	0	0	0	344	0	214	0	292	0	224	0	986	0	288	0	346	0	112	0	0	0	0	0	116	0	246	0	0	0	0	0	0	0	0	0	0	0	190	0	0	0	0	0	
113796	ParaHippocampal_R	0	790	0	208	0	0	0	182	0	0	0	0	0	0	0	0	0	132	0	0	0	0	0	0	0	0	0	0	0	802	0	0	0	0	0	792	110	17608	0	0	0	5018	0	356	0	160	0	1726	0	284	0	636	0	1070	0	14890	0	0	0	0	0	0	0	0	0	0	138	1382	0	0	0	0	0	2886	0	0	244	388	0	0	0	0	0	1350	0	416	0	614	0	2816	0	180	0	128	0	270	0	858	0	464	0	0	0	0	0	0	0	0	0	0	0	0	0	0	0	0	
31956	Amygdala_L	0	0	0	0	0	0	0	0	0	0	0	0	0	0	654	0	0	0	0	0	402	0	0	0	0	0	0	0	1704	0	0	0	0	0	0	0	4794	0	1258	0	0	0	0	0	0	0	0	0	0	0	0	0	0	0	2580	0	0	0	0	0	0	0	0	0	0	0	0	0	0	0	0	0	2142	0	0	0	0	0	0	0	138	0	642	0	0	0	344	0	1320	0	0	0	0	0	0	0	0	0	0	0	0	0	0	0	0	0	0	0	0	0	0	0	0	0	0	0	
39000	Amygdala_R	0	0	0	0	0	0	0	0	0	0	0	0	0	0	0	0	0	0	0	0	0	330	0	0	0	0	0	0	0	578	0	0	0	0	0	0	0	7530	0	5018	0	0	0	0	0	0	0	0	0	0	0	0	0	0	0	3842	0	0	0	0	0	0	0	0	0	0	0	0	0	0	0	0	0	520	0	0	0	0	0	0	0	0	0	1274	0	0	0	140	0	268	0	0	0	0	0	0	0	0	0	0	0	0	0	0	0	0	0	0	0	0	0	0	0	0	0	0	
126652	Calcarine_L	0	0	0	0	0	0	0	0	0	0	0	0	0	0	0	0	0	0	0	0	0	0	0	0	0	0	0	0	0	0	0	0	0	0	2140	0	696	0	1174	0	0	0	0	3996	7338	2520	6756	778	8610	990	14188	214	2476	0	936	0	118	0	0	0	114	0	0	0	388	0	6702	194	0	0	0	0	0	0	0	0	0	0	0	0	178	0	0	0	2188	0	0	0	632	0	0	0	0	0	0	0	0	0	0	0	0	0	0	0	0	0	0	0	0	0	0	0	0	0	0	0	
264100	Calcarine_R	0	1520	0	0	0	0	0	0	0	0	0	0	0	0	0	0	0	0	0	1978	0	0	0	0	0	0	0	0	0	0	0	0	124	4340	0	896	0	0	0	356	0	0	3996	0	4128	23044	220	15440	260	23524	222	11972	0	2184	0	4558	0	1852	0	414	0	478	0	116	0	732	832	16090	240	5074	0	0	0	0	0	0	0	0	0	104	0	146	0	0	0	4988	0	0	0	1484	0	124	0	0	0	0	0	0	0	488	0	0	0	0	0	0	0	0	0	0	126	0	0	0	0	0	
109308	Cuneus_L	198	0	0	0	0	0	0	0	0	0	0	0	0	0	0	0	0	0	0	0	0	0	0	0	0	0	0	0	0	0	0	0	178	0	578	0	0	0	0	0	0	0	7338	4128	0	5530	382	378	15624	2346	8428	198	194	0	136	250	0	0	2558	0	0	0	0	0	110	0	4760	184	244	0	0	0	0	0	0	0	0	0	0	0	0	0	0	0	756	0	0	0	156	0	0	0	0	0	0	0	0	0	0	0	0	0	0	0	0	0	0	0	0	0	0	0	0	0	0	0	
335760	Cuneus_R	0	1540	0	0	0	0	0	0	0	0	0	0	0	0	0	0	0	0	0	1060	0	0	0	0	0	0	0	0	0	0	0	0	204	2798	0	262	0	162	0	160	0	0	2520	23044	5530	0	0	3468	324	41786	280	12574	0	344	0	1240	0	3634	0	3340	0	1314	0	660	0	1744	9914	36426	204	5044	0	0	0	0	0	0	0	0	0	0	0	578	0	0	0	2780	0	0	0	4946	0	0	0	0	0	0	0	0	0	0	0	0	0	0	0	0	0	0	0	0	0	0	0	0	0	0	
244052	Lingual_L	0	0	0	0	0	0	0	0	0	0	0	0	0	0	0	0	0	0	0	0	0	0	0	0	0	0	0	0	0	0	0	0	0	0	594	0	668	0	2212	0	0	0	6756	220	382	0	0	1896	1124	0	12600	0	12760	0	17400	380	0	0	0	0	0	0	0	0	0	0	2036	0	0	0	0	0	0	0	0	0	0	0	0	0	0	0	0	0	140	0	0	0	0	0	12450	1598	1252	150	0	0	13212	570	22002	2686	288	0	170	0	0	0	0	0	0	0	2634	4600	1246	0	0	0	
233772	Lingual_R	0	0	0	0	0	0	0	0	0	0	0	0	0	0	0	0	0	0	0	266	0	0	0	0	0	0	0	0	0	0	0	0	0	420	666	3124	304	964	158	1726	0	0	778	15440	378	3468	1896	0	0	9826	0	6866	0	5562	532	12004	0	0	0	0	0	0	0	0	0	0	0	5992	0	418	0	0	0	0	0	0	0	0	0	0	0	0	0	0	0	636	0	0	0	710	1892	3162	176	700	0	0	4166	4330	3598	8550	0	0	122	258	334	258	0	0	0	0	4770	8022	3494	282	334	304	
176088	Occipital_Sup_L	768	0	0	0	0	0	0	0	0	0	0	0	0	0	0	0	0	0	0	0	0	0	0	0	0	0	0	0	0	0	0	0	1058	0	232	0	0	0	0	0	0	0	8610	260	15624	324	1124	0	0	178	29326	0	980	0	192	0	1644	0	9476	0	1722	0	0	0	606	0	12984	0	1242	0	0	0	0	0	0	0	0	0	0	0	182	0	0	0	1254	0	0	0	258	0	0	0	0	0	0	0	0	0	0	0	0	0	0	0	0	0	0	0	0	0	0	0	0	0	0	0	
362284	Occipital_Sup_R	0	1384	0	0	0	0	0	0	0	0	0	0	0	0	0	0	0	0	0	996	0	0	0	0	0	0	0	0	0	0	0	0	174	2764	0	334	0	162	0	284	0	0	990	23524	2346	41786	0	9826	178	0	176	23192	0	1144	0	4260	0	3598	0	4058	0	2800	0	672	0	5318	8266	28562	0	5140	0	0	0	0	0	0	0	0	0	0	0	528	0	0	0	2670	0	0	0	5656	0	0	0	0	0	0	0	0	0	354	0	0	0	0	0	0	0	0	0	0	0	0	0	0	0	0	
449760	Occipital_Mid_L	3528	0	0	0	0	0	346	0	0	0	160	0	0	0	0	0	2908	0	0	0	0	0	0	0	0	0	0	0	0	0	0	0	1938	0	676	0	0	0	434	0	0	0	14188	222	8428	280	12600	0	29326	176	0	0	24084	0	3860	0	9472	0	17376	0	16038	0	1562	0	20658	0	15692	0	2828	0	0	0	0	0	0	0	0	0	0	0	4376	0	0	0	24500	0	0	0	8776	0	316	0	0	0	0	0	0	0	132	0	0	0	0	0	0	0	0	0	0	0	0	0	0	0	0	0	
220400	Occipital_Mid_R	0	808	0	0	0	0	0	0	0	0	0	0	0	0	0	0	0	0	0	1416	0	0	0	0	0	0	0	0	0	0	0	0	0	2404	0	636	0	0	0	636	0	0	214	11972	198	12574	0	6866	0	23192	0	0	0	4526	0	5746	0	2262	0	738	0	606	0	352	0	6484	2304	11572	0	4598	0	0	0	0	0	0	0	0	0	0	0	272	0	0	0	7418	0	0	0	2294	0	0	0	0	0	0	0	0	0	112	0	0	0	0	0	0	0	0	0	0	0	0	0	0	0	0	
148120	Occipital_Inf_L	114	0	0	0	0	0	0	0	0	0	0	0	0	0	0	0	162	0	0	0	0	0	0	0	0	0	0	0	0	0	0	0	0	0	0	0	182	0	1296	0	0	0	2476	0	194	0	12760	0	980	0	24084	0	0	0	10876	0	472	0	1026	0	1000	0	702	0	1650	0	1352	0	106	0	0	0	0	0	0	0	0	0	0	0	1362	0	0	0	5398	0	0	0	4928	0	840	0	0	0	0	0	806	0	1294	0	0	0	0	0	0	0	0	0	0	0	0	0	0	0	0	0	
79716	Occipital_Inf_R	0	120	0	0	0	0	0	0	0	0	0	0	0	0	0	0	0	0	0	578	0	0	0	0	0	0	0	0	0	0	0	0	0	304	0	1062	0	434	0	1070	0	0	0	2184	0	344	0	5562	0	1144	0	4526	0	0	0	10644	0	0	0	0	0	0	0	0	0	0	0	1400	0	546	0	0	0	0	0	0	0	0	0	142	0	0	0	0	0	1132	0	0	0	6124	0	394	0	0	0	0	0	128	0	1568	0	0	0	0	0	0	0	0	0	0	0	328	124	0	0	0	
351736	Fusiform_L	1160	0	1454	0	0	0	646	0	0	0	362	0	0	0	0	0	712	0	1684	0	0	0	0	0	0	0	0	0	7164	0	0	0	0	0	348	0	13128	0	4938	0	2580	0	936	0	136	0	17400	532	192	0	3860	0	10876	0	0	0	820	0	322	0	414	0	0	0	188	0	1126	0	0	0	0	0	4694	0	0	0	0	0	1330	0	2868	0	1318	0	3670	0	444	0	15564	0	20050	600	3158	270	0	0	13378	320	30890	1006	440	0	560	166	0	0	0	0	0	0	1108	1872	1184	0	0	0	
280744	Fusiform_R	0	322	0	0	0	0	0	126	0	0	0	0	0	0	0	0	0	156	0	842	0	0	0	0	0	0	0	0	0	1324	0	0	0	532	0	988	0	17362	0	14890	0	3842	0	4558	250	1240	380	12004	0	4260	0	5746	0	10644	0	0	0	0	0	0	0	0	0	0	0	0	182	1662	0	794	0	0	0	3950	0	0	0	0	0	310	0	396	0	2898	0	2516	0	1874	0	12334	148	8842	0	722	0	0	170	5030	526	13630	0	0	0	0	0	0	0	0	0	0	1276	2310	1336	0	0	0	
289780	Postcentral_L	32834	0	1312	0	0	0	6732	0	0	0	5022	0	1614	0	0	0	7246	0	666	0	0	0	0	0	0	0	0	0	5362	0	0	0	0	0	270	0	1208	0	386	0	0	0	118	0	0	0	0	0	1644	0	9472	0	472	0	820	0	0	0	10566	0	28302	0	8784	0	3524	0	4292	0	3224	0	0	0	1694	0	0	0	0	0	1706	0	4180	0	0	0	2488	0	0	0	952	0	0	0	0	0	0	0	0	0	0	0	0	0	0	0	0	0	0	0	0	0	0	0	0	0	0	0	
157504	Postcentral_R	244	12860	0	818	0	0	0	408	0	0	0	2358	0	0	0	0	0	3586	0	1362	0	0	0	0	0	0	0	0	0	802	0	106	0	2800	0	890	0	0	0	0	0	0	0	1852	0	3634	0	0	0	3598	0	2262	0	0	0	0	0	0	0	3522	0	8002	0	14012	0	156	382	6154	432	7196	0	208	0	0	0	0	0	0	0	204	0	398	0	0	0	392	0	0	0	114	0	0	0	0	0	0	0	0	0	0	0	0	0	0	0	0	0	0	0	0	0	0	0	0	0	0	
162392	Parietal_Sup_L	1194	0	0	0	0	0	0	0	0	0	0	0	0	0	0	0	1096	0	0	0	0	0	0	0	0	0	0	0	0	0	0	0	892	0	0	0	0	0	150	0	0	0	0	0	2558	0	0	0	9476	0	17376	0	1026	0	322	0	10566	0	0	0	13474	0	104	0	2136	0	16420	0	2294	0	0	0	0	0	0	0	0	0	0	0	690	0	0	0	1142	0	0	0	280	0	0	0	0	0	0	0	0	0	0	0	0	0	0	0	0	0	0	0	0	0	0	0	0	0	0	0	
47344	Parietal_Sup_R	0	316	0	0	0	0	0	0	0	0	0	0	0	0	0	0	0	0	0	0	0	0	0	0	0	0	0	0	0	0	0	0	0	192	0	0	0	0	0	0	0	0	0	414	0	3340	0	0	0	4058	0	738	0	0	0	0	0	3522	0	0	0	924	0	162	0	574	574	7750	0	568	0	0	0	0	0	0	0	0	0	0	0	0	0	0	0	156	0	0	0	384	0	0	0	0	0	0	0	0	0	0	0	0	0	0	0	0	0	0	0	0	0	0	0	0	0	0	
267056	Parietal_Inf_L	11820	0	530	0	0	0	4424	0	0	0	3394	0	1476	0	0	0	1822	0	362	0	0	0	0	0	0	0	0	0	1190	0	0	0	0	0	0	0	0	0	176	0	0	0	114	0	0	0	0	0	1722	0	16038	0	1000	0	414	0	28302	0	13474	0	0	0	13534	0	19128	0	2700	0	1634	0	0	0	0	0	0	0	0	0	108	0	3052	0	0	0	5292	0	0	0	1822	0	0	0	0	0	0	0	0	0	0	0	0	0	0	0	0	0	0	0	0	0	0	0	0	0	0	0	
112532	Parietal_Inf_R	0	3852	0	1630	0	0	0	834	0	0	0	0	0	0	0	0	0	882	0	564	0	0	0	0	0	0	0	0	0	436	0	0	0	0	0	0	0	106	0	0	0	0	0	478	0	1314	0	0	0	2800	0	606	0	0	0	0	0	8002	0	924	0	0	0	22232	0	8602	0	1558	0	110	0	0	0	0	0	0	0	0	0	0	0	316	0	0	0	726	0	0	0	294	0	0	0	0	0	0	0	0	0	0	0	0	0	0	0	0	0	0	0	0	0	0	0	0	0	0	
104916	SupraMarginal_L	2858	0	122	0	0	0	1386	0	0	0	1772	0	1118	0	0	0	2726	0	114	0	0	0	0	0	0	0	0	0	1048	0	0	0	0	0	0	0	0	0	0	0	0	0	0	0	0	0	0	0	0	0	1562	0	702	0	0	0	8784	0	104	0	13534	0	0	0	6416	0	0	0	0	0	0	0	0	0	0	0	0	0	0	0	5950	0	0	0	3178	0	0	0	1084	0	0	0	0	0	0	0	0	0	0	0	0	0	0	0	0	0	0	0	0	0	0	0	0	0	0	0	
127452	SupraMarginal_R	0	4840	0	2022	0	0	0	1070	0	0	0	152	0	0	0	0	0	4352	0	824	0	0	0	0	0	0	0	0	0	1098	0	0	0	242	0	0	0	214	0	0	0	0	0	116	0	660	0	0	0	672	0	352	0	0	0	0	0	14012	0	162	0	22232	0	0	0	2980	0	730	0	352	0	116	0	0	0	0	0	0	0	180	0	3288	0	0	0	1204	0	0	0	1856	0	0	0	0	0	0	0	0	0	0	0	0	0	0	0	0	0	0	0	0	0	0	0	0	0	0	
166264	Angular_L	4184	0	296	0	0	0	904	0	0	0	2150	0	284	0	0	0	1426	0	198	0	0	0	0	0	0	0	0	0	638	0	0	0	0	0	0	0	0	0	104	0	0	0	388	0	110	0	0	0	606	0	20658	0	1650	0	188	0	3524	0	2136	0	19128	0	6416	0	0	0	152	0	0	0	0	0	0	0	0	0	0	0	104	0	3258	0	0	0	10698	0	0	0	3932	0	0	0	0	0	0	0	0	0	0	0	0	0	0	0	0	0	0	0	0	0	0	0	0	0	0	0	
67384	Angular_R	0	0	0	0	0	0	0	0	0	0	0	0	0	0	0	0	0	0	0	0	0	0	0	0	0	0	0	0	0	0	0	0	0	0	0	0	0	0	0	0	0	0	0	732	0	1744	0	0	0	5318	0	6484	0	0	0	0	0	156	0	574	0	8602	0	2980	0	0	0	1962	0	0	0	0	0	0	0	0	0	0	0	0	0	684	0	0	0	3314	0	0	0	1142	0	0	0	0	0	0	0	0	0	0	0	0	0	0	0	0	0	0	0	0	0	0	0	0	0	0	
250276	Precuneus_L	916	292	0	0	0	0	0	0	0	0	0	0	0	0	0	0	0	0	0	240	0	0	0	0	0	0	0	0	0	0	0	0	2796	870	3824	162	1068	140	2052	138	0	0	6702	832	4760	9914	2036	0	12984	8266	15692	2304	1352	0	1126	182	4292	382	16420	574	2700	0	0	0	152	0	0	12836	4468	1098	0	0	0	0	0	0	0	0	0	0	0	110	0	0	1210	494	0	0	174	1580	0	0	0	0	0	0	0	0	0	0	0	0	0	0	0	0	0	0	0	0	0	0	0	0	0	0	
365360	Precuneus_R	0	2198	0	0	0	0	0	0	0	0	0	0	0	0	0	0	0	0	0	3130	0	0	0	0	0	0	0	0	0	0	0	0	436	8272	1810	6380	350	1348	146	1382	0	0	194	16090	184	36426	0	5992	0	28562	0	11572	0	1400	0	1662	0	6154	0	7750	0	1558	0	730	0	1962	12836	0	1402	11584	0	0	0	0	0	0	0	0	0	0	0	676	0	0	0	4074	0	0	0	5592	0	0	0	0	0	0	0	0	0	0	0	0	0	0	0	0	0	0	0	0	828	0	0	0	0	0	
265068	Paracentral_Lobule_L	33616	360	1838	796	0	0	194	0	0	0	0	0	0	0	0	0	0	0	10242	18382	0	0	0	0	0	0	0	0	0	0	0	0	5256	11862	2292	810	1536	666	0	0	0	0	0	240	244	204	0	0	1242	0	2828	0	106	0	0	0	3224	432	2294	0	1634	0	0	0	0	0	4468	1402	0	8166	1778	0	394	0	1648	0	14380	0	0	0	0	0	0	0	0	0	0	0	0	0	0	0	0	0	0	0	0	0	0	0	0	0	0	0	0	0	0	0	0	0	0	0	0	0	0	0	
229260	Paracentral_Lobule_R	4678	4200	0	0	0	0	0	0	0	0	0	0	0	0	0	0	0	0	270	23456	0	0	0	0	0	0	0	0	0	0	0	0	522	22574	364	2718	0	898	0	0	0	0	0	5074	0	5044	0	418	0	5140	0	4598	0	546	0	794	0	7196	0	568	0	110	0	352	0	0	1098	11584	8166	0	0	0	0	0	0	0	212	0	0	152	0	342	0	0	0	2052	0	0	0	1504	0	0	0	0	0	0	0	0	0	0	0	0	0	0	0	0	0	0	0	0	0	0	0	0	0	0	
221828	Caudate_L	2004	1138	5816	3146	882	162	1224	1004	276	0	0	176	4090	104	3754	0	0	0	10488	9666	5410	6740	1004	380	694	176	1606	940	944	268	6604	6506	0	650	0	0	0	0	0	0	0	0	0	0	0	0	0	0	0	0	0	0	0	0	0	0	0	0	0	0	0	0	0	0	0	0	0	0	1778	0	0	9612	17120	2270	1036	0	3246	0	0	0	0	0	0	0	0	0	0	0	0	0	0	0	0	0	0	0	0	0	0	0	0	0	0	0	0	0	0	0	0	0	0	0	0	0	0	0	
463268	Caudate_R	318	11586	554	35120	0	3316	376	8850	0	126	0	6568	1404	3094	1270	3044	0	2302	3616	23672	1578	4148	250	10556	0	3322	0	1388	0	11380	2918	31506	0	202	0	0	0	0	0	0	0	0	0	0	0	0	0	0	0	0	0	0	0	0	0	0	0	208	0	0	0	0	0	116	0	0	0	0	0	0	9612	0	4444	24656	164	1148	0	17712	0	108	0	148	0	854	0	0	0	0	0	0	0	0	0	0	0	0	0	0	0	0	0	0	0	0	0	0	0	0	0	0	0	0	0	0	0	0	
393924	Putamen_L	9066	584	23640	1152	6422	142	11846	426	3686	0	1110	122	3548	0	13410	0	1056	0	20128	2006	4654	4860	872	282	552	162	1350	824	22584	190	3718	2936	0	0	0	0	10450	0	544	0	2142	0	0	0	0	0	0	0	0	0	0	0	0	0	4694	0	1694	0	0	0	0	0	0	0	0	0	0	0	394	0	17120	4444	0	1336	6272	0	670	0	240	0	804	0	1668	0	136	0	0	0	2852	0	0	0	0	0	0	0	0	0	174	0	0	0	0	0	0	0	0	0	0	0	0	0	0	0	0	0	
311912	Putamen_R	0	7820	0	13646	0	3960	0	9434	0	172	0	4788	282	4692	258	6278	0	2938	182	2292	740	1864	0	5170	0	2736	0	2066	0	22602	1244	14384	0	588	0	0	0	8086	0	2886	0	520	0	0	0	0	0	0	0	0	0	0	0	0	0	3950	0	0	0	0	0	0	0	0	0	0	0	0	0	0	2270	24656	1336	0	0	1334	0	1206	0	276	0	514	0	364	0	0	0	0	0	422	0	0	0	0	0	0	0	0	0	0	0	0	0	0	0	0	0	0	0	0	0	0	0	0	0	0	
55252	Pallidum_L	2998	0	5004	0	0	0	1880	0	0	0	0	0	0	0	0	0	0	0	5158	372	158	386	0	0	0	0	0	0	112	0	0	0	0	0	0	0	218	0	0	0	0	0	0	0	0	0	0	0	0	0	0	0	0	0	0	0	0	0	0	0	0	0	0	0	0	0	0	0	1648	0	1036	164	6272	0	0	0	2220	0	0	0	0	0	0	0	0	0	0	0	0	0	0	0	0	0	0	0	0	0	0	0	0	0	0	0	0	0	0	0	0	0	0	0	0	0	0	0	
10532	Pallidum_R	0	470	0	530	0	0	0	1464	0	0	0	0	0	0	0	0	0	0	0	192	0	0	0	0	0	0	0	0	0	128	0	0	0	0	0	0	0	0	0	0	0	0	0	0	0	0	0	0	0	0	0	0	0	0	0	0	0	0	0	0	0	0	0	0	0	0	0	0	0	0	0	1148	0	1334	0	0	0	0	0	0	0	0	0	0	0	0	0	0	0	0	0	0	0	0	0	0	0	0	0	0	0	0	0	0	0	0	0	0	0	0	0	0	0	0	0	0	
121276	Thalamus_L	22526	0	1842	364	0	0	1546	0	0	0	0	0	0	0	0	0	0	0	3188	2692	0	0	0	0	0	0	0	0	0	0	0	0	0	806	110	1138	3200	1130	344	244	0	0	0	0	0	0	0	0	0	0	0	0	0	0	0	0	0	0	0	0	0	0	0	0	0	0	0	0	14380	212	3246	0	670	0	2220	0	0	780	0	0	0	0	0	0	0	0	0	0	0	0	0	0	0	0	0	0	0	0	0	0	0	0	0	0	0	0	0	0	0	0	0	0	0	0	0	0	
134044	Thalamus_R	160	17544	0	13202	0	0	0	356	0	0	0	236	0	300	0	0	0	0	0	9784	0	0	0	1004	0	0	0	0	0	834	0	1252	0	0	0	248	0	2016	0	388	0	0	0	0	0	0	0	0	0	0	0	0	0	0	0	0	0	0	0	0	0	0	0	0	0	0	0	0	0	0	0	17712	0	1206	0	0	780	0	0	0	0	0	0	0	0	0	0	0	0	0	0	0	0	0	0	0	0	0	0	0	0	0	0	0	0	0	0	0	0	0	0	0	0	0	0	0	
62056	Heschl_L	5078	0	842	0	0	0	1992	0	0	0	974	0	188	0	0	0	2748	0	126	0	0	0	0	0	0	0	0	0	7742	0	0	0	0	0	0	0	2650	0	214	0	0	0	0	0	0	0	0	0	0	0	0	0	0	0	1330	0	1706	0	0	0	108	0	0	0	104	0	0	0	0	0	0	0	240	0	0	0	0	0	0	0	2620	0	0	0	618	0	0	0	1748	0	0	0	0	0	0	0	0	0	0	0	0	0	0	0	0	0	0	0	0	0	0	0	0	0	0	0	
23112	Heschl_R	0	472	0	0	0	0	0	0	0	0	0	148	0	0	0	0	0	2034	0	248	0	0	0	0	0	0	0	0	0	1226	0	0	0	0	0	0	0	346	0	0	0	0	0	104	0	0	0	0	0	0	0	0	0	142	0	310	0	204	0	0	0	0	0	180	0	0	0	0	0	152	0	108	0	276	0	0	0	0	0	0	0	4082	0	0	0	824	0	0	0	700	0	0	0	0	0	0	0	0	0	0	0	0	0	0	0	0	0	0	0	0	0	0	0	0	0	0	
285440	Temporal_Sup_L	5412	0	4692	0	0	0	3450	0	0	0	8102	0	1116	0	0	0	15626	0	3966	0	0	0	0	0	0	0	0	0	9560	0	0	0	0	0	0	0	1496	0	292	0	138	0	178	0	0	0	0	0	182	0	4376	0	1362	0	2868	0	4180	0	690	0	3052	0	5950	0	3258	0	0	0	0	0	0	0	804	0	0	0	0	0	2620	0	0	0	10302	0	30682	0	0	0	18366	0	0	0	0	0	0	0	0	0	0	0	0	0	0	0	0	0	0	0	0	0	0	0	0	0	0	0	
76164	Temporal_Sup_R	0	1882	0	282	0	0	0	268	0	0	0	0	0	0	0	0	0	5070	0	410	0	0	0	0	0	0	0	0	0	2470	0	0	0	240	0	0	0	362	0	0	0	0	0	146	0	578	0	0	0	528	0	272	0	0	0	396	0	398	0	0	0	316	0	3288	0	684	110	676	0	342	0	148	0	514	0	0	0	0	0	4082	0	0	0	2154	0	9098	0	304	0	3064	0	0	0	0	0	0	0	0	0	0	0	0	0	0	0	0	0	0	0	0	0	0	0	0	0	0	
136536	Temporal_Pole_Sup_L	988	0	4762	0	0	0	2648	0	0	0	7634	0	1256	0	538	0	6546	0	4474	0	190	0	0	0	0	0	0	0	9138	0	0	0	0	0	0	0	1620	0	224	0	642	0	0	0	0	0	0	0	0	0	0	0	0	0	1318	0	0	0	0	0	0	0	0	0	0	0	0	0	0	0	0	0	1668	0	0	0	0	0	0	0	10302	0	0	0	6802	0	2714	0	4804	0	0	0	0	0	0	0	0	0	0	0	0	0	0	0	0	0	0	0	0	0	0	0	0	0	0	0	
48704	Temporal_Pole_Sup_R	0	370	0	158	0	0	0	0	0	0	0	1294	0	0	0	122	0	1540	240	198	0	0	0	0	0	0	0	0	0	2016	0	144	0	0	0	0	0	944	0	1350	0	1274	0	0	0	0	0	0	0	0	0	0	0	0	0	2898	0	0	0	0	0	0	0	0	0	0	0	0	0	0	0	854	0	364	0	0	0	0	0	0	0	2154	0	0	0	4182	0	3154	0	1096	0	0	0	0	0	0	0	0	0	0	0	0	0	0	0	0	0	0	0	0	0	0	0	0	0	0	
296916	Temporal_Mid_L	1276	0	118	0	0	0	446	0	0	0	0	0	0	0	0	0	3284	0	0	0	0	0	0	0	0	0	0	0	694	0	0	0	166	0	232	0	238	0	986	0	0	0	2188	0	756	0	140	0	1254	0	24500	0	5398	0	3670	0	2488	0	1142	0	5292	0	3178	0	10698	0	1210	0	0	0	0	0	136	0	0	0	0	0	618	0	30682	0	6802	0	0	0	3292	0	37574	0	0	0	0	0	0	0	0	0	0	0	0	0	0	0	0	0	0	0	0	0	0	0	0	0	0	0	
148616	Temporal_Mid_R	0	186	0	0	0	0	0	0	0	0	0	0	0	0	0	0	0	0	0	1486	0	0	0	0	0	0	0	0	0	1128	0	0	0	1682	0	408	0	478	0	416	0	0	0	4988	0	2780	0	636	0	2670	0	7418	0	1132	0	2516	0	392	0	156	0	726	0	1204	0	3314	494	4074	0	2052	0	0	0	0	0	0	0	0	0	824	0	9098	0	4182	0	0	0	1424	0	18444	0	0	0	0	0	0	0	0	0	0	0	0	0	0	0	0	0	0	0	0	0	0	0	0	0	0	
20012	Temporal_Pole_Mid_L	0	0	0	0	0	0	0	0	0	0	0	0	0	0	0	0	0	0	0	0	0	0	0	0	0	0	0	0	0	0	0	0	0	0	0	0	118	0	288	0	344	0	0	0	0	0	0	0	0	0	0	0	0	0	444	0	0	0	0	0	0	0	0	0	0	0	0	0	0	0	0	0	0	0	0	0	0	0	0	0	0	0	2714	0	3292	0	0	0	2806	0	0	0	0	0	0	0	0	0	0	0	0	0	0	0	0	0	0	0	0	0	0	0	0	0	0	0	
17340	Temporal_Pole_Mid_R	0	0	0	0	0	0	0	0	0	0	0	0	0	0	0	0	0	0	0	0	0	0	0	0	0	0	0	0	0	0	0	0	0	0	0	0	0	106	0	614	0	140	0	0	0	0	0	0	0	0	0	0	0	0	0	1874	0	0	0	0	0	0	0	0	0	0	0	0	0	0	0	0	0	0	0	0	0	0	0	0	0	304	0	3154	0	1424	0	0	0	1054	0	0	0	0	0	0	0	0	0	0	0	0	0	0	0	0	0	0	0	0	0	0	0	0	0	0	
261620	Temporal_Inf_L	930	0	1010	0	0	0	710	0	0	0	278	0	0	0	0	0	1854	0	1040	0	0	0	0	0	0	0	0	0	6318	0	0	0	0	0	0	0	8664	0	346	0	1320	0	632	0	156	0	0	0	258	0	8776	0	4928	0	15564	0	952	0	280	0	1822	0	1084	0	3932	0	174	0	0	0	0	0	2852	0	0	0	0	0	1748	0	18366	0	4804	0	37574	0	2806	0	0	0	1252	0	176	0	0	0	0	0	204	0	0	0	0	0	0	0	0	0	0	0	0	0	0	0	0	0	
164284	Temporal_Inf_R	0	170	0	0	0	0	0	0	0	0	0	0	0	0	0	0	0	0	0	1302	0	0	0	0	0	0	0	0	0	766	0	0	0	980	0	464	0	4296	0	2816	0	268	0	1484	0	4946	0	710	0	5656	0	2294	0	6124	0	12334	0	114	0	384	0	294	0	1856	0	1142	1580	5592	0	1504	0	0	0	422	0	0	0	0	0	700	0	3064	0	1096	0	18444	0	1054	0	0	0	286	0	0	0	0	0	0	0	0	0	0	0	0	0	0	0	0	0	0	0	0	0	0	0	0	
352292	Cerebelum_Crus1_L	0	0	0	0	0	0	0	0	0	0	0	0	0	0	0	0	0	0	0	0	0	0	0	0	0	0	0	0	0	0	0	0	0	0	0	0	0	0	112	0	0	0	0	0	0	0	12450	1892	0	0	316	0	840	0	20050	148	0	0	0	0	0	0	0	0	0	0	0	0	0	0	0	0	0	0	0	0	0	0	0	0	0	0	0	0	0	0	0	0	1252	0	0	2364	29142	3876	350	0	17932	352	47306	3618	7522	502	7780	3218	542	340	274	0	0	0	986	4252	7868	488	374	0	
291092	Cerebelum_Crus1_R	0	0	0	0	0	0	0	0	0	0	0	0	0	0	0	0	0	0	0	0	0	0	0	0	0	0	0	0	0	0	0	0	0	0	0	0	0	0	0	180	0	0	0	124	0	0	1598	3162	0	0	0	0	0	394	600	8842	0	0	0	0	0	0	0	0	0	0	0	0	0	0	0	0	0	0	0	0	0	0	0	0	0	0	0	0	0	0	0	0	0	286	2364	0	1644	26140	0	1856	1980	12042	2754	46056	492	2662	480	6380	0	436	0	114	0	1308	4310	8174	10156	582	430	0	
235784	Cerebelum_Crus2_L	0	0	0	0	0	0	0	0	0	0	0	0	0	0	0	0	0	0	0	0	0	0	0	0	0	0	0	0	0	0	0	0	0	0	0	0	0	0	0	0	0	0	0	0	0	0	1252	176	0	0	0	0	0	0	3158	0	0	0	0	0	0	0	0	0	0	0	0	0	0	0	0	0	0	0	0	0	0	0	0	0	0	0	0	0	0	0	0	0	176	0	29142	1644	0	7574	0	0	4096	282	10000	1482	18036	3052	17240	5540	572	432	316	254	0	0	354	826	9248	2570	470	0	
230516	Cerebelum_Crus2_R	0	0	0	0	0	0	0	0	0	0	0	0	0	0	0	0	0	0	0	0	0	0	0	0	0	0	0	0	0	0	0	0	0	0	0	0	0	0	0	128	0	0	0	0	0	0	150	700	0	0	0	0	0	0	270	722	0	0	0	0	0	0	0	0	0	0	0	0	0	0	0	0	0	0	0	0	0	0	0	0	0	0	0	0	0	0	0	0	0	0	3876	26140	7574	0	0	518	1148	3192	1006	10882	4542	12064	4596	17326	188	640	162	336	0	400	1294	1636	13132	1994	642	0	
7512	Cerebelum_3_L	0	0	0	0	0	0	0	0	0	0	0	0	0	0	0	0	0	0	0	0	0	0	0	0	0	0	0	0	0	0	0	0	0	0	0	0	0	0	0	0	0	0	0	0	0	0	0	0	0	0	0	0	0	0	0	0	0	0	0	0	0	0	0	0	0	0	0	0	0	0	0	0	0	0	0	0	0	0	0	0	0	0	0	0	0	0	0	0	0	0	350	0	0	0	0	0	2484	0	420	0	0	0	0	0	0	0	0	0	216	286	0	0	0	0	0	0	
36816	Cerebelum_3_R	0	0	0	0	0	0	0	0	0	0	0	0	0	0	0	0	0	0	0	0	0	0	0	0	0	0	0	0	0	0	0	0	0	0	0	0	0	0	0	270	0	0	0	0	0	0	0	0	0	0	0	0	0	0	0	0	0	0	0	0	0	0	0	0	0	0	0	0	0	0	0	0	0	0	0	0	0	0	0	0	0	0	0	0	0	0	0	0	0	0	0	1856	0	518	0	0	154	6710	0	4672	0	0	0	122	0	174	0	0	480	2620	724	0	108	0	0	0	
258544	Cerebelum_4_5_L	0	0	0	0	0	0	0	0	0	0	0	0	0	0	0	0	0	0	0	0	0	0	0	0	0	0	0	0	0	0	0	0	0	0	0	0	110	0	116	0	0	0	0	0	0	0	13212	4166	0	0	0	0	806	0	13378	170	0	0	0	0	0	0	0	0	0	0	0	0	0	0	0	0	0	0	0	0	0	0	0	0	0	0	0	0	0	0	0	0	0	0	17932	1980	4096	1148	2484	154	0	5120	32362	4686	814	0	1916	696	1824	564	138	0	210	402	10628	6180	1696	874	738	672	
164944	Cerebelum_4_5_R	0	0	0	0	0	0	0	0	0	0	0	0	0	0	0	0	0	0	0	0	0	0	0	0	0	0	0	0	0	0	0	0	0	0	0	0	0	122	0	858	0	0	0	0	0	0	570	4330	0	0	0	0	0	128	320	5030	0	0	0	0	0	0	0	0	0	0	0	0	0	0	0	0	0	0	0	0	0	0	0	0	0	0	0	0	0	0	0	0	0	0	352	12042	282	3192	0	6710	5120	0	1056	24468	150	198	178	752	324	342	0	0	0	2356	9518	2174	946	302	360	292	
371976	Cerebelum_6_L	0	0	0	0	0	0	0	0	0	0	0	0	0	0	0	0	0	0	0	0	0	0	0	0	0	0	0	0	0	0	0	0	0	0	0	0	290	0	246	0	0	0	0	0	0	0	22002	3598	0	0	132	0	1294	0	30890	526	0	0	0	0	0	0	0	0	0	0	0	0	0	0	0	0	174	0	0	0	0	0	0	0	0	0	0	0	0	0	0	0	204	0	47306	2754	10000	1006	420	0	32362	1056	0	5180	2748	0	3016	838	296	438	176	0	0	0	3978	9052	4700	766	540	0	
336208	Cerebelum_6_R	0	0	0	0	0	0	0	0	0	0	0	0	0	0	0	0	0	0	0	0	0	0	0	0	0	0	0	0	0	0	0	0	0	0	0	0	0	0	0	464	0	0	0	488	0	0	2686	8550	0	354	0	112	0	1568	1006	13630	0	0	0	0	0	0	0	0	0	0	0	0	0	0	0	0	0	0	0	0	0	0	0	0	0	0	0	0	0	0	0	0	0	0	3618	46056	1482	10882	0	4672	4686	24468	5180	0	414	480	440	1776	0	196	0	0	0	1790	8566	12880	11132	354	174	0	
134972	Cerebelum_7b_L	0	0	0	0	0	0	0	0	0	0	0	0	0	0	0	0	0	0	0	0	0	0	0	0	0	0	0	0	0	0	0	0	0	0	0	0	0	0	0	0	0	0	0	0	0	0	288	0	0	0	0	0	0	0	440	0	0	0	0	0	0	0	0	0	0	0	0	0	0	0	0	0	0	0	0	0	0	0	0	0	0	0	0	0	0	0	0	0	0	0	7522	492	18036	4542	0	0	814	150	2748	414	0	2806	16408	4276	350	0	134	0	0	0	0	130	4628	3308	0	0	
81108	Cerebelum_7b_R	0	0	0	0	0	0	0	0	0	0	0	0	0	0	0	0	0	0	0	0	0	0	0	0	0	0	0	0	0	0	0	0	0	0	0	0	0	0	0	0	0	0	0	0	0	0	0	0	0	0	0	0	0	0	0	0	0	0	0	0	0	0	0	0	0	0	0	0	0	0	0	0	0	0	0	0	0	0	0	0	0	0	0	0	0	0	0	0	0	0	502	2662	3052	12064	0	0	0	198	0	480	2806	0	2916	10428	0	0	0	0	0	0	0	0	2776	2670	0	0	
163336	Cerebelum_8_L	0	0	0	0	0	0	0	0	0	0	0	0	0	0	0	0	0	0	0	0	0	0	0	0	0	0	0	0	0	0	0	0	0	0	0	0	0	0	0	0	0	0	0	0	0	0	170	122	0	0	0	0	0	0	560	0	0	0	0	0	0	0	0	0	0	0	0	0	0	0	0	0	0	0	0	0	0	0	0	0	0	0	0	0	0	0	0	0	0	0	7780	480	17240	4596	0	0	1916	178	3016	440	16408	2916	0	6450	4582	326	1336	192	0	0	0	236	5568	6362	794	0	
161624	Cerebelum_8_R	0	0	0	0	0	0	0	0	0	0	0	0	0	0	0	0	0	0	0	0	0	0	0	0	0	0	0	0	0	0	0	0	0	0	0	0	0	0	0	0	0	0	0	0	0	0	0	258	0	0	0	0	0	0	166	0	0	0	0	0	0	0	0	0	0	0	0	0	0	0	0	0	0	0	0	0	0	0	0	0	0	0	0	0	0	0	0	0	0	0	3218	6380	5540	17326	0	122	696	752	838	1776	4276	10428	6450	0	440	5440	172	840	0	0	196	642	7534	6278	1044	0	
38164	Cerebelum_9_L	0	0	0	0	0	0	0	0	0	0	0	0	0	0	0	0	0	0	0	0	0	0	0	0	0	0	0	0	0	0	0	0	0	0	0	0	0	0	0	0	0	0	0	0	0	0	0	334	0	0	0	0	0	0	0	0	0	0	0	0	0	0	0	0	0	0	0	0	0	0	0	0	0	0	0	0	0	0	0	0	0	0	0	0	0	0	0	0	0	0	542	0	572	188	0	0	1824	324	296	0	350	0	4582	440	0	360	2610	0	0	0	1082	1430	870	1482	1144	652	
59524	Cerebelum_9_R	0	0	0	0	0	0	0	0	0	0	0	0	0	0	0	0	0	0	0	0	0	0	0	0	0	0	0	0	0	0	0	0	0	0	0	0	0	0	0	0	0	0	0	0	0	0	0	258	0	0	0	0	0	0	0	0	0	0	0	0	0	0	0	0	0	0	0	0	0	0	0	0	0	0	0	0	0	0	0	0	0	0	0	0	0	0	0	0	0	0	340	436	432	640	0	174	564	342	438	196	0	0	326	5440	360	0	0	1774	132	240	984	1394	3292	5218	5342	1440	
11380	Cerebelum_10_L	0	0	0	0	0	0	0	0	0	0	0	0	0	0	0	0	0	0	0	0	0	0	0	0	0	0	0	0	0	0	0	0	0	0	0	0	0	0	0	0	0	0	0	0	0	0	0	0	0	0	0	0	0	0	0	0	0	0	0	0	0	0	0	0	0	0	0	0	0	0	0	0	0	0	0	0	0	0	0	0	0	0	0	0	0	0	0	0	0	0	274	0	316	162	0	0	138	0	176	0	134	0	1336	172	2610	0	0	0	0	0	0	0	372	0	0	0	
10940	Cerebelum_10_R	0	0	0	0	0	0	0	0	0	0	0	0	0	0	0	0	0	0	0	0	0	0	0	0	0	0	0	0	0	0	0	0	0	0	0	0	0	0	0	0	0	0	0	0	0	0	0	0	0	0	0	0	0	0	0	0	0	0	0	0	0	0	0	0	0	0	0	0	0	0	0	0	0	0	0	0	0	0	0	0	0	0	0	0	0	0	0	0	0	0	0	114	254	336	0	0	0	0	0	0	0	0	192	840	0	1774	0	0	0	0	0	0	624	712	624	0	
7764	Vermis_1_2	0	0	0	0	0	0	0	0	0	0	0	0	0	0	0	0	0	0	0	0	0	0	0	0	0	0	0	0	0	0	0	0	0	0	0	0	0	0	0	0	0	0	0	0	0	0	0	0	0	0	0	0	0	0	0	0	0	0	0	0	0	0	0	0	0	0	0	0	0	0	0	0	0	0	0	0	0	0	0	0	0	0	0	0	0	0	0	0	0	0	0	0	0	0	216	480	210	0	0	0	0	0	0	0	0	132	0	0	0	2398	446	0	0	0	0	0	
26732	Vermis_3	0	0	0	0	0	0	0	0	0	0	0	0	0	0	0	0	0	0	0	0	0	0	0	0	0	0	0	0	0	0	0	0	0	0	0	0	0	0	0	0	0	0	0	0	0	0	0	0	0	0	0	0	0	0	0	0	0	0	0	0	0	0	0	0	0	0	0	0	0	0	0	0	0	0	0	0	0	0	0	0	0	0	0	0	0	0	0	0	0	0	0	1308	0	400	286	2620	402	2356	0	1790	0	0	0	0	0	240	0	0	2398	0	1446	120	0	0	0	0	
135984	Vermis_4_5	0	0	0	0	0	0	0	0	0	0	0	0	0	0	0	0	0	0	0	0	0	0	0	0	0	0	0	0	0	0	0	0	0	0	568	678	344	0	190	0	0	0	0	126	0	0	2634	4770	0	0	0	0	0	0	1108	1276	0	0	0	0	0	0	0	0	0	0	0	828	0	0	0	0	0	0	0	0	0	0	0	0	0	0	0	0	0	0	0	0	0	0	986	4310	354	1294	0	724	10628	9518	3978	8566	0	0	0	196	1082	984	0	0	446	1446	0	7042	596	722	1088	1510	
172332	Vermis_6	0	0	0	0	0	0	0	0	0	0	0	0	0	0	0	0	0	0	0	0	0	0	0	0	0	0	0	0	0	0	0	0	0	0	0	0	0	0	0	0	0	0	0	0	0	0	4600	8022	0	0	0	0	0	328	1872	2310	0	0	0	0	0	0	0	0	0	0	0	0	0	0	0	0	0	0	0	0	0	0	0	0	0	0	0	0	0	0	0	0	0	0	4252	8174	826	1636	0	0	6180	2174	9052	12880	130	0	236	642	1430	1394	0	0	0	120	7042	0	7590	1696	1814	1766	
219368	Vermis_7	0	0	0	0	0	0	0	0	0	0	0	0	0	0	0	0	0	0	0	0	0	0	0	0	0	0	0	0	0	0	0	0	0	0	0	0	0	0	0	0	0	0	0	0	0	0	1246	3494	0	0	0	0	0	124	1184	1336	0	0	0	0	0	0	0	0	0	0	0	0	0	0	0	0	0	0	0	0	0	0	0	0	0	0	0	0	0	0	0	0	0	0	7868	10156	9248	13132	0	108	1696	946	4700	11132	4628	2776	5568	7534	870	3292	372	624	0	0	596	7590	0	5248	3778	438	
98888	Vermis_8	0	0	0	0	0	0	0	0	0	0	0	0	0	0	0	0	0	0	0	0	0	0	0	0	0	0	0	0	0	0	0	0	0	0	0	0	0	0	0	0	0	0	0	0	0	0	0	282	0	0	0	0	0	0	0	0	0	0	0	0	0	0	0	0	0	0	0	0	0	0	0	0	0	0	0	0	0	0	0	0	0	0	0	0	0	0	0	0	0	0	488	582	2570	1994	0	0	874	302	766	354	3308	2670	6362	6278	1482	5218	0	712	0	0	722	1696	5248	0	6028	1508	
55040	Vermis_9	0	0	0	0	0	0	0	0	0	0	0	0	0	0	0	0	0	0	0	0	0	0	0	0	0	0	0	0	0	0	0	0	0	0	0	0	0	0	0	0	0	0	0	0	0	0	0	334	0	0	0	0	0	0	0	0	0	0	0	0	0	0	0	0	0	0	0	0	0	0	0	0	0	0	0	0	0	0	0	0	0	0	0	0	0	0	0	0	0	0	374	430	470	642	0	0	738	360	540	174	0	0	794	1044	1144	5342	0	624	0	0	1088	1814	3778	6028	0	1802	
20768	Vermis_10	0	0	0	0	0	0	0	0	0	0	0	0	0	0	0	0	0	0	0	0	0	0	0	0	0	0	0	0	0	0	0	0	0	0	0	0	0	0	0	0	0	0	0	0	0	0	0	304	0	0	0	0	0	0	0	0	0	0	0	0	0	0	0	0	0	0	0	0	0	0	0	0	0	0	0	0	0	0	0	0	0	0	0	0	0	0	0	0	0	0	0	0	0	0	0	0	672	292	0	0	0	0	0	0	652	1440	0	0	0	0	1510	1766	438	1508	1802	0	
