data	data	674652	351244	1.34362e+06	930184	137300	114392	755776	308196	90756	34004	258932	171416	240860	101464	160528	155116	209876	134636	804104	790756	48636	52220	424192	419916	20788	55560	36044	52600	721472	314712	289704	544932	206952	490128	127832	197612	358140	316044	57360	176696	42292	42468	139600	181608	104028	196932	151424	152992	116628	228228	351616	162044	100792	51816	305168	333328	443988	344764	198156	85152	355376	235500	170688	237392	133512	142820	171608	266300	373764	285156	412152	555908	474660	459912	80260	52096	148196	123796	88564	11276	222176	77064	143268	38792	290780	134780	25976	9012	345920	143952	259428	299392	114144	210484	26432	37216	214152	117028	287804	272596	95324	61940	109356	119644	64612	63380	18540	6428	6616	17960	141720	124872	74800	49232	40216	14016	
data	data	Precentral_L	Precentral_R	Frontal_Sup_L	Frontal_Sup_R	Frontal_Sup_Orb_L	Frontal_Sup_Orb_R	Frontal_Mid_L	Frontal_Mid_R	Frontal_Mid_Orb_L	Frontal_Mid_Orb_R	Frontal_Inf_Oper_L	Frontal_Inf_Oper_R	Frontal_Inf_Tri_L	Frontal_Inf_Tri_R	Frontal_Inf_Orb_L	Frontal_Inf_Orb_R	Rolandic_Oper_L	Rolandic_Oper_R	Supp_Motor_Area_L	Supp_Motor_Area_R	Olfactory_L	Olfactory_R	Frontal_Sup_Medial_L	Frontal_Sup_Medial_R	Frontal_Med_Orb_L	Frontal_Med_Orb_R	Rectus_L	Rectus_R	Insula_L	Insula_R	Cingulum_Ant_L	Cingulum_Ant_R	Cingulum_Mid_L	Cingulum_Mid_R	Cingulum_Post_L	Cingulum_Post_R	Hippocampus_L	Hippocampus_R	ParaHippocampal_L	ParaHippocampal_R	Amygdala_L	Amygdala_R	Calcarine_L	Calcarine_R	Cuneus_L	Cuneus_R	Lingual_L	Lingual_R	Occipital_Sup_L	Occipital_Sup_R	Occipital_Mid_L	Occipital_Mid_R	Occipital_Inf_L	Occipital_Inf_R	Fusiform_L	Fusiform_R	Postcentral_L	Postcentral_R	Parietal_Sup_L	Parietal_Sup_R	Parietal_Inf_L	Parietal_Inf_R	SupraMarginal_L	SupraMarginal_R	Angular_L	Angular_R	Precuneus_L	Precuneus_R	Paracentral_Lobule_L	Paracentral_Lobule_R	Caudate_L	Caudate_R	Putamen_L	Putamen_R	Pallidum_L	Pallidum_R	Thalamus_L	Thalamus_R	Heschl_L	Heschl_R	Temporal_Sup_L	Temporal_Sup_R	Temporal_Pole_Sup_L	Temporal_Pole_Sup_R	Temporal_Mid_L	Temporal_Mid_R	Temporal_Pole_Mid_L	Temporal_Pole_Mid_R	Temporal_Inf_L	Temporal_Inf_R	Cerebelum_Crus1_L	Cerebelum_Crus1_R	Cerebelum_Crus2_L	Cerebelum_Crus2_R	Cerebelum_3_L	Cerebelum_3_R	Cerebelum_4_5_L	Cerebelum_4_5_R	Cerebelum_6_L	Cerebelum_6_R	Cerebelum_7b_L	Cerebelum_7b_R	Cerebelum_8_L	Cerebelum_8_R	Cerebelum_9_L	Cerebelum_9_R	Cerebelum_10_L	Cerebelum_10_R	Vermis_1_2	Vermis_3	Vermis_4_5	Vermis_6	Vermis_7	Vermis_8	Vermis_9	Vermis_10	
674652	Precentral_L	0	7354	23848	5042	0	0	40986	436	0	0	16928	244	5322	0	0	0	8160	0	6020	9770	0	0	0	1622	0	0	0	0	13924	0	0	2780	0	2754	3596	3428	12322	3396	884	1302	0	0	394	0	174	178	0	0	110	166	5064	0	650	0	3532	1404	47214	938	5302	0	11418	904	3106	894	1618	0	670	248	28194	7256	8128	4572	4314	476	1262	0	8350	1870	4406	0	4048	0	550	0	3650	0	0	0	6148	0	0	0	0	0	0	0	0	0	0	0	0	0	0	0	0	0	0	0	0	0	0	0	0	0	0	0	
351244	Precentral_R	7354	0	5444	17358	0	0	528	15030	0	0	0	8266	0	0	0	0	0	3304	5856	7504	0	0	682	0	0	0	0	0	366	4018	634	120	1170	228	0	1520	358	6872	0	3112	0	0	0	168	0	0	0	0	0	970	0	0	0	462	0	6160	216	20416	0	204	0	3544	0	5362	0	376	0	1926	5900	11682	2152	2144	506	5888	276	468	1130	2070	0	0	0	3804	0	0	0	4074	0	0	0	6000	0	0	0	0	0	0	0	0	0	0	0	0	0	0	0	0	0	0	0	0	0	0	0	0	0	0	
1.34362e+06	Frontal_Sup_L	23848	5444	0	23458	7382	0	95866	5556	4574	0	10168	3098	13922	0	8082	1018	13246	232	96334	31360	0	0	54864	13290	668	0	508	0	47684	692	18270	16056	6946	8844	222	224	13442	2348	174	1134	0	0	0	0	0	0	0	0	0	0	122	0	0	0	3020	774	9194	2906	892	0	8490	2408	2738	2400	0	0	110	0	1000	814	16798	10318	43102	3890	9648	356	4684	1022	3814	0	5666	0	3714	0	1060	0	0	0	3914	0	0	0	0	0	0	0	0	0	0	0	0	0	0	0	0	0	0	0	0	0	0	0	0	0	0	0	
930184	Frontal_Sup_R	5042	17358	23458	0	0	2724	8502	38760	0	0	166	5536	0	4356	0	5554	134	7408	21702	62916	0	0	12126	38100	0	1286	0	0	1938	11762	5300	36504	4246	17418	0	0	0	6492	0	2796	0	0	0	0	0	0	0	0	0	0	0	0	0	0	0	2452	726	7256	0	204	160	2552	0	2224	0	240	0	0	426	444	10622	44540	926	34606	0	5662	260	9550	0	216	0	442	0	0	0	0	0	0	0	0	0	0	0	0	0	0	0	0	0	0	0	0	0	0	0	0	0	0	0	0	0	0	0	0	0	0	
137300	Frontal_Sup_Orb_L	0	0	7382	0	0	0	1938	0	14956	0	0	0	1150	0	14048	0	0	0	0	0	1328	0	2548	126	2446	0	5830	0	3346	0	2204	0	0	0	0	0	0	0	0	0	230	0	0	0	0	0	0	0	0	0	0	0	0	0	0	0	0	0	0	0	0	0	0	0	0	0	0	0	0	0	406	0	10326	0	0	0	0	0	0	0	0	0	386	0	0	0	0	0	0	0	0	0	0	0	0	0	0	0	0	0	0	0	0	0	0	0	0	0	0	0	0	0	0	0	0	0	
114392	Frontal_Sup_Orb_R	0	0	0	2724	0	0	0	0	0	7282	0	0	0	0	0	7984	0	0	0	112	0	1356	140	3160	0	7092	0	9300	0	2042	496	2628	0	0	0	0	0	0	0	0	0	0	0	0	0	0	0	0	0	0	0	0	0	0	0	0	0	0	0	0	0	0	0	0	0	0	0	0	0	0	0	4690	0	8190	0	0	0	0	0	0	0	0	0	0	0	0	0	0	0	0	0	0	0	0	0	0	0	0	0	0	0	0	0	0	0	0	0	0	0	0	0	0	0	0	0	0	
755776	Frontal_Mid_L	40986	528	95866	8502	1938	0	0	714	2980	0	6874	328	33696	0	7146	138	2192	0	5754	1778	0	0	19826	5384	0	0	0	0	29944	0	5210	8350	3428	1166	620	566	12498	798	684	158	0	0	0	0	0	0	0	0	0	0	138	0	0	0	2580	0	7864	732	1142	0	9576	736	3174	736	0	0	162	0	0	318	10788	7880	15278	496	2188	0	4062	214	3790	0	1514	0	1054	0	1182	0	0	0	4232	0	0	0	0	0	0	0	0	0	0	0	0	0	0	0	0	0	0	0	0	0	0	0	0	0	0	0	
308196	Frontal_Mid_R	436	15030	5556	38760	0	0	714	0	0	0	0	12916	0	10754	0	5168	0	8682	4132	2606	0	0	2342	4560	0	0	0	0	322	9926	1166	3614	1942	3466	0	0	0	3172	0	398	0	0	0	0	0	0	0	0	0	0	0	0	0	0	0	690	0	1810	0	0	0	0	0	0	0	0	0	0	282	182	1208	1714	106	10242	0	1240	0	308	0	216	0	438	0	0	0	0	0	0	0	0	0	0	0	0	0	0	0	0	0	0	0	0	0	0	0	0	0	0	0	0	0	0	0	0	0	0	
90756	Frontal_Mid_Orb_L	0	0	4574	0	14956	0	2980	0	0	0	0	0	2090	0	13248	0	0	0	0	0	200	0	132	0	0	0	1850	0	1190	0	230	0	0	0	0	0	0	0	0	0	0	0	0	0	0	0	0	0	0	0	0	0	0	0	0	0	0	0	0	0	0	0	0	0	0	0	0	0	0	0	106	0	3540	0	0	0	0	0	0	0	0	0	282	0	0	0	0	0	0	0	0	0	0	0	0	0	0	0	0	0	0	0	0	0	0	0	0	0	0	0	0	0	0	0	0	0	
34004	Frontal_Mid_Orb_R	0	0	0	0	0	7282	0	0	0	0	0	0	0	0	0	5030	0	0	0	0	0	310	0	0	0	264	0	2506	0	678	0	0	0	0	0	0	0	0	0	0	0	0	0	0	0	0	0	0	0	0	0	0	0	0	0	0	0	0	0	0	0	0	0	0	0	0	0	0	0	0	0	120	0	812	0	0	0	0	0	0	0	0	0	0	0	0	0	0	0	0	0	0	0	0	0	0	0	0	0	0	0	0	0	0	0	0	0	0	0	0	0	0	0	0	0	0	
258932	Frontal_Inf_Oper_L	16928	0	10168	166	0	0	6874	0	0	0	0	0	14052	0	0	0	13778	0	6810	0	0	0	0	0	0	0	0	0	22904	0	192	102	0	0	0	0	1526	0	0	0	0	0	0	0	0	0	0	0	0	0	468	0	0	0	564	0	9112	0	2272	0	3120	0	1094	0	842	0	0	0	0	0	802	128	1572	0	0	0	134	0	876	0	7212	0	6870	0	0	0	0	0	900	0	0	0	0	0	0	0	0	0	0	0	0	0	0	0	0	0	0	0	0	0	0	0	0	0	0	0	
171416	Frontal_Inf_Oper_R	244	8266	3098	5536	0	0	328	12916	0	0	0	0	0	4846	0	800	0	9688	3490	3012	0	0	356	182	0	0	0	0	342	16914	364	142	350	398	0	0	0	418	0	0	0	0	0	0	0	0	0	0	0	0	0	0	0	0	0	0	0	1458	0	0	0	118	0	120	0	0	0	0	0	0	664	1892	152	9138	0	250	226	0	0	0	0	0	0	0	0	0	0	0	0	0	0	0	0	0	0	0	0	0	0	0	0	0	0	0	0	0	0	0	0	0	0	0	0	0	0	0	
240860	Frontal_Inf_Tri_L	5322	0	13922	0	1150	0	33696	0	2090	0	14052	0	0	0	11330	0	1782	0	3978	342	0	0	652	0	0	0	0	0	22430	0	618	146	436	388	0	0	1144	0	0	0	0	0	0	0	0	0	0	0	0	0	0	0	0	0	344	0	2334	0	0	0	0	0	0	0	0	0	0	0	0	0	232	0	1918	0	0	0	0	0	0	0	1036	0	496	0	0	0	0	0	592	0	0	0	0	0	0	0	0	0	0	0	0	0	0	0	0	0	0	0	0	0	0	0	0	0	0	0	
101464	Frontal_Inf_Tri_R	0	0	0	4356	0	0	0	10754	0	0	0	4846	0	0	0	10148	0	358	312	2406	0	0	0	510	0	0	0	0	0	11416	0	0	0	1508	0	0	0	164	0	0	0	0	0	0	0	0	0	0	0	0	0	0	0	0	0	0	0	0	0	0	0	0	0	0	0	0	0	0	0	0	0	912	0	2590	0	452	0	0	0	0	0	0	0	0	0	0	0	0	0	0	0	0	0	0	0	0	0	0	0	0	0	0	0	0	0	0	0	0	0	0	0	0	0	0	0	0	
160528	Frontal_Inf_Orb_L	0	0	8082	0	14048	0	7146	0	13248	0	0	0	11330	0	0	0	0	0	1994	296	1476	0	920	0	0	0	456	0	10464	0	394	114	780	348	0	0	0	0	0	0	216	0	0	0	0	0	0	0	0	0	0	0	0	0	0	0	0	0	0	0	0	0	0	0	0	0	0	0	0	0	0	0	7678	0	0	0	0	0	0	0	0	0	1274	0	0	0	0	0	0	0	0	0	0	0	0	0	0	0	0	0	0	0	0	0	0	0	0	0	0	0	0	0	0	0	0	0	
155116	Frontal_Inf_Orb_R	0	0	1018	5554	0	7984	138	5168	0	5030	0	800	0	10148	0	0	0	0	2920	6794	0	888	444	808	0	0	0	1564	592	10130	128	492	114	5268	0	0	0	154	0	100	0	0	0	0	0	0	0	0	0	0	0	0	0	0	0	0	0	0	0	0	0	0	0	0	0	0	0	0	0	0	1256	5568	168	4218	0	112	0	0	0	0	0	0	0	0	0	0	0	0	0	0	0	0	0	0	0	0	0	0	0	0	0	0	0	0	0	0	0	0	0	0	0	0	0	0	0	0	
209876	Rolandic_Oper_L	8160	0	13246	134	0	0	2192	0	0	0	13778	0	1782	0	0	0	0	0	3886	0	0	0	0	0	0	0	0	0	20676	0	0	0	0	0	0	0	1104	0	0	0	0	0	0	0	0	0	0	0	0	0	242	0	0	0	294	0	8118	0	1234	0	1428	0	1378	0	610	0	0	0	0	0	554	0	672	0	0	0	0	0	2706	0	12926	0	6032	0	1114	0	0	0	2672	0	0	0	0	0	0	0	0	0	0	0	0	0	0	0	0	0	0	0	0	0	0	0	0	0	0	0	
134636	Rolandic_Oper_R	0	3304	232	7408	0	0	0	8682	0	0	0	9688	0	358	0	0	0	0	530	1706	0	0	0	0	0	0	0	0	0	16622	0	0	0	192	0	0	0	862	0	422	0	0	0	0	0	0	0	0	0	0	0	0	0	0	0	514	0	3720	0	248	0	592	0	1622	0	0	0	0	0	0	0	382	0	6466	0	134	0	170	0	838	0	2626	0	0	0	0	0	0	0	0	0	0	0	0	0	0	0	0	0	0	0	0	0	0	0	0	0	0	0	0	0	0	0	0	0	0	
804104	Supp_Motor_Area_L	6020	5856	96334	21702	0	0	5754	4132	0	0	6810	3490	3978	312	1994	2920	3886	530	0	60874	0	0	6976	2674	0	0	0	0	20990	1534	6436	6930	17108	28210	886	0	2514	1292	0	754	0	0	0	0	0	138	0	0	0	104	122	0	0	0	702	524	228	2456	0	0	368	2004	176	1998	0	0	482	184	20202	7578	7800	8544	14412	2358	2546	322	2596	242	0	0	1732	0	2818	0	0	0	0	0	520	0	0	0	0	0	0	0	0	0	0	0	0	0	0	0	0	0	0	0	0	0	0	0	0	0	0	0	
790756	Supp_Motor_Area_R	9770	7504	31360	62916	0	112	1778	2606	0	0	0	3012	342	2406	296	6794	0	1706	60874	0	0	0	2660	10390	0	0	0	0	690	6106	3106	10634	12204	54854	608	3852	146	742	0	148	0	0	0	238	0	562	0	0	0	602	0	252	0	0	0	318	0	3342	0	112	0	170	0	150	0	0	0	2334	19886	31564	2602	20088	574	10224	180	1860	140	2180	0	0	0	228	0	0	0	0	0	0	0	156	0	0	0	0	0	0	0	0	0	0	0	0	0	0	0	0	0	0	0	0	0	0	0	0	0	0	
48636	Olfactory_L	0	0	0	0	1328	0	0	0	200	0	0	0	0	0	1476	0	0	0	0	0	0	4038	0	0	308	0	1390	740	2558	0	1776	1554	0	0	0	0	590	0	218	0	1102	0	0	0	0	0	0	0	0	0	0	0	0	0	148	0	0	0	0	0	0	0	0	0	0	0	0	0	0	0	4408	766	1382	0	0	0	0	0	0	0	0	0	336	0	0	0	0	0	0	0	0	0	0	0	0	0	0	0	0	0	0	0	0	0	0	0	0	0	0	0	0	0	0	0	0	0	
52220	Olfactory_R	0	0	0	0	0	1356	0	0	0	310	0	0	0	0	0	888	0	0	0	0	4038	0	0	0	0	0	938	2358	0	2176	1826	1596	0	0	0	0	0	0	0	0	0	608	0	0	0	0	0	0	0	0	0	0	0	0	0	0	0	0	0	0	0	0	0	0	0	0	0	0	0	0	5886	2060	1762	308	0	0	0	0	0	0	0	0	0	0	0	0	0	0	0	0	0	0	0	0	0	0	0	0	0	0	0	0	0	0	0	0	0	0	0	0	0	0	0	0	0	0	
424192	Frontal_Sup_Medial_L	0	682	54864	12126	2548	140	19826	2342	132	0	0	356	652	0	920	444	0	0	6976	2660	0	0	0	25954	1730	166	302	0	4434	228	20344	20214	7924	9434	0	0	0	0	0	0	0	0	0	0	0	0	0	0	0	0	0	0	0	0	0	0	0	236	0	0	132	222	0	222	0	0	0	0	0	0	4076	3728	6658	1312	0	0	112	0	0	0	0	0	0	0	0	0	0	0	0	0	0	0	0	0	0	0	0	0	0	0	0	0	0	0	0	0	0	0	0	0	0	0	0	0	0	0	
419916	Frontal_Sup_Medial_R	1622	0	13290	38100	126	3160	5384	4560	0	0	0	182	0	510	0	808	0	0	2674	10390	0	0	25954	0	168	3954	0	184	2024	948	8888	38326	642	15988	0	0	0	0	0	0	0	0	0	0	0	0	0	0	0	0	0	0	0	0	0	0	460	0	0	0	106	0	0	0	0	0	0	0	0	0	6044	15992	1434	7600	0	0	104	336	0	0	0	0	0	0	0	0	0	0	0	0	0	0	0	0	0	0	0	0	0	0	0	0	0	0	0	0	0	0	0	0	0	0	0	0	0	0	
20788	Frontal_Med_Orb_L	0	0	668	0	2446	0	0	0	0	0	0	0	0	0	0	0	0	0	0	0	308	0	1730	168	0	0	1714	0	0	0	2228	322	0	0	0	0	0	0	0	0	0	0	0	0	0	0	0	0	0	0	0	0	0	0	0	0	0	0	0	0	0	0	0	0	0	0	0	0	0	0	408	0	402	0	0	0	0	0	0	0	0	0	0	0	0	0	0	0	0	0	0	0	0	0	0	0	0	0	0	0	0	0	0	0	0	0	0	0	0	0	0	0	0	0	0	0	
55560	Frontal_Med_Orb_R	0	0	0	1286	0	7092	0	0	0	264	0	0	0	0	0	0	0	0	0	0	0	0	166	3954	0	0	0	4340	0	0	948	3656	0	0	0	0	0	0	0	0	0	0	0	0	0	0	0	0	0	0	0	0	0	0	0	0	0	0	0	0	0	0	0	0	0	0	0	0	0	0	0	3332	0	2742	0	0	0	0	0	0	0	0	0	0	0	0	0	0	0	0	0	0	0	0	0	0	0	0	0	0	0	0	0	0	0	0	0	0	0	0	0	0	0	0	0	0	
36044	Rectus_L	0	0	508	0	5830	0	0	0	1850	0	0	0	0	0	456	0	0	0	0	0	1390	938	302	0	1714	0	0	346	0	0	1320	564	0	0	0	0	0	0	0	0	0	0	0	0	0	0	0	0	0	0	0	0	0	0	0	0	0	0	0	0	0	0	0	0	0	0	0	0	0	0	1388	0	1416	0	0	0	0	0	0	0	0	0	0	0	0	0	0	0	0	0	0	0	0	0	0	0	0	0	0	0	0	0	0	0	0	0	0	0	0	0	0	0	0	0	0	0	
52600	Rectus_R	0	0	0	0	0	9300	0	0	0	2506	0	0	0	0	0	1564	0	0	0	0	740	2358	0	184	0	4340	346	0	0	938	576	764	0	0	0	0	0	0	0	0	0	0	0	0	0	0	0	0	0	0	0	0	0	0	0	0	0	0	0	0	0	0	0	0	0	0	0	0	0	0	620	928	198	938	0	0	0	0	0	0	0	0	0	0	0	0	0	0	0	0	0	0	0	0	0	0	0	0	0	0	0	0	0	0	0	0	0	0	0	0	0	0	0	0	0	0	
721472	Insula_L	13924	366	47684	1938	3346	0	29944	322	1190	0	22904	342	22430	0	10464	592	20676	0	20990	690	2558	0	4434	2024	0	0	0	0	0	176	2766	3608	2190	868	464	428	21106	362	448	0	3792	0	192	0	0	0	0	0	0	0	238	0	0	0	9714	0	7152	182	1290	0	2710	104	994	102	432	0	226	0	138	0	8888	3762	28710	492	368	0	1188	0	7866	0	12622	0	13922	0	2820	0	0	0	13598	0	0	0	0	0	0	0	0	0	0	0	0	0	0	0	0	0	0	0	0	0	0	0	0	0	0	0	
314712	Insula_R	0	4018	692	11762	0	2042	0	9926	0	678	0	16914	0	11416	0	10130	0	16622	1534	6106	0	2176	228	948	0	0	0	938	176	0	0	376	108	2156	0	0	0	6800	0	3840	0	902	0	104	0	0	0	0	0	0	0	0	0	0	0	4264	0	1128	0	148	0	198	0	162	0	0	0	0	0	0	190	3600	0	24462	0	430	0	494	0	1464	0	4858	0	120	0	1880	0	0	0	3366	0	0	0	0	0	0	0	0	0	0	0	0	0	0	0	0	0	0	0	0	0	0	0	0	0	0	
289704	Cingulum_Ant_L	0	634	18270	5300	2204	496	5210	1166	230	0	192	364	618	0	394	128	0	0	6436	3106	1776	1826	20344	8888	2228	948	1320	576	2766	0	0	20702	6070	4382	210	0	0	0	0	0	0	0	0	0	0	0	0	0	0	0	0	0	0	0	0	0	0	0	0	0	0	0	0	0	0	0	0	0	0	0	12538	3236	11214	1080	0	0	0	0	0	0	0	0	0	0	0	0	0	0	0	0	0	0	0	0	0	0	0	0	0	0	0	0	0	0	0	0	0	0	0	0	0	0	0	0	0	0	
544932	Cingulum_Ant_R	2780	120	16056	36504	0	2628	8350	3614	0	0	102	142	146	0	114	492	0	0	6930	10634	1554	1596	20214	38326	322	3656	564	764	3608	376	20702	0	3102	21968	0	0	310	122	0	0	0	0	0	0	0	0	0	0	0	0	0	0	0	0	0	0	660	0	0	0	292	0	110	0	0	0	0	0	0	0	14930	34034	3682	11638	0	0	180	794	196	0	0	0	0	0	0	0	0	0	154	0	0	0	0	0	0	0	0	0	0	0	0	0	0	0	0	0	0	0	0	0	0	0	0	0	0	0	
206952	Cingulum_Mid_L	0	1170	6946	4246	0	0	3428	1942	0	0	0	350	436	0	780	114	0	0	17108	12204	0	0	7924	642	0	0	0	0	2190	108	6070	3102	0	13008	1524	498	0	660	0	524	0	0	0	0	452	390	0	0	586	0	362	0	0	0	0	430	100	732	124	0	0	570	0	570	0	0	1638	498	7302	1846	120	886	1788	108	0	0	0	0	0	0	0	0	0	0	0	0	0	0	0	0	0	0	0	0	0	0	0	0	0	0	0	0	0	0	0	0	0	0	0	0	0	0	0	0	0	0	
490128	Cingulum_Mid_R	2754	228	8844	17418	0	0	1166	3466	0	0	0	398	388	1508	348	5268	0	192	28210	54854	0	0	9434	15988	0	0	0	0	868	2156	4382	21968	13008	0	368	3514	0	0	0	0	0	0	0	306	0	3058	0	0	0	1550	0	858	0	0	0	0	106	1112	0	0	0	0	0	0	0	0	0	5502	12750	12364	1016	7206	404	2104	0	0	0	0	0	0	0	0	0	0	0	0	0	0	0	0	0	0	0	0	0	0	0	0	0	0	0	0	0	0	0	0	0	0	0	0	0	0	0	0	0	0	
127832	Cingulum_Post_L	3596	0	222	0	0	0	620	0	0	0	0	0	0	0	0	0	0	0	886	608	0	0	0	0	0	0	0	0	464	0	210	0	1524	368	0	10844	6870	4358	2544	966	0	0	4742	0	596	128	1700	0	0	128	240	0	0	0	286	2280	1274	0	0	0	0	0	0	0	0	0	7054	792	6834	654	0	0	0	0	0	0	1280	858	614	0	0	0	0	0	112	0	0	0	264	0	0	0	0	0	0	0	0	0	0	0	0	0	0	0	0	0	0	0	0	0	0	0	0	0	0	0	
197612	Cingulum_Post_R	3428	1520	224	0	0	0	566	0	0	0	0	0	0	0	0	0	0	0	0	3852	0	0	0	0	0	0	0	0	428	0	0	0	498	3514	10844	0	4576	7634	438	1270	0	0	0	1638	0	576	0	914	0	906	0	252	0	988	0	3424	196	2664	0	568	0	1940	0	2434	0	1910	302	18110	2042	6338	0	0	0	146	0	0	2366	1902	568	0	0	270	0	0	0	5096	0	0	0	4084	0	0	0	0	0	0	0	0	0	0	0	0	0	0	0	0	0	0	0	0	380	0	0	0	0	0	
358140	Hippocampus_L	12322	358	13442	0	0	0	12498	0	0	0	1526	0	1144	0	0	0	1104	0	2514	146	590	0	0	0	0	0	0	0	21106	0	0	310	0	0	6870	4576	0	4052	9348	690	7170	0	1964	0	0	0	2098	0	0	0	0	0	0	0	15550	128	1420	162	160	0	1604	134	484	134	0	0	3158	842	0	0	2366	404	14324	122	4048	0	5914	886	3286	0	2238	0	3294	0	740	0	200	0	13490	0	0	0	0	0	0	0	154	0	0	0	0	0	0	0	0	0	0	0	0	0	0	0	0	0	0	0	
316044	Hippocampus_R	3396	6872	2348	6492	0	0	798	3172	0	0	0	418	0	164	0	154	0	862	1292	742	0	0	0	0	0	0	0	0	362	6800	0	122	660	0	4358	7634	4052	0	496	26916	0	7314	0	386	0	0	0	1816	0	0	0	0	0	0	0	27632	168	648	0	0	0	614	0	408	0	0	180	2888	858	0	464	1800	142	17746	0	1654	3166	6538	414	0	0	366	0	866	0	210	0	0	0	3278	0	0	0	0	0	0	0	0	0	0	0	0	0	0	0	0	0	0	0	0	356	0	0	0	0	0	
57360	ParaHippocampal_L	884	0	174	0	0	0	684	0	0	0	0	0	0	0	0	0	0	0	0	0	218	0	0	0	0	0	0	0	448	0	0	0	0	0	2544	438	9348	496	0	0	1150	0	1574	0	0	0	1882	0	0	0	0	0	0	0	2530	0	0	0	0	0	0	0	0	0	0	0	2098	262	0	0	0	0	472	0	144	0	222	0	0	0	0	0	416	0	0	0	188	0	382	0	0	0	0	0	292	0	1128	0	412	0	112	0	0	0	0	0	182	0	0	0	0	0	0	0	0	0	
176696	ParaHippocampal_R	1302	3112	1134	2796	0	0	158	398	0	0	0	0	0	0	0	100	0	422	754	148	0	0	0	0	0	0	0	0	0	3840	0	0	524	0	966	1270	690	26916	0	0	0	3886	0	1294	0	0	0	2686	0	0	0	0	0	0	0	19838	0	110	0	0	0	0	0	0	0	0	0	848	610	0	178	924	0	5542	0	1170	1034	2198	0	0	0	126	0	1966	0	0	0	462	0	616	0	0	0	0	0	0	0	330	0	0	0	0	0	0	0	0	0	0	0	0	0	0	0	0	0	0	
42292	Amygdala_L	0	0	0	0	230	0	0	0	0	0	0	0	0	0	216	0	0	0	0	0	1102	0	0	0	0	0	0	0	3792	0	0	0	0	0	0	0	7170	0	1150	0	0	0	0	0	0	0	0	0	0	0	0	0	0	0	2906	0	0	0	0	0	0	0	0	0	0	0	0	0	0	0	0	0	296	0	0	0	0	0	0	0	0	0	2518	0	0	0	134	0	1632	0	0	0	0	0	0	0	0	0	0	0	0	0	0	0	0	0	0	0	0	0	0	0	0	0	0	0	
42468	Amygdala_R	0	0	0	0	0	0	0	0	0	0	0	0	0	0	0	0	0	0	0	0	0	608	0	0	0	0	0	0	0	902	0	0	0	0	0	0	0	7314	0	3886	0	0	0	0	0	0	0	0	0	0	0	0	0	0	0	5972	0	0	0	0	0	0	0	0	0	0	0	0	0	0	0	0	0	486	0	0	0	0	0	0	0	0	0	2066	0	0	0	0	0	0	0	0	0	0	0	0	0	0	0	0	0	0	0	0	0	0	0	0	0	0	0	0	0	0	0	0	
139600	Calcarine_L	394	0	0	0	0	0	0	0	0	0	0	0	0	0	0	0	0	0	0	0	0	0	0	0	0	0	0	0	192	0	0	0	0	0	4742	0	1964	0	1574	0	0	0	0	722	6888	654	6766	240	4246	336	10300	0	4208	0	3648	0	1058	0	0	0	254	0	236	0	262	0	13126	0	1810	0	0	0	0	0	0	0	0	0	106	0	0	0	0	0	1638	0	0	0	4436	0	0	0	0	0	0	0	0	0	0	0	0	0	0	0	0	0	0	0	0	0	0	0	0	0	0	0	
181608	Calcarine_R	0	168	0	0	0	0	0	0	0	0	0	0	0	0	0	0	0	0	0	238	0	0	0	0	0	0	0	0	0	104	0	0	0	306	0	1638	0	386	0	1294	0	0	722	0	1628	15694	288	18076	0	16138	0	8024	0	4758	0	7376	0	762	0	0	0	104	0	116	0	120	0	9492	0	1106	0	0	0	0	0	0	0	0	0	0	0	0	0	0	0	1658	0	0	0	608	0	0	0	0	0	0	0	0	0	0	0	0	0	0	0	0	0	0	0	0	0	0	0	0	0	0	
104028	Cuneus_L	174	0	0	0	0	0	0	0	0	0	0	0	0	0	0	0	0	0	0	0	0	0	0	0	0	0	0	0	0	0	0	0	452	0	596	0	0	0	0	0	0	0	6888	1628	0	3064	638	0	14080	814	6734	154	1172	0	756	102	744	0	2064	0	144	0	150	0	670	0	7364	0	1520	0	0	0	0	0	0	0	0	0	0	0	0	0	0	0	1142	0	0	0	964	0	0	0	0	0	0	0	0	0	0	0	0	0	0	0	0	0	0	0	0	0	0	0	0	0	0	0	
196932	Cuneus_R	178	0	0	0	0	0	0	0	0	0	0	0	0	0	0	0	0	0	138	562	0	0	0	0	0	0	0	0	0	0	0	0	390	3058	128	576	0	0	0	0	0	0	654	15694	3064	0	0	3316	0	24236	0	9198	0	682	0	1552	0	5126	0	4046	0	156	0	144	0	234	1690	19144	612	3546	0	0	0	0	0	0	0	0	0	0	0	0	0	0	0	170	0	0	0	172	0	0	0	0	0	0	0	0	0	0	0	0	0	0	0	0	0	0	0	0	0	0	0	0	0	0	
151424	Lingual_L	0	0	0	0	0	0	0	0	0	0	0	0	0	0	0	0	0	0	0	0	0	0	0	0	0	0	0	0	0	0	0	0	0	0	1700	0	2098	0	1882	0	0	0	6766	288	638	0	0	688	2098	112	15056	0	4878	0	9272	218	0	0	0	0	0	0	0	0	0	0	3024	0	156	0	0	0	0	0	0	0	0	0	0	0	0	0	0	0	0	0	0	0	554	0	3456	610	0	256	0	0	7124	282	10084	1012	110	0	100	0	116	0	0	0	0	0	1872	1066	196	0	0	0	
152992	Lingual_R	0	0	0	0	0	0	0	0	0	0	0	0	0	0	0	0	0	0	0	0	0	0	0	0	0	0	0	0	0	0	0	0	0	0	0	914	0	1816	0	2686	0	0	240	18076	0	3316	688	0	0	6372	0	4846	0	4946	0	11844	0	336	0	0	0	0	0	100	0	100	0	3912	0	366	0	0	0	0	0	0	0	172	0	0	0	0	0	0	0	844	0	0	0	246	612	2238	0	190	0	0	380	1482	482	3772	0	0	0	0	0	0	0	0	0	0	2068	2556	896	0	0	0	
116628	Occipital_Sup_L	110	0	0	0	0	0	0	0	0	0	0	0	0	0	0	0	0	0	0	0	0	0	0	0	0	0	0	0	0	0	0	0	586	0	0	0	0	0	0	0	0	0	4246	0	14080	0	2098	0	0	0	18306	0	374	0	128	0	598	0	6972	0	506	0	0	0	970	0	7080	0	1054	0	0	0	0	0	0	0	0	0	0	0	0	0	0	0	1076	0	0	0	130	0	0	0	0	0	0	0	0	0	0	0	0	0	0	0	0	0	0	0	0	0	0	0	0	0	0	0	
228228	Occipital_Sup_R	166	970	0	0	0	0	0	0	0	0	0	0	0	0	0	0	0	0	104	602	0	0	0	0	0	0	0	0	0	0	0	0	0	1550	128	906	0	0	0	0	0	0	336	16138	814	24236	112	6372	0	0	0	16202	0	1516	0	2380	0	6534	0	1256	0	2376	0	2520	0	5042	0	12156	436	5588	0	0	0	0	0	0	0	0	0	0	0	102	0	0	0	3164	0	0	0	2408	0	0	0	0	0	0	0	0	0	0	0	0	0	0	0	0	0	0	0	0	0	0	0	0	0	0	
351616	Occipital_Mid_L	5064	0	122	0	0	0	138	0	0	0	468	0	0	0	0	0	242	0	122	0	0	0	0	0	0	0	0	0	238	0	0	0	362	0	240	0	0	0	0	0	0	0	10300	0	6734	0	15056	0	18306	0	0	0	19152	0	10128	0	6188	0	12042	0	13926	0	2462	0	12120	0	7458	0	7632	0	0	0	0	0	0	0	0	0	0	0	1496	0	0	0	17670	0	0	0	8142	0	0	0	0	0	0	0	0	0	0	0	0	0	0	0	0	0	0	0	0	0	0	0	0	0	0	0	
162044	Occipital_Mid_R	0	0	0	0	0	0	0	0	0	0	0	0	0	0	0	0	0	0	0	252	0	0	0	0	0	0	0	0	0	0	0	0	0	858	0	252	0	0	0	0	0	0	0	8024	154	9198	0	4846	0	16202	0	0	0	5070	0	2810	0	1380	0	652	0	4966	0	1068	0	13192	0	3922	232	1430	0	0	0	0	0	0	0	0	0	0	0	262	0	0	0	5236	0	0	0	1016	0	0	0	0	0	0	0	0	0	0	0	0	0	0	0	0	0	0	0	0	0	0	0	0	0	0	
100792	Occipital_Inf_L	650	0	0	0	0	0	0	0	0	0	0	0	0	0	0	0	0	0	0	0	0	0	0	0	0	0	0	0	0	0	0	0	0	0	0	0	0	0	0	0	0	0	4208	0	1172	0	4878	0	374	0	19152	0	0	0	9506	0	244	0	0	0	0	0	0	0	0	0	1474	0	748	0	0	0	0	0	0	0	0	0	0	0	0	0	0	0	2114	0	0	0	5292	0	254	0	0	0	0	0	142	0	188	0	0	0	0	0	0	0	0	0	0	0	0	0	0	0	0	0	
51816	Occipital_Inf_R	0	462	0	0	0	0	0	0	0	0	0	0	0	0	0	0	0	0	0	0	0	0	0	0	0	0	0	0	0	0	0	0	0	0	0	988	0	0	0	0	0	0	0	4758	0	682	0	4946	0	1516	0	5070	0	0	0	3898	0	0	0	0	0	0	0	0	0	0	0	1608	0	172	0	0	0	0	0	0	0	0	0	0	0	0	0	0	0	686	0	0	0	1122	0	0	0	0	0	0	0	0	0	0	0	0	0	0	0	0	0	0	0	0	0	0	0	0	0	0	
305168	Fusiform_L	3532	0	3020	0	0	0	2580	0	0	0	564	0	344	0	0	0	294	0	702	0	148	0	0	0	0	0	0	0	9714	0	0	0	0	0	286	0	15550	0	2530	0	2906	0	3648	0	756	0	9272	0	128	0	10128	0	9506	0	0	0	722	0	0	0	212	0	0	0	0	0	1318	0	660	0	526	106	2002	0	0	0	314	0	926	0	1984	0	2176	0	2048	0	1282	0	18772	0	10630	0	0	0	324	0	11088	0	20624	0	160	0	122	0	524	0	142	0	0	0	120	194	0	0	0	0	
333328	Fusiform_R	1404	6160	774	2452	0	0	0	690	0	0	0	0	0	0	0	0	0	514	524	318	0	0	0	0	0	0	0	0	0	4264	0	0	430	0	2280	3424	128	27632	0	19838	0	5972	0	7376	102	1552	218	11844	0	2380	0	2810	0	3898	0	0	110	184	0	0	0	0	0	0	0	0	0	1148	1422	454	0	376	0	3164	0	0	606	846	0	0	0	1090	0	5910	0	1052	0	1704	0	7066	116	9256	0	1298	0	0	682	4906	274	12394	0	0	0	280	0	0	0	0	0	0	3044	1522	678	98	0	0	
443988	Postcentral_L	47214	216	9194	726	0	0	7864	0	0	0	9112	0	2334	0	0	0	8118	0	228	0	0	0	0	460	0	0	0	0	7152	0	0	660	100	106	1274	196	1420	168	0	0	0	0	1058	0	744	0	0	0	598	0	6188	0	244	0	722	110	0	0	17596	0	32976	0	13260	0	6106	0	3978	0	20748	0	1488	744	842	0	144	0	130	0	2468	0	4944	0	0	0	5670	0	0	0	4694	0	0	0	0	0	0	0	0	0	0	0	0	0	0	0	0	0	0	0	0	0	0	0	0	0	0	0	
344764	Postcentral_R	938	20416	2906	7256	0	0	732	1810	0	0	0	1458	0	0	0	0	0	3720	2456	3342	0	0	236	0	0	0	0	0	182	1128	0	0	732	1112	0	2664	162	648	0	110	0	0	0	762	0	5126	0	336	0	6534	0	1380	0	0	0	184	0	0	0	11132	0	24238	0	26076	0	4486	0	10790	298	14532	1594	1636	0	1348	0	0	706	416	0	212	0	2954	0	0	0	1114	0	0	0	4520	0	0	0	0	0	0	0	0	0	0	0	0	0	0	0	0	0	0	0	0	0	0	0	0	0	0	
198156	Parietal_Sup_L	5302	0	892	0	0	0	1142	0	0	0	2272	0	0	0	0	0	1234	0	0	0	0	0	0	0	0	0	0	0	1290	0	0	0	124	0	0	0	160	0	0	0	0	0	0	0	2064	0	0	0	6972	0	12042	0	0	0	0	0	17596	0	0	0	20872	0	1918	0	6922	0	7268	0	3686	0	0	0	138	0	0	0	0	0	0	0	2042	0	0	0	2494	0	0	0	2648	0	0	0	0	0	0	0	0	0	0	0	0	0	0	0	0	0	0	0	0	0	0	0	0	0	0	0	
85152	Parietal_Sup_R	0	204	0	204	0	0	0	0	0	0	0	0	0	0	0	0	0	248	0	112	0	0	0	0	0	0	0	0	0	148	0	0	0	0	0	568	0	0	0	0	0	0	0	0	0	4046	0	0	0	1256	0	652	0	0	0	0	0	11132	0	0	0	8416	0	3312	0	3850	104	6474	0	678	0	0	0	0	0	0	0	0	0	0	0	596	0	0	0	114	0	0	0	462	0	0	0	0	0	0	0	0	0	0	0	0	0	0	0	0	0	0	0	0	0	0	0	0	0	0	
355376	Parietal_Inf_L	11418	0	8490	160	0	0	9576	0	0	0	3120	0	0	0	0	0	1428	0	368	0	0	0	132	106	0	0	0	0	2710	0	0	292	0	0	0	0	1604	0	0	0	0	0	254	0	144	0	0	0	506	0	13926	0	0	0	212	0	32976	0	20872	0	0	0	25476	0	19312	0	396	0	1684	0	904	466	1842	0	400	0	200	0	458	0	3654	0	122	0	10422	0	0	0	4058	0	0	0	0	0	0	0	0	0	0	0	0	0	0	0	0	0	0	0	0	0	0	0	0	0	0	0	
235500	Parietal_Inf_R	904	3544	2408	2552	0	0	736	0	0	0	0	118	0	0	0	0	0	592	2004	170	0	0	222	0	0	0	0	0	104	198	0	0	570	0	0	1940	134	614	0	0	0	0	0	104	0	156	0	0	0	2376	0	4966	0	0	0	0	0	24238	0	8416	0	0	0	31714	0	17452	0	2132	0	1350	1034	1618	0	380	0	0	680	396	0	0	0	740	0	0	0	2116	0	0	0	1072	0	0	0	0	0	0	0	0	0	0	0	0	0	0	0	0	0	0	0	0	0	0	0	0	0	0	
170688	SupraMarginal_L	3106	0	2738	0	0	0	3174	0	0	0	1094	0	0	0	0	0	1378	0	176	0	0	0	0	0	0	0	0	0	994	0	0	110	0	0	0	0	484	0	0	0	0	0	236	0	150	0	0	0	0	0	2462	0	0	0	0	0	13260	0	1918	0	25476	0	0	0	6758	0	258	0	842	0	420	202	504	0	136	0	0	0	380	0	6314	0	110	0	10806	0	0	0	1858	0	0	0	0	0	0	0	0	0	0	0	0	0	0	0	0	0	0	0	0	0	0	0	0	0	0	0	
237392	SupraMarginal_R	894	5362	2400	2224	0	0	736	0	0	0	0	120	0	0	0	0	0	1622	1998	150	0	0	222	0	0	0	0	0	102	162	0	0	570	0	0	2434	134	408	0	0	0	0	0	116	0	144	0	100	0	2520	0	1068	0	0	0	0	0	26076	0	3312	0	31714	0	0	0	14636	0	1870	0	1470	1016	1584	0	408	0	0	670	276	0	0	0	2210	0	0	0	5594	0	0	0	4374	0	0	0	0	0	0	0	0	0	0	0	0	0	0	0	0	0	0	0	0	0	0	0	0	0	0	
133512	Angular_L	1618	0	0	0	0	0	0	0	0	0	842	0	0	0	0	0	610	0	0	0	0	0	0	0	0	0	0	0	432	0	0	0	0	0	0	0	0	0	0	0	0	0	262	0	670	0	0	0	970	0	12120	0	0	0	0	0	6106	0	6922	0	19312	0	6758	0	0	0	608	0	734	0	0	0	0	0	0	0	0	0	0	0	876	0	0	0	6884	0	0	0	1032	0	0	0	0	0	0	0	0	0	0	0	0	0	0	0	0	0	0	0	0	0	0	0	0	0	0	0	
142820	Angular_R	0	376	0	240	0	0	0	0	0	0	0	0	0	0	0	0	0	0	0	0	0	0	0	0	0	0	0	0	0	0	0	0	0	0	0	1910	0	0	0	0	0	0	0	120	0	234	0	100	0	5042	0	13192	0	0	0	0	0	4486	0	3850	0	17452	0	14636	0	0	0	2232	0	1224	0	0	0	0	0	0	0	0	0	0	0	1104	0	0	0	4628	0	0	0	584	0	0	0	0	0	0	0	0	0	0	0	0	0	0	0	0	0	0	0	0	0	0	0	0	0	0	
171608	Precuneus_L	670	0	110	0	0	0	162	0	0	0	0	0	0	0	0	0	0	0	482	0	0	0	0	0	0	0	0	0	226	0	0	0	1638	0	7054	302	3158	180	2098	0	0	0	13126	0	7364	1690	3024	0	7080	0	7458	0	1474	0	1318	0	3978	0	7268	104	396	0	258	0	608	0	0	3494	6440	0	0	0	0	0	0	0	0	0	162	0	0	0	0	0	1846	0	0	0	2636	0	0	0	0	0	0	0	0	0	0	0	0	0	0	0	0	0	0	0	0	0	0	0	0	0	0	0	
266300	Precuneus_R	248	1926	0	0	0	0	0	0	0	0	0	0	0	0	0	0	0	0	184	2334	0	0	0	0	0	0	0	0	0	0	0	0	498	5502	792	18110	842	2888	262	848	0	0	0	9492	0	19144	0	3912	0	12156	0	3922	0	1608	0	1148	0	10790	0	6474	0	2132	0	1870	0	2232	3494	0	1138	11084	0	0	0	0	0	0	360	154	0	0	0	180	0	0	0	3900	0	0	0	3086	0	0	0	0	0	0	0	0	0	0	0	0	0	0	0	0	0	0	0	0	440	0	0	0	0	0	
373764	Paracentral_Lobule_L	28194	5900	1000	426	0	0	0	282	0	0	0	0	0	0	0	0	0	0	20202	19886	0	0	0	0	0	0	0	0	138	0	0	0	7302	12750	6834	2042	0	858	0	610	0	0	1810	0	1520	612	156	0	1054	436	7632	232	748	0	660	1422	20748	298	3686	0	1684	0	842	0	734	0	6440	1138	0	15508	374	270	178	0	0	0	1006	154	0	0	402	0	0	0	6248	0	0	0	4466	0	0	0	0	0	0	0	0	0	0	0	0	0	0	0	0	0	0	0	0	0	0	0	0	0	0	0	
285156	Paracentral_Lobule_R	7256	11682	814	444	0	0	318	182	0	0	0	0	0	0	0	0	0	0	7578	31564	0	0	0	0	0	0	0	0	0	0	0	0	1846	12364	654	6338	0	0	0	0	0	0	0	1106	0	3546	0	366	0	5588	0	1430	0	172	0	454	0	14532	0	678	0	1350	0	1470	0	1224	0	11084	15508	0	0	0	124	0	0	0	102	0	0	0	0	716	0	0	0	692	0	0	0	1396	0	0	0	0	0	0	0	0	0	0	0	0	0	0	0	0	0	0	0	0	0	0	0	0	0	0	
412152	Caudate_L	8128	2152	16798	10622	406	0	10788	1208	106	0	802	664	232	0	0	1256	554	0	7800	2602	4408	5886	4076	6044	408	0	1388	620	8888	190	12538	14930	120	1016	0	0	2366	464	0	178	0	0	0	0	0	0	0	0	0	0	0	0	0	0	526	0	1488	1594	0	0	904	1034	420	1016	0	0	0	0	374	0	0	20080	24522	2048	3434	210	19184	216	216	0	258	0	442	0	0	0	0	0	472	0	0	0	0	0	0	0	0	0	0	0	0	0	0	0	0	0	0	0	0	0	0	0	0	0	0	0	
555908	Caudate_R	4572	2144	10318	44540	0	4690	7880	1714	0	120	128	1892	0	912	0	5568	0	382	8544	20088	766	2060	3728	15992	0	3332	0	928	3762	3600	3236	34034	886	7206	0	0	404	1800	0	924	0	0	0	0	0	0	0	0	0	0	0	0	0	0	106	376	744	1636	0	0	466	1618	202	1584	0	0	0	0	270	0	20080	0	3912	29234	124	2870	1434	16752	212	0	0	0	0	0	0	0	0	0	184	0	0	0	0	0	0	0	0	0	0	0	0	0	0	0	0	0	0	0	0	0	0	0	0	0	0	0	
474660	Putamen_L	4314	506	43102	926	10326	0	15278	106	3540	0	1572	152	1918	0	7678	168	672	0	14412	574	1382	1762	6658	1434	402	0	1416	198	28710	0	11214	3682	1788	404	0	0	14324	142	472	0	296	0	0	0	0	0	0	0	0	0	0	0	0	0	2002	0	842	0	138	0	1842	0	504	0	0	0	0	0	178	124	24522	3912	0	618	12674	0	4940	100	208	0	588	0	3196	0	0	0	0	0	1414	0	0	0	0	0	0	0	0	0	0	0	0	0	0	0	0	0	0	0	0	0	0	0	0	0	0	0	
459912	Putamen_R	476	5888	3890	34606	0	8190	496	10242	0	812	0	9138	0	2590	0	4218	0	6466	2358	10224	0	308	1312	7600	0	2742	0	938	492	24462	1080	11638	108	2104	0	146	122	17746	0	5542	0	486	0	0	0	0	0	0	0	0	0	0	0	0	0	3164	0	1348	0	0	0	380	0	408	0	0	0	0	0	0	2048	29234	618	0	0	8166	452	6944	0	0	0	524	0	144	0	0	0	0	0	106	0	0	0	0	0	0	0	0	0	0	0	0	0	0	0	0	0	0	0	0	0	0	0	0	0	0	
80260	Pallidum_L	1262	276	9648	0	0	0	2188	0	0	0	0	0	0	0	0	0	0	0	2546	180	0	0	0	0	0	0	0	0	368	0	0	0	0	0	0	0	4048	0	144	0	0	0	0	0	0	0	0	0	0	0	0	0	0	0	0	0	144	0	0	0	400	0	136	0	0	0	0	0	0	0	3434	124	12674	0	0	0	2558	0	0	0	0	0	0	0	0	0	0	0	0	0	0	0	0	0	0	0	0	0	0	0	0	0	0	0	0	0	0	0	0	0	0	0	0	0	0	0	
52096	Pallidum_R	0	468	356	5662	0	0	0	1240	0	0	0	250	0	452	0	112	0	134	322	1860	0	0	0	0	0	0	0	0	0	430	0	0	0	0	0	0	0	1654	0	1170	0	0	0	0	0	0	0	0	0	0	0	0	0	0	0	0	0	0	0	0	0	0	0	0	0	0	0	0	0	0	210	2870	0	8166	0	0	0	692	0	0	0	0	0	0	0	0	0	0	0	0	0	0	0	0	0	0	0	0	0	0	0	0	0	0	0	0	0	0	0	0	0	0	0	0	0	0	
148196	Thalamus_L	8350	1130	4684	260	0	0	4062	0	0	0	134	226	0	0	0	0	0	0	2596	140	0	0	112	104	0	0	0	0	1188	0	0	180	0	0	1280	2366	5914	3166	222	1034	0	0	0	0	0	0	0	0	0	0	0	0	0	0	314	606	130	706	0	0	200	680	0	670	0	0	0	360	1006	102	19184	1434	4940	452	2558	0	0	3148	140	0	0	0	156	0	0	0	0	0	164	0	0	0	0	0	0	0	0	0	0	0	0	0	0	0	0	0	0	0	0	0	0	0	0	0	0	0	
123796	Thalamus_R	1870	2070	1022	9550	0	0	214	308	0	0	0	0	0	0	0	0	0	170	242	2180	0	0	0	336	0	0	0	0	0	494	0	794	0	0	858	1902	886	6538	0	2198	0	0	0	0	0	0	0	172	0	0	0	0	0	0	0	846	0	416	0	0	0	396	0	276	0	0	0	154	154	0	216	16752	100	6944	0	692	3148	0	0	0	0	0	0	0	0	0	0	0	0	0	0	0	0	0	0	0	0	0	0	0	0	0	0	0	0	0	0	0	0	0	0	0	0	0	0	0	
88564	Heschl_L	4406	0	3814	0	0	0	3790	0	0	0	876	0	0	0	0	0	2706	0	0	0	0	0	0	0	0	0	0	0	7866	0	0	196	0	0	614	568	3286	414	0	0	0	0	106	0	0	0	0	0	0	0	0	0	0	0	926	0	2468	0	0	0	458	0	380	0	0	0	162	0	0	0	216	212	208	0	0	0	140	0	0	0	2620	0	0	0	2826	0	0	0	5024	0	0	0	0	0	0	0	0	0	0	0	0	0	0	0	0	0	0	0	0	0	0	0	0	0	0	0	
11276	Heschl_R	0	0	0	216	0	0	0	216	0	0	0	0	0	0	0	0	0	838	0	0	0	0	0	0	0	0	0	0	0	1464	0	0	0	0	0	0	0	0	0	0	0	0	0	0	0	0	0	0	0	0	0	0	0	0	0	0	0	212	0	0	0	0	0	0	0	0	0	0	0	0	0	0	0	0	0	0	0	0	0	0	0	2328	0	0	0	364	0	0	0	0	0	0	0	0	0	0	0	0	0	0	0	0	0	0	0	0	0	0	0	0	0	0	0	0	0	0	
222176	Temporal_Sup_L	4048	0	5666	0	0	0	1514	0	0	0	7212	0	1036	0	0	0	12926	0	1732	0	0	0	0	0	0	0	0	0	12622	0	0	0	0	0	0	0	2238	0	0	0	0	0	0	0	0	0	0	0	0	0	1496	0	0	0	1984	0	4944	0	2042	0	3654	0	6314	0	876	0	0	0	402	0	258	0	588	0	0	0	0	0	2620	0	0	0	6340	0	18120	0	0	0	12456	0	0	0	0	0	0	0	0	0	0	0	0	0	0	0	0	0	0	0	0	0	0	0	0	0	0	0	
77064	Temporal_Sup_R	0	3804	0	442	0	0	0	438	0	0	0	0	0	0	0	0	0	2626	0	228	0	0	0	0	0	0	0	0	0	4858	0	0	0	0	0	270	0	366	0	126	0	0	0	0	0	0	0	0	0	102	0	262	0	0	0	1090	0	2954	0	596	0	740	0	2210	0	1104	0	180	0	716	0	0	0	524	0	0	0	0	0	2328	0	0	0	2066	0	6312	0	200	0	3990	0	0	0	0	0	0	0	0	0	0	0	0	0	0	0	0	0	0	0	0	0	0	0	0	0	0	
143268	Temporal_Pole_Sup_L	550	0	3714	0	386	0	1054	0	282	0	6870	0	496	0	1274	0	6032	0	2818	0	336	0	0	0	0	0	0	0	13922	0	0	0	0	0	0	0	3294	0	416	0	2518	0	0	0	0	0	0	0	0	0	0	0	0	0	2176	0	0	0	0	0	122	0	110	0	0	0	0	0	0	0	442	0	3196	0	0	0	156	0	0	0	6340	0	0	0	5820	0	3214	0	6096	0	0	0	0	0	0	0	0	0	0	0	0	0	0	0	0	0	0	0	0	0	0	0	0	0	0	0	
38792	Temporal_Pole_Sup_R	0	0	0	0	0	0	0	0	0	0	0	0	0	0	0	0	0	0	0	0	0	0	0	0	0	0	0	0	0	120	0	0	0	0	0	0	0	866	0	1966	0	2066	0	0	0	0	0	0	0	0	0	0	0	0	0	5910	0	0	0	0	0	0	0	0	0	0	0	0	0	0	0	0	0	144	0	0	0	0	0	0	0	2066	0	0	0	1610	0	1686	0	2962	0	0	0	0	0	0	0	0	0	0	0	0	0	0	0	0	0	0	0	0	0	0	0	0	0	0	
290780	Temporal_Mid_L	3650	0	1060	0	0	0	1182	0	0	0	0	0	0	0	0	0	1114	0	0	0	0	0	0	0	0	0	0	0	2820	0	0	0	0	0	112	0	740	0	0	0	0	0	1638	0	1142	0	0	0	1076	0	17670	0	2114	0	2048	0	5670	0	2494	0	10422	0	10806	0	6884	0	1846	0	6248	0	0	0	0	0	0	0	0	0	2826	0	18120	0	5820	0	0	0	3952	0	33936	0	0	0	0	0	0	0	0	0	0	0	0	0	0	0	0	0	0	0	0	0	0	0	0	0	0	0	
134780	Temporal_Mid_R	0	4074	0	0	0	0	0	0	0	0	0	0	0	0	0	0	0	0	0	0	0	0	0	0	0	0	0	0	0	1880	0	0	0	0	0	5096	0	210	0	0	0	0	0	1658	0	170	0	844	0	3164	0	5236	0	686	0	1052	0	1114	0	114	0	2116	0	5594	0	4628	0	3900	0	692	0	0	0	0	0	0	0	0	0	364	0	6312	0	1610	0	0	0	454	0	16422	0	0	0	0	0	0	0	0	0	0	0	0	0	0	0	0	0	0	0	0	0	0	0	0	0	0	
25976	Temporal_Pole_Mid_L	0	0	0	0	0	0	0	0	0	0	0	0	0	0	0	0	0	0	0	0	0	0	0	0	0	0	0	0	0	0	0	0	0	0	0	0	200	0	188	0	134	0	0	0	0	0	0	0	0	0	0	0	0	0	1282	0	0	0	0	0	0	0	0	0	0	0	0	0	0	0	0	0	0	0	0	0	0	0	0	0	0	0	3214	0	3952	0	0	0	4018	0	0	0	0	0	0	0	0	0	0	0	0	0	0	0	0	0	0	0	0	0	0	0	0	0	0	0	
9012	Temporal_Pole_Mid_R	0	0	0	0	0	0	0	0	0	0	0	0	0	0	0	0	0	0	0	0	0	0	0	0	0	0	0	0	0	0	0	0	0	0	0	0	0	0	0	462	0	0	0	0	0	0	0	0	0	0	0	0	0	0	0	1704	0	0	0	0	0	0	0	0	0	0	0	0	0	0	0	0	0	0	0	0	0	0	0	0	0	200	0	1686	0	454	0	0	0	0	0	0	0	0	0	0	0	0	0	0	0	0	0	0	0	0	0	0	0	0	0	0	0	0	0	0	
345920	Temporal_Inf_L	6148	0	3914	0	0	0	4232	0	0	0	900	0	592	0	0	0	2672	0	520	0	0	0	0	0	0	0	0	0	13598	0	0	154	0	0	264	0	13490	0	382	0	1632	0	4436	0	964	0	554	0	130	0	8142	0	5292	0	18772	0	4694	0	2648	0	4058	0	1858	0	1032	0	2636	0	4466	0	472	184	1414	0	0	0	164	0	5024	0	12456	0	6096	0	33936	0	4018	0	0	0	892	0	0	0	0	0	0	0	124	0	0	0	0	0	0	0	0	0	0	0	0	0	0	0	0	0	
143952	Temporal_Inf_R	0	6000	0	0	0	0	0	0	0	0	0	0	0	0	0	0	0	0	0	156	0	0	0	0	0	0	0	0	0	3366	0	0	0	0	0	4084	0	3278	0	616	0	0	0	608	0	172	0	246	0	2408	0	1016	0	1122	0	7066	0	4520	0	462	0	1072	0	4374	0	584	0	3086	0	1396	0	0	0	106	0	0	0	0	0	0	0	3990	0	2962	0	16422	0	0	0	0	0	1630	0	218	0	0	0	0	0	450	0	112	0	178	0	0	0	0	0	0	176	100	0	0	0	0	
259428	Cerebelum_Crus1_L	0	0	0	0	0	0	0	0	0	0	0	0	0	0	0	0	0	0	0	0	0	0	0	0	0	0	0	0	0	0	0	0	0	0	0	0	0	0	0	0	0	0	0	0	0	0	3456	612	0	0	0	0	254	0	10630	116	0	0	0	0	0	0	0	0	0	0	0	0	0	0	0	0	0	0	0	0	0	0	0	0	0	0	0	0	0	0	0	0	892	0	0	478	20162	344	1276	0	13808	244	42252	654	10650	0	11632	120	2966	486	786	0	0	0	2172	2856	1656	550	560	102	
299392	Cerebelum_Crus1_R	0	0	0	0	0	0	0	0	0	0	0	0	0	0	0	0	0	0	0	0	0	0	0	0	0	0	0	0	0	0	0	0	0	0	0	0	0	0	0	0	0	0	0	0	0	0	610	2238	0	0	0	0	0	0	0	9256	0	0	0	0	0	0	0	0	0	0	0	0	0	0	0	0	0	0	0	0	0	0	0	0	0	0	0	0	0	0	0	0	0	1630	478	0	492	39044	0	2118	1372	7898	690	37998	0	7442	0	14454	0	1828	0	464	0	846	7384	7840	5104	370	140	0	
114144	Cerebelum_Crus2_L	0	0	0	0	0	0	0	0	0	0	0	0	0	0	0	0	0	0	0	0	0	0	0	0	0	0	0	0	0	0	0	0	0	0	0	0	0	0	0	0	0	0	0	0	0	0	0	0	0	0	0	0	0	0	0	0	0	0	0	0	0	0	0	0	0	0	0	0	0	0	0	0	0	0	0	0	0	0	0	0	0	0	0	0	0	0	0	0	0	0	20162	492	0	1120	0	0	972	0	2508	140	14214	776	10850	470	966	234	316	0	0	0	214	694	1736	948	260	0	
210484	Cerebelum_Crus2_R	0	0	0	0	0	0	0	0	0	0	0	0	0	0	0	0	0	0	0	0	0	0	0	0	0	0	0	0	0	0	0	0	0	0	0	0	0	0	0	0	0	0	0	0	0	0	256	190	0	0	0	0	0	0	0	1298	0	0	0	0	0	0	0	0	0	0	0	0	0	0	0	0	0	0	0	0	0	0	0	0	0	0	0	0	0	0	0	0	0	218	344	39044	1120	0	0	854	586	3394	410	16344	126	10720	0	15342	0	1606	0	364	0	502	3996	3032	4664	670	162	0	
26432	Cerebelum_3_L	0	0	0	0	0	0	0	0	0	0	0	0	0	0	0	0	0	0	0	0	0	0	0	0	0	0	0	0	0	0	0	0	0	0	0	0	0	0	292	0	0	0	0	0	0	0	0	0	0	0	0	0	0	0	324	0	0	0	0	0	0	0	0	0	0	0	0	0	0	0	0	0	0	0	0	0	0	0	0	0	0	0	0	0	0	0	0	0	0	0	1276	0	0	0	0	0	6852	0	2348	0	110	0	0	0	930	0	0	0	434	406	244	0	0	0	0	0	
37216	Cerebelum_3_R	0	0	0	0	0	0	0	0	0	0	0	0	0	0	0	0	0	0	0	0	0	0	0	0	0	0	0	0	0	0	0	0	0	0	0	0	0	0	0	0	0	0	0	0	0	0	0	0	0	0	0	0	0	0	0	0	0	0	0	0	0	0	0	0	0	0	0	0	0	0	0	0	0	0	0	0	0	0	0	0	0	0	0	0	0	0	0	0	0	0	0	2118	0	854	0	0	0	5180	0	4818	0	130	0	564	0	742	0	0	376	1356	1062	340	354	374	340	0	
214152	Cerebelum_4_5_L	0	0	0	0	0	0	0	0	0	0	0	0	0	0	0	0	0	0	0	0	0	0	0	0	0	0	0	0	0	0	0	0	0	0	0	0	154	0	1128	0	0	0	0	0	0	0	7124	380	0	0	0	0	142	0	11088	682	0	0	0	0	0	0	0	0	0	0	0	0	0	0	0	0	0	0	0	0	0	0	0	0	0	0	0	0	0	0	0	0	0	0	13808	1372	972	586	6852	0	0	1462	35754	2232	1602	0	1920	0	4202	726	494	0	106	466	8576	2882	118	442	962	844	
117028	Cerebelum_4_5_R	0	0	0	0	0	0	0	0	0	0	0	0	0	0	0	0	0	0	0	0	0	0	0	0	0	0	0	0	0	0	0	0	0	0	0	0	0	0	0	330	0	0	0	0	0	0	282	1482	0	0	0	0	0	0	0	4906	0	0	0	0	0	0	0	0	0	0	0	0	0	0	0	0	0	0	0	0	0	0	0	0	0	0	0	0	0	0	0	0	0	0	244	7898	0	3394	0	5180	1462	0	630	21062	0	220	0	1020	0	232	0	0	0	1020	6876	850	708	514	204	0	
287804	Cerebelum_6_L	0	0	0	0	0	0	0	0	0	0	0	0	0	0	0	0	0	0	0	0	0	0	0	0	0	0	0	0	0	0	0	0	0	0	0	0	0	0	412	0	0	0	0	0	0	0	10084	482	0	0	0	0	188	0	20624	274	0	0	0	0	0	0	0	0	0	0	0	0	0	0	0	0	0	0	0	0	0	0	0	0	0	0	0	0	0	0	0	0	124	0	42252	690	2508	410	2348	0	35754	630	0	1172	4192	0	3988	0	5214	782	592	0	0	0	4666	3744	998	788	818	168	
272596	Cerebelum_6_R	0	0	0	0	0	0	0	0	0	0	0	0	0	0	0	0	0	0	0	0	0	0	0	0	0	0	0	0	0	0	0	0	0	0	0	0	0	0	0	0	0	0	0	0	0	0	1012	3772	0	0	0	0	0	0	0	12394	0	0	0	0	0	0	0	0	0	0	0	0	0	0	0	0	0	0	0	0	0	0	0	0	0	0	0	0	0	0	0	0	0	450	654	37998	140	16344	0	4818	2232	21062	1172	0	0	914	0	3706	0	650	0	242	0	1002	11194	10094	5218	1054	176	0	
95324	Cerebelum_7b_L	0	0	0	0	0	0	0	0	0	0	0	0	0	0	0	0	0	0	0	0	0	0	0	0	0	0	0	0	0	0	0	0	0	0	0	0	0	0	112	0	0	0	0	0	0	0	110	0	0	0	0	0	0	0	160	0	0	0	0	0	0	0	0	0	0	0	0	0	0	0	0	0	0	0	0	0	0	0	0	0	0	0	0	0	0	0	0	0	0	0	10650	0	14214	126	110	0	1602	0	4192	0	0	130	11716	178	2128	238	866	0	0	0	236	280	208	406	0	0	
61940	Cerebelum_7b_R	0	0	0	0	0	0	0	0	0	0	0	0	0	0	0	0	0	0	0	0	0	0	0	0	0	0	0	0	0	0	0	0	0	0	0	0	0	0	0	0	0	0	0	0	0	0	0	0	0	0	0	0	0	0	0	0	0	0	0	0	0	0	0	0	0	0	0	0	0	0	0	0	0	0	0	0	0	0	0	0	0	0	0	0	0	0	0	0	0	112	0	7442	776	10720	0	130	0	220	0	914	130	0	0	8764	0	610	0	0	0	0	0	0	838	314	0	0	
109356	Cerebelum_8_L	0	0	0	0	0	0	0	0	0	0	0	0	0	0	0	0	0	0	0	0	0	0	0	0	0	0	0	0	0	0	0	0	0	0	0	0	0	0	0	0	0	0	0	0	0	0	100	0	0	0	0	0	0	0	122	0	0	0	0	0	0	0	0	0	0	0	0	0	0	0	0	0	0	0	0	0	0	0	0	0	0	0	0	0	0	0	0	0	0	0	11632	0	10850	0	0	0	1920	0	3988	0	11716	0	0	240	8554	330	2674	0	0	0	296	484	544	850	378	0	
119644	Cerebelum_8_R	0	0	0	0	0	0	0	0	0	0	0	0	0	0	0	0	0	0	0	0	0	0	0	0	0	0	0	0	0	0	0	0	0	0	0	0	0	0	0	0	0	0	0	0	0	0	0	0	0	0	0	0	0	0	0	280	0	0	0	0	0	0	0	0	0	0	0	0	0	0	0	0	0	0	0	0	0	0	0	0	0	0	0	0	0	0	0	0	0	178	120	14454	470	15342	0	564	0	1020	0	3706	178	8764	240	0	0	7650	0	758	0	110	246	828	2254	2060	600	0	
64612	Cerebelum_9_L	0	0	0	0	0	0	0	0	0	0	0	0	0	0	0	0	0	0	0	0	0	0	0	0	0	0	0	0	0	0	0	0	0	0	0	0	0	0	0	0	0	0	0	0	0	0	116	0	0	0	0	0	0	0	524	0	0	0	0	0	0	0	0	0	0	0	0	0	0	0	0	0	0	0	0	0	0	0	0	0	0	0	0	0	0	0	0	0	0	0	2966	0	966	0	930	0	4202	0	5214	0	2128	0	8554	0	0	332	3218	0	0	0	1316	888	126	196	488	142	
63380	Cerebelum_9_R	0	0	0	0	0	0	0	0	0	0	0	0	0	0	0	0	0	0	0	0	0	0	0	0	0	0	0	0	0	0	0	0	0	0	0	0	0	0	0	0	0	0	0	0	0	0	0	0	0	0	0	0	0	0	0	0	0	0	0	0	0	0	0	0	0	0	0	0	0	0	0	0	0	0	0	0	0	0	0	0	0	0	0	0	0	0	0	0	0	0	486	1828	234	1606	0	742	726	232	782	650	238	610	330	7650	332	0	0	1386	114	116	1440	2954	1370	3224	3488	1152	
18540	Cerebelum_10_L	0	0	0	0	0	0	0	0	0	0	0	0	0	0	0	0	0	0	0	0	0	0	0	0	0	0	0	0	0	0	0	0	0	0	0	0	0	0	182	0	0	0	0	0	0	0	0	0	0	0	0	0	0	0	142	0	0	0	0	0	0	0	0	0	0	0	0	0	0	0	0	0	0	0	0	0	0	0	0	0	0	0	0	0	0	0	0	0	0	0	786	0	316	0	0	0	494	0	592	0	866	0	2674	0	3218	0	0	0	0	0	0	0	0	0	0	0	
6428	Cerebelum_10_R	0	0	0	0	0	0	0	0	0	0	0	0	0	0	0	0	0	0	0	0	0	0	0	0	0	0	0	0	0	0	0	0	0	0	0	0	0	0	0	0	0	0	0	0	0	0	0	0	0	0	0	0	0	0	0	0	0	0	0	0	0	0	0	0	0	0	0	0	0	0	0	0	0	0	0	0	0	0	0	0	0	0	0	0	0	0	0	0	0	0	0	464	0	364	0	0	0	0	0	242	0	0	0	758	0	1386	0	0	0	0	0	0	0	0	0	0	
6616	Vermis_1_2	0	0	0	0	0	0	0	0	0	0	0	0	0	0	0	0	0	0	0	0	0	0	0	0	0	0	0	0	0	0	0	0	0	0	0	0	0	0	0	0	0	0	0	0	0	0	0	0	0	0	0	0	0	0	0	0	0	0	0	0	0	0	0	0	0	0	0	0	0	0	0	0	0	0	0	0	0	0	0	0	0	0	0	0	0	0	0	0	0	0	0	0	0	0	434	376	106	0	0	0	0	0	0	0	0	114	0	0	0	2102	176	0	0	0	0	0	
17960	Vermis_3	0	0	0	0	0	0	0	0	0	0	0	0	0	0	0	0	0	0	0	0	0	0	0	0	0	0	0	0	0	0	0	0	0	0	0	0	0	0	0	0	0	0	0	0	0	0	0	0	0	0	0	0	0	0	0	0	0	0	0	0	0	0	0	0	0	0	0	0	0	0	0	0	0	0	0	0	0	0	0	0	0	0	0	0	0	0	0	0	0	0	0	846	0	502	406	1356	466	1020	0	1002	0	0	0	110	0	116	0	0	2102	0	910	0	144	0	0	0	
141720	Vermis_4_5	0	0	0	0	0	0	0	0	0	0	0	0	0	0	0	0	0	0	0	0	0	0	0	0	0	0	0	0	0	0	0	0	0	0	0	380	0	356	0	0	0	0	0	0	0	0	1872	2068	0	0	0	0	0	0	120	3044	0	0	0	0	0	0	0	0	0	0	0	440	0	0	0	0	0	0	0	0	0	0	0	0	0	0	0	0	0	0	0	0	0	176	2172	7384	214	3996	244	1062	8576	6876	4666	11194	236	0	296	246	1316	1440	0	0	176	910	0	6180	528	1308	1866	1518	
124872	Vermis_6	0	0	0	0	0	0	0	0	0	0	0	0	0	0	0	0	0	0	0	0	0	0	0	0	0	0	0	0	0	0	0	0	0	0	0	0	0	0	0	0	0	0	0	0	0	0	1066	2556	0	0	0	0	0	0	194	1522	0	0	0	0	0	0	0	0	0	0	0	0	0	0	0	0	0	0	0	0	0	0	0	0	0	0	0	0	0	0	0	0	0	100	2856	7840	694	3032	0	340	2882	850	3744	10094	280	0	484	828	888	2954	0	0	0	0	6180	0	4758	3374	3476	1444	
74800	Vermis_7	0	0	0	0	0	0	0	0	0	0	0	0	0	0	0	0	0	0	0	0	0	0	0	0	0	0	0	0	0	0	0	0	0	0	0	0	0	0	0	0	0	0	0	0	0	0	196	896	0	0	0	0	0	0	0	678	0	0	0	0	0	0	0	0	0	0	0	0	0	0	0	0	0	0	0	0	0	0	0	0	0	0	0	0	0	0	0	0	0	0	1656	5104	1736	4664	0	354	118	708	998	5218	208	838	544	2254	126	1370	0	0	0	144	528	4758	0	2908	1396	0	
49232	Vermis_8	0	0	0	0	0	0	0	0	0	0	0	0	0	0	0	0	0	0	0	0	0	0	0	0	0	0	0	0	0	0	0	0	0	0	0	0	0	0	0	0	0	0	0	0	0	0	0	0	0	0	0	0	0	0	0	98	0	0	0	0	0	0	0	0	0	0	0	0	0	0	0	0	0	0	0	0	0	0	0	0	0	0	0	0	0	0	0	0	0	0	550	370	948	670	0	374	442	514	788	1054	406	314	850	2060	196	3224	0	0	0	0	1308	3374	2908	0	3662	506	
40216	Vermis_9	0	0	0	0	0	0	0	0	0	0	0	0	0	0	0	0	0	0	0	0	0	0	0	0	0	0	0	0	0	0	0	0	0	0	0	0	0	0	0	0	0	0	0	0	0	0	0	0	0	0	0	0	0	0	0	0	0	0	0	0	0	0	0	0	0	0	0	0	0	0	0	0	0	0	0	0	0	0	0	0	0	0	0	0	0	0	0	0	0	0	560	140	260	162	0	340	962	204	818	176	0	0	378	600	488	3488	0	0	0	0	1866	3476	1396	3662	0	1132	
