data	data	668784	327196	1.2439e+06	985672	132192	117524	509184	379760	88280	56084	307416	425772	273800	178744	175424	108952	319776	312540	952048	687724	109560	93880	566656	524296	78156	112992	78644	107228	701388	614216	519848	539596	291860	528236	234320	226192	454480	490536	228852	353096	41148	71656	410008	385032	341784	375456	554404	375904	352904	386672	661216	375944	427408	161560	856592	636352	405680	250656	195164	198536	354676	157792	235040	162588	211080	231944	568000	567240	293960	113692	295440	413080	391096	407428	53540	61248	225556	260892	142440	59232	427284	287616	85352	133616	556004	379896	22216	35196	507908	380016	480976	482612	343780	328444	57160	53964	416116	305116	516336	526852	286044	176748	421400	363004	206992	169152	15448	27132	80720	131884	352008	186316	253840	190748	147604	60776	
data	data	Precentral_L	Precentral_R	Frontal_Sup_L	Frontal_Sup_R	Frontal_Sup_Orb_L	Frontal_Sup_Orb_R	Frontal_Mid_L	Frontal_Mid_R	Frontal_Mid_Orb_L	Frontal_Mid_Orb_R	Frontal_Inf_Oper_L	Frontal_Inf_Oper_R	Frontal_Inf_Tri_L	Frontal_Inf_Tri_R	Frontal_Inf_Orb_L	Frontal_Inf_Orb_R	Rolandic_Oper_L	Rolandic_Oper_R	Supp_Motor_Area_L	Supp_Motor_Area_R	Olfactory_L	Olfactory_R	Frontal_Sup_Medial_L	Frontal_Sup_Medial_R	Frontal_Med_Orb_L	Frontal_Med_Orb_R	Rectus_L	Rectus_R	Insula_L	Insula_R	Cingulum_Ant_L	Cingulum_Ant_R	Cingulum_Mid_L	Cingulum_Mid_R	Cingulum_Post_L	Cingulum_Post_R	Hippocampus_L	Hippocampus_R	ParaHippocampal_L	ParaHippocampal_R	Amygdala_L	Amygdala_R	Calcarine_L	Calcarine_R	Cuneus_L	Cuneus_R	Lingual_L	Lingual_R	Occipital_Sup_L	Occipital_Sup_R	Occipital_Mid_L	Occipital_Mid_R	Occipital_Inf_L	Occipital_Inf_R	Fusiform_L	Fusiform_R	Postcentral_L	Postcentral_R	Parietal_Sup_L	Parietal_Sup_R	Parietal_Inf_L	Parietal_Inf_R	SupraMarginal_L	SupraMarginal_R	Angular_L	Angular_R	Precuneus_L	Precuneus_R	Paracentral_Lobule_L	Paracentral_Lobule_R	Caudate_L	Caudate_R	Putamen_L	Putamen_R	Pallidum_L	Pallidum_R	Thalamus_L	Thalamus_R	Heschl_L	Heschl_R	Temporal_Sup_L	Temporal_Sup_R	Temporal_Pole_Sup_L	Temporal_Pole_Sup_R	Temporal_Mid_L	Temporal_Mid_R	Temporal_Pole_Mid_L	Temporal_Pole_Mid_R	Temporal_Inf_L	Temporal_Inf_R	Cerebelum_Crus1_L	Cerebelum_Crus1_R	Cerebelum_Crus2_L	Cerebelum_Crus2_R	Cerebelum_3_L	Cerebelum_3_R	Cerebelum_4_5_L	Cerebelum_4_5_R	Cerebelum_6_L	Cerebelum_6_R	Cerebelum_7b_L	Cerebelum_7b_R	Cerebelum_8_L	Cerebelum_8_R	Cerebelum_9_L	Cerebelum_9_R	Cerebelum_10_L	Cerebelum_10_R	Vermis_1_2	Vermis_3	Vermis_4_5	Vermis_6	Vermis_7	Vermis_8	Vermis_9	Vermis_10	
668784	Precentral_L	0	5146	37764	4860	0	0	29408	1928	0	0	12084	2762	3178	228	0	184	13674	1478	30788	13828	0	0	952	346	0	0	0	0	11262	2486	916	672	1704	5380	5566	1378	6362	354	824	0	0	0	1302	0	2134	186	422	0	1758	0	2004	0	670	0	1574	0	39542	412	670	0	2594	0	1152	142	818	0	3408	416	22294	3038	9222	1874	9052	258	1310	196	16760	3478	3508	0	3636	436	280	562	2046	136	0	0	1264	156	0	0	0	0	0	0	170	0	0	0	0	0	0	0	0	0	0	0	0	0	0	0	0	0	0	0	
327196	Precentral_R	5146	0	2964	16624	0	0	916	15604	0	0	0	11404	0	568	0	0	152	4264	4576	9834	0	0	210	534	0	0	0	0	1022	6620	180	716	154	556	1184	1696	3426	8512	1202	968	0	0	104	208	0	420	964	0	0	598	0	116	0	266	746	806	614	12224	0	700	0	1066	0	1958	0	324	210	824	1564	4096	1268	5132	434	7680	182	1764	3980	12798	548	500	122	694	0	182	0	430	0	0	206	726	0	0	0	0	0	0	112	0	0	0	0	0	0	0	0	0	0	0	0	0	0	0	0	0	0	0	
1.2439e+06	Frontal_Sup_L	37764	2964	0	12642	8634	0	67748	2872	4842	0	20964	1942	19108	706	13620	0	11142	1204	103526	16240	1364	166	63820	11534	6086	434	2196	0	47728	1996	36970	10838	3974	7176	400	460	6806	244	1614	0	324	0	0	0	164	0	236	0	516	0	386	0	144	0	2218	0	5304	602	0	0	344	0	182	154	192	0	202	0	14198	0	12278	1694	28112	814	5834	210	8458	1136	2292	0	3114	150	964	216	496	0	0	0	694	0	134	0	0	0	0	0	306	0	158	0	0	0	0	0	0	0	0	0	0	0	0	0	0	0	0	0	
985672	Frontal_Sup_R	4860	16624	12642	0	0	9072	3920	42558	0	2752	1104	10774	488	9860	0	6308	246	8126	17078	58118	0	854	12608	53674	104	6470	0	6572	2024	14568	10186	38412	2866	19824	1272	1466	4006	3888	1410	438	0	184	0	0	0	0	1090	0	0	0	0	0	0	0	880	242	938	408	0	0	0	108	0	154	0	0	158	0	2014	0	2770	37504	1580	18398	118	3444	4776	28392	664	178	162	1476	0	1268	0	196	0	0	222	226	0	0	0	0	0	0	114	0	0	0	0	0	0	0	0	0	0	0	0	0	0	0	0	0	0	0	
132192	Frontal_Sup_Orb_L	0	0	8634	0	0	0	1132	0	11120	0	0	0	896	0	11124	0	0	0	230	0	3370	574	4100	294	5732	434	6036	340	4124	0	4734	380	0	0	0	0	0	0	0	0	512	0	0	0	0	0	0	0	0	0	0	0	0	0	0	0	0	0	0	0	0	0	0	0	0	0	0	0	0	0	812	194	718	0	0	0	0	0	0	0	0	0	606	0	0	0	0	0	0	0	0	0	0	0	0	0	0	0	0	0	0	0	0	0	0	0	0	0	0	0	0	0	0	0	0	0	
117524	Frontal_Sup_Orb_R	0	0	0	9072	0	0	0	874	0	4912	0	0	0	0	0	3014	0	0	0	0	0	1832	368	9016	716	9190	0	9186	0	1172	1552	2528	0	0	0	0	0	0	0	0	0	174	0	0	0	0	0	0	0	0	0	0	0	0	0	0	0	0	0	0	0	0	0	0	0	0	0	0	0	0	0	3022	0	1886	0	0	0	0	0	0	0	0	0	248	0	0	0	0	0	0	0	0	0	0	0	0	0	0	0	0	0	0	0	0	0	0	0	0	0	0	0	0	0	0	0	0	
509184	Frontal_Mid_L	29408	916	67748	3920	1132	0	0	1498	3470	0	11388	2916	28686	182	7852	194	878	2078	18650	3812	0	0	13772	3736	0	0	0	0	12816	2912	3894	1308	1122	2284	176	206	2890	186	466	0	0	0	0	0	0	0	188	0	0	0	0	0	0	0	314	0	2292	166	0	0	158	0	0	0	0	0	0	0	1528	0	3856	686	2776	480	454	0	7910	1088	752	0	350	452	0	646	0	0	0	0	0	0	0	0	0	0	0	0	0	0	0	0	0	0	0	0	0	0	0	0	0	0	0	0	0	0	0	0	
379760	Frontal_Mid_R	1928	15604	2872	42558	0	874	1498	0	0	5194	168	15830	118	16910	0	8520	0	5132	3796	5052	0	0	1100	8392	0	0	0	160	256	12868	1090	6888	610	4966	0	0	198	1624	0	632	0	0	0	0	0	0	0	0	0	0	0	0	0	0	0	288	910	768	0	0	0	0	0	274	0	0	0	0	0	0	1458	2888	360	13838	0	1826	0	978	0	144	0	690	0	512	0	108	0	0	0	0	0	0	0	0	0	0	0	0	0	0	0	0	0	0	0	0	0	0	0	0	0	0	0	0	0	0	
88280	Frontal_Mid_Orb_L	0	0	4842	0	11120	0	3470	0	0	0	0	0	3966	0	14140	0	0	0	0	0	0	0	1554	0	306	0	1234	0	2262	0	950	0	0	0	0	0	0	0	0	0	0	0	0	0	0	0	0	0	0	0	0	0	0	0	0	0	0	0	0	0	0	0	0	0	0	0	0	0	0	0	0	0	0	0	0	0	0	0	0	0	0	0	296	0	0	0	0	0	0	0	0	0	0	0	0	0	0	0	0	0	0	0	0	0	0	0	0	0	0	0	0	0	0	0	0	0	
56084	Frontal_Mid_Orb_R	0	0	0	2752	0	4912	0	5194	0	0	0	0	0	688	0	8890	0	0	0	112	0	0	0	288	0	430	0	298	0	1332	0	156	0	0	0	0	0	0	0	0	0	0	0	0	0	0	0	0	0	0	0	0	0	0	0	0	0	0	0	0	0	0	0	0	0	0	0	0	0	0	0	470	0	2170	0	230	0	0	0	0	0	0	0	120	0	0	0	0	0	0	0	0	0	0	0	0	0	0	0	0	0	0	0	0	0	0	0	0	0	0	0	0	0	0	0	0	
307416	Frontal_Inf_Oper_L	12084	0	20964	1104	0	0	11388	168	0	0	0	4672	15624	1548	108	0	12082	1050	14744	950	0	0	4260	618	0	0	0	0	15546	4712	5042	1510	536	580	0	0	762	0	152	0	0	0	0	0	0	0	0	0	0	0	0	0	0	0	228	0	4256	0	0	0	0	0	0	0	0	0	0	0	524	0	3720	566	3182	346	0	0	296	0	1806	0	4764	0	2902	310	604	0	0	0	0	0	0	0	0	0	0	0	0	0	0	0	0	0	0	0	0	0	0	0	0	0	0	0	0	0	0	0	
425772	Frontal_Inf_Oper_R	2762	11404	1942	10774	0	0	2916	15830	0	0	4672	0	1552	15870	0	1278	174	21368	5466	10538	0	0	1406	1896	0	0	0	0	2226	36194	1370	4146	1360	10096	224	254	1482	2050	410	1226	0	206	0	0	0	0	0	0	0	0	0	0	0	0	264	700	1966	2112	0	0	326	0	0	456	0	0	0	0	0	0	4960	4564	1528	10648	0	1442	838	936	640	832	124	3990	0	4456	0	390	0	0	0	338	0	128	0	0	0	0	0	0	0	156	0	0	0	0	0	0	0	0	0	0	0	0	0	0	0	0	
273800	Frontal_Inf_Tri_L	3178	0	19108	488	896	0	28686	118	3966	0	15624	1552	0	310	12740	0	2398	334	4722	294	0	0	4664	400	0	0	0	0	18536	1528	5568	1684	340	336	0	0	150	0	0	0	0	0	0	0	0	0	0	0	0	0	0	0	0	0	0	0	1118	0	0	0	0	0	0	0	0	0	0	0	0	0	1686	172	1332	0	0	0	0	0	496	0	1940	0	2018	110	408	0	0	0	0	0	0	0	0	0	0	0	0	0	0	0	0	0	0	0	0	0	0	0	0	0	0	0	0	0	0	0	
178744	Frontal_Inf_Tri_R	228	568	706	9860	0	0	182	16910	0	688	1548	15870	310	0	0	2600	0	796	2494	1860	0	0	976	2464	0	0	0	0	416	13612	656	5312	706	4444	0	0	0	338	0	206	0	0	0	0	0	0	0	0	0	0	0	0	0	0	0	156	0	0	0	0	0	0	0	0	0	0	0	0	0	0	1450	1134	236	2196	0	0	0	0	0	0	0	224	0	122	0	0	0	0	0	104	0	0	0	0	0	0	0	0	0	0	0	0	0	0	0	0	0	0	0	0	0	0	0	0	0	0	
175424	Frontal_Inf_Orb_L	0	0	13620	0	11124	0	7852	0	14140	0	108	0	12740	0	0	0	0	0	184	0	2730	0	4016	0	0	0	1318	0	13488	0	2370	0	0	0	0	0	0	0	0	0	494	0	0	0	0	0	0	0	0	0	0	0	0	0	0	0	0	0	0	0	0	0	0	0	0	0	0	0	0	0	642	0	1134	0	0	0	0	0	0	0	0	0	1752	0	0	0	0	0	0	0	0	0	0	0	0	0	0	0	0	0	0	0	0	0	0	0	0	0	0	0	0	0	0	0	0	0	
108952	Frontal_Inf_Orb_R	184	0	0	6308	0	3014	194	8520	0	8890	0	1278	0	2600	0	0	0	1150	166	526	0	882	130	1212	0	0	0	838	0	6986	0	1064	372	1030	0	0	0	0	0	0	0	0	0	0	0	0	0	0	0	0	0	0	0	0	0	0	146	0	0	0	0	0	0	0	0	0	0	0	0	0	0	1182	0	3728	0	254	0	0	0	0	0	1336	0	2226	0	260	0	0	0	0	0	0	0	0	0	0	0	0	0	0	0	0	0	0	0	0	0	0	0	0	0	0	0	0	0	0	
319776	Rolandic_Oper_L	13674	152	11142	246	0	0	878	0	0	0	12082	174	2398	0	0	0	0	0	9646	0	0	0	736	0	0	0	0	0	25078	166	762	168	336	128	278	0	904	0	158	0	0	0	164	0	1110	0	0	0	1656	0	3008	0	1344	0	2128	0	16892	0	176	0	1144	0	4178	0	1100	0	524	106	2168	0	268	0	3054	0	0	0	488	114	8682	0	18490	0	3218	0	7702	0	0	0	3068	0	0	0	0	0	0	0	0	0	0	0	0	0	0	0	0	0	0	0	0	0	0	0	0	0	0	0	
312540	Rolandic_Oper_R	1478	4264	1204	8126	0	0	2078	5132	0	0	1050	21368	334	796	0	1150	0	0	2698	8928	0	0	310	510	0	0	0	0	768	24778	336	640	298	5042	0	0	588	2272	190	0	0	0	0	202	0	172	0	0	0	236	0	442	0	178	0	208	1226	8170	0	1302	204	2008	0	5878	0	1136	0	222	0	0	990	1226	592	7932	0	662	288	924	280	5126	0	12722	0	5542	0	2972	0	0	0	1092	0	0	0	0	0	0	0	0	0	0	0	0	0	0	0	0	0	0	0	0	0	0	0	0	0	0	
952048	Supp_Motor_Area_L	30788	4576	103526	17078	230	0	18650	3796	0	0	14744	5466	4722	2494	184	166	9646	2698	0	49058	0	0	12178	5936	0	0	124	0	22890	3448	12574	6272	9494	26004	1398	1712	4872	244	1448	0	0	0	348	0	924	202	180	0	1140	178	768	0	210	0	2132	0	7006	778	0	0	524	0	228	172	318	0	1628	1406	21568	676	10094	5208	22758	1332	5630	708	2770	1786	2344	0	2938	390	326	394	868	118	0	0	902	124	110	0	0	0	0	0	286	0	136	0	0	0	0	0	0	0	0	0	0	0	0	0	0	0	0	0	
687724	Supp_Motor_Area_R	13828	9834	16240	58118	0	0	3812	5052	0	112	950	10538	294	1860	0	526	0	8928	49058	0	0	0	1638	11692	0	0	0	0	528	9884	1680	11142	4558	33944	1636	2836	250	1514	0	366	0	0	0	166	116	386	0	0	0	348	0	126	0	206	0	354	832	1744	0	136	0	222	0	286	0	0	1296	1722	10526	10618	638	24210	504	10022	0	3618	360	11022	126	120	0	1420	0	1188	0	312	0	0	0	420	0	0	0	0	0	0	0	0	0	0	0	0	0	0	0	0	0	0	0	0	0	0	0	0	0	0	
109560	Olfactory_L	0	0	1364	0	3370	0	0	0	0	0	0	0	0	0	2730	0	0	0	0	0	0	5222	932	0	990	464	4410	748	7592	230	2810	2120	0	0	0	0	2816	0	586	0	2156	0	0	0	0	0	0	0	0	0	0	0	0	0	1864	0	0	0	0	0	0	0	0	0	0	0	0	0	0	0	6100	3112	2886	904	0	0	0	0	0	0	154	0	1066	0	0	0	0	0	154	0	0	0	0	0	0	0	0	0	0	0	0	0	0	0	0	0	0	0	0	0	0	0	0	0	0	0	
93880	Olfactory_R	0	0	166	854	574	1832	0	0	0	0	0	0	0	0	0	882	0	0	0	0	5222	0	0	542	144	1622	2832	4278	452	3206	1774	3386	0	0	0	0	168	172	0	348	582	820	0	0	0	0	0	0	0	0	0	0	0	0	0	0	0	0	0	0	0	0	0	0	0	0	0	0	0	0	5064	6082	3360	1438	0	0	0	0	0	0	0	164	0	798	0	178	0	0	0	0	0	0	0	0	0	0	0	0	0	0	0	0	0	0	0	0	0	0	0	0	0	0	0	0	0	0	
566656	Frontal_Sup_Medial_L	952	210	63820	12608	4100	368	13772	1100	1554	0	4260	1406	4664	976	4016	130	736	310	12178	1638	932	0	0	28866	6618	960	1856	0	13316	876	48444	20122	6842	10070	126	124	716	0	0	0	126	0	0	0	0	0	0	0	0	0	0	0	0	0	160	0	0	0	0	0	0	0	0	0	0	0	0	0	0	0	3846	432	7268	194	0	0	1582	246	218	0	230	0	360	0	0	0	0	0	0	0	0	0	0	0	0	0	0	0	0	0	0	0	0	0	0	0	0	0	0	0	0	0	0	0	0	0	
524296	Frontal_Sup_Medial_R	346	534	11534	53674	294	9016	3736	8392	0	288	618	1896	400	2464	0	1212	0	510	5936	11692	0	542	28866	0	1640	10390	0	6338	828	3074	15182	37216	2358	15656	0	282	106	0	0	0	0	0	0	0	0	0	0	0	0	0	0	0	0	0	0	0	0	0	0	0	0	0	0	0	0	0	104	126	0	0	1418	14742	1162	7388	0	412	228	990	0	0	0	184	0	254	0	0	0	0	0	120	0	0	0	0	0	0	0	0	0	0	0	0	0	0	0	0	0	0	0	0	0	0	0	0	0	0	
78156	Frontal_Med_Orb_L	0	0	6086	104	5732	716	0	0	306	0	0	0	0	0	0	0	0	0	0	0	990	144	6618	1640	0	2898	3692	308	252	0	7658	660	0	0	0	0	128	0	0	0	0	0	0	0	0	0	0	0	0	0	0	0	0	0	120	0	0	0	0	0	0	0	0	0	0	0	0	0	0	0	726	0	300	0	0	0	0	0	0	0	0	0	0	0	0	0	0	0	0	0	0	0	0	0	0	0	0	0	0	0	0	0	0	0	0	0	0	0	0	0	0	0	0	0	0	0	
112992	Frontal_Med_Orb_R	0	0	434	6470	434	9190	0	0	0	430	0	0	0	0	0	0	0	0	0	0	464	1622	960	10390	2898	0	1026	9184	0	148	3292	5904	0	0	0	0	0	0	0	0	0	0	0	0	0	0	0	0	0	0	0	0	0	0	0	0	0	0	0	0	0	0	0	0	0	0	0	0	0	0	0	1986	0	1664	0	0	0	0	0	0	0	0	0	0	0	0	0	0	0	0	0	0	0	0	0	0	0	0	0	0	0	0	0	0	0	0	0	0	0	0	0	0	0	0	0	0	
78644	Rectus_L	0	0	2196	0	6036	0	0	0	1234	0	0	0	0	0	1318	0	0	0	124	0	4410	2832	1856	0	3692	1026	0	1230	1422	108	4336	1376	0	0	0	0	114	0	0	0	308	0	0	0	0	0	0	0	0	0	0	0	0	0	0	0	0	0	0	0	0	0	0	0	0	0	0	0	0	0	2760	1522	828	412	0	0	0	0	0	0	0	0	182	0	0	0	0	0	0	0	0	0	0	0	0	0	0	0	0	0	0	0	0	0	0	0	0	0	0	0	0	0	0	0	0	0	
107228	Rectus_R	0	0	0	6572	340	9186	0	160	0	298	0	0	0	0	0	838	0	0	0	0	748	4278	0	6338	308	9184	1230	0	0	1830	1336	4678	0	0	0	0	0	0	0	0	0	158	0	0	0	0	0	0	0	0	0	0	0	0	0	0	0	0	0	0	0	0	0	0	0	0	0	0	0	0	174	3354	158	1672	0	0	0	0	0	0	0	104	0	524	0	146	0	0	0	0	0	0	0	0	0	0	0	0	0	0	0	0	0	0	0	0	0	0	0	0	0	0	0	0	0	0	
701388	Insula_L	11262	1022	47728	2024	4124	0	12816	256	2262	0	15546	2226	18536	416	13488	0	25078	768	22890	528	7592	452	13316	828	252	0	1422	0	0	2168	12702	2840	1566	598	852	776	12154	186	2424	0	1874	0	366	0	408	0	568	0	610	0	2194	0	1310	0	9782	0	6848	0	118	0	784	0	914	0	622	0	632	0	2326	0	4350	868	19042	198	0	0	5344	1082	11354	0	16138	106	3242	222	8044	0	0	0	9118	0	368	0	0	0	0	0	420	0	344	0	0	0	0	0	0	0	0	0	0	0	0	0	0	0	0	0	
614216	Insula_R	2486	6620	1996	14568	0	1172	2912	12868	0	1332	4712	36194	1528	13612	0	6986	166	24778	3448	9884	230	3206	876	3074	0	148	108	1830	2168	0	1224	3832	486	4790	318	506	1506	13814	446	4904	0	2514	0	276	0	260	130	196	0	328	0	284	0	194	274	6960	1650	2486	0	226	304	336	0	928	0	812	108	652	0	0	5480	5662	1640	30808	0	1066	844	2114	604	4890	126	18406	0	8758	0	9886	0	116	0	6536	0	608	0	158	0	0	0	338	0	910	0	0	0	252	0	0	0	0	0	116	144	0	0	0	0	0	
519848	Cingulum_Ant_L	916	180	36970	10186	4734	1552	3894	1090	950	0	5042	1370	5568	656	2370	0	762	336	12574	1680	2810	1774	48444	15182	7658	3292	4336	1336	12702	1224	0	26334	9654	6464	162	0	636	0	0	0	200	0	0	0	0	0	0	0	0	0	0	0	0	0	224	0	0	0	0	0	0	0	0	0	0	0	0	0	146	0	7402	2166	12028	1332	0	0	2566	214	258	0	238	0	204	108	0	0	0	0	0	0	0	0	0	0	0	0	0	0	0	0	0	0	0	0	0	0	0	0	0	0	0	0	0	0	0	0	
539596	Cingulum_Ant_R	672	716	10838	38412	380	2528	1308	6888	0	156	1510	4146	1684	5312	0	1064	168	640	6272	11142	2120	3386	20122	37216	660	5904	1376	4678	2840	3832	26334	0	5670	22670	450	752	198	0	0	0	160	0	0	0	0	0	0	0	0	0	0	0	0	0	0	0	110	0	0	0	0	0	0	0	0	0	306	288	0	0	3206	19812	2648	8418	0	510	442	1160	0	0	0	226	0	322	0	0	0	0	0	146	0	0	0	0	0	0	0	0	0	0	0	0	0	0	0	0	0	0	0	0	0	0	0	0	0	0	
291860	Cingulum_Mid_L	1704	154	3974	2866	0	0	1122	610	0	0	536	1360	340	706	0	372	336	298	9494	4558	0	0	6842	2358	0	0	0	0	1566	486	9654	5670	0	21404	11550	5152	120	0	0	0	0	0	554	192	3658	1388	0	0	2024	1250	1656	284	114	0	266	0	2158	794	2344	636	2020	0	0	0	408	0	15514	7848	5238	1194	254	0	330	0	0	0	284	0	448	0	440	0	0	0	506	360	0	0	300	236	0	0	0	0	0	0	0	0	0	0	0	0	0	0	0	0	0	0	0	0	0	0	0	0	0	0	
528236	Cingulum_Mid_R	5380	556	7176	19824	0	0	2284	4966	0	0	580	10096	336	4444	0	1030	128	5042	26004	33944	0	0	10070	15656	0	0	0	0	598	4790	6464	22670	21404	0	4068	7106	0	250	0	0	0	0	0	1106	420	3446	0	164	416	2870	274	760	0	384	0	124	242	3180	136	152	0	154	0	112	0	204	6664	11872	4628	6204	200	202	206	1516	0	0	0	206	0	0	118	708	0	554	0	1292	0	0	0	738	0	0	0	0	0	0	0	0	0	0	0	0	0	0	0	0	0	0	0	0	0	0	0	0	0	0	
234320	Cingulum_Post_L	5566	1184	400	1272	0	0	176	0	0	0	0	224	0	0	0	0	278	0	1398	1636	0	0	126	0	0	0	0	0	852	318	162	450	11550	4068	0	12858	8876	3634	3070	1204	0	0	3486	106	3822	1270	4080	136	1058	206	1092	0	784	122	3158	1344	1830	898	234	0	200	0	0	0	0	0	14400	4004	6450	1416	126	0	0	250	0	0	846	1834	318	0	886	126	0	0	416	488	0	0	964	1096	0	0	0	0	0	0	154	0	152	0	0	0	0	0	0	0	0	0	0	0	106	0	0	0	0	0	
226192	Cingulum_Post_R	1378	1696	460	1466	0	0	206	0	0	0	0	254	0	0	0	0	0	0	1712	2836	0	0	124	282	0	0	0	0	776	506	0	752	5152	7106	12858	0	6010	7720	2208	4096	0	0	426	2762	374	2788	2372	2614	198	1236	246	432	262	814	1468	4036	208	2118	0	0	0	108	0	122	0	0	6238	12954	1192	2508	144	0	0	196	0	0	920	1920	390	0	254	288	0	0	0	1218	0	0	190	3862	0	0	0	0	0	0	0	106	0	0	0	0	0	0	0	0	0	0	0	0	534	0	0	0	0	0	
454480	Hippocampus_L	6362	3426	6806	4006	0	0	2890	198	0	0	762	1482	150	0	0	0	904	588	4872	250	2816	168	716	106	128	0	114	0	12154	1506	636	198	120	0	8876	6010	0	5082	21774	2168	5468	0	5372	0	310	0	13474	684	0	0	2588	0	2992	0	28504	2268	620	0	0	0	0	0	0	0	0	0	7756	628	2680	0	1822	478	10924	468	412	0	8518	5344	2906	0	4942	186	976	184	1590	192	182	0	9200	1252	2204	0	138	0	0	0	3196	0	2702	134	0	0	0	0	0	0	0	0	0	244	314	120	0	0	0	0	
490536	Hippocampus_R	354	8512	244	3888	0	0	186	1624	0	0	0	2050	0	338	0	0	0	2272	244	1514	0	172	0	0	0	0	0	0	186	13814	0	0	0	250	3634	7720	5082	0	2408	39774	0	9658	230	3418	0	470	2172	6106	0	302	0	634	106	822	1340	37894	0	1246	0	132	0	276	0	810	0	816	706	7658	0	676	286	126	0	11896	0	1590	1308	5302	0	3112	0	8896	0	514	0	6950	0	194	0	16770	0	3604	0	720	0	634	382	3818	166	5090	0	202	0	1196	0	0	0	0	166	564	1698	0	128	114	104	0	
228852	ParaHippocampal_L	824	1202	1614	1410	0	0	466	0	0	0	152	410	0	0	0	0	158	190	1448	0	586	0	0	0	0	0	0	0	2424	446	0	0	0	0	3070	2208	21774	2408	0	844	2276	0	2118	0	0	0	11566	616	0	0	2048	0	2340	0	17156	928	0	0	0	0	0	0	0	0	0	0	2856	138	824	0	200	0	3570	178	0	0	2888	2176	256	0	3386	0	502	0	518	0	574	0	4528	540	2142	0	174	0	248	204	3746	0	3030	122	112	0	108	0	0	0	0	0	0	404	180	140	0	0	0	0	
353096	ParaHippocampal_R	0	968	0	438	0	0	0	632	0	0	0	1226	0	206	0	0	0	0	0	366	0	348	0	0	0	0	0	0	0	4904	0	0	0	0	1204	4096	2168	39774	844	0	0	8896	140	3526	0	204	958	7672	0	122	0	858	0	1018	562	36408	0	178	0	0	0	0	0	276	0	560	560	6716	0	0	0	0	0	5954	0	982	496	2392	0	304	0	3126	0	1144	0	2716	0	876	0	11660	0	4016	0	768	0	584	300	5684	194	5294	0	214	0	1278	0	0	0	0	160	522	1380	152	248	154	122	0	
41148	Amygdala_L	0	0	324	0	512	0	0	0	0	0	0	0	0	0	494	0	0	0	0	0	2156	582	126	0	0	0	308	0	1874	0	200	160	0	0	0	0	5468	0	2276	0	0	0	0	0	0	0	0	0	0	0	0	0	0	0	2268	0	0	0	0	0	0	0	0	0	0	0	0	0	0	0	664	498	1390	170	0	0	0	0	0	0	0	0	512	0	0	0	192	0	400	0	0	0	0	0	0	0	0	0	0	0	0	0	0	0	0	0	0	0	0	0	0	0	0	0	0	0	
71656	Amygdala_R	0	0	0	184	0	174	0	0	0	0	0	206	0	0	0	0	0	0	0	0	0	820	0	0	0	0	0	158	0	2514	0	0	0	0	0	0	0	9658	0	8896	0	0	0	0	0	0	0	0	0	0	0	0	0	0	0	5922	0	0	0	0	0	0	0	0	0	0	0	0	0	0	0	176	0	1482	0	0	0	116	0	0	0	300	0	2724	0	488	0	494	0	1160	0	108	0	0	0	0	0	128	0	120	0	0	0	0	0	0	0	0	0	0	0	0	0	0	0	0	
410008	Calcarine_L	1302	104	0	0	0	0	0	0	0	0	0	0	0	0	0	0	164	0	348	0	0	0	0	0	0	0	0	0	366	0	0	0	554	0	3486	426	5372	230	2118	140	0	0	0	10524	23862	6240	21842	3568	13534	2260	32424	496	15040	284	13930	760	1504	0	354	0	414	0	214	0	126	0	24308	2150	876	0	0	0	0	0	0	0	172	0	0	0	1228	0	0	0	5664	0	0	0	3612	0	300	178	0	0	0	0	1130	228	1494	374	0	0	0	0	0	0	0	0	0	0	946	358	0	0	0	0	
385032	Calcarine_R	0	208	0	0	0	0	0	0	0	0	0	0	0	0	0	0	0	202	0	166	0	0	0	0	0	0	0	0	0	276	0	0	192	1106	106	2762	0	3418	0	3526	0	0	10524	0	8246	22860	986	23280	1038	18318	650	22812	226	12916	0	9996	0	598	0	778	0	296	0	296	0	200	1192	23468	0	868	0	0	0	0	0	0	0	0	0	0	0	238	0	0	0	9092	0	0	0	8320	0	954	0	0	0	0	0	172	0	1124	0	0	0	0	0	0	0	0	0	0	370	380	356	0	0	0	
341784	Cuneus_L	2134	0	164	0	0	0	0	0	0	0	0	0	0	0	0	0	1110	0	924	116	0	0	0	0	0	0	0	0	408	0	0	0	3658	420	3822	374	310	0	0	0	0	0	23862	8246	0	11058	2230	940	33372	4638	18436	1948	3128	216	2798	412	3166	0	4072	0	796	0	592	0	372	0	19116	4140	3392	0	0	0	0	0	0	0	0	0	0	0	2122	0	0	0	5536	182	0	0	2364	0	0	0	0	0	0	0	0	0	208	110	0	0	0	0	0	0	0	0	0	0	0	0	0	0	0	0	
375456	Cuneus_R	186	420	0	0	0	0	0	0	0	0	0	0	0	0	0	0	0	172	202	386	0	0	0	0	0	0	0	0	0	260	0	0	1388	3446	1270	2788	0	470	0	204	0	0	6240	22860	11058	0	134	4704	1468	46762	598	14918	0	1734	0	674	0	3698	228	7544	0	948	0	238	0	3226	8054	35392	198	1594	0	0	0	0	0	0	0	0	0	0	0	0	0	0	0	2812	0	0	0	1050	0	112	0	0	0	0	0	0	0	128	0	0	0	0	0	0	0	0	0	0	164	0	0	0	0	0	
554404	Lingual_L	422	964	236	1090	0	0	188	0	0	0	0	0	0	0	0	0	0	0	180	0	0	0	0	0	0	0	0	0	568	130	0	0	0	0	4080	2372	13474	2172	11566	958	0	0	21842	986	2230	134	0	5918	2582	0	22176	0	22568	296	37544	3416	242	0	0	0	144	0	118	0	144	0	14220	444	180	0	0	0	284	148	0	0	1976	1624	0	0	1684	0	0	0	2984	0	0	0	4338	626	13530	2674	2632	202	294	140	16076	4256	22606	4504	1298	0	2768	180	1040	114	542	0	128	522	8594	5222	2142	0	242	248	
375904	Lingual_R	0	0	0	0	0	0	0	0	0	0	0	0	0	0	0	0	0	0	0	0	0	0	0	0	0	0	0	0	0	196	0	0	0	164	136	2614	684	6106	616	7672	0	0	3568	23280	940	4704	5918	0	110	6902	1028	8024	1522	8818	2636	25470	0	0	0	0	0	0	0	0	0	116	476	10714	0	0	0	0	0	0	0	0	0	524	0	0	0	158	0	0	0	1184	0	0	0	3574	2124	5320	888	484	0	410	4836	9426	5548	10764	144	0	304	0	142	0	0	0	0	150	9828	6760	2970	0	0	0	
352904	Occipital_Sup_L	1758	0	516	0	0	0	0	0	0	0	0	0	0	0	0	0	1656	0	1140	0	0	0	0	0	0	0	0	0	610	0	0	0	2024	416	1058	198	0	0	0	0	0	0	13534	1038	33372	1468	2582	110	0	788	37700	0	3810	0	2508	0	5134	0	12868	0	8692	0	6030	0	4124	0	15696	3742	1046	0	0	0	0	0	0	0	0	0	160	0	1810	0	0	0	7964	0	0	0	2678	0	0	0	0	0	0	0	0	0	222	0	0	0	0	0	0	0	0	0	0	0	0	0	0	0	0	0	
386672	Occipital_Sup_R	0	598	0	0	0	0	0	0	0	0	0	0	0	0	0	0	0	236	178	348	0	0	0	0	0	0	0	0	0	328	0	0	1250	2870	206	1236	0	302	0	122	0	0	2260	18318	4638	46762	0	6902	788	0	538	29586	0	2992	0	1304	0	3922	220	14528	0	1704	0	404	0	9890	5464	29694	0	1494	0	0	0	0	0	0	0	0	0	0	0	0	0	0	0	3242	0	0	0	410	0	278	0	0	0	0	0	0	0	324	0	0	0	0	0	0	0	0	0	0	0	0	0	0	0	0	
661216	Occipital_Mid_L	2004	0	386	0	0	0	0	0	0	0	0	0	0	0	0	0	3008	0	768	0	0	0	0	0	0	0	0	0	2194	0	0	0	1656	274	1092	246	2588	0	2048	0	0	0	32424	650	18436	598	22176	1028	37700	538	0	0	34436	0	22458	336	4404	0	12062	0	19578	0	7526	0	22686	0	20132	2552	1378	0	0	0	0	0	0	0	320	0	978	0	4790	0	0	0	28220	0	0	0	10390	0	828	0	0	0	0	0	1476	488	3010	528	0	0	156	0	0	0	0	0	0	0	1340	722	0	0	0	0	
375944	Occipital_Mid_R	0	116	0	0	0	0	0	0	0	0	0	0	0	0	0	0	0	442	0	126	0	0	0	0	0	0	0	0	0	284	0	0	284	760	0	432	0	634	0	858	0	0	496	22812	1948	14918	0	8024	0	29586	0	0	0	14188	0	4504	0	1102	0	7720	0	4170	0	1314	0	25194	1492	14062	0	468	0	0	0	0	0	0	0	0	0	0	0	2348	0	0	0	21632	0	0	0	5894	0	810	0	0	0	0	0	0	0	1002	0	0	0	0	0	0	0	0	0	0	0	196	156	0	0	0	
427408	Occipital_Inf_L	670	0	144	0	0	0	0	0	0	0	0	0	0	0	0	0	1344	0	210	0	0	0	0	0	0	0	0	0	1310	0	0	0	114	0	784	262	2992	106	2340	0	0	0	15040	226	3128	0	22568	1522	3810	0	34436	0	0	0	38006	520	1090	0	230	0	4934	0	4370	0	2614	0	7666	126	464	0	0	0	0	0	0	0	430	0	1262	0	4554	0	0	0	18628	0	0	0	19838	0	3172	174	480	0	0	0	2394	852	5348	852	198	0	464	0	264	0	142	0	0	0	2120	1318	188	0	0	0	
161560	Occipital_Inf_R	0	266	0	0	0	0	0	0	0	0	0	0	0	0	0	0	0	178	0	206	0	0	0	0	0	0	0	0	0	194	0	0	0	384	122	814	0	822	0	1018	0	0	284	12916	216	1734	296	8818	0	2992	0	14188	0	0	0	8350	0	580	0	274	0	174	0	172	0	336	190	5770	0	612	0	0	0	0	0	0	0	0	0	238	0	254	0	0	0	6076	0	0	0	5648	170	1348	0	152	0	0	332	484	310	1908	0	0	0	0	0	0	0	0	0	0	470	946	538	0	0	0	
856592	Fusiform_L	1574	746	2218	880	0	0	314	0	0	0	228	264	0	0	0	0	2128	0	2132	0	1864	0	160	0	120	0	0	0	9782	274	224	0	266	0	3158	1468	28504	1340	17156	562	2268	0	13930	0	2798	0	37544	2636	2508	0	22458	0	38006	0	0	1668	1384	0	146	0	5648	0	4942	0	3028	0	10462	198	1292	0	778	0	5054	0	0	0	2836	1374	2916	0	16686	0	2292	0	22878	0	1470	0	46220	332	27678	776	3242	104	134	0	17838	1688	33774	2170	1046	0	1544	122	494	0	178	0	104	228	4426	2786	612	104	134	0	
636352	Fusiform_R	0	806	0	242	0	0	0	288	0	0	0	700	0	156	0	0	0	208	0	354	0	0	0	0	0	0	0	0	0	6960	0	0	0	124	1344	4036	2268	37894	928	36408	0	5922	760	9996	412	674	3416	25470	0	1304	336	4504	520	8350	1668	0	0	366	0	0	0	180	0	428	0	762	702	6854	0	350	0	0	0	4910	0	770	602	2470	0	930	0	6468	0	5364	0	6726	0	3462	0	27240	1698	17012	724	2806	200	830	4162	16498	2914	25226	190	554	366	3290	168	274	0	166	434	974	7424	3970	2552	486	368	258	
405680	Postcentral_L	39542	614	5304	938	0	0	2292	910	0	0	4256	1966	1118	0	0	146	16892	1226	7006	832	0	0	0	0	0	0	0	0	6848	1650	0	110	2158	242	1830	208	620	0	0	0	0	0	1504	0	3166	0	242	0	5134	0	4404	0	1090	0	1384	0	0	0	8698	0	24684	0	15932	0	2798	0	6638	646	6080	0	286	328	406	0	0	0	468	238	4486	0	9618	326	572	448	4512	0	0	0	2044	0	0	0	0	0	0	0	0	0	0	0	0	0	0	0	0	0	0	0	0	0	0	0	0	0	0	0	
250656	Postcentral_R	412	12224	602	408	0	0	166	768	0	0	0	2112	0	0	0	0	0	8170	778	1744	0	0	0	0	0	0	0	0	0	2486	0	0	794	3180	898	2118	0	1246	0	178	0	0	0	598	0	3698	0	0	0	3922	0	1102	0	580	0	366	0	0	0	11824	0	14014	0	18360	0	3974	1414	7182	262	7438	316	152	164	1550	0	318	0	462	0	1280	0	3488	0	0	0	2538	0	0	0	2042	0	0	0	0	0	0	0	0	0	0	0	0	0	0	0	0	0	0	0	0	0	0	0	0	0	0	
195164	Parietal_Sup_L	670	0	0	0	0	0	0	0	0	0	0	0	0	0	0	0	176	0	0	0	0	0	0	0	0	0	0	0	118	0	0	0	2344	136	234	0	0	0	0	0	0	0	354	0	4072	228	0	0	12868	220	12062	0	230	0	146	0	8698	0	0	282	20082	0	640	0	4714	0	21238	4528	2330	0	0	0	0	0	0	0	0	0	0	0	142	0	0	0	960	0	0	0	110	0	0	0	0	0	0	0	0	0	0	0	0	0	0	0	0	0	0	0	0	0	0	0	0	0	0	0	
198536	Parietal_Sup_R	0	700	0	0	0	0	0	0	0	0	0	0	0	0	0	0	0	1302	0	136	0	0	0	0	0	0	0	0	0	226	0	0	636	152	0	0	0	132	0	0	0	0	0	778	0	7544	0	0	0	14528	0	7720	0	274	0	0	0	11824	282	0	0	12534	0	7186	0	11482	1820	16326	0	490	0	0	0	0	0	0	0	0	0	0	0	216	0	0	0	1882	0	0	0	1098	0	0	0	0	0	0	0	0	0	0	0	0	0	0	0	0	0	0	0	0	0	0	0	0	0	0	
354676	Parietal_Inf_L	2594	0	344	0	0	0	158	0	0	0	0	326	0	0	0	0	1144	204	524	0	0	0	0	0	0	0	0	0	784	304	0	0	2020	0	200	0	0	0	0	0	0	0	414	0	796	0	144	0	8692	0	19578	0	4934	0	5648	0	24684	0	20082	0	0	0	25584	0	26774	0	7076	1358	2562	0	0	0	0	0	0	0	0	0	124	0	2714	0	0	0	11956	0	0	0	5616	0	0	0	0	0	0	0	0	0	0	0	0	0	0	0	0	0	0	0	0	0	0	0	0	0	0	0	
157792	Parietal_Inf_R	0	1066	0	108	0	0	0	0	0	0	0	0	0	0	0	0	0	2008	0	222	0	0	0	0	0	0	0	0	0	336	0	0	0	154	0	108	0	276	0	0	0	0	0	296	0	948	0	0	0	1704	0	4170	0	174	0	180	0	14014	0	12534	0	0	0	15586	0	17364	204	1594	0	536	0	0	0	0	0	0	0	0	0	0	0	852	0	0	0	2438	0	0	0	2024	0	0	0	0	0	0	0	0	0	0	0	0	0	0	0	0	0	0	0	0	0	0	0	0	0	0	
235040	SupraMarginal_L	1152	0	182	0	0	0	0	0	0	0	0	0	0	0	0	0	4178	0	228	0	0	0	0	0	0	0	0	0	914	0	0	0	0	0	0	0	0	0	0	0	0	0	214	0	592	0	118	0	6030	0	7526	0	4370	0	4942	0	15932	0	640	0	25584	0	0	0	12886	0	566	146	126	0	0	0	0	0	0	0	0	0	834	0	10450	0	0	0	14806	0	0	0	5104	0	0	0	0	0	0	0	0	0	0	0	0	0	0	0	0	0	0	0	0	0	0	0	0	0	0	0	
162588	SupraMarginal_R	142	1958	154	154	0	0	0	274	0	0	0	456	0	0	0	0	0	5878	172	286	0	0	0	0	0	0	0	0	0	928	0	0	0	112	0	122	0	810	0	276	0	0	0	296	0	238	0	0	0	404	0	1314	0	172	0	428	0	18360	0	7186	0	15586	0	0	0	7538	114	368	0	418	224	0	122	0	0	0	0	0	0	476	0	6368	0	0	0	5598	0	0	0	4362	0	0	0	0	0	0	0	0	0	0	0	0	0	0	0	0	0	0	0	0	0	0	0	0	0	0	
211080	Angular_L	818	0	192	0	0	0	0	0	0	0	0	0	0	0	0	0	1100	0	318	0	0	0	0	0	0	0	0	0	622	0	0	0	408	0	0	0	0	0	0	0	0	0	126	0	372	0	144	0	4124	0	22686	0	2614	0	3028	0	2798	0	4714	0	26774	0	12886	0	0	0	1974	706	198	0	0	0	0	0	0	0	0	0	134	0	2216	0	0	0	13568	0	0	0	3020	0	0	0	0	0	0	0	0	0	0	0	0	0	0	0	0	0	0	0	0	0	0	0	0	0	0	0	
231944	Angular_R	0	324	0	0	0	0	0	0	0	0	0	0	0	0	0	0	0	1136	0	0	0	0	0	0	0	0	0	0	0	812	0	0	0	204	0	0	0	816	0	560	0	0	0	200	0	3226	0	116	0	9890	0	25194	0	336	0	762	0	3974	0	11482	0	17364	0	7538	0	0	556	4592	0	386	0	0	0	0	0	0	0	0	0	0	0	6640	0	0	0	13608	0	0	0	6256	0	0	0	0	0	0	0	0	0	0	0	0	0	0	0	0	0	0	0	0	0	0	0	0	0	0	
568000	Precuneus_L	3408	210	202	158	0	0	0	0	0	0	0	0	0	0	0	0	524	0	1628	1296	0	0	0	104	0	0	0	0	632	108	0	306	15514	6664	14400	6238	7756	706	2856	560	0	0	24308	1192	19116	8054	14220	476	15696	5464	20132	1492	7666	190	10462	702	6638	1414	21238	1820	7076	204	566	114	1974	556	0	27620	5954	1298	0	0	0	0	0	0	556	118	156	0	1852	0	0	0	5260	352	0	0	3266	552	796	0	0	0	0	0	562	0	998	128	0	0	0	0	0	0	0	0	0	0	360	132	0	0	0	0	
567240	Precuneus_R	416	824	0	0	0	0	0	0	0	0	0	0	0	0	0	0	106	222	1406	1722	0	0	0	126	0	0	0	0	0	652	0	288	7848	11872	4004	12954	628	7658	138	6716	0	0	2150	23468	4140	35392	444	10714	3742	29694	2552	14062	126	5770	198	6854	646	7182	4528	16326	1358	1594	146	368	706	4592	27620	0	1122	4708	0	0	0	0	0	0	180	300	0	0	200	348	0	0	366	4504	0	0	0	7890	0	0	0	0	0	0	0	650	0	118	0	0	0	0	0	0	0	0	0	0	1282	0	0	0	0	0	
293960	Paracentral_Lobule_L	22294	1564	14198	2014	0	0	1528	0	0	0	524	0	0	0	0	0	2168	0	21568	10526	0	0	0	0	0	0	0	0	2326	0	146	0	5238	4628	6450	1192	2680	0	824	0	0	0	876	0	3392	198	180	0	1046	0	1378	0	464	0	1292	0	6080	262	2330	0	2562	0	126	0	198	0	5954	1122	0	3816	1420	120	5836	0	2538	216	1538	356	432	0	1054	0	0	0	1286	0	0	0	1040	0	0	0	0	0	0	0	0	0	0	0	0	0	0	0	0	0	0	0	0	0	0	0	0	0	0	0	
113692	Paracentral_Lobule_R	3038	4096	0	0	0	0	0	0	0	0	0	0	0	0	0	0	0	0	676	10618	0	0	0	0	0	0	0	0	0	0	0	0	1194	6204	1416	2508	0	676	0	0	0	0	0	868	0	1594	0	0	0	1494	0	468	0	612	0	350	0	7438	0	490	0	536	0	418	0	386	1298	4708	3816	0	0	0	0	0	0	0	0	0	0	0	0	0	0	0	0	864	0	0	0	1080	0	0	0	0	0	0	0	0	0	0	0	0	0	0	0	0	0	0	0	0	0	0	0	0	0	0	
295440	Caudate_L	9222	1268	12278	2770	812	0	3856	1458	0	0	3720	4960	1686	1450	642	0	268	990	10094	638	6100	5064	3846	1418	726	0	2760	174	4350	5480	7402	3206	254	200	126	144	1822	286	200	0	664	0	0	0	0	0	0	0	0	0	0	0	0	0	778	0	286	316	0	0	0	0	0	224	0	0	0	0	1420	0	0	7822	18764	1480	3168	0	10648	1470	124	0	0	130	214	406	0	0	0	0	0	136	0	0	0	0	0	0	0	0	0	0	0	0	0	0	0	0	0	0	0	0	0	0	0	0	0	0	
413080	Caudate_R	1874	5132	1694	37504	194	3022	686	2888	0	470	566	4564	172	1134	0	1182	0	1226	5208	24210	3112	6082	432	14742	0	1986	1522	3354	868	5662	2166	19812	0	202	0	0	478	126	0	0	498	176	0	0	0	0	0	0	0	0	0	0	0	0	0	0	328	152	0	0	0	0	0	0	0	0	0	0	120	0	7822	0	4182	15666	0	3522	1094	19106	0	0	0	454	0	714	0	232	0	0	0	204	0	0	0	0	0	0	0	0	0	0	0	0	0	0	0	0	0	0	0	0	0	0	0	0	0	0	
391096	Putamen_L	9052	434	28112	1580	718	0	2776	360	0	0	3182	1528	1332	236	1134	0	3054	592	22758	504	2886	3360	7268	1162	300	0	828	158	19042	1640	12028	2648	330	206	0	0	10924	0	3570	0	1390	0	0	0	0	0	284	0	0	0	0	0	0	0	5054	0	406	164	0	0	0	0	0	122	0	0	0	0	5836	0	18764	4182	0	1190	5580	0	3558	358	124	0	1030	148	634	226	0	0	0	0	870	0	490	0	0	0	0	0	868	0	568	0	0	0	0	0	0	0	0	0	0	0	0	0	0	0	0	0	
407428	Putamen_R	258	7680	814	18398	0	1886	480	13838	0	2170	346	10648	0	2196	0	3728	0	7932	1332	10022	904	1438	194	7388	0	1664	412	1672	198	30808	1332	8418	0	1516	250	196	468	11896	178	5954	170	1482	0	0	0	0	148	0	0	0	0	0	0	0	0	4910	0	1550	0	0	0	0	0	0	0	0	0	0	0	0	1480	15666	1190	0	0	6062	0	2134	0	416	0	3888	0	676	0	1990	0	0	0	2708	0	622	0	140	0	120	0	376	0	798	0	0	0	266	0	0	0	0	0	140	168	0	0	0	0	0	
53540	Pallidum_L	1310	182	5834	118	0	0	454	0	0	0	0	0	0	0	0	0	0	0	5630	0	0	0	0	0	0	0	0	0	0	0	0	0	0	0	0	0	412	0	0	0	0	0	0	0	0	0	0	0	0	0	0	0	0	0	0	0	0	0	0	0	0	0	0	0	0	0	0	0	2538	0	3168	0	5580	0	0	0	1544	0	0	0	0	0	0	0	0	0	0	0	0	0	0	0	0	0	0	0	0	0	0	0	0	0	0	0	0	0	0	0	0	0	0	0	0	0	0	0	
61248	Pallidum_R	196	1764	210	3444	0	0	0	1826	0	230	0	1442	0	0	0	254	0	662	708	3618	0	0	0	412	0	0	0	0	0	1066	0	510	0	0	0	0	0	1590	0	982	0	0	0	0	0	0	0	0	0	0	0	0	0	0	0	770	0	318	0	0	0	0	0	0	0	0	0	0	216	0	0	3522	0	6062	0	0	0	316	0	0	0	178	0	0	0	128	0	0	0	200	0	0	0	0	0	0	0	0	0	0	0	0	0	0	0	0	0	0	0	0	0	0	0	0	0	0	
225556	Thalamus_L	16760	3980	8458	4776	0	0	7910	0	0	0	296	838	0	0	0	0	488	288	2770	360	0	0	1582	228	0	0	0	0	5344	844	2566	442	284	0	846	920	8518	1308	2888	496	0	0	172	0	0	0	1976	0	0	0	320	0	430	0	2836	602	468	0	0	0	0	0	0	0	0	0	556	180	1538	0	10648	1094	3558	0	1544	0	0	7804	1458	0	1236	0	0	0	596	0	0	0	1688	288	118	0	0	0	0	0	126	0	214	0	0	0	0	0	0	0	0	0	0	138	0	0	0	0	0	0	
260892	Thalamus_R	3478	12798	1136	28392	0	0	1088	978	0	0	0	936	0	0	0	0	114	924	1786	11022	0	0	246	990	0	0	0	0	1082	2114	214	1160	0	206	1834	1920	5344	5302	2176	2392	0	116	0	0	0	0	1624	524	0	0	0	0	0	0	1374	2470	238	462	0	0	0	0	0	0	0	0	118	300	356	0	1470	19106	358	2134	0	316	7804	0	596	0	114	588	0	0	0	564	0	0	232	1506	0	0	0	0	0	0	190	108	0	0	0	0	0	0	0	0	0	0	0	0	146	0	0	0	0	0	
142440	Heschl_L	3508	548	2292	664	0	0	752	0	0	0	1806	640	496	0	0	0	8682	280	2344	126	0	0	218	0	0	0	0	0	11354	604	258	0	448	0	318	390	2906	0	256	0	0	0	0	0	0	0	0	0	160	0	978	0	1262	0	2916	0	4486	0	0	0	124	0	834	0	134	0	156	0	432	0	124	0	124	0	0	0	1458	596	0	0	8214	0	702	0	5192	0	0	0	4296	0	0	0	0	0	0	0	0	0	142	0	0	0	0	0	0	0	0	0	0	0	0	0	0	0	0	0	
59232	Heschl_R	0	500	0	178	0	0	0	144	0	0	0	832	0	0	0	0	0	5126	0	120	0	0	0	0	0	0	0	0	0	4890	0	0	0	0	0	0	0	3112	0	304	0	0	0	0	0	0	0	0	0	0	0	0	0	238	0	930	0	1280	0	0	0	0	0	476	0	0	0	0	0	0	0	0	0	416	0	0	0	0	0	0	0	7866	0	368	0	2168	0	0	0	668	0	0	0	0	0	0	0	0	0	0	0	0	0	0	0	0	0	0	0	0	0	0	0	0	0	0	
427284	Temporal_Sup_L	3636	122	3114	162	0	0	350	0	0	0	4764	124	1940	0	0	0	18490	0	2938	0	154	0	230	0	0	0	0	0	16138	126	238	0	440	118	886	254	4942	0	3386	0	0	0	1228	0	2122	0	1684	0	1810	0	4790	0	4554	0	16686	0	9618	0	142	0	2714	0	10450	0	2216	0	1852	200	1054	0	0	0	1030	0	0	0	1236	114	8214	0	0	0	5196	0	41434	0	0	0	28706	0	1746	0	112	0	0	0	576	0	1606	0	0	0	0	0	0	0	0	0	0	0	0	0	0	0	0	0	
287616	Temporal_Sup_R	436	694	150	1476	0	0	452	690	0	0	0	3990	0	224	0	1336	0	12722	390	1420	0	164	0	184	0	0	0	104	106	18406	0	226	0	708	126	288	186	8896	0	3126	0	300	0	238	0	0	0	158	0	0	0	2348	0	254	0	6468	326	3488	0	216	0	852	0	6368	0	6640	0	348	0	0	130	454	148	3888	0	178	0	588	0	7866	0	0	0	7908	0	28414	0	282	0	8610	0	168	0	0	0	0	0	210	0	460	0	0	0	0	0	0	0	0	0	0	0	0	0	0	0	0	
85352	Temporal_Pole_Sup_L	280	0	964	0	606	0	0	0	296	0	2902	0	2018	0	1752	0	3218	0	326	0	1066	0	360	0	0	0	182	0	3242	0	204	0	0	0	0	0	976	0	502	0	512	0	0	0	0	0	0	0	0	0	0	0	0	0	2292	0	572	0	0	0	0	0	0	0	0	0	0	0	0	0	214	0	634	0	0	0	0	0	702	0	5196	0	0	0	5730	0	2734	0	5196	0	0	0	0	0	0	0	0	0	0	0	0	0	0	0	0	0	0	0	0	0	0	0	0	0	0	0	
133616	Temporal_Pole_Sup_R	562	182	216	1268	0	248	646	512	0	120	310	4456	110	122	0	2226	0	5542	394	1188	0	798	0	254	0	0	0	524	222	8758	108	322	0	554	0	0	184	514	0	1144	0	2724	0	0	0	0	0	0	0	0	0	0	0	0	0	5364	448	0	0	0	0	0	0	0	0	0	0	0	0	0	406	714	226	676	0	0	0	0	0	368	0	7908	0	0	0	6578	0	4696	0	5216	0	0	0	0	0	0	0	0	0	0	0	0	0	0	0	0	0	0	0	0	0	0	0	0	0	0	
556004	Temporal_Mid_L	2046	0	496	0	0	0	0	0	0	0	604	0	408	0	0	0	7702	0	868	0	0	0	0	0	0	0	0	0	8044	0	0	0	506	0	416	0	1590	0	518	0	0	0	5664	0	5536	0	2984	0	7964	0	28220	0	18628	0	22878	0	4512	0	960	0	11956	0	14806	0	13568	0	5260	366	1286	0	0	0	0	0	0	0	596	0	5192	0	41434	0	5730	0	0	0	2746	0	52934	0	788	0	0	0	0	0	178	0	618	0	0	0	0	0	0	0	0	0	0	0	0	0	0	0	0	0	
379896	Temporal_Mid_R	136	430	0	196	0	0	0	108	0	0	0	390	0	0	0	260	0	2972	118	312	0	178	0	0	0	0	0	146	0	9886	0	0	360	1292	488	1218	192	6950	0	2716	0	488	0	9092	182	2812	0	1184	0	3242	0	21632	0	6076	0	6726	0	2538	0	1882	0	2438	0	5598	0	13608	352	4504	0	864	0	232	0	1990	0	128	0	564	0	2168	0	28414	0	6578	0	0	0	3020	0	34882	0	188	0	0	0	0	0	0	0	218	0	0	0	0	0	0	0	0	0	0	0	0	0	0	0	0	
22216	Temporal_Pole_Mid_L	0	0	0	0	0	0	0	0	0	0	0	0	0	0	0	0	0	0	0	0	0	0	0	0	0	0	0	0	0	0	0	0	0	0	0	0	182	0	574	0	192	0	0	0	0	0	0	0	0	0	0	0	0	0	1470	0	0	0	0	0	0	0	0	0	0	0	0	0	0	0	0	0	0	0	0	0	0	0	0	0	0	0	2734	0	2746	0	0	0	3210	0	0	0	0	0	0	0	0	0	0	0	0	0	0	0	0	0	0	0	0	0	0	0	0	0	0	0	
35196	Temporal_Pole_Mid_R	0	0	0	0	0	0	0	0	0	0	0	0	0	0	0	0	0	0	0	0	0	0	0	0	0	0	0	0	0	116	0	0	0	0	0	0	0	194	0	876	0	494	0	0	0	0	0	0	0	0	0	0	0	0	0	3462	0	0	0	0	0	0	0	0	0	0	0	0	0	0	0	0	0	0	0	0	0	0	0	0	0	282	0	4696	0	3020	0	0	0	4458	0	0	0	0	0	0	0	0	0	0	0	0	0	0	0	0	0	0	0	0	0	0	0	0	0	0	
507908	Temporal_Inf_L	1264	206	694	222	0	0	0	0	0	0	0	0	0	0	0	0	3068	0	902	0	154	0	0	0	0	0	0	0	9118	0	0	0	300	0	964	190	9200	0	4528	0	400	0	3612	0	2364	0	4338	0	2678	0	10390	0	19838	0	46220	0	2044	0	110	0	5616	0	5104	0	3020	0	3266	0	1040	0	0	0	870	0	0	0	1688	232	4296	0	28706	0	5196	0	52934	0	3210	0	0	0	7422	0	914	0	0	0	1768	0	5508	0	136	0	120	0	0	0	0	0	0	0	104	0	0	0	0	0	
380016	Temporal_Inf_R	156	726	0	226	0	0	0	0	0	0	0	338	0	104	0	0	0	1092	124	420	0	0	0	120	0	0	0	0	0	6536	0	146	236	738	1096	3862	1252	16770	540	11660	0	1160	0	8320	0	1050	626	3574	0	410	0	5894	0	5648	332	27240	0	2042	0	1098	0	2024	0	4362	0	6256	552	7890	0	1080	136	204	0	2708	0	200	288	1506	0	668	0	8610	0	5216	0	34882	0	4458	0	0	0	1632	0	594	0	0	0	794	0	1380	0	188	0	374	0	0	0	0	0	0	470	0	0	0	0	0	
480976	Cerebelum_Crus1_L	0	0	134	0	0	0	0	0	0	0	0	0	0	0	0	0	0	0	110	0	0	0	0	0	0	0	0	0	368	0	0	0	0	0	0	0	2204	0	2142	0	0	0	300	0	0	0	13530	2124	0	0	828	0	3172	170	27678	1698	0	0	0	0	0	0	0	0	0	0	796	0	0	0	0	0	490	0	0	0	118	0	0	0	1746	0	0	0	788	0	0	0	7422	0	0	4564	27690	1374	340	298	21832	2040	49914	4952	10918	198	19722	886	6248	548	1180	0	720	1136	5714	5208	6134	1362	1468	224	
482612	Cerebelum_Crus1_R	0	0	0	0	0	0	0	0	0	0	0	128	0	0	0	0	0	0	0	0	0	0	0	0	0	0	0	0	0	608	0	0	0	0	0	0	0	3604	0	4016	0	108	178	954	0	112	2674	5320	0	278	0	810	174	1348	776	17012	0	0	0	0	0	0	0	0	0	0	0	0	0	0	0	0	0	622	0	0	0	0	0	0	0	168	0	0	0	188	0	0	0	1632	4564	0	3804	22872	1496	3374	6354	22814	4902	52190	1722	4984	2316	15720	1382	3010	0	1378	2094	4562	12198	7602	12252	3874	3156	1976	
343780	Cerebelum_Crus2_L	0	0	0	0	0	0	0	0	0	0	0	0	0	0	0	0	0	0	0	0	0	0	0	0	0	0	0	0	0	0	0	0	0	0	0	0	138	0	174	0	0	0	0	0	0	0	2632	888	0	0	0	0	480	0	3242	724	0	0	0	0	0	0	0	0	0	0	0	0	0	0	0	0	0	0	0	0	0	0	0	0	112	0	0	0	0	0	0	0	914	0	27690	3804	0	8538	0	140	2604	310	9010	2090	35806	2712	35458	1914	11892	472	340	0	116	354	858	2690	12496	2074	1084	134	
328444	Cerebelum_Crus2_R	0	0	0	0	0	0	0	0	0	0	0	0	0	0	0	0	0	0	0	0	0	0	0	0	0	0	0	0	0	158	0	0	0	0	0	0	0	720	0	768	0	0	0	0	0	0	202	484	0	0	0	0	0	152	104	2806	0	0	0	0	0	0	0	0	0	0	0	0	0	0	0	0	0	140	0	0	0	0	0	0	0	0	0	0	0	0	0	0	0	594	1374	22872	8538	0	586	520	1408	2790	916	9710	6380	23206	6490	34780	1690	8700	0	1336	1080	1624	2846	406	11120	5980	3120	622	
57160	Cerebelum_3_L	0	0	0	0	0	0	0	0	0	0	0	0	0	0	0	0	0	0	0	0	0	0	0	0	0	0	0	0	0	0	0	0	0	0	0	0	0	0	248	0	0	0	0	0	0	0	294	0	0	0	0	0	0	0	134	200	0	0	0	0	0	0	0	0	0	0	0	0	0	0	0	0	0	0	0	0	0	0	0	0	0	0	0	0	0	0	0	0	0	0	340	1496	0	586	0	164	6222	286	894	1830	0	308	430	1028	472	632	0	0	2734	3986	3576	0	516	914	972	318	
53964	Cerebelum_3_R	0	0	0	0	0	0	0	0	0	0	0	0	0	0	0	0	0	0	0	0	0	0	0	0	0	0	0	0	0	0	0	0	0	0	0	0	0	634	204	584	0	0	0	0	0	0	140	410	0	0	0	0	0	0	0	830	0	0	0	0	0	0	0	0	0	0	0	0	0	0	0	0	0	120	0	0	0	0	0	0	0	0	0	0	0	0	0	0	0	0	298	3374	140	520	164	0	596	3726	222	4204	110	190	328	648	252	268	0	0	494	5852	1396	0	408	352	376	142	
416116	Cerebelum_4_5_L	170	112	306	114	0	0	0	0	0	0	0	0	0	0	0	0	0	0	286	0	0	0	0	0	0	0	0	0	420	0	0	0	0	0	154	0	3196	382	3746	300	0	0	1130	0	0	0	16076	4836	0	0	1476	0	2394	332	17838	4162	0	0	0	0	0	0	0	0	0	0	562	0	0	0	0	0	868	0	0	0	126	190	0	0	576	0	0	0	178	0	0	0	1768	0	21832	6354	2604	1408	6222	596	0	7102	33986	10744	2526	720	6532	1954	3262	1122	0	0	3368	5124	20620	4364	1098	1596	2028	1198	
305116	Cerebelum_4_5_R	0	0	0	0	0	0	0	0	0	0	0	0	0	0	0	0	0	0	0	0	0	0	0	0	0	0	0	0	0	338	0	0	0	0	0	106	0	3818	0	5684	0	128	228	172	0	0	4256	9426	0	0	488	0	852	484	1688	16498	0	0	0	0	0	0	0	0	0	0	0	650	0	0	0	0	0	376	0	0	0	108	0	0	0	210	0	0	0	0	0	0	0	794	2040	22814	310	2790	286	3726	7102	0	4936	30554	264	962	462	3030	326	340	0	204	562	3162	16836	2556	1134	750	578	530	
516336	Cerebelum_6_L	0	0	158	0	0	0	0	0	0	0	0	0	0	0	0	0	0	0	136	0	0	0	0	0	0	0	0	0	344	0	0	0	0	0	152	0	2702	166	3030	194	0	0	1494	0	208	0	22606	5548	222	0	3010	0	5348	310	33774	2914	0	0	0	0	0	0	0	0	0	0	998	0	0	0	0	0	568	0	0	0	214	0	142	0	1606	0	0	0	618	0	0	0	5508	0	49914	4902	9010	916	894	222	33986	4936	0	7688	6072	358	11904	1190	3672	464	922	0	1074	1498	12568	8294	3894	712	812	296	
526852	Cerebelum_6_R	0	0	0	0	0	0	0	0	0	0	0	156	0	0	0	0	0	0	0	0	0	0	0	0	0	0	0	0	0	910	0	0	0	0	0	0	134	5090	122	5294	0	120	374	1124	110	128	4504	10764	0	324	528	1002	852	1908	2170	25226	0	0	0	0	0	0	0	0	0	0	128	118	0	0	0	0	0	798	0	0	0	0	0	0	0	460	0	0	0	218	0	0	0	1380	4952	52190	2090	9710	1830	4204	10744	30554	7688	0	700	3232	1250	9656	1308	1828	0	1030	2534	5558	19236	10804	9436	3592	3160	2198	
286044	Cerebelum_7b_L	0	0	0	0	0	0	0	0	0	0	0	0	0	0	0	0	0	0	0	0	0	0	0	0	0	0	0	0	0	0	0	0	0	0	0	0	0	0	112	0	0	0	0	0	0	0	1298	144	0	0	0	0	198	0	1046	190	0	0	0	0	0	0	0	0	0	0	0	0	0	0	0	0	0	0	0	0	0	0	0	0	0	0	0	0	0	0	0	0	136	0	10918	1722	35806	6380	0	110	2526	264	6072	700	0	3382	40392	3644	13296	664	618	0	104	294	716	954	7372	3332	632	0	
176748	Cerebelum_7b_R	0	0	0	0	0	0	0	0	0	0	0	0	0	0	0	0	0	0	0	0	0	0	0	0	0	0	0	0	0	0	0	0	0	0	0	0	0	202	0	214	0	0	0	0	0	0	0	0	0	0	0	0	0	0	0	554	0	0	0	0	0	0	0	0	0	0	0	0	0	0	0	0	0	0	0	0	0	0	0	0	0	0	0	0	0	0	0	0	0	188	198	4984	2712	23206	308	190	720	962	358	3232	3382	0	4552	24970	772	4900	0	0	446	724	1602	168	2450	4628	1430	322	
421400	Cerebelum_8_L	0	0	0	0	0	0	0	0	0	0	0	0	0	0	0	0	0	0	0	0	0	0	0	0	0	0	0	0	0	0	0	0	0	0	0	0	0	0	108	0	0	0	0	0	0	0	2768	304	0	0	156	0	464	0	1544	366	0	0	0	0	0	0	0	0	0	0	0	0	0	0	0	0	0	0	0	0	0	0	0	0	0	0	0	0	0	0	0	0	120	0	19722	2316	35458	6490	430	328	6532	462	11904	1250	40392	4552	0	9426	27294	4366	1586	430	1150	1516	2754	1776	7978	11104	5036	618	
