data	data	391568	340448	1.06218e+06	946372	226616	115360	491320	440476	142952	29120	295416	288424	307272	184168	227184	71328	221420	179544	673096	709504	133920	122560	551264	443352	63612	114056	109448	107928	715968	424084	521760	594800	191428	548900	100312	118504	246612	242668	84256	142004	56772	73740	245348	440848	277696	494272	245316	336356	211556	481468	484452	236984	169520	91364	376944	354068	293656	298656	195792	119300	180484	107672	86628	107568	134716	90224	533592	574092	180876	218168	291908	313332	345124	342272	61632	36620	128468	203368	102936	36524	260376	91780	113068	34592	350136	150164	21108	9524	341312	117044	335848	310784	204372	264964	21996	46224	209212	211944	350872	319720	205392	136976	220048	201528	92328	102856	9584	14472	19044	37172	186136	181184	182484	114772	75512	32120	
data	data	Precentral_L	Precentral_R	Frontal_Sup_L	Frontal_Sup_R	Frontal_Sup_Orb_L	Frontal_Sup_Orb_R	Frontal_Mid_L	Frontal_Mid_R	Frontal_Mid_Orb_L	Frontal_Mid_Orb_R	Frontal_Inf_Oper_L	Frontal_Inf_Oper_R	Frontal_Inf_Tri_L	Frontal_Inf_Tri_R	Frontal_Inf_Orb_L	Frontal_Inf_Orb_R	Rolandic_Oper_L	Rolandic_Oper_R	Supp_Motor_Area_L	Supp_Motor_Area_R	Olfactory_L	Olfactory_R	Frontal_Sup_Medial_L	Frontal_Sup_Medial_R	Frontal_Med_Orb_L	Frontal_Med_Orb_R	Rectus_L	Rectus_R	Insula_L	Insula_R	Cingulum_Ant_L	Cingulum_Ant_R	Cingulum_Mid_L	Cingulum_Mid_R	Cingulum_Post_L	Cingulum_Post_R	Hippocampus_L	Hippocampus_R	ParaHippocampal_L	ParaHippocampal_R	Amygdala_L	Amygdala_R	Calcarine_L	Calcarine_R	Cuneus_L	Cuneus_R	Lingual_L	Lingual_R	Occipital_Sup_L	Occipital_Sup_R	Occipital_Mid_L	Occipital_Mid_R	Occipital_Inf_L	Occipital_Inf_R	Fusiform_L	Fusiform_R	Postcentral_L	Postcentral_R	Parietal_Sup_L	Parietal_Sup_R	Parietal_Inf_L	Parietal_Inf_R	SupraMarginal_L	SupraMarginal_R	Angular_L	Angular_R	Precuneus_L	Precuneus_R	Paracentral_Lobule_L	Paracentral_Lobule_R	Caudate_L	Caudate_R	Putamen_L	Putamen_R	Pallidum_L	Pallidum_R	Thalamus_L	Thalamus_R	Heschl_L	Heschl_R	Temporal_Sup_L	Temporal_Sup_R	Temporal_Pole_Sup_L	Temporal_Pole_Sup_R	Temporal_Mid_L	Temporal_Mid_R	Temporal_Pole_Mid_L	Temporal_Pole_Mid_R	Temporal_Inf_L	Temporal_Inf_R	Cerebelum_Crus1_L	Cerebelum_Crus1_R	Cerebelum_Crus2_L	Cerebelum_Crus2_R	Cerebelum_3_L	Cerebelum_3_R	Cerebelum_4_5_L	Cerebelum_4_5_R	Cerebelum_6_L	Cerebelum_6_R	Cerebelum_7b_L	Cerebelum_7b_R	Cerebelum_8_L	Cerebelum_8_R	Cerebelum_9_L	Cerebelum_9_R	Cerebelum_10_L	Cerebelum_10_R	Vermis_1_2	Vermis_3	Vermis_4_5	Vermis_6	Vermis_7	Vermis_8	Vermis_9	Vermis_10	
391568	Precentral_L	0	4664	10396	5154	0	0	22860	1656	0	0	19664	84	2526	0	0	0	8928	146	6452	10752	0	0	154	0	0	0	0	0	9674	238	192	0	466	5928	1508	464	1804	260	124	124	0	0	0	422	0	658	0	0	0	490	1200	0	690	0	450	0	28578	1458	650	374	3418	120	560	0	808	0	684	1350	9648	6320	6364	198	2414	124	928	0	6468	556	3070	0	1330	0	0	0	1302	0	0	0	934	0	0	0	0	0	0	0	0	0	0	0	0	0	0	0	0	0	0	0	0	0	0	0	0	0	0	0	
340448	Precentral_R	4664	0	1302	19666	0	0	472	17530	0	0	0	11568	0	98	0	0	0	5382	1340	8160	0	0	0	0	0	0	0	0	434	5864	0	506	420	3654	1052	1800	578	992	0	78	0	0	0	648	0	1330	0	74	0	1764	86	422	80	322	0	450	622	27466	92	672	0	2756	0	4758	0	252	1168	2782	3548	10976	1016	3536	2698	2860	2472	146	1768	4852	82	1392	82	1498	0	0	96	1576	0	0	0	322	0	0	0	0	0	0	0	0	0	0	0	0	0	0	0	0	0	0	0	0	0	0	0	0	0	0	
1.06218e+06	Frontal_Sup_L	10396	1302	0	19806	12694	244	69840	6290	5800	0	19102	1914	27582	646	9340	0	8098	1068	73208	12484	594	74	63940	16812	1904	750	1080	218	44608	2020	32812	11766	5802	6750	0	78	2570	234	0	82	204	0	0	0	0	102	0	0	0	94	0	0	0	0	1598	0	2140	0	0	0	690	0	0	0	0	0	112	168	286	178	11362	2890	20766	2322	2084	1272	2720	1332	568	0	3320	0	2336	0	298	0	0	0	2342	0	0	0	0	0	0	0	0	0	0	0	0	0	0	0	0	0	0	0	0	0	0	0	0	0	0	0	
946372	Frontal_Sup_R	5154	19666	19806	0	166	4256	5212	59462	0	310	1768	11348	654	9046	0	2216	1214	7630	20962	71800	0	202	18454	43030	150	2652	0	760	2460	13822	10912	28210	1564	15458	178	138	1122	3148	112	1192	0	0	0	0	0	0	0	94	0	0	0	0	0	0	0	1302	764	2528	90	0	0	78	0	250	0	0	0	0	1034	398	5950	19054	3746	19024	2548	1796	3974	24410	104	676	92	528	0	156	0	96	0	0	0	260	0	0	0	0	0	0	0	0	0	0	0	0	0	0	0	0	0	0	0	0	0	0	0	0	0	0	
226616	Frontal_Sup_Orb_L	0	0	12694	166	0	160	2122	90	20228	0	0	0	1518	0	20980	0	0	0	694	0	4896	456	3228	634	5072	740	9198	356	14476	0	4842	754	0	0	0	0	826	0	0	0	1222	0	0	0	0	0	0	0	0	0	0	0	0	0	102	0	0	0	0	0	0	0	0	0	0	0	0	0	0	0	948	278	4126	106	0	0	0	0	0	0	0	0	2396	0	0	0	0	0	0	0	0	0	0	0	0	0	0	0	0	0	0	0	0	0	0	0	0	0	0	0	0	0	0	0	0	0	
115360	Frontal_Sup_Orb_R	0	0	244	4256	160	0	0	1110	0	5486	0	0	0	332	0	5040	0	0	0	0	624	3988	996	5840	900	8644	548	8170	0	2370	1450	2656	0	0	0	0	0	0	0	0	0	866	0	0	0	0	0	0	0	0	0	0	0	0	0	0	0	0	0	0	0	0	0	0	0	0	0	0	0	0	618	158	0	3224	0	0	0	0	0	0	0	0	0	0	0	0	0	0	0	0	0	0	0	0	0	0	0	0	0	0	0	0	0	0	0	0	0	0	0	0	0	0	0	0	0	0	
491320	Frontal_Mid_L	22860	472	69840	5212	2122	0	0	2304	3994	0	9834	128	39032	0	7274	0	1488	118	7792	3254	0	0	16766	3420	0	0	0	0	19140	210	3590	2284	1694	3240	78	82	746	134	0	0	0	0	0	0	0	96	0	0	0	90	0	0	0	0	0	0	2822	0	162	0	752	0	0	0	0	0	130	154	114	246	3900	388	778	480	332	332	4996	670	654	0	320	0	904	0	134	0	0	0	98	0	0	0	0	0	0	0	0	0	0	0	0	0	0	0	0	0	0	0	0	0	0	0	0	0	0	0	
440476	Frontal_Mid_R	1656	17530	6290	59462	90	1110	2304	0	0	1200	1404	17434	486	20054	0	5152	1084	8030	6072	7160	0	0	1100	4832	0	0	0	0	1580	17426	1102	3812	74	1222	0	0	0	916	0	338	0	0	0	0	0	0	0	0	0	0	0	0	0	0	0	520	156	6316	0	208	0	1380	0	2474	0	74	0	0	0	0	3120	2942	448	10506	0	558	260	1152	0	388	0	436	0	156	0	80	0	0	0	144	0	0	0	0	0	0	0	0	0	0	0	0	0	0	0	0	0	0	0	0	0	0	0	0	0	0	
142952	Frontal_Mid_Orb_L	0	0	5800	0	20228	0	3994	0	0	0	0	0	2730	0	19640	0	0	0	228	0	1278	96	284	0	714	0	3596	0	7040	0	738	116	0	0	0	0	556	0	0	0	808	0	0	0	0	0	0	0	0	0	0	0	0	0	0	0	0	0	0	0	0	0	0	0	0	0	0	0	0	0	136	0	2002	0	0	0	0	0	0	0	0	0	1492	0	0	0	0	0	0	0	0	0	0	0	0	0	0	0	0	0	0	0	0	0	0	0	0	0	0	0	0	0	0	0	0	0	
29120	Frontal_Mid_Orb_R	0	0	0	310	0	5486	0	1200	0	0	0	0	0	524	0	4532	0	0	0	0	100	582	0	0	0	266	76	708	0	376	0	90	0	0	0	0	0	0	0	0	0	218	0	0	0	0	0	0	0	0	0	0	0	0	0	0	0	0	0	0	0	0	0	0	0	0	0	0	0	0	92	0	0	0	0	0	0	0	0	0	0	0	0	0	0	0	0	0	0	0	0	0	0	0	0	0	0	0	0	0	0	0	0	0	0	0	0	0	0	0	0	0	0	0	0	0	
295416	Frontal_Inf_Oper_L	19664	0	19102	1768	0	0	9834	1404	0	0	0	810	14148	100	0	0	14898	602	12348	596	0	0	914	98	0	0	0	0	20728	826	1946	536	0	250	0	0	680	0	0	0	0	0	0	0	0	0	0	0	0	0	154	0	0	0	0	0	5212	0	180	0	2236	0	392	0	396	0	182	0	262	82	3736	508	1702	96	176	82	1934	478	1406	0	4834	0	1386	0	762	0	0	0	260	0	0	0	0	0	0	0	0	0	0	0	0	0	0	0	0	0	0	0	0	0	0	0	0	0	0	0	
288424	Frontal_Inf_Oper_R	84	11568	1914	11348	0	0	128	17434	0	0	810	0	586	12332	0	0	82	12774	1764	2368	0	0	906	1318	0	0	0	0	1064	25382	2920	7520	186	1080	0	0	0	1104	0	652	0	0	0	0	0	0	0	0	0	0	0	0	0	0	0	444	0	5232	0	0	0	300	0	862	0	0	0	0	0	0	2534	8718	320	6766	0	542	0	1984	0	230	0	272	0	684	0	0	0	0	0	0	0	0	0	0	0	0	0	0	0	0	0	0	0	0	0	0	0	0	0	0	0	0	0	0	0	0	
307272	Frontal_Inf_Tri_L	2526	0	27582	654	1518	0	39032	486	2730	0	14148	586	0	80	13334	0	470	396	4616	142	0	0	5014	456	0	0	0	0	29754	600	3202	878	204	528	0	0	0	0	0	0	0	0	0	0	0	0	0	0	0	0	0	0	0	0	0	0	236	0	0	0	0	0	0	0	0	0	0	0	0	0	942	368	202	96	0	76	0	136	0	0	176	0	2468	0	0	0	0	0	0	0	0	0	0	0	0	0	0	0	0	0	0	0	0	0	0	0	0	0	0	0	0	0	0	0	0	0	
184168	Frontal_Inf_Tri_R	0	98	646	9046	0	332	0	20054	0	524	100	12332	80	0	0	6566	0	882	824	1404	0	0	784	2258	0	0	0	0	90	20088	1664	6420	142	1420	0	0	0	0	0	0	0	0	0	0	0	0	0	0	0	0	0	0	0	0	0	0	0	0	0	0	0	0	0	0	0	0	0	0	0	0	472	2528	146	2944	0	90	0	0	0	0	0	0	0	150	0	0	0	0	0	0	0	0	0	0	0	0	0	0	0	0	0	0	0	0	0	0	0	0	0	0	0	0	0	0	0	0	
227184	Frontal_Inf_Orb_L	0	0	9340	0	20980	0	7274	0	19640	0	0	0	13334	0	0	0	0	0	338	0	4484	450	1194	86	720	148	3432	348	17448	0	2724	672	0	0	0	0	638	0	112	0	796	0	0	0	0	0	0	0	0	0	0	0	0	0	104	0	0	0	0	0	0	0	0	0	0	0	0	0	0	0	560	200	2706	0	0	0	0	0	0	0	0	0	5864	0	0	0	0	0	0	0	0	0	0	0	0	0	0	0	0	0	0	0	0	0	0	0	0	0	0	0	0	0	0	0	0	0	
71328	Frontal_Inf_Orb_R	0	0	0	2216	0	5040	0	5152	0	4532	0	0	0	6566	0	0	0	0	0	0	0	1942	0	0	0	0	0	332	0	6474	0	0	0	0	0	0	0	0	0	0	0	1312	0	0	0	0	0	0	0	0	0	0	0	0	0	0	0	0	0	0	0	0	0	0	0	0	0	0	0	0	0	0	0	2014	0	0	0	0	0	0	0	0	0	84	0	0	0	0	0	0	0	0	0	0	0	0	0	0	0	0	0	0	0	0	0	0	0	0	0	0	0	0	0	0	0	0	
221420	Rolandic_Oper_L	8928	0	8098	1214	0	0	1488	1084	0	0	14898	82	470	0	0	0	0	76	5450	170	0	0	106	0	0	0	0	0	23042	90	316	0	0	0	0	0	848	0	0	0	0	0	0	0	0	0	0	0	0	0	636	0	170	0	198	0	8540	0	620	0	710	0	1678	0	968	0	430	0	420	0	2052	102	1954	0	662	0	456	368	4666	0	13060	0	2370	0	2854	0	0	0	1436	0	0	0	0	0	0	0	0	0	0	0	0	0	0	0	0	0	0	0	0	0	0	0	0	0	0	0	
179544	Rolandic_Oper_R	146	5382	1068	7630	0	0	118	8030	0	0	602	12774	396	882	0	0	76	0	618	1190	0	0	164	100	0	0	0	0	844	19598	598	1286	0	262	0	0	0	800	0	196	0	0	0	0	0	0	0	0	0	0	0	0	0	0	0	212	0	5544	0	0	0	284	0	1772	0	0	0	0	0	0	1972	4162	134	3610	0	338	0	2528	0	3140	0	2178	0	780	0	358	0	0	0	0	0	0	0	0	0	0	0	0	0	0	0	0	0	0	0	0	0	0	0	0	0	0	0	0	0	0	
673096	Supp_Motor_Area_L	6452	1340	73208	20962	694	0	7792	6072	228	0	12348	1764	4616	824	338	0	5450	618	0	40664	0	0	14256	6068	0	0	0	0	16824	1576	14884	9960	12246	24782	1140	1054	2564	250	218	88	0	0	76	0	0	264	0	0	0	240	0	0	0	0	1512	0	992	900	0	0	276	0	0	0	0	0	1226	580	2330	1314	6242	1604	15722	2332	978	548	4284	756	162	0	2210	0	364	0	134	0	0	0	2222	0	0	0	0	0	0	0	0	0	0	0	0	0	0	0	0	0	0	0	0	0	0	0	0	0	0	0	
709504	Supp_Motor_Area_R	10752	8160	12484	71800	0	0	3254	7160	0	0	596	2368	142	1404	0	0	170	1190	40664	0	0	0	5474	10992	0	0	0	0	632	2614	8730	15630	9506	47488	844	2796	398	1652	0	704	0	0	212	1200	148	2176	0	190	0	1444	0	248	0	106	0	768	636	3610	0	0	0	74	0	150	0	0	2324	4098	7952	19750	1856	13094	1468	6858	628	1064	1476	15034	0	316	0	178	0	0	0	0	0	0	0	90	0	0	0	0	0	0	0	0	0	0	0	0	0	0	0	0	0	0	0	0	0	0	0	0	0	0	
133920	Olfactory_L	0	0	594	0	4896	624	0	0	1278	100	0	0	0	0	4484	0	0	0	0	0	0	7982	112	0	862	1370	7566	3430	4578	0	5310	4472	0	0	0	0	1070	0	644	0	1614	0	0	0	0	0	0	0	0	0	0	0	0	0	630	0	0	0	0	0	0	0	0	0	0	0	0	0	0	0	8454	4068	2088	0	0	0	0	0	0	0	0	0	734	0	0	0	0	0	0	0	0	0	0	0	0	0	0	0	0	0	0	0	0	0	0	0	0	0	0	0	0	0	0	0	0	0	
122560	Olfactory_R	0	0	74	202	456	3988	0	0	96	582	0	0	0	0	450	1942	0	0	0	0	7982	0	120	484	122	2720	3878	6598	380	3486	3194	4284	0	0	0	0	0	0	0	0	0	2374	0	0	0	0	0	0	0	0	0	0	0	0	0	0	0	0	0	0	0	0	0	0	0	0	0	0	0	0	8888	5204	3194	320	0	0	0	0	0	0	0	0	0	262	0	0	0	0	0	0	0	0	0	0	0	0	0	0	0	0	0	0	0	0	0	0	0	0	0	0	0	0	0	0	0	0	
551264	Frontal_Sup_Medial_L	154	0	63940	18454	3228	996	16766	1100	284	0	914	906	5014	784	1194	0	106	164	14256	5474	112	120	0	39720	3456	2146	238	438	7550	950	34852	23644	7294	13766	0	0	0	0	0	0	0	0	0	0	0	0	0	0	0	0	0	0	0	0	0	0	0	0	0	0	0	0	0	0	0	0	0	0	0	0	2206	1096	2322	1064	0	284	0	172	0	0	0	0	468	0	0	0	0	0	0	0	0	0	0	0	0	0	0	0	0	0	0	0	0	0	0	0	0	0	0	0	0	0	0	0	0	0	
443352	Frontal_Sup_Medial_R	0	0	16812	43030	634	5840	3420	4832	0	0	98	1318	456	2258	86	0	0	100	6068	10992	0	484	39720	0	1894	7126	114	1866	1136	2172	13450	30926	1548	15988	0	0	0	0	0	0	0	0	0	0	0	0	0	0	0	0	0	0	0	0	0	0	0	0	0	0	0	0	0	0	0	0	0	0	0	0	526	1520	328	6526	0	128	0	280	0	0	0	0	0	0	0	0	0	0	0	0	0	0	0	0	0	0	0	0	0	0	0	0	0	0	0	0	0	0	0	0	0	0	0	0	0	0	
63612	Frontal_Med_Orb_L	0	0	1904	150	5072	900	0	0	714	0	0	0	0	0	720	0	0	0	0	0	862	122	3456	1894	0	3090	3590	868	302	0	6096	1296	0	0	0	0	0	0	0	0	0	0	0	0	0	0	0	0	0	0	0	0	0	0	0	0	0	0	0	0	0	0	0	0	0	0	0	0	0	0	310	0	460	0	0	0	0	0	0	0	0	0	0	0	0	0	0	0	0	0	0	0	0	0	0	0	0	0	0	0	0	0	0	0	0	0	0	0	0	0	0	0	0	0	0	0	
114056	Frontal_Med_Orb_R	0	0	750	2652	740	8644	0	0	0	266	0	0	0	0	148	0	0	0	0	0	1370	2720	2146	7126	3090	0	1292	10960	124	0	4322	7300	0	0	0	0	0	0	0	0	0	0	0	0	0	0	0	0	0	0	0	0	0	0	0	0	0	0	0	0	0	0	0	0	0	0	0	0	0	0	932	532	82	1832	0	0	0	0	0	0	0	0	0	0	0	0	0	0	0	0	0	0	0	0	0	0	0	0	0	0	0	0	0	0	0	0	0	0	0	0	0	0	0	0	0	0	
109448	Rectus_L	0	0	1080	0	9198	548	0	0	3596	76	0	0	0	0	3432	0	0	0	0	0	7566	3878	238	114	3590	1292	0	2824	2456	0	5452	3186	0	0	0	0	94	0	0	0	132	0	0	0	0	0	0	0	0	0	0	0	0	0	0	0	0	0	0	0	0	0	0	0	0	0	0	0	0	0	3874	1174	650	0	0	0	0	0	0	0	0	0	274	0	0	0	0	0	0	0	0	0	0	0	0	0	0	0	0	0	0	0	0	0	0	0	0	0	0	0	0	0	0	0	0	0	
107928	Rectus_R	0	0	218	760	356	8170	0	0	0	708	0	0	0	0	348	332	0	0	0	0	3430	6598	438	1866	868	10960	2824	0	326	366	2660	6886	0	0	0	0	0	0	0	0	0	264	0	0	0	0	0	0	0	0	0	0	0	0	0	0	0	0	0	0	0	0	0	0	0	0	0	0	0	0	2820	1308	370	1088	0	0	0	0	0	0	0	0	0	0	0	0	0	0	0	0	0	0	0	0	0	0	0	0	0	0	0	0	0	0	0	0	0	0	0	0	0	0	0	0	0	0	
715968	Insula_L	9674	434	44608	2460	14476	0	19140	1580	7040	0	20728	1064	29754	90	17448	0	23042	844	16824	632	4578	380	7550	1136	302	124	2456	326	0	1080	7126	2978	202	714	408	416	9926	280	930	86	3556	0	0	0	0	0	94	0	0	0	1354	0	508	0	5958	0	5760	0	1308	0	896	0	622	0	1402	0	512	86	574	0	6104	1064	22026	500	366	272	1918	718	10618	0	17356	0	7238	0	6216	0	94	0	10028	0	0	0	0	0	0	0	0	0	0	0	0	0	0	0	0	0	0	0	0	0	0	0	0	0	0	0	
424084	Insula_R	238	5864	2020	13822	0	2370	210	17426	0	376	826	25382	600	20088	0	6474	90	19598	1576	2614	0	3486	950	2172	0	0	0	366	1080	0	3286	10166	264	1840	0	0	110	7288	0	2404	0	3532	0	0	0	0	0	474	0	0	0	0	0	342	0	3396	0	958	0	0	0	92	0	268	0	0	0	0	0	0	2714	7178	378	23290	0	394	88	3238	0	3566	0	5352	0	1204	0	1036	0	0	0	1276	0	0	0	0	0	0	0	280	0	0	0	0	0	0	0	0	0	0	0	0	0	0	0	0	0	0	
521760	Cingulum_Ant_L	192	0	32812	10912	4842	1450	3590	1102	738	0	1946	2920	3202	1664	2724	0	316	598	14884	8730	5310	3194	34852	13450	6096	4322	5452	2660	7126	3286	0	36802	10662	8250	0	0	0	0	0	0	0	0	0	0	0	0	0	0	0	0	0	0	0	0	0	0	108	0	0	0	0	0	0	0	0	0	0	0	0	0	9646	5108	8642	1616	0	540	0	386	0	0	154	0	596	0	0	0	0	0	0	0	0	0	0	0	0	0	0	0	0	0	0	0	0	0	0	0	0	0	0	0	0	0	0	0	0	0	
594800	Cingulum_Ant_R	0	506	11766	28210	754	2656	2284	3812	116	90	536	7520	878	6420	672	0	0	1286	9960	15630	4472	4284	23644	30926	1296	7300	3186	6886	2978	10166	36802	0	5026	26930	0	0	0	0	0	0	0	0	0	0	0	0	0	0	0	0	0	0	0	0	0	0	0	428	0	0	0	0	0	0	0	0	0	0	0	0	4980	16138	2038	15120	0	588	0	790	0	0	0	0	128	198	0	0	0	0	0	0	0	0	0	0	0	0	0	0	0	0	0	0	0	0	0	0	0	0	0	0	0	0	0	0	0	0	
191428	Cingulum_Mid_L	466	420	5802	1564	0	0	1694	74	0	0	0	186	204	142	0	0	0	0	12246	9506	0	0	7294	1548	0	0	0	0	202	264	10662	5026	0	18350	1866	638	0	0	0	0	0	0	474	404	256	870	0	0	0	498	596	0	136	0	0	0	76	768	300	0	164	0	0	0	0	0	7164	2082	2352	1196	0	0	0	130	0	0	0	0	0	0	0	0	0	0	94	0	0	0	0	0	0	0	0	0	0	0	0	0	0	0	0	0	0	0	0	0	0	0	0	0	0	0	0	0	0	0	
548900	Cingulum_Mid_R	5928	3654	6750	15458	0	0	3240	1222	0	0	250	1080	528	1420	0	0	0	262	24782	47488	0	0	13766	15988	0	0	0	0	714	1840	8250	26930	18350	0	2780	6008	0	0	0	0	0	0	326	2244	346	5858	0	246	0	4282	0	876	0	0	0	232	312	6526	0	250	0	198	0	196	0	124	5932	12028	8268	15036	140	392	626	2732	438	0	0	154	0	0	0	0	0	0	0	0	0	0	0	0	0	0	0	0	0	0	0	0	0	0	0	0	0	0	0	0	0	0	0	0	0	0	0	0	0	0	
100312	Cingulum_Post_L	1508	1052	0	178	0	0	78	0	0	0	0	0	0	0	0	0	0	0	1140	844	0	0	0	0	0	0	0	0	408	0	0	0	1866	2780	0	7742	4518	1418	1008	148	0	0	3158	0	820	172	1610	132	178	0	308	0	306	0	380	0	1948	1066	80	0	202	0	0	0	0	0	6144	1218	1658	1194	0	0	916	0	156	0	1840	848	0	0	0	0	0	0	254	0	0	0	166	0	0	0	0	0	0	0	216	132	176	0	0	0	0	0	0	0	0	0	0	0	190	0	0	0	0	0	
118504	Cingulum_Post_R	464	1800	78	138	0	0	82	0	0	0	0	0	0	0	0	0	0	0	1054	2796	0	0	0	0	0	0	0	0	416	0	0	0	638	6008	7742	0	2426	2188	706	176	0	0	606	2726	648	2070	544	1182	170	1064	248	366	136	0	0	0	188	1886	0	0	0	110	0	84	0	0	3546	8570	952	1832	0	0	990	0	190	0	1842	1178	0	0	0	96	0	0	86	0	0	0	0	0	0	0	0	0	0	0	0	388	0	0	0	0	0	0	0	0	0	0	0	0	842	0	0	0	0	0	
246612	Hippocampus_L	1804	578	2570	1122	826	0	746	0	556	0	680	0	0	0	638	0	848	0	2564	398	1070	0	0	0	0	0	94	0	9926	110	0	0	0	0	4518	2426	0	1626	11440	246	9588	0	2562	0	0	0	4578	162	0	0	264	0	168	0	14196	0	844	0	0	0	0	0	460	0	458	0	2862	188	164	0	360	0	10734	280	1802	0	4868	1466	2382	0	2002	0	1126	0	3020	0	80	0	12704	0	0	0	0	0	130	0	468	136	262	0	0	0	0	0	0	0	0	0	0	0	206	0	0	0	0	0	
242668	Hippocampus_R	260	992	234	3148	0	0	134	916	0	0	0	1104	0	0	0	0	0	800	250	1652	0	0	0	0	0	0	0	0	280	7288	0	0	0	0	1418	2188	1626	0	450	21792	0	11202	88	650	0	0	326	6246	0	0	0	152	0	426	0	21418	0	358	0	114	0	208	0	88	0	0	0	2338	0	150	118	0	780	10512	158	176	1540	5948	0	946	0	2640	0	1568	0	786	0	0	0	2866	0	120	0	0	0	76	0	4082	0	314	0	0	0	0	0	0	0	0	0	0	408	0	0	0	0	0	
84256	ParaHippocampal_L	124	0	0	112	0	0	0	0	0	0	0	0	0	0	112	0	0	0	218	0	644	0	0	0	0	0	0	0	930	0	0	0	0	0	1008	706	11440	450	0	0	3192	0	382	0	0	0	5352	0	0	0	132	0	116	0	7666	0	0	0	0	0	0	0	0	0	0	0	1134	0	0	0	0	0	1326	0	228	0	1226	302	268	0	318	0	240	0	256	0	0	0	1818	0	410	0	0	0	424	0	1142	0	452	0	0	0	0	0	0	0	0	0	0	0	0	0	0	0	0	0	
142004	ParaHippocampal_R	124	78	82	1192	0	0	0	338	0	0	0	652	0	0	0	0	0	196	88	704	0	0	0	0	0	0	0	0	86	2404	0	0	0	0	148	176	246	21792	0	0	0	7224	0	0	0	0	0	4200	0	0	0	0	0	0	0	13660	0	0	0	0	0	0	0	0	0	0	0	512	0	0	0	0	162	5102	0	84	346	2554	0	174	0	428	0	1484	0	250	0	78	0	812	0	462	0	230	0	202	0	3968	0	646	0	0	0	0	0	0	0	0	0	118	0	0	0	0	0	0	
56772	Amygdala_L	0	0	204	0	1222	0	0	0	808	0	0	0	0	0	796	0	0	0	0	0	1614	0	0	0	0	0	132	0	3556	0	0	0	0	0	0	0	9588	0	3192	0	0	0	0	0	0	0	0	0	0	0	0	0	0	0	3998	0	0	0	0	0	0	0	0	0	0	0	0	0	0	0	0	0	278	0	0	0	0	0	0	0	0	0	762	0	102	0	0	0	2134	0	0	0	0	0	0	0	0	0	0	0	0	0	0	0	0	0	0	0	0	0	0	0	0	0	0	0	
73740	Amygdala_R	0	0	0	0	0	866	0	0	0	218	0	0	0	0	0	1312	0	0	0	0	0	2374	0	0	0	0	0	264	0	3532	0	0	0	0	0	0	0	11202	0	7224	0	0	0	0	0	0	0	0	0	0	0	0	0	0	0	5544	0	0	0	0	0	0	0	0	0	0	0	0	0	0	0	0	0	1152	0	0	0	94	0	0	0	0	0	2250	0	0	0	0	0	532	0	0	0	0	0	0	0	306	0	0	0	0	0	0	0	0	0	0	0	0	0	0	0	0	0	0	
245348	Calcarine_L	0	0	0	0	0	0	0	0	0	0	0	0	0	0	0	0	0	0	76	212	0	0	0	0	0	0	0	0	0	0	0	0	474	326	3158	606	2562	88	382	0	0	0	0	8524	22282	5866	12974	5400	8710	2178	13570	198	3200	0	1842	444	454	144	426	0	278	0	0	0	190	0	19232	2286	274	170	0	0	0	0	0	0	0	0	0	0	90	0	0	0	2516	0	0	0	1034	0	150	0	0	0	0	0	748	154	500	144	0	0	0	0	0	0	0	0	0	0	812	0	0	0	0	0	
440848	Calcarine_R	422	648	0	0	0	0	0	0	0	0	0	0	0	0	0	0	0	0	0	1200	0	0	0	0	0	0	0	0	0	0	0	0	404	2244	0	2726	0	650	0	0	0	0	8524	0	10606	40870	2408	23072	936	32840	572	11334	0	7578	0	11708	0	4094	0	2356	0	1142	0	506	0	314	5838	39466	564	2056	0	0	0	0	0	0	0	0	0	0	0	314	0	0	0	2376	0	0	0	1378	0	226	0	0	0	0	0	226	0	612	0	0	0	0	0	0	0	0	0	0	140	74	0	0	0	0	
277696	Cuneus_L	0	0	0	0	0	0	0	0	0	0	0	0	0	0	0	0	0	0	0	148	0	0	0	0	0	0	0	0	0	0	0	0	256	346	820	648	0	0	0	0	0	0	22282	10606	0	14784	2572	2686	27412	3060	19982	0	924	0	268	0	154	122	2394	0	184	0	0	0	220	0	18612	8464	128	230	0	0	0	0	0	0	0	0	0	0	0	0	0	0	1108	0	0	0	438	0	0	0	0	0	0	0	0	0	0	0	0	0	0	0	0	0	0	0	0	0	0	0	0	0	0	0	
494272	Cuneus_R	658	1330	102	0	0	0	96	0	0	0	0	0	0	0	0	0	0	0	264	2176	0	0	0	0	0	0	0	0	0	0	0	0	870	5858	172	2070	0	0	0	0	0	0	5866	40870	14784	0	814	8118	1884	53238	1250	11456	0	898	0	2916	0	3928	0	5204	0	1002	0	808	0	626	23120	46014	598	5934	0	0	0	0	0	0	0	0	0	0	0	280	0	0	0	2226	0	0	0	1402	0	0	0	0	0	0	0	0	0	304	0	0	0	0	0	0	0	0	0	0	0	0	0	0	0	0	
245316	Lingual_L	0	0	0	0	0	0	0	0	0	0	0	0	0	0	0	0	0	0	0	0	0	0	0	0	0	0	0	0	94	0	0	0	0	0	1610	544	4578	326	5352	0	0	0	12974	2408	2572	814	0	1994	2200	226	14348	80	9686	0	22530	282	160	0	0	0	0	0	0	0	80	0	6142	490	0	0	0	0	0	0	0	0	590	148	186	0	228	0	0	0	2026	0	0	0	1912	0	4572	152	0	0	0	0	8544	272	10462	376	0	0	0	0	0	0	0	0	0	0	2716	984	0	0	0	0	
336356	Lingual_R	0	74	0	94	0	0	0	0	0	0	0	0	0	0	0	0	0	0	0	190	0	0	0	0	0	0	0	0	0	474	0	0	0	246	132	1182	162	6246	0	4200	0	0	5400	23072	2686	8118	1994	0	74	9448	0	6002	234	4636	1062	21042	0	446	0	236	0	238	0	0	0	0	448	11184	0	132	0	0	100	328	0	0	198	1300	0	206	0	584	0	0	0	466	0	0	0	694	4100	4074	88	602	150	0	2056	10932	6280	8432	0	156	0	138	566	0	0	0	0	82	8432	7678	1084	0	0	0	
211556	Occipital_Sup_L	0	0	0	0	0	0	0	0	0	0	0	0	0	0	0	0	0	0	0	0	0	0	0	0	0	0	0	0	0	0	0	0	0	0	178	170	0	0	0	0	0	0	8710	936	27412	1884	2200	74	0	122	29436	0	594	0	0	0	148	0	10756	0	502	0	0	0	574	0	17746	3732	148	0	0	0	0	0	0	0	0	0	0	0	78	0	0	0	378	0	0	0	0	0	0	0	0	0	0	0	0	0	0	0	0	0	0	0	0	0	0	0	0	0	0	0	0	0	0	0	
481468	Occipital_Sup_R	490	1764	94	0	0	0	90	0	0	0	0	0	0	0	0	0	0	0	240	1444	0	0	0	0	0	0	0	0	0	0	0	0	498	4282	0	1064	0	0	0	0	0	0	2178	32840	3060	53238	226	9448	122	0	0	28320	0	1552	0	3330	0	5062	0	11652	0	2912	0	1562	0	6610	18200	34592	378	4788	0	0	0	0	0	0	0	0	0	0	0	858	0	0	0	6870	0	0	0	2614	0	0	0	0	0	0	0	0	0	356	0	0	0	0	0	0	0	0	0	0	0	0	0	0	0	0	
484452	Occipital_Mid_L	1200	86	0	0	0	0	0	0	0	0	154	0	0	0	0	0	636	0	0	0	0	0	0	0	0	0	0	0	1354	0	0	0	596	0	308	248	264	0	132	0	0	0	13570	572	19982	1250	14348	0	29436	0	0	0	23154	0	9536	0	6722	0	22806	0	11830	0	920	0	12600	0	26320	2472	4494	102	0	0	0	0	0	0	0	0	1368	0	3582	0	0	0	22758	0	0	0	8794	0	262	0	0	0	0	0	0	0	244	0	0	0	0	0	0	0	0	0	0	0	0	126	0	0	0	0	
236984	Occipital_Mid_R	0	422	0	0	0	0	0	0	0	0	0	0	0	0	0	0	0	0	0	248	0	0	0	0	0	0	0	0	0	0	0	0	0	876	0	366	0	152	0	0	0	0	198	11334	0	11456	80	6002	0	28320	0	0	0	6228	0	4196	0	916	0	5110	0	4244	0	1908	0	11300	1308	7248	0	140	0	0	0	0	0	0	0	0	0	0	0	1112	0	0	0	12750	0	0	0	1792	0	424	0	0	0	0	0	0	0	362	0	0	0	0	0	0	0	0	0	0	0	0	0	0	0	0	
169520	Occipital_Inf_L	690	80	0	0	0	0	0	0	0	0	0	0	0	0	0	0	170	0	0	0	0	0	0	0	0	0	0	0	508	0	0	0	136	0	306	136	168	0	116	0	0	0	3200	0	924	0	9686	234	594	0	23154	0	0	0	15242	0	1612	0	612	0	162	0	0	0	190	0	2674	0	912	82	0	0	0	0	0	0	0	0	558	0	2014	0	0	0	9926	0	0	0	7204	0	716	0	0	0	0	0	474	0	1712	0	0	0	0	0	0	0	0	0	0	0	138	430	0	0	0	0	
91364	Occipital_Inf_R	0	322	0	0	0	0	0	0	0	0	0	0	0	0	0	0	0	0	0	106	0	0	0	0	0	0	0	0	0	342	0	0	0	0	0	0	0	426	0	0	0	0	0	7578	0	898	0	4636	0	1552	0	6228	0	0	0	8996	0	132	0	0	0	0	0	0	0	0	328	2900	0	238	0	0	0	0	0	0	0	74	0	84	0	222	0	0	0	2668	0	0	0	5420	114	1154	0	0	0	0	0	104	138	828	0	0	0	0	0	0	0	0	0	0	0	194	0	0	0	0	
376944	Fusiform_L	450	0	1598	0	102	0	0	0	0	0	0	0	0	0	104	0	198	0	1512	0	630	0	0	0	0	0	0	0	5958	0	0	0	0	0	380	0	14196	0	7666	0	3998	0	1842	0	268	0	22530	1062	0	0	9536	0	15242	0	0	106	860	0	434	0	166	0	436	0	836	0	3282	0	544	0	0	0	3568	0	138	0	372	0	1278	0	2878	0	1982	0	8098	0	1364	0	22738	0	13048	92	104	0	0	0	12630	406	20436	210	104	0	96	0	0	0	0	0	0	0	3364	1630	0	0	0	0	
354068	Fusiform_R	0	450	0	1302	0	0	0	520	0	0	0	444	0	0	0	0	0	212	0	768	0	0	0	0	0	0	0	0	0	3396	0	0	0	232	0	0	0	21418	0	13660	0	5544	444	11708	0	2916	282	21042	0	3330	0	4196	0	8996	106	0	0	464	0	214	0	234	0	88	0	0	394	8750	0	284	0	0	0	5540	0	86	0	774	0	256	0	1862	0	2200	0	3284	0	906	0	12502	892	7296	0	1052	0	82	226	8590	1210	12884	0	92	0	120	0	0	0	0	0	0	2908	2194	684	0	0	0	
293656	Postcentral_L	28578	622	2140	764	0	0	2822	156	0	0	5212	0	236	0	0	0	8540	0	992	636	0	0	0	0	0	0	0	0	5760	0	108	0	76	312	1948	188	844	0	0	0	0	0	454	0	154	0	160	0	148	0	6722	0	1612	0	860	0	0	108	8182	0	21612	0	10876	0	3688	0	3306	0	8264	434	2376	148	1572	0	622	0	1224	0	2738	0	4410	0	0	0	4588	0	0	0	2636	0	0	0	0	0	0	0	0	0	0	0	0	0	0	0	0	0	0	0	0	0	0	0	0	0	0	0	
298656	Postcentral_R	1458	27466	0	2528	0	0	0	6316	0	0	0	5232	0	0	0	0	0	5544	900	3610	0	0	0	0	0	0	0	0	0	958	0	428	768	6526	1066	1886	0	358	0	0	0	0	144	4094	122	3928	0	446	0	5062	0	916	0	132	0	464	108	0	0	9046	0	11202	0	11926	0	878	2786	10678	4000	12200	0	1570	0	528	0	0	0	942	0	858	0	1000	0	0	0	1126	0	0	0	128	0	0	0	0	0	0	0	0	0	0	0	0	0	0	0	0	0	0	0	0	0	0	0	0	0	0	
195792	Parietal_Sup_L	650	92	0	90	0	0	162	0	0	0	180	0	0	0	0	0	620	0	0	0	0	0	0	0	0	0	0	0	1308	0	0	0	300	0	80	0	0	0	0	0	0	0	426	0	2394	0	0	0	10756	0	22806	0	612	0	434	0	8182	0	0	0	14132	0	238	0	6520	0	18444	1564	2824	0	0	0	0	0	0	0	0	0	388	0	1140	0	0	0	2092	0	0	0	1462	0	0	0	0	0	0	0	0	0	0	0	0	0	0	0	0	0	0	0	0	0	0	0	0	0	0	0	
119300	Parietal_Sup_R	374	672	0	0	0	0	0	208	0	0	0	0	0	0	0	0	0	0	0	0	0	0	0	0	0	0	0	0	0	0	0	0	0	250	0	0	0	114	0	0	0	0	0	2356	0	5204	0	236	0	11652	0	5110	0	0	0	214	0	9046	0	0	0	6144	0	1354	0	5424	1004	9088	422	432	0	0	0	0	0	0	0	0	0	0	0	100	0	0	0	246	0	0	0	0	0	0	0	0	0	0	0	0	0	0	0	0	0	0	0	0	0	0	0	0	0	0	0	0	0	0	
180484	Parietal_Inf_L	3418	0	690	0	0	0	752	0	0	0	2236	0	0	0	0	0	710	0	276	0	0	0	0	0	0	0	0	0	896	0	0	0	164	0	202	0	0	0	0	0	0	0	278	0	184	0	0	0	502	0	11830	0	162	0	166	0	21612	0	14132	0	0	0	9892	0	13032	0	2768	0	1480	0	0	0	0	0	0	0	0	0	472	0	1784	0	0	0	1656	0	0	0	948	0	0	0	0	0	0	0	0	0	0	0	0	0	0	0	0	0	0	0	0	0	0	0	0	0	0	0	
107672	Parietal_Inf_R	120	2756	0	78	0	0	0	1380	0	0	0	300	0	0	0	0	0	284	0	74	0	0	0	0	0	0	0	0	0	92	0	0	0	198	0	110	0	208	0	0	0	0	0	1142	0	1002	0	238	0	2912	0	4244	0	0	0	234	0	11202	0	6144	0	0	0	10972	0	6474	94	1502	150	132	0	174	0	0	0	0	0	134	0	0	0	590	0	0	0	896	0	0	0	0	0	0	0	0	0	0	0	0	0	0	0	0	0	0	0	0	0	0	0	0	0	0	0	0	0	0	
86628	SupraMarginal_L	560	0	0	0	0	0	0	0	0	0	392	0	0	0	0	0	1678	0	0	0	0	0	0	0	0	0	0	0	622	0	0	0	0	0	0	0	460	0	0	0	0	0	0	0	0	0	0	0	0	0	920	0	0	0	436	0	10876	0	238	0	9892	0	0	0	6392	0	266	0	916	0	0	0	0	0	0	0	0	0	268	0	4214	0	0	0	3406	0	0	0	1778	0	0	0	0	0	0	0	0	0	0	0	0	0	0	0	0	0	0	0	0	0	0	0	0	0	0	0	
107568	SupraMarginal_R	0	4758	0	250	0	0	0	2474	0	0	0	862	0	0	0	0	0	1772	0	150	0	0	0	0	0	0	0	0	0	268	0	0	0	196	0	84	0	88	0	0	0	0	0	506	0	808	0	0	0	1562	0	1908	0	0	0	88	0	11926	0	1354	0	10972	0	0	0	5128	134	1220	0	138	0	436	0	104	0	0	0	558	0	176	0	3366	0	0	0	1982	0	0	0	516	0	0	0	0	0	0	0	0	0	0	0	0	0	0	0	0	0	0	0	0	0	0	0	0	0	0	
134716	Angular_L	808	0	0	0	0	0	0	0	0	0	396	0	0	0	0	0	968	0	0	0	0	0	0	0	0	0	0	0	1402	0	0	0	0	0	0	0	458	0	0	0	0	0	190	0	220	0	80	0	574	0	12600	0	190	0	836	0	3688	0	6520	0	13032	0	6392	0	0	0	2404	0	3218	0	0	0	0	0	0	0	0	0	574	0	2416	0	0	0	7634	0	0	0	2758	0	0	0	0	0	0	0	0	0	0	0	0	0	0	0	0	0	0	0	0	0	0	0	0	0	0	0	
90224	Angular_R	0	252	0	0	0	0	0	74	0	0	0	0	0	0	0	0	0	0	0	0	0	0	0	0	0	0	0	0	0	0	0	0	0	124	0	0	0	0	0	0	0	0	0	314	0	626	0	0	0	6610	0	11300	0	0	0	0	0	878	0	5424	0	6474	0	5128	0	0	194	872	0	0	0	0	0	0	0	0	0	0	0	0	0	3248	0	0	0	3594	0	0	0	0	0	0	0	0	0	0	0	0	0	0	0	0	0	0	0	0	0	0	0	0	0	0	0	0	0	0	
533592	Precuneus_L	684	1168	112	0	0	0	130	0	0	0	182	0	0	0	0	0	430	0	1226	2324	0	0	0	0	0	0	0	0	512	0	0	0	7164	5932	6144	3546	2862	0	1134	0	0	0	19232	5838	18612	23120	6142	448	17746	18200	26320	1308	2674	328	3282	394	3306	2786	18444	1004	2768	94	266	134	2404	194	0	35368	7116	5114	0	0	0	0	0	0	0	0	272	0	830	100	0	0	3938	1430	0	0	1940	1316	0	0	0	0	0	0	302	0	296	0	0	0	0	0	0	0	0	0	0	0	180	0	0	0	0	0	
574092	Precuneus_R	1350	2782	168	0	0	0	154	0	0	0	0	0	0	0	0	0	0	0	580	4098	0	0	0	0	0	0	0	0	86	0	0	0	2082	12028	1218	8570	188	2338	0	512	0	0	2286	39466	8464	46014	490	11184	3732	34592	2472	7248	0	2900	0	8750	0	10678	1564	9088	0	1502	0	1220	0	872	35368	0	1450	10220	0	0	148	0	0	0	192	474	0	0	0	522	0	0	0	4418	0	0	0	2708	0	0	0	0	0	0	0	1380	0	314	0	0	0	0	0	0	0	0	0	0	1176	0	0	0	0	0	
180876	Paracentral_Lobule_L	9648	3548	286	1034	0	0	114	0	0	0	262	0	0	0	0	0	420	0	2330	7952	0	0	0	0	0	0	0	0	574	0	0	0	2352	8268	1658	952	164	0	0	0	0	0	274	564	128	598	0	0	148	378	4494	0	912	0	544	0	8264	4000	2824	422	1480	150	916	0	3218	0	7116	1450	0	7370	0	0	96	0	0	0	0	0	394	0	962	0	0	0	2700	0	0	0	1474	0	0	0	0	0	0	0	0	0	0	0	0	0	0	0	0	0	0	0	0	0	0	0	0	0	0	0	
218168	Paracentral_Lobule_R	6320	10976	178	398	0	0	246	0	0	0	82	0	0	0	0	0	0	0	1314	19750	0	0	0	0	0	0	0	0	0	0	0	0	1196	15036	1194	1832	0	150	0	0	0	0	170	2056	230	5934	0	132	0	4788	102	140	82	238	0	284	434	12200	0	432	0	132	0	138	0	0	5114	10220	7370	0	0	0	142	0	0	0	74	0	0	0	0	0	0	0	0	0	0	0	0	0	0	0	0	0	0	0	0	0	0	0	0	0	0	0	0	0	0	0	0	0	0	0	0	0	0	0	
291908	Caudate_L	6364	1016	11362	5950	948	618	3900	3120	136	92	3736	2534	942	472	560	0	2052	1972	6242	1856	8454	8888	2206	526	310	932	3874	2820	6104	2714	9646	4980	0	140	0	0	360	118	0	0	0	0	0	0	0	0	0	0	0	0	0	0	0	0	0	0	2376	0	0	0	0	0	0	0	0	0	0	0	0	0	0	12822	14852	2448	1376	558	4628	716	0	0	234	0	0	0	0	0	0	0	0	0	0	0	0	0	0	0	0	0	0	0	0	0	0	0	0	0	0	0	0	0	0	0	0	0	0	0	
313332	Caudate_R	198	3536	2890	19054	278	158	388	2942	0	0	508	8718	368	2528	200	0	102	4162	1604	13094	4068	5204	1096	1520	0	532	1174	1308	1064	7178	5108	16138	0	392	0	0	0	0	0	0	0	0	0	0	0	0	0	0	0	0	0	0	0	0	0	0	148	1570	0	0	0	174	0	436	0	0	0	0	0	0	12822	0	4284	14524	0	3572	446	12966	0	0	0	0	0	214	0	0	0	0	0	0	0	0	0	0	0	0	0	0	0	0	0	0	0	0	0	0	0	0	0	0	0	0	0	0	0	0	
345124	Putamen_L	2414	2698	20766	3746	4126	0	778	448	2002	0	1702	320	202	146	2706	0	1954	134	15722	1468	2088	3194	2322	328	460	82	650	370	22026	378	8642	2038	0	626	916	990	10734	780	1326	162	278	0	0	0	0	0	0	100	0	0	0	0	0	0	3568	0	1572	0	0	0	0	0	0	0	0	0	0	148	96	142	14852	4284	0	916	9816	92	6708	746	702	0	4092	0	634	0	340	0	0	0	3930	0	0	0	0	0	0	0	0	102	0	0	0	0	0	0	0	0	0	0	0	0	0	0	0	0	0	0	
342272	Putamen_R	124	2860	2322	19024	106	3224	480	10506	0	0	96	6766	96	2944	0	2014	0	3610	2332	6858	0	320	1064	6526	0	1832	0	1088	500	23290	1616	15120	130	2732	0	0	280	10512	0	5102	0	1152	0	0	0	0	0	328	0	0	0	0	0	0	0	5540	0	528	0	0	0	0	0	104	0	0	0	0	0	0	2448	14524	916	0	0	4692	84	4298	0	328	0	762	0	484	0	256	0	0	0	1218	0	0	0	0	0	0	0	0	0	0	0	0	0	0	0	0	0	0	0	0	0	0	0	0	0	0	
61632	Pallidum_L	928	2472	2084	2548	0	0	332	0	0	0	176	0	0	0	0	0	662	0	978	628	0	0	0	0	0	0	0	0	366	0	0	0	0	438	156	190	1802	158	228	0	0	0	0	0	0	0	0	0	0	0	0	0	0	0	138	0	622	0	0	0	0	0	0	0	0	0	0	0	0	0	1376	0	9816	0	0	0	3964	188	358	0	100	0	0	0	0	0	0	0	108	0	0	0	0	0	0	0	0	0	0	0	0	0	0	0	0	0	0	0	0	0	0	0	0	0	0	0	
36620	Pallidum_R	0	146	1272	1796	0	0	332	558	0	0	82	542	76	90	0	0	0	338	548	1064	0	0	284	128	0	0	0	0	272	394	540	588	0	0	0	0	0	176	0	84	0	0	0	0	0	0	0	0	0	0	0	0	0	0	0	86	0	0	0	0	0	0	0	0	0	0	0	0	0	0	558	3572	92	4692	0	0	0	0	0	0	0	0	0	0	0	0	0	0	0	0	0	0	0	0	0	0	0	0	0	0	0	0	0	0	0	0	0	0	0	0	0	0	0	0	0	0	
128468	Thalamus_L	6468	1768	2720	3974	0	0	4996	260	0	0	1934	0	0	0	0	0	456	0	4284	1476	0	0	0	0	0	0	0	0	1918	88	0	0	0	0	1840	1842	4868	1540	1226	346	0	0	0	0	0	0	590	198	0	0	0	0	0	0	372	0	1224	0	0	0	0	0	0	0	0	0	0	192	0	74	4628	446	6708	84	3964	0	0	2944	0	0	288	0	0	0	0	0	0	0	314	0	0	0	0	0	0	0	0	204	0	0	0	0	0	0	0	0	0	0	0	0	0	0	0	0	0	0	
203368	Thalamus_R	556	4852	1332	24410	0	0	670	1152	0	0	478	1984	136	0	0	0	368	2528	756	15034	0	0	172	280	0	0	0	0	718	3238	386	790	0	154	848	1178	1466	5948	302	2554	0	94	0	0	0	0	148	1300	0	0	0	0	0	74	0	774	0	942	0	0	0	134	0	558	0	0	0	474	0	0	716	12966	746	4298	188	0	2944	0	0	502	0	738	0	0	0	252	0	0	0	366	0	0	0	0	0	0	0	1090	0	0	0	0	0	0	0	0	0	0	0	0	90	0	0	0	0	0	
102936	Heschl_L	3070	82	568	104	0	0	654	0	0	0	1406	0	0	0	0	0	4666	0	162	0	0	0	0	0	0	0	0	0	10618	0	0	0	0	0	0	0	2382	0	268	0	0	0	0	0	0	0	186	0	0	0	1368	0	558	0	1278	0	2738	0	388	0	472	0	268	0	574	0	272	0	394	0	0	0	702	0	358	0	0	0	0	0	7410	0	0	0	5524	0	0	0	4998	0	0	0	0	0	0	0	0	0	0	0	0	0	0	0	0	0	0	0	0	0	0	0	0	0	0	0	
36524	Heschl_R	0	1392	0	676	0	0	0	388	0	0	0	230	0	0	0	0	0	3140	0	316	0	0	0	0	0	0	0	0	0	3566	0	0	0	0	0	0	0	946	0	174	0	0	0	0	0	0	0	206	0	0	0	0	0	84	0	256	0	858	0	0	0	0	0	176	0	0	0	0	0	0	0	0	0	328	0	0	0	502	0	0	0	4176	0	0	0	760	0	0	0	88	0	0	0	0	0	0	0	0	0	0	0	0	0	0	0	0	0	0	0	0	0	0	0	0	0	0	
260376	Temporal_Sup_L	1330	82	3320	92	0	0	320	0	0	0	4834	0	176	0	0	0	13060	0	2210	0	0	0	0	0	0	0	0	0	17356	0	154	0	0	0	0	0	2002	0	318	0	0	0	90	0	0	0	228	0	78	0	3582	0	2014	0	2878	0	4410	0	1140	0	1784	0	4214	0	2416	0	830	0	962	0	234	0	4092	0	100	0	288	0	7410	0	0	0	4562	0	26320	0	0	0	17302	0	0	0	0	0	0	0	0	0	0	0	0	0	0	0	0	0	0	0	0	0	0	0	0	0	0	0	
91780	Temporal_Sup_R	0	1498	0	528	0	0	0	436	0	0	0	272	0	0	0	0	0	2178	0	178	0	0	0	0	0	0	0	0	0	5352	0	0	0	0	0	96	0	2640	0	428	0	0	0	314	0	280	0	584	0	858	0	1112	0	222	0	1862	0	1000	0	100	0	590	0	3366	0	3248	100	522	0	0	0	0	0	762	0	0	0	738	0	4176	0	0	0	624	0	9412	0	102	0	2116	0	0	0	0	0	0	0	196	0	0	0	0	0	0	0	0	0	0	0	0	0	0	0	0	0	0	
113068	Temporal_Pole_Sup_L	0	0	2336	0	2396	0	904	0	1492	0	1386	0	2468	0	5864	0	2370	0	364	0	734	0	468	0	0	0	274	0	7238	0	596	128	0	0	0	0	1126	0	240	0	762	0	0	0	0	0	0	0	0	0	0	0	0	0	1982	0	0	0	0	0	0	0	0	0	0	0	0	0	0	0	0	0	634	0	0	0	0	0	0	0	4562	0	0	0	8760	0	3316	0	6134	0	0	0	0	0	0	0	0	0	0	0	0	0	0	0	0	0	0	0	0	0	0	0	0	0	0	0	
34592	Temporal_Pole_Sup_R	0	0	0	156	0	0	0	156	0	0	0	684	0	150	0	84	0	780	0	0	0	262	0	0	0	0	0	0	0	1204	0	198	0	0	0	0	0	1568	0	1484	0	2250	0	0	0	0	0	0	0	0	0	0	0	0	0	2200	0	0	0	0	0	0	0	0	0	0	0	0	0	0	0	214	0	484	0	0	0	0	0	0	0	624	0	0	0	1084	0	2034	0	1680	0	0	0	0	0	0	0	0	0	0	0	0	0	0	0	0	0	0	0	0	0	0	0	0	0	0	
350136	Temporal_Mid_L	1302	96	298	0	0	0	134	0	0	0	762	0	0	0	0	0	2854	0	134	0	0	0	0	0	0	0	0	0	6216	0	0	0	94	0	254	86	3020	0	256	0	102	0	2516	0	1108	0	2026	0	378	0	22758	0	9926	0	8098	0	4588	0	2092	0	1656	0	3406	0	7634	0	3938	0	2700	0	0	0	340	0	0	0	0	0	5524	0	26320	0	8760	0	0	0	2976	0	42716	0	0	0	0	0	0	0	0	0	0	0	0	0	0	0	0	0	0	0	0	0	0	0	0	0	0	0	
150164	Temporal_Mid_R	0	1576	0	96	0	0	0	80	0	0	0	0	0	0	0	0	0	358	0	0	0	0	0	0	0	0	0	0	0	1036	0	0	0	0	0	0	0	786	0	250	0	0	0	2376	0	2226	0	466	0	6870	0	12750	0	2668	0	3284	0	1126	0	246	0	896	0	1982	0	3594	1430	4418	0	0	0	0	0	256	0	0	0	252	0	760	0	9412	0	1084	0	0	0	544	0	13970	0	0	0	0	0	0	0	90	0	200	0	0	0	0	0	0	0	0	0	0	0	0	0	0	0	0	
21108	Temporal_Pole_Mid_L	0	0	0	0	0	0	0	0	0	0	0	0	0	0	0	0	0	0	0	0	0	0	0	0	0	0	0	0	94	0	0	0	0	0	0	0	80	0	0	0	0	0	0	0	0	0	0	0	0	0	0	0	0	0	1364	0	0	0	0	0	0	0	0	0	0	0	0	0	0	0	0	0	0	0	0	0	0	0	0	0	0	0	3316	0	2976	0	0	0	2724	0	0	0	0	0	0	0	0	0	0	0	0	0	0	0	0	0	0	0	0	0	0	0	0	0	0	0	
9524	Temporal_Pole_Mid_R	0	0	0	0	0	0	0	0	0	0	0	0	0	0	0	0	0	0	0	0	0	0	0	0	0	0	0	0	0	0	0	0	0	0	0	0	0	0	0	78	0	0	0	0	0	0	0	0	0	0	0	0	0	0	0	906	0	0	0	0	0	0	0	0	0	0	0	0	0	0	0	0	0	0	0	0	0	0	0	0	0	102	0	2034	0	544	0	0	0	1098	0	0	0	0	0	0	0	0	0	0	0	0	0	0	0	0	0	0	0	0	0	0	0	0	0	0	
341312	Temporal_Inf_L	934	0	2342	0	0	0	98	0	0	0	260	0	0	0	0	0	1436	0	2222	0	0	0	0	0	0	0	0	0	10028	0	0	0	0	0	166	0	12704	0	1818	0	2134	0	1034	0	438	0	1912	0	0	0	8794	0	7204	0	22738	0	2636	0	1462	0	948	0	1778	0	2758	0	1940	0	1474	0	0	0	3930	0	108	0	314	0	4998	0	17302	0	6134	0	42716	0	2724	0	0	0	1556	0	226	0	0	0	88	0	890	0	238	0	174	0	0	0	0	0	0	0	0	0	0	0	0	0	
117044	Temporal_Inf_R	0	322	0	260	0	0	0	144	0	0	0	0	0	0	0	0	0	0	0	90	0	0	0	0	0	0	0	0	0	1276	0	0	0	0	0	0	0	2866	0	812	0	532	0	1378	0	1402	0	694	0	2614	0	1792	0	5420	0	12502	0	128	0	0	0	0	0	516	0	0	1316	2708	0	0	0	0	0	1218	0	0	0	366	0	88	0	2116	0	1680	0	13970	0	1098	0	0	0	132	0	0	0	0	0	186	0	804	0	0	0	0	0	0	0	0	0	0	92	0	0	0	0	0	
335848	Cerebelum_Crus1_L	0	0	0	0	0	0	0	0	0	0	0	0	0	0	0	0	0	0	0	0	0	0	0	0	0	0	0	0	0	0	0	0	0	0	0	0	0	0	410	0	0	0	150	0	0	0	4572	4100	0	0	262	0	716	114	13048	892	0	0	0	0	0	0	0	0	0	0	0	0	0	0	0	0	0	0	0	0	0	0	0	0	0	0	0	0	0	0	0	0	1556	0	0	2056	19860	1208	990	118	18834	1556	45308	2796	12020	730	11696	746	1426	528	96	0	104	350	5838	8584	4432	1400	942	486	
310784	Cerebelum_Crus1_R	0	0	0	0	0	0	0	0	0	0	0	0	0	0	0	0	0	0	0	0	0	0	0	0	0	0	0	0	0	0	0	0	0	0	0	0	0	120	0	462	0	0	0	226	0	0	152	4074	0	0	0	424	0	1154	92	7296	0	0	0	0	0	0	0	0	0	0	0	0	0	0	0	0	0	0	0	0	0	0	0	0	0	0	0	0	0	0	0	0	0	132	2056	0	866	34366	0	3152	192	14014	2252	41878	290	4966	212	8590	0	678	0	726	456	1118	3344	10164	10172	1396	372	0	
204372	Cerebelum_Crus2_L	0	0	0	0	0	0	0	0	0	0	0	0	0	0	0	0	0	0	0	0	0	0	0	0	0	0	0	0	0	0	0	0	0	0	0	0	0	0	0	0	0	0	0	0	0	0	0	88	0	0	0	0	0	0	104	0	0	0	0	0	0	0	0	0	0	0	0	0	0	0	0	0	0	0	0	0	0	0	0	0	0	0	0	0	0	0	0	0	226	0	19860	866	0	6728	0	0	168	0	1792	594	28466	4526	21352	3434	4348	78	0	0	74	0	0	776	6944	1626	136	0	
264964	Cerebelum_Crus2_R	0	0	0	0	0	0	0	0	0	0	0	0	0	0	0	0	0	0	0	0	0	0	0	0	0	0	0	0	0	0	0	0	0	0	0	0	0	0	0	230	0	0	0	0	0	0	0	602	0	0	0	0	0	0	0	1052	0	0	0	0	0	0	0	0	0	0	0	0	0	0	0	0	0	0	0	0	0	0	0	0	0	0	0	0	0	0	0	0	0	0	1208	34366	6728	0	0	1948	0	4938	204	15434	3446	16846	1748	17984	150	2534	0	572	468	788	848	2846	14252	2684	526	80	
21996	Cerebelum_3_L	0	0	0	0	0	0	0	0	0	0	0	0	0	0	0	0	0	0	0	0	0	0	0	0	0	0	0	0	0	0	0	0	0	0	0	0	130	0	424	0	0	0	0	0	0	0	0	150	0	0	0	0	0	0	0	0	0	0	0	0	0	0	0	0	0	0	0	0	0	0	0	0	0	0	0	0	0	0	0	0	0	0	0	0	0	0	0	0	0	0	990	0	0	0	0	0	5246	118	1788	0	0	0	0	0	340	0	0	0	458	684	572	98	0	0	0	0	
46224	Cerebelum_3_R	0	0	0	0	0	0	0	0	0	0	0	0	0	0	0	0	0	0	0	0	0	0	0	0	0	0	0	0	0	0	0	0	0	0	0	0	0	76	0	202	0	0	0	0	0	0	0	0	0	0	0	0	0	0	0	82	0	0	0	0	0	0	0	0	0	0	0	0	0	0	0	0	0	0	0	0	0	0	0	0	0	0	0	0	0	0	0	0	0	0	118	3152	0	1948	0	0	90	3720	278	4096	148	82	344	656	124	1256	0	0	216	1978	488	566	1312	916	882	382	
209212	Cerebelum_4_5_L	0	0	0	0	0	0	0	0	0	0	0	0	0	0	0	0	0	0	0	0	0	0	0	0	0	0	0	0	0	0	0	0	0	0	216	0	468	0	1142	0	0	0	748	0	0	0	8544	2056	0	0	0	0	474	0	12630	226	0	0	0	0	0	0	0	0	0	0	302	0	0	0	0	0	0	0	0	0	0	0	0	0	0	0	0	0	0	0	0	0	88	0	18834	192	168	0	5246	90	0	1902	31226	858	194	0	208	0	2100	188	154	0	278	1028	12846	1284	0	112	298	506	
211944	Cerebelum_4_5_R	0	0	0	0	0	0	0	0	0	0	0	0	0	0	0	0	0	0	0	0	0	0	0	0	0	0	0	0	0	280	0	0	0	0	132	388	136	4082	0	3968	0	306	154	226	0	0	272	10932	0	0	0	0	0	104	406	8590	0	0	0	0	0	0	0	0	0	0	0	1380	0	0	0	0	102	0	0	0	204	1090	0	0	0	196	0	0	0	90	0	0	0	186	1556	14014	0	4938	118	3720	1902	0	2580	23222	0	128	0	398	594	304	0	400	0	1572	11690	3366	1894	152	110	90	
350872	Cerebelum_6_L	0	0	0	0	0	0	0	0	0	0	0	0	0	0	0	0	0	0	0	0	0	0	0	0	0	0	0	0	0	0	0	0	0	0	176	0	262	0	452	0	0	0	500	0	0	0	10462	6280	0	0	244	0	1712	138	20436	1210	0	0	0	0	0	0	0	0	0	0	296	0	0	0	0	0	0	0	0	0	0	0	0	0	0	0	0	0	0	0	0	0	890	0	45308	2252	1792	204	1788	278	31226	2580	0	3454	4922	0	5542	0	2904	786	852	0	164	690	11618	11140	1606	1128	1210	934	
319720	Cerebelum_6_R	0	0	0	0	0	0	0	0	0	0	0	0	0	0	0	0	0	0	0	0	0	0	0	0	0	0	0	0	0	0	0	0	0	0	0	0	0	314	0	646	0	0	144	612	0	304	376	8432	0	356	0	362	0	828	210	12884	0	0	0	0	0	0	0	0	0	0	0	314	0	0	0	0	0	0	0	0	0	0	0	0	0	0	0	0	0	200	0	0	0	804	2796	41878	594	15434	0	4096	858	23222	3454	0	78	1244	84	3142	112	770	0	1040	470	1908	9306	12218	8056	1532	670	112	
205392	Cerebelum_7b_L	0	0	0	0	0	0	0	0	0	0	0	0	0	0	0	0	0	0	0	0	0	0	0	0	0	0	0	0	0	0	0	0	0	0	0	0	0	0	0	0	0	0	0	0	0	0	0	0	0	0	0	0	0	0	104	0	0	0	0	0	0	0	0	0	0	0	0	0	0	0	0	0	0	0	0	0	0	0	0	0	0	0	0	0	0	0	0	0	238	0	12020	290	28466	3446	0	148	194	0	4922	78	0	2728	30704	3310	5252	276	738	88	114	114	0	232	4722	3732	682	98	
136976	Cerebelum_7b_R	0	0	0	0	0	0	0	0	0	0	0	0	0	0	0	0	0	0	0	0	0	0	0	0	0	0	0	0	0	0	0	0	0	0	0	0	0	0	0	0	0	0	0	0	0	0	0	156	0	0	0	0	0	0	0	92	0	0	0	0	0	0	0	0	0	0	0	0	0	0	0	0	0	0	0	0	0	0	0	0	0	0	0	0	0	0	0	0	0	0	730	4966	4526	16846	0	82	0	128	0	1244	2728	0	1458	20302	306	4486	0	126	186	138	110	756	5714	2566	842	0	
220048	Cerebelum_8_L	0	0	0	0	0	0	0	0	0	0	0	0	0	0	0	0	0	0	0	0	0	0	0	0	0	0	0	0	0	0	0	0	0	0	0	0	0	0	0	0	0	0	0	0	0	0	0	0	0	0	0	0	0	0	96	0	0	0	0	0	0	0	0	0	0	0	0	0	0	0	0	0	0	0	0	0	0	0	0	0	0	0	0	0	0	0	0	0	174	0	11696	212	21352	1748	0	344	208	0	5542	84	30704	1458	0	3334	13800	1294	1058	148	146	176	88	284	4474	7592	3374	638	
201528	Cerebelum_8_R	0	0	0	0	0	0	0	0	0	0	0	0	0	0	0	0	0	0	0	0	0	0	0	0	0	0	0	0	0	0	0	0	0	0	0	0	0	0	0	0	0	0	0	0	0	0	0	138	0	0	0	0	0	0	0	120	0	0	0	0	0	0	0	0	0	0	0	0	0	0	0	0	0	0	0	0	0	0	0	0	0	0	0	0	0	0	0	0	0	0	746	8590	3434	17984	0	656	0	398	0	3142	3310	20302	3334	0	1002	16688	0	1026	480	540	192	870	7204	7670	2740	198	
92328	Cerebelum_9_L	0	0	0	0	0	0	0	0	0	0	0	0	0	0	0	0	0	0	0	0	0	0	0	0	0	0	0	0	0	0	0	0	0	0	0	0	0	0	0	0	0	0	0	0	0	0	0	566	0	0	0	0	0	0	0	0	0	0	0	0	0	0	0	0	0	0	0	0	0	0	0	0	0	0	0	0	0	0	0	0	0	0	0	0	0	0	0	0	0	0	1426	0	4348	150	340	124	2100	594	2904	112	5252	306	13800	1002	0	2176	1894	0	0	0	1636	1396	302	1816	2780	1140	
102856	Cerebelum_9_R	0	0	0	0	0	0	0	0	0	0	0	0	0	0	0	0	0	0	0	0	0	0	0	0	0	0	0	0	0	0	0	0	0	0	0	0	0	0	0	0	0	0	0	0	0	0	0	0	0	0	0	0	0	0	0	0	0	0	0	0	0	0	0	0	0	0	0	0	0	0	0	0	0	0	0	0	0	0	0	0	0	0	0	0	0	0	0	0	0	0	528	678	78	2534	0	1256	188	304	786	770	276	4486	1294	16688	2176	0	0	1104	0	218	820	2552	1648	4554	6016	2474	
9584	Cerebelum_10_L	0	0	0	0	0	0	0	0	0	0	0	0	0	0	0	0	0	0	0	0	0	0	0	0	0	0	0	0	0	0	0	0	0	0	0	0	0	0	0	0	0	0	0	0	0	0	0	0	0	0	0	0	0	0	0	0	0	0	0	0	0	0	0	0	0	0	0	0	0	0	0	0	0	0	0	0	0	0	0	0	0	0	0	0	0	0	0	0	0	0	96	0	0	0	0	0	154	0	852	0	738	0	1058	0	1894	0	0	0	0	0	0	0	0	0	0	0	
14472	Cerebelum_10_R	0	0	0	0	0	0	0	0	0	0	0	0	0	0	0	0	0	0	0	0	0	0	0	0	0	0	0	0	0	0	0	0	0	0	0	0	0	0	0	0	0	0	0	0	0	0	0	0	0	0	0	0	0	0	0	0	0	0	0	0	0	0	0	0	0	0	0	0	0	0	0	0	0	0	0	0	0	0	0	0	0	0	0	0	0	0	0	0	0	0	0	726	0	572	0	0	0	400	0	1040	88	126	148	1026	0	1104	0	0	0	0	0	118	636	778	474	0	
19044	Vermis_1_2	0	0	0	0	0	0	0	0	0	0	0	0	0	0	0	0	0	0	0	0	0	0	0	0	0	0	0	0	0	0	0	0	0	0	0	0	0	0	0	0	0	0	0	0	0	0	0	0	0	0	0	0	0	0	0	0	0	0	0	0	0	0	0	0	0	0	0	0	0	0	0	0	0	0	0	0	0	0	0	0	0	0	0	0	0	0	0	0	0	0	104	456	74	468	458	216	278	0	164	470	114	186	146	480	0	0	0	0	0	4462	368	0	536	542	0	0	
37172	Vermis_3	0	0	0	0	0	0	0	0	0	0	0	0	0	0	0	0	0	0	0	0	0	0	0	0	0	0	0	0	0	0	0	0	0	0	0	0	0	0	0	118	0	0	0	0	0	0	0	82	0	0	0	0	0	0	0	0	0	0	0	0	0	0	0	0	0	0	0	0	0	0	0	0	0	0	0	0	0	0	0	0	0	0	0	0	0	0	0	0	0	0	350	1118	0	788	684	1978	1028	1572	690	1908	114	138	176	540	0	218	0	0	4462	0	1164	80	652	594	132	0	
186136	Vermis_4_5	0	0	0	0	0	0	0	0	0	0	0	0	0	0	0	0	0	0	0	0	0	0	0	0	0	0	0	0	0	0	0	0	0	0	190	842	206	408	0	0	0	0	812	140	0	0	2716	8432	0	0	0	0	138	0	3364	2908	0	0	0	0	0	0	0	0	0	0	180	1176	0	0	0	0	0	0	0	0	0	90	0	0	0	0	0	0	0	0	0	0	0	92	5838	3344	0	848	572	488	12846	11690	11618	9306	0	110	88	192	1636	820	0	0	368	1164	0	6828	700	214	990	1714	
