data	data	460188	352180	1.0208e+06	709568	144072	117956	584132	240100	78168	61060	264192	136220	211144	168060	160436	86716	226744	81404	752696	794088	94624	103124	267376	388912	47776	93852	66700	95468	631544	257240	233912	449148	136692	631268	170284	167840	202296	225276	102112	116368	33164	44040	203356	288792	125872	255184	178660	221816	123800	250028	409024	174496	116336	78948	253888	339096	354348	225696	164216	56688	299060	119148	124524	112792	138768	120020	268956	408956	121724	328768	255368	322348	321724	290608	57492	20108	88512	92864	61576	19456	173532	73320	125060	46832	266508	145044	30712	19956	241176	107316	395308	441932	306776	369628	24812	33960	205788	214360	325408	379448	214452	140120	271412	268352	114408	106696	14320	11484	14688	18252	139820	112340	171096	114628	76128	22976	
data	data	Precentral_L	Precentral_R	Frontal_Sup_L	Frontal_Sup_R	Frontal_Sup_Orb_L	Frontal_Sup_Orb_R	Frontal_Mid_L	Frontal_Mid_R	Frontal_Mid_Orb_L	Frontal_Mid_Orb_R	Frontal_Inf_Oper_L	Frontal_Inf_Oper_R	Frontal_Inf_Tri_L	Frontal_Inf_Tri_R	Frontal_Inf_Orb_L	Frontal_Inf_Orb_R	Rolandic_Oper_L	Rolandic_Oper_R	Supp_Motor_Area_L	Supp_Motor_Area_R	Olfactory_L	Olfactory_R	Frontal_Sup_Medial_L	Frontal_Sup_Medial_R	Frontal_Med_Orb_L	Frontal_Med_Orb_R	Rectus_L	Rectus_R	Insula_L	Insula_R	Cingulum_Ant_L	Cingulum_Ant_R	Cingulum_Mid_L	Cingulum_Mid_R	Cingulum_Post_L	Cingulum_Post_R	Hippocampus_L	Hippocampus_R	ParaHippocampal_L	ParaHippocampal_R	Amygdala_L	Amygdala_R	Calcarine_L	Calcarine_R	Cuneus_L	Cuneus_R	Lingual_L	Lingual_R	Occipital_Sup_L	Occipital_Sup_R	Occipital_Mid_L	Occipital_Mid_R	Occipital_Inf_L	Occipital_Inf_R	Fusiform_L	Fusiform_R	Postcentral_L	Postcentral_R	Parietal_Sup_L	Parietal_Sup_R	Parietal_Inf_L	Parietal_Inf_R	SupraMarginal_L	SupraMarginal_R	Angular_L	Angular_R	Precuneus_L	Precuneus_R	Paracentral_Lobule_L	Paracentral_Lobule_R	Caudate_L	Caudate_R	Putamen_L	Putamen_R	Pallidum_L	Pallidum_R	Thalamus_L	Thalamus_R	Heschl_L	Heschl_R	Temporal_Sup_L	Temporal_Sup_R	Temporal_Pole_Sup_L	Temporal_Pole_Sup_R	Temporal_Mid_L	Temporal_Mid_R	Temporal_Pole_Mid_L	Temporal_Pole_Mid_R	Temporal_Inf_L	Temporal_Inf_R	Cerebelum_Crus1_L	Cerebelum_Crus1_R	Cerebelum_Crus2_L	Cerebelum_Crus2_R	Cerebelum_3_L	Cerebelum_3_R	Cerebelum_4_5_L	Cerebelum_4_5_R	Cerebelum_6_L	Cerebelum_6_R	Cerebelum_7b_L	Cerebelum_7b_R	Cerebelum_8_L	Cerebelum_8_R	Cerebelum_9_L	Cerebelum_9_R	Cerebelum_10_L	Cerebelum_10_R	Vermis_1_2	Vermis_3	Vermis_4_5	Vermis_6	Vermis_7	Vermis_8	Vermis_9	Vermis_10	
460188	Precentral_L	0	9668	10510	1500	190	0	22132	0	0	0	13096	0	422	0	334	0	10468	0	4806	14516	0	0	140	0	0	0	0	0	15874	0	470	0	3028	10724	346	304	2854	0	588	0	0	0	0	0	0	162	0	0	0	162	2466	0	0	0	758	0	38498	1338	3100	0	13010	0	2400	0	656	0	0	218	11330	11656	3592	0	4464	0	788	0	6572	0	3232	0	1770	0	1064	0	506	0	0	0	382	0	0	0	0	0	0	0	0	0	0	0	0	0	0	0	0	0	0	0	0	0	0	0	0	0	0	0	
352180	Precentral_R	9668	0	4130	9370	0	0	1574	5142	0	0	408	2984	0	0	0	0	486	622	3796	15460	0	0	0	0	0	0	0	0	1486	1818	0	0	518	8044	1438	1556	496	6368	0	640	0	0	0	1006	0	316	0	148	0	220	0	168	0	932	160	2700	3514	33090	0	0	160	1814	0	3730	0	290	450	3024	1678	17792	2294	5342	2002	1466	712	204	1232	12432	0	234	176	1148	280	0	0	668	0	0	104	600	0	0	0	0	0	0	0	0	0	0	0	0	0	0	0	0	0	0	0	0	0	0	0	0	0	0	
1.0208e+06	Frontal_Sup_L	10510	4130	0	15726	6458	0	81290	1926	1642	0	16844	910	19238	492	7152	0	9342	182	103948	28044	194	0	40188	5252	1504	0	252	0	44322	188	13532	2086	4882	10696	322	114	3338	0	114	0	820	0	0	0	0	108	0	0	0	0	994	0	0	0	1250	0	3376	132	912	0	654	0	512	0	240	0	0	372	1166	1072	14208	1990	27044	298	6562	0	6532	0	478	0	1994	0	4362	0	0	0	0	0	508	0	0	0	0	0	0	0	0	0	0	0	0	0	0	0	0	0	0	0	0	0	0	0	0	0	0	0	
709568	Frontal_Sup_R	1500	9370	15726	0	126	3630	3126	23080	0	960	148	7314	0	7610	0	938	140	3662	22728	72312	410	576	6374	44768	0	2838	188	828	1000	9580	3558	36846	628	30974	0	0	356	678	0	0	0	0	0	0	0	0	0	0	0	0	0	0	0	0	138	562	264	680	0	0	0	0	0	0	0	0	0	0	204	0	5650	19642	1646	11474	476	748	0	1040	0	0	0	288	0	0	0	0	0	0	0	0	0	0	0	0	0	0	0	0	0	0	0	0	0	0	0	0	0	0	0	0	0	0	0	0	0	0	
144072	Frontal_Sup_Orb_L	190	0	6458	126	0	296	912	0	10446	0	0	0	1014	0	11714	136	0	0	1232	0	3052	878	1922	0	4358	0	7098	466	9348	0	2656	0	0	0	0	0	0	0	204	0	118	0	0	0	0	0	0	0	0	0	0	0	0	0	0	0	0	0	0	0	0	0	0	0	0	0	0	0	0	0	2224	488	6088	0	0	0	0	0	0	0	0	0	612	0	0	0	0	0	0	0	0	0	0	0	0	0	0	0	0	0	0	0	0	0	0	0	0	0	0	0	0	0	0	0	0	0	
117956	Frontal_Sup_Orb_R	0	0	0	3630	296	0	0	854	104	6700	0	0	0	978	0	4740	0	0	196	1184	1140	2280	0	3846	242	7676	700	8914	0	1510	406	3580	0	124	0	0	0	0	0	0	0	0	0	0	0	0	0	0	0	0	0	0	0	0	0	0	0	0	0	0	0	0	0	0	0	0	0	0	0	0	1132	4534	306	3906	0	0	0	0	0	0	0	0	0	0	0	0	0	0	0	0	0	0	0	0	0	0	0	0	0	0	0	0	0	0	0	0	0	0	0	0	0	0	0	0	0	0	
584132	Frontal_Mid_L	22132	1574	81290	3126	912	0	0	650	2198	0	18746	664	27446	610	6264	0	8278	0	18342	3312	0	0	19464	2210	0	0	0	0	28172	0	3488	530	0	1172	0	0	3080	0	194	0	0	0	0	0	0	0	0	0	0	0	668	0	0	0	1104	0	3664	0	888	0	1400	0	0	0	152	0	0	0	0	160	7522	476	7344	0	274	0	7576	0	2396	0	1934	0	1958	0	130	0	0	0	566	0	0	0	0	0	0	0	0	0	0	0	0	0	0	0	0	0	0	0	0	0	0	0	0	0	0	0	
240100	Frontal_Mid_R	0	5142	1926	23080	0	854	650	0	0	4306	0	10706	0	18562	0	6620	0	1078	2376	6288	0	0	0	3494	0	0	0	0	188	8904	160	2030	0	2650	0	0	0	1644	0	290	0	0	0	0	0	0	0	0	0	0	0	0	0	298	0	1292	0	2278	0	0	0	0	0	126	0	0	0	0	0	0	2132	2576	116	7396	0	618	0	2160	0	0	0	0	0	0	0	0	0	0	0	110	0	0	0	0	0	0	0	0	0	0	0	0	0	0	0	0	0	0	0	0	0	0	0	0	0	0	
78168	Frontal_Mid_Orb_L	0	0	1642	0	10446	104	2198	0	0	0	0	0	3384	0	12370	0	0	0	0	0	630	256	0	0	140	0	918	134	4732	0	110	0	0	0	0	0	0	0	0	0	0	0	0	0	0	0	0	0	0	0	0	0	0	0	0	0	0	0	0	0	0	0	0	0	0	0	0	0	0	0	342	160	1136	0	0	0	0	0	0	0	0	0	382	0	0	0	0	0	0	0	0	0	0	0	0	0	0	0	0	0	0	0	0	0	0	0	0	0	0	0	0	0	0	0	0	0	
61060	Frontal_Mid_Orb_R	0	0	0	960	0	6700	0	4306	0	0	0	0	0	3284	0	7550	0	0	0	436	124	208	0	452	0	560	0	644	0	2704	0	282	0	0	0	0	0	0	0	0	0	0	0	0	0	0	0	0	0	0	0	0	0	0	0	0	0	0	0	0	0	0	0	0	0	0	0	0	0	0	122	942	0	1256	0	0	0	0	0	0	0	0	0	0	0	0	0	0	0	0	0	0	0	0	0	0	0	0	0	0	0	0	0	0	0	0	0	0	0	0	0	0	0	0	0	0	
264192	Frontal_Inf_Oper_L	13096	408	16844	148	0	0	18746	0	0	0	0	0	11508	0	934	0	13864	0	9456	188	0	0	468	0	0	0	0	0	24816	0	304	0	0	0	0	0	750	0	0	0	0	0	0	0	0	0	0	0	0	0	402	0	0	0	572	0	4540	0	526	0	1014	0	286	0	252	0	0	0	0	0	120	0	1552	0	196	0	214	0	1160	0	3238	0	6384	0	0	0	0	0	110	0	0	0	0	0	0	0	0	0	0	0	0	0	0	0	0	0	0	0	0	0	0	0	0	0	0	0	
136220	Frontal_Inf_Oper_R	0	2984	910	7314	0	0	664	10706	0	0	0	0	0	8440	0	386	0	4540	1464	6292	0	0	0	138	0	0	0	0	0	10882	0	494	0	476	0	0	0	1226	0	226	0	0	0	0	0	0	0	0	0	0	0	0	0	400	0	1042	0	3002	0	0	0	0	0	0	0	0	0	0	0	0	494	664	0	3360	0	416	0	1368	0	0	0	222	0	0	0	0	0	0	0	0	0	0	0	0	0	0	0	0	0	0	0	0	0	0	0	0	0	0	0	0	0	0	0	0	0	0	
211144	Frontal_Inf_Tri_L	422	0	19238	0	1014	0	27446	0	3384	0	11508	0	0	0	12886	0	392	0	4310	0	0	0	412	0	0	0	0	0	21772	0	594	0	0	0	0	0	184	0	0	0	0	0	0	0	0	0	0	0	0	0	0	0	0	0	0	0	0	0	0	0	0	0	0	0	0	0	0	0	0	0	0	0	1382	0	0	0	0	0	0	0	0	0	628	0	0	0	0	0	0	0	0	0	0	0	0	0	0	0	0	0	0	0	0	0	0	0	0	0	0	0	0	0	0	0	0	0	
168060	Frontal_Inf_Tri_R	0	0	492	7610	0	978	610	18562	0	3284	0	8440	0	0	0	4764	0	0	848	3548	0	0	0	2926	0	652	0	0	0	15314	0	3186	0	1502	0	0	0	804	0	0	0	0	0	0	0	0	0	0	0	0	0	0	0	0	0	616	0	0	0	0	0	0	0	0	0	0	0	0	0	0	198	2056	0	7126	0	514	0	0	0	0	0	0	0	0	0	0	0	0	0	0	0	0	0	0	0	0	0	0	0	0	0	0	0	0	0	0	0	0	0	0	0	0	0	0	0	0	
160436	Frontal_Inf_Orb_L	334	0	7152	0	11714	0	6264	0	12370	0	934	0	12886	0	0	0	186	0	2442	0	1608	356	0	0	0	0	966	182	15798	0	0	0	0	0	0	0	0	0	0	0	0	0	0	0	0	0	0	0	0	0	0	0	0	0	0	0	0	0	0	0	0	0	0	0	0	0	0	0	0	0	938	230	4302	0	0	0	0	0	0	0	0	0	1556	0	0	0	0	0	0	0	0	0	0	0	0	0	0	0	0	0	0	0	0	0	0	0	0	0	0	0	0	0	0	0	0	0	
86716	Frontal_Inf_Orb_R	0	0	0	938	136	4740	0	6620	0	7550	0	386	0	4764	0	0	0	0	0	330	344	1130	0	168	0	144	194	1320	0	8798	0	0	0	184	0	0	0	0	0	0	0	0	0	0	0	0	0	0	0	0	0	0	0	0	0	0	0	0	0	0	0	0	0	0	0	0	0	0	0	0	342	1276	0	3994	0	0	0	0	0	0	0	0	0	0	0	0	0	0	0	0	0	0	0	0	0	0	0	0	0	0	0	0	0	0	0	0	0	0	0	0	0	0	0	0	0	0	
226744	Rolandic_Oper_L	10468	486	9342	140	0	0	8278	0	0	0	13864	0	392	0	186	0	0	0	6950	352	0	0	0	0	0	0	0	0	22538	0	0	0	0	164	0	0	306	0	242	0	0	0	122	0	0	0	0	0	0	0	2072	0	872	0	1044	0	10008	0	1048	0	1194	0	1460	0	218	0	176	0	156	0	0	0	504	0	140	0	324	0	3870	0	8184	0	5624	0	1580	0	0	0	1068	0	0	0	0	0	0	0	0	0	0	0	0	0	0	0	0	0	0	0	0	0	0	0	0	0	0	0	
81404	Rolandic_Oper_R	0	622	182	3662	0	0	0	1078	0	0	0	4540	0	0	0	0	0	0	764	3330	0	0	0	0	0	0	0	0	0	10226	0	0	0	188	0	0	0	642	0	0	0	0	0	172	0	0	0	0	0	0	0	0	0	164	0	658	0	1888	0	0	0	0	0	1400	0	0	0	162	0	250	0	2308	0	1498	0	518	0	814	0	1474	0	3432	0	0	0	290	0	0	0	440	0	0	0	0	0	0	0	0	0	0	0	0	0	0	0	0	0	0	0	0	0	0	0	0	0	0	
752696	Supp_Motor_Area_L	4806	3796	103948	22728	1232	196	18342	2376	0	0	9456	1464	4310	848	2442	0	6950	764	0	49446	0	0	7956	4128	0	0	0	0	26140	1332	7952	8814	8218	22124	496	230	1328	0	0	0	750	0	0	0	0	0	0	0	0	0	298	0	0	0	730	0	2422	176	114	0	290	0	452	0	0	0	108	316	3286	1352	11828	3680	18662	1776	2162	118	408	0	200	0	1258	0	3820	0	0	0	0	0	320	0	0	0	0	0	0	0	0	0	0	0	0	0	0	0	0	0	0	0	0	0	0	0	0	0	0	0	
794088	Supp_Motor_Area_R	14516	15460	28044	72312	0	1184	3312	6288	0	436	188	6292	0	3548	0	330	352	3330	49446	0	0	0	3054	16306	0	272	0	0	1262	6712	2554	24184	4300	60132	290	1850	370	916	0	0	0	0	0	550	0	228	0	0	0	146	0	0	0	166	132	572	1080	462	194	0	0	0	0	0	0	0	0	1090	5746	23316	6134	16440	2666	6312	1182	572	1470	458	0	0	148	364	112	0	0	136	0	0	0	128	0	0	0	0	0	0	0	0	0	0	0	0	0	0	0	0	0	0	0	0	0	0	0	0	0	0	
94624	Olfactory_L	0	0	194	410	3052	1140	0	0	630	124	0	0	0	0	1608	344	0	0	0	0	0	6962	0	532	702	516	3230	2500	2024	0	3582	2270	0	0	0	0	184	0	260	0	464	0	0	0	0	0	0	0	0	0	0	0	0	0	0	0	0	0	0	0	0	0	0	0	0	0	0	0	0	0	8622	4252	2624	970	0	0	0	0	0	0	0	0	116	0	0	0	0	0	0	0	0	0	0	0	0	0	0	0	0	0	0	0	0	0	0	0	0	0	0	0	0	0	0	0	0	0	
103124	Olfactory_R	0	0	0	576	878	2280	0	0	256	208	0	0	0	0	356	1130	0	0	0	0	6962	0	0	818	480	1974	2096	6422	0	2228	3114	4250	0	0	0	0	0	0	0	0	0	360	0	0	0	0	0	0	0	0	0	0	0	0	0	0	0	0	0	0	0	0	0	0	0	0	0	0	0	0	7484	5710	2106	1874	0	0	0	0	0	0	0	0	0	0	0	0	0	0	0	0	0	0	0	0	0	0	0	0	0	0	0	0	0	0	0	0	0	0	0	0	0	0	0	0	0	0	
267376	Frontal_Sup_Medial_L	140	0	40188	6374	1922	0	19464	0	0	0	468	0	412	0	0	0	0	0	7956	3054	0	0	0	17112	2234	480	312	0	708	0	12058	9590	3002	7904	0	0	0	0	0	0	0	0	0	0	0	0	0	0	0	0	0	0	0	0	0	0	0	0	0	0	0	0	0	0	0	0	0	0	0	0	0	0	198	112	0	0	0	0	0	0	0	0	0	0	0	0	0	0	0	0	0	0	0	0	0	0	0	0	0	0	0	0	0	0	0	0	0	0	0	0	0	0	0	0	0	0	
388912	Frontal_Sup_Medial_R	0	0	5252	44768	0	3846	2210	3494	0	452	0	138	0	2926	0	168	0	0	4128	16306	532	818	17112	0	466	7058	228	1340	0	1766	6504	34936	382	22888	0	0	0	282	0	0	0	0	0	0	0	0	0	0	0	0	0	0	0	0	0	246	0	0	0	0	0	0	0	0	0	0	0	0	0	0	580	7806	244	7580	0	0	0	0	0	0	0	0	0	0	0	0	0	0	0	0	0	0	0	0	0	0	0	0	0	0	0	0	0	0	0	0	0	0	0	0	0	0	0	0	0	0	
47776	Frontal_Med_Orb_L	0	0	1504	0	4358	242	0	0	140	0	0	0	0	0	0	0	0	0	0	0	702	480	2234	466	0	882	4208	634	0	0	5794	460	0	0	0	0	0	0	0	0	0	0	0	0	0	0	0	0	0	0	0	0	0	0	0	0	0	0	0	0	0	0	0	0	0	0	0	0	0	0	926	190	668	0	0	0	0	0	0	0	0	0	0	0	0	0	0	0	0	0	0	0	0	0	0	0	0	0	0	0	0	0	0	0	0	0	0	0	0	0	0	0	0	0	0	0	
93852	Frontal_Med_Orb_R	0	0	0	2838	0	7676	0	0	0	560	0	0	0	652	0	144	0	0	0	272	516	1974	480	7058	882	0	364	7560	0	376	1778	6414	0	112	0	0	0	0	0	0	0	0	0	0	0	0	0	0	0	0	0	0	0	0	0	0	0	0	0	0	0	0	0	0	0	0	0	0	0	0	388	3736	166	2980	0	0	0	0	0	0	0	0	0	0	0	0	0	0	0	0	0	0	0	0	0	0	0	0	0	0	0	0	0	0	0	0	0	0	0	0	0	0	0	0	0	0	
66700	Rectus_L	0	0	252	188	7098	700	0	0	918	0	0	0	0	0	966	194	0	0	0	0	3230	2096	312	228	4208	364	0	1506	224	0	3664	486	0	0	0	0	0	0	0	0	0	0	0	0	0	0	0	0	0	0	0	0	0	0	0	0	0	0	0	0	0	0	0	0	0	0	0	0	0	0	3818	892	1704	302	0	0	0	0	0	0	0	0	0	0	0	0	0	0	0	0	0	0	0	0	0	0	0	0	0	0	0	0	0	0	0	0	0	0	0	0	0	0	0	0	0	0	
95468	Rectus_R	0	0	0	828	466	8914	0	0	134	644	0	0	0	0	182	1320	0	0	0	0	2500	6422	0	1340	634	7560	1506	0	0	1478	854	4140	0	0	0	0	0	0	0	0	0	0	0	0	0	0	0	0	0	0	0	0	0	0	0	0	0	0	0	0	0	0	0	0	0	0	0	0	0	0	2464	3092	820	2436	0	0	0	0	0	0	0	0	0	0	0	0	0	0	0	0	0	0	0	0	0	0	0	0	0	0	0	0	0	0	0	0	0	0	0	0	0	0	0	0	0	0	
631544	Insula_L	15874	1486	44322	1000	9348	0	28172	188	4732	0	24816	0	21772	0	15798	0	22538	0	26140	1262	2024	0	708	0	0	0	224	0	0	0	2076	0	130	516	176	128	11682	0	1424	0	2622	0	0	0	0	0	0	0	0	0	1724	0	672	0	7104	0	6086	0	2018	0	1628	0	338	0	442	0	132	0	222	0	2062	436	19122	0	0	0	1156	0	6900	0	8964	0	10226	0	1780	0	0	0	5602	0	0	0	0	0	0	0	0	0	0	0	0	0	0	0	0	0	0	0	0	0	0	0	0	0	0	0	
257240	Insula_R	0	1818	188	9580	0	1510	0	8904	0	2704	0	10882	0	15314	0	8798	0	10226	1332	6712	0	2228	0	1766	0	376	0	1478	0	0	0	2088	0	1152	0	0	0	3412	0	158	0	318	0	474	0	0	0	0	0	0	0	0	0	408	0	4198	0	1698	0	0	0	0	0	0	0	0	0	176	0	246	358	2958	0	17420	0	204	0	190	0	822	0	3754	0	282	0	1778	0	0	0	2710	0	0	0	0	0	0	0	0	0	0	0	0	0	0	0	0	0	0	0	0	0	0	0	0	0	0	
233912	Cingulum_Ant_L	470	0	13532	3558	2656	406	3488	160	110	0	304	0	594	0	0	0	0	0	7952	2554	3582	3114	12058	6504	5794	1778	3664	854	2076	0	0	13374	6890	3976	150	0	158	0	0	0	0	0	0	0	0	0	0	0	0	0	0	0	0	0	104	0	0	0	0	0	0	0	0	0	0	0	0	0	0	0	7906	2154	6524	512	0	0	0	0	0	0	0	0	0	0	0	0	0	0	0	0	0	0	0	0	0	0	0	0	0	0	0	0	0	0	0	0	0	0	0	0	0	0	0	0	0	0	
449148	Cingulum_Ant_R	0	0	2086	36846	0	3580	530	2030	0	282	0	494	0	3186	0	0	0	0	8814	24184	2270	4250	9590	34936	460	6414	486	4140	0	2088	13374	0	2150	29218	0	0	0	324	0	0	0	0	0	0	0	0	0	0	0	0	0	0	0	0	0	270	0	0	0	0	0	0	0	0	0	0	0	0	0	0	3412	19126	684	9350	0	0	0	0	0	0	0	0	0	0	0	0	0	0	0	0	0	0	0	0	0	0	0	0	0	0	0	0	0	0	0	0	0	0	0	0	0	0	0	0	0	0	
136692	Cingulum_Mid_L	3028	518	4882	628	0	0	0	0	0	0	0	0	0	0	0	0	0	0	8218	4300	0	0	3002	382	0	0	0	0	130	0	6890	2150	0	8998	2636	1838	0	0	0	0	0	0	0	0	168	290	0	144	828	244	1304	0	0	0	0	0	912	394	106	0	192	158	0	142	0	0	3080	2408	4786	2602	0	0	1184	0	1156	0	0	0	0	0	122	0	0	0	280	0	0	0	246	0	0	0	0	0	0	0	0	0	0	0	0	0	0	0	0	0	0	0	0	0	0	0	0	0	0	0	
631268	Cingulum_Mid_R	10724	8044	10696	30974	0	124	1172	2650	0	0	0	476	0	1502	0	184	164	188	22124	60132	0	0	7904	22888	0	112	0	0	516	1152	3976	29218	8998	0	1688	4960	192	672	0	0	0	0	348	4072	0	8442	0	1216	0	6038	0	1724	0	148	0	728	2658	6494	270	0	186	356	0	404	0	438	1156	12620	7876	21420	794	2036	1538	1534	496	0	240	0	0	0	118	104	0	0	0	750	0	0	0	0	0	0	0	0	0	0	0	0	0	0	0	0	0	0	0	0	0	0	0	0	0	0	0	0	0	0	
170284	Cingulum_Post_L	346	1438	322	0	0	0	0	0	0	0	0	0	0	0	0	0	0	0	496	290	0	0	0	0	0	0	0	0	176	0	150	0	2636	1688	0	17410	6084	2502	5398	1254	0	0	1138	2216	1056	328	1436	1302	608	256	662	152	1748	1520	546	1872	4168	2280	0	0	402	0	0	0	222	0	7680	5708	2180	2642	0	0	118	0	0	0	0	0	0	0	164	0	0	0	1594	0	0	0	1482	0	0	0	0	0	0	0	382	568	0	0	0	0	0	0	0	0	0	0	0	0	522	0	0	0	0	0	
167840	Cingulum_Post_R	304	1556	114	0	0	0	0	0	0	0	0	0	0	0	0	0	0	0	230	1850	0	0	0	0	0	0	0	0	128	0	0	0	1838	4960	17410	0	5986	2940	5118	1372	0	0	0	4714	0	1378	222	1886	0	1052	0	634	480	1742	312	2194	958	2314	0	0	0	120	0	132	0	0	1434	12058	510	4900	0	0	0	0	0	0	118	202	0	0	0	0	0	0	418	204	0	0	416	0	0	0	0	0	0	0	0	624	0	0	0	0	0	0	0	0	0	0	0	0	1092	0	0	0	0	0	
202296	Hippocampus_L	2854	496	3338	356	0	0	3080	0	0	0	750	0	184	0	0	0	306	0	1328	370	184	0	0	0	0	0	0	0	11682	0	158	0	0	192	6084	5986	0	2954	10842	1328	5654	0	0	0	0	0	1004	1130	0	0	0	0	0	0	9284	646	1054	0	0	0	228	0	0	0	0	0	976	1998	0	0	210	0	7334	0	1112	0	2624	360	1236	0	1664	0	930	0	564	0	0	0	9818	0	0	0	0	0	0	0	108	572	0	0	0	0	0	0	0	0	0	0	0	0	170	0	0	0	0	0	
225276	Hippocampus_R	0	6368	0	678	0	0	0	1644	0	0	0	1226	0	804	0	0	0	642	0	916	0	0	0	282	0	0	0	0	0	3412	0	324	0	672	2502	2940	2954	0	2342	15062	0	6684	0	152	0	0	0	1842	0	0	0	160	0	4432	0	29642	0	1874	0	0	0	0	0	104	0	0	106	2036	0	786	0	110	0	11622	0	204	282	3744	0	0	0	520	0	346	0	662	0	0	0	3546	0	0	0	0	0	0	0	782	0	0	0	0	0	0	0	0	0	0	0	0	234	0	0	0	0	0	
102112	ParaHippocampal_L	588	0	114	0	204	0	194	0	0	0	0	0	0	0	0	0	242	0	0	0	260	0	0	0	0	0	0	0	1424	0	0	0	0	0	5398	5118	10842	2342	0	786	956	0	800	530	0	0	3136	634	0	0	326	0	1980	224	3420	542	594	0	0	0	206	0	0	0	0	0	2010	1432	0	0	0	0	1072	0	366	0	382	194	690	0	144	0	174	0	958	0	0	0	1640	0	0	0	0	0	254	0	304	296	0	0	0	0	0	0	0	0	0	0	0	280	0	0	0	0	0	0	
116368	ParaHippocampal_R	0	640	0	0	0	0	0	290	0	0	0	226	0	0	0	0	0	0	0	0	0	0	0	0	0	0	0	0	0	158	0	0	0	0	1254	1372	1328	15062	786	0	0	6746	0	0	0	0	0	1894	0	0	0	0	0	2172	0	15856	0	226	0	0	0	0	0	0	0	0	214	1454	0	0	0	0	0	2236	0	126	0	1050	0	0	0	0	0	1870	0	0	0	936	0	574	0	0	0	0	0	0	0	1292	0	110	0	0	0	0	0	0	0	0	0	0	312	0	0	0	0	0	
33164	Amygdala_L	0	0	820	0	118	0	0	0	0	0	0	0	0	0	0	0	0	0	750	0	464	0	0	0	0	0	0	0	2622	0	0	0	0	0	0	0	5654	0	956	0	0	0	0	0	0	0	0	0	0	0	0	0	0	0	1924	0	0	0	0	0	0	0	0	0	0	0	0	0	0	0	0	0	794	0	0	0	128	0	0	0	0	0	716	0	0	0	0	0	1636	0	0	0	0	0	0	0	0	0	0	0	0	0	0	0	0	0	0	0	0	0	0	0	0	0	0	0	
44040	Amygdala_R	0	0	0	0	0	0	0	0	0	0	0	0	0	0	0	0	0	0	0	0	0	360	0	0	0	0	0	0	0	318	0	0	0	0	0	0	0	6684	0	6746	0	0	0	0	0	0	0	0	0	0	0	0	0	0	0	5764	0	0	0	0	0	0	0	0	0	0	0	0	0	0	0	0	0	476	0	0	0	0	0	0	0	0	0	1672	0	0	0	0	0	0	0	0	0	0	0	0	0	0	0	0	0	0	0	0	0	0	0	0	0	0	0	0	0	0	0	0	
203356	Calcarine_L	0	0	0	0	0	0	0	0	0	0	0	0	0	0	0	0	122	0	0	0	0	0	0	0	0	0	0	0	0	0	0	0	0	348	1138	0	0	0	800	0	0	0	0	7260	10548	5460	8144	2194	5160	2354	25474	474	4986	0	3504	0	184	0	0	0	0	0	0	0	0	0	17604	832	302	0	0	0	0	0	0	0	0	0	280	0	246	0	0	0	2414	0	0	0	1720	0	0	0	0	0	0	0	130	0	0	0	0	0	0	0	0	0	0	0	0	0	0	0	0	0	0	0	
288792	Calcarine_R	0	1006	0	0	0	0	0	0	0	0	0	0	0	0	0	0	0	172	0	550	0	0	0	0	0	0	0	0	0	474	0	0	0	4072	2216	4714	0	152	530	0	0	0	7260	0	2462	23848	836	22068	0	21592	0	10538	138	2842	0	4464	424	972	0	220	0	108	0	118	0	808	668	23872	114	3534	0	0	0	0	0	0	0	0	0	0	0	312	0	0	170	2704	0	0	128	158	0	0	0	0	0	0	0	0	0	0	0	0	0	0	0	0	0	0	0	0	152	0	0	0	0	0	
125872	Cuneus_L	0	0	0	0	0	0	0	0	0	0	0	0	0	0	0	0	0	0	0	0	0	0	0	0	0	0	0	0	0	0	0	0	168	0	1056	0	0	0	0	0	0	0	10548	2462	0	4404	634	124	16322	408	11176	0	0	0	0	0	190	0	1740	0	0	0	0	0	0	0	10822	784	504	0	0	0	0	0	0	0	0	0	0	0	260	0	0	0	1072	0	0	0	262	0	0	0	0	0	0	0	0	0	0	0	0	0	0	0	0	0	0	0	0	0	0	0	0	0	0	0	
255184	Cuneus_R	162	316	108	0	0	0	0	0	0	0	0	0	0	0	0	0	0	0	0	228	0	0	0	0	0	0	0	0	0	0	0	0	290	8442	328	1378	0	0	0	0	0	0	5460	23848	4404	0	340	6250	0	33276	0	6090	0	0	0	600	0	464	0	1868	0	172	0	146	0	1696	2880	23590	174	3270	0	0	0	0	0	0	0	0	0	0	0	0	0	0	0	1812	0	0	0	0	0	0	0	0	0	0	0	0	0	0	0	0	0	0	0	0	0	0	0	0	0	0	0	0	0	0	
178660	Lingual_L	0	0	0	0	0	0	0	0	0	0	0	0	0	0	0	0	0	0	0	0	0	0	0	0	0	0	0	0	0	0	0	0	0	0	1436	222	1004	0	3136	0	0	0	8144	836	634	340	0	1330	1256	130	10386	0	4568	0	10878	110	0	0	0	0	0	0	0	0	0	0	5208	224	0	0	0	0	0	0	0	0	0	0	112	0	0	0	0	0	564	0	0	0	1304	0	10272	434	466	150	0	0	8150	412	13724	780	0	0	0	0	272	138	0	0	0	138	1184	1080	0	0	146	162	
221816	Lingual_R	0	148	0	0	0	0	0	0	0	0	0	0	0	0	0	0	0	0	0	0	0	0	0	0	0	0	0	0	0	0	0	0	144	1216	1302	1886	1130	1842	634	1894	0	0	2194	22068	124	6250	1330	0	0	10842	0	6042	0	2256	428	10832	0	174	0	0	0	0	0	0	0	0	314	15758	0	1152	0	0	0	0	0	0	0	0	0	0	0	0	0	0	0	1206	0	0	0	0	838	2144	0	0	0	0	412	4180	1402	4800	0	0	0	0	0	0	0	0	0	0	2998	2468	500	0	0	0	
123800	Occipital_Sup_L	0	0	0	0	0	0	0	0	0	0	0	0	0	0	0	0	0	0	0	0	0	0	0	0	0	0	0	0	0	0	0	0	828	0	608	0	0	0	0	0	0	0	5160	0	16322	0	1256	0	0	0	17956	0	0	0	0	0	282	0	6738	0	374	0	0	0	0	0	11066	602	334	0	0	0	0	0	0	0	0	0	0	0	0	0	0	0	208	0	0	0	166	0	0	0	0	0	0	0	0	0	0	0	0	0	0	0	0	0	0	0	0	0	0	0	0	0	0	0	
250028	Occipital_Sup_R	162	220	0	0	0	0	0	0	0	0	0	0	0	0	0	0	0	0	0	146	0	0	0	0	0	0	0	0	0	0	0	0	244	6038	256	1052	0	0	0	0	0	0	2354	21592	408	33276	130	10842	0	0	0	15444	0	862	0	1384	0	228	0	4568	0	440	0	250	0	6374	492	14192	178	2048	0	0	0	0	0	0	0	0	0	0	0	0	0	0	0	1834	0	0	0	0	0	0	0	0	0	0	0	0	0	0	0	0	0	0	0	0	0	0	0	0	0	0	0	0	0	0	
409024	Occipital_Mid_L	2466	0	994	0	0	0	668	0	0	0	402	0	0	0	0	0	2072	0	298	0	0	0	0	0	0	0	0	0	1724	0	0	0	1304	0	662	0	0	0	326	0	0	0	25474	0	11176	0	10386	0	17956	0	0	0	14010	0	8758	0	7496	0	13770	0	18284	0	3304	0	18296	0	19758	0	1322	106	0	0	0	0	0	0	0	0	966	0	2706	0	0	0	14292	0	0	0	5424	0	112	0	0	0	0	0	0	0	0	0	0	0	0	0	0	0	0	0	0	0	0	0	0	0	0	0	
174496	Occipital_Mid_R	0	168	0	0	0	0	0	0	0	0	0	0	0	0	0	0	0	0	0	0	0	0	0	0	0	0	0	0	0	0	0	0	0	1724	152	634	0	160	0	0	0	0	474	10538	0	6090	0	6042	0	15444	0	0	0	2138	0	1986	0	174	0	1968	0	7974	0	2384	0	13458	0	6278	0	1414	0	0	0	0	0	0	0	0	0	0	0	0	0	0	0	7878	0	0	0	170	0	0	0	0	0	0	0	0	0	0	0	0	0	0	0	0	0	0	0	0	0	0	0	0	0	0	
116336	Occipital_Inf_L	0	0	0	0	0	0	0	0	0	0	0	0	0	0	0	0	872	0	0	0	0	0	0	0	0	0	0	0	672	0	0	0	0	0	1748	480	0	0	1980	0	0	0	4986	138	0	0	4568	0	0	0	14010	0	0	0	7580	0	432	0	190	0	182	0	134	0	108	0	4642	274	0	0	0	0	0	0	0	0	0	0	494	0	480	0	0	0	5968	0	0	0	7650	0	198	0	0	0	0	0	0	0	382	0	0	0	0	0	0	0	0	0	0	0	0	0	0	0	0	0	
78948	Occipital_Inf_R	0	932	0	0	0	0	0	298	0	0	0	400	0	0	0	0	0	164	0	166	0	0	0	0	0	0	0	0	0	408	0	0	0	148	1520	1742	0	4432	224	2172	0	0	0	2842	0	0	0	2256	0	862	0	2138	0	0	0	11482	0	610	0	0	0	0	0	0	0	0	0	2094	0	158	0	0	0	1838	0	0	0	0	0	0	0	134	0	0	0	238	0	0	0	1806	0	116	0	0	0	0	0	158	0	136	0	0	0	0	0	0	0	0	0	0	0	0	0	0	0	0	
253888	Fusiform_L	758	160	1250	138	0	0	1104	0	0	0	572	0	0	0	0	0	1044	0	730	132	0	0	0	0	0	0	0	0	7104	0	104	0	0	0	546	312	9284	0	3420	0	1924	0	3504	0	0	0	10878	428	0	0	8758	0	7580	0	0	0	424	0	214	0	206	0	0	0	0	0	3640	104	0	0	0	0	948	0	0	0	0	0	1160	0	4022	0	1320	0	3616	0	1362	0	16948	0	11514	0	388	0	0	0	5632	0	14980	226	0	0	0	0	0	0	0	0	0	0	0	510	0	0	0	0	
339096	Fusiform_R	0	2700	0	562	0	0	0	1292	0	0	0	1042	0	616	0	0	0	658	0	572	0	0	0	246	0	0	0	0	0	4198	0	270	0	728	1872	2194	646	29642	542	15856	0	5764	0	4464	0	600	110	10832	0	1384	0	1986	0	11482	0	0	0	1914	0	0	0	0	0	0	0	0	158	5804	0	392	0	122	0	9502	0	174	0	1560	0	192	0	1312	0	6308	0	2570	0	2080	0	11410	132	6484	0	322	0	0	116	5642	318	9338	0	0	0	318	0	0	0	0	0	0	2140	844	138	0	0	0	
354348	Postcentral_L	38498	3514	3376	264	0	0	3664	0	0	0	4540	0	0	0	0	0	10008	0	2422	1080	0	0	0	0	0	0	0	0	6086	0	0	0	912	2658	4168	958	1054	0	594	0	0	0	184	424	190	0	0	0	282	0	7496	0	432	0	424	0	0	1870	14072	0	32822	0	8496	0	1654	0	4552	170	5396	2798	500	0	1970	0	642	0	394	0	3152	0	2890	0	0	0	1650	0	0	0	918	0	0	0	0	0	0	0	0	0	0	0	0	0	0	0	0	0	0	0	0	0	0	0	0	0	0	0	
225696	Postcentral_R	1338	33090	132	680	0	0	0	2278	0	0	0	3002	0	0	0	0	0	1888	176	462	0	0	0	0	0	0	0	0	0	1698	0	0	394	6494	2280	2314	0	1874	0	226	0	0	0	972	0	464	0	174	0	228	0	174	0	610	0	1914	1870	0	0	3454	0	6118	0	11470	0	362	712	5904	1898	13374	0	234	0	850	0	0	0	762	0	398	0	1474	0	0	0	616	0	0	0	490	0	0	0	0	0	0	0	0	0	0	0	0	0	0	0	0	0	0	0	0	0	0	0	0	0	0	
164216	Parietal_Sup_L	3100	0	912	0	0	0	888	0	0	0	526	0	0	0	0	0	1048	0	114	194	0	0	0	0	0	0	0	0	2018	0	0	0	106	270	0	0	0	0	0	0	0	0	0	0	1740	0	0	0	6738	0	13770	0	190	0	214	0	14072	0	0	0	16232	0	768	0	3312	0	12186	314	1612	248	0	0	0	0	0	0	0	0	0	0	640	0	0	0	554	0	0	0	342	0	0	0	0	0	0	0	0	0	0	0	0	0	0	0	0	0	0	0	0	0	0	0	0	0	0	0	
56688	Parietal_Sup_R	0	0	0	0	0	0	0	0	0	0	0	0	0	0	0	0	0	0	0	0	0	0	0	0	0	0	0	0	0	0	0	0	0	0	0	0	0	0	0	0	0	0	0	220	0	1868	0	0	0	4568	0	1968	0	0	0	0	0	3454	0	0	0	3234	0	316	0	4652	698	6512	0	854	0	0	0	0	0	0	0	0	0	0	0	0	0	0	0	0	0	0	0	0	0	0	0	0	0	0	0	0	0	0	0	0	0	0	0	0	0	0	0	0	0	0	0	0	0	0	
299060	Parietal_Inf_L	13010	160	654	0	0	0	1400	0	0	0	1014	0	0	0	0	0	1194	0	290	0	0	0	0	0	0	0	0	0	1628	0	0	0	192	186	402	0	228	0	206	0	0	0	0	0	0	0	0	0	374	0	18284	0	182	0	206	0	32822	0	16232	0	0	0	17876	0	23602	0	1224	0	872	182	0	0	454	0	138	0	0	0	240	0	1472	0	0	0	10010	0	0	0	4796	0	0	0	0	0	0	0	0	0	0	0	0	0	0	0	0	0	0	0	0	0	0	0	0	0	0	0	
119148	Parietal_Inf_R	0	1814	0	0	0	0	0	0	0	0	0	0	0	0	0	0	0	0	0	0	0	0	0	0	0	0	0	0	0	0	0	0	158	356	0	120	0	0	0	0	0	0	0	108	0	172	0	0	0	440	0	7974	0	0	0	0	0	6118	0	3234	0	0	0	15844	0	17734	198	1670	0	1578	0	0	0	0	0	0	0	0	0	0	0	222	0	0	0	1424	0	0	0	410	0	0	0	0	0	0	0	0	0	0	0	0	0	0	0	0	0	0	0	0	0	0	0	0	0	0	
124524	SupraMarginal_L	2400	0	512	0	0	0	0	0	0	0	286	0	0	0	0	0	1460	0	452	0	0	0	0	0	0	0	0	0	338	0	0	0	0	0	0	0	0	0	0	0	0	0	0	0	0	0	0	0	0	0	3304	0	134	0	0	0	8496	0	768	0	17876	0	0	0	5922	0	104	0	0	0	0	0	114	0	0	0	0	0	128	0	5050	0	0	0	11112	0	0	0	3806	0	0	0	0	0	0	0	0	0	0	0	0	0	0	0	0	0	0	0	0	0	0	0	0	0	0	0	
112792	SupraMarginal_R	0	3730	0	0	0	0	0	126	0	0	0	0	0	0	0	0	0	1400	0	0	0	0	0	0	0	0	0	0	0	0	0	0	142	404	0	132	0	104	0	0	0	0	0	118	0	146	0	0	0	250	0	2384	0	0	0	0	0	11470	0	316	0	15844	0	0	0	8680	284	2042	0	2128	0	0	0	0	0	0	0	0	0	226	0	2710	0	0	0	2964	0	0	0	796	0	0	0	0	0	0	0	0	0	0	0	0	0	0	0	0	0	0	0	0	0	0	0	0	0	0	
138768	Angular_L	656	0	240	0	0	0	152	0	0	0	252	0	0	0	0	0	218	0	0	0	0	0	0	0	0	0	0	0	442	0	0	0	0	0	222	0	0	0	0	0	0	0	0	0	0	0	0	0	0	0	18296	0	108	0	0	0	1654	0	3312	0	23602	0	5922	0	0	0	180	0	168	0	0	0	0	0	0	0	0	0	0	0	1932	0	0	0	9672	0	0	0	2356	0	0	0	0	0	0	0	0	0	0	0	0	0	0	0	0	0	0	0	0	0	0	0	0	0	0	0	
120020	Angular_R	0	290	0	0	0	0	0	0	0	0	0	0	0	0	0	0	0	0	0	0	0	0	0	0	0	0	0	0	0	0	0	0	0	438	0	0	0	0	0	0	0	0	0	808	0	1696	0	0	0	6374	0	13458	0	0	0	0	0	362	0	4652	0	17734	0	8680	0	0	110	1488	0	1162	0	0	0	0	0	0	0	0	0	0	0	428	0	0	0	2072	0	0	0	258	0	0	0	0	0	0	0	0	0	0	0	0	0	0	0	0	0	0	0	0	0	0	0	0	0	0	
268956	Precuneus_L	0	450	0	0	0	0	0	0	0	0	0	0	0	0	0	0	176	0	108	0	0	0	0	0	0	0	0	0	132	0	0	0	3080	1156	7680	1434	976	106	2010	214	0	0	17604	668	10822	2880	5208	314	11066	492	19758	0	4642	0	3640	158	4552	712	12186	698	1224	198	104	284	180	110	0	8348	2106	2126	0	0	0	0	0	0	0	0	368	0	614	0	0	0	3016	0	0	0	2400	0	0	0	0	0	0	0	364	114	0	0	0	0	0	0	0	0	0	0	0	0	0	0	0	0	0	0	
408956	Precuneus_R	218	3024	372	0	0	0	0	0	0	0	0	0	0	0	0	0	0	162	316	1090	0	0	0	0	0	0	0	0	0	176	0	0	2408	12620	5708	12058	1998	2036	1432	1454	0	0	832	23872	784	23590	224	15758	602	14192	0	6278	274	2094	104	5804	170	5904	314	6512	0	1670	0	2042	0	1488	8348	0	264	24550	0	0	122	0	0	0	0	176	0	134	0	444	0	0	166	6682	0	0	232	2146	0	0	0	0	0	0	0	1682	0	0	0	0	0	0	0	0	0	0	0	0	1952	0	0	0	0	0	
121724	Paracentral_Lobule_L	11330	1678	1166	204	0	0	0	0	0	0	0	0	0	0	0	0	156	0	3286	5746	0	0	0	0	0	0	0	0	222	0	0	0	4786	7876	2180	510	0	0	0	0	0	0	302	114	504	174	0	0	334	178	1322	0	0	0	0	0	5396	1898	1612	0	872	0	0	0	168	0	2106	264	0	6246	0	0	0	0	0	0	0	0	0	0	108	0	0	0	124	0	0	0	0	0	0	0	0	0	0	0	0	0	0	0	0	0	0	0	0	0	0	0	0	0	0	0	0	0	0	0	
328768	Paracentral_Lobule_R	11656	17792	1072	0	0	0	160	0	0	0	0	0	0	0	0	0	0	250	1352	23316	0	0	0	0	0	0	0	0	0	246	0	0	2602	21420	2642	4900	0	786	0	0	0	0	0	3534	0	3270	0	1152	0	2048	106	1414	0	158	0	392	2798	13374	248	854	182	1578	0	2128	0	1162	2126	24550	6246	0	1314	0	224	0	198	0	1438	0	0	142	0	432	0	0	0	3108	0	0	0	1900	0	0	0	0	0	0	0	0	0	0	0	0	0	0	0	0	0	0	0	0	114	0	0	0	0	0	
255368	Caudate_L	3592	2294	14208	5650	2224	1132	7522	2132	342	122	120	494	0	198	938	342	0	0	11828	6134	8622	7484	0	580	926	388	3818	2464	2062	358	7906	3412	0	794	0	0	210	0	0	0	0	0	0	0	0	0	0	0	0	0	0	0	0	0	0	0	500	0	0	0	0	0	0	0	0	0	0	0	0	1314	0	8656	12196	1140	698	0	4884	0	0	0	0	0	0	0	0	0	0	0	0	0	0	0	0	0	0	0	0	0	0	0	0	0	0	0	0	0	0	0	0	0	0	0	0	0	0	0	
322348	Caudate_R	0	5342	1990	19642	488	4534	476	2576	160	942	0	664	0	2056	230	1276	0	2308	3680	16440	4252	5710	0	7806	190	3736	892	3092	436	2958	2154	19126	0	2036	0	0	0	110	0	0	0	0	0	0	0	0	0	0	0	0	0	0	0	0	0	122	0	234	0	0	0	0	0	0	0	0	0	0	0	0	8656	0	1562	15850	0	2534	0	16560	0	160	0	194	0	0	0	0	0	0	0	0	0	0	0	0	0	0	0	0	0	0	0	0	0	0	0	0	0	0	0	0	0	0	0	0	0	0	
321724	Putamen_L	4464	2002	27044	1646	6088	306	7344	116	1136	0	1552	0	1382	0	4302	0	504	0	18662	2666	2624	2106	198	244	668	166	1704	820	19122	0	6524	684	1184	1538	118	0	7334	0	1072	0	794	0	0	0	0	0	0	0	0	0	0	0	0	0	948	0	1970	0	0	0	454	0	114	0	0	0	0	122	0	224	12196	1562	0	566	9230	0	4106	0	260	0	494	0	2006	0	0	0	0	0	496	0	0	0	0	0	0	0	0	0	0	0	0	0	0	0	0	0	0	0	0	0	0	0	0	0	0	0	
290608	Putamen_R	0	1466	298	11474	0	3906	0	7396	0	1256	0	3360	0	7126	0	3994	0	1498	1776	6312	970	1874	112	7580	0	2980	302	2436	0	17420	512	9350	0	1534	0	0	0	11622	0	2236	0	476	0	0	0	0	0	0	0	0	0	0	0	1838	0	9502	0	850	0	0	0	0	0	0	0	0	0	0	0	0	1140	15850	566	0	0	3104	0	1530	0	0	0	348	0	132	0	126	0	0	0	1052	0	0	0	0	0	0	0	0	0	0	0	0	0	0	0	0	0	0	0	0	0	0	0	0	0	0	
57492	Pallidum_L	788	712	6562	476	0	0	274	0	0	0	196	0	0	0	0	0	140	0	2162	1182	0	0	0	0	0	0	0	0	0	0	0	0	1156	496	0	0	1112	0	366	0	0	0	0	0	0	0	0	0	0	0	0	0	0	0	0	0	642	0	0	0	138	0	0	0	0	0	0	0	0	198	698	0	9230	0	0	0	2218	0	0	0	0	0	0	0	0	0	0	0	0	0	0	0	0	0	0	0	0	0	0	0	0	0	0	0	0	0	0	0	0	0	0	0	0	0	0	0	
20108	Pallidum_R	0	204	0	748	0	0	0	618	0	0	0	416	0	514	0	0	0	518	118	572	0	0	0	0	0	0	0	0	0	204	0	0	0	0	0	0	0	204	0	126	0	0	0	0	0	0	0	0	0	0	0	0	0	0	0	174	0	0	0	0	0	0	0	0	0	0	0	0	0	0	0	2534	0	3104	0	0	0	0	0	0	0	0	0	0	0	0	0	0	0	0	0	0	0	0	0	0	0	0	0	0	0	0	0	0	0	0	0	0	0	0	0	0	0	0	0	0	
88512	Thalamus_L	6572	1232	6532	0	0	0	7576	0	0	0	214	0	0	0	0	0	324	0	408	1470	0	0	0	0	0	0	0	0	1156	0	0	0	0	240	0	118	2624	282	382	0	128	0	0	0	0	0	0	0	0	0	0	0	0	0	0	0	394	0	0	0	0	0	0	0	0	0	0	0	0	1438	4884	0	4106	0	2218	0	0	1518	0	0	222	0	218	0	0	0	0	0	0	0	0	0	0	0	0	0	0	0	0	0	0	0	0	0	0	0	0	0	0	0	0	0	0	0	0	0	
92864	Thalamus_R	0	12432	0	1040	0	0	0	2160	0	0	0	1368	0	0	0	0	0	814	0	458	0	0	0	0	0	0	0	0	0	190	0	0	0	0	0	202	360	3744	194	1050	0	0	0	0	0	0	0	0	0	0	0	0	0	0	0	1560	0	762	0	0	0	0	0	0	0	0	0	176	0	0	0	16560	0	1530	0	0	1518	0	0	140	0	174	0	0	0	0	0	0	0	0	0	0	0	0	0	0	0	0	0	0	0	0	0	0	0	0	0	0	0	0	0	0	0	0	0	0	
61576	Heschl_L	3232	0	478	0	0	0	2396	0	0	0	1160	0	0	0	0	0	3870	0	200	0	0	0	0	0	0	0	0	0	6900	0	0	0	0	0	0	0	1236	0	690	0	0	0	280	0	0	0	112	0	0	0	966	0	494	0	1160	0	3152	0	0	0	240	0	128	0	0	0	368	0	0	0	0	0	260	0	0	0	0	0	0	0	1468	0	0	0	1246	0	0	0	752	0	0	0	0	0	0	0	0	0	0	0	0	0	0	0	0	0	0	0	0	0	0	0	0	0	0	0	
19456	Heschl_R	0	234	0	0	0	0	0	0	0	0	0	0	0	0	0	0	0	1474	0	0	0	0	0	0	0	0	0	0	0	822	0	0	0	0	0	0	0	0	0	0	0	0	0	0	0	0	0	0	0	0	0	0	0	0	0	192	0	398	0	0	0	0	0	226	0	0	0	134	0	142	0	160	0	0	0	0	0	140	0	0	0	4192	0	0	0	1034	0	0	0	580	0	0	0	0	0	0	0	0	0	0	0	0	0	0	0	0	0	0	0	0	0	0	0	0	0	0	
173532	Temporal_Sup_L	1770	176	1994	0	0	0	1934	0	0	0	3238	0	0	0	0	0	8184	0	1258	148	0	0	0	0	0	0	0	0	8964	0	0	0	122	118	164	0	1664	0	144	0	0	0	246	0	260	0	0	0	0	0	2706	0	480	0	4022	0	2890	0	640	0	1472	0	5050	0	1932	0	614	0	108	0	0	0	494	0	0	0	222	0	1468	0	0	0	6992	0	18592	0	830	0	7870	0	0	0	0	0	0	0	0	0	0	0	0	0	0	0	0	0	0	0	0	0	0	0	0	0	0	0	
73320	Temporal_Sup_R	0	1148	0	288	0	0	0	0	0	0	0	222	0	0	0	0	0	3432	0	364	0	0	0	0	0	0	0	0	0	3754	0	0	0	104	0	0	0	520	0	0	0	0	0	312	0	0	0	0	0	0	0	0	0	134	0	1312	0	1474	0	0	0	222	0	2710	0	428	0	444	0	432	0	194	0	348	0	0	0	174	0	4192	0	0	0	3324	0	8126	0	224	0	2778	0	0	0	0	0	0	0	0	0	0	0	0	0	0	0	0	0	0	0	0	0	0	0	0	0	0	
125060	Temporal_Pole_Sup_L	1064	280	4362	0	612	0	1958	0	382	0	6384	0	628	0	1556	0	5624	0	3820	112	116	0	0	0	0	0	0	0	10226	0	0	0	0	0	0	0	930	0	174	0	716	0	0	0	0	0	0	0	0	0	0	0	0	0	1320	0	0	0	0	0	0	0	0	0	0	0	0	0	0	0	0	0	2006	0	0	0	218	0	0	0	6992	0	0	0	5458	0	3904	0	3688	0	0	0	0	0	0	0	0	0	0	0	0	0	0	0	0	0	0	0	0	0	0	0	0	0	0	0	
46832	Temporal_Pole_Sup_R	0	0	0	0	0	0	0	0	0	0	0	0	0	0	0	0	0	0	0	0	0	0	0	0	0	0	0	0	0	282	0	0	0	0	0	0	0	346	0	1870	0	1672	0	0	0	0	0	0	0	0	0	0	0	0	0	6308	0	0	0	0	0	0	0	0	0	0	0	0	0	0	0	0	0	132	0	0	0	0	0	0	0	3324	0	0	0	3664	0	3364	0	2454	0	0	0	0	0	0	0	0	0	0	0	0	0	0	0	0	0	0	0	0	0	0	0	0	0	0	
266508	Temporal_Mid_L	506	0	0	0	0	0	130	0	0	0	0	0	0	0	0	0	1580	0	0	0	0	0	0	0	0	0	0	0	1780	0	0	0	280	0	1594	418	564	0	958	0	0	0	2414	170	1072	0	564	0	208	0	14292	0	5968	0	3616	0	1650	0	554	0	10010	0	11112	0	9672	0	3016	166	124	0	0	0	0	0	0	0	0	0	1246	0	18592	0	5458	0	0	0	5320	0	30220	0	0	0	0	0	0	0	0	0	0	0	0	0	0	0	0	0	0	0	0	0	0	0	0	0	0	0	
145044	Temporal_Mid_R	0	668	0	0	0	0	0	0	0	0	0	0	0	0	0	0	0	290	0	136	0	0	0	0	0	0	0	0	0	1778	0	0	0	750	0	204	0	662	0	0	0	0	0	2704	0	1812	0	1206	0	1834	0	7878	0	238	0	2570	0	616	0	0	0	1424	0	2964	0	2072	0	6682	0	3108	0	0	0	126	0	0	0	0	0	1034	0	8126	0	3664	0	0	0	2246	0	17730	0	0	0	0	0	0	0	0	0	0	0	0	0	0	0	0	0	0	0	0	0	0	0	0	0	0	
30712	Temporal_Pole_Mid_L	0	0	0	0	0	0	0	0	0	0	0	0	0	0	0	0	0	0	0	0	0	0	0	0	0	0	0	0	0	0	0	0	0	0	0	0	0	0	0	0	0	0	0	0	0	0	0	0	0	0	0	0	0	0	1362	0	0	0	0	0	0	0	0	0	0	0	0	0	0	0	0	0	0	0	0	0	0	0	0	0	830	0	3904	0	5320	0	0	0	3940	0	0	0	0	0	0	0	0	0	0	0	0	0	0	0	0	0	0	0	0	0	0	0	0	0	0	0	
19956	Temporal_Pole_Mid_R	0	0	0	0	0	0	0	0	0	0	0	0	0	0	0	0	0	0	0	0	0	0	0	0	0	0	0	0	0	0	0	0	0	0	0	0	0	0	0	936	0	0	0	0	0	0	0	0	0	0	0	0	0	0	0	2080	0	0	0	0	0	0	0	0	0	0	0	0	0	0	0	0	0	0	0	0	0	0	0	0	0	224	0	3364	0	2246	0	0	0	1128	0	0	0	0	0	0	0	0	0	0	0	0	0	0	0	0	0	0	0	0	0	0	0	0	0	0	
241176	Temporal_Inf_L	382	104	508	0	0	0	566	0	0	0	110	0	0	0	0	0	1068	0	320	0	0	0	0	0	0	0	0	0	5602	0	0	0	246	0	1482	416	9818	0	1640	0	1636	0	1720	128	262	0	1304	0	166	0	5424	0	7650	0	16948	0	918	0	342	0	4796	0	3806	0	2356	0	2400	232	0	0	0	0	496	0	0	0	0	0	752	0	7870	0	3688	0	30220	0	3940	0	0	0	1004	0	118	0	0	0	0	0	150	0	0	0	0	0	0	0	0	0	0	0	0	0	0	0	0	0	
107316	Temporal_Inf_R	0	600	0	0	0	0	0	110	0	0	0	0	0	0	0	0	0	440	0	128	0	0	0	0	0	0	0	0	0	2710	0	0	0	0	0	0	0	3546	0	574	0	0	0	158	0	0	0	0	0	0	0	170	0	1806	0	11410	0	490	0	0	0	410	0	796	0	258	0	2146	0	1900	0	0	0	1052	0	0	0	0	0	580	0	2778	0	2454	0	17730	0	1128	0	0	0	284	0	0	0	0	0	0	0	0	0	0	0	0	0	0	0	0	0	0	0	0	0	0	0	0	
395308	Cerebelum_Crus1_L	0	0	0	0	0	0	0	0	0	0	0	0	0	0	0	0	0	0	0	0	0	0	0	0	0	0	0	0	0	0	0	0	0	0	0	0	0	0	0	0	0	0	0	0	0	0	10272	838	0	0	112	0	198	0	11514	132	0	0	0	0	0	0	0	0	0	0	0	0	0	0	0	0	0	0	0	0	0	0	0	0	0	0	0	0	0	0	0	0	1004	0	0	4546	40602	4666	1078	0	19362	112	53522	3090	14690	394	15676	458	2374	106	0	0	0	0	172	3888	7832	852	164	0	
441932	Cerebelum_Crus1_R	0	0	0	0	0	0	0	0	0	0	0	0	0	0	0	0	0	0	0	0	0	0	0	0	0	0	0	0	0	0	0	0	0	0	0	0	0	0	0	0	0	0	0	0	0	0	434	2144	0	0	0	0	0	116	0	6484	0	0	0	0	0	0	0	0	0	0	0	0	0	0	0	0	0	0	0	0	0	0	0	0	0	0	0	0	0	0	0	0	0	284	4546	0	2170	39748	288	3102	2544	27398	3578	58434	1502	7420	2088	24348	1204	3634	0	402	192	430	10814	6906	6982	2348	1426	0	
306776	Cerebelum_Crus2_L	0	0	0	0	0	0	0	0	0	0	0	0	0	0	0	0	0	0	0	0	0	0	0	0	0	0	0	0	0	0	0	0	0	0	0	0	0	0	0	0	0	0	0	0	0	0	466	0	0	0	0	0	0	0	388	0	0	0	0	0	0	0	0	0	0	0	0	0	0	0	0	0	0	0	0	0	0	0	0	0	0	0	0	0	0	0	0	0	118	0	40602	2170	0	7412	230	0	4540	0	11470	454	36870	2210	31650	798	1956	0	296	0	0	0	0	232	9168	2358	0	0	
369628	Cerebelum_Crus2_R	0	0	0	0	0	0	0	0	0	0	0	0	0	0	0	0	0	0	0	0	0	0	0	0	0	0	0	0	0	0	0	0	0	0	0	0	0	0	0	0	0	0	0	0	0	0	150	0	0	0	0	0	0	0	0	322	0	0	0	0	0	0	0	0	0	0	0	0	0	0	0	0	0	0	0	0	0	0	0	0	0	0	0	0	0	0	0	0	0	0	4666	39748	7412	0	140	1510	1368	4584	2020	15894	5320	24460	6708	40444	1802	4114	0	424	180	336	2228	2518	12436	4538	1492	0	
24812	Cerebelum_3_L	0	0	0	0	0	0	0	0	0	0	0	0	0	0	0	0	0	0	0	0	0	0	0	0	0	0	0	0	0	0	0	0	0	0	0	0	0	0	254	0	0	0	0	0	0	0	0	0	0	0	0	0	0	0	0	0	0	0	0	0	0	0	0	0	0	0	0	0	0	0	0	0	0	0	0	0	0	0	0	0	0	0	0	0	0	0	0	0	0	0	1078	288	230	140	0	0	4600	0	1456	384	0	0	180	0	1104	0	0	0	552	768	758	496	118	0	0	0	
33960	Cerebelum_3_R	0	0	0	0	0	0	0	0	0	0	0	0	0	0	0	0	0	0	0	0	0	0	0	0	0	0	0	0	0	0	0	0	0	0	0	0	0	0	0	0	0	0	0	0	0	0	0	0	0	0	0	0	0	0	0	0	0	0	0	0	0	0	0	0	0	0	0	0	0	0	0	0	0	0	0	0	0	0	0	0	0	0	0	0	0	0	0	0	0	0	0	3102	0	1510	0	0	104	4318	118	4900	0	0	0	304	0	436	0	0	402	1118	192	182	0	140	154	0	
205788	Cerebelum_4_5_L	0	0	0	0	0	0	0	0	0	0	0	0	0	0	0	0	0	0	0	0	0	0	0	0	0	0	0	0	0	0	0	0	0	0	382	0	108	0	304	0	0	0	130	0	0	0	8150	412	0	0	0	0	0	0	5632	116	0	0	0	0	0	0	0	0	0	0	364	0	0	0	0	0	0	0	0	0	0	0	0	0	0	0	0	0	0	0	0	0	0	0	19362	2544	4540	1368	4600	104	0	1672	28882	3502	570	0	786	0	3476	1310	168	0	302	496	6898	3194	276	470	1274	1502	
214360	Cerebelum_4_5_R	0	0	0	0	0	0	0	0	0	0	0	0	0	0	0	0	0	0	0	0	0	0	0	0	0	0	0	0	0	0	0	0	0	0	568	624	572	782	296	1292	0	0	0	0	0	0	412	4180	0	0	0	0	0	158	0	5642	0	0	0	0	0	0	0	0	0	0	114	1682	0	0	0	0	0	0	0	0	0	0	0	0	0	0	0	0	0	0	0	0	0	0	112	27398	0	4584	0	4318	1672	0	338	35992	0	192	0	1474	118	706	0	0	0	192	11818	0	504	780	660	0	
325408	Cerebelum_6_L	0	0	0	0	0	0	0	0	0	0	0	0	0	0	0	0	0	0	0	0	0	0	0	0	0	0	0	0	0	0	0	0	0	0	0	0	0	0	0	0	0	0	0	0	0	0	13724	1402	0	0	0	0	382	0	14980	318	0	0	0	0	0	0	0	0	0	0	0	0	0	0	0	0	0	0	0	0	0	0	0	0	0	0	0	0	0	0	0	0	150	0	53522	3578	11470	2020	1456	118	28882	338	0	5110	4376	0	2884	654	2770	932	0	0	160	0	2064	7072	2192	804	864	482	
379448	Cerebelum_6_R	0	0	0	0	0	0	0	0	0	0	0	0	0	0	0	0	0	0	0	0	0	0	0	0	0	0	0	0	0	0	0	0	0	0	0	0	0	0	0	110	0	0	0	0	0	0	780	4800	0	0	0	0	0	136	226	9338	0	0	0	0	0	0	0	0	0	0	0	0	0	0	0	0	0	0	0	0	0	0	0	0	0	0	0	0	0	0	0	0	0	0	3090	58434	454	15894	384	4900	3502	35992	5110	0	284	1100	654	7254	1182	2608	0	538	320	478	13786	9584	4408	2278	1820	280	
214452	Cerebelum_7b_L	0	0	0	0	0	0	0	0	0	0	0	0	0	0	0	0	0	0	0	0	0	0	0	0	0	0	0	0	0	0	0	0	0	0	0	0	0	0	0	0	0	0	0	0	0	0	0	0	0	0	0	0	0	0	0	0	0	0	0	0	0	0	0	0	0	0	0	0	0	0	0	0	0	0	0	0	0	0	0	0	0	0	0	0	0	0	0	0	0	0	14690	1502	36870	5320	0	0	570	0	4376	284	0	2410	28184	1296	2004	0	330	0	0	0	0	130	6482	2778	0	0	
140120	Cerebelum_7b_R	0	0	0	0	0	0	0	0	0	0	0	0	0	0	0	0	0	0	0	0	0	0	0	0	0	0	0	0	0	0	0	0	0	0	0	0	0	0	0	0	0	0	0	0	0	0	0	0	0	0	0	0	0	0	0	0	0	0	0	0	0	0	0	0	0	0	0	0	0	0	0	0	0	0	0	0	0	0	0	0	0	0	0	0	0	0	0	0	0	0	394	7420	2210	24460	0	0	0	192	0	1100	2410	0	3422	21742	458	636	0	0	0	0	0	0	3216	2256	144	0	
271412	Cerebelum_8_L	0	0	0	0	0	0	0	0	0	0	0	0	0	0	0	0	0	0	0	0	0	0	0	0	0	0	0	0	0	0	0	0	0	0	0	0	0	0	0	0	0	0	0	0	0	0	0	0	0	0	0	0	0	0	0	0	0	0	0	0	0	0	0	0	0	0	0	0	0	0	0	0	0	0	0	0	0	0	0	0	0	0	0	0	0	0	0	0	0	0	15676	2088	31650	6708	180	0	786	0	2884	654	28184	3422	0	5928	15208	1546	2396	0	0	0	0	326	8180	7526	2364	0	
268352	Cerebelum_8_R	0	0	0	0	0	0	0	0	0	0	0	0	0	0	0	0	0	0	0	0	0	0	0	0	0	0	0	0	0	0	0	0	0	0	0	0	0	0	0	0	0	0	0	0	0	0	0	0	0	0	0	0	0	0	0	318	0	0	0	0	0	0	0	0	0	0	0	0	0	0	0	0	0	0	0	0	0	0	0	0	0	0	0	0	0	0	0	0	0	0	458	24348	798	40444	0	304	0	1474	654	7254	1296	21742	5928	0	3164	11354	0	848	0	0	0	332	4440	6282	2738	0	
114408	Cerebelum_9_L	0	0	0	0	0	0	0	0	0	0	0	0	0	0	0	0	0	0	0	0	0	0	0	0	0	0	0	0	0	0	0	0	0	0	0	0	0	0	0	0	0	0	0	0	0	0	272	0	0	0	0	0	0	0	0	0	0	0	0	0	0	0	0	0	0	0	0	0	0	0	0	0	0	0	0	0	0	0	0	0	0	0	0	0	0	0	0	0	0	0	2374	1204	1956	1802	1104	0	3476	118	2770	1182	2004	458	15208	3164	0	2056	3808	0	0	0	1148	1608	3756	3872	3194	670	
106696	Cerebelum_9_R	0	0	0	0	0	0	0	0	0	0	0	0	0	0	0	0	0	0	0	0	0	0	0	0	0	0	0	0	0	0	0	0	0	0	0	0	0	0	0	0	0	0	0	0	0	0	138	0	0	0	0	0	0	0	0	0	0	0	0	0	0	0	0	0	0	0	0	0	0	0	0	0	0	0	0	0	0	0	0	0	0	0	0	0	0	0	0	0	0	0	106	3634	0	4114	0	436	1310	706	932	2608	0	636	1546	11354	2056	0	0	2200	318	226	1430	2814	2890	5270	6534	2090	
14320	Cerebelum_10_L	0	0	0	0	0	0	0	0	0	0	0	0	0	0	0	0	0	0	0	0	0	0	0	0	0	0	0	0	0	0	0	0	0	0	0	0	0	0	0	0	0	0	0	0	0	0	0	0	0	0	0	0	0	0	0	0	0	0	0	0	0	0	0	0	0	0	0	0	0	0	0	0	0	0	0	0	0	0	0	0	0	0	0	0	0	0	0	0	0	0	0	0	296	0	0	0	168	0	0	0	330	0	2396	0	3808	0	0	0	0	0	0	0	162	0	0	0	
11484	Cerebelum_10_R	0	0	0	0	0	0	0	0	0	0	0	0	0	0	0	0	0	0	0	0	0	0	0	0	0	0	0	0	0	0	0	0	0	0	0	0	0	0	0	0	0	0	0	0	0	0	0	0	0	0	0	0	0	0	0	0	0	0	0	0	0	0	0	0	0	0	0	0	0	0	0	0	0	0	0	0	0	0	0	0	0	0	0	0	0	0	0	0	0	0	0	402	0	424	0	0	0	0	0	538	0	0	0	848	0	2200	0	0	0	0	0	0	368	472	490	0	
14688	Vermis_1_2	0	0	0	0	0	0	0	0	0	0	0	0	0	0	0	0	0	0	0	0	0	0	0	0	0	0	0	0	0	0	0	0	0	0	0	0	0	0	0	0	0	0	0	0	0	0	0	0	0	0	0	0	0	0	0	0	0	0	0	0	0	0	0	0	0	0	0	0	0	0	0	0	0	0	0	0	0	0	0	0	0	0	0	0	0	0	0	0	0	0	0	192	0	180	552	402	302	0	160	320	0	0	0	0	0	318	0	0	0	3922	566	172	0	0	142	116	
18252	Vermis_3	0	0	0	0	0	0	0	0	0	0	0	0	0	0	0	0	0	0	0	0	0	0	0	0	0	0	0	0	0	0	0	0	0	0	0	0	0	0	280	0	0	0	0	0	0	0	138	0	0	0	0	0	0	0	0	0	0	0	0	0	0	0	0	0	0	0	0	0	0	0	0	0	0	0	0	0	0	0	0	0	0	0	0	0	0	0	0	0	0	0	0	430	0	336	768	1118	496	192	0	478	0	0	0	0	0	226	0	0	3922	0	742	0	0	0	0	0	
139820	Vermis_4_5	0	0	0	0	0	0	0	0	0	0	0	0	0	0	0	0	0	0	0	0	0	0	0	0	0	0	0	0	0	0	0	0	0	0	522	1092	170	234	0	312	0	0	0	152	0	0	1184	2998	0	0	0	0	0	0	0	2140	0	0	0	0	0	0	0	0	0	0	0	1952	0	114	0	0	0	0	0	0	0	0	0	0	0	0	0	0	0	0	0	0	0	0	172	10814	0	2228	758	192	6898	11818	2064	13786	0	0	0	0	1148	1430	0	0	566	742	0	3150	0	184	1218	1872	
112340	Vermis_6	0	0	0	0	0	0	0	0	0	0	0	0	0	0	0	0	0	0	0	0	0	0	0	0	0	0	0	0	0	0	0	0	0	0	0	0	0	0	0	0	0	0	0	0	0	0	1080	2468	0	0	0	0	0	0	510	844	0	0	0	0	0	0	0	0	0	0	0	0	0	0	0	0	0	0	0	0	0	0	0	0	0	0	0	0	0	0	0	0	0	0	3888	6906	232	2518	496	182	3194	0	7072	9584	130	0	326	332	1608	2814	0	0	172	0	3150	0	2346	1690	2520	2108	
171096	Vermis_7	0	0	0	0	0	0	0	0	0	0	0	0	0	0	0	0	0	0	0	0	0	0	0	0	0	0	0	0	0	0	0	0	0	0	0	0	0	0	0	0	0	0	0	0	0	0	0	500	0	0	0	0	0	0	0	138	0	0	0	0	0	0	0	0	0	0	0	0	0	0	0	0	0	0	0	0	0	0	0	0	0	0	0	0	0	0	0	0	0	0	7832	6982	9168	12436	118	0	276	504	2192	4408	6482	3216	8180	4440	3756	2890	162	368	0	0	0	2346	0	5912	3132	110	
114628	Vermis_8	0	0	0	0	0	0	0	0	0	0	0	0	0	0	0	0	0	0	0	0	0	0	0	0	0	0	0	0	0	0	0	0	0	0	0	0	0	0	0	0	0	0	0	0	0	0	0	0	0	0	0	0	0	0	0	0	0	0	0	0	0	0	0	0	0	0	0	0	0	0	0	0	0	0	0	0	0	0	0	0	0	0	0	0	0	0	0	0	0	0	852	2348	2358	4538	0	140	470	780	804	2278	2778	2256	7526	6282	3872	5270	0	472	0	0	184	1690	5912	0	5998	506	
76128	Vermis_9	0	0	0	0	0	0	0	0	0	0	0	0	0	0	0	0	0	0	0	0	0	0	0	0	0	0	0	0	0	0	0	0	0	0	0	0	0	0	0	0	0	0	0	0	0	0	146	0	0	0	0	0	0	0	0	0	0	0	0	0	0	0	0	0	0	0	0	0	0	0	0	0	0	0	0	0	0	0	0	0	0	0	0	0	0	0	0	0	0	0	164	1426	0	1492	0	154	1274	660	864	1820	0	144	2364	2738	3194	6534	0	490	142	0	1218	2520	3132	5998	0	1590	
