data	data	419008	336152	850112	834088	264212	142808	374044	172444	65540	37200	252944	255696	401480	274672	142748	124912	226668	120240	712348	681260	65916	61928	329560	379000	46140	130764	102648	52020	729856	424596	283860	578824	84952	635740	123352	165812	184892	268792	54756	134560	37240	42252	192548	285876	146768	279952	249388	273552	210784	298004	427528	232564	221860	53584	332616	415560	296204	233600	81408	168536	172180	164828	115948	70808	112056	133832	179248	362064	303656	158984	307696	321532	308576	252948	71732	22396	65040	114724	64512	19620	157200	81920	71072	37744	236680	183940	17392	11812	213484	218028	398048	376484	309160	291332	18692	34736	258076	144540	412676	364024	288624	140240	278136	229220	68208	79704	10180	7188	11180	36840	206680	216760	213256	168832	80916	9232	
data	data	Precentral_L	Precentral_R	Frontal_Sup_L	Frontal_Sup_R	Frontal_Sup_Orb_L	Frontal_Sup_Orb_R	Frontal_Mid_L	Frontal_Mid_R	Frontal_Mid_Orb_L	Frontal_Mid_Orb_R	Frontal_Inf_Oper_L	Frontal_Inf_Oper_R	Frontal_Inf_Tri_L	Frontal_Inf_Tri_R	Frontal_Inf_Orb_L	Frontal_Inf_Orb_R	Rolandic_Oper_L	Rolandic_Oper_R	Supp_Motor_Area_L	Supp_Motor_Area_R	Olfactory_L	Olfactory_R	Frontal_Sup_Medial_L	Frontal_Sup_Medial_R	Frontal_Med_Orb_L	Frontal_Med_Orb_R	Rectus_L	Rectus_R	Insula_L	Insula_R	Cingulum_Ant_L	Cingulum_Ant_R	Cingulum_Mid_L	Cingulum_Mid_R	Cingulum_Post_L	Cingulum_Post_R	Hippocampus_L	Hippocampus_R	ParaHippocampal_L	ParaHippocampal_R	Amygdala_L	Amygdala_R	Calcarine_L	Calcarine_R	Cuneus_L	Cuneus_R	Lingual_L	Lingual_R	Occipital_Sup_L	Occipital_Sup_R	Occipital_Mid_L	Occipital_Mid_R	Occipital_Inf_L	Occipital_Inf_R	Fusiform_L	Fusiform_R	Postcentral_L	Postcentral_R	Parietal_Sup_L	Parietal_Sup_R	Parietal_Inf_L	Parietal_Inf_R	SupraMarginal_L	SupraMarginal_R	Angular_L	Angular_R	Precuneus_L	Precuneus_R	Paracentral_Lobule_L	Paracentral_Lobule_R	Caudate_L	Caudate_R	Putamen_L	Putamen_R	Pallidum_L	Pallidum_R	Thalamus_L	Thalamus_R	Heschl_L	Heschl_R	Temporal_Sup_L	Temporal_Sup_R	Temporal_Pole_Sup_L	Temporal_Pole_Sup_R	Temporal_Mid_L	Temporal_Mid_R	Temporal_Pole_Mid_L	Temporal_Pole_Mid_R	Temporal_Inf_L	Temporal_Inf_R	Cerebelum_Crus1_L	Cerebelum_Crus1_R	Cerebelum_Crus2_L	Cerebelum_Crus2_R	Cerebelum_3_L	Cerebelum_3_R	Cerebelum_4_5_L	Cerebelum_4_5_R	Cerebelum_6_L	Cerebelum_6_R	Cerebelum_7b_L	Cerebelum_7b_R	Cerebelum_8_L	Cerebelum_8_R	Cerebelum_9_L	Cerebelum_9_R	Cerebelum_10_L	Cerebelum_10_R	Vermis_1_2	Vermis_3	Vermis_4_5	Vermis_6	Vermis_7	Vermis_8	Vermis_9	Vermis_10	
419008	Precentral_L	0	3546	10558	2482	0	0	13504	0	0	0	6610	242	208	0	0	0	12930	118	10684	11892	0	0	0	0	0	0	0	0	14318	356	82	632	358	4648	1452	1150	6138	846	256	270	0	0	70	0	190	0	0	0	1798	0	4460	0	3310	0	2930	0	27618	446	0	0	1198	0	2860	0	80	0	268	0	21438	1594	3686	732	7222	230	1386	0	11162	1152	3044	0	6354	0	306	0	1268	0	0	0	1422	0	0	0	0	0	0	0	0	0	0	0	0	0	0	0	0	0	0	0	0	0	0	0	0	0	0	0	
336152	Precentral_R	3546	0	68	12608	0	0	0	4212	0	0	0	6058	0	162	0	0	0	3418	1382	16300	0	0	78	0	0	0	0	0	0	4458	0	186	0	1710	500	1084	256	12056	0	3678	0	0	0	2216	0	490	0	1008	0	152	0	1568	0	720	0	9974	0	28038	0	1616	0	1962	0	2746	0	510	0	3780	5332	7512	106	3622	74	3648	0	272	318	10700	0	236	0	1582	0	0	0	2036	0	0	0	6000	0	0	0	0	0	0	0	0	0	0	0	0	0	0	0	0	0	0	0	0	0	98	0	0	0	0	
850112	Frontal_Sup_L	10558	68	0	5518	20232	0	64976	96	1686	0	13286	2296	25222	1810	4834	1442	13030	796	62608	3760	0	0	48538	790	2678	0	2252	0	38472	3734	24856	9430	2546	652	0	0	1198	0	0	0	0	0	0	0	0	0	0	0	148	0	474	0	0	0	174	0	4366	0	0	0	0	0	456	0	0	0	0	0	1238	0	10436	9376	18820	1160	3312	0	2128	0	554	0	3616	0	916	124	0	0	0	0	394	0	0	0	0	0	0	0	0	0	0	0	0	0	0	0	0	0	0	0	0	0	0	0	0	0	0	0	
834088	Frontal_Sup_R	2482	12608	5518	0	0	8850	584	23226	0	372	590	11304	454	11432	0	1826	0	6712	17794	57234	0	0	9760	48236	0	8998	0	876	758	21762	2514	48472	328	50144	0	74	0	3410	0	1438	0	0	0	0	0	0	0	0	0	0	0	0	0	0	0	1552	0	498	0	0	0	0	0	0	0	0	0	0	6460	0	2090	20698	978	17742	288	1478	206	5878	0	144	0	374	0	794	0	0	0	0	0	108	0	0	0	0	0	0	0	0	0	0	0	0	0	0	0	0	0	0	0	0	0	0	0	0	0	0	
264212	Frontal_Sup_Orb_L	0	0	20232	0	0	0	3250	0	9316	0	2146	350	16626	422	13104	314	274	0	1106	0	1448	90	5504	0	6488	0	11940	0	23430	352	4366	246	300	0	0	0	0	0	0	0	0	0	0	0	0	0	0	0	0	0	0	0	0	0	0	0	0	0	0	0	0	0	0	0	0	0	0	0	0	0	1558	190	8864	0	0	0	0	0	0	0	0	0	190	0	0	0	0	0	0	0	0	0	0	0	0	0	0	0	0	0	0	0	0	0	0	0	0	0	0	0	0	0	0	0	0	0	
142808	Frontal_Sup_Orb_R	0	0	0	8850	0	0	0	1350	0	3384	0	106	0	3196	0	3666	0	0	290	1348	0	890	168	5808	0	13812	0	8536	0	4780	226	6254	0	2512	0	0	0	0	0	0	0	0	0	0	0	0	0	0	0	0	0	0	0	0	0	0	0	0	0	0	0	0	0	0	0	0	0	0	0	0	0	1934	0	4294	0	0	0	0	0	0	0	0	0	0	0	0	0	0	0	0	0	0	0	0	0	0	0	0	0	0	0	0	0	0	0	0	0	0	0	0	0	0	0	0	0	0	
374044	Frontal_Mid_L	13504	0	64976	584	3250	0	0	0	1048	0	3366	744	21494	154	3580	86	4068	138	7950	0	0	0	19902	324	0	0	0	0	18888	864	7426	2646	1276	404	0	0	502	0	0	0	0	0	0	0	0	0	0	0	0	0	0	0	0	0	0	0	880	0	0	0	0	0	0	0	0	0	0	0	0	0	1286	1788	2784	154	1254	0	364	0	0	0	1152	0	186	0	0	0	0	0	0	0	0	0	0	0	0	0	0	0	0	0	0	0	0	0	0	0	0	0	0	0	0	0	0	0	0	0	
172444	Frontal_Mid_R	0	4212	96	23226	0	1350	0	0	0	776	246	5854	502	12744	0	1432	0	488	1114	4184	0	0	824	4522	0	764	0	0	510	3990	578	6820	0	5922	0	0	0	388	0	0	0	0	0	0	0	0	0	0	0	0	0	0	0	0	0	512	0	442	0	152	0	154	0	80	0	0	0	0	0	0	118	748	0	2502	0	600	0	0	0	0	0	94	0	0	0	0	0	0	0	278	0	0	0	0	0	0	0	0	0	0	0	0	0	0	0	0	0	0	0	0	0	0	0	0	0	0	
65540	Frontal_Mid_Orb_L	0	0	1686	0	9316	0	1048	0	0	0	0	0	3696	0	9048	0	0	0	72	0	80	0	182	0	490	0	870	0	4588	0	136	0	0	0	0	0	0	0	0	0	0	0	0	0	0	0	0	0	0	0	0	0	0	0	0	0	0	0	0	0	0	0	0	0	0	0	0	0	0	0	0	0	1558	0	0	0	0	0	0	0	0	0	0	0	0	0	0	0	0	0	0	0	0	0	0	0	0	0	0	0	0	0	0	0	0	0	0	0	0	0	0	0	0	0	0	0	
37200	Frontal_Mid_Orb_R	0	0	0	372	0	3384	0	776	0	0	0	0	0	1516	0	6704	0	0	0	0	0	332	0	98	0	334	0	948	0	1458	0	198	0	0	0	0	0	0	0	0	0	0	0	0	0	0	0	0	0	0	0	0	0	0	0	0	0	0	0	0	0	0	0	0	0	0	0	0	0	0	0	84	0	2396	0	0	0	0	0	0	0	0	0	0	0	0	0	0	0	0	0	0	0	0	0	0	0	0	0	0	0	0	0	0	0	0	0	0	0	0	0	0	0	0	0	0	
252944	Frontal_Inf_Oper_L	6610	0	13286	590	2146	0	3366	246	0	0	0	6282	16444	4092	142	1976	7496	132	8224	90	0	0	338	0	188	0	692	0	26706	5998	3706	1318	0	432	0	0	0	0	0	0	0	0	0	0	0	0	0	0	0	0	92	0	0	0	0	0	2242	0	0	0	0	0	0	0	0	0	0	0	0	0	7186	954	1682	82	148	0	0	0	154	0	1216	0	2216	0	0	0	0	0	0	0	0	0	0	0	0	0	0	0	0	0	0	0	0	0	0	0	0	0	0	0	0	0	0	0	0	0	
255696	Frontal_Inf_Oper_R	242	6058	2296	11304	350	106	744	5854	0	0	6282	0	5830	13520	0	2810	0	4172	3456	2886	0	0	820	680	0	122	0	0	6948	23412	2676	5894	0	7922	0	0	0	164	0	0	0	0	0	0	0	0	0	0	0	0	0	0	0	0	0	150	0	1492	0	0	0	0	0	0	0	0	0	0	0	0	5666	2178	392	2426	0	200	0	0	0	0	0	96	204	496	0	0	0	0	0	0	0	0	0	0	0	0	0	0	0	0	0	0	0	0	0	0	0	0	0	0	0	0	0	0	0	0	
401480	Frontal_Inf_Tri_L	208	0	25222	454	16626	0	21494	502	3696	0	16444	5830	0	4718	14522	1986	634	0	5834	80	0	0	3326	188	884	0	3514	0	44540	4832	7418	3290	210	206	0	0	0	0	0	0	0	0	0	0	0	0	0	0	0	0	0	0	0	0	0	0	0	0	0	0	0	0	0	0	0	0	0	0	0	0	6074	2144	4578	0	184	0	0	0	78	0	136	0	888	0	0	0	0	0	0	0	0	0	0	0	0	0	0	0	0	0	0	0	0	0	0	0	0	0	0	0	0	0	0	0	0	0	
274672	Frontal_Inf_Tri_R	0	162	1810	11432	422	3196	154	12744	0	1516	4092	13520	4718	0	0	11020	0	186	3000	5270	0	0	678	5462	0	2548	0	74	4958	23818	1148	10618	0	6898	0	0	0	0	0	0	0	0	0	0	0	0	0	0	0	0	0	0	0	0	0	0	0	0	0	0	0	0	0	0	0	0	0	0	0	0	4052	1532	1114	1194	0	0	0	0	0	0	0	0	0	0	0	0	0	0	0	0	0	0	0	0	0	0	0	0	0	0	0	0	0	0	0	0	0	0	0	0	0	0	0	0	0	0	
142748	Frontal_Inf_Orb_L	0	0	4834	0	13104	0	3580	0	9048	0	142	0	14522	0	0	0	0	0	310	0	804	86	450	0	414	0	2578	0	15320	0	1006	0	0	0	0	0	0	0	0	0	0	0	0	0	0	0	0	0	0	0	0	0	0	0	0	0	0	0	0	0	0	0	0	0	0	0	0	0	0	0	496	70	4432	0	0	0	0	0	0	0	0	0	178	0	0	0	0	0	0	0	0	0	0	0	0	0	0	0	0	0	0	0	0	0	0	0	0	0	0	0	0	0	0	0	0	0	
124912	Frontal_Inf_Orb_R	0	0	1442	1826	314	3666	86	1432	0	6704	1976	2810	1986	11020	0	0	0	0	1158	838	0	458	106	820	0	994	0	1174	2058	11044	464	2624	0	1064	0	0	0	0	0	0	0	0	0	0	0	0	0	0	0	0	0	0	0	0	0	0	0	0	0	0	0	0	0	0	0	0	0	0	0	0	2948	774	1090	1580	0	0	0	0	0	0	0	0	0	0	0	0	0	0	0	0	0	0	0	0	0	0	0	0	0	0	0	0	0	0	0	0	0	0	0	0	0	0	0	0	0	0	
226668	Rolandic_Oper_L	12930	0	13030	0	274	0	4068	0	0	0	7496	0	634	0	0	0	0	0	11244	0	0	0	0	0	0	0	220	0	23764	0	464	142	0	0	0	0	206	0	0	0	0	0	0	0	0	0	0	0	0	0	170	0	478	0	410	0	11830	0	0	0	444	0	4834	0	94	0	0	0	0	0	466	192	808	0	332	0	0	0	2804	0	12614	0	976	0	922	0	0	0	1488	0	0	0	0	0	0	0	0	0	0	0	0	0	0	0	0	0	0	0	0	0	0	0	0	0	0	0	
120240	Rolandic_Oper_R	118	3418	796	6712	0	0	138	488	0	0	132	4172	0	186	0	0	0	0	3602	4394	0	0	0	116	0	0	0	0	132	11046	516	358	0	1206	0	0	0	432	0	198	0	0	0	0	0	0	0	0	0	0	0	0	0	0	0	362	0	5534	0	70	0	72	0	2208	0	0	0	0	1158	0	452	504	72	3052	0	568	0	76	0	2380	0	3730	0	1420	0	80	0	0	0	222	0	0	0	0	0	0	0	0	0	0	0	0	0	0	0	0	0	0	0	0	0	0	0	0	0	0	
712348	Supp_Motor_Area_L	10684	1382	62608	17794	1106	290	7950	1114	72	0	8224	3456	5834	3000	310	1158	11244	3602	0	46302	0	0	9256	3174	0	334	162	0	14440	5052	9226	10020	4982	20574	474	308	872	502	0	266	0	0	0	0	92	0	0	0	82	0	210	0	0	0	202	292	5306	568	0	0	0	0	754	0	0	0	296	0	25328	964	14324	8824	19132	2890	4802	828	0	280	818	228	2844	214	614	152	0	0	0	0	358	0	0	0	0	0	0	0	0	0	0	0	0	0	0	0	0	0	0	0	0	0	0	0	0	0	0	0	
681260	Supp_Motor_Area_R	11892	16300	3760	57234	0	1348	0	4184	0	0	90	2886	80	5270	0	838	0	4394	46302	0	0	0	1192	13646	0	1478	0	0	134	4772	480	18474	2978	59436	1522	1572	0	3248	0	422	0	0	0	116	0	0	0	0	0	0	0	0	0	0	0	3070	156	1448	0	0	0	0	0	0	0	0	0	204	30338	12524	1220	13878	900	4310	344	1072	108	5140	0	300	0	506	0	206	0	90	0	0	0	768	0	0	0	0	0	0	0	0	0	0	0	0	0	0	0	0	0	0	0	0	0	0	0	0	0	0	
65916	Olfactory_L	0	0	0	0	1448	0	0	0	80	0	0	0	0	0	804	0	0	0	0	0	0	4910	0	0	72	0	3082	510	3372	0	2394	1880	0	0	0	0	1470	0	718	0	2020	0	0	0	0	0	0	0	0	0	0	0	0	0	100	0	0	0	0	0	0	0	0	0	0	0	0	0	0	0	5904	1668	998	160	0	0	0	0	0	0	0	0	1368	0	0	0	0	0	0	0	0	0	0	0	0	0	0	0	0	0	0	0	0	0	0	0	0	0	0	0	0	0	0	0	0	0	
61928	Olfactory_R	0	0	0	0	90	890	0	0	0	332	0	0	0	0	86	458	0	0	0	0	4910	0	0	0	0	130	2236	1638	0	1738	2138	1814	0	0	0	0	0	710	0	370	0	1062	0	0	0	0	0	0	0	0	0	0	0	0	0	170	0	0	0	0	0	0	0	0	0	0	0	0	0	0	6478	3646	1122	946	0	0	0	0	0	0	0	0	0	0	0	0	0	0	0	0	0	0	0	0	0	0	0	0	0	0	0	0	0	0	0	0	0	0	0	0	0	0	0	0	0	0	
329560	Frontal_Sup_Medial_L	0	78	48538	9760	5504	168	19902	824	182	0	338	820	3326	678	450	106	0	0	9256	1192	0	0	0	14394	1688	306	184	68	1700	340	17834	11602	3494	9868	0	0	0	0	0	0	0	0	0	0	0	0	0	0	0	0	0	0	0	0	0	0	0	0	0	0	0	0	0	0	0	0	0	0	0	0	280	368	1158	374	0	0	0	0	0	0	0	0	0	0	0	0	0	0	0	0	0	0	0	0	0	0	0	0	0	0	0	0	0	0	0	0	0	0	0	0	0	0	0	0	0	0	
379000	Frontal_Sup_Medial_R	0	0	790	48236	0	5808	324	4522	0	98	0	680	188	5462	0	820	0	116	3174	13646	0	0	14394	0	126	7294	0	684	200	5272	1590	35686	336	30300	0	0	0	172	0	116	0	0	0	0	0	0	0	0	0	0	0	0	0	0	0	122	0	0	0	0	0	0	0	0	0	0	0	0	0	0	166	5200	0	3978	0	0	0	0	0	0	0	0	0	0	0	0	0	0	0	0	0	0	0	0	0	0	0	0	0	0	0	0	0	0	0	0	0	0	0	0	0	0	0	0	0	0	
46140	Frontal_Med_Orb_L	0	0	2678	0	6488	0	0	0	490	0	188	0	884	0	414	0	0	0	0	0	72	0	1688	126	0	194	5450	0	1156	0	1752	0	0	0	0	0	0	0	0	0	0	0	0	0	0	0	0	0	0	0	0	0	0	0	0	0	0	0	0	0	0	0	0	0	0	0	0	0	0	0	116	0	1374	0	0	0	0	0	0	0	0	0	0	0	0	0	0	0	0	0	0	0	0	0	0	0	0	0	0	0	0	0	0	0	0	0	0	0	0	0	0	0	0	0	0	0	
130764	Frontal_Med_Orb_R	0	0	0	8998	0	13812	0	764	0	334	0	122	0	2548	0	994	0	0	334	1478	0	130	306	7294	194	0	0	5814	0	3402	500	8754	0	2636	0	0	0	0	0	0	0	0	0	0	0	0	0	0	0	0	0	0	0	0	0	0	0	0	0	0	0	0	0	0	0	0	0	0	0	0	0	3436	0	3532	0	0	0	0	0	0	0	0	0	0	0	0	0	0	0	0	0	0	0	0	0	0	0	0	0	0	0	0	0	0	0	0	0	0	0	0	0	0	0	0	0	0	
102648	Rectus_L	0	0	2252	0	11940	0	0	0	870	0	692	0	3514	0	2578	0	220	0	162	0	3082	2236	184	0	5450	0	0	492	6622	0	3888	1094	0	0	0	0	0	0	0	0	0	0	0	0	0	0	0	0	0	0	0	0	0	0	0	0	0	0	0	0	0	0	0	0	0	0	0	0	0	0	2640	560	2746	0	0	0	0	0	0	0	0	0	102	0	0	0	0	0	0	0	0	0	0	0	0	0	0	0	0	0	0	0	0	0	0	0	0	0	0	0	0	0	0	0	0	0	
52020	Rectus_R	0	0	0	876	0	8536	0	0	0	948	0	0	0	74	0	1174	0	0	0	0	510	1638	68	684	0	5814	492	0	0	866	566	1182	0	436	0	0	0	0	0	0	0	0	0	0	0	0	0	0	0	0	0	0	0	0	0	0	0	0	0	0	0	0	0	0	0	0	0	0	0	0	470	544	0	1132	0	0	0	0	0	0	0	0	0	0	0	0	0	0	0	0	0	0	0	0	0	0	0	0	0	0	0	0	0	0	0	0	0	0	0	0	0	0	0	0	0	0	
729856	Insula_L	14318	0	38472	758	23430	0	18888	510	4588	0	26706	6948	44540	4958	15320	2058	23764	132	14440	134	3372	0	1700	200	1156	0	6622	0	0	5964	7158	3320	196	438	94	94	8936	102	772	0	2274	0	0	0	0	0	0	0	90	0	1488	0	4806	0	6092	0	5480	0	0	0	118	0	276	0	0	0	0	0	0	0	9230	2444	20112	0	428	0	386	78	8412	0	8412	0	5376	0	3766	0	0	0	5572	0	0	0	0	0	0	0	0	0	0	0	0	0	0	0	0	0	0	0	0	0	0	0	0	0	0	0	
424596	Insula_R	356	4458	3734	21762	352	4780	864	3990	0	1458	5998	23412	4832	23818	0	11044	0	11046	5052	4772	0	1738	340	5272	0	3402	0	866	5964	0	3016	10296	0	9716	0	0	0	2554	0	1542	0	294	0	0	0	0	0	0	0	0	0	0	0	0	0	1374	0	664	0	0	0	0	0	0	0	0	0	0	120	0	7192	3780	1234	17110	0	80	0	0	0	752	0	1230	234	872	0	438	0	0	0	490	0	0	0	0	0	0	0	0	0	0	0	0	0	0	0	0	0	0	0	0	0	0	0	0	0	0	
283860	Cingulum_Ant_L	82	0	24856	2514	4366	226	7426	578	136	0	3706	2676	7418	1148	1006	464	464	516	9226	480	2394	2138	17834	1590	1752	500	3888	566	7158	3016	0	11752	3534	2280	0	0	0	0	0	0	0	0	0	0	0	0	0	0	0	0	0	0	0	0	0	0	0	0	0	0	0	0	0	0	0	0	0	0	0	0	7920	2872	4010	1104	0	0	0	0	0	0	114	0	220	0	0	0	0	0	0	0	0	0	0	0	0	0	0	0	0	0	0	0	0	0	0	0	0	0	0	0	0	0	0	0	0	0	
578824	Cingulum_Ant_R	632	186	9430	48472	246	6254	2646	6820	0	198	1318	5894	3290	10618	0	2624	142	358	10020	18474	1880	1814	11602	35686	0	8754	1094	1182	3320	10296	11752	0	1312	37868	0	0	0	204	0	122	0	0	0	0	0	0	0	0	0	0	0	0	0	0	0	136	0	0	0	0	0	0	0	0	0	0	0	0	0	0	4648	21858	604	7350	308	0	0	0	0	0	0	0	0	0	0	0	0	0	0	0	0	0	0	0	0	0	0	0	0	0	0	0	0	0	0	0	0	0	0	0	0	0	0	0	0	0	
84952	Cingulum_Mid_L	358	0	2546	328	300	0	1276	0	0	0	0	0	210	0	0	0	0	0	4982	2978	0	0	3494	336	0	0	0	0	196	0	3534	1312	0	5774	3864	1180	0	0	0	0	0	0	0	0	398	266	0	0	874	276	872	0	0	0	0	0	436	66	152	0	0	0	0	0	66	0	1616	344	3192	680	0	0	0	0	0	0	0	0	0	0	0	0	0	0	570	0	0	0	0	0	0	0	0	0	0	0	0	0	0	0	0	0	0	0	0	0	0	0	0	0	0	0	0	0	0	0	
635740	Cingulum_Mid_R	4648	1710	652	50144	0	2512	404	5922	0	0	432	7922	206	6898	0	1064	0	1206	20574	59436	0	0	9868	30300	0	2636	0	436	438	9716	2280	37868	5774	0	2136	9382	0	146	0	0	0	0	0	314	0	1242	0	292	0	822	0	226	0	0	0	184	130	3172	0	0	0	0	0	0	0	0	420	4416	13524	13448	590	2096	102	1758	0	154	0	0	0	0	0	0	0	168	0	0	0	0	0	102	0	0	0	0	0	0	0	0	0	0	0	0	0	0	0	0	0	0	0	0	0	0	0	0	0	0	
123352	Cingulum_Post_L	1452	500	0	0	0	0	0	0	0	0	0	0	0	0	0	0	0	0	474	1522	0	0	0	0	0	0	0	0	94	0	0	0	3864	2136	0	14982	5944	4984	3158	1120	0	0	1298	0	1358	0	816	432	270	0	0	0	0	0	1034	574	2268	962	0	0	0	0	0	0	0	0	3658	1914	1948	2320	0	0	0	100	0	0	0	2222	96	0	0	0	0	0	0	0	0	0	0	0	0	0	0	0	0	0	0	0	0	0	0	0	0	0	0	0	0	0	0	0	176	0	0	0	0	0	
165812	Cingulum_Post_R	1150	1084	0	74	0	0	0	0	0	0	0	0	0	0	0	0	0	0	308	1572	0	0	0	0	0	0	0	0	94	0	0	0	1180	9382	14982	0	5108	6696	2562	1544	0	0	0	2746	0	236	234	3956	0	0	0	0	0	336	720	2158	596	3726	0	242	0	242	0	0	0	0	1190	10090	558	5262	0	0	0	184	0	0	162	2338	96	0	0	0	0	0	0	0	0	0	0	1560	0	0	0	0	0	0	0	0	0	0	0	0	0	0	0	0	0	0	0	0	538	0	0	0	0	0	
184892	Hippocampus_L	6138	256	1198	0	0	0	502	0	0	0	0	0	0	0	0	0	206	0	872	0	1470	0	0	0	0	0	0	0	8936	0	0	0	0	0	5944	5108	0	5168	8698	1396	6402	0	248	0	0	0	936	510	120	0	142	0	198	0	8586	146	352	0	0	0	0	0	0	0	0	0	846	532	128	0	840	0	5582	120	1160	0	3882	3200	1238	0	1248	0	1242	0	320	0	66	0	8510	0	0	0	0	0	0	0	0	0	0	0	0	0	0	0	0	0	0	0	0	0	0	0	0	0	0	0	
268792	Hippocampus_R	846	12056	0	3410	0	0	0	388	0	0	0	164	0	0	0	0	0	432	502	3248	0	710	0	172	0	0	0	0	102	2554	0	204	0	146	4984	6696	5168	0	1746	20162	0	7278	0	146	0	0	128	1196	0	0	0	0	0	120	290	31004	84	244	0	0	0	0	0	0	0	0	262	2134	418	1240	0	438	0	9432	0	258	652	7002	118	0	0	102	0	914	0	362	0	100	0	6578	0	0	0	0	0	0	0	0	0	0	0	0	0	0	0	0	0	0	0	0	206	0	0	0	0	0	
54756	ParaHippocampal_L	256	0	0	0	0	0	0	0	0	0	0	0	0	0	0	0	0	0	0	0	718	0	0	0	0	0	0	0	772	0	0	0	0	0	3158	2562	8698	1746	0	478	1386	0	360	0	0	0	1130	200	0	0	0	0	0	0	2096	0	76	0	0	0	0	0	0	0	0	0	810	350	0	0	0	0	220	0	0	0	318	406	0	0	0	0	766	0	0	0	440	0	172	0	0	0	0	0	78	0	182	0	0	0	0	0	0	0	0	0	0	0	0	0	0	0	0	0	0	0	
134560	ParaHippocampal_R	270	3678	0	1438	0	0	0	0	0	0	0	0	0	0	0	0	0	198	266	422	0	370	0	116	0	0	0	0	0	1542	0	122	0	0	1120	1544	1396	20162	478	0	0	3314	0	358	0	0	88	2918	0	0	0	0	0	100	0	14470	0	0	0	0	0	0	0	0	0	0	194	1608	222	0	0	340	0	4820	0	108	152	1846	0	0	0	0	0	858	0	0	0	242	0	2204	0	0	0	0	0	0	0	150	0	0	0	0	0	0	0	0	0	0	0	0	166	0	0	0	0	0	
37240	Amygdala_L	0	0	0	0	0	0	0	0	0	0	0	0	0	0	0	0	0	0	0	0	2020	0	0	0	0	0	0	0	2274	0	0	0	0	0	0	0	6402	0	1386	0	0	0	0	0	0	0	0	0	0	0	0	0	0	0	2446	0	0	0	0	0	0	0	0	0	0	0	0	0	0	0	90	0	292	0	0	0	0	0	0	0	0	0	1620	0	0	0	160	0	1930	0	0	0	0	0	0	0	0	0	0	0	0	0	0	0	0	0	0	0	0	0	0	0	0	0	0	0	
42252	Amygdala_R	0	0	0	0	0	0	0	0	0	0	0	0	0	0	0	0	0	0	0	0	0	1062	0	0	0	0	0	0	0	294	0	0	0	0	0	0	0	7278	0	3314	0	0	0	0	0	0	0	0	0	0	0	0	0	0	0	5368	0	0	0	0	0	0	0	0	0	0	0	0	0	0	0	0	0	1122	0	0	0	0	0	0	0	0	0	1962	0	0	0	270	0	456	0	0	0	0	0	0	0	0	0	0	0	0	0	0	0	0	0	0	0	0	0	0	0	0	0	0	
192548	Calcarine_L	70	0	0	0	0	0	0	0	0	0	0	0	0	0	0	0	0	0	0	0	0	0	0	0	0	0	0	0	0	0	0	0	0	0	1298	0	248	0	360	0	0	0	0	6218	12014	3818	9560	1034	12294	2266	16524	114	6710	0	1596	0	6268	0	1354	0	1934	0	0	0	0	0	9158	262	2142	0	0	0	0	0	0	0	0	0	0	0	0	0	0	0	224	0	0	0	808	0	0	0	0	0	0	0	0	0	0	0	0	0	0	0	0	0	0	0	0	0	0	0	0	0	0	0	
285876	Calcarine_R	0	2216	0	0	0	0	0	0	0	0	0	0	0	0	0	0	0	0	0	116	0	0	0	0	0	0	0	0	0	0	0	0	0	314	0	2746	0	146	0	358	0	0	6218	0	6604	24304	130	20446	0	18614	0	10970	0	2372	0	6614	0	5502	0	1470	0	1422	0	0	0	412	66	23026	0	2040	0	0	0	0	0	0	0	96	0	0	0	0	0	0	0	3022	0	0	0	3210	0	0	0	0	0	0	0	0	0	238	0	0	0	0	0	0	0	0	0	0	0	266	0	0	0	0	
146768	Cuneus_L	190	0	0	0	0	0	0	0	0	0	0	0	0	0	0	0	0	0	92	0	0	0	0	0	0	0	0	0	0	0	0	0	398	0	1358	0	0	0	0	0	0	0	12014	6604	0	10600	1234	996	16334	3442	8322	580	556	0	0	0	736	0	270	0	68	0	0	0	192	0	7460	816	620	0	0	0	0	0	0	0	0	0	0	0	0	0	0	0	404	0	0	0	98	0	0	0	0	0	0	0	0	0	0	0	0	0	0	0	0	0	0	0	0	0	0	0	0	0	0	0	
279952	Cuneus_R	0	490	0	0	0	0	0	0	0	0	0	0	0	0	0	0	0	0	0	0	0	0	0	0	0	0	0	0	0	0	0	0	266	1242	0	236	0	0	0	0	0	0	3818	24304	10600	0	0	4490	0	37450	0	13738	0	278	0	776	0	3244	0	4314	0	2312	0	0	0	1664	2906	23062	0	1134	0	0	0	0	0	0	0	0	0	0	0	216	0	0	0	2288	0	0	0	1148	0	0	0	0	0	0	0	0	0	0	0	0	0	0	0	0	0	0	0	0	0	0	0	0	0	0	
249388	Lingual_L	0	0	0	0	0	0	0	0	0	0	0	0	0	0	0	0	0	0	0	0	0	0	0	0	0	0	0	0	0	0	0	0	0	0	816	234	936	128	1130	88	0	0	9560	130	1234	0	0	2558	6302	0	15538	0	8224	0	11812	676	0	0	0	0	0	0	0	0	0	0	1558	140	0	0	0	0	0	0	0	0	0	0	0	0	0	0	0	0	0	0	0	0	0	0	8854	2192	2272	286	214	94	11082	1048	15536	3644	220	0	218	0	790	628	70	0	82	198	6162	6834	1222	310	930	744	
273552	Lingual_R	0	1008	0	0	0	0	0	0	0	0	0	0	0	0	0	0	0	0	0	0	0	0	0	0	0	0	0	0	0	0	0	0	0	292	432	3956	510	1196	200	2918	0	0	1034	20446	996	4490	2558	0	0	5914	0	4164	164	3116	2224	19954	0	2304	0	378	0	366	0	0	0	248	278	10824	0	1060	0	0	0	0	0	0	0	252	0	0	0	0	0	0	0	964	0	0	0	2086	1828	4654	324	324	72	0	1014	5542	4324	9892	0	0	0	0	206	0	0	0	0	0	5222	7918	1124	0	0	0	
210784	Occipital_Sup_L	1798	0	148	0	0	0	0	0	0	0	0	0	0	0	0	0	0	0	82	0	0	0	0	0	0	0	0	0	90	0	0	0	874	0	270	0	120	0	0	0	0	0	12294	0	16334	0	6302	0	0	0	37622	0	1552	0	80	0	3130	0	6898	0	1594	0	438	0	1606	0	8480	0	258	0	72	0	80	0	0	0	0	0	126	0	0	0	0	0	4254	0	0	0	890	0	0	0	0	0	0	0	0	0	0	0	0	0	0	0	0	0	0	0	0	0	0	0	0	0	0	0	
298004	Occipital_Sup_R	0	152	0	0	0	0	0	0	0	0	0	0	0	0	0	0	0	0	0	0	0	0	0	0	0	0	0	0	0	0	0	0	276	822	0	0	0	0	0	0	0	0	2266	18614	3442	37450	0	5914	0	0	0	23944	0	1362	0	2780	0	1028	0	8274	0	4948	0	0	0	7878	428	15614	0	618	0	0	0	0	0	0	0	0	0	0	0	1312	0	0	0	8404	0	0	0	3198	0	0	0	0	0	0	0	0	0	0	0	0	0	0	0	0	0	0	0	0	0	278	0	0	0	0	
427528	Occipital_Mid_L	4460	0	474	0	0	0	0	0	0	0	92	0	0	0	0	0	170	0	210	0	0	0	0	0	0	0	0	0	1488	0	0	0	872	0	0	0	142	0	0	0	0	0	16524	0	8322	0	15538	0	37622	0	0	0	36354	0	3076	0	15302	0	9956	0	12982	0	974	0	12720	0	11878	0	3708	0	82	0	126	0	0	0	0	0	436	0	110	0	0	0	13440	0	0	0	6390	0	114	0	94	0	0	0	0	0	108	0	0	0	0	0	0	0	0	0	0	0	0	0	0	0	0	0	
232564	Occipital_Mid_R	0	1568	0	0	0	0	0	0	0	0	0	0	0	0	0	0	0	0	0	0	0	0	0	0	0	0	0	0	0	0	0	0	0	226	0	0	0	0	0	0	0	0	114	10970	580	13738	0	4164	0	23944	0	0	0	5880	0	3070	0	2670	0	4914	0	5252	0	0	0	15940	120	7880	0	552	0	0	0	0	0	0	0	0	0	0	0	90	0	0	0	12504	0	0	0	2028	0	0	0	0	0	0	0	0	0	0	0	0	0	0	0	0	0	0	0	0	0	78	0	0	0	0	
221860	Occipital_Inf_L	3310	0	0	0	0	0	0	0	0	0	0	0	0	0	0	0	478	0	0	0	0	0	0	0	0	0	0	0	4806	0	0	0	0	0	0	0	198	0	0	0	0	0	6710	0	556	0	8224	164	1552	0	36354	0	0	0	16156	0	6944	0	0	0	722	0	230	0	636	0	3702	0	1634	0	74	0	0	0	0	0	0	0	1546	0	116	0	0	0	7022	0	0	0	5746	0	1104	132	688	102	0	0	0	0	1054	108	0	0	0	0	0	0	0	0	0	0	0	394	468	0	0	0	
53584	Occipital_Inf_R	0	720	0	0	0	0	0	0	0	0	0	0	0	0	0	0	0	0	0	0	0	0	0	0	0	0	0	0	0	0	0	0	0	0	0	336	0	120	0	100	0	0	0	2372	0	278	0	3116	0	1362	0	5880	0	0	0	3750	0	376	0	0	0	0	0	0	0	0	0	1036	0	324	0	0	0	66	0	0	0	0	0	0	0	0	0	0	0	2690	0	0	0	4266	0	0	0	0	0	0	0	0	0	0	0	0	0	0	0	0	0	0	0	0	0	0	0	0	0	0	
332616	Fusiform_L	2930	0	174	0	0	0	0	0	0	0	0	0	0	0	0	0	410	0	202	0	100	0	0	0	0	0	0	0	6092	0	0	0	0	0	1034	720	8586	290	2096	0	2446	0	1596	0	0	0	11812	2224	80	0	3076	0	16156	0	0	626	2172	0	0	0	462	0	144	0	208	0	1884	0	236	0	240	0	1070	0	0	0	0	0	2140	0	402	0	1230	0	3712	0	482	0	10092	0	23948	906	2250	182	0	0	12374	518	30050	2022	992	0	984	0	0	0	0	0	0	0	1998	3854	932	108	66	0	
415560	Fusiform_R	0	9974	0	1552	0	0	0	512	0	0	0	150	0	0	0	0	0	362	292	3070	0	170	0	122	0	0	0	0	0	1374	0	136	0	184	574	2158	146	31004	0	14470	0	5368	0	6614	0	776	676	19954	0	2780	0	3070	0	3750	626	0	66	2110	0	958	0	974	0	688	0	802	0	5454	236	2388	0	364	0	4600	0	224	0	782	0	0	0	0	0	3220	0	2642	0	1278	0	15644	456	14064	0	262	72	174	600	8432	1444	21100	0	0	0	292	206	0	0	0	0	0	3704	4436	244	0	0	0	
296204	Postcentral_L	27618	0	4366	0	0	0	880	0	0	0	2242	0	0	0	0	0	11830	0	5306	156	0	0	0	0	0	0	0	0	5480	0	0	0	436	130	2268	596	352	84	76	0	0	0	6268	0	736	0	0	0	3130	0	15302	0	6944	0	2172	66	0	86	4406	0	13380	0	6604	0	196	0	3292	0	10422	146	692	100	264	140	0	0	72	0	1574	0	6018	0	0	0	2698	0	0	0	1574	0	0	0	0	0	0	0	0	0	0	0	0	0	0	0	0	0	0	0	0	0	0	0	0	0	0	0	
233600	Postcentral_R	446	28038	0	498	0	0	0	442	0	0	0	1492	0	0	0	0	0	5534	568	1448	0	0	0	0	0	0	0	0	0	664	0	0	66	3172	962	3726	0	244	0	0	0	0	0	5502	0	3244	0	2304	0	1028	0	2670	0	376	0	2110	86	0	0	4614	0	2920	0	9106	0	486	68	16250	864	10426	0	0	0	130	0	0	0	0	0	414	0	1886	0	0	0	1380	0	0	0	3532	0	0	0	0	0	0	0	0	0	0	0	0	0	0	0	0	0	0	0	0	0	104	0	0	0	0	
81408	Parietal_Sup_L	0	0	0	0	0	0	0	0	0	0	0	0	0	0	0	0	0	0	0	0	0	0	0	0	0	0	0	0	0	0	0	0	152	0	0	0	0	0	0	0	0	0	1354	0	270	0	0	0	6898	0	9956	0	0	0	0	0	4406	0	0	0	6222	0	0	0	460	0	10520	0	76	0	0	0	0	0	0	0	0	0	0	0	0	0	0	0	284	0	0	0	106	0	0	0	0	0	0	0	0	0	0	0	0	0	0	0	0	0	0	0	0	0	0	0	0	0	0	0	
168536	Parietal_Sup_R	0	1616	0	0	0	0	0	152	0	0	0	0	0	0	0	0	0	70	0	0	0	0	0	0	0	0	0	0	0	0	0	0	0	0	0	242	0	0	0	0	0	0	0	1470	0	4314	0	378	0	8274	0	4914	0	0	0	958	0	4614	0	0	0	21202	0	696	0	9696	2000	14794	0	356	0	0	0	0	0	0	0	0	0	0	0	718	0	0	0	3124	0	0	0	4680	0	0	0	0	0	0	0	0	0	0	0	0	0	0	0	0	0	0	0	0	0	0	0	0	0	0	
172180	Parietal_Inf_L	1198	0	0	0	0	0	0	0	0	0	0	0	0	0	0	0	444	0	0	0	0	0	0	0	0	0	0	0	118	0	0	0	0	0	0	0	0	0	0	0	0	0	1934	0	68	0	0	0	1594	0	12982	0	722	0	462	0	13380	0	6222	0	0	0	14448	0	20172	0	1552	0	286	0	0	0	0	0	0	0	0	0	188	0	1838	0	0	0	6222	0	0	0	2260	0	0	0	0	0	0	0	0	0	0	0	0	0	0	0	0	0	0	0	0	0	0	0	0	0	0	0	
164828	Parietal_Inf_R	0	1962	0	0	0	0	0	154	0	0	0	0	0	0	0	0	0	72	0	0	0	0	0	0	0	0	0	0	0	0	0	0	0	0	0	242	0	0	0	0	0	0	0	1422	0	2312	0	366	0	4948	0	5252	0	0	0	974	0	2920	0	21202	0	0	0	4784	0	14234	0	6014	0	0	0	0	0	0	0	0	0	0	0	0	0	1346	0	0	0	6310	0	0	0	7900	0	0	0	0	0	0	0	0	0	0	0	0	0	0	0	0	0	0	0	0	0	0	0	0	0	0	
115948	SupraMarginal_L	2860	0	456	0	0	0	0	0	0	0	0	0	0	0	0	0	4834	0	754	0	0	0	0	0	0	0	0	0	276	0	0	0	0	0	0	0	0	0	0	0	0	0	0	0	0	0	0	0	438	0	974	0	230	0	144	0	6604	0	0	0	14448	0	0	0	6554	0	0	0	0	0	0	0	70	0	0	0	0	0	148	0	6568	0	0	0	9048	0	0	0	3568	0	0	0	0	0	0	0	0	0	0	0	0	0	0	0	0	0	0	0	0	0	0	0	0	0	0	0	
70808	SupraMarginal_R	0	2746	0	0	0	0	0	80	0	0	0	0	0	0	0	0	0	2208	0	0	0	0	0	0	0	0	0	0	0	0	0	0	0	0	0	0	0	0	0	0	0	0	0	0	0	0	0	0	0	0	0	0	0	0	0	688	0	9106	0	696	0	4784	0	0	0	3444	0	0	0	0	0	0	0	0	0	0	0	0	0	76	0	5834	0	0	0	1294	0	0	0	4448	0	0	0	0	0	0	0	0	0	0	0	0	0	0	0	0	0	0	0	0	0	0	0	0	0	0	
112056	Angular_L	80	0	0	0	0	0	0	0	0	0	0	0	0	0	0	0	94	0	0	0	0	0	0	0	0	0	0	0	0	0	0	0	66	0	0	0	0	0	0	0	0	0	0	0	192	0	0	0	1606	0	12720	0	636	0	208	0	196	0	460	0	20172	0	6554	0	0	0	898	0	108	0	0	0	0	0	0	0	0	0	136	0	1742	0	0	0	7818	0	0	0	2342	0	0	0	0	0	0	0	0	0	0	0	0	0	0	0	0	0	0	0	0	0	0	0	0	0	0	0	
133832	Angular_R	0	510	0	0	0	0	0	0	0	0	0	0	0	0	0	0	0	0	0	0	0	0	0	0	0	0	0	0	0	0	0	0	0	0	0	0	0	0	0	0	0	0	0	412	0	1664	0	248	0	7878	0	15940	0	0	0	802	0	486	0	9696	0	14234	0	3444	0	0	0	2370	0	0	0	0	0	0	0	0	0	0	0	0	0	3658	0	0	0	4478	0	0	0	1096	0	0	0	0	0	0	0	0	0	0	0	0	0	0	0	0	0	0	0	0	0	0	0	0	0	0	
179248	Precuneus_L	268	0	0	0	0	0	0	0	0	0	0	0	0	0	0	0	0	0	296	0	0	0	0	0	0	0	0	0	0	0	0	0	1616	420	3658	1190	846	262	810	194	0	0	9158	66	7460	2906	1558	278	8480	428	11878	120	3702	0	1884	0	3292	68	10520	2000	1552	0	0	0	898	0	0	9614	1918	84	0	0	0	0	0	0	0	0	0	0	0	0	0	0	1368	0	0	0	832	0	0	0	0	0	0	0	0	0	0	0	0	0	0	0	0	0	0	0	0	0	0	0	0	0	0	0	
362064	Precuneus_R	0	3780	0	0	0	0	0	0	0	0	0	0	0	0	0	0	0	0	0	204	0	0	0	0	0	0	0	0	0	0	0	0	344	4416	1914	10090	532	2134	350	1608	0	0	262	23026	816	23062	140	10824	0	15614	0	7880	0	1036	0	5454	0	16250	0	14794	0	6014	0	0	0	2370	9614	0	0	6798	0	0	0	0	0	0	0	84	0	0	0	584	0	0	0	5564	0	0	0	4422	0	0	0	0	0	0	0	0	0	72	0	0	0	0	0	0	0	0	0	0	830	150	0	0	0	0	
303656	Paracentral_Lobule_L	21438	5332	1238	6460	0	0	0	0	0	0	0	0	0	0	0	0	0	1158	25328	30338	0	0	0	0	0	0	0	0	0	120	0	0	3192	13524	1948	558	128	418	0	222	0	0	2142	0	620	0	0	0	258	0	3708	0	1634	0	236	236	10422	864	76	0	286	0	0	0	108	0	1918	0	0	6606	3178	428	2028	746	2496	282	684	584	0	80	0	176	0	0	528	0	0	0	102	0	0	0	0	0	0	0	0	0	0	0	0	0	0	0	0	0	0	0	0	0	0	0	0	0	0	0	
158984	Paracentral_Lobule_R	1594	7512	0	0	0	0	0	0	0	0	0	0	0	0	0	0	0	0	964	12524	0	0	0	0	0	0	0	0	0	0	0	0	680	13448	2320	5262	0	1240	0	0	0	0	0	2040	0	1134	0	1060	0	618	0	552	0	324	0	2388	146	10426	0	356	0	0	0	0	0	0	84	6798	6606	0	0	0	0	0	0	0	0	0	0	0	0	114	0	0	0	196	0	0	0	1106	0	0	0	0	0	0	0	0	0	0	0	0	0	0	0	0	0	0	0	0	0	0	0	0	0	0	
307696	Caudate_L	3686	106	10436	2090	1558	0	1286	118	0	0	7186	5666	6074	4052	496	2948	466	452	14324	1220	5904	6478	280	166	116	0	2640	470	9230	7192	7920	4648	0	590	0	0	840	0	0	0	90	0	0	0	0	0	0	0	72	0	82	0	74	0	240	0	692	0	0	0	0	0	0	0	0	0	0	0	3178	0	0	9804	18202	1084	5198	0	5898	0	0	0	110	0	486	0	0	0	0	0	0	0	0	0	0	0	0	0	0	0	0	0	0	0	0	0	0	0	0	0	0	0	0	0	0	0	0	0	
321532	Caudate_R	732	3622	9376	20698	190	1934	1788	748	0	84	954	2178	2144	1532	70	774	192	504	8824	13878	1668	3646	368	5200	0	3436	560	544	2444	3780	2872	21858	0	2096	0	0	0	438	0	340	0	0	0	0	0	0	0	0	0	0	0	0	0	0	0	364	100	0	0	0	0	0	0	0	0	0	0	0	428	0	9804	0	3278	13162	708	1552	80	11742	0	0	0	0	76	0	0	0	0	0	0	0	0	0	0	0	0	0	0	0	0	0	0	0	0	0	0	0	0	0	0	0	0	0	0	0	0	0	
308576	Putamen_L	7222	74	18820	978	8864	0	2784	0	1558	0	1682	392	4578	1114	4432	1090	808	72	19132	900	998	1122	1158	0	1374	0	2746	0	20112	1234	4010	604	0	102	0	0	5582	0	220	0	292	0	0	0	0	0	0	0	80	0	126	0	0	0	1070	0	264	0	0	0	0	0	70	0	0	0	0	0	2028	0	18202	3278	0	342	11192	72	1120	66	178	0	546	0	774	0	0	0	0	0	826	0	0	0	0	0	0	0	0	0	0	0	0	0	0	0	0	0	0	0	0	0	0	0	0	0	0	0	
252948	Putamen_R	230	3648	1160	17742	0	4294	154	2502	0	2396	82	2426	0	1194	0	1580	0	3052	2890	4310	160	946	374	3978	0	3532	0	1132	0	17110	1104	7350	0	1758	100	184	120	9432	0	4820	0	1122	0	0	0	0	0	0	0	0	0	0	0	66	0	4600	140	130	0	0	0	0	0	0	0	0	0	0	746	0	1084	13162	342	0	134	3450	72	496	0	0	0	0	0	166	0	0	0	0	0	1004	0	0	0	0	0	0	0	0	0	0	0	0	0	0	0	0	0	0	0	0	0	0	0	0	0	0	
71732	Pallidum_L	1386	0	3312	288	0	0	1254	0	0	0	148	0	184	0	0	0	332	0	4802	344	0	0	0	0	0	0	0	0	428	0	0	308	0	0	0	0	1160	0	0	0	0	0	0	0	0	0	0	0	0	0	0	0	0	0	0	0	0	0	0	0	0	0	0	0	0	0	0	0	2496	0	5198	708	11192	134	0	0	2084	0	0	0	108	0	0	0	0	0	0	0	0	0	0	0	0	0	0	0	0	0	0	0	0	0	0	0	0	0	0	0	0	0	0	0	0	0	0	0	
22396	Pallidum_R	0	272	0	1478	0	0	0	600	0	0	0	200	0	0	0	0	0	568	828	1072	0	0	0	0	0	0	0	0	0	80	0	0	0	154	0	0	0	258	0	108	0	0	0	0	0	0	0	0	0	0	0	0	0	0	0	224	0	0	0	0	0	0	0	0	0	0	0	0	282	0	0	1552	72	3450	0	0	0	0	0	0	0	0	0	0	0	0	0	0	0	0	0	0	0	0	0	0	0	0	0	0	0	0	0	0	0	0	0	0	0	0	0	0	0	0	0	0	
65040	Thalamus_L	11162	318	2128	206	0	0	364	0	0	0	0	0	0	0	0	0	0	0	0	108	0	0	0	0	0	0	0	0	386	0	0	0	0	0	0	162	3882	652	318	152	0	0	0	0	0	0	0	0	0	0	0	0	0	0	0	0	72	0	0	0	0	0	0	0	0	0	0	0	684	0	5898	80	1120	72	2084	0	0	2578	94	0	0	0	0	0	0	0	0	0	0	0	0	0	0	0	0	0	0	0	0	0	0	0	0	0	0	0	0	0	0	0	0	0	0	0	0	0	
114724	Thalamus_R	1152	10700	0	5878	0	0	0	0	0	0	0	0	0	0	0	0	0	76	280	5140	0	0	0	0	0	0	0	0	78	0	0	0	0	0	2222	2338	3200	7002	406	1846	0	0	0	96	0	0	0	252	0	0	0	0	0	0	0	782	0	0	0	0	0	0	0	0	0	0	0	84	584	0	0	11742	66	496	0	0	2578	0	104	0	0	102	0	0	0	0	0	0	0	158	0	0	0	0	0	0	0	0	0	0	0	0	0	0	0	0	0	0	0	0	0	0	0	0	0	0	
64512	Heschl_L	3044	0	554	0	0	0	0	0	0	0	154	0	78	0	0	0	2804	0	818	0	0	0	0	0	0	0	0	0	8412	0	0	0	0	0	96	96	1238	118	0	0	0	0	0	0	0	0	0	0	126	0	436	0	1546	0	2140	0	1574	0	0	0	188	0	148	0	136	0	0	0	0	0	0	0	178	0	0	0	94	104	0	0	1888	0	0	0	3442	0	0	0	2844	0	0	0	0	0	0	0	0	0	0	0	0	0	0	0	0	0	0	0	0	0	0	0	0	0	0	0	
19620	Heschl_R	0	236	0	144	0	0	0	0	0	0	0	0	0	0	0	0	0	2380	228	300	0	0	0	0	0	0	0	0	0	752	0	0	0	0	0	0	0	0	0	0	0	0	0	0	0	0	0	0	0	0	0	0	0	0	0	0	0	414	0	0	0	0	0	76	0	0	0	0	80	0	0	0	0	0	0	0	0	0	0	0	0	3946	0	0	0	1092	0	0	0	162	0	0	0	0	0	0	0	0	0	0	0	0	0	0	0	0	0	0	0	0	0	0	0	0	0	0	
157200	Temporal_Sup_L	6354	0	3616	0	0	0	1152	0	0	0	1216	0	136	0	0	0	12614	0	2844	0	0	0	0	0	0	0	0	0	8412	0	114	0	0	0	0	0	1248	0	0	0	0	0	0	0	0	0	0	0	0	0	110	0	116	0	402	0	6018	0	0	0	1838	0	6568	0	1742	0	0	0	0	0	110	0	546	0	108	0	0	0	1888	0	0	0	3366	0	13392	0	0	0	4690	0	0	0	0	0	0	0	0	0	0	0	0	0	0	0	0	0	0	0	0	0	0	0	0	0	0	0	
81920	Temporal_Sup_R	0	1582	0	374	0	0	0	94	0	0	0	96	0	0	0	0	0	3730	214	506	0	0	0	0	0	0	0	0	0	1230	0	0	0	0	0	0	0	102	0	0	0	0	0	0	0	216	0	0	0	1312	0	90	0	0	0	0	0	1886	0	718	0	1346	0	5834	0	3658	0	584	176	114	0	0	0	0	0	0	0	102	0	3946	0	0	0	1668	0	8326	0	78	0	2978	0	0	0	0	0	0	0	0	0	0	0	0	0	0	0	0	0	0	0	0	0	0	0	0	0	0	
71072	Temporal_Pole_Sup_L	306	0	916	0	190	0	186	0	0	0	2216	204	888	0	178	0	976	0	614	0	1368	0	0	0	0	0	102	0	5376	234	220	0	0	0	0	0	1242	0	766	0	1620	0	0	0	0	0	0	0	0	0	0	0	0	0	1230	0	0	0	0	0	0	0	0	0	0	0	0	0	0	0	486	76	774	0	0	0	0	0	0	0	3366	0	0	0	5036	0	2980	0	3986	0	0	0	0	0	0	0	0	0	0	0	0	0	0	0	0	0	0	0	0	0	0	0	0	0	0	0	
37744	Temporal_Pole_Sup_R	0	0	124	794	0	0	0	0	0	0	0	496	0	0	0	0	0	1420	152	206	0	0	0	0	0	0	0	0	0	872	0	0	0	168	0	0	0	914	0	858	0	1962	0	0	0	0	0	0	0	0	0	0	0	0	0	3220	0	0	0	0	0	0	0	0	0	0	0	0	0	0	0	0	0	166	0	0	0	0	0	0	0	1668	0	0	0	1850	0	2278	0	1724	0	0	0	0	0	0	0	0	0	0	0	0	0	0	0	0	0	0	0	0	0	0	0	0	0	0	
236680	Temporal_Mid_L	1268	0	0	0	0	0	0	0	0	0	0	0	0	0	0	0	922	0	0	0	0	0	0	0	0	0	0	0	3766	0	0	0	570	0	0	0	320	0	0	0	0	0	224	0	404	0	0	0	4254	0	13440	0	7022	0	3712	0	2698	0	284	0	6222	0	9048	0	7818	0	1368	0	528	0	0	0	0	0	0	0	0	0	3442	0	13392	0	5036	0	0	0	2636	0	29966	0	0	0	0	0	0	0	0	0	0	0	0	0	0	0	0	0	0	0	0	0	0	0	0	0	0	0	
183940	Temporal_Mid_R	0	2036	0	0	0	0	0	0	0	0	0	0	0	0	0	0	0	80	0	90	0	0	0	0	0	0	0	0	0	438	0	0	0	0	0	0	0	362	0	0	0	0	0	3022	0	2288	0	964	0	8404	0	12504	0	2690	0	2642	0	1380	0	3124	0	6310	0	1294	0	4478	0	5564	0	196	0	0	0	0	0	0	0	0	0	1092	0	8326	0	1850	0	0	0	964	0	21642	0	0	0	0	0	0	0	0	0	68	0	0	0	0	0	0	0	0	0	0	0	162	0	0	0	0	
17392	Temporal_Pole_Mid_L	0	0	0	0	0	0	0	0	0	0	0	0	0	0	0	0	0	0	0	0	0	0	0	0	0	0	0	0	0	0	0	0	0	0	0	0	66	0	440	0	160	0	0	0	0	0	0	0	0	0	0	0	0	0	482	0	0	0	0	0	0	0	0	0	0	0	0	0	0	0	0	0	0	0	0	0	0	0	0	0	0	0	2980	0	2636	0	0	0	1932	0	0	0	0	0	0	0	0	0	0	0	0	0	0	0	0	0	0	0	0	0	0	0	0	0	0	0	
11812	Temporal_Pole_Mid_R	0	0	0	0	0	0	0	0	0	0	0	0	0	0	0	0	0	0	0	0	0	0	0	0	0	0	0	0	0	0	0	0	0	0	0	0	0	100	0	242	0	270	0	0	0	0	0	0	0	0	0	0	0	0	0	1278	0	0	0	0	0	0	0	0	0	0	0	0	0	0	0	0	0	0	0	0	0	0	0	0	0	78	0	2278	0	964	0	0	0	696	0	0	0	0	0	0	0	0	0	0	0	0	0	0	0	0	0	0	0	0	0	0	0	0	0	0	
213484	Temporal_Inf_L	1422	0	394	0	0	0	0	0	0	0	0	0	0	0	0	0	1488	0	358	0	0	0	0	0	0	0	0	0	5572	0	0	0	0	0	0	0	8510	0	172	0	1930	0	808	0	98	0	0	0	890	0	6390	0	5746	0	10092	0	1574	0	106	0	2260	0	3568	0	2342	0	832	0	102	0	0	0	826	0	0	0	0	0	2844	0	4690	0	3986	0	29966	0	1932	0	0	0	3586	0	968	0	0	0	314	0	1294	0	824	0	858	0	0	0	0	0	0	0	0	0	0	0	0	0	
218028	Temporal_Inf_R	0	6000	0	108	0	0	0	278	0	0	0	0	0	0	0	0	0	222	0	768	0	0	0	0	0	0	0	0	0	490	0	0	0	102	0	1560	0	6578	0	2204	0	456	0	3210	0	1148	0	2086	0	3198	0	2028	0	4266	0	15644	0	3532	0	4680	0	7900	0	4448	0	1096	0	4422	0	1106	0	0	0	1004	0	0	0	158	0	162	0	2978	0	1724	0	21642	0	696	0	0	0	1838	0	238	0	0	0	0	0	130	0	138	0	696	0	0	0	0	0	0	0	80	0	0	0	0	
398048	Cerebelum_Crus1_L	0	0	0	0	0	0	0	0	0	0	0	0	0	0	0	0	0	0	0	0	0	0	0	0	0	0	0	0	0	0	0	0	0	0	0	0	0	0	0	0	0	0	0	0	0	0	8854	1828	0	0	114	0	1104	0	23948	456	0	0	0	0	0	0	0	0	0	0	0	0	0	0	0	0	0	0	0	0	0	0	0	0	0	0	0	0	0	0	0	0	3586	0	0	4314	28944	5138	0	0	17886	102	50626	2464	15012	1072	15064	1622	112	0	0	0	0	0	1278	4934	8676	1342	548	0	
376484	Cerebelum_Crus1_R	0	0	0	0	0	0	0	0	0	0	0	0	0	0	0	0	0	0	0	0	0	0	0	0	0	0	0	0	0	0	0	0	0	0	0	0	0	0	0	0	0	0	0	0	0	0	2192	4654	0	0	0	0	132	0	906	14064	0	0	0	0	0	0	0	0	0	0	0	0	0	0	0	0	0	0	0	0	0	0	0	0	0	0	0	0	0	0	0	0	0	1838	4314	0	2600	25862	66	1986	2062	12292	4218	51900	1172	3618	930	19368	312	2110	0	192	0	624	8464	9310	8428	2684	1944	0	
309160	Cerebelum_Crus2_L	0	0	0	0	0	0	0	0	0	0	0	0	0	0	0	0	0	0	0	0	0	0	0	0	0	0	0	0	0	0	0	0	0	0	0	0	0	0	0	0	0	0	0	0	0	0	2272	324	0	0	94	0	688	0	2250	0	0	0	0	0	0	0	0	0	0	0	0	0	0	0	0	0	0	0	0	0	0	0	0	0	0	0	0	0	0	0	0	0	968	0	28944	2600	0	14286	0	0	2640	0	6844	624	35478	5368	27506	3132	314	0	0	0	0	0	188	722	13850	5142	346	0	
291332	Cerebelum_Crus2_R	0	0	0	0	0	0	0	0	0	0	0	0	0	0	0	0	0	0	0	0	0	0	0	0	0	0	0	0	0	0	0	0	0	0	0	0	0	0	0	0	0	0	0	0	0	0	286	324	0	0	0	0	102	0	182	262	0	0	0	0	0	0	0	0	0	0	0	0	0	0	0	0	0	0	0	0	0	0	0	0	0	0	0	0	0	0	0	0	0	238	5138	25862	14286	0	0	90	0	328	906	5242	10848	16282	8332	25296	0	2516	0	0	0	0	170	800	18236	8416	1524	0	
18692	Cerebelum_3_L	0	0	0	0	0	0	0	0	0	0	0	0	0	0	0	0	0	0	0	0	0	0	0	0	0	0	0	0	0	0	0	0	0	0	0	0	0	0	78	0	0	0	0	0	0	0	214	72	0	0	0	0	0	0	0	72	0	0	0	0	0	0	0	0	0	0	0	0	0	0	0	0	0	0	0	0	0	0	0	0	0	0	0	0	0	0	0	0	0	0	0	66	0	0	0	0	3872	76	766	230	0	0	0	0	964	70	0	0	334	874	1124	328	0	76	130	0	
34736	Cerebelum_3_R	0	0	0	0	0	0	0	0	0	0	0	0	0	0	0	0	0	0	0	0	0	0	0	0	0	0	0	0	0	0	0	0	0	0	0	0	0	0	0	0	0	0	0	0	0	0	94	0	0	0	0	0	0	0	0	174	0	0	0	0	0	0	0	0	0	0	0	0	0	0	0	0	0	0	0	0	0	0	0	0	0	0	0	0	0	0	0	0	0	0	0	1986	0	90	0	0	758	3998	550	3374	0	0	0	120	0	874	0	0	264	1746	1240	716	0	636	748	0	
258076	Cerebelum_4_5_L	0	0	0	0	0	0	0	0	0	0	0	0	0	0	0	0	0	0	0	0	0	0	0	0	0	0	0	0	0	0	0	0	0	0	0	0	0	0	182	0	0	0	0	0	0	0	11082	1014	0	0	0	0	0	0	12374	600	0	0	0	0	0	0	0	0	0	0	0	0	0	0	0	0	0	0	0	0	0	0	0	0	0	0	0	0	0	0	0	0	314	0	17886	2062	2640	0	3872	758	0	1584	32920	3878	1916	0	2418	0	6416	1546	988	156	410	2340	12772	4728	0	1664	2216	302	
144540	Cerebelum_4_5_R	0	0	0	0	0	0	0	0	0	0	0	0	0	0	0	0	0	0	0	0	0	0	0	0	0	0	0	0	0	0	0	0	0	0	0	0	0	0	0	150	0	0	0	0	0	0	1048	5542	0	0	0	0	0	0	518	8432	0	0	0	0	0	0	0	0	0	0	0	0	0	0	0	0	0	0	0	0	0	0	0	0	0	0	0	0	0	0	0	0	0	0	102	12292	0	328	76	3998	1584	0	1474	23044	0	0	0	406	208	478	0	0	0	1110	9264	1276	0	422	518	0	
412676	Cerebelum_6_L	0	0	0	0	0	0	0	0	0	0	0	0	0	0	0	0	0	0	0	0	0	0	0	0	0	0	0	0	0	0	0	0	0	0	0	0	0	0	0	0	0	0	0	0	0	0	15536	4324	0	0	108	0	1054	0	30050	1444	0	0	0	0	0	0	0	0	0	0	0	0	0	0	0	0	0	0	0	0	0	0	0	0	0	0	0	0	0	0	0	0	1294	0	50626	4218	6844	906	766	550	32920	1474	0	7140	4240	200	3566	616	2974	1618	208	200	92	828	9092	13804	3316	3240	3090	0	
364024	Cerebelum_6_R	0	0	0	0	0	0	0	0	0	0	0	0	0	0	0	0	0	0	0	0	0	0	0	0	0	0	0	0	0	0	0	0	0	0	0	0	0	0	0	0	0	0	0	238	0	0	3644	9892	0	0	0	0	108	0	2022	21100	0	0	0	0	0	0	0	0	0	0	0	72	0	0	0	0	0	0	0	0	0	0	0	0	0	0	0	0	0	68	0	0	0	130	2464	51900	624	5242	230	3374	3878	23044	7140	0	146	738	128	5726	940	1150	0	326	0	788	13982	14718	3908	2302	1990	0	
288624	Cerebelum_7b_L	0	0	0	0	0	0	0	0	0	0	0	0	0	0	0	0	0	0	0	0	0	0	0	0	0	0	0	0	0	0	0	0	0	0	0	0	0	0	0	0	0	0	0	0	0	0	220	0	0	0	0	0	0	0	992	0	0	0	0	0	0	0	0	0	0	0	0	0	0	0	0	0	0	0	0	0	0	0	0	0	0	0	0	0	0	0	0	0	824	0	15012	1172	35478	10848	0	0	1916	0	4240	146	0	7590	39608	4858	2826	66	288	0	0	0	136	336	9654	7862	240	0	
140240	Cerebelum_7b_R	0	0	0	0	0	0	0	0	0	0	0	0	0	0	0	0	0	0	0	0	0	0	0	0	0	0	0	0	0	0	0	0	0	0	0	0	0	0	0	0	0	0	0	0	0	0	0	0	0	0	0	0	0	0	0	0	0	0	0	0	0	0	0	0	0	0	0	0	0	0	0	0	0	0	0	0	0	0	0	0	0	0	0	0	0	0	0	0	0	138	1072	3618	5368	16282	0	0	0	0	200	738	7590	0	7238	13286	0	944	0	0	0	0	0	0	5630	7670	346	0	
278136	Cerebelum_8_L	0	0	0	0	0	0	0	0	0	0	0	0	0	0	0	0	0	0	0	0	0	0	0	0	0	0	0	0	0	0	0	0	0	0	0	0	0	0	0	0	0	0	0	0	0	0	218	0	0	0	0	0	0	0	984	0	0	0	0	0	0	0	0	0	0	0	0	0	0	0	0	0	0	0	0	0	0	0	0	0	0	0	0	0	0	0	0	0	858	0	15064	930	27506	8332	0	0	2418	0	3566	128	39608	7238	0	5602	8246	200	822	0	0	0	118	314	7574	8748	594	0	
229220	Cerebelum_8_R	0	0	0	0	0	0	0	0	0	0	0	0	0	0	0	0	0	0	0	0	0	0	0	0	0	0	0	0	0	0	0	0	0	0	0	0	0	0	0	0	0	0	0	0	0	0	0	0	0	0	0	0	0	0	0	292	0	0	0	0	0	0	0	0	0	0	0	0	0	0	0	0	0	0	0	0	0	0	0	0	0	0	0	0	0	0	0	0	0	696	1622	19368	3132	25296	0	120	0	406	616	5726	4858	13286	5602	0	66	12640	0	180	0	86	218	594	8364	9394	2048	0	
68208	Cerebelum_9_L	0	0	0	0	0	0	0	0	0	0	0	0	0	0	0	0	0	0	0	0	0	0	0	0	0	0	0	0	0	0	0	0	0	0	0	0	0	0	0	0	0	0	0	0	0	0	790	206	0	0	0	0	0	0	0	206	0	0	0	0	0	0	0	0	0	0	0	0	0	0	0	0	0	0	0	0	0	0	0	0	0	0	0	0	0	0	0	0	0	0	112	312	314	0	964	0	6416	208	2974	940	2826	0	8246	66	0	168	2600	0	0	542	2916	1804	0	664	752	78	
79704	Cerebelum_9_R	0	0	0	0	0	0	0	0	0	0	0	0	0	0	0	0	0	0	0	0	0	0	0	0	0	0	0	0	0	0	0	0	0	0	0	0	0	0	0	0	0	0	0	0	0	0	628	0	0	0	0	0	0	0	0	0	0	0	0	0	0	0	0	0	0	0	0	0	0	0	0	0	0	0	0	0	0	0	0	0	0	0	0	0	0	0	0	0	0	0	0	2110	0	2516	70	874	1546	478	1618	1150	66	944	200	12640	168	0	0	1646	378	1084	2468	2726	280	2324	3172	766	
10180	Cerebelum_10_L	0	0	0	0	0	0	0	0	0	0	0	0	0	0	0	0	0	0	0	0	0	0	0	0	0	0	0	0	0	0	0	0	0	0	0	0	0	0	0	0	0	0	0	0	0	0	70	0	0	0	0	0	0	0	0	0	0	0	0	0	0	0	0	0	0	0	0	0	0	0	0	0	0	0	0	0	0	0	0	0	0	0	0	0	0	0	0	0	0	0	0	0	0	0	0	0	988	0	208	0	288	0	822	0	2600	0	0	0	0	0	114	0	0	0	0	0	
7188	Cerebelum_10_R	0	0	0	0	0	0	0	0	0	0	0	0	0	0	0	0	0	0	0	0	0	0	0	0	0	0	0	0	0	0	0	0	0	0	0	0	0	0	0	0	0	0	0	0	0	0	0	0	0	0	0	0	0	0	0	0	0	0	0	0	0	0	0	0	0	0	0	0	0	0	0	0	0	0	0	0	0	0	0	0	0	0	0	0	0	0	0	0	0	0	0	192	0	0	0	0	156	0	200	326	0	0	0	180	0	1646	0	0	0	0	182	212	0	250	250	0	
11180	Vermis_1_2	0	0	0	0	0	0	0	0	0	0	0	0	0	0	0	0	0	0	0	0	0	0	0	0	0	0	0	0	0	0	0	0	0	0	0	0	0	0	0	0	0	0	0	0	0	0	82	0	0	0	0	0	0	0	0	0	0	0	0	0	0	0	0	0	0	0	0	0	0	0	0	0	0	0	0	0	0	0	0	0	0	0	0	0	0	0	0	0	0	0	0	0	0	0	334	264	410	0	92	0	0	0	0	0	0	378	0	0	0	2958	498	206	0	148	220	0	
36840	Vermis_3	0	0	0	0	0	0	0	0	0	0	0	0	0	0	0	0	0	0	0	0	0	0	0	0	0	0	0	0	0	0	0	0	0	0	0	0	0	0	0	0	0	0	0	0	0	0	198	0	0	0	0	0	0	0	0	0	0	0	0	0	0	0	0	0	0	0	0	0	0	0	0	0	0	0	0	0	0	0	0	0	0	0	0	0	0	0	0	0	0	0	0	624	0	0	874	1746	2340	1110	828	788	0	0	0	86	542	1084	0	0	2958	0	2726	920	0	726	870	0	
206680	Vermis_4_5	0	0	0	0	0	0	0	0	0	0	0	0	0	0	0	0	0	0	0	0	0	0	0	0	0	0	0	0	0	0	0	0	0	0	176	538	0	206	0	166	0	0	0	0	0	0	6162	5222	0	0	0	0	0	0	1998	3704	0	0	0	0	0	0	0	0	0	0	0	830	0	0	0	0	0	0	0	0	0	0	0	0	0	0	0	0	0	0	0	0	0	0	1278	8464	188	170	1124	1240	12772	9264	9092	13982	136	0	118	218	2916	2468	114	182	498	2726	0	10718	0	2118	3380	1172	
216760	Vermis_6	0	98	0	0	0	0	0	0	0	0	0	0	0	0	0	0	0	0	0	0	0	0	0	0	0	0	0	0	0	0	0	0	0	0	0	0	0	0	0	0	0	0	0	266	0	0	6834	7918	0	278	0	78	394	0	3854	4436	0	104	0	0	0	0	0	0	0	0	0	150	0	0	0	0	0	0	0	0	0	0	0	0	0	0	0	0	0	162	0	0	0	80	4934	9310	722	800	328	716	4728	1276	13804	14718	336	0	314	594	1804	2726	0	212	206	920	10718	0	4490	4082	4890	1100	
213256	Vermis_7	0	0	0	0	0	0	0	0	0	0	0	0	0	0	0	0	0	0	0	0	0	0	0	0	0	0	0	0	0	0	0	0	0	0	0	0	0	0	0	0	0	0	0	0	0	0	1222	1124	0	0	0	0	468	0	932	244	0	0	0	0	0	0	0	0	0	0	0	0	0	0	0	0	0	0	0	0	0	0	0	0	0	0	0	0	0	0	0	0	0	0	8676	8428	13850	18236	0	0	0	0	3316	3908	9654	5630	7574	8364	0	280	0	0	0	0	0	4490	0	7564	2668	0	
168832	Vermis_8	0	0	0	0	0	0	0	0	0	0	0	0	0	0	0	0	0	0	0	0	0	0	0	0	0	0	0	0	0	0	0	0	0	0	0	0	0	0	0	0	0	0	0	0	0	0	310	0	0	0	0	0	0	0	108	0	0	0	0	0	0	0	0	0	0	0	0	0	0	0	0	0	0	0	0	0	0	0	0	0	0	0	0	0	0	0	0	0	0	0	1342	2684	5142	8416	76	636	1664	422	3240	2302	7862	7670	8748	9394	664	2324	0	250	148	726	2118	4082	7564	0	6524	0	
80916	Vermis_9	0	0	0	0	0	0	0	0	0	0	0	0	0	0	0	0	0	0	0	0	0	0	0	0	0	0	0	0	0	0	0	0	0	0	0	0	0	0	0	0	0	0	0	0	0	0	930	0	0	0	0	0	0	0	66	0	0	0	0	0	0	0	0	0	0	0	0	0	0	0	0	0	0	0	0	0	0	0	0	0	0	0	0	0	0	0	0	0	0	0	548	1944	346	1524	130	748	2216	518	3090	1990	240	346	594	2048	752	3172	0	250	220	870	3380	4890	2668	6524	0	454	
