data	data	499608	371228	1.00794e+06	827452	383488	183808	458672	337140	123764	45240	247328	219932	301328	161244	250248	176092	303740	119060	525600	648884	183612	164340	397480	387460	42544	100360	105412	121688	669748	425552	339368	426336	119632	438812	163572	239496	301200	332912	159396	261044	71040	80548	214316	244376	186156	211108	283220	325316	193788	211864	486884	175860	143388	74700	418120	415876	304372	136700	90012	37244	279920	61288	118620	114088	215424	85344	224776	274180	143592	118232	373344	419712	431612	356308	45980	36972	144200	139968	117428	40648	288832	151604	79828	87900	394920	234148	20840	39028	238512	178948	468144	448204	229724	265924	61556	95432	380388	249296	423716	433424	255608	161344	309784	324056	138936	156980	23064	5248	34844	99428	251116	151812	216984	141508	104520	55972	
data	data	Precentral_L	Precentral_R	Frontal_Sup_L	Frontal_Sup_R	Frontal_Sup_Orb_L	Frontal_Sup_Orb_R	Frontal_Mid_L	Frontal_Mid_R	Frontal_Mid_Orb_L	Frontal_Mid_Orb_R	Frontal_Inf_Oper_L	Frontal_Inf_Oper_R	Frontal_Inf_Tri_L	Frontal_Inf_Tri_R	Frontal_Inf_Orb_L	Frontal_Inf_Orb_R	Rolandic_Oper_L	Rolandic_Oper_R	Supp_Motor_Area_L	Supp_Motor_Area_R	Olfactory_L	Olfactory_R	Frontal_Sup_Medial_L	Frontal_Sup_Medial_R	Frontal_Med_Orb_L	Frontal_Med_Orb_R	Rectus_L	Rectus_R	Insula_L	Insula_R	Cingulum_Ant_L	Cingulum_Ant_R	Cingulum_Mid_L	Cingulum_Mid_R	Cingulum_Post_L	Cingulum_Post_R	Hippocampus_L	Hippocampus_R	ParaHippocampal_L	ParaHippocampal_R	Amygdala_L	Amygdala_R	Calcarine_L	Calcarine_R	Cuneus_L	Cuneus_R	Lingual_L	Lingual_R	Occipital_Sup_L	Occipital_Sup_R	Occipital_Mid_L	Occipital_Mid_R	Occipital_Inf_L	Occipital_Inf_R	Fusiform_L	Fusiform_R	Postcentral_L	Postcentral_R	Parietal_Sup_L	Parietal_Sup_R	Parietal_Inf_L	Parietal_Inf_R	SupraMarginal_L	SupraMarginal_R	Angular_L	Angular_R	Precuneus_L	Precuneus_R	Paracentral_Lobule_L	Paracentral_Lobule_R	Caudate_L	Caudate_R	Putamen_L	Putamen_R	Pallidum_L	Pallidum_R	Thalamus_L	Thalamus_R	Heschl_L	Heschl_R	Temporal_Sup_L	Temporal_Sup_R	Temporal_Pole_Sup_L	Temporal_Pole_Sup_R	Temporal_Mid_L	Temporal_Mid_R	Temporal_Pole_Mid_L	Temporal_Pole_Mid_R	Temporal_Inf_L	Temporal_Inf_R	Cerebelum_Crus1_L	Cerebelum_Crus1_R	Cerebelum_Crus2_L	Cerebelum_Crus2_R	Cerebelum_3_L	Cerebelum_3_R	Cerebelum_4_5_L	Cerebelum_4_5_R	Cerebelum_6_L	Cerebelum_6_R	Cerebelum_7b_L	Cerebelum_7b_R	Cerebelum_8_L	Cerebelum_8_R	Cerebelum_9_L	Cerebelum_9_R	Cerebelum_10_L	Cerebelum_10_R	Vermis_1_2	Vermis_3	Vermis_4_5	Vermis_6	Vermis_7	Vermis_8	Vermis_9	Vermis_10	
499608	Precentral_L	0	5688	25462	4400	1422	0	17466	380	0	0	12836	0	3694	0	988	174	17722	0	6370	8044	0	0	0	0	0	0	0	0	14764	0	746	92	1556	5202	9724	5374	6310	1458	900	1178	0	0	450	0	362	0	548	1296	446	0	3654	0	510	0	480	484	26282	0	0	0	10046	0	3456	0	3120	0	1910	1366	11606	106	2012	542	5480	0	642	0	11068	264	5280	0	3148	0	370	0	2262	0	0	0	292	0	0	0	0	0	0	0	0	0	0	0	0	0	0	0	0	0	0	0	0	0	372	0	0	0	0	0	
371228	Precentral_R	5688	0	2602	37398	0	0	178	14938	0	0	0	9322	0	1708	0	0	0	4186	6870	19462	0	0	0	0	0	0	0	0	118	2508	142	90	204	7262	990	2982	72	5036	0	2514	0	0	0	1756	0	536	0	1032	0	560	0	968	0	934	0	2270	0	10688	0	0	0	964	0	1998	0	76	0	1914	3056	4436	1708	3858	924	2920	136	370	1460	13936	0	874	0	396	0	0	0	1940	0	0	0	1634	0	0	0	0	0	0	0	0	0	0	0	0	0	0	0	0	0	0	0	0	0	0	0	0	0	0	
1.00794e+06	Frontal_Sup_L	25462	2602	0	16676	28252	406	71276	2946	2126	0	12586	438	24012	188	6920	926	11090	0	67140	21608	0	0	39792	11080	644	438	146	0	37872	488	16076	5940	2914	8982	2628	3558	7214	782	1698	642	0	0	0	0	0	0	264	808	0	0	444	0	0	0	518	254	4722	176	0	0	560	0	122	146	402	0	98	784	788	74	10198	2654	25450	346	5594	0	6940	164	3332	0	1560	0	1136	0	444	0	0	0	156	0	0	0	0	0	0	0	0	0	0	0	0	0	0	0	0	0	0	0	0	0	288	0	0	0	0	0	
827452	Frontal_Sup_R	4400	37398	16676	0	676	3716	3978	42014	0	478	804	8390	1912	6366	74	4696	650	2386	15732	55328	102	304	15666	36288	118	2350	0	214	3612	14822	5558	27014	1486	16932	378	1258	664	4294	156	2214	0	0	0	0	0	0	0	90	0	0	0	0	0	122	0	1562	148	484	0	0	0	0	0	116	0	0	0	0	1370	0	6654	22868	1794	18530	146	2742	1254	14082	1780	176	0	0	0	554	0	0	0	0	0	150	0	0	0	0	0	0	0	0	0	0	0	0	0	0	0	0	0	0	0	0	0	0	0	0	0	0	
383488	Frontal_Sup_Orb_L	1422	0	28252	676	0	1906	8210	1052	17188	152	2566	0	13456	90	20052	698	710	0	4514	370	7102	2376	6048	376	2996	544	11032	1998	25768	224	9468	862	0	0	0	0	522	0	330	0	348	0	0	0	0	0	0	0	0	0	0	0	0	0	128	0	0	0	0	0	0	0	0	0	0	0	0	0	0	0	6866	730	11646	148	0	0	0	0	206	0	0	0	712	0	0	0	0	0	0	0	0	0	0	0	0	0	0	0	0	0	0	0	0	0	0	0	0	0	0	0	0	0	0	0	0	0	
183808	Frontal_Sup_Orb_R	0	0	406	3716	1906	0	86	1530	1480	7726	0	0	84	312	1462	7178	0	0	0	0	3966	7272	1122	5166	938	8910	2184	11772	168	958	1708	5222	0	0	0	0	0	0	0	0	184	74	0	0	0	0	0	0	0	0	0	0	0	0	0	0	0	0	0	0	0	0	0	0	0	0	0	0	0	0	3968	6430	1694	4282	0	0	0	0	0	0	0	0	0	0	0	0	0	0	0	0	0	0	0	0	0	0	0	0	0	0	0	0	0	0	0	0	0	0	0	0	0	0	0	0	0	0	
458672	Frontal_Mid_L	17466	178	71276	3978	8210	86	0	380	1382	0	8472	0	27782	0	6840	228	3030	0	6630	2160	0	0	16486	4296	0	76	0	0	17490	76	4332	1550	720	1976	132	184	2532	0	744	0	0	0	0	0	0	0	0	0	72	0	1720	0	0	0	200	0	1170	0	0	0	2196	0	1774	0	2000	0	98	0	182	0	228	604	4682	0	402	0	564	0	1612	0	1366	0	198	0	1414	0	0	0	162	0	0	0	0	0	0	0	0	0	0	0	0	0	0	0	0	0	0	0	0	0	0	0	0	0	0	0	
337140	Frontal_Mid_R	380	14938	2946	42014	1052	1530	380	0	0	1900	494	14982	274	12650	0	4188	694	3032	2630	5304	0	0	1832	6738	0	0	0	0	2840	11986	1076	3930	0	3050	0	0	356	1504	80	986	0	0	0	0	0	0	0	0	0	0	0	0	0	0	0	338	86	1712	0	0	0	238	0	700	0	0	0	0	0	0	6124	2982	1752	7976	0	346	0	752	704	116	102	186	80	610	0	0	0	0	0	0	0	0	0	0	0	0	0	0	0	0	0	0	0	0	0	0	0	0	0	0	0	0	0	0	0	0	
123764	Frontal_Mid_Orb_L	0	0	2126	0	17188	1480	1382	0	0	136	0	0	1508	0	15692	404	0	0	0	0	2734	1798	102	0	390	312	6312	1626	2044	96	822	390	0	0	0	0	0	0	0	0	110	0	0	0	0	0	0	0	0	0	0	0	0	0	0	0	0	0	0	0	0	0	0	0	0	0	0	0	0	0	2428	172	2526	104	0	0	0	0	0	0	0	0	0	0	0	0	0	0	0	0	0	0	0	0	0	0	0	0	0	0	0	0	0	0	0	0	0	0	0	0	0	0	0	0	0	0	
45240	Frontal_Mid_Orb_R	0	0	0	478	152	7726	0	1900	136	0	0	0	0	590	154	5724	0	0	0	0	348	994	0	0	0	442	166	1926	0	340	144	216	0	0	0	0	0	0	0	0	0	0	0	0	0	0	0	0	0	0	0	0	0	0	0	0	0	0	0	0	0	0	0	0	0	0	0	0	0	0	340	436	160	248	0	0	0	0	0	0	0	0	0	0	0	0	0	0	0	0	0	0	0	0	0	0	0	0	0	0	0	0	0	0	0	0	0	0	0	0	0	0	0	0	0	0	
247328	Frontal_Inf_Oper_L	12836	0	12586	804	2566	0	8472	494	0	0	0	0	13304	0	5038	0	14630	0	4822	286	0	0	1818	0	0	0	0	0	25418	0	2488	0	0	84	0	0	1864	0	426	0	0	0	0	0	0	0	0	0	0	0	0	0	0	0	250	0	4406	0	0	0	748	0	114	0	178	0	0	0	244	0	932	0	3652	0	102	0	0	0	1932	0	1078	0	2092	0	0	0	0	0	0	0	0	0	0	0	0	0	0	0	0	0	0	0	0	0	0	0	0	0	0	0	0	0	0	0	0	0	
219932	Frontal_Inf_Oper_R	0	9322	438	8390	0	0	0	14982	0	0	0	0	0	13824	0	1078	0	6718	1028	4178	0	0	638	782	0	0	0	0	74	25848	658	1866	0	2312	0	0	0	1200	0	852	0	0	0	0	0	0	0	0	0	0	0	0	0	0	0	166	0	1072	0	0	0	164	0	218	0	0	0	0	0	0	748	2012	236	8310	0	416	0	690	0	216	0	322	0	1208	0	0	0	0	0	0	0	0	0	0	0	0	0	0	0	0	0	0	0	0	0	0	0	0	0	0	0	0	0	0	0	0	
301328	Frontal_Inf_Tri_L	3694	0	24012	1912	13456	84	27782	274	1508	0	13304	0	0	0	15954	0	2782	0	1336	1228	0	0	6924	660	0	76	0	0	24112	0	4504	492	256	170	0	0	370	0	88	0	0	0	0	0	0	0	0	0	0	0	0	0	0	0	0	0	494	0	0	0	142	0	0	0	0	0	0	0	0	0	212	0	3430	0	0	0	0	0	414	0	186	0	808	0	0	0	0	0	0	0	0	0	0	0	0	0	0	0	0	0	0	0	0	0	0	0	0	0	0	0	0	0	0	0	0	0	
161244	Frontal_Inf_Tri_R	0	1708	188	6366	90	312	0	12650	0	590	0	13824	0	0	0	7070	0	1280	396	2042	0	0	854	2616	0	0	0	0	0	14364	880	3634	0	1854	0	0	0	346	0	228	0	0	0	0	0	0	0	0	0	0	0	0	0	0	0	0	0	416	0	0	0	0	0	0	0	0	0	0	0	0	752	3082	84	4378	0	84	0	274	0	0	0	0	0	260	0	0	0	0	0	0	0	0	0	0	0	0	0	0	0	0	0	0	0	0	0	0	0	0	0	0	0	0	0	0	0	0	
250248	Frontal_Inf_Orb_L	988	0	6920	74	20052	1462	6840	0	15692	154	5038	0	15954	0	0	344	246	0	888	0	6162	1976	404	0	528	330	4712	1620	18636	78	1768	420	0	0	0	0	1084	0	378	0	682	0	0	0	0	0	0	0	0	0	0	0	0	0	282	0	132	0	0	0	72	0	0	0	0	0	0	0	0	0	3886	204	4760	72	0	0	0	0	270	0	0	0	2016	0	0	0	0	0	0	0	0	0	0	0	0	0	0	0	0	0	0	0	0	0	0	0	0	0	0	0	0	0	0	0	0	0	
176092	Frontal_Inf_Orb_R	174	0	926	4696	698	7178	228	4188	404	5724	0	1078	0	7070	344	0	0	326	336	1762	1310	3398	186	1612	0	188	626	3738	196	13874	968	2428	0	604	0	0	0	754	0	288	0	1024	0	0	0	0	0	0	0	0	0	0	0	0	0	84	0	0	0	0	0	0	0	0	0	0	0	0	0	0	2730	8544	670	5684	0	0	0	0	0	0	0	834	0	3102	0	72	0	0	0	0	0	0	0	0	0	0	0	0	0	0	0	0	0	0	0	0	0	0	0	0	0	0	0	0	0	0	
303740	Rolandic_Oper_L	17722	0	11090	650	710	0	3030	694	0	0	14630	0	2782	0	246	0	0	0	3426	104	0	0	444	0	0	0	0	0	21922	0	686	0	0	0	0	0	1280	0	286	0	0	0	796	0	598	0	314	0	1078	0	4898	0	582	0	450	0	18314	0	0	0	2028	0	2174	0	2820	0	658	0	1672	0	704	0	1772	0	0	0	0	0	6816	0	13002	0	1980	0	9502	0	0	0	2010	0	0	0	0	0	0	0	0	0	0	0	0	0	0	0	0	0	0	0	0	0	0	0	0	0	0	0	
119060	Rolandic_Oper_R	0	4186	0	2386	0	0	0	3032	0	0	0	6718	0	1280	0	326	0	0	78	852	0	0	0	0	0	0	0	0	0	15694	0	1028	0	374	0	238	0	2374	0	510	0	0	0	0	0	0	0	0	0	0	0	0	0	322	0	1208	0	4090	0	0	0	76	0	1652	0	0	0	92	0	0	0	0	0	1722	0	96	0	202	0	4236	0	3456	0	1934	0	494	0	0	0	874	0	0	0	0	0	0	0	0	0	0	0	0	0	0	0	0	0	0	0	0	0	0	0	0	0	0	
525600	Supp_Motor_Area_L	6370	6870	67140	15732	4514	0	6630	2630	0	0	4822	1028	1336	396	888	336	3426	78	0	36542	0	0	6302	3670	0	0	0	0	9246	1222	6466	4414	8048	19312	3912	960	1248	0	420	0	0	0	364	0	262	0	0	0	230	0	318	0	0	0	84	0	3010	0	0	0	128	0	0	0	0	0	728	0	5304	150	7426	1214	13508	576	3884	0	444	116	652	0	242	0	98	0	104	0	0	0	0	0	0	0	0	0	0	0	0	0	0	0	0	0	0	0	0	0	0	0	0	0	0	0	0	0	0	0	
648884	Supp_Motor_Area_R	8044	19462	21608	55328	370	0	2160	5304	0	0	286	4178	1228	2042	0	1762	104	852	36542	0	0	0	8240	13576	0	0	0	0	1432	7046	2964	10796	5880	44344	1272	7314	434	652	162	124	0	0	0	1442	0	490	0	672	0	386	0	768	0	654	0	316	0	856	0	0	0	0	0	138	0	0	0	2484	3992	8670	4838	15188	1698	9228	106	2830	294	2106	904	270	0	0	0	0	0	1476	0	0	0	1130	0	0	0	0	0	0	0	0	0	0	0	0	0	0	0	0	0	0	0	0	0	0	0	0	0	0	
183612	Olfactory_L	0	0	0	102	7102	3966	0	0	2734	348	0	0	0	0	6162	1310	0	0	0	0	0	10182	0	0	914	678	6174	4542	4546	476	3754	1518	0	0	0	0	1410	0	1218	0	2574	172	0	0	0	0	0	0	0	0	0	0	0	0	532	0	0	0	0	0	0	0	0	0	0	0	0	0	0	0	14770	6194	8942	968	0	0	0	0	0	0	0	0	518	0	0	0	0	0	0	0	0	0	0	0	0	0	0	0	0	0	0	0	0	0	0	0	0	0	0	0	0	0	0	0	0	0	
164340	Olfactory_R	0	0	0	304	2376	7272	0	0	1798	994	0	0	0	0	1976	3398	0	0	0	0	10182	0	0	0	154	1604	2698	9078	632	2238	2054	2612	0	0	0	0	130	958	148	420	1100	1726	0	0	0	0	0	0	0	0	0	0	0	0	0	0	0	0	0	0	0	0	0	0	0	0	0	0	0	0	11066	8526	6200	2526	0	0	0	0	0	0	0	0	0	0	0	0	0	0	0	0	0	0	0	0	0	0	0	0	0	0	0	0	0	0	0	0	0	0	0	0	0	0	0	0	0	0	
397480	Frontal_Sup_Medial_L	0	0	39792	15666	6048	1122	16486	1832	102	0	1818	638	6924	854	404	186	444	0	6302	8240	0	0	0	29160	2004	1468	746	0	3530	1540	16598	16456	2196	15328	0	0	0	0	0	0	0	0	0	0	0	0	0	0	0	0	0	0	0	0	0	0	0	0	0	0	0	0	0	0	0	0	0	0	0	0	430	696	670	1060	0	0	0	0	0	0	0	0	0	0	0	0	0	0	0	0	0	0	0	0	0	0	0	0	0	0	0	0	0	0	0	0	0	0	0	0	0	0	0	0	0	0	
387460	Frontal_Sup_Medial_R	0	0	11080	36288	376	5166	4296	6738	0	0	0	782	660	2616	0	1612	0	0	3670	13576	0	0	29160	0	914	6304	0	310	304	3296	6600	27568	256	13378	0	0	0	0	0	0	0	0	0	0	0	0	0	0	0	0	0	0	0	0	0	0	0	0	0	0	0	0	0	0	0	0	0	0	0	0	1564	10448	118	6650	0	0	0	0	0	0	0	0	0	0	0	0	0	0	0	0	0	0	0	0	0	0	0	0	0	0	0	0	0	0	0	0	0	0	0	0	0	0	0	0	0	0	
42544	Frontal_Med_Orb_L	0	0	644	118	2996	938	0	0	390	0	0	0	0	0	528	0	0	0	0	0	914	154	2004	914	0	2476	2562	174	0	0	3812	948	0	0	0	0	0	0	0	0	0	0	0	0	0	0	0	0	0	0	0	0	0	0	0	0	0	0	0	0	0	0	0	0	0	0	0	0	0	0	768	166	656	110	0	0	0	0	0	0	0	0	0	0	0	0	0	0	0	0	0	0	0	0	0	0	0	0	0	0	0	0	0	0	0	0	0	0	0	0	0	0	0	0	0	0	
100360	Frontal_Med_Orb_R	0	0	438	2350	544	8910	76	0	312	442	0	0	76	0	330	188	0	0	0	0	678	1604	1468	6304	2476	0	568	4614	0	0	2334	7242	0	0	0	0	0	0	0	0	0	0	0	0	0	0	0	0	0	0	0	0	0	0	0	0	0	0	0	0	0	0	0	0	0	0	0	0	0	0	578	4636	156	3856	0	0	0	0	0	0	0	0	0	0	0	0	0	0	0	0	0	0	0	0	0	0	0	0	0	0	0	0	0	0	0	0	0	0	0	0	0	0	0	0	0	0	
105412	Rectus_L	0	0	146	0	11032	2184	0	0	6312	166	0	0	0	0	4712	626	0	0	0	0	6174	2698	746	0	2562	568	0	2366	1260	176	3038	600	0	0	0	0	98	0	90	0	164	0	0	0	0	0	0	0	0	0	0	0	0	0	0	0	0	0	0	0	0	0	0	0	0	0	0	0	0	0	4764	422	1580	138	0	0	0	0	0	0	0	0	84	0	0	0	0	0	0	0	0	0	0	0	0	0	0	0	0	0	0	0	0	0	0	0	0	0	0	0	0	0	0	0	0	0	
121688	Rectus_R	0	0	0	214	1998	11772	0	0	1626	1926	0	0	0	0	1620	3738	0	0	0	0	4542	9078	0	310	174	4614	2366	0	190	1384	884	2298	0	0	0	0	0	0	0	0	200	82	0	0	0	0	0	0	0	0	0	0	0	0	0	0	0	0	0	0	0	0	0	0	0	0	0	0	0	0	4542	3570	1908	1808	0	0	0	0	0	0	0	0	0	0	0	0	0	0	0	0	0	0	0	0	0	0	0	0	0	0	0	0	0	0	0	0	0	0	0	0	0	0	0	0	0	0	
669748	Insula_L	14764	118	37872	3612	25768	168	17490	2840	2044	0	25418	74	24112	0	18636	196	21922	0	9246	1432	4546	632	3530	304	0	0	1260	190	0	114	5508	304	0	146	246	278	18386	0	5398	0	4278	0	0	0	0	0	220	0	0	0	0	0	0	0	6272	0	5316	0	0	0	660	0	306	0	246	0	76	0	282	0	5444	896	23336	86	92	0	572	0	13188	0	11846	0	4602	0	3506	0	84	0	7012	0	0	0	0	0	0	0	0	0	0	0	0	0	0	0	0	0	0	0	0	0	0	0	0	0	0	0	
425552	Insula_R	0	2508	488	14822	224	958	76	11986	96	340	0	25848	0	14364	78	13874	0	15694	1222	7046	476	2238	1540	3296	0	0	176	1384	114	0	1176	5434	0	3998	0	258	0	11070	0	5272	0	1658	0	302	0	0	0	320	0	0	0	0	0	280	0	8474	0	622	0	0	0	262	0	346	0	0	0	558	0	0	1576	5316	380	23306	0	252	0	1390	0	3516	0	9816	0	3694	0	1794	0	78	0	2780	0	0	0	0	0	0	0	0	0	0	0	0	0	0	0	0	0	0	0	0	0	0	0	0	0	0	
339368	Cingulum_Ant_L	746	142	16076	5558	9468	1708	4332	1076	822	144	2488	658	4504	880	1768	968	686	0	6466	2964	3754	2054	16598	6600	3812	2334	3038	884	5508	1176	0	18074	6166	9902	374	146	258	0	186	0	210	0	0	0	0	0	0	0	0	0	0	0	0	0	0	0	0	0	0	0	0	0	0	0	0	0	0	0	0	0	8572	5036	10900	2230	0	0	0	0	316	0	0	0	102	0	0	0	0	0	0	0	0	0	0	0	0	0	0	0	0	0	0	0	0	0	0	0	0	0	0	0	0	0	0	0	0	0	
426336	Cingulum_Ant_R	92	90	5940	27014	862	5222	1550	3930	390	216	0	1866	492	3634	420	2428	0	1028	4414	10796	1518	2612	16456	27568	948	7242	600	2298	304	5434	18074	0	1756	20378	0	0	0	0	0	0	86	0	0	0	0	0	0	0	0	0	0	0	0	0	0	0	0	0	0	0	0	0	0	0	0	0	0	0	0	0	4222	18846	1672	12570	0	0	0	0	0	0	0	0	0	200	0	0	0	0	0	0	0	0	0	0	0	0	0	0	0	0	0	0	0	0	0	0	0	0	0	0	0	0	0	0	0	0	
119632	Cingulum_Mid_L	1556	204	2914	1486	0	0	720	0	0	0	0	0	256	0	0	0	0	0	8048	5880	0	0	2196	256	0	0	0	0	0	0	6166	1756	0	11834	4402	2340	0	0	0	0	0	0	188	0	368	288	0	0	840	114	1102	0	0	0	0	0	128	0	226	74	114	0	0	0	0	0	1942	866	2194	1124	0	0	0	0	0	0	0	0	0	0	0	0	0	0	234	0	0	0	0	0	0	0	0	0	0	0	0	0	0	0	0	0	0	0	0	0	0	0	0	0	0	0	0	0	0	0	
438812	Cingulum_Mid_R	5202	7262	8982	16932	0	0	1976	3050	0	0	84	2312	170	1854	0	604	0	374	19312	44344	0	0	15328	13378	0	0	0	0	146	3998	9902	20378	11834	0	1424	9054	0	196	0	0	0	0	0	660	0	560	0	400	0	454	0	526	0	240	0	122	0	496	0	0	0	110	0	140	0	0	188	3834	2716	6844	492	594	190	1372	0	0	0	0	0	0	0	0	0	0	0	886	0	0	0	486	0	0	0	0	0	0	0	0	0	0	0	0	0	0	0	0	0	0	0	0	0	0	0	0	0	0	
163572	Cingulum_Post_L	9724	990	2628	378	0	0	132	0	0	0	0	0	0	0	0	0	0	0	3912	1272	0	0	0	0	0	0	0	0	246	0	374	0	4402	1424	0	12310	5690	1858	1716	1338	0	0	2224	0	1062	0	1808	1416	110	0	392	0	126	0	864	624	448	0	0	0	272	0	0	0	0	0	6122	2914	8270	344	0	0	0	0	0	0	4142	430	504	0	320	0	0	0	106	0	0	0	154	0	0	0	0	0	0	0	0	0	0	0	0	0	0	0	0	0	0	0	0	0	740	0	0	0	0	0	
239496	Cingulum_Post_R	5374	2982	3558	1258	0	0	184	0	0	0	0	0	0	0	0	0	0	238	960	7314	0	0	0	0	0	0	0	0	278	258	146	0	2340	9054	12310	0	4872	5146	1290	2932	0	0	164	836	90	3486	826	3558	0	3214	90	1006	0	702	586	1904	0	2124	0	208	0	686	0	2006	0	260	1204	14962	434	5534	256	0	0	0	0	0	7246	2012	500	236	298	1222	0	0	92	1406	0	0	138	1174	0	0	0	0	0	0	0	0	0	0	0	0	0	0	0	0	0	0	0	0	794	0	0	0	0	0	
301200	Hippocampus_L	6310	72	7214	664	522	0	2532	356	0	0	1864	0	370	0	1084	0	1280	0	1248	434	1410	130	0	0	0	0	98	0	18386	0	258	0	0	0	5690	4872	0	360	21696	326	9320	0	862	0	0	0	4374	454	0	0	222	0	262	0	15022	126	390	0	0	0	0	0	0	0	0	0	3096	614	0	0	926	254	14432	0	758	0	3704	0	6440	0	5260	0	1204	0	484	0	74	0	2684	0	556	0	0	0	0	0	816	0	712	0	0	0	0	0	0	0	0	0	0	0	378	0	0	0	0	0	
332912	Hippocampus_R	1458	5036	782	4294	0	0	0	1504	0	0	0	1200	0	346	0	754	0	2374	0	652	0	958	0	0	0	0	0	0	0	11070	0	0	0	196	1858	5146	360	0	0	38704	0	13354	0	554	0	0	0	3470	0	0	0	0	0	1550	0	29736	0	444	0	0	0	0	0	166	0	0	0	3598	0	0	0	706	0	9120	0	1596	2630	4948	0	1064	0	5684	0	4444	0	816	0	706	0	3750	0	144	0	0	0	0	0	890	0	238	0	0	0	84	0	72	0	0	0	0	0	0	0	0	0	0	
159396	ParaHippocampal_L	900	0	1698	156	330	0	744	80	0	0	426	0	88	0	378	0	286	0	420	162	1218	148	0	0	0	0	90	0	5398	0	186	0	0	0	1716	1290	21696	0	0	0	4036	0	532	0	0	0	4718	0	0	0	134	0	288	0	11938	0	94	0	0	0	0	0	0	0	0	0	2238	0	0	0	688	100	6314	0	96	0	716	0	886	0	1354	0	1386	0	0	0	816	0	1030	0	1130	0	0	0	152	0	1818	0	1724	0	0	0	100	0	0	0	0	0	0	0	0	0	0	0	0	0	
261044	ParaHippocampal_R	1178	2514	642	2214	0	0	0	986	0	0	0	852	0	228	0	288	0	510	0	124	0	420	0	0	0	0	0	0	0	5272	0	0	0	0	1338	2932	326	38704	0	0	0	9210	0	674	0	0	0	4970	0	0	0	0	0	520	0	24456	0	0	0	0	0	0	0	0	0	0	0	3092	0	0	0	550	0	5692	0	1394	1984	3042	0	256	0	2144	0	5000	0	226	0	3216	0	900	0	660	0	132	0	0	0	2556	0	916	0	74	0	214	0	116	0	0	0	0	0	0	0	0	0	0	
71040	Amygdala_L	0	0	0	0	348	184	0	0	110	0	0	0	0	0	682	0	0	0	0	0	2574	1100	0	0	0	0	164	200	4278	0	210	86	0	0	0	0	9320	0	4036	0	0	0	0	0	0	0	0	0	0	0	0	0	0	0	3416	0	0	0	0	0	0	0	0	0	0	0	0	0	0	0	1652	1370	3136	188	0	0	0	0	0	0	90	0	1372	0	0	0	280	0	640	0	0	0	0	0	0	0	84	0	0	0	0	0	0	0	0	0	0	0	0	0	0	0	0	0	0	0	
80548	Amygdala_R	0	0	0	0	0	74	0	0	0	0	0	0	0	0	0	1024	0	0	0	0	172	1726	0	0	0	0	0	82	0	1658	0	0	0	0	0	0	0	13354	0	9210	0	0	0	0	0	0	0	0	0	0	0	0	0	0	0	5244	0	0	0	0	0	0	0	0	0	0	0	0	0	0	252	418	138	1422	0	0	0	0	0	0	0	0	0	3774	0	0	0	1262	0	464	0	0	0	0	0	0	0	0	0	0	0	0	0	0	0	0	0	0	0	0	0	0	0	0	0	0	
214316	Calcarine_L	450	0	0	0	0	0	0	0	0	0	0	0	0	0	0	0	796	0	364	0	0	0	0	0	0	0	0	0	0	0	0	0	188	0	2224	164	862	0	532	0	0	0	0	5814	13322	3600	10764	2442	11244	2386	21908	620	3962	162	1906	282	512	0	0	0	0	0	104	0	78	0	15088	280	630	0	0	0	0	0	0	0	0	0	0	0	670	0	0	0	3562	248	0	0	1232	0	0	0	0	0	0	0	202	0	72	110	0	0	0	0	0	0	0	0	0	0	290	88	0	0	0	0	
244376	Calcarine_R	0	1756	0	0	0	0	0	0	0	0	0	0	0	0	0	0	0	0	0	1442	0	0	0	0	0	0	0	0	0	302	0	0	0	660	0	836	0	554	0	674	0	0	5814	0	4158	18946	1232	19644	0	16892	0	13582	0	4622	0	3156	0	1876	0	178	0	0	0	200	0	180	520	12288	0	2496	0	0	0	0	0	0	0	0	0	906	0	124	0	0	0	5628	0	0	0	3268	0	0	0	0	0	0	0	0	0	110	0	0	0	0	0	0	0	0	0	0	72	72	0	0	0	0	
186156	Cuneus_L	362	0	0	0	0	0	0	0	0	0	0	0	0	0	0	0	598	0	262	0	0	0	0	0	0	0	0	0	0	0	0	0	368	0	1062	90	0	0	0	0	0	0	13322	4158	0	9588	2304	0	18278	5746	12938	1254	842	0	596	0	288	0	1456	544	364	0	0	0	388	0	13252	1004	472	0	0	0	0	0	0	0	0	0	0	0	546	0	0	0	2328	258	0	0	410	0	0	0	0	0	0	0	0	0	0	0	0	0	0	0	0	0	0	0	0	0	0	0	0	0	0	0	
211108	Cuneus_R	0	536	0	0	0	0	0	0	0	0	0	0	0	0	0	0	0	0	0	490	0	0	0	0	0	0	0	0	0	0	0	0	288	560	0	3486	0	0	0	0	0	0	3600	18946	9588	0	214	2454	76	27230	0	8060	0	326	0	186	0	1350	0	1440	0	90	0	226	0	254	3466	13046	0	3608	0	0	0	0	0	0	0	0	0	80	0	96	0	0	0	3766	0	0	0	2092	0	0	0	0	0	0	0	0	0	0	0	0	0	0	0	0	0	0	0	0	0	0	0	0	0	0	
283220	Lingual_L	548	0	264	0	0	0	0	0	0	0	0	0	0	0	0	0	314	0	0	0	0	0	0	0	0	0	0	0	220	0	0	0	0	0	1808	826	4374	0	4718	0	0	0	10764	1232	2304	214	0	4376	1422	444	18682	104	11008	114	15908	812	216	0	0	0	94	0	142	0	0	0	6854	0	144	0	0	0	228	0	0	0	582	0	164	0	242	0	0	0	872	0	0	0	684	0	6616	810	642	0	618	0	13356	1270	14130	2660	0	0	234	0	282	104	0	0	0	140	4352	4334	848	204	174	158	
325316	Lingual_R	1296	1032	808	90	0	0	0	0	0	0	0	0	0	0	0	0	0	0	0	672	0	0	0	0	0	0	0	0	0	320	0	0	0	400	1416	3558	454	3470	0	4970	0	0	2442	19644	0	2454	4376	0	0	2514	110	6740	110	6756	842	18010	0	2246	0	0	0	0	0	0	0	0	0	15694	0	2820	0	0	0	0	0	0	1862	278	84	638	0	72	0	0	0	770	0	0	0	1770	1454	4820	272	0	74	1356	3774	8894	4358	10962	0	0	0	0	0	92	0	0	0	594	8636	6366	1406	388	300	194	
193788	Occipital_Sup_L	446	0	0	0	0	0	72	0	0	0	0	0	0	0	0	0	1078	0	230	0	0	0	0	0	0	0	0	0	0	0	0	0	840	0	110	0	0	0	0	0	0	0	11244	0	18278	76	1422	0	0	0	31292	0	708	0	198	0	690	0	5748	0	2526	0	240	0	2356	0	10954	0	444	0	0	0	0	0	0	0	0	0	0	0	1566	0	0	0	6220	0	0	0	156	0	0	0	0	0	0	0	0	0	0	0	0	0	0	0	0	0	0	0	0	0	0	0	0	0	0	0	
211864	Occipital_Sup_R	0	560	0	0	0	0	0	0	0	0	0	0	0	0	0	0	0	0	0	386	0	0	0	0	0	0	0	0	0	0	0	0	114	454	0	3214	0	0	0	0	0	0	2386	16892	5746	27230	444	2514	0	0	0	12332	0	302	0	388	0	1592	0	3278	0	1380	0	1634	0	3854	1656	7140	0	1852	0	0	0	0	0	0	0	0	0	0	0	858	0	0	0	6698	0	0	0	3028	0	0	0	0	0	0	0	0	0	0	0	0	0	0	0	0	0	0	0	0	0	0	0	0	0	0	
486884	Occipital_Mid_L	3654	0	444	0	0	0	1720	0	0	0	0	0	0	0	0	0	4898	0	318	0	0	0	0	0	0	0	0	0	0	0	0	0	1102	0	392	90	222	0	134	0	0	0	21908	0	12938	0	18682	110	31292	0	0	0	18800	0	6340	0	7492	0	7984	0	16920	0	2926	0	18552	0	12804	0	3880	0	0	0	0	0	0	0	0	0	126	0	6602	0	0	0	35842	0	0	0	6002	0	0	0	0	0	0	0	486	90	278	0	0	0	0	0	0	0	0	0	0	0	278	136	0	0	0	0	
175860	Occipital_Mid_R	0	968	0	0	0	0	0	0	0	0	0	0	0	0	0	0	0	0	0	768	0	0	0	0	0	0	0	0	0	0	0	0	0	526	0	1006	0	0	0	0	0	0	620	13582	1254	8060	104	6740	0	12332	0	0	0	2740	0	1808	0	224	0	232	0	1182	0	2242	0	8670	104	3728	0	694	0	0	0	0	0	0	0	0	0	138	0	884	0	0	0	16944	0	0	0	2380	0	0	0	0	0	0	0	0	0	0	0	0	0	0	0	0	0	0	0	0	0	0	0	0	0	0	
143388	Occipital_Inf_L	510	0	0	0	0	0	0	0	0	0	0	0	0	0	0	0	582	0	0	0	0	0	0	0	0	0	0	0	0	0	0	0	0	0	126	0	262	0	288	0	0	0	3962	0	842	0	11008	110	708	0	18800	0	0	0	14400	0	792	0	0	0	310	0	630	0	222	0	2386	0	166	0	0	0	0	0	0	0	0	0	848	0	1554	0	0	0	3606	0	0	0	6792	0	228	0	0	0	0	0	918	76	892	88	0	0	0	0	124	0	0	0	0	0	270	194	0	0	0	0	
74700	Occipital_Inf_R	0	934	0	122	0	0	0	0	0	0	0	0	0	0	0	0	0	322	0	654	0	0	0	0	0	0	0	0	0	280	0	0	0	240	0	702	0	1550	0	520	0	0	162	4622	0	326	114	6756	0	302	0	2740	0	0	0	7542	0	102	0	0	0	0	0	0	0	0	0	1494	0	230	0	0	0	0	0	0	0	0	0	100	0	0	0	0	0	808	0	0	0	5956	0	0	0	0	0	0	0	116	0	294	0	0	0	0	0	0	0	0	0	0	160	202	0	0	0	0	
418120	Fusiform_L	480	0	518	0	128	0	200	0	0	0	250	0	0	0	282	0	450	0	84	0	532	0	0	0	0	0	0	0	6272	0	0	0	0	0	864	586	15022	0	11938	0	3416	0	1906	0	596	0	15908	842	198	0	6340	0	14400	0	0	282	422	0	0	0	84	0	176	0	82	0	2028	0	92	0	136	0	3784	0	0	0	200	0	1096	0	6736	0	3094	0	2336	0	1140	0	13650	0	25578	492	666	0	674	0	21094	532	30924	1078	2366	0	3162	78	634	0	0	0	0	332	2208	1582	600	222	134	154	
415876	Fusiform_R	484	2270	254	1562	0	0	0	338	0	0	0	166	0	0	0	84	0	1208	0	316	0	0	0	0	0	0	0	0	0	8474	0	0	0	122	624	1904	126	29736	0	24456	0	5244	282	3156	0	186	812	18010	0	388	0	1808	0	7542	282	0	0	218	0	0	0	0	0	0	0	0	0	2638	0	86	0	214	0	1556	0	908	876	2362	0	670	0	8908	0	5868	0	3202	0	2768	0	11826	508	12338	80	1466	0	206	1218	9454	1462	17620	0	794	0	2072	0	188	0	0	0	366	4272	2762	594	244	206	154	
304372	Postcentral_L	26282	0	4722	148	0	0	1170	86	0	0	4406	0	494	0	132	0	18314	0	3010	0	0	0	0	0	0	0	0	0	5316	0	0	0	128	0	448	0	390	0	94	0	0	0	512	0	288	0	216	0	690	0	7492	0	792	0	422	0	0	0	6846	0	27776	0	6840	0	6044	0	1586	0	7690	0	136	82	256	0	0	0	76	0	2880	0	5850	0	0	0	7626	0	0	0	2946	0	0	0	0	0	0	0	0	0	0	0	0	0	0	0	0	0	0	0	0	0	0	0	0	0	0	0	
136700	Postcentral_R	0	10688	176	484	0	0	0	1712	0	0	0	1072	0	416	0	0	0	4090	0	856	0	0	0	0	0	0	0	0	0	622	0	0	0	496	0	2124	0	444	0	0	0	0	0	1876	0	1350	0	2246	0	1592	0	224	0	102	0	218	0	0	0	4230	0	6966	0	12258	0	508	0	6204	0	4908	0	0	0	312	0	0	256	0	0	388	0	346	0	0	0	872	0	0	0	314	0	0	0	0	0	0	0	0	0	0	0	0	0	0	0	0	0	0	0	0	0	0	0	0	0	0	
90012	Parietal_Sup_L	0	0	0	0	0	0	0	0	0	0	0	0	0	0	0	0	0	0	0	0	0	0	0	0	0	0	0	0	0	0	0	0	226	0	0	0	0	0	0	0	0	0	0	0	1456	0	0	0	5748	0	7984	0	0	0	0	0	6846	0	0	0	9504	0	0	0	1574	0	10254	0	1162	0	0	0	0	0	0	0	0	0	0	0	0	0	0	0	252	0	0	0	0	0	0	0	0	0	0	0	0	0	0	0	0	0	0	0	0	0	0	0	0	0	0	0	0	0	0	0	
37244	Parietal_Sup_R	0	0	0	0	0	0	0	0	0	0	0	0	0	0	0	0	0	0	0	0	0	0	0	0	0	0	0	0	0	0	0	0	74	0	0	208	0	0	0	0	0	0	0	178	544	1440	0	0	0	3278	0	232	0	0	0	0	0	4230	0	0	0	616	0	148	0	764	590	4758	0	1470	0	0	0	0	0	0	0	0	0	0	0	0	0	0	0	92	0	0	0	0	0	0	0	0	0	0	0	0	0	0	0	0	0	0	0	0	0	0	0	0	0	0	0	0	0	0	
279920	Parietal_Inf_L	10046	0	560	0	0	0	2196	0	0	0	748	0	142	0	72	0	2028	0	128	0	0	0	0	0	0	0	0	0	660	0	0	0	114	0	272	0	0	0	0	0	0	0	0	0	364	0	94	0	2526	0	16920	0	310	0	84	0	27776	0	9504	0	0	0	13582	0	32140	0	996	0	3822	0	0	0	0	0	0	0	0	0	0	0	3904	0	0	0	10640	0	0	0	332	0	0	0	0	0	0	0	0	0	0	0	0	0	0	0	0	0	0	0	0	0	0	0	0	0	0	0	
61288	Parietal_Inf_R	0	964	0	0	0	0	0	238	0	0	0	164	0	0	0	0	0	76	0	0	0	0	0	0	0	0	0	0	0	262	0	0	0	110	0	686	0	0	0	0	0	0	0	0	0	90	0	0	0	1380	0	1182	0	0	0	0	0	6966	0	616	0	0	0	9008	0	6042	0	588	0	0	0	0	0	204	0	0	0	0	0	0	0	230	0	0	0	1604	0	0	0	234	0	0	0	0	0	0	0	0	0	0	0	0	0	0	0	0	0	0	0	0	0	0	0	0	0	0	
118620	SupraMarginal_L	3456	0	122	0	0	0	1774	0	0	0	114	0	0	0	0	0	2174	0	0	0	0	0	0	0	0	0	0	0	306	0	0	0	0	0	0	0	0	0	0	0	0	0	104	0	0	0	142	0	240	0	2926	0	630	0	176	0	6840	0	0	0	13582	0	0	0	10412	0	130	0	1168	0	0	0	0	0	0	0	0	0	0	0	8210	0	0	0	6480	0	0	0	324	0	0	0	0	0	0	0	0	0	0	0	0	0	0	0	0	0	0	0	0	0	0	0	0	0	0	0	
114088	SupraMarginal_R	0	1998	146	116	0	0	0	700	0	0	0	218	0	0	0	0	0	1652	0	138	0	0	0	0	0	0	0	0	0	346	0	0	0	140	0	2006	0	166	0	0	0	0	0	200	0	226	0	0	0	1634	0	2242	0	0	0	0	0	12258	0	148	0	9008	0	0	0	10394	0	684	0	88	0	0	0	246	0	0	0	0	0	0	0	6430	0	0	0	5332	0	0	0	528	0	0	0	0	0	0	0	0	0	0	0	0	0	0	0	0	0	0	0	0	0	0	0	0	0	0	
215424	Angular_L	3120	0	402	0	0	0	2000	0	0	0	178	0	0	0	0	0	2820	0	0	0	0	0	0	0	0	0	0	0	246	0	0	0	0	0	0	0	0	0	0	0	0	0	78	0	388	0	0	0	2356	0	18552	0	222	0	82	0	6044	0	1574	0	32140	0	10412	0	0	0	164	0	3350	0	0	0	0	0	0	0	0	0	0	0	6338	0	0	0	16484	0	0	0	762	0	0	0	0	0	0	0	0	0	0	0	0	0	0	0	0	0	0	0	0	0	0	0	0	0	0	0	
85344	Angular_R	0	76	0	0	0	0	0	0	0	0	0	0	0	0	0	0	0	0	0	0	0	0	0	0	0	0	0	0	0	0	0	0	0	0	0	260	0	0	0	0	0	0	0	180	0	254	0	0	0	3854	0	8670	0	0	0	0	0	508	0	764	0	6042	0	10394	0	0	0	364	0	0	0	0	0	0	0	0	0	0	0	0	0	3132	0	0	0	7668	0	0	0	506	0	0	0	0	0	0	0	0	0	0	0	0	0	0	0	0	0	0	0	0	0	0	0	0	0	0	
224776	Precuneus_L	1910	0	98	0	0	0	98	0	0	0	0	0	0	0	0	0	658	0	728	0	0	0	0	0	0	0	0	0	76	0	0	0	1942	188	6122	1204	3096	0	2238	0	0	0	15088	520	13252	3466	6854	0	10954	1656	12804	104	2386	0	2028	0	1586	0	10254	590	996	0	130	0	164	0	0	3218	2542	0	0	0	0	0	0	0	188	0	152	0	612	0	0	0	3102	0	0	0	1006	0	134	0	0	0	0	0	92	0	152	0	0	0	0	0	0	0	0	0	0	0	0	0	0	0	0	0	
274180	Precuneus_R	1366	1914	784	0	0	0	0	0	0	0	0	0	0	0	0	0	0	92	0	2484	0	0	0	0	0	0	0	0	0	558	0	0	866	3834	2914	14962	614	3598	0	3092	0	0	280	12288	1004	13046	0	15694	0	7140	0	3728	0	1494	0	2638	0	6204	0	4758	0	588	0	684	0	364	3218	0	170	11444	0	0	0	0	0	0	1840	72	0	1142	0	306	0	0	0	6198	0	0	0	4700	0	0	0	0	0	0	0	134	0	76	0	0	0	0	0	0	0	0	0	0	802	0	0	0	0	0	
143592	Paracentral_Lobule_L	11606	3056	788	1370	0	0	182	0	0	0	244	0	0	0	0	0	1672	0	5304	3992	0	0	0	0	0	0	0	0	282	0	0	0	2194	2716	8270	434	0	0	0	0	0	0	630	0	472	0	144	0	444	0	3880	0	166	0	92	0	7690	0	1162	0	3822	0	1168	0	3350	0	2542	170	0	426	0	0	0	0	0	0	0	0	158	0	1362	0	0	0	1650	0	0	0	358	0	0	0	0	0	0	0	0	0	0	0	0	0	0	0	0	0	0	0	0	0	0	0	0	0	0	0	
118232	Paracentral_Lobule_R	106	4436	74	0	0	0	0	0	0	0	0	0	0	0	0	0	0	0	150	8670	0	0	0	0	0	0	0	0	0	0	0	0	1124	6844	344	5534	0	0	0	0	0	0	0	2496	0	3608	0	2820	0	1852	0	694	0	230	0	86	0	4908	0	1470	0	0	0	88	0	0	0	11444	426	0	0	0	0	0	0	0	0	0	0	106	0	0	0	0	0	970	0	0	0	636	0	0	0	0	0	0	0	0	0	0	0	0	0	0	0	0	0	0	0	0	0	0	0	0	0	0	
373344	Caudate_L	2012	1708	10198	6654	6866	3968	228	6124	2428	340	932	748	212	752	3886	2730	704	0	7426	4838	14770	11066	430	1564	768	578	4764	4542	5444	1576	8572	4222	0	492	0	256	926	0	688	0	1652	252	0	0	0	0	0	0	0	0	0	0	0	0	136	0	136	0	0	0	0	0	0	0	0	0	0	0	0	0	0	16904	23444	3906	2694	390	12198	210	1064	0	84	0	190	0	0	0	0	0	0	0	0	0	0	0	0	0	0	0	0	0	0	0	0	0	0	0	0	0	0	0	0	0	0	0	0	0	
419712	Caudate_R	542	3858	2654	22868	730	6430	604	2982	172	436	0	2012	0	3082	204	8544	0	0	1214	15188	6194	8526	696	10448	166	4636	422	3570	896	5316	5036	18846	0	594	0	0	254	706	100	550	1370	418	0	0	0	0	0	0	0	0	0	0	0	0	0	214	82	0	0	0	0	0	0	0	0	0	0	0	0	0	16904	0	7696	25946	218	2802	202	15394	134	0	0	0	0	0	0	0	0	0	0	0	0	0	0	0	0	0	0	0	0	0	0	0	0	0	0	0	0	0	0	0	0	0	0	0	0	0	
431612	Putamen_L	5480	924	25450	1794	11646	1694	4682	1752	2526	160	3652	236	3430	84	4760	670	1772	0	13508	1698	8942	6200	670	118	656	156	1580	1908	23336	380	10900	1672	0	190	0	0	14432	0	6314	0	3136	138	0	0	0	0	228	0	0	0	0	0	0	0	3784	0	256	0	0	0	0	0	0	0	0	0	0	0	0	0	23444	7696	0	1762	5922	0	3330	134	574	0	1164	0	538	0	0	0	0	0	328	0	0	0	0	0	0	0	0	0	0	0	0	0	0	0	0	0	0	0	0	0	0	0	0	0	0	0	
356308	Putamen_R	0	2920	346	18530	148	4282	0	7976	104	248	0	8310	0	4378	72	5684	0	1722	576	9228	968	2526	1060	6650	110	3856	138	1808	86	23306	2230	12570	0	1372	0	0	0	9120	0	5692	188	1422	0	0	0	0	0	0	0	0	0	0	0	0	0	1556	0	312	0	0	0	204	0	246	0	0	0	0	0	0	3906	25946	1762	0	0	4028	0	2078	0	0	0	180	0	310	0	0	0	0	0	0	0	0	0	0	0	0	0	0	0	0	0	0	0	0	0	0	0	0	0	0	0	0	0	0	0	0	
45980	Pallidum_L	642	136	5594	146	0	0	402	0	0	0	102	0	0	0	0	0	0	0	3884	106	0	0	0	0	0	0	0	0	92	0	0	0	0	0	0	0	758	0	96	0	0	0	0	0	0	0	0	0	0	0	0	0	0	0	0	0	0	0	0	0	0	0	0	0	0	0	0	0	0	0	2694	218	5922	0	0	0	2198	0	0	0	0	0	0	0	0	0	0	0	0	0	0	0	0	0	0	0	0	0	0	0	0	0	0	0	0	0	0	0	0	0	0	0	0	0	0	0	
36972	Pallidum_R	0	370	0	2742	0	0	0	346	0	0	0	416	0	84	0	0	0	96	0	2830	0	0	0	0	0	0	0	0	0	252	0	0	0	0	0	0	0	1596	0	1394	0	0	0	0	0	0	0	0	0	0	0	0	0	0	0	908	0	0	0	0	0	0	0	0	0	0	0	0	0	0	390	2802	0	4028	0	0	0	232	0	0	0	0	0	0	0	0	0	0	0	0	0	0	0	0	0	0	0	0	0	0	0	0	0	0	0	0	0	0	0	0	0	0	0	0	0	0	
144200	Thalamus_L	11068	1460	6940	1254	0	0	564	0	0	0	0	0	0	0	0	0	0	0	444	294	0	0	0	0	0	0	0	0	572	0	0	0	0	0	4142	7246	3704	2630	716	1984	0	0	0	0	0	0	582	1862	0	0	0	0	0	0	200	876	76	256	0	0	0	0	0	0	0	0	188	1840	0	0	12198	202	3330	0	2198	0	0	4110	600	0	102	0	0	0	0	0	0	0	0	0	0	0	0	0	0	0	0	0	0	0	0	0	0	0	0	0	0	0	0	72	390	0	0	0	0	0	
139968	Thalamus_R	264	13936	164	14082	0	0	0	752	0	0	0	690	0	274	0	0	0	202	116	2106	0	0	0	0	0	0	0	0	0	1390	0	0	0	0	430	2012	0	4948	0	3042	0	0	0	0	0	0	0	278	0	0	0	0	0	0	0	2362	0	0	0	0	0	0	0	0	0	0	0	72	0	0	210	15394	134	2078	0	232	4110	0	0	248	0	336	0	0	0	0	0	0	0	122	0	0	0	0	0	0	0	0	0	0	0	0	0	0	0	0	0	0	0	0	0	0	0	0	0	0	
117428	Heschl_L	5280	0	3332	1780	206	0	1612	704	0	0	1932	0	414	0	270	0	6816	0	652	904	0	0	0	0	0	0	0	0	13188	0	316	0	0	0	504	500	6440	0	886	0	0	0	0	0	0	0	164	84	0	0	126	0	848	0	1096	0	2880	0	0	0	0	0	0	0	0	0	152	0	158	0	1064	134	574	0	0	0	600	0	0	0	3476	0	0	0	1016	0	0	0	606	0	0	0	0	0	0	0	0	0	0	0	0	0	0	0	0	0	0	0	0	0	0	0	0	0	0	0	
40648	Heschl_R	0	874	0	176	0	0	0	116	0	0	0	216	0	0	0	0	0	4236	0	270	0	0	0	0	0	0	0	0	0	3516	0	0	0	0	0	236	0	1064	0	256	0	0	0	906	0	80	0	638	0	0	0	138	0	100	0	670	0	388	0	0	0	0	0	0	0	0	0	1142	0	106	0	0	0	0	0	0	0	248	0	0	0	2332	0	0	0	612	0	0	0	2004	0	0	0	0	0	0	0	0	0	0	0	0	0	0	0	0	0	0	0	0	0	0	0	0	0	0	
288832	Temporal_Sup_L	3148	0	1560	0	0	0	1366	102	0	0	1078	0	186	0	0	0	13002	0	242	0	0	0	0	0	0	0	0	0	11846	0	0	0	0	0	320	298	5260	0	1354	0	90	0	670	0	546	0	242	0	1566	0	6602	0	1554	0	6736	0	5850	0	0	0	3904	0	8210	0	6338	0	612	0	1362	0	84	0	1164	0	0	0	102	0	3476	0	0	0	4242	0	32692	0	0	0	18082	0	314	0	0	0	0	0	0	0	216	0	0	0	0	0	0	0	0	0	0	0	0	0	0	0	0	0	
151604	Temporal_Sup_R	0	396	0	0	0	0	0	186	0	0	0	322	0	0	0	834	0	3456	0	0	0	0	0	0	0	0	0	0	0	9816	0	0	0	0	0	1222	0	5684	0	2144	0	0	0	124	0	96	0	72	0	858	0	884	0	0	0	8908	0	346	0	0	0	230	0	6430	0	3132	0	306	0	0	0	0	0	180	0	0	0	336	0	2332	0	0	0	3004	0	17794	0	816	0	5894	0	0	0	0	0	0	0	0	0	0	0	0	0	0	0	0	0	0	0	0	0	0	0	0	0	0	
79828	Temporal_Pole_Sup_L	370	0	1136	0	712	0	198	80	0	0	2092	0	808	0	2016	0	1980	0	98	0	518	0	0	0	0	0	84	0	4602	0	102	0	0	0	0	0	1204	0	1386	0	1372	0	0	0	0	0	0	0	0	0	0	0	0	0	3094	0	0	0	0	0	0	0	0	0	0	0	0	0	0	0	190	0	538	0	0	0	0	0	0	0	4242	0	0	0	4022	0	3430	0	5640	0	0	0	0	0	0	0	0	0	0	0	0	0	0	0	0	0	0	0	0	0	0	0	0	0	0	0	
87900	Temporal_Pole_Sup_R	0	0	0	554	0	0	0	610	0	0	0	1208	0	260	0	3102	0	1934	0	0	0	0	0	0	0	0	0	0	0	3694	0	200	0	0	0	0	0	4444	0	5000	0	3774	0	0	0	0	0	0	0	0	0	0	0	0	0	5868	0	0	0	0	0	0	0	0	0	0	0	0	0	0	0	0	0	310	0	0	0	0	0	0	0	3004	0	0	0	1466	0	5712	0	2810	0	0	0	0	0	0	0	0	0	0	0	0	0	0	0	0	0	0	0	0	0	0	0	0	0	0	
394920	Temporal_Mid_L	2262	0	444	0	0	0	1414	0	0	0	0	0	0	0	0	0	9502	0	104	0	0	0	0	0	0	0	0	0	3506	0	0	0	234	0	106	92	484	0	0	0	0	0	3562	0	2328	0	872	0	6220	0	35842	0	3606	0	2336	0	7626	0	252	0	10640	0	6480	0	16484	0	3102	0	1650	0	0	0	0	0	0	0	0	0	1016	0	32692	0	4022	0	0	0	2158	0	37902	0	324	0	0	0	0	0	0	0	198	0	0	0	0	0	0	0	0	0	0	0	0	0	0	0	0	0	
234148	Temporal_Mid_R	0	1940	0	0	0	0	0	0	0	0	0	0	0	0	0	72	0	494	0	1476	0	0	0	0	0	0	0	0	0	1794	0	0	0	886	0	1406	0	816	0	226	0	0	248	5628	258	3766	0	770	0	6698	0	16944	0	808	0	3202	0	872	0	92	0	1604	0	5332	0	7668	0	6198	0	970	0	0	0	0	0	0	0	0	0	612	0	17794	0	1466	0	0	0	2398	0	24636	0	0	0	0	0	0	0	0	0	0	0	0	0	0	0	0	0	0	0	0	0	0	0	0	0	0	
20840	Temporal_Pole_Mid_L	0	0	0	0	0	0	0	0	0	0	0	0	0	0	0	0	0	0	0	0	0	0	0	0	0	0	0	0	84	0	0	0	0	0	0	0	74	0	816	0	280	0	0	0	0	0	0	0	0	0	0	0	0	0	1140	0	0	0	0	0	0	0	0	0	0	0	0	0	0	0	0	0	0	0	0	0	0	0	0	0	0	0	3430	0	2158	0	0	0	2438	0	0	0	0	0	0	0	0	0	0	0	0	0	0	0	0	0	0	0	0	0	0	0	0	0	0	0	
39028	Temporal_Pole_Mid_R	0	0	0	0	0	0	0	0	0	0	0	0	0	0	0	0	0	0	0	0	0	0	0	0	0	0	0	0	0	78	0	0	0	0	0	0	0	706	0	3216	0	1262	0	0	0	0	0	0	0	0	0	0	0	0	0	2768	0	0	0	0	0	0	0	0	0	0	0	0	0	0	0	0	0	0	0	0	0	0	0	0	0	816	0	5712	0	2398	0	0	0	2558	0	0	0	0	0	0	0	0	0	0	0	0	0	0	0	0	0	0	0	0	0	0	0	0	0	0	
238512	Temporal_Inf_L	292	0	156	0	0	0	162	0	0	0	0	0	0	0	0	0	2010	0	0	0	0	0	0	0	0	0	0	0	7012	0	0	0	0	0	154	138	2684	0	1030	0	640	0	1232	0	410	0	684	0	156	0	6002	0	6792	0	13650	0	2946	0	0	0	332	0	324	0	762	0	1006	0	358	0	0	0	328	0	0	0	0	0	606	0	18082	0	5640	0	37902	0	2438	0	0	0	3530	0	0	0	0	0	0	0	1384	0	194	0	220	0	0	0	0	0	0	0	0	0	0	0	0	0	
178948	Temporal_Inf_R	0	1634	0	150	0	0	0	0	0	0	0	0	0	0	0	0	0	874	0	1130	0	0	0	0	0	0	0	0	0	2780	0	0	0	486	0	1174	0	3750	0	900	0	464	0	3268	0	2092	0	1770	0	3028	0	2380	0	5956	0	11826	0	314	0	0	0	234	0	528	0	506	0	4700	0	636	0	0	0	0	0	0	0	122	0	2004	0	5894	0	2810	0	24636	0	2558	0	0	0	620	0	0	0	0	0	0	0	162	0	0	0	88	0	0	0	0	0	0	0	0	0	0	0	0	
468144	Cerebelum_Crus1_L	0	0	0	0	0	0	0	0	0	0	0	0	0	0	0	0	0	0	0	0	0	0	0	0	0	0	0	0	0	0	0	0	0	0	0	0	556	0	1130	0	0	0	0	0	0	0	6616	1454	0	0	0	0	228	0	25578	508	0	0	0	0	0	0	0	0	0	0	134	0	0	0	0	0	0	0	0	0	0	0	0	0	314	0	0	0	324	0	0	0	3530	0	0	4236	26378	1964	2894	102	31412	322	51938	4218	19516	810	22034	1886	3392	630	146	0	132	906	5174	4962	8680	1064	474	430	
448204	Cerebelum_Crus1_R	0	0	0	0	0	0	0	0	0	0	0	0	0	0	0	0	0	0	0	0	0	0	0	0	0	0	0	0	0	0	0	0	0	0	0	0	0	144	0	660	0	0	0	0	0	0	810	4820	0	0	0	0	0	0	492	12338	0	0	0	0	0	0	0	0	0	0	0	0	0	0	0	0	0	0	0	0	0	0	0	0	0	0	0	0	0	0	0	0	0	620	4236	0	1788	26784	172	6242	3576	24286	4444	52274	1126	8212	926	24650	128	5398	0	132	490	3892	13208	6376	9972	3036	2128	742	
229724	Cerebelum_Crus2_L	0	0	0	0	0	0	0	0	0	0	0	0	0	0	0	0	0	0	0	0	0	0	0	0	0	0	0	0	0	0	0	0	0	0	0	0	0	0	0	0	0	0	0	0	0	0	642	272	0	0	0	0	0	0	666	80	0	0	0	0	0	0	0	0	0	0	0	0	0	0	0	0	0	0	0	0	0	0	0	0	0	0	0	0	0	0	0	0	0	0	26378	1788	0	5800	214	0	1060	0	2740	1024	31414	3304	23572	2212	3552	432	358	0	0	132	254	660	6950	942	254	162	
265924	Cerebelum_Crus2_R	0	0	0	0	0	0	0	0	0	0	0	0	0	0	0	0	0	0	0	0	0	0	0	0	0	0	0	0	0	0	0	0	0	0	0	0	0	0	0	132	0	0	0	0	0	0	0	0	0	0	0	0	0	0	0	1466	0	0	0	0	0	0	0	0	0	0	0	0	0	0	0	0	0	0	0	0	0	0	0	0	0	0	0	0	0	0	0	0	0	0	1964	26784	5800	0	128	944	304	2070	116	7422	3836	25188	2912	35646	254	6760	0	186	184	626	474	0	7304	1870	424	168	
61556	Cerebelum_3_L	0	0	0	0	0	0	0	0	0	0	0	0	0	0	0	0	0	0	0	0	0	0	0	0	0	0	0	0	0	0	0	0	0	0	0	0	0	0	152	0	0	0	0	0	0	0	618	74	0	0	0	0	0	0	674	0	0	0	0	0	0	0	0	0	0	0	0	0	0	0	0	0	0	0	0	0	0	0	0	0	0	0	0	0	0	0	0	0	0	0	2894	172	214	128	0	186	9868	0	3234	240	394	0	1418	558	2718	470	0	0	716	2498	818	280	870	736	566	282	
95432	Cerebelum_3_R	0	0	0	0	0	0	0	0	0	0	0	0	0	0	0	0	0	0	0	0	0	0	0	0	0	0	0	0	0	0	0	0	0	0	0	0	0	0	0	0	0	0	0	0	0	0	0	1356	0	0	0	0	0	0	0	206	0	0	0	0	0	0	0	0	0	0	0	0	0	0	0	0	0	0	0	0	0	0	0	0	0	0	0	0	0	0	0	0	0	0	102	6242	0	944	186	0	464	7312	0	8492	90	296	580	2822	332	3548	0	0	1918	5268	1194	610	1788	1992	1974	0	
380388	Cerebelum_4_5_L	0	0	0	0	0	0	0	0	0	0	0	0	0	0	0	0	0	0	0	0	0	0	0	0	0	0	0	0	0	0	0	0	0	0	0	0	816	0	1818	0	84	0	202	0	0	0	13356	3774	0	0	486	0	918	0	21094	1218	0	0	0	0	0	0	0	0	0	0	92	0	0	0	0	0	0	0	0	0	0	0	0	0	0	0	0	0	0	0	0	0	0	0	31412	3576	1060	304	9868	464	0	2824	44462	5518	2052	0	5410	1306	4710	1134	0	0	742	3168	15394	5546	3198	1818	1398	972	
249296	Cerebelum_4_5_R	0	0	0	0	0	0	0	0	0	0	0	0	0	0	0	0	0	0	0	0	0	0	0	0	0	0	0	0	0	0	0	0	0	0	0	0	0	890	0	2556	0	0	0	0	0	0	1270	8894	0	0	90	0	76	116	532	9454	0	0	0	0	0	0	0	0	0	0	0	134	0	0	0	0	0	0	0	0	0	0	0	0	0	0	0	0	0	0	0	0	0	0	322	24286	0	2070	0	7312	2824	0	1312	34458	0	1160	0	4206	0	1180	0	0	0	3224	14286	1292	1150	776	636	142	
423716	Cerebelum_6_L	0	0	0	0	0	0	0	0	0	0	0	0	0	0	0	0	0	0	0	0	0	0	0	0	0	0	0	0	0	0	0	0	0	0	0	0	712	0	1724	0	0	0	72	0	0	0	14130	4358	0	0	278	0	892	0	30924	1462	0	0	0	0	0	0	0	0	0	0	152	0	0	0	0	0	0	0	0	0	0	0	0	0	216	0	0	0	198	0	0	0	1384	0	51938	4444	2740	116	3234	0	44462	1312	0	7118	5078	0	5778	378	1906	282	318	0	0	780	9470	9816	4346	724	534	582	
433424	Cerebelum_6_R	0	0	0	0	0	0	0	0	0	0	0	0	0	0	0	0	0	0	0	0	0	0	0	0	0	0	0	0	0	0	0	0	0	0	0	0	0	238	0	916	0	0	110	110	0	0	2660	10962	0	0	0	0	88	294	1078	17620	0	0	0	0	0	0	0	0	0	0	0	76	0	0	0	0	0	0	0	0	0	0	0	0	0	0	0	0	0	0	0	0	0	162	4218	52274	1024	7422	240	8492	5518	34458	7118	0	392	3098	486	9336	102	2936	0	0	436	4876	18408	10730	5976	2290	1920	648	
255608	Cerebelum_7b_L	0	0	0	0	0	0	0	0	0	0	0	0	0	0	0	0	0	0	0	0	0	0	0	0	0	0	0	0	0	0	0	0	0	0	0	0	0	0	0	0	0	0	0	0	0	0	0	0	0	0	0	0	0	0	2366	0	0	0	0	0	0	0	0	0	0	0	0	0	0	0	0	0	0	0	0	0	0	0	0	0	0	0	0	0	0	0	0	0	194	0	19516	1126	31414	3836	394	90	2052	0	5078	392	0	2070	34558	2340	10194	644	2360	0	0	152	124	164	5572	2204	642	322	
161344	Cerebelum_7b_R	0	0	0	0	0	0	0	0	0	0	0	0	0	0	0	0	0	0	0	0	0	0	0	0	0	0	0	0	0	0	0	0	0	0	0	0	0	0	0	74	0	0	0	0	0	0	0	0	0	0	0	0	0	0	0	794	0	0	0	0	0	0	0	0	0	0	0	0	0	0	0	0	0	0	0	0	0	0	0	0	0	0	0	0	0	0	0	0	0	0	810	8212	3304	25188	0	296	0	1160	0	3098	2070	0	1664	25278	86	4098	0	0	0	82	80	0	2850	1390	138	0	
309784	Cerebelum_8_L	0	0	0	0	0	0	0	0	0	0	0	0	0	0	0	0	0	0	0	0	0	0	0	0	0	0	0	0	0	0	0	0	0	0	0	0	0	0	100	0	0	0	0	0	0	0	234	0	0	0	0	0	0	0	3162	0	0	0	0	0	0	0	0	0	0	0	0	0	0	0	0	0	0	0	0	0	0	0	0	0	0	0	0	0	0	0	0	0	220	0	22034	926	23572	2912	1418	580	5410	0	5778	486	34558	1664	0	5020	20592	2318	3530	0	456	974	902	172	6224	6908	3526	1216	
324056	Cerebelum_8_R	0	0	0	0	0	0	0	0	0	0	0	0	0	0	0	0	0	0	0	0	0	0	0	0	0	0	0	0	0	0	0	0	0	0	0	0	0	84	0	214	0	0	0	0	0	0	0	0	0	0	0	0	0	0	78	2072	0	0	0	0	0	0	0	0	0	0	0	0	0	0	0	0	0	0	0	0	0	0	0	0	0	0	0	0	0	0	0	0	0	88	1886	24650	2212	35646	558	2822	1306	4206	378	9336	2340	25278	5020	0	1284	19048	0	808	828	2082	1210	132	8430	6572	2768	692	
138936	Cerebelum_9_L	0	0	0	0	0	0	0	0	0	0	0	0	0	0	0	0	0	0	0	0	0	0	0	0	0	0	0	0	0	0	0	0	0	0	0	0	0	0	0	0	0	0	0	0	0	0	282	0	0	0	0	0	124	0	634	0	0	0	0	0	0	0	0	0	0	0	0	0	0	0	0	0	0	0	0	0	0	0	0	0	0	0	0	0	0	0	0	0	0	0	3392	128	3552	254	2718	332	4710	0	1906	102	10194	86	20592	1284	0	1480	4722	0	210	512	448	254	2026	3736	3928	1862	
156980	Cerebelum_9_R	0	0	0	0	0	0	0	0	0	0	0	0	0	0	0	0	0	0	0	0	0	0	0	0	0	0	0	0	0	0	0	0	0	0	0	0	0	72	0	116	0	0	0	0	0	0	104	92	0	0	0	0	0	0	0	188	0	0	0	0	0	0	0	0	0	0	0	0	0	0	0	0	0	0	0	0	0	0	0	0	0	0	0	0	0	0	0	0	0	0	630	5398	432	6760	470	3548	1134	1180	282	2936	644	4098	2318	19048	1480	0	0	1322	1718	2082	792	970	4686	6316	6672	3002	
23064	Cerebelum_10_L	0	0	0	0	0	0	0	0	0	0	0	0	0	0	0	0	0	0	0	0	0	0	0	0	0	0	0	0	0	0	0	0	0	0	0	0	0	0	0	0	0	0	0	0	0	0	0	0	0	0	0	0	0	0	0	0	0	0	0	0	0	0	0	0	0	0	0	0	0	0	0	0	0	0	0	0	0	0	0	0	0	0	0	0	0	0	0	0	0	0	146	0	358	0	0	0	0	0	318	0	2360	0	3530	0	4722	0	0	0	0	0	0	0	0	0	98	0	
5248	Cerebelum_10_R	0	0	0	0	0	0	0	0	0	0	0	0	0	0	0	0	0	0	0	0	0	0	0	0	0	0	0	0	0	0	0	0	0	0	0	0	0	0	0	0	0	0	0	0	0	0	0	0	0	0	0	0	0	0	0	0	0	0	0	0	0	0	0	0	0	0	0	0	0	0	0	0	0	0	0	0	0	0	0	0	0	0	0	0	0	0	0	0	0	0	0	132	0	186	0	0	0	0	0	0	0	0	0	808	0	1322	0	0	0	0	0	0	90	0	86	0	
34844	Vermis_1_2	0	0	0	0	0	0	0	0	0	0	0	0	0	0	0	0	0	0	0	0	0	0	0	0	0	0	0	0	0	0	0	0	0	0	0	0	0	0	0	0	0	0	0	0	0	0	0	0	0	0	0	0	0	0	0	0	0	0	0	0	0	0	0	0	0	0	0	0	0	0	0	0	0	0	0	0	0	0	0	0	0	0	0	0	0	0	0	0	0	0	132	490	0	184	716	1918	742	0	0	436	0	0	456	828	210	1718	0	0	0	5820	850	160	854	958	870	80	
99428	Vermis_3	0	0	0	0	0	0	0	0	0	0	0	0	0	0	0	0	0	0	0	0	0	0	0	0	0	0	0	0	0	0	0	0	0	0	0	0	0	0	0	0	0	0	0	0	0	0	140	594	0	0	0	0	0	0	332	366	0	0	0	0	0	0	0	0	0	0	0	0	0	0	0	0	0	0	0	0	72	0	0	0	0	0	0	0	0	0	0	0	0	0	906	3892	132	626	2498	5268	3168	3224	780	4876	152	82	974	2082	512	2082	0	0	5820	0	4708	984	2226	1984	1148	86	
251116	Vermis_4_5	372	0	288	0	0	0	0	0	0	0	0	0	0	0	0	0	0	0	0	0	0	0	0	0	0	0	0	0	0	0	0	0	0	0	740	794	378	0	0	0	0	0	290	72	0	0	4352	8636	0	0	278	0	270	160	2208	4272	0	0	0	0	0	0	0	0	0	0	0	802	0	0	0	0	0	0	0	0	390	0	0	0	0	0	0	0	0	0	0	0	0	0	5174	13208	254	474	818	1194	15394	14286	9470	18408	124	80	902	1210	448	792	0	0	850	4708	0	7466	2112	1406	940	1538	
