data	data	458004	281772	856920	884208	258524	168512	549448	406544	129364	44472	410912	281584	372280	279328	233332	144996	270696	125484	606328	537740	140020	159964	485660	471476	59328	95100	94776	134560	658216	529096	388764	580668	180928	485320	116264	145028	293456	349324	115188	255552	73916	88424	195440	327492	149600	291796	253340	282784	190056	297604	417048	202536	165152	76480	461208	451060	357892	316324	172220	102648	218780	100776	138952	158024	198480	91996	233680	345444	165752	198532	403660	336216	391756	392936	53936	24660	169544	147732	96008	54396	264556	168368	162848	89824	342928	204188	41360	39568	348696	201052	487868	524840	438260	362440	19648	71256	265084	243664	493688	443192	326332	111056	344104	311444	173740	193020	42564	10628	29096	78200	219964	216036	232244	180560	124708	53336	
data	data	Precentral_L	Precentral_R	Frontal_Sup_L	Frontal_Sup_R	Frontal_Sup_Orb_L	Frontal_Sup_Orb_R	Frontal_Mid_L	Frontal_Mid_R	Frontal_Mid_Orb_L	Frontal_Mid_Orb_R	Frontal_Inf_Oper_L	Frontal_Inf_Oper_R	Frontal_Inf_Tri_L	Frontal_Inf_Tri_R	Frontal_Inf_Orb_L	Frontal_Inf_Orb_R	Rolandic_Oper_L	Rolandic_Oper_R	Supp_Motor_Area_L	Supp_Motor_Area_R	Olfactory_L	Olfactory_R	Frontal_Sup_Medial_L	Frontal_Sup_Medial_R	Frontal_Med_Orb_L	Frontal_Med_Orb_R	Rectus_L	Rectus_R	Insula_L	Insula_R	Cingulum_Ant_L	Cingulum_Ant_R	Cingulum_Mid_L	Cingulum_Mid_R	Cingulum_Post_L	Cingulum_Post_R	Hippocampus_L	Hippocampus_R	ParaHippocampal_L	ParaHippocampal_R	Amygdala_L	Amygdala_R	Calcarine_L	Calcarine_R	Cuneus_L	Cuneus_R	Lingual_L	Lingual_R	Occipital_Sup_L	Occipital_Sup_R	Occipital_Mid_L	Occipital_Mid_R	Occipital_Inf_L	Occipital_Inf_R	Fusiform_L	Fusiform_R	Postcentral_L	Postcentral_R	Parietal_Sup_L	Parietal_Sup_R	Parietal_Inf_L	Parietal_Inf_R	SupraMarginal_L	SupraMarginal_R	Angular_L	Angular_R	Precuneus_L	Precuneus_R	Paracentral_Lobule_L	Paracentral_Lobule_R	Caudate_L	Caudate_R	Putamen_L	Putamen_R	Pallidum_L	Pallidum_R	Thalamus_L	Thalamus_R	Heschl_L	Heschl_R	Temporal_Sup_L	Temporal_Sup_R	Temporal_Pole_Sup_L	Temporal_Pole_Sup_R	Temporal_Mid_L	Temporal_Mid_R	Temporal_Pole_Mid_L	Temporal_Pole_Mid_R	Temporal_Inf_L	Temporal_Inf_R	Cerebelum_Crus1_L	Cerebelum_Crus1_R	Cerebelum_Crus2_L	Cerebelum_Crus2_R	Cerebelum_3_L	Cerebelum_3_R	Cerebelum_4_5_L	Cerebelum_4_5_R	Cerebelum_6_L	Cerebelum_6_R	Cerebelum_7b_L	Cerebelum_7b_R	Cerebelum_8_L	Cerebelum_8_R	Cerebelum_9_L	Cerebelum_9_R	Cerebelum_10_L	Cerebelum_10_R	Vermis_1_2	Vermis_3	Vermis_4_5	Vermis_6	Vermis_7	Vermis_8	Vermis_9	Vermis_10	
458004	Precentral_L	0	11912	5944	4898	0	0	25460	3480	0	0	12680	166	2586	120	0	0	10300	0	4894	11202	0	0	0	0	0	0	0	0	13320	290	166	0	272	2264	4084	2650	5846	1282	608	560	0	0	80	0	130	0	108	190	122	0	918	0	656	0	696	80	27672	580	1072	160	4214	374	1054	388	1292	0	444	0	17126	7576	5644	650	5030	76	988	100	14348	1678	5120	0	2164	0	300	0	1748	0	0	0	1240	0	0	0	0	0	0	0	0	0	0	0	0	0	0	0	0	0	0	0	0	0	0	0	0	0	0	0	
281772	Precentral_R	11912	0	3382	6300	0	0	2024	13186	0	0	214	5718	0	768	0	0	188	2074	5928	6680	0	0	0	0	0	0	0	0	274	2292	0	156	288	520	426	1758	198	3088	0	892	0	0	0	782	0	228	0	324	0	210	0	136	0	308	0	776	806	14744	0	494	96	2064	0	2288	0	204	0	1038	5460	5268	986	12404	238	706	0	90	2434	17256	0	430	0	586	0	0	0	1488	0	0	0	776	0	0	0	0	0	0	0	0	0	0	0	0	0	0	0	0	0	0	0	0	0	0	0	0	0	0	
856920	Frontal_Sup_L	5944	3382	0	12742	11322	0	70118	2228	3366	0	20238	964	27488	718	6852	0	6206	0	63798	14460	164	0	49996	13558	2046	186	160	0	22646	712	14448	9350	4986	10336	0	0	3706	412	750	78	0	0	0	0	0	0	0	0	0	0	0	0	0	0	1578	0	1410	308	0	154	86	210	216	192	0	0	0	0	688	0	9464	1440	16230	522	3946	468	3858	520	574	0	1646	0	786	0	158	0	0	0	570	0	76	0	0	0	0	0	0	0	0	0	0	0	0	0	0	0	0	0	0	0	0	0	0	0	0	0	
884208	Frontal_Sup_R	4898	6300	12742	0	108	10048	6758	49692	0	1160	2436	21356	696	24796	0	6896	1266	6090	12482	37902	268	910	15690	49896	184	3142	126	682	2330	32814	4754	40158	2286	25048	182	296	134	4006	0	1720	0	266	0	0	0	0	0	0	0	0	0	0	0	90	0	1174	512	1544	0	208	88	790	0	634	0	0	0	0	558	0	5484	11490	1836	18222	0	1304	750	4264	0	282	558	484	622	188	0	112	0	0	0	192	0	0	0	0	0	0	0	200	0	0	0	0	0	0	0	0	0	0	0	0	0	0	0	0	0	0	
258524	Frontal_Sup_Orb_L	0	0	11322	108	0	864	1950	0	19534	266	1200	0	4462	0	23500	324	220	0	292	0	4058	1994	5730	228	8026	234	9202	1454	16286	0	4726	640	0	0	0	0	72	0	312	0	506	0	0	0	0	0	0	0	0	0	0	0	0	0	0	0	0	0	0	0	0	0	0	0	0	0	0	0	0	0	2516	346	5744	164	0	0	0	0	0	0	118	0	2686	0	0	0	178	0	0	0	0	0	0	0	0	0	0	0	0	0	0	0	0	0	0	0	0	0	0	0	0	0	0	0	0	0	
168512	Frontal_Sup_Orb_R	0	0	0	10048	864	0	0	4070	138	4854	0	0	0	796	608	9826	0	0	0	0	2774	5438	356	4860	366	7576	1648	12378	0	3850	360	858	0	214	0	0	0	0	154	128	210	334	0	0	0	0	0	0	0	0	0	0	0	0	0	0	0	0	0	0	0	0	0	0	0	0	0	0	0	0	3030	2504	1236	4638	0	0	0	0	0	0	0	0	0	140	0	0	0	0	0	0	0	0	0	0	0	0	0	0	0	0	0	0	0	0	0	0	0	0	0	0	0	0	0	0	0	0	
549448	Frontal_Mid_L	25460	2024	70118	6758	1950	0	0	3792	2328	0	19094	480	41390	118	3516	0	7106	0	7750	3996	0	0	20530	7158	0	0	0	0	11846	136	6164	3362	3754	5216	142	0	1444	0	276	0	0	0	0	0	0	0	0	0	0	0	0	0	0	0	96	0	2810	118	206	0	1302	108	152	98	268	0	0	0	0	0	2104	226	3986	0	1078	76	3022	156	1230	0	1216	0	410	0	0	0	0	0	154	0	0	0	0	0	0	0	0	0	0	0	0	0	0	0	0	0	0	0	0	0	0	0	0	0	0	0	
406544	Frontal_Mid_R	3480	13186	2228	49692	0	4070	3792	0	0	3414	2104	15050	206	22226	0	6744	1790	2786	2828	2944	156	188	2412	7256	0	0	94	248	2056	17458	912	4558	396	3516	236	242	96	1342	0	176	0	0	0	0	0	84	0	0	0	86	0	0	0	158	0	328	768	3632	0	820	146	2578	0	2366	0	72	0	92	214	0	4536	1898	948	1992	98	76	1460	852	0	468	216	588	198	200	0	156	0	0	0	360	0	0	0	0	0	0	0	0	0	0	0	0	0	0	0	0	0	0	0	0	0	0	0	0	0	0	
129364	Frontal_Mid_Orb_L	0	0	3366	0	19534	138	2328	0	0	0	284	0	2702	0	19652	0	0	0	0	0	538	292	0	0	1426	0	2640	216	7354	0	376	166	0	0	0	0	0	0	0	0	160	0	0	0	0	0	0	0	0	0	0	0	0	0	0	0	0	0	0	0	0	0	0	0	0	0	0	0	0	0	326	82	1774	0	0	0	0	0	0	0	0	0	1328	0	0	0	0	0	0	0	0	0	0	0	0	0	0	0	0	0	0	0	0	0	0	0	0	0	0	0	0	0	0	0	0	0	
44472	Frontal_Mid_Orb_R	0	0	0	1160	266	4854	0	3414	0	0	0	0	0	598	130	6602	0	0	0	0	756	844	0	0	72	0	466	1324	0	164	204	188	0	0	0	0	0	0	0	0	0	0	0	0	0	0	0	0	0	0	0	0	0	0	0	0	0	0	0	0	0	0	0	0	0	0	0	0	0	0	614	152	240	188	0	0	0	0	0	0	0	0	0	0	0	0	0	0	0	0	0	0	0	0	0	0	0	0	0	0	0	0	0	0	0	0	0	0	0	0	0	0	0	0	0	0	
410912	Frontal_Inf_Oper_L	12680	214	20238	2436	1200	0	19094	2104	284	0	0	3550	27964	890	1032	0	20420	0	12914	1952	0	0	3308	338	0	0	0	0	25844	350	9490	1916	272	532	0	0	1430	132	232	0	0	0	0	0	0	0	0	0	0	0	0	0	0	0	1302	0	3408	110	558	0	780	112	264	106	472	0	0	0	0	0	6234	846	2386	144	112	0	754	216	874	0	7758	0	6400	0	664	0	0	0	1140	0	0	0	0	0	0	0	0	0	0	0	0	0	0	0	0	0	0	0	0	0	0	0	0	0	0	0	
281584	Frontal_Inf_Oper_R	166	5718	964	21356	0	0	480	15050	0	0	3550	0	262	19610	0	782	1674	6180	1080	3110	0	0	610	1780	0	0	0	0	2582	26944	1500	5758	196	1328	74	78	0	638	0	170	0	0	0	0	0	0	0	0	0	0	0	0	0	0	0	218	0	3454	0	406	0	1310	0	1086	0	0	0	0	94	0	1792	846	408	5620	0	98	310	1080	0	170	594	636	310	580	0	0	0	0	0	140	0	0	0	0	0	0	0	0	0	0	0	0	0	0	0	0	0	0	0	0	0	0	0	0	0	0	
372280	Frontal_Inf_Tri_L	2586	0	27488	696	4462	0	41390	206	2702	0	27964	262	0	0	10858	0	1492	0	7874	1172	0	0	8802	774	0	0	0	0	22016	0	15962	1488	1284	420	0	0	248	0	0	0	0	0	0	0	0	0	0	0	0	0	0	0	0	0	92	0	462	0	0	0	0	0	0	0	0	0	0	0	0	0	806	0	2216	0	0	0	0	0	0	0	764	0	1564	0	90	0	0	0	0	0	0	0	0	0	0	0	0	0	0	0	0	0	0	0	0	0	0	0	0	0	0	0	0	0	0	0	
279328	Frontal_Inf_Tri_R	120	768	718	24796	0	796	118	22226	0	598	890	19610	0	0	0	5580	382	746	1382	1830	0	0	1054	4426	0	0	0	0	658	28842	1052	5768	192	3360	74	78	0	656	0	200	0	0	0	0	0	0	0	0	0	0	0	0	0	0	0	228	0	672	0	112	0	464	0	350	0	0	0	0	94	0	788	1158	338	6146	0	150	176	1236	0	162	150	192	82	92	0	0	0	0	0	154	0	0	0	0	0	0	0	0	0	0	0	0	0	0	0	0	0	0	0	0	0	0	0	0	0	0	
233332	Frontal_Inf_Orb_L	0	0	6852	0	23500	608	3516	0	19652	130	1032	0	10858	0	0	184	150	0	212	0	4128	1510	614	0	936	0	3896	1006	21236	0	1554	418	0	0	0	0	160	0	284	0	660	0	0	0	0	0	0	0	0	0	0	0	0	0	134	0	0	0	0	0	0	0	0	0	0	0	0	0	0	0	2002	332	4970	154	0	0	0	0	0	0	128	0	5370	0	0	0	384	0	96	0	0	0	0	0	0	0	0	0	0	0	0	0	0	0	0	0	0	0	0	0	0	0	0	0	0	0	
144996	Frontal_Inf_Orb_R	0	0	0	6896	324	9826	0	6744	0	6602	0	782	0	5580	184	0	0	0	0	78	1258	4214	266	1594	78	0	540	4376	0	11686	224	1790	0	340	0	0	0	0	0	406	96	410	0	0	0	0	0	0	0	0	0	0	0	0	0	0	0	0	0	0	0	0	0	0	0	0	0	0	0	0	1292	1478	704	2948	0	0	0	0	0	0	0	500	0	1282	0	0	0	0	0	0	0	0	0	0	0	0	0	0	0	0	0	0	0	0	0	0	0	0	0	0	0	0	0	0	0	0	
270696	Rolandic_Oper_L	10300	188	6206	1266	220	0	7106	1790	0	0	20420	1674	1492	382	150	0	0	0	6772	382	0	0	346	112	0	0	0	0	23052	230	1290	576	0	0	0	0	540	0	126	0	0	0	0	0	0	0	0	0	0	0	944	0	546	0	330	0	8362	118	182	0	232	124	2812	118	296	0	0	0	0	0	4706	626	1984	0	862	0	1490	212	5598	0	11486	0	4988	0	3132	0	0	0	1580	0	0	0	0	0	0	0	0	0	0	0	0	0	0	0	0	0	0	0	0	0	0	0	0	0	0	0	
125484	Rolandic_Oper_R	0	2074	0	6090	0	0	0	2786	0	0	0	6180	0	746	0	0	0	0	0	1976	0	0	0	292	0	0	0	0	0	15456	0	518	0	0	0	0	0	2766	0	896	0	0	0	0	0	114	0	0	0	116	0	0	0	138	0	878	0	4066	0	0	0	0	0	2474	0	0	0	176	0	0	0	986	0	4450	0	102	0	428	0	2404	0	4934	0	316	0	730	0	0	0	560	0	0	0	0	0	0	0	90	0	0	0	0	0	0	0	0	0	0	0	0	0	0	0	0	0	0	
606328	Supp_Motor_Area_L	4894	5928	63798	12482	292	0	7750	2828	0	0	12914	1080	7874	1382	212	0	6772	0	0	42936	118	0	6906	3766	0	0	0	0	10578	1672	4936	10102	12494	25146	540	924	3244	808	560	254	0	0	0	0	0	0	0	0	0	0	0	0	0	0	1534	142	2254	394	0	154	72	204	496	190	0	0	0	0	4642	1818	11916	2092	12794	1064	4368	538	1812	466	578	0	1502	0	396	0	114	0	0	0	434	0	0	0	0	0	0	0	0	0	0	0	0	0	0	0	0	0	0	0	0	0	0	0	0	0	0	0	
537740	Supp_Motor_Area_R	11202	6680	14460	37902	0	0	3996	2944	0	0	1952	3110	1172	1830	0	78	382	1976	42936	0	0	0	3332	5792	0	0	0	0	724	4610	2562	16868	9362	38612	1476	3520	0	2204	0	1112	0	0	0	0	0	0	0	0	0	0	0	0	0	0	0	620	170	806	0	0	0	0	0	0	0	0	0	174	10582	17382	2194	8152	498	4684	0	1156	164	948	0	74	144	104	114	0	0	0	0	0	0	0	0	0	0	0	0	0	0	110	0	0	0	0	0	0	0	0	0	0	0	0	0	0	0	0	0	0	
140020	Olfactory_L	0	0	164	268	4058	2774	0	156	538	756	0	0	0	0	4128	1258	0	0	118	0	0	8644	102	202	718	490	5710	4872	3624	338	2882	2212	0	178	0	0	414	0	1520	0	2264	0	0	0	0	0	0	0	0	0	0	0	0	0	262	0	0	0	0	0	0	0	0	0	0	0	0	0	0	0	9768	3996	4548	1506	0	0	0	0	0	0	0	0	1384	0	0	0	158	0	0	0	0	0	0	0	0	0	0	0	0	0	0	0	0	0	0	0	0	0	0	0	0	0	0	0	0	0	
159964	Olfactory_R	0	0	0	910	1994	5438	0	188	292	844	0	0	0	0	1510	4214	0	0	0	0	8644	0	102	378	256	808	3766	8226	268	3580	1780	1852	0	194	0	0	92	162	348	774	1046	1648	0	0	0	0	0	0	0	0	0	0	0	0	0	164	0	0	0	0	0	0	0	0	0	0	0	0	0	0	11012	7950	6480	4266	254	0	0	0	0	0	0	0	0	542	0	0	0	0	0	0	0	0	0	0	0	0	0	0	0	0	0	0	0	0	0	0	0	0	0	0	0	0	0	0	0	0	
485660	Frontal_Sup_Medial_L	0	0	49996	15690	5730	356	20530	2412	0	0	3308	610	8802	1054	614	266	346	0	6906	3332	102	102	0	31648	4724	1490	446	244	6520	504	29220	21276	4514	15692	0	0	0	0	0	0	0	0	0	0	0	0	0	0	0	0	0	0	0	0	0	0	0	0	0	0	0	0	0	0	0	0	0	0	0	0	1054	394	4048	220	0	0	0	0	0	0	258	0	422	0	0	0	0	0	0	0	0	0	0	0	0	0	0	0	0	0	0	0	0	0	0	0	0	0	0	0	0	0	0	0	0	0	
471476	Frontal_Sup_Medial_R	0	0	13558	49896	228	4860	7158	7256	0	0	338	1780	774	4426	0	1594	112	292	3766	5792	202	378	31648	0	696	5944	142	546	984	5890	8608	38714	1180	25188	0	0	0	150	0	104	0	162	0	0	0	0	0	0	0	0	0	0	0	0	0	84	0	0	0	0	0	0	0	0	0	0	0	0	0	0	1770	3728	1200	6412	0	0	0	0	0	0	76	0	102	0	0	0	0	0	0	0	0	0	0	0	0	0	0	0	0	0	0	0	0	0	0	0	0	0	0	0	0	0	0	0	0	0	
59328	Frontal_Med_Orb_L	0	0	2046	184	8026	366	0	0	1426	72	0	0	0	0	936	78	0	0	0	0	718	256	4724	696	0	1330	2460	486	332	0	3914	540	0	0	0	0	0	0	0	0	0	0	0	0	0	0	0	0	0	0	0	0	0	0	0	0	0	0	0	0	0	0	0	0	0	0	0	0	0	0	524	0	550	0	0	0	0	0	0	0	0	0	0	0	0	0	0	0	0	0	0	0	0	0	0	0	0	0	0	0	0	0	0	0	0	0	0	0	0	0	0	0	0	0	0	0	
95100	Frontal_Med_Orb_R	0	0	186	3142	234	7576	0	0	0	0	0	0	0	0	0	0	0	0	0	0	490	808	1490	5944	1330	0	584	8588	0	204	2086	6778	0	0	0	0	0	0	0	0	0	0	0	0	0	0	0	0	0	0	0	0	0	0	0	0	0	0	0	0	0	0	0	0	0	0	0	0	0	0	412	3614	364	3720	0	0	0	0	0	0	0	0	0	0	0	0	0	0	0	0	0	0	0	0	0	0	0	0	0	0	0	0	0	0	0	0	0	0	0	0	0	0	0	0	0	0	
94776	Rectus_L	0	0	160	126	9202	1648	0	94	2640	466	0	0	0	0	3896	540	0	0	0	0	5710	3766	446	142	2460	584	0	3178	1134	0	2974	1520	0	114	0	0	0	0	0	0	294	0	0	0	0	0	0	0	0	0	0	0	0	0	0	0	0	0	0	0	0	0	0	0	0	0	0	0	0	0	3802	912	898	414	0	0	0	0	0	0	0	0	268	0	0	0	0	0	0	0	0	0	0	0	0	0	0	0	0	0	0	0	0	0	0	0	0	0	0	0	0	0	0	0	0	0	
134560	Rectus_R	0	0	0	682	1454	12378	0	248	216	1324	0	0	0	0	1006	4376	0	0	0	0	4872	8226	244	546	486	8588	3178	0	72	2038	1632	3154	0	248	0	0	0	0	164	360	280	288	0	0	0	0	0	0	0	0	0	0	0	0	0	0	0	0	0	0	0	0	0	0	0	0	0	0	0	0	4244	2788	1896	1926	0	0	0	0	0	0	0	0	0	366	0	0	0	0	0	0	0	0	0	0	0	0	0	0	0	0	0	0	0	0	0	0	0	0	0	0	0	0	0	0	0	0	
658216	Insula_L	13320	274	22646	2330	16286	0	11846	2056	7354	0	25844	2582	22016	658	21236	0	23052	0	10578	724	3624	268	6520	984	332	0	1134	72	0	354	11030	1784	494	92	302	354	15764	228	3548	0	4960	0	0	0	0	0	0	0	0	0	878	0	860	0	8118	0	2906	180	80	80	160	170	764	162	216	0	0	0	0	0	9798	1098	18050	158	132	0	5530	422	9940	0	10854	0	12332	0	3810	0	444	0	6890	0	274	0	0	0	0	0	0	0	156	0	0	0	0	0	0	0	0	0	0	0	0	0	0	0	0	0	
529096	Insula_R	290	2292	712	32814	0	3850	136	17458	0	164	350	26944	0	28842	0	11686	230	15456	1672	4610	338	3580	504	5890	0	204	0	2038	354	0	1066	8778	134	1928	100	164	104	12146	0	5428	0	3986	0	0	0	0	0	154	0	0	0	0	0	246	0	5592	0	1764	0	148	0	582	0	1010	0	0	0	94	100	0	1602	3544	864	26572	0	232	414	2818	0	4064	0	9850	0	3650	0	3348	0	0	0	2310	0	182	0	0	0	76	0	782	0	302	0	0	0	0	0	0	0	0	0	0	0	0	0	0	0	0	
388764	Cingulum_Ant_L	166	0	14448	4754	4726	360	6164	912	376	204	9490	1500	15962	1052	1554	224	1290	0	4936	2562	2882	1780	29220	8608	3914	2086	2974	1632	11030	1066	0	24696	6406	4080	0	0	0	72	0	0	106	0	0	0	0	0	0	0	0	0	0	0	0	0	0	0	0	0	0	0	0	0	0	0	0	0	0	0	0	0	7688	2564	9330	1476	0	0	0	82	0	0	734	0	1184	0	92	0	0	0	0	0	0	0	0	0	0	0	0	0	0	0	0	0	0	0	0	0	0	0	0	0	0	0	0	0	0	0	
580668	Cingulum_Ant_R	0	156	9350	40158	640	858	3362	4558	166	188	1916	5758	1488	5768	418	1790	576	518	10102	16868	2212	1852	21276	38714	540	6778	1520	3154	1784	8778	24696	0	7226	30882	0	158	82	572	0	276	0	106	0	0	0	0	0	0	0	0	0	0	0	0	0	222	0	0	0	0	0	116	0	0	0	0	0	0	0	0	4066	14486	2740	12458	0	0	76	320	0	0	266	0	340	0	0	0	0	0	0	0	0	0	0	0	0	0	0	0	0	0	0	0	0	0	0	0	0	0	0	0	0	0	0	0	0	0	
180928	Cingulum_Mid_L	272	288	4986	2286	0	0	3754	396	0	0	272	196	1284	192	0	0	0	0	12494	9362	0	0	4514	1180	0	0	0	0	494	134	6406	7226	0	15990	4736	1208	0	0	0	0	0	0	120	300	378	914	0	0	300	958	370	196	0	0	0	0	224	666	0	0	0	0	0	0	0	0	2110	1866	1886	2278	106	0	122	0	0	0	0	0	0	0	0	0	0	0	0	0	0	0	0	0	0	0	0	0	0	0	0	0	0	0	0	0	0	0	0	0	0	0	0	0	0	0	0	0	0	0	
485320	Cingulum_Mid_R	2264	520	10336	25048	0	214	5216	3516	0	0	532	1328	420	3360	0	340	0	0	25146	38612	178	194	15692	25188	0	0	114	248	92	1928	4080	30882	15990	0	1930	6476	0	154	0	0	0	0	0	762	0	850	0	0	0	850	0	518	0	0	0	0	0	2438	0	0	0	0	0	0	0	0	90	3054	3280	9990	212	288	72	258	0	0	0	0	0	0	0	0	0	0	0	0	0	0	0	0	0	0	0	0	0	0	0	0	0	0	0	0	0	0	0	0	0	0	0	0	0	0	0	0	0	0	
116264	Cingulum_Post_L	4084	426	0	182	0	0	142	236	0	0	0	74	0	74	0	0	0	0	540	1476	0	0	0	0	0	0	0	0	302	100	0	0	4736	1930	0	11394	5528	2154	704	590	0	0	1840	88	664	94	1394	258	122	0	178	0	242	0	536	80	3324	394	0	0	120	0	0	0	0	0	4936	1136	4686	1344	0	0	0	0	0	0	518	194	390	0	0	0	0	0	350	0	0	0	412	0	0	0	0	0	0	0	0	0	0	0	0	0	0	0	0	0	0	0	0	0	160	0	0	0	0	0	
145028	Cingulum_Post_R	2650	1758	0	296	0	0	0	242	0	0	0	78	0	78	0	0	0	0	924	3520	0	0	0	0	0	0	0	0	354	164	0	158	1208	6476	11394	0	5212	5648	784	1576	0	0	92	952	0	440	578	1626	0	100	0	0	0	106	266	324	384	4862	0	0	0	0	0	0	0	0	1184	6754	1576	5988	0	0	0	74	0	0	1500	762	450	0	0	110	0	0	0	0	0	0	198	802	0	0	0	0	0	0	0	90	0	0	0	0	0	0	0	0	0	0	0	0	776	0	0	0	0	0	
293456	Hippocampus_L	5846	198	3706	134	72	0	1444	96	0	0	1430	0	248	0	160	0	540	0	3244	0	414	92	0	0	0	0	0	0	15764	104	0	82	0	0	5528	5212	0	2752	16396	1066	9684	0	1964	0	0	0	3754	540	0	0	160	0	146	0	19240	142	424	0	0	0	0	0	0	0	0	0	2728	460	0	0	802	142	11626	90	1568	0	6730	916	2654	0	3466	0	1720	0	546	0	0	0	10232	0	1146	0	116	0	0	0	468	0	522	0	0	0	0	0	0	0	0	0	0	0	214	0	0	0	0	0	
349324	Hippocampus_R	1282	3088	412	4006	0	0	0	1342	0	0	132	638	0	656	0	0	0	2766	808	2204	0	162	0	150	0	0	0	0	228	12146	72	572	0	154	2154	5648	2752	0	448	34072	0	11800	0	140	0	0	362	4308	0	0	0	0	0	356	0	28988	84	950	0	0	0	0	0	282	0	0	222	3926	136	116	570	1408	222	17076	0	942	2962	5338	140	1064	0	2900	0	1564	0	1276	0	760	0	4826	0	594	0	0	0	326	0	3060	0	910	0	0	0	144	0	76	0	0	0	92	850	0	0	0	0	0	
115188	ParaHippocampal_L	608	0	750	0	312	154	276	0	0	0	232	0	0	0	284	0	126	0	560	0	1520	348	0	0	0	0	0	164	3548	0	0	0	0	0	704	784	16396	448	0	150	4484	0	140	0	0	0	3066	0	0	0	0	0	130	0	8024	0	0	0	0	0	0	0	0	0	0	0	220	0	0	0	756	134	3866	0	358	0	1608	88	0	0	348	0	2258	0	0	0	1678	0	1476	0	302	0	120	0	212	0	614	0	348	0	0	0	0	0	0	0	0	0	0	0	0	0	0	0	0	0	
255552	ParaHippocampal_R	560	892	78	1720	0	128	0	176	0	0	0	170	0	200	0	406	0	896	254	1112	0	774	0	104	0	0	0	360	0	5428	0	276	0	0	590	1576	1066	34072	150	0	0	8238	0	270	0	0	112	3738	0	0	0	0	0	700	0	27412	0	110	0	0	0	0	0	0	0	0	0	1250	0	0	0	594	0	11498	0	752	1302	2586	0	772	0	1876	0	3578	0	768	0	2654	0	1800	0	744	0	124	0	380	0	3558	0	1156	0	0	0	240	0	102	0	0	0	124	350	0	0	0	0	0	
73916	Amygdala_L	0	0	0	0	506	210	0	0	160	0	0	0	0	0	660	96	0	0	0	0	2264	1046	0	0	0	0	294	280	4960	0	106	0	0	0	0	0	9684	0	4484	0	0	0	0	0	0	0	0	0	0	0	0	0	0	0	4464	0	0	0	0	0	0	0	0	0	0	0	0	0	0	0	1354	782	2572	198	0	0	0	0	0	0	194	0	1394	0	0	0	226	0	792	0	0	0	0	0	0	0	232	0	0	0	0	0	0	0	0	0	0	0	0	0	0	0	0	0	0	0	
88424	Amygdala_R	0	0	0	266	0	334	0	0	0	0	0	0	0	0	0	410	0	0	0	0	0	1648	0	162	0	0	0	288	0	3986	0	106	0	0	0	0	0	11800	0	8238	0	0	0	0	0	0	0	0	0	0	0	0	0	0	0	6762	0	0	0	0	0	0	0	0	0	0	0	0	0	0	0	114	0	4582	0	0	0	0	0	0	0	0	0	2378	0	0	0	1362	0	1676	0	0	0	0	0	0	0	100	0	0	0	0	0	0	0	0	0	0	0	0	0	0	0	0	0	0	
195440	Calcarine_L	80	0	0	0	0	0	0	0	0	0	0	0	0	0	0	0	0	0	0	0	0	0	0	0	0	0	0	0	0	0	0	0	120	0	1840	92	1964	0	140	0	0	0	0	7912	11200	4152	14604	1654	9670	2060	21144	226	2878	0	2248	226	968	82	0	0	0	0	0	0	98	0	10750	624	472	0	0	0	0	0	0	0	0	0	0	0	0	0	0	0	1836	0	0	0	680	0	0	0	0	0	0	0	0	0	0	0	0	0	0	0	0	0	0	0	0	0	0	0	0	0	0	0	
327492	Calcarine_R	0	782	0	0	0	0	0	0	0	0	0	0	0	0	0	0	0	0	0	0	0	0	0	0	0	0	0	0	0	0	0	0	300	762	88	952	0	140	0	270	0	0	7912	0	2942	26320	2104	15846	704	26916	782	17678	0	3666	0	9088	0	6232	0	784	0	0	0	278	0	516	1180	24032	0	3712	0	0	0	0	0	0	0	0	0	272	0	412	0	0	0	4462	0	0	0	3754	0	0	0	0	0	0	0	144	90	0	0	0	0	0	0	0	0	0	0	0	382	244	0	0	0	0	
149600	Cuneus_L	130	0	0	0	0	0	0	0	0	0	0	0	0	0	0	0	0	0	0	0	0	0	0	0	0	0	0	0	0	0	0	0	378	0	664	0	0	0	0	0	0	0	11200	2942	0	5666	2794	0	19374	2454	14044	222	808	0	1294	0	1240	0	212	0	0	0	0	0	0	0	8592	1424	730	0	0	0	0	0	0	0	0	0	0	0	0	0	0	0	544	0	0	0	88	0	0	0	0	0	0	0	0	0	0	0	0	0	0	0	0	0	0	0	0	0	0	0	0	0	0	0	
291796	Cuneus_R	0	228	0	0	0	0	0	84	0	0	0	0	0	0	0	0	0	114	0	0	0	0	0	0	0	0	0	0	0	0	0	0	914	850	94	440	0	0	0	0	0	0	4152	26320	5666	0	314	2962	472	36730	168	11508	0	422	0	1384	0	9218	0	7112	0	112	0	772	0	350	3172	26290	0	4160	0	0	0	0	0	0	0	0	0	0	0	540	0	0	0	610	0	0	0	652	0	0	0	0	0	0	0	0	0	0	0	0	0	0	0	0	0	0	0	0	88	0	0	0	0	0	
253340	Lingual_L	108	0	0	0	0	0	0	0	0	0	0	0	0	0	0	0	0	0	0	0	0	0	0	0	0	0	0	0	0	0	0	0	0	0	1394	578	3754	362	3066	112	0	0	14604	2104	2794	314	0	2508	4430	214	16510	0	9600	0	17056	182	0	324	0	88	0	0	0	0	0	0	4790	712	0	294	0	0	0	0	0	0	986	0	0	0	0	0	0	0	200	0	0	0	820	0	6258	722	348	0	212	0	10060	468	13554	1022	0	0	0	0	0	0	0	0	0	0	3270	2416	436	0	0	0	
282784	Lingual_R	190	324	0	0	0	0	0	0	0	0	0	0	0	0	0	0	0	0	0	0	0	0	0	0	0	0	0	0	0	154	0	0	0	0	258	1626	540	4308	0	3738	0	0	1654	15846	0	2962	2508	0	0	3962	0	3560	0	3096	1640	19574	0	182	0	0	0	0	0	0	0	74	136	8466	0	0	0	94	0	110	0	0	502	542	0	150	0	216	0	0	0	170	0	0	0	1430	4150	9468	356	216	96	0	2214	8020	7698	11620	0	0	0	0	348	0	0	0	0	102	8464	8960	1560	0	0	108	
190056	Occipital_Sup_L	122	0	0	0	0	0	0	0	0	0	0	0	0	0	0	0	0	0	0	0	0	0	0	0	0	0	0	0	0	0	0	0	300	0	122	0	0	0	0	0	0	0	9670	704	19374	472	4430	0	0	0	31400	0	1454	0	2310	0	2512	0	7796	0	432	0	0	0	498	0	11766	298	1064	0	0	0	0	0	0	0	0	0	0	0	0	0	0	0	224	0	0	0	80	0	0	0	0	0	0	0	0	0	0	0	0	0	0	0	0	0	0	0	0	0	0	0	0	0	0	0	
297604	Occipital_Sup_R	0	210	0	0	0	0	0	86	0	0	0	0	0	0	0	0	0	116	0	0	0	0	0	0	0	0	0	0	0	0	0	0	958	850	0	100	0	0	0	0	0	0	2060	26916	2454	36730	214	3962	0	0	0	20658	0	1810	0	2916	0	8092	0	8076	0	304	0	982	0	2262	1618	21128	0	2186	0	0	0	0	0	0	0	0	0	0	0	588	0	0	0	2052	0	0	0	1474	0	0	0	0	0	0	0	0	0	0	0	0	0	0	0	0	0	0	0	0	0	0	0	0	0	0	
417048	Occipital_Mid_L	918	0	0	0	0	0	0	0	0	0	0	0	0	0	0	0	944	0	0	0	0	0	0	0	0	0	0	0	878	0	0	0	370	0	178	0	160	0	0	0	0	0	21144	782	14044	168	16510	0	31400	0	0	0	19062	0	12994	0	11444	0	12012	0	7528	0	1352	0	11688	0	16764	122	2810	0	0	0	0	0	0	0	0	0	754	0	800	0	0	0	19094	0	0	0	4024	0	0	0	0	0	0	0	0	0	580	0	0	0	0	0	0	0	0	0	0	0	0	0	0	0	0	0	
202536	Occipital_Mid_R	0	136	0	0	0	0	0	0	0	0	0	0	0	0	0	0	0	0	0	0	0	0	0	0	0	0	0	0	0	0	0	0	196	518	0	0	0	0	0	0	0	0	226	17678	222	11508	0	3560	0	20658	0	0	0	5338	0	3840	0	3488	0	1244	0	862	0	790	0	8846	352	8000	0	1732	0	0	0	0	0	0	0	0	0	0	0	486	0	0	0	9352	0	0	0	2236	0	0	0	0	0	0	0	0	0	0	0	0	0	0	0	0	0	0	0	0	0	0	0	0	0	0	
165152	Occipital_Inf_L	656	0	0	0	0	0	0	0	0	0	0	0	0	0	0	0	546	0	0	0	0	0	0	0	0	0	0	0	860	0	0	0	0	0	242	0	146	0	130	0	0	0	2878	0	808	0	9600	0	1454	0	19062	0	0	0	14890	0	718	0	356	0	1020	0	1448	0	2562	0	2220	0	0	0	0	0	0	0	0	0	0	0	956	0	912	0	0	0	8708	0	0	0	9910	0	0	0	0	0	0	0	318	0	1940	0	0	0	0	0	0	0	0	0	0	0	164	72	0	0	0	0	
76480	Occipital_Inf_R	0	308	0	90	0	0	0	158	0	0	0	0	0	0	0	0	0	138	0	0	0	0	0	0	0	0	0	0	0	246	0	0	0	0	0	106	0	356	0	700	0	0	0	3666	0	422	0	3096	0	1810	0	5338	0	0	0	8364	0	662	0	0	0	0	0	200	0	414	0	1584	0	0	0	0	0	80	0	0	0	0	0	690	0	834	0	0	0	3006	0	0	0	5688	0	206	0	0	0	0	0	0	0	78	0	0	0	0	0	0	0	0	0	0	0	0	0	0	0	0	
461208	Fusiform_L	696	0	1578	0	0	0	96	0	0	0	1302	0	92	0	134	0	330	0	1534	0	262	0	0	0	0	0	0	0	8118	0	0	0	0	0	536	266	19240	0	8024	0	4464	0	2248	0	1294	0	17056	1640	2310	0	12994	0	14890	0	0	102	1020	0	178	0	432	0	110	0	176	0	1112	0	86	0	208	0	4110	0	0	0	604	0	1464	0	4374	0	2690	0	3264	0	2340	0	19836	0	26746	754	5868	0	152	0	12560	370	31890	990	944	0	2270	0	1232	0	170	0	96	216	2106	2514	516	0	0	0	
451060	Fusiform_R	80	776	0	1174	0	0	0	328	0	0	0	218	0	228	0	0	0	878	142	620	0	164	0	84	0	0	0	0	0	5592	0	222	0	0	80	324	142	28988	0	27412	0	6762	226	9088	0	1384	182	19574	0	2916	0	3840	0	8364	102	0	0	424	0	0	0	0	0	0	0	72	0	4304	0	0	0	430	0	9092	0	366	196	656	0	1478	0	4404	0	7184	0	3044	0	3570	0	16362	1442	16004	112	700	74	410	354	8506	2310	15804	0	0	0	1276	262	504	0	0	0	164	2002	3552	582	0	0	0	
357892	Postcentral_L	27672	806	1410	512	0	0	2810	768	0	0	3408	0	462	0	0	0	8362	0	2254	170	0	0	0	0	0	0	0	0	2906	0	0	0	224	0	3324	384	424	84	0	0	0	0	968	0	1240	0	0	0	2512	0	11444	0	718	0	1020	0	0	72	19148	0	29302	0	8970	0	10128	0	9224	116	8184	74	3564	0	1406	0	900	0	4840	0	1534	0	2806	0	88	0	3342	0	0	0	1366	0	0	0	0	0	0	0	0	0	0	0	0	0	0	0	0	0	0	0	0	0	0	0	0	0	0	0	
316324	Postcentral_R	580	14744	308	1544	0	0	118	3632	0	0	110	3454	0	672	0	0	118	4066	394	806	0	0	0	0	0	0	0	0	180	1764	0	0	666	2438	394	4862	0	950	0	110	0	0	82	6232	0	9218	324	182	0	8092	0	3488	0	662	0	424	72	0	0	9012	0	13950	0	22948	0	2696	494	17076	282	10768	306	744	0	810	0	0	0	326	0	176	0	1128	0	0	0	5388	0	0	0	1372	0	0	0	0	0	0	0	0	0	0	0	0	0	0	0	0	0	0	0	0	0	0	0	0	0	0	
172220	Parietal_Sup_L	1072	0	0	0	0	0	206	0	0	0	558	0	0	0	0	0	182	0	0	0	0	0	0	0	0	0	0	0	80	0	0	0	0	0	0	0	0	0	0	0	0	0	0	0	212	0	0	0	7796	0	12012	0	356	0	178	0	19148	0	0	0	16276	0	2176	0	7660	0	13372	0	2100	0	0	0	0	0	0	0	0	0	0	0	492	0	0	0	1368	0	0	0	866	0	0	0	0	0	0	0	0	0	0	0	0	0	0	0	0	0	0	0	0	0	0	0	0	0	0	0	
102648	Parietal_Sup_R	160	494	154	208	0	0	0	820	0	0	0	406	0	112	0	0	0	0	154	0	0	0	0	0	0	0	0	0	80	148	0	0	0	0	0	0	0	0	0	0	0	0	0	784	0	7112	88	0	0	8076	0	1244	0	0	0	0	0	9012	0	0	0	5104	0	4070	0	1428	272	9270	0	1992	136	0	0	0	0	0	0	0	0	0	0	0	0	0	0	0	0	0	0	0	0	0	0	0	0	0	0	0	0	0	0	0	0	0	0	0	0	0	0	0	0	0	0	0	0	0	
218780	Parietal_Inf_L	4214	96	86	88	0	0	1302	146	0	0	780	0	0	0	0	0	232	0	72	0	0	0	0	0	0	0	0	0	160	0	0	0	0	0	120	0	0	0	0	0	0	0	0	0	0	0	0	0	432	0	7528	0	1020	0	432	0	29302	0	16276	0	0	0	12288	0	22106	0	1088	0	492	0	306	0	0	0	0	0	0	0	0	0	928	0	0	0	5614	0	0	0	4282	0	0	0	0	0	0	0	0	0	0	0	0	0	0	0	0	0	0	0	0	0	0	0	0	0	0	0	
100776	Parietal_Inf_R	374	2064	210	790	0	0	108	2578	0	0	112	1310	0	464	0	0	124	0	204	0	0	0	0	0	0	0	0	0	170	582	0	116	0	0	0	0	0	0	0	0	0	0	0	0	0	112	0	0	0	304	0	862	0	0	0	0	0	13950	0	5104	0	0	0	13978	0	5696	0	206	76	160	264	0	0	144	0	0	0	0	0	0	0	0	0	0	0	160	0	0	0	166	0	0	0	0	0	0	0	0	0	0	0	0	0	0	0	0	0	0	0	0	0	0	0	0	0	0	
138952	SupraMarginal_L	1054	0	216	0	0	0	152	0	0	0	264	0	0	0	0	0	2812	0	496	0	0	0	0	0	0	0	0	0	764	0	0	0	0	0	0	0	0	0	0	0	0	0	0	0	0	0	0	0	0	0	1352	0	1448	0	110	0	8970	0	2176	0	12288	0	0	0	14022	0	114	0	0	0	0	0	0	0	0	0	0	0	404	0	6732	0	0	0	10662	0	0	0	5440	0	0	0	0	0	0	0	0	0	0	0	0	0	0	0	0	0	0	0	0	0	0	0	0	0	0	0	
158024	SupraMarginal_R	388	2288	192	634	0	0	98	2366	0	0	106	1086	0	350	0	0	118	2474	190	0	0	0	0	0	0	0	0	0	162	1010	0	0	0	0	0	0	0	282	0	0	0	0	0	278	0	772	0	0	0	982	0	790	0	200	0	0	0	22948	0	4070	0	13978	0	0	0	7010	0	846	82	100	240	0	0	412	0	0	0	166	0	236	0	5026	0	0	0	7254	0	0	0	1878	0	0	0	0	0	0	0	0	0	0	0	0	0	0	0	0	0	0	0	0	0	0	0	0	0	0	
198480	Angular_L	1292	0	0	0	0	0	268	0	0	0	472	0	0	0	0	0	296	0	0	0	0	0	0	0	0	0	0	0	216	0	0	0	0	0	0	0	0	0	0	0	0	0	98	0	0	0	0	0	498	0	11688	0	2562	0	176	0	10128	0	7660	0	22106	0	14022	0	0	0	1074	0	534	0	0	0	0	0	0	0	0	0	142	0	3994	0	0	0	14092	0	0	0	7922	0	0	0	0	0	0	0	0	0	0	0	0	0	0	0	0	0	0	0	0	0	0	0	0	0	0	0	
91996	Angular_R	0	204	0	0	0	0	0	72	0	0	0	0	0	0	0	0	0	0	0	0	0	0	0	0	0	0	0	0	0	0	0	0	0	0	0	0	0	0	0	0	0	0	0	516	0	350	0	74	0	2262	0	8846	0	414	0	72	0	2696	0	1428	0	5696	0	7010	0	0	0	644	0	0	0	0	0	0	0	0	0	0	0	0	0	3354	0	0	0	8434	0	0	0	3926	0	0	0	0	0	0	0	0	0	0	0	0	0	0	0	0	0	0	0	0	0	0	0	0	0	0	
233680	Precuneus_L	444	0	0	0	0	0	0	0	0	0	0	0	0	0	0	0	0	0	0	0	0	0	0	0	0	0	0	0	0	0	0	0	2110	90	4936	1184	2728	222	220	0	0	0	10750	1180	8592	3172	4790	136	11766	1618	16764	352	2220	0	1112	0	9224	494	13372	272	1088	0	114	0	1074	0	0	6712	5256	1604	0	0	0	0	0	0	0	0	0	0	82	0	0	0	1926	0	0	0	1236	0	0	0	0	0	0	0	0	0	0	0	0	0	0	0	0	0	0	0	0	0	0	0	0	0	0	0	
345444	Precuneus_R	0	1038	0	0	0	0	0	92	0	0	0	0	0	0	0	0	0	176	0	174	0	0	0	0	0	0	0	0	0	94	0	0	1866	3054	1136	6754	460	3926	0	1250	0	0	624	24032	1424	26290	712	8466	298	21128	122	8000	0	1584	0	4304	116	17076	0	9270	0	206	0	846	0	644	6712	0	0	11550	0	0	0	0	0	0	72	0	0	178	0	892	0	0	0	2314	0	0	0	3628	0	92	0	0	0	0	0	538	0	0	0	0	0	0	0	0	0	0	0	0	1428	156	0	0	0	0	
165752	Paracentral_Lobule_L	17126	5460	688	558	0	0	0	214	0	0	0	94	0	94	0	0	0	0	4642	10582	0	0	0	0	0	0	0	0	0	100	0	0	1886	3280	4686	1576	0	136	0	0	0	0	472	0	730	0	0	0	1064	0	2810	0	0	0	86	0	8184	282	2100	0	492	76	0	82	534	0	5256	0	0	8560	0	366	0	0	0	0	128	0	0	0	0	0	0	0	420	0	0	0	112	0	0	0	0	0	0	0	0	0	0	0	0	0	0	0	0	0	0	0	0	0	0	0	0	0	0	0	
198532	Paracentral_Lobule_R	7576	5268	0	0	0	0	0	0	0	0	0	0	0	0	0	0	0	0	1818	17382	0	0	0	0	0	0	0	0	0	0	0	0	2278	9990	1344	5988	0	116	0	0	0	0	0	3712	0	4160	294	0	0	2186	0	1732	0	0	0	0	74	10768	0	1992	0	160	0	100	0	0	1604	11550	8560	0	0	162	0	0	0	0	0	0	0	0	0	98	0	0	0	156	0	0	0	198	0	0	0	0	0	0	0	0	0	0	0	0	0	0	0	0	0	0	0	0	0	0	0	0	0	0	
403660	Caudate_L	5644	986	9464	5484	2516	3030	2104	4536	326	614	6234	1792	806	788	2002	1292	4706	0	11916	2194	9768	11012	1054	1770	524	412	3802	4244	9798	1602	7688	4066	106	212	0	0	802	570	756	0	1354	0	0	0	0	0	0	0	0	0	0	0	0	0	208	0	3564	306	0	136	306	264	0	240	0	0	0	0	0	0	0	18170	27212	5118	3106	770	11130	2612	124	0	1228	0	1362	0	0	0	0	0	0	0	0	0	0	0	0	0	0	0	0	0	0	0	0	0	0	0	0	0	0	0	0	0	0	0	0	0	
336216	Caudate_R	650	12404	1440	11490	346	2504	226	1898	82	152	846	846	0	1158	332	1478	626	986	2092	8152	3996	7950	394	3728	0	3614	912	2788	1098	3544	2564	14486	0	288	0	0	142	1408	134	594	782	114	0	0	0	0	0	94	0	0	0	0	0	0	0	430	0	744	0	0	0	0	0	0	0	0	0	0	366	162	18170	0	9396	21240	372	2750	1390	15882	0	124	256	96	308	0	0	0	0	0	0	0	0	0	0	0	0	0	0	84	0	0	0	0	0	0	0	0	0	0	0	0	0	0	0	0	0	0	
391756	Putamen_L	5030	238	16230	1836	5744	1236	3986	948	1774	240	2386	408	2216	338	4970	704	1984	0	12794	498	4548	6480	4048	1200	550	364	898	1896	18050	864	9330	2740	122	72	0	0	11626	222	3866	0	2572	0	0	0	0	0	0	0	0	0	0	0	0	0	4110	0	1406	0	0	0	0	0	0	0	0	0	0	0	0	0	27212	9396	0	3864	7084	176	3386	766	506	0	1318	0	1818	0	0	0	94	0	1642	0	92	0	0	0	0	0	0	0	0	0	0	0	0	0	0	0	0	0	0	0	0	0	0	0	0	0	
392936	Putamen_R	76	706	522	18222	164	4638	0	1992	0	188	144	5620	0	6146	154	2948	0	4450	1064	4684	1506	4266	220	6412	0	3720	414	1926	158	26572	1476	12458	0	258	0	74	90	17076	0	11498	198	4582	0	0	0	0	0	110	0	0	0	0	0	80	0	9092	0	810	0	0	0	144	0	412	0	0	0	0	0	0	5118	21240	3864	0	158	1980	112	2520	0	156	0	1272	0	986	0	194	0	0	0	638	0	406	0	0	0	170	0	1662	0	620	0	0	0	102	0	0	0	0	0	0	0	0	0	0	0	0	
53936	Pallidum_L	988	0	3946	0	0	0	1078	98	0	0	112	0	0	0	0	0	862	0	4368	0	0	254	0	0	0	0	0	0	132	0	0	0	0	0	0	0	1568	0	358	0	0	0	0	0	0	0	0	0	0	0	0	0	0	0	0	0	900	0	0	0	0	0	0	0	0	0	0	0	0	0	3106	372	7084	158	0	0	1224	0	150	0	210	0	0	0	0	0	0	0	0	0	0	0	0	0	0	0	0	0	0	0	0	0	0	0	0	0	0	0	0	0	0	0	0	0	0	0	
24660	Pallidum_R	100	90	468	1304	0	0	76	76	0	0	0	98	0	150	0	0	0	102	538	1156	0	0	0	0	0	0	0	0	0	232	0	0	0	0	0	0	0	942	0	752	0	0	0	0	0	0	0	0	0	0	0	0	0	0	0	366	0	0	0	0	0	0	0	0	0	0	0	0	0	0	770	2750	176	1980	0	0	0	204	0	0	0	0	0	0	0	0	0	0	0	0	0	0	0	0	0	0	0	0	0	0	0	0	0	0	0	0	0	0	0	0	0	0	0	0	0	0	
169544	Thalamus_L	14348	2434	3858	750	0	0	3022	1460	0	0	754	310	0	176	0	0	1490	0	1812	164	0	0	0	0	0	0	0	0	5530	414	0	76	0	0	518	1500	6730	2962	1608	1302	0	0	0	0	0	0	986	502	0	0	0	0	0	0	604	196	4840	0	0	0	0	0	0	0	0	0	0	72	128	0	11130	1390	3386	112	1224	0	0	6260	854	124	658	128	0	0	0	0	0	0	864	0	96	0	0	0	0	0	0	0	0	0	0	0	0	0	0	0	0	0	0	0	0	0	0	0	0	0	
147732	Thalamus_R	1678	17256	520	4264	0	0	156	852	0	0	216	1080	0	1236	0	0	212	428	466	948	0	0	0	0	0	0	0	0	422	2818	82	320	0	0	194	762	916	5338	88	2586	0	0	0	0	0	0	0	542	0	0	0	0	0	0	0	656	0	326	0	0	0	0	0	166	0	0	0	0	0	0	2612	15882	766	2520	0	204	6260	0	136	312	76	414	0	0	0	156	0	0	0	0	0	0	0	0	0	0	0	0	0	0	0	0	0	0	0	0	0	0	0	0	0	0	0	0	0	0	
96008	Heschl_L	5120	0	574	0	0	0	1230	0	0	0	874	0	0	0	0	0	5598	0	578	0	0	0	0	0	0	0	0	0	9940	0	0	0	0	0	390	450	2654	140	0	0	0	0	0	0	0	0	0	0	0	0	754	0	956	0	1464	0	1534	0	0	0	0	0	404	0	142	0	0	0	0	0	124	0	506	0	150	0	854	136	0	0	4880	0	0	0	5074	0	0	0	3478	0	0	0	0	0	0	0	0	0	0	0	0	0	0	0	0	0	0	0	0	0	0	0	0	0	0	0	
54396	Heschl_R	0	430	0	282	0	0	0	468	0	0	0	170	0	162	0	0	0	2404	0	74	0	0	0	0	0	0	0	0	0	4064	0	0	0	0	0	0	0	1064	0	772	0	0	0	272	0	0	0	150	0	0	0	0	0	690	0	1478	0	176	0	0	0	0	0	236	0	0	0	178	0	0	0	124	0	156	0	0	124	312	0	0	0	8796	0	0	0	2282	0	0	0	2334	0	0	0	0	0	0	0	0	0	0	0	0	0	0	0	0	0	0	0	0	0	0	0	0	0	0	
264556	Temporal_Sup_L	2164	0	1646	558	118	0	1216	216	0	0	7758	594	764	150	128	0	11486	0	1502	144	0	0	258	76	0	0	0	0	10854	0	734	266	0	0	0	0	3466	0	348	0	194	0	0	0	0	0	0	0	0	0	800	0	912	0	4374	0	2806	0	492	0	928	0	6732	0	3994	0	82	0	0	0	1228	256	1318	0	210	0	658	76	4880	0	0	0	7624	0	29848	0	0	0	20126	0	192	0	0	0	0	0	0	0	102	0	0	0	0	0	0	0	0	0	0	0	0	0	0	0	0	0	
168368	Temporal_Sup_R	0	586	0	484	0	0	0	588	0	0	0	636	0	192	0	500	0	4934	0	104	0	0	0	0	0	0	0	0	0	9850	0	0	0	0	0	110	0	2900	0	1876	0	0	0	412	0	540	0	216	0	588	0	486	0	834	0	4404	0	1128	0	0	0	0	0	5026	0	3354	0	892	0	98	0	96	0	1272	0	0	128	414	0	8796	0	0	0	4466	0	19592	0	370	0	8312	0	0	0	0	0	0	0	0	0	0	0	0	0	0	0	0	0	0	0	0	0	0	0	0	0	0	
162848	Temporal_Pole_Sup_L	300	0	786	622	2686	0	410	198	1328	0	6400	310	1564	82	5370	0	4988	0	396	114	1384	0	422	102	0	0	268	0	12332	0	1184	340	0	0	0	0	1720	0	2258	0	1394	0	0	0	0	0	0	0	0	0	0	0	0	0	2690	0	88	0	0	0	0	0	0	0	0	0	0	0	0	0	1362	308	1818	0	0	0	0	0	0	0	7624	0	0	0	6770	0	6494	0	7312	0	0	0	0	0	0	0	0	0	0	0	0	0	0	0	0	0	0	0	0	0	0	0	0	0	0	0	
89824	Temporal_Pole_Sup_R	0	0	0	188	0	140	0	200	0	0	0	580	0	92	0	1282	0	316	0	0	0	542	0	0	0	0	0	366	0	3650	0	0	0	0	0	0	0	1564	0	3578	0	2378	0	0	0	0	0	0	0	0	0	0	0	0	0	7184	0	0	0	0	0	0	0	0	0	0	0	0	0	0	0	0	0	986	0	0	0	0	0	0	0	4466	0	0	0	3860	0	6572	0	6968	0	0	0	0	0	0	0	0	0	0	0	0	0	0	0	0	0	0	0	0	0	0	0	0	0	0	
342928	Temporal_Mid_L	1748	0	158	0	0	0	0	0	0	0	664	0	90	0	0	0	3132	0	114	0	0	0	0	0	0	0	0	0	3810	0	92	0	0	0	350	0	546	0	0	0	0	0	1836	0	544	0	200	0	224	0	19094	0	8708	0	3264	0	3342	0	1368	0	5614	0	10662	0	14092	0	1926	0	420	0	0	0	0	0	0	0	0	0	5074	0	29848	0	6770	0	0	0	3536	0	44238	0	0	0	0	0	0	0	0	0	0	0	0	0	0	0	0	0	0	0	0	0	0	0	0	0	0	0	
204188	Temporal_Mid_R	0	1488	0	112	0	0	0	156	0	0	0	0	0	0	0	0	0	730	0	0	0	0	0	0	0	0	0	0	0	3348	0	0	0	0	0	0	0	1276	0	768	0	0	0	4462	0	610	0	170	0	2052	0	9352	0	3006	0	3044	0	5388	0	0	0	160	0	7254	0	8434	0	2314	0	156	0	0	0	194	0	0	0	156	0	2282	0	19592	0	3860	0	0	0	2100	0	19630	0	0	0	0	0	0	0	0	0	0	0	0	0	0	0	0	0	0	0	0	0	0	0	0	0	0	
41360	Temporal_Pole_Mid_L	0	0	0	0	178	0	0	0	0	0	0	0	0	0	384	0	0	0	0	0	158	0	0	0	0	0	0	0	444	0	0	0	0	0	0	0	0	0	1678	0	226	0	0	0	0	0	0	0	0	0	0	0	0	0	2340	0	0	0	0	0	0	0	0	0	0	0	0	0	0	0	0	0	94	0	0	0	0	0	0	0	0	0	6494	0	3536	0	0	0	5148	0	0	0	0	0	0	0	0	0	0	0	0	0	0	0	0	0	0	0	0	0	0	0	0	0	0	0	
39568	Temporal_Pole_Mid_R	0	0	0	0	0	0	0	0	0	0	0	0	0	0	0	0	0	0	0	0	0	0	0	0	0	0	0	0	0	0	0	0	0	0	0	0	0	760	0	2654	0	1362	0	0	0	0	0	0	0	0	0	0	0	0	0	3570	0	0	0	0	0	0	0	0	0	0	0	0	0	0	0	0	0	0	0	0	0	0	0	0	0	370	0	6572	0	2100	0	0	0	2396	0	0	0	0	0	0	0	0	0	0	0	0	0	0	0	0	0	0	0	0	0	0	0	0	0	0	
348696	Temporal_Inf_L	1240	0	570	0	0	0	154	0	0	0	1140	0	0	0	96	0	1580	0	434	0	0	0	0	0	0	0	0	0	6890	0	0	0	0	0	412	198	10232	0	1476	0	792	0	680	0	88	0	820	0	80	0	4024	0	9910	0	19836	0	1366	0	866	0	4282	0	5440	0	7922	0	1236	0	112	0	0	0	1642	0	0	0	864	0	3478	0	20126	0	7312	0	44238	0	5148	0	0	0	5620	0	810	0	0	0	408	0	1894	0	414	0	426	0	92	0	0	0	0	0	0	0	0	0	0	0	
201052	Temporal_Inf_R	0	776	0	192	0	0	0	360	0	0	0	140	0	154	0	0	0	560	0	0	0	0	0	0	0	0	0	0	0	2310	0	0	0	0	0	802	0	4826	0	1800	0	1676	0	3754	0	652	0	1430	0	1474	0	2236	0	5688	0	16362	0	1372	0	0	0	166	0	1878	0	3926	0	3628	0	198	0	0	0	638	0	0	0	0	0	2334	0	8312	0	6968	0	19630	0	2396	0	0	0	2986	0	142	0	0	0	0	0	290	0	0	0	192	0	0	0	0	0	0	154	124	0	0	0	0	
487868	Cerebelum_Crus1_L	0	0	76	0	0	0	0	0	0	0	0	0	0	0	0	0	0	0	0	0	0	0	0	0	0	0	0	0	274	0	0	0	0	0	0	0	1146	0	302	0	0	0	0	0	0	0	6258	4150	0	0	0	0	0	0	26746	1442	0	0	0	0	0	0	0	0	0	0	0	0	0	0	0	0	92	0	0	0	96	0	0	0	192	0	0	0	0	0	0	0	5620	0	0	5928	29900	3234	436	106	23262	916	60152	5818	12130	0	15482	860	6806	1094	1870	0	914	1686	7120	8870	6962	1440	1450	1104	
524840	Cerebelum_Crus1_R	0	0	0	0	0	0	0	0	0	0	0	0	0	0	0	0	0	0	0	0	0	0	0	0	0	0	0	0	0	182	0	0	0	0	0	0	0	594	0	744	0	0	0	0	0	0	722	9468	0	0	0	0	0	206	754	16004	0	0	0	0	0	0	0	0	0	0	0	92	0	0	0	0	0	406	0	0	0	0	0	0	0	0	0	0	0	0	0	0	0	2986	5928	0	2984	34400	72	5630	2172	25794	6384	59176	614	2250	746	25066	500	12022	0	874	596	3060	9960	10104	12088	4610	4586	646	
438260	Cerebelum_Crus2_L	0	0	0	0	0	0	0	0	0	0	0	0	0	0	0	0	0	0	0	0	0	0	0	0	0	0	0	0	0	0	0	0	0	0	0	0	116	0	120	0	0	0	0	0	0	0	348	356	0	0	0	0	0	0	5868	112	0	0	0	0	0	0	0	0	0	0	0	0	0	0	0	0	0	0	0	0	0	0	0	0	0	0	0	0	0	0	0	0	810	0	29900	2984	0	11776	0	0	2450	0	11994	2198	49994	4650	47218	4856	13534	864	2836	0	0	0	0	2118	13364	8760	1478	426	
362440	Cerebelum_Crus2_R	0	0	0	0	0	0	0	0	0	0	0	0	0	0	0	0	0	0	0	0	0	0	0	0	0	0	0	0	0	0	0	0	0	0	0	0	0	0	0	124	0	0	0	0	0	0	0	216	0	0	0	0	0	0	0	700	0	0	0	0	0	0	0	0	0	0	0	0	0	0	0	0	0	0	0	0	0	0	0	0	0	0	0	0	0	0	0	0	0	142	3234	34400	11776	0	0	2004	414	2426	1664	10656	6238	15870	3316	34850	748	11082	0	692	428	1666	1094	3664	16260	10686	6216	654	
19648	Cerebelum_3_L	0	0	0	0	0	0	0	0	0	0	0	0	0	0	0	0	0	0	0	0	0	0	0	0	0	0	0	0	0	0	0	0	0	0	0	0	0	0	212	0	0	0	0	0	0	0	212	96	0	0	0	0	0	0	152	74	0	0	0	0	0	0	0	0	0	0	0	0	0	0	0	0	0	0	0	0	0	0	0	0	0	0	0	0	0	0	0	0	0	0	436	72	0	0	0	0	4200	0	1048	0	0	0	0	0	364	0	0	0	788	1588	374	208	0	0	0	0	
71256	Cerebelum_3_R	0	0	0	0	0	0	0	0	0	0	0	0	0	0	0	0	0	0	0	0	0	0	0	0	0	0	0	0	0	76	0	0	0	0	0	0	0	326	0	380	0	0	0	0	0	0	0	0	0	0	0	0	0	0	0	410	0	0	0	0	0	0	0	0	0	0	0	0	0	0	0	0	0	170	0	0	0	0	0	0	0	0	0	0	0	0	0	0	0	0	106	5630	0	2004	0	0	130	6074	106	6694	0	0	0	2114	0	1932	0	90	254	3580	1410	248	1338	1532	1024	0	
265084	Cerebelum_4_5_L	0	0	0	0	0	0	0	0	0	0	0	0	0	0	0	0	0	0	0	0	0	0	0	0	0	0	0	0	0	0	0	0	0	0	0	0	468	0	614	0	232	0	0	0	0	0	10060	2214	0	0	0	0	318	0	12560	354	0	0	0	0	0	0	0	0	0	0	0	0	0	0	0	0	0	0	0	0	0	0	0	0	0	0	0	0	0	0	0	0	408	0	23262	2172	2450	414	4200	130	0	1918	34466	2684	1046	0	1732	138	3798	1006	338	0	1926	3566	13842	3342	400	216	648	1620	
243664	Cerebelum_4_5_R	0	0	0	200	0	0	0	0	0	0	0	0	0	0	0	0	0	90	0	110	0	0	0	0	0	0	0	0	0	782	0	0	0	0	0	90	0	3060	0	3558	0	100	0	144	0	0	468	8020	0	0	0	0	0	0	370	8506	0	0	0	0	0	0	0	0	0	0	0	538	0	0	0	84	0	1662	0	0	0	0	0	0	0	0	0	0	0	0	0	0	0	0	916	25794	0	2426	0	6074	1918	0	1496	31180	0	0	0	4162	0	2280	0	132	0	2344	11696	706	1018	1196	712	0	
493688	Cerebelum_6_L	0	0	0	0	0	0	0	0	0	0	0	0	0	0	0	0	0	0	0	0	0	0	0	0	0	0	0	0	156	0	0	0	0	0	0	0	522	0	348	0	0	0	0	90	0	0	13554	7698	0	0	580	0	1940	0	31890	2310	0	0	0	0	0	0	0	0	0	0	0	0	0	0	0	0	0	0	0	0	0	0	0	0	102	0	0	0	0	0	0	0	1894	0	60152	6384	11994	1664	1048	106	34466	1496	0	7572	3766	0	6234	250	6940	1892	1086	0	1080	2066	12200	15528	4420	992	1790	2634	
443192	Cerebelum_6_R	0	0	0	0	0	0	0	0	0	0	0	0	0	0	0	0	0	0	0	0	0	0	0	0	0	0	0	0	0	302	0	0	0	0	0	0	0	910	0	1156	0	0	0	0	0	0	1022	11620	0	0	0	0	0	78	990	15804	0	0	0	0	0	0	0	0	0	0	0	0	0	0	0	0	0	620	0	0	0	0	0	0	0	0	0	0	0	0	0	0	0	290	5818	59176	2198	10656	0	6694	2684	31180	7572	0	0	194	0	8890	384	6272	0	680	656	3582	12534	12508	10414	3036	3136	540	
326332	Cerebelum_7b_L	0	0	0	0	0	0	0	0	0	0	0	0	0	0	0	0	0	0	0	0	0	0	0	0	0	0	0	0	0	0	0	0	0	0	0	0	0	0	0	0	0	0	0	0	0	0	0	0	0	0	0	0	0	0	944	0	0	0	0	0	0	0	0	0	0	0	0	0	0	0	0	0	0	0	0	0	0	0	0	0	0	0	0	0	0	0	0	0	414	0	12130	614	49994	6238	0	0	1046	0	3766	0	0	3912	48986	4920	11560	552	2790	0	0	0	0	116	5798	8506	800	80	
111056	Cerebelum_7b_R	0	0	0	0	0	0	0	0	0	0	0	0	0	0	0	0	0	0	0	0	0	0	0	0	0	0	0	0	0	0	0	0	0	0	0	0	0	0	0	0	0	0	0	0	0	0	0	0	0	0	0	0	0	0	0	0	0	0	0	0	0	0	0	0	0	0	0	0	0	0	0	0	0	0	0	0	0	0	0	0	0	0	0	0	0	0	0	0	0	0	0	2250	4650	15870	0	0	0	0	0	194	3912	0	1014	16234	0	2692	0	0	0	0	0	0	3758	4608	346	0	
344104	Cerebelum_8_L	0	0	0	0	0	0	0	0	0	0	0	0	0	0	0	0	0	0	0	0	0	0	0	0	0	0	0	0	0	0	0	0	0	0	0	0	0	0	0	0	0	0	0	0	0	0	0	0	0	0	0	0	0	0	2270	0	0	0	0	0	0	0	0	0	0	0	0	0	0	0	0	0	0	0	0	0	0	0	0	0	0	0	0	0	0	0	0	0	426	0	15482	746	47218	3316	0	0	1732	0	6234	0	48986	1014	0	5480	20656	1158	5016	0	0	0	0	144	3086	6936	2026	126	
311444	Cerebelum_8_R	0	0	0	0	0	0	0	0	0	0	0	0	0	0	0	0	0	0	0	0	0	0	0	0	0	0	0	0	0	0	0	0	0	0	0	0	0	144	0	240	0	0	0	0	0	0	0	0	0	0	0	0	0	0	0	1276	0	0	0	0	0	0	0	0	0	0	0	0	0	0	0	0	0	102	0	0	0	0	0	0	0	0	0	0	0	0	0	0	0	192	860	25066	4856	34850	0	2114	138	4162	250	8890	4920	16234	5480	0	672	22314	0	1334	114	824	696	450	4262	9128	5798	356	
173740	Cerebelum_9_L	0	0	0	0	0	0	0	0	0	0	0	0	0	0	0	0	0	0	0	0	0	0	0	0	0	0	0	0	0	0	0	0	0	0	0	0	0	0	0	0	0	0	0	0	0	0	0	348	0	0	0	0	0	0	1232	262	0	0	0	0	0	0	0	0	0	0	0	0	0	0	0	0	0	0	0	0	0	0	0	0	0	0	0	0	0	0	0	0	92	0	6806	500	13534	748	364	0	3798	0	6940	384	11560	0	20656	672	0	2112	6366	0	0	136	1150	2814	918	932	2514	2032	
193020	Cerebelum_9_R	0	0	0	0	0	0	0	0	0	0	0	0	0	0	0	0	0	0	0	0	0	0	0	0	0	0	0	0	0	0	0	0	0	0	0	0	0	76	0	102	0	0	0	0	0	0	0	0	0	0	0	0	0	0	0	504	0	0	0	0	0	0	0	0	0	0	0	0	0	0	0	0	0	0	0	0	0	0	0	0	0	0	0	0	0	0	0	0	0	0	1094	12022	864	11082	0	1932	1006	2280	1892	6272	552	2692	1158	22314	2112	0	214	1130	230	1218	1390	3782	3436	4722	9022	3412	
42564	Cerebelum_10_L	0	0	0	0	0	0	0	0	0	0	0	0	0	0	0	0	0	0	0	0	0	0	0	0	0	0	0	0	0	0	0	0	0	0	0	0	0	0	0	0	0	0	0	0	0	0	0	0	0	0	0	0	0	0	170	0	0	0	0	0	0	0	0	0	0	0	0	0	0	0	0	0	0	0	0	0	0	0	0	0	0	0	0	0	0	0	0	0	0	0	1870	0	2836	0	0	0	338	0	1086	0	2790	0	5016	0	6366	214	0	0	0	0	0	228	0	0	154	214	
10628	Cerebelum_10_R	0	0	0	0	0	0	0	0	0	0	0	0	0	0	0	0	0	0	0	0	0	0	0	0	0	0	0	0	0	0	0	0	0	0	0	0	0	0	0	0	0	0	0	0	0	0	0	0	0	0	0	0	0	0	0	0	0	0	0	0	0	0	0	0	0	0	0	0	0	0	0	0	0	0	0	0	0	0	0	0	0	0	0	0	0	0	0	0	0	0	0	874	0	692	0	90	0	132	0	680	0	0	0	1334	0	1130	0	0	0	88	0	0	0	204	90	0	
29096	Vermis_1_2	0	0	0	0	0	0	0	0	0	0	0	0	0	0	0	0	0	0	0	0	0	0	0	0	0	0	0	0	0	0	0	0	0	0	0	0	0	0	0	0	0	0	0	0	0	0	0	0	0	0	0	0	0	0	96	0	0	0	0	0	0	0	0	0	0	0	0	0	0	0	0	0	0	0	0	0	0	0	0	0	0	0	0	0	0	0	0	0	0	0	914	596	0	428	788	254	1926	0	1080	656	0	0	0	114	0	230	0	0	0	4336	1830	306	364	368	262	0	
78200	Vermis_3	0	0	0	0	0	0	0	0	0	0	0	0	0	0	0	0	0	0	0	0	0	0	0	0	0	0	0	0	0	0	0	0	0	0	0	0	0	92	0	124	0	0	0	0	0	0	0	102	0	0	0	0	0	0	216	164	0	0	0	0	0	0	0	0	0	0	0	0	0	0	0	0	0	0	0	0	0	0	0	0	0	0	0	0	0	0	0	0	0	0	1686	3060	0	1666	1588	3580	3566	2344	2066	3582	0	0	0	824	136	1218	0	88	4336	0	4162	610	1360	1436	996	98	
