data	data	864612	246584	994904	957588	168252	111564	491140	364780	77280	33384	287408	221568	268404	148824	154936	100608	229888	207672	827536	863856	87540	106540	289200	360632	34580	79564	65324	88896	570540	419016	311664	459416	137504	459980	127164	167736	300056	305564	49996	182396	20948	45024	266740	349504	181556	295152	241948	296336	262180	308100	522156	218400	159440	138728	412836	432272	279080	149824	177640	111528	184480	141812	118688	137804	100796	114168	320412	342876	238892	129472	362632	399828	394704	361184	65448	28440	157820	172268	88068	42144	197348	126216	88052	48752	294576	255208	26668	15616	267828	271280	467120	385444	351028	294080	35848	91716	267376	194736	368904	388464	292400	118172	373564	259596	104976	94432	21864	24440	9156	50536	170124	228976	206540	133636	99220	34996	
data	data	Precentral_L	Precentral_R	Frontal_Sup_L	Frontal_Sup_R	Frontal_Sup_Orb_L	Frontal_Sup_Orb_R	Frontal_Mid_L	Frontal_Mid_R	Frontal_Mid_Orb_L	Frontal_Mid_Orb_R	Frontal_Inf_Oper_L	Frontal_Inf_Oper_R	Frontal_Inf_Tri_L	Frontal_Inf_Tri_R	Frontal_Inf_Orb_L	Frontal_Inf_Orb_R	Rolandic_Oper_L	Rolandic_Oper_R	Supp_Motor_Area_L	Supp_Motor_Area_R	Olfactory_L	Olfactory_R	Frontal_Sup_Medial_L	Frontal_Sup_Medial_R	Frontal_Med_Orb_L	Frontal_Med_Orb_R	Rectus_L	Rectus_R	Insula_L	Insula_R	Cingulum_Ant_L	Cingulum_Ant_R	Cingulum_Mid_L	Cingulum_Mid_R	Cingulum_Post_L	Cingulum_Post_R	Hippocampus_L	Hippocampus_R	ParaHippocampal_L	ParaHippocampal_R	Amygdala_L	Amygdala_R	Calcarine_L	Calcarine_R	Cuneus_L	Cuneus_R	Lingual_L	Lingual_R	Occipital_Sup_L	Occipital_Sup_R	Occipital_Mid_L	Occipital_Mid_R	Occipital_Inf_L	Occipital_Inf_R	Fusiform_L	Fusiform_R	Postcentral_L	Postcentral_R	Parietal_Sup_L	Parietal_Sup_R	Parietal_Inf_L	Parietal_Inf_R	SupraMarginal_L	SupraMarginal_R	Angular_L	Angular_R	Precuneus_L	Precuneus_R	Paracentral_Lobule_L	Paracentral_Lobule_R	Caudate_L	Caudate_R	Putamen_L	Putamen_R	Pallidum_L	Pallidum_R	Thalamus_L	Thalamus_R	Heschl_L	Heschl_R	Temporal_Sup_L	Temporal_Sup_R	Temporal_Pole_Sup_L	Temporal_Pole_Sup_R	Temporal_Mid_L	Temporal_Mid_R	Temporal_Pole_Mid_L	Temporal_Pole_Mid_R	Temporal_Inf_L	Temporal_Inf_R	Cerebelum_Crus1_L	Cerebelum_Crus1_R	Cerebelum_Crus2_L	Cerebelum_Crus2_R	Cerebelum_3_L	Cerebelum_3_R	Cerebelum_4_5_L	Cerebelum_4_5_R	Cerebelum_6_L	Cerebelum_6_R	Cerebelum_7b_L	Cerebelum_7b_R	Cerebelum_8_L	Cerebelum_8_R	Cerebelum_9_L	Cerebelum_9_R	Cerebelum_10_L	Cerebelum_10_R	Vermis_1_2	Vermis_3	Vermis_4_5	Vermis_6	Vermis_7	Vermis_8	Vermis_9	Vermis_10	
864612	Precentral_L	0	6144	61362	12198	0	0	35762	1634	0	0	14106	170	4710	0	268	0	13258	202	59782	24676	0	0	276	0	0	0	0	0	20686	2356	1290	1410	604	5320	2942	1648	15348	1120	290	318	0	0	616	0	0	0	168	0	0	316	1124	142	740	0	3556	726	27838	740	182	1202	840	1292	730	1168	0	0	334	232	21498	978	9288	5738	17054	492	6578	0	21240	7314	5258	710	1508	684	110	0	952	192	0	0	1088	1420	378	0	0	0	0	0	0	0	0	0	0	0	0	0	0	0	0	0	0	0	0	0	0	0	0	0	
246584	Precentral_R	6144	0	1602	9610	0	0	488	9388	0	0	128	7370	0	182	0	0	0	5310	2044	8728	0	0	0	140	0	0	0	0	498	7482	0	130	188	418	3772	1850	1726	4702	298	662	0	0	248	202	0	0	0	0	0	194	0	0	0	1462	160	2086	872	10226	0	392	0	508	0	1214	0	550	370	368	3580	3448	668	2834	664	2958	0	406	1046	5420	234	970	0	936	0	0	0	2926	0	0	104	5238	0	0	0	0	0	0	0	0	0	148	0	0	0	0	0	0	0	0	0	0	0	0	0	0	0	0	
994904	Frontal_Sup_L	61362	1602	0	10180	10484	0	67920	2372	3306	0	11858	278	20840	168	8598	0	9296	204	96616	18966	0	0	37984	2522	2532	102	0	0	26126	2170	12156	3458	4136	8526	0	0	5522	642	0	228	0	0	0	0	0	0	0	0	0	262	0	122	0	0	512	620	3950	242	0	786	430	802	268	670	0	0	0	160	8260	0	9844	838	20758	418	6160	0	5730	0	966	714	1352	690	1058	0	0	186	0	0	304	1196	0	0	0	0	0	0	0	0	0	0	0	0	0	0	0	0	0	0	0	0	0	0	0	0	0	0	
957588	Frontal_Sup_R	12198	9610	10180	0	344	4162	3330	40974	0	768	1140	13386	766	6920	424	3334	562	11812	18324	94160	116	160	5198	39114	114	1936	0	1140	4054	21282	6092	29398	2996	18238	134	162	2502	10494	278	2438	0	582	0	0	0	0	0	0	0	98	0	0	0	0	118	2026	0	532	0	142	0	158	0	132	0	0	0	142	6290	0	6260	30984	3696	23632	110	1906	980	18208	198	252	424	554	250	922	0	0	0	0	136	1388	0	0	0	0	0	0	0	210	0	224	0	0	0	0	0	0	0	0	0	0	0	0	0	0	0	0	
168252	Frontal_Sup_Orb_L	0	0	10484	344	0	198	2610	180	13120	0	310	0	3238	0	14838	0	0	0	892	288	2512	830	4180	0	3162	350	4462	384	7914	0	3910	590	0	196	0	0	0	0	0	0	0	0	0	0	0	0	0	0	0	0	0	0	0	0	0	0	0	0	0	0	0	0	0	0	0	0	0	0	0	0	1518	428	6184	0	0	0	0	0	0	0	0	0	1004	0	0	0	0	0	0	0	0	0	0	0	0	0	0	0	0	0	0	0	0	0	0	0	0	0	0	0	0	0	0	0	0	0	
111564	Frontal_Sup_Orb_R	0	0	0	4162	198	0	0	3706	0	6404	0	0	0	900	0	3104	0	0	0	368	958	2630	0	4254	0	5114	704	7088	0	764	738	4032	0	0	0	0	0	0	0	0	0	126	0	0	0	0	0	0	0	0	0	0	0	0	0	0	0	0	0	0	0	0	0	0	0	0	0	0	0	0	974	5496	240	3822	0	0	0	0	0	0	0	0	0	0	0	0	0	0	0	0	0	0	0	0	0	0	0	0	0	0	0	0	0	0	0	0	0	0	0	0	0	0	0	0	0	0	
491140	Frontal_Mid_L	35762	488	67920	3330	2610	0	0	582	2684	0	14978	0	26470	0	4936	0	2916	0	14002	3794	0	0	14008	1178	0	0	0	0	11814	0	5178	1720	364	1826	0	0	6322	0	0	0	0	0	0	0	0	0	0	0	0	0	0	0	0	0	242	0	1926	0	0	0	0	0	0	0	0	0	0	0	548	0	1860	342	6052	0	936	0	8940	428	934	0	324	0	156	0	0	0	0	0	0	0	0	0	0	0	0	0	0	0	0	0	0	0	0	0	0	0	0	0	0	0	0	0	0	0	0	0	
364780	Frontal_Mid_R	1634	9388	2372	40974	180	3706	582	0	0	3032	392	14024	146	15314	144	5126	178	9432	3342	6832	0	0	638	10272	0	0	0	0	1258	14356	1278	7954	410	3278	0	0	1250	2638	0	1232	0	0	0	0	0	0	0	0	0	0	0	0	0	0	0	1156	0	160	0	384	0	384	0	368	0	0	0	0	0	0	2464	3606	1790	8088	0	974	0	476	0	0	0	210	0	428	0	0	0	0	0	0	0	0	0	0	0	0	0	220	0	320	0	0	0	0	0	0	0	0	0	0	0	0	0	0	0	0	
77280	Frontal_Mid_Orb_L	0	0	3306	0	13120	0	2684	0	0	0	152	0	2194	0	12358	0	0	0	98	124	220	212	0	0	100	156	1020	128	864	0	334	130	0	0	0	0	0	0	0	0	0	0	0	0	0	0	0	0	0	0	0	0	0	0	0	0	0	0	0	0	0	0	0	0	0	0	0	0	0	0	246	0	758	0	0	0	0	0	0	0	0	0	436	0	0	0	0	0	0	0	0	0	0	0	0	0	0	0	0	0	0	0	0	0	0	0	0	0	0	0	0	0	0	0	0	0	
33384	Frontal_Mid_Orb_R	0	0	0	768	0	6404	0	3032	0	0	0	0	0	1026	0	2818	0	0	0	412	0	0	0	532	0	0	0	224	0	274	0	404	0	0	0	0	0	0	0	0	0	0	0	0	0	0	0	0	0	0	0	0	0	0	0	0	0	0	0	0	0	0	0	0	0	0	0	0	0	0	0	450	0	348	0	0	0	0	0	0	0	0	0	0	0	0	0	0	0	0	0	0	0	0	0	0	0	0	0	0	0	0	0	0	0	0	0	0	0	0	0	0	0	0	0	0	
287408	Frontal_Inf_Oper_L	14106	128	11858	1140	310	0	14978	392	152	0	0	1046	20312	798	740	0	10884	1760	5364	1918	0	0	1404	398	0	0	0	0	21402	1822	3606	1630	0	1442	0	0	3200	0	0	0	0	0	0	0	0	0	0	0	0	0	0	0	0	0	0	0	4266	0	0	0	0	0	0	0	0	0	0	0	0	0	9130	180	1428	0	0	0	408	0	100	0	4244	0	3158	0	0	0	0	0	0	0	0	0	0	0	0	0	0	0	0	0	0	0	0	0	0	0	0	0	0	0	0	0	0	0	0	0	
221568	Frontal_Inf_Oper_R	170	7370	278	13386	0	0	0	14024	0	0	1046	0	234	9122	0	932	314	11220	362	6460	0	0	528	1994	0	0	0	0	1194	21658	1198	4384	0	962	0	0	0	1404	0	460	0	0	0	0	0	0	0	0	0	178	0	0	0	0	0	398	0	982	0	140	0	0	0	0	0	0	0	0	0	0	2676	1024	242	4756	0	0	0	642	0	212	168	146	140	380	0	0	0	0	0	0	0	0	0	0	0	0	0	0	0	0	0	0	0	0	0	0	0	0	0	0	0	0	0	0	0	0	
268404	Frontal_Inf_Tri_L	4710	0	20840	766	3238	0	26470	146	2194	0	20312	234	0	198	10802	0	918	376	5772	1344	0	0	2318	142	0	0	0	0	18102	410	4778	994	202	376	0	0	206	0	0	0	0	0	0	0	0	0	0	0	0	0	0	0	0	0	0	0	1202	0	0	0	0	0	0	0	0	0	0	0	0	0	3796	0	2198	0	0	0	0	0	0	0	298	0	860	0	0	0	0	0	0	0	0	0	0	0	0	0	0	0	0	0	0	0	0	0	0	0	0	0	0	0	0	0	0	0	0	0	
148824	Frontal_Inf_Tri_R	0	182	168	6920	0	900	0	15314	0	1026	798	9122	198	0	0	9596	290	1332	544	2840	0	0	426	1600	0	0	0	0	836	9892	802	3620	0	1584	0	0	0	380	0	132	0	0	0	0	0	0	0	0	0	0	0	0	0	0	0	140	0	144	0	0	0	0	0	0	0	0	0	0	0	0	2034	1056	332	1170	0	0	0	188	0	0	262	116	308	160	0	0	0	0	0	0	0	0	0	0	0	0	0	0	0	0	0	0	0	0	0	0	0	0	0	0	0	0	0	0	0	0	
154936	Frontal_Inf_Orb_L	268	0	8598	424	14838	0	4936	144	12358	0	740	0	10802	0	0	0	0	0	1288	510	1758	518	138	0	0	132	1422	164	9952	0	314	224	0	0	0	0	0	0	0	0	0	0	0	0	0	0	0	0	0	0	0	0	0	0	0	0	0	0	0	0	0	0	0	0	0	0	0	0	0	0	1144	396	4760	0	0	0	0	0	0	0	0	0	1640	0	0	0	0	0	0	0	0	0	0	0	0	0	0	0	0	0	0	0	0	0	0	0	0	0	0	0	0	0	0	0	0	0	
100608	Frontal_Inf_Orb_R	0	0	0	3334	0	3104	0	5126	0	2818	0	932	0	9596	0	0	0	636	202	1776	0	1228	182	1558	0	0	0	1090	0	9398	140	1930	130	1286	0	0	0	0	0	0	0	128	0	0	0	0	0	0	0	0	0	0	0	0	0	0	0	0	0	0	0	0	0	0	0	0	0	0	0	0	0	2794	0	2748	0	0	0	0	0	0	0	0	0	168	0	0	0	0	0	0	0	0	0	0	0	0	0	0	0	0	0	0	0	0	0	0	0	0	0	0	0	0	0	0	0	0	
229888	Rolandic_Oper_L	13258	0	9296	562	0	0	2916	178	0	0	10884	314	918	290	0	0	0	520	6262	420	0	0	0	106	0	0	0	0	19126	476	260	132	0	212	0	0	1202	0	0	0	0	0	222	0	0	0	0	0	654	0	1496	0	312	0	2876	0	10782	0	516	0	1188	0	2560	0	326	0	1006	0	0	0	2228	114	620	0	0	0	174	0	6508	0	9448	0	2552	0	1988	0	0	0	2042	0	0	0	0	0	0	0	0	0	0	0	0	0	0	0	0	0	0	0	0	0	0	0	0	0	0	0	
207672	Rolandic_Oper_R	202	5310	204	11812	0	0	0	9432	0	0	1760	11220	376	1332	0	636	520	0	210	2490	0	0	156	1272	0	0	0	0	1864	26378	604	2328	0	254	0	0	0	410	0	0	0	0	0	0	0	0	0	0	0	0	0	0	0	0	0	0	0	5172	0	0	0	0	0	3188	0	0	0	0	0	0	2260	182	130	872	0	0	0	256	0	4446	310	5396	260	2050	0	414	0	0	0	130	0	0	0	0	0	0	0	0	0	0	0	0	0	0	0	0	0	0	0	0	0	0	0	0	0	0	
827536	Supp_Motor_Area_L	59782	2044	96616	18324	892	0	14002	3342	98	0	5364	362	5772	544	1288	202	6262	210	0	38940	0	0	9832	3554	0	0	0	0	17936	2176	6698	4950	7542	17536	588	342	6122	656	0	228	0	0	0	0	0	0	0	0	0	268	0	122	0	0	600	618	3786	280	0	784	428	800	264	668	0	0	0	178	21098	1598	9902	1432	20698	1150	5988	0	5594	0	924	712	866	692	360	0	0	186	0	0	372	1196	0	0	0	0	0	0	0	0	0	0	0	0	0	0	0	0	0	0	0	0	0	0	0	0	0	0	
863856	Supp_Motor_Area_R	24676	8728	18966	94160	288	368	3794	6832	124	412	1918	6460	1344	2840	510	1776	420	2490	38940	0	0	0	844	12670	0	0	0	0	5040	9850	1922	12194	4800	39962	4686	4958	786	7590	98	1702	0	576	272	820	0	156	0	230	0	180	0	0	0	514	184	1734	958	1244	0	136	0	150	0	132	0	0	624	1912	21526	13408	5272	21732	3154	15036	0	1454	204	14204	0	202	316	146	204	114	0	486	0	0	0	2500	0	0	0	0	0	0	0	0	0	0	0	0	0	0	0	0	0	0	0	0	0	0	0	0	0	0	
87540	Olfactory_L	0	0	0	116	2512	958	0	0	220	0	0	0	0	0	1758	0	0	0	0	0	0	6350	0	98	312	1240	4252	2882	2500	0	2578	2968	0	0	0	0	266	0	0	0	552	0	0	0	0	0	0	0	0	0	0	0	0	0	0	0	0	0	0	0	0	0	0	0	0	0	0	0	0	0	7066	3828	3026	124	0	0	0	0	0	0	0	0	164	0	0	0	0	0	0	0	0	0	0	0	0	0	0	0	0	0	0	0	0	0	0	0	0	0	0	0	0	0	0	0	0	0	
106540	Olfactory_R	0	0	0	160	830	2630	0	0	212	0	0	0	0	0	518	1228	0	0	0	0	6350	0	0	102	0	2080	2998	4968	0	1718	2246	3616	0	0	0	0	0	0	0	0	0	290	0	0	0	0	0	0	0	0	0	0	0	0	0	0	0	0	0	0	0	0	0	0	0	0	0	0	0	0	8574	7932	4506	1920	292	100	0	0	0	0	0	0	0	0	0	0	0	0	0	0	0	0	0	0	0	0	0	0	0	0	0	0	0	0	0	0	0	0	0	0	0	0	0	0	0	0	
289200	Frontal_Sup_Medial_L	276	0	37984	5198	4180	0	14008	638	0	0	1404	528	2318	426	138	182	0	156	9832	844	0	0	0	13530	3518	688	204	0	772	222	20526	9280	6806	9226	0	286	0	0	0	0	0	0	0	0	0	0	0	0	0	0	0	0	0	0	0	0	0	0	0	0	0	0	0	0	0	0	0	0	0	0	428	216	686	100	0	0	0	0	0	0	0	0	0	0	0	0	0	0	0	0	0	0	0	0	0	0	0	0	0	0	0	0	0	0	0	0	0	0	0	0	0	0	0	0	0	0	
360632	Frontal_Sup_Medial_R	0	140	2522	39114	0	4254	1178	10272	0	532	398	1994	142	1600	0	1558	106	1272	3554	12670	98	102	13530	0	680	6008	0	1898	470	2168	8014	27528	2452	17292	0	0	0	0	0	0	0	0	0	0	0	0	0	0	0	0	0	0	0	0	0	0	0	0	0	0	0	0	0	0	0	0	0	0	0	0	826	10034	212	7182	0	0	0	0	0	0	0	196	0	320	0	0	0	0	0	0	0	0	0	0	0	0	0	0	0	0	0	0	0	0	0	0	0	0	0	0	0	0	0	0	0	0	
34580	Frontal_Med_Orb_L	0	0	2532	114	3162	0	0	0	100	0	0	0	0	0	0	0	0	0	0	0	312	0	3518	680	0	964	2080	0	0	0	3070	202	0	0	0	0	0	0	0	0	0	0	0	0	0	0	0	0	0	0	0	0	0	0	0	0	0	0	0	0	0	0	0	0	0	0	0	0	0	0	458	0	98	0	0	0	0	0	0	0	0	0	0	0	0	0	0	0	0	0	0	0	0	0	0	0	0	0	0	0	0	0	0	0	0	0	0	0	0	0	0	0	0	0	0	0	
79564	Frontal_Med_Orb_R	0	0	102	1936	350	5114	0	0	156	0	0	0	0	0	132	0	0	0	0	0	1240	2080	688	6008	964	0	916	6130	0	0	1496	5414	0	0	0	0	0	0	0	0	0	0	0	0	0	0	0	0	0	0	0	0	0	0	0	0	0	0	0	0	0	0	0	0	0	0	0	0	0	0	1222	3212	282	2340	0	0	0	0	0	0	0	0	0	0	0	0	0	0	0	0	0	0	0	0	0	0	0	0	0	0	0	0	0	0	0	0	0	0	0	0	0	0	0	0	0	0	
65324	Rectus_L	0	0	0	0	4462	704	0	0	1020	0	0	0	0	0	1422	0	0	0	0	0	4252	2998	204	0	2080	916	0	1908	592	0	4512	2060	0	0	0	0	0	0	0	0	0	0	0	0	0	0	0	0	0	0	0	0	0	0	0	0	0	0	0	0	0	0	0	0	0	0	0	0	0	0	3776	1176	580	0	0	0	0	0	0	0	0	0	0	0	0	0	0	0	0	0	0	0	0	0	0	0	0	0	0	0	0	0	0	0	0	0	0	0	0	0	0	0	0	0	0	0	
88896	Rectus_R	0	0	0	1140	384	7088	0	0	128	224	0	0	0	0	164	1090	0	0	0	0	2882	4968	0	1898	0	6130	1908	0	0	632	1104	4386	0	0	0	0	0	0	0	0	0	0	0	0	0	0	0	0	0	0	0	0	0	0	0	0	0	0	0	0	0	0	0	0	0	0	0	0	0	0	2750	4332	838	2402	0	0	0	0	0	0	0	0	0	0	0	0	0	0	0	0	0	0	0	0	0	0	0	0	0	0	0	0	0	0	0	0	0	0	0	0	0	0	0	0	0	0	
570540	Insula_L	20686	498	26126	4054	7914	0	11814	1258	864	0	21402	1194	18102	836	9952	0	19126	1864	17936	5040	2500	0	772	470	0	0	592	0	0	2008	4392	2182	222	2612	190	146	20888	140	684	0	1994	0	330	0	0	0	100	0	0	0	328	0	128	0	5976	0	5482	0	116	0	226	0	292	0	0	0	104	0	138	0	12568	794	24930	128	0	0	2834	270	7606	0	6062	0	4806	0	684	0	0	0	2346	0	564	0	0	0	0	0	0	0	0	0	0	0	0	0	0	0	0	0	0	0	0	0	0	0	0	0	
419016	Insula_R	2356	7482	2170	21282	0	764	0	14356	0	274	1822	21658	410	9892	0	9398	476	26378	2176	9850	0	1718	222	2168	0	0	0	632	2008	0	812	3206	0	708	0	0	270	7998	0	2356	0	1670	0	0	0	0	0	0	0	0	0	0	0	182	0	4510	0	1080	0	0	0	0	0	0	0	0	0	0	0	0	3122	3656	234	18262	0	136	0	2196	0	3756	282	6642	224	3010	0	2756	0	0	0	4948	0	0	0	0	0	0	0	0	0	0	0	0	0	0	0	0	0	0	0	0	0	0	0	0	0	0	
311664	Cingulum_Ant_L	1290	0	12156	6092	3910	738	5178	1278	334	0	3606	1198	4778	802	314	140	260	604	6698	1922	2578	2246	20526	8014	3070	1496	4512	1104	4392	812	0	20392	6106	6372	0	0	146	0	0	0	0	0	0	0	0	0	0	0	0	0	0	0	0	0	0	0	0	0	0	0	0	0	0	0	0	0	0	0	0	0	9988	2820	9092	548	0	0	0	0	0	0	98	0	102	120	0	0	0	0	0	0	0	0	0	0	0	0	0	0	0	0	0	0	0	0	0	0	0	0	0	0	0	0	0	0	0	0	
459416	Cingulum_Ant_R	1410	130	3458	29398	590	4032	1720	7954	130	404	1630	4384	994	3620	224	1930	132	2328	4950	12194	2968	3616	9280	27528	202	5414	2060	4386	2182	3206	20392	0	3306	19172	0	0	152	0	0	0	0	0	0	0	0	0	0	0	0	0	0	0	0	0	0	0	0	0	0	0	0	0	0	0	0	0	0	0	0	0	6700	21036	3304	11894	0	0	0	280	0	0	0	392	0	626	0	0	0	0	0	0	0	0	0	0	0	0	0	0	0	0	0	0	0	0	0	0	0	0	0	0	0	0	0	0	0	0	
137504	Cingulum_Mid_L	604	188	4136	2996	0	0	364	410	0	0	0	0	202	0	0	130	0	0	7542	4800	0	0	6806	2452	0	0	0	0	222	0	6106	3306	0	13664	4552	1594	0	0	0	0	0	0	120	0	218	0	0	0	208	0	204	0	0	0	0	0	314	0	0	0	0	0	0	0	0	0	2950	434	3578	408	0	120	0	124	0	0	0	0	0	0	0	0	0	0	0	0	0	0	0	0	0	0	0	0	0	0	0	0	0	0	0	0	0	0	0	0	0	0	0	0	0	0	0	0	0	0	
459980	Cingulum_Mid_R	5320	418	8526	18238	196	0	1826	3278	0	0	1442	962	376	1584	0	1286	212	254	17536	39962	0	0	9226	17292	0	0	0	0	2612	708	6372	19172	13664	0	1906	8550	132	326	0	0	0	0	0	4054	116	1782	0	1244	0	614	0	200	0	352	0	288	0	1780	0	0	0	0	0	0	0	0	1410	9200	8516	13782	2282	136	1054	0	0	0	0	0	0	0	122	0	100	0	0	650	0	0	0	780	0	0	0	0	0	0	0	0	0	0	0	0	0	0	0	0	0	0	0	0	152	0	0	0	0	0	
127164	Cingulum_Post_L	2942	3772	0	134	0	0	0	0	0	0	0	0	0	0	0	0	0	0	588	4686	0	0	0	0	0	0	0	0	190	0	0	0	4552	1906	0	14240	2168	3250	342	1184	0	0	2406	0	736	276	1092	152	326	0	970	0	252	0	1140	158	1786	0	0	0	0	0	0	0	0	0	6094	2878	3556	1062	0	0	0	0	0	0	0	244	0	0	0	0	0	0	168	0	0	0	98	0	0	0	0	0	0	0	0	0	0	0	0	0	0	0	0	0	0	0	0	0	234	0	0	0	0	0	
167736	Cingulum_Post_R	1648	1850	0	162	0	0	0	0	0	0	0	0	0	0	0	0	0	0	342	4958	0	0	286	0	0	0	0	0	146	0	0	0	1594	8550	14240	0	2070	5128	484	1652	0	0	312	2880	262	1032	0	4008	128	654	654	298	170	1374	700	1442	1590	526	0	0	0	0	0	0	0	0	2816	13456	874	4238	0	0	0	0	0	0	0	0	0	0	0	0	0	0	142	124	0	0	0	2184	0	0	0	0	0	0	0	0	0	0	0	0	0	0	0	0	0	0	0	0	894	0	0	0	0	0	
300056	Hippocampus_L	15348	1726	5522	2502	0	0	6322	1250	0	0	3200	0	206	0	0	0	1202	0	6122	786	266	0	0	0	0	0	0	0	20888	270	146	152	0	132	2168	2070	0	2768	8538	1718	4160	0	858	0	0	0	1262	0	0	0	382	0	150	0	12538	242	1460	0	0	0	178	100	0	0	0	0	1664	802	948	0	1798	622	11530	310	1036	0	8220	2592	2732	0	2148	0	550	0	1552	0	0	0	7412	0	448	0	0	0	0	0	540	0	492	0	0	0	0	0	0	0	0	0	0	0	0	0	0	0	0	0	
305564	Hippocampus_R	1120	4702	642	10494	0	0	0	2638	0	0	0	1404	0	380	0	0	0	410	656	7590	0	0	0	0	0	0	0	0	140	7998	0	0	0	326	3250	5128	2768	0	1158	24760	0	6718	0	236	0	0	0	2508	0	0	184	0	0	614	156	22654	180	190	0	0	0	0	0	0	0	0	622	3402	194	330	0	602	148	18130	0	1656	0	6142	0	536	0	1926	0	422	0	1424	0	0	0	5248	0	142	0	0	0	0	0	1886	0	830	0	0	0	0	0	0	0	0	0	0	138	0	0	0	0	0	
49996	ParaHippocampal_L	290	298	0	278	0	0	0	0	0	0	0	0	0	0	0	0	0	0	0	98	0	0	0	0	0	0	0	0	684	0	0	0	0	0	342	484	8538	1158	0	922	752	0	116	0	0	0	1298	0	0	0	0	0	0	0	3738	136	0	0	0	0	0	0	0	0	0	0	982	260	0	0	0	0	576	132	0	0	1066	1084	0	0	0	0	0	0	0	0	0	0	0	0	156	0	0	0	252	0	970	0	388	0	0	0	0	0	0	0	0	0	0	0	0	0	0	0	0	0	
182396	ParaHippocampal_R	318	662	228	2438	0	0	0	1232	0	0	0	460	0	132	0	0	0	0	228	1702	0	0	0	0	0	0	0	0	0	2356	0	0	0	0	1184	1652	1718	24760	922	0	0	5984	0	278	0	0	0	3734	0	0	0	0	0	1004	0	18398	0	0	0	0	0	0	0	0	0	0	418	2482	0	0	0	0	0	6452	0	844	0	1948	0	126	0	822	0	836	0	716	0	260	0	2686	0	196	0	0	0	0	0	3066	0	832	0	0	0	0	0	0	0	0	0	0	124	0	0	0	0	0	
20948	Amygdala_L	0	0	0	0	0	0	0	0	0	0	0	0	0	0	0	0	0	0	0	0	552	0	0	0	0	0	0	0	1994	0	0	0	0	0	0	0	4160	0	752	0	0	0	0	0	0	0	0	0	0	0	0	0	0	0	1520	0	0	0	0	0	0	0	0	0	0	0	0	0	0	0	0	0	884	0	0	0	0	0	0	0	0	0	344	0	0	0	0	0	268	0	0	0	0	0	0	0	0	0	0	0	0	0	0	0	0	0	0	0	0	0	0	0	0	0	0	0	
45024	Amygdala_R	0	0	0	582	0	126	0	0	0	0	0	0	0	0	0	128	0	0	0	576	0	290	0	0	0	0	0	0	0	1670	0	0	0	0	0	0	0	6718	0	5984	0	0	0	0	0	0	0	0	0	0	0	0	0	0	0	3902	0	0	0	0	0	0	0	0	0	0	0	0	0	0	0	0	0	1390	0	0	0	0	0	0	0	0	0	1146	0	0	0	0	0	0	0	0	0	0	0	0	0	0	0	0	0	0	0	0	0	0	0	0	0	0	0	0	0	0	0	0	
266740	Calcarine_L	616	248	0	0	0	0	0	0	0	0	0	0	0	0	0	0	222	0	0	272	0	0	0	0	0	0	0	0	330	0	0	0	120	0	2406	312	858	0	116	0	0	0	0	8300	14892	6246	14928	3468	10830	2388	25008	260	7430	104	9918	0	1482	0	520	0	0	0	0	0	0	0	16404	924	356	0	0	0	0	0	0	0	0	0	176	0	150	0	0	0	1242	100	0	0	1932	0	110	0	0	0	0	0	262	0	112	98	0	0	0	0	0	0	0	0	0	0	230	0	0	0	0	0	
349504	Calcarine_R	0	202	0	0	0	0	0	0	0	0	0	0	0	0	0	0	0	0	0	820	0	0	0	0	0	0	0	0	0	0	0	0	0	4054	0	2880	0	236	0	278	0	0	8300	0	5208	27024	728	30024	228	23668	112	11120	0	9752	0	6604	0	750	0	548	0	366	0	490	0	730	814	26622	0	1784	0	0	0	0	0	0	0	0	0	0	0	0	0	0	0	5796	0	0	0	4896	0	166	0	0	0	0	0	296	0	130	0	0	0	0	0	0	0	0	0	0	126	0	0	0	0	0	
181556	Cuneus_L	0	0	0	0	0	0	0	0	0	0	0	0	0	0	0	0	0	0	0	0	0	0	0	0	0	0	0	0	0	0	0	0	218	116	736	262	0	0	0	0	0	0	14892	5208	0	9316	2550	1110	22300	2646	13992	248	290	142	532	0	436	0	3482	0	0	0	0	0	0	0	10364	1420	166	0	0	0	0	0	0	0	0	0	0	0	0	0	0	0	156	196	0	0	0	0	0	0	0	0	0	0	0	0	0	0	0	0	0	0	0	0	0	0	0	0	0	0	0	0	0	0	
295152	Cuneus_R	0	0	0	0	0	0	0	0	0	0	0	0	0	0	0	0	0	0	0	156	0	0	0	0	0	0	0	0	0	0	0	0	0	1782	276	1032	0	0	0	0	0	0	6246	27024	9316	0	352	6696	582	41490	430	13124	0	1326	102	646	0	548	0	3520	0	442	0	0	0	284	3906	22738	0	496	0	0	0	0	0	0	0	0	0	0	0	0	0	0	0	4726	0	0	0	336	0	0	0	0	0	0	0	0	0	0	0	0	0	0	0	0	0	0	0	0	0	0	0	0	0	0	
241948	Lingual_L	168	0	0	0	0	0	0	0	0	0	0	0	0	0	0	0	0	0	0	0	0	0	0	0	0	0	0	0	100	0	0	0	0	0	1092	0	1262	0	1298	0	0	0	14928	728	2550	352	0	2094	4580	192	15494	0	6292	0	15530	932	300	0	0	0	0	0	0	0	0	0	5820	0	0	0	0	0	0	0	0	0	0	0	0	0	0	0	0	0	126	0	0	0	394	0	8904	772	1212	420	172	178	9844	522	12962	2214	834	0	1224	250	146	0	0	0	0	256	1554	4508	626	0	144	0	
296336	Lingual_R	0	0	0	0	0	0	0	0	0	0	0	0	0	0	0	0	0	0	0	230	0	0	0	0	0	0	0	0	0	0	0	0	0	1244	152	4008	0	2508	0	3734	0	0	3468	30024	1110	6696	2094	0	0	9206	100	5336	0	8956	1060	19278	0	370	0	0	0	0	0	0	0	0	152	12800	0	810	0	0	0	0	0	0	0	0	0	0	0	0	0	0	0	2884	0	0	0	3278	1228	3098	0	460	0	0	708	4670	2772	7994	0	0	0	0	0	0	0	0	0	0	2286	5202	252	0	0	0	
262180	Occipital_Sup_L	0	0	0	0	0	0	0	0	0	0	0	0	0	0	0	0	654	0	0	0	0	0	0	0	0	0	0	0	0	0	0	0	208	0	326	128	0	0	0	0	0	0	10830	228	22300	582	4580	0	0	0	42680	0	1806	0	1636	0	1494	0	15076	0	2322	0	268	0	3522	0	20124	312	138	0	0	0	0	0	0	0	0	0	0	0	254	0	0	0	1368	0	0	0	254	0	0	0	0	0	0	0	0	0	0	0	0	0	0	0	0	0	0	0	0	0	0	0	0	0	0	0	
308100	Occipital_Sup_R	316	194	262	98	0	0	0	0	0	0	0	178	0	0	0	0	0	0	268	180	0	0	0	0	0	0	0	0	0	0	0	0	0	614	0	654	0	0	0	0	0	0	2388	23668	2646	41490	192	9206	0	0	0	26504	0	1860	0	1232	0	996	0	8522	0	4756	0	258	0	5758	664	14418	0	458	0	0	0	0	0	0	0	0	0	0	0	192	0	0	0	5510	0	0	0	568	0	0	0	0	0	0	0	0	0	0	0	0	0	0	0	0	0	0	0	0	0	0	0	0	0	0	
522156	Occipital_Mid_L	1124	0	0	0	0	0	0	0	0	0	0	0	0	0	0	0	1496	0	0	0	0	0	0	0	0	0	0	0	328	0	0	0	204	0	970	654	382	184	0	0	0	0	25008	112	13992	430	15494	100	42680	0	0	0	23766	0	15474	0	10414	0	24580	0	15170	0	758	0	13190	0	28374	158	970	0	0	0	0	0	0	0	0	0	124	0	908	0	0	0	18688	0	0	0	4496	0	282	0	0	0	0	0	0	0	310	0	0	0	0	0	0	0	0	0	0	0	0	258	0	0	0	0	
218400	Occipital_Mid_R	142	0	122	0	0	0	0	0	0	0	0	0	0	0	0	0	0	0	122	0	0	0	0	0	0	0	0	0	0	0	0	0	0	200	0	298	0	0	0	0	0	0	260	11120	248	13124	0	5336	0	26504	0	0	0	5130	0	2446	0	278	0	3900	0	5132	0	332	0	12754	188	4358	0	142	0	0	0	0	0	0	0	0	0	0	0	466	0	0	0	15556	0	0	0	522	0	0	0	0	0	0	0	0	0	298	0	0	0	0	0	0	0	0	0	0	0	222	0	0	0	0	
159440	Occipital_Inf_L	740	0	0	0	0	0	0	0	0	0	0	0	0	0	0	0	312	0	0	0	0	0	0	0	0	0	0	0	128	0	0	0	0	0	252	170	150	0	0	0	0	0	7430	0	290	0	6292	0	1806	0	23766	0	0	0	15924	0	626	0	802	0	952	0	650	0	300	0	1766	0	324	0	0	0	0	0	0	0	0	0	0	0	478	0	0	0	8060	0	0	0	6860	0	878	0	0	0	0	0	0	0	360	124	0	0	0	0	0	0	0	0	0	0	0	280	0	0	0	0	
138728	Occipital_Inf_R	0	1462	0	0	0	0	0	0	0	0	0	0	0	0	0	0	0	0	0	514	0	0	0	0	0	0	0	0	0	182	0	0	0	352	0	1374	0	614	0	1004	0	0	104	9752	142	1326	0	8956	0	1860	0	5130	0	0	0	14462	0	314	0	0	0	0	0	0	0	0	0	5340	0	760	0	0	0	0	0	0	0	0	0	0	0	0	0	0	0	2564	0	0	0	9998	0	616	0	0	0	0	0	574	0	1244	0	0	0	0	0	0	0	0	0	0	0	720	0	0	0	0	
412836	Fusiform_L	3556	160	512	118	0	0	242	0	0	0	0	0	0	0	0	0	2876	0	600	184	0	0	0	0	0	0	0	0	5976	0	0	0	0	0	1140	700	12538	156	3738	0	1520	0	9918	0	532	102	15530	1060	1636	0	15474	0	15924	0	0	808	1156	0	1050	0	1776	0	1690	0	132	0	3938	0	898	0	146	0	1164	0	0	0	682	0	3400	0	2622	0	1378	0	5600	0	166	0	17180	0	21292	594	4124	206	130	0	7926	284	23192	1692	3064	0	1116	0	140	0	0	0	0	0	648	3710	322	0	0	0	
432272	Fusiform_R	726	2086	620	2026	0	0	0	1156	0	0	0	398	0	140	0	0	0	0	618	1734	0	0	0	0	0	0	0	0	0	4510	0	0	0	288	158	1442	242	22654	136	18398	0	3902	0	6604	0	646	932	19278	0	1232	0	2446	0	14462	808	0	0	390	0	0	0	112	0	236	0	116	0	3766	0	462	0	0	0	6316	0	338	0	428	0	608	0	3900	0	3062	0	4002	0	1512	0	26250	916	15326	0	1174	0	400	288	8654	1988	19936	0	0	0	230	0	0	0	0	0	102	1872	5946	164	0	0	0	
279080	Postcentral_L	27838	872	3950	0	0	0	1926	0	0	0	4266	0	1202	0	0	0	10782	0	3786	958	0	0	0	0	0	0	0	0	5482	0	0	0	314	0	1786	1590	1460	180	0	0	0	0	1482	0	436	0	300	0	1494	0	10414	0	626	0	1156	0	0	0	7358	0	19554	0	9148	0	1248	0	9040	0	2172	0	746	0	408	0	0	0	104	0	2626	0	2814	0	0	0	1594	0	0	0	428	0	0	0	0	0	0	0	0	0	0	0	0	0	0	0	0	0	0	0	0	0	0	0	0	0	0	0	
149824	Postcentral_R	740	10226	242	532	0	0	0	160	0	0	0	982	0	144	0	0	0	5172	280	1244	0	0	0	0	0	0	0	0	0	1080	0	0	0	1780	0	526	0	190	0	0	0	0	0	750	0	548	0	370	0	996	0	278	0	314	0	390	0	0	0	6272	0	6960	0	11770	0	464	0	4810	0	6086	0	0	104	236	0	0	0	0	0	1194	0	1672	0	0	0	3996	0	0	0	4404	0	0	0	0	0	0	0	0	0	0	0	0	0	0	0	0	0	0	0	0	0	0	0	0	0	0	
177640	Parietal_Sup_L	182	0	0	0	0	0	0	0	0	0	0	0	0	0	0	0	516	0	0	0	0	0	0	0	0	0	0	0	116	0	0	0	0	0	0	0	0	0	0	0	0	0	520	0	3482	0	0	0	15076	0	24580	0	802	0	1050	0	7358	0	0	0	14262	0	204	0	2056	0	15990	132	174	0	0	0	0	0	0	0	0	0	0	0	378	0	0	0	1250	0	0	0	692	0	0	0	0	0	0	0	0	0	0	0	0	0	0	0	0	0	0	0	0	0	0	0	0	0	0	0	
111528	Parietal_Sup_R	1202	392	786	142	0	0	0	384	0	0	0	140	0	0	0	0	0	0	784	136	0	0	0	0	0	0	0	0	0	0	0	0	0	0	0	0	0	0	0	0	0	0	0	548	0	3520	0	0	0	8522	0	3900	0	0	0	0	0	6272	0	0	0	9770	0	5254	0	5102	1144	6300	0	168	0	0	102	0	0	0	0	0	0	0	0	0	0	0	0	692	0	0	0	504	0	0	0	0	0	0	0	0	0	0	0	0	0	0	0	0	0	0	0	0	0	0	0	0	0	0	
184480	Parietal_Inf_L	840	0	430	0	0	0	0	0	0	0	0	0	0	0	0	0	1188	0	428	0	0	0	0	0	0	0	0	0	226	0	0	0	0	0	0	0	178	0	0	0	0	0	0	0	0	0	0	0	2322	0	15170	0	952	0	1776	0	19554	0	14262	0	0	0	13706	0	9908	0	4062	0	0	0	366	0	170	0	0	0	0	0	0	0	1040	0	0	0	3692	0	0	0	1970	0	0	0	0	0	0	0	0	0	0	0	0	0	0	0	0	0	0	0	0	0	0	0	0	0	0	0	
141812	Parietal_Inf_R	1292	508	802	158	0	0	0	384	0	0	0	0	0	0	0	0	0	0	800	150	0	0	0	0	0	0	0	0	0	0	0	0	0	0	0	0	100	0	0	0	0	0	0	366	0	442	0	0	0	4756	0	5132	0	0	0	112	0	6960	0	9770	0	0	0	15226	0	14738	0	1818	0	0	0	0	116	0	0	0	0	0	0	0	0	246	0	0	0	4080	0	0	0	2950	0	0	0	0	0	0	0	0	0	0	0	0	0	0	0	0	0	0	0	0	0	0	0	0	0	0	
118688	SupraMarginal_L	730	0	268	0	0	0	0	0	0	0	0	0	0	0	0	0	2560	0	264	0	0	0	0	0	0	0	0	0	292	0	0	0	0	0	0	0	0	0	0	0	0	0	0	0	0	0	0	0	268	0	758	0	650	0	1690	0	9148	0	204	0	13706	0	0	0	4674	0	302	0	0	0	0	0	0	0	0	0	0	0	204	0	8290	0	0	0	10016	0	0	0	5204	0	0	0	0	0	0	0	0	0	116	0	0	0	0	0	0	0	0	0	0	0	0	0	0	0	0	0	
137804	SupraMarginal_R	1168	1214	670	132	0	0	0	368	0	0	0	0	0	0	0	0	0	3188	668	132	0	0	0	0	0	0	0	0	0	0	0	0	0	0	0	0	0	0	0	0	0	0	0	490	0	0	0	0	0	258	0	332	0	0	0	236	0	11770	0	5254	0	15226	0	0	0	4482	0	1832	0	150	0	0	108	0	0	0	0	0	0	734	0	5704	0	0	0	9478	0	0	0	5308	0	0	0	0	0	0	0	0	0	0	0	0	0	0	0	0	0	0	0	0	0	0	0	0	0	0	
100796	Angular_L	0	0	0	0	0	0	0	0	0	0	0	0	0	0	0	0	326	0	0	0	0	0	0	0	0	0	0	0	0	0	0	0	0	0	0	0	0	0	0	0	0	0	0	0	0	0	0	0	3522	0	13190	0	300	0	132	0	1248	0	2056	0	9908	0	4674	0	0	0	2614	0	0	0	0	0	0	0	0	0	0	0	0	0	1468	0	0	0	9286	0	0	0	1674	0	0	0	0	0	0	0	0	0	0	0	0	0	0	0	0	0	0	0	0	0	0	0	0	0	0	0	
114168	Angular_R	0	550	0	0	0	0	0	0	0	0	0	0	0	0	0	0	0	0	0	0	0	0	0	0	0	0	0	0	0	0	0	0	0	0	0	0	0	0	0	0	0	0	0	730	0	284	0	0	0	5758	0	12754	0	0	0	116	0	464	0	5102	0	14738	0	4482	0	0	0	2762	0	98	0	0	0	0	0	0	0	0	0	0	0	2690	0	0	0	6050	0	0	0	506	0	0	0	0	0	0	0	0	0	0	0	0	0	0	0	0	0	0	0	0	0	0	0	0	0	0	
320412	Precuneus_L	334	370	0	0	0	0	0	0	0	0	0	0	0	0	0	0	1006	0	0	624	0	0	0	0	0	0	0	0	104	0	0	0	2950	1410	6094	2816	1664	622	982	418	0	0	16404	814	10364	3906	5820	152	20124	664	28374	188	1766	0	3938	0	9040	0	15990	1144	4062	0	302	0	2614	0	0	9026	2582	292	0	0	0	0	0	0	0	0	218	0	450	0	0	0	1916	0	0	0	542	0	0	0	0	0	0	0	0	0	0	0	0	0	0	0	0	0	0	0	0	0	120	0	0	0	0	0	
342876	Precuneus_R	232	368	160	142	0	0	0	0	0	0	0	0	0	0	0	0	0	0	178	1912	0	0	0	0	0	0	0	0	0	0	0	0	434	9200	2878	13456	802	3402	260	2482	0	0	924	26622	1420	22738	0	12800	312	14418	158	4358	0	5340	0	3766	0	4810	132	6300	0	1818	0	1832	0	2762	9026	0	178	5360	0	0	0	0	0	0	0	0	0	0	0	0	0	0	0	4028	0	0	0	4746	0	130	0	0	0	0	0	562	0	0	0	0	0	0	0	0	0	0	0	0	992	0	0	0	0	0	
238892	Paracentral_Lobule_L	21498	3580	8260	6290	0	0	548	0	0	0	0	0	0	0	0	0	0	0	21098	21526	0	0	0	0	0	0	0	0	138	0	0	0	3578	8516	3556	874	948	194	0	0	0	0	356	0	166	0	0	0	138	0	970	0	324	0	898	0	2172	0	174	0	0	0	0	0	0	0	2582	178	0	4472	882	214	686	0	874	0	2844	144	0	0	110	0	0	0	352	0	0	0	306	0	0	0	0	0	0	0	0	0	0	0	0	0	0	0	0	0	0	0	0	0	0	0	0	0	0	0	
129472	Paracentral_Lobule_R	978	3448	0	0	0	0	0	0	0	0	0	0	0	0	0	0	0	0	1598	13408	0	0	0	0	0	0	0	0	0	0	0	0	408	13782	1062	4238	0	330	0	0	0	0	0	1784	0	496	0	810	0	458	0	142	0	760	0	462	0	6086	0	168	0	0	0	150	0	98	292	5360	4472	0	0	0	0	0	0	0	0	0	0	0	0	0	0	0	0	1540	0	0	0	2406	0	0	0	0	0	0	0	0	0	0	0	0	0	0	0	0	0	0	0	0	0	0	0	0	0	0	
362632	Caudate_L	9288	668	9844	6260	1518	974	1860	2464	246	0	9130	2676	3796	2034	1144	0	2228	2260	9902	5272	7066	8574	428	826	458	1222	3776	2750	12568	3122	9988	6700	0	2282	0	0	1798	0	0	0	0	0	0	0	0	0	0	0	0	0	0	0	0	0	146	0	746	0	0	0	366	0	0	0	0	0	0	0	882	0	0	10822	20656	2126	1908	514	6840	126	0	0	1680	0	1382	0	0	0	0	0	0	0	0	0	0	0	0	0	0	0	0	0	0	0	0	0	0	0	0	0	0	0	0	0	0	0	0	0	
399828	Caudate_R	5738	2834	838	30984	428	5496	342	3606	0	450	180	1024	0	1056	396	2794	114	182	1432	21732	3828	7932	216	10034	0	3212	1176	4332	794	3656	2820	21036	120	136	0	0	622	602	0	0	0	0	0	0	0	0	0	0	0	0	0	0	0	0	0	0	0	0	0	0	0	0	0	0	0	0	0	0	214	0	10822	0	6090	22622	402	2334	782	16506	0	0	0	0	0	0	0	0	0	0	0	0	0	0	0	0	0	0	0	0	0	0	0	0	0	0	0	0	0	0	0	0	0	0	0	0	0	0	
394704	Putamen_L	17054	664	20758	3696	6184	240	6052	1790	758	0	1428	242	2198	332	4760	0	620	130	20698	3154	3026	4506	686	212	98	282	580	838	24930	234	9092	3304	0	1054	0	0	11530	148	576	0	884	0	0	0	0	0	0	0	0	0	0	0	0	0	1164	0	408	104	0	102	170	116	0	108	0	0	0	0	686	0	20656	6090	0	1692	6736	104	4008	144	112	0	476	0	1196	0	0	0	0	0	542	0	0	0	0	0	0	0	0	0	0	0	0	0	0	0	0	0	0	0	0	0	0	0	0	0	0	0	
361184	Putamen_R	492	2958	418	23632	0	3822	0	8088	0	348	0	4756	0	1170	0	2748	0	872	1150	15036	124	1920	100	7182	0	2340	0	2402	128	18262	548	11894	124	0	0	0	310	18130	132	6452	0	1390	0	0	0	0	0	0	0	0	0	0	0	0	0	6316	0	236	0	0	0	0	0	0	0	0	0	0	0	0	2126	22622	1692	0	240	3454	0	3996	0	0	0	540	0	102	0	608	0	0	0	754	0	0	0	0	0	0	0	532	0	446	0	0	0	0	0	0	0	0	0	0	0	0	0	0	0	0	
65448	Pallidum_L	6578	0	6160	110	0	0	936	0	0	0	0	0	0	0	0	0	0	0	5988	0	0	292	0	0	0	0	0	0	0	0	0	0	0	0	0	0	1036	0	0	0	0	0	0	0	0	0	0	0	0	0	0	0	0	0	0	0	0	0	0	0	0	0	0	0	0	0	0	0	874	0	1908	402	6736	240	0	0	1464	0	0	0	0	0	0	0	0	0	0	0	0	0	0	0	0	0	0	0	0	0	0	0	0	0	0	0	0	0	0	0	0	0	0	0	0	0	0	0	
28440	Pallidum_R	0	406	0	1906	0	0	0	974	0	0	0	0	0	0	0	0	0	0	0	1454	0	100	0	0	0	0	0	0	0	136	0	0	0	0	0	0	0	1656	0	844	0	0	0	0	0	0	0	0	0	0	0	0	0	0	0	338	0	0	0	0	0	0	0	0	0	0	0	0	0	0	514	2334	104	3454	0	0	0	0	0	0	0	0	0	0	0	0	0	0	0	0	0	0	0	0	0	0	0	0	0	0	0	0	0	0	0	0	0	0	0	0	0	0	0	0	0	0	
157820	Thalamus_L	21240	1046	5730	980	0	0	8940	0	0	0	408	0	0	0	0	0	174	0	5594	204	0	0	0	0	0	0	0	0	2834	0	0	0	0	0	0	0	8220	0	1066	0	0	0	0	0	0	0	0	0	0	0	0	0	0	0	682	0	104	0	0	0	0	0	0	0	0	0	0	0	2844	0	6840	782	4008	0	1464	0	0	2416	716	0	222	0	0	0	1008	0	0	0	1388	0	0	0	0	0	0	0	0	0	0	0	0	0	0	0	0	0	0	0	0	0	0	0	0	0	0	0	
172268	Thalamus_R	7314	5420	0	18208	0	0	428	476	0	0	0	642	0	188	0	0	0	256	0	14204	0	0	0	0	0	0	0	0	270	2196	0	280	0	0	244	0	2592	6142	1084	1948	0	0	0	0	0	0	0	0	0	0	0	0	0	0	0	428	0	0	0	0	0	0	0	0	0	0	0	0	144	0	126	16506	144	3996	0	0	2416	0	270	0	0	108	0	0	0	0	0	0	104	0	0	0	0	0	0	0	0	0	0	0	0	0	0	0	0	0	0	0	0	0	0	0	0	0	0	0	
88068	Heschl_L	5258	234	966	198	0	0	934	0	0	0	100	0	0	0	0	0	6508	0	924	0	0	0	0	0	0	0	0	0	7606	0	0	0	0	0	0	0	2732	0	0	0	0	0	176	0	0	0	0	0	0	0	124	0	0	0	3400	0	2626	0	0	0	0	0	204	0	0	0	218	0	0	0	0	0	112	0	0	0	716	270	0	0	4090	0	0	0	1332	0	0	0	5040	0	266	0	0	0	0	0	0	0	0	0	0	0	0	0	0	0	0	0	0	0	0	0	0	0	0	0	
42144	Heschl_R	710	970	714	252	0	0	0	0	0	0	0	212	0	0	0	0	0	4446	712	202	0	0	0	0	0	0	0	0	0	3756	0	0	0	0	0	0	0	536	0	126	0	0	0	0	0	0	0	0	0	0	0	0	0	0	0	608	0	1194	0	0	0	0	0	734	0	0	0	0	0	0	0	0	0	0	0	0	0	0	0	0	0	3412	0	0	0	874	0	0	0	1614	0	0	0	0	0	0	0	0	0	0	0	0	0	0	0	0	0	0	0	0	0	0	0	0	0	0	
197348	Temporal_Sup_L	1508	0	1352	424	0	0	324	0	0	0	4244	168	298	262	0	0	9448	310	866	316	0	0	0	0	0	0	0	0	6062	282	98	0	0	122	0	0	2148	0	0	0	0	0	150	0	0	0	0	0	254	0	908	0	478	0	2622	0	2814	0	378	0	1040	0	8290	0	1468	0	450	0	110	0	1680	0	476	0	0	0	222	0	4090	0	0	0	4282	0	24164	0	550	0	16016	0	0	0	0	0	0	0	0	0	0	0	0	0	0	0	0	0	0	0	0	0	0	0	0	0	0	0	
126216	Temporal_Sup_R	684	936	690	554	0	0	0	210	0	0	0	146	0	116	0	0	0	5396	692	146	0	0	0	196	0	0	0	0	0	6642	0	392	0	0	0	0	0	1926	0	822	0	0	0	0	0	0	0	0	0	192	0	466	0	0	0	3900	0	1672	0	0	0	246	0	5704	0	2690	0	0	0	0	0	0	0	540	0	0	0	108	0	3412	0	0	0	3254	0	15594	0	178	0	5604	0	0	0	0	0	0	0	0	0	0	0	0	0	0	0	0	0	0	0	0	0	0	0	0	0	0	
88052	Temporal_Pole_Sup_L	110	0	1058	250	1004	0	156	0	436	0	3158	140	860	308	1640	0	2552	260	360	204	164	0	0	0	0	0	0	0	4806	224	102	0	0	100	0	0	550	0	0	0	344	0	0	0	0	0	0	0	0	0	0	0	0	0	1378	0	0	0	0	0	0	0	0	0	0	0	0	0	0	0	1382	0	1196	0	0	0	0	0	0	0	4282	0	0	0	6276	0	4580	0	6146	0	0	0	0	0	0	0	0	0	0	0	0	0	0	0	0	0	0	0	0	0	0	0	0	0	0	0	
48752	Temporal_Pole_Sup_R	0	0	0	922	0	0	0	428	0	0	0	380	0	160	0	168	0	2050	0	114	0	0	0	320	0	0	0	0	0	3010	120	626	0	0	0	0	0	422	0	836	0	1146	0	0	0	0	0	0	0	0	0	0	0	0	0	3062	0	0	0	0	0	0	0	0	0	0	0	0	0	0	0	0	0	102	0	0	0	0	0	0	0	3254	0	0	0	2280	0	2804	0	2172	0	0	0	0	0	0	0	0	0	0	0	0	0	0	0	0	0	0	0	0	0	0	0	0	0	0	
294576	Temporal_Mid_L	952	0	0	0	0	0	0	0	0	0	0	0	0	0	0	0	1988	0	0	0	0	0	0	0	0	0	0	0	684	0	0	0	0	0	168	142	1552	0	0	0	0	0	1242	0	156	0	126	0	1368	0	18688	0	8060	0	5600	0	1594	0	1250	0	3692	0	10016	0	9286	0	1916	0	352	0	0	0	0	0	0	0	1008	0	1332	0	24164	0	6276	0	0	0	4174	0	41380	0	122	0	0	0	0	0	0	0	0	0	0	0	0	0	0	0	0	0	0	0	0	0	0	0	0	0	
255208	Temporal_Mid_R	192	2926	186	0	0	0	0	0	0	0	0	0	0	0	0	0	0	414	186	486	0	0	0	0	0	0	0	0	0	2756	0	0	0	650	0	124	0	1424	0	716	0	0	100	5796	196	4726	0	2884	0	5510	0	15556	0	2564	0	4002	0	3996	0	692	0	4080	0	9478	0	6050	0	4028	0	1540	0	0	0	608	0	0	0	0	0	874	0	15594	0	2280	0	0	0	1336	0	25248	0	0	0	0	0	0	0	0	0	238	0	0	0	0	0	0	0	0	0	0	0	168	0	0	0	0	
26668	Temporal_Pole_Mid_L	0	0	0	0	0	0	0	0	0	0	0	0	0	0	0	0	0	0	0	0	0	0	0	0	0	0	0	0	0	0	0	0	0	0	0	0	0	0	0	0	0	0	0	0	0	0	0	0	0	0	0	0	0	0	166	0	0	0	0	0	0	0	0	0	0	0	0	0	0	0	0	0	0	0	0	0	0	0	0	0	550	0	4580	0	4174	0	0	0	3864	0	0	0	0	0	0	0	0	0	0	0	0	0	0	0	0	0	0	0	0	0	0	0	0	0	0	0	
15616	Temporal_Pole_Mid_R	0	0	0	0	0	0	0	0	0	0	0	0	0	0	0	0	0	0	0	0	0	0	0	0	0	0	0	0	0	0	0	0	0	0	0	0	0	0	0	260	0	0	0	0	0	0	0	0	0	0	0	0	0	0	0	1512	0	0	0	0	0	0	0	0	0	0	0	0	0	0	0	0	0	0	0	0	0	0	0	0	0	178	0	2804	0	1336	0	0	0	1718	0	0	0	0	0	0	0	0	0	0	0	0	0	0	0	0	0	0	0	0	0	0	0	0	0	0	
267828	Temporal_Inf_L	1088	104	304	136	0	0	0	0	0	0	0	0	0	0	0	0	2042	0	372	0	0	0	0	0	0	0	0	0	2346	0	0	0	0	0	98	0	7412	0	0	0	268	0	1932	0	0	0	394	0	254	0	4496	0	6860	0	17180	0	428	0	692	0	1970	0	5204	0	1674	0	542	0	306	0	0	0	542	0	0	0	1388	104	5040	0	16016	0	6146	0	41380	0	3864	0	0	0	1768	0	368	0	0	0	136	0	718	0	226	0	116	0	0	0	0	0	0	0	0	0	0	0	0	0	
271280	Temporal_Inf_R	1420	5238	1196	1388	0	0	0	0	0	0	0	0	0	0	0	0	0	130	1196	2500	0	0	0	0	0	0	0	0	0	4948	0	0	0	780	0	2184	0	5248	0	2686	0	0	0	4896	0	336	0	3278	0	568	0	522	0	9998	0	26250	0	4404	0	504	0	2950	0	5308	0	506	0	4746	0	2406	0	0	0	754	0	0	0	0	0	1614	0	5604	0	2172	0	25248	0	1718	0	0	0	1640	0	0	0	120	0	480	0	556	0	0	0	0	0	0	0	0	0	0	148	0	0	0	0	0	
467120	Cerebelum_Crus1_L	378	0	0	0	0	0	0	0	0	0	0	0	0	0	0	0	0	0	0	0	0	0	0	0	0	0	0	0	564	0	0	0	0	0	0	0	448	0	156	0	0	0	110	0	0	0	8904	1228	0	0	282	0	878	0	21292	916	0	0	0	0	0	0	0	0	0	0	0	0	0	0	0	0	0	0	0	0	0	0	266	0	0	0	0	0	122	0	0	0	1768	0	0	2470	45190	2664	1122	480	23318	1206	50048	3584	22196	1046	20310	370	2544	274	686	0	0	216	4272	7550	5304	536	684	178	
385444	Cerebelum_Crus1_R	0	0	0	0	0	0	0	0	0	0	0	0	0	0	0	0	0	0	0	0	0	0	0	0	0	0	0	0	0	0	0	0	0	0	0	0	0	142	0	196	0	0	0	166	0	0	772	3098	0	0	0	0	0	616	594	15326	0	0	0	0	0	0	0	0	0	0	0	130	0	0	0	0	0	0	0	0	0	0	0	0	0	0	0	0	0	0	0	0	0	1640	2470	0	1392	32644	376	5352	1418	16300	3158	49316	976	3520	2864	15858	870	2296	0	2084	0	2084	5762	10888	7046	1888	1324	156	
351028	Cerebelum_Crus2_L	0	0	0	0	0	0	0	0	0	0	0	0	0	0	0	0	0	0	0	0	0	0	0	0	0	0	0	0	0	0	0	0	0	0	0	0	0	0	0	0	0	0	0	0	0	0	1212	0	0	0	0	0	0	0	4124	0	0	0	0	0	0	0	0	0	0	0	0	0	0	0	0	0	0	0	0	0	0	0	0	0	0	0	0	0	0	0	0	0	368	0	45190	1392	0	4946	696	428	7452	850	12990	970	39446	2688	34054	2530	2748	0	1078	0	0	208	2356	664	6698	2198	228	0	
294080	Cerebelum_Crus2_R	0	0	0	0	0	0	0	0	0	0	0	0	0	0	0	0	0	0	0	0	0	0	0	0	0	0	0	0	0	0	0	0	0	0	0	0	0	0	0	0	0	0	0	0	0	0	420	460	0	0	0	0	0	0	206	1174	0	0	0	0	0	0	0	0	0	0	0	0	0	0	0	0	0	0	0	0	0	0	0	0	0	0	0	0	0	0	0	0	0	0	2664	32644	4946	0	678	1722	1134	1416	1576	11230	5426	14330	8072	25380	1462	2134	102	1930	0	872	1292	5578	12882	5272	1824	214	
35848	Cerebelum_3_L	0	0	0	0	0	0	0	0	0	0	0	0	0	0	0	0	0	0	0	0	0	0	0	0	0	0	0	0	0	0	0	0	0	0	0	0	0	0	252	0	0	0	0	0	0	0	172	0	0	0	0	0	0	0	130	0	0	0	0	0	0	0	0	0	0	0	0	0	0	0	0	0	0	0	0	0	0	0	0	0	0	0	0	0	0	0	0	0	0	0	1122	376	696	678	0	330	3908	226	902	494	154	134	1814	656	2034	190	0	0	162	288	556	392	1444	358	456	0	
91716	Cerebelum_3_R	0	0	0	0	0	0	0	0	0	0	0	0	0	0	0	0	0	0	0	0	0	0	0	0	0	0	0	0	0	0	0	0	0	0	0	0	0	0	0	0	0	0	0	0	0	0	178	0	0	0	0	0	0	0	0	400	0	0	0	0	0	0	0	0	0	0	0	0	0	0	0	0	0	0	0	0	0	0	0	0	0	0	0	0	0	0	0	0	0	120	480	5352	428	1722	330	0	1330	6258	202	6814	338	0	1352	2400	368	2464	0	0	424	4288	2462	1538	2262	1720	2518	110	
267376	Cerebelum_4_5_L	0	0	0	0	0	0	0	0	0	0	0	0	0	0	0	0	0	0	0	0	0	0	0	0	0	0	0	0	0	0	0	0	0	0	0	0	540	0	970	0	0	0	262	0	0	0	9844	708	0	0	0	0	0	0	7926	288	0	0	0	0	0	0	0	0	0	0	0	0	0	0	0	0	0	0	0	0	0	0	0	0	0	0	0	0	0	0	0	0	136	0	23318	1418	7452	1134	3908	1330	0	2664	27978	2522	3744	98	8196	1322	3568	806	148	0	220	1314	11168	4750	1948	374	1844	1790	
194736	Cerebelum_4_5_R	0	0	0	210	0	0	0	220	0	0	0	0	0	0	0	0	0	0	0	0	0	0	0	0	0	0	0	0	0	0	0	0	0	0	0	0	0	1886	0	3066	0	0	0	296	0	0	522	4670	0	0	0	0	0	574	284	8654	0	0	0	0	0	0	0	0	0	0	0	562	0	0	0	0	0	532	0	0	0	0	0	0	0	0	0	0	0	0	0	0	0	480	1206	16300	850	1416	226	6258	2664	0	916	25714	300	0	1466	1590	108	304	0	146	0	1774	10586	1586	1258	330	414	0	
368904	Cerebelum_6_L	0	0	0	0	0	0	0	0	0	0	0	0	0	0	0	0	0	0	0	0	0	0	0	0	0	0	0	0	0	0	0	0	0	0	0	0	492	0	388	0	0	0	112	0	0	0	12962	2772	0	0	310	0	360	0	23192	1988	0	0	0	0	0	0	116	0	0	0	0	0	0	0	0	0	0	0	0	0	0	0	0	0	0	0	0	0	0	0	0	0	718	0	50048	3158	12990	1576	902	202	27978	916	0	5818	8388	268	5732	392	1800	198	398	0	0	120	4126	12226	2888	204	580	134	
388464	Cerebelum_6_R	0	148	0	224	0	0	0	320	0	0	0	0	0	0	0	0	0	0	0	0	0	0	0	0	0	0	0	0	0	0	0	0	0	0	0	0	0	830	0	832	0	0	98	130	0	0	2214	7994	0	0	0	298	124	1244	1692	19936	0	0	0	0	0	0	0	0	0	0	0	0	0	0	0	0	0	446	0	0	0	0	0	0	0	0	0	0	0	238	0	0	0	556	3584	49316	970	11230	494	6814	2522	25714	5818	0	422	306	3044	4968	1138	1968	0	906	0	2652	9470	15588	6104	1836	1876	168	
292400	Cerebelum_7b_L	0	0	0	0	0	0	0	0	0	0	0	0	0	0	0	0	0	0	0	0	0	0	0	0	0	0	0	0	0	0	0	0	0	0	0	0	0	0	0	0	0	0	0	0	0	0	834	0	0	0	0	0	0	0	3064	0	0	0	0	0	0	0	0	0	0	0	0	0	0	0	0	0	0	0	0	0	0	0	0	0	0	0	0	0	0	0	0	0	226	0	22196	976	39446	5426	154	338	3744	300	8388	422	0	4136	35340	4716	2846	0	1388	0	0	174	708	228	5702	5448	0	0	
118172	Cerebelum_7b_R	0	0	0	0	0	0	0	0	0	0	0	0	0	0	0	0	0	0	0	0	0	0	0	0	0	0	0	0	0	0	0	0	0	0	0	0	0	0	0	0	0	0	0	0	0	0	0	0	0	0	0	0	0	0	0	0	0	0	0	0	0	0	0	0	0	0	0	0	0	0	0	0	0	0	0	0	0	0	0	0	0	0	0	0	0	0	0	0	0	0	1046	3520	2688	14330	134	0	98	0	268	306	4136	0	4404	15564	442	1232	0	192	0	0	0	504	4304	5030	888	0	
373564	Cerebelum_8_L	0	0	0	0	0	0	0	0	0	0	0	0	0	0	0	0	0	0	0	0	0	0	0	0	0	0	0	0	0	0	0	0	0	0	0	0	0	0	0	0	0	0	0	0	0	0	1224	0	0	0	0	0	0	0	1116	0	0	0	0	0	0	0	0	0	0	0	0	0	0	0	0	0	0	0	0	0	0	0	0	0	0	0	0	0	0	0	0	0	116	0	20310	2864	34054	8072	1814	1352	8196	1466	5732	3044	35340	4404	0	9846	14172	1316	3342	186	0	668	3648	1378	10726	8662	3372	362	
259596	Cerebelum_8_R	0	0	0	0	0	0	0	0	0	0	0	0	0	0	0	0	0	0	0	0	0	0	0	0	0	0	0	0	0	0	0	0	0	0	0	0	0	0	0	0	0	0	0	0	0	0	250	0	0	0	0	0	0	0	0	230	0	0	0	0	0	0	0	0	0	0	0	0	0	0	0	0	0	0	0	0	0	0	0	0	0	0	0	0	0	0	0	0	0	0	370	15858	2530	25380	656	2400	1322	1590	392	4968	4716	15564	9846	0	1262	11204	0	3974	0	1350	1684	1824	7560	10224	4188	456	
104976	Cerebelum_9_L	0	0	0	0	0	0	0	0	0	0	0	0	0	0	0	0	0	0	0	0	0	0	0	0	0	0	0	0	0	0	0	0	0	0	0	0	0	0	0	0	0	0	0	0	0	0	146	0	0	0	0	0	0	0	140	0	0	0	0	0	0	0	0	0	0	0	0	0	0	0	0	0	0	0	0	0	0	0	0	0	0	0	0	0	0	0	0	0	0	0	2544	870	2748	1462	2034	368	3568	108	1800	1138	2846	442	14172	1262	0	1390	3602	0	0	184	656	2012	3086	1774	3090	1046	
94432	Cerebelum_9_R	0	0	0	0	0	0	0	0	0	0	0	0	0	0	0	0	0	0	0	0	0	0	0	0	0	0	0	0	0	0	0	0	0	0	0	0	0	0	0	0	0	0	0	0	0	0	0	0	0	0	0	0	0	0	0	0	0	0	0	0	0	0	0	0	0	0	0	0	0	0	0	0	0	0	0	0	0	0	0	0	0	0	0	0	0	0	0	0	0	0	274	2296	0	2134	190	2464	806	304	198	1968	0	1232	1316	11204	1390	0	0	2602	494	1060	1074	2876	2562	3670	5492	1610	
21864	Cerebelum_10_L	0	0	0	0	0	0	0	0	0	0	0	0	0	0	0	0	0	0	0	0	0	0	0	0	0	0	0	0	0	0	0	0	0	0	0	0	0	0	0	0	0	0	0	0	0	0	0	0	0	0	0	0	0	0	0	0	0	0	0	0	0	0	0	0	0	0	0	0	0	0	0	0	0	0	0	0	0	0	0	0	0	0	0	0	0	0	0	0	0	0	686	0	1078	102	0	0	148	0	398	0	1388	0	3342	0	3602	0	0	0	0	0	0	0	188	0	0	0	
24440	Cerebelum_10_R	0	0	0	0	0	0	0	0	0	0	0	0	0	0	0	0	0	0	0	0	0	0	0	0	0	0	0	0	0	0	0	0	0	0	0	0	0	0	0	0	0	0	0	0	0	0	0	0	0	0	0	0	0	0	0	0	0	0	0	0	0	0	0	0	0	0	0	0	0	0	0	0	0	0	0	0	0	0	0	0	0	0	0	0	0	0	0	0	0	0	0	2084	0	1930	0	0	0	146	0	906	0	192	186	3974	0	2602	0	0	0	0	0	0	200	0	0	0	
9156	Vermis_1_2	0	0	0	0	0	0	0	0	0	0	0	0	0	0	0	0	0	0	0	0	0	0	0	0	0	0	0	0	0	0	0	0	0	0	0	0	0	0	0	0	0	0	0	0	0	0	0	0	0	0	0	0	0	0	0	0	0	0	0	0	0	0	0	0	0	0	0	0	0	0	0	0	0	0	0	0	0	0	0	0	0	0	0	0	0	0	0	0	0	0	0	0	0	0	162	424	220	0	0	0	0	0	0	0	0	494	0	0	0	1820	230	394	100	202	408	124	
50536	Vermis_3	0	0	0	0	0	0	0	0	0	0	0	0	0	0	0	0	0	0	0	0	0	0	0	0	0	0	0	0	0	0	0	0	0	0	0	0	0	0	0	0	0	0	0	0	0	0	256	0	0	0	0	0	0	0	0	102	0	0	0	0	0	0	0	0	0	0	0	0	0	0	0	0	0	0	0	0	0	0	0	0	0	0	0	0	0	0	0	0	0	0	216	2084	208	872	288	4288	1314	1774	120	2652	174	0	668	1350	184	1060	0	0	1820	0	2198	790	1048	646	1156	0	
170124	Vermis_4_5	0	0	0	0	0	0	0	0	0	0	0	0	0	0	0	0	0	0	0	0	0	0	0	0	0	0	0	0	0	0	0	0	0	152	234	894	0	138	0	124	0	0	230	126	0	0	1554	2286	0	0	0	0	0	0	648	1872	0	0	0	0	0	0	0	0	0	0	120	992	0	0	0	0	0	0	0	0	0	0	0	0	0	0	0	0	0	0	0	0	0	148	4272	5762	2356	1292	556	2462	11168	10586	4126	9470	708	0	3648	1684	656	1074	0	0	230	2198	0	6204	1774	496	2092	2730	
228976	Vermis_6	0	0	0	0	0	0	0	0	0	0	0	0	0	0	0	0	0	0	0	0	0	0	0	0	0	0	0	0	0	0	0	0	0	0	0	0	0	0	0	0	0	0	0	0	0	0	4508	5202	0	0	258	222	280	720	3710	5946	0	0	0	0	0	0	0	0	0	0	0	0	0	0	0	0	0	0	0	0	0	0	0	0	0	0	0	0	0	168	0	0	0	0	7550	10888	664	5578	392	1538	4750	1586	12226	15588	228	504	1378	1824	2012	2876	0	0	394	790	6204	0	5924	2530	4392	3658	
