data	data	565472	281044	1.00262e+06	868884	115176	64196	479128	189892	67448	4816	295416	162284	251368	108920	135540	63972	283028	78636	896364	757976	82716	75180	312844	454260	36128	137588	57032	84232	702876	263884	243748	481000	155516	342816	117344	141708	278424	265764	95816	133712	56192	43212	198380	326432	182932	354776	298644	233968	266604	330420	477796	245528	135524	74460	363308	309932	241164	176016	209720	101676	237784	74832	123464	83968	156948	111380	307052	335848	371396	144444	304264	494832	362672	325136	59728	33648	200692	184008	123008	20524	260424	71600	92448	29324	363708	134452	29872	8772	256904	116452	469928	328772	330216	219392	40608	65884	268460	210240	441680	370344	267912	149604	297152	236852	124940	109736	29096	10924	18868	40512	171932	156532	163964	95696	72552	27600	
data	data	Precentral_L	Precentral_R	Frontal_Sup_L	Frontal_Sup_R	Frontal_Sup_Orb_L	Frontal_Sup_Orb_R	Frontal_Mid_L	Frontal_Mid_R	Frontal_Mid_Orb_L	Frontal_Mid_Orb_R	Frontal_Inf_Oper_L	Frontal_Inf_Oper_R	Frontal_Inf_Tri_L	Frontal_Inf_Tri_R	Frontal_Inf_Orb_L	Frontal_Inf_Orb_R	Rolandic_Oper_L	Rolandic_Oper_R	Supp_Motor_Area_L	Supp_Motor_Area_R	Olfactory_L	Olfactory_R	Frontal_Sup_Medial_L	Frontal_Sup_Medial_R	Frontal_Med_Orb_L	Frontal_Med_Orb_R	Rectus_L	Rectus_R	Insula_L	Insula_R	Cingulum_Ant_L	Cingulum_Ant_R	Cingulum_Mid_L	Cingulum_Mid_R	Cingulum_Post_L	Cingulum_Post_R	Hippocampus_L	Hippocampus_R	ParaHippocampal_L	ParaHippocampal_R	Amygdala_L	Amygdala_R	Calcarine_L	Calcarine_R	Cuneus_L	Cuneus_R	Lingual_L	Lingual_R	Occipital_Sup_L	Occipital_Sup_R	Occipital_Mid_L	Occipital_Mid_R	Occipital_Inf_L	Occipital_Inf_R	Fusiform_L	Fusiform_R	Postcentral_L	Postcentral_R	Parietal_Sup_L	Parietal_Sup_R	Parietal_Inf_L	Parietal_Inf_R	SupraMarginal_L	SupraMarginal_R	Angular_L	Angular_R	Precuneus_L	Precuneus_R	Paracentral_Lobule_L	Paracentral_Lobule_R	Caudate_L	Caudate_R	Putamen_L	Putamen_R	Pallidum_L	Pallidum_R	Thalamus_L	Thalamus_R	Heschl_L	Heschl_R	Temporal_Sup_L	Temporal_Sup_R	Temporal_Pole_Sup_L	Temporal_Pole_Sup_R	Temporal_Mid_L	Temporal_Mid_R	Temporal_Pole_Mid_L	Temporal_Pole_Mid_R	Temporal_Inf_L	Temporal_Inf_R	Cerebelum_Crus1_L	Cerebelum_Crus1_R	Cerebelum_Crus2_L	Cerebelum_Crus2_R	Cerebelum_3_L	Cerebelum_3_R	Cerebelum_4_5_L	Cerebelum_4_5_R	Cerebelum_6_L	Cerebelum_6_R	Cerebelum_7b_L	Cerebelum_7b_R	Cerebelum_8_L	Cerebelum_8_R	Cerebelum_9_L	Cerebelum_9_R	Cerebelum_10_L	Cerebelum_10_R	Vermis_1_2	Vermis_3	Vermis_4_5	Vermis_6	Vermis_7	Vermis_8	Vermis_9	Vermis_10	
565472	Precentral_L	0	2020	25232	8634	0	0	21274	1422	0	0	13430	0	2586	0	0	0	8544	0	30202	9184	0	0	304	0	0	0	0	0	11172	0	110	0	132	1518	844	372	10544	184	892	0	0	0	0	0	0	0	0	0	1484	0	4084	0	1716	0	612	0	22336	98	1376	0	4298	0	700	0	806	0	1304	0	37348	862	9950	642	6344	0	2576	0	19374	886	4990	0	3110	0	128	0	6518	0	0	0	2594	0	0	0	0	0	0	0	0	0	0	0	0	0	0	0	0	0	0	0	0	0	0	0	0	0	0	0	
281044	Precentral_R	2020	0	1622	16382	0	0	0	9326	0	0	0	7402	0	216	0	0	0	1644	2020	2160	0	0	120	5686	0	310	0	0	0	3118	238	6952	0	0	1468	2548	918	6290	0	592	0	0	0	0	0	286	0	246	0	408	0	296	0	340	0	988	0	12578	0	310	0	508	0	1790	0	176	0	476	3026	2004	498	22594	0	3964	0	410	1740	14388	0	106	0	446	0	0	0	698	0	0	0	1214	0	0	0	0	0	0	0	0	0	0	0	0	0	0	0	0	0	0	0	0	0	0	0	0	0	0	
1.00262e+06	Frontal_Sup_L	25232	1622	0	13138	11638	0	55186	2586	3782	0	14682	1606	12372	124	6914	0	15350	182	95252	17302	150	102	44026	4890	3046	180	1130	128	41878	638	17182	3656	8012	6340	0	0	6856	332	440	0	0	0	0	0	0	0	0	0	188	0	214	0	0	0	488	0	4960	168	232	0	452	0	0	0	0	0	216	0	8396	0	7930	946	33398	466	6762	0	7246	218	3276	0	6910	0	1088	0	1036	0	0	0	624	142	0	0	0	0	0	0	0	0	0	0	0	0	0	0	0	0	0	0	0	0	0	0	0	0	0	0	
868884	Frontal_Sup_R	8634	16382	13138	0	0	4286	4430	22084	0	0	498	8828	450	7140	0	4772	116	6670	22894	86402	0	0	5372	47244	0	7464	0	1434	1140	14472	1750	28882	2250	14936	360	908	910	6898	0	1320	0	308	0	0	0	0	0	196	0	0	0	0	0	0	0	1002	470	1694	0	0	130	186	0	316	0	0	0	200	6588	0	6432	35094	366	20752	0	3694	644	13590	322	0	0	104	0	0	0	0	0	0	0	290	0	0	0	0	0	0	0	0	0	0	0	0	0	0	0	0	0	0	0	0	0	0	0	0	0	0	
115176	Frontal_Sup_Orb_L	0	0	11638	0	0	0	946	0	8232	0	0	0	576	0	8298	0	0	0	0	0	1816	474	4536	0	2726	0	4118	286	5096	0	2872	0	0	0	0	0	0	0	0	0	800	0	0	0	0	0	0	0	0	0	0	0	0	0	0	0	0	0	0	0	0	0	0	0	0	0	0	0	0	0	664	150	3246	0	0	0	0	0	0	0	0	0	1114	0	0	0	0	0	0	0	0	0	0	0	0	0	0	0	0	0	0	0	0	0	0	0	0	0	0	0	0	0	0	0	0	0	
64196	Frontal_Sup_Orb_R	0	0	0	4286	0	0	0	338	0	632	0	0	0	1060	0	1050	0	0	0	284	0	374	0	2958	0	6976	0	5026	0	848	0	2278	0	0	0	0	0	0	0	0	0	0	0	0	0	0	0	0	0	0	0	0	0	0	0	0	0	0	0	0	0	0	0	0	0	0	0	0	0	0	0	2202	0	3580	0	0	0	0	0	0	0	0	0	206	0	0	0	0	0	0	0	0	0	0	0	0	0	0	0	0	0	0	0	0	0	0	0	0	0	0	0	0	0	0	0	0	
479128	Frontal_Mid_L	21274	0	55186	4430	946	0	0	1406	4160	0	13540	0	33612	0	9282	0	4426	0	12790	3794	0	0	14948	626	0	0	0	0	24950	0	6562	372	4766	1178	0	0	2152	0	0	0	0	0	0	0	0	0	0	0	122	0	136	0	0	0	154	0	1762	0	102	0	308	0	0	0	0	0	120	0	196	0	3978	118	5232	0	0	0	646	0	1998	0	2722	0	910	0	430	0	0	0	230	0	0	0	0	0	0	0	0	0	0	0	0	0	0	0	0	0	0	0	0	0	0	0	0	0	0	0	
189892	Frontal_Mid_R	1422	9326	2586	22084	0	338	1406	0	0	432	1554	8100	1130	7088	0	1368	388	762	2876	1278	0	0	518	6890	0	550	0	0	1928	2582	176	4758	0	658	0	0	0	710	0	0	0	0	0	0	0	0	0	0	0	0	0	0	0	0	0	134	166	104	0	0	0	0	0	0	0	0	0	0	744	0	2930	5254	0	3872	0	504	0	0	0	0	0	0	0	0	0	0	0	0	0	330	0	0	0	0	0	0	0	0	0	0	0	0	0	0	0	0	0	0	0	0	0	0	0	0	0	0	
67448	Frontal_Mid_Orb_L	0	0	3782	0	8232	0	4160	0	0	0	0	0	3596	0	10414	0	0	0	0	0	0	0	178	0	0	0	1166	0	1536	0	0	0	0	0	0	0	0	0	0	0	0	0	0	0	0	0	0	0	0	0	0	0	0	0	0	0	0	0	0	0	0	0	0	0	0	0	0	0	0	0	0	0	660	0	0	0	0	0	0	0	0	0	0	0	0	0	0	0	0	0	0	0	0	0	0	0	0	0	0	0	0	0	0	0	0	0	0	0	0	0	0	0	0	0	0	0	
4816	Frontal_Mid_Orb_R	0	0	0	0	0	632	0	432	0	0	0	0	0	0	0	1026	0	0	0	0	0	0	0	0	0	0	0	0	0	0	0	0	0	0	0	0	0	0	0	0	0	0	0	0	0	0	0	0	0	0	0	0	0	0	0	0	0	0	0	0	0	0	0	0	0	0	0	0	0	0	0	0	0	318	0	0	0	0	0	0	0	0	0	0	0	0	0	0	0	0	0	0	0	0	0	0	0	0	0	0	0	0	0	0	0	0	0	0	0	0	0	0	0	0	0	0	
295416	Frontal_Inf_Oper_L	13430	0	14682	498	0	0	13540	1554	0	0	0	410	17636	334	0	0	17146	0	11904	920	0	0	500	0	0	0	0	0	29474	278	786	180	158	116	0	0	316	0	0	0	0	0	0	0	0	0	0	0	0	0	0	0	0	0	0	0	4042	0	0	0	172	0	138	0	0	0	0	0	96	0	4518	332	2534	228	0	0	0	0	932	0	7528	0	1924	0	1246	0	0	0	156	0	0	0	0	0	0	0	0	0	0	0	0	0	0	0	0	0	0	0	0	0	0	0	0	0	0	0	
162284	Frontal_Inf_Oper_R	0	7402	1606	8828	0	0	0	8100	0	0	410	0	270	8564	0	228	144	6214	1918	6744	0	0	0	916	0	0	0	0	496	12714	0	836	0	268	0	0	0	2228	0	450	0	0	0	0	0	0	0	0	0	0	0	0	0	0	0	432	0	2820	0	0	0	0	0	0	0	0	0	0	0	0	910	1906	0	6018	0	280	0	246	0	0	0	0	0	0	0	0	0	0	0	194	0	0	0	0	0	0	0	0	0	0	0	0	0	0	0	0	0	0	0	0	0	0	0	0	0	0	
251368	Frontal_Inf_Tri_L	2586	0	12372	450	576	0	33612	1130	3596	0	17636	270	0	338	11560	0	700	0	6420	680	0	0	698	0	0	0	0	0	23782	292	846	188	220	0	0	0	0	0	0	0	0	0	0	0	0	0	0	0	0	0	0	0	0	0	0	0	168	0	0	0	0	0	0	0	0	0	0	0	0	0	2810	348	2588	232	0	0	0	0	0	0	376	0	1210	0	0	0	0	0	0	0	0	0	0	0	0	0	0	0	0	0	0	0	0	0	0	0	0	0	0	0	0	0	0	0	0	0	
108920	Frontal_Inf_Tri_R	0	216	124	7140	0	1060	0	7088	0	0	334	8564	338	0	0	1758	0	286	178	2218	0	0	208	4334	0	1794	0	220	354	6240	128	3894	0	888	0	0	0	298	0	0	0	0	0	0	0	0	0	0	0	0	0	0	0	0	0	0	0	0	0	0	0	0	0	0	0	0	0	0	0	0	550	2990	0	3258	0	0	0	0	0	0	0	0	0	0	0	0	0	0	0	0	0	0	0	0	0	0	0	0	0	0	0	0	0	0	0	0	0	0	0	0	0	0	0	0	0	0	
135540	Frontal_Inf_Orb_L	0	0	6914	0	8298	0	9282	0	10414	0	0	0	11560	0	0	0	0	0	708	0	1010	232	528	0	0	0	780	110	11986	0	214	0	0	0	0	0	0	0	0	0	436	0	0	0	0	0	0	0	0	0	0	0	0	0	0	0	0	0	0	0	0	0	0	0	0	0	0	0	0	0	522	0	3274	0	0	0	0	0	0	0	0	0	1502	0	0	0	0	0	0	0	0	0	0	0	0	0	0	0	0	0	0	0	0	0	0	0	0	0	0	0	0	0	0	0	0	0	
63972	Frontal_Inf_Orb_R	0	0	0	4772	0	1050	0	1368	0	1026	0	228	0	1758	0	0	0	0	0	1284	0	798	0	2006	0	268	0	746	0	6914	0	386	0	394	0	0	0	298	0	130	0	306	0	0	0	0	0	0	0	0	0	0	0	0	0	120	0	0	0	0	0	0	0	0	0	0	0	0	0	0	0	3646	0	3880	0	0	0	0	0	0	0	0	0	608	0	0	0	0	0	0	0	0	0	0	0	0	0	0	0	0	0	0	0	0	0	0	0	0	0	0	0	0	0	0	0	0	
283028	Rolandic_Oper_L	8544	0	15350	116	0	0	4426	388	0	0	17146	144	700	0	0	0	0	0	13924	290	0	0	116	0	0	0	0	0	26520	0	110	0	0	0	0	0	702	0	0	0	0	0	0	0	0	0	0	0	240	0	1064	0	108	0	260	0	10746	0	1132	0	1658	0	3506	0	1150	0	750	0	168	0	1714	0	1088	0	0	0	0	0	5854	0	15176	0	1566	0	4806	0	0	0	2052	0	0	0	0	0	0	0	0	0	0	0	0	0	0	0	0	0	0	0	0	0	0	0	0	0	0	0	
78636	Rolandic_Oper_R	0	1644	182	6670	0	0	0	762	0	0	0	6214	0	286	0	0	0	0	266	5222	0	0	0	0	0	0	0	0	0	10088	0	0	0	0	0	0	0	306	0	0	0	0	0	0	0	0	0	0	0	0	0	0	0	0	0	0	0	2450	0	0	0	106	0	1628	0	142	0	0	0	0	0	348	0	918	0	176	0	0	0	134	0	1776	0	0	0	0	0	0	0	0	0	0	0	0	0	0	0	0	0	0	0	0	0	0	0	0	0	0	0	0	0	0	0	0	0	0	
896364	Supp_Motor_Area_L	30202	2020	95252	22894	0	0	12790	2876	0	0	11904	1918	6420	178	708	0	13924	266	0	40848	0	0	9764	2542	0	156	0	0	32554	780	6518	6030	11412	15802	186	0	5682	410	604	0	0	0	0	0	0	0	0	0	122	0	146	0	0	0	1430	0	4114	280	162	0	278	0	0	0	0	0	154	0	29438	270	12312	1152	25958	556	6878	0	15324	390	2684	0	7202	0	730	0	1410	0	0	0	2392	160	0	0	0	0	0	0	0	0	0	0	0	0	0	0	0	0	0	0	0	0	0	0	0	0	0	0	
757976	Supp_Motor_Area_R	9184	2160	17302	86402	0	284	3794	1278	0	0	920	6744	680	2218	0	1284	290	5222	40848	0	0	0	1688	15436	0	1902	0	286	1800	10442	2034	20054	5930	40838	1984	4334	480	4428	0	1092	0	276	0	0	0	0	0	182	0	0	0	0	0	138	0	896	372	730	0	0	98	162	0	270	0	0	0	332	18020	10906	6298	23144	614	14210	0	2488	276	7652	220	0	144	0	0	0	0	0	0	0	0	222	0	0	0	0	0	0	0	0	0	0	0	0	0	0	0	0	0	0	0	0	0	0	0	0	0	0	
82716	Olfactory_L	0	0	150	0	1816	0	0	0	0	0	0	0	0	0	1010	0	0	0	0	0	0	6112	150	0	350	128	3852	3456	2628	0	2610	2468	0	0	0	0	0	0	182	0	2184	0	0	0	0	0	0	0	0	0	0	0	0	0	0	0	0	0	0	0	0	0	0	0	0	0	0	0	0	0	8378	2666	2144	0	0	0	0	0	0	0	0	0	1074	0	0	0	0	0	0	0	0	0	0	0	0	0	0	0	0	0	0	0	0	0	0	0	0	0	0	0	0	0	0	0	0	0	
75180	Olfactory_R	0	0	102	0	474	374	0	0	0	0	0	0	0	0	232	798	0	0	0	0	6112	0	102	0	280	406	2906	4818	222	1050	1884	2134	0	0	0	0	0	0	0	284	1188	626	0	0	0	0	0	0	0	0	0	0	0	0	0	0	0	0	0	0	0	0	0	0	0	0	0	0	0	0	7114	3546	2150	138	0	0	0	0	0	0	0	0	0	650	0	0	0	0	0	0	0	0	0	0	0	0	0	0	0	0	0	0	0	0	0	0	0	0	0	0	0	0	0	0	0	0	
312844	Frontal_Sup_Medial_L	304	120	44026	5372	4536	0	14948	518	178	0	500	0	698	208	528	0	116	0	9764	1688	150	102	0	17652	3670	458	1156	112	2994	0	20588	6288	7178	4630	0	0	0	0	0	0	0	0	0	0	0	0	0	0	0	0	0	0	0	0	0	0	0	0	0	0	0	0	0	0	0	0	0	0	0	0	1850	512	5346	104	0	0	0	0	0	0	0	0	128	0	0	0	0	0	0	0	0	0	0	0	0	0	0	0	0	0	0	0	0	0	0	0	0	0	0	0	0	0	0	0	0	0	
454260	Frontal_Sup_Medial_R	0	5686	4890	47244	0	2958	626	6890	0	0	0	916	0	4334	0	2006	0	0	2542	15436	0	0	17652	0	884	10412	0	1932	0	2804	5176	43384	448	15270	0	0	0	0	0	0	0	0	0	0	0	0	0	0	0	0	0	0	0	0	0	0	0	1184	0	0	0	112	0	134	0	0	0	0	0	0	0	22732	0	10660	0	0	0	818	0	0	0	0	0	0	0	0	0	0	0	0	0	0	0	0	0	0	0	0	0	0	0	0	0	0	0	0	0	0	0	0	0	0	0	0	0	0	
36128	Frontal_Med_Orb_L	0	0	3046	0	2726	0	0	0	0	0	0	0	0	0	0	0	0	0	0	0	350	280	3670	884	0	1316	1546	290	0	0	3210	334	0	0	0	0	0	0	0	0	0	0	0	0	0	0	0	0	0	0	0	0	0	0	0	0	0	0	0	0	0	0	0	0	0	0	0	0	0	0	412	0	0	0	0	0	0	0	0	0	0	0	0	0	0	0	0	0	0	0	0	0	0	0	0	0	0	0	0	0	0	0	0	0	0	0	0	0	0	0	0	0	0	0	0	0	
137588	Frontal_Med_Orb_R	0	310	180	7464	0	6976	0	550	0	0	0	0	0	1794	0	268	0	0	156	1902	128	406	458	10412	1316	0	146	7398	0	1170	1412	10446	0	0	0	0	0	0	0	0	0	0	0	0	0	0	0	0	0	0	0	0	0	0	0	0	0	0	0	0	0	0	0	0	0	0	0	0	0	0	122	7058	0	8722	0	0	0	0	0	0	0	0	0	0	0	0	0	0	0	0	0	0	0	0	0	0	0	0	0	0	0	0	0	0	0	0	0	0	0	0	0	0	0	0	0	0	
57032	Rectus_L	0	0	1130	0	4118	0	0	0	1166	0	0	0	0	0	780	0	0	0	0	0	3852	2906	1156	0	1546	146	0	1928	726	0	2472	962	0	0	0	0	0	0	0	0	462	0	0	0	0	0	0	0	0	0	0	0	0	0	0	0	0	0	0	0	0	0	0	0	0	0	0	0	0	0	3440	944	422	0	0	0	0	0	0	0	0	0	360	0	0	0	0	0	0	0	0	0	0	0	0	0	0	0	0	0	0	0	0	0	0	0	0	0	0	0	0	0	0	0	0	0	
84232	Rectus_R	0	0	128	1434	286	5026	0	0	0	0	0	0	0	220	110	746	0	0	0	286	3456	4818	112	1932	290	7398	1928	0	118	620	1380	3966	0	0	0	0	0	0	0	0	228	314	0	0	0	0	0	0	0	0	0	0	0	0	0	0	0	0	0	0	0	0	0	0	0	0	0	0	0	0	3484	1946	500	1088	0	0	0	0	0	0	0	0	0	302	0	0	0	0	0	0	0	0	0	0	0	0	0	0	0	0	0	0	0	0	0	0	0	0	0	0	0	0	0	0	0	0	
702876	Insula_L	11172	0	41878	1140	5096	0	24950	1928	1536	0	29474	496	23782	354	11986	0	26520	0	32554	1800	2628	222	2994	0	0	0	726	118	0	296	2224	222	616	198	136	0	12028	0	1868	0	1898	0	0	0	0	0	0	0	554	0	758	0	312	0	5614	0	3966	0	830	0	2224	0	1464	0	998	0	500	0	1330	0	8276	430	28166	256	0	0	1402	0	10340	0	17498	0	6318	0	6966	0	238	0	12158	0	0	0	0	0	0	0	0	0	0	0	0	0	0	0	0	0	0	0	0	0	0	0	0	0	0	0	
263884	Insula_R	0	3118	638	14472	0	848	0	2582	0	0	278	12714	292	6240	0	6914	0	10088	780	10442	0	1050	0	2804	0	1170	0	620	296	0	112	2552	0	626	0	0	0	8762	0	2106	0	938	0	0	0	0	0	0	0	0	0	182	0	434	0	3362	0	1498	0	0	0	0	0	0	0	0	0	0	0	0	594	4276	0	17552	0	0	0	304	0	2282	0	2976	0	520	0	3022	0	0	0	4498	0	0	0	0	0	0	0	0	0	0	0	0	0	0	0	0	0	0	0	0	0	0	0	0	0	0	
243748	Cingulum_Ant_L	110	238	17182	1750	2872	0	6562	176	0	0	786	0	846	128	214	0	110	0	6518	2034	2610	1884	20588	5176	3210	1412	2472	1380	2224	112	0	12320	9142	2458	0	0	0	0	0	0	0	0	0	0	0	0	0	0	0	0	0	0	0	0	0	0	0	0	0	0	0	0	0	0	0	0	0	0	0	0	7152	2516	6846	736	0	0	0	0	0	0	0	0	110	0	0	0	0	0	0	0	0	0	0	0	0	0	0	0	0	0	0	0	0	0	0	0	0	0	0	0	0	0	0	0	0	0	
481000	Cingulum_Ant_R	0	6952	3656	28882	0	2278	372	4758	0	0	180	836	188	3894	0	386	0	0	6030	20054	2468	2134	6288	43384	334	10446	962	3966	222	2552	12320	0	1946	19128	0	0	0	0	0	0	0	0	0	0	0	0	0	0	0	0	0	0	0	0	0	0	0	1554	0	0	0	184	0	228	0	0	0	0	0	0	3538	34174	552	14418	0	0	0	1236	0	0	0	0	0	0	0	0	0	0	0	0	0	0	0	0	0	0	0	0	0	0	0	0	0	0	0	0	0	0	0	0	0	0	0	0	0	0	
155516	Cingulum_Mid_L	132	0	8012	2250	0	0	4766	0	0	0	158	0	220	0	0	0	0	0	11412	5930	0	0	7178	448	0	0	0	0	616	0	9142	1946	0	7486	3514	700	0	0	0	0	0	0	0	114	1802	0	0	0	614	0	720	0	0	0	0	0	224	0	542	0	240	0	0	0	250	0	3702	696	3514	220	406	0	562	0	0	0	0	0	0	0	0	0	0	0	242	0	0	0	0	0	0	0	0	0	0	0	0	0	0	0	0	0	0	0	0	0	0	0	0	0	0	0	0	0	0	0	
342816	Cingulum_Mid_R	1518	0	6340	14936	0	0	1178	658	0	0	116	268	0	888	0	394	0	0	15802	40838	0	0	4630	15270	0	0	0	0	198	626	2458	19128	7486	0	2494	5848	0	0	0	0	0	0	0	764	0	2812	0	0	0	2056	0	998	0	0	0	0	212	1038	0	404	0	0	0	0	0	0	654	7130	5884	6500	822	708	0	144	0	0	0	0	0	0	0	0	0	0	0	106	0	0	0	102	0	0	0	0	0	0	0	0	0	0	0	0	0	0	0	0	0	0	0	0	0	0	0	0	0	0	
117344	Cingulum_Post_L	844	1468	0	360	0	0	0	0	0	0	0	0	0	0	0	0	0	0	186	1984	0	0	0	0	0	0	0	0	136	0	0	0	3514	2494	0	5220	3320	1764	1618	208	0	0	3456	282	2426	110	882	0	670	0	880	0	472	0	374	96	0	124	118	0	0	0	0	0	400	0	8820	1474	5588	1216	0	884	0	0	0	0	1650	3072	316	0	0	0	0	0	1168	0	0	0	152	0	0	0	0	0	0	0	188	0	0	0	0	0	0	0	0	0	0	0	0	0	738	0	0	0	0	0	
141708	Cingulum_Post_R	372	2548	0	908	0	0	0	0	0	0	0	0	0	0	0	0	0	0	0	4334	0	0	0	0	0	0	0	0	0	0	0	0	700	5848	5220	0	1934	6360	216	2340	0	0	0	4396	0	2194	0	606	0	1732	0	536	0	136	0	900	0	1266	0	146	0	0	0	0	0	0	468	14084	582	4408	0	856	0	208	0	0	1656	3788	0	0	0	0	0	0	0	380	0	0	0	438	0	0	0	0	0	0	0	0	0	0	0	0	0	0	0	0	0	0	0	0	1294	0	0	0	0	0	
278424	Hippocampus_L	10544	918	6856	910	0	0	2152	0	0	0	316	0	0	0	0	0	702	0	5682	480	0	0	0	0	0	0	0	0	12028	0	0	0	0	0	3320	1934	0	1250	16220	188	7972	0	1348	0	0	0	3710	0	0	0	0	0	442	0	17078	0	346	0	0	0	0	0	0	0	0	0	2384	212	3630	0	972	638	7612	0	230	0	5682	2198	6280	0	1902	0	206	0	2250	0	134	0	10096	0	0	0	0	0	0	0	390	0	0	0	0	0	0	0	0	0	0	0	0	0	0	0	0	0	0	0	
265764	Hippocampus_R	184	6290	332	6898	0	0	0	710	0	0	0	2228	0	298	0	298	0	306	410	4428	0	0	0	0	0	0	0	0	0	8762	0	0	0	0	1764	6360	1250	0	104	19370	0	6096	0	1460	0	106	0	4190	0	116	0	326	0	2064	0	23100	0	1420	0	0	0	0	0	0	0	0	0	6548	0	944	0	880	0	10784	0	464	1014	4520	0	416	0	1114	0	698	0	806	0	0	0	4188	0	0	0	0	0	0	0	108	0	0	0	0	0	0	0	0	0	0	0	0	1528	0	0	0	0	0	
95816	ParaHippocampal_L	892	0	440	0	0	0	0	0	0	0	0	0	0	0	0	0	0	0	604	0	182	0	0	0	0	0	0	0	1868	0	0	0	0	0	1618	216	16220	104	0	0	2034	0	1532	0	0	0	4908	0	0	0	114	0	152	0	8120	0	0	0	0	0	0	0	0	0	0	0	2608	0	570	0	0	0	1802	0	0	0	1256	258	0	0	0	0	336	0	162	0	238	0	858	0	0	0	0	0	132	0	684	0	0	0	0	0	0	0	0	0	0	0	0	0	0	0	0	0	0	0	
133712	ParaHippocampal_R	0	592	0	1320	0	0	0	0	0	0	0	450	0	0	0	130	0	0	0	1092	0	284	0	0	0	0	0	0	0	2106	0	0	0	0	208	2340	188	19370	0	0	0	3238	0	1576	0	0	0	4684	0	0	0	0	0	342	0	13516	0	180	0	0	0	0	0	0	0	0	0	4608	0	0	0	236	0	3330	0	390	152	1318	0	0	0	476	0	1544	0	340	0	276	0	822	0	0	0	0	0	134	0	388	0	0	0	0	0	0	0	0	0	0	0	0	1226	0	0	0	0	0	
56192	Amygdala_L	0	0	0	0	800	0	0	0	0	0	0	0	0	0	436	0	0	0	0	0	2184	1188	0	0	0	0	462	228	1898	0	0	0	0	0	0	0	7972	0	2034	0	0	0	0	0	0	0	0	0	0	0	0	0	0	0	4992	0	0	0	0	0	0	0	0	0	0	0	0	0	0	0	1836	668	1502	0	0	0	270	0	0	0	0	0	560	0	0	0	0	0	1066	0	0	0	0	0	0	0	0	0	0	0	0	0	0	0	0	0	0	0	0	0	0	0	0	0	0	0	
43212	Amygdala_R	0	0	0	308	0	0	0	0	0	0	0	0	0	0	0	306	0	0	0	276	0	626	0	0	0	0	0	314	0	938	0	0	0	0	0	0	0	6096	0	3238	0	0	0	0	0	0	0	0	0	0	0	0	0	0	0	4878	0	0	0	0	0	0	0	0	0	0	0	0	0	0	0	0	0	876	0	0	0	420	0	0	0	0	0	2120	0	0	0	206	0	1004	0	0	0	0	0	0	0	0	0	0	0	0	0	0	0	0	0	0	0	0	0	0	0	0	0	0	
198380	Calcarine_L	0	0	0	0	0	0	0	0	0	0	0	0	0	0	0	0	0	0	0	0	0	0	0	0	0	0	0	0	0	0	0	0	0	0	3456	0	1348	0	1532	0	0	0	0	7302	10652	5250	13690	2748	8616	1422	21184	318	4502	212	2804	234	0	0	308	0	0	0	0	0	170	0	9564	104	356	0	0	0	0	0	0	0	0	0	154	0	0	0	0	0	988	0	0	0	244	0	142	0	0	0	0	0	608	0	382	0	0	0	0	0	0	0	0	0	0	0	900	0	0	0	0	0	
326432	Calcarine_R	0	0	0	0	0	0	0	0	0	0	0	0	0	0	0	0	0	0	0	0	0	0	0	0	0	0	0	0	0	0	0	0	114	764	282	4396	0	1460	0	1576	0	0	7302	0	5958	34600	1386	18050	0	27702	0	20200	0	4916	0	4956	0	1236	0	542	0	0	0	104	0	1068	226	18932	0	1462	0	0	0	0	0	0	0	0	0	0	0	0	0	0	0	4870	0	0	0	964	0	0	0	0	0	0	0	0	0	0	0	0	0	0	0	0	0	0	0	0	150	0	0	0	0	0	
182932	Cuneus_L	0	0	0	0	0	0	0	0	0	0	0	0	0	0	0	0	0	0	0	0	0	0	0	0	0	0	0	0	0	0	0	0	1802	0	2426	0	0	0	0	0	0	0	10652	5958	0	7744	1308	498	22156	1610	15494	394	1714	0	536	0	374	0	1448	0	276	0	0	0	510	0	13268	106	2068	0	0	0	0	0	0	0	0	0	0	0	0	0	0	0	952	0	0	0	172	0	0	0	0	0	0	0	0	0	0	0	0	0	0	0	0	0	0	0	0	0	0	0	0	0	0	0	
354776	Cuneus_R	0	286	0	0	0	0	0	0	0	0	0	0	0	0	0	0	0	0	0	0	0	0	0	0	0	0	0	0	0	0	0	0	0	2812	110	2194	0	106	0	0	0	0	5250	34600	7744	0	0	3170	148	47154	0	20030	0	1300	0	772	0	4080	0	5714	0	254	0	184	0	1178	2978	29428	0	4274	0	0	0	0	0	0	0	0	0	0	0	226	0	0	0	2714	0	0	0	682	0	0	0	0	0	0	0	0	0	0	0	0	0	0	0	0	0	0	0	0	0	0	0	0	0	0	
298644	Lingual_L	0	0	0	0	0	0	0	0	0	0	0	0	0	0	0	0	0	0	0	0	0	0	0	0	0	0	0	0	0	0	0	0	0	0	882	0	3710	0	4908	0	0	0	13690	1386	1308	0	0	6852	2388	0	11542	0	7160	144	21442	1060	0	0	0	0	0	0	0	0	0	0	3388	0	0	0	0	0	146	0	0	0	132	0	0	0	0	0	0	0	0	0	0	0	152	0	13122	434	632	0	362	98	15420	2970	21996	3062	0	0	244	0	328	0	0	0	0	0	5676	3842	590	0	100	156	
233968	Lingual_R	0	246	0	196	0	0	0	0	0	0	0	0	0	0	0	0	0	0	0	182	0	0	0	0	0	0	0	0	0	0	0	0	0	0	0	606	0	4190	0	4684	0	0	2748	18050	498	3170	6852	0	0	3000	0	2132	0	4540	1344	15600	0	0	0	0	0	0	0	0	0	0	0	6728	0	0	0	540	0	0	0	0	0	662	0	0	0	0	0	0	0	214	0	0	0	556	904	3440	0	164	130	126	3102	7192	4252	9286	0	0	0	102	132	0	0	0	0	0	6944	4066	406	0	0	0	
266604	Occipital_Sup_L	1484	0	188	0	0	0	122	0	0	0	0	0	0	0	0	0	240	0	122	0	0	0	0	0	0	0	0	0	554	0	0	0	614	0	670	0	0	0	0	0	0	0	8616	0	22156	148	2388	0	0	0	39748	0	2752	0	590	0	5048	0	13608	0	5690	0	1072	0	2750	0	18174	0	2054	0	0	0	0	0	0	0	0	0	116	0	230	0	0	0	3422	0	0	0	746	0	0	0	0	0	0	0	0	0	0	0	0	0	0	0	0	0	0	0	0	0	0	0	0	0	0	0	
330420	Occipital_Sup_R	0	408	0	0	0	0	0	0	0	0	0	0	0	0	0	0	0	0	0	0	0	0	0	0	0	0	0	0	0	0	0	0	0	2056	0	1732	0	116	0	0	0	0	1422	27702	1610	47154	0	3000	0	0	0	32378	0	1194	0	614	0	4274	0	6064	0	426	0	298	0	4730	110	20972	0	4702	0	0	0	0	0	0	0	0	0	0	0	326	0	0	0	3028	0	0	0	894	0	0	0	0	0	0	0	0	0	0	0	0	0	0	0	0	0	0	0	0	0	0	0	0	0	0	
477796	Occipital_Mid_L	4084	0	214	0	0	0	136	0	0	0	0	0	0	0	0	0	1064	0	146	0	0	0	0	0	0	0	0	0	758	0	0	0	720	0	880	0	0	0	114	0	0	0	21184	0	15494	0	11542	0	39748	0	0	0	23096	0	4164	0	6912	0	23138	0	12160	0	1894	0	14240	0	23852	0	4324	0	0	0	0	0	0	0	0	0	600	0	1742	0	0	0	21862	0	0	0	4020	0	166	0	0	0	0	0	128	0	516	0	0	0	0	0	0	0	0	0	0	0	0	0	0	0	0	0	
245528	Occipital_Mid_R	0	296	0	0	0	0	0	0	0	0	0	0	0	0	0	0	0	0	0	0	0	0	0	0	0	0	0	0	0	182	0	0	0	998	0	536	0	326	0	0	0	0	318	20200	394	20030	0	2132	0	32378	0	0	0	3888	0	2062	0	1376	0	1866	0	380	0	398	0	10046	0	9680	0	2044	0	0	0	0	0	0	0	0	0	0	0	522	0	0	0	11784	0	0	0	928	0	0	0	0	0	0	0	0	0	0	0	0	0	0	0	0	0	0	0	0	0	0	0	0	0	0	
135524	Occipital_Inf_L	1716	0	0	0	0	0	0	0	0	0	0	0	0	0	0	0	108	0	0	0	0	0	0	0	0	0	0	0	312	0	0	0	0	0	472	0	442	0	152	0	0	0	4502	0	1714	0	7160	0	2752	0	23096	0	0	0	6722	0	538	0	606	0	176	0	0	0	362	0	2494	0	1436	0	0	0	0	0	0	0	0	0	836	0	0	0	0	0	6494	0	0	0	3724	0	808	0	124	0	0	0	0	0	1016	0	0	0	0	0	0	0	0	0	0	0	0	0	0	0	0	0	
74460	Occipital_Inf_R	0	340	0	0	0	0	0	0	0	0	0	0	0	0	0	0	0	0	0	138	0	0	0	0	0	0	0	0	0	434	0	0	0	0	0	136	0	2064	0	342	0	0	212	4916	0	1300	144	4540	0	1194	0	3888	0	0	0	8666	0	262	0	0	0	0	0	0	0	0	0	1160	0	382	0	0	0	0	0	0	0	0	0	206	0	292	0	0	0	282	0	0	0	2616	362	0	0	0	0	0	156	194	668	1120	0	0	0	0	0	0	0	0	0	0	320	752	144	0	0	0	
363308	Fusiform_L	612	0	488	0	0	0	154	0	0	0	0	0	0	0	0	0	260	0	1430	0	0	0	0	0	0	0	0	0	5614	0	0	0	0	0	374	0	17078	0	8120	0	4992	0	2804	0	536	0	21442	1344	590	0	4164	0	6722	0	0	288	0	0	0	0	0	0	0	0	0	0	1522	0	272	0	0	0	2462	0	0	0	290	0	1506	0	1516	0	1888	0	2804	0	2500	0	15530	0	22602	0	1206	0	264	0	11162	794	31428	1256	546	0	320	0	188	0	0	0	0	0	1516	2216	854	0	0	0	
309932	Fusiform_R	0	988	0	1002	0	0	0	134	0	0	0	432	0	0	0	120	0	0	0	896	0	0	0	0	0	0	0	0	0	3362	0	0	0	0	96	900	0	23100	0	13516	0	4878	234	4956	0	772	1060	15600	0	614	0	2062	0	8666	288	0	0	386	0	0	0	0	0	0	0	0	0	2258	0	348	0	126	0	2500	0	102	0	856	0	450	0	1502	0	2230	0	1384	0	694	0	7890	870	13136	0	554	0	142	916	7844	2030	17978	0	266	0	476	0	122	0	0	0	0	3556	2286	388	0	0	0	
241164	Postcentral_L	22336	0	4960	470	0	0	1762	166	0	0	4042	0	168	0	0	0	10746	0	4114	372	0	0	0	0	0	0	0	0	3966	0	0	0	224	212	0	0	346	0	0	0	0	0	0	0	374	0	0	0	5048	0	6912	0	538	0	0	0	0	0	8678	0	16326	0	8928	0	2068	0	5862	0	5372	0	610	0	348	0	242	0	0	0	1222	0	2588	0	0	0	1172	0	0	0	410	0	0	0	0	0	0	0	0	0	0	0	0	0	0	0	0	0	0	0	0	0	0	0	0	0	0	0	
176016	Postcentral_R	98	12578	168	1694	0	0	0	104	0	0	0	2820	0	0	0	0	0	2450	280	730	0	0	0	1184	0	0	0	0	0	1498	0	1554	0	1038	124	1266	0	1420	0	180	0	0	0	1236	0	4080	0	0	0	4274	0	1376	0	262	0	386	0	0	0	6472	0	4450	0	7040	0	1710	142	8428	0	10352	0	2820	0	1558	0	160	0	0	0	268	0	1622	0	0	0	916	0	0	0	1270	0	0	0	0	0	0	0	0	0	0	0	0	0	0	0	0	0	0	0	0	0	0	0	0	0	0	
209720	Parietal_Sup_L	1376	0	232	0	0	0	102	0	0	0	0	0	0	0	0	0	1132	0	162	0	0	0	0	0	0	0	0	0	830	0	0	0	542	0	118	0	0	0	0	0	0	0	308	0	1448	0	0	0	13608	0	23138	0	606	0	0	0	8678	0	0	0	16812	0	1702	0	6602	0	20404	0	1540	0	0	0	0	0	0	0	0	0	144	0	1572	0	0	0	2428	0	0	0	1376	0	0	0	0	0	0	0	0	0	0	0	0	0	0	0	0	0	0	0	0	0	0	0	0	0	0	0	
101676	Parietal_Sup_R	0	310	0	0	0	0	0	0	0	0	0	0	0	0	0	0	0	0	0	0	0	0	0	0	0	0	0	0	0	0	0	0	0	404	0	146	0	0	0	0	0	0	0	542	0	5714	0	0	0	6064	0	1866	0	0	0	0	0	6472	0	0	0	7484	0	2918	0	5868	1146	9846	0	1680	0	0	0	0	0	0	0	0	0	0	0	252	0	0	0	126	0	0	0	0	0	0	0	0	0	0	0	0	0	0	0	0	0	0	0	0	0	0	0	0	0	0	0	0	0	0	
237784	Parietal_Inf_L	4298	0	452	130	0	0	308	0	0	0	172	0	0	0	0	0	1658	0	278	98	0	0	0	0	0	0	0	0	2224	0	0	0	240	0	0	0	0	0	0	0	0	0	0	0	276	0	0	0	5690	0	12160	0	176	0	0	0	16326	0	16812	0	0	0	17336	0	23096	0	6158	0	840	0	100	0	0	0	0	0	0	0	320	0	1280	0	0	0	6516	0	0	0	1948	0	0	0	0	0	0	0	0	0	0	0	0	0	0	0	0	0	0	0	0	0	0	0	0	0	0	0	
74832	Parietal_Inf_R	0	508	0	186	0	0	0	0	0	0	0	0	0	0	0	0	0	106	0	162	0	0	0	112	0	0	0	0	0	0	0	184	0	0	0	0	0	0	0	0	0	0	0	0	0	254	0	0	0	426	0	380	0	0	0	0	0	4450	0	7484	0	0	0	9836	0	11562	0	272	0	368	0	230	0	0	0	0	0	0	0	0	0	474	0	0	0	422	0	0	0	0	0	0	0	0	0	0	0	0	0	0	0	0	0	0	0	0	0	0	0	0	0	0	0	0	0	0	
123464	SupraMarginal_L	700	0	0	0	0	0	0	0	0	0	138	0	0	0	0	0	3506	0	0	0	0	0	0	0	0	0	0	0	1464	0	0	0	0	0	0	0	0	0	0	0	0	0	0	0	0	0	0	0	1072	0	1894	0	0	0	0	0	8928	0	1702	0	17336	0	0	0	8990	0	1294	0	430	0	0	0	0	0	0	0	0	0	284	0	3380	0	0	0	8698	0	0	0	1916	0	0	0	0	0	0	0	0	0	0	0	0	0	0	0	0	0	0	0	0	0	0	0	0	0	0	0	
83968	SupraMarginal_R	0	1790	0	316	0	0	0	0	0	0	0	0	0	0	0	0	0	1628	0	270	0	0	0	134	0	0	0	0	0	0	0	228	0	0	0	0	0	0	0	0	0	0	0	104	0	184	0	0	0	298	0	398	0	0	0	0	0	7040	0	2918	0	9836	0	0	0	9012	0	154	0	560	0	292	0	0	0	0	0	0	0	0	0	3084	0	0	0	3512	0	0	0	226	0	0	0	0	0	0	0	0	0	0	0	0	0	0	0	0	0	0	0	0	0	0	0	0	0	0	
156948	Angular_L	806	0	0	0	0	0	0	0	0	0	0	0	0	0	0	0	1150	0	0	0	0	0	0	0	0	0	0	0	998	0	0	0	250	0	400	0	0	0	0	0	0	0	170	0	510	0	0	0	2750	0	14240	0	362	0	0	0	2068	0	6602	0	23096	0	8990	0	0	0	2214	0	1428	0	0	0	0	0	0	0	0	0	206	0	2090	0	0	0	9084	0	0	0	1060	0	0	0	0	0	0	0	0	0	0	0	0	0	0	0	0	0	0	0	0	0	0	0	0	0	0	0	
111380	Angular_R	0	176	0	0	0	0	0	0	0	0	0	0	0	0	0	0	0	142	0	0	0	0	0	0	0	0	0	0	0	0	0	0	0	0	0	0	0	0	0	0	0	0	0	1068	0	1178	0	0	0	4730	0	10046	0	0	0	0	0	1710	0	5868	0	11562	0	9012	0	0	0	830	0	544	0	0	0	0	0	0	0	0	0	0	0	2308	0	0	0	6220	0	0	0	296	0	0	0	0	0	0	0	0	0	0	0	0	0	0	0	0	0	0	0	0	0	0	0	0	0	0	
307052	Precuneus_L	1304	0	216	0	0	0	120	0	0	0	0	0	0	0	0	0	750	0	154	0	0	0	0	0	0	0	0	0	500	0	0	0	3702	654	8820	468	2384	0	2608	0	0	0	9564	226	13268	2978	3388	0	18174	110	23852	0	2494	0	1522	0	5862	142	20404	1146	6158	0	1294	0	2214	0	0	5476	4348	156	0	0	0	0	0	0	0	0	856	0	1138	0	0	0	4418	0	0	0	1382	0	0	0	0	0	0	0	444	0	0	0	0	0	0	0	0	0	0	0	0	0	832	0	0	0	0	0	
335848	Precuneus_R	0	476	0	200	0	0	0	0	0	0	0	0	0	0	0	0	0	0	0	332	0	0	0	0	0	0	0	0	0	0	0	0	696	7130	1474	14084	212	6548	0	4608	0	0	104	18932	106	29428	0	6728	0	20972	0	9680	0	1160	0	2258	0	8428	0	9846	0	272	0	154	0	830	5476	0	0	9538	0	0	0	176	0	0	194	180	0	0	0	164	0	0	0	4020	0	0	0	1614	0	0	0	0	0	0	0	132	0	0	0	0	0	0	0	0	0	0	0	0	1772	0	0	0	0	0	
371396	Paracentral_Lobule_L	37348	3026	8396	6588	0	0	196	744	0	0	96	0	0	0	0	0	168	0	29438	18020	0	0	0	0	0	0	0	0	1330	0	0	0	3514	5884	5588	582	3630	0	570	0	0	0	356	0	2068	0	0	0	2054	0	4324	0	1436	0	272	0	5372	0	1540	0	840	0	430	0	1428	0	4348	0	0	4472	4870	470	1614	0	1612	0	15596	482	1124	0	278	0	0	0	4358	0	0	0	1236	0	0	0	0	0	0	0	0	0	0	0	0	0	0	0	0	0	0	0	0	0	0	0	0	0	0	0	
144444	Paracentral_Lobule_R	862	2004	0	0	0	0	0	0	0	0	0	0	0	0	0	0	0	0	270	10906	0	0	0	0	0	0	0	0	0	0	0	0	220	6500	1216	4408	0	944	0	0	0	0	0	1462	0	4274	0	0	0	4702	0	2044	0	382	0	348	0	10352	0	1680	0	368	0	560	0	544	156	9538	4472	0	0	574	0	0	0	0	0	662	0	0	0	260	0	0	0	1394	0	0	0	1120	0	0	0	0	0	0	0	0	0	0	0	0	0	0	0	0	0	0	0	0	0	0	0	0	0	0	
304264	Caudate_L	9950	498	7930	6432	664	0	3978	2930	0	0	4518	910	2810	550	522	0	1714	0	12312	6298	8378	7114	1850	0	412	122	3440	3484	8276	594	7152	3538	406	822	0	0	972	0	0	0	1836	0	0	0	0	0	0	0	0	0	0	0	0	0	0	0	610	0	0	0	100	0	0	0	0	0	0	0	4870	0	0	5100	13898	694	2390	0	12440	340	196	0	622	0	460	0	0	0	0	0	0	0	0	0	0	0	0	0	0	0	0	0	0	0	0	0	0	0	0	0	0	0	0	0	0	0	0	0	
494832	Caudate_R	642	22594	946	35094	150	2202	118	5254	0	0	332	1906	348	2990	0	3646	0	348	1152	23144	2666	3546	512	22732	0	7058	944	1946	430	4276	2516	34174	0	708	884	856	638	880	0	236	668	0	0	0	0	0	0	540	0	0	0	0	0	0	0	126	0	2820	0	0	0	230	0	292	0	0	0	0	470	574	5100	0	1622	18836	0	2936	1302	26032	0	0	0	0	0	0	0	0	0	0	0	0	0	0	0	0	0	0	0	0	0	0	0	0	0	0	0	0	0	0	0	0	0	0	0	0	0	0	
362672	Putamen_L	6344	0	33398	366	3246	0	5232	0	660	0	2534	0	2588	0	3274	0	1088	0	25958	614	2144	2150	5346	0	0	0	422	500	28166	0	6846	552	562	0	0	0	7612	0	1802	0	1502	0	0	0	0	0	146	0	0	0	0	0	0	0	2462	0	348	0	0	0	0	0	0	0	0	0	0	0	1614	0	13898	1622	0	228	6420	0	3748	0	594	0	2016	0	2040	0	666	0	0	0	2628	0	0	0	0	0	0	0	0	0	0	0	0	0	0	0	0	0	0	0	0	0	0	0	0	0	0	0	
325136	Putamen_R	0	3964	466	20752	0	3580	0	3872	0	318	228	6018	232	3258	0	3880	0	918	556	14210	0	138	104	10660	0	8722	0	1088	256	17552	736	14418	0	144	0	208	0	10784	0	3330	0	876	0	0	0	0	0	0	0	0	0	0	0	0	0	2500	0	1558	0	0	0	0	0	0	0	0	0	176	0	0	694	18836	228	0	0	5220	0	1930	0	0	0	0	0	0	0	0	0	0	0	158	0	0	0	0	0	0	0	0	0	0	0	0	0	0	0	0	0	0	0	0	0	0	0	0	0	0	
59728	Pallidum_L	2576	0	6762	0	0	0	0	0	0	0	0	0	0	0	0	0	0	0	6878	0	0	0	0	0	0	0	0	0	0	0	0	0	0	0	0	0	230	0	0	0	0	0	0	0	0	0	0	0	0	0	0	0	0	0	0	0	242	0	0	0	0	0	0	0	0	0	0	0	1612	0	2390	0	6420	0	0	0	2754	0	0	0	0	0	0	0	0	0	0	0	0	0	0	0	0	0	0	0	0	0	0	0	0	0	0	0	0	0	0	0	0	0	0	0	0	0	0	0	
33648	Pallidum_R	0	410	0	3694	0	0	0	504	0	0	0	280	0	0	0	0	0	176	0	2488	0	0	0	0	0	0	0	0	0	0	0	0	0	0	0	0	0	464	0	390	0	0	0	0	0	0	0	0	0	0	0	0	0	0	0	102	0	160	0	0	0	0	0	0	0	0	0	0	0	0	0	2936	0	5220	0	0	0	0	0	0	0	0	0	0	0	0	0	0	0	0	0	0	0	0	0	0	0	0	0	0	0	0	0	0	0	0	0	0	0	0	0	0	0	0	0	0	
200692	Thalamus_L	19374	1740	7246	644	0	0	646	0	0	0	0	0	0	0	0	0	0	0	15324	276	0	0	0	0	0	0	0	0	1402	0	0	0	0	0	1650	1656	5682	1014	1256	152	270	0	0	0	0	0	132	0	0	0	0	0	0	0	290	0	0	0	0	0	0	0	0	0	0	0	0	194	15596	0	12440	1302	3748	0	2754	0	0	5558	0	0	0	0	0	0	0	0	0	0	0	0	0	0	0	0	0	0	0	0	0	0	0	0	0	0	0	0	0	0	0	0	0	0	0	0	0	0	
184008	Thalamus_R	886	14388	218	13590	0	0	0	0	0	0	0	246	0	0	0	0	0	0	390	7652	0	0	0	818	0	0	0	0	0	304	0	1236	0	0	3072	3788	2198	4520	258	1318	0	420	0	0	0	0	0	662	0	0	0	0	0	0	0	856	0	0	0	0	0	0	0	0	0	0	0	180	482	662	340	26032	0	1930	0	0	5558	0	0	0	0	0	0	0	0	0	0	0	0	0	0	0	0	0	0	0	0	0	0	0	0	0	0	0	0	0	0	0	0	0	0	0	0	0	0	0	
123008	Heschl_L	4990	0	3276	322	0	0	1998	0	0	0	932	0	0	0	0	0	5854	0	2684	220	0	0	0	0	0	0	0	0	10340	0	0	0	0	0	316	0	6280	0	0	0	0	0	154	0	0	0	0	0	116	0	600	0	836	0	1506	0	1222	0	144	0	320	0	284	0	206	0	856	0	1124	0	196	0	594	0	0	0	0	0	0	0	4348	0	0	0	7460	0	0	0	4326	0	0	0	0	0	0	0	0	0	0	0	0	0	0	0	0	0	0	0	0	0	0	0	0	0	0	0	
20524	Heschl_R	0	106	0	0	0	0	0	0	0	0	0	0	0	0	0	0	0	134	0	0	0	0	0	0	0	0	0	0	0	2282	0	0	0	0	0	0	0	416	0	0	0	0	0	0	0	0	0	0	0	0	0	0	0	206	0	450	0	268	0	0	0	0	0	0	0	0	0	0	0	0	0	0	0	0	0	0	0	0	0	0	0	3698	0	0	0	1346	0	0	0	1356	0	0	0	0	0	0	0	0	0	0	0	0	0	0	0	0	0	0	0	0	0	0	0	0	0	0	
260424	Temporal_Sup_L	3110	0	6910	0	0	0	2722	0	0	0	7528	0	376	0	0	0	15176	0	7202	144	0	0	0	0	0	0	0	0	17498	0	0	0	0	0	0	0	1902	0	0	0	0	0	0	0	0	0	0	0	230	0	1742	0	0	0	1516	0	2588	0	1572	0	1280	0	3380	0	2090	0	1138	0	278	0	622	0	2016	0	0	0	0	0	4348	0	0	0	6768	0	28358	0	0	0	9718	0	0	0	0	0	0	0	0	0	0	0	0	0	0	0	0	0	0	0	0	0	0	0	0	0	0	0	
71600	Temporal_Sup_R	0	446	0	104	0	0	0	0	0	0	0	0	0	0	0	0	0	1776	0	0	0	0	0	0	0	0	0	0	0	2976	0	0	0	0	0	0	0	1114	0	476	0	0	0	0	0	226	0	0	0	326	0	522	0	292	0	1502	0	1622	0	252	0	474	0	3084	0	2308	0	164	0	260	0	0	0	0	0	0	0	0	0	3698	0	0	0	708	0	9824	0	0	0	3646	0	0	0	0	0	0	0	0	0	0	0	0	0	0	0	0	0	0	0	0	0	0	0	0	0	0	
92448	Temporal_Pole_Sup_L	128	0	1088	0	1114	0	910	0	0	0	1924	0	1210	0	1502	0	1566	0	730	0	1074	0	128	0	0	0	360	0	6318	0	110	0	0	0	0	0	206	0	336	0	560	0	0	0	0	0	0	0	0	0	0	0	0	0	1888	0	0	0	0	0	0	0	0	0	0	0	0	0	0	0	460	0	2040	0	0	0	0	0	0	0	6768	0	0	0	8638	0	3432	0	3734	0	0	0	0	0	0	0	0	0	0	0	0	0	0	0	0	0	0	0	0	0	0	0	0	0	0	0	
29324	Temporal_Pole_Sup_R	0	0	0	0	0	206	0	0	0	0	0	0	0	0	0	608	0	0	0	0	0	650	0	0	0	0	0	302	0	520	0	0	0	0	0	0	0	698	0	1544	0	2120	0	0	0	0	0	0	0	0	0	0	0	0	0	2230	0	0	0	0	0	0	0	0	0	0	0	0	0	0	0	0	0	0	0	0	0	0	0	0	0	708	0	0	0	516	0	1840	0	2720	0	0	0	0	0	0	0	0	0	0	0	0	0	0	0	0	0	0	0	0	0	0	0	0	0	0	
363708	Temporal_Mid_L	6518	0	1036	0	0	0	430	0	0	0	1246	0	0	0	0	0	4806	0	1410	0	0	0	0	0	0	0	0	0	6966	0	0	0	242	0	1168	0	2250	0	162	0	0	0	988	0	952	0	0	0	3422	0	21862	0	6494	0	2804	0	1172	0	2428	0	6516	0	8698	0	9084	0	4418	0	4358	0	0	0	666	0	0	0	0	0	7460	0	28358	0	8638	0	0	0	4084	0	33218	0	0	0	0	0	0	0	0	0	0	0	0	0	0	0	0	0	0	0	0	0	0	0	0	0	0	0	
134452	Temporal_Mid_R	0	698	0	0	0	0	0	0	0	0	0	0	0	0	0	0	0	0	0	0	0	0	0	0	0	0	0	0	0	3022	0	0	0	106	0	380	0	806	0	340	0	0	0	4870	0	2714	0	214	0	3028	0	11784	0	282	0	1384	0	916	0	126	0	422	0	3512	0	6220	0	4020	0	1394	0	0	0	0	0	0	0	0	0	1346	0	9824	0	516	0	0	0	118	0	9184	0	0	0	0	0	0	0	0	0	0	0	0	0	0	0	0	0	0	0	0	0	0	0	0	0	0	
29872	Temporal_Pole_Mid_L	0	0	0	0	0	0	0	0	0	0	0	0	0	0	0	0	0	0	0	0	0	0	0	0	0	0	0	0	238	0	0	0	0	0	0	0	134	0	238	0	0	0	0	0	0	0	0	0	0	0	0	0	0	0	2500	0	0	0	0	0	0	0	0	0	0	0	0	0	0	0	0	0	0	0	0	0	0	0	0	0	0	0	3432	0	4084	0	0	0	4310	0	0	0	0	0	0	0	0	0	0	0	0	0	0	0	0	0	0	0	0	0	0	0	0	0	0	0	
8772	Temporal_Pole_Mid_R	0	0	0	0	0	0	0	0	0	0	0	0	0	0	0	0	0	0	0	0	0	0	0	0	0	0	0	0	0	0	0	0	0	0	0	0	0	0	0	276	0	206	0	0	0	0	0	0	0	0	0	0	0	0	0	694	0	0	0	0	0	0	0	0	0	0	0	0	0	0	0	0	0	0	0	0	0	0	0	0	0	0	0	1840	0	118	0	0	0	1252	0	0	0	0	0	0	0	0	0	0	0	0	0	0	0	0	0	0	0	0	0	0	0	0	0	0	
256904	Temporal_Inf_L	2594	0	624	0	0	0	230	0	0	0	156	0	0	0	0	0	2052	0	2392	0	0	0	0	0	0	0	0	0	12158	0	0	0	0	0	152	0	10096	0	858	0	1066	0	244	0	172	0	152	0	746	0	4020	0	3724	0	15530	0	410	0	1376	0	1948	0	1916	0	1060	0	1382	0	1236	0	0	0	2628	0	0	0	0	0	4326	0	9718	0	3734	0	33218	0	4310	0	0	0	2912	0	344	0	0	0	0	0	794	0	174	0	0	0	0	0	0	0	0	0	0	0	0	0	0	0	
116452	Temporal_Inf_R	0	1214	142	290	0	0	0	330	0	0	0	194	0	0	0	0	0	0	160	222	0	0	0	0	0	0	0	0	0	4498	0	0	0	102	0	438	0	4188	0	822	0	1004	0	964	0	682	0	556	0	894	0	928	0	2616	0	7890	0	1270	0	0	0	0	0	226	0	296	0	1614	0	1120	0	0	0	158	0	0	0	0	0	1356	0	3646	0	2720	0	9184	0	1252	0	0	0	3890	0	360	0	248	0	292	0	1854	0	288	0	318	0	0	0	0	0	0	0	0	0	0	0	0	
469928	Cerebelum_Crus1_L	0	0	0	0	0	0	0	0	0	0	0	0	0	0	0	0	0	0	0	0	0	0	0	0	0	0	0	0	0	0	0	0	0	0	0	0	0	0	0	0	0	0	142	0	0	0	13122	904	0	0	166	0	808	362	22602	870	0	0	0	0	0	0	0	0	0	0	0	0	0	0	0	0	0	0	0	0	0	0	0	0	0	0	0	0	0	0	0	0	2912	0	0	1930	36732	3570	506	0	18178	370	60210	3540	19734	2052	21258	3510	3920	1168	270	0	0	0	1582	4022	7690	1800	1034	0	
328772	Cerebelum_Crus1_R	0	0	0	0	0	0	0	0	0	0	0	0	0	0	0	0	0	0	0	0	0	0	0	0	0	0	0	0	0	0	0	0	0	0	0	0	0	0	0	0	0	0	0	0	0	0	434	3440	0	0	0	0	0	0	0	13136	0	0	0	0	0	0	0	0	0	0	0	0	0	0	0	0	0	0	0	0	0	0	0	0	0	0	0	0	0	0	0	0	0	3890	1930	0	186	25162	110	4712	1238	19916	2544	46900	0	10292	138	16264	134	1464	0	120	136	1204	3360	2130	3650	1062	834	0	
330216	Cerebelum_Crus2_L	0	0	0	0	0	0	0	0	0	0	0	0	0	0	0	0	0	0	0	0	0	0	0	0	0	0	0	0	0	0	0	0	0	0	0	0	0	0	0	0	0	0	0	0	0	0	632	0	0	0	0	0	124	0	1206	0	0	0	0	0	0	0	0	0	0	0	0	0	0	0	0	0	0	0	0	0	0	0	0	0	0	0	0	0	0	0	0	0	344	0	36732	186	0	6012	0	0	436	0	6362	216	44988	4856	41352	4880	5144	506	1972	0	0	0	0	202	6844	2114	0	0	
219392	Cerebelum_Crus2_R	0	0	0	0	0	0	0	0	0	0	0	0	0	0	0	0	0	0	0	0	0	0	0	0	0	0	0	0	0	0	0	0	0	0	0	0	0	0	0	0	0	0	0	0	0	0	0	164	0	0	0	0	0	0	0	554	0	0	0	0	0	0	0	0	0	0	0	0	0	0	0	0	0	0	0	0	0	0	0	0	0	0	0	0	0	0	0	0	0	360	3570	25162	6012	0	0	780	0	1798	1190	5940	2442	20924	2018	26144	0	1878	0	200	0	210	148	354	7784	1846	218	0	
40608	Cerebelum_3_L	0	0	0	0	0	0	0	0	0	0	0	0	0	0	0	0	0	0	0	0	0	0	0	0	0	0	0	0	0	0	0	0	0	0	0	0	0	0	132	0	0	0	0	0	0	0	362	130	0	0	0	0	0	0	264	0	0	0	0	0	0	0	0	0	0	0	0	0	0	0	0	0	0	0	0	0	0	0	0	0	0	0	0	0	0	0	0	0	0	0	506	110	0	0	0	126	7268	134	1826	560	112	0	246	0	1940	562	156	0	776	804	1640	1334	114	178	488	536	
65884	Cerebelum_3_R	0	0	0	0	0	0	0	0	0	0	0	0	0	0	0	0	0	0	0	0	0	0	0	0	0	0	0	0	0	0	0	0	0	0	0	0	0	0	0	134	0	0	0	0	0	0	98	126	0	0	0	0	0	0	0	142	0	0	0	0	0	0	0	0	0	0	0	0	0	0	0	0	0	0	0	0	0	0	0	0	0	0	0	0	0	0	0	0	0	248	0	4712	0	780	126	0	350	7124	408	6984	0	148	0	562	386	1862	0	0	662	3408	438	1358	534	982	1124	246	
268460	Cerebelum_4_5_L	0	0	0	0	0	0	0	0	0	0	0	0	0	0	0	0	0	0	0	0	0	0	0	0	0	0	0	0	0	0	0	0	0	0	188	0	390	0	684	0	0	0	608	0	0	0	15420	3102	0	0	128	0	0	156	11162	916	0	0	0	0	0	0	0	0	0	0	444	0	0	0	0	0	0	0	0	0	0	0	0	0	0	0	0	0	0	0	0	0	0	0	18178	1238	436	0	7268	350	0	3284	33736	4366	1012	0	1692	0	5792	1066	504	0	412	868	12456	5014	286	462	1218	1394	
210240	Cerebelum_4_5_R	0	0	0	0	0	0	0	0	0	0	0	0	0	0	0	0	0	0	0	0	0	0	0	0	0	0	0	0	0	0	0	0	0	0	0	0	0	108	0	388	0	0	0	0	0	0	2970	7192	0	0	0	0	0	194	794	7844	0	0	0	0	0	0	0	0	0	0	0	132	0	0	0	0	0	0	0	0	0	0	0	0	0	0	0	0	0	0	0	0	0	292	370	19916	0	1798	134	7124	3284	0	1724	32844	0	276	0	1080	152	1480	0	238	0	1650	10248	1148	454	650	636	0	
441680	Cerebelum_6_L	0	0	0	0	0	0	0	0	0	0	0	0	0	0	0	0	0	0	0	0	0	0	0	0	0	0	0	0	0	0	0	0	0	0	0	0	0	0	0	0	0	0	382	0	0	0	21996	4252	0	0	516	0	1016	668	31428	2030	0	0	0	0	0	0	0	0	0	0	0	0	0	0	0	0	0	0	0	0	0	0	0	0	0	0	0	0	0	0	0	0	794	0	60210	2544	6362	1190	1826	408	33736	1724	0	8244	4134	280	5108	1306	4674	938	318	0	0	176	5726	11064	4900	1430	1236	224	
370344	Cerebelum_6_R	0	0	0	0	0	0	0	0	0	0	0	0	0	0	0	0	0	0	0	0	0	0	0	0	0	0	0	0	0	0	0	0	0	0	0	0	0	0	0	0	0	0	0	0	0	0	3062	9286	0	0	0	0	0	1120	1256	17978	0	0	0	0	0	0	0	0	0	0	0	0	0	0	0	0	0	0	0	0	0	0	0	0	0	0	0	0	0	0	0	0	0	1854	3540	46900	216	5940	560	6984	4366	32844	8244	0	0	2352	136	5750	724	2622	0	666	140	1642	9314	9562	4684	1882	1548	0	
267912	Cerebelum_7b_L	0	0	0	0	0	0	0	0	0	0	0	0	0	0	0	0	0	0	0	0	0	0	0	0	0	0	0	0	0	0	0	0	0	0	0	0	0	0	0	0	0	0	0	0	0	0	0	0	0	0	0	0	0	0	546	0	0	0	0	0	0	0	0	0	0	0	0	0	0	0	0	0	0	0	0	0	0	0	0	0	0	0	0	0	0	0	0	0	174	0	19734	0	44988	2442	112	0	1012	0	4134	0	0	2016	42092	2656	5560	426	2400	0	0	0	0	0	4058	1606	0	0	
149604	Cerebelum_7b_R	0	0	0	0	0	0	0	0	0	0	0	0	0	0	0	0	0	0	0	0	0	0	0	0	0	0	0	0	0	0	0	0	0	0	0	0	0	0	0	0	0	0	0	0	0	0	0	0	0	0	0	0	0	0	0	266	0	0	0	0	0	0	0	0	0	0	0	0	0	0	0	0	0	0	0	0	0	0	0	0	0	0	0	0	0	0	0	0	0	288	2052	10292	4856	20924	0	148	0	276	280	2352	2016	0	1680	21022	0	950	0	244	0	0	0	170	4566	2284	136	0	
297152	Cerebelum_8_L	0	0	0	0	0	0	0	0	0	0	0	0	0	0	0	0	0	0	0	0	0	0	0	0	0	0	0	0	0	0	0	0	0	0	0	0	0	0	0	0	0	0	0	0	0	0	244	0	0	0	0	0	0	0	320	0	0	0	0	0	0	0	0	0	0	0	0	0	0	0	0	0	0	0	0	0	0	0	0	0	0	0	0	0	0	0	0	0	0	0	21258	138	41352	2018	246	0	1692	0	5108	136	42092	1680	0	3720	14870	988	3930	0	0	0	0	104	4536	3496	648	0	
236852	Cerebelum_8_R	0	0	0	0	0	0	0	0	0	0	0	0	0	0	0	0	0	0	0	0	0	0	0	0	0	0	0	0	0	0	0	0	0	0	0	0	0	0	0	0	0	0	0	0	0	0	0	102	0	0	0	0	0	0	0	476	0	0	0	0	0	0	0	0	0	0	0	0	0	0	0	0	0	0	0	0	0	0	0	0	0	0	0	0	0	0	0	0	0	318	3510	16264	4880	26144	0	562	0	1080	1306	5750	2656	21022	3720	0	270	11806	0	1342	0	102	0	1208	9242	4964	1702	0	
124940	Cerebelum_9_L	0	0	0	0	0	0	0	0	0	0	0	0	0	0	0	0	0	0	0	0	0	0	0	0	0	0	0	0	0	0	0	0	0	0	0	0	0	0	0	0	0	0	0	0	0	0	328	132	0	0	0	0	0	0	188	0	0	0	0	0	0	0	0	0	0	0	0	0	0	0	0	0	0	0	0	0	0	0	0	0	0	0	0	0	0	0	0	0	0	0	3920	134	5144	0	1940	386	5792	152	4674	724	5560	0	14870	270	0	1624	4998	0	106	222	1960	3066	1004	1822	2218	1236	
109736	Cerebelum_9_R	0	0	0	0	0	0	0	0	0	0	0	0	0	0	0	0	0	0	0	0	0	0	0	0	0	0	0	0	0	0	0	0	0	0	0	0	0	0	0	0	0	0	0	0	0	0	0	0	0	0	0	0	0	0	0	122	0	0	0	0	0	0	0	0	0	0	0	0	0	0	0	0	0	0	0	0	0	0	0	0	0	0	0	0	0	0	0	0	0	0	1168	1464	506	1878	562	1862	1066	1480	938	2622	426	950	988	11806	1624	0	0	2652	492	1262	1334	3672	4258	4460	5222	2054	
29096	Cerebelum_10_L	0	0	0	0	0	0	0	0	0	0	0	0	0	0	0	0	0	0	0	0	0	0	0	0	0	0	0	0	0	0	0	0	0	0	0	0	0	0	0	0	0	0	0	0	0	0	0	0	0	0	0	0	0	0	0	0	0	0	0	0	0	0	0	0	0	0	0	0	0	0	0	0	0	0	0	0	0	0	0	0	0	0	0	0	0	0	0	0	0	0	270	0	1972	0	156	0	504	0	318	0	2400	0	3930	0	4998	0	0	0	0	0	0	0	0	0	0	0	
10924	Cerebelum_10_R	0	0	0	0	0	0	0	0	0	0	0	0	0	0	0	0	0	0	0	0	0	0	0	0	0	0	0	0	0	0	0	0	0	0	0	0	0	0	0	0	0	0	0	0	0	0	0	0	0	0	0	0	0	0	0	0	0	0	0	0	0	0	0	0	0	0	0	0	0	0	0	0	0	0	0	0	0	0	0	0	0	0	0	0	0	0	0	0	0	0	0	120	0	200	0	0	0	238	0	666	0	244	0	1342	0	2652	0	0	0	0	0	0	0	0	0	0	
18868	Vermis_1_2	0	0	0	0	0	0	0	0	0	0	0	0	0	0	0	0	0	0	0	0	0	0	0	0	0	0	0	0	0	0	0	0	0	0	0	0	0	0	0	0	0	0	0	0	0	0	0	0	0	0	0	0	0	0	0	0	0	0	0	0	0	0	0	0	0	0	0	0	0	0	0	0	0	0	0	0	0	0	0	0	0	0	0	0	0	0	0	0	0	0	0	136	0	0	776	662	412	0	0	140	0	0	0	0	106	492	0	0	0	4214	922	556	0	306	496	216	
40512	Vermis_3	0	0	0	0	0	0	0	0	0	0	0	0	0	0	0	0	0	0	0	0	0	0	0	0	0	0	0	0	0	0	0	0	0	0	0	0	0	0	0	0	0	0	0	0	0	0	0	0	0	0	0	0	0	0	0	0	0	0	0	0	0	0	0	0	0	0	0	0	0	0	0	0	0	0	0	0	0	0	0	0	0	0	0	0	0	0	0	0	0	0	0	1204	0	210	804	3408	868	1650	176	1642	0	0	0	102	222	1262	0	0	4214	0	1690	826	318	614	772	274	
171932	Vermis_4_5	0	0	0	0	0	0	0	0	0	0	0	0	0	0	0	0	0	0	0	0	0	0	0	0	0	0	0	0	0	0	0	0	0	0	738	1294	0	1528	0	1226	0	0	900	150	0	0	5676	6944	0	0	0	0	0	320	1516	3556	0	0	0	0	0	0	0	0	0	0	832	1772	0	0	0	0	0	0	0	0	0	0	0	0	0	0	0	0	0	0	0	0	0	0	1582	3360	0	148	1640	438	12456	10248	5726	9314	0	0	0	0	1960	1334	0	0	922	1690	0	5276	0	220	1358	1842	
156532	Vermis_6	0	0	0	0	0	0	0	0	0	0	0	0	0	0	0	0	0	0	0	0	0	0	0	0	0	0	0	0	0	0	0	0	0	0	0	0	0	0	0	0	0	0	0	0	0	0	3842	4066	0	0	0	0	0	752	2216	2286	0	0	0	0	0	0	0	0	0	0	0	0	0	0	0	0	0	0	0	0	0	0	0	0	0	0	0	0	0	0	0	0	0	0	4022	2130	202	354	1334	1358	5014	1148	11064	9562	0	170	104	1208	3066	3672	0	0	556	826	5276	0	4420	3036	4162	2420	
163964	Vermis_7	0	0	0	0	0	0	0	0	0	0	0	0	0	0	0	0	0	0	0	0	0	0	0	0	0	0	0	0	0	0	0	0	0	0	0	0	0	0	0	0	0	0	0	0	0	0	590	406	0	0	0	0	0	144	854	388	0	0	0	0	0	0	0	0	0	0	0	0	0	0	0	0	0	0	0	0	0	0	0	0	0	0	0	0	0	0	0	0	0	0	7690	3650	6844	7784	114	534	286	454	4900	4684	4058	4566	4536	9242	1004	4258	0	0	0	318	0	4420	0	6154	3708	396	
95696	Vermis_8	0	0	0	0	0	0	0	0	0	0	0	0	0	0	0	0	0	0	0	0	0	0	0	0	0	0	0	0	0	0	0	0	0	0	0	0	0	0	0	0	0	0	0	0	0	0	0	0	0	0	0	0	0	0	0	0	0	0	0	0	0	0	0	0	0	0	0	0	0	0	0	0	0	0	0	0	0	0	0	0	0	0	0	0	0	0	0	0	0	0	1800	1062	2114	1846	178	982	462	650	1430	1882	1606	2284	3496	4964	1822	4460	0	0	306	614	220	3036	6154	0	5546	934	
72552	Vermis_9	0	0	0	0	0	0	0	0	0	0	0	0	0	0	0	0	0	0	0	0	0	0	0	0	0	0	0	0	0	0	0	0	0	0	0	0	0	0	0	0	0	0	0	0	0	0	100	0	0	0	0	0	0	0	0	0	0	0	0	0	0	0	0	0	0	0	0	0	0	0	0	0	0	0	0	0	0	0	0	0	0	0	0	0	0	0	0	0	0	0	1034	834	0	218	488	1124	1218	636	1236	1548	0	136	648	1702	2218	5222	0	0	496	772	1358	4162	3708	5546	0	1872	
