data	data	535132	292540	1.18512e+06	978488	148040	204944	704248	393140	75072	33676	289712	369384	294824	228476	197332	99676	167972	82272	809832	698448	52420	92116	344196	567648	41544	105620	48612	99160	558984	303484	204544	643368	142196	477576	124544	151068	236184	207084	57896	109420	21636	44844	139888	266648	131776	276740	197540	247464	219504	253936	358392	226604	89772	77708	267900	303384	317484	173980	111252	112460	223392	92916	132648	96692	97864	157260	191760	297704	148428	70648	339336	486508	412144	242560	62512	25936	148508	121696	62368	22900	175960	106300	84720	65196	305300	210352	28672	38604	243320	157884	351040	252400	210960	159644	15544	25948	177488	141500	290048	243508	160424	64700	227072	160424	84272	88756	15256	9216	8256	13360	179644	150840	74208	74200	41268	27332	
data	data	Precentral_L	Precentral_R	Frontal_Sup_L	Frontal_Sup_R	Frontal_Sup_Orb_L	Frontal_Sup_Orb_R	Frontal_Mid_L	Frontal_Mid_R	Frontal_Mid_Orb_L	Frontal_Mid_Orb_R	Frontal_Inf_Oper_L	Frontal_Inf_Oper_R	Frontal_Inf_Tri_L	Frontal_Inf_Tri_R	Frontal_Inf_Orb_L	Frontal_Inf_Orb_R	Rolandic_Oper_L	Rolandic_Oper_R	Supp_Motor_Area_L	Supp_Motor_Area_R	Olfactory_L	Olfactory_R	Frontal_Sup_Medial_L	Frontal_Sup_Medial_R	Frontal_Med_Orb_L	Frontal_Med_Orb_R	Rectus_L	Rectus_R	Insula_L	Insula_R	Cingulum_Ant_L	Cingulum_Ant_R	Cingulum_Mid_L	Cingulum_Mid_R	Cingulum_Post_L	Cingulum_Post_R	Hippocampus_L	Hippocampus_R	ParaHippocampal_L	ParaHippocampal_R	Amygdala_L	Amygdala_R	Calcarine_L	Calcarine_R	Cuneus_L	Cuneus_R	Lingual_L	Lingual_R	Occipital_Sup_L	Occipital_Sup_R	Occipital_Mid_L	Occipital_Mid_R	Occipital_Inf_L	Occipital_Inf_R	Fusiform_L	Fusiform_R	Postcentral_L	Postcentral_R	Parietal_Sup_L	Parietal_Sup_R	Parietal_Inf_L	Parietal_Inf_R	SupraMarginal_L	SupraMarginal_R	Angular_L	Angular_R	Precuneus_L	Precuneus_R	Paracentral_Lobule_L	Paracentral_Lobule_R	Caudate_L	Caudate_R	Putamen_L	Putamen_R	Pallidum_L	Pallidum_R	Thalamus_L	Thalamus_R	Heschl_L	Heschl_R	Temporal_Sup_L	Temporal_Sup_R	Temporal_Pole_Sup_L	Temporal_Pole_Sup_R	Temporal_Mid_L	Temporal_Mid_R	Temporal_Pole_Mid_L	Temporal_Pole_Mid_R	Temporal_Inf_L	Temporal_Inf_R	Cerebelum_Crus1_L	Cerebelum_Crus1_R	Cerebelum_Crus2_L	Cerebelum_Crus2_R	Cerebelum_3_L	Cerebelum_3_R	Cerebelum_4_5_L	Cerebelum_4_5_R	Cerebelum_6_L	Cerebelum_6_R	Cerebelum_7b_L	Cerebelum_7b_R	Cerebelum_8_L	Cerebelum_8_R	Cerebelum_9_L	Cerebelum_9_R	Cerebelum_10_L	Cerebelum_10_R	Vermis_1_2	Vermis_3	Vermis_4_5	Vermis_6	Vermis_7	Vermis_8	Vermis_9	Vermis_10	
535132	Precentral_L	0	10132	19402	8916	0	2492	24000	1474	0	0	13204	3918	934	268	0	142	9060	0	13370	5002	0	0	0	3736	0	0	0	0	7180	2686	0	4206	194	2108	5322	2354	9468	818	1276	286	0	0	120	0	128	0	620	0	486	0	2252	0	402	0	1302	0	37528	494	0	0	10024	0	1940	0	0	0	634	144	13192	1206	5570	7416	8176	0	938	0	9430	3580	2752	0	3480	0	298	0	2620	0	0	0	886	0	0	0	0	0	0	0	0	0	0	0	0	0	0	0	0	0	0	0	0	0	0	0	0	0	0	0	
292540	Precentral_R	10132	0	6898	10844	0	0	2672	13340	0	0	0	4260	0	406	122	0	0	1384	8058	7200	0	0	0	354	0	0	0	0	518	1692	430	1684	362	2172	976	3206	540	2004	0	640	0	0	0	1108	0	510	0	0	0	292	150	706	0	0	0	1610	0	20394	0	206	0	270	0	630	0	178	0	3580	7918	2590	7742	3016	1600	3804	432	316	4546	1566	0	186	0	724	0	0	0	724	0	0	0	1578	0	0	0	0	0	0	0	0	0	0	0	0	0	0	0	0	0	0	0	0	0	0	0	0	0	0	
1.18512e+06	Frontal_Sup_L	19402	6898	0	23736	9624	1214	95320	5684	2168	110	17942	5010	24944	682	9466	328	6940	0	105666	24548	0	0	48300	6860	2254	0	0	0	44966	3550	10324	7146	7200	3582	222	0	4338	424	120	0	0	0	0	0	0	0	0	0	0	0	134	0	0	0	158	0	3262	160	0	0	816	0	490	0	0	0	0	0	2548	0	17674	6354	39630	1004	8224	320	5664	248	1092	0	2338	0	2686	0	374	0	0	0	418	0	0	0	0	0	0	0	0	0	0	0	0	0	0	0	0	0	0	0	0	0	0	0	0	0	0	0	
978488	Frontal_Sup_R	8916	10844	23736	0	142	13246	8578	49176	0	1380	790	23186	520	16018	406	5940	0	4648	26114	72860	0	148	6066	59114	0	2868	0	728	2312	11074	2140	51040	3028	26472	0	296	692	868	0	374	0	0	0	0	0	0	0	0	0	0	0	0	0	0	0	0	374	2040	0	0	0	0	0	0	0	0	0	0	1426	0	4980	27430	1874	9788	272	2706	334	3446	126	0	0	212	0	516	0	0	0	0	0	0	0	0	0	0	0	0	0	0	0	0	0	0	0	0	0	0	0	0	0	0	0	0	0	0	0	0	
148040	Frontal_Sup_Orb_L	0	0	9624	142	0	0	2176	0	12724	0	0	248	1696	0	15196	0	0	0	890	0	1024	0	3888	0	3878	0	4284	0	7008	202	3710	128	0	0	0	0	0	0	0	0	0	0	0	0	0	0	0	0	0	0	0	0	0	0	0	0	0	0	0	0	0	0	0	0	0	0	0	0	0	0	1902	238	4430	0	0	0	0	0	0	0	0	0	632	0	0	0	0	0	0	0	0	0	0	0	0	0	0	0	0	0	0	0	0	0	0	0	0	0	0	0	0	0	0	0	0	0	
204944	Frontal_Sup_Orb_R	2492	0	1214	13246	0	0	3056	3280	0	7378	530	144	0	342	0	7696	0	0	454	562	198	1276	174	14674	0	10502	0	8432	758	2050	418	13000	0	178	0	0	198	0	0	0	0	0	0	0	0	0	0	0	0	0	0	0	0	0	0	0	220	0	0	0	0	0	0	0	0	0	0	0	0	0	694	6208	404	2694	0	0	0	0	0	0	0	0	0	0	0	0	0	0	0	0	0	0	0	0	0	0	0	0	0	0	0	0	0	0	0	0	0	0	0	0	0	0	0	0	0	0	
704248	Frontal_Mid_L	24000	2672	95320	8578	2176	3056	0	2596	2046	0	18732	7956	36396	1114	4206	192	5904	0	24106	1296	0	0	21722	8424	0	0	0	0	18516	5452	3000	8156	3432	996	224	196	2024	170	316	0	0	0	0	0	0	0	154	0	0	0	134	0	0	0	208	0	4240	0	0	0	738	0	324	0	0	0	0	0	146	0	7630	10940	7438	0	1496	0	678	224	954	0	2004	0	1226	0	320	0	0	0	296	0	0	0	0	0	0	0	0	0	0	0	0	0	0	0	0	0	0	0	0	0	0	0	0	0	0	0	
393140	Frontal_Mid_R	1474	13340	5684	49176	0	3280	2596	0	0	1554	136	23320	142	19328	148	5588	0	3464	5842	9208	0	0	572	9442	0	414	0	136	536	9300	678	9574	266	4104	0	0	0	228	0	0	0	0	0	0	0	0	0	0	0	0	0	0	0	0	0	0	0	146	0	0	0	0	0	0	0	0	0	0	122	0	3154	5768	234	6188	0	246	330	134	0	0	0	256	0	462	0	0	0	0	0	0	0	0	0	0	0	0	0	0	0	0	0	0	0	0	0	0	0	0	0	0	0	0	0	0	0	0	
75072	Frontal_Mid_Orb_L	0	0	2168	0	12724	0	2046	0	0	0	0	0	1846	0	14580	0	0	0	352	0	0	0	0	0	304	0	620	0	1772	0	186	0	0	0	0	0	0	0	0	0	0	0	0	0	0	0	0	0	0	0	0	0	0	0	0	0	0	0	0	0	0	0	0	0	0	0	0	0	0	0	154	0	376	0	0	0	0	0	0	0	0	0	408	0	0	0	0	0	0	0	0	0	0	0	0	0	0	0	0	0	0	0	0	0	0	0	0	0	0	0	0	0	0	0	0	0	
33676	Frontal_Mid_Orb_R	0	0	110	1380	0	7378	0	1554	0	0	0	0	0	512	0	3496	0	0	0	0	0	0	0	702	0	0	0	624	0	230	0	650	0	0	0	0	0	0	0	0	0	0	0	0	0	0	0	0	0	0	0	0	0	0	0	0	0	0	0	0	0	0	0	0	0	0	0	0	0	0	0	0	0	202	0	0	0	0	0	0	0	0	0	0	0	0	0	0	0	0	0	0	0	0	0	0	0	0	0	0	0	0	0	0	0	0	0	0	0	0	0	0	0	0	0	0	
289712	Frontal_Inf_Oper_L	13204	0	17942	790	0	530	18732	136	0	0	0	5510	17292	340	0	0	10876	0	10952	188	0	0	1566	668	0	0	0	0	17330	4268	188	654	166	0	0	0	214	0	0	0	0	0	0	0	0	0	0	0	0	0	192	0	0	0	106	0	6824	0	0	0	3056	0	192	0	0	0	0	0	0	0	608	3912	780	0	0	0	0	0	1626	0	2260	0	3522	0	232	0	0	0	0	0	0	0	0	0	0	0	0	0	0	0	0	0	0	0	0	0	0	0	0	0	0	0	0	0	0	0	
369384	Frontal_Inf_Oper_R	3918	4260	5010	23186	248	144	7956	23320	0	0	5510	0	1132	27068	346	314	190	5894	4352	12182	0	0	506	4784	0	0	0	0	2960	26020	1096	3790	0	4678	0	0	0	776	0	116	0	0	0	0	0	0	0	0	0	0	0	0	0	0	0	0	384	408	0	0	140	0	0	0	0	0	0	0	0	0	1356	6870	0	3178	0	242	0	114	152	262	0	870	132	828	0	0	0	0	0	0	0	0	0	0	0	0	0	0	0	0	0	0	0	0	0	0	0	0	0	0	0	0	0	0	0	0	
294824	Frontal_Inf_Tri_L	934	0	24944	520	1696	0	36396	142	1846	0	17292	1132	0	234	12570	0	1106	0	9326	342	0	0	4446	452	0	0	0	0	24838	868	1398	360	402	0	0	0	0	0	0	0	0	0	0	0	0	0	0	0	0	0	0	0	0	0	0	0	114	0	0	0	0	0	0	0	0	0	0	0	0	0	986	978	2304	208	0	0	0	0	158	0	380	0	1040	0	0	0	0	0	0	0	0	0	0	0	0	0	0	0	0	0	0	0	0	0	0	0	0	0	0	0	0	0	0	0	0	0	
228476	Frontal_Inf_Tri_R	268	406	682	16018	0	342	1114	19328	0	512	340	27068	234	0	0	3446	0	1482	2224	10204	0	0	460	5428	0	0	0	0	424	9804	116	3850	0	5696	0	0	0	0	0	0	0	0	0	0	0	0	0	0	0	0	0	0	0	0	0	0	0	0	0	0	0	0	0	0	0	0	0	0	0	0	0	650	0	3998	0	144	0	0	0	0	0	0	0	0	0	0	0	0	0	0	0	0	0	0	0	0	0	0	0	0	0	0	0	0	0	0	0	0	0	0	0	0	0	0	0	0	
197332	Frontal_Inf_Orb_L	0	122	9466	406	15196	0	4206	148	14580	0	0	346	12570	0	0	0	0	0	3234	186	866	0	706	224	438	0	1410	0	19370	288	1336	316	0	0	0	0	408	0	0	0	274	0	0	0	0	0	0	0	0	0	0	0	0	0	114	0	0	0	0	0	0	0	0	0	0	0	0	0	0	0	2072	836	6576	242	0	0	0	0	0	0	392	0	1792	0	218	0	0	0	328	0	0	0	0	0	0	0	0	0	0	0	0	0	0	0	0	0	0	0	0	0	0	0	0	0	0	0	
99676	Frontal_Inf_Orb_R	142	0	328	5940	0	7696	192	5588	0	3496	0	314	0	3446	0	0	0	0	154	876	0	488	0	4338	0	2040	0	692	0	6614	0	3868	0	274	0	0	0	0	0	0	0	0	0	0	0	0	0	0	0	0	0	0	0	0	0	0	0	0	0	0	0	0	0	0	0	0	0	0	0	0	0	882	0	2470	0	0	0	0	0	0	0	0	0	0	0	0	0	0	0	0	0	0	0	0	0	0	0	0	0	0	0	0	0	0	0	0	0	0	0	0	0	0	0	0	0	0	
167972	Rolandic_Oper_L	9060	0	6940	0	0	0	5904	0	0	0	10876	190	1106	0	0	0	0	0	3912	0	0	0	142	0	0	0	0	0	13108	120	0	0	0	0	0	0	198	0	0	0	0	0	0	0	0	0	0	0	0	0	150	0	0	0	176	0	10866	0	0	0	1218	0	2710	0	0	0	0	0	0	0	172	220	344	0	0	0	0	0	4884	0	9300	0	1656	0	474	0	0	0	260	0	0	0	0	0	0	0	0	0	0	0	0	0	0	0	0	0	0	0	0	0	0	0	0	0	0	0	
82272	Rolandic_Oper_R	0	1384	0	4648	0	0	0	3464	0	0	0	5894	0	1482	0	0	0	0	0	1260	0	0	0	0	0	0	0	0	0	9494	0	0	0	0	0	0	0	540	0	0	0	0	0	0	0	0	0	0	0	0	0	0	0	0	0	0	0	2442	0	0	0	0	0	1320	0	0	0	162	0	0	0	0	0	2334	0	776	0	0	0	2144	0	2880	0	912	0	0	0	0	0	0	0	0	0	0	0	0	0	0	0	0	0	0	0	0	0	0	0	0	0	0	0	0	0	0	0	0	
809832	Supp_Motor_Area_L	13370	8058	105666	26114	890	454	24106	5842	352	0	10952	4352	9326	2224	3234	154	3912	0	0	49714	0	0	12794	5552	0	0	0	0	22006	1844	4206	5266	8406	20600	328	246	2546	382	0	0	0	0	0	0	0	0	0	0	176	0	174	0	0	0	0	0	0	114	0	0	0	0	0	0	0	0	158	0	10572	222	8338	2128	19310	870	1248	322	4676	246	188	0	886	0	2200	0	0	0	0	0	192	0	0	0	0	0	0	0	0	0	0	0	0	0	0	0	0	0	0	0	0	0	0	0	0	0	0	0	
698448	Supp_Motor_Area_R	5002	7200	24548	72860	0	562	1296	9208	0	0	188	12182	342	10204	186	876	0	1260	49714	0	0	0	2344	15656	0	256	0	0	800	1850	1754	21698	6290	55396	930	2690	0	124	0	0	0	0	0	186	0	886	0	0	0	606	0	452	0	0	0	0	0	2256	0	0	0	232	0	316	0	518	0	4678	7788	6124	1810	9534	992	1930	0	1594	258	1108	0	0	0	304	0	0	0	1528	0	0	0	708	0	0	0	0	0	0	0	0	0	0	0	0	0	0	0	0	0	0	0	0	0	0	0	0	0	0	
52420	Olfactory_L	0	0	0	0	1024	198	0	0	0	0	0	0	0	0	866	0	0	0	0	0	0	4156	0	0	322	368	2272	1550	1986	0	1994	1680	0	0	0	0	130	0	292	0	362	0	0	0	0	0	0	0	0	0	0	0	0	0	0	0	0	0	0	0	0	0	0	0	0	0	0	0	0	0	4482	1388	2678	462	0	0	0	0	0	0	0	0	0	0	0	0	0	0	0	0	0	0	0	0	0	0	0	0	0	0	0	0	0	0	0	0	0	0	0	0	0	0	0	0	0	0	
92116	Olfactory_R	0	0	0	148	0	1276	0	0	0	0	0	0	0	0	0	488	0	0	0	0	4156	0	0	838	244	1494	2082	4618	0	1928	2818	3926	0	0	0	0	0	0	0	0	0	334	0	0	0	0	0	0	0	0	0	0	0	0	0	0	0	0	0	0	0	0	0	0	0	0	0	0	0	0	8196	6126	4906	2480	0	0	0	0	0	0	0	0	0	0	0	0	0	0	0	0	0	0	0	0	0	0	0	0	0	0	0	0	0	0	0	0	0	0	0	0	0	0	0	0	0	0	
344196	Frontal_Sup_Medial_L	0	0	48300	6066	3888	174	21722	572	0	0	1566	506	4446	460	706	0	142	0	12794	2344	0	0	0	16534	3166	812	0	0	4350	134	12416	7306	7150	7646	0	0	0	0	0	0	0	0	0	0	0	0	0	0	0	0	0	0	0	0	0	0	0	0	0	0	0	0	0	0	0	0	0	0	0	0	1286	836	6776	0	0	0	0	0	0	0	0	0	0	0	0	0	0	0	0	0	0	0	0	0	0	0	0	0	0	0	0	0	0	0	0	0	0	0	0	0	0	0	0	0	0	0	
567648	Frontal_Sup_Medial_R	3736	354	6860	59114	0	14674	8424	9442	0	702	668	4784	452	5428	224	4338	0	0	5552	15656	0	838	16534	0	318	9468	0	2634	1692	2796	3128	47416	2506	22674	0	0	640	0	0	0	0	0	0	0	0	0	0	0	0	0	0	0	0	0	0	0	366	0	0	0	0	0	0	0	0	0	0	0	0	0	2050	21292	1300	7112	152	0	128	250	122	0	0	0	0	0	0	0	0	0	0	0	0	0	0	0	0	0	0	0	0	0	0	0	0	0	0	0	0	0	0	0	0	0	0	0	0	0	
41544	Frontal_Med_Orb_L	0	0	2254	0	3878	0	0	0	304	0	0	0	0	0	438	0	0	0	0	0	322	244	3166	318	0	414	2548	0	0	0	5112	356	0	0	0	0	0	0	0	0	0	0	0	0	0	0	0	0	0	0	0	0	0	0	0	0	0	0	0	0	0	0	0	0	0	0	0	0	0	0	464	0	954	0	0	0	0	0	0	0	0	0	0	0	0	0	0	0	0	0	0	0	0	0	0	0	0	0	0	0	0	0	0	0	0	0	0	0	0	0	0	0	0	0	0	0	
105620	Frontal_Med_Orb_R	0	0	0	2868	0	10502	0	414	0	0	0	0	0	0	0	2040	0	0	0	256	368	1494	812	9468	414	0	232	9594	0	342	1278	8088	0	182	0	0	0	0	0	0	0	0	0	0	0	0	0	0	0	0	0	0	0	0	0	0	0	0	0	0	0	0	0	0	0	0	0	0	0	0	520	1926	136	1876	0	0	0	0	0	0	0	0	0	0	0	0	0	0	0	0	0	0	0	0	0	0	0	0	0	0	0	0	0	0	0	0	0	0	0	0	0	0	0	0	0	0	
48612	Rectus_L	0	0	0	0	4284	0	0	0	620	0	0	0	0	0	1410	0	0	0	0	0	2272	2082	0	0	2548	232	0	1024	322	0	4058	978	0	0	0	0	0	0	0	0	0	0	0	0	0	0	0	0	0	0	0	0	0	0	0	0	0	0	0	0	0	0	0	0	0	0	0	0	0	0	2846	558	1072	0	0	0	0	0	0	0	0	0	0	0	0	0	0	0	0	0	0	0	0	0	0	0	0	0	0	0	0	0	0	0	0	0	0	0	0	0	0	0	0	0	0	0	
99160	Rectus_R	0	0	0	728	0	8432	0	136	0	624	0	0	0	0	0	692	0	0	0	0	1550	4618	0	2634	0	9594	1024	0	0	818	2182	7532	0	0	0	0	0	0	0	0	0	130	0	0	0	0	0	0	0	0	0	0	0	0	0	0	0	0	0	0	0	0	0	0	0	0	0	0	0	0	2474	3670	1384	1358	0	0	0	0	0	0	0	0	0	0	0	0	0	0	0	0	0	0	0	0	0	0	0	0	0	0	0	0	0	0	0	0	0	0	0	0	0	0	0	0	0	0	
558984	Insula_L	7180	518	44966	2312	7008	758	18516	536	1772	0	17330	2960	24838	424	19370	0	13108	0	22006	800	1986	0	4350	1692	0	0	322	0	0	2254	2186	2056	550	114	0	0	7310	0	710	0	434	0	0	0	0	0	0	0	0	0	516	0	0	0	3704	0	4028	0	0	0	1502	0	302	0	0	0	0	0	0	0	7704	4692	20582	538	0	0	474	0	6404	0	8606	0	5798	0	2412	0	338	0	3526	0	0	0	0	0	0	0	0	0	0	0	0	0	0	0	0	0	0	0	0	0	0	0	0	0	0	0	
303484	Insula_R	2686	1692	3550	11074	202	2050	5452	9300	0	230	4268	26020	868	9804	288	6614	120	9494	1844	1850	0	1928	134	2796	0	342	0	818	2254	0	0	2688	0	498	1416	1418	1408	4176	0	456	0	406	0	0	0	0	0	0	0	0	0	0	0	0	0	666	222	1282	0	0	0	0	0	0	0	0	0	448	0	0	1110	5426	0	13626	0	0	994	1694	0	1642	0	4004	0	1256	0	680	0	170	0	378	0	0	0	0	0	0	0	0	0	0	0	0	0	0	0	0	0	0	0	0	0	0	0	0	0	0	
204544	Cingulum_Ant_L	0	430	10324	2140	3710	418	3000	678	186	0	188	1096	1398	116	1336	0	0	0	4206	1754	1994	2818	12416	3128	5112	1278	4058	2182	2186	0	0	11002	3524	1628	0	0	0	0	0	0	0	0	0	0	0	0	0	0	0	0	0	0	0	0	0	0	0	0	0	0	0	0	0	0	0	0	0	0	0	0	5734	3038	9688	1506	0	0	0	0	0	0	0	0	0	0	0	0	0	0	0	0	0	0	0	0	0	0	0	0	0	0	0	0	0	0	0	0	0	0	0	0	0	0	0	0	0	0	
643368	Cingulum_Ant_R	4206	1684	7146	51040	128	13000	8156	9574	0	650	654	3790	360	3850	316	3868	0	0	5266	21698	1680	3926	7306	47416	356	8088	978	7532	2056	2688	11002	0	1700	22212	0	0	718	0	110	0	0	0	0	0	0	0	0	0	0	0	0	0	0	0	0	0	380	0	0	0	0	0	0	0	0	0	0	0	0	0	6590	41634	3516	15502	180	124	162	320	122	0	0	0	0	0	0	0	0	0	0	0	0	0	0	0	0	0	0	0	0	0	0	0	0	0	0	0	0	0	0	0	0	0	0	0	0	0	
142196	Cingulum_Mid_L	194	362	7200	3028	0	0	3432	266	0	0	166	0	402	0	0	0	0	0	8406	6290	0	0	7150	2506	0	0	0	0	550	0	3524	1700	0	8934	2766	216	0	0	0	0	0	0	0	0	218	164	0	0	2440	108	2964	0	0	0	0	0	126	0	1512	0	288	0	0	0	140	0	2968	184	1640	0	0	0	112	0	0	0	0	0	0	0	0	0	0	0	806	0	0	0	336	0	0	0	0	0	0	0	0	0	0	0	0	0	0	0	0	0	0	0	0	0	0	0	0	0	0	0	
477576	Cingulum_Mid_R	2108	2172	3582	26472	0	178	996	4104	0	0	0	4678	0	5696	0	274	0	0	20600	55396	0	0	7646	22674	0	182	0	0	114	498	1628	22212	8934	0	1510	6648	170	224	0	0	0	0	0	464	0	4344	0	0	0	2592	0	1254	0	0	0	170	0	746	0	208	0	476	0	524	0	1012	0	12036	4890	5746	156	516	484	136	0	0	296	238	0	0	0	758	0	0	0	2204	0	0	0	842	0	0	0	0	0	0	0	0	0	0	0	0	0	0	0	0	0	0	0	0	0	0	0	0	0	0	
124544	Cingulum_Post_L	5322	976	222	0	0	0	224	0	0	0	0	0	0	0	0	0	0	0	328	930	0	0	0	0	0	0	0	0	0	1416	0	0	2766	1510	0	10294	8408	5232	1756	1204	0	0	208	0	106	0	962	116	0	0	620	0	0	0	330	0	0	602	106	0	0	0	0	0	0	0	3306	836	3770	492	168	0	148	0	0	0	4564	4218	170	126	0	676	0	0	160	0	0	0	0	0	0	0	0	0	0	0	0	0	0	0	0	0	0	0	0	0	0	0	0	0	0	0	0	0	0	0	
151068	Cingulum_Post_R	2354	3206	0	296	0	0	196	0	0	0	0	0	0	0	0	0	0	0	246	2690	0	0	0	0	0	0	0	0	0	1418	0	0	216	6648	10294	0	6262	7834	778	2536	0	0	0	1062	0	658	508	1120	0	0	0	0	0	0	0	930	0	1562	0	0	0	0	0	0	0	0	644	9930	1434	1154	0	0	0	0	0	0	4100	4738	0	178	0	1274	0	0	0	148	0	0	0	690	0	0	0	0	0	0	0	292	0	0	0	0	0	0	0	0	0	0	0	0	138	0	0	0	0	0	
236184	Hippocampus_L	9468	540	4338	692	0	198	2024	0	0	0	214	0	0	0	408	0	198	0	2546	0	130	0	0	640	0	0	0	0	7310	1408	0	718	0	170	8408	6262	0	5018	9146	1222	4178	0	990	0	224	0	3932	146	0	0	208	0	0	0	8918	0	478	376	0	0	216	0	0	0	0	0	3874	768	0	0	1248	726	6406	0	948	0	5880	3836	1498	122	1610	676	1354	0	1188	0	500	0	6734	0	0	0	0	0	0	0	0	0	0	0	0	0	0	0	0	0	0	0	0	0	0	0	0	0	0	0	
207084	Hippocampus_R	818	2004	424	868	0	0	170	228	0	0	0	776	0	0	0	0	0	540	382	124	0	0	0	0	0	0	0	0	0	4176	0	0	0	224	5232	7834	5018	0	496	19058	0	6486	0	412	0	0	340	2152	0	0	0	0	0	0	0	17448	0	1102	0	0	0	0	0	0	0	0	386	3114	0	0	190	416	0	5526	0	156	2642	4988	0	150	0	1800	0	1002	0	1162	0	128	0	5094	0	0	0	0	0	0	0	314	0	0	0	0	0	0	0	0	0	0	0	0	162	0	0	0	0	0	
57896	ParaHippocampal_L	1276	0	120	0	0	0	316	0	0	0	0	0	0	0	0	0	0	0	0	0	292	0	0	0	0	0	0	0	710	0	0	110	0	0	1756	778	9146	496	0	362	1050	0	538	0	204	0	3746	0	0	0	0	0	0	0	2438	0	0	0	0	0	0	0	0	0	0	0	2140	302	0	0	118	110	708	0	0	0	630	684	0	0	250	0	242	0	0	0	0	0	216	0	0	0	0	0	210	0	0	0	0	0	0	0	0	0	0	0	0	0	0	0	0	0	0	0	0	0	
109420	ParaHippocampal_R	286	640	0	374	0	0	0	0	0	0	0	116	0	0	0	0	0	0	0	0	0	0	0	0	0	0	0	0	0	456	0	0	0	0	1204	2536	1222	19058	362	0	0	4396	0	0	0	0	236	1404	0	0	0	0	0	0	0	11442	0	262	0	0	0	0	0	0	0	0	274	1014	0	0	0	0	0	936	0	0	436	2206	0	0	0	500	0	1572	0	542	0	516	0	2354	0	0	0	0	0	0	0	366	0	0	0	0	0	0	0	0	0	0	0	0	0	0	0	0	0	0	
21636	Amygdala_L	0	0	0	0	0	0	0	0	0	0	0	0	0	0	274	0	0	0	0	0	362	0	0	0	0	0	0	0	434	0	0	0	0	0	0	0	4178	0	1050	0	0	0	0	0	0	0	0	0	0	0	0	0	0	0	2450	0	0	0	0	0	0	0	0	0	0	0	0	0	0	0	0	0	142	0	0	0	0	0	0	0	0	0	578	0	0	0	168	0	1182	0	0	0	0	0	0	0	0	0	0	0	0	0	0	0	0	0	0	0	0	0	0	0	0	0	0	0	
44844	Amygdala_R	0	0	0	0	0	0	0	0	0	0	0	0	0	0	0	0	0	0	0	0	0	334	0	0	0	0	0	130	0	406	0	0	0	0	0	0	0	6486	0	4396	0	0	0	0	0	0	0	0	0	0	0	0	0	0	0	6520	0	0	0	0	0	0	0	0	0	0	0	0	0	0	0	0	0	232	0	0	0	128	0	0	0	0	0	2738	0	0	0	478	0	574	0	0	0	0	0	0	0	0	0	0	0	0	0	0	0	0	0	0	0	0	0	0	0	0	0	0	
139888	Calcarine_L	120	0	0	0	0	0	0	0	0	0	0	0	0	0	0	0	0	0	0	0	0	0	0	0	0	0	0	0	0	0	0	0	0	0	208	0	990	0	538	0	0	0	0	3390	11492	1280	7058	1328	9716	606	13264	206	1452	0	1960	358	0	0	0	0	502	0	508	0	1066	0	8768	0	224	0	0	0	0	0	0	0	0	0	0	0	0	0	0	0	2590	266	0	0	2054	0	0	0	0	0	0	0	0	0	0	0	0	0	0	0	0	0	0	0	0	0	0	0	0	0	0	0	
266648	Calcarine_R	0	1108	0	0	0	0	0	0	0	0	0	0	0	0	0	0	0	0	0	186	0	0	0	0	0	0	0	0	0	0	0	0	0	464	0	1062	0	412	0	0	0	0	3390	0	1712	21402	714	20672	0	16802	0	11422	0	5680	0	14362	0	2400	0	1750	0	0	0	522	0	594	0	13454	0	432	0	0	0	0	0	0	0	0	0	0	0	0	0	0	0	6154	0	0	0	8366	0	0	0	0	0	0	0	0	0	0	0	0	0	0	0	0	0	0	0	0	0	264	0	0	0	0	
131776	Cuneus_L	128	0	0	0	0	0	0	0	0	0	0	0	0	0	0	0	0	0	0	0	0	0	0	0	0	0	0	0	0	0	0	0	218	0	106	0	224	0	204	0	0	0	11492	1712	0	4026	740	0	14314	1312	10246	0	1384	0	1216	132	0	0	332	476	554	0	576	0	1248	0	9470	366	456	0	0	0	0	0	0	0	0	0	0	0	0	0	0	0	3238	206	0	0	1512	0	0	0	0	0	0	0	0	0	0	0	0	0	0	0	0	0	0	0	0	0	0	0	0	0	0	0	
276740	Cuneus_R	0	510	0	0	0	0	0	0	0	0	0	0	0	0	0	0	0	0	0	886	0	0	0	0	0	0	0	0	0	0	0	0	164	4344	0	658	0	0	0	0	0	0	1280	21402	4026	0	188	6694	124	35802	0	12458	0	2830	0	4158	0	288	0	6646	0	0	0	472	0	5182	2060	19796	0	808	0	0	0	0	0	0	0	0	0	0	0	924	0	0	0	6012	0	0	0	658	0	0	0	0	0	0	0	0	0	0	0	0	0	0	0	0	0	0	0	0	0	0	0	0	0	0	
197540	Lingual_L	620	0	0	0	0	0	154	0	0	0	0	0	0	0	0	0	0	0	0	0	0	0	0	0	0	0	0	0	0	0	0	0	0	0	962	508	3932	340	3746	236	0	0	7058	714	740	188	0	814	2118	0	15710	0	6224	0	11158	0	0	0	0	0	0	0	0	0	0	0	1452	244	0	0	0	0	490	0	0	0	394	444	0	0	0	0	0	0	176	0	0	0	348	0	8248	0	240	0	0	0	12346	434	14112	288	0	0	108	0	202	0	0	0	0	0	3030	792	0	0	0	200	
247464	Lingual_R	0	0	0	0	0	0	0	0	0	0	0	0	0	0	0	0	0	0	0	0	0	0	0	0	0	0	0	0	0	0	0	0	0	0	116	1120	146	2152	0	1404	0	0	1328	20672	0	6694	814	0	0	6434	0	4982	0	4712	230	15818	0	186	0	0	0	0	0	116	0	166	0	4898	0	0	0	0	0	0	0	0	0	208	0	0	0	0	0	0	0	1646	0	0	0	2824	1586	8658	0	234	0	0	0	6512	1904	11336	0	0	0	0	0	0	0	0	0	0	9012	7700	124	0	0	0	
219504	Occipital_Sup_L	486	0	0	0	0	0	0	0	0	0	0	0	0	0	0	0	0	0	176	0	0	0	0	0	0	0	0	0	0	0	0	0	2440	0	0	0	0	0	0	0	0	0	9716	0	14314	124	2118	0	0	0	36790	0	1364	0	344	0	486	0	8570	0	1924	0	444	0	1448	0	11518	136	422	0	0	0	0	0	0	0	0	0	0	0	734	0	0	0	12752	0	0	0	3446	0	0	0	0	0	0	0	0	0	0	0	0	0	0	0	0	0	0	0	0	0	0	0	0	0	0	0	
253936	Occipital_Sup_R	0	292	0	0	0	0	0	0	0	0	0	0	0	0	0	0	0	0	0	606	0	0	0	0	0	0	0	0	0	0	0	0	108	2592	0	0	0	0	0	0	0	0	606	16802	1312	35802	0	6434	0	0	0	20288	0	3088	0	4254	0	168	0	6638	0	0	0	456	0	7894	360	11264	0	510	0	0	0	0	0	0	0	0	0	0	0	908	0	0	0	6294	0	0	0	292	0	0	0	0	0	0	0	0	0	0	0	0	0	0	0	0	0	0	0	0	0	0	0	0	0	0	
358392	Occipital_Mid_L	2252	150	134	0	0	0	134	0	0	0	192	0	0	0	0	0	150	0	174	0	0	0	0	0	0	0	0	0	516	0	0	0	2964	0	620	0	208	0	0	0	0	0	13264	0	10246	0	15710	0	36790	0	0	0	18446	0	5014	0	4084	0	6980	0	7162	0	912	0	8082	0	8146	0	2202	130	0	0	0	0	0	0	0	0	422	0	1100	0	0	0	26306	0	0	0	6706	0	0	0	0	0	0	0	0	0	0	0	0	0	0	0	0	0	0	0	0	0	0	0	0	0	0	0	
226604	Occipital_Mid_R	0	706	0	0	0	0	0	0	0	0	0	0	0	0	0	0	0	0	0	452	0	0	0	0	0	0	0	0	0	0	0	0	0	1254	0	0	0	0	0	0	0	0	206	11422	0	12458	0	4982	0	20288	0	0	0	8290	0	9824	0	934	0	670	0	1178	0	496	0	15324	0	6300	0	368	0	0	0	0	0	0	0	0	0	0	0	1008	0	0	0	14638	0	0	0	2504	0	0	0	0	0	0	0	0	0	0	0	0	0	0	0	0	0	0	0	0	0	0	0	0	0	0	
89772	Occipital_Inf_L	402	0	0	0	0	0	0	0	0	0	0	0	0	0	0	0	0	0	0	0	0	0	0	0	0	0	0	0	0	0	0	0	0	0	0	0	0	0	0	0	0	0	1452	0	1384	0	6224	0	1364	0	18446	0	0	0	6910	0	164	0	0	0	0	0	0	0	0	0	702	0	466	0	0	0	0	0	0	0	0	0	320	0	286	0	0	0	3582	0	0	0	3184	0	0	0	0	0	0	0	0	0	0	0	0	0	0	0	0	0	0	0	0	0	0	0	0	0	0	0	
77708	Occipital_Inf_R	0	0	0	0	0	0	0	0	0	0	0	0	0	0	0	0	0	0	0	0	0	0	0	0	0	0	0	0	0	0	0	0	0	0	0	0	0	0	0	0	0	0	0	5680	0	2830	0	4712	0	3088	0	8290	0	0	0	9766	0	134	0	0	0	0	0	0	0	0	0	422	0	0	0	0	0	0	0	0	0	0	0	0	0	0	0	0	0	842	0	0	0	3090	0	0	0	0	0	0	0	0	0	0	0	0	0	0	0	0	0	0	0	0	0	0	0	0	0	0	
267900	Fusiform_L	1302	0	158	0	0	0	208	0	0	0	106	0	0	0	114	0	176	0	0	0	0	0	0	0	0	0	0	0	3704	0	0	0	0	0	330	0	8918	0	2438	0	2450	0	1960	0	1216	0	11158	230	344	0	5014	0	6910	0	0	0	554	0	0	0	0	0	0	0	0	0	1050	0	930	0	0	0	666	0	0	0	138	0	1356	0	2672	0	1876	0	6768	0	1652	0	18242	0	14388	0	1494	0	0	0	9802	140	19762	0	1202	0	2420	0	0	0	0	0	0	0	1458	518	0	0	0	126	
303384	Fusiform_R	0	1610	0	0	0	0	0	0	0	0	0	0	0	0	0	0	0	0	0	0	0	0	0	0	0	0	0	0	0	666	0	0	0	170	0	930	0	17448	0	11442	0	6520	358	14362	132	4158	0	15818	0	4254	0	9824	0	9766	0	0	0	1656	0	0	0	0	0	368	0	270	0	3444	0	0	0	304	0	570	0	0	0	332	0	0	0	1730	0	5712	0	2822	0	3406	0	14942	0	5214	0	248	0	0	0	3038	0	7584	0	0	0	202	0	0	0	0	0	0	1608	784	0	0	0	0	
317484	Postcentral_L	37528	0	3262	374	0	220	4240	0	0	0	6824	384	114	0	0	0	10866	0	0	0	0	0	0	366	0	0	0	0	4028	222	0	380	126	0	0	0	478	0	0	0	0	0	0	0	0	0	0	0	486	0	4084	0	164	0	554	0	0	0	6600	0	34856	0	17390	0	5448	0	2714	0	2412	0	490	570	468	0	252	0	0	0	2654	0	6508	0	0	0	2700	0	0	0	980	0	0	0	0	0	0	0	0	0	0	0	0	0	0	0	0	0	0	0	0	0	0	0	0	0	0	0	
173980	Postcentral_R	494	20394	160	2040	0	0	0	146	0	0	0	408	0	0	0	0	0	2442	114	2256	0	0	0	0	0	0	0	0	0	1282	0	0	0	746	602	1562	376	1102	0	262	0	0	0	2400	0	288	0	186	0	168	0	934	0	134	0	1656	0	0	0	7114	0	8412	0	9446	0	1840	0	8162	690	3570	0	0	0	808	0	0	376	776	0	172	0	1792	0	0	0	1946	0	0	0	1734	0	0	0	0	0	0	0	0	0	0	0	0	0	0	0	0	0	0	0	0	0	0	0	0	0	0	
111252	Parietal_Sup_L	0	0	0	0	0	0	0	0	0	0	0	0	0	0	0	0	0	0	0	0	0	0	0	0	0	0	0	0	0	0	0	0	1512	0	106	0	0	0	0	0	0	0	0	0	332	0	0	0	8570	0	6980	0	0	0	0	0	6600	0	0	0	11566	0	270	0	2114	0	16284	130	658	0	0	0	0	0	0	0	0	0	0	0	290	0	0	0	214	0	0	0	0	0	0	0	0	0	0	0	0	0	0	0	0	0	0	0	0	0	0	0	0	0	0	0	0	0	0	0	
112460	Parietal_Sup_R	0	206	0	0	0	0	0	0	0	0	0	0	0	0	0	0	0	0	0	0	0	0	0	0	0	0	0	0	0	0	0	0	0	208	0	0	0	0	0	0	0	0	0	1750	476	6646	0	0	0	6638	0	670	0	0	0	0	0	7114	0	0	0	11666	0	6534	0	4944	320	7704	0	970	0	0	0	0	0	0	0	0	0	0	0	208	0	0	0	176	0	0	0	0	0	0	0	0	0	0	0	0	0	0	0	0	0	0	0	0	0	0	0	0	0	0	0	0	0	0	
223392	Parietal_Inf_L	10024	0	816	0	0	0	738	0	0	0	3056	140	0	0	0	0	1218	0	0	0	0	0	0	0	0	0	0	0	1502	0	0	0	288	0	0	0	216	0	0	0	0	0	502	0	554	0	0	0	1924	0	7162	0	0	0	0	0	34856	0	11566	0	0	0	17210	0	8114	0	4194	0	906	0	140	148	288	0	166	0	0	0	146	0	2998	0	0	0	2260	0	0	0	564	0	0	0	0	0	0	0	0	0	0	0	0	0	0	0	0	0	0	0	0	0	0	0	0	0	0	0	
92916	Parietal_Inf_R	0	270	0	0	0	0	0	0	0	0	0	0	0	0	0	0	0	0	0	232	0	0	0	0	0	0	0	0	0	0	0	0	0	476	0	0	0	0	0	0	0	0	0	0	0	0	0	0	0	0	0	1178	0	0	0	0	0	8412	0	11666	0	0	0	10968	0	10104	0	2126	0	286	0	0	0	0	0	0	0	0	0	0	0	414	0	0	0	326	0	0	0	0	0	0	0	0	0	0	0	0	0	0	0	0	0	0	0	0	0	0	0	0	0	0	0	0	0	0	
132648	SupraMarginal_L	1940	0	490	0	0	0	324	0	0	0	192	0	0	0	0	0	2710	0	0	0	0	0	0	0	0	0	0	0	302	0	0	0	0	0	0	0	0	0	0	0	0	0	508	0	576	0	0	0	444	0	912	0	0	0	0	0	17390	0	270	0	17210	0	0	0	8124	0	598	0	0	0	0	0	0	0	0	0	0	0	264	0	4118	0	0	0	6904	0	0	0	3048	0	0	0	0	0	0	0	0	0	0	0	0	0	0	0	0	0	0	0	0	0	0	0	0	0	0	0	
96692	SupraMarginal_R	0	630	0	0	0	0	0	0	0	0	0	0	0	0	0	0	0	1320	0	316	0	0	0	0	0	0	0	0	0	0	0	0	0	524	0	0	0	0	0	0	0	0	0	522	0	472	0	116	0	456	0	496	0	0	0	368	0	9446	0	6534	0	10968	0	0	0	6154	0	2088	0	238	0	0	0	0	0	0	0	0	0	260	0	5372	0	0	0	1822	0	0	0	244	0	0	0	0	0	0	0	0	0	0	0	0	0	0	0	0	0	0	0	0	0	0	0	0	0	0	
97864	Angular_L	0	0	0	0	0	0	0	0	0	0	0	0	0	0	0	0	0	0	0	0	0	0	0	0	0	0	0	0	0	0	0	0	140	0	0	0	0	0	0	0	0	0	1066	0	1248	0	0	0	1448	0	8082	0	0	0	0	0	5448	0	2114	0	8114	0	8124	0	0	0	1368	0	918	0	0	0	0	0	0	0	0	0	0	0	2170	0	0	0	5560	0	0	0	3132	0	0	0	0	0	0	0	0	0	0	0	0	0	0	0	0	0	0	0	0	0	0	0	0	0	0	0	
157260	Angular_R	0	178	0	0	0	0	0	0	0	0	0	0	0	0	0	0	0	0	0	518	0	0	0	0	0	0	0	0	0	0	0	0	0	1012	0	0	0	0	0	0	0	0	0	594	0	5182	0	166	0	7894	0	15324	0	0	0	270	0	1840	0	4944	0	10104	0	6154	0	0	0	4976	0	402	0	0	0	0	0	0	0	0	0	210	0	2404	0	0	0	15282	0	0	0	1176	0	0	0	0	0	0	0	0	0	0	0	0	0	0	0	0	0	0	0	0	0	0	0	0	0	0	
191760	Precuneus_L	634	0	0	0	0	0	0	0	0	0	0	0	0	0	0	0	0	0	158	0	0	0	0	0	0	0	0	0	0	0	0	0	2968	0	3306	644	3874	386	2140	274	0	0	8768	0	9470	2060	1452	0	11518	360	8146	0	702	0	1050	0	2714	0	16284	320	4194	0	598	0	1368	0	0	4524	1956	0	0	0	0	0	0	0	158	152	184	0	188	0	0	0	3660	0	0	0	1670	0	0	0	0	0	0	0	0	0	0	0	0	0	0	0	0	0	0	0	0	0	0	0	0	0	0	0	
297704	Precuneus_R	144	3580	0	0	0	0	0	0	0	0	0	0	0	0	0	0	0	162	0	4678	0	0	0	0	0	0	0	0	0	448	0	0	184	12036	836	9930	768	3114	302	1014	0	0	0	13454	366	19796	244	4898	136	11264	0	6300	0	422	0	3444	0	8162	130	7704	0	2126	0	2088	0	4976	4524	0	0	5666	0	0	0	0	0	0	538	866	0	196	0	3022	0	0	0	6846	0	0	0	4134	0	0	0	0	0	0	0	190	0	0	0	0	0	0	0	0	0	0	0	0	164	0	0	0	0	0	
148428	Paracentral_Lobule_L	13192	7918	2548	1426	0	0	146	122	0	0	0	0	0	0	0	0	0	0	10572	7788	0	0	0	0	0	0	0	0	0	0	0	0	1640	4890	3770	1434	0	0	0	0	0	0	224	0	456	0	0	0	422	0	2202	0	466	0	930	0	2412	690	658	0	906	0	0	0	918	0	1956	0	0	2600	118	0	868	0	0	0	1218	0	0	0	0	0	0	0	1326	0	0	0	398	0	0	0	0	0	0	0	0	0	0	0	0	0	0	0	0	0	0	0	0	0	0	0	0	0	0	0	
70648	Paracentral_Lobule_R	1206	2590	0	0	0	0	0	0	0	0	0	0	0	0	0	0	0	0	222	6124	0	0	0	0	0	0	0	0	0	0	0	0	0	5746	492	1154	0	0	0	0	0	0	0	432	0	808	0	0	0	510	130	368	0	0	0	0	0	3570	0	970	0	286	0	238	0	402	0	5666	2600	0	0	0	0	0	0	0	0	0	0	0	0	192	0	0	0	1070	0	0	0	548	0	0	0	0	0	0	0	0	0	0	0	0	0	0	0	0	0	0	0	0	0	0	0	0	0	0	
339336	Caudate_L	5570	7742	17674	4980	1902	694	7630	3154	154	0	608	1356	986	0	2072	0	172	0	8338	1810	4482	8196	1286	2050	464	520	2846	2474	7704	1110	5734	6590	0	156	168	0	1248	190	118	0	0	0	0	0	0	0	0	0	0	0	0	0	0	0	0	0	490	0	0	0	140	0	0	0	0	0	0	0	118	0	0	14480	23516	3418	5344	0	11840	144	0	0	0	0	0	0	0	0	0	0	0	0	0	0	0	0	0	0	0	0	0	0	0	0	0	0	0	0	0	0	0	0	0	0	0	0	0	0	
486508	Caudate_R	7416	3016	6354	27430	238	6208	10940	5768	0	0	3912	6870	978	650	836	882	220	0	2128	9534	1388	6126	836	21292	0	1926	558	3670	4692	5426	3038	41634	0	516	0	0	726	416	110	0	0	0	0	0	0	0	0	0	0	0	0	0	0	0	0	304	570	0	0	0	148	0	0	0	0	0	0	0	0	0	14480	0	7096	18078	320	1756	532	14028	208	0	0	0	0	0	0	0	0	0	0	0	0	0	0	0	0	0	0	0	0	0	0	0	0	0	0	0	0	0	0	0	0	0	0	0	0	0	
412144	Putamen_L	8176	1600	39630	1874	4430	404	7438	234	376	0	780	0	2304	0	6576	0	344	0	19310	992	2678	4906	6776	1300	954	136	1072	1384	20582	0	9688	3516	112	484	148	0	6406	0	708	0	142	0	0	0	0	0	490	0	0	0	0	0	0	0	666	0	468	0	0	0	288	0	0	0	0	0	0	0	868	0	23516	7096	0	2056	9398	0	2826	0	106	0	796	0	802	0	326	0	0	0	910	0	0	0	0	0	0	0	0	0	0	0	0	0	0	0	0	0	0	0	0	0	0	0	0	0	0	0	
242560	Putamen_R	0	3804	1004	9788	0	2694	0	6188	0	202	0	3178	208	3998	242	2470	0	2334	870	1930	462	2480	0	7112	0	1876	0	1358	538	13626	1506	15502	0	136	0	0	0	5526	0	936	0	232	0	0	0	0	0	0	0	0	0	0	0	0	0	570	0	808	0	0	0	0	0	0	0	0	0	0	0	0	3418	18078	2056	0	0	3992	0	1234	0	248	0	390	0	122	0	0	0	0	0	164	0	0	0	0	0	0	0	0	0	0	0	0	0	0	0	0	0	0	0	0	0	0	0	0	0	0	
62512	Pallidum_L	938	432	8224	272	0	0	1496	0	0	0	0	0	0	0	0	0	0	0	1248	0	0	0	0	152	0	0	0	0	0	0	0	180	0	0	0	0	948	0	0	0	0	0	0	0	0	0	0	0	0	0	0	0	0	0	0	0	252	0	0	0	166	0	0	0	0	0	0	0	0	0	5344	320	9398	0	0	0	1886	0	0	0	0	0	0	0	0	0	0	0	0	0	0	0	0	0	0	0	0	0	0	0	0	0	0	0	0	0	0	0	0	0	0	0	0	0	0	0	
25936	Pallidum_R	0	316	320	2706	0	0	0	246	0	0	0	242	0	144	0	0	0	776	322	1594	0	0	0	0	0	0	0	0	0	0	0	124	0	0	0	0	0	156	0	0	0	0	0	0	0	0	0	0	0	0	0	0	0	0	0	0	0	0	0	0	0	0	0	0	0	0	0	0	0	0	0	1756	0	3992	0	0	0	138	0	136	0	0	0	0	0	0	0	0	0	0	0	0	0	0	0	0	0	0	0	0	0	0	0	0	0	0	0	0	0	0	0	0	0	0	0	0	
148508	Thalamus_L	9430	4546	5664	334	0	0	678	330	0	0	0	0	0	0	0	0	0	0	4676	258	0	0	0	128	0	0	0	0	474	994	0	162	0	296	4564	4100	5880	2642	630	436	0	0	0	0	0	0	394	0	0	0	0	0	0	0	138	0	0	376	0	0	0	0	0	0	0	0	158	538	1218	0	11840	532	2826	0	1886	0	0	7354	0	0	0	660	0	0	0	0	0	0	112	0	0	0	0	0	0	0	0	0	0	0	0	0	0	0	0	0	0	0	0	0	0	0	0	0	0	0	
121696	Thalamus_R	3580	1566	248	3446	0	0	224	134	0	0	0	114	0	0	0	0	0	0	246	1108	0	0	0	250	0	0	0	0	0	1694	0	320	0	238	4218	4738	3836	4988	684	2206	0	128	0	0	0	0	444	208	0	0	0	0	0	0	0	332	0	776	0	0	0	0	0	0	0	0	152	866	0	0	144	14028	0	1234	0	138	7354	0	0	236	0	818	0	0	0	0	0	0	0	0	0	0	0	0	0	0	0	152	0	0	0	0	0	0	0	0	0	0	0	0	0	0	0	0	0	0	
62368	Heschl_L	2752	0	1092	126	0	0	954	0	0	0	1626	152	158	0	0	0	4884	0	188	0	0	0	0	122	0	0	0	0	6404	0	0	122	0	0	170	0	1498	0	0	0	0	0	0	0	0	0	0	0	0	0	422	0	320	0	1356	0	2654	0	0	0	146	0	264	0	0	0	184	0	0	0	0	208	106	0	0	0	0	0	0	0	3292	0	0	0	1346	0	0	0	638	0	0	0	0	0	0	0	0	0	0	0	0	0	0	0	0	0	0	0	0	0	0	0	0	0	0	0	
22900	Heschl_R	0	186	0	0	0	0	0	0	0	0	0	262	0	0	0	0	0	2144	0	0	0	0	0	0	0	0	0	0	0	1642	0	0	0	0	126	178	122	150	0	0	0	0	0	0	0	0	0	0	0	0	0	0	0	0	0	0	0	172	0	0	0	0	0	260	0	210	0	196	0	0	0	0	0	248	0	136	0	236	0	0	0	4260	0	0	0	922	0	0	0	0	0	0	0	0	0	0	0	0	0	0	0	0	0	0	0	0	0	0	0	0	0	0	0	0	0	0	
175960	Temporal_Sup_L	3480	0	2338	0	0	0	2004	0	0	0	2260	0	380	0	392	0	9300	0	886	0	0	0	0	0	0	0	0	0	8606	0	0	0	0	0	0	0	1610	0	250	0	0	0	0	0	0	0	0	0	734	0	1100	0	286	0	2672	0	6508	0	290	0	2998	0	4118	0	2170	0	188	0	0	0	0	0	796	0	0	0	0	0	3292	0	0	0	3182	0	17834	0	170	0	10136	0	0	0	0	0	0	0	0	0	0	0	0	0	0	0	0	0	0	0	0	0	0	0	0	0	0	0	
106300	Temporal_Sup_R	0	724	0	212	0	0	0	256	0	0	0	870	0	0	0	0	0	2880	0	304	0	0	0	0	0	0	0	0	0	4004	0	0	0	758	676	1274	676	1800	0	500	0	0	0	0	0	924	0	0	0	908	0	1008	0	0	0	1730	0	1792	0	208	0	414	0	5372	0	2404	0	3022	0	192	0	0	0	390	0	0	660	818	0	4260	0	0	0	1698	0	9316	0	428	0	2672	0	0	0	0	0	0	0	0	0	0	0	0	0	0	0	0	0	0	0	0	0	0	0	0	0	0	
84720	Temporal_Pole_Sup_L	298	0	2686	0	632	0	1226	0	408	0	3522	132	1040	0	1792	0	1656	0	2200	0	0	0	0	0	0	0	0	0	5798	0	0	0	0	0	0	0	1354	0	242	0	578	0	0	0	0	0	0	0	0	0	0	0	0	0	1876	0	0	0	0	0	0	0	0	0	0	0	0	0	0	0	0	0	802	0	0	0	0	0	0	0	3182	0	0	0	5804	0	2376	0	4756	0	0	0	0	0	0	0	0	0	0	0	0	0	0	0	0	0	0	0	0	0	0	0	0	0	0	0	
65196	Temporal_Pole_Sup_R	0	0	0	516	0	0	0	462	0	0	0	828	0	0	0	0	0	912	0	0	0	0	0	0	0	0	0	0	0	1256	0	0	0	0	0	0	0	1002	0	1572	0	2738	0	0	0	0	0	0	0	0	0	0	0	0	0	5712	0	0	0	0	0	0	0	0	0	0	0	0	0	0	0	0	0	122	0	0	0	0	0	0	0	1698	0	0	0	3968	0	7472	0	4340	0	0	0	0	0	0	0	0	0	0	0	0	0	0	0	0	0	0	0	0	0	0	0	0	0	0	
305300	Temporal_Mid_L	2620	0	374	0	0	0	320	0	0	0	232	0	0	0	218	0	474	0	0	0	0	0	0	0	0	0	0	0	2412	0	0	0	806	0	160	0	1188	0	0	0	0	0	2590	0	3238	0	176	0	12752	0	26306	0	3582	0	6768	0	2700	0	214	0	2260	0	6904	0	5560	0	3660	0	1326	0	0	0	326	0	0	0	0	0	1346	0	17834	0	5804	0	0	0	3996	0	36504	0	0	0	0	0	0	0	0	0	0	0	0	0	0	0	0	0	0	0	0	0	0	0	0	0	0	0	
210352	Temporal_Mid_R	0	724	0	0	0	0	0	0	0	0	0	0	0	0	0	0	0	0	0	1528	0	0	0	0	0	0	0	0	0	680	0	0	0	2204	0	148	0	1162	0	542	0	0	266	6154	206	6012	0	1646	0	6294	0	14638	0	842	0	2822	0	1946	0	176	0	326	0	1822	0	15282	0	6846	0	1070	0	0	0	0	0	0	0	0	0	922	0	9316	0	3968	0	0	0	2726	0	14908	0	0	0	0	0	0	0	0	0	0	0	0	0	0	0	0	0	0	0	0	0	0	0	0	0	0	
28672	Temporal_Pole_Mid_L	0	0	0	0	0	0	0	0	0	0	0	0	0	0	0	0	0	0	0	0	0	0	0	0	0	0	0	0	338	0	0	0	0	0	0	0	500	0	0	0	168	0	0	0	0	0	0	0	0	0	0	0	0	0	1652	0	0	0	0	0	0	0	0	0	0	0	0	0	0	0	0	0	0	0	0	0	0	0	0	0	170	0	2376	0	3996	0	0	0	5136	0	0	0	0	0	0	0	0	0	0	0	0	0	0	0	0	0	0	0	0	0	0	0	0	0	0	0	
38604	Temporal_Pole_Mid_R	0	0	0	0	0	0	0	0	0	0	0	0	0	0	0	0	0	0	0	0	0	0	0	0	0	0	0	0	0	170	0	0	0	0	0	0	0	128	0	516	0	478	0	0	0	0	0	0	0	0	0	0	0	0	0	3406	0	0	0	0	0	0	0	0	0	0	0	0	0	0	0	0	0	0	0	0	0	0	0	0	0	428	0	7472	0	2726	0	0	0	3978	0	0	0	0	0	0	0	0	0	0	0	0	0	0	0	0	0	0	0	0	0	0	0	0	0	0	
243320	Temporal_Inf_L	886	0	418	0	0	0	296	0	0	0	0	0	0	0	328	0	260	0	192	0	0	0	0	0	0	0	0	0	3526	0	0	0	336	0	0	0	6734	0	216	0	1182	0	2054	0	1512	0	348	0	3446	0	6706	0	3184	0	18242	0	980	0	0	0	564	0	3048	0	3132	0	1670	0	398	0	0	0	910	0	0	0	112	0	638	0	10136	0	4756	0	36504	0	5136	0	0	0	1794	0	516	0	0	0	130	0	340	0	426	0	604	0	0	0	0	0	0	0	0	0	0	0	0	0	
157884	Temporal_Inf_R	0	1578	0	0	0	0	0	0	0	0	0	0	0	0	0	0	0	0	0	708	0	0	0	0	0	0	0	0	0	378	0	0	0	842	0	690	0	5094	0	2354	0	574	0	8366	0	658	0	2824	0	292	0	2504	0	3090	0	14942	0	1734	0	0	0	0	0	244	0	1176	0	4134	0	548	0	0	0	164	0	0	0	0	0	0	0	2672	0	4340	0	14908	0	3978	0	0	0	150	0	0	0	0	0	0	0	0	0	0	0	0	0	0	0	0	0	0	0	0	0	0	0	0	
351040	Cerebelum_Crus1_L	0	0	0	0	0	0	0	0	0	0	0	0	0	0	0	0	0	0	0	0	0	0	0	0	0	0	0	0	0	0	0	0	0	0	0	0	0	0	0	0	0	0	0	0	0	0	8248	1586	0	0	0	0	0	0	14388	0	0	0	0	0	0	0	0	0	0	0	0	0	0	0	0	0	0	0	0	0	0	0	0	0	0	0	0	0	0	0	0	0	1794	0	0	158	30874	0	0	0	14996	136	44878	216	15888	0	24308	400	3448	500	1142	0	0	0	4252	5266	1152	978	498	414	
252400	Cerebelum_Crus1_R	0	0	0	0	0	0	0	0	0	0	0	0	0	0	0	0	0	0	0	0	0	0	0	0	0	0	0	0	0	0	0	0	0	0	0	0	0	0	0	0	0	0	0	0	0	0	0	8658	0	0	0	0	0	0	0	5214	0	0	0	0	0	0	0	0	0	0	0	0	0	0	0	0	0	0	0	0	0	0	0	0	0	0	0	0	0	0	0	0	0	150	158	0	0	21086	0	818	0	11078	170	37300	0	5252	0	12818	0	1588	0	480	0	0	7540	9240	3502	926	222	0	
210960	Cerebelum_Crus2_L	0	0	0	0	0	0	0	0	0	0	0	0	0	0	0	0	0	0	0	0	0	0	0	0	0	0	0	0	0	0	0	0	0	0	0	0	0	0	0	0	0	0	0	0	0	0	240	0	0	0	0	0	0	0	1494	0	0	0	0	0	0	0	0	0	0	0	0	0	0	0	0	0	0	0	0	0	0	0	0	0	0	0	0	0	0	0	0	0	516	0	30874	0	0	2372	0	0	930	0	5660	0	27844	716	27776	288	2416	316	556	0	0	0	134	1062	846	866	344	230	
159644	Cerebelum_Crus2_R	0	0	0	0	0	0	0	0	0	0	0	0	0	0	0	0	0	0	0	0	0	0	0	0	0	0	0	0	0	0	0	0	0	0	0	0	0	0	0	0	0	0	0	0	0	0	0	234	0	0	0	0	0	0	0	248	0	0	0	0	0	0	0	0	0	0	0	0	0	0	0	0	0	0	0	0	0	0	0	0	0	0	0	0	0	0	0	0	0	0	0	21086	2372	0	0	428	0	558	0	3768	0	12600	0	21060	0	5254	0	426	0	0	412	2508	5136	3356	220	156	
15544	Cerebelum_3_L	0	0	0	0	0	0	0	0	0	0	0	0	0	0	0	0	0	0	0	0	0	0	0	0	0	0	0	0	0	0	0	0	0	0	0	0	0	0	210	0	0	0	0	0	0	0	0	0	0	0	0	0	0	0	0	0	0	0	0	0	0	0	0	0	0	0	0	0	0	0	0	0	0	0	0	0	0	0	0	0	0	0	0	0	0	0	0	0	0	0	0	0	0	0	0	0	6384	0	0	0	0	0	0	0	148	0	0	0	358	532	140	0	0	0	0	0	
25948	Cerebelum_3_R	0	0	0	0	0	0	0	0	0	0	0	0	0	0	0	0	0	0	0	0	0	0	0	0	0	0	0	0	0	0	0	0	0	0	0	0	0	0	0	0	0	0	0	0	0	0	0	0	0	0	0	0	0	0	0	0	0	0	0	0	0	0	0	0	0	0	0	0	0	0	0	0	0	0	0	0	0	0	0	0	0	0	0	0	0	0	0	0	0	0	0	818	0	428	0	0	0	3418	0	2050	0	0	0	476	0	372	0	0	570	1462	2290	268	424	398	0	0	
177488	Cerebelum_4_5_L	0	0	0	0	0	0	0	0	0	0	0	0	0	0	0	0	0	0	0	0	0	0	0	0	0	0	0	0	0	0	0	0	0	0	0	0	0	0	0	0	0	0	0	0	0	0	12346	0	0	0	0	0	0	0	9802	0	0	0	0	0	0	0	0	0	0	0	0	0	0	0	0	0	0	0	0	0	0	0	0	0	0	0	0	0	0	0	0	0	130	0	14996	0	930	0	6384	0	0	638	25882	402	788	0	2566	0	4956	0	0	0	0	170	6970	1222	0	0	0	562	
141500	Cerebelum_4_5_R	0	0	0	0	0	0	0	0	0	0	0	0	0	0	0	0	0	0	0	0	0	0	0	0	0	0	0	0	0	0	0	0	0	0	0	292	0	314	0	366	0	0	0	0	0	0	434	6512	0	0	0	0	0	0	140	3038	0	0	0	0	0	0	0	0	0	0	0	190	0	0	0	0	0	0	0	0	0	152	0	0	0	0	0	0	0	0	0	0	0	0	136	11078	0	558	0	3418	638	0	238	24338	0	0	0	888	0	270	0	0	0	396	16104	672	368	210	0	0	
290048	Cerebelum_6_L	0	0	0	0	0	0	0	0	0	0	0	0	0	0	0	0	0	0	0	0	0	0	0	0	0	0	0	0	0	0	0	0	0	0	0	0	0	0	0	0	0	0	0	0	0	0	14112	1904	0	0	0	0	0	0	19762	0	0	0	0	0	0	0	0	0	0	0	0	0	0	0	0	0	0	0	0	0	0	0	0	0	0	0	0	0	0	0	0	0	340	0	44878	170	5660	0	0	0	25882	238	0	290	3850	0	7934	464	3344	570	964	0	0	0	5468	6128	1024	942	566	534	
243508	Cerebelum_6_R	0	0	0	0	0	0	0	0	0	0	0	0	0	0	0	0	0	0	0	0	0	0	0	0	0	0	0	0	0	0	0	0	0	0	0	0	0	0	0	0	0	0	0	0	0	0	288	11336	0	0	0	0	0	0	0	7584	0	0	0	0	0	0	0	0	0	0	0	0	0	0	0	0	0	0	0	0	0	0	0	0	0	0	0	0	0	0	0	0	0	0	216	37300	0	3768	0	2050	402	24338	290	0	0	184	0	3558	0	896	0	734	0	0	16442	10128	1460	256	408	116	
160424	Cerebelum_7b_L	0	0	0	0	0	0	0	0	0	0	0	0	0	0	0	0	0	0	0	0	0	0	0	0	0	0	0	0	0	0	0	0	0	0	0	0	0	0	0	0	0	0	0	0	0	0	0	0	0	0	0	0	0	0	1202	0	0	0	0	0	0	0	0	0	0	0	0	0	0	0	0	0	0	0	0	0	0	0	0	0	0	0	0	0	0	0	0	0	426	0	15888	0	27844	0	0	0	788	0	3850	0	0	0	26380	0	2692	0	250	0	0	0	0	230	192	470	0	0	
64700	Cerebelum_7b_R	0	0	0	0	0	0	0	0	0	0	0	0	0	0	0	0	0	0	0	0	0	0	0	0	0	0	0	0	0	0	0	0	0	0	0	0	0	0	0	0	0	0	0	0	0	0	0	0	0	0	0	0	0	0	0	0	0	0	0	0	0	0	0	0	0	0	0	0	0	0	0	0	0	0	0	0	0	0	0	0	0	0	0	0	0	0	0	0	0	0	0	5252	716	12600	0	0	0	0	0	184	0	0	0	10466	0	2616	0	0	0	0	0	0	284	232	0	0	
227072	Cerebelum_8_L	0	0	0	0	0	0	0	0	0	0	0	0	0	0	0	0	0	0	0	0	0	0	0	0	0	0	0	0	0	0	0	0	0	0	0	0	0	0	0	0	0	0	0	0	0	0	108	0	0	0	0	0	0	0	2420	0	0	0	0	0	0	0	0	0	0	0	0	0	0	0	0	0	0	0	0	0	0	0	0	0	0	0	0	0	0	0	0	0	604	0	24308	0	27776	0	0	0	2566	0	7934	0	26380	0	0	248	14724	428	1092	0	0	0	318	994	508	2220	708	200	
160424	Cerebelum_8_R	0	0	0	0	0	0	0	0	0	0	0	0	0	0	0	0	0	0	0	0	0	0	0	0	0	0	0	0	0	0	0	0	0	0	0	0	0	0	0	0	0	0	0	0	0	0	0	0	0	0	0	0	0	0	0	202	0	0	0	0	0	0	0	0	0	0	0	0	0	0	0	0	0	0	0	0	0	0	0	0	0	0	0	0	0	0	0	0	0	0	400	12818	288	21060	0	476	0	888	464	3558	0	10466	248	0	242	12886	0	1130	0	0	730	2448	4116	6090	1324	378	
84272	Cerebelum_9_L	0	0	0	0	0	0	0	0	0	0	0	0	0	0	0	0	0	0	0	0	0	0	0	0	0	0	0	0	0	0	0	0	0	0	0	0	0	0	0	0	0	0	0	0	0	0	202	0	0	0	0	0	0	0	0	0	0	0	0	0	0	0	0	0	0	0	0	0	0	0	0	0	0	0	0	0	0	0	0	0	0	0	0	0	0	0	0	0	0	0	3448	0	2416	0	148	0	4956	0	3344	0	2692	0	14724	242	0	764	3624	0	0	0	1326	1072	244	1046	1068	820	
88756	Cerebelum_9_R	0	0	0	0	0	0	0	0	0	0	0	0	0	0	0	0	0	0	0	0	0	0	0	0	0	0	0	0	0	0	0	0	0	0	0	0	0	0	0	0	0	0	0	0	0	0	0	0	0	0	0	0	0	0	0	0	0	0	0	0	0	0	0	0	0	0	0	0	0	0	0	0	0	0	0	0	0	0	0	0	0	0	0	0	0	0	0	0	0	0	500	1588	316	5254	0	372	0	270	570	896	0	2616	428	12886	764	0	0	1406	0	0	690	2680	2678	4358	4022	2084	
15256	Cerebelum_10_L	0	0	0	0	0	0	0	0	0	0	0	0	0	0	0	0	0	0	0	0	0	0	0	0	0	0	0	0	0	0	0	0	0	0	0	0	0	0	0	0	0	0	0	0	0	0	0	0	0	0	0	0	0	0	0	0	0	0	0	0	0	0	0	0	0	0	0	0	0	0	0	0	0	0	0	0	0	0	0	0	0	0	0	0	0	0	0	0	0	0	1142	0	556	0	0	0	0	0	964	0	250	0	1092	0	3624	0	0	0	0	0	0	0	0	0	0	0	
9216	Cerebelum_10_R	0	0	0	0	0	0	0	0	0	0	0	0	0	0	0	0	0	0	0	0	0	0	0	0	0	0	0	0	0	0	0	0	0	0	0	0	0	0	0	0	0	0	0	0	0	0	0	0	0	0	0	0	0	0	0	0	0	0	0	0	0	0	0	0	0	0	0	0	0	0	0	0	0	0	0	0	0	0	0	0	0	0	0	0	0	0	0	0	0	0	0	480	0	426	0	0	0	0	0	734	0	0	0	1130	0	1406	0	0	0	0	0	166	154	0	112	0	
8256	Vermis_1_2	0	0	0	0	0	0	0	0	0	0	0	0	0	0	0	0	0	0	0	0	0	0	0	0	0	0	0	0	0	0	0	0	0	0	0	0	0	0	0	0	0	0	0	0	0	0	0	0	0	0	0	0	0	0	0	0	0	0	0	0	0	0	0	0	0	0	0	0	0	0	0	0	0	0	0	0	0	0	0	0	0	0	0	0	0	0	0	0	0	0	0	0	0	0	358	570	0	0	0	0	0	0	0	0	0	0	0	0	0	2840	360	0	0	0	0	0	
13360	Vermis_3	0	0	0	0	0	0	0	0	0	0	0	0	0	0	0	0	0	0	0	0	0	0	0	0	0	0	0	0	0	0	0	0	0	0	0	0	0	0	0	0	0	0	0	0	0	0	0	0	0	0	0	0	0	0	0	0	0	0	0	0	0	0	0	0	0	0	0	0	0	0	0	0	0	0	0	0	0	0	0	0	0	0	0	0	0	0	0	0	0	0	0	0	0	0	532	1462	170	396	0	0	0	0	0	0	0	0	0	0	2840	0	1280	0	0	0	0	0	
179644	Vermis_4_5	0	0	0	0	0	0	0	0	0	0	0	0	0	0	0	0	0	0	0	0	0	0	0	0	0	0	0	0	0	0	0	0	0	0	0	138	0	162	0	0	0	0	0	0	0	0	3030	9012	0	0	0	0	0	0	1458	1608	0	0	0	0	0	0	0	0	0	0	0	164	0	0	0	0	0	0	0	0	0	0	0	0	0	0	0	0	0	0	0	0	0	0	4252	7540	134	412	140	2290	6970	16104	5468	16442	0	0	318	730	1326	690	0	0	360	1280	0	7436	470	218	310	1360	
150840	Vermis_6	0	0	0	0	0	0	0	0	0	0	0	0	0	0	0	0	0	0	0	0	0	0	0	0	0	0	0	0	0	0	0	0	0	0	0	0	0	0	0	0	0	0	0	264	0	0	792	7700	0	0	0	0	0	0	518	784	0	0	0	0	0	0	0	0	0	0	0	0	0	0	0	0	0	0	0	0	0	0	0	0	0	0	0	0	0	0	0	0	0	0	5266	9240	1062	2508	0	268	1222	672	6128	10128	230	0	994	2448	1072	2680	0	166	0	0	7436	0	5294	3364	2838	2346	
74208	Vermis_7	0	0	0	0	0	0	0	0	0	0	0	0	0	0	0	0	0	0	0	0	0	0	0	0	0	0	0	0	0	0	0	0	0	0	0	0	0	0	0	0	0	0	0	0	0	0	0	124	0	0	0	0	0	0	0	0	0	0	0	0	0	0	0	0	0	0	0	0	0	0	0	0	0	0	0	0	0	0	0	0	0	0	0	0	0	0	0	0	0	0	1152	3502	846	5136	0	424	0	368	1024	1460	192	284	508	4116	244	2678	0	154	0	0	470	5294	0	6178	2210	740	
74200	Vermis_8	0	0	0	0	0	0	0	0	0	0	0	0	0	0	0	0	0	0	0	0	0	0	0	0	0	0	0	0	0	0	0	0	0	0	0	0	0	0	0	0	0	0	0	0	0	0	0	0	0	0	0	0	0	0	0	0	0	0	0	0	0	0	0	0	0	0	0	0	0	0	0	0	0	0	0	0	0	0	0	0	0	0	0	0	0	0	0	0	0	0	978	926	866	3356	0	398	0	210	942	256	470	232	2220	6090	1046	4358	0	0	0	0	218	3364	6178	0	3688	1304	
41268	Vermis_9	0	0	0	0	0	0	0	0	0	0	0	0	0	0	0	0	0	0	0	0	0	0	0	0	0	0	0	0	0	0	0	0	0	0	0	0	0	0	0	0	0	0	0	0	0	0	0	0	0	0	0	0	0	0	0	0	0	0	0	0	0	0	0	0	0	0	0	0	0	0	0	0	0	0	0	0	0	0	0	0	0	0	0	0	0	0	0	0	0	0	498	222	344	220	0	0	0	0	566	408	0	0	708	1324	1068	4022	0	112	0	0	310	2838	2210	3688	0	2096	
27332	Vermis_10	0	0	0	0	0	0	0	0	0	0	0	0	0	0	0	0	0	0	0	0	0	0	0	0	0	0	0	0	0	0	0	0	0	0	0	0	0	0	0	0	0	0	0	0	0	0	200	0	0	0	0	0	0	0	126	0	0	0	0	0	0	0	0	0	0	0	0	0	0	0	0	0	0	0	0	0	0	0	0	0	0	0	0	0	0	0	0	0	0	0	414	0	230	156	0	0	562	0	534	116	0	0	200	378	820	2084	0	0	0	0	1360	2346	740	1304	2096	0	
