data	data	599232	400280	1.22194e+06	1.01314e+06	169832	101444	555988	235724	84872	35204	370964	193316	449948	146352	203956	88392	239028	85572	804388	795728	103104	137568	392404	341760	23664	60504	119832	121684	751700	254240	265232	487900	212392	456604	136300	149132	276964	220812	85188	104708	33296	41512	179168	219116	111684	265712	237444	260448	170268	318728	452756	177392	158564	53800	315540	330428	285780	196772	114936	97864	178672	104484	100928	105232	200056	113360	231312	313280	247280	149440	338912	391828	427456	403588	87420	25784	154196	217068	82340	19776	213052	107096	114580	35596	259764	184480	33928	16816	205960	205772	606672	482656	317076	341344	44124	32976	262812	208348	550452	430204	362332	159148	453420	298556	132592	117228	21240	8540	13000	54608	266316	335120	317020	143228	74304	66208	
data	data	Precentral_L	Precentral_R	Frontal_Sup_L	Frontal_Sup_R	Frontal_Sup_Orb_L	Frontal_Sup_Orb_R	Frontal_Mid_L	Frontal_Mid_R	Frontal_Mid_Orb_L	Frontal_Mid_Orb_R	Frontal_Inf_Oper_L	Frontal_Inf_Oper_R	Frontal_Inf_Tri_L	Frontal_Inf_Tri_R	Frontal_Inf_Orb_L	Frontal_Inf_Orb_R	Rolandic_Oper_L	Rolandic_Oper_R	Supp_Motor_Area_L	Supp_Motor_Area_R	Olfactory_L	Olfactory_R	Frontal_Sup_Medial_L	Frontal_Sup_Medial_R	Frontal_Med_Orb_L	Frontal_Med_Orb_R	Rectus_L	Rectus_R	Insula_L	Insula_R	Cingulum_Ant_L	Cingulum_Ant_R	Cingulum_Mid_L	Cingulum_Mid_R	Cingulum_Post_L	Cingulum_Post_R	Hippocampus_L	Hippocampus_R	ParaHippocampal_L	ParaHippocampal_R	Amygdala_L	Amygdala_R	Calcarine_L	Calcarine_R	Cuneus_L	Cuneus_R	Lingual_L	Lingual_R	Occipital_Sup_L	Occipital_Sup_R	Occipital_Mid_L	Occipital_Mid_R	Occipital_Inf_L	Occipital_Inf_R	Fusiform_L	Fusiform_R	Postcentral_L	Postcentral_R	Parietal_Sup_L	Parietal_Sup_R	Parietal_Inf_L	Parietal_Inf_R	SupraMarginal_L	SupraMarginal_R	Angular_L	Angular_R	Precuneus_L	Precuneus_R	Paracentral_Lobule_L	Paracentral_Lobule_R	Caudate_L	Caudate_R	Putamen_L	Putamen_R	Pallidum_L	Pallidum_R	Thalamus_L	Thalamus_R	Heschl_L	Heschl_R	Temporal_Sup_L	Temporal_Sup_R	Temporal_Pole_Sup_L	Temporal_Pole_Sup_R	Temporal_Mid_L	Temporal_Mid_R	Temporal_Pole_Mid_L	Temporal_Pole_Mid_R	Temporal_Inf_L	Temporal_Inf_R	Cerebelum_Crus1_L	Cerebelum_Crus1_R	Cerebelum_Crus2_L	Cerebelum_Crus2_R	Cerebelum_3_L	Cerebelum_3_R	Cerebelum_4_5_L	Cerebelum_4_5_R	Cerebelum_6_L	Cerebelum_6_R	Cerebelum_7b_L	Cerebelum_7b_R	Cerebelum_8_L	Cerebelum_8_R	Cerebelum_9_L	Cerebelum_9_R	Cerebelum_10_L	Cerebelum_10_R	Vermis_1_2	Vermis_3	Vermis_4_5	Vermis_6	Vermis_7	Vermis_8	Vermis_9	Vermis_10	
599232	Precentral_L	0	1896	33916	2512	0	0	18164	96	0	0	14234	0	4402	0	0	0	10642	0	30624	9562	0	0	0	0	0	0	0	0	11776	182	568	0	1214	2652	6924	5406	14024	2402	1886	404	0	0	140	0	260	0	582	0	186	0	3844	0	2242	0	2100	114	27690	0	1444	0	2730	0	2022	0	3000	0	1754	254	22462	944	5752	1724	11392	1908	5336	168	17204	2132	5522	0	2280	0	0	0	598	0	0	0	346	0	0	0	0	0	0	0	0	0	0	0	0	0	0	0	0	0	0	0	0	0	0	0	0	0	0	0	
400280	Precentral_R	1896	0	1396	43258	0	0	348	5988	0	0	356	14066	242	1718	0	0	0	2770	2422	12468	0	0	0	0	0	0	0	0	602	1968	0	0	138	2200	572	4036	132	9910	0	2250	0	0	0	2190	0	1818	0	426	0	1628	0	1020	0	350	0	1160	204	20304	0	0	0	1424	0	2806	0	426	0	5186	1810	8968	2684	5824	628	2808	278	0	1152	26106	0	0	0	576	0	0	0	718	0	0	0	910	0	0	0	0	0	0	0	0	0	0	0	0	0	0	0	0	0	0	0	0	0	0	0	0	0	0	
1.22194e+06	Frontal_Sup_L	33916	1396	0	11798	12714	322	79588	1022	6300	0	25556	94	38062	0	16692	0	13636	0	93370	22154	578	454	41262	2826	380	0	3528	408	59722	296	10906	3608	7672	5998	160	96	8218	362	176	0	0	0	0	0	0	0	0	0	0	0	328	0	162	0	958	222	8108	280	0	0	100	0	236	0	174	0	168	0	13238	246	12050	2738	36106	4800	7104	376	4940	2296	1318	0	4434	0	4578	0	616	164	0	0	1586	374	0	0	0	0	0	0	0	0	0	0	0	0	0	0	0	0	0	0	0	0	0	0	0	0	0	0	
1.01314e+06	Frontal_Sup_R	2512	43258	11798	0	162	4788	952	31046	0	1110	1528	10958	1734	11686	150	2128	146	6706	14956	87640	776	1700	10802	43686	0	4230	626	5032	1818	16220	3552	39750	3336	28000	232	990	258	7760	0	1946	0	0	0	98	0	174	0	0	0	126	0	0	0	128	0	656	166	1994	0	0	0	0	0	134	0	0	0	328	358	0	3198	31284	1480	27380	248	2412	894	27738	0	1308	0	1702	0	0	0	294	0	0	0	500	0	0	0	0	0	0	0	0	0	0	0	0	0	0	0	0	0	0	0	0	0	0	0	0	0	0	
169832	Frontal_Sup_Orb_L	0	0	12714	162	0	818	3384	0	10422	0	162	0	1346	0	12504	180	0	0	700	0	2184	1290	5206	288	2528	0	10320	1122	4240	0	5560	344	0	0	0	0	94	0	0	0	0	0	0	0	0	0	0	0	0	0	0	0	0	0	0	0	0	0	0	0	0	0	0	0	0	0	0	0	0	0	3938	614	4796	0	0	0	0	0	0	0	0	0	0	0	0	0	0	0	0	0	0	0	0	0	0	0	0	0	0	0	0	0	0	0	0	0	0	0	0	0	0	0	0	0	0	0	
101444	Frontal_Sup_Orb_R	0	0	322	4788	818	0	142	1628	132	3866	0	0	0	598	776	4856	0	0	0	0	2200	4450	94	1512	138	4942	1450	9396	216	872	216	672	0	0	0	0	0	0	0	0	0	0	0	0	0	0	0	0	0	0	0	0	0	0	0	0	0	0	0	0	0	0	0	0	0	0	0	0	0	0	2392	2838	722	686	0	0	0	0	0	0	0	0	0	0	0	0	0	0	0	0	0	0	0	0	0	0	0	0	0	0	0	0	0	0	0	0	0	0	0	0	0	0	0	0	0	0	
555988	Frontal_Mid_L	18164	348	79588	952	3384	142	0	202	4994	0	14716	0	44982	0	12018	0	2514	0	12104	1076	252	196	18424	284	0	0	410	188	33514	160	3116	268	3106	262	0	0	2950	0	130	0	0	0	0	0	0	0	0	0	0	0	434	0	348	0	326	0	1238	0	0	0	94	0	0	0	122	0	124	0	0	0	2526	340	8702	2388	1008	170	362	258	638	0	236	0	124	0	112	0	0	0	0	0	0	0	0	0	0	0	0	0	0	0	0	0	0	0	0	0	0	0	0	0	0	0	0	0	0	0	
235724	Frontal_Mid_R	96	5988	1022	31046	0	1628	202	0	0	2416	3834	10252	3830	15974	0	3590	0	750	1190	5586	0	0	910	5474	0	0	0	0	3896	3090	2274	5176	518	2424	0	0	0	256	0	0	0	0	0	0	0	0	0	0	0	0	0	0	0	0	0	162	0	0	0	0	0	0	0	0	0	0	0	0	0	0	1786	1010	352	2752	0	0	0	202	0	0	0	0	0	0	0	0	0	0	0	176	0	0	0	0	0	0	0	0	0	0	0	0	0	0	0	0	0	0	0	0	0	0	0	0	0	0	
84872	Frontal_Mid_Orb_L	0	0	6300	0	10422	132	4994	0	0	0	100	0	1526	0	11736	0	0	0	360	0	212	216	490	0	138	0	1670	192	2250	0	166	0	0	0	0	0	0	0	0	0	0	0	0	0	0	0	0	0	0	0	0	0	0	0	0	0	0	0	0	0	0	0	0	0	0	0	0	0	0	0	402	94	1036	0	0	0	0	0	0	0	0	0	0	0	0	0	0	0	0	0	0	0	0	0	0	0	0	0	0	0	0	0	0	0	0	0	0	0	0	0	0	0	0	0	0	0	
35204	Frontal_Mid_Orb_R	0	0	0	1110	0	3866	0	2416	0	0	0	0	0	1142	0	7132	0	0	0	230	0	0	0	0	0	144	0	168	0	0	0	0	0	0	0	0	0	0	0	0	0	0	0	0	0	0	0	0	0	0	0	0	0	0	0	0	0	0	0	0	0	0	0	0	0	0	0	0	0	0	0	324	0	844	0	0	0	226	0	0	0	0	0	0	0	0	0	0	0	0	0	0	0	0	0	0	0	0	0	0	0	0	0	0	0	0	0	0	0	0	0	0	0	0	0	0	
370964	Frontal_Inf_Oper_L	14234	356	25556	1528	162	0	14716	3834	100	0	0	0	29050	0	242	0	14906	0	19152	1302	0	0	702	0	0	0	0	0	34646	0	2632	184	2194	184	0	0	1592	0	0	0	0	0	0	0	0	0	0	0	0	0	126	0	210	0	334	0	1862	0	0	0	134	0	0	0	0	0	0	0	158	0	3442	112	1578	1344	208	0	470	0	684	0	1474	0	5732	0	0	0	0	0	212	130	0	0	0	0	0	0	0	0	0	0	0	0	0	0	0	0	0	0	0	0	0	0	0	0	0	0	
193316	Frontal_Inf_Oper_R	0	14066	94	10958	0	0	0	10252	0	0	0	0	0	7246	0	640	0	3748	0	9644	0	0	0	0	0	0	0	0	0	13910	0	242	0	252	0	0	0	1092	0	144	0	0	0	138	0	530	0	0	0	554	0	312	0	0	0	400	0	6040	0	140	0	1654	0	2718	0	440	0	926	0	0	352	1192	0	6146	0	466	128	520	0	0	0	610	0	102	0	498	0	0	0	504	0	0	0	0	0	0	0	0	0	0	0	0	0	0	0	0	0	0	0	0	0	0	0	0	0	0	
449948	Frontal_Inf_Tri_L	4402	242	38062	1734	1346	0	44982	3830	1526	0	29050	0	0	0	10888	0	1074	0	13278	1498	0	0	10878	298	0	0	184	0	44296	0	3752	204	4626	460	0	0	658	0	0	0	0	0	0	0	0	0	0	0	0	0	0	0	0	0	0	0	314	0	0	0	0	0	0	0	0	0	0	0	0	0	2508	0	2962	1394	0	0	0	0	264	0	134	0	0	0	0	0	0	0	0	130	0	0	0	0	0	0	0	0	0	0	0	0	0	0	0	0	0	0	0	0	0	0	0	0	0	0	
146352	Frontal_Inf_Tri_R	0	1718	0	11686	0	598	0	15974	0	1142	0	7246	0	0	0	5470	0	464	0	4340	0	0	264	1440	0	0	0	0	0	13992	0	1102	0	2680	0	0	0	0	0	0	0	0	0	0	0	0	0	0	0	0	0	0	0	0	0	0	0	0	0	0	0	0	0	0	0	0	0	0	0	0	130	1368	0	3374	0	0	0	188	0	0	0	0	0	0	0	0	0	0	0	0	0	0	0	0	0	0	0	0	0	0	0	0	0	0	0	0	0	0	0	0	0	0	0	0	0	0	
203956	Frontal_Inf_Orb_L	0	0	16692	150	12504	776	12018	0	11736	0	242	0	10888	0	0	182	0	0	1232	0	2526	1270	2106	0	0	0	3756	1050	12572	0	862	0	0	0	0	0	0	0	190	0	0	0	0	0	0	0	0	0	0	0	0	0	0	0	0	0	0	0	0	0	0	0	0	0	0	0	0	0	0	0	3404	534	6488	0	0	0	0	0	0	0	0	0	800	0	0	0	0	0	0	0	0	0	0	0	0	0	0	0	0	0	0	0	0	0	0	0	0	0	0	0	0	0	0	0	0	0	
88392	Frontal_Inf_Orb_R	0	0	0	2128	180	4856	0	3590	0	7132	0	640	0	5470	182	0	0	0	0	694	626	2334	0	0	0	0	338	2548	0	5934	126	0	0	0	0	0	0	0	0	0	0	0	0	0	0	0	0	0	0	0	0	0	0	0	0	0	0	0	0	0	0	0	0	0	0	0	0	0	0	0	684	2352	210	3812	0	0	0	360	0	0	0	0	0	0	0	0	0	0	0	0	0	0	0	0	0	0	0	0	0	0	0	0	0	0	0	0	0	0	0	0	0	0	0	0	0	0	
239028	Rolandic_Oper_L	10642	0	13636	146	0	0	2514	0	0	0	14906	0	1074	0	0	0	0	0	12008	170	0	0	102	0	0	0	0	0	17366	0	166	0	714	0	0	0	1270	0	0	0	0	0	172	0	142	0	106	0	0	0	2688	0	572	0	394	0	6254	0	0	0	424	0	3106	0	1072	0	810	0	1452	0	1072	0	304	194	180	0	428	0	3478	0	10694	0	4884	0	3206	0	0	0	3168	0	0	0	0	0	0	0	0	0	0	0	0	0	0	0	0	0	0	0	0	0	0	0	0	0	0	0	
85572	Rolandic_Oper_R	0	2770	0	6706	0	0	0	750	0	0	0	3748	0	464	0	0	0	0	104	6662	0	0	0	0	0	0	0	0	0	6732	0	0	0	0	0	0	0	1058	0	340	0	0	0	0	0	184	0	0	0	0	0	0	0	0	0	0	0	2108	0	0	0	138	0	1324	0	124	0	260	0	0	274	232	118	2210	0	0	0	0	0	2346	0	3624	0	356	0	154	0	0	0	0	0	0	0	0	0	0	0	0	0	0	0	0	0	0	0	0	0	0	0	0	0	0	0	0	0	0	
804388	Supp_Motor_Area_L	30624	2422	93370	14956	700	0	12104	1190	360	0	19152	0	13278	0	1232	0	12008	104	0	41872	0	0	5758	1656	0	0	128	0	31390	268	2476	4962	13146	17228	622	112	4508	276	0	0	0	0	0	0	0	0	0	0	0	0	122	0	0	0	812	158	7592	296	0	0	0	0	0	0	0	0	0	0	16146	314	8598	1198	19872	3318	5204	244	502	680	584	0	4098	0	4392	0	626	110	0	0	1184	242	0	0	0	0	0	0	0	0	0	0	0	0	0	0	0	0	0	0	0	0	0	0	0	0	0	0	
795728	Supp_Motor_Area_R	9562	12468	22154	87640	0	0	1076	5586	0	230	1302	9644	1498	4340	0	694	170	6662	41872	0	0	0	3210	10368	0	0	0	0	1792	12318	3968	27906	10152	46398	780	4142	566	820	0	0	0	0	0	824	0	352	0	110	0	434	0	360	0	266	0	478	346	2032	0	0	0	0	0	146	0	0	0	3400	6552	13966	2900	15150	1440	13474	608	1806	408	1100	0	1316	0	1802	0	0	0	454	0	0	0	822	0	0	0	0	0	0	0	0	0	0	0	0	0	0	0	0	0	0	0	0	0	0	0	0	0	0	
103104	Olfactory_L	0	0	578	776	2184	2200	252	0	212	0	0	0	0	0	2526	626	0	0	0	0	0	7338	126	374	326	304	3836	3620	3088	262	2490	1542	0	0	0	0	146	0	722	0	606	0	0	0	0	0	0	0	0	0	0	0	0	0	0	0	0	0	0	0	0	0	0	0	0	0	0	0	0	0	8998	3554	2992	866	0	0	0	0	0	0	0	0	1008	0	0	0	0	0	0	0	0	0	0	0	0	0	0	0	0	0	0	0	0	0	0	0	0	0	0	0	0	0	0	0	0	0	
137568	Olfactory_R	0	0	454	1700	1290	4450	196	0	216	0	0	0	0	0	1270	2334	0	0	0	0	7338	0	126	900	204	1250	3472	7540	380	1672	2840	2920	0	0	0	0	0	0	0	0	0	130	0	0	0	0	0	0	0	0	0	0	0	0	0	0	0	0	0	0	0	0	0	0	0	0	0	0	0	0	10282	9682	5886	2252	0	0	0	0	0	0	0	0	0	0	0	0	0	0	0	0	0	0	0	0	0	0	0	0	0	0	0	0	0	0	0	0	0	0	0	0	0	0	0	0	0	0	
392404	Frontal_Sup_Medial_L	0	0	41262	10802	5206	94	18424	910	490	0	702	0	10878	264	2106	0	102	0	5758	3210	126	126	0	17924	838	274	2786	112	7602	244	20464	15916	8532	12510	0	0	0	0	0	0	0	0	0	0	0	0	0	0	0	0	0	0	0	0	0	0	0	0	0	0	0	0	0	0	0	0	0	0	0	0	1726	830	3970	2014	0	0	0	0	0	0	0	0	0	0	0	0	0	0	0	0	0	0	0	0	0	0	0	0	0	0	0	0	0	0	0	0	0	0	0	0	0	0	0	0	0	0	
341760	Frontal_Sup_Medial_R	0	0	2826	43686	288	1512	284	5474	0	0	0	0	298	1440	0	0	0	0	1656	10368	374	900	17924	0	0	3862	372	2328	0	1162	4256	30580	2054	21976	0	0	0	0	0	0	0	0	0	0	0	0	0	0	0	0	0	0	0	0	0	0	0	0	0	0	0	0	0	0	0	0	0	0	0	0	376	7180	278	9426	0	0	0	0	0	0	0	0	0	0	0	0	0	0	0	0	0	0	0	0	0	0	0	0	0	0	0	0	0	0	0	0	0	0	0	0	0	0	0	0	0	0	
23664	Frontal_Med_Orb_L	0	0	380	0	2528	138	0	0	138	0	0	0	0	0	0	0	0	0	0	0	326	204	838	0	0	212	2308	148	0	0	2712	102	0	0	0	0	0	0	0	0	0	0	0	0	0	0	0	0	0	0	0	0	0	0	0	0	0	0	0	0	0	0	0	0	0	0	0	0	0	0	1158	184	456	0	0	0	0	0	0	0	0	0	0	0	0	0	0	0	0	0	0	0	0	0	0	0	0	0	0	0	0	0	0	0	0	0	0	0	0	0	0	0	0	0	0	0	
60504	Frontal_Med_Orb_R	0	0	0	4230	0	4942	0	0	0	144	0	0	0	0	0	0	0	0	0	0	304	1250	274	3862	212	0	736	7562	0	0	1096	3242	0	0	0	0	0	0	0	0	0	0	0	0	0	0	0	0	0	0	0	0	0	0	0	0	0	0	0	0	0	0	0	0	0	0	0	0	0	0	264	1060	192	882	0	0	0	0	0	0	0	0	0	0	0	0	0	0	0	0	0	0	0	0	0	0	0	0	0	0	0	0	0	0	0	0	0	0	0	0	0	0	0	0	0	0	
119832	Rectus_L	0	0	3528	626	10320	1450	410	0	1670	0	0	0	184	0	3756	338	0	0	128	0	3836	3472	2786	372	2308	736	0	2748	484	124	6142	1472	0	0	0	0	0	0	0	0	0	0	0	0	0	0	0	0	0	0	0	0	0	0	0	0	0	0	0	0	0	0	0	0	0	0	0	0	0	0	6714	1884	3814	614	0	0	0	0	0	0	0	0	0	0	0	0	0	0	0	0	0	0	0	0	0	0	0	0	0	0	0	0	0	0	0	0	0	0	0	0	0	0	0	0	0	0	
121684	Rectus_R	0	0	408	5032	1122	9396	188	0	192	168	0	0	0	0	1050	2548	0	0	0	0	3620	7540	112	2328	148	7562	2748	0	270	1450	808	3490	0	0	0	0	0	0	0	0	0	0	0	0	0	0	0	0	0	0	0	0	0	0	0	0	0	0	0	0	0	0	0	0	0	0	0	0	0	0	3732	4138	1378	1414	0	0	0	0	0	0	0	0	0	0	0	0	0	0	0	0	0	0	0	0	0	0	0	0	0	0	0	0	0	0	0	0	0	0	0	0	0	0	0	0	0	0	
751700	Insula_L	11776	602	59722	1818	4240	216	33514	3896	2250	0	34646	0	44296	0	12572	0	17366	0	31390	1792	3088	380	7602	0	0	0	484	270	0	144	3208	200	1452	180	286	222	14592	0	1672	0	1466	0	198	0	0	0	156	0	0	0	2018	0	1662	0	4460	0	2940	110	0	0	126	0	870	0	252	0	298	0	1846	0	6956	342	19292	1570	612	142	1128	116	9632	0	9070	0	9140	0	3020	0	198	0	4206	148	0	0	0	0	0	0	0	0	0	0	0	0	0	0	0	0	0	0	0	0	0	0	0	0	0	0	
254240	Insula_R	182	1968	296	16220	0	872	160	3090	0	0	0	13910	0	13992	0	5934	0	6732	268	12318	262	1672	244	1162	0	0	124	1450	144	0	128	1168	0	2400	0	0	0	3298	0	678	0	144	0	0	0	94	0	168	0	94	0	0	0	0	0	1870	0	604	0	0	0	0	0	0	0	0	0	154	0	0	818	3748	236	19316	0	530	310	1768	0	1198	0	3366	0	242	0	1254	0	0	0	2534	0	0	0	0	0	0	0	0	0	0	0	0	0	0	0	0	0	0	0	0	0	0	0	0	0	0	
265232	Cingulum_Ant_L	568	0	10906	3552	5560	216	3116	2274	166	0	2632	0	3752	0	862	126	166	0	2476	3968	2490	2840	20464	4256	2712	1096	6142	808	3208	128	0	15784	8610	3834	232	0	0	0	0	0	0	0	0	0	0	0	0	0	0	0	0	0	0	0	0	0	192	0	0	0	0	0	0	0	0	0	0	0	0	0	8314	3620	5176	2260	0	0	0	0	110	0	0	0	0	0	0	0	0	0	0	0	0	0	0	0	0	0	0	0	0	0	0	0	0	0	0	0	0	0	0	0	0	0	0	0	0	0	
487900	Cingulum_Ant_R	0	0	3608	39750	344	672	268	5176	0	0	184	242	204	1102	0	0	0	0	4962	27906	1542	2920	15916	30580	102	3242	1472	3490	200	1168	15784	0	6818	31802	0	0	0	0	0	0	0	0	0	0	0	0	0	0	0	0	0	0	0	0	0	0	0	0	0	0	0	0	0	0	0	0	0	0	0	0	2840	23302	1390	16666	0	0	0	298	0	0	0	0	0	0	0	0	0	0	0	0	0	0	0	0	0	0	0	0	0	0	0	0	0	0	0	0	0	0	0	0	0	0	0	0	0	0	
212392	Cingulum_Mid_L	1214	138	7672	3336	0	0	3106	518	0	0	2194	0	4626	0	0	0	714	0	13146	10152	0	0	8532	2054	0	0	0	0	1452	0	8610	6818	0	13800	4510	446	0	0	0	0	0	0	0	0	396	174	0	0	710	146	1494	0	186	0	0	0	1226	0	214	0	0	0	0	0	0	0	1656	1074	4206	752	108	0	118	404	0	0	0	0	0	0	0	0	0	0	294	0	0	0	0	0	0	0	0	0	0	0	0	0	0	0	0	0	0	0	0	0	0	0	0	0	0	0	0	0	0	0	
456604	Cingulum_Mid_R	2652	2200	5998	28000	0	0	262	2424	0	0	184	252	460	2680	0	0	0	0	17228	46398	0	0	12510	21976	0	0	0	0	180	2400	3834	31802	13800	0	1074	5240	0	0	0	0	0	0	0	1004	0	960	0	290	0	368	0	174	0	0	0	0	0	1230	0	0	0	0	0	0	0	0	268	7554	2042	8842	0	934	0	3082	0	0	0	0	0	0	0	0	0	0	0	0	0	0	0	0	0	0	0	0	0	0	0	0	0	0	0	0	0	0	0	0	0	0	0	0	0	0	0	0	0	0	
136300	Cingulum_Post_L	6924	572	160	232	0	0	0	0	0	0	0	0	0	0	0	0	0	0	622	780	0	0	0	0	0	0	0	0	286	0	232	0	4510	1074	0	9826	8038	2968	2334	568	0	0	3088	0	770	128	2850	0	228	0	292	0	0	0	98	124	402	0	0	0	0	0	0	0	0	0	6542	1206	5440	590	192	0	110	0	0	0	6376	374	120	0	0	0	0	0	94	0	0	0	0	0	0	0	0	0	0	0	0	0	0	0	0	0	0	0	0	0	0	0	0	0	0	0	0	0	0	0	
149132	Cingulum_Post_R	5406	4036	96	990	0	0	0	0	0	0	0	0	0	0	0	0	0	0	112	4142	0	0	0	0	0	0	0	0	222	0	0	0	446	5240	9826	0	3440	7216	182	1316	0	0	0	1224	0	224	0	2476	0	112	0	112	0	378	0	724	0	940	0	0	0	0	0	0	0	0	896	6822	574	5134	324	0	172	0	0	0	8336	2514	0	0	0	0	0	0	0	0	0	0	0	586	0	0	0	0	0	0	0	0	0	0	0	0	0	0	0	0	0	0	0	0	348	0	0	0	0	0	
276964	Hippocampus_L	14024	132	8218	258	94	0	2950	0	0	0	1592	0	658	0	0	0	1270	0	4508	566	146	0	0	0	0	0	0	0	14592	0	0	0	0	0	8038	3440	0	1554	12022	384	6288	0	2680	0	0	0	3964	196	0	0	0	0	190	0	9090	0	1052	100	0	0	0	0	0	0	0	0	5124	386	854	162	996	190	12342	272	1928	0	4822	100	3394	0	2696	0	1482	0	226	0	242	0	5000	0	0	0	0	0	98	0	0	0	0	0	0	0	0	0	0	0	0	0	0	162	0	0	0	0	0	0	
220812	Hippocampus_R	2402	9910	362	7760	0	0	0	256	0	0	0	1092	0	0	0	0	0	1058	276	820	0	0	0	0	0	0	0	0	0	3298	0	0	0	0	2968	7216	1554	0	0	13888	0	5486	0	566	0	0	0	2642	0	0	0	0	0	970	0	15374	0	396	0	0	0	0	0	0	0	0	0	2304	0	0	294	0	0	8256	0	266	4136	6808	0	182	0	668	0	804	0	306	0	0	0	7474	0	0	0	0	0	0	0	200	0	0	0	0	0	0	0	0	0	0	0	0	414	0	0	0	0	0	
85188	ParaHippocampal_L	1886	0	176	0	0	0	130	0	0	0	0	0	0	0	190	0	0	0	0	0	722	0	0	0	0	0	0	0	1672	0	0	0	0	0	2334	182	12022	0	0	0	2580	0	1470	0	0	0	2884	314	0	0	0	0	570	0	5886	0	0	0	0	0	0	0	0	0	0	0	2312	0	0	0	300	0	1474	0	0	0	218	0	130	0	220	0	1336	0	0	0	774	0	586	0	0	0	0	0	440	320	206	0	206	0	0	0	0	0	0	0	0	0	344	710	0	0	0	0	0	0	
104708	ParaHippocampal_R	404	2250	0	1946	0	0	0	0	0	0	0	144	0	0	0	0	0	340	0	0	0	0	0	0	0	0	0	0	0	678	0	0	0	0	568	1316	384	13888	0	0	0	6100	0	362	0	0	0	1592	0	0	0	0	0	758	0	10422	0	0	0	0	0	0	0	0	0	0	0	654	0	0	0	0	0	2400	0	194	832	2594	0	0	0	0	0	2182	0	0	0	1296	0	478	0	0	0	0	0	0	0	572	0	0	0	0	0	0	0	0	0	0	0	0	0	0	0	0	0	0	
33296	Amygdala_L	0	0	0	0	0	0	0	0	0	0	0	0	0	0	0	0	0	0	0	0	606	0	0	0	0	0	0	0	1466	0	0	0	0	0	0	0	6288	0	2580	0	0	0	0	0	0	0	0	0	0	0	0	0	0	0	3394	0	0	0	0	0	0	0	0	0	0	0	0	0	0	0	0	0	158	0	0	0	482	0	0	0	0	0	756	0	0	0	348	0	570	0	0	0	0	0	0	0	0	0	0	0	0	0	0	0	0	0	0	0	0	0	0	0	0	0	0	0	
41512	Amygdala_R	0	0	0	0	0	0	0	0	0	0	0	0	0	0	0	0	0	0	0	0	0	130	0	0	0	0	0	0	0	144	0	0	0	0	0	0	0	5486	0	6100	0	0	0	0	0	0	0	0	0	0	0	0	0	0	0	5192	0	0	0	0	0	0	0	0	0	0	0	0	0	0	0	0	0	174	0	0	0	442	0	0	0	0	0	2432	0	0	0	412	0	244	0	0	0	0	0	0	0	0	0	0	0	0	0	0	0	0	0	0	0	0	0	0	0	0	0	0	
179168	Calcarine_L	140	0	0	0	0	0	0	0	0	0	0	0	0	0	0	0	172	0	0	0	0	0	0	0	0	0	0	0	198	0	0	0	0	0	3088	0	2680	0	1470	0	0	0	0	2324	8732	1594	15930	668	11570	1312	18054	0	2802	0	2096	0	462	0	516	0	0	0	342	0	114	0	11956	428	266	0	0	0	0	0	0	0	0	0	206	0	422	0	0	0	1872	0	0	0	170	0	0	0	0	0	0	0	0	0	0	0	0	0	0	0	0	0	0	0	0	0	0	0	0	0	0	0	
219116	Calcarine_R	0	2190	0	98	0	0	0	0	0	0	0	138	0	0	0	0	0	0	0	824	0	0	0	0	0	0	0	0	0	0	0	0	0	1004	0	1224	0	566	0	362	0	0	2324	0	2558	20456	936	18558	0	17906	0	7312	0	2590	0	10552	0	2068	0	292	0	0	0	96	0	112	190	13348	0	1792	0	0	0	0	0	0	0	0	0	0	0	0	0	0	0	910	0	0	0	1152	0	0	0	0	0	0	0	0	0	0	0	0	0	0	0	0	0	0	0	0	0	0	0	0	0	0	
111684	Cuneus_L	260	0	0	0	0	0	0	0	0	0	0	0	0	0	0	0	142	0	0	0	0	0	0	0	0	0	0	0	0	0	0	0	396	0	770	0	0	0	0	0	0	0	8732	2558	0	3082	2584	886	13464	554	7748	0	620	0	0	192	728	0	942	0	0	0	348	0	0	0	9446	204	594	0	0	0	0	0	0	0	0	0	0	0	380	0	0	0	1212	0	0	0	0	0	0	0	0	0	0	0	0	0	0	0	0	0	0	0	0	0	0	0	0	0	0	0	0	0	0	0	
265712	Cuneus_R	0	1818	0	174	0	0	0	0	0	0	0	530	0	0	0	0	0	184	0	352	0	0	0	0	0	0	0	0	0	94	0	0	174	960	128	224	0	0	0	0	0	0	1594	20456	3082	0	300	6704	0	35302	0	8926	0	480	0	4502	0	4642	0	4614	0	212	0	570	0	326	2082	25754	0	3540	0	0	0	0	0	0	0	0	0	0	0	1522	0	0	0	1724	0	0	0	1886	0	0	0	0	0	0	0	0	0	0	0	0	0	0	0	0	0	0	0	0	0	0	0	0	0	0	
237444	Lingual_L	582	0	0	0	0	0	0	0	0	0	0	0	0	0	0	0	106	0	0	0	0	0	0	0	0	0	0	0	156	0	0	0	0	0	2850	0	3964	0	2884	0	0	0	15930	936	2584	300	0	2224	4436	0	18544	0	11156	0	13846	474	420	0	0	0	0	0	194	0	174	0	8958	0	278	0	0	0	0	0	0	0	96	0	100	0	236	0	0	0	854	0	0	0	332	0	3702	704	0	0	112	0	6624	1200	7488	974	0	0	0	0	0	0	0	0	0	0	3750	1554	0	0	0	0	
260448	Lingual_R	0	426	0	0	0	0	0	0	0	0	0	0	0	0	0	0	0	0	0	110	0	0	0	0	0	0	0	0	0	168	0	0	0	290	0	2476	196	2642	314	1592	0	0	668	18558	886	6704	2224	0	0	7076	0	2654	0	1814	1088	19304	0	264	0	0	0	0	0	0	0	0	0	5996	0	406	0	0	0	350	0	0	122	852	0	0	0	0	0	0	0	0	0	0	0	518	1820	9744	0	0	222	122	1286	6380	4720	10928	0	0	0	0	402	0	0	0	0	0	8018	8788	0	0	0	96	
170268	Occipital_Sup_L	186	0	0	0	0	0	0	0	0	0	0	0	0	0	0	0	0	0	0	0	0	0	0	0	0	0	0	0	0	0	0	0	710	0	228	0	0	0	0	0	0	0	11570	0	13464	0	4436	0	0	0	30598	0	4468	0	468	0	600	0	4230	0	110	0	0	0	520	0	9782	0	378	0	0	0	0	0	0	0	0	0	0	0	188	0	0	0	3016	0	0	0	182	0	0	0	0	0	0	0	0	0	0	0	0	0	0	0	0	0	0	0	0	0	0	0	0	0	0	0	
318728	Occipital_Sup_R	0	1628	0	126	0	0	0	0	0	0	0	554	0	0	0	0	0	0	0	434	0	0	0	0	0	0	0	0	0	94	0	0	146	368	0	112	0	0	0	0	0	0	1312	17906	554	35302	0	7076	0	0	0	27366	0	1408	0	5558	0	5414	0	7470	0	1370	0	888	0	2654	976	23292	0	3400	0	0	0	0	0	0	0	0	0	0	0	2318	0	0	0	7470	0	0	0	4168	0	0	0	0	0	0	0	0	0	0	0	0	0	0	0	0	0	0	0	0	0	0	0	0	0	0	
452756	Occipital_Mid_L	3844	0	328	0	0	0	434	0	0	0	126	0	0	0	0	0	2688	0	122	0	0	0	0	0	0	0	0	0	2018	0	0	0	1494	0	292	0	0	0	0	0	0	0	18054	0	7748	0	18544	0	30598	0	0	0	23336	0	6912	0	8208	0	12116	0	12220	0	3720	0	23906	0	15792	0	3112	0	0	0	0	0	0	0	0	0	1542	0	5048	0	0	0	19906	0	0	0	3706	0	286	0	0	0	0	0	0	0	178	0	0	0	0	0	0	0	0	0	0	0	100	0	0	0	0	0	
177392	Occipital_Mid_R	0	1020	0	0	0	0	0	0	0	0	0	312	0	0	0	0	0	0	0	360	0	0	0	0	0	0	0	0	0	0	0	0	0	174	0	112	0	0	0	0	0	0	0	7312	0	8926	0	2654	0	27366	0	0	0	4636	0	2890	0	1208	0	1502	0	2700	0	458	0	6030	0	7488	0	1026	0	0	0	0	0	0	0	0	0	0	0	1006	0	0	0	9232	0	0	0	2284	0	0	0	0	0	0	0	0	0	0	0	0	0	0	0	0	0	0	0	0	0	0	0	0	0	0	
158564	Occipital_Inf_L	2242	0	162	0	0	0	348	0	0	0	210	0	0	0	0	0	572	0	0	0	0	0	0	0	0	0	0	0	1662	0	0	0	186	0	0	0	190	0	570	0	0	0	2802	0	620	0	11156	0	4468	0	23336	0	0	0	10220	0	1034	0	0	0	110	0	194	0	896	0	1738	0	692	0	114	0	0	0	0	0	0	0	1922	0	936	0	0	0	6340	0	0	0	3424	0	366	0	0	0	0	0	1078	0	1222	0	0	0	0	0	0	0	0	0	0	0	472	0	0	0	0	0	
53800	Occipital_Inf_R	0	350	0	128	0	0	0	0	0	0	0	0	0	0	0	0	0	0	0	266	0	0	0	0	0	0	0	0	0	0	0	0	0	0	0	378	0	970	0	758	0	0	0	2590	0	480	0	1814	0	1408	0	4636	0	0	0	5214	0	0	0	0	0	0	0	0	0	0	0	958	0	100	0	0	0	0	0	0	0	286	0	0	0	0	0	0	0	980	0	0	0	5064	0	0	0	0	0	0	0	0	0	222	0	0	0	0	0	0	0	0	0	0	0	298	0	0	0	0	
315540	Fusiform_L	2100	0	958	0	0	0	326	0	0	0	334	0	0	0	0	0	394	0	812	0	0	0	0	0	0	0	0	0	4460	0	0	0	0	0	98	0	9090	0	5886	0	3394	0	2096	0	0	0	13846	1088	468	0	6912	0	10220	0	0	142	350	0	0	0	0	0	0	0	0	0	558	0	248	0	142	0	1302	0	0	0	0	0	1612	0	1152	0	2974	0	2094	0	916	0	9444	0	20836	0	1148	0	192	0	15946	150	28274	0	734	0	1758	0	0	0	0	0	0	0	3544	1772	0	0	0	0	
330428	Fusiform_R	114	1160	222	656	0	0	0	162	0	0	0	400	0	0	0	0	0	0	158	478	0	0	0	0	0	0	0	0	0	1870	0	0	0	0	124	724	0	15374	0	10422	0	5192	0	10552	192	4502	474	19304	0	5558	0	2890	0	5214	142	0	0	302	0	188	0	234	0	0	0	230	0	1534	0	300	0	0	0	2304	0	0	234	2078	0	100	0	2160	0	3350	0	1844	0	1228	0	15836	538	12476	0	0	0	242	428	8162	1618	14788	0	0	0	438	182	0	0	0	0	170	4730	3636	0	0	0	0	
285780	Postcentral_L	27690	204	8108	166	0	0	1238	0	0	0	1862	0	314	0	0	0	6254	0	7592	346	0	0	0	0	0	0	0	0	2940	0	192	0	1226	0	402	0	1052	0	0	0	0	0	462	0	728	0	420	0	600	0	8208	0	1034	0	350	0	0	0	9942	0	21012	0	8980	0	7326	0	5746	0	11588	0	0	516	566	0	0	0	0	452	2242	0	2326	0	0	0	640	0	0	0	166	0	0	0	0	0	0	0	0	0	0	0	0	0	0	0	0	0	0	0	0	0	0	0	0	0	0	0	
196772	Postcentral_R	0	20304	280	1994	0	0	0	0	0	0	0	6040	0	0	0	0	0	2108	296	2032	0	0	0	0	0	0	0	0	110	604	0	0	0	1230	0	940	100	396	0	0	0	0	0	2068	0	4642	0	264	0	5414	0	1208	0	0	0	302	0	0	0	4894	0	4274	0	10138	0	1674	0	12250	0	6984	424	0	132	966	112	0	0	110	0	0	0	890	0	0	0	2760	0	0	0	2446	0	0	0	0	0	0	0	0	0	0	0	0	0	0	0	0	0	0	0	0	0	0	0	0	0	0	
114936	Parietal_Sup_L	1444	0	0	0	0	0	0	0	0	0	0	0	0	0	0	0	0	0	0	0	0	0	0	0	0	0	0	0	0	0	0	0	214	0	0	0	0	0	0	0	0	0	516	0	942	0	0	0	4230	0	12116	0	0	0	0	0	9942	0	0	0	9308	0	368	0	7572	0	8694	0	2122	0	0	0	0	0	0	0	0	0	0	0	0	0	0	0	0	0	0	0	0	0	0	0	0	0	0	0	0	0	0	0	0	0	0	0	0	0	0	0	0	0	0	0	0	0	0	0	
97864	Parietal_Sup_R	0	0	0	0	0	0	0	0	0	0	0	140	0	0	0	0	0	0	0	0	0	0	0	0	0	0	0	0	0	0	0	0	0	0	0	0	0	0	0	0	0	0	0	292	0	4614	0	0	0	7470	0	1502	0	0	0	188	0	4894	0	0	0	6558	0	1700	0	5640	0	7352	0	430	0	0	0	0	0	0	0	0	0	0	0	476	0	0	0	3490	0	0	0	4186	0	0	0	0	0	0	0	0	0	0	0	0	0	0	0	0	0	0	0	0	0	0	0	0	0	0	
178672	Parietal_Inf_L	2730	0	100	0	0	0	94	0	0	0	134	0	0	0	0	0	424	0	0	0	0	0	0	0	0	0	0	0	126	0	0	0	0	0	0	0	0	0	0	0	0	0	0	0	0	0	0	0	110	0	12220	0	110	0	0	0	21012	0	9308	0	0	0	11170	0	23498	0	2990	0	1960	0	0	0	0	0	0	0	0	0	0	0	2128	0	0	0	1222	0	0	0	0	0	0	0	0	0	0	0	0	0	0	0	0	0	0	0	0	0	0	0	0	0	0	0	0	0	0	0	
104484	Parietal_Inf_R	0	1424	0	0	0	0	0	0	0	0	0	1654	0	0	0	0	0	138	0	0	0	0	0	0	0	0	0	0	0	0	0	0	0	0	0	0	0	0	0	0	0	0	0	0	0	212	0	0	0	1370	0	2700	0	0	0	234	0	4274	0	6558	0	0	0	9650	0	14416	0	266	0	0	0	0	0	0	0	0	0	0	0	0	0	404	0	0	0	4606	0	0	0	4336	0	0	0	0	0	0	0	0	0	0	0	0	0	0	0	0	0	0	0	0	0	0	0	0	0	0	
100928	SupraMarginal_L	2022	0	236	0	0	0	0	0	0	0	0	0	0	0	0	0	3106	0	0	0	0	0	0	0	0	0	0	0	870	0	0	0	0	0	0	0	0	0	0	0	0	0	342	0	348	0	194	0	0	0	3720	0	194	0	0	0	8980	0	368	0	11170	0	0	0	6946	0	476	0	182	0	0	0	0	0	0	0	0	0	522	0	7458	0	0	0	2978	0	0	0	352	0	0	0	0	0	0	0	0	0	0	0	0	0	0	0	0	0	0	0	0	0	0	0	0	0	0	0	
105232	SupraMarginal_R	0	2806	0	134	0	0	0	0	0	0	0	2718	0	0	0	0	0	1324	0	146	0	0	0	0	0	0	0	0	0	0	0	0	0	0	0	0	0	0	0	0	0	0	0	96	0	570	0	0	0	888	0	458	0	0	0	0	0	10138	0	1700	0	9650	0	0	0	8246	0	1140	0	0	0	0	0	0	0	0	0	0	0	0	0	5170	0	0	0	5812	0	0	0	1620	0	0	0	0	0	0	0	0	0	0	0	0	0	0	0	0	0	0	0	0	0	0	0	0	0	0	
200056	Angular_L	3000	0	174	0	0	0	122	0	0	0	0	0	0	0	0	0	1072	0	0	0	0	0	0	0	0	0	0	0	252	0	0	0	0	0	0	0	0	0	0	0	0	0	114	0	0	0	174	0	520	0	23906	0	896	0	0	0	7326	0	7572	0	23498	0	6946	0	0	0	3398	0	3028	0	0	0	0	0	0	0	0	0	140	0	5274	0	0	0	9808	0	0	0	2808	0	0	0	0	0	0	0	0	0	0	0	0	0	0	0	0	0	0	0	0	0	0	0	0	0	0	0	
113360	Angular_R	0	426	0	0	0	0	0	0	0	0	0	440	0	0	0	0	0	124	0	0	0	0	0	0	0	0	0	0	0	0	0	0	0	0	0	0	0	0	0	0	0	0	0	112	0	326	0	0	0	2654	0	6030	0	0	0	230	0	1674	0	5640	0	14416	0	8246	0	0	0	374	0	0	0	0	0	0	0	0	0	0	0	0	0	3260	0	0	0	8418	0	0	0	4310	0	0	0	0	0	0	0	0	0	0	0	0	0	0	0	0	0	0	0	0	0	0	0	0	0	0	
231312	Precuneus_L	1754	0	168	0	0	0	124	0	0	0	0	0	0	0	0	0	810	0	0	0	0	0	0	0	0	0	0	0	298	0	0	0	1656	268	6542	896	5124	0	2312	0	0	0	11956	190	9446	2082	8958	0	9782	976	15792	0	1738	0	558	0	5746	0	8694	0	2990	0	476	0	3398	0	0	3848	5044	0	0	0	0	0	0	0	338	0	166	0	730	0	0	0	2402	0	0	0	394	0	0	0	0	0	0	0	0	0	0	0	0	0	0	0	0	0	0	0	0	0	0	0	0	0	0	0	
313280	Precuneus_R	254	5186	0	328	0	0	0	0	0	0	0	926	0	0	0	0	0	260	0	3400	0	0	0	0	0	0	0	0	0	154	0	0	1074	7554	1206	6822	386	2304	0	654	0	0	428	13348	204	25754	0	5996	0	23292	0	7488	0	958	0	1534	0	12250	0	7352	0	266	0	1140	0	374	3848	0	484	10310	100	0	0	0	0	0	306	0	0	0	0	1712	0	0	0	4044	0	0	0	4484	0	0	0	0	0	0	0	0	0	0	0	0	0	0	0	0	0	0	0	0	460	0	0	0	0	0	
247280	Paracentral_Lobule_L	22462	1810	13238	358	0	0	0	0	0	0	158	0	0	0	0	0	1452	0	16146	6552	0	0	0	0	0	0	0	0	1846	0	0	0	4206	2042	5440	574	854	0	0	0	0	0	266	0	594	0	278	0	378	0	3112	0	692	0	248	0	11588	0	2122	0	1960	0	182	0	3028	0	5044	484	0	3666	1206	220	4922	0	4240	0	582	206	242	0	290	0	0	0	724	0	0	0	228	0	0	0	0	0	0	0	0	0	0	0	0	0	0	0	0	0	0	0	0	0	0	0	0	0	0	0	
149440	Paracentral_Lobule_R	944	8968	246	0	0	0	0	0	0	0	0	0	0	0	0	0	0	0	314	13966	0	0	0	0	0	0	0	0	0	0	0	0	752	8842	590	5134	162	0	0	0	0	0	0	1792	0	3540	0	406	0	3400	0	1026	0	100	0	300	0	6984	0	430	0	0	0	0	0	0	0	10310	3666	0	270	0	316	0	288	0	256	0	0	0	0	636	0	0	0	414	0	0	0	668	0	0	0	0	0	0	0	0	0	0	0	0	0	0	0	0	0	0	0	0	0	0	0	0	0	0	
338912	Caudate_L	5752	2684	12050	3198	3938	2392	2526	1786	402	0	3442	352	2508	130	3404	684	1072	274	8598	2900	8998	10282	1726	376	1158	264	6714	3732	6956	818	8314	2840	108	0	192	324	996	294	300	0	0	0	0	0	0	0	0	0	0	0	0	0	114	0	142	0	0	424	0	0	0	0	0	0	0	0	0	100	1206	270	0	11198	24930	6746	3242	394	6296	632	164	0	0	0	974	0	0	0	0	0	0	140	0	0	0	0	0	0	0	0	0	0	0	0	0	0	0	0	0	0	0	0	0	0	0	0	0	0	
391828	Caudate_R	1724	5824	2738	31284	614	2838	340	1010	94	324	112	1192	0	1368	534	2352	0	232	1198	15150	3554	9682	830	7180	184	1060	1884	4138	342	3748	3620	23302	0	934	0	0	190	0	0	0	0	0	0	0	0	0	0	0	0	0	0	0	0	0	0	0	516	0	0	0	0	0	0	0	0	0	0	0	220	0	11198	0	6366	28160	246	2502	2056	15074	0	0	0	0	0	0	0	0	0	0	0	0	0	0	0	0	0	0	0	0	0	0	0	0	0	0	0	0	0	0	0	0	0	0	0	0	0	0	
427456	Putamen_L	11392	628	36106	1480	4796	722	8702	352	1036	0	1578	0	2962	0	6488	210	304	118	19872	1440	2992	5886	3970	278	456	192	3814	1378	19292	236	5176	1390	118	0	110	172	12342	0	1474	0	158	0	0	0	0	0	0	0	0	0	0	0	0	0	1302	0	566	132	0	0	0	0	0	0	0	0	0	0	4922	316	24930	6366	0	1788	9754	0	3506	608	0	0	266	0	836	0	0	0	0	0	816	0	0	0	0	0	0	0	0	0	0	0	0	0	0	0	0	0	0	0	0	0	0	0	0	0	0	0	
403588	Putamen_R	1908	2808	4800	27380	0	686	2388	2752	0	844	1344	6146	1394	3374	0	3812	194	2210	3318	13474	866	2252	2014	9426	0	882	614	1414	1570	19316	2260	16666	404	3082	0	0	272	8256	0	2400	0	174	0	0	0	0	0	350	0	0	0	0	0	0	0	2304	0	966	0	0	0	0	0	0	0	0	0	0	0	0	6746	28160	1788	0	284	3222	462	3764	0	106	0	958	0	0	0	208	0	0	0	1776	0	0	0	0	0	0	0	0	0	0	0	0	0	0	0	0	0	0	0	0	0	0	0	0	0	0	
87420	Pallidum_L	5336	278	7104	248	0	0	1008	0	0	0	208	0	0	0	0	0	180	0	5204	608	0	0	0	0	0	0	0	0	612	0	0	0	0	0	0	0	1928	0	0	0	0	0	0	0	0	0	0	0	0	0	0	0	0	0	0	0	0	112	0	0	0	0	0	0	0	0	0	0	4240	288	3242	246	9754	284	0	0	2684	0	0	0	0	0	146	0	0	0	0	0	0	0	0	0	0	0	0	0	0	0	0	0	0	0	0	0	0	0	0	0	0	0	0	0	0	0	0	0	
25784	Pallidum_R	168	0	376	2412	0	0	170	0	0	0	0	466	0	0	0	0	0	0	244	1806	0	0	0	0	0	0	0	0	142	530	0	0	0	0	0	0	0	266	0	194	0	0	0	0	0	0	0	0	0	0	0	0	0	0	0	0	0	0	0	0	0	0	0	0	0	0	0	0	0	0	394	2502	0	3222	0	0	0	0	0	0	0	0	0	0	0	0	0	0	0	0	0	0	0	0	0	0	0	0	0	0	0	0	0	0	0	0	0	0	0	0	0	0	0	0	0	0	
154196	Thalamus_L	17204	1152	4940	894	0	0	362	0	0	0	470	128	0	0	0	0	428	0	502	408	0	0	0	0	0	0	0	0	1128	310	0	0	0	0	6376	8336	4822	4136	218	832	482	0	0	0	0	0	96	122	0	0	0	0	0	0	0	234	0	0	0	0	0	0	0	0	0	0	338	306	582	256	6296	2056	3506	462	2684	0	0	6596	0	0	0	0	332	0	0	0	0	0	0	104	0	0	0	0	0	0	0	0	0	0	0	0	0	0	0	0	0	0	0	0	0	0	0	0	0	0	
217068	Thalamus_R	2132	26106	2296	27738	0	0	258	202	0	226	0	520	0	188	0	360	0	0	680	1100	0	0	0	0	0	0	0	0	116	1768	0	298	0	0	374	2514	100	6808	0	2594	0	442	0	0	0	0	0	852	0	0	0	0	0	286	0	2078	452	110	0	0	0	0	0	0	0	0	0	0	206	0	632	15074	608	3764	0	0	6596	0	0	0	0	0	0	104	0	0	0	0	0	952	0	0	0	0	0	0	0	0	0	0	0	0	0	0	0	0	0	0	0	0	0	0	0	0	0	0	
82340	Heschl_L	5522	0	1318	0	0	0	638	0	0	0	684	0	264	0	0	0	3478	0	584	0	0	0	0	0	0	0	0	0	9632	0	110	0	0	0	120	0	3394	0	130	0	0	0	206	0	0	0	100	0	0	0	1542	0	1922	0	1612	0	2242	0	0	0	0	0	522	0	140	0	166	0	242	0	164	0	0	0	0	0	0	0	0	0	2642	0	0	0	2288	0	0	0	1508	0	0	0	0	0	0	0	0	0	0	0	0	0	0	0	0	0	0	0	0	0	0	0	0	0	0	0	
19776	Heschl_R	0	0	0	1308	0	0	0	0	0	0	0	0	0	0	0	0	0	2346	0	1316	0	0	0	0	0	0	0	0	0	1198	0	0	0	0	0	0	0	182	0	0	0	0	0	0	0	0	0	0	0	0	0	0	0	0	0	100	0	0	0	0	0	0	0	0	0	0	0	0	0	0	0	0	0	106	0	0	0	0	0	0	0	3026	0	0	0	306	0	0	0	0	0	0	0	0	0	0	0	0	0	0	0	0	0	0	0	0	0	0	0	0	0	0	0	0	0	0	
213052	Temporal_Sup_L	2280	0	4434	0	0	0	236	0	0	0	1474	0	134	0	0	0	10694	0	4098	0	0	0	0	0	0	0	0	0	9070	0	0	0	0	0	0	0	2696	0	220	0	0	0	422	0	380	0	236	0	188	0	5048	0	936	0	1152	0	2326	0	0	0	2128	0	7458	0	5274	0	730	0	290	0	0	0	266	0	0	0	0	0	2642	0	0	0	3078	0	22636	0	306	0	15694	0	0	0	0	0	0	0	0	0	0	0	0	0	0	0	0	0	0	0	0	0	0	0	0	0	0	0	
107096	Temporal_Sup_R	0	576	0	1702	0	0	0	0	0	0	0	610	0	0	0	0	0	3624	0	1802	0	0	0	0	0	0	0	0	0	3366	0	0	0	0	0	0	0	668	0	0	0	0	0	0	0	1522	0	0	0	2318	0	1006	0	0	0	2160	0	890	0	476	0	404	0	5170	0	3260	0	1712	0	636	0	0	0	958	0	0	0	0	0	3026	0	0	0	1678	0	11094	0	0	0	4890	0	0	0	0	0	0	0	0	0	0	0	0	0	0	0	0	0	0	0	0	0	0	0	0	0	0	
114580	Temporal_Pole_Sup_L	0	0	4578	0	0	0	124	0	0	0	5732	0	0	0	800	0	4884	0	4392	0	1008	0	0	0	0	0	0	0	9140	0	0	0	0	0	0	0	1482	0	1336	0	756	0	0	0	0	0	0	0	0	0	0	0	0	0	2974	0	0	0	0	0	0	0	0	0	0	0	0	0	0	0	974	0	836	0	146	0	332	0	0	0	3078	0	0	0	5330	0	4588	0	4800	0	0	0	0	0	0	0	0	0	0	0	0	0	0	0	0	0	0	0	0	0	0	0	0	0	0	0	
35596	Temporal_Pole_Sup_R	0	0	0	0	0	0	0	0	0	0	0	102	0	0	0	0	0	356	0	0	0	0	0	0	0	0	0	0	0	242	0	0	0	0	0	0	0	804	0	2182	0	2432	0	0	0	0	0	0	0	0	0	0	0	0	0	3350	0	0	0	0	0	0	0	0	0	0	0	0	0	0	0	0	0	0	0	0	0	104	0	0	0	1678	0	0	0	1144	0	2736	0	2668	0	0	0	0	0	0	0	0	0	0	0	0	0	0	0	0	0	0	0	0	0	0	0	0	0	0	
259764	Temporal_Mid_L	598	0	616	0	0	0	112	0	0	0	0	0	0	0	0	0	3206	0	626	0	0	0	0	0	0	0	0	0	3020	0	0	0	294	0	94	0	226	0	0	0	0	0	1872	0	1212	0	854	0	3016	0	19906	0	6340	0	2094	0	640	0	0	0	1222	0	2978	0	9808	0	2402	0	724	0	0	0	0	0	0	0	0	0	2288	0	22636	0	5330	0	0	0	5054	0	32714	0	0	0	0	0	0	0	0	0	0	0	0	0	0	0	0	0	0	0	0	0	0	0	0	0	0	0	
184480	Temporal_Mid_R	0	718	164	294	0	0	0	0	0	0	0	498	0	0	0	0	0	154	110	454	0	0	0	0	0	0	0	0	0	1254	0	0	0	0	0	0	0	306	0	0	0	0	0	910	0	1724	0	0	0	7470	0	9232	0	980	0	1844	0	2760	0	3490	0	4606	0	5812	0	8418	0	4044	0	414	0	0	0	208	0	0	0	0	0	306	0	11094	0	1144	0	0	0	1378	0	22454	0	0	0	0	0	0	0	0	0	0	0	0	0	0	0	0	0	0	0	0	0	0	0	0	0	0	
33928	Temporal_Pole_Mid_L	0	0	0	0	0	0	0	0	0	0	0	0	0	0	0	0	0	0	0	0	0	0	0	0	0	0	0	0	198	0	0	0	0	0	0	0	242	0	774	0	348	0	0	0	0	0	0	0	0	0	0	0	0	0	916	0	0	0	0	0	0	0	0	0	0	0	0	0	0	0	0	0	0	0	0	0	0	0	0	0	306	0	4588	0	5054	0	0	0	4538	0	0	0	0	0	0	0	0	0	0	0	0	0	0	0	0	0	0	0	0	0	0	0	0	0	0	0	
16816	Temporal_Pole_Mid_R	0	0	0	0	0	0	0	0	0	0	0	0	0	0	0	0	0	0	0	0	0	0	0	0	0	0	0	0	0	0	0	0	0	0	0	0	0	0	0	1296	0	412	0	0	0	0	0	0	0	0	0	0	0	0	0	1228	0	0	0	0	0	0	0	0	0	0	0	0	0	0	0	0	0	0	0	0	0	0	0	0	0	0	0	2736	0	1378	0	0	0	1358	0	0	0	0	0	0	0	0	0	0	0	0	0	0	0	0	0	0	0	0	0	0	0	0	0	0	
205960	Temporal_Inf_L	346	0	1586	0	0	0	0	0	0	0	212	0	0	0	0	0	3168	0	1184	0	0	0	0	0	0	0	0	0	4206	0	0	0	0	0	0	0	5000	0	586	0	570	0	170	0	0	0	332	0	182	0	3706	0	3424	0	9444	0	166	0	0	0	0	0	352	0	2808	0	394	0	228	0	0	0	816	0	0	0	0	0	1508	0	15694	0	4800	0	32714	0	4538	0	0	0	2486	0	338	0	0	0	0	0	650	0	498	0	874	0	0	0	0	0	0	0	0	0	0	0	0	0	
205772	Temporal_Inf_R	0	910	374	500	0	0	0	176	0	0	130	504	130	0	0	0	0	0	242	822	0	0	0	0	0	0	0	0	148	2534	0	0	0	0	0	586	0	7474	0	478	0	244	0	1152	0	1886	0	518	0	4168	0	2284	0	5064	0	15836	0	2446	0	4186	0	4336	0	1620	0	4310	0	4484	0	668	140	0	0	1776	0	0	104	952	0	0	0	4890	0	2668	0	22454	0	1358	0	0	0	334	0	0	0	0	0	0	0	0	0	0	0	0	0	0	0	0	0	0	0	0	0	0	0	0	
606672	Cerebelum_Crus1_L	0	0	0	0	0	0	0	0	0	0	0	0	0	0	0	0	0	0	0	0	0	0	0	0	0	0	0	0	0	0	0	0	0	0	0	0	0	0	0	0	0	0	0	0	0	0	3702	1820	0	0	286	0	366	0	20836	538	0	0	0	0	0	0	0	0	0	0	0	0	0	0	0	0	0	0	0	0	0	0	0	0	0	0	0	0	0	0	0	0	2486	0	0	5112	36982	7920	1840	100	23114	836	64616	4258	28396	2884	38328	4454	5174	2042	1058	214	120	470	7056	15328	15862	3960	1740	1438	
482656	Cerebelum_Crus1_R	0	0	0	0	0	0	0	0	0	0	0	0	0	0	0	0	0	0	0	0	0	0	0	0	0	0	0	0	0	0	0	0	0	0	0	0	0	0	0	0	0	0	0	0	0	0	704	9744	0	0	0	0	0	0	0	12476	0	0	0	0	0	0	0	0	0	0	0	0	0	0	0	0	0	0	0	0	0	0	0	0	0	0	0	0	0	0	0	0	0	334	5112	0	1766	36894	172	1168	1334	18078	7696	60404	1986	5502	1776	23922	1190	2588	108	0	0	1416	12984	20812	9076	1734	850	1502	
317076	Cerebelum_Crus2_L	0	0	0	0	0	0	0	0	0	0	0	0	0	0	0	0	0	0	0	0	0	0	0	0	0	0	0	0	0	0	0	0	0	0	0	0	0	0	0	0	0	0	0	0	0	0	0	0	0	0	0	0	0	0	1148	0	0	0	0	0	0	0	0	0	0	0	0	0	0	0	0	0	0	0	0	0	0	0	0	0	0	0	0	0	0	0	0	0	338	0	36982	1766	0	8322	0	0	342	0	6150	500	40970	5676	37184	1424	2422	96	268	0	0	0	288	2810	10638	1214	0	0	
341344	Cerebelum_Crus2_R	0	0	0	0	0	0	0	0	0	0	0	0	0	0	0	0	0	0	0	0	0	0	0	0	0	0	0	0	0	0	0	0	0	0	0	0	0	0	0	0	0	0	0	0	0	0	0	0	0	0	0	0	0	0	0	0	0	0	0	0	0	0	0	0	0	0	0	0	0	0	0	0	0	0	0	0	0	0	0	0	0	0	0	0	0	0	0	0	0	0	7920	36894	8322	0	0	154	192	610	1736	8712	9626	24430	5418	35778	158	3516	0	340	0	238	342	4382	15658	3524	2118	604	
44124	Cerebelum_3_L	0	0	0	0	0	0	0	0	0	0	0	0	0	0	0	0	0	0	0	0	0	0	0	0	0	0	0	0	0	0	0	0	0	0	0	0	98	0	440	0	0	0	0	0	0	0	112	222	0	0	0	0	0	0	192	0	0	0	0	0	0	0	0	0	0	0	0	0	0	0	0	0	0	0	0	0	0	0	0	0	0	0	0	0	0	0	0	0	0	0	1840	172	0	0	0	208	5814	224	3064	278	0	0	600	0	2024	176	156	0	870	3062	1394	686	256	0	0	174	
32976	Cerebelum_3_R	0	0	0	0	0	0	0	0	0	0	0	0	0	0	0	0	0	0	0	0	0	0	0	0	0	0	0	0	0	0	0	0	0	0	0	0	0	0	320	0	0	0	0	0	0	0	0	122	0	0	0	0	0	0	0	242	0	0	0	0	0	0	0	0	0	0	0	0	0	0	0	0	0	0	0	0	0	0	0	0	0	0	0	0	0	0	0	0	0	0	100	1168	0	154	208	0	306	4602	136	3870	0	0	0	316	0	232	0	0	716	2480	876	0	160	250	230	0	
262812	Cerebelum_4_5_L	0	0	0	0	0	0	0	0	0	0	0	0	0	0	0	0	0	0	0	0	0	0	0	0	0	0	0	0	0	0	0	0	0	0	0	0	0	0	206	0	0	0	0	0	0	0	6624	1286	0	0	0	0	1078	0	15946	428	0	0	0	0	0	0	0	0	0	0	0	0	0	0	0	0	0	0	0	0	0	0	0	0	0	0	0	0	0	0	0	0	0	0	23114	1334	342	192	5814	306	0	1698	40784	1946	384	0	2132	312	4566	156	270	0	336	2030	15104	3132	916	368	0	602	
208348	Cerebelum_4_5_R	0	0	0	0	0	0	0	0	0	0	0	0	0	0	0	0	0	0	0	0	0	0	0	0	0	0	0	0	0	0	0	0	0	0	0	0	0	200	0	572	0	0	0	0	0	0	1200	6380	0	0	0	0	0	0	150	8162	0	0	0	0	0	0	0	0	0	0	0	0	0	0	0	0	0	0	0	0	0	0	0	0	0	0	0	0	0	0	0	0	0	0	836	18078	0	610	224	4602	1698	0	2276	31046	106	0	312	2104	676	458	0	0	106	3702	16224	3042	446	330	316	318	
550452	Cerebelum_6_L	0	0	0	0	0	0	0	0	0	0	0	0	0	0	0	0	0	0	0	0	0	0	0	0	0	0	0	0	0	0	0	0	0	0	0	0	0	0	206	0	0	0	0	0	0	0	7488	4720	0	0	178	0	1222	0	28274	1618	0	0	0	0	0	0	0	0	0	0	0	0	0	0	0	0	0	0	0	0	0	0	0	0	0	0	0	0	0	0	0	0	650	0	64616	7696	6150	1736	3064	136	40784	2276	0	7862	8042	240	16502	1616	8544	2312	1470	136	232	958	15874	21182	10742	3888	1768	3044	
430204	Cerebelum_6_R	0	0	0	0	0	0	0	0	0	0	0	0	0	0	0	0	0	0	0	0	0	0	0	0	0	0	0	0	0	0	0	0	0	0	0	0	0	0	0	0	0	0	0	0	0	0	974	10928	0	0	0	0	0	222	0	14788	0	0	0	0	0	0	0	0	0	0	0	0	0	0	0	0	0	0	0	0	0	0	0	0	0	0	0	0	0	0	0	0	0	0	4258	60404	500	8712	278	3870	1946	31046	7862	0	502	988	992	10074	1260	1846	0	0	0	3544	18986	21972	5484	1108	844	1714	
362332	Cerebelum_7b_L	0	0	0	0	0	0	0	0	0	0	0	0	0	0	0	0	0	0	0	0	0	0	0	0	0	0	0	0	0	0	0	0	0	0	0	0	0	0	0	0	0	0	0	0	0	0	0	0	0	0	0	0	0	0	734	0	0	0	0	0	0	0	0	0	0	0	0	0	0	0	0	0	0	0	0	0	0	0	0	0	0	0	0	0	0	0	0	0	498	0	28396	1986	40970	9626	0	0	384	106	8042	502	0	6630	45590	4508	3694	1798	128	156	0	0	234	4558	15238	5058	1442	888	
159148	Cerebelum_7b_R	0	0	0	0	0	0	0	0	0	0	0	0	0	0	0	0	0	0	0	0	0	0	0	0	0	0	0	0	0	0	0	0	0	0	0	0	0	0	0	0	0	0	0	0	0	0	0	0	0	0	0	0	0	0	0	0	0	0	0	0	0	0	0	0	0	0	0	0	0	0	0	0	0	0	0	0	0	0	0	0	0	0	0	0	0	0	0	0	0	0	2884	5502	5676	24430	0	0	0	0	240	988	6630	0	3398	18488	0	896	0	0	0	0	0	464	7106	2872	0	0	
453420	Cerebelum_8_L	0	0	0	0	0	0	0	0	0	0	0	0	0	0	0	0	0	0	0	0	0	0	0	0	0	0	0	0	0	0	0	0	0	0	0	0	0	0	0	0	0	0	0	0	0	0	0	0	0	0	0	0	0	0	1758	0	0	0	0	0	0	0	0	0	0	0	0	0	0	0	0	0	0	0	0	0	0	0	0	0	0	0	0	0	0	0	0	0	874	0	38328	1776	37184	5418	600	0	2132	312	16502	992	45590	3398	0	7226	16022	3870	2066	310	0	138	714	8872	16668	9742	3374	2844	
298556	Cerebelum_8_R	0	0	0	0	0	0	0	0	0	0	0	0	0	0	0	0	0	0	0	0	0	0	0	0	0	0	0	0	0	0	0	0	0	0	0	0	0	0	0	0	0	0	0	0	0	0	0	0	0	0	0	0	0	0	0	438	0	0	0	0	0	0	0	0	0	0	0	0	0	0	0	0	0	0	0	0	0	0	0	0	0	0	0	0	0	0	0	0	0	0	4454	23922	1424	35778	0	316	312	2104	1616	10074	4508	18488	7226	0	764	12910	0	632	0	326	872	1702	8846	8272	3544	750	
132592	Cerebelum_9_L	0	0	0	0	0	0	0	0	0	0	0	0	0	0	0	0	0	0	0	0	0	0	0	0	0	0	0	0	0	0	0	0	0	0	0	0	0	0	0	0	0	0	0	0	0	0	0	402	0	0	0	0	0	0	0	182	0	0	0	0	0	0	0	0	0	0	0	0	0	0	0	0	0	0	0	0	0	0	0	0	0	0	0	0	0	0	0	0	0	0	5174	1190	2422	158	2024	0	4566	676	8544	1260	3694	0	16022	764	0	1784	3808	0	160	564	2660	3846	2758	1262	1134	1242	
117228	Cerebelum_9_R	0	0	0	0	0	0	0	0	0	0	0	0	0	0	0	0	0	0	0	0	0	0	0	0	0	0	0	0	0	0	0	0	0	0	0	0	0	0	0	0	0	0	0	0	0	0	0	0	0	0	0	0	0	0	0	0	0	0	0	0	0	0	0	0	0	0	0	0	0	0	0	0	0	0	0	0	0	0	0	0	0	0	0	0	0	0	0	0	0	0	2042	2588	96	3516	176	232	156	458	2312	1846	1798	896	3870	12910	1784	0	0	1108	122	176	346	2506	4576	5946	6266	2888	
21240	Cerebelum_10_L	0	0	0	0	0	0	0	0	0	0	0	0	0	0	0	0	0	0	0	0	0	0	0	0	0	0	0	0	0	0	0	0	0	0	0	0	0	0	0	0	0	0	0	0	0	0	0	0	0	0	0	0	0	0	0	0	0	0	0	0	0	0	0	0	0	0	0	0	0	0	0	0	0	0	0	0	0	0	0	0	0	0	0	0	0	0	0	0	0	0	1058	108	268	0	156	0	270	0	1470	0	128	0	2066	0	3808	0	0	0	0	0	108	526	430	124	0	100	
8540	Cerebelum_10_R	0	0	0	0	0	0	0	0	0	0	0	0	0	0	0	0	0	0	0	0	0	0	0	0	0	0	0	0	0	0	0	0	0	0	0	0	0	0	0	0	0	0	0	0	0	0	0	0	0	0	0	0	0	0	0	0	0	0	0	0	0	0	0	0	0	0	0	0	0	0	0	0	0	0	0	0	0	0	0	0	0	0	0	0	0	0	0	0	0	0	214	0	0	340	0	0	0	0	136	0	156	0	310	632	0	1108	0	0	0	0	0	0	388	414	572	0	
13000	Vermis_1_2	0	0	0	0	0	0	0	0	0	0	0	0	0	0	0	0	0	0	0	0	0	0	0	0	0	0	0	0	0	0	0	0	0	0	0	0	0	0	344	0	0	0	0	0	0	0	0	0	0	0	0	0	0	0	0	0	0	0	0	0	0	0	0	0	0	0	0	0	0	0	0	0	0	0	0	0	0	0	0	0	0	0	0	0	0	0	0	0	0	0	120	0	0	0	870	716	336	106	232	0	0	0	0	0	160	122	0	0	0	2942	434	0	0	118	0	0	
54608	Vermis_3	0	0	0	0	0	0	0	0	0	0	0	0	0	0	0	0	0	0	0	0	0	0	0	0	0	0	0	0	0	0	0	0	0	0	0	0	162	0	710	0	0	0	0	0	0	0	0	0	0	0	0	0	0	0	0	170	0	0	0	0	0	0	0	0	0	0	0	0	0	0	0	0	0	0	0	0	0	0	0	0	0	0	0	0	0	0	0	0	0	0	470	1416	0	238	3062	2480	2030	3702	958	3544	0	0	138	326	564	176	0	0	2942	0	3254	148	332	314	168	0	
266316	Vermis_4_5	0	0	0	0	0	0	0	0	0	0	0	0	0	0	0	0	0	0	0	0	0	0	0	0	0	0	0	0	0	0	0	0	0	0	0	348	0	414	0	0	0	0	0	0	0	0	3750	8018	0	0	100	0	472	0	3544	4730	0	0	0	0	0	0	0	0	0	0	0	460	0	0	0	0	0	0	0	0	0	0	0	0	0	0	0	0	0	0	0	0	0	0	7056	12984	288	342	1394	876	15104	16224	15874	18986	234	0	714	872	2660	346	108	0	434	3254	0	10642	746	466	224	1494	
335120	Vermis_6	0	0	0	0	0	0	0	0	0	0	0	0	0	0	0	0	0	0	0	0	0	0	0	0	0	0	0	0	0	0	0	0	0	0	0	0	0	0	0	0	0	0	0	0	0	0	1554	8788	0	0	0	0	0	298	1772	3636	0	0	0	0	0	0	0	0	0	0	0	0	0	0	0	0	0	0	0	0	0	0	0	0	0	0	0	0	0	0	0	0	0	0	15328	20812	2810	4382	686	0	3132	3042	21182	21972	4558	464	8872	1702	3846	2506	526	0	0	148	10642	0	14828	3160	1288	5626	
317020	Vermis_7	0	0	0	0	0	0	0	0	0	0	0	0	0	0	0	0	0	0	0	0	0	0	0	0	0	0	0	0	0	0	0	0	0	0	0	0	0	0	0	0	0	0	0	0	0	0	0	0	0	0	0	0	0	0	0	0	0	0	0	0	0	0	0	0	0	0	0	0	0	0	0	0	0	0	0	0	0	0	0	0	0	0	0	0	0	0	0	0	0	0	15862	9076	10638	15658	256	160	916	446	10742	5484	15238	7106	16668	8846	2758	4576	430	388	0	332	746	14828	0	9574	3770	4012	
143228	Vermis_8	0	0	0	0	0	0	0	0	0	0	0	0	0	0	0	0	0	0	0	0	0	0	0	0	0	0	0	0	0	0	0	0	0	0	0	0	0	0	0	0	0	0	0	0	0	0	0	0	0	0	0	0	0	0	0	0	0	0	0	0	0	0	0	0	0	0	0	0	0	0	0	0	0	0	0	0	0	0	0	0	0	0	0	0	0	0	0	0	0	0	3960	1734	1214	3524	0	250	368	330	3888	1108	5058	2872	9742	8272	1262	5946	124	414	118	314	466	3160	9574	0	5826	2090	
