data	data	570396	358200	704984	659524	162696	193848	380808	302396	74056	20832	239408	207920	234620	222416	160840	116420	300416	105892	782200	676548	108452	124292	312920	293804	20232	78724	85864	115552	489296	400776	367580	466136	134680	445308	113336	156520	263660	414792	134000	298144	33180	61132	275340	293764	186392	268500	385780	257604	170644	242804	515524	263100	233776	110300	563596	533068	386364	439776	140572	155644	314896	144932	130876	161220	185276	168864	247736	479896	431556	388424	418016	349616	335440	424356	88572	37116	187972	151020	92108	20248	250128	177612	63324	45276	368780	354328	16904	10084	337992	388684	506764	405740	412868	394296	48240	81088	399540	217088	467404	342584	262864	146568	329512	276464	123984	172040	35380	5316	22828	104996	217960	125724	236328	222376	174876	69516	
data	data	Precentral_L	Precentral_R	Frontal_Sup_L	Frontal_Sup_R	Frontal_Sup_Orb_L	Frontal_Sup_Orb_R	Frontal_Mid_L	Frontal_Mid_R	Frontal_Mid_Orb_L	Frontal_Mid_Orb_R	Frontal_Inf_Oper_L	Frontal_Inf_Oper_R	Frontal_Inf_Tri_L	Frontal_Inf_Tri_R	Frontal_Inf_Orb_L	Frontal_Inf_Orb_R	Rolandic_Oper_L	Rolandic_Oper_R	Supp_Motor_Area_L	Supp_Motor_Area_R	Olfactory_L	Olfactory_R	Frontal_Sup_Medial_L	Frontal_Sup_Medial_R	Frontal_Med_Orb_L	Frontal_Med_Orb_R	Rectus_L	Rectus_R	Insula_L	Insula_R	Cingulum_Ant_L	Cingulum_Ant_R	Cingulum_Mid_L	Cingulum_Mid_R	Cingulum_Post_L	Cingulum_Post_R	Hippocampus_L	Hippocampus_R	ParaHippocampal_L	ParaHippocampal_R	Amygdala_L	Amygdala_R	Calcarine_L	Calcarine_R	Cuneus_L	Cuneus_R	Lingual_L	Lingual_R	Occipital_Sup_L	Occipital_Sup_R	Occipital_Mid_L	Occipital_Mid_R	Occipital_Inf_L	Occipital_Inf_R	Fusiform_L	Fusiform_R	Postcentral_L	Postcentral_R	Parietal_Sup_L	Parietal_Sup_R	Parietal_Inf_L	Parietal_Inf_R	SupraMarginal_L	SupraMarginal_R	Angular_L	Angular_R	Precuneus_L	Precuneus_R	Paracentral_Lobule_L	Paracentral_Lobule_R	Caudate_L	Caudate_R	Putamen_L	Putamen_R	Pallidum_L	Pallidum_R	Thalamus_L	Thalamus_R	Heschl_L	Heschl_R	Temporal_Sup_L	Temporal_Sup_R	Temporal_Pole_Sup_L	Temporal_Pole_Sup_R	Temporal_Mid_L	Temporal_Mid_R	Temporal_Pole_Mid_L	Temporal_Pole_Mid_R	Temporal_Inf_L	Temporal_Inf_R	Cerebelum_Crus1_L	Cerebelum_Crus1_R	Cerebelum_Crus2_L	Cerebelum_Crus2_R	Cerebelum_3_L	Cerebelum_3_R	Cerebelum_4_5_L	Cerebelum_4_5_R	Cerebelum_6_L	Cerebelum_6_R	Cerebelum_7b_L	Cerebelum_7b_R	Cerebelum_8_L	Cerebelum_8_R	Cerebelum_9_L	Cerebelum_9_R	Cerebelum_10_L	Cerebelum_10_R	Vermis_1_2	Vermis_3	Vermis_4_5	Vermis_6	Vermis_7	Vermis_8	Vermis_9	Vermis_10	
570396	Precentral_L	0	1462	21372	1796	0	0	24546	1410	0	0	15604	222	1032	106	0	0	16638	0	24864	7706	0	0	258	106	0	0	0	0	10830	84	4348	692	214	1908	742	106	5122	384	908	130	0	0	92	0	0	0	348	0	0	0	882	0	1330	0	3688	186	31828	324	0	0	4354	0	2220	0	210	0	0	0	30260	2760	15838	1442	8394	414	3684	0	19752	1330	5562	0	3628	0	0	0	1098	0	0	0	2984	0	0	0	0	0	0	0	0	0	0	0	0	0	0	0	0	0	0	0	0	0	0	0	0	0	0	0	
358200	Precentral_R	1462	0	862	18488	0	0	240	9494	0	0	0	13034	0	2760	0	0	0	1850	4174	10626	0	0	0	128	0	0	0	0	0	7250	94	242	290	2460	234	2714	188	7548	0	4636	0	0	0	782	0	96	0	372	0	0	0	648	0	520	0	7488	0	20468	0	972	0	1398	0	2578	0	0	0	3208	4602	11086	1670	5112	448	2974	246	0	192	10038	0	352	0	1800	0	0	0	2952	0	0	0	10324	0	0	0	0	0	0	0	0	0	0	0	0	0	0	0	0	0	0	0	0	0	0	0	0	0	0	
704984	Frontal_Sup_L	21372	862	0	4778	7486	0	47402	1730	2290	0	6426	906	13136	122	5892	0	6944	0	73480	11938	0	0	40476	974	222	0	0	0	14240	444	18804	2490	1706	1280	0	0	1974	996	306	566	0	0	0	0	0	0	0	0	0	0	0	0	0	0	420	654	1592	200	0	0	0	126	0	162	0	0	0	0	7856	0	17362	2884	13902	1914	4160	514	7112	446	136	0	3074	0	312	0	0	0	0	0	168	256	0	0	0	0	0	0	0	0	0	0	0	0	0	0	0	0	0	0	0	0	0	0	0	0	0	0	
659524	Frontal_Sup_R	1796	18488	4778	0	0	5974	1310	27330	0	298	74	3456	124	8898	0	4286	0	2164	13822	38138	0	0	10598	32432	0	1934	0	0	216	11394	9242	39430	2316	19482	0	0	422	6516	0	1904	0	0	0	0	0	0	0	0	0	0	0	0	0	0	0	3274	0	1920	0	200	0	396	0	908	0	0	0	0	5860	0	2156	14810	1154	19742	370	796	390	9538	0	122	0	234	0	0	0	0	0	0	0	1070	0	0	0	0	0	0	0	0	0	0	0	0	0	0	0	0	0	0	0	0	0	0	0	0	0	0	
162696	Frontal_Sup_Orb_L	0	0	7486	0	0	1142	1060	0	10238	0	126	0	5464	0	14854	86	0	0	464	0	3280	1796	3718	0	3272	84	6624	1376	7862	84	2648	602	106	0	0	0	0	0	0	0	0	0	0	0	0	0	0	0	0	0	0	0	0	0	0	0	0	0	0	0	0	0	0	0	0	0	0	0	0	0	3250	968	3478	178	0	0	0	0	0	0	0	0	1102	0	0	0	0	0	0	0	0	0	0	0	0	0	0	0	0	0	0	0	0	0	0	0	0	0	0	0	0	0	0	0	0	0	
193848	Frontal_Sup_Orb_R	0	0	0	5974	1142	0	0	2104	412	3776	0	0	0	1332	874	5714	0	0	0	0	3472	6072	1062	7052	192	10334	2234	11956	0	2384	1396	6632	0	0	0	0	0	0	0	0	0	0	0	0	0	0	0	0	0	0	0	0	0	0	0	0	0	0	0	0	0	0	0	0	0	0	0	0	0	0	4820	9730	602	7562	0	0	0	96	0	0	0	0	0	0	0	0	0	0	0	0	0	0	0	0	0	0	0	0	0	0	0	0	0	0	0	0	0	0	0	0	0	0	0	0	0	0	
380808	Frontal_Mid_L	24546	240	47402	1310	1060	0	0	876	948	0	6466	112	24670	0	2802	0	328	0	9452	1080	0	0	20748	90	0	0	0	0	9740	0	15086	750	1068	134	0	0	2144	116	102	0	0	0	0	0	0	0	0	0	0	0	0	0	0	0	110	0	1034	0	0	0	184	0	124	0	0	0	0	0	1490	0	2340	0	5820	364	1358	0	4288	112	1678	0	142	0	90	0	0	0	0	0	0	0	0	0	0	0	0	0	0	0	0	0	0	0	0	0	0	0	0	0	0	0	0	0	0	0	0	0	
302396	Frontal_Mid_R	1410	9494	1730	27330	0	2104	876	0	0	710	0	13670	0	21342	0	7190	134	832	2338	2294	0	0	718	2666	0	0	0	0	178	15258	1386	5940	440	4660	0	0	460	1754	0	388	0	0	0	0	0	0	0	0	0	0	0	0	0	0	0	1224	0	2620	0	472	0	1030	0	2048	0	0	0	0	184	0	5426	1998	1344	7394	438	78	432	552	0	0	0	240	0	0	0	0	0	0	0	416	0	0	0	0	0	0	0	0	0	0	0	0	0	0	0	0	0	0	0	0	0	0	0	0	0	0	
74056	Frontal_Mid_Orb_L	0	0	2290	0	10238	412	948	0	0	0	0	0	2192	0	11112	0	0	0	0	0	802	654	0	0	244	0	3462	526	1698	0	148	158	0	0	0	0	0	0	0	0	0	0	0	0	0	0	0	0	0	0	0	0	0	0	0	0	0	0	0	0	0	0	0	0	0	0	0	0	0	0	790	442	912	0	0	0	0	0	0	0	0	0	0	0	0	0	0	0	0	0	0	0	0	0	0	0	0	0	0	0	0	0	0	0	0	0	0	0	0	0	0	0	0	0	0	0	
20832	Frontal_Mid_Orb_R	0	0	0	298	0	3776	0	710	0	0	0	0	0	288	0	3474	0	0	0	0	102	116	0	0	0	0	84	418	0	492	0	0	0	0	0	0	0	0	0	0	0	0	0	0	0	0	0	0	0	0	0	0	0	0	0	0	0	0	0	0	0	0	0	0	0	0	0	0	0	0	0	74	0	584	0	0	0	0	0	0	0	0	0	0	0	0	0	0	0	0	0	0	0	0	0	0	0	0	0	0	0	0	0	0	0	0	0	0	0	0	0	0	0	0	0	0	
239408	Frontal_Inf_Oper_L	15604	0	6426	74	126	0	6466	0	0	0	0	0	12948	0	0	0	15806	0	4304	84	0	0	1514	0	0	0	0	0	18318	0	7334	264	0	0	0	0	626	98	0	80	0	0	0	0	0	0	0	0	0	0	104	0	78	0	374	0	12848	0	0	0	3260	0	188	0	0	0	0	0	0	0	956	164	1772	914	156	530	0	0	1312	0	2938	0	3680	0	0	0	0	0	358	0	0	0	0	0	0	0	0	0	0	0	0	0	0	0	0	0	0	0	0	0	0	0	0	0	0	0	
207920	Frontal_Inf_Oper_R	222	13034	906	3456	0	0	112	13670	0	0	0	0	0	12522	0	1000	104	4622	2530	2794	0	0	0	390	0	0	0	0	128	18198	194	530	0	1804	0	0	84	2360	0	1152	0	0	0	0	0	0	0	0	0	0	0	0	0	0	0	1782	0	5974	0	632	0	1156	0	1480	0	0	0	0	0	0	3416	1044	524	6538	0	254	92	176	0	92	0	400	0	268	0	0	0	0	0	320	0	0	0	0	0	0	0	0	0	0	0	0	0	0	0	0	0	0	0	0	0	0	0	0	0	0	
234620	Frontal_Inf_Tri_L	1032	0	13136	124	5464	0	24670	0	2192	0	12948	0	0	0	13440	0	536	0	3720	0	0	0	4012	0	0	0	0	0	22488	0	9464	520	642	0	0	0	0	0	0	0	0	0	0	0	0	0	0	0	0	0	0	0	0	0	0	0	826	0	0	0	0	0	0	0	0	0	0	0	0	0	224	0	996	0	0	0	0	0	0	0	116	0	760	0	0	0	0	0	0	0	0	0	0	0	0	0	0	0	0	0	0	0	0	0	0	0	0	0	0	0	0	0	0	0	0	0	
222416	Frontal_Inf_Tri_R	106	2760	122	8898	0	1332	0	21342	0	288	0	12522	0	0	0	7102	0	780	3272	3820	0	0	396	3840	0	0	0	0	0	24538	266	5386	166	4322	0	0	0	582	0	254	0	0	0	0	0	0	0	0	0	0	0	0	0	0	0	442	0	2094	0	316	0	560	0	876	0	0	0	0	0	0	206	456	0	3580	0	170	0	78	0	0	0	120	0	0	0	0	0	0	0	216	0	0	0	0	0	0	0	0	0	0	0	0	0	0	0	0	0	0	0	0	0	0	0	0	0	0	
160840	Frontal_Inf_Orb_L	0	0	5892	0	14854	874	2802	0	11112	0	0	0	13440	0	0	86	0	0	92	0	2612	1214	628	0	0	0	2778	1014	13042	0	2228	260	206	0	0	0	112	0	0	0	0	0	0	0	0	0	0	0	0	0	0	0	0	0	84	0	0	0	0	0	0	0	0	0	0	0	0	0	0	0	2022	462	2966	100	0	0	0	0	0	0	0	0	1540	0	0	0	0	0	0	0	0	0	0	0	0	0	0	0	0	0	0	0	0	0	0	0	0	0	0	0	0	0	0	0	0	0	
116420	Frontal_Inf_Orb_R	0	0	0	4286	86	5714	0	7190	0	3474	0	1000	0	7102	86	0	0	132	838	1256	492	2576	0	762	0	0	180	2976	0	8888	0	1546	0	878	0	0	0	146	0	234	0	148	0	0	0	0	0	0	0	0	0	0	0	0	0	334	0	0	0	0	0	0	0	0	0	0	0	0	0	0	1056	3144	0	2966	0	82	0	140	0	0	0	0	0	396	0	0	0	0	0	102	0	0	0	0	0	0	0	0	0	0	0	0	0	0	0	0	0	0	0	0	0	0	0	0	0	0	
300416	Rolandic_Oper_L	16638	0	6944	0	0	0	328	134	0	0	15806	104	536	0	0	0	0	0	6158	0	0	0	262	0	0	0	0	0	24734	0	2030	96	0	0	132	0	1462	82	358	0	0	0	0	0	0	0	0	0	0	0	372	0	762	0	2528	0	20084	0	0	0	4240	0	3006	0	490	0	0	0	550	0	6002	192	4298	874	336	506	0	0	6826	0	16146	0	1578	0	1852	0	0	0	3636	0	126	0	0	0	0	0	0	0	0	0	0	0	0	0	0	0	0	0	0	0	0	0	0	0	0	0	
105892	Rolandic_Oper_R	0	1850	0	2164	0	0	0	832	0	0	0	4622	0	780	0	132	0	0	284	4174	0	0	0	0	0	0	0	0	0	12088	136	104	0	192	0	0	216	1474	0	954	0	0	0	0	0	0	0	0	0	0	0	0	0	0	0	1266	0	4448	0	94	0	218	0	4144	0	0	0	0	0	0	926	574	364	4474	0	686	206	190	0	1466	0	2818	0	262	0	156	0	0	0	652	0	0	0	0	0	0	0	0	0	0	0	0	0	0	0	0	0	0	0	0	0	0	0	0	0	0	
782200	Supp_Motor_Area_L	24864	4174	73480	13822	464	0	9452	2338	0	0	4304	2530	3720	3272	92	838	6158	284	0	54824	0	0	7008	3022	0	0	0	0	7858	4334	10002	6216	7866	21780	126	226	1916	1316	536	686	0	0	254	0	104	0	160	0	0	0	1072	0	224	0	896	830	2344	362	392	0	1174	82	0	114	650	0	82	88	33600	774	19894	5964	16284	2622	6722	452	11046	2124	158	0	3204	0	110	0	800	0	0	0	712	298	0	0	0	0	0	0	0	0	0	0	0	0	0	0	0	0	0	0	0	0	0	0	0	0	0	0	
676548	Supp_Motor_Area_R	7706	10626	11938	38138	0	0	1080	2294	0	0	84	2794	0	3820	0	1256	0	4174	54824	0	0	0	418	5844	0	0	0	0	130	7340	2238	16294	9166	46306	454	1998	292	4662	0	2078	0	0	0	208	0	0	0	222	0	0	0	0	0	248	0	4086	0	2094	0	0	0	102	0	292	0	0	0	950	20668	20140	5036	15100	4452	10376	2950	1654	174	4732	0	458	0	1222	0	0	0	1612	0	0	0	5544	0	0	0	0	0	0	0	0	0	0	0	0	0	0	0	0	0	0	0	0	0	0	0	0	0	0	
108452	Olfactory_L	0	0	0	0	3280	3472	0	0	802	102	0	0	0	0	2612	492	0	0	0	0	0	7426	0	0	106	226	5480	5054	2766	336	2422	2588	0	0	0	0	594	0	420	0	412	0	0	0	0	0	0	0	0	0	0	0	0	0	260	0	0	0	0	0	0	0	0	0	0	0	0	0	0	0	8724	3936	1032	808	0	0	0	0	0	0	0	0	876	0	0	0	0	0	0	0	0	0	0	0	0	0	0	0	0	0	0	0	0	0	0	0	0	0	0	0	0	0	0	0	0	0	
124292	Olfactory_R	0	0	0	0	1796	6072	0	0	654	116	0	0	0	0	1214	2576	0	0	0	0	7426	0	0	0	0	364	4700	8664	0	2094	1668	2046	0	0	0	0	0	242	0	402	0	832	0	0	0	0	0	0	0	0	0	0	0	0	0	0	0	0	0	0	0	0	0	0	0	0	0	0	0	0	9828	7912	1412	1934	0	0	0	0	0	0	0	0	0	194	0	0	0	0	0	0	0	0	0	0	0	0	0	0	0	0	0	0	0	0	0	0	0	0	0	0	0	0	0	0	0	0	
312920	Frontal_Sup_Medial_L	258	0	40476	10598	3718	1062	20748	718	0	0	1514	0	4012	396	628	0	262	0	7008	418	0	0	0	14658	1790	1184	0	0	3982	366	17790	13346	2320	6808	0	0	204	0	0	0	0	0	0	0	0	0	0	0	0	0	0	0	0	0	0	0	0	0	0	0	0	0	0	0	0	0	0	0	0	0	478	164	1110	110	166	0	168	0	0	0	0	0	0	0	0	0	0	0	0	0	0	0	0	0	0	0	0	0	0	0	0	0	0	0	0	0	0	0	0	0	0	0	0	0	0	0	
293804	Frontal_Sup_Medial_R	106	128	974	32432	0	7052	90	2666	0	0	0	390	0	3840	0	762	0	0	3022	5844	0	0	14658	0	240	5826	0	136	0	4720	6802	29618	136	11004	0	0	0	278	0	0	0	0	0	0	0	0	0	0	0	0	0	0	0	0	0	112	0	0	0	0	0	0	0	0	0	0	0	0	84	0	198	8234	0	6740	0	198	0	612	0	0	0	0	0	0	0	0	0	0	0	0	0	0	0	0	0	0	0	0	0	0	0	0	0	0	0	0	0	0	0	0	0	0	0	0	0	0	
20232	Frontal_Med_Orb_L	0	0	222	0	3272	192	0	0	244	0	0	0	0	0	0	0	0	0	0	0	106	0	1790	240	0	588	1070	180	0	0	1780	218	0	0	0	0	0	0	0	0	0	0	0	0	0	0	0	0	0	0	0	0	0	0	0	0	0	0	0	0	0	0	0	0	0	0	0	0	0	0	214	0	0	0	0	0	0	0	0	0	0	0	0	0	0	0	0	0	0	0	0	0	0	0	0	0	0	0	0	0	0	0	0	0	0	0	0	0	0	0	0	0	0	0	0	0	
78724	Frontal_Med_Orb_R	0	0	0	1934	84	10334	0	0	0	0	0	0	0	0	0	0	0	0	0	0	226	364	1184	5826	588	0	214	3800	0	0	1212	5502	0	0	0	0	0	0	0	0	0	0	0	0	0	0	0	0	0	0	0	0	0	0	0	0	0	0	0	0	0	0	0	0	0	0	0	0	0	0	176	4456	0	3462	0	0	0	0	0	0	0	0	0	0	0	0	0	0	0	0	0	0	0	0	0	0	0	0	0	0	0	0	0	0	0	0	0	0	0	0	0	0	0	0	0	0	
85864	Rectus_L	0	0	0	0	6624	2234	0	0	3462	84	0	0	0	0	2778	180	0	0	0	0	5480	4700	0	0	1070	214	0	3614	446	96	1918	1818	0	0	0	0	0	0	0	0	0	0	0	0	0	0	0	0	0	0	0	0	0	0	0	0	0	0	0	0	0	0	0	0	0	0	0	0	0	0	4830	2254	458	596	0	0	0	0	0	0	0	0	76	0	0	0	0	0	0	0	0	0	0	0	0	0	0	0	0	0	0	0	0	0	0	0	0	0	0	0	0	0	0	0	0	0	
115552	Rectus_R	0	0	0	0	1376	11956	0	0	526	418	0	0	0	0	1014	2976	0	0	0	0	5054	8664	0	136	180	3800	3614	0	0	1548	1342	2140	0	0	0	0	0	0	0	78	0	204	0	0	0	0	0	0	0	0	0	0	0	0	0	0	0	0	0	0	0	0	0	0	0	0	0	0	0	0	5670	4882	716	1482	0	0	0	0	0	0	0	0	0	0	0	0	0	0	0	0	0	0	0	0	0	0	0	0	0	0	0	0	0	0	0	0	0	0	0	0	0	0	0	0	0	0	
489296	Insula_L	10830	0	14240	216	7862	0	9740	178	1698	0	18318	128	22488	0	13042	0	24734	0	7858	130	2766	0	3982	0	0	0	446	0	0	86	14214	786	250	0	156	114	8344	256	1946	192	1604	0	0	0	0	0	0	0	0	0	210	0	462	0	6504	212	7694	0	132	0	868	0	666	0	192	0	0	0	536	0	3768	248	16940	1270	98	706	910	0	8696	0	13574	0	6120	0	2302	0	0	0	5936	0	0	0	0	0	0	0	0	0	0	0	0	0	0	0	0	0	0	0	0	0	0	0	0	0	0	0	
400776	Insula_R	84	7250	444	11394	84	2384	0	15258	0	492	0	18198	0	24538	0	8888	0	12088	4334	7340	336	2094	366	4720	0	0	96	1548	86	0	426	7904	174	5772	0	0	168	6510	0	3110	0	1150	0	0	0	0	0	0	0	0	0	0	0	0	0	5096	0	3584	0	152	0	276	0	760	0	0	0	0	0	126	1980	2698	542	24122	0	544	164	878	0	1554	0	4814	0	904	0	1082	0	0	0	3876	0	0	0	0	0	0	0	0	0	0	0	0	0	0	0	0	0	0	0	0	0	0	0	0	0	0	
367580	Cingulum_Ant_L	4348	94	18804	9242	2648	1396	15086	1386	148	0	7334	194	9464	266	2228	0	2030	136	10002	2238	2422	1668	17790	6802	1780	1212	1918	1342	14214	426	0	18324	2584	5628	0	0	562	128	0	0	0	0	0	0	0	0	0	0	0	0	0	0	0	0	86	80	114	0	0	0	0	0	0	0	0	0	0	0	0	0	6134	958	8544	688	622	112	422	0	108	0	630	0	1448	0	0	0	0	0	0	0	0	0	0	0	0	0	0	0	0	0	0	0	0	0	0	0	0	0	0	0	0	0	0	0	0	0	
466136	Cingulum_Ant_R	692	242	2490	39430	602	6632	750	5940	158	0	264	530	520	5386	260	1546	96	104	6216	16294	2588	2046	13346	29618	218	5502	1818	2140	786	7904	18324	0	3466	27324	0	0	0	344	0	0	0	0	0	0	0	0	0	0	0	0	0	0	0	0	0	130	0	0	0	0	0	0	0	0	0	0	0	0	118	0	2444	15058	442	9924	0	386	0	990	0	0	0	0	0	0	0	0	0	0	0	0	0	0	0	0	0	0	0	0	0	0	0	0	0	0	0	0	0	0	0	0	0	0	0	0	0	0	
134680	Cingulum_Mid_L	214	290	1706	2316	106	0	1068	440	0	0	0	0	642	166	206	0	0	0	7866	9166	0	0	2320	136	0	0	0	0	250	174	2584	3466	0	12938	3292	1100	0	0	0	0	0	0	1016	192	944	1034	284	90	154	784	822	434	0	0	0	0	0	96	570	0	0	0	0	0	0	0	3290	2392	2730	1288	0	0	222	0	212	0	0	0	0	0	0	0	0	0	0	340	0	0	0	0	0	0	0	0	0	0	0	0	0	0	0	0	0	0	0	0	0	0	0	0	0	0	0	0	0	0	
445308	Cingulum_Mid_R	1908	2460	1280	19482	0	0	134	4660	0	0	0	1804	0	4322	0	878	0	192	21780	46306	0	0	6808	11004	0	0	0	0	0	5772	5628	27324	12938	0	772	6200	0	432	0	294	0	0	0	1510	0	1242	0	962	0	342	0	578	0	74	0	368	0	640	0	0	0	0	0	0	0	0	738	6736	9436	11816	272	320	1416	1358	1264	0	0	216	0	0	0	0	0	0	0	552	0	0	0	436	0	0	0	0	0	0	0	0	0	0	0	0	0	0	0	0	0	0	0	0	0	0	0	0	0	0	
113336	Cingulum_Post_L	742	234	0	0	0	0	0	0	0	0	0	0	0	0	0	0	132	0	126	454	0	0	0	0	0	0	0	0	156	0	0	0	3292	772	0	10402	3892	4478	1824	2548	0	0	1842	0	722	0	2404	234	0	0	188	0	1748	134	2988	2182	606	0	82	0	306	0	0	0	0	0	3606	2798	3518	420	0	0	0	0	0	0	0	788	284	0	0	0	0	0	146	0	0	0	1134	594	412	0	0	0	0	0	74	0	0	0	0	0	0	0	0	0	0	0	0	0	406	0	0	0	0	0	
156520	Cingulum_Post_R	106	2714	0	0	0	0	0	0	0	0	0	0	0	0	0	0	0	0	226	1998	0	0	0	0	0	0	0	0	114	0	0	0	1100	6200	10402	0	3602	6256	1930	3790	0	0	0	998	340	466	1252	4408	0	0	0	182	322	536	522	4392	0	1066	0	0	0	0	0	0	0	0	1986	12096	514	4000	0	0	0	0	0	0	0	852	220	0	0	0	0	0	0	482	0	0	0	3474	268	0	0	0	0	0	0	256	0	0	0	0	0	0	0	0	0	0	0	0	1190	0	0	0	0	0	
263660	Hippocampus_L	5122	188	1974	422	0	0	2144	460	0	0	626	84	0	0	112	0	1462	216	1916	292	594	0	204	0	0	0	0	0	8344	168	562	0	0	0	3892	3602	0	3602	17922	1804	7228	0	754	0	0	0	6628	134	0	0	0	0	258	0	16634	500	930	98	0	0	0	0	0	0	0	0	2530	1028	376	0	1532	0	11264	428	1582	80	7480	1916	2290	0	800	0	666	0	140	0	0	0	7900	148	704	0	0	0	78	0	1192	74	668	0	0	0	0	0	0	0	0	0	0	0	78	0	0	0	0	0	
414792	Hippocampus_R	384	7548	996	6516	0	0	116	1754	0	0	98	2360	0	582	0	146	82	1474	1316	4662	0	242	0	278	0	0	0	0	256	6510	128	344	0	432	4478	6256	3602	0	2064	37296	0	8462	0	292	0	0	1318	4388	0	0	0	0	82	108	288	42674	0	652	0	86	0	226	0	368	0	104	592	4296	194	1104	1174	400	456	19874	150	408	474	5016	300	364	0	1490	0	772	0	2766	0	0	96	15190	78	0	0	0	90	0	126	1736	0	0	0	0	0	0	0	0	0	0	0	0	1282	0	0	0	0	0	
134000	ParaHippocampal_L	908	0	306	0	0	0	102	0	0	0	0	0	0	0	0	0	358	0	536	0	420	0	0	0	0	0	0	0	1946	0	0	0	0	0	1824	1930	17922	2064	0	984	1232	0	170	0	0	0	9016	80	0	0	280	0	858	0	11536	84	168	0	0	0	0	0	0	0	0	0	1608	756	0	0	90	0	2810	0	0	0	1718	1266	0	0	0	0	404	0	0	0	180	0	992	0	1150	0	0	0	482	0	1896	0	924	0	0	0	0	0	0	0	0	0	0	0	0	0	0	0	0	0	
298144	ParaHippocampal_R	130	4636	566	1904	0	0	0	388	0	0	80	1152	0	254	0	234	0	954	686	2078	0	402	0	0	0	0	0	78	192	3110	0	0	0	294	2548	3790	1804	37296	984	0	0	8552	0	318	0	0	562	7796	0	0	0	0	80	190	222	31914	0	370	0	0	0	0	0	88	0	0	478	3436	84	976	528	82	178	7810	0	362	152	2246	244	326	0	150	0	2948	0	428	0	864	74	8338	0	0	0	0	0	552	0	3230	0	0	0	0	0	0	0	0	0	0	0	284	1650	0	0	0	0	0	
33180	Amygdala_L	0	0	0	0	0	0	0	0	0	0	0	0	0	0	0	0	0	0	0	0	412	0	0	0	0	0	0	0	1604	0	0	0	0	0	0	0	7228	0	1232	0	0	0	0	0	0	0	0	0	0	0	0	0	0	0	3340	0	0	0	0	0	0	0	0	0	0	0	0	0	0	0	74	0	128	0	0	0	0	0	0	0	0	0	558	0	0	0	74	0	1940	0	0	0	0	0	0	0	0	0	0	0	0	0	0	0	0	0	0	0	0	0	0	0	0	0	0	0	
61132	Amygdala_R	0	0	0	0	0	0	0	0	0	0	0	0	0	0	0	148	0	0	0	0	0	832	0	0	0	0	0	204	0	1150	0	0	0	0	0	0	0	8462	0	8552	0	0	0	0	0	0	0	0	0	0	0	0	0	0	0	5912	0	0	0	0	0	0	0	0	0	0	0	0	0	0	0	0	0	1722	0	0	0	0	0	0	0	0	0	2564	0	146	0	156	0	718	0	0	0	0	0	0	0	0	0	0	0	0	0	0	0	0	0	0	0	0	0	0	0	0	0	0	
275340	Calcarine_L	92	0	0	0	0	0	0	0	0	0	0	0	0	0	0	0	0	0	254	0	0	0	0	0	0	0	0	0	0	0	0	0	1016	0	1842	0	754	0	170	0	0	0	0	7060	18964	5248	18716	3080	7304	978	23896	0	10458	136	3816	0	440	0	74	138	270	0	0	0	802	0	17886	590	2492	0	0	0	0	0	0	0	0	0	0	0	0	0	0	0	8512	0	0	0	2226	0	246	0	0	0	0	0	0	0	0	210	0	0	0	0	0	0	0	0	0	0	0	0	0	0	0	0	
293764	Calcarine_R	0	782	0	0	0	0	0	0	0	0	0	0	0	0	0	0	0	0	0	208	0	0	0	0	0	0	0	0	0	0	0	0	192	1510	0	998	0	292	0	318	0	0	7060	0	5280	24956	1020	18280	752	15716	424	10864	376	7714	0	6610	0	4828	0	2142	0	0	0	0	0	0	782	22596	0	4248	0	0	0	0	0	0	0	0	0	0	0	0	0	0	0	4250	0	0	0	3676	0	0	0	0	0	0	0	180	0	260	0	0	0	0	0	0	0	0	0	0	568	0	0	0	0	0	
186392	Cuneus_L	0	0	0	0	0	0	0	0	0	0	0	0	0	0	0	0	0	0	104	0	0	0	0	0	0	0	0	0	0	0	0	0	944	0	722	340	0	0	0	0	0	0	18964	5280	0	7782	3968	128	17808	1462	13938	0	2368	0	304	0	106	0	1810	108	146	0	0	0	116	0	12612	1296	888	0	0	0	0	0	0	0	0	0	0	0	0	0	0	0	1688	0	0	0	314	0	0	0	0	0	0	0	0	0	0	0	0	0	0	0	0	0	0	0	0	0	0	0	0	0	0	0	
268500	Cuneus_R	0	96	0	0	0	0	0	0	0	0	0	0	0	0	0	0	0	0	0	0	0	0	0	0	0	0	0	0	0	0	0	0	1034	1242	0	466	0	0	0	0	0	0	5248	24956	7782	0	136	1532	1274	29854	720	11640	580	612	0	284	0	3356	0	6140	0	0	0	0	0	802	2702	26220	0	4662	0	0	0	0	0	0	0	0	0	0	0	0	0	0	0	2372	0	0	0	192	0	0	0	0	0	0	0	0	0	0	0	0	0	0	0	0	0	0	0	0	348	0	0	0	0	0	
385780	Lingual_L	348	0	0	0	0	0	0	0	0	0	0	0	0	0	0	0	0	0	160	0	0	0	0	0	0	0	0	0	0	0	0	0	284	0	2404	1252	6628	1318	9016	562	0	0	18716	1020	3968	136	0	2124	1726	0	16172	0	10412	154	24842	156	318	0	0	0	128	0	0	0	196	0	11960	546	1002	0	0	0	0	0	0	0	864	730	0	0	0	0	0	0	3466	0	0	0	1064	0	16232	1348	4566	2040	82	154	13914	166	19626	912	1068	0	1150	142	128	508	0	0	96	162	1622	3596	2032	532	572	570	
257604	Lingual_R	0	372	0	0	0	0	0	0	0	0	0	0	0	0	0	0	0	0	0	222	0	0	0	0	0	0	0	0	0	0	0	0	90	962	234	4408	134	4388	80	7796	0	0	3080	18280	128	1532	2124	0	0	1798	0	1878	0	11028	110	22458	0	752	0	106	0	0	0	0	0	0	110	12696	0	1408	0	0	0	106	0	0	0	290	0	0	0	0	0	0	0	1190	0	0	0	3640	520	2082	790	1514	0	758	1546	5260	534	5088	0	0	0	0	0	0	0	0	0	290	5120	2412	1488	0	0	0	
170644	Occipital_Sup_L	0	0	0	0	0	0	0	0	0	0	0	0	0	0	0	0	0	0	0	0	0	0	0	0	0	0	0	0	0	0	0	0	154	0	0	0	0	0	0	0	0	0	7304	752	17808	1274	1726	0	0	214	32164	0	2210	0	380	0	616	0	6554	0	4002	0	0	0	616	0	8798	112	516	0	0	0	0	0	0	0	0	0	0	0	0	0	0	0	122	0	0	0	0	0	0	0	0	0	0	0	0	0	0	0	0	0	0	0	0	0	0	0	0	0	0	0	0	0	0	0	
242804	Occipital_Sup_R	0	0	0	0	0	0	0	0	0	0	0	0	0	0	0	0	0	0	0	0	0	0	0	0	0	0	0	0	0	0	0	0	784	342	0	0	0	0	0	0	0	0	978	15716	1462	29854	0	1798	214	0	150	25648	146	1270	0	218	0	2072	0	9778	0	806	0	0	0	7186	1100	16762	0	2528	0	0	0	0	0	0	0	0	0	0	0	0	0	0	0	2590	0	0	0	0	0	0	0	0	0	0	0	0	0	0	0	0	0	0	0	0	0	0	0	0	0	0	0	0	0	0	
515524	Occipital_Mid_L	882	0	0	0	0	0	0	0	0	0	104	0	0	0	0	0	372	0	1072	0	0	0	0	0	0	0	0	0	210	0	0	0	822	0	188	0	0	0	280	0	0	0	23896	424	13938	720	16172	0	32164	150	0	0	29924	0	7954	0	8304	0	15840	0	19830	0	150	0	21294	0	14190	112	13052	0	0	0	0	0	0	0	0	0	0	0	868	0	0	0	27622	0	0	0	6188	0	472	0	108	0	0	0	184	0	276	0	0	0	0	0	0	0	0	0	0	0	0	0	0	0	0	0	
263100	Occipital_Mid_R	0	648	0	0	0	0	0	0	0	0	0	0	0	0	0	0	0	0	0	0	0	0	0	0	0	0	0	0	0	0	0	0	434	578	0	182	0	0	0	0	0	0	0	10864	0	11640	0	1878	0	25648	0	0	0	5856	0	808	0	3628	0	5490	0	4618	0	358	0	19436	464	11352	0	4080	0	0	0	0	0	0	0	0	0	0	0	398	0	0	0	21702	0	0	0	1488	0	0	0	0	0	0	0	0	0	0	0	0	0	0	0	0	0	0	0	0	0	0	0	0	0	0	
233776	Occipital_Inf_L	1330	0	0	0	0	0	0	0	0	0	78	0	0	0	0	0	762	0	224	0	0	0	0	0	0	0	0	0	462	0	0	0	0	0	1748	322	258	82	858	80	0	0	10458	376	2368	580	10412	0	2210	146	29924	0	0	0	19598	80	2504	0	118	0	1154	0	1270	0	714	0	3750	174	4656	0	0	0	0	0	0	0	0	0	138	0	1158	0	0	0	6450	0	0	0	9434	0	1990	0	74	0	0	0	412	0	536	0	0	0	0	0	0	0	0	0	0	0	0	0	0	0	0	0	
110300	Occipital_Inf_R	0	520	0	0	0	0	0	0	0	0	0	0	0	0	0	0	0	0	0	248	0	0	0	0	0	0	0	0	0	0	0	0	0	74	134	536	0	108	0	190	0	0	136	7714	0	612	154	11028	0	1270	0	5856	0	0	0	13150	0	554	0	214	0	0	0	0	0	248	0	1286	0	422	0	0	0	0	0	0	0	160	0	0	0	0	0	0	0	2294	0	0	0	6992	0	0	0	0	0	0	0	0	0	244	0	0	0	0	0	0	0	0	0	0	776	230	0	0	0	0	
563596	Fusiform_L	3688	0	420	0	0	0	110	0	0	0	374	0	0	0	84	0	2528	0	896	0	260	0	0	0	0	0	0	0	6504	0	86	0	0	0	2988	522	16634	288	11536	222	3340	0	3816	0	304	0	24842	110	380	0	7954	0	19598	0	0	258	3518	0	274	0	1848	0	2414	0	158	0	2708	136	2836	0	188	0	4782	0	0	0	1708	114	1980	0	6474	0	1770	0	5272	0	1240	0	26946	0	30982	882	8388	1308	256	160	14298	0	33350	418	3816	80	6624	250	724	586	176	0	84	182	1468	2412	1390	628	654	574	
533068	Fusiform_R	186	7488	654	3274	0	0	0	1224	0	0	0	1782	0	442	0	334	0	1266	830	4086	0	0	0	112	0	0	0	0	212	5096	80	130	0	368	2182	4392	500	42674	84	31914	0	5912	0	6610	0	284	156	22458	0	218	0	808	80	13150	258	0	0	836	0	0	0	122	0	262	0	0	82	4474	128	2340	736	178	312	12338	96	340	260	1102	290	382	0	1332	0	4540	0	3388	0	534	84	29440	112	10724	0	1764	0	506	1204	7678	146	14590	0	242	0	1240	0	454	0	0	0	366	2332	1240	664	228	204	0	
386364	Postcentral_L	31828	0	1592	0	0	0	1034	0	0	0	12848	0	826	0	0	0	20084	0	2344	0	0	0	0	0	0	0	0	0	7694	0	114	0	0	0	606	0	930	0	168	0	0	0	440	0	106	0	318	0	616	0	8304	0	2504	0	3518	0	0	0	9714	0	34124	0	8290	0	5194	0	2412	0	7328	0	6964	0	3012	0	266	0	166	0	3428	0	6462	0	0	0	5620	0	0	0	4234	0	94	0	0	0	0	0	0	0	0	0	0	0	0	0	0	0	0	0	0	0	0	0	0	0	0	0	
439776	Postcentral_R	324	20468	200	1920	0	0	0	2620	0	0	0	5974	0	2094	0	0	0	4448	362	2094	0	0	0	0	0	0	0	0	0	3584	0	0	96	640	0	1066	98	652	0	370	0	0	0	4828	0	3356	0	752	0	2072	0	3628	0	554	0	836	0	0	0	12812	0	11358	0	18310	0	5038	248	25620	322	36052	466	558	246	486	90	0	96	92	0	136	0	10612	0	0	0	20862	0	0	0	13448	0	0	0	0	0	0	0	0	0	0	0	0	0	0	0	0	0	0	0	0	0	0	0	0	0	0	
140572	Parietal_Sup_L	0	0	0	0	0	0	0	0	0	0	0	0	0	0	0	0	0	0	392	0	0	0	0	0	0	0	0	0	132	0	0	0	570	0	82	0	0	0	0	0	0	0	74	0	1810	0	0	0	6554	0	15840	0	118	0	274	0	9714	0	0	0	13780	0	0	0	3226	0	10198	0	5330	0	0	0	0	0	0	0	0	0	0	0	158	0	0	0	1408	0	0	0	626	0	0	0	0	0	0	0	0	0	0	0	0	0	0	0	0	0	0	0	0	0	0	0	0	0	0	0	
155644	Parietal_Sup_R	0	972	0	200	0	0	0	472	0	0	0	632	0	316	0	0	0	94	0	0	0	0	0	0	0	0	0	0	0	152	0	0	0	0	0	0	0	86	0	0	0	0	138	2142	108	6140	0	106	0	9778	0	5490	0	214	0	0	0	12812	0	0	0	8576	0	5486	0	6096	186	10478	0	2806	116	0	124	0	0	0	0	0	0	0	0	710	0	0	0	1752	0	0	0	1640	0	0	0	0	0	0	0	0	0	0	0	0	0	0	0	0	0	0	0	0	0	0	0	0	0	0	
314896	Parietal_Inf_L	4354	0	0	0	0	0	184	0	0	0	3260	0	0	0	0	0	4240	0	1174	0	0	0	0	0	0	0	0	0	868	0	0	0	0	0	306	0	0	0	0	0	0	0	270	0	146	0	128	0	4002	0	19830	0	1154	0	1848	0	34124	0	13780	0	0	0	12356	0	24686	0	1328	0	4194	0	464	0	74	0	0	0	0	0	146	0	3678	0	0	0	14834	0	0	0	6020	0	0	0	0	0	0	0	0	0	0	0	0	0	0	0	0	0	0	0	0	0	0	0	0	0	0	0	
144932	Parietal_Inf_R	0	1398	126	396	0	0	0	1030	0	0	0	1156	0	560	0	0	0	218	82	102	0	0	0	0	0	0	0	0	0	276	0	0	0	0	0	0	0	226	0	0	0	0	0	0	0	0	0	0	0	806	0	4618	0	0	0	122	0	11358	0	8576	0	0	0	13186	0	15452	0	1386	0	2678	216	0	212	0	104	0	0	0	0	0	0	1416	0	0	0	4228	0	0	0	2538	0	0	0	0	0	0	0	0	0	0	0	0	0	0	0	0	0	0	0	0	0	0	0	0	0	0	
130876	SupraMarginal_L	2220	0	0	0	0	0	124	0	0	0	188	0	0	0	0	0	3006	0	0	0	0	0	0	0	0	0	0	0	666	0	0	0	0	0	0	0	0	0	0	0	0	0	0	0	0	0	0	0	0	0	150	0	1270	0	2414	0	8290	0	0	0	12356	0	0	0	7360	0	0	0	784	0	0	0	0	0	0	0	0	0	762	0	11808	0	0	0	9818	0	0	0	4030	0	192	0	0	0	0	0	0	0	0	0	0	0	0	0	0	0	0	0	0	0	0	0	0	0	0	0	
161220	SupraMarginal_R	0	2578	162	908	0	0	0	2048	0	0	0	1480	0	876	0	0	0	4144	114	292	0	0	0	0	0	0	0	0	0	760	0	0	0	0	0	0	0	368	0	88	0	0	0	0	0	0	0	0	0	0	0	358	0	0	0	262	0	18310	0	5486	0	13186	0	0	0	6748	0	860	0	1942	388	88	284	0	138	0	0	0	0	80	0	10166	0	0	0	5344	0	0	0	3152	0	0	0	0	0	0	0	0	0	0	0	0	0	0	0	0	0	0	0	0	0	0	0	0	0	0	
185276	Angular_L	210	0	0	0	0	0	0	0	0	0	0	0	0	0	0	0	490	0	650	0	0	0	0	0	0	0	0	0	192	0	0	0	0	0	0	0	0	0	0	0	0	0	802	0	116	0	196	0	616	0	21294	0	714	0	158	0	5194	0	3226	0	24686	0	7360	0	0	0	240	0	2626	0	0	0	0	0	0	0	0	0	0	0	2530	0	0	0	17850	0	0	0	3488	0	0	0	0	0	0	0	0	0	0	0	0	0	0	0	0	0	0	0	0	0	0	0	0	0	0	0	
168864	Angular_R	0	0	0	0	0	0	0	0	0	0	0	0	0	0	0	0	0	0	0	0	0	0	0	0	0	0	0	0	0	0	0	0	0	0	0	0	0	104	0	0	0	0	0	0	0	802	0	0	0	7186	0	19436	0	248	0	0	0	5038	0	6096	0	15452	0	6748	0	0	0	2590	0	3580	0	0	0	0	0	0	0	0	0	0	0	4268	0	0	0	11268	0	0	0	1616	0	0	0	0	0	0	0	0	0	0	0	0	0	0	0	0	0	0	0	0	0	0	0	0	0	0	
247736	Precuneus_L	0	0	0	0	0	0	0	0	0	0	0	0	0	0	0	0	0	0	82	0	0	0	0	0	0	0	0	0	0	0	0	0	3290	738	3606	1986	2530	592	1608	478	0	0	17886	782	12612	2702	11960	110	8798	1100	14190	464	3750	0	2708	82	2412	248	10198	186	1328	0	0	0	240	0	0	6904	3830	798	0	0	0	0	0	0	0	0	0	0	0	0	0	0	3096	288	0	0	1426	0	298	0	0	0	0	0	256	0	134	0	0	0	0	0	0	0	0	0	0	0	172	0	0	0	0	0	
479896	Precuneus_R	0	3208	0	0	0	0	0	0	0	0	0	0	0	0	0	0	0	0	88	950	0	0	0	0	0	0	0	0	0	0	0	0	2392	6736	2798	12096	1028	4296	756	3436	0	0	590	22596	1296	26220	546	12696	112	16762	112	11352	174	1286	136	4474	0	25620	0	10478	0	1386	0	860	0	2590	6904	0	250	29546	0	0	0	0	0	0	0	200	0	0	0	1904	0	0	0	11644	0	0	0	7734	108	0	0	0	0	0	0	1560	0	0	0	0	0	0	0	0	0	0	0	0	3028	0	0	0	0	0	
431556	Paracentral_Lobule_L	30260	4602	7856	5860	0	0	1490	184	0	0	0	0	0	0	0	0	550	0	33600	20668	0	0	0	84	0	0	0	0	536	0	0	118	2730	9436	3518	514	376	194	0	84	0	0	2492	0	888	0	1002	0	516	0	13052	0	4656	0	2836	128	7328	322	5330	0	4194	0	784	0	2626	0	3830	250	0	8284	4732	2468	646	0	1266	0	11832	3458	328	0	730	0	0	0	5570	0	0	0	3460	110	0	0	0	0	0	0	0	0	0	0	0	0	0	0	0	0	0	0	0	0	0	0	0	0	0	0	
388424	Paracentral_Lobule_R	2760	11086	0	0	0	0	0	0	0	0	0	0	0	0	0	0	0	0	774	20140	0	0	0	0	0	0	0	0	0	126	0	0	1288	11816	420	4000	0	1104	0	976	0	0	0	4248	0	4662	0	1408	0	2528	0	4080	0	422	0	2340	0	36052	0	2806	0	2678	0	1942	0	3580	798	29546	8284	0	0	0	0	0	0	0	0	0	0	154	0	5396	0	0	0	16380	0	0	0	12418	0	0	0	0	0	0	0	0	0	0	0	0	0	0	0	0	0	0	0	0	0	0	0	0	0	0	
418016	Caudate_L	15838	1670	17362	2156	3250	4820	2340	5426	790	0	956	3416	224	206	2022	1056	6002	926	19894	5036	8724	9828	478	198	214	176	4830	5670	3768	1980	6134	2444	0	272	0	0	1532	1174	90	528	74	0	0	0	0	0	0	0	0	0	0	0	0	0	188	736	6964	466	0	116	464	216	0	388	0	0	0	0	4732	0	0	11216	16238	5858	3264	562	11070	654	2174	0	1080	0	568	0	0	0	0	0	132	418	0	0	0	0	0	0	0	0	0	0	0	0	0	0	0	0	0	0	0	0	0	0	0	0	0	0	
349616	Caudate_R	1442	5112	2884	14810	968	9730	0	1998	442	74	164	1044	0	456	462	3144	192	574	5964	15100	3936	7912	164	8234	0	4456	2254	4882	248	2698	958	15058	0	320	0	0	0	400	0	82	0	0	0	0	0	0	0	0	0	0	0	0	0	0	0	178	0	558	0	0	0	0	0	88	0	0	0	0	2468	0	11216	0	2558	19742	0	3012	0	18596	0	0	0	82	0	0	0	0	0	0	0	148	0	0	0	0	0	0	0	0	0	0	0	0	0	0	0	0	0	0	0	0	0	0	0	0	0	0	
335440	Putamen_L	8394	448	13902	1154	3478	602	5820	1344	912	0	1772	524	996	0	2966	0	4298	364	16284	4452	1032	1412	1110	0	0	0	458	716	16940	542	8544	442	222	1416	0	0	11264	456	2810	178	128	0	0	0	0	0	0	0	0	0	0	0	0	0	4782	312	3012	246	0	124	74	212	0	284	0	0	0	0	646	0	16238	2558	0	1702	11612	208	5650	226	944	0	1322	0	434	0	176	0	0	0	1396	182	0	0	0	0	0	0	0	0	0	0	0	0	0	0	0	0	0	0	0	0	0	0	0	0	0	0	
424356	Putamen_R	414	2974	1914	19742	178	7562	364	7394	0	584	914	6538	0	3580	100	2966	874	4474	2622	10376	808	1934	110	6740	0	3462	596	1482	1270	24122	688	9924	0	1358	0	0	428	19874	0	7810	0	1722	0	0	0	0	0	106	0	0	0	0	0	0	0	12338	0	486	0	0	0	0	0	0	0	0	0	0	0	0	5858	19742	1702	0	254	5348	392	2944	0	104	160	1514	480	546	0	1304	0	0	0	3002	0	0	0	0	0	0	0	0	0	0	0	0	0	0	0	0	0	0	0	0	0	0	0	0	0	0	
88572	Pallidum_L	3684	246	4160	370	0	0	1358	438	0	0	156	0	0	0	0	0	336	0	6722	2950	0	0	166	0	0	0	0	0	98	0	622	0	212	1264	0	0	1582	150	0	0	0	0	0	0	0	0	0	0	0	0	0	0	0	0	0	96	266	90	0	0	0	104	0	138	0	0	0	0	1266	0	3264	0	11612	254	0	0	2454	98	130	0	0	0	0	0	0	0	0	0	0	0	0	0	0	0	0	0	0	0	0	0	0	0	0	0	0	0	0	0	0	0	0	0	0	0	0	0	
37116	Pallidum_R	0	0	514	796	0	0	0	78	0	0	530	254	0	170	0	82	506	686	452	1654	0	0	0	198	0	0	0	0	706	544	112	386	0	0	0	0	80	408	0	362	0	0	0	0	0	0	0	0	0	0	0	0	0	0	0	340	0	0	0	0	0	0	0	0	0	0	0	0	0	0	562	3012	208	5348	0	0	76	0	0	0	96	86	312	0	0	0	0	0	0	0	0	0	0	0	0	0	0	0	0	0	0	0	0	0	0	0	0	0	0	0	0	0	0	0	0	0	
187972	Thalamus_L	19752	192	7112	390	0	0	4288	432	0	0	0	92	0	0	0	0	0	206	11046	174	0	0	168	0	0	0	0	0	910	164	422	0	0	0	0	0	7480	474	1718	152	0	0	0	0	0	0	864	0	0	0	0	0	0	0	1708	260	166	96	0	0	0	0	0	0	0	0	0	0	11832	0	11070	0	5650	392	2454	76	0	1580	320	0	208	0	0	0	0	0	0	0	1584	132	78	0	0	0	0	0	230	0	114	0	0	0	0	0	0	0	0	0	0	0	0	0	0	0	0	0	
151020	Thalamus_R	1330	10038	446	9538	0	96	112	552	0	0	0	176	0	78	0	140	0	190	2124	4732	0	0	0	612	0	0	0	0	0	878	0	990	0	216	788	852	1916	5016	1266	2246	0	0	0	0	0	0	730	290	0	0	0	0	0	160	114	1102	0	92	0	0	0	0	0	0	0	0	0	200	3458	0	654	18596	226	2944	98	0	1580	0	96	0	0	0	0	0	0	0	0	0	0	602	0	0	0	0	0	0	96	140	0	0	0	0	0	0	0	0	0	0	0	0	0	0	0	0	0	0	
92108	Heschl_L	5562	0	136	0	0	0	1678	0	0	0	1312	0	0	0	0	0	6826	0	158	0	0	0	0	0	0	0	0	0	8696	0	108	0	0	0	284	220	2290	300	0	244	0	0	0	0	0	0	0	0	0	0	0	0	138	0	1980	290	3428	0	0	0	146	0	762	0	0	0	0	0	328	0	2174	0	944	0	130	0	320	96	0	0	3576	0	0	0	1116	0	0	0	2812	0	0	0	0	0	0	0	0	0	0	0	0	0	0	0	0	0	0	0	0	0	0	0	0	0	0	0	
20248	Heschl_R	0	352	0	122	0	0	0	0	0	0	0	92	0	0	0	0	0	1466	0	458	0	0	0	0	0	0	0	0	0	1554	0	0	0	0	0	0	0	364	0	326	0	0	0	0	0	0	0	0	0	0	0	0	0	0	0	382	0	136	0	0	0	0	0	80	0	0	0	0	0	154	0	0	0	104	0	0	0	0	0	0	0	3132	0	0	0	972	0	0	0	430	0	0	0	0	0	0	0	0	0	0	0	0	0	0	0	0	0	0	0	0	0	0	0	0	0	0	
250128	Temporal_Sup_L	3628	0	3074	0	0	0	142	0	0	0	2938	0	116	0	0	0	16146	0	3204	0	0	0	0	0	0	0	0	0	13574	0	630	0	0	0	0	0	800	0	0	0	0	0	0	0	0	0	0	0	0	0	868	0	1158	0	6474	0	6462	0	158	0	3678	0	11808	0	2530	0	0	0	730	0	1080	0	1322	160	0	96	208	0	3576	0	0	0	1432	0	22070	0	0	0	16736	0	266	0	0	0	0	0	0	0	0	0	0	0	0	0	0	0	0	0	0	0	0	0	0	0	0	0	
177612	Temporal_Sup_R	0	1800	0	234	0	0	0	240	0	0	0	400	0	120	0	0	0	2818	0	1222	0	0	0	0	0	0	0	0	0	4814	0	0	0	0	0	0	0	1490	0	150	0	0	0	0	0	0	0	0	0	0	0	398	0	0	0	1332	0	10612	0	710	0	1416	0	10166	0	4268	0	1904	0	5396	0	82	0	1514	0	86	0	0	0	3132	0	0	0	2806	0	22788	0	232	0	8676	0	0	0	0	0	0	0	0	0	0	0	0	0	0	0	0	0	0	0	0	0	0	0	0	0	0	
63324	Temporal_Pole_Sup_L	0	0	312	0	1102	0	90	0	0	0	3680	0	760	0	1540	0	1578	0	110	0	876	0	0	0	0	0	76	0	6120	0	1448	0	0	0	0	0	666	0	404	0	558	0	0	0	0	0	0	0	0	0	0	0	0	0	1770	0	0	0	0	0	0	0	0	0	0	0	0	0	0	0	568	0	434	480	0	312	0	0	0	0	1432	0	0	0	2776	0	1584	0	2986	0	0	0	0	0	0	0	0	0	0	0	0	0	0	0	0	0	0	0	0	0	0	0	0	0	0	0	
45276	Temporal_Pole_Sup_R	0	0	0	0	0	0	0	0	0	0	0	268	0	0	0	396	0	262	0	0	0	194	0	0	0	0	0	0	0	904	0	0	0	0	0	0	0	772	0	2948	0	2564	0	0	0	0	0	0	0	0	0	0	0	0	0	4540	0	0	0	0	0	0	0	0	0	0	0	0	0	0	0	0	0	546	0	0	0	0	0	0	0	2806	0	0	0	2188	0	1928	0	2322	0	0	0	0	0	0	0	0	0	0	0	0	0	0	0	0	0	0	0	0	0	0	0	0	0	0	
368780	Temporal_Mid_L	1098	0	0	0	0	0	0	0	0	0	0	0	0	0	0	0	1852	0	800	0	0	0	0	0	0	0	0	0	2302	0	0	0	0	0	146	0	140	0	0	0	0	0	8512	0	1688	0	3466	0	122	0	27622	0	6450	0	5272	0	5620	0	1408	0	14834	0	9818	0	17850	0	3096	0	5570	0	0	0	176	0	0	0	0	0	1116	0	22070	0	2776	0	0	0	2860	0	37374	0	272	0	0	0	0	0	0	0	80	0	0	0	0	0	0	0	0	0	0	0	0	0	0	0	0	0	
354328	Temporal_Mid_R	0	2952	0	0	0	0	0	0	0	0	0	0	0	0	0	0	0	156	0	1612	0	0	0	0	0	0	0	0	0	1082	0	0	340	552	0	482	0	2766	0	428	0	146	0	4250	0	2372	0	1190	0	2590	0	21702	0	2294	0	3388	0	20862	0	1752	0	4228	0	5344	0	11268	288	11644	0	16380	0	0	0	1304	0	0	0	0	0	972	0	22788	0	2188	0	0	0	902	0	28942	0	0	0	0	0	0	0	0	0	0	0	0	0	0	0	0	0	0	0	0	0	0	0	0	0	0	
16904	Temporal_Pole_Mid_L	0	0	0	0	0	0	0	0	0	0	0	0	0	0	0	0	0	0	0	0	0	0	0	0	0	0	0	0	0	0	0	0	0	0	0	0	0	0	180	0	74	0	0	0	0	0	0	0	0	0	0	0	0	0	1240	0	0	0	0	0	0	0	0	0	0	0	0	0	0	0	0	0	0	0	0	0	0	0	0	0	0	0	1584	0	2860	0	0	0	2514	0	0	0	0	0	0	0	0	0	0	0	0	0	0	0	0	0	0	0	0	0	0	0	0	0	0	0	
10084	Temporal_Pole_Mid_R	0	0	0	0	0	0	0	0	0	0	0	0	0	0	0	0	0	0	0	0	0	0	0	0	0	0	0	0	0	0	0	0	0	0	0	0	0	0	0	864	0	156	0	0	0	0	0	0	0	0	0	0	0	0	0	534	0	0	0	0	0	0	0	0	0	0	0	0	0	0	0	0	0	0	0	0	0	0	0	0	0	232	0	1928	0	902	0	0	0	426	0	0	0	0	0	0	0	0	0	0	0	0	0	0	0	0	0	0	0	0	0	0	0	0	0	0	
337992	Temporal_Inf_L	2984	0	168	0	0	0	0	0	0	0	358	0	0	0	0	0	3636	0	712	0	0	0	0	0	0	0	0	0	5936	0	0	0	0	0	1134	0	7900	96	992	74	1940	0	2226	0	314	0	1064	0	0	0	6188	0	9434	0	26946	84	4234	0	626	0	6020	0	4030	0	3488	0	1426	0	3460	0	132	0	1396	0	0	0	1584	0	2812	0	16736	0	2986	0	37374	0	2514	0	0	0	3326	0	1000	0	0	0	616	0	1184	0	896	0	970	0	0	0	0	0	0	0	0	0	0	0	0	0	
388684	Temporal_Inf_R	0	10324	256	1070	0	0	0	416	0	0	0	320	0	216	0	102	0	652	298	5544	0	0	0	0	0	0	0	0	0	3876	0	0	0	436	594	3474	148	15190	0	8338	0	718	0	3676	0	192	0	3640	0	0	0	1488	0	6992	0	29440	0	13448	0	1640	0	2538	0	3152	0	1616	0	7734	110	12418	418	148	182	3002	0	0	132	602	0	430	0	8676	0	2322	0	28942	0	426	0	0	0	3166	0	494	0	708	0	1098	0	1320	0	300	0	1146	0	298	0	0	0	84	0	0	130	138	124	0	
506764	Cerebelum_Crus1_L	0	0	0	0	0	0	0	0	0	0	0	0	0	0	0	0	126	0	0	0	0	0	0	0	0	0	0	0	0	0	0	0	0	0	412	268	704	78	1150	0	0	0	246	0	0	0	16232	520	0	0	472	0	1990	0	30982	112	94	0	0	0	0	0	192	0	0	0	298	108	0	0	0	0	0	0	0	0	78	0	0	0	266	0	0	0	272	0	0	0	3326	0	0	3122	39840	4262	2714	170	28468	110	56132	1244	16690	438	23052	656	5372	184	1506	0	142	1018	2456	3006	3350	704	566	254	
405740	Cerebelum_Crus1_R	0	0	0	0	0	0	0	0	0	0	0	0	0	0	0	0	0	0	0	0	0	0	0	0	0	0	0	0	0	0	0	0	0	0	0	0	0	0	0	0	0	0	0	0	0	0	1348	2082	0	0	0	0	0	0	882	10724	0	0	0	0	0	0	0	0	0	0	0	0	0	0	0	0	0	0	0	0	0	0	0	0	0	0	0	0	0	0	0	0	0	3166	3122	0	4258	34824	0	4706	6356	21858	2766	43906	172	5702	322	19590	116	4772	0	0	0	4502	9382	4060	6786	3770	3242	456	
412868	Cerebelum_Crus2_L	0	0	0	0	0	0	0	0	0	0	0	0	0	0	0	0	0	0	0	0	0	0	0	0	0	0	0	0	0	0	0	0	0	0	0	0	0	0	0	0	0	0	0	0	0	0	4566	790	0	0	108	0	74	0	8388	0	0	0	0	0	0	0	0	0	0	0	0	0	0	0	0	0	0	0	0	0	0	0	0	0	0	0	0	0	0	0	0	0	1000	0	39840	4258	0	11036	2132	96	10702	110	19166	1376	32562	4180	34628	1854	8680	358	2506	0	0	430	1246	2636	7854	4272	1204	382	
394296	Cerebelum_Crus2_R	0	0	0	0	0	0	0	0	0	0	0	0	0	0	0	0	0	0	0	0	0	0	0	0	0	0	0	0	0	0	0	0	0	0	0	0	0	0	0	0	0	0	0	0	0	0	2040	1514	0	0	0	0	0	0	1308	1764	0	0	0	0	0	0	0	0	0	0	0	0	0	0	0	0	0	0	0	0	0	0	0	0	0	0	0	0	0	0	0	0	0	494	4262	34824	11036	0	0	1692	2370	4298	3356	13292	3952	17532	2836	27392	406	10380	0	208	166	2662	2988	4436	17162	12652	8846	3280	
48240	Cerebelum_3_L	0	0	0	0	0	0	0	0	0	0	0	0	0	0	0	0	0	0	0	0	0	0	0	0	0	0	0	0	0	0	0	0	0	0	0	0	78	90	482	0	0	0	0	0	0	0	82	0	0	0	0	0	0	0	256	0	0	0	0	0	0	0	0	0	0	0	0	0	0	0	0	0	0	0	0	0	0	0	0	0	0	0	0	0	0	0	0	0	0	0	2714	0	2132	0	0	0	7234	0	2430	0	776	0	1838	0	2218	0	0	0	1114	1834	756	0	0	86	0	0	
81088	Cerebelum_3_R	0	0	0	0	0	0	0	0	0	0	0	0	0	0	0	0	0	0	0	0	0	0	0	0	0	0	0	0	0	0	0	0	0	0	0	0	0	0	0	552	0	0	0	0	0	0	154	758	0	0	0	0	0	0	160	506	0	0	0	0	0	0	0	0	0	0	0	0	0	0	0	0	0	0	0	0	0	0	0	0	0	0	0	0	0	0	0	0	0	708	170	4706	96	1692	0	0	564	6630	406	6026	0	336	0	1238	0	2346	0	0	686	4232	1566	536	1844	1996	2166	470	
399540	Cerebelum_4_5_L	0	0	0	0	0	0	0	0	0	0	0	0	0	0	0	0	0	0	0	0	0	0	0	0	0	0	0	0	0	0	0	0	0	0	74	0	1192	126	1896	0	0	0	0	0	0	0	13914	1546	0	0	184	0	412	0	14298	1204	0	0	0	0	0	0	0	0	0	0	256	0	0	0	0	0	0	0	0	0	230	96	0	0	0	0	0	0	0	0	0	0	616	0	28468	6356	10702	2370	7234	564	0	4236	37246	7654	5746	316	10070	3102	6706	904	176	0	580	4738	15366	4840	1742	1552	1562	1496	
217088	Cerebelum_4_5_R	0	0	0	0	0	0	0	0	0	0	0	0	0	0	0	0	0	0	0	0	0	0	0	0	0	0	0	0	0	0	0	0	0	0	0	256	74	1736	0	3230	0	0	0	180	0	0	166	5260	0	0	0	0	0	0	0	7678	0	0	0	0	0	0	0	0	0	0	0	1560	0	0	0	0	0	0	0	0	0	140	0	0	0	0	0	0	0	0	0	0	0	1098	110	21858	110	4298	0	6630	4236	0	356	29760	0	870	0	2864	0	1448	0	0	0	2812	8122	352	1050	1094	1060	136	
467404	Cerebelum_6_L	0	0	0	0	0	0	0	0	0	0	0	0	0	0	0	0	0	0	0	0	0	0	0	0	0	0	0	0	0	0	0	0	0	0	0	0	668	0	924	0	0	0	0	0	0	0	19626	534	0	0	276	0	536	0	33350	146	0	0	0	0	0	0	0	0	0	0	134	0	0	0	0	0	0	0	0	0	114	0	0	0	0	0	0	0	80	0	0	0	1184	0	56132	2766	19166	3356	2430	406	37246	356	0	1914	9248	224	14424	782	4704	928	770	0	370	1266	5498	6858	3680	1274	1328	1004	
342584	Cerebelum_6_R	0	0	0	0	0	0	0	0	0	0	0	0	0	0	0	0	0	0	0	0	0	0	0	0	0	0	0	0	0	0	0	0	0	0	0	0	0	0	0	0	0	0	210	260	0	0	912	5088	0	0	0	0	0	244	418	14590	0	0	0	0	0	0	0	0	0	0	0	0	0	0	0	0	0	0	0	0	0	0	0	0	0	0	0	0	0	0	0	0	0	1320	1244	43906	1376	13292	0	6026	7654	29760	1914	0	0	1828	216	7442	0	2464	0	0	0	4566	11368	5348	4780	2328	2284	454	
262864	Cerebelum_7b_L	0	0	0	0	0	0	0	0	0	0	0	0	0	0	0	0	0	0	0	0	0	0	0	0	0	0	0	0	0	0	0	0	0	0	0	0	0	0	0	0	0	0	0	0	0	0	1068	0	0	0	0	0	0	0	3816	0	0	0	0	0	0	0	0	0	0	0	0	0	0	0	0	0	0	0	0	0	0	0	0	0	0	0	0	0	0	0	0	0	896	0	16690	172	32562	3952	776	0	5746	0	9248	0	0	4272	31108	1716	6934	146	2874	0	0	102	222	0	2322	5914	656	240	
146568	Cerebelum_7b_R	0	0	0	0	0	0	0	0	0	0	0	0	0	0	0	0	0	0	0	0	0	0	0	0	0	0	0	0	0	0	0	0	0	0	0	0	0	0	0	0	0	0	0	0	0	0	0	0	0	0	0	0	0	0	80	242	0	0	0	0	0	0	0	0	0	0	0	0	0	0	0	0	0	0	0	0	0	0	0	0	0	0	0	0	0	0	0	0	0	300	438	5702	4180	17532	0	336	316	870	224	1828	4272	0	3210	14068	260	4506	0	116	0	378	248	0	4460	6672	2200	846	
329512	Cerebelum_8_L	0	0	0	0	0	0	0	0	0	0	0	0	0	0	0	0	0	0	0	0	0	0	0	0	0	0	0	0	0	0	0	0	0	0	0	0	0	0	0	0	0	0	0	0	0	0	1150	0	0	0	0	0	0	0	6624	0	0	0	0	0	0	0	0	0	0	0	0	0	0	0	0	0	0	0	0	0	0	0	0	0	0	0	0	0	0	0	0	0	970	0	23052	322	34628	2836	1838	0	10070	0	14424	216	31108	3210	0	2200	15332	672	4928	0	0	276	890	112	1456	6182	1768	492	
276464	Cerebelum_8_R	0	0	0	0	0	0	0	0	0	0	0	0	0	0	0	0	0	0	0	0	0	0	0	0	0	0	0	0	0	0	0	0	0	0	0	0	0	0	0	0	0	0	0	0	0	0	142	0	0	0	0	0	0	0	250	1240	0	0	0	0	0	0	0	0	0	0	0	0	0	0	0	0	0	0	0	0	0	0	0	0	0	0	0	0	0	0	0	0	0	1146	656	19590	1854	27392	0	1238	3102	2864	782	7442	1716	14068	2200	0	490	13514	0	340	186	3592	3570	338	8566	10672	8254	3028	
123984	Cerebelum_9_L	0	0	0	0	0	0	0	0	0	0	0	0	0	0	0	0	0	0	0	0	0	0	0	0	0	0	0	0	0	0	0	0	0	0	0	0	0	0	0	0	0	0	0	0	0	0	128	0	0	0	0	0	0	0	724	0	0	0	0	0	0	0	0	0	0	0	0	0	0	0	0	0	0	0	0	0	0	0	0	0	0	0	0	0	0	0	0	0	0	0	5372	116	8680	406	2218	0	6706	0	4704	0	6934	260	15332	490	0	1222	4666	0	0	0	686	516	128	704	1616	384	
172040	Cerebelum_9_R	0	0	0	0	0	0	0	0	0	0	0	0	0	0	0	0	0	0	0	0	0	0	0	0	0	0	0	0	0	0	0	0	0	0	0	0	0	0	0	0	0	0	0	0	0	0	508	0	0	0	0	0	0	0	586	454	0	0	0	0	0	0	0	0	0	0	0	0	0	0	0	0	0	0	0	0	0	0	0	0	0	0	0	0	0	0	0	0	0	298	184	4772	358	10380	0	2346	904	1448	928	2464	146	4506	672	13514	1222	0	88	1118	586	1406	1532	1596	8662	10826	11904	2612	
35380	Cerebelum_10_L	0	0	0	0	0	0	0	0	0	0	0	0	0	0	0	0	0	0	0	0	0	0	0	0	0	0	0	0	0	0	0	0	0	0	0	0	0	0	0	0	0	0	0	0	0	0	0	0	0	0	0	0	0	0	176	0	0	0	0	0	0	0	0	0	0	0	0	0	0	0	0	0	0	0	0	0	0	0	0	0	0	0	0	0	0	0	0	0	0	0	1506	0	2506	0	0	0	176	0	770	0	2874	0	4928	0	4666	88	0	0	0	0	0	0	0	0	0	0	
5316	Cerebelum_10_R	0	0	0	0	0	0	0	0	0	0	0	0	0	0	0	0	0	0	0	0	0	0	0	0	0	0	0	0	0	0	0	0	0	0	0	0	0	0	0	0	0	0	0	0	0	0	0	0	0	0	0	0	0	0	0	0	0	0	0	0	0	0	0	0	0	0	0	0	0	0	0	0	0	0	0	0	0	0	0	0	0	0	0	0	0	0	0	0	0	0	0	0	0	208	0	0	0	0	0	0	0	116	0	340	0	1118	0	0	0	0	0	0	202	298	376	0	
22828	Vermis_1_2	0	0	0	0	0	0	0	0	0	0	0	0	0	0	0	0	0	0	0	0	0	0	0	0	0	0	0	0	0	0	0	0	0	0	0	0	0	0	0	0	0	0	0	0	0	0	96	0	0	0	0	0	0	0	84	0	0	0	0	0	0	0	0	0	0	0	0	0	0	0	0	0	0	0	0	0	0	0	0	0	0	0	0	0	0	0	0	0	0	0	142	0	0	166	1114	686	580	0	370	0	0	0	0	186	0	586	0	0	0	4298	1164	374	334	432	498	304	
104996	Vermis_3	0	0	0	0	0	0	0	0	0	0	0	0	0	0	0	0	0	0	0	0	0	0	0	0	0	0	0	0	0	0	0	0	0	0	0	0	0	0	0	284	0	0	0	0	0	0	162	290	0	0	0	0	0	0	182	366	0	0	0	0	0	0	0	0	0	0	0	0	0	0	0	0	0	0	0	0	0	0	0	0	0	0	0	0	0	0	0	0	0	84	1018	4502	430	2662	1834	4232	4738	2812	1266	4566	102	378	276	3592	0	1406	0	0	4298	0	6666	656	1836	1656	1722	482	
217960	Vermis_4_5	0	0	0	0	0	0	0	0	0	0	0	0	0	0	0	0	0	0	0	0	0	0	0	0	0	0	0	0	0	0	0	0	0	0	406	1190	78	1282	0	1650	0	0	0	568	0	348	1622	5120	0	0	0	0	0	776	1468	2332	0	0	0	0	0	0	0	0	0	0	172	3028	0	0	0	0	0	0	0	0	0	0	0	0	0	0	0	0	0	0	0	0	0	0	2456	9382	1246	2988	756	1566	15366	8122	5498	11368	222	248	890	3570	686	1532	0	0	1164	6666	0	5812	2490	2276	2410	2226	
