data	data	583644	159096	1.11641e+06	954384	234252	127280	593520	343312	96168	27708	270560	183236	267384	136624	197448	125864	306180	124664	605812	815260	154876	185196	547136	415812	110836	182636	134160	160932	835704	419736	533728	598692	249532	652408	162348	194092	277064	338280	142224	232352	46148	54224	264264	320556	212748	254892	291244	320640	231356	250132	509712	271112	225668	101176	373900	437836	342684	150808	117304	79728	232204	106916	151820	109024	117352	108228	349480	495480	108224	139076	486324	391424	488856	368212	68648	20280	162188	265240	140096	71980	247776	233624	84556	117556	399064	348124	35020	40848	387056	297504	525260	474020	384324	294516	47504	83044	236600	215604	407452	385092	276248	169652	360668	278848	137772	98768	18116	8296	26332	85764	196448	178392	315784	112912	81312	32244	
data	data	Precentral_L	Precentral_R	Frontal_Sup_L	Frontal_Sup_R	Frontal_Sup_Orb_L	Frontal_Sup_Orb_R	Frontal_Mid_L	Frontal_Mid_R	Frontal_Mid_Orb_L	Frontal_Mid_Orb_R	Frontal_Inf_Oper_L	Frontal_Inf_Oper_R	Frontal_Inf_Tri_L	Frontal_Inf_Tri_R	Frontal_Inf_Orb_L	Frontal_Inf_Orb_R	Rolandic_Oper_L	Rolandic_Oper_R	Supp_Motor_Area_L	Supp_Motor_Area_R	Olfactory_L	Olfactory_R	Frontal_Sup_Medial_L	Frontal_Sup_Medial_R	Frontal_Med_Orb_L	Frontal_Med_Orb_R	Rectus_L	Rectus_R	Insula_L	Insula_R	Cingulum_Ant_L	Cingulum_Ant_R	Cingulum_Mid_L	Cingulum_Mid_R	Cingulum_Post_L	Cingulum_Post_R	Hippocampus_L	Hippocampus_R	ParaHippocampal_L	ParaHippocampal_R	Amygdala_L	Amygdala_R	Calcarine_L	Calcarine_R	Cuneus_L	Cuneus_R	Lingual_L	Lingual_R	Occipital_Sup_L	Occipital_Sup_R	Occipital_Mid_L	Occipital_Mid_R	Occipital_Inf_L	Occipital_Inf_R	Fusiform_L	Fusiform_R	Postcentral_L	Postcentral_R	Parietal_Sup_L	Parietal_Sup_R	Parietal_Inf_L	Parietal_Inf_R	SupraMarginal_L	SupraMarginal_R	Angular_L	Angular_R	Precuneus_L	Precuneus_R	Paracentral_Lobule_L	Paracentral_Lobule_R	Caudate_L	Caudate_R	Putamen_L	Putamen_R	Pallidum_L	Pallidum_R	Thalamus_L	Thalamus_R	Heschl_L	Heschl_R	Temporal_Sup_L	Temporal_Sup_R	Temporal_Pole_Sup_L	Temporal_Pole_Sup_R	Temporal_Mid_L	Temporal_Mid_R	Temporal_Pole_Mid_L	Temporal_Pole_Mid_R	Temporal_Inf_L	Temporal_Inf_R	Cerebelum_Crus1_L	Cerebelum_Crus1_R	Cerebelum_Crus2_L	Cerebelum_Crus2_R	Cerebelum_3_L	Cerebelum_3_R	Cerebelum_4_5_L	Cerebelum_4_5_R	Cerebelum_6_L	Cerebelum_6_R	Cerebelum_7b_L	Cerebelum_7b_R	Cerebelum_8_L	Cerebelum_8_R	Cerebelum_9_L	Cerebelum_9_R	Cerebelum_10_L	Cerebelum_10_R	Vermis_1_2	Vermis_3	Vermis_4_5	Vermis_6	Vermis_7	Vermis_8	Vermis_9	Vermis_10	
583644	Precentral_L	0	114	20494	3368	164	0	29844	2002	0	0	18176	0	5248	0	80	0	14482	0	11040	3572	0	0	958	0	0	0	0	0	27604	0	1064	82	2682	794	4436	528	5296	0	1788	0	0	0	2552	0	1018	0	688	0	1832	0	10490	0	2780	0	816	0	39690	0	1270	0	7186	0	2904	0	538	0	2764	0	6022	0	9306	1252	8938	0	2962	0	16552	2088	6774	0	2516	0	0	0	3910	0	0	0	3158	0	0	0	0	0	0	0	0	0	0	0	0	0	0	0	0	0	0	0	0	0	0	0	0	0	0	0	
159096	Precentral_R	114	0	472	14518	0	0	0	7126	0	0	0	6262	0	230	0	0	0	1466	454	2200	0	0	0	0	0	0	0	0	0	2152	0	82	482	1624	570	2088	116	2778	0	374	0	0	0	624	0	0	0	208	0	204	0	312	0	150	0	802	0	14058	0	212	0	806	0	2656	0	168	658	2852	0	1452	288	1672	98	1348	0	0	0	2404	0	142	0	1390	0	0	0	2808	0	0	0	1128	0	0	0	0	0	0	0	0	0	0	0	0	0	0	0	0	0	0	0	0	0	0	0	0	0	0	
1.11641e+06	Frontal_Sup_L	20494	472	0	14504	13754	0	71790	6508	3390	0	15126	906	21878	908	10164	152	12042	120	72264	22540	1328	524	49130	5816	2752	860	1142	402	44796	748	31348	10954	8796	14438	86	222	3642	152	1338	0	90	0	0	0	0	0	298	0	0	0	0	0	0	0	526	0	6094	0	0	0	1128	0	972	0	0	0	0	0	212	0	25322	1666	28742	844	5978	0	13360	1452	2750	0	1092	0	758	0	674	0	0	0	760	0	0	0	0	0	0	0	0	0	0	0	0	0	0	0	0	0	0	0	0	0	0	0	0	0	0	0	
954384	Frontal_Sup_R	3368	14518	14504	0	288	7884	2314	33214	0	566	368	8494	146	8308	0	4112	504	3502	11084	77706	0	1960	15790	41584	436	5880	274	2412	1646	14754	6672	36884	2374	28998	764	2758	1070	3000	520	840	0	310	0	194	0	0	642	340	0	178	0	274	0	134	0	1308	140	860	0	184	0	504	0	640	0	192	664	1820	0	298	8564	32464	3168	21442	98	2876	1354	32292	508	522	92	950	0	342	0	2400	0	0	0	1526	0	0	0	0	118	0	298	0	0	0	0	0	0	0	0	0	0	0	0	0	0	0	0	0	0	0	
234252	Frontal_Sup_Orb_L	164	0	13754	288	0	0	2550	100	12934	0	296	0	2030	0	14452	0	108	0	228	170	5052	1174	7148	596	10224	2272	10216	772	9424	0	10794	1466	0	92	0	0	0	0	0	0	288	0	0	0	0	0	0	0	0	0	0	0	0	0	0	0	0	0	0	0	0	0	0	0	0	0	0	0	0	0	4642	524	4244	196	0	0	0	0	0	0	0	0	928	0	0	0	0	0	0	0	0	0	0	0	0	0	0	0	0	0	0	0	0	0	0	0	0	0	0	0	0	0	0	0	0	0	
127280	Frontal_Sup_Orb_R	0	0	0	7884	0	0	0	2768	0	4036	0	334	0	468	0	6656	0	0	0	684	0	3594	186	5742	168	8612	942	10788	0	2694	176	2848	0	604	0	0	0	270	0	100	0	0	0	0	0	0	0	0	0	0	0	0	0	0	0	0	0	0	0	0	0	0	0	0	0	0	0	0	0	0	128	1814	0	2144	0	0	0	0	0	0	0	0	0	0	0	0	0	0	0	0	0	0	0	0	0	0	0	0	0	0	0	0	0	0	0	0	0	0	0	0	0	0	0	0	0	0	
593520	Frontal_Mid_L	29844	0	71790	2314	2550	0	0	4686	3544	0	15070	0	35180	0	8300	0	10294	0	5984	2166	214	0	18206	1312	226	0	228	0	33078	0	9506	1942	3500	1932	0	142	1776	0	472	0	0	0	0	0	0	0	118	0	0	0	0	0	0	0	244	0	7894	0	0	0	1392	0	194	0	0	0	0	0	0	0	6822	196	7110	0	1104	0	1692	804	2980	0	994	0	128	0	390	0	0	0	442	0	0	0	0	0	0	0	0	0	0	0	0	0	0	0	0	0	0	0	0	0	0	0	0	0	0	0	
343312	Frontal_Mid_R	2002	7126	6508	33214	100	2768	4686	0	0	1192	1968	9062	470	11470	162	3050	1472	716	4026	6038	0	468	4096	9084	82	1454	88	716	3084	7946	2684	11210	584	7316	138	112	92	1254	0	310	0	0	0	0	0	0	0	0	0	0	0	0	0	0	0	316	134	886	0	0	0	0	0	102	0	0	0	0	0	0	9766	3280	3538	4816	0	0	0	1464	86	80	96	132	102	110	0	0	0	0	0	0	0	0	0	0	0	0	0	0	0	0	0	0	0	0	0	0	0	0	0	0	0	0	0	0	0	0	
96168	Frontal_Mid_Orb_L	0	0	3390	0	12934	0	3544	0	0	0	0	0	2534	0	13708	0	0	0	0	0	676	272	330	0	2124	96	3410	228	1916	0	1306	82	0	0	0	0	0	0	0	0	0	0	0	0	0	0	0	0	0	0	0	0	0	0	0	0	0	0	0	0	0	0	0	0	0	0	0	0	0	0	784	0	636	0	0	0	0	0	0	0	0	0	114	0	0	0	0	0	0	0	0	0	0	0	0	0	0	0	0	0	0	0	0	0	0	0	0	0	0	0	0	0	0	0	0	0	
27708	Frontal_Mid_Orb_R	0	0	0	566	0	4036	0	1192	0	0	0	80	0	420	0	4430	0	0	0	0	0	186	0	142	0	380	0	678	0	912	0	0	0	0	0	0	0	128	0	0	0	0	0	0	0	0	0	0	0	0	0	0	0	0	0	96	0	0	0	0	0	0	0	0	0	0	0	0	0	0	0	118	0	490	0	0	0	0	0	0	0	0	0	0	0	0	0	0	0	0	0	0	0	0	0	0	0	0	0	0	0	0	0	0	0	0	0	0	0	0	0	0	0	0	0	0	
270560	Frontal_Inf_Oper_L	18176	0	15126	368	296	0	15070	1968	0	0	0	0	14472	0	150	0	14158	0	8348	594	0	0	2018	106	78	0	0	0	22158	0	2060	258	158	526	0	0	420	0	124	0	0	0	0	0	0	0	0	0	0	0	0	0	0	0	262	0	6674	0	0	0	458	0	148	0	0	0	0	0	0	0	2928	0	2960	0	0	0	0	0	1640	0	1096	0	1096	0	532	0	0	0	854	0	0	0	0	0	0	0	0	0	0	0	0	0	0	0	0	0	0	0	0	0	0	0	0	0	0	0	
183236	Frontal_Inf_Oper_R	0	6262	906	8494	0	334	0	9062	0	80	0	0	0	9238	0	2128	0	4832	950	6596	0	0	426	1468	0	158	0	0	0	11934	378	4656	0	4874	86	0	0	1040	0	312	0	0	0	0	0	0	0	0	0	0	0	0	0	0	0	316	0	2426	0	0	0	0	0	0	0	0	0	0	0	0	1194	4568	458	6232	0	0	0	1360	0	0	0	112	0	738	0	0	0	0	0	0	0	0	0	0	0	0	0	0	0	0	0	0	0	0	0	0	0	0	0	0	0	0	0	0	0	0	
267384	Frontal_Inf_Tri_L	5248	0	21878	146	2030	0	35180	470	2534	0	14472	0	0	0	12438	0	1932	0	3230	194	156	0	3046	106	108	0	232	0	23536	0	2292	226	276	272	0	0	0	0	0	0	0	0	0	0	0	0	0	0	0	0	0	0	0	0	0	0	578	0	0	0	0	0	0	0	0	0	0	0	0	0	1108	0	1404	0	0	0	0	0	88	0	80	0	432	0	0	0	0	0	0	0	0	0	0	0	0	0	0	0	0	0	0	0	0	0	0	0	0	0	0	0	0	0	0	0	0	0	
136624	Frontal_Inf_Tri_R	0	230	908	8308	0	468	0	11470	0	420	0	9238	0	0	0	3934	0	488	834	4130	0	0	1490	2770	0	118	0	0	0	10926	812	3870	136	4554	0	0	0	276	0	0	0	0	0	0	0	0	0	0	0	0	0	0	0	0	0	0	0	152	0	0	0	0	0	0	0	0	0	0	0	0	432	756	90	1502	0	0	0	0	0	0	0	0	0	0	0	0	0	0	0	0	0	0	0	0	0	0	0	0	0	0	0	0	0	0	0	0	0	0	0	0	0	0	0	0	0	0	
197448	Frontal_Inf_Orb_L	80	0	10164	0	14452	0	8300	162	13708	0	150	0	12438	0	0	0	0	0	264	0	3884	806	1108	0	652	218	3848	514	16772	0	2684	316	82	0	0	0	0	0	0	0	180	0	0	0	0	0	0	0	0	0	0	0	0	0	0	0	0	0	0	0	0	0	0	0	0	0	0	0	0	0	3288	160	2342	0	0	0	0	0	0	0	170	0	1876	0	106	0	0	0	0	0	0	0	0	0	0	0	0	0	0	0	0	0	0	0	0	0	0	0	0	0	0	0	0	0	0	0	
125864	Frontal_Inf_Orb_R	0	0	152	4112	0	6656	0	3050	0	4430	0	2128	0	3934	0	0	0	1106	0	754	0	2364	206	1648	0	1662	0	2718	0	12614	218	1374	0	544	0	0	0	604	0	290	0	0	0	0	0	0	0	0	0	0	0	0	0	0	0	360	0	0	0	0	0	0	0	0	0	0	0	0	0	0	0	1248	0	3816	0	0	0	0	0	194	0	1850	0	3870	0	430	0	228	0	372	0	0	0	0	0	0	0	0	0	0	0	0	0	0	0	0	0	0	0	0	0	0	0	0	0	0	
306180	Rolandic_Oper_L	14482	0	12042	504	108	0	10294	1472	0	0	14158	0	1932	0	0	0	0	0	5744	438	0	0	1420	0	0	0	0	0	32856	0	1528	112	0	324	0	0	1244	0	210	0	0	0	0	0	0	0	0	0	0	0	1128	0	1092	0	946	0	13378	0	0	0	1282	0	4288	0	220	0	0	0	0	0	2146	0	3298	0	104	0	168	114	7248	0	9782	0	1730	0	3890	0	0	0	3280	0	128	0	0	0	0	0	0	0	0	0	0	0	0	0	0	0	0	0	0	0	0	0	0	0	0	0	
124664	Rolandic_Oper_R	0	1466	120	3502	0	0	0	716	0	0	0	4832	0	488	0	1106	0	0	452	3340	0	0	0	102	0	0	0	0	0	11748	0	874	0	662	0	130	0	2596	0	1054	0	0	0	0	0	0	0	0	0	0	0	270	0	0	0	1204	0	4810	0	0	0	1750	0	5198	0	468	0	86	0	86	326	1524	182	1526	0	0	0	252	0	3470	0	5116	0	1544	0	808	0	0	0	524	0	0	0	0	0	0	0	0	0	0	0	0	0	0	0	0	0	0	0	0	0	0	0	0	0	0	
605812	Supp_Motor_Area_L	11040	454	72264	11084	228	0	5984	4026	0	0	8348	950	3230	834	264	0	5744	452	0	36688	0	0	10928	2056	92	0	0	0	11824	652	10030	6498	16252	25636	534	258	1010	0	94	0	0	0	0	0	78	0	0	0	0	0	0	0	0	0	0	0	2788	0	0	0	766	0	746	0	0	0	166	116	3068	0	16008	1556	9898	298	5578	0	12260	346	712	0	386	0	366	0	230	0	0	0	86	0	0	0	0	0	0	0	0	0	0	0	0	0	0	0	0	0	0	0	0	0	0	0	0	0	0	0	
815260	Supp_Motor_Area_R	3572	2200	22540	77706	170	684	2166	6038	0	0	594	6596	194	4130	0	754	438	3340	36688	0	0	350	2126	6946	94	484	0	196	1644	7910	2166	11480	6652	57072	368	5598	334	2392	124	694	0	338	0	4170	0	1292	292	1260	0	456	0	1420	0	0	0	1026	172	2564	0	164	0	608	0	506	0	204	816	10836	2950	13780	9720	27706	3238	14776	230	2288	828	25828	266	548	0	786	0	104	0	1942	0	0	88	1000	0	0	0	0	84	0	220	0	0	0	0	0	0	0	0	0	0	0	0	0	684	0	0	0	0	0	
154876	Olfactory_L	0	0	1328	0	5052	0	214	0	676	0	0	0	156	0	3884	0	0	0	0	0	0	8244	880	0	2136	1776	6204	3282	4608	128	6256	2720	0	0	0	0	196	0	226	0	1602	0	0	0	0	0	0	0	0	0	0	0	0	0	352	0	0	0	0	0	0	0	0	0	0	0	0	0	0	0	12850	3524	7552	2188	0	0	0	0	0	0	0	0	1240	0	0	0	0	0	164	0	0	0	0	0	0	0	0	0	0	0	0	0	0	0	0	0	0	0	0	0	0	0	0	0	0	0	
185196	Olfactory_R	0	0	524	1960	1174	3594	0	468	272	186	0	0	0	0	806	2364	0	0	0	350	8244	0	450	2124	992	6114	3156	10378	824	3318	4224	5884	0	92	0	0	0	576	0	296	308	310	0	0	0	0	0	0	0	0	0	0	0	0	0	154	0	0	0	0	0	0	0	0	0	0	0	0	0	0	10388	9708	7842	5062	284	92	0	80	0	0	0	0	0	0	0	0	0	0	0	0	0	0	0	0	0	0	0	0	0	0	0	0	0	0	0	0	0	0	0	0	0	0	0	0	0	0	
547136	Frontal_Sup_Medial_L	958	0	49130	15790	7148	186	18206	4096	330	0	2018	426	3046	1490	1108	206	1420	0	10928	2126	880	450	0	27604	4874	2202	1478	466	5522	1368	40896	30252	10350	19000	0	0	80	0	0	0	0	0	0	0	0	0	0	0	0	0	0	0	0	0	0	0	300	0	0	0	0	0	0	0	0	0	0	0	0	0	2876	1716	3472	798	0	0	0	0	122	0	86	0	164	0	0	0	0	0	0	0	0	0	0	0	0	0	0	0	0	0	0	0	0	0	0	0	0	0	0	0	0	0	0	0	0	0	
415812	Frontal_Sup_Medial_R	0	0	5816	41584	596	5742	1312	9084	0	142	106	1468	106	2770	0	1648	0	102	2056	6946	0	2124	27604	0	1254	9504	350	3490	260	4266	9594	33040	1842	22316	0	0	0	116	0	0	0	0	0	0	0	0	0	0	0	0	0	0	0	0	0	0	0	0	0	0	0	0	0	0	0	0	0	0	0	0	604	6282	316	5466	0	0	0	0	0	0	0	0	0	0	0	0	0	0	0	0	0	0	0	0	0	0	0	0	0	0	0	0	0	0	0	0	0	0	0	0	0	0	0	0	0	0	
110836	Frontal_Med_Orb_L	0	0	2752	436	10224	168	226	82	2124	0	78	0	108	0	652	0	0	0	92	94	2136	992	4874	1254	0	4802	6576	1134	544	0	10142	2014	0	78	0	0	0	0	0	0	98	0	0	0	0	0	0	0	0	0	0	0	0	0	0	0	0	0	0	0	0	0	0	0	0	0	0	0	0	0	1842	536	1238	122	0	0	0	0	0	0	0	0	0	0	0	0	0	0	0	0	0	0	0	0	0	0	0	0	0	0	0	0	0	0	0	0	0	0	0	0	0	0	0	0	0	0	
182636	Frontal_Med_Orb_R	0	0	860	5880	2272	8612	0	1454	96	380	0	158	0	118	218	1662	0	0	0	484	1776	6114	2202	9504	4802	0	3812	14376	310	898	4336	10000	0	478	0	0	0	80	0	0	92	0	0	0	0	0	0	0	0	0	0	0	0	0	0	0	0	0	0	0	0	0	0	0	0	0	0	0	0	0	1358	4772	1130	3084	0	0	0	0	0	0	0	0	0	0	0	0	0	0	0	0	0	0	0	0	0	0	0	0	0	0	0	0	0	0	0	0	0	0	0	0	0	0	0	0	0	0	
134160	Rectus_L	0	0	1142	274	10216	942	228	88	3410	0	0	0	232	0	3848	0	0	0	0	0	6204	3156	1478	350	6576	3812	0	3660	2140	0	7496	2012	0	0	0	0	0	0	0	0	158	0	0	0	0	0	0	0	0	0	0	0	0	0	0	0	0	0	0	0	0	0	0	0	0	0	0	0	0	0	5488	1064	2156	286	0	0	0	0	0	0	0	0	664	0	0	0	0	0	0	0	0	0	0	0	0	0	0	0	0	0	0	0	0	0	0	0	0	0	0	0	0	0	0	0	0	0	
160932	Rectus_R	0	0	402	2412	772	10788	0	716	228	678	0	0	0	0	514	2718	0	0	0	196	3282	10378	466	3490	1134	14376	3660	0	338	2122	2464	6706	0	156	0	0	0	332	0	160	0	98	0	0	0	0	0	0	0	0	0	0	0	0	0	0	0	0	0	0	0	0	0	0	0	0	0	0	0	0	3168	4084	2386	2242	0	0	0	0	0	0	0	0	0	0	0	0	0	0	0	0	0	0	0	0	0	0	0	0	0	0	0	0	0	0	0	0	0	0	0	0	0	0	0	0	0	0	
835704	Insula_L	27604	0	44796	1646	9424	0	33078	3084	1916	0	22158	0	23536	0	16772	0	32856	0	11824	1644	4608	824	5522	260	544	310	2140	338	0	0	7638	1060	606	954	0	208	12084	0	2824	0	1320	0	0	0	0	0	106	0	0	0	1110	0	1328	0	7728	0	16766	0	0	0	3810	0	2400	0	158	0	0	0	0	0	8802	312	27226	134	110	0	2322	1068	14944	0	20632	0	5352	0	14634	0	310	0	16940	0	0	0	0	0	0	0	82	0	0	0	0	0	0	0	0	0	0	0	0	0	0	0	0	0	0	0	
419736	Insula_R	0	2152	748	14754	0	2694	0	7946	0	912	0	11934	0	10926	0	12614	0	11748	652	7910	128	3318	1368	4266	0	898	0	2122	0	0	932	5560	0	3088	250	344	150	12638	0	6000	0	438	0	0	0	0	0	140	0	0	0	142	0	266	0	7590	0	928	0	0	0	382	0	860	0	0	0	130	0	0	658	3810	384	25022	0	0	0	2208	0	6360	0	14626	0	7106	0	5312	0	474	0	6292	0	162	0	0	0	0	0	248	0	278	0	0	0	0	0	0	0	0	0	0	0	0	0	0	0	0	
533728	Cingulum_Ant_L	1064	0	31348	6672	10794	176	9506	2684	1306	0	2060	378	2292	812	2684	218	1528	0	10030	2166	6256	4224	40896	9594	10142	4336	7496	2464	7638	932	0	29818	12286	9242	0	0	130	0	0	0	250	0	0	0	0	0	0	0	0	0	0	0	0	0	94	0	240	0	0	0	0	0	0	0	0	0	0	0	0	0	15050	4038	12906	2402	0	0	0	0	180	0	132	0	258	0	0	0	0	0	142	0	0	0	0	0	0	0	0	0	0	0	0	0	0	0	0	0	0	0	0	0	0	0	0	0	0	0	
598692	Cingulum_Ant_R	82	82	10954	36884	1466	2848	1942	11210	82	0	258	4656	226	3870	316	1374	112	874	6498	11480	2720	5884	30252	33040	2014	10000	2012	6706	1060	5560	29818	0	6166	33052	0	0	0	84	0	0	122	0	0	0	0	0	0	0	0	0	0	0	0	0	0	0	0	0	0	0	0	0	0	0	0	0	0	0	0	0	4448	18996	2566	9228	0	0	0	108	0	0	0	0	0	296	0	0	0	0	0	0	0	0	0	0	0	0	0	0	0	0	0	0	0	0	0	0	0	0	0	0	0	0	0	0	0	0	
249532	Cingulum_Mid_L	2682	482	8796	2374	0	0	3500	584	0	0	158	0	276	136	82	0	0	0	16252	6652	0	0	10350	1842	0	0	0	0	606	0	12286	6166	0	23998	3608	1286	0	0	0	0	0	0	398	364	2786	128	0	0	1720	132	1332	174	0	0	0	0	382	118	0	0	0	0	0	0	0	0	6050	1762	5086	1794	142	0	132	0	0	0	0	0	0	0	0	0	0	0	0	150	0	0	0	0	0	0	0	0	0	0	0	0	0	0	0	0	0	0	0	0	0	0	0	0	0	0	0	0	0	0	
652408	Cingulum_Mid_R	794	1624	14438	28998	92	604	1932	7316	0	0	526	4874	272	4554	0	544	324	662	25636	57072	0	92	19000	22316	78	478	0	156	954	3088	9242	33052	23998	0	1648	5956	0	102	0	0	0	0	0	3360	242	1552	0	1080	90	1016	0	1584	0	0	0	138	0	1240	0	0	0	136	0	100	0	90	2794	13702	2768	9718	3678	6050	1076	3048	0	0	102	0	0	0	0	168	0	0	0	1234	0	0	0	256	0	0	0	0	0	0	0	0	0	0	0	0	0	0	0	0	0	0	0	0	560	0	0	0	0	0	
162348	Cingulum_Post_L	4436	570	86	764	0	0	0	138	0	0	0	86	0	0	0	0	0	0	534	368	0	0	0	0	0	0	0	0	0	250	0	0	3608	1648	0	11698	5274	3714	2196	1456	0	0	4402	0	4320	0	2972	304	1830	0	1828	0	3252	0	1228	478	100	0	0	0	0	0	0	0	0	0	10236	1954	1424	0	106	626	0	196	0	0	104	4742	0	0	0	0	0	0	2206	0	0	0	1184	228	214	0	0	0	0	0	0	276	0	0	0	0	0	0	0	0	0	0	0	138	0	0	0	0	0	0	
194092	Cingulum_Post_R	528	2088	222	2758	0	0	142	112	0	0	0	0	0	0	0	0	0	130	258	5598	0	0	0	0	0	0	0	0	208	344	0	0	1286	5956	11698	0	3650	6080	1326	1898	0	0	534	3336	576	886	1214	4444	144	1222	234	578	1364	262	912	1086	0	840	0	744	0	0	0	0	0	0	3826	14836	810	3152	0	0	0	170	0	0	0	4568	188	0	0	130	0	0	856	1232	0	0	736	1090	160	0	0	0	0	0	0	310	0	0	0	0	0	0	0	0	0	0	0	138	2186	0	0	0	0	0	
277064	Hippocampus_L	5296	116	3642	1070	0	0	1776	92	0	0	420	0	0	0	0	0	1244	0	1010	334	196	0	80	0	0	0	0	0	12084	150	130	0	0	0	5274	3650	0	2312	18624	920	6286	0	1316	0	0	0	8448	188	0	0	460	0	686	0	16526	378	1498	0	0	0	256	0	0	0	0	0	2024	390	0	0	400	112	9416	118	214	0	4046	5826	4728	0	1862	0	260	0	1894	0	208	0	11182	194	94	0	0	0	78	0	660	152	212	0	0	0	0	0	0	0	0	0	0	0	0	0	0	0	0	0	
338280	Hippocampus_R	0	2778	152	3000	0	270	0	1254	0	128	0	1040	0	276	0	604	0	2596	0	2392	0	576	0	116	0	80	0	332	0	12638	0	84	0	102	3714	6080	2312	0	898	28792	0	6900	0	426	0	0	992	5132	0	0	0	82	0	448	116	28152	0	732	0	0	0	0	0	138	0	0	716	3302	0	0	198	218	0	11642	0	186	0	5358	0	3362	0	5402	0	1248	0	5084	0	78	0	13718	0	384	0	0	136	378	332	2520	0	684	0	0	0	0	0	0	0	0	0	492	370	0	0	0	0	0	
142224	ParaHippocampal_L	1788	0	1338	520	0	0	472	0	0	0	124	0	0	0	0	0	210	0	94	124	226	0	0	0	0	0	0	0	2824	0	0	0	0	0	2196	1326	18624	898	0	388	2118	0	1016	0	0	0	8340	96	0	0	354	0	404	0	9786	188	330	0	0	0	0	0	0	0	0	0	1408	334	0	0	0	0	3412	0	0	0	1864	2144	0	0	292	0	1726	0	370	0	1444	0	2308	112	130	0	0	0	540	0	992	0	252	0	0	0	0	0	0	0	0	0	0	0	0	0	0	0	0	0	
232352	ParaHippocampal_R	0	374	0	840	0	100	0	310	0	0	0	312	0	0	0	290	0	1054	0	694	0	296	0	0	0	0	0	160	0	6000	0	0	0	0	1456	1898	920	28792	388	0	0	5152	0	444	0	0	470	5824	0	0	0	0	0	544	0	25354	0	204	0	0	0	0	0	84	0	0	380	1714	0	0	86	0	0	5018	0	148	0	2140	0	2004	0	3226	0	2664	0	2266	0	782	0	5830	0	722	0	0	92	574	212	4052	0	1164	0	0	0	0	0	0	0	0	0	600	542	0	0	0	0	0	
46148	Amygdala_L	0	0	90	0	288	0	0	0	0	0	0	0	0	0	180	0	0	0	0	0	1602	308	0	0	98	92	158	0	1320	0	250	122	0	0	0	0	6286	0	2118	0	0	0	0	0	0	0	0	0	0	0	0	0	0	0	3700	0	0	0	0	0	0	0	0	0	0	0	0	0	0	0	1192	98	2486	0	0	0	0	0	0	0	0	0	360	0	0	0	350	0	1976	0	0	0	0	0	0	0	0	0	0	0	0	0	0	0	0	0	0	0	0	0	0	0	0	0	0	0	
54224	Amygdala_R	0	0	0	310	0	0	0	0	0	0	0	0	0	0	0	0	0	0	0	338	0	310	0	0	0	0	0	98	0	438	0	0	0	0	0	0	0	6900	0	5152	0	0	0	0	0	0	0	0	0	0	0	0	0	0	0	6572	0	0	0	0	0	0	0	0	0	0	0	0	0	0	0	100	0	994	0	0	0	342	0	0	0	162	0	2348	0	142	0	284	0	2622	0	0	0	0	0	0	0	0	0	0	0	0	0	0	0	0	0	0	0	0	0	0	0	0	0	0	
264264	Calcarine_L	2552	0	0	0	0	0	0	0	0	0	0	0	0	0	0	0	0	0	0	0	0	0	0	0	0	0	0	0	0	0	0	0	398	0	4402	534	1316	0	1016	0	0	0	0	10544	14024	6378	12764	3166	11714	3362	20478	924	9616	388	1322	352	780	0	320	0	0	0	0	0	0	0	16212	1338	3628	0	0	0	0	0	0	0	0	0	0	0	0	0	0	0	1592	0	0	0	1004	0	382	316	0	236	0	0	96	0	448	0	0	0	0	0	0	0	0	0	0	0	228	0	302	0	0	0	
320556	Calcarine_R	0	624	0	194	0	0	0	0	0	0	0	0	0	0	0	0	0	0	0	4170	0	0	0	0	0	0	0	0	0	0	0	0	364	3360	0	3336	0	426	0	444	0	0	10544	0	4360	24120	552	18504	646	15668	394	16728	0	5700	0	5764	0	1626	0	330	0	102	0	0	0	1456	1168	25532	404	5332	0	0	0	0	0	0	0	0	0	0	0	120	0	0	0	6188	0	0	0	1494	0	96	0	0	0	0	0	108	0	84	0	0	0	0	0	0	0	0	0	0	340	0	0	0	0	0	
212748	Cuneus_L	1018	0	0	0	0	0	0	0	0	0	0	0	0	0	0	0	0	0	78	0	0	0	0	0	0	0	0	0	0	0	0	0	2786	242	4320	576	0	0	0	0	0	0	14024	4360	0	7352	2194	614	21572	1538	10662	372	2212	140	260	80	460	0	2870	0	0	0	0	0	0	0	19940	4048	4656	0	0	0	0	0	0	0	0	0	0	0	0	0	0	0	0	0	0	0	0	0	0	0	0	0	0	0	0	0	0	0	0	0	0	0	0	0	0	0	0	0	0	0	0	0	0	0	
254892	Cuneus_R	0	0	0	0	0	0	0	0	0	0	0	0	0	0	0	0	0	0	0	1292	0	0	0	0	0	0	0	0	0	0	0	0	128	1552	0	886	0	0	0	0	0	0	6378	24120	7352	0	100	4250	836	30748	462	9998	0	2032	0	1222	0	378	0	3470	0	174	0	0	0	634	5940	22066	138	1560	0	0	0	0	0	0	0	0	0	0	0	0	0	0	0	1352	0	0	0	204	0	0	0	0	0	0	0	0	0	0	0	0	0	0	0	0	0	0	0	0	174	0	0	0	0	0	
291244	Lingual_L	688	0	298	642	0	0	118	0	0	0	0	0	0	0	0	0	0	0	0	292	0	0	0	0	0	0	0	0	106	0	0	0	0	0	2972	1214	8448	992	8340	470	0	0	12764	552	2194	100	0	1602	3512	0	13838	0	10318	90	16014	440	80	0	100	0	0	0	0	0	0	0	6000	436	280	0	0	0	100	384	0	0	1252	1886	0	0	0	0	0	0	174	0	0	0	746	134	7930	3152	1416	1650	926	194	8732	454	12992	1120	396	0	954	0	440	0	0	0	0	238	2360	1942	3150	0	0	0	
320640	Lingual_R	0	208	0	340	0	0	0	0	0	0	0	0	0	0	0	0	0	0	0	1260	0	0	0	0	0	0	0	0	0	140	0	0	0	1080	304	4444	188	5132	96	5824	0	0	3166	18504	614	4250	1602	0	222	4940	232	4852	0	5698	200	18686	0	760	0	438	0	0	0	0	0	206	528	14864	94	1630	0	0	0	608	0	0	0	918	0	0	0	136	0	0	0	3762	0	0	0	2006	3242	5770	900	424	232	592	722	7072	3302	8802	318	0	1046	158	254	196	0	0	0	778	7414	7776	2782	256	224	128	
231356	Occipital_Sup_L	1832	0	0	0	0	0	0	0	0	0	0	0	0	0	0	0	0	0	0	0	0	0	0	0	0	0	0	0	0	0	0	0	1720	90	1830	144	0	0	0	0	0	0	11714	646	21572	836	3512	222	0	92	32820	0	4606	0	452	0	2138	0	6432	0	2352	0	482	0	1168	0	12904	1090	2108	0	0	0	0	0	0	0	0	0	0	0	112	0	0	0	3654	0	0	0	1066	0	0	0	0	0	0	0	0	0	84	0	0	0	0	0	0	0	0	0	0	0	0	0	0	0	0	0	
250132	Occipital_Sup_R	0	204	0	178	0	0	0	0	0	0	0	0	0	0	0	0	0	0	0	456	0	0	0	0	0	0	0	0	0	0	0	0	132	1016	0	1222	0	0	0	0	0	0	3362	15668	1538	30748	0	4940	92	0	0	20870	0	3188	0	1384	0	1288	0	8590	0	1718	0	0	0	3268	4732	16736	102	960	0	0	0	0	0	0	0	0	0	0	0	188	0	0	0	1596	0	0	0	392	0	0	0	0	0	0	0	0	0	0	0	0	0	0	0	0	0	0	0	0	498	0	0	0	0	0	
509712	Occipital_Mid_L	10490	0	0	0	0	0	0	0	0	0	0	0	0	0	0	0	1128	0	0	0	0	0	0	0	0	0	0	0	1110	0	0	0	1332	0	1828	234	460	0	354	0	0	0	20478	394	10662	462	13838	232	32820	0	0	0	35704	0	6446	0	8044	0	12624	0	17480	0	2688	0	18060	0	10084	206	2890	0	0	0	0	0	0	0	0	0	592	0	932	0	0	0	25298	0	0	0	12524	0	1192	994	0	768	0	0	122	0	1284	0	0	0	0	0	0	0	0	0	0	0	110	0	992	0	0	0	
271112	Occipital_Mid_R	0	312	0	274	0	0	0	0	0	0	0	0	0	0	0	0	0	270	0	1420	0	0	0	0	0	0	0	0	0	142	0	0	174	1584	0	578	0	82	0	0	0	0	924	16728	372	9998	0	4852	0	20870	0	0	0	8916	0	3814	0	650	0	1612	0	5548	0	2018	0	16120	1944	11846	216	1790	0	0	0	0	0	0	0	0	0	0	0	1038	0	0	0	18164	0	0	0	3024	0	0	0	0	0	0	0	0	0	0	0	0	0	0	0	0	0	0	0	0	276	0	0	0	0	0	
225668	Occipital_Inf_L	2780	0	0	0	0	0	0	0	0	0	0	0	0	0	0	0	1092	0	0	0	0	0	0	0	0	0	0	0	1328	0	0	0	0	0	3252	1364	686	0	404	0	0	0	9616	0	2212	0	10318	0	4606	0	35704	0	0	0	8510	0	586	0	610	0	694	0	496	0	166	0	4588	0	220	0	108	0	170	0	0	0	0	0	644	0	690	0	0	0	8292	0	0	0	10284	0	1272	360	208	248	0	0	140	0	820	0	0	0	0	0	0	0	0	0	0	0	0	0	366	0	0	0	
101176	Occipital_Inf_R	0	150	0	134	0	0	0	0	0	0	0	0	0	0	0	0	0	0	0	0	0	0	0	0	0	0	0	0	0	266	0	0	0	0	0	262	0	448	0	544	0	0	388	5700	140	2032	90	5698	0	3188	0	8916	0	0	0	11096	0	0	0	0	0	0	0	0	0	0	0	1070	0	0	0	0	0	0	0	0	0	0	0	116	0	282	0	0	0	1952	0	0	0	4982	230	346	0	0	0	0	0	122	214	1082	0	0	88	0	0	0	0	0	0	0	136	758	158	0	0	0	
373900	Fusiform_L	816	0	526	0	0	0	244	0	0	0	262	0	0	0	0	0	946	0	0	0	352	0	0	0	0	0	0	0	7728	0	94	0	0	0	1228	912	16526	116	9786	0	3700	0	1322	0	260	0	16014	200	452	0	6446	0	8510	0	0	0	306	0	0	0	160	0	314	0	0	0	716	0	0	0	334	0	5270	0	0	0	432	308	590	0	2346	0	3494	0	3826	0	2218	0	23866	0	20354	1810	2458	1096	186	0	9906	88	23680	316	1260	0	1970	0	182	0	0	0	0	0	660	486	1878	0	0	0	
437836	Fusiform_R	0	802	0	1308	0	0	0	316	0	96	0	316	0	0	0	360	0	1204	0	1026	0	154	0	0	0	0	0	0	0	7590	0	0	0	138	478	1086	378	28152	188	25354	0	6572	352	5764	80	1222	440	18686	0	1384	0	3814	0	11096	0	0	0	294	0	0	0	0	0	82	0	0	160	4796	0	92	0	80	0	5270	0	0	0	900	0	2264	0	4644	0	7398	0	7812	0	2654	0	24632	832	10102	218	318	0	340	186	7474	882	12702	116	134	432	408	0	108	0	0	0	86	1982	2496	668	0	0	0	
342684	Postcentral_L	39690	0	6094	140	0	0	7894	134	0	0	6674	0	578	0	0	0	13378	0	2788	172	0	0	300	0	0	0	0	0	16766	0	240	0	382	0	100	0	1498	0	330	0	0	0	780	0	460	0	80	0	2138	0	8044	0	586	0	306	0	0	0	6182	0	19288	0	10028	0	928	0	2764	0	3032	0	2442	0	2684	0	612	0	2846	142	3718	0	2598	0	0	0	2788	0	0	0	1738	0	0	0	0	0	0	0	0	0	0	0	0	0	0	0	0	0	0	0	0	0	0	0	0	0	0	0	
150808	Postcentral_R	0	14058	0	860	0	0	0	886	0	0	0	2426	0	152	0	0	0	4810	0	2564	0	0	0	0	0	0	0	0	0	928	0	0	118	1240	0	840	0	732	0	204	0	0	0	1626	0	378	0	760	0	1288	0	650	0	0	0	294	0	0	0	5362	0	6404	0	9992	0	512	538	8380	92	5366	86	186	0	176	0	0	0	272	0	186	0	944	0	0	0	1204	0	0	0	512	0	0	0	0	0	0	0	0	0	0	0	0	0	0	0	0	0	0	0	0	378	0	0	0	0	0	
117304	Parietal_Sup_L	1270	0	0	0	0	0	0	0	0	0	0	0	0	0	0	0	0	0	0	0	0	0	0	0	0	0	0	0	0	0	0	0	0	0	0	0	0	0	0	0	0	0	320	0	2870	0	100	0	6432	0	12624	0	610	0	0	0	6182	0	0	0	10592	0	358	0	1836	0	7578	168	1234	0	0	0	0	0	0	0	0	0	0	0	0	0	0	0	4034	0	0	0	2444	0	0	0	0	0	0	0	0	0	0	0	0	0	0	0	0	0	0	0	0	0	0	0	0	0	0	0	
79728	Parietal_Sup_R	0	212	0	184	0	0	0	0	0	0	0	0	0	0	0	0	0	0	0	164	0	0	0	0	0	0	0	0	0	0	0	0	0	0	0	744	0	0	0	0	0	0	0	330	0	3470	0	438	0	8590	0	1612	0	0	0	0	0	5362	0	0	0	4082	0	608	0	2836	742	8808	0	710	0	0	0	0	0	0	0	0	0	0	0	128	0	0	0	290	0	0	0	138	0	0	0	0	0	0	0	0	0	0	0	0	0	0	0	0	0	0	0	0	416	0	0	0	0	0	
232204	Parietal_Inf_L	7186	0	1128	0	0	0	1392	0	0	0	458	0	0	0	0	0	1282	0	766	0	0	0	0	0	0	0	0	0	3810	0	0	0	0	0	0	0	256	0	0	0	0	0	0	0	0	0	0	0	2352	0	17480	0	694	0	160	0	19288	0	10592	0	0	0	17908	0	14472	0	368	0	90	0	300	0	396	0	232	0	110	0	722	0	2658	0	0	0	7090	0	0	0	4912	0	0	0	0	0	0	0	0	0	0	0	0	0	0	0	0	0	0	0	0	0	0	0	0	0	0	0	
106916	Parietal_Inf_R	0	806	0	504	0	0	0	0	0	0	0	0	0	0	0	0	0	1750	0	608	0	0	0	0	0	0	0	0	0	382	0	0	0	136	0	0	0	0	0	0	0	0	0	102	0	174	0	0	0	1718	0	5548	0	0	0	0	0	6404	0	4082	0	0	0	17096	0	11094	90	394	0	242	0	0	0	0	0	0	0	0	0	214	0	1520	0	0	0	428	0	0	0	166	0	0	0	0	0	0	0	0	0	0	0	0	0	0	0	0	0	0	0	0	0	0	0	0	0	0	
151820	SupraMarginal_L	2904	0	972	0	0	0	194	0	0	0	148	0	0	0	0	0	4288	0	746	0	0	0	0	0	0	0	0	0	2400	0	0	0	0	0	0	0	0	0	0	0	0	0	0	0	0	0	0	0	482	0	2688	0	496	0	314	0	10028	0	358	0	17908	0	0	0	6924	0	0	0	0	0	300	0	290	0	208	0	0	0	858	0	10420	0	0	0	8464	0	0	0	4430	0	90	0	0	0	0	0	0	0	0	0	0	0	0	0	0	0	0	0	0	0	0	0	0	0	0	0	
109024	SupraMarginal_R	0	2656	0	640	0	0	0	102	0	0	0	0	0	0	0	0	0	5198	0	506	0	0	0	0	0	0	0	0	0	860	0	0	0	100	0	0	0	138	0	84	0	0	0	0	0	0	0	0	0	0	0	2018	0	0	0	82	0	9992	0	608	0	17096	0	0	0	5360	0	162	0	152	0	110	0	0	0	0	0	0	0	980	0	6366	0	0	0	880	0	0	0	422	0	0	0	0	0	0	0	0	0	0	0	0	0	0	0	0	0	0	0	0	0	0	0	0	0	0	
117352	Angular_L	538	0	0	0	0	0	0	0	0	0	0	0	0	0	0	0	220	0	0	0	0	0	0	0	0	0	0	0	158	0	0	0	0	0	0	0	0	0	0	0	0	0	0	0	0	0	0	0	1168	0	18060	0	166	0	0	0	928	0	1836	0	14472	0	6924	0	0	0	0	0	0	0	0	0	0	0	0	0	0	0	136	0	2992	0	0	0	8920	0	0	0	2158	0	0	0	0	0	0	0	0	0	0	0	0	0	0	0	0	0	0	0	0	0	0	0	0	0	0	0	
108228	Angular_R	0	168	0	192	0	0	0	0	0	0	0	0	0	0	0	0	0	468	0	204	0	0	0	0	0	0	0	0	0	0	0	0	0	90	0	0	0	0	0	0	0	0	0	1456	0	634	0	206	0	3268	0	16120	0	0	0	0	0	512	0	2836	0	11094	0	5360	0	0	136	1268	0	170	0	0	0	0	0	0	0	0	0	0	0	3106	0	0	0	6466	0	0	0	360	0	0	0	0	0	0	0	0	0	0	0	0	0	0	0	0	0	0	0	0	0	0	0	0	0	0	
349480	Precuneus_L	2764	658	0	664	0	0	0	0	0	0	0	0	0	0	0	0	0	0	166	816	0	0	0	0	0	0	0	0	0	0	0	0	6050	2794	10236	3826	2024	716	1408	380	0	0	16212	1168	19940	5940	6000	528	12904	4732	10084	1944	4588	0	716	160	2764	538	7578	742	368	90	0	0	0	136	0	23900	7840	684	0	0	0	0	0	0	0	138	0	0	0	1034	0	0	1356	5506	0	0	856	3472	0	0	0	0	0	0	0	0	0	0	0	0	0	0	0	0	0	0	0	0	320	0	0	0	0	0	
495480	Precuneus_R	0	2852	0	1820	0	0	0	0	0	0	0	0	0	0	0	0	0	86	116	10836	0	0	0	0	0	0	0	0	0	130	0	0	1762	13702	1954	14836	390	3302	334	1714	0	0	1338	25532	4048	22066	436	14864	1090	16736	206	11846	0	1070	0	4796	0	8380	168	8808	0	394	0	162	0	1268	23900	0	1324	15230	0	0	0	0	0	0	0	146	0	0	0	2060	0	0	0	15126	0	0	0	7918	0	0	0	0	0	0	0	376	0	0	0	0	0	0	0	0	0	0	0	0	4618	0	0	0	0	0	
108224	Paracentral_Lobule_L	6022	0	212	0	0	0	0	0	0	0	0	0	0	0	0	0	0	0	3068	2950	0	0	0	0	0	0	0	0	0	0	0	0	5086	2768	1424	810	0	0	0	0	0	0	3628	404	4656	138	280	94	2108	102	2890	216	220	0	0	0	3032	92	1234	0	90	0	0	0	0	0	7840	1324	0	1968	90	0	0	0	0	0	792	0	0	0	0	122	0	0	244	208	0	0	0	0	0	0	0	0	0	0	0	0	0	0	0	0	0	0	0	0	0	0	0	0	0	0	0	0	0	0	
139076	Paracentral_Lobule_R	0	1452	0	298	0	0	0	0	0	0	0	0	0	0	0	0	0	86	0	13780	0	0	0	0	0	0	0	0	0	0	0	0	1794	9718	0	3152	0	0	0	0	0	0	0	5332	0	1560	0	1630	0	960	0	1790	0	0	0	92	0	5366	0	710	0	242	0	152	0	170	684	15230	1968	0	0	0	0	0	0	0	0	0	0	0	0	198	0	0	0	1810	0	0	0	504	0	0	0	0	0	0	0	0	0	0	0	0	0	0	0	0	0	0	0	0	860	0	0	0	0	0	
486324	Caudate_L	9306	288	25322	8564	4642	128	6822	9766	784	0	2928	1194	1108	432	3288	0	2146	326	16008	9720	12850	10388	2876	604	1842	1358	5488	3168	8802	658	15050	4448	142	3678	106	0	400	198	0	86	1192	0	0	0	0	0	0	0	0	0	0	0	108	0	334	0	2442	86	0	0	300	0	300	0	0	0	0	0	90	0	0	9628	35474	5106	4728	202	5932	784	388	0	226	0	324	0	222	0	0	0	382	0	0	0	0	0	0	0	0	0	0	0	0	0	0	0	0	0	0	0	0	0	0	0	0	0	0	0	
391424	Caudate_R	1252	1672	1666	32464	524	1814	196	3280	0	118	0	4568	0	756	160	1248	0	1524	1556	27706	3524	9708	1716	6282	536	4772	1064	4084	312	3810	4038	18996	0	6050	626	0	112	218	0	0	98	100	0	0	0	0	0	0	0	0	0	0	0	0	0	80	0	186	0	0	0	0	0	110	0	0	0	0	0	0	9628	0	7150	16496	512	1528	448	12686	0	0	0	0	0	338	0	0	0	0	0	0	0	0	0	0	0	0	0	0	0	0	0	0	0	0	0	0	0	0	0	0	0	0	0	0	0	0	
488856	Putamen_L	8938	98	28742	3168	4244	0	7110	3538	636	0	2960	458	1404	90	2342	0	3298	182	9898	3238	7552	7842	3472	316	1238	1130	2156	2386	27226	384	12906	2566	132	1076	0	0	9416	0	3412	0	2486	0	0	0	0	0	100	0	0	0	0	0	170	0	5270	0	2684	0	0	0	396	0	290	0	0	0	0	0	0	0	35474	7150	0	3996	9866	102	2788	102	1032	0	1844	0	456	0	1288	0	180	0	5120	0	0	0	0	0	0	0	80	0	0	0	0	0	0	0	0	0	0	0	0	0	0	0	0	0	0	0	
368212	Putamen_R	0	1348	844	21442	196	2144	0	4816	0	490	0	6232	0	1502	0	3816	0	1526	298	14776	2188	5062	798	5466	122	3084	286	2242	134	25022	2402	9228	0	3048	196	170	118	11642	0	5018	0	994	0	0	0	0	384	608	0	0	0	0	0	0	0	5270	0	176	0	0	0	0	0	0	0	0	0	0	0	0	5106	16496	3996	0	102	2718	0	4010	0	242	0	1896	0	1692	0	870	0	0	0	2854	0	0	0	0	174	0	342	228	0	208	0	0	0	0	0	0	0	0	0	84	0	0	0	0	0	0	
68648	Pallidum_L	2962	0	5978	98	0	0	1104	0	0	0	0	0	0	0	0	0	104	0	5578	230	0	284	0	0	0	0	0	0	110	0	0	0	0	0	0	0	214	0	0	0	0	0	0	0	0	0	0	0	0	0	0	0	0	0	0	0	612	0	0	0	232	0	208	0	0	0	0	0	0	0	4728	512	9866	102	0	0	1402	0	0	0	0	0	0	0	0	0	0	0	0	0	0	0	0	0	0	0	0	0	0	0	0	0	0	0	0	0	0	0	0	0	0	0	0	0	0	0	
20280	Pallidum_R	0	0	0	2876	0	0	0	0	0	0	0	0	0	0	0	0	0	0	0	2288	0	92	0	0	0	0	0	0	0	0	0	0	0	0	0	0	0	186	0	148	0	0	0	0	0	0	0	0	0	0	0	0	0	0	0	0	0	0	0	0	0	0	0	0	0	0	0	0	0	0	202	1528	102	2718	0	0	0	0	0	0	0	0	0	0	0	0	0	0	0	0	0	0	0	0	0	0	0	0	0	0	0	0	0	0	0	0	0	0	0	0	0	0	0	0	0	0	
162188	Thalamus_L	16552	0	13360	1354	0	0	1692	0	0	0	0	0	0	0	0	0	168	0	12260	828	0	0	0	0	0	0	0	0	2322	0	0	0	0	102	104	0	4046	0	1864	0	0	0	0	0	0	0	1252	0	0	0	0	0	0	0	432	0	2846	0	0	0	110	0	0	0	0	0	0	0	792	0	5932	448	2788	0	1402	0	0	8494	1360	0	212	0	0	0	218	0	0	0	156	0	0	0	0	0	0	0	0	0	0	0	0	0	0	0	0	0	0	0	0	0	0	0	0	0	0	0	
265240	Thalamus_R	2088	2404	1452	32292	0	0	804	1464	0	0	0	1360	0	0	0	0	114	252	346	25828	0	80	0	0	0	0	0	0	1068	2208	0	108	0	0	4742	4568	5826	5358	2144	2140	0	342	0	0	0	0	1886	918	0	0	0	0	0	0	308	900	142	272	0	0	0	0	0	0	0	0	138	146	0	0	784	12686	102	4010	0	0	8494	0	1136	160	108	468	0	0	0	720	0	0	0	962	0	0	0	0	184	0	384	446	0	0	0	0	0	0	0	0	0	0	0	278	0	0	0	0	0	0	
140096	Heschl_L	6774	0	2750	508	0	0	2980	86	0	0	1640	0	88	0	0	0	7248	0	712	266	0	0	122	0	0	0	0	0	14944	0	180	0	0	0	0	188	4728	0	0	0	0	0	0	0	0	0	0	0	0	0	592	0	644	0	590	0	3718	0	0	0	722	0	858	0	136	0	0	0	0	0	388	0	1032	0	0	0	1360	1136	0	0	6568	0	0	0	5292	0	0	0	3798	0	0	0	0	0	0	0	0	0	0	0	0	0	0	0	0	0	0	0	0	0	0	0	0	0	0	0	
71980	Heschl_R	0	142	0	522	0	0	0	80	0	0	0	0	0	0	0	194	0	3470	0	548	0	0	0	0	0	0	0	0	0	6360	0	0	0	0	0	0	0	3362	0	2004	0	0	0	0	0	0	0	0	0	0	0	0	0	116	0	2264	0	186	0	0	0	214	0	980	0	0	0	0	0	0	0	0	0	242	0	0	0	160	0	0	0	10324	0	218	0	3076	0	0	0	1194	0	88	0	0	0	0	0	120	0	126	0	0	0	0	0	0	0	0	0	0	0	0	0	0	0	0	
247776	Temporal_Sup_L	2516	0	1092	92	0	0	994	96	0	0	1096	0	80	0	170	0	9782	0	386	0	0	0	86	0	0	0	0	0	20632	0	132	0	0	0	0	0	1862	0	292	0	0	0	0	0	0	0	0	0	112	0	932	0	690	0	2346	0	2598	0	0	0	2658	0	10420	0	2992	0	0	0	0	0	226	0	1844	0	0	0	212	108	6568	0	0	0	3922	0	33400	0	0	0	15444	0	108	0	0	0	0	0	0	0	0	0	0	0	0	0	0	0	0	0	0	0	0	0	0	0	0	0	
233624	Temporal_Sup_R	0	1390	0	950	0	0	0	132	0	0	0	112	0	0	0	1850	0	5116	0	786	0	0	0	0	0	0	0	0	0	14626	0	0	0	168	0	130	0	5402	0	3226	0	162	0	120	0	0	0	136	0	188	0	1038	0	282	0	4644	0	944	0	128	0	1520	0	6366	0	3106	1034	2060	122	198	0	0	0	1896	0	0	0	468	0	10324	0	0	0	9280	0	26146	0	2138	0	10248	0	100	0	0	0	0	0	134	0	142	0	0	0	0	0	0	0	0	0	0	0	0	0	0	0	0	
84556	Temporal_Pole_Sup_L	0	0	758	0	928	0	128	102	114	0	1096	0	432	0	1876	0	1730	0	366	0	1240	0	164	0	0	0	664	0	5352	0	258	0	0	0	0	0	260	0	1726	0	360	0	0	0	0	0	0	0	0	0	0	0	0	0	3494	0	0	0	0	0	0	0	0	0	0	0	0	0	0	0	324	0	456	0	0	0	0	0	0	0	3922	0	0	0	5152	0	4756	0	6620	0	0	0	0	0	0	0	0	0	0	0	0	0	0	0	0	0	0	0	0	0	0	0	0	0	0	0	
117556	Temporal_Pole_Sup_R	0	0	0	342	0	0	0	110	0	0	0	738	0	0	0	3870	0	1544	0	104	0	0	0	0	0	0	0	0	0	7106	0	296	0	0	0	0	0	1248	0	2664	0	2348	0	0	0	0	0	0	0	0	0	0	0	0	0	7398	0	0	0	0	0	0	0	0	0	0	0	0	0	0	0	338	0	1692	0	0	0	0	0	218	0	9280	0	0	0	6218	0	6736	0	6528	0	0	0	0	0	0	0	0	0	0	0	0	0	0	0	0	0	0	0	0	0	0	0	0	0	0	
399064	Temporal_Mid_L	3910	0	674	0	0	0	390	0	0	0	532	0	0	0	106	0	3890	0	230	0	0	0	0	0	0	0	0	0	14634	0	0	0	0	0	2206	856	1894	0	370	0	0	0	1592	0	0	0	174	0	3654	0	25298	0	8292	0	3826	0	2788	0	4034	0	7090	0	8464	0	8920	0	1356	0	244	0	222	0	1288	0	0	0	218	0	5292	0	33400	0	5152	0	0	0	4150	0	44022	0	198	0	0	0	0	0	0	0	166	0	0	0	0	0	0	0	0	0	0	0	0	0	0	0	0	0	
348124	Temporal_Mid_R	0	2808	0	2400	0	0	0	0	0	0	0	0	0	0	0	430	0	808	0	1942	0	0	0	0	0	0	0	0	0	5312	0	0	150	1234	0	1232	0	5084	0	2266	0	142	0	6188	0	1352	0	3762	0	1596	0	18164	0	1952	0	7812	0	1204	0	290	0	428	0	880	0	6466	5506	15126	208	1810	0	0	0	870	0	0	0	720	0	3076	0	26146	0	6218	0	0	0	3896	0	35616	0	0	0	0	0	0	0	0	0	0	0	0	0	0	0	0	0	0	0	0	968	0	0	0	0	0	
35020	Temporal_Pole_Mid_L	0	0	0	0	0	0	0	0	0	0	0	0	0	0	0	0	0	0	0	0	0	0	0	0	0	0	0	0	310	0	0	0	0	0	0	0	208	0	1444	0	350	0	0	0	0	0	0	0	0	0	0	0	0	0	2218	0	0	0	0	0	0	0	0	0	0	0	0	0	0	0	0	0	180	0	0	0	0	0	0	0	0	0	4756	0	4150	0	0	0	3894	0	0	0	0	0	0	0	0	0	0	0	0	0	0	0	0	0	0	0	0	0	0	0	0	0	0	0	
40848	Temporal_Pole_Mid_R	0	0	0	0	0	0	0	0	0	0	0	0	0	0	0	228	0	0	0	0	0	0	0	0	0	0	0	0	0	474	0	0	0	0	0	0	0	78	0	782	0	284	0	0	0	0	0	0	0	0	0	0	0	0	0	2654	0	0	0	0	0	0	0	0	0	0	0	0	0	0	0	0	0	0	0	0	0	0	0	0	0	2138	0	6736	0	3896	0	0	0	3154	0	0	0	0	0	0	0	0	0	0	0	0	0	0	0	0	0	0	0	0	0	0	0	0	0	0	
387056	Temporal_Inf_L	3158	0	760	0	0	0	442	0	0	0	854	0	0	0	0	0	3280	0	86	88	164	0	0	0	0	0	0	0	16940	0	142	0	0	0	1184	736	11182	0	2308	0	1976	0	1004	0	0	0	746	0	1066	0	12524	0	10284	0	23866	0	1738	0	2444	0	4912	0	4430	0	2158	0	856	0	0	0	382	0	5120	0	0	0	156	0	3798	0	15444	0	6620	0	44022	0	3894	0	0	0	2676	0	408	0	0	0	326	0	880	0	214	0	260	0	0	0	0	0	0	0	0	0	0	0	0	0	
297504	Temporal_Inf_R	0	1128	0	1526	0	0	0	0	0	0	0	0	0	0	0	372	0	524	0	1000	0	0	0	0	0	0	0	0	0	6292	0	0	0	256	228	1090	194	13718	112	5830	0	2622	0	1494	0	204	134	2006	0	392	0	3024	0	4982	0	24632	0	512	0	138	0	166	0	422	0	360	3472	7918	0	504	0	0	0	2854	0	0	0	962	0	1194	0	10248	0	6528	0	35616	0	3154	0	0	0	1122	0	84	0	0	0	390	0	474	0	108	0	178	0	0	0	0	0	0	588	0	0	0	0	0	
525260	Cerebelum_Crus1_L	0	0	0	0	0	0	0	0	0	0	0	0	0	0	0	0	128	0	0	0	0	0	0	0	0	0	0	0	0	0	0	0	0	0	214	160	94	0	130	0	0	0	382	0	0	0	7930	3242	0	0	1192	0	1272	230	20354	832	0	0	0	0	0	0	90	0	0	0	0	0	0	0	0	0	0	0	0	0	0	0	0	0	108	0	0	0	198	0	0	0	2676	0	0	10714	37392	5052	2402	842	19430	1802	49244	7548	18224	1206	26168	2166	5750	728	1150	92	564	1468	4722	8330	14444	2010	1766	184	
474020	Cerebelum_Crus1_R	0	0	0	0	0	0	0	0	0	0	0	0	0	0	0	0	0	0	0	0	0	0	0	0	0	0	0	0	0	162	0	0	0	0	0	0	0	384	0	722	0	0	316	96	0	0	3152	5770	0	0	994	0	360	346	1810	10102	0	0	0	0	0	0	0	0	0	0	0	0	0	0	0	0	0	0	0	0	0	0	0	88	0	100	0	0	0	0	0	0	0	1122	10714	0	6812	28064	192	6084	1920	20680	7034	48358	2182	10052	3090	19594	1080	2986	90	324	422	3728	7468	9202	15968	2518	2140	784	
384324	Cerebelum_Crus2_L	0	0	0	0	0	0	0	0	0	0	0	0	0	0	0	0	0	0	0	0	0	0	0	0	0	0	0	0	0	0	0	0	0	0	0	0	0	0	0	0	0	0	0	0	0	0	1416	900	0	0	0	0	208	0	2458	218	0	0	0	0	0	0	0	0	0	0	0	0	0	0	0	0	0	0	0	0	0	0	0	0	0	0	0	0	0	0	0	0	408	0	37392	6812	0	11792	700	362	3614	600	8356	3190	38508	6862	32360	7394	4412	676	0	146	184	572	824	2268	16254	2610	570	96	
294516	Cerebelum_Crus2_R	0	0	0	0	0	0	0	0	0	0	0	0	0	0	0	0	0	0	0	0	0	0	0	0	0	0	0	0	0	0	0	0	0	0	0	0	0	0	0	0	0	0	236	0	0	0	1650	424	0	0	768	0	248	0	1096	318	0	0	0	0	0	0	0	0	0	0	0	0	0	0	0	0	0	0	0	0	0	0	0	0	0	0	0	0	0	0	0	0	0	84	5052	28064	11792	0	0	888	196	1146	2142	5980	6344	23856	4294	27728	904	2334	0	212	114	664	302	1352	15004	2908	910	248	
47504	Cerebelum_3_L	0	0	0	118	0	0	0	0	0	0	0	0	0	0	0	0	0	0	0	84	0	0	0	0	0	0	0	0	0	0	0	0	0	0	0	0	78	136	540	92	0	0	0	0	0	0	926	232	0	0	0	0	0	0	186	0	0	0	0	0	0	0	0	0	0	0	0	0	0	0	0	0	0	174	0	0	0	184	0	0	0	0	0	0	0	0	0	0	0	0	2402	192	700	0	0	112	7388	118	3162	196	514	0	978	0	518	0	0	0	950	2820	862	90	0	0	0	0	
83044	Cerebelum_3_R	0	0	0	0	0	0	0	0	0	0	0	0	0	0	0	0	0	0	0	0	0	0	0	0	0	0	0	0	0	0	0	0	0	0	0	0	0	378	0	574	0	0	0	0	0	0	194	592	0	0	0	0	0	0	0	340	0	0	0	0	0	0	0	0	0	0	0	0	0	0	0	0	0	0	0	0	0	0	0	0	0	0	0	0	0	0	0	0	0	0	842	6084	362	888	112	0	958	5988	874	7750	240	224	414	1318	166	814	0	0	980	6284	1890	382	1246	840	708	80	
236600	Cerebelum_4_5_L	0	0	0	298	0	0	0	0	0	0	0	0	0	0	0	0	0	0	0	220	0	0	0	0	0	0	0	0	82	0	0	0	0	0	0	0	660	332	992	212	0	0	96	0	0	0	8732	722	0	0	122	0	140	0	9906	186	0	0	0	0	0	0	0	0	0	0	0	0	0	0	0	0	80	342	0	0	0	384	0	0	0	0	0	0	0	0	0	0	326	0	19430	1920	3614	196	7388	958	0	1814	29310	2156	2860	0	5480	236	3184	214	168	0	620	2684	8282	2104	738	280	368	464	
215604	Cerebelum_4_5_R	0	0	0	0	0	0	0	0	0	0	0	0	0	0	0	0	0	0	0	0	0	0	0	0	0	0	0	0	0	248	0	0	0	0	276	310	152	2520	0	4052	0	0	0	108	0	0	454	7072	0	0	0	0	0	122	88	7474	0	0	0	0	0	0	0	0	0	0	0	376	0	0	0	0	0	228	0	0	0	446	0	120	0	134	0	0	0	0	0	0	0	390	1802	20680	600	1146	118	5988	1814	0	2480	25676	386	144	844	1408	236	786	0	0	110	3196	9586	2934	1456	758	574	510	
407452	Cerebelum_6_L	0	0	0	0	0	0	0	0	0	0	0	0	0	0	0	0	0	0	0	0	0	0	0	0	0	0	0	0	0	0	0	0	0	0	0	0	212	0	252	0	0	0	448	0	0	0	12992	3302	84	0	1284	0	820	214	23680	882	0	0	0	0	0	0	0	0	0	0	0	0	0	0	0	0	0	0	0	0	0	0	0	0	0	0	0	0	166	0	0	0	880	0	49244	7034	8356	2142	3162	874	29310	2480	0	5952	5592	0	11766	570	3922	514	748	0	490	1710	8450	8170	6260	872	788	104	
385092	Cerebelum_6_R	0	0	0	0	0	0	0	0	0	0	0	0	0	0	0	0	0	0	0	0	0	0	0	0	0	0	0	0	0	278	0	0	0	0	0	0	0	684	0	1164	0	0	0	84	0	0	1120	8802	0	0	0	0	0	1082	316	12702	0	0	0	0	0	0	0	0	0	0	0	0	0	0	0	0	0	208	0	0	0	0	0	126	0	142	0	0	0	0	0	0	0	474	7548	48358	3190	5980	196	7750	2156	25676	5952	0	1078	1892	2510	6140	1114	2986	160	258	606	4486	9374	12224	9832	2568	2232	1098	
276248	Cerebelum_7b_L	0	0	0	0	0	0	0	0	0	0	0	0	0	0	0	0	0	0	0	0	0	0	0	0	0	0	0	0	0	0	0	0	0	0	0	0	0	0	0	0	0	0	0	0	0	0	396	318	0	0	0	0	0	0	1260	116	0	0	0	0	0	0	0	0	0	0	0	0	0	0	0	0	0	0	0	0	0	0	0	0	0	0	0	0	0	0	0	0	214	0	18224	2182	38508	6344	514	240	2860	386	5592	1078	0	4014	31434	5608	4616	584	204	128	136	408	522	580	8026	2960	562	110	
169652	Cerebelum_7b_R	0	0	0	0	0	0	0	0	0	0	0	0	0	0	0	0	0	0	0	0	0	0	0	0	0	0	0	0	0	0	0	0	0	0	0	0	0	0	0	0	0	0	0	0	0	0	0	0	0	0	0	0	0	0	0	134	0	0	0	0	0	0	0	0	0	0	0	0	0	0	0	0	0	0	0	0	0	0	0	0	0	0	0	0	0	0	0	0	0	108	1206	10052	6862	23856	0	224	0	144	0	1892	4014	0	1844	23390	342	2086	0	0	0	156	0	112	6648	1614	142	0	
360668	Cerebelum_8_L	0	0	0	0	0	0	0	0	0	0	0	0	0	0	0	0	0	0	0	0	0	0	0	0	0	0	0	0	0	0	0	0	0	0	0	0	0	0	0	0	0	0	0	0	0	0	954	1046	0	0	0	0	0	88	1970	432	0	0	0	0	0	0	0	0	0	0	0	0	0	0	0	0	0	0	0	0	0	0	0	0	0	0	0	0	0	0	0	0	260	0	26168	3090	32360	4294	978	414	5480	844	11766	2510	31434	1844	0	5536	20160	1696	1600	130	376	730	2322	2546	9120	6208	3386	592	
278848	Cerebelum_8_R	0	0	0	0	0	0	0	0	0	0	0	0	0	0	0	0	0	0	0	0	0	0	0	0	0	0	0	0	0	0	0	0	0	0	0	0	0	0	0	0	0	0	0	0	0	0	0	158	0	0	0	0	0	0	0	408	0	0	0	0	0	0	0	0	0	0	0	0	0	0	0	0	0	0	0	0	0	0	0	0	0	0	0	0	0	0	0	0	0	178	2166	19594	7394	27728	0	1318	236	1408	570	6140	5608	23390	5536	0	1692	13890	0	702	466	990	296	766	10526	5246	2466	552	
137772	Cerebelum_9_L	0	0	0	0	0	0	0	0	0	0	0	0	0	0	0	0	0	0	0	0	0	0	0	0	0	0	0	0	0	0	0	0	0	0	0	0	0	0	0	0	0	0	0	0	0	0	440	254	0	0	0	0	0	0	182	0	0	0	0	0	0	0	0	0	0	0	0	0	0	0	0	0	0	0	0	0	0	0	0	0	0	0	0	0	0	0	0	0	0	0	5750	1080	4412	904	518	166	3184	236	3922	1114	4616	342	20160	1692	0	870	3344	0	160	184	1874	2012	4036	3290	3126	1018	
98768	Cerebelum_9_R	0	0	0	0	0	0	0	0	0	0	0	0	0	0	0	0	0	0	0	0	0	0	0	0	0	0	0	0	0	0	0	0	0	0	0	0	0	0	0	0	0	0	0	0	0	0	0	196	0	0	0	0	0	0	0	108	0	0	0	0	0	0	0	0	0	0	0	0	0	0	0	0	0	0	0	0	0	0	0	0	0	0	0	0	0	0	0	0	0	0	728	2986	676	2334	0	814	214	786	514	2986	584	2086	1696	13890	870	0	78	1108	444	702	904	1800	3154	3364	4274	2088	
18116	Cerebelum_10_L	0	0	0	0	0	0	0	0	0	0	0	0	0	0	0	0	0	0	0	0	0	0	0	0	0	0	0	0	0	0	0	0	0	0	0	0	0	0	0	0	0	0	0	0	0	0	0	0	0	0	0	0	0	0	0	0	0	0	0	0	0	0	0	0	0	0	0	0	0	0	0	0	0	0	0	0	0	0	0	0	0	0	0	0	0	0	0	0	0	0	1150	90	0	0	0	0	168	0	748	160	204	0	1600	0	3344	78	0	0	0	0	96	230	582	318	290	0	
8296	Cerebelum_10_R	0	0	0	0	0	0	0	0	0	0	0	0	0	0	0	0	0	0	0	0	0	0	0	0	0	0	0	0	0	0	0	0	0	0	0	0	0	0	0	0	0	0	0	0	0	0	0	0	0	0	0	0	0	0	0	0	0	0	0	0	0	0	0	0	0	0	0	0	0	0	0	0	0	0	0	0	0	0	0	0	0	0	0	0	0	0	0	0	0	0	92	324	146	212	0	0	0	0	0	258	128	0	130	702	0	1108	0	0	0	0	0	0	386	246	214	202	
26332	Vermis_1_2	0	0	0	0	0	0	0	0	0	0	0	0	0	0	0	0	0	0	0	0	0	0	0	0	0	0	0	0	0	0	0	0	0	0	0	0	0	0	0	0	0	0	0	0	0	0	0	0	0	0	0	0	0	0	0	0	0	0	0	0	0	0	0	0	0	0	0	0	0	0	0	0	0	0	0	0	0	0	0	0	0	0	0	0	0	0	0	0	0	0	564	422	184	114	950	980	620	110	490	606	136	0	376	466	160	444	0	0	0	4040	754	212	546	542	370	80	
