data	data	425108	181440	1.09683e+06	817724	130892	80592	620848	236504	57264	23476	187036	118248	195868	163508	130936	80112	223616	55664	788244	943636	89168	65724	529256	419312	36648	131988	81236	55312	447220	237956	413180	571284	178380	564152	117556	142744	190396	197580	79244	121728	38268	46024	146288	266476	143536	431312	256892	270384	166276	370460	428848	205920	160544	111164	350296	281064	322600	390896	187328	209008	187332	138468	180808	166776	168424	186260	175424	519708	217420	389028	291568	324844	361432	194752	91312	20016	63968	127140	73804	12256	185056	113292	71464	33856	343300	353364	39100	9044	265640	268752	484968	476080	394960	277576	29204	45248	346768	281608	476072	503184	322836	178728	367864	390040	110444	161384	30288	9184	47760	79908	340856	232240	193032	228580	137504	16592	
data	data	Precentral_L	Precentral_R	Frontal_Sup_L	Frontal_Sup_R	Frontal_Sup_Orb_L	Frontal_Sup_Orb_R	Frontal_Mid_L	Frontal_Mid_R	Frontal_Mid_Orb_L	Frontal_Mid_Orb_R	Frontal_Inf_Oper_L	Frontal_Inf_Oper_R	Frontal_Inf_Tri_L	Frontal_Inf_Tri_R	Frontal_Inf_Orb_L	Frontal_Inf_Orb_R	Rolandic_Oper_L	Rolandic_Oper_R	Supp_Motor_Area_L	Supp_Motor_Area_R	Olfactory_L	Olfactory_R	Frontal_Sup_Medial_L	Frontal_Sup_Medial_R	Frontal_Med_Orb_L	Frontal_Med_Orb_R	Rectus_L	Rectus_R	Insula_L	Insula_R	Cingulum_Ant_L	Cingulum_Ant_R	Cingulum_Mid_L	Cingulum_Mid_R	Cingulum_Post_L	Cingulum_Post_R	Hippocampus_L	Hippocampus_R	ParaHippocampal_L	ParaHippocampal_R	Amygdala_L	Amygdala_R	Calcarine_L	Calcarine_R	Cuneus_L	Cuneus_R	Lingual_L	Lingual_R	Occipital_Sup_L	Occipital_Sup_R	Occipital_Mid_L	Occipital_Mid_R	Occipital_Inf_L	Occipital_Inf_R	Fusiform_L	Fusiform_R	Postcentral_L	Postcentral_R	Parietal_Sup_L	Parietal_Sup_R	Parietal_Inf_L	Parietal_Inf_R	SupraMarginal_L	SupraMarginal_R	Angular_L	Angular_R	Precuneus_L	Precuneus_R	Paracentral_Lobule_L	Paracentral_Lobule_R	Caudate_L	Caudate_R	Putamen_L	Putamen_R	Pallidum_L	Pallidum_R	Thalamus_L	Thalamus_R	Heschl_L	Heschl_R	Temporal_Sup_L	Temporal_Sup_R	Temporal_Pole_Sup_L	Temporal_Pole_Sup_R	Temporal_Mid_L	Temporal_Mid_R	Temporal_Pole_Mid_L	Temporal_Pole_Mid_R	Temporal_Inf_L	Temporal_Inf_R	Cerebelum_Crus1_L	Cerebelum_Crus1_R	Cerebelum_Crus2_L	Cerebelum_Crus2_R	Cerebelum_3_L	Cerebelum_3_R	Cerebelum_4_5_L	Cerebelum_4_5_R	Cerebelum_6_L	Cerebelum_6_R	Cerebelum_7b_L	Cerebelum_7b_R	Cerebelum_8_L	Cerebelum_8_R	Cerebelum_9_L	Cerebelum_9_R	Cerebelum_10_L	Cerebelum_10_R	Vermis_1_2	Vermis_3	Vermis_4_5	Vermis_6	Vermis_7	Vermis_8	Vermis_9	Vermis_10	
425108	Precentral_L	0	340	23214	1688	0	0	15220	0	0	0	8964	0	1114	0	0	0	12022	0	13558	9942	0	0	1374	0	0	0	0	0	7374	0	1148	854	1130	3132	932	0	5430	0	966	0	0	0	0	0	140	0	0	0	0	0	3400	0	2420	0	2770	0	23592	0	366	0	3996	0	3474	0	772	0	148	0	17904	3462	5208	270	4812	0	4218	0	13144	258	4168	0	2904	0	166	0	3720	0	0	0	2840	0	0	0	0	0	0	0	0	0	0	0	0	0	0	0	0	0	0	0	0	0	0	0	0	0	0	0	
181440	Precentral_R	340	0	0	6654	0	222	0	12798	0	274	0	5858	0	1298	0	294	0	1524	506	4656	0	0	0	214	0	98	0	0	0	3912	0	1334	98	316	110	148	0	4362	0	494	0	0	0	0	0	164	0	0	0	104	0	0	0	0	0	136	0	19506	0	0	0	1780	0	2546	0	0	0	210	1754	5210	0	4314	0	4062	0	280	0	3928	0	204	0	234	0	0	0	192	0	0	0	586	0	0	0	0	0	0	0	0	0	0	0	0	0	0	0	0	0	0	0	0	0	0	0	0	0	0	
1.09683e+06	Frontal_Sup_L	23214	0	0	14956	9748	186	88084	2056	2734	0	13306	662	13814	938	8332	0	11490	0	92648	25816	260	0	57674	12706	2036	962	1248	0	30466	0	22726	10408	6850	12648	0	0	2032	0	188	0	0	0	0	0	0	0	0	0	0	0	0	0	0	0	232	0	6600	0	0	0	826	0	870	0	148	0	0	0	2288	0	15352	128	37016	0	12164	0	1636	154	638	0	872	0	548	0	296	0	0	0	460	0	0	0	0	0	0	0	0	0	0	0	0	0	0	0	0	0	0	0	0	0	0	0	0	0	0	0	
817724	Frontal_Sup_R	1688	6654	14956	0	0	4624	8086	36326	0	764	166	7816	0	13154	0	4598	688	1824	19134	90610	0	0	12640	41758	0	4060	0	0	722	13816	8252	39038	1304	26324	0	0	596	450	0	0	0	0	0	0	0	0	0	0	0	0	0	0	0	0	146	0	1464	1014	0	0	122	0	206	0	0	0	0	0	562	0	8338	18066	2164	10330	428	710	304	3950	254	174	0	362	0	0	0	0	0	0	220	0	0	0	0	0	0	0	0	0	0	0	0	0	0	0	0	0	0	0	0	0	0	0	0	0	0	0	
130892	Frontal_Sup_Orb_L	0	0	9748	0	0	0	784	0	8772	0	0	0	308	0	11144	0	0	0	276	0	2692	218	6060	194	4022	110	7374	174	3762	0	4546	370	0	0	0	0	158	0	0	0	0	0	0	0	0	0	0	0	0	0	0	0	0	0	0	0	0	0	0	0	0	0	0	0	0	0	0	0	0	0	1018	130	3586	0	0	0	0	0	0	0	0	0	0	0	0	0	0	0	0	0	0	0	0	0	0	0	0	0	0	0	0	0	0	0	0	0	0	0	0	0	0	0	0	0	0	0	
80592	Frontal_Sup_Orb_R	0	222	186	4624	0	0	0	758	0	2460	0	136	0	984	0	5038	0	0	0	366	0	712	1098	5140	0	7584	0	3320	0	1280	514	4238	0	780	0	0	0	0	0	0	0	0	0	0	0	0	0	0	0	0	0	0	0	0	0	0	0	0	0	0	0	0	0	0	0	0	0	0	0	0	0	140	0	716	0	0	0	0	0	0	0	0	0	0	0	0	0	0	0	0	0	0	0	0	0	0	0	0	0	0	0	0	0	0	0	0	0	0	0	0	0	0	0	0	0	0	
620848	Frontal_Mid_L	15220	0	88084	8086	784	0	0	1584	2152	0	11468	568	35414	772	8184	0	3936	0	22654	10076	0	0	27826	5750	132	122	0	0	19974	0	8806	4608	2426	7796	0	0	702	0	0	0	0	0	0	0	0	0	0	0	0	0	0	0	0	0	106	0	4156	0	0	0	998	0	764	0	116	0	0	0	0	0	5132	108	8640	0	1894	0	184	146	360	0	226	0	292	0	0	0	0	0	178	0	0	0	0	0	0	0	0	0	0	0	0	0	0	0	0	0	0	0	0	0	0	0	0	0	0	0	
236504	Frontal_Mid_R	0	12798	2056	36326	0	758	1584	0	0	1002	0	6874	0	9692	0	2240	0	530	4838	12668	0	0	848	5090	0	218	0	0	0	3140	210	3692	152	7934	0	0	0	294	0	0	0	0	0	0	0	0	0	0	0	0	0	0	0	0	0	0	0	1266	0	0	0	0	0	0	0	0	0	0	0	0	164	2414	0	788	0	0	0	676	0	0	0	0	0	0	0	0	0	0	0	0	0	0	0	0	0	0	0	0	0	0	0	0	0	0	0	0	0	0	0	0	0	0	0	0	0	0	
57264	Frontal_Mid_Orb_L	0	0	2734	0	8772	0	2152	0	0	0	0	0	1850	0	10038	0	0	0	0	0	204	0	0	0	104	0	2014	0	614	0	0	0	0	0	0	0	0	0	0	0	0	0	0	0	0	0	0	0	0	0	0	0	0	0	0	0	0	0	0	0	0	0	0	0	0	0	0	0	0	0	150	0	0	0	0	0	0	0	0	0	0	0	0	0	0	0	0	0	0	0	0	0	0	0	0	0	0	0	0	0	0	0	0	0	0	0	0	0	0	0	0	0	0	0	0	0	
23476	Frontal_Mid_Orb_R	0	274	0	764	0	2460	0	1002	0	0	0	308	0	488	0	5266	0	0	0	360	0	0	0	214	0	0	0	108	0	146	0	0	0	348	0	0	0	0	0	0	0	0	0	0	0	0	0	0	0	0	0	0	0	0	0	0	0	0	0	0	0	0	0	0	0	0	0	0	0	0	0	0	0	0	0	0	0	0	0	0	0	0	0	0	0	0	0	0	0	0	0	0	0	0	0	0	0	0	0	0	0	0	0	0	0	0	0	0	0	0	0	0	0	0	0	0	
187036	Frontal_Inf_Oper_L	8964	0	13306	166	0	0	11468	0	0	0	0	0	10514	0	178	0	11758	0	5112	444	0	0	1846	0	0	0	0	0	15200	0	636	252	238	282	0	0	194	0	0	0	0	0	0	0	0	0	0	0	0	0	0	0	0	0	0	0	5884	0	0	0	676	0	502	0	0	0	0	0	0	0	616	0	1354	0	208	0	0	0	284	0	1046	0	2262	0	0	0	0	0	128	0	0	0	0	0	0	0	0	0	0	0	0	0	0	0	0	0	0	0	0	0	0	0	0	0	0	0	
118248	Frontal_Inf_Oper_R	0	5858	662	7816	0	136	568	6874	0	308	0	0	0	7318	0	514	0	1242	1418	7738	0	0	0	0	0	0	0	0	0	10932	0	582	0	1972	0	0	0	0	0	0	0	0	0	0	0	0	0	0	0	0	0	0	0	0	0	0	0	1088	0	0	0	0	0	0	0	0	0	0	0	0	0	2976	0	962	0	0	0	0	0	0	0	0	0	160	0	0	0	0	0	0	0	0	0	0	0	0	0	0	0	0	0	0	0	0	0	0	0	0	0	0	0	0	0	0	0	0	
195868	Frontal_Inf_Tri_L	1114	0	13814	0	308	0	35414	0	1850	0	10514	0	0	0	8714	0	2206	0	1466	222	0	0	1960	104	0	0	0	0	17126	0	602	168	262	244	0	0	0	0	0	0	0	0	0	0	0	0	0	0	0	0	0	0	0	0	0	0	572	0	0	0	0	0	0	0	0	0	0	0	0	0	236	0	554	0	0	0	0	0	0	0	0	0	484	0	0	0	0	0	0	0	0	0	0	0	0	0	0	0	0	0	0	0	0	0	0	0	0	0	0	0	0	0	0	0	0	0	
163508	Frontal_Inf_Tri_R	0	1298	938	13154	0	984	772	9692	0	488	0	7318	0	0	0	5418	0	170	2096	8364	0	0	320	4324	0	860	0	0	0	13046	98	3924	0	3952	0	0	0	0	0	0	0	0	0	0	0	0	0	0	0	0	0	0	0	0	0	0	0	0	0	0	0	0	0	0	0	0	0	0	0	0	0	3440	0	1098	0	0	0	0	0	0	0	0	0	0	0	0	0	0	0	0	0	0	0	0	0	0	0	0	0	0	0	0	0	0	0	0	0	0	0	0	0	0	0	0	0	0	
130936	Frontal_Inf_Orb_L	0	0	8332	0	11144	0	8184	0	10038	0	178	0	8714	0	0	0	0	0	400	0	2382	0	362	0	0	0	2464	0	9096	0	334	0	0	0	0	0	764	0	134	0	524	0	0	0	0	0	0	0	0	0	0	0	0	0	194	0	0	0	0	0	0	0	0	0	0	0	0	0	0	0	674	0	934	0	0	0	0	0	0	0	0	0	514	0	102	0	0	0	0	0	0	0	0	0	0	0	0	0	0	0	0	0	0	0	0	0	0	0	0	0	0	0	0	0	0	0	
80112	Frontal_Inf_Orb_R	0	294	0	4598	0	5038	0	2240	0	5266	0	514	0	5418	0	0	0	0	0	660	0	158	152	2910	0	2862	0	284	0	5254	0	2898	0	494	0	0	0	0	0	0	0	0	0	0	0	0	0	0	0	0	0	0	0	0	0	0	0	0	0	0	0	0	0	0	0	0	0	0	0	0	0	370	0	262	0	0	0	0	0	0	0	140	0	244	0	0	0	0	0	0	0	0	0	0	0	0	0	0	0	0	0	0	0	0	0	0	0	0	0	0	0	0	0	0	0	0	
223616	Rolandic_Oper_L	12022	0	11490	688	0	0	3936	0	0	0	11758	0	2206	0	0	0	0	0	9108	812	0	0	764	0	0	0	0	0	21788	0	232	0	0	0	0	0	840	0	0	0	0	0	0	0	0	0	0	0	0	0	422	0	204	0	302	0	10386	0	0	0	2034	0	4132	0	594	0	0	0	144	0	844	0	1394	0	0	0	0	0	2688	0	7140	0	1980	0	2546	0	0	0	1354	0	0	0	0	0	0	0	0	0	0	0	0	0	0	0	0	0	0	0	0	0	0	0	0	0	0	0	
55664	Rolandic_Oper_R	0	1524	0	1824	0	0	0	530	0	0	0	1242	0	170	0	0	0	0	130	1770	0	0	0	0	0	0	0	0	0	5138	0	0	0	0	0	0	0	926	0	0	0	0	0	0	0	0	0	0	0	0	0	0	0	0	0	0	0	3552	0	0	0	0	0	2608	0	0	0	0	0	318	0	440	0	2080	0	0	0	130	0	1556	0	3498	0	224	0	0	0	0	0	172	0	0	0	0	0	0	0	0	0	0	0	0	0	0	0	0	0	0	0	0	0	0	0	0	0	0	
788244	Supp_Motor_Area_L	13558	506	92648	19134	276	0	22654	4838	0	0	5112	1418	1466	2096	400	0	9108	130	0	58776	0	0	11432	5420	0	0	0	0	18574	180	9500	8292	13096	21908	444	0	1288	0	0	0	0	0	0	0	0	0	0	0	0	0	0	0	0	0	150	0	4422	212	0	0	530	0	694	0	102	0	0	0	9360	1568	15326	5908	23974	0	5774	628	534	738	556	0	668	0	354	0	142	0	0	0	228	0	0	0	0	0	0	0	0	0	0	0	0	0	0	0	0	0	0	0	0	0	0	0	0	0	0	0	
943636	Supp_Motor_Area_R	9942	4656	25816	90610	0	366	10076	12668	0	360	444	7738	222	8364	0	660	812	1770	58776	0	0	0	4956	11806	0	924	0	0	862	9930	6402	24532	7662	54738	2106	4326	630	990	144	0	0	0	0	366	0	1056	0	192	0	1262	0	110	164	154	358	0	2926	1892	0	184	350	0	296	0	0	0	186	3192	14288	25244	9464	25270	2704	9270	976	1578	386	3280	306	190	0	474	0	0	114	752	0	0	246	1300	0	0	0	0	0	0	0	0	0	0	0	0	0	0	0	0	0	0	0	0	0	0	0	0	0	0	
89168	Olfactory_L	0	0	260	0	2692	0	0	0	204	0	0	0	0	0	2382	0	0	0	0	0	0	4504	670	0	512	188	5456	1480	2610	0	3710	2692	0	0	0	0	1290	0	424	0	1316	0	0	0	0	0	0	0	0	0	0	0	0	0	426	0	0	0	0	0	0	0	0	0	0	0	0	0	0	0	7294	3410	2776	0	0	0	0	0	0	0	0	0	288	0	0	0	0	0	0	0	0	0	0	0	0	0	0	0	0	0	0	0	0	0	0	0	0	0	0	0	0	0	0	0	0	0	
65724	Olfactory_R	0	0	0	0	218	712	0	0	0	0	0	0	0	0	0	158	0	0	0	0	4504	0	316	0	104	2140	2056	3656	0	1128	2006	3228	0	0	0	0	0	134	0	168	0	1144	0	0	0	0	0	0	0	0	0	0	0	0	0	94	0	0	0	0	0	0	0	0	0	0	0	0	0	0	4776	4264	1922	134	0	0	0	0	0	0	0	0	0	0	0	0	0	0	0	0	0	0	0	0	0	0	0	0	0	0	0	0	0	0	0	0	0	0	0	0	0	0	0	0	0	0	
529256	Frontal_Sup_Medial_L	1374	0	57674	12640	6060	1098	27826	848	0	0	1846	0	1960	320	362	152	764	0	11432	4956	670	316	0	29830	3926	4248	2366	480	1344	376	34990	22518	7276	15146	0	0	0	0	0	0	0	0	0	0	0	0	0	0	0	0	0	0	0	0	0	0	298	0	0	0	164	0	118	0	0	0	0	0	0	0	2284	2384	4024	2406	152	0	0	0	0	0	0	0	0	0	0	0	0	0	0	0	0	0	0	0	0	0	0	0	0	0	0	0	0	0	0	0	0	0	0	0	0	0	0	0	0	0	
419312	Frontal_Sup_Medial_R	0	214	12706	41758	194	5140	5750	5090	0	214	0	0	104	4324	0	2910	0	0	5420	11806	0	0	29830	0	232	10768	112	202	0	3582	11326	33042	1402	17892	0	0	0	0	0	0	0	0	0	0	0	0	0	0	0	0	0	0	0	0	0	0	0	0	0	0	0	0	0	0	0	0	0	0	0	0	652	2274	176	2536	0	0	0	0	0	0	0	0	0	0	0	0	0	0	0	0	0	0	0	0	0	0	0	0	0	0	0	0	0	0	0	0	0	0	0	0	0	0	0	0	0	0	
36648	Frontal_Med_Orb_L	0	0	2036	0	4022	0	132	0	104	0	0	0	0	0	0	0	0	0	0	0	512	104	3926	232	0	424	2178	0	0	0	3684	244	0	0	0	0	0	0	0	0	0	0	0	0	0	0	0	0	0	0	0	0	0	0	0	0	0	0	0	0	0	0	0	0	0	0	0	0	0	0	520	0	206	0	0	0	0	0	0	0	0	0	0	0	0	0	0	0	0	0	0	0	0	0	0	0	0	0	0	0	0	0	0	0	0	0	0	0	0	0	0	0	0	0	0	0	
131988	Frontal_Med_Orb_R	0	98	962	4060	110	7584	122	218	0	0	0	0	0	860	0	2862	0	0	0	924	188	2140	4248	10768	424	0	102	5652	0	1688	3896	12352	0	896	0	0	0	0	0	0	0	0	0	0	0	0	0	0	0	0	0	0	0	0	0	0	0	0	0	0	0	0	0	0	0	0	0	0	0	0	162	2092	0	3586	0	0	0	0	0	0	0	0	0	0	0	0	0	0	0	0	0	0	0	0	0	0	0	0	0	0	0	0	0	0	0	0	0	0	0	0	0	0	0	0	0	0	
81236	Rectus_L	0	0	1248	0	7374	0	0	0	2014	0	0	0	0	0	2464	0	0	0	0	0	5456	2056	2366	112	2178	102	0	1128	840	0	4558	1538	0	0	0	0	112	0	0	0	0	0	0	0	0	0	0	0	0	0	0	0	0	0	0	0	0	0	0	0	0	0	0	0	0	0	0	0	0	0	3538	1538	1996	0	0	0	0	0	0	0	0	0	0	0	0	0	0	0	0	0	0	0	0	0	0	0	0	0	0	0	0	0	0	0	0	0	0	0	0	0	0	0	0	0	0	0	
55312	Rectus_R	0	0	0	0	174	3320	0	0	0	108	0	0	0	0	0	284	0	0	0	0	1480	3656	480	202	0	5652	1128	0	0	94	1770	4290	0	0	0	0	0	0	0	0	0	98	0	0	0	0	0	0	0	0	0	0	0	0	0	0	0	0	0	0	0	0	0	0	0	0	0	0	0	0	1400	2192	288	1040	0	0	0	0	0	0	0	0	0	0	0	0	0	0	0	0	0	0	0	0	0	0	0	0	0	0	0	0	0	0	0	0	0	0	0	0	0	0	0	0	0	0	
447220	Insula_L	7374	0	30466	722	3762	0	19974	0	614	0	15200	0	17126	0	9096	0	21788	0	18574	862	2610	0	1344	0	0	0	840	0	0	0	716	190	130	124	0	0	11280	0	1204	0	1972	0	0	0	0	0	0	0	0	0	644	0	860	0	2662	0	4312	0	0	0	416	0	666	0	0	0	0	0	190	0	2200	0	18838	0	0	0	378	0	7574	0	6302	0	3508	0	3072	0	0	0	6020	0	0	0	0	0	0	0	0	0	0	0	0	0	0	0	0	0	0	0	0	0	0	0	0	0	0	0	
237956	Insula_R	0	3912	0	13816	0	1280	0	3140	0	146	0	10932	0	13046	0	5254	0	5138	180	9930	0	1128	376	3582	0	1688	0	94	0	0	328	3610	0	242	0	0	0	4310	0	1096	0	1386	0	0	0	0	0	0	0	0	0	0	0	0	0	2118	0	2622	0	0	0	0	0	0	0	0	0	0	0	144	0	5398	0	15118	0	122	0	582	0	666	0	3852	0	542	0	614	0	0	0	2586	0	0	0	0	0	0	0	0	0	0	0	0	0	0	0	0	0	0	0	0	0	0	0	0	0	0	
413180	Cingulum_Ant_L	1148	0	22726	8252	4546	514	8806	210	0	0	636	0	602	98	334	0	232	0	9500	6402	3710	2006	34990	11326	3684	3896	4558	1770	716	328	0	28776	9064	8102	0	0	0	0	0	0	0	0	0	0	0	0	0	0	0	0	0	0	0	0	0	0	464	0	0	0	256	0	180	0	0	0	0	0	0	0	11454	5232	8786	3286	0	0	0	0	0	0	0	0	0	0	0	0	0	0	0	0	0	0	0	0	0	0	0	0	0	0	0	0	0	0	0	0	0	0	0	0	0	0	0	0	0	0	
571284	Cingulum_Ant_R	854	1334	10408	39038	370	4238	4608	3692	0	0	252	582	168	3924	0	2898	0	0	8292	24532	2692	3228	22518	33042	244	12352	1538	4290	190	3610	28776	0	3222	24304	0	0	0	0	0	0	0	0	0	0	0	0	0	0	0	0	0	0	0	0	0	0	320	0	0	0	194	0	132	0	0	0	0	0	102	0	4778	21244	1986	11134	132	0	0	424	0	0	0	0	0	0	0	0	0	0	0	0	0	0	0	0	0	0	0	0	0	0	0	0	0	0	0	0	0	0	0	0	0	0	0	0	0	0	
178380	Cingulum_Mid_L	1130	98	6850	1304	0	0	2426	152	0	0	238	0	262	0	0	0	0	0	13096	7662	0	0	7276	1402	0	0	0	0	130	0	9064	3222	0	15320	3620	694	0	0	0	0	0	0	0	368	500	146	0	0	176	0	462	0	0	0	0	0	844	0	276	0	144	0	0	0	0	0	2476	1724	5682	896	630	0	712	0	0	0	0	0	0	0	0	0	0	0	0	208	0	0	0	0	0	0	0	0	0	0	0	0	0	0	0	0	0	0	0	0	0	0	0	0	0	0	0	0	0	0	
564152	Cingulum_Mid_R	3132	316	12648	26324	0	780	7796	7934	0	348	282	1972	244	3952	0	494	0	0	21908	54738	0	0	15146	17892	0	896	0	0	124	242	8102	24304	15320	0	1554	6490	0	260	0	0	0	0	0	1488	0	2754	0	450	0	1440	0	344	0	246	0	0	744	1190	0	224	0	0	0	0	0	132	1594	10578	6630	15098	3342	0	246	96	0	0	0	0	0	0	0	0	0	0	0	1218	0	0	0	832	0	0	0	0	0	0	0	0	0	0	0	0	0	0	0	0	0	0	0	0	232	0	0	0	0	0	
117556	Cingulum_Post_L	932	110	0	0	0	0	0	0	0	0	0	0	0	0	0	0	0	0	444	2106	0	0	0	0	0	0	0	0	0	0	0	0	3620	1554	0	9042	2874	2854	1774	1432	0	0	1850	0	178	0	496	522	154	0	2602	0	1998	0	2496	190	2740	104	1212	0	0	0	0	0	0	0	6040	526	4670	1894	0	0	0	0	0	0	0	3040	0	0	0	0	0	0	408	0	0	0	186	0	0	0	0	0	0	0	0	466	0	0	0	0	0	0	0	0	0	0	0	0	264	0	0	0	0	0	
142744	Cingulum_Post_R	0	148	0	0	0	0	0	0	0	0	0	0	0	0	0	0	0	0	0	4326	0	0	0	0	0	0	0	0	0	0	0	0	694	6490	9042	0	2170	5132	966	1732	0	0	186	3596	0	1552	186	4184	0	1320	0	252	198	138	258	302	478	1346	0	108	0	96	0	238	0	376	2470	11598	392	4056	0	0	0	0	0	0	0	2794	0	0	0	0	0	0	0	574	0	0	0	1504	0	0	0	0	0	0	0	564	0	0	0	0	0	0	0	0	0	0	0	0	1906	0	0	0	0	0	
190396	Hippocampus_L	5430	0	2032	596	158	0	702	0	0	0	194	0	0	0	764	0	840	0	1288	630	1290	0	0	0	0	0	112	0	11280	0	0	0	0	0	2874	2170	0	1592	10108	884	7630	0	188	0	0	0	846	340	0	0	188	0	426	0	9194	130	1280	0	0	0	164	0	98	0	0	0	802	0	0	0	594	0	8114	0	320	0	1924	2472	2800	0	2744	0	952	0	1542	0	0	0	9168	0	0	0	0	0	0	0	0	338	0	0	0	0	0	0	0	0	0	0	0	0	0	0	0	0	0	0	
197580	Hippocampus_R	0	4362	0	450	0	0	0	294	0	0	0	0	0	0	0	0	0	926	0	990	0	134	0	0	0	0	0	0	0	4310	0	0	0	260	2854	5132	1592	0	638	18340	0	8916	140	270	0	230	358	3808	0	286	0	0	0	0	0	16676	0	2024	0	0	0	0	0	164	0	0	914	2962	0	1106	0	0	0	5500	0	498	0	4506	0	262	0	1680	0	128	0	560	0	0	0	3896	0	320	0	0	110	0	234	1728	0	478	0	0	0	0	0	0	0	0	0	0	754	0	0	0	0	0	
79244	ParaHippocampal_L	966	0	188	0	0	0	0	0	0	0	0	0	0	0	134	0	0	0	0	144	424	0	0	0	0	0	0	0	1204	0	0	0	0	0	1774	966	10108	638	0	318	1982	0	194	0	0	0	3750	256	0	0	0	0	566	0	8102	0	0	0	0	0	0	0	0	0	0	0	896	0	324	0	156	0	860	0	0	0	408	1150	0	0	0	0	320	0	0	0	0	0	1834	0	128	0	0	0	524	0	1016	162	0	0	0	0	0	0	0	0	0	0	0	130	0	0	0	0	0	0	
121728	ParaHippocampal_R	0	494	0	0	0	0	0	0	0	0	0	0	0	0	0	0	0	0	0	0	0	168	0	0	0	0	0	0	0	1096	0	0	0	0	1432	1732	884	18340	318	0	0	4466	0	170	0	120	208	5416	0	170	0	0	0	128	0	12012	0	290	0	0	0	0	0	0	0	0	290	1320	0	0	0	0	0	1326	0	350	0	1774	0	0	0	366	0	864	0	222	0	684	0	2570	0	408	0	0	0	0	0	2200	0	592	0	0	0	0	0	0	0	0	0	0	454	0	0	0	0	0	
38268	Amygdala_L	0	0	0	0	0	0	0	0	0	0	0	0	0	0	524	0	0	0	0	0	1316	0	0	0	0	0	0	0	1972	0	0	0	0	0	0	0	7630	0	1982	0	0	0	0	0	0	0	0	0	0	0	0	0	0	0	2794	0	0	0	0	0	0	0	0	0	0	0	0	0	0	0	402	0	456	0	0	0	0	0	0	0	0	0	554	0	0	0	0	0	1504	0	0	0	0	0	0	0	0	0	0	0	0	0	0	0	0	0	0	0	0	0	0	0	0	0	0	0	
46024	Amygdala_R	0	0	0	0	0	0	0	0	0	0	0	0	0	0	0	0	0	0	0	0	0	1144	0	0	0	0	0	98	0	1386	0	0	0	0	0	0	0	8916	0	4466	0	0	0	0	0	0	0	0	0	0	0	0	0	0	0	4904	0	0	0	0	0	0	0	0	0	0	0	0	0	0	0	0	0	352	0	0	0	0	0	0	0	0	0	724	0	0	0	384	0	638	0	0	0	0	0	0	0	0	0	0	0	0	0	0	0	0	0	0	0	0	0	0	0	0	0	0	
146288	Calcarine_L	0	0	0	0	0	0	0	0	0	0	0	0	0	0	0	0	0	0	0	0	0	0	0	0	0	0	0	0	0	0	0	0	0	0	1850	186	188	140	194	0	0	0	0	3946	9748	2782	7450	1828	4922	1078	19858	418	5066	246	2134	420	0	0	1794	0	0	0	0	0	248	0	7116	0	182	0	0	0	0	0	0	0	0	0	0	0	0	0	0	0	530	0	0	0	0	134	0	0	0	0	0	0	164	0	0	94	0	0	0	0	0	0	0	0	0	0	428	0	0	0	0	0	
266476	Calcarine_R	0	0	0	0	0	0	0	0	0	0	0	0	0	0	0	0	0	0	0	366	0	0	0	0	0	0	0	0	0	0	0	0	368	1488	0	3596	0	270	0	170	0	0	3946	0	4902	16998	948	20658	0	14050	0	10958	0	11828	0	5920	0	1188	0	114	0	132	0	264	0	468	120	17700	0	1470	0	0	0	0	0	0	0	0	0	0	0	0	0	0	0	5370	0	0	0	9642	0	0	0	0	0	0	0	0	0	0	0	0	0	0	0	0	0	0	0	0	304	0	0	0	0	0	
143536	Cuneus_L	140	0	0	0	0	0	0	0	0	0	0	0	0	0	0	0	0	0	0	0	0	0	0	0	0	0	0	0	0	0	0	0	500	0	178	0	0	0	0	0	0	0	9748	4902	0	6520	406	666	15534	3422	14886	836	1346	0	144	0	0	0	2332	0	0	0	0	0	0	0	9010	206	562	0	0	0	0	0	0	0	0	0	0	0	0	0	0	0	430	0	0	0	0	0	0	0	0	0	0	0	0	0	0	0	0	0	0	0	0	0	0	0	0	0	0	0	0	0	0	0	
431312	Cuneus_R	0	164	0	0	0	0	0	0	0	0	0	0	0	0	0	0	0	0	0	1056	0	0	0	0	0	0	0	0	0	0	0	0	146	2754	0	1552	0	230	0	120	0	0	2782	16998	6520	0	0	2276	0	38772	0	10932	0	1994	0	316	0	21356	0	15636	0	2700	0	2292	0	4434	1850	39614	0	19112	0	0	0	0	0	0	0	0	0	0	0	710	0	0	0	15866	0	0	0	5222	0	0	0	0	0	0	0	0	0	0	0	0	0	0	0	0	0	0	0	0	252	0	0	0	0	0	
256892	Lingual_L	0	0	0	0	0	0	0	0	0	0	0	0	0	0	0	0	0	0	0	0	0	0	0	0	0	0	0	0	0	0	0	0	0	0	496	186	846	358	3750	208	0	0	7450	948	406	0	0	2604	1480	156	7462	108	6154	136	15058	1418	0	0	530	0	0	0	0	0	0	0	1848	0	0	0	0	0	0	0	0	0	0	120	0	0	0	0	0	0	0	0	0	0	278	0	8976	2746	1084	174	1066	0	17418	3632	16578	4756	0	0	0	482	314	906	0	0	144	250	11018	3742	194	1168	1248	550	
270384	Lingual_R	0	0	0	0	0	0	0	0	0	0	0	0	0	0	0	0	0	0	0	192	0	0	0	0	0	0	0	0	0	0	0	0	0	450	522	4184	340	3808	256	5416	0	0	1828	20658	666	2276	2604	0	0	3892	0	2826	0	8182	404	22010	0	720	0	0	0	0	0	180	0	216	198	8998	0	614	0	0	0	0	0	0	0	592	0	0	0	118	0	0	0	312	0	0	0	5132	2442	3146	864	0	170	0	936	5720	3658	7764	0	0	0	0	0	0	0	0	0	0	5410	6396	1092	0	0	0	
166276	Occipital_Sup_L	0	0	0	0	0	0	0	0	0	0	0	0	0	0	0	0	0	0	0	0	0	0	0	0	0	0	0	0	0	0	0	0	176	0	154	0	0	0	0	0	0	0	4922	0	15534	0	1480	0	0	0	28084	0	1960	0	288	0	168	0	16460	0	750	0	0	0	1142	0	11078	0	324	0	0	0	0	0	0	0	0	0	0	0	0	0	0	0	618	0	0	0	0	0	0	0	0	0	0	0	0	0	0	0	0	0	0	0	0	0	0	0	0	0	0	0	0	0	0	0	
370460	Occipital_Sup_R	0	104	0	0	0	0	0	0	0	0	0	0	0	0	0	0	0	0	0	1262	0	0	0	0	0	0	0	0	0	0	0	0	0	1440	0	1320	0	286	0	170	0	0	1078	14050	3422	38772	156	3892	0	0	0	20414	0	1664	0	758	0	16226	0	12540	0	3368	0	700	0	6276	438	27818	0	12598	0	0	0	0	0	0	0	0	0	0	0	218	0	0	0	12218	0	0	0	3910	0	0	0	0	0	0	0	0	0	0	0	0	0	0	0	0	0	0	0	0	132	0	0	0	0	0	
428848	Occipital_Mid_L	3400	0	0	0	0	0	0	0	0	0	0	0	0	0	0	0	422	0	0	0	0	0	0	0	0	0	0	0	644	0	0	0	462	0	2602	0	188	0	0	0	0	0	19858	0	14886	0	7462	0	28084	0	0	0	21402	0	4142	0	7442	0	28682	0	7426	0	3090	0	19740	0	12288	0	5304	0	0	0	0	0	0	0	0	0	1586	0	1058	0	0	0	19248	0	0	0	5008	0	0	0	0	0	0	0	0	0	0	0	0	0	0	0	0	0	0	0	0	0	0	0	0	0	0	0	
205920	Occipital_Mid_R	0	0	0	0	0	0	0	0	0	0	0	0	0	0	0	0	0	0	0	110	0	0	0	0	0	0	0	0	0	0	0	0	0	344	0	252	0	0	0	0	0	0	418	10958	836	10932	108	2826	0	20414	0	0	0	4734	0	1712	0	3304	0	3998	0	3192	0	196	0	10194	102	7694	0	2430	0	0	0	0	0	0	0	0	0	0	0	250	0	0	0	15060	0	0	0	2896	0	0	0	0	0	0	0	0	0	0	0	0	0	0	0	0	0	0	0	0	0	0	0	0	0	0	
160544	Occipital_Inf_L	2420	0	0	0	0	0	0	0	0	0	0	0	0	0	0	0	204	0	0	164	0	0	0	0	0	0	0	0	860	0	0	0	0	0	1998	198	426	0	566	0	0	0	5066	0	1346	0	6154	0	1960	0	21402	0	0	0	15454	0	1254	0	2832	0	198	0	238	0	674	0	4276	0	2060	158	0	0	0	0	0	0	0	0	2018	0	634	0	0	0	5290	0	0	0	2304	0	0	0	0	0	0	0	0	0	118	0	0	0	0	0	0	0	0	0	0	0	0	0	0	0	0	0	
111164	Occipital_Inf_R	0	0	0	0	0	0	0	0	0	0	0	0	0	0	0	0	0	0	0	154	0	0	0	0	0	0	0	0	0	0	0	0	0	246	0	138	0	0	0	128	0	0	246	11828	0	1994	136	8182	0	1664	0	4734	0	0	0	6644	0	494	0	262	0	0	0	0	0	170	0	3968	0	598	0	0	0	0	0	0	0	0	0	0	0	0	0	0	0	2046	0	0	0	11950	0	0	0	0	0	0	0	0	0	0	0	0	0	0	0	0	0	0	0	0	0	0	0	0	0	0	
350296	Fusiform_L	2770	0	232	146	0	0	106	0	0	0	0	0	0	0	194	0	302	0	150	358	426	0	0	0	0	0	0	0	2662	0	0	0	0	0	2496	258	9194	0	8102	0	2794	0	2134	0	144	0	15058	404	288	0	4142	0	15454	0	0	0	780	0	372	0	130	0	134	0	262	0	2542	0	1768	208	180	0	1194	0	0	0	150	0	1242	0	882	0	2778	0	4366	0	2378	0	13818	0	23682	246	4316	0	170	0	10388	324	27050	606	2212	0	2606	0	248	0	0	0	0	0	1796	506	0	0	0	0	
281064	Fusiform_R	0	136	0	0	0	0	0	0	0	0	0	0	0	0	0	0	0	0	0	0	0	94	0	0	0	0	0	0	0	2118	0	0	0	0	190	302	130	16676	0	12012	0	4904	420	5920	0	316	1418	22010	0	758	0	1712	0	6644	0	0	0	236	0	0	0	0	0	0	0	0	0	1520	0	180	0	0	0	682	0	108	0	278	0	0	0	3584	0	2918	0	676	0	952	0	13520	1064	8520	586	286	0	0	804	6726	1398	12812	0	0	108	216	0	0	0	0	0	0	3826	3126	646	0	0	0	
322600	Postcentral_L	23592	0	6600	1464	0	0	4156	0	0	0	5884	0	572	0	0	0	10386	0	4422	2926	0	0	298	0	0	0	0	0	4312	0	464	320	844	744	2740	478	1280	0	0	0	0	0	0	0	0	0	0	0	168	0	7442	0	1254	0	780	0	0	0	8160	0	22802	0	15508	0	4948	0	984	0	5834	1046	918	0	240	0	0	0	0	0	2376	0	6878	0	0	0	7878	0	0	0	2602	0	0	0	0	0	0	0	0	0	0	0	0	0	0	0	0	0	0	0	0	0	0	0	0	0	0	0	
390896	Postcentral_R	0	19506	0	1014	0	0	0	1266	0	0	0	1088	0	0	0	0	0	3552	212	1892	0	0	0	0	0	0	0	0	0	2622	0	0	0	1190	104	1346	0	2024	0	290	0	0	0	1188	0	21356	0	720	0	16226	0	3304	0	494	0	236	0	0	0	17926	0	7218	0	14844	0	4120	238	25648	0	25852	0	738	0	3150	0	162	0	242	0	266	0	1874	0	0	0	10188	0	0	0	3352	0	0	0	0	0	0	0	0	0	0	0	0	0	0	0	0	0	0	0	0	0	0	0	0	0	0	
187328	Parietal_Sup_L	366	0	0	0	0	0	0	0	0	0	0	0	0	0	0	0	0	0	0	0	0	0	0	0	0	0	0	0	0	0	0	0	276	0	1212	0	0	0	0	0	0	0	1794	0	2332	0	530	0	16460	0	28682	0	2832	0	372	0	8160	0	0	0	9882	0	562	0	6130	0	8002	0	2014	0	0	0	0	0	0	0	0	0	0	0	0	0	0	0	3118	0	0	0	940	0	0	0	0	0	0	0	0	0	0	0	0	0	0	0	0	0	0	0	0	0	0	0	0	0	0	0	
209008	Parietal_Sup_R	0	0	0	0	0	0	0	0	0	0	0	0	0	0	0	0	0	0	0	184	0	0	0	0	0	0	0	0	0	0	0	0	0	224	0	108	0	0	0	0	0	0	0	114	0	15636	0	0	0	12540	0	3998	0	262	0	0	0	17926	0	0	0	2830	0	2466	0	3944	108	20586	0	14380	0	0	0	0	0	0	0	0	0	0	0	638	0	0	0	7182	0	0	0	1378	0	0	0	0	0	0	0	0	0	0	0	0	0	0	0	0	0	0	0	0	0	0	0	0	0	0	
187332	Parietal_Inf_L	3996	0	826	122	0	0	998	0	0	0	676	0	0	0	0	0	2034	0	530	350	0	0	164	0	0	0	0	0	416	0	256	194	144	0	0	0	164	0	0	0	0	0	0	0	0	0	0	0	750	0	7426	0	198	0	130	0	22802	0	9882	0	0	0	22194	0	12272	0	176	0	298	0	0	0	636	0	0	0	0	0	0	0	1844	0	0	0	3478	0	0	0	710	0	0	0	0	0	0	0	0	0	0	0	0	0	0	0	0	0	0	0	0	0	0	0	0	0	0	0	
138468	Parietal_Inf_R	0	1780	0	0	0	0	0	0	0	0	0	0	0	0	0	0	0	0	0	0	0	0	0	0	0	0	0	0	0	0	0	0	0	0	0	96	0	0	0	0	0	0	0	132	0	2700	0	0	0	3368	0	3192	0	0	0	0	0	7218	0	2830	0	0	0	15454	0	18438	0	2726	0	986	0	0	0	0	0	0	0	0	0	0	0	1166	0	0	0	7196	0	0	0	1952	0	0	0	0	0	0	0	0	0	0	0	0	0	0	0	0	0	0	0	0	0	0	0	0	0	0	
180808	SupraMarginal_L	3474	0	870	206	0	0	764	0	0	0	502	0	0	0	0	0	4132	0	694	296	0	0	118	0	0	0	0	0	666	0	180	132	0	0	0	0	98	0	0	0	0	0	0	0	0	0	0	0	0	0	3090	0	238	0	134	0	15508	0	562	0	22194	0	0	0	13142	0	0	0	0	0	0	0	410	0	0	0	0	0	278	0	7552	0	0	0	12694	0	0	0	2470	0	0	0	0	0	0	0	0	0	0	0	0	0	0	0	0	0	0	0	0	0	0	0	0	0	0	0	
166776	SupraMarginal_R	0	2546	0	0	0	0	0	0	0	0	0	0	0	0	0	0	0	2608	0	0	0	0	0	0	0	0	0	0	0	0	0	0	0	0	0	238	0	164	0	0	0	0	0	264	0	2292	0	180	0	700	0	196	0	0	0	0	0	14844	0	2466	0	15454	0	0	0	15584	0	2324	0	2800	0	0	0	0	0	0	0	0	0	0	0	4972	0	0	0	12062	0	0	0	3694	0	0	0	0	0	0	0	0	0	0	0	0	0	0	0	0	0	0	0	0	0	0	0	0	0	0	
168424	Angular_L	772	0	148	0	0	0	116	0	0	0	0	0	0	0	0	0	594	0	102	0	0	0	0	0	0	0	0	0	0	0	0	0	0	0	0	0	0	0	0	0	0	0	248	0	0	0	0	0	1142	0	19740	0	674	0	262	0	4948	0	6130	0	12272	0	13142	0	0	0	372	0	310	0	0	0	0	0	0	0	0	0	0	0	2512	0	0	0	16928	0	0	0	3800	0	0	0	0	0	0	0	0	0	0	0	0	0	0	0	0	0	0	0	0	0	0	0	0	0	0	0	
186260	Angular_R	0	0	0	0	0	0	0	0	0	0	0	0	0	0	0	0	0	0	0	0	0	0	0	0	0	0	0	0	0	0	0	0	0	132	0	376	0	0	0	0	0	0	0	468	0	4434	0	216	0	6276	0	10194	0	170	0	0	0	4120	0	3944	0	18438	0	15584	0	0	0	5006	0	1852	0	0	0	0	0	0	0	0	0	0	0	3056	0	0	0	14906	0	0	0	3958	0	0	0	0	0	0	0	0	0	0	0	0	0	0	0	0	0	0	0	0	0	0	0	0	0	0	
175424	Precuneus_L	148	0	0	0	0	0	0	0	0	0	0	0	0	0	0	0	0	0	0	186	0	0	0	0	0	0	0	0	0	0	0	0	2476	1594	6040	2470	802	914	896	290	0	0	7116	120	9010	1850	1848	198	11078	438	12288	102	4276	0	2542	0	984	238	8002	108	176	0	0	0	372	0	0	4868	2534	962	0	0	0	0	0	0	0	582	0	0	0	0	0	0	1028	184	0	0	270	122	0	0	0	0	0	0	122	146	0	0	0	0	0	0	0	0	0	0	0	0	332	0	0	0	0	0	
519708	Precuneus_R	0	210	0	0	0	0	0	0	0	0	0	0	0	0	0	0	0	0	0	3192	0	0	0	0	0	0	0	0	0	0	0	0	1724	10578	526	11598	0	2962	0	1320	0	0	0	17700	206	39614	0	8998	0	27818	0	7694	0	3968	0	1520	0	25648	0	20586	0	2726	0	2324	0	5006	4868	0	250	25996	0	0	0	0	0	0	0	282	0	0	0	830	0	0	0	17558	0	0	0	10458	0	0	0	0	0	0	0	574	0	0	0	0	0	0	0	0	0	0	0	0	3120	0	0	0	0	0	
217420	Paracentral_Lobule_L	17904	1754	2288	562	0	0	0	0	0	0	0	0	0	0	0	0	144	0	9360	14288	0	0	0	0	0	0	0	0	190	0	0	102	5682	6630	4670	392	0	0	324	0	0	0	182	0	562	0	0	0	324	0	5304	0	2060	0	1768	0	5834	0	2014	0	298	0	0	0	310	0	2534	250	0	9004	96	3148	258	0	740	0	314	3782	230	0	414	0	0	0	3314	0	0	0	1680	0	0	0	0	0	0	0	0	0	0	0	0	0	0	0	0	0	0	0	0	0	0	0	0	0	0	0	
389028	Paracentral_Lobule_R	3462	5210	0	0	0	0	0	0	0	0	0	0	0	0	0	0	0	318	1568	25244	0	0	0	0	0	0	0	0	0	144	0	0	896	15098	1894	4056	0	1106	0	0	0	0	0	1470	0	19112	0	614	0	12598	0	2430	158	598	208	180	1046	25852	0	14380	0	986	0	2800	0	1852	962	25996	9004	0	0	628	0	0	104	0	0	438	0	0	0	1068	0	0	0	9464	0	0	0	3570	0	0	0	0	0	0	0	0	0	0	0	0	0	0	0	0	0	0	0	0	0	0	0	0	0	0	
291568	Caudate_L	5208	0	15352	8338	1018	0	5132	164	150	0	616	0	236	0	674	0	844	0	15326	9464	7294	4776	2284	652	520	162	3538	1400	2200	0	11454	4778	630	3342	0	0	594	0	156	0	402	0	0	0	0	0	0	0	0	0	0	0	0	0	180	0	918	0	0	0	0	0	0	0	0	0	0	0	96	0	0	5352	20516	398	4312	0	7308	0	0	0	0	0	0	0	0	0	0	0	0	0	0	0	0	0	0	0	0	0	0	0	0	0	0	0	0	0	0	0	0	0	0	0	0	0	0	0	
324844	Caudate_R	270	4314	128	18066	130	140	108	2414	0	0	0	2976	0	3440	0	370	0	440	5908	25270	3410	4264	2384	2274	0	2092	1538	2192	0	5398	5232	21244	0	0	0	0	0	0	0	0	0	0	0	0	0	0	0	0	0	0	0	0	0	0	0	0	0	738	0	0	0	0	0	0	0	0	0	0	3148	628	5352	0	1950	12260	140	1870	0	22334	0	0	0	0	0	0	0	0	0	0	0	0	0	0	0	0	0	0	0	0	0	0	0	0	0	0	0	0	0	0	0	0	0	0	0	0	0	0	
361432	Putamen_L	4812	0	37016	2164	3586	0	8640	0	0	0	1354	0	554	0	934	0	1394	0	23974	2704	2776	1922	4024	176	206	0	1996	288	18838	0	8786	1986	712	246	0	0	8114	0	860	0	456	0	0	0	0	0	0	0	0	0	0	0	0	0	1194	0	240	0	0	0	636	0	410	0	0	0	0	0	258	0	20516	1950	0	0	10582	0	1664	276	0	0	1536	0	372	0	546	0	0	0	2018	0	0	0	0	0	0	0	0	0	0	0	0	0	0	0	0	0	0	0	0	0	0	0	0	0	0	0	
194752	Putamen_R	0	4062	0	10330	0	716	0	788	0	0	0	962	0	1098	0	262	0	2080	0	9270	0	134	2406	2536	0	3586	0	1040	0	15118	3286	11134	0	96	0	0	0	5500	0	1326	0	352	0	0	0	0	0	0	0	0	0	0	0	0	0	682	0	3150	0	0	0	0	0	0	0	0	0	0	0	0	398	12260	0	0	0	2182	0	1944	0	0	0	430	0	94	0	0	0	0	0	154	0	0	0	0	0	0	0	0	0	0	0	0	0	0	0	0	0	0	0	0	0	0	0	0	0	0	
91312	Pallidum_L	4218	0	12164	428	0	0	1894	0	0	0	208	0	0	0	0	0	0	0	5774	976	0	0	152	0	0	0	0	0	0	0	0	132	0	0	0	0	320	0	0	0	0	0	0	0	0	0	0	0	0	0	0	0	0	0	0	0	0	0	0	0	0	0	0	0	0	0	0	0	740	104	4312	140	10582	0	0	0	3200	312	0	0	0	0	0	0	0	0	0	0	0	0	0	0	0	0	0	0	0	0	0	0	0	0	0	0	0	0	0	0	0	0	0	0	0	0	0	0	
20016	Pallidum_R	0	280	0	710	0	0	0	0	0	0	0	0	0	0	0	0	0	0	628	1578	0	0	0	0	0	0	0	0	0	122	0	0	0	0	0	0	0	498	0	350	0	0	0	0	0	0	0	0	0	0	0	0	0	0	0	108	0	162	0	0	0	0	0	0	0	0	0	0	0	0	0	1870	0	2182	0	0	0	1520	0	0	0	0	0	0	0	0	0	0	0	0	0	0	0	0	0	0	0	0	0	0	0	0	0	0	0	0	0	0	0	0	0	0	0	0	0	0	
63968	Thalamus_L	13144	0	1636	304	0	0	184	0	0	0	0	0	0	0	0	0	0	0	534	386	0	0	0	0	0	0	0	0	378	0	0	0	0	0	0	0	1924	0	408	0	0	0	0	0	0	0	0	0	0	0	0	0	0	0	150	0	0	0	0	0	0	0	0	0	0	0	0	0	314	0	7308	0	1664	0	3200	0	0	316	0	0	0	0	0	0	0	0	0	0	134	0	0	0	0	0	0	0	0	0	0	0	0	0	0	0	0	0	0	0	0	0	0	0	0	0	0	0	
127140	Thalamus_R	258	3928	154	3950	0	0	146	676	0	0	0	0	0	0	0	0	0	130	738	3280	0	0	0	0	0	0	0	0	0	582	0	424	0	0	3040	2794	2472	4506	1150	1774	0	0	0	0	0	0	120	592	0	0	0	0	0	0	0	278	0	242	0	0	0	0	0	0	0	0	582	282	3782	438	0	22334	276	1944	312	1520	316	0	0	0	0	0	0	0	0	0	0	0	0	0	0	0	0	0	0	0	0	550	0	0	0	0	0	0	0	0	0	0	0	0	0	0	0	0	0	0	
73804	Heschl_L	4168	0	638	254	0	0	360	0	0	0	284	0	0	0	0	0	2688	0	556	306	0	0	0	0	0	0	0	0	7574	0	0	0	0	0	0	0	2800	0	0	0	0	0	0	0	0	0	0	0	0	0	1586	0	2018	0	1242	0	2376	0	0	0	0	0	278	0	0	0	0	0	230	0	0	0	0	0	0	0	0	0	0	0	4062	0	0	0	2578	0	0	0	2904	0	0	0	0	0	0	0	0	0	0	0	0	0	0	0	0	0	0	0	0	0	0	0	0	0	0	0	
12256	Heschl_R	0	204	0	174	0	0	0	0	0	0	0	0	0	0	0	0	0	1556	0	190	0	0	0	0	0	0	0	0	0	666	0	0	0	0	0	0	0	262	0	0	0	0	0	0	0	0	0	0	0	0	0	0	0	0	0	0	0	266	0	0	0	0	0	0	0	0	0	0	0	0	0	0	0	0	0	0	0	0	0	0	0	2292	0	0	0	284	0	0	0	234	0	0	0	0	0	0	0	0	0	0	0	0	0	0	0	0	0	0	0	0	0	0	0	0	0	0	
185056	Temporal_Sup_L	2904	0	872	0	0	0	226	0	0	0	1046	0	0	0	0	0	7140	0	668	0	0	0	0	0	0	0	0	0	6302	0	0	0	0	0	0	0	2744	0	0	0	0	0	0	0	0	0	0	0	0	0	1058	0	634	0	882	0	6878	0	0	0	1844	0	7552	0	2512	0	0	0	414	0	0	0	1536	0	0	0	0	0	4062	0	0	0	2256	0	27124	0	0	0	13874	0	0	0	0	0	0	0	0	0	0	0	0	0	0	0	0	0	0	0	0	0	0	0	0	0	0	0	
113292	Temporal_Sup_R	0	234	0	362	0	0	0	0	0	0	0	0	0	0	0	140	0	3498	0	474	0	0	0	0	0	0	0	0	0	3852	0	0	0	0	0	0	0	1680	0	366	0	0	0	0	0	710	0	118	0	218	0	250	0	0	0	3584	0	1874	0	638	0	1166	0	4972	0	3056	0	830	0	1068	0	0	0	430	0	0	0	0	0	2292	0	0	0	2016	0	14464	0	0	0	8354	0	0	0	0	0	0	0	0	0	0	0	0	0	0	0	0	0	0	0	0	0	0	0	0	0	0	
71464	Temporal_Pole_Sup_L	166	0	548	0	0	0	292	0	0	0	2262	0	484	0	514	0	1980	0	354	0	288	0	0	0	0	0	0	0	3508	0	0	0	0	0	0	0	952	0	320	0	554	0	0	0	0	0	0	0	0	0	0	0	0	0	2778	0	0	0	0	0	0	0	0	0	0	0	0	0	0	0	0	0	372	0	0	0	0	0	0	0	2256	0	0	0	6466	0	4692	0	6946	0	0	0	0	0	0	0	0	0	0	0	0	0	0	0	0	0	0	0	0	0	0	0	0	0	0	0	
33856	Temporal_Pole_Sup_R	0	0	0	0	0	0	0	0	0	0	0	160	0	0	0	244	0	224	0	0	0	0	0	0	0	0	0	0	0	542	0	0	0	0	0	0	0	128	0	864	0	724	0	0	0	0	0	0	0	0	0	0	0	0	0	2918	0	0	0	0	0	0	0	0	0	0	0	0	0	0	0	0	0	94	0	0	0	0	0	0	0	2016	0	0	0	2410	0	1464	0	5140	0	0	0	0	0	0	0	0	0	0	0	0	0	0	0	0	0	0	0	0	0	0	0	0	0	0	
343300	Temporal_Mid_L	3720	0	296	0	0	0	0	0	0	0	0	0	0	0	102	0	2546	0	142	114	0	0	0	0	0	0	0	0	3072	0	0	0	0	0	408	0	1542	0	0	0	0	0	530	0	430	0	0	0	618	0	19248	0	5290	0	4366	0	7878	0	3118	0	3478	0	12694	0	16928	0	1028	0	3314	0	0	0	546	0	0	0	0	0	2578	0	27124	0	6466	0	0	0	6022	0	38052	0	0	0	0	0	0	0	0	0	0	0	0	0	0	0	0	0	0	0	0	0	0	0	0	0	0	0	
353364	Temporal_Mid_R	0	192	0	0	0	0	0	0	0	0	0	0	0	0	0	0	0	0	0	752	0	0	0	0	0	0	0	0	0	614	0	0	208	1218	0	574	0	560	0	222	0	0	0	5370	0	15866	0	312	0	12218	0	15060	0	2046	0	676	0	10188	0	7182	0	7196	0	12062	0	14906	184	17558	0	9464	0	0	0	0	0	0	0	0	0	284	0	14464	0	2410	0	0	0	556	0	24240	0	0	0	0	0	0	0	100	0	0	0	0	0	0	0	0	0	0	0	0	0	0	0	0	0	0	
39100	Temporal_Pole_Mid_L	0	0	0	0	0	0	0	0	0	0	0	0	0	0	0	0	0	0	0	0	0	0	0	0	0	0	0	0	0	0	0	0	0	0	0	0	0	0	0	0	0	0	0	0	0	0	0	0	0	0	0	0	0	0	2378	0	0	0	0	0	0	0	0	0	0	0	0	0	0	0	0	0	0	0	0	0	0	0	0	0	0	0	4692	0	6022	0	0	0	6458	0	0	0	0	0	0	0	0	0	0	0	0	0	0	0	0	0	0	0	0	0	0	0	0	0	0	0	
9044	Temporal_Pole_Mid_R	0	0	0	0	0	0	0	0	0	0	0	0	0	0	0	0	0	0	0	0	0	0	0	0	0	0	0	0	0	0	0	0	0	0	0	0	0	0	0	684	0	384	0	0	0	0	0	0	0	0	0	0	0	0	0	952	0	0	0	0	0	0	0	0	0	0	0	0	0	0	0	0	0	0	0	0	0	0	0	0	0	0	0	1464	0	556	0	0	0	482	0	0	0	0	0	0	0	0	0	0	0	0	0	0	0	0	0	0	0	0	0	0	0	0	0	0	
265640	Temporal_Inf_L	2840	0	460	220	0	0	178	0	0	0	128	0	0	0	0	0	1354	0	228	246	0	0	0	0	0	0	0	0	6020	0	0	0	0	0	186	0	9168	0	1834	0	1504	0	0	0	0	0	278	0	0	0	5008	0	2304	0	13818	0	2602	0	940	0	710	0	2470	0	3800	0	270	0	1680	0	0	0	2018	0	0	0	134	0	2904	0	13874	0	6946	0	38052	0	6458	0	0	0	1972	0	636	0	0	0	0	0	548	0	530	0	502	0	0	0	0	0	0	0	0	0	0	0	0	0	
268752	Temporal_Inf_R	0	586	0	0	0	0	0	0	0	0	0	0	0	0	0	0	0	172	0	1300	0	0	0	0	0	0	0	0	0	2586	0	0	0	832	0	1504	0	3896	0	2570	0	638	134	9642	0	5222	0	5132	0	3910	0	2896	0	11950	0	13520	0	3352	0	1378	0	1952	0	3694	0	3958	122	10458	0	3570	0	0	0	154	0	0	0	0	0	234	0	8354	0	5140	0	24240	0	482	0	0	0	268	0	0	0	0	0	530	0	0	0	0	0	0	0	0	0	0	0	0	0	0	0	0	0	0	
484968	Cerebelum_Crus1_L	0	0	0	0	0	0	0	0	0	0	0	0	0	0	0	0	0	0	0	0	0	0	0	0	0	0	0	0	0	0	0	0	0	0	0	0	0	0	128	0	0	0	0	0	0	0	8976	2442	0	0	0	0	0	0	23682	1064	0	0	0	0	0	0	0	0	0	0	0	0	0	0	0	0	0	0	0	0	0	0	0	0	0	0	0	0	0	0	0	0	1972	0	0	4638	35236	1392	392	210	24268	1634	62594	8358	16906	226	19070	1758	2580	956	482	0	844	1240	7148	8542	3188	1636	922	0	
476080	Cerebelum_Crus1_R	0	0	0	0	0	0	0	0	0	0	0	0	0	0	0	0	0	0	0	0	0	0	0	0	0	0	0	0	0	0	0	0	0	0	0	0	0	320	0	408	0	0	0	0	0	0	2746	3146	0	0	0	0	0	0	246	8520	0	0	0	0	0	0	0	0	0	0	0	0	0	0	0	0	0	0	0	0	0	0	0	0	0	0	0	0	0	0	0	0	0	268	4638	0	1722	27984	0	2070	4528	26794	5066	66180	0	7704	736	23240	140	4486	0	576	488	1416	13632	13748	11730	3508	1894	106	
394960	Cerebelum_Crus2_L	0	0	0	0	0	0	0	0	0	0	0	0	0	0	0	0	0	0	0	0	0	0	0	0	0	0	0	0	0	0	0	0	0	0	0	0	0	0	0	0	0	0	0	0	0	0	1084	864	0	0	0	0	0	0	4316	586	0	0	0	0	0	0	0	0	0	0	0	0	0	0	0	0	0	0	0	0	0	0	0	0	0	0	0	0	0	0	0	0	636	0	35236	1722	0	6780	0	0	3088	340	12772	2736	48618	4258	42320	4828	6810	260	2106	0	100	140	1184	2840	9150	4356	350	0	
277576	Cerebelum_Crus2_R	0	0	0	0	0	0	0	0	0	0	0	0	0	0	0	0	0	0	0	0	0	0	0	0	0	0	0	0	0	0	0	0	0	0	0	0	0	0	0	0	0	0	0	0	0	0	174	0	0	0	0	0	0	0	0	286	0	0	0	0	0	0	0	0	0	0	0	0	0	0	0	0	0	0	0	0	0	0	0	0	0	0	0	0	0	0	0	0	0	0	1392	27984	6780	0	0	248	426	956	618	6618	3046	24276	2352	35128	252	4326	0	328	214	254	950	1960	11900	5474	2706	140	
29204	Cerebelum_3_L	0	0	0	0	0	0	0	0	0	0	0	0	0	0	0	0	0	0	0	0	0	0	0	0	0	0	0	0	0	0	0	0	0	0	0	0	0	110	524	0	0	0	0	0	0	0	1066	170	0	0	0	0	0	0	170	0	0	0	0	0	0	0	0	0	0	0	0	0	0	0	0	0	0	0	0	0	0	0	0	0	0	0	0	0	0	0	0	0	0	0	392	0	0	0	0	0	6118	0	686	166	0	0	0	260	124	348	0	0	1490	1938	508	158	0	196	178	0	
45248	Cerebelum_3_R	0	0	0	0	0	0	0	0	0	0	0	0	0	0	0	0	0	0	0	0	0	0	0	0	0	0	0	0	0	0	0	0	0	0	0	0	0	0	0	0	0	0	0	0	0	0	0	0	0	0	0	0	0	0	0	0	0	0	0	0	0	0	0	0	0	0	0	0	0	0	0	0	0	0	0	0	0	0	0	0	0	0	0	0	0	0	0	0	0	0	210	2070	0	248	0	0	464	5716	316	5190	0	172	0	722	0	762	0	0	664	3576	1292	234	188	402	398	0	
346768	Cerebelum_4_5_L	0	0	0	0	0	0	0	0	0	0	0	0	0	0	0	0	0	0	0	0	0	0	0	0	0	0	0	0	0	0	0	0	0	0	0	0	0	234	1016	0	0	0	164	0	0	0	17418	936	0	0	0	0	0	0	10388	804	0	0	0	0	0	0	0	0	0	0	122	0	0	0	0	0	0	0	0	0	0	0	0	0	0	0	0	0	0	0	0	0	0	0	24268	4528	3088	426	6118	464	0	5444	39836	7784	796	174	1664	2666	2936	2830	474	0	2292	3262	20400	4586	874	3328	3224	840	
281608	Cerebelum_4_5_R	0	0	0	0	0	0	0	0	0	0	0	0	0	0	0	0	0	0	0	0	0	0	0	0	0	0	0	0	0	0	0	0	0	0	466	564	338	1728	162	2200	0	0	0	0	0	0	3632	5720	0	0	0	0	0	0	324	6726	0	0	0	0	0	0	0	0	0	0	146	574	0	0	0	0	0	0	0	0	0	550	0	0	0	0	0	0	0	100	0	0	0	530	1634	26794	340	956	0	5716	5444	0	3810	39698	0	464	660	3636	0	990	0	0	426	3262	18046	2280	386	1376	1126	0	
476072	Cerebelum_6_L	0	0	0	0	0	0	0	0	0	0	0	0	0	0	0	0	0	0	0	0	0	0	0	0	0	0	0	0	0	0	0	0	0	0	0	0	0	0	0	0	0	0	0	0	0	0	16578	3658	0	0	0	0	118	0	27050	1398	0	0	0	0	0	0	0	0	0	0	0	0	0	0	0	0	0	0	0	0	0	0	0	0	0	0	0	0	0	0	0	0	548	0	62594	5066	12772	618	686	316	39836	3810	0	10232	4564	124	5370	2074	1618	2528	492	0	1054	1606	14464	11084	1734	3168	2782	94	
503184	Cerebelum_6_R	0	0	0	0	0	0	0	0	0	0	0	0	0	0	0	0	0	0	0	0	0	0	0	0	0	0	0	0	0	0	0	0	0	0	0	0	0	478	0	592	0	0	94	0	0	0	4756	7764	0	0	0	0	0	0	606	12812	0	0	0	0	0	0	0	0	0	0	0	0	0	0	0	0	0	0	0	0	0	0	0	0	0	0	0	0	0	0	0	0	0	0	8358	66180	2736	6618	166	5190	7784	39698	10232	0	0	1038	1224	9684	146	2084	0	468	744	3250	22310	19422	10898	4084	2176	0	
322836	Cerebelum_7b_L	0	0	0	0	0	0	0	0	0	0	0	0	0	0	0	0	0	0	0	0	0	0	0	0	0	0	0	0	0	0	0	0	0	0	0	0	0	0	0	0	0	0	0	0	0	0	0	0	0	0	0	0	0	0	2212	0	0	0	0	0	0	0	0	0	0	0	0	0	0	0	0	0	0	0	0	0	0	0	0	0	0	0	0	0	0	0	0	0	530	0	16906	0	48618	3046	0	0	796	0	4564	0	0	3278	49838	8092	7280	150	2048	0	0	0	0	102	4672	8950	336	0	
178728	Cerebelum_7b_R	0	0	0	0	0	0	0	0	0	0	0	0	0	0	0	0	0	0	0	0	0	0	0	0	0	0	0	0	0	0	0	0	0	0	0	0	0	0	0	0	0	0	0	0	0	0	0	0	0	0	0	0	0	0	0	0	0	0	0	0	0	0	0	0	0	0	0	0	0	0	0	0	0	0	0	0	0	0	0	0	0	0	0	0	0	0	0	0	0	0	226	7704	4258	24276	0	172	174	464	124	1038	3278	0	2814	30254	214	5034	0	116	0	126	342	0	3848	4152	750	0	
367864	Cerebelum_8_L	0	0	0	0	0	0	0	0	0	0	0	0	0	0	0	0	0	0	0	0	0	0	0	0	0	0	0	0	0	0	0	0	0	0	0	0	0	0	0	0	0	0	0	0	0	0	0	0	0	0	0	0	0	0	2606	108	0	0	0	0	0	0	0	0	0	0	0	0	0	0	0	0	0	0	0	0	0	0	0	0	0	0	0	0	0	0	0	0	502	0	19070	736	42320	2352	0	0	1664	660	5370	1224	49838	2814	0	11910	16246	966	3962	0	0	102	802	204	2794	13798	3884	0	
390040	Cerebelum_8_R	0	0	0	0	0	0	0	0	0	0	0	0	0	0	0	0	0	0	0	0	0	0	0	0	0	0	0	0	0	0	0	0	0	0	0	0	0	0	0	0	0	0	0	0	0	0	482	0	0	0	0	0	0	0	0	216	0	0	0	0	0	0	0	0	0	0	0	0	0	0	0	0	0	0	0	0	0	0	0	0	0	0	0	0	0	0	0	0	0	0	1758	23240	4828	35128	260	722	2666	3636	2074	9684	8092	30254	11910	0	1274	18886	0	1154	468	818	4148	1696	6858	17272	7160	336	
110444	Cerebelum_9_L	0	0	0	0	0	0	0	0	0	0	0	0	0	0	0	0	0	0	0	0	0	0	0	0	0	0	0	0	0	0	0	0	0	0	0	0	0	0	0	0	0	0	0	0	0	0	314	0	0	0	0	0	0	0	248	0	0	0	0	0	0	0	0	0	0	0	0	0	0	0	0	0	0	0	0	0	0	0	0	0	0	0	0	0	0	0	0	0	0	0	2580	140	6810	252	124	0	2936	0	1618	146	7280	214	16246	1274	0	1962	5454	0	0	0	958	870	746	2272	2392	386	
161384	Cerebelum_9_R	0	0	0	0	0	0	0	0	0	0	0	0	0	0	0	0	0	0	0	0	0	0	0	0	0	0	0	0	0	0	0	0	0	0	0	0	0	0	0	0	0	0	0	0	0	0	906	0	0	0	0	0	0	0	0	0	0	0	0	0	0	0	0	0	0	0	0	0	0	0	0	0	0	0	0	0	0	0	0	0	0	0	0	0	0	0	0	0	0	0	956	4486	260	4326	348	762	2830	990	2528	2084	150	5034	966	18886	1962	0	0	1430	2222	2566	4232	4142	2614	6504	8486	1022	
30288	Cerebelum_10_L	0	0	0	0	0	0	0	0	0	0	0	0	0	0	0	0	0	0	0	0	0	0	0	0	0	0	0	0	0	0	0	0	0	0	0	0	0	0	0	0	0	0	0	0	0	0	0	0	0	0	0	0	0	0	0	0	0	0	0	0	0	0	0	0	0	0	0	0	0	0	0	0	0	0	0	0	0	0	0	0	0	0	0	0	0	0	0	0	0	0	482	0	2106	0	0	0	474	0	492	0	2048	0	3962	0	5454	0	0	0	0	0	0	0	0	126	0	0	
9184	Cerebelum_10_R	0	0	0	0	0	0	0	0	0	0	0	0	0	0	0	0	0	0	0	0	0	0	0	0	0	0	0	0	0	0	0	0	0	0	0	0	0	0	0	0	0	0	0	0	0	0	0	0	0	0	0	0	0	0	0	0	0	0	0	0	0	0	0	0	0	0	0	0	0	0	0	0	0	0	0	0	0	0	0	0	0	0	0	0	0	0	0	0	0	0	0	576	0	328	0	0	0	0	0	468	0	116	0	1154	0	1430	0	0	0	0	0	110	0	136	274	0	
47760	Vermis_1_2	0	0	0	0	0	0	0	0	0	0	0	0	0	0	0	0	0	0	0	0	0	0	0	0	0	0	0	0	0	0	0	0	0	0	0	0	0	0	0	0	0	0	0	0	0	0	144	0	0	0	0	0	0	0	0	0	0	0	0	0	0	0	0	0	0	0	0	0	0	0	0	0	0	0	0	0	0	0	0	0	0	0	0	0	0	0	0	0	0	0	844	488	100	214	1490	664	2292	426	1054	744	0	0	0	468	0	2222	0	0	0	6820	3522	486	472	704	726	0	
79908	Vermis_3	0	0	0	0	0	0	0	0	0	0	0	0	0	0	0	0	0	0	0	0	0	0	0	0	0	0	0	0	0	0	0	0	0	0	0	0	0	0	130	0	0	0	0	0	0	0	250	0	0	0	0	0	0	0	0	0	0	0	0	0	0	0	0	0	0	0	0	0	0	0	0	0	0	0	0	0	0	0	0	0	0	0	0	0	0	0	0	0	0	0	1240	1416	140	254	1938	3576	3262	3262	1606	3250	0	126	102	818	0	2566	0	0	6820	0	5860	688	638	1006	1006	0	
340856	Vermis_4_5	0	0	0	0	0	0	0	0	0	0	0	0	0	0	0	0	0	0	0	0	0	0	0	0	0	0	0	0	0	0	0	0	0	232	264	1906	0	754	0	454	0	0	428	304	0	252	11018	5410	0	132	0	0	0	0	1796	3826	0	0	0	0	0	0	0	0	0	0	332	3120	0	0	0	0	0	0	0	0	0	0	0	0	0	0	0	0	0	0	0	0	0	0	7148	13632	1184	950	508	1292	20400	18046	14464	22310	0	342	802	4148	958	4232	0	0	3522	5860	0	9312	1358	4148	4326	1258	
232240	Vermis_6	0	0	0	0	0	0	0	0	0	0	0	0	0	0	0	0	0	0	0	0	0	0	0	0	0	0	0	0	0	0	0	0	0	0	0	0	0	0	0	0	0	0	0	0	0	0	3742	6396	0	0	0	0	0	0	506	3126	0	0	0	0	0	0	0	0	0	0	0	0	0	0	0	0	0	0	0	0	0	0	0	0	0	0	0	0	0	0	0	0	0	0	8542	13748	2840	1960	158	234	4586	2280	11084	19422	102	0	204	1696	870	4142	0	110	486	688	9312	0	8116	5202	5374	1194	
193032	Vermis_7	0	0	0	0	0	0	0	0	0	0	0	0	0	0	0	0	0	0	0	0	0	0	0	0	0	0	0	0	0	0	0	0	0	0	0	0	0	0	0	0	0	0	0	0	0	0	194	1092	0	0	0	0	0	0	0	646	0	0	0	0	0	0	0	0	0	0	0	0	0	0	0	0	0	0	0	0	0	0	0	0	0	0	0	0	0	0	0	0	0	0	3188	11730	9150	11900	0	188	874	386	1734	10898	4672	3848	2794	6858	746	2614	0	0	472	638	1358	8116	0	8576	3702	142	
228580	Vermis_8	0	0	0	0	0	0	0	0	0	0	0	0	0	0	0	0	0	0	0	0	0	0	0	0	0	0	0	0	0	0	0	0	0	0	0	0	0	0	0	0	0	0	0	0	0	0	1168	0	0	0	0	0	0	0	0	0	0	0	0	0	0	0	0	0	0	0	0	0	0	0	0	0	0	0	0	0	0	0	0	0	0	0	0	0	0	0	0	0	0	0	1636	3508	4356	5474	196	402	3328	1376	3168	4084	8950	4152	13798	17272	2272	6504	126	136	704	1006	4148	5202	8576	0	11926	822	
137504	Vermis_9	0	0	0	0	0	0	0	0	0	0	0	0	0	0	0	0	0	0	0	0	0	0	0	0	0	0	0	0	0	0	0	0	0	0	0	0	0	0	0	0	0	0	0	0	0	0	1248	0	0	0	0	0	0	0	0	0	0	0	0	0	0	0	0	0	0	0	0	0	0	0	0	0	0	0	0	0	0	0	0	0	0	0	0	0	0	0	0	0	0	0	922	1894	350	2706	178	398	3224	1126	2782	2176	336	750	3884	7160	2392	8486	0	274	726	1006	4326	5374	3702	11926	0	1406	
