data	data	617888	269456	842828	567484	101152	55772	384140	289492	64328	24152	283136	196920	211336	181536	158828	121436	223252	158412	899512	975352	40256	38632	271204	324236	27400	66900	30460	42420	524904	390496	183684	375476	172724	647064	133472	179024	227244	289380	67840	117852	28792	35080	186888	376396	201752	446260	299792	448788	298864	444884	561700	349324	79832	116392	347212	352204	376436	345944	274508	162716	285580	116388	83136	108028	183140	115612	353308	415672	378876	408896	230300	312928	220628	272440	56784	27212	178400	219664	51632	20756	218696	63628	86084	31072	288336	203076	14184	14092	240732	212128	472040	453832	300480	195336	38696	57076	386900	324388	566588	528968	200152	54532	306880	225700	151976	146840	25892	10064	54404	71688	406088	301364	185188	125196	101960	40584	
data	data	Precentral_L	Precentral_R	Frontal_Sup_L	Frontal_Sup_R	Frontal_Sup_Orb_L	Frontal_Sup_Orb_R	Frontal_Mid_L	Frontal_Mid_R	Frontal_Mid_Orb_L	Frontal_Mid_Orb_R	Frontal_Inf_Oper_L	Frontal_Inf_Oper_R	Frontal_Inf_Tri_L	Frontal_Inf_Tri_R	Frontal_Inf_Orb_L	Frontal_Inf_Orb_R	Rolandic_Oper_L	Rolandic_Oper_R	Supp_Motor_Area_L	Supp_Motor_Area_R	Olfactory_L	Olfactory_R	Frontal_Sup_Medial_L	Frontal_Sup_Medial_R	Frontal_Med_Orb_L	Frontal_Med_Orb_R	Rectus_L	Rectus_R	Insula_L	Insula_R	Cingulum_Ant_L	Cingulum_Ant_R	Cingulum_Mid_L	Cingulum_Mid_R	Cingulum_Post_L	Cingulum_Post_R	Hippocampus_L	Hippocampus_R	ParaHippocampal_L	ParaHippocampal_R	Amygdala_L	Amygdala_R	Calcarine_L	Calcarine_R	Cuneus_L	Cuneus_R	Lingual_L	Lingual_R	Occipital_Sup_L	Occipital_Sup_R	Occipital_Mid_L	Occipital_Mid_R	Occipital_Inf_L	Occipital_Inf_R	Fusiform_L	Fusiform_R	Postcentral_L	Postcentral_R	Parietal_Sup_L	Parietal_Sup_R	Parietal_Inf_L	Parietal_Inf_R	SupraMarginal_L	SupraMarginal_R	Angular_L	Angular_R	Precuneus_L	Precuneus_R	Paracentral_Lobule_L	Paracentral_Lobule_R	Caudate_L	Caudate_R	Putamen_L	Putamen_R	Pallidum_L	Pallidum_R	Thalamus_L	Thalamus_R	Heschl_L	Heschl_R	Temporal_Sup_L	Temporal_Sup_R	Temporal_Pole_Sup_L	Temporal_Pole_Sup_R	Temporal_Mid_L	Temporal_Mid_R	Temporal_Pole_Mid_L	Temporal_Pole_Mid_R	Temporal_Inf_L	Temporal_Inf_R	Cerebelum_Crus1_L	Cerebelum_Crus1_R	Cerebelum_Crus2_L	Cerebelum_Crus2_R	Cerebelum_3_L	Cerebelum_3_R	Cerebelum_4_5_L	Cerebelum_4_5_R	Cerebelum_6_L	Cerebelum_6_R	Cerebelum_7b_L	Cerebelum_7b_R	Cerebelum_8_L	Cerebelum_8_R	Cerebelum_9_L	Cerebelum_9_R	Cerebelum_10_L	Cerebelum_10_R	Vermis_1_2	Vermis_3	Vermis_4_5	Vermis_6	Vermis_7	Vermis_8	Vermis_9	Vermis_10	
617888	Precentral_L	0	1538	22584	0	0	0	16062	0	0	0	10706	0	362	0	140	0	13326	0	27144	7368	0	0	0	0	0	0	0	0	15844	564	0	0	938	5478	1640	2168	14628	2716	300	192	0	0	0	0	0	0	0	0	466	0	4848	0	0	0	620	100	39998	1294	4774	0	6744	0	3078	0	1540	0	918	500	27254	7234	9954	0	12296	0	3130	0	25990	2818	2274	0	6814	0	198	0	832	0	0	0	1572	0	0	0	0	0	0	0	0	0	0	0	0	0	0	0	0	0	0	0	0	0	0	0	0	0	0	0	
269456	Precentral_R	1538	0	2692	9858	0	0	0	9846	0	0	0	3246	0	0	0	0	0	1520	5120	15108	0	0	0	0	0	0	0	0	0	4596	0	236	802	3186	854	1590	126	3670	0	478	0	0	0	382	0	336	0	0	0	416	0	172	0	372	0	330	0	16418	0	468	0	870	0	1426	0	652	0	1082	3254	9152	1504	8284	112	3500	0	2748	850	15146	0	100	0	484	0	0	0	482	0	0	0	1722	0	0	0	0	0	0	0	0	0	0	0	0	0	0	0	0	0	0	0	0	0	0	0	0	0	0	
842828	Frontal_Sup_L	22584	2692	0	3426	9034	0	53790	4448	3324	0	24266	1352	18368	604	10610	0	12208	446	98284	12914	202	0	32694	2334	2254	0	188	0	32228	1338	9034	3298	2596	1226	0	0	1476	0	0	0	0	0	0	0	0	0	0	0	0	0	584	0	0	0	0	0	7398	152	542	0	990	0	1420	0	416	0	0	0	5600	1102	9546	1920	9668	758	1450	0	244	116	460	0	7322	0	4508	0	0	0	0	0	0	0	0	0	0	0	0	0	0	0	0	0	0	0	0	0	0	0	0	0	0	0	0	0	0	0	0	0	
567484	Frontal_Sup_R	0	9858	3426	0	0	2220	172	28714	0	108	0	6244	0	7258	182	6812	0	7762	7742	53742	0	0	7184	33768	0	3642	0	1140	656	16348	4876	26658	154	19306	0	0	0	1038	0	214	0	0	0	0	0	0	0	0	0	0	0	0	0	0	0	122	0	1440	0	0	0	524	0	618	0	300	0	0	0	392	1610	10412	0	14776	0	1978	0	1320	0	368	0	248	0	410	0	0	0	0	0	0	0	0	0	0	0	0	0	0	0	0	0	0	0	0	0	0	0	0	0	0	0	0	0	0	0	0	
101152	Frontal_Sup_Orb_L	0	0	9034	0	0	0	396	0	10378	0	0	0	190	0	8296	0	0	0	422	0	696	0	3968	0	4656	0	3770	0	2502	0	2462	0	0	0	0	0	0	0	0	0	0	0	0	0	0	0	0	0	0	0	0	0	0	0	0	0	0	0	0	0	0	0	0	0	0	0	0	0	0	0	468	0	3100	0	0	0	0	0	0	0	0	0	238	0	0	0	0	0	0	0	0	0	0	0	0	0	0	0	0	0	0	0	0	0	0	0	0	0	0	0	0	0	0	0	0	0	
55772	Frontal_Sup_Orb_R	0	0	0	2220	0	0	0	0	0	2502	0	0	0	0	0	974	0	0	0	0	0	338	284	2774	148	8006	0	6560	0	262	452	1556	0	0	0	0	0	0	0	0	0	0	0	0	0	0	0	0	0	0	0	0	0	0	0	0	0	0	0	0	0	0	0	0	0	0	0	0	0	0	0	1242	0	568	0	0	0	0	0	0	0	0	0	0	0	0	0	0	0	0	0	0	0	0	0	0	0	0	0	0	0	0	0	0	0	0	0	0	0	0	0	0	0	0	0	0	
384140	Frontal_Mid_L	16062	0	53790	172	396	0	0	0	2792	0	14124	0	26788	0	6456	0	3848	0	19980	0	0	0	16760	188	0	0	0	0	13738	0	4884	568	2012	0	0	0	662	0	0	0	0	0	0	0	0	0	0	0	0	0	0	0	0	0	0	0	3326	0	0	0	300	0	200	0	0	0	0	0	0	0	482	0	1168	0	0	0	194	0	134	0	2600	0	128	0	126	0	0	0	192	0	0	0	0	0	0	0	0	0	0	0	0	0	0	0	0	0	0	0	0	0	0	0	0	0	0	0	
289492	Frontal_Mid_R	0	9846	4448	28714	0	0	0	0	0	1626	0	10546	0	13376	750	8648	0	1146	5884	17560	0	0	0	3764	0	0	0	0	582	9120	0	5098	0	7082	0	0	0	0	0	0	0	0	0	0	0	0	0	0	0	0	0	0	0	0	0	0	0	708	0	0	0	0	0	0	0	0	0	0	0	0	3426	7222	0	4974	0	0	0	226	0	0	0	0	0	0	0	0	0	0	0	0	0	0	0	0	0	0	0	0	0	0	0	0	0	0	0	0	0	0	0	0	0	0	0	0	0	0	
64328	Frontal_Mid_Orb_L	0	0	3324	0	10378	0	2792	0	0	0	0	0	414	0	9960	0	0	0	192	0	0	0	316	0	752	0	2266	0	764	0	288	0	0	0	0	0	0	0	0	0	0	0	0	0	0	0	0	0	0	0	0	0	0	0	0	0	0	0	0	0	0	0	0	0	0	0	0	0	0	0	106	0	612	0	0	0	0	0	0	0	0	0	0	0	0	0	0	0	0	0	0	0	0	0	0	0	0	0	0	0	0	0	0	0	0	0	0	0	0	0	0	0	0	0	0	0	
24152	Frontal_Mid_Orb_R	0	0	0	108	0	2502	0	1626	0	0	0	0	0	154	0	2896	0	0	336	898	0	0	0	0	0	176	0	930	0	130	0	0	0	350	0	0	0	0	0	0	0	0	0	0	0	0	0	0	0	0	0	0	0	0	0	0	0	0	0	0	0	0	0	0	0	0	0	0	0	0	152	848	0	970	0	0	0	0	0	0	0	0	0	0	0	0	0	0	0	0	0	0	0	0	0	0	0	0	0	0	0	0	0	0	0	0	0	0	0	0	0	0	0	0	0	0	
283136	Frontal_Inf_Oper_L	10706	0	24266	0	0	0	14124	0	0	0	0	0	16868	0	0	0	14092	0	21254	0	0	0	0	0	0	0	0	0	18742	0	156	0	0	0	0	0	122	0	0	0	0	0	0	0	0	0	0	0	0	0	0	0	0	0	0	0	4600	0	0	0	0	0	0	0	0	0	0	0	0	0	380	0	834	0	0	0	0	0	176	0	9180	0	6068	0	0	0	0	0	0	0	0	0	0	0	0	0	0	0	0	0	0	0	0	0	0	0	0	0	0	0	0	0	0	0	0	0	
196920	Frontal_Inf_Oper_R	0	3246	1352	6244	0	0	0	10546	0	0	0	0	420	12584	902	300	0	5818	2458	15270	0	0	0	1336	0	0	0	0	1142	20666	124	2422	0	3294	0	0	0	136	0	0	0	0	0	0	0	0	0	0	0	0	0	0	0	0	0	0	0	834	0	0	0	0	0	0	0	0	0	0	0	0	1348	2048	0	4092	0	0	0	182	0	0	0	0	0	1696	0	0	0	0	0	0	0	0	0	0	0	0	0	0	0	0	0	0	0	0	0	0	0	0	0	0	0	0	0	0	0	0	
211336	Frontal_Inf_Tri_L	362	0	18368	0	190	0	26788	0	414	0	16868	420	0	292	8130	0	328	0	10712	0	0	0	858	0	0	0	0	0	17400	336	1378	180	226	0	0	0	0	0	0	0	0	0	0	0	0	0	0	0	0	0	0	0	0	0	0	0	0	0	0	0	0	0	0	0	0	0	0	0	0	0	1046	0	694	0	0	0	0	0	0	0	0	0	678	0	0	0	0	0	0	0	0	0	0	0	0	0	0	0	0	0	0	0	0	0	0	0	0	0	0	0	0	0	0	0	0	0	
181536	Frontal_Inf_Tri_R	0	0	604	7258	0	0	0	13376	0	154	0	12584	292	0	490	12812	0	0	1106	8078	0	0	0	1530	0	0	0	0	594	21044	116	2020	0	4052	0	0	0	0	0	0	0	0	0	0	0	0	0	0	0	0	0	0	0	0	0	0	0	0	0	0	0	0	0	0	0	0	0	0	0	0	498	1746	0	2136	0	0	0	104	0	0	0	0	0	174	0	0	0	0	0	0	0	0	0	0	0	0	0	0	0	0	0	0	0	0	0	0	0	0	0	0	0	0	0	0	0	0	
158828	Frontal_Inf_Orb_L	140	0	10610	182	8296	0	6456	750	9960	0	0	902	8130	490	0	112	0	0	5728	440	316	0	562	258	0	0	210	0	14212	628	528	340	0	196	0	0	0	0	0	0	0	0	0	0	0	0	0	0	0	0	0	0	0	0	0	0	0	0	0	0	0	0	0	0	0	0	0	0	118	0	4058	746	4324	0	0	0	0	0	0	0	0	0	722	0	0	0	0	0	0	0	0	0	0	0	0	0	0	0	0	0	0	0	0	0	0	0	0	0	0	0	0	0	0	0	0	0	
121436	Frontal_Inf_Orb_R	0	0	0	6812	0	974	0	8648	0	2896	0	300	0	12812	112	0	0	0	444	5856	0	234	0	218	0	0	0	628	0	13162	0	350	0	2602	0	0	0	0	0	0	0	0	0	0	0	0	0	0	0	0	0	0	0	0	0	0	0	0	0	0	0	0	0	0	0	0	0	0	0	0	360	1972	0	2338	0	0	0	0	0	0	0	0	0	0	0	0	0	0	0	0	0	0	0	0	0	0	0	0	0	0	0	0	0	0	0	0	0	0	0	0	0	0	0	0	0	0	
223252	Rolandic_Oper_L	13326	0	12208	0	0	0	3848	0	0	0	14092	0	328	0	0	0	0	0	14454	0	0	0	0	0	0	0	0	0	16136	0	0	0	0	0	0	0	556	0	0	0	0	0	0	0	0	0	0	0	0	0	290	0	0	0	0	0	7664	0	192	0	514	0	1816	0	734	0	0	0	942	0	254	0	100	0	0	0	0	0	2124	0	16548	0	4634	0	550	0	0	0	316	0	0	0	0	0	0	0	0	0	0	0	0	0	0	0	0	0	0	0	0	0	0	0	0	0	0	0	
158412	Rolandic_Oper_R	0	1520	446	7762	0	0	0	1146	0	0	0	5818	0	0	0	0	0	0	2810	16664	0	0	0	0	0	0	0	0	0	18852	0	0	0	672	0	0	0	588	0	156	0	0	0	270	0	0	0	0	0	0	0	0	0	338	0	442	0	3278	0	0	0	778	0	2870	0	208	0	268	0	620	202	716	0	3590	0	0	0	0	0	2564	0	4146	0	1324	0	140	0	0	0	1018	0	0	0	0	0	0	0	0	0	0	0	0	0	0	0	0	0	0	0	0	0	0	0	0	0	0	
899512	Supp_Motor_Area_L	27144	5120	98284	7742	422	0	19980	5884	192	336	21254	2458	10712	1106	5728	444	14454	2810	0	51406	124	0	7178	5318	0	0	0	0	30890	4950	4398	7152	9980	22940	250	0	1304	312	0	0	0	0	0	0	0	0	0	0	0	0	584	0	0	0	182	0	8826	898	542	0	1000	0	1420	0	416	0	0	0	13652	5892	9302	4808	8158	6186	2032	0	302	226	448	0	9044	384	4994	0	0	0	0	0	188	0	0	0	0	0	0	0	0	0	0	0	0	0	0	0	0	0	0	0	0	0	0	0	0	0	0	0	
975352	Supp_Motor_Area_R	7368	15108	12914	53742	0	0	0	17560	0	898	0	15270	0	8078	440	5856	0	16664	51406	0	0	0	876	11406	0	0	0	0	668	28786	1528	16828	10600	68346	240	912	152	3330	0	426	0	0	0	0	0	0	0	0	0	0	0	0	0	0	0	216	490	13004	0	0	0	534	0	632	0	300	0	0	13336	40492	3002	19684	642	24636	532	4022	2446	11718	0	372	0	748	0	1468	0	0	0	0	0	0	0	0	0	0	0	0	0	0	0	0	0	0	0	0	0	0	0	0	0	0	0	0	0	0	0	0	
40256	Olfactory_L	0	0	202	0	696	0	0	0	0	0	0	0	0	0	316	0	0	0	124	0	0	3378	0	0	0	0	1734	114	1854	0	1962	1080	0	0	0	0	456	0	566	0	848	0	0	0	0	0	0	0	0	0	0	0	0	0	0	0	0	0	0	0	0	0	0	0	0	0	0	0	0	0	3516	2386	572	0	0	0	0	0	0	0	0	0	324	0	0	0	0	0	0	0	0	0	0	0	0	0	0	0	0	0	0	0	0	0	0	0	0	0	0	0	0	0	0	0	0	0	
38632	Olfactory_R	0	0	0	0	0	338	0	0	0	0	0	0	0	0	0	234	0	0	0	0	3378	0	0	0	0	326	1288	516	0	324	2392	1366	0	0	0	0	0	0	0	0	0	0	0	0	0	0	0	0	0	0	0	0	0	0	0	0	0	0	0	0	0	0	0	0	0	0	0	0	0	0	4582	3804	768	0	0	0	0	0	0	0	0	0	0	0	0	0	0	0	0	0	0	0	0	0	0	0	0	0	0	0	0	0	0	0	0	0	0	0	0	0	0	0	0	0	0	0	
271204	Frontal_Sup_Medial_L	0	0	32694	7184	3968	284	16760	0	316	0	0	0	858	0	562	0	0	0	7178	876	0	0	0	20418	3380	960	0	0	1626	0	10604	15466	2874	9594	0	0	0	0	0	0	0	0	0	0	0	0	0	0	0	0	0	0	0	0	0	0	0	0	0	0	0	0	0	0	0	0	0	0	0	0	0	0	0	0	0	0	0	0	0	0	0	0	0	0	0	0	0	0	0	0	0	0	0	0	0	0	0	0	0	0	0	0	0	0	0	0	0	0	0	0	0	0	0	0	0	0	
324236	Frontal_Sup_Medial_R	0	0	2334	33768	0	2774	188	3764	0	0	0	1336	0	1530	258	218	0	0	5318	11406	0	0	20418	0	0	5792	0	1308	228	1606	6364	32090	0	17202	0	0	0	0	0	0	0	0	0	0	0	0	0	0	0	0	0	0	0	0	0	0	0	0	0	0	0	0	0	0	0	0	0	0	0	0	1414	9520	0	3282	0	0	0	0	0	0	0	0	0	0	0	0	0	0	0	0	0	0	0	0	0	0	0	0	0	0	0	0	0	0	0	0	0	0	0	0	0	0	0	0	0	0	
27400	Frontal_Med_Orb_L	0	0	2254	0	4656	148	0	0	752	0	0	0	0	0	0	0	0	0	0	0	0	0	3380	0	0	444	802	0	0	0	1126	138	0	0	0	0	0	0	0	0	0	0	0	0	0	0	0	0	0	0	0	0	0	0	0	0	0	0	0	0	0	0	0	0	0	0	0	0	0	0	0	0	0	0	0	0	0	0	0	0	0	0	0	0	0	0	0	0	0	0	0	0	0	0	0	0	0	0	0	0	0	0	0	0	0	0	0	0	0	0	0	0	0	0	0	0	
66900	Frontal_Med_Orb_R	0	0	0	3642	0	8006	0	0	0	176	0	0	0	0	0	0	0	0	0	0	0	326	960	5792	444	0	0	6214	0	0	1136	4224	0	0	0	0	0	0	0	0	0	0	0	0	0	0	0	0	0	0	0	0	0	0	0	0	0	0	0	0	0	0	0	0	0	0	0	0	0	0	0	2360	0	170	0	0	0	0	0	0	0	0	0	0	0	0	0	0	0	0	0	0	0	0	0	0	0	0	0	0	0	0	0	0	0	0	0	0	0	0	0	0	0	0	0	0	
30460	Rectus_L	0	0	188	0	3770	0	0	0	2266	0	0	0	0	0	210	0	0	0	0	0	1734	1288	0	0	802	0	0	138	0	0	1840	434	0	0	0	0	0	0	0	0	0	0	0	0	0	0	0	0	0	0	0	0	0	0	0	0	0	0	0	0	0	0	0	0	0	0	0	0	0	0	1420	812	328	0	0	0	0	0	0	0	0	0	0	0	0	0	0	0	0	0	0	0	0	0	0	0	0	0	0	0	0	0	0	0	0	0	0	0	0	0	0	0	0	0	0	0	
42420	Rectus_R	0	0	0	1140	0	6560	0	0	0	930	0	0	0	0	0	628	0	0	0	0	114	516	0	1308	0	6214	138	0	0	280	158	1526	0	0	0	0	0	0	0	0	0	0	0	0	0	0	0	0	0	0	0	0	0	0	0	0	0	0	0	0	0	0	0	0	0	0	0	0	0	0	100	1598	0	0	0	0	0	0	0	0	0	0	0	0	0	0	0	0	0	0	0	0	0	0	0	0	0	0	0	0	0	0	0	0	0	0	0	0	0	0	0	0	0	0	0	0	
524904	Insula_L	15844	0	32228	656	2502	0	13738	582	764	0	18742	1142	17400	594	14212	0	16136	0	30890	668	1854	0	1626	228	0	0	0	0	0	974	1684	404	638	140	266	212	12390	246	1208	0	1012	0	0	0	0	0	0	0	134	0	1250	0	126	0	2410	0	6504	0	388	0	550	0	446	0	0	0	232	190	3356	0	6088	636	17074	0	0	0	1640	0	5256	0	11504	0	7512	0	3236	0	0	0	4940	0	0	0	0	0	0	0	0	0	0	0	0	0	0	0	0	0	0	0	0	0	0	0	0	0	0	0	
390496	Insula_R	564	4596	1338	16348	0	262	0	9120	0	130	0	20666	336	21044	628	13162	0	18852	4950	28786	0	324	0	1606	0	0	0	280	974	0	112	2144	0	4164	666	1024	0	3376	0	0	0	490	0	0	0	0	0	0	0	0	0	0	0	0	0	0	0	2166	0	0	0	110	0	224	0	0	0	0	626	780	1064	3206	0	21344	0	0	770	3068	0	1756	0	2270	0	1612	0	310	0	0	0	0	0	0	0	0	0	0	0	0	0	0	0	0	0	0	0	0	0	0	0	0	0	0	0	0	0	0	
183684	Cingulum_Ant_L	0	0	9034	4876	2462	452	4884	0	288	0	156	124	1378	116	528	0	0	0	4398	1528	1962	2392	10604	6364	1126	1136	1840	158	1684	112	0	14930	4516	3480	0	0	0	0	0	0	0	0	0	0	0	0	0	0	0	0	0	0	0	0	0	0	0	0	0	0	0	0	0	0	0	0	0	0	0	0	5818	2488	3008	0	0	0	0	0	0	0	0	0	0	0	0	0	0	0	0	0	0	0	0	0	0	0	0	0	0	0	0	0	0	0	0	0	0	0	0	0	0	0	0	0	0	0	
375476	Cingulum_Ant_R	0	236	3298	26658	0	1556	568	5098	0	0	0	2422	180	2020	340	350	0	0	7152	16828	1080	1366	15466	32090	138	4224	434	1526	404	2144	14930	0	2820	25366	0	0	0	0	0	0	0	0	0	0	0	0	0	0	0	0	0	0	0	0	0	0	0	160	0	0	0	0	0	0	0	0	0	0	0	0	2874	10944	290	4776	0	0	0	0	0	0	0	0	0	0	0	0	0	0	0	0	0	0	0	0	0	0	0	0	0	0	0	0	0	0	0	0	0	0	0	0	0	0	0	0	0	0	
172724	Cingulum_Mid_L	938	802	2596	154	0	0	2012	0	0	0	0	0	226	0	0	0	0	0	9980	10600	0	0	2874	0	0	0	0	0	638	0	4516	2820	0	14368	2804	782	0	406	0	0	0	0	338	0	2056	0	0	0	1600	0	1086	0	0	0	0	0	1156	1438	1002	0	404	0	0	0	0	0	4210	358	5718	6434	154	586	332	118	838	0	328	1690	0	0	0	0	0	0	0	0	0	0	0	0	0	0	0	0	0	0	0	0	0	0	0	0	0	0	0	0	0	0	0	0	0	0	0	0	0	0	
647064	Cingulum_Mid_R	5478	3186	1226	19306	0	0	0	7082	0	350	0	3294	0	4052	196	2602	0	672	22940	68346	0	0	9594	17202	0	0	0	0	140	4164	3480	25366	14368	0	1538	7256	130	2550	0	392	0	0	0	410	162	1038	0	180	0	724	0	594	0	664	0	656	408	14380	0	0	0	0	0	0	0	0	976	4980	20332	35574	982	4690	604	3116	516	0	1510	5170	0	0	0	140	0	0	0	118	0	0	0	698	0	0	0	0	0	0	0	0	0	0	0	0	0	0	0	0	0	0	0	0	0	0	0	0	0	0	
133472	Cingulum_Post_L	1640	854	0	0	0	0	0	0	0	0	0	0	0	0	0	0	0	0	250	240	0	0	0	0	0	0	0	0	266	666	0	0	2804	1538	0	7272	3844	3588	1756	364	0	0	6540	0	1908	0	2214	0	1220	0	2300	110	566	352	950	548	1200	524	336	0	168	0	0	0	0	0	10926	852	4406	738	0	0	180	0	0	0	1984	1602	0	0	0	0	0	0	1692	0	0	0	0	216	0	0	0	0	0	0	122	0	0	0	0	0	0	0	0	0	0	0	0	0	0	0	0	0	0	0	
179024	Cingulum_Post_R	2168	1590	0	0	0	0	0	0	0	0	0	0	0	0	0	0	0	0	0	912	0	0	0	0	0	0	0	0	212	1024	0	0	782	7256	7272	0	1020	11912	0	1270	0	0	0	3852	186	468	0	6040	0	148	0	360	0	1370	0	1914	218	3112	0	1096	0	0	0	0	0	0	1054	14334	3218	4706	170	0	0	0	0	0	3096	3720	0	0	0	0	0	0	0	804	0	0	0	3264	0	0	0	0	0	0	0	0	0	0	0	0	0	0	0	0	0	0	0	0	964	0	0	0	0	0	
227244	Hippocampus_L	14628	126	1476	0	0	0	662	0	0	0	122	0	0	0	0	0	556	0	1304	152	456	0	0	0	0	0	0	0	12390	0	0	0	0	130	3844	1020	0	868	6360	0	6042	0	1868	0	0	0	1672	0	0	0	398	0	170	0	11984	0	2900	0	138	0	164	0	0	0	0	0	2906	304	2882	190	1096	0	6762	0	346	0	4804	438	2844	0	2498	0	598	0	3786	0	0	0	14242	0	0	0	0	0	0	0	496	0	0	0	0	0	0	0	0	0	0	0	0	0	0	0	0	0	0	0	
289380	Hippocampus_R	2716	3670	0	1038	0	0	0	0	0	0	0	136	0	0	0	0	0	588	312	3330	0	0	0	0	0	0	0	0	246	3376	0	0	406	2550	3588	11912	868	0	0	17792	0	6324	0	1340	254	330	0	2198	0	0	0	548	0	5294	0	23436	240	3422	0	0	0	0	0	660	0	0	0	5078	3736	5070	190	100	120	7194	0	0	3686	7998	0	0	0	266	0	1376	0	932	0	1090	0	9684	0	0	0	0	0	0	0	528	0	0	0	0	0	0	0	0	0	0	0	0	1068	0	0	0	0	0	
67840	ParaHippocampal_L	300	0	0	0	0	0	0	0	0	0	0	0	0	0	0	0	0	0	0	0	566	0	0	0	0	0	0	0	1208	0	0	0	0	0	1756	0	6360	0	0	0	746	0	1392	0	0	0	2640	0	506	0	2640	0	748	0	3962	0	1400	0	184	0	0	0	0	0	0	0	2950	0	580	0	0	0	168	0	0	0	424	0	334	0	0	0	198	0	2646	0	0	0	1362	0	0	0	0	0	112	0	380	0	0	0	0	0	0	0	0	0	0	0	146	212	0	0	0	0	0	0	
117852	ParaHippocampal_R	192	478	0	214	0	0	0	0	0	0	0	0	0	0	0	0	0	156	0	426	0	0	0	0	0	0	0	0	0	0	0	0	0	392	364	1270	0	17792	0	0	0	2454	0	530	0	0	0	3548	0	112	0	564	0	3470	0	14886	0	542	0	0	0	0	0	152	0	0	0	1588	408	714	0	0	0	2466	0	0	252	1678	0	0	0	0	0	1048	0	0	0	762	0	1334	0	0	0	0	0	0	0	960	0	0	0	0	0	0	0	0	0	0	0	0	174	0	0	0	0	0	
28792	Amygdala_L	0	0	0	0	0	0	0	0	0	0	0	0	0	0	0	0	0	0	0	0	848	0	0	0	0	0	0	0	1012	0	0	0	0	0	0	0	6042	0	746	0	0	0	0	0	0	0	0	0	0	0	0	0	0	0	2392	0	0	0	0	0	0	0	0	0	0	0	0	0	0	0	0	0	154	0	0	0	0	0	0	0	0	0	544	0	106	0	100	0	2452	0	0	0	0	0	0	0	0	0	0	0	0	0	0	0	0	0	0	0	0	0	0	0	0	0	0	0	
35080	Amygdala_R	0	0	0	0	0	0	0	0	0	0	0	0	0	0	0	0	0	0	0	0	0	0	0	0	0	0	0	0	0	490	0	0	0	0	0	0	0	6324	0	2454	0	0	0	0	0	0	0	0	0	0	0	0	0	0	0	2296	0	0	0	0	0	0	0	0	0	0	0	0	0	0	0	168	0	130	0	0	0	168	0	0	0	0	0	2584	0	0	0	1426	0	1500	0	0	0	0	0	0	0	0	0	0	0	0	0	0	0	0	0	0	0	0	0	0	0	0	0	0	
186888	Calcarine_L	0	0	0	0	0	0	0	0	0	0	0	0	0	0	0	0	0	0	0	0	0	0	0	0	0	0	0	0	0	0	0	0	338	0	6540	0	1868	0	1392	0	0	0	0	3898	12818	2648	9382	2376	9614	1298	17926	190	3282	0	1192	0	264	0	978	0	110	0	0	0	162	0	14188	0	0	0	0	0	0	0	0	0	0	0	0	0	0	0	0	0	2654	0	0	0	194	0	0	0	0	0	0	0	132	0	0	0	0	0	0	0	0	0	0	0	0	0	0	0	0	0	0	0	
376396	Calcarine_R	0	382	0	0	0	0	0	0	0	0	0	0	0	0	0	0	0	270	0	0	0	0	0	0	0	0	0	0	0	0	0	0	0	410	0	3852	0	1340	0	530	0	0	3898	0	8928	36472	2324	25542	0	26080	0	17544	0	8426	0	6198	0	4894	0	3508	0	244	0	348	0	270	278	20494	0	1574	0	0	0	0	0	0	0	0	0	0	0	296	0	0	0	5776	0	0	0	6738	0	0	0	0	0	0	0	0	258	0	0	0	0	0	0	0	0	0	0	0	0	1324	0	0	0	0	
201752	Cuneus_L	0	0	0	0	0	0	0	0	0	0	0	0	0	0	0	0	0	0	0	0	0	0	0	0	0	0	0	0	0	0	0	0	2056	162	1908	186	0	254	0	0	0	0	12818	8928	0	10648	4580	1342	19550	2018	17188	720	108	2344	162	504	410	612	1914	0	276	0	0	0	0	0	8900	724	0	184	0	0	0	0	0	0	0	0	0	0	0	0	0	0	1014	480	0	0	0	702	0	0	0	0	0	0	0	0	0	0	0	0	0	0	0	0	0	0	0	0	0	184	0	0	0	0	
446260	Cuneus_R	0	336	0	0	0	0	0	0	0	0	0	0	0	0	0	0	0	0	0	0	0	0	0	0	0	0	0	0	0	0	0	0	0	1038	0	468	0	330	0	0	0	0	2648	36472	10648	0	1620	11484	140	55478	0	29412	0	3170	0	2380	0	3714	0	9998	0	210	0	228	0	1848	1548	37272	0	330	0	0	0	0	0	0	0	0	0	0	0	294	0	0	0	7872	0	0	0	2766	0	0	0	0	0	0	0	0	224	0	0	0	0	0	0	0	0	0	0	0	0	1202	0	0	0	0	
299792	Lingual_L	0	0	0	0	0	0	0	0	0	0	0	0	0	0	0	0	0	0	0	0	0	0	0	0	0	0	0	0	0	0	0	0	0	0	2214	0	1672	0	2640	0	0	0	9382	2324	4580	1620	0	8284	3240	976	13172	356	3352	0	15146	1530	512	0	0	0	0	0	0	0	0	0	4300	0	194	0	0	0	0	0	0	0	0	0	0	0	0	0	0	0	896	0	0	0	536	0	6398	2018	424	0	152	0	15862	5076	18834	4210	258	0	694	0	266	362	0	0	250	246	10350	6212	444	0	304	610	
448788	Lingual_R	0	0	0	0	0	0	0	0	0	0	0	0	0	0	0	0	0	0	0	0	0	0	0	0	0	0	0	0	0	0	0	0	0	180	0	6040	0	2198	0	3548	0	0	2376	25542	1342	11484	8284	0	0	14430	0	9286	0	2194	2390	19330	0	2238	0	1498	0	0	0	0	0	124	220	11882	0	1976	0	0	0	0	0	0	0	0	0	0	0	0	0	0	0	1170	0	0	0	952	6512	6564	978	228	394	180	7268	10580	16274	12966	556	0	1258	528	1808	248	336	0	272	288	11718	15580	1054	0	120	0	
298864	Occipital_Sup_L	466	0	0	0	0	0	0	0	0	0	0	0	0	0	0	0	0	0	0	0	0	0	0	0	0	0	0	0	134	0	0	0	1600	0	1220	0	0	0	506	0	0	0	9614	0	19550	140	3240	0	0	0	47154	0	678	0	644	0	4176	0	16082	0	1942	0	0	0	3038	0	29394	0	160	0	0	0	0	0	0	0	0	0	0	0	0	0	0	0	7938	0	0	0	1756	0	0	0	0	0	0	0	0	0	0	0	0	0	0	0	0	0	0	0	0	0	0	0	0	0	0	0	
444884	Occipital_Sup_R	0	416	0	0	0	0	0	0	0	0	0	0	0	0	0	0	0	0	0	0	0	0	0	0	0	0	0	0	0	0	0	0	0	724	0	148	0	0	0	112	0	0	1298	26080	2018	55478	976	14430	0	0	0	41618	0	1494	0	4270	0	6804	0	11802	0	1114	0	862	0	5274	1210	33454	0	282	0	0	0	0	0	0	0	0	0	0	0	212	0	0	0	8382	0	0	0	2706	0	0	0	0	0	0	0	0	252	0	0	0	0	0	0	0	0	0	0	0	0	1026	0	0	0	0	
561700	Occipital_Mid_L	4848	0	584	0	0	0	0	0	0	0	0	0	0	0	0	0	290	0	584	0	0	0	0	0	0	0	0	0	1250	0	0	0	1086	0	2300	0	398	0	2640	0	0	0	17926	0	17188	0	13172	0	47154	0	0	0	15300	0	10516	0	15330	0	35242	0	20406	0	354	0	15166	0	31736	0	1634	0	0	0	0	0	0	0	0	0	630	0	292	0	0	0	20368	0	0	0	4194	0	0	0	0	0	0	0	0	0	262	0	0	0	0	0	0	0	0	0	0	0	0	0	0	0	0	0	
349324	Occipital_Mid_R	0	172	0	0	0	0	0	0	0	0	0	0	0	0	0	0	0	0	0	0	0	0	0	0	0	0	0	0	0	0	0	0	0	594	110	360	0	548	0	564	0	0	190	17544	720	29412	356	9286	0	41618	0	0	0	3472	0	3908	0	1874	0	6976	0	974	0	184	0	7906	1092	19628	0	444	0	0	0	0	0	0	0	0	0	0	0	0	0	0	0	20338	0	0	0	5244	0	0	0	0	0	0	0	0	232	0	0	0	0	0	0	0	0	0	0	0	0	916	0	0	0	0	
79832	Occipital_Inf_L	0	0	0	0	0	0	0	0	0	0	0	0	0	0	0	0	0	0	0	0	0	0	0	0	0	0	0	0	126	0	0	0	0	0	566	0	170	0	748	0	0	0	3282	0	108	0	3352	0	678	0	15300	0	0	0	8324	0	764	0	166	0	0	0	0	0	0	0	900	0	178	0	0	0	0	0	0	0	0	0	468	0	0	0	0	0	1576	0	0	0	2822	0	0	0	0	0	0	0	0	0	260	0	0	0	0	0	0	0	0	0	0	0	0	128	0	0	0	0	
116392	Occipital_Inf_R	0	372	0	0	0	0	0	0	0	0	0	0	0	0	0	0	0	338	0	0	0	0	0	0	0	0	0	0	0	0	0	0	0	664	352	1370	0	5294	0	3470	0	0	0	8426	2344	3170	0	2194	0	1494	0	3472	0	0	0	10200	0	2600	0	0	0	0	0	266	0	0	0	2394	198	914	0	0	0	0	0	0	0	0	0	0	0	0	0	0	0	1208	0	0	0	6996	0	122	0	0	0	0	0	0	102	106	0	0	0	0	0	0	0	0	0	0	0	130	0	0	0	0	
347212	Fusiform_L	620	0	0	0	0	0	0	0	0	0	0	0	0	0	0	0	0	0	182	0	0	0	0	0	0	0	0	0	2410	0	0	0	0	0	950	0	11984	0	3962	0	2392	0	1192	0	162	0	15146	2390	644	0	10516	0	8324	0	0	552	930	0	300	0	0	0	0	0	0	0	2054	0	234	0	0	0	880	0	0	0	384	0	1074	0	1652	0	1488	0	3424	0	1056	0	18706	0	20028	792	2510	0	0	0	13288	1378	29000	1410	984	0	2166	0	236	0	0	0	0	0	4534	3372	300	0	0	0	
352204	Fusiform_R	100	330	0	122	0	0	0	0	0	0	0	0	0	0	0	0	0	442	0	216	0	0	0	0	0	0	0	0	0	0	0	0	0	656	548	1914	0	23436	0	14886	0	2296	0	6198	504	2380	1530	19330	0	4270	0	3908	0	10200	552	0	0	1484	0	0	0	0	0	316	0	0	0	1352	414	1020	0	0	0	2074	0	0	102	846	0	0	0	540	0	1250	0	826	0	1326	0	10442	1718	12664	302	316	198	150	1238	7854	4034	18764	0	0	108	388	724	112	124	0	0	0	4346	6472	780	0	0	0	
376436	Postcentral_L	39998	0	7398	0	0	0	3326	0	0	0	4600	0	0	0	0	0	7664	0	8826	490	0	0	0	0	0	0	0	0	6504	0	0	0	1156	408	1200	218	2900	240	1400	0	0	0	264	0	410	0	512	0	4176	0	15330	0	764	0	930	0	0	214	13840	0	20750	0	7380	0	2664	0	8248	166	6424	532	812	0	1876	0	930	0	4064	260	1514	0	4104	0	0	0	4674	0	0	0	1052	0	0	0	0	0	0	0	0	0	0	0	0	0	0	0	0	0	0	0	0	0	0	0	0	0	0	0	
345944	Postcentral_R	1294	16418	152	1440	0	0	0	708	0	0	0	834	0	0	0	0	0	3278	898	13004	0	0	0	0	0	0	0	0	0	2166	0	160	1438	14380	524	3112	0	3422	0	542	0	0	0	4894	612	3714	0	2238	0	6804	0	1874	0	2600	0	1484	214	0	0	10268	0	5620	0	6262	0	2304	166	8470	7256	23420	324	2732	278	332	194	0	628	4366	0	680	0	1876	0	0	0	3264	0	0	0	6328	0	0	0	0	0	0	0	0	0	0	0	0	0	0	0	0	0	0	0	0	0	0	0	0	0	0	
274508	Parietal_Sup_L	4774	0	542	0	0	0	0	0	0	0	0	0	0	0	0	0	192	0	542	0	0	0	0	0	0	0	0	0	388	0	0	0	1002	0	336	0	138	0	184	0	0	0	978	0	1914	0	0	0	16082	0	35242	0	166	0	300	0	13840	0	0	0	24628	0	310	0	7270	0	22232	0	666	0	0	0	0	0	0	0	0	0	118	0	0	0	0	0	4648	0	0	0	762	0	0	0	0	0	0	0	0	0	0	0	0	0	0	0	0	0	0	0	0	0	0	0	0	0	0	0	
162716	Parietal_Sup_R	0	468	0	0	0	0	0	0	0	0	0	0	0	0	0	0	0	0	0	0	0	0	0	0	0	0	0	0	0	0	0	0	0	0	0	1096	0	0	0	0	0	0	0	3508	0	9998	0	1498	0	11802	0	6976	0	0	0	0	0	10268	0	0	0	11020	0	2024	0	6824	498	13060	0	578	0	0	0	0	0	0	0	0	0	0	0	174	0	0	0	796	0	0	0	770	0	0	0	0	0	0	0	0	0	0	0	0	0	0	0	0	0	0	0	0	0	0	0	0	0	0	
285580	Parietal_Inf_L	6744	0	990	0	0	0	300	0	0	0	0	0	0	0	0	0	514	0	1000	0	0	0	0	0	0	0	0	0	550	0	0	0	404	0	168	0	164	0	0	0	0	0	110	0	276	0	0	0	1942	0	20406	0	0	0	0	0	20750	0	24628	0	0	0	11012	0	30232	0	3812	0	624	0	142	0	0	0	0	0	0	0	134	0	1572	0	0	0	8730	0	0	0	7586	0	0	0	0	0	0	0	0	0	0	0	0	0	0	0	0	0	0	0	0	0	0	0	0	0	0	0	
116388	Parietal_Inf_R	0	870	0	524	0	0	0	0	0	0	0	0	0	0	0	0	0	778	0	534	0	0	0	0	0	0	0	0	0	110	0	0	0	0	0	0	0	0	0	0	0	0	0	244	0	210	0	0	0	1114	0	974	0	0	0	0	0	5620	0	11020	0	0	0	15650	0	15574	0	286	0	0	0	0	0	0	0	0	0	0	0	0	0	610	0	0	0	2240	0	0	0	1836	0	0	0	0	0	0	0	0	0	0	0	0	0	0	0	0	0	0	0	0	0	0	0	0	0	0	
83136	SupraMarginal_L	3078	0	1420	0	0	0	200	0	0	0	0	0	0	0	0	0	1816	0	1420	0	0	0	0	0	0	0	0	0	446	0	0	0	0	0	0	0	0	0	0	0	0	0	0	0	0	0	0	0	0	0	354	0	0	0	0	0	7380	0	310	0	11012	0	0	0	4004	0	0	0	634	0	182	0	0	0	0	0	0	0	0	0	6224	0	0	0	2282	0	0	0	806	0	0	0	0	0	0	0	0	0	0	0	0	0	0	0	0	0	0	0	0	0	0	0	0	0	0	0	
108028	SupraMarginal_R	0	1426	0	618	0	0	0	0	0	0	0	0	0	0	0	0	0	2870	0	632	0	0	0	0	0	0	0	0	0	224	0	0	0	0	0	0	0	660	0	152	0	0	0	348	0	228	0	0	0	862	0	184	0	266	0	316	0	6262	0	2024	0	15650	0	0	0	8158	0	364	0	150	0	0	0	0	0	0	0	0	0	164	0	4156	0	0	0	4382	0	0	0	3918	0	0	0	0	0	0	0	0	0	0	0	0	0	0	0	0	0	0	0	0	0	0	0	0	0	0	
183140	Angular_L	1540	0	416	0	0	0	0	0	0	0	0	0	0	0	0	0	734	0	416	0	0	0	0	0	0	0	0	0	0	0	0	0	0	0	0	0	0	0	0	0	0	0	162	0	0	0	0	0	3038	0	15166	0	0	0	0	0	2664	0	7270	0	30232	0	4004	0	0	0	2310	0	0	0	0	0	0	0	0	0	0	0	0	0	2288	0	0	0	12586	0	0	0	8744	0	0	0	0	0	0	0	0	0	0	0	0	0	0	0	0	0	0	0	0	0	0	0	0	0	0	0	
115612	Angular_R	0	652	0	300	0	0	0	0	0	0	0	0	0	0	0	0	0	208	0	300	0	0	0	0	0	0	0	0	0	0	0	0	0	0	0	0	0	0	0	0	0	0	0	270	0	1848	0	124	0	5274	0	7906	0	0	0	0	0	2304	0	6824	0	15574	0	8158	0	0	0	2248	0	0	0	0	0	0	0	0	0	0	0	0	0	1260	0	0	0	3906	0	0	0	650	0	0	0	0	0	0	0	0	0	0	0	0	0	0	0	0	0	0	0	0	0	0	0	0	0	0	
353308	Precuneus_L	918	0	0	0	0	0	0	0	0	0	0	0	0	0	0	0	0	0	0	0	0	0	0	0	0	0	0	0	232	0	0	0	4210	976	10926	1054	2906	0	2950	0	0	0	14188	278	8900	1548	4300	220	29394	1210	31736	1092	900	0	2054	0	8248	166	22232	498	3812	0	0	0	2310	0	0	3978	2070	354	0	0	0	0	0	0	0	0	0	0	0	0	0	0	10560	0	0	0	1898	0	0	0	0	0	0	0	536	0	0	0	0	0	0	0	0	0	0	0	0	0	0	0	0	0	0	0	
415672	Precuneus_R	500	1082	0	0	0	0	0	0	0	0	0	0	0	0	0	0	0	268	0	0	0	0	0	0	0	0	0	0	190	0	0	0	358	4980	852	14334	304	5078	0	1588	0	0	0	20494	724	37272	0	11882	0	33454	0	19628	0	2394	0	1352	166	8470	0	13060	0	286	0	364	0	2248	3978	0	376	3948	0	0	0	0	0	0	716	400	0	0	0	348	0	0	0	7644	0	0	0	7572	0	0	0	0	0	0	0	380	0	0	0	0	0	0	0	0	0	0	0	0	1146	0	0	0	0	0	
378876	Paracentral_Lobule_L	27254	3254	5600	0	0	0	0	0	0	0	0	0	0	0	118	0	942	0	13652	13336	0	0	0	0	0	0	0	0	3356	626	0	0	5718	20332	4406	3218	2882	3736	580	408	0	0	0	0	0	0	194	0	160	0	1634	0	178	198	234	414	6424	7256	666	0	624	0	634	0	0	0	2070	376	0	21752	3190	578	8432	136	6042	0	9792	4456	0	0	1514	0	0	0	1790	0	0	0	1108	168	0	0	0	0	0	0	0	0	0	0	0	0	0	0	0	0	0	0	0	0	0	0	0	0	0	0	
408896	Paracentral_Lobule_R	7234	9152	1102	392	0	0	0	0	0	0	0	0	0	0	0	0	0	620	5892	40492	0	0	0	0	0	0	0	0	0	780	0	0	6434	35574	738	4706	190	5070	0	714	0	0	0	1574	184	330	0	1976	0	282	0	444	0	914	0	1020	532	23420	0	578	0	0	0	150	0	0	354	3948	21752	0	852	6218	664	774	544	1026	2764	12810	0	490	0	544	0	0	0	342	0	0	0	872	0	0	0	0	0	0	0	0	0	0	0	0	0	0	0	0	0	0	0	0	0	0	0	0	0	0	
230300	Caudate_L	9954	1504	9546	1610	468	0	482	3426	106	152	380	1348	1046	498	4058	360	254	202	9302	3002	3516	4582	0	1414	0	0	1420	100	6088	1064	5818	2874	154	982	0	170	1096	190	0	0	0	0	0	0	0	0	0	0	0	0	0	0	0	0	0	0	812	324	0	0	142	0	182	0	0	0	0	0	3190	852	0	7744	10576	834	1450	0	11074	210	178	0	0	0	236	0	0	0	0	0	180	0	0	0	0	0	0	0	0	0	0	0	0	0	0	0	0	0	0	0	0	0	0	0	0	0	0	0	
312928	Caudate_R	0	8284	1920	10412	0	1242	0	7222	0	848	0	2048	0	1746	746	1972	0	716	4808	19684	2386	3804	0	9520	0	2360	812	1598	636	3206	2488	10944	586	4690	0	0	0	100	0	0	0	168	0	0	0	0	0	0	0	0	0	0	0	0	0	0	0	2732	0	0	0	0	0	0	0	0	0	0	578	6218	7744	0	614	13076	0	2068	0	18488	0	0	0	0	0	0	0	0	0	0	0	0	0	0	0	0	0	0	0	0	0	0	0	0	0	0	0	0	0	0	0	0	0	0	0	0	0	0	
220628	Putamen_L	12296	112	9668	0	3100	0	1168	0	612	0	834	0	694	0	4324	0	100	0	8158	642	572	768	0	0	0	0	328	0	17074	0	3008	290	332	604	180	0	6762	120	168	0	154	0	0	0	0	0	0	0	0	0	0	0	0	0	880	0	1876	278	0	0	0	0	0	0	0	0	0	0	8432	664	10576	614	0	0	8528	0	3382	106	0	0	1138	0	576	0	182	0	0	0	1014	0	0	0	0	0	0	0	0	0	0	0	0	0	0	0	0	0	0	0	0	0	0	0	0	0	0	0	
272440	Putamen_R	0	3500	758	14776	0	568	0	4974	0	970	0	4092	0	2136	0	2338	0	3590	6186	24636	0	0	0	3282	0	170	0	0	0	21344	0	4776	118	3116	0	0	0	7194	0	2466	0	130	0	0	0	0	0	0	0	0	0	0	0	0	0	2074	0	332	0	0	0	0	0	0	0	0	0	0	136	774	834	13076	0	0	0	1764	0	4868	0	320	0	594	0	122	0	0	0	0	0	0	0	0	0	0	0	0	0	206	0	0	0	0	0	0	0	0	0	0	0	0	0	0	0	0	0	0	
56784	Pallidum_L	3130	0	1450	0	0	0	0	0	0	0	0	0	0	0	0	0	0	0	2032	532	0	0	0	0	0	0	0	0	0	0	0	0	838	516	0	0	346	0	0	0	0	0	0	0	0	0	0	0	0	0	0	0	0	0	0	0	930	194	0	0	0	0	0	0	0	0	0	0	6042	544	1450	0	8528	0	0	0	1860	0	0	0	0	0	0	0	0	0	0	0	0	0	0	0	0	0	0	0	0	0	0	0	0	0	0	0	0	0	0	0	0	0	0	0	0	0	0	0	
27212	Pallidum_R	0	2748	0	1978	0	0	0	0	0	0	0	0	0	0	0	0	0	0	0	4022	0	0	0	0	0	0	0	0	0	0	0	0	0	0	0	0	0	0	0	0	0	0	0	0	0	0	0	0	0	0	0	0	0	0	0	0	0	0	0	0	0	0	0	0	0	0	0	0	0	1026	0	2068	0	1764	0	0	0	0	0	0	0	0	0	0	0	0	0	0	0	0	0	0	0	0	0	0	0	0	0	0	0	0	0	0	0	0	0	0	0	0	0	0	0	0	0	0	
178400	Thalamus_L	25990	850	244	0	0	0	194	0	0	0	0	0	0	0	0	0	0	0	302	2446	0	0	0	0	0	0	0	0	1640	770	0	0	328	1510	1984	3096	4804	3686	424	252	0	0	0	0	0	0	0	0	0	0	0	0	0	0	384	102	4064	628	0	0	0	0	0	0	0	0	0	716	9792	2764	11074	0	3382	0	1860	0	0	5250	0	0	144	0	0	0	0	0	0	0	520	0	0	0	0	0	0	0	0	0	0	0	0	0	0	0	0	0	0	0	0	0	0	0	0	0	0	0	
219664	Thalamus_R	2818	15146	116	1320	0	0	0	226	0	0	0	182	0	104	0	0	0	0	226	11718	0	0	0	0	0	0	0	0	0	3068	0	0	1690	5170	1602	3720	438	7998	0	1678	0	168	0	0	0	0	0	0	0	0	0	0	0	0	0	846	260	4366	0	0	0	0	0	0	0	0	0	400	4456	12810	210	18488	106	4868	0	0	5250	0	0	0	0	0	0	0	0	0	0	0	0	384	0	0	0	0	0	0	0	0	0	0	0	0	0	0	0	0	0	0	0	0	0	0	0	0	0	0	
51632	Heschl_L	2274	0	460	0	0	0	134	0	0	0	176	0	0	0	0	0	2124	0	448	0	0	0	0	0	0	0	0	0	5256	0	0	0	0	0	0	0	2844	0	334	0	0	0	0	0	0	0	0	0	0	0	630	0	468	0	1074	0	1514	0	118	0	134	0	0	0	0	0	0	0	0	0	178	0	0	0	0	0	0	0	0	0	1816	0	0	0	3342	0	0	0	2492	0	0	0	0	0	0	0	0	0	0	0	0	0	0	0	0	0	0	0	0	0	0	0	0	0	0	0	
20756	Heschl_R	0	100	0	368	0	0	0	0	0	0	0	0	0	0	0	0	0	2564	0	372	0	0	0	0	0	0	0	0	0	1756	0	0	0	0	0	0	0	0	0	0	0	0	0	0	0	0	0	0	0	0	0	0	0	0	0	0	0	680	0	0	0	0	0	164	0	0	0	0	0	490	0	0	0	320	0	0	0	0	0	0	0	3192	0	0	0	270	0	0	0	102	0	0	0	0	0	0	0	0	0	0	0	0	0	0	0	0	0	0	0	0	0	0	0	0	0	0	
218696	Temporal_Sup_L	6814	0	7322	0	0	0	2600	0	0	0	9180	0	0	0	0	0	16548	0	9044	0	0	0	0	0	0	0	0	0	11504	0	0	0	0	0	0	0	2498	0	0	0	0	0	0	0	0	0	0	0	0	0	292	0	0	0	1652	0	4104	0	0	0	1572	0	6224	0	2288	0	0	0	1514	0	0	0	1138	0	0	0	144	0	1816	0	0	0	4476	0	12618	0	0	0	6000	0	0	0	0	0	0	0	0	0	0	0	0	0	0	0	0	0	0	0	0	0	0	0	0	0	0	0	
63628	Temporal_Sup_R	0	484	0	248	0	0	0	0	0	0	0	0	0	0	0	0	0	4146	384	748	0	0	0	0	0	0	0	0	0	2270	0	0	0	140	0	0	0	266	0	0	0	0	0	296	0	294	0	0	0	212	0	0	0	0	0	540	0	1876	0	174	0	610	0	4156	0	1260	0	348	0	544	0	0	0	594	0	0	0	0	0	3192	0	0	0	196	0	6302	0	0	0	2534	0	0	0	0	0	0	0	0	0	0	0	0	0	0	0	0	0	0	0	0	0	0	0	0	0	0	
86084	Temporal_Pole_Sup_L	198	0	4508	0	238	0	128	0	0	0	6068	0	678	0	722	0	4634	0	4994	0	324	0	0	0	0	0	0	0	7512	0	0	0	0	0	0	0	598	0	198	0	544	0	0	0	0	0	0	0	0	0	0	0	0	0	1488	0	0	0	0	0	0	0	0	0	0	0	0	0	0	0	236	0	576	0	0	0	0	0	0	0	4476	0	0	0	1548	0	1652	0	1722	0	0	0	0	0	0	0	0	0	0	0	0	0	0	0	0	0	0	0	0	0	0	0	0	0	0	0	
31072	Temporal_Pole_Sup_R	0	0	0	410	0	0	0	0	0	0	0	1696	0	174	0	0	0	1324	0	1468	0	0	0	0	0	0	0	0	0	1612	0	0	0	0	0	0	0	1376	0	1048	0	2584	0	0	0	0	0	0	0	0	0	0	0	0	0	1250	0	0	0	0	0	0	0	0	0	0	0	0	0	0	0	0	0	122	0	0	0	0	0	0	0	196	0	0	0	204	0	1406	0	666	0	0	0	0	0	0	0	0	0	0	0	0	0	0	0	0	0	0	0	0	0	0	0	0	0	0	
288336	Temporal_Mid_L	832	0	0	0	0	0	126	0	0	0	0	0	0	0	0	0	550	0	0	0	0	0	0	0	0	0	0	0	3236	0	0	0	0	0	1692	0	3786	0	2646	0	106	0	2654	0	1014	0	896	0	7938	0	20368	0	1576	0	3424	0	4674	0	4648	0	8730	0	2282	0	12586	0	10560	0	1790	0	0	0	182	0	0	0	0	0	3342	0	12618	0	1548	0	0	0	1950	0	28414	0	0	0	0	0	0	0	0	0	0	0	0	0	0	0	0	0	0	0	0	0	0	0	0	0	0	0	
203076	Temporal_Mid_R	0	482	0	0	0	0	0	0	0	0	0	0	0	0	0	0	0	140	0	0	0	0	0	0	0	0	0	0	0	310	0	0	0	118	0	804	0	932	0	0	0	0	0	5776	480	7872	0	1170	0	8382	0	20338	0	1208	0	826	0	3264	0	796	0	2240	0	4382	0	3906	0	7644	0	342	0	0	0	0	0	0	0	0	0	270	0	6302	0	204	0	0	0	138	0	23212	0	0	0	0	0	0	0	0	0	0	0	0	0	0	0	0	0	0	0	0	0	0	0	0	0	0	
14184	Temporal_Pole_Mid_L	0	0	0	0	0	0	0	0	0	0	0	0	0	0	0	0	0	0	0	0	0	0	0	0	0	0	0	0	0	0	0	0	0	0	0	0	0	0	0	0	100	0	0	0	0	0	0	0	0	0	0	0	0	0	1056	0	0	0	0	0	0	0	0	0	0	0	0	0	0	0	0	0	0	0	0	0	0	0	0	0	0	0	1652	0	1950	0	0	0	2334	0	0	0	0	0	0	0	0	0	0	0	0	0	0	0	0	0	0	0	0	0	0	0	0	0	0	0	
14092	Temporal_Pole_Mid_R	0	0	0	0	0	0	0	0	0	0	0	0	0	0	0	0	0	0	0	0	0	0	0	0	0	0	0	0	0	0	0	0	0	0	0	0	0	1090	0	762	0	1426	0	0	0	0	0	0	0	0	0	0	0	0	0	1326	0	0	0	0	0	0	0	0	0	0	0	0	0	0	0	0	0	0	0	0	0	0	0	0	0	0	0	1406	0	138	0	0	0	898	0	0	0	0	0	0	0	0	0	0	0	0	0	0	0	0	0	0	0	0	0	0	0	0	0	0	
240732	Temporal_Inf_L	1572	0	0	0	0	0	192	0	0	0	0	0	0	0	0	0	316	0	188	0	0	0	0	0	0	0	0	0	4940	0	0	0	0	0	0	0	14242	0	1362	0	2452	0	194	0	0	0	536	0	1756	0	4194	0	2822	0	18706	0	1052	0	762	0	7586	0	806	0	8744	0	1898	0	1108	0	180	0	1014	0	0	0	520	0	2492	0	6000	0	1722	0	28414	0	2334	0	0	0	1376	0	350	0	0	0	0	0	284	0	0	0	252	0	0	0	0	0	0	0	0	0	0	0	0	0	
212128	Temporal_Inf_R	0	1722	0	0	0	0	0	0	0	0	0	0	0	0	0	0	0	1018	0	0	0	0	0	0	0	0	0	0	0	0	0	0	0	698	216	3264	0	9684	0	1334	0	1500	0	6738	702	2766	0	952	0	2706	0	5244	0	6996	0	10442	0	6328	0	770	0	1836	0	3918	0	650	0	7572	168	872	0	0	0	0	0	0	0	384	0	102	0	2534	0	666	0	23212	0	898	0	0	0	172	0	0	0	0	0	0	0	0	0	0	0	0	0	0	0	0	0	0	0	0	0	0	0	0	
472040	Cerebelum_Crus1_L	0	0	0	0	0	0	0	0	0	0	0	0	0	0	0	0	0	0	0	0	0	0	0	0	0	0	0	0	0	0	0	0	0	0	0	0	0	0	0	0	0	0	0	0	0	0	6398	6512	0	0	0	0	0	0	20028	1718	0	0	0	0	0	0	0	0	0	0	0	0	0	0	0	0	0	0	0	0	0	0	0	0	0	0	0	0	0	0	0	0	1376	0	0	6114	32094	886	242	0	21900	3182	58842	8528	14190	0	23496	1252	3386	316	774	0	0	0	6782	11036	6018	576	374	0	
453832	Cerebelum_Crus1_R	0	0	0	0	0	0	0	0	0	0	0	0	0	0	0	0	0	0	0	0	0	0	0	0	0	0	0	0	0	0	0	0	0	0	0	0	0	0	0	0	0	0	0	0	0	0	2018	6564	0	0	0	0	0	122	792	12664	0	0	0	0	0	0	0	0	0	0	0	0	0	0	0	0	0	0	0	0	0	0	0	0	0	0	0	0	0	0	0	0	0	172	6114	0	4796	25624	0	2498	5306	25806	5602	67272	388	1410	1460	12916	1144	2688	0	152	0	248	15308	8660	12686	2640	1748	118	
300480	Cerebelum_Crus2_L	0	0	0	0	0	0	0	0	0	0	0	0	0	0	0	0	0	0	0	0	0	0	0	0	0	0	0	0	0	0	0	0	0	0	0	0	0	0	0	0	0	0	0	0	0	0	424	978	0	0	0	0	0	0	2510	302	0	0	0	0	0	0	0	0	0	0	0	0	0	0	0	0	0	0	0	0	0	0	0	0	0	0	0	0	0	0	0	0	350	0	32094	4796	0	4944	0	0	2480	596	9202	3136	32214	590	34232	3348	2692	226	0	0	0	0	796	1464	9462	3196	208	0	
195336	Cerebelum_Crus2_R	0	0	0	0	0	0	0	0	0	0	0	0	0	0	0	0	0	0	0	0	0	0	0	0	0	0	0	0	0	0	0	0	0	0	0	0	0	0	0	0	0	0	0	0	0	0	0	228	0	0	0	0	0	0	0	316	0	0	0	0	0	0	0	0	0	0	0	0	0	0	0	0	0	0	0	0	0	0	0	0	0	0	0	0	0	0	0	0	0	0	886	25624	4944	0	0	214	112	1380	294	9496	1492	11000	1558	23600	278	2544	0	0	0	0	594	752	8002	3336	1018	0	
38696	Cerebelum_3_L	0	0	0	0	0	0	0	0	0	0	0	0	0	0	0	0	0	0	0	0	0	0	0	0	0	0	0	0	0	0	0	0	0	0	0	0	0	0	112	0	0	0	0	0	0	0	152	394	0	0	0	0	0	0	0	198	0	0	0	0	0	0	0	0	0	0	0	0	0	0	0	0	0	0	0	0	0	0	0	0	0	0	0	0	0	0	0	0	0	0	242	0	0	0	0	258	6162	242	1030	370	0	0	568	0	2222	306	242	0	1308	2174	2432	626	0	0	188	122	
57076	Cerebelum_3_R	0	0	0	0	0	0	0	0	0	0	0	0	0	0	0	0	0	0	0	0	0	0	0	0	0	0	0	0	0	0	0	0	0	0	0	0	0	0	0	0	0	0	0	0	0	0	0	180	0	0	0	0	0	0	0	150	0	0	0	0	0	0	0	0	0	0	0	0	0	0	0	0	0	0	0	0	0	0	0	0	0	0	0	0	0	0	0	0	0	0	0	2498	0	214	258	0	872	4640	490	3530	0	0	0	632	428	1722	102	198	1634	3864	4198	864	474	704	886	0	
386900	Cerebelum_4_5_L	0	0	0	0	0	0	0	0	0	0	0	0	0	0	0	0	0	0	0	0	0	0	0	0	0	0	0	0	0	0	0	0	0	0	122	0	496	0	380	0	0	0	132	0	0	0	15862	7268	0	0	0	0	0	0	13288	1238	0	0	0	0	0	0	0	0	0	0	536	0	0	0	0	0	0	0	0	0	0	0	0	0	0	0	0	0	0	0	0	0	0	0	21900	5306	2480	112	6162	872	0	11482	40944	8406	2444	0	4948	340	6906	1884	760	0	2070	2602	26082	4218	176	482	1956	1596	
324388	Cerebelum_4_5_R	0	0	0	0	0	0	0	0	0	0	0	0	0	0	0	0	0	0	0	0	0	0	0	0	0	0	0	0	0	0	0	0	0	0	0	0	0	528	0	960	0	0	0	0	0	0	5076	10580	0	0	0	0	0	0	1378	7854	0	0	0	0	0	0	0	0	0	0	0	380	0	0	0	0	0	206	0	0	0	0	0	0	0	0	0	0	0	0	0	0	0	0	3182	25806	596	1380	242	4640	11482	0	8054	36198	536	0	1218	1798	1196	2004	122	124	268	1044	28462	2676	1158	1354	1490	202	
566588	Cerebelum_6_L	0	0	0	0	0	0	0	0	0	0	0	0	0	0	0	0	0	0	0	0	0	0	0	0	0	0	0	0	0	0	0	0	0	0	0	0	0	0	0	0	0	0	0	258	0	224	18834	16274	0	252	262	232	260	102	29000	4034	0	0	0	0	0	0	0	0	0	0	0	0	0	0	0	0	0	0	0	0	0	0	0	0	0	0	0	0	0	0	0	0	284	0	58842	5602	9202	294	1030	490	40944	8054	0	12196	6844	0	10776	1256	6020	1746	1484	0	898	920	18134	22040	3180	1000	1684	642	
528968	Cerebelum_6_R	0	0	0	0	0	0	0	0	0	0	0	0	0	0	0	0	0	0	0	0	0	0	0	0	0	0	0	0	0	0	0	0	0	0	0	0	0	0	0	0	0	0	0	0	0	0	4210	12966	0	0	0	0	0	106	1410	18764	0	0	0	0	0	0	0	0	0	0	0	0	0	0	0	0	0	0	0	0	0	0	0	0	0	0	0	0	0	0	0	0	0	0	8528	67272	3136	9496	370	3530	8406	36198	12196	0	328	0	1636	9078	2602	3380	476	542	242	720	22820	17062	12078	3810	2928	194	
200152	Cerebelum_7b_L	0	0	0	0	0	0	0	0	0	0	0	0	0	0	0	0	0	0	0	0	0	0	0	0	0	0	0	0	0	0	0	0	0	0	0	0	0	0	0	0	0	0	0	0	0	0	258	556	0	0	0	0	0	0	984	0	0	0	0	0	0	0	0	0	0	0	0	0	0	0	0	0	0	0	0	0	0	0	0	0	0	0	0	0	0	0	0	0	0	0	14190	388	32214	1492	0	0	2444	536	6844	328	0	236	29210	1840	1716	0	238	0	0	0	692	170	2984	2756	0	0	
54532	Cerebelum_7b_R	0	0	0	0	0	0	0	0	0	0	0	0	0	0	0	0	0	0	0	0	0	0	0	0	0	0	0	0	0	0	0	0	0	0	0	0	0	0	0	0	0	0	0	0	0	0	0	0	0	0	0	0	0	0	0	0	0	0	0	0	0	0	0	0	0	0	0	0	0	0	0	0	0	0	0	0	0	0	0	0	0	0	0	0	0	0	0	0	0	0	0	1410	590	11000	0	0	0	0	0	0	236	0	264	12638	0	308	0	0	0	0	0	0	378	442	0	0	
306880	Cerebelum_8_L	0	0	0	0	0	0	0	0	0	0	0	0	0	0	0	0	0	0	0	0	0	0	0	0	0	0	0	0	0	0	0	0	0	0	0	0	0	0	0	0	0	0	0	0	0	0	694	1258	0	0	0	0	0	0	2166	108	0	0	0	0	0	0	0	0	0	0	0	0	0	0	0	0	0	0	0	0	0	0	0	0	0	0	0	0	0	0	0	0	252	0	23496	1460	34232	1558	568	0	4948	1218	10776	1636	29210	264	0	4186	15632	1214	1918	0	146	226	1678	950	3748	7854	1886	158	
225700	Cerebelum_8_R	0	0	0	0	0	0	0	0	0	0	0	0	0	0	0	0	0	0	0	0	0	0	0	0	0	0	0	0	0	0	0	0	0	0	0	0	0	0	0	0	0	0	0	0	0	0	0	528	0	0	0	0	0	0	0	388	0	0	0	0	0	0	0	0	0	0	0	0	0	0	0	0	0	0	0	0	0	0	0	0	0	0	0	0	0	0	0	0	0	0	1252	12916	3348	23600	0	632	340	1798	1256	9078	1840	12638	4186	0	986	17050	0	956	166	298	1302	1976	6940	7016	2360	0	
151976	Cerebelum_9_L	0	0	0	0	0	0	0	0	0	0	0	0	0	0	0	0	0	0	0	0	0	0	0	0	0	0	0	0	0	0	0	0	0	0	0	0	0	0	0	0	0	0	0	0	0	0	266	1808	0	0	0	0	0	0	236	724	0	0	0	0	0	0	0	0	0	0	0	0	0	0	0	0	0	0	0	0	0	0	0	0	0	0	0	0	0	0	0	0	0	0	3386	1144	2692	278	2222	428	6906	1196	6020	2602	1716	0	15632	986	0	2822	3598	0	1048	1302	4034	4996	1338	3322	3556	1730	
146840	Cerebelum_9_R	0	0	0	0	0	0	0	0	0	0	0	0	0	0	0	0	0	0	0	0	0	0	0	0	0	0	0	0	0	0	0	0	0	0	0	0	0	0	0	0	0	0	0	0	0	0	362	248	0	0	0	0	0	0	0	112	0	0	0	0	0	0	0	0	0	0	0	0	0	0	0	0	0	0	0	0	0	0	0	0	0	0	0	0	0	0	0	0	0	0	316	2688	226	2544	306	1722	1884	2004	1746	3380	0	308	1214	17050	2822	0	376	1882	2150	2856	5146	5024	2854	4708	6996	2496	
25892	Cerebelum_10_L	0	0	0	0	0	0	0	0	0	0	0	0	0	0	0	0	0	0	0	0	0	0	0	0	0	0	0	0	0	0	0	0	0	0	0	0	0	0	0	0	0	0	0	0	0	0	0	336	0	0	0	0	0	0	0	124	0	0	0	0	0	0	0	0	0	0	0	0	0	0	0	0	0	0	0	0	0	0	0	0	0	0	0	0	0	0	0	0	0	0	774	0	0	0	242	102	760	122	1484	476	238	0	1918	0	3598	376	0	0	164	180	356	980	0	328	388	0	
10064	Cerebelum_10_R	0	0	0	0	0	0	0	0	0	0	0	0	0	0	0	0	0	0	0	0	0	0	0	0	0	0	0	0	0	0	0	0	0	0	0	0	0	0	0	0	0	0	0	0	0	0	0	0	0	0	0	0	0	0	0	0	0	0	0	0	0	0	0	0	0	0	0	0	0	0	0	0	0	0	0	0	0	0	0	0	0	0	0	0	0	0	0	0	0	0	0	152	0	0	0	198	0	124	0	542	0	0	0	956	0	1882	0	0	100	264	288	146	114	126	140	0	
54404	Vermis_1_2	0	0	0	0	0	0	0	0	0	0	0	0	0	0	0	0	0	0	0	0	0	0	0	0	0	0	0	0	0	0	0	0	0	0	0	0	0	0	146	0	0	0	0	0	0	0	250	272	0	0	0	0	0	0	0	0	0	0	0	0	0	0	0	0	0	0	0	0	0	0	0	0	0	0	0	0	0	0	0	0	0	0	0	0	0	0	0	0	0	0	0	0	0	0	1308	1634	2070	268	898	242	0	0	146	166	1048	2150	164	100	0	7588	4502	1384	248	682	1252	684	
71688	Vermis_3	0	0	0	0	0	0	0	0	0	0	0	0	0	0	0	0	0	0	0	0	0	0	0	0	0	0	0	0	0	0	0	0	0	0	0	0	0	0	212	0	0	0	0	0	0	0	246	288	0	0	0	0	0	0	0	0	0	0	0	0	0	0	0	0	0	0	0	0	0	0	0	0	0	0	0	0	0	0	0	0	0	0	0	0	0	0	0	0	0	0	0	248	0	0	2174	3864	2602	1044	920	720	0	0	226	298	1302	2856	180	264	7588	0	6654	1324	200	666	1202	766	
406088	Vermis_4_5	0	0	0	0	0	0	0	0	0	0	0	0	0	0	0	0	0	0	0	0	0	0	0	0	0	0	0	0	0	0	0	0	0	0	0	964	0	1068	0	174	0	0	0	0	0	0	10350	11718	0	0	0	0	0	0	4534	4346	0	0	0	0	0	0	0	0	0	0	0	1146	0	0	0	0	0	0	0	0	0	0	0	0	0	0	0	0	0	0	0	0	0	0	6782	15308	796	594	2432	4198	26082	28462	18134	22820	692	0	1678	1302	4034	5146	356	288	4502	6654	0	9088	814	1350	3530	3702	
301364	Vermis_6	0	0	0	0	0	0	0	0	0	0	0	0	0	0	0	0	0	0	0	0	0	0	0	0	0	0	0	0	0	0	0	0	0	0	0	0	0	0	0	0	0	0	0	1324	184	1202	6212	15580	0	1026	0	916	128	130	3372	6472	0	0	0	0	0	0	0	0	0	0	0	0	0	0	0	0	0	0	0	0	0	0	0	0	0	0	0	0	0	0	0	0	0	0	11036	8660	1464	752	626	864	4218	2676	22040	17062	170	0	950	1976	4996	5024	980	146	1384	1324	9088	0	7038	2690	5086	3886	
185188	Vermis_7	0	0	0	0	0	0	0	0	0	0	0	0	0	0	0	0	0	0	0	0	0	0	0	0	0	0	0	0	0	0	0	0	0	0	0	0	0	0	0	0	0	0	0	0	0	0	444	1054	0	0	0	0	0	0	300	780	0	0	0	0	0	0	0	0	0	0	0	0	0	0	0	0	0	0	0	0	0	0	0	0	0	0	0	0	0	0	0	0	0	0	6018	12686	9462	8002	0	474	176	1158	3180	12078	2984	378	3748	6940	1338	2854	0	114	248	200	814	7038	0	6984	3142	0	
125196	Vermis_8	0	0	0	0	0	0	0	0	0	0	0	0	0	0	0	0	0	0	0	0	0	0	0	0	0	0	0	0	0	0	0	0	0	0	0	0	0	0	0	0	0	0	0	0	0	0	0	0	0	0	0	0	0	0	0	0	0	0	0	0	0	0	0	0	0	0	0	0	0	0	0	0	0	0	0	0	0	0	0	0	0	0	0	0	0	0	0	0	0	0	576	2640	3196	3336	0	704	482	1354	1000	3810	2756	442	7854	7016	3322	4708	328	126	682	666	1350	2690	6984	0	5864	712	
101960	Vermis_9	0	0	0	0	0	0	0	0	0	0	0	0	0	0	0	0	0	0	0	0	0	0	0	0	0	0	0	0	0	0	0	0	0	0	0	0	0	0	0	0	0	0	0	0	0	0	304	120	0	0	0	0	0	0	0	0	0	0	0	0	0	0	0	0	0	0	0	0	0	0	0	0	0	0	0	0	0	0	0	0	0	0	0	0	0	0	0	0	0	0	374	1748	208	1018	188	886	1956	1490	1684	2928	0	0	1886	2360	3556	6996	388	140	1252	1202	3530	5086	3142	5864	0	2674	
