data	data	518952	201324	1.05421e+06	848224	157876	122180	614108	215540	79144	37140	271412	87248	238012	119136	140516	95788	221980	52288	651492	693680	64360	90620	344184	339228	65344	93932	48144	76572	528256	241456	313832	488260	139328	622872	103868	135044	206672	292400	58116	153032	28132	65016	254372	259992	289392	246060	246888	170272	210972	270168	465500	209768	74896	22976	216868	250768	240120	154112	144452	67456	350312	53960	93608	65736	235832	52260	298376	275548	159424	119260	268200	440456	370276	388600	59868	21872	152184	147204	94956	26756	204624	69460	62352	39696	289444	141556	25088	19524	193572	126884	279728	251464	250852	220516	16572	25484	227472	115540	304732	272160	195168	123664	251348	234464	74996	69452	12724	5664	19840	36132	207900	137268	153276	93132	49920	15400	
data	data	Precentral_L	Precentral_R	Frontal_Sup_L	Frontal_Sup_R	Frontal_Sup_Orb_L	Frontal_Sup_Orb_R	Frontal_Mid_L	Frontal_Mid_R	Frontal_Mid_Orb_L	Frontal_Mid_Orb_R	Frontal_Inf_Oper_L	Frontal_Inf_Oper_R	Frontal_Inf_Tri_L	Frontal_Inf_Tri_R	Frontal_Inf_Orb_L	Frontal_Inf_Orb_R	Rolandic_Oper_L	Rolandic_Oper_R	Supp_Motor_Area_L	Supp_Motor_Area_R	Olfactory_L	Olfactory_R	Frontal_Sup_Medial_L	Frontal_Sup_Medial_R	Frontal_Med_Orb_L	Frontal_Med_Orb_R	Rectus_L	Rectus_R	Insula_L	Insula_R	Cingulum_Ant_L	Cingulum_Ant_R	Cingulum_Mid_L	Cingulum_Mid_R	Cingulum_Post_L	Cingulum_Post_R	Hippocampus_L	Hippocampus_R	ParaHippocampal_L	ParaHippocampal_R	Amygdala_L	Amygdala_R	Calcarine_L	Calcarine_R	Cuneus_L	Cuneus_R	Lingual_L	Lingual_R	Occipital_Sup_L	Occipital_Sup_R	Occipital_Mid_L	Occipital_Mid_R	Occipital_Inf_L	Occipital_Inf_R	Fusiform_L	Fusiform_R	Postcentral_L	Postcentral_R	Parietal_Sup_L	Parietal_Sup_R	Parietal_Inf_L	Parietal_Inf_R	SupraMarginal_L	SupraMarginal_R	Angular_L	Angular_R	Precuneus_L	Precuneus_R	Paracentral_Lobule_L	Paracentral_Lobule_R	Caudate_L	Caudate_R	Putamen_L	Putamen_R	Pallidum_L	Pallidum_R	Thalamus_L	Thalamus_R	Heschl_L	Heschl_R	Temporal_Sup_L	Temporal_Sup_R	Temporal_Pole_Sup_L	Temporal_Pole_Sup_R	Temporal_Mid_L	Temporal_Mid_R	Temporal_Pole_Mid_L	Temporal_Pole_Mid_R	Temporal_Inf_L	Temporal_Inf_R	Cerebelum_Crus1_L	Cerebelum_Crus1_R	Cerebelum_Crus2_L	Cerebelum_Crus2_R	Cerebelum_3_L	Cerebelum_3_R	Cerebelum_4_5_L	Cerebelum_4_5_R	Cerebelum_6_L	Cerebelum_6_R	Cerebelum_7b_L	Cerebelum_7b_R	Cerebelum_8_L	Cerebelum_8_R	Cerebelum_9_L	Cerebelum_9_R	Cerebelum_10_L	Cerebelum_10_R	Vermis_1_2	Vermis_3	Vermis_4_5	Vermis_6	Vermis_7	Vermis_8	Vermis_9	Vermis_10	
518952	Precentral_L	0	616	19898	3802	0	0	29100	0	0	0	15630	0	582	0	0	0	16082	0	8602	10612	0	0	0	0	0	0	0	0	20808	130	0	156	352	3790	2634	1450	10926	534	290	0	0	0	160	0	278	0	0	0	0	0	170	0	0	0	148	0	22580	0	962	0	2430	0	622	0	0	0	454	100	22988	242	7560	1836	18354	660	8134	0	17500	1704	4546	0	1904	0	0	0	0	0	0	0	150	0	0	0	0	0	0	0	0	0	0	0	0	0	0	0	0	0	0	0	0	0	0	0	0	0	0	0	
201324	Precentral_R	616	0	326	7206	0	0	198	1804	0	0	0	3570	0	720	0	0	0	686	288	1316	0	0	0	0	0	0	0	0	0	706	0	0	0	3204	140	1948	0	6368	0	146	0	0	0	270	0	378	0	460	0	218	0	236	0	0	0	640	0	23116	0	0	0	318	0	822	0	0	0	1518	140	5056	0	5586	104	1272	0	98	886	26302	0	252	0	494	0	0	0	1642	0	0	0	1612	0	0	0	0	0	0	0	0	0	0	0	0	0	0	0	0	0	0	0	0	0	0	0	0	0	0	
1.05421e+06	Frontal_Sup_L	19898	326	0	15480	11024	0	82126	1106	5266	0	20900	490	19554	1152	8150	0	12138	0	97236	19954	0	0	46864	10948	2090	0	104	0	41340	634	17204	5262	3686	11246	334	482	3830	346	146	0	120	0	0	0	0	0	0	0	0	0	98	0	0	0	634	0	198	0	0	0	0	0	0	0	0	0	0	0	3048	866	14498	6438	28456	696	4062	0	3602	704	386	0	1942	0	1328	0	0	0	0	0	712	0	0	0	0	0	0	0	0	0	0	0	0	0	0	0	0	0	0	0	0	0	0	0	0	0	0	0	
848224	Frontal_Sup_R	3802	7206	15480	0	0	5008	7914	39666	0	444	0	3868	198	4142	220	3060	0	570	15086	64838	0	0	12136	41256	180	1558	0	106	388	13386	6596	37994	3014	40146	380	660	818	7534	0	1616	162	186	0	0	0	0	0	0	0	0	0	0	0	0	0	0	0	1032	0	0	0	0	0	0	0	0	0	106	1706	3868	2446	28056	198	28822	0	1908	6926	9426	0	0	0	0	0	0	0	0	0	0	0	0	0	0	0	0	0	0	0	0	0	0	0	0	0	0	0	0	0	0	0	0	0	0	0	0	0	0	
157876	Frontal_Sup_Orb_L	0	0	11024	0	0	0	4202	0	10674	0	162	0	1814	0	7126	0	0	0	476	0	1216	0	2216	0	8286	138	7844	0	2686	0	6702	98	0	0	0	0	0	0	0	0	0	0	0	0	0	0	0	0	0	0	0	0	0	0	0	0	0	0	0	0	0	0	0	0	0	0	0	0	0	0	5130	0	9144	0	0	0	0	0	0	0	0	0	0	0	0	0	0	0	0	0	0	0	0	0	0	0	0	0	0	0	0	0	0	0	0	0	0	0	0	0	0	0	0	0	0	0	
122180	Frontal_Sup_Orb_R	0	0	0	5008	0	0	0	2582	0	5280	0	0	0	302	0	4562	0	0	0	102	182	2360	240	3650	512	9834	390	9932	0	2382	348	3106	0	0	0	0	0	0	0	0	0	0	0	0	0	0	0	0	0	0	0	0	0	0	0	0	0	0	0	0	0	0	0	0	0	0	0	0	0	0	148	4286	120	5764	0	0	0	0	0	0	0	0	0	0	0	0	0	0	0	0	0	0	0	0	0	0	0	0	0	0	0	0	0	0	0	0	0	0	0	0	0	0	0	0	0	0	
614108	Frontal_Mid_L	29100	198	82126	7914	4202	0	0	102	4092	0	18452	0	27752	0	5850	0	6836	0	21922	6866	0	0	22556	1964	0	0	0	0	18928	0	4576	2214	860	2114	834	800	3678	544	0	102	134	0	0	0	0	0	0	0	0	0	0	0	0	0	106	0	734	0	0	0	0	0	0	0	0	0	0	0	1328	108	5278	1680	10076	110	1482	0	9410	850	658	0	296	0	116	0	0	0	0	0	106	0	0	0	0	0	0	0	0	0	0	0	0	0	0	0	0	0	0	0	0	0	0	0	0	0	0	0	
215540	Frontal_Mid_R	0	1804	1106	39666	0	2582	102	0	0	1040	0	4088	0	8454	0	4540	0	172	826	5918	0	0	1216	6228	0	0	0	0	0	3552	0	1606	0	5006	0	0	0	6074	0	1592	0	0	0	0	0	0	0	0	0	0	0	0	0	0	0	0	0	0	0	0	0	0	0	0	0	0	0	0	0	0	288	1404	0	10404	0	0	0	102	0	0	0	0	0	0	0	0	0	0	0	0	0	0	0	0	0	0	0	0	0	0	0	0	0	0	0	0	0	0	0	0	0	0	0	0	0	0	
79144	Frontal_Mid_Orb_L	0	0	5266	0	10674	0	4092	0	0	0	0	0	1704	0	7540	0	0	0	724	0	0	0	0	0	1852	0	1712	0	1730	0	732	0	0	0	0	0	0	0	0	0	0	0	0	0	0	0	0	0	0	0	0	0	0	0	0	0	0	0	0	0	0	0	0	0	0	0	0	0	0	0	732	0	2814	0	0	0	0	0	0	0	0	0	0	0	0	0	0	0	0	0	0	0	0	0	0	0	0	0	0	0	0	0	0	0	0	0	0	0	0	0	0	0	0	0	0	0	
37140	Frontal_Mid_Orb_R	0	0	0	444	0	5280	0	1040	0	0	0	0	0	438	0	3038	0	0	0	0	0	106	0	388	0	2184	0	1636	0	198	0	334	0	0	0	0	0	0	0	0	0	0	0	0	0	0	0	0	0	0	0	0	0	0	0	0	0	0	0	0	0	0	0	0	0	0	0	0	0	0	0	1292	0	2192	0	0	0	0	0	0	0	0	0	0	0	0	0	0	0	0	0	0	0	0	0	0	0	0	0	0	0	0	0	0	0	0	0	0	0	0	0	0	0	0	0	0	
271412	Frontal_Inf_Oper_L	15630	0	20900	0	162	0	18452	0	0	0	0	0	14612	0	802	0	14446	0	18500	0	0	0	0	0	0	0	0	0	23318	0	170	106	0	0	0	0	346	0	0	0	0	0	0	0	0	0	0	0	0	0	0	0	0	0	0	0	784	0	0	0	0	0	0	0	0	0	0	0	0	0	916	304	2066	0	0	0	0	0	438	0	2260	0	1494	0	0	0	0	0	0	0	0	0	0	0	0	0	0	0	0	0	0	0	0	0	0	0	0	0	0	0	0	0	0	0	0	0	
87248	Frontal_Inf_Oper_R	0	3570	490	3868	0	0	0	4088	0	0	0	0	0	6224	0	142	0	1446	528	5440	0	0	0	272	0	0	0	0	0	7772	166	676	0	3192	0	0	0	672	0	100	0	0	0	0	0	0	0	0	0	0	0	0	0	0	0	0	0	1036	0	0	0	0	0	0	0	0	0	0	0	0	0	1774	0	2168	0	0	0	0	0	0	0	0	0	0	0	0	0	0	0	0	0	0	0	0	0	0	0	0	0	0	0	0	0	0	0	0	0	0	0	0	0	0	0	0	0	0	
238012	Frontal_Inf_Tri_L	582	0	19554	198	1814	0	27752	0	1704	0	14612	0	0	0	9014	0	240	0	14116	304	0	0	130	0	0	0	0	0	23430	0	858	166	0	0	0	0	0	0	0	0	0	0	0	0	0	0	0	0	0	0	0	0	0	0	0	0	0	0	0	0	0	0	0	0	0	0	0	0	0	0	1462	450	1818	0	0	0	0	0	0	0	170	0	632	0	0	0	0	0	0	0	0	0	0	0	0	0	0	0	0	0	0	0	0	0	0	0	0	0	0	0	0	0	0	0	0	0	
119136	Frontal_Inf_Tri_R	0	720	1152	4142	0	302	0	8454	0	438	0	6224	0	0	0	9388	0	152	1142	5454	0	0	146	1818	0	0	0	0	0	10794	0	2238	120	6256	0	0	0	0	0	0	0	0	0	0	0	0	0	0	0	0	0	0	0	0	0	0	0	338	0	0	0	0	0	0	0	0	0	0	0	0	0	122	0	168	0	0	0	0	0	0	0	0	0	0	0	0	0	0	0	0	0	0	0	0	0	0	0	0	0	0	0	0	0	0	0	0	0	0	0	0	0	0	0	0	0	0	
140516	Frontal_Inf_Orb_L	0	0	8150	220	7126	0	5850	0	7540	0	802	0	9014	0	0	0	0	0	4170	258	908	0	0	0	0	0	1042	0	13386	0	0	0	0	0	0	0	0	0	144	0	0	0	0	0	0	0	0	0	0	0	0	0	0	0	0	0	0	0	0	0	0	0	0	0	0	0	0	0	0	0	1260	324	8622	0	0	0	0	0	0	0	0	0	1442	0	0	0	0	0	0	0	0	0	0	0	0	0	0	0	0	0	0	0	0	0	0	0	0	0	0	0	0	0	0	0	0	0	
95788	Frontal_Inf_Orb_R	0	0	0	3060	0	4562	0	4540	0	3038	0	142	0	9388	0	0	0	0	0	358	0	930	0	450	0	186	0	2586	0	11250	0	540	0	828	0	0	0	0	0	0	0	0	0	0	0	0	0	0	0	0	0	0	0	0	0	270	0	0	0	0	0	0	0	0	0	0	0	0	0	0	0	1348	0	3882	0	0	0	0	0	0	0	0	0	392	0	0	0	0	0	144	0	0	0	0	0	0	0	0	0	0	0	0	0	0	0	0	0	0	0	0	0	0	0	0	0	0	
221980	Rolandic_Oper_L	16082	0	12138	0	0	0	6836	0	0	0	14446	0	240	0	0	0	0	0	6986	0	0	0	0	0	0	0	0	0	22732	0	0	0	0	0	0	0	526	0	0	0	0	0	452	0	572	0	244	0	0	0	800	0	0	0	202	0	9218	0	876	0	1054	0	1164	0	158	0	652	0	0	0	342	196	534	0	0	0	0	0	3332	0	7924	0	1678	0	1262	0	0	0	344	0	0	0	0	0	0	0	0	0	0	0	0	0	0	0	0	0	0	0	0	0	0	0	0	0	0	0	
52288	Rolandic_Oper_R	0	686	0	570	0	0	0	172	0	0	0	1446	0	152	0	0	0	0	0	434	0	0	0	0	0	0	0	0	0	8532	0	0	0	116	0	0	0	2732	0	0	0	0	0	0	0	0	0	0	0	0	0	0	0	0	0	0	0	584	0	0	0	438	0	1112	0	0	0	0	0	0	0	510	0	5082	0	0	0	0	0	2552	0	1026	0	0	0	0	0	0	0	0	0	0	0	0	0	0	0	0	0	0	0	0	0	0	0	0	0	0	0	0	0	0	0	0	0	0	
651492	Supp_Motor_Area_L	8602	288	97236	15086	476	0	21922	826	724	0	18500	528	14116	1142	4170	0	6986	0	0	35222	0	0	4944	826	0	0	0	0	22430	634	7134	3938	10354	16674	450	192	0	132	0	0	0	0	0	0	0	0	0	0	0	0	0	0	0	0	0	0	0	0	0	0	0	0	0	0	0	0	0	124	7794	1256	7858	6032	5140	814	0	0	304	214	0	0	1544	0	1134	0	0	0	0	0	0	0	0	0	0	0	0	0	0	0	0	0	0	0	0	0	0	0	0	0	0	0	0	0	0	0	0	0	
693680	Supp_Motor_Area_R	10612	1316	19954	64838	0	102	6866	5918	0	0	0	5440	304	5454	258	358	0	434	35222	0	0	0	1582	6930	0	0	0	0	536	8236	5676	18156	6912	62958	1186	2590	616	3128	0	338	146	0	0	0	0	0	0	0	0	0	0	0	0	0	0	0	272	972	0	0	0	0	0	0	0	0	0	336	8658	8272	4686	22206	640	12964	0	1382	5968	4284	134	0	0	0	0	0	0	0	0	0	0	0	0	0	0	0	0	0	0	0	0	0	0	0	0	0	0	0	0	0	0	0	0	0	0	0	0	0	
64360	Olfactory_L	0	0	0	0	1216	182	0	0	0	0	0	0	0	0	908	0	0	0	0	0	0	4280	0	0	634	0	1070	484	2078	0	2572	558	0	0	0	0	0	0	588	0	418	0	0	0	0	0	0	0	0	0	0	0	0	0	0	0	0	0	0	0	0	0	0	0	0	0	0	0	0	0	6476	3646	5776	236	826	0	0	0	0	0	0	0	232	0	0	0	0	0	0	0	0	0	0	0	0	0	0	0	0	0	0	0	0	0	0	0	0	0	0	0	0	0	0	0	0	0	
90620	Olfactory_R	0	0	0	0	0	2360	0	0	0	106	0	0	0	0	0	930	0	0	0	0	4280	0	0	0	0	3472	186	3888	0	2304	2304	4802	0	0	0	0	0	0	0	156	0	476	0	0	0	0	0	0	0	0	0	0	0	0	0	0	0	0	0	0	0	0	0	0	0	0	0	0	0	0	5182	7426	3800	2214	1200	224	0	0	0	0	0	0	0	0	0	0	0	0	0	0	0	0	0	0	0	0	0	0	0	0	0	0	0	0	0	0	0	0	0	0	0	0	0	0	0	0	
344184	Frontal_Sup_Medial_L	0	0	46864	12136	2216	240	22556	1216	0	0	0	0	130	146	0	0	0	0	4944	1582	0	0	0	31090	3782	844	0	0	0	306	13422	11976	2818	13878	0	0	0	0	0	0	0	0	0	0	0	0	0	0	0	0	0	0	0	0	0	0	0	0	0	0	0	0	0	0	0	0	0	0	0	0	1392	0	554	0	0	0	0	0	0	0	0	0	0	0	0	0	0	0	0	0	0	0	0	0	0	0	0	0	0	0	0	0	0	0	0	0	0	0	0	0	0	0	0	0	0	0	
339228	Frontal_Sup_Medial_R	0	0	10948	41256	0	3650	1964	6228	0	388	0	272	0	1818	0	450	0	0	826	6930	0	0	31090	0	1012	4352	0	426	0	3196	2484	23856	310	20826	0	0	0	552	0	238	0	0	0	0	0	0	0	0	0	0	0	0	0	0	0	0	0	0	0	0	0	0	0	0	0	0	0	0	0	0	190	3220	0	3132	0	0	0	0	0	0	0	0	0	0	0	0	0	0	0	0	0	0	0	0	0	0	0	0	0	0	0	0	0	0	0	0	0	0	0	0	0	0	0	0	0	0	
65344	Frontal_Med_Orb_L	0	0	2090	180	8286	512	0	0	1852	0	0	0	0	0	0	0	0	0	0	0	634	0	3782	1012	0	1370	3584	0	0	0	6336	224	0	0	0	0	0	0	0	0	0	0	0	0	0	0	0	0	0	0	0	0	0	0	0	0	0	0	0	0	0	0	0	0	0	0	0	0	0	0	1800	0	1010	0	0	0	0	0	0	0	0	0	0	0	0	0	0	0	0	0	0	0	0	0	0	0	0	0	0	0	0	0	0	0	0	0	0	0	0	0	0	0	0	0	0	0	
93932	Frontal_Med_Orb_R	0	0	0	1558	138	9834	0	0	0	2184	0	0	0	0	0	186	0	0	0	0	0	3472	844	4352	1370	0	484	7860	0	148	874	5974	0	0	0	0	0	0	0	0	0	0	0	0	0	0	0	0	0	0	0	0	0	0	0	0	0	0	0	0	0	0	0	0	0	0	0	0	0	0	0	4202	0	3486	0	0	0	0	0	0	0	0	0	0	0	0	0	0	0	0	0	0	0	0	0	0	0	0	0	0	0	0	0	0	0	0	0	0	0	0	0	0	0	0	0	0	
48144	Rectus_L	0	0	104	0	7844	390	0	0	1712	0	0	0	0	0	1042	0	0	0	0	0	1070	186	0	0	3584	484	0	426	254	0	882	0	0	0	0	0	0	0	0	0	0	0	0	0	0	0	0	0	0	0	0	0	0	0	0	0	0	0	0	0	0	0	0	0	0	0	0	0	0	0	3248	0	2846	0	0	0	0	0	0	0	0	0	0	0	0	0	0	0	0	0	0	0	0	0	0	0	0	0	0	0	0	0	0	0	0	0	0	0	0	0	0	0	0	0	0	0	
76572	Rectus_R	0	0	0	106	0	9932	0	0	0	1636	0	0	0	0	0	2586	0	0	0	0	484	3888	0	426	0	7860	426	0	0	2146	312	3056	0	0	0	0	0	0	0	0	0	0	0	0	0	0	0	0	0	0	0	0	0	0	0	0	0	0	0	0	0	0	0	0	0	0	0	0	0	0	422	2300	332	2374	0	0	0	0	0	0	0	0	0	0	0	0	0	0	0	0	0	0	0	0	0	0	0	0	0	0	0	0	0	0	0	0	0	0	0	0	0	0	0	0	0	0	
528256	Insula_L	20808	0	41340	388	2686	0	18928	0	1730	0	23318	0	23430	0	13386	0	22732	0	22430	536	2078	0	0	0	0	0	254	0	0	0	1268	414	0	0	340	278	12236	120	1006	0	2390	0	0	0	0	0	0	0	0	0	548	0	0	0	2588	0	4146	0	0	0	344	0	0	0	250	0	216	0	0	0	2618	988	21316	0	0	0	0	0	5374	0	5286	0	4096	0	868	0	240	0	3154	0	0	0	0	0	0	0	0	0	0	0	0	0	0	0	0	0	0	0	0	0	0	0	0	0	0	0	
241456	Insula_R	130	706	634	13386	0	2382	0	3552	0	198	0	7772	0	10794	0	11250	0	8532	634	8236	0	2304	306	3196	0	148	0	2146	0	0	468	6566	0	4764	0	0	0	4254	0	308	0	522	0	0	0	0	0	0	0	0	0	0	0	0	0	382	0	590	0	0	0	0	0	288	0	0	0	0	0	538	152	5294	0	17032	0	0	0	0	0	1302	0	806	0	366	0	480	0	0	0	310	0	0	0	0	0	0	0	0	0	0	0	0	0	0	0	0	0	0	0	0	0	0	0	0	0	0	
313832	Cingulum_Ant_L	0	0	17204	6596	6702	348	4576	0	732	0	170	166	858	0	0	0	0	0	7134	5676	2572	2304	13422	2484	6336	874	882	312	1268	468	0	25890	4396	7842	0	0	0	0	0	0	0	0	0	0	0	0	0	0	0	0	0	0	0	0	0	0	0	0	0	0	0	0	0	0	0	0	0	0	0	712	12744	13186	6386	4236	270	170	0	0	0	0	0	0	0	0	0	0	0	0	0	0	0	0	0	0	0	0	0	0	0	0	0	0	0	0	0	0	0	0	0	0	0	0	0	0	0	0	
488260	Cingulum_Ant_R	156	0	5262	37994	98	3106	2214	1606	0	334	106	676	166	2238	0	540	0	0	3938	18156	558	4802	11976	23856	224	5974	0	3056	414	6566	25890	0	3002	35576	0	0	0	126	0	0	0	0	0	0	0	0	0	0	0	0	0	0	0	0	0	0	0	0	0	0	0	0	0	0	0	0	0	0	110	1278	3724	27810	1202	11158	0	238	0	0	0	0	0	0	0	0	0	0	0	0	0	0	0	0	0	0	0	0	0	0	0	0	0	0	0	0	0	0	0	0	0	0	0	0	0	0	0	0	
139328	Cingulum_Mid_L	352	0	3686	3014	0	0	860	0	0	0	0	0	0	120	0	0	0	0	10354	6912	0	0	2818	310	0	0	0	0	0	0	4396	3002	0	9232	3620	672	0	0	0	0	0	0	692	396	3784	466	172	0	426	258	1506	0	0	0	0	0	268	0	114	0	436	0	0	0	388	0	6246	2012	2940	212	0	0	0	0	0	0	0	0	0	0	0	0	0	0	0	0	0	0	0	0	0	0	0	0	0	0	0	0	0	0	0	0	0	0	0	0	0	0	0	0	0	0	0	0	0	0	
622872	Cingulum_Mid_R	3790	3204	11246	40146	0	0	2114	5006	0	0	0	3192	0	6256	0	828	0	116	16674	62958	0	0	13878	20826	0	0	0	0	0	4764	7842	35576	9232	0	1252	7372	0	1198	0	464	0	0	0	1518	0	1230	0	880	0	476	0	0	0	0	0	150	0	3264	0	0	0	0	0	0	0	0	528	9164	4022	11974	1244	9776	402	6870	0	1330	226	0	0	0	0	0	0	0	0	0	0	0	0	140	0	0	0	0	0	0	0	0	0	0	0	0	0	0	0	0	0	0	0	0	308	0	0	0	0	0	
103868	Cingulum_Post_L	2634	140	334	380	0	0	834	0	0	0	0	0	0	0	0	0	0	0	450	1186	0	0	0	0	0	0	0	0	340	0	0	0	3620	1252	0	8582	5138	2306	1478	396	0	0	1666	0	2468	0	838	0	170	0	158	0	0	0	0	0	118	0	0	0	0	0	0	0	0	0	8670	1204	2936	640	0	0	618	0	0	0	2248	1130	0	0	0	0	0	0	0	0	0	0	0	0	0	0	0	0	0	0	0	0	0	0	0	0	0	0	0	0	0	0	0	0	0	0	0	0	0	0	
135044	Cingulum_Post_R	1450	1948	482	660	0	0	800	0	0	0	0	0	0	0	0	0	0	0	192	2590	0	0	0	0	0	0	0	0	278	0	0	0	672	7372	8582	0	3122	5968	0	2618	0	0	0	524	0	198	0	3900	0	156	0	126	0	0	0	0	0	1210	0	0	0	0	0	0	0	0	462	11408	0	3494	0	98	668	128	0	0	3554	2412	0	0	0	110	0	0	0	154	0	0	0	454	0	0	0	0	0	0	0	0	0	0	0	0	0	0	0	0	0	0	0	0	1732	0	0	0	0	0	
206672	Hippocampus_L	10926	0	3830	818	0	0	3678	0	0	0	346	0	0	0	0	0	526	0	0	616	0	0	0	0	0	0	0	0	12236	0	0	0	0	0	5138	3122	0	1754	5800	338	4366	0	1398	0	102	0	1236	0	0	0	900	0	0	0	6404	0	2312	0	0	0	500	0	0	0	506	0	2126	432	154	0	300	0	10468	0	222	0	2878	620	5100	0	3130	0	774	0	1890	0	224	0	8166	0	0	0	0	0	0	0	0	0	0	0	0	0	0	0	0	0	0	0	0	0	0	0	0	0	0	0	
292400	Hippocampus_R	534	6368	346	7534	0	0	544	6074	0	0	0	672	0	0	0	0	0	2732	132	3128	0	0	0	552	0	0	0	0	120	4254	0	126	0	1198	2306	5968	1754	0	0	22022	0	9728	0	114	0	0	0	2472	0	0	0	0	0	0	0	17038	0	1912	0	0	0	0	0	100	0	0	0	3438	0	156	0	0	406	25196	0	230	1510	3956	0	1024	0	1042	0	1350	0	2338	0	0	0	6800	0	0	0	0	0	0	0	198	0	0	0	0	0	0	0	0	0	0	0	0	828	0	0	0	0	0	
58116	ParaHippocampal_L	290	0	146	0	0	0	0	0	0	0	0	0	0	0	144	0	0	0	0	0	588	0	0	0	0	0	0	0	1006	0	0	0	0	0	1478	0	5800	0	0	0	1452	0	1656	0	292	0	3278	0	0	0	1782	0	156	0	2876	0	170	0	0	0	132	0	0	0	116	0	1938	0	0	0	114	0	1030	0	0	0	0	0	934	0	380	0	384	0	1782	0	218	0	916	0	0	0	0	0	0	0	0	0	0	0	0	0	0	0	0	0	0	0	0	0	0	0	0	0	0	0	
153032	ParaHippocampal_R	0	146	0	1616	0	0	102	1592	0	0	0	100	0	0	0	0	0	0	0	338	0	156	0	238	0	0	0	0	0	308	0	0	0	464	396	2618	338	22022	0	0	0	7482	0	218	0	0	0	3254	0	0	0	0	0	0	0	16276	0	164	0	0	0	0	0	0	0	0	0	2430	0	0	0	0	0	5378	0	176	204	1282	0	136	0	322	0	1658	0	894	0	1154	0	3496	0	0	0	0	0	0	0	872	0	0	0	0	0	0	0	0	0	0	0	0	686	0	0	0	0	0	
28132	Amygdala_L	0	0	120	162	0	0	134	0	0	0	0	0	0	0	0	0	0	0	0	146	418	0	0	0	0	0	0	0	2390	0	0	0	0	0	0	0	4366	0	1452	0	0	0	0	0	0	0	0	0	0	0	0	0	0	0	2076	0	0	0	0	0	0	0	0	0	0	0	0	0	0	0	0	0	326	0	0	0	260	0	0	0	396	0	368	0	114	0	176	0	1162	0	0	0	0	0	0	0	0	0	0	0	0	0	0	0	0	0	0	0	0	0	0	0	0	0	0	0	
65016	Amygdala_R	0	0	0	186	0	0	0	0	0	0	0	0	0	0	0	0	0	0	0	0	0	476	0	0	0	0	0	0	0	522	0	0	0	0	0	0	0	9728	0	7482	0	0	0	0	0	0	0	0	0	0	0	0	0	0	0	7200	0	0	0	0	0	0	0	0	0	0	0	0	0	0	0	0	0	3864	0	0	0	0	0	0	0	0	0	1856	0	116	0	332	0	746	0	0	0	0	0	0	0	0	0	0	0	0	0	0	0	0	0	0	0	0	0	0	0	0	0	0	
254372	Calcarine_L	160	0	0	0	0	0	0	0	0	0	0	0	0	0	0	0	452	0	0	0	0	0	0	0	0	0	0	0	0	0	0	0	692	0	1666	0	1398	0	1656	0	0	0	0	3756	21354	4220	15908	536	18384	1492	23536	146	2060	0	2924	0	1156	0	222	124	3272	0	850	0	2174	0	16138	116	232	0	0	0	0	0	0	0	0	0	188	0	276	0	0	0	1896	0	0	0	202	0	0	0	0	0	0	0	0	0	0	0	0	0	0	0	0	0	0	0	0	0	0	0	0	0	0	0	
259992	Calcarine_R	0	270	0	0	0	0	0	0	0	0	0	0	0	0	0	0	0	0	0	0	0	0	0	0	0	0	0	0	0	0	0	0	396	1518	0	524	0	114	0	218	0	0	3756	0	5290	25176	1716	19256	408	27240	0	17148	0	1784	0	2372	0	326	0	1156	0	0	0	0	0	894	2074	12778	0	284	0	0	0	0	0	0	0	0	0	0	0	0	0	0	0	2270	0	0	0	1022	0	0	0	0	0	0	0	0	0	1908	0	0	0	0	0	0	0	0	0	0	98	0	0	0	0	0	
289392	Cuneus_L	278	0	0	0	0	0	0	0	0	0	0	0	0	0	0	0	572	0	0	0	0	0	0	0	0	0	0	0	0	0	0	0	3784	0	2468	0	102	0	292	0	0	0	21354	5290	0	7782	7340	950	26306	3804	17196	2136	542	0	1190	0	1370	0	690	0	4166	0	1038	0	2810	0	27012	2830	472	0	0	0	0	0	0	0	0	0	246	0	502	0	0	0	1924	0	0	0	250	0	0	0	0	0	0	0	0	0	0	0	0	0	0	0	0	0	0	0	0	0	0	0	0	0	0	0	
246060	Cuneus_R	0	378	0	0	0	0	0	0	0	0	0	0	0	0	0	0	0	0	0	0	0	0	0	0	0	0	0	0	0	0	0	0	466	1230	0	198	0	0	0	0	0	0	4220	25176	7782	0	1090	4126	1210	33532	140	12508	0	0	0	314	0	1176	0	1778	0	184	0	102	0	394	3964	19284	0	850	0	0	0	0	0	0	0	0	0	0	0	0	0	0	0	1670	0	0	0	840	0	0	0	0	0	0	0	0	0	418	0	0	0	0	0	0	0	0	0	0	0	0	0	0	0	0	
246888	Lingual_L	0	0	0	0	0	0	0	0	0	0	0	0	0	0	0	0	244	0	0	0	0	0	0	0	0	0	0	0	0	0	0	0	172	0	838	0	1236	0	3278	0	0	0	15908	1716	7340	1090	0	2046	4502	278	18026	0	2872	0	11590	724	376	0	0	0	1708	0	422	0	1212	0	8444	814	0	0	0	0	0	0	0	0	0	0	246	0	140	0	0	0	2366	0	0	0	400	0	2954	172	126	0	0	156	9896	1958	8580	2918	246	0	98	0	432	264	184	0	168	500	5118	1232	0	106	348	0	
170272	Lingual_R	0	460	0	0	0	0	0	0	0	0	0	0	0	0	0	0	0	0	0	0	0	0	0	0	0	0	0	0	0	0	0	0	0	880	0	3900	0	2472	0	3254	0	0	536	19256	950	4126	2046	0	118	6414	0	5082	0	1738	0	8856	0	182	0	0	0	0	0	0	0	0	612	10394	0	0	0	0	0	0	0	0	0	532	0	0	0	0	0	0	0	142	0	0	0	188	0	750	0	0	0	274	1268	2002	384	3976	0	0	0	0	0	0	0	0	0	0	3134	706	504	0	0	0	
210972	Occipital_Sup_L	0	0	0	0	0	0	0	0	0	0	0	0	0	0	0	0	0	0	0	0	0	0	0	0	0	0	0	0	0	0	0	0	426	0	170	0	0	0	0	0	0	0	18384	408	26306	1210	4502	118	0	848	30832	582	756	0	822	0	110	0	3946	0	1038	0	0	0	942	0	13158	738	0	0	0	0	0	0	0	0	0	0	0	0	0	0	0	0	190	0	0	0	0	0	0	0	0	0	0	0	0	0	0	0	0	0	0	0	0	0	0	0	0	0	0	0	0	0	0	0	
270168	Occipital_Sup_R	0	218	0	0	0	0	0	0	0	0	0	0	0	0	0	0	0	0	0	0	0	0	0	0	0	0	0	0	0	0	0	0	258	476	0	156	0	0	0	0	0	0	1492	27240	3804	33532	278	6414	848	0	0	25684	0	332	0	906	0	496	0	5244	0	1520	0	292	0	4542	2498	13446	0	556	0	0	0	0	0	0	0	0	0	0	0	388	0	0	0	2494	0	0	0	974	0	0	0	0	0	0	0	0	0	996	0	0	0	0	0	0	0	0	0	0	0	0	0	0	0	0	
465500	Occipital_Mid_L	170	0	98	0	0	0	0	0	0	0	0	0	0	0	0	0	800	0	0	0	0	0	0	0	0	0	0	0	548	0	0	0	1506	0	158	0	900	0	1782	0	0	0	23536	0	17196	140	18026	0	30832	0	0	0	16478	0	14316	0	7278	0	11388	0	23764	0	508	0	25470	0	13532	0	1190	0	0	0	0	0	0	0	0	0	1298	0	1164	0	0	0	17164	0	0	0	3186	0	118	0	0	0	0	0	0	0	204	0	0	0	0	0	0	0	0	0	0	0	0	0	0	0	0	0	
209768	Occipital_Mid_R	0	236	0	0	0	0	0	0	0	0	0	0	0	0	0	0	0	0	0	0	0	0	0	0	0	0	0	0	0	0	0	0	0	0	0	126	0	0	0	0	0	0	146	17148	2136	12508	0	5082	582	25684	0	0	0	2354	0	1344	0	284	0	1686	0	870	0	312	0	8286	1336	6352	0	166	0	0	0	0	0	0	0	0	0	0	0	148	0	0	0	14656	0	0	0	2616	0	0	0	0	0	0	0	0	0	826	0	0	0	0	0	0	0	0	0	0	0	0	0	0	0	0	
74896	Occipital_Inf_L	0	0	0	0	0	0	0	0	0	0	0	0	0	0	0	0	0	0	0	0	0	0	0	0	0	0	0	0	0	0	0	0	0	0	0	0	0	0	156	0	0	0	2060	0	542	0	2872	0	756	0	16478	0	0	0	8136	0	0	0	0	0	800	0	0	0	816	0	432	0	0	0	0	0	0	0	0	0	0	0	0	0	0	0	0	0	2632	0	0	0	1768	0	0	0	0	0	0	0	0	0	0	0	0	0	0	0	0	0	0	0	0	0	0	0	0	0	0	0	
22976	Occipital_Inf_R	0	0	0	0	0	0	0	0	0	0	0	0	0	0	0	0	0	0	0	0	0	0	0	0	0	0	0	0	0	0	0	0	0	0	0	0	0	0	0	0	0	0	0	1784	0	0	0	1738	0	332	0	2354	0	0	0	2474	0	0	0	0	0	0	0	0	0	0	0	0	0	0	0	0	0	0	0	0	0	0	0	0	0	0	0	0	0	1244	0	0	0	1562	0	0	0	0	0	0	0	0	0	0	0	0	0	0	0	0	0	0	0	0	0	0	0	0	0	0	
216868	Fusiform_L	148	0	634	0	0	0	106	0	0	0	0	0	0	0	0	0	202	0	0	0	0	0	0	0	0	0	0	0	2588	0	0	0	0	0	0	0	6404	0	2876	0	2076	0	2924	0	1190	0	11590	0	822	0	14316	0	8136	0	0	0	0	0	0	0	2298	0	0	0	2312	0	1092	0	0	0	0	0	438	0	0	0	0	0	744	0	3486	0	1230	0	4864	0	1276	0	13918	0	6406	0	266	0	0	0	4650	182	9604	332	0	0	0	0	0	0	0	0	0	0	844	480	0	0	0	0	
250768	Fusiform_R	0	640	0	0	0	0	0	0	0	0	0	0	0	0	0	270	0	0	0	0	0	0	0	0	0	0	0	0	0	382	0	0	0	150	0	0	0	17038	0	16276	0	7200	0	2372	0	314	724	8856	0	906	0	1344	0	2474	0	0	0	980	0	0	0	0	0	0	0	0	0	376	0	412	0	0	0	3798	0	0	0	0	0	238	0	694	0	5266	0	3610	0	2754	0	13572	556	6076	476	104	0	0	1580	6620	924	11472	104	0	420	0	0	0	0	0	0	0	4084	1786	536	0	0	0	
240120	Postcentral_L	22580	0	198	0	0	0	734	0	0	0	784	0	0	0	0	0	9218	0	0	272	0	0	0	0	0	0	0	0	4146	0	0	0	268	0	118	0	2312	0	170	0	0	0	1156	0	1370	0	376	0	110	0	7278	0	0	0	0	0	0	0	15330	0	25542	0	10568	0	944	0	3096	0	3404	0	0	0	2766	0	468	0	244	0	2744	0	3470	0	0	0	394	0	0	0	0	0	0	0	0	0	0	0	0	0	0	0	0	0	0	0	0	0	0	0	0	0	0	0	0	0	0	0	
154112	Postcentral_R	0	23116	0	1032	0	0	0	0	0	0	0	1036	0	338	0	0	0	584	0	972	0	0	0	0	0	0	0	0	0	590	0	0	0	3264	0	1210	0	1912	0	164	0	0	0	326	0	1176	0	182	0	496	0	284	0	0	0	980	0	0	0	3318	0	5044	0	11182	0	574	0	6786	0	6024	0	0	0	400	0	0	0	0	0	506	0	1378	0	0	0	2086	0	0	0	2096	0	0	0	0	0	0	0	0	0	0	0	0	0	0	0	0	0	0	0	0	0	0	0	0	0	0	
144452	Parietal_Sup_L	962	0	0	0	0	0	0	0	0	0	0	0	0	0	0	0	876	0	0	0	0	0	0	0	0	0	0	0	0	0	0	0	114	0	0	0	0	0	0	0	0	0	222	0	690	0	0	0	3946	0	11388	0	0	0	0	0	15330	0	0	0	18192	0	1570	0	2526	0	13790	854	862	0	0	0	0	0	0	0	0	0	0	0	904	0	0	0	0	0	0	0	0	0	0	0	0	0	0	0	0	0	0	0	0	0	0	0	0	0	0	0	0	0	0	0	0	0	0	0	
67456	Parietal_Sup_R	0	0	0	0	0	0	0	0	0	0	0	0	0	0	0	0	0	0	0	0	0	0	0	0	0	0	0	0	0	0	0	0	0	0	0	0	0	0	0	0	0	0	124	1156	0	1778	0	0	0	5244	0	1686	0	0	0	0	0	3318	0	0	0	3696	0	1996	0	4304	428	7502	0	1798	0	0	0	0	0	0	0	0	0	0	0	444	0	0	0	254	0	0	0	0	0	0	0	0	0	0	0	0	0	0	0	0	0	0	0	0	0	0	0	0	0	0	0	0	0	0	
350312	Parietal_Inf_L	2430	0	0	0	0	0	0	0	0	0	0	0	0	0	0	0	1054	0	0	0	0	0	0	0	0	0	0	0	344	0	0	0	436	0	0	0	500	0	132	0	0	0	3272	0	4166	0	1708	0	1038	0	23764	0	800	0	2298	0	25542	0	18192	0	0	0	18110	0	40308	0	4060	0	562	0	0	0	0	0	0	0	0	0	1522	0	5612	0	0	0	14660	0	0	0	4646	0	0	0	0	0	0	0	0	0	0	0	0	0	0	0	0	0	0	0	0	0	0	0	0	0	0	0	
53960	Parietal_Inf_R	0	318	0	0	0	0	0	0	0	0	0	0	0	0	0	0	0	438	0	0	0	0	0	0	0	0	0	0	0	0	0	0	0	0	0	0	0	0	0	0	0	0	0	0	0	184	0	0	0	1520	0	870	0	0	0	0	0	5044	0	3696	0	0	0	9282	0	4228	0	372	0	0	0	0	0	0	0	0	0	0	0	0	0	734	0	0	0	294	0	0	0	0	0	0	0	0	0	0	0	0	0	0	0	0	0	0	0	0	0	0	0	0	0	0	0	0	0	0	
93608	SupraMarginal_L	622	0	0	0	0	0	0	0	0	0	0	0	0	0	0	0	1164	0	0	0	0	0	0	0	0	0	0	0	0	0	0	0	0	0	0	0	0	0	0	0	0	0	850	0	1038	0	422	0	0	0	508	0	0	0	0	0	10568	0	1570	0	18110	0	0	0	3116	0	996	0	104	0	0	0	0	0	0	0	0	0	290	0	4470	0	0	0	2976	0	0	0	0	0	0	0	0	0	0	0	0	0	0	0	0	0	0	0	0	0	0	0	0	0	0	0	0	0	0	0	
65736	SupraMarginal_R	0	822	0	0	0	0	0	0	0	0	0	0	0	0	0	0	0	1112	0	0	0	0	0	0	0	0	0	0	0	288	0	0	0	0	0	0	0	100	0	0	0	0	0	0	0	102	0	0	0	292	0	312	0	0	0	0	0	11182	0	1996	0	9282	0	0	0	626	0	472	0	0	0	0	0	0	0	0	0	0	0	1042	0	4708	0	0	0	434	0	0	0	98	0	0	0	0	0	0	0	0	0	0	0	0	0	0	0	0	0	0	0	0	0	0	0	0	0	0	
235832	Angular_L	0	0	0	0	0	0	0	0	0	0	0	0	0	0	0	0	158	0	0	0	0	0	0	0	0	0	0	0	250	0	0	0	388	0	0	0	506	0	116	0	0	0	2174	0	2810	0	1212	0	942	0	25470	0	816	0	2312	0	944	0	2526	0	40308	0	3116	0	0	0	2568	0	0	0	0	0	0	0	0	0	0	0	1488	0	5270	0	0	0	19714	0	0	0	4828	0	0	0	0	0	0	0	0	0	0	0	0	0	0	0	0	0	0	0	0	0	0	0	0	0	0	0	
52260	Angular_R	0	0	0	0	0	0	0	0	0	0	0	0	0	0	0	0	0	0	0	0	0	0	0	0	0	0	0	0	0	0	0	0	0	0	0	0	0	0	0	0	0	0	0	894	0	394	0	0	0	4542	0	8286	0	0	0	0	0	574	0	4304	0	4228	0	626	0	0	0	442	0	0	0	0	0	0	0	0	0	0	0	0	0	606	0	0	0	1094	0	0	0	140	0	0	0	0	0	0	0	0	0	0	0	0	0	0	0	0	0	0	0	0	0	0	0	0	0	0	
298376	Precuneus_L	454	0	0	0	0	0	0	0	0	0	0	0	0	0	0	0	652	0	0	0	0	0	0	0	0	0	0	0	216	0	0	0	6246	528	8670	462	2126	0	1938	0	0	0	16138	2074	27012	3964	8444	612	13158	2498	13532	1336	432	0	1092	0	3096	0	13790	428	4060	0	996	0	2568	0	0	7864	1988	0	0	0	0	0	0	0	0	0	220	0	492	0	0	0	1850	0	0	0	252	0	0	0	0	0	0	0	0	0	0	0	0	0	0	0	0	0	0	0	0	0	0	0	0	0	0	0	
275548	Precuneus_R	100	1518	0	106	0	0	0	0	0	0	0	0	0	0	0	0	0	0	124	336	0	0	0	0	0	0	0	0	0	0	0	0	2012	9164	1204	11408	432	3438	0	2430	0	0	116	12778	2830	19284	814	10394	738	13446	0	6352	0	0	0	376	0	6786	854	7502	0	372	0	472	0	442	7864	0	0	5480	0	0	0	0	0	0	0	544	0	0	0	926	0	0	0	3210	0	0	0	2044	0	0	0	0	0	0	0	0	0	0	0	0	0	0	0	0	0	0	0	0	1878	0	0	0	0	0	
159424	Paracentral_Lobule_L	22988	140	3048	1706	0	0	1328	0	0	0	0	0	0	0	0	0	0	0	7794	8658	0	0	0	0	0	0	0	0	0	0	0	110	2940	4022	2936	0	154	0	0	0	0	0	232	0	472	0	0	0	0	0	1190	0	0	0	0	0	3404	0	862	0	562	0	104	0	0	0	1988	0	0	300	3500	496	1364	420	0	0	8552	222	0	0	0	0	0	0	220	0	0	0	0	0	0	0	0	0	0	0	0	0	0	0	0	0	0	0	0	0	0	0	0	0	0	0	0	0	0	0	
119260	Paracentral_Lobule_R	242	5056	866	3868	0	0	108	0	0	0	0	0	0	0	0	0	0	0	1256	8272	0	0	0	0	0	0	0	0	0	538	712	1278	212	11974	640	3494	0	156	0	0	0	0	0	284	0	850	0	0	0	556	0	166	0	0	0	412	0	6024	0	1798	0	0	0	0	0	0	0	5480	300	0	104	1814	0	2024	0	0	0	0	0	0	0	120	0	0	0	560	0	0	0	466	0	0	0	0	0	0	0	0	0	0	0	0	0	0	0	0	0	0	0	0	0	0	0	0	0	0	
268200	Caudate_L	7560	0	14498	2446	5130	148	5278	288	732	0	916	0	1462	0	1260	0	342	0	7858	4686	6476	5182	1392	190	1800	0	3248	422	2618	152	12744	3724	0	1244	0	0	300	0	114	0	0	0	0	0	0	0	0	0	0	0	0	0	0	0	0	0	0	0	0	0	0	0	0	0	0	0	0	0	3500	104	0	11912	19722	522	2482	146	3378	124	0	0	0	0	0	0	0	0	0	0	0	0	0	0	0	0	0	0	0	0	0	0	0	0	0	0	0	0	0	0	0	0	0	0	0	0	0	0	
440456	Caudate_R	1836	5586	6438	28056	0	4286	1680	1404	0	1292	304	1774	450	122	324	1348	196	510	6032	22206	3646	7426	0	3220	0	4202	0	2300	988	5294	13186	27810	0	9776	0	98	0	0	0	0	0	0	0	0	0	0	0	0	0	0	0	0	0	0	0	0	0	0	0	0	0	0	0	0	0	0	0	0	496	1814	11912	0	4396	21230	1268	2502	324	14496	0	0	0	0	0	0	0	0	0	0	0	0	0	0	0	0	0	0	0	0	0	0	0	0	0	0	0	0	0	0	0	0	0	0	0	0	0	0	
370276	Putamen_L	18354	104	28456	198	9144	120	10076	0	2814	0	2066	0	1818	0	8622	0	534	0	5140	640	5776	3800	554	0	1010	0	2846	332	21316	0	6386	1202	0	402	618	668	10468	406	1030	0	326	0	0	0	0	0	0	0	0	0	0	0	0	0	438	0	2766	0	0	0	0	0	0	0	0	0	0	0	1364	0	19722	4396	0	280	6782	118	1994	312	0	0	202	0	1114	0	0	0	0	0	424	0	0	0	0	0	0	0	0	0	0	0	0	0	0	0	0	0	0	0	0	0	0	0	0	0	0	0	
388600	Putamen_R	660	1272	696	28822	0	5764	110	10404	0	2192	0	2168	0	168	0	3882	0	5082	814	12964	236	2214	0	3132	0	3486	0	2374	0	17032	4236	11158	0	6870	0	128	0	25196	0	5378	0	3864	0	0	0	0	0	0	0	0	0	0	0	0	0	3798	0	400	0	0	0	0	0	0	0	0	0	0	420	2024	522	21230	280	0	0	2414	118	922	0	594	0	158	0	800	0	106	0	0	0	212	0	0	0	0	0	0	0	0	0	0	0	0	0	0	0	0	0	0	0	0	0	0	0	0	0	0	
59868	Pallidum_L	8134	0	4062	0	0	0	1482	0	0	0	0	0	0	0	0	0	0	0	0	0	826	1200	0	0	0	0	0	0	0	0	270	0	0	0	0	0	222	0	0	0	0	0	0	0	0	0	0	0	0	0	0	0	0	0	0	0	468	0	0	0	0	0	0	0	0	0	0	0	0	0	2482	1268	6782	0	0	0	2738	0	0	0	0	0	0	0	0	0	0	0	0	0	0	0	0	0	0	0	0	0	0	0	0	0	0	0	0	0	0	0	0	0	0	0	0	0	0	0	
21872	Pallidum_R	0	98	0	1908	0	0	0	0	0	0	0	0	0	0	0	0	0	0	0	1382	0	224	0	0	0	0	0	0	0	0	170	238	0	1330	0	0	0	230	0	176	0	0	0	0	0	0	0	0	0	0	0	0	0	0	0	0	0	0	0	0	0	0	0	0	0	0	0	0	0	0	146	2502	118	2414	0	0	0	0	0	0	0	0	0	0	0	0	0	0	0	0	0	0	0	0	0	0	0	0	0	0	0	0	0	0	0	0	0	0	0	0	0	0	0	0	0	0	
152184	Thalamus_L	17500	886	3602	6926	0	0	9410	0	0	0	0	0	0	0	0	0	0	0	304	5968	0	0	0	0	0	0	0	0	0	0	0	0	0	226	2248	3554	2878	1510	0	204	260	0	0	0	0	0	0	0	0	0	0	0	0	0	0	0	244	0	0	0	0	0	0	0	0	0	0	0	8552	0	3378	324	1994	118	2738	0	0	3268	0	0	0	0	0	0	0	0	0	0	0	0	0	0	0	0	0	0	0	0	0	0	0	0	0	0	0	0	0	0	0	0	0	0	0	0	0	0	
147204	Thalamus_R	1704	26302	704	9426	0	0	850	102	0	0	0	0	0	0	0	0	0	0	214	4284	0	0	0	0	0	0	0	0	0	0	0	0	0	0	1130	2412	620	3956	0	1282	0	0	0	0	0	0	0	532	0	0	0	0	0	0	0	0	0	0	0	0	0	0	0	0	0	0	0	544	222	0	124	14496	312	922	0	0	3268	0	0	0	0	0	0	0	0	0	0	0	0	0	0	0	0	0	0	0	0	0	0	0	0	0	0	0	0	0	0	0	0	0	196	0	0	0	0	0	
94956	Heschl_L	4546	0	386	0	0	0	658	0	0	0	438	0	0	0	0	0	3332	0	0	134	0	0	0	0	0	0	0	0	5374	0	0	0	0	0	0	0	5100	0	934	0	0	0	188	0	246	0	246	0	0	0	1298	0	0	0	744	0	2744	0	0	0	1522	0	290	0	1488	0	220	0	0	0	0	0	0	0	0	0	0	0	0	0	8558	0	108	0	4978	0	0	0	3946	0	0	0	0	0	0	0	0	0	0	0	0	0	0	0	0	0	0	0	0	0	0	0	0	0	0	0	
26756	Heschl_R	0	252	0	0	0	0	0	0	0	0	0	0	0	0	0	0	0	2552	0	0	0	0	0	0	0	0	0	0	0	1302	0	0	0	0	0	0	0	1024	0	136	0	0	0	0	0	0	0	0	0	0	0	0	0	0	0	238	0	506	0	0	0	0	0	1042	0	0	0	0	0	0	0	0	0	594	0	0	0	0	0	0	0	4504	0	0	0	612	0	0	0	616	0	0	0	0	0	0	0	0	0	0	0	0	0	0	0	0	0	0	0	0	0	0	0	0	0	0	
204624	Temporal_Sup_L	1904	0	1942	0	0	0	296	0	0	0	2260	0	170	0	0	0	7924	0	1544	0	0	0	0	0	0	0	0	0	5286	0	0	0	0	0	0	0	3130	0	380	0	396	0	276	0	502	0	140	0	0	0	1164	0	0	0	3486	0	3470	0	904	0	5612	0	4470	0	5270	0	492	0	0	0	0	0	202	0	0	0	0	0	8558	0	0	0	3458	0	25370	0	336	0	13370	0	0	0	0	0	0	0	0	0	0	0	0	0	0	0	0	0	0	0	0	0	0	0	0	0	0	0	
69460	Temporal_Sup_R	0	494	0	0	0	0	0	0	0	0	0	0	0	0	0	0	0	1026	0	0	0	0	0	0	0	0	0	0	0	806	0	0	0	0	0	110	0	1042	0	322	0	0	0	0	0	0	0	0	0	388	0	148	0	0	0	694	0	1378	0	444	0	734	0	4708	0	606	0	926	0	120	0	0	0	158	0	0	0	0	0	4504	0	0	0	654	0	12756	0	0	0	2712	0	0	0	0	0	0	0	0	0	0	0	0	0	0	0	0	0	0	0	0	0	0	0	0	0	0	
62352	Temporal_Pole_Sup_L	0	0	1328	0	0	0	116	0	0	0	1494	0	632	0	1442	0	1678	0	1134	0	232	0	0	0	0	0	0	0	4096	0	0	0	0	0	0	0	774	0	384	0	368	0	0	0	0	0	0	0	0	0	0	0	0	0	1230	0	0	0	0	0	0	0	0	0	0	0	0	0	0	0	0	0	1114	0	0	0	0	0	108	0	3458	0	0	0	4708	0	4120	0	2760	0	0	0	0	0	0	0	0	0	0	0	0	0	0	0	0	0	0	0	0	0	0	0	0	0	0	0	
39696	Temporal_Pole_Sup_R	0	0	0	0	0	0	0	0	0	0	0	0	0	0	0	392	0	0	0	0	0	0	0	0	0	0	0	0	0	366	0	0	0	0	0	0	0	1350	0	1658	0	1856	0	0	0	0	0	0	0	0	0	0	0	0	0	5266	0	0	0	0	0	0	0	0	0	0	0	0	0	0	0	0	0	800	0	0	0	0	0	0	0	654	0	0	0	1446	0	3288	0	2772	0	0	0	0	0	0	0	0	0	0	0	0	0	0	0	0	0	0	0	0	0	0	0	0	0	0	
289444	Temporal_Mid_L	0	0	0	0	0	0	0	0	0	0	0	0	0	0	0	0	1262	0	0	0	0	0	0	0	0	0	0	0	868	0	0	0	0	0	0	0	1890	0	1782	0	114	0	1896	0	1924	0	2366	0	190	0	17164	0	2632	0	4864	0	394	0	0	0	14660	0	2976	0	19714	0	1850	0	220	0	0	0	0	0	0	0	0	0	4978	0	25370	0	4708	0	0	0	3364	0	29536	0	0	0	0	0	0	0	0	0	0	0	0	0	0	0	0	0	0	0	0	0	0	0	0	0	0	0	
141556	Temporal_Mid_R	0	1642	0	0	0	0	0	0	0	0	0	0	0	0	0	0	0	0	0	0	0	0	0	0	0	0	0	0	0	480	0	0	0	0	0	154	0	2338	0	894	0	116	0	2270	0	1670	0	142	0	2494	0	14656	0	1244	0	3610	0	2086	0	254	0	294	0	434	0	1094	0	3210	0	560	0	0	0	106	0	0	0	0	0	612	0	12756	0	1446	0	0	0	320	0	15896	0	0	0	0	0	0	0	0	0	0	0	0	0	0	0	0	0	0	0	0	0	0	0	0	0	0	
25088	Temporal_Pole_Mid_L	0	0	0	0	0	0	0	0	0	0	0	0	0	0	0	0	0	0	0	0	0	0	0	0	0	0	0	0	240	0	0	0	0	0	0	0	224	0	218	0	176	0	0	0	0	0	0	0	0	0	0	0	0	0	1276	0	0	0	0	0	0	0	0	0	0	0	0	0	0	0	0	0	0	0	0	0	0	0	0	0	336	0	4120	0	3364	0	0	0	2590	0	0	0	0	0	0	0	0	0	0	0	0	0	0	0	0	0	0	0	0	0	0	0	0	0	0	0	
19524	Temporal_Pole_Mid_R	0	0	0	0	0	0	0	0	0	0	0	0	0	0	0	0	0	0	0	0	0	0	0	0	0	0	0	0	0	0	0	0	0	0	0	0	0	0	0	1154	0	332	0	0	0	0	0	0	0	0	0	0	0	0	0	2754	0	0	0	0	0	0	0	0	0	0	0	0	0	0	0	0	0	0	0	0	0	0	0	0	0	0	0	3288	0	320	0	0	0	1914	0	0	0	0	0	0	0	0	0	0	0	0	0	0	0	0	0	0	0	0	0	0	0	0	0	0	
193572	Temporal_Inf_L	150	0	712	0	0	0	106	0	0	0	0	0	0	0	0	0	344	0	0	0	0	0	0	0	0	0	0	0	3154	0	0	0	0	0	0	0	8166	0	916	0	1162	0	202	0	250	0	400	0	0	0	3186	0	1768	0	13918	0	0	0	0	0	4646	0	0	0	4828	0	252	0	0	0	0	0	424	0	0	0	0	0	3946	0	13370	0	2760	0	29536	0	2590	0	0	0	0	0	0	0	0	0	0	0	0	0	0	0	0	0	0	0	0	0	0	0	0	0	0	0	0	0	
126884	Temporal_Inf_R	0	1612	0	0	0	0	0	0	0	0	0	0	0	0	0	144	0	0	0	0	0	0	0	0	0	0	0	0	0	310	0	0	0	140	0	454	0	6800	0	3496	0	746	0	1022	0	840	0	188	0	974	0	2616	0	1562	0	13572	0	2096	0	0	0	0	0	98	0	140	0	2044	0	466	0	0	0	212	0	0	0	0	0	616	0	2712	0	2772	0	15896	0	1914	0	0	0	0	0	0	0	0	0	0	0	0	0	0	0	0	0	0	0	0	0	0	0	0	0	0	0	0	
279728	Cerebelum_Crus1_L	0	0	0	0	0	0	0	0	0	0	0	0	0	0	0	0	0	0	0	0	0	0	0	0	0	0	0	0	0	0	0	0	0	0	0	0	0	0	0	0	0	0	0	0	0	0	2954	0	0	0	118	0	0	0	6406	556	0	0	0	0	0	0	0	0	0	0	0	0	0	0	0	0	0	0	0	0	0	0	0	0	0	0	0	0	0	0	0	0	0	0	0	4158	22584	2600	0	0	10338	298	44276	1802	9294	290	15018	2498	1446	0	0	0	0	114	1806	6126	5942	834	406	0	
251464	Cerebelum_Crus1_R	0	0	0	0	0	0	0	0	0	0	0	0	0	0	0	0	0	0	0	0	0	0	0	0	0	0	0	0	0	0	0	0	0	0	0	0	0	0	0	0	0	0	0	0	0	0	172	750	0	0	0	0	0	0	0	6076	0	0	0	0	0	0	0	0	0	0	0	0	0	0	0	0	0	0	0	0	0	0	0	0	0	0	0	0	0	0	0	0	0	0	4158	0	3516	22888	0	326	326	4996	2574	33202	904	4864	3034	16178	0	1792	0	0	0	104	1884	3758	11756	2020	454	0	
250852	Cerebelum_Crus2_L	0	0	0	0	0	0	0	0	0	0	0	0	0	0	0	0	0	0	0	0	0	0	0	0	0	0	0	0	0	0	0	0	0	0	0	0	0	0	0	0	0	0	0	0	0	0	126	0	0	0	0	0	0	0	266	476	0	0	0	0	0	0	0	0	0	0	0	0	0	0	0	0	0	0	0	0	0	0	0	0	0	0	0	0	0	0	0	0	0	0	22584	3516	0	6038	0	0	0	0	5372	1032	31058	2854	31018	5586	4562	0	0	0	0	0	0	1920	6514	2504	0	0	
220516	Cerebelum_Crus2_R	0	0	0	0	0	0	0	0	0	0	0	0	0	0	0	0	0	0	0	0	0	0	0	0	0	0	0	0	0	0	0	0	0	0	0	0	0	0	0	0	0	0	0	0	0	0	0	0	0	0	0	0	0	0	0	104	0	0	0	0	0	0	0	0	0	0	0	0	0	0	0	0	0	0	0	0	0	0	0	0	0	0	0	0	0	0	0	0	0	0	2600	22888	6038	0	0	0	0	232	372	4684	3536	19824	5608	28822	0	3850	0	0	0	0	0	416	8750	2262	272	0	
16572	Cerebelum_3_L	0	0	0	0	0	0	0	0	0	0	0	0	0	0	0	0	0	0	0	0	0	0	0	0	0	0	0	0	0	0	0	0	0	0	0	0	0	0	0	0	0	0	0	0	0	0	0	0	0	0	0	0	0	0	0	0	0	0	0	0	0	0	0	0	0	0	0	0	0	0	0	0	0	0	0	0	0	0	0	0	0	0	0	0	0	0	0	0	0	0	0	0	0	0	0	144	4902	0	242	0	0	0	0	0	348	0	248	0	792	1080	530	0	0	0	0	0	
25484	Cerebelum_3_R	0	0	0	0	0	0	0	0	0	0	0	0	0	0	0	0	0	0	0	0	0	0	0	0	0	0	0	0	0	0	0	0	0	0	0	0	0	0	0	0	0	0	0	0	0	0	156	274	0	0	0	0	0	0	0	0	0	0	0	0	0	0	0	0	0	0	0	0	0	0	0	0	0	0	0	0	0	0	0	0	0	0	0	0	0	0	0	0	0	0	0	326	0	0	144	0	972	1792	322	2176	0	0	0	0	124	720	0	104	754	2530	1826	292	0	0	230	0	
227472	Cerebelum_4_5_L	0	0	0	0	0	0	0	0	0	0	0	0	0	0	0	0	0	0	0	0	0	0	0	0	0	0	0	0	0	0	0	0	0	0	0	0	0	0	0	0	0	0	0	0	0	0	9896	1268	0	0	0	0	0	0	4650	1580	0	0	0	0	0	0	0	0	0	0	0	0	0	0	0	0	0	0	0	0	0	0	0	0	0	0	0	0	0	0	0	0	0	0	10338	326	0	0	4902	972	0	4086	24706	7546	460	0	348	228	4658	2330	1300	314	1252	2590	17942	5970	356	1838	2674	1206	
115540	Cerebelum_4_5_R	0	0	0	0	0	0	0	0	0	0	0	0	0	0	0	0	0	0	0	0	0	0	0	0	0	0	0	0	0	0	0	0	0	0	0	0	0	198	0	872	0	0	0	0	0	0	1958	2002	0	0	0	0	0	0	182	6620	0	0	0	0	0	0	0	0	0	0	0	0	0	0	0	0	0	0	0	0	0	0	0	0	0	0	0	0	0	0	0	0	0	0	298	4996	0	232	0	1792	4086	0	1812	20206	0	0	0	114	0	106	0	0	0	416	11006	576	0	0	0	298	
304732	Cerebelum_6_L	0	0	0	0	0	0	0	0	0	0	0	0	0	0	0	0	0	0	0	0	0	0	0	0	0	0	0	0	0	0	0	0	0	0	0	0	0	0	0	0	0	0	0	0	0	0	8580	384	0	0	204	0	0	0	9604	924	0	0	0	0	0	0	0	0	0	0	0	0	0	0	0	0	0	0	0	0	0	0	0	0	0	0	0	0	0	0	0	0	0	0	44276	2574	5372	372	242	322	24706	1812	0	4796	4648	0	7304	346	3036	1254	826	0	332	908	9334	11104	4150	1946	2250	760	
272160	Cerebelum_6_R	0	0	0	0	0	0	0	0	0	0	0	0	0	0	0	0	0	0	0	0	0	0	0	0	0	0	0	0	0	0	0	0	0	0	0	0	0	0	0	0	0	0	0	1908	0	418	2918	3976	0	996	0	826	0	0	332	11472	0	0	0	0	0	0	0	0	0	0	0	0	0	0	0	0	0	0	0	0	0	0	0	0	0	0	0	0	0	0	0	0	0	0	1802	33202	1032	4684	0	2176	7546	20206	4796	0	300	968	996	4464	694	768	0	0	194	552	14898	6386	4302	1840	962	466	
195168	Cerebelum_7b_L	0	0	0	0	0	0	0	0	0	0	0	0	0	0	0	0	0	0	0	0	0	0	0	0	0	0	0	0	0	0	0	0	0	0	0	0	0	0	0	0	0	0	0	0	0	0	246	0	0	0	0	0	0	0	0	104	0	0	0	0	0	0	0	0	0	0	0	0	0	0	0	0	0	0	0	0	0	0	0	0	0	0	0	0	0	0	0	0	0	0	9294	904	31058	3536	0	0	460	0	4648	300	0	3032	28276	4864	2630	0	114	0	0	0	314	636	3578	3480	110	0	
123664	Cerebelum_7b_R	0	0	0	0	0	0	0	0	0	0	0	0	0	0	0	0	0	0	0	0	0	0	0	0	0	0	0	0	0	0	0	0	0	0	0	0	0	0	0	0	0	0	0	0	0	0	0	0	0	0	0	0	0	0	0	0	0	0	0	0	0	0	0	0	0	0	0	0	0	0	0	0	0	0	0	0	0	0	0	0	0	0	0	0	0	0	0	0	0	0	290	4864	2854	19824	0	0	0	0	0	968	3032	0	2982	20660	0	2224	0	0	0	0	0	0	2654	1480	0	0	
251348	Cerebelum_8_L	0	0	0	0	0	0	0	0	0	0	0	0	0	0	0	0	0	0	0	0	0	0	0	0	0	0	0	0	0	0	0	0	0	0	0	0	0	0	0	0	0	0	0	0	0	0	98	0	0	0	0	0	0	0	0	420	0	0	0	0	0	0	0	0	0	0	0	0	0	0	0	0	0	0	0	0	0	0	0	0	0	0	0	0	0	0	0	0	0	0	15018	3034	31018	5608	0	0	348	0	7304	996	28276	2982	0	8024	7884	0	318	0	0	0	146	1546	6306	5924	424	0	
234464	Cerebelum_8_R	0	0	0	0	0	0	0	0	0	0	0	0	0	0	0	0	0	0	0	0	0	0	0	0	0	0	0	0	0	0	0	0	0	0	0	0	0	0	0	0	0	0	0	0	0	0	0	0	0	0	0	0	0	0	0	0	0	0	0	0	0	0	0	0	0	0	0	0	0	0	0	0	0	0	0	0	0	0	0	0	0	0	0	0	0	0	0	0	0	0	2498	16178	5586	28822	0	0	228	114	346	4464	4864	20660	8024	0	132	8450	0	186	0	0	308	464	8632	6452	824	0	
74996	Cerebelum_9_L	0	0	0	0	0	0	0	0	0	0	0	0	0	0	0	0	0	0	0	0	0	0	0	0	0	0	0	0	0	0	0	0	0	0	0	0	0	0	0	0	0	0	0	0	0	0	432	0	0	0	0	0	0	0	0	0	0	0	0	0	0	0	0	0	0	0	0	0	0	0	0	0	0	0	0	0	0	0	0	0	0	0	0	0	0	0	0	0	0	0	1446	0	4562	0	348	124	4658	0	3036	694	2630	0	7884	132	0	1044	2036	0	0	192	2684	2168	456	1020	1192	760	
69452	Cerebelum_9_R	0	0	0	0	0	0	0	0	0	0	0	0	0	0	0	0	0	0	0	0	0	0	0	0	0	0	0	0	0	0	0	0	0	0	0	0	0	0	0	0	0	0	0	0	0	0	264	0	0	0	0	0	0	0	0	0	0	0	0	0	0	0	0	0	0	0	0	0	0	0	0	0	0	0	0	0	0	0	0	0	0	0	0	0	0	0	0	0	0	0	0	1792	0	3850	0	720	2330	106	1254	768	0	2224	0	8450	1044	0	122	1026	324	668	2918	2412	362	1250	1856	986	
12724	Cerebelum_10_L	0	0	0	0	0	0	0	0	0	0	0	0	0	0	0	0	0	0	0	0	0	0	0	0	0	0	0	0	0	0	0	0	0	0	0	0	0	0	0	0	0	0	0	0	0	0	184	0	0	0	0	0	0	0	0	0	0	0	0	0	0	0	0	0	0	0	0	0	0	0	0	0	0	0	0	0	0	0	0	0	0	0	0	0	0	0	0	0	0	0	0	0	0	0	248	0	1300	0	826	0	114	0	318	0	2036	122	0	0	0	0	372	284	156	196	206	0	
5664	Cerebelum_10_R	0	0	0	0	0	0	0	0	0	0	0	0	0	0	0	0	0	0	0	0	0	0	0	0	0	0	0	0	0	0	0	0	0	0	0	0	0	0	0	0	0	0	0	0	0	0	0	0	0	0	0	0	0	0	0	0	0	0	0	0	0	0	0	0	0	0	0	0	0	0	0	0	0	0	0	0	0	0	0	0	0	0	0	0	0	0	0	0	0	0	0	0	0	0	0	104	314	0	0	0	0	0	0	186	0	1026	0	0	0	0	382	310	0	200	310	0	
19840	Vermis_1_2	0	0	0	0	0	0	0	0	0	0	0	0	0	0	0	0	0	0	0	0	0	0	0	0	0	0	0	0	0	0	0	0	0	0	0	0	0	0	0	0	0	0	0	0	0	0	168	0	0	0	0	0	0	0	0	0	0	0	0	0	0	0	0	0	0	0	0	0	0	0	0	0	0	0	0	0	0	0	0	0	0	0	0	0	0	0	0	0	0	0	0	0	0	0	792	754	1252	0	332	194	0	0	0	0	0	324	0	0	0	4188	1916	0	0	0	0	0	
36132	Vermis_3	0	0	0	0	0	0	0	0	0	0	0	0	0	0	0	0	0	0	0	0	0	0	0	0	0	0	0	0	0	0	0	0	0	0	0	0	0	0	0	0	0	0	0	0	0	0	500	0	0	0	0	0	0	0	0	0	0	0	0	0	0	0	0	0	0	0	0	0	0	0	0	0	0	0	0	0	0	0	0	0	0	0	0	0	0	0	0	0	0	0	114	104	0	0	1080	2530	2590	416	908	552	0	0	0	0	192	668	0	0	4188	0	3726	280	0	0	218	0	
207900	Vermis_4_5	0	0	0	0	0	0	0	0	0	0	0	0	0	0	0	0	0	0	0	0	0	0	0	0	0	0	0	0	0	0	0	0	0	308	0	1732	0	828	0	686	0	0	0	98	0	0	5118	3134	0	0	0	0	0	0	844	4084	0	0	0	0	0	0	0	0	0	0	0	1878	0	0	0	0	0	0	0	0	0	196	0	0	0	0	0	0	0	0	0	0	0	0	1806	1884	0	0	530	1826	17942	11006	9334	14898	314	0	146	308	2684	2918	372	382	1916	3726	0	6474	382	1864	2740	1592	
137268	Vermis_6	0	0	0	0	0	0	0	0	0	0	0	0	0	0	0	0	0	0	0	0	0	0	0	0	0	0	0	0	0	0	0	0	0	0	0	0	0	0	0	0	0	0	0	0	0	0	1232	706	0	0	0	0	0	0	480	1786	0	0	0	0	0	0	0	0	0	0	0	0	0	0	0	0	0	0	0	0	0	0	0	0	0	0	0	0	0	0	0	0	0	0	6126	3758	1920	416	0	292	5970	576	11104	6386	636	0	1546	464	2168	2412	284	310	0	280	6474	0	5200	3104	3868	1136	
153276	Vermis_7	0	0	0	0	0	0	0	0	0	0	0	0	0	0	0	0	0	0	0	0	0	0	0	0	0	0	0	0	0	0	0	0	0	0	0	0	0	0	0	0	0	0	0	0	0	0	0	504	0	0	0	0	0	0	0	536	0	0	0	0	0	0	0	0	0	0	0	0	0	0	0	0	0	0	0	0	0	0	0	0	0	0	0	0	0	0	0	0	0	0	5942	11756	6514	8750	0	0	356	0	4150	4302	3578	2654	6306	8632	456	362	156	0	0	0	382	5200	0	4480	1622	0	
93132	Vermis_8	0	0	0	0	0	0	0	0	0	0	0	0	0	0	0	0	0	0	0	0	0	0	0	0	0	0	0	0	0	0	0	0	0	0	0	0	0	0	0	0	0	0	0	0	0	0	106	0	0	0	0	0	0	0	0	0	0	0	0	0	0	0	0	0	0	0	0	0	0	0	0	0	0	0	0	0	0	0	0	0	0	0	0	0	0	0	0	0	0	0	834	2020	2504	2262	0	0	1838	0	1946	1840	3480	1480	5924	6452	1020	1250	196	200	0	0	1864	3104	4480	0	3632	134	
49920	Vermis_9	0	0	0	0	0	0	0	0	0	0	0	0	0	0	0	0	0	0	0	0	0	0	0	0	0	0	0	0	0	0	0	0	0	0	0	0	0	0	0	0	0	0	0	0	0	0	348	0	0	0	0	0	0	0	0	0	0	0	0	0	0	0	0	0	0	0	0	0	0	0	0	0	0	0	0	0	0	0	0	0	0	0	0	0	0	0	0	0	0	0	406	454	0	272	0	230	2674	0	2250	962	110	0	424	824	1192	1856	206	310	0	218	2740	3868	1622	3632	0	362	
15400	Vermis_10	0	0	0	0	0	0	0	0	0	0	0	0	0	0	0	0	0	0	0	0	0	0	0	0	0	0	0	0	0	0	0	0	0	0	0	0	0	0	0	0	0	0	0	0	0	0	0	0	0	0	0	0	0	0	0	0	0	0	0	0	0	0	0	0	0	0	0	0	0	0	0	0	0	0	0	0	0	0	0	0	0	0	0	0	0	0	0	0	0	0	0	0	0	0	0	0	1206	298	760	466	0	0	0	0	760	986	0	0	0	0	1592	1136	0	134	362	0	
