data	data	424908	238196	956120	756504	97416	85724	496652	229964	61648	19484	316084	362872	298088	184812	133472	62156	227188	176776	682580	698580	45344	68764	346968	353924	26804	85816	27688	62324	533460	344580	380960	481200	149880	395340	172112	191592	255160	321868	96420	150648	26336	48308	254096	358988	149424	217448	245552	366612	210904	247252	407820	264420	84388	166580	337704	409504	287240	149964	129584	71768	249752	73488	134824	105352	145240	103700	275132	300020	156564	111180	316740	347128	358720	267648	41328	17104	196012	247944	79376	37336	255540	86712	90028	64096	349284	153992	40668	13664	261056	198488	427380	471192	347436	331324	32072	55988	274824	298092	416928	446916	232600	165584	303028	323732	127716	154788	17656	27328	27336	70888	244696	219780	216804	160208	118676	35120	
data	data	Precentral_L	Precentral_R	Frontal_Sup_L	Frontal_Sup_R	Frontal_Sup_Orb_L	Frontal_Sup_Orb_R	Frontal_Mid_L	Frontal_Mid_R	Frontal_Mid_Orb_L	Frontal_Mid_Orb_R	Frontal_Inf_Oper_L	Frontal_Inf_Oper_R	Frontal_Inf_Tri_L	Frontal_Inf_Tri_R	Frontal_Inf_Orb_L	Frontal_Inf_Orb_R	Rolandic_Oper_L	Rolandic_Oper_R	Supp_Motor_Area_L	Supp_Motor_Area_R	Olfactory_L	Olfactory_R	Frontal_Sup_Medial_L	Frontal_Sup_Medial_R	Frontal_Med_Orb_L	Frontal_Med_Orb_R	Rectus_L	Rectus_R	Insula_L	Insula_R	Cingulum_Ant_L	Cingulum_Ant_R	Cingulum_Mid_L	Cingulum_Mid_R	Cingulum_Post_L	Cingulum_Post_R	Hippocampus_L	Hippocampus_R	ParaHippocampal_L	ParaHippocampal_R	Amygdala_L	Amygdala_R	Calcarine_L	Calcarine_R	Cuneus_L	Cuneus_R	Lingual_L	Lingual_R	Occipital_Sup_L	Occipital_Sup_R	Occipital_Mid_L	Occipital_Mid_R	Occipital_Inf_L	Occipital_Inf_R	Fusiform_L	Fusiform_R	Postcentral_L	Postcentral_R	Parietal_Sup_L	Parietal_Sup_R	Parietal_Inf_L	Parietal_Inf_R	SupraMarginal_L	SupraMarginal_R	Angular_L	Angular_R	Precuneus_L	Precuneus_R	Paracentral_Lobule_L	Paracentral_Lobule_R	Caudate_L	Caudate_R	Putamen_L	Putamen_R	Pallidum_L	Pallidum_R	Thalamus_L	Thalamus_R	Heschl_L	Heschl_R	Temporal_Sup_L	Temporal_Sup_R	Temporal_Pole_Sup_L	Temporal_Pole_Sup_R	Temporal_Mid_L	Temporal_Mid_R	Temporal_Pole_Mid_L	Temporal_Pole_Mid_R	Temporal_Inf_L	Temporal_Inf_R	Cerebelum_Crus1_L	Cerebelum_Crus1_R	Cerebelum_Crus2_L	Cerebelum_Crus2_R	Cerebelum_3_L	Cerebelum_3_R	Cerebelum_4_5_L	Cerebelum_4_5_R	Cerebelum_6_L	Cerebelum_6_R	Cerebelum_7b_L	Cerebelum_7b_R	Cerebelum_8_L	Cerebelum_8_R	Cerebelum_9_L	Cerebelum_9_R	Cerebelum_10_L	Cerebelum_10_R	Vermis_1_2	Vermis_3	Vermis_4_5	Vermis_6	Vermis_7	Vermis_8	Vermis_9	Vermis_10	
424908	Precentral_L	0	6274	21064	5780	0	0	16386	3080	0	0	16328	230	778	0	0	0	11844	0	10726	7096	0	0	0	140	0	0	0	0	11512	126	578	390	146	2454	4840	2436	7892	1124	986	0	0	0	240	0	0	0	426	0	0	0	132	0	104	0	574	0	27226	0	0	0	5022	0	1604	0	0	0	1624	0	9078	2216	1138	1320	3834	0	902	0	13644	3620	2648	0	4218	0	430	0	244	0	0	0	0	0	0	0	0	0	0	0	0	0	0	0	0	0	0	0	0	0	0	0	0	0	0	0	0	0	0	0	
238196	Precentral_R	6274	0	1564	4404	0	0	486	13920	0	0	0	6172	0	154	0	0	0	1558	874	4834	0	0	0	0	0	0	0	0	480	2890	290	208	0	188	1302	3276	586	5126	0	114	0	0	0	236	0	0	0	0	0	190	250	0	0	994	0	1088	3620	11048	0	642	916	2638	170	4240	0	0	0	450	3676	6334	1044	4474	698	2238	496	748	4194	12198	228	0	0	574	0	0	234	202	0	0	0	578	0	0	0	0	0	0	0	0	0	0	0	0	0	0	0	0	0	0	0	0	0	0	0	0	0	0	
956120	Frontal_Sup_L	21064	1564	0	9730	6810	0	76662	1788	3620	0	21554	1072	26816	414	6848	0	12094	102	91828	18952	0	0	46340	1472	1144	0	216	0	36292	180	19128	3106	6180	3552	198	166	2484	172	282	0	0	0	0	0	0	0	0	0	0	0	0	0	0	0	546	0	9236	0	0	0	700	0	1432	0	0	0	0	0	328	0	7296	616	19764	148	3802	0	1244	782	1468	0	6170	0	2348	0	102	0	96	0	152	0	0	0	0	0	0	0	0	0	0	0	0	0	0	0	0	0	0	0	0	0	0	0	0	0	0	0	
756504	Frontal_Sup_R	5780	4404	9730	0	0	8304	3666	28702	0	1530	1496	21278	132	6244	0	6090	0	9968	15682	76694	0	878	7532	36428	256	4580	0	1024	580	15462	6910	28066	3620	18426	98	192	156	882	0	228	0	0	0	0	0	0	0	0	0	0	0	0	0	0	0	0	1224	1306	0	0	402	150	0	288	0	0	0	0	3566	0	6238	18034	5604	8780	234	660	184	5460	0	0	0	0	0	1104	0	0	0	0	0	0	0	0	0	0	0	0	0	0	0	0	0	0	0	0	0	0	0	0	0	0	0	0	0	0	0	0	
97416	Frontal_Sup_Orb_L	0	0	6810	0	0	0	1244	0	8232	0	0	0	766	0	7470	0	0	0	768	0	602	0	3160	0	2220	0	3100	0	5354	0	3150	0	0	0	0	0	0	0	0	0	0	0	0	0	0	0	0	0	0	0	0	0	0	0	0	0	0	0	0	0	0	0	0	0	0	0	0	0	0	0	574	0	4952	0	0	0	0	0	0	0	0	0	306	0	0	0	0	0	0	0	0	0	0	0	0	0	0	0	0	0	0	0	0	0	0	0	0	0	0	0	0	0	0	0	0	0	
85724	Frontal_Sup_Orb_R	0	0	0	8304	0	0	0	1354	0	3106	0	0	0	0	0	3456	0	0	0	0	0	298	826	4124	268	9268	0	7108	0	948	144	1730	0	0	0	0	0	0	0	0	0	0	0	0	0	0	0	0	0	0	0	0	0	0	0	0	0	0	0	0	0	0	0	0	0	0	0	0	0	0	0	1050	0	878	0	0	0	0	0	0	0	0	0	0	0	0	0	0	0	0	0	0	0	0	0	0	0	0	0	0	0	0	0	0	0	0	0	0	0	0	0	0	0	0	0	0	
496652	Frontal_Mid_L	16386	486	76662	3666	1244	0	0	1822	2872	0	10236	370	33870	0	7804	0	322	0	19142	2310	0	0	27832	272	0	0	142	0	17372	104	7664	760	3452	830	232	172	926	156	0	0	0	0	0	0	0	0	0	0	0	0	0	0	0	0	0	0	1168	0	0	0	714	0	194	0	0	0	0	0	104	0	1004	236	4044	0	1344	0	1592	338	302	0	180	0	0	0	0	0	0	0	0	0	0	0	0	0	0	0	0	0	0	0	0	0	0	0	0	0	0	0	0	0	0	0	0	0	0	0	
229964	Frontal_Mid_R	3080	13920	1788	28702	0	1354	1822	0	0	1472	0	8820	0	7218	0	2854	140	2290	1430	4510	0	0	164	2628	0	0	0	0	214	3594	4474	724	0	2448	0	122	114	1154	0	0	0	0	0	0	0	0	0	0	0	0	0	0	0	0	0	96	2296	1766	0	546	640	1064	192	1302	0	0	0	0	248	0	4120	480	3128	964	202	344	0	1898	0	0	104	0	0	556	0	0	0	0	0	0	0	0	0	0	0	0	0	0	0	0	0	0	0	0	0	0	0	0	0	0	0	0	0	0	0	0	
61648	Frontal_Mid_Orb_L	0	0	3620	0	8232	0	2872	0	0	0	0	0	2050	0	9340	0	0	0	356	0	0	0	0	0	136	0	1122	0	2110	0	94	0	0	0	0	0	0	0	0	0	0	0	0	0	0	0	0	0	0	0	0	0	0	0	0	0	0	0	0	0	0	0	0	0	0	0	0	0	0	0	0	0	892	0	0	0	0	0	0	0	0	0	0	0	0	0	0	0	0	0	0	0	0	0	0	0	0	0	0	0	0	0	0	0	0	0	0	0	0	0	0	0	0	0	0	0	
19484	Frontal_Mid_Orb_R	0	0	0	1530	0	3106	0	1472	0	0	0	0	0	130	0	3068	0	0	0	0	0	0	0	0	0	0	0	436	0	0	0	0	0	0	0	0	0	0	0	0	0	0	0	0	0	0	0	0	0	0	0	0	0	0	0	0	0	0	0	0	0	0	0	0	0	0	0	0	0	0	0	0	0	0	0	0	0	0	0	0	0	0	0	0	0	0	0	0	0	0	0	0	0	0	0	0	0	0	0	0	0	0	0	0	0	0	0	0	0	0	0	0	0	0	0	0	
316084	Frontal_Inf_Oper_L	16328	0	21554	1496	0	0	10236	0	0	0	0	1046	16234	0	1976	0	13456	498	15600	1570	0	0	1482	124	0	0	0	0	21578	908	2704	274	212	0	0	0	1382	0	0	0	0	0	0	0	0	0	0	0	0	0	0	0	0	0	0	0	6480	0	0	0	3844	0	1254	0	0	0	0	0	106	0	2052	214	4230	0	256	0	728	130	406	0	6594	0	2832	258	0	0	0	0	0	0	0	0	0	0	0	0	0	0	0	0	0	0	0	0	0	0	0	0	0	0	0	0	0	0	0	0	
362872	Frontal_Inf_Oper_R	230	6172	1072	21278	0	0	370	8820	0	0	1046	0	120	24654	0	518	0	10122	2506	21328	0	0	224	3730	0	0	0	0	170	24644	4412	12216	390	8198	0	376	0	966	0	102	0	0	0	0	0	0	0	0	0	0	0	0	0	0	0	0	0	886	0	166	0	302	0	230	0	0	0	0	0	0	6692	6250	2952	5666	0	998	0	1558	0	0	0	94	0	1978	0	0	0	0	0	0	0	0	0	0	0	0	0	0	0	0	0	0	0	0	0	0	0	0	0	0	0	0	0	0	0	0	
298088	Frontal_Inf_Tri_L	778	0	26816	132	766	0	33870	0	2050	0	16234	120	0	0	11542	0	1088	0	16732	146	0	0	4574	0	0	0	0	0	27618	96	2040	100	666	0	0	0	136	0	0	0	0	0	0	0	0	0	0	0	0	0	0	0	0	0	0	0	0	0	0	0	0	0	0	0	0	0	0	0	0	0	616	0	2024	0	0	0	0	0	0	0	398	0	502	0	0	0	0	0	0	0	0	0	0	0	0	0	0	0	0	0	0	0	0	0	0	0	0	0	0	0	0	0	0	0	0	0	
184812	Frontal_Inf_Tri_R	0	154	414	6244	0	0	0	7218	0	130	0	24654	0	0	0	2418	0	142	1890	6454	0	0	286	3148	0	0	0	0	0	10744	1862	12028	350	7816	0	0	0	0	0	0	0	0	0	0	0	0	0	0	0	0	0	0	0	0	0	0	0	0	0	0	0	0	0	0	0	0	0	0	0	0	2598	2102	168	1320	0	0	0	266	0	0	0	0	0	0	0	0	0	0	0	0	0	0	0	0	0	0	0	0	0	0	0	0	0	0	0	0	0	0	0	0	0	0	0	0	0	0	
133472	Frontal_Inf_Orb_L	0	0	6848	0	7470	0	7804	0	9340	0	1976	0	11542	0	0	0	0	0	1446	0	976	0	258	0	0	0	476	0	12844	0	380	0	0	0	0	0	412	0	0	0	398	0	0	0	0	0	0	0	0	0	0	0	0	0	0	0	0	0	0	0	0	0	0	0	0	0	0	0	0	0	232	0	3026	0	0	0	0	0	0	0	142	0	1166	0	0	0	0	0	0	0	0	0	0	0	0	0	0	0	0	0	0	0	0	0	0	0	0	0	0	0	0	0	0	0	0	0	
62156	Frontal_Inf_Orb_R	0	0	0	6090	0	3456	0	2854	0	3068	0	518	0	2418	0	0	0	0	122	380	0	516	0	948	0	0	0	532	0	3768	0	1050	0	400	0	0	0	260	0	326	0	110	0	0	0	0	0	0	0	0	0	0	0	0	0	0	0	0	0	0	0	0	0	0	0	0	0	0	0	0	0	634	0	1094	0	0	0	0	0	0	0	908	0	1320	0	178	0	128	0	0	0	0	0	0	0	0	0	0	0	0	0	0	0	0	0	0	0	0	0	0	0	0	0	0	0	0	
227188	Rolandic_Oper_L	11844	0	12094	0	0	0	322	140	0	0	13456	0	1088	0	0	0	0	0	10448	98	0	0	0	0	0	0	0	0	18772	0	450	0	0	0	0	0	2920	0	0	0	0	0	138	0	0	0	0	0	0	0	174	0	0	0	96	0	8084	0	134	0	1728	0	3242	0	0	0	210	0	620	0	174	0	1454	0	0	0	916	0	4292	0	15388	0	2678	0	1634	0	0	0	1000	0	0	0	0	0	0	0	0	0	0	0	0	0	0	0	0	0	0	0	0	0	0	0	0	0	0	0	
176776	Rolandic_Oper_R	0	1558	102	9968	0	0	0	2290	0	0	498	10122	0	142	0	0	0	0	92	9630	0	0	0	224	0	0	0	0	0	18206	1534	626	0	250	0	828	0	1768	0	326	0	0	0	0	0	0	0	0	0	0	0	0	0	180	0	208	0	2530	0	140	0	274	0	3224	0	0	0	0	0	0	1856	2634	1748	8170	0	998	0	1744	0	832	0	2440	0	2992	0	104	0	0	0	150	0	0	0	0	0	0	0	0	0	0	0	0	0	0	0	0	0	0	0	0	0	0	0	0	0	0	
682580	Supp_Motor_Area_L	10726	874	91828	15682	768	0	19142	1430	356	0	15600	2506	16732	1890	1446	122	10448	92	0	30968	0	0	11382	1198	0	0	0	0	27296	348	7216	3276	8256	13540	130	142	1912	0	232	0	0	0	0	0	0	0	0	0	0	0	0	0	0	0	422	0	6736	0	0	0	366	0	1326	0	0	0	0	0	9976	102	5244	476	9634	216	1322	0	706	624	1004	0	5352	0	2128	0	0	0	0	0	118	0	0	0	0	0	0	0	0	0	0	0	0	0	0	0	0	0	0	0	0	0	0	0	0	0	0	0	
698580	Supp_Motor_Area_R	7096	4834	18952	76694	0	0	2310	4510	0	0	1570	21328	146	6454	0	380	98	9630	30968	0	0	0	984	9182	0	0	0	0	610	10572	5148	12348	5206	43500	1484	5288	150	1104	0	272	0	0	0	110	0	728	0	0	0	406	0	0	0	358	0	366	1408	2148	0	0	374	118	0	244	0	0	0	1602	7688	8700	5330	20254	5264	5518	228	598	210	5596	0	0	0	0	0	1006	0	104	0	0	0	114	0	0	0	0	0	0	0	0	0	0	0	0	0	0	0	0	0	0	0	0	0	0	0	0	0	0	
45344	Olfactory_L	0	0	0	0	602	0	0	0	0	0	0	0	0	0	976	0	0	0	0	0	0	3114	0	0	152	630	436	1082	1970	0	2286	1102	0	0	0	0	332	0	278	0	474	0	0	0	0	0	0	0	0	0	0	0	0	0	0	0	0	0	0	0	0	0	0	0	0	0	0	0	0	0	4472	1508	2700	0	0	0	0	0	0	0	0	0	558	0	0	0	0	0	0	0	0	0	0	0	0	0	0	0	0	0	0	0	0	0	0	0	0	0	0	0	0	0	0	0	0	0	
68764	Olfactory_R	0	0	0	878	0	298	0	0	0	0	0	0	0	0	0	516	0	0	0	0	3114	0	0	928	0	1574	0	2804	0	2212	2742	3446	0	0	0	0	0	1118	0	820	0	1520	0	0	0	0	0	0	0	0	0	0	0	0	0	0	0	0	0	0	0	0	0	0	0	0	0	0	0	0	4392	3766	2458	1796	0	0	0	0	0	0	0	0	0	0	0	0	0	0	0	0	0	0	0	0	0	0	0	0	0	0	0	0	0	0	0	0	0	0	0	0	0	0	0	0	0	0	
346968	Frontal_Sup_Medial_L	0	0	46340	7532	3160	826	27832	164	0	0	1482	224	4574	286	258	0	0	0	11382	984	0	0	0	17070	2464	742	288	0	2264	178	16684	13194	5496	8006	0	0	0	0	0	0	0	0	0	0	0	0	0	0	0	0	0	0	0	0	0	0	0	0	0	0	0	0	0	0	0	0	0	0	0	0	662	0	1392	0	0	0	0	0	0	0	0	0	0	0	0	0	0	0	0	0	0	0	0	0	0	0	0	0	0	0	0	0	0	0	0	0	0	0	0	0	0	0	0	0	0	0	
353924	Frontal_Sup_Medial_R	140	0	1472	36428	0	4124	272	2628	0	0	124	3730	0	3148	0	948	0	224	1198	9182	0	928	17070	0	266	5834	0	1452	0	5496	3606	38680	2268	14450	0	0	0	208	0	116	0	0	0	0	0	0	0	0	0	0	0	0	0	0	0	0	0	0	0	0	0	0	0	0	0	0	0	0	0	0	1758	11266	504	8978	0	0	98	366	0	0	0	0	0	0	0	0	0	0	0	0	0	0	0	0	0	0	0	0	0	0	0	0	0	0	0	0	0	0	0	0	0	0	0	0	0	0	
26804	Frontal_Med_Orb_L	0	0	1144	256	2220	268	0	0	136	0	0	0	0	0	0	0	0	0	0	0	152	0	2464	266	0	450	1742	0	0	0	2912	100	0	0	0	0	0	0	0	0	0	0	0	0	0	0	0	0	0	0	0	0	0	0	0	0	0	0	0	0	0	0	0	0	0	0	0	0	0	0	652	0	640	0	0	0	0	0	0	0	0	0	0	0	0	0	0	0	0	0	0	0	0	0	0	0	0	0	0	0	0	0	0	0	0	0	0	0	0	0	0	0	0	0	0	0	
85816	Frontal_Med_Orb_R	0	0	0	4580	0	9268	0	0	0	0	0	0	0	0	0	0	0	0	0	0	630	1574	742	5834	450	0	0	8226	0	0	1036	4668	0	0	0	0	0	0	0	0	0	0	0	0	0	0	0	0	0	0	0	0	0	0	0	0	0	0	0	0	0	0	0	0	0	0	0	0	0	0	366	2700	192	2642	0	0	0	0	0	0	0	0	0	0	0	0	0	0	0	0	0	0	0	0	0	0	0	0	0	0	0	0	0	0	0	0	0	0	0	0	0	0	0	0	0	0	
27688	Rectus_L	0	0	216	0	3100	0	142	0	1122	0	0	0	0	0	476	0	0	0	0	0	436	0	288	0	1742	0	0	0	274	0	2864	0	0	0	0	0	0	0	0	0	0	0	0	0	0	0	0	0	0	0	0	0	0	0	0	0	0	0	0	0	0	0	0	0	0	0	0	0	0	0	1574	0	1610	0	0	0	0	0	0	0	0	0	0	0	0	0	0	0	0	0	0	0	0	0	0	0	0	0	0	0	0	0	0	0	0	0	0	0	0	0	0	0	0	0	0	0	
62324	Rectus_R	0	0	0	1024	0	7108	0	0	0	436	0	0	0	0	0	532	0	0	0	0	1082	2804	0	1452	0	8226	0	0	0	812	738	3464	0	0	0	0	0	0	0	0	0	0	0	0	0	0	0	0	0	0	0	0	0	0	0	0	0	0	0	0	0	0	0	0	0	0	0	0	0	0	1006	1184	596	698	0	0	0	0	0	0	0	0	0	0	0	0	0	0	0	0	0	0	0	0	0	0	0	0	0	0	0	0	0	0	0	0	0	0	0	0	0	0	0	0	0	0	
533460	Insula_L	11512	480	36292	580	5354	0	17372	214	2110	0	21578	170	27618	0	12844	0	18772	0	27296	610	1970	0	2264	0	0	0	274	0	0	0	2978	358	716	140	1294	824	13858	806	1180	0	950	0	112	0	0	0	0	0	0	0	0	0	0	0	2272	0	3608	0	0	0	1228	0	1218	0	0	0	478	0	212	0	1032	216	15310	0	0	0	4092	886	5276	0	13148	0	4828	0	946	0	330	0	1124	0	0	0	0	0	0	0	0	0	0	0	0	0	0	0	0	0	0	0	0	0	0	0	0	0	0	0	
344580	Insula_R	126	2890	180	15462	0	948	104	3594	0	0	908	24644	96	10744	0	3768	0	18206	348	10572	0	2212	178	5496	0	0	0	812	0	0	2572	9772	244	1528	0	1758	0	6626	0	1588	0	1414	0	0	0	0	0	0	0	0	0	0	0	0	0	1330	0	1424	0	0	0	0	0	1260	0	0	0	0	0	0	3748	4966	2060	19210	0	118	108	3084	0	1206	0	2786	0	3082	0	200	0	0	0	528	0	0	0	0	0	0	0	104	0	286	0	0	0	0	0	0	0	0	0	0	0	0	0	0	0	0	
380960	Cingulum_Ant_L	578	290	19128	6910	3150	144	7664	4474	94	0	2704	4412	2040	1862	380	0	450	1534	7216	5148	2286	2742	16684	3606	2912	1036	2864	738	2978	2572	0	15246	5536	3506	584	0	0	0	0	0	0	0	0	0	0	0	0	0	0	0	0	0	0	0	0	0	128	0	0	0	94	0	0	0	0	0	0	0	0	0	24062	5930	23306	2978	0	202	162	1496	0	0	228	0	0	426	0	0	0	0	0	0	0	0	0	0	0	0	0	0	0	0	0	0	0	0	0	0	0	0	0	0	0	0	0	0	0	0	
481200	Cingulum_Ant_R	390	208	3106	28066	0	1730	760	724	0	0	274	12216	100	12028	0	1050	0	626	3276	12348	1102	3446	13194	38680	100	4668	0	3464	358	9772	15246	0	4704	18162	0	108	0	344	0	152	0	0	0	0	0	0	0	0	0	0	0	0	0	0	0	0	0	0	0	0	0	0	0	0	0	0	0	0	0	0	5804	25860	2170	14484	104	110	334	1064	0	0	0	0	0	268	0	0	0	0	0	0	0	0	0	0	0	0	0	0	0	0	0	0	0	0	0	0	0	0	0	0	0	0	0	0	0	0	
149880	Cingulum_Mid_L	146	0	6180	3620	0	0	3452	0	0	0	212	390	666	350	0	0	0	0	8256	5206	0	0	5496	2268	0	0	0	0	716	244	5536	4704	0	12246	2904	772	0	0	0	0	0	0	446	124	194	132	0	0	434	192	1212	142	0	0	0	0	158	0	294	0	240	0	0	0	0	0	2558	642	2482	138	170	0	150	0	0	0	0	0	0	0	0	0	0	0	1094	0	0	0	774	0	0	0	0	0	0	0	0	0	0	0	0	0	0	0	0	0	0	0	0	0	0	0	0	0	0	0	
395340	Cingulum_Mid_R	2454	188	3552	18426	0	0	830	2448	0	0	0	8198	0	7816	0	400	0	250	13540	43500	0	0	8006	14450	0	0	0	0	140	1528	3506	18162	12246	0	1338	6454	0	296	0	0	0	0	0	702	0	2484	0	0	0	1662	0	494	0	392	0	376	388	2048	0	0	122	0	0	0	0	0	312	5166	4976	6826	546	1166	196	222	0	0	0	1404	0	0	0	0	0	0	0	314	0	0	0	146	0	0	0	0	0	0	0	0	0	0	0	0	0	0	0	0	0	0	0	0	0	0	0	0	0	0	
172112	Cingulum_Post_L	4840	1302	198	98	0	0	232	0	0	0	0	0	0	0	0	0	0	0	130	1484	0	0	0	0	0	0	0	0	1294	0	584	0	2904	1338	0	9686	8998	4456	3460	462	0	0	5008	0	1096	0	1576	134	786	0	2088	0	568	258	1932	276	490	198	254	0	610	0	0	0	282	0	9110	1434	3574	1584	0	0	0	108	0	0	4856	5520	1898	0	294	0	0	0	432	0	0	0	112	112	0	0	0	0	0	0	0	0	0	0	0	0	0	0	0	0	0	0	0	0	0	0	0	0	0	0	
191592	Cingulum_Post_R	2436	3276	166	192	0	0	172	122	0	0	0	376	0	0	0	0	0	828	142	5288	0	0	0	0	0	0	0	0	824	1758	0	108	772	6454	9686	0	4030	11180	1332	894	0	0	0	738	0	394	120	2108	0	100	0	0	0	1754	564	1910	0	2016	0	0	0	106	0	142	0	0	430	7670	620	5126	100	0	0	1762	0	0	6304	10594	1310	0	174	232	0	0	0	288	0	0	0	588	0	0	0	0	0	0	0	0	0	0	0	0	0	0	0	0	0	0	0	0	610	0	0	0	0	0	
255160	Hippocampus_L	7892	586	2484	156	0	0	926	114	0	0	1382	0	136	0	412	0	2920	0	1912	150	332	0	0	0	0	0	0	0	13858	0	0	0	0	0	8998	4030	0	3710	12256	538	5162	0	2176	0	0	0	4574	134	0	0	0	0	0	0	12008	0	1374	0	0	0	0	0	0	0	0	0	6464	874	238	0	664	160	4534	136	0	0	8524	3874	3550	0	3128	0	1278	0	1000	0	612	0	3678	0	0	0	0	0	0	0	386	0	260	0	0	0	0	0	0	0	0	0	0	0	0	0	0	0	0	0	
321868	Hippocampus_R	1124	5126	172	882	0	0	156	1154	0	0	0	966	0	0	0	260	0	1768	0	1104	0	1118	0	208	0	0	0	0	806	6626	0	344	0	296	4456	11180	3710	0	1146	23008	0	7350	0	2262	0	0	106	5690	0	194	0	348	0	3138	500	22268	0	1206	0	120	0	0	0	1064	0	0	164	7126	0	448	94	330	0	8710	0	276	3830	10110	1260	2652	164	2470	0	384	0	1126	0	0	0	7972	0	258	0	0	0	0	0	2096	0	970	0	0	0	0	0	0	0	0	0	0	638	0	0	0	0	0	
96420	ParaHippocampal_L	986	0	282	0	0	0	0	0	0	0	0	0	0	0	0	0	0	0	232	0	278	0	0	0	0	0	0	0	1180	0	0	0	0	0	3460	1332	12256	1146	0	364	1284	0	1680	0	0	0	4376	0	0	0	128	0	0	0	6734	0	0	0	0	0	0	0	0	0	0	0	3608	568	0	0	0	0	534	0	0	0	2392	1204	0	0	166	0	1522	0	0	0	2052	0	208	0	0	0	0	0	0	0	238	0	0	0	0	0	0	0	0	0	0	0	0	0	0	0	0	0	0	0	
150648	ParaHippocampal_R	0	114	0	228	0	0	0	0	0	0	0	102	0	0	0	326	0	326	0	272	0	820	0	116	0	0	0	0	0	1588	0	152	0	0	462	894	538	23008	364	0	0	6878	0	614	0	0	0	3480	0	0	0	0	0	0	212	16198	0	0	0	0	0	0	0	0	0	0	0	1948	0	0	0	152	0	4248	0	188	376	1486	0	902	0	496	0	2806	0	182	0	872	0	1662	0	158	0	0	0	0	0	2690	0	466	0	0	0	0	0	0	0	0	0	0	0	0	0	0	0	0	
26336	Amygdala_L	0	0	0	0	0	0	0	0	0	0	0	0	0	0	398	0	0	0	0	0	474	0	0	0	0	0	0	0	950	0	0	0	0	0	0	0	5162	0	1284	0	0	0	0	0	0	0	0	0	0	0	0	0	0	0	2438	0	0	0	0	0	0	0	0	0	0	0	0	0	0	0	0	0	0	0	0	0	0	0	0	0	0	0	944	0	288	0	590	0	640	0	0	0	0	0	0	0	0	0	0	0	0	0	0	0	0	0	0	0	0	0	0	0	0	0	0	0	
48308	Amygdala_R	0	0	0	0	0	0	0	0	0	0	0	0	0	0	0	110	0	0	0	0	0	1520	0	0	0	0	0	0	0	1414	0	0	0	0	0	0	0	7350	0	6878	0	0	0	0	0	0	0	0	0	0	0	0	0	0	0	3626	0	0	0	0	0	0	0	0	0	0	0	0	0	0	0	0	0	1550	0	0	0	0	0	0	0	0	0	1706	0	0	0	0	0	0	0	0	0	0	0	0	0	0	0	0	0	0	0	0	0	0	0	0	0	0	0	0	0	0	0	0	
254096	Calcarine_L	240	0	0	0	0	0	0	0	0	0	0	0	0	0	0	0	138	0	0	0	0	0	0	0	0	0	0	0	112	0	0	0	446	0	5008	0	2176	0	1680	0	0	0	0	5934	9220	4350	11716	1598	8294	1620	32616	398	8050	128	4760	0	216	0	330	0	696	0	166	0	2662	0	15760	0	648	0	0	0	0	0	0	0	0	0	520	0	218	0	0	0	6594	0	0	0	754	0	0	0	0	0	0	0	0	0	0	0	0	0	0	0	0	0	0	0	0	0	0	0	0	0	0	0	
358988	Calcarine_R	0	236	0	0	0	0	0	0	0	0	0	0	0	0	0	0	0	0	0	110	0	0	0	0	0	0	0	0	0	0	0	0	124	702	0	738	0	2262	0	614	0	0	5934	0	4672	24036	1226	26188	258	26400	0	23348	0	11360	0	14090	0	1684	0	126	0	0	0	300	0	1252	106	17622	0	1128	0	0	0	0	0	0	0	0	0	526	0	494	0	0	0	6436	0	0	0	5600	0	234	0	0	0	0	116	372	238	422	0	0	0	0	0	0	0	0	0	0	192	348	0	0	0	0	
149424	Cuneus_L	0	0	0	0	0	0	0	0	0	0	0	0	0	0	0	0	0	0	0	0	0	0	0	0	0	0	0	0	0	0	0	0	194	0	1096	0	0	0	0	0	0	0	9220	4672	0	6706	532	346	17738	1826	10362	458	1676	172	634	0	148	0	3068	0	374	0	0	0	220	0	12224	1170	460	0	0	0	0	0	0	0	0	0	0	0	0	0	0	0	1186	0	0	0	230	0	0	0	0	0	0	0	0	0	0	0	0	0	0	0	0	0	0	0	0	0	0	0	0	0	0	0	
217448	Cuneus_R	0	0	0	0	0	0	0	0	0	0	0	0	0	0	0	0	0	0	0	728	0	0	0	0	0	0	0	0	0	0	0	0	132	2484	0	394	0	0	0	0	0	0	4350	24036	6706	0	382	5352	460	27568	0	6884	0	2044	0	1206	0	1088	0	1102	0	0	0	0	0	284	3356	18384	0	822	0	0	0	0	0	0	0	0	0	0	0	0	0	0	0	432	0	0	0	530	0	0	0	0	0	0	0	0	0	0	0	0	0	0	0	0	0	0	0	0	0	0	0	0	0	0	
245552	Lingual_L	426	0	0	0	0	0	0	0	0	0	0	0	0	0	0	0	0	0	0	0	0	0	0	0	0	0	0	0	0	0	0	0	0	0	1576	120	4574	106	4376	0	0	0	11716	1226	532	382	0	3676	2350	236	10254	0	3162	0	18392	368	0	0	0	0	0	0	0	0	0	0	5070	0	0	0	0	0	0	0	0	0	732	108	0	0	0	0	0	0	604	0	0	0	0	0	10884	1530	610	688	140	0	7366	2484	16652	3054	0	0	0	0	0	0	0	0	0	0	2632	5692	1058	0	0	0	
366612	Lingual_R	0	0	0	0	0	0	0	0	0	0	0	0	0	0	0	0	0	0	0	0	0	0	0	0	0	0	0	0	0	0	0	0	0	0	134	2108	134	5690	0	3480	0	0	1598	26188	346	5352	3676	0	0	10138	0	9046	0	7152	1398	22474	0	444	0	0	0	0	0	0	0	116	0	11442	0	352	0	0	0	0	0	0	198	414	0	0	0	0	0	0	0	1042	0	0	0	1492	1876	10304	404	1076	0	268	3242	10864	5694	14888	0	0	0	92	0	0	0	0	188	348	7024	9756	2706	162	0	0	
210904	Occipital_Sup_L	0	0	0	0	0	0	0	0	0	0	0	0	0	0	0	0	0	0	0	0	0	0	0	0	0	0	0	0	0	0	0	0	434	0	786	0	0	0	0	0	0	0	8294	258	17738	460	2350	0	0	100	35544	0	1434	0	228	0	102	0	9760	0	9110	0	0	0	4134	0	12766	178	178	0	0	0	0	0	0	0	0	0	0	0	0	0	0	0	1224	0	0	0	374	0	0	0	0	0	0	0	0	0	0	0	0	0	0	0	0	0	0	0	0	0	0	0	0	0	0	0	
247252	Occipital_Sup_R	0	190	0	0	0	0	0	0	0	0	0	0	0	0	0	0	0	0	0	406	0	0	0	0	0	0	0	0	0	0	0	0	192	1662	0	100	0	194	0	0	0	0	1620	26400	1826	27568	236	10138	100	0	0	26174	0	3886	0	2232	0	1250	0	1094	0	788	0	206	0	4656	570	9094	0	820	0	0	0	0	0	0	0	0	0	0	0	212	0	0	0	1116	0	0	0	896	0	0	0	0	0	0	0	0	0	0	0	0	0	0	0	0	0	0	0	0	0	0	0	0	0	0	
407820	Occipital_Mid_L	132	250	0	0	0	0	0	0	0	0	0	0	0	0	0	0	174	0	0	0	0	0	0	0	0	0	0	0	0	0	0	0	1212	0	2088	0	0	0	128	0	0	0	32616	0	10362	0	10254	0	35544	0	0	0	13650	0	4422	0	672	0	8794	0	13692	0	600	0	22014	0	14094	0	3088	0	0	0	0	0	0	0	0	0	750	0	512	0	0	0	24072	0	0	0	4790	0	0	0	0	0	0	0	0	0	0	0	0	0	0	0	0	0	0	0	0	0	0	0	0	0	0	0	
264420	Occipital_Mid_R	0	0	0	0	0	0	0	0	0	0	0	0	0	0	0	0	0	0	0	0	0	0	0	0	0	0	0	0	0	0	0	0	142	494	0	0	0	348	0	0	0	0	398	23348	458	6884	0	9046	0	26174	0	0	0	9110	0	6092	0	532	0	1530	0	4906	0	284	0	19682	0	4520	0	478	0	0	0	0	0	0	0	0	0	242	0	974	0	0	0	13294	0	0	0	3274	0	0	0	0	0	0	0	0	0	0	0	0	0	0	0	0	0	0	0	0	0	0	0	0	0	0	
84388	Occipital_Inf_L	104	0	0	0	0	0	0	0	0	0	0	0	0	0	0	0	0	0	0	0	0	0	0	0	0	0	0	0	0	0	0	0	0	0	568	0	0	0	0	0	0	0	8050	0	1676	0	3162	0	1434	0	13650	0	0	0	4710	0	108	0	0	0	0	0	0	0	0	0	1928	0	356	0	0	0	0	0	0	0	0	0	378	0	0	0	0	0	3404	0	0	0	2666	0	0	0	0	0	0	0	0	0	0	0	0	0	0	0	0	0	0	0	0	0	0	0	0	0	0	0	
166580	Occipital_Inf_R	0	994	0	0	0	0	0	0	0	0	0	0	0	0	0	0	0	180	0	358	0	0	0	0	0	0	0	0	0	0	0	0	0	392	258	1754	0	3138	0	0	0	0	128	11360	172	2044	0	7152	0	3886	0	9110	0	0	0	18202	0	1308	0	0	0	0	0	490	0	92	0	5554	0	628	0	0	0	0	0	0	0	0	0	1114	0	828	0	0	0	1840	0	0	0	10484	0	118	0	0	0	0	98	360	104	684	0	0	0	0	0	0	0	0	0	0	156	304	0	0	0	0	
337704	Fusiform_L	574	0	546	0	0	0	0	0	0	0	0	0	0	0	0	0	96	0	422	0	0	0	0	0	0	0	0	0	2272	0	0	0	0	0	1932	564	12008	500	6734	212	2438	0	4760	0	634	0	18392	1398	228	0	4422	0	4710	0	0	100	0	0	0	0	0	0	0	0	0	0	3004	342	200	0	0	0	604	0	0	0	1202	482	2486	0	3162	0	3178	0	4342	0	3134	0	12156	0	23344	624	4640	352	0	0	7800	1176	26420	1368	604	0	630	0	0	0	0	0	0	0	1334	2768	558	0	0	0	
409504	Fusiform_R	0	1088	0	0	0	0	0	96	0	0	0	0	0	0	0	0	0	208	0	366	0	0	0	0	0	0	0	0	0	1330	0	0	0	376	276	1910	0	22268	0	16198	0	3626	0	14090	0	1206	368	22474	0	2232	0	6092	0	18202	100	0	0	1266	0	0	0	0	0	588	0	0	0	6568	0	756	0	0	0	1162	0	0	0	196	0	2204	0	1744	0	4996	0	3604	0	1526	0	17498	132	12380	0	1032	0	0	1732	10644	1592	16044	0	0	0	672	0	158	0	0	0	0	3626	2126	0	0	0	0	
287240	Postcentral_L	27226	3620	9236	1224	0	0	1168	2296	0	0	6480	0	0	0	0	0	8084	0	6736	1408	0	0	0	0	0	0	0	0	3608	0	128	0	158	388	490	0	1374	0	0	0	0	0	216	0	148	0	0	0	102	0	672	0	108	0	0	0	0	0	7352	0	23542	0	10904	0	1156	0	4008	0	7054	0	148	122	316	0	92	0	440	0	1318	0	4856	0	130	0	3942	0	0	0	3370	0	0	0	0	0	0	0	0	0	0	0	0	0	0	0	0	0	0	0	0	0	0	0	0	0	0	0	
149964	Postcentral_R	0	11048	0	1306	0	0	0	1766	0	0	0	886	0	0	0	0	0	2530	0	2148	0	0	0	0	0	0	0	0	0	1424	0	0	0	2048	198	2016	0	1206	0	0	0	0	0	1684	0	1088	0	444	0	1250	0	532	0	1308	0	1266	0	0	0	5790	0	1296	0	12486	0	128	182	8010	0	8344	0	386	0	412	0	0	0	184	0	120	0	556	0	0	0	1308	0	0	0	1632	0	0	0	0	0	0	0	0	0	0	0	0	0	0	0	0	0	0	0	0	0	0	0	0	0	0	
129584	Parietal_Sup_L	0	0	0	0	0	0	0	0	0	0	0	0	0	0	0	0	134	0	0	0	0	0	0	0	0	0	0	0	0	0	0	0	294	0	254	0	0	0	0	0	0	0	330	0	3068	0	0	0	9760	0	8794	0	0	0	0	0	7352	0	0	0	15246	0	0	0	1120	0	12738	0	330	0	0	0	0	0	0	0	0	0	0	0	194	0	0	0	2610	0	0	0	2568	0	0	0	0	0	0	0	0	0	0	0	0	0	0	0	0	0	0	0	0	0	0	0	0	0	0	0	
71768	Parietal_Sup_R	0	642	0	0	0	0	0	546	0	0	0	166	0	0	0	0	0	140	0	0	0	0	0	0	0	0	0	0	0	0	0	0	0	0	0	0	0	120	0	0	0	0	0	126	0	1102	0	0	0	1094	0	1530	0	0	0	0	0	5790	0	0	0	5776	0	3988	0	2346	846	8108	0	0	0	0	0	0	0	0	0	0	0	0	0	594	0	0	0	1028	0	0	0	1942	0	0	0	0	0	0	0	0	0	0	0	0	0	0	0	0	0	0	0	0	0	0	0	0	0	0	
249752	Parietal_Inf_L	5022	916	700	402	0	0	714	640	0	0	3844	0	0	0	0	0	1728	0	366	374	0	0	0	0	0	0	0	0	1228	0	94	0	240	122	610	0	0	0	0	0	0	0	696	0	374	0	0	0	9110	0	13692	0	0	0	0	0	23542	0	15246	0	0	0	14036	0	11628	0	4328	0	1374	150	98	0	130	0	0	0	108	0	0	0	2190	0	170	0	6036	0	0	0	4968	0	0	0	0	0	0	0	0	0	0	0	0	0	0	0	0	0	0	0	0	0	0	0	0	0	0	0	
73488	Parietal_Inf_R	0	2638	0	150	0	0	0	1064	0	0	0	302	0	0	0	0	0	274	0	118	0	0	0	0	0	0	0	0	0	0	0	0	0	0	0	106	0	0	0	0	0	0	0	0	0	0	0	0	0	788	0	4906	0	0	0	0	0	1296	0	5776	0	0	0	8898	0	8534	0	452	0	0	0	0	0	0	0	0	0	0	0	142	0	0	0	0	0	280	0	0	0	1020	0	0	0	0	0	0	0	0	0	0	0	0	0	0	0	0	0	0	0	0	0	0	0	0	0	0	
134824	SupraMarginal_L	1604	170	1432	0	0	0	194	192	0	0	1254	0	0	0	0	0	3242	0	1326	0	0	0	0	0	0	0	0	0	1218	0	0	0	0	0	0	0	0	0	0	0	0	0	166	0	0	0	0	0	0	0	600	0	0	0	0	0	10904	0	0	0	14036	0	0	0	8778	0	92	0	180	0	0	0	0	0	0	0	0	0	198	0	10388	0	0	0	8880	0	0	0	2558	0	0	0	0	0	0	0	0	0	0	0	0	0	0	0	0	0	0	0	0	0	0	0	0	0	0	0	
105352	SupraMarginal_R	0	4240	0	288	0	0	0	1302	0	0	0	230	0	0	0	0	0	3224	0	244	0	0	0	0	0	0	0	0	0	1260	0	0	0	0	0	142	0	1064	0	0	0	0	0	300	0	0	0	0	0	206	0	284	0	490	0	588	0	12486	0	3988	0	8898	0	0	0	3356	0	1752	0	0	0	0	0	184	0	0	0	100	0	992	0	4088	0	0	0	688	0	0	0	2282	0	0	0	0	0	0	0	0	0	0	0	0	0	0	0	0	0	0	0	0	0	0	0	0	0	0	
145240	Angular_L	0	0	0	0	0	0	0	0	0	0	0	0	0	0	0	0	0	0	0	0	0	0	0	0	0	0	0	0	0	0	0	0	0	0	282	0	0	0	0	0	0	0	2662	0	220	0	0	0	4134	0	22014	0	0	0	0	0	1156	0	1120	0	11628	0	8778	0	0	0	726	0	200	0	0	0	0	0	0	0	0	0	0	0	1878	0	0	0	13880	0	0	0	3942	0	0	0	0	0	0	0	0	0	0	0	0	0	0	0	0	0	0	0	0	0	0	0	0	0	0	0	
103700	Angular_R	0	0	0	0	0	0	0	0	0	0	0	0	0	0	0	0	0	0	0	0	0	0	0	0	0	0	0	0	0	0	0	0	0	0	0	0	0	0	0	0	0	0	0	1252	0	284	0	116	0	4656	0	19682	0	92	0	0	0	128	0	2346	0	8534	0	3356	0	0	0	964	0	0	0	0	0	0	0	0	0	0	0	272	0	1588	0	0	0	6282	0	0	0	2298	0	0	0	0	0	0	0	0	0	0	0	0	0	0	0	0	0	0	0	0	0	0	0	0	0	0	
275132	Precuneus_L	1624	0	0	0	0	0	0	0	0	0	0	0	0	0	0	0	210	0	0	0	0	0	0	0	0	0	0	0	478	0	0	0	2558	312	9110	430	6464	164	3608	0	0	0	15760	106	12224	3356	5070	0	12766	570	14094	0	1928	0	3004	0	4008	182	12738	846	4328	0	92	0	726	0	0	8204	3270	158	0	0	0	0	0	0	252	130	748	0	474	0	0	0	4462	156	0	0	2728	228	0	0	0	0	0	0	0	0	0	0	0	0	0	0	0	0	0	0	0	0	0	0	0	0	0	0	
300020	Precuneus_R	0	450	0	0	0	0	0	0	0	0	0	0	0	0	0	0	0	0	0	1602	0	0	0	0	0	0	0	0	0	0	0	0	642	5166	1434	7670	874	7126	568	1948	0	0	0	17622	1170	18384	0	11442	178	9094	0	4520	0	5554	342	6568	0	8010	0	8108	0	452	0	1752	0	964	8204	0	0	6148	0	0	0	0	0	0	662	1162	0	192	0	864	0	0	0	4690	0	0	0	5456	0	0	0	0	0	0	0	186	0	0	0	0	0	0	0	0	0	0	0	0	806	0	0	0	0	0	
156564	Paracentral_Lobule_L	9078	3676	328	3566	0	0	104	248	0	0	106	0	0	0	0	0	620	0	9976	7688	0	0	0	0	0	0	0	0	212	0	0	0	2482	4976	3574	620	238	0	0	0	0	0	648	0	460	0	0	0	178	0	3088	0	356	0	200	0	7054	0	330	0	1374	0	180	0	200	0	3270	0	0	3676	260	0	210	0	752	0	510	0	0	0	1042	0	0	0	4366	0	0	0	2636	0	0	0	0	0	0	0	0	0	0	0	0	0	0	0	0	0	0	0	0	0	0	0	0	0	0	0	
111180	Paracentral_Lobule_R	2216	6334	0	0	0	0	0	0	0	0	0	0	0	0	0	0	0	0	102	8700	0	0	0	0	0	0	0	0	0	0	0	0	138	6826	1584	5126	0	448	0	0	0	0	0	1128	0	822	0	352	0	820	0	478	0	628	0	756	0	8344	0	0	150	0	0	0	0	0	158	6148	3676	0	0	0	0	0	0	0	0	0	0	0	0	0	0	0	0	358	0	0	0	298	0	0	0	0	0	0	0	0	0	0	0	0	0	0	0	0	0	0	0	0	0	0	0	0	0	0	
316740	Caudate_L	1138	1044	7296	6238	574	0	1004	4120	0	0	2052	6692	616	2598	232	0	174	1856	5244	5330	4472	4392	662	1758	652	366	1574	1006	1032	3748	24062	5804	170	546	0	100	664	94	0	0	0	0	0	0	0	0	0	0	0	0	0	0	0	0	0	0	148	0	0	0	98	0	0	0	0	0	0	0	260	0	0	11244	29108	1500	2394	150	11694	3836	92	0	0	0	0	536	0	0	0	0	0	0	0	0	0	0	0	0	0	0	0	0	0	0	0	0	0	0	0	0	0	0	0	0	0	0	0	0	
347128	Caudate_R	1320	4474	616	18034	0	1050	236	480	0	0	214	6250	0	2102	0	634	0	2634	476	20254	1508	3766	0	11266	0	2700	0	1184	216	4966	5930	25860	0	1166	0	0	160	330	0	152	0	0	0	0	0	0	0	0	0	0	0	0	0	0	0	0	122	386	0	0	0	0	0	0	0	0	0	0	0	0	11244	0	3392	18838	316	1304	3472	16170	0	0	0	0	0	342	0	0	0	0	0	0	0	0	0	0	0	0	0	0	0	0	0	0	0	0	0	0	0	0	0	0	0	0	0	0	0	0	
358720	Putamen_L	3834	698	19764	5604	4952	0	4044	3128	892	0	4230	2952	2024	168	3026	0	1454	1748	9634	5264	2700	2458	1392	504	640	192	1610	596	15310	2060	23306	2170	150	196	0	0	4534	0	534	0	0	0	0	0	0	0	0	0	0	0	0	0	0	0	604	0	316	0	0	0	130	0	0	0	0	0	0	0	210	0	29108	3392	0	1026	6220	206	2306	1530	136	0	792	0	948	514	0	0	0	0	154	0	0	0	0	0	0	0	0	0	0	0	0	0	0	0	0	0	0	0	0	0	0	0	0	0	0	0	
267648	Putamen_R	0	2238	148	8780	0	878	0	964	0	0	0	5666	0	1320	0	1094	0	8170	216	5518	0	1796	0	8978	0	2642	0	698	0	19210	2978	14484	0	222	108	1762	136	8710	0	4248	0	1550	0	0	0	0	0	0	0	0	0	0	0	0	0	1162	0	412	0	0	0	0	0	184	0	0	0	0	0	0	1500	18838	1026	0	0	1538	0	4326	0	0	0	1138	0	932	0	0	0	0	0	0	0	0	0	0	0	0	0	254	0	0	0	0	0	0	0	0	0	0	0	0	0	0	0	0	0	0	
41328	Pallidum_L	902	496	3802	234	0	0	1344	202	0	0	256	0	0	0	0	0	0	0	1322	228	0	0	0	0	0	0	0	0	0	0	0	104	0	0	0	0	0	0	0	0	0	0	0	0	0	0	0	0	0	0	0	0	0	0	0	0	92	0	0	0	0	0	0	0	0	0	0	0	752	0	2394	316	6220	0	0	0	1820	180	0	0	0	0	0	0	0	0	0	0	0	0	0	0	0	0	0	0	0	0	0	0	0	0	0	0	0	0	0	0	0	0	0	0	0	0	0	0	
17104	Pallidum_R	0	748	0	660	0	0	0	344	0	0	0	998	0	0	0	0	0	998	0	598	0	0	0	0	0	0	0	0	0	118	202	110	0	0	0	0	0	276	0	188	0	0	0	0	0	0	0	0	0	0	0	0	0	0	0	0	0	0	0	0	0	0	0	0	0	0	0	0	0	0	150	1304	206	1538	0	0	0	0	0	0	0	114	0	0	0	0	0	0	0	0	0	0	0	0	0	0	0	0	0	0	0	0	0	0	0	0	0	0	0	0	0	0	0	0	0	0	
196012	Thalamus_L	13644	4194	1244	184	0	0	1592	0	0	0	728	0	0	0	0	0	916	0	706	210	0	0	0	98	0	0	0	0	4092	108	162	334	0	0	4856	6304	8524	3830	2392	376	0	0	0	0	0	0	732	198	0	0	0	0	0	0	1202	0	440	0	0	0	108	0	0	0	0	0	252	662	510	0	11694	3472	2306	0	1820	0	0	17828	1722	0	566	0	0	0	0	0	0	0	0	0	0	0	0	0	0	0	0	0	0	0	0	0	0	0	0	0	0	0	0	0	0	0	0	0	0	0	
247944	Thalamus_R	3620	12198	782	5460	0	0	338	1898	0	0	130	1558	0	266	0	0	0	1744	624	5596	0	0	0	366	0	0	0	0	886	3084	1496	1064	0	1404	5520	10594	3874	10110	1204	1486	0	0	0	0	0	0	108	414	0	0	0	0	0	0	482	196	0	184	0	0	0	0	0	100	0	0	130	1162	0	0	3836	16170	1530	4326	180	0	17828	0	1310	0	184	204	0	198	0	0	0	0	0	0	0	0	0	0	0	0	0	0	0	0	0	0	0	0	0	0	0	0	0	0	128	0	0	0	0	0	
79376	Heschl_L	2648	228	1468	0	0	0	302	0	0	0	406	0	0	0	0	0	4292	0	1004	0	0	0	0	0	0	0	0	0	5276	0	0	0	0	0	1898	1310	3550	1260	0	0	0	0	520	0	0	0	0	0	0	0	750	0	378	0	2486	0	1318	0	0	0	0	0	198	0	0	0	748	0	0	0	92	0	136	0	0	0	1722	1310	0	0	2318	0	112	0	1348	0	0	0	2610	0	0	0	0	0	0	0	0	0	0	0	0	0	0	0	0	0	0	0	0	0	0	0	0	0	0	0	
37336	Heschl_R	0	0	0	0	0	0	0	0	0	0	0	0	0	0	0	0	0	832	0	0	0	0	0	0	0	0	0	0	0	1206	0	0	0	0	0	0	0	2652	0	902	0	0	0	526	0	0	0	0	0	0	0	242	0	1114	0	2204	0	120	0	0	0	142	0	992	0	272	0	192	0	0	0	0	0	0	0	0	0	0	0	0	0	4744	0	0	0	408	0	0	0	1926	0	0	0	0	0	0	0	194	0	0	0	0	0	0	0	0	0	0	0	0	0	0	0	0	0	0	
255540	Temporal_Sup_L	4218	0	6170	0	0	0	180	104	0	0	6594	0	398	0	142	0	15388	0	5352	0	0	0	0	0	0	0	0	0	13148	0	228	0	0	0	294	174	3128	164	166	0	0	0	218	0	0	0	0	0	0	0	512	0	0	0	3162	0	4856	0	194	0	2190	0	10388	0	1878	0	474	0	1042	0	0	0	792	0	0	0	566	184	2318	0	0	0	3866	0	23916	0	0	0	15366	0	0	0	0	0	0	0	0	0	0	0	0	0	0	0	0	0	0	0	0	0	0	0	0	0	0	0	
86712	Temporal_Sup_R	0	574	0	0	0	0	0	0	0	0	0	94	0	0	0	908	0	2440	0	0	0	0	0	0	0	0	0	0	0	2786	0	0	0	0	0	232	0	2470	0	496	0	0	0	494	0	0	0	0	0	212	0	974	0	828	0	1744	0	556	0	594	0	0	0	4088	0	1588	0	864	0	0	0	0	0	1138	0	114	0	204	0	4744	0	0	0	1696	0	8170	0	108	0	5240	0	0	0	0	0	0	0	0	0	0	0	0	0	0	0	0	0	0	0	0	0	0	0	0	0	0	
90028	Temporal_Pole_Sup_L	430	0	2348	0	306	0	0	0	0	0	2832	0	502	0	1166	0	2678	0	2128	0	558	0	0	0	0	0	0	0	4828	0	0	0	0	0	0	0	1278	0	1522	0	944	0	0	0	0	0	0	0	0	0	0	0	0	0	3178	0	130	0	0	0	170	0	0	0	0	0	0	0	0	0	0	0	948	0	0	0	0	0	112	0	3866	0	0	0	5312	0	5262	0	4516	0	0	0	0	0	0	0	0	0	0	0	0	0	0	0	0	0	0	0	0	0	0	0	0	0	0	0	
64096	Temporal_Pole_Sup_R	0	0	0	1104	0	0	0	556	0	0	258	1978	0	0	0	1320	0	2992	0	1006	0	0	0	0	0	0	0	0	0	3082	426	268	0	0	0	0	0	384	0	2806	0	1706	0	0	0	0	0	0	0	0	0	0	0	0	0	4996	0	0	0	0	0	0	0	0	0	0	0	0	0	0	536	342	514	932	0	0	0	198	0	0	0	1696	0	0	0	618	0	2750	0	1580	0	0	0	0	0	0	0	0	0	0	0	0	0	0	0	0	0	0	0	0	0	0	0	0	0	0	
349284	Temporal_Mid_L	244	234	102	0	0	0	0	0	0	0	0	0	0	0	0	0	1634	0	0	0	0	0	0	0	0	0	0	0	946	0	0	0	1094	0	432	0	1000	0	0	0	288	0	6594	0	1186	0	604	0	1224	0	24072	0	3404	0	4342	0	3942	0	2610	0	6036	0	8880	0	13880	0	4462	0	4366	0	0	0	0	0	0	0	0	0	1348	0	23916	0	5312	0	0	0	3844	0	48646	0	0	0	0	0	0	0	0	0	0	0	0	0	0	0	0	0	0	0	0	0	0	0	0	0	0	0	
153992	Temporal_Mid_R	0	202	0	0	0	0	0	0	0	0	0	0	0	0	0	178	0	104	0	104	0	0	0	0	0	0	0	0	0	200	0	0	0	314	0	288	0	1126	0	182	0	0	0	6436	0	432	0	1042	0	1116	0	13294	0	1840	0	3604	0	1308	0	1028	0	280	0	688	0	6282	156	4690	0	358	0	0	0	0	0	0	0	0	0	408	0	8170	0	618	0	0	0	450	0	22098	0	0	0	0	0	0	0	0	0	0	0	0	0	0	0	0	0	0	0	0	0	0	0	0	0	0	
40668	Temporal_Pole_Mid_L	0	0	96	0	0	0	0	0	0	0	0	0	0	0	0	0	0	0	0	0	0	0	0	0	0	0	0	0	330	0	0	0	0	0	0	0	612	0	2052	0	590	0	0	0	0	0	0	0	0	0	0	0	0	0	3134	0	0	0	0	0	0	0	0	0	0	0	0	0	0	0	0	0	0	0	0	0	0	0	0	0	0	0	5262	0	3844	0	0	0	4414	0	0	0	0	0	0	0	0	0	0	0	0	0	0	0	0	0	0	0	0	0	0	0	0	0	0	0	
13664	Temporal_Pole_Mid_R	0	0	0	0	0	0	0	0	0	0	0	0	0	0	0	128	0	0	0	0	0	0	0	0	0	0	0	0	0	0	0	0	0	0	0	0	0	0	0	872	0	0	0	0	0	0	0	0	0	0	0	0	0	0	0	1526	0	0	0	0	0	0	0	0	0	0	0	0	0	0	0	0	0	0	0	0	0	0	0	0	0	108	0	2750	0	450	0	0	0	998	0	0	0	0	0	0	0	0	0	0	0	0	0	0	0	0	0	0	0	0	0	0	0	0	0	0	
261056	Temporal_Inf_L	0	0	152	0	0	0	0	0	0	0	0	0	0	0	0	0	1000	0	118	0	0	0	0	0	0	0	0	0	1124	0	0	0	774	0	112	0	3678	0	208	0	640	0	754	0	230	0	0	0	374	0	4790	0	2666	0	12156	0	3370	0	2568	0	4968	0	2558	0	3942	0	2728	0	2636	0	0	0	154	0	0	0	0	0	2610	0	15366	0	4516	0	48646	0	4414	0	0	0	2090	0	402	0	0	0	188	0	596	0	0	0	0	0	0	0	0	0	0	0	0	0	0	0	0	0	
198488	Temporal_Inf_R	0	578	0	0	0	0	0	0	0	0	0	0	0	0	0	0	0	150	0	114	0	0	0	0	0	0	0	0	0	528	0	0	0	146	112	588	0	7972	0	1662	0	0	0	5600	0	530	0	1492	0	896	0	3274	0	10484	0	17498	0	1632	0	1942	0	1020	0	2282	0	2298	228	5456	0	298	0	0	0	0	0	0	0	0	0	1926	0	5240	0	1580	0	22098	0	998	0	0	0	494	0	0	0	0	0	0	0	128	0	0	0	0	0	0	0	0	0	0	0	0	0	0	0	0	
427380	Cerebelum_Crus1_L	0	0	0	0	0	0	0	0	0	0	0	0	0	0	0	0	0	0	0	0	0	0	0	0	0	0	0	0	0	0	0	0	0	0	0	0	0	0	0	0	0	0	0	0	0	0	10884	1876	0	0	0	0	0	0	23344	132	0	0	0	0	0	0	0	0	0	0	0	0	0	0	0	0	0	0	0	0	0	0	0	0	0	0	0	0	0	0	0	0	2090	0	0	3050	41880	4280	798	396	21528	1282	53840	3298	10212	1366	11772	2294	1322	248	208	0	0	376	3078	6226	6694	658	412	146	
471192	Cerebelum_Crus1_R	0	0	0	0	0	0	0	0	0	0	0	0	0	0	0	0	0	0	0	0	0	0	0	0	0	0	0	0	0	0	0	0	0	0	0	0	0	258	0	158	0	0	0	234	0	0	1530	10304	0	0	0	0	0	118	624	12380	0	0	0	0	0	0	0	0	0	0	0	0	0	0	0	0	0	0	0	0	0	0	0	0	0	0	0	0	0	0	0	0	0	494	3050	0	2382	35570	222	1954	3256	27500	4108	58384	982	6302	1126	20968	282	3948	0	1756	182	1108	12804	10846	10198	1610	958	0	
347436	Cerebelum_Crus2_L	0	0	0	0	0	0	0	0	0	0	0	0	0	0	0	0	0	0	0	0	0	0	0	0	0	0	0	0	0	0	0	0	0	0	0	0	0	0	0	0	0	0	0	0	0	0	610	404	0	0	0	0	0	0	4640	0	0	0	0	0	0	0	0	0	0	0	0	0	0	0	0	0	0	0	0	0	0	0	0	0	0	0	0	0	0	0	0	0	402	0	41880	2382	0	9878	366	196	5444	242	13352	1058	34122	5828	29736	3600	3510	118	596	0	0	246	1042	1824	9272	2736	234	0	
331324	Cerebelum_Crus2_R	0	0	0	0	0	0	0	0	0	0	0	0	0	0	0	0	0	0	0	0	0	0	0	0	0	0	0	0	0	0	0	0	0	0	0	0	0	0	0	0	0	0	0	0	0	0	688	1076	0	0	0	0	0	0	352	1032	0	0	0	0	0	0	0	0	0	0	0	0	0	0	0	0	0	0	0	0	0	0	0	0	0	0	0	0	0	0	0	0	0	0	4280	35570	9878	0	0	760	422	1914	1692	12124	4138	24424	4380	32832	224	4886	0	1542	100	500	636	4342	14084	2810	976	0	
32072	Cerebelum_3_L	0	0	0	0	0	0	0	0	0	0	0	0	0	0	0	0	0	0	0	0	0	0	0	0	0	0	0	0	0	0	0	0	0	0	0	0	0	0	0	0	0	0	0	0	0	0	140	0	0	0	0	0	0	0	0	0	0	0	0	0	0	0	0	0	0	0	0	0	0	0	0	0	0	0	0	0	0	0	0	0	0	0	0	0	0	0	0	0	0	0	798	222	366	0	0	0	5196	276	998	490	172	0	544	0	1160	0	0	0	1002	2876	1330	116	102	112	136	0	
55988	Cerebelum_3_R	0	0	0	0	0	0	0	0	0	0	0	0	0	0	0	0	0	0	0	0	0	0	0	0	0	0	0	0	0	0	0	0	0	0	0	0	0	0	0	0	0	0	0	0	0	0	0	268	0	0	0	0	0	0	0	0	0	0	0	0	0	0	0	0	0	0	0	0	0	0	0	0	0	0	0	0	0	0	0	0	0	0	0	0	0	0	0	0	0	0	396	1954	196	760	0	0	510	4178	132	3882	0	0	204	1576	136	2016	0	0	516	4036	1230	332	1104	2320	2248	0	
274824	Cerebelum_4_5_L	0	0	0	0	0	0	0	0	0	0	0	0	0	0	0	0	0	0	0	0	0	0	0	0	0	0	0	0	0	0	0	0	0	0	0	0	386	0	238	0	0	0	0	116	0	0	7366	3242	0	0	0	0	0	98	7800	1732	0	0	0	0	0	0	0	0	0	0	0	0	0	0	0	0	0	0	0	0	0	0	0	0	0	0	0	0	0	0	0	0	188	0	21528	3256	5444	422	5196	510	0	4884	31810	6208	1010	0	3758	924	5022	742	134	0	408	1676	13560	4902	1402	1036	1272	1142	
298092	Cerebelum_4_5_R	0	0	0	0	0	0	0	0	0	0	0	0	0	0	0	0	0	0	0	0	0	0	0	0	0	0	0	0	0	104	0	0	0	0	0	0	0	2096	0	2690	0	0	0	372	0	0	2484	10864	0	0	0	0	0	360	1176	10644	0	0	0	0	0	0	0	0	0	0	0	186	0	0	0	0	0	254	0	0	0	0	0	194	0	0	0	0	0	0	0	0	0	0	1282	27500	242	1914	276	4178	4884	0	4212	39034	0	294	196	3548	328	1070	0	216	156	1734	18660	4236	1350	1090	1222	0	
416928	Cerebelum_6_L	0	0	0	0	0	0	0	0	0	0	0	0	0	0	0	0	0	0	0	0	0	0	0	0	0	0	0	0	0	0	0	0	0	0	0	0	260	0	0	0	0	0	0	238	0	0	16652	5694	0	0	0	0	0	104	26420	1592	0	0	0	0	0	0	0	0	0	0	0	0	0	0	0	0	0	0	0	0	0	0	0	0	0	0	0	0	0	0	0	0	596	0	53840	4108	13352	1692	998	132	31810	4212	0	6930	2068	190	5000	924	3160	634	178	0	130	370	8130	12280	4164	992	1058	556	
446916	Cerebelum_6_R	0	0	0	0	0	0	0	0	0	0	0	0	0	0	0	0	0	0	0	0	0	0	0	0	0	0	0	0	0	286	0	0	0	0	0	0	0	970	0	466	0	0	0	422	0	0	3054	14888	0	0	0	0	0	684	1368	16044	0	0	0	0	0	0	0	0	0	0	0	0	0	0	0	0	0	0	0	0	0	0	0	0	0	0	0	0	0	0	0	0	0	128	3298	58384	1058	12124	490	3882	6208	39034	6930	0	0	628	410	7412	496	1556	0	578	346	1626	19090	14168	5814	952	664	0	
232600	Cerebelum_7b_L	0	0	0	0	0	0	0	0	0	0	0	0	0	0	0	0	0	0	0	0	0	0	0	0	0	0	0	0	0	0	0	0	0	0	0	0	0	0	0	0	0	0	0	0	0	0	0	0	0	0	0	0	0	0	604	0	0	0	0	0	0	0	0	0	0	0	0	0	0	0	0	0	0	0	0	0	0	0	0	0	0	0	0	0	0	0	0	0	0	0	10212	982	34122	4138	172	0	1010	0	2068	0	0	3578	37014	3574	6060	0	1356	0	0	110	116	166	6084	4748	186	0	
165584	Cerebelum_7b_R	0	0	0	0	0	0	0	0	0	0	0	0	0	0	0	0	0	0	0	0	0	0	0	0	0	0	0	0	0	0	0	0	0	0	0	0	0	0	0	0	0	0	0	0	0	0	0	0	0	0	0	0	0	0	0	0	0	0	0	0	0	0	0	0	0	0	0	0	0	0	0	0	0	0	0	0	0	0	0	0	0	0	0	0	0	0	0	0	0	0	1366	6302	5828	24424	0	0	0	294	190	628	3578	0	3614	22626	0	3626	0	1090	0	0	0	198	6258	2500	270	0	
303028	Cerebelum_8_L	0	0	0	0	0	0	0	0	0	0	0	0	0	0	0	0	0	0	0	0	0	0	0	0	0	0	0	0	0	0	0	0	0	0	0	0	0	0	0	0	0	0	0	0	0	0	0	0	0	0	0	0	0	0	630	0	0	0	0	0	0	0	0	0	0	0	0	0	0	0	0	0	0	0	0	0	0	0	0	0	0	0	0	0	0	0	0	0	0	0	11772	1126	29736	4380	544	204	3758	196	5000	410	37014	3614	0	6648	20736	1368	2406	0	0	386	814	756	7832	8992	2790	402	
323732	Cerebelum_8_R	0	0	0	0	0	0	0	0	0	0	0	0	0	0	0	0	0	0	0	0	0	0	0	0	0	0	0	0	0	0	0	0	0	0	0	0	0	0	0	0	0	0	0	0	0	0	0	92	0	0	0	0	0	0	0	672	0	0	0	0	0	0	0	0	0	0	0	0	0	0	0	0	0	0	0	0	0	0	0	0	0	0	0	0	0	0	0	0	0	0	2294	20968	3600	32832	0	1576	924	3548	924	7412	3574	22626	6648	0	2246	19758	0	2442	120	1116	1826	1550	8206	10492	6074	346	
127716	Cerebelum_9_L	0	0	0	0	0	0	0	0	0	0	0	0	0	0	0	0	0	0	0	0	0	0	0	0	0	0	0	0	0	0	0	0	0	0	0	0	0	0	0	0	0	0	0	0	0	0	0	0	0	0	0	0	0	0	0	0	0	0	0	0	0	0	0	0	0	0	0	0	0	0	0	0	0	0	0	0	0	0	0	0	0	0	0	0	0	0	0	0	0	0	1322	282	3510	224	1160	136	5022	328	3160	496	6060	0	20736	2246	0	4270	3822	0	92	226	1762	750	572	2926	3684	1072	
154788	Cerebelum_9_R	0	0	0	0	0	0	0	0	0	0	0	0	0	0	0	0	0	0	0	0	0	0	0	0	0	0	0	0	0	0	0	0	0	0	0	0	0	0	0	0	0	0	0	0	0	0	0	0	0	0	0	0	0	0	0	158	0	0	0	0	0	0	0	0	0	0	0	0	0	0	0	0	0	0	0	0	0	0	0	0	0	0	0	0	0	0	0	0	0	0	248	3948	118	4886	0	2016	742	1070	634	1556	0	3626	1368	19758	4270	0	0	2816	906	2354	1344	2000	1532	8992	10666	2386	
17656	Cerebelum_10_L	0	0	0	0	0	0	0	0	0	0	0	0	0	0	0	0	0	0	0	0	0	0	0	0	0	0	0	0	0	0	0	0	0	0	0	0	0	0	0	0	0	0	0	0	0	0	0	0	0	0	0	0	0	0	0	0	0	0	0	0	0	0	0	0	0	0	0	0	0	0	0	0	0	0	0	0	0	0	0	0	0	0	0	0	0	0	0	0	0	0	208	0	596	0	0	0	134	0	178	0	1356	0	2406	0	3822	0	0	0	0	128	0	0	0	0	0	0	
27328	Cerebelum_10_R	0	0	0	0	0	0	0	0	0	0	0	0	0	0	0	0	0	0	0	0	0	0	0	0	0	0	0	0	0	0	0	0	0	0	0	0	0	0	0	0	0	0	0	0	0	0	0	0	0	0	0	0	0	0	0	0	0	0	0	0	0	0	0	0	0	0	0	0	0	0	0	0	0	0	0	0	0	0	0	0	0	0	0	0	0	0	0	0	0	0	0	1756	0	1542	0	0	0	216	0	578	0	1090	0	2442	0	2816	0	0	0	0	0	0	218	1494	1512	0	
27336	Vermis_1_2	0	0	0	0	0	0	0	0	0	0	0	0	0	0	0	0	0	0	0	0	0	0	0	0	0	0	0	0	0	0	0	0	0	0	0	0	0	0	0	0	0	0	0	0	0	0	0	188	0	0	0	0	0	0	0	0	0	0	0	0	0	0	0	0	0	0	0	0	0	0	0	0	0	0	0	0	0	0	0	0	0	0	0	0	0	0	0	0	0	0	0	182	0	100	1002	516	408	156	130	346	0	0	0	120	92	906	0	0	0	5890	1202	402	322	640	820	246	
70888	Vermis_3	0	0	0	0	0	0	0	0	0	0	0	0	0	0	0	0	0	0	0	0	0	0	0	0	0	0	0	0	0	0	0	0	0	0	0	0	0	0	0	0	0	0	0	0	0	0	0	348	0	0	0	0	0	0	0	0	0	0	0	0	0	0	0	0	0	0	0	0	0	0	0	0	0	0	0	0	0	0	0	0	0	0	0	0	0	0	0	0	0	0	376	1108	246	500	2876	4036	1676	1734	370	1626	110	0	386	1116	226	2354	128	0	5890	0	2974	828	1274	2354	2484	424	
244696	Vermis_4_5	0	0	0	0	0	0	0	0	0	0	0	0	0	0	0	0	0	0	0	0	0	0	0	0	0	0	0	0	0	0	0	0	0	0	0	610	0	638	0	0	0	0	0	192	0	0	2632	7024	0	0	0	0	0	156	1334	3626	0	0	0	0	0	0	0	0	0	0	0	806	0	0	0	0	0	0	0	0	0	128	0	0	0	0	0	0	0	0	0	0	0	0	3078	12804	1042	636	1330	1230	13560	18660	8130	19090	116	0	814	1826	1762	1344	0	0	1202	2974	0	7810	1672	1588	2090	2444	
219780	Vermis_6	0	0	0	0	0	0	0	0	0	0	0	0	0	0	0	0	0	0	0	0	0	0	0	0	0	0	0	0	0	0	0	0	0	0	0	0	0	0	0	0	0	0	0	348	0	0	5692	9756	0	0	0	0	0	304	2768	2126	0	0	0	0	0	0	0	0	0	0	0	0	0	0	0	0	0	0	0	0	0	0	0	0	0	0	0	0	0	0	0	0	0	0	6226	10846	1824	4342	116	332	4902	4236	12280	14168	166	198	756	1550	750	2000	0	0	402	828	7810	0	7342	1898	2932	2992	
216804	Vermis_7	0	0	0	0	0	0	0	0	0	0	0	0	0	0	0	0	0	0	0	0	0	0	0	0	0	0	0	0	0	0	0	0	0	0	0	0	0	0	0	0	0	0	0	0	0	0	1058	2706	0	0	0	0	0	0	558	0	0	0	0	0	0	0	0	0	0	0	0	0	0	0	0	0	0	0	0	0	0	0	0	0	0	0	0	0	0	0	0	0	0	0	6694	10198	9272	14084	102	1104	1402	1350	4164	5814	6084	6258	7832	8206	572	1532	0	218	322	1274	1672	7342	0	5966	2140	478	
160208	Vermis_8	0	0	0	0	0	0	0	0	0	0	0	0	0	0	0	0	0	0	0	0	0	0	0	0	0	0	0	0	0	0	0	0	0	0	0	0	0	0	0	0	0	0	0	0	0	0	0	162	0	0	0	0	0	0	0	0	0	0	0	0	0	0	0	0	0	0	0	0	0	0	0	0	0	0	0	0	0	0	0	0	0	0	0	0	0	0	0	0	0	0	658	1610	2736	2810	112	2320	1036	1090	992	952	4748	2500	8992	10492	2926	8992	0	1494	640	2354	1588	1898	5966	0	11310	1726	
