data	data	807444	373284	1.05571e+06	964744	136152	96716	418564	269916	91084	32400	243652	222716	221112	215148	226628	164924	277332	131856	756032	901876	67596	82260	366108	299948	62604	143608	40100	76036	645320	416936	314040	433508	198160	504400	236304	210324	279192	354112	105956	155640	39404	56668	260116	327596	195396	322384	340112	186724	169808	306820	430672	224320	182148	97360	410200	492548	356312	348904	130356	152084	191464	165776	124864	95564	137296	130440	264976	423672	286316	331276	358448	341792	334084	381404	45100	15048	150660	128560	55480	27924	212948	133868	208528	102196	369744	310048	31328	53904	289140	400148	392948	308680	339440	303072	24228	38996	270720	175952	393028	326952	245144	132872	299920	266320	79560	137660	30828	4948	12096	25492	165132	222056	239848	144636	96248	16080	
data	data	Precentral_L	Precentral_R	Frontal_Sup_L	Frontal_Sup_R	Frontal_Sup_Orb_L	Frontal_Sup_Orb_R	Frontal_Mid_L	Frontal_Mid_R	Frontal_Mid_Orb_L	Frontal_Mid_Orb_R	Frontal_Inf_Oper_L	Frontal_Inf_Oper_R	Frontal_Inf_Tri_L	Frontal_Inf_Tri_R	Frontal_Inf_Orb_L	Frontal_Inf_Orb_R	Rolandic_Oper_L	Rolandic_Oper_R	Supp_Motor_Area_L	Supp_Motor_Area_R	Olfactory_L	Olfactory_R	Frontal_Sup_Medial_L	Frontal_Sup_Medial_R	Frontal_Med_Orb_L	Frontal_Med_Orb_R	Rectus_L	Rectus_R	Insula_L	Insula_R	Cingulum_Ant_L	Cingulum_Ant_R	Cingulum_Mid_L	Cingulum_Mid_R	Cingulum_Post_L	Cingulum_Post_R	Hippocampus_L	Hippocampus_R	ParaHippocampal_L	ParaHippocampal_R	Amygdala_L	Amygdala_R	Calcarine_L	Calcarine_R	Cuneus_L	Cuneus_R	Lingual_L	Lingual_R	Occipital_Sup_L	Occipital_Sup_R	Occipital_Mid_L	Occipital_Mid_R	Occipital_Inf_L	Occipital_Inf_R	Fusiform_L	Fusiform_R	Postcentral_L	Postcentral_R	Parietal_Sup_L	Parietal_Sup_R	Parietal_Inf_L	Parietal_Inf_R	SupraMarginal_L	SupraMarginal_R	Angular_L	Angular_R	Precuneus_L	Precuneus_R	Paracentral_Lobule_L	Paracentral_Lobule_R	Caudate_L	Caudate_R	Putamen_L	Putamen_R	Pallidum_L	Pallidum_R	Thalamus_L	Thalamus_R	Heschl_L	Heschl_R	Temporal_Sup_L	Temporal_Sup_R	Temporal_Pole_Sup_L	Temporal_Pole_Sup_R	Temporal_Mid_L	Temporal_Mid_R	Temporal_Pole_Mid_L	Temporal_Pole_Mid_R	Temporal_Inf_L	Temporal_Inf_R	Cerebelum_Crus1_L	Cerebelum_Crus1_R	Cerebelum_Crus2_L	Cerebelum_Crus2_R	Cerebelum_3_L	Cerebelum_3_R	Cerebelum_4_5_L	Cerebelum_4_5_R	Cerebelum_6_L	Cerebelum_6_R	Cerebelum_7b_L	Cerebelum_7b_R	Cerebelum_8_L	Cerebelum_8_R	Cerebelum_9_L	Cerebelum_9_R	Cerebelum_10_L	Cerebelum_10_R	Vermis_1_2	Vermis_3	Vermis_4_5	Vermis_6	Vermis_7	Vermis_8	Vermis_9	Vermis_10	
807444	Precentral_L	0	8648	56538	6962	0	0	18368	566	0	0	12380	106	1722	226	0	232	12836	0	51264	26372	0	0	1350	0	0	0	0	0	10094	458	2070	638	2344	11652	6338	4402	6570	3138	388	768	0	0	124	234	168	0	0	0	138	0	2168	0	744	272	1850	3588	36712	912	1028	0	5136	0	2826	0	1374	0	532	566	32052	4756	8556	1064	11742	198	3418	0	15202	2468	1412	0	5338	222	1578	0	3908	526	0	0	2890	3590	0	0	0	0	0	0	0	0	0	0	0	0	0	0	0	0	0	0	0	0	0	0	0	0	0	0	
373284	Precentral_R	8648	0	1214	7566	0	0	816	10078	0	0	368	5580	0	750	0	0	206	2022	1216	18022	0	0	0	0	0	0	0	0	752	4570	0	0	598	8178	1040	1220	226	5816	0	2716	0	132	0	2986	0	874	0	220	0	470	108	894	0	2180	104	6016	734	17054	0	446	172	942	0	1724	0	404	0	3904	7930	17142	2256	7846	382	3036	0	0	1212	11006	0	546	0	2416	0	0	240	4338	0	0	130	7196	0	0	0	0	0	0	0	0	0	0	0	0	0	0	0	0	0	0	0	0	0	0	0	0	0	0	
1.05571e+06	Frontal_Sup_L	56538	1214	0	11208	11560	0	60954	932	6330	0	14732	340	17468	492	17802	476	18468	106	92452	16140	588	0	41902	2458	1760	816	994	0	38204	804	17466	2684	4436	3164	360	124	3548	104	602	0	266	0	0	0	0	0	0	0	0	0	330	0	0	0	1452	0	15974	0	836	0	1058	0	2046	0	980	0	0	0	4282	0	8856	394	21636	150	4490	0	1006	140	1862	0	4932	0	6142	0	1502	0	0	0	2294	0	0	0	0	0	0	0	0	0	0	0	0	0	0	0	0	0	0	0	0	0	0	0	0	0	0	0	
964744	Frontal_Sup_R	6962	7566	11208	0	214	4040	3968	33638	0	438	3176	16762	430	12616	226	4440	2642	11662	17096	68078	0	0	9790	34806	922	8358	0	2086	11794	24522	5534	39726	974	14514	340	562	1200	8866	126	1382	0	0	0	476	0	124	0	148	0	104	0	94	0	324	466	5548	714	2256	94	0	0	0	0	392	0	0	0	1196	2974	538	12566	19640	3262	30424	0	1500	418	4640	260	1032	986	3106	2206	1614	364	4392	0	0	912	8938	0	0	0	0	0	0	0	0	0	0	0	0	0	0	0	0	0	0	0	0	0	0	0	0	0	0	
136152	Frontal_Sup_Orb_L	0	0	11560	214	0	124	1246	0	11930	0	0	0	342	0	12344	0	0	0	0	0	1824	100	3420	854	4836	952	4090	0	5218	0	3934	326	0	0	0	0	0	0	118	0	96	0	0	0	0	0	0	0	0	0	0	0	0	0	0	0	0	0	0	0	0	0	0	0	0	0	0	0	0	0	978	0	2556	0	0	0	0	0	0	0	0	0	1014	0	0	0	0	0	0	0	0	0	0	0	0	0	0	0	0	0	0	0	0	0	0	0	0	0	0	0	0	0	0	0	0	0	
96716	Frontal_Sup_Orb_R	0	0	0	4040	124	0	0	990	0	4300	0	0	0	102	0	3336	0	0	0	0	512	2560	882	4156	274	8534	0	8746	0	1622	1258	3662	0	0	0	0	0	0	0	0	0	0	0	0	0	0	0	0	0	0	0	0	0	0	0	0	0	0	0	0	0	0	0	0	0	0	0	0	0	0	508	1746	330	676	0	0	0	0	0	0	0	0	0	0	0	0	0	0	0	0	0	0	0	0	0	0	0	0	0	0	0	0	0	0	0	0	0	0	0	0	0	0	0	0	0	0	
418564	Frontal_Mid_L	18368	816	60954	3968	1246	0	0	382	2492	0	10926	0	29744	0	13024	0	6398	0	7236	2836	226	0	17660	274	0	0	0	0	13220	0	4596	416	932	212	0	0	536	0	218	0	224	0	0	0	0	0	0	0	0	0	0	0	0	0	0	0	1338	0	0	0	0	0	0	0	0	0	0	0	1078	0	1100	0	2618	0	96	0	730	0	0	0	240	0	5178	0	0	0	0	0	0	0	0	0	0	0	0	0	0	0	0	0	0	0	0	0	0	0	0	0	0	0	0	0	0	0	0	0	
269916	Frontal_Mid_R	566	10078	932	33638	0	990	382	0	0	2246	0	14168	0	16874	0	3940	302	2100	1376	3988	0	0	770	3246	0	0	0	0	3454	8266	334	2924	136	2284	0	0	570	226	160	0	0	0	0	0	0	0	0	0	0	0	208	0	0	0	364	188	96	794	0	0	0	0	0	0	0	0	0	0	0	0	5746	2590	1676	6244	0	0	246	0	0	0	360	378	0	582	524	202	0	0	518	292	0	0	0	0	0	0	0	0	0	0	0	0	0	0	0	0	0	0	0	0	0	0	0	0	0	0	
91084	Frontal_Mid_Orb_L	0	0	6330	0	11930	0	2492	0	0	0	0	0	1572	0	14202	0	0	0	0	0	300	0	0	0	750	0	2080	0	3256	0	322	0	0	0	0	0	0	0	0	0	0	0	0	0	0	0	0	0	0	0	0	0	0	0	0	0	0	0	0	0	0	0	0	0	0	0	0	0	0	0	344	0	1578	0	0	0	0	0	0	0	0	0	386	0	0	0	0	0	0	0	0	0	0	0	0	0	0	0	0	0	0	0	0	0	0	0	0	0	0	0	0	0	0	0	0	0	
32400	Frontal_Mid_Orb_R	0	0	0	438	0	4300	0	2246	0	0	0	0	0	226	0	5434	0	0	0	0	0	364	0	0	0	156	0	412	0	1142	0	98	0	0	0	0	0	0	0	0	0	0	0	0	0	0	0	0	0	0	0	0	0	0	0	0	0	0	0	0	0	0	0	0	0	0	0	0	0	0	0	654	0	730	0	0	0	0	0	0	0	0	0	0	0	0	0	0	0	0	0	0	0	0	0	0	0	0	0	0	0	0	0	0	0	0	0	0	0	0	0	0	0	0	0	0	
243652	Frontal_Inf_Oper_L	12380	368	14732	3176	0	0	10926	0	0	0	0	168	7330	264	396	328	17020	0	8426	2538	0	0	2218	0	0	0	0	0	17560	598	1862	246	0	0	0	0	346	0	0	0	0	0	0	0	0	0	0	0	0	0	0	0	0	0	0	0	3676	0	0	0	116	0	0	0	210	0	0	0	0	0	978	218	1910	276	0	0	0	0	0	0	480	0	13080	0	0	0	0	0	0	0	0	0	0	0	0	0	0	0	0	0	0	0	0	0	0	0	0	0	0	0	0	0	0	0	0	0	
222716	Frontal_Inf_Oper_R	106	5580	340	16762	0	0	0	14168	0	0	168	0	0	18696	0	604	122	7990	798	6910	0	0	606	1012	0	0	0	0	802	15724	1000	3704	0	872	0	0	0	106	0	0	0	0	0	0	0	0	0	0	0	0	0	0	0	0	0	0	0	1074	0	0	0	0	0	98	0	128	0	0	0	0	1194	2758	122	5292	0	0	0	0	0	272	0	1442	96	2668	0	144	0	0	0	0	0	0	0	0	0	0	0	0	0	0	0	0	0	0	0	0	0	0	0	0	0	0	0	0	0	0	
221112	Frontal_Inf_Tri_L	1722	0	17468	430	342	0	29744	0	1572	0	7330	0	0	0	20528	0	1052	0	2372	372	0	0	2170	0	0	0	0	0	20254	0	1334	0	164	0	0	0	0	0	0	0	0	0	0	0	0	0	0	0	0	0	0	0	0	0	0	0	0	0	0	0	0	0	0	0	0	0	0	0	0	0	118	0	1400	0	0	0	0	0	0	0	144	0	2040	0	0	0	0	0	0	0	0	0	0	0	0	0	0	0	0	0	0	0	0	0	0	0	0	0	0	0	0	0	0	0	0	0	
215148	Frontal_Inf_Tri_R	226	750	492	12616	0	102	0	16874	0	226	264	18696	0	0	0	11216	146	794	1160	4376	0	0	780	1490	0	0	0	0	958	14994	1010	4752	0	1840	0	0	0	0	0	0	0	0	0	0	0	0	0	0	0	0	0	0	0	0	0	0	0	0	0	0	0	0	0	0	0	0	0	0	0	0	2300	5310	412	5296	0	0	112	0	0	0	0	0	96	286	0	0	0	0	0	0	0	0	0	0	0	0	0	0	0	0	0	0	0	0	0	0	0	0	0	0	0	0	0	0	0	0	
226628	Frontal_Inf_Orb_L	0	0	17802	226	12344	0	13024	0	14202	0	396	0	20528	0	0	0	120	0	950	200	2046	214	432	0	276	0	1526	0	18738	0	710	0	0	0	0	0	0	0	300	0	0	0	0	0	0	0	0	0	0	0	0	0	0	0	0	0	0	0	0	0	0	0	0	0	0	0	0	0	0	0	896	0	2880	0	0	0	0	0	0	0	912	0	4250	0	342	0	0	0	0	0	0	0	0	0	0	0	0	0	0	0	0	0	0	0	0	0	0	0	0	0	0	0	0	0	0	0	
164924	Frontal_Inf_Orb_R	232	0	476	4440	0	3336	0	3940	0	5434	328	604	0	11216	0	0	116	0	646	1296	232	1422	164	234	0	0	0	1630	754	19744	0	630	0	780	0	0	0	1088	0	118	0	0	0	0	0	0	0	0	0	0	0	0	0	0	0	754	0	0	0	0	0	0	0	0	0	0	0	0	0	0	2246	8202	542	10586	0	0	112	0	0	0	0	138	124	466	0	94	0	0	106	232	0	0	0	0	0	0	0	0	0	0	0	0	0	0	0	0	0	0	0	0	0	0	0	0	0	0	
277332	Rolandic_Oper_L	12836	206	18468	2642	0	0	6398	302	0	0	17020	122	1052	146	120	116	0	0	16512	2042	0	0	542	0	0	0	0	0	18840	244	232	0	0	0	98	0	364	0	0	0	0	0	0	0	0	0	0	0	0	0	0	0	0	0	0	0	11178	0	1062	0	220	0	2860	0	298	0	0	0	0	0	1410	102	1142	112	0	0	106	0	2380	0	9028	0	9340	0	936	0	0	0	190	0	0	0	0	0	0	0	0	0	0	0	0	0	0	0	0	0	0	0	0	0	0	0	0	0	0	0	
131856	Rolandic_Oper_R	0	2022	106	11662	0	0	0	2100	0	0	0	7990	0	794	0	0	0	0	290	5140	0	0	0	0	0	0	0	0	326	10440	0	0	0	110	0	0	0	270	0	122	0	0	0	0	0	278	0	0	0	116	0	196	0	0	0	268	0	4200	0	0	0	186	0	2864	0	472	0	328	0	484	456	196	0	2100	0	0	0	0	0	2570	0	6326	0	2618	0	588	0	0	0	310	0	0	0	0	0	0	0	0	0	0	0	0	0	0	0	0	0	0	0	0	0	0	0	0	0	0	
756032	Supp_Motor_Area_L	51264	1216	92452	17096	0	0	7236	1376	0	0	8426	798	2372	1160	950	646	16512	290	0	33400	0	0	7328	2492	0	0	0	0	20412	1592	7130	7216	6220	14200	436	164	2460	98	280	0	0	0	0	0	0	0	0	0	116	0	358	0	0	0	1398	0	15464	0	838	0	1052	0	2046	0	990	0	0	0	9334	0	7080	420	13474	430	3800	0	1684	136	1816	0	5002	0	3616	0	1502	0	0	0	2238	0	0	0	0	0	0	0	0	0	0	0	0	0	0	0	0	0	0	0	0	0	0	0	0	0	0	0	
901876	Supp_Motor_Area_R	26372	18022	16140	68078	0	0	2836	3988	0	0	2538	6910	372	4376	200	1296	2042	5140	33400	0	0	0	1830	4200	0	0	0	0	7708	8960	2088	13958	7486	52738	3734	5464	664	5480	0	858	0	0	0	2824	0	854	0	118	0	560	120	856	0	1732	0	4402	1734	12990	0	442	208	898	0	748	0	212	0	4824	25902	27690	7960	11100	2048	12364	0	1394	242	4348	172	186	210	1928	1716	870	156	5204	0	0	102	6946	0	0	0	0	0	0	0	0	0	0	0	0	0	0	0	0	0	0	0	0	0	0	0	0	0	0	
67596	Olfactory_L	0	0	588	0	1824	512	226	0	300	0	0	0	0	0	2046	232	0	0	0	0	0	4182	0	0	400	200	536	636	3528	154	1978	966	0	0	0	0	646	0	890	0	1132	0	0	0	0	0	0	0	0	0	0	0	0	0	0	0	0	0	0	0	0	0	0	0	0	0	0	0	0	0	5084	2568	3162	984	0	0	0	0	0	0	0	0	1024	0	0	0	0	0	0	0	0	0	0	0	0	0	0	0	0	0	0	0	0	0	0	0	0	0	0	0	0	0	0	0	0	0	
82260	Olfactory_R	0	0	0	0	100	2560	0	0	0	364	0	0	0	0	214	1422	0	0	0	0	4182	0	0	234	130	800	108	3400	194	2864	2324	2704	0	0	0	0	0	648	0	0	162	700	0	0	0	0	0	0	0	0	0	0	0	0	0	0	0	0	0	0	0	0	0	0	0	0	0	0	0	0	5986	5840	3690	2504	0	0	0	0	0	0	0	0	0	0	0	0	0	0	0	0	0	0	0	0	0	0	0	0	0	0	0	0	0	0	0	0	0	0	0	0	0	0	0	0	0	0	
366108	Frontal_Sup_Medial_L	1350	0	41902	9790	3420	882	17660	770	0	0	2218	606	2170	780	432	164	542	0	7328	1830	0	0	0	19538	3624	5216	518	474	3566	622	25080	15386	4238	7602	0	0	0	0	0	0	0	0	0	0	0	0	0	0	0	0	0	0	0	0	0	0	0	0	0	0	0	0	0	0	0	0	0	0	0	0	1512	728	2704	0	0	0	0	0	0	0	0	0	402	0	0	0	0	0	0	0	0	0	0	0	0	0	0	0	0	0	0	0	0	0	0	0	0	0	0	0	0	0	0	0	0	0	
299948	Frontal_Sup_Medial_R	0	0	2458	34806	854	4156	274	3246	0	0	0	1012	0	1490	0	234	0	0	2492	4200	0	234	19538	0	1968	13214	0	2144	152	880	7170	31674	258	9556	0	0	0	0	0	0	0	0	0	0	0	0	0	0	0	0	0	0	0	0	0	0	0	0	0	0	0	0	0	0	0	0	0	0	0	0	0	5502	0	2462	0	0	0	0	0	0	0	0	0	0	0	0	0	0	0	0	0	0	0	0	0	0	0	0	0	0	0	0	0	0	0	0	0	0	0	0	0	0	0	0	0	0	
62604	Frontal_Med_Orb_L	0	0	1760	922	4836	274	0	0	750	0	0	0	0	0	276	0	0	0	0	0	400	130	3624	1968	0	3222	2874	276	168	0	6606	1472	0	0	0	0	0	0	0	0	0	0	0	0	0	0	0	0	0	0	0	0	0	0	0	0	0	0	0	0	0	0	0	0	0	0	0	0	0	0	920	146	678	0	0	0	0	0	0	0	0	0	0	0	0	0	0	0	0	0	0	0	0	0	0	0	0	0	0	0	0	0	0	0	0	0	0	0	0	0	0	0	0	0	0	0	
143608	Frontal_Med_Orb_R	0	0	816	8358	952	8534	0	0	0	156	0	0	0	0	0	0	0	0	0	0	200	800	5216	13214	3222	0	726	8318	0	0	5712	12550	0	178	0	0	0	0	0	0	0	0	0	0	0	0	0	0	0	0	0	0	0	0	0	0	0	0	0	0	0	0	0	0	0	0	0	0	0	0	0	2010	138	704	0	0	0	0	0	0	0	0	0	0	0	0	0	0	0	0	0	0	0	0	0	0	0	0	0	0	0	0	0	0	0	0	0	0	0	0	0	0	0	0	0	0	
40100	Rectus_L	0	0	994	0	4090	0	0	0	2080	0	0	0	0	0	1526	0	0	0	0	0	536	108	518	0	2874	726	0	706	568	0	2802	124	0	0	0	0	0	0	0	0	0	0	0	0	0	0	0	0	0	0	0	0	0	0	0	0	0	0	0	0	0	0	0	0	0	0	0	0	0	0	1552	0	846	0	0	0	0	0	0	0	0	0	0	0	0	0	0	0	0	0	0	0	0	0	0	0	0	0	0	0	0	0	0	0	0	0	0	0	0	0	0	0	0	0	0	0	
76036	Rectus_R	0	0	0	2086	0	8746	0	0	0	412	0	0	0	0	0	1630	0	0	0	0	636	3400	474	2144	276	8318	706	0	0	1588	970	3226	0	0	0	0	0	0	0	0	0	0	0	0	0	0	0	0	0	0	0	0	0	0	0	0	0	0	0	0	0	0	0	0	0	0	0	0	0	0	626	1516	400	864	0	0	0	0	0	0	0	0	0	0	0	0	0	0	0	0	0	0	0	0	0	0	0	0	0	0	0	0	0	0	0	0	0	0	0	0	0	0	0	0	0	0	
645320	Insula_L	10094	752	38204	11794	5218	0	13220	3454	3256	0	17560	802	20254	958	18738	754	18840	326	20412	7708	3528	194	3566	152	168	0	568	0	0	1254	3420	488	316	0	1260	430	10256	418	2210	0	2154	0	150	0	486	0	130	0	386	0	510	0	376	0	7358	0	3376	0	1342	0	0	0	0	0	276	0	616	0	0	0	13538	696	20898	650	0	0	1068	364	5254	0	11080	0	14770	132	7190	0	0	0	9288	0	0	0	0	0	0	0	0	0	0	0	0	0	0	0	0	0	0	0	0	0	0	0	0	0	0	0	
416936	Insula_R	458	4570	804	24522	0	1622	0	8266	0	1142	598	15724	0	14994	0	19744	244	10440	1592	8960	154	2864	622	880	0	0	0	1588	1254	0	1032	4910	120	2276	112	326	0	4570	0	848	0	398	0	314	0	0	0	112	0	0	0	110	0	116	0	3914	0	1982	0	0	0	0	0	164	0	164	0	768	0	256	3160	10334	554	30806	0	0	142	192	0	1190	0	5390	272	3480	0	3352	0	0	0	6062	0	0	0	0	0	0	0	0	0	0	0	0	0	0	0	0	0	0	0	0	0	0	0	0	0	0	
314040	Cingulum_Ant_L	2070	0	17466	5534	3934	1258	4596	334	322	0	1862	1000	1334	1010	710	0	232	0	7130	2088	1978	2324	25080	7170	6606	5712	2802	970	3420	1032	0	19256	5414	2826	0	0	0	0	0	0	0	0	0	0	0	0	0	0	0	0	0	0	0	0	0	0	0	0	0	0	0	0	0	0	0	0	0	0	0	0	8008	5086	5358	2224	0	0	0	0	0	0	0	0	874	0	0	0	0	0	0	0	0	0	0	0	0	0	0	0	0	0	0	0	0	0	0	0	0	0	0	0	0	0	0	0	0	0	
433508	Cingulum_Ant_R	638	0	2684	39726	326	3662	416	2924	0	98	246	3704	0	4752	0	630	0	0	7216	13958	966	2704	15386	31674	1472	12550	124	3226	488	4910	19256	0	1744	17266	0	0	0	0	0	0	0	0	0	0	0	0	0	0	0	0	0	0	0	0	0	0	0	0	0	0	0	0	0	0	0	0	0	0	0	0	2500	14180	1332	5810	0	0	0	0	0	0	0	0	186	0	0	0	0	0	0	0	0	0	0	0	0	0	0	0	0	0	0	0	0	0	0	0	0	0	0	0	0	0	0	0	0	0	
198160	Cingulum_Mid_L	2344	598	4436	974	0	0	932	136	0	0	0	0	164	0	0	0	0	0	6220	7486	0	0	4238	258	0	0	0	0	316	120	5414	1744	0	10234	9122	1494	264	124	0	0	0	0	592	0	1114	168	208	0	3398	0	8576	0	1006	120	378	312	1890	1528	1016	0	852	0	0	0	1574	0	6730	804	5152	2462	0	0	0	0	0	0	0	0	0	0	0	0	0	0	2794	188	0	0	932	668	0	0	0	0	0	0	0	0	0	0	0	0	0	0	0	0	0	0	0	0	0	0	0	0	0	0	
504400	Cingulum_Mid_R	11652	8178	3164	14514	0	0	212	2284	0	0	0	872	0	1840	0	780	0	110	14200	52738	0	0	7602	9556	0	178	0	0	0	2276	2826	17266	10234	0	4056	7206	0	272	0	0	0	0	0	2580	0	2728	0	0	104	766	130	1092	0	596	0	990	290	13186	0	380	0	874	0	310	0	112	540	11240	16186	21668	0	332	0	662	0	0	0	0	0	0	0	540	0	0	126	2464	0	0	0	2288	0	0	0	0	0	0	0	0	0	0	0	0	0	0	0	0	0	0	0	0	0	0	0	0	0	0	
236304	Cingulum_Post_L	6338	1040	360	340	0	0	0	0	0	0	0	0	0	0	0	0	98	0	436	3734	0	0	0	0	0	0	0	0	1260	112	0	0	9122	4056	0	15664	8806	5950	2698	2342	0	0	2954	248	840	0	2080	292	388	0	3038	0	1556	262	2542	6560	1352	2390	0	0	0	0	0	0	94	0	4790	2998	2908	3202	476	0	202	104	0	0	3454	1864	532	0	250	0	0	0	3494	152	0	0	1310	5292	0	0	0	0	0	0	0	0	0	0	0	0	0	0	0	0	0	0	0	0	172	0	0	0	0	0	
210324	Cingulum_Post_R	4402	1220	124	562	0	0	0	0	0	0	0	0	0	0	0	0	0	0	164	5464	0	0	0	0	0	0	0	0	430	326	0	0	1494	7206	15664	0	4774	7582	452	3744	0	0	198	840	134	670	166	1314	0	236	0	224	176	394	508	9316	134	2724	0	0	0	196	0	342	0	0	816	11848	1666	4054	348	0	96	184	0	0	3484	1774	166	0	0	214	0	0	144	706	0	0	278	7536	0	0	0	0	0	0	0	0	0	0	0	0	0	0	0	0	0	0	0	0	668	0	0	0	0	0	
279192	Hippocampus_L	6570	226	3548	1200	0	0	536	570	0	0	346	0	0	0	0	0	364	0	2460	664	646	0	0	0	0	0	0	0	10256	0	0	0	264	0	8806	4774	0	3152	13994	1570	6816	0	4414	0	1300	0	4002	530	516	0	932	0	1498	0	14346	302	774	0	0	0	0	0	0	0	0	0	6408	1184	626	0	2984	154	7690	0	1040	0	6532	2102	1860	0	1108	0	782	0	2190	0	0	0	8848	0	0	0	0	0	0	152	152	0	0	0	0	0	0	0	0	0	0	0	0	288	120	0	0	0	0	0	
354112	Hippocampus_R	3138	5816	104	8866	0	0	0	226	0	0	0	106	0	0	0	1088	0	270	98	5480	0	648	0	0	0	0	0	0	418	4570	0	0	124	272	5950	7582	3152	0	386	19540	0	9478	200	1864	0	0	174	3374	0	0	0	0	0	1170	426	37090	0	218	0	0	0	0	0	0	0	0	234	6860	296	476	1412	560	250	14218	0	190	3118	6032	0	0	0	372	0	1278	0	1984	0	730	296	16100	0	0	0	0	0	0	0	132	0	102	0	0	0	0	0	0	0	0	0	0	588	0	0	0	0	0	
105956	ParaHippocampal_L	388	0	602	126	118	0	218	160	0	0	0	0	0	0	300	0	0	0	280	0	890	0	0	0	0	0	0	0	2210	0	0	0	0	0	2698	452	13994	386	0	332	2280	0	2292	0	210	0	4254	400	0	0	278	0	1338	0	6308	0	0	0	0	0	0	0	0	0	0	0	3442	332	0	0	522	0	1358	0	102	0	1250	126	0	0	0	0	672	0	438	0	316	0	992	0	108	0	0	0	298	184	1070	0	618	0	0	0	0	0	0	0	0	0	106	530	0	0	0	0	0	0	
155640	ParaHippocampal_R	768	2716	0	1382	0	0	0	0	0	0	0	0	0	0	0	118	0	122	0	858	0	0	0	0	0	0	0	0	0	848	0	0	0	0	2342	3744	1570	19540	332	0	0	4624	196	820	0	0	162	3816	0	0	0	0	0	128	208	17286	0	0	0	0	0	0	0	0	0	0	208	5316	96	132	0	0	0	1506	0	0	1232	2078	0	0	0	0	0	1512	0	136	0	650	150	2226	0	0	0	0	0	0	0	296	0	132	0	0	0	0	0	0	0	0	0	0	570	0	0	0	0	0	
39404	Amygdala_L	0	0	266	0	96	0	224	0	0	0	0	0	0	0	0	0	0	0	0	0	1132	162	0	0	0	0	0	0	2154	0	0	0	0	0	0	0	6816	0	2280	0	0	0	0	0	0	0	0	0	0	0	0	0	0	0	2920	0	0	0	0	0	0	0	0	0	0	0	0	0	0	0	494	0	404	0	0	0	0	0	0	0	0	0	648	0	0	0	0	0	2106	0	0	0	0	0	0	0	0	0	0	0	0	0	0	0	0	0	0	0	0	0	0	0	0	0	0	0	
56668	Amygdala_R	0	132	0	0	0	0	0	0	0	0	0	0	0	0	0	0	0	0	0	0	0	700	0	0	0	0	0	0	0	398	0	0	0	0	0	0	0	9478	0	4624	0	0	0	0	0	0	0	0	0	0	0	0	0	0	0	7100	0	0	0	0	0	0	0	0	0	0	0	0	0	0	0	256	0	1722	0	0	0	446	0	0	0	0	0	2162	0	0	0	878	0	438	0	0	0	0	0	0	0	0	0	0	0	0	0	0	0	0	0	0	0	0	0	0	0	0	0	0	
260116	Calcarine_L	124	0	0	0	0	0	0	0	0	0	0	0	0	0	0	0	0	0	0	0	0	0	0	0	0	0	0	0	150	0	0	0	592	0	2954	198	4414	200	2292	196	0	0	0	6584	18980	5160	15368	1678	7390	2328	25872	224	7978	436	5376	212	170	0	0	0	0	0	0	0	276	0	14786	580	128	0	0	0	0	0	0	0	202	0	0	0	0	0	0	0	3662	136	0	0	534	0	0	0	0	0	0	0	372	0	182	94	0	0	0	0	0	0	0	0	0	0	230	0	0	0	0	0	
327596	Calcarine_R	234	2986	0	476	0	0	0	0	0	0	0	0	0	0	0	0	0	0	0	2824	0	0	0	0	0	0	0	0	0	314	0	0	0	2580	248	840	0	1864	0	820	0	0	6584	0	2914	27798	3508	18544	0	21274	0	10864	0	8330	0	8580	0	4708	0	1320	0	1582	0	148	0	326	94	19226	130	4896	0	0	0	0	0	0	0	0	0	0	0	136	0	0	0	5780	0	0	0	3870	0	0	0	0	0	0	0	0	0	0	0	0	0	0	0	0	0	0	0	0	0	0	0	0	0	0	
195396	Cuneus_L	168	0	0	0	0	0	0	0	0	0	0	0	0	0	0	0	0	0	0	0	0	0	0	0	0	0	0	0	486	0	0	0	1114	0	840	134	1300	0	210	0	0	0	18980	2914	0	3938	3052	164	22240	1150	19770	0	2088	0	2742	0	416	0	1008	0	0	0	0	0	182	0	10980	856	122	0	0	0	124	0	0	0	0	0	386	0	0	0	0	0	1994	0	0	0	340	0	0	0	0	0	0	0	0	0	0	0	0	0	0	0	0	0	0	0	0	0	0	0	0	0	0	0	
322384	Cuneus_R	0	874	0	124	0	0	0	0	0	0	0	0	0	0	0	0	0	278	0	854	0	0	0	0	0	0	0	0	0	0	0	0	168	2728	0	670	0	0	0	0	0	0	5160	27798	3938	0	1880	5916	104	33994	0	11070	0	2292	0	1306	0	9658	0	7624	0	3228	0	244	0	282	4462	26598	0	7458	0	0	0	0	0	0	0	0	0	0	0	240	0	0	0	1508	0	0	0	736	0	0	0	0	0	0	0	0	0	0	0	0	0	0	0	0	0	0	0	0	0	0	0	0	0	0	
340112	Lingual_L	0	0	0	0	0	0	0	0	0	0	0	0	0	0	0	0	0	0	0	0	0	0	0	0	0	0	0	0	130	0	0	0	208	0	2080	166	4002	174	4254	162	0	0	15368	3508	3052	1880	0	3048	2838	1024	15434	174	12914	0	20304	328	0	0	0	0	0	0	0	0	132	0	6306	202	0	0	0	0	0	0	0	0	302	0	0	0	0	0	0	0	3076	0	0	0	460	0	7342	716	1962	248	634	432	19358	1926	17950	2904	592	0	662	0	402	944	0	0	130	506	5382	3780	852	630	836	342	
186724	Lingual_R	0	220	0	148	0	0	0	0	0	0	0	0	0	0	0	0	0	0	0	118	0	0	0	0	0	0	0	0	0	112	0	0	0	0	292	1314	530	3374	400	3816	0	0	1678	18544	164	5916	3048	0	0	8528	0	4060	0	1640	0	10500	0	0	0	0	0	0	0	0	0	0	104	7080	0	0	0	0	0	0	0	0	254	504	0	0	0	0	0	0	0	0	0	0	0	786	520	2680	338	968	0	488	652	2466	796	4542	0	0	0	98	0	0	0	0	0	0	2566	2354	1764	0	0	0	
169808	Occipital_Sup_L	138	0	0	0	0	0	0	0	0	0	0	0	0	0	0	0	0	0	116	0	0	0	0	0	0	0	0	0	386	0	0	0	3398	104	388	0	516	0	0	0	0	0	7390	0	22240	104	2838	0	0	0	26542	0	1048	0	1722	0	398	0	4616	0	744	0	0	0	266	0	9470	0	1216	0	0	0	0	0	0	0	0	0	312	0	0	0	0	0	764	0	0	0	188	0	0	0	0	0	0	0	0	0	0	0	0	0	0	0	0	0	0	0	0	0	0	0	0	0	0	0	
306820	Occipital_Sup_R	0	470	0	104	0	0	0	0	0	0	0	0	0	0	0	0	0	116	0	560	0	0	0	0	0	0	0	0	0	0	0	0	0	766	0	236	0	0	0	0	0	0	2328	21274	1150	33994	1024	8528	0	0	0	22818	0	2236	0	1958	0	5774	0	13202	0	9164	0	288	0	4448	816	13110	0	1892	0	0	0	0	0	0	0	0	0	0	0	446	0	0	0	4512	0	0	0	2196	0	0	0	0	0	0	0	0	0	0	0	0	0	0	0	0	0	0	0	0	0	0	0	0	0	0	
430672	Occipital_Mid_L	2168	108	330	0	0	0	0	208	0	0	0	0	0	0	0	0	0	0	358	120	0	0	0	0	0	0	0	0	510	0	0	0	8576	130	3038	0	932	0	278	0	0	0	25872	0	19770	0	15434	0	26542	0	0	0	23514	0	7572	0	1682	0	4644	0	8436	0	710	0	17578	0	14430	0	792	120	216	0	0	0	0	0	0	0	0	0	206	0	0	0	27552	0	0	0	3510	0	0	0	0	0	0	0	0	0	0	0	0	0	0	0	0	0	0	0	0	0	0	0	0	0	0	0	
224320	Occipital_Mid_R	0	894	0	94	0	0	0	0	0	0	0	0	0	0	0	0	0	196	0	856	0	0	0	0	0	0	0	0	0	110	0	0	0	1092	0	224	0	0	0	0	0	0	224	10864	0	11070	174	4060	0	22818	0	0	0	6704	0	3116	0	3712	0	2568	0	6024	0	452	0	15558	0	6502	0	2110	0	0	0	0	0	0	0	0	0	0	0	520	0	0	0	10712	0	0	0	1506	0	0	0	0	0	0	0	0	0	0	0	0	0	0	0	0	0	0	0	0	0	0	0	0	0	0	
182148	Occipital_Inf_L	744	0	0	0	0	0	0	0	0	0	0	0	0	0	0	0	0	0	0	0	0	0	0	0	0	0	0	0	376	0	0	0	1006	0	1556	176	1498	0	1338	0	0	0	7978	0	2088	0	12914	0	1048	0	23514	0	0	0	16270	0	178	0	0	0	196	0	200	0	844	0	2440	0	0	0	0	0	0	0	0	0	180	0	190	0	0	0	0	0	11290	0	0	0	5050	0	0	0	0	0	0	0	0	0	0	0	0	0	0	0	0	0	0	0	0	0	0	0	0	0	0	0	
97360	Occipital_Inf_R	272	2180	0	324	0	0	0	0	0	0	0	0	0	0	0	0	0	0	0	1732	0	0	0	0	0	0	0	0	0	116	0	0	120	596	262	394	0	1170	0	128	0	0	436	8330	0	2292	0	1640	0	2236	0	6704	0	0	0	6054	0	1096	0	494	0	510	0	0	0	0	0	2852	0	1788	0	0	0	190	0	0	0	0	0	0	0	0	0	0	0	2202	0	0	0	4562	0	0	0	0	0	0	0	0	0	0	0	0	0	0	0	0	0	0	0	0	0	0	0	0	0	0	
410200	Fusiform_L	1850	104	1452	466	0	0	0	364	0	0	0	0	0	0	0	0	0	0	1398	0	0	0	0	0	0	0	0	0	7358	0	0	0	378	0	2542	508	14346	426	6308	208	2920	0	5376	0	2742	0	20304	0	1722	0	7572	0	16270	0	0	0	342	0	0	0	0	0	0	0	208	0	5074	202	0	0	1262	96	1688	0	0	0	1096	356	2686	0	1154	0	4076	0	6502	0	1558	0	20302	0	17972	122	2994	128	262	0	9720	0	25492	312	1580	0	2694	126	94	164	0	0	0	0	814	874	380	156	0	0	
492548	Fusiform_R	3588	6016	0	5548	0	0	0	188	0	0	0	0	0	0	0	754	0	268	0	4402	0	0	0	0	0	0	0	0	0	3914	0	0	312	990	6560	9316	302	37090	0	17286	0	7100	212	8580	0	1306	328	10500	0	1958	0	3116	0	6054	0	0	0	958	0	0	0	110	0	0	0	0	0	10922	546	1806	118	0	0	7614	0	0	146	952	0	0	0	942	0	7586	0	2768	0	4442	0	33544	544	10846	286	1166	0	112	304	5334	632	13284	0	0	0	198	0	0	0	0	0	0	2446	1680	1300	0	0	0	
356312	Postcentral_L	36712	734	15974	714	0	0	1338	96	0	0	3676	0	0	0	0	0	11178	0	15464	1734	0	0	0	0	0	0	0	0	3376	0	0	0	1890	290	1352	134	774	0	0	0	0	0	170	0	416	0	0	0	398	0	1682	0	178	0	342	0	0	170	14888	0	25574	0	13156	0	4264	0	4222	0	2264	450	946	0	614	0	128	0	576	0	986	0	7658	0	0	0	2508	0	0	0	970	160	0	0	0	0	0	0	0	0	0	0	0	0	0	0	0	0	0	0	0	0	0	0	0	0	0	0	
348904	Postcentral_R	912	17054	0	2256	0	0	0	794	0	0	0	1074	0	0	0	0	0	4200	0	12990	0	0	0	0	0	0	0	0	0	1982	0	0	1528	13186	2390	2724	0	218	0	0	0	0	0	4708	0	9658	0	0	0	5774	0	3712	0	1096	0	958	170	0	0	8136	0	6940	0	12128	0	1562	152	18166	792	24822	500	0	162	796	0	0	98	0	0	318	0	1920	0	0	116	6718	0	0	0	3742	0	0	0	0	0	0	0	0	0	0	0	0	0	0	0	0	0	0	0	0	0	0	0	0	0	0	
130356	Parietal_Sup_L	1028	0	836	94	0	0	0	0	0	0	0	0	0	0	0	0	1062	0	838	0	0	0	0	0	0	0	0	0	1342	0	0	0	1016	0	0	0	0	0	0	0	0	0	0	0	1008	0	0	0	4616	0	4644	0	0	0	0	0	14888	0	0	0	12236	0	1076	0	4328	0	12726	0	638	0	154	0	0	0	0	0	0	0	196	0	1352	0	0	0	954	0	0	0	146	0	0	0	0	0	0	0	0	0	0	0	0	0	0	0	0	0	0	0	0	0	0	0	0	0	0	0	
152084	Parietal_Sup_R	0	446	0	0	0	0	0	0	0	0	0	0	0	0	0	0	0	0	0	442	0	0	0	0	0	0	0	0	0	0	0	0	0	380	0	0	0	0	0	0	0	0	0	1320	0	7624	0	0	0	13202	0	2568	0	494	0	0	0	8136	0	0	0	15692	0	1228	0	5542	302	8752	0	1672	0	0	0	0	0	0	0	0	0	0	0	334	0	0	0	5472	0	0	0	2436	0	0	0	0	0	0	0	0	0	0	0	0	0	0	0	0	0	0	0	0	0	0	0	0	0	0	
191464	Parietal_Inf_L	5136	172	1058	0	0	0	0	0	0	0	116	0	0	0	0	0	220	0	1052	208	0	0	0	0	0	0	0	0	0	0	0	0	852	0	0	0	0	0	0	0	0	0	0	0	0	0	0	0	744	0	8436	0	196	0	0	0	25574	0	12236	0	0	0	15096	0	15018	0	2762	0	334	0	236	0	0	0	0	0	0	0	0	0	1274	0	0	0	4338	0	0	0	674	0	0	0	0	0	0	0	0	0	0	0	0	0	0	0	0	0	0	0	0	0	0	0	0	0	0	0	
165776	Parietal_Inf_R	0	942	0	0	0	0	0	0	0	0	0	0	0	0	0	0	0	186	0	898	0	0	0	0	0	0	0	0	0	0	0	0	0	874	0	196	0	0	0	0	0	0	0	1582	0	3228	0	0	0	9164	0	6024	0	510	0	110	0	6940	0	15692	0	0	0	5820	0	15676	0	2178	0	1166	0	0	0	0	0	0	0	0	0	0	0	704	0	0	0	8348	0	0	0	2650	0	0	0	0	0	0	0	0	0	0	0	0	0	0	0	0	0	0	0	0	0	0	0	0	0	0	
124864	SupraMarginal_L	2826	0	2046	0	0	0	0	0	0	0	0	0	0	0	0	0	2860	0	2046	0	0	0	0	0	0	0	0	0	0	0	0	0	0	0	0	0	0	0	0	0	0	0	0	0	0	0	0	0	0	0	710	0	200	0	0	0	13156	0	1076	0	15096	0	0	0	6430	0	0	0	0	0	0	0	0	0	0	0	0	0	0	0	8082	0	0	0	7162	0	0	0	742	0	0	0	0	0	0	0	0	0	0	0	0	0	0	0	0	0	0	0	0	0	0	0	0	0	0	0	
95564	SupraMarginal_R	0	1724	0	392	0	0	0	0	0	0	0	98	0	0	0	0	0	2864	0	748	0	0	0	0	0	0	0	0	0	164	0	0	0	310	0	342	0	0	0	0	0	0	0	148	0	244	0	0	0	288	0	452	0	0	0	0	0	12128	0	1228	0	5820	0	0	0	6398	0	770	0	764	332	0	140	0	0	0	0	0	0	548	0	5318	0	0	0	4514	0	0	0	2048	0	0	0	0	0	0	0	0	0	0	0	0	0	0	0	0	0	0	0	0	0	0	0	0	0	0	
137296	Angular_L	1374	0	980	0	0	0	0	0	0	0	210	0	0	0	0	0	298	0	990	0	0	0	0	0	0	0	0	0	276	0	0	0	1574	0	94	0	0	0	0	0	0	0	276	0	182	0	132	0	266	0	17578	0	844	0	208	0	4264	0	4328	0	15018	0	6430	0	0	0	2274	0	136	0	0	0	0	0	0	0	0	0	0	0	1880	0	0	0	8284	0	0	0	752	0	0	0	0	0	0	0	0	0	0	0	0	0	0	0	0	0	0	0	0	0	0	0	0	0	0	0	
130440	Angular_R	0	404	0	0	0	0	0	0	0	0	0	128	0	0	0	0	0	472	0	212	0	0	0	0	0	0	0	0	0	164	0	0	0	112	0	0	0	0	0	0	0	0	0	326	0	282	0	0	0	4448	0	15558	0	0	0	0	0	1562	0	5542	0	15676	0	6398	0	0	0	236	0	258	196	0	0	0	0	0	0	0	0	0	0	3120	0	0	0	9616	0	0	0	510	0	0	0	0	0	0	0	0	0	0	0	0	0	0	0	0	0	0	0	0	0	0	0	0	0	0	
264976	Precuneus_L	532	0	0	0	0	0	0	0	0	0	0	0	0	0	0	0	0	0	0	0	0	0	0	0	0	0	0	0	616	0	0	0	6730	540	4790	816	6408	234	3442	208	0	0	14786	94	10980	4462	6306	104	9470	816	14430	0	2440	0	5074	0	4222	152	12726	302	2762	0	0	0	2274	0	0	8022	2546	278	0	0	130	0	0	0	208	96	482	0	0	0	0	0	3420	0	0	0	1590	0	0	0	0	0	0	0	0	0	0	0	0	0	0	0	0	0	0	0	0	0	0	0	0	0	0	0	
423672	Precuneus_R	566	3904	0	1196	0	0	0	0	0	0	0	0	0	0	0	0	0	328	0	4824	0	0	0	0	0	0	0	0	0	768	0	0	804	11240	2998	11848	1184	6860	332	5316	0	0	580	19226	856	26598	202	7080	0	13110	0	6502	0	2852	202	10922	0	18166	0	8752	0	2178	0	770	0	236	8022	0	782	17082	0	0	0	186	0	0	868	722	0	0	0	560	0	0	0	4672	0	0	106	7702	0	0	0	0	0	0	0	0	0	0	0	0	0	0	0	0	0	0	0	0	734	0	0	0	0	0	
286316	Paracentral_Lobule_L	32052	7930	4282	2974	0	0	1078	0	0	0	0	0	0	0	0	0	0	0	9334	25902	0	0	0	0	0	0	0	0	0	0	0	0	5152	16186	2908	1666	626	296	0	96	0	0	128	130	122	0	0	0	1216	0	792	0	0	0	0	546	2264	792	638	0	334	0	0	0	136	0	2546	782	0	6188	1514	150	2206	0	1200	0	9140	720	0	0	0	120	0	0	136	120	0	0	0	756	0	0	0	0	0	0	0	0	0	0	0	0	0	0	0	0	0	0	0	0	0	0	0	0	0	0	
331276	Paracentral_Lobule_R	4756	17142	0	538	0	0	0	0	0	0	0	0	0	0	0	0	0	484	0	27690	0	0	0	0	0	0	0	0	0	256	0	0	2462	21668	3202	4054	0	476	0	132	0	0	0	4896	0	7458	0	0	0	1892	120	2110	0	1788	0	1806	450	24822	0	1672	0	1166	0	764	0	258	278	17082	6188	0	0	0	0	0	0	0	0	0	0	0	0	1068	0	0	124	4600	0	0	0	4236	0	0	0	0	0	0	0	0	0	0	0	0	0	0	0	0	0	0	0	0	0	0	0	0	0	0	
358448	Caudate_L	8556	2256	8856	12566	978	508	1100	5746	344	0	978	1194	118	2300	896	2246	1410	456	7080	7960	5084	5986	1512	0	920	0	1552	626	13538	3160	8008	2500	0	0	476	348	2984	1412	522	0	494	0	0	0	0	0	0	0	0	0	216	0	0	0	1262	118	946	500	154	0	236	0	0	332	0	196	0	0	1514	0	0	13440	21388	2562	1816	474	9926	1626	544	0	2200	100	658	186	1166	314	0	0	2434	246	0	0	0	0	0	0	0	0	0	0	0	0	0	0	0	0	0	0	0	0	0	0	0	0	0	0	
341792	Caudate_R	1064	7846	394	19640	0	1746	0	2590	0	654	218	2758	0	5310	0	8202	102	196	420	11100	2568	5840	728	5502	146	2010	0	1516	696	10334	5086	14180	0	332	0	0	154	560	0	0	0	256	0	0	0	0	0	0	0	0	0	0	0	0	96	0	0	0	0	0	0	0	0	0	0	0	0	0	150	0	13440	0	4368	22720	286	1578	1598	13946	0	0	140	0	114	132	0	0	0	0	180	0	0	0	0	0	0	0	0	0	0	0	0	0	0	0	0	0	0	0	0	0	0	0	0	0	0	0	
334084	Putamen_L	11742	382	21636	3262	2556	330	2618	1676	1578	0	1910	122	1400	412	2880	542	1142	0	13474	2048	3162	3690	2704	0	678	138	846	400	20898	554	5358	1332	0	0	202	96	7690	250	1358	0	404	0	0	0	124	0	0	0	0	0	0	0	0	0	1688	0	614	162	0	0	0	0	0	140	0	0	130	0	2206	0	21388	4368	0	1442	4842	262	1832	226	954	0	2536	0	626	0	1020	0	0	0	3012	0	0	0	0	0	0	0	0	0	0	0	0	0	0	0	0	0	0	0	0	0	0	0	0	0	0	0	
381404	Putamen_R	198	3036	150	30424	0	676	0	6244	0	730	276	5292	0	5296	0	10586	112	2100	430	12364	984	2504	0	2462	0	704	0	864	650	30806	2224	5810	0	662	104	184	0	14218	0	1506	0	1722	0	0	0	0	0	0	0	0	0	0	0	190	0	7614	0	796	0	0	0	0	0	0	0	0	0	186	0	0	2562	22720	1442	0	0	2126	106	1016	0	0	206	680	150	286	0	2116	0	0	216	4972	0	0	0	0	0	0	0	0	0	0	0	0	0	0	0	0	0	0	0	0	0	0	0	0	0	0	
45100	Pallidum_L	3418	0	4490	0	0	0	96	0	0	0	0	0	0	0	0	0	0	0	3800	0	0	0	0	0	0	0	0	0	0	0	0	0	0	0	0	0	1040	0	102	0	0	0	0	0	0	0	0	0	0	0	0	0	0	0	0	0	128	0	0	0	0	0	0	0	0	0	0	0	1200	0	1816	286	4842	0	0	0	1332	0	0	0	0	0	0	0	0	0	0	0	0	0	0	0	0	0	0	0	0	0	0	0	0	0	0	0	0	0	0	0	0	0	0	0	0	0	0	0	
15048	Pallidum_R	0	0	0	1500	0	0	0	0	0	0	0	0	0	0	0	0	0	0	0	1394	0	0	0	0	0	0	0	0	0	0	0	0	0	0	0	0	0	190	0	0	0	0	0	0	0	0	0	0	0	0	0	0	0	0	0	0	0	0	0	0	0	0	0	0	0	0	0	0	0	0	474	1578	262	2126	0	0	0	0	0	0	0	0	0	0	0	0	0	0	0	0	0	0	0	0	0	0	0	0	0	0	0	0	0	0	0	0	0	0	0	0	0	0	0	0	0	0	
150660	Thalamus_L	15202	1212	1006	418	0	0	730	246	0	0	0	0	0	112	0	112	106	0	1684	242	0	0	0	0	0	0	0	0	1068	142	0	0	0	0	3454	3484	6532	3118	1250	1232	0	0	202	0	0	0	302	254	0	0	0	0	180	0	1096	146	576	98	0	0	0	0	0	0	0	0	208	868	9140	0	9926	1598	1832	106	1332	0	0	5586	160	0	0	0	0	0	0	0	0	0	370	0	0	0	0	0	0	0	0	0	0	0	0	0	0	0	0	0	0	0	0	0	0	0	0	0	0	0	
128560	Thalamus_R	2468	11006	140	4640	0	0	0	0	0	0	0	0	0	0	0	0	0	0	136	4348	0	0	0	0	0	0	0	0	364	192	0	0	0	0	1864	1774	2102	6032	126	2078	0	446	0	0	0	0	0	504	0	0	0	0	0	0	356	952	0	0	0	0	0	0	0	0	0	0	96	722	720	0	1626	13946	226	1016	0	0	5586	0	0	0	0	0	0	0	0	0	0	0	274	540	0	0	0	0	0	0	0	0	0	0	0	0	0	0	0	0	0	0	0	0	0	0	0	0	0	0	
55480	Heschl_L	1412	0	1862	260	0	0	0	0	0	0	0	0	0	0	0	0	2380	0	1816	172	0	0	0	0	0	0	0	0	5254	0	0	0	0	0	532	166	1860	0	0	0	0	0	0	0	386	0	0	0	312	0	0	0	190	0	2686	0	986	0	196	0	0	0	0	0	0	0	482	0	0	0	544	0	954	0	0	0	160	0	0	0	2192	0	0	0	1124	0	0	0	1814	0	0	0	0	0	0	0	0	0	0	0	0	0	0	0	0	0	0	0	0	0	0	0	0	0	0	0	
27924	Heschl_R	0	546	0	1032	0	0	0	0	0	0	0	272	0	0	0	0	0	2570	0	186	0	0	0	0	0	0	0	0	0	1190	0	0	0	0	0	0	0	0	0	0	0	0	0	0	0	0	0	0	0	0	0	0	0	0	0	0	0	318	0	0	0	0	0	548	0	0	0	0	0	0	0	0	0	0	0	0	0	0	0	0	0	6612	0	0	0	562	0	0	0	126	0	0	0	0	0	0	0	0	0	0	0	0	0	0	0	0	0	0	0	0	0	0	0	0	0	0	
212948	Temporal_Sup_L	5338	0	4932	986	0	0	240	360	0	0	480	0	144	0	912	0	9028	0	5002	210	0	0	0	0	0	0	0	0	11080	0	0	0	0	0	250	0	1108	0	0	0	0	0	0	0	0	0	0	0	0	0	206	0	0	0	1154	0	7658	0	1352	0	1274	0	8082	0	1880	0	0	0	0	0	2200	140	2536	206	0	0	0	0	2192	0	0	0	2784	0	24402	0	0	0	10338	0	0	0	0	0	0	0	0	0	0	0	0	0	0	0	0	0	0	0	0	0	0	0	0	0	0	0	
133868	Temporal_Sup_R	222	2416	0	3106	0	0	0	378	0	0	0	1442	0	0	0	138	0	6326	0	1928	0	0	0	0	0	0	0	0	0	5390	0	0	0	540	0	214	0	372	0	0	0	0	0	136	0	240	0	0	0	446	0	520	0	0	0	942	0	1920	0	334	0	704	0	5318	0	3120	0	560	120	1068	100	0	0	680	0	0	0	0	0	6612	0	0	0	2790	0	14180	0	118	0	4554	0	0	0	0	0	0	0	0	0	0	0	0	0	0	0	0	0	0	0	0	0	0	0	0	0	0	
208528	Temporal_Pole_Sup_L	1578	0	6142	2206	1014	0	5178	0	386	0	13080	96	2040	96	4250	124	9340	0	3616	1716	1024	0	402	0	0	0	0	0	14770	272	874	186	0	0	0	0	782	0	672	0	648	0	0	0	0	0	0	0	0	0	0	0	0	0	4076	0	0	0	0	0	0	0	0	0	0	0	0	0	0	0	658	114	626	150	0	0	0	0	0	0	2784	0	0	0	9250	0	4968	0	11146	0	0	0	0	0	0	0	0	0	0	0	0	0	0	0	0	0	0	0	0	0	0	0	0	0	0	0	
102196	Temporal_Pole_Sup_R	0	0	0	1614	0	0	0	582	0	0	0	2668	0	286	0	466	0	2618	0	870	0	0	0	0	0	0	0	0	132	3480	0	0	0	0	0	0	0	1278	0	1512	0	2162	0	0	0	0	0	0	0	0	0	0	0	0	0	7586	0	0	0	0	0	0	0	0	0	0	0	0	0	0	186	132	0	286	0	0	0	0	0	0	0	2790	0	0	0	7264	0	7662	0	7524	0	0	0	0	0	0	0	0	0	0	0	0	0	0	0	0	0	0	0	0	0	0	0	0	0	0	
369744	Temporal_Mid_L	3908	240	1502	364	0	0	0	524	0	0	0	0	0	0	342	0	936	0	1502	156	0	0	0	0	0	0	0	0	7190	0	0	0	2794	126	3494	144	2190	0	438	0	0	0	3662	0	1994	0	3076	0	764	0	27552	0	11290	0	6502	0	2508	116	954	0	4338	0	7162	0	8284	0	3420	0	136	124	1166	0	1020	0	0	0	0	0	1124	0	24402	0	9250	0	0	0	3848	0	36330	0	0	0	0	0	0	0	0	0	0	0	0	0	0	0	0	0	0	0	0	0	0	0	0	0	0	0	
310048	Temporal_Mid_R	526	4338	0	4392	0	0	0	202	0	0	0	144	0	0	0	94	0	588	0	5204	0	0	0	0	0	0	0	0	0	3352	0	0	188	2464	152	706	0	1984	0	136	0	0	136	5780	0	1508	0	0	0	4512	0	10712	0	2202	0	2768	0	6718	0	5472	0	8348	0	4514	0	9616	0	4672	120	4600	314	0	0	2116	0	0	0	0	0	562	0	14180	0	7264	0	0	0	5296	0	29144	0	0	0	0	0	0	0	0	0	0	0	0	0	0	0	0	0	0	0	0	0	0	0	0	0	0	
31328	Temporal_Pole_Mid_L	0	0	0	0	0	0	0	0	0	0	0	0	0	0	0	0	0	0	0	0	0	0	0	0	0	0	0	0	0	0	0	0	0	0	0	0	0	0	316	0	0	0	0	0	0	0	0	0	0	0	0	0	0	0	1558	0	0	0	0	0	0	0	0	0	0	0	0	0	0	0	0	0	0	0	0	0	0	0	0	0	0	0	4968	0	3848	0	0	0	4974	0	0	0	0	0	0	0	0	0	0	0	0	0	0	0	0	0	0	0	0	0	0	0	0	0	0	0	
53904	Temporal_Pole_Mid_R	0	0	0	0	0	0	0	0	0	0	0	0	0	0	0	0	0	0	0	0	0	0	0	0	0	0	0	0	0	0	0	0	0	0	0	0	0	730	0	650	0	878	0	0	0	0	0	0	0	0	0	0	0	0	0	4442	0	0	0	0	0	0	0	0	0	0	0	0	0	0	0	0	0	0	0	0	0	0	0	0	0	118	0	7662	0	5296	0	0	0	7176	0	0	0	0	0	0	0	0	0	0	0	0	0	0	0	0	0	0	0	0	0	0	0	0	0	0	
289140	Temporal_Inf_L	2890	130	2294	912	0	0	0	518	0	0	0	0	0	0	0	106	190	0	2238	102	0	0	0	0	0	0	0	0	9288	0	0	0	932	0	1310	278	8848	296	992	150	2106	0	534	0	340	0	460	0	188	0	3510	0	5050	0	20302	0	970	0	146	0	674	0	742	0	752	0	1590	106	0	0	2434	180	3012	216	0	0	370	274	1814	0	10338	0	11146	0	36330	0	4974	0	0	0	2266	0	634	0	0	0	0	0	488	0	524	0	626	0	0	0	0	0	0	0	0	0	0	0	0	0	
400148	Temporal_Inf_R	3590	7196	0	8938	0	0	0	292	0	0	0	0	0	0	0	232	0	310	0	6946	0	0	0	0	0	0	0	0	0	6062	0	0	668	2288	5292	7536	0	16100	0	2226	0	438	0	3870	0	736	0	786	0	2196	0	1506	0	4562	0	33544	160	3742	0	2436	0	2650	0	2048	0	510	0	7702	756	4236	246	0	0	4972	0	0	0	540	0	126	0	4554	0	7524	0	29144	0	7176	0	0	0	2698	0	1706	0	0	0	0	0	0	0	0	0	1834	0	0	0	0	0	0	0	0	0	0	0	0	
392948	Cerebelum_Crus1_L	0	0	0	0	0	0	0	0	0	0	0	0	0	0	0	0	0	0	0	0	0	0	0	0	0	0	0	0	0	0	0	0	0	0	0	0	0	0	108	0	0	0	0	0	0	0	7342	520	0	0	0	0	0	0	17972	544	0	0	0	0	0	0	0	0	0	0	0	0	0	0	0	0	0	0	0	0	0	0	0	0	0	0	0	0	0	0	0	0	2266	0	0	3392	30064	4690	126	122	13042	1148	49036	4778	10944	890	16516	2146	1556	2278	874	0	0	0	2328	9312	9184	2936	2360	0	
308680	Cerebelum_Crus1_R	0	0	0	0	0	0	0	0	0	0	0	0	0	0	0	0	0	0	0	0	0	0	0	0	0	0	0	0	0	0	0	0	0	0	0	0	0	0	0	0	0	0	0	0	0	0	716	2680	0	0	0	0	0	0	122	10846	0	0	0	0	0	0	0	0	0	0	0	0	0	0	0	0	0	0	0	0	0	0	0	0	0	0	0	0	0	0	0	0	0	2698	3392	0	1924	28290	0	1794	934	15054	1770	40404	540	3018	1042	15948	166	2734	0	230	0	0	3142	5374	9414	1488	620	0	
339440	Cerebelum_Crus2_L	0	0	0	0	0	0	0	0	0	0	0	0	0	0	0	0	0	0	0	0	0	0	0	0	0	0	0	0	0	0	0	0	0	0	0	0	0	0	0	0	0	0	0	0	0	0	1962	338	0	0	0	0	0	0	2994	286	0	0	0	0	0	0	0	0	0	0	0	0	0	0	0	0	0	0	0	0	0	0	0	0	0	0	0	0	0	0	0	0	634	0	30064	1924	0	9334	0	0	3502	594	11916	2510	36118	5356	32674	6100	1174	1468	818	0	0	0	824	3908	10018	3962	1242	0	
303072	Cerebelum_Crus2_R	0	0	0	0	0	0	0	0	0	0	0	0	0	0	0	0	0	0	0	0	0	0	0	0	0	0	0	0	0	0	0	0	0	0	0	0	0	0	0	0	0	0	0	0	0	0	248	968	0	0	0	0	0	0	128	1166	0	0	0	0	0	0	0	0	0	0	0	0	0	0	0	0	0	0	0	0	0	0	0	0	0	0	0	0	0	0	0	0	0	1706	4690	28290	9334	0	0	396	186	2024	1364	7574	5096	23232	4874	35866	410	3662	0	0	0	0	194	3530	12858	2960	780	0	
24228	Cerebelum_3_L	0	0	0	0	0	0	0	0	0	0	0	0	0	0	0	0	0	0	0	0	0	0	0	0	0	0	0	0	0	0	0	0	0	0	0	0	0	0	298	0	0	0	0	0	0	0	634	0	0	0	0	0	0	0	262	0	0	0	0	0	0	0	0	0	0	0	0	0	0	0	0	0	0	0	0	0	0	0	0	0	0	0	0	0	0	0	0	0	0	0	126	0	0	0	0	126	5210	0	944	0	0	0	0	0	684	204	0	0	796	1074	848	466	0	208	234	0	
38996	Cerebelum_3_R	0	0	0	0	0	0	0	0	0	0	0	0	0	0	0	0	0	0	0	0	0	0	0	0	0	0	0	0	0	0	0	0	0	0	0	0	152	0	184	0	0	0	0	0	0	0	432	488	0	0	0	0	0	0	0	112	0	0	0	0	0	0	0	0	0	0	0	0	0	0	0	0	0	0	0	0	0	0	0	0	0	0	0	0	0	0	0	0	0	0	122	1794	0	396	126	0	1104	4462	278	4684	0	150	0	332	0	228	0	0	260	1218	1762	714	136	212	152	0	
270720	Cerebelum_4_5_L	0	0	0	0	0	0	0	0	0	0	0	0	0	0	0	0	0	0	0	0	0	0	0	0	0	0	0	0	0	0	0	0	0	0	0	0	152	0	1070	0	0	0	372	0	0	0	19358	652	0	0	0	0	0	0	9720	304	0	0	0	0	0	0	0	0	0	0	0	0	0	0	0	0	0	0	0	0	0	0	0	0	0	0	0	0	0	0	0	0	0	0	13042	934	3502	186	5210	1104	0	4040	30558	5726	1796	0	2630	128	3734	2456	618	0	342	1308	12206	7700	1136	1912	2362	1102	
175952	Cerebelum_4_5_R	0	0	0	0	0	0	0	0	0	0	0	0	0	0	0	0	0	0	0	0	0	0	0	0	0	0	0	0	0	0	0	0	0	0	0	0	0	132	0	296	0	0	0	0	0	0	1926	2466	0	0	0	0	0	0	0	5334	0	0	0	0	0	0	0	0	0	0	0	0	0	0	0	0	0	0	0	0	0	0	0	0	0	0	0	0	0	0	0	0	0	0	1148	15054	594	2024	0	4462	4040	0	1992	27916	0	164	0	1148	0	1222	0	0	98	796	10252	3490	1360	1198	864	0	
393028	Cerebelum_6_L	0	0	0	0	0	0	0	0	0	0	0	0	0	0	0	0	0	0	0	0	0	0	0	0	0	0	0	0	0	0	0	0	0	0	0	0	0	0	618	0	0	0	182	0	0	0	17950	796	0	0	0	0	0	0	25492	632	0	0	0	0	0	0	0	0	0	0	0	0	0	0	0	0	0	0	0	0	0	0	0	0	0	0	0	0	0	0	0	0	488	0	49036	1770	11916	1364	944	278	30558	1992	0	5012	5872	156	9742	568	1372	2246	866	0	0	256	5548	10774	5038	2582	2268	198	
326952	Cerebelum_6_R	0	0	0	0	0	0	0	0	0	0	0	0	0	0	0	0	0	0	0	0	0	0	0	0	0	0	0	0	0	0	0	0	0	0	0	0	0	102	0	132	0	0	94	0	0	0	2904	4542	0	0	0	0	0	0	312	13284	0	0	0	0	0	0	0	0	0	0	0	0	0	0	0	0	0	0	0	0	0	0	0	0	0	0	0	0	0	0	0	0	0	0	4778	40404	2510	7574	0	4684	5726	27916	5012	0	328	768	554	3536	114	2336	0	114	0	748	11234	11670	8548	2314	1238	0	
245144	Cerebelum_7b_L	0	0	0	0	0	0	0	0	0	0	0	0	0	0	0	0	0	0	0	0	0	0	0	0	0	0	0	0	0	0	0	0	0	0	0	0	0	0	0	0	0	0	0	0	0	0	592	0	0	0	0	0	0	0	1580	0	0	0	0	0	0	0	0	0	0	0	0	0	0	0	0	0	0	0	0	0	0	0	0	0	0	0	0	0	0	0	0	0	524	0	10944	540	36118	5096	0	0	1796	0	5872	328	0	3956	35046	5060	1040	896	728	0	0	0	142	586	6288	4660	780	0	
132872	Cerebelum_7b_R	0	0	0	0	0	0	0	0	0	0	0	0	0	0	0	0	0	0	0	0	0	0	0	0	0	0	0	0	0	0	0	0	0	0	0	0	0	0	0	0	0	0	0	0	0	0	0	0	0	0	0	0	0	0	0	0	0	0	0	0	0	0	0	0	0	0	0	0	0	0	0	0	0	0	0	0	0	0	0	0	0	0	0	0	0	0	0	0	0	0	890	3018	5356	23232	0	150	0	164	156	768	3956	0	2350	20498	0	158	0	0	0	0	0	116	4120	1504	0	0	
299920	Cerebelum_8_L	0	0	0	0	0	0	0	0	0	0	0	0	0	0	0	0	0	0	0	0	0	0	0	0	0	0	0	0	0	0	0	0	0	0	0	0	0	0	0	0	0	0	0	0	0	0	662	0	0	0	0	0	0	0	2694	0	0	0	0	0	0	0	0	0	0	0	0	0	0	0	0	0	0	0	0	0	0	0	0	0	0	0	0	0	0	0	0	0	626	0	16516	1042	32674	4874	0	0	2630	0	9742	554	35046	2350	0	5810	10180	2228	3830	0	0	0	164	1734	7246	7054	2304	0	
266320	Cerebelum_8_R	0	0	0	0	0	0	0	0	0	0	0	0	0	0	0	0	0	0	0	0	0	0	0	0	0	0	0	0	0	0	0	0	0	0	0	0	0	0	0	0	0	0	0	0	0	0	0	98	0	0	0	0	0	0	126	198	0	0	0	0	0	0	0	0	0	0	0	0	0	0	0	0	0	0	0	0	0	0	0	0	0	0	0	0	0	0	0	0	0	1834	2146	15948	6100	35866	0	332	128	1148	568	3536	5060	20498	5810	0	612	13312	100	424	0	0	118	1738	9250	6446	1764	0	
79560	Cerebelum_9_L	0	0	0	0	0	0	0	0	0	0	0	0	0	0	0	0	0	0	0	0	0	0	0	0	0	0	0	0	0	0	0	0	0	0	0	0	0	0	0	0	0	0	0	0	0	0	402	0	0	0	0	0	0	0	94	0	0	0	0	0	0	0	0	0	0	0	0	0	0	0	0	0	0	0	0	0	0	0	0	0	0	0	0	0	0	0	0	0	0	0	1556	166	1174	410	684	0	3734	0	1372	114	1040	0	10180	612	0	2108	5692	0	0	0	1360	2728	1286	2120	2170	778	
137660	Cerebelum_9_R	0	0	0	0	0	0	0	0	0	0	0	0	0	0	0	0	0	0	0	0	0	0	0	0	0	0	0	0	0	0	0	0	0	0	0	0	0	0	0	0	0	0	0	0	0	0	944	0	0	0	0	0	0	0	164	0	0	0	0	0	0	0	0	0	0	0	0	0	0	0	0	0	0	0	0	0	0	0	0	0	0	0	0	0	0	0	0	0	0	0	2278	2734	1468	3662	204	228	2456	1222	2246	2336	896	158	2228	13312	2108	0	462	978	0	130	2462	6408	5112	6966	6450	1218	
30828	Cerebelum_10_L	0	0	0	0	0	0	0	0	0	0	0	0	0	0	0	0	0	0	0	0	0	0	0	0	0	0	0	0	0	0	0	0	0	0	0	0	0	0	0	0	0	0	0	0	0	0	0	0	0	0	0	0	0	0	0	0	0	0	0	0	0	0	0	0	0	0	0	0	0	0	0	0	0	0	0	0	0	0	0	0	0	0	0	0	0	0	0	0	0	0	874	0	818	0	0	0	618	0	866	0	728	0	3830	100	5692	462	0	0	0	0	0	382	366	340	338	0	
4948	Cerebelum_10_R	0	0	0	0	0	0	0	0	0	0	0	0	0	0	0	0	0	0	0	0	0	0	0	0	0	0	0	0	0	0	0	0	0	0	0	0	0	0	0	0	0	0	0	0	0	0	0	0	0	0	0	0	0	0	0	0	0	0	0	0	0	0	0	0	0	0	0	0	0	0	0	0	0	0	0	0	0	0	0	0	0	0	0	0	0	0	0	0	0	0	0	230	0	0	0	0	0	0	0	114	0	0	0	424	0	978	0	0	0	0	0	122	314	144	148	0	
12096	Vermis_1_2	0	0	0	0	0	0	0	0	0	0	0	0	0	0	0	0	0	0	0	0	0	0	0	0	0	0	0	0	0	0	0	0	0	0	0	0	0	0	106	0	0	0	0	0	0	0	130	0	0	0	0	0	0	0	0	0	0	0	0	0	0	0	0	0	0	0	0	0	0	0	0	0	0	0	0	0	0	0	0	0	0	0	0	0	0	0	0	0	0	0	0	0	0	0	796	260	342	98	0	0	0	0	0	0	0	0	0	0	0	3532	680	104	0	0	0	0	
25492	Vermis_3	0	0	0	0	0	0	0	0	0	0	0	0	0	0	0	0	0	0	0	0	0	0	0	0	0	0	0	0	0	0	0	0	0	0	0	0	288	0	530	0	0	0	0	0	0	0	506	0	0	0	0	0	0	0	0	0	0	0	0	0	0	0	0	0	0	0	0	0	0	0	0	0	0	0	0	0	0	0	0	0	0	0	0	0	0	0	0	0	0	0	0	0	0	0	1074	1218	1308	796	256	748	0	0	0	0	0	130	0	0	3532	0	1390	578	108	186	98	0	
165132	Vermis_4_5	0	0	0	0	0	0	0	0	0	0	0	0	0	0	0	0	0	0	0	0	0	0	0	0	0	0	0	0	0	0	0	0	0	0	172	668	120	588	0	570	0	0	230	0	0	0	5382	2566	0	0	0	0	0	0	814	2446	0	0	0	0	0	0	0	0	0	0	0	734	0	0	0	0	0	0	0	0	0	0	0	0	0	0	0	0	0	0	0	0	0	0	2328	3142	824	194	848	1762	12206	10252	5548	11234	142	0	164	118	1360	2462	0	0	680	1390	0	7500	668	1274	2342	1838	
222056	Vermis_6	0	0	0	0	0	0	0	0	0	0	0	0	0	0	0	0	0	0	0	0	0	0	0	0	0	0	0	0	0	0	0	0	0	0	0	0	0	0	0	0	0	0	0	0	0	0	3780	2354	0	0	0	0	0	0	874	1680	0	0	0	0	0	0	0	0	0	0	0	0	0	0	0	0	0	0	0	0	0	0	0	0	0	0	0	0	0	0	0	0	0	0	9312	5374	3908	3530	466	714	7700	3490	10774	11670	586	116	1734	1738	2728	6408	382	122	104	578	7500	0	10238	5484	6038	1646	
