data	data	480056	394860	893380	741064	122360	97660	508644	200096	57360	26940	238564	198324	270692	256672	151192	67812	213436	81232	790240	682192	73600	100308	301700	265708	15224	73136	34720	101524	598268	382712	269008	367512	123336	477100	114704	153436	269116	320552	109056	159012	34840	44720	288456	333964	165956	362096	271740	330324	222760	331768	480396	158720	181860	238500	330532	441732	260580	288388	173952	123116	188156	154152	94728	132044	125152	159336	269796	467384	183500	236908	187540	378472	238920	324732	42868	22692	142672	217148	67736	15884	181668	82780	111168	32420	306016	214516	35352	13580	259236	339160	638460	443228	351920	317732	65540	60692	384392	239716	668616	518300	236280	198832	452088	387932	269968	134124	29172	10056	23216	85476	288412	333660	268980	155520	141796	48532	
data	data	Precentral_L	Precentral_R	Frontal_Sup_L	Frontal_Sup_R	Frontal_Sup_Orb_L	Frontal_Sup_Orb_R	Frontal_Mid_L	Frontal_Mid_R	Frontal_Mid_Orb_L	Frontal_Mid_Orb_R	Frontal_Inf_Oper_L	Frontal_Inf_Oper_R	Frontal_Inf_Tri_L	Frontal_Inf_Tri_R	Frontal_Inf_Orb_L	Frontal_Inf_Orb_R	Rolandic_Oper_L	Rolandic_Oper_R	Supp_Motor_Area_L	Supp_Motor_Area_R	Olfactory_L	Olfactory_R	Frontal_Sup_Medial_L	Frontal_Sup_Medial_R	Frontal_Med_Orb_L	Frontal_Med_Orb_R	Rectus_L	Rectus_R	Insula_L	Insula_R	Cingulum_Ant_L	Cingulum_Ant_R	Cingulum_Mid_L	Cingulum_Mid_R	Cingulum_Post_L	Cingulum_Post_R	Hippocampus_L	Hippocampus_R	ParaHippocampal_L	ParaHippocampal_R	Amygdala_L	Amygdala_R	Calcarine_L	Calcarine_R	Cuneus_L	Cuneus_R	Lingual_L	Lingual_R	Occipital_Sup_L	Occipital_Sup_R	Occipital_Mid_L	Occipital_Mid_R	Occipital_Inf_L	Occipital_Inf_R	Fusiform_L	Fusiform_R	Postcentral_L	Postcentral_R	Parietal_Sup_L	Parietal_Sup_R	Parietal_Inf_L	Parietal_Inf_R	SupraMarginal_L	SupraMarginal_R	Angular_L	Angular_R	Precuneus_L	Precuneus_R	Paracentral_Lobule_L	Paracentral_Lobule_R	Caudate_L	Caudate_R	Putamen_L	Putamen_R	Pallidum_L	Pallidum_R	Thalamus_L	Thalamus_R	Heschl_L	Heschl_R	Temporal_Sup_L	Temporal_Sup_R	Temporal_Pole_Sup_L	Temporal_Pole_Sup_R	Temporal_Mid_L	Temporal_Mid_R	Temporal_Pole_Mid_L	Temporal_Pole_Mid_R	Temporal_Inf_L	Temporal_Inf_R	Cerebelum_Crus1_L	Cerebelum_Crus1_R	Cerebelum_Crus2_L	Cerebelum_Crus2_R	Cerebelum_3_L	Cerebelum_3_R	Cerebelum_4_5_L	Cerebelum_4_5_R	Cerebelum_6_L	Cerebelum_6_R	Cerebelum_7b_L	Cerebelum_7b_R	Cerebelum_8_L	Cerebelum_8_R	Cerebelum_9_L	Cerebelum_9_R	Cerebelum_10_L	Cerebelum_10_R	Vermis_1_2	Vermis_3	Vermis_4_5	Vermis_6	Vermis_7	Vermis_8	Vermis_9	Vermis_10	
480056	Precentral_L	0	12502	21368	3838	0	0	21634	142	0	0	9956	242	1750	328	0	0	6822	0	3062	7982	0	0	80	0	0	0	0	0	12688	350	458	0	746	3972	5374	3510	9906	3058	2066	0	0	0	252	0	326	0	586	0	0	0	486	0	576	0	1306	0	30934	0	0	0	5058	0	842	0	274	0	680	0	17594	4200	5692	1762	7528	86	3150	0	16738	5464	2060	0	1656	0	0	0	432	0	0	0	512	0	0	0	0	0	0	0	0	0	0	0	0	0	0	0	0	0	0	0	0	0	0	0	0	0	0	0	
394860	Precentral_R	12502	0	4660	21384	0	0	318	3566	0	0	0	1868	0	0	0	0	152	328	7028	14186	0	0	0	0	0	0	0	0	502	3202	0	0	158	2716	2896	5748	3518	13136	446	1064	0	0	0	1024	0	508	166	302	0	400	0	0	0	168	0	2776	482	19352	0	380	0	1242	446	1860	0	644	0	2074	4044	13644	1228	6954	1382	2184	1024	374	7588	22728	134	0	208	146	0	0	0	1634	0	0	0	2956	0	0	0	0	0	0	0	0	0	0	0	0	0	0	0	0	0	0	0	0	0	0	0	0	0	0	
893380	Frontal_Sup_L	21368	4660	0	9490	8378	0	71656	3674	2278	0	19186	1864	17932	2604	6076	126	10328	140	76390	10954	242	0	37070	2268	886	0	96	0	45722	2830	20592	4354	2866	2010	0	0	5002	244	836	0	200	0	0	0	0	0	150	0	0	0	0	0	0	0	148	0	4670	1098	0	0	752	0	714	0	260	0	0	0	446	90	8050	5374	17720	1660	3472	0	2668	394	520	0	2912	0	2816	0	146	0	0	0	308	0	0	0	0	0	0	0	0	0	0	0	0	0	0	0	0	0	0	0	0	0	0	0	0	0	0	0	
741064	Frontal_Sup_R	3838	21384	9490	0	0	1832	436	27364	0	636	0	11772	168	11732	0	2724	0	1142	28692	55784	0	360	11046	30450	0	2524	0	706	158	16042	4476	22528	898	24680	1204	1786	1396	2588	0	376	0	0	0	0	0	0	0	0	0	0	0	0	0	0	0	92	0	420	0	0	0	0	0	0	0	0	0	0	1758	154	566	23812	340	23646	270	1876	2956	16140	0	0	0	0	0	290	0	0	0	0	0	0	0	0	0	0	0	0	0	0	0	0	0	0	0	0	0	0	0	0	0	0	0	0	0	0	0	0	
122360	Frontal_Sup_Orb_L	0	0	8378	0	0	284	1304	0	10792	0	0	0	412	0	10190	0	0	0	134	0	1534	620	2090	0	1986	0	4006	304	7422	0	2782	0	0	0	0	0	0	0	0	0	180	0	0	0	0	0	0	0	0	0	0	0	0	0	0	0	0	0	0	0	0	0	0	0	0	0	0	0	0	0	1260	156	6904	0	0	0	0	0	0	0	0	0	442	0	0	0	0	0	0	0	0	0	0	0	0	0	0	0	0	0	0	0	0	0	0	0	0	0	0	0	0	0	0	0	0	0	
97660	Frontal_Sup_Orb_R	0	0	0	1832	284	0	0	438	0	2284	0	0	0	0	230	2396	0	0	0	0	2228	4884	124	3052	0	7654	420	10896	104	490	1036	1034	0	0	0	0	0	0	0	0	0	0	0	0	0	0	0	0	0	0	0	0	0	0	0	0	0	0	0	0	0	0	0	0	0	0	0	0	0	0	2734	3810	1622	1188	90	0	0	0	0	0	0	0	0	0	0	0	0	0	0	0	0	0	0	0	0	0	0	0	0	0	0	0	0	0	0	0	0	0	0	0	0	0	0	0	0	0	
508644	Frontal_Mid_L	21634	318	71656	436	1304	0	0	218	1222	0	12074	1256	41788	1080	13784	0	1064	0	12200	322	0	0	13072	342	0	0	0	0	34212	1154	3052	570	1334	86	0	0	2500	0	690	0	0	0	0	0	0	0	146	0	0	0	0	0	0	0	0	0	1846	0	0	0	738	0	0	0	82	0	0	0	0	0	4416	1608	2988	218	418	0	1640	120	284	0	336	0	2114	0	0	0	0	0	0	0	0	0	0	0	0	0	0	0	0	0	0	0	0	0	0	0	0	0	0	0	0	0	0	0	0	0	
200096	Frontal_Mid_R	142	3566	3674	27364	0	438	218	0	0	1578	0	8680	0	13362	0	3228	0	0	8168	6824	0	0	624	2266	0	0	0	0	0	5250	300	1746	92	4830	0	0	0	518	0	216	0	0	0	0	0	0	0	0	0	0	0	0	0	0	0	98	0	114	0	0	0	0	0	0	0	0	0	0	0	0	0	2200	0	2870	0	444	0	1238	0	0	0	0	0	0	0	0	0	0	0	0	0	0	0	0	0	0	0	0	0	0	0	0	0	0	0	0	0	0	0	0	0	0	0	0	0	0	
57360	Frontal_Mid_Orb_L	0	0	2278	0	10792	0	1222	0	0	0	0	0	196	0	8514	0	0	0	0	0	184	120	0	0	0	0	1150	0	1896	0	116	0	0	0	0	0	0	0	0	0	0	0	0	0	0	0	0	0	0	0	0	0	0	0	0	0	0	0	0	0	0	0	0	0	0	0	0	0	0	0	160	0	1822	0	0	0	0	0	0	0	0	0	230	0	0	0	0	0	0	0	0	0	0	0	0	0	0	0	0	0	0	0	0	0	0	0	0	0	0	0	0	0	0	0	0	0	
26940	Frontal_Mid_Orb_R	0	0	0	636	0	2284	0	1578	0	0	0	0	0	832	0	5934	0	0	0	302	0	0	0	0	0	0	0	142	0	800	0	0	0	0	0	0	0	0	0	0	0	0	0	0	0	0	0	0	0	0	0	0	0	0	0	0	0	0	0	0	0	0	0	0	0	0	0	0	0	0	0	202	0	760	0	0	0	0	0	0	0	0	0	0	0	0	0	0	0	0	0	0	0	0	0	0	0	0	0	0	0	0	0	0	0	0	0	0	0	0	0	0	0	0	0	0	
238564	Frontal_Inf_Oper_L	9956	0	19186	0	0	0	12074	0	0	0	0	82	14720	114	126	0	9722	0	13170	0	0	0	1418	0	0	0	0	0	21072	146	1064	92	0	0	0	0	788	0	0	0	0	0	0	0	0	0	0	0	0	0	0	0	0	0	0	0	4678	0	0	0	828	0	0	0	0	0	0	0	0	0	612	268	574	0	0	0	282	0	304	0	3332	0	4674	0	0	0	0	0	0	0	0	0	0	0	0	0	0	0	0	0	0	0	0	0	0	0	0	0	0	0	0	0	0	0	0	0	
198324	Frontal_Inf_Oper_R	242	1868	1864	11772	0	0	1256	8680	0	0	82	0	0	17164	0	0	0	2098	6616	10570	0	0	252	218	0	0	0	0	94	17180	166	1112	82	5100	0	0	84	1534	0	548	0	0	0	0	0	0	0	0	0	0	0	0	0	0	0	336	96	1262	0	0	0	0	0	0	0	0	0	0	0	0	168	1054	98	5864	0	656	0	572	0	0	0	0	0	332	0	0	0	0	0	142	0	0	0	0	0	0	0	0	0	0	0	0	0	0	0	0	0	0	0	0	0	0	0	0	0	0	
270692	Frontal_Inf_Tri_L	1750	0	17932	168	412	0	41788	0	196	0	14720	0	0	212	13250	0	732	0	3944	0	0	0	5466	220	0	0	0	0	24722	212	3572	730	280	268	0	0	126	0	0	0	0	0	0	0	0	0	0	0	0	0	0	0	0	0	0	0	120	0	0	0	94	0	0	0	0	0	0	0	0	0	618	272	370	0	0	0	88	0	0	0	238	0	2846	0	0	0	0	0	0	0	0	0	0	0	0	0	0	0	0	0	0	0	0	0	0	0	0	0	0	0	0	0	0	0	0	0	
256672	Frontal_Inf_Tri_R	328	0	2604	11732	0	0	1080	13362	0	832	114	17164	212	0	0	3946	0	446	6676	6844	0	0	540	1686	0	0	0	0	228	25952	2486	9050	174	5696	0	0	0	800	0	188	0	0	0	0	0	0	0	0	0	0	0	0	0	0	0	0	106	0	0	0	0	0	0	0	0	0	0	0	0	0	956	9808	418	4014	0	172	0	722	0	0	0	0	0	0	0	0	0	0	0	0	0	0	0	0	0	0	0	0	0	0	0	0	0	0	0	0	0	0	0	0	0	0	0	0	0	0	
151192	Frontal_Inf_Orb_L	0	0	6076	0	10190	230	13784	0	8514	0	126	0	13250	0	0	0	0	0	106	0	1592	524	0	0	0	0	796	244	13010	0	0	0	0	0	0	0	0	0	166	0	172	0	0	0	0	0	0	0	0	0	0	0	0	0	0	0	0	0	0	0	0	0	0	0	0	0	0	0	0	0	1192	116	3318	0	0	0	0	0	0	0	0	0	2190	0	0	0	0	0	0	0	0	0	0	0	0	0	0	0	0	0	0	0	0	0	0	0	0	0	0	0	0	0	0	0	0	0	
67812	Frontal_Inf_Orb_R	0	0	126	2724	0	2396	0	3228	0	5934	0	0	0	3946	0	0	0	0	160	950	124	940	0	374	0	0	0	1170	0	6396	186	808	0	144	0	0	0	0	0	0	0	0	0	0	0	0	0	0	0	0	0	0	0	0	0	0	0	0	0	0	0	0	0	0	0	0	0	0	0	0	192	1880	0	2228	0	0	0	0	0	0	0	0	0	0	0	0	0	0	0	0	0	0	0	0	0	0	0	0	0	0	0	0	0	0	0	0	0	0	0	0	0	0	0	0	0	0	
213436	Rolandic_Oper_L	6822	152	10328	0	0	0	1064	0	0	0	9722	0	732	0	0	0	0	0	6694	0	0	0	222	0	0	0	0	0	18764	0	146	0	0	0	0	0	248	0	0	0	0	0	158	0	218	0	0	0	0	0	5320	0	366	0	1168	0	9728	0	4410	0	2194	0	1306	0	1856	0	2062	0	292	0	166	0	0	0	0	0	0	0	5524	0	10120	0	1638	0	3712	0	0	0	1586	0	0	0	0	0	0	0	0	0	0	0	0	0	0	0	0	0	0	0	0	0	0	0	0	0	0	0	
81232	Rolandic_Oper_R	0	328	140	1142	0	0	0	0	0	0	0	2098	0	446	0	0	0	0	966	976	0	0	0	0	0	0	0	0	0	10612	0	0	0	186	0	0	84	2870	0	578	0	0	0	0	0	0	0	0	0	0	0	0	0	0	0	1434	0	3368	0	0	0	0	0	1186	0	0	0	0	0	0	0	212	0	6606	0	224	0	768	0	1314	0	3610	0	0	0	248	0	0	0	1220	0	0	0	0	0	0	0	0	0	0	0	0	0	0	0	0	0	0	0	0	0	0	0	0	0	0	
790240	Supp_Motor_Area_L	3062	7028	76390	28692	134	0	12200	8168	0	0	13170	6616	3944	6676	106	160	6694	966	0	58820	0	0	6038	6422	0	0	0	0	24206	6742	8064	10146	11058	36572	1720	346	2332	696	0	178	0	0	0	0	0	0	0	0	0	0	0	0	0	0	0	266	244	2226	0	78	78	0	0	0	0	0	122	0	11458	298	6754	5398	7390	3528	2158	310	2498	426	0	0	2288	0	1812	0	0	0	0	0	232	210	0	0	0	0	0	0	0	0	0	0	0	0	0	0	0	0	0	0	0	0	0	0	0	0	0	0	
682192	Supp_Motor_Area_R	7982	14186	10954	55784	0	0	322	6824	0	302	0	10570	0	6844	0	950	0	976	58820	0	0	0	1164	7866	0	0	0	0	78	10848	2476	10212	8104	51206	250	3110	0	1560	0	400	0	0	0	324	0	874	0	462	0	1002	0	0	0	208	0	1524	0	1270	0	570	0	594	0	612	0	518	0	1934	9946	18556	232	10990	284	10822	126	646	200	3442	0	0	0	128	0	286	0	1592	0	0	0	2166	0	0	0	0	0	0	0	0	0	0	0	0	0	0	0	0	0	0	0	0	0	0	0	0	0	0	
73600	Olfactory_L	0	0	242	0	1534	2228	0	0	184	0	0	0	0	0	1592	124	0	0	0	0	0	5762	0	106	0	326	2134	2822	2084	256	2088	1308	0	0	0	0	86	0	260	0	720	0	0	0	0	0	0	0	0	0	0	0	0	0	0	0	0	0	0	0	0	0	0	0	0	0	0	0	0	0	5748	3048	3374	484	0	0	0	0	0	0	0	0	290	0	0	0	0	0	0	0	0	0	0	0	0	0	0	0	0	0	0	0	0	0	0	0	0	0	0	0	0	0	0	0	0	0	
100308	Olfactory_R	0	0	0	360	620	4884	0	0	120	0	0	0	0	0	524	940	0	0	0	0	5762	0	0	642	0	1434	1584	7186	242	1988	2020	2270	0	0	0	0	0	0	0	0	0	426	0	0	0	0	0	0	0	0	0	0	0	0	0	0	0	0	0	0	0	0	0	0	0	0	0	0	0	0	7410	6948	3134	1548	112	0	0	0	0	0	0	0	0	0	0	0	0	0	0	0	0	0	0	0	0	0	0	0	0	0	0	0	0	0	0	0	0	0	0	0	0	0	0	0	0	0	
301700	Frontal_Sup_Medial_L	80	0	37070	11046	2090	124	13072	624	0	0	1418	252	5466	540	0	0	222	0	6038	1164	0	0	0	17790	1732	300	130	0	2914	200	20428	11252	4946	9732	0	0	0	0	0	0	0	0	0	0	0	0	0	0	0	0	0	0	0	0	0	0	0	0	0	0	0	0	0	0	0	0	0	0	0	0	348	332	1266	274	0	0	0	0	0	0	0	0	0	0	0	0	0	0	0	0	0	0	0	0	0	0	0	0	0	0	0	0	0	0	0	0	0	0	0	0	0	0	0	0	0	0	
265708	Frontal_Sup_Medial_R	0	0	2268	30450	0	3052	342	2266	0	0	0	218	220	1686	0	374	0	0	6422	7866	106	642	17790	0	120	5244	0	1562	0	1524	5116	19862	112	12860	0	0	0	0	0	0	0	0	0	0	0	0	0	0	0	0	0	0	0	0	0	0	0	0	0	0	0	0	0	0	0	0	0	0	0	0	160	6004	88	6360	0	0	0	140	0	0	0	0	0	0	0	0	0	0	0	0	0	0	0	0	0	0	0	0	0	0	0	0	0	0	0	0	0	0	0	0	0	0	0	0	0	0	
15224	Frontal_Med_Orb_L	0	0	886	0	1986	0	0	0	0	0	0	0	0	0	0	0	0	0	0	0	0	0	1732	120	0	278	756	0	0	0	1680	0	0	0	0	0	0	0	0	0	0	0	0	0	0	0	0	0	0	0	0	0	0	0	0	0	0	0	0	0	0	0	0	0	0	0	0	0	0	0	0	0	174	0	0	0	0	0	0	0	0	0	0	0	0	0	0	0	0	0	0	0	0	0	0	0	0	0	0	0	0	0	0	0	0	0	0	0	0	0	0	0	0	0	0	0	
73136	Frontal_Med_Orb_R	0	0	0	2524	0	7654	0	0	0	0	0	0	0	0	0	0	0	0	0	0	326	1434	300	5244	278	0	0	7950	0	0	1694	4356	0	0	0	0	0	0	0	0	0	0	0	0	0	0	0	0	0	0	0	0	0	0	0	0	0	0	0	0	0	0	0	0	0	0	0	0	0	0	408	2154	206	2040	0	0	0	0	0	0	0	0	0	0	0	0	0	0	0	0	0	0	0	0	0	0	0	0	0	0	0	0	0	0	0	0	0	0	0	0	0	0	0	0	0	0	
34720	Rectus_L	0	0	96	0	4006	420	0	0	1150	0	0	0	0	0	796	0	0	0	0	0	2134	1584	130	0	756	0	0	554	258	0	2424	622	0	0	0	0	0	0	0	0	0	0	0	0	0	0	0	0	0	0	0	0	0	0	0	0	0	0	0	0	0	0	0	0	0	0	0	0	0	0	1168	582	494	186	0	0	0	0	0	0	0	0	0	0	0	0	0	0	0	0	0	0	0	0	0	0	0	0	0	0	0	0	0	0	0	0	0	0	0	0	0	0	0	0	0	0	
101524	Rectus_R	0	0	0	706	304	10896	0	0	0	142	0	0	0	0	244	1170	0	0	0	0	2822	7186	0	1562	0	7950	554	0	114	702	1202	3738	0	0	0	0	0	0	0	0	0	0	0	0	0	0	0	0	0	0	0	0	0	0	0	0	0	0	0	0	0	0	0	0	0	0	0	0	0	0	3238	4844	1832	1446	110	0	0	0	0	0	0	0	0	0	0	0	0	0	0	0	0	0	0	0	0	0	0	0	0	0	0	0	0	0	0	0	0	0	0	0	0	0	0	0	0	0	
598268	Insula_L	12688	502	45722	158	7422	104	34212	0	1896	0	21072	94	24722	228	13010	0	18764	0	24206	78	2084	242	2914	0	0	0	258	114	0	196	2660	80	422	0	90	94	14064	96	568	0	1822	0	102	0	86	0	0	0	0	0	696	0	310	0	5022	0	8566	0	180	0	1172	0	1302	0	530	0	198	0	140	0	3598	334	13794	0	0	0	990	156	7302	0	7718	0	8382	0	2368	0	0	0	5606	0	0	0	0	0	0	0	0	0	0	0	0	0	0	0	0	0	0	0	0	0	0	0	0	0	0	0	
382712	Insula_R	350	3202	2830	16042	0	490	1154	5250	0	800	146	17180	212	25952	0	6396	0	10612	6742	10848	256	1988	200	1524	0	0	0	702	196	0	2284	7196	102	4406	0	112	90	9390	0	1330	0	1048	0	206	0	80	0	0	0	0	0	0	0	0	0	4924	0	4698	0	0	0	0	0	1972	0	0	0	264	0	406	1062	11110	424	16118	0	84	122	1490	0	1418	0	2216	0	322	0	652	0	0	0	4758	0	0	0	0	0	0	0	0	0	0	0	0	0	0	0	0	0	0	0	0	0	0	0	0	0	0	
269008	Cingulum_Ant_L	458	0	20592	4476	2782	1036	3052	300	116	0	1064	166	3572	2486	0	186	146	0	8064	2476	2088	2020	20428	5116	1680	1694	2424	1202	2660	2284	0	16962	4540	4824	0	0	0	0	0	0	0	0	0	0	0	0	0	0	0	0	0	0	0	0	0	0	0	0	0	0	0	0	0	0	0	0	0	0	0	0	3046	4092	6652	1820	0	0	0	0	0	0	0	0	0	0	0	0	0	0	0	0	0	0	0	0	0	0	0	0	0	0	0	0	0	0	0	0	0	0	0	0	0	0	0	0	0	0	
367512	Cingulum_Ant_R	0	0	4354	22528	0	1034	570	1746	0	0	92	1112	730	9050	0	808	0	0	10146	10212	1308	2270	11252	19862	0	4356	622	3738	80	7196	16962	0	2294	20792	0	0	0	0	0	0	0	0	0	0	0	0	0	0	0	0	0	0	0	0	0	0	0	0	0	0	0	0	0	0	0	0	0	0	0	0	988	16936	474	11814	0	0	0	430	0	0	0	0	0	0	0	0	0	0	0	0	0	0	0	0	0	0	0	0	0	0	0	0	0	0	0	0	0	0	0	0	0	0	0	0	0	0	
123336	Cingulum_Mid_L	746	158	2866	898	0	0	1334	92	0	0	0	82	280	174	0	0	0	0	11058	8104	0	0	4946	112	0	0	0	0	422	102	4540	2294	0	10962	2428	588	0	0	0	0	0	0	274	0	450	0	82	0	460	0	698	0	98	0	0	0	0	0	0	0	0	0	0	0	0	0	1646	506	4464	708	0	0	0	0	0	0	0	0	0	0	0	0	0	0	96	0	0	0	0	0	0	0	0	0	0	0	0	0	0	0	0	0	0	0	0	0	0	0	0	0	0	0	0	0	0	0	
477100	Cingulum_Mid_R	3972	2716	2010	24680	0	0	86	4830	0	0	0	5100	268	5696	0	144	0	186	36572	51206	0	0	9732	12860	0	0	0	0	0	4406	4824	20792	10962	0	200	4450	0	974	0	550	0	0	0	414	0	1044	0	830	0	1200	0	0	0	200	0	402	0	1502	0	992	0	586	0	0	0	0	0	4226	5556	10048	132	1374	152	1972	0	256	0	166	0	0	0	0	0	0	0	0	0	0	0	282	0	0	0	0	0	0	0	0	0	0	0	0	0	0	0	0	0	0	0	0	0	0	0	0	0	0	
114704	Cingulum_Post_L	5374	2896	0	1204	0	0	0	0	0	0	0	0	0	0	0	0	0	0	1720	250	0	0	0	0	0	0	0	0	90	0	0	0	2428	200	0	5744	5956	2798	2986	0	0	0	2818	0	1366	0	1934	0	96	0	168	0	0	0	746	0	98	0	0	0	0	0	0	0	0	0	6186	236	7030	182	0	0	0	0	0	0	1912	2848	86	0	0	0	0	0	0	0	0	0	0	0	0	0	0	0	0	0	0	0	0	0	0	0	0	0	0	0	0	0	0	0	0	0	0	0	0	0	
153436	Cingulum_Post_R	3510	5748	0	1786	0	0	0	0	0	0	0	0	0	0	0	0	0	0	346	3110	0	0	0	0	0	0	0	0	94	112	0	0	588	4450	5744	0	3612	10510	506	4720	0	0	0	924	0	140	170	5614	0	84	0	0	0	0	0	1464	0	428	0	0	0	0	0	0	0	0	332	8678	922	3178	0	0	0	0	0	0	3160	5036	92	0	0	0	0	0	0	0	0	0	0	772	0	0	0	0	0	0	0	94	0	0	0	0	0	0	0	0	0	0	0	0	794	0	0	0	0	0	
269116	Hippocampus_L	9906	3518	5002	1396	0	0	2500	0	0	0	788	84	126	0	0	0	248	84	2332	0	86	0	0	0	0	0	0	0	14064	90	0	0	0	0	5956	3612	0	3406	17152	104	6344	0	3928	0	0	0	5542	0	0	0	106	0	104	0	11654	0	2482	78	0	0	438	0	464	0	0	0	4978	122	100	0	166	0	5894	268	228	0	3652	3354	1744	0	1966	0	1112	0	712	0	0	0	8668	0	0	0	0	0	0	0	0	0	0	0	0	0	0	0	0	0	0	0	0	0	0	0	0	0	0	0	
320552	Hippocampus_R	3058	13136	244	2588	0	0	0	518	0	0	0	1534	0	800	0	0	0	2870	696	1560	0	0	0	0	0	0	0	0	96	9390	0	0	0	974	2798	10510	3406	0	596	23348	0	8540	0	1136	0	0	284	7456	0	0	0	0	0	0	0	18536	0	3666	0	96	0	0	0	1766	0	0	0	7646	0	1306	0	178	0	11924	0	438	3278	6852	92	846	0	966	0	196	0	372	0	0	0	5358	0	0	0	0	0	0	0	440	0	0	0	0	0	0	0	0	0	0	0	0	782	0	0	0	0	0	
109056	ParaHippocampal_L	2066	446	836	0	0	0	690	0	0	0	0	0	0	0	166	0	0	0	0	0	260	0	0	0	0	0	0	0	568	0	0	0	0	0	2986	506	17152	596	0	114	2764	0	3646	0	0	0	5442	194	0	0	106	0	160	0	6388	0	280	0	0	0	0	0	0	0	0	0	4344	120	0	0	104	0	1842	202	78	0	480	438	0	0	0	0	306	0	0	0	84	0	874	0	0	0	0	0	0	0	0	0	0	0	0	0	0	0	0	0	0	0	0	290	0	0	0	0	0	0	
159012	ParaHippocampal_R	0	1064	0	376	0	0	0	216	0	0	0	548	0	188	0	0	0	578	178	400	0	0	0	0	0	0	0	0	0	1330	0	0	0	550	0	4720	104	23348	114	0	0	5290	0	1116	0	0	0	7324	0	0	0	0	0	242	0	13232	0	900	0	0	0	0	0	0	0	0	0	6438	0	702	0	0	0	4938	0	126	0	802	0	0	0	106	0	1482	0	0	0	1014	0	938	0	0	0	0	0	0	0	462	0	0	0	0	0	0	0	0	0	0	0	0	680	0	0	0	0	0	
34840	Amygdala_L	0	0	200	0	180	0	0	0	0	0	0	0	0	0	172	0	0	0	0	0	720	0	0	0	0	0	0	0	1822	0	0	0	0	0	0	0	6344	0	2764	0	0	0	0	0	0	0	0	0	0	0	0	0	0	0	3030	0	0	0	0	0	0	0	0	0	0	0	0	0	0	0	0	0	638	0	0	0	0	0	0	0	0	0	780	0	0	0	0	0	770	0	0	0	0	0	0	0	0	0	0	0	0	0	0	0	0	0	0	0	0	0	0	0	0	0	0	0	
44720	Amygdala_R	0	0	0	0	0	0	0	0	0	0	0	0	0	0	0	0	0	0	0	0	0	426	0	0	0	0	0	0	0	1048	0	0	0	0	0	0	0	8540	0	5290	0	0	0	0	0	0	0	0	0	0	0	0	0	0	0	4782	0	0	0	0	0	0	0	0	0	0	0	0	0	0	0	0	0	1140	0	0	0	0	0	0	0	0	0	1134	0	0	0	0	0	0	0	0	0	0	0	0	0	0	0	0	0	0	0	0	0	0	0	0	0	0	0	0	0	0	0	0	
288456	Calcarine_L	252	0	0	0	0	0	0	0	0	0	0	0	0	0	0	0	158	0	0	0	0	0	0	0	0	0	0	0	102	0	0	0	274	0	2818	0	3928	0	3646	0	0	0	0	10342	18416	8370	14382	5316	12242	3246	21794	1412	9304	234	3944	700	242	0	214	0	110	0	0	0	266	0	15190	2388	586	0	0	0	0	0	0	0	0	0	0	0	0	0	0	0	2796	0	0	0	818	174	238	0	0	0	0	0	0	0	326	0	0	0	0	0	0	0	0	0	0	0	0	0	0	0	0	0	
333964	Calcarine_R	0	1024	0	0	0	0	0	0	0	0	0	0	0	0	0	0	0	0	0	324	0	0	0	0	0	0	0	0	0	206	0	0	0	414	0	924	0	1136	0	1116	0	0	10342	0	1756	24806	3720	19362	0	18188	0	8216	0	11550	0	9914	0	7460	0	1922	0	230	0	0	0	192	2084	26994	0	5344	0	0	0	0	0	0	0	0	0	0	0	122	0	0	0	946	0	0	0	8690	0	0	0	0	0	0	0	0	0	0	0	0	0	0	0	0	0	0	0	0	0	0	0	0	0	0	
165956	Cuneus_L	326	0	0	0	0	0	0	0	0	0	0	0	0	0	0	0	218	0	0	0	0	0	0	0	0	0	0	0	86	0	0	0	450	0	1366	0	0	0	0	0	0	0	18416	1756	0	5436	1752	98	14500	342	9908	0	4336	0	1622	0	146	0	2836	0	102	0	0	0	194	0	14264	1792	1188	0	0	0	0	0	0	0	0	0	0	0	0	0	0	0	1262	0	0	0	582	0	0	0	0	0	0	0	0	0	0	0	0	0	0	0	0	0	0	0	0	0	0	0	0	0	0	0	
362096	Cuneus_R	0	508	0	0	0	0	0	0	0	0	0	0	0	0	0	0	0	0	0	874	0	0	0	0	0	0	0	0	0	80	0	0	0	1044	0	140	0	0	0	0	0	0	8370	24806	5436	0	1040	6396	80	41476	0	8310	0	13140	0	3272	0	4028	0	3576	0	1404	0	468	0	2240	4474	33552	0	3966	0	0	0	0	0	0	0	0	0	0	0	108	0	0	0	3604	0	0	0	8656	0	0	0	0	0	0	0	0	0	0	0	0	0	0	0	0	0	0	0	0	0	0	0	0	0	0	
271740	Lingual_L	586	166	150	0	0	0	146	0	0	0	0	0	0	0	0	0	0	0	0	0	0	0	0	0	0	0	0	0	0	0	0	0	82	0	1934	170	5542	284	5442	0	0	0	14382	3720	1752	1040	0	3310	3618	1122	12190	648	5622	0	17258	594	86	0	414	0	0	0	0	0	0	0	5640	450	226	0	0	0	0	0	0	0	248	212	0	0	0	0	0	0	520	0	0	0	202	0	9528	150	814	0	130	0	12642	330	17540	488	80	0	640	0	304	136	0	0	0	198	3120	1316	120	90	212	276	
330324	Lingual_R	0	302	0	0	0	0	0	0	0	0	0	0	0	0	0	0	0	0	0	462	0	0	0	0	0	0	0	0	0	0	0	0	0	830	0	5614	0	7456	194	7324	0	0	5316	19362	98	6396	3310	0	0	5988	0	4318	0	7376	822	17308	0	1016	0	134	0	0	0	0	0	0	176	14264	0	1680	0	0	0	0	0	0	0	394	0	0	0	0	0	0	0	234	0	0	0	5010	3822	4900	372	172	178	108	3484	3768	7152	10376	256	126	688	320	406	128	0	0	0	216	4292	8004	598	148	264	0	
222760	Occipital_Sup_L	0	0	0	0	0	0	0	0	0	0	0	0	0	0	0	0	0	0	0	0	0	0	0	0	0	0	0	0	0	0	0	0	460	0	96	0	0	0	0	0	0	0	12242	0	14500	80	3618	0	0	0	38874	0	8560	0	1628	0	174	0	12804	0	2230	0	0	0	874	0	10700	178	120	0	0	0	0	0	0	0	0	0	0	0	0	0	0	0	4242	0	0	0	0	0	0	0	0	0	0	0	0	0	0	0	0	0	0	0	0	0	0	0	0	0	0	0	0	0	0	0	
331768	Occipital_Sup_R	0	400	0	0	0	0	0	0	0	0	0	0	0	0	0	0	0	0	0	1002	0	0	0	0	0	0	0	0	0	0	0	0	0	1200	0	84	0	0	0	0	0	0	3246	18188	342	41476	1122	5988	0	0	0	15266	0	15350	0	3366	0	2352	0	2940	0	1868	0	588	0	4540	2596	27048	0	3078	0	0	0	0	0	0	0	0	0	0	0	144	0	0	0	4978	0	0	0	8722	0	0	0	0	0	0	0	0	0	0	0	0	0	0	0	0	0	0	0	0	0	0	0	0	0	0	
480396	Occipital_Mid_L	486	0	0	0	0	0	0	0	0	0	0	0	0	0	0	0	5320	0	0	0	0	0	0	0	0	0	0	0	696	0	0	0	698	0	168	0	106	0	106	0	0	0	21794	0	9908	0	12190	0	38874	0	0	0	32362	0	5428	0	6460	0	19908	0	13448	0	2300	0	17420	0	15632	86	2780	0	0	0	0	0	0	0	0	0	134	0	2292	0	0	0	26714	0	0	0	4888	0	0	0	0	0	0	0	0	0	0	0	0	0	0	0	0	0	0	0	0	0	0	0	0	0	0	0	
158720	Occipital_Mid_R	0	0	0	0	0	0	0	0	0	0	0	0	0	0	0	0	0	0	0	0	0	0	0	0	0	0	0	0	0	0	0	0	0	0	0	0	0	0	0	0	0	0	1412	8216	0	8310	648	4318	0	15266	0	0	0	8124	0	3342	0	1056	0	1656	0	3114	0	0	0	7804	124	3090	0	862	0	0	0	0	0	0	0	0	0	0	0	266	0	0	0	10232	0	0	0	1520	0	0	0	0	0	0	0	0	0	0	0	0	0	0	0	0	0	0	0	0	0	0	0	0	0	0	
181860	Occipital_Inf_L	576	0	0	0	0	0	0	0	0	0	0	0	0	0	0	0	366	0	0	0	0	0	0	0	0	0	0	0	310	0	0	0	98	0	0	0	104	0	160	0	0	0	9304	0	4336	0	5622	0	8560	0	32362	0	0	0	8672	0	842	0	3598	0	630	0	0	0	312	0	4702	0	1298	0	0	0	0	0	0	0	0	0	0	0	98	0	0	0	4644	0	0	0	4226	0	0	0	0	0	0	0	0	0	110	0	0	0	0	0	0	0	0	0	0	0	0	0	0	0	0	0	
238500	Occipital_Inf_R	0	168	0	0	0	0	0	0	0	0	0	0	0	0	0	0	0	0	0	208	0	0	0	0	0	0	0	0	0	0	0	0	0	200	0	0	0	0	0	242	0	0	234	11550	0	13140	0	7376	0	15350	0	8124	0	0	96	13200	0	2448	0	850	0	368	0	210	0	742	1446	11510	0	2270	0	0	0	0	0	0	0	0	0	0	0	0	0	0	0	3976	0	0	0	20864	544	468	92	0	0	0	166	0	758	1318	0	0	88	0	0	0	0	0	0	0	0	1142	102	0	0	0	
330532	Fusiform_L	1306	0	148	0	0	0	0	0	0	0	0	0	0	0	0	0	1168	0	0	0	0	0	0	0	0	0	0	0	5022	0	0	0	0	0	746	0	11654	0	6388	0	3030	0	3944	0	1622	0	17258	822	1628	0	5428	0	8672	96	0	482	820	0	700	0	102	0	108	0	100	0	3454	0	1194	0	0	0	582	0	0	0	0	0	2498	0	886	0	2324	0	2756	0	1802	0	14892	0	19486	462	1188	0	248	0	10276	144	27278	764	170	0	606	0	0	0	0	0	0	0	1110	1750	152	0	0	0	
441732	Fusiform_R	0	2776	0	92	0	0	0	98	0	0	0	336	0	0	0	0	0	1434	266	1524	0	0	0	0	0	0	0	0	0	4924	0	0	0	402	0	1464	0	18536	0	13232	0	4782	700	9914	0	3272	594	17308	0	3366	0	3342	0	13200	482	0	0	2294	0	156	0	372	0	534	0	556	606	5934	0	1562	0	0	0	2078	0	0	0	258	0	628	0	1848	0	4158	0	2524	0	1230	0	19884	2792	16672	310	962	108	216	1988	6096	5948	23378	238	838	422	1704	590	150	0	0	0	278	2650	7910	478	130	342	0	
260580	Postcentral_L	30934	482	4670	0	0	0	1846	0	0	0	4678	96	120	106	0	0	9728	0	244	0	0	0	0	0	0	0	0	0	8566	0	0	0	0	0	98	0	2482	0	280	0	0	0	242	0	146	0	86	0	174	0	6460	0	842	0	820	0	0	0	8372	0	19838	0	8026	0	3136	0	1718	0	5298	0	388	0	1238	0	0	0	322	0	3088	0	2824	0	0	0	1942	0	0	0	1000	0	0	0	0	0	0	0	0	0	0	0	0	0	0	0	0	0	0	0	0	0	0	0	0	0	0	0	
288388	Postcentral_R	0	19352	1098	420	0	0	0	114	0	0	0	1262	0	0	0	0	0	3368	2226	1270	0	0	0	0	0	0	0	0	0	4698	0	0	0	1502	0	428	78	3666	0	900	0	0	0	7460	0	4028	0	1016	0	2352	0	1056	0	2448	0	2294	0	0	0	16122	0	6256	0	12008	0	2054	0	16824	0	13512	0	0	0	2898	0	282	0	986	0	292	0	2298	0	0	0	3350	0	0	0	6276	0	0	0	0	0	0	0	0	0	0	0	0	0	0	0	0	0	0	0	0	0	0	0	0	0	0	
173952	Parietal_Sup_L	0	0	0	0	0	0	0	0	0	0	0	0	0	0	0	0	4410	0	0	0	0	0	0	0	0	0	0	0	180	0	0	0	0	0	0	0	0	0	0	0	0	0	214	0	2836	0	414	0	12804	0	19908	0	3598	0	700	0	8372	0	0	0	10368	0	0	0	4182	0	13488	278	408	0	0	0	0	0	0	0	0	0	0	0	1778	0	0	0	2924	0	0	0	114	0	0	0	0	0	0	0	0	0	0	0	0	0	0	0	0	0	0	0	0	0	0	0	0	0	0	0	
123116	Parietal_Sup_R	0	380	0	0	0	0	0	0	0	0	0	0	0	0	0	0	0	0	78	570	0	0	0	0	0	0	0	0	0	0	0	0	0	992	0	0	0	96	0	0	0	0	0	1922	0	3576	0	134	0	2940	0	1656	0	850	0	156	0	16122	0	0	0	8152	0	4318	0	3898	242	8854	0	3304	0	0	0	0	0	0	0	0	0	0	0	572	0	0	0	1262	0	0	0	1484	0	0	0	0	0	0	0	0	0	0	0	0	0	0	0	0	0	0	0	0	0	0	0	0	0	0	
188156	Parietal_Inf_L	5058	0	752	0	0	0	738	0	0	0	828	0	94	0	0	0	2194	0	78	0	0	0	0	0	0	0	0	0	1172	0	0	0	0	0	0	0	438	0	0	0	0	0	110	0	102	0	0	0	2230	0	13448	0	630	0	102	0	19838	0	10368	0	0	0	12870	0	12956	0	474	0	292	0	86	0	0	0	0	0	0	0	158	0	1628	0	0	0	6002	0	0	0	1432	0	0	0	0	0	0	0	0	0	0	0	0	0	0	0	0	0	0	0	0	0	0	0	0	0	0	0	
154152	Parietal_Inf_R	0	1242	0	0	0	0	0	0	0	0	0	0	0	0	0	0	0	0	0	594	0	0	0	0	0	0	0	0	0	0	0	0	0	586	0	0	0	0	0	0	0	0	0	230	0	1404	0	0	0	1868	0	3114	0	368	0	372	0	6256	0	8152	0	0	0	13480	0	20156	0	1952	0	904	0	0	0	0	0	0	0	0	0	0	0	1624	0	0	0	9196	0	0	0	5578	0	0	0	0	0	0	0	0	0	0	0	0	0	0	0	0	0	0	0	0	0	0	0	0	0	0	
94728	SupraMarginal_L	842	446	714	0	0	0	0	0	0	0	0	0	0	0	0	0	1306	0	0	0	0	0	0	0	0	0	0	0	1302	0	0	0	0	0	0	0	464	0	0	0	0	0	0	0	0	0	0	0	0	0	2300	0	0	0	108	0	8026	0	0	0	12870	0	0	0	5350	0	80	0	82	0	0	0	0	0	0	0	0	0	360	0	5084	0	0	0	6744	0	0	0	1286	0	0	0	0	0	0	0	0	0	0	0	0	0	0	0	0	0	0	0	0	0	0	0	0	0	0	0	
132044	SupraMarginal_R	0	1860	0	0	0	0	0	0	0	0	0	0	0	0	0	0	0	1186	0	612	0	0	0	0	0	0	0	0	0	1972	0	0	0	0	0	0	0	1766	0	0	0	0	0	0	0	468	0	0	0	588	0	0	0	210	0	534	0	12008	0	4318	0	13480	0	0	0	10140	0	720	0	504	0	0	0	0	0	0	0	0	0	0	0	2634	0	0	0	7456	0	0	0	5566	0	0	0	0	0	0	0	0	0	0	0	0	0	0	0	0	0	0	0	0	0	0	0	0	0	0	
125152	Angular_L	274	0	260	0	0	0	82	0	0	0	0	0	0	0	0	0	1856	0	0	0	0	0	0	0	0	0	0	0	530	0	0	0	0	0	0	0	0	0	0	0	0	0	266	0	194	0	0	0	874	0	17420	0	312	0	100	0	3136	0	4182	0	12956	0	5350	0	0	0	968	0	528	0	0	0	0	0	0	0	0	0	152	0	1408	0	0	0	9774	0	0	0	1954	0	0	0	0	0	0	0	0	0	0	0	0	0	0	0	0	0	0	0	0	0	0	0	0	0	0	0	
159336	Angular_R	0	644	0	0	0	0	0	0	0	0	0	0	0	0	0	0	0	0	0	518	0	0	0	0	0	0	0	0	0	0	0	0	0	0	0	0	0	0	0	0	0	0	0	192	0	2240	0	0	0	4540	0	7804	0	742	0	556	0	2054	0	3898	0	20156	0	10140	0	0	0	2514	0	586	0	0	0	0	0	0	0	0	0	0	0	2700	0	0	0	13604	0	0	0	6780	0	0	0	0	0	0	0	0	0	0	0	0	0	0	0	0	0	0	0	0	0	0	0	0	0	0	
269796	Precuneus_L	680	0	0	0	0	0	0	0	0	0	0	0	0	0	0	0	2062	0	122	0	0	0	0	0	0	0	0	0	198	0	0	0	1646	0	6186	332	4978	0	4344	0	0	0	15190	2084	14264	4474	5640	176	10700	2596	15632	124	4702	1446	3454	606	1718	0	13488	242	474	0	80	0	968	0	0	6780	3734	144	0	0	0	0	0	0	0	0	0	0	1230	0	0	0	2978	0	0	0	694	732	0	0	0	0	0	0	0	0	0	0	0	0	0	0	0	0	0	0	0	0	0	0	0	0	0	0	
467384	Precuneus_R	0	2074	0	0	0	0	0	0	0	0	0	0	0	0	0	0	0	0	0	1934	0	0	0	0	0	0	0	0	0	264	0	0	506	4226	236	8678	122	7646	120	6438	0	0	2388	26994	1792	33552	450	14264	178	27048	86	3090	0	11510	0	5934	0	16824	278	8854	0	1952	0	720	0	2514	6780	0	0	16162	0	0	0	0	0	0	106	794	0	0	0	218	0	0	0	6138	0	0	0	11460	0	0	0	0	0	0	0	362	0	0	0	0	0	0	0	0	0	0	0	0	1000	0	0	0	0	0	
183500	Paracentral_Lobule_L	17594	4044	446	1758	0	0	0	0	0	0	0	0	0	0	0	0	292	0	11458	9946	0	0	0	0	0	0	0	0	140	0	0	0	4464	5556	7030	922	100	0	0	0	0	0	586	0	1188	0	226	0	120	0	2780	0	1298	0	1194	0	5298	0	408	0	292	0	82	0	528	0	3734	0	0	3734	314	318	570	0	800	0	2076	332	0	0	142	0	0	0	1382	0	0	0	598	0	0	0	0	0	0	0	0	0	0	0	0	0	0	0	0	0	0	0	0	0	0	0	0	0	0	0	
236908	Paracentral_Lobule_R	4200	13644	90	154	0	0	0	0	0	0	0	0	0	0	0	0	0	0	298	18556	0	0	0	0	0	0	0	0	0	406	0	0	708	10048	182	3178	0	1306	0	702	0	0	0	5344	0	3966	0	1680	0	3078	0	862	0	2270	0	1562	0	13512	0	3304	0	904	0	504	0	586	144	16162	3734	0	0	0	106	0	0	0	0	80	0	0	0	160	0	0	0	2820	0	0	0	4204	0	0	0	0	0	0	0	0	0	0	0	0	0	0	0	0	0	0	0	0	0	0	0	0	0	0	
187540	Caudate_L	5692	1228	8050	566	1260	2734	4416	0	160	0	612	168	618	956	1192	192	166	0	6754	232	5748	7410	348	160	0	408	1168	3238	3598	1062	3046	988	0	132	0	0	166	0	104	0	0	0	0	0	0	0	0	0	0	0	0	0	0	0	0	0	388	0	0	0	86	0	0	0	0	0	0	0	314	0	0	8636	10522	1586	1478	0	7462	568	0	0	0	0	158	0	0	0	0	0	0	0	0	0	0	0	0	0	0	0	0	0	0	0	0	0	0	0	0	0	0	0	0	0	0	0	0	0	
378472	Caudate_R	1762	6954	5374	23812	156	3810	1608	2200	0	202	268	1054	272	9808	116	1880	0	212	5398	10990	3048	6948	332	6004	0	2154	582	4844	334	11110	4092	16936	0	1374	0	0	0	178	0	0	0	0	0	0	0	0	0	0	0	0	0	0	0	0	0	0	0	0	0	0	0	0	0	0	0	0	0	0	318	0	8636	0	3082	20538	182	1960	1142	19566	0	0	0	0	0	0	0	0	0	0	0	0	0	0	0	0	0	0	0	0	0	0	0	0	0	0	0	0	0	0	0	0	0	0	0	0	0	0	
238920	Putamen_L	7528	1382	17720	340	6904	1622	2988	0	1822	0	574	98	370	418	3318	0	0	0	7390	284	3374	3134	1266	88	174	206	494	1832	13794	424	6652	474	0	152	0	0	5894	0	1842	0	638	0	0	0	0	0	0	0	0	0	0	0	0	0	582	0	1238	0	0	0	0	0	0	0	0	0	0	0	570	106	10522	3082	0	452	5770	0	1166	112	0	0	416	0	1362	0	298	0	0	0	588	0	0	0	0	0	0	0	0	0	0	0	0	0	0	0	0	0	0	0	0	0	0	0	0	0	0	0	
324732	Putamen_R	86	2184	1660	23646	0	1188	218	2870	0	760	0	5864	0	4014	0	2228	0	6606	3528	10822	484	1548	274	6360	0	2040	186	1446	0	16118	1820	11814	0	1972	0	0	268	11924	202	4938	0	1140	0	0	0	0	0	0	0	0	0	0	0	0	0	2078	0	2898	0	0	0	0	0	0	0	0	0	0	0	0	1586	20538	452	0	0	3416	0	2846	0	92	0	150	0	0	0	0	0	0	0	102	0	0	0	0	0	0	0	0	0	0	0	0	0	0	0	0	0	0	0	0	0	0	0	0	0	0	
42868	Pallidum_L	3150	1024	3472	270	0	90	418	0	0	0	0	0	0	0	0	0	0	0	2158	126	0	112	0	0	0	0	0	110	0	0	0	0	0	0	0	0	228	0	78	0	0	0	0	0	0	0	0	0	0	0	0	0	0	0	0	0	0	0	0	0	0	0	0	0	0	0	0	0	800	0	1478	182	5770	0	0	0	1866	102	0	0	0	0	0	0	0	0	0	0	0	0	0	0	0	0	0	0	0	0	0	0	0	0	0	0	0	0	0	0	0	0	0	0	0	0	0	0	
22692	Pallidum_R	0	374	0	1876	0	0	0	444	0	0	0	656	0	172	0	0	0	224	310	646	0	0	0	0	0	0	0	0	0	84	0	0	0	256	0	0	0	438	0	126	0	0	0	0	0	0	0	0	0	0	0	0	0	0	0	0	0	282	0	0	0	0	0	0	0	0	0	0	0	0	0	1960	0	3416	0	0	0	82	0	0	0	0	0	0	0	0	0	0	0	0	0	0	0	0	0	0	0	0	0	0	0	0	0	0	0	0	0	0	0	0	0	0	0	0	0	0	
142672	Thalamus_L	16738	7588	2668	2956	0	0	1640	0	0	0	282	0	88	0	0	0	0	0	2498	200	0	0	0	0	0	0	0	0	990	122	0	0	0	0	1912	3160	3652	3278	480	0	0	0	0	0	0	0	248	0	0	0	0	0	0	0	0	0	322	0	0	0	0	0	0	0	0	0	0	106	2076	0	7462	1142	1166	0	1866	0	0	8426	270	0	0	0	0	0	0	0	0	0	0	0	0	0	0	0	0	0	0	0	0	0	0	0	0	0	0	0	0	0	0	0	0	0	0	0	0	0	
217148	Thalamus_R	5464	22728	394	16140	0	0	120	1238	0	0	0	572	0	722	0	0	0	768	426	3442	0	0	0	140	0	0	0	0	156	1490	0	430	0	166	2848	5036	3354	6852	438	802	0	0	0	0	0	0	212	394	0	0	0	0	0	0	0	258	0	986	0	0	0	0	0	0	0	0	0	794	332	80	568	19566	112	2846	102	82	8426	0	90	0	0	0	0	0	0	0	0	0	0	0	0	0	0	0	0	0	0	0	0	0	0	0	0	0	0	0	0	0	0	0	0	0	0	0	0	0	
67736	Heschl_L	2060	134	520	0	0	0	284	0	0	0	304	0	0	0	0	0	5524	0	0	0	0	0	0	0	0	0	0	0	7302	0	0	0	0	0	86	92	1744	92	0	0	0	0	0	0	0	0	0	0	0	0	134	0	0	0	2498	0	3088	0	0	0	158	0	360	0	152	0	0	0	0	0	0	0	0	0	0	0	270	90	0	0	3126	0	0	0	1966	0	0	0	3884	0	0	0	0	0	0	0	0	0	0	0	0	0	0	0	0	0	0	0	0	0	0	0	0	0	0	0	
15884	Heschl_R	0	0	0	0	0	0	0	0	0	0	0	0	0	0	0	0	0	1314	0	0	0	0	0	0	0	0	0	0	0	1418	0	0	0	0	0	0	0	846	0	0	0	0	0	0	0	0	0	0	0	0	0	0	0	0	0	628	0	292	0	0	0	0	0	0	0	0	0	0	0	0	0	0	0	92	0	0	0	0	0	0	0	2158	0	0	0	534	0	0	0	660	0	0	0	0	0	0	0	0	0	0	0	0	0	0	0	0	0	0	0	0	0	0	0	0	0	0	
181668	Temporal_Sup_L	1656	208	2912	0	0	0	336	0	0	0	3332	0	238	0	0	0	10120	0	2288	0	0	0	0	0	0	0	0	0	7718	0	0	0	0	0	0	0	1966	0	0	0	0	0	0	0	0	0	0	0	0	0	2292	0	98	0	886	0	2824	0	1778	0	1628	0	5084	0	1408	0	1230	0	142	0	0	0	416	0	0	0	0	0	3126	0	0	0	2170	0	22772	0	0	0	14206	0	0	0	0	0	0	0	0	0	0	0	0	0	0	0	0	0	0	0	0	0	0	0	0	0	0	0	
82780	Temporal_Sup_R	0	146	0	0	0	0	0	0	0	0	0	0	0	0	0	0	0	3610	0	128	0	0	0	0	0	0	0	0	0	2216	0	0	0	0	0	0	0	966	0	106	0	0	0	122	0	108	0	0	0	144	0	266	0	0	0	1848	0	2298	0	572	0	1624	0	2634	0	2700	0	218	0	160	0	0	0	150	0	0	0	0	0	2158	0	0	0	1324	0	9940	0	0	0	7952	0	0	0	0	0	0	0	0	0	0	0	0	0	0	0	0	0	0	0	0	0	0	0	0	0	0	
111168	Temporal_Pole_Sup_L	0	0	2816	0	442	0	2114	0	230	0	4674	0	2846	0	2190	0	1638	0	1812	0	290	0	0	0	0	0	0	0	8382	0	0	0	0	0	0	0	1112	0	306	0	780	0	0	0	0	0	0	0	0	0	0	0	0	0	2324	0	0	0	0	0	0	0	0	0	0	0	0	0	0	0	158	0	1362	0	0	0	0	0	0	0	2170	0	0	0	7090	0	5604	0	7244	0	0	0	0	0	0	0	0	0	0	0	0	0	0	0	0	0	0	0	0	0	0	0	0	0	0	0	
32420	Temporal_Pole_Sup_R	0	0	0	290	0	0	0	0	0	0	0	332	0	0	0	0	0	0	0	286	0	0	0	0	0	0	0	0	0	322	0	0	0	0	0	0	0	196	0	1482	0	1134	0	0	0	0	0	0	0	0	0	0	0	0	0	4158	0	0	0	0	0	0	0	0	0	0	0	0	0	0	0	0	0	0	0	0	0	0	0	0	0	1324	0	0	0	1070	0	3062	0	2554	0	0	0	0	0	0	0	0	0	0	0	0	0	0	0	0	0	0	0	0	0	0	0	0	0	0	
306016	Temporal_Mid_L	432	0	146	0	0	0	0	0	0	0	0	0	0	0	0	0	3712	0	0	0	0	0	0	0	0	0	0	0	2368	0	0	0	96	0	0	0	712	0	0	0	0	0	2796	0	1262	0	520	0	4242	0	26714	0	4644	0	2756	0	1942	0	2924	0	6002	0	6744	0	9774	0	2978	0	1382	0	0	0	298	0	0	0	0	0	1966	0	22772	0	7090	0	0	0	4952	0	33784	0	0	0	0	0	0	0	0	0	0	0	0	0	0	0	0	0	0	0	0	0	0	0	0	0	0	0	
214516	Temporal_Mid_R	0	1634	0	0	0	0	0	0	0	0	0	0	0	0	0	0	0	248	0	1592	0	0	0	0	0	0	0	0	0	652	0	0	0	0	0	0	0	372	0	0	0	0	0	946	0	3604	0	234	0	4978	0	10232	0	3976	0	2524	0	3350	0	1262	0	9196	0	7456	0	13604	0	6138	0	2820	0	0	0	0	0	0	0	0	0	534	0	9940	0	1070	0	0	0	622	0	20274	0	0	0	0	0	0	0	0	0	0	0	0	0	0	0	0	0	0	0	0	0	0	0	0	0	0	
35352	Temporal_Pole_Mid_L	0	0	0	0	0	0	0	0	0	0	0	0	0	0	0	0	0	0	0	0	0	0	0	0	0	0	0	0	0	0	0	0	0	0	0	0	0	0	84	0	0	0	0	0	0	0	0	0	0	0	0	0	0	0	1802	0	0	0	0	0	0	0	0	0	0	0	0	0	0	0	0	0	0	0	0	0	0	0	0	0	0	0	5604	0	4952	0	0	0	5234	0	0	0	0	0	0	0	0	0	0	0	0	0	0	0	0	0	0	0	0	0	0	0	0	0	0	0	
13580	Temporal_Pole_Mid_R	0	0	0	0	0	0	0	0	0	0	0	0	0	0	0	0	0	0	0	0	0	0	0	0	0	0	0	0	0	0	0	0	0	0	0	0	0	0	0	1014	0	0	0	0	0	0	0	0	0	0	0	0	0	0	0	1230	0	0	0	0	0	0	0	0	0	0	0	0	0	0	0	0	0	0	0	0	0	0	0	0	0	0	0	3062	0	622	0	0	0	862	0	0	0	0	0	0	0	0	0	0	0	0	0	0	0	0	0	0	0	0	0	0	0	0	0	0	
259236	Temporal_Inf_L	512	0	308	0	0	0	0	0	0	0	0	0	0	0	0	0	1586	0	232	0	0	0	0	0	0	0	0	0	5606	0	0	0	0	0	0	0	8668	0	874	0	770	0	818	0	582	0	202	0	0	0	4888	0	4226	0	14892	0	1000	0	114	0	1432	0	1286	0	1954	0	694	0	598	0	0	0	588	0	0	0	0	0	3884	0	14206	0	7244	0	33784	0	5234	0	0	0	5634	0	1800	0	0	0	806	0	2368	0	1376	0	1452	0	0	0	0	0	0	0	0	0	0	0	0	0	
339160	Temporal_Inf_R	0	2956	0	0	0	0	0	0	0	0	0	142	0	0	0	0	0	1220	210	2166	0	0	0	0	0	0	0	0	0	4758	0	0	0	282	0	772	0	5358	0	938	0	0	174	8690	0	8656	0	5010	0	8722	0	1520	0	20864	0	19884	0	6276	0	1484	0	5578	0	5566	0	6780	732	11460	0	4204	0	0	0	102	0	0	0	0	0	660	0	7952	0	2554	0	20274	0	862	0	0	0	2438	0	214	0	0	0	0	0	122	0	0	0	0	0	0	0	0	0	0	0	0	0	0	0	0	
638460	Cerebelum_Crus1_L	0	0	0	0	0	0	0	0	0	0	0	0	0	0	0	0	0	0	0	0	0	0	0	0	0	0	0	0	0	0	0	0	0	0	0	0	0	0	0	0	0	0	238	0	0	0	9528	3822	0	0	0	0	0	544	19486	2792	0	0	0	0	0	0	0	0	0	0	0	0	0	0	0	0	0	0	0	0	0	0	0	0	0	0	0	0	0	0	0	0	5634	0	0	5552	45118	4302	2518	1126	24034	4216	66382	10152	18754	1304	35782	6428	10144	1678	950	0	308	1814	9042	12826	9502	2634	2146	474	
443228	Cerebelum_Crus1_R	0	0	0	0	0	0	0	0	0	0	0	0	0	0	0	0	0	0	0	0	0	0	0	0	0	0	0	0	0	0	0	0	0	0	0	0	0	0	0	0	0	0	0	0	0	0	150	4900	0	0	0	0	0	468	462	16672	0	0	0	0	0	0	0	0	0	0	0	0	0	0	0	0	0	0	0	0	0	0	0	0	0	0	0	0	0	0	0	0	0	2438	5552	0	878	37386	476	1452	4056	13126	9972	51776	496	13818	1894	22300	2342	1152	0	254	0	768	7778	12338	7188	476	960	86	
351920	Cerebelum_Crus2_L	0	0	0	0	0	0	0	0	0	0	0	0	0	0	0	0	0	0	0	0	0	0	0	0	0	0	0	0	0	0	0	0	0	0	0	0	0	0	0	0	0	0	0	0	0	0	814	372	0	0	0	0	0	92	1188	310	0	0	0	0	0	0	0	0	0	0	0	0	0	0	0	0	0	0	0	0	0	0	0	0	0	0	0	0	0	0	0	0	1800	0	45118	878	0	5794	86	92	2734	222	8736	1096	41170	3428	43302	3896	4672	236	968	0	0	110	712	1482	3832	2492	328	0	
317732	Cerebelum_Crus2_R	0	0	0	0	0	0	0	0	0	0	0	0	0	0	0	0	0	0	0	0	0	0	0	0	0	0	0	0	0	0	0	0	0	0	0	0	0	0	0	0	0	0	0	0	0	0	0	172	0	0	0	0	0	0	0	962	0	0	0	0	0	0	0	0	0	0	0	0	0	0	0	0	0	0	0	0	0	0	0	0	0	0	0	0	0	0	0	0	0	214	4302	37386	5794	0	1348	474	2172	2000	4488	8944	908	25984	6768	32730	5000	986	0	154	0	564	1284	2208	11456	1814	754	0	
65540	Cerebelum_3_L	0	0	0	0	0	0	0	0	0	0	0	0	0	0	0	0	0	0	0	0	0	0	0	0	0	0	0	0	0	0	0	0	0	0	0	0	0	0	0	0	0	0	0	0	0	0	130	178	0	0	0	0	0	0	248	108	0	0	0	0	0	0	0	0	0	0	0	0	0	0	0	0	0	0	0	0	0	0	0	0	0	0	0	0	0	0	0	0	0	0	2518	476	86	1348	0	420	5978	1016	3500	1150	0	0	2018	1944	2752	272	92	0	992	2512	1146	1130	2156	346	254	0	
60692	Cerebelum_3_R	0	0	0	0	0	0	0	0	0	0	0	0	0	0	0	0	0	0	0	0	0	0	0	0	0	0	0	0	0	0	0	0	0	0	0	0	0	0	0	0	0	0	0	0	0	0	0	108	0	0	0	0	0	0	0	216	0	0	0	0	0	0	0	0	0	0	0	0	0	0	0	0	0	0	0	0	0	0	0	0	0	0	0	0	0	0	0	0	0	0	1126	1452	92	474	420	0	1048	3722	1502	3356	0	114	1128	1278	1186	1830	0	0	202	2880	1420	960	2234	1768	1830	0	
384392	Cerebelum_4_5_L	0	0	0	0	0	0	0	0	0	0	0	0	0	0	0	0	0	0	0	0	0	0	0	0	0	0	0	0	0	0	0	0	0	0	0	0	0	0	0	0	0	0	0	0	0	0	12642	3484	0	0	0	0	0	166	10276	1988	0	0	0	0	0	0	0	0	0	0	0	0	0	0	0	0	0	0	0	0	0	0	0	0	0	0	0	0	0	0	0	0	806	0	24034	4056	2734	2172	5978	1048	0	5978	41844	9858	504	824	5392	3776	7766	2036	556	0	890	3216	18296	10290	4390	2202	3024	1970	
239716	Cerebelum_4_5_R	0	0	0	0	0	0	0	0	0	0	0	0	0	0	0	0	0	0	0	0	0	0	0	0	0	0	0	0	0	0	0	0	0	0	0	94	0	440	0	462	0	0	0	0	0	0	330	3768	0	0	0	0	0	0	144	6096	0	0	0	0	0	0	0	0	0	0	0	362	0	0	0	0	0	0	0	0	0	0	0	0	0	0	0	0	0	0	0	0	0	0	4216	13126	222	2000	1016	3722	5978	0	6662	28070	102	1760	2000	5380	2872	1954	90	160	0	1976	15542	3968	3686	1620	1860	180	
668616	Cerebelum_6_L	0	0	0	0	0	0	0	0	0	0	0	0	0	0	0	0	0	0	0	0	0	0	0	0	0	0	0	0	0	0	0	0	0	0	0	0	0	0	0	0	0	0	326	0	0	0	17540	7152	0	0	0	0	110	758	27278	5948	0	0	0	0	0	0	0	0	0	0	0	0	0	0	0	0	0	0	0	0	0	0	0	0	0	0	0	0	0	0	0	0	2368	0	66382	9972	8736	4488	3500	1502	41844	6662	0	20504	2760	1174	13208	6650	12904	2746	854	104	702	2588	17296	27380	9342	3594	5294	2642	
518300	Cerebelum_6_R	0	0	0	0	0	0	0	0	0	0	0	0	0	0	0	0	0	0	0	0	0	0	0	0	0	0	0	0	0	0	0	0	0	0	0	0	0	0	0	0	0	0	0	0	0	0	488	10376	0	0	0	0	0	1318	764	23378	0	0	0	0	0	0	0	0	0	0	0	0	0	0	0	0	0	0	0	0	0	0	0	0	0	0	0	0	0	0	0	0	0	122	10152	51776	1096	8944	1150	3356	9858	28070	20504	0	652	3824	3080	11446	5910	3136	190	242	438	2428	16826	23034	8916	2664	4078	934	
236280	Cerebelum_7b_L	0	0	0	0	0	0	0	0	0	0	0	0	0	0	0	0	0	0	0	0	0	0	0	0	0	0	0	0	0	0	0	0	0	0	0	0	0	0	0	0	0	0	0	0	0	0	80	256	0	0	0	0	0	0	170	238	0	0	0	0	0	0	0	0	0	0	0	0	0	0	0	0	0	0	0	0	0	0	0	0	0	0	0	0	0	0	0	0	1376	0	18754	496	41170	908	0	0	504	102	2760	652	0	1038	37582	1742	3460	136	1034	0	0	0	148	924	1884	2576	150	0	
198832	Cerebelum_7b_R	0	0	0	0	0	0	0	0	0	0	0	0	0	0	0	0	0	0	0	0	0	0	0	0	0	0	0	0	0	0	0	0	0	0	0	0	0	0	0	0	0	0	0	0	0	0	0	126	0	0	0	0	0	0	0	838	0	0	0	0	0	0	0	0	0	0	0	0	0	0	0	0	0	0	0	0	0	0	0	0	0	0	0	0	0	0	0	0	0	0	1304	13818	3428	25984	0	114	824	1760	1174	3824	1038	0	3114	30494	1070	2732	0	484	0	0	1356	182	3728	1716	308	0	
452088	Cerebelum_8_L	0	0	0	0	0	0	0	0	0	0	0	0	0	0	0	0	0	0	0	0	0	0	0	0	0	0	0	0	0	0	0	0	0	0	0	0	0	0	0	0	0	0	0	0	0	0	640	688	0	0	0	0	0	88	606	422	0	0	0	0	0	0	0	0	0	0	0	0	0	0	0	0	0	0	0	0	0	0	0	0	0	0	0	0	0	0	0	0	1452	0	35782	1894	43302	6768	2018	1128	5392	2000	13208	3080	37582	3114	0	11864	20306	2294	3090	0	0	1222	2054	3010	11222	8644	3174	0	
387932	Cerebelum_8_R	0	0	0	0	0	0	0	0	0	0	0	0	0	0	0	0	0	0	0	0	0	0	0	0	0	0	0	0	0	0	0	0	0	0	0	0	0	0	0	0	0	0	0	0	0	0	0	320	0	0	0	0	0	0	0	1704	0	0	0	0	0	0	0	0	0	0	0	0	0	0	0	0	0	0	0	0	0	0	0	0	0	0	0	0	0	0	0	0	0	0	6428	22300	3896	32730	1944	1278	3776	5380	6650	11446	1742	30494	11864	0	7826	12194	138	1250	0	1110	3478	2770	14120	6624	2396	108	
269968	Cerebelum_9_L	0	0	0	0	0	0	0	0	0	0	0	0	0	0	0	0	0	0	0	0	0	0	0	0	0	0	0	0	0	0	0	0	0	0	0	0	0	0	0	0	0	0	0	0	0	0	304	406	0	0	0	0	0	0	0	590	0	0	0	0	0	0	0	0	0	0	0	0	0	0	0	0	0	0	0	0	0	0	0	0	0	0	0	0	0	0	0	0	0	0	10144	2342	4672	5000	2752	1186	7766	2872	12904	5910	3460	1070	20306	7826	0	3096	5174	116	206	1440	3774	8758	9276	5132	6204	2298	
134124	Cerebelum_9_R	0	0	0	0	0	0	0	0	0	0	0	0	0	0	0	0	0	0	0	0	0	0	0	0	0	0	0	0	0	0	0	0	0	0	0	0	0	0	0	0	0	0	0	0	0	0	136	128	0	0	0	0	0	0	0	150	0	0	0	0	0	0	0	0	0	0	0	0	0	0	0	0	0	0	0	0	0	0	0	0	0	0	0	0	0	0	0	0	0	0	1678	1152	236	986	272	1830	2036	1954	2746	3136	136	2732	2294	12194	3096	0	82	1780	542	2306	2610	2962	4166	6086	7630	2006	
29172	Cerebelum_10_L	0	0	0	0	0	0	0	0	0	0	0	0	0	0	0	0	0	0	0	0	0	0	0	0	0	0	0	0	0	0	0	0	0	0	0	0	0	0	0	0	0	0	0	0	0	0	0	0	0	0	0	0	0	0	0	0	0	0	0	0	0	0	0	0	0	0	0	0	0	0	0	0	0	0	0	0	0	0	0	0	0	0	0	0	0	0	0	0	0	0	950	0	968	0	92	0	556	90	854	190	1034	0	3090	138	5174	82	0	0	172	150	302	220	0	336	188	0	
10056	Cerebelum_10_R	0	0	0	0	0	0	0	0	0	0	0	0	0	0	0	0	0	0	0	0	0	0	0	0	0	0	0	0	0	0	0	0	0	0	0	0	0	0	0	0	0	0	0	0	0	0	0	0	0	0	0	0	0	0	0	0	0	0	0	0	0	0	0	0	0	0	0	0	0	0	0	0	0	0	0	0	0	0	0	0	0	0	0	0	0	0	0	0	0	0	0	254	0	154	0	0	0	160	104	242	0	484	0	1250	116	1780	0	0	0	0	0	98	78	116	110	82	
23216	Vermis_1_2	0	0	0	0	0	0	0	0	0	0	0	0	0	0	0	0	0	0	0	0	0	0	0	0	0	0	0	0	0	0	0	0	0	0	0	0	0	0	0	0	0	0	0	0	0	0	0	0	0	0	0	0	0	0	0	0	0	0	0	0	0	0	0	0	0	0	0	0	0	0	0	0	0	0	0	0	0	0	0	0	0	0	0	0	0	0	0	0	0	0	308	0	0	0	992	202	890	0	702	438	0	0	0	0	206	542	172	0	0	4478	924	336	294	418	536	170	
85476	Vermis_3	0	0	0	0	0	0	0	0	0	0	0	0	0	0	0	0	0	0	0	0	0	0	0	0	0	0	0	0	0	0	0	0	0	0	0	0	0	0	290	0	0	0	0	0	0	0	198	216	0	0	0	0	0	0	0	278	0	0	0	0	0	0	0	0	0	0	0	0	0	0	0	0	0	0	0	0	0	0	0	0	0	0	0	0	0	0	0	0	0	0	1814	768	110	564	2512	2880	3216	1976	2588	2428	0	0	1222	1110	1440	2306	150	0	4478	0	3468	1248	2484	2262	2486	246	
288412	Vermis_4_5	0	0	0	0	0	0	0	0	0	0	0	0	0	0	0	0	0	0	0	0	0	0	0	0	0	0	0	0	0	0	0	0	0	0	0	794	0	782	0	680	0	0	0	0	0	0	3120	4292	0	0	0	0	0	0	1110	2650	0	0	0	0	0	0	0	0	0	0	0	1000	0	0	0	0	0	0	0	0	0	0	0	0	0	0	0	0	0	0	0	0	0	0	9042	7778	712	1284	1146	1420	18296	15542	17296	16826	148	1356	2054	3478	3774	2610	302	0	924	3468	0	9184	3604	2840	4014	2680	
333660	Vermis_6	0	0	0	0	0	0	0	0	0	0	0	0	0	0	0	0	0	0	0	0	0	0	0	0	0	0	0	0	0	0	0	0	0	0	0	0	0	0	0	0	0	0	0	0	0	0	1316	8004	0	0	0	0	0	1142	1750	7910	0	0	0	0	0	0	0	0	0	0	0	0	0	0	0	0	0	0	0	0	0	0	0	0	0	0	0	0	0	0	0	0	0	0	12826	12338	1482	2208	1130	960	10290	3968	27380	23034	924	182	3010	2770	8758	2962	220	98	336	1248	9184	0	6748	3950	6152	4550	
268980	Vermis_7	0	0	0	0	0	0	0	0	0	0	0	0	0	0	0	0	0	0	0	0	0	0	0	0	0	0	0	0	0	0	0	0	0	0	0	0	0	0	0	0	0	0	0	0	0	0	120	598	0	0	0	0	0	102	152	478	0	0	0	0	0	0	0	0	0	0	0	0	0	0	0	0	0	0	0	0	0	0	0	0	0	0	0	0	0	0	0	0	0	0	9502	7188	3832	11456	2156	2234	4390	3686	9342	8916	1884	3728	11222	14120	9276	4166	0	78	294	2484	3604	6748	0	7124	5190	420	
155520	Vermis_8	0	0	0	0	0	0	0	0	0	0	0	0	0	0	0	0	0	0	0	0	0	0	0	0	0	0	0	0	0	0	0	0	0	0	0	0	0	0	0	0	0	0	0	0	0	0	90	148	0	0	0	0	0	0	0	130	0	0	0	0	0	0	0	0	0	0	0	0	0	0	0	0	0	0	0	0	0	0	0	0	0	0	0	0	0	0	0	0	0	0	2634	476	2492	1814	346	1768	2202	1620	3594	2664	2576	1716	8644	6624	5132	6086	336	116	418	2262	2840	3950	7124	0	7914	2044	
