data	data	629068	318708	1.14779e+06	914012	212364	143080	617776	274324	127368	47516	400676	252876	381000	203908	228800	140508	294416	130476	939652	920776	77460	62932	332404	308592	17736	98640	42384	56644	806828	429504	368700	489236	161796	455140	225176	197632	323800	301280	99520	133860	31520	63316	238604	219644	149968	232608	259084	204808	134504	253496	445108	189004	163076	38952	306004	320144	217376	129492	153612	86608	243824	128108	171200	95468	206836	150540	255016	304120	226276	103744	523344	553504	351164	271732	45648	17908	132888	192580	90968	22256	282532	94848	87116	61108	363884	191880	16564	21056	295836	170480	360008	391056	223356	240520	30840	62060	321236	220684	379460	412896	159360	111252	239720	246612	110292	94492	19284	3864	12476	56864	276568	187732	179544	143684	94088	35596	
data	data	Precentral_L	Precentral_R	Frontal_Sup_L	Frontal_Sup_R	Frontal_Sup_Orb_L	Frontal_Sup_Orb_R	Frontal_Mid_L	Frontal_Mid_R	Frontal_Mid_Orb_L	Frontal_Mid_Orb_R	Frontal_Inf_Oper_L	Frontal_Inf_Oper_R	Frontal_Inf_Tri_L	Frontal_Inf_Tri_R	Frontal_Inf_Orb_L	Frontal_Inf_Orb_R	Rolandic_Oper_L	Rolandic_Oper_R	Supp_Motor_Area_L	Supp_Motor_Area_R	Olfactory_L	Olfactory_R	Frontal_Sup_Medial_L	Frontal_Sup_Medial_R	Frontal_Med_Orb_L	Frontal_Med_Orb_R	Rectus_L	Rectus_R	Insula_L	Insula_R	Cingulum_Ant_L	Cingulum_Ant_R	Cingulum_Mid_L	Cingulum_Mid_R	Cingulum_Post_L	Cingulum_Post_R	Hippocampus_L	Hippocampus_R	ParaHippocampal_L	ParaHippocampal_R	Amygdala_L	Amygdala_R	Calcarine_L	Calcarine_R	Cuneus_L	Cuneus_R	Lingual_L	Lingual_R	Occipital_Sup_L	Occipital_Sup_R	Occipital_Mid_L	Occipital_Mid_R	Occipital_Inf_L	Occipital_Inf_R	Fusiform_L	Fusiform_R	Postcentral_L	Postcentral_R	Parietal_Sup_L	Parietal_Sup_R	Parietal_Inf_L	Parietal_Inf_R	SupraMarginal_L	SupraMarginal_R	Angular_L	Angular_R	Precuneus_L	Precuneus_R	Paracentral_Lobule_L	Paracentral_Lobule_R	Caudate_L	Caudate_R	Putamen_L	Putamen_R	Pallidum_L	Pallidum_R	Thalamus_L	Thalamus_R	Heschl_L	Heschl_R	Temporal_Sup_L	Temporal_Sup_R	Temporal_Pole_Sup_L	Temporal_Pole_Sup_R	Temporal_Mid_L	Temporal_Mid_R	Temporal_Pole_Mid_L	Temporal_Pole_Mid_R	Temporal_Inf_L	Temporal_Inf_R	Cerebelum_Crus1_L	Cerebelum_Crus1_R	Cerebelum_Crus2_L	Cerebelum_Crus2_R	Cerebelum_3_L	Cerebelum_3_R	Cerebelum_4_5_L	Cerebelum_4_5_R	Cerebelum_6_L	Cerebelum_6_R	Cerebelum_7b_L	Cerebelum_7b_R	Cerebelum_8_L	Cerebelum_8_R	Cerebelum_9_L	Cerebelum_9_R	Cerebelum_10_L	Cerebelum_10_R	Vermis_1_2	Vermis_3	Vermis_4_5	Vermis_6	Vermis_7	Vermis_8	Vermis_9	Vermis_10	
629068	Precentral_L	0	7350	29056	6314	0	0	23620	458	0	0	11354	156	2646	0	0	118	11536	0	27074	10232	0	0	468	0	0	0	0	0	10984	142	1108	554	1968	1756	14862	5484	10246	3056	1068	210	0	0	1406	0	1754	0	410	0	730	0	9092	0	2378	0	1506	0	27838	0	2718	0	3966	0	1610	0	1500	0	3988	458	20144	176	8804	1742	4248	0	252	0	22970	4726	4364	0	956	0	0	0	2678	0	0	0	1806	0	0	0	0	0	0	0	0	0	0	0	0	0	0	0	0	0	0	0	0	494	0	0	0	0	0	0	
318708	Precentral_R	7350	0	4702	12524	466	0	978	5764	0	0	0	4922	0	0	0	0	148	2198	9106	11472	0	0	0	0	0	0	0	0	1172	2822	120	116	0	892	5036	5686	4668	9602	290	200	0	0	0	542	0	482	0	0	0	704	0	0	0	546	0	0	0	19176	0	0	0	882	0	2818	0	0	0	4444	4764	3208	3224	2372	540	1226	0	0	2804	15284	1042	312	0	114	0	0	0	1950	0	0	0	2686	0	0	0	0	0	0	0	0	0	0	0	0	0	0	0	0	0	0	0	0	0	0	0	0	0	0	
1.14779e+06	Frontal_Sup_L	29056	4702	0	18944	14724	0	76340	5950	2486	0	18376	848	22648	130	7154	0	13216	176	112956	33390	0	0	40864	2862	406	384	0	0	37438	488	19656	7284	8154	9312	1606	356	2702	1102	120	240	0	0	0	0	0	0	0	0	0	0	0	0	0	0	114	0	4346	254	0	0	0	0	452	0	0	0	184	240	5684	220	21216	3052	28252	654	5672	0	3596	1214	1350	0	2720	0	292	0	0	0	0	0	178	0	0	0	0	0	0	0	0	0	0	0	0	0	0	0	0	0	0	0	0	134	0	0	0	0	0	0	
914012	Frontal_Sup_R	6314	12524	18944	0	258	4818	3998	32702	0	482	5430	15228	754	10694	0	2624	3374	9412	23906	82286	0	0	8458	34592	0	3340	0	0	5462	20474	6010	32018	568	16054	208	336	336	1910	0	270	0	0	0	0	0	0	0	148	0	138	0	0	0	0	0	0	0	284	0	0	0	0	0	0	0	0	0	478	3480	352	11250	35736	534	11610	0	2178	340	20684	0	128	2282	0	1200	196	142	672	0	0	138	1252	0	0	0	0	0	0	0	0	0	0	0	0	0	0	0	0	0	0	0	0	0	0	0	0	0	0	
212364	Frontal_Sup_Orb_L	0	466	14724	258	0	0	5256	612	13104	0	446	428	2872	0	11612	0	0	0	2456	280	3036	0	3218	0	2692	0	6210	0	12292	0	5216	296	0	0	134	164	214	650	262	172	0	0	0	0	0	0	0	0	0	0	0	0	0	0	0	0	0	0	0	0	0	0	0	0	0	0	0	0	0	0	7458	246	10666	144	0	0	0	132	0	0	0	0	466	0	0	0	0	0	0	0	0	0	0	0	0	0	0	0	0	0	0	0	0	0	0	0	0	0	0	0	0	0	0	0	0	0	
143080	Frontal_Sup_Orb_R	0	0	0	4818	0	0	0	124	0	5176	410	156	0	630	0	6688	228	0	0	2450	766	2738	134	4994	0	8540	0	9052	260	1820	822	3936	0	0	0	0	0	0	0	0	0	0	0	0	0	0	0	0	0	0	0	0	0	0	0	0	0	0	0	0	0	0	0	0	0	0	0	0	0	0	1286	9300	0	7078	0	0	0	0	0	0	134	0	0	0	0	0	0	0	0	0	0	0	0	0	0	0	0	0	0	0	0	0	0	0	0	0	0	0	0	0	0	0	0	0	0	0	
617776	Frontal_Mid_L	23620	978	76340	3998	5256	0	0	2040	2436	0	24020	418	42642	0	9562	318	8062	0	15438	1980	0	0	16528	1056	0	0	0	0	26734	172	8864	2724	2316	482	800	776	2710	932	302	0	0	0	0	0	0	0	0	0	0	0	408	0	0	0	0	0	180	0	154	0	154	0	0	0	0	0	132	114	1182	0	8278	1212	6086	0	862	0	6532	618	1144	0	328	0	0	0	0	0	0	0	0	0	0	0	0	0	0	0	0	0	0	0	0	0	0	0	0	0	0	0	0	0	0	0	0	0	0	0	
274324	Frontal_Mid_R	458	5764	5950	32702	612	124	2040	0	0	0	1598	10208	238	13720	0	1582	1360	1316	5516	10422	0	0	1780	3504	0	0	0	0	3052	7846	1034	5280	0	4756	0	0	484	1038	0	262	0	0	0	0	0	0	0	0	0	0	0	0	0	0	0	0	0	0	0	0	0	0	0	0	0	0	0	0	0	0	8786	1480	578	1026	0	0	538	1180	0	0	928	0	0	0	0	0	0	0	0	0	0	0	0	0	0	0	0	0	0	0	0	0	0	0	0	0	0	0	0	0	0	0	0	0	0	0	
127368	Frontal_Mid_Orb_L	0	0	2486	0	13104	0	2436	0	0	0	156	0	3810	0	18106	0	0	0	584	0	1250	0	264	0	0	0	2346	0	10418	0	456	0	0	0	0	0	236	0	144	0	118	0	0	0	0	0	0	0	0	0	0	0	0	0	0	0	0	0	0	0	0	0	0	0	0	0	0	0	0	0	1196	0	5570	0	0	0	0	0	0	0	0	0	1004	0	0	0	0	0	0	0	0	0	0	0	0	0	0	0	0	0	0	0	0	0	0	0	0	0	0	0	0	0	0	0	0	0	
47516	Frontal_Mid_Orb_R	0	0	0	482	0	5176	0	0	0	0	0	0	0	270	0	8260	0	0	0	716	0	366	0	514	0	0	0	204	0	1956	0	0	0	0	0	0	0	482	0	0	0	478	0	0	0	0	0	0	0	0	0	0	0	0	0	0	0	0	0	0	0	0	0	0	0	0	0	0	0	0	0	1560	0	3294	0	0	0	0	0	0	0	0	0	0	0	0	0	0	0	0	0	0	0	0	0	0	0	0	0	0	0	0	0	0	0	0	0	0	0	0	0	0	0	0	0	0	
400676	Frontal_Inf_Oper_L	11354	0	18376	5430	446	410	24020	1598	156	0	0	1872	27382	812	866	2530	13312	0	9772	1590	0	0	1268	306	0	0	0	0	23250	902	5182	5844	322	228	0	0	1280	0	0	0	0	0	0	0	0	0	0	0	0	0	0	0	0	0	0	0	2704	0	0	0	0	0	0	0	0	0	0	0	0	0	16770	9972	1902	0	0	0	290	0	170	0	6142	0	3044	0	442	0	0	0	394	0	0	0	0	0	0	0	0	0	0	0	0	0	0	0	0	0	0	0	0	0	0	0	0	0	0	0	
252876	Frontal_Inf_Oper_R	156	4922	848	15228	428	156	418	10208	0	0	1872	0	504	9696	0	1128	1074	6882	2300	13184	0	0	622	2348	0	0	0	0	2324	22344	544	3048	0	2306	0	0	156	1430	0	194	0	0	0	0	0	0	0	0	0	0	0	0	0	0	0	370	0	2166	0	0	0	0	0	0	0	0	0	0	0	0	3392	10008	286	4344	0	0	0	0	0	0	814	148	0	366	0	0	0	0	0	224	0	0	0	0	0	0	0	0	0	0	0	0	0	0	0	0	0	0	0	0	0	0	0	0	0	0	
381000	Frontal_Inf_Tri_L	2646	0	22648	754	2872	0	42642	238	3810	0	27382	504	0	520	18378	1106	814	0	6668	754	0	0	3494	206	0	292	0	0	29664	498	6302	3512	834	276	0	0	538	0	0	0	0	0	0	0	0	0	0	0	0	0	0	0	0	0	0	0	0	0	0	0	0	0	0	0	0	0	0	0	0	0	6486	3144	1996	0	0	0	152	0	0	0	374	0	996	0	0	0	0	0	0	0	0	0	0	0	0	0	0	0	0	0	0	0	0	0	0	0	0	0	0	0	0	0	0	0	0	0	
203908	Frontal_Inf_Tri_R	0	0	130	10694	0	630	0	13720	0	270	812	9696	520	0	0	7490	0	0	1750	6700	0	0	1270	3558	0	296	0	0	638	22216	1132	6226	200	5254	0	0	0	148	0	0	0	0	0	0	0	0	0	0	0	0	0	0	0	0	0	130	0	0	0	0	0	0	0	0	0	0	0	0	0	0	1036	5934	0	1504	0	0	0	0	0	0	0	0	0	0	0	0	0	0	0	0	0	0	0	0	0	0	0	0	0	0	0	0	0	0	0	0	0	0	0	0	0	0	0	0	0	0	
228800	Frontal_Inf_Orb_L	0	0	7154	0	11612	0	9562	0	18106	0	866	0	18378	0	0	0	0	0	2166	158	3376	0	1678	0	0	0	2018	0	24654	0	1276	416	180	0	0	0	248	0	318	0	196	0	0	0	0	0	0	0	0	0	0	0	0	0	0	0	0	0	0	0	0	0	0	0	0	0	0	0	0	0	1290	0	7314	0	0	0	0	0	0	0	0	0	3434	0	0	0	0	0	0	0	0	0	0	0	0	0	0	0	0	0	0	0	0	0	0	0	0	0	0	0	0	0	0	0	0	0	
140508	Frontal_Inf_Orb_R	118	0	0	2624	0	6688	318	1582	0	8260	2530	1128	1106	7490	0	0	640	0	478	1558	0	1448	0	788	0	114	0	2046	1968	9796	156	1014	0	936	0	0	0	526	0	124	0	484	0	0	0	0	0	0	0	0	0	0	0	0	0	128	0	0	0	0	0	0	0	0	0	0	0	0	0	0	2852	6144	0	4418	0	0	0	0	0	0	358	260	316	1114	0	408	0	336	0	0	0	0	0	0	0	0	0	0	0	0	0	0	0	0	0	0	0	0	0	0	0	0	0	0	0	0	
294416	Rolandic_Oper_L	11536	148	13216	3374	0	228	8062	1360	0	0	13312	1074	814	0	0	640	0	0	8476	1082	0	0	0	186	0	0	0	0	30308	182	308	1816	0	0	0	0	1520	0	0	0	0	0	0	0	0	0	0	0	0	0	1392	0	0	0	0	0	8634	0	632	0	1028	0	4276	0	322	0	0	0	144	0	7788	3836	1528	0	894	0	724	140	3512	0	10378	0	2346	0	1112	0	0	0	880	0	0	0	0	0	0	0	0	0	0	0	0	0	0	0	0	0	0	0	0	0	0	0	0	0	0	0	
130476	Rolandic_Oper_R	0	2198	176	9412	0	0	0	1316	0	0	0	6882	0	0	0	0	0	0	486	9468	0	0	0	0	0	0	0	0	0	16236	0	0	0	122	0	0	0	1058	0	0	0	0	0	0	0	0	0	0	0	0	0	0	0	0	0	0	0	5120	0	0	0	0	0	2446	0	0	0	188	0	0	276	3144	0	2296	0	0	0	0	0	2998	0	1190	0	226	0	0	0	0	0	0	0	0	0	0	0	0	0	0	0	0	0	0	0	0	0	0	0	0	0	0	0	0	0	0	0	0	
939652	Supp_Motor_Area_L	27074	9106	112956	23906	2456	0	15438	5516	584	0	9772	2300	6668	1750	2166	478	8476	486	0	62768	0	0	7232	4056	0	342	0	0	18300	2936	10104	9842	9054	25402	5682	1142	1960	406	192	0	0	0	626	0	862	0	148	0	440	0	844	0	222	0	0	0	2294	336	218	0	122	0	438	0	152	0	1190	244	19990	538	14770	5526	21666	564	4470	222	480	1138	914	0	2116	0	244	0	250	0	0	0	138	0	0	0	0	0	0	0	0	0	0	0	0	0	0	0	0	0	0	0	0	114	0	0	0	0	0	0	
920776	Supp_Motor_Area_R	10232	11472	33390	82286	280	2450	1980	10422	0	716	1590	13184	754	6700	158	1558	1082	9468	62768	0	0	0	1852	13098	0	1952	0	0	1954	18516	3722	13564	5072	45446	1686	8646	122	1412	0	166	0	0	0	552	0	1116	0	0	0	714	0	152	0	210	0	130	0	3652	0	0	0	0	0	0	0	0	178	6286	10180	11022	4688	29264	370	15732	0	2246	0	4082	0	156	466	0	0	234	0	460	0	0	0	800	0	0	0	0	0	0	0	0	0	0	0	0	0	0	0	0	0	0	0	0	0	0	0	0	0	0	
77460	Olfactory_L	0	0	0	0	3036	766	0	0	1250	0	0	0	0	0	3376	0	0	0	0	0	0	5174	0	0	230	0	2764	1412	3334	0	2422	682	0	0	0	0	0	0	784	0	538	0	0	0	0	0	0	0	0	0	0	0	0	0	0	0	0	0	0	0	0	0	0	0	0	0	0	0	0	0	7358	2528	1908	0	0	0	0	0	0	0	0	0	1168	0	0	0	0	0	0	0	0	0	0	0	0	0	0	0	0	0	0	0	0	0	0	0	0	0	0	0	0	0	0	0	0	0	
62932	Olfactory_R	0	0	0	0	0	2738	0	0	0	366	0	0	0	0	0	1448	0	0	0	0	5174	0	0	0	0	1504	334	3774	0	1262	1632	1422	0	0	0	0	0	0	0	118	0	1252	0	0	0	0	0	0	0	0	0	0	0	0	0	0	0	0	0	0	0	0	0	0	0	0	0	0	0	0	5698	3380	1364	0	0	0	0	0	0	0	0	0	0	0	0	0	0	0	0	0	0	0	0	0	0	0	0	0	0	0	0	0	0	0	0	0	0	0	0	0	0	0	0	0	0	0	
332404	Frontal_Sup_Medial_L	468	0	40864	8458	3218	134	16528	1780	264	0	1268	622	3494	1270	1678	0	0	0	7232	1852	0	0	0	14510	1244	458	0	0	6924	866	19316	9706	9414	8114	0	0	0	0	0	0	0	0	0	0	0	0	0	0	0	0	0	0	0	0	0	0	0	0	0	0	0	0	0	0	0	0	0	0	0	0	3156	542	2494	328	0	0	0	0	0	0	0	0	0	0	0	0	0	0	0	0	0	0	0	0	0	0	0	0	0	0	0	0	0	0	0	0	0	0	0	0	0	0	0	0	0	0	
308592	Frontal_Sup_Medial_R	0	0	2862	34592	0	4994	1056	3504	0	514	306	2348	206	3558	0	788	186	0	4056	13098	0	0	14510	0	0	6076	0	0	490	3454	6856	24180	230	11872	0	0	0	0	0	0	0	0	0	0	0	0	0	0	0	0	0	0	0	0	0	0	0	0	0	0	0	0	0	0	0	0	0	0	0	0	552	9032	134	4698	0	0	0	0	0	0	144	0	0	0	0	0	0	0	0	0	0	0	0	0	0	0	0	0	0	0	0	0	0	0	0	0	0	0	0	0	0	0	0	0	0	0	
17736	Frontal_Med_Orb_L	0	0	406	0	2692	0	0	0	0	0	0	0	0	0	0	0	0	0	0	0	230	0	1244	0	0	432	1006	0	0	0	2184	0	0	0	0	0	0	0	0	0	0	0	0	0	0	0	0	0	0	0	0	0	0	0	0	0	0	0	0	0	0	0	0	0	0	0	0	0	0	0	482	0	192	0	0	0	0	0	0	0	0	0	0	0	0	0	0	0	0	0	0	0	0	0	0	0	0	0	0	0	0	0	0	0	0	0	0	0	0	0	0	0	0	0	0	0	
98640	Frontal_Med_Orb_R	0	0	384	3340	0	8540	0	0	0	0	0	0	292	296	0	114	0	0	342	1952	0	1504	458	6076	432	0	0	4020	400	318	3460	6088	0	0	0	0	0	0	0	0	0	0	0	0	0	0	0	0	0	0	0	0	0	0	0	0	0	0	0	0	0	0	0	0	0	0	0	0	0	0	338	7000	352	3614	0	0	0	0	0	0	0	0	0	0	0	0	0	0	0	0	0	0	0	0	0	0	0	0	0	0	0	0	0	0	0	0	0	0	0	0	0	0	0	0	0	0	
42384	Rectus_L	0	0	0	0	6210	0	0	0	2346	0	0	0	0	0	2018	0	0	0	0	0	2764	334	0	0	1006	0	0	0	450	0	1900	0	0	0	0	0	0	0	0	0	0	0	0	0	0	0	0	0	0	0	0	0	0	0	0	0	0	0	0	0	0	0	0	0	0	0	0	0	0	0	2720	0	1444	0	0	0	0	0	0	0	0	0	0	0	0	0	0	0	0	0	0	0	0	0	0	0	0	0	0	0	0	0	0	0	0	0	0	0	0	0	0	0	0	0	0	0	
56644	Rectus_R	0	0	0	0	0	9052	0	0	0	204	0	0	0	0	0	2046	0	0	0	0	1412	3774	0	0	0	4020	0	0	0	302	254	886	0	0	0	0	0	0	0	0	0	126	0	0	0	0	0	0	0	0	0	0	0	0	0	0	0	0	0	0	0	0	0	0	0	0	0	0	0	0	1328	3166	318	1434	0	0	0	0	0	0	0	0	0	0	0	0	0	0	0	0	0	0	0	0	0	0	0	0	0	0	0	0	0	0	0	0	0	0	0	0	0	0	0	0	0	0	
806828	Insula_L	10984	1172	37438	5462	12292	260	26734	3052	10418	0	23250	2324	29664	638	24654	1968	30308	0	18300	1954	3334	0	6924	490	0	400	450	0	0	808	6138	5964	2198	298	1110	1094	17934	1568	1318	222	2886	0	126	0	0	0	0	0	0	0	3162	0	232	0	1752	0	2788	0	854	0	504	0	1118	0	268	0	478	260	138	0	20444	9208	24654	176	1120	0	2584	788	5288	0	15748	0	6844	0	5366	0	0	0	4998	0	0	0	0	0	0	0	0	0	0	0	0	0	0	0	0	0	0	0	0	508	0	0	0	0	0	0	
429504	Insula_R	142	2822	488	20474	0	1820	172	7846	0	1956	902	22344	498	22216	0	9796	182	16236	2936	18516	0	1262	866	3454	0	318	0	302	808	0	1002	5692	260	4628	0	0	0	7546	0	1294	0	1844	0	0	0	0	0	0	0	0	0	0	0	0	0	2992	0	1164	0	0	0	0	0	192	0	0	0	158	0	0	1524	13886	0	16966	0	0	0	168	0	2032	0	6442	0	3290	0	3088	0	0	0	4228	0	0	0	0	0	0	0	0	0	0	0	0	0	0	0	0	0	0	0	0	0	0	0	0	0	0	
368700	Cingulum_Ant_L	1108	120	19656	6010	5216	822	8864	1034	456	0	5182	544	6302	1132	1276	156	308	0	10104	3722	2422	1632	19316	6856	2184	3460	1900	254	6138	1002	0	26710	7956	3804	268	0	0	0	0	0	0	0	0	0	0	0	0	0	0	0	0	0	0	0	0	0	0	0	0	0	0	0	0	0	0	0	0	0	0	0	15042	4708	7544	752	0	0	0	240	0	0	150	0	0	0	0	0	0	0	0	0	0	0	0	0	0	0	0	0	0	0	0	0	0	0	0	0	0	0	0	0	0	0	0	0	0	0	
489236	Cingulum_Ant_R	554	116	7284	32018	296	3936	2724	5280	0	0	5844	3048	3512	6226	416	1014	1816	0	9842	13564	682	1422	9706	24180	0	6088	0	886	5964	5692	26710	0	2910	19012	0	0	186	130	0	0	0	0	0	0	0	0	0	0	0	0	0	0	0	0	0	0	0	0	0	0	0	0	0	0	0	0	0	0	0	0	10208	21480	3528	5158	0	0	0	754	0	0	1342	0	1090	0	0	0	0	0	0	0	0	0	0	0	0	0	0	0	0	0	0	0	0	0	0	0	0	0	0	0	0	0	0	0	0	0	
161796	Cingulum_Mid_L	1968	0	8154	568	0	0	2316	0	0	0	322	0	834	200	180	0	0	0	9054	5072	0	0	9414	230	0	0	0	0	2198	260	7956	2910	0	10320	2900	1086	0	0	0	0	0	0	436	0	836	0	0	0	266	0	1668	0	0	0	0	0	286	0	284	0	0	0	0	0	0	0	4720	800	1426	116	2688	0	1430	0	0	0	0	0	0	0	0	0	0	0	0	0	0	0	0	0	0	0	0	0	0	0	0	0	0	0	0	0	0	0	0	0	0	0	0	0	0	0	0	0	0	0	
455140	Cingulum_Mid_R	1756	892	9312	16054	0	0	482	4756	0	0	228	2306	276	5254	0	936	0	122	25402	45446	0	0	8114	11872	0	0	0	0	298	4628	3804	19012	10320	0	802	8326	0	0	0	0	0	0	0	1796	0	4850	0	310	0	4176	0	1168	0	0	0	0	0	2148	0	0	0	148	0	0	0	230	2180	15552	2816	8182	296	2142	0	274	0	0	0	264	0	0	0	0	0	0	0	412	0	0	0	228	0	0	0	0	0	0	0	0	0	0	0	0	0	0	0	0	0	0	0	0	0	0	0	0	0	0	
225176	Cingulum_Post_L	14862	5036	1606	208	134	0	800	0	0	0	0	0	0	0	0	0	0	0	5682	1686	0	0	0	0	0	0	0	0	1110	0	268	0	2900	802	0	12680	12766	5880	4514	294	0	0	4808	0	2484	0	2356	0	266	0	474	0	120	0	148	0	672	0	0	0	0	0	0	0	0	0	9904	1636	9212	372	244	0	122	0	0	0	1236	4746	2560	0	0	0	0	0	0	0	0	0	0	0	0	0	0	0	0	0	0	0	0	0	0	0	0	0	0	0	0	0	0	0	0	0	0	0	0	0	
197632	Cingulum_Post_R	5484	5686	356	336	164	0	776	0	0	0	0	0	0	0	0	0	0	0	1142	8646	0	0	0	0	0	0	0	0	1094	0	0	0	1086	8326	12680	0	7718	7244	620	996	0	0	0	720	0	720	0	1518	0	558	0	164	0	146	0	0	382	1484	0	0	0	204	0	0	0	184	1834	12320	1302	5430	268	0	134	134	0	0	876	4222	2370	0	0	0	0	0	0	356	0	0	0	512	0	0	0	0	0	0	0	0	0	0	0	0	0	0	0	0	0	0	0	0	624	0	0	0	0	0	
323800	Hippocampus_L	10246	4668	2702	336	214	0	2710	484	236	0	1280	156	538	0	248	0	1520	0	1960	122	0	0	0	0	0	0	0	0	17934	0	0	186	0	0	12766	7718	0	5966	13856	318	5684	0	4440	0	356	0	4294	0	0	0	528	0	544	0	10470	0	1594	0	114	0	204	0	310	0	246	0	6466	1022	452	0	2170	286	7676	130	632	0	4564	5152	6220	0	3066	0	916	0	440	0	0	0	6624	0	0	0	0	0	184	0	124	0	0	0	0	0	0	0	0	0	0	0	0	828	0	0	0	0	0	0	
301280	Hippocampus_R	3056	9602	1102	1910	650	0	932	1038	0	482	0	1430	0	148	0	526	0	1058	406	1412	0	0	0	0	0	0	0	0	1568	7546	0	130	0	0	5880	7244	5966	0	718	20582	0	10828	0	346	0	0	0	3772	0	0	0	0	0	148	0	19982	222	122	0	0	0	0	0	0	0	0	644	4314	0	0	1020	540	364	13030	0	382	316	4914	2134	148	0	1428	0	1874	0	1386	0	136	0	8650	0	0	0	0	0	0	0	206	0	0	0	0	0	0	0	0	0	0	0	0	348	0	0	0	0	0	
99520	ParaHippocampal_L	1068	290	120	0	262	0	302	0	144	0	0	0	0	0	318	0	0	0	192	0	784	0	0	0	0	0	0	0	1318	0	0	0	0	0	4514	620	13856	718	0	0	1532	0	3666	0	290	0	3638	166	0	0	150	0	196	0	4592	0	0	0	0	0	0	0	0	0	0	0	4514	280	416	0	536	0	1592	0	156	0	298	590	146	0	178	0	388	0	0	0	0	0	554	0	216	0	0	0	152	0	510	0	214	0	0	0	0	0	0	0	0	0	0	284	0	0	0	0	0	0	
133860	ParaHippocampal_R	210	200	240	270	172	0	0	262	0	0	0	194	0	0	0	124	0	0	0	166	0	118	0	0	0	0	0	0	222	1294	0	0	0	0	294	996	318	20582	0	0	0	6954	0	658	0	0	0	5224	0	0	0	0	0	0	0	16158	0	0	0	0	0	0	0	0	0	0	198	2176	0	0	180	0	0	3050	0	278	0	114	174	0	0	182	0	1538	0	326	0	828	0	1314	0	0	0	0	0	210	0	1348	0	218	0	0	0	0	0	0	0	0	0	0	140	0	0	0	0	0	
31520	Amygdala_L	0	0	0	0	0	0	0	0	118	0	0	0	0	0	196	0	0	0	0	0	538	0	0	0	0	0	0	0	2886	0	0	0	0	0	0	0	5684	0	1532	0	0	0	0	0	0	0	0	0	0	0	0	0	0	0	2898	0	0	0	0	0	0	0	0	0	0	0	0	0	0	0	0	0	166	0	0	0	0	0	0	0	300	0	706	0	0	0	0	0	736	0	0	0	0	0	0	0	0	0	0	0	0	0	0	0	0	0	0	0	0	0	0	0	0	0	0	0	
63316	Amygdala_R	0	0	0	0	0	0	0	0	0	478	0	0	0	0	0	484	0	0	0	0	0	1252	0	0	0	0	0	126	0	1844	0	0	0	0	0	0	0	10828	0	6954	0	0	0	0	0	0	0	0	0	0	0	0	0	0	0	5234	0	0	0	0	0	0	0	0	0	0	0	0	0	0	0	0	0	2020	0	0	0	0	0	0	0	0	0	1946	0	0	0	268	0	224	0	0	0	0	0	0	0	0	0	0	0	0	0	0	0	0	0	0	0	0	0	0	0	0	0	0	
238604	Calcarine_L	1406	0	0	0	0	0	0	0	0	0	0	0	0	0	0	0	0	0	626	0	0	0	0	0	0	0	0	0	126	0	0	0	436	0	4808	0	4440	0	3666	0	0	0	0	8700	16452	7858	12688	3346	9684	3056	13734	272	5012	0	2260	0	814	0	0	0	172	0	0	0	322	0	14372	0	1798	0	0	0	0	0	0	0	0	0	334	0	0	0	0	0	1294	0	0	0	1626	0	0	0	0	0	0	0	0	0	0	0	0	0	0	0	0	0	0	0	0	0	0	0	0	0	0	0	
219644	Calcarine_R	0	542	0	0	0	0	0	0	0	0	0	0	0	0	0	0	0	0	0	552	0	0	0	0	0	0	0	0	0	0	0	0	0	1796	0	720	0	346	0	658	0	0	8700	0	3384	22932	910	13398	0	19172	0	8280	0	1728	0	2442	0	274	0	714	0	1410	0	208	0	2108	214	13708	0	810	0	0	0	0	0	0	0	0	0	0	0	0	0	0	0	3168	0	0	0	480	0	194	0	0	0	0	0	116	0	646	0	0	0	0	0	0	0	0	0	0	212	0	0	0	0	0	
149968	Cuneus_L	1754	0	0	0	0	0	0	0	0	0	0	0	0	0	0	0	0	0	862	0	0	0	0	0	0	0	0	0	0	0	0	0	836	0	2484	0	356	0	290	0	0	0	16452	3384	0	6402	1716	0	13162	1148	6164	0	1724	0	426	0	1288	0	282	0	0	0	0	0	154	0	11748	182	3122	0	0	0	0	0	0	0	0	0	0	0	0	0	0	0	724	0	0	0	324	0	0	0	0	0	0	0	0	0	0	0	0	0	0	0	0	0	0	0	0	0	0	0	0	0	0	0	
232608	Cuneus_R	0	482	0	0	0	0	0	0	0	0	0	0	0	0	0	0	0	0	0	1116	0	0	0	0	0	0	0	0	0	0	0	0	0	4850	0	720	0	0	0	0	0	0	7858	22932	6402	0	168	2690	0	28898	0	8002	0	176	0	136	0	366	0	1246	0	734	0	0	0	1066	5298	19698	0	1364	0	0	0	0	0	0	0	0	0	0	0	0	0	0	0	1596	0	0	0	506	0	0	0	0	0	0	0	0	0	0	0	0	0	0	0	0	0	0	0	0	0	0	0	0	0	0	
259084	Lingual_L	410	0	0	0	0	0	0	0	0	0	0	0	0	0	0	0	0	0	148	0	0	0	0	0	0	0	0	0	0	0	0	0	0	0	2356	0	4294	0	3638	0	0	0	12688	910	1716	168	0	3986	1252	634	10348	262	5486	0	13334	1870	166	0	0	0	0	0	0	0	0	0	6228	0	580	0	0	0	0	0	0	0	0	0	232	0	0	0	0	0	146	0	0	0	192	0	7654	2934	482	818	0	0	9318	1292	14406	5538	0	192	152	340	122	180	0	0	0	0	5260	6246	2660	132	268	504	
204808	Lingual_R	0	0	0	148	0	0	0	0	0	0	0	0	0	0	0	0	0	0	0	0	0	0	0	0	0	0	0	0	0	0	0	0	0	310	0	1518	0	3772	166	5224	0	0	3346	13398	0	2690	3986	0	0	7880	0	3262	0	1322	398	13306	0	0	0	0	0	114	0	0	0	0	0	6054	0	0	0	0	0	0	0	0	0	272	0	0	0	0	0	0	0	198	0	0	0	0	636	3512	116	342	0	0	2210	3814	3070	9024	0	0	0	0	0	0	0	0	0	0	3682	6300	2334	0	0	0	
134504	Occipital_Sup_L	730	0	0	0	0	0	0	0	0	0	0	0	0	0	0	0	0	0	440	0	0	0	0	0	0	0	0	0	0	0	0	0	266	0	266	0	0	0	0	0	0	0	9684	0	13162	0	1252	0	0	0	22746	0	2340	0	1072	0	248	0	3834	0	402	0	0	0	790	0	6442	0	876	0	0	0	0	0	0	0	0	0	0	0	0	0	0	0	2702	0	0	0	0	0	0	0	0	0	0	0	0	0	0	0	0	0	0	0	0	0	0	0	0	0	0	0	0	0	0	0	
253496	Occipital_Sup_R	0	704	0	138	0	0	0	0	0	0	0	0	0	0	0	0	0	0	0	714	0	0	0	0	0	0	0	0	0	0	0	0	0	4176	0	558	0	0	0	0	0	0	3056	19172	1148	28898	634	7880	0	0	0	24422	0	264	0	278	0	812	0	5226	0	2696	0	0	0	5330	3052	13344	0	1562	0	0	0	0	0	0	0	0	0	0	0	0	0	0	0	1888	0	0	0	162	0	0	0	0	0	0	0	0	0	634	0	0	0	0	0	0	0	0	0	0	0	0	0	0	0	0	
445108	Occipital_Mid_L	9092	0	0	0	0	0	408	0	0	0	0	0	0	0	0	0	1392	0	844	0	0	0	0	0	0	0	0	0	3162	0	0	0	1668	0	474	0	528	0	150	0	0	0	13734	0	6164	0	10348	0	22746	0	0	0	27706	0	10326	0	5640	0	20952	0	14784	0	4978	0	21898	0	7300	0	3086	0	148	0	0	0	0	0	0	0	788	0	1754	0	0	0	22890	0	0	0	9456	0	138	0	0	0	0	0	0	0	0	0	0	0	0	0	0	0	0	0	0	0	0	0	0	0	0	0	
189004	Occipital_Mid_R	0	0	0	0	0	0	0	0	0	0	0	0	0	0	0	0	0	0	0	152	0	0	0	0	0	0	0	0	0	0	0	0	0	1168	0	164	0	0	0	0	0	0	272	8280	0	8002	262	3262	0	24422	0	0	0	1986	0	866	0	220	0	5996	0	7720	0	0	0	18710	140	3716	0	556	0	0	0	0	0	0	0	0	0	0	0	0	0	0	0	7736	0	0	0	636	0	0	0	0	0	0	0	0	0	236	0	0	0	0	0	0	0	0	0	0	0	0	0	0	0	0	
163076	Occipital_Inf_L	2378	0	0	0	0	0	0	0	0	0	0	0	0	0	0	0	0	0	222	0	0	0	0	0	0	0	0	0	232	0	0	0	0	0	120	0	544	0	196	0	0	0	5012	0	1724	0	5486	0	2340	0	27706	0	0	0	13026	0	490	0	1770	0	1338	0	614	0	1384	0	1058	0	792	0	0	0	0	0	0	0	0	0	606	0	510	0	0	0	6976	0	0	0	6892	0	122	0	0	0	0	0	0	0	0	0	0	0	0	0	0	0	0	0	0	0	0	0	0	0	0	0	
38952	Occipital_Inf_R	0	546	0	0	0	0	0	0	0	0	0	0	0	0	0	0	0	0	0	210	0	0	0	0	0	0	0	0	0	0	0	0	0	0	0	146	0	148	0	0	0	0	0	1728	0	176	0	1322	0	264	0	1986	0	0	0	3798	0	116	0	198	0	558	0	732	0	976	0	594	0	212	0	0	0	0	0	0	0	0	0	0	0	114	0	0	0	3404	0	0	0	1788	0	0	0	0	0	0	0	0	0	264	0	0	0	0	0	0	0	0	0	0	0	196	0	0	0	0	
306004	Fusiform_L	1506	0	114	0	0	0	0	0	0	0	0	0	0	0	0	0	0	0	0	0	0	0	0	0	0	0	0	0	1752	0	0	0	0	0	148	0	10470	0	4592	0	2898	0	2260	0	426	0	13334	398	1072	0	10326	0	13026	0	0	872	196	0	950	0	1508	0	482	0	1596	0	896	0	226	0	0	0	216	0	0	0	0	0	1020	0	2808	0	902	0	4536	0	640	0	15680	0	15548	1240	800	562	0	0	7486	428	20886	2002	390	216	308	420	0	130	0	0	0	0	2112	3692	1530	0	160	242	
320144	Fusiform_R	0	0	0	0	0	0	0	0	0	0	0	370	0	130	0	128	0	0	0	130	0	0	0	0	0	0	0	0	0	2992	0	0	0	0	0	0	0	19982	0	16158	0	5234	0	2442	0	136	1870	13306	0	278	0	866	0	3798	872	0	0	0	0	0	0	0	0	0	0	178	0	236	0	0	0	0	0	3336	0	212	0	0	0	0	0	1584	0	5592	0	2818	0	1992	0	14320	818	12510	210	512	0	138	2926	9312	2130	19784	0	156	0	450	0	0	0	0	0	0	6424	4384	1358	0	0	0	
217376	Postcentral_L	27838	0	4346	0	0	0	180	0	0	0	2704	0	0	0	0	0	8634	0	2294	0	0	0	0	0	0	0	0	0	2788	0	0	0	286	0	672	382	1594	222	0	0	0	0	814	0	1288	0	166	0	248	0	5640	0	490	0	196	0	0	0	5934	0	16310	0	7426	0	1080	0	4192	0	3426	0	2710	0	0	0	0	0	390	0	2082	0	2332	0	0	0	1656	0	0	0	368	0	0	0	0	0	0	0	0	0	0	0	0	0	0	0	0	0	0	0	0	0	0	0	0	0	0	0	
129492	Postcentral_R	0	19176	254	284	0	0	0	0	0	0	0	2166	0	0	0	0	0	5120	336	3652	0	0	0	0	0	0	0	0	0	1164	0	0	0	2148	0	1484	0	122	0	0	0	0	0	274	0	366	0	0	0	812	0	220	0	116	0	0	0	0	0	450	0	3214	0	8712	0	418	310	4658	124	6482	406	164	0	0	0	0	0	0	0	760	0	284	0	0	0	918	0	0	0	152	0	0	0	0	0	0	0	0	0	0	0	0	0	0	0	0	0	0	0	0	0	0	0	0	0	0	
153612	Parietal_Sup_L	2718	0	0	0	0	0	154	0	0	0	0	0	0	0	0	0	632	0	218	0	0	0	0	0	0	0	0	0	854	0	0	0	284	0	0	0	114	0	0	0	0	0	0	0	282	0	0	0	3834	0	20952	0	1770	0	950	0	5934	0	0	0	13206	0	3178	0	4430	0	9522	0	2626	0	0	0	0	0	0	0	0	0	208	0	818	0	0	0	2656	0	0	0	1466	0	0	0	0	0	0	0	0	0	0	0	0	0	0	0	0	0	0	0	0	0	0	0	0	0	0	0	
86608	Parietal_Sup_R	0	0	0	0	0	0	0	0	0	0	0	0	0	0	0	0	0	0	0	0	0	0	0	0	0	0	0	0	0	0	0	0	0	0	0	0	0	0	0	0	0	0	0	714	0	1246	0	0	0	5226	0	5996	0	198	0	0	0	450	0	0	0	10652	0	1404	0	10822	130	4708	0	132	0	0	0	0	0	0	0	0	0	0	0	0	0	0	0	1626	0	0	0	0	0	0	0	0	0	0	0	0	0	0	0	0	0	0	0	0	0	0	0	0	0	0	0	0	0	0	
243824	Parietal_Inf_L	3966	0	0	0	0	0	154	0	0	0	0	0	0	0	0	0	1028	0	122	0	0	0	0	0	0	0	0	0	504	0	0	0	0	0	0	0	204	0	0	0	0	0	172	0	0	0	0	0	402	0	14784	0	1338	0	1508	0	16310	0	13206	0	0	0	19844	0	22034	0	1544	0	2226	0	0	0	0	0	0	0	0	0	126	0	3074	0	0	0	13366	0	0	0	6000	0	0	0	0	0	0	0	0	0	0	0	0	0	0	0	0	0	0	0	0	0	0	0	0	0	0	0	
128108	Parietal_Inf_R	0	882	0	0	0	0	0	0	0	0	0	0	0	0	0	0	0	0	0	0	0	0	0	0	0	0	0	0	0	0	0	0	0	148	0	204	0	0	0	0	0	0	0	1410	0	734	0	114	0	2696	0	7720	0	558	0	0	0	3214	0	10652	0	0	0	8824	0	18500	0	2372	0	294	0	0	0	0	0	0	0	0	0	0	0	384	0	0	0	5220	0	0	0	128	0	0	0	0	0	0	0	0	0	0	0	0	0	0	0	0	0	0	0	0	0	0	0	0	0	0	
171200	SupraMarginal_L	1610	0	452	0	0	0	0	0	0	0	0	0	0	0	0	0	4276	0	438	0	0	0	0	0	0	0	0	0	1118	0	0	0	0	0	0	0	310	0	0	0	0	0	0	0	0	0	0	0	0	0	4978	0	614	0	482	0	7426	0	3178	0	19844	0	0	0	12534	0	0	0	0	0	228	0	0	0	0	0	0	0	244	0	7762	0	0	0	13382	0	0	0	6724	0	0	0	0	0	0	0	0	0	0	0	0	0	0	0	0	0	0	0	0	0	0	0	0	0	0	0	
95468	SupraMarginal_R	0	2818	0	0	0	0	0	0	0	0	0	0	0	0	0	0	0	2446	0	0	0	0	0	0	0	0	0	0	0	192	0	0	0	0	0	0	0	0	0	0	0	0	0	208	0	0	0	0	0	0	0	0	0	732	0	0	0	8712	0	1404	0	8824	0	0	0	4936	0	672	0	0	0	0	0	0	0	0	0	0	0	384	0	5988	0	0	0	10208	0	0	0	210	0	0	0	0	0	0	0	0	0	0	0	0	0	0	0	0	0	0	0	0	0	0	0	0	0	0	
206836	Angular_L	1500	0	0	0	0	0	0	0	0	0	0	0	0	0	0	0	322	0	152	0	0	0	0	0	0	0	0	0	268	0	0	0	0	0	0	0	246	0	0	0	0	0	322	0	154	0	0	0	790	0	21898	0	1384	0	1596	0	1080	0	4430	0	22034	0	12534	0	0	0	212	0	328	0	0	0	0	0	0	0	0	0	250	0	3890	0	0	0	21964	0	0	0	8064	0	0	0	0	0	0	0	0	0	0	0	0	0	0	0	0	0	0	0	0	0	0	0	0	0	0	0	
150540	Angular_R	0	0	0	0	0	0	0	0	0	0	0	0	0	0	0	0	0	0	0	0	0	0	0	0	0	0	0	0	0	0	0	0	0	230	0	184	0	0	0	0	0	0	0	2108	0	1066	0	0	0	5330	0	18710	0	976	0	178	0	418	0	10822	0	18500	0	4936	0	0	0	2616	0	292	0	0	0	0	0	0	0	0	0	0	0	2138	0	0	0	6766	0	0	0	0	0	0	0	0	0	0	0	0	0	0	0	0	0	0	0	0	0	0	0	0	0	0	0	0	0	0	
255016	Precuneus_L	3988	0	184	0	0	0	132	0	0	0	0	0	0	0	0	0	0	0	1190	178	0	0	0	0	0	0	0	0	478	0	0	0	4720	2180	9904	1834	6466	644	4514	198	0	0	14372	214	11748	5298	6228	0	6442	3052	7300	140	1058	0	896	0	4192	310	9522	130	1544	0	0	0	212	0	0	8738	6956	622	0	0	0	0	0	0	0	200	740	0	0	0	0	0	388	0	0	0	596	0	0	0	0	0	0	0	0	0	0	0	0	0	0	0	0	0	0	0	0	0	0	0	0	0	0	0	
304120	Precuneus_R	458	4444	240	478	0	0	114	0	0	0	0	0	0	0	0	0	0	188	244	6286	0	0	0	0	0	0	0	0	260	158	0	0	800	15552	1636	12320	1022	4314	280	2176	0	0	0	13708	182	19698	0	6054	0	13344	0	3716	0	594	0	236	0	4658	0	4708	0	2372	0	672	0	2616	8738	0	262	8304	122	0	0	156	0	0	0	864	348	154	0	460	0	0	0	5208	0	0	0	2712	0	0	0	0	0	0	0	232	0	0	0	0	0	0	0	0	0	0	0	0	972	0	0	0	0	0	
226276	Paracentral_Lobule_L	20144	4764	5684	3480	0	0	1182	0	0	0	0	0	0	0	0	0	144	0	19990	10180	0	0	0	0	0	0	0	0	138	0	0	0	1426	2816	9212	1302	452	0	416	0	0	0	1798	0	3122	0	580	0	876	0	3086	0	792	0	226	0	3426	124	2626	0	2226	0	0	0	328	0	6956	262	0	490	202	1398	0	0	0	0	1738	1002	0	0	0	0	0	0	428	0	0	0	122	0	0	0	0	0	0	0	0	0	0	0	0	0	0	0	0	0	0	0	0	0	0	0	0	0	0	0	
103744	Paracentral_Lobule_R	176	3208	220	352	0	0	0	0	0	0	0	0	0	0	0	0	0	0	538	11022	0	0	0	0	0	0	0	0	0	0	0	0	116	8182	372	5430	0	0	0	0	0	0	0	810	0	1364	0	0	0	1562	0	556	0	212	0	0	0	6482	0	132	0	294	0	0	0	292	622	8304	490	0	0	204	0	0	0	0	0	190	0	0	0	0	0	0	0	358	0	0	0	384	0	0	0	0	0	0	0	0	0	0	0	0	0	0	0	0	0	0	0	0	0	0	0	0	0	0	
523344	Caudate_L	8804	3224	21216	11250	7458	1286	8278	8786	1196	0	16770	3392	6486	1036	1290	2852	7788	276	14770	4688	7358	5698	3156	552	482	338	2720	1328	20444	1524	15042	10208	2688	296	244	268	2170	1020	536	180	0	0	0	0	0	0	0	0	0	0	148	0	0	0	0	0	2710	406	0	0	0	0	228	0	0	0	0	122	202	0	0	19024	15578	782	984	0	6284	430	0	0	4734	0	2114	0	436	0	0	0	392	0	0	0	0	0	0	0	0	0	0	0	0	0	0	0	0	0	0	0	0	0	0	0	0	0	0	0	
553504	Caudate_R	1742	2372	3052	35736	246	9300	1212	1480	0	1560	9972	10008	3144	5934	0	6144	3836	3144	5526	29264	2528	3380	542	9032	0	7000	0	3166	9208	13886	4708	21480	0	2142	0	0	286	540	0	0	0	0	0	0	0	0	0	0	0	0	0	0	0	0	0	0	0	164	0	0	0	0	0	0	0	0	0	0	1398	204	19024	0	1750	19792	0	1438	494	15930	0	0	2476	0	1766	292	240	0	0	0	214	0	0	0	0	0	0	0	0	0	0	0	0	0	0	0	0	0	0	0	0	0	0	0	0	0	0	0	
351164	Putamen_L	4248	540	28252	534	10666	0	6086	578	5570	0	1902	286	1996	0	7314	0	1528	0	21666	370	1908	1364	2494	134	192	352	1444	318	24654	0	7544	3528	1430	0	122	134	7676	364	1592	0	166	0	0	0	0	0	0	0	0	0	0	0	0	0	216	0	0	0	0	0	0	0	0	0	0	0	0	0	0	0	15578	1750	0	256	5910	0	1948	170	0	0	1748	0	592	0	0	0	0	0	244	0	0	0	0	0	0	0	0	0	0	0	0	0	0	0	0	0	0	0	0	218	0	0	0	0	0	0	
271732	Putamen_R	0	1226	654	11610	144	7078	0	1026	0	3294	0	4344	0	1504	0	4418	0	2296	564	15732	0	0	328	4698	0	3614	0	1434	176	16966	752	5158	0	274	0	134	130	13030	0	3050	0	2020	0	0	0	0	0	0	0	0	0	0	0	0	0	3336	0	0	0	0	0	0	0	0	0	0	0	156	0	0	782	19792	256	0	0	1998	0	584	0	0	0	1086	0	232	0	320	0	0	0	1670	0	0	0	0	0	0	0	0	0	0	0	0	0	0	0	0	0	0	0	0	0	0	0	0	0	0	
45648	Pallidum_L	252	0	5672	0	0	0	862	0	0	0	0	0	0	0	0	0	894	0	4470	0	0	0	0	0	0	0	0	0	1120	0	0	0	0	0	0	0	632	0	156	0	0	0	0	0	0	0	0	0	0	0	0	0	0	0	0	0	0	0	0	0	0	0	0	0	0	0	0	0	0	0	984	0	5910	0	0	0	1872	0	0	0	0	0	0	0	0	0	0	0	0	0	0	0	0	0	0	0	0	0	0	0	0	0	0	0	0	0	0	0	0	0	0	0	0	0	0	0	
17908	Pallidum_R	0	0	0	2178	0	0	0	0	0	0	0	0	0	0	0	0	0	0	222	2246	0	0	0	0	0	0	0	0	0	0	0	0	0	0	0	0	0	382	0	278	0	0	0	0	0	0	0	0	0	0	0	0	0	0	0	212	0	0	0	0	0	0	0	0	0	0	0	0	0	0	0	1438	0	1998	0	0	0	0	0	0	0	0	0	0	0	0	0	0	0	0	0	0	0	0	0	0	0	0	0	0	0	0	0	0	0	0	0	0	0	0	0	0	0	0	0	0	
132888	Thalamus_L	22970	2804	3596	340	0	0	6532	538	0	0	290	0	152	0	0	0	724	0	480	0	0	0	0	0	0	0	0	0	2584	0	0	0	0	0	1236	876	4564	316	298	0	0	0	0	0	0	0	0	0	0	0	0	0	0	0	0	0	390	0	0	0	0	0	0	0	0	0	0	0	1738	0	6284	494	1948	0	1872	0	0	4498	282	0	0	0	0	0	0	0	0	0	0	0	0	0	0	0	0	0	0	0	0	0	0	0	0	0	0	0	0	0	0	638	0	0	0	0	0	0	
192580	Thalamus_R	4726	15284	1214	20684	132	0	618	1180	0	0	0	0	0	0	0	0	140	0	1138	4082	0	0	0	0	0	0	0	0	788	168	240	754	0	264	4746	4222	5152	4914	590	114	0	0	0	0	0	0	0	272	0	0	0	0	0	0	0	0	0	0	0	0	0	0	0	0	0	0	200	864	1002	190	430	15930	170	584	0	0	4498	0	1000	0	0	0	0	0	0	0	0	0	0	0	0	0	0	0	0	0	0	0	0	0	0	0	0	0	0	0	0	0	0	0	0	0	0	0	0	0	
90968	Heschl_L	4364	1042	1350	0	0	0	1144	0	0	0	170	0	0	0	0	0	3512	0	914	0	0	0	0	0	0	0	0	0	5288	0	0	0	0	0	2560	2370	6220	2134	146	174	0	0	334	0	0	0	232	0	0	0	788	0	606	0	1020	0	2082	0	208	0	126	0	244	0	250	0	740	348	0	0	0	0	0	0	0	0	282	1000	0	0	3560	0	0	0	812	0	0	0	1464	0	0	0	0	0	0	0	0	0	0	0	0	0	0	0	0	0	0	0	0	0	0	0	0	0	0	0	
22256	Heschl_R	0	312	0	128	0	0	0	0	0	0	0	0	0	0	0	0	0	2998	0	156	0	0	0	0	0	0	0	0	0	2032	0	0	0	0	0	0	0	148	0	0	0	0	0	0	0	0	0	0	0	0	0	0	0	0	0	0	0	760	0	0	0	0	0	384	0	0	0	154	0	0	0	0	0	0	0	0	0	0	0	0	0	3036	0	0	0	310	0	0	0	710	0	0	0	0	0	0	0	0	0	0	0	0	0	0	0	0	0	0	0	0	0	0	0	0	0	0	
282532	Temporal_Sup_L	956	0	2720	2282	0	134	328	928	0	0	6142	814	374	0	0	358	10378	0	2116	466	0	0	0	144	0	0	0	0	15748	0	150	1342	0	0	0	0	3066	0	178	0	300	0	0	0	0	0	0	0	0	0	1754	0	510	0	2808	0	2332	0	818	0	3074	0	7762	0	3890	0	0	0	0	0	4734	2476	1748	0	0	0	0	0	3560	0	0	0	3896	0	29352	0	0	0	23628	0	0	0	0	0	0	0	0	0	0	0	0	0	0	0	0	0	0	0	0	0	0	0	0	0	0	0	
94848	Temporal_Sup_R	0	114	0	0	0	0	0	0	0	0	0	148	0	0	0	260	0	1190	0	0	0	0	0	0	0	0	0	0	0	6442	0	0	0	0	0	0	0	1428	0	182	0	0	0	0	0	0	0	0	0	0	0	0	0	114	0	1584	0	284	0	0	0	384	0	5988	0	2138	0	460	0	0	0	0	0	1086	0	0	0	0	0	3036	0	0	0	2460	0	13598	0	210	0	6318	0	0	0	0	0	0	0	0	0	0	0	0	0	0	0	0	0	0	0	0	0	0	0	0	0	0	
87116	Temporal_Pole_Sup_L	0	0	292	1200	466	0	0	0	1004	0	3044	0	996	0	3434	316	2346	0	244	0	1168	0	0	0	0	0	0	0	6844	0	0	1090	0	0	0	0	916	0	388	0	706	0	0	0	0	0	0	0	0	0	0	0	0	0	902	0	0	0	0	0	0	0	0	0	0	0	0	0	0	0	2114	1766	592	0	0	0	0	0	0	0	3896	0	0	0	3770	0	2624	0	3440	0	0	0	0	0	0	0	0	0	0	0	0	0	0	0	0	0	0	0	0	0	0	0	0	0	0	0	
61108	Temporal_Pole_Sup_R	0	0	0	196	0	0	0	0	0	0	0	366	0	0	0	1114	0	226	0	234	0	0	0	0	0	0	0	0	0	3290	0	0	0	0	0	0	0	1874	0	1538	0	1946	0	0	0	0	0	0	0	0	0	0	0	0	0	5592	0	0	0	0	0	0	0	0	0	0	0	0	0	0	0	292	0	232	0	0	0	0	0	0	0	2460	0	0	0	4294	0	3904	0	2996	0	0	0	0	0	0	0	0	0	0	0	0	0	0	0	0	0	0	0	0	0	0	0	0	0	0	
363884	Temporal_Mid_L	2678	0	0	142	0	0	0	0	0	0	442	0	0	0	0	0	1112	0	250	0	0	0	0	0	0	0	0	0	5366	0	0	0	0	0	0	0	440	0	0	0	0	0	1294	0	724	0	146	0	2702	0	22890	0	6976	0	4536	0	1656	0	2656	0	13366	0	13382	0	21964	0	388	0	428	0	436	240	0	0	0	0	0	0	812	0	29352	0	3770	0	0	0	2394	0	41400	0	0	0	0	0	0	0	0	0	0	0	0	0	0	0	0	0	0	0	0	0	0	0	0	0	0	0	
191880	Temporal_Mid_R	0	1950	0	672	0	0	0	0	0	0	0	0	0	0	0	408	0	0	0	460	0	0	0	0	0	0	0	0	0	3088	0	0	0	412	0	356	0	1386	0	326	0	0	0	3168	0	1596	0	198	0	1888	0	7736	0	3404	0	2818	0	918	0	1626	0	5220	0	10208	0	6766	0	5208	0	358	0	0	0	320	0	0	0	0	0	310	0	13598	0	4294	0	0	0	786	0	16462	0	0	0	0	0	0	0	0	0	0	0	0	0	0	0	0	0	0	0	0	0	0	0	0	0	0	
16564	Temporal_Pole_Mid_L	0	0	0	0	0	0	0	0	0	0	0	0	0	0	0	0	0	0	0	0	0	0	0	0	0	0	0	0	0	0	0	0	0	0	0	0	0	0	0	0	0	0	0	0	0	0	0	0	0	0	0	0	0	0	640	0	0	0	0	0	0	0	0	0	0	0	0	0	0	0	0	0	0	0	0	0	0	0	0	0	0	0	2624	0	2394	0	0	0	2624	0	0	0	0	0	0	0	0	0	0	0	0	0	0	0	0	0	0	0	0	0	0	0	0	0	0	0	
21056	Temporal_Pole_Mid_R	0	0	0	0	0	0	0	0	0	0	0	0	0	0	0	336	0	0	0	0	0	0	0	0	0	0	0	0	0	0	0	0	0	0	0	0	0	136	0	828	0	268	0	0	0	0	0	0	0	0	0	0	0	0	0	1992	0	0	0	0	0	0	0	0	0	0	0	0	0	0	0	0	0	0	0	0	0	0	0	0	0	210	0	3904	0	786	0	0	0	2068	0	0	0	0	0	0	0	0	0	0	0	0	0	0	0	0	0	0	0	0	0	0	0	0	0	0	
295836	Temporal_Inf_L	1806	0	178	138	0	0	0	0	0	0	394	0	0	0	0	0	880	0	138	0	0	0	0	0	0	0	0	0	4998	0	0	0	0	0	0	0	6624	0	554	0	736	0	1626	0	324	0	192	0	0	0	9456	0	6892	0	15680	0	368	0	1466	0	6000	0	6724	0	8064	0	596	0	122	0	392	214	244	0	0	0	0	0	1464	0	23628	0	3440	0	41400	0	2624	0	0	0	312	0	0	0	0	0	0	0	244	0	0	0	0	0	0	0	0	0	0	0	0	0	0	0	0	0	
170480	Temporal_Inf_R	0	2686	0	1252	0	0	0	0	0	0	0	224	0	0	0	0	0	0	0	800	0	0	0	0	0	0	0	0	0	4228	0	0	0	228	0	512	0	8650	0	1314	0	224	0	480	0	506	0	0	0	162	0	636	0	1788	0	14320	0	152	0	0	0	128	0	210	0	0	0	2712	0	384	0	0	0	1670	0	0	0	0	0	710	0	6318	0	2996	0	16462	0	2068	0	0	0	5704	0	712	0	432	0	1290	0	3220	0	326	0	1444	0	0	0	0	0	0	292	0	0	0	0	0	
360008	Cerebelum_Crus1_L	0	0	0	0	0	0	0	0	0	0	0	0	0	0	0	0	0	0	0	0	0	0	0	0	0	0	0	0	0	0	0	0	0	0	0	0	0	0	216	0	0	0	0	0	0	0	7654	636	0	0	138	0	122	0	15548	818	0	0	0	0	0	0	0	0	0	0	0	0	0	0	0	0	0	0	0	0	0	0	0	0	0	0	0	0	0	0	0	0	312	0	0	3270	24798	4302	698	0	22640	646	51914	3626	8010	2016	7148	1760	1120	504	150	0	170	546	6626	5144	7426	738	590	718	
391056	Cerebelum_Crus1_R	0	0	0	0	0	0	0	0	0	0	0	0	0	0	0	0	0	0	0	0	0	0	0	0	0	0	0	0	0	0	0	0	0	0	0	0	0	0	0	0	0	0	0	194	0	0	2934	3512	0	0	0	0	0	0	1240	12510	0	0	0	0	0	0	0	0	0	0	0	0	0	0	0	0	0	0	0	0	0	0	0	0	0	0	0	0	0	0	0	0	0	5704	3270	0	2356	25144	0	3402	4064	18006	4626	47522	300	3612	1182	21536	284	1182	0	0	170	1700	11490	7356	8456	2406	1198	172	
223356	Cerebelum_Crus2_L	0	0	0	0	0	0	0	0	0	0	0	0	0	0	0	0	0	0	0	0	0	0	0	0	0	0	0	0	0	0	0	0	0	0	0	0	0	0	0	0	0	0	0	0	0	0	482	116	0	0	0	0	0	0	800	210	0	0	0	0	0	0	0	0	0	0	0	0	0	0	0	0	0	0	0	0	0	0	0	0	0	0	0	0	0	0	0	0	0	0	24798	2356	0	7652	418	0	2792	0	5000	1516	25488	4168	20224	2668	1304	126	0	0	0	140	494	814	7582	2340	190	0	
240520	Cerebelum_Crus2_R	0	0	0	0	0	0	0	0	0	0	0	0	0	0	0	0	0	0	0	0	0	0	0	0	0	0	0	0	0	0	0	0	0	0	0	0	0	0	0	0	0	0	0	0	0	0	818	342	0	0	0	0	0	0	562	512	0	0	0	0	0	0	0	0	0	0	0	0	0	0	0	0	0	0	0	0	0	0	0	0	0	0	0	0	0	0	0	0	0	712	4302	25144	7652	0	188	148	710	1408	1504	5100	1762	13936	4914	28612	2402	1104	0	0	0	0	532	1930	10244	4770	952	0	
30840	Cerebelum_3_L	0	0	0	0	0	0	0	0	0	0	0	0	0	0	0	0	0	0	0	0	0	0	0	0	0	0	0	0	0	0	0	0	0	0	0	0	184	0	152	0	0	0	0	0	0	0	0	0	0	0	0	0	0	0	0	0	0	0	0	0	0	0	0	0	0	0	0	0	0	0	0	0	0	0	0	0	0	0	0	0	0	0	0	0	0	0	0	0	0	0	698	0	418	188	0	140	5398	0	860	122	432	186	836	252	790	218	0	0	630	2590	434	194	234	264	200	0	
62060	Cerebelum_3_R	0	0	0	0	0	0	0	0	0	0	0	0	0	0	0	0	0	0	0	0	0	0	0	0	0	0	0	0	0	0	0	0	0	0	0	0	0	0	0	210	0	0	0	0	0	0	0	0	0	0	0	0	0	0	0	138	0	0	0	0	0	0	0	0	0	0	0	0	0	0	0	0	0	0	0	0	0	0	0	0	0	0	0	0	0	0	0	0	0	432	0	3402	0	148	140	0	422	5656	124	6284	132	0	648	476	516	1116	0	0	346	3958	3894	228	454	1142	1164	0	
321236	Cerebelum_4_5_L	0	0	0	0	0	0	0	0	0	0	0	0	0	0	0	0	0	0	0	0	0	0	0	0	0	0	0	0	0	0	0	0	0	0	0	0	124	0	510	0	0	0	0	0	0	0	9318	2210	0	0	0	0	0	0	7486	2926	0	0	0	0	0	0	0	0	0	0	0	0	0	0	0	0	0	0	0	0	0	0	0	0	0	0	0	0	0	0	0	0	0	0	22640	4064	2792	710	5398	422	0	5336	32476	7728	4732	538	6286	1026	4888	1650	0	0	456	1700	21132	6312	822	1896	2294	2746	
220684	Cerebelum_4_5_R	0	0	0	0	0	0	0	0	0	0	0	0	0	0	0	0	0	0	0	0	0	0	0	0	0	0	0	0	0	0	0	0	0	0	0	0	0	206	0	1348	0	0	0	116	0	0	1292	3814	0	0	0	0	0	0	428	9312	0	0	0	0	0	0	0	0	0	0	0	232	0	0	0	0	0	0	0	0	0	0	0	0	0	0	0	0	0	0	0	0	0	1290	646	18006	0	1408	0	5656	5336	0	1310	30820	0	296	592	3284	492	1702	0	0	0	1420	16160	838	732	1786	1700	120	
379460	Cerebelum_6_L	0	0	0	0	0	0	0	0	0	0	0	0	0	0	0	0	0	0	0	0	0	0	0	0	0	0	0	0	0	0	0	0	0	0	0	0	0	0	214	0	0	0	0	0	0	0	14406	3070	0	0	0	0	0	0	20886	2130	0	0	0	0	0	0	0	0	0	0	0	0	0	0	0	0	0	0	0	0	0	0	0	0	0	0	0	0	0	0	0	0	244	0	51914	4626	5000	1504	860	124	32476	1310	0	7702	3608	432	3886	876	1932	834	158	0	206	564	10598	11800	5090	850	1076	1354	
412896	Cerebelum_6_R	0	0	0	0	0	0	0	0	0	0	0	0	0	0	0	0	0	0	0	0	0	0	0	0	0	0	0	0	0	0	0	0	0	0	0	0	0	0	0	218	0	0	0	646	0	0	5538	9024	0	634	0	236	0	264	2002	19784	0	0	0	0	0	0	0	0	0	0	0	0	0	0	0	0	0	0	0	0	0	0	0	0	0	0	0	0	0	0	0	0	0	3220	3626	47522	1516	5100	122	6284	7728	30820	7702	0	340	392	474	6098	300	1452	0	124	190	2352	19278	11810	7852	2098	1488	214	
159360	Cerebelum_7b_L	0	0	0	0	0	0	0	0	0	0	0	0	0	0	0	0	0	0	0	0	0	0	0	0	0	0	0	0	0	0	0	0	0	0	0	0	0	0	0	0	0	0	0	0	0	0	0	0	0	0	0	0	0	0	390	0	0	0	0	0	0	0	0	0	0	0	0	0	0	0	0	0	0	0	0	0	0	0	0	0	0	0	0	0	0	0	0	0	0	0	8010	300	25488	1762	432	132	4732	0	3608	340	0	2022	23838	1472	1060	118	158	0	0	440	1348	0	1578	2242	210	0	
111252	Cerebelum_7b_R	0	0	0	0	0	0	0	0	0	0	0	0	0	0	0	0	0	0	0	0	0	0	0	0	0	0	0	0	0	0	0	0	0	0	0	0	0	0	0	0	0	0	0	0	0	0	192	0	0	0	0	0	0	0	216	156	0	0	0	0	0	0	0	0	0	0	0	0	0	0	0	0	0	0	0	0	0	0	0	0	0	0	0	0	0	0	0	0	0	326	2016	3612	4168	13936	186	0	538	296	432	392	2022	0	3982	11744	1634	450	0	0	0	0	0	466	4812	3588	462	0	
239720	Cerebelum_8_L	0	0	0	0	0	0	0	0	0	0	0	0	0	0	0	0	0	0	0	0	0	0	0	0	0	0	0	0	0	0	0	0	0	0	0	0	0	0	0	0	0	0	0	0	0	0	152	0	0	0	0	0	0	0	308	0	0	0	0	0	0	0	0	0	0	0	0	0	0	0	0	0	0	0	0	0	0	0	0	0	0	0	0	0	0	0	0	0	0	0	7148	1182	20224	4914	836	648	6286	592	3886	474	23838	3982	0	6778	14920	2330	3434	0	150	626	1734	218	3098	8926	2966	210	
246612	Cerebelum_8_R	0	0	0	0	0	0	0	0	0	0	0	0	0	0	0	0	0	0	0	0	0	0	0	0	0	0	0	0	0	0	0	0	0	0	0	0	0	0	0	0	0	0	0	0	0	0	340	0	0	0	0	0	0	0	420	450	0	0	0	0	0	0	0	0	0	0	0	0	0	0	0	0	0	0	0	0	0	0	0	0	0	0	0	0	0	0	0	0	0	1444	1760	21536	2668	28612	252	476	1026	3284	876	6098	1472	11744	6778	0	3754	9292	0	306	0	278	994	1132	5364	9088	3616	246	
110292	Cerebelum_9_L	0	0	0	0	0	0	0	0	0	0	0	0	0	0	0	0	0	0	0	0	0	0	0	0	0	0	0	0	0	0	0	0	0	0	0	0	0	0	0	0	0	0	0	0	0	0	122	0	0	0	0	0	0	0	0	0	0	0	0	0	0	0	0	0	0	0	0	0	0	0	0	0	0	0	0	0	0	0	0	0	0	0	0	0	0	0	0	0	0	0	1120	284	1304	2402	790	516	4888	492	1932	300	1060	1634	14920	3754	0	2596	5356	0	0	280	1354	854	1676	4812	2438	262	
94492	Cerebelum_9_R	0	0	0	0	0	0	0	0	0	0	0	0	0	0	0	0	0	0	0	0	0	0	0	0	0	0	0	0	0	0	0	0	0	0	0	0	0	0	0	0	0	0	0	0	0	0	180	0	0	0	0	0	0	0	130	0	0	0	0	0	0	0	0	0	0	0	0	0	0	0	0	0	0	0	0	0	0	0	0	0	0	0	0	0	0	0	0	0	0	0	504	1182	126	1104	218	1116	1650	1702	834	1452	118	450	2330	9292	2596	0	386	1282	306	572	2148	2122	1588	5760	6692	1406	
19284	Cerebelum_10_L	0	0	0	0	0	0	0	0	0	0	0	0	0	0	0	0	0	0	0	0	0	0	0	0	0	0	0	0	0	0	0	0	0	0	0	0	0	0	0	0	0	0	0	0	0	0	0	0	0	0	0	0	0	0	0	0	0	0	0	0	0	0	0	0	0	0	0	0	0	0	0	0	0	0	0	0	0	0	0	0	0	0	0	0	0	0	0	0	0	0	150	0	0	0	0	0	0	0	158	0	158	0	3434	0	5356	386	0	0	0	0	0	0	0	0	0	0	
3864	Cerebelum_10_R	0	0	0	0	0	0	0	0	0	0	0	0	0	0	0	0	0	0	0	0	0	0	0	0	0	0	0	0	0	0	0	0	0	0	0	0	0	0	0	0	0	0	0	0	0	0	0	0	0	0	0	0	0	0	0	0	0	0	0	0	0	0	0	0	0	0	0	0	0	0	0	0	0	0	0	0	0	0	0	0	0	0	0	0	0	0	0	0	0	0	0	0	0	0	0	0	0	0	0	124	0	0	0	306	0	1282	0	0	0	0	0	0	0	0	220	0	
12476	Vermis_1_2	0	0	0	0	0	0	0	0	0	0	0	0	0	0	0	0	0	0	0	0	0	0	0	0	0	0	0	0	0	0	0	0	0	0	0	0	0	0	0	0	0	0	0	0	0	0	0	0	0	0	0	0	0	0	0	0	0	0	0	0	0	0	0	0	0	0	0	0	0	0	0	0	0	0	0	0	0	0	0	0	0	0	0	0	0	0	0	0	0	0	170	170	0	0	630	346	456	0	206	190	0	0	150	0	0	306	0	0	0	2358	450	0	184	306	316	0	
56864	Vermis_3	494	0	134	0	0	0	0	0	0	0	0	0	0	0	0	0	0	0	114	0	0	0	0	0	0	0	0	0	508	0	0	0	0	0	0	0	828	0	284	0	0	0	0	0	0	0	0	0	0	0	0	0	0	0	0	0	0	0	0	0	0	0	0	0	0	0	0	0	0	0	0	0	218	0	0	0	638	0	0	0	0	0	0	0	0	0	0	0	0	0	546	1700	140	0	2590	3958	1700	1420	564	2352	440	0	626	278	280	572	0	0	2358	0	3704	180	352	726	728	0	
276568	Vermis_4_5	0	0	0	0	0	0	0	0	0	0	0	0	0	0	0	0	0	0	0	0	0	0	0	0	0	0	0	0	0	0	0	0	0	0	0	624	0	348	0	140	0	0	0	212	0	0	5260	3682	0	0	0	0	0	0	2112	6424	0	0	0	0	0	0	0	0	0	0	0	972	0	0	0	0	0	0	0	0	0	0	0	0	0	0	0	0	0	0	0	0	0	292	6626	11490	494	532	434	3894	21132	16160	10598	19278	1348	0	1734	994	1354	2148	0	0	450	3704	0	6930	666	2226	3050	2976	
187732	Vermis_6	0	0	0	0	0	0	0	0	0	0	0	0	0	0	0	0	0	0	0	0	0	0	0	0	0	0	0	0	0	0	0	0	0	0	0	0	0	0	0	0	0	0	0	0	0	0	6246	6300	0	0	0	0	0	196	3692	4384	0	0	0	0	0	0	0	0	0	0	0	0	0	0	0	0	0	0	0	0	0	0	0	0	0	0	0	0	0	0	0	0	0	0	5144	7356	814	1930	194	228	6312	838	11800	11810	0	466	218	1132	854	2122	0	0	0	180	6930	0	6996	2228	2926	2570	
179544	Vermis_7	0	0	0	0	0	0	0	0	0	0	0	0	0	0	0	0	0	0	0	0	0	0	0	0	0	0	0	0	0	0	0	0	0	0	0	0	0	0	0	0	0	0	0	0	0	0	2660	2334	0	0	0	0	0	0	1530	1358	0	0	0	0	0	0	0	0	0	0	0	0	0	0	0	0	0	0	0	0	0	0	0	0	0	0	0	0	0	0	0	0	0	0	7426	8456	7582	10244	234	454	822	732	5090	7852	1578	4812	3098	5364	1676	1588	0	0	184	352	666	6996	0	4120	2122	442	
