data	data	475068	312752	734768	614160	188540	94352	346684	246280	52712	12932	328996	258364	224488	153772	145752	94740	193740	167104	606332	664044	85796	82048	312840	293716	15272	55288	110244	56272	665420	427768	298200	343356	100772	490296	104332	193208	255804	404000	89716	224172	47924	65964	312812	421480	168584	370788	324524	426488	184412	336528	608048	228776	133368	76988	498152	663152	255788	335048	229608	119168	317508	99724	195836	148620	182468	131944	333236	457728	139052	197160	360004	445868	259784	335984	26964	23228	162032	148248	73824	11496	203104	82828	73940	32176	418468	189944	12828	12320	391948	322692	551404	416084	286956	278668	40508	67580	287560	290252	538348	499308	217124	133012	341172	281468	124004	96296	17888	4548	35280	42484	225304	271048	236068	130264	102492	41744	
data	data	Precentral_L	Precentral_R	Frontal_Sup_L	Frontal_Sup_R	Frontal_Sup_Orb_L	Frontal_Sup_Orb_R	Frontal_Mid_L	Frontal_Mid_R	Frontal_Mid_Orb_L	Frontal_Mid_Orb_R	Frontal_Inf_Oper_L	Frontal_Inf_Oper_R	Frontal_Inf_Tri_L	Frontal_Inf_Tri_R	Frontal_Inf_Orb_L	Frontal_Inf_Orb_R	Rolandic_Oper_L	Rolandic_Oper_R	Supp_Motor_Area_L	Supp_Motor_Area_R	Olfactory_L	Olfactory_R	Frontal_Sup_Medial_L	Frontal_Sup_Medial_R	Frontal_Med_Orb_L	Frontal_Med_Orb_R	Rectus_L	Rectus_R	Insula_L	Insula_R	Cingulum_Ant_L	Cingulum_Ant_R	Cingulum_Mid_L	Cingulum_Mid_R	Cingulum_Post_L	Cingulum_Post_R	Hippocampus_L	Hippocampus_R	ParaHippocampal_L	ParaHippocampal_R	Amygdala_L	Amygdala_R	Calcarine_L	Calcarine_R	Cuneus_L	Cuneus_R	Lingual_L	Lingual_R	Occipital_Sup_L	Occipital_Sup_R	Occipital_Mid_L	Occipital_Mid_R	Occipital_Inf_L	Occipital_Inf_R	Fusiform_L	Fusiform_R	Postcentral_L	Postcentral_R	Parietal_Sup_L	Parietal_Sup_R	Parietal_Inf_L	Parietal_Inf_R	SupraMarginal_L	SupraMarginal_R	Angular_L	Angular_R	Precuneus_L	Precuneus_R	Paracentral_Lobule_L	Paracentral_Lobule_R	Caudate_L	Caudate_R	Putamen_L	Putamen_R	Pallidum_L	Pallidum_R	Thalamus_L	Thalamus_R	Heschl_L	Heschl_R	Temporal_Sup_L	Temporal_Sup_R	Temporal_Pole_Sup_L	Temporal_Pole_Sup_R	Temporal_Mid_L	Temporal_Mid_R	Temporal_Pole_Mid_L	Temporal_Pole_Mid_R	Temporal_Inf_L	Temporal_Inf_R	Cerebelum_Crus1_L	Cerebelum_Crus1_R	Cerebelum_Crus2_L	Cerebelum_Crus2_R	Cerebelum_3_L	Cerebelum_3_R	Cerebelum_4_5_L	Cerebelum_4_5_R	Cerebelum_6_L	Cerebelum_6_R	Cerebelum_7b_L	Cerebelum_7b_R	Cerebelum_8_L	Cerebelum_8_R	Cerebelum_9_L	Cerebelum_9_R	Cerebelum_10_L	Cerebelum_10_R	Vermis_1_2	Vermis_3	Vermis_4_5	Vermis_6	Vermis_7	Vermis_8	Vermis_9	Vermis_10	
475068	Precentral_L	0	846	8908	4398	0	0	18676	164	0	0	25436	0	888	0	0	0	10412	0	4822	12972	0	0	0	0	0	0	0	0	10140	0	440	0	92	7592	1702	2546	8620	2056	750	1136	0	0	730	128	180	0	130	0	0	0	5084	0	96	0	564	840	25314	440	2978	0	4394	0	396	0	1492	0	3156	322	7860	3310	12358	3104	5506	0	772	0	21748	3362	2834	0	2700	0	0	0	2628	0	0	0	2100	218	0	0	0	0	0	0	0	0	0	0	0	0	0	0	0	0	0	0	0	194	0	0	0	0	0	0	
312752	Precentral_R	846	0	6830	5510	242	0	294	15086	0	0	148	9250	0	0	0	0	0	3566	8936	2914	0	0	366	0	0	0	236	0	1056	3464	702	0	100	4002	802	1590	234	6366	0	2644	0	0	0	3754	0	2386	0	190	0	1050	0	702	0	398	0	5168	164	28982	0	332	0	520	0	2322	0	758	0	3318	4022	9322	1658	2778	406	4482	62	98	130	1796	0	0	0	288	0	0	0	2810	0	0	0	3296	0	0	0	0	0	0	0	0	0	0	0	0	0	0	0	0	0	0	0	0	0	0	0	0	0	0	
734768	Frontal_Sup_L	8908	6830	0	5612	12140	0	52504	5014	2600	0	17016	3620	15354	1044	10076	958	3732	1026	56380	13010	0	0	35044	1954	548	0	4604	0	29334	3474	14908	2234	3246	7592	64	0	1000	654	0	200	0	0	0	0	0	0	0	0	0	0	76	0	0	0	76	318	1046	806	66	0	1048	0	64	96	252	0	136	0	0	0	13174	10638	9952	2304	770	66	3538	614	84	0	912	0	584	0	0	0	0	0	0	84	0	0	0	0	0	0	0	0	0	0	0	0	0	0	0	0	0	0	0	0	0	0	0	0	0	0	
614160	Frontal_Sup_R	4398	5510	5612	0	512	4770	372	17912	0	72	180	7814	186	6290	0	2168	0	3122	9040	44672	0	0	5772	35084	90	1538	492	0	2030	13172	3134	31344	410	11550	0	0	0	7762	0	3674	0	80	0	0	0	0	0	0	0	0	0	0	0	0	0	2298	1266	638	0	0	0	108	0	150	0	0	0	0	0	106	3520	27200	454	19094	0	3494	260	19624	0	0	0	0	0	0	0	0	0	0	0	106	0	0	0	0	0	0	0	0	0	0	0	0	0	0	0	0	0	0	0	0	0	0	0	0	0	0	
188540	Frontal_Sup_Orb_L	0	242	12140	512	0	0	648	440	8118	0	80	500	1416	600	14322	194	0	94	1024	650	1986	0	7416	150	978	0	8858	0	12376	792	6698	236	98	640	0	0	0	76	368	0	446	0	0	0	0	0	0	0	0	0	0	0	0	0	0	0	0	0	0	0	0	0	0	0	0	0	0	0	0	0	2334	1378	7032	138	0	0	0	0	0	0	0	0	1290	0	0	0	0	0	0	0	0	0	0	0	0	0	0	0	0	0	0	0	0	0	0	0	0	0	0	0	0	0	0	0	0	0	
94352	Frontal_Sup_Orb_R	0	0	0	4770	0	0	0	314	0	3504	0	0	0	0	0	4382	0	0	0	272	722	1388	236	3986	188	6434	408	6934	0	438	960	2642	0	0	0	0	0	0	0	0	0	0	0	0	0	0	0	0	0	0	0	0	0	0	0	0	0	0	0	0	0	0	0	0	0	0	0	0	0	0	790	4408	116	4284	0	0	0	0	0	0	0	0	0	0	0	0	0	0	0	0	0	0	0	0	0	0	0	0	0	0	0	0	0	0	0	0	0	0	0	0	0	0	0	0	0	0	
346684	Frontal_Mid_L	18676	294	52504	372	648	0	0	208	1660	0	10884	80	22886	0	6428	0	582	0	8938	790	0	0	10844	288	0	0	0	0	12576	104	2810	382	674	844	364	0	1160	0	150	0	0	0	162	0	0	0	0	0	0	0	260	0	0	0	98	0	3052	0	106	0	3230	0	68	0	312	0	386	0	0	0	5436	500	2812	76	138	0	668	190	162	0	130	0	0	0	226	0	0	0	184	0	0	0	0	0	0	0	0	0	0	0	0	0	0	0	0	0	0	0	0	0	0	0	0	0	0	0	
246280	Frontal_Mid_R	164	15086	5014	17912	440	314	208	0	0	0	118	12428	100	10192	0	3254	0	6498	5774	2968	0	0	760	1544	0	0	428	0	1828	12576	1296	1510	0	710	0	0	96	3992	0	880	0	0	0	0	0	0	0	0	0	0	0	0	0	0	0	2038	0	190	0	0	0	0	0	0	0	0	0	0	0	0	3958	2534	314	7204	0	118	0	126	0	0	0	104	0	0	0	82	0	0	0	382	0	0	0	0	0	0	0	0	0	0	0	0	0	0	0	0	0	0	0	0	0	0	0	0	0	0	
52712	Frontal_Mid_Orb_L	0	0	2600	0	8118	0	1660	0	0	0	0	0	972	0	9250	0	0	0	0	0	0	0	0	0	0	0	880	0	1026	0	0	0	0	0	0	0	0	0	0	0	0	0	0	0	0	0	0	0	0	0	0	0	0	0	0	0	0	0	0	0	0	0	0	0	0	0	0	0	0	0	0	0	1308	0	0	0	0	0	0	0	0	0	542	0	0	0	0	0	0	0	0	0	0	0	0	0	0	0	0	0	0	0	0	0	0	0	0	0	0	0	0	0	0	0	0	0	
12932	Frontal_Mid_Orb_R	0	0	0	72	0	3504	0	0	0	0	0	0	0	0	0	2786	0	0	0	0	0	0	0	0	0	0	0	104	0	0	0	0	0	0	0	0	0	0	0	0	0	0	0	0	0	0	0	0	0	0	0	0	0	0	0	0	0	0	0	0	0	0	0	0	0	0	0	0	0	0	0	0	0	0	0	0	0	0	0	0	0	0	0	0	0	0	0	0	0	0	0	0	0	0	0	0	0	0	0	0	0	0	0	0	0	0	0	0	0	0	0	0	0	0	0	0	
328996	Frontal_Inf_Oper_L	25436	148	17016	180	80	0	10884	118	0	0	0	0	14412	0	80	0	11856	0	15072	1138	0	0	662	0	0	0	0	0	26062	0	1742	0	142	1032	594	346	2564	340	0	78	0	0	366	0	0	0	0	0	0	0	2838	0	0	0	342	126	8186	0	2218	0	2116	0	176	0	1340	0	2386	0	74	0	2142	208	1290	0	0	0	1404	0	1924	0	4220	0	1998	0	496	0	0	0	666	0	0	0	0	0	0	0	0	0	0	0	0	0	0	0	0	0	0	0	0	0	0	0	0	0	0	0	
258364	Frontal_Inf_Oper_R	0	9250	3620	7814	500	0	80	12428	0	0	0	0	0	8770	0	172	0	11882	3848	6278	0	0	850	1224	0	0	486	0	2076	28364	1852	1990	0	5748	0	0	0	2484	0	600	0	0	0	0	0	0	0	0	0	0	0	0	0	0	0	1352	0	2356	0	0	0	0	0	336	0	0	0	0	0	0	1482	7058	0	5974	0	0	0	74	0	0	0	0	0	0	0	0	0	0	0	234	0	0	0	0	0	0	0	0	0	0	0	0	0	0	0	0	0	0	0	0	0	0	0	0	0	0	
224488	Frontal_Inf_Tri_L	888	0	15354	186	1416	0	22886	100	972	0	14412	0	0	0	10536	530	1210	0	4924	1238	0	0	1562	0	0	0	282	0	24000	0	3668	206	362	1084	0	0	514	0	0	0	0	0	0	0	0	0	0	0	0	0	0	0	0	0	356	0	0	0	0	0	0	0	0	0	0	0	0	0	0	0	1032	980	1646	0	0	0	0	0	0	0	690	0	938	0	0	0	0	0	272	0	0	0	0	0	0	0	0	0	0	0	0	0	0	0	0	0	0	0	0	0	0	0	0	0	0	0	
153772	Frontal_Inf_Tri_R	0	0	1044	6290	600	0	0	10192	0	0	0	8770	0	0	0	4158	0	706	642	4686	0	0	738	3146	0	0	598	0	832	15648	1214	3906	0	4386	0	0	0	1614	0	214	0	0	0	0	0	0	0	0	0	0	0	0	0	0	0	278	0	0	0	0	0	0	0	0	0	0	0	0	0	0	1328	2338	0	3450	0	0	0	0	0	0	0	0	0	0	0	0	0	0	0	108	0	0	0	0	0	0	0	0	0	0	0	0	0	0	0	0	0	0	0	0	0	0	0	0	0	0	
145752	Frontal_Inf_Orb_L	0	0	10076	0	14322	0	6428	0	9250	0	80	0	10536	0	0	0	0	0	320	0	1696	0	216	0	0	0	918	0	10500	0	296	0	78	0	0	0	0	0	372	0	384	0	0	0	0	0	0	0	0	0	0	0	0	0	0	0	0	0	0	0	0	0	0	0	0	0	0	0	0	0	118	0	5622	0	0	0	0	0	0	0	0	0	1664	0	0	0	0	0	0	0	0	0	0	0	0	0	0	0	0	0	0	0	0	0	0	0	0	0	0	0	0	0	0	0	0	0	
94740	Frontal_Inf_Orb_R	0	0	958	2168	194	4382	0	3254	0	2786	0	172	530	4158	0	0	0	0	652	1378	142	490	432	258	0	0	224	734	1350	7518	934	628	0	1314	0	0	0	280	0	0	0	82	0	0	0	0	0	0	0	0	0	0	0	0	0	0	0	0	0	0	0	0	0	0	0	0	0	0	0	0	2198	4690	296	5168	0	0	0	0	0	0	0	0	0	0	0	0	0	0	0	0	0	0	0	0	0	0	0	0	0	0	0	0	0	0	0	0	0	0	0	0	0	0	0	0	0	0	
193740	Rolandic_Oper_L	10412	0	3732	0	0	0	582	0	0	0	11856	0	1210	0	0	0	0	0	6302	0	0	0	74	0	0	0	0	0	15396	0	68	0	0	0	248	0	1334	0	0	0	0	0	290	0	0	0	0	0	0	0	2422	0	850	0	1726	0	9338	0	598	0	302	0	1424	0	86	0	660	0	376	0	2762	0	140	0	0	0	880	0	3380	0	11498	0	314	0	4756	0	0	0	3854	0	0	0	0	0	0	0	0	0	0	0	0	0	0	0	0	0	0	0	0	0	0	0	0	0	0	0	
167104	Rolandic_Oper_R	0	3566	1026	3122	94	0	0	6498	0	0	0	11882	0	706	0	0	0	0	1822	2276	0	0	222	166	0	0	92	0	332	22198	338	282	0	1124	0	0	0	1160	0	310	0	0	0	226	0	82	0	0	0	0	0	88	0	292	0	2106	0	6412	0	0	0	66	0	4314	0	66	0	402	0	138	988	1262	0	3158	0	82	0	0	0	932	0	3302	0	0	0	652	0	0	0	1768	0	0	0	0	0	0	0	0	0	0	0	0	0	0	0	0	0	0	0	0	0	0	0	0	0	0	
606332	Supp_Motor_Area_L	4822	8936	56380	9040	1024	0	8938	5774	0	0	15072	3848	4924	642	320	652	6302	1822	0	43286	0	0	4800	2196	88	0	424	0	23462	4056	5546	3258	6978	23146	824	290	3030	620	148	196	0	0	0	0	0	0	0	0	0	0	74	0	0	0	298	276	440	2128	0	0	264	0	0	296	142	0	212	132	1424	214	7414	9326	17354	1992	2718	164	4292	0	74	0	1526	106	850	0	112	0	0	0	398	96	0	0	0	0	0	0	0	0	0	0	0	0	0	0	0	0	0	0	0	0	0	0	0	0	0	0	
664044	Supp_Motor_Area_R	12972	2914	13010	44672	650	272	790	2968	0	0	1138	6278	1238	4686	0	1378	0	2276	43286	0	0	0	3250	6604	0	0	600	0	4914	9114	3144	11982	5058	58542	174	672	154	4086	0	2154	0	0	0	130	0	84	0	0	0	62	122	0	0	134	0	3674	1014	1388	76	0	0	0	66	96	0	0	92	334	9628	13018	3694	20474	376	11648	0	3100	1132	10372	0	0	0	114	122	0	0	70	0	0	0	2026	0	0	0	0	0	0	0	0	0	0	0	0	0	0	0	0	0	0	0	0	0	0	0	0	0	0	
85796	Olfactory_L	0	0	0	0	1986	722	0	0	0	0	0	0	0	0	1696	142	0	0	0	0	0	8816	0	0	240	0	4378	2028	1824	0	2700	1890	0	0	0	0	74	0	450	0	604	0	0	0	0	0	0	0	0	0	0	0	0	0	0	0	0	0	0	0	0	0	0	0	0	0	0	0	0	0	8438	4318	2026	268	0	0	0	0	0	0	0	0	298	0	0	0	0	0	0	0	0	0	0	0	0	0	0	0	0	0	0	0	0	0	0	0	0	0	0	0	0	0	0	0	0	0	
82048	Olfactory_R	0	0	0	0	0	1388	0	0	0	0	0	0	0	0	0	490	0	0	0	0	8816	0	0	0	0	342	3258	3880	0	1812	2222	1924	0	0	0	0	0	0	0	0	0	900	0	0	0	0	0	0	0	0	0	0	0	0	0	62	0	0	0	0	0	0	0	0	0	0	0	0	0	0	7954	4884	1936	1008	0	0	0	0	0	0	0	0	0	148	0	0	0	0	0	0	0	0	0	0	0	0	0	0	0	0	0	0	0	0	0	0	0	0	0	0	0	0	0	0	0	0	
312840	Frontal_Sup_Medial_L	0	366	35044	5772	7416	236	10844	760	0	0	662	850	1562	738	216	432	74	222	4800	3250	0	0	0	16138	880	960	4654	0	7518	1306	18318	9522	4658	9924	0	0	80	180	0	0	0	0	0	0	0	0	0	0	0	0	0	0	0	0	0	104	0	0	0	0	0	0	0	0	0	0	0	0	0	0	4280	2590	1580	484	0	0	0	0	0	0	0	0	0	0	0	0	0	0	0	0	0	0	0	0	0	0	0	0	0	0	0	0	0	0	0	0	0	0	0	0	0	0	0	0	0	0	
293716	Frontal_Sup_Medial_R	0	0	1954	35084	150	3986	288	1544	0	0	0	1224	0	3146	0	258	0	166	2196	6604	0	0	16138	0	120	4810	134	112	430	3652	4436	33118	352	13978	0	0	0	352	0	0	0	0	0	0	0	0	0	0	0	0	0	0	0	0	0	0	0	0	0	0	0	0	0	0	0	0	0	0	0	0	990	6814	182	4134	0	0	0	506	0	0	0	0	0	0	0	0	0	0	0	0	0	0	0	0	0	0	0	0	0	0	0	0	0	0	0	0	0	0	0	0	0	0	0	0	0	0	
15272	Frontal_Med_Orb_L	0	0	548	90	978	188	0	0	0	0	0	0	0	0	0	0	0	0	88	0	240	0	880	120	0	450	894	0	414	0	1720	142	0	0	0	0	0	0	0	0	0	0	0	0	0	0	0	0	0	0	0	0	0	0	0	0	0	0	0	0	0	0	0	0	0	0	0	0	0	0	290	100	494	0	0	0	0	0	0	0	0	0	0	0	0	0	0	0	0	0	0	0	0	0	0	0	0	0	0	0	0	0	0	0	0	0	0	0	0	0	0	0	0	0	0	0	
55288	Frontal_Med_Orb_R	0	0	0	1538	0	6434	0	0	0	0	0	0	0	0	0	0	0	0	0	0	0	342	960	4810	450	0	64	4440	0	0	2966	3200	0	0	0	0	0	0	0	0	0	0	0	0	0	0	0	0	0	0	0	0	0	0	0	0	0	0	0	0	0	0	0	0	0	0	0	0	0	0	68	2138	0	234	0	0	0	0	0	0	0	0	0	0	0	0	0	0	0	0	0	0	0	0	0	0	0	0	0	0	0	0	0	0	0	0	0	0	0	0	0	0	0	0	0	0	
110244	Rectus_L	0	236	4604	492	8858	408	0	428	880	0	0	486	282	598	918	224	0	92	424	600	4378	3258	4654	134	894	64	0	1278	2570	784	6520	1370	0	578	0	0	0	74	0	0	0	0	0	0	0	0	0	0	0	0	0	0	0	0	0	0	0	0	0	0	0	0	0	0	0	0	0	0	0	0	5148	2258	1448	182	0	0	0	0	0	0	0	0	0	0	0	0	0	0	0	0	0	0	0	0	0	0	0	0	0	0	0	0	0	0	0	0	0	0	0	0	0	0	0	0	0	0	
56272	Rectus_R	0	0	0	0	0	6934	0	0	0	104	0	0	0	0	0	734	0	0	0	0	2028	3880	0	112	0	4440	1278	0	0	1192	270	1334	0	0	0	0	0	0	0	0	0	72	0	0	0	0	0	0	0	0	0	0	0	0	0	0	0	0	0	0	0	0	0	0	0	0	0	0	0	0	1824	2404	418	1112	0	0	0	0	0	0	0	0	0	0	0	0	0	0	0	0	0	0	0	0	0	0	0	0	0	0	0	0	0	0	0	0	0	0	0	0	0	0	0	0	0	0	
665420	Insula_L	10140	1056	29334	2030	12376	0	12576	1828	1026	0	26062	2076	24000	832	10500	1350	15396	332	23462	4914	1824	0	7518	430	414	0	2570	0	0	2530	17880	1240	908	4468	1020	692	17940	1198	1160	238	3142	0	430	0	0	0	0	0	0	0	1974	0	670	0	4330	436	3468	150	530	0	238	0	88	0	78	0	938	76	280	0	11392	5812	21378	1380	0	0	3184	0	6918	0	9490	0	4694	0	3674	0	0	0	6528	112	0	0	0	0	0	0	0	0	0	0	0	0	0	0	0	0	0	0	0	0	0	0	0	0	0	0	
427768	Insula_R	0	3464	3474	13172	792	438	104	12576	0	0	0	28364	0	15648	0	7518	0	22198	4056	9114	0	1812	1306	3652	0	0	784	1192	2530	0	2670	4536	0	7310	0	148	0	9088	0	1674	0	3280	0	88	0	0	0	0	0	0	0	0	0	296	0	7046	0	4158	0	0	0	0	0	2756	0	0	0	184	0	256	2450	7782	64	18274	0	0	0	142	0	824	0	3104	0	136	0	956	0	0	0	4468	0	0	0	0	0	0	0	0	0	0	0	0	0	0	0	0	0	0	0	0	0	0	0	0	0	0	
298200	Cingulum_Ant_L	440	702	14908	3134	6698	960	2810	1296	0	0	1742	1852	3668	1214	296	934	68	338	5546	3144	2700	2222	18318	4436	1720	2966	6520	270	17880	2670	0	9064	1876	2848	0	0	86	490	0	146	0	0	0	0	0	0	0	0	0	0	0	0	0	0	0	292	0	92	0	0	0	0	0	0	0	0	0	0	0	0	9716	6744	6864	1330	0	0	0	0	0	0	0	0	0	0	0	0	0	0	0	100	0	0	0	0	0	0	0	0	0	0	0	0	0	0	0	0	0	0	0	0	0	0	0	0	0	0	
343356	Cingulum_Ant_R	0	0	2234	31344	236	2642	382	1510	0	0	0	1990	206	3906	0	628	0	282	3258	11982	1890	1924	9522	33118	142	3200	1370	1334	1240	4536	9064	0	1260	18180	0	0	0	310	0	0	0	0	0	0	0	0	0	0	0	0	0	0	0	0	0	0	0	74	0	0	0	0	0	0	0	0	0	0	0	0	3002	13372	668	6052	0	0	0	820	0	0	0	0	0	0	0	0	0	0	0	0	0	0	0	0	0	0	0	0	0	0	0	0	0	0	0	0	0	0	0	0	0	0	0	0	0	0	
100772	Cingulum_Mid_L	92	100	3246	410	98	0	674	0	0	0	142	0	362	0	78	0	0	0	6978	5058	0	0	4658	352	0	0	0	0	908	0	1876	1260	0	7194	2296	0	0	0	0	0	0	0	1042	0	1282	0	0	0	508	0	1966	0	334	0	0	0	0	66	1066	0	0	0	0	0	0	0	4690	270	1316	252	376	80	154	0	0	0	0	0	0	0	0	0	0	0	728	0	0	0	474	0	0	0	0	0	0	0	0	0	0	0	0	0	0	0	0	0	0	0	0	0	0	0	0	0	0	0	
490296	Cingulum_Mid_R	7592	4002	7592	11550	640	0	844	710	0	0	1032	5748	1084	4386	0	1314	0	1124	23146	58542	0	0	9924	13978	0	0	578	0	4468	7310	2848	18180	7194	0	1054	3434	0	434	0	298	0	0	0	1026	0	1408	0	244	0	204	92	140	0	94	0	726	148	4342	66	0	0	0	62	0	0	0	690	5146	11346	15120	2066	1514	74	790	0	0	308	0	0	0	0	0	98	0	0	0	0	0	0	438	0	0	0	0	0	0	0	0	0	0	0	0	0	0	0	0	0	0	0	0	0	0	0	0	0	0	
104332	Cingulum_Post_L	1702	802	64	0	0	0	364	0	0	0	594	0	0	0	0	0	248	0	824	174	0	0	0	0	0	0	0	0	1020	0	0	0	2296	1054	0	8694	4418	3318	1880	1166	0	0	1752	64	1546	0	488	326	736	0	550	0	0	0	968	2226	840	966	250	0	0	0	0	0	0	0	4544	1080	1718	1082	134	0	0	0	0	0	972	0	446	0	218	0	0	0	240	0	0	0	326	1870	0	0	0	0	0	0	0	0	0	0	0	0	0	0	0	0	0	0	0	0	206	0	0	0	0	0	
193208	Cingulum_Post_R	2546	1590	0	0	0	0	0	0	0	0	346	0	0	0	0	0	0	0	290	672	0	0	0	0	0	0	0	0	692	148	0	0	0	3434	8694	0	3696	7556	1358	3556	0	0	0	6416	0	1582	0	5318	0	938	0	954	0	1458	622	13452	758	2554	0	154	0	122	0	0	0	140	370	13874	762	2310	0	0	0	0	0	0	2932	338	444	0	72	114	0	0	162	880	0	0	0	4864	0	0	0	0	0	0	0	98	0	0	0	0	0	0	0	0	0	0	0	0	338	0	0	0	0	0	
255804	Hippocampus_L	8620	234	1000	0	0	0	1160	96	0	0	2564	0	514	0	0	0	1334	0	3030	154	74	0	80	0	0	0	0	0	17940	0	86	0	0	0	4418	3696	0	2586	13492	712	9510	0	1190	138	0	0	2164	548	0	0	210	0	0	0	13130	640	880	0	68	0	116	0	0	0	0	0	2904	942	0	0	1188	0	7398	0	220	0	5734	0	2842	0	2856	0	1380	0	1832	0	0	0	8992	0	62	0	0	0	218	130	0	0	0	0	0	0	0	0	104	0	0	0	178	334	204	0	0	0	0	0	
404000	Hippocampus_R	2056	6366	654	7762	76	0	0	3992	0	0	340	2484	0	1614	0	280	0	1160	620	4086	0	0	180	352	0	0	74	0	1198	9088	490	310	0	434	3318	7556	2586	0	760	30484	0	11514	0	3614	0	62	0	3580	0	0	0	0	0	66	434	38964	76	1260	0	0	0	0	0	172	0	0	0	5950	626	1380	536	1384	0	21250	0	64	2854	3188	374	86	0	658	0	1698	0	642	0	784	0	12092	0	0	0	0	0	0	0	240	0	0	0	0	0	0	0	0	0	0	0	0	132	0	0	0	0	0	
89716	ParaHippocampal_L	750	0	0	0	368	0	150	0	0	0	0	0	0	0	372	0	0	0	148	0	450	0	0	0	0	0	0	0	1160	0	0	0	0	0	1880	1358	13492	760	0	364	2986	0	716	64	0	0	2020	514	0	0	138	0	114	0	6796	318	0	0	0	0	0	0	0	0	0	0	2526	630	0	0	202	0	1258	0	144	0	838	0	0	0	0	0	662	0	98	0	274	0	984	0	112	0	0	0	408	194	62	0	118	0	0	0	72	0	198	0	80	0	318	562	200	0	0	0	0	0	
224172	ParaHippocampal_R	1136	2644	200	3674	0	0	0	880	0	0	78	600	0	214	0	0	0	310	196	2154	0	0	0	0	0	0	0	0	238	1674	146	0	0	298	1166	3556	712	30484	364	0	0	3918	0	3852	0	0	0	4300	0	0	0	0	0	0	208	23952	0	368	0	0	0	0	0	62	0	0	0	5104	560	1254	190	374	0	4384	0	0	1854	2506	0	0	0	84	0	298	0	192	0	90	0	6452	0	0	0	0	0	0	0	656	0	0	0	0	0	0	0	112	0	80	0	0	112	70	114	142	74	0	
47924	Amygdala_L	0	0	0	0	446	0	0	0	0	0	0	0	0	0	384	0	0	0	0	0	604	0	0	0	0	0	0	0	3142	0	0	0	0	0	0	0	9510	0	2986	0	0	0	0	0	0	0	0	0	0	0	0	0	0	0	3942	0	0	0	0	0	0	0	0	0	0	0	0	0	0	0	0	0	236	0	0	0	0	0	0	0	0	0	1146	0	0	0	72	0	1494	0	0	0	0	0	0	0	0	0	0	0	0	0	0	0	0	0	0	0	0	0	0	0	0	0	0	0	
65964	Amygdala_R	0	0	0	80	0	0	0	0	0	0	0	0	0	0	0	82	0	0	0	0	0	900	0	0	0	0	0	72	0	3280	0	0	0	0	0	0	0	11514	0	3918	0	0	0	0	0	0	0	0	0	0	0	0	0	0	0	5372	0	0	0	0	0	0	0	0	0	0	0	0	0	0	0	210	0	2258	0	0	0	92	0	0	0	0	0	2420	0	0	0	920	0	1864	0	0	0	0	0	0	0	0	0	0	0	0	0	0	0	0	0	0	0	0	0	0	0	0	0	0	
312812	Calcarine_L	730	0	0	0	0	0	162	0	0	0	366	0	0	0	0	0	290	0	0	0	0	0	0	0	0	0	0	0	430	0	0	0	1042	0	1752	0	1190	0	716	0	0	0	0	6552	18856	5528	13804	1522	12056	2532	33168	186	5568	0	9784	66	700	0	1676	0	796	0	574	0	174	0	13776	988	304	0	104	0	0	0	0	0	0	0	182	0	226	0	0	0	8540	0	0	0	10818	0	0	0	0	0	0	0	180	64	0	98	0	0	0	0	0	0	0	0	0	0	480	254	0	0	0	172	
421480	Calcarine_R	128	3754	0	0	0	0	0	0	0	0	0	0	0	0	0	0	0	226	0	130	0	0	0	0	0	0	0	0	0	88	0	0	0	1026	64	6416	138	3614	64	3852	0	0	6552	0	3018	33290	2230	23634	204	25700	0	9040	0	3954	0	16328	0	7624	0	604	0	894	0	1230	0	1284	2088	35248	80	2542	0	0	0	0	0	0	190	0	0	0	0	242	0	0	0	4374	0	0	0	10680	0	0	0	0	0	0	0	70	0	0	0	0	0	0	0	0	0	0	0	0	140	0	0	0	0	0	
168584	Cuneus_L	180	0	0	0	0	0	0	0	0	0	0	0	0	0	0	0	0	0	0	0	0	0	0	0	0	0	0	0	0	0	0	0	1282	0	1546	0	0	0	0	0	0	0	18856	3018	0	5952	1650	116	16804	1196	9520	62	798	0	2390	0	166	0	2414	0	214	0	150	0	92	0	12818	1398	204	0	0	0	0	0	0	0	0	0	0	0	0	0	0	0	1040	0	0	0	2314	112	0	0	0	0	0	0	0	0	0	0	0	0	0	0	0	0	0	0	0	0	0	0	0	0	0	0	
370788	Cuneus_R	0	2386	0	0	0	0	0	0	0	0	0	0	0	0	0	0	0	82	0	84	0	0	0	0	0	0	0	0	0	0	0	0	0	1408	0	1582	0	62	0	0	0	0	5528	33290	5952	0	1296	7592	176	43104	0	17044	0	1322	0	3092	0	6080	0	7220	0	362	0	574	0	990	3346	29550	0	3512	0	0	0	0	0	0	0	0	0	0	0	174	0	0	0	3820	0	0	0	5766	0	0	0	0	0	0	0	0	0	0	0	0	0	0	0	0	0	0	0	0	0	0	0	0	0	0	
324524	Lingual_L	130	0	0	0	0	0	0	0	0	0	0	0	0	0	0	0	0	0	0	0	0	0	0	0	0	0	0	0	0	0	0	0	0	0	488	0	2164	0	2020	0	0	0	13804	2230	1650	1296	0	4796	4672	1218	14316	62	7660	0	26098	1488	0	0	0	0	0	0	0	0	0	0	4210	364	0	0	0	0	0	0	0	0	116	0	0	0	0	0	0	0	178	0	0	0	604	0	13570	3000	456	0	0	0	13422	1182	22614	3978	178	0	646	0	76	100	0	0	0	0	5762	5746	1396	0	164	408	
426488	Lingual_R	0	190	0	0	0	0	0	0	0	0	0	0	0	0	0	0	0	0	0	0	0	0	0	0	0	0	0	0	0	0	0	0	0	244	326	5318	548	3580	514	4300	0	0	1522	23634	116	7592	4796	0	0	7798	0	1684	0	2744	3034	27944	0	420	0	0	0	0	0	0	0	0	148	16032	0	362	0	0	0	0	0	0	260	0	0	0	0	0	0	0	0	318	0	0	0	938	5946	11078	1280	838	228	482	4500	14780	10142	20272	414	192	2042	1378	1120	472	0	0	64	170	9900	11950	1074	152	214	194	
184412	Occipital_Sup_L	0	0	0	0	0	0	0	0	0	0	0	0	0	0	0	0	0	0	0	0	0	0	0	0	0	0	0	0	0	0	0	0	508	0	736	0	0	0	0	0	0	0	12056	204	16804	176	4672	0	0	70	30868	0	1526	0	444	0	92	0	10422	0	784	0	208	0	456	0	11112	72	0	0	0	0	0	0	0	0	0	0	0	0	0	0	0	0	766	0	0	0	230	0	0	0	0	0	0	0	0	0	0	0	0	0	0	0	0	0	0	0	0	0	0	0	0	0	0	0	
336528	Occipital_Sup_R	0	1050	0	0	0	0	0	0	0	0	0	0	0	0	0	0	0	0	0	62	0	0	0	0	0	0	0	0	0	0	0	0	0	204	0	938	0	0	0	0	0	0	2532	25700	1196	43104	1218	7798	70	0	0	27096	0	1814	0	2560	0	3166	0	10926	0	312	0	270	0	4910	1504	21778	0	1240	0	0	0	0	0	0	0	0	0	0	0	146	0	0	0	3698	0	0	0	4972	0	0	0	0	0	0	0	0	0	0	0	0	0	0	0	0	0	0	0	0	0	0	0	0	0	0	
608048	Occipital_Mid_L	5084	0	76	0	0	0	260	0	0	0	2838	0	0	0	0	0	2422	0	74	122	0	0	0	0	0	0	0	0	1974	0	0	0	1966	92	550	0	210	0	138	0	0	0	33168	0	9520	0	14316	0	30868	0	0	0	20358	0	9280	0	6966	0	33266	0	21220	0	6518	0	20758	0	28870	0	1550	0	894	0	0	0	0	0	110	0	392	0	2376	0	0	0	29236	0	0	0	18552	0	0	0	0	0	0	0	0	0	0	0	0	0	0	0	0	0	0	0	0	0	0	0	0	0	0	0	
228776	Occipital_Mid_R	0	702	0	0	0	0	0	0	0	0	0	0	0	0	0	0	0	88	0	0	0	0	0	0	0	0	0	0	0	0	0	0	0	140	0	954	0	0	0	0	0	0	186	9040	62	17044	62	1684	0	27096	0	0	0	8476	0	2980	0	2570	0	6160	0	786	0	120	0	12046	0	9876	0	838	0	0	0	0	0	0	0	0	0	0	0	80	0	0	0	8722	0	0	0	4676	0	0	0	0	0	0	0	0	0	0	0	0	0	0	0	0	0	0	0	0	0	0	0	0	0	0	
133368	Occipital_Inf_L	96	0	0	0	0	0	0	0	0	0	0	0	0	0	0	0	850	0	0	0	0	0	0	0	0	0	0	0	670	0	0	0	334	0	0	0	0	0	114	0	0	0	5568	0	798	0	7660	0	1526	0	20358	0	0	0	13114	0	296	0	886	0	142	0	74	0	0	0	2582	0	328	0	0	0	0	0	0	0	0	0	302	0	384	0	0	0	2678	0	0	0	7378	0	138	0	0	0	0	0	0	0	408	0	0	0	0	0	0	0	0	0	0	0	0	0	0	0	0	0	
76988	Occipital_Inf_R	0	398	0	0	0	0	0	0	0	0	0	0	0	0	0	0	0	292	0	134	0	0	0	0	0	0	0	0	0	296	0	0	0	94	0	1458	0	66	0	0	0	0	0	3954	0	1322	0	2744	0	1814	0	8476	0	0	0	4848	78	586	0	74	0	0	0	300	0	0	0	1954	86	324	0	0	0	0	0	0	0	0	0	0	0	172	0	0	0	4370	0	0	0	4560	0	0	0	0	0	0	0	0	0	94	0	0	0	0	0	0	0	0	0	0	0	0	0	0	0	0	
498152	Fusiform_L	564	0	76	0	0	0	98	0	0	0	342	0	356	0	0	0	1726	0	298	0	0	0	0	0	0	0	0	0	4330	0	0	0	0	0	968	622	13130	434	6796	208	3942	0	9784	0	2390	0	26098	3034	444	0	9280	0	13114	0	0	1140	418	0	246	0	132	0	104	0	78	0	4960	302	216	0	76	0	598	0	0	0	516	0	3718	0	3842	0	866	0	3920	0	198	0	22958	0	30196	1796	2644	0	114	0	17088	1186	38480	2650	1484	0	2676	0	90	62	0	0	0	0	4268	2976	884	0	68	92	
663152	Fusiform_R	840	5168	318	2298	0	0	0	2038	0	0	126	1352	0	278	0	0	0	2106	276	3674	0	62	104	0	0	0	0	0	436	7046	292	0	0	726	2226	13452	640	38964	318	23952	0	5372	66	16328	0	3092	1488	27944	0	2560	0	2980	0	4848	1140	0	202	2936	0	68	0	62	0	830	0	118	0	16418	1136	3264	384	410	0	7912	0	0	1228	1176	0	268	0	2434	0	2406	0	3886	0	1066	0	26848	1092	22274	204	1326	62	878	1448	11792	3698	28226	0	174	174	1654	816	738	0	164	0	72	4722	5046	862	370	222	0	
255788	Postcentral_L	25314	164	1046	1266	0	0	3052	0	0	0	8186	0	0	0	0	0	9338	0	440	1014	0	0	0	0	0	0	0	0	3468	0	0	0	0	148	840	758	880	76	0	0	0	0	700	0	166	0	0	0	92	0	6966	0	296	78	418	202	0	190	6128	0	20698	0	6822	0	2028	0	3570	0	4502	210	4654	262	220	0	0	0	954	194	1418	0	2922	0	0	0	4810	0	0	0	3270	134	0	0	0	0	0	0	0	0	0	0	0	0	0	0	0	0	0	0	0	0	0	0	0	0	0	0	
335048	Postcentral_R	440	28982	806	638	0	0	0	190	0	0	0	2356	0	0	0	0	0	6412	2128	1388	0	0	0	0	0	0	0	0	150	4158	92	74	66	4342	966	2554	0	1260	0	368	0	0	0	7624	0	6080	0	420	0	3166	0	2570	0	586	0	2936	190	0	0	6662	0	12202	0	19012	0	5420	114	15566	2878	13014	548	550	0	1680	0	0	0	80	0	0	0	1094	0	0	0	3434	0	0	0	4328	0	0	0	0	0	0	0	0	0	0	0	0	0	0	0	0	0	0	0	0	0	0	0	0	0	0	
229608	Parietal_Sup_L	2978	0	66	0	0	0	106	0	0	0	2218	0	0	0	0	0	598	0	0	76	0	0	0	0	0	0	0	0	530	0	0	0	1066	66	250	0	68	0	0	0	0	0	1676	0	2414	0	0	0	10422	0	33266	0	886	0	246	0	6128	0	0	0	13636	0	2252	0	5332	0	27394	0	568	0	428	0	0	0	0	0	0	0	154	0	842	0	0	0	444	0	0	0	694	0	0	0	0	0	0	0	0	0	0	0	0	0	0	0	0	0	0	0	0	0	0	0	0	0	0	0	
119168	Parietal_Sup_R	0	332	0	0	0	0	0	0	0	0	0	0	0	0	0	0	0	0	0	0	0	0	0	0	0	0	0	0	0	0	0	0	0	0	0	154	0	0	0	0	0	0	0	604	0	7220	0	0	0	10926	0	6160	0	74	0	68	0	6662	0	0	0	5436	0	3756	0	4274	0	11200	0	1542	0	0	0	0	0	0	0	0	0	0	0	0	0	0	0	642	0	0	0	534	0	0	0	0	0	0	0	0	0	0	0	0	0	0	0	0	0	0	0	0	0	0	0	0	0	0	
317508	Parietal_Inf_L	4394	0	1048	0	0	0	3230	0	0	0	2116	0	0	0	0	0	302	0	264	0	0	0	0	0	0	0	0	0	238	0	0	0	0	0	0	0	116	0	0	0	0	0	796	0	214	0	0	0	784	0	21220	0	142	0	132	0	20698	0	13636	0	0	0	29254	0	26920	0	5170	0	414	0	584	0	0	0	0	0	0	0	98	0	1798	0	0	0	18674	0	0	0	6512	0	0	0	0	0	0	0	0	0	0	0	0	0	0	0	0	0	0	0	0	0	0	0	0	0	0	0	
99724	Parietal_Inf_R	0	520	0	108	0	0	0	0	0	0	0	0	0	0	0	0	0	66	0	0	0	0	0	0	0	0	0	0	0	0	0	0	0	0	0	122	0	0	0	0	0	0	0	894	0	362	0	0	0	312	0	786	0	0	0	62	0	12202	0	5436	0	0	0	15836	0	10046	0	606	0	0	0	0	0	0	0	0	0	0	0	0	0	648	0	0	0	1074	0	0	0	782	0	0	0	0	0	0	0	0	0	0	0	0	0	0	0	0	0	0	0	0	0	0	0	0	0	0	
195836	SupraMarginal_L	396	0	64	0	0	0	68	0	0	0	176	0	0	0	0	0	1424	0	0	66	0	0	0	0	0	0	0	0	88	0	0	0	0	62	0	0	0	0	0	0	0	0	574	0	150	0	0	0	208	0	6518	0	74	0	104	0	6822	0	2252	0	29254	0	0	0	13734	0	2420	0	490	0	0	0	0	0	0	0	0	0	0	0	5056	0	0	0	21008	0	0	0	6910	0	0	0	0	0	0	0	0	0	0	0	0	0	0	0	0	0	0	0	0	0	0	0	0	0	0	0	
148620	SupraMarginal_R	0	2322	96	150	0	0	0	0	0	0	0	336	0	0	0	0	0	4314	296	96	0	0	0	0	0	0	0	0	0	2756	0	0	0	0	0	0	0	172	0	62	0	0	0	1230	0	574	0	0	0	270	0	120	0	300	0	830	0	19012	0	3756	0	15836	0	0	0	8894	0	914	0	0	156	104	0	150	0	0	0	84	0	304	0	6396	0	0	0	2114	0	0	0	2666	0	0	0	0	0	0	0	0	0	0	0	0	0	0	0	0	0	0	0	0	0	0	0	0	0	0	
182468	Angular_L	1492	0	252	0	0	0	312	0	0	0	1340	0	0	0	0	0	86	0	142	0	0	0	0	0	0	0	0	0	78	0	0	0	0	0	0	0	0	0	0	0	0	0	174	0	92	0	0	0	456	0	20758	0	0	0	78	0	2028	0	5332	0	26920	0	13734	0	0	0	2646	0	404	0	72	0	0	0	0	0	0	0	0	0	880	0	0	0	11790	0	0	0	2168	0	0	0	0	0	0	0	0	0	0	0	0	0	0	0	0	0	0	0	0	0	0	0	0	0	0	0	
131944	Angular_R	0	758	0	0	0	0	0	0	0	0	0	0	0	0	0	0	0	66	0	0	0	0	0	0	0	0	0	0	0	0	0	0	0	0	0	140	0	0	0	0	0	0	0	1284	0	990	0	0	0	4910	0	12046	0	0	0	118	0	5420	0	4274	0	10046	0	8894	0	0	0	1576	0	214	0	0	0	0	0	0	0	0	0	0	0	3938	0	0	0	8208	0	0	0	3090	0	0	0	0	0	0	0	0	0	0	0	0	0	0	0	0	0	0	0	0	0	0	0	0	0	0	
333236	Precuneus_L	3156	0	136	0	0	0	386	0	0	0	2386	0	0	0	0	0	660	0	212	92	0	0	0	0	0	0	0	0	938	0	0	0	4690	690	4544	370	2904	0	2526	0	0	0	13776	2088	12818	3346	4210	148	11112	1504	28870	0	2582	0	4960	0	3570	114	27394	0	5170	0	2420	0	2646	0	0	4348	2708	344	496	0	0	0	0	0	66	0	268	0	894	0	0	0	2302	0	0	0	4322	452	0	0	0	0	0	0	0	0	0	0	0	0	0	0	0	0	0	0	0	0	0	0	0	0	0	0	
457728	Precuneus_R	322	3318	0	0	0	0	0	0	0	0	0	0	0	0	0	0	0	402	132	334	0	0	0	0	0	0	0	0	76	184	0	0	270	5146	1080	13874	942	5950	630	5104	0	0	988	35248	1398	29550	364	16032	72	21778	0	9876	0	1954	302	16418	0	15566	0	11200	0	606	0	914	0	1576	4348	0	120	9852	90	0	0	0	0	0	636	0	0	0	0	270	0	0	0	4790	0	0	0	6770	0	0	0	0	0	0	0	96	0	0	0	0	0	0	0	0	0	0	0	0	286	0	0	0	0	0	
139052	Paracentral_Lobule_L	7860	4022	0	0	0	0	0	0	0	0	74	0	0	0	0	0	376	0	1424	9628	0	0	0	0	0	0	0	0	280	0	0	0	1316	11346	1718	762	0	626	0	560	0	0	304	80	204	0	0	0	0	0	1550	0	328	86	216	1136	4502	2878	568	0	414	0	490	0	404	0	2708	120	0	9228	130	0	0	0	0	0	0	0	0	0	362	0	0	0	1634	0	0	0	1150	1042	0	0	0	0	0	0	0	0	0	0	0	0	0	0	0	0	0	0	0	0	0	0	0	0	0	0	
197160	Paracentral_Lobule_R	3310	9322	0	106	0	0	0	0	0	0	0	0	0	0	0	0	0	138	214	13018	0	0	0	0	0	0	0	0	0	256	0	0	252	15120	1082	2310	0	1380	0	1254	0	0	0	2542	0	3512	0	362	0	1240	0	838	0	324	0	3264	210	13014	0	1542	0	0	0	0	0	214	344	9852	9228	0	400	98	0	0	0	0	204	238	0	0	0	64	0	0	0	722	0	0	0	2606	0	0	0	0	0	0	0	0	0	0	0	0	0	0	0	0	0	0	0	0	0	0	0	0	0	0	
360004	Caudate_L	12358	1658	13174	3520	2334	790	5436	3958	0	0	2142	1482	1032	1328	118	2198	2762	988	7414	3694	8438	7954	4280	990	290	68	5148	1824	11392	2450	9716	3002	376	2066	134	0	1188	536	202	190	0	0	104	0	0	0	0	0	0	0	894	0	0	0	76	384	4654	548	428	0	584	0	0	156	72	0	496	90	130	400	0	14518	13164	1418	1644	62	9858	1612	582	0	184	0	82	0	634	0	0	0	438	160	0	0	0	0	0	0	0	0	0	0	0	0	0	0	0	0	0	0	0	0	0	0	0	0	0	0	
445868	Caudate_R	3104	2778	10638	27200	1378	4408	500	2534	0	0	208	7058	980	2338	0	4690	0	1262	9326	20474	4318	4884	2590	6814	100	2138	2258	2404	5812	7782	6744	13372	80	1514	0	0	0	1384	0	374	0	210	0	0	0	0	0	0	0	0	0	0	0	0	0	410	262	550	0	0	0	0	0	104	0	0	0	0	0	98	14518	0	2676	17866	342	1370	2524	20340	0	0	0	0	110	0	0	0	0	0	0	110	0	0	0	0	0	0	0	0	0	0	0	0	0	0	0	0	0	0	0	0	0	0	0	0	0	0	
259784	Putamen_L	5506	406	9952	454	7032	116	2812	314	1308	0	1290	0	1646	0	5622	296	140	0	17354	376	2026	1936	1580	182	494	0	1448	418	21378	64	6864	668	154	74	0	0	7398	0	1258	0	236	0	0	0	0	0	0	0	0	0	0	0	0	0	598	0	220	0	0	0	0	0	0	0	0	0	0	0	0	0	13164	2676	0	62	5252	0	5380	372	94	0	106	0	986	0	0	0	0	0	180	0	0	0	0	0	0	0	0	0	0	0	0	0	0	0	0	0	0	0	0	0	0	0	0	0	0	0	
335984	Putamen_R	0	4482	2304	19094	138	4284	76	7204	0	0	0	5974	0	3450	0	5168	0	3158	1992	11648	268	1008	484	4134	0	234	182	1112	1380	18274	1330	6052	0	790	0	0	0	21250	0	4384	0	2258	0	0	0	0	0	0	0	0	0	0	0	0	0	7912	0	1680	0	0	0	0	0	150	0	0	0	0	0	0	1418	17866	62	0	0	2996	0	1766	0	0	0	220	0	112	0	336	0	0	0	1362	0	0	0	0	0	0	0	0	0	0	0	0	0	0	0	0	0	0	0	0	0	0	0	0	0	0	
26964	Pallidum_L	772	62	770	0	0	0	138	0	0	0	0	0	0	0	0	0	0	0	2718	0	0	0	0	0	0	0	0	0	0	0	0	0	0	0	0	0	220	0	144	0	0	0	0	0	0	0	0	0	0	0	0	0	0	0	0	0	0	0	0	0	0	0	0	0	0	0	0	0	0	0	1644	342	5252	0	0	0	1102	318	0	0	0	0	0	0	0	0	0	0	0	0	0	0	0	0	0	0	0	0	0	0	0	0	0	0	0	0	0	0	0	0	0	0	0	0	0	0	
23228	Pallidum_R	0	98	66	3494	0	0	0	118	0	0	0	0	0	0	0	0	0	82	164	3100	0	0	0	0	0	0	0	0	0	0	0	0	0	0	0	0	0	64	0	0	0	0	0	0	0	0	0	0	0	0	0	0	0	0	0	0	0	0	0	0	0	0	0	0	0	0	0	0	0	0	62	1370	0	2996	0	0	0	0	0	0	0	0	0	0	0	0	0	0	0	0	0	0	0	0	0	0	0	0	0	0	0	0	0	0	0	0	0	0	0	0	0	0	0	0	0	0	
162032	Thalamus_L	21748	130	3538	260	0	0	668	0	0	0	1404	0	0	0	0	0	880	0	4292	1132	0	0	0	0	0	0	0	0	3184	0	0	0	0	308	972	2932	5734	2854	838	1854	0	0	0	190	0	0	116	260	0	0	110	0	0	0	516	1228	954	0	0	0	0	0	0	0	0	0	66	636	0	204	9858	2524	5380	0	1102	0	0	4194	330	0	200	0	0	0	136	0	0	0	66	0	0	0	0	0	0	0	0	0	0	0	0	0	0	0	0	0	0	0	0	218	0	0	0	0	0	0	
148248	Thalamus_R	3362	1796	614	19624	0	0	190	126	0	0	0	74	0	0	0	0	0	0	0	10372	0	0	0	506	0	0	0	0	0	142	0	820	0	0	0	338	0	3188	0	2506	0	92	0	0	0	0	0	0	0	0	0	0	0	0	0	1176	194	80	0	0	0	0	0	84	0	0	0	0	0	238	1612	20340	372	1766	318	0	4194	0	0	0	0	0	0	0	0	0	0	0	0	0	0	0	0	0	0	0	0	0	0	0	0	0	0	0	0	0	0	0	0	0	0	0	0	0	0	0	
73824	Heschl_L	2834	0	84	0	0	0	162	0	0	0	1924	0	0	0	0	0	3380	0	74	0	0	0	0	0	0	0	0	0	6918	0	0	0	0	0	446	444	2842	374	0	0	0	0	182	0	0	0	0	0	0	0	392	0	302	0	3718	0	1418	0	154	0	98	0	0	0	0	0	268	0	0	0	582	0	94	0	0	0	330	0	0	0	3060	0	0	0	2484	0	0	0	4348	0	0	0	0	0	0	0	0	0	0	0	0	0	0	0	0	0	0	0	0	0	0	0	0	0	0	0	
11496	Heschl_R	0	0	0	0	0	0	0	0	0	0	0	0	0	0	0	0	0	932	0	0	0	0	0	0	0	0	0	0	0	824	0	0	0	0	0	0	0	86	0	0	0	0	0	0	0	0	0	0	0	0	0	0	0	0	0	268	0	0	0	0	0	0	0	304	0	0	0	0	0	0	0	0	0	0	0	0	0	0	0	0	0	2370	0	0	0	748	0	0	0	216	0	0	0	0	0	0	0	0	0	0	0	0	0	0	0	0	0	0	0	0	0	0	0	0	0	0	
203104	Temporal_Sup_L	2700	0	912	0	0	0	130	0	0	0	4220	0	690	0	0	0	11498	0	1526	0	0	0	0	0	0	0	0	0	9490	0	0	0	0	0	218	72	2856	0	0	0	0	0	226	0	0	0	0	0	0	0	2376	0	384	0	3842	0	2922	0	842	0	1798	0	5056	0	880	0	894	0	362	0	184	0	106	0	0	0	200	0	3060	0	0	0	2472	0	26882	0	0	0	14754	0	0	0	0	0	0	0	0	0	0	0	0	0	0	0	0	0	0	0	0	0	0	0	0	0	0	0	
82828	Temporal_Sup_R	0	288	0	0	0	0	0	104	0	0	0	0	0	0	0	0	0	3302	106	114	0	0	0	0	0	0	0	0	0	3104	0	0	0	0	0	114	0	658	0	84	0	0	0	242	0	174	0	0	0	146	0	80	0	172	0	2434	0	1094	0	0	0	648	0	6396	0	3938	0	270	0	64	0	0	0	220	0	0	0	0	0	2370	0	0	0	2416	0	8988	0	0	0	3888	0	0	0	0	0	0	0	0	0	0	0	0	0	0	0	0	0	0	0	0	0	0	0	0	0	0	
73940	Temporal_Pole_Sup_L	0	0	584	0	1290	0	0	0	542	0	1998	0	938	0	1664	0	314	0	850	122	298	0	0	0	0	0	0	0	4694	0	0	0	0	98	0	0	1380	0	662	0	1146	0	0	0	0	0	0	0	0	0	0	0	0	0	866	0	0	0	0	0	0	0	0	0	0	0	0	0	0	0	82	110	986	0	0	0	0	0	0	0	2472	0	0	0	7356	0	2028	0	6490	0	0	0	0	0	0	0	0	0	0	0	0	0	0	0	0	0	0	0	0	0	0	0	0	0	0	0	
32176	Temporal_Pole_Sup_R	0	0	0	0	0	0	0	0	0	0	0	0	0	0	0	0	0	0	0	0	0	148	0	0	0	0	0	0	0	136	0	0	0	0	0	0	0	1698	0	298	0	2420	0	0	0	0	0	0	0	0	0	0	0	0	0	2406	0	0	0	0	0	0	0	0	0	0	0	0	0	0	0	0	0	112	0	0	0	0	0	0	0	2416	0	0	0	1792	0	1680	0	2982	0	0	0	0	0	0	0	0	0	0	0	0	0	0	0	0	0	0	0	0	0	0	0	0	0	0	
418468	Temporal_Mid_L	2628	0	0	0	0	0	226	0	0	0	496	0	0	0	0	0	4756	0	112	0	0	0	0	0	0	0	0	0	3674	0	0	0	728	0	240	162	1832	0	98	0	0	0	8540	0	1040	0	178	0	766	0	29236	0	2678	0	3920	0	4810	0	444	0	18674	0	21008	0	11790	0	2302	0	1634	0	634	0	0	0	0	0	136	0	2484	0	26882	0	7356	0	0	0	2050	0	47720	0	0	0	0	0	0	0	0	0	0	0	0	0	0	0	0	0	0	0	0	0	0	0	0	0	0	0	
189944	Temporal_Mid_R	0	2810	0	0	0	0	0	82	0	0	0	0	0	0	0	0	0	652	0	70	0	0	0	0	0	0	0	0	0	956	0	0	0	0	0	880	0	642	0	192	0	0	0	4374	0	3820	0	318	0	3698	0	8722	0	4370	0	3886	0	3434	0	642	0	1074	0	2114	0	8208	0	4790	0	722	0	0	0	336	0	0	0	0	0	748	0	8988	0	1792	0	0	0	314	0	26338	0	0	0	0	0	0	0	0	0	0	0	0	0	0	0	0	0	0	0	0	0	0	0	0	0	0	
12828	Temporal_Pole_Mid_L	0	0	0	0	0	0	0	0	0	0	0	0	0	0	0	0	0	0	0	0	0	0	0	0	0	0	0	0	0	0	0	0	0	0	0	0	0	0	274	0	72	0	0	0	0	0	0	0	0	0	0	0	0	0	198	0	0	0	0	0	0	0	0	0	0	0	0	0	0	0	0	0	0	0	0	0	0	0	0	0	0	0	2028	0	2050	0	0	0	1792	0	0	0	0	0	0	0	0	0	0	0	0	0	0	0	0	0	0	0	0	0	0	0	0	0	0	0	
12320	Temporal_Pole_Mid_R	0	0	0	0	0	0	0	0	0	0	0	0	0	0	0	0	0	0	0	0	0	0	0	0	0	0	0	0	0	0	0	0	0	0	0	0	0	784	0	90	0	920	0	0	0	0	0	0	0	0	0	0	0	0	0	1066	0	0	0	0	0	0	0	0	0	0	0	0	0	0	0	0	0	0	0	0	0	0	0	0	0	0	0	1680	0	314	0	0	0	1306	0	0	0	0	0	0	0	0	0	0	0	0	0	0	0	0	0	0	0	0	0	0	0	0	0	0	
391948	Temporal_Inf_L	2100	0	0	0	0	0	184	0	0	0	666	0	272	0	0	0	3854	0	398	0	0	0	0	0	0	0	0	0	6528	0	0	0	474	0	326	0	8992	0	984	0	1494	0	10818	0	2314	0	604	0	230	0	18552	0	7378	0	22958	0	3270	0	694	0	6512	0	6910	0	2168	0	4322	0	1150	0	438	0	180	0	0	0	66	0	4348	0	14754	0	6490	0	47720	0	1792	0	0	0	3146	0	1112	0	0	0	148	0	778	0	452	0	398	0	0	0	0	0	0	0	0	0	0	0	0	0	
322692	Temporal_Inf_R	218	3296	84	106	0	0	0	382	0	0	0	234	0	108	0	0	0	1768	96	2026	0	0	0	0	0	0	0	0	112	4468	100	0	0	438	1870	4864	0	12092	0	6452	0	1864	0	10680	112	5766	0	938	0	4972	0	4676	0	4560	0	26848	134	4328	0	534	0	782	0	2666	0	3090	452	6770	1042	2606	160	110	0	1362	0	0	0	0	0	216	0	3888	0	2982	0	26338	0	1306	0	0	0	2090	0	266	0	114	0	222	0	624	0	0	0	134	0	0	0	0	0	0	0	0	0	0	0	0	
551404	Cerebelum_Crus1_L	0	0	0	0	0	0	0	0	0	0	0	0	0	0	0	0	0	0	0	0	0	0	0	0	0	0	0	0	0	0	0	0	0	0	0	0	62	0	112	0	0	0	0	0	0	0	13570	5946	0	0	0	0	138	0	30196	1092	0	0	0	0	0	0	0	0	0	0	0	0	0	0	0	0	0	0	0	0	0	0	0	0	0	0	0	0	0	0	0	0	3146	0	0	5588	34586	4414	974	478	19802	5218	61402	9834	16958	1624	26492	2282	1906	376	212	0	220	346	6212	8974	11496	1112	740	194	
416084	Cerebelum_Crus1_R	0	0	0	0	0	0	0	0	0	0	0	0	0	0	0	0	0	0	0	0	0	0	0	0	0	0	0	0	0	0	0	0	0	0	0	0	0	0	0	0	0	0	0	0	0	0	3000	11078	0	0	0	0	0	0	1796	22274	0	0	0	0	0	0	0	0	0	0	0	0	0	0	0	0	0	0	0	0	0	0	0	0	0	0	0	0	0	0	0	0	0	2090	5588	0	1922	28996	200	2354	1390	19350	6024	54912	140	3896	406	17500	264	612	0	0	68	882	6676	8390	7252	610	372	0	
286956	Cerebelum_Crus2_L	0	0	0	0	0	0	0	0	0	0	0	0	0	0	0	0	0	0	0	0	0	0	0	0	0	0	0	0	0	0	0	0	0	0	0	0	0	0	0	0	0	0	0	0	0	0	456	1280	0	0	0	0	0	0	2644	204	0	0	0	0	0	0	0	0	0	0	0	0	0	0	0	0	0	0	0	0	0	0	0	0	0	0	0	0	0	0	0	0	1112	0	34586	1922	0	6030	394	186	2598	1436	8354	3174	30618	3312	29732	1764	786	116	144	0	64	170	996	2174	7616	1406	204	0	
278668	Cerebelum_Crus2_R	0	0	0	0	0	0	0	0	0	0	0	0	0	0	0	0	0	0	0	0	0	0	0	0	0	0	0	0	0	0	0	0	0	0	0	0	0	0	0	0	0	0	0	0	0	0	0	838	0	0	0	0	0	0	0	1326	0	0	0	0	0	0	0	0	0	0	0	0	0	0	0	0	0	0	0	0	0	0	0	0	0	0	0	0	0	0	0	0	0	266	4414	28996	6030	0	0	1846	450	2754	1102	8814	2188	17804	3344	32452	462	1790	0	0	592	308	870	1720	14040	4362	2170	396	
40508	Cerebelum_3_L	0	0	0	0	0	0	0	0	0	0	0	0	0	0	0	0	0	0	0	0	0	0	0	0	0	0	0	0	0	0	0	0	0	0	0	0	218	0	408	0	0	0	0	0	0	0	0	228	0	0	0	0	0	0	114	62	0	0	0	0	0	0	0	0	0	0	0	0	0	0	0	0	0	0	0	0	0	0	0	0	0	0	0	0	0	0	0	0	0	0	974	200	394	0	0	128	4110	298	1982	350	264	0	942	202	2036	238	0	0	1014	1448	830	1030	878	888	792	226	
67580	Cerebelum_3_R	0	0	0	0	0	0	0	0	0	0	0	0	0	0	0	0	0	0	0	0	0	0	0	0	0	0	0	0	0	0	0	0	0	0	0	0	130	0	194	0	0	0	0	0	0	0	0	482	0	0	0	0	0	0	0	878	0	0	0	0	0	0	0	0	0	0	0	0	0	0	0	0	0	0	0	0	0	0	0	0	0	0	0	0	0	0	0	0	0	114	478	2354	186	1846	128	0	270	6552	446	6032	64	340	168	2370	154	1348	0	0	892	2092	698	1064	2020	1360	1130	0	
287560	Cerebelum_4_5_L	0	0	0	0	0	0	0	0	0	0	0	0	0	0	0	0	0	0	0	0	0	0	0	0	0	0	0	0	0	0	0	0	0	0	0	0	0	0	62	0	0	0	180	0	0	0	13422	4500	0	0	0	0	0	0	17088	1448	0	0	0	0	0	0	0	0	0	0	0	0	0	0	0	0	0	0	0	0	0	0	0	0	0	0	0	0	0	0	0	0	148	0	19802	1390	2598	450	4110	270	0	3616	33576	4214	1326	0	5272	1032	3150	1048	290	0	456	982	13634	4530	656	734	1934	1862	
290252	Cerebelum_4_5_R	0	0	0	0	0	0	0	0	0	0	0	0	0	0	0	0	0	0	0	0	0	0	0	0	0	0	0	0	0	0	0	0	0	0	0	98	0	240	0	656	0	0	64	70	0	0	1182	14780	0	0	0	0	0	0	1186	11792	0	0	0	0	0	0	0	0	0	0	0	96	0	0	0	0	0	0	0	0	0	0	0	0	0	0	0	0	0	0	0	0	0	222	5218	19350	1436	2754	298	6552	3616	0	5862	34388	440	282	2320	3258	366	1208	0	130	174	1412	14386	6024	2852	1448	854	112	
538348	Cerebelum_6_L	0	0	0	0	0	0	0	0	0	0	0	0	0	0	0	0	0	0	0	0	0	0	0	0	0	0	0	0	0	0	0	0	0	0	0	0	0	0	118	0	0	0	0	0	0	0	22614	10142	0	0	0	0	408	0	38480	3698	0	0	0	0	0	0	0	0	0	0	0	0	0	0	0	0	0	0	0	0	0	0	0	0	0	0	0	0	0	0	0	0	778	0	61402	6024	8354	1102	1982	446	33576	5862	0	13112	5096	108	12966	1480	4600	702	276	0	432	544	9276	16260	5706	1516	1474	640	
499308	Cerebelum_6_R	0	0	0	0	0	0	0	0	0	0	0	0	0	0	0	0	0	0	0	0	0	0	0	0	0	0	0	0	0	0	0	0	0	0	0	0	0	0	0	0	0	0	98	0	0	0	3978	20272	0	0	0	0	0	94	2650	28226	0	0	0	0	0	0	0	0	0	0	0	0	0	0	0	0	0	0	0	0	0	0	0	0	0	0	0	0	0	0	0	0	0	624	9834	54912	3174	8814	350	6032	4214	34388	13112	0	570	796	2704	8018	2046	1666	0	174	348	1714	11576	16710	9388	1816	1132	224	
217124	Cerebelum_7b_L	0	0	0	0	0	0	0	0	0	0	0	0	0	0	0	0	0	0	0	0	0	0	0	0	0	0	0	0	0	0	0	0	0	0	0	0	0	0	0	0	0	0	0	0	0	0	178	414	0	0	0	0	0	0	1484	0	0	0	0	0	0	0	0	0	0	0	0	0	0	0	0	0	0	0	0	0	0	0	0	0	0	0	0	0	0	0	0	0	452	0	16958	140	30618	2188	264	64	1326	440	5096	570	0	2286	33486	1604	2970	78	498	0	0	0	282	922	3380	2636	228	0	
133012	Cerebelum_7b_R	0	0	0	0	0	0	0	0	0	0	0	0	0	0	0	0	0	0	0	0	0	0	0	0	0	0	0	0	0	0	0	0	0	0	0	0	0	0	0	0	0	0	0	0	0	0	0	192	0	0	0	0	0	0	0	174	0	0	0	0	0	0	0	0	0	0	0	0	0	0	0	0	0	0	0	0	0	0	0	0	0	0	0	0	0	0	0	0	0	0	1624	3896	3312	17804	0	340	0	282	108	796	2286	0	2952	20508	304	2196	0	0	100	0	0	534	5572	2692	738	96	
341172	Cerebelum_8_L	0	0	0	0	0	0	0	0	0	0	0	0	0	0	0	0	0	0	0	0	0	0	0	0	0	0	0	0	0	0	0	0	0	0	0	0	0	0	72	0	0	0	0	0	0	0	646	2042	0	0	0	0	0	0	2676	174	0	0	0	0	0	0	0	0	0	0	0	0	0	0	0	0	0	0	0	0	0	0	0	0	0	0	0	0	0	0	0	0	398	0	26492	406	29732	3344	942	168	5272	2320	12966	2704	33486	2952	0	4248	17332	224	2590	0	138	216	2222	3280	5296	5832	1860	556	
281468	Cerebelum_8_R	0	0	0	0	0	0	0	0	0	0	0	0	0	0	0	0	0	0	0	0	0	0	0	0	0	0	0	0	0	0	0	0	0	0	0	0	0	0	0	0	0	0	0	0	0	0	0	1378	0	0	0	0	0	0	0	1654	0	0	0	0	0	0	0	0	0	0	0	0	0	0	0	0	0	0	0	0	0	0	0	0	0	0	0	0	0	0	0	0	0	134	2282	17500	1764	32452	202	2370	1032	3258	1480	8018	1604	20508	4248	0	1572	12112	0	470	724	556	1724	2034	9022	8394	3820	422	
124004	Cerebelum_9_L	0	0	0	0	0	0	0	0	0	0	0	0	0	0	0	0	0	0	0	0	0	0	0	0	0	0	0	0	0	0	0	0	0	0	0	0	104	0	198	0	0	0	0	0	0	0	76	1120	0	0	0	0	0	0	90	816	0	0	0	0	0	0	0	0	0	0	0	0	0	0	0	0	0	0	0	0	0	0	0	0	0	0	0	0	0	0	0	0	0	0	1906	264	786	462	2036	154	3150	366	4600	2046	2970	304	17332	1572	0	1310	4854	0	524	462	746	4726	2190	3212	2786	840	
96296	Cerebelum_9_R	0	0	0	0	0	0	0	0	0	0	0	0	0	0	0	0	0	0	0	0	0	0	0	0	0	0	0	0	0	0	0	0	0	0	0	0	0	0	0	112	0	0	0	0	0	0	100	472	0	0	0	0	0	0	62	738	0	0	0	0	0	0	0	0	0	0	0	0	0	0	0	0	0	0	0	0	0	0	0	0	0	0	0	0	0	0	0	0	0	0	376	612	116	1790	238	1348	1048	1208	702	1666	78	2196	224	12112	1310	0	0	1180	1528	516	1410	3040	2794	3752	5630	1790	
17888	Cerebelum_10_L	0	0	0	0	0	0	0	0	0	0	0	0	0	0	0	0	0	0	0	0	0	0	0	0	0	0	0	0	0	0	0	0	0	0	0	0	0	0	80	0	0	0	0	0	0	0	0	0	0	0	0	0	0	0	0	0	0	0	0	0	0	0	0	0	0	0	0	0	0	0	0	0	0	0	0	0	0	0	0	0	0	0	0	0	0	0	0	0	0	0	212	0	144	0	0	0	290	0	276	0	498	0	2590	0	4854	0	0	0	0	0	0	0	0	0	0	0	
4548	Cerebelum_10_R	0	0	0	0	0	0	0	0	0	0	0	0	0	0	0	0	0	0	0	0	0	0	0	0	0	0	0	0	0	0	0	0	0	0	0	0	0	0	0	80	0	0	0	0	0	0	0	0	0	0	0	0	0	0	0	164	0	0	0	0	0	0	0	0	0	0	0	0	0	0	0	0	0	0	0	0	0	0	0	0	0	0	0	0	0	0	0	0	0	0	0	0	0	0	0	0	0	130	0	174	0	0	0	470	0	1180	0	0	0	0	0	0	0	0	76	0	
35280	Vermis_1_2	0	0	0	0	0	0	0	0	0	0	0	0	0	0	0	0	0	0	0	0	0	0	0	0	0	0	0	0	0	0	0	0	0	0	0	0	178	0	318	0	0	0	0	0	0	0	0	64	0	0	0	0	0	0	0	0	0	0	0	0	0	0	0	0	0	0	0	0	0	0	0	0	0	0	0	0	0	0	0	0	0	0	0	0	0	0	0	0	0	0	220	68	64	592	1014	892	456	174	432	348	0	100	138	724	524	1528	0	0	0	3516	526	892	1194	1494	1764	420	
42484	Vermis_3	194	0	0	0	0	0	0	0	0	0	0	0	0	0	0	0	0	0	0	0	0	0	0	0	0	0	0	0	0	0	0	0	0	0	0	0	334	0	562	0	0	0	0	0	0	0	0	170	0	0	0	0	0	0	0	72	0	0	0	0	0	0	0	0	0	0	0	0	0	0	0	0	0	0	0	0	218	0	0	0	0	0	0	0	0	0	0	0	0	0	346	882	170	308	1448	2092	982	1412	544	1714	0	0	216	556	462	516	0	0	3516	0	1148	766	710	774	828	302	
225304	Vermis_4_5	0	0	0	0	0	0	0	0	0	0	0	0	0	0	0	0	0	0	0	0	0	0	0	0	0	0	0	0	0	0	0	0	0	0	206	338	204	132	200	112	0	0	480	140	0	0	5762	9900	0	0	0	0	0	0	4268	4722	0	0	0	0	0	0	0	0	0	0	0	286	0	0	0	0	0	0	0	0	0	0	0	0	0	0	0	0	0	0	0	0	0	0	6212	6676	996	870	830	698	13634	14386	9276	11576	282	0	2222	1724	746	1410	0	0	526	1148	0	5690	990	944	2330	2736	
271048	Vermis_6	0	0	0	0	0	0	0	0	0	0	0	0	0	0	0	0	0	0	0	0	0	0	0	0	0	0	0	0	0	0	0	0	0	0	0	0	0	0	0	70	0	0	254	0	0	0	5746	11950	0	0	0	0	0	0	2976	5046	0	0	0	0	0	0	0	0	0	0	0	0	0	0	0	0	0	0	0	0	0	0	0	0	0	0	0	0	0	0	0	0	0	0	8974	8390	2174	1720	1030	1064	4530	6024	16260	16710	922	534	3280	2034	4726	3040	0	0	892	766	5690	0	8094	3894	5110	3624	
