data	data	529796	311328	876008	925780	138916	90764	423572	282556	71036	27328	367388	177344	267864	214792	169084	86672	290080	144196	593376	654588	96536	99480	397832	411380	70228	123696	61200	108928	644060	400484	415240	541512	149632	383344	202804	281024	303108	404632	120492	231628	55748	71164	284608	384932	187656	364544	201848	315856	129892	311880	489008	341796	174844	115728	284984	388764	283084	235936	145196	86888	271912	161664	190932	153384	157400	119876	289684	475988	240080	89248	373880	427124	316124	357012	47812	57020	136700	281392	52296	55448	163256	164728	92604	94900	303764	270404	17756	46972	253516	280668	520204	383260	448772	307628	90632	146928	303884	260804	441448	373068	344916	173884	373252	310512	158468	229424	17720	24760	33060	163600	296608	213844	380680	319508	231776	100464	
data	data	Precentral_L	Precentral_R	Frontal_Sup_L	Frontal_Sup_R	Frontal_Sup_Orb_L	Frontal_Sup_Orb_R	Frontal_Mid_L	Frontal_Mid_R	Frontal_Mid_Orb_L	Frontal_Mid_Orb_R	Frontal_Inf_Oper_L	Frontal_Inf_Oper_R	Frontal_Inf_Tri_L	Frontal_Inf_Tri_R	Frontal_Inf_Orb_L	Frontal_Inf_Orb_R	Rolandic_Oper_L	Rolandic_Oper_R	Supp_Motor_Area_L	Supp_Motor_Area_R	Olfactory_L	Olfactory_R	Frontal_Sup_Medial_L	Frontal_Sup_Medial_R	Frontal_Med_Orb_L	Frontal_Med_Orb_R	Rectus_L	Rectus_R	Insula_L	Insula_R	Cingulum_Ant_L	Cingulum_Ant_R	Cingulum_Mid_L	Cingulum_Mid_R	Cingulum_Post_L	Cingulum_Post_R	Hippocampus_L	Hippocampus_R	ParaHippocampal_L	ParaHippocampal_R	Amygdala_L	Amygdala_R	Calcarine_L	Calcarine_R	Cuneus_L	Cuneus_R	Lingual_L	Lingual_R	Occipital_Sup_L	Occipital_Sup_R	Occipital_Mid_L	Occipital_Mid_R	Occipital_Inf_L	Occipital_Inf_R	Fusiform_L	Fusiform_R	Postcentral_L	Postcentral_R	Parietal_Sup_L	Parietal_Sup_R	Parietal_Inf_L	Parietal_Inf_R	SupraMarginal_L	SupraMarginal_R	Angular_L	Angular_R	Precuneus_L	Precuneus_R	Paracentral_Lobule_L	Paracentral_Lobule_R	Caudate_L	Caudate_R	Putamen_L	Putamen_R	Pallidum_L	Pallidum_R	Thalamus_L	Thalamus_R	Heschl_L	Heschl_R	Temporal_Sup_L	Temporal_Sup_R	Temporal_Pole_Sup_L	Temporal_Pole_Sup_R	Temporal_Mid_L	Temporal_Mid_R	Temporal_Pole_Mid_L	Temporal_Pole_Mid_R	Temporal_Inf_L	Temporal_Inf_R	Cerebelum_Crus1_L	Cerebelum_Crus1_R	Cerebelum_Crus2_L	Cerebelum_Crus2_R	Cerebelum_3_L	Cerebelum_3_R	Cerebelum_4_5_L	Cerebelum_4_5_R	Cerebelum_6_L	Cerebelum_6_R	Cerebelum_7b_L	Cerebelum_7b_R	Cerebelum_8_L	Cerebelum_8_R	Cerebelum_9_L	Cerebelum_9_R	Cerebelum_10_L	Cerebelum_10_R	Vermis_1_2	Vermis_3	Vermis_4_5	Vermis_6	Vermis_7	Vermis_8	Vermis_9	Vermis_10	
529796	Precentral_L	0	8440	18392	7166	0	0	17578	1070	0	0	14182	98	4006	108	0	0	9472	214	11336	8848	0	0	588	0	0	0	0	0	8308	144	4032	176	1020	1660	5354	2276	3998	1250	238	0	0	0	1998	422	222	0	134	308	0	0	6514	0	1622	0	122	78	23724	142	3264	0	3860	100	1112	112	878	0	1910	602	34852	116	8436	1806	4510	278	1394	232	20872	7012	1282	0	1348	0	0	0	2434	0	0	0	2410	838	0	0	0	0	0	0	0	0	0	0	0	0	0	0	0	0	0	0	0	0	0	0	0	0	0	0	
311328	Precentral_R	8440	0	222	16024	0	0	0	5096	0	0	0	3564	0	102	0	0	136	3596	1504	8462	0	0	0	0	0	0	0	0	278	3514	0	0	654	2560	3626	6892	2448	5548	644	1242	0	0	0	2058	0	550	464	864	0	218	0	756	0	790	76	2274	584	19304	0	0	0	3698	0	5468	0	0	176	3852	5634	1478	456	6944	420	2142	112	112	1058	11426	0	556	0	1302	0	0	0	2462	0	0	0	5522	0	0	0	0	0	0	0	0	0	0	0	0	0	0	0	0	0	0	0	74	282	0	0	0	0	0	
876008	Frontal_Sup_L	18392	222	0	10526	7702	0	64952	914	2106	0	30814	166	26866	172	10374	0	18030	80	65190	11628	168	0	36958	2668	2750	0	164	0	46984	96	18888	5668	3472	2474	96	84	1878	344	724	0	0	0	0	0	0	0	0	0	0	0	0	0	0	0	82	0	3736	0	0	0	0	0	0	0	0	0	0	0	1856	0	12424	312	17580	934	2476	604	1314	1054	508	0	1160	0	2030	0	158	0	0	0	226	0	0	0	0	0	0	0	0	0	0	0	0	0	0	0	0	0	0	0	0	0	0	0	0	0	0	0	
925780	Frontal_Sup_R	7166	16024	10526	0	0	5088	1504	40982	0	184	766	11462	0	17180	0	3604	1420	6422	15560	69998	0	1346	10216	43524	88	5808	0	3478	1656	19248	6814	42670	2008	19010	1664	3384	1642	3112	422	512	0	0	0	944	0	130	296	552	0	0	0	216	0	104	78	408	484	686	0	0	88	0	0	622	0	0	98	1596	5136	0	4536	29748	1436	17478	256	3902	616	14500	0	138	0	1074	0	0	0	726	0	0	0	2252	0	0	0	0	0	0	0	0	0	0	0	0	0	0	0	0	0	0	0	94	208	0	0	0	0	0	
138916	Frontal_Sup_Orb_L	0	0	7702	0	0	0	788	0	8244	0	0	0	436	0	11780	0	0	0	0	0	3400	0	6288	132	7418	120	7096	0	6592	0	6018	150	0	0	0	0	138	0	0	0	126	0	0	0	0	0	0	0	0	0	0	0	0	0	0	0	0	0	0	0	0	0	0	0	0	0	0	0	0	0	1530	0	634	0	0	0	0	0	0	0	0	0	866	0	0	0	0	0	0	0	0	0	0	0	0	0	0	0	0	0	0	0	0	0	0	0	0	0	0	0	0	0	0	0	0	0	
90764	Frontal_Sup_Orb_R	0	0	0	5088	0	0	0	358	0	4096	0	0	0	0	0	3044	0	0	0	74	0	1744	274	5300	174	7538	0	8384	0	890	682	2972	0	0	0	0	0	0	0	0	0	170	0	0	0	0	0	0	0	0	0	0	0	0	0	0	0	0	0	0	0	0	0	0	0	0	0	0	0	0	0	1806	0	2700	0	0	0	0	0	0	0	0	0	88	0	0	0	0	0	0	0	0	0	0	0	0	0	0	0	0	0	0	0	0	0	0	0	0	0	0	0	0	0	0	0	0	
423572	Frontal_Mid_L	17578	0	64952	1504	788	0	0	102	2502	0	15716	0	32734	74	4696	0	5236	0	11234	192	0	0	14420	1706	0	0	0	0	15902	0	10178	2170	1124	1016	0	0	144	0	0	0	0	0	0	0	0	0	0	0	0	0	0	0	0	0	0	0	616	0	0	0	0	0	0	0	0	0	0	0	0	0	3366	0	714	0	0	0	150	2072	98	0	108	0	694	0	0	0	0	0	0	0	0	0	0	0	0	0	0	0	0	0	0	0	0	0	0	0	0	0	0	0	0	0	0	0	0	0	
282556	Frontal_Mid_R	1070	5096	914	40982	0	358	102	0	0	896	586	8442	0	19928	0	2110	1638	1242	2900	7976	0	0	1180	6674	0	308	0	0	1910	5682	1848	9162	290	4720	178	166	210	962	0	132	0	0	0	0	0	0	0	0	0	0	0	0	0	0	0	94	448	230	0	0	0	0	0	0	0	0	0	0	282	0	4118	1968	1178	2376	124	400	166	2128	0	0	0	104	0	0	0	0	0	0	0	0	0	0	0	0	0	0	0	0	0	0	0	0	0	0	0	0	0	0	0	0	0	0	0	0	0	0	
71036	Frontal_Mid_Orb_L	0	0	2106	0	8244	0	2502	0	0	0	86	0	3000	0	14004	0	0	0	0	0	342	0	194	0	388	0	1122	0	2256	0	234	0	0	0	0	0	0	0	0	0	0	0	0	0	0	0	0	0	0	0	0	0	0	0	0	0	0	0	0	0	0	0	0	0	0	0	0	0	0	0	166	0	0	0	0	0	0	0	0	0	0	0	874	0	0	0	0	0	0	0	0	0	0	0	0	0	0	0	0	0	0	0	0	0	0	0	0	0	0	0	0	0	0	0	0	0	
27328	Frontal_Mid_Orb_R	0	0	0	184	0	4096	0	896	0	0	0	0	0	128	0	6660	0	0	0	0	0	0	0	100	0	118	0	460	0	698	0	82	0	0	0	0	0	0	0	0	0	0	0	0	0	0	0	0	0	0	0	0	0	0	0	0	0	0	0	0	0	0	0	0	0	0	0	0	0	0	0	0	0	242	0	0	0	0	0	0	0	0	0	0	0	0	0	0	0	0	0	0	0	0	0	0	0	0	0	0	0	0	0	0	0	0	0	0	0	0	0	0	0	0	0	0	
367388	Frontal_Inf_Oper_L	14182	0	30814	766	0	0	15716	586	86	0	0	0	17306	0	1022	0	21334	0	15514	524	0	0	3984	82	0	0	0	0	34362	0	6556	258	122	0	78	70	1030	134	338	0	0	0	0	0	0	0	0	0	0	0	0	0	0	0	0	0	2502	0	0	0	484	0	98	0	196	0	0	0	144	0	5726	118	2840	236	526	152	668	298	686	0	1524	0	2500	0	132	0	0	0	0	0	0	0	0	0	0	0	0	0	0	0	0	0	0	0	0	0	0	0	0	0	0	0	0	0	0	0	
177344	Frontal_Inf_Oper_R	98	3564	166	11462	0	0	0	8442	0	0	0	0	0	17574	0	794	0	5236	666	6522	0	0	120	1762	0	390	0	0	0	10984	574	3166	0	1572	0	0	0	570	0	162	0	0	0	0	0	0	0	0	0	0	0	0	0	0	0	134	0	2608	0	0	0	0	0	0	0	0	0	0	0	0	2622	4692	190	2938	0	860	0	418	0	0	0	230	0	156	0	0	0	0	0	0	0	0	0	0	0	0	0	0	0	0	0	0	0	0	0	0	0	0	0	0	0	0	0	0	0	0	
267864	Frontal_Inf_Tri_L	4006	0	26866	0	436	0	32734	0	3000	0	17306	0	0	0	8824	0	2246	0	5524	0	0	0	2866	86	0	0	0	0	22676	0	3136	104	224	0	0	0	0	0	0	0	0	0	0	0	0	0	0	0	0	0	0	0	0	0	0	0	398	0	0	0	0	0	0	0	0	0	0	0	0	0	760	0	412	0	0	0	0	0	0	0	356	0	1972	0	0	0	0	0	0	0	0	0	0	0	0	0	0	0	0	0	0	0	0	0	0	0	0	0	0	0	0	0	0	0	0	0	
214792	Frontal_Inf_Tri_R	108	102	172	17180	0	0	74	19928	0	128	0	17574	0	0	0	2336	0	548	1144	6656	0	0	540	4384	0	1010	0	0	0	13522	1534	6068	124	3198	0	0	0	0	0	0	0	0	0	0	0	0	0	0	0	0	0	0	0	0	0	0	0	0	0	0	0	0	0	0	0	0	0	0	0	0	3078	6226	200	1170	0	270	0	122	0	0	0	0	0	0	0	0	0	0	0	0	0	0	0	0	0	0	0	0	0	0	0	0	0	0	0	0	0	0	0	0	0	0	0	0	0	0	
169084	Frontal_Inf_Orb_L	0	0	10374	0	11780	0	4696	0	14004	0	1022	0	8824	0	0	0	134	0	158	0	2734	0	2346	0	1410	0	1612	0	14946	0	2120	0	0	0	0	0	748	0	230	0	698	0	0	0	0	0	0	0	0	0	0	0	0	0	374	0	0	0	0	0	0	0	0	0	0	0	0	0	0	0	440	0	544	0	0	0	0	0	0	0	174	0	4982	0	0	0	0	0	192	0	0	0	0	0	0	0	0	0	0	0	0	0	0	0	0	0	0	0	0	0	0	0	0	0	0	0	
86672	Frontal_Inf_Orb_R	0	0	0	3604	0	3044	0	2110	0	6660	0	794	0	2336	0	0	0	410	0	390	0	1302	0	828	0	246	0	1472	0	11320	90	408	0	0	0	0	0	162	0	328	0	360	0	0	0	0	0	0	0	0	0	0	0	0	0	94	0	0	0	0	0	0	0	0	0	0	0	0	0	0	0	876	0	4130	0	0	0	0	0	74	0	680	0	1378	0	240	0	0	0	0	0	0	0	0	0	0	0	0	0	0	0	0	0	0	0	0	0	0	0	0	0	0	0	0	0	0	
290080	Rolandic_Oper_L	9472	136	18030	1420	0	0	5236	1638	0	0	21334	0	2246	0	134	0	0	0	9158	528	0	0	884	0	0	0	0	0	33326	0	592	0	0	0	144	0	1662	192	342	0	0	0	130	0	0	0	0	0	0	0	250	0	174	0	0	0	8642	0	0	0	364	0	1520	0	110	0	0	0	820	0	6126	742	2376	276	434	268	890	366	4144	0	7286	0	742	0	1540	0	0	0	1366	0	0	0	0	0	0	0	0	0	0	0	0	0	0	0	0	0	0	0	0	0	0	0	0	0	0	0	
144196	Rolandic_Oper_R	214	3596	80	6422	0	0	0	1242	0	0	0	5236	0	548	0	410	0	0	0	5082	0	0	0	326	0	80	0	0	0	14888	100	626	0	0	0	234	0	1706	0	730	0	0	0	0	0	0	0	0	0	0	0	0	0	0	0	710	0	6388	0	0	0	902	0	3610	0	0	0	234	0	0	0	1508	0	3620	0	618	0	816	0	4228	0	5648	0	844	0	1014	0	0	0	438	0	0	0	0	0	0	0	0	0	0	0	0	0	0	0	0	0	0	0	0	0	0	0	0	0	0	
593376	Supp_Motor_Area_L	11336	1504	65190	15560	0	0	11234	2900	0	0	15514	666	5524	1144	158	0	9158	0	0	38578	0	0	8556	5534	0	0	0	0	15314	288	7918	7058	9852	15658	456	210	1618	296	536	0	0	0	0	96	0	0	0	72	0	0	0	0	0	0	0	0	1222	156	0	0	0	0	0	0	0	0	172	172	9914	80	9828	528	10736	738	3556	520	5208	620	168	0	546	0	322	0	0	0	0	0	92	182	0	0	0	0	0	0	0	0	0	0	0	0	0	0	0	0	0	0	0	0	0	0	0	0	0	0	
654588	Supp_Motor_Area_R	8848	8462	11628	69998	0	74	192	7976	0	0	524	6522	0	6656	0	390	528	5082	38578	0	0	0	1266	8726	0	158	0	76	504	7836	1448	13972	6818	34074	1198	7806	976	2428	230	492	0	0	0	914	0	178	166	686	0	0	0	168	0	142	0	608	144	892	0	0	0	0	0	0	0	0	204	2630	8634	5652	2316	21130	996	9054	246	3718	548	11890	0	140	0	666	0	0	0	344	0	0	0	1576	0	0	0	0	0	0	0	0	0	0	0	0	0	0	0	0	0	0	0	0	186	0	0	0	0	0	
96536	Olfactory_L	0	0	168	0	3400	0	0	0	342	0	0	0	0	0	2734	0	0	0	0	0	0	4256	480	0	1298	212	3788	640	3138	0	4476	2006	0	0	0	0	1214	0	448	0	1252	0	0	0	0	0	0	0	0	0	0	0	0	0	652	0	0	0	0	0	0	0	0	0	0	0	0	0	0	0	7720	3578	4020	1756	0	0	0	0	0	0	0	0	436	0	0	0	0	0	254	0	0	0	0	0	0	0	0	0	0	0	0	0	0	0	0	0	0	0	0	0	0	0	0	0	0	0	
99480	Olfactory_R	0	0	0	1346	0	1744	0	0	0	0	0	0	0	0	0	1302	0	0	0	0	4256	0	76	1454	0	1830	236	5116	84	2256	1344	3360	0	0	0	0	0	0	0	0	0	626	0	0	0	0	0	0	0	0	0	0	0	0	0	0	0	0	0	0	0	0	0	0	0	0	0	0	0	0	6958	8640	4712	3836	192	246	0	0	0	0	0	0	0	126	0	0	0	0	0	0	0	0	0	0	0	0	0	0	0	0	0	0	0	0	0	0	0	0	0	0	0	0	0	0	0	0	
397832	Frontal_Sup_Medial_L	588	0	36958	10216	6288	274	14420	1180	194	0	3984	120	2866	540	2346	0	884	0	8556	1266	480	76	0	19840	4816	692	984	122	6982	172	26648	18058	6206	12274	0	0	0	120	0	0	0	0	0	0	0	0	0	0	0	0	0	0	0	0	0	0	0	0	0	0	0	0	0	0	0	0	0	0	0	0	3844	898	3784	1130	0	106	0	324	0	0	0	0	680	0	0	0	0	0	0	0	0	0	0	0	0	0	0	0	0	0	0	0	0	0	0	0	0	0	0	0	0	0	0	0	0	0	
411380	Frontal_Sup_Medial_R	0	0	2668	43524	132	5300	1706	6674	0	100	82	1762	86	4384	0	828	0	326	5534	8726	0	1454	19840	0	714	9502	80	4346	88	5416	8304	36304	1274	19184	0	0	0	76	0	0	0	0	0	0	0	0	0	0	0	0	0	0	0	0	0	0	0	0	0	0	0	0	0	0	0	0	0	0	0	0	102	8088	0	8554	0	532	0	0	0	0	0	0	0	0	0	0	0	0	0	0	0	0	0	0	0	0	0	0	0	0	0	0	0	0	0	0	0	0	0	0	0	0	0	0	0	0	
70228	Frontal_Med_Orb_L	0	0	2750	88	7418	174	0	0	388	0	0	0	0	0	1410	0	0	0	0	0	1298	0	4816	714	0	1214	4698	330	1106	0	6896	590	0	0	0	0	0	0	0	0	0	0	0	0	0	0	0	0	0	0	0	0	0	0	0	0	0	0	0	0	0	0	0	0	0	0	0	0	0	0	890	0	334	0	0	0	0	0	0	0	0	0	0	0	0	0	0	0	0	0	0	0	0	0	0	0	0	0	0	0	0	0	0	0	0	0	0	0	0	0	0	0	0	0	0	0	
123696	Frontal_Med_Orb_R	0	0	0	5808	120	7538	0	308	0	118	0	390	0	1010	0	246	0	80	0	158	212	1830	692	9502	1214	0	208	10176	0	1674	4566	8920	0	0	0	0	0	0	0	0	0	0	0	0	0	0	0	0	0	0	0	0	0	0	0	0	0	0	0	0	0	0	0	0	0	0	0	0	0	0	132	3604	0	3272	0	70	0	0	0	0	0	0	0	0	0	0	0	0	0	0	0	0	0	0	0	0	0	0	0	0	0	0	0	0	0	0	0	0	0	0	0	0	0	0	0	0	
61200	Rectus_L	0	0	164	0	7096	0	0	0	1122	0	0	0	0	0	1612	0	0	0	0	0	3788	236	984	80	4698	208	0	290	1306	0	5742	358	0	0	0	0	0	0	0	0	0	0	0	0	0	0	0	0	0	0	0	0	0	0	0	0	0	0	0	0	0	0	0	0	0	0	0	0	0	0	2262	0	654	0	0	0	0	0	0	0	0	0	0	0	0	0	0	0	0	0	0	0	0	0	0	0	0	0	0	0	0	0	0	0	0	0	0	0	0	0	0	0	0	0	0	0	
108928	Rectus_R	0	0	0	3478	0	8384	0	0	0	460	0	0	0	0	0	1472	0	0	0	76	640	5116	122	4346	330	10176	290	0	0	1560	1402	6866	0	0	0	0	0	0	0	0	0	300	0	0	0	0	0	0	0	0	0	0	0	0	0	0	0	0	0	0	0	0	0	0	0	0	0	0	0	0	678	4528	384	3856	0	0	0	0	0	0	0	0	0	0	0	0	0	0	0	0	0	0	0	0	0	0	0	0	0	0	0	0	0	0	0	0	0	0	0	0	0	0	0	0	0	0	
644060	Insula_L	8308	278	46984	1656	6592	0	15902	1910	2256	0	34362	0	22676	0	14946	0	33326	0	15314	504	3138	84	6982	88	1106	0	1306	0	0	110	10786	310	230	0	318	228	9820	392	3488	0	1586	0	86	0	0	0	0	0	0	0	182	0	118	0	1806	0	4142	0	0	0	558	0	232	0	102	0	0	0	956	0	10114	986	19304	326	424	170	2540	1092	5792	0	10840	0	4866	0	5704	0	94	0	6610	0	0	0	0	0	0	0	0	0	0	0	0	0	0	0	0	0	0	0	0	0	0	0	0	0	0	0	
400484	Insula_R	144	3514	96	19248	0	890	0	5682	0	698	0	10984	0	13522	0	11320	0	14888	288	7836	0	2256	172	5416	0	1674	0	1560	110	0	1248	6052	0	432	0	630	0	10140	0	3908	0	168	0	208	0	0	84	156	0	0	0	0	0	156	0	6274	0	3424	0	0	0	420	0	490	0	0	0	636	0	0	496	8732	92	22426	0	1188	0	2014	0	4130	0	10834	0	4046	0	6780	0	0	0	4470	0	0	0	0	0	0	0	112	0	102	0	0	0	0	0	0	0	0	0	96	0	0	0	0	0	0	
415240	Cingulum_Ant_L	4032	0	18888	6814	6018	682	10178	1848	234	0	6556	574	3136	1534	2120	90	592	100	7918	1448	4476	1344	26648	8304	6896	4566	5742	1402	10786	1248	0	19018	6846	3602	344	0	200	274	0	0	0	0	0	0	0	0	0	0	0	0	0	0	0	0	0	0	0	0	0	0	134	0	0	0	0	0	0	0	124	0	15310	3368	10410	2274	126	132	128	564	0	0	138	0	454	0	0	0	0	0	0	0	0	0	0	0	0	0	0	0	0	0	0	0	0	0	0	0	0	0	0	0	0	0	0	0	0	0	
541512	Cingulum_Ant_R	176	0	5668	42670	150	2972	2170	9162	0	82	258	3166	104	6068	0	408	0	626	7058	13972	2006	3360	18058	36304	590	8920	358	6866	310	6052	19018	0	3842	22412	98	96	84	1106	0	130	0	0	0	0	0	0	0	0	0	0	0	0	0	0	0	0	0	0	0	0	0	0	0	0	0	0	0	0	0	0	3048	22212	2258	16274	0	968	0	1676	0	0	0	0	0	0	0	0	0	0	0	0	0	0	0	0	0	0	0	0	0	0	0	0	0	0	0	0	0	0	0	0	0	0	0	0	0	0	
149632	Cingulum_Mid_L	1020	654	3472	2008	0	0	1124	290	0	0	122	0	224	124	0	0	0	0	9852	6818	0	0	6206	1274	0	0	0	0	230	0	6846	3842	0	12636	3326	1404	0	0	0	0	0	0	188	0	366	126	0	0	168	0	1238	0	90	0	0	0	0	222	132	0	0	0	0	0	0	0	4876	750	3564	1338	0	0	0	0	0	0	0	0	0	0	0	0	0	0	286	0	0	0	0	0	0	0	0	0	0	0	0	0	0	0	0	0	0	0	0	0	0	0	0	0	0	0	0	0	0	0	
383344	Cingulum_Mid_R	1660	2560	2474	19010	0	0	1016	4720	0	0	0	1572	0	3198	0	0	0	0	15658	34074	0	0	12274	19184	0	0	0	0	0	432	3602	22412	12636	0	622	8264	0	258	0	0	0	0	0	624	0	888	0	1482	0	270	0	284	0	88	0	218	0	734	0	0	0	0	0	0	0	0	878	7708	2816	8476	0	320	134	0	0	0	118	76	0	0	0	0	0	0	0	0	0	0	0	318	0	0	0	0	0	0	0	0	0	0	0	0	0	0	0	0	0	0	0	0	614	0	0	0	0	0	
202804	Cingulum_Post_L	5354	3626	96	1664	0	0	0	178	0	0	78	0	0	0	0	0	144	0	456	1198	0	0	0	0	0	0	0	0	318	0	344	98	3326	622	0	12262	11602	6830	1746	390	0	0	7324	116	2502	164	2944	552	362	0	3128	0	1418	0	704	0	980	0	530	0	172	0	0	0	0	0	12634	1612	3354	92	146	602	0	0	0	0	1008	8914	276	0	70	0	0	0	256	0	0	0	596	0	86	0	0	0	0	0	0	364	0	0	0	0	0	0	0	0	0	0	0	0	164	0	0	0	0	0	
281024	Cingulum_Post_R	2276	6892	84	3384	0	0	0	166	0	0	70	0	0	0	0	0	0	234	210	7806	0	0	0	0	0	0	0	0	228	630	0	96	1404	8264	12262	0	7234	13790	1282	1554	0	0	288	3816	0	1760	1128	9536	0	340	0	640	0	532	158	1882	0	1670	0	0	0	0	0	70	0	0	3202	22234	1048	5256	192	274	0	0	0	0	314	7558	226	274	0	96	0	0	0	390	0	0	0	6366	0	0	0	0	0	0	0	454	0	0	0	0	0	0	0	0	0	0	0	0	2942	0	0	0	0	0	
303108	Hippocampus_L	3998	2448	1878	1642	138	0	144	210	0	0	1030	0	0	0	748	0	1662	0	1618	976	1214	0	0	0	0	0	0	0	9820	0	200	84	0	0	11602	7234	0	5382	18468	388	9894	0	3140	0	664	0	4882	442	76	0	580	0	168	0	13680	0	590	0	84	0	0	0	0	0	0	0	5294	484	282	0	792	310	6138	0	646	0	4046	8014	2700	0	2208	0	1400	0	2020	0	178	0	10674	0	164	0	0	0	0	0	446	358	316	0	0	0	0	0	0	0	0	0	0	0	0	0	0	0	0	0	
404632	Hippocampus_R	1250	5548	344	3112	0	0	0	962	0	0	134	570	0	0	0	162	192	1706	296	2428	0	0	120	76	0	0	0	0	392	10140	274	1106	0	258	6830	13790	5382	0	892	28140	0	11228	232	2756	0	0	936	8118	0	0	0	70	0	938	114	29200	0	1688	0	0	0	274	0	296	0	0	1656	8802	314	84	880	420	238	8882	0	394	0	10622	202	1622	0	2522	0	3340	0	2962	0	2108	0	11730	0	128	0	0	0	322	0	3426	0	382	0	0	0	0	0	0	0	0	0	230	1096	0	0	0	0	0	
120492	ParaHippocampal_L	238	644	724	422	0	0	0	0	0	0	338	0	0	0	230	0	342	0	536	230	448	0	0	0	0	0	0	0	3488	0	0	0	0	0	1746	1282	18468	892	0	0	3610	0	104	0	0	0	4358	0	0	0	0	0	0	0	9964	0	0	0	0	0	0	0	0	0	0	0	308	0	0	0	84	84	3176	0	0	0	530	1692	0	0	340	0	752	0	388	0	374	0	3276	0	162	0	0	0	0	0	724	0	292	0	0	0	0	0	0	0	0	0	0	0	0	0	0	0	0	0	
231628	ParaHippocampal_R	0	1242	0	512	0	0	0	132	0	0	0	162	0	0	0	328	0	730	0	492	0	0	0	0	0	0	0	0	0	3908	0	130	0	0	390	1554	388	28140	0	0	0	10490	0	764	0	0	0	6530	0	0	0	0	0	308	0	26974	0	740	0	0	0	184	0	206	0	0	112	2152	0	0	0	0	0	2594	0	222	0	2104	0	1192	0	1192	0	5196	0	490	0	3746	0	2388	0	304	102	336	0	806	0	6400	0	796	102	98	92	388	0	0	0	0	0	90	126	0	146	190	146	0	
55748	Amygdala_L	0	0	0	0	126	0	0	0	0	0	0	0	0	0	698	0	0	0	0	0	1252	0	0	0	0	0	0	0	1586	0	0	0	0	0	0	0	9894	0	3610	0	0	0	0	0	0	0	0	0	0	0	0	0	0	0	5194	0	0	0	0	0	0	0	0	0	0	0	0	0	0	0	0	0	454	0	0	0	88	0	0	0	0	0	1240	0	280	0	290	0	3162	0	0	0	0	0	0	0	0	0	0	0	0	0	0	0	0	0	0	0	0	0	0	0	0	0	0	0	
71164	Amygdala_R	0	0	0	0	0	170	0	0	0	0	0	0	0	0	0	360	0	0	0	0	0	626	0	0	0	0	0	300	0	168	0	0	0	0	0	0	0	11228	0	10490	0	0	0	0	0	0	0	0	0	0	0	0	0	0	0	5128	0	0	0	0	0	0	0	0	0	0	0	0	0	0	0	230	0	624	0	0	0	0	0	0	0	0	0	4556	0	0	0	1064	0	130	0	0	0	0	0	140	0	368	0	0	0	0	0	0	0	0	0	0	0	0	0	0	0	0	0	0	
284608	Calcarine_L	1998	0	0	0	0	0	0	0	0	0	0	0	0	0	0	0	130	0	0	0	0	0	0	0	0	0	0	0	86	0	0	0	188	0	7324	288	3140	232	104	0	0	0	0	5578	12062	2914	12764	2134	7628	1202	30350	734	15102	120	3220	0	2880	0	2326	0	2338	0	516	0	504	0	17118	1036	1638	0	0	0	0	0	0	0	86	0	134	0	120	0	0	0	3822	0	0	0	870	0	536	0	0	0	0	0	86	0	600	0	0	0	0	0	0	0	0	0	0	0	148	248	0	0	0	0	
384932	Calcarine_R	422	2058	0	944	0	0	0	0	0	0	0	0	0	0	0	0	0	0	96	914	0	0	0	0	0	0	0	0	0	208	0	0	0	624	116	3816	0	2756	0	764	0	0	5578	0	10638	31724	1050	16306	566	21384	192	19380	0	11724	0	7564	0	1260	0	0	0	568	0	322	0	578	3444	26226	456	1302	0	152	0	0	0	0	0	0	0	0	0	118	0	0	0	6336	0	0	0	10738	0	190	0	0	0	0	0	422	0	414	0	0	0	0	0	0	0	0	0	0	1116	0	0	0	0	0	
187656	Cuneus_L	222	0	0	0	0	0	0	0	0	0	0	0	0	0	0	0	0	0	0	0	0	0	0	0	0	0	0	0	0	0	0	0	366	0	2502	0	664	0	0	0	0	0	12062	10638	0	12708	1322	702	17394	5686	10110	912	364	434	72	110	1132	0	1330	0	102	0	0	0	122	0	11344	3168	104	0	0	0	0	0	0	0	0	0	0	0	0	0	0	0	180	78	0	0	0	0	0	0	0	0	0	0	0	0	0	0	0	0	0	0	0	0	0	0	0	0	0	0	0	0	0	0	
364544	Cuneus_R	0	550	0	130	0	0	0	0	0	0	0	0	0	0	0	0	0	0	0	178	0	0	0	0	0	0	0	0	0	0	0	0	126	888	164	1760	0	0	0	0	0	0	2914	31724	12708	0	130	2766	472	44422	78	23182	0	2262	0	228	0	3200	0	5724	0	368	0	216	0	540	7376	34066	0	2240	0	434	0	0	0	0	0	0	0	0	0	94	0	0	0	1722	0	0	0	1318	0	0	0	0	0	0	0	0	0	0	0	0	0	0	0	0	0	0	0	0	292	0	0	0	0	0	
201848	Lingual_L	134	464	0	296	0	0	0	0	0	0	0	0	0	0	0	0	0	0	0	166	0	0	0	0	0	0	0	0	0	84	0	0	0	0	2944	1128	4882	936	4358	0	0	0	12764	1050	1322	130	0	2030	2052	0	12522	0	6928	70	13652	88	0	0	0	0	0	0	0	0	0	0	3632	134	0	0	0	76	0	166	0	0	294	1226	0	0	0	0	0	0	244	0	0	0	122	0	2482	224	96	0	718	72	7376	310	8378	338	0	0	0	0	254	0	0	0	0	226	3686	2470	168	0	118	114	
315856	Lingual_R	308	864	0	552	0	0	0	0	0	0	0	0	0	0	0	0	0	0	72	686	0	0	0	0	0	0	0	0	0	156	0	0	0	1482	552	9536	442	8118	0	6530	0	0	2134	16306	702	2766	2030	0	0	3178	152	6928	0	7514	562	18454	0	226	0	0	0	138	0	114	0	108	452	13066	190	1308	0	108	0	216	0	0	260	1620	0	0	0	0	0	0	0	1092	0	0	0	4582	3380	4080	758	266	94	110	568	7636	4212	7920	0	0	0	74	0	0	0	0	0	174	6268	7476	1408	0	0	0	
129892	Occipital_Sup_L	0	0	0	0	0	0	0	0	0	0	0	0	0	0	0	0	0	0	0	0	0	0	0	0	0	0	0	0	0	0	0	0	168	0	362	0	76	0	0	0	0	0	7628	566	17394	472	2052	0	0	266	20686	70	554	0	104	0	0	0	4744	0	1492	0	120	0	370	0	7454	224	0	0	0	0	0	0	0	0	0	0	0	0	0	0	0	0	144	0	0	0	0	0	0	0	0	0	0	0	0	0	0	0	0	0	0	0	0	0	0	0	0	0	0	0	0	0	0	0	
311880	Occipital_Sup_R	0	218	0	0	0	0	0	0	0	0	0	0	0	0	0	0	0	0	0	0	0	0	0	0	0	0	0	0	0	0	0	0	0	270	0	340	0	0	0	0	0	0	1202	21384	5686	44422	0	3178	266	0	0	32908	0	1410	0	376	0	1790	0	7572	0	1846	0	502	0	4446	3412	21132	0	806	0	234	0	0	0	0	0	0	0	0	0	0	0	0	0	1716	0	0	0	598	0	132	0	0	0	0	0	0	0	94	0	0	0	0	0	0	0	0	0	0	0	0	0	0	0	0	
489008	Occipital_Mid_L	6514	0	0	0	0	0	0	0	0	0	0	0	0	0	0	0	250	0	0	0	0	0	0	0	0	0	0	0	182	0	0	0	1238	0	3128	0	580	0	0	0	0	0	30350	192	10110	78	12522	152	20686	0	0	0	28730	0	6226	0	9896	0	17596	0	18332	0	8774	0	18718	0	17220	200	5752	0	0	0	0	0	0	0	0	0	400	0	638	0	0	0	18384	0	0	0	4442	0	1014	0	0	0	0	0	286	0	1230	0	0	0	0	0	0	0	0	0	0	0	192	492	0	0	0	0	
341796	Occipital_Mid_R	0	756	0	216	0	0	0	0	0	0	0	0	0	0	0	0	0	0	0	168	0	0	0	0	0	0	0	0	0	0	0	0	0	284	0	640	0	70	0	0	0	0	734	19380	912	23182	0	6928	70	32908	0	0	0	7006	0	792	0	2338	0	5284	0	7578	0	2112	0	17310	1180	16356	0	926	0	350	0	0	0	0	0	0	0	0	0	722	0	0	0	17554	0	0	0	4878	0	96	0	0	0	0	0	0	0	92	0	0	0	0	0	0	0	0	0	0	76	0	0	0	0	0	
174844	Occipital_Inf_L	1622	0	0	0	0	0	0	0	0	0	0	0	0	0	0	0	174	0	0	0	0	0	0	0	0	0	0	0	118	0	0	0	90	0	1418	0	168	0	0	0	0	0	15102	0	364	0	6928	0	554	0	28730	0	0	0	7556	0	1038	0	2032	0	2676	0	584	0	376	0	3784	0	1522	0	0	0	0	0	0	0	0	0	266	0	150	0	0	0	4644	0	0	0	3938	0	1260	0	0	0	0	0	610	0	1190	0	0	0	0	0	0	0	0	0	0	0	336	192	0	0	0	0	
115728	Occipital_Inf_R	0	790	0	104	0	0	0	0	0	0	0	0	0	0	0	0	0	0	0	142	0	0	0	0	0	0	0	0	0	156	0	0	0	88	0	532	0	938	0	308	0	0	120	11724	434	2262	70	7514	0	1410	0	7006	0	0	0	8244	0	226	0	0	0	0	0	0	0	0	130	3758	0	104	0	0	0	0	0	0	0	0	0	0	0	94	0	0	0	3480	0	0	0	6360	0	374	0	0	0	0	0	234	0	1050	0	0	0	0	0	0	0	0	0	0	122	90	0	0	0	0	
284984	Fusiform_L	122	76	82	78	0	0	0	0	0	0	0	0	0	0	374	0	0	0	0	0	652	0	0	0	0	0	0	0	1806	0	0	0	0	0	704	158	13680	114	9964	0	5194	0	3220	0	72	0	13652	562	104	0	6226	0	7556	0	0	0	86	0	0	0	70	0	0	0	0	0	1056	0	0	0	0	0	558	0	0	0	178	252	90	0	848	0	2412	0	1074	0	1094	0	15244	0	15488	130	364	0	92	0	12278	288	21098	212	0	0	80	0	138	0	0	0	70	122	2736	1504	162	110	118	144	
388764	Fusiform_R	78	2274	0	408	0	0	0	94	0	0	0	134	0	0	0	94	0	710	0	608	0	0	0	0	0	0	0	0	0	6274	0	0	0	218	0	1882	0	29200	0	26974	0	5128	0	7564	110	228	88	18454	0	376	0	792	0	8244	0	0	0	914	0	0	0	240	0	264	0	0	0	3370	0	0	0	0	0	2588	0	0	0	618	0	1364	0	1856	0	5676	0	2902	0	3620	0	16058	738	8666	222	450	0	1378	92	11230	802	14022	0	0	0	286	0	70	0	0	0	342	2978	2874	570	130	130	0	
283084	Postcentral_L	23724	584	3736	484	0	0	616	448	0	0	2502	0	398	0	0	0	8642	0	1222	144	0	0	0	0	0	0	0	0	4142	0	0	0	0	0	980	0	590	0	0	0	0	0	2880	0	1132	0	0	0	0	0	9896	0	1038	0	86	0	0	0	6448	0	21602	0	13566	0	8856	0	2972	0	4586	0	2014	132	500	150	0	150	260	366	842	0	5336	0	0	0	5652	0	0	0	4866	0	0	0	0	0	0	0	0	0	0	0	0	0	0	0	0	0	0	0	0	0	0	0	0	0	0	0	
235936	Postcentral_R	142	19304	0	686	0	0	0	230	0	0	0	2608	0	0	0	0	0	6388	156	892	0	0	0	0	0	0	0	0	0	3424	0	0	222	734	0	1670	0	1688	0	740	0	0	0	1260	0	3200	0	226	0	1790	0	2338	0	226	0	914	0	0	0	4694	0	17384	0	23734	0	934	100	7336	0	4394	0	148	0	1978	0	0	0	456	0	1216	0	2710	0	0	0	2044	0	0	0	2002	0	0	0	0	0	0	0	0	0	0	0	0	0	0	0	0	0	0	0	0	0	0	0	0	0	0	
145196	Parietal_Sup_L	3264	0	0	0	0	0	0	0	0	0	0	0	0	0	0	0	0	0	0	0	0	0	0	0	0	0	0	0	0	0	0	0	132	0	530	0	84	0	0	0	0	0	2326	0	1330	0	0	0	4744	0	17596	0	2032	0	0	0	6448	0	0	0	12492	0	1820	0	2220	0	11450	154	3344	0	0	0	0	0	0	0	0	0	136	0	94	0	0	0	1714	0	0	0	688	0	0	0	0	0	0	0	0	0	0	0	0	0	0	0	0	0	0	0	0	0	0	0	0	0	0	0	
86888	Parietal_Sup_R	0	0	0	0	0	0	0	0	0	0	0	0	0	0	0	0	0	0	0	0	0	0	0	0	0	0	0	0	0	0	0	0	0	0	0	0	0	0	0	0	0	0	0	0	0	5724	0	0	0	7572	0	5284	0	0	0	0	0	4694	0	0	0	4286	0	454	0	3792	818	10218	0	476	0	0	0	0	0	0	0	0	0	0	0	0	0	0	0	126	0	0	0	0	0	0	0	0	0	0	0	0	0	0	0	0	0	0	0	0	0	0	0	0	0	0	0	0	0	0	
271912	Parietal_Inf_L	3860	0	0	88	0	0	0	0	0	0	484	0	0	0	0	0	364	0	0	0	0	0	0	0	0	0	0	0	558	0	134	0	0	0	172	0	0	0	0	0	0	0	2338	0	102	0	0	0	1492	0	18332	0	2676	0	70	0	21602	0	12492	0	0	0	28046	0	19374	0	1780	0	2412	0	516	0	0	0	0	0	0	408	266	0	648	0	0	0	11912	0	0	0	5830	0	0	0	0	0	0	0	0	0	0	0	0	0	0	0	0	0	0	0	0	0	0	0	0	0	0	0	
161664	Parietal_Inf_R	100	3698	0	0	0	0	0	0	0	0	0	0	0	0	0	0	0	902	0	0	0	0	0	0	0	0	0	0	0	420	0	0	0	0	0	0	0	274	0	184	0	0	0	568	0	368	0	138	0	1846	0	7578	0	0	0	240	0	17384	0	4286	0	0	0	20444	0	15856	0	236	0	0	0	0	0	0	0	0	0	0	0	322	0	1184	0	0	0	4422	0	0	0	382	0	0	0	0	0	0	0	0	0	0	0	0	0	0	0	0	0	0	0	0	0	0	0	0	0	0	
190932	SupraMarginal_L	1112	0	0	0	0	0	0	0	0	0	98	0	0	0	0	0	1520	0	0	0	0	0	0	0	0	0	0	0	232	0	0	0	0	0	0	0	0	0	0	0	0	0	516	0	0	0	0	0	120	0	8774	0	584	0	0	0	13566	0	1820	0	28046	0	0	0	14454	0	116	0	318	0	90	0	0	0	0	0	0	0	180	0	4654	0	0	0	14160	0	0	0	5106	0	0	0	0	0	0	0	0	0	0	0	0	0	0	0	0	0	0	0	0	0	0	0	0	0	0	0	
153384	SupraMarginal_R	112	5468	0	622	0	0	0	0	0	0	0	0	0	0	0	0	0	3610	0	0	0	0	0	0	0	0	0	0	0	490	0	0	0	0	0	70	0	296	0	206	0	0	0	322	0	216	0	114	0	502	0	2112	0	0	0	264	0	23734	0	454	0	20444	0	0	0	5362	0	130	0	0	0	72	0	0	0	0	0	0	0	896	0	6334	0	0	0	4412	0	0	0	450	0	0	0	0	0	0	0	0	0	0	0	0	0	0	0	0	0	0	0	0	0	0	0	0	0	0	
157400	Angular_L	878	0	0	0	0	0	0	0	0	0	196	0	0	0	0	0	110	0	0	0	0	0	0	0	0	0	0	0	102	0	0	0	0	0	0	0	0	0	0	0	0	0	504	0	122	0	0	0	370	0	18718	0	376	0	0	0	8856	0	2220	0	19374	0	14454	0	0	0	172	0	116	0	0	0	0	0	0	0	0	0	74	0	942	0	0	0	10050	0	0	0	1066	0	0	0	0	0	0	0	0	0	0	0	0	0	0	0	0	0	0	0	0	0	0	0	0	0	0	0	
119876	Angular_R	0	0	0	0	0	0	0	0	0	0	0	0	0	0	0	0	0	0	0	0	0	0	0	0	0	0	0	0	0	0	0	0	0	0	0	0	0	0	0	0	0	0	0	578	0	540	0	108	0	4446	0	17310	0	0	0	0	0	934	0	3792	0	15856	0	5362	0	0	0	280	0	0	0	0	0	0	0	0	0	0	0	0	0	1940	0	0	0	8582	0	0	0	210	0	0	0	0	0	0	0	0	0	0	0	0	0	0	0	0	0	0	0	0	0	0	0	0	0	0	
289684	Precuneus_L	1910	176	0	98	0	0	0	0	0	0	0	0	0	0	0	0	0	0	172	204	0	0	0	0	0	0	0	0	0	0	0	0	4876	878	12634	3202	5294	1656	308	112	0	0	17118	3444	11344	7376	3632	452	7454	3412	17220	1180	3784	130	1056	0	2972	100	11450	818	1780	0	116	0	172	0	0	12318	2708	382	0	82	0	0	0	0	172	738	0	0	0	0	0	0	1046	0	0	0	410	0	166	0	0	0	0	0	0	94	0	0	0	0	0	0	0	0	0	0	0	0	196	0	0	0	0	0	
475988	Precuneus_R	602	3852	0	1596	0	0	0	0	0	0	0	0	0	0	0	0	0	234	172	2630	0	0	0	0	0	0	0	0	0	636	0	0	750	7708	1612	22234	484	8802	0	2152	0	0	1036	26226	3168	34066	134	13066	224	21132	200	16356	0	3758	0	3370	0	7336	154	10218	0	236	0	130	0	280	12318	0	830	8716	94	664	0	0	0	0	0	816	0	336	0	366	0	0	0	3826	0	0	0	11056	0	0	0	0	0	0	0	706	0	0	0	0	0	0	0	0	0	0	0	0	3712	0	0	0	0	0	
240080	Paracentral_Lobule_L	34852	5634	1856	5136	0	0	0	282	0	0	144	0	0	0	0	0	820	0	9914	8634	0	0	0	0	0	0	0	0	956	0	124	0	3564	2816	3354	1048	282	314	0	0	0	0	1638	456	104	0	0	190	0	0	5752	0	1522	0	0	0	4586	0	3344	0	2412	0	318	0	116	0	2708	830	0	552	1354	1122	1384	0	526	0	5104	1202	180	0	490	0	0	0	1648	0	0	0	1822	876	0	0	0	0	0	0	0	0	0	0	0	0	0	0	0	0	0	0	0	0	74	0	0	0	0	0	
89248	Paracentral_Lobule_R	116	1478	0	0	0	0	0	0	0	0	0	0	0	0	0	0	0	0	80	5652	0	0	0	0	0	0	0	0	0	0	0	0	1338	8476	92	5256	0	84	0	0	0	0	0	1302	0	2240	0	1308	0	806	0	926	0	104	0	0	0	4394	0	476	0	0	0	0	0	0	382	8716	552	0	0	0	0	0	0	0	0	0	0	0	0	0	0	0	0	74	0	0	0	236	0	0	0	0	0	0	0	0	0	0	0	0	0	0	0	0	0	0	0	0	536	0	0	0	0	0	
373880	Caudate_L	8436	456	12424	4536	1530	0	3366	4118	166	0	5726	2622	760	3078	440	0	6126	0	9828	2316	7720	6958	3844	102	890	132	2262	678	10114	496	15310	3048	0	0	146	192	792	880	84	0	0	0	0	0	0	0	0	0	0	0	0	0	0	0	0	0	2014	0	0	0	516	0	90	0	0	0	0	94	1354	0	0	14652	26008	6086	3384	1256	6022	4736	282	0	410	0	362	0	0	0	0	0	0	98	0	0	0	0	0	0	0	0	0	0	0	0	0	0	0	0	0	0	0	0	0	0	0	0	0	0	
427124	Caudate_R	1806	6944	312	29748	0	1806	0	1968	0	0	118	4692	0	6226	0	876	742	1508	528	21130	3578	8640	898	8088	0	3604	0	4528	986	8732	3368	22212	0	320	602	274	310	420	84	0	0	230	0	152	0	434	76	108	0	234	0	350	0	0	0	0	132	148	0	0	0	0	0	72	0	0	82	664	1122	0	14652	0	8058	21278	602	3312	778	15556	0	88	0	70	0	0	0	0	0	0	0	316	0	0	0	0	0	0	0	0	0	0	0	0	0	0	0	0	0	0	0	0	0	0	0	0	0	0	
316124	Putamen_L	4510	420	17580	1436	634	0	714	1178	0	0	2840	190	412	200	544	0	2376	0	10736	996	4020	4712	3784	0	334	0	654	384	19304	92	10410	2258	0	134	0	0	6138	238	3176	0	454	0	0	0	0	0	0	0	0	0	0	0	0	0	558	0	500	0	0	0	0	0	0	0	0	0	0	0	1384	0	26008	8058	0	5048	5960	598	5138	1376	150	0	776	0	524	0	298	0	0	0	828	0	0	0	0	0	0	0	0	0	0	0	0	0	0	0	0	0	0	0	0	0	0	0	0	0	0	0	
357012	Putamen_R	278	2142	934	17478	0	2700	0	2376	0	242	236	2938	0	1170	0	4130	276	3620	738	9054	1756	3836	1130	8554	0	3272	0	3856	326	22426	2274	16274	0	0	0	0	0	8882	0	2594	0	624	0	0	0	0	166	216	0	0	0	0	0	0	0	2588	150	1978	0	0	0	0	0	0	0	0	0	0	0	0	6086	21278	5048	0	248	7144	0	3628	0	122	0	2252	0	492	0	1264	0	0	0	1052	0	0	0	0	0	0	0	190	0	0	0	0	0	0	0	0	0	0	0	488	0	0	0	0	0	0	
47812	Pallidum_L	1394	112	2476	256	0	0	0	124	0	0	526	0	0	0	0	0	434	0	3556	246	0	192	0	0	0	0	0	0	424	0	126	0	0	0	0	0	646	0	0	0	0	0	0	0	0	0	0	0	0	0	0	0	0	0	0	0	0	0	0	0	0	0	0	0	0	0	0	0	526	0	3384	602	5960	248	0	156	1910	608	0	0	0	0	0	0	0	0	0	0	0	0	0	0	0	0	0	0	0	0	0	0	0	0	0	0	0	0	0	0	0	0	0	0	0	0	0	0	
57020	Pallidum_R	232	112	604	3902	0	0	0	400	0	0	152	860	0	270	0	0	268	618	520	3718	0	246	106	532	0	70	0	0	170	1188	132	968	0	0	0	0	0	394	0	222	0	0	0	0	0	0	0	0	0	0	0	0	0	0	0	0	150	0	0	0	0	0	0	0	0	0	0	0	0	0	1256	3312	598	7144	156	0	0	128	0	0	0	0	0	0	0	0	0	0	0	0	0	0	0	0	0	0	0	0	0	0	0	0	0	0	0	0	0	0	0	82	0	0	0	0	0	0	
136700	Thalamus_L	20872	1058	1314	616	0	0	150	166	0	0	668	0	0	0	0	0	890	0	5208	548	0	0	0	0	0	0	0	0	2540	0	128	0	0	118	1008	314	4046	0	530	0	88	0	86	0	0	0	294	260	0	0	0	0	0	0	178	0	260	0	0	0	0	0	0	0	0	0	172	0	5104	0	6022	778	5138	0	1910	0	0	6796	150	0	338	0	0	0	252	0	0	0	350	0	0	0	0	0	0	0	0	0	0	0	0	0	0	0	0	0	0	0	0	0	0	0	0	0	0	0	
281392	Thalamus_R	7012	11426	1054	14500	0	0	2072	2128	0	0	298	418	0	122	0	0	366	816	620	11890	0	0	324	0	0	0	0	0	1092	2014	564	1676	0	76	8914	7558	8014	10622	1692	2104	0	0	0	0	0	0	1226	1620	0	0	0	0	0	0	252	618	366	456	0	0	408	0	0	0	0	0	738	816	1202	0	4736	15556	1376	3628	608	128	6796	0	360	102	100	536	0	0	0	326	0	0	0	592	0	0	0	0	0	0	0	536	0	0	0	0	0	0	0	0	0	0	0	242	0	0	0	0	0	0	
52296	Heschl_L	1282	0	508	0	0	0	98	0	0	0	686	0	0	0	0	0	4144	0	168	0	0	0	0	0	0	0	0	0	5792	0	0	0	0	0	276	226	2700	202	0	0	0	0	134	0	0	0	0	0	0	0	400	0	266	0	90	0	842	0	136	0	266	0	180	0	74	0	0	0	180	0	282	0	150	0	0	0	150	360	0	0	3060	0	0	0	1272	0	0	0	2224	0	0	0	0	0	0	0	0	0	0	0	0	0	0	0	0	0	0	0	0	0	0	0	0	0	0	0	
55448	Heschl_R	0	556	0	138	0	0	0	0	0	0	0	0	0	0	0	74	0	4228	0	140	0	0	0	0	0	0	0	0	0	4130	0	0	0	0	0	274	0	1622	0	1192	0	0	0	0	0	0	0	0	0	0	0	0	0	0	0	1364	0	1216	0	0	0	322	0	896	0	0	0	336	0	0	0	88	0	122	0	0	0	102	0	0	0	7706	0	324	0	1838	0	0	0	1056	0	0	0	0	0	0	0	0	0	0	0	0	0	0	0	0	0	0	0	0	0	0	0	0	0	0	
163256	Temporal_Sup_L	1348	0	1160	0	0	0	108	0	0	0	1524	0	356	0	174	0	7286	0	546	0	0	0	0	0	0	0	0	0	10840	0	138	0	0	0	70	0	2208	0	340	0	0	0	120	0	0	0	0	0	0	0	638	0	150	0	848	0	5336	0	94	0	648	0	4654	0	942	0	0	0	490	0	410	0	776	0	0	0	338	100	3060	0	0	0	3756	0	23312	0	0	0	9858	0	0	0	0	0	0	0	0	0	0	0	0	0	0	0	0	0	0	0	0	0	0	0	0	0	0	0	
164728	Temporal_Sup_R	0	1302	0	1074	0	0	0	104	0	0	0	230	0	0	0	680	0	5648	0	666	0	0	0	0	0	0	0	0	0	10834	0	0	0	0	0	96	0	2522	0	1192	0	0	0	118	0	94	0	0	0	0	0	722	0	94	0	1856	0	2710	0	0	0	1184	0	6334	0	1940	0	366	0	0	0	70	0	2252	0	0	0	536	0	7706	0	0	0	5078	0	22098	0	1014	0	3844	0	0	0	0	0	0	0	0	0	0	0	0	0	0	0	0	0	0	0	0	0	0	0	0	0	0	
92604	Temporal_Pole_Sup_L	0	0	2030	0	866	0	694	0	874	0	2500	0	1972	0	4982	0	742	0	322	0	436	0	680	0	0	0	0	0	4866	0	454	0	0	0	0	0	1400	0	752	0	1240	0	0	0	0	0	0	0	0	0	0	0	0	0	2412	0	0	0	0	0	0	0	0	0	0	0	0	0	0	0	362	0	524	0	0	0	0	0	0	0	3756	0	0	0	6850	0	1996	0	5592	0	0	0	0	0	0	0	0	0	0	0	0	0	0	0	0	0	0	0	0	0	0	0	0	0	0	0	
94900	Temporal_Pole_Sup_R	0	0	0	0	0	88	0	0	0	0	0	156	0	0	0	1378	0	844	0	0	0	126	0	0	0	0	0	0	0	4046	0	0	0	0	0	0	0	3340	0	5196	0	4556	0	0	0	0	0	0	0	0	0	0	0	0	0	5676	0	0	0	0	0	0	0	0	0	0	0	0	0	0	0	0	0	492	0	0	0	0	0	324	0	5078	0	0	0	5752	0	5512	0	4886	0	0	0	0	0	0	0	0	0	0	0	0	0	0	0	0	0	0	0	0	0	0	0	0	0	0	
303764	Temporal_Mid_L	2434	0	158	0	0	0	0	0	0	0	132	0	0	0	0	0	1540	0	0	0	0	0	0	0	0	0	0	0	5704	0	0	0	286	0	256	0	2020	0	388	0	280	0	3822	0	180	0	244	0	144	0	18384	0	4644	0	1074	0	5652	0	1714	0	11912	0	14160	0	10050	0	1046	0	1648	0	0	0	298	0	0	0	252	0	1272	0	23312	0	6850	0	0	0	2380	0	29646	0	0	0	0	0	0	0	0	0	0	0	0	0	0	0	0	0	0	0	0	0	0	0	0	0	0	0	
270404	Temporal_Mid_R	0	2462	0	726	0	0	0	0	0	0	0	0	0	0	0	240	0	1014	0	344	0	0	0	0	0	0	0	0	0	6780	0	0	0	0	0	390	0	2962	0	490	0	0	0	6336	78	1722	0	1092	0	1716	0	17554	0	3480	0	2902	0	2044	0	126	0	4422	0	4412	0	8582	0	3826	0	74	0	0	0	1264	0	0	0	326	0	1838	0	22098	0	5752	0	0	0	2950	0	27112	0	0	0	0	0	0	0	0	0	0	0	0	0	0	0	0	0	0	0	0	88	0	0	0	0	0	
17756	Temporal_Pole_Mid_L	0	0	0	0	0	0	0	0	0	0	0	0	0	0	0	0	0	0	0	0	0	0	0	0	0	0	0	0	94	0	0	0	0	0	0	0	178	0	374	0	290	0	0	0	0	0	0	0	0	0	0	0	0	0	1094	0	0	0	0	0	0	0	0	0	0	0	0	0	0	0	0	0	0	0	0	0	0	0	0	0	0	0	1996	0	2380	0	0	0	2472	0	0	0	0	0	0	0	0	0	0	0	0	0	0	0	0	0	0	0	0	0	0	0	0	0	0	0	
46972	Temporal_Pole_Mid_R	0	0	0	0	0	0	0	0	0	0	0	0	0	0	0	0	0	0	0	0	0	0	0	0	0	0	0	0	0	0	0	0	0	0	0	0	0	2108	0	3746	0	1064	0	0	0	0	0	0	0	0	0	0	0	0	0	3620	0	0	0	0	0	0	0	0	0	0	0	0	0	0	0	0	0	0	0	0	0	0	0	0	0	1014	0	5512	0	2950	0	0	0	3472	0	0	0	0	0	0	0	0	0	0	0	0	0	0	0	0	0	0	0	0	0	0	0	0	0	0	
253516	Temporal_Inf_L	2410	0	226	0	0	0	0	0	0	0	0	0	0	0	192	0	1366	0	92	0	254	0	0	0	0	0	0	0	6610	0	0	0	0	0	596	0	10674	0	3276	0	3162	0	870	0	0	0	122	0	0	0	4442	0	3938	0	15244	0	4866	0	688	0	5830	0	5106	0	1066	0	410	0	1822	0	0	0	828	0	0	0	350	0	2224	0	9858	0	5592	0	29646	0	2472	0	0	0	1750	0	0	0	0	0	102	0	674	0	0	0	0	0	0	0	0	0	0	0	0	0	0	0	0	0	
280668	Temporal_Inf_R	838	5522	0	2252	0	0	0	0	0	0	0	0	0	0	0	0	0	438	182	1576	0	0	0	0	0	0	0	0	0	4470	0	0	0	318	0	6366	0	11730	0	2388	0	130	0	10738	0	1318	0	4582	0	598	0	4878	0	6360	0	16058	0	2002	0	0	0	382	0	450	0	210	0	11056	876	236	98	316	0	1052	0	0	0	592	0	1056	0	3844	0	4886	0	27112	0	3472	0	0	0	360	0	0	0	0	0	72	0	306	0	0	0	0	0	0	0	0	0	0	1214	0	0	0	0	0	
520204	Cerebelum_Crus1_L	0	0	0	0	0	0	0	0	0	0	0	0	0	0	0	0	0	0	0	0	0	0	0	0	0	0	0	0	0	0	0	0	0	0	86	0	164	0	162	0	0	0	536	0	0	0	2482	3380	0	0	1014	0	1260	0	15488	738	0	0	0	0	0	0	0	0	0	0	166	0	0	0	0	0	0	0	0	0	0	0	0	0	0	0	0	0	0	0	0	0	1750	0	0	5840	33538	2794	7242	2270	30640	1424	57822	5446	13140	764	11210	2676	2934	4046	258	400	808	3724	8090	9606	13734	7424	4606	2440	
383260	Cerebelum_Crus1_R	0	0	0	0	0	0	0	0	0	0	0	0	0	0	0	0	0	0	0	0	0	0	0	0	0	0	0	0	0	0	0	0	0	0	0	0	0	128	0	304	0	0	0	190	0	0	224	4080	0	132	0	96	0	374	130	8666	0	0	0	0	0	0	0	0	0	0	0	0	0	0	0	0	0	0	0	0	0	0	0	0	0	0	0	0	0	0	0	0	0	360	5840	0	4720	27278	240	5202	1016	20682	3524	49046	672	6814	852	11282	376	1868	0	0	376	4074	8510	9684	9646	2850	1976	418	
448772	Cerebelum_Crus2_L	0	0	0	0	0	0	0	0	0	0	0	0	0	0	0	0	0	0	0	0	0	0	0	0	0	0	0	0	0	0	0	0	0	0	0	0	0	0	0	102	0	0	0	0	0	0	96	758	0	0	0	0	0	0	364	222	0	0	0	0	0	0	0	0	0	0	0	0	0	0	0	0	0	0	0	0	0	0	0	0	0	0	0	0	0	0	0	0	0	0	33538	4720	0	9800	2500	3224	4208	1514	9072	3656	38010	4016	32582	8152	8826	4430	436	728	506	3690	4146	3586	20646	12528	6652	1678	
307628	Cerebelum_Crus2_R	0	0	0	0	0	0	0	0	0	0	0	0	0	0	0	0	0	0	0	0	0	0	0	0	0	0	0	0	0	0	0	0	0	0	0	0	0	0	0	336	0	0	0	0	0	0	0	266	0	0	0	0	0	0	0	450	0	0	0	0	0	0	0	0	0	0	0	0	0	0	0	0	0	0	0	0	0	0	0	0	0	0	0	0	0	0	0	0	0	0	2794	27278	9800	0	274	2666	708	2420	1122	7334	6244	23742	5198	27950	346	5960	0	414	152	2132	2118	1214	10992	8256	3406	242	
90632	Cerebelum_3_L	0	0	0	0	0	0	0	0	0	0	0	0	0	0	0	0	0	0	0	0	0	0	0	0	0	0	0	0	0	0	0	0	0	0	0	0	0	0	0	0	0	0	0	0	0	0	718	94	0	0	0	0	0	0	92	0	0	0	0	0	0	0	0	0	0	0	0	0	0	0	0	0	0	0	0	0	0	0	0	0	0	0	0	0	0	0	0	0	0	0	7242	240	2500	274	0	200	10328	72	7662	256	1814	210	1166	274	1564	1030	70	110	654	2178	1418	1142	1108	1048	1110	742	
146928	Cerebelum_3_R	0	0	0	0	0	0	0	0	0	0	0	0	0	0	0	0	0	0	0	0	0	0	0	0	0	0	0	0	0	0	0	0	0	0	0	0	0	322	0	806	0	140	0	0	0	0	72	110	0	0	0	0	0	0	0	1378	0	0	0	0	0	0	0	0	0	0	0	0	0	0	0	0	0	0	0	0	0	0	0	0	0	0	0	0	0	0	0	0	0	0	2270	5202	3224	2666	200	0	390	9476	1094	9008	2094	280	1594	3416	474	2258	0	84	132	8732	4114	2032	4378	3730	2730	1058	
303884	Cerebelum_4_5_L	0	0	0	0	0	0	0	0	0	0	0	0	0	0	0	0	0	0	0	0	0	0	0	0	0	0	0	0	0	0	0	0	0	0	0	0	446	0	724	0	0	0	86	0	0	0	7376	568	0	0	286	0	610	0	12278	92	0	0	0	0	0	0	0	0	0	0	0	0	0	0	0	0	0	0	0	0	0	0	0	0	0	0	0	0	0	0	0	0	102	0	30640	1016	4208	708	10328	390	0	1124	40626	1042	2648	242	2168	810	2462	1656	406	140	956	3214	11834	2828	3148	2872	2238	1670	
260804	Cerebelum_4_5_R	0	0	0	0	0	0	0	0	0	0	0	0	0	0	0	0	0	0	0	0	0	0	0	0	0	0	0	0	0	112	0	0	0	0	364	454	358	3426	0	6400	0	368	0	422	0	0	310	7636	0	0	0	0	0	234	288	11230	0	0	0	0	0	0	0	0	0	0	94	706	0	0	0	0	0	190	0	0	0	536	0	0	0	0	0	0	0	0	0	0	0	72	1424	20682	1514	2420	72	9476	1124	0	1260	30330	1126	446	912	2468	0	1102	0	132	338	4110	10586	1958	1864	2094	1420	344	
441448	Cerebelum_6_L	0	0	0	0	0	0	0	0	0	0	0	0	0	0	0	0	0	0	0	0	0	0	0	0	0	0	0	0	0	0	0	0	0	0	0	0	316	0	292	0	0	0	600	0	0	0	8378	4212	0	0	1230	0	1190	0	21098	802	0	0	0	0	0	0	0	0	0	0	0	0	0	0	0	0	0	0	0	0	0	0	0	0	0	0	0	0	0	0	0	0	674	0	57822	3524	9072	1122	7662	1094	40626	1260	0	4580	4102	132	2896	1106	3510	2160	402	142	796	2992	11298	11870	5966	3480	2616	1702	
373068	Cerebelum_6_R	0	0	0	0	0	0	0	0	0	0	0	0	0	0	0	0	0	0	0	0	0	0	0	0	0	0	0	0	0	102	0	0	0	0	0	0	0	382	0	796	0	0	0	414	0	0	338	7920	0	94	0	92	0	1050	212	14022	0	0	0	0	0	0	0	0	0	0	0	0	0	0	0	0	0	0	0	0	0	0	0	0	0	0	0	0	0	0	0	0	0	306	5446	49046	3656	7334	256	9008	1042	30330	4580	0	910	734	976	3676	236	2012	0	496	480	4594	11336	12234	7476	2582	1994	372	
344916	Cerebelum_7b_L	0	0	0	0	0	0	0	0	0	0	0	0	0	0	0	0	0	0	0	0	0	0	0	0	0	0	0	0	0	0	0	0	0	0	0	0	0	0	0	102	0	0	0	0	0	0	0	0	0	0	0	0	0	0	0	0	0	0	0	0	0	0	0	0	0	0	0	0	0	0	0	0	0	0	0	0	0	0	0	0	0	0	0	0	0	0	0	0	0	0	13140	672	38010	6244	1814	2094	2648	1126	4102	910	0	2478	39224	6490	11280	3762	794	628	422	2502	3110	736	11876	10990	6010	1294	
173884	Cerebelum_7b_R	0	0	0	0	0	0	0	0	0	0	0	0	0	0	0	0	0	0	0	0	0	0	0	0	0	0	0	0	0	0	0	0	0	0	0	0	0	0	0	98	0	0	0	0	0	0	0	0	0	0	0	0	0	0	0	0	0	0	0	0	0	0	0	0	0	0	0	0	0	0	0	0	0	0	0	0	0	0	0	0	0	0	0	0	0	0	0	0	0	0	764	6814	4016	23742	210	280	242	446	132	734	2478	0	2680	26042	208	7322	0	0	0	242	198	78	3676	5172	1292	76	
373252	Cerebelum_8_L	0	0	0	0	0	0	0	0	0	0	0	0	0	0	0	0	0	0	0	0	0	0	0	0	0	0	0	0	0	0	0	0	0	0	0	0	0	0	0	92	0	0	0	0	0	0	0	0	0	0	0	0	0	0	80	0	0	0	0	0	0	0	0	0	0	0	0	0	0	0	0	0	0	0	0	0	0	0	0	0	0	0	0	0	0	0	0	0	0	0	11210	852	32582	5198	1166	1594	2168	912	2896	976	39224	2680	0	6700	19626	6590	1782	1054	490	2080	3286	602	13376	15792	10374	3244	
310512	Cerebelum_8_R	0	0	0	0	0	0	0	0	0	0	0	0	0	0	0	0	0	0	0	0	0	0	0	0	0	0	0	0	0	0	0	0	0	0	0	0	0	0	0	388	0	0	0	0	0	0	0	74	0	0	0	0	0	0	0	286	0	0	0	0	0	0	0	0	0	0	0	0	0	0	0	0	0	0	0	0	0	0	0	0	0	0	0	0	0	0	0	0	0	0	2676	11282	8152	27950	274	3416	810	2468	1106	3676	6490	26042	6700	0	464	17968	0	812	362	3080	3040	688	9868	11088	5848	248	
158468	Cerebelum_9_L	0	0	0	0	0	0	0	0	0	0	0	0	0	0	0	0	0	0	0	0	0	0	0	0	0	0	0	0	0	0	0	0	0	0	0	0	0	0	0	0	0	0	0	0	0	0	254	0	0	0	0	0	0	0	138	0	0	0	0	0	0	0	0	0	0	0	0	0	0	0	0	0	0	0	0	0	0	0	0	0	0	0	0	0	0	0	0	0	0	0	2934	376	8826	346	1564	474	2462	0	3510	236	11280	208	19626	464	0	3116	2616	0	90	620	1270	1824	4028	5002	4990	2980	
229424	Cerebelum_9_R	0	0	0	0	0	0	0	0	0	0	0	0	0	0	0	0	0	0	0	0	0	0	0	0	0	0	0	0	0	0	0	0	0	0	0	0	0	0	0	0	0	0	0	0	0	0	0	0	0	0	0	0	0	0	0	70	0	0	0	0	0	0	0	0	0	0	0	0	0	0	0	0	0	0	0	0	0	0	0	0	0	0	0	0	0	0	0	0	0	0	4046	1868	4430	5960	1030	2258	1656	1102	2160	2012	3762	7322	6590	17968	3116	0	246	2558	288	2370	832	3358	9750	10302	13342	6316	
17720	Cerebelum_10_L	0	0	0	0	0	0	0	0	0	0	0	0	0	0	0	0	0	0	0	0	0	0	0	0	0	0	0	0	0	0	0	0	0	0	0	0	0	0	0	0	0	0	0	0	0	0	0	0	0	0	0	0	0	0	0	0	0	0	0	0	0	0	0	0	0	0	0	0	0	0	0	0	0	0	0	0	0	0	0	0	0	0	0	0	0	0	0	0	0	0	258	0	436	0	70	0	406	0	402	0	794	0	1782	0	2616	246	0	0	0	0	90	112	416	514	512	206	
24760	Cerebelum_10_R	0	0	0	0	0	0	0	0	0	0	0	0	0	0	0	0	0	0	0	0	0	0	0	0	0	0	0	0	0	0	0	0	0	0	0	0	0	0	0	0	0	0	0	0	0	0	0	0	0	0	0	0	0	0	0	0	0	0	0	0	0	0	0	0	0	0	0	0	0	0	0	0	0	0	0	0	0	0	0	0	0	0	0	0	0	0	0	0	0	0	400	0	728	414	110	84	140	132	142	496	628	0	1054	812	0	2558	0	0	0	88	0	0	1318	1380	1452	444	
33060	Vermis_1_2	0	0	0	0	0	0	0	0	0	0	0	0	0	0	0	0	0	0	0	0	0	0	0	0	0	0	0	0	0	0	0	0	0	0	0	0	0	0	0	0	0	0	0	0	0	0	0	0	0	0	0	0	0	0	70	0	0	0	0	0	0	0	0	0	0	0	0	0	0	0	0	0	0	0	0	0	0	0	0	0	0	0	0	0	0	0	0	0	0	0	808	376	506	152	654	132	956	338	796	480	422	0	490	362	90	288	0	0	0	4852	2330	420	694	700	300	314	
163600	Vermis_3	0	74	0	94	0	0	0	0	0	0	0	0	0	0	0	0	0	0	0	0	0	0	0	0	0	0	0	0	0	96	0	0	0	0	0	0	0	230	0	90	0	0	0	0	0	0	226	174	0	0	0	0	0	0	122	342	0	0	0	0	0	0	0	0	0	0	0	0	0	0	0	0	0	488	0	82	0	242	0	0	0	0	0	0	0	0	0	0	0	0	3724	4074	3690	2132	2178	8732	3214	4110	2992	4594	2502	242	2080	3080	620	2370	0	88	4852	0	8142	2632	4762	4290	2952	1488	
296608	Vermis_4_5	0	282	0	208	0	0	0	0	0	0	0	0	0	0	0	0	0	0	0	186	0	0	0	0	0	0	0	0	0	0	0	0	0	614	164	2942	0	1096	0	126	0	0	148	1116	0	292	3686	6268	0	0	192	76	336	122	2736	2978	0	0	0	0	0	0	0	0	0	0	196	3712	74	536	0	0	0	0	0	0	0	0	0	0	0	0	0	0	0	88	0	0	0	1214	8090	8510	4146	2118	1418	4114	11834	10586	11298	11336	3110	198	3286	3040	1270	832	90	0	2330	8142	0	8012	5726	5506	2222	1702	
