data	data	419672	240464	1.06663e+06	734292	118304	78096	468756	328420	80508	47096	184988	146872	300376	147752	168740	110892	185616	106696	989800	816680	32276	48036	278816	302308	20032	60696	43304	47808	552852	229904	266776	353192	99340	545548	136496	158168	177736	280832	63688	144836	15824	40072	178280	371632	167772	376032	123088	220552	170128	411672	426568	269332	83280	52520	180736	260000	310776	239856	156836	72028	192972	68340	73976	104012	106924	61684	221072	417248	155076	229280	271736	266396	300068	308816	42928	11756	91460	147012	59340	17116	167888	49452	46456	20224	299784	236752	30996	8328	265284	240284	221640	207992	179572	130324	6844	36728	139568	107580	216932	237840	107972	36612	159096	123460	72196	68980	5316	4576	7324	20860	103208	121068	98588	52696	50424	15596	
data	data	Precentral_L	Precentral_R	Frontal_Sup_L	Frontal_Sup_R	Frontal_Sup_Orb_L	Frontal_Sup_Orb_R	Frontal_Mid_L	Frontal_Mid_R	Frontal_Mid_Orb_L	Frontal_Mid_Orb_R	Frontal_Inf_Oper_L	Frontal_Inf_Oper_R	Frontal_Inf_Tri_L	Frontal_Inf_Tri_R	Frontal_Inf_Orb_L	Frontal_Inf_Orb_R	Rolandic_Oper_L	Rolandic_Oper_R	Supp_Motor_Area_L	Supp_Motor_Area_R	Olfactory_L	Olfactory_R	Frontal_Sup_Medial_L	Frontal_Sup_Medial_R	Frontal_Med_Orb_L	Frontal_Med_Orb_R	Rectus_L	Rectus_R	Insula_L	Insula_R	Cingulum_Ant_L	Cingulum_Ant_R	Cingulum_Mid_L	Cingulum_Mid_R	Cingulum_Post_L	Cingulum_Post_R	Hippocampus_L	Hippocampus_R	ParaHippocampal_L	ParaHippocampal_R	Amygdala_L	Amygdala_R	Calcarine_L	Calcarine_R	Cuneus_L	Cuneus_R	Lingual_L	Lingual_R	Occipital_Sup_L	Occipital_Sup_R	Occipital_Mid_L	Occipital_Mid_R	Occipital_Inf_L	Occipital_Inf_R	Fusiform_L	Fusiform_R	Postcentral_L	Postcentral_R	Parietal_Sup_L	Parietal_Sup_R	Parietal_Inf_L	Parietal_Inf_R	SupraMarginal_L	SupraMarginal_R	Angular_L	Angular_R	Precuneus_L	Precuneus_R	Paracentral_Lobule_L	Paracentral_Lobule_R	Caudate_L	Caudate_R	Putamen_L	Putamen_R	Pallidum_L	Pallidum_R	Thalamus_L	Thalamus_R	Heschl_L	Heschl_R	Temporal_Sup_L	Temporal_Sup_R	Temporal_Pole_Sup_L	Temporal_Pole_Sup_R	Temporal_Mid_L	Temporal_Mid_R	Temporal_Pole_Mid_L	Temporal_Pole_Mid_R	Temporal_Inf_L	Temporal_Inf_R	Cerebelum_Crus1_L	Cerebelum_Crus1_R	Cerebelum_Crus2_L	Cerebelum_Crus2_R	Cerebelum_3_L	Cerebelum_3_R	Cerebelum_4_5_L	Cerebelum_4_5_R	Cerebelum_6_L	Cerebelum_6_R	Cerebelum_7b_L	Cerebelum_7b_R	Cerebelum_8_L	Cerebelum_8_R	Cerebelum_9_L	Cerebelum_9_R	Cerebelum_10_L	Cerebelum_10_R	Vermis_1_2	Vermis_3	Vermis_4_5	Vermis_6	Vermis_7	Vermis_8	Vermis_9	Vermis_10	
419672	Precentral_L	0	4162	21388	6102	0	0	15582	1956	0	0	8324	326	330	0	0	0	6286	0	17668	7654	0	0	0	0	0	0	0	0	8724	0	312	158	1114	5840	3584	1964	6078	1238	592	492	0	0	324	0	0	0	0	0	0	0	2340	0	246	0	438	622	37844	386	294	0	1288	0	1088	132	192	0	424	0	14110	1772	4328	1728	5662	1302	568	0	5952	2548	3534	0	1278	0	0	0	756	0	0	0	628	178	0	0	0	0	0	0	0	0	0	0	0	0	0	0	0	0	0	0	0	0	0	0	0	0	0	0	
240464	Precentral_R	4162	0	2108	12316	0	0	800	14216	0	0	0	4438	0	236	0	0	0	1962	3164	4596	0	0	0	0	0	0	0	0	0	2228	0	0	0	780	152	586	160	6176	0	1240	0	0	0	898	0	1332	0	914	0	1960	0	748	0	0	0	1448	670	14706	0	0	0	2926	0	5554	0	142	0	1402	3866	4136	322	2810	152	3034	0	0	206	6378	0	494	0	980	0	0	0	3250	0	0	0	2584	0	0	0	0	0	0	0	0	0	0	0	0	0	0	0	0	0	0	0	0	0	0	0	0	0	0	
1.06663e+06	Frontal_Sup_L	21388	2108	0	13898	8358	0	69062	3068	3702	0	8858	700	20064	918	13008	0	10556	0	129286	26812	0	0	43924	752	908	0	462	0	40174	634	14964	1962	3306	13432	0	0	3586	530	0	290	0	0	0	0	0	0	0	0	0	0	0	0	0	0	270	350	10412	0	0	0	0	0	0	0	0	0	0	0	1620	878	13638	216	27596	864	6176	0	8742	388	1326	0	3430	0	228	0	0	0	0	0	470	0	0	0	0	0	0	0	0	0	0	0	0	0	0	0	0	0	0	0	0	0	0	0	0	0	0	0	
734292	Frontal_Sup_R	6102	12316	13898	0	0	2052	1236	35238	0	852	0	10152	0	5252	0	3746	182	7536	35694	72168	0	0	6920	33884	0	1202	0	150	162	9630	2006	27410	826	15104	0	0	168	2154	0	870	0	0	0	0	0	166	0	0	0	168	0	0	0	0	0	714	0	760	0	0	0	540	0	680	0	0	0	200	5582	1348	3260	20388	236	13838	0	1320	1196	8734	0	140	0	0	0	0	0	376	0	0	0	590	0	0	0	0	0	0	0	0	0	0	0	0	0	0	0	0	0	0	0	0	0	0	0	0	0	0	
118304	Frontal_Sup_Orb_L	0	0	8358	0	0	0	448	0	13364	0	0	0	308	0	12732	0	0	0	480	0	182	0	4590	0	1530	0	3130	0	8670	0	2144	0	0	0	0	0	0	0	0	0	0	0	0	0	0	0	0	0	0	0	0	0	0	0	0	0	0	0	0	0	0	0	0	0	0	0	0	0	0	0	0	0	2442	0	0	0	0	0	0	0	0	0	774	0	0	0	0	0	0	0	0	0	0	0	0	0	0	0	0	0	0	0	0	0	0	0	0	0	0	0	0	0	0	0	0	0	
78096	Frontal_Sup_Orb_R	0	0	0	2052	0	0	0	2726	0	7172	0	0	0	430	0	5488	0	0	0	0	0	542	180	2328	524	5630	0	6984	0	258	314	1382	0	0	0	0	0	0	0	0	0	0	0	0	0	0	0	0	0	0	0	0	0	0	0	0	0	0	0	0	0	0	0	0	0	0	0	0	0	0	0	1470	0	1568	0	0	0	0	0	0	0	0	0	0	0	0	0	0	0	0	0	0	0	0	0	0	0	0	0	0	0	0	0	0	0	0	0	0	0	0	0	0	0	0	0	0	
468756	Frontal_Mid_L	15582	800	69062	1236	448	0	0	1950	3792	0	5556	1206	36018	0	14374	0	1954	0	13966	2052	0	0	13062	0	0	0	194	0	24202	0	10524	900	0	1676	0	0	0	1324	0	664	0	0	0	0	0	0	0	0	0	0	0	0	0	0	0	1000	212	0	0	0	0	0	0	0	0	0	0	0	0	0	4116	142	5676	1456	0	0	546	224	0	0	258	0	0	0	0	0	0	0	0	206	0	0	0	0	0	0	0	0	0	0	0	0	0	0	0	0	0	0	0	0	0	0	0	0	0	0	
328420	Frontal_Mid_R	1956	14216	3068	35238	0	2726	1950	0	0	3410	402	7610	312	14986	0	12474	764	1156	5546	9884	0	0	428	7074	0	0	0	0	726	3958	232	14854	0	6934	0	0	0	1158	0	514	0	0	0	0	0	0	0	0	0	0	0	0	0	0	0	580	170	202	0	0	0	214	0	330	0	0	0	0	0	0	3436	3098	0	2652	0	162	0	1586	0	0	0	0	0	0	0	0	0	0	0	204	0	0	0	0	0	0	0	0	0	0	0	0	0	0	0	0	0	0	0	0	0	0	0	0	0	0	
80508	Frontal_Mid_Orb_L	0	0	3702	0	13364	0	3792	0	0	0	0	0	1178	0	13236	0	0	0	0	0	0	0	0	0	0	0	1626	0	2392	0	174	0	0	0	0	0	0	0	0	0	0	0	0	0	0	0	0	0	0	0	0	0	0	0	0	0	0	0	0	0	0	0	0	0	0	0	0	0	0	0	0	0	306	0	0	0	0	0	0	0	0	0	484	0	0	0	0	0	0	0	0	0	0	0	0	0	0	0	0	0	0	0	0	0	0	0	0	0	0	0	0	0	0	0	0	0	
47096	Frontal_Mid_Orb_R	0	0	0	852	0	7172	0	3410	0	0	0	0	0	1244	0	8464	0	0	166	348	0	0	0	0	0	0	0	1078	0	192	0	0	0	232	0	0	0	0	0	0	0	0	0	0	0	0	0	0	0	0	0	0	0	0	0	0	0	0	0	0	0	0	0	0	0	0	0	0	0	0	0	256	0	134	0	0	0	0	0	0	0	0	0	0	0	0	0	0	0	0	0	0	0	0	0	0	0	0	0	0	0	0	0	0	0	0	0	0	0	0	0	0	0	0	0	0	
184988	Frontal_Inf_Oper_L	8324	0	8858	0	0	0	5556	402	0	0	0	1120	15556	538	0	0	6498	0	6274	0	0	0	0	0	0	0	0	0	12338	662	2324	394	0	0	0	0	296	1492	0	890	0	0	0	0	0	0	0	0	0	0	0	0	0	0	0	828	5090	0	0	0	0	0	0	0	0	0	0	0	0	0	5610	0	320	3212	0	0	0	0	898	0	3320	0	1198	0	0	0	0	0	0	496	0	0	0	0	0	0	0	0	0	0	0	0	0	0	0	0	0	0	0	0	0	0	0	0	0	0	
146872	Frontal_Inf_Oper_R	326	4438	700	10152	0	0	1206	7610	0	0	1120	0	718	4474	0	196	0	3980	4886	7316	0	0	0	0	0	0	0	0	226	14622	0	616	0	1060	0	0	0	712	0	408	0	0	0	0	0	0	0	0	0	0	0	0	0	0	0	408	0	242	0	0	0	0	0	0	0	0	0	0	0	0	2952	1502	306	2528	0	0	0	732	0	0	0	0	0	0	0	0	0	0	0	0	0	0	0	0	0	0	0	0	0	0	0	0	0	0	0	0	0	0	0	0	0	0	0	0	0	0	
300376	Frontal_Inf_Tri_L	330	0	20064	0	308	0	36018	312	1178	0	15556	718	0	574	15426	0	172	0	4830	0	0	0	2218	0	0	0	182	0	31302	288	12532	286	0	0	0	0	0	432	0	178	0	0	0	0	0	0	0	0	0	0	0	0	0	0	0	316	0	0	0	0	0	0	0	0	0	0	0	0	0	0	1908	0	3838	650	0	0	0	0	0	0	202	0	370	0	0	0	0	0	0	0	0	0	0	0	0	0	0	0	0	0	0	0	0	0	0	0	0	0	0	0	0	0	0	0	0	0	
147752	Frontal_Inf_Tri_R	0	236	918	5252	0	430	0	14986	0	1244	538	4474	574	0	0	7726	0	160	2652	4594	0	0	0	3838	0	0	0	0	258	9648	0	5426	0	3000	0	0	0	0	0	0	0	0	0	0	0	0	0	0	0	0	0	0	0	0	0	0	0	0	0	0	0	0	0	0	0	0	0	0	0	0	3280	1642	948	2052	0	0	0	0	0	0	0	0	0	0	0	0	0	0	0	0	0	0	0	0	0	0	0	0	0	0	0	0	0	0	0	0	0	0	0	0	0	0	0	0	0	0	
168740	Frontal_Inf_Orb_L	0	0	13008	0	12732	0	14374	0	13236	0	0	0	15426	0	0	0	0	0	1292	0	302	0	578	0	0	0	332	0	10206	0	390	0	0	0	0	0	0	0	0	0	0	0	0	0	0	0	0	0	0	0	0	0	0	0	0	0	0	0	0	0	0	0	0	0	0	0	0	0	0	0	0	0	804	0	0	0	0	0	0	0	0	0	1690	0	0	0	0	0	0	0	0	0	0	0	0	0	0	0	0	0	0	0	0	0	0	0	0	0	0	0	0	0	0	0	0	0	
110892	Frontal_Inf_Orb_R	0	0	0	3746	0	5488	0	12474	0	8464	0	196	0	7726	0	0	0	0	1084	2082	0	600	0	1326	0	0	0	440	0	5124	0	1102	0	2208	0	0	0	0	0	0	0	0	0	0	0	0	0	0	0	0	0	0	0	0	0	0	0	0	0	0	0	0	0	0	0	0	0	0	0	0	0	1282	0	2104	0	0	0	0	0	0	0	0	0	0	0	0	0	0	0	0	0	0	0	0	0	0	0	0	0	0	0	0	0	0	0	0	0	0	0	0	0	0	0	0	0	0	
185616	Rolandic_Oper_L	6286	0	10556	182	0	0	1954	764	0	0	6498	0	172	0	0	0	0	0	8970	186	0	0	0	0	0	0	0	0	18344	0	0	416	0	0	0	0	322	566	0	384	0	0	0	0	0	0	0	0	150	0	1816	0	0	0	324	332	8696	0	368	0	1526	0	1346	0	270	0	0	0	0	0	2660	0	514	1038	0	0	200	0	2632	0	10578	0	1038	0	1664	0	0	0	1878	178	0	0	0	0	0	0	0	0	0	0	0	0	0	0	0	0	0	0	0	0	0	0	0	0	0	0	
106696	Rolandic_Oper_R	0	1962	0	7536	0	0	0	1156	0	0	0	3980	0	160	0	0	0	0	4346	5966	0	0	0	0	0	0	0	0	0	10212	0	0	0	0	0	0	0	526	0	0	0	0	0	172	0	280	0	174	0	358	0	0	0	0	0	306	0	3318	0	0	0	0	0	2958	0	0	0	314	0	0	0	1222	0	1402	0	0	0	2060	0	1370	0	1390	0	0	0	1160	0	0	0	1020	0	0	0	0	0	0	0	0	0	0	0	0	0	0	0	0	0	0	0	0	0	0	0	0	0	0	
989800	Supp_Motor_Area_L	17668	3164	129286	35694	480	0	13966	5546	0	166	6274	4886	4830	2652	1292	1084	8970	4346	0	69060	0	0	11204	6464	0	0	270	150	21084	6326	9814	8500	8140	27812	490	0	3054	1112	0	598	0	0	0	0	0	0	0	0	0	0	0	0	0	0	262	632	7930	0	0	0	0	0	0	0	0	0	158	0	5384	1708	14232	6062	22070	5086	3196	0	8370	524	1052	0	3178	0	0	0	0	0	0	0	464	210	0	0	0	0	0	0	0	0	0	0	0	0	0	0	0	0	0	0	0	0	0	0	0	0	0	0	
816680	Supp_Motor_Area_R	7654	4596	26812	72168	0	0	2052	9884	0	348	0	7316	0	4594	0	2082	186	5966	69060	0	0	0	928	13566	0	0	0	150	228	8750	1256	14002	6230	58310	2820	7248	0	1636	0	666	0	0	0	1324	538	1028	0	806	0	1112	0	646	0	0	0	544	0	1046	0	0	0	0	0	186	0	0	0	1680	9808	20746	4526	17052	198	9172	0	1104	1096	3172	0	146	0	384	0	0	0	2114	0	0	0	1404	0	0	0	0	0	0	0	0	0	0	0	0	0	0	0	0	0	0	0	0	0	0	0	0	0	0	
32276	Olfactory_L	0	0	0	0	182	0	0	0	0	0	0	0	0	0	302	0	0	0	0	0	0	3538	0	0	0	0	1690	436	1194	0	1686	1222	0	0	0	0	0	0	152	0	0	0	0	0	0	0	0	0	0	0	0	0	0	0	0	0	0	0	0	0	0	0	0	0	0	0	0	0	0	0	3782	1540	222	0	0	0	0	0	0	0	0	0	192	0	0	0	0	0	0	0	0	0	0	0	0	0	0	0	0	0	0	0	0	0	0	0	0	0	0	0	0	0	0	0	0	0	
48036	Olfactory_R	0	0	0	0	0	542	0	0	0	0	0	0	0	0	0	600	0	0	0	0	3538	0	0	0	0	268	1452	1626	0	1444	1544	1694	0	0	0	0	0	0	0	0	0	186	0	0	0	0	0	0	0	0	0	0	0	0	0	0	0	0	0	0	0	0	0	0	0	0	0	0	0	0	5748	4230	212	934	0	0	0	0	0	0	0	0	0	0	0	0	0	0	0	0	0	0	0	0	0	0	0	0	0	0	0	0	0	0	0	0	0	0	0	0	0	0	0	0	0	0	
278816	Frontal_Sup_Medial_L	0	0	43924	6920	4590	180	13062	428	0	0	0	0	2218	0	578	0	0	0	11204	928	0	0	0	14080	1606	992	150	0	5856	0	14224	6972	2752	6446	0	0	0	0	0	0	0	0	0	0	0	0	0	0	0	0	0	0	0	0	0	0	0	0	0	0	0	0	0	0	0	0	0	0	0	0	0	0	2298	0	0	0	0	0	0	0	0	0	0	0	0	0	0	0	0	0	0	0	0	0	0	0	0	0	0	0	0	0	0	0	0	0	0	0	0	0	0	0	0	0	0	0	
302308	Frontal_Sup_Medial_R	0	0	752	33884	0	2328	0	7074	0	0	0	0	0	3838	0	1326	0	0	6464	13566	0	0	14080	0	222	5070	0	598	0	212	3126	28564	464	18172	0	0	0	0	0	0	0	0	0	0	0	0	0	0	0	0	0	0	0	0	0	0	0	0	0	0	0	0	0	0	0	0	0	0	0	0	0	6104	0	5310	0	0	0	0	0	0	0	0	0	0	0	0	0	0	0	0	0	0	0	0	0	0	0	0	0	0	0	0	0	0	0	0	0	0	0	0	0	0	0	0	0	0	
20032	Frontal_Med_Orb_L	0	0	908	0	1530	524	0	0	0	0	0	0	0	0	0	0	0	0	0	0	0	0	1606	222	0	952	1036	0	216	0	2442	0	0	0	0	0	0	0	0	0	0	0	0	0	0	0	0	0	0	0	0	0	0	0	0	0	0	0	0	0	0	0	0	0	0	0	0	0	0	0	270	0	310	0	0	0	0	0	0	0	0	0	0	0	0	0	0	0	0	0	0	0	0	0	0	0	0	0	0	0	0	0	0	0	0	0	0	0	0	0	0	0	0	0	0	0	
60696	Frontal_Med_Orb_R	0	0	0	1202	0	5630	0	0	0	0	0	0	0	0	0	0	0	0	0	0	0	268	992	5070	952	0	0	5312	0	0	1092	4332	0	0	0	0	0	0	0	0	0	0	0	0	0	0	0	0	0	0	0	0	0	0	0	0	0	0	0	0	0	0	0	0	0	0	0	0	0	0	0	3248	0	2250	0	0	0	0	0	0	0	0	0	0	0	0	0	0	0	0	0	0	0	0	0	0	0	0	0	0	0	0	0	0	0	0	0	0	0	0	0	0	0	0	0	0	
43304	Rectus_L	0	0	462	0	3130	0	194	0	1626	0	0	0	182	0	332	0	0	0	270	0	1690	1452	150	0	1036	0	0	230	1428	0	4438	844	0	0	0	0	0	0	0	0	0	0	0	0	0	0	0	0	0	0	0	0	0	0	0	0	0	0	0	0	0	0	0	0	0	0	0	0	0	0	1926	526	1736	0	0	0	0	0	0	0	0	0	0	0	0	0	0	0	0	0	0	0	0	0	0	0	0	0	0	0	0	0	0	0	0	0	0	0	0	0	0	0	0	0	0	0	
47808	Rectus_R	0	0	0	150	0	6984	0	0	0	1078	0	0	0	0	0	440	0	0	150	150	436	1626	0	598	0	5312	230	0	0	368	0	2052	0	0	0	0	0	0	0	0	0	0	0	0	0	0	0	0	0	0	0	0	0	0	0	0	0	0	0	0	0	0	0	0	0	0	0	0	0	0	484	2034	0	1812	0	0	0	0	0	0	0	0	0	0	0	0	0	0	0	0	0	0	0	0	0	0	0	0	0	0	0	0	0	0	0	0	0	0	0	0	0	0	0	0	0	0	
552852	Insula_L	8724	0	40174	162	8670	0	24202	726	2392	0	12338	226	31302	258	10206	0	18344	0	21084	228	1194	0	5856	0	216	0	1428	0	0	404	15264	410	0	142	0	0	7032	730	536	540	286	0	0	0	0	0	0	0	0	0	990	0	0	0	1194	392	8008	0	286	0	980	0	160	0	140	0	0	0	0	0	5392	0	22054	1472	148	0	710	0	6114	0	8746	0	2028	0	946	0	0	0	3358	234	0	0	0	0	0	0	0	0	0	0	0	0	0	0	0	0	0	0	0	0	0	0	0	0	0	0	
229904	Insula_R	0	2228	634	9630	0	258	0	3958	0	192	662	14622	288	9648	0	5124	0	10212	6326	8750	0	1444	0	212	0	0	0	368	404	0	0	492	0	1200	0	0	0	3408	0	1042	0	594	0	140	0	154	0	134	0	180	0	0	0	0	0	1482	0	1626	0	0	0	0	0	276	0	0	0	172	0	0	4624	3896	764	13544	0	0	0	1312	0	1042	0	1110	0	454	0	824	0	0	0	1522	0	0	0	0	0	0	0	0	0	0	0	0	0	0	0	0	0	0	0	0	0	0	0	0	0	0	
266776	Cingulum_Ant_L	312	0	14964	2006	2144	314	10524	232	174	0	2324	0	12532	0	390	0	0	0	9814	1256	1686	1544	14224	3126	2442	1092	4438	0	15264	0	0	8192	2650	2088	0	0	0	0	0	0	0	0	0	0	0	0	0	0	0	0	0	0	0	0	0	0	0	0	0	0	0	0	0	0	0	0	0	0	0	0	6740	820	12096	0	0	0	0	0	0	0	0	0	0	0	0	0	0	0	0	0	0	0	0	0	0	0	0	0	0	0	0	0	0	0	0	0	0	0	0	0	0	0	0	0	0	0	
353192	Cingulum_Ant_R	158	0	1962	27410	0	1382	900	14854	0	0	394	616	286	5426	0	1102	416	0	8500	14002	1222	1694	6972	28564	0	4332	844	2052	410	492	8192	0	976	20694	0	0	0	0	0	0	0	0	0	0	0	0	0	0	0	0	0	0	0	0	0	0	0	0	0	0	0	0	0	0	0	0	0	0	0	0	3126	11150	800	7538	0	0	0	130	0	0	0	0	0	0	0	0	0	0	0	0	0	0	0	0	0	0	0	0	0	0	0	0	0	0	0	0	0	0	0	0	0	0	0	0	0	0	
99340	Cingulum_Mid_L	1114	0	3306	826	0	0	0	0	0	0	0	0	0	0	0	0	0	0	8140	6230	0	0	2752	464	0	0	0	0	0	0	2650	976	0	7794	3282	1390	0	0	0	0	0	0	0	176	1942	0	0	0	160	0	0	0	0	0	0	0	0	0	0	0	0	0	0	0	0	0	2136	830	4574	928	0	0	0	0	0	0	0	0	0	0	0	0	0	0	0	0	0	0	0	0	0	0	0	0	0	0	0	0	0	0	0	0	0	0	0	0	0	0	0	0	0	0	0	0	0	0	
545548	Cingulum_Mid_R	5840	780	13432	15104	0	0	1676	6934	0	232	0	1060	0	3000	0	2208	0	0	27812	58310	0	0	6446	18172	0	0	0	0	142	1200	2088	20694	7794	0	2168	10176	0	0	0	0	0	0	0	3112	164	6734	0	210	0	4616	0	1212	0	0	0	0	0	2430	0	1462	0	0	0	0	0	0	1050	17902	6622	15182	2234	1882	0	0	0	0	664	1424	0	0	0	0	0	0	0	378	0	0	0	228	0	0	0	0	0	0	0	0	0	0	0	0	0	0	0	0	0	0	0	0	0	0	0	0	0	0	
136496	Cingulum_Post_L	3584	152	0	0	0	0	0	0	0	0	0	0	0	0	0	0	0	0	490	2820	0	0	0	0	0	0	0	0	0	0	0	0	3282	2168	0	10168	5854	4402	3908	286	0	0	4324	0	2094	130	278	0	0	0	688	0	0	0	1064	0	1068	0	0	0	0	0	0	0	0	0	7772	1452	5676	2266	0	0	0	0	0	0	206	4116	0	0	0	0	0	0	0	0	0	0	0	0	0	0	0	0	0	0	0	0	0	0	0	0	0	0	0	0	0	0	0	0	0	0	0	0	0	0	
158168	Cingulum_Post_R	1964	586	0	0	0	0	0	0	0	0	0	0	0	0	0	0	0	0	0	7248	0	0	0	0	0	0	0	0	0	0	0	0	1390	10176	10168	0	4320	6054	2636	422	0	0	174	2438	0	208	146	970	0	208	0	0	0	0	252	0	0	1450	0	0	0	0	0	0	0	0	1604	9528	2152	6666	0	0	0	0	0	0	0	4048	0	0	0	0	0	0	0	1190	0	0	0	1298	0	0	0	0	0	0	0	0	0	0	0	0	0	0	0	0	0	0	0	0	1788	0	0	0	0	0	
177736	Hippocampus_L	6078	160	3586	168	0	0	0	0	0	0	296	0	0	0	0	0	322	0	3054	0	0	0	0	0	0	0	0	0	7032	0	0	0	0	0	5854	4320	0	3304	9092	230	4132	0	1076	0	0	0	410	182	0	0	0	0	0	0	7612	0	3304	0	0	0	0	0	0	0	0	0	2176	780	0	0	150	194	6424	0	1070	0	2754	4344	1638	0	1480	0	0	0	0	0	0	0	7646	0	0	0	0	0	0	0	0	0	0	0	0	0	0	0	0	0	0	0	0	0	0	0	0	0	0	0	
280832	Hippocampus_R	1238	6176	530	2154	0	0	1324	1158	0	0	1492	712	432	0	0	0	566	526	1112	1636	0	0	0	0	0	0	0	0	730	3408	0	0	0	0	4402	6054	3304	0	2458	20764	0	7996	132	0	0	0	138	1412	0	0	0	0	0	0	222	24296	0	1528	0	0	0	0	0	0	0	0	1076	2862	0	0	1642	198	384	19912	0	338	0	6102	0	0	0	0	0	362	0	642	0	0	0	10002	0	0	0	0	0	0	0	0	0	0	0	0	0	0	0	0	0	0	0	0	996	0	0	0	0	0	
63688	ParaHippocampal_L	592	0	0	0	0	0	0	0	0	0	0	0	0	0	0	0	0	0	0	0	152	0	0	0	0	0	0	0	536	0	0	0	0	0	3908	2636	9092	2458	0	230	700	0	1262	0	0	0	984	194	0	0	0	0	0	0	2520	0	204	0	0	0	0	0	0	0	0	0	2196	532	0	0	0	0	472	0	0	0	0	2402	0	0	0	0	140	0	0	0	0	0	634	0	0	0	0	0	0	0	0	0	0	0	0	0	0	0	0	0	0	0	0	0	0	0	0	0	0	0	
144836	ParaHippocampal_R	492	1240	290	870	0	0	664	514	0	0	890	408	178	0	0	0	384	0	598	666	0	0	0	0	0	0	0	0	540	1042	0	0	0	0	286	422	230	20764	230	0	0	3900	0	346	0	0	0	1726	0	0	0	0	0	256	0	15804	0	380	0	0	0	0	0	0	0	0	176	1430	0	0	886	0	216	8300	0	288	0	1192	0	0	0	0	0	762	0	0	0	320	0	5728	0	0	0	0	0	0	0	0	0	0	0	0	0	0	0	0	0	0	0	0	0	0	0	0	0	0	
15824	Amygdala_L	0	0	0	0	0	0	0	0	0	0	0	0	0	0	0	0	0	0	0	0	0	0	0	0	0	0	0	0	286	0	0	0	0	0	0	0	4132	0	700	0	0	0	0	0	0	0	0	0	0	0	0	0	0	0	1766	0	0	0	0	0	0	0	0	0	0	0	0	0	0	0	0	0	0	0	0	0	0	0	0	0	0	0	0	0	0	0	0	0	1028	0	0	0	0	0	0	0	0	0	0	0	0	0	0	0	0	0	0	0	0	0	0	0	0	0	0	0	
40072	Amygdala_R	0	0	0	0	0	0	0	0	0	0	0	0	0	0	0	0	0	0	0	0	0	186	0	0	0	0	0	0	0	594	0	0	0	0	0	0	0	7996	0	3900	0	0	0	0	0	0	0	0	0	0	0	0	0	0	0	4810	0	0	0	0	0	0	0	0	0	0	0	0	0	0	0	0	0	786	0	0	0	0	0	0	0	0	0	780	0	0	0	0	0	984	0	0	0	0	0	0	0	0	0	0	0	0	0	0	0	0	0	0	0	0	0	0	0	0	0	0	
178280	Calcarine_L	324	0	0	0	0	0	0	0	0	0	0	0	0	0	0	0	0	0	0	0	0	0	0	0	0	0	0	0	0	0	0	0	0	0	4324	174	1076	132	1262	0	0	0	0	3846	9726	2328	7474	710	3592	1094	20622	526	6648	0	1868	0	4008	0	496	0	1426	0	0	0	528	0	14674	0	936	0	0	0	0	0	0	0	0	0	0	0	0	0	0	0	622	0	0	0	724	0	0	0	0	0	0	0	0	0	0	0	0	0	0	0	0	0	0	0	0	0	0	0	0	0	0	0	
371632	Calcarine_R	0	898	0	0	0	0	0	0	0	0	0	0	0	0	0	0	0	172	0	1324	0	0	0	0	0	0	0	0	0	140	0	0	176	3112	0	2438	0	0	0	346	0	0	3846	0	6018	27742	0	28554	0	27864	0	24100	0	4472	0	1490	0	3674	0	0	0	0	0	0	0	0	130	21480	188	4000	0	0	0	0	0	0	0	0	0	0	0	0	0	0	0	14570	0	0	0	9082	0	0	0	0	0	0	0	0	0	0	0	0	0	0	0	0	0	0	0	0	0	0	0	0	0	0	
167772	Cuneus_L	0	0	0	0	0	0	0	0	0	0	0	0	0	0	0	0	0	0	0	538	0	0	0	0	0	0	0	0	0	0	0	0	1942	164	2094	0	0	0	0	0	0	0	9726	6018	0	6920	726	596	17756	3406	11148	1300	280	0	0	0	3144	0	1354	0	284	0	0	0	0	0	13176	0	2852	462	0	0	0	0	0	0	0	0	0	0	0	0	0	0	0	0	0	0	0	0	0	0	0	0	0	0	0	0	0	0	0	0	0	0	0	0	0	0	0	0	0	0	0	0	0	0	
376032	Cuneus_R	0	1332	0	166	0	0	0	0	0	0	0	0	0	0	0	0	0	280	0	1028	0	0	0	0	0	0	0	0	0	154	0	0	0	6734	130	208	0	0	0	0	0	0	2328	27742	6920	0	0	3738	0	55744	0	17486	0	178	0	0	0	9994	0	5364	0	1150	0	276	0	166	2004	33394	308	6150	0	0	0	0	0	0	0	0	0	356	0	662	0	0	0	2652	0	0	0	1372	0	0	0	0	0	0	0	0	0	0	0	0	0	0	0	0	0	0	0	0	0	0	0	0	0	0	
123088	Lingual_L	0	0	0	0	0	0	0	0	0	0	0	0	0	0	0	0	0	0	0	0	0	0	0	0	0	0	0	0	0	0	0	0	0	0	278	146	410	138	984	0	0	0	7474	0	726	0	0	322	1822	0	9998	0	4468	0	9522	0	0	0	0	0	0	0	0	0	0	0	1770	0	0	0	0	0	0	0	0	0	0	158	0	0	0	0	0	0	0	0	0	0	632	0	2378	850	0	0	0	0	5284	0	7460	882	0	0	0	0	0	182	0	0	0	154	1314	2792	1094	0	170	136	
220552	Lingual_R	0	914	0	0	0	0	0	0	0	0	0	0	0	0	0	0	0	174	0	806	0	0	0	0	0	0	0	0	0	134	0	0	0	210	0	970	182	1412	194	1726	0	0	710	28554	596	3738	322	0	0	9116	0	5362	0	6716	0	10900	0	600	0	0	0	0	0	0	0	0	0	6398	0	994	0	0	0	0	0	0	0	0	0	0	0	0	0	0	0	7716	0	0	0	5540	310	2212	0	0	0	0	432	2146	494	4124	0	0	0	0	148	180	0	0	0	0	2472	2490	910	156	218	0	
170128	Occipital_Sup_L	0	0	0	0	0	0	0	0	0	0	0	0	0	0	0	0	150	0	0	0	0	0	0	0	0	0	0	0	0	0	0	0	160	0	0	0	0	0	0	0	0	0	3592	0	17756	0	1822	0	0	0	26050	0	348	0	0	0	216	0	9514	0	2936	0	0	0	674	0	11258	0	0	0	0	0	0	0	0	0	0	0	0	0	0	0	0	0	6062	0	0	0	4526	0	0	0	0	0	0	0	0	0	0	0	0	0	0	0	0	0	0	0	0	0	0	0	0	0	0	0	
411672	Occipital_Sup_R	0	1960	0	168	0	0	0	0	0	0	0	0	0	0	0	0	0	358	0	1112	0	0	0	0	0	0	0	0	0	180	0	0	0	4616	0	208	0	0	0	0	0	0	1094	27864	3406	55744	0	9116	0	0	0	29278	0	1476	0	484	0	10284	0	7398	0	1456	0	450	0	2566	532	29258	162	6874	0	0	0	0	0	0	0	0	0	432	0	996	0	0	0	5200	0	0	0	3164	0	0	0	0	0	0	0	0	0	0	0	0	0	0	0	0	0	0	0	0	0	0	0	0	0	0	
426568	Occipital_Mid_L	2340	0	0	0	0	0	0	0	0	0	0	0	0	0	0	0	1816	0	0	0	0	0	0	0	0	0	0	0	990	0	0	0	0	0	688	0	0	0	0	0	0	0	20622	0	11148	0	9998	0	26050	0	0	0	20520	0	5096	0	3544	0	15938	0	13558	0	546	0	21488	0	9938	0	470	0	0	0	0	0	0	0	0	0	1194	0	644	0	0	0	31530	0	0	0	15166	0	0	0	0	0	0	0	0	0	0	0	0	0	0	0	0	0	0	0	0	0	0	0	0	0	0	0	
269332	Occipital_Mid_R	0	748	0	0	0	0	0	0	0	0	0	0	0	0	0	0	0	0	0	646	0	0	0	0	0	0	0	0	0	0	0	0	0	1212	0	0	0	0	0	0	0	0	526	24100	1300	17486	0	5362	0	29278	0	0	0	2872	0	432	0	4896	0	334	0	756	0	162	0	8162	0	11298	0	4776	0	0	0	0	0	0	0	0	0	0	0	184	0	0	0	16094	0	0	0	4042	0	0	0	0	0	0	0	0	0	0	0	0	0	0	0	0	0	0	0	0	0	0	0	0	0	0	
83280	Occipital_Inf_L	246	0	0	0	0	0	0	0	0	0	0	0	0	0	0	0	0	0	0	0	0	0	0	0	0	0	0	0	0	0	0	0	0	0	0	0	0	0	0	0	0	0	6648	0	280	0	4468	0	348	0	20520	0	0	0	3738	0	322	0	360	0	434	0	0	0	592	0	480	0	0	0	0	0	0	0	0	0	0	0	146	0	0	0	0	0	794	0	0	0	2264	0	0	0	0	0	0	0	0	0	0	0	0	0	0	0	0	0	0	0	0	0	0	0	0	0	0	0	
52520	Occipital_Inf_R	0	0	0	0	0	0	0	0	0	0	0	0	0	0	0	0	0	0	0	0	0	0	0	0	0	0	0	0	0	0	0	0	0	0	0	0	0	0	0	256	0	0	0	4472	0	178	0	6716	0	1476	0	2872	0	0	0	6240	0	0	0	0	0	0	0	0	0	0	0	342	0	0	0	0	0	0	0	0	0	0	0	0	0	0	0	0	0	620	0	0	0	2926	0	0	0	0	0	0	0	0	0	162	0	0	0	0	0	0	0	0	0	0	0	0	0	0	0	0	
180736	Fusiform_L	438	0	270	0	0	0	0	0	0	0	0	0	0	0	0	0	324	0	262	0	0	0	0	0	0	0	0	0	1194	0	0	0	0	0	1064	252	7612	222	2520	0	1766	0	1868	0	0	0	9522	0	0	0	5096	0	3738	0	0	0	152	0	0	0	0	0	0	0	0	0	2062	0	0	0	0	0	474	0	0	0	0	0	1320	0	2100	0	922	0	2520	0	1518	0	12974	0	7412	0	262	0	0	0	6690	0	13144	0	0	0	0	0	0	0	0	0	0	0	654	1650	366	0	0	0	
260000	Fusiform_R	622	1448	350	714	0	0	1000	580	0	0	828	408	316	0	0	0	332	306	632	544	0	0	0	0	0	0	0	0	392	1482	0	0	0	0	0	0	0	24296	0	15804	0	4810	0	1490	0	0	0	10900	0	484	0	432	0	6240	0	0	0	548	0	0	0	0	0	0	0	0	0	1938	0	0	818	0	228	9876	0	202	0	986	0	0	0	442	0	1266	0	2570	0	490	0	17908	0	2072	0	0	0	0	0	4702	0	7220	0	0	0	0	0	0	0	0	0	0	1868	1764	692	0	0	0	
310776	Postcentral_L	37844	670	10412	0	0	0	212	170	0	0	5090	0	0	0	0	0	8696	0	7930	0	0	0	0	0	0	0	0	0	8008	0	0	0	0	0	1068	0	3304	0	204	0	0	0	4008	0	3144	0	0	0	216	0	3544	0	322	0	152	0	0	0	8412	0	20202	0	6170	0	214	0	5678	0	2518	0	754	0	4184	178	616	0	1130	0	4074	0	2664	0	0	0	2392	0	0	0	1208	0	0	0	0	0	0	0	0	0	0	0	0	0	0	0	0	0	0	0	0	0	0	0	0	0	0	0	
239856	Postcentral_R	386	14706	0	760	0	0	0	202	0	0	0	242	0	0	0	0	0	3318	0	1046	0	0	0	0	0	0	0	0	0	1626	0	0	0	2430	0	1450	0	1528	0	380	0	0	0	3674	0	9994	0	600	0	10284	0	4896	0	0	0	548	0	0	0	2878	0	5768	0	13968	0	248	0	17464	294	13234	0	488	0	1306	0	0	0	1972	0	596	0	874	0	0	0	1664	0	0	0	1104	0	0	0	0	0	0	0	0	0	0	0	0	0	0	0	0	0	0	0	0	0	0	0	0	0	0	
156836	Parietal_Sup_L	294	0	0	0	0	0	0	0	0	0	0	0	0	0	0	0	368	0	0	0	0	0	0	0	0	0	0	0	286	0	0	0	0	0	0	0	0	0	0	0	0	0	496	0	1354	0	0	0	9514	0	15938	0	360	0	0	0	8412	0	0	0	15426	0	156	0	3204	0	12294	0	0	0	0	0	0	0	0	0	0	0	330	0	146	0	0	0	6978	0	0	0	2862	0	0	0	0	0	0	0	0	0	0	0	0	0	0	0	0	0	0	0	0	0	0	0	0	0	0	0	
72028	Parietal_Sup_R	0	0	0	0	0	0	0	0	0	0	0	0	0	0	0	0	0	0	0	0	0	0	0	0	0	0	0	0	0	0	0	0	0	1462	0	0	0	0	0	0	0	0	0	0	0	5364	0	0	0	7398	0	334	0	0	0	0	0	2878	0	0	0	1808	0	0	0	3408	532	10798	0	1220	0	0	0	0	0	0	0	0	0	138	0	206	0	0	0	330	0	0	0	138	0	0	0	0	0	0	0	0	0	0	0	0	0	0	0	0	0	0	0	0	0	0	0	0	0	0	
192972	Parietal_Inf_L	1288	0	0	0	0	0	0	0	0	0	0	0	0	0	0	0	1526	0	0	0	0	0	0	0	0	0	0	0	980	0	0	0	0	0	0	0	0	0	0	0	0	0	1426	0	284	0	0	0	2936	0	13558	0	434	0	0	0	20202	0	15426	0	0	0	14974	0	8446	0	2034	0	0	0	0	0	0	0	0	0	0	0	312	0	4986	0	0	0	5746	0	0	0	1928	0	0	0	0	0	0	0	0	0	0	0	0	0	0	0	0	0	0	0	0	0	0	0	0	0	0	0	
68340	Parietal_Inf_R	0	2926	0	540	0	0	0	214	0	0	0	0	0	0	0	0	0	0	0	0	0	0	0	0	0	0	0	0	0	0	0	0	0	0	0	0	0	0	0	0	0	0	0	0	0	1150	0	0	0	1456	0	756	0	0	0	0	0	5768	0	1808	0	0	0	12154	0	4220	0	1488	0	0	0	194	0	0	0	0	0	216	0	0	0	282	0	0	0	554	0	0	0	444	0	0	0	0	0	0	0	0	0	0	0	0	0	0	0	0	0	0	0	0	0	0	0	0	0	0	
73976	SupraMarginal_L	1088	0	0	0	0	0	0	0	0	0	0	0	0	0	0	0	1346	0	0	0	0	0	0	0	0	0	0	0	160	0	0	0	0	0	0	0	0	0	0	0	0	0	0	0	0	0	0	0	0	0	546	0	0	0	0	0	6170	0	156	0	14974	0	0	0	1438	0	0	0	0	0	0	0	0	0	0	0	0	0	0	0	7314	0	0	0	3492	0	0	0	304	0	0	0	0	0	0	0	0	0	0	0	0	0	0	0	0	0	0	0	0	0	0	0	0	0	0	0	
104012	SupraMarginal_R	132	5554	0	680	0	0	0	330	0	0	0	0	0	0	0	0	0	2958	0	186	0	0	0	0	0	0	0	0	0	276	0	0	0	0	0	0	0	0	0	0	0	0	0	0	0	276	0	0	0	450	0	162	0	0	0	0	0	13968	0	0	0	12154	0	0	0	3844	0	338	0	142	0	614	0	0	0	0	0	1020	0	576	0	2274	0	0	0	4228	0	0	0	1844	0	0	0	0	0	0	0	0	0	0	0	0	0	0	0	0	0	0	0	0	0	0	0	0	0	0	
106924	Angular_L	192	0	0	0	0	0	0	0	0	0	0	0	0	0	0	0	270	0	0	0	0	0	0	0	0	0	0	0	140	0	0	0	0	0	0	0	0	0	0	0	0	0	528	0	0	0	0	0	674	0	21488	0	592	0	0	0	214	0	3204	0	8446	0	1438	0	0	0	572	0	0	0	0	0	0	0	0	0	0	0	354	0	748	0	0	0	12234	0	0	0	2368	0	0	0	0	0	0	0	0	0	0	0	0	0	0	0	0	0	0	0	0	0	0	0	0	0	0	0	
61684	Angular_R	0	142	0	0	0	0	0	0	0	0	0	0	0	0	0	0	0	0	0	0	0	0	0	0	0	0	0	0	0	0	0	0	0	0	0	0	0	0	0	0	0	0	0	0	0	166	0	0	0	2566	0	8162	0	0	0	0	0	248	0	3408	0	4220	0	3844	0	0	0	380	0	0	0	0	0	0	0	0	0	0	0	0	0	1912	0	0	0	4872	0	0	0	922	0	0	0	0	0	0	0	0	0	0	0	0	0	0	0	0	0	0	0	0	0	0	0	0	0	0	
221072	Precuneus_L	424	0	0	0	0	0	0	0	0	0	0	0	0	0	0	0	0	0	158	0	0	0	0	0	0	0	0	0	0	0	0	0	2136	1050	7772	1604	2176	1076	2196	176	0	0	14674	130	13176	2004	1770	0	11258	532	9938	0	480	0	2062	0	5678	0	12294	532	2034	0	0	0	572	0	0	7090	2894	226	0	0	0	0	0	0	0	316	0	0	0	0	0	0	2286	0	0	0	1822	0	0	0	0	0	0	0	0	0	0	0	0	0	0	0	0	0	0	0	0	0	0	0	0	0	0	0	
417248	Precuneus_R	0	1402	0	200	0	0	0	0	0	0	0	0	0	0	0	0	0	314	0	1680	0	0	0	0	0	0	0	0	0	172	0	0	830	17902	1452	9528	780	2862	532	1430	0	0	0	21480	0	33394	0	6398	0	29258	0	11298	0	342	0	1938	0	17464	0	10798	0	1488	0	338	0	380	7090	0	542	11214	0	0	0	0	0	0	0	944	0	392	0	886	0	0	0	6610	0	0	0	5306	0	0	0	0	0	0	0	0	0	0	0	0	0	0	0	0	0	0	0	0	1980	0	0	0	0	0	
155076	Paracentral_Lobule_L	14110	3866	1620	5582	0	0	0	0	0	0	0	0	0	0	0	0	0	0	5384	9808	0	0	0	0	0	0	0	0	0	0	0	0	4574	6622	5676	2152	0	0	0	0	0	0	936	188	2852	308	0	0	0	162	470	0	0	0	0	0	2518	294	0	0	0	0	0	0	0	0	2894	542	0	4970	0	0	0	0	0	0	2010	0	0	0	0	0	0	0	0	0	0	0	0	0	0	0	0	0	0	0	0	0	0	0	0	0	0	0	0	0	0	0	0	0	0	0	0	0	0	0	
229280	Paracentral_Lobule_R	1772	4136	878	1348	0	0	0	0	0	0	0	0	0	0	0	0	0	0	1708	20746	0	0	0	0	0	0	0	0	0	0	0	0	928	15182	2266	6666	0	0	0	0	0	0	0	4000	462	6150	0	994	0	6874	0	4776	0	0	0	0	0	13234	0	1220	0	0	0	142	0	0	226	11214	4970	0	0	458	0	0	0	0	170	144	0	0	0	374	0	0	0	2422	0	0	0	1180	0	0	0	0	0	0	0	0	0	0	0	0	0	0	0	0	0	0	0	0	0	0	0	0	0	0	
271736	Caudate_L	4328	322	13638	3260	0	0	4116	3436	0	0	5610	2952	1908	3280	0	0	2660	0	14232	4526	3782	5748	0	0	270	0	1926	484	5392	4624	6740	3126	0	2234	0	0	150	1642	0	886	0	0	0	0	0	0	0	0	0	0	0	0	0	0	0	818	754	0	0	0	0	0	0	0	0	0	0	0	0	0	0	5262	13056	5034	1384	0	6642	134	0	0	640	0	558	0	0	0	0	0	0	314	0	0	0	0	0	0	0	0	0	0	0	0	0	0	0	0	0	0	0	0	0	0	0	0	0	0	
266396	Caudate_R	1728	2810	216	20388	0	1470	142	3098	0	256	0	1502	0	1642	0	1282	0	1222	6062	17052	1540	4230	0	6104	0	3248	526	2034	0	3896	820	11150	0	1882	0	0	194	198	0	0	0	0	0	0	0	0	0	0	0	0	0	0	0	0	0	0	0	488	0	0	0	194	0	614	0	0	0	0	0	458	5262	0	380	16864	0	818	0	13428	0	0	0	0	0	0	0	0	0	0	0	0	0	0	0	0	0	0	0	0	0	0	0	0	0	0	0	0	0	0	0	0	0	0	0	0	0	0	
300068	Putamen_L	5662	152	27596	236	2442	0	5676	0	306	0	320	306	3838	948	804	0	514	0	22070	198	222	212	2298	0	310	0	1736	0	22054	764	12096	800	0	0	0	0	6424	384	472	216	0	0	0	0	0	0	0	0	0	0	0	0	0	0	474	228	4184	0	0	0	0	0	0	0	0	0	0	0	0	0	13056	380	0	802	7114	0	2658	0	232	0	832	0	0	0	0	0	0	0	1018	0	0	0	0	0	0	0	0	0	0	0	0	0	0	0	0	0	0	0	0	0	0	0	0	0	0	0	
308816	Putamen_R	1302	3034	864	13838	0	1568	1456	2652	0	134	3212	2528	650	2052	0	2104	1038	1402	5086	9172	0	934	0	5310	0	2250	0	1812	1472	13544	0	7538	0	0	0	0	0	19912	0	8300	0	786	0	0	0	0	0	0	0	0	0	0	0	0	0	9876	178	1306	0	0	0	0	0	0	0	0	0	0	0	0	5034	16864	802	0	0	1646	0	1242	0	0	180	0	0	0	0	0	0	0	0	3330	0	0	0	0	0	0	0	0	0	0	0	0	0	0	0	0	0	0	0	0	0	0	0	0	0	0	
42928	Pallidum_L	568	0	6176	0	0	0	0	0	0	0	0	0	0	0	0	0	0	0	3196	0	0	0	0	0	0	0	0	0	148	0	0	0	0	0	0	0	1070	0	0	0	0	0	0	0	0	0	0	0	0	0	0	0	0	0	0	0	616	0	0	0	0	0	0	0	0	0	0	0	0	0	1384	0	7114	0	0	0	1192	0	0	0	0	0	0	0	0	0	0	0	0	0	0	0	0	0	0	0	0	0	0	0	0	0	0	0	0	0	0	0	0	0	0	0	0	0	0	0	
11756	Pallidum_R	0	0	0	1320	0	0	0	162	0	0	0	0	0	0	0	0	0	0	0	1104	0	0	0	0	0	0	0	0	0	0	0	0	0	0	0	0	0	338	0	288	0	0	0	0	0	0	0	0	0	0	0	0	0	0	0	202	0	0	0	0	0	0	0	0	0	0	0	0	0	0	0	818	0	1646	0	0	0	0	0	0	0	0	0	0	0	0	0	0	0	0	0	0	0	0	0	0	0	0	0	0	0	0	0	0	0	0	0	0	0	0	0	0	0	0	0	0	
91460	Thalamus_L	5952	206	8742	1196	0	0	546	0	0	0	0	0	0	0	0	0	200	0	8370	1096	0	0	0	0	0	0	0	0	710	0	0	0	0	664	206	0	2754	0	0	0	0	0	0	0	0	0	0	0	0	0	0	0	0	0	0	0	1130	0	0	0	0	0	0	0	0	0	0	0	2010	170	6642	0	2658	0	1192	0	0	1286	0	0	0	0	0	0	0	0	0	0	0	0	0	0	0	0	0	0	0	0	0	0	0	0	0	0	0	0	0	0	0	0	0	0	0	0	0	0	
147012	Thalamus_R	2548	6378	388	8734	0	0	224	1586	0	0	0	732	0	0	0	0	0	2060	524	3172	0	0	0	0	0	0	0	0	0	1312	0	130	0	1424	4116	4048	4344	6102	2402	1192	0	0	0	0	0	0	158	0	0	0	0	0	0	0	0	986	0	1972	0	0	0	216	0	1020	0	0	316	944	0	144	134	13428	0	1242	0	0	1286	0	0	0	0	0	0	0	0	0	0	0	0	244	0	0	0	0	0	0	0	0	0	0	0	0	0	0	0	0	0	0	0	0	0	0	0	0	0	0	
59340	Heschl_L	3534	0	1326	0	0	0	0	0	0	0	898	0	0	0	0	0	2632	0	1052	0	0	0	0	0	0	0	0	0	6114	0	0	0	0	0	0	0	1638	0	0	0	0	0	0	0	0	0	0	0	0	0	1194	0	146	0	1320	0	4074	0	330	0	312	0	0	0	354	0	0	0	0	0	0	0	232	0	0	0	0	0	0	0	944	0	0	0	1540	0	0	0	2030	0	0	0	0	0	0	0	0	0	0	0	0	0	0	0	0	0	0	0	0	0	0	0	0	0	0	0	
17116	Heschl_R	0	494	0	140	0	0	0	0	0	0	0	0	0	0	0	0	0	1370	0	146	0	0	0	0	0	0	0	0	0	1042	0	0	0	0	0	0	0	0	0	0	0	0	0	0	0	356	0	0	0	432	0	0	0	0	0	0	0	596	0	138	0	0	0	576	0	0	0	392	0	0	0	0	0	0	0	0	0	0	0	0	0	2378	0	0	0	268	0	0	0	230	0	0	0	0	0	0	0	0	0	0	0	0	0	0	0	0	0	0	0	0	0	0	0	0	0	0	
167888	Temporal_Sup_L	1278	0	3430	0	0	0	258	0	0	0	3320	0	202	0	0	0	10578	0	3178	0	0	0	0	0	0	0	0	0	8746	0	0	0	0	0	0	0	1480	0	0	0	0	0	0	0	0	0	0	0	0	0	644	0	0	0	2100	0	2664	0	146	0	4986	0	7314	0	748	0	0	0	0	0	640	0	832	180	0	0	0	0	944	0	0	0	1718	0	16362	0	0	0	12196	0	0	0	0	0	0	0	0	0	0	0	0	0	0	0	0	0	0	0	0	0	0	0	0	0	0	0	
49452	Temporal_Sup_R	0	980	0	0	0	0	0	0	0	0	0	0	0	0	0	0	0	1390	0	384	0	0	0	0	0	0	0	0	0	1110	0	0	0	0	0	0	0	0	0	0	0	0	0	0	0	662	0	0	0	996	0	184	0	0	0	442	0	874	0	206	0	282	0	2274	0	1912	0	886	0	374	0	0	0	0	0	0	0	0	0	2378	0	0	0	2062	0	5692	0	486	0	1152	0	0	0	0	0	0	0	0	0	0	0	0	0	0	0	0	0	0	0	0	0	0	0	0	0	0	
46456	Temporal_Pole_Sup_L	0	0	228	0	774	0	0	0	484	0	1198	0	370	0	1690	0	1038	0	0	0	192	0	0	0	0	0	0	0	2028	0	0	0	0	0	0	0	0	0	140	0	0	0	0	0	0	0	0	0	0	0	0	0	0	0	922	0	0	0	0	0	0	0	0	0	0	0	0	0	0	0	558	0	0	0	0	0	0	0	0	0	1718	0	0	0	3914	0	3854	0	4120	0	0	0	0	0	0	0	0	0	0	0	0	0	0	0	0	0	0	0	0	0	0	0	0	0	0	0	
20224	Temporal_Pole_Sup_R	0	0	0	0	0	0	0	0	0	0	0	0	0	0	0	0	0	0	0	0	0	0	0	0	0	0	0	0	0	454	0	0	0	0	0	0	0	362	0	762	0	780	0	0	0	0	0	0	0	0	0	0	0	0	0	1266	0	0	0	0	0	0	0	0	0	0	0	0	0	0	0	0	0	0	0	0	0	0	0	0	0	2062	0	0	0	1274	0	1498	0	1654	0	0	0	0	0	0	0	0	0	0	0	0	0	0	0	0	0	0	0	0	0	0	0	0	0	0	
299784	Temporal_Mid_L	756	0	0	0	0	0	0	0	0	0	0	0	0	0	0	0	1664	0	0	0	0	0	0	0	0	0	0	0	946	0	0	0	0	0	0	0	0	0	0	0	0	0	622	0	0	0	0	0	6062	0	31530	0	794	0	2520	0	2392	0	6978	0	5746	0	3492	0	12234	0	2286	0	0	0	0	0	0	0	0	0	0	0	1540	0	16362	0	3914	0	0	0	5016	0	45038	0	0	0	0	0	0	0	0	0	0	0	0	0	0	0	0	0	0	0	0	0	0	0	0	0	0	0	
236752	Temporal_Mid_R	0	3250	0	376	0	0	0	0	0	0	0	0	0	0	0	0	0	1160	0	2114	0	0	0	0	0	0	0	0	0	824	0	0	0	378	0	1190	0	642	0	0	0	0	0	14570	0	2652	0	7716	0	5200	0	16094	0	620	0	2570	0	1664	0	330	0	554	0	4228	0	4872	0	6610	0	2422	0	0	0	0	0	0	0	0	0	268	0	5692	0	1274	0	0	0	648	0	30458	0	0	0	0	0	0	0	0	0	0	0	0	0	0	0	0	0	0	0	0	0	0	0	0	0	0	
30996	Temporal_Pole_Mid_L	0	0	0	0	0	0	0	0	0	0	0	0	0	0	0	0	0	0	0	0	0	0	0	0	0	0	0	0	0	0	0	0	0	0	0	0	0	0	0	0	0	0	0	0	0	0	0	0	0	0	0	0	0	0	1518	0	0	0	0	0	0	0	0	0	0	0	0	0	0	0	0	0	0	0	0	0	0	0	0	0	0	0	3854	0	5016	0	0	0	5110	0	0	0	0	0	0	0	0	0	0	0	0	0	0	0	0	0	0	0	0	0	0	0	0	0	0	0	
8328	Temporal_Pole_Mid_R	0	0	0	0	0	0	0	0	0	0	0	0	0	0	0	0	0	0	0	0	0	0	0	0	0	0	0	0	0	0	0	0	0	0	0	0	0	0	0	320	0	0	0	0	0	0	0	0	0	0	0	0	0	0	0	490	0	0	0	0	0	0	0	0	0	0	0	0	0	0	0	0	0	0	0	0	0	0	0	0	0	486	0	1498	0	648	0	0	0	722	0	0	0	0	0	0	0	0	0	0	0	0	0	0	0	0	0	0	0	0	0	0	0	0	0	0	
265284	Temporal_Inf_L	628	0	470	0	0	0	0	0	0	0	0	0	0	0	0	0	1878	0	464	0	0	0	0	0	0	0	0	0	3358	0	0	0	0	0	0	0	7646	0	634	0	1028	0	724	0	0	0	632	0	4526	0	15166	0	2264	0	12974	0	1208	0	2862	0	1928	0	304	0	2368	0	1822	0	0	0	0	0	1018	0	0	0	0	0	2030	0	12196	0	4120	0	45038	0	5110	0	0	0	246	0	0	0	0	0	0	0	0	0	0	0	0	0	0	0	0	0	0	0	0	0	0	0	0	0	
240284	Temporal_Inf_R	178	2584	0	590	0	0	206	204	0	0	496	0	0	0	0	0	178	1020	210	1404	0	0	0	0	0	0	0	0	234	1522	0	0	0	228	0	1298	0	10002	0	5728	0	984	0	9082	0	1372	0	5540	0	3164	0	4042	0	2926	0	17908	0	1104	0	138	0	444	0	1844	0	922	0	5306	0	1180	314	0	0	3330	0	0	0	244	0	230	0	1152	0	1654	0	30458	0	722	0	0	0	0	0	0	0	0	0	0	0	0	0	0	0	0	0	0	0	0	0	0	0	0	0	0	0	0	
221640	Cerebelum_Crus1_L	0	0	0	0	0	0	0	0	0	0	0	0	0	0	0	0	0	0	0	0	0	0	0	0	0	0	0	0	0	0	0	0	0	0	0	0	0	0	0	0	0	0	0	0	0	0	2378	310	0	0	0	0	0	0	7412	0	0	0	0	0	0	0	0	0	0	0	0	0	0	0	0	0	0	0	0	0	0	0	0	0	0	0	0	0	0	0	0	0	246	0	0	410	22864	402	0	0	11962	0	36540	518	3982	0	13190	0	4268	182	160	0	0	0	712	2928	1610	338	408	0	
207992	Cerebelum_Crus1_R	0	0	0	0	0	0	0	0	0	0	0	0	0	0	0	0	0	0	0	0	0	0	0	0	0	0	0	0	0	0	0	0	0	0	0	0	0	0	0	0	0	0	0	0	0	0	850	2212	0	0	0	0	0	0	0	2072	0	0	0	0	0	0	0	0	0	0	0	0	0	0	0	0	0	0	0	0	0	0	0	0	0	0	0	0	0	0	0	0	0	0	410	0	380	18994	0	398	340	3876	1068	29020	0	1508	140	14658	0	4878	0	358	0	0	1744	8372	7336	3008	2374	0	
179572	Cerebelum_Crus2_L	0	0	0	0	0	0	0	0	0	0	0	0	0	0	0	0	0	0	0	0	0	0	0	0	0	0	0	0	0	0	0	0	0	0	0	0	0	0	0	0	0	0	0	0	0	0	0	0	0	0	0	0	0	0	262	0	0	0	0	0	0	0	0	0	0	0	0	0	0	0	0	0	0	0	0	0	0	0	0	0	0	0	0	0	0	0	0	0	0	0	22864	380	0	1426	0	0	716	0	3226	260	23324	790	25354	784	6960	0	0	0	0	0	0	258	2176	876	130	0	
130324	Cerebelum_Crus2_R	0	0	0	0	0	0	0	0	0	0	0	0	0	0	0	0	0	0	0	0	0	0	0	0	0	0	0	0	0	0	0	0	0	0	0	0	0	0	0	0	0	0	0	0	0	0	0	0	0	0	0	0	0	0	0	0	0	0	0	0	0	0	0	0	0	0	0	0	0	0	0	0	0	0	0	0	0	0	0	0	0	0	0	0	0	0	0	0	0	0	402	18994	1426	0	0	0	0	0	276	2566	680	7902	1152	20106	0	2608	0	0	0	0	0	1302	4652	1974	1122	0	
6844	Cerebelum_3_L	0	0	0	0	0	0	0	0	0	0	0	0	0	0	0	0	0	0	0	0	0	0	0	0	0	0	0	0	0	0	0	0	0	0	0	0	0	0	0	0	0	0	0	0	0	0	0	0	0	0	0	0	0	0	0	0	0	0	0	0	0	0	0	0	0	0	0	0	0	0	0	0	0	0	0	0	0	0	0	0	0	0	0	0	0	0	0	0	0	0	0	0	0	0	0	0	2822	0	0	0	0	0	0	0	0	0	0	0	338	262	0	0	0	0	0	0	
36728	Cerebelum_3_R	0	0	0	0	0	0	0	0	0	0	0	0	0	0	0	0	0	0	0	0	0	0	0	0	0	0	0	0	0	0	0	0	0	0	0	0	0	0	0	0	0	0	0	0	0	0	0	0	0	0	0	0	0	0	0	0	0	0	0	0	0	0	0	0	0	0	0	0	0	0	0	0	0	0	0	0	0	0	0	0	0	0	0	0	0	0	0	0	0	0	0	398	0	0	0	0	0	6634	0	7270	0	0	0	0	0	0	0	0	624	3036	402	0	0	0	0	0	
139568	Cerebelum_4_5_L	0	0	0	0	0	0	0	0	0	0	0	0	0	0	0	0	0	0	0	0	0	0	0	0	0	0	0	0	0	0	0	0	0	0	0	0	0	0	0	0	0	0	0	0	0	0	5284	432	0	0	0	0	0	0	6690	0	0	0	0	0	0	0	0	0	0	0	0	0	0	0	0	0	0	0	0	0	0	0	0	0	0	0	0	0	0	0	0	0	0	0	11962	340	716	0	2822	0	0	212	26726	640	0	0	346	0	1890	882	0	0	0	0	5716	2732	0	0	950	1444	
107580	Cerebelum_4_5_R	0	0	0	0	0	0	0	0	0	0	0	0	0	0	0	0	0	0	0	0	0	0	0	0	0	0	0	0	0	0	0	0	0	0	0	0	0	0	0	0	0	0	0	0	0	0	0	2146	0	0	0	0	0	0	0	4702	0	0	0	0	0	0	0	0	0	0	0	0	0	0	0	0	0	0	0	0	0	0	0	0	0	0	0	0	0	0	0	0	0	0	0	3876	0	0	0	6634	212	0	0	26008	0	0	0	0	0	0	0	0	0	1704	8122	386	0	0	0	0	
216932	Cerebelum_6_L	0	0	0	0	0	0	0	0	0	0	0	0	0	0	0	0	0	0	0	0	0	0	0	0	0	0	0	0	0	0	0	0	0	0	0	0	0	0	0	0	0	0	0	0	0	0	7460	494	0	0	0	0	0	0	13144	0	0	0	0	0	0	0	0	0	0	0	0	0	0	0	0	0	0	0	0	0	0	0	0	0	0	0	0	0	0	0	0	0	0	0	36540	1068	3226	276	0	0	26726	0	0	1066	1394	0	3280	222	2902	260	186	0	0	0	2790	4994	1758	202	478	0	
237840	Cerebelum_6_R	0	0	0	0	0	0	0	0	0	0	0	0	0	0	0	0	0	0	0	0	0	0	0	0	0	0	0	0	0	0	0	0	0	0	0	0	0	0	0	0	0	0	0	0	0	0	882	4124	0	0	0	0	0	162	0	7220	0	0	0	0	0	0	0	0	0	0	0	0	0	0	0	0	0	0	0	0	0	0	0	0	0	0	0	0	0	0	0	0	0	0	518	29020	260	2566	0	7270	640	26008	1066	0	0	0	0	2762	0	3268	0	638	0	1940	8986	9954	6484	2888	2264	0	
107972	Cerebelum_7b_L	0	0	0	0	0	0	0	0	0	0	0	0	0	0	0	0	0	0	0	0	0	0	0	0	0	0	0	0	0	0	0	0	0	0	0	0	0	0	0	0	0	0	0	0	0	0	0	0	0	0	0	0	0	0	0	0	0	0	0	0	0	0	0	0	0	0	0	0	0	0	0	0	0	0	0	0	0	0	0	0	0	0	0	0	0	0	0	0	0	0	3982	0	23324	680	0	0	0	0	1394	0	0	572	17752	592	4000	0	0	0	0	0	0	0	952	738	0	0	
36612	Cerebelum_7b_R	0	0	0	0	0	0	0	0	0	0	0	0	0	0	0	0	0	0	0	0	0	0	0	0	0	0	0	0	0	0	0	0	0	0	0	0	0	0	0	0	0	0	0	0	0	0	0	0	0	0	0	0	0	0	0	0	0	0	0	0	0	0	0	0	0	0	0	0	0	0	0	0	0	0	0	0	0	0	0	0	0	0	0	0	0	0	0	0	0	0	0	1508	790	7902	0	0	0	0	0	0	572	0	596	5794	0	0	0	0	0	0	0	0	782	362	0	0	
159096	Cerebelum_8_L	0	0	0	0	0	0	0	0	0	0	0	0	0	0	0	0	0	0	0	0	0	0	0	0	0	0	0	0	0	0	0	0	0	0	0	0	0	0	0	0	0	0	0	0	0	0	0	0	0	0	0	0	0	0	0	0	0	0	0	0	0	0	0	0	0	0	0	0	0	0	0	0	0	0	0	0	0	0	0	0	0	0	0	0	0	0	0	0	0	0	13190	140	25354	1152	0	0	346	0	3280	0	17752	596	0	1474	11440	0	698	0	0	0	168	294	2024	1640	0	0	
123460	Cerebelum_8_R	0	0	0	0	0	0	0	0	0	0	0	0	0	0	0	0	0	0	0	0	0	0	0	0	0	0	0	0	0	0	0	0	0	0	0	0	0	0	0	0	0	0	0	0	0	0	0	0	0	0	0	0	0	0	0	0	0	0	0	0	0	0	0	0	0	0	0	0	0	0	0	0	0	0	0	0	0	0	0	0	0	0	0	0	0	0	0	0	0	0	0	14658	784	20106	0	0	0	0	222	2762	592	5794	1474	0	0	6850	0	350	0	0	132	698	3478	2766	1064	0	
72196	Cerebelum_9_L	0	0	0	0	0	0	0	0	0	0	0	0	0	0	0	0	0	0	0	0	0	0	0	0	0	0	0	0	0	0	0	0	0	0	0	0	0	0	0	0	0	0	0	0	0	0	0	148	0	0	0	0	0	0	0	0	0	0	0	0	0	0	0	0	0	0	0	0	0	0	0	0	0	0	0	0	0	0	0	0	0	0	0	0	0	0	0	0	0	0	4268	0	6960	0	0	0	1890	0	2902	0	4000	0	11440	0	0	0	1614	0	0	0	1258	584	384	0	494	156	
68980	Cerebelum_9_R	0	0	0	0	0	0	0	0	0	0	0	0	0	0	0	0	0	0	0	0	0	0	0	0	0	0	0	0	0	0	0	0	0	0	0	0	0	0	0	0	0	0	0	0	0	0	182	180	0	0	0	0	0	0	0	0	0	0	0	0	0	0	0	0	0	0	0	0	0	0	0	0	0	0	0	0	0	0	0	0	0	0	0	0	0	0	0	0	0	0	182	4878	0	2608	0	0	882	0	260	3268	0	0	0	6850	0	0	0	942	0	0	1480	3096	2080	2474	3980	1148	
5316	Cerebelum_10_L	0	0	0	0	0	0	0	0	0	0	0	0	0	0	0	0	0	0	0	0	0	0	0	0	0	0	0	0	0	0	0	0	0	0	0	0	0	0	0	0	0	0	0	0	0	0	0	0	0	0	0	0	0	0	0	0	0	0	0	0	0	0	0	0	0	0	0	0	0	0	0	0	0	0	0	0	0	0	0	0	0	0	0	0	0	0	0	0	0	0	160	0	0	0	0	0	0	0	186	0	0	0	698	0	1614	0	0	0	0	0	0	0	0	0	0	0	
4576	Cerebelum_10_R	0	0	0	0	0	0	0	0	0	0	0	0	0	0	0	0	0	0	0	0	0	0	0	0	0	0	0	0	0	0	0	0	0	0	0	0	0	0	0	0	0	0	0	0	0	0	0	0	0	0	0	0	0	0	0	0	0	0	0	0	0	0	0	0	0	0	0	0	0	0	0	0	0	0	0	0	0	0	0	0	0	0	0	0	0	0	0	0	0	0	0	358	0	0	0	0	0	0	0	638	0	0	0	350	0	942	0	0	0	0	0	0	0	0	0	0	
7324	Vermis_1_2	0	0	0	0	0	0	0	0	0	0	0	0	0	0	0	0	0	0	0	0	0	0	0	0	0	0	0	0	0	0	0	0	0	0	0	0	0	0	0	0	0	0	0	0	0	0	0	0	0	0	0	0	0	0	0	0	0	0	0	0	0	0	0	0	0	0	0	0	0	0	0	0	0	0	0	0	0	0	0	0	0	0	0	0	0	0	0	0	0	0	0	0	0	0	338	624	0	0	0	0	0	0	0	0	0	0	0	0	0	2700	0	0	0	0	0	0	
20860	Vermis_3	0	0	0	0	0	0	0	0	0	0	0	0	0	0	0	0	0	0	0	0	0	0	0	0	0	0	0	0	0	0	0	0	0	0	0	0	0	0	0	0	0	0	0	0	0	0	154	0	0	0	0	0	0	0	0	0	0	0	0	0	0	0	0	0	0	0	0	0	0	0	0	0	0	0	0	0	0	0	0	0	0	0	0	0	0	0	0	0	0	0	0	0	0	0	262	3036	0	1704	0	1940	0	0	0	0	0	0	0	0	2700	0	634	0	0	0	0	0	
103208	Vermis_4_5	0	0	0	0	0	0	0	0	0	0	0	0	0	0	0	0	0	0	0	0	0	0	0	0	0	0	0	0	0	0	0	0	0	0	0	1788	0	996	0	0	0	0	0	0	0	0	1314	2472	0	0	0	0	0	0	654	1868	0	0	0	0	0	0	0	0	0	0	0	1980	0	0	0	0	0	0	0	0	0	0	0	0	0	0	0	0	0	0	0	0	0	0	712	1744	0	0	0	402	5716	8122	2790	8986	0	0	168	132	1258	1480	0	0	0	634	0	4656	164	0	1382	2186	
121068	Vermis_6	0	0	0	0	0	0	0	0	0	0	0	0	0	0	0	0	0	0	0	0	0	0	0	0	0	0	0	0	0	0	0	0	0	0	0	0	0	0	0	0	0	0	0	0	0	0	2792	2490	0	0	0	0	0	0	1650	1764	0	0	0	0	0	0	0	0	0	0	0	0	0	0	0	0	0	0	0	0	0	0	0	0	0	0	0	0	0	0	0	0	0	0	2928	8372	258	1302	0	0	2732	386	4994	9954	0	0	294	698	584	3096	0	0	0	0	4656	0	5244	1474	3086	1780	
98588	Vermis_7	0	0	0	0	0	0	0	0	0	0	0	0	0	0	0	0	0	0	0	0	0	0	0	0	0	0	0	0	0	0	0	0	0	0	0	0	0	0	0	0	0	0	0	0	0	0	1094	910	0	0	0	0	0	0	366	692	0	0	0	0	0	0	0	0	0	0	0	0	0	0	0	0	0	0	0	0	0	0	0	0	0	0	0	0	0	0	0	0	0	0	1610	7336	2176	4652	0	0	0	0	1758	6484	952	782	2024	3478	384	2080	0	0	0	0	164	5244	0	4208	2900	0	
52696	Vermis_8	0	0	0	0	0	0	0	0	0	0	0	0	0	0	0	0	0	0	0	0	0	0	0	0	0	0	0	0	0	0	0	0	0	0	0	0	0	0	0	0	0	0	0	0	0	0	0	156	0	0	0	0	0	0	0	0	0	0	0	0	0	0	0	0	0	0	0	0	0	0	0	0	0	0	0	0	0	0	0	0	0	0	0	0	0	0	0	0	0	0	338	3008	876	1974	0	0	0	0	202	2888	738	362	1640	2766	0	2474	0	0	0	0	0	1474	4208	0	3244	0	
50424	Vermis_9	0	0	0	0	0	0	0	0	0	0	0	0	0	0	0	0	0	0	0	0	0	0	0	0	0	0	0	0	0	0	0	0	0	0	0	0	0	0	0	0	0	0	0	0	0	0	170	218	0	0	0	0	0	0	0	0	0	0	0	0	0	0	0	0	0	0	0	0	0	0	0	0	0	0	0	0	0	0	0	0	0	0	0	0	0	0	0	0	0	0	408	2374	130	1122	0	0	950	0	478	2264	0	0	0	1064	494	3980	0	0	0	0	1382	3086	2900	3244	0	948	
15596	Vermis_10	0	0	0	0	0	0	0	0	0	0	0	0	0	0	0	0	0	0	0	0	0	0	0	0	0	0	0	0	0	0	0	0	0	0	0	0	0	0	0	0	0	0	0	0	0	0	136	0	0	0	0	0	0	0	0	0	0	0	0	0	0	0	0	0	0	0	0	0	0	0	0	0	0	0	0	0	0	0	0	0	0	0	0	0	0	0	0	0	0	0	0	0	0	0	0	0	1444	0	0	0	0	0	0	0	156	1148	0	0	0	0	2186	1780	0	0	948	0	
