data	data	642320	323828	581076	587660	102884	97868	449944	170988	54192	31048	211728	131908	220316	77592	204208	97896	156892	73140	704948	754480	66512	61936	225692	212228	21216	51036	60564	64740	478952	219844	147580	254792	89316	335164	129336	164216	228364	267960	95928	144652	25528	40964	242828	286588	141276	183276	249016	336904	278456	182724	420936	194768	121432	99060	325340	400764	373012	242580	210848	216320	262464	95360	171608	86928	134172	118640	353152	370900	358548	321996	206316	284636	248616	318884	44676	27656	131700	168672	64896	21020	189188	112796	66352	27968	302824	220232	11680	11100	255872	205016	418864	462808	309932	374624	30152	102592	243616	229264	407144	435588	228232	145276	273328	289940	127872	161580	28376	8676	25160	81548	220480	273720	229920	143816	114776	9036	
data	data	Precentral_L	Precentral_R	Frontal_Sup_L	Frontal_Sup_R	Frontal_Sup_Orb_L	Frontal_Sup_Orb_R	Frontal_Mid_L	Frontal_Mid_R	Frontal_Mid_Orb_L	Frontal_Mid_Orb_R	Frontal_Inf_Oper_L	Frontal_Inf_Oper_R	Frontal_Inf_Tri_L	Frontal_Inf_Tri_R	Frontal_Inf_Orb_L	Frontal_Inf_Orb_R	Rolandic_Oper_L	Rolandic_Oper_R	Supp_Motor_Area_L	Supp_Motor_Area_R	Olfactory_L	Olfactory_R	Frontal_Sup_Medial_L	Frontal_Sup_Medial_R	Frontal_Med_Orb_L	Frontal_Med_Orb_R	Rectus_L	Rectus_R	Insula_L	Insula_R	Cingulum_Ant_L	Cingulum_Ant_R	Cingulum_Mid_L	Cingulum_Mid_R	Cingulum_Post_L	Cingulum_Post_R	Hippocampus_L	Hippocampus_R	ParaHippocampal_L	ParaHippocampal_R	Amygdala_L	Amygdala_R	Calcarine_L	Calcarine_R	Cuneus_L	Cuneus_R	Lingual_L	Lingual_R	Occipital_Sup_L	Occipital_Sup_R	Occipital_Mid_L	Occipital_Mid_R	Occipital_Inf_L	Occipital_Inf_R	Fusiform_L	Fusiform_R	Postcentral_L	Postcentral_R	Parietal_Sup_L	Parietal_Sup_R	Parietal_Inf_L	Parietal_Inf_R	SupraMarginal_L	SupraMarginal_R	Angular_L	Angular_R	Precuneus_L	Precuneus_R	Paracentral_Lobule_L	Paracentral_Lobule_R	Caudate_L	Caudate_R	Putamen_L	Putamen_R	Pallidum_L	Pallidum_R	Thalamus_L	Thalamus_R	Heschl_L	Heschl_R	Temporal_Sup_L	Temporal_Sup_R	Temporal_Pole_Sup_L	Temporal_Pole_Sup_R	Temporal_Mid_L	Temporal_Mid_R	Temporal_Pole_Mid_L	Temporal_Pole_Mid_R	Temporal_Inf_L	Temporal_Inf_R	Cerebelum_Crus1_L	Cerebelum_Crus1_R	Cerebelum_Crus2_L	Cerebelum_Crus2_R	Cerebelum_3_L	Cerebelum_3_R	Cerebelum_4_5_L	Cerebelum_4_5_R	Cerebelum_6_L	Cerebelum_6_R	Cerebelum_7b_L	Cerebelum_7b_R	Cerebelum_8_L	Cerebelum_8_R	Cerebelum_9_L	Cerebelum_9_R	Cerebelum_10_L	Cerebelum_10_R	Vermis_1_2	Vermis_3	Vermis_4_5	Vermis_6	Vermis_7	Vermis_8	Vermis_9	Vermis_10	
642320	Precentral_L	0	12400	27196	4894	0	0	25788	796	0	0	12942	0	2514	0	0	528	9954	0	32352	17976	0	0	0	82	0	0	0	0	15352	72	778	116	114	4198	2632	1206	4342	346	360	0	0	0	1314	0	0	0	528	0	158	0	2584	0	500	146	1098	150	39520	426	766	0	6656	0	4958	0	734	0	1302	80	23794	5432	5404	1838	10114	446	3256	172	15096	752	5300	0	3850	0	174	0	4770	0	0	0	2904	0	0	0	0	0	0	0	0	0	0	0	0	0	0	0	0	0	0	0	0	0	0	0	0	0	0	0	
323828	Precentral_R	12400	0	1162	5024	0	0	1732	5264	0	0	158	7872	0	236	0	208	0	806	3188	5284	0	0	0	0	0	0	0	0	240	2468	0	0	0	76	372	476	708	5998	0	356	0	0	130	1890	116	362	0	530	404	576	374	482	0	1904	0	3144	2986	14580	1956	366	306	270	0	1314	0	0	1138	910	8174	14136	2288	13346	498	3256	464	0	3374	22450	0	132	168	256	0	0	190	1950	0	0	0	3466	0	0	0	0	0	0	0	0	0	0	0	0	0	0	0	0	0	0	0	0	0	0	0	0	0	0	
581076	Frontal_Sup_L	27196	1162	0	4210	4318	0	56524	114	1068	0	8308	68	4844	0	5330	108	3826	0	61730	12754	0	0	36204	1066	532	0	0	0	10124	0	8182	668	1122	2704	0	0	1220	0	0	0	0	0	0	0	0	0	0	0	0	0	86	0	0	0	108	0	4576	74	0	0	676	0	466	0	0	0	0	0	6360	234	3214	242	13900	118	3878	0	1156	0	882	0	634	0	246	0	220	0	0	0	86	0	0	0	0	0	0	0	0	0	0	0	0	0	0	0	0	0	0	0	0	0	0	0	0	0	0	0	
587660	Frontal_Sup_R	4894	5024	4210	0	0	4516	4472	23392	0	772	136	6458	1396	2686	1432	3434	0	3344	17814	67350	484	704	7466	26638	0	928	172	1026	1654	9362	2486	20966	686	18216	0	0	108	2272	0	480	0	0	0	202	0	0	0	72	0	0	0	0	0	170	0	732	178	1956	0	346	316	0	302	126	0	0	0	158	76	412	1456	11426	190	17342	90	3172	356	8374	0	184	0	1066	0	0	0	0	0	0	0	150	0	0	0	0	0	0	0	0	0	0	0	0	0	0	0	0	0	0	0	0	0	0	0	0	0	0	
102884	Frontal_Sup_Orb_L	0	0	4318	0	0	0	550	0	7990	0	0	0	0	0	8806	0	0	0	0	0	1686	98	1984	0	2350	0	7042	0	4106	0	3802	0	0	0	0	0	0	0	0	0	412	0	0	0	0	0	0	0	0	0	0	0	0	0	0	0	0	0	0	0	0	0	0	0	0	0	0	0	0	0	504	0	7582	0	0	0	0	0	0	0	0	0	212	0	0	0	0	0	0	0	0	0	0	0	0	0	0	0	0	0	0	0	0	0	0	0	0	0	0	0	0	0	0	0	0	0	
97868	Frontal_Sup_Orb_R	0	0	0	4516	0	0	0	174	0	3700	0	0	0	158	0	2038	0	0	0	714	744	1720	358	4302	420	8036	278	9494	0	164	270	4162	0	0	0	0	0	0	0	0	0	0	0	0	0	0	0	0	0	0	0	0	0	0	0	0	0	0	0	0	0	0	0	0	0	0	0	0	0	0	704	3976	84	2922	0	0	0	0	0	0	0	0	0	0	0	0	0	0	0	0	0	0	0	0	0	0	0	0	0	0	0	0	0	0	0	0	0	0	0	0	0	0	0	0	0	0	
449944	Frontal_Mid_L	25788	1732	56524	4472	550	0	0	1002	806	0	12324	106	24602	0	6838	498	3490	0	17008	3062	0	0	15348	986	0	0	0	0	15418	84	3864	236	852	998	0	0	1834	140	72	0	0	0	84	0	0	0	0	0	0	0	162	0	0	0	388	68	4560	364	92	0	2634	0	2226	0	70	0	112	0	764	0	1654	1160	5594	536	646	266	1554	0	1496	0	1046	0	190	0	346	0	0	0	326	0	0	0	0	0	0	0	0	0	0	0	0	0	0	0	0	0	0	0	0	0	0	0	0	0	0	0	
170988	Frontal_Mid_R	796	5264	114	23392	0	174	1002	0	0	802	0	6338	516	12500	516	2700	0	1056	2952	4248	0	0	1024	2494	0	0	0	0	580	5412	258	2664	0	1662	0	0	0	412	0	0	0	0	0	280	0	0	0	0	0	0	0	0	0	282	0	468	0	1460	0	0	0	0	0	0	0	0	0	78	0	654	162	282	0	3158	0	0	0	672	0	0	0	640	0	0	0	78	0	0	0	404	0	0	0	0	0	0	0	0	0	0	0	0	0	0	0	0	0	0	0	0	0	0	0	0	0	0	
54192	Frontal_Mid_Orb_L	0	0	1068	0	7990	0	806	0	0	0	0	0	338	0	10238	0	0	0	0	0	194	0	0	0	120	0	2238	0	1696	0	0	0	0	0	0	0	0	0	0	0	70	0	0	0	0	0	0	0	0	0	0	0	0	0	0	0	0	0	0	0	0	0	0	0	0	0	0	0	0	0	0	0	2338	0	0	0	0	0	0	0	0	0	0	0	0	0	0	0	0	0	0	0	0	0	0	0	0	0	0	0	0	0	0	0	0	0	0	0	0	0	0	0	0	0	0	0	
31048	Frontal_Mid_Orb_R	0	0	0	772	0	3700	0	802	0	0	0	0	0	882	0	4532	0	0	0	156	0	84	0	404	0	540	0	988	0	140	0	360	0	0	0	0	0	0	0	0	0	0	0	0	0	0	0	0	0	0	0	0	0	0	0	0	0	0	0	0	0	0	0	0	0	0	0	0	0	0	0	882	0	1282	0	0	0	0	0	0	0	0	0	0	0	0	0	0	0	0	0	0	0	0	0	0	0	0	0	0	0	0	0	0	0	0	0	0	0	0	0	0	0	0	0	0	
211728	Frontal_Inf_Oper_L	12942	158	8308	136	0	0	12324	0	0	0	0	0	14066	0	0	72	8342	0	13472	106	0	0	0	0	0	0	0	0	16392	0	74	0	0	0	0	0	218	0	0	0	0	0	0	0	0	0	0	0	0	0	0	0	0	0	184	0	7386	0	250	0	694	0	790	0	316	0	0	0	0	0	732	166	1166	0	80	0	684	0	1344	0	1898	0	3396	0	0	0	0	0	168	0	0	0	0	0	0	0	0	0	0	0	0	0	0	0	0	0	0	0	0	0	0	0	0	0	0	0	
131908	Frontal_Inf_Oper_R	0	7872	68	6458	0	0	106	6338	0	0	0	0	0	4164	0	0	0	2126	388	6106	0	0	0	0	0	0	0	0	150	14052	0	0	0	0	0	0	0	1770	0	354	0	0	0	538	0	0	0	0	0	0	0	68	0	360	0	1198	0	1970	0	0	0	0	0	0	0	0	0	116	0	928	78	0	0	7878	0	0	0	966	0	244	0	910	0	0	0	202	0	0	0	546	0	0	0	0	0	0	0	0	0	0	0	0	0	0	0	0	0	0	0	0	0	0	0	0	0	0	
220316	Frontal_Inf_Tri_L	2514	0	4844	1396	0	0	24602	516	338	0	14066	0	0	0	21192	736	1004	0	6730	728	0	0	406	116	0	0	0	0	18998	0	1140	466	70	306	0	0	74	0	0	0	0	0	0	0	0	0	0	0	0	0	0	0	0	0	0	0	532	0	0	0	0	0	0	0	0	0	0	0	0	0	4202	1904	2630	0	0	0	0	0	0	0	194	0	386	0	0	0	0	0	68	0	0	0	0	0	0	0	0	0	0	0	0	0	0	0	0	0	0	0	0	0	0	0	0	0	0	0	
77592	Frontal_Inf_Tri_R	0	236	0	2686	0	158	0	12500	0	882	0	4164	0	0	0	3206	0	0	218	2222	0	0	0	0	0	0	0	0	0	7126	0	0	0	162	0	0	0	220	0	0	0	0	0	0	0	0	0	0	0	0	0	0	0	0	0	70	0	0	0	0	0	0	0	0	0	0	0	0	0	0	0	112	0	4834	0	0	0	0	0	0	0	0	0	0	0	0	0	0	0	0	0	0	0	0	0	0	0	0	0	0	0	0	0	0	0	0	0	0	0	0	0	0	0	0	0	0	
204208	Frontal_Inf_Orb_L	0	0	5330	1432	8806	0	6838	516	10238	0	0	0	21192	0	0	798	0	0	2472	742	1676	90	470	122	0	0	2222	0	20104	0	1140	496	106	304	0	0	0	0	0	0	258	0	0	0	0	0	0	0	0	0	0	0	0	0	0	0	0	0	0	0	0	0	0	0	0	0	0	0	0	0	5036	2056	8976	0	0	0	0	0	0	0	0	0	684	0	0	0	0	0	0	0	0	0	0	0	0	0	0	0	0	0	0	0	0	0	0	0	0	0	0	0	0	0	0	0	0	0	
97896	Frontal_Inf_Orb_R	528	208	108	3434	0	2038	498	2700	0	4532	72	0	736	3206	798	0	0	0	452	3598	0	484	0	404	0	138	0	516	1356	3450	0	444	0	72	0	0	0	0	0	0	0	0	0	0	0	0	0	0	0	0	0	0	0	0	0	0	0	0	0	0	0	0	0	0	0	0	0	0	170	0	1294	9140	240	8070	0	0	0	262	0	0	0	0	0	0	0	0	0	0	0	0	0	0	0	0	0	0	0	0	0	0	0	0	0	0	0	0	0	0	0	0	0	0	0	0	0	0	
156892	Rolandic_Oper_L	9954	0	3826	0	0	0	3490	0	0	0	8342	0	1004	0	0	0	0	0	10318	0	0	0	0	0	0	0	0	0	12522	0	0	0	0	0	0	0	230	0	0	0	0	0	122	0	0	0	0	0	88	0	252	0	126	0	432	0	9334	0	876	0	1058	0	1932	0	706	0	254	0	234	0	598	126	332	0	0	0	202	0	2210	0	7492	0	1500	0	590	0	0	0	296	0	0	0	0	0	0	0	0	0	0	0	0	0	0	0	0	0	0	0	0	0	0	0	0	0	0	0	
73140	Rolandic_Oper_R	0	806	0	3344	0	0	0	1056	0	0	0	2126	0	0	0	0	0	0	0	2778	0	0	0	0	0	0	0	0	0	6706	0	0	0	0	0	0	0	0	0	0	0	0	0	0	0	0	0	0	0	0	0	0	0	88	0	0	0	4646	0	1960	0	212	0	1472	0	0	0	148	0	1174	0	0	0	2326	0	0	0	374	0	1758	0	4526	0	0	0	330	0	0	0	740	0	0	0	0	0	0	0	0	0	0	0	0	0	0	0	0	0	0	0	0	0	0	0	0	0	0	
704948	Supp_Motor_Area_L	32352	3188	61730	17814	0	0	17008	2952	0	0	13472	388	6730	218	2472	452	10318	0	0	53964	0	0	3778	2614	0	0	0	0	25432	448	3320	4844	6222	20200	102	146	1856	98	0	0	0	0	0	0	0	0	0	0	0	0	0	0	0	0	908	0	6674	480	0	0	648	0	470	0	0	0	0	0	16044	1536	4818	1102	13804	1318	3472	0	1036	954	806	0	2936	0	2214	0	152	0	0	0	984	0	0	0	0	0	0	0	0	0	0	0	0	0	0	0	0	0	0	0	0	0	0	0	0	0	0	0	
754480	Supp_Motor_Area_R	17976	5284	12754	67350	0	714	3062	4248	0	156	106	6106	728	2222	742	3598	0	2778	53964	0	186	248	488	5524	0	0	72	298	896	9374	1052	8888	5236	38790	350	1220	0	2506	0	510	0	0	238	386	0	0	68	232	0	0	0	334	0	496	0	828	710	6818	0	1634	240	616	226	682	0	2314	478	2288	33518	26888	444	9108	172	15512	0	3542	146	3726	0	688	0	4548	0	0	0	1478	0	0	0	1456	0	0	0	0	0	0	0	0	0	0	0	0	0	0	0	0	0	0	0	0	0	0	0	0	0	0	
66512	Olfactory_L	0	0	0	484	1686	744	0	0	194	0	0	0	0	0	1676	0	0	0	0	186	0	5506	0	0	322	0	3558	1386	2104	0	2304	2332	0	0	0	0	138	0	72	0	896	0	0	0	0	0	0	0	0	0	0	0	0	0	0	0	0	0	0	0	0	0	0	0	0	0	0	0	0	0	5664	2666	864	388	0	0	0	0	0	0	0	0	86	0	0	0	0	0	0	0	0	0	0	0	0	0	0	0	0	0	0	0	0	0	0	0	0	0	0	0	0	0	0	0	0	0	
61936	Olfactory_R	0	0	0	704	98	1720	0	0	0	84	0	0	0	0	90	484	0	0	0	248	5506	0	0	70	188	188	2498	3666	0	1200	1628	2132	0	0	0	0	0	0	0	0	0	194	0	0	0	0	0	0	0	0	0	0	0	0	0	0	0	0	0	0	0	0	0	0	0	0	0	0	0	0	5198	3692	778	602	0	0	0	0	0	0	0	0	0	0	0	0	0	0	0	0	0	0	0	0	0	0	0	0	0	0	0	0	0	0	0	0	0	0	0	0	0	0	0	0	0	0	
225692	Frontal_Sup_Medial_L	0	0	36204	7466	1984	358	15348	1024	0	0	0	0	406	0	470	0	0	0	3778	488	0	0	0	14898	1268	530	0	0	1126	0	9362	6930	1620	7092	0	0	0	0	0	0	0	0	0	0	0	0	0	0	0	0	0	0	0	0	0	0	0	0	0	0	0	0	0	0	0	0	0	0	0	0	296	484	1392	322	0	0	0	0	0	0	0	0	0	0	0	0	0	0	0	0	0	0	0	0	0	0	0	0	0	0	0	0	0	0	0	0	0	0	0	0	0	0	0	0	0	0	
212228	Frontal_Sup_Medial_R	82	0	1066	26638	0	4302	986	2494	0	404	0	0	116	0	122	404	0	0	2614	5524	0	70	14898	0	78	3288	0	600	160	0	3998	16452	82	12260	0	0	0	0	0	0	0	0	0	0	0	0	0	0	0	0	0	0	0	0	0	0	0	0	0	0	0	0	0	0	0	0	0	0	0	0	202	5642	0	3632	0	0	0	0	0	0	0	0	0	0	0	0	0	0	0	0	0	0	0	0	0	0	0	0	0	0	0	0	0	0	0	0	0	0	0	0	0	0	0	0	0	0	
21216	Frontal_Med_Orb_L	0	0	532	0	2350	420	0	0	120	0	0	0	0	0	0	0	0	0	0	0	322	188	1268	78	0	704	970	406	0	0	2496	298	0	0	0	0	0	0	0	0	0	0	0	0	0	0	0	0	0	0	0	0	0	0	0	0	0	0	0	0	0	0	0	0	0	0	0	0	0	0	150	0	306	0	0	0	0	0	0	0	0	0	0	0	0	0	0	0	0	0	0	0	0	0	0	0	0	0	0	0	0	0	0	0	0	0	0	0	0	0	0	0	0	0	0	0	
51036	Frontal_Med_Orb_R	0	0	0	928	0	8036	0	0	0	540	0	0	0	0	0	138	0	0	0	0	0	188	530	3288	704	0	76	6006	0	0	496	3352	0	0	0	0	0	0	0	0	0	0	0	0	0	0	0	0	0	0	0	0	0	0	0	0	0	0	0	0	0	0	0	0	0	0	0	0	0	0	0	898	0	338	0	0	0	0	0	0	0	0	0	0	0	0	0	0	0	0	0	0	0	0	0	0	0	0	0	0	0	0	0	0	0	0	0	0	0	0	0	0	0	0	0	0	
60564	Rectus_L	0	0	0	172	7042	278	0	0	2238	0	0	0	0	0	2222	0	0	0	0	72	3558	2498	0	0	970	76	0	640	648	0	3396	1466	0	0	0	0	0	0	0	0	74	0	0	0	0	0	0	0	0	0	0	0	0	0	0	0	0	0	0	0	0	0	0	0	0	0	0	0	0	0	2270	1302	1222	138	0	0	0	0	0	0	0	0	0	0	0	0	0	0	0	0	0	0	0	0	0	0	0	0	0	0	0	0	0	0	0	0	0	0	0	0	0	0	0	0	0	0	
64740	Rectus_R	0	0	0	1026	0	9494	0	0	0	988	0	0	0	0	0	516	0	0	0	298	1386	3666	0	600	406	6006	640	0	0	462	346	2710	0	0	0	0	0	0	0	0	0	0	0	0	0	0	0	0	0	0	0	0	0	0	0	0	0	0	0	0	0	0	0	0	0	0	0	0	0	0	1082	1728	116	900	0	0	0	0	0	0	0	0	0	0	0	0	0	0	0	0	0	0	0	0	0	0	0	0	0	0	0	0	0	0	0	0	0	0	0	0	0	0	0	0	0	0	
478952	Insula_L	15352	240	10124	1654	4106	0	15418	580	1696	0	16392	150	18998	0	20104	1356	12522	0	25432	896	2104	0	1126	160	0	0	648	0	0	78	2136	618	90	340	144	0	9714	90	396	0	2132	0	348	0	0	0	96	0	132	0	528	0	262	0	5746	0	8134	0	532	0	1624	0	684	0	462	0	230	0	472	0	7838	2926	15712	216	84	0	2870	154	5966	0	5762	0	6350	0	1434	0	198	0	5920	0	0	0	0	0	0	0	0	0	0	0	0	0	0	0	0	0	0	0	0	0	0	0	0	0	0	0	
219844	Insula_R	72	2468	0	9362	0	164	84	5412	0	140	0	14052	0	7126	0	3450	0	6706	448	9374	0	1200	0	0	0	0	0	462	78	0	0	186	0	86	0	0	0	4866	0	680	0	1220	0	318	0	0	0	0	0	0	0	0	0	544	0	3856	0	1518	0	272	0	114	0	198	0	0	0	152	0	254	276	1616	0	23906	0	0	0	1356	0	750	0	2788	0	0	0	1062	0	0	0	3306	0	0	0	0	0	0	0	0	0	0	0	0	0	0	0	0	0	0	0	0	0	0	0	0	0	0	
147580	Cingulum_Ant_L	778	0	8182	2486	3802	270	3864	258	0	0	74	0	1140	0	1140	0	0	0	3320	1052	2304	1628	9362	3998	2496	496	3396	346	2136	0	0	9988	1190	1884	0	0	0	0	0	0	0	0	0	0	0	0	0	0	0	0	0	0	0	0	0	0	134	0	0	0	0	0	0	0	0	0	0	0	0	0	4862	1202	1708	294	0	0	0	0	0	0	0	0	0	0	0	0	0	0	0	0	0	0	0	0	0	0	0	0	0	0	0	0	0	0	0	0	0	0	0	0	0	0	0	0	0	0	
254792	Cingulum_Ant_R	116	0	668	20966	0	4162	236	2664	0	360	0	0	466	0	496	444	0	0	4844	8888	2332	2132	6930	16452	298	3352	1466	2710	618	186	9988	0	2052	15308	0	0	0	0	0	0	0	0	0	0	0	0	0	0	0	0	0	0	0	0	0	0	0	0	0	0	0	0	0	0	0	0	0	0	0	0	2838	10238	162	6024	0	0	0	0	0	0	0	0	0	0	0	0	0	0	0	0	0	0	0	0	0	0	0	0	0	0	0	0	0	0	0	0	0	0	0	0	0	0	0	0	0	0	
89316	Cingulum_Mid_L	114	0	1122	686	0	0	852	0	0	0	0	0	70	0	106	0	0	0	6222	5236	0	0	1620	82	0	0	0	0	90	0	1190	2052	0	10140	2276	990	0	0	0	0	0	0	476	0	224	186	0	0	482	0	420	0	0	0	0	0	0	118	538	0	0	0	0	0	0	0	2594	272	4832	1668	0	0	0	0	0	0	0	0	0	0	0	0	0	0	0	0	0	0	0	0	0	0	0	0	0	0	0	0	0	0	0	0	0	0	0	0	0	0	0	0	0	0	0	0	0	0	
335164	Cingulum_Mid_R	4198	76	2704	18216	0	0	998	1662	0	0	0	0	306	162	304	72	0	0	20200	38790	0	0	7092	12260	0	0	0	0	340	86	1884	15308	10140	0	262	3814	0	0	0	0	0	0	108	972	0	564	0	290	0	170	0	132	0	106	0	86	0	222	0	0	0	0	0	0	0	0	296	4620	9282	10990	0	362	0	134	0	0	0	0	0	0	0	0	0	0	0	306	0	0	0	68	0	0	0	0	0	0	0	0	0	0	0	0	0	0	0	0	0	0	0	0	0	0	0	0	0	0	
129336	Cingulum_Post_L	2632	372	0	0	0	0	0	0	0	0	0	0	0	0	0	0	0	0	102	350	0	0	0	0	0	0	0	0	144	0	0	0	2276	262	0	12812	4906	4666	3838	2312	0	0	2690	466	372	158	1094	416	86	0	132	0	348	662	700	910	1032	876	0	0	0	0	0	82	0	0	6500	2322	7620	1468	0	0	0	414	0	0	532	794	0	0	0	0	0	0	82	120	0	0	0	120	0	0	0	0	0	0	0	0	0	0	0	0	0	0	0	0	0	0	0	0	0	0	0	0	0	0	
164216	Cingulum_Post_R	1206	476	0	0	0	0	0	0	0	0	0	0	0	0	0	0	0	0	146	1220	0	0	0	0	0	0	0	0	0	0	0	0	990	3814	12812	0	3730	6352	2694	2742	0	0	0	3984	260	468	186	2992	0	0	0	72	84	1830	144	1740	0	3022	0	124	0	234	0	268	0	0	2496	10878	4294	6732	0	0	0	488	0	0	698	884	0	0	0	130	0	0	0	1000	0	0	0	1714	0	0	0	0	0	0	0	78	0	0	0	0	0	0	0	0	0	0	0	0	1126	0	0	0	0	0	
228364	Hippocampus_L	4342	708	1220	108	0	0	1834	0	0	0	218	0	74	0	0	0	230	0	1856	0	138	0	0	0	0	0	0	0	9714	0	0	0	0	0	4906	3730	0	3764	14438	2668	4622	0	1824	0	0	0	3372	398	0	0	142	0	470	0	15496	152	172	0	0	0	0	0	0	0	0	0	3384	714	512	86	748	0	7088	496	656	0	5640	1600	636	0	1922	0	2036	0	300	0	258	0	11510	0	0	0	0	0	0	0	0	0	0	0	0	0	0	0	0	0	0	0	0	0	0	0	0	0	0	0	
267960	Hippocampus_R	346	5998	0	2272	0	0	140	412	0	0	0	1770	0	220	0	0	0	0	98	2506	0	0	0	0	0	0	0	0	90	4866	0	0	0	0	4666	6352	3764	0	2794	21342	0	7382	0	2576	0	98	302	3388	0	70	0	274	0	2246	90	28484	0	236	0	0	0	0	0	0	0	0	986	2756	762	868	130	332	0	12022	0	754	724	5952	0	0	0	154	0	256	0	732	0	0	0	3154	0	0	0	0	0	108	0	820	0	0	0	0	0	0	0	0	0	0	0	110	578	0	0	0	0	0	
95928	ParaHippocampal_L	360	0	0	0	0	0	72	0	0	0	0	0	0	0	0	0	0	0	0	0	72	0	0	0	0	0	0	0	396	0	0	0	0	0	3838	2694	14438	2794	0	1994	1596	0	2164	0	70	0	3976	390	0	0	204	0	482	0	4118	118	0	0	0	0	0	0	0	0	0	0	3764	704	0	0	0	0	666	326	0	0	808	706	0	0	0	0	202	0	96	0	134	0	450	0	0	0	0	0	220	0	112	0	0	0	0	0	0	0	0	0	0	0	0	0	0	0	0	0	0	0	
144652	ParaHippocampal_R	0	356	0	480	0	0	0	0	0	0	0	354	0	0	0	0	0	0	0	510	0	0	0	0	0	0	0	0	0	680	0	0	0	0	2312	2742	2668	21342	1994	0	0	6032	0	332	0	0	202	3906	0	0	0	0	0	252	0	13940	0	0	0	0	0	0	0	0	0	0	622	2204	0	0	0	0	0	3782	0	522	358	3074	0	0	0	0	0	630	0	0	0	258	0	82	0	0	0	0	0	112	0	1404	0	162	0	0	0	0	0	80	0	0	0	0	576	118	0	118	122	0	
25528	Amygdala_L	0	0	0	0	412	0	0	0	70	0	0	0	0	0	258	0	0	0	0	0	896	0	0	0	0	0	74	0	2132	0	0	0	0	0	0	0	4622	0	1596	0	0	0	0	0	0	0	0	0	0	0	0	0	0	0	1818	0	0	0	0	0	0	0	0	0	0	0	0	0	0	0	0	0	0	0	0	0	0	0	0	0	0	0	518	0	0	0	192	0	176	0	0	0	0	0	0	0	0	0	0	0	0	0	0	0	0	0	0	0	0	0	0	0	0	0	0	0	
40964	Amygdala_R	0	0	0	0	0	0	0	0	0	0	0	0	0	0	0	0	0	0	0	0	0	194	0	0	0	0	0	0	0	1220	0	0	0	0	0	0	0	7382	0	6032	0	0	0	0	0	0	0	0	0	0	0	0	0	0	0	4676	0	0	0	0	0	0	0	0	0	0	0	0	0	0	0	0	0	272	0	0	0	84	0	0	0	0	0	622	0	0	0	0	0	0	0	0	0	0	0	0	0	0	0	0	0	0	0	0	0	0	0	0	0	0	0	0	0	0	0	0	
242828	Calcarine_L	1314	130	0	0	0	0	84	0	0	0	0	0	0	0	0	0	122	0	0	238	0	0	0	0	0	0	0	0	348	0	0	0	476	108	2690	0	1824	0	2164	0	0	0	0	4712	10006	2226	12558	1670	14930	824	21016	186	3322	0	3246	0	1692	0	4798	0	1046	0	470	0	506	0	18646	318	954	342	0	0	0	0	0	0	0	0	1310	0	0	0	0	0	4896	68	0	0	2174	0	0	0	0	0	0	0	0	0	0	0	0	0	0	0	0	0	0	0	0	0	0	0	0	0	0	0	
286588	Calcarine_R	0	1890	0	202	0	0	0	280	0	0	0	538	0	0	0	0	0	0	0	386	0	0	0	0	0	0	0	0	0	318	0	0	0	972	466	3984	0	2576	0	332	0	0	4712	0	1776	15426	284	29366	0	13918	0	13350	0	5906	0	10994	0	536	0	944	0	0	0	0	0	114	490	18882	294	1798	0	0	0	74	0	0	0	0	0	0	0	0	0	0	0	9310	0	0	0	2740	0	0	0	0	0	0	0	0	0	0	0	0	0	0	0	0	0	0	0	0	436	0	0	0	0	0	
141276	Cuneus_L	0	116	0	0	0	0	0	0	0	0	0	0	0	0	0	0	0	0	0	0	0	0	0	0	0	0	0	0	0	0	0	0	224	0	372	260	0	0	70	0	0	0	10006	1776	0	3922	2866	80	18842	972	8272	0	1186	0	294	0	364	0	1836	72	404	0	0	0	0	0	15756	1802	444	158	0	0	0	0	0	0	0	0	0	0	0	0	0	0	378	0	0	0	166	0	0	0	0	0	0	0	0	0	0	0	0	0	0	0	0	0	0	0	0	0	0	0	0	0	0	0	
183276	Cuneus_R	0	362	0	0	0	0	0	0	0	0	0	0	0	0	0	0	0	0	0	0	0	0	0	0	0	0	0	0	0	0	0	0	186	564	158	468	0	98	0	0	0	0	2226	15426	3922	0	94	3914	224	23764	72	10062	0	504	0	1306	0	882	0	5558	0	92	0	0	0	302	3326	16866	0	380	0	0	0	0	0	0	0	0	0	0	0	0	0	0	0	882	0	0	0	0	0	0	0	0	0	0	0	0	0	0	0	0	0	0	0	0	0	0	0	0	0	0	0	0	0	0	
249016	Lingual_L	528	0	0	0	0	0	0	0	0	0	0	0	0	0	0	0	0	0	0	68	0	0	0	0	0	0	0	0	96	0	0	0	0	0	1094	186	3372	302	3976	202	0	0	12558	284	2866	94	0	1002	7382	122	19016	88	5786	162	15502	362	306	0	146	0	0	0	0	0	0	0	9804	0	332	74	0	0	0	104	0	0	208	108	200	0	0	0	0	0	1248	0	0	0	240	0	5904	282	298	172	292	80	11494	646	12928	766	0	0	0	0	204	0	0	0	0	110	2502	846	166	0	0	0	
336904	Lingual_R	0	530	0	72	0	0	0	0	0	0	0	0	0	0	0	0	0	0	0	232	0	0	0	0	0	0	0	0	0	0	0	0	0	290	416	2992	398	3388	390	3906	0	0	1670	29366	80	3914	1002	0	0	5736	0	7320	0	6984	1186	20128	0	232	0	686	0	0	0	0	0	0	176	8728	114	924	0	0	0	258	0	0	0	976	0	0	0	0	0	0	0	3898	0	0	0	1160	6354	3144	1178	440	0	718	1550	7450	6686	9098	234	0	246	0	206	374	0	0	0	246	6982	12054	3480	426	434	0	
278456	Occipital_Sup_L	158	404	0	0	0	0	0	0	0	0	0	0	0	0	0	0	88	0	0	0	0	0	0	0	0	0	0	0	132	0	0	0	482	0	86	0	0	0	0	0	0	0	14930	0	18842	224	7382	0	0	0	36928	0	6452	0	1488	0	3044	0	16358	0	5940	0	490	0	684	0	20552	302	564	398	0	0	0	0	0	0	0	0	196	0	0	0	0	0	1812	0	0	0	1224	0	0	0	0	0	0	0	0	0	0	0	0	0	0	0	0	0	0	0	0	0	68	0	0	0	0	0	
182724	Occipital_Sup_R	0	576	0	0	0	0	0	0	0	0	0	0	0	0	0	0	0	0	0	0	0	0	0	0	0	0	0	0	0	0	0	0	0	170	0	0	0	70	0	0	0	0	824	13918	972	23764	122	5736	0	0	0	19730	0	944	0	2900	0	898	0	6138	0	248	0	0	0	1828	522	10054	0	350	0	0	0	0	0	0	0	0	0	0	0	92	0	0	0	1506	0	0	0	0	0	0	0	0	0	0	0	0	0	0	0	0	0	0	0	0	0	0	0	0	0	0	0	0	0	0	
420936	Occipital_Mid_L	2584	374	86	0	0	0	162	0	0	0	0	0	0	0	0	0	252	0	0	0	0	0	0	0	0	0	0	0	528	0	0	0	420	0	132	0	142	0	204	0	0	0	21016	0	8272	72	19016	0	36928	0	0	0	19298	0	5778	0	5934	0	13678	0	11396	0	1420	0	10740	0	17458	0	4304	356	0	0	0	0	0	0	0	0	750	0	360	0	0	0	20302	0	0	0	8224	0	116	0	0	0	0	0	0	0	90	0	0	0	0	0	0	0	0	0	0	0	76	0	0	0	0	0	
194768	Occipital_Mid_R	0	482	0	0	0	0	0	0	0	0	0	68	0	0	0	0	0	0	0	334	0	0	0	0	0	0	0	0	0	0	0	0	0	132	0	72	0	274	0	0	0	0	186	13350	0	10062	88	7320	0	19730	0	0	0	2928	0	3832	0	820	0	4072	0	5008	0	0	0	12500	488	6954	0	874	0	0	0	0	0	0	0	0	0	0	0	338	0	0	0	7314	0	0	0	158	0	0	0	0	0	0	0	0	0	0	0	0	0	0	0	0	0	0	0	0	0	0	0	0	0	0	
121432	Occipital_Inf_L	500	0	0	0	0	0	0	0	0	0	0	0	0	0	0	0	126	0	0	0	0	0	0	0	0	0	0	0	262	0	0	0	0	0	348	84	470	0	482	0	0	0	3322	0	1186	0	5786	0	6452	0	19298	0	0	0	8992	0	396	0	236	0	0	0	0	0	0	0	2118	0	392	0	0	0	0	0	0	0	0	0	0	0	0	0	0	0	2860	0	0	0	5144	0	516	0	0	0	0	0	556	0	1042	0	0	0	0	0	0	0	0	0	0	0	148	0	0	0	0	0	
99060	Occipital_Inf_R	146	1904	0	170	0	0	0	282	0	0	0	360	0	0	0	0	0	88	0	496	0	0	0	0	0	0	0	0	0	544	0	0	0	106	662	1830	0	2246	0	252	0	0	0	5906	0	504	162	6984	0	944	0	2928	0	0	0	9400	0	428	0	316	0	0	0	0	0	0	0	2002	548	952	0	0	0	0	0	0	0	0	0	0	0	0	0	0	0	642	0	0	0	1754	206	646	120	0	0	0	174	914	104	2310	0	0	0	0	0	0	0	0	0	0	790	1212	358	68	72	0	
325340	Fusiform_L	1098	0	108	0	0	0	388	0	0	0	184	0	0	0	0	0	432	0	908	0	0	0	0	0	0	0	0	0	5746	0	0	0	0	0	700	144	15496	90	4118	0	1818	0	3246	0	294	0	15502	1186	1488	0	5778	0	8992	0	0	0	308	0	102	0	80	0	0	0	0	0	2366	0	72	0	0	0	2570	0	0	0	998	0	804	0	1958	0	1972	0	1096	0	866	0	18626	0	16880	0	542	0	222	0	13406	144	28174	94	94	0	356	0	116	0	0	0	0	0	1516	1478	114	0	0	0	
400764	Fusiform_R	150	3144	0	732	0	0	68	468	0	0	0	1198	0	70	0	0	0	0	0	828	0	0	0	0	0	0	0	0	0	3856	0	0	0	86	910	1740	152	28484	118	13940	0	4676	0	10994	0	1306	362	20128	0	2900	0	3832	0	9400	0	0	0	244	0	230	0	0	0	0	0	0	108	2194	656	726	0	70	0	5484	0	272	0	808	0	0	0	770	0	4610	0	1590	0	1348	0	10250	1192	10620	536	1054	0	368	692	9062	1320	20634	194	0	212	98	98	540	0	0	0	204	4244	6742	2386	634	650	0	
373012	Postcentral_L	39520	2986	4576	178	0	0	4560	0	0	0	7386	0	532	0	0	0	9334	0	6674	710	0	0	0	0	0	0	0	0	8134	0	134	0	0	0	1032	0	172	0	0	0	0	0	1692	0	364	0	306	0	3044	0	5934	0	396	0	308	0	0	0	15074	0	23430	0	14190	0	3332	0	6760	0	8566	392	68	90	74	0	0	0	218	0	3006	0	6894	0	0	0	4946	0	0	0	1494	0	0	0	0	0	0	0	0	0	0	0	0	0	0	0	0	0	0	0	0	0	0	0	0	0	0	0	
242580	Postcentral_R	426	14580	74	1956	0	0	364	1460	0	0	0	1970	0	0	0	0	0	4646	480	6818	0	0	0	0	0	0	0	0	0	1518	0	0	118	222	876	3022	0	236	0	0	0	0	0	536	0	882	0	232	0	898	0	820	0	428	0	244	0	0	70	16112	0	5196	0	7158	0	2716	250	8784	2746	24994	0	140	72	884	0	0	0	236	0	924	0	3836	0	0	0	2336	0	0	0	2030	0	0	0	0	0	0	0	0	0	0	0	0	0	0	0	0	0	0	0	0	0	0	0	0	0	0	
210848	Parietal_Sup_L	766	1956	0	0	0	0	92	0	0	0	250	0	0	0	0	0	876	0	0	0	0	0	0	0	0	0	0	0	532	0	0	0	538	0	0	0	0	0	0	0	0	0	4798	0	1836	0	146	0	16358	0	13678	0	236	0	102	0	15074	70	0	0	15210	0	2850	0	4460	0	14426	130	2412	1534	0	0	0	0	0	0	0	0	184	0	2802	0	0	0	3268	0	0	0	840	0	0	0	0	0	0	0	0	0	0	0	0	0	0	0	0	0	0	0	0	0	0	0	0	0	0	0	
216320	Parietal_Sup_R	0	366	0	346	0	0	0	0	0	0	0	0	0	0	0	0	0	1960	0	1634	0	0	0	0	0	0	0	0	0	272	0	0	0	0	0	124	0	0	0	0	0	0	0	944	72	5558	0	686	0	6138	0	4072	0	316	0	230	0	16112	0	0	0	7028	0	3654	0	6882	1068	25818	0	5938	0	0	0	0	0	0	0	0	0	486	0	3182	0	0	0	10494	0	0	0	4780	0	0	0	0	0	0	0	0	0	0	0	0	0	0	0	0	0	0	0	0	0	0	0	0	0	0	
262464	Parietal_Inf_L	6656	306	676	316	0	0	2634	0	0	0	694	0	0	0	0	0	1058	0	648	240	0	0	0	0	0	0	0	0	1624	0	0	0	0	0	0	0	0	0	0	0	0	0	1046	0	404	0	0	0	5940	0	11396	0	0	0	80	0	23430	0	15210	0	0	0	22962	0	18808	0	2854	0	434	254	0	98	0	0	0	0	0	0	114	0	2498	0	0	0	7892	0	0	0	2960	0	0	0	0	0	0	0	0	0	0	0	0	0	0	0	0	0	0	0	0	0	0	0	0	0	0	0	
95360	Parietal_Inf_R	0	270	0	0	0	0	0	0	0	0	0	0	0	0	0	0	0	212	0	616	0	0	0	0	0	0	0	0	0	114	0	0	0	0	0	234	0	0	0	0	0	0	0	0	0	92	0	0	0	248	0	5008	0	0	0	0	0	5196	0	7028	0	0	0	7448	0	13848	0	1678	88	2048	0	0	0	0	0	0	0	0	0	0	0	742	0	0	0	1400	0	0	0	1410	0	0	0	0	0	0	0	0	0	0	0	0	0	0	0	0	0	0	0	0	0	0	0	0	0	0	
171608	SupraMarginal_L	4958	0	466	302	0	0	2226	0	0	0	790	0	0	0	0	0	1932	0	470	226	0	0	0	0	0	0	0	0	684	0	0	0	0	0	0	0	0	0	0	0	0	0	470	0	0	0	0	0	490	0	1420	0	0	0	0	0	14190	0	2850	0	22962	0	0	0	9396	0	2384	0	432	0	0	96	0	0	0	0	0	0	0	0	8514	0	0	0	8680	0	0	0	1866	0	0	0	0	0	0	0	0	0	0	0	0	0	0	0	0	0	0	0	0	0	0	0	0	0	0	0	
86928	SupraMarginal_R	0	1314	0	126	0	0	0	0	0	0	0	0	0	0	0	0	0	1472	0	682	0	0	0	0	0	0	0	0	0	198	0	0	0	0	82	268	0	0	0	0	0	0	0	0	0	0	0	0	0	0	0	0	0	0	0	0	0	7158	0	3654	0	7448	0	0	0	3716	0	348	74	1018	0	0	0	0	0	0	0	0	0	180	0	4262	0	0	0	4136	0	0	0	7328	0	0	0	0	0	0	0	0	0	0	0	0	0	0	0	0	0	0	0	0	0	0	0	0	0	0	
134172	Angular_L	734	0	0	0	0	0	70	0	0	0	316	0	0	0	0	0	706	0	0	0	0	0	0	0	0	0	0	0	462	0	0	0	0	0	0	0	0	0	0	0	0	0	506	0	0	0	0	0	684	0	10740	0	0	0	0	0	3332	0	4460	0	18808	0	9396	0	0	0	1636	0	320	0	0	0	0	0	0	0	0	0	0	0	3300	0	0	0	9322	0	0	0	2294	0	0	0	0	0	0	0	0	0	0	0	0	0	0	0	0	0	0	0	0	0	0	0	0	0	0	0	
118640	Angular_R	0	0	0	0	0	0	0	0	0	0	0	0	0	0	0	0	0	0	0	2314	0	0	0	0	0	0	0	0	0	0	0	0	0	0	0	0	0	0	0	0	0	0	0	114	0	302	0	0	0	1828	0	12500	0	0	0	0	0	2716	0	6882	0	13848	0	3716	0	0	86	3484	0	2888	0	0	0	0	0	0	0	0	0	0	0	4396	0	0	0	3168	0	0	0	1078	0	0	0	0	0	0	0	0	0	0	0	0	0	0	0	0	0	0	0	0	0	0	0	0	0	0	
353152	Precuneus_L	1302	1138	0	0	0	0	112	0	0	0	0	0	0	0	0	0	254	0	0	478	0	0	0	0	0	0	0	0	230	0	0	0	2594	296	6500	2496	3384	986	3764	622	0	0	18646	490	15756	3326	9804	176	20552	522	17458	488	2118	0	2366	108	6760	250	14426	1068	2854	0	2384	0	1636	86	0	9846	5416	1362	0	0	0	0	0	0	0	116	438	0	2356	76	0	0	9022	416	0	0	2026	72	0	0	0	0	0	0	0	0	0	0	0	0	0	0	0	0	0	0	0	0	0	0	0	0	0	0	
370900	Precuneus_R	80	910	0	158	0	0	0	78	0	0	0	116	0	0	0	0	0	148	0	2288	0	0	0	0	0	0	0	0	0	152	0	0	272	4620	2322	10878	714	2756	704	2204	0	0	318	18882	1802	16866	0	8728	302	10054	0	6954	0	2002	0	2194	0	8784	130	25818	0	1678	0	348	0	3484	9846	0	426	10616	0	0	0	242	0	0	0	398	0	116	0	2286	0	0	0	14994	0	0	0	7900	0	0	0	0	0	0	0	462	0	0	0	0	0	0	0	0	0	0	0	0	1420	0	0	0	0	0	
358548	Paracentral_Lobule_L	23794	8174	6360	76	0	0	764	0	0	0	0	0	0	0	0	170	234	0	16044	33518	0	0	0	0	0	0	0	0	472	0	0	0	4832	9282	7620	4294	512	762	0	0	0	0	954	294	444	0	332	114	564	0	4304	0	392	548	72	656	8566	2746	2412	0	434	88	432	74	320	0	5416	426	0	14294	384	1638	904	0	554	0	1284	874	554	0	2518	0	0	0	6770	156	0	0	2636	212	0	0	0	0	0	0	0	0	0	0	0	0	0	0	0	0	0	0	0	0	0	0	0	0	0	0	
321996	Paracentral_Lobule_R	5432	14136	234	412	0	0	0	654	0	0	0	928	0	0	0	0	0	1174	1536	26888	0	0	0	0	0	0	0	0	0	254	0	0	1668	10990	1468	6732	86	868	0	0	0	0	342	1798	158	380	74	924	398	350	356	874	0	952	0	726	392	24994	1534	5938	254	2048	0	1018	0	2888	1362	10616	14294	0	262	250	0	0	0	0	568	0	0	704	0	5438	0	0	0	4574	0	0	0	3072	0	0	0	0	0	0	0	0	0	0	0	0	0	0	0	0	0	0	0	0	0	0	0	0	0	0	
206316	Caudate_L	5404	2288	3214	1456	504	704	1654	162	0	0	732	78	4202	0	5036	1294	598	0	4818	444	5664	5198	296	202	150	0	2270	1082	7838	276	4862	2838	0	0	0	0	748	130	0	0	0	0	0	0	0	0	0	0	0	0	0	0	0	0	0	0	68	0	0	0	0	0	0	0	0	0	0	0	384	262	0	8084	8844	1430	2252	0	17286	214	0	0	0	0	192	0	0	0	0	0	0	0	0	0	0	0	0	0	0	0	0	0	0	0	0	0	0	0	0	0	0	0	0	0	0	0	0	0	
284636	Caudate_R	1838	13346	242	11426	0	3976	1160	282	0	882	166	0	1904	112	2056	9140	126	0	1102	9108	2666	3692	484	5642	0	898	1302	1728	2926	1616	1202	10238	0	362	0	0	0	332	0	0	0	0	0	0	0	0	0	0	0	0	0	0	0	0	0	70	90	140	0	0	98	0	96	0	0	0	0	0	1638	250	8084	0	880	19314	0	2190	904	18610	0	0	0	0	0	0	0	0	0	0	0	0	0	0	0	0	0	0	0	0	0	0	0	0	0	0	0	0	0	0	0	0	0	0	0	0	0	0	
248616	Putamen_L	10114	498	13900	190	7582	84	5594	0	2338	0	1166	0	2630	0	8976	240	332	0	13804	172	864	778	1392	0	306	0	1222	116	15712	0	1708	162	0	0	0	0	7088	0	666	0	0	0	0	0	0	0	0	0	0	0	0	0	0	0	2570	0	74	72	0	0	0	0	0	0	0	0	0	0	904	0	8844	880	0	168	5512	0	3324	0	0	0	230	0	2046	0	0	0	0	0	2050	0	0	0	0	0	0	0	0	0	0	0	0	0	0	0	0	0	0	0	0	0	0	0	0	0	0	0	
318884	Putamen_R	446	3256	118	17342	0	2922	536	3158	0	1282	0	7878	0	4834	0	8070	0	2326	1318	15512	388	602	322	3632	0	338	138	900	216	23906	294	6024	0	134	414	488	496	12022	326	3782	0	272	0	74	0	0	104	258	0	0	0	0	0	0	0	5484	0	884	0	0	0	0	0	0	0	0	0	242	0	0	1430	19314	168	0	0	2938	0	4136	0	154	0	0	0	0	0	0	0	0	0	474	0	0	0	0	0	0	0	0	0	0	0	0	0	0	0	0	0	0	0	0	90	0	0	0	0	0	
44676	Pallidum_L	3256	464	3878	90	0	0	646	0	0	0	80	0	0	0	0	0	0	0	3472	0	0	0	0	0	0	0	0	0	84	0	0	0	0	0	0	0	656	0	0	0	0	0	0	0	0	0	0	0	0	0	0	0	0	0	0	0	0	0	0	0	0	0	0	0	0	0	0	0	554	0	2252	0	5512	0	0	0	1394	0	0	0	0	0	0	0	0	0	0	0	0	0	0	0	0	0	0	0	0	0	0	0	0	0	0	0	0	0	0	0	0	0	0	0	0	0	0	0	
27656	Pallidum_R	172	0	0	3172	0	0	266	0	0	0	0	0	0	0	0	0	0	0	0	3542	0	0	0	0	0	0	0	0	0	0	0	0	0	0	0	0	0	754	0	522	0	0	0	0	0	0	0	0	0	0	0	0	0	0	0	272	0	0	0	0	0	0	0	0	0	0	0	0	0	0	0	2190	0	2938	0	0	0	0	0	0	0	0	0	0	0	0	0	0	0	0	0	0	0	0	0	0	0	0	0	0	0	0	0	0	0	0	0	0	0	0	0	0	0	0	0	0	
131700	Thalamus_L	15096	3374	1156	356	0	0	1554	0	0	0	684	0	0	0	0	0	202	0	1036	146	0	0	0	0	0	0	0	0	2870	0	0	0	0	0	532	698	5640	724	808	358	0	0	0	0	0	0	208	0	0	0	0	0	0	0	998	0	218	0	0	0	0	0	0	0	0	0	0	0	1284	568	17286	904	3324	0	1394	0	0	3684	120	0	134	0	0	0	0	0	0	0	494	0	0	0	0	0	0	0	0	0	0	0	0	0	0	0	0	0	0	0	0	0	0	0	0	0	0	0	
168672	Thalamus_R	752	22450	0	8374	0	0	0	672	0	0	0	966	0	0	0	262	0	374	954	3726	0	0	0	0	0	0	0	0	154	1356	0	0	0	0	794	884	1600	5952	706	3074	0	84	0	0	0	0	108	976	0	0	0	0	0	0	0	808	0	236	0	0	0	0	0	0	0	0	116	398	874	0	214	18610	0	4136	0	0	3684	0	0	0	0	0	0	0	0	240	0	0	0	280	0	0	0	0	0	0	0	440	0	0	0	0	0	0	0	0	0	0	0	0	82	0	0	0	0	0	
64896	Heschl_L	5300	0	882	0	0	0	1496	0	0	0	1344	0	0	0	0	0	2210	0	806	0	0	0	0	0	0	0	0	0	5966	0	0	0	0	0	0	0	636	0	0	0	0	0	1310	0	0	0	200	0	196	0	750	0	0	0	804	0	3006	0	184	0	114	0	0	0	0	0	438	0	554	0	0	0	0	0	0	0	120	0	0	0	710	0	0	0	3084	0	0	0	2338	0	0	0	0	0	0	0	0	0	0	0	0	0	0	0	0	0	0	0	0	0	0	0	0	0	0	0	
21020	Heschl_R	0	132	0	184	0	0	0	0	0	0	0	244	0	0	0	0	0	1758	0	688	0	0	0	0	0	0	0	0	0	750	0	0	0	0	0	0	0	0	0	0	0	0	0	0	0	0	0	0	0	0	0	0	0	0	0	0	0	924	0	486	0	0	0	180	0	0	0	116	0	704	0	0	0	154	0	0	0	0	0	0	0	2318	0	0	0	1338	0	0	0	534	0	0	0	0	0	0	0	0	0	0	0	0	0	0	0	0	0	0	0	0	0	0	0	0	0	0	
189188	Temporal_Sup_L	3850	168	634	0	0	0	1046	0	0	0	1898	0	194	0	0	0	7492	0	2936	0	0	0	0	0	0	0	0	0	5762	0	0	0	0	0	0	0	1922	0	0	0	0	0	0	0	0	0	0	0	0	0	360	0	0	0	1958	0	6894	0	2802	0	2498	0	8514	0	3300	0	2356	0	2518	0	0	0	230	0	0	0	134	0	710	0	0	0	2930	0	22212	0	0	0	11276	0	0	0	0	0	0	0	0	0	0	0	0	0	0	0	0	0	0	0	0	0	0	0	0	0	0	0	
112796	Temporal_Sup_R	0	256	0	1066	0	0	0	640	0	0	0	910	0	0	0	0	0	4526	0	4548	0	0	0	0	0	0	0	0	0	2788	0	0	0	0	0	130	0	154	0	0	0	0	0	0	0	0	0	0	0	92	0	338	0	0	0	770	0	3836	0	3182	0	742	0	4262	0	4396	76	2286	0	5438	0	0	0	0	0	0	0	0	0	2318	0	0	0	950	0	7416	0	146	0	5132	0	0	0	0	0	0	0	0	0	0	0	0	0	0	0	0	0	0	0	0	0	0	0	0	0	0	
66352	Temporal_Pole_Sup_L	174	0	246	0	212	0	190	0	0	0	3396	0	386	0	684	0	1500	0	2214	0	86	0	0	0	0	0	0	0	6350	0	0	0	0	0	0	0	2036	0	202	0	518	0	0	0	0	0	0	0	0	0	0	0	0	0	1972	0	0	0	0	0	0	0	0	0	0	0	0	0	0	0	192	0	2046	0	0	0	0	0	0	0	2930	0	0	0	2884	0	1188	0	3770	0	0	0	0	0	0	0	0	0	0	0	0	0	0	0	0	0	0	0	0	0	0	0	0	0	0	0	
27968	Temporal_Pole_Sup_R	0	0	0	0	0	0	0	0	0	0	0	0	0	0	0	0	0	0	0	0	0	0	0	0	0	0	0	0	0	0	0	0	0	0	0	0	0	256	0	630	0	622	0	0	0	0	0	0	0	0	0	0	0	0	0	4610	0	0	0	0	0	0	0	0	0	0	0	0	0	0	0	0	0	0	0	0	0	0	0	0	0	950	0	0	0	808	0	2174	0	3934	0	0	0	0	0	0	0	0	0	0	0	0	0	0	0	0	0	0	0	0	0	0	0	0	0	0	
302824	Temporal_Mid_L	4770	190	220	0	0	0	346	0	0	0	0	0	0	0	0	0	590	0	152	0	0	0	0	0	0	0	0	0	1434	0	0	0	0	0	82	0	300	0	96	0	0	0	4896	0	378	0	1248	0	1812	0	20302	0	2860	0	1096	0	4946	0	3268	0	7892	0	8680	0	9322	0	9022	0	6770	0	0	0	0	0	0	0	0	0	3084	0	22212	0	2884	0	0	0	1384	0	31176	0	0	0	0	0	0	0	0	0	0	0	0	0	0	0	0	0	0	0	0	0	0	0	0	0	0	0	
220232	Temporal_Mid_R	0	1950	0	0	0	0	0	78	0	0	0	202	0	0	0	0	0	330	0	1478	0	0	0	0	0	0	0	0	0	1062	0	0	0	306	120	1000	0	732	0	0	0	0	68	9310	0	882	0	3898	0	1506	0	7314	0	642	0	1590	0	2336	0	10494	0	1400	0	4136	0	3168	416	14994	156	4574	0	0	0	0	0	0	0	240	0	1338	0	7416	0	808	0	0	0	568	0	25604	0	0	0	0	0	0	0	0	0	0	0	0	0	0	0	0	0	0	0	0	0	0	0	0	0	0	
11680	Temporal_Pole_Mid_L	0	0	0	0	0	0	0	0	0	0	0	0	0	0	0	0	0	0	0	0	0	0	0	0	0	0	0	0	198	0	0	0	0	0	0	0	258	0	134	0	192	0	0	0	0	0	0	0	0	0	0	0	0	0	866	0	0	0	0	0	0	0	0	0	0	0	0	0	0	0	0	0	0	0	0	0	0	0	0	0	0	0	1188	0	1384	0	0	0	1620	0	0	0	0	0	0	0	0	0	0	0	0	0	0	0	0	0	0	0	0	0	0	0	0	0	0	0	
11100	Temporal_Pole_Mid_R	0	0	0	0	0	0	0	0	0	0	0	0	0	0	0	0	0	0	0	0	0	0	0	0	0	0	0	0	0	0	0	0	0	0	0	0	0	0	0	258	0	0	0	0	0	0	0	0	0	0	0	0	0	0	0	1348	0	0	0	0	0	0	0	0	0	0	0	0	0	0	0	0	0	0	0	0	0	0	0	0	0	146	0	2174	0	568	0	0	0	1056	0	0	0	0	0	0	0	0	0	0	0	0	0	0	0	0	0	0	0	0	0	0	0	0	0	0	
255872	Temporal_Inf_L	2904	0	86	0	0	0	326	0	0	0	168	0	68	0	0	0	296	0	984	0	0	0	0	0	0	0	0	0	5920	0	0	0	0	0	0	0	11510	0	450	0	176	0	2174	0	166	0	240	0	1224	0	8224	0	5144	0	18626	0	1494	0	840	0	2960	0	1866	0	2294	0	2026	0	2636	0	0	0	2050	0	0	0	494	0	2338	0	11276	0	3770	0	31176	0	1620	0	0	0	1760	0	142	0	0	0	0	0	270	0	122	0	116	0	0	0	0	0	0	0	0	0	0	0	0	0	
205016	Temporal_Inf_R	0	3466	0	150	0	0	0	404	0	0	0	546	0	0	0	0	0	740	0	1456	0	0	0	0	0	0	0	0	0	3306	0	0	0	68	120	1714	0	3154	0	82	0	0	0	2740	0	0	0	1160	0	0	0	158	0	1754	0	10250	0	2030	0	4780	0	1410	0	7328	0	1078	72	7900	212	3072	0	0	0	474	0	0	0	280	0	534	0	5132	0	3934	0	25604	0	1056	0	0	0	2902	0	206	0	322	0	392	0	1556	0	170	0	508	0	0	0	0	0	170	118	0	0	0	0	0	
418864	Cerebelum_Crus1_L	0	0	0	0	0	0	0	0	0	0	0	0	0	0	0	0	0	0	0	0	0	0	0	0	0	0	0	0	0	0	0	0	0	0	0	0	0	0	0	0	0	0	0	0	0	0	5904	6354	0	0	116	0	516	206	16880	1192	0	0	0	0	0	0	0	0	0	0	0	0	0	0	0	0	0	0	0	0	0	0	0	0	0	0	0	0	0	0	0	0	1760	0	0	4208	32820	1996	578	0	12790	1314	54494	4162	14014	284	19706	450	4652	88	1278	0	0	126	3726	12378	6228	812	400	0	
462808	Cerebelum_Crus1_R	0	0	0	0	0	0	0	0	0	0	0	0	0	0	0	0	0	0	0	0	0	0	0	0	0	0	0	0	0	0	0	0	0	0	0	0	0	0	0	0	0	0	0	0	0	0	282	3144	0	0	0	0	0	646	0	10620	0	0	0	0	0	0	0	0	0	0	0	0	0	0	0	0	0	0	0	0	0	0	0	0	0	0	0	0	0	0	0	0	0	2902	4208	0	3288	51978	0	5370	1816	10524	3406	44436	790	11940	1728	29462	180	6426	0	392	134	3772	4922	8630	13990	3740	2678	0	
309932	Cerebelum_Crus2_L	0	0	0	0	0	0	0	0	0	0	0	0	0	0	0	0	0	0	0	0	0	0	0	0	0	0	0	0	0	0	0	0	0	0	0	0	0	0	0	0	0	0	0	0	0	0	298	1178	0	0	0	0	0	120	542	536	0	0	0	0	0	0	0	0	0	0	0	0	0	0	0	0	0	0	0	0	0	0	0	0	0	0	0	0	0	0	0	0	142	0	32820	3288	0	8128	94	0	1370	236	6326	2336	36574	4858	31394	3840	6010	320	2120	0	0	122	252	2678	7828	1344	212	0	
374624	Cerebelum_Crus2_R	0	0	0	0	0	0	0	0	0	0	0	0	0	0	0	0	0	0	0	0	0	0	0	0	0	0	0	0	0	0	0	0	0	0	0	0	0	0	0	0	0	0	0	0	0	0	172	440	0	0	0	0	0	0	0	1054	0	0	0	0	0	0	0	0	0	0	0	0	0	0	0	0	0	0	0	0	0	0	0	0	0	0	0	0	0	0	0	0	0	206	1996	51978	8128	0	0	2176	1184	5974	960	17064	4018	22156	2218	35150	204	6914	78	310	80	1896	3606	2142	13964	2332	912	0	
30152	Cerebelum_3_L	0	0	0	0	0	0	0	0	0	0	0	0	0	0	0	0	0	0	0	0	0	0	0	0	0	0	0	0	0	0	0	0	0	0	0	0	0	0	220	0	0	0	0	0	0	0	292	0	0	0	0	0	0	0	222	0	0	0	0	0	0	0	0	0	0	0	0	0	0	0	0	0	0	0	0	0	0	0	0	0	0	0	0	0	0	0	0	0	0	0	578	0	94	0	0	0	4790	146	2004	0	0	0	108	0	1550	446	0	92	670	776	1058	642	452	468	468	0	
102592	Cerebelum_3_R	0	0	0	0	0	0	0	0	0	0	0	0	0	0	0	0	0	0	0	0	0	0	0	0	0	0	0	0	0	0	0	0	0	0	0	0	0	108	0	112	0	0	0	0	0	0	80	718	0	0	0	0	0	0	0	368	0	0	0	0	0	0	0	0	0	0	0	0	0	0	0	0	0	0	0	0	0	0	0	0	0	0	0	0	0	0	0	0	0	322	0	5370	0	2176	0	0	682	9150	152	10448	0	124	0	1276	176	1736	0	0	1336	7656	2706	2176	1000	1584	1840	0	
243616	Cerebelum_4_5_L	0	0	0	0	0	0	0	0	0	0	0	0	0	0	0	0	0	0	0	0	0	0	0	0	0	0	0	0	0	0	0	0	0	0	0	0	0	0	112	0	0	0	0	0	0	0	11494	1550	0	0	0	0	556	174	13406	692	0	0	0	0	0	0	0	0	0	0	0	0	0	0	0	0	0	0	0	0	0	0	0	0	0	0	0	0	0	0	0	0	0	0	12790	1816	1370	1184	4790	682	0	2816	33912	3284	536	0	1616	74	5906	970	100	0	1098	1908	12622	3146	580	978	1210	436	
229264	Cerebelum_4_5_R	0	0	0	0	0	0	0	0	0	0	0	0	0	0	0	0	0	0	0	0	0	0	0	0	0	0	0	0	0	0	0	0	0	0	0	78	0	820	0	1404	0	0	0	0	0	0	646	7450	0	0	0	0	0	914	144	9062	0	0	0	0	0	0	0	0	0	0	0	462	0	0	0	0	0	0	0	0	0	440	0	0	0	0	0	0	0	0	0	0	0	392	1314	10524	236	5974	146	9150	2816	0	2284	27302	0	108	0	1566	276	2132	0	0	188	4212	12522	5322	2042	2326	2380	0	
407144	Cerebelum_6_L	0	0	0	0	0	0	0	0	0	0	0	0	0	0	0	0	0	0	0	0	0	0	0	0	0	0	0	0	0	0	0	0	0	0	0	0	0	0	0	0	0	0	0	0	0	0	12928	6686	0	0	90	0	1042	104	28174	1320	0	0	0	0	0	0	0	0	0	0	0	0	0	0	0	0	0	0	0	0	0	0	0	0	0	0	0	0	0	0	0	0	270	0	54494	3406	6326	960	2004	152	33912	2284	0	4592	3234	0	5716	200	5952	800	336	84	166	200	8396	14562	3030	958	1006	188	
435588	Cerebelum_6_R	0	0	0	0	0	0	0	0	0	0	0	0	0	0	0	0	0	0	0	0	0	0	0	0	0	0	0	0	0	0	0	0	0	0	0	0	0	0	0	162	0	0	0	0	0	0	766	9098	0	0	0	0	0	2310	94	20634	0	0	0	0	0	0	0	0	0	0	0	0	0	0	0	0	0	0	0	0	0	0	0	0	0	0	0	0	0	0	0	0	0	1556	4162	44436	2336	17064	0	10448	3284	27302	4592	0	564	762	1304	8534	226	4382	0	252	284	5612	11500	15362	11968	4858	3942	0	
228232	Cerebelum_7b_L	0	0	0	0	0	0	0	0	0	0	0	0	0	0	0	0	0	0	0	0	0	0	0	0	0	0	0	0	0	0	0	0	0	0	0	0	0	0	0	0	0	0	0	0	0	0	0	234	0	0	0	0	0	0	94	194	0	0	0	0	0	0	0	0	0	0	0	0	0	0	0	0	0	0	0	0	0	0	0	0	0	0	0	0	0	0	0	0	122	0	14014	790	36574	4018	0	0	536	0	3234	564	0	3156	34132	3076	4938	288	1034	0	0	0	0	710	3326	2760	322	0	
145276	Cerebelum_7b_R	0	0	0	0	0	0	0	0	0	0	0	0	0	0	0	0	0	0	0	0	0	0	0	0	0	0	0	0	0	0	0	0	0	0	0	0	0	0	0	0	0	0	0	0	0	0	0	0	0	0	0	0	0	0	0	0	0	0	0	0	0	0	0	0	0	0	0	0	0	0	0	0	0	0	0	0	0	0	0	0	0	0	0	0	0	0	0	0	0	170	284	11940	4858	22156	0	124	0	108	0	762	3156	0	1560	20640	74	2062	0	0	0	70	0	74	3484	1116	0	0	
273328	Cerebelum_8_L	0	0	0	0	0	0	0	0	0	0	0	0	0	0	0	0	0	0	0	0	0	0	0	0	0	0	0	0	0	0	0	0	0	0	0	0	0	0	0	0	0	0	0	0	0	0	0	246	0	0	0	0	0	0	356	212	0	0	0	0	0	0	0	0	0	0	0	0	0	0	0	0	0	0	0	0	0	0	0	0	0	0	0	0	0	0	0	0	116	0	19706	1728	31394	2218	108	0	1616	0	5716	1304	34132	1560	0	3386	16354	684	4532	0	0	0	96	1734	4174	4266	1026	0	
289940	Cerebelum_8_R	0	0	0	0	0	0	0	0	0	0	0	0	0	0	0	0	0	0	0	0	0	0	0	0	0	0	0	0	0	0	0	0	0	0	0	0	0	0	0	0	0	0	0	0	0	0	0	0	0	0	0	0	0	0	0	98	0	0	0	0	0	0	0	0	0	0	0	0	0	0	0	0	0	0	0	0	0	0	0	0	0	0	0	0	0	0	0	0	0	508	450	29462	3840	35150	0	1276	74	1566	200	8534	3076	20640	3386	0	500	17846	80	512	0	478	180	566	9098	5556	1894	0	
127872	Cerebelum_9_L	0	0	0	0	0	0	0	0	0	0	0	0	0	0	0	0	0	0	0	0	0	0	0	0	0	0	0	0	0	0	0	0	0	0	0	0	0	0	0	0	0	0	0	0	0	0	204	206	0	0	0	0	0	0	116	98	0	0	0	0	0	0	0	0	0	0	0	0	0	0	0	0	0	0	0	0	0	0	0	0	0	0	0	0	0	0	0	0	0	0	4652	180	6010	204	1550	176	5906	276	5952	226	4938	74	16354	500	0	1728	4356	112	94	174	2204	2340	850	1872	2098	486	
161580	Cerebelum_9_R	0	0	0	0	0	0	0	0	0	0	0	0	0	0	0	0	0	0	0	0	0	0	0	0	0	0	0	0	0	0	0	0	0	0	0	0	0	0	0	80	0	0	0	0	0	0	0	374	0	0	0	0	0	0	0	540	0	0	0	0	0	0	0	0	0	0	0	0	0	0	0	0	0	0	0	0	0	0	0	0	0	0	0	0	0	0	0	0	0	0	88	6426	320	6914	446	1736	970	2132	800	4382	288	2062	684	17846	1728	0	72	1410	758	934	2608	6006	4224	7886	8326	750	
28376	Cerebelum_10_L	0	0	0	0	0	0	0	0	0	0	0	0	0	0	0	0	0	0	0	0	0	0	0	0	0	0	0	0	0	0	0	0	0	0	0	0	0	0	0	0	0	0	0	0	0	0	0	0	0	0	0	0	0	0	0	0	0	0	0	0	0	0	0	0	0	0	0	0	0	0	0	0	0	0	0	0	0	0	0	0	0	0	0	0	0	0	0	0	0	0	1278	0	2120	78	0	0	100	0	336	0	1034	0	4532	80	4356	72	0	0	0	0	0	84	118	0	0	0	
8676	Cerebelum_10_R	0	0	0	0	0	0	0	0	0	0	0	0	0	0	0	0	0	0	0	0	0	0	0	0	0	0	0	0	0	0	0	0	0	0	0	0	0	0	0	0	0	0	0	0	0	0	0	0	0	0	0	0	0	0	0	0	0	0	0	0	0	0	0	0	0	0	0	0	0	0	0	0	0	0	0	0	0	0	0	0	0	0	0	0	0	0	0	0	0	0	0	392	0	310	92	0	0	0	84	252	0	0	0	512	112	1410	0	0	0	0	0	318	220	332	304	0	
25160	Vermis_1_2	0	0	0	0	0	0	0	0	0	0	0	0	0	0	0	0	0	0	0	0	0	0	0	0	0	0	0	0	0	0	0	0	0	0	0	0	0	0	0	0	0	0	0	0	0	0	0	0	0	0	0	0	0	0	0	0	0	0	0	0	0	0	0	0	0	0	0	0	0	0	0	0	0	0	0	0	0	0	0	0	0	0	0	0	0	0	0	0	0	0	0	134	0	80	670	1336	1098	188	166	284	0	0	0	0	94	758	0	0	0	3660	1576	852	266	658	760	0	
81548	Vermis_3	0	0	0	0	0	0	0	0	0	0	0	0	0	0	0	0	0	0	0	0	0	0	0	0	0	0	0	0	0	0	0	0	0	0	0	0	0	110	0	0	0	0	0	0	0	0	110	246	0	0	0	0	0	0	0	204	0	0	0	0	0	0	0	0	0	0	0	0	0	0	0	0	0	0	0	0	0	0	0	0	0	0	0	0	0	0	0	0	0	170	126	3772	122	1896	776	7656	1908	4212	200	5612	0	70	0	478	174	934	0	0	3660	0	4114	1562	686	904	1072	0	
220480	Vermis_4_5	0	0	0	0	0	0	0	0	0	0	0	0	0	0	0	0	0	0	0	0	0	0	0	0	0	0	0	0	0	0	0	0	0	0	0	1126	0	578	0	576	0	0	0	436	0	0	2502	6982	68	0	76	0	148	790	1516	4244	0	0	0	0	0	0	0	0	0	0	0	1420	0	0	0	0	0	90	0	0	0	82	0	0	0	0	0	0	0	0	0	0	0	118	3726	4922	252	3606	1058	2706	12622	12522	8396	11500	0	0	96	180	2204	2608	0	0	1576	4114	0	9040	1378	2600	3374	1008	
273720	Vermis_6	0	0	0	0	0	0	0	0	0	0	0	0	0	0	0	0	0	0	0	0	0	0	0	0	0	0	0	0	0	0	0	0	0	0	0	0	0	0	0	118	0	0	0	0	0	0	846	12054	0	0	0	0	0	1212	1478	6742	0	0	0	0	0	0	0	0	0	0	0	0	0	0	0	0	0	0	0	0	0	0	0	0	0	0	0	0	0	0	0	0	0	0	12378	8630	2678	2142	642	2176	3146	5322	14562	15362	710	74	1734	566	2340	6006	84	318	852	1562	9040	0	9248	6882	7298	658	
229920	Vermis_7	0	0	0	0	0	0	0	0	0	0	0	0	0	0	0	0	0	0	0	0	0	0	0	0	0	0	0	0	0	0	0	0	0	0	0	0	0	0	0	0	0	0	0	0	0	0	166	3480	0	0	0	0	0	358	114	2386	0	0	0	0	0	0	0	0	0	0	0	0	0	0	0	0	0	0	0	0	0	0	0	0	0	0	0	0	0	0	0	0	0	0	6228	13990	7828	13964	452	1000	580	2042	3030	11968	3326	3484	4174	9098	850	4224	118	220	266	686	1378	9248	0	6262	4040	0	
143816	Vermis_8	0	0	0	0	0	0	0	0	0	0	0	0	0	0	0	0	0	0	0	0	0	0	0	0	0	0	0	0	0	0	0	0	0	0	0	0	0	0	0	118	0	0	0	0	0	0	0	426	0	0	0	0	0	68	0	634	0	0	0	0	0	0	0	0	0	0	0	0	0	0	0	0	0	0	0	0	0	0	0	0	0	0	0	0	0	0	0	0	0	0	812	3740	1344	2332	468	1584	978	2326	958	4858	2760	1116	4266	5556	1872	7886	0	332	658	904	2600	6882	6262	0	9862	306	
