data	data	492220	308336	808032	877136	148972	94908	413532	221512	87020	29168	317404	280280	323968	215784	199828	101000	315156	154216	529992	685888	68264	87536	296052	393508	42108	92928	37896	35744	620636	445568	404108	567112	143204	430940	136812	143800	196876	355452	86968	185564	47444	48276	228440	318540	301132	269420	319604	267464	171312	299348	667916	330480	293436	103924	467852	430432	383412	158780	194184	71496	272968	70452	98620	82632	176668	118432	333660	409616	197048	83284	218844	470244	272216	334312	44520	30020	115056	143044	96484	49928	303128	126140	170892	46432	361308	267268	30812	22768	347452	256316	563980	528372	345820	354624	53832	61332	305652	244368	599416	537948	265512	149460	342612	305492	134152	160932	17608	17660	47104	82072	264916	325944	276604	183832	140200	29568	
data	data	Precentral_L	Precentral_R	Frontal_Sup_L	Frontal_Sup_R	Frontal_Sup_Orb_L	Frontal_Sup_Orb_R	Frontal_Mid_L	Frontal_Mid_R	Frontal_Mid_Orb_L	Frontal_Mid_Orb_R	Frontal_Inf_Oper_L	Frontal_Inf_Oper_R	Frontal_Inf_Tri_L	Frontal_Inf_Tri_R	Frontal_Inf_Orb_L	Frontal_Inf_Orb_R	Rolandic_Oper_L	Rolandic_Oper_R	Supp_Motor_Area_L	Supp_Motor_Area_R	Olfactory_L	Olfactory_R	Frontal_Sup_Medial_L	Frontal_Sup_Medial_R	Frontal_Med_Orb_L	Frontal_Med_Orb_R	Rectus_L	Rectus_R	Insula_L	Insula_R	Cingulum_Ant_L	Cingulum_Ant_R	Cingulum_Mid_L	Cingulum_Mid_R	Cingulum_Post_L	Cingulum_Post_R	Hippocampus_L	Hippocampus_R	ParaHippocampal_L	ParaHippocampal_R	Amygdala_L	Amygdala_R	Calcarine_L	Calcarine_R	Cuneus_L	Cuneus_R	Lingual_L	Lingual_R	Occipital_Sup_L	Occipital_Sup_R	Occipital_Mid_L	Occipital_Mid_R	Occipital_Inf_L	Occipital_Inf_R	Fusiform_L	Fusiform_R	Postcentral_L	Postcentral_R	Parietal_Sup_L	Parietal_Sup_R	Parietal_Inf_L	Parietal_Inf_R	SupraMarginal_L	SupraMarginal_R	Angular_L	Angular_R	Precuneus_L	Precuneus_R	Paracentral_Lobule_L	Paracentral_Lobule_R	Caudate_L	Caudate_R	Putamen_L	Putamen_R	Pallidum_L	Pallidum_R	Thalamus_L	Thalamus_R	Heschl_L	Heschl_R	Temporal_Sup_L	Temporal_Sup_R	Temporal_Pole_Sup_L	Temporal_Pole_Sup_R	Temporal_Mid_L	Temporal_Mid_R	Temporal_Pole_Mid_L	Temporal_Pole_Mid_R	Temporal_Inf_L	Temporal_Inf_R	Cerebelum_Crus1_L	Cerebelum_Crus1_R	Cerebelum_Crus2_L	Cerebelum_Crus2_R	Cerebelum_3_L	Cerebelum_3_R	Cerebelum_4_5_L	Cerebelum_4_5_R	Cerebelum_6_L	Cerebelum_6_R	Cerebelum_7b_L	Cerebelum_7b_R	Cerebelum_8_L	Cerebelum_8_R	Cerebelum_9_L	Cerebelum_9_R	Cerebelum_10_L	Cerebelum_10_R	Vermis_1_2	Vermis_3	Vermis_4_5	Vermis_6	Vermis_7	Vermis_8	Vermis_9	Vermis_10	
492220	Precentral_L	0	2668	31406	2866	0	0	18454	360	0	0	13116	0	5532	0	0	0	12790	0	27872	6042	0	0	232	0	0	0	0	0	9358	0	480	146	3088	730	2974	396	4254	258	734	98	0	0	146	0	264	0	0	0	0	0	2844	0	1682	0	1240	0	35252	252	1140	0	7978	0	1032	0	414	0	1032	0	18492	0	656	2374	2294	0	1108	156	10948	928	4116	0	3756	0	698	0	1536	0	0	0	1918	0	0	0	0	0	0	0	0	0	0	0	0	0	0	0	0	0	0	0	0	0	0	0	0	0	0	0	
308336	Precentral_R	2668	0	2358	14346	0	0	444	12982	0	0	142	6772	242	414	230	0	228	2940	3906	12640	0	0	154	172	0	0	0	0	2780	4430	702	614	458	4246	486	3078	860	3660	0	270	0	0	0	428	0	458	0	180	0	1720	0	2424	0	0	98	1626	666	21106	0	690	0	2142	0	4512	0	1198	0	5350	1162	6134	2412	5078	1612	1414	372	276	574	5076	0	452	328	388	110	0	0	1452	0	0	274	2234	0	0	0	0	0	0	0	0	0	0	0	0	0	0	0	0	0	0	0	0	0	0	0	0	0	0	
808032	Frontal_Sup_L	31406	2358	0	6998	10386	0	60684	1070	2424	0	14438	698	19104	276	8334	0	15072	210	68248	10308	140	0	41004	1064	558	124	190	0	22870	690	16576	2030	5832	1008	928	0	2540	128	374	0	108	0	0	0	0	0	0	0	0	0	256	0	276	0	660	0	7768	320	0	0	290	82	126	136	0	0	78	0	3872	0	2582	2506	11492	360	4230	130	8534	528	2294	0	5632	0	1992	0	572	0	0	0	1122	0	0	0	0	0	0	0	0	0	0	0	0	0	0	0	0	0	0	0	0	0	0	0	0	0	0	0	
877136	Frontal_Sup_R	2866	14346	6998	0	0	5230	598	24700	0	1234	2808	12014	1152	13404	302	4462	1930	8500	12254	71884	0	0	4832	45876	124	2870	0	0	5832	21242	8954	43530	1394	23048	300	938	720	8558	0	2992	0	0	0	0	0	0	0	210	0	0	0	430	0	0	96	1594	1490	176	0	0	82	0	0	0	0	0	0	404	1064	92	3622	29370	1548	20514	0	2420	598	12610	128	1090	1550	230	1242	418	116	662	0	0	254	666	0	0	0	0	0	0	0	0	0	0	0	0	0	0	0	0	0	0	0	0	0	0	0	0	0	0	
148972	Frontal_Sup_Orb_L	0	0	10386	0	0	0	2044	0	11626	0	252	0	1694	0	10888	0	136	0	324	0	898	0	5314	0	5482	104	6302	0	4874	0	4136	80	414	0	0	0	0	0	148	0	198	0	0	0	0	0	0	0	0	0	0	0	0	0	0	0	0	0	0	0	0	0	0	0	0	0	0	0	0	0	662	0	7416	0	0	0	0	0	0	0	126	0	982	0	0	0	0	0	0	0	0	0	0	0	0	0	0	0	0	0	0	0	0	0	0	0	0	0	0	0	0	0	0	0	0	0	
94908	Frontal_Sup_Orb_R	0	0	0	5230	0	0	0	502	0	3680	0	0	0	266	0	4722	0	0	0	0	136	1336	162	3250	520	8428	96	5606	0	648	338	868	0	0	0	0	0	0	0	0	0	0	0	0	0	0	0	0	0	0	0	0	0	0	0	0	0	0	0	0	0	0	0	0	0	0	0	0	0	0	108	5270	84	6204	0	0	0	0	0	0	0	0	0	0	0	0	0	0	0	0	0	0	0	0	0	0	0	0	0	0	0	0	0	0	0	0	0	0	0	0	0	0	0	0	0	0	
413532	Frontal_Mid_L	18454	444	60684	598	2044	0	0	226	2468	0	17682	166	30676	0	7560	0	8352	0	7870	652	0	0	14802	154	0	0	0	0	14076	130	5272	222	702	0	0	0	1102	96	200	0	0	0	0	0	0	0	0	0	0	0	110	0	156	0	240	0	3086	74	0	0	540	0	0	0	0	0	0	0	368	0	180	458	1570	0	240	0	450	0	1536	0	1944	0	718	0	192	0	0	0	272	0	0	0	0	0	0	0	0	0	0	0	0	0	0	0	0	0	0	0	0	0	0	0	0	0	0	0	
221512	Frontal_Mid_R	360	12982	1070	24700	0	502	226	0	0	1062	184	11402	270	14154	252	2754	328	5032	1212	4392	0	0	222	3430	0	0	0	0	1724	7812	1244	4562	102	1212	0	0	642	668	0	170	0	0	0	0	0	0	0	0	0	0	0	0	0	0	0	0	228	114	0	0	0	0	0	196	0	0	0	0	0	0	2162	760	1112	1510	0	284	174	210	0	1000	212	0	124	0	0	0	0	0	0	0	0	0	0	0	0	0	0	0	0	0	0	0	0	0	0	0	0	0	0	0	0	0	0	0	0	0	
87020	Frontal_Mid_Orb_L	0	0	2424	0	11626	0	2468	0	0	0	0	0	2148	0	14908	0	0	0	0	0	0	0	266	0	1520	0	2750	0	2402	0	412	0	0	0	0	0	0	0	0	0	0	0	0	0	0	0	0	0	0	0	0	0	0	0	0	0	0	0	0	0	0	0	0	0	0	0	0	0	0	0	102	0	2274	0	0	0	0	0	0	0	0	0	210	0	0	0	0	0	0	0	0	0	0	0	0	0	0	0	0	0	0	0	0	0	0	0	0	0	0	0	0	0	0	0	0	0	
29168	Frontal_Mid_Orb_R	0	0	0	1234	0	3680	0	1062	0	0	0	0	0	792	0	5900	0	0	0	0	0	0	0	156	0	0	0	0	0	604	0	0	0	0	0	0	0	0	0	0	0	0	0	0	0	0	0	0	0	0	0	0	0	0	0	0	0	0	0	0	0	0	0	0	0	0	0	0	0	0	0	140	0	1016	0	0	0	0	0	0	0	0	0	0	0	0	0	0	0	0	0	0	0	0	0	0	0	0	0	0	0	0	0	0	0	0	0	0	0	0	0	0	0	0	0	0	
317404	Frontal_Inf_Oper_L	13116	142	14438	2808	252	0	17682	184	0	0	0	1562	21528	0	454	0	15112	190	6520	618	0	0	1980	2116	0	0	0	0	19094	1234	6534	2942	726	0	0	0	76	0	202	0	0	0	0	0	0	0	0	0	0	0	0	0	0	0	162	0	2708	0	0	0	100	0	0	0	0	0	0	0	0	0	2046	4150	1422	96	0	0	0	0	558	0	8908	0	9042	0	0	0	0	0	0	0	0	0	0	0	0	0	0	0	0	0	0	0	0	0	0	0	0	0	0	0	0	0	0	0	0	0	
280280	Frontal_Inf_Oper_R	0	6772	698	12014	0	0	166	11402	0	0	1562	0	366	14776	102	550	1230	9180	702	7252	0	0	720	5538	0	0	0	0	2364	26448	2844	10668	206	6734	0	0	0	1776	0	1030	0	0	0	0	0	0	0	0	0	0	0	0	0	0	0	884	0	582	0	0	0	182	0	418	0	0	0	0	0	0	834	3008	356	4912	0	0	0	332	0	1006	946	362	934	200	0	0	0	0	0	0	0	0	0	0	0	0	0	84	0	0	0	0	0	0	0	0	0	0	0	0	0	0	0	0	0	0	
323968	Frontal_Inf_Tri_L	5532	242	19104	1152	1694	0	30676	270	2148	0	21528	366	0	74	18928	0	1580	0	3898	506	272	0	5782	608	0	0	0	0	26516	368	9960	1600	302	0	0	0	0	0	82	0	148	0	0	0	0	0	0	0	0	0	0	0	0	0	0	0	266	0	0	0	0	0	0	0	0	0	0	0	0	0	1716	1680	3242	0	0	0	0	0	80	0	516	0	1148	0	0	0	0	0	0	0	0	0	0	0	0	0	0	0	0	0	0	0	0	0	0	0	0	0	0	0	0	0	0	0	0	0	
215784	Frontal_Inf_Tri_R	0	414	276	13404	0	266	0	14154	0	792	0	14776	74	0	0	7756	0	622	120	4654	0	0	788	7888	0	0	0	0	276	20904	2216	10696	244	4686	0	0	0	0	0	0	0	0	0	0	0	0	0	0	0	0	0	0	0	0	0	0	0	0	0	0	0	0	0	0	0	0	0	0	0	0	226	1110	206	1344	0	0	0	0	0	0	0	0	0	0	0	0	0	0	0	0	0	0	0	0	0	0	0	0	0	0	0	0	0	0	0	0	0	0	0	0	0	0	0	0	0	0	
199828	Frontal_Inf_Orb_L	0	230	8334	302	10888	0	7560	252	14908	0	454	102	18928	0	0	0	182	0	742	166	2736	0	1972	134	0	0	644	0	15998	114	1070	412	0	0	0	0	982	0	414	0	810	0	0	0	0	0	0	0	0	0	0	0	0	0	202	0	0	0	0	0	0	0	0	0	0	0	0	0	0	0	1132	386	6186	78	0	0	0	0	0	0	224	0	3372	0	0	0	0	0	0	0	0	0	0	0	0	0	0	0	0	0	0	0	0	0	0	0	0	0	0	0	0	0	0	0	0	0	
101000	Frontal_Inf_Orb_R	0	0	0	4462	0	4722	0	2754	0	5900	0	550	0	7756	0	0	0	0	0	570	0	1348	0	1072	0	0	0	1020	0	12126	348	1168	0	670	0	0	0	0	0	128	0	278	0	0	0	0	0	0	0	0	0	0	0	0	0	0	0	0	0	0	0	0	0	0	0	0	0	0	0	0	0	670	0	4218	0	0	0	0	0	0	0	242	0	298	0	122	0	78	0	0	0	0	0	0	0	0	0	0	0	0	0	0	0	0	0	0	0	0	0	0	0	0	0	0	0	0	
315156	Rolandic_Oper_L	12790	228	15072	1930	136	0	8352	328	0	0	15112	1230	1580	0	182	0	0	226	9300	696	0	0	328	1206	0	0	0	0	25838	946	1246	1838	576	0	0	0	314	0	0	0	0	0	0	0	0	0	0	0	0	0	410	0	172	0	86	0	13104	0	146	0	1554	0	1474	0	1256	0	0	0	738	0	2384	2496	1408	94	0	0	0	0	3982	0	17812	0	7958	0	2404	0	0	0	646	0	0	0	0	0	0	0	0	0	0	0	0	0	0	0	0	0	0	0	0	0	0	0	0	0	0	0	
154216	Rolandic_Oper_R	0	2940	210	8500	0	0	0	5032	0	0	190	9180	0	622	0	0	226	0	206	6218	0	0	76	568	0	0	0	0	372	15190	1388	2026	0	2018	0	0	0	2622	0	596	0	0	0	0	0	0	0	0	0	0	0	0	0	0	0	656	0	2166	0	0	0	106	0	1668	0	176	0	0	0	0	240	110	396	2716	266	0	0	130	0	5380	208	2818	170	604	0	444	0	0	0	674	0	0	0	0	0	0	0	0	0	0	0	0	0	0	0	0	0	0	0	0	0	0	0	0	0	0	
529992	Supp_Motor_Area_L	27872	3906	68248	12254	324	0	7870	1212	0	0	6520	702	3898	120	742	0	9300	206	0	27782	94	0	5180	574	0	0	0	0	11154	696	4300	2600	8438	7476	1660	0	1696	122	228	0	92	0	0	0	102	0	0	0	0	0	264	0	152	0	814	0	5742	568	0	0	108	0	0	132	0	0	134	0	8074	0	3280	3172	6602	248	2920	222	7714	694	1348	0	4238	0	1298	0	422	0	0	0	1382	0	100	0	0	0	0	0	0	0	0	0	0	0	0	0	0	0	0	0	0	0	0	0	0	0	0	0	
685888	Supp_Motor_Area_R	6042	12640	10308	71884	0	0	652	4392	0	0	618	7252	506	4654	166	570	696	6218	27782	0	0	0	530	10250	0	146	0	0	2534	11900	9124	16562	5032	40430	492	4274	436	7502	0	2366	0	0	0	714	0	1020	0	314	0	1088	0	1454	0	0	76	2502	2112	1688	0	76	82	0	0	0	0	0	90	4916	2618	8380	1552	16532	1148	12972	0	1782	128	9672	132	1004	544	256	206	378	84	1264	0	0	236	1966	0	0	0	0	0	0	0	0	0	0	0	0	0	0	0	0	0	0	0	0	0	0	0	0	0	0	
68264	Olfactory_L	0	0	140	0	898	136	0	0	0	0	0	0	272	0	2736	0	0	0	94	0	0	3012	0	0	224	378	598	170	4396	0	2454	1120	0	0	0	0	1146	0	1212	0	1740	0	0	0	0	0	0	0	0	0	0	0	0	0	244	0	0	0	0	0	0	0	0	0	0	0	0	0	0	0	4318	2756	2580	1108	282	0	0	0	0	0	220	0	1898	0	0	0	0	0	0	0	0	0	0	0	0	0	0	0	0	0	0	0	0	0	0	0	0	0	0	0	0	0	0	0	0	0	
87536	Olfactory_R	0	0	0	0	0	1336	0	0	0	0	0	0	0	0	0	1348	0	0	0	0	3012	0	0	0	74	2740	140	1666	0	1468	2844	3226	0	0	0	0	0	80	0	510	0	712	0	0	0	0	0	0	0	0	0	0	0	0	0	0	0	0	0	0	0	0	0	0	0	0	0	0	0	0	7040	10282	3228	2770	676	508	0	0	0	0	0	0	0	108	0	0	0	0	0	0	0	0	0	0	0	0	0	0	0	0	0	0	0	0	0	0	0	0	0	0	0	0	0	0	0	0	
296052	Frontal_Sup_Medial_L	232	154	41004	4832	5314	162	14802	222	266	0	1980	720	5782	788	1972	0	328	76	5180	530	0	0	0	12490	2230	738	354	0	4320	1266	20980	8260	3248	5392	0	0	0	0	0	0	0	0	0	0	0	0	0	0	0	0	0	0	0	0	0	0	0	0	0	0	0	0	0	0	0	0	0	0	0	0	796	554	2580	220	0	0	0	0	0	0	114	0	140	0	0	0	0	0	0	0	0	0	0	0	0	0	0	0	0	0	0	0	0	0	0	0	0	0	0	0	0	0	0	0	0	0	
393508	Frontal_Sup_Medial_R	0	172	1064	45876	0	3250	154	3430	0	156	2116	5538	608	7888	134	1072	1206	568	574	10250	0	0	12490	0	670	3620	0	0	2792	9238	6396	35172	910	20770	0	0	0	476	0	202	0	0	0	0	0	0	0	0	0	0	0	0	0	0	0	142	0	0	0	0	0	0	0	0	0	0	0	0	0	0	1146	11948	88	4708	0	0	0	0	0	0	930	0	1000	0	0	0	0	0	0	0	0	0	0	0	0	0	0	0	0	0	0	0	0	0	0	0	0	0	0	0	0	0	0	0	0	0	
42108	Frontal_Med_Orb_L	0	0	558	124	5482	520	0	0	1520	0	0	0	0	0	0	0	0	0	0	0	224	74	2230	670	0	1796	2956	274	0	0	3644	120	0	0	0	0	0	0	0	0	0	0	0	0	0	0	0	0	0	0	0	0	0	0	0	0	0	0	0	0	0	0	0	0	0	0	0	0	0	0	432	74	356	0	0	0	0	0	0	0	0	0	0	0	0	0	0	0	0	0	0	0	0	0	0	0	0	0	0	0	0	0	0	0	0	0	0	0	0	0	0	0	0	0	0	0	
92928	Frontal_Med_Orb_R	0	0	124	2870	104	8428	0	0	0	0	0	0	0	0	0	0	0	0	0	146	378	2740	738	3620	1796	0	348	4846	0	0	2006	5830	0	0	0	0	0	0	0	0	0	0	0	0	0	0	0	0	0	0	0	0	0	0	0	0	0	0	0	0	0	0	0	0	0	0	0	0	0	0	254	7512	94	4630	0	0	0	0	0	0	0	0	0	0	0	0	0	0	0	0	0	0	0	0	0	0	0	0	0	0	0	0	0	0	0	0	0	0	0	0	0	0	0	0	0	0	
37896	Rectus_L	0	0	190	0	6302	96	0	0	2750	0	0	0	0	0	644	0	0	0	0	0	598	140	354	0	2956	348	0	474	396	0	1358	0	0	0	0	0	0	0	0	0	0	0	0	0	0	0	0	0	0	0	0	0	0	0	0	0	0	0	0	0	0	0	0	0	0	0	0	0	0	0	1212	126	1004	0	0	0	0	0	0	0	0	0	0	0	0	0	0	0	0	0	0	0	0	0	0	0	0	0	0	0	0	0	0	0	0	0	0	0	0	0	0	0	0	0	0	0	
35744	Rectus_R	0	0	0	0	0	5606	0	0	0	0	0	0	0	0	0	1020	0	0	0	0	170	1666	0	0	274	4846	474	0	0	464	86	522	0	0	0	0	0	0	0	0	0	118	0	0	0	0	0	0	0	0	0	0	0	0	0	0	0	0	0	0	0	0	0	0	0	0	0	0	0	0	90	1324	80	1132	0	0	0	0	0	0	0	0	0	0	0	0	0	0	0	0	0	0	0	0	0	0	0	0	0	0	0	0	0	0	0	0	0	0	0	0	0	0	0	0	0	0	
620636	Insula_L	9358	2780	22870	5832	4874	0	14076	1724	2402	0	19094	2364	26516	276	15998	0	25838	372	11154	2534	4396	0	4320	2792	0	0	396	0	0	1854	11728	5216	928	108	280	0	11794	372	1826	0	3678	0	0	0	0	0	0	0	0	0	1052	0	906	0	4556	0	5216	514	0	0	870	0	102	0	186	0	274	0	280	0	5842	7066	16052	686	0	382	250	180	8218	0	16370	0	13062	0	3064	0	0	0	7218	0	136	0	0	0	0	0	0	0	86	0	0	0	0	0	0	0	0	0	0	0	0	0	0	0	0	0	
445568	Insula_R	0	4430	690	21242	0	648	130	7812	0	604	1234	26448	368	20904	114	12126	946	15190	696	11900	0	1468	1266	9238	0	0	0	464	1854	0	3692	13914	276	9154	0	176	0	8712	0	3976	0	330	0	0	0	0	0	0	0	0	0	0	0	0	0	4750	0	630	0	0	0	234	0	374	0	0	0	264	0	0	954	3884	508	15946	0	0	0	728	0	3502	704	4940	668	926	0	1644	0	0	0	1702	0	0	0	0	0	0	0	124	0	300	0	0	0	0	0	0	0	0	0	0	0	0	0	0	0	0	
404108	Cingulum_Ant_L	480	702	16576	8954	4136	338	5272	1244	412	0	6534	2844	9960	2216	1070	348	1246	1388	4300	9124	2454	2844	20980	6396	3644	2006	1358	86	11728	3692	0	27310	3324	9258	0	0	0	594	0	334	0	0	0	0	0	0	0	0	0	0	0	0	0	0	0	372	0	86	0	0	0	0	0	0	0	0	0	0	0	0	7212	6888	8882	3938	0	102	0	0	0	226	540	0	574	82	0	0	0	0	0	0	0	0	0	0	0	0	0	0	0	0	0	0	0	0	0	0	0	0	0	0	0	0	0	0	0	0	
567112	Cingulum_Ant_R	146	614	2030	43530	80	868	222	4562	0	0	2942	10668	1600	10696	412	1168	1838	2026	2600	16562	1120	3226	8260	35172	120	5830	0	522	5216	13914	27310	0	2676	27334	0	0	90	1052	0	542	0	0	0	0	0	0	0	0	0	0	0	0	0	0	0	516	0	0	0	0	0	0	0	0	0	0	0	0	0	0	5346	26164	2234	10794	0	0	0	194	0	222	1508	0	1532	98	0	0	0	0	0	0	0	0	0	0	0	0	0	0	0	0	0	0	0	0	0	0	0	0	0	0	0	0	0	0	0	0	
143204	Cingulum_Mid_L	3088	458	5832	1394	414	0	702	102	0	0	726	206	302	244	0	0	576	0	8438	5032	0	0	3248	910	0	0	0	0	928	276	3324	2676	0	7554	2568	684	0	0	0	0	0	0	230	86	2682	220	0	0	1222	226	3254	214	332	0	110	0	320	0	1188	0	286	0	0	0	78	0	5346	564	3966	176	0	174	144	0	0	0	0	0	0	0	304	0	206	0	326	0	0	0	266	0	0	0	0	0	0	0	0	0	0	0	0	0	0	0	0	0	0	0	0	0	0	0	0	0	0	0	
430940	Cingulum_Mid_R	730	4246	1008	23048	0	0	0	1212	0	0	0	6734	0	4686	0	670	0	2018	7476	40430	0	0	5392	20770	0	0	0	0	108	9154	9258	27334	7554	0	1314	4354	0	1598	0	448	0	0	0	1752	0	2370	0	138	0	2210	0	2528	0	190	0	1264	0	2082	0	0	0	0	0	0	0	0	580	9334	1208	6366	0	1650	0	1562	0	0	0	162	0	304	0	100	0	152	0	810	0	0	0	1166	0	0	0	0	0	0	0	0	0	0	0	0	0	0	0	0	0	0	0	0	0	0	0	0	0	0	
136812	Cingulum_Post_L	2974	486	928	300	0	0	0	0	0	0	0	0	0	0	0	0	0	0	1660	492	0	0	0	0	0	0	0	0	280	0	0	0	2568	1314	0	3708	4250	476	2102	80	0	0	2498	0	4106	0	2014	0	1142	0	4756	102	1620	0	1856	0	1148	0	1594	0	1086	0	0	0	208	0	12856	756	2904	0	288	288	326	0	0	0	3260	2044	0	0	0	0	0	0	852	0	0	0	1084	0	0	0	0	0	0	0	0	0	0	0	0	0	0	0	0	0	0	0	0	0	0	0	0	0	0	0	
143800	Cingulum_Post_R	396	3078	0	938	0	0	0	0	0	0	0	0	0	0	0	0	0	0	0	4274	0	0	0	0	0	0	0	0	0	176	0	0	684	4354	3708	0	0	7644	0	976	0	0	0	1364	0	1416	0	2400	0	1188	0	2366	0	344	0	3082	0	850	0	0	0	0	0	0	0	0	314	14406	94	2188	342	768	0	100	0	0	3054	5116	0	0	0	0	0	0	0	1948	0	0	0	3512	0	0	0	0	0	0	0	552	0	0	0	0	0	0	0	0	0	0	0	0	268	0	0	0	0	0	
196876	Hippocampus_L	4254	860	2540	720	0	0	1102	642	0	0	76	0	0	0	982	0	314	0	1696	436	1146	0	0	0	0	0	0	0	11794	0	0	90	0	0	4250	0	0	282	12196	0	7102	0	966	0	0	0	2180	0	0	0	738	0	2224	0	12628	0	654	0	0	0	0	0	0	0	0	0	4642	0	260	0	1040	562	4582	80	358	82	2142	116	4306	0	1422	0	1400	0	126	0	0	0	7182	0	0	0	0	0	100	0	166	0	0	0	0	0	0	0	0	0	0	0	0	0	0	0	0	0	0	0	
355452	Hippocampus_R	258	3660	128	8558	0	0	96	668	0	0	0	1776	0	0	0	0	0	2622	122	7502	0	80	0	476	0	0	0	0	372	8712	594	1052	0	1598	476	7644	282	0	0	25492	0	6554	0	1210	0	200	0	3056	0	630	0	1762	0	348	0	30260	0	586	0	0	0	0	0	120	0	98	0	11504	0	614	300	578	240	14698	0	592	618	4242	0	1374	0	3766	0	1200	0	3696	0	0	100	14070	0	178	0	0	0	0	0	1604	0	992	0	0	0	0	0	0	0	0	0	0	368	0	0	0	0	0	
86968	ParaHippocampal_L	734	0	374	0	148	0	200	0	0	0	202	0	82	0	414	0	0	0	228	0	1212	0	0	0	0	0	0	0	1826	0	0	0	0	0	2102	0	12196	0	0	0	3386	0	694	0	0	0	2444	0	0	0	678	0	1204	0	5984	0	336	0	0	0	0	0	0	0	0	0	2532	0	0	0	0	0	2292	0	252	0	858	0	0	0	134	0	994	0	0	0	118	0	200	0	270	0	0	0	108	0	650	0	424	0	114	0	0	0	0	0	0	0	0	94	0	0	0	0	0	0	
185564	ParaHippocampal_R	98	270	0	2992	0	0	0	170	0	0	0	1030	0	0	0	128	0	596	0	2366	0	510	0	202	0	0	0	0	0	3976	334	542	0	448	80	976	0	25492	0	0	0	7334	0	0	0	0	0	1422	0	0	0	0	0	114	0	18500	0	0	0	0	0	0	0	0	0	0	0	1056	0	0	0	224	74	7276	0	284	234	2210	0	612	0	1880	0	1428	0	1012	0	658	0	3594	0	452	0	122	0	0	0	2864	0	1074	0	0	0	148	0	0	0	0	0	0	0	0	0	0	0	0	
47444	Amygdala_L	0	0	108	0	198	0	0	0	0	0	0	0	148	0	810	0	0	0	92	0	1740	0	0	0	0	0	0	0	3678	0	0	0	0	0	0	0	7102	0	3386	0	0	0	0	0	0	0	0	0	0	0	0	0	0	0	3082	0	0	0	0	0	0	0	0	0	0	0	0	0	0	0	170	0	460	0	0	0	0	0	0	0	270	0	1582	0	0	0	0	0	896	0	0	0	0	0	0	0	0	0	0	0	0	0	0	0	0	0	0	0	0	0	0	0	0	0	0	0	
48276	Amygdala_R	0	0	0	0	0	0	0	0	0	0	0	0	0	0	0	278	0	0	0	0	0	712	0	0	0	0	0	118	0	330	0	0	0	0	0	0	0	6554	0	7334	0	0	0	0	0	0	0	0	0	0	0	0	0	0	0	5200	0	0	0	0	0	0	0	0	0	0	0	0	0	0	0	0	0	1132	0	0	0	0	0	0	0	0	0	2394	0	0	0	86	0	0	0	0	0	0	0	0	0	0	0	0	0	0	0	0	0	0	0	0	0	0	0	0	0	0	0	0	
228440	Calcarine_L	146	0	0	0	0	0	0	0	0	0	0	0	0	0	0	0	0	0	0	0	0	0	0	0	0	0	0	0	0	0	0	0	230	0	2498	0	966	0	694	0	0	0	0	5870	16614	2510	14228	2354	9372	1330	27918	498	5094	250	1902	278	760	0	1844	0	1020	0	0	0	270	0	14652	132	1092	0	0	0	0	0	0	0	0	0	0	0	0	0	0	0	1530	0	0	0	168	0	0	0	0	0	0	0	0	0	0	0	0	0	0	0	0	0	0	0	0	0	0	0	0	0	0	0	
318540	Calcarine_R	0	428	0	0	0	0	0	0	0	0	0	0	0	0	0	0	0	0	0	714	0	0	0	0	0	0	0	0	0	0	0	0	86	1752	0	1364	0	1210	0	0	0	0	5870	0	5236	29000	3084	21312	0	21668	0	20100	0	10234	0	2946	0	676	0	700	0	0	0	0	0	98	708	19616	0	676	0	0	0	0	0	0	0	0	0	0	0	0	0	0	0	7884	0	0	0	3146	0	0	0	0	0	0	0	282	0	0	0	0	0	0	0	0	0	0	0	0	480	0	0	0	0	0	
301132	Cuneus_L	264	0	0	0	0	0	0	0	0	0	0	0	0	0	0	0	0	0	102	0	0	0	0	0	0	0	0	0	0	0	0	0	2682	0	4106	0	0	0	0	0	0	0	16614	5236	0	7608	2378	758	19508	1884	31868	264	3392	0	1388	0	4060	0	8880	80	3590	0	0	0	706	0	24046	1198	4274	0	0	0	0	0	0	0	0	0	0	0	84	0	0	0	3480	0	0	0	2116	0	0	0	0	0	0	0	0	0	0	0	0	0	0	0	0	0	0	0	0	0	0	0	0	0	0	0	
269420	Cuneus_R	0	458	0	0	0	0	0	0	0	0	0	0	0	0	0	0	0	0	0	1020	0	0	0	0	0	0	0	0	0	0	0	0	220	2370	0	1416	0	200	0	0	0	0	2510	29000	7608	0	508	3756	0	33696	0	18214	0	1492	0	238	0	516	0	2314	0	0	0	0	0	112	3110	19414	0	608	0	0	0	0	0	0	0	0	0	0	0	0	0	0	0	4782	0	0	0	1058	0	0	0	0	0	0	0	0	0	0	0	0	0	0	0	0	0	0	0	0	90	0	0	0	0	0	
319604	Lingual_L	0	0	0	0	0	0	0	0	0	0	0	0	0	0	0	0	0	0	0	0	0	0	0	0	0	0	0	0	0	0	0	0	0	0	2014	0	2180	0	2444	0	0	0	14228	3084	2378	508	0	5624	1964	190	19028	116	13892	242	23058	1322	138	0	198	0	150	0	0	0	0	0	5256	0	98	0	0	0	0	0	0	0	0	0	0	0	0	0	0	0	246	0	0	0	0	0	6268	3896	952	86	356	618	10088	2092	14442	5646	0	0	0	0	324	146	0	0	346	882	6526	8146	500	0	130	0	
267464	Lingual_R	0	180	0	210	0	0	0	0	0	0	0	0	0	0	0	0	0	0	0	314	0	0	0	0	0	0	0	0	0	0	0	0	0	138	0	2400	0	3056	0	1422	0	0	2354	21312	758	3756	5624	0	0	5226	0	3514	0	8762	2056	16696	0	84	0	0	0	0	0	0	0	0	0	9212	0	124	0	0	0	0	0	0	0	0	0	0	0	0	0	0	0	548	0	0	0	1894	2098	4956	684	682	76	0	1754	6286	5748	9220	0	0	112	0	0	0	0	0	0	0	4394	7872	210	0	0	0	
171312	Occipital_Sup_L	0	0	0	0	0	0	0	0	0	0	0	0	0	0	0	0	0	0	0	0	0	0	0	0	0	0	0	0	0	0	0	0	1222	0	1142	0	0	0	0	0	0	0	9372	0	19508	0	1964	0	0	0	31868	0	1058	0	280	0	326	0	5718	0	1134	0	0	0	204	0	9544	282	1224	0	0	0	0	0	0	0	0	0	0	0	0	0	0	0	420	0	0	0	390	0	0	0	0	0	0	0	0	0	0	0	0	0	0	0	0	0	0	0	0	0	0	0	0	0	0	0	
299348	Occipital_Sup_R	0	1720	0	0	0	0	0	0	0	0	0	0	0	0	0	0	0	0	0	1088	0	0	0	0	0	0	0	0	0	0	0	0	226	2210	0	1188	0	630	0	0	0	0	1330	21668	1884	33696	190	5226	0	0	0	28426	0	1678	0	1432	0	2318	0	8960	0	1230	0	0	0	4196	1830	21656	0	972	0	0	0	0	0	0	0	0	0	0	0	0	0	0	0	4708	0	0	0	1212	0	0	0	0	0	0	0	0	0	0	0	0	0	0	0	0	0	0	0	0	0	0	0	0	0	0	
667916	Occipital_Mid_L	2844	0	256	0	0	0	110	0	0	0	0	0	0	0	0	0	410	0	264	0	0	0	0	0	0	0	0	0	1052	0	0	0	3254	0	4756	0	738	0	678	0	0	0	27918	0	31868	0	19028	0	31868	0	0	0	39932	0	13958	0	11026	0	21234	0	19512	0	514	0	20214	0	28636	272	10724	0	0	0	0	0	0	0	0	0	932	0	1766	0	0	0	27582	0	0	0	12428	0	106	0	0	0	0	0	0	0	78	0	0	0	0	0	0	0	0	0	0	0	0	0	0	0	0	0	
330480	Occipital_Mid_R	0	2424	0	430	0	0	0	0	0	0	0	0	0	0	0	0	0	0	0	1454	0	0	0	0	0	0	0	0	0	0	0	0	214	2528	102	2366	0	1762	0	0	0	0	498	20100	264	18214	116	3514	0	28426	0	0	0	5048	0	3276	0	2274	0	2076	0	4556	0	196	0	14478	932	20260	0	930	0	0	0	0	0	0	0	0	0	0	0	786	0	0	0	24322	0	0	0	3694	0	0	0	0	0	0	0	0	0	0	0	0	0	0	0	0	0	0	0	0	0	0	0	0	0	0	
293436	Occipital_Inf_L	1682	0	276	0	0	0	156	0	0	0	0	0	0	0	0	0	172	0	152	0	0	0	0	0	0	0	0	0	906	0	0	0	332	0	1620	0	2224	0	1204	0	0	0	5094	0	3392	0	13892	0	1058	0	39932	0	0	0	17880	0	1530	0	1266	0	3406	0	2644	0	5108	0	4594	0	1592	0	0	0	0	0	0	0	0	0	1970	0	1550	0	0	0	13940	0	0	0	19014	0	132	0	0	0	0	0	0	0	0	0	0	0	0	0	0	0	0	0	0	0	0	0	0	0	0	0	
103924	Occipital_Inf_R	0	0	0	0	0	0	0	0	0	0	0	0	0	0	0	0	0	0	0	0	0	0	0	0	0	0	0	0	0	0	0	0	0	190	0	344	0	348	0	114	0	0	250	10234	0	1492	242	8762	0	1678	0	5048	0	0	128	9636	0	0	0	0	0	0	0	0	0	0	0	3476	0	0	0	0	0	0	0	0	0	0	0	0	0	88	0	0	0	2406	0	0	0	4920	90	378	0	0	0	0	0	180	264	910	0	0	0	0	0	0	0	0	0	0	136	648	0	0	0	0	
467852	Fusiform_L	1240	98	660	96	0	0	240	0	0	0	162	0	0	0	202	0	86	0	814	76	244	0	0	0	0	0	0	0	4556	0	0	0	110	0	1856	0	12628	0	5984	0	3082	0	1902	0	1388	0	23058	2056	280	0	13958	0	17880	128	0	896	226	0	204	0	214	0	0	0	212	0	3138	0	804	0	0	280	890	0	0	96	162	0	2232	0	1630	0	1878	0	1078	0	1370	0	18090	0	26724	3148	2838	228	726	168	14576	800	36930	4572	1916	0	2122	134	124	318	0	0	160	234	3190	7484	896	202	252	0	
430432	Fusiform_R	0	1626	0	1594	0	0	0	0	0	0	0	884	0	0	0	0	0	656	0	2502	0	0	0	142	0	0	0	0	0	4750	372	516	0	1264	0	3082	0	30260	0	18500	0	5200	278	2946	0	238	1322	16696	0	1432	0	3276	0	9636	896	0	0	578	0	0	0	0	0	554	0	374	0	8026	0	626	0	144	0	5670	0	0	0	228	0	828	0	4906	0	5270	0	5142	0	1914	0	28358	898	10916	272	854	0	0	334	8098	2204	14670	0	0	0	526	0	0	0	0	0	0	2316	3304	138	0	0	0	
383412	Postcentral_L	35252	666	7768	1490	0	0	3086	228	0	0	2708	0	266	0	0	0	13104	0	5742	2112	0	0	0	0	0	0	0	0	5216	0	0	0	320	0	1148	0	654	0	336	0	0	0	760	0	4060	0	138	0	326	0	11026	0	1530	0	226	0	0	124	10296	0	27556	0	11072	0	6676	0	4728	0	10584	0	0	906	1084	0	352	0	136	0	3466	0	7962	0	0	0	4972	0	0	0	3630	0	0	0	0	0	0	0	0	0	0	0	0	0	0	0	0	0	0	0	0	0	0	0	0	0	0	0	
158780	Postcentral_R	252	21106	320	176	0	0	74	114	0	0	0	582	0	0	0	0	0	2166	568	1688	0	0	0	0	0	0	0	0	514	630	86	0	0	2082	0	850	0	586	0	0	0	0	0	676	0	516	0	84	0	2318	0	2274	0	0	0	578	124	0	0	4468	0	5328	0	11626	0	1440	0	8938	0	5956	308	0	562	0	388	0	0	0	0	124	120	372	0	0	0	602	0	0	0	794	0	0	0	0	0	0	0	0	0	0	0	0	0	0	0	0	0	0	0	0	0	0	0	0	0	0	
194184	Parietal_Sup_L	1140	0	0	0	0	0	0	0	0	0	0	0	0	0	0	0	146	0	0	0	0	0	0	0	0	0	0	0	0	0	0	0	1188	0	1594	0	0	0	0	0	0	0	1844	0	8880	0	198	0	5718	0	21234	0	1266	0	204	0	10296	0	0	0	15766	0	86	0	2128	0	14460	234	4368	0	0	0	0	0	0	0	0	0	118	0	366	0	0	0	3140	0	0	0	2718	0	0	0	0	0	0	0	0	0	0	0	0	0	0	0	0	0	0	0	0	0	0	0	0	0	0	0	
71496	Parietal_Sup_R	0	690	0	0	0	0	0	0	0	0	0	0	0	0	0	0	0	0	0	76	0	0	0	0	0	0	0	0	0	0	0	0	0	0	0	0	0	0	0	0	0	0	0	700	80	2314	0	0	0	8960	0	2076	0	0	0	0	0	4468	0	0	0	4138	0	1028	0	3012	770	7222	0	78	0	0	0	0	0	0	0	0	0	0	0	0	0	0	0	136	0	0	0	0	0	0	0	0	0	0	0	0	0	0	0	0	0	0	0	0	0	0	0	0	0	0	0	0	0	0	
272968	Parietal_Inf_L	7978	0	290	82	0	0	540	0	0	0	100	0	0	0	0	0	1554	0	108	82	0	0	0	0	0	0	0	0	870	0	0	0	286	0	1086	0	0	0	0	0	0	0	1020	0	3590	0	150	0	1134	0	19512	0	3406	0	214	0	27556	0	15766	0	0	0	12858	0	13946	0	4048	0	2880	0	0	0	0	0	0	0	0	0	382	0	2728	0	0	0	8622	0	0	0	5696	0	0	0	0	0	0	0	0	0	0	0	0	0	0	0	0	0	0	0	0	0	0	0	0	0	0	0	
70452	Parietal_Inf_R	0	2142	82	0	0	0	0	0	0	0	0	182	0	0	0	0	0	106	0	0	0	0	0	0	0	0	0	0	0	234	0	0	0	0	0	0	0	0	0	0	0	0	0	0	0	0	0	0	0	1230	0	4556	0	0	0	0	0	5328	0	4138	0	0	0	5148	0	10344	0	602	0	0	0	0	0	0	0	0	0	0	0	0	0	154	0	0	0	980	0	0	0	0	0	0	0	0	0	0	0	0	0	0	0	0	0	0	0	0	0	0	0	0	0	0	0	0	0	0	
98620	SupraMarginal_L	1032	0	126	0	0	0	0	0	0	0	0	0	0	0	0	0	1474	0	0	0	0	0	0	0	0	0	0	0	102	0	0	0	0	0	0	0	0	0	0	0	0	0	0	0	0	0	0	0	0	0	514	0	2644	0	0	0	11072	0	86	0	12858	0	0	0	3988	0	0	0	242	0	0	0	0	0	0	0	0	0	0	0	6534	0	0	0	5750	0	0	0	2888	0	0	0	0	0	0	0	0	0	0	0	0	0	0	0	0	0	0	0	0	0	0	0	0	0	0	0	
82632	SupraMarginal_R	0	4512	136	0	0	0	0	196	0	0	0	418	0	0	0	0	0	1668	132	0	0	0	0	0	0	0	0	0	0	374	0	0	0	0	0	0	0	120	0	0	0	0	0	0	0	0	0	0	0	0	0	196	0	0	0	554	0	11626	0	1028	0	5148	0	0	0	5720	0	0	0	0	178	0	0	0	0	0	0	0	0	338	0	5872	0	0	0	2326	0	0	0	774	0	0	0	0	0	0	0	0	0	0	0	0	0	0	0	0	0	0	0	0	0	0	0	0	0	0	
176668	Angular_L	414	0	0	0	0	0	0	0	0	0	0	0	0	0	0	0	1256	0	0	0	0	0	0	0	0	0	0	0	186	0	0	0	78	0	208	0	0	0	0	0	0	0	270	0	706	0	0	0	204	0	20214	0	5108	0	212	0	6676	0	2128	0	13946	0	3988	0	0	0	668	0	1966	0	0	0	0	0	0	0	0	0	390	0	4294	0	0	0	18052	0	0	0	7370	0	0	0	0	0	0	0	0	0	0	0	0	0	0	0	0	0	0	0	0	0	0	0	0	0	0	0	
118432	Angular_R	0	1198	0	0	0	0	0	0	0	0	0	0	0	0	0	0	0	176	0	0	0	0	0	0	0	0	0	0	0	0	0	0	0	0	0	0	0	98	0	0	0	0	0	98	0	112	0	0	0	4196	0	14478	0	0	0	374	0	1440	0	3012	0	10344	0	5720	0	0	0	222	0	0	0	0	0	0	0	0	0	0	0	204	0	4390	0	0	0	10834	0	0	0	2320	0	0	0	0	0	0	0	0	0	0	0	0	0	0	0	0	0	0	0	0	0	0	0	0	0	0	
333660	Precuneus_L	1032	0	78	0	0	0	0	0	0	0	0	0	0	0	0	0	0	0	134	90	0	0	0	0	0	0	0	0	274	0	0	0	5346	580	12856	314	4642	0	2532	0	0	0	14652	708	24046	3110	5256	0	9544	1830	28636	932	4594	0	3138	0	4728	0	14460	770	4048	0	0	0	668	0	0	6224	4914	0	0	0	310	0	0	0	390	0	0	0	102	0	0	0	3104	226	0	0	2562	0	0	0	0	0	0	0	0	0	0	0	0	0	0	0	0	0	0	0	0	0	0	0	0	0	0	0	
409616	Precuneus_R	0	5350	0	404	0	0	0	0	0	0	0	0	0	0	0	0	0	0	0	4916	0	0	0	0	0	0	0	0	0	264	0	0	564	9334	756	14406	0	11504	0	1056	0	0	132	19616	1198	19414	0	9212	282	21656	272	20260	0	3476	0	8026	0	8938	234	7222	0	602	0	0	0	222	6224	0	0	5820	0	0	0	128	0	0	114	1010	0	0	0	82	0	0	0	10368	0	0	0	9822	0	0	0	0	0	0	0	1176	0	0	0	0	0	0	0	0	0	0	0	0	748	0	0	0	0	0	
197048	Paracentral_Lobule_L	18492	1162	3872	1064	0	0	368	0	0	0	0	0	0	0	0	0	738	0	8074	2618	0	0	0	0	0	0	0	0	280	0	0	0	3966	1208	2904	94	260	0	0	0	0	0	1092	0	4274	0	98	0	1224	0	10724	0	1592	0	804	0	10584	0	4368	0	2880	0	242	0	1966	0	4914	0	0	868	162	252	0	0	0	0	1676	98	268	0	1282	0	0	0	2242	0	0	0	1814	0	0	0	0	0	0	0	0	0	0	0	0	0	0	0	0	0	0	0	0	0	0	0	0	0	0	0	
83284	Paracentral_Lobule_R	0	6134	0	92	0	0	0	0	0	0	0	0	0	0	0	0	0	0	0	8380	0	0	0	0	0	0	0	0	0	0	0	0	176	6366	0	2188	0	614	0	0	0	0	0	676	0	608	0	124	0	972	0	930	0	0	0	626	0	5956	0	78	0	0	0	0	0	0	0	5820	868	0	0	0	0	0	0	0	0	0	0	0	0	0	0	0	0	282	0	0	0	752	0	0	0	0	0	0	0	0	0	0	0	0	0	0	0	0	0	0	0	0	0	0	0	0	0	0	
218844	Caudate_L	656	2412	2582	3622	662	108	180	2162	102	0	2046	834	1716	226	1132	0	2384	240	3280	1552	4318	7040	796	1146	432	254	1212	90	5842	954	7212	5346	0	0	288	342	1040	300	0	0	170	0	0	0	0	0	0	0	0	0	0	0	0	0	0	0	0	308	0	0	0	0	0	178	0	0	0	0	162	0	0	17902	14622	2744	1824	774	4014	786	0	0	1678	0	1752	0	0	0	0	0	0	0	0	0	0	0	0	0	0	0	0	0	0	0	0	0	0	0	0	0	0	0	0	0	0	0	0	0	
470244	Caudate_R	2374	5078	2506	29370	0	5270	458	760	0	140	4150	3008	1680	1110	386	670	2496	110	3172	16532	2756	10282	554	11948	74	7512	126	1324	7066	3884	6888	26164	174	1650	288	768	562	578	0	224	0	0	0	0	0	0	0	0	0	0	0	0	0	0	280	144	906	0	0	0	0	0	0	0	0	0	0	0	252	0	17902	0	6744	20822	734	3064	1650	16138	0	0	2050	0	1916	0	0	0	0	0	428	0	0	0	0	0	0	0	0	0	0	0	0	0	0	0	0	0	0	0	0	0	0	0	0	0	0	0	
272216	Putamen_L	2294	1612	11492	1548	7416	84	1570	1112	2274	0	1422	356	3242	206	6186	0	1408	396	6602	1148	2580	3228	2580	88	356	94	1004	80	16052	508	8882	2234	144	0	326	0	4582	240	2292	74	460	0	0	0	0	0	0	0	0	0	0	0	0	0	890	0	1084	562	0	0	0	0	0	0	0	0	310	0	0	0	14622	6744	0	1836	6724	498	2236	112	136	0	1440	0	1686	0	190	0	0	0	866	0	0	0	0	0	0	0	0	0	0	0	0	0	0	0	0	0	0	0	0	0	0	0	0	0	0	0	
334312	Putamen_R	0	1414	360	20514	0	6204	0	1510	0	1016	96	4912	0	1344	78	4218	94	2716	248	12972	1108	2770	220	4708	0	4630	0	1132	686	15946	3938	10794	0	1562	0	100	80	14698	0	7276	0	1132	0	0	0	0	0	0	0	0	0	0	0	0	0	5670	0	0	0	0	0	0	0	0	0	0	0	128	0	0	2744	20822	1836	0	0	2872	0	1648	0	844	98	360	0	534	0	200	0	0	0	382	0	0	0	0	0	0	0	276	0	266	0	0	0	0	0	0	0	0	0	0	0	0	0	0	0	0	
44520	Pallidum_L	1108	372	4230	0	0	0	240	0	0	0	0	0	0	0	0	0	0	266	2920	0	282	676	0	0	0	0	0	0	0	0	0	0	0	0	0	0	358	0	252	0	0	0	0	0	0	0	0	0	0	0	0	0	0	0	0	0	352	388	0	0	0	0	0	0	0	0	0	0	0	0	1824	734	6724	0	0	106	1428	0	0	0	0	0	0	0	0	0	0	0	0	0	0	0	0	0	0	0	0	0	0	0	0	0	0	0	0	0	0	0	0	0	0	0	0	0	0	0	
30020	Pallidum_R	156	276	130	2420	0	0	0	284	0	0	0	0	0	0	0	0	0	0	222	1782	0	508	0	0	0	0	0	0	382	0	102	0	0	0	0	0	82	592	0	284	0	0	0	0	0	0	0	0	0	0	0	0	0	0	96	0	0	0	0	0	0	0	0	0	0	0	0	0	0	0	774	3064	498	2872	106	0	0	268	0	0	0	0	0	0	0	0	0	0	112	0	0	0	0	0	0	0	0	0	0	0	0	0	0	0	0	0	0	0	0	0	0	0	0	0	0	0	
115056	Thalamus_L	10948	574	8534	598	0	0	450	174	0	0	0	0	0	0	0	0	0	0	7714	128	0	0	0	0	0	0	0	0	250	0	0	0	0	0	3260	3054	2142	618	858	234	0	0	0	0	0	0	0	0	0	0	0	0	0	0	162	0	136	0	0	0	0	0	0	0	0	0	390	114	1676	0	4014	1650	2236	0	1428	0	0	6062	0	0	0	0	0	0	0	0	0	0	124	0	0	0	0	0	0	0	0	0	0	0	0	0	0	0	0	0	0	0	0	0	0	0	0	0	0	0	
143044	Thalamus_R	928	5076	528	12610	0	0	0	210	0	0	0	332	0	0	0	0	0	130	694	9672	0	0	0	0	0	0	0	0	180	728	0	194	0	162	2044	5116	116	4242	0	2210	0	0	0	0	0	0	0	0	0	0	0	0	0	0	0	228	0	0	0	0	0	0	0	0	0	0	0	1010	98	0	786	16138	112	1648	0	268	6062	0	0	0	0	0	0	0	0	0	0	0	0	0	0	0	0	0	0	0	0	0	0	0	0	0	0	0	0	0	0	0	0	0	0	0	0	0	0	0	
96484	Heschl_L	4116	0	2294	128	0	0	1536	0	0	0	558	0	80	0	0	0	3982	0	1348	132	0	0	0	0	0	0	0	0	8218	0	0	0	0	0	0	0	4306	0	0	0	0	0	0	0	0	0	0	0	0	0	932	0	1970	0	2232	0	3466	0	118	0	382	0	0	0	390	0	0	0	268	0	0	0	136	0	0	0	0	0	0	0	4366	0	0	0	3824	0	0	0	3460	0	0	0	0	0	0	0	0	0	0	0	0	0	0	0	0	0	0	0	0	0	0	0	0	0	0	0	
49928	Heschl_R	0	452	0	1090	0	0	0	1000	0	0	0	1006	0	0	0	0	0	5380	0	1004	0	0	0	0	0	0	0	0	0	3502	226	222	0	304	0	0	0	1374	0	612	0	0	0	0	0	0	0	0	0	0	0	0	0	0	0	828	0	124	0	0	0	0	0	338	0	204	0	0	0	0	0	0	0	844	0	0	0	0	0	0	0	4522	0	0	0	792	0	0	0	1140	0	0	0	0	0	0	0	0	0	0	0	0	0	0	0	0	0	0	0	0	0	0	0	0	0	0	
303128	Temporal_Sup_L	3756	328	5632	1550	126	0	1944	212	0	0	8908	946	516	0	224	0	17812	208	4238	544	220	0	114	930	0	0	0	0	16370	704	540	1508	304	0	0	0	1422	0	134	0	270	0	0	0	84	0	0	0	0	0	1766	0	1550	0	1630	0	7962	120	366	0	2728	0	6534	0	4294	0	102	0	1282	0	1678	2050	1440	98	0	0	0	0	4366	0	0	0	10092	0	23466	0	0	0	10496	0	0	0	0	0	0	0	0	0	0	0	0	0	0	0	0	0	0	0	0	0	0	0	0	0	0	0	
126140	Temporal_Sup_R	0	388	0	230	0	0	0	0	0	0	0	362	0	0	0	242	0	2818	0	256	0	0	0	0	0	0	0	0	0	4940	0	0	0	100	0	0	0	3766	0	1880	0	0	0	0	0	0	0	0	0	0	0	786	0	88	0	4906	0	372	0	0	0	154	0	5872	0	4390	0	82	0	0	0	0	0	360	0	0	0	0	0	4522	0	0	0	2382	0	17448	0	584	0	5878	0	0	0	0	0	0	0	0	0	264	0	0	0	0	0	0	0	0	0	0	0	0	0	0	0	0	
170892	Temporal_Pole_Sup_L	698	110	1992	1242	982	0	718	124	210	0	9042	934	1148	0	3372	0	7958	170	1298	206	1898	0	140	1000	0	0	0	0	13062	668	574	1532	206	0	0	0	1400	0	994	0	1582	0	0	0	0	0	0	0	0	0	0	0	0	0	1878	0	0	0	0	0	0	0	0	0	0	0	0	0	0	0	1752	1916	1686	0	0	0	0	0	0	0	10092	0	0	0	5678	0	4254	0	4930	0	0	0	0	0	0	0	0	0	0	0	0	0	0	0	0	0	0	0	0	0	0	0	0	0	0	0	
46432	Temporal_Pole_Sup_R	0	0	0	418	0	0	0	0	0	0	0	200	0	0	0	298	0	604	0	378	0	108	0	0	0	0	0	0	0	926	82	98	0	152	0	0	0	1200	0	1428	0	2394	0	0	0	0	0	0	0	0	0	0	0	0	0	5270	0	0	0	0	0	0	0	0	0	0	0	0	0	0	0	0	0	534	0	0	0	0	0	0	0	2382	0	0	0	1122	0	2738	0	2884	0	0	0	0	0	0	0	0	0	0	0	0	0	0	0	0	0	0	0	0	0	0	0	0	0	0	
361308	Temporal_Mid_L	1536	0	572	116	0	0	192	0	0	0	0	0	0	0	0	0	2404	0	422	84	0	0	0	0	0	0	0	0	3064	0	0	0	326	0	852	0	126	0	0	0	0	0	1530	0	3480	0	246	0	420	0	27582	0	13940	0	1078	0	4972	0	3140	0	8622	0	5750	0	18052	0	3104	0	2242	0	0	0	190	0	0	0	0	0	3824	0	23466	0	5678	0	0	0	5174	0	38470	0	0	0	0	0	0	0	0	0	0	0	0	0	0	0	0	0	0	0	0	0	0	0	0	0	0	0	
267268	Temporal_Mid_R	0	1452	0	662	0	0	0	0	0	0	0	0	0	0	0	122	0	444	0	1264	0	0	0	0	0	0	0	0	0	1644	0	0	0	810	0	1948	0	3696	0	1012	0	0	0	7884	0	4782	0	548	0	4708	0	24322	0	2406	0	5142	0	602	0	136	0	980	0	2326	0	10834	226	10368	0	282	0	0	0	200	0	0	0	0	0	792	0	17448	0	1122	0	0	0	2282	0	23074	0	0	0	0	0	0	0	0	0	116	0	0	0	0	0	0	0	0	0	0	0	0	0	0	0	0	
30812	Temporal_Pole_Mid_L	0	0	0	0	0	0	0	0	0	0	0	0	0	0	0	0	0	0	0	0	0	0	0	0	0	0	0	0	0	0	0	0	0	0	0	0	0	0	118	0	0	0	0	0	0	0	0	0	0	0	0	0	0	0	1370	0	0	0	0	0	0	0	0	0	0	0	0	0	0	0	0	0	0	0	0	0	0	0	0	0	0	0	4254	0	5174	0	0	0	4490	0	0	0	0	0	0	0	0	0	0	0	0	0	0	0	0	0	0	0	0	0	0	0	0	0	0	0	
22768	Temporal_Pole_Mid_R	0	0	0	0	0	0	0	0	0	0	0	0	0	0	0	78	0	0	0	0	0	0	0	0	0	0	0	0	0	0	0	0	0	0	0	0	0	0	0	658	0	86	0	0	0	0	0	0	0	0	0	0	0	0	0	1914	0	0	0	0	0	0	0	0	0	0	0	0	0	0	0	0	0	0	0	0	0	0	0	0	0	584	0	2738	0	2282	0	0	0	3044	0	0	0	0	0	0	0	0	0	0	0	0	0	0	0	0	0	0	0	0	0	0	0	0	0	0	
347452	Temporal_Inf_L	1918	274	1122	254	0	0	272	0	0	0	0	0	0	0	0	0	646	0	1382	236	0	0	0	0	0	0	0	0	7218	0	0	0	266	0	1084	0	7182	100	200	0	896	0	168	0	2116	0	0	0	390	0	12428	0	19014	0	18090	0	3630	0	2718	0	5696	0	2888	0	7370	0	2562	0	1814	0	0	428	866	0	0	112	124	0	3460	0	10496	0	4930	0	38470	0	4490	0	0	0	4826	0	1076	0	0	0	286	0	1234	0	412	0	582	0	0	0	0	0	0	0	0	0	0	0	0	0	
256316	Temporal_Inf_R	0	2234	0	666	0	0	0	0	0	0	0	0	0	0	0	0	0	674	0	1966	0	0	0	0	0	0	0	0	0	1702	0	0	0	1166	0	3512	0	14070	0	3594	0	0	0	3146	0	1058	0	1894	0	1212	0	3694	0	4920	0	28358	0	794	0	0	0	0	0	774	0	2320	0	9822	0	752	0	0	0	382	0	0	0	0	0	1140	0	5878	0	2884	0	23074	0	3044	0	0	0	1760	0	444	0	0	0	124	0	834	0	0	0	266	0	0	0	0	0	0	0	0	0	0	0	0	
563980	Cerebelum_Crus1_L	0	0	0	0	0	0	0	0	0	0	0	0	0	0	0	0	0	0	100	0	0	0	0	0	0	0	0	0	136	0	0	0	0	0	0	0	0	0	270	0	0	0	0	0	0	0	6268	2098	0	0	106	0	132	90	26724	898	0	0	0	0	0	0	0	0	0	0	0	0	0	0	0	0	0	0	0	0	0	0	0	0	0	0	0	0	0	0	0	0	4826	0	0	8088	36124	9424	2176	538	16568	1316	60584	9184	15100	3146	20950	6932	1992	3176	122	300	1416	1658	5310	12786	15112	4872	3216	252	
528372	Cerebelum_Crus1_R	0	0	0	0	0	0	0	0	0	0	0	0	0	0	0	0	0	0	0	0	0	0	0	0	0	0	0	0	0	0	0	0	0	0	0	0	0	178	0	452	0	0	0	0	0	0	3896	4956	0	0	0	0	0	378	3148	10916	0	0	0	0	0	0	0	0	0	0	0	0	0	0	0	0	0	0	0	0	0	0	0	0	0	0	0	0	0	0	0	0	0	1760	8088	0	2536	34910	652	2990	5028	25200	11542	72414	562	2786	1638	17852	924	3000	0	1118	184	1466	11788	15386	11662	3612	2782	382	
345820	Cerebelum_Crus2_L	0	0	0	0	0	0	0	0	0	0	0	0	0	0	0	0	0	0	0	0	0	0	0	0	0	0	0	0	0	0	0	0	0	0	0	0	0	0	0	0	0	0	0	0	0	0	952	684	0	0	0	0	0	0	2838	272	0	0	0	0	0	0	0	0	0	0	0	0	0	0	0	0	0	0	0	0	0	0	0	0	0	0	0	0	0	0	0	0	1076	0	36124	2536	0	7110	82	244	692	142	12464	2910	35198	4840	34146	3920	3118	1786	434	276	152	188	594	5096	8666	4280	2090	0	
354624	Cerebelum_Crus2_R	0	0	0	0	0	0	0	0	0	0	0	0	0	0	0	0	0	0	0	0	0	0	0	0	0	0	0	0	0	0	0	0	0	0	0	0	0	0	0	122	0	0	0	0	0	0	86	682	0	0	0	0	0	0	228	854	0	0	0	0	0	0	0	0	0	0	0	0	0	0	0	0	0	0	0	0	0	0	0	0	0	0	0	0	0	0	0	0	0	444	9424	34910	7110	0	0	216	216	1426	3348	15308	5282	22258	7860	35276	1072	2678	0	222	0	0	402	3026	17174	5400	2204	84	
53832	Cerebelum_3_L	0	0	0	0	0	0	0	0	0	0	0	0	0	0	0	0	0	0	0	0	0	0	0	0	0	0	0	0	0	0	0	0	0	0	0	0	100	0	108	0	0	0	0	0	0	0	356	76	0	0	0	0	0	0	726	0	0	0	0	0	0	0	0	0	0	0	0	0	0	0	0	0	0	0	0	0	0	0	0	0	0	0	0	0	0	0	0	0	0	0	2176	652	82	0	0	176	7546	676	4318	816	134	0	128	0	1402	508	0	0	1032	2106	2470	696	0	120	296	216	
61332	Cerebelum_3_R	0	0	0	0	0	0	0	0	0	0	0	0	0	0	0	0	0	0	0	0	0	0	0	0	0	0	0	0	0	0	0	0	0	0	0	0	0	0	0	0	0	0	0	0	0	0	618	0	0	0	0	0	0	0	168	0	0	0	0	0	0	0	0	0	0	0	0	0	0	0	0	0	0	0	0	0	0	0	0	0	0	0	0	0	0	0	0	0	0	0	538	2990	244	216	176	0	1256	4864	1328	5914	0	0	0	186	276	1054	0	0	1374	4424	1482	2136	0	432	908	82	
305652	Cerebelum_4_5_L	0	0	0	0	0	0	0	0	0	0	0	0	0	0	0	0	0	0	0	0	0	0	0	0	0	0	0	0	0	0	0	0	0	0	0	0	166	0	650	0	0	0	0	0	0	0	10088	1754	0	0	0	0	0	0	14576	334	0	0	0	0	0	0	0	0	0	0	0	0	0	0	0	0	0	0	0	0	0	0	0	0	0	0	0	0	0	0	0	0	286	0	16568	5028	692	216	7546	1256	0	5914	35716	6900	796	0	1038	354	3580	2996	132	0	2266	4502	18314	6362	560	1072	1734	1430	
244368	Cerebelum_4_5_R	0	0	0	0	0	0	0	0	0	0	0	84	0	0	0	0	0	0	0	0	0	0	0	0	0	0	0	0	0	124	0	0	0	0	0	552	0	1604	0	2864	0	0	0	282	0	0	2092	6286	0	0	0	0	0	180	800	8098	0	0	0	0	0	0	0	0	0	0	0	1176	0	0	0	0	0	276	0	0	0	0	0	0	0	0	0	0	0	0	0	0	0	124	1316	25200	142	1426	676	4864	5914	0	3556	34218	0	76	120	848	538	496	0	74	0	1180	14418	980	462	458	452	228	
599416	Cerebelum_6_L	0	0	0	0	0	0	0	0	0	0	0	0	0	0	0	0	0	0	0	0	0	0	0	0	0	0	0	0	86	0	0	0	0	0	0	0	0	0	424	0	0	0	0	0	0	0	14442	5748	0	0	78	0	0	264	36930	2204	0	0	0	0	0	0	0	0	0	0	0	0	0	0	0	0	0	0	0	0	0	0	0	0	0	0	0	0	0	0	0	0	1234	0	60584	11542	12464	3348	4318	1328	35716	3556	0	15630	4166	498	7062	2500	3220	5348	272	410	2198	3100	14634	25614	8742	5304	5384	1360	
537948	Cerebelum_6_R	0	0	0	0	0	0	0	0	0	0	0	0	0	0	0	0	0	0	0	0	0	0	0	0	0	0	0	0	0	300	0	0	0	0	0	0	0	992	0	1074	0	0	0	0	0	0	5646	9220	0	0	0	0	0	910	4572	14670	0	0	0	0	0	0	0	0	0	0	0	0	0	0	0	0	0	266	0	0	0	0	0	0	0	264	0	0	0	116	0	0	0	834	9184	72414	2910	15308	816	5914	6900	34218	15630	0	184	630	382	7982	816	2696	0	1358	516	2366	15740	20876	7840	2628	2428	374	
265512	Cerebelum_7b_L	0	0	0	0	0	0	0	0	0	0	0	0	0	0	0	0	0	0	0	0	0	0	0	0	0	0	0	0	0	0	0	0	0	0	0	0	0	0	114	0	0	0	0	0	0	0	0	0	0	0	0	0	0	0	1916	0	0	0	0	0	0	0	0	0	0	0	0	0	0	0	0	0	0	0	0	0	0	0	0	0	0	0	0	0	0	0	0	0	412	0	15100	562	35198	5282	134	0	796	0	4166	184	0	4586	40808	5064	6158	176	866	0	0	0	100	280	6052	4616	186	0	
149460	Cerebelum_7b_R	0	0	0	0	0	0	0	0	0	0	0	0	0	0	0	0	0	0	0	0	0	0	0	0	0	0	0	0	0	0	0	0	0	0	0	0	0	0	0	0	0	0	0	0	0	0	0	0	0	0	0	0	0	0	0	0	0	0	0	0	0	0	0	0	0	0	0	0	0	0	0	0	0	0	0	0	0	0	0	0	0	0	0	0	0	0	0	0	0	0	3146	2786	4840	22258	0	0	0	76	498	630	4586	0	4440	20920	288	386	0	0	0	0	0	0	5954	3546	376	0	
342612	Cerebelum_8_L	0	0	0	0	0	0	0	0	0	0	0	0	0	0	0	0	0	0	0	0	0	0	0	0	0	0	0	0	0	0	0	0	0	0	0	0	0	0	0	0	0	0	0	0	0	0	0	112	0	0	0	0	0	0	2122	0	0	0	0	0	0	0	0	0	0	0	0	0	0	0	0	0	0	0	0	0	0	0	0	0	0	0	0	0	0	0	0	0	582	0	20950	1638	34146	7860	128	0	1038	120	7062	382	40808	4440	0	9124	16546	1514	1536	0	0	0	314	534	10084	7760	2370	136	
305492	Cerebelum_8_R	0	0	0	0	0	0	0	0	0	0	0	0	0	0	0	0	0	0	0	0	0	0	0	0	0	0	0	0	0	0	0	0	0	0	0	0	0	0	0	148	0	0	0	0	0	0	0	0	0	0	0	0	0	0	134	526	0	0	0	0	0	0	0	0	0	0	0	0	0	0	0	0	0	0	0	0	0	0	0	0	0	0	0	0	0	0	0	0	0	266	6932	17852	3920	35276	0	186	354	848	2500	7982	5064	20920	9124	0	2372	12248	0	612	0	126	302	284	12242	8854	3428	246	
134152	Cerebelum_9_L	0	0	0	0	0	0	0	0	0	0	0	0	0	0	0	0	0	0	0	0	0	0	0	0	0	0	0	0	0	0	0	0	0	0	0	0	0	0	0	0	0	0	0	0	0	0	324	0	0	0	0	0	0	0	124	0	0	0	0	0	0	0	0	0	0	0	0	0	0	0	0	0	0	0	0	0	0	0	0	0	0	0	0	0	0	0	0	0	0	0	1992	924	3118	1072	1402	276	3580	538	3220	816	6158	288	16546	2372	0	2754	3344	114	294	608	2594	2574	3092	3748	4182	1022	
160932	Cerebelum_9_R	0	0	0	0	0	0	0	0	0	0	0	0	0	0	0	0	0	0	0	0	0	0	0	0	0	0	0	0	0	0	0	0	0	0	0	0	0	0	0	0	0	0	0	0	0	0	146	0	0	0	0	0	0	0	318	0	0	0	0	0	0	0	0	0	0	0	0	0	0	0	0	0	0	0	0	0	0	0	0	0	0	0	0	0	0	0	0	0	0	0	3176	3000	1786	2678	508	1054	2996	496	5348	2696	176	386	1514	12248	2754	0	184	2180	1320	2056	3378	5664	4732	7518	10182	1972	
17608	Cerebelum_10_L	0	0	0	0	0	0	0	0	0	0	0	0	0	0	0	0	0	0	0	0	0	0	0	0	0	0	0	0	0	0	0	0	0	0	0	0	0	0	0	0	0	0	0	0	0	0	0	0	0	0	0	0	0	0	0	0	0	0	0	0	0	0	0	0	0	0	0	0	0	0	0	0	0	0	0	0	0	0	0	0	0	0	0	0	0	0	0	0	0	0	122	0	434	0	0	0	132	0	272	0	866	0	1536	0	3344	184	0	0	0	0	0	470	346	462	506	130	
17660	Cerebelum_10_R	0	0	0	0	0	0	0	0	0	0	0	0	0	0	0	0	0	0	0	0	0	0	0	0	0	0	0	0	0	0	0	0	0	0	0	0	0	0	0	0	0	0	0	0	0	0	0	0	0	0	0	0	0	0	0	0	0	0	0	0	0	0	0	0	0	0	0	0	0	0	0	0	0	0	0	0	0	0	0	0	0	0	0	0	0	0	0	0	0	0	300	1118	276	222	0	0	0	74	410	1358	0	0	0	612	114	2180	0	0	0	0	0	564	216	476	672	238	
47104	Vermis_1_2	0	0	0	0	0	0	0	0	0	0	0	0	0	0	0	0	0	0	0	0	0	0	0	0	0	0	0	0	0	0	0	0	0	0	0	0	0	0	0	0	0	0	0	0	0	0	346	0	0	0	0	0	0	0	160	0	0	0	0	0	0	0	0	0	0	0	0	0	0	0	0	0	0	0	0	0	0	0	0	0	0	0	0	0	0	0	0	0	0	0	1416	184	152	0	1032	1374	2266	0	2198	516	0	0	0	0	294	1320	0	0	0	6856	3168	1400	0	264	606	0	
82072	Vermis_3	0	0	0	0	0	0	0	0	0	0	0	0	0	0	0	0	0	0	0	0	0	0	0	0	0	0	0	0	0	0	0	0	0	0	0	0	0	0	94	0	0	0	0	0	0	0	882	0	0	0	0	0	0	0	234	0	0	0	0	0	0	0	0	0	0	0	0	0	0	0	0	0	0	0	0	0	0	0	0	0	0	0	0	0	0	0	0	0	0	0	1658	1466	188	0	2106	4424	4502	1180	3100	2366	0	0	0	126	608	2056	0	0	6856	0	5444	2386	0	338	908	114	
264916	Vermis_4_5	0	0	0	0	0	0	0	0	0	0	0	0	0	0	0	0	0	0	0	0	0	0	0	0	0	0	0	0	0	0	0	0	0	0	0	268	0	368	0	0	0	0	0	480	0	90	6526	4394	0	0	0	0	0	136	3190	2316	0	0	0	0	0	0	0	0	0	0	0	748	0	0	0	0	0	0	0	0	0	0	0	0	0	0	0	0	0	0	0	0	0	0	5310	11788	594	402	2470	1482	18314	14418	14634	15740	100	0	314	302	2594	3378	0	0	3168	5444	0	9302	386	562	1464	1776	
325944	Vermis_6	0	0	0	0	0	0	0	0	0	0	0	0	0	0	0	0	0	0	0	0	0	0	0	0	0	0	0	0	0	0	0	0	0	0	0	0	0	0	0	0	0	0	0	0	0	0	8146	7872	0	0	0	0	0	648	7484	3304	0	0	0	0	0	0	0	0	0	0	0	0	0	0	0	0	0	0	0	0	0	0	0	0	0	0	0	0	0	0	0	0	0	0	12786	15386	5096	3026	696	2136	6362	980	25614	20876	280	0	534	284	2574	5664	470	564	1400	2386	9302	0	6114	4742	6274	1972	
