data	data	518344	352716	1.28714e+06	1.15439e+06	266716	239056	575232	311572	130764	64948	380840	304844	424320	272644	184836	188384	242100	195140	880608	988336	129804	183712	551372	715204	66068	149176	109024	77308	750132	587280	585140	812704	325096	750592	174572	247888	451880	451956	285436	419412	49160	67680	274956	390348	185872	453400	435204	513272	280504	506360	639048	502832	254076	148456	638696	721248	361340	239888	223764	190828	274064	260192	177036	147740	210976	254696	388760	626172	273156	206248	609172	830212	804924	653628	233608	279772	195636	256720	111584	91908	296248	236036	154288	111456	402808	397048	65564	82104	479784	291188	528572	586464	292220	487360	54544	67404	324672	305544	543168	543908	197068	234296	268608	329108	119692	147488	17860	6224	41540	70692	216388	250908	352256	179504	144300	43168	
data	data	Precentral_L	Precentral_R	Frontal_Sup_L	Frontal_Sup_R	Frontal_Sup_Orb_L	Frontal_Sup_Orb_R	Frontal_Mid_L	Frontal_Mid_R	Frontal_Mid_Orb_L	Frontal_Mid_Orb_R	Frontal_Inf_Oper_L	Frontal_Inf_Oper_R	Frontal_Inf_Tri_L	Frontal_Inf_Tri_R	Frontal_Inf_Orb_L	Frontal_Inf_Orb_R	Rolandic_Oper_L	Rolandic_Oper_R	Supp_Motor_Area_L	Supp_Motor_Area_R	Olfactory_L	Olfactory_R	Frontal_Sup_Medial_L	Frontal_Sup_Medial_R	Frontal_Med_Orb_L	Frontal_Med_Orb_R	Rectus_L	Rectus_R	Insula_L	Insula_R	Cingulum_Ant_L	Cingulum_Ant_R	Cingulum_Mid_L	Cingulum_Mid_R	Cingulum_Post_L	Cingulum_Post_R	Hippocampus_L	Hippocampus_R	ParaHippocampal_L	ParaHippocampal_R	Amygdala_L	Amygdala_R	Calcarine_L	Calcarine_R	Cuneus_L	Cuneus_R	Lingual_L	Lingual_R	Occipital_Sup_L	Occipital_Sup_R	Occipital_Mid_L	Occipital_Mid_R	Occipital_Inf_L	Occipital_Inf_R	Fusiform_L	Fusiform_R	Postcentral_L	Postcentral_R	Parietal_Sup_L	Parietal_Sup_R	Parietal_Inf_L	Parietal_Inf_R	SupraMarginal_L	SupraMarginal_R	Angular_L	Angular_R	Precuneus_L	Precuneus_R	Paracentral_Lobule_L	Paracentral_Lobule_R	Caudate_L	Caudate_R	Putamen_L	Putamen_R	Pallidum_L	Pallidum_R	Thalamus_L	Thalamus_R	Heschl_L	Heschl_R	Temporal_Sup_L	Temporal_Sup_R	Temporal_Pole_Sup_L	Temporal_Pole_Sup_R	Temporal_Mid_L	Temporal_Mid_R	Temporal_Pole_Mid_L	Temporal_Pole_Mid_R	Temporal_Inf_L	Temporal_Inf_R	Cerebelum_Crus1_L	Cerebelum_Crus1_R	Cerebelum_Crus2_L	Cerebelum_Crus2_R	Cerebelum_3_L	Cerebelum_3_R	Cerebelum_4_5_L	Cerebelum_4_5_R	Cerebelum_6_L	Cerebelum_6_R	Cerebelum_7b_L	Cerebelum_7b_R	Cerebelum_8_L	Cerebelum_8_R	Cerebelum_9_L	Cerebelum_9_R	Cerebelum_10_L	Cerebelum_10_R	Vermis_1_2	Vermis_3	Vermis_4_5	Vermis_6	Vermis_7	Vermis_8	Vermis_9	Vermis_10	
518344	Precentral_L	0	4698	20382	3366	176	0	21054	0	0	0	13770	0	5194	0	0	0	10188	0	13344	12534	0	0	540	1326	0	0	0	0	6350	360	288	1666	1736	5532	1650	1984	6472	1088	2142	334	384	0	0	0	0	92	728	200	356	94	2250	0	204	0	442	160	31728	2932	1376	0	3564	116	4740	120	1148	0	1128	268	32618	4582	2602	2230	2582	714	790	0	14600	856	1424	0	5026	0	524	0	1398	0	0	0	1022	0	0	0	0	0	0	0	0	0	0	0	0	0	0	0	0	0	0	0	0	0	0	0	0	0	0	0	
352716	Precentral_R	4698	0	2852	20108	0	176	1138	11084	0	0	0	7394	0	820	0	0	0	1656	2110	18250	110	162	0	746	0	184	0	0	628	1848	224	874	276	3310	578	1002	464	3482	0	2002	0	0	0	782	0	1604	0	1198	0	1684	460	2168	0	538	0	2022	1396	21626	132	510	126	1620	0	1604	92	1154	152	2802	3068	8674	2046	5778	1672	1990	970	430	1392	12898	490	734	0	1056	0	0	0	2338	0	0	0	2742	0	702	0	0	0	0	0	810	0	722	0	0	0	0	0	0	0	0	0	0	0	0	0	0	0	0	
1.28714e+06	Frontal_Sup_L	20382	2852	0	19972	19490	938	64588	2246	5506	0	23610	506	30732	350	7708	464	14100	548	89018	23084	1716	2176	48040	16470	964	862	1400	288	39926	1830	28330	11626	11896	11206	240	242	3262	420	796	134	160	0	0	0	0	0	266	0	124	0	488	0	0	0	1044	90	11298	206	228	0	966	408	2720	478	170	248	244	0	4440	114	20280	15550	37382	9048	9824	4072	2880	1452	3088	0	4954	140	1112	0	880	0	0	0	1108	190	0	0	0	0	0	0	0	0	0	0	0	0	0	0	0	0	0	0	0	0	0	0	0	0	0	0	
1.15439e+06	Frontal_Sup_R	3366	20108	19972	0	298	8722	5084	46416	0	3024	2640	18072	2174	28732	272	7528	694	2854	18930	65084	182	360	15848	62120	332	4278	0	430	5252	23120	10510	55002	3452	13410	140	190	886	3696	116	2550	0	138	0	0	0	128	0	722	0	130	200	128	0	126	106	2076	906	1452	0	118	194	992	146	1296	0	206	0	184	622	244	14000	38226	10224	21166	1906	4050	1108	12054	1234	1008	142	1412	372	94	0	662	0	0	136	1064	0	726	0	0	0	0	0	848	0	806	0	0	0	0	0	0	0	0	0	0	0	0	0	0	0	0	
266716	Frontal_Sup_Orb_L	176	0	19490	298	0	824	4300	0	13612	0	986	0	5964	0	11638	450	230	0	1442	96	4666	3336	2136	672	3266	180	10184	422	14368	662	4538	1166	0	0	0	0	230	0	0	0	0	0	0	0	0	0	0	0	0	0	0	0	0	0	198	0	0	0	0	0	0	0	0	0	0	0	0	0	0	0	5406	3666	9816	2374	4206	1538	130	0	0	0	100	0	420	0	0	0	0	0	172	0	0	0	0	0	0	0	0	0	0	0	0	0	0	0	0	0	0	0	0	0	0	0	0	0	0	0	
239056	Frontal_Sup_Orb_R	0	176	938	8722	824	0	114	3112	126	10648	0	378	0	1488	348	11664	0	298	380	1170	1724	5036	410	5930	284	9450	528	8076	938	8446	1072	3862	0	0	0	0	0	578	0	444	0	130	0	0	0	0	0	0	0	0	0	0	0	0	0	206	0	0	0	0	0	0	0	0	0	0	0	0	0	0	2478	6302	1924	13412	842	6508	106	358	0	0	0	0	0	98	0	0	0	0	0	0	0	0	0	0	0	0	0	0	0	0	0	0	0	0	0	0	0	0	0	0	0	0	0	0	0	0	
575232	Frontal_Mid_L	21054	1138	64588	5084	4300	114	0	474	4846	0	19302	228	39516	104	5214	0	1974	0	8986	5022	130	0	20444	6750	0	108	132	0	17702	404	9394	4850	6136	4740	214	186	2690	0	698	0	124	0	90	0	0	0	406	0	98	0	476	0	114	0	446	0	6278	100	130	0	3210	0	2764	0	90	0	268	0	864	0	1302	2600	4526	802	502	104	1614	616	1850	0	812	0	98	0	328	0	0	0	482	0	0	0	0	0	0	0	0	0	0	0	0	0	0	0	0	0	0	0	0	0	0	0	0	0	0	0	
311572	Frontal_Mid_R	0	11084	2246	46416	0	3112	474	0	0	3072	330	12470	346	20590	0	4238	0	464	856	9344	0	0	2948	9484	0	188	0	0	2146	4224	1264	3802	316	4850	0	0	656	226	0	262	0	258	0	0	0	0	0	0	0	0	294	0	0	0	0	110	0	216	0	0	0	136	0	128	116	0	0	0	0	0	940	1942	900	1768	108	314	364	1462	960	108	0	128	0	0	126	0	0	0	0	0	0	0	0	0	0	0	0	0	0	0	0	0	0	0	0	0	0	0	0	0	0	0	0	0	0	0	
130764	Frontal_Mid_Orb_L	0	0	5506	0	13612	126	4846	0	0	0	186	0	6730	0	15906	100	0	0	314	0	1768	722	0	0	94	0	2724	0	5354	126	554	286	0	0	0	0	0	0	0	0	0	0	0	0	0	0	0	0	0	0	0	0	0	0	0	0	0	0	0	0	0	0	0	0	0	0	0	0	0	0	1468	766	2612	408	638	232	0	0	0	0	0	0	304	0	0	0	0	0	0	0	0	0	0	0	0	0	0	0	0	0	0	0	0	0	0	0	0	0	0	0	0	0	0	0	0	0	
64948	Frontal_Mid_Orb_R	0	0	0	3024	0	10648	0	3072	0	0	0	192	0	1468	0	9148	0	0	0	0	0	212	0	198	0	334	0	328	0	1684	0	152	0	0	0	0	0	134	0	122	0	0	0	0	0	0	0	0	0	0	0	0	0	0	0	0	0	0	0	0	0	0	0	0	0	0	0	0	0	0	0	340	0	880	0	538	0	0	0	0	0	0	0	0	0	0	0	0	0	0	0	0	0	0	0	0	0	0	0	0	0	0	0	0	0	0	0	0	0	0	0	0	0	0	0	0	
380840	Frontal_Inf_Oper_L	13770	0	23610	2640	986	0	19302	330	186	0	0	2026	30042	96	654	206	11442	1350	11476	2458	0	0	6774	2590	0	0	0	0	16768	3706	6678	2630	1362	1726	0	0	142	0	0	0	0	0	0	0	0	0	0	0	0	0	136	0	0	0	0	0	7272	0	114	0	1070	0	1574	0	0	0	116	0	0	0	1848	3082	2212	1428	626	0	0	102	678	0	3234	262	3364	146	206	0	0	0	0	0	0	0	0	0	0	0	0	0	0	0	0	0	0	0	0	0	0	0	0	0	0	0	0	0	0	0	
304844	Frontal_Inf_Oper_R	0	7394	506	18072	0	378	228	12470	0	192	2026	0	1194	20254	0	3178	338	10374	942	8980	0	0	612	7374	0	270	0	0	1768	16096	2430	10946	0	4334	0	0	226	264	0	0	0	0	0	140	0	546	0	0	0	454	0	478	0	0	0	0	0	2028	0	0	0	246	0	220	0	0	0	730	0	0	412	5134	174	2356	0	150	124	218	448	2330	0	3490	300	838	0	592	0	0	0	168	0	0	0	0	0	0	0	0	0	0	0	0	0	0	0	0	0	0	0	0	0	0	0	0	0	0	
424320	Frontal_Inf_Tri_L	5194	0	30732	2174	5964	0	39516	346	6730	0	30042	1194	0	0	11360	114	2052	900	8504	2266	148	0	7702	2468	0	0	198	0	25784	1946	9264	2008	1524	1718	0	0	150	0	0	0	0	0	0	0	0	0	0	0	0	0	0	0	0	0	110	0	2420	0	0	0	0	0	0	0	0	0	0	0	0	0	1142	1256	3936	728	660	0	0	0	204	0	274	178	1158	0	0	0	0	0	96	0	0	0	0	0	0	0	0	0	0	0	0	0	0	0	0	0	0	0	0	0	0	0	0	0	0	0	
272644	Frontal_Inf_Tri_R	0	820	350	28732	0	1488	104	20590	0	1468	96	20254	0	0	0	7472	0	3044	704	6180	0	0	874	9642	0	244	0	0	334	13886	530	10848	0	1778	0	0	0	0	0	0	0	0	0	0	0	0	0	0	0	0	0	0	0	0	0	0	0	168	0	0	0	0	0	0	0	0	0	0	0	0	98	3994	0	940	0	0	0	0	100	706	0	750	0	128	0	0	0	0	0	0	0	0	0	0	0	0	0	0	0	0	0	0	0	0	0	0	0	0	0	0	0	0	0	0	0	0	
184836	Frontal_Inf_Orb_L	0	0	7708	272	11638	348	5214	0	15906	0	654	0	11360	0	0	162	122	0	618	0	4386	1598	206	202	130	0	3162	290	11914	232	1232	726	0	0	0	0	242	0	0	0	0	0	0	0	0	0	0	0	0	0	0	0	0	0	224	0	0	0	0	0	0	0	0	0	0	0	0	0	0	0	2978	1560	5082	786	1092	504	0	0	0	0	0	0	1686	0	0	0	0	0	184	0	0	0	0	0	0	0	0	0	0	0	0	0	0	0	0	0	0	0	0	0	0	0	0	0	0	0	
188384	Frontal_Inf_Orb_R	0	0	464	7528	450	11664	0	4238	100	9148	206	3178	114	7472	162	0	0	2012	94	342	516	2560	0	1750	0	394	106	904	554	15074	352	2368	0	94	0	0	0	750	0	642	0	196	0	0	0	0	0	0	0	0	0	0	0	0	0	352	0	0	0	0	0	0	0	0	0	0	0	0	0	0	1482	3256	1370	6126	556	2700	0	214	0	0	0	1908	0	1932	0	666	0	0	0	198	0	0	0	0	0	0	0	0	0	0	0	0	0	0	0	0	0	0	0	0	0	0	0	0	0	0	
242100	Rolandic_Oper_L	10188	0	14100	694	230	0	1974	0	0	0	11442	338	2052	0	122	0	0	184	12034	406	0	0	326	486	0	0	0	0	18920	856	252	734	0	98	128	0	626	0	0	0	0	0	0	0	0	0	0	0	164	0	698	0	130	0	210	0	10098	242	158	0	592	0	3140	0	242	0	256	0	182	0	802	1278	1492	628	356	0	0	0	5206	0	12346	0	2870	0	2906	0	0	0	864	0	0	0	0	0	0	0	0	0	0	0	0	0	0	0	0	0	0	0	0	0	0	0	0	0	0	0	
195140	Rolandic_Oper_R	0	1656	548	2854	0	298	0	464	0	0	1350	10374	900	3044	0	2012	184	0	1026	2262	0	0	132	974	0	144	0	0	528	17900	908	1618	0	760	0	0	0	1948	0	194	0	0	0	0	0	0	0	0	0	0	0	0	0	0	0	216	0	4122	0	180	0	242	0	4314	0	168	0	116	0	0	1124	2290	590	5914	0	1170	828	1512	0	7614	0	11044	166	1462	0	1618	0	0	0	802	0	0	0	0	0	0	0	0	0	0	0	0	0	0	0	0	0	0	0	0	0	0	0	0	0	0	
880608	Supp_Motor_Area_L	13344	2110	89018	18930	1442	380	8986	856	314	0	11476	942	8504	704	618	94	12034	1026	0	45468	0	0	15282	10116	230	780	128	112	20658	1498	12790	11624	15506	23170	278	478	1324	428	388	136	90	0	0	128	0	104	104	222	106	98	302	92	0	0	660	120	9078	468	184	0	334	588	2342	752	154	284	270	336	7700	1720	17050	13362	25560	7326	3448	2908	2640	900	2198	236	4440	212	794	0	808	0	0	0	758	256	0	0	0	0	0	0	0	0	0	0	0	0	0	0	0	0	0	0	0	0	0	0	0	0	0	0	
988336	Supp_Motor_Area_R	12534	18250	23084	65084	96	1170	5022	9344	0	0	2458	8980	2266	6180	0	342	406	2262	45468	0	122	182	10348	21646	206	1450	0	218	1832	6220	7526	24364	14858	56228	1126	3036	684	3014	94	2104	0	0	0	500	0	970	0	1256	0	962	432	832	0	278	0	2260	1338	2826	116	338	246	1738	174	2018	0	584	360	2404	14520	14136	11848	24022	8666	11540	3126	2628	2484	17932	464	684	110	914	162	0	0	472	0	0	112	912	0	482	0	0	0	0	0	598	0	520	0	0	0	0	0	0	0	0	0	0	0	0	0	0	0	0	
129804	Olfactory_L	0	110	1716	182	4666	1724	130	0	1768	0	0	0	148	0	4386	516	0	0	0	122	0	6582	0	192	882	536	4084	1482	4302	874	4886	2250	0	0	0	0	136	0	0	0	98	0	0	0	0	0	0	0	0	0	0	0	0	0	0	0	0	0	0	0	0	0	0	0	0	0	0	0	0	0	7264	5020	5676	2206	872	1488	94	292	0	0	0	0	218	0	0	0	0	0	0	0	0	0	0	0	0	0	0	0	0	0	0	0	0	0	0	0	0	0	0	0	0	0	0	0	0	0	
183712	Olfactory_R	0	162	2176	360	3336	5036	0	0	722	212	0	0	0	0	1598	2560	0	0	0	182	6582	0	108	490	220	2804	2148	3318	2964	3604	4318	3960	0	0	0	0	214	0	0	0	0	306	0	0	0	0	0	0	0	0	0	0	0	0	0	0	0	0	0	0	0	0	0	0	0	0	0	0	0	0	9948	11936	8400	5674	4150	3824	160	384	0	0	0	0	0	0	0	0	0	0	0	0	0	0	0	0	0	0	0	0	0	0	0	0	0	0	0	0	0	0	0	0	0	0	0	0	0	0	
551372	Frontal_Sup_Medial_L	540	0	48040	15848	2136	410	20444	2948	0	0	6774	612	7702	874	206	0	326	132	15282	10348	0	108	0	32788	3010	1666	1198	202	4952	656	34602	19252	11324	16240	0	0	170	0	0	0	0	0	0	0	0	0	0	0	0	0	0	0	0	0	0	0	144	0	0	0	0	0	0	0	0	0	0	0	0	0	3252	2702	6104	1454	2194	490	280	0	0	0	92	0	184	0	0	0	0	0	0	0	0	0	0	0	0	0	0	0	0	0	0	0	0	0	0	0	0	0	0	0	0	0	0	0	0	0	
715204	Frontal_Sup_Medial_R	1326	746	16470	62120	672	5930	6750	9484	0	198	2590	7374	2468	9642	202	1750	486	974	10116	21646	192	490	32788	0	2188	8032	362	1388	2974	11726	13864	51100	4454	19178	0	0	204	424	0	196	0	0	0	0	0	0	0	0	0	0	0	0	0	0	0	104	350	0	0	0	0	0	0	0	0	0	0	0	0	0	4044	21552	2398	11816	952	3168	430	896	248	398	98	434	210	0	0	0	0	0	0	0	0	0	0	0	0	0	0	0	0	0	0	0	0	0	0	0	0	0	0	0	0	0	0	0	0	0	
66068	Frontal_Med_Orb_L	0	0	964	332	3266	284	0	0	94	0	0	0	0	0	130	0	0	0	230	206	882	220	3010	2188	0	2710	4798	396	288	0	5860	1562	0	126	0	0	0	0	0	0	0	0	0	0	0	0	0	0	0	0	0	0	0	0	0	0	0	0	0	0	0	0	0	0	0	0	0	0	0	0	800	1088	1446	992	542	620	0	0	0	0	0	0	0	0	0	0	0	0	0	0	0	0	0	0	0	0	0	0	0	0	0	0	0	0	0	0	0	0	0	0	0	0	0	0	0	0	
149176	Frontal_Med_Orb_R	0	184	862	4278	180	9450	108	188	0	334	0	270	0	244	0	394	0	144	780	1450	536	2804	1666	8032	2710	0	438	7004	190	846	2728	8914	0	362	0	0	0	112	0	0	0	0	0	0	0	0	0	0	0	0	0	0	0	0	0	0	0	0	0	0	0	0	0	0	0	0	0	0	0	0	658	6674	358	7338	118	4122	0	112	0	0	0	0	0	0	0	0	0	0	0	0	0	0	0	0	0	0	0	0	0	0	0	0	0	0	0	0	0	0	0	0	0	0	0	0	0	0	
109024	Rectus_L	0	0	1400	0	10184	528	132	0	2724	0	0	0	198	0	3162	106	0	0	128	0	4084	2148	1198	362	4798	438	0	802	1560	160	7482	2028	0	0	0	0	0	0	0	0	0	0	0	0	0	0	0	0	0	0	0	0	0	0	0	0	0	0	0	0	0	0	0	0	0	0	0	0	0	0	3208	1764	2760	1432	656	1070	0	0	0	0	0	0	0	0	0	0	0	0	0	0	0	0	0	0	0	0	0	0	0	0	0	0	0	0	0	0	0	0	0	0	0	0	0	0	0	0	
77308	Rectus_R	0	0	288	430	422	8076	0	0	0	328	0	0	0	0	290	904	0	0	112	218	1482	3318	202	1388	396	7004	802	0	388	886	1098	2072	0	0	0	0	0	0	0	0	0	0	0	0	0	0	0	0	0	0	0	0	0	0	0	0	0	0	0	0	0	0	0	0	0	0	0	0	0	0	720	2790	536	2696	194	1518	0	96	0	0	0	0	0	0	0	0	0	0	0	0	0	0	0	0	0	0	0	0	0	0	0	0	0	0	0	0	0	0	0	0	0	0	0	0	0	0	
750132	Insula_L	6350	628	39926	5252	14368	938	17702	2146	5354	0	16768	1768	25784	334	11914	554	18920	528	20658	1832	4302	2964	4952	2974	288	190	1560	388	0	2356	8478	4036	522	668	634	512	12712	96	3090	0	874	0	124	0	0	0	466	0	390	0	946	0	304	0	10254	0	3780	492	384	0	194	0	738	0	174	0	608	0	582	0	8302	7380	31966	3372	7798	1426	1136	220	10208	0	10458	156	7300	0	7340	0	482	0	10484	0	1664	0	0	0	0	0	620	0	1998	0	0	0	0	0	0	0	0	0	0	0	0	0	0	0	0	0	
587280	Insula_R	360	1848	1830	23120	662	8446	404	4224	126	1684	3706	16096	1946	13886	232	15074	856	17900	1498	6220	874	3604	656	11726	0	846	160	886	2356	0	3120	16940	116	3016	0	0	140	11114	0	5624	0	322	0	0	0	0	0	164	0	0	0	152	0	606	0	7804	128	1128	0	0	0	0	0	2064	0	200	0	128	0	0	3750	12148	2568	30480	794	6078	376	3658	180	6318	90	12652	394	3294	0	5872	0	236	0	8020	0	1030	0	90	0	0	0	458	0	954	0	100	0	108	0	0	0	0	0	0	0	0	0	0	0	0	
585140	Cingulum_Ant_L	288	224	28330	10510	4538	1072	9394	1264	554	0	6678	2430	9264	530	1232	352	252	908	12790	7526	4886	4318	34602	13864	5860	2728	7482	1098	8478	3120	0	25434	16640	10594	1218	122	262	106	0	0	0	0	0	0	0	0	0	0	0	0	0	0	0	0	104	0	0	0	0	0	0	0	0	0	0	0	0	0	128	312	11696	10582	14950	6240	4904	2818	654	372	0	170	118	262	312	0	0	0	0	0	0	0	0	0	0	0	0	0	0	0	0	0	0	0	0	0	0	0	0	0	0	0	0	0	0	0	0	0	
812704	Cingulum_Ant_R	1666	874	11626	55002	1166	3862	4850	3802	286	152	2630	10946	2008	10848	726	2368	734	1618	11624	24364	2250	3960	19252	51100	1562	8914	2028	2072	4036	16940	25434	0	5800	24764	102	0	248	600	0	236	0	0	0	0	0	0	0	0	0	0	104	0	0	0	0	124	398	0	0	0	0	0	0	0	0	0	0	0	100	0	8818	38724	5846	18542	2088	6600	702	1880	340	546	138	642	310	0	0	0	0	0	0	0	0	0	0	0	0	0	0	0	0	0	0	0	0	0	0	0	0	0	0	0	0	0	0	0	0	0	
325096	Cingulum_Mid_L	1736	276	11896	3452	0	0	6136	316	0	0	1362	0	1524	0	0	0	0	0	15506	14858	0	0	11324	4454	0	0	0	0	522	116	16640	5800	0	24528	4908	1862	0	0	0	0	0	0	144	0	610	490	0	112	2350	484	3006	254	0	0	0	0	1374	356	1206	96	768	278	96	0	792	356	5610	1248	8118	2608	1258	342	1318	0	186	0	0	0	114	0	140	0	0	0	858	120	0	0	640	0	0	0	0	0	0	0	0	0	0	0	0	0	0	0	0	0	0	0	0	0	0	0	0	0	0	0	
750592	Cingulum_Mid_R	5532	3310	11206	13410	0	0	4740	4850	0	0	1726	4334	1718	1778	0	94	98	760	23170	56228	0	0	16240	19178	126	362	0	0	668	3016	10594	24764	24528	0	2202	7204	0	578	0	328	0	0	0	5506	0	16074	0	2056	0	16496	336	10752	0	636	0	1288	466	3336	0	1956	0	3194	0	678	0	2978	1266	21460	8152	13818	848	3142	730	3150	310	278	736	1370	0	134	0	466	0	0	0	10076	0	0	0	646	0	0	0	0	0	0	0	0	0	0	0	0	0	0	0	0	0	0	0	0	220	0	0	0	0	0	
174572	Cingulum_Post_L	1650	578	240	140	0	0	214	0	0	0	0	0	0	0	0	0	128	0	278	1126	0	0	0	0	0	0	0	0	634	0	1218	102	4908	2202	0	12044	5950	2676	2494	1298	0	0	2392	152	3260	318	2560	784	1920	492	1538	706	462	566	1840	1760	2422	1044	0	0	178	202	106	238	106	202	8726	3962	3408	1620	0	0	694	0	0	0	1836	0	436	0	514	0	0	0	1094	226	0	0	1718	550	258	0	0	0	0	0	0	0	0	0	0	0	0	0	0	0	0	0	0	0	1116	0	0	0	0	0	
247888	Cingulum_Post_R	1984	1002	242	190	0	0	186	0	0	0	0	0	0	0	0	0	0	0	478	3036	0	0	0	0	0	0	0	0	512	0	122	0	1862	7204	12044	0	5328	5752	1914	2334	0	0	300	3980	306	3790	1506	9246	98	3870	194	4820	0	2622	666	3934	496	2402	0	326	0	946	0	326	0	1046	2736	17116	2016	4856	148	0	268	0	0	0	3850	502	450	0	206	0	0	0	168	1312	0	0	428	1868	0	128	0	0	0	0	0	104	0	0	0	0	0	0	0	0	0	0	0	0	2724	0	0	0	0	0	
451880	Hippocampus_L	6472	464	3262	886	230	0	2690	656	0	0	142	226	150	0	242	0	626	0	1324	684	136	214	170	204	0	0	0	0	12712	140	262	248	0	0	5950	5328	0	1910	32100	952	7684	0	1716	0	130	0	8772	694	0	0	2316	0	2160	0	34926	346	462	0	0	0	0	0	0	0	0	0	3042	1038	1792	0	1210	602	20224	234	1150	178	6454	264	2622	0	2834	0	2540	0	2132	0	766	0	19722	0	6478	0	0	0	130	100	5000	0	8662	0	0	0	0	0	182	0	0	0	126	178	694	0	0	0	0	0	
451956	Hippocampus_R	1088	3482	420	3696	0	578	0	226	0	134	0	264	0	0	0	750	0	1948	428	3014	0	0	0	424	0	112	0	0	96	11114	106	600	0	578	2676	5752	1910	0	1176	46874	0	8162	138	792	0	314	596	8818	0	304	0	756	0	1072	196	36314	0	824	0	0	0	206	0	1020	0	102	206	3414	754	174	506	962	284	11666	0	4244	2628	9876	0	1654	0	1804	0	2314	0	1620	0	1208	0	5006	0	6472	0	1690	0	0	0	8932	0	7320	0	578	0	814	0	826	0	0	0	0	900	156	1034	978	898	0	
285436	ParaHippocampal_L	2142	0	796	116	0	0	698	0	0	0	0	0	0	0	0	0	0	0	388	94	0	0	0	0	0	0	0	0	3090	0	0	0	0	0	2494	1914	32100	1176	0	576	5292	0	1098	0	140	0	10270	500	0	0	2674	0	2986	0	25546	174	118	0	0	0	0	0	0	0	0	0	2070	206	626	0	188	104	7784	0	218	0	2658	132	0	0	302	0	1652	0	208	0	1258	0	7476	0	6484	0	0	0	278	160	5748	0	9906	0	0	0	0	0	184	0	0	0	178	350	166	0	0	0	0	0	
419412	ParaHippocampal_R	334	2002	134	2550	0	444	0	262	0	122	0	0	0	0	0	642	0	194	136	2104	0	0	0	196	0	0	0	0	0	5624	0	236	0	328	1298	2334	952	46874	576	0	0	9948	0	1408	0	144	288	11876	0	128	0	562	0	704	0	40798	0	248	0	0	0	104	0	224	0	0	108	2294	290	174	128	344	0	9024	0	3924	960	7146	0	874	0	304	0	3556	0	818	0	3120	0	2524	0	8480	0	2374	94	148	172	11776	94	9654	0	708	0	1012	0	1082	0	0	0	0	418	254	1474	1378	1226	0	
49160	Amygdala_L	384	0	160	0	0	0	124	0	0	0	0	0	0	0	0	0	0	0	90	0	98	0	0	0	0	0	0	0	874	0	0	0	0	0	0	0	7684	0	5292	0	0	0	0	0	0	0	0	0	0	0	0	0	0	0	2854	0	0	0	0	0	0	0	0	0	0	0	0	0	312	0	450	0	2290	0	136	0	678	0	0	0	212	0	682	0	0	0	120	0	840	0	434	0	0	0	0	0	304	0	562	0	0	0	0	0	0	0	0	0	0	0	0	0	0	0	0	0	
67680	Amygdala_R	0	0	0	138	0	130	0	258	0	0	0	0	0	0	0	196	0	0	0	0	0	306	0	0	0	0	0	0	0	322	0	0	0	0	0	0	0	8162	0	9948	0	0	0	0	0	0	0	0	0	0	0	0	0	0	0	7304	0	0	0	0	0	0	0	0	0	0	0	0	0	0	0	176	0	288	0	126	0	294	0	0	0	0	0	2618	0	366	0	1226	0	1546	0	100	0	0	0	0	0	230	0	106	0	0	0	0	0	0	0	0	0	0	0	0	0	0	0	0	
274956	Calcarine_L	0	0	0	0	0	0	90	0	0	0	0	0	0	0	0	0	0	0	0	0	0	0	0	0	0	0	0	0	124	0	0	0	144	0	2392	300	1716	138	1098	0	0	0	0	5124	14734	3776	18222	1286	8780	2060	32022	1424	12970	0	4804	0	406	0	190	0	0	0	0	0	0	0	15732	1406	390	0	0	0	650	0	0	0	0	0	0	0	96	0	0	0	1396	0	0	0	2162	0	186	0	0	0	0	0	1038	0	1236	228	0	0	0	0	0	0	0	0	0	0	794	364	0	0	0	0	
390348	Calcarine_R	0	782	0	0	0	0	0	0	0	0	0	140	0	0	0	0	0	0	128	500	0	0	0	0	0	0	0	0	0	0	0	0	0	5506	152	3980	0	792	0	1408	0	0	5124	0	3506	25522	4600	27018	272	25594	206	26260	106	6350	198	12042	0	794	0	364	0	858	0	120	0	612	858	26522	178	1452	0	0	0	0	0	0	0	110	0	0	0	0	0	0	0	6212	0	0	0	896	298	424	0	224	0	0	124	372	634	1600	0	0	0	0	0	0	0	0	0	0	874	1322	140	0	0	0	
185872	Cuneus_L	0	0	0	0	0	0	0	0	0	0	0	0	0	0	0	0	0	0	0	0	0	0	0	0	0	0	0	0	0	0	0	0	610	0	3260	306	130	0	140	0	0	0	14734	3506	0	4652	2388	206	22536	1868	18616	1310	1812	0	642	0	428	0	568	0	0	0	0	0	0	0	11464	1680	300	0	0	0	0	0	0	0	0	0	0	0	0	0	0	0	832	0	0	0	610	0	126	0	0	0	0	0	0	0	94	0	0	0	0	0	0	0	0	0	0	0	118	0	0	0	0	0	
453400	Cuneus_R	92	1604	0	128	0	0	0	0	0	0	0	546	0	0	0	0	0	0	104	970	0	0	0	0	0	0	0	0	0	0	0	0	490	16074	318	3790	0	314	0	144	0	0	3776	25522	4652	0	2528	7228	540	46436	230	30982	0	1088	0	1612	0	2266	0	5870	0	6060	0	296	0	5694	1476	40822	98	1730	130	156	0	0	0	0	0	112	0	0	0	232	0	0	0	11284	0	0	0	590	0	0	0	0	0	0	0	0	92	126	0	0	0	0	0	0	0	0	0	0	374	124	0	0	0	0	
435204	Lingual_L	728	0	266	0	0	0	406	0	0	0	0	0	0	0	0	0	0	0	104	0	0	0	0	0	0	0	0	0	466	0	0	0	0	0	2560	1506	8772	596	10270	288	0	0	18222	4600	2388	2528	0	5794	2410	2070	22370	1360	17300	0	27562	758	0	0	0	0	0	0	0	0	0	0	7110	594	180	0	0	0	2474	0	0	0	978	0	0	0	90	0	0	0	278	0	0	0	3354	0	9554	1982	656	1378	1054	192	13996	412	21504	2668	0	0	92	0	308	0	0	0	316	582	6232	5930	1996	0	164	204	
513272	Lingual_R	200	1198	0	722	0	0	0	0	0	0	0	0	0	0	0	0	0	0	222	1256	0	0	0	0	0	0	0	0	0	164	0	0	112	2056	784	9246	694	8818	500	11876	0	0	1286	27018	206	7228	5794	0	154	10338	676	14996	890	8900	2194	32618	0	830	0	248	0	852	0	194	0	522	794	22564	352	1298	0	0	0	0	0	126	544	3614	0	132	0	110	0	0	0	1244	0	0	0	1080	3178	9514	822	2174	184	732	2176	11772	5548	17308	0	0	0	106	0	152	0	0	0	270	7700	7992	1920	224	214	0	
280504	Occipital_Sup_L	356	0	124	0	0	0	98	0	0	0	0	0	0	0	0	0	164	0	106	0	0	0	0	0	0	0	0	0	390	0	0	0	2350	0	1920	98	0	0	0	0	0	0	8780	272	22536	540	2410	154	0	120	39104	0	1350	0	720	0	1000	120	18544	0	4868	0	528	0	5558	0	22912	118	254	0	0	0	0	0	0	0	0	0	0	0	274	0	0	0	2890	0	0	0	962	0	120	0	0	0	0	0	0	0	220	102	0	0	0	0	0	0	0	0	0	0	0	190	0	0	0	0	
506360	Occipital_Sup_R	94	1684	0	130	0	0	0	0	0	0	0	454	0	0	0	0	0	0	98	962	0	0	0	0	0	0	0	0	0	0	0	0	484	16496	492	3870	0	304	0	128	0	0	2060	25594	1868	46436	2070	10338	120	0	0	42162	0	2492	0	2390	0	3038	0	9164	0	9720	0	296	0	12730	692	38034	96	3422	128	174	0	0	0	0	0	158	0	0	0	252	0	0	0	12206	0	0	0	646	0	0	0	0	0	0	0	106	176	600	0	0	0	0	0	0	0	0	0	0	376	440	0	0	0	0	
639048	Occipital_Mid_L	2250	460	488	200	0	0	476	294	0	0	136	0	0	0	0	0	698	0	302	432	0	0	0	0	0	0	0	0	946	0	0	104	3006	336	1538	194	2316	0	2674	0	0	0	32022	206	18616	230	22370	676	39104	0	0	0	31230	0	12304	110	8400	528	25528	0	18478	0	2214	0	21168	0	32486	124	1378	466	130	136	1150	0	0	0	0	0	358	0	1532	0	0	0	17152	0	0	0	8664	0	466	220	0	0	0	0	756	0	2226	468	0	0	0	0	0	0	0	0	0	0	608	1014	156	0	0	0	
502832	Occipital_Mid_R	0	2168	0	128	0	0	0	0	0	0	0	478	0	0	0	0	0	0	92	832	0	0	0	0	0	0	0	0	0	152	0	0	254	10752	706	4820	0	756	0	562	0	0	1424	26260	1310	30982	1360	14996	0	42162	0	0	0	10350	0	7674	0	2550	0	4390	0	8124	0	752	0	16722	488	33520	0	2200	112	188	0	0	0	0	0	196	0	0	0	496	0	0	0	19050	0	0	0	2536	0	104	0	0	0	0	0	140	170	616	0	0	0	0	0	0	0	0	0	0	434	410	0	0	0	0	
254076	Occipital_Inf_L	204	0	0	0	0	0	114	0	0	0	0	0	0	0	0	0	130	0	0	0	0	0	0	0	0	0	0	0	304	0	0	0	0	0	462	0	2160	0	2986	0	0	0	12970	106	1812	0	17300	890	1350	0	31230	0	0	0	18880	180	312	0	130	0	0	0	92	0	0	0	6720	0	448	0	0	0	992	0	0	0	0	0	426	0	192	0	0	0	5190	0	0	0	9304	0	1460	330	0	216	0	0	1322	0	4974	680	0	0	0	0	0	0	0	0	0	0	1012	1772	388	0	0	0	
148456	Occipital_Inf_R	0	538	0	126	0	0	0	0	0	0	0	0	0	0	0	0	0	0	0	278	0	0	0	0	0	0	0	0	0	606	0	0	0	636	566	2622	0	1072	0	704	0	0	0	6350	0	1088	0	8900	0	2492	0	10350	0	0	0	13206	0	700	0	246	0	466	0	1430	0	456	0	6386	0	334	0	0	0	0	0	0	0	108	0	158	0	358	0	0	0	2764	0	0	0	8208	0	430	0	0	0	0	0	674	0	1352	0	0	0	0	0	0	0	0	0	0	402	222	0	0	0	0	
638696	Fusiform_L	442	0	1044	106	198	0	446	0	0	0	0	0	110	0	224	0	210	0	660	0	0	0	0	0	0	0	0	0	10254	0	104	0	0	0	1840	666	34926	196	25546	0	2854	0	4804	198	642	0	27562	2194	720	0	12304	0	18880	0	0	486	170	0	94	0	0	0	0	0	0	0	4296	0	204	0	292	190	14968	96	410	0	710	0	800	0	4974	0	4366	0	4654	0	3632	0	32512	0	30078	1222	832	1112	206	0	16818	196	38400	1690	0	0	184	0	284	0	0	0	0	0	2622	4234	1486	0	0	0	
721248	Fusiform_R	160	2022	90	2076	0	206	0	110	0	0	0	0	0	0	0	352	0	216	120	2260	0	0	0	104	0	0	0	0	0	7804	0	124	0	1288	1760	3934	346	36314	174	40798	0	7304	0	12042	0	1612	758	32618	0	2390	110	7674	180	13206	486	0	0	748	0	150	0	494	0	2084	0	536	108	9998	218	414	0	202	0	6698	0	2534	398	3576	0	1466	0	1864	0	8500	0	4252	0	7520	0	21236	1238	29014	320	5364	0	1264	568	20244	1580	34782	0	1986	188	3142	106	678	0	0	0	164	1792	2578	1856	1162	964	0	
361340	Postcentral_L	31728	1396	11298	906	0	0	6278	0	0	0	7272	0	2420	0	0	0	10098	0	9078	1338	0	0	144	350	0	0	0	0	3780	128	0	398	1374	466	2422	496	462	0	118	0	0	0	406	0	428	0	0	0	1000	0	8400	0	312	0	170	0	0	1734	8516	0	18352	0	13124	0	5996	0	4488	118	6472	326	186	520	668	190	124	0	144	134	1562	0	7822	0	344	0	4448	0	0	0	2736	0	0	0	0	0	0	0	0	0	0	0	0	0	0	0	0	0	0	0	0	0	0	0	0	0	0	0	
239888	Postcentral_R	2932	21626	206	1452	0	0	100	216	0	0	0	2028	0	168	0	0	242	4122	468	2826	0	0	0	0	0	0	0	0	492	1128	0	0	356	3336	1044	2402	0	824	0	248	0	0	0	794	0	2266	0	830	120	3038	528	2550	0	700	0	748	1734	0	178	5104	198	8288	324	11668	100	2770	300	5884	2616	12442	408	406	252	942	144	372	736	1022	120	276	160	828	0	0	186	1886	0	0	98	2530	0	182	0	0	0	0	0	0	0	0	0	0	0	0	0	0	0	0	0	0	0	0	0	0	0	0	
223764	Parietal_Sup_L	1376	132	228	0	0	0	130	0	0	0	114	0	0	0	0	0	158	0	184	116	0	0	0	0	0	0	0	0	384	0	0	0	1206	0	0	0	0	0	0	0	0	0	190	0	568	0	0	0	18544	0	25528	0	130	0	94	0	8516	178	0	0	16548	0	810	0	11224	0	21588	0	366	96	0	0	0	0	0	0	0	0	0	0	236	0	0	0	2496	0	0	0	742	0	0	0	0	0	0	0	0	0	0	0	0	0	0	0	0	0	0	0	0	0	0	0	0	0	0	0	
190828	Parietal_Sup_R	0	510	0	118	0	0	0	0	0	0	0	0	0	0	0	0	0	180	0	338	0	0	0	0	0	0	0	0	0	0	0	0	96	1956	0	326	0	0	0	0	0	0	0	364	0	5870	0	248	0	9164	0	4390	0	246	0	150	0	5104	0	0	0	22354	0	1200	0	16484	0	10320	0	1626	0	0	0	0	0	0	0	0	0	0	0	3352	0	0	0	9034	0	0	0	1984	0	0	0	0	0	0	0	0	0	0	0	0	0	0	0	0	0	0	0	0	0	0	0	0	0	0	
274064	Parietal_Inf_L	3564	126	966	194	0	0	3210	0	0	0	1070	0	0	0	0	0	592	0	334	246	0	0	0	0	0	0	0	0	194	0	0	0	768	0	178	0	0	0	0	0	0	0	0	0	0	0	0	0	4868	0	18478	0	0	0	0	0	18352	198	16548	0	0	0	20138	0	26996	0	6580	0	806	0	120	100	0	0	0	0	0	0	0	0	1482	0	0	0	6644	0	0	0	4280	0	0	0	0	0	0	0	0	0	0	0	0	0	0	0	0	0	0	0	0	0	0	0	0	0	0	0	
260192	Parietal_Inf_R	116	1620	408	992	0	0	0	136	0	0	0	246	0	0	0	0	0	242	588	1738	0	0	0	0	0	0	0	0	0	0	0	0	278	3194	202	946	0	206	0	104	0	0	0	858	0	6060	0	852	0	9720	0	8124	0	466	0	494	0	8288	0	22354	0	0	0	10222	0	24228	0	9434	110	2114	112	0	0	0	0	0	0	0	0	90	0	3500	0	0	0	9372	0	0	0	2682	0	0	0	0	0	0	0	0	0	0	0	0	0	0	0	0	0	0	0	0	0	0	0	0	0	0	
177036	SupraMarginal_L	4740	0	2720	146	0	0	2764	0	0	0	1574	0	0	0	0	0	3140	0	2342	174	0	0	0	0	0	0	0	0	738	0	0	0	96	0	106	0	0	0	0	0	0	0	0	0	0	0	0	0	528	0	2214	0	92	0	0	0	13124	324	810	0	20138	0	0	0	6586	0	792	0	248	0	100	104	0	0	0	0	0	0	304	0	10940	0	0	0	8830	0	0	0	4844	0	0	0	0	0	0	0	0	0	0	0	0	0	0	0	0	0	0	0	0	0	0	0	0	0	0	0	
147740	SupraMarginal_R	120	1604	478	1296	0	0	0	128	0	0	0	220	0	0	0	0	0	4314	752	2018	0	0	0	0	0	0	0	0	0	2064	0	0	0	678	238	326	0	1020	0	224	0	0	0	120	0	296	0	194	0	296	0	752	0	1430	0	2084	0	11668	0	1200	0	10222	0	0	0	5586	0	490	102	258	216	192	120	342	0	130	242	412	0	2720	0	9076	0	0	0	2012	0	0	0	7462	0	768	0	0	0	0	0	0	0	0	0	0	0	0	0	0	0	0	0	0	0	0	0	0	0	0	
210976	Angular_L	1148	92	170	0	0	0	90	116	0	0	0	0	0	0	0	0	242	0	154	0	0	0	0	0	0	0	0	0	174	0	0	0	792	0	106	0	0	0	0	0	0	0	0	0	0	0	0	0	5558	0	21168	0	0	0	0	0	5996	100	11224	0	26996	0	6586	0	0	0	7126	0	394	0	0	0	0	0	0	0	0	0	0	0	1304	0	0	0	11250	0	0	0	4702	0	0	0	0	0	0	0	0	0	0	0	0	0	0	0	0	0	0	0	0	0	0	0	0	0	0	0	
254696	Angular_R	0	1154	248	206	0	0	0	0	0	0	0	0	0	0	0	0	0	168	284	584	0	0	0	0	0	0	0	0	0	200	0	0	356	2978	202	1046	0	102	0	0	0	0	0	612	0	5694	0	522	0	12730	0	16722	0	456	0	536	0	2770	0	16484	0	24228	0	5586	0	0	0	10144	0	2158	96	104	0	0	0	0	0	114	0	0	0	4602	0	0	0	11048	0	0	0	4908	0	178	0	0	0	0	0	0	0	0	0	0	0	0	0	0	0	0	0	0	128	0	0	0	0	0	
388760	Precuneus_L	1128	152	244	0	0	0	268	0	0	0	116	0	0	0	0	0	256	0	270	360	0	0	0	0	0	0	0	0	608	0	0	0	5610	1266	8726	2736	3042	206	2070	108	0	0	15732	858	11464	1476	7110	794	22912	692	32486	488	6720	0	4296	108	4488	300	21588	0	6580	0	792	0	7126	0	0	5874	3314	388	0	0	1082	0	0	0	114	0	118	0	496	0	0	0	4880	0	0	0	3910	0	288	0	0	0	0	0	0	0	136	0	0	0	0	0	0	0	0	0	0	0	604	0	0	0	0	0	
626172	Precuneus_R	268	2802	0	184	0	0	0	0	0	0	0	730	0	0	0	0	0	116	336	2404	0	0	0	0	0	0	0	0	0	128	0	0	1248	21460	3962	17116	1038	3414	206	2294	0	0	1406	26522	1680	40822	594	22564	118	38034	124	33520	0	6386	0	9998	118	5884	0	10320	0	9434	0	490	0	10144	5874	0	668	8960	154	204	0	0	0	0	154	536	0	134	0	352	0	0	0	13674	0	0	0	2146	0	102	0	0	0	0	0	336	0	0	0	0	0	0	0	0	0	0	0	0	3928	0	0	0	0	0	
273156	Paracentral_Lobule_L	32618	3068	4440	622	0	0	864	0	0	0	0	0	0	0	0	0	182	0	7700	14520	0	0	0	0	0	0	0	0	582	0	128	100	8118	8152	3408	2016	1792	754	626	290	312	0	390	178	300	98	180	352	254	96	1378	0	448	0	204	218	6472	2616	366	0	806	110	248	102	394	0	3314	668	0	6904	1542	160	974	0	578	0	11606	618	290	0	608	0	0	0	2382	0	0	0	1432	0	0	0	0	0	0	0	0	0	0	0	0	0	0	0	0	0	0	0	0	0	0	0	0	0	0	0	
206248	Paracentral_Lobule_R	4582	8674	114	244	0	0	0	0	0	0	0	0	0	0	0	0	0	0	1720	14136	0	0	0	0	0	0	0	0	0	0	312	0	2608	13818	1620	4856	0	174	0	174	0	0	0	1452	0	1730	0	1298	0	3422	466	2200	0	334	0	414	326	12442	96	1626	0	2114	0	258	0	2158	388	8960	6904	0	262	226	110	0	90	0	214	170	0	0	0	0	0	0	0	1336	0	0	0	874	0	0	0	0	0	0	0	0	0	0	0	0	0	0	0	0	0	0	0	0	222	0	0	0	0	0	
609172	Caudate_L	2602	2046	20280	14000	5406	2478	1302	940	1468	0	1848	412	1142	98	2978	1482	802	1124	17050	11848	7264	9948	3252	4044	800	658	3208	720	8302	3750	11696	8818	1258	848	0	148	1210	506	188	128	450	0	0	0	0	130	0	0	0	128	130	112	0	0	292	0	186	408	0	0	120	112	100	216	0	96	0	154	1542	262	0	40388	44608	18340	14904	9668	12116	2244	382	106	156	186	636	0	0	0	0	0	248	114	0	0	0	0	0	0	0	0	0	0	0	0	0	0	0	0	0	0	0	0	0	0	0	0	0	0	
830212	Caudate_R	2230	5778	15550	38226	3666	6302	2600	1942	766	340	3082	5134	1256	3994	1560	3256	1278	2290	13362	24022	5020	11936	2702	21552	1088	6674	1764	2790	7380	12148	10582	38724	342	3142	0	0	602	962	104	344	0	176	0	0	0	156	0	0	0	174	136	188	0	0	190	202	520	406	0	0	100	0	104	192	0	104	0	204	160	226	40388	0	25924	35562	7628	17842	2364	15078	428	270	212	448	736	100	0	214	0	0	184	0	0	0	0	0	0	0	0	0	0	0	0	0	0	0	0	0	0	0	0	0	0	0	0	0	0	0	
804924	Putamen_L	2582	1672	37382	10224	9816	1924	4526	900	2612	0	2212	174	3936	0	5082	1370	1492	590	25560	8666	5676	8400	6104	2398	1446	358	2760	536	31966	2568	14950	5846	1318	730	694	268	20224	284	7784	0	2290	0	650	0	0	0	2474	0	0	0	1150	0	992	0	14968	0	668	252	0	0	0	0	0	120	0	0	1082	0	974	110	44608	25924	0	13320	25790	6406	3630	1248	674	0	1260	104	2520	0	932	0	490	0	11786	0	1374	0	0	0	0	0	214	0	1422	0	0	0	0	0	0	0	0	0	0	0	0	0	0	0	0	0	
653628	Putamen_R	714	1990	9048	21166	2374	13412	802	1768	408	880	1428	2356	728	940	786	6126	628	5914	7326	11540	2206	5674	1454	11816	992	7338	1432	2696	3372	30480	6240	18542	0	3150	0	0	234	11666	0	9024	0	288	0	0	0	0	0	0	0	0	0	0	0	0	96	6698	190	942	0	0	0	0	0	342	0	0	0	0	0	0	18340	35562	13320	0	3110	25594	928	4836	192	562	0	1858	198	942	0	778	0	0	96	1136	0	732	0	256	0	0	0	1150	0	1360	0	310	0	348	0	0	0	0	0	0	0	0	0	0	0	0	
233608	Pallidum_L	790	970	9824	1906	4206	842	502	108	638	0	626	0	660	0	1092	556	356	0	3448	3126	872	4150	2194	952	542	118	656	194	7798	794	4904	2088	186	310	0	0	1150	0	218	0	136	0	0	0	0	0	0	0	0	0	0	0	0	0	410	0	124	144	0	0	0	0	0	0	0	0	0	0	578	90	14904	7628	25790	3110	0	3180	2610	658	0	0	0	0	366	0	0	0	0	0	300	0	0	0	0	0	0	0	0	0	0	0	0	0	0	0	0	0	0	0	0	0	0	0	0	0	0	0	
279772	Pallidum_R	0	430	4072	4050	1538	6508	104	314	232	538	0	150	0	0	504	2700	0	1170	2908	2628	1488	3824	490	3168	620	4122	1070	1518	1426	6078	2818	6600	0	278	0	0	178	4244	0	3924	0	126	0	0	0	0	0	126	0	0	0	0	0	0	0	2534	0	372	0	0	0	0	0	130	0	0	0	0	0	0	9668	17842	6406	25594	3180	0	140	996	0	110	0	144	0	412	0	0	0	0	0	0	0	386	0	164	0	0	0	694	0	770	0	186	0	214	0	0	0	0	0	0	0	0	0	0	0	0	
195636	Thalamus_L	14600	1392	2880	1108	130	106	1614	364	0	0	0	124	0	0	0	0	0	828	2640	2484	94	160	280	430	0	0	0	0	1136	376	654	702	0	736	1836	3850	6454	2628	2658	960	678	0	0	0	0	0	978	544	0	0	0	0	0	0	710	398	144	736	0	0	0	0	0	242	0	0	114	154	11606	214	12116	2364	3630	928	2610	140	0	6076	544	138	304	152	0	0	316	0	0	0	758	0	0	0	0	0	0	0	0	0	0	0	0	0	0	0	0	0	0	0	0	0	0	0	0	0	0	0	
256720	Thalamus_R	856	12898	1452	12054	0	358	616	1462	0	0	102	218	0	0	0	214	0	1512	900	17932	292	384	0	896	0	112	0	96	220	3658	372	1880	0	1370	0	502	264	9876	132	7146	0	294	0	110	0	112	0	3614	0	158	0	196	0	108	0	3576	134	1022	0	0	0	0	0	412	0	114	0	536	618	170	2244	15078	1248	4836	658	996	6076	0	0	386	0	922	0	0	0	1036	0	0	0	1486	0	1002	0	0	0	0	0	2158	0	1160	0	0	0	0	0	0	0	0	0	0	126	0	0	0	0	0	
111584	Heschl_L	1424	490	3088	1234	0	0	1850	960	0	0	678	448	204	100	0	0	5206	0	2198	464	0	0	0	248	0	0	0	0	10208	180	0	340	114	0	436	450	2622	0	0	0	0	0	0	0	0	0	0	0	0	0	358	0	426	0	800	0	1562	120	0	0	0	0	304	0	0	0	118	0	290	0	382	428	674	192	0	0	544	0	0	0	7174	0	0	0	6654	0	0	0	2624	0	200	0	0	0	0	0	0	0	0	0	0	0	0	0	0	0	0	0	0	0	0	0	0	0	0	0	
91908	Heschl_R	0	734	0	1008	0	0	0	108	0	0	0	2330	0	706	0	0	0	7614	236	684	0	0	0	398	0	0	0	0	0	6318	170	546	0	134	0	0	0	1654	0	874	0	0	0	0	0	0	0	132	0	0	0	0	0	158	0	1466	0	276	0	0	0	90	0	2720	0	0	0	134	0	0	106	270	0	562	0	110	138	386	0	0	0	11030	0	104	0	2446	0	0	0	1562	0	456	0	0	0	0	0	0	0	294	0	0	0	0	0	0	0	0	0	0	0	0	0	0	0	0	
296248	Temporal_Sup_L	5026	0	4954	142	100	0	812	0	0	0	3234	0	274	0	0	0	12346	0	4440	110	0	0	92	98	0	0	0	0	10458	90	118	138	140	0	514	206	2834	0	302	0	212	0	96	0	0	0	90	0	274	0	1532	0	192	0	4974	0	7822	160	236	0	1482	0	10940	0	1304	0	496	0	608	0	156	212	1260	0	0	0	304	0	7174	0	0	0	9870	0	32200	0	1092	0	17900	0	718	0	0	0	0	0	0	0	392	0	0	0	0	0	0	0	0	0	0	0	0	0	0	0	0	0	
236036	Temporal_Sup_R	0	1056	140	1412	0	0	0	128	0	0	262	3490	178	750	0	1908	0	11044	212	914	0	0	0	434	0	0	0	0	156	12652	262	642	0	466	0	0	0	1804	0	304	0	0	0	0	0	232	0	110	0	252	0	496	0	358	0	1864	0	828	0	3352	0	3500	0	9076	0	4602	0	352	0	0	186	448	104	1858	0	144	152	922	0	11030	0	0	0	5996	0	23302	0	1572	0	8930	0	138	0	0	0	0	0	0	0	0	0	0	0	0	0	0	0	0	0	0	0	0	0	0	0	0	
154288	Temporal_Pole_Sup_L	524	0	1112	372	420	0	98	0	304	0	3364	300	1158	0	1686	0	2870	166	794	162	218	0	184	210	0	0	0	0	7300	394	312	310	0	0	0	0	2540	0	1652	0	682	0	0	0	0	0	0	0	0	0	0	0	0	0	4366	0	344	0	0	0	0	0	0	0	0	0	0	0	0	0	636	736	2520	198	366	0	0	0	0	0	9870	0	0	0	11702	0	7172	0	11134	0	384	0	0	0	0	0	116	0	468	0	0	0	0	0	0	0	0	0	0	0	0	0	0	0	0	0	
111456	Temporal_Pole_Sup_R	0	0	0	94	0	98	0	0	0	0	146	838	0	128	0	1932	0	1462	0	0	0	0	0	0	0	0	0	0	0	3294	0	0	0	0	0	0	0	2314	0	3556	0	2618	0	0	0	0	0	0	0	0	0	0	0	0	0	8500	0	0	0	0	0	0	0	0	0	0	0	0	0	0	0	100	0	942	0	412	0	0	0	104	0	5996	0	0	0	5710	0	11082	0	6402	0	0	0	0	0	0	0	0	0	0	0	0	0	0	0	0	0	0	0	0	0	0	0	0	0	0	
402808	Temporal_Mid_L	1398	0	880	0	0	0	328	126	0	0	206	0	0	0	0	0	2906	0	808	0	0	0	0	0	0	0	0	0	7340	0	0	0	858	0	1094	168	2132	0	208	0	0	0	1396	0	832	0	278	0	2890	0	17152	0	5190	0	4654	0	4448	186	2496	0	6644	0	8830	0	11250	0	4880	0	2382	0	0	0	932	0	0	0	316	0	6654	0	32200	0	11702	0	0	0	8700	0	48426	0	378	0	0	0	0	0	0	0	136	0	0	0	0	0	0	0	0	0	0	0	0	0	0	0	0	0	
397048	Temporal_Mid_R	0	2338	0	662	0	0	0	0	0	0	0	592	0	0	0	666	0	1618	0	472	0	0	0	0	0	0	0	0	0	5872	0	0	120	10076	226	1312	0	1620	0	818	0	366	0	6212	0	11284	0	1244	0	12206	0	19050	0	2764	0	4252	0	1886	0	9034	0	9372	0	2012	0	11048	0	13674	0	1336	0	214	0	778	0	0	0	1036	0	2446	0	23302	0	5710	0	0	0	6988	0	25918	0	0	0	0	0	0	0	0	0	0	0	0	0	0	0	0	0	0	0	0	0	0	0	0	0	0	
65564	Temporal_Pole_Mid_L	0	0	0	0	0	0	0	0	0	0	0	0	0	0	0	0	0	0	0	0	0	0	0	0	0	0	0	0	482	0	0	0	0	0	0	0	766	0	1258	0	120	0	0	0	0	0	0	0	0	0	0	0	0	0	3632	0	0	0	0	0	0	0	0	0	0	0	0	0	0	0	0	0	490	0	0	0	0	0	0	0	1092	0	7172	0	8700	0	0	0	8778	0	134	0	0	0	0	0	0	0	158	0	0	0	0	0	0	0	0	0	0	0	0	0	0	0	0	0	
82104	Temporal_Pole_Mid_R	0	0	0	0	0	0	0	0	0	0	0	0	0	0	0	0	0	0	0	0	0	0	0	0	0	0	0	0	0	236	0	0	0	0	0	0	0	1208	0	3120	0	1226	0	0	0	0	0	0	0	0	0	0	0	0	0	7520	0	0	0	0	0	0	0	0	0	0	0	0	0	0	0	0	0	0	0	0	0	0	0	0	0	1572	0	11082	0	6988	0	0	0	8100	0	0	0	0	0	0	0	0	0	0	0	0	0	0	0	0	0	0	0	0	0	0	0	0	0	0	
479784	Temporal_Inf_L	1022	0	1108	136	172	0	482	0	0	0	0	0	96	0	184	0	864	0	758	112	0	0	0	0	0	0	0	0	10484	0	0	0	640	0	1718	428	19722	0	7476	0	840	0	2162	0	610	0	3354	0	962	0	8664	0	9304	0	32512	0	2736	98	742	0	4280	0	4844	0	4702	0	3910	0	1432	0	248	184	11786	96	300	0	758	0	2624	0	17900	0	11134	0	48426	0	8778	0	0	0	7164	0	324	0	0	0	682	0	2934	0	0	0	0	0	0	0	0	0	0	0	0	0	0	0	0	0	
291188	Temporal_Inf_R	0	2742	190	1064	0	0	0	0	0	0	0	168	0	0	0	198	0	802	256	912	0	0	0	0	0	0	0	0	0	8020	0	0	0	646	550	1868	0	5006	0	2524	0	1546	0	896	0	590	0	1080	0	646	0	2536	0	8208	0	21236	0	2530	0	1984	0	2682	0	7462	0	4908	0	2146	0	874	114	0	0	1136	0	0	0	1486	0	1562	0	8930	0	6402	0	25918	0	8100	0	0	0	5084	0	586	0	0	0	0	0	1472	0	178	0	356	0	0	0	0	0	0	0	0	0	0	0	0	
528572	Cerebelum_Crus1_L	0	0	0	0	0	0	0	0	0	0	0	0	0	0	0	0	0	0	0	0	0	0	0	0	0	0	0	0	1664	0	0	0	0	0	258	0	6478	0	6484	0	434	0	186	298	126	0	9554	3178	120	0	466	0	1460	0	30078	1238	0	0	0	0	0	0	0	0	0	0	288	0	0	0	0	0	1374	0	0	0	0	0	200	0	718	0	384	0	378	0	134	0	7164	0	0	8832	28948	10996	1578	0	19408	676	54650	6002	8752	1894	12208	4568	3834	362	244	0	90	138	2632	8070	14740	928	1266	808	
586464	Cerebelum_Crus1_R	0	702	0	726	0	0	0	0	0	0	0	0	0	0	0	0	0	0	0	482	0	0	0	0	0	0	0	0	0	1030	0	0	0	0	0	128	0	6472	0	8480	0	100	0	424	0	0	1982	9514	0	0	220	104	330	430	1222	29014	0	182	0	0	0	0	0	768	0	178	0	102	0	0	0	0	0	732	0	386	0	1002	0	456	0	138	0	0	0	0	0	0	0	5084	8832	0	4068	45136	390	2920	994	19698	5134	54270	824	13278	1550	20208	546	3798	0	0	592	1504	2488	9556	16320	5430	4836	472	
292220	Cerebelum_Crus2_L	0	0	0	0	0	0	0	0	0	0	0	0	0	0	0	0	0	0	0	0	0	0	0	0	0	0	0	0	0	0	0	0	0	0	0	0	0	0	0	0	0	0	0	0	0	0	656	822	0	0	0	0	0	0	832	320	0	0	0	0	0	0	0	0	0	0	0	0	0	0	0	0	0	0	0	0	0	0	0	0	0	0	0	0	0	0	0	0	324	0	28948	4068	0	13388	246	0	1536	202	5130	2034	29660	4698	23416	6318	2136	284	138	0	0	0	372	2326	14472	2912	530	342	
487360	Cerebelum_Crus2_R	0	0	0	0	0	0	0	0	0	0	0	0	0	0	0	0	0	0	0	0	0	0	0	0	0	0	0	0	0	90	0	0	0	0	0	0	0	1690	0	2374	0	0	0	224	0	0	1378	2174	0	0	0	0	216	0	1112	5364	0	0	0	0	0	0	0	0	0	0	0	0	0	0	0	0	0	256	0	164	0	0	0	0	0	0	0	0	0	0	0	0	0	586	10996	45136	13388	0	178	1446	742	5024	3790	18696	7042	29346	7004	33552	1192	4840	0	182	542	1300	1622	6024	24276	6846	4520	368	
54544	Cerebelum_3_L	0	0	0	0	0	0	0	0	0	0	0	0	0	0	0	0	0	0	0	0	0	0	0	0	0	0	0	0	0	0	0	0	0	0	0	0	130	0	278	94	0	0	0	0	0	0	1054	184	0	0	0	0	0	0	206	0	0	0	0	0	0	0	0	0	0	0	0	0	0	0	0	0	0	0	0	0	0	0	0	0	0	0	0	0	0	0	0	0	0	0	1578	390	246	178	0	220	7688	226	3464	678	214	0	328	0	2460	204	308	0	1140	1830	2110	1100	210	212	344	198	
67404	Cerebelum_3_R	0	0	0	0	0	0	0	0	0	0	0	0	0	0	0	0	0	0	0	0	0	0	0	0	0	0	0	0	0	0	0	0	0	0	0	0	100	0	160	148	0	0	0	0	0	0	192	732	0	0	0	0	0	0	0	1264	0	0	0	0	0	0	0	0	0	0	0	0	0	0	0	0	0	0	0	0	0	0	0	0	0	0	0	0	0	0	0	0	0	0	0	2920	0	1446	220	0	656	4580	346	5034	0	0	114	186	166	2514	0	124	860	2836	1496	1750	1764	1848	2020	226	
324672	Cerebelum_4_5_L	0	0	0	0	0	0	0	0	0	0	0	0	0	0	0	0	0	0	0	0	0	0	0	0	0	0	0	0	620	0	0	0	0	0	0	0	5000	0	5748	172	304	0	1038	124	0	0	13996	2176	0	0	756	0	1322	0	16818	568	0	0	0	0	0	0	0	0	0	0	0	0	0	0	0	0	214	0	0	0	0	0	0	0	0	0	116	0	0	0	0	0	682	0	19408	994	1536	742	7688	656	0	1228	39758	2216	1154	0	1658	122	5478	428	1112	0	1854	2590	14028	5482	986	470	1340	1754	
305544	Cerebelum_4_5_R	0	810	0	848	0	0	0	0	0	0	0	0	0	0	0	0	0	0	0	598	0	0	0	0	0	0	0	0	0	458	0	0	0	0	0	104	0	8932	0	11776	0	230	0	372	0	0	412	11772	0	106	0	140	0	674	196	20244	0	0	0	0	0	0	0	0	0	0	0	336	0	0	0	0	0	1150	0	694	0	2158	0	0	0	0	0	0	0	0	0	0	0	0	676	19698	202	5024	226	4580	1228	0	1382	31270	0	968	168	1712	264	3340	0	0	0	912	6542	2774	3678	3062	2924	132	
543168	Cerebelum_6_L	0	0	0	0	0	0	0	0	0	0	0	0	0	0	0	0	0	0	0	0	0	0	0	0	0	0	0	0	1998	0	0	0	0	0	0	0	8662	0	9906	94	562	0	1236	634	94	92	21504	5548	220	176	2226	170	4974	0	38400	1580	0	0	0	0	0	0	0	0	0	0	136	0	0	0	0	0	1422	0	0	0	0	0	0	0	392	0	468	0	136	0	158	0	2934	0	54650	5134	5130	3790	3464	346	39758	1382	0	7114	2918	0	2614	190	4744	212	524	0	1166	1368	11992	13478	5436	356	1016	1080	
543908	Cerebelum_6_R	0	722	0	806	0	0	0	0	0	0	0	0	0	0	0	0	0	0	0	520	0	0	0	0	0	0	0	0	0	954	0	0	0	0	0	0	0	7320	0	9654	0	106	228	1600	0	126	2668	17308	102	600	468	616	680	1352	1690	34782	0	0	0	0	0	0	0	0	0	0	0	0	0	0	0	0	0	1360	0	770	0	1160	0	294	0	0	0	0	0	0	0	0	0	1472	6002	54270	2034	18696	678	5034	2216	31270	7114	0	236	3796	608	6864	740	3094	0	0	596	1764	6816	13222	10674	4532	4040	300	
197068	Cerebelum_7b_L	0	0	0	0	0	0	0	0	0	0	0	0	0	0	0	0	0	0	0	0	0	0	0	0	0	0	0	0	0	0	0	0	0	0	0	0	0	0	0	0	0	0	0	0	0	0	0	0	0	0	0	0	0	0	0	0	0	0	0	0	0	0	0	0	0	0	0	0	0	0	0	0	0	0	0	0	0	0	0	0	0	0	0	0	0	0	0	0	0	0	8752	824	29660	7042	214	0	1154	0	2918	236	0	4546	25182	4756	1780	0	206	0	0	0	124	264	6818	3966	92	0	
234296	Cerebelum_7b_R	0	0	0	0	0	0	0	0	0	0	0	0	0	0	0	0	0	0	0	0	0	0	0	0	0	0	0	0	0	100	0	0	0	0	0	0	0	578	0	708	0	0	0	0	0	0	0	0	0	0	0	0	0	0	0	1986	0	0	0	0	0	0	0	0	0	0	0	0	0	0	0	0	0	310	0	186	0	0	0	0	0	0	0	0	0	0	0	0	0	178	1894	13278	4698	29346	0	0	0	968	0	3796	4546	0	6210	32956	830	3658	0	242	0	0	0	0	5966	4504	210	0	
