data	data	451796	279388	957764	951228	143872	119036	463436	292048	75616	64376	197380	183688	286184	116940	156056	108004	184652	155208	500192	744412	71192	64980	454680	397288	24892	84276	32956	34604	567052	330088	337640	418044	226012	409964	196020	203640	350488	360696	91416	195092	48320	39620	286644	365332	121344	283468	329500	292308	189220	264488	483128	219028	158000	86536	333160	311704	273756	266488	167996	148556	202856	222236	99756	151392	114548	107400	375420	484248	116080	122880	224388	345952	334588	374760	53216	60196	195704	219948	66044	35480	215716	108604	81644	49468	289704	191464	23028	16588	233792	159428	403500	461500	279864	256816	27152	75388	236872	227596	381316	447580	188660	72316	308508	266164	119828	153204	34448	22328	12840	70964	183908	172376	185748	151348	109180	46016	
data	data	Precentral_L	Precentral_R	Frontal_Sup_L	Frontal_Sup_R	Frontal_Sup_Orb_L	Frontal_Sup_Orb_R	Frontal_Mid_L	Frontal_Mid_R	Frontal_Mid_Orb_L	Frontal_Mid_Orb_R	Frontal_Inf_Oper_L	Frontal_Inf_Oper_R	Frontal_Inf_Tri_L	Frontal_Inf_Tri_R	Frontal_Inf_Orb_L	Frontal_Inf_Orb_R	Rolandic_Oper_L	Rolandic_Oper_R	Supp_Motor_Area_L	Supp_Motor_Area_R	Olfactory_L	Olfactory_R	Frontal_Sup_Medial_L	Frontal_Sup_Medial_R	Frontal_Med_Orb_L	Frontal_Med_Orb_R	Rectus_L	Rectus_R	Insula_L	Insula_R	Cingulum_Ant_L	Cingulum_Ant_R	Cingulum_Mid_L	Cingulum_Mid_R	Cingulum_Post_L	Cingulum_Post_R	Hippocampus_L	Hippocampus_R	ParaHippocampal_L	ParaHippocampal_R	Amygdala_L	Amygdala_R	Calcarine_L	Calcarine_R	Cuneus_L	Cuneus_R	Lingual_L	Lingual_R	Occipital_Sup_L	Occipital_Sup_R	Occipital_Mid_L	Occipital_Mid_R	Occipital_Inf_L	Occipital_Inf_R	Fusiform_L	Fusiform_R	Postcentral_L	Postcentral_R	Parietal_Sup_L	Parietal_Sup_R	Parietal_Inf_L	Parietal_Inf_R	SupraMarginal_L	SupraMarginal_R	Angular_L	Angular_R	Precuneus_L	Precuneus_R	Paracentral_Lobule_L	Paracentral_Lobule_R	Caudate_L	Caudate_R	Putamen_L	Putamen_R	Pallidum_L	Pallidum_R	Thalamus_L	Thalamus_R	Heschl_L	Heschl_R	Temporal_Sup_L	Temporal_Sup_R	Temporal_Pole_Sup_L	Temporal_Pole_Sup_R	Temporal_Mid_L	Temporal_Mid_R	Temporal_Pole_Mid_L	Temporal_Pole_Mid_R	Temporal_Inf_L	Temporal_Inf_R	Cerebelum_Crus1_L	Cerebelum_Crus1_R	Cerebelum_Crus2_L	Cerebelum_Crus2_R	Cerebelum_3_L	Cerebelum_3_R	Cerebelum_4_5_L	Cerebelum_4_5_R	Cerebelum_6_L	Cerebelum_6_R	Cerebelum_7b_L	Cerebelum_7b_R	Cerebelum_8_L	Cerebelum_8_R	Cerebelum_9_L	Cerebelum_9_R	Cerebelum_10_L	Cerebelum_10_R	Vermis_1_2	Vermis_3	Vermis_4_5	Vermis_6	Vermis_7	Vermis_8	Vermis_9	Vermis_10	
451796	Precentral_L	0	3572	9148	3434	0	0	22510	1044	0	0	12050	0	1876	0	0	0	8852	0	3184	2838	0	0	360	0	0	0	0	0	15526	86	538	0	1214	1746	8864	3060	13982	2614	310	1436	0	0	984	0	320	0	490	118	98	0	2326	0	470	0	184	0	29128	80	538	0	2162	0	1510	0	524	0	2926	0	15026	0	6986	624	8442	400	1192	268	21612	3866	2702	0	2434	0	130	0	1726	0	0	0	388	0	0	0	0	0	0	0	0	0	0	0	0	0	0	0	0	0	0	0	0	0	0	0	0	0	0	0	
279388	Precentral_R	3572	0	4454	15576	0	0	1624	9068	0	0	0	9998	0	1400	0	0	0	5178	2392	5836	0	0	0	132	0	0	0	0	228	4722	0	232	244	364	404	1618	870	6084	0	702	0	0	0	1016	0	0	0	228	0	0	0	210	0	814	0	828	0	22914	0	516	0	2434	0	5362	0	134	0	1842	368	2966	906	3504	312	4500	0	1428	3662	8542	0	236	0	554	0	0	0	838	0	0	0	882	0	0	0	0	0	0	0	0	0	0	0	0	0	0	0	0	0	0	0	0	0	0	0	0	0	0	
957764	Frontal_Sup_L	9148	4454	0	19290	9056	0	60476	6630	3160	0	11768	0	26924	0	9102	82	6592	0	58718	20758	0	0	54714	6832	1288	396	0	0	43016	196	21296	4456	7850	6200	134	0	8800	3242	328	144	460	0	0	0	0	0	0	0	0	0	0	0	0	0	266	0	1648	88	0	0	0	0	0	0	0	0	0	0	260	0	13372	1734	26646	462	7064	284	15318	1558	320	0	1806	0	2304	0	0	0	0	0	242	0	0	0	0	0	0	0	0	0	0	0	0	0	0	0	0	0	0	0	0	0	0	0	0	0	0	0	
951228	Frontal_Sup_R	3434	15576	19290	0	154	6414	3278	41634	0	2566	1010	6346	502	7252	0	6688	368	3568	19078	79628	0	0	16796	46724	0	2342	0	122	2174	15748	8968	37918	2422	19622	494	430	1006	5160	0	1042	0	130	0	0	0	0	0	216	0	0	0	0	0	0	0	170	134	1070	0	0	0	126	0	190	0	0	0	0	224	344	6124	32436	232	21434	0	1280	1730	31534	0	0	108	0	188	190	0	0	0	0	0	0	0	0	0	0	0	0	0	0	0	0	0	0	0	0	0	0	0	0	0	0	0	0	0	0	0	0	
143872	Frontal_Sup_Orb_L	0	0	9056	154	0	0	2198	0	10446	0	0	0	2330	0	11080	0	0	0	446	248	880	0	7956	372	2908	0	5088	0	5184	0	6560	106	80	0	0	0	134	150	0	0	0	0	0	0	0	0	0	0	0	0	0	0	0	0	0	0	0	0	0	0	0	0	0	0	0	0	0	0	0	0	1230	0	5330	0	0	0	0	0	0	0	0	0	0	0	0	0	0	0	0	0	0	0	0	0	0	0	0	0	0	0	0	0	0	0	0	0	0	0	0	0	0	0	0	0	0	0	
119036	Frontal_Sup_Orb_R	0	0	0	6414	0	0	0	2040	0	7996	0	202	0	1122	0	5258	0	0	358	2330	0	1018	262	5022	334	6686	0	5856	0	1504	472	3248	0	84	0	0	0	202	0	0	0	0	0	0	0	0	0	0	0	0	0	0	0	0	0	0	0	0	0	0	0	0	0	0	0	0	0	0	0	0	0	4534	0	4404	0	0	0	172	0	0	0	0	0	0	0	0	0	0	0	0	0	0	0	0	0	0	0	0	0	0	0	0	0	0	0	0	0	0	0	0	0	0	0	0	0	0	
463436	Frontal_Mid_L	22510	1624	60476	3278	2198	0	0	1878	3242	0	11660	0	30508	0	5084	0	1650	0	5192	1896	0	0	12246	1478	0	0	0	0	22100	0	7208	912	2162	794	0	0	6226	630	168	122	0	0	0	0	0	0	0	0	0	0	0	0	0	0	0	0	1654	0	0	0	0	0	0	0	0	0	0	0	0	0	7306	538	4886	624	116	886	9034	592	154	0	346	0	340	0	0	0	0	0	0	0	0	0	0	0	0	0	0	0	0	0	0	0	0	0	0	0	0	0	0	0	0	0	0	0	0	0	
292048	Frontal_Mid_R	1044	9068	6630	41634	0	2040	1878	0	0	1882	110	6254	232	8110	0	4384	0	3198	4140	9474	0	0	920	3904	0	0	0	0	576	6760	922	3688	132	978	156	144	210	3600	0	380	0	0	0	0	0	0	0	0	0	0	0	0	0	0	0	0	0	1656	0	0	0	620	0	1400	0	0	0	0	0	92	5094	4760	0	7338	0	596	256	1370	0	84	0	0	0	310	0	0	0	0	0	0	0	0	0	0	0	0	0	0	0	0	0	0	0	0	0	0	0	0	0	0	0	0	0	0	0	0	
75616	Frontal_Mid_Orb_L	0	0	3160	0	10446	0	3242	0	0	0	0	0	2988	0	13838	0	0	0	0	0	184	0	0	0	152	0	1104	0	1550	0	310	0	0	0	0	0	0	0	0	0	0	0	0	0	0	0	0	0	0	0	0	0	0	0	0	0	0	0	0	0	0	0	0	0	0	0	0	0	0	0	102	0	618	0	0	0	0	0	0	0	0	0	114	0	0	0	0	0	0	0	0	0	0	0	0	0	0	0	0	0	0	0	0	0	0	0	0	0	0	0	0	0	0	0	0	0	
64376	Frontal_Mid_Orb_R	0	0	0	2566	0	7996	0	1882	0	0	0	0	0	1072	0	9556	0	0	388	1234	0	266	0	526	0	1496	0	908	0	1026	0	168	0	126	0	0	0	0	0	0	0	0	0	0	0	0	0	0	0	0	0	0	0	0	0	0	0	0	0	0	0	0	0	0	0	0	0	0	0	0	0	1444	0	1534	0	0	0	0	0	0	0	0	0	0	0	0	0	0	0	0	0	0	0	0	0	0	0	0	0	0	0	0	0	0	0	0	0	0	0	0	0	0	0	0	0	0	
197380	Frontal_Inf_Oper_L	12050	0	11768	1010	0	0	11660	110	0	0	0	0	8066	0	128	0	12582	0	2250	1198	0	0	1536	0	0	0	0	0	17264	0	1208	102	104	0	0	0	2640	694	0	0	0	0	0	0	0	0	0	0	0	0	0	0	0	0	0	0	4378	0	0	0	0	0	0	0	0	0	0	0	0	0	136	0	1776	0	0	0	408	0	984	0	3054	0	3584	0	0	0	0	0	0	0	0	0	0	0	0	0	0	0	0	0	0	0	0	0	0	0	0	0	0	0	0	0	0	0	0	0	
183688	Frontal_Inf_Oper_R	0	9998	0	6346	0	202	0	6254	0	0	0	0	0	7080	0	856	0	12260	86	5190	0	0	0	370	0	0	0	0	0	19342	0	262	0	0	0	0	0	3922	0	876	0	0	0	0	0	0	0	0	0	0	0	0	0	0	0	214	0	5044	0	0	0	344	0	1146	0	0	0	0	0	0	0	444	0	8218	0	1754	0	722	0	208	0	114	0	592	0	0	0	0	0	0	0	0	0	0	0	0	0	0	0	0	0	0	0	0	0	0	0	0	0	0	0	0	0	0	0	0	
286184	Frontal_Inf_Tri_L	1876	0	26924	502	2330	0	30508	232	2988	0	8066	0	0	0	15534	0	1518	0	4542	804	0	0	3148	172	0	0	0	0	30912	0	2474	226	294	142	0	0	1732	190	0	0	376	0	0	0	0	0	0	0	0	0	0	0	0	0	0	0	398	0	0	0	0	0	0	0	0	0	0	0	0	0	382	104	5258	0	0	0	270	0	0	0	194	0	996	0	0	0	0	0	0	0	0	0	0	0	0	0	0	0	0	0	0	0	0	0	0	0	0	0	0	0	0	0	0	0	0	0	
116940	Frontal_Inf_Tri_R	0	1400	0	7252	0	1122	0	8110	0	1072	0	7080	0	0	0	5926	0	398	408	2816	0	0	0	1454	0	0	0	0	0	15544	88	1218	0	184	0	0	0	156	0	0	0	0	0	0	0	0	0	0	0	0	0	0	0	0	0	0	0	150	0	0	0	0	0	0	0	0	0	0	0	0	84	196	0	3812	0	0	0	0	0	0	0	0	0	0	0	0	0	0	0	0	0	0	0	0	0	0	0	0	0	0	0	0	0	0	0	0	0	0	0	0	0	0	0	0	0	0	
156056	Frontal_Inf_Orb_L	0	0	9102	0	11080	0	5084	0	13838	0	128	0	15534	0	0	0	0	0	960	104	1898	0	426	0	0	0	1330	0	11582	0	468	0	0	0	0	0	864	0	252	0	772	0	0	0	0	0	0	0	0	0	0	0	0	0	360	0	0	0	0	0	0	0	0	0	0	0	0	0	0	0	230	0	1844	0	0	0	0	0	0	0	0	0	2026	0	0	0	0	0	146	0	0	0	0	0	0	0	0	0	0	0	0	0	0	0	0	0	0	0	0	0	0	0	0	0	0	0	
108004	Frontal_Inf_Orb_R	0	0	82	6688	0	5258	0	4384	0	9556	0	856	0	5926	0	0	0	152	678	2834	0	668	536	1704	0	0	0	646	0	7716	0	1250	110	1358	0	0	0	0	0	0	0	0	0	0	0	0	0	0	0	0	0	0	0	0	0	0	0	0	0	0	0	0	0	0	0	0	0	0	0	0	0	432	0	2346	0	0	0	0	0	0	0	296	0	526	0	0	0	0	0	0	0	0	0	0	0	0	0	0	0	0	0	0	0	0	0	0	0	0	0	0	0	0	0	0	0	0	
184652	Rolandic_Oper_L	8852	0	6592	368	0	0	1650	0	0	0	12582	0	1518	0	0	0	0	0	884	434	0	0	204	0	0	0	0	0	17744	0	0	0	264	0	126	0	3180	794	86	0	0	0	0	0	0	0	0	0	0	0	1150	0	424	0	372	0	9310	0	1092	0	1164	0	1408	0	0	0	510	0	0	0	0	0	2316	0	466	0	908	0	4444	0	7450	0	3422	0	1368	0	0	0	1244	0	0	0	0	0	0	0	0	0	0	0	0	0	0	0	0	0	0	0	0	0	0	0	0	0	0	0	
155208	Rolandic_Oper_R	0	5178	0	3568	0	0	0	3198	0	0	0	12260	0	398	0	152	0	0	0	2898	0	0	0	108	0	0	0	0	0	18364	0	118	0	0	0	0	0	4210	0	1008	0	0	0	0	0	0	0	0	0	0	0	0	0	0	0	422	0	4488	0	122	0	422	0	1772	0	0	0	164	0	0	0	1782	0	7616	0	3390	0	418	0	2512	0	1640	0	1012	0	184	0	0	0	200	0	0	0	0	0	0	0	0	0	0	0	0	0	0	0	0	0	0	0	0	0	0	0	0	0	0	
500192	Supp_Motor_Area_L	3184	2392	58718	19078	446	358	5192	4140	0	388	2250	86	4542	408	960	678	884	0	0	38818	0	0	10300	3366	0	0	0	0	11658	602	4452	6020	8880	15414	3232	556	2156	1036	0	104	0	0	528	0	212	0	146	0	0	0	0	0	0	0	0	0	400	172	0	0	0	0	0	0	0	0	914	0	5522	208	7004	3804	10308	718	5470	116	2690	1146	0	0	192	0	248	0	0	0	0	0	0	0	0	0	0	0	0	0	0	0	0	0	0	0	0	0	0	0	0	0	0	0	0	0	0	0	0	0	
744412	Supp_Motor_Area_R	2838	5836	20758	79628	248	2330	1896	9474	0	1234	1198	5190	804	2816	104	2834	434	2898	38818	0	0	0	2784	10880	0	854	0	116	3120	10010	6180	19610	5978	39758	540	11840	424	1964	0	496	0	0	0	2914	0	882	0	844	0	0	0	164	0	230	0	218	154	1052	0	96	0	218	0	176	0	0	288	5830	1068	14016	2776	20666	392	13070	0	1062	562	10690	0	0	134	0	236	166	0	0	0	0	0	118	0	0	0	0	0	0	0	0	0	0	0	0	0	0	0	0	0	0	0	0	292	0	0	0	0	0	
71192	Olfactory_L	0	0	0	0	880	0	0	0	184	0	0	0	0	0	1898	0	0	0	0	0	0	4672	0	0	0	0	770	244	1830	0	1916	1056	0	0	0	0	1486	0	1132	0	1482	0	0	0	0	0	0	0	0	0	0	0	0	0	824	0	0	0	0	0	0	0	0	0	0	0	0	0	0	0	5362	4014	3936	2382	0	0	0	0	0	0	0	0	1194	0	0	0	0	0	334	0	0	0	0	0	0	0	0	0	0	0	0	0	0	0	0	0	0	0	0	0	0	0	0	0	0	0	
64980	Olfactory_R	0	0	0	0	0	1018	0	0	0	266	0	0	0	0	0	668	0	0	0	0	4672	0	0	0	0	460	292	1500	0	1334	1846	1618	0	0	0	0	0	372	0	146	0	694	0	0	0	0	0	0	0	0	0	0	0	0	0	0	0	0	0	0	0	0	0	0	0	0	0	0	0	0	5574	5546	3390	2946	0	148	0	0	0	0	0	0	0	0	0	0	0	0	0	0	0	0	0	0	0	0	0	0	0	0	0	0	0	0	0	0	0	0	0	0	0	0	0	0	0	0	
454680	Frontal_Sup_Medial_L	360	0	54714	16796	7956	262	12246	920	0	0	1536	0	3148	0	426	536	204	0	10300	2784	0	0	0	28364	2394	1452	272	0	7816	82	30918	18166	7456	10850	96	0	304	388	0	0	0	0	0	0	0	0	0	0	0	0	0	0	0	0	0	0	0	0	0	0	0	0	0	0	0	0	0	0	0	0	796	88	5624	86	0	0	0	0	0	0	0	0	0	0	0	0	0	0	0	0	0	0	0	0	0	0	0	0	0	0	0	0	0	0	0	0	0	0	0	0	0	0	0	0	0	0	
397288	Frontal_Sup_Medial_R	0	132	6832	46724	372	5022	1478	3904	0	526	0	370	172	1454	0	1704	0	108	3366	10880	0	0	28364	0	470	6246	0	206	164	2026	9368	32650	1554	13884	0	0	0	500	0	0	0	0	0	0	0	0	0	0	0	0	0	0	0	0	0	0	0	0	0	0	0	0	0	0	0	0	0	0	0	0	126	10990	188	8118	0	80	0	666	0	0	0	0	0	0	0	0	0	0	0	0	0	0	0	0	0	0	0	0	0	0	0	0	0	0	0	0	0	0	0	0	0	0	0	0	0	0	
24892	Frontal_Med_Orb_L	0	0	1288	0	2908	334	0	0	152	0	0	0	0	0	0	0	0	0	0	0	0	0	2394	470	0	1184	730	0	0	0	2052	128	0	0	0	0	0	0	0	0	0	0	0	0	0	0	0	0	0	0	0	0	0	0	0	0	0	0	0	0	0	0	0	0	0	0	0	0	0	0	128	102	482	94	0	0	0	0	0	0	0	0	0	0	0	0	0	0	0	0	0	0	0	0	0	0	0	0	0	0	0	0	0	0	0	0	0	0	0	0	0	0	0	0	0	0	
84276	Frontal_Med_Orb_R	0	0	396	2342	0	6686	0	0	0	1496	0	0	0	0	0	0	0	0	0	854	0	460	1452	6246	1184	0	0	3488	0	0	2444	3412	0	0	0	0	0	120	0	0	0	0	0	0	0	0	0	0	0	0	0	0	0	0	0	0	0	0	0	0	0	0	0	0	0	0	0	0	0	0	0	5720	0	5838	0	0	0	0	0	0	0	0	0	0	0	0	0	0	0	0	0	0	0	0	0	0	0	0	0	0	0	0	0	0	0	0	0	0	0	0	0	0	0	0	0	0	
32956	Rectus_L	0	0	0	0	5088	0	0	0	1104	0	0	0	0	0	1330	0	0	0	0	0	770	292	272	0	730	0	0	82	450	0	1884	0	0	0	0	0	0	0	0	0	0	0	0	0	0	0	0	0	0	0	0	0	0	0	0	0	0	0	0	0	0	0	0	0	0	0	0	0	0	0	1840	154	2370	112	0	0	0	0	0	0	0	0	0	0	0	0	0	0	0	0	0	0	0	0	0	0	0	0	0	0	0	0	0	0	0	0	0	0	0	0	0	0	0	0	0	0	
34604	Rectus_R	0	0	0	122	0	5856	0	0	0	908	0	0	0	0	0	646	0	0	0	116	244	1500	0	206	0	3488	82	0	0	150	94	268	0	0	0	0	0	0	0	0	0	0	0	0	0	0	0	0	0	0	0	0	0	0	0	0	0	0	0	0	0	0	0	0	0	0	0	0	0	0	228	1552	156	1686	0	0	0	0	0	0	0	0	0	0	0	0	0	0	0	0	0	0	0	0	0	0	0	0	0	0	0	0	0	0	0	0	0	0	0	0	0	0	0	0	0	0	
567052	Insula_L	15526	228	43016	2174	5184	0	22100	576	1550	0	17264	0	30912	0	11582	0	17744	0	11658	3120	1830	0	7816	164	0	0	450	0	0	0	5058	268	816	376	206	232	22998	1422	902	344	1438	0	0	0	0	0	0	0	0	0	186	0	84	0	1040	0	6548	0	128	0	696	0	1250	0	0	0	0	0	0	0	1718	208	21870	0	266	0	3536	414	5288	0	5688	0	5388	0	812	0	222	0	1230	0	0	0	0	0	0	0	0	0	0	0	0	0	0	0	0	0	0	0	0	0	0	0	0	0	0	0	
330088	Insula_R	86	4722	196	15748	0	1504	0	6760	0	1026	0	19342	0	15544	0	7716	0	18364	602	10010	0	1334	82	2026	0	0	0	150	0	0	110	1508	0	288	0	0	0	10030	0	1340	0	1076	0	0	0	0	0	0	0	0	0	0	0	0	0	1248	0	3338	0	286	0	648	0	1256	0	118	0	342	0	0	156	926	0	22822	0	1494	0	786	0	3064	0	4450	0	2964	0	770	0	0	0	812	0	0	0	0	0	0	0	0	0	0	0	0	0	0	0	0	0	0	0	0	0	0	0	0	0	0	
337640	Cingulum_Ant_L	538	0	21296	8968	6560	472	7208	922	310	0	1208	0	2474	88	468	0	0	0	4452	6180	1916	1846	30918	9368	2052	2444	1884	94	5058	110	0	18278	6240	5760	0	0	324	254	0	0	0	0	0	0	0	0	0	0	0	0	0	0	0	0	0	0	134	0	0	0	0	0	0	0	0	0	0	0	0	0	6032	3056	10106	1696	0	0	106	0	0	0	0	0	0	0	0	0	0	0	0	0	0	0	0	0	0	0	0	0	0	0	0	0	0	0	0	0	0	0	0	0	0	0	0	0	0	0	
418044	Cingulum_Ant_R	0	232	4456	37918	106	3248	912	3688	0	168	102	262	226	1218	0	1250	0	118	6020	19610	1056	1618	18166	32650	128	3412	0	268	268	1508	18278	0	2618	19856	0	0	0	338	0	0	0	0	0	0	0	0	0	0	0	0	0	0	0	0	0	0	0	0	0	0	0	0	0	0	0	0	0	0	0	0	1916	17664	1026	8024	0	0	166	528	0	0	0	0	0	0	0	0	0	0	0	0	0	0	0	0	0	0	0	0	0	0	0	0	0	0	0	0	0	0	0	0	0	0	0	0	0	0	
226012	Cingulum_Mid_L	1214	244	7850	2422	80	0	2162	132	0	0	104	0	294	0	0	110	264	0	8880	5978	0	0	7456	1554	0	0	0	0	816	0	6240	2618	0	12904	10400	406	0	102	0	0	0	0	2238	392	964	244	152	0	1072	0	3352	0	146	0	0	0	782	0	1386	0	1800	0	760	0	1024	0	14798	1596	4590	314	0	0	106	0	0	0	0	126	0	0	1776	0	0	0	2610	0	0	0	548	0	0	0	0	0	0	0	0	0	0	0	0	0	0	0	0	0	0	0	0	0	0	0	0	0	0	0	
409964	Cingulum_Mid_R	1746	364	6200	19622	0	84	794	978	0	126	0	0	142	184	0	1358	0	0	15414	39758	0	0	10850	13884	0	0	0	0	376	288	5760	19856	12904	0	1670	10692	152	620	0	184	0	0	0	6302	0	1964	0	1552	0	146	0	158	0	0	0	0	0	962	0	0	0	0	0	0	0	0	1752	11844	778	11300	310	678	0	162	0	0	140	2472	0	0	0	0	0	0	0	0	0	0	0	0	0	0	0	0	0	0	0	0	0	0	0	0	0	0	0	0	0	0	0	0	456	0	0	0	0	0	
196020	Cingulum_Post_L	8864	404	134	494	0	0	0	156	0	0	0	0	0	0	0	0	126	0	3232	540	0	0	96	0	0	0	0	0	206	0	0	0	10400	1670	0	11318	5328	4012	2430	1692	0	0	3574	140	1636	238	2506	312	1382	198	1394	0	82	0	224	0	608	0	580	0	924	0	658	0	516	0	14132	2972	8722	138	0	0	0	114	0	0	1094	2124	240	0	868	0	0	0	1166	0	0	0	282	0	0	0	0	0	0	0	0	0	0	0	0	0	0	0	0	0	0	0	0	0	84	0	0	0	0	0	
203640	Cingulum_Post_R	3060	1618	0	430	0	0	0	144	0	0	0	0	0	0	0	0	0	0	556	11840	0	0	0	0	0	0	0	0	232	0	0	0	406	10692	11318	0	5192	5866	2248	2654	0	0	156	3132	0	1244	262	5190	0	288	0	168	0	212	250	318	0	556	0	276	0	410	0	114	0	0	2218	14838	340	8658	0	0	0	126	0	0	1736	3094	270	0	0	0	0	0	0	82	0	0	136	192	0	0	0	0	0	0	0	0	0	0	0	0	0	0	0	0	0	0	0	0	1298	0	0	0	0	0	
350488	Hippocampus_L	13982	870	8800	1006	134	0	6226	210	0	0	2640	0	1732	0	864	0	3180	0	2156	424	1486	0	304	0	0	0	0	0	22998	0	324	0	0	152	5328	5192	0	4848	13248	2304	7478	0	836	0	0	0	1662	98	0	0	84	0	100	0	8850	0	3684	0	0	0	96	0	166	0	0	0	2028	1070	0	0	1252	352	13164	132	1110	0	10508	2964	4496	0	2494	0	2554	0	2612	0	792	0	8254	0	0	0	0	0	0	0	0	0	0	0	0	0	0	0	0	0	0	0	0	0	0	0	0	0	0	0	
360696	Hippocampus_R	2614	6084	3242	5160	150	202	630	3600	0	0	694	3922	190	156	0	0	794	4210	1036	1964	0	372	388	500	0	120	0	0	1422	10030	254	338	102	620	4012	5866	4848	0	2274	23968	0	8100	118	354	0	0	238	3178	0	0	0	288	0	242	364	15372	238	3298	0	836	0	2798	0	4570	0	894	548	4090	0	146	1212	672	346	15616	0	2914	2180	6946	418	1002	282	2336	326	1686	0	2090	0	142	268	4280	0	0	0	0	0	0	0	576	0	1032	0	0	0	0	0	0	0	0	0	0	590	0	0	0	0	0	
91416	ParaHippocampal_L	310	0	328	0	0	0	168	0	0	0	0	0	0	0	252	0	86	0	0	0	1132	0	0	0	0	0	0	0	902	0	0	0	0	0	2430	2248	13248	2274	0	826	2270	0	674	0	0	0	2312	0	0	0	534	0	760	0	5710	0	0	0	0	0	0	0	0	0	0	0	1558	882	0	0	0	0	616	0	0	0	1236	794	126	0	0	0	896	0	388	0	160	0	1844	0	116	0	0	0	0	0	446	0	182	0	0	0	0	0	0	0	0	0	0	0	0	0	0	0	0	0	
195092	ParaHippocampal_R	1436	702	144	1042	0	0	122	380	0	0	0	876	0	0	0	0	0	1008	104	496	0	146	0	0	0	0	0	0	344	1340	0	0	0	184	1692	2654	2304	23968	826	0	0	4730	80	388	0	0	88	4298	0	0	0	106	0	726	234	17786	90	288	0	0	0	118	0	0	0	0	164	2484	0	0	142	0	0	4058	0	2194	1584	3144	316	198	0	1046	0	2320	0	982	0	1988	198	3112	0	400	0	86	0	0	0	2018	0	1814	0	0	0	0	0	0	0	126	0	0	472	0	0	0	0	0	
48320	Amygdala_L	0	0	460	0	0	0	0	0	0	0	0	0	376	0	772	0	0	0	0	0	1482	0	0	0	0	0	0	0	1438	0	0	0	0	0	0	0	7478	0	2270	0	0	0	0	0	0	0	0	0	0	0	0	0	0	0	3504	0	0	0	0	0	0	0	0	0	0	0	0	0	0	0	0	0	298	0	0	0	0	0	0	0	0	0	2008	0	1154	0	628	0	2292	0	0	0	0	0	0	0	0	0	0	0	0	0	0	0	0	0	0	0	0	0	0	0	0	0	0	0	
39620	Amygdala_R	0	0	0	130	0	0	0	0	0	0	0	0	0	0	0	0	0	0	0	0	0	694	0	0	0	0	0	0	0	1076	0	0	0	0	0	0	0	8100	0	4730	0	0	0	0	0	0	0	0	0	0	0	0	0	0	0	2070	0	0	0	0	0	0	0	0	0	0	0	0	0	0	0	0	0	720	0	0	0	228	0	0	0	0	0	1614	0	0	0	228	0	122	0	0	0	0	0	0	0	0	0	98	0	0	0	0	0	0	0	0	0	0	0	0	0	0	0	0	
286644	Calcarine_L	984	0	0	0	0	0	0	0	0	0	0	0	0	0	0	0	0	0	528	0	0	0	0	0	0	0	0	0	0	0	0	0	2238	0	3574	156	836	118	674	80	0	0	0	6454	9632	3112	19726	4076	16872	1540	28328	244	4620	0	850	100	740	158	3092	0	928	0	0	0	900	0	24272	890	2270	0	0	0	0	0	0	0	0	0	0	0	108	0	0	0	4844	0	0	0	378	0	0	0	0	0	0	0	0	0	0	0	0	0	0	0	0	0	0	0	0	0	0	0	0	0	0	0	
365332	Calcarine_R	0	1016	0	0	0	0	0	0	0	0	0	0	0	0	0	0	0	0	0	2914	0	0	0	0	0	0	0	0	0	0	0	0	392	6302	140	3132	0	354	0	388	0	0	6454	0	4530	27400	1300	23208	0	23900	0	11768	0	4164	0	5786	0	7598	0	1424	0	1722	0	272	0	352	3044	35298	202	4534	0	0	0	0	0	0	0	0	0	0	0	190	0	0	0	1374	0	0	0	1184	0	0	0	0	0	0	0	0	0	82	0	0	0	0	0	0	0	0	0	0	2162	80	0	0	0	0	
121344	Cuneus_L	320	0	0	0	0	0	0	0	0	0	0	0	0	0	0	0	0	0	212	0	0	0	0	0	0	0	0	0	0	0	0	0	964	0	1636	0	0	0	0	0	0	0	9632	4530	0	7112	464	142	12718	1930	3580	0	204	0	0	0	228	0	1710	0	320	0	0	0	136	0	11404	1738	814	0	0	0	0	0	0	0	0	0	0	0	0	0	0	0	878	0	0	0	0	0	0	0	0	0	0	0	0	0	0	0	0	0	0	0	0	0	0	0	0	0	0	0	0	0	0	0	
283468	Cuneus_R	0	0	0	0	0	0	0	0	0	0	0	0	0	0	0	0	0	0	0	882	0	0	0	0	0	0	0	0	0	0	0	0	244	1964	238	1244	0	0	0	0	0	0	3112	27400	7112	0	222	4434	148	33974	0	12440	0	824	0	1292	0	5304	0	4348	0	1746	0	0	0	170	4956	27624	0	1180	0	0	0	0	0	0	0	0	0	0	0	0	0	0	0	500	0	0	0	184	0	0	0	0	0	0	0	0	0	0	0	0	0	0	0	0	0	0	0	0	192	0	0	0	0	0	
329500	Lingual_L	490	0	0	0	0	0	0	0	0	0	0	0	0	0	0	0	0	0	146	0	0	0	0	0	0	0	0	0	0	0	0	0	152	0	2506	262	1662	238	2312	88	0	0	19726	1300	464	222	0	2730	5988	226	27162	0	12786	0	21390	308	98	0	478	0	0	0	0	0	154	0	9196	346	794	0	0	0	0	0	0	0	92	0	0	0	0	0	0	0	1962	0	0	0	1392	0	10952	298	1062	90	0	0	10602	1612	18344	566	148	0	300	0	180	0	86	0	0	0	3084	2272	484	0	0	0	
292308	Lingual_R	118	228	0	216	0	0	0	0	0	0	0	0	0	0	0	0	0	0	0	844	0	0	0	0	0	0	0	0	0	0	0	0	0	1552	312	5190	98	3178	0	4298	0	0	4076	23208	142	4434	2730	0	0	6696	0	3158	0	3438	860	16484	0	1248	0	582	0	882	0	184	0	96	236	14386	0	1150	0	0	0	0	0	0	94	374	0	0	0	136	0	0	0	412	0	0	0	394	1320	6006	886	368	114	226	1720	6040	2920	9048	0	0	0	0	88	114	0	0	0	0	7730	6664	1258	98	120	0	
189220	Occipital_Sup_L	98	0	0	0	0	0	0	0	0	0	0	0	0	0	0	0	0	0	0	0	0	0	0	0	0	0	0	0	0	0	0	0	1072	0	1382	0	0	0	0	0	0	0	16872	0	12718	148	5988	0	0	0	24396	0	2066	0	388	0	548	0	12676	0	2292	0	88	0	0	0	13440	144	294	0	0	0	0	0	0	0	0	0	0	0	0	0	0	0	0	0	0	0	0	0	0	0	0	0	0	0	0	0	0	0	0	0	0	0	0	0	0	0	0	0	0	0	0	0	0	0	
264488	Occipital_Sup_R	0	0	0	0	0	0	0	0	0	0	0	0	0	0	0	0	0	0	0	0	0	0	0	0	0	0	0	0	0	0	0	0	0	146	198	288	0	0	0	0	0	0	1540	23900	1930	33974	226	6696	0	0	0	23634	0	1408	0	2088	0	3938	0	6972	0	3808	0	0	0	2780	1548	16452	0	0	0	0	0	0	0	0	0	0	0	0	0	0	0	0	0	538	0	0	0	180	0	0	0	0	0	0	0	0	0	0	0	0	0	0	0	0	0	0	0	0	0	0	0	0	0	0	
483128	Occipital_Mid_L	2326	0	0	0	0	0	0	0	0	0	0	0	0	0	0	0	1150	0	0	0	0	0	0	0	0	0	0	0	186	0	0	0	3352	0	1394	0	84	0	534	0	0	0	28328	0	3580	0	27162	0	24396	0	0	0	26144	0	8656	0	8914	0	18624	0	17540	0	1686	0	17822	0	17340	0	2970	0	0	0	0	0	0	0	0	0	476	0	2622	0	0	0	20132	0	0	0	5996	0	0	0	0	0	0	0	0	0	150	0	0	0	0	0	0	0	0	0	0	0	0	0	0	0	0	0	
219028	Occipital_Mid_R	0	210	0	0	0	0	0	0	0	0	0	0	0	0	0	0	0	0	0	164	0	0	0	0	0	0	0	0	0	0	0	0	0	158	0	168	0	288	0	106	0	0	244	11768	0	12440	0	3158	0	23634	0	0	0	4822	0	2836	0	2712	0	3262	0	6802	0	240	0	11278	560	11150	0	364	0	0	0	0	0	0	0	0	0	0	0	796	0	0	0	10370	0	0	0	1866	0	0	0	0	0	0	0	0	0	0	0	0	0	0	0	0	0	0	0	0	118	0	0	0	0	0	
158000	Occipital_Inf_L	470	0	0	0	0	0	0	0	0	0	0	0	0	0	0	0	424	0	0	0	0	0	0	0	0	0	0	0	84	0	0	0	146	0	82	0	100	0	760	0	0	0	4620	0	204	0	12786	0	2066	0	26144	0	0	0	9080	0	156	0	824	0	666	0	170	0	814	0	1720	0	232	0	0	0	0	0	0	0	0	0	694	0	734	0	0	0	8648	0	0	0	7230	0	0	0	0	0	0	0	0	0	146	0	0	0	0	0	0	0	0	0	0	0	0	0	0	0	0	0	
86536	Occipital_Inf_R	0	814	0	0	0	0	0	0	0	0	0	0	0	0	0	0	0	0	0	230	0	0	0	0	0	0	0	0	0	0	0	0	0	0	0	212	0	242	0	726	0	0	0	4164	0	824	0	3438	0	1408	0	4822	0	0	0	8510	0	442	0	402	0	518	0	254	0	400	0	2784	0	340	0	0	0	0	0	0	0	0	0	0	0	126	0	0	0	4264	0	0	0	8178	0	170	0	0	0	0	0	0	0	0	0	0	0	0	0	0	0	0	0	0	0	0	0	0	0	0	
333160	Fusiform_L	184	0	266	0	0	0	0	0	0	0	0	0	0	0	360	0	372	0	0	0	824	0	0	0	0	0	0	0	1040	0	0	0	0	0	224	250	8850	364	5710	234	3504	0	850	0	0	0	21390	860	388	0	8656	0	9080	0	0	232	106	0	192	0	0	0	0	0	0	0	522	0	0	0	0	0	274	0	0	0	770	234	1720	0	4572	0	1766	0	6364	0	1530	0	19280	0	19056	238	2008	0	88	0	10394	1188	25964	416	546	0	1342	0	156	0	0	0	0	0	2136	1650	320	110	0	0	
311704	Fusiform_R	0	828	0	170	0	0	0	0	0	0	0	214	0	0	0	0	0	422	0	218	0	0	0	0	0	0	0	0	0	1248	0	0	0	0	0	318	0	15372	0	17786	0	2070	100	5786	0	1292	308	16484	0	2088	0	2836	0	8510	232	0	0	262	0	388	0	604	0	336	0	80	0	2592	0	232	0	0	0	1382	0	574	0	278	0	190	0	1386	0	3330	0	3292	0	2106	0	11580	702	12300	484	284	0	162	840	9292	1658	17030	0	0	0	90	88	0	0	146	0	0	3530	3782	570	0	0	0	
273756	Postcentral_L	29128	0	1648	134	0	0	1654	0	0	0	4378	0	398	0	0	0	9310	0	400	154	0	0	0	0	0	0	0	0	6548	0	134	0	782	0	608	0	3684	238	0	90	0	0	740	0	228	0	98	0	548	0	8914	0	156	0	106	0	0	0	8234	0	20856	0	11606	0	2922	0	3652	0	2692	0	2268	0	5016	0	1026	0	802	96	2572	0	4298	0	0	0	456	0	0	0	304	0	0	0	0	0	0	0	0	0	0	0	0	0	0	0	0	0	0	0	0	0	0	0	0	0	0	0	
266488	Postcentral_R	80	22914	88	1070	0	0	0	1656	0	0	0	5044	0	150	0	0	0	4488	172	1052	0	0	0	0	0	0	0	0	0	3338	0	0	0	962	0	556	0	3298	0	288	0	0	158	7598	0	5304	0	1248	0	3938	0	2712	0	442	0	262	0	0	0	6950	0	12208	0	17948	0	658	0	17558	0	3926	0	546	0	2306	0	906	0	214	0	878	0	992	0	0	0	770	0	0	0	456	0	0	0	0	0	0	0	0	0	0	0	0	0	0	0	0	0	0	0	0	110	0	0	0	0	0	
167996	Parietal_Sup_L	538	0	0	0	0	0	0	0	0	0	0	0	0	0	0	0	1092	0	0	0	0	0	0	0	0	0	0	0	128	0	0	0	1386	0	580	0	0	0	0	0	0	0	3092	0	1710	0	478	0	12676	0	18624	0	824	0	192	0	8234	0	0	0	12610	0	738	0	2054	0	14694	270	1060	0	0	0	0	0	0	0	0	0	0	0	2450	0	0	0	322	0	0	0	246	0	0	0	0	0	0	0	0	0	0	0	0	0	0	0	0	0	0	0	0	0	0	0	0	0	0	0	
148556	Parietal_Sup_R	0	516	0	0	0	0	0	0	0	0	0	0	0	0	0	0	0	122	0	96	0	0	0	0	0	0	0	0	0	286	0	0	0	0	0	276	0	836	0	0	0	0	0	1424	0	4348	0	582	0	6972	0	3262	0	402	0	388	0	6950	0	0	0	17304	0	2986	0	2544	0	14520	0	700	0	0	0	0	0	0	0	0	0	276	0	1510	0	0	0	5088	0	0	0	2796	0	0	0	0	0	0	0	0	0	0	0	0	0	0	0	0	0	0	0	0	94	0	0	0	0	0	
202856	Parietal_Inf_L	2162	0	0	0	0	0	0	0	0	0	0	0	0	0	0	0	1164	0	0	0	0	0	0	0	0	0	0	0	696	0	0	0	1800	0	924	0	96	0	0	0	0	0	928	0	320	0	0	0	2292	0	17540	0	666	0	0	0	20856	0	12610	0	0	0	13858	0	15128	0	4626	0	804	0	0	0	270	0	0	0	0	0	0	0	2338	0	0	0	1894	0	0	0	456	0	0	0	0	0	0	0	0	0	0	0	0	0	0	0	0	0	0	0	0	0	0	0	0	0	0	0	
222236	Parietal_Inf_R	0	2434	0	126	0	0	0	620	0	0	0	344	0	0	0	0	0	422	0	218	0	0	0	0	0	0	0	0	0	648	0	0	0	0	0	410	0	2798	0	118	0	0	0	1722	0	1746	0	882	0	3808	0	6802	0	518	0	604	0	12208	0	17304	0	0	0	15502	0	15618	0	11876	0	160	0	0	0	0	0	0	0	0	0	662	0	2484	0	0	0	6840	0	0	0	4038	0	0	0	0	0	0	0	0	0	0	0	0	0	0	0	0	0	0	0	0	206	0	0	0	0	0	
99756	SupraMarginal_L	1510	0	0	0	0	0	0	0	0	0	0	0	0	0	0	0	1408	0	0	0	0	0	0	0	0	0	0	0	1250	0	0	0	760	0	658	0	166	0	0	0	0	0	0	0	0	0	0	0	88	0	1686	0	170	0	0	0	11606	0	738	0	13858	0	0	0	4540	0	1956	0	102	0	0	0	166	0	0	0	0	0	0	0	5312	0	0	0	3412	0	0	0	492	0	0	0	0	0	0	0	0	0	0	0	0	0	0	0	0	0	0	0	0	0	0	0	0	0	0	0	
151392	SupraMarginal_R	0	5362	0	190	0	0	0	1400	0	0	0	1146	0	0	0	0	0	1772	0	176	0	0	0	0	0	0	0	0	0	1256	0	0	0	0	0	114	0	4570	0	0	0	0	0	272	0	0	0	184	0	0	0	240	0	254	0	336	0	17948	0	2986	0	15502	0	0	0	6086	0	1070	0	100	0	0	0	0	0	0	0	0	0	1606	0	7898	0	0	0	4222	0	0	0	1006	0	0	0	0	0	0	0	0	0	0	0	0	0	0	0	0	0	0	0	0	0	0	0	0	0	0	
114548	Angular_L	524	0	0	0	0	0	0	0	0	0	0	0	0	0	0	0	0	0	0	0	0	0	0	0	0	0	0	0	0	0	0	0	1024	0	516	0	0	0	0	0	0	0	900	0	136	0	154	0	0	0	17822	0	814	0	0	0	2922	0	2054	0	15128	0	4540	0	0	0	2832	0	626	0	0	0	0	0	0	0	0	0	0	0	1226	0	0	0	5964	0	0	0	92	0	0	0	0	0	0	0	0	0	0	0	0	0	0	0	0	0	0	0	0	0	0	0	0	0	0	0	
107400	Angular_R	0	134	0	0	0	0	0	0	0	0	0	0	0	0	0	0	0	0	0	0	0	0	0	0	0	0	0	0	0	118	0	0	0	0	0	0	0	894	0	0	0	0	0	352	0	170	0	96	0	2780	0	11278	0	400	0	80	0	658	0	2544	0	15618	0	6086	0	0	0	754	0	0	0	0	0	0	0	0	0	0	0	122	0	3002	0	0	0	7554	0	0	0	1060	0	0	0	0	0	0	0	0	0	0	0	0	0	0	0	0	0	0	0	0	0	0	0	0	0	0	
375420	Precuneus_L	2926	0	0	0	0	0	0	0	0	0	0	0	0	0	0	0	510	0	914	288	0	0	0	0	0	0	0	0	0	0	0	0	14798	1752	14132	2218	2028	548	1558	164	0	0	24272	3044	11404	4956	9196	236	13440	1548	17340	560	1720	0	522	0	3652	0	14694	0	4626	0	1956	0	2832	0	0	10228	6108	132	0	0	0	0	0	0	0	0	0	0	3768	0	0	0	8458	0	0	0	1182	0	0	0	0	0	0	0	0	0	0	0	0	0	0	0	0	0	0	0	0	0	0	0	0	0	0	0	
484248	Precuneus_R	0	1842	0	0	0	0	0	0	0	0	0	0	0	0	0	0	0	164	0	5830	0	0	0	0	0	0	0	0	0	342	0	0	1596	11844	2972	14838	1070	4090	882	2484	0	0	890	35298	1738	27624	346	14386	144	16452	0	11150	0	2784	0	2592	0	17558	270	14520	0	11876	0	1070	0	754	10228	0	306	9198	0	0	0	0	0	0	0	342	0	286	0	1266	0	0	0	5248	0	0	0	4238	0	0	0	0	0	0	0	356	0	0	0	0	0	0	0	0	0	0	0	0	3250	0	0	0	0	0	
116080	Paracentral_Lobule_L	15026	368	260	224	0	0	0	0	0	0	0	0	0	0	0	0	0	0	5522	1068	0	0	0	0	0	0	0	0	0	0	0	0	4590	778	8722	340	0	0	0	0	0	0	2270	202	814	0	794	0	294	0	2970	0	232	0	0	0	2692	0	1060	0	804	0	102	0	626	0	6108	306	0	490	0	0	0	0	0	0	0	180	0	0	84	0	0	0	956	0	0	0	158	0	0	0	0	0	0	0	0	0	0	0	0	0	0	0	0	0	0	0	0	0	0	0	0	0	0	0	
122880	Paracentral_Lobule_R	0	2966	0	344	0	0	0	92	0	0	0	0	0	0	0	0	0	0	208	14016	0	0	0	0	0	0	0	0	0	0	0	0	314	11300	138	8658	0	146	0	0	0	0	0	4534	0	1180	0	1150	0	0	0	364	0	340	0	232	0	3926	0	700	0	160	0	100	0	0	132	9198	490	0	0	0	0	0	0	0	0	84	0	0	0	0	0	0	0	146	0	0	0	174	0	0	0	0	0	0	0	0	0	0	0	0	0	0	0	0	0	0	0	0	348	0	0	0	0	0	
224388	Caudate_L	6986	906	13372	6124	1230	0	7306	5094	102	0	136	0	382	84	230	0	0	0	7004	2776	5362	5574	796	126	128	0	1840	228	1718	156	6032	1916	0	310	0	0	1252	1212	0	142	0	0	0	0	0	0	0	0	0	0	0	0	0	0	0	0	2268	0	0	0	0	0	0	0	0	0	0	0	0	0	0	6780	12628	3428	1142	1242	4792	1108	282	0	0	0	0	0	0	0	0	0	0	0	0	0	0	0	0	0	0	0	0	0	0	0	0	0	0	0	0	0	0	0	0	0	0	0	0	0	
345952	Caudate_R	624	3504	1734	32436	0	4534	538	4760	0	1444	0	444	104	196	0	432	0	1782	3804	20666	4014	5546	88	10990	102	5720	154	1552	208	926	3056	17664	0	678	0	0	352	672	0	0	0	0	0	0	0	0	0	0	0	0	0	0	0	0	0	0	0	546	0	0	0	0	0	0	0	0	0	0	0	0	6780	0	3466	16850	0	2900	478	13232	0	0	0	0	0	0	0	0	0	0	0	0	0	0	0	0	0	0	0	0	0	0	0	0	0	0	0	0	0	0	0	0	0	0	0	0	0	0	
334588	Putamen_L	8442	312	26646	232	5330	0	4886	0	618	0	1776	0	5258	0	1844	0	2316	0	10308	392	3936	3390	5624	188	482	0	2370	156	21870	0	10106	1026	106	0	0	0	13164	346	616	0	298	0	0	0	0	0	0	0	0	0	0	0	0	0	274	0	5016	0	0	0	270	0	166	0	0	0	0	0	0	0	12628	3466	0	2160	6828	0	1916	0	632	0	826	0	796	0	120	0	0	0	158	0	0	0	0	0	0	0	0	0	0	0	0	0	0	0	0	0	0	0	0	0	0	0	0	0	0	0	
374760	Putamen_R	400	4500	462	21434	0	4404	624	7338	0	1534	0	8218	0	3812	0	2346	0	7616	718	13070	2382	2946	86	8118	94	5838	112	1686	0	22822	1696	8024	0	162	114	126	132	15616	0	4058	0	720	0	0	0	0	0	0	0	0	0	0	0	0	0	1382	0	2306	0	0	0	0	0	0	0	0	0	0	0	0	3428	16850	2160	0	0	5992	150	1948	0	308	0	232	0	1142	0	0	0	0	0	130	0	0	0	0	0	0	0	0	0	144	0	0	0	0	0	0	0	0	0	0	0	0	0	0	0	0	
53216	Pallidum_L	1192	0	7064	0	0	0	116	0	0	0	0	0	0	0	0	0	466	0	5470	0	0	0	0	0	0	0	0	0	266	0	0	0	0	0	0	0	1110	0	0	0	0	0	0	0	0	0	0	0	0	0	0	0	0	0	0	0	1026	0	0	0	0	0	0	0	0	0	0	0	0	0	1142	0	6828	0	0	0	1836	0	92	0	0	0	0	0	0	0	0	0	0	0	0	0	0	0	0	0	0	0	0	0	0	0	0	0	0	0	0	0	0	0	0	0	0	0	0	0	
60196	Pallidum_R	268	1428	284	1280	0	0	886	596	0	0	0	1754	0	0	0	0	0	3390	116	1062	0	148	0	80	0	0	0	0	0	1494	0	0	0	0	0	0	0	2914	0	2194	0	0	0	0	0	0	0	0	0	0	0	0	0	0	0	574	0	906	0	0	0	0	0	0	0	0	0	0	0	0	1242	2900	0	5992	0	0	0	100	0	410	0	80	0	0	0	0	0	0	0	0	0	0	0	0	0	0	0	0	0	0	0	0	0	0	0	0	0	0	0	0	0	0	0	0	0	0	
195704	Thalamus_L	21612	3662	15318	1730	0	0	9034	256	0	0	408	0	270	0	0	0	908	0	2690	562	0	0	0	0	0	0	0	0	3536	0	106	166	0	140	1094	1736	10508	2180	1236	1584	0	0	0	0	0	0	92	94	0	0	0	0	0	0	770	0	802	0	0	0	0	0	0	0	0	0	0	0	0	0	4792	478	1916	150	1836	0	0	6378	642	0	294	0	0	0	0	0	0	0	872	0	0	0	0	0	0	0	0	0	0	0	0	0	0	0	0	0	0	0	0	0	0	0	0	0	0	0	
219948	Thalamus_R	3866	8542	1558	31534	0	172	592	1370	0	0	0	722	0	0	0	0	0	418	1146	10690	0	0	0	666	0	0	0	0	414	786	0	528	126	2472	2124	3094	2964	6946	794	3144	0	228	0	0	0	0	0	374	0	0	0	0	0	0	234	278	96	214	0	0	0	0	0	0	0	0	0	342	180	84	1108	13232	0	1948	0	100	6378	0	310	0	0	0	0	0	0	0	0	0	200	0	0	0	0	0	0	0	0	0	0	0	0	0	0	0	0	0	0	0	0	0	0	0	0	0	0	0	
66044	Heschl_L	2702	0	320	0	0	0	154	0	0	0	984	0	0	0	0	0	4444	0	0	0	0	0	0	0	0	0	0	0	5288	0	0	0	0	0	240	270	4496	418	126	316	0	0	0	0	0	0	0	0	0	0	476	0	694	0	1720	0	2572	0	0	0	0	0	0	0	0	0	0	0	0	0	282	0	632	0	92	0	642	310	0	0	2620	0	0	0	892	0	0	0	2332	0	0	0	0	0	0	0	0	0	0	0	0	0	0	0	0	0	0	0	0	0	0	0	0	0	0	0	
35480	Heschl_R	0	236	0	0	0	0	0	84	0	0	0	208	0	0	0	0	0	2512	0	0	0	0	0	0	0	0	0	0	0	3064	0	0	0	0	0	0	0	1002	0	198	0	0	0	0	0	0	0	0	0	0	0	0	0	0	0	190	0	878	0	276	0	662	0	1606	0	122	0	286	0	0	0	0	0	308	0	410	0	0	0	0	0	5212	0	0	0	314	0	0	0	172	0	0	0	0	0	0	0	0	0	0	0	0	0	0	0	0	0	0	0	0	0	0	0	0	0	0	
215716	Temporal_Sup_L	2434	0	1806	108	0	0	346	0	0	0	3054	0	194	0	0	0	7450	0	192	134	0	0	0	0	0	0	0	0	5688	0	0	0	1776	0	868	0	2494	282	0	0	0	0	108	0	0	0	0	0	0	0	2622	0	734	0	4572	0	4298	0	2450	0	2338	0	5312	0	1226	0	3768	0	84	0	0	0	826	0	0	0	294	0	2620	0	0	0	4060	0	27848	0	0	0	17766	0	0	0	0	0	0	0	0	0	106	0	0	0	0	0	0	0	0	0	0	0	0	0	0	0	0	0	
108604	Temporal_Sup_R	0	554	0	0	0	0	0	0	0	0	0	114	0	0	0	296	0	1640	0	0	0	0	0	0	0	0	0	0	0	4450	0	0	0	0	0	0	0	2336	0	1046	0	0	0	190	0	0	0	136	0	0	0	796	0	126	0	1386	0	992	0	1510	0	2484	0	7898	0	3002	0	1266	0	0	0	0	0	232	0	80	0	0	0	5212	0	0	0	3360	0	13162	0	0	0	2034	0	0	0	0	0	0	0	0	0	0	0	0	0	0	0	0	0	0	0	0	0	0	0	0	0	0	
81644	Temporal_Pole_Sup_L	130	0	2304	188	0	0	340	0	114	0	3584	0	996	0	2026	0	3422	0	248	236	1194	0	0	0	0	0	0	0	5388	0	0	0	0	0	0	0	2554	326	896	0	2008	0	0	0	0	0	0	0	0	0	0	0	0	0	1766	0	0	0	0	0	0	0	0	0	0	0	0	0	0	0	0	0	796	0	0	0	0	0	0	0	4060	0	0	0	3308	0	2306	0	2632	0	0	0	0	0	0	0	0	0	0	0	0	0	0	0	0	0	0	0	0	0	0	0	0	0	0	0	
49468	Temporal_Pole_Sup_R	0	0	0	190	0	0	0	310	0	0	0	592	0	0	0	526	0	1012	0	166	0	0	0	0	0	0	0	0	0	2964	0	0	0	0	0	0	0	1686	0	2320	0	1614	0	0	0	0	0	0	0	0	0	0	0	0	0	3330	0	0	0	0	0	0	0	0	0	0	0	0	0	0	0	0	0	1142	0	0	0	0	0	0	0	3360	0	0	0	1146	0	2738	0	1638	0	0	0	0	0	0	0	0	0	0	0	0	0	0	0	0	0	0	0	0	0	0	0	0	0	0	
289704	Temporal_Mid_L	1726	0	0	0	0	0	0	0	0	0	0	0	0	0	0	0	1368	0	0	0	0	0	0	0	0	0	0	0	812	0	0	0	2610	0	1166	0	2612	0	388	0	1154	0	4844	0	878	0	1962	0	0	0	20132	0	8648	0	6364	0	456	0	322	0	1894	0	3412	0	5964	0	8458	0	956	0	0	0	120	0	0	0	0	0	892	0	27848	0	3308	0	0	0	2930	0	33628	0	0	0	0	0	0	0	0	0	0	0	0	0	0	0	0	0	0	0	0	0	0	0	0	0	0	0	
191464	Temporal_Mid_R	0	838	0	0	0	0	0	0	0	0	0	0	0	0	0	0	0	184	0	0	0	0	0	0	0	0	0	0	0	770	0	0	0	0	0	82	0	2090	0	982	0	0	0	1374	0	500	0	412	0	538	0	10370	0	4264	0	3292	0	770	0	5088	0	6840	0	4222	0	7554	0	5248	0	146	0	0	0	0	0	0	0	0	0	314	0	13162	0	1146	0	0	0	510	0	25036	0	0	0	0	0	0	0	0	0	0	0	0	0	0	0	0	0	0	0	0	0	0	0	0	0	0	
23028	Temporal_Pole_Mid_L	0	0	0	0	0	0	0	0	0	0	0	0	0	0	0	0	0	0	0	0	0	0	0	0	0	0	0	0	222	0	0	0	0	0	0	0	792	0	160	0	628	0	0	0	0	0	0	0	0	0	0	0	0	0	1530	0	0	0	0	0	0	0	0	0	0	0	0	0	0	0	0	0	0	0	0	0	0	0	0	0	0	0	2306	0	2930	0	0	0	2946	0	0	0	0	0	0	0	0	0	0	0	0	0	0	0	0	0	0	0	0	0	0	0	0	0	0	0	
16588	Temporal_Pole_Mid_R	0	0	0	0	0	0	0	0	0	0	0	0	0	0	0	0	0	0	0	0	0	0	0	0	0	0	0	0	0	0	0	0	0	0	0	0	0	142	0	1988	0	228	0	0	0	0	0	0	0	0	0	0	0	0	0	2106	0	0	0	0	0	0	0	0	0	0	0	0	0	0	0	0	0	0	0	0	0	0	0	0	0	0	0	2738	0	510	0	0	0	582	0	0	0	0	0	0	0	0	0	0	0	0	0	0	0	0	0	0	0	0	0	0	0	0	0	0	
233792	Temporal_Inf_L	388	0	242	0	0	0	0	0	0	0	0	0	0	0	146	0	1244	0	0	0	334	0	0	0	0	0	0	0	1230	0	0	0	548	0	282	136	8254	268	1844	198	2292	0	378	0	0	0	1392	0	0	0	5996	0	7230	0	19280	0	304	0	246	0	456	0	492	0	92	0	1182	0	158	0	0	0	158	0	0	0	872	200	2332	0	17766	0	2632	0	33628	0	2946	0	0	0	1046	0	224	0	0	0	0	0	384	0	0	0	96	0	0	0	0	0	0	0	0	0	0	0	0	0	
159428	Temporal_Inf_R	0	882	0	0	0	0	0	0	0	0	0	0	0	0	0	0	0	200	0	118	0	0	0	0	0	0	0	0	0	812	0	0	0	0	0	192	0	4280	0	3112	0	122	0	1184	0	184	0	394	0	180	0	1866	0	8178	0	11580	0	456	0	2796	0	4038	0	1006	0	1060	0	4238	0	174	0	0	0	130	0	0	0	0	0	172	0	2034	0	1638	0	25036	0	582	0	0	0	1550	0	194	0	0	0	130	0	862	0	0	0	334	0	0	0	0	0	0	0	0	0	0	0	0	
403500	Cerebelum_Crus1_L	0	0	0	0	0	0	0	0	0	0	0	0	0	0	0	0	0	0	0	0	0	0	0	0	0	0	0	0	0	0	0	0	0	0	0	0	0	0	116	0	0	0	0	0	0	0	10952	1320	0	0	0	0	0	0	19056	702	0	0	0	0	0	0	0	0	0	0	0	0	0	0	0	0	0	0	0	0	0	0	0	0	0	0	0	0	0	0	0	0	1046	0	0	2056	33764	1364	326	178	17992	1094	48604	2738	12578	188	23104	1330	4956	982	2066	0	0	120	1620	4540	4834	2142	1208	774	
461500	Cerebelum_Crus1_R	0	0	0	0	0	0	0	0	0	0	0	0	0	0	0	0	0	0	0	0	0	0	0	0	0	0	0	0	0	0	0	0	0	0	0	0	0	0	0	400	0	0	0	0	0	0	298	6006	0	0	0	0	0	170	238	12300	0	0	0	0	0	0	0	0	0	0	0	0	0	0	0	0	0	0	0	0	0	0	0	0	0	0	0	0	0	0	0	0	0	1550	2056	0	2010	31130	172	5464	2668	21028	3666	58898	638	1822	1550	24004	540	7754	0	1928	162	3860	9552	10428	11730	4522	3700	506	
279864	Cerebelum_Crus2_L	0	0	0	0	0	0	0	0	0	0	0	0	0	0	0	0	0	0	0	0	0	0	0	0	0	0	0	0	0	0	0	0	0	0	0	0	0	0	0	0	0	0	0	0	0	0	1062	886	0	0	0	0	0	0	2008	484	0	0	0	0	0	0	0	0	0	0	0	0	0	0	0	0	0	0	0	0	0	0	0	0	0	0	0	0	0	0	0	0	224	0	33764	2010	0	2534	100	178	3070	258	9648	2222	29182	856	31316	2310	3222	590	1204	0	0	92	186	2792	5402	3278	668	386	
256816	Cerebelum_Crus2_R	0	0	0	0	0	0	0	0	0	0	0	0	0	0	0	0	0	0	0	0	0	0	0	0	0	0	0	0	0	0	0	0	0	0	0	0	0	0	0	86	0	0	0	0	0	0	90	368	0	0	0	0	0	0	0	284	0	0	0	0	0	0	0	0	0	0	0	0	0	0	0	0	0	0	0	0	0	0	0	0	0	0	0	0	0	0	0	0	0	194	1364	31130	2534	0	0	880	92	1162	656	12146	1622	13872	2116	33228	196	5364	0	1210	0	438	418	3422	9728	4164	1444	200	
27152	Cerebelum_3_L	0	0	0	0	0	0	0	0	0	0	0	0	0	0	0	0	0	0	0	0	0	0	0	0	0	0	0	0	0	0	0	0	0	0	0	0	0	0	0	0	0	0	0	0	0	0	0	114	0	0	0	0	0	0	88	0	0	0	0	0	0	0	0	0	0	0	0	0	0	0	0	0	0	0	0	0	0	0	0	0	0	0	0	0	0	0	0	0	0	0	326	172	100	0	0	280	4694	0	754	218	0	0	1106	122	1740	270	186	0	694	1530	88	192	246	256	274	126	
75388	Cerebelum_3_R	0	0	0	0	0	0	0	0	0	0	0	0	0	0	0	0	0	0	0	0	0	0	0	0	0	0	0	0	0	0	0	0	0	0	0	0	0	0	0	0	0	0	0	0	0	0	0	226	0	0	0	0	0	0	0	162	0	0	0	0	0	0	0	0	0	0	0	0	0	0	0	0	0	0	0	0	0	0	0	0	0	0	0	0	0	0	0	0	0	0	178	5464	178	880	280	0	316	6402	94	7498	104	0	256	1262	132	2518	0	0	392	5964	690	286	1382	1338	1516	176	
236872	Cerebelum_4_5_L	0	0	0	0	0	0	0	0	0	0	0	0	0	0	0	0	0	0	0	0	0	0	0	0	0	0	0	0	0	0	0	0	0	0	0	0	0	0	446	0	0	0	0	0	0	0	10602	1720	0	0	0	0	0	0	10394	840	0	0	0	0	0	0	0	0	0	0	0	0	0	0	0	0	0	0	0	0	0	0	0	0	0	0	0	0	0	0	0	0	0	0	17992	2668	3070	92	4694	316	0	4068	31806	3458	1372	0	3566	130	4006	310	642	0	426	1764	8532	3426	498	274	398	926	
227596	Cerebelum_4_5_R	0	0	0	0	0	0	0	0	0	0	0	0	0	0	0	0	0	0	0	0	0	0	0	0	0	0	0	0	0	0	0	0	0	0	0	0	0	576	0	2018	0	0	0	0	0	0	1612	6040	0	0	0	0	0	0	1188	9292	0	0	0	0	0	0	0	0	0	0	0	356	0	0	0	0	0	0	0	0	0	0	0	0	0	0	0	0	0	0	0	0	0	130	1094	21028	258	1162	0	6402	4068	0	3926	29870	106	0	196	1104	228	482	0	266	0	4264	13672	3116	654	360	330	0	
381316	Cerebelum_6_L	0	0	0	0	0	0	0	0	0	0	0	0	0	0	0	0	0	0	0	0	0	0	0	0	0	0	0	0	0	0	0	0	0	0	0	0	0	0	182	0	0	0	0	0	0	0	18344	2920	0	0	150	0	146	0	25964	1658	0	0	0	0	0	0	0	0	0	0	0	0	0	0	0	0	0	0	0	0	0	0	0	0	106	0	0	0	0	0	0	0	384	0	48604	3666	9648	656	754	94	31806	3926	0	5428	4202	0	7112	216	3916	650	1078	0	0	118	6380	8178	2614	550	560	648	
447580	Cerebelum_6_R	0	0	0	0	0	0	0	0	0	0	0	0	0	0	0	0	0	0	0	0	0	0	0	0	0	0	0	0	0	0	0	0	0	0	0	0	0	1032	0	1814	0	98	0	82	0	0	566	9048	0	0	0	0	0	0	416	17030	0	0	0	0	0	0	0	0	0	0	0	0	0	0	0	0	0	144	0	0	0	0	0	0	0	0	0	0	0	0	0	0	0	862	2738	58898	2222	12146	218	7498	3458	29870	5428	0	306	482	916	10992	742	5414	0	1352	214	5096	12340	13536	10386	3918	3914	614	
188660	Cerebelum_7b_L	0	0	0	0	0	0	0	0	0	0	0	0	0	0	0	0	0	0	0	0	0	0	0	0	0	0	0	0	0	0	0	0	0	0	0	0	0	0	0	0	0	0	0	0	0	0	148	0	0	0	0	0	0	0	546	0	0	0	0	0	0	0	0	0	0	0	0	0	0	0	0	0	0	0	0	0	0	0	0	0	0	0	0	0	0	0	0	0	0	0	12578	638	29182	1622	0	104	1372	106	4202	306	0	1536	29180	2698	2354	282	928	0	0	0	0	134	1940	4158	316	0	
72316	Cerebelum_7b_R	0	0	0	0	0	0	0	0	0	0	0	0	0	0	0	0	0	0	0	0	0	0	0	0	0	0	0	0	0	0	0	0	0	0	0	0	0	0	0	0	0	0	0	0	0	0	0	0	0	0	0	0	0	0	0	0	0	0	0	0	0	0	0	0	0	0	0	0	0	0	0	0	0	0	0	0	0	0	0	0	0	0	0	0	0	0	0	0	0	0	188	1822	856	13872	0	0	0	0	0	482	1536	0	1330	11752	0	1222	0	0	0	0	0	0	928	2170	0	0	
308508	Cerebelum_8_L	0	0	0	0	0	0	0	0	0	0	0	0	0	0	0	0	0	0	0	0	0	0	0	0	0	0	0	0	0	0	0	0	0	0	0	0	0	0	0	0	0	0	0	0	0	0	300	0	0	0	0	0	0	0	1342	0	0	0	0	0	0	0	0	0	0	0	0	0	0	0	0	0	0	0	0	0	0	0	0	0	0	0	0	0	0	0	0	0	96	0	23104	1550	31316	2116	1106	256	3566	196	7112	916	29180	1330	0	6318	16590	3004	4948	118	0	180	170	472	4284	9634	3738	1312	
266164	Cerebelum_8_R	0	0	0	0	0	0	0	0	0	0	0	0	0	0	0	0	0	0	0	0	0	0	0	0	0	0	0	0	0	0	0	0	0	0	0	0	0	0	0	0	0	0	0	0	0	0	0	0	0	0	0	0	0	0	0	90	0	0	0	0	0	0	0	0	0	0	0	0	0	0	0	0	0	0	0	0	0	0	0	0	0	0	0	0	0	0	0	0	0	334	1330	24004	2310	33228	122	1262	130	1104	216	10992	2698	11752	6318	0	1300	15196	0	2702	0	480	0	230	5230	8156	3108	790	
119828	Cerebelum_9_L	0	0	0	0	0	0	0	0	0	0	0	0	0	0	0	0	0	0	0	0	0	0	0	0	0	0	0	0	0	0	0	0	0	0	0	0	0	0	0	0	0	0	0	0	0	0	180	88	0	0	0	0	0	0	156	88	0	0	0	0	0	0	0	0	0	0	0	0	0	0	0	0	0	0	0	0	0	0	0	0	0	0	0	0	0	0	0	0	0	0	4956	540	3222	196	1740	132	4006	228	3916	742	2354	0	16590	1300	0	2150	5896	0	0	170	946	1600	1564	2894	2846	1414	
153204	Cerebelum_9_R	0	0	0	0	0	0	0	0	0	0	0	0	0	0	0	0	0	0	0	0	0	0	0	0	0	0	0	0	0	0	0	0	0	0	0	0	0	0	0	0	0	0	0	0	0	0	0	114	0	0	0	0	0	0	0	0	0	0	0	0	0	0	0	0	0	0	0	0	0	0	0	0	0	0	0	0	0	0	0	0	0	0	0	0	0	0	0	0	0	0	982	7754	590	5364	270	2518	310	482	650	5414	282	1222	3004	15196	2150	0	0	1652	404	2134	334	1436	5216	6934	8758	3432	
34448	Cerebelum_10_L	0	0	0	0	0	0	0	0	0	0	0	0	0	0	0	0	0	0	0	0	0	0	0	0	0	0	0	0	0	0	0	0	0	0	0	0	0	0	0	0	0	0	0	0	0	0	86	0	0	0	0	0	0	0	0	0	0	0	0	0	0	0	0	0	0	0	0	0	0	0	0	0	0	0	0	0	0	0	0	0	0	0	0	0	0	0	0	0	0	0	2066	0	1204	0	186	0	642	0	1078	0	928	0	4948	0	5896	0	0	0	0	0	0	0	190	0	0	0	
22328	Cerebelum_10_R	0	0	0	0	0	0	0	0	0	0	0	0	0	0	0	0	0	0	0	0	0	0	0	0	0	0	0	0	0	0	0	0	0	0	0	0	0	0	0	126	0	0	0	0	0	0	0	0	0	0	0	0	0	0	0	146	0	0	0	0	0	0	0	0	0	0	0	0	0	0	0	0	0	0	0	0	0	0	0	0	0	0	0	0	0	0	0	0	0	0	0	1928	0	1210	0	0	0	266	0	1352	0	0	118	2702	0	1652	0	0	0	0	0	0	604	512	548	0	
12840	Vermis_1_2	0	0	0	0	0	0	0	0	0	0	0	0	0	0	0	0	0	0	0	0	0	0	0	0	0	0	0	0	0	0	0	0	0	0	0	0	0	0	0	0	0	0	0	0	0	0	0	0	0	0	0	0	0	0	0	0	0	0	0	0	0	0	0	0	0	0	0	0	0	0	0	0	0	0	0	0	0	0	0	0	0	0	0	0	0	0	0	0	0	0	0	162	0	0	694	392	426	0	0	214	0	0	0	0	0	404	0	0	0	3496	134	0	158	158	182	0	
70964	Vermis_3	0	0	0	0	0	0	0	0	0	0	0	0	0	0	0	0	0	0	0	0	0	0	0	0	0	0	0	0	0	0	0	0	0	0	0	0	0	0	0	0	0	0	0	0	0	0	0	0	0	0	0	0	0	0	0	0	0	0	0	0	0	0	0	0	0	0	0	0	0	0	0	0	0	0	0	0	0	0	0	0	0	0	0	0	0	0	0	0	0	0	120	3860	92	438	1530	5964	1764	4264	118	5096	0	0	180	480	170	2134	0	0	3496	0	1996	366	868	1026	1284	236	
183908	Vermis_4_5	0	0	0	0	0	0	0	0	0	0	0	0	0	0	0	0	0	0	0	292	0	0	0	0	0	0	0	0	0	0	0	0	0	456	84	1298	0	590	0	472	0	0	0	2162	0	192	3084	7730	0	0	0	118	0	0	2136	3530	0	110	0	94	0	206	0	0	0	0	0	3250	0	348	0	0	0	0	0	0	0	0	0	0	0	0	0	0	0	0	0	0	0	0	1620	9552	186	418	88	690	8532	13672	6380	12340	0	0	170	0	946	334	0	0	134	1996	0	6108	638	148	608	1242	
172376	Vermis_6	0	0	0	0	0	0	0	0	0	0	0	0	0	0	0	0	0	0	0	0	0	0	0	0	0	0	0	0	0	0	0	0	0	0	0	0	0	0	0	0	0	0	0	80	0	0	2272	6664	0	0	0	0	0	0	1650	3782	0	0	0	0	0	0	0	0	0	0	0	0	0	0	0	0	0	0	0	0	0	0	0	0	0	0	0	0	0	0	0	0	0	0	4540	10428	2792	3422	192	286	3426	3116	8178	13536	134	0	472	230	1600	1436	0	0	0	366	6108	0	6814	654	1558	2452	
185748	Vermis_7	0	0	0	0	0	0	0	0	0	0	0	0	0	0	0	0	0	0	0	0	0	0	0	0	0	0	0	0	0	0	0	0	0	0	0	0	0	0	0	0	0	0	0	0	0	0	484	1258	0	0	0	0	0	0	320	570	0	0	0	0	0	0	0	0	0	0	0	0	0	0	0	0	0	0	0	0	0	0	0	0	0	0	0	0	0	0	0	0	0	0	4834	11730	5402	9728	246	1382	498	654	2614	10386	1940	928	4284	5230	1564	5216	190	604	158	868	638	6814	0	7406	5440	1488	
