data	data	514584	376304	633656	726956	105664	70156	423916	271616	64024	32456	216044	172460	253304	226884	149284	79912	189932	129468	454452	557072	63052	85000	287368	313556	21880	84204	41868	57176	585976	291124	290756	412140	87696	353220	92612	155116	244756	383820	90072	302508	45804	79616	284572	315684	211680	298380	330096	411916	248660	312856	513144	249032	170796	132264	388236	490712	246524	161132	97728	133280	174056	114808	109616	100168	165172	118816	402036	430444	178924	145752	221468	269032	222984	252488	37936	14364	168144	205592	47344	52768	234484	91468	113564	68148	305240	281408	18784	20440	285688	215632	619192	634000	420300	437240	45716	74112	399552	271796	659392	573932	250500	80936	327252	393524	127684	212228	35856	22028	92224	141404	394276	305604	240560	183284	155236	37592	
data	data	Precentral_L	Precentral_R	Frontal_Sup_L	Frontal_Sup_R	Frontal_Sup_Orb_L	Frontal_Sup_Orb_R	Frontal_Mid_L	Frontal_Mid_R	Frontal_Mid_Orb_L	Frontal_Mid_Orb_R	Frontal_Inf_Oper_L	Frontal_Inf_Oper_R	Frontal_Inf_Tri_L	Frontal_Inf_Tri_R	Frontal_Inf_Orb_L	Frontal_Inf_Orb_R	Rolandic_Oper_L	Rolandic_Oper_R	Supp_Motor_Area_L	Supp_Motor_Area_R	Olfactory_L	Olfactory_R	Frontal_Sup_Medial_L	Frontal_Sup_Medial_R	Frontal_Med_Orb_L	Frontal_Med_Orb_R	Rectus_L	Rectus_R	Insula_L	Insula_R	Cingulum_Ant_L	Cingulum_Ant_R	Cingulum_Mid_L	Cingulum_Mid_R	Cingulum_Post_L	Cingulum_Post_R	Hippocampus_L	Hippocampus_R	ParaHippocampal_L	ParaHippocampal_R	Amygdala_L	Amygdala_R	Calcarine_L	Calcarine_R	Cuneus_L	Cuneus_R	Lingual_L	Lingual_R	Occipital_Sup_L	Occipital_Sup_R	Occipital_Mid_L	Occipital_Mid_R	Occipital_Inf_L	Occipital_Inf_R	Fusiform_L	Fusiform_R	Postcentral_L	Postcentral_R	Parietal_Sup_L	Parietal_Sup_R	Parietal_Inf_L	Parietal_Inf_R	SupraMarginal_L	SupraMarginal_R	Angular_L	Angular_R	Precuneus_L	Precuneus_R	Paracentral_Lobule_L	Paracentral_Lobule_R	Caudate_L	Caudate_R	Putamen_L	Putamen_R	Pallidum_L	Pallidum_R	Thalamus_L	Thalamus_R	Heschl_L	Heschl_R	Temporal_Sup_L	Temporal_Sup_R	Temporal_Pole_Sup_L	Temporal_Pole_Sup_R	Temporal_Mid_L	Temporal_Mid_R	Temporal_Pole_Mid_L	Temporal_Pole_Mid_R	Temporal_Inf_L	Temporal_Inf_R	Cerebelum_Crus1_L	Cerebelum_Crus1_R	Cerebelum_Crus2_L	Cerebelum_Crus2_R	Cerebelum_3_L	Cerebelum_3_R	Cerebelum_4_5_L	Cerebelum_4_5_R	Cerebelum_6_L	Cerebelum_6_R	Cerebelum_7b_L	Cerebelum_7b_R	Cerebelum_8_L	Cerebelum_8_R	Cerebelum_9_L	Cerebelum_9_R	Cerebelum_10_L	Cerebelum_10_R	Vermis_1_2	Vermis_3	Vermis_4_5	Vermis_6	Vermis_7	Vermis_8	Vermis_9	Vermis_10	
514584	Precentral_L	0	15598	26694	5460	0	0	33052	1906	0	0	12624	572	3782	124	0	0	7878	364	8264	14140	0	0	216	0	0	0	0	0	7444	290	4744	1256	888	4900	4250	1574	7788	1422	268	930	0	0	914	0	592	0	182	0	390	0	3856	0	1550	0	776	828	18688	290	96	0	390	0	216	0	526	0	2072	314	18718	4376	1694	828	4724	670	1828	112	15222	2170	796	0	2656	0	386	110	3168	0	0	0	1400	326	0	0	0	0	0	0	0	0	0	0	0	0	0	0	0	0	0	0	0	0	0	0	0	0	0	0	
376304	Precentral_R	15598	0	4186	25380	0	0	1554	17784	0	0	330	2086	0	1436	0	0	234	856	2412	11636	0	104	0	362	0	0	0	0	1028	1064	240	1004	98	954	998	4530	478	7650	0	3770	0	0	0	268	0	0	0	914	0	204	0	0	0	188	0	3560	1436	9178	0	204	0	158	0	256	0	0	0	2694	5756	8086	2666	9676	2062	588	1686	158	4796	24136	0	432	118	500	98	0	0	484	0	0	0	1684	0	0	0	0	0	0	0	0	0	0	0	0	0	0	0	0	0	0	0	0	394	0	0	0	0	0	
633656	Frontal_Sup_L	26694	4186	0	4868	7286	0	54644	472	2678	0	10986	296	19646	0	8738	0	3562	370	43326	4082	0	0	36550	3160	566	0	246	0	26902	238	17466	3312	2920	1704	398	304	3778	368	266	212	0	0	0	0	0	0	0	0	0	0	330	0	118	0	118	152	1056	0	0	0	0	0	0	0	0	0	272	0	206	0	1196	336	9924	498	1882	0	4542	456	378	0	2350	0	2196	106	266	0	0	0	222	0	0	0	0	0	0	0	0	0	0	0	0	0	0	0	0	0	0	0	0	0	0	0	0	0	0	0	
726956	Frontal_Sup_R	5460	25380	4868	0	0	4464	986	38110	0	560	206	10524	178	26550	0	1692	210	1236	6738	51110	0	162	11082	40940	0	3918	0	1218	4038	7252	4052	36404	394	19344	0	314	1408	3704	126	1912	0	0	0	0	0	0	0	274	0	0	0	0	0	0	832	1092	914	0	0	0	0	0	0	0	0	0	0	302	232	0	7930	11480	1556	7934	444	622	1756	11698	0	88	512	0	256	724	0	0	0	0	0	210	0	0	0	0	0	0	0	0	0	0	0	0	0	0	0	0	0	0	0	0	82	0	0	0	0	0	
105664	Frontal_Sup_Orb_L	0	0	7286	0	0	0	1048	0	9488	0	96	0	1968	0	9422	0	0	0	468	0	646	0	4144	0	2820	0	3298	0	4108	0	3780	106	0	0	0	0	0	0	0	0	0	0	0	0	0	0	0	0	0	0	0	0	0	0	0	0	0	0	0	0	0	0	0	0	0	0	0	0	0	0	0	0	3826	0	0	0	0	0	0	0	0	0	328	0	0	0	0	0	0	0	0	0	0	0	0	0	0	0	0	0	0	0	0	0	0	0	0	0	0	0	0	0	0	0	0	0	
70156	Frontal_Sup_Orb_R	0	0	0	4464	0	0	0	168	0	4128	0	0	0	0	0	3120	0	0	0	0	0	136	100	3234	0	7116	0	4954	0	212	90	1966	0	0	0	0	0	0	0	0	0	0	0	0	0	0	0	0	0	0	0	0	0	0	0	0	0	0	0	0	0	0	0	0	0	0	0	0	0	0	0	2966	0	2424	0	0	0	0	0	0	0	0	0	0	0	0	0	0	0	0	0	0	0	0	0	0	0	0	0	0	0	0	0	0	0	0	0	0	0	0	0	0	0	0	0	0	
423916	Frontal_Mid_L	33052	1554	54644	986	1048	0	0	314	2980	0	13640	130	35454	0	7330	0	1528	0	13506	1298	0	0	9928	256	0	0	0	0	17012	0	7606	844	406	270	162	0	1074	0	134	0	0	0	0	0	0	0	0	0	0	0	208	0	94	0	0	0	246	0	0	0	0	0	0	0	0	0	90	0	0	0	522	0	1992	86	868	0	852	94	158	0	704	0	544	0	154	0	0	0	190	0	0	0	0	0	0	0	0	0	0	0	0	0	0	0	0	0	0	0	0	0	0	0	0	0	0	0	
271616	Frontal_Mid_R	1906	17784	472	38110	0	168	314	0	0	1330	164	10448	0	20850	0	4324	124	534	1584	5090	0	0	164	2828	0	0	0	0	1174	2040	404	8334	0	2156	0	122	378	1554	0	720	0	0	0	0	0	0	0	108	0	0	0	0	0	0	0	246	576	0	0	0	0	0	0	0	0	0	0	134	0	0	2624	1972	924	1526	538	482	190	3296	0	0	0	0	0	116	0	0	0	0	0	0	0	0	0	0	0	0	0	0	0	0	0	0	0	0	0	0	0	0	0	0	0	0	0	0	0	0	
64024	Frontal_Mid_Orb_L	0	0	2678	0	9488	0	2980	0	0	0	0	0	1556	0	12036	0	0	0	0	0	0	0	178	0	504	0	1532	0	452	0	180	0	0	0	0	0	0	0	0	0	0	0	0	0	0	0	0	0	0	0	0	0	0	0	0	0	0	0	0	0	0	0	0	0	0	0	0	0	0	0	0	0	428	0	0	0	0	0	0	0	0	0	0	0	0	0	0	0	0	0	0	0	0	0	0	0	0	0	0	0	0	0	0	0	0	0	0	0	0	0	0	0	0	0	0	0	
32456	Frontal_Mid_Orb_R	0	0	0	560	0	4128	0	1330	0	0	0	0	0	548	0	7196	0	0	0	0	0	0	0	0	0	0	0	88	0	512	0	0	0	0	0	0	0	0	0	0	0	0	0	0	0	0	0	0	0	0	0	0	0	0	0	0	0	0	0	0	0	0	0	0	0	0	0	0	0	0	0	686	0	1180	0	0	0	0	0	0	0	0	0	0	0	0	0	0	0	0	0	0	0	0	0	0	0	0	0	0	0	0	0	0	0	0	0	0	0	0	0	0	0	0	0	0	
216044	Frontal_Inf_Oper_L	12624	330	10986	206	96	0	13640	164	0	0	0	0	10966	0	0	0	12794	0	12146	118	0	0	148	0	0	0	0	0	14960	0	1266	120	0	110	0	0	438	0	0	0	0	0	0	0	0	0	0	0	0	0	0	0	0	0	266	0	1694	0	0	0	0	0	0	0	0	0	0	0	0	0	162	0	1044	0	0	0	106	0	214	0	7514	0	5910	0	0	0	0	0	0	0	0	0	0	0	0	0	0	0	0	0	0	0	0	0	0	0	0	0	0	0	0	0	0	0	0	0	
172460	Frontal_Inf_Oper_R	572	2086	296	10524	0	0	130	10448	0	0	0	0	0	11690	0	720	0	7022	298	5678	0	0	0	820	0	0	0	0	2036	14678	0	1336	0	136	0	0	220	1914	0	1098	0	0	0	0	0	0	0	0	0	0	0	0	0	0	0	756	166	0	0	0	0	0	0	0	0	0	0	0	0	0	1102	626	418	6920	94	0	154	566	0	1424	0	524	0	1686	0	0	0	0	0	92	0	0	0	0	0	0	0	0	0	0	0	0	0	0	0	0	0	0	0	0	0	0	0	0	0	0	
253304	Frontal_Inf_Tri_L	3782	0	19646	178	1968	0	35454	0	1556	0	10966	0	0	0	15252	0	150	0	6266	0	0	0	3040	182	0	0	0	0	25518	0	2122	200	0	0	0	0	0	0	0	0	0	0	0	0	0	0	0	0	0	0	0	0	0	0	0	0	0	0	0	0	0	0	0	0	0	0	0	0	0	0	0	0	116	0	0	0	0	0	0	0	256	0	0	0	0	0	0	0	0	0	0	0	0	0	0	0	0	0	0	0	0	0	0	0	0	0	0	0	0	0	0	0	0	0	0	0	
226884	Frontal_Inf_Tri_R	124	1436	0	26550	0	0	0	20850	0	548	0	11690	0	0	0	7644	0	340	1470	9428	0	0	476	5324	0	0	0	0	556	13018	98	4656	0	1846	0	0	130	1094	0	700	0	0	0	0	0	0	0	0	0	0	0	0	0	0	0	638	0	0	0	0	0	0	0	0	0	0	0	0	0	0	578	370	220	3234	0	0	0	214	0	100	0	0	0	0	0	0	0	0	0	110	0	0	0	0	0	0	0	0	0	0	0	0	0	0	0	0	0	0	0	0	0	0	0	0	0	0	
149284	Frontal_Inf_Orb_L	0	0	8738	0	9422	0	7330	0	12036	0	0	0	15252	0	0	0	0	0	424	0	1402	0	1142	0	0	0	112	0	12218	0	820	0	0	0	0	0	762	0	128	0	474	0	0	0	0	0	0	0	0	0	0	0	0	0	374	0	0	0	0	0	0	0	0	0	0	0	0	0	0	0	0	0	2718	0	0	0	0	0	0	0	0	0	1290	0	0	0	0	0	0	0	0	0	0	0	0	0	0	0	0	0	0	0	0	0	0	0	0	0	0	0	0	0	0	0	0	0	
79912	Frontal_Inf_Orb_R	0	0	0	1692	0	3120	0	4324	0	7196	0	720	0	7644	0	0	0	0	0	304	0	924	0	128	0	0	0	778	130	6504	0	122	0	0	0	0	0	340	0	674	0	256	0	0	0	0	0	0	0	0	0	0	0	0	0	222	0	0	0	0	0	0	0	0	0	0	0	0	0	0	268	1380	0	2710	0	0	0	0	0	0	0	0	0	520	0	0	0	0	0	0	0	0	0	0	0	0	0	0	0	0	0	0	0	0	0	0	0	0	0	0	0	0	0	0	0	0	
189932	Rolandic_Oper_L	7878	234	3562	210	0	0	1528	124	0	0	12794	0	150	0	0	0	0	0	7030	164	0	0	0	0	0	0	0	0	15134	0	98	132	134	150	326	0	908	0	0	0	0	0	140	0	0	0	0	0	136	0	1154	0	188	0	486	0	10526	0	0	0	282	0	3932	0	334	0	478	0	320	0	0	0	368	0	0	0	302	0	3018	0	15606	0	5200	0	1204	0	0	0	736	0	0	0	0	0	0	0	0	0	0	0	0	0	0	0	0	0	0	0	0	0	0	0	0	0	0	0	
129468	Rolandic_Oper_R	364	856	370	1236	0	0	0	534	0	0	0	7022	0	340	0	0	0	0	312	4874	0	0	0	0	0	0	0	0	372	12830	0	0	0	88	0	0	0	3132	0	1362	0	0	0	0	0	0	0	84	0	414	0	0	0	0	0	1198	108	3808	0	440	0	258	0	2600	0	142	0	828	0	0	134	780	0	5816	0	256	0	1094	0	7448	0	3606	0	1252	0	390	0	0	0	386	0	0	0	0	0	0	0	0	0	0	0	0	0	0	0	0	0	0	0	0	0	0	0	0	0	0	
454452	Supp_Motor_Area_L	8264	2412	43326	6738	468	0	13506	1584	0	0	12146	298	6266	1470	424	0	7030	312	0	19556	0	0	5462	2880	124	0	250	0	23852	104	11060	4306	7982	14964	800	644	2836	178	84	88	0	0	0	0	0	0	0	0	0	0	0	0	0	0	814	0	114	0	0	0	0	0	0	0	0	0	162	0	4326	694	3724	294	4564	494	628	0	2536	308	260	0	5164	0	3374	0	124	0	0	0	232	0	0	0	0	0	0	0	0	0	0	0	0	0	0	0	0	0	0	0	0	0	0	0	0	0	0	0	
557072	Supp_Motor_Area_R	14140	11636	4082	51110	0	0	1298	5090	0	0	118	5678	0	9428	0	304	164	4874	19556	0	0	0	3974	12084	0	0	0	0	4728	5420	2560	13968	1296	40030	662	4196	1548	1720	112	1108	0	0	0	92	0	0	0	252	0	0	0	0	0	0	874	624	710	1434	0	0	0	0	0	0	0	0	0	854	8744	12612	8480	8750	1216	3588	220	1104	1484	3004	0	1318	758	118	356	892	84	0	0	0	0	84	0	0	0	0	0	0	0	0	0	0	0	0	0	0	0	0	0	0	0	0	0	0	0	0	0	0	
63052	Olfactory_L	0	0	0	0	646	0	0	0	0	0	0	0	0	0	1402	0	0	0	0	0	0	4894	0	0	116	208	2624	1006	2160	192	2878	2016	0	0	0	0	742	0	1150	0	1024	0	0	0	0	0	0	0	0	0	0	0	0	0	458	0	0	0	0	0	0	0	0	0	0	0	0	0	0	0	4882	2610	1470	0	0	0	0	0	0	0	0	0	1048	0	0	0	0	0	0	0	0	0	0	0	0	0	0	0	0	0	0	0	0	0	0	0	0	0	0	0	0	0	0	0	0	0	
85000	Olfactory_R	0	104	0	162	0	136	0	0	0	0	0	0	0	0	0	924	0	0	0	0	4894	0	0	116	212	1510	2016	2106	0	4214	2462	3506	0	0	0	0	0	758	0	938	0	2628	0	0	0	0	0	0	0	0	0	0	0	0	0	422	0	0	0	0	0	0	0	0	0	0	0	0	0	0	5590	6444	1724	914	0	0	0	148	0	0	0	0	0	572	0	0	0	0	0	0	0	0	0	0	0	0	0	0	0	0	0	0	0	0	0	0	0	0	0	0	0	0	0	0	0	0	
287368	Frontal_Sup_Medial_L	216	0	36550	11082	4144	100	9928	164	178	0	148	0	3040	476	1142	0	0	0	5462	3974	0	0	0	20206	1604	998	0	0	5018	0	16604	11452	932	6158	0	0	0	0	0	0	0	0	0	0	0	0	0	0	0	0	0	0	0	0	0	0	0	0	0	0	0	0	0	0	0	0	0	0	0	0	572	0	3350	0	0	0	0	0	0	0	186	0	0	0	0	0	0	0	0	0	0	0	0	0	0	0	0	0	0	0	0	0	0	0	0	0	0	0	0	0	0	0	0	0	0	0	
313556	Frontal_Sup_Medial_R	0	362	3160	40940	0	3234	256	2828	0	0	0	820	182	5324	0	128	0	0	2880	12084	0	116	20206	0	0	6004	0	1538	622	896	4338	29406	0	11456	0	0	88	0	0	0	0	0	0	0	0	0	0	0	0	0	0	0	0	0	0	0	0	0	0	0	0	0	0	0	0	0	0	0	0	0	610	5304	190	3806	0	0	0	0	0	0	0	0	0	0	0	0	0	0	0	0	0	0	0	0	0	0	0	0	0	0	0	0	0	0	0	0	0	0	0	0	0	0	0	0	0	0	
21880	Frontal_Med_Orb_L	0	0	566	0	2820	0	0	0	504	0	0	0	0	0	0	0	0	0	124	0	116	212	1604	0	0	426	1160	84	180	0	2266	302	0	0	0	0	0	0	0	0	0	0	0	0	0	0	0	0	0	0	0	0	0	0	0	0	0	0	0	0	0	0	0	0	0	0	0	0	0	0	118	106	352	0	0	0	0	0	0	0	0	0	0	0	0	0	0	0	0	0	0	0	0	0	0	0	0	0	0	0	0	0	0	0	0	0	0	0	0	0	0	0	0	0	0	0	
84204	Frontal_Med_Orb_R	0	0	0	3918	0	7116	0	0	0	0	0	0	0	0	0	0	0	0	0	0	208	1510	998	6004	426	0	184	7848	0	0	554	6354	0	0	0	0	0	0	0	0	0	0	0	0	0	0	0	0	0	0	0	0	0	0	0	0	0	0	0	0	0	0	0	0	0	0	0	0	0	0	150	4446	0	2386	0	0	0	0	0	0	0	0	0	0	0	0	0	0	0	0	0	0	0	0	0	0	0	0	0	0	0	0	0	0	0	0	0	0	0	0	0	0	0	0	0	0	
41868	Rectus_L	0	0	246	0	3298	0	0	0	1532	0	0	0	0	0	112	0	0	0	250	0	2624	2016	0	0	1160	184	0	666	380	0	3038	1112	0	0	0	0	0	0	0	0	0	0	0	0	0	0	0	0	0	0	0	0	0	0	0	0	0	0	0	0	0	0	0	0	0	0	0	0	0	0	1988	748	1580	0	0	0	0	0	0	0	0	0	0	0	0	0	0	0	0	0	0	0	0	0	0	0	0	0	0	0	0	0	0	0	0	0	0	0	0	0	0	0	0	0	0	0	
57176	Rectus_R	0	0	0	1218	0	4954	0	0	0	88	0	0	0	0	0	778	0	0	0	0	1006	2106	0	1538	84	7848	666	0	0	910	482	3068	0	0	0	0	0	0	0	236	0	144	0	0	0	0	0	0	0	0	0	0	0	0	0	0	0	0	0	0	0	0	0	0	0	0	0	0	0	0	832	1480	210	810	0	0	0	0	0	0	0	0	0	130	0	0	0	0	0	0	0	0	0	0	0	0	0	0	0	0	0	0	0	0	0	0	0	0	0	0	0	0	0	0	0	0	
585976	Insula_L	7444	1028	26902	4038	4108	0	17012	1174	452	0	14960	2036	25518	556	12218	130	15134	372	23852	4728	2160	0	5018	622	180	0	380	0	0	1952	11134	3822	358	1676	1272	0	16670	260	1084	252	2944	94	298	0	0	0	334	0	0	0	248	0	168	0	6894	136	5126	0	0	0	134	0	1366	0	130	0	532	0	190	0	4226	1000	15868	1266	0	0	4520	0	5332	0	14570	0	9968	388	3750	0	116	0	4888	0	0	0	0	0	0	0	0	0	0	0	0	0	0	0	0	0	0	0	0	0	0	0	0	0	0	0	
291124	Insula_R	290	1064	238	7252	0	212	0	2040	0	512	0	14678	0	13018	0	6504	0	12830	104	5420	192	4214	0	896	0	0	0	910	1952	0	0	1040	0	210	0	88	214	11174	0	7226	0	5090	0	92	0	94	0	390	0	642	0	0	0	0	0	7156	0	702	0	662	0	564	0	0	0	0	0	1356	0	0	898	1666	358	18352	0	96	128	816	0	3888	0	2448	0	3922	0	618	0	0	0	2704	0	248	0	0	0	92	0	186	0	116	0	0	0	0	0	0	0	0	0	0	0	0	0	0	0	0	
290756	Cingulum_Ant_L	4744	240	17466	4052	3780	90	7606	404	180	0	1266	0	2122	98	820	0	98	0	11060	2560	2878	2462	16604	4338	2266	554	3038	482	11134	0	0	12570	3958	3438	0	0	240	0	0	0	0	0	0	0	0	0	0	0	0	0	0	0	0	0	0	0	174	0	0	0	0	0	0	0	0	0	0	0	0	0	9646	2134	10090	670	0	0	0	0	174	0	890	0	764	0	288	0	0	0	0	0	0	0	0	0	0	0	0	0	0	0	0	0	0	0	0	0	0	0	0	0	0	0	0	0	0	0	
412140	Cingulum_Ant_R	1256	1004	3312	36404	106	1966	844	8334	0	0	120	1336	200	4656	0	122	132	0	4306	13968	2016	3506	11452	29406	302	6354	1112	3068	3822	1040	12570	0	1170	16846	0	0	492	506	0	394	0	0	0	0	0	0	0	0	0	0	0	0	0	0	0	350	94	0	0	0	0	0	0	0	0	0	0	0	0	0	7310	16116	1410	6810	88	0	456	674	0	0	408	0	232	0	0	0	0	0	0	0	0	0	0	0	0	0	0	0	0	0	0	0	0	0	0	0	0	0	0	0	0	0	0	0	0	0	
87696	Cingulum_Mid_L	888	98	2920	394	0	0	406	0	0	0	0	0	0	0	0	0	134	0	7982	1296	0	0	932	0	0	0	0	0	358	0	3958	1170	0	5972	3018	458	0	0	0	0	0	0	230	102	342	0	0	0	374	0	2266	0	210	0	0	0	270	0	490	0	370	0	86	0	286	0	2002	1186	3942	226	82	0	0	0	0	0	0	0	0	0	386	0	0	0	676	0	0	0	338	0	0	0	0	0	0	0	0	0	0	0	0	0	0	0	0	0	0	0	0	0	0	0	0	0	0	0	
353220	Cingulum_Mid_R	4900	954	1704	19344	0	0	270	2156	0	0	110	136	0	1846	0	0	150	88	14964	40030	0	0	6158	11456	0	0	0	0	1676	210	3438	16846	5972	0	1116	7534	188	0	0	0	0	0	0	1010	0	1626	0	886	0	258	0	180	0	94	0	634	0	3024	0	236	0	104	0	0	0	0	408	6792	5102	8862	2266	248	326	208	0	0	112	0	0	0	526	120	350	0	86	1262	0	0	0	644	0	0	0	0	0	0	0	0	0	0	0	0	0	0	0	0	0	0	0	0	0	0	0	0	0	0	
92612	Cingulum_Post_L	4250	998	398	0	0	0	162	0	0	0	0	0	0	0	0	0	326	0	800	662	0	0	0	0	0	0	0	0	1272	0	0	0	3018	1116	0	3742	5382	150	1676	0	0	0	3002	94	924	0	1210	0	248	0	0	0	0	0	318	0	540	190	0	0	0	0	0	0	0	0	5172	506	3426	1076	216	0	0	0	0	0	3838	874	634	0	0	0	0	0	0	0	0	0	86	0	0	0	0	0	0	0	0	0	0	0	0	0	0	0	0	0	0	0	0	0	0	0	0	0	0	0	
155116	Cingulum_Post_R	1574	4530	304	314	0	0	0	122	0	0	0	0	0	0	0	0	0	0	644	4196	0	0	0	0	0	0	0	0	0	88	0	0	458	7534	3742	0	0	6614	0	3208	0	0	0	1802	116	692	0	5570	0	84	0	0	0	0	0	2260	0	2300	0	0	0	0	0	0	0	0	548	13324	432	6804	468	130	0	0	0	0	2424	5138	0	0	0	0	0	0	0	102	0	0	0	718	0	0	0	0	0	0	0	86	0	0	0	0	0	0	0	0	0	0	0	0	1232	0	0	0	0	0	
244756	Hippocampus_L	7788	478	3778	1408	0	0	1074	378	0	0	438	220	0	130	762	0	908	0	2836	1548	742	0	0	88	0	0	0	0	16670	214	240	492	0	188	5382	0	0	168	12484	154	7862	0	2692	0	0	0	4434	0	0	0	0	0	0	0	13932	84	920	0	0	0	0	0	104	0	0	0	5010	0	0	0	880	248	7790	450	90	0	8172	116	1610	0	2028	0	1494	0	234	0	146	0	4592	0	0	0	0	0	0	142	116	0	334	0	0	0	0	0	0	0	0	0	148	182	0	0	0	0	0	0	
383820	Hippocampus_R	1422	7650	368	3704	0	0	0	1554	0	0	0	1914	0	1094	0	340	0	3132	178	1720	0	758	0	0	0	0	0	0	260	11174	0	506	0	0	150	6614	168	0	212	43108	0	11366	0	2608	0	0	0	8398	0	0	0	0	0	0	0	32402	604	1816	0	0	0	0	0	0	0	0	0	10342	0	676	186	1254	432	13014	300	380	566	6888	0	960	0	710	0	2664	0	834	0	274	0	6156	0	464	0	0	0	142	0	764	0	248	0	0	0	0	0	0	0	0	0	0	1436	0	0	0	0	0	
90072	ParaHippocampal_L	268	0	266	126	0	0	134	0	0	0	0	0	0	0	128	0	0	0	84	112	1150	0	0	0	0	0	0	0	1084	0	0	0	0	0	1676	0	12484	212	0	126	3684	0	2412	0	0	0	4982	142	0	0	0	0	0	0	5548	0	0	0	0	0	0	0	0	0	0	0	3980	0	0	0	0	0	806	0	0	0	700	0	0	0	0	0	822	0	0	0	286	0	1218	0	254	0	0	0	162	352	628	0	302	0	0	0	0	0	0	0	0	0	394	514	0	0	0	0	0	0	
302508	ParaHippocampal_R	930	3770	212	1912	0	0	0	720	0	0	0	1098	0	700	0	674	0	1362	88	1108	0	938	0	0	0	0	0	236	252	7226	0	394	0	0	0	3208	154	43108	126	0	0	8942	0	1548	0	0	0	8970	0	0	0	0	0	0	0	28908	450	1176	0	0	0	0	0	0	0	0	0	6562	0	512	168	1132	394	8468	262	348	336	3392	0	292	0	384	0	3148	0	486	0	876	0	3406	0	258	0	0	0	166	0	1720	0	82	0	0	0	0	0	0	0	0	0	0	652	0	0	0	0	0	
45804	Amygdala_L	0	0	0	0	0	0	0	0	0	0	0	0	0	0	474	0	0	0	0	0	1024	0	0	0	0	0	0	0	2944	0	0	0	0	0	0	0	7862	0	3684	0	0	0	0	0	0	0	0	0	0	0	0	0	0	0	3906	0	0	0	0	0	0	0	0	0	0	0	0	0	0	0	0	0	830	0	0	0	0	0	0	0	0	0	996	0	0	0	254	0	928	0	0	0	0	0	0	0	0	0	0	0	0	0	0	0	0	0	0	0	0	0	0	0	0	0	0	0	
79616	Amygdala_R	0	0	0	0	0	0	0	0	0	0	0	0	0	0	0	256	0	0	0	0	0	2628	0	0	0	0	0	144	94	5090	0	0	0	0	0	0	0	11366	0	8942	0	0	0	0	0	0	0	0	0	0	0	0	0	0	0	5756	0	0	0	0	0	0	0	0	0	0	0	0	0	0	0	180	0	1748	0	0	0	122	0	0	0	0	0	2630	0	0	0	286	0	166	0	0	0	0	0	140	0	260	0	0	0	0	0	0	0	0	0	0	0	0	0	0	0	0	0	0	
284572	Calcarine_L	914	0	0	0	0	0	0	0	0	0	0	0	0	0	0	0	140	0	0	0	0	0	0	0	0	0	0	0	298	0	0	0	230	0	3002	0	2692	0	2412	0	0	0	0	5940	15962	5274	14372	1622	10930	1964	28580	320	9584	240	5544	0	892	0	1344	0	148	0	0	0	212	0	21124	918	920	0	0	0	0	0	0	0	126	0	146	0	0	0	0	0	3780	0	0	0	2544	0	0	0	0	0	0	0	0	0	0	0	0	0	0	0	0	0	0	0	0	0	112	0	0	0	0	0	
315684	Calcarine_R	0	268	0	0	0	0	0	0	0	0	0	0	0	0	0	0	0	0	0	92	0	0	0	0	0	0	0	0	0	92	0	0	102	1010	94	1802	0	2608	0	1548	0	0	5940	0	4080	23580	2780	20362	84	19408	0	12948	0	10446	0	10544	0	278	0	102	0	0	0	0	0	0	3440	18376	0	340	0	0	0	0	0	0	0	162	0	0	0	238	0	0	0	8356	0	0	0	8652	0	0	0	0	0	0	0	0	0	0	0	0	0	0	0	0	0	0	0	0	110	0	0	0	0	0	
211680	Cuneus_L	592	0	0	0	0	0	0	0	0	0	0	0	0	0	0	0	0	0	0	0	0	0	0	0	0	0	0	0	0	0	0	0	342	0	924	116	0	0	0	0	0	0	15962	4080	0	7544	3314	114	23538	2292	19320	216	2316	0	1396	0	978	0	1308	0	206	0	0	0	452	0	17082	2118	550	0	0	0	0	0	0	0	0	0	0	0	0	0	0	0	830	0	0	0	250	0	0	0	0	0	0	0	0	0	0	0	0	0	0	0	0	0	0	0	0	0	0	0	0	0	0	0	
298380	Cuneus_R	0	0	0	0	0	0	0	0	0	0	0	0	0	0	0	0	0	0	0	0	0	0	0	0	0	0	0	0	0	94	0	0	0	1626	0	692	0	0	0	0	0	0	5274	23580	7544	0	1254	5738	220	33002	110	12614	0	2924	0	4424	0	1910	0	6576	0	558	0	140	0	496	7292	24568	0	614	0	0	0	0	0	0	0	0	0	0	0	192	0	0	0	6872	0	0	0	876	0	0	0	0	0	0	0	0	0	0	0	0	0	0	0	0	0	0	0	0	0	0	0	0	0	0	
330096	Lingual_L	182	0	0	0	0	0	0	0	0	0	0	0	0	0	0	0	0	0	0	0	0	0	0	0	0	0	0	0	334	0	0	0	0	0	1210	0	4434	0	4982	0	0	0	14372	2780	3314	1254	0	4372	2800	1128	12130	390	7404	198	19310	800	140	0	0	0	0	0	0	0	0	0	6540	194	0	0	0	0	0	0	0	0	806	0	88	0	0	0	0	0	298	144	0	0	1076	0	10942	3372	1210	812	236	116	14354	2716	17678	3830	0	0	84	272	702	242	0	0	468	748	9746	4388	948	418	454	632	
411916	Lingual_R	0	914	0	274	0	0	0	108	0	0	0	0	0	0	0	0	0	84	0	252	0	0	0	0	0	0	0	0	0	390	0	0	0	886	0	5570	0	8398	142	8970	0	0	1622	20362	114	5738	4372	0	0	6008	0	4210	0	5820	674	28160	0	562	0	96	0	0	0	148	0	0	506	16994	0	632	0	0	0	0	0	0	0	2188	0	0	0	342	0	0	0	2502	0	0	0	5784	4542	11468	1644	2264	82	364	1854	6036	7802	13314	984	0	1430	264	184	114	0	0	190	378	5866	11552	2454	178	172	0	
248660	Occipital_Sup_L	390	0	0	0	0	0	0	0	0	0	0	0	0	0	0	0	136	0	0	0	0	0	0	0	0	0	0	0	0	0	0	0	374	0	248	0	0	0	0	0	0	0	10930	84	23538	220	2800	0	0	0	37370	0	2528	0	1138	0	778	0	6646	0	2166	0	926	0	5488	0	23188	210	320	0	0	0	0	0	0	0	0	0	0	0	516	0	0	0	3230	0	0	0	1106	0	0	0	0	0	0	0	0	0	0	0	0	0	0	0	0	0	0	0	0	0	0	0	0	0	0	0	
312856	Occipital_Sup_R	0	204	0	0	0	0	0	0	0	0	0	0	0	0	0	0	0	414	0	0	0	0	0	0	0	0	0	0	0	642	0	0	0	258	0	84	0	0	0	0	0	0	1964	19408	2292	33002	1128	6008	0	0	0	22664	0	3748	0	2900	0	2332	0	10990	0	3564	0	522	0	5792	3912	21068	0	786	0	0	0	0	0	0	0	0	0	684	0	1406	0	0	0	9724	0	0	0	932	0	0	0	0	0	0	0	0	0	0	0	0	0	0	0	0	0	0	0	0	0	0	0	0	0	0	
513144	Occipital_Mid_L	3856	0	330	0	0	0	208	0	0	0	0	0	0	0	0	0	1154	0	0	0	0	0	0	0	0	0	0	0	248	0	0	0	2266	0	0	0	0	0	0	0	0	0	28580	0	19320	110	12130	0	37370	0	0	0	29540	0	9952	0	4094	0	9282	0	12016	0	1610	0	18650	0	29846	0	3146	0	0	0	0	0	0	0	0	0	0	0	2042	0	0	0	22762	0	0	0	8060	0	0	0	0	0	0	0	0	0	0	0	0	0	0	0	0	0	0	0	0	0	0	0	0	0	0	0	
249032	Occipital_Mid_R	0	0	0	0	0	0	0	0	0	0	0	0	0	0	0	0	0	0	0	0	0	0	0	0	0	0	0	0	0	0	0	0	0	180	0	0	0	0	0	0	0	0	320	12948	216	12614	390	4210	0	22664	0	0	0	12072	0	2122	0	770	0	5470	0	4454	0	310	0	13032	840	7202	0	134	0	0	0	0	0	0	0	0	0	0	0	142	0	0	0	22036	0	0	0	2390	0	0	0	0	0	0	0	0	0	0	0	0	0	0	0	0	0	0	0	0	0	0	0	0	0	0	
170796	Occipital_Inf_L	1550	0	118	0	0	0	94	0	0	0	0	0	0	0	0	0	188	0	0	0	0	0	0	0	0	0	0	0	168	0	0	0	210	0	0	0	0	0	0	0	0	0	9584	0	2316	0	7404	0	2528	0	29540	0	0	0	9574	0	382	0	0	0	782	0	924	0	946	0	2660	0	726	0	0	0	0	0	0	0	0	0	0	0	110	0	0	0	9222	0	0	0	6250	0	122	0	0	0	0	0	0	0	0	0	0	0	0	0	0	0	0	0	0	0	0	0	0	0	0	0	
132264	Occipital_Inf_R	0	188	0	0	0	0	0	0	0	0	0	0	0	0	0	0	0	0	0	0	0	0	0	0	0	0	0	0	0	0	0	0	0	94	0	0	0	0	0	0	0	0	240	10446	0	2924	198	5820	0	3748	0	12072	0	0	0	7238	0	276	0	148	0	0	0	0	0	0	310	1534	0	184	0	0	0	0	0	0	0	0	0	0	0	148	0	0	0	10084	0	0	0	10480	0	0	0	0	0	0	0	0	0	0	0	0	0	0	0	0	0	0	0	0	0	0	0	0	0	0	
388236	Fusiform_L	776	0	118	832	0	0	0	0	0	0	266	0	0	0	374	0	486	0	814	874	458	0	0	0	0	0	0	0	6894	0	0	0	0	0	318	0	13932	0	5548	0	3906	0	5544	0	1396	0	19310	674	1138	0	9952	0	9574	0	0	226	386	0	0	0	108	0	196	0	202	0	3744	0	308	0	360	0	2678	0	0	0	84	0	1022	0	2310	0	1940	0	3880	0	1218	0	18078	0	22026	1184	1228	226	0	0	9942	560	28372	1298	112	0	0	0	492	0	0	0	192	232	3728	3194	486	196	248	478	
490712	Fusiform_R	828	3560	152	1092	0	0	0	246	0	0	0	756	0	638	0	222	0	1198	0	624	0	422	0	0	0	0	0	0	136	7156	0	350	0	634	0	2260	84	32402	0	28908	0	5756	0	10544	0	4424	800	28160	0	2900	0	2122	0	7238	226	0	592	3218	0	2382	0	160	0	752	0	0	1560	14566	0	1690	118	682	270	4182	208	220	0	550	0	352	0	1896	0	3696	0	5182	0	1390	0	19048	982	11706	248	1916	0	0	242	4300	1828	11764	170	0	238	988	0	366	0	0	0	86	1564	2140	266	0	0	0	
246524	Postcentral_L	18688	1436	1056	914	0	0	246	576	0	0	1694	166	0	0	0	0	10526	108	114	710	0	0	0	0	0	0	0	0	5126	0	174	94	270	0	540	0	920	604	0	450	0	0	892	0	978	0	140	0	778	0	4094	0	382	0	386	592	0	0	7216	0	18346	0	10994	0	4622	0	5572	0	4372	0	0	92	206	202	150	0	272	0	1458	0	8474	0	0	0	5072	0	0	0	3280	280	0	0	0	0	0	0	0	0	0	0	0	0	0	0	0	0	0	0	0	0	0	0	0	0	0	0	
161132	Postcentral_R	290	9178	0	0	0	0	0	0	0	0	0	0	0	0	0	0	0	3808	0	1434	0	0	0	0	0	0	0	0	0	702	0	0	0	3024	190	2300	0	1816	0	1176	0	0	0	278	0	1910	0	562	0	2332	0	770	0	276	0	3218	0	0	0	8766	0	3908	0	10546	0	710	0	7146	352	8862	0	0	0	0	0	0	0	0	0	250	0	1874	0	0	0	2612	0	0	0	2276	0	0	0	0	0	0	0	0	0	0	0	0	0	0	0	0	0	0	0	0	0	0	0	0	0	0	
97728	Parietal_Sup_L	96	0	0	0	0	0	0	0	0	0	0	0	0	0	0	0	0	0	0	0	0	0	0	0	0	0	0	0	0	0	0	0	490	0	0	0	0	0	0	0	0	0	1344	0	1308	0	0	0	6646	0	9282	0	0	0	0	0	7216	0	0	0	9196	0	0	0	910	0	9898	0	936	0	0	0	0	0	0	0	0	0	0	0	146	0	0	0	716	0	0	0	680	0	0	0	0	0	0	0	0	0	0	0	0	0	0	0	0	0	0	0	0	0	0	0	0	0	0	0	
133280	Parietal_Sup_R	0	204	0	0	0	0	0	0	0	0	0	0	0	0	0	0	0	440	0	0	0	0	0	0	0	0	0	0	0	662	0	0	0	236	0	0	0	0	0	0	0	0	0	102	0	6576	0	96	0	10990	0	5470	0	148	0	2382	0	8766	0	0	0	4354	0	270	0	4886	92	14632	0	1010	0	0	0	82	0	0	0	0	0	436	0	702	0	0	0	3554	0	0	0	550	0	0	0	0	0	0	0	0	0	0	0	0	0	0	0	0	0	0	0	0	0	0	0	0	0	0	
174056	Parietal_Inf_L	390	0	0	0	0	0	0	0	0	0	0	0	0	0	0	0	282	0	0	0	0	0	0	0	0	0	0	0	134	0	0	0	370	0	0	0	0	0	0	0	0	0	148	0	206	0	0	0	2166	0	12016	0	782	0	108	0	18346	0	9196	0	0	0	8482	0	18746	0	3880	0	1722	0	0	0	0	0	0	0	0	0	0	0	1104	0	0	0	5652	0	0	0	3298	0	0	0	0	0	0	0	0	0	0	0	0	0	0	0	0	0	0	0	0	0	0	0	0	0	0	0	
114808	Parietal_Inf_R	0	158	0	0	0	0	0	0	0	0	0	0	0	0	0	0	0	258	0	0	0	0	0	0	0	0	0	0	0	564	0	0	0	104	0	0	0	0	0	0	0	0	0	0	0	558	0	0	0	3564	0	4454	0	0	0	160	0	3908	0	4354	0	0	0	12154	0	16906	0	3254	0	162	0	0	0	0	0	0	0	0	0	242	0	998	0	0	0	5372	0	0	0	234	0	0	0	0	0	0	0	0	0	0	0	0	0	0	0	0	0	0	0	0	0	0	0	0	0	0	
109616	SupraMarginal_L	216	0	0	0	0	0	0	0	0	0	0	0	0	0	0	0	3932	0	0	0	0	0	0	0	0	0	0	0	1366	0	0	0	86	0	0	0	104	0	0	0	0	0	0	0	0	0	0	0	926	0	1610	0	924	0	196	0	10994	0	0	0	8482	0	0	0	5500	0	1168	0	380	0	0	0	0	0	0	0	0	0	584	0	9282	0	0	0	5666	0	0	0	3392	0	0	0	0	0	0	0	0	0	0	0	0	0	0	0	0	0	0	0	0	0	0	0	0	0	0	0	
100168	SupraMarginal_R	0	256	0	0	0	0	0	0	0	0	0	0	0	0	0	0	0	2600	0	0	0	0	0	0	0	0	0	0	0	0	0	0	0	0	0	0	0	0	0	0	0	0	0	0	0	140	0	148	0	522	0	310	0	0	0	752	0	10546	0	270	0	12154	0	0	0	7106	0	856	0	0	0	0	0	0	0	0	0	0	0	0	0	6360	0	0	0	7344	0	0	0	720	0	0	0	0	0	0	0	0	0	0	0	0	0	0	0	0	0	0	0	0	0	0	0	0	0	0	
165172	Angular_L	526	0	0	0	0	0	0	0	0	0	0	0	0	0	0	0	334	0	0	0	0	0	0	0	0	0	0	0	130	0	0	0	286	0	0	0	0	0	0	0	0	0	212	0	452	0	0	0	5488	0	18650	0	946	0	202	0	4622	0	910	0	18746	0	5500	0	0	0	7236	0	2146	0	0	0	0	0	0	0	0	0	0	0	1784	0	0	0	9944	0	0	0	4472	0	0	0	0	0	0	0	0	0	0	0	0	0	0	0	0	0	0	0	0	0	0	0	0	0	0	0	
118816	Angular_R	0	0	0	0	0	0	0	0	0	0	0	0	0	0	0	0	0	142	0	0	0	0	0	0	0	0	0	0	0	0	0	0	0	0	0	0	0	0	0	0	0	0	0	0	0	496	0	0	0	5792	0	13032	0	0	0	0	0	710	0	4886	0	16906	0	7106	0	0	0	1076	0	0	0	0	0	0	0	0	0	0	0	108	0	1626	0	0	0	7440	0	0	0	88	0	0	0	0	0	0	0	0	0	0	0	0	0	0	0	0	0	0	0	0	0	0	0	0	0	0	
402036	Precuneus_L	2072	0	272	0	0	0	90	0	0	0	0	0	0	0	0	0	478	0	162	0	0	0	0	0	0	0	0	0	532	0	0	0	2002	408	5172	548	5010	0	3980	0	0	0	21124	3440	17082	7292	6540	506	23188	3912	29846	840	2660	310	3744	1560	5572	0	9898	92	3880	0	1168	0	7236	0	0	8852	6460	0	0	0	0	0	0	0	564	0	288	0	1134	0	0	0	7190	306	0	0	5490	118	0	0	0	0	0	0	0	0	0	0	0	0	0	0	0	0	0	0	0	0	0	0	0	0	0	0	
430444	Precuneus_R	314	2694	0	302	0	0	0	134	0	0	0	0	0	0	0	0	0	828	0	854	0	0	0	0	0	0	0	0	0	1356	0	0	1186	6792	506	13324	0	10342	0	6562	0	0	918	18376	2118	24568	194	16994	210	21068	0	7202	0	1534	0	14566	0	7146	0	14632	0	3254	0	856	0	1076	8852	0	160	4236	0	0	0	202	0	0	160	3486	0	758	0	1576	0	0	0	7748	0	0	0	5784	0	114	0	0	0	0	0	490	0	0	0	0	0	0	0	0	0	0	0	0	1750	0	0	0	0	0	
178924	Paracentral_Lobule_L	18718	5756	206	232	0	0	0	0	0	0	0	0	0	0	0	0	320	0	4326	8744	0	0	0	0	0	0	0	0	190	0	0	0	3942	5102	3426	432	0	0	0	0	0	0	920	0	550	0	0	0	320	0	3146	0	726	0	308	0	4372	352	936	0	1722	0	380	0	2146	0	6460	160	0	6806	152	312	0	0	0	0	472	214	166	0	1174	0	0	0	3690	0	0	0	2584	0	0	0	0	0	0	0	0	0	0	0	0	0	0	0	0	0	0	0	0	0	0	0	0	0	0	0	
145752	Paracentral_Lobule_R	4376	8086	0	0	0	0	0	0	0	0	0	0	0	0	0	0	0	0	694	12612	0	0	0	0	0	0	0	0	0	0	0	0	226	8862	1076	6804	0	676	0	512	0	0	0	340	0	614	0	632	0	786	0	134	0	184	0	1690	0	8862	0	1010	0	162	0	0	0	0	0	4236	6806	0	0	106	0	0	0	0	0	0	0	0	0	274	0	0	0	1580	0	0	0	1536	0	0	0	0	0	0	0	0	0	0	0	0	0	0	0	0	0	0	0	0	0	0	0	0	0	0	
221468	Caudate_L	1694	2666	1196	7930	0	0	522	2624	0	0	162	1102	0	578	0	268	0	134	3724	8480	4882	5590	572	610	118	150	1988	832	4226	898	9646	7310	82	2266	216	468	880	186	0	168	0	0	0	0	0	0	0	0	0	0	0	0	0	0	360	118	0	0	0	0	0	0	0	0	0	0	0	0	152	0	0	9914	8322	1706	1620	0	11674	2396	0	0	1026	0	998	96	184	0	0	0	0	0	0	0	0	0	0	0	0	0	0	0	0	0	0	0	0	0	0	0	0	0	0	0	0	0	0	0	
269032	Caudate_R	828	9676	336	11480	0	2966	0	1972	0	686	0	626	0	370	0	1380	0	780	294	8750	2610	6444	0	5304	106	4446	748	1480	1000	1666	2134	16116	0	248	0	130	248	1254	0	1132	0	180	0	0	0	0	0	0	0	0	0	0	0	0	0	682	92	0	0	0	0	0	0	0	0	0	0	0	312	106	9914	0	1782	15708	0	1532	2996	15646	0	256	0	0	0	100	0	0	0	0	0	0	0	0	0	0	0	0	0	0	0	0	0	0	0	0	0	0	0	0	0	0	0	0	0	0	0	0	
222984	Putamen_L	4724	2062	9924	1556	3826	0	1992	924	428	0	1044	418	116	220	2718	0	368	0	4564	1216	1470	1724	3350	190	352	0	1580	210	15868	358	10090	1410	0	326	0	0	7790	432	806	394	830	0	0	0	0	0	0	0	0	0	0	0	0	0	2678	270	206	0	0	0	0	0	0	0	0	0	0	0	0	0	8322	1782	0	802	6206	0	1186	0	0	0	2384	0	2568	102	598	0	0	0	974	0	0	0	0	0	0	0	0	0	134	0	0	0	0	0	0	0	0	0	0	0	0	0	0	0	0	0	
252488	Putamen_R	670	588	498	7934	0	2424	86	1526	0	1180	0	6920	0	3234	0	2710	0	5816	494	3588	0	914	0	3806	0	2386	0	810	1266	18352	670	6810	0	208	0	0	450	13014	0	8468	0	1748	0	0	0	0	0	0	0	0	0	0	0	0	0	4182	202	0	0	82	0	0	0	0	0	0	0	202	0	0	1706	15708	802	0	0	1738	264	1716	0	1970	0	340	0	598	0	0	0	0	0	164	0	0	0	0	0	0	0	0	0	0	0	0	0	0	0	0	0	0	0	0	0	0	0	0	0	0	
37936	Pallidum_L	1828	1686	1882	444	0	0	868	538	0	0	0	94	0	0	0	0	0	0	628	220	0	0	0	0	0	0	0	0	0	0	0	88	0	0	0	0	90	300	0	262	0	0	0	0	0	0	0	0	0	0	0	0	0	0	0	208	150	0	0	0	0	0	0	0	0	0	0	0	0	0	1620	0	6206	0	0	0	1856	0	0	0	0	0	0	0	0	0	0	0	0	0	0	0	0	0	0	0	0	0	0	0	0	0	0	0	0	0	0	0	0	0	0	0	0	0	0	0	
14364	Pallidum_R	112	158	0	622	0	0	0	482	0	0	0	0	0	0	0	0	0	256	0	1104	0	0	0	0	0	0	0	0	0	96	0	0	0	0	0	0	0	380	0	348	0	0	0	0	0	0	0	0	0	0	0	0	0	0	0	220	0	0	0	0	0	0	0	0	0	0	0	0	0	0	0	1532	0	1738	0	0	0	0	0	134	0	0	0	0	0	0	0	0	0	0	0	0	0	0	0	0	0	0	0	0	0	0	0	0	0	0	0	0	0	0	0	0	0	0	0	0	
168144	Thalamus_L	15222	4796	4542	1756	0	0	852	190	0	0	106	154	0	0	0	0	302	0	2536	1484	0	0	0	0	0	0	0	0	4520	128	0	456	0	112	3838	2424	8172	566	700	336	0	0	126	0	0	0	806	0	0	0	0	0	0	0	84	0	272	0	0	0	0	0	0	0	0	0	564	160	472	0	11674	2996	1186	264	1856	0	0	9664	478	0	278	0	0	0	0	0	0	0	0	0	0	0	0	0	0	0	0	0	0	0	0	0	0	0	0	0	0	0	0	0	0	0	0	0	0	0	
205592	Thalamus_R	2170	24136	456	11698	0	0	94	3296	0	0	0	566	0	214	0	0	0	1094	308	3004	0	148	0	0	0	0	0	0	0	816	0	674	0	0	874	5138	116	6888	0	3392	0	122	0	162	0	0	0	2188	0	0	0	0	0	0	0	550	0	0	0	0	0	0	0	0	0	0	0	3486	214	0	2396	15646	0	1716	0	0	9664	0	0	318	0	0	0	0	0	0	0	0	0	0	0	0	0	0	0	0	0	234	0	0	0	0	0	0	0	0	0	0	0	0	1018	0	0	0	0	0	
47344	Heschl_L	796	0	378	0	0	0	158	0	0	0	214	0	0	0	0	0	3018	0	260	0	0	0	0	0	0	0	0	0	5332	0	174	0	0	0	634	0	1610	0	0	0	0	0	146	0	0	0	88	0	0	0	0	0	0	0	1022	0	1458	0	0	0	0	0	584	0	0	0	288	0	166	0	0	0	0	0	0	0	478	0	0	0	2960	0	0	0	1216	0	0	0	2692	0	0	0	0	0	0	0	0	0	0	0	0	0	0	0	0	0	0	0	0	0	0	0	0	0	0	0	
52768	Heschl_R	0	432	0	88	0	0	0	0	0	0	0	1424	0	100	0	0	0	7448	0	1318	0	0	0	0	0	0	0	0	0	3888	0	0	0	0	0	0	0	960	0	292	0	0	0	0	0	0	0	0	0	684	0	0	0	0	0	352	0	250	0	436	0	242	0	0	0	108	0	758	0	0	0	256	0	1970	0	134	0	318	0	0	0	4498	0	0	0	196	0	0	0	232	0	0	0	0	0	0	0	0	0	0	0	0	0	0	0	0	0	0	0	0	0	0	0	0	0	0	
234484	Temporal_Sup_L	2656	118	2350	512	0	0	704	0	0	0	7514	0	256	0	0	0	15606	0	5164	758	0	0	186	0	0	0	0	0	14570	0	890	408	386	526	0	0	2028	0	0	0	0	0	0	0	0	0	0	0	516	0	2042	0	110	0	2310	0	8474	0	146	0	1104	0	9282	0	1784	0	1134	0	1174	0	1026	0	2384	0	0	0	278	0	2960	0	0	0	7056	0	12900	0	0	0	7768	0	0	0	0	0	0	0	0	0	162	0	0	0	0	0	0	0	0	0	0	0	0	0	0	0	0	0	
91468	Temporal_Sup_R	0	500	0	0	0	0	0	0	0	0	0	524	0	0	0	0	0	3606	0	118	0	0	0	0	0	0	0	0	0	2448	0	0	0	120	0	0	0	710	0	384	0	0	0	238	0	192	0	342	0	1406	0	142	0	148	0	1896	0	1874	0	702	0	998	0	6360	0	1626	0	1576	0	274	0	0	0	340	0	0	0	0	0	4498	0	0	0	862	0	10266	0	0	0	3584	0	0	0	0	0	0	0	0	0	0	0	0	0	0	0	0	0	0	0	0	0	0	0	0	0	0	
113564	Temporal_Pole_Sup_L	386	98	2196	256	328	0	544	0	0	0	5910	0	0	0	1290	0	5200	0	3374	356	1048	0	0	0	0	0	0	0	9968	0	764	232	0	350	0	0	1494	0	822	0	996	0	0	0	0	0	0	0	0	0	0	0	0	0	1940	0	0	0	0	0	0	0	0	0	0	0	0	0	0	0	998	0	2568	0	0	0	0	0	0	0	7056	0	0	0	3682	0	2614	0	2312	0	0	0	0	0	0	0	0	0	0	0	0	0	0	0	0	0	0	0	0	0	0	0	0	0	0	0	
68148	Temporal_Pole_Sup_R	110	0	106	724	0	0	0	116	0	0	0	1686	0	0	0	520	0	1252	0	892	0	572	0	0	0	0	0	130	388	3922	0	0	0	0	0	0	0	2664	0	3148	0	2630	0	0	0	0	0	0	0	0	0	0	0	0	0	3696	0	0	0	0	0	0	0	0	0	0	0	0	0	0	96	100	102	598	0	0	0	0	0	0	0	862	0	0	0	2286	0	4430	0	3044	0	0	0	0	0	0	0	0	0	0	0	0	0	0	0	0	0	0	0	0	0	0	0	0	0	0	
305240	Temporal_Mid_L	3168	0	266	0	0	0	154	0	0	0	0	0	0	0	0	0	1204	0	124	84	0	0	0	0	0	0	0	0	3750	0	288	0	676	86	0	0	234	0	0	0	0	0	3780	0	830	0	298	0	3230	0	22762	0	9222	0	3880	0	5072	0	716	0	5652	0	5666	0	9944	0	7190	0	3690	0	184	0	598	0	0	0	0	0	1216	0	12900	0	3682	0	0	0	2222	0	39852	0	0	0	0	0	0	0	0	0	0	0	0	0	0	0	0	0	0	0	0	0	0	0	0	0	0	0	
281408	Temporal_Mid_R	0	484	0	0	0	0	0	0	0	0	0	0	0	0	0	0	0	390	0	0	0	0	0	0	0	0	0	0	0	618	0	0	0	1262	0	102	0	834	0	486	0	0	0	8356	0	6872	144	2502	0	9724	0	22036	0	10084	0	5182	0	2612	0	3554	0	5372	0	7344	0	7440	306	7748	0	1580	0	0	0	0	0	0	0	0	0	196	0	10266	0	2286	0	0	0	1102	0	21822	0	0	0	0	0	0	0	0	0	0	0	0	0	0	0	0	0	0	0	0	0	0	0	0	0	0	
18784	Temporal_Pole_Mid_L	0	0	0	0	0	0	0	0	0	0	0	0	0	0	0	0	0	0	0	0	0	0	0	0	0	0	0	0	116	0	0	0	0	0	0	0	146	0	286	0	254	0	0	0	0	0	0	0	0	0	0	0	0	0	1218	0	0	0	0	0	0	0	0	0	0	0	0	0	0	0	0	0	0	0	0	0	0	0	0	0	0	0	2614	0	2222	0	0	0	2536	0	0	0	0	0	0	0	0	0	0	0	0	0	0	0	0	0	0	0	0	0	0	0	0	0	0	0	
20440	Temporal_Pole_Mid_R	0	0	0	0	0	0	0	0	0	0	0	0	0	0	0	0	0	0	0	0	0	0	0	0	0	0	0	0	0	0	0	0	0	0	0	0	0	274	0	876	0	286	0	0	0	0	0	0	0	0	0	0	0	0	0	1390	0	0	0	0	0	0	0	0	0	0	0	0	0	0	0	0	0	0	0	0	0	0	0	0	0	0	0	4430	0	1102	0	0	0	1862	0	0	0	0	0	0	0	0	0	0	0	0	0	0	0	0	0	0	0	0	0	0	0	0	0	0	
285688	Temporal_Inf_L	1400	0	222	0	0	0	190	0	0	0	0	0	0	0	0	0	736	0	232	0	0	0	0	0	0	0	0	0	4888	0	0	0	338	0	86	0	4592	0	1218	0	928	0	2544	0	250	0	1076	0	1106	0	8060	0	6250	0	18078	0	3280	0	680	0	3298	0	3392	0	4472	0	5490	0	2584	0	0	0	974	0	0	0	0	0	2692	0	7768	0	2312	0	39852	0	2536	0	0	0	4224	0	1762	0	0	0	182	0	4046	0	626	0	480	0	0	0	0	0	0	0	0	0	0	0	0	0	
215632	Temporal_Inf_R	326	1684	0	210	0	0	0	0	0	0	0	92	0	110	0	0	0	386	0	84	0	0	0	0	0	0	0	0	0	2704	0	0	0	644	0	718	0	6156	0	3406	0	166	0	8652	0	876	0	5784	0	932	0	2390	0	10480	0	19048	280	2276	0	550	0	234	0	720	0	88	118	5784	0	1536	0	0	0	164	0	0	0	0	0	232	0	3584	0	3044	0	21822	0	1862	0	0	0	540	0	0	0	0	0	0	0	134	0	0	0	0	0	0	0	0	0	0	0	0	0	0	0	0	
619192	Cerebelum_Crus1_L	0	0	0	0	0	0	0	0	0	0	0	0	0	0	0	0	0	0	0	0	0	0	0	0	0	0	0	0	0	0	0	0	0	0	0	0	0	0	254	0	0	0	0	0	0	0	10942	4542	0	0	0	0	122	0	22026	982	0	0	0	0	0	0	0	0	0	0	0	0	0	0	0	0	0	0	0	0	0	0	0	0	0	0	0	0	0	0	0	0	4224	0	0	8964	39748	3816	1304	548	32342	1830	81708	9536	14028	86	16134	2134	3170	1518	1908	0	2558	4008	14104	15018	6936	2442	2020	644	
634000	Cerebelum_Crus1_R	0	0	0	0	0	0	0	0	0	0	0	0	0	0	0	0	0	0	0	0	0	0	0	0	0	0	0	0	0	248	0	0	0	0	0	0	0	464	0	258	0	0	0	0	0	0	3372	11468	0	0	0	0	0	0	1184	11706	0	0	0	0	0	0	0	0	0	0	0	114	0	0	0	0	0	0	0	0	0	0	0	0	0	0	0	0	0	0	0	0	0	540	8964	0	3080	44124	154	3678	5880	29260	13986	79914	1198	522	1810	25290	174	7848	0	2688	1256	1752	18362	21182	10200	2054	3906	364	
420300	Cerebelum_Crus2_L	0	0	0	0	0	0	0	0	0	0	0	0	0	0	0	0	0	0	0	0	0	0	0	0	0	0	0	0	0	0	0	0	0	0	0	0	0	0	0	0	0	0	0	0	0	0	1210	1644	0	0	0	0	0	0	1228	248	0	0	0	0	0	0	0	0	0	0	0	0	0	0	0	0	0	0	0	0	0	0	0	0	0	0	0	0	0	0	0	0	1762	0	39748	3080	0	6112	496	238	6558	360	19678	3246	43202	878	40630	4400	7016	1164	2412	0	1078	1648	3610	4160	7044	5594	1580	126	
437240	Cerebelum_Crus2_R	0	0	0	0	0	0	0	0	0	0	0	0	0	0	0	0	0	0	0	0	0	0	0	0	0	0	0	0	0	0	0	0	0	0	0	0	0	0	0	0	0	0	0	0	0	0	812	2264	0	0	0	0	0	0	226	1916	0	0	0	0	0	0	0	0	0	0	0	0	0	0	0	0	0	0	0	0	0	0	0	0	0	0	0	0	0	0	0	0	0	0	3816	44124	6112	0	276	2444	2964	5082	4372	23554	1478	15350	1992	42024	300	12514	0	1142	1984	2930	4696	7612	13862	6812	7680	282	
45716	Cerebelum_3_L	0	0	0	0	0	0	0	0	0	0	0	0	0	0	0	0	0	0	0	0	0	0	0	0	0	0	0	0	0	0	0	0	0	0	0	0	0	0	162	0	0	0	0	0	0	0	236	82	0	0	0	0	0	0	0	0	0	0	0	0	0	0	0	0	0	0	0	0	0	0	0	0	0	0	0	0	0	0	0	0	0	0	0	0	0	0	0	0	0	0	1304	154	496	276	0	546	8064	150	1614	106	0	0	290	348	974	554	0	0	986	3658	1462	136	416	458	386	0	
74112	Cerebelum_3_R	0	0	0	0	0	0	0	0	0	0	0	0	0	0	0	0	0	0	0	0	0	0	0	0	0	0	0	0	0	92	0	0	0	0	0	0	142	142	352	166	0	140	0	0	0	0	116	364	0	0	0	0	0	0	0	0	0	0	0	0	0	0	0	0	0	0	0	0	0	0	0	0	0	0	0	0	0	0	0	0	0	0	0	0	0	0	0	0	0	0	548	3678	238	2444	546	0	1058	4152	612	3154	0	0	0	2440	0	2558	0	0	2926	4474	1702	0	1246	1590	2176	0	
399552	Cerebelum_4_5_L	0	0	0	0	0	0	0	0	0	0	0	0	0	0	0	0	0	0	0	0	0	0	0	0	0	0	0	0	0	0	0	0	0	0	0	0	116	0	628	0	0	0	0	0	0	0	14354	1854	0	0	0	0	0	0	9942	242	0	0	0	0	0	0	0	0	0	0	0	0	0	0	0	0	0	0	0	0	0	0	0	0	0	0	0	0	0	0	0	0	182	0	32342	5880	6558	2964	8064	1058	0	5086	43480	6256	530	0	1008	2406	3048	2060	240	0	4752	8990	25516	4488	2022	2036	2286	1388	
271796	Cerebelum_4_5_R	0	0	0	0	0	0	0	0	0	0	0	0	0	0	0	0	0	0	0	0	0	0	0	0	0	0	0	0	0	186	0	0	0	0	0	86	0	764	0	1720	0	260	0	0	0	0	2716	6036	0	0	0	0	0	0	560	4300	0	0	0	0	0	0	0	0	0	0	0	490	0	0	0	0	0	0	0	0	0	234	0	0	0	0	0	0	0	0	0	0	0	0	1830	29260	360	5082	150	4152	5086	0	4596	33610	0	0	0	4390	188	1894	0	162	596	1974	20792	1498	848	908	1170	0	
659392	Cerebelum_6_L	0	0	0	0	0	0	0	0	0	0	0	0	0	0	0	0	0	0	0	0	0	0	0	0	0	0	0	0	0	0	0	0	0	0	0	0	334	0	302	0	0	0	0	0	0	0	17678	7802	0	0	0	0	0	0	28372	1828	0	0	0	0	0	0	0	0	0	0	0	0	0	0	0	0	134	0	0	0	0	0	0	0	162	0	0	0	0	0	0	0	4046	0	81708	13986	19678	4372	1614	612	43480	4596	0	15364	4068	0	5440	1960	3204	1634	1104	0	3982	5902	22624	22678	5836	1732	2004	1460	
573932	Cerebelum_6_R	0	0	0	0	0	0	0	0	0	0	0	0	0	0	0	0	0	0	0	0	0	0	0	0	0	0	0	0	0	116	0	0	0	0	0	0	0	248	0	82	0	0	0	0	0	0	3830	13314	0	0	0	0	0	0	1298	11764	0	0	0	0	0	0	0	0	0	0	0	0	0	0	0	0	0	0	0	0	0	0	0	0	0	0	0	0	0	0	0	0	0	134	9536	79914	3246	23554	106	3154	6256	33610	15364	0	1374	174	2022	12460	282	3310	0	2198	854	1298	21258	23458	9148	1228	1484	892	
250500	Cerebelum_7b_L	0	0	0	0	0	0	0	0	0	0	0	0	0	0	0	0	0	0	0	0	0	0	0	0	0	0	0	0	0	0	0	0	0	0	0	0	0	0	0	0	0	0	0	0	0	0	0	984	0	0	0	0	0	0	112	170	0	0	0	0	0	0	0	0	0	0	0	0	0	0	0	0	0	0	0	0	0	0	0	0	0	0	0	0	0	0	0	0	626	0	14028	1198	43202	1478	0	0	530	0	4068	1374	0	88	39888	1694	5076	366	1852	0	0	0	104	2036	2848	3056	472	0	
80936	Cerebelum_7b_R	0	0	0	0	0	0	0	0	0	0	0	0	0	0	0	0	0	0	0	0	0	0	0	0	0	0	0	0	0	0	0	0	0	0	0	0	0	0	0	0	0	0	0	0	0	0	0	0	0	0	0	0	0	0	0	0	0	0	0	0	0	0	0	0	0	0	0	0	0	0	0	0	0	0	0	0	0	0	0	0	0	0	0	0	0	0	0	0	0	0	86	522	878	15350	0	0	0	0	0	174	88	0	346	16646	174	4616	0	0	0	0	0	0	560	540	488	0	
327252	Cerebelum_8_L	0	0	0	0	0	0	0	0	0	0	0	0	0	0	0	0	0	0	0	0	0	0	0	0	0	0	0	0	0	0	0	0	0	0	0	0	0	0	0	0	0	0	0	0	0	0	84	1430	0	0	0	0	0	0	0	238	0	0	0	0	0	0	0	0	0	0	0	0	0	0	0	0	0	0	0	0	0	0	0	0	0	0	0	0	0	0	0	0	480	0	16134	1810	40630	1992	290	0	1008	0	5440	2022	39888	346	0	6638	19862	756	3800	0	0	158	258	2996	4944	9974	2354	94	
393524	Cerebelum_8_R	0	0	0	0	0	0	0	0	0	0	0	0	0	0	0	0	0	0	0	0	0	0	0	0	0	0	0	0	0	0	0	0	0	0	0	0	0	0	0	0	0	0	0	0	0	0	272	264	0	0	0	0	0	0	0	988	0	0	0	0	0	0	0	0	0	0	0	0	0	0	0	0	0	0	0	0	0	0	0	0	0	0	0	0	0	0	0	0	0	0	2134	25290	4400	42024	348	2440	2406	4390	1960	12460	1694	16646	6638	0	2284	28732	322	2492	2018	2952	3468	500	7876	12326	9262	176	
127684	Cerebelum_9_L	0	0	0	0	0	0	0	0	0	0	0	0	0	0	0	0	0	0	0	0	0	0	0	0	0	0	0	0	0	0	0	0	0	0	0	0	0	0	0	0	0	0	0	0	0	0	702	184	0	0	0	0	0	0	492	0	0	0	0	0	0	0	0	0	0	0	0	0	0	0	0	0	0	0	0	0	0	0	0	0	0	0	0	0	0	0	0	0	0	0	3170	174	7016	300	974	0	3048	188	3204	282	5076	174	19862	2284	0	546	5386	0	236	642	1386	956	1504	3762	1702	592	
212228	Cerebelum_9_R	0	0	0	0	0	0	0	0	0	0	0	0	0	0	0	0	0	0	0	0	0	0	0	0	0	0	0	0	0	0	0	0	0	0	0	0	0	0	0	0	0	0	0	0	0	0	242	114	0	0	0	0	0	0	0	366	0	0	0	0	0	0	0	0	0	0	0	0	0	0	0	0	0	0	0	0	0	0	0	0	0	0	0	0	0	0	0	0	0	0	1518	7848	1164	12514	554	2558	2060	1894	1634	3310	366	4616	756	28732	546	0	0	1918	2474	3284	2568	1260	5900	6666	9706	1546	
35856	Cerebelum_10_L	0	0	0	0	0	0	0	0	0	0	0	0	0	0	0	0	0	0	0	0	0	0	0	0	0	0	0	0	0	0	0	0	0	0	0	0	0	0	0	0	0	0	0	0	0	0	0	0	0	0	0	0	0	0	0	0	0	0	0	0	0	0	0	0	0	0	0	0	0	0	0	0	0	0	0	0	0	0	0	0	0	0	0	0	0	0	0	0	0	0	1908	0	2412	0	0	0	240	0	1104	0	1852	0	3800	322	5386	0	0	0	0	0	0	0	282	468	154	0	
22028	Cerebelum_10_R	0	0	0	0	0	0	0	0	0	0	0	0	0	0	0	0	0	0	0	0	0	0	0	0	0	0	0	0	0	0	0	0	0	0	0	0	0	0	0	0	0	0	0	0	0	0	0	0	0	0	0	0	0	0	0	0	0	0	0	0	0	0	0	0	0	0	0	0	0	0	0	0	0	0	0	0	0	0	0	0	0	0	0	0	0	0	0	0	0	0	0	2688	0	1142	0	0	0	162	0	2198	0	0	0	2492	0	1918	0	0	0	0	0	0	0	0	414	0	
92224	Vermis_1_2	0	0	0	0	0	0	0	0	0	0	0	0	0	0	0	0	0	0	0	0	0	0	0	0	0	0	0	0	0	0	0	0	0	0	0	0	148	0	394	0	0	0	0	0	0	0	468	190	0	0	0	0	0	0	192	0	0	0	0	0	0	0	0	0	0	0	0	0	0	0	0	0	0	0	0	0	0	0	0	0	0	0	0	0	0	0	0	0	0	0	2558	1256	1078	1984	986	2926	4752	596	3982	854	0	0	0	2018	236	2474	0	0	0	7954	4860	798	1466	1676	1974	292	
141404	Vermis_3	0	0	0	0	0	0	0	0	0	0	0	0	0	0	0	0	0	0	0	0	0	0	0	0	0	0	0	0	0	0	0	0	0	0	0	0	182	0	514	0	0	0	0	0	0	0	748	378	0	0	0	0	0	0	232	86	0	0	0	0	0	0	0	0	0	0	0	0	0	0	0	0	0	0	0	0	0	0	0	0	0	0	0	0	0	0	0	0	0	0	4008	1752	1648	2930	3658	4474	8990	1974	5902	1298	0	0	158	2952	642	3284	0	0	7954	0	8224	950	2114	2396	2906	348	
394276	Vermis_4_5	0	394	0	82	0	0	0	0	0	0	0	0	0	0	0	0	0	0	0	0	0	0	0	0	0	0	0	0	0	0	0	0	0	0	0	1232	0	1436	0	652	0	0	112	110	0	0	9746	5866	0	0	0	0	0	0	3728	1564	0	0	0	0	0	0	0	0	0	0	0	1750	0	0	0	0	0	0	0	0	0	1018	0	0	0	0	0	0	0	0	0	0	0	0	14104	18362	3610	4696	1462	1702	25516	20792	22624	21258	104	0	258	3468	1386	2568	0	0	4860	8224	0	5986	2136	2168	2740	1424	
305604	Vermis_6	0	0	0	0	0	0	0	0	0	0	0	0	0	0	0	0	0	0	0	0	0	0	0	0	0	0	0	0	0	0	0	0	0	0	0	0	0	0	0	0	0	0	0	0	0	0	4388	11552	0	0	0	0	0	0	3194	2140	0	0	0	0	0	0	0	0	0	0	0	0	0	0	0	0	0	0	0	0	0	0	0	0	0	0	0	0	0	0	0	0	0	0	15018	21182	4160	7612	136	0	4488	1498	22678	23458	2036	0	2996	500	956	1260	0	0	798	950	5986	0	9608	1306	1542	3360	
240560	Vermis_7	0	0	0	0	0	0	0	0	0	0	0	0	0	0	0	0	0	0	0	0	0	0	0	0	0	0	0	0	0	0	0	0	0	0	0	0	0	0	0	0	0	0	0	0	0	0	948	2454	0	0	0	0	0	0	486	266	0	0	0	0	0	0	0	0	0	0	0	0	0	0	0	0	0	0	0	0	0	0	0	0	0	0	0	0	0	0	0	0	0	0	6936	10200	7044	13862	416	1246	2022	848	5836	9148	2848	560	4944	7876	1504	5900	282	0	1466	2114	2136	9608	0	10782	7014	1534	
