data	data	508052	309736	1.63077e+06	1.19221e+06	272632	173984	606700	412264	132568	25344	305236	202688	377524	259860	251024	89152	244432	84604	1.22091e+06	1.09882e+06	102000	107940	794644	700444	60516	167680	87936	83480	690184	447408	692220	854476	328120	878712	135276	139528	253808	275224	79696	143088	63804	48968	253584	241912	123920	192264	225844	225876	123656	217188	474576	218156	232016	110312	330180	325772	310000	135056	124424	43896	224228	130052	109252	103480	114764	144332	219248	241972	242476	194788	376356	552948	404488	352948	44340	73084	168144	156816	69956	38656	196836	83368	127596	34336	411208	157964	18128	13596	388116	181308	318396	220872	217244	149716	12612	45064	193712	136424	288012	243812	134580	32452	180756	159608	84040	83832	31796	2700	15504	42904	131224	128216	112152	81860	64368	35976	
data	data	Precentral_L	Precentral_R	Frontal_Sup_L	Frontal_Sup_R	Frontal_Sup_Orb_L	Frontal_Sup_Orb_R	Frontal_Mid_L	Frontal_Mid_R	Frontal_Mid_Orb_L	Frontal_Mid_Orb_R	Frontal_Inf_Oper_L	Frontal_Inf_Oper_R	Frontal_Inf_Tri_L	Frontal_Inf_Tri_R	Frontal_Inf_Orb_L	Frontal_Inf_Orb_R	Rolandic_Oper_L	Rolandic_Oper_R	Supp_Motor_Area_L	Supp_Motor_Area_R	Olfactory_L	Olfactory_R	Frontal_Sup_Medial_L	Frontal_Sup_Medial_R	Frontal_Med_Orb_L	Frontal_Med_Orb_R	Rectus_L	Rectus_R	Insula_L	Insula_R	Cingulum_Ant_L	Cingulum_Ant_R	Cingulum_Mid_L	Cingulum_Mid_R	Cingulum_Post_L	Cingulum_Post_R	Hippocampus_L	Hippocampus_R	ParaHippocampal_L	ParaHippocampal_R	Amygdala_L	Amygdala_R	Calcarine_L	Calcarine_R	Cuneus_L	Cuneus_R	Lingual_L	Lingual_R	Occipital_Sup_L	Occipital_Sup_R	Occipital_Mid_L	Occipital_Mid_R	Occipital_Inf_L	Occipital_Inf_R	Fusiform_L	Fusiform_R	Postcentral_L	Postcentral_R	Parietal_Sup_L	Parietal_Sup_R	Parietal_Inf_L	Parietal_Inf_R	SupraMarginal_L	SupraMarginal_R	Angular_L	Angular_R	Precuneus_L	Precuneus_R	Paracentral_Lobule_L	Paracentral_Lobule_R	Caudate_L	Caudate_R	Putamen_L	Putamen_R	Pallidum_L	Pallidum_R	Thalamus_L	Thalamus_R	Heschl_L	Heschl_R	Temporal_Sup_L	Temporal_Sup_R	Temporal_Pole_Sup_L	Temporal_Pole_Sup_R	Temporal_Mid_L	Temporal_Mid_R	Temporal_Pole_Mid_L	Temporal_Pole_Mid_R	Temporal_Inf_L	Temporal_Inf_R	Cerebelum_Crus1_L	Cerebelum_Crus1_R	Cerebelum_Crus2_L	Cerebelum_Crus2_R	Cerebelum_3_L	Cerebelum_3_R	Cerebelum_4_5_L	Cerebelum_4_5_R	Cerebelum_6_L	Cerebelum_6_R	Cerebelum_7b_L	Cerebelum_7b_R	Cerebelum_8_L	Cerebelum_8_R	Cerebelum_9_L	Cerebelum_9_R	Cerebelum_10_L	Cerebelum_10_R	Vermis_1_2	Vermis_3	Vermis_4_5	Vermis_6	Vermis_7	Vermis_8	Vermis_9	Vermis_10	
508052	Precentral_L	0	7492	19858	1580	0	0	32012	152	0	0	10732	0	2388	0	0	0	9326	0	18688	11170	0	0	264	0	0	0	0	0	8470	0	292	0	2160	7080	6160	790	3020	622	202	316	0	0	572	0	0	0	168	0	0	0	4406	0	3880	0	870	266	41730	0	296	0	6582	0	1278	0	292	0	1768	0	19350	0	2536	272	1374	0	414	0	9334	144	1850	0	1204	0	0	0	7810	0	0	0	4856	0	0	0	0	0	0	0	0	0	0	0	0	0	0	0	0	0	0	0	0	0	0	0	0	0	0	0	
309736	Precentral_R	7492	0	2794	8266	0	0	686	19132	0	0	0	3026	0	0	0	0	800	974	6064	19380	0	0	0	0	0	0	0	0	344	1106	142	388	0	6930	1196	4618	168	3074	0	272	0	0	0	0	0	0	0	0	0	386	0	262	0	1128	0	1298	1006	14630	0	0	0	2688	0	1546	0	1000	0	720	6334	12320	1848	5008	220	3060	0	2090	1498	6218	146	474	0	162	0	0	0	1296	0	0	0	2678	0	0	0	0	0	0	0	0	0	0	0	0	0	0	0	0	0	0	0	0	0	0	0	0	0	0	
1.63077e+06	Frontal_Sup_L	19858	2794	0	29792	18324	252	86108	5148	3068	0	25962	4830	36134	1600	11910	0	16532	772	139562	40208	0	0	76840	23314	1184	874	478	0	52654	4014	45240	21150	12322	27726	600	442	3992	532	0	182	0	0	0	0	0	0	0	0	0	0	0	0	0	0	1414	0	8296	0	0	0	426	0	288	0	0	0	0	0	3486	0	18126	8802	29064	3960	4472	534	4568	492	1496	0	8310	0	4126	0	344	0	0	0	2514	0	270	0	0	0	0	0	0	0	0	0	0	0	0	0	0	0	0	0	0	0	0	0	0	0	0	0	
1.19221e+06	Frontal_Sup_R	1580	8266	29792	0	146	6666	2072	52984	0	0	616	7444	288	15944	0	3922	196	6952	35102	82900	0	146	34828	67558	472	3862	0	286	472	22348	14082	53084	5782	41640	356	590	0	3092	0	1216	0	152	0	0	0	0	0	0	0	0	0	0	0	0	0	538	576	490	0	0	0	0	0	0	0	0	0	0	0	468	8476	34082	4910	16908	0	5806	1006	15918	0	1180	0	616	0	296	0	0	0	0	0	0	0	0	0	0	0	0	0	0	0	0	0	0	0	0	0	0	0	0	0	0	0	0	0	0	0	0	
272632	Frontal_Sup_Orb_L	0	0	18324	146	0	196	2900	0	17682	0	764	0	5870	0	21964	0	146	0	2208	0	1526	732	6910	1332	4764	966	7366	0	19174	0	7850	764	0	0	0	0	312	0	0	0	0	0	0	0	0	0	0	0	0	0	0	0	0	0	0	0	0	0	0	0	0	0	0	0	0	0	0	0	0	0	1296	0	9848	0	0	0	0	0	0	0	198	0	3078	0	0	0	0	0	0	0	0	0	0	0	0	0	0	0	0	0	0	0	0	0	0	0	0	0	0	0	0	0	0	0	0	0	
173984	Frontal_Sup_Orb_R	0	0	252	6666	196	0	0	874	0	3784	0	726	0	2000	0	7786	0	0	326	396	672	3146	574	9318	174	10700	416	9702	0	7016	1050	5898	0	0	0	0	0	0	0	0	0	0	0	0	0	0	0	0	0	0	0	0	0	0	0	0	0	0	0	0	0	0	0	0	0	0	0	0	0	0	698	5262	196	9164	0	0	0	0	0	0	0	0	0	0	0	0	0	0	0	0	0	0	0	0	0	0	0	0	0	0	0	0	0	0	0	0	0	0	0	0	0	0	0	0	0	0	
606700	Frontal_Mid_L	32012	686	86108	2072	2900	0	0	0	3924	0	19564	0	45408	0	10426	0	7188	0	5936	1962	0	0	19472	1774	0	0	0	0	24364	0	10102	1572	2134	1736	866	568	1790	482	0	246	0	0	0	0	0	0	0	0	0	0	0	0	220	0	0	202	7130	0	0	0	714	0	406	0	0	0	266	0	392	0	1056	0	578	0	322	0	4474	0	1174	0	1720	0	1234	0	170	0	0	0	0	0	0	0	0	0	0	0	0	0	0	0	0	0	0	0	0	0	0	0	0	0	0	0	0	0	0	0	
412264	Frontal_Mid_R	152	19132	5148	52984	0	874	0	0	0	1762	0	8464	0	17270	0	3374	0	1440	6154	10670	0	0	3138	13614	196	158	0	0	0	9466	3490	10192	404	10514	460	990	0	2336	0	286	0	0	0	0	0	0	0	0	0	0	0	0	0	0	0	144	0	0	0	0	0	0	0	0	0	0	0	0	0	0	816	4516	672	7738	0	3306	848	5068	0	356	0	0	0	0	0	0	0	0	0	0	0	0	0	0	0	0	0	0	0	0	0	0	0	0	0	0	0	0	0	0	0	0	0	0	0	0	
132568	Frontal_Mid_Orb_L	0	0	3068	0	17682	0	3924	0	0	0	0	0	3460	0	21640	0	0	0	0	0	182	0	176	0	518	0	2824	0	6100	0	562	0	0	0	0	0	0	0	0	0	0	0	0	0	0	0	0	0	0	0	0	0	0	0	0	0	0	0	0	0	0	0	0	0	0	0	0	0	0	0	142	0	3254	0	0	0	0	0	0	0	0	0	2752	0	0	0	0	0	0	0	0	0	0	0	0	0	0	0	0	0	0	0	0	0	0	0	0	0	0	0	0	0	0	0	0	0	
25344	Frontal_Mid_Orb_R	0	0	0	0	0	3784	0	1762	0	0	0	0	0	450	0	5764	0	0	0	0	0	162	0	0	0	0	0	304	0	446	0	0	0	0	0	0	0	0	0	0	0	0	0	0	0	0	0	0	0	0	0	0	0	0	0	0	0	0	0	0	0	0	0	0	0	0	0	0	0	0	0	0	0	0	0	0	0	0	0	0	0	0	0	0	0	0	0	0	0	0	0	0	0	0	0	0	0	0	0	0	0	0	0	0	0	0	0	0	0	0	0	0	0	0	0	0	
305236	Frontal_Inf_Oper_L	10732	0	25962	616	764	0	19564	0	0	0	0	168	18312	0	336	0	8804	0	13988	1490	0	0	3552	532	0	0	0	0	18716	530	8274	1108	260	866	0	0	420	0	262	0	0	0	0	0	0	0	0	0	0	0	0	0	0	0	826	0	4266	0	0	0	0	0	0	0	0	0	0	0	0	0	848	330	852	0	0	0	202	0	0	0	3952	0	4978	0	262	0	0	0	846	0	0	0	0	0	0	0	0	0	0	0	0	0	0	0	0	0	0	0	0	0	0	0	0	0	0	0	
202688	Frontal_Inf_Oper_R	0	3026	4830	7444	0	726	0	8464	0	0	168	0	0	10050	0	0	0	2502	5088	3848	0	0	1750	2632	218	1660	0	0	146	15070	3692	7490	0	1888	0	0	0	156	0	0	0	0	0	0	0	0	0	0	0	0	0	0	0	0	0	0	0	2098	0	0	0	0	0	0	0	0	0	0	0	0	3546	9196	878	3874	0	330	0	0	0	0	0	208	0	366	0	0	0	0	0	0	0	0	0	0	0	0	0	0	0	0	0	0	0	0	0	0	0	0	0	0	0	0	0	0	0	0	
377524	Frontal_Inf_Tri_L	2388	0	36134	288	5870	0	45408	0	3460	0	18312	0	0	0	17388	0	392	0	5722	670	0	0	8808	1094	0	0	0	0	28286	0	9762	1010	168	288	0	0	0	0	0	0	0	0	0	0	0	0	0	0	0	0	0	0	0	0	0	0	884	0	0	0	0	0	0	0	0	0	0	0	0	0	0	0	734	0	0	0	0	0	0	0	0	0	1696	0	0	0	0	0	0	0	0	0	0	0	0	0	0	0	0	0	0	0	0	0	0	0	0	0	0	0	0	0	0	0	0	0	
259860	Frontal_Inf_Tri_R	0	0	1600	15944	0	2000	0	17270	0	450	0	10050	0	0	0	6574	0	0	2342	5468	0	0	2350	10156	262	1570	0	0	0	21366	4840	13760	218	4910	0	0	0	0	0	0	0	0	0	0	0	0	0	0	0	0	0	0	0	0	0	0	0	0	0	0	0	0	0	0	0	0	0	0	0	0	806	4410	432	3000	0	152	0	0	0	0	0	0	0	0	0	0	0	0	0	0	0	0	0	0	0	0	0	0	0	0	0	0	0	0	0	0	0	0	0	0	0	0	0	0	0	0	
251024	Frontal_Inf_Orb_L	0	0	11910	0	21964	0	10426	0	21640	0	336	0	17388	0	0	0	0	0	368	0	2668	580	1346	0	0	0	2238	0	18804	0	670	0	0	0	0	0	956	0	380	0	1102	0	0	0	0	0	0	0	0	0	0	0	0	0	438	0	0	0	0	0	0	0	0	0	0	0	0	0	0	0	850	0	4872	0	0	0	0	0	0	0	0	0	6408	0	0	0	0	0	168	0	0	0	0	0	0	0	0	0	0	0	0	0	0	0	0	0	0	0	0	0	0	0	0	0	0	0	
89152	Frontal_Inf_Orb_R	0	0	0	3922	0	7786	0	3374	0	5764	0	0	0	6574	0	0	0	0	0	0	0	1298	0	1570	0	146	0	996	0	9936	0	1244	0	0	0	0	0	0	0	0	0	0	0	0	0	0	0	0	0	0	0	0	0	0	0	0	0	0	0	0	0	0	0	0	0	0	0	0	0	0	0	584	0	1382	0	0	0	0	0	0	0	0	0	0	0	0	0	0	0	0	0	0	0	0	0	0	0	0	0	0	0	0	0	0	0	0	0	0	0	0	0	0	0	0	0	0	
244432	Rolandic_Oper_L	9326	800	16532	196	146	0	7188	0	0	0	8804	0	392	0	0	0	0	0	12654	500	0	0	0	0	0	0	0	0	21698	250	262	0	0	306	0	0	526	0	0	0	0	0	0	0	0	0	0	0	0	0	486	0	348	0	278	0	9172	0	372	0	1116	0	900	0	660	0	0	0	164	0	474	170	920	0	0	0	5320	0	4404	0	10436	0	2258	0	3042	0	0	0	2116	0	0	0	0	0	0	0	0	0	0	0	0	0	0	0	0	0	0	0	0	0	0	0	0	0	0	0	
84604	Rolandic_Oper_R	0	974	772	6952	0	0	0	1440	0	0	0	2502	0	0	0	0	0	0	812	788	0	0	0	324	0	0	0	0	0	9732	0	194	0	0	0	0	0	770	0	0	0	0	0	0	0	0	0	0	0	0	0	0	0	0	0	0	0	3788	0	0	0	0	0	1794	0	168	0	0	0	232	528	1916	0	1688	0	846	0	234	0	3750	0	1594	0	504	0	0	0	0	0	0	0	0	0	0	0	0	0	0	0	0	0	0	0	0	0	0	0	0	0	0	0	0	0	0	0	0	
1.22091e+06	Supp_Motor_Area_L	18688	6064	139562	35102	2208	326	5936	6154	0	0	13988	5088	5722	2342	368	0	12654	812	0	80258	0	0	14038	8706	342	630	0	0	28260	4160	20318	15950	21116	46648	1880	1642	3604	252	0	0	0	0	0	0	0	0	0	0	0	0	0	0	0	0	1350	0	7876	0	0	0	328	0	284	0	0	0	0	0	12830	1406	19160	10246	26676	4286	6616	566	3460	310	1492	156	6178	0	1488	0	292	0	0	0	2366	0	270	0	0	0	0	0	0	0	0	0	0	0	0	0	0	0	0	0	0	0	0	0	0	0	0	0	
1.09882e+06	Supp_Motor_Area_R	11170	19380	40208	82900	0	396	1962	10670	0	0	1490	3848	670	5468	0	0	500	788	80258	0	0	0	8184	13528	240	778	0	0	514	6020	11016	21542	16618	78948	1076	7626	0	1834	0	758	0	0	0	310	0	206	0	194	0	3176	0	2594	0	2560	0	2282	1424	742	0	0	0	272	0	504	0	300	194	3686	7900	24240	8432	26756	4118	8356	0	2120	894	13442	0	478	0	194	0	0	0	2166	0	0	0	3480	0	0	0	0	0	0	0	0	0	0	0	0	0	0	0	0	0	0	0	0	0	0	0	0	0	0	
102000	Olfactory_L	0	0	0	0	1526	672	0	0	182	0	0	0	0	0	2668	0	0	0	0	0	0	7206	0	0	488	698	5146	1450	2332	0	3104	2564	0	0	0	0	1814	0	1252	0	2586	0	0	0	0	0	0	0	0	0	0	0	0	0	1392	0	0	0	0	0	0	0	0	0	0	0	0	0	0	0	7762	3028	3736	284	140	0	0	0	0	0	0	0	970	0	0	0	0	0	0	0	0	0	0	0	0	0	0	0	0	0	0	0	0	0	0	0	0	0	0	0	0	0	0	0	0	0	
107940	Olfactory_R	0	0	0	146	732	3146	0	0	0	162	0	0	0	0	580	1298	0	0	0	0	7206	0	0	198	0	1750	4400	4462	0	2768	2218	3036	0	0	0	0	0	480	0	288	0	700	0	0	0	0	0	0	0	0	0	0	0	0	0	0	0	0	0	0	0	0	0	0	0	0	0	0	0	0	9000	5828	4672	900	0	0	0	0	0	0	0	0	0	0	0	0	0	0	0	0	0	0	0	0	0	0	0	0	0	0	0	0	0	0	0	0	0	0	0	0	0	0	0	0	0	0	
794644	Frontal_Sup_Medial_L	264	0	76840	34828	6910	574	19472	3138	176	0	3552	1750	8808	2350	1346	0	0	0	14038	8184	0	0	0	54474	3970	3526	818	0	7048	2444	50698	41022	13242	30884	0	0	0	0	0	0	0	0	0	0	0	0	0	0	0	0	0	0	0	0	0	0	0	0	0	0	0	0	0	0	0	0	0	0	0	0	812	1974	3612	386	0	0	0	182	0	0	0	0	0	0	0	0	0	0	0	0	0	0	0	0	0	0	0	0	0	0	0	0	0	0	0	0	0	0	0	0	0	0	0	0	0	0	
700444	Frontal_Sup_Medial_R	0	0	23314	67558	1332	9318	1774	13614	0	0	532	2632	1094	10156	0	1570	0	324	8706	13528	0	198	54474	0	1020	12110	0	710	1056	10458	17264	50524	4504	32256	0	0	0	0	0	0	0	0	0	0	0	0	0	0	0	0	0	0	0	0	0	0	0	0	0	0	0	0	0	0	0	0	0	0	0	0	360	5024	292	4520	0	0	0	0	0	0	0	0	0	0	0	0	0	0	0	0	0	0	0	0	0	0	0	0	0	0	0	0	0	0	0	0	0	0	0	0	0	0	0	0	0	0	
60516	Frontal_Med_Orb_L	0	0	1184	472	4764	174	0	196	518	0	0	218	0	262	0	0	0	0	342	240	488	0	3970	1020	0	1782	2030	0	238	0	7792	1034	0	198	0	0	0	0	0	0	0	0	0	0	0	0	0	0	0	0	0	0	0	0	0	0	0	0	0	0	0	0	0	0	0	0	0	0	0	0	1746	234	1160	196	0	0	0	0	0	0	0	0	0	0	0	0	0	0	0	0	0	0	0	0	0	0	0	0	0	0	0	0	0	0	0	0	0	0	0	0	0	0	0	0	0	0	
167680	Frontal_Med_Orb_R	0	0	874	3862	966	10700	0	158	0	0	0	1660	0	1570	0	146	0	0	630	778	698	1750	3526	12110	1782	0	316	7748	0	2850	3800	11682	0	454	0	0	0	0	0	0	0	0	0	0	0	0	0	0	0	0	0	0	0	0	0	0	0	0	0	0	0	0	0	0	0	0	0	0	0	0	544	8266	256	6714	0	0	0	0	0	0	0	0	0	0	0	0	0	0	0	0	0	0	0	0	0	0	0	0	0	0	0	0	0	0	0	0	0	0	0	0	0	0	0	0	0	0	
87936	Rectus_L	0	0	478	0	7366	416	0	0	2824	0	0	0	0	0	2238	0	0	0	0	0	5146	4400	818	0	2030	316	0	1052	470	0	5238	2112	0	0	0	0	0	0	0	0	0	0	0	0	0	0	0	0	0	0	0	0	0	0	0	0	0	0	0	0	0	0	0	0	0	0	0	0	0	0	5004	1668	2166	226	0	0	0	0	0	0	0	0	0	0	0	0	0	0	0	0	0	0	0	0	0	0	0	0	0	0	0	0	0	0	0	0	0	0	0	0	0	0	0	0	0	0	
83480	Rectus_R	0	0	0	286	0	9702	0	0	0	304	0	0	0	0	0	996	0	0	0	0	1450	4462	0	710	0	7748	1052	0	0	948	626	2952	0	0	0	0	0	0	0	0	0	0	0	0	0	0	0	0	0	0	0	0	0	0	0	0	0	0	0	0	0	0	0	0	0	0	0	0	0	0	1254	4634	560	4056	0	0	0	0	0	0	0	0	0	0	0	0	0	0	0	0	0	0	0	0	0	0	0	0	0	0	0	0	0	0	0	0	0	0	0	0	0	0	0	0	0	0	
690184	Insula_L	8470	344	52654	472	19174	0	24364	0	6100	0	18716	146	28286	0	18804	0	21698	0	28260	514	2332	0	7048	1056	238	0	470	0	0	612	9632	956	0	206	212	0	11056	0	1288	0	3230	0	196	0	0	0	0	0	0	0	534	0	1410	0	6114	0	3350	0	0	0	628	0	782	0	0	0	298	0	0	0	1862	398	17652	0	140	0	1946	0	5762	0	13604	0	9834	0	4924	0	0	0	8932	0	388	0	0	0	0	0	0	0	0	0	0	0	0	0	0	0	0	0	0	0	0	0	0	0	0	0	
447408	Insula_R	0	1106	4014	22348	0	7016	0	9466	0	446	530	15070	0	21366	0	9936	250	9732	4160	6020	0	2768	2444	10458	0	2850	0	948	612	0	4882	16232	164	3364	0	158	0	5942	0	1870	0	1660	0	0	0	0	0	0	0	0	0	0	0	0	0	3956	0	2286	0	0	0	0	0	164	0	0	0	0	0	190	4826	15610	1148	18732	0	514	0	740	0	1140	0	3732	280	950	0	514	0	0	0	3110	0	0	0	0	0	0	0	0	0	0	0	0	0	0	0	0	0	0	0	0	0	0	0	0	0	0	
692220	Cingulum_Ant_L	292	142	45240	14082	7850	1050	10102	3490	562	0	8274	3692	9762	4840	670	0	262	0	20318	11016	3104	2218	50698	17264	7792	3800	5238	626	9632	4882	0	42264	11508	13640	0	0	0	0	0	0	0	0	0	0	0	0	0	0	0	0	0	0	0	0	0	0	0	0	0	0	0	0	0	0	0	0	0	0	0	0	9556	7318	11850	2062	0	270	0	486	0	0	0	0	258	0	0	0	0	0	0	0	0	0	0	0	0	0	0	0	0	0	0	0	0	0	0	0	0	0	0	0	0	0	0	0	0	0	
854476	Cingulum_Ant_R	0	388	21150	53084	764	5898	1572	10192	0	0	1108	7490	1010	13760	0	1244	0	194	15950	21542	2564	3036	41022	50524	1034	11682	2112	2952	956	16232	42264	0	9356	41986	0	0	0	0	0	0	0	0	0	0	0	0	0	0	0	0	0	0	0	0	0	0	0	0	0	0	0	0	0	0	0	0	0	0	0	0	6410	24080	2756	10942	0	1346	0	638	0	0	0	0	0	0	0	0	0	0	0	0	0	0	0	0	0	0	0	0	0	0	0	0	0	0	0	0	0	0	0	0	0	0	0	0	0	0	
328120	Cingulum_Mid_L	2160	0	12322	5782	0	0	2134	404	0	0	260	0	168	218	0	0	0	0	21116	16618	0	0	13242	4504	0	0	0	0	0	164	11508	9356	0	29230	4396	1226	0	0	0	0	0	0	1408	0	426	702	0	0	1132	664	3432	636	558	0	142	0	388	0	0	0	0	0	0	0	0	0	4650	1722	9502	1280	0	0	0	0	0	0	0	0	0	0	0	0	0	0	1478	290	0	0	842	0	0	0	0	0	0	0	0	0	0	0	0	0	0	0	0	0	0	0	0	0	0	0	0	0	0	0	
878712	Cingulum_Mid_R	7080	6930	27726	41640	0	0	1736	10514	0	0	866	1888	288	4910	0	0	306	0	46648	78948	0	0	30884	32256	198	454	0	0	206	3364	13640	41986	29230	0	638	5674	0	142	0	0	0	0	0	962	0	1120	0	140	0	3448	0	3898	0	1492	0	1154	520	480	0	0	0	146	0	502	0	190	486	7256	5988	14746	2090	1046	678	882	0	196	184	0	0	0	0	0	0	0	0	2160	0	0	0	1440	0	0	0	0	0	0	0	0	0	0	0	0	0	0	0	0	0	0	0	0	0	0	0	0	0	0	
135276	Cingulum_Post_L	6160	1196	600	356	0	0	866	460	0	0	0	0	0	0	0	0	0	0	1880	1076	0	0	0	0	0	0	0	0	212	0	0	0	4396	638	0	7662	6318	4320	1500	1488	0	0	2238	0	386	0	1626	0	0	0	1450	0	1350	0	462	1292	1234	0	0	0	146	0	0	0	0	0	5710	788	4686	612	292	0	248	0	0	0	3154	830	276	0	0	0	0	0	1320	0	0	0	410	0	0	0	0	0	0	0	0	0	0	0	0	0	0	0	0	0	0	0	0	0	0	0	0	0	0	0	
139528	Cingulum_Post_R	790	4618	442	590	0	0	568	990	0	0	0	0	0	0	0	0	0	0	1642	7626	0	0	0	0	0	0	0	0	0	158	0	0	1226	5674	7662	0	3334	7782	0	2802	0	0	0	706	0	0	0	1458	0	0	0	0	0	198	0	2380	0	0	0	0	0	0	0	0	0	0	414	5334	0	4360	260	0	212	174	0	0	4514	2528	0	150	0	0	0	0	0	0	0	0	0	862	0	0	0	0	0	0	0	0	0	0	0	0	0	0	0	0	0	0	0	0	310	0	0	0	0	0	
253808	Hippocampus_L	3020	168	3992	0	312	0	1790	0	0	0	420	0	0	0	956	0	526	0	3604	0	1814	0	0	0	0	0	0	0	11056	0	0	0	0	0	6318	3334	0	2782	13046	1080	10156	0	1296	0	0	0	2522	216	0	0	0	0	1388	0	19646	894	1218	0	0	0	0	0	0	0	0	0	4586	788	0	0	1324	0	5368	0	412	0	4214	0	1914	0	1256	0	2056	0	400	0	226	0	12324	0	482	0	0	0	0	0	0	0	0	0	0	0	0	0	0	0	0	0	0	0	0	0	0	0	0	0	
275224	Hippocampus_R	622	3074	532	3092	0	0	482	2336	0	0	0	156	0	0	0	0	0	770	252	1834	0	480	0	0	0	0	0	0	0	5942	0	0	0	142	4320	7782	2782	0	0	22888	0	8022	0	1158	0	0	0	3066	0	0	0	0	0	274	0	25668	0	1440	0	0	0	0	0	450	0	0	308	4274	0	302	344	2360	180	8784	0	930	3614	5048	0	1440	0	2712	0	1074	0	0	0	0	0	7942	0	0	0	0	0	0	0	466	0	0	0	0	0	0	0	0	0	0	0	0	270	0	0	0	0	0	
79696	ParaHippocampal_L	202	0	0	0	0	0	0	0	0	0	262	0	0	0	380	0	0	0	0	0	1252	0	0	0	0	0	0	0	1288	0	0	0	0	0	1500	0	13046	0	0	0	3542	0	1198	0	0	0	2768	0	0	0	0	0	240	0	6864	0	140	0	0	0	0	0	0	0	0	0	2826	0	0	0	0	0	834	0	0	0	562	0	0	0	0	0	1010	0	0	0	338	0	1392	0	0	0	0	0	0	0	204	0	0	0	0	0	0	0	0	0	0	0	0	0	0	0	0	0	0	0	
143088	ParaHippocampal_R	316	272	182	1216	0	0	246	286	0	0	0	0	0	0	0	0	0	0	0	758	0	288	0	0	0	0	0	0	0	1870	0	0	0	0	1488	2802	1080	22888	0	0	0	5060	0	762	0	0	0	3788	0	0	0	0	0	326	0	14186	0	0	0	0	0	0	0	0	0	0	0	2748	0	0	0	246	0	3034	0	0	1436	1850	0	0	0	0	0	1226	0	0	0	726	0	1002	0	0	0	0	0	0	0	1118	0	174	0	0	0	0	0	0	0	0	0	0	170	0	0	0	0	0	
63804	Amygdala_L	0	0	0	0	0	0	0	0	0	0	0	0	0	0	1102	0	0	0	0	0	2586	0	0	0	0	0	0	0	3230	0	0	0	0	0	0	0	10156	0	3542	0	0	0	0	0	0	0	0	0	0	0	0	0	0	0	6600	0	0	0	0	0	0	0	0	0	0	0	0	0	0	0	0	0	648	0	0	0	0	0	0	0	0	0	1524	0	0	0	228	0	2286	0	0	0	0	0	0	0	0	0	0	0	0	0	0	0	0	0	0	0	0	0	0	0	0	0	0	0	
48968	Amygdala_R	0	0	0	152	0	0	0	0	0	0	0	0	0	0	0	0	0	0	0	0	0	700	0	0	0	0	0	0	0	1660	0	0	0	0	0	0	0	8022	0	5060	0	0	0	0	0	0	0	0	0	0	0	0	0	0	0	4404	0	0	0	0	0	0	0	0	0	0	0	0	0	0	0	0	0	2026	0	0	0	0	0	0	0	0	0	2232	0	0	0	228	0	0	0	0	0	0	0	0	0	0	0	0	0	0	0	0	0	0	0	0	0	0	0	0	0	0	0	0	
253584	Calcarine_L	572	0	0	0	0	0	0	0	0	0	0	0	0	0	0	0	0	0	0	0	0	0	0	0	0	0	0	0	196	0	0	0	1408	0	2238	0	1296	0	1198	0	0	0	0	7474	15184	5122	15182	3158	10176	2100	23744	942	11408	354	3382	0	0	0	0	0	0	0	0	0	0	0	9198	282	1424	0	0	0	0	0	0	0	0	0	0	0	0	0	0	0	7462	0	0	0	3292	0	0	0	0	0	0	0	0	0	0	0	0	0	0	0	0	0	0	0	0	0	0	0	0	0	0	0	
241912	Calcarine_R	0	0	0	0	0	0	0	0	0	0	0	0	0	0	0	0	0	0	0	310	0	0	0	0	0	0	0	0	0	0	0	0	0	962	0	706	0	1158	0	762	0	0	7474	0	1260	19124	4226	17966	0	12864	0	12484	0	10636	0	5366	0	0	0	0	0	434	0	0	0	442	0	11992	0	310	0	0	0	0	0	0	0	0	0	430	0	468	0	0	0	2904	0	0	0	8420	0	0	0	0	0	0	0	0	0	258	0	0	0	0	0	0	0	0	0	0	0	0	0	0	0	0	
123920	Cuneus_L	0	0	0	0	0	0	0	0	0	0	0	0	0	0	0	0	0	0	0	0	0	0	0	0	0	0	0	0	0	0	0	0	426	0	386	0	0	0	0	0	0	0	15184	1260	0	2876	1636	0	15130	906	11146	0	1872	0	878	0	0	0	2476	0	0	0	0	0	0	0	5116	302	410	0	0	0	0	0	0	0	0	0	0	0	0	0	0	0	1406	0	0	0	550	0	0	0	0	0	0	0	0	0	0	0	0	0	0	0	0	0	0	0	0	0	0	0	0	0	0	0	
192264	Cuneus_R	0	0	0	0	0	0	0	0	0	0	0	0	0	0	0	0	0	0	0	206	0	0	0	0	0	0	0	0	0	0	0	0	702	1120	0	0	0	0	0	0	0	0	5122	19124	2876	0	1986	5430	0	25760	164	12334	0	666	0	170	0	0	0	712	0	0	0	0	0	0	3762	10954	282	218	0	0	0	0	0	0	0	0	0	0	0	0	0	0	0	4146	0	0	0	398	0	0	0	0	0	0	0	0	0	0	0	0	0	0	0	0	0	0	0	0	0	0	0	0	0	0	
225844	Lingual_L	168	0	0	0	0	0	0	0	0	0	0	0	0	0	0	0	0	0	0	0	0	0	0	0	0	0	0	0	0	0	0	0	0	0	1626	0	2522	0	2768	0	0	0	15182	4226	1636	1986	0	5282	2336	2066	15902	1508	10426	320	10918	640	0	0	0	0	0	0	0	0	0	0	4232	0	498	0	0	0	0	0	0	0	198	0	0	0	0	0	0	0	550	0	0	0	1562	0	6006	0	0	0	190	0	6194	212	10714	486	0	0	0	0	0	0	0	0	0	0	792	1776	0	0	0	0	
225876	Lingual_R	0	0	0	0	0	0	0	0	0	0	0	0	0	0	0	0	0	0	0	194	0	0	0	0	0	0	0	0	0	0	0	0	0	140	0	1458	216	3066	0	3788	0	0	3158	17966	0	5430	5282	0	0	4936	0	5842	0	6324	254	12970	0	0	0	0	0	0	0	0	0	0	0	4918	0	0	0	0	0	0	0	0	0	0	0	0	0	0	0	0	0	438	0	0	0	696	1714	2514	866	176	0	0	918	5230	3952	7646	0	0	190	190	0	0	0	0	0	0	4712	6612	948	0	0	194	
123656	Occipital_Sup_L	0	0	0	0	0	0	0	0	0	0	0	0	0	0	0	0	0	0	0	0	0	0	0	0	0	0	0	0	0	0	0	0	1132	0	0	0	0	0	0	0	0	0	10176	0	15130	0	2336	0	0	0	21230	0	438	0	0	0	0	0	4004	0	954	0	0	0	0	0	5942	0	486	0	0	0	0	0	0	0	0	0	0	0	0	0	0	0	0	0	0	0	0	0	0	0	0	0	0	0	0	0	0	0	0	0	0	0	0	0	0	0	0	0	0	0	0	0	0	0	
217188	Occipital_Sup_R	0	386	0	0	0	0	0	0	0	0	0	0	0	0	0	0	0	0	0	3176	0	0	0	0	0	0	0	0	0	0	0	0	664	3448	0	0	0	0	0	0	0	0	2100	12864	906	25760	2066	4936	0	0	0	22362	0	954	0	226	0	1116	0	2898	0	1524	0	174	0	2730	2216	10184	300	3714	0	0	0	0	0	0	0	0	0	0	0	0	0	0	0	3890	0	0	0	0	0	0	0	0	0	0	0	0	0	0	0	0	0	0	0	0	0	0	0	0	0	0	0	0	0	0	
474576	Occipital_Mid_L	4406	0	0	0	0	0	0	0	0	0	0	0	0	0	0	0	486	0	0	0	0	0	0	0	0	0	0	0	534	0	0	0	3432	0	1450	0	0	0	0	0	0	0	23744	0	11146	164	15902	0	21230	0	0	164	30376	0	7474	0	5606	0	13502	0	13702	0	2132	0	13762	0	9910	506	14490	0	0	0	0	0	0	0	0	0	0	0	0	0	0	0	27790	0	0	0	15380	0	0	0	0	0	0	0	0	0	0	0	0	0	0	0	0	0	0	0	0	0	0	0	0	0	0	0	
218156	Occipital_Mid_R	0	262	0	0	0	0	0	0	0	0	0	0	0	0	0	0	0	0	0	2594	0	0	0	0	0	0	0	0	0	0	0	0	636	3898	0	0	0	0	0	0	0	0	942	12484	0	12334	1508	5842	0	22362	164	0	0	3754	0	1224	0	336	0	1612	0	2888	0	168	0	7954	2028	9490	310	2988	0	0	0	0	0	0	0	0	0	0	0	0	0	0	150	12450	0	0	144	556	0	0	0	0	0	0	0	0	0	0	0	0	0	0	0	0	0	0	0	0	0	0	0	0	0	0	
232016	Occipital_Inf_L	3880	0	0	0	0	0	220	0	0	0	0	0	0	0	0	0	348	0	0	0	0	0	0	0	0	0	0	0	1410	0	0	0	558	0	1350	0	1388	0	240	0	0	0	11408	0	1872	0	10426	0	438	0	30376	0	0	0	15662	0	340	0	0	0	0	0	142	0	0	0	3452	0	3732	0	0	0	0	0	0	0	0	0	1066	0	0	0	0	0	13038	0	0	0	12122	0	522	0	0	0	0	0	336	0	1682	0	0	0	0	0	0	0	0	0	0	0	0	0	0	0	0	0	
110312	Occipital_Inf_R	0	1128	0	0	0	0	0	0	0	0	0	0	0	0	0	0	0	0	0	2560	0	0	0	0	0	0	0	0	0	0	0	0	0	1492	0	198	0	274	0	326	0	0	354	10636	0	666	320	6324	0	954	0	3754	0	0	0	10350	0	0	0	0	0	438	0	0	0	444	0	2492	0	2734	0	0	0	0	0	0	0	0	0	0	0	0	0	0	0	2094	0	0	0	6008	0	476	0	0	0	0	0	0	188	636	0	0	0	0	0	0	0	0	0	0	0	310	0	0	0	0	
330180	Fusiform_L	870	0	1414	0	0	0	0	0	0	0	826	0	0	0	438	0	278	0	1350	0	1392	0	0	0	0	0	0	0	6114	0	0	0	142	0	462	0	19646	0	6864	0	6600	0	3382	0	878	0	10918	254	0	0	7474	0	15662	0	0	0	192	0	0	0	0	0	0	0	0	0	1814	0	302	0	0	0	1812	0	0	0	186	0	636	0	1006	0	2768	0	2048	0	1098	0	18628	0	17110	0	438	0	0	0	10690	0	20248	0	0	0	294	0	0	0	0	0	0	0	278	578	0	0	0	0	
325772	Fusiform_R	266	1298	0	538	0	0	202	144	0	0	0	0	0	0	0	0	0	0	0	2282	0	0	0	0	0	0	0	0	0	3956	0	0	0	1154	1292	2380	894	25668	0	14186	0	4404	0	5366	0	170	640	12970	0	226	0	1224	0	10350	0	0	0	288	0	0	0	0	0	0	0	0	0	3048	0	2034	0	198	0	1808	0	0	1240	1022	0	2670	0	6848	0	4836	0	1492	0	728	0	20362	832	4412	366	0	0	254	146	3942	1698	9230	0	0	0	0	0	0	0	0	0	0	2422	2818	582	0	0	0	
310000	Postcentral_L	41730	1006	8296	576	0	0	7130	0	0	0	4266	0	884	0	0	0	9172	0	7876	1424	0	0	0	0	0	0	0	0	3350	0	0	0	388	520	1234	0	1218	0	140	0	0	0	0	0	0	0	0	0	0	0	5606	0	340	0	192	0	0	0	7784	0	18698	0	6552	0	252	0	4988	0	4728	0	1406	258	1352	0	0	0	5398	0	2520	0	1294	0	0	0	2396	0	0	0	2026	0	0	0	0	0	0	0	0	0	0	0	0	0	0	0	0	0	0	0	0	0	0	0	0	0	0	0	
135056	Postcentral_R	0	14630	0	490	0	0	0	0	0	0	0	2098	0	0	0	0	0	3788	0	742	0	0	0	0	0	0	0	0	0	2286	0	0	0	480	0	0	0	1440	0	0	0	0	0	0	0	0	0	0	0	1116	0	336	0	0	0	288	0	0	0	4290	0	8928	0	9228	0	5560	0	1298	0	5738	0	1072	0	1590	0	540	0	550	0	236	0	212	0	0	0	252	0	0	0	340	0	0	0	0	0	0	0	0	0	0	0	0	0	0	0	0	0	0	0	0	0	0	0	0	0	0	
124424	Parietal_Sup_L	296	0	0	0	0	0	0	0	0	0	0	0	0	0	0	0	372	0	0	0	0	0	0	0	0	0	0	0	0	0	0	0	0	0	0	0	0	0	0	0	0	0	0	0	2476	0	0	0	4004	0	13502	0	0	0	0	0	7784	0	0	0	10682	0	420	0	2600	0	9600	0	3936	0	0	0	0	0	0	0	0	0	0	0	0	0	0	0	3280	0	0	0	3260	0	0	0	0	0	0	0	0	0	0	0	0	0	0	0	0	0	0	0	0	0	0	0	0	0	0	0	
43896	Parietal_Sup_R	0	0	0	0	0	0	0	0	0	0	0	0	0	0	0	0	0	0	0	0	0	0	0	0	0	0	0	0	0	0	0	0	0	0	0	0	0	0	0	0	0	0	0	0	0	712	0	0	0	2898	0	1612	0	0	0	0	0	4290	0	0	0	2564	0	726	0	4034	148	3806	0	1010	0	0	0	0	0	0	0	0	0	0	0	0	0	0	0	148	0	0	0	0	0	0	0	0	0	0	0	0	0	0	0	0	0	0	0	0	0	0	0	0	0	0	0	0	0	0	
224228	Parietal_Inf_L	6582	0	426	0	0	0	714	0	0	0	0	0	0	0	0	0	1116	0	328	0	0	0	0	0	0	0	0	0	628	0	0	0	0	0	146	0	0	0	0	0	0	0	0	0	0	0	0	0	954	0	13702	0	0	0	0	0	18698	0	10682	0	0	0	14926	0	17904	0	2594	148	2492	0	0	0	0	0	0	0	0	0	0	0	860	0	0	0	11768	0	0	0	7446	0	0	0	0	0	0	0	0	0	0	0	0	0	0	0	0	0	0	0	0	0	0	0	0	0	0	0	
130052	Parietal_Inf_R	0	2688	0	0	0	0	0	0	0	0	0	0	0	0	0	0	0	0	0	272	0	0	0	0	0	0	0	0	0	0	0	0	0	146	0	0	0	0	0	0	0	0	0	434	0	0	0	0	0	1524	0	2888	0	438	0	0	0	8928	0	2564	0	0	0	10702	0	24842	0	1236	0	2080	0	0	0	160	0	0	0	0	0	0	0	0	0	0	0	5776	0	0	0	348	0	0	0	0	0	0	0	0	0	0	0	0	0	0	0	0	0	0	0	0	0	0	0	0	0	0	
109252	SupraMarginal_L	1278	0	288	0	0	0	406	0	0	0	0	0	0	0	0	0	900	0	284	0	0	0	0	0	0	0	0	0	782	0	0	0	0	0	0	0	0	0	0	0	0	0	0	0	0	0	0	0	0	0	2132	0	142	0	0	0	6552	0	420	0	14926	0	0	0	6098	0	0	0	0	0	0	0	0	0	0	0	0	0	186	0	4372	0	0	0	11012	0	0	0	4848	0	0	0	0	0	0	0	0	0	0	0	0	0	0	0	0	0	0	0	0	0	0	0	0	0	0	0	
103480	SupraMarginal_R	0	1546	0	0	0	0	0	0	0	0	0	0	0	0	0	0	0	1794	0	504	0	0	0	0	0	0	0	0	0	164	0	0	0	502	0	0	0	450	0	0	0	0	0	0	0	0	0	0	0	174	0	168	0	0	0	0	0	9228	0	726	0	10702	0	0	0	11512	0	2934	0	1392	0	228	0	438	0	0	0	296	0	0	0	3502	0	0	0	5480	0	0	0	0	0	0	0	0	0	0	0	0	0	0	0	0	0	0	0	0	0	0	0	0	0	0	0	0	0	0	
114764	Angular_L	292	0	0	0	0	0	0	0	0	0	0	0	0	0	0	0	660	0	0	0	0	0	0	0	0	0	0	0	0	0	0	0	0	0	0	0	0	0	0	0	0	0	0	0	0	0	0	0	0	0	13762	0	0	0	0	0	252	0	2600	0	17904	0	6098	0	0	0	176	160	246	0	0	0	0	0	0	0	0	0	0	0	1000	0	0	0	10136	0	0	0	4096	0	0	0	0	0	0	0	0	0	0	0	0	0	0	0	0	0	0	0	0	0	0	0	0	0	0	0	
144332	Angular_R	0	1000	0	0	0	0	0	0	0	0	0	0	0	0	0	0	0	168	0	300	0	0	0	0	0	0	0	0	0	0	0	0	0	190	0	0	0	0	0	0	0	0	0	442	0	0	0	0	0	2730	0	7954	0	444	0	0	0	5560	0	4034	0	24842	0	11512	0	0	0	1352	0	1926	0	0	0	0	0	0	0	0	0	0	0	1332	0	0	0	8046	0	0	0	334	0	0	0	0	0	0	0	0	0	0	0	0	0	0	0	0	0	0	0	0	0	0	0	0	0	0	
219248	Precuneus_L	1768	0	0	0	0	0	266	0	0	0	0	0	0	0	0	0	0	0	0	194	0	0	0	0	0	0	0	0	298	0	0	0	4650	486	5710	414	4586	308	2826	0	0	0	9198	0	5116	3762	4232	0	5942	2216	9910	2028	3452	0	1814	0	4988	0	9600	148	2594	0	0	0	176	0	0	8226	5842	224	0	0	0	0	0	0	0	0	0	0	0	0	0	0	5072	1158	0	0	2420	0	0	0	0	0	0	0	0	0	0	0	0	0	0	0	0	0	0	0	0	0	0	0	0	0	0	0	
241972	Precuneus_R	0	720	0	0	0	0	0	0	0	0	0	0	0	0	0	0	0	0	0	3686	0	0	0	0	0	0	0	0	0	0	0	0	1722	7256	788	5334	788	4274	0	2748	0	0	282	11992	302	10954	0	4918	0	10184	506	9490	0	2492	0	3048	0	1298	0	3806	148	1236	0	2934	160	1352	8226	0	852	5368	0	0	0	0	0	0	200	0	0	580	0	614	0	0	244	4982	0	0	220	6732	0	0	0	0	0	0	0	198	0	0	0	0	0	0	0	0	0	0	0	0	352	0	0	0	0	0	
242476	Paracentral_Lobule_L	19350	6334	3486	0	0	0	392	0	0	0	0	0	0	0	0	0	164	0	12830	7900	0	0	0	0	0	0	0	0	0	0	0	0	9502	5988	4686	0	0	0	0	0	0	0	1424	0	410	282	498	0	486	300	14490	310	3732	0	302	0	4728	0	3936	0	2492	0	0	0	246	0	5842	852	0	580	0	0	0	0	0	0	478	0	0	0	0	0	0	0	6398	186	0	0	2634	0	0	0	0	0	0	0	0	0	0	0	0	0	0	0	0	0	0	0	0	0	0	0	0	0	0	0	
194788	Paracentral_Lobule_R	0	12320	0	468	0	0	0	0	0	0	0	0	0	0	0	0	0	232	1406	24240	0	0	0	0	0	0	0	0	0	190	0	0	1280	14746	612	4360	0	302	0	0	0	0	0	310	0	218	0	0	0	3714	0	2988	0	2734	0	2034	0	5738	0	1010	0	2080	0	1392	0	1926	224	5368	580	0	0	0	0	0	0	0	0	0	0	394	0	214	0	0	0	2542	0	0	0	3772	0	0	0	0	0	0	0	0	0	0	0	0	0	0	0	0	0	0	0	0	0	0	0	0	0	0	
376356	Caudate_L	2536	1848	18126	8476	1296	698	1056	816	142	0	848	3546	0	806	850	0	474	528	19160	8432	7762	9000	812	360	1746	544	5004	1254	1862	4826	9556	6410	0	2090	292	260	1324	344	0	0	0	0	0	0	0	0	0	0	0	0	0	0	0	0	0	0	1406	0	0	0	0	0	0	0	0	0	0	0	0	0	0	24036	22048	6390	1616	290	8342	342	182	0	170	0	272	0	0	0	0	0	0	0	0	0	0	0	0	0	0	0	0	0	0	0	0	0	0	0	0	0	0	0	0	0	0	0	0	0	
552948	Caudate_R	272	5008	8802	34082	0	5262	0	4516	0	0	330	9196	0	4410	0	584	170	1916	10246	26756	3028	5828	1974	5024	234	8266	1668	4634	398	15610	7318	24080	0	1046	0	0	0	2360	0	246	0	0	0	0	0	0	0	0	0	0	0	0	0	0	0	198	258	1072	0	0	0	0	0	228	0	0	0	0	0	0	24036	0	11144	23050	174	8496	1592	12650	0	0	0	0	164	148	0	0	0	0	0	0	0	0	0	0	0	0	0	0	0	0	0	0	0	0	0	0	0	0	0	0	0	0	0	0	0	0	
404488	Putamen_L	1374	220	29064	4910	9848	196	578	672	3254	0	852	878	734	432	4872	0	920	0	26676	4118	3736	4672	3612	292	1160	256	2166	560	17652	1148	11850	2756	0	678	248	212	5368	180	834	0	648	0	0	0	0	0	0	0	0	0	0	0	0	0	1812	0	1352	0	0	0	0	0	0	0	0	0	0	0	0	0	22048	11144	0	3470	6000	0	4072	0	210	0	1014	0	1786	0	212	0	0	0	1498	0	0	0	0	0	0	0	0	0	0	0	0	0	0	0	0	0	0	0	0	0	0	0	0	0	0	0	
352948	Putamen_R	0	3060	3960	16908	0	9164	0	7738	0	0	0	3874	0	3000	0	1382	0	1688	4286	8356	284	900	386	4520	196	6714	226	4056	0	18732	2062	10942	0	882	0	174	0	8784	0	3034	0	2026	0	0	0	0	0	0	0	0	0	0	0	0	0	1808	0	1590	0	0	0	160	0	438	0	0	0	0	0	0	6390	23050	3470	0	0	8210	390	2122	0	458	0	198	0	440	0	0	0	0	0	416	0	0	0	0	0	0	0	0	0	0	0	0	0	0	0	0	0	0	0	0	0	0	0	0	0	0	
44340	Pallidum_L	414	0	4472	0	0	0	322	0	0	0	0	0	0	0	0	0	0	0	6616	0	140	0	0	0	0	0	0	0	140	0	0	0	0	0	0	0	412	0	0	0	0	0	0	0	0	0	0	0	0	0	0	0	0	0	0	0	0	0	0	0	0	0	0	0	0	0	0	0	0	0	1616	174	6000	0	0	0	1864	0	0	0	0	0	0	0	0	0	0	0	0	0	0	0	0	0	0	0	0	0	0	0	0	0	0	0	0	0	0	0	0	0	0	0	0	0	0	0	
73084	Pallidum_R	0	2090	534	5806	0	0	0	3306	0	0	0	330	0	152	0	0	0	846	566	2120	0	0	0	0	0	0	0	0	0	514	270	1346	0	196	0	0	0	930	0	0	0	0	0	0	0	0	0	0	0	0	0	0	0	0	0	0	0	540	0	0	0	0	0	0	0	0	0	0	0	0	290	8496	0	8210	0	0	0	0	0	0	0	0	0	0	0	0	0	0	0	0	0	0	0	0	0	0	0	0	0	0	0	0	0	0	0	0	0	0	0	0	0	0	0	0	0	0	
168144	Thalamus_L	9334	1498	4568	1006	0	0	4474	848	0	0	202	0	0	0	0	0	5320	0	3460	894	0	0	0	0	0	0	0	0	1946	0	0	0	0	184	3154	4514	4214	3614	562	1436	0	0	0	0	0	0	198	0	0	0	0	0	0	0	186	1240	5398	0	0	0	0	0	0	0	0	0	0	200	478	0	8342	1592	4072	390	1864	0	0	7298	972	0	360	0	0	0	0	0	0	0	254	0	0	0	0	0	0	0	0	0	0	0	0	0	0	0	0	0	0	0	0	0	0	0	0	0	0	0	
156816	Thalamus_R	144	6218	492	15918	0	0	0	5068	0	0	0	0	0	0	0	0	0	234	310	13442	0	0	182	0	0	0	0	0	0	740	486	638	0	0	830	2528	0	5048	0	1850	0	0	0	0	0	0	0	0	0	0	0	0	0	0	0	1022	0	550	0	0	0	0	0	296	0	0	0	0	0	0	342	12650	0	2122	0	0	7298	0	0	0	0	0	0	0	0	0	0	0	0	0	0	0	0	0	0	0	0	0	0	0	0	0	0	0	0	0	0	0	0	0	0	0	0	0	0	0	
69956	Heschl_L	1850	146	1496	0	0	0	1174	0	0	0	0	0	0	0	0	0	4404	0	1492	0	0	0	0	0	0	0	0	0	5762	0	0	0	0	0	276	0	1914	0	0	0	0	0	0	0	0	0	0	0	0	0	0	0	1066	0	636	0	2520	0	0	0	0	0	186	0	0	0	0	0	0	0	182	0	210	0	0	0	972	0	0	0	3248	0	0	0	5766	0	0	0	1678	0	0	0	0	0	0	0	0	0	0	0	0	0	0	0	0	0	0	0	0	0	0	0	0	0	0	0	
38656	Heschl_R	0	474	0	1180	0	0	0	356	0	0	0	0	0	0	0	0	0	3750	156	478	0	0	0	0	0	0	0	0	0	1140	0	0	0	0	0	150	0	1440	0	0	0	0	0	430	0	0	0	0	0	0	0	0	0	0	0	2670	0	236	0	0	0	0	0	0	0	0	0	580	0	394	0	0	0	458	0	0	0	0	0	0	0	2314	0	0	0	236	0	0	0	2886	0	0	0	0	0	0	0	0	0	0	0	0	0	0	0	0	0	0	0	0	0	0	0	0	0	0	
196836	Temporal_Sup_L	1204	0	8310	0	198	0	1720	0	0	0	3952	0	0	0	0	0	10436	0	6178	0	0	0	0	0	0	0	0	0	13604	0	0	0	0	0	0	0	1256	0	0	0	0	0	0	0	0	0	0	0	0	0	0	0	0	0	1006	0	1294	0	0	0	860	0	4372	0	1000	0	0	0	0	0	170	0	1014	0	0	0	360	0	3248	0	0	0	2468	0	22872	0	0	0	12744	0	152	0	0	0	0	0	0	0	0	0	0	0	0	0	0	0	0	0	0	0	0	0	0	0	0	0	
83368	Temporal_Sup_R	0	162	0	616	0	0	0	0	0	0	0	208	0	0	0	0	0	1594	0	194	0	0	0	0	0	0	0	0	0	3732	0	0	0	0	0	0	0	2712	0	0	0	0	0	468	0	0	0	0	0	0	0	0	0	0	0	6848	0	212	0	0	0	0	0	3502	0	1332	0	614	0	214	0	0	0	198	0	0	0	0	0	2314	0	0	0	846	0	7834	0	206	0	7878	0	0	0	0	0	0	0	0	0	0	0	0	0	0	0	0	0	0	0	0	0	0	0	0	0	0	
127596	Temporal_Pole_Sup_L	0	0	4126	0	3078	0	1234	0	2752	0	4978	0	1696	0	6408	0	2258	0	1488	0	970	0	0	0	0	0	0	0	9834	280	258	0	0	0	0	0	2056	0	1010	0	1524	0	0	0	0	0	0	0	0	0	0	0	0	0	2768	0	0	0	0	0	0	0	0	0	0	0	0	0	0	0	272	164	1786	0	0	0	0	0	0	0	2468	0	0	0	4914	0	2384	0	5092	0	0	0	0	0	0	0	0	0	0	0	0	0	0	0	0	0	0	0	0	0	0	0	0	0	0	0	
34336	Temporal_Pole_Sup_R	0	0	0	296	0	0	0	0	0	0	0	366	0	0	0	0	0	504	0	0	0	0	0	0	0	0	0	0	0	950	0	0	0	0	0	0	0	1074	0	1226	0	2232	0	0	0	0	0	0	0	0	0	0	0	0	0	4836	0	0	0	0	0	0	0	0	0	0	0	0	0	0	0	148	0	440	0	0	0	0	0	0	0	846	0	0	0	0	0	1894	0	2356	0	0	0	0	0	0	0	0	0	0	0	0	0	0	0	0	0	0	0	0	0	0	0	0	0	0	
411208	Temporal_Mid_L	7810	0	344	0	0	0	170	0	0	0	262	0	0	0	0	0	3042	0	292	0	0	0	0	0	0	0	0	0	4924	0	0	0	1478	0	1320	0	400	0	0	0	0	0	7462	0	1406	0	550	0	0	0	27790	150	13038	0	2048	0	2396	0	3280	0	11768	0	11012	0	10136	0	5072	244	6398	0	0	0	212	0	0	0	0	0	5766	0	22872	0	4914	0	0	0	2600	0	46448	0	0	0	0	0	0	0	0	0	0	0	0	0	0	0	0	0	0	0	0	0	0	0	0	0	0	0	
157964	Temporal_Mid_R	0	1296	0	0	0	0	0	0	0	0	0	0	0	0	0	0	0	0	0	2166	0	0	0	0	0	0	0	0	0	514	0	0	290	2160	0	0	0	0	0	0	0	0	0	2904	0	4146	0	438	0	3890	0	12450	0	2094	0	1492	0	252	0	148	0	5776	0	5480	0	8046	1158	4982	186	2542	0	0	0	0	0	0	0	0	0	236	0	7834	0	0	0	0	0	1600	0	6902	0	0	0	0	0	0	0	0	0	0	0	0	0	0	0	0	0	0	0	0	0	0	0	0	0	0	
18128	Temporal_Pole_Mid_L	0	0	0	0	0	0	0	0	0	0	0	0	0	0	0	0	0	0	0	0	0	0	0	0	0	0	0	0	0	0	0	0	0	0	0	0	226	0	338	0	228	0	0	0	0	0	0	0	0	0	0	0	0	0	1098	0	0	0	0	0	0	0	0	0	0	0	0	0	0	0	0	0	0	0	0	0	0	0	0	0	0	0	2384	0	2600	0	0	0	2190	0	0	0	0	0	0	0	0	0	0	0	0	0	0	0	0	0	0	0	0	0	0	0	0	0	0	0	
13596	Temporal_Pole_Mid_R	0	0	0	0	0	0	0	0	0	0	0	0	0	0	0	0	0	0	0	0	0	0	0	0	0	0	0	0	0	0	0	0	0	0	0	0	0	0	0	726	0	228	0	0	0	0	0	0	0	0	0	0	0	0	0	728	0	0	0	0	0	0	0	0	0	0	0	0	0	0	0	0	0	0	0	0	0	0	0	0	0	206	0	1894	0	1600	0	0	0	1416	0	0	0	0	0	0	0	0	0	0	0	0	0	0	0	0	0	0	0	0	0	0	0	0	0	0	
388116	Temporal_Inf_L	4856	0	2514	0	0	0	0	0	0	0	846	0	0	0	168	0	2116	0	2366	0	0	0	0	0	0	0	0	0	8932	0	0	0	842	0	410	0	12324	0	1392	0	2286	0	3292	0	550	0	1562	0	0	0	15380	144	12122	0	18628	0	2026	0	3260	0	7446	0	4848	0	4096	0	2420	220	2634	0	0	0	1498	0	0	0	254	0	1678	0	12744	0	5092	0	46448	0	2190	0	0	0	3494	0	730	0	0	0	358	0	1018	0	434	0	440	0	0	0	0	0	0	0	0	0	0	0	0	0	
181308	Temporal_Inf_R	0	2678	0	0	0	0	0	0	0	0	0	0	0	0	0	0	0	0	0	3480	0	0	0	0	0	0	0	0	0	3110	0	0	0	1440	0	862	0	7942	0	1002	0	0	0	8420	0	398	0	696	0	0	0	556	0	6008	0	20362	0	340	0	0	0	348	0	0	0	334	0	6732	0	3772	0	0	0	416	0	0	0	0	0	2886	0	7878	0	2356	0	6902	0	1416	0	0	0	320	0	0	0	0	0	0	0	0	0	0	0	0	0	0	0	0	0	0	0	0	0	0	0	0	
318396	Cerebelum_Crus1_L	0	0	270	0	0	0	0	0	0	0	0	0	0	0	0	0	0	0	270	0	0	0	0	0	0	0	0	0	388	0	0	0	0	0	0	0	482	0	0	0	0	0	0	0	0	0	6006	1714	0	0	0	0	522	0	17110	832	0	0	0	0	0	0	0	0	0	0	0	0	0	0	0	0	0	0	0	0	0	0	0	0	152	0	0	0	0	0	0	0	3494	0	0	888	24430	1056	518	0	20208	716	42338	2118	8284	0	12520	954	1978	412	922	0	0	0	1738	4148	3274	904	552	0	
220872	Cerebelum_Crus1_R	0	0	0	0	0	0	0	0	0	0	0	0	0	0	0	0	0	0	0	0	0	0	0	0	0	0	0	0	0	0	0	0	0	0	0	0	0	0	0	0	0	0	0	0	0	0	0	2514	0	0	0	0	0	476	0	4412	0	0	0	0	0	0	0	0	0	0	0	0	0	0	0	0	0	0	0	0	0	0	0	0	0	0	0	0	0	0	0	0	0	320	888	0	3184	17720	0	1906	0	8438	438	31372	160	1410	160	14900	0	2434	0	0	272	1120	3542	3624	6016	2468	2178	484	
217244	Cerebelum_Crus2_L	0	0	0	0	0	0	0	0	0	0	0	0	0	0	0	0	0	0	0	0	0	0	0	0	0	0	0	0	0	0	0	0	0	0	0	0	0	0	0	0	0	0	0	0	0	0	0	866	0	0	0	0	0	0	438	366	0	0	0	0	0	0	0	0	0	0	0	0	0	0	0	0	0	0	0	0	0	0	0	0	0	0	0	0	0	0	0	0	730	0	24430	3184	0	3580	174	0	2276	378	5026	2398	22572	0	23540	1750	3584	390	2028	0	0	154	438	2774	5230	1830	486	0	
149716	Cerebelum_Crus2_R	0	0	0	0	0	0	0	0	0	0	0	0	0	0	0	0	0	0	0	0	0	0	0	0	0	0	0	0	0	0	0	0	0	0	0	0	0	0	0	0	0	0	0	0	0	0	0	176	0	0	0	0	0	0	0	0	0	0	0	0	0	0	0	0	0	0	0	0	0	0	0	0	0	0	0	0	0	0	0	0	0	0	0	0	0	0	0	0	0	0	1056	17720	3580	0	0	910	0	1082	148	5280	382	7162	486	18822	0	2674	0	0	278	758	812	626	6262	3632	2514	498	
12612	Cerebelum_3_L	0	0	0	0	0	0	0	0	0	0	0	0	0	0	0	0	0	0	0	0	0	0	0	0	0	0	0	0	0	0	0	0	0	0	0	0	0	0	0	0	0	0	0	0	0	0	190	0	0	0	0	0	0	0	0	0	0	0	0	0	0	0	0	0	0	0	0	0	0	0	0	0	0	0	0	0	0	0	0	0	0	0	0	0	0	0	0	0	0	0	518	0	174	0	0	0	3286	0	640	0	0	0	0	0	358	0	0	0	356	600	184	0	0	0	0	0	
45064	Cerebelum_3_R	0	0	0	0	0	0	0	0	0	0	0	0	0	0	0	0	0	0	0	0	0	0	0	0	0	0	0	0	0	0	0	0	0	0	0	0	0	0	0	0	0	0	0	0	0	0	0	0	0	0	0	0	0	0	0	254	0	0	0	0	0	0	0	0	0	0	0	0	0	0	0	0	0	0	0	0	0	0	0	0	0	0	0	0	0	0	0	0	0	0	0	1906	0	910	0	0	0	4900	0	4378	0	0	0	1090	0	838	0	0	276	3084	1396	352	1052	986	930	180	
193712	Cerebelum_4_5_L	0	0	0	0	0	0	0	0	0	0	0	0	0	0	0	0	0	0	0	0	0	0	0	0	0	0	0	0	0	0	0	0	0	0	0	0	0	0	204	0	0	0	0	0	0	0	6194	918	0	0	0	0	336	0	10690	146	0	0	0	0	0	0	0	0	0	0	0	0	0	0	0	0	0	0	0	0	0	0	0	0	0	0	0	0	0	0	0	0	358	0	20208	0	2276	0	3286	0	0	968	28316	710	398	0	1480	0	4296	1380	282	0	258	782	7112	3272	0	224	562	2200	
136424	Cerebelum_4_5_R	0	0	0	0	0	0	0	0	0	0	0	0	0	0	0	0	0	0	0	0	0	0	0	0	0	0	0	0	0	0	0	0	0	0	0	0	0	466	0	1118	0	0	0	0	0	0	212	5230	0	0	0	0	0	0	0	3942	0	0	0	0	0	0	0	0	0	0	0	198	0	0	0	0	0	0	0	0	0	0	0	0	0	0	0	0	0	0	0	0	0	0	716	8438	378	1082	0	4900	968	0	1170	20400	0	0	178	1348	0	718	0	0	0	2376	10348	1668	854	666	590	248	
288012	Cerebelum_6_L	0	0	0	0	0	0	0	0	0	0	0	0	0	0	0	0	0	0	0	0	0	0	0	0	0	0	0	0	0	0	0	0	0	0	0	0	0	0	0	0	0	0	0	0	0	0	10714	3952	0	0	0	0	1682	188	20248	1698	0	0	0	0	0	0	0	0	0	0	0	0	0	0	0	0	0	0	0	0	0	0	0	0	0	0	0	0	0	0	0	0	1018	0	42338	438	5026	148	640	0	28316	1170	0	2570	1436	0	3266	0	3118	556	878	0	0	224	4692	7130	1032	368	522	638	
243812	Cerebelum_6_R	0	0	0	0	0	0	0	0	0	0	0	0	0	0	0	0	0	0	0	0	0	0	0	0	0	0	0	0	0	0	0	0	0	0	0	0	0	0	0	174	0	0	0	258	0	0	486	7646	0	0	0	0	0	636	0	9230	0	0	0	0	0	0	0	0	0	0	0	0	0	0	0	0	0	0	0	0	0	0	0	0	0	0	0	0	0	0	0	0	0	0	2118	31372	2398	5280	0	4378	710	20400	2570	0	196	380	214	6370	0	1318	0	192	148	2030	9370	8330	4392	746	564	0	
134580	Cerebelum_7b_L	0	0	0	0	0	0	0	0	0	0	0	0	0	0	0	0	0	0	0	0	0	0	0	0	0	0	0	0	0	0	0	0	0	0	0	0	0	0	0	0	0	0	0	0	0	0	0	0	0	0	0	0	0	0	0	0	0	0	0	0	0	0	0	0	0	0	0	0	0	0	0	0	0	0	0	0	0	0	0	0	0	0	0	0	0	0	0	0	434	0	8284	160	22572	382	0	0	398	0	1436	196	0	0	23054	816	3844	150	2138	0	0	0	146	192	1166	1764	158	0	
32452	Cerebelum_7b_R	0	0	0	0	0	0	0	0	0	0	0	0	0	0	0	0	0	0	0	0	0	0	0	0	0	0	0	0	0	0	0	0	0	0	0	0	0	0	0	0	0	0	0	0	0	0	0	0	0	0	0	0	0	0	0	0	0	0	0	0	0	0	0	0	0	0	0	0	0	0	0	0	0	0	0	0	0	0	0	0	0	0	0	0	0	0	0	0	0	0	0	1410	0	7162	0	0	0	0	0	380	0	0	0	6630	0	398	0	0	0	0	0	0	0	246	0	0	
180756	Cerebelum_8_L	0	0	0	0	0	0	0	0	0	0	0	0	0	0	0	0	0	0	0	0	0	0	0	0	0	0	0	0	0	0	0	0	0	0	0	0	0	0	0	0	0	0	0	0	0	0	0	190	0	0	0	0	0	0	294	0	0	0	0	0	0	0	0	0	0	0	0	0	0	0	0	0	0	0	0	0	0	0	0	0	0	0	0	0	0	0	0	0	440	0	12520	160	23540	486	0	0	1480	178	3266	214	23054	0	0	1446	12486	536	4102	0	0	0	256	280	1482	3104	864	0	
159608	Cerebelum_8_R	0	0	0	0	0	0	0	0	0	0	0	0	0	0	0	0	0	0	0	0	0	0	0	0	0	0	0	0	0	0	0	0	0	0	0	0	0	0	0	0	0	0	0	0	0	0	0	190	0	0	0	0	0	0	0	0	0	0	0	0	0	0	0	0	0	0	0	0	0	0	0	0	0	0	0	0	0	0	0	0	0	0	0	0	0	0	0	0	0	0	954	14900	1750	18822	0	1090	0	1348	0	6370	816	6630	1446	0	148	9204	0	230	300	884	914	646	4832	4824	2938	568	
84040	Cerebelum_9_L	0	0	0	0	0	0	0	0	0	0	0	0	0	0	0	0	0	0	0	0	0	0	0	0	0	0	0	0	0	0	0	0	0	0	0	0	0	0	0	0	0	0	0	0	0	0	0	0	0	0	0	0	0	0	0	0	0	0	0	0	0	0	0	0	0	0	0	0	0	0	0	0	0	0	0	0	0	0	0	0	0	0	0	0	0	0	0	0	0	0	1978	0	3584	0	358	0	4296	0	3118	0	3844	0	12486	148	0	1064	5548	0	0	0	1506	1142	352	630	800	1166	
83832	Cerebelum_9_R	0	0	0	0	0	0	0	0	0	0	0	0	0	0	0	0	0	0	0	0	0	0	0	0	0	0	0	0	0	0	0	0	0	0	0	0	0	0	0	0	0	0	0	0	0	0	0	0	0	0	0	0	0	0	0	0	0	0	0	0	0	0	0	0	0	0	0	0	0	0	0	0	0	0	0	0	0	0	0	0	0	0	0	0	0	0	0	0	0	0	412	2434	390	2674	0	838	1380	718	556	1318	150	398	536	9204	1064	0	0	928	410	922	1426	2284	2972	3926	4572	2404	
31796	Cerebelum_10_L	0	0	0	0	0	0	0	0	0	0	0	0	0	0	0	0	0	0	0	0	0	0	0	0	0	0	0	0	0	0	0	0	0	0	0	0	0	0	0	0	0	0	0	0	0	0	0	0	0	0	0	0	0	0	0	0	0	0	0	0	0	0	0	0	0	0	0	0	0	0	0	0	0	0	0	0	0	0	0	0	0	0	0	0	0	0	0	0	0	0	922	0	2028	0	0	0	282	0	878	0	2138	0	4102	0	5548	0	0	0	0	0	0	0	0	0	0	0	
2700	Cerebelum_10_R	0	0	0	0	0	0	0	0	0	0	0	0	0	0	0	0	0	0	0	0	0	0	0	0	0	0	0	0	0	0	0	0	0	0	0	0	0	0	0	0	0	0	0	0	0	0	0	0	0	0	0	0	0	0	0	0	0	0	0	0	0	0	0	0	0	0	0	0	0	0	0	0	0	0	0	0	0	0	0	0	0	0	0	0	0	0	0	0	0	0	0	0	0	0	0	0	0	0	0	192	0	0	0	230	0	928	0	0	0	0	0	0	0	0	0	0	
15504	Vermis_1_2	0	0	0	0	0	0	0	0	0	0	0	0	0	0	0	0	0	0	0	0	0	0	0	0	0	0	0	0	0	0	0	0	0	0	0	0	0	0	0	0	0	0	0	0	0	0	0	0	0	0	0	0	0	0	0	0	0	0	0	0	0	0	0	0	0	0	0	0	0	0	0	0	0	0	0	0	0	0	0	0	0	0	0	0	0	0	0	0	0	0	0	272	0	278	356	276	258	0	0	148	0	0	0	300	0	410	0	0	0	3196	514	216	428	480	460	160	
42904	Vermis_3	0	0	0	0	0	0	0	0	0	0	0	0	0	0	0	0	0	0	0	0	0	0	0	0	0	0	0	0	0	0	0	0	0	0	0	0	0	0	0	0	0	0	0	0	0	0	0	0	0	0	0	0	0	0	0	0	0	0	0	0	0	0	0	0	0	0	0	0	0	0	0	0	0	0	0	0	0	0	0	0	0	0	0	0	0	0	0	0	0	0	0	1120	154	758	600	3084	782	2376	224	2030	0	0	0	884	0	922	0	0	3196	0	1510	458	1056	1022	998	278	
131224	Vermis_4_5	0	0	0	0	0	0	0	0	0	0	0	0	0	0	0	0	0	0	0	0	0	0	0	0	0	0	0	0	0	0	0	0	0	0	0	310	0	270	0	170	0	0	0	0	0	0	792	4712	0	0	0	0	0	0	278	2422	0	0	0	0	0	0	0	0	0	0	0	352	0	0	0	0	0	0	0	0	0	0	0	0	0	0	0	0	0	0	0	0	0	0	1738	3542	438	812	184	1396	7112	10348	4692	9370	146	0	256	914	1506	1426	0	0	514	1510	0	5598	830	740	740	2494	
128216	Vermis_6	0	0	0	0	0	0	0	0	0	0	0	0	0	0	0	0	0	0	0	0	0	0	0	0	0	0	0	0	0	0	0	0	0	0	0	0	0	0	0	0	0	0	0	0	0	0	1776	6612	0	0	0	0	0	310	578	2818	0	0	0	0	0	0	0	0	0	0	0	0	0	0	0	0	0	0	0	0	0	0	0	0	0	0	0	0	0	0	0	0	0	0	4148	3624	2774	626	0	352	3272	1668	7130	8330	192	0	280	646	1142	2284	0	0	216	458	5598	0	3882	1036	1378	2978	
112152	Vermis_7	0	0	0	0	0	0	0	0	0	0	0	0	0	0	0	0	0	0	0	0	0	0	0	0	0	0	0	0	0	0	0	0	0	0	0	0	0	0	0	0	0	0	0	0	0	0	0	948	0	0	0	0	0	0	0	582	0	0	0	0	0	0	0	0	0	0	0	0	0	0	0	0	0	0	0	0	0	0	0	0	0	0	0	0	0	0	0	0	0	0	3274	6016	5230	6262	0	1052	0	854	1032	4392	1166	0	1482	4832	352	2972	0	0	428	1056	830	3882	0	5034	3638	762	
81860	Vermis_8	0	0	0	0	0	0	0	0	0	0	0	0	0	0	0	0	0	0	0	0	0	0	0	0	0	0	0	0	0	0	0	0	0	0	0	0	0	0	0	0	0	0	0	0	0	0	0	0	0	0	0	0	0	0	0	0	0	0	0	0	0	0	0	0	0	0	0	0	0	0	0	0	0	0	0	0	0	0	0	0	0	0	0	0	0	0	0	0	0	0	904	2468	1830	3632	0	986	224	666	368	746	1764	246	3104	4824	630	3926	0	0	480	1022	740	1036	5034	0	5152	1148	
64368	Vermis_9	0	0	0	0	0	0	0	0	0	0	0	0	0	0	0	0	0	0	0	0	0	0	0	0	0	0	0	0	0	0	0	0	0	0	0	0	0	0	0	0	0	0	0	0	0	0	0	0	0	0	0	0	0	0	0	0	0	0	0	0	0	0	0	0	0	0	0	0	0	0	0	0	0	0	0	0	0	0	0	0	0	0	0	0	0	0	0	0	0	0	552	2178	486	2514	0	930	562	590	522	564	158	0	864	2938	800	4572	0	0	460	998	740	1378	3638	5152	0	1588	
