data	data	549204	310864	848108	776596	133692	135584	496300	456352	87280	22824	188920	196664	272128	183380	218316	136524	218952	105412	697912	569116	80424	120844	282756	311440	56776	129468	39560	89828	671788	411020	216056	431780	146224	505516	162760	217708	336852	551052	172668	432528	49320	64844	329436	443368	239612	425032	437344	519696	240948	293928	520940	288276	238744	170592	611776	847544	313148	224236	130232	69000	200856	77080	134892	107408	158144	108680	392500	654472	303820	228224	258576	484336	316876	493264	46492	34856	195588	198408	161992	28000	293992	127796	121384	81532	437276	221284	45332	25708	456840	230596	673764	579856	364076	313004	66856	102044	492364	349752	631820	578148	283808	191168	338204	333860	135680	149260	19044	13584	37304	128928	377944	279408	261876	164676	128860	61444	
data	data	Precentral_L	Precentral_R	Frontal_Sup_L	Frontal_Sup_R	Frontal_Sup_Orb_L	Frontal_Sup_Orb_R	Frontal_Mid_L	Frontal_Mid_R	Frontal_Mid_Orb_L	Frontal_Mid_Orb_R	Frontal_Inf_Oper_L	Frontal_Inf_Oper_R	Frontal_Inf_Tri_L	Frontal_Inf_Tri_R	Frontal_Inf_Orb_L	Frontal_Inf_Orb_R	Rolandic_Oper_L	Rolandic_Oper_R	Supp_Motor_Area_L	Supp_Motor_Area_R	Olfactory_L	Olfactory_R	Frontal_Sup_Medial_L	Frontal_Sup_Medial_R	Frontal_Med_Orb_L	Frontal_Med_Orb_R	Rectus_L	Rectus_R	Insula_L	Insula_R	Cingulum_Ant_L	Cingulum_Ant_R	Cingulum_Mid_L	Cingulum_Mid_R	Cingulum_Post_L	Cingulum_Post_R	Hippocampus_L	Hippocampus_R	ParaHippocampal_L	ParaHippocampal_R	Amygdala_L	Amygdala_R	Calcarine_L	Calcarine_R	Cuneus_L	Cuneus_R	Lingual_L	Lingual_R	Occipital_Sup_L	Occipital_Sup_R	Occipital_Mid_L	Occipital_Mid_R	Occipital_Inf_L	Occipital_Inf_R	Fusiform_L	Fusiform_R	Postcentral_L	Postcentral_R	Parietal_Sup_L	Parietal_Sup_R	Parietal_Inf_L	Parietal_Inf_R	SupraMarginal_L	SupraMarginal_R	Angular_L	Angular_R	Precuneus_L	Precuneus_R	Paracentral_Lobule_L	Paracentral_Lobule_R	Caudate_L	Caudate_R	Putamen_L	Putamen_R	Pallidum_L	Pallidum_R	Thalamus_L	Thalamus_R	Heschl_L	Heschl_R	Temporal_Sup_L	Temporal_Sup_R	Temporal_Pole_Sup_L	Temporal_Pole_Sup_R	Temporal_Mid_L	Temporal_Mid_R	Temporal_Pole_Mid_L	Temporal_Pole_Mid_R	Temporal_Inf_L	Temporal_Inf_R	Cerebelum_Crus1_L	Cerebelum_Crus1_R	Cerebelum_Crus2_L	Cerebelum_Crus2_R	Cerebelum_3_L	Cerebelum_3_R	Cerebelum_4_5_L	Cerebelum_4_5_R	Cerebelum_6_L	Cerebelum_6_R	Cerebelum_7b_L	Cerebelum_7b_R	Cerebelum_8_L	Cerebelum_8_R	Cerebelum_9_L	Cerebelum_9_R	Cerebelum_10_L	Cerebelum_10_R	Vermis_1_2	Vermis_3	Vermis_4_5	Vermis_6	Vermis_7	Vermis_8	Vermis_9	Vermis_10	
549204	Precentral_L	0	334	12478	2378	0	0	13826	662	0	0	11022	0	420	0	0	0	11528	0	14778	5114	0	0	0	0	0	0	0	0	16578	0	0	0	740	2566	3222	940	5526	594	1688	310	0	0	1294	0	326	0	258	256	130	0	5690	0	7168	0	12600	162	34532	0	578	0	5024	0	5506	0	1958	0	1140	0	34788	836	2878	508	1530	0	0	0	7748	1170	10808	0	6294	0	414	0	11092	0	0	0	14554	0	656	0	0	0	0	0	0	0	0	0	0	0	0	0	0	0	0	0	0	0	0	0	0	0	0	0	
310864	Precentral_R	334	0	770	7952	0	0	0	8664	0	0	0	5116	0	100	0	0	0	2064	1252	5690	0	0	0	736	0	0	0	0	0	5884	0	1064	0	1842	204	1790	0	10400	0	6136	0	0	0	2920	0	2614	0	1404	0	742	0	1874	0	3294	0	12462	0	19744	0	642	0	1706	0	3756	0	440	0	7322	472	6210	1238	5068	0	6822	0	1156	2544	5194	0	444	0	1206	0	0	0	1474	0	0	0	4510	0	0	0	0	0	0	0	176	0	0	0	0	0	0	0	0	0	0	0	0	0	0	0	0	0	0	
848108	Frontal_Sup_L	12478	770	0	10820	9186	776	62788	2740	4922	0	12454	90	18254	98	12282	0	8552	0	81736	11580	306	0	34990	1248	2766	1242	576	776	41456	120	11396	1492	4114	2434	314	140	6978	564	1620	374	530	0	0	88	0	82	0	214	0	0	0	0	166	0	4946	356	3640	0	0	0	392	0	502	0	0	0	0	128	2948	0	9246	2142	16864	0	2134	0	2494	538	3378	0	2776	0	1672	0	498	0	0	0	5580	0	308	0	0	0	0	0	0	0	0	0	0	0	0	0	0	0	0	0	0	0	0	0	0	0	0	0	
776596	Frontal_Sup_R	2378	7952	10820	0	0	6898	386	51512	0	744	0	7746	134	9432	104	7440	0	1644	20776	56970	0	668	9352	35006	0	2786	0	670	442	13390	3020	35114	1470	17752	0	340	146	5118	0	3468	0	0	0	1586	0	1180	0	464	0	216	0	546	0	1210	102	4224	302	474	0	0	0	124	0	96	0	0	0	1900	3372	392	4074	27242	668	13068	276	514	2086	8898	0	102	0	306	0	156	0	302	0	0	0	524	0	0	0	0	0	0	0	216	0	0	0	0	0	0	0	0	0	0	0	0	0	0	0	0	0	0	
133692	Frontal_Sup_Orb_L	0	0	9186	0	0	708	2514	0	9916	0	0	0	1212	0	8706	0	0	0	134	0	2066	0	3684	358	3992	1176	5040	708	3182	0	4952	464	0	0	0	0	0	0	0	0	0	0	0	0	0	0	0	0	0	0	0	0	0	0	0	0	0	0	0	0	0	0	0	0	0	0	0	0	0	0	2218	156	6184	112	0	0	0	0	0	0	0	0	178	0	0	0	0	0	0	0	0	0	0	0	0	0	0	0	0	0	0	0	0	0	0	0	0	0	0	0	0	0	0	0	0	0	
135584	Frontal_Sup_Orb_R	0	0	776	6898	708	0	0	1264	0	3198	0	134	0	348	0	5986	0	0	0	0	100	3734	978	1846	2096	9782	358	10736	0	2042	1500	1022	0	0	0	0	0	112	0	0	0	0	0	0	0	0	0	0	0	0	0	0	0	0	0	0	0	0	0	0	0	0	0	0	0	0	0	0	0	0	94	6462	88	7232	0	0	0	298	0	0	0	0	0	0	0	0	0	0	0	0	0	0	0	0	0	0	0	0	0	0	0	0	0	0	0	0	0	0	0	0	0	0	0	0	0	0	
496300	Frontal_Mid_L	13826	0	62788	386	2514	0	0	292	5070	0	14918	0	39900	0	20256	0	4212	0	14234	346	210	0	12798	0	0	0	0	0	30266	0	2164	186	2280	172	0	0	1476	0	206	0	580	0	0	0	0	0	0	0	0	0	0	0	244	0	2250	0	1102	0	0	0	0	0	0	0	0	0	0	0	216	0	1520	166	4586	0	0	0	980	92	2050	0	1698	0	980	0	384	0	0	0	2802	0	0	0	0	0	0	0	0	0	0	0	0	0	0	0	0	0	0	0	0	0	0	0	0	0	0	0	
456352	Frontal_Mid_R	662	8664	2740	51512	0	1264	292	0	0	658	0	10872	0	18222	0	5184	0	2696	4456	8846	0	0	1772	12154	0	200	0	0	138	13702	830	10014	264	4110	0	258	0	6486	0	4148	0	0	0	546	0	588	0	186	0	404	0	510	0	864	0	5356	0	510	0	0	0	160	0	130	0	0	0	2090	0	236	1660	17692	170	11546	0	1052	690	11120	0	178	0	564	0	246	0	444	0	0	0	812	0	0	0	0	0	0	0	278	0	0	0	0	0	0	0	0	0	0	0	0	0	0	0	0	0	0	
87280	Frontal_Mid_Orb_L	0	0	4922	0	9916	0	5070	0	0	0	0	0	2976	0	11888	0	0	0	0	0	878	0	0	0	116	0	1840	0	2604	0	412	0	0	0	0	0	0	0	0	0	0	0	0	0	0	0	0	0	0	0	0	0	0	0	0	0	0	0	0	0	0	0	0	0	0	0	0	0	0	0	500	0	2250	0	0	0	0	0	0	0	0	0	268	0	0	0	0	0	0	0	0	0	0	0	0	0	0	0	0	0	0	0	0	0	0	0	0	0	0	0	0	0	0	0	0	0	
22824	Frontal_Mid_Orb_R	0	0	0	744	0	3198	0	658	0	0	0	0	0	102	0	5274	0	0	0	0	0	0	0	0	0	0	0	258	0	128	0	0	0	0	0	0	0	0	0	0	0	0	0	0	0	0	0	0	0	0	0	0	0	0	0	0	0	0	0	0	0	0	0	0	0	0	0	0	0	0	0	176	0	874	0	0	0	0	0	0	0	0	0	0	0	0	0	0	0	0	0	0	0	0	0	0	0	0	0	0	0	0	0	0	0	0	0	0	0	0	0	0	0	0	0	0	
188920	Frontal_Inf_Oper_L	11022	0	12454	0	0	0	14918	0	0	0	0	0	8838	0	90	0	10028	0	11206	0	0	0	0	0	0	0	0	0	13454	0	0	0	0	0	0	0	312	0	0	0	0	0	0	0	0	0	0	0	0	0	0	0	102	0	704	0	1938	0	0	0	0	0	0	0	0	0	0	0	0	0	148	0	278	0	0	0	168	0	1976	0	3174	0	2230	0	504	0	0	0	916	0	0	0	0	0	0	0	0	0	0	0	0	0	0	0	0	0	0	0	0	0	0	0	0	0	0	0	
196664	Frontal_Inf_Oper_R	0	5116	90	7746	0	134	0	10872	0	0	0	0	0	11194	0	3952	0	6226	122	742	0	0	224	1382	0	0	0	0	0	18544	0	2886	0	1024	0	0	0	3082	0	1976	0	0	0	0	0	120	0	82	0	174	0	142	0	384	0	2650	0	1734	0	0	0	98	0	0	0	0	0	434	0	96	0	1768	0	9590	0	288	0	178	0	240	0	1068	0	2466	0	174	0	0	0	548	0	0	0	0	0	0	0	398	0	388	0	0	0	0	0	0	0	0	0	0	0	0	0	0	0	0	
272128	Frontal_Inf_Tri_L	420	0	18254	134	1212	0	39900	0	2976	0	8838	0	0	0	21624	0	656	0	6038	96	144	0	302	0	0	0	0	0	25388	0	130	0	222	0	0	0	556	0	0	0	514	0	0	0	0	0	0	0	0	0	0	0	0	0	102	0	0	0	0	0	0	0	0	0	0	0	0	0	0	0	936	120	3332	0	0	0	0	0	140	0	970	0	2212	0	124	0	0	0	724	0	0	0	0	0	0	0	0	0	0	0	0	0	0	0	0	0	0	0	0	0	0	0	0	0	0	0	
183380	Frontal_Inf_Tri_R	0	100	98	9432	0	348	0	18222	0	102	0	11194	0	0	0	8236	0	502	148	1940	0	0	790	2482	0	0	0	0	0	20232	0	4858	0	2896	0	0	0	1216	0	734	0	0	0	0	0	0	0	0	0	0	0	0	0	0	0	868	0	0	0	0	0	0	0	0	0	0	0	0	0	0	0	768	0	5538	0	120	0	86	0	0	0	122	0	294	0	88	0	0	0	172	0	0	0	0	0	0	0	104	0	0	0	0	0	0	0	0	0	0	0	0	0	0	0	0	0	0	
218316	Frontal_Inf_Orb_L	0	0	12282	104	8706	0	20256	0	11888	0	90	0	21624	0	0	0	0	0	1178	0	2430	0	128	0	108	0	1064	0	16776	0	656	0	0	0	0	0	312	0	0	0	598	0	0	0	0	0	0	0	0	0	0	0	0	0	0	0	0	0	0	0	0	0	0	0	0	0	0	0	0	0	1784	104	6788	0	0	0	0	0	0	0	214	0	1876	0	96	0	0	0	96	0	0	0	0	0	0	0	0	0	0	0	0	0	0	0	0	0	0	0	0	0	0	0	0	0	0	0	
136524	Frontal_Inf_Orb_R	0	0	0	7440	0	5986	0	5184	0	5274	0	3952	0	8236	0	0	0	276	0	832	0	1552	242	1164	0	0	0	2212	0	13782	0	2262	0	1004	0	0	0	94	0	106	0	0	0	0	0	0	0	0	0	0	0	0	0	0	0	146	0	0	0	0	0	0	0	0	0	0	0	0	0	0	0	1176	0	5316	0	0	0	88	0	0	0	554	0	1284	0	0	0	100	0	0	0	0	0	0	0	0	0	0	0	0	0	0	0	0	0	0	0	0	0	0	0	0	0	0	0	0	
218952	Rolandic_Oper_L	11528	0	8552	0	0	0	4212	0	0	0	10028	0	656	0	0	0	0	0	6362	0	0	0	0	0	0	0	0	0	18470	0	0	0	0	0	0	0	470	0	0	0	0	0	0	0	0	0	0	0	0	0	516	0	94	0	364	0	9976	0	148	0	172	0	1874	0	298	0	164	0	132	0	0	0	138	0	0	0	294	0	9032	0	15562	0	2160	0	5650	0	0	0	2624	0	0	0	0	0	0	0	0	0	0	0	0	0	0	0	0	0	0	0	0	0	0	0	0	0	0	0	
105412	Rolandic_Oper_R	0	2064	0	1644	0	0	0	2696	0	0	0	6226	0	502	0	276	0	0	0	118	0	0	0	0	0	0	0	0	0	10792	0	114	0	0	0	86	0	2542	0	2088	0	0	0	0	0	0	0	0	0	0	0	0	0	122	0	2240	0	3742	0	0	0	0	0	3080	0	92	0	272	0	0	0	670	0	4856	0	246	0	0	0	1198	0	3578	0	2444	0	144	0	0	0	418	0	0	0	0	0	0	0	248	0	208	0	0	0	0	0	0	0	0	0	0	0	0	0	0	0	0	
697912	Supp_Motor_Area_L	14778	1252	81736	20776	134	0	14234	4456	0	0	11206	122	6038	148	1178	0	6362	0	0	34230	0	0	8182	1154	0	0	0	0	25840	196	2352	4944	6778	12114	890	824	9788	632	3538	398	236	0	0	82	0	0	112	330	0	0	0	0	86	0	3082	370	1072	0	0	0	128	0	166	0	0	0	344	346	17510	462	10050	2416	17726	0	3936	0	7002	882	1960	0	2082	0	1226	0	296	0	0	0	2450	0	230	0	0	0	0	0	0	0	94	0	0	0	0	0	0	0	0	0	0	0	0	0	0	0	0	0	
569116	Supp_Motor_Area_R	5114	5690	11580	56970	0	0	346	8846	0	0	0	742	96	1940	0	832	0	118	34230	0	0	0	1634	6346	0	0	0	0	502	1884	2012	13248	5386	41796	2532	6312	250	2940	94	2132	0	0	0	2270	0	1322	0	1368	0	202	0	618	0	1418	140	3778	232	1044	0	0	0	0	82	0	0	0	210	4978	11626	16698	5600	8478	690	1304	292	0	3130	4148	0	0	0	0	0	0	0	272	0	0	114	972	0	0	0	0	0	0	0	0	0	0	0	0	0	0	0	0	0	0	0	0	0	0	0	0	0	0	
80424	Olfactory_L	0	0	306	0	2066	100	210	0	878	0	0	0	144	0	2430	0	0	0	0	0	0	4076	0	0	318	478	862	100	3044	0	4096	1522	0	0	0	0	924	0	274	0	896	0	0	0	0	0	0	0	0	0	0	0	0	0	232	0	0	0	0	0	0	0	0	0	0	0	0	0	0	0	6712	3904	4132	1948	392	0	0	0	0	0	0	0	168	0	0	0	0	0	0	0	0	0	0	0	0	0	0	0	0	0	0	0	0	0	0	0	0	0	0	0	0	0	0	0	0	0	
120844	Olfactory_R	0	0	0	668	0	3734	0	0	0	0	0	0	0	0	0	1552	0	0	0	0	4076	0	0	1144	182	4606	0	5388	0	2088	2928	4208	0	0	0	0	0	228	0	274	0	420	0	0	0	0	0	0	0	0	0	0	0	0	0	130	0	0	0	0	0	0	0	0	0	0	0	0	0	0	6008	11398	4704	4010	1422	582	0	0	0	0	0	0	0	672	0	0	0	0	0	0	0	0	0	0	0	0	0	0	0	0	0	0	0	0	0	0	0	0	0	0	0	0	0	0	0	0	
282756	Frontal_Sup_Medial_L	0	0	34990	9352	3684	978	12798	1772	0	0	0	224	302	790	128	242	0	0	8182	1634	0	0	0	17222	3266	2018	508	956	758	686	12988	10470	3974	9718	0	138	0	86	0	0	0	0	0	0	0	0	0	0	0	0	0	0	0	0	0	0	0	0	0	0	0	0	0	0	0	0	0	0	0	0	490	740	1590	694	0	0	0	0	0	0	0	0	0	0	0	0	0	0	0	0	0	0	0	0	0	0	0	0	0	0	0	0	0	0	0	0	0	0	0	0	0	0	0	0	0	0	
311440	Frontal_Sup_Medial_R	0	736	1248	35006	358	1846	0	12154	0	0	0	1382	0	2482	0	1164	0	0	1154	6346	0	1144	17222	0	836	6078	0	1106	0	2944	2632	26284	164	11234	0	0	0	750	0	578	0	0	0	0	0	0	0	0	0	0	0	0	0	88	0	568	0	0	0	0	0	0	0	0	0	0	0	162	0	0	98	12168	0	6828	0	0	0	960	0	0	0	0	0	0	0	0	0	0	0	0	0	0	0	0	0	0	0	0	0	0	0	0	0	0	0	0	0	0	0	0	0	0	0	0	0	0	
56776	Frontal_Med_Orb_L	0	0	2766	0	3992	2096	0	0	116	0	0	0	0	0	108	0	0	0	0	0	318	182	3266	836	0	3708	2086	1798	0	0	4914	792	0	0	0	0	0	0	0	0	0	0	0	0	0	0	0	0	0	0	0	0	0	0	0	0	0	0	0	0	0	0	0	0	0	0	0	0	0	0	556	178	590	86	0	0	0	0	0	0	0	0	0	0	0	0	0	0	0	0	0	0	0	0	0	0	0	0	0	0	0	0	0	0	0	0	0	0	0	0	0	0	0	0	0	0	
129468	Frontal_Med_Orb_R	0	0	1242	2786	1176	9782	0	200	0	0	0	0	0	0	0	0	0	0	0	0	478	4606	2018	6078	3708	0	540	8592	0	0	3714	5790	0	0	0	0	0	0	0	0	0	0	0	0	0	0	0	0	0	0	0	0	0	0	0	0	0	0	0	0	0	0	0	0	0	0	0	0	0	0	468	8412	290	4716	0	0	0	138	0	0	0	0	0	0	0	0	0	0	0	0	0	0	0	0	0	0	0	0	0	0	0	0	0	0	0	0	0	0	0	0	0	0	0	0	0	0	
39560	Rectus_L	0	0	576	0	5040	358	0	0	1840	0	0	0	0	0	1064	0	0	0	0	0	862	0	508	0	2086	540	0	380	398	0	2718	146	0	0	0	0	0	0	0	0	0	0	0	0	0	0	0	0	0	0	0	0	0	0	0	0	0	0	0	0	0	0	0	0	0	0	0	0	0	0	1374	0	1890	0	0	0	0	0	0	0	0	0	0	0	0	0	0	0	0	0	0	0	0	0	0	0	0	0	0	0	0	0	0	0	0	0	0	0	0	0	0	0	0	0	0	0	
89828	Rectus_R	0	0	776	670	708	10736	0	0	0	258	0	0	0	0	0	2212	0	0	0	0	100	5388	956	1106	1798	8592	380	0	0	1330	1206	1436	0	0	0	0	0	0	0	0	0	0	0	0	0	0	0	0	0	0	0	0	0	0	0	0	0	0	0	0	0	0	0	0	0	0	0	0	0	0	82	4726	84	2370	0	0	0	0	0	0	0	0	0	0	0	0	0	0	0	0	0	0	0	0	0	0	0	0	0	0	0	0	0	0	0	0	0	0	0	0	0	0	0	0	0	0	
671788	Insula_L	16578	0	41456	442	3182	0	30266	138	2604	0	13454	0	25388	0	16776	0	18470	0	25840	502	3044	0	758	0	0	0	398	0	0	0	1384	0	330	0	138	0	13044	0	852	0	2408	0	0	0	0	0	0	0	0	0	670	0	2100	0	10352	0	6638	0	292	0	92	0	566	0	466	0	222	0	1032	0	3130	280	13486	0	148	0	1310	0	14576	0	16206	0	7470	0	14198	0	758	0	23980	0	388	0	0	0	0	0	0	0	82	0	0	0	0	0	0	0	0	0	0	0	0	0	0	0	0	0	
411020	Insula_R	0	5884	120	13390	0	2042	0	13702	0	128	0	18544	0	20232	0	13782	0	10792	196	1884	0	2088	686	2944	0	0	0	1330	0	0	0	5146	0	2802	0	268	0	11202	0	6834	0	360	0	376	0	108	0	228	0	0	0	86	0	512	0	11482	0	2274	0	172	0	248	0	664	0	0	0	1148	0	324	0	3370	0	25502	0	214	0	460	0	2916	0	6914	0	5078	0	2608	0	332	0	4266	0	94	0	0	0	0	0	916	0	862	0	0	0	0	0	0	0	0	0	0	0	0	0	0	0	0	
216056	Cingulum_Ant_L	0	0	11396	3020	4952	1500	2164	830	412	0	0	0	130	0	656	0	0	0	2352	2012	4096	2928	12988	2632	4914	3714	2718	1206	1384	0	0	10934	2204	2062	444	0	0	0	0	0	0	0	0	0	0	0	0	0	0	0	0	0	0	0	0	0	0	0	0	0	0	0	0	0	0	0	0	0	0	0	7838	5488	8908	3722	94	102	0	228	0	0	0	0	0	0	0	0	0	0	0	0	0	0	0	0	0	0	0	0	0	0	0	0	0	0	0	0	0	0	0	0	0	0	0	0	0	0	
431780	Cingulum_Ant_R	0	1064	1492	35114	464	1022	186	10014	0	0	0	2886	0	4858	0	2262	0	114	4944	13248	1522	4208	10470	26284	792	5790	146	1436	0	5146	10934	0	1354	17106	0	0	0	2020	0	1422	0	0	0	0	0	0	0	206	0	0	0	0	0	112	0	1344	0	0	0	0	0	0	0	0	0	0	0	194	0	0	3236	26622	2078	13146	0	202	0	2266	0	0	0	0	0	0	0	0	0	0	0	0	0	0	0	0	0	0	0	186	0	0	0	0	0	0	0	0	0	0	0	0	0	0	0	0	0	0	
146224	Cingulum_Mid_L	740	0	4114	1470	0	0	2280	264	0	0	0	0	222	0	0	0	0	0	6778	5386	0	0	3974	164	0	0	0	0	330	0	2204	1354	0	12458	4252	2194	96	0	0	0	0	0	1240	0	1862	100	0	0	3652	0	3934	0	302	0	124	0	228	0	106	0	0	0	0	0	0	0	6904	1584	3518	1046	0	0	0	0	0	0	0	0	0	0	0	0	0	0	146	0	0	0	86	0	0	0	0	0	0	0	0	0	0	0	0	0	0	0	0	0	0	0	0	0	0	0	0	0	0	0	
505516	Cingulum_Mid_R	2566	1842	2434	17752	0	0	172	4110	0	0	0	1024	0	2896	0	1004	0	0	12114	41796	0	0	9718	11234	0	0	0	0	0	2802	2062	17106	12458	0	2966	8512	0	1088	0	882	0	0	0	3140	0	2576	0	2066	0	710	0	1288	0	4066	0	4932	0	3336	0	0	0	174	0	668	0	306	1918	24876	7062	20516	1588	1118	0	738	0	0	742	224	0	300	0	2056	0	0	0	6302	0	0	0	5518	0	0	0	0	0	0	0	0	0	0	0	0	0	0	0	0	0	0	0	0	0	0	0	0	0	0	
162760	Cingulum_Post_L	3222	204	314	0	0	0	0	0	0	0	0	0	0	0	0	0	0	0	890	2532	0	0	0	0	0	0	0	0	138	0	444	0	4252	2966	0	9354	5756	2640	4546	2142	0	0	3554	414	1410	0	2476	1828	326	0	938	0	586	0	3136	1642	170	0	0	0	0	0	0	0	0	0	8082	3022	6026	2056	222	0	0	0	0	0	2948	1522	0	0	0	0	0	0	536	0	0	0	540	106	0	0	0	0	0	0	0	324	0	0	0	0	0	0	0	0	0	0	0	0	116	0	0	0	0	0	
217708	Cingulum_Post_R	940	1790	140	340	0	0	0	258	0	0	0	0	0	0	0	0	0	86	824	6312	0	0	138	0	0	0	0	0	0	268	0	0	2194	8512	9354	0	1832	9084	998	6238	0	0	0	3512	0	528	0	7068	0	88	0	298	0	1146	498	7720	0	582	0	0	0	0	0	0	0	0	1896	12650	1580	5802	1274	344	0	472	0	0	6624	4732	0	0	0	0	0	0	0	274	0	0	0	1472	0	0	0	0	0	0	0	494	0	0	0	0	0	0	0	0	0	0	0	0	492	0	0	0	0	0	
336852	Hippocampus_L	5526	0	6978	146	0	0	1476	0	0	0	312	0	556	0	312	0	470	0	9788	250	924	0	0	0	0	0	0	0	13044	0	0	0	96	0	5756	1832	0	1752	21880	1266	7602	0	3392	0	230	0	6336	1590	0	0	306	0	224	0	24748	842	214	0	0	0	0	0	0	0	0	0	6570	148	4366	0	114	0	9918	0	684	0	5018	1116	1312	0	1576	0	1900	0	690	0	544	0	13732	0	1090	0	0	0	0	0	536	298	966	0	0	0	0	0	0	0	0	0	0	0	0	0	0	0	0	0	
551052	Hippocampus_R	594	10400	564	5118	0	112	0	6486	0	0	0	3082	0	1216	0	94	0	2542	632	2940	0	228	86	750	0	0	0	0	0	11202	0	2020	0	1088	2640	9084	1752	0	898	52390	0	9918	0	1950	0	288	0	8218	0	0	0	112	0	924	468	61596	0	1124	0	0	0	0	0	222	0	0	0	6128	562	2122	556	4652	0	24740	0	772	4396	7364	0	726	0	1376	0	2268	0	1192	0	84	0	7156	0	484	0	178	0	0	0	5636	0	3548	0	112	0	158	0	0	0	0	0	0	578	0	0	0	0	0	
172668	ParaHippocampal_L	1688	0	1620	0	0	0	206	0	0	0	0	0	0	0	0	0	0	0	3538	94	274	0	0	0	0	0	0	0	852	0	0	0	0	0	4546	998	21880	898	0	684	2756	0	3112	0	210	0	6140	1342	0	0	288	0	144	0	11072	466	0	0	0	0	0	0	0	0	0	0	5804	106	1670	0	0	0	4318	0	596	0	2976	392	0	0	0	0	750	0	164	0	512	0	1554	0	1010	0	86	0	442	0	1702	178	1094	0	0	0	0	0	84	0	0	0	0	88	0	0	0	0	0	0	
432528	ParaHippocampal_R	310	6136	374	3468	0	0	0	4148	0	0	0	1976	0	734	0	106	0	2088	398	2132	0	274	0	578	0	0	0	0	0	6834	0	1422	0	882	2142	6238	1266	52390	684	0	0	8322	0	1126	0	100	0	7940	0	0	0	0	0	554	330	46710	0	790	0	0	0	0	0	220	0	0	0	4280	350	1344	302	3600	0	15006	0	674	2710	4778	0	526	0	758	0	3496	0	724	0	1798	0	2932	0	602	0	230	0	0	0	6558	0	3952	0	132	0	248	0	0	0	0	0	0	510	0	82	0	0	0	
49320	Amygdala_L	0	0	530	0	0	0	580	0	0	0	0	0	514	0	598	0	0	0	236	0	896	0	0	0	0	0	0	0	2408	0	0	0	0	0	0	0	7602	0	2756	0	0	0	0	0	0	0	0	184	0	0	0	0	0	0	3324	0	0	0	0	0	0	0	0	0	0	0	0	0	0	0	0	0	946	0	0	0	0	0	0	0	0	0	1304	0	124	0	558	0	2100	0	0	0	0	0	0	0	0	0	0	0	0	0	0	0	0	0	0	0	0	0	0	0	0	0	0	0	
64844	Amygdala_R	0	0	0	0	0	0	0	0	0	0	0	0	0	0	0	0	0	0	0	0	0	420	0	0	0	0	0	0	0	360	0	0	0	0	0	0	0	9918	0	8322	0	0	0	0	0	0	0	0	0	0	0	0	0	0	0	7746	0	0	0	0	0	0	0	0	0	0	0	0	0	0	0	0	0	1258	0	0	0	0	0	0	0	0	0	2498	0	0	0	532	0	86	0	0	0	0	0	0	0	632	0	650	0	0	0	0	0	0	0	0	0	0	0	0	0	0	0	0	
329436	Calcarine_L	1294	0	0	0	0	0	0	0	0	0	0	0	0	0	0	0	0	0	0	0	0	0	0	0	0	0	0	0	0	0	0	0	1240	0	3554	0	3392	0	3112	0	0	0	0	5172	21734	2396	18256	2040	12050	968	28654	152	12836	0	9090	0	870	0	224	0	160	0	0	0	1016	0	24594	1616	2282	0	0	0	0	0	0	0	0	0	0	0	0	0	0	0	5416	0	0	0	1396	0	174	0	0	0	0	0	326	0	402	0	0	0	0	0	0	0	0	0	0	0	302	0	0	0	0	0	
443368	Calcarine_R	0	2920	88	1586	0	0	0	546	0	0	0	0	0	0	0	0	0	0	82	2270	0	0	0	0	0	0	0	0	0	376	0	0	0	3140	414	3512	0	1950	0	1126	0	0	5172	0	2558	36250	1386	27880	122	19480	0	18148	0	11256	0	12730	0	6522	0	662	0	756	0	452	0	636	3462	40880	0	5044	0	294	0	282	0	158	0	0	0	0	0	208	0	0	0	5074	0	0	0	3300	0	0	0	0	0	0	0	114	0	0	0	0	0	0	0	0	0	0	0	0	738	110	0	0	0	0	
239612	Cuneus_L	326	0	0	0	0	0	0	0	0	0	0	0	0	0	0	0	0	0	0	0	0	0	0	0	0	0	0	0	0	0	0	0	1862	0	1410	0	230	0	210	0	0	0	21734	2558	0	9580	3648	272	26336	3760	15830	158	2754	0	1342	0	688	0	752	0	0	0	0	0	232	0	19854	3068	1644	0	0	0	0	0	0	0	0	0	0	0	0	0	0	0	1558	0	0	0	0	0	0	0	0	0	0	0	0	0	0	0	0	0	0	0	0	0	0	0	0	0	0	0	0	0	0	0	
425032	Cuneus_R	0	2614	82	1180	0	0	0	588	0	0	0	120	0	0	0	0	0	0	0	1322	0	0	0	0	0	0	0	0	0	108	0	0	100	2576	0	528	0	288	0	100	0	0	2396	36250	9580	0	392	10356	2896	38166	1018	21580	0	5764	0	4528	0	6290	0	3534	0	568	0	450	0	572	6044	40196	0	2956	0	254	0	268	0	144	0	0	0	0	0	0	0	0	0	5536	0	0	0	2908	0	0	0	0	0	0	0	0	0	0	0	0	0	0	0	0	0	0	0	0	182	82	0	0	0	0	
437344	Lingual_L	258	0	0	0	0	0	0	0	0	0	0	0	0	0	0	0	0	0	112	0	0	0	0	0	0	0	0	0	0	0	0	0	0	0	2476	0	6336	0	6140	0	0	0	18256	1386	3648	392	0	8036	4202	126	15778	0	9562	388	23974	2818	0	0	0	0	0	0	0	0	0	0	9892	402	288	0	0	0	0	0	0	0	844	86	0	0	0	0	0	0	462	0	0	0	586	0	16854	5958	308	84	886	82	20564	4936	25688	7238	0	0	0	180	0	0	0	0	0	92	12038	6366	950	0	0	0	
519696	Lingual_R	256	1404	214	464	0	0	0	186	0	0	0	82	0	0	0	0	0	0	330	1368	0	0	0	0	0	0	0	0	0	228	0	206	0	2066	1828	7068	1590	8218	1342	7940	184	0	2040	27880	272	10356	8036	0	0	6930	0	4064	164	5462	2748	30568	0	2150	0	176	0	142	0	90	0	252	1552	19944	256	3000	110	352	358	368	140	0	2076	2160	0	0	0	0	0	0	0	434	0	0	0	418	7264	12240	2082	770	234	734	4820	6882	9846	14970	158	0	0	152	0	0	0	0	0	378	9634	16554	5410	128	120	0	
240948	Occipital_Sup_L	130	0	0	0	0	0	0	0	0	0	0	0	0	0	0	0	0	0	0	0	0	0	0	0	0	0	0	0	0	0	0	0	3652	0	326	0	0	0	0	0	0	0	12050	122	26336	2896	4202	0	0	532	34308	0	2076	0	864	0	732	0	6512	0	3576	0	0	0	1504	0	18482	1110	646	0	0	0	0	0	0	0	0	0	0	0	0	0	0	0	418	0	0	0	0	0	0	0	0	0	0	0	0	0	0	0	0	0	0	0	0	0	0	0	0	0	0	0	0	0	0	0	
293928	Occipital_Sup_R	0	742	0	216	0	0	0	404	0	0	0	174	0	0	0	0	0	0	0	202	0	0	0	0	0	0	0	0	0	0	0	0	0	710	0	88	0	0	0	0	0	0	968	19480	3760	38166	126	6930	532	0	0	27486	0	1668	0	756	0	1032	0	7390	0	916	0	0	0	4372	4036	24274	0	578	0	0	0	0	0	0	0	0	0	0	0	0	0	0	0	1876	0	0	0	0	0	0	0	0	0	0	0	0	0	0	0	0	0	0	0	0	0	0	0	0	0	82	0	0	0	0	
520940	Occipital_Mid_L	5690	0	0	0	0	0	0	0	0	0	0	0	0	0	0	0	516	0	0	0	0	0	0	0	0	0	0	0	670	0	0	0	3934	0	938	0	306	0	288	0	0	0	28654	0	15830	1018	15778	0	34308	0	0	0	28742	0	8738	0	7624	0	11910	0	14390	0	670	0	18818	0	19552	282	6526	0	0	0	0	0	0	0	0	0	408	0	1430	0	0	0	25838	0	0	0	6204	0	0	0	0	0	0	0	512	0	650	0	0	0	0	0	0	0	0	0	0	0	246	0	0	0	0	0	
288276	Occipital_Mid_R	0	1874	0	546	0	0	0	510	0	0	0	142	0	0	0	0	0	0	0	618	0	0	0	0	0	0	0	0	0	86	0	0	0	1288	0	298	0	112	0	0	0	0	152	18148	158	21580	0	4064	0	27486	0	0	0	6320	0	2376	0	4302	0	2886	0	5608	0	584	0	14368	184	15146	0	1730	0	100	0	0	0	0	0	0	0	0	0	170	0	0	0	11632	0	0	0	1670	0	0	0	0	0	0	0	0	0	0	0	0	0	0	0	0	0	0	0	0	0	0	0	0	0	0	
238744	Occipital_Inf_L	7168	0	166	0	0	0	244	0	0	0	102	0	0	0	0	0	94	0	86	0	0	0	0	0	0	0	0	0	2100	0	0	0	302	0	586	0	224	0	144	0	0	0	12836	0	2754	0	9562	164	2076	0	28742	0	0	0	16320	0	1718	0	94	0	132	0	0	0	1578	0	3844	0	3254	0	0	0	0	0	0	0	0	0	776	0	0	0	0	0	12220	0	0	0	8592	0	674	0	0	0	0	0	756	0	1426	82	0	0	0	0	0	0	0	0	0	0	348	208	0	0	0	0	
170592	Occipital_Inf_R	0	3294	0	1210	0	0	0	864	0	0	0	384	0	0	0	0	0	122	0	1418	0	0	0	88	0	0	0	0	0	512	0	112	0	4066	0	1146	0	924	0	554	0	0	0	11256	0	5764	388	5462	0	1668	0	6320	0	0	236	13970	0	1440	0	0	0	114	0	0	0	108	0	6902	0	4966	0	186	0	258	0	0	0	0	0	128	0	234	0	0	0	2478	0	0	0	6166	172	174	86	0	0	0	82	118	408	408	0	0	0	0	0	0	0	0	0	0	132	794	184	0	0	0	
611776	Fusiform_L	12600	0	4946	102	0	0	2250	0	0	0	704	0	102	0	0	0	364	0	3082	140	232	0	0	0	0	0	0	0	10352	0	0	0	124	0	3136	498	24748	468	11072	330	3324	0	9090	0	1342	0	23974	2748	864	0	8738	0	16320	236	0	1152	1740	0	0	0	0	0	0	0	0	0	6258	0	3962	0	0	0	2370	0	0	0	1356	196	4078	0	1930	0	2384	0	5810	0	2358	0	32358	0	30042	1898	3008	0	288	0	16916	1264	34102	2310	244	0	442	116	194	0	0	0	0	108	3784	2952	382	0	0	0	
847544	Fusiform_R	162	12462	356	4224	0	0	0	5356	0	0	0	2650	0	868	0	146	0	2240	370	3778	0	130	0	568	0	0	0	0	0	11482	0	1344	0	4932	1642	7720	842	61596	466	46710	0	7746	0	12730	0	4528	2818	30568	0	756	0	2376	0	13970	1152	0	0	2450	0	0	0	148	0	300	0	0	0	15402	244	4990	250	3234	0	19076	0	584	1690	3298	0	880	0	1864	0	4360	0	5974	0	2446	0	25558	4144	17826	1530	1136	0	312	1724	11976	4478	23572	198	212	110	576	0	136	0	0	0	0	3554	8616	4018	134	84	0	
313148	Postcentral_L	34532	0	3640	302	0	0	1102	0	0	0	1938	0	0	0	0	0	9976	0	1072	232	0	0	0	0	0	0	0	0	6638	0	0	0	228	0	170	0	214	0	0	0	0	0	870	0	688	0	0	0	732	0	7624	0	1718	0	1740	0	0	0	10740	0	23122	0	14010	0	3334	0	4446	0	5014	0	0	164	0	0	0	0	156	126	5996	0	7906	0	0	0	4410	0	0	0	3734	0	0	0	0	0	0	0	0	0	0	0	0	0	0	0	0	0	0	0	0	0	0	0	0	0	0	0	
224236	Postcentral_R	0	19744	0	474	0	0	0	510	0	0	0	1734	0	0	0	0	0	3742	0	1044	0	0	0	0	0	0	0	0	0	2274	0	0	0	3336	0	582	0	1124	0	790	0	0	0	6522	0	6290	0	2150	0	1032	0	4302	0	1440	0	2450	0	0	0	3724	0	4248	0	11012	0	654	0	16698	188	9350	0	602	0	276	0	0	128	0	0	302	0	1414	0	0	0	2358	0	0	0	1624	0	0	0	0	0	0	0	0	0	0	0	0	0	0	0	0	0	0	0	0	0	0	0	0	0	0	
130232	Parietal_Sup_L	578	0	0	0	0	0	0	0	0	0	0	0	0	0	0	0	148	0	0	0	0	0	0	0	0	0	0	0	292	0	0	0	106	0	0	0	0	0	0	0	0	0	224	0	752	0	0	0	6512	0	11910	0	94	0	0	0	10740	0	0	0	13106	0	0	0	4118	0	14188	1148	560	0	0	0	0	0	0	0	0	0	0	0	242	0	0	0	148	0	0	0	250	0	0	0	0	0	0	0	0	0	0	0	0	0	0	0	0	0	0	0	0	0	0	0	0	0	0	0	
69000	Parietal_Sup_R	0	642	0	0	0	0	0	0	0	0	0	0	0	0	0	0	0	0	0	0	0	0	0	0	0	0	0	0	0	172	0	0	0	0	0	0	0	0	0	0	0	0	0	662	0	3534	0	176	0	7390	0	2886	0	0	0	0	0	3724	0	0	0	3674	0	178	0	3454	606	7218	0	184	0	0	0	0	0	0	0	0	0	0	0	0	0	0	0	0	0	0	0	0	0	0	0	0	0	0	0	0	0	0	0	0	0	0	0	0	0	0	0	0	0	0	0	0	0	0	
200856	Parietal_Inf_L	5024	0	392	0	0	0	0	0	0	0	0	0	0	0	0	0	172	0	128	0	0	0	0	0	0	0	0	0	92	0	0	0	0	0	0	0	0	0	0	0	0	0	160	0	0	0	0	0	3576	0	14390	0	132	0	0	0	23122	0	13106	0	0	0	14976	0	19714	0	1282	0	344	0	0	0	0	0	0	0	0	0	0	0	912	0	0	0	2290	0	0	0	616	0	0	0	0	0	0	0	0	0	0	0	0	0	0	0	0	0	0	0	0	0	0	0	0	0	0	0	
77080	Parietal_Inf_R	0	1706	0	124	0	0	0	160	0	0	0	98	0	0	0	0	0	0	0	0	0	0	0	0	0	0	0	0	0	248	0	0	0	174	0	0	0	0	0	0	0	0	0	756	0	568	0	142	0	916	0	5608	0	114	0	148	0	4248	0	3674	0	0	0	5648	0	10554	0	1974	0	472	0	0	0	0	0	0	0	0	0	0	0	396	0	0	0	624	0	0	0	188	0	0	0	0	0	0	0	0	0	0	0	0	0	0	0	0	0	0	0	0	0	0	0	0	0	0	
134892	SupraMarginal_L	5506	0	502	0	0	0	0	0	0	0	0	0	0	0	0	0	1874	0	166	82	0	0	0	0	0	0	0	0	566	0	0	0	0	0	0	0	0	0	0	0	0	0	0	0	0	0	0	0	0	0	670	0	0	0	0	0	14010	0	0	0	14976	0	0	0	9294	0	0	0	0	0	0	0	0	0	0	0	0	0	242	0	10230	0	0	0	8168	0	0	0	1160	0	0	0	0	0	0	0	0	0	0	0	0	0	0	0	0	0	0	0	0	0	0	0	0	0	0	0	
107408	SupraMarginal_R	0	3756	0	96	0	0	0	130	0	0	0	0	0	0	0	0	0	3080	0	0	0	0	0	0	0	0	0	0	0	664	0	0	0	668	0	0	0	222	0	220	0	0	0	452	0	450	0	90	0	0	0	584	0	0	0	300	0	11012	0	178	0	5648	0	0	0	6998	0	2460	0	856	0	250	0	0	0	0	114	0	0	610	0	9624	0	0	0	4128	0	0	0	1114	0	0	0	0	0	0	0	0	0	0	0	0	0	0	0	0	0	0	0	0	0	0	0	0	0	0	
158144	Angular_L	1958	0	0	0	0	0	0	0	0	0	0	0	0	0	0	0	298	0	0	0	0	0	0	0	0	0	0	0	466	0	0	0	0	0	0	0	0	0	0	0	0	0	1016	0	232	0	0	0	1504	0	18818	0	1578	0	0	0	3334	0	4118	0	19714	0	9294	0	0	0	200	0	254	0	0	0	0	0	0	0	0	0	170	0	3324	0	0	0	11844	0	0	0	950	0	0	0	0	0	0	0	0	0	0	0	0	0	0	0	0	0	0	0	0	0	0	0	0	0	0	0	
108680	Angular_R	0	440	0	0	0	0	0	0	0	0	0	0	0	0	0	0	0	92	0	0	0	0	0	0	0	0	0	0	0	0	0	0	0	306	0	0	0	0	0	0	0	0	0	636	0	572	0	252	0	4372	0	14368	0	108	0	0	0	654	0	3454	0	10554	0	6998	0	0	0	948	0	312	0	0	0	0	0	0	0	0	0	0	0	3958	0	0	0	6204	0	0	0	112	0	0	0	0	0	0	0	0	0	0	0	0	0	0	0	0	0	0	0	0	0	0	0	0	0	0	
392500	Precuneus_L	1140	0	0	0	0	0	0	0	0	0	0	0	0	0	0	0	164	0	344	210	0	0	0	0	0	0	0	0	222	0	0	0	6904	1918	8082	1896	6570	0	5804	0	0	0	24594	3462	19854	6044	9892	1552	18482	4036	19552	184	3844	0	6258	0	4446	0	14188	606	1282	0	0	0	200	0	0	13930	5104	208	0	0	0	0	0	0	376	0	0	0	260	0	0	0	2492	0	0	0	1654	0	208	0	0	0	0	0	0	0	102	0	0	0	0	0	0	0	0	0	0	0	186	0	0	0	0	0	
654472	Precuneus_R	0	7322	128	1900	0	0	0	2090	0	0	0	434	0	0	0	0	0	272	346	4978	0	0	0	162	0	0	0	0	0	1148	0	194	1584	24876	3022	12650	148	6128	106	4280	0	0	1616	40880	3068	40196	402	19944	1110	24274	282	15146	0	6902	0	15402	0	16698	1148	7218	0	1974	0	2460	0	948	13930	0	458	13658	0	728	0	696	0	140	612	364	0	392	0	2898	0	0	0	12014	0	0	0	8078	0	0	0	0	0	0	0	448	0	0	0	0	0	0	0	0	0	0	0	0	1384	0	0	0	0	0	
303820	Paracentral_Lobule_L	34788	472	2948	3372	0	0	216	0	0	0	0	0	0	0	0	0	132	0	17510	11626	0	0	0	0	0	0	0	0	1032	0	0	0	3518	7062	6026	1580	4366	562	1670	350	0	0	2282	0	1644	0	288	256	646	0	6526	0	3254	0	3962	244	5014	188	560	0	344	0	0	0	254	0	5104	458	0	2582	3106	322	2022	0	0	0	8518	952	658	0	350	0	0	0	2568	0	0	0	2266	0	312	0	0	0	0	0	0	0	0	0	0	0	0	0	0	0	0	0	0	0	0	0	0	0	0	0	
228224	Paracentral_Lobule_R	836	6210	0	392	0	0	0	236	0	0	0	96	0	0	0	0	0	0	462	16698	0	0	0	0	0	0	0	0	0	324	0	0	1046	20516	2056	5802	0	2122	0	1344	0	0	0	5044	0	2956	0	3000	0	578	0	1730	0	4966	0	4990	0	9350	0	184	0	472	0	856	0	312	208	13658	2582	0	524	106	0	96	0	0	194	94	0	0	0	342	0	0	0	1036	0	0	0	2694	0	0	0	0	0	0	0	0	0	0	0	0	0	0	0	0	0	0	0	0	0	0	0	0	0	0	
258576	Caudate_L	2878	1238	9246	4074	2218	94	1520	1660	500	0	148	0	936	0	1784	0	0	0	10050	5600	6712	6008	490	98	556	468	1374	82	3130	0	7838	3236	0	1588	222	1274	114	556	0	302	0	0	0	0	0	0	0	110	0	0	0	0	0	0	0	250	0	0	0	0	0	0	0	0	0	0	0	0	3106	524	0	12562	16568	3798	3178	708	11094	1314	0	0	0	0	82	0	0	0	0	0	0	0	0	0	0	0	0	0	0	0	0	0	0	0	0	0	0	0	0	0	0	0	0	0	0	0	0	0	
484336	Caudate_R	508	5068	2142	27242	156	6462	166	17692	0	176	0	1768	120	768	104	1176	0	670	2416	8478	3904	11398	740	12168	178	8412	0	4726	280	3370	5488	26622	0	1118	0	344	0	4652	0	3600	0	0	0	294	0	254	0	352	0	0	0	100	0	186	0	3234	164	602	0	0	0	0	0	250	0	0	0	728	322	106	12562	0	6976	25958	1906	3934	1150	19758	0	0	0	228	0	236	0	116	0	0	0	158	0	0	0	0	0	0	0	386	0	96	0	0	0	0	0	0	0	0	0	0	0	0	0	0	0	0	
316876	Putamen_L	1530	0	16864	668	6184	88	4586	170	2250	0	278	0	3332	0	6788	0	138	0	17726	690	4132	4704	1590	0	590	290	1890	84	13486	0	8908	2078	0	0	0	0	9918	0	4318	0	946	0	0	0	0	0	0	358	0	0	0	0	0	0	2370	0	0	0	0	0	0	0	0	0	0	0	0	0	2022	0	16568	6976	0	2734	6272	686	2362	0	226	0	632	0	926	0	178	0	164	0	1652	0	86	0	0	0	0	0	0	0	0	0	0	0	0	0	0	0	0	0	0	0	0	0	0	0	0	0	
493264	Putamen_R	0	6822	0	13068	112	7232	0	11546	0	874	0	9590	0	5538	0	5316	0	4856	0	1304	1948	4010	694	6828	86	4716	0	2370	0	25502	3722	13146	0	738	0	472	0	24740	0	15006	0	1258	0	282	0	268	0	368	0	0	0	0	0	258	0	19076	0	276	0	0	0	0	0	0	0	0	0	696	0	96	3798	25958	2734	0	212	4812	0	3486	0	0	0	2016	0	3032	0	710	0	0	0	2616	0	304	0	112	0	0	0	1936	0	1920	0	82	0	90	0	0	0	0	0	0	0	0	0	0	0	0	
46492	Pallidum_L	0	0	2134	276	0	0	0	0	0	0	0	0	0	0	0	0	0	0	3936	292	392	1422	0	0	0	0	0	0	148	0	94	0	0	0	0	0	684	0	596	0	0	0	0	0	0	0	0	140	0	0	0	0	0	0	0	0	0	0	0	0	0	0	0	0	0	0	0	0	0	0	3178	1906	6272	212	0	246	1318	0	0	0	0	0	0	0	0	0	0	0	0	0	0	0	0	0	0	0	0	0	0	0	0	0	0	0	0	0	0	0	0	0	0	0	0	0	0	0	
34856	Pallidum_R	0	1156	0	514	0	0	0	1052	0	0	0	288	0	120	0	0	0	246	0	0	0	582	0	0	0	0	0	0	0	214	102	202	0	0	0	0	0	772	0	674	0	0	0	158	0	144	0	0	0	0	0	0	0	0	0	584	0	0	0	0	0	0	0	0	0	0	0	140	0	0	708	3934	686	4812	246	0	0	0	0	0	0	0	0	0	0	0	0	0	0	94	0	0	0	0	0	0	0	0	0	0	0	0	0	0	0	0	0	0	0	0	0	0	0	0	0	0	
195588	Thalamus_L	7748	2544	2494	2086	0	0	980	690	0	0	168	0	0	0	0	0	294	0	7002	3130	0	0	0	0	0	0	0	0	1310	0	0	0	0	742	2948	6624	5018	4396	2976	2710	0	0	0	0	0	0	844	2076	0	0	0	0	0	0	1356	1690	156	128	0	0	0	0	0	114	0	0	376	612	8518	194	11094	1150	2362	0	1318	0	0	9938	188	0	420	0	0	0	0	0	0	0	1024	0	110	0	0	0	0	0	0	266	0	0	0	0	0	0	0	0	0	0	0	0	0	0	0	0	0	0	
198408	Thalamus_R	1170	5194	538	8898	0	298	92	11120	0	0	0	178	0	86	0	88	0	0	882	4148	0	0	0	960	0	138	0	0	0	460	228	2266	0	224	1522	4732	1116	7364	392	4778	0	0	0	0	0	0	86	2160	0	0	0	0	0	0	196	3298	126	0	0	0	0	0	0	0	0	0	0	364	952	94	1314	19758	0	3486	0	0	9938	0	0	0	0	0	0	0	0	0	0	0	0	0	0	0	0	0	0	0	0	464	0	0	0	0	0	0	0	0	0	0	0	96	0	0	0	0	0	0	
161992	Heschl_L	10808	0	3378	0	0	0	2050	0	0	0	1976	0	140	0	0	0	9032	0	1960	0	0	0	0	0	0	0	0	0	14576	0	0	0	0	0	0	0	1312	0	0	0	0	0	0	0	0	0	0	0	0	0	408	0	776	0	4078	0	5996	0	0	0	0	0	242	0	170	0	0	0	658	0	0	0	226	0	0	0	188	0	0	0	9038	0	0	0	6248	0	0	0	7364	0	372	0	0	0	0	0	0	0	0	0	0	0	0	0	0	0	0	0	0	0	0	0	0	0	0	0	
28000	Heschl_R	0	444	0	102	0	0	0	178	0	0	0	240	0	0	0	0	0	1198	0	0	0	0	0	0	0	0	0	0	0	2916	0	0	0	300	0	0	0	726	0	526	0	0	0	0	0	0	0	0	0	0	0	0	0	128	0	880	0	302	0	0	0	0	0	610	0	0	0	392	0	0	0	0	0	0	0	0	0	0	0	0	0	3880	0	0	0	830	0	0	0	348	0	0	0	0	0	0	0	0	0	0	0	0	0	0	0	0	0	0	0	0	0	0	0	0	0	0	
293992	Temporal_Sup_L	6294	0	2776	0	0	0	1698	0	0	0	3174	0	970	0	214	0	15562	0	2082	0	0	0	0	0	0	0	0	0	16206	0	0	0	0	0	0	0	1576	0	0	0	0	0	0	0	0	0	0	0	0	0	1430	0	0	0	1930	0	7906	0	242	0	912	0	10230	0	3324	0	260	0	350	0	0	0	632	0	0	0	420	0	9038	0	0	0	6050	0	34494	0	206	0	18842	0	178	0	0	0	0	0	0	0	0	0	0	0	0	0	0	0	0	0	0	0	0	0	0	0	0	0	
127796	Temporal_Sup_R	0	1206	0	306	0	0	0	564	0	0	0	1068	0	122	0	554	0	3578	0	0	0	0	0	0	0	0	0	0	0	6914	0	0	0	2056	0	0	0	1376	0	758	0	0	0	208	0	0	0	0	0	0	0	170	0	234	0	1864	0	1414	0	0	0	396	0	9624	0	3958	0	2898	0	342	0	228	0	2016	0	0	0	0	0	3880	0	0	0	2182	0	13100	0	112	0	2682	0	0	0	0	0	0	0	88	0	0	0	0	0	0	0	0	0	0	0	0	0	0	0	0	0	0	
121384	Temporal_Pole_Sup_L	414	0	1672	0	178	0	980	0	268	0	2230	0	2212	0	1876	0	2160	0	1226	0	168	0	0	0	0	0	0	0	7470	0	0	0	0	0	0	0	1900	0	750	0	1304	0	0	0	0	0	0	0	0	0	0	0	0	0	2384	0	0	0	0	0	0	0	0	0	0	0	0	0	0	0	82	0	926	0	0	0	0	0	0	0	6050	0	0	0	10490	0	6054	0	9898	0	0	0	0	0	0	0	0	0	0	0	0	0	0	0	0	0	0	0	0	0	0	0	0	0	0	0	
81532	Temporal_Pole_Sup_R	0	0	0	156	0	0	0	246	0	0	0	2466	0	294	0	1284	0	2444	0	0	0	672	0	0	0	0	0	0	0	5078	0	0	0	0	0	0	0	2268	0	3496	0	2498	0	0	0	0	0	0	0	0	0	0	0	0	0	4360	0	0	0	0	0	0	0	0	0	0	0	0	0	0	0	236	0	3032	0	0	0	0	0	0	0	2182	0	0	0	3090	0	4524	0	1674	0	0	0	0	0	0	0	292	0	474	0	0	0	0	0	0	0	0	0	0	0	0	0	0	0	0	
437276	Temporal_Mid_L	11092	0	498	0	0	0	384	0	0	0	504	0	124	0	96	0	5650	0	296	0	0	0	0	0	0	0	0	0	14198	0	0	0	146	0	536	0	690	0	164	0	124	0	5416	0	1558	0	462	0	418	0	25838	0	12220	0	5810	0	4410	0	148	0	2290	0	8168	0	11844	0	2492	0	2568	0	0	0	178	0	0	0	0	0	6248	0	34494	0	10490	0	0	0	5454	0	43478	0	152	0	0	0	0	0	0	0	0	0	0	0	0	0	0	0	0	0	0	0	0	0	0	0	0	0	
221284	Temporal_Mid_R	0	1474	0	302	0	0	0	444	0	0	0	174	0	88	0	0	0	144	0	272	0	0	0	0	0	0	0	0	0	2608	0	0	0	6302	0	274	0	1192	0	724	0	0	0	5074	0	5536	0	434	0	1876	0	11632	0	2478	0	5974	0	2358	0	0	0	624	0	4128	0	6204	0	12014	0	1036	0	116	0	710	0	0	0	0	0	830	0	13100	0	3090	0	0	0	1418	0	17772	0	0	0	0	0	0	0	110	0	130	0	0	0	0	0	0	0	0	0	0	0	0	0	0	0	0	
45332	Temporal_Pole_Mid_L	0	0	0	0	0	0	0	0	0	0	0	0	0	0	0	0	0	0	0	0	0	0	0	0	0	0	0	0	758	0	0	0	0	0	0	0	544	0	512	0	558	0	0	0	0	0	0	0	0	0	0	0	0	0	2358	0	0	0	0	0	0	0	0	0	0	0	0	0	0	0	0	0	164	0	0	0	0	0	0	0	206	0	6054	0	5454	0	0	0	6058	0	0	0	0	0	0	0	0	0	0	0	0	0	0	0	0	0	0	0	0	0	0	0	0	0	0	0	
25708	Temporal_Pole_Mid_R	0	0	0	0	0	0	0	0	0	0	0	0	0	0	0	100	0	0	0	0	0	0	0	0	0	0	0	0	0	332	0	0	0	0	0	0	0	84	0	1798	0	532	0	0	0	0	0	0	0	0	0	0	0	0	0	2446	0	0	0	0	0	0	0	0	0	0	0	0	0	0	0	0	0	0	0	0	0	0	0	0	0	112	0	4524	0	1418	0	0	0	1508	0	0	0	0	0	0	0	0	0	0	0	0	0	0	0	0	0	0	0	0	0	0	0	0	0	0	
456840	Temporal_Inf_L	14554	0	5580	0	0	0	2802	0	0	0	916	0	724	0	96	0	2624	0	2450	114	0	0	0	0	0	0	0	0	23980	0	0	0	86	0	540	0	13732	0	1554	0	2100	0	1396	0	0	0	586	0	0	0	6204	0	8592	0	32358	0	3734	0	250	0	616	0	1160	0	950	0	1654	0	2266	0	0	0	1652	0	0	0	1024	0	7364	0	18842	0	9898	0	43478	0	6058	0	0	0	5480	0	400	0	0	0	368	0	2148	0	0	0	90	0	0	0	0	0	0	0	0	0	0	0	0	0	
230596	Temporal_Inf_R	0	4510	0	524	0	0	0	812	0	0	0	548	0	172	0	0	0	418	0	972	0	0	0	0	0	0	0	0	0	4266	0	0	0	5518	106	1472	0	7156	0	2932	0	86	0	3300	0	2908	0	418	0	0	0	1670	0	6166	0	25558	0	1624	0	0	0	188	0	1114	0	112	0	8078	0	2694	0	158	0	2616	0	94	0	0	0	348	0	2682	0	1674	0	17772	0	1508	0	0	0	2338	0	606	0	0	0	426	0	1644	0	0	0	110	0	0	0	0	0	0	0	0	0	0	0	0	
673764	Cerebelum_Crus1_L	656	0	308	0	0	0	0	0	0	0	0	0	0	0	0	0	0	0	230	0	0	0	0	0	0	0	0	0	388	0	0	0	0	0	0	0	1090	0	1010	0	0	0	174	0	0	0	16854	7264	0	0	0	0	674	172	30042	4144	0	0	0	0	0	0	0	0	0	0	208	0	312	0	0	0	86	0	0	0	110	0	372	0	178	0	0	0	152	0	0	0	5480	0	0	9866	34848	3052	4636	1146	39026	6932	71630	12758	12218	320	16170	2464	4078	596	300	0	616	4082	17012	12392	9164	1628	1110	934	
579856	Cerebelum_Crus1_R	0	0	0	0	0	0	0	0	0	0	0	0	0	0	0	0	0	0	0	0	0	0	0	0	0	0	0	0	0	94	0	0	0	0	0	0	0	484	0	602	0	0	0	0	0	0	5958	12240	0	0	0	0	0	174	1898	17826	0	0	0	0	0	0	0	0	0	0	0	0	0	0	0	0	0	304	0	0	0	0	0	0	0	0	0	0	0	0	0	0	0	2338	9866	0	2076	31500	0	6180	11938	24498	11286	63634	592	9442	412	20686	132	2746	0	184	804	4292	18178	13526	9976	2690	2326	1046	
364076	Cerebelum_Crus2_L	0	0	0	0	0	0	0	0	0	0	0	0	0	0	0	0	0	0	0	0	0	0	0	0	0	0	0	0	0	0	0	0	0	0	0	0	0	0	86	0	0	0	0	0	0	0	308	2082	0	0	0	0	0	86	3008	1530	0	0	0	0	0	0	0	0	0	0	0	0	0	0	0	0	0	0	0	0	0	0	0	0	0	0	0	0	0	0	0	0	400	0	34848	2076	0	7346	764	996	4050	666	7132	2060	38814	4172	36552	3708	7146	386	478	0	156	1078	1284	3912	11106	3822	1446	540	
313004	Cerebelum_Crus2_R	0	0	0	0	0	0	0	0	0	0	0	0	0	0	0	0	0	0	0	0	0	0	0	0	0	0	0	0	0	0	0	0	0	0	0	0	0	178	0	230	0	0	0	0	0	0	84	770	0	0	0	0	0	0	0	1136	0	0	0	0	0	0	0	0	0	0	0	0	0	0	0	0	0	112	0	0	0	0	0	0	0	0	0	0	0	0	0	0	0	606	3052	31500	7346	0	132	2762	1416	2196	1528	7640	5950	24788	4186	31494	170	3452	0	162	710	2584	2016	2038	11404	3976	2174	710	
66856	Cerebelum_3_L	0	0	0	0	0	0	0	0	0	0	0	0	0	0	0	0	0	0	0	0	0	0	0	0	0	0	0	0	0	0	0	0	0	0	0	0	0	0	442	0	0	0	0	0	0	0	886	234	0	0	0	0	0	0	288	0	0	0	0	0	0	0	0	0	0	0	0	0	0	0	0	0	0	0	0	0	0	0	0	0	0	0	0	0	0	0	0	0	0	0	4636	0	764	132	0	224	8870	0	5130	150	500	0	1394	194	2278	0	104	0	936	4838	434	360	194	162	124	154	
102044	Cerebelum_3_R	0	0	0	0	0	0	0	0	0	0	0	0	0	0	0	0	0	0	0	0	0	0	0	0	0	0	0	0	0	0	0	0	0	0	0	0	0	0	0	0	0	0	0	0	0	0	82	734	0	0	0	0	0	0	0	312	0	0	0	0	0	0	0	0	0	0	0	0	0	0	0	0	0	0	0	0	0	0	0	0	0	0	0	0	0	0	0	0	0	0	1146	6180	996	2762	224	0	836	5942	632	7234	1200	418	1478	2912	0	972	0	0	2304	6658	1488	176	2842	1604	1780	110	
492364	Cerebelum_4_5_L	0	0	0	0	0	0	0	0	0	0	0	0	0	0	0	0	0	0	0	0	0	0	0	0	0	0	0	0	0	0	0	0	0	0	0	0	536	0	1702	0	0	0	326	0	0	0	20564	4820	0	0	512	0	756	82	16916	1724	0	0	0	0	0	0	0	0	0	0	0	0	0	0	0	0	0	0	0	0	0	0	0	0	0	0	0	0	0	0	0	0	368	0	39026	11938	4050	1416	8870	836	0	10782	49544	14638	1776	0	3760	2260	4102	424	762	0	486	5686	27006	5588	2136	990	722	1078	
349752	Cerebelum_4_5_R	0	176	0	216	0	0	0	278	0	0	0	398	0	104	0	0	0	248	0	0	0	0	0	0	0	0	0	0	0	916	0	186	0	0	324	494	298	5636	178	6558	0	632	0	114	0	0	4936	6882	0	0	0	0	0	118	1264	11976	0	0	0	0	0	0	0	0	0	0	0	448	0	0	0	386	0	1936	0	0	266	464	0	0	0	88	0	292	0	110	0	0	0	426	6932	24498	666	2196	0	5942	10782	0	7730	35216	842	564	942	3272	0	1636	0	192	154	3122	16726	742	2126	2152	2008	88	
631820	Cerebelum_6_L	0	0	0	0	0	0	0	0	0	0	0	0	0	0	0	0	0	0	94	0	0	0	0	0	0	0	0	0	82	0	0	0	0	0	0	0	966	0	1094	0	0	0	402	0	0	0	25688	9846	0	0	650	0	1426	408	34102	4478	0	0	0	0	0	0	0	0	0	0	102	0	0	0	0	0	0	0	0	0	0	0	0	0	0	0	0	0	0	0	0	0	2148	0	71630	11286	7132	1528	5130	632	49544	7730	0	15182	2518	0	3256	2004	2694	874	122	0	516	3814	22686	17266	4102	1446	1130	2202	
578148	Cerebelum_6_R	0	0	0	0	0	0	0	0	0	0	0	388	0	0	0	0	0	208	0	0	0	0	0	0	0	0	0	0	0	862	0	0	0	0	0	0	0	3548	0	3952	0	650	0	0	0	0	7238	14970	0	0	0	0	82	408	2310	23572	0	0	0	0	0	0	0	0	0	0	0	0	0	0	0	96	0	1920	0	0	0	0	0	0	0	0	0	474	0	130	0	0	0	1644	12758	63634	2060	7640	150	7234	14638	35216	15182	0	648	1080	712	7130	140	1786	0	344	816	4760	23300	16124	6686	2024	1704	856	
283808	Cerebelum_7b_L	0	0	0	0	0	0	0	0	0	0	0	0	0	0	0	0	0	0	0	0	0	0	0	0	0	0	0	0	0	0	0	0	0	0	0	0	0	0	0	0	0	0	0	0	0	0	0	158	0	0	0	0	0	0	244	198	0	0	0	0	0	0	0	0	0	0	0	0	0	0	0	0	0	0	0	0	0	0	0	0	0	0	0	0	0	0	0	0	0	0	12218	592	38814	5950	500	1200	1776	842	2518	648	0	4068	39884	4840	8138	364	374	0	162	1160	1340	446	7498	5822	1806	344	
191168	Cerebelum_7b_R	0	0	0	0	0	0	0	0	0	0	0	0	0	0	0	0	0	0	0	0	0	0	0	0	0	0	0	0	0	0	0	0	0	0	0	0	0	112	0	132	0	0	0	0	0	0	0	0	0	0	0	0	0	0	0	212	0	0	0	0	0	0	0	0	0	0	0	0	0	0	0	0	0	82	0	0	0	0	0	0	0	0	0	0	0	0	0	0	0	0	320	9442	4172	24788	0	418	0	564	0	1080	4068	0	2620	31554	234	7586	0	84	126	252	0	0	3902	3168	496	172	
338204	Cerebelum_8_L	0	0	0	0	0	0	0	0	0	0	0	0	0	0	0	0	0	0	0	0	0	0	0	0	0	0	0	0	0	0	0	0	0	0	0	0	0	0	0	0	0	0	0	0	0	0	0	0	0	0	0	0	0	0	442	110	0	0	0	0	0	0	0	0	0	0	0	0	0	0	0	0	0	0	0	0	0	0	0	0	0	0	0	0	0	0	0	0	90	0	16170	412	36552	4186	1394	1478	3760	942	3256	712	39884	2620	0	6276	21808	1850	2456	372	262	1576	1588	414	6514	8834	4248	896	
333860	Cerebelum_8_R	0	0	0	0	0	0	0	0	0	0	0	0	0	0	0	0	0	0	0	0	0	0	0	0	0	0	0	0	0	0	0	0	0	0	0	0	0	158	0	248	0	0	0	0	0	0	180	152	0	0	0	0	0	0	116	576	0	0	0	0	0	0	0	0	0	0	0	0	0	0	0	0	0	90	0	0	0	0	0	0	0	0	0	0	0	0	0	0	0	110	2464	20686	3708	31494	194	2912	2260	3272	2004	7130	4840	31554	6276	0	944	17888	0	1122	652	2552	3182	1338	6508	6866	4566	888	
135680	Cerebelum_9_L	0	0	0	0	0	0	0	0	0	0	0	0	0	0	0	0	0	0	0	0	0	0	0	0	0	0	0	0	0	0	0	0	0	0	0	0	0	0	84	0	0	0	0	0	0	0	0	0	0	0	0	0	0	0	194	0	0	0	0	0	0	0	0	0	0	0	0	0	0	0	0	0	0	0	0	0	0	0	0	0	0	0	0	0	0	0	0	0	0	0	4078	132	7146	170	2278	0	4102	0	2694	140	8138	234	21808	944	0	2492	3948	414	0	402	120	800	350	2262	3542	1368	
149260	Cerebelum_9_R	0	0	0	0	0	0	0	0	0	0	0	0	0	0	0	0	0	0	0	0	0	0	0	0	0	0	0	0	0	0	0	0	0	0	0	0	0	0	0	0	0	0	0	0	0	0	0	0	0	0	0	0	0	0	0	136	0	0	0	0	0	0	0	0	0	0	0	0	0	0	0	0	0	0	0	0	0	0	0	0	0	0	0	0	0	0	0	0	0	0	596	2746	386	3452	0	972	424	1636	874	1786	364	7586	1850	17888	2492	0	164	2716	556	690	370	1968	3622	7202	10054	4100	
19044	Cerebelum_10_L	0	0	0	0	0	0	0	0	0	0	0	0	0	0	0	0	0	0	0	0	0	0	0	0	0	0	0	0	0	0	0	0	0	0	0	0	0	0	0	0	0	0	0	0	0	0	0	0	0	0	0	0	0	0	0	0	0	0	0	0	0	0	0	0	0	0	0	0	0	0	0	0	0	0	0	0	0	0	0	0	0	0	0	0	0	0	0	0	0	0	300	0	478	0	104	0	762	0	122	0	374	0	2456	0	3948	164	0	88	0	0	0	0	0	330	396	0	
13584	Cerebelum_10_R	0	0	0	0	0	0	0	0	0	0	0	0	0	0	0	0	0	0	0	0	0	0	0	0	0	0	0	0	0	0	0	0	0	0	0	0	0	0	0	0	0	0	0	0	0	0	0	0	0	0	0	0	0	0	0	0	0	0	0	0	0	0	0	0	0	0	0	0	0	0	0	0	0	0	0	0	0	0	0	0	0	0	0	0	0	0	0	0	0	0	0	184	0	162	0	0	0	192	0	344	0	84	372	1122	414	2716	88	0	0	0	0	0	0	436	678	0	
37304	Vermis_1_2	0	0	0	0	0	0	0	0	0	0	0	0	0	0	0	0	0	0	0	0	0	0	0	0	0	0	0	0	0	0	0	0	0	0	0	0	0	0	0	0	0	0	0	0	0	0	0	0	0	0	0	0	0	0	0	0	0	0	0	0	0	0	0	0	0	0	0	0	0	0	0	0	0	0	0	0	0	0	0	0	0	0	0	0	0	0	0	0	0	0	616	804	156	710	936	2304	486	154	516	816	162	126	262	652	0	556	0	0	0	5968	652	336	862	650	760	168	
128928	Vermis_3	0	0	0	0	0	0	0	0	0	0	0	0	0	0	0	0	0	0	0	0	0	0	0	0	0	0	0	0	0	0	0	0	0	0	0	0	0	0	88	0	0	0	0	0	0	0	92	378	0	0	0	0	0	0	108	0	0	0	0	0	0	0	0	0	0	0	0	0	0	0	0	0	0	0	0	0	0	96	0	0	0	0	0	0	0	0	0	0	0	0	4082	4292	1078	2584	4838	6658	5686	3122	3814	4760	1160	252	1576	2552	402	690	0	0	5968	0	3528	660	2908	1450	1428	214	
