data	data	704588	221836	982148	621864	156056	60260	590860	182648	91036	36188	370268	208544	355552	193056	223440	80484	304472	153940	684344	719316	85676	75824	302428	317004	47384	104996	56624	59332	661864	361336	322676	545872	144052	502236	112436	119408	382500	462844	136888	372008	48932	68440	290352	291468	186824	240960	354160	320948	277244	270160	479524	282372	189500	83040	616008	552500	304004	202136	114628	86080	221164	156568	122408	102924	155032	164364	304008	291504	293192	201444	231768	329508	355552	409788	44232	27312	168432	199092	111176	91024	277600	144928	129936	49200	385212	234488	33916	26160	392384	175164	413920	513220	243312	287632	72880	58104	354820	284720	517424	481852	150088	101784	208036	228144	103440	99024	18836	11756	17860	46876	291216	269904	182668	124448	104424	81732	
data	data	Precentral_L	Precentral_R	Frontal_Sup_L	Frontal_Sup_R	Frontal_Sup_Orb_L	Frontal_Sup_Orb_R	Frontal_Mid_L	Frontal_Mid_R	Frontal_Mid_Orb_L	Frontal_Mid_Orb_R	Frontal_Inf_Oper_L	Frontal_Inf_Oper_R	Frontal_Inf_Tri_L	Frontal_Inf_Tri_R	Frontal_Inf_Orb_L	Frontal_Inf_Orb_R	Rolandic_Oper_L	Rolandic_Oper_R	Supp_Motor_Area_L	Supp_Motor_Area_R	Olfactory_L	Olfactory_R	Frontal_Sup_Medial_L	Frontal_Sup_Medial_R	Frontal_Med_Orb_L	Frontal_Med_Orb_R	Rectus_L	Rectus_R	Insula_L	Insula_R	Cingulum_Ant_L	Cingulum_Ant_R	Cingulum_Mid_L	Cingulum_Mid_R	Cingulum_Post_L	Cingulum_Post_R	Hippocampus_L	Hippocampus_R	ParaHippocampal_L	ParaHippocampal_R	Amygdala_L	Amygdala_R	Calcarine_L	Calcarine_R	Cuneus_L	Cuneus_R	Lingual_L	Lingual_R	Occipital_Sup_L	Occipital_Sup_R	Occipital_Mid_L	Occipital_Mid_R	Occipital_Inf_L	Occipital_Inf_R	Fusiform_L	Fusiform_R	Postcentral_L	Postcentral_R	Parietal_Sup_L	Parietal_Sup_R	Parietal_Inf_L	Parietal_Inf_R	SupraMarginal_L	SupraMarginal_R	Angular_L	Angular_R	Precuneus_L	Precuneus_R	Paracentral_Lobule_L	Paracentral_Lobule_R	Caudate_L	Caudate_R	Putamen_L	Putamen_R	Pallidum_L	Pallidum_R	Thalamus_L	Thalamus_R	Heschl_L	Heschl_R	Temporal_Sup_L	Temporal_Sup_R	Temporal_Pole_Sup_L	Temporal_Pole_Sup_R	Temporal_Mid_L	Temporal_Mid_R	Temporal_Pole_Mid_L	Temporal_Pole_Mid_R	Temporal_Inf_L	Temporal_Inf_R	Cerebelum_Crus1_L	Cerebelum_Crus1_R	Cerebelum_Crus2_L	Cerebelum_Crus2_R	Cerebelum_3_L	Cerebelum_3_R	Cerebelum_4_5_L	Cerebelum_4_5_R	Cerebelum_6_L	Cerebelum_6_R	Cerebelum_7b_L	Cerebelum_7b_R	Cerebelum_8_L	Cerebelum_8_R	Cerebelum_9_L	Cerebelum_9_R	Cerebelum_10_L	Cerebelum_10_R	Vermis_1_2	Vermis_3	Vermis_4_5	Vermis_6	Vermis_7	Vermis_8	Vermis_9	Vermis_10	
704588	Precentral_L	0	4240	33520	746	390	0	20378	0	312	0	23616	156	5678	0	808	0	15856	0	25930	11412	0	0	0	0	0	0	0	0	24262	188	390	188	544	9038	4458	1448	15416	658	2426	380	0	0	884	0	104	0	196	0	1810	0	2848	0	114	0	4486	180	36416	1120	1750	0	2716	0	530	0	522	0	3776	214	32084	5088	5608	3652	12562	170	3100	206	10532	4616	5364	0	3980	0	2276	0	306	0	0	0	2302	0	250	0	0	0	0	0	0	0	94	0	0	0	0	0	0	0	0	0	0	0	0	0	0	0	0	0	
221836	Precentral_R	4240	0	866	3950	0	0	132	4484	0	0	106	4816	0	0	0	0	0	4044	1918	6416	0	0	0	0	0	0	0	0	626	2134	0	0	0	1824	212	1044	838	8196	0	3986	0	0	0	530	0	370	0	166	0	960	0	944	0	0	0	1738	764	13580	0	102	166	1082	0	2172	0	424	86	1218	5182	5756	322	5718	1584	2434	814	188	1082	12294	82	778	0	346	0	0	0	204	0	0	0	0	0	0	0	0	0	0	0	0	0	0	0	0	0	0	0	0	0	0	0	0	0	0	0	0	0	0	
982148	Frontal_Sup_L	33520	866	0	7824	13800	0	81776	1476	6522	0	23840	1882	27758	636	16316	170	11878	224	73500	19162	366	0	35390	1868	1786	152	1374	0	27886	1288	20746	11808	8758	9856	118	0	4668	480	392	434	0	0	0	0	0	0	0	0	170	0	288	0	0	0	910	238	5718	88	0	0	0	0	0	0	0	0	150	0	2750	0	5816	2502	16080	1116	1328	0	344	434	450	0	1578	0	2344	0	0	0	0	0	250	0	0	0	0	0	0	0	0	0	0	0	0	0	0	0	0	0	0	0	0	0	0	0	0	0	0	0	
621864	Frontal_Sup_R	746	3950	7824	0	0	2968	216	30096	0	2132	324	13314	0	14916	0	5928	104	1432	11520	51896	142	280	4678	35272	0	5850	122	2158	168	15062	2146	31696	432	10070	0	0	134	6722	0	5582	0	674	0	0	0	0	0	0	0	256	0	338	0	0	0	3188	254	372	0	0	0	0	0	0	0	0	0	108	334	268	418	11344	148	18028	0	1850	576	3674	0	0	0	86	0	382	0	0	0	0	0	102	0	90	0	0	0	0	0	450	0	112	0	0	0	0	0	0	0	0	0	0	0	0	0	0	0	0	
156056	Frontal_Sup_Orb_L	390	0	13800	0	0	0	5164	0	10860	0	290	0	1560	0	8224	0	136	0	1934	208	2208	0	6792	426	4110	106	6090	0	5380	0	5746	110	0	0	0	0	126	0	196	0	104	0	0	0	0	0	0	0	0	0	0	0	0	0	0	0	0	0	0	0	0	0	0	0	0	0	0	0	0	0	718	86	2702	0	0	0	0	0	0	0	0	0	562	0	0	0	0	0	0	0	0	0	0	0	0	0	0	0	0	0	0	0	0	0	0	0	0	0	0	0	0	0	0	0	0	0	
60260	Frontal_Sup_Orb_R	0	0	0	2968	0	0	0	1006	0	5328	0	0	0	386	0	1904	0	0	0	0	100	1186	264	1268	212	5968	0	7040	0	476	192	518	0	0	0	0	0	0	0	0	0	0	0	0	0	0	0	0	0	0	0	0	0	0	0	0	0	0	0	0	0	0	0	0	0	0	0	0	0	0	0	896	0	418	0	0	0	0	0	0	0	0	0	0	0	0	0	0	0	0	0	0	0	0	0	0	0	0	0	0	0	0	0	0	0	0	0	0	0	0	0	0	0	0	0	0	
590860	Frontal_Mid_L	20378	132	81776	216	5164	0	0	0	5918	0	22850	0	45862	142	18596	0	4980	0	18122	626	162	0	13430	458	0	0	234	0	20428	0	6416	1532	4572	2090	526	0	4810	0	474	0	0	0	318	0	0	0	0	0	0	0	0	0	0	0	900	0	3356	0	0	0	188	0	0	0	0	0	482	0	0	0	552	298	4206	0	336	0	1446	0	822	0	1146	0	1142	0	0	0	0	0	344	0	0	0	0	0	0	0	0	0	0	0	0	0	0	0	0	0	0	0	0	0	0	0	0	0	0	0	
182648	Frontal_Mid_R	0	4484	1476	30096	0	1006	0	0	0	2660	0	8818	0	14222	0	4814	0	400	1434	6010	0	0	0	2894	0	0	0	0	0	4540	0	2652	0	718	0	0	0	1012	0	762	0	0	0	0	0	0	0	0	0	0	0	0	0	0	0	324	0	804	0	0	0	0	0	0	0	0	0	0	0	0	0	0	0	1608	0	0	0	590	0	0	0	0	0	0	0	0	0	0	0	0	0	0	0	0	0	0	0	0	0	0	0	0	0	0	0	0	0	0	0	0	0	0	0	0	0	0	
91036	Frontal_Mid_Orb_L	312	0	6522	0	10860	0	5918	0	0	0	254	0	3382	0	10706	0	100	0	992	96	0	0	1174	0	106	0	1016	0	2540	0	886	0	0	0	0	0	0	0	0	0	0	0	0	0	0	0	0	0	0	0	0	0	0	0	0	0	0	0	0	0	0	0	0	0	0	0	0	0	0	0	0	0	344	0	0	0	0	0	0	0	0	0	310	0	0	0	0	0	0	0	0	0	0	0	0	0	0	0	0	0	0	0	0	0	0	0	0	0	0	0	0	0	0	0	0	0	
36188	Frontal_Mid_Orb_R	0	0	0	2132	0	5328	0	2660	0	0	0	0	0	1008	0	4206	0	0	0	0	0	112	0	110	0	380	0	1098	0	348	0	0	0	0	0	0	0	0	0	0	0	0	0	0	0	0	0	0	0	0	0	0	0	0	0	0	0	0	0	0	0	0	0	0	0	0	0	0	0	0	0	294	0	418	0	0	0	0	0	0	0	0	0	0	0	0	0	0	0	0	0	0	0	0	0	0	0	0	0	0	0	0	0	0	0	0	0	0	0	0	0	0	0	0	0	0	
370268	Frontal_Inf_Oper_L	23616	106	23840	324	290	0	22850	0	254	0	0	0	25604	0	1692	0	17292	0	8582	2556	0	0	648	0	0	0	0	0	23620	0	1186	420	486	952	268	0	3960	0	160	0	0	0	120	0	0	0	0	0	0	0	0	0	0	0	1948	0	6376	0	0	0	142	0	0	0	114	0	242	0	0	0	316	162	2668	86	0	0	502	98	1738	0	4986	0	4846	0	382	0	0	0	1218	0	252	0	110	0	0	0	0	0	122	0	0	0	0	0	0	0	0	0	0	0	0	0	0	0	0	0	
208544	Frontal_Inf_Oper_R	156	4816	1882	13314	0	0	0	8818	0	0	0	0	0	11924	0	532	0	6110	2434	6460	0	0	408	4012	0	138	0	0	94	17610	930	9330	106	2316	0	0	0	1302	0	770	0	0	0	0	0	0	0	0	0	0	0	0	0	0	0	420	0	2038	0	0	0	0	0	0	0	0	0	0	0	0	0	1324	0	4226	0	94	0	1080	0	388	0	122	0	1118	0	0	0	0	0	0	0	0	0	0	0	0	0	0	0	0	0	0	0	0	0	0	0	0	0	0	0	0	0	0	0	0	
355552	Frontal_Inf_Tri_L	5678	0	27758	0	1560	0	45862	0	3382	0	25604	0	0	0	18860	0	2264	0	10176	894	0	0	982	0	0	0	0	0	25694	0	1052	290	228	410	96	0	1204	0	0	0	0	0	0	0	0	0	0	0	0	0	0	0	0	0	344	0	732	0	0	0	0	0	0	0	0	0	96	0	0	0	336	192	2054	0	0	0	190	102	150	0	568	0	900	0	0	0	0	0	118	0	0	0	0	0	0	0	0	0	0	0	0	0	0	0	0	0	0	0	0	0	0	0	0	0	0	0	
193056	Frontal_Inf_Tri_R	0	0	636	14916	0	386	142	14222	0	1008	0	11924	0	0	0	7544	0	84	1608	3110	0	0	1752	9744	0	258	0	0	0	9728	902	10320	414	6512	0	0	0	0	0	0	0	0	0	0	0	0	0	0	0	0	0	0	0	0	0	0	0	0	0	0	0	0	0	0	0	0	0	0	0	0	0	368	0	950	0	0	0	0	0	0	0	0	0	0	0	0	0	0	0	0	0	0	0	0	0	0	0	0	0	0	0	0	0	0	0	0	0	0	0	0	0	0	0	0	0	0	
223440	Frontal_Inf_Orb_L	808	0	16316	0	8224	0	18596	0	10706	0	1692	0	18860	0	0	0	932	0	3994	260	2226	0	1366	0	0	0	1778	0	15680	0	180	0	0	104	0	0	740	0	292	0	620	0	0	0	0	0	0	0	0	0	0	0	0	0	218	0	112	0	0	0	0	0	0	0	0	0	0	0	0	0	866	130	4130	0	0	0	132	88	0	0	282	0	2388	0	0	0	0	0	0	0	0	0	0	0	0	0	0	0	0	0	0	0	0	0	0	0	0	0	0	0	0	0	0	0	0	0	
80484	Frontal_Inf_Orb_R	0	0	170	5928	0	1904	0	4814	0	4206	0	532	0	7544	0	0	0	0	200	306	0	572	0	1932	0	0	0	1074	0	7152	0	1286	0	206	0	0	0	0	0	0	0	140	0	0	0	0	0	0	0	0	0	0	0	0	0	0	0	0	0	0	0	0	0	0	0	0	0	0	0	0	0	750	0	1526	0	0	0	0	0	0	0	0	0	0	0	0	0	0	0	0	0	0	0	0	0	0	0	0	0	0	0	0	0	0	0	0	0	0	0	0	0	0	0	0	0	0	
304472	Rolandic_Oper_L	15856	0	11878	104	136	0	4980	0	100	0	17292	0	2264	0	932	0	0	0	3506	1068	0	0	0	0	0	0	0	0	24740	0	158	0	0	148	282	0	4300	0	276	0	0	0	196	0	192	0	0	0	790	0	2372	0	606	0	3902	0	12464	0	128	0	214	0	2760	0	206	0	586	0	224	0	186	0	2148	0	0	0	766	0	8584	0	14360	0	5320	0	3852	0	0	0	3942	0	326	0	0	0	0	0	0	0	92	0	0	0	0	0	0	0	0	0	0	0	0	0	0	0	0	0	
153940	Rolandic_Oper_R	0	4044	224	1432	0	0	0	400	0	0	0	6110	0	84	0	0	0	0	248	1116	0	0	0	112	0	0	0	0	0	11104	214	1192	0	610	0	88	0	5610	0	4282	0	0	0	0	0	0	0	120	0	0	0	158	0	192	0	3578	0	7954	0	0	0	0	0	3176	0	0	0	172	0	660	0	284	0	6266	0	386	0	786	0	5598	0	7896	0	1170	0	794	0	0	0	530	0	0	0	0	0	0	0	284	0	96	0	0	0	0	0	0	0	0	0	0	0	0	0	0	0	0	
684344	Supp_Motor_Area_L	25930	1918	73500	11520	1934	0	18122	1434	992	0	8582	2434	10176	1608	3994	200	3506	248	0	39972	118	0	5962	3904	104	92	222	0	15758	1802	11318	14116	9612	26412	350	122	2620	582	350	534	0	0	0	0	0	0	0	0	0	0	0	0	0	0	762	296	950	110	0	0	0	0	0	0	0	0	0	148	11512	580	6046	3436	11872	1584	848	0	0	1382	158	0	800	0	1236	0	112	0	0	0	292	0	0	0	0	0	0	0	0	0	0	0	0	0	0	0	0	0	0	0	0	0	0	0	0	0	0	0	
719316	Supp_Motor_Area_R	11412	6416	19162	51896	208	0	626	6010	96	0	2556	6460	894	3110	260	306	1068	1116	39972	0	0	0	1628	8616	0	242	0	0	2594	6298	3636	24426	4116	49870	220	2582	150	7370	0	6142	0	852	0	560	0	586	0	0	0	662	0	538	0	274	0	4676	108	5690	0	0	0	0	0	156	0	0	0	2664	13664	19064	856	14552	1002	16046	154	1928	576	3158	0	396	86	256	360	240	0	124	0	0	0	110	0	186	0	0	0	0	0	468	0	208	0	0	0	0	0	0	0	0	0	0	0	0	0	0	0	0	
85676	Olfactory_L	0	0	366	142	2208	100	162	0	0	0	0	0	0	0	2226	0	0	0	118	0	0	4706	0	0	346	258	3296	764	3730	232	2780	1198	0	0	0	0	1334	0	1176	0	1694	0	0	0	0	0	0	0	0	0	0	0	0	0	664	0	0	0	0	0	0	0	0	0	0	0	0	0	0	0	7088	3768	3474	544	0	0	0	0	0	0	0	0	464	0	0	0	0	0	0	0	0	0	0	0	0	0	0	0	0	0	0	0	0	0	0	0	0	0	0	0	0	0	0	0	0	0	
75824	Olfactory_R	0	0	0	280	0	1186	0	0	0	112	0	0	0	0	0	572	0	0	0	0	4706	0	0	94	120	746	1002	2710	0	1628	2854	2642	0	0	0	0	0	90	0	0	0	466	0	0	0	0	0	0	0	0	0	0	0	0	0	0	0	0	0	0	0	0	0	0	0	0	0	0	0	0	6654	6480	3692	1752	126	0	0	0	0	0	0	0	0	0	0	0	0	0	0	0	0	0	0	0	0	0	0	0	0	0	0	0	0	0	0	0	0	0	0	0	0	0	0	0	0	0	
302428	Frontal_Sup_Medial_L	0	0	35390	4678	6792	264	13430	0	1174	0	648	408	982	1752	1366	0	0	0	5962	1628	0	0	0	15400	4874	1830	1176	0	898	84	21742	12246	4992	8842	0	0	0	0	0	0	0	0	0	0	0	0	0	0	0	0	0	0	0	0	0	0	0	0	0	0	0	0	0	0	0	0	0	0	0	0	642	500	2738	776	0	0	0	0	0	0	0	0	0	0	0	0	0	0	0	0	0	0	0	0	0	0	0	0	0	0	0	0	0	0	0	0	0	0	0	0	0	0	0	0	0	0	
317004	Frontal_Sup_Medial_R	0	0	1868	35272	426	1268	458	2894	0	110	0	4012	0	9744	0	1932	0	112	3904	8616	0	94	15400	0	1012	8906	0	642	0	5764	3644	28088	1032	13978	0	0	0	0	0	0	0	0	0	0	0	0	0	0	0	0	0	0	0	0	0	0	0	0	0	0	0	0	0	0	0	0	0	0	0	0	0	2912	0	6308	0	0	0	0	0	0	0	0	0	106	0	0	0	0	0	0	0	0	0	0	0	0	0	0	0	0	0	0	0	0	0	0	0	0	0	0	0	0	0	0	0	0	
47384	Frontal_Med_Orb_L	0	0	1786	0	4110	212	0	0	106	0	0	0	0	0	0	0	0	0	104	0	346	120	4874	1012	0	1074	2348	152	0	0	5696	530	166	0	0	0	0	0	0	0	0	0	0	0	0	0	0	0	0	0	0	0	0	0	0	0	0	0	0	0	0	0	0	0	0	0	0	0	0	0	492	0	564	0	0	0	0	0	0	0	0	0	0	0	0	0	0	0	0	0	0	0	0	0	0	0	0	0	0	0	0	0	0	0	0	0	0	0	0	0	0	0	0	0	0	0	
104996	Frontal_Med_Orb_R	0	0	152	5850	106	5968	0	0	0	380	0	138	0	258	0	0	0	0	92	242	258	746	1830	8906	1074	0	188	6074	0	284	1738	8746	0	312	0	0	0	0	0	0	0	0	0	0	0	0	0	0	0	0	0	0	0	0	0	0	0	0	0	0	0	0	0	0	0	0	0	0	0	0	268	3892	150	4846	0	0	0	0	0	0	0	0	0	0	0	0	0	0	0	0	0	0	0	0	0	0	0	0	0	0	0	0	0	0	0	0	0	0	0	0	0	0	0	0	0	0	
56624	Rectus_L	0	0	1374	122	6090	0	234	0	1016	0	0	0	0	0	1778	0	0	0	222	0	3296	1002	1176	0	2348	188	0	366	958	0	3236	256	0	0	0	0	0	0	110	0	86	0	0	0	0	0	0	0	0	0	0	0	0	0	0	0	0	0	0	0	0	0	0	0	0	0	0	0	0	0	2344	562	1336	0	0	0	0	0	0	0	0	0	212	0	0	0	0	0	0	0	0	0	0	0	0	0	0	0	0	0	0	0	0	0	0	0	0	0	0	0	0	0	0	0	0	0	
59332	Rectus_R	0	0	0	2158	0	7040	0	0	0	1098	0	0	0	0	0	1074	0	0	0	0	764	2710	0	642	152	6074	366	0	0	954	388	1934	0	0	0	0	0	0	0	0	0	106	0	0	0	0	0	0	0	0	0	0	0	0	0	0	0	0	0	0	0	0	0	0	0	0	0	0	0	0	754	2426	310	716	0	0	0	0	0	0	0	0	0	0	0	0	0	0	0	0	0	0	0	0	0	0	0	0	0	0	0	0	0	0	0	0	0	0	0	0	0	0	0	0	0	0	
661864	Insula_L	24262	626	27886	168	5380	0	20428	0	2540	0	23620	94	25694	0	15680	0	24740	0	15758	2594	3730	0	898	0	0	0	958	0	0	106	1518	358	192	688	1120	112	25066	0	2718	0	3040	0	596	0	0	0	0	0	0	0	92	0	224	0	13428	0	9102	0	0	0	0	0	668	0	0	0	1036	0	240	0	4204	804	25158	154	220	0	3762	862	9638	0	11380	0	6856	0	2424	0	0	0	8804	0	580	0	202	0	0	0	170	0	354	0	0	0	0	0	0	0	0	0	0	0	0	0	0	0	0	0	
361336	Insula_R	188	2134	1288	15062	0	476	0	4540	0	348	0	17610	0	9728	0	7152	0	11104	1802	6298	232	1628	84	5764	0	284	0	954	106	0	816	11404	0	1202	82	488	82	13238	0	8172	0	2980	0	790	0	0	0	402	0	0	0	0	0	0	0	8632	0	1300	0	0	0	0	0	0	0	0	0	1294	0	424	328	3354	206	19332	0	132	0	1452	0	4984	0	4746	0	2576	0	2322	0	0	0	1606	0	516	0	92	0	0	0	438	0	496	0	0	0	0	0	0	0	0	0	0	0	0	0	0	0	0	
322676	Cingulum_Ant_L	390	0	20746	2146	5746	192	6416	0	886	0	1186	930	1052	902	180	0	158	214	11318	3636	2780	2854	21742	3644	5696	1738	3236	388	1518	816	0	21192	6650	5502	0	0	230	294	0	270	0	0	0	0	0	0	0	0	0	0	0	0	0	0	0	176	0	0	0	0	0	0	0	0	0	0	0	0	0	0	7886	6492	8196	3736	0	90	0	114	0	0	0	0	0	0	0	0	0	0	0	0	0	0	0	0	0	0	0	0	0	0	0	0	0	0	0	0	0	0	0	0	0	0	0	0	0	0	
545872	Cingulum_Ant_R	188	0	11808	31696	110	518	1532	2652	0	0	420	9330	290	10320	0	1286	0	1192	14116	24426	1198	2642	12246	28088	530	8746	256	1934	358	11404	21192	0	4372	22122	0	0	152	1796	0	1704	0	114	0	0	0	0	0	0	0	0	0	0	0	0	0	964	0	0	0	0	0	0	0	0	0	0	0	0	0	0	3828	18194	2482	17558	0	160	0	380	0	0	0	88	0	362	0	0	0	0	0	0	0	0	0	0	0	0	0	182	0	0	0	0	0	0	0	0	0	0	0	0	0	0	0	0	0	0	
144052	Cingulum_Mid_L	544	0	8758	432	0	0	4572	0	0	0	486	106	228	414	0	0	0	0	9612	4116	0	0	4992	1032	166	0	0	0	192	0	6650	4372	0	11250	3166	0	0	0	0	0	0	0	0	0	836	0	0	0	1400	0	1338	0	98	0	0	0	114	0	196	0	0	0	100	0	0	0	3172	256	2588	148	240	108	158	0	0	0	0	0	0	0	0	0	0	0	186	0	0	0	0	0	0	0	0	0	0	0	0	0	0	0	0	0	0	0	0	0	0	0	0	0	0	0	0	0	0	0	
502236	Cingulum_Mid_R	9038	1824	9856	10070	0	0	2090	718	0	0	952	2316	410	6512	104	206	148	610	26412	49870	0	0	8842	13978	0	312	0	0	688	1202	5502	22122	11250	0	742	5160	0	1184	0	1202	0	0	0	1074	0	2314	0	210	0	1646	0	350	0	546	0	2028	0	5880	0	0	0	174	0	448	0	0	534	7762	12552	17708	494	1066	482	1220	0	0	0	158	0	394	0	254	0	0	0	136	0	0	0	0	0	116	0	0	0	0	0	0	0	116	0	0	0	0	0	0	0	0	0	0	136	0	0	0	0	0	
112436	Cingulum_Post_L	4458	212	118	0	0	0	526	0	0	0	268	0	96	0	0	0	282	0	350	220	0	0	0	0	0	0	0	0	1120	82	0	0	3166	742	0	3324	6730	1330	2348	1002	0	0	3484	0	966	104	1220	0	778	0	0	0	0	0	588	168	612	96	0	0	84	0	384	0	0	0	8050	584	5646	204	150	0	0	0	0	0	3690	1438	1192	0	164	0	0	0	0	0	0	0	242	0	0	0	0	0	0	0	0	0	0	0	0	0	0	0	0	0	0	0	0	0	0	0	0	0	0	0	
119408	Cingulum_Post_R	1448	1044	0	0	0	0	0	0	0	0	0	0	0	0	0	0	0	88	122	2582	0	0	0	0	0	0	0	0	112	488	0	0	0	5160	3324	0	128	6178	0	4848	0	0	0	610	0	1024	0	1014	0	208	0	114	0	312	0	3100	0	550	0	0	0	0	0	0	0	0	100	10324	1838	2902	644	120	176	0	0	0	4764	4058	0	664	0	946	0	0	0	250	0	0	0	156	0	0	0	0	0	0	0	0	0	0	0	0	0	0	0	0	0	0	0	0	308	0	0	0	0	0	
382500	Hippocampus_L	15416	838	4668	134	126	0	4810	0	0	0	3960	0	1204	0	740	0	4300	0	2620	150	1334	0	0	0	0	0	0	0	25066	82	230	152	0	0	6730	128	0	104	19098	0	8230	0	4538	0	0	0	6046	0	0	0	122	0	158	0	21008	0	3466	0	0	0	98	0	314	0	0	0	7450	0	1156	0	3138	748	14132	158	2090	0	7730	1082	4846	0	3006	0	1520	0	658	0	268	0	5482	0	596	0	112	0	0	0	466	0	742	0	0	0	0	0	0	0	0	0	0	0	0	0	0	0	0	0	
462844	Hippocampus_R	658	8196	480	6722	0	0	0	1012	0	0	0	1302	0	0	0	0	0	5610	582	7370	0	90	0	0	0	0	0	0	0	13238	294	1796	0	1184	1330	6178	104	0	0	50136	0	10312	0	1938	0	108	0	4488	0	0	0	118	0	148	0	41172	0	1534	0	0	0	0	0	0	0	0	0	6400	516	1046	262	704	86	22920	0	1118	2568	7610	0	4430	0	2002	0	660	0	1126	0	352	0	4090	0	2696	0	698	0	0	0	3284	0	2414	0	0	0	0	0	0	0	0	0	0	340	0	0	0	0	0	
136888	ParaHippocampal_L	2426	0	392	0	196	0	474	0	0	0	160	0	0	0	292	0	276	0	350	0	1176	0	0	0	0	0	110	0	2718	0	0	0	0	0	2348	0	19098	0	0	0	3550	0	2520	0	0	0	5900	0	0	0	322	0	358	0	11286	0	524	0	0	0	0	0	664	0	0	0	3416	0	382	0	224	0	2638	0	96	0	1718	108	284	0	500	0	1104	0	94	0	630	0	624	0	226	0	0	0	104	0	514	0	516	0	0	0	0	0	126	0	0	0	0	0	0	0	0	0	0	0	
372008	ParaHippocampal_R	380	3986	434	5582	0	0	0	762	0	0	0	770	0	0	0	0	0	4282	534	6142	0	0	0	0	0	0	0	0	0	8172	270	1704	0	1202	1002	4848	0	50136	0	0	0	6230	0	2026	0	106	0	5194	0	0	0	84	0	130	0	33030	0	934	0	0	0	0	0	0	0	0	0	6372	304	1080	190	512	0	17182	0	1094	1566	4484	0	3768	0	1376	0	950	0	392	0	992	0	728	0	1244	0	102	0	0	0	3668	0	1758	0	0	0	0	0	0	0	0	0	0	302	0	0	0	0	0	
48932	Amygdala_L	0	0	0	0	104	0	0	0	0	0	0	0	0	0	620	0	0	0	0	0	1694	0	0	0	0	0	86	0	3040	0	0	0	0	0	0	0	8230	0	3550	0	0	0	0	0	0	0	0	0	0	0	0	0	0	0	3872	0	0	0	0	0	0	0	0	0	0	0	0	0	0	0	0	0	1370	0	234	0	0	0	0	0	0	0	1070	0	0	0	396	0	200	0	0	0	0	0	0	0	0	0	0	0	0	0	0	0	0	0	0	0	0	0	0	0	0	0	0	0	
68440	Amygdala_R	0	0	0	674	0	0	0	0	0	0	0	0	0	0	0	140	0	0	0	852	0	466	0	0	0	0	0	106	0	2980	0	114	0	0	0	0	0	10312	0	6230	0	0	0	0	0	0	0	0	0	0	0	0	0	0	0	5710	0	0	0	0	0	0	0	0	0	0	0	0	0	0	0	194	0	4270	0	0	0	0	0	0	0	0	0	1300	0	0	0	664	0	208	0	0	0	0	0	0	0	0	0	0	0	0	0	0	0	0	0	0	0	0	0	0	0	0	0	0	
290352	Calcarine_L	884	0	0	0	0	0	318	0	0	0	120	0	0	0	0	0	196	0	0	0	0	0	0	0	0	0	0	0	596	0	0	0	0	0	3484	0	4538	0	2520	0	0	0	0	6088	16076	5656	17270	1844	13078	1348	21282	326	6676	0	8084	268	204	0	254	0	88	0	0	0	86	0	13602	794	270	0	0	0	0	0	0	0	0	0	608	0	0	0	0	0	1506	0	0	0	1540	0	1632	1012	0	96	0	0	3850	1534	2888	1392	0	0	0	0	0	0	0	0	0	0	3050	118	0	0	0	0	
291468	Calcarine_R	0	530	0	0	0	0	0	0	0	0	0	0	0	0	0	0	0	0	0	560	0	0	0	0	0	0	0	0	0	790	0	0	0	1074	0	610	0	1938	0	2026	0	0	6088	0	2566	24424	740	21394	120	19400	0	17038	0	5798	0	8706	0	1528	0	616	0	936	0	130	0	640	264	17830	0	1598	0	0	0	0	0	0	0	0	0	740	0	0	0	0	0	6170	0	0	0	816	0	172	0	0	0	0	0	0	0	238	0	0	0	0	0	0	0	0	0	0	254	0	0	0	0	0	
186824	Cuneus_L	104	0	0	0	0	0	0	0	0	0	0	0	0	0	0	0	192	0	0	0	0	0	0	0	0	0	0	0	0	0	0	0	836	0	966	0	0	0	0	0	0	0	16076	2566	0	4932	3352	0	23924	1584	15008	384	2028	0	1918	0	116	0	1234	0	126	0	0	0	120	0	11532	924	2820	0	0	0	0	0	0	0	0	0	0	0	162	0	0	0	1676	0	0	0	832	0	0	0	0	0	0	0	0	0	0	0	0	0	0	0	0	0	0	0	0	0	0	0	0	0	0	0	
240960	Cuneus_R	0	370	0	0	0	0	0	0	0	0	0	0	0	0	0	0	0	0	0	586	0	0	0	0	0	0	0	0	0	0	0	0	0	2314	104	1024	0	108	0	106	0	0	5656	24424	4932	0	384	4738	314	28836	0	11000	0	1226	0	340	0	1662	0	1970	0	760	0	180	0	516	3672	21012	122	2182	0	0	0	0	0	0	0	0	0	0	0	0	0	0	0	1782	0	0	0	160	0	0	0	0	0	0	0	0	0	0	0	0	0	0	0	0	0	0	0	0	0	0	0	0	0	0	
354160	Lingual_L	196	0	0	0	0	0	0	0	0	0	0	0	0	0	0	0	0	0	0	0	0	0	0	0	0	0	0	0	0	0	0	0	0	0	1220	0	6046	0	5900	0	0	0	17270	740	3352	384	0	2462	4684	0	16024	0	9320	0	30296	586	0	0	0	0	0	0	0	0	0	0	7266	164	0	0	0	0	0	0	0	0	642	86	0	0	0	0	0	0	226	0	0	0	272	0	12208	2290	392	278	144	0	16058	2650	21402	3116	0	0	0	0	0	0	0	0	0	0	9192	2002	212	0	0	0	
320948	Lingual_R	0	166	0	0	0	0	0	0	0	0	0	0	0	0	0	0	0	120	0	0	0	0	0	0	0	0	0	0	0	402	0	0	0	210	0	1014	0	4488	0	5194	0	0	1844	21394	0	4738	2462	0	0	6972	0	6460	0	2742	834	17318	0	0	0	0	0	0	0	0	0	0	98	8484	0	0	124	308	0	128	0	0	216	622	0	376	0	86	0	0	0	710	0	0	0	82	1592	15474	296	334	88	100	4630	10616	4838	17256	0	0	0	0	0	0	0	0	0	0	9404	7622	348	154	0	130	
277244	Occipital_Sup_L	1810	0	170	0	0	0	0	0	0	0	0	0	0	0	0	0	790	0	0	0	0	0	0	0	0	0	0	0	0	0	0	0	1400	0	778	0	0	0	0	0	0	0	13078	120	23924	314	4684	0	0	86	38892	0	2458	0	928	0	3426	0	11738	0	3046	0	784	0	1416	0	20272	0	3586	0	0	0	0	0	0	0	0	0	0	0	676	0	0	0	3470	0	0	0	776	0	0	0	0	0	0	0	0	0	0	0	0	0	0	0	0	0	0	0	0	0	0	0	0	0	0	0	
270160	Occipital_Sup_R	0	960	0	256	0	0	0	0	0	0	0	0	0	0	0	0	0	0	0	662	0	0	0	0	0	0	0	0	0	0	0	0	0	1646	0	208	0	0	0	0	0	0	1348	19400	1584	28836	0	6972	86	0	0	25444	0	1468	0	746	0	3590	0	6836	0	6908	0	3250	0	6718	916	10428	0	2752	0	0	0	0	0	0	0	114	0	0	0	384	0	0	0	3178	0	0	0	390	0	0	0	0	0	0	0	0	0	0	0	0	0	0	0	0	0	0	0	0	0	0	0	0	0	0	
479524	Occipital_Mid_L	2848	0	288	0	0	0	0	0	0	0	0	0	0	0	0	0	2372	0	0	0	0	0	0	0	0	0	0	0	92	0	0	0	1338	0	0	0	122	0	322	0	0	0	21282	0	15008	0	16024	0	38892	0	0	0	26942	0	10530	0	6396	0	8668	0	14902	0	2222	0	17180	0	13814	0	3648	0	0	0	0	0	0	0	0	0	0	0	3708	0	0	0	24756	0	0	0	7288	0	0	0	0	0	0	0	344	0	454	0	0	0	0	0	0	0	0	0	0	0	322	0	0	0	0	0	
282372	Occipital_Mid_R	0	944	0	338	0	0	0	0	0	0	0	0	0	0	0	0	0	158	0	538	0	0	0	0	0	0	0	0	0	0	0	0	0	350	0	114	0	118	0	84	0	0	326	17038	384	11000	0	6460	0	25444	0	0	0	5520	0	2356	0	2668	0	4712	0	9814	0	2762	0	19090	120	2378	0	716	0	0	0	0	0	0	0	152	0	0	0	1264	0	0	0	23220	0	0	0	3118	0	0	0	0	0	0	0	0	0	0	0	0	0	0	0	0	0	0	0	0	0	0	0	0	0	0	
189500	Occipital_Inf_L	114	0	0	0	0	0	0	0	0	0	0	0	0	0	0	0	606	0	0	0	0	0	0	0	0	0	0	0	224	0	0	0	98	0	0	0	158	0	358	0	0	0	6676	0	2028	0	9320	0	2458	0	26942	0	0	0	16626	0	442	0	416	0	1370	0	336	0	1296	0	2620	0	762	0	0	0	0	0	0	0	0	0	0	0	878	0	0	0	9054	0	0	0	7602	0	474	82	0	0	0	0	1216	0	1552	100	0	0	0	0	0	0	0	0	0	0	792	150	0	0	0	0	
83040	Occipital_Inf_R	0	0	0	0	0	0	0	0	0	0	0	0	0	0	0	0	0	192	0	274	0	0	0	0	0	0	0	0	0	0	0	0	0	546	0	312	0	148	0	130	0	0	0	5798	0	1226	0	2742	0	1468	0	5520	0	0	0	6964	0	696	0	204	0	266	0	198	0	196	0	2244	0	748	0	0	0	0	0	0	0	0	0	266	0	688	0	0	0	3126	0	0	0	6928	0	140	0	0	0	0	0	0	0	268	0	0	0	0	0	0	0	0	0	0	122	110	0	0	0	0	
616008	Fusiform_L	4486	0	910	0	0	0	900	0	0	0	1948	0	344	0	218	0	3902	0	762	0	664	0	0	0	0	0	0	0	13428	0	0	0	0	0	588	0	21008	0	11286	0	3872	0	8084	0	1918	0	30296	834	928	0	10530	0	16626	0	0	222	1394	0	0	0	186	0	1178	0	170	0	4488	0	372	0	272	98	3440	0	0	0	1144	144	3266	0	7724	0	6486	0	9688	0	3836	0	33618	0	30114	754	5562	84	120	0	15856	804	36484	1030	264	0	244	0	0	0	0	0	0	0	4192	1146	92	0	0	0	
552500	Fusiform_R	180	1738	238	3188	0	0	0	324	0	0	0	420	0	0	0	0	0	3578	296	4676	0	0	0	0	0	0	0	0	0	8632	176	964	0	2028	168	3100	0	41172	0	33030	0	5710	268	8706	0	340	586	17318	0	746	0	2356	0	6964	222	0	0	2100	0	0	0	150	0	866	0	164	0	8506	220	2156	0	332	0	12054	0	468	0	1172	0	5224	0	4072	0	3744	0	3936	0	2480	0	18886	172	23264	0	3752	0	0	306	6840	860	23026	0	106	0	566	0	0	0	0	0	0	1156	2548	0	0	0	0	
304004	Postcentral_L	36416	764	5718	254	0	0	3356	0	0	0	6376	0	732	0	112	0	12464	0	950	108	0	0	0	0	0	0	0	0	9102	0	0	0	114	0	612	0	3466	0	524	0	0	0	204	0	116	0	0	0	3426	0	6396	0	442	0	1394	0	0	0	7142	0	17930	0	8998	0	584	0	5200	0	3190	0	150	208	930	0	0	0	2124	382	3470	0	5018	0	146	0	1872	0	0	0	1612	0	0	0	0	0	0	0	0	0	0	0	0	0	0	0	0	0	0	0	0	0	0	0	0	0	0	0	
202136	Postcentral_R	1120	13580	88	372	0	0	0	804	0	0	0	2038	0	0	0	0	0	7954	110	5690	0	0	0	0	0	0	0	0	0	1300	0	0	0	5880	96	550	0	1534	0	934	0	0	0	1528	0	1662	0	0	0	3590	0	2668	0	696	0	2100	0	0	0	3116	0	5320	0	11992	0	2300	294	4410	2170	11108	0	0	0	762	0	0	0	394	0	1424	0	2394	0	0	0	792	0	0	0	116	0	90	0	0	0	0	0	0	0	92	0	0	0	0	0	0	0	0	0	0	0	0	0	0	0	0	
114628	Parietal_Sup_L	1750	0	0	0	0	0	0	0	0	0	0	0	0	0	0	0	128	0	0	0	0	0	0	0	0	0	0	0	0	0	0	0	196	0	0	0	0	0	0	0	0	0	254	0	1234	0	0	0	11738	0	8668	0	416	0	0	0	7142	0	0	0	9032	0	146	0	1328	0	13680	0	1038	0	0	0	0	0	0	0	0	0	0	0	88	0	0	0	476	0	0	0	0	0	0	0	0	0	0	0	0	0	0	0	0	0	0	0	0	0	0	0	0	0	0	0	0	0	0	0	
86080	Parietal_Sup_R	0	102	0	0	0	0	0	0	0	0	0	0	0	0	0	0	0	0	0	0	0	0	0	0	0	0	0	0	0	0	0	0	0	0	0	0	0	0	0	0	0	0	0	616	0	1970	0	0	0	6836	0	4712	0	204	0	0	0	3116	0	0	0	8616	0	2196	0	8446	440	5516	0	270	0	0	0	0	0	0	0	0	0	0	0	0	0	0	0	0	0	0	0	0	0	0	0	0	0	0	0	0	0	0	0	0	0	0	0	0	0	0	0	0	0	0	0	0	0	0	
221164	Parietal_Inf_L	2716	166	0	0	0	0	188	0	0	0	142	0	0	0	0	0	214	0	0	0	0	0	0	0	0	0	0	0	0	0	0	0	0	0	84	0	98	0	0	0	0	0	88	0	126	0	0	0	3046	0	14902	0	1370	0	186	0	17930	0	9032	0	0	0	12478	0	23494	0	3220	0	708	0	0	0	0	0	0	0	0	0	0	0	2720	0	0	0	11988	0	0	0	5686	0	0	0	0	0	0	0	0	0	0	0	0	0	0	0	0	0	0	0	0	0	0	0	0	0	0	0	
156568	Parietal_Inf_R	0	1082	0	0	0	0	0	0	0	0	0	0	0	0	0	0	0	0	0	0	0	0	0	0	0	0	0	0	0	0	0	0	0	174	0	0	0	0	0	0	0	0	0	936	0	760	0	0	0	6908	0	9814	0	266	0	150	0	5320	0	8616	0	0	0	10110	0	25446	84	2386	0	1632	0	0	0	0	0	0	0	0	0	0	0	404	0	0	0	3976	0	0	0	220	0	0	0	0	0	0	0	0	0	0	0	0	0	0	0	0	0	0	0	0	0	0	0	0	0	0	
122408	SupraMarginal_L	530	0	0	0	0	0	0	0	0	0	0	0	0	0	0	0	2760	0	0	0	0	0	0	0	0	0	0	0	668	0	0	0	100	0	384	0	314	0	664	0	0	0	0	0	0	0	0	0	784	0	2222	0	336	0	1178	0	8998	0	146	0	12478	0	0	0	6164	0	598	0	326	0	0	0	0	0	0	0	0	0	248	0	8676	0	0	0	7170	0	0	0	6370	0	90	0	0	0	0	0	0	0	0	0	0	0	0	0	0	0	0	0	0	0	0	0	0	0	0	0	
102924	SupraMarginal_R	0	2172	0	0	0	0	0	0	0	0	0	0	0	0	0	0	0	3176	0	156	0	0	0	0	0	0	0	0	0	0	0	0	0	448	0	0	0	0	0	0	0	0	0	130	0	180	0	0	0	3250	0	2762	0	198	0	866	0	11992	0	2196	0	10110	0	0	0	5158	0	888	0	1224	0	0	0	0	0	0	0	0	0	0	0	4354	0	0	0	2086	0	0	0	116	0	0	0	0	0	0	0	0	0	0	0	0	0	0	0	0	0	0	0	0	0	0	0	0	0	0	
155032	Angular_L	522	0	0	0	0	0	0	0	0	0	114	0	0	0	0	0	206	0	0	0	0	0	0	0	0	0	0	0	0	0	0	0	0	0	0	0	0	0	0	0	0	0	86	0	120	0	0	0	1416	0	17180	0	1296	0	170	0	584	0	1328	0	23494	0	6164	0	0	0	574	0	0	0	0	0	0	0	0	0	0	0	0	0	3192	0	0	0	15330	0	0	0	5740	0	0	0	0	0	0	0	0	0	0	0	0	0	0	0	0	0	0	0	0	0	0	0	0	0	0	0	
164364	Angular_R	0	424	0	0	0	0	0	0	0	0	0	0	0	0	0	0	0	0	0	0	0	0	0	0	0	0	0	0	0	0	0	0	0	0	0	0	0	0	0	0	0	0	0	640	0	516	0	0	0	6718	0	19090	0	196	0	164	0	2300	0	8446	0	25446	0	5158	0	0	0	1600	0	1282	0	0	0	0	0	0	0	0	0	0	0	1760	0	0	0	8144	0	0	0	298	0	0	0	0	0	0	0	0	0	0	0	0	0	0	0	0	0	0	0	0	0	0	0	0	0	0	
304008	Precuneus_L	3776	86	150	0	0	0	482	0	0	0	242	0	96	0	0	0	586	0	0	0	0	0	0	0	0	0	0	0	1036	0	0	0	3172	534	8050	100	7450	0	3416	0	0	0	13602	264	11532	3672	7266	98	20272	916	13814	120	2620	0	4488	0	5200	294	13680	440	3220	84	598	0	574	0	0	6244	6200	410	0	0	0	0	0	0	318	0	1108	0	506	0	0	0	2744	0	0	0	874	0	594	86	0	0	0	0	180	120	384	100	0	0	0	0	0	0	0	0	0	0	206	0	0	0	0	0	
291504	Precuneus_R	214	1218	0	108	0	0	0	0	0	0	0	0	0	0	0	0	0	172	148	2664	0	0	0	0	0	0	0	0	0	1294	0	0	256	7762	584	10324	0	6400	0	6372	0	0	794	17830	924	21012	164	8484	0	10428	0	2378	0	2244	0	8506	0	4410	0	5516	0	2386	0	888	0	1600	6244	0	722	7828	0	0	0	0	0	0	0	202	0	1416	0	948	0	0	0	990	0	0	0	346	0	266	0	0	0	0	0	292	0	286	0	0	0	0	0	0	0	0	0	0	1132	0	0	0	0	0	
293192	Paracentral_Lobule_L	32084	5182	2750	334	0	0	0	0	0	0	0	0	0	0	0	0	224	0	11512	13664	0	0	0	0	0	0	0	0	240	0	0	0	2588	12552	5646	1838	1156	516	382	304	0	0	270	0	2820	122	0	0	3586	0	3648	0	762	0	372	220	3190	2170	1038	0	708	0	326	0	0	0	6200	722	0	10044	2568	2896	3610	0	2318	196	2312	3884	0	0	192	0	0	0	1236	0	0	0	214	0	0	0	0	0	0	0	0	0	0	0	0	0	0	0	0	0	0	0	0	0	0	0	0	0	0	0	
201444	Paracentral_Lobule_R	5088	5756	0	268	0	0	0	0	0	0	0	0	0	0	0	0	0	660	580	19064	0	0	0	0	0	0	0	0	0	424	0	0	148	17708	204	2902	0	1046	0	1080	0	0	0	1598	0	2182	0	0	0	2752	0	716	0	748	0	2156	0	11108	0	270	0	1632	0	1224	0	1282	410	7828	10044	0	0	0	110	0	82	0	0	230	0	498	0	386	0	0	0	218	0	0	0	0	0	118	0	0	0	0	0	0	0	118	0	0	0	0	0	0	0	0	0	0	84	0	0	0	0	0	
231768	Caudate_L	5608	322	5816	418	718	0	552	0	0	0	316	0	336	0	866	0	186	0	6046	856	7088	6654	642	0	492	268	2344	754	4204	328	7886	3828	240	494	150	644	3138	262	224	190	0	0	0	0	0	0	0	124	0	0	0	0	0	0	272	0	150	0	0	0	0	0	0	0	0	0	0	0	2568	0	0	12322	18340	2098	2348	184	9574	5330	0	0	216	0	284	0	98	0	0	0	106	0	0	0	0	0	0	0	0	0	0	0	0	0	0	0	0	0	0	0	0	0	0	0	0	0	0	0	
329508	Caudate_R	3652	5718	2502	11344	86	896	298	0	0	294	162	1324	192	368	130	750	0	284	3436	14552	3768	6480	500	2912	0	3892	562	2426	804	3354	6492	18194	108	1066	0	120	748	704	0	512	0	194	0	0	0	0	0	308	0	0	0	0	0	0	98	332	208	0	0	0	0	0	0	0	0	0	0	0	2896	0	12322	0	5048	19390	536	1842	4744	18206	0	0	0	0	0	0	0	0	0	0	0	0	0	0	0	0	0	0	0	0	0	0	0	0	0	0	0	0	0	0	0	0	0	0	0	0	0	0	
355552	Putamen_L	12562	1584	16080	148	2702	0	4206	0	344	0	2668	0	2054	0	4130	0	2148	0	11872	1002	3474	3692	2738	0	564	150	1336	310	25158	206	8196	2482	158	482	0	176	14132	86	2638	0	1370	0	0	0	0	0	0	0	0	0	0	0	0	0	3440	0	930	0	0	0	0	0	0	0	0	0	0	0	3610	110	18340	5048	0	1390	5676	122	4842	1090	776	0	954	0	1422	0	238	0	0	0	940	0	0	0	0	0	0	0	0	0	0	0	0	0	0	0	0	0	0	0	0	0	0	0	0	0	0	0	
409788	Putamen_R	170	2434	1116	18028	0	418	0	1608	0	418	86	4226	0	950	0	1526	0	6266	1584	16046	544	1752	776	6308	0	4846	0	716	154	19332	3736	17558	0	1220	0	0	158	22920	0	17182	0	4270	0	0	0	0	0	128	0	0	0	0	0	0	0	12054	0	762	0	0	0	0	0	0	0	0	0	0	0	0	2098	19390	1390	0	0	2988	120	2562	0	668	0	1312	0	1048	0	294	0	0	0	410	0	414	0	140	0	0	0	2148	0	620	0	0	0	0	0	0	0	0	0	0	0	0	0	0	0	0	
44232	Pallidum_L	3100	814	1328	0	0	0	336	0	0	0	0	0	0	0	0	0	0	0	848	154	0	126	0	0	0	0	0	0	220	0	0	0	0	0	0	0	2090	0	96	0	234	0	0	0	0	0	0	0	0	0	0	0	0	0	0	0	0	0	0	0	0	0	0	0	0	0	0	0	2318	82	2348	536	5676	0	0	0	1368	442	0	0	0	0	0	0	0	0	0	0	0	0	0	0	0	0	0	0	0	0	0	0	0	0	0	0	0	0	0	0	0	0	0	0	0	0	0	0	
27312	Pallidum_R	206	188	0	1850	0	0	0	0	0	0	0	94	0	0	0	0	0	386	0	1928	0	0	0	0	0	0	0	0	0	132	90	160	0	0	0	0	0	1118	0	1094	0	0	0	0	0	0	0	0	0	0	0	0	0	0	0	468	0	0	0	0	0	0	0	0	0	0	0	0	196	0	184	1842	122	2988	0	0	0	430	0	0	0	0	0	0	0	0	0	0	0	0	0	0	0	0	0	0	0	180	0	0	0	0	0	0	0	0	0	0	0	0	0	0	0	0	0	0	
168432	Thalamus_L	10532	1082	344	576	0	0	1446	0	0	0	502	0	190	0	132	0	766	0	0	576	0	0	0	0	0	0	0	0	3762	0	0	0	0	0	3690	4764	7730	2568	1718	1566	0	0	0	0	0	0	642	216	0	0	0	0	0	0	1144	0	2124	0	0	0	0	0	0	0	0	0	318	0	2312	0	9574	4744	4842	120	1368	0	0	13926	314	0	432	0	0	0	0	0	0	0	196	0	0	0	0	0	0	0	0	0	0	0	0	0	0	0	0	0	0	0	0	0	0	0	0	0	0	0	
199092	Thalamus_R	4616	12294	434	3674	0	0	0	590	0	0	98	1080	102	0	88	0	0	786	1382	3158	0	0	0	0	0	0	0	0	862	1452	114	380	0	158	1438	4058	1082	7610	108	4484	0	0	0	0	0	0	86	622	0	114	0	152	0	0	144	1172	382	394	0	0	0	0	0	0	0	0	0	202	3884	230	5330	18206	1090	2562	442	430	13926	0	0	130	0	0	0	0	0	0	0	0	0	0	0	0	0	0	0	0	0	0	0	0	0	0	0	0	0	0	0	0	0	0	0	0	0	0	0	0	
111176	Heschl_L	5364	82	450	0	0	0	822	0	0	0	1738	0	150	0	0	0	8584	0	158	0	0	0	0	0	0	0	0	0	9638	0	0	0	0	0	1192	0	4846	0	284	0	0	0	608	0	0	0	0	0	0	0	0	0	0	0	3266	0	3470	0	0	0	0	0	248	0	0	0	1108	0	0	0	0	0	776	0	0	0	314	0	0	0	5886	0	980	0	1548	0	0	0	4076	0	0	0	0	0	0	0	0	0	0	0	0	0	0	0	0	0	0	0	0	0	0	0	0	0	0	0	
91024	Heschl_R	0	778	0	0	0	0	0	0	0	0	0	388	0	0	0	0	0	5598	0	396	0	0	0	0	0	0	0	0	0	4984	0	0	0	394	0	664	0	4430	0	3768	0	0	0	740	0	0	0	376	0	0	0	0	0	266	0	5224	0	1424	0	0	0	0	0	0	0	0	0	1416	0	498	0	0	0	668	0	0	0	130	0	0	0	8654	0	0	0	2478	0	0	0	1806	0	210	0	0	0	0	0	0	0	222	0	0	0	0	0	0	0	0	0	0	0	0	0	0	0	0	
277600	Temporal_Sup_L	3980	0	1578	0	0	0	1146	0	0	0	4986	0	568	0	282	0	14360	0	800	86	0	0	0	0	0	0	0	0	11380	0	0	0	0	0	164	0	3006	0	500	0	0	0	0	0	162	0	0	0	676	0	3708	0	878	0	7724	0	5018	0	88	0	2720	0	8676	0	3192	0	506	0	192	0	216	0	954	0	0	0	432	0	5886	0	0	0	5772	0	30308	0	120	0	16906	0	1106	0	358	0	0	0	0	0	366	0	0	0	0	0	0	0	0	0	0	0	0	0	0	0	0	0	
144928	Temporal_Sup_R	0	346	0	86	0	0	0	0	0	0	0	122	0	0	0	0	0	7896	0	256	0	0	0	0	0	0	0	0	0	4746	0	88	0	254	0	946	0	2002	0	1376	0	0	0	0	0	0	0	86	0	384	0	1264	0	688	0	4072	0	2394	0	0	0	404	0	4354	0	1760	0	948	0	386	0	0	0	1312	0	0	0	0	0	8654	0	0	0	2376	0	18706	0	126	0	6432	0	0	0	0	0	0	0	0	0	0	0	0	0	0	0	0	0	0	0	0	0	0	0	0	0	0	
129936	Temporal_Pole_Sup_L	2276	0	2344	0	562	0	1142	0	310	0	4846	0	900	0	2388	0	5320	0	1236	360	464	0	0	0	0	0	212	0	6856	0	0	0	0	0	0	0	1520	0	1104	0	1070	0	0	0	0	0	0	0	0	0	0	0	0	0	6486	0	146	0	0	0	0	0	0	0	0	0	0	0	0	0	284	0	1422	0	0	0	0	0	980	0	5772	0	0	0	6244	0	3688	0	7036	0	0	0	0	0	0	0	0	0	0	0	0	0	0	0	0	0	0	0	0	0	0	0	0	0	0	0	
49200	Temporal_Pole_Sup_R	0	0	0	382	0	0	0	0	0	0	0	1118	0	0	0	0	0	1170	0	240	0	0	0	106	0	0	0	0	0	2576	0	362	0	0	0	0	0	660	0	950	0	1300	0	0	0	0	0	0	0	0	0	0	0	0	0	3744	0	0	0	0	0	0	0	0	0	0	0	0	0	0	0	0	0	1048	0	0	0	0	0	0	0	2376	0	0	0	3622	0	2738	0	2208	0	0	0	0	0	0	0	0	0	0	0	0	0	0	0	0	0	0	0	0	0	0	0	0	0	0	
385212	Temporal_Mid_L	306	0	0	0	0	0	0	0	0	0	382	0	0	0	0	0	3852	0	112	0	0	0	0	0	0	0	0	0	2424	0	0	0	186	0	0	0	658	0	94	0	0	0	1506	0	1676	0	226	0	3470	0	24756	0	9054	0	9688	0	1872	0	476	0	11988	0	7170	0	15330	0	2744	0	1236	0	98	0	238	0	0	0	0	0	1548	0	30308	0	6244	0	0	0	3494	0	50914	0	300	0	92	0	0	0	0	0	164	0	0	0	0	0	0	0	0	0	0	0	0	0	0	0	0	0	
234488	Temporal_Mid_R	0	204	0	0	0	0	0	0	0	0	0	0	0	0	0	0	0	794	0	124	0	0	0	0	0	0	0	0	0	2322	0	0	0	136	0	250	0	1126	0	392	0	0	0	6170	0	1782	0	710	0	3178	0	23220	0	3126	0	3936	0	792	0	0	0	3976	0	2086	0	8144	0	990	0	218	0	0	0	294	0	0	0	0	0	2478	0	18706	0	3622	0	0	0	3198	0	25270	0	0	0	0	0	0	0	0	0	0	0	0	0	0	0	0	0	0	0	0	0	0	0	0	0	0	
33916	Temporal_Pole_Mid_L	0	0	0	0	0	0	0	0	0	0	0	0	0	0	0	0	0	0	0	0	0	0	0	0	0	0	0	0	0	0	0	0	0	0	0	0	268	0	630	0	396	0	0	0	0	0	0	0	0	0	0	0	0	0	3836	0	0	0	0	0	0	0	0	0	0	0	0	0	0	0	0	0	0	0	0	0	0	0	0	0	120	0	3688	0	3494	0	0	0	4526	0	0	0	0	0	0	0	0	0	0	0	0	0	0	0	0	0	0	0	0	0	0	0	0	0	0	0	
26160	Temporal_Pole_Mid_R	0	0	0	0	0	0	0	0	0	0	0	0	0	0	0	0	0	0	0	0	0	0	0	0	0	0	0	0	0	0	0	0	0	0	0	0	0	352	0	992	0	664	0	0	0	0	0	0	0	0	0	0	0	0	0	2480	0	0	0	0	0	0	0	0	0	0	0	0	0	0	0	0	0	0	0	0	0	0	0	0	0	126	0	2738	0	3198	0	0	0	2530	0	0	0	0	0	0	0	0	0	0	0	0	0	0	0	0	0	0	0	0	0	0	0	0	0	0	
392384	Temporal_Inf_L	2302	0	250	0	0	0	344	0	0	0	1218	0	118	0	0	0	3942	0	292	0	0	0	0	0	0	0	0	0	8804	0	0	0	0	0	242	0	5482	0	624	0	200	0	1540	0	832	0	272	0	776	0	7288	0	7602	0	33618	0	1612	0	0	0	5686	0	6370	0	5740	0	874	0	214	0	106	0	940	0	0	0	196	0	4076	0	16906	0	7036	0	50914	0	4526	0	0	0	8440	0	2612	0	0	0	448	0	3750	0	0	0	0	0	0	0	0	0	0	0	0	0	0	0	0	0	
175164	Temporal_Inf_R	0	0	0	102	0	0	0	0	0	0	0	0	0	0	0	0	0	530	0	110	0	0	0	0	0	0	0	0	0	1606	0	0	0	0	0	156	0	4090	0	728	0	208	0	816	0	160	0	82	0	390	0	3118	0	6928	0	18886	0	116	0	0	0	220	0	116	0	298	0	346	0	0	0	0	0	410	0	0	0	0	0	1806	0	6432	0	2208	0	25270	0	2530	0	0	0	5308	0	1880	0	0	0	624	0	2108	0	0	0	0	0	0	0	0	0	0	0	0	0	0	0	0	
413920	Cerebelum_Crus1_L	250	0	0	0	0	0	0	0	0	0	252	0	0	0	0	0	326	0	0	0	0	0	0	0	0	0	0	0	580	0	0	0	0	0	0	0	596	0	226	0	0	0	1632	0	0	0	12208	1592	0	0	0	0	474	0	30114	172	0	0	0	0	0	0	90	0	0	0	594	0	0	0	0	0	0	0	0	0	0	0	0	0	1106	0	0	0	300	0	0	0	8440	0	0	1644	37870	1242	468	0	11694	1620	52944	1772	9474	590	10282	1200	458	152	0	0	0	0	6584	5652	3360	510	172	320	
513220	Cerebelum_Crus1_R	0	0	0	90	0	0	0	0	0	0	0	0	0	0	0	0	0	0	0	186	0	0	0	0	0	0	0	0	0	516	0	0	0	116	0	0	0	2696	0	1244	0	0	1012	172	0	0	2290	15474	0	0	0	0	82	140	754	23264	0	90	0	0	0	0	0	0	0	0	86	266	0	118	0	0	0	414	0	0	0	0	0	210	0	0	0	0	0	0	0	0	0	5308	1644	0	684	35160	138	3882	3432	24334	4632	68136	282	2716	324	10256	82	1272	0	0	0	766	12754	15914	10060	2622	1636	1356	
243312	Cerebelum_Crus2_L	0	0	0	0	0	0	0	0	0	0	110	0	0	0	0	0	0	0	0	0	0	0	0	0	0	0	0	0	202	0	0	0	0	0	0	0	112	0	0	0	0	0	0	0	0	0	392	296	0	0	0	0	0	0	5562	0	0	0	0	0	0	0	0	0	0	0	0	0	0	0	0	0	0	0	0	0	0	0	0	0	358	0	0	0	92	0	0	0	2612	0	37870	684	0	2680	362	0	3746	348	18426	336	21684	836	17682	1060	184	0	0	0	0	0	824	1956	2424	704	0	114	
287632	Cerebelum_Crus2_R	0	0	0	0	0	0	0	0	0	0	0	0	0	0	0	0	0	0	0	0	0	0	0	0	0	0	0	0	0	92	0	0	0	0	0	0	0	698	0	102	0	0	96	0	0	0	278	334	0	0	0	0	0	0	84	3752	0	0	0	0	0	0	0	0	0	0	0	0	0	0	0	0	0	140	0	0	0	0	0	0	0	0	0	0	0	0	0	0	0	1880	1242	35160	2680	0	102	2778	910	7298	1556	17088	622	17234	614	26960	0	1698	0	98	0	514	2708	4156	8262	2640	1452	588	
72880	Cerebelum_3_L	0	0	0	0	0	0	0	0	0	0	0	0	0	0	0	0	0	0	0	0	0	0	0	0	0	0	0	0	0	0	0	0	0	0	0	0	0	0	104	0	0	0	0	0	0	0	144	88	0	0	0	0	0	0	120	0	0	0	0	0	0	0	0	0	0	0	0	0	0	0	0	0	0	0	0	0	0	0	0	0	0	0	0	0	0	0	0	0	0	0	468	138	362	102	0	0	8846	102	2512	162	140	0	1716	316	4368	1106	0	0	546	2042	864	3024	1656	2526	2630	2358	
58104	Cerebelum_3_R	0	0	0	0	0	0	0	0	0	0	0	0	0	0	0	0	0	0	0	0	0	0	0	0	0	0	0	0	0	0	0	0	0	0	0	0	0	0	0	0	0	0	0	0	0	0	0	100	0	0	0	0	0	0	0	0	0	0	0	0	0	0	0	0	0	0	0	0	0	0	0	0	0	0	0	0	0	0	0	0	0	0	0	0	0	0	0	0	0	0	0	3882	0	2778	0	0	242	5412	206	3628	0	84	116	2302	82	2576	0	0	84	2058	1262	806	908	1014	1394	118	
354820	Cerebelum_4_5_L	0	0	0	0	0	0	0	0	0	0	0	0	0	0	0	0	0	0	0	0	0	0	0	0	0	0	0	0	170	0	0	0	0	0	0	0	466	0	514	0	0	0	3850	0	0	0	16058	4630	0	0	344	0	1216	0	15856	306	0	0	0	0	0	0	0	0	0	0	180	0	0	0	0	0	0	0	0	0	0	0	0	0	0	0	0	0	0	0	0	0	448	0	11694	3432	3746	910	8846	242	0	6966	35626	4594	476	0	4076	1078	6898	1514	176	0	806	2100	19656	6634	3554	3644	3356	3348	
284720	Cerebelum_4_5_R	0	0	0	450	0	0	0	0	0	0	0	0	0	0	0	0	0	284	0	468	0	0	0	0	0	0	0	0	0	438	0	182	0	0	0	0	0	3284	0	3668	0	0	1534	0	0	0	2650	10616	0	0	0	0	0	0	804	6840	0	0	0	0	0	0	0	0	0	0	120	292	0	0	0	0	0	2148	0	180	0	0	0	0	0	0	0	0	0	0	0	0	0	624	1620	24334	348	7298	102	5412	6966	0	4396	30186	0	784	0	4126	0	952	0	434	0	816	16488	1382	686	830	440	178	
517424	Cerebelum_6_L	94	0	0	0	0	0	0	0	0	0	122	0	0	0	0	0	92	0	0	0	0	0	0	0	0	0	0	0	354	0	0	0	0	0	0	0	742	0	516	0	0	0	2888	0	0	0	21402	4838	0	0	454	0	1552	0	36484	860	0	0	0	0	0	0	0	0	0	0	384	0	0	0	0	0	0	0	0	0	0	0	0	0	366	0	0	0	164	0	0	0	3750	0	52944	4632	18426	1556	2512	206	35626	4396	0	5648	2202	544	5464	2030	1860	1062	238	0	352	724	16862	14004	5688	2240	1388	3046	
481852	Cerebelum_6_R	0	0	0	112	0	0	0	0	0	0	0	0	0	0	0	0	0	96	0	208	0	0	0	0	0	0	0	0	0	496	0	0	0	116	0	0	0	2414	0	1758	0	0	1392	238	0	0	3116	17256	0	0	0	0	100	268	1030	23026	0	92	0	0	0	0	0	0	0	0	100	286	0	118	0	0	0	620	0	0	0	0	0	222	0	0	0	0	0	0	0	0	0	2108	1772	68136	336	17088	162	3628	4594	30186	5648	0	0	1304	0	6350	0	960	0	162	100	878	15642	16726	7244	1780	1394	1664	
150088	Cerebelum_7b_L	0	0	0	0	0	0	0	0	0	0	0	0	0	0	0	0	0	0	0	0	0	0	0	0	0	0	0	0	0	0	0	0	0	0	0	0	0	0	0	0	0	0	0	0	0	0	0	0	0	0	0	0	0	0	264	0	0	0	0	0	0	0	0	0	0	0	0	0	0	0	0	0	0	0	0	0	0	0	0	0	0	0	0	0	0	0	0	0	0	0	9474	282	21684	622	140	0	476	0	2202	0	0	604	27286	1312	3464	158	1404	0	0	0	0	1002	2084	2088	350	148	
101784	Cerebelum_7b_R	0	0	0	0	0	0	0	0	0	0	0	0	0	0	0	0	0	0	0	0	0	0	0	0	0	0	0	0	0	0	0	0	0	0	0	0	0	0	0	0	0	0	0	0	0	0	0	0	0	0	0	0	0	0	0	106	0	0	0	0	0	0	0	0	0	0	0	0	0	0	0	0	0	0	0	0	0	0	0	0	0	0	0	0	0	0	0	0	0	0	590	2716	836	17234	0	84	0	784	544	1304	604	0	542	20246	0	1076	0	276	0	0	0	798	2508	644	0	0	
208036	Cerebelum_8_L	0	0	0	0	0	0	0	0	0	0	0	0	0	0	0	0	0	0	0	0	0	0	0	0	0	0	0	0	0	0	0	0	0	0	0	0	0	0	0	0	0	0	0	0	0	0	0	0	0	0	0	0	0	0	244	0	0	0	0	0	0	0	0	0	0	0	0	0	0	0	0	0	0	0	0	0	0	0	0	0	0	0	0	0	0	0	0	0	0	0	10282	324	17682	614	1716	116	4076	0	5464	0	27286	542	0	2408	16540	890	3202	0	0	0	0	2180	2906	4394	2184	968	
228144	Cerebelum_8_R	0	0	0	0	0	0	0	0	0	0	0	0	0	0	0	0	0	0	0	0	0	0	0	0	0	0	0	0	0	0	0	0	0	0	0	0	0	0	0	0	0	0	0	0	0	0	0	0	0	0	0	0	0	0	0	566	0	0	0	0	0	0	0	0	0	0	0	0	0	0	0	0	0	0	0	0	0	0	0	0	0	0	0	0	0	0	0	0	0	0	1200	10256	1060	26960	316	2302	1078	4126	2030	6350	1312	20246	2408	0	730	13244	0	2554	116	518	824	3404	5450	4176	2666	180	
103440	Cerebelum_9_L	0	0	0	0	0	0	0	0	0	0	0	0	0	0	0	0	0	0	0	0	0	0	0	0	0	0	0	0	0	0	0	0	0	0	0	0	0	0	126	0	0	0	0	0	0	0	0	0	0	0	0	0	0	0	0	0	0	0	0	0	0	0	0	0	0	0	0	0	0	0	0	0	0	0	0	0	0	0	0	0	0	0	0	0	0	0	0	0	0	0	458	82	184	0	4368	82	6898	0	1860	0	3464	0	16540	730	0	1040	4268	0	88	236	184	1556	842	2386	4556	1772	
99024	Cerebelum_9_R	0	0	0	0	0	0	0	0	0	0	0	0	0	0	0	0	0	0	0	0	0	0	0	0	0	0	0	0	0	0	0	0	0	0	0	0	0	0	0	0	0	0	0	0	0	0	0	0	0	0	0	0	0	0	0	0	0	0	0	0	0	0	0	0	0	0	0	0	0	0	0	0	0	0	0	0	0	0	0	0	0	0	0	0	0	0	0	0	0	0	152	1272	0	1698	1106	2576	1514	952	1062	960	158	1076	890	13244	1040	0	0	2354	292	1202	732	2698	2520	3894	5794	2326	
18836	Cerebelum_10_L	0	0	0	0	0	0	0	0	0	0	0	0	0	0	0	0	0	0	0	0	0	0	0	0	0	0	0	0	0	0	0	0	0	0	0	0	0	0	0	0	0	0	0	0	0	0	0	0	0	0	0	0	0	0	0	0	0	0	0	0	0	0	0	0	0	0	0	0	0	0	0	0	0	0	0	0	0	0	0	0	0	0	0	0	0	0	0	0	0	0	0	0	0	0	0	0	176	0	238	0	1404	0	3202	0	4268	0	0	0	0	0	0	0	0	0	130	0	
11756	Cerebelum_10_R	0	0	0	0	0	0	0	0	0	0	0	0	0	0	0	0	0	0	0	0	0	0	0	0	0	0	0	0	0	0	0	0	0	0	0	0	0	0	0	0	0	0	0	0	0	0	0	0	0	0	0	0	0	0	0	0	0	0	0	0	0	0	0	0	0	0	0	0	0	0	0	0	0	0	0	0	0	0	0	0	0	0	0	0	0	0	0	0	0	0	0	0	0	98	0	0	0	434	0	162	0	276	0	2554	0	2354	0	0	0	0	0	0	0	0	0	0	
17860	Vermis_1_2	0	0	0	0	0	0	0	0	0	0	0	0	0	0	0	0	0	0	0	0	0	0	0	0	0	0	0	0	0	0	0	0	0	0	0	0	0	0	0	0	0	0	0	0	0	0	0	0	0	0	0	0	0	0	0	0	0	0	0	0	0	0	0	0	0	0	0	0	0	0	0	0	0	0	0	0	0	0	0	0	0	0	0	0	0	0	0	0	0	0	0	0	0	0	546	84	806	0	352	100	0	0	0	116	88	292	0	0	0	3264	1548	658	212	278	298	288	
46876	Vermis_3	0	0	0	0	0	0	0	0	0	0	0	0	0	0	0	0	0	0	0	0	0	0	0	0	0	0	0	0	0	0	0	0	0	0	0	0	0	0	0	0	0	0	0	0	0	0	0	0	0	0	0	0	0	0	0	0	0	0	0	0	0	0	0	0	0	0	0	0	0	0	0	0	0	0	0	0	0	0	0	0	0	0	0	0	0	0	0	0	0	0	0	766	0	514	2042	2058	2100	816	724	878	0	0	0	518	236	1202	0	0	3264	0	2260	1474	1028	1270	1336	952	
291216	Vermis_4_5	0	0	0	0	0	0	0	0	0	0	0	0	0	0	0	0	0	0	0	0	0	0	0	0	0	0	0	0	0	0	0	0	0	136	0	308	0	340	0	302	0	0	3050	254	0	0	9192	9404	0	0	322	0	792	122	4192	1156	0	0	0	0	0	0	0	0	0	0	206	1132	0	84	0	0	0	0	0	0	0	0	0	0	0	0	0	0	0	0	0	0	0	0	6584	12754	824	2708	864	1262	19656	16488	16862	15642	0	0	0	824	184	732	0	0	1548	2260	0	7912	2340	1838	1322	2012	
269904	Vermis_6	0	0	0	0	0	0	0	0	0	0	0	0	0	0	0	0	0	0	0	0	0	0	0	0	0	0	0	0	0	0	0	0	0	0	0	0	0	0	0	0	0	0	118	0	0	0	2002	7622	0	0	0	0	150	110	1146	2548	0	0	0	0	0	0	0	0	0	0	0	0	0	0	0	0	0	0	0	0	0	0	0	0	0	0	0	0	0	0	0	0	0	0	5652	15914	1956	4156	3024	806	6634	1382	14004	16726	1002	798	2180	3404	1556	2698	0	0	658	1474	7912	0	12816	5062	4312	7130	
