data	data	507088	264084	509000	565824	106860	89988	444808	305380	95464	31404	173496	210364	163732	196268	184428	107884	185440	126864	643036	723928	118008	133076	274952	263860	36212	70964	79116	136908	470216	323316	186244	354580	294804	518860	101440	153512	329944	296088	209272	217992	57892	56320	219220	342356	171368	275764	358700	366304	189960	250412	415944	218884	145280	160628	549088	544448	216972	174376	196496	159572	344144	137056	98608	112124	220532	89388	355584	377312	259544	309452	183928	403372	323996	343600	53836	36684	182248	197360	114600	60656	222980	110524	77592	47988	327876	238616	10920	17700	272348	182276	661184	615524	599816	530108	65668	52508	468084	315140	615304	573652	403352	272136	393448	498352	185192	216500	37224	39476	17820	36992	299772	277236	322360	238744	128788	35352	
data	data	Precentral_L	Precentral_R	Frontal_Sup_L	Frontal_Sup_R	Frontal_Sup_Orb_L	Frontal_Sup_Orb_R	Frontal_Mid_L	Frontal_Mid_R	Frontal_Mid_Orb_L	Frontal_Mid_Orb_R	Frontal_Inf_Oper_L	Frontal_Inf_Oper_R	Frontal_Inf_Tri_L	Frontal_Inf_Tri_R	Frontal_Inf_Orb_L	Frontal_Inf_Orb_R	Rolandic_Oper_L	Rolandic_Oper_R	Supp_Motor_Area_L	Supp_Motor_Area_R	Olfactory_L	Olfactory_R	Frontal_Sup_Medial_L	Frontal_Sup_Medial_R	Frontal_Med_Orb_L	Frontal_Med_Orb_R	Rectus_L	Rectus_R	Insula_L	Insula_R	Cingulum_Ant_L	Cingulum_Ant_R	Cingulum_Mid_L	Cingulum_Mid_R	Cingulum_Post_L	Cingulum_Post_R	Hippocampus_L	Hippocampus_R	ParaHippocampal_L	ParaHippocampal_R	Amygdala_L	Amygdala_R	Calcarine_L	Calcarine_R	Cuneus_L	Cuneus_R	Lingual_L	Lingual_R	Occipital_Sup_L	Occipital_Sup_R	Occipital_Mid_L	Occipital_Mid_R	Occipital_Inf_L	Occipital_Inf_R	Fusiform_L	Fusiform_R	Postcentral_L	Postcentral_R	Parietal_Sup_L	Parietal_Sup_R	Parietal_Inf_L	Parietal_Inf_R	SupraMarginal_L	SupraMarginal_R	Angular_L	Angular_R	Precuneus_L	Precuneus_R	Paracentral_Lobule_L	Paracentral_Lobule_R	Caudate_L	Caudate_R	Putamen_L	Putamen_R	Pallidum_L	Pallidum_R	Thalamus_L	Thalamus_R	Heschl_L	Heschl_R	Temporal_Sup_L	Temporal_Sup_R	Temporal_Pole_Sup_L	Temporal_Pole_Sup_R	Temporal_Mid_L	Temporal_Mid_R	Temporal_Pole_Mid_L	Temporal_Pole_Mid_R	Temporal_Inf_L	Temporal_Inf_R	Cerebelum_Crus1_L	Cerebelum_Crus1_R	Cerebelum_Crus2_L	Cerebelum_Crus2_R	Cerebelum_3_L	Cerebelum_3_R	Cerebelum_4_5_L	Cerebelum_4_5_R	Cerebelum_6_L	Cerebelum_6_R	Cerebelum_7b_L	Cerebelum_7b_R	Cerebelum_8_L	Cerebelum_8_R	Cerebelum_9_L	Cerebelum_9_R	Cerebelum_10_L	Cerebelum_10_R	Vermis_1_2	Vermis_3	Vermis_4_5	Vermis_6	Vermis_7	Vermis_8	Vermis_9	Vermis_10	
507088	Precentral_L	0	402	17060	212	0	0	26080	450	0	0	12810	0	1296	1020	442	90	5626	0	11870	4848	0	0	96	0	0	0	0	0	12164	560	272	192	998	1668	0	688	12222	880	1226	74	0	0	0	0	0	0	0	430	0	0	0	0	0	0	1196	0	27948	0	0	0	9194	0	2460	0	610	0	590	0	35086	2572	4410	2278	8692	458	3524	0	33048	1414	4802	0	1178	0	0	0	0	0	0	0	0	0	0	0	0	0	0	0	124	0	0	0	0	0	0	0	0	0	0	0	0	284	0	0	0	0	0	0	
264084	Precentral_R	402	0	0	13902	0	0	0	8442	0	0	0	16574	0	142	240	0	0	3176	698	14546	0	0	0	0	0	0	0	0	184	3534	0	0	312	4212	138	396	0	5542	0	792	0	0	0	138	0	0	0	186	0	232	0	0	0	80	0	1458	0	13356	0	422	0	4560	0	8026	0	308	74	496	1294	11374	648	1038	0	5028	0	0	300	6742	0	786	0	932	0	0	0	524	0	0	0	808	0	0	0	0	0	0	0	0	0	0	0	0	0	0	0	0	0	0	0	0	0	0	0	0	0	0	
509000	Frontal_Sup_L	17060	0	0	1876	6604	0	65598	1362	2306	0	2980	382	8012	2706	3580	0	880	0	40340	2222	0	0	29902	4066	1712	258	376	0	13644	1020	6892	3936	6230	5256	0	0	2374	0	266	0	0	0	0	0	0	0	0	116	0	0	0	0	0	0	74	0	1604	0	0	0	1466	0	258	0	0	0	0	0	1708	112	446	1830	10300	240	1450	0	870	0	1534	0	492	0	78	0	0	0	0	0	0	0	0	0	0	0	0	0	0	0	0	0	0	0	0	0	0	0	0	0	0	82	0	0	0	0	0	0	
565824	Frontal_Sup_R	212	13902	1876	0	0	2728	1308	34140	0	218	112	8106	0	5020	530	4742	0	3738	8296	44612	0	962	7722	25620	0	2328	0	1624	1006	8600	1736	20148	2482	22516	0	0	0	1696	0	472	0	154	0	0	0	0	0	0	0	0	0	0	0	0	0	780	110	3928	0	96	0	1926	0	2584	0	128	0	0	134	220	1894	16864	0	21572	0	3272	72	2024	0	554	0	148	0	0	0	0	0	0	0	0	0	0	0	0	0	0	0	0	0	0	0	0	0	0	0	0	0	0	0	0	0	0	0	0	0	0	
106860	Frontal_Sup_Orb_L	0	0	6604	0	0	0	554	0	9188	0	0	0	1780	0	8424	0	0	0	550	0	2970	286	1182	0	1738	0	6056	138	4178	0	2072	502	0	0	0	0	0	0	0	0	0	0	0	0	0	0	0	0	0	0	0	0	0	0	0	0	0	0	0	0	0	0	0	0	0	0	0	0	0	0	1704	110	5060	0	0	0	0	0	0	0	0	0	334	0	0	0	0	0	0	0	0	0	0	0	0	0	0	0	0	0	0	0	0	0	0	0	0	0	0	0	0	0	0	0	0	0	
89988	Frontal_Sup_Orb_R	0	0	0	2728	0	0	0	406	0	2578	0	0	0	236	0	3848	0	0	0	138	734	4800	0	1076	154	6372	80	12604	0	1074	136	1834	0	0	0	0	0	0	0	0	0	0	0	0	0	0	0	0	0	0	0	0	0	0	0	0	0	0	0	0	0	0	0	0	0	0	0	0	0	0	758	3568	510	1360	0	0	0	0	0	0	0	0	0	0	0	0	0	0	0	0	0	0	0	0	0	0	0	0	0	0	0	0	0	0	0	0	0	0	0	0	0	0	0	0	0	0	
444808	Frontal_Mid_L	26080	0	65598	1308	554	0	0	578	868	0	12680	102	22548	1424	4156	72	474	0	21892	1456	0	0	14930	2754	0	0	0	0	12630	548	1946	3396	9028	4530	0	0	1628	0	228	0	0	0	0	0	0	0	0	0	0	0	0	0	0	0	690	0	1476	0	0	0	1728	0	106	0	98	0	0	0	710	76	612	1468	1996	430	372	0	198	0	898	0	138	0	0	0	0	0	0	0	0	0	0	0	0	0	0	0	0	0	0	0	0	0	0	0	0	0	0	0	0	0	0	0	0	0	0	0	
305380	Frontal_Mid_R	450	8442	1362	34140	0	406	578	0	0	274	270	10724	136	10820	830	2830	0	2126	10110	17870	0	108	938	3488	0	228	0	136	1120	4222	200	1880	1224	13212	0	0	0	674	0	174	0	0	0	0	0	0	0	0	0	0	0	0	0	0	0	296	112	1960	0	0	0	1032	0	1508	0	0	0	0	132	148	2760	7082	0	7130	0	0	0	1146	0	288	0	124	0	0	0	0	0	0	0	0	0	0	0	0	0	0	0	0	0	0	0	0	0	0	0	0	0	0	0	0	0	0	0	0	0	0	
95464	Frontal_Mid_Orb_L	0	0	2306	0	9188	0	868	0	0	0	0	0	1068	0	16680	0	0	0	970	0	496	0	312	0	238	0	3140	0	5390	0	684	0	0	0	0	0	0	0	0	0	0	0	0	0	0	0	0	0	0	0	0	0	0	0	0	0	0	0	0	0	0	0	0	0	0	0	0	0	0	0	1032	0	5176	0	0	0	0	0	0	0	0	0	184	0	0	0	0	0	0	0	0	0	0	0	0	0	0	0	0	0	0	0	0	0	0	0	0	0	0	0	0	0	0	0	0	0	
31404	Frontal_Mid_Orb_R	0	0	0	218	0	2578	0	274	0	0	0	0	0	104	0	5452	0	0	0	158	202	940	0	0	0	0	0	2390	0	868	0	0	0	0	0	0	0	0	0	0	0	0	0	0	0	0	0	0	0	0	0	0	0	0	0	0	0	0	0	0	0	0	0	0	0	0	0	0	0	0	232	1288	154	844	0	0	0	0	0	0	0	0	0	0	0	0	0	0	0	0	0	0	0	0	0	0	0	0	0	0	0	0	0	0	0	0	0	0	0	0	0	0	0	0	0	0	
173496	Frontal_Inf_Oper_L	12810	0	2980	112	0	0	12680	270	0	0	0	0	6868	610	0	0	6620	0	10762	244	0	0	132	0	0	0	0	0	13744	212	342	162	362	264	0	0	2952	0	514	0	112	0	0	0	0	0	0	0	0	0	0	0	0	0	1628	0	2858	0	0	0	276	0	114	0	182	0	0	0	0	0	0	132	2050	0	0	0	224	0	858	0	2862	0	2712	0	0	0	0	0	0	0	0	0	0	0	0	0	100	0	0	0	0	0	0	0	0	0	0	0	0	0	0	0	0	0	0	0	
210364	Frontal_Inf_Oper_R	0	16574	382	8106	0	0	102	10724	0	0	0	0	0	4054	314	0	0	4640	5326	8676	0	0	0	0	0	0	0	0	296	12260	0	0	218	3458	0	0	0	2088	0	812	0	0	0	0	0	0	0	0	0	0	0	0	0	0	0	1484	0	4860	0	294	0	3552	0	4116	0	0	0	0	0	176	810	2902	0	6188	0	0	0	1070	0	1034	0	392	0	0	0	88	0	0	0	186	0	0	0	0	0	0	0	0	0	0	0	0	0	0	0	0	0	0	0	0	0	0	0	0	0	0	
163732	Frontal_Inf_Tri_L	1296	0	8012	0	1780	0	22548	136	1068	0	6868	0	0	306	7882	0	290	0	5158	238	0	0	1048	0	94	0	0	0	19770	0	432	0	528	556	0	0	648	0	208	0	0	0	0	0	0	0	0	0	0	0	0	0	0	0	502	0	0	0	0	0	0	0	0	0	0	0	0	0	0	0	96	0	1952	0	0	0	0	0	0	0	90	0	360	0	0	0	0	0	0	0	0	0	0	0	0	0	0	0	0	0	0	0	0	0	0	0	0	0	0	0	0	0	0	0	0	0	
196268	Frontal_Inf_Tri_R	1020	142	2706	5020	0	236	1424	10820	0	104	610	4054	306	0	396	5502	0	92	5850	6036	0	192	380	2314	0	434	0	254	1830	19926	426	3528	1048	3220	0	0	0	232	0	116	0	0	0	0	0	0	0	0	0	0	0	0	0	0	0	140	0	0	0	0	0	0	0	0	0	0	0	0	468	124	4474	10552	130	3206	0	0	0	822	0	0	0	0	0	0	0	0	0	0	0	0	0	0	0	0	0	0	0	0	0	0	0	0	0	0	0	0	0	0	0	0	0	0	0	0	0	0	
184428	Frontal_Inf_Orb_L	442	240	3580	530	8424	0	4156	830	16680	0	0	314	7882	396	0	80	0	0	3792	424	2502	0	626	0	224	0	2774	0	18322	220	1396	234	218	292	0	0	286	0	198	0	0	0	0	0	0	0	0	0	0	0	0	0	0	0	226	0	168	0	0	0	0	0	0	0	0	0	0	0	0	0	3448	1276	9544	278	0	0	0	196	0	0	118	0	1898	0	0	0	0	0	0	0	0	0	0	0	0	0	0	0	0	0	0	0	0	0	0	0	0	0	0	0	0	0	0	0	0	0	
107884	Frontal_Inf_Orb_R	90	0	0	4742	0	3848	72	2830	0	5452	0	0	0	5502	80	0	0	0	162	1832	184	1440	138	2034	0	468	0	2972	78	6528	190	2520	0	508	0	0	0	0	0	0	0	0	0	0	0	0	0	0	0	0	0	0	0	0	0	0	0	0	0	0	0	0	0	0	0	0	0	0	0	0	532	3932	92	4658	0	0	0	0	0	0	0	1098	0	1406	0	482	0	72	0	0	0	0	0	0	0	0	0	0	0	0	0	0	0	0	0	0	0	0	0	0	0	0	0	0	0	0	
185440	Rolandic_Oper_L	5626	0	880	0	0	0	474	0	0	0	6620	0	290	0	0	0	0	0	6284	0	0	0	0	0	0	0	0	0	13138	0	0	0	272	0	0	0	1446	0	104	0	0	0	136	0	0	0	154	0	0	0	2112	0	3402	0	5050	0	6754	0	2058	0	4126	0	4018	0	2136	0	960	0	496	0	0	0	558	0	0	0	96	0	7284	0	10550	0	2330	0	2874	0	0	0	2492	0	0	0	0	0	0	0	0	0	0	0	0	0	0	0	0	0	0	0	0	0	0	0	0	0	0	0	
126864	Rolandic_Oper_R	0	3176	0	3738	0	0	0	2126	0	0	0	4640	0	92	0	0	0	0	494	4808	0	0	0	0	0	0	0	0	0	10934	0	0	0	1212	0	0	0	2710	0	1314	0	0	0	0	0	0	0	0	0	0	0	0	0	0	0	1886	0	2208	0	304	0	324	0	2432	0	208	0	0	80	200	0	462	0	6500	0	96	0	946	0	6246	0	4610	0	576	0	354	0	0	0	756	0	0	0	0	0	0	0	0	0	0	0	0	0	0	0	0	0	0	0	0	0	0	0	0	0	0	
643036	Supp_Motor_Area_L	11870	698	40340	8296	550	0	21892	10110	970	0	10762	5326	5158	5850	3792	162	6284	494	0	31838	322	0	8258	1664	0	0	82	0	22206	6142	1972	2818	16048	18864	490	0	7072	110	2408	0	2928	0	0	0	72	0	0	128	0	0	0	0	0	0	2540	0	1852	294	0	0	1520	0	322	0	0	0	334	0	4872	2442	4292	5340	27040	1330	6112	244	918	78	1348	134	2078	0	2006	0	0	0	0	0	90	0	0	0	0	0	0	0	356	0	0	0	0	0	0	0	0	0	0	0	0	0	0	0	0	0	0	0	
723928	Supp_Motor_Area_R	4848	14546	2222	44612	0	138	1456	17870	0	158	244	8676	238	6036	424	1832	0	4808	31838	0	0	120	1436	5610	0	190	0	132	1288	8704	850	2792	13458	37698	884	2052	0	2046	0	572	0	162	114	204	0	162	0	136	0	72	152	114	0	0	0	796	104	4668	0	122	94	1870	0	3114	0	198	608	836	12638	42104	602	25046	700	18708	454	5212	444	23124	0	780	0	218	0	0	122	162	0	0	0	96	0	0	0	0	0	0	0	0	0	0	0	0	0	0	0	0	0	0	0	0	250	0	0	0	0	0	
118008	Olfactory_L	0	0	0	0	2970	734	0	0	496	202	0	0	0	0	2502	184	0	0	322	0	0	8926	0	0	990	310	5644	4274	2832	396	5256	5262	0	0	0	0	254	0	464	0	344	0	0	0	0	0	0	0	0	0	0	0	0	0	232	0	0	0	0	0	0	0	0	0	0	0	0	0	0	0	7876	3800	3324	650	0	0	0	0	0	0	0	0	760	0	0	0	0	0	0	0	0	0	0	0	0	0	0	0	0	0	0	0	0	0	0	0	0	0	0	0	0	0	0	0	0	0	
133076	Olfactory_R	0	0	0	962	286	4800	0	108	0	940	0	0	0	192	0	1440	0	0	0	120	8926	0	0	550	284	2500	3540	10474	0	2306	3688	7270	0	0	0	0	0	104	0	180	0	726	0	0	0	0	0	0	0	0	0	0	0	0	0	0	0	0	0	0	0	0	0	0	0	0	0	0	0	0	7004	6310	2484	1118	0	0	0	0	0	0	0	0	0	226	0	0	0	0	0	0	0	0	0	0	0	0	0	0	0	0	0	0	0	0	0	0	0	0	0	0	0	0	0	0	0	0	
274952	Frontal_Sup_Medial_L	96	0	29902	7722	1182	0	14930	938	312	0	132	0	1048	380	626	138	0	0	8258	1436	0	0	0	17394	2888	586	180	0	1334	196	13314	12732	5552	12108	0	0	0	0	0	0	0	0	0	0	0	0	0	0	0	0	0	0	0	0	0	0	0	0	0	0	0	0	0	0	0	0	0	0	0	0	250	2668	594	580	0	0	0	0	0	0	0	0	0	0	0	0	0	0	0	0	0	0	0	0	0	0	0	0	0	0	0	0	0	0	0	0	0	0	0	0	0	0	0	0	0	0	
263860	Frontal_Sup_Medial_R	0	0	4066	25620	0	1076	2754	3488	0	0	0	0	0	2314	0	2034	0	0	1664	5610	0	550	17394	0	426	3248	0	924	0	2440	3744	24044	1572	15874	0	0	0	0	0	0	0	0	0	0	0	0	0	0	0	0	0	0	0	0	0	0	0	0	0	0	0	0	0	0	0	0	0	0	0	0	200	8300	0	4306	0	282	0	0	0	0	0	0	0	0	0	0	0	0	0	0	0	0	0	0	0	0	0	0	0	0	0	0	0	0	0	0	0	0	0	0	0	0	0	0	0	0	
36212	Frontal_Med_Orb_L	0	0	1712	0	1738	154	0	0	238	0	0	0	94	0	224	0	0	0	0	0	990	284	2888	426	0	1362	1192	194	116	0	4812	804	0	0	0	0	0	0	0	0	0	0	0	0	0	0	0	0	0	0	0	0	0	0	0	0	0	0	0	0	0	0	0	0	0	0	0	0	0	0	488	90	218	82	0	0	0	0	0	0	0	0	0	0	0	0	0	0	0	0	0	0	0	0	0	0	0	0	0	0	0	0	0	0	0	0	0	0	0	0	0	0	0	0	0	0	
70964	Frontal_Med_Orb_R	0	0	258	2328	0	6372	0	228	0	0	0	0	0	434	0	468	0	0	0	190	310	2500	586	3248	1362	0	172	7412	0	420	1236	4574	0	0	0	0	0	0	0	0	0	0	0	0	0	0	0	0	0	0	0	0	0	0	0	0	0	0	0	0	0	0	0	0	0	0	0	0	0	0	132	1336	96	1820	0	0	0	0	0	0	0	0	0	0	0	0	0	0	0	0	0	0	0	0	0	0	0	0	0	0	0	0	0	0	0	0	0	0	0	0	0	0	0	0	0	0	
79116	Rectus_L	0	0	376	0	6056	80	0	0	3140	0	0	0	0	0	2774	0	0	0	82	0	5644	3540	180	0	1192	172	0	1992	784	282	3924	2930	0	0	0	0	0	0	0	0	0	0	0	0	0	0	0	0	0	0	0	0	0	0	0	0	0	0	0	0	0	0	0	0	0	0	0	0	0	0	4040	1222	1056	92	0	0	0	0	0	0	0	0	0	0	0	0	0	0	0	0	0	0	0	0	0	0	0	0	0	0	0	0	0	0	0	0	0	0	0	0	0	0	0	0	0	0	
136908	Rectus_R	0	0	0	1624	138	12604	0	136	0	2390	0	0	0	254	0	2972	0	0	0	132	4274	10474	0	924	194	7412	1992	0	0	806	2358	7356	0	0	0	0	0	0	0	0	0	0	0	0	0	0	0	0	0	0	0	0	0	0	0	0	0	0	0	0	0	0	0	0	0	0	0	0	0	0	2996	5910	1130	2378	0	0	0	0	0	0	0	0	0	0	0	0	0	0	0	0	0	0	0	0	0	0	0	0	0	0	0	0	0	0	0	0	0	0	0	0	0	0	0	0	0	0	
470216	Insula_L	12164	184	13644	1006	4178	0	12630	1120	5390	0	13744	296	19770	1830	18322	78	13138	0	22206	1288	2832	0	1334	0	116	0	784	0	0	1118	724	130	578	1108	0	196	15598	280	3702	0	3662	0	0	0	0	0	0	96	0	0	0	0	0	0	6634	0	5248	0	0	0	166	0	286	0	0	0	0	0	352	0	1816	1254	16654	248	122	0	1758	130	9324	0	7430	0	5256	0	1146	0	0	0	2252	0	518	0	0	0	0	0	730	0	450	0	0	0	0	0	0	0	0	0	0	88	0	0	0	0	0	0	
323316	Insula_R	560	3534	1020	8600	0	1074	548	4222	0	868	212	12260	0	19926	220	6528	0	10934	6142	8704	396	2306	196	2440	0	420	282	806	1118	0	420	3446	132	2380	0	0	0	5612	0	2302	0	2288	0	0	0	0	0	0	0	0	0	0	0	0	0	4712	0	790	0	450	0	530	0	480	0	92	0	0	458	270	4154	7374	126	17800	0	0	0	2398	0	4916	0	4898	0	650	0	594	0	0	0	1070	0	0	0	0	0	0	0	0	0	0	0	0	0	0	0	0	0	0	0	0	0	0	0	0	0	0	
186244	Cingulum_Ant_L	272	0	6892	1736	2072	136	1946	200	684	0	342	0	432	426	1396	190	0	0	1972	850	5256	3688	13314	3744	4812	1236	3924	2358	724	420	0	15396	4892	3852	874	0	0	0	0	0	0	0	0	0	0	0	0	0	0	0	0	0	0	0	0	0	0	0	0	0	0	0	0	0	0	0	0	0	0	0	3992	1728	3066	300	0	0	0	0	0	0	0	0	0	0	0	0	0	0	0	0	0	0	0	0	0	0	0	0	0	0	0	0	0	0	0	0	0	0	0	0	0	0	0	0	0	0	
354580	Cingulum_Ant_R	192	0	3936	20148	502	1834	3396	1880	0	0	162	0	0	3528	234	2520	0	0	2818	2792	5262	7270	12732	24044	804	4574	2930	7356	130	3446	15396	0	4946	20364	0	82	0	0	0	0	0	0	0	0	0	0	0	0	0	0	0	0	0	0	0	0	0	0	0	0	0	0	0	0	0	0	0	0	0	240	3562	11790	1376	6618	0	426	0	0	0	0	0	0	0	0	0	0	0	0	0	0	0	0	0	0	0	0	0	0	0	0	0	0	0	0	0	0	0	0	0	0	0	0	0	0	0	0	
294804	Cingulum_Mid_L	998	312	6230	2482	0	0	9028	1224	0	0	362	218	528	1048	218	0	272	0	16048	13458	0	0	5552	1572	0	0	0	0	578	132	4892	4946	0	24568	7958	2204	128	76	0	0	0	0	2288	1060	1792	848	0	406	630	342	1488	456	152	368	252	76	378	0	2246	0	832	0	214	0	516	0	13972	3518	3964	4028	0	318	516	120	390	0	0	0	0	0	176	0	0	0	186	428	0	0	0	0	0	0	0	0	0	0	0	0	0	0	0	0	0	0	0	0	0	0	0	0	410	0	0	0	0	0	
518860	Cingulum_Mid_R	1668	4212	5256	22516	0	0	4530	13212	0	0	264	3458	556	3220	292	508	0	1212	18864	37698	0	0	12108	15874	0	0	0	0	1108	2380	3852	20364	24568	0	2530	6104	0	496	0	0	0	0	132	2164	178	2608	0	754	0	802	0	868	0	762	0	284	0	2954	0	122	0	300	0	364	0	0	3086	7960	5282	13908	456	3464	718	2812	562	188	0	0	0	132	0	128	0	0	0	972	0	0	0	170	0	0	0	0	0	0	0	0	0	0	0	0	0	0	0	0	0	0	0	0	450	0	0	0	0	0	
101440	Cingulum_Post_L	0	138	0	0	0	0	0	0	0	0	0	0	0	0	0	0	0	0	490	884	0	0	0	0	0	0	0	0	0	0	874	0	7958	2530	0	6166	2524	746	1980	150	0	0	2882	0	1258	198	1490	0	848	0	1230	0	94	0	788	186	0	214	264	0	156	0	0	0	162	0	8100	2370	2846	826	0	0	74	0	80	0	1092	0	94	0	0	0	0	0	558	0	0	0	264	0	0	0	0	0	0	0	0	0	0	0	0	0	0	0	0	0	0	0	0	0	206	0	0	0	0	0	
153512	Cingulum_Post_R	688	396	0	0	0	0	0	0	0	0	0	0	0	0	0	0	0	0	0	2052	0	0	0	0	0	0	0	0	196	0	0	82	2204	6104	6166	0	2952	4406	1726	1172	0	0	382	1238	354	966	786	3734	0	1002	0	226	0	184	788	1242	0	2264	0	1740	0	202	0	0	0	0	2836	14260	992	5138	0	284	148	0	0	0	3312	834	0	0	98	0	0	0	84	614	0	0	90	1032	0	0	0	0	0	0	0	0	0	0	0	0	0	0	0	0	0	0	0	0	3782	0	0	0	0	0	
329944	Hippocampus_L	12222	0	2374	0	0	0	1628	0	0	0	2952	0	648	0	286	0	1446	0	7072	0	254	0	0	0	0	0	0	0	15598	0	0	0	128	0	2524	2952	0	2412	23498	624	8316	0	1510	0	0	0	4114	1078	0	0	194	0	0	0	20132	386	1154	0	0	0	180	0	0	0	94	0	2352	716	1790	0	0	0	13986	0	320	0	8556	252	5006	0	3400	0	2388	0	1208	0	0	0	4030	0	1284	0	120	0	0	0	3550	0	1522	0	0	0	0	0	146	0	0	0	0	570	0	0	0	0	0	0	
296088	Hippocampus_R	880	5542	0	1696	0	0	0	674	0	0	0	2088	0	232	0	0	0	2710	110	2046	0	104	0	0	0	0	0	0	280	5612	0	0	76	496	746	4406	2412	0	1532	28974	0	10198	0	92	0	0	690	4242	0	0	0	0	0	98	628	29330	0	508	0	316	0	394	0	2112	0	252	0	3226	410	1234	0	92	250	10480	0	126	3014	5026	0	1496	102	4084	0	812	76	502	0	134	0	3864	0	270	0	0	0	0	0	2118	0	406	0	0	0	0	0	0	0	0	0	0	846	0	0	0	0	0	
209272	ParaHippocampal_L	1226	0	266	0	0	0	228	0	0	0	514	0	208	0	198	0	104	0	2408	0	464	0	0	0	0	0	0	0	3702	0	0	0	0	0	1980	1726	23498	1532	0	530	4642	0	1560	0	0	0	7894	746	0	0	482	0	720	0	17554	334	270	0	138	0	184	0	0	0	110	0	2534	348	94	0	0	0	5826	0	0	0	2820	108	328	0	388	0	1966	0	808	0	368	0	1630	0	3406	0	172	0	430	0	5308	0	4336	0	0	0	0	0	180	0	0	0	0	368	0	0	0	0	0	0	
217992	ParaHippocampal_R	74	792	0	472	0	0	0	174	0	0	0	812	0	116	0	0	0	1314	0	572	0	180	0	0	0	0	0	0	0	2302	0	0	0	0	150	1172	624	28974	530	0	0	6512	0	334	0	0	278	7598	0	0	0	0	0	592	278	28768	0	132	0	0	0	0	0	284	0	0	0	3096	0	254	0	0	0	6316	0	124	586	1746	0	342	0	750	0	1382	0	80	0	878	0	4340	0	404	0	0	0	130	0	4156	0	680	0	0	0	0	0	0	0	0	0	0	698	0	0	0	0	0	
57892	Amygdala_L	0	0	0	0	0	0	0	0	0	0	112	0	0	0	0	0	0	0	2928	0	344	0	0	0	0	0	0	0	3662	0	0	0	0	0	0	0	8316	0	4642	0	0	0	0	0	0	0	0	0	0	0	0	0	0	0	3552	0	0	0	0	0	0	0	0	0	0	0	0	0	0	0	0	0	3956	0	0	0	0	0	0	0	0	0	1110	0	0	0	0	0	94	0	0	0	0	0	0	0	230	0	0	0	0	0	0	0	0	0	0	0	0	0	0	0	0	0	0	0	
56320	Amygdala_R	0	0	0	154	0	0	0	0	0	0	0	0	0	0	0	0	0	0	0	162	0	726	0	0	0	0	0	0	0	2288	0	0	0	0	0	0	0	10198	0	6512	0	0	0	0	0	0	0	0	0	0	0	0	0	0	0	4154	0	0	0	0	0	0	0	0	0	0	0	0	0	0	0	0	0	1742	0	0	0	0	0	0	0	0	0	1664	0	0	0	308	0	132	0	0	0	0	0	0	0	120	0	0	0	0	0	0	0	0	0	0	0	0	0	0	0	0	0	0	
219220	Calcarine_L	0	0	0	0	0	0	0	0	0	0	0	0	0	0	0	0	136	0	0	114	0	0	0	0	0	0	0	0	0	0	0	0	2288	132	2882	382	1510	0	1560	0	0	0	0	8232	15608	6440	10364	2552	8444	510	14024	0	2268	0	1546	78	0	0	984	0	1212	0	0	0	1384	0	17746	2224	0	112	0	0	0	0	0	0	0	0	174	0	174	0	0	0	4198	0	0	0	1652	0	0	0	0	0	0	0	0	0	90	94	0	0	0	0	0	0	0	0	0	0	366	130	0	0	0	0	
342356	Calcarine_R	0	138	0	0	0	0	0	0	0	0	0	0	0	0	0	0	0	0	0	204	0	0	0	0	0	0	0	0	0	0	0	0	1060	2164	0	1238	0	92	0	334	0	0	8232	0	5248	30574	1692	19034	0	21530	0	14178	0	8476	250	7040	0	1422	0	3664	0	84	0	0	0	0	4136	24446	0	1626	0	0	0	0	0	0	0	0	0	0	0	0	0	0	0	7574	0	0	0	2638	218	0	0	0	0	0	272	750	760	256	0	0	0	0	0	0	0	0	0	0	1160	688	0	0	0	0	
171368	Cuneus_L	0	0	0	0	0	0	0	0	0	0	0	0	0	0	0	0	0	0	72	0	0	0	0	0	0	0	0	0	0	0	0	0	1792	178	1258	354	0	0	0	0	0	0	15608	5248	0	8368	468	176	16616	1718	9676	0	418	0	230	0	0	0	1640	0	318	0	0	0	328	0	16086	3138	0	0	0	0	0	0	0	0	0	0	0	0	0	0	0	0	1292	0	0	0	378	0	0	0	0	0	0	0	0	0	0	0	0	0	0	0	0	0	0	0	0	0	324	0	0	0	0	0	
275764	Cuneus_R	0	0	0	0	0	0	0	0	0	0	0	0	0	0	0	0	0	0	0	162	0	0	0	0	0	0	0	0	0	0	0	0	848	2608	198	966	0	0	0	0	0	0	6440	30574	8368	0	290	4204	0	27846	0	9022	0	4292	0	982	0	684	0	4804	0	0	0	0	0	0	6546	21906	0	1578	0	0	0	0	0	0	0	0	0	0	0	0	0	0	0	4364	0	0	0	350	0	0	0	0	0	0	0	152	156	0	0	0	0	0	0	0	0	0	0	0	412	130	0	0	0	0	
358700	Lingual_L	0	0	0	0	0	0	0	0	0	0	0	0	0	0	0	0	154	0	0	0	0	0	0	0	0	0	0	0	0	0	0	0	0	0	1490	786	4114	690	7894	278	0	0	10364	1692	468	290	0	5728	1832	356	9098	84	8784	442	26054	1904	0	0	378	0	272	0	0	0	278	0	4934	296	0	0	0	0	160	0	0	0	1052	0	228	0	112	0	0	0	866	0	0	0	1482	0	14294	3132	1188	902	390	90	18654	4440	22704	5708	0	0	0	0	0	394	0	0	0	108	7648	5630	1014	0	116	378	
366304	Lingual_R	430	186	116	0	0	0	0	0	0	0	0	0	0	0	0	0	0	0	128	136	0	0	0	0	0	0	0	0	96	0	0	0	406	754	0	3734	1078	4242	746	7598	0	0	2552	19034	176	4204	5728	0	0	4844	0	2468	0	8212	1634	27822	88	1600	0	2952	0	192	0	0	0	0	302	17782	106	1344	0	0	682	76	0	0	0	620	0	0	0	0	0	0	0	3008	0	0	0	4066	3980	4718	1042	556	0	0	2304	9470	7194	9796	0	0	0	0	0	0	0	0	0	0	6878	6856	1216	0	0	0	
189960	Occipital_Sup_L	0	0	0	0	0	0	0	0	0	0	0	0	0	0	0	0	0	0	0	0	0	0	0	0	0	0	0	0	0	0	0	0	630	0	848	0	0	0	0	0	0	0	8444	0	16616	0	1832	0	0	0	28718	0	2020	0	702	0	0	0	13520	0	2852	0	0	0	1218	0	15262	176	0	0	0	0	0	0	0	0	0	0	0	0	0	0	0	0	1826	0	0	0	316	0	0	0	0	0	0	0	0	0	0	0	0	0	0	0	0	0	0	0	0	0	0	0	0	0	0	0	
250412	Occipital_Sup_R	0	232	0	0	0	0	0	0	0	0	0	0	0	0	0	0	0	0	0	72	0	0	0	0	0	0	0	0	0	0	0	0	342	802	0	1002	0	0	0	0	0	0	510	21530	1718	27846	356	4844	0	0	0	20164	0	4000	0	844	0	1356	0	7904	0	1284	0	0	0	2482	1474	13778	154	1992	0	0	0	0	0	0	0	0	0	104	0	612	0	0	0	8204	0	0	0	732	0	0	0	0	0	0	0	168	172	0	0	0	0	0	0	0	0	0	0	0	380	148	0	0	0	0	
415944	Occipital_Mid_L	0	0	0	0	0	0	0	0	0	0	0	0	0	0	0	0	2112	0	0	152	0	0	0	0	0	0	0	0	0	0	0	0	1488	0	1230	0	194	0	482	0	0	0	14024	0	9676	0	9098	0	28718	0	0	0	17326	0	6192	0	282	0	21652	0	20388	0	734	0	22458	0	17096	0	606	152	0	0	0	0	0	0	0	0	948	0	912	0	0	0	24546	0	0	0	7300	0	116	0	0	0	0	0	0	0	90	0	0	0	0	0	0	0	0	0	0	0	0	0	0	0	0	0	
218884	Occipital_Mid_R	0	0	0	0	0	0	0	0	0	0	0	0	0	0	0	0	0	0	0	114	0	0	0	0	0	0	0	0	0	0	0	0	456	868	0	226	0	0	0	0	0	0	0	14178	0	9022	84	2468	0	20164	0	0	0	12820	0	2046	0	854	0	3640	0	2098	0	0	0	6492	290	6806	0	814	0	0	0	0	0	0	0	0	0	0	0	516	0	0	0	22528	0	0	0	2082	0	0	0	0	0	0	84	208	176	0	0	0	0	0	0	0	0	0	0	0	264	144	0	0	0	0	
145280	Occipital_Inf_L	0	0	0	0	0	0	0	0	0	0	0	0	0	0	0	0	3402	0	0	0	0	0	0	0	0	0	0	0	0	0	0	0	152	0	94	0	0	0	720	0	0	0	2268	0	418	0	8784	0	2020	0	17326	0	0	0	15498	0	784	0	2808	0	3258	0	124	0	2266	0	1948	0	406	0	0	0	0	0	0	0	0	0	868	0	660	0	0	0	3292	0	0	0	4486	0	194	0	0	0	0	0	328	0	536	0	0	0	0	0	0	0	0	0	0	0	0	0	0	0	0	0	
160628	Occipital_Inf_R	0	80	0	0	0	0	0	0	0	0	0	0	0	0	0	0	0	0	0	0	0	0	0	0	0	0	0	0	0	0	0	0	368	762	0	184	0	98	0	592	0	0	0	8476	0	4292	442	8212	0	4000	0	12820	0	0	160	9320	0	180	0	878	0	636	0	0	0	656	182	4322	0	634	0	0	0	0	0	0	0	0	0	0	0	0	0	0	0	10042	0	0	0	5218	444	426	96	0	0	0	342	1486	1002	1952	0	0	0	0	0	0	0	0	0	0	1126	886	0	0	0	0	
549088	Fusiform_L	1196	0	74	0	0	0	690	0	0	0	1628	0	502	0	226	0	5050	0	2540	0	232	0	0	0	0	0	0	0	6634	0	0	0	252	0	788	788	20132	628	17554	278	3552	0	1546	250	230	0	26054	1634	702	0	6192	0	15498	160	0	806	870	0	2484	0	2702	0	414	0	1570	0	3256	152	676	0	0	0	5070	0	0	0	1318	0	2760	0	6334	0	2832	0	4082	0	426	0	18374	0	29690	1408	1800	298	294	0	21520	2374	36678	2498	1130	0	124	0	122	0	0	0	0	0	5056	2124	292	0	0	0	
544448	Fusiform_R	0	1458	0	780	0	0	0	296	0	0	0	1484	0	140	0	0	0	1886	0	796	0	0	0	0	0	0	0	0	0	4712	0	0	76	284	186	1242	386	29330	334	28768	0	4154	78	7040	0	982	1904	27822	0	844	0	2046	0	9320	806	0	0	1044	0	1420	0	1434	0	548	0	212	0	5242	0	424	0	0	0	7242	0	86	380	760	0	562	0	2464	0	3404	0	4094	0	1522	0	20014	1432	24848	430	1890	0	1398	1024	15960	3360	29718	0	1454	0	3044	0	608	0	148	0	0	5190	3022	338	226	128	0	
216972	Postcentral_L	27948	0	1604	110	0	0	1476	112	0	0	2858	0	0	0	168	0	6754	0	1852	104	0	0	0	0	0	0	0	0	5248	0	0	0	378	0	0	0	1154	0	270	0	0	0	0	0	0	0	0	88	0	0	282	0	784	0	870	0	0	0	6020	0	24264	0	7672	0	1198	0	4578	0	5868	0	90	0	1390	0	132	0	314	0	2590	0	2078	0	0	0	232	0	0	0	0	0	0	0	0	0	0	0	0	0	0	0	0	0	0	0	0	0	0	0	0	0	0	0	0	0	0	0	
174376	Postcentral_R	0	13356	0	3928	0	0	0	1960	0	0	0	4860	0	0	0	0	0	2208	294	4668	0	0	0	0	0	0	0	0	0	790	0	0	0	2954	214	2264	0	508	0	132	0	0	0	1422	0	684	0	1600	0	1356	0	854	0	180	0	1044	0	0	0	5020	0	5108	0	9398	0	498	0	5856	1310	8852	0	520	0	426	0	0	0	104	0	536	0	646	0	0	0	1534	0	0	0	1622	0	88	0	0	0	0	0	0	0	112	0	0	0	0	0	0	0	0	0	0	282	0	0	0	0	0	
196496	Parietal_Sup_L	0	0	0	0	0	0	0	0	0	0	0	0	0	0	0	0	2058	0	0	0	0	0	0	0	0	0	0	0	0	0	0	0	2246	0	264	0	0	0	138	0	0	0	984	0	1640	0	378	0	13520	0	21652	0	2808	0	2484	0	6020	0	0	0	15736	0	192	0	5182	0	19770	184	436	0	0	0	0	0	0	0	0	0	80	0	120	0	0	0	1716	0	0	0	640	0	0	0	0	0	0	0	0	0	0	0	0	0	0	0	0	0	0	0	0	0	0	0	0	0	0	0	
159572	Parietal_Sup_R	0	422	0	96	0	0	0	0	0	0	0	294	0	0	0	0	0	304	0	122	0	0	0	0	0	0	0	0	0	450	0	0	0	122	0	1740	0	316	0	0	0	0	0	3664	0	4804	0	2952	0	7904	0	3640	0	878	0	1420	0	5020	0	0	0	15792	0	524	0	8522	344	12428	72	908	0	0	0	0	0	0	0	0	0	200	0	694	0	0	0	3314	0	0	0	2326	0	136	0	0	0	0	0	0	0	172	0	0	0	0	0	0	0	0	0	0	206	0	0	0	0	0	
344144	Parietal_Inf_L	9194	0	1466	0	0	0	1728	0	0	0	276	0	0	0	0	0	4126	0	1520	94	0	0	0	0	0	0	0	0	166	0	0	0	832	0	156	0	180	0	184	0	0	0	1212	0	318	0	272	0	2852	0	20388	0	3258	0	2702	0	24264	0	15736	0	0	0	12198	0	35562	0	5352	0	2718	0	0	0	0	0	0	0	0	0	558	0	3026	0	0	0	16184	0	0	0	5550	0	0	0	0	0	0	0	0	0	0	0	0	0	0	0	0	0	0	0	0	0	0	0	0	0	0	0	
137056	Parietal_Inf_R	0	4560	0	1926	0	0	0	1032	0	0	0	3552	0	0	0	0	0	324	0	1870	0	0	0	0	0	0	0	0	0	530	0	0	0	300	0	202	0	394	0	0	0	0	0	84	0	0	0	192	0	1284	0	2098	0	636	0	1434	0	5108	0	15792	0	0	0	8862	0	11902	0	328	0	232	0	72	0	154	0	0	0	0	0	206	0	752	0	0	0	2196	0	0	0	2198	0	136	0	0	0	0	0	0	0	172	0	0	0	0	0	0	0	0	0	0	0	0	0	0	0	0	
98608	SupraMarginal_L	2460	0	258	0	0	0	106	0	0	0	114	0	0	0	0	0	4018	0	322	0	0	0	0	0	0	0	0	0	286	0	0	0	214	0	0	0	0	0	0	0	0	0	0	0	0	0	0	0	0	0	734	0	124	0	414	0	7672	0	192	0	12198	0	0	0	4018	0	322	0	388	0	0	0	0	0	0	0	0	0	894	0	8740	0	0	0	3790	0	0	0	2040	0	0	0	0	0	0	0	0	0	0	0	0	0	0	0	0	0	0	0	0	0	0	0	0	0	0	0	
112124	SupraMarginal_R	0	8026	0	2584	0	0	0	1508	0	0	0	4116	0	0	0	0	0	2432	0	3114	0	0	0	0	0	0	0	0	0	480	0	0	0	364	0	0	0	2112	0	284	0	0	0	0	0	0	0	0	0	0	0	0	0	0	0	548	0	9398	0	524	0	8862	0	0	0	3544	0	0	0	1396	0	264	0	176	0	0	0	0	0	782	0	4682	0	0	0	400	0	0	0	466	0	0	0	0	0	0	0	0	0	0	0	0	0	0	0	0	0	0	0	0	0	0	0	0	0	0	
220532	Angular_L	610	0	0	0	0	0	98	0	0	0	182	0	0	0	0	0	2136	0	0	0	0	0	0	0	0	0	0	0	0	0	0	0	516	0	162	0	94	0	110	0	0	0	1384	0	328	0	278	0	1218	0	22458	0	2266	0	1570	0	1198	0	5182	0	35562	0	4018	0	0	0	2078	0	456	0	0	0	0	0	0	0	0	0	474	0	2634	0	0	0	19722	0	0	0	5532	0	0	0	0	0	0	0	0	0	0	0	0	0	0	0	0	0	0	0	0	0	0	0	0	0	0	0	
89388	Angular_R	0	308	0	128	0	0	0	0	0	0	0	0	0	0	0	0	0	208	0	198	0	0	0	0	0	0	0	0	0	92	0	0	0	0	0	0	0	252	0	0	0	0	0	0	0	0	0	0	0	2482	0	6492	0	656	0	212	0	498	0	8522	0	11902	0	3544	0	0	0	120	0	0	0	0	0	0	0	0	0	0	0	130	0	2628	0	0	0	5366	0	0	0	956	0	0	0	0	0	0	0	0	0	0	0	0	0	0	0	0	0	0	0	0	0	0	0	0	0	0	
355584	Precuneus_L	590	74	0	0	0	0	0	0	0	0	0	0	0	0	0	0	960	0	334	608	0	0	0	0	0	0	0	0	0	0	0	0	13972	3086	8100	2836	2352	0	2534	0	0	0	17746	4136	16086	6546	4934	302	15262	1474	17096	290	1948	182	3256	0	4578	0	19770	344	5352	0	322	0	2078	0	0	8324	4308	696	0	0	0	0	0	0	82	0	224	0	322	0	0	0	4264	200	0	0	1632	0	78	0	0	0	0	0	0	0	80	0	0	0	0	0	0	0	0	0	0	0	434	0	0	0	0	0	
377312	Precuneus_R	0	496	0	0	0	0	0	0	0	0	0	0	0	0	0	0	0	0	0	836	0	0	0	0	0	0	0	0	0	0	0	0	3518	7960	2370	14260	716	3226	348	3096	0	0	2224	24446	3138	21906	296	17782	176	13778	0	6806	0	4322	152	5242	0	5856	184	12428	0	328	0	0	0	120	8324	0	290	7154	0	0	0	0	0	0	420	198	0	0	0	0	0	0	0	6876	0	0	0	3090	0	0	0	0	0	0	0	952	0	0	0	0	0	0	0	0	0	0	0	0	5342	0	0	0	0	0	
259544	Paracentral_Lobule_L	35086	1294	1708	134	0	0	710	132	0	0	0	0	0	468	0	0	496	80	4872	12638	0	0	0	0	0	0	0	0	352	458	0	0	3964	5282	2846	992	1790	410	94	0	0	0	0	0	0	0	0	106	0	154	606	0	406	0	676	0	5868	1310	436	72	2718	0	388	0	456	0	4308	290	0	8392	3026	2864	1406	132	2962	322	16592	1416	354	0	0	0	0	0	456	0	0	0	250	0	0	0	0	0	0	0	0	0	0	0	0	0	0	0	0	0	0	0	0	0	0	0	0	0	0	0	
309452	Paracentral_Lobule_R	2572	11374	112	220	0	0	76	148	0	0	0	176	0	124	0	0	0	200	2442	42104	0	0	0	0	0	0	0	0	0	270	0	240	4028	13908	826	5138	0	1234	0	254	0	0	112	1626	0	1578	0	1344	0	1992	152	814	0	634	0	424	0	8852	0	908	0	232	0	1396	0	0	696	7154	8392	0	136	7546	212	0	282	234	366	20800	0	124	0	334	0	0	122	1144	0	0	0	774	0	0	0	0	0	0	0	0	0	0	0	0	0	0	0	0	0	0	0	0	900	0	0	0	0	0	
183928	Caudate_L	4410	648	446	1894	1704	758	612	2760	1032	232	0	810	96	4474	3448	532	0	0	4292	602	7876	7004	250	200	488	132	4040	2996	1816	4154	3992	3562	0	456	0	0	0	0	0	0	0	0	0	0	0	0	0	0	0	0	0	0	0	0	0	0	90	0	0	0	0	0	0	0	0	0	0	0	3026	136	0	8734	7142	1248	248	0	4098	1526	0	0	0	0	0	0	0	0	0	0	0	0	0	0	0	0	0	0	0	0	0	0	0	0	0	0	0	0	0	0	0	0	0	0	0	0	0	0	
403372	Caudate_R	2278	1038	1830	16864	110	3568	1468	7082	0	1288	132	2902	0	10552	1276	3932	0	462	5340	25046	3800	6310	2668	8300	90	1336	1222	5910	1254	7374	1728	11790	318	3464	0	284	0	92	0	0	0	0	0	0	0	0	0	0	0	0	0	0	0	0	0	0	0	520	0	0	0	72	0	264	0	0	0	0	2864	7546	8734	0	2028	16860	88	3532	254	17816	0	0	0	0	0	0	0	0	0	0	0	0	0	0	0	0	0	0	0	0	0	0	0	0	0	0	0	0	0	0	0	0	0	0	0	0	0	0	
323996	Putamen_L	8692	0	10300	0	5060	510	1996	0	5176	154	2050	0	1952	130	9544	92	558	0	27040	700	3324	2484	594	0	218	96	1056	1130	16654	126	3066	1376	516	718	74	148	13986	250	5826	0	3956	0	0	0	0	0	160	682	0	0	0	0	0	0	5070	0	1390	0	0	0	0	0	0	0	0	0	0	0	1406	212	7142	2028	0	354	7950	0	3274	0	168	0	912	0	486	0	0	0	0	0	78	0	0	0	0	0	0	0	718	0	0	0	0	0	0	0	0	0	0	0	0	416	0	0	0	0	0	0	
343600	Putamen_R	458	5028	240	21572	0	1360	430	7130	0	844	0	6188	0	3206	278	4658	0	6500	1330	18708	650	1118	580	4306	82	1820	92	2378	248	17800	300	6618	120	2812	0	0	0	10480	0	6316	0	1742	0	0	0	0	0	76	0	0	0	0	0	0	0	7242	0	426	0	0	0	154	0	176	0	0	0	0	132	0	1248	16860	354	0	0	4084	0	3884	0	818	0	576	0	134	0	0	0	0	0	244	0	0	0	0	0	0	0	0	0	0	0	0	0	0	0	0	0	0	0	0	0	0	0	0	0	0	
53836	Pallidum_L	3524	0	1450	0	0	0	372	0	0	0	0	0	0	0	0	0	0	0	6112	454	0	0	0	0	0	0	0	0	122	0	0	0	390	562	80	0	320	0	0	0	0	0	0	0	0	0	0	0	0	0	0	0	0	0	0	0	132	0	0	0	0	0	0	0	0	0	0	0	2962	282	248	88	7950	0	0	0	1870	0	0	0	0	0	0	0	0	0	0	0	0	0	0	0	0	0	0	0	0	0	0	0	0	0	0	0	0	0	0	0	0	0	0	0	0	0	0	0	
36684	Pallidum_R	0	0	0	3272	0	0	0	0	0	0	0	0	0	0	0	0	0	96	244	5212	0	0	0	282	0	0	0	0	0	0	0	426	0	188	0	0	0	126	0	124	0	0	0	0	0	0	0	0	0	0	0	0	0	0	0	86	0	0	0	0	0	0	0	0	0	0	0	0	322	234	0	3532	0	4084	0	0	0	114	0	0	0	0	0	0	0	0	0	0	0	0	0	0	0	0	0	0	0	0	0	0	0	0	0	0	0	0	0	0	0	0	0	0	0	0	0	0	
182248	Thalamus_L	33048	300	870	72	0	0	198	0	0	0	224	0	0	0	0	0	96	0	918	444	0	0	0	0	0	0	0	0	1758	0	0	0	0	0	1092	3312	8556	3014	2820	586	0	0	0	0	0	0	1052	0	0	0	0	0	0	0	1318	380	314	0	0	0	0	0	0	0	0	0	82	420	16592	366	4098	254	3274	0	1870	0	0	1742	294	0	918	0	0	0	594	0	0	0	248	0	0	0	0	0	0	0	0	0	0	0	0	0	0	0	0	0	0	0	0	0	0	0	0	0	0	0	
197360	Thalamus_R	1414	6742	0	2024	0	0	0	1146	0	0	0	1070	0	822	196	0	0	946	78	23124	0	0	0	0	0	0	0	0	130	2398	0	0	0	0	0	834	252	5026	108	1746	0	0	0	0	0	0	0	620	0	0	0	0	0	0	0	760	0	104	0	0	0	0	0	0	0	0	0	198	1416	20800	1526	17816	0	3884	0	114	1742	0	0	714	0	374	0	0	0	0	0	0	0	94	0	0	0	0	0	0	0	284	0	0	0	0	0	0	0	0	0	0	0	0	178	0	0	0	0	0	
114600	Heschl_L	4802	0	1534	0	0	0	898	0	0	0	858	0	0	0	0	0	7284	0	1348	0	0	0	0	0	0	0	0	0	9324	0	0	0	0	0	94	0	5006	0	328	0	0	0	174	0	0	0	228	0	0	0	948	0	868	0	2760	0	2590	0	80	0	558	0	894	0	474	0	224	0	354	0	0	0	168	0	0	0	294	0	0	0	7558	0	0	0	5170	0	0	0	2482	0	0	0	0	0	0	0	0	0	0	0	0	0	0	0	0	0	0	0	0	0	0	0	0	0	0	0	
60656	Heschl_R	0	786	0	554	0	0	0	288	0	0	0	1034	0	0	0	0	0	6246	134	780	0	0	0	0	0	0	0	0	0	4916	0	0	0	132	0	0	0	1496	0	342	0	0	0	0	0	0	0	0	0	104	0	0	0	0	0	562	0	536	0	200	0	206	0	782	0	130	0	0	0	124	0	0	0	818	0	0	0	714	0	0	0	7612	0	490	0	1040	0	0	0	302	0	0	0	0	0	0	0	0	0	0	0	0	0	0	0	0	0	0	0	0	0	0	0	0	0	0	
222980	Temporal_Sup_L	1178	0	492	0	0	0	138	0	0	0	2862	0	90	0	118	0	10550	0	2078	0	0	0	0	0	0	0	0	0	7430	0	0	0	176	0	0	98	3400	102	388	0	0	0	174	0	0	0	112	0	0	0	912	0	660	0	6334	0	2078	0	120	0	3026	0	8740	0	2634	0	322	0	0	0	0	0	912	0	0	0	918	0	7558	0	0	0	4494	0	24316	0	274	0	18094	0	496	0	0	0	0	0	0	0	216	0	0	0	0	0	0	0	0	0	0	0	0	0	0	0	0	0	
110524	Temporal_Sup_R	0	932	0	148	0	0	0	124	0	0	0	392	0	0	0	1098	0	4610	0	218	0	0	0	0	0	0	0	0	0	4898	0	0	0	128	0	0	0	4084	0	750	0	0	0	0	0	0	0	0	0	612	0	516	0	0	0	2464	0	646	0	694	0	752	0	4682	0	2628	0	0	0	334	0	0	0	576	0	0	0	374	0	7612	0	0	0	3680	0	9554	0	160	0	2498	0	0	0	0	0	0	0	0	0	98	0	0	0	0	0	0	0	0	0	0	0	0	0	0	0	0	
77592	Temporal_Pole_Sup_L	0	0	78	0	334	0	0	0	184	0	2712	0	360	0	1898	0	2330	0	2006	0	760	0	0	0	0	0	0	0	5256	0	0	0	0	0	0	0	2388	0	1966	0	1110	0	0	0	0	0	0	0	0	0	0	0	0	0	2832	0	0	0	0	0	0	0	0	0	0	0	0	0	0	0	0	0	486	0	0	0	0	0	0	0	4494	0	0	0	4224	0	1878	0	3020	0	122	0	0	0	0	0	220	0	138	0	0	0	0	0	0	0	0	0	0	0	0	0	0	0	0	0	
47988	Temporal_Pole_Sup_R	0	0	0	0	0	0	0	0	0	0	0	0	0	0	0	1406	0	576	0	0	0	226	0	0	0	0	0	0	0	650	0	0	0	0	0	0	0	812	0	1382	0	1664	0	0	0	0	0	0	0	0	0	0	0	0	0	3404	0	0	0	0	0	0	0	0	0	0	0	0	0	0	0	0	0	134	0	0	0	0	0	490	0	3680	0	0	0	3064	0	3270	0	3236	0	0	0	0	0	0	0	0	0	0	0	0	0	0	0	0	0	0	0	0	0	0	0	0	0	0	
327876	Temporal_Mid_L	0	0	0	0	0	0	0	0	0	0	0	0	0	0	0	0	2874	0	0	122	0	0	0	0	0	0	0	0	1146	0	0	0	186	0	558	84	1208	76	808	0	0	0	4198	0	1292	0	866	0	1826	0	24546	0	3292	0	4082	0	232	0	1716	0	16184	0	3790	0	19722	0	4264	0	456	122	0	0	0	0	0	0	594	0	5170	0	24316	0	4224	0	0	0	1232	0	34442	0	238	0	0	0	0	0	0	0	72	0	0	0	0	0	0	0	0	0	0	0	0	0	0	0	0	0	
238616	Temporal_Mid_R	0	524	0	0	0	0	0	0	0	0	0	88	0	0	0	482	0	354	0	162	0	0	0	0	0	0	0	0	0	594	0	0	428	972	0	614	0	502	0	80	0	0	0	7574	0	4364	0	3008	0	8204	0	22528	0	10042	0	4094	0	1534	0	3314	0	2196	0	400	0	5366	200	6876	0	1144	0	0	0	0	0	0	0	0	0	1040	0	9554	0	3064	0	0	0	1052	0	18812	0	0	0	0	0	0	0	0	0	0	0	0	0	0	0	0	0	0	0	0	142	0	0	0	0	0	
10920	Temporal_Pole_Mid_L	0	0	0	0	0	0	0	0	0	0	0	0	0	0	0	0	0	0	0	0	0	0	0	0	0	0	0	0	0	0	0	0	0	0	0	0	0	0	368	0	0	0	0	0	0	0	0	0	0	0	0	0	0	0	426	0	0	0	0	0	0	0	0	0	0	0	0	0	0	0	0	0	0	0	0	0	0	0	0	0	274	0	1878	0	1232	0	0	0	1282	0	0	0	0	0	0	0	0	0	0	0	0	0	0	0	0	0	0	0	0	0	0	0	0	0	0	0	
17700	Temporal_Pole_Mid_R	0	0	0	0	0	0	0	0	0	0	0	0	0	0	0	72	0	0	0	0	0	0	0	0	0	0	0	0	0	0	0	0	0	0	0	0	0	134	0	878	0	308	0	0	0	0	0	0	0	0	0	0	0	0	0	1522	0	0	0	0	0	0	0	0	0	0	0	0	0	0	0	0	0	0	0	0	0	0	0	0	0	160	0	3270	0	1052	0	0	0	1454	0	0	0	0	0	0	0	0	0	0	0	0	0	0	0	0	0	0	0	0	0	0	0	0	0	0	
272348	Temporal_Inf_L	0	0	0	0	0	0	0	0	0	0	0	0	0	0	0	0	2492	0	90	0	0	0	0	0	0	0	0	0	2252	0	0	0	0	0	264	90	4030	0	1630	0	94	0	1652	0	378	0	1482	0	316	0	7300	0	4486	0	18374	0	0	0	640	0	5550	0	2040	0	5532	0	1632	0	250	0	0	0	78	0	0	0	248	0	2482	0	18094	0	3020	0	34442	0	1282	0	0	0	6932	0	610	0	672	0	2858	0	4522	0	360	0	0	0	0	0	0	0	0	0	0	0	0	0	0	0	
182276	Temporal_Inf_R	0	808	0	0	0	0	0	0	0	0	0	186	0	0	0	0	0	756	0	96	0	0	0	0	0	0	0	0	0	1070	0	0	0	170	0	1032	0	3864	0	4340	0	132	0	2638	0	350	0	4066	0	732	0	2082	0	5218	0	20014	0	1622	0	2326	0	2198	0	466	0	956	0	3090	0	774	0	0	0	244	0	0	0	94	0	302	0	2498	0	3236	0	18812	0	1454	0	0	0	2490	0	132	0	0	0	422	0	922	0	418	0	896	0	0	0	0	0	0	232	0	0	0	0	0	
661184	Cerebelum_Crus1_L	0	0	0	0	0	0	0	0	0	0	0	0	0	0	0	0	0	0	0	0	0	0	0	0	0	0	0	0	518	0	0	0	0	0	0	0	1284	0	3406	0	0	0	0	218	0	0	14294	3980	0	0	116	0	194	444	29690	1432	0	0	0	0	0	0	0	0	0	0	78	0	0	0	0	0	0	0	0	0	0	0	0	0	496	0	122	0	238	0	0	0	6932	0	0	11842	46556	8414	3692	142	37464	1996	70512	11904	17568	0	12592	1180	3734	994	708	220	176	864	8558	14080	9744	2220	1416	574	
615524	Cerebelum_Crus1_R	0	0	0	0	0	0	0	0	0	0	0	0	0	0	0	0	0	0	0	0	0	0	0	0	0	0	0	0	0	0	0	0	0	0	0	0	0	270	0	404	0	0	0	0	0	0	3132	4718	0	0	0	0	0	426	1408	24848	0	88	0	136	0	136	0	0	0	0	0	0	0	0	0	0	0	0	0	0	0	0	0	0	0	0	0	0	0	0	0	0	0	2490	11842	0	9246	45516	442	2972	3128	21932	9168	63590	542	15958	840	34228	744	7022	0	2054	192	274	8660	13628	11640	3690	2234	164	
599816	Cerebelum_Crus2_L	0	0	0	0	0	0	0	0	0	0	0	0	0	0	0	0	0	0	0	0	0	0	0	0	0	0	0	0	0	0	0	0	0	0	0	0	120	0	172	0	0	0	0	0	0	0	1188	1042	0	0	0	0	0	96	1800	430	0	0	0	0	0	0	0	0	0	0	0	0	0	0	0	0	0	0	0	0	0	0	0	0	0	0	0	0	0	0	0	0	610	0	46556	9246	0	31062	368	192	3882	228	10786	6748	50588	13608	38490	17732	9260	3844	2654	868	0	86	102	7926	23390	12830	3292	712	
530108	Cerebelum_Crus2_R	0	0	0	0	0	0	0	0	0	0	0	0	0	0	0	0	0	0	0	0	0	0	0	0	0	0	0	0	0	0	0	0	0	0	0	0	0	0	0	0	0	0	0	0	0	0	902	556	0	0	0	0	0	0	298	1890	0	0	0	0	0	0	0	0	0	0	0	0	0	0	0	0	0	0	0	0	0	0	0	0	0	0	0	0	0	0	0	0	0	132	8414	45516	31062	0	0	294	358	1590	2648	11328	12470	34828	7280	48658	980	9936	0	2054	0	82	0	5708	25098	9526	3208	238	
65668	Cerebelum_3_L	0	0	0	0	0	0	0	0	0	0	0	0	0	0	0	0	0	0	0	0	0	0	0	0	0	0	0	0	0	0	0	0	0	0	0	0	0	0	430	0	0	0	0	0	0	0	390	0	0	0	0	0	0	0	294	0	0	0	0	0	0	0	0	0	0	0	0	0	0	0	0	0	0	0	0	0	0	0	0	0	0	0	0	0	0	0	0	0	672	0	3692	442	368	0	0	0	11032	92	6102	660	86	0	98	0	1692	484	0	0	928	950	1306	1378	324	392	650	372	
52508	Cerebelum_3_R	0	0	0	0	0	0	0	0	0	0	0	0	0	0	0	0	0	0	0	0	0	0	0	0	0	0	0	0	0	0	0	0	0	0	0	0	0	0	0	130	0	0	0	0	0	0	90	0	0	0	0	0	0	0	0	1398	0	0	0	0	0	0	0	0	0	0	0	0	0	0	0	0	0	0	0	0	0	0	0	0	0	0	0	0	0	0	0	0	0	0	142	2972	192	294	0	0	386	6840	188	7384	0	310	0	638	110	456	0	0	870	1844	434	540	316	346	374	0	
468084	Cerebelum_4_5_L	124	0	0	0	0	0	0	0	0	0	100	0	0	0	0	0	0	0	356	0	0	0	0	0	0	0	0	0	730	0	0	0	0	0	0	0	3550	0	5308	0	230	0	0	272	0	0	18654	2304	0	0	0	84	328	342	21520	1024	0	0	0	0	0	0	0	0	0	0	0	0	0	0	0	0	718	0	0	0	0	0	0	0	0	0	220	0	0	0	0	0	2858	0	37464	3128	3882	358	11032	386	0	7192	55438	6972	1252	0	2582	548	5912	2420	150	86	624	2744	21120	5850	728	1320	2336	1796	
315140	Cerebelum_4_5_R	0	0	0	0	0	0	0	0	0	0	0	0	0	0	0	0	0	0	0	0	0	0	0	0	0	0	0	0	0	0	0	0	0	0	0	0	0	2118	0	4156	0	120	0	750	0	152	4440	9470	0	168	0	208	0	1486	2374	15960	0	0	0	0	0	0	0	0	0	0	0	952	0	0	0	0	0	0	0	0	0	284	0	0	0	0	0	0	0	0	0	0	0	422	1996	21932	228	1590	92	6840	7192	0	5596	40356	0	1124	0	2562	154	1142	0	408	368	804	17548	2528	728	678	396	248	
615304	Cerebelum_6_L	0	0	0	0	0	0	0	0	0	0	0	0	0	0	0	0	0	0	0	0	0	0	0	0	0	0	0	0	450	0	0	0	0	0	0	0	1522	0	4336	0	0	0	90	760	0	156	22704	7194	0	172	90	176	536	1002	36678	3360	0	0	0	0	0	0	0	0	0	0	80	0	0	0	0	0	0	0	0	0	0	0	0	0	216	0	138	0	72	0	0	0	4522	0	70512	9168	10786	2648	6102	188	55438	5596	0	14330	2844	0	2106	436	2772	702	134	114	300	1292	15696	16048	3862	1088	898	338	
573652	Cerebelum_6_R	0	0	0	0	0	0	0	0	0	0	0	0	0	0	0	0	0	0	0	0	0	0	0	0	0	0	0	0	0	0	0	0	0	0	0	0	0	406	0	680	0	0	94	256	0	0	5708	9796	0	0	0	0	0	1952	2498	29718	0	112	0	172	0	172	0	0	0	0	0	0	0	0	0	0	0	0	0	0	0	0	0	0	0	98	0	0	0	0	0	0	0	922	11904	63590	6748	11328	660	7384	6972	40356	14330	0	404	3076	732	9262	1102	3074	0	1844	748	1106	16354	18740	9618	2814	1806	290	
403352	Cerebelum_7b_L	0	0	0	0	0	0	0	0	0	0	0	0	0	0	0	0	0	0	0	0	0	0	0	0	0	0	0	0	0	0	0	0	0	0	0	0	0	0	0	0	0	0	0	0	0	0	0	0	0	0	0	0	0	0	1130	0	0	0	0	0	0	0	0	0	0	0	0	0	0	0	0	0	0	0	0	0	0	0	0	0	0	0	0	0	0	0	0	0	360	0	17568	542	50588	12470	86	0	1252	0	2844	404	0	9212	47580	15202	9046	3700	2894	228	0	0	0	510	10652	12660	2510	238	
272136	Cerebelum_7b_R	0	0	0	0	0	0	0	0	0	0	0	0	0	0	0	0	0	0	0	0	0	0	0	0	0	0	0	0	0	0	0	0	0	0	0	0	0	0	0	0	0	0	0	0	0	0	0	0	0	0	0	0	0	0	0	1454	0	0	0	0	0	0	0	0	0	0	0	0	0	0	0	0	0	0	0	0	0	0	0	0	0	0	0	0	0	0	0	0	0	418	0	15958	13608	34828	0	310	0	1124	0	3076	9212	0	4826	37562	92	2068	0	0	0	0	0	0	6122	5410	0	0	
393448	Cerebelum_8_L	0	0	0	0	0	0	0	0	0	0	0	0	0	0	0	0	0	0	0	0	0	0	0	0	0	0	0	0	0	0	0	0	0	0	0	0	0	0	0	0	0	0	0	0	0	0	0	0	0	0	0	0	0	0	124	0	0	0	0	0	0	0	0	0	0	0	0	0	0	0	0	0	0	0	0	0	0	0	0	0	0	0	0	0	0	0	0	0	0	0	12592	840	38490	7280	98	0	2582	0	2106	732	47580	4826	0	12154	26546	6152	5602	352	0	0	0	858	7764	14156	5256	634	
498352	Cerebelum_8_R	0	0	0	0	0	0	0	0	0	0	0	0	0	0	0	0	0	0	0	0	0	0	0	0	0	0	0	0	0	0	0	0	0	0	0	0	0	0	0	0	0	0	0	0	0	0	0	0	0	0	0	0	0	0	0	3044	0	0	0	0	0	0	0	0	0	0	0	0	0	0	0	0	0	0	0	0	0	0	0	0	0	0	0	0	0	0	0	0	0	896	1180	34228	17732	48658	0	638	548	2562	436	9262	15202	37562	12154	0	1924	27156	0	2598	0	112	134	636	13214	15126	4078	96	
185192	Cerebelum_9_L	0	0	0	0	0	0	0	0	0	0	0	0	0	0	0	0	0	0	0	0	0	0	0	0	0	0	0	0	0	0	0	0	0	0	0	0	146	0	180	0	0	0	0	0	0	0	0	0	0	0	0	0	0	0	122	0	0	0	0	0	0	0	0	0	0	0	0	0	0	0	0	0	0	0	0	0	0	0	0	0	0	0	0	0	0	0	0	0	0	0	3734	744	9260	980	1692	110	5912	154	2772	1102	9046	92	26546	1924	0	5010	6350	132	0	92	1130	2684	1850	3716	5688	1428	
216500	Cerebelum_9_R	0	0	0	0	0	0	0	0	0	0	0	0	0	0	0	0	0	0	0	0	0	0	0	0	0	0	0	0	0	0	0	0	0	0	0	0	0	0	0	0	0	0	0	0	0	0	394	0	0	0	0	0	0	0	0	608	0	0	0	0	0	0	0	0	0	0	0	0	0	0	0	0	0	0	0	0	0	0	0	0	0	0	0	0	0	0	0	0	0	0	994	7022	3844	9936	484	456	2420	1142	702	3074	3700	2068	6152	27156	5010	0	0	3778	126	152	1856	3012	6086	7914	8598	1566	
37224	Cerebelum_10_L	0	0	0	0	0	0	0	0	0	0	0	0	0	0	0	0	0	0	0	0	0	0	0	0	0	0	0	0	0	0	0	0	0	0	0	0	0	0	0	0	0	0	0	0	0	0	0	0	0	0	0	0	0	0	0	0	0	0	0	0	0	0	0	0	0	0	0	0	0	0	0	0	0	0	0	0	0	0	0	0	0	0	0	0	0	0	0	0	0	0	708	0	2654	0	0	0	150	0	134	0	2894	0	5602	0	6350	0	0	0	0	0	0	0	0	0	120	0	
39476	Cerebelum_10_R	0	0	0	0	0	0	0	0	0	0	0	0	0	0	0	0	0	0	0	0	0	0	0	0	0	0	0	0	0	0	0	0	0	0	0	0	0	0	0	0	0	0	0	0	0	0	0	0	0	0	0	0	0	0	0	148	0	0	0	0	0	0	0	0	0	0	0	0	0	0	0	0	0	0	0	0	0	0	0	0	0	0	0	0	0	0	0	0	0	0	220	2054	868	2054	0	0	86	408	114	1844	228	0	352	2598	132	3778	0	0	0	0	0	276	1980	1498	1100	0	
17820	Vermis_1_2	0	0	0	0	0	0	0	0	0	0	0	0	0	0	0	0	0	0	0	0	0	0	0	0	0	0	0	0	0	0	0	0	0	0	0	0	0	0	0	0	0	0	0	0	0	0	0	0	0	0	0	0	0	0	0	0	0	0	0	0	0	0	0	0	0	0	0	0	0	0	0	0	0	0	0	0	0	0	0	0	0	0	0	0	0	0	0	0	0	0	176	192	0	0	928	870	624	368	300	748	0	0	0	0	0	126	0	0	0	3230	756	238	106	110	138	0	
36992	Vermis_3	284	0	82	0	0	0	0	0	0	0	0	0	0	0	0	0	0	0	0	0	0	0	0	0	0	0	0	0	88	0	0	0	0	0	0	0	570	0	368	0	0	0	0	0	0	0	108	0	0	0	0	0	0	0	0	0	0	0	0	0	0	0	0	0	0	0	0	0	0	0	0	0	416	0	0	0	0	0	0	0	0	0	0	0	0	0	0	0	0	0	864	274	86	82	950	1844	2744	804	1292	1106	0	0	0	112	92	152	0	0	3230	0	2348	258	96	118	128	0	
299772	Vermis_4_5	0	0	0	0	0	0	0	0	0	0	0	0	0	0	0	0	0	0	0	250	0	0	0	0	0	0	0	0	0	0	0	0	410	450	206	3782	0	846	0	698	0	0	366	1160	324	412	7648	6878	0	380	0	264	0	1126	5056	5190	0	282	0	206	0	0	0	0	0	0	434	5342	0	900	0	0	0	0	0	0	0	178	0	0	0	0	0	0	0	142	0	0	0	232	8558	8660	102	0	1306	434	21120	17548	15696	16354	0	0	0	134	1130	1856	0	0	756	2348	0	7104	0	340	1332	1946	
