data	data	428296	349884	1.05842e+06	644028	140196	127152	434788	211364	97740	83716	251424	231916	308952	160624	176816	158140	202548	116544	778648	675112	78368	79708	470952	368768	105780	94004	71436	50944	607796	383764	377868	591224	174696	680836	108900	110232	167480	229756	54960	120768	24336	54732	234060	324348	199640	288864	253332	197652	248700	255080	409212	203604	107256	105840	275260	306212	260876	189540	107272	63500	197912	79304	79452	116768	126880	91832	263924	335232	181644	240716	376956	457040	307096	372356	104260	19824	152204	110848	54992	20328	121652	100240	84748	34996	229064	246772	14524	14044	238716	195832	477132	442740	223816	288796	25460	54112	305144	243276	477224	470824	205288	176868	297120	294132	135956	162552	12552	13892	37408	85012	344088	289328	244852	106892	134308	53064	
data	data	Precentral_L	Precentral_R	Frontal_Sup_L	Frontal_Sup_R	Frontal_Sup_Orb_L	Frontal_Sup_Orb_R	Frontal_Mid_L	Frontal_Mid_R	Frontal_Mid_Orb_L	Frontal_Mid_Orb_R	Frontal_Inf_Oper_L	Frontal_Inf_Oper_R	Frontal_Inf_Tri_L	Frontal_Inf_Tri_R	Frontal_Inf_Orb_L	Frontal_Inf_Orb_R	Rolandic_Oper_L	Rolandic_Oper_R	Supp_Motor_Area_L	Supp_Motor_Area_R	Olfactory_L	Olfactory_R	Frontal_Sup_Medial_L	Frontal_Sup_Medial_R	Frontal_Med_Orb_L	Frontal_Med_Orb_R	Rectus_L	Rectus_R	Insula_L	Insula_R	Cingulum_Ant_L	Cingulum_Ant_R	Cingulum_Mid_L	Cingulum_Mid_R	Cingulum_Post_L	Cingulum_Post_R	Hippocampus_L	Hippocampus_R	ParaHippocampal_L	ParaHippocampal_R	Amygdala_L	Amygdala_R	Calcarine_L	Calcarine_R	Cuneus_L	Cuneus_R	Lingual_L	Lingual_R	Occipital_Sup_L	Occipital_Sup_R	Occipital_Mid_L	Occipital_Mid_R	Occipital_Inf_L	Occipital_Inf_R	Fusiform_L	Fusiform_R	Postcentral_L	Postcentral_R	Parietal_Sup_L	Parietal_Sup_R	Parietal_Inf_L	Parietal_Inf_R	SupraMarginal_L	SupraMarginal_R	Angular_L	Angular_R	Precuneus_L	Precuneus_R	Paracentral_Lobule_L	Paracentral_Lobule_R	Caudate_L	Caudate_R	Putamen_L	Putamen_R	Pallidum_L	Pallidum_R	Thalamus_L	Thalamus_R	Heschl_L	Heschl_R	Temporal_Sup_L	Temporal_Sup_R	Temporal_Pole_Sup_L	Temporal_Pole_Sup_R	Temporal_Mid_L	Temporal_Mid_R	Temporal_Pole_Mid_L	Temporal_Pole_Mid_R	Temporal_Inf_L	Temporal_Inf_R	Cerebelum_Crus1_L	Cerebelum_Crus1_R	Cerebelum_Crus2_L	Cerebelum_Crus2_R	Cerebelum_3_L	Cerebelum_3_R	Cerebelum_4_5_L	Cerebelum_4_5_R	Cerebelum_6_L	Cerebelum_6_R	Cerebelum_7b_L	Cerebelum_7b_R	Cerebelum_8_L	Cerebelum_8_R	Cerebelum_9_L	Cerebelum_9_R	Cerebelum_10_L	Cerebelum_10_R	Vermis_1_2	Vermis_3	Vermis_4_5	Vermis_6	Vermis_7	Vermis_8	Vermis_9	Vermis_10	
428296	Precentral_L	0	10200	11392	480	0	0	13228	0	0	0	10152	184	534	0	248	0	8840	160	7308	14146	0	0	140	0	0	0	0	0	11286	0	304	0	462	13334	2680	2286	3682	272	0	0	0	0	0	0	0	0	0	0	0	0	0	0	0	0	0	0	33086	594	0	0	3264	110	222	272	344	0	1236	466	16086	11238	7928	1018	4568	0	5690	0	13374	660	1434	0	700	0	408	0	0	0	0	0	132	0	0	0	0	0	0	0	0	0	0	0	0	0	0	0	0	0	0	0	0	0	0	0	0	0	0	0	
349884	Precentral_R	10200	0	3900	4788	0	0	778	2112	146	0	0	9314	0	1004	166	0	0	1720	3842	10048	0	0	0	0	0	0	0	0	290	4614	0	0	0	8672	934	1898	330	8176	0	722	0	0	0	520	0	224	0	0	0	0	0	0	0	0	0	128	2792	22728	0	298	0	622	0	1886	0	278	0	1694	6948	15304	5040	12358	978	4244	994	0	2450	18070	118	248	0	720	0	0	0	1414	0	0	0	1232	0	0	0	0	0	0	0	0	0	0	0	0	0	0	0	0	0	0	0	0	0	0	0	0	0	0	
1.05842e+06	Frontal_Sup_L	11392	3900	0	13220	7848	0	71130	3196	4082	244	18858	1446	26922	244	11662	322	5200	136	101362	23624	208	0	48878	6910	5788	126	0	0	36474	602	22922	11188	4986	12698	110	198	1500	346	0	0	0	0	0	0	0	0	0	0	0	0	0	0	0	0	0	0	3428	1694	0	0	286	0	0	0	0	0	0	0	610	258	17970	3772	21004	1406	8326	314	8072	748	304	0	578	0	2718	0	0	0	0	0	0	0	0	0	0	0	0	0	0	0	0	0	0	0	0	0	0	0	0	0	0	0	0	0	0	0	0	0	
644028	Frontal_Sup_R	480	4788	13220	0	0	7638	1036	26008	0	1596	372	10862	1208	6516	230	4198	0	1944	17634	41674	0	0	14616	36604	1578	3708	0	248	1468	13242	6894	37410	3956	16976	0	0	0	1070	0	0	0	0	0	0	0	0	0	0	0	0	0	0	0	0	0	0	206	950	0	0	0	122	0	122	0	0	0	0	0	0	3440	22222	468	13104	0	2030	0	2176	0	0	0	0	0	0	0	0	0	0	0	0	0	0	0	0	0	0	0	0	0	0	0	0	0	0	0	0	0	0	0	0	0	0	0	0	0	0	
140196	Frontal_Sup_Orb_L	0	0	7848	0	0	0	2172	0	12020	0	0	0	1514	0	10954	0	0	0	272	0	1856	166	3246	114	4366	0	7790	0	8952	0	4536	360	0	0	0	0	0	0	156	0	270	0	0	0	0	0	0	0	0	0	0	0	0	0	0	0	0	0	0	0	0	0	0	0	0	0	0	0	0	0	0	130	2206	0	0	0	0	0	0	0	0	0	1170	0	0	0	0	0	0	0	0	0	0	0	0	0	0	0	0	0	0	0	0	0	0	0	0	0	0	0	0	0	0	0	0	0	
127152	Frontal_Sup_Orb_R	0	0	0	7638	0	0	0	1378	0	5922	0	140	198	494	0	4960	0	0	384	1322	210	814	424	6150	534	6352	224	7014	224	1300	1126	5788	0	206	0	0	0	0	0	0	0	0	0	0	0	0	0	0	0	0	0	0	0	0	0	0	0	0	0	0	0	0	0	0	0	0	0	0	0	0	422	5404	0	4948	0	0	0	0	0	0	0	0	0	0	0	0	0	0	0	0	0	0	0	0	0	0	0	0	0	0	0	0	0	0	0	0	0	0	0	0	0	0	0	0	0	0	
434788	Frontal_Mid_L	13228	778	71130	1036	2172	0	0	790	2604	0	13914	498	25672	0	4166	0	2964	126	13068	1226	0	0	14618	1094	1660	0	0	0	17748	0	4226	1018	318	1450	0	0	648	0	0	0	0	0	0	0	0	0	0	0	0	0	0	0	0	0	0	0	766	0	0	0	276	0	0	0	0	0	0	0	136	0	3428	1734	1772	0	3698	0	7390	482	0	0	0	0	1560	0	0	0	0	0	0	0	0	0	0	0	0	0	0	0	0	0	0	0	0	0	0	0	0	0	0	0	0	0	0	0	0	0	
211364	Frontal_Mid_R	0	2112	3196	26008	0	1378	790	0	0	1770	646	12500	1270	15074	184	3984	0	1380	2790	1692	0	0	1438	2750	0	0	0	0	1342	11294	448	1836	424	1614	0	0	0	464	0	0	0	0	0	0	0	0	0	0	0	0	0	0	0	0	0	0	0	338	0	0	0	226	0	322	0	0	0	0	0	0	2224	1874	0	3526	0	224	0	564	0	0	0	0	0	0	0	0	0	0	0	0	0	0	0	0	0	0	0	0	0	0	0	0	0	0	0	0	0	0	0	0	0	0	0	0	0	0	
97740	Frontal_Mid_Orb_L	0	146	4082	0	12020	0	2604	0	0	0	0	0	3268	0	15270	0	0	0	1124	0	104	0	392	0	374	0	1246	0	4486	0	380	0	0	0	0	0	0	0	0	0	0	0	0	0	0	0	0	0	0	0	0	0	0	0	0	0	0	0	0	0	0	0	0	0	0	0	0	0	0	0	1624	166	1220	0	0	0	0	0	0	0	0	0	364	0	0	0	0	0	0	0	0	0	0	0	0	0	0	0	0	0	0	0	0	0	0	0	0	0	0	0	0	0	0	0	0	0	
83716	Frontal_Mid_Orb_R	0	0	244	1596	0	5922	0	1770	0	0	0	108	212	718	0	14916	0	0	504	1268	0	390	0	170	0	112	0	732	254	2474	0	1104	0	128	0	0	0	0	0	0	0	120	0	0	0	0	0	0	0	0	0	0	0	0	0	0	0	0	0	0	0	0	0	0	0	0	0	0	0	0	502	3840	0	4774	0	0	0	0	0	0	0	0	0	0	0	0	0	0	0	0	0	0	0	0	0	0	0	0	0	0	0	0	0	0	0	0	0	0	0	0	0	0	0	0	0	0	
251424	Frontal_Inf_Oper_L	10152	0	18858	372	0	0	13914	646	0	0	0	146	13160	0	168	0	9622	0	10446	152	0	0	852	168	0	0	0	0	25788	0	804	204	0	0	0	0	158	0	0	0	0	0	0	0	0	0	0	0	0	0	0	0	0	0	0	0	2958	0	0	0	682	0	0	0	176	0	0	0	0	0	6532	1364	2422	0	102	0	0	0	496	0	378	0	4992	0	0	0	0	0	0	0	0	0	0	0	0	0	0	0	0	0	0	0	0	0	0	0	0	0	0	0	0	0	0	0	0	0	
231916	Frontal_Inf_Oper_R	184	9314	1446	10862	0	140	498	12500	0	108	146	0	186	10414	0	296	0	6086	4544	7192	0	0	304	448	0	0	0	0	348	27786	260	1648	0	1428	0	102	0	306	0	0	0	0	0	0	0	0	0	0	0	0	0	0	0	0	0	0	0	4388	0	0	0	890	0	864	0	118	0	0	0	0	1766	3268	216	7028	0	0	104	156	0	0	0	320	0	294	0	0	0	0	0	0	0	0	0	0	0	0	0	0	0	0	0	0	0	0	0	0	0	0	0	0	0	0	0	0	0	0	
308952	Frontal_Inf_Tri_L	534	0	26922	1208	1514	198	25672	1270	3268	212	13160	186	0	0	11132	296	180	0	11592	268	0	0	4838	522	1452	0	0	0	30380	190	2594	796	194	0	0	0	0	0	0	0	0	0	0	0	0	0	0	0	0	0	0	0	0	0	0	0	202	0	0	0	0	0	0	0	0	0	0	0	0	0	8802	1914	4704	0	120	0	0	0	0	0	0	0	156	0	0	0	0	0	0	0	0	0	0	0	0	0	0	0	0	0	0	0	0	0	0	0	0	0	0	0	0	0	0	0	0	0	
160624	Frontal_Inf_Tri_R	0	1004	244	6516	0	494	0	15074	0	718	0	10414	0	0	0	5644	0	242	962	2334	0	0	798	1686	0	0	0	0	0	19070	196	4910	334	2082	0	0	0	148	0	0	0	0	0	0	0	0	0	0	0	0	0	0	0	0	0	0	0	178	0	0	0	0	0	0	0	0	0	0	0	0	166	3964	0	3134	0	0	0	0	0	0	0	0	0	0	0	0	0	0	0	0	0	0	0	0	0	0	0	0	0	0	0	0	0	0	0	0	0	0	0	0	0	0	0	0	0	0	
176816	Frontal_Inf_Orb_L	248	166	11662	230	10954	0	4166	184	15270	0	168	0	11132	0	0	0	0	0	4474	0	1040	0	4194	0	1078	0	1988	0	10998	0	1330	196	150	0	0	0	0	0	0	0	0	0	0	0	0	0	0	0	0	0	0	0	0	0	0	0	0	0	0	0	0	0	0	0	0	0	0	0	0	0	3828	378	2918	0	0	0	0	0	0	0	0	0	1656	0	0	0	0	0	0	0	0	0	0	0	0	0	0	0	0	0	0	0	0	0	0	0	0	0	0	0	0	0	0	0	0	0	
158140	Frontal_Inf_Orb_R	0	0	322	4198	0	4960	0	3984	0	14916	0	296	296	5644	0	0	0	0	1650	3124	0	1048	970	1130	0	0	0	2064	352	10024	198	3290	270	2140	0	0	0	0	0	0	0	192	0	0	0	0	0	0	0	0	0	0	0	0	0	0	0	0	0	0	0	0	0	0	0	0	0	0	0	0	706	8370	102	8488	0	0	0	0	0	0	0	0	0	336	0	0	0	0	0	0	0	0	0	0	0	0	0	0	0	0	0	0	0	0	0	0	0	0	0	0	0	0	0	0	0	0	
202548	Rolandic_Oper_L	8840	0	5200	0	0	0	2964	0	0	0	9622	0	180	0	0	0	0	0	3698	0	0	0	144	0	0	0	0	0	24316	0	114	0	0	0	0	0	836	0	0	0	0	0	0	0	0	0	0	0	0	0	196	0	884	0	462	0	10008	0	0	0	1930	0	1768	0	1324	0	0	0	0	0	4266	178	5906	0	2066	0	0	0	4870	0	4038	0	5188	0	1274	0	0	0	1002	0	0	0	0	0	0	0	0	0	0	0	0	0	0	0	0	0	0	0	0	0	0	0	0	0	0	0	
116544	Rolandic_Oper_R	160	1720	136	1944	0	0	126	1380	0	0	0	6086	0	242	0	0	0	0	928	2260	0	0	0	0	0	0	0	0	0	14686	0	114	0	0	0	0	0	836	0	156	0	0	0	0	0	0	0	0	0	0	0	0	0	0	0	0	0	4400	0	0	0	116	0	3282	0	0	0	0	0	0	452	4168	0	9292	0	570	260	0	0	1980	0	1804	0	1174	0	0	0	0	0	0	0	0	0	0	0	0	0	0	0	0	0	0	0	0	0	0	0	0	0	0	0	0	0	0	0	0	
778648	Supp_Motor_Area_L	7308	3842	101362	17634	272	384	13068	2790	1124	504	10446	4544	11592	962	4474	1650	3698	928	0	47432	0	0	7368	2326	786	112	0	0	18436	4128	10842	14244	8500	29438	160	182	1182	260	0	0	0	0	0	0	0	0	0	0	0	0	0	0	0	0	0	0	2684	1622	0	0	212	0	0	0	0	0	0	0	5296	358	14672	5032	16850	2938	1464	310	2582	660	236	0	514	0	1916	0	0	0	0	0	0	0	0	0	0	0	0	0	0	0	0	0	0	0	0	0	0	0	0	0	0	0	0	0	0	0	0	0	
675112	Supp_Motor_Area_R	14146	10048	23624	41674	0	1322	1226	1692	0	1268	152	7192	268	2334	0	3124	0	2260	47432	0	0	0	2396	8574	802	1018	0	0	452	8212	5374	20888	5734	52274	380	1032	0	0	0	0	0	0	0	0	0	0	0	0	0	0	0	0	0	0	0	0	1652	544	0	0	0	0	0	0	0	0	0	178	13636	16560	4396	17298	1114	10472	2398	540	2740	714	0	0	0	0	0	0	0	218	0	0	0	198	0	0	0	0	0	0	0	0	0	0	0	0	0	0	0	0	0	0	0	0	0	0	0	0	0	0	
78368	Olfactory_L	0	0	208	0	1856	210	0	0	104	0	0	0	0	0	1040	0	0	0	0	0	0	7612	0	0	442	0	4974	800	1858	0	3270	1648	0	0	0	0	184	0	412	0	856	0	0	0	0	0	0	0	0	0	0	0	0	0	0	0	0	0	0	0	0	0	0	0	0	0	0	0	0	0	7464	4720	838	422	0	0	0	0	0	0	0	0	266	0	0	0	0	0	0	0	0	0	0	0	0	0	0	0	0	0	0	0	0	0	0	0	0	0	0	0	0	0	0	0	0	0	
79708	Olfactory_R	0	0	0	0	166	814	0	0	0	390	0	0	0	0	0	1048	0	0	0	0	7612	0	0	0	328	994	3756	2314	0	1844	2822	2552	0	0	0	0	0	0	0	160	0	954	0	0	0	0	0	0	0	0	0	0	0	0	0	0	0	0	0	0	0	0	0	0	0	0	0	0	0	0	6878	5310	616	1116	0	0	0	0	0	0	0	0	0	180	0	0	0	0	0	0	0	0	0	0	0	0	0	0	0	0	0	0	0	0	0	0	0	0	0	0	0	0	0	0	0	0	
470952	Frontal_Sup_Medial_L	140	0	48878	14616	3246	424	14618	1438	392	0	852	304	4838	798	4194	970	144	0	7368	2396	0	0	0	26386	7668	1186	0	0	6330	792	28780	24036	7452	18484	0	0	0	0	0	0	0	0	0	0	0	0	0	0	0	0	0	0	0	0	0	0	0	0	0	0	0	0	0	0	0	0	0	0	0	0	1632	1798	3970	1346	0	0	0	0	0	0	0	0	0	0	0	0	0	0	0	0	0	0	0	0	0	0	0	0	0	0	0	0	0	0	0	0	0	0	0	0	0	0	0	0	0	0	
368768	Frontal_Sup_Medial_R	0	0	6910	36604	114	6150	1094	2750	0	170	168	448	522	1686	0	1130	0	0	2326	8574	0	0	26386	0	2562	5720	0	236	614	1956	8872	31882	1180	17944	0	0	0	0	0	0	0	0	0	0	0	0	0	0	0	0	0	0	0	0	0	0	0	0	0	0	0	0	0	0	0	0	0	0	0	0	596	8922	0	8868	0	0	0	0	0	0	0	0	0	0	0	0	0	0	0	0	0	0	0	0	0	0	0	0	0	0	0	0	0	0	0	0	0	0	0	0	0	0	0	0	0	0	
105780	Frontal_Med_Orb_L	0	0	5788	1578	4366	534	1660	0	374	0	0	0	1452	0	1078	0	0	0	786	802	442	328	7668	2562	0	2782	1704	0	2608	0	10128	2280	0	0	0	0	0	0	0	0	0	0	0	0	0	0	0	0	0	0	0	0	0	0	0	0	0	0	0	0	0	0	0	0	0	0	0	0	0	0	440	1080	1942	508	0	0	0	0	0	0	0	0	0	0	0	0	0	0	0	0	0	0	0	0	0	0	0	0	0	0	0	0	0	0	0	0	0	0	0	0	0	0	0	0	0	0	
94004	Frontal_Med_Orb_R	0	0	126	3708	0	6352	0	0	0	112	0	0	0	0	0	0	0	0	112	1018	0	994	1186	5720	2782	0	286	4466	0	0	2772	7088	0	0	0	0	0	0	0	0	0	0	0	0	0	0	0	0	0	0	0	0	0	0	0	0	0	0	0	0	0	0	0	0	0	0	0	0	0	0	0	5052	0	5228	0	0	0	0	0	0	0	0	0	0	0	0	0	0	0	0	0	0	0	0	0	0	0	0	0	0	0	0	0	0	0	0	0	0	0	0	0	0	0	0	0	0	
71436	Rectus_L	0	0	0	0	7790	224	0	0	1246	0	0	0	0	0	1988	0	0	0	0	0	4974	3756	0	0	1704	286	0	864	1748	0	3462	870	0	0	0	0	0	0	0	0	0	0	0	0	0	0	0	0	0	0	0	0	0	0	0	0	0	0	0	0	0	0	0	0	0	0	0	0	0	0	3214	2158	854	264	0	0	0	0	0	0	0	0	316	0	0	0	0	0	0	0	0	0	0	0	0	0	0	0	0	0	0	0	0	0	0	0	0	0	0	0	0	0	0	0	0	0	
50944	Rectus_R	0	0	0	248	0	7014	0	0	0	732	0	0	0	0	0	2064	0	0	0	0	800	2314	0	236	0	4466	864	0	0	1038	414	788	0	0	0	0	0	0	0	0	0	234	0	0	0	0	0	0	0	0	0	0	0	0	0	0	0	0	0	0	0	0	0	0	0	0	0	0	0	0	654	1526	0	2080	0	0	0	0	0	0	0	0	0	0	0	0	0	0	0	0	0	0	0	0	0	0	0	0	0	0	0	0	0	0	0	0	0	0	0	0	0	0	0	0	0	0	
607796	Insula_L	11286	290	36474	1468	8952	224	17748	1342	4486	254	25788	348	30380	0	10998	352	24316	0	18436	452	1858	0	6330	614	2608	0	1748	0	0	236	5640	970	0	0	104	0	6864	104	1176	0	1140	0	0	0	0	0	0	0	0	0	0	0	442	0	1192	0	6012	0	0	0	2782	0	1220	0	2078	0	0	0	0	0	14224	2960	20986	0	1566	0	710	0	7456	0	7296	0	7868	0	1528	0	152	0	2440	0	0	0	0	0	0	0	0	0	0	0	0	0	0	0	0	0	0	0	0	0	0	0	0	0	0	0	
383764	Insula_R	0	4614	602	13242	0	1300	0	11294	0	2474	0	27786	190	19070	0	10024	0	14686	4128	8212	0	1844	792	1956	0	0	0	1038	236	0	302	6474	328	3046	0	318	0	4050	0	776	0	1102	0	0	0	0	0	0	0	0	0	0	0	0	0	390	0	1554	0	0	0	128	0	610	0	0	0	0	0	0	768	8918	120	29132	0	894	266	946	0	1176	0	3558	0	2970	0	454	0	0	0	114	0	0	0	0	0	0	0	0	0	0	0	0	0	0	0	0	0	0	0	0	0	0	0	0	0	0	
377868	Cingulum_Ant_L	304	0	22922	6894	4536	1126	4226	448	380	0	804	260	2594	196	1330	198	114	0	10842	5374	3270	2822	28780	8872	10128	2772	3462	414	5640	302	0	26560	5746	8196	168	0	0	0	0	0	0	0	0	0	0	0	0	0	0	0	0	0	0	0	0	0	0	0	0	0	0	0	0	0	0	0	0	0	0	0	7086	3768	7252	1148	0	0	0	0	0	0	0	0	0	0	0	0	0	0	0	0	0	0	0	0	0	0	0	0	0	0	0	0	0	0	0	0	0	0	0	0	0	0	0	0	0	0	
591224	Cingulum_Ant_R	0	0	11188	37410	360	5788	1018	1836	0	1104	204	1648	796	4910	196	3290	0	114	14244	20888	1648	2552	24036	31882	2280	7088	870	788	970	6474	26560	0	8852	32426	0	0	0	0	0	0	0	0	0	0	0	0	0	0	0	0	0	0	0	0	0	0	0	0	0	0	0	0	0	0	0	0	0	0	0	0	2850	26168	282	14892	0	0	0	0	0	0	0	0	0	0	0	0	0	0	0	0	0	0	0	0	0	0	0	0	0	0	0	0	0	0	0	0	0	0	0	0	0	0	0	0	0	0	
174696	Cingulum_Mid_L	462	0	4986	3956	0	0	318	424	0	0	0	0	194	334	150	270	0	0	8500	5734	0	0	7452	1180	0	0	0	0	0	328	5746	8852	0	16062	3366	512	0	0	0	0	0	0	318	0	500	110	0	0	1976	222	1804	110	0	0	0	0	822	0	228	0	142	0	0	0	0	0	4068	690	6588	118	0	484	0	342	0	0	0	0	0	0	0	0	0	0	0	0	0	0	0	0	0	0	0	0	0	0	0	0	0	0	0	0	0	0	0	0	0	0	0	0	0	0	0	0	0	0	
680836	Cingulum_Mid_R	13334	8672	12698	16976	0	206	1450	1614	0	128	0	1428	0	2082	0	2140	0	0	29438	52274	0	0	18484	17944	0	0	0	0	0	3046	8196	32426	16062	0	636	5900	0	0	0	0	0	0	0	1896	0	3550	0	0	0	3540	0	876	0	110	0	0	784	3744	0	196	0	0	0	800	0	302	836	19094	13800	24968	686	3240	152	3612	2320	0	2614	172	0	0	0	408	0	0	0	3494	0	0	0	4090	0	0	0	0	0	0	0	0	0	0	0	0	0	0	0	0	0	0	0	0	0	0	0	0	0	0	
108900	Cingulum_Post_L	2680	934	110	0	0	0	0	0	0	0	0	0	0	0	0	0	0	0	160	380	0	0	0	0	0	0	0	0	104	0	168	0	3366	636	0	5354	4374	2258	2154	0	0	0	3172	144	1040	0	296	0	2650	0	1970	0	476	0	638	0	3662	0	572	0	606	0	0	0	0	0	8490	614	4010	1024	0	0	430	0	0	0	1812	166	0	0	0	0	0	0	0	0	0	0	0	0	0	0	0	0	0	0	0	0	0	0	0	0	0	0	0	0	0	0	0	0	0	0	0	0	0	0	
110232	Cingulum_Post_R	2286	1898	198	0	0	0	0	0	0	0	0	102	0	0	0	0	0	0	182	1032	0	0	0	0	0	0	0	0	0	318	0	0	512	5900	5354	0	2692	5546	692	138	0	0	0	2046	0	678	0	402	0	266	0	0	0	116	392	0	1012	998	0	0	0	0	0	206	0	0	364	7624	838	2886	108	0	494	810	0	0	3550	2080	0	0	0	228	0	0	0	1606	0	0	0	1362	0	0	0	0	0	0	0	0	0	0	0	0	0	0	0	0	0	0	0	0	200	0	0	0	0	0	
167480	Hippocampus_L	3682	330	1500	0	0	0	648	0	0	0	158	0	0	0	0	0	836	0	1182	0	184	0	0	0	0	0	0	0	6864	0	0	0	0	0	4374	2692	0	2584	7158	0	4838	0	1596	0	0	0	958	0	0	0	150	0	746	0	7246	0	1310	0	0	0	656	0	0	0	582	0	2550	482	174	0	1424	0	8462	0	652	0	4094	280	1382	0	1852	0	292	0	1856	0	156	0	8246	0	1564	0	0	0	0	0	0	0	0	0	0	0	0	0	0	0	0	0	0	0	0	0	0	0	0	0	
229756	Hippocampus_R	272	8176	346	1070	0	0	0	464	0	0	0	306	0	148	0	0	0	836	260	0	0	0	0	0	0	0	0	0	104	4050	0	0	0	0	2258	5546	2584	0	734	19154	0	9256	0	354	0	0	0	3362	0	0	0	0	0	452	362	19516	114	1098	0	0	0	0	0	1478	0	0	0	2642	0	0	188	0	558	8810	0	220	3268	5118	0	0	0	1332	0	492	0	2476	0	108	0	5566	0	132	0	0	0	0	0	1004	0	182	0	0	0	0	0	0	0	0	0	0	482	0	0	0	0	0	
54960	ParaHippocampal_L	0	0	0	0	156	0	0	0	0	0	0	0	0	0	0	0	0	0	0	0	412	0	0	0	0	0	0	0	1176	0	0	0	0	0	2154	692	7158	734	0	0	906	0	1430	0	0	0	2750	0	156	0	810	0	178	0	3838	0	0	0	0	0	0	0	0	0	0	0	2260	0	0	0	0	0	662	0	0	0	632	0	0	0	374	0	372	0	0	0	138	0	492	0	0	0	0	0	0	0	0	0	0	0	0	0	0	0	0	0	0	0	0	0	0	0	0	0	0	0	
120768	ParaHippocampal_R	0	722	0	0	0	0	0	0	0	0	0	0	0	0	0	0	0	156	0	0	0	160	0	0	0	0	0	0	0	776	0	0	0	0	0	138	0	19154	0	0	0	5680	0	442	0	0	0	4308	0	0	0	0	0	786	0	17136	0	0	0	0	0	0	0	0	0	0	0	788	0	0	0	0	0	2362	0	104	0	678	0	0	0	388	0	1058	0	582	0	520	0	1646	0	302	0	0	0	104	0	2112	0	282	0	0	0	0	0	0	0	0	0	0	0	0	0	0	0	0	
24336	Amygdala_L	0	0	0	0	270	0	0	0	0	0	0	0	0	0	0	0	0	0	0	0	856	0	0	0	0	0	0	0	1140	0	0	0	0	0	0	0	4838	0	906	0	0	0	0	0	0	0	0	0	0	0	0	0	0	0	2184	0	0	0	0	0	0	0	0	0	0	0	0	0	0	0	164	0	0	0	0	0	0	0	0	0	128	0	128	0	0	0	0	0	1554	0	0	0	0	0	0	0	0	0	0	0	0	0	0	0	0	0	0	0	0	0	0	0	0	0	0	0	
54732	Amygdala_R	0	0	0	0	0	0	0	0	0	120	0	0	0	0	0	192	0	0	0	0	0	954	0	0	0	0	0	234	0	1102	0	0	0	0	0	0	0	9256	0	5680	0	0	0	0	0	0	0	0	0	0	0	0	0	0	0	6546	0	0	0	0	0	0	0	0	0	0	0	0	0	0	0	208	0	402	0	0	0	222	0	0	0	0	0	1376	0	222	0	162	0	690	0	0	0	0	0	0	0	0	0	0	0	0	0	0	0	0	0	0	0	0	0	0	0	0	0	0	
234060	Calcarine_L	0	0	0	0	0	0	0	0	0	0	0	0	0	0	0	0	0	0	0	0	0	0	0	0	0	0	0	0	0	0	0	0	318	0	3172	0	1596	0	1430	0	0	0	0	9424	16372	6308	14390	1880	15622	1500	22056	532	1530	0	938	120	338	0	256	0	286	0	0	0	0	0	11302	1530	168	0	0	0	0	0	0	0	0	0	0	0	0	0	0	0	0	0	0	0	142	0	332	0	0	0	0	0	1976	118	1440	172	0	0	0	0	0	0	0	0	0	0	1628	154	0	0	0	0	
324348	Calcarine_R	0	520	0	0	0	0	0	0	0	0	0	0	0	0	0	0	0	0	0	0	0	0	0	0	0	0	0	0	0	0	0	0	0	1896	144	2046	0	354	0	442	0	0	9424	0	6704	32612	2854	16884	632	22456	190	18884	0	5462	0	2854	0	596	0	198	0	0	0	0	0	202	2430	22860	0	1486	0	0	0	0	0	0	0	0	0	0	0	0	0	0	0	7214	0	0	0	2570	0	0	0	0	0	0	0	0	0	0	0	0	0	0	0	0	0	0	0	0	260	0	0	0	0	0	
199640	Cuneus_L	0	0	0	0	0	0	0	0	0	0	0	0	0	0	0	0	0	0	0	0	0	0	0	0	0	0	0	0	0	0	0	0	500	0	1040	0	0	0	0	0	0	0	16372	6704	0	9536	1668	0	25006	1660	16134	744	226	0	206	0	210	0	1872	0	674	0	0	0	112	0	14670	2202	284	0	0	0	0	0	0	0	0	0	0	0	0	0	0	0	0	0	0	0	0	0	0	0	0	0	0	0	0	0	0	0	0	0	0	0	0	0	0	0	0	0	0	0	0	0	0	0	
288864	Cuneus_R	0	224	0	0	0	0	0	0	0	0	0	0	0	0	0	0	0	0	0	0	0	0	0	0	0	0	0	0	0	0	0	0	110	3550	0	678	0	0	0	0	0	0	6308	32612	9536	0	1138	3426	936	33740	248	9792	0	1128	0	168	0	272	0	2290	0	0	0	0	0	282	6128	27078	0	1192	0	0	0	0	0	0	0	0	0	0	0	0	0	0	0	1992	0	0	0	1442	0	0	0	0	0	0	0	0	0	0	0	0	0	0	0	0	0	0	0	0	162	0	0	0	0	0	
253332	Lingual_L	0	0	0	0	0	0	0	0	0	0	0	0	0	0	0	0	0	0	0	0	0	0	0	0	0	0	0	0	0	0	0	0	0	0	296	0	958	0	2750	0	0	0	14390	2854	1668	1138	0	2702	2968	382	19514	344	7862	0	16054	568	166	0	0	0	0	0	0	0	0	0	2078	402	0	0	0	0	0	0	0	0	0	0	0	0	0	0	0	0	0	0	0	0	932	0	7500	232	0	0	212	0	14316	706	14684	1024	0	0	136	0	276	522	0	0	0	168	6192	1726	0	0	290	656	
197652	Lingual_R	0	0	0	0	0	0	0	0	0	0	0	0	0	0	0	0	0	0	0	0	0	0	0	0	0	0	0	0	0	0	0	0	0	0	0	402	0	3362	0	4308	0	0	1880	16884	0	3426	2702	0	0	5564	0	6282	0	5366	1174	12404	0	0	0	0	0	0	0	0	0	0	126	3652	0	0	0	0	0	118	0	0	0	112	0	0	0	0	0	0	0	894	0	0	0	1090	1584	980	0	0	0	332	1530	4612	4146	4700	0	0	0	0	0	0	0	0	0	0	6300	4356	348	0	192	0	
248700	Occipital_Sup_L	0	0	0	0	0	0	0	0	0	0	0	0	0	0	0	0	0	0	0	0	0	0	0	0	0	0	0	0	0	0	0	0	1976	0	2650	0	0	0	156	0	0	0	15622	632	25006	936	2968	0	0	284	36246	226	526	0	850	0	752	0	10456	0	1452	0	0	0	0	0	22364	428	510	0	0	0	0	0	0	0	0	0	0	0	0	0	0	0	146	0	0	0	164	0	0	0	0	0	0	0	0	0	0	0	0	0	0	0	0	0	0	0	0	0	0	0	0	0	0	0	
255080	Occipital_Sup_R	0	0	0	0	0	0	0	0	0	0	0	0	0	0	0	0	0	0	0	0	0	0	0	0	0	0	0	0	0	0	0	0	222	3540	0	266	0	0	0	0	0	0	1500	22456	1660	33740	382	5564	284	0	0	24144	0	2274	0	432	0	144	0	3202	0	0	0	0	0	1958	2388	18824	0	728	0	0	0	0	0	0	0	0	0	0	0	0	0	0	0	2502	0	0	0	1330	0	0	0	0	0	0	0	0	0	0	0	0	0	0	0	0	0	0	0	0	0	0	0	0	0	0	
409212	Occipital_Mid_L	0	0	0	0	0	0	0	0	0	0	0	0	0	0	0	0	196	0	0	0	0	0	0	0	0	0	0	0	0	0	0	0	1804	0	1970	0	150	0	810	0	0	0	22056	190	16134	248	19514	0	36246	0	0	0	15134	0	10858	0	1936	0	8980	0	10576	0	196	0	16218	0	14884	0	592	0	0	0	0	0	0	0	0	0	0	0	592	0	0	0	17808	0	0	0	6148	0	1020	0	0	0	0	0	0	0	346	0	0	0	0	0	0	0	0	0	0	0	0	0	0	0	0	0	
203604	Occipital_Mid_R	0	0	0	0	0	0	0	0	0	0	0	0	0	0	0	0	0	0	0	0	0	0	0	0	0	0	0	0	0	0	0	0	110	876	0	0	0	0	0	0	0	0	532	18884	744	9792	344	6282	226	24144	0	0	0	6526	0	1394	0	0	0	328	0	1756	0	0	0	10454	898	5740	0	206	0	0	0	0	0	0	0	0	0	0	0	140	0	0	0	12120	0	0	0	306	0	0	0	0	0	0	0	0	0	0	0	0	0	0	0	0	0	0	0	0	0	0	0	0	0	0	
107256	Occipital_Inf_L	0	0	0	0	0	0	0	0	0	0	0	0	0	0	0	0	884	0	0	0	0	0	0	0	0	0	0	0	442	0	0	0	0	0	476	0	746	0	178	0	0	0	1530	0	226	0	7862	0	526	0	15134	0	0	0	12652	0	230	0	0	0	0	0	114	0	0	0	822	0	0	0	0	0	0	0	0	0	0	0	1092	0	136	0	0	0	2684	0	0	0	3604	0	3542	0	0	0	0	0	158	0	590	0	0	0	0	0	0	0	0	0	0	0	0	0	0	0	0	0	
105840	Occipital_Inf_R	0	0	0	0	0	0	0	0	0	0	0	0	0	0	0	0	0	0	0	0	0	0	0	0	0	0	0	0	0	0	0	0	0	110	0	116	0	452	0	786	0	0	0	5462	0	1128	0	5366	0	2274	0	6526	0	0	132	9496	0	0	0	0	0	0	0	0	0	0	0	1940	0	114	0	0	0	0	0	0	0	0	0	0	0	0	0	0	0	4668	0	0	0	7330	126	880	0	0	0	0	298	1394	328	1874	0	0	0	0	0	0	0	0	0	0	1534	586	0	0	0	0	
275260	Fusiform_L	0	0	0	0	0	0	0	0	0	0	0	0	0	0	0	0	462	0	0	0	0	0	0	0	0	0	0	0	1192	0	0	0	0	0	638	392	7246	362	3838	0	2184	0	938	0	206	0	16054	1174	850	0	10858	0	12652	132	0	976	390	0	0	0	292	0	0	0	206	0	910	0	0	0	0	0	612	0	0	0	424	0	460	0	1462	0	902	0	3202	0	532	0	12774	0	14850	430	0	0	0	0	13224	852	18846	1508	0	0	0	0	0	0	0	0	0	0	3794	1806	0	0	0	0	
306212	Fusiform_R	0	128	0	0	0	0	0	0	0	0	0	0	0	0	0	0	0	0	0	0	0	0	0	0	0	0	0	0	0	390	0	0	0	0	0	0	0	19516	0	17136	0	6546	120	2854	0	168	568	12404	0	432	0	1394	0	9496	976	0	0	0	0	0	0	0	0	0	0	0	0	702	0	0	0	0	0	1146	0	0	0	252	0	0	0	1384	0	2898	0	4060	0	2130	0	14364	852	7010	0	0	0	128	2076	10972	2542	15400	0	0	0	0	0	594	0	122	0	0	9088	3948	108	0	756	446	
260876	Postcentral_L	33086	2792	3428	206	0	0	766	0	0	0	2958	0	202	0	0	0	10008	0	2684	1652	0	0	0	0	0	0	0	0	6012	0	0	0	822	784	3662	1012	1310	114	0	0	0	0	338	0	210	0	166	0	752	0	1936	0	230	0	390	0	0	186	5060	0	21036	0	4792	124	720	0	3084	0	4278	1354	5088	0	3804	0	1118	0	788	0	1102	0	1226	0	0	0	398	0	0	0	760	0	0	0	0	0	0	0	0	0	0	0	0	0	0	0	0	0	0	0	0	0	0	0	0	0	0	0	
189540	Postcentral_R	594	22728	1694	950	0	0	0	338	0	0	0	4388	0	178	0	0	0	4400	1622	544	0	0	0	0	0	0	0	0	0	1554	0	0	0	3744	0	998	0	1098	0	0	0	0	0	596	0	272	0	0	0	144	0	0	0	0	0	0	186	0	0	3494	0	7506	0	15808	0	954	0	2710	128	7544	2210	1510	150	768	0	0	144	498	0	510	0	1072	0	0	0	2192	0	0	0	1544	0	0	0	0	0	0	0	0	0	0	0	0	0	0	0	0	0	0	0	0	0	0	0	0	0	0	
107272	Parietal_Sup_L	0	0	0	0	0	0	0	0	0	0	0	0	0	0	0	0	0	0	0	0	0	0	0	0	0	0	0	0	0	0	0	0	228	0	572	0	0	0	0	0	0	0	256	0	1872	0	0	0	10456	0	8980	0	0	0	0	0	5060	0	0	0	9338	0	0	0	442	0	15394	150	0	0	0	0	0	0	0	0	0	0	0	0	0	0	0	0	506	0	0	0	382	0	0	0	0	0	0	0	0	0	0	0	0	0	0	0	0	0	0	0	0	0	0	0	0	0	0	0	
63500	Parietal_Sup_R	0	298	0	0	0	0	0	0	0	0	0	0	0	0	0	0	0	0	0	0	0	0	0	0	0	0	0	0	0	0	0	0	0	196	0	0	0	0	0	0	0	0	0	198	0	2290	0	0	0	3202	0	328	0	0	0	0	0	3494	0	0	0	5362	0	2650	0	3486	1008	8392	0	384	0	0	0	0	0	0	0	0	0	0	0	118	0	0	0	222	0	0	0	122	0	0	0	0	0	0	0	0	0	0	0	0	0	0	0	0	0	0	0	0	0	0	0	0	0	0	
197912	Parietal_Inf_L	3264	0	286	0	0	0	276	0	0	0	682	0	0	0	0	0	1930	0	212	0	0	0	0	0	0	0	0	0	2782	0	0	0	142	0	606	0	656	0	0	0	0	0	286	0	674	0	0	0	1452	0	10576	0	0	0	292	0	21036	0	9338	0	0	0	12540	0	15258	0	1864	0	316	0	152	0	892	0	124	0	114	0	0	0	802	0	0	0	5154	0	0	0	7250	0	0	0	0	0	0	0	0	0	0	0	0	0	0	0	0	0	0	0	0	0	0	0	0	0	0	0	
79304	Parietal_Inf_R	110	622	0	122	0	0	0	226	0	0	0	890	0	0	0	0	0	116	0	0	0	0	0	0	0	0	0	0	0	128	0	0	0	0	0	0	0	0	0	0	0	0	0	0	0	0	0	0	0	0	0	1756	0	0	0	0	0	7506	0	5362	0	0	0	10660	0	9820	0	0	0	136	0	158	0	0	0	0	0	134	0	0	0	668	0	0	0	776	0	0	0	462	0	0	0	0	0	0	0	0	0	0	0	0	0	0	0	0	0	0	0	0	0	0	0	0	0	0	
79452	SupraMarginal_L	222	0	0	0	0	0	0	0	0	0	0	0	0	0	0	0	1768	0	0	0	0	0	0	0	0	0	0	0	1220	0	0	0	0	0	0	0	0	0	0	0	0	0	0	0	0	0	0	0	0	0	196	0	114	0	0	0	4792	0	0	0	12540	0	0	0	4034	0	104	0	0	0	0	0	156	0	110	0	0	0	104	0	4028	0	0	0	3834	0	0	0	6504	0	0	0	0	0	0	0	0	0	0	0	0	0	0	0	0	0	0	0	0	0	0	0	0	0	0	0	
116768	SupraMarginal_R	272	1886	0	122	0	0	0	322	0	0	0	864	0	0	0	0	0	3282	0	0	0	0	0	0	0	0	0	0	0	610	0	0	0	800	0	206	0	1478	0	0	0	0	0	0	0	0	0	0	0	0	0	0	0	0	0	0	124	15808	0	2650	0	10660	0	0	0	5366	0	180	0	494	0	210	0	108	0	0	0	410	0	1196	0	5746	0	0	0	3944	0	0	0	1646	0	0	0	0	0	0	0	0	0	0	0	0	0	0	0	0	0	0	0	0	0	0	0	0	0	0	
126880	Angular_L	344	0	0	0	0	0	0	0	0	0	176	0	0	0	0	0	1324	0	0	0	0	0	0	0	0	0	0	0	2078	0	0	0	0	0	0	0	582	0	0	0	0	0	0	0	112	0	0	0	0	0	16218	0	0	0	206	0	720	0	442	0	15258	0	4034	0	0	0	160	0	0	0	0	0	830	0	0	0	0	0	0	0	890	0	0	0	13188	0	0	0	6878	0	0	0	0	0	0	0	0	0	0	0	0	0	0	0	0	0	0	0	0	0	0	0	0	0	0	0	
91832	Angular_R	0	278	0	0	0	0	0	0	0	0	0	118	0	0	0	0	0	0	0	0	0	0	0	0	0	0	0	0	0	0	0	0	0	302	0	0	0	0	0	0	0	0	0	202	0	282	0	0	0	1958	0	10454	0	0	0	0	0	954	0	3486	0	9820	0	5366	0	0	0	712	0	308	0	0	0	0	0	0	0	0	0	0	0	3184	0	0	0	7370	0	0	0	1122	0	0	0	0	0	0	0	0	0	0	0	0	0	0	0	0	0	0	0	0	0	0	0	0	0	0	
263924	Precuneus_L	1236	0	0	0	0	0	0	0	0	0	0	0	0	0	0	0	0	0	0	0	0	0	0	0	0	0	0	0	0	0	0	0	4068	836	8490	364	2550	0	2260	0	0	0	11302	2430	14670	6128	2078	126	22364	2388	14884	898	822	0	910	0	3084	0	15394	1008	1864	0	104	0	160	0	0	8560	2462	160	0	0	0	0	0	0	0	0	0	0	0	0	0	0	164	0	0	0	198	0	0	0	0	0	0	0	0	0	0	0	0	0	0	0	0	0	0	0	0	0	0	0	0	0	0	0	
335232	Precuneus_R	466	1694	0	0	0	0	0	0	0	0	0	0	0	0	0	0	0	0	0	178	0	0	0	0	0	0	0	0	0	0	0	0	690	19094	614	7624	482	2642	0	788	0	0	1530	22860	2202	27078	402	3652	428	18824	0	5740	0	1940	0	702	0	2710	150	8392	0	0	0	180	0	712	8560	0	376	10910	0	0	0	0	0	0	0	0	0	0	0	190	0	0	0	7832	0	0	0	7076	0	0	0	0	0	0	0	146	0	0	0	0	0	0	0	0	0	0	0	0	752	0	0	0	0	0	
181644	Paracentral_Lobule_L	16086	6948	610	0	0	0	136	0	0	0	0	0	0	0	0	0	0	0	5296	13636	0	0	0	0	0	0	0	0	0	0	0	0	6588	13800	4010	838	174	0	0	0	0	0	168	0	284	0	0	0	510	0	592	0	0	0	0	0	4278	128	0	0	316	0	0	0	0	0	2462	376	0	11444	196	0	0	0	308	0	1402	106	0	0	0	0	0	0	0	0	0	0	130	0	0	0	0	0	0	0	0	0	0	0	0	0	0	0	0	0	0	0	0	0	0	0	0	0	0	0	
240716	Paracentral_Lobule_R	11238	15304	258	0	0	0	0	0	0	0	0	0	0	0	0	0	0	0	358	16560	0	0	0	0	0	0	0	0	0	0	0	0	118	24968	1024	2886	0	0	0	0	0	0	0	1486	0	1192	0	0	0	728	0	206	0	114	0	0	1354	7544	0	384	0	136	0	494	0	308	160	10910	11444	0	464	0	0	0	216	0	740	102	0	0	0	588	0	0	0	4610	0	0	0	4464	0	0	0	0	0	0	0	0	0	0	0	0	0	0	0	0	0	0	0	0	0	0	0	0	0	0	
376956	Caudate_L	7928	5040	17970	3440	0	422	3428	2224	1624	502	6532	1766	8802	166	3828	706	4266	452	14672	4396	7464	6878	1632	596	440	0	3214	654	14224	768	7086	2850	0	686	0	108	1424	188	0	0	164	0	0	0	0	0	0	0	0	0	0	0	0	0	0	0	5088	2210	0	0	152	0	0	0	0	0	0	0	196	464	0	13048	19232	1004	3534	250	3430	452	1202	0	552	0	854	0	134	0	0	0	136	0	0	0	0	0	0	0	0	0	0	0	0	0	0	0	0	0	0	0	0	0	0	0	0	0	0	0	
457040	Caudate_R	1018	12358	3772	22222	130	5404	1734	1874	166	3840	1364	3268	1914	3964	378	8370	178	4168	5032	17298	4720	5310	1798	8922	1080	5052	2158	1526	2960	8918	3768	26168	484	3240	0	0	0	0	0	0	0	208	0	0	0	0	0	0	0	0	0	0	0	0	0	0	0	1510	0	0	0	158	0	210	0	0	0	0	0	0	13048	0	1666	20528	150	1978	524	13608	0	218	0	0	158	0	0	0	0	0	0	0	0	0	0	0	0	0	0	0	0	0	0	0	0	0	0	0	0	0	0	0	0	0	0	0	0	0	
307096	Putamen_L	4568	978	21004	468	2206	0	1772	0	1220	0	2422	216	4704	0	2918	102	5906	0	16850	1114	838	616	3970	0	1942	0	854	0	20986	120	7252	282	0	152	430	494	8462	558	662	0	0	0	0	0	0	0	0	0	0	0	0	0	0	0	612	0	3804	150	0	0	892	0	156	0	830	0	0	0	0	0	19232	1666	0	106	6720	0	1350	142	686	0	1404	0	676	0	124	0	0	0	776	0	156	0	0	0	0	0	0	0	0	0	0	0	0	0	0	0	0	0	0	0	0	0	0	0	0	0	
372356	Putamen_R	0	4244	1406	13104	0	4948	0	3526	0	4774	0	7028	0	3134	0	8488	0	9292	2938	10472	422	1116	1346	8868	508	5228	264	2080	0	29132	1148	14892	342	3612	0	810	0	8810	0	2362	0	402	0	0	0	0	0	118	0	0	0	0	0	0	0	1146	0	768	0	0	0	0	0	108	0	0	0	0	0	0	1004	20528	106	0	0	1666	538	2262	0	540	0	1590	0	530	0	260	0	0	0	318	0	0	0	0	0	0	0	0	0	0	0	0	0	0	0	0	0	0	0	0	0	0	0	0	0	0	
104260	Pallidum_L	5690	994	8326	0	0	0	3698	0	0	0	102	0	120	0	0	0	2066	0	1464	2398	0	0	0	0	0	0	0	0	1566	0	0	0	0	2320	0	0	652	0	0	0	0	0	0	0	0	0	0	0	0	0	0	0	0	0	0	0	1118	0	0	0	124	0	110	0	0	0	0	0	308	216	3534	150	6720	0	0	0	9712	126	464	0	152	0	0	0	0	0	0	0	0	0	0	0	0	0	0	0	0	0	0	0	0	0	0	0	0	0	0	0	0	0	0	0	0	0	0	0	
19824	Pallidum_R	0	0	314	2030	0	0	0	224	0	0	0	0	0	0	0	0	0	570	310	540	0	0	0	0	0	0	0	0	0	894	0	0	0	0	0	0	0	220	0	104	0	0	0	0	0	0	0	0	0	0	0	0	0	0	0	0	0	0	0	0	0	0	0	0	0	0	0	0	0	0	250	1978	0	1666	0	0	0	812	0	0	0	0	0	0	0	0	0	0	0	0	0	0	0	0	0	0	0	0	0	0	0	0	0	0	0	0	0	0	0	0	0	0	0	0	0	0	
152204	Thalamus_L	13374	2450	8072	0	0	0	7390	0	0	0	0	104	0	0	0	0	0	260	2582	2740	0	0	0	0	0	0	0	0	710	266	0	0	0	2614	1812	3550	4094	3268	632	0	0	0	0	0	0	0	0	0	0	0	0	0	0	0	424	0	788	144	0	0	114	0	0	0	0	0	0	0	1402	740	3430	524	1350	538	9712	0	0	2390	628	0	0	0	0	0	0	0	0	0	0	0	0	0	0	0	0	0	0	0	0	0	0	0	0	0	0	0	0	0	0	0	0	0	0	0	0	0	
110848	Thalamus_R	660	18070	748	2176	0	0	482	564	0	0	0	156	0	0	0	0	0	0	660	714	0	0	0	0	0	0	0	0	0	946	0	0	0	172	166	2080	280	5118	0	678	0	222	0	0	0	0	0	112	0	0	0	0	0	0	0	252	0	498	0	0	0	134	0	410	0	0	0	0	106	102	452	13608	142	2262	126	812	2390	0	0	0	0	126	0	0	0	0	0	0	0	0	0	0	0	0	0	0	0	0	0	0	0	0	0	0	0	0	0	0	0	0	0	0	0	0	0	0	
54992	Heschl_L	1434	118	304	0	0	0	0	0	0	0	496	0	0	0	0	0	4870	0	236	0	0	0	0	0	0	0	0	0	7456	0	0	0	0	0	0	0	1382	0	0	0	0	0	0	0	0	0	0	0	0	0	0	0	1092	0	460	0	1102	0	0	0	0	0	104	0	0	0	0	0	0	0	1202	0	686	0	464	0	628	0	0	0	1462	0	0	0	2400	0	0	0	1600	0	0	0	0	0	0	0	0	0	0	0	0	0	0	0	0	0	0	0	0	0	0	0	0	0	0	0	
20328	Heschl_R	0	248	0	0	0	0	0	0	0	0	0	0	0	0	0	0	0	1980	0	0	0	0	0	0	0	0	0	0	0	1176	0	0	0	0	0	0	0	0	0	0	0	0	0	0	0	0	0	0	0	0	0	0	0	0	0	0	0	510	0	0	0	0	0	1196	0	0	0	0	0	0	0	218	0	540	0	0	0	0	0	0	0	3784	0	0	0	512	0	0	0	0	0	0	0	0	0	0	0	0	0	0	0	0	0	0	0	0	0	0	0	0	0	0	0	0	0	0	
121652	Temporal_Sup_L	700	0	578	0	0	0	0	0	0	0	378	0	0	0	0	0	4038	0	514	0	0	0	0	0	0	0	0	0	7296	0	0	0	0	0	0	0	1852	0	374	0	128	0	0	0	0	0	0	0	0	0	592	0	136	0	1462	0	1226	0	0	0	802	0	4028	0	890	0	0	0	0	0	552	0	1404	0	152	0	0	0	1462	0	0	0	4186	0	16456	0	632	0	10840	0	148	0	0	0	0	0	0	0	0	0	0	0	0	0	0	0	0	0	0	0	0	0	0	0	0	0	
100240	Temporal_Sup_R	0	720	0	0	0	0	0	0	0	0	0	320	0	0	0	0	0	1804	0	0	0	0	0	0	0	0	0	0	0	3558	0	0	0	408	0	228	0	1332	0	388	0	0	0	0	0	0	0	0	0	0	0	140	0	0	0	1384	0	1072	0	118	0	668	0	5746	0	3184	0	190	0	588	0	0	0	1590	0	0	0	126	0	3784	0	0	0	2384	0	16786	0	252	0	3350	0	0	0	0	0	0	0	0	0	0	0	0	0	0	0	0	0	0	0	0	0	0	0	0	0	0	
84748	Temporal_Pole_Sup_L	408	0	2718	0	1170	0	1560	0	364	0	4992	0	156	0	1656	0	5188	0	1916	0	266	0	0	0	0	0	316	0	7868	0	0	0	0	0	0	0	292	0	372	0	128	0	0	0	0	0	0	0	0	0	0	0	0	0	902	0	0	0	0	0	0	0	0	0	0	0	0	0	0	0	854	158	676	0	0	0	0	0	0	0	4186	0	0	0	2622	0	2106	0	1500	0	0	0	0	0	0	0	0	0	0	0	0	0	0	0	0	0	0	0	0	0	0	0	0	0	0	0	
34996	Temporal_Pole_Sup_R	0	0	0	0	0	0	0	0	0	0	0	294	0	0	0	336	0	1174	0	0	0	180	0	0	0	0	0	0	0	2970	0	0	0	0	0	0	0	492	0	1058	0	1376	0	0	0	0	0	0	0	0	0	0	0	0	0	2898	0	0	0	0	0	0	0	0	0	0	0	0	0	0	0	0	0	530	0	0	0	0	0	0	0	2384	0	0	0	1244	0	2304	0	258	0	0	0	0	0	0	0	0	0	0	0	0	0	0	0	0	0	0	0	0	0	0	0	0	0	0	
229064	Temporal_Mid_L	0	0	0	0	0	0	0	0	0	0	0	0	0	0	0	0	1274	0	0	0	0	0	0	0	0	0	0	0	1528	0	0	0	0	0	0	0	1856	0	0	0	0	0	0	0	0	0	0	0	146	0	17808	0	2684	0	3202	0	398	0	506	0	5154	0	3834	0	13188	0	164	0	0	0	134	0	124	0	0	0	0	0	2400	0	16456	0	2622	0	0	0	2000	0	38432	0	622	0	0	0	0	0	0	0	0	0	0	0	0	0	0	0	0	0	0	0	0	0	0	0	0	0	
246772	Temporal_Mid_R	0	1414	0	0	0	0	0	0	0	0	0	0	0	0	0	0	0	0	0	218	0	0	0	0	0	0	0	0	0	454	0	0	0	3494	0	1606	0	2476	0	582	0	222	0	7214	0	1992	0	894	0	2502	0	12120	0	4668	0	4060	0	2192	0	222	0	776	0	3944	0	7370	0	7832	0	4610	0	0	0	260	0	0	0	0	0	512	0	16786	0	1244	0	0	0	900	0	32822	0	0	0	0	0	0	0	0	0	0	0	0	0	0	0	0	0	0	0	0	0	0	0	0	0	0	
14524	Temporal_Pole_Mid_L	0	0	0	0	0	0	0	0	0	0	0	0	0	0	0	0	0	0	0	0	0	0	0	0	0	0	0	0	152	0	0	0	0	0	0	0	156	0	138	0	0	0	0	0	0	0	0	0	0	0	0	0	0	0	532	0	0	0	0	0	0	0	0	0	0	0	0	0	0	0	0	0	0	0	0	0	0	0	0	0	632	0	2106	0	2000	0	0	0	1546	0	0	0	0	0	0	0	0	0	0	0	0	0	0	0	0	0	0	0	0	0	0	0	0	0	0	0	
14044	Temporal_Pole_Mid_R	0	0	0	0	0	0	0	0	0	0	0	0	0	0	0	0	0	0	0	0	0	0	0	0	0	0	0	0	0	0	0	0	0	0	0	0	0	108	0	520	0	162	0	0	0	0	0	0	0	0	0	0	0	0	0	2130	0	0	0	0	0	0	0	0	0	0	0	0	0	0	0	0	0	0	0	0	0	0	0	0	0	252	0	2304	0	900	0	0	0	646	0	0	0	0	0	0	0	0	0	0	0	0	0	0	0	0	0	0	0	0	0	0	0	0	0	0	
238716	Temporal_Inf_L	132	0	0	0	0	0	0	0	0	0	0	0	0	0	0	0	1002	0	0	0	0	0	0	0	0	0	0	0	2440	0	0	0	0	0	0	0	8246	0	492	0	1554	0	142	0	0	0	932	0	164	0	6148	0	3604	0	12774	0	760	0	382	0	7250	0	6504	0	6878	0	198	0	130	0	136	0	776	0	0	0	0	0	1600	0	10840	0	1500	0	38432	0	1546	0	0	0	4198	0	0	0	0	0	0	0	598	0	0	0	0	0	0	0	0	0	0	0	0	0	0	0	0	0	
195832	Temporal_Inf_R	0	1232	0	0	0	0	0	0	0	0	0	0	0	0	0	0	0	0	0	198	0	0	0	0	0	0	0	0	0	114	0	0	0	4090	0	1362	0	5566	0	1646	0	690	0	2570	0	1442	0	1090	0	1330	0	306	0	7330	0	14364	0	1544	0	122	0	462	0	1646	0	1122	0	7076	0	4464	0	0	0	318	0	0	0	0	0	0	0	3350	0	258	0	32822	0	646	0	0	0	278	0	0	0	0	0	146	0	192	0	0	0	0	0	0	0	0	0	0	140	0	0	0	0	0	
477132	Cerebelum_Crus1_L	0	0	0	0	0	0	0	0	0	0	0	0	0	0	0	0	0	0	0	0	0	0	0	0	0	0	0	0	0	0	0	0	0	0	0	0	1564	0	0	0	0	0	332	0	0	0	7500	1584	0	0	1020	0	3542	126	14850	852	0	0	0	0	0	0	0	0	0	0	0	0	0	0	0	0	156	0	0	0	0	0	0	0	148	0	0	0	622	0	0	0	4198	0	0	6106	28672	6412	320	0	26406	1354	57254	4916	14466	2034	21760	2246	3558	214	566	0	746	938	9828	5108	8578	288	164	138	
442740	Cerebelum_Crus1_R	0	0	0	0	0	0	0	0	0	0	0	0	0	0	0	0	0	0	0	0	0	0	0	0	0	0	0	0	0	0	0	0	0	0	0	0	0	132	0	302	0	0	0	0	0	0	232	980	0	0	0	0	0	880	430	7010	0	0	0	0	0	0	0	0	0	0	0	0	0	0	0	0	0	0	0	0	0	0	0	0	0	0	0	0	0	0	0	0	0	278	6106	0	1632	26904	0	3118	1406	19242	6904	54496	1204	9180	2286	17244	1186	6004	0	470	446	2372	11834	16804	13472	1770	5620	1426	
223816	Cerebelum_Crus2_L	0	0	0	0	0	0	0	0	0	0	0	0	0	0	0	0	0	0	0	0	0	0	0	0	0	0	0	0	0	0	0	0	0	0	0	0	0	0	0	0	0	0	0	0	0	0	0	0	0	0	0	0	0	0	0	0	0	0	0	0	0	0	0	0	0	0	0	0	0	0	0	0	0	0	0	0	0	0	0	0	0	0	0	0	0	0	0	0	0	0	28672	1632	0	5620	0	0	380	0	6256	698	25846	3688	25086	3046	3420	0	342	0	0	0	306	640	5512	764	0	0	
288796	Cerebelum_Crus2_R	0	0	0	0	0	0	0	0	0	0	0	0	0	0	0	0	0	0	0	0	0	0	0	0	0	0	0	0	0	0	0	0	0	0	0	0	0	0	0	0	0	0	0	0	0	0	0	0	0	0	0	0	0	0	0	0	0	0	0	0	0	0	0	0	0	0	0	0	0	0	0	0	0	0	0	0	0	0	0	0	0	0	0	0	0	0	0	0	0	0	6412	26904	5620	0	0	0	0	0	3104	9740	4954	24270	6396	30076	1164	2752	0	146	0	0	350	2952	14842	3696	1020	0	
25460	Cerebelum_3_L	0	0	0	0	0	0	0	0	0	0	0	0	0	0	0	0	0	0	0	0	0	0	0	0	0	0	0	0	0	0	0	0	0	0	0	0	0	0	0	0	0	0	0	0	0	0	212	0	0	0	0	0	0	0	0	0	0	0	0	0	0	0	0	0	0	0	0	0	0	0	0	0	0	0	0	0	0	0	0	0	0	0	0	0	0	0	0	0	0	0	320	0	0	0	0	0	5762	0	672	112	0	0	0	0	442	0	0	0	904	3034	1272	0	0	0	0	0	
54112	Cerebelum_3_R	0	0	0	0	0	0	0	0	0	0	0	0	0	0	0	0	0	0	0	0	0	0	0	0	0	0	0	0	0	0	0	0	0	0	0	0	0	0	0	104	0	0	0	0	0	0	0	332	0	0	0	0	0	0	0	128	0	0	0	0	0	0	0	0	0	0	0	0	0	0	0	0	0	0	0	0	0	0	0	0	0	0	0	0	0	0	0	0	0	0	0	3118	0	0	0	0	112	6362	0	6308	0	0	0	108	0	1128	0	0	988	5226	1350	780	0	0	392	620	
305144	Cerebelum_4_5_L	0	0	0	0	0	0	0	0	0	0	0	0	0	0	0	0	0	0	0	0	0	0	0	0	0	0	0	0	0	0	0	0	0	0	0	0	0	0	0	0	0	0	1976	0	0	0	14316	1530	0	0	0	0	158	298	13224	2076	0	0	0	0	0	0	0	0	0	0	0	0	0	0	0	0	0	0	0	0	0	0	0	0	0	0	0	0	0	0	0	0	0	0	26406	1406	380	0	5762	112	0	3300	39208	4440	474	0	1060	218	4030	1364	502	0	1488	3484	18974	3286	240	112	1128	1620	
243276	Cerebelum_4_5_R	0	0	0	0	0	0	0	0	0	0	0	0	0	0	0	0	0	0	0	0	0	0	0	0	0	0	0	0	0	0	0	0	0	0	0	0	0	1004	0	2112	0	0	118	0	0	0	706	4612	0	0	0	0	0	1394	852	10972	0	0	0	0	0	0	0	0	0	0	0	146	0	0	0	0	0	0	0	0	0	0	0	0	0	0	0	0	0	0	0	0	0	146	1354	19242	0	0	0	6362	3300	0	2922	33364	0	0	0	0	174	1688	0	396	436	4110	18476	3928	436	374	1882	1132	
477224	Cerebelum_6_L	0	0	0	0	0	0	0	0	0	0	0	0	0	0	0	0	0	0	0	0	0	0	0	0	0	0	0	0	0	0	0	0	0	0	0	0	0	0	0	0	0	0	1440	0	0	0	14684	4146	0	0	346	0	590	328	18846	2542	0	0	0	0	0	0	0	0	0	0	0	0	0	0	0	0	0	0	0	0	0	0	0	0	0	0	0	0	0	0	0	0	598	0	57254	6904	6256	3104	672	0	39208	2922	0	9292	6044	150	12944	1078	4320	956	586	0	866	1200	18338	13580	6410	1146	1552	310	
470824	Cerebelum_6_R	0	0	0	0	0	0	0	0	0	0	0	0	0	0	0	0	0	0	0	0	0	0	0	0	0	0	0	0	0	0	0	0	0	0	0	0	0	182	0	282	0	0	172	0	0	0	1024	4700	0	0	0	0	0	1874	1508	15400	0	0	0	0	0	0	0	0	0	0	0	0	0	0	0	0	0	0	0	0	0	0	0	0	0	0	0	0	0	0	0	0	0	192	4916	54496	698	9740	112	6308	4440	33364	9292	0	248	3558	1010	7112	1236	5768	0	708	588	4336	21692	20312	10032	1938	6328	1846	
205288	Cerebelum_7b_L	0	0	0	0	0	0	0	0	0	0	0	0	0	0	0	0	0	0	0	0	0	0	0	0	0	0	0	0	0	0	0	0	0	0	0	0	0	0	0	0	0	0	0	0	0	0	0	0	0	0	0	0	0	0	0	0	0	0	0	0	0	0	0	0	0	0	0	0	0	0	0	0	0	0	0	0	0	0	0	0	0	0	0	0	0	0	0	0	0	0	14466	1204	25846	4954	0	0	474	0	6044	248	0	3344	28504	4386	4070	0	0	0	0	0	282	518	5238	3066	0	0	
176868	Cerebelum_7b_R	0	0	0	0	0	0	0	0	0	0	0	0	0	0	0	0	0	0	0	0	0	0	0	0	0	0	0	0	0	0	0	0	0	0	0	0	0	0	0	0	0	0	0	0	0	0	0	0	0	0	0	0	0	0	0	0	0	0	0	0	0	0	0	0	0	0	0	0	0	0	0	0	0	0	0	0	0	0	0	0	0	0	0	0	0	0	0	0	0	0	2034	9180	3688	24270	0	0	0	0	150	3558	3344	0	3490	27064	168	2504	0	0	0	0	0	292	5794	2548	350	0	
297120	Cerebelum_8_L	0	0	0	0	0	0	0	0	0	0	0	0	0	0	0	0	0	0	0	0	0	0	0	0	0	0	0	0	0	0	0	0	0	0	0	0	0	0	0	0	0	0	0	0	0	0	136	0	0	0	0	0	0	0	0	0	0	0	0	0	0	0	0	0	0	0	0	0	0	0	0	0	0	0	0	0	0	0	0	0	0	0	0	0	0	0	0	0	0	0	21760	2286	25086	6396	0	0	1060	0	12944	1010	28504	3490	0	7266	17102	728	1512	0	0	0	674	2832	7926	6634	1214	0	
294132	Cerebelum_8_R	0	0	0	0	0	0	0	0	0	0	0	0	0	0	0	0	0	0	0	0	0	0	0	0	0	0	0	0	0	0	0	0	0	0	0	0	0	0	0	0	0	0	0	0	0	0	0	0	0	0	0	0	0	0	0	0	0	0	0	0	0	0	0	0	0	0	0	0	0	0	0	0	0	0	0	0	0	0	0	0	0	0	0	0	0	0	0	0	0	0	2246	17244	3046	30076	0	108	218	0	1078	7112	4386	27064	7266	0	3012	15534	0	616	154	176	292	3862	11496	7430	4480	170	
135956	Cerebelum_9_L	0	0	0	0	0	0	0	0	0	0	0	0	0	0	0	0	0	0	0	0	0	0	0	0	0	0	0	0	0	0	0	0	0	0	0	0	0	0	0	0	0	0	0	0	0	0	276	0	0	0	0	0	0	0	0	0	0	0	0	0	0	0	0	0	0	0	0	0	0	0	0	0	0	0	0	0	0	0	0	0	0	0	0	0	0	0	0	0	0	0	3558	1186	3420	1164	442	0	4030	174	4320	1236	4070	168	17102	3012	0	3070	2486	0	0	136	2324	4164	3166	3830	3898	746	
162552	Cerebelum_9_R	0	0	0	0	0	0	0	0	0	0	0	0	0	0	0	0	0	0	0	0	0	0	0	0	0	0	0	0	0	0	0	0	0	0	0	0	0	0	0	0	0	0	0	0	0	0	522	0	0	0	0	0	0	0	0	594	0	0	0	0	0	0	0	0	0	0	0	0	0	0	0	0	0	0	0	0	0	0	0	0	0	0	0	0	0	0	0	0	0	0	214	6004	0	2752	0	1128	1364	1688	956	5768	0	2504	728	15534	3070	0	0	1616	1078	1818	4206	8626	4316	3096	9546	4148	
12552	Cerebelum_10_L	0	0	0	0	0	0	0	0	0	0	0	0	0	0	0	0	0	0	0	0	0	0	0	0	0	0	0	0	0	0	0	0	0	0	0	0	0	0	0	0	0	0	0	0	0	0	0	0	0	0	0	0	0	0	0	0	0	0	0	0	0	0	0	0	0	0	0	0	0	0	0	0	0	0	0	0	0	0	0	0	0	0	0	0	0	0	0	0	0	0	566	0	342	0	0	0	502	0	586	0	0	0	1512	0	2486	0	0	0	0	0	126	156	0	0	0	0	
13892	Cerebelum_10_R	0	0	0	0	0	0	0	0	0	0	0	0	0	0	0	0	0	0	0	0	0	0	0	0	0	0	0	0	0	0	0	0	0	0	0	0	0	0	0	0	0	0	0	0	0	0	0	0	0	0	0	0	0	0	0	122	0	0	0	0	0	0	0	0	0	0	0	0	0	0	0	0	0	0	0	0	0	0	0	0	0	0	0	0	0	0	0	0	0	0	0	470	0	146	0	0	0	396	0	708	0	0	0	616	0	1616	0	0	0	128	166	756	504	472	692	154	
37408	Vermis_1_2	0	0	0	0	0	0	0	0	0	0	0	0	0	0	0	0	0	0	0	0	0	0	0	0	0	0	0	0	0	0	0	0	0	0	0	0	0	0	0	0	0	0	0	0	0	0	0	0	0	0	0	0	0	0	0	0	0	0	0	0	0	0	0	0	0	0	0	0	0	0	0	0	0	0	0	0	0	0	0	0	0	0	0	0	0	0	0	0	0	0	746	446	0	0	904	988	1488	436	866	588	0	0	0	154	0	1078	0	0	0	6572	3182	422	0	0	314	520	
85012	Vermis_3	0	0	0	0	0	0	0	0	0	0	0	0	0	0	0	0	0	0	0	0	0	0	0	0	0	0	0	0	0	0	0	0	0	0	0	0	0	0	0	0	0	0	0	0	0	0	168	0	0	0	0	0	0	0	0	0	0	0	0	0	0	0	0	0	0	0	0	0	0	0	0	0	0	0	0	0	0	0	0	0	0	0	0	0	0	0	0	0	0	0	938	2372	0	0	3034	5226	3484	4110	1200	4336	0	0	0	176	136	1818	0	128	6572	0	6188	1004	0	0	588	1028	
344088	Vermis_4_5	0	0	0	0	0	0	0	0	0	0	0	0	0	0	0	0	0	0	0	0	0	0	0	0	0	0	0	0	0	0	0	0	0	0	0	200	0	482	0	0	0	0	1628	260	0	162	6192	6300	0	0	0	0	0	1534	3794	9088	0	0	0	0	0	0	0	0	0	0	0	752	0	0	0	0	0	0	0	0	0	0	0	0	0	0	0	0	0	0	0	0	0	140	9828	11834	306	350	1272	1350	18974	18476	18338	21692	282	0	674	292	2324	4206	126	166	3182	6188	0	12798	1100	0	3324	4430	
289328	Vermis_6	0	0	0	0	0	0	0	0	0	0	0	0	0	0	0	0	0	0	0	0	0	0	0	0	0	0	0	0	0	0	0	0	0	0	0	0	0	0	0	0	0	0	154	0	0	0	1726	4356	0	0	0	0	0	586	1806	3948	0	0	0	0	0	0	0	0	0	0	0	0	0	0	0	0	0	0	0	0	0	0	0	0	0	0	0	0	0	0	0	0	0	0	5108	16804	640	2952	0	780	3286	3928	13580	20312	518	292	2832	3862	4164	8626	156	756	422	1004	12798	0	10556	4316	10610	3786	
244852	Vermis_7	0	0	0	0	0	0	0	0	0	0	0	0	0	0	0	0	0	0	0	0	0	0	0	0	0	0	0	0	0	0	0	0	0	0	0	0	0	0	0	0	0	0	0	0	0	0	0	348	0	0	0	0	0	0	0	108	0	0	0	0	0	0	0	0	0	0	0	0	0	0	0	0	0	0	0	0	0	0	0	0	0	0	0	0	0	0	0	0	0	0	8578	13472	5512	14842	0	0	240	436	6410	10032	5238	5794	7926	11496	3166	4316	0	504	0	0	1100	10556	0	7430	4922	0	
106892	Vermis_8	0	0	0	0	0	0	0	0	0	0	0	0	0	0	0	0	0	0	0	0	0	0	0	0	0	0	0	0	0	0	0	0	0	0	0	0	0	0	0	0	0	0	0	0	0	0	0	0	0	0	0	0	0	0	0	0	0	0	0	0	0	0	0	0	0	0	0	0	0	0	0	0	0	0	0	0	0	0	0	0	0	0	0	0	0	0	0	0	0	0	288	1770	764	3696	0	0	112	374	1146	1938	3066	2548	6634	7430	3830	3096	0	472	0	0	0	4316	7430	0	4536	0	
134308	Vermis_9	0	0	0	0	0	0	0	0	0	0	0	0	0	0	0	0	0	0	0	0	0	0	0	0	0	0	0	0	0	0	0	0	0	0	0	0	0	0	0	0	0	0	0	0	0	0	290	192	0	0	0	0	0	0	0	756	0	0	0	0	0	0	0	0	0	0	0	0	0	0	0	0	0	0	0	0	0	0	0	0	0	0	0	0	0	0	0	0	0	0	164	5620	0	1020	0	392	1128	1882	1552	6328	0	350	1214	4480	3898	9546	0	692	314	588	3324	10610	4922	4536	0	3356	
