data	data	547576	240812	1.05991e+06	1.04454e+06	266616	212940	588672	399472	103752	50860	284744	233824	313420	219408	325400	120800	251300	129452	917844	910700	139168	133892	440708	529224	65104	172916	69336	67364	891632	412700	401492	617228	179468	610108	299604	351556	460288	544348	187888	297428	101064	107704	361992	402284	313976	299792	393028	493868	274848	296832	465948	297620	207912	218780	783252	809520	380640	285220	187612	114924	312556	127072	184960	161140	206084	181036	515856	655852	249280	227520	359440	416824	421552	418844	70224	55640	155952	146680	115964	47900	412352	184356	195096	81468	331540	348896	51072	22760	460380	442264	547020	471536	371132	339100	63116	123204	387424	374872	571404	503304	249588	144956	301752	237704	119036	98916	16504	4120	31412	91468	306576	246688	102960	141836	83756	31600	
data	data	Precentral_L	Precentral_R	Frontal_Sup_L	Frontal_Sup_R	Frontal_Sup_Orb_L	Frontal_Sup_Orb_R	Frontal_Mid_L	Frontal_Mid_R	Frontal_Mid_Orb_L	Frontal_Mid_Orb_R	Frontal_Inf_Oper_L	Frontal_Inf_Oper_R	Frontal_Inf_Tri_L	Frontal_Inf_Tri_R	Frontal_Inf_Orb_L	Frontal_Inf_Orb_R	Rolandic_Oper_L	Rolandic_Oper_R	Supp_Motor_Area_L	Supp_Motor_Area_R	Olfactory_L	Olfactory_R	Frontal_Sup_Medial_L	Frontal_Sup_Medial_R	Frontal_Med_Orb_L	Frontal_Med_Orb_R	Rectus_L	Rectus_R	Insula_L	Insula_R	Cingulum_Ant_L	Cingulum_Ant_R	Cingulum_Mid_L	Cingulum_Mid_R	Cingulum_Post_L	Cingulum_Post_R	Hippocampus_L	Hippocampus_R	ParaHippocampal_L	ParaHippocampal_R	Amygdala_L	Amygdala_R	Calcarine_L	Calcarine_R	Cuneus_L	Cuneus_R	Lingual_L	Lingual_R	Occipital_Sup_L	Occipital_Sup_R	Occipital_Mid_L	Occipital_Mid_R	Occipital_Inf_L	Occipital_Inf_R	Fusiform_L	Fusiform_R	Postcentral_L	Postcentral_R	Parietal_Sup_L	Parietal_Sup_R	Parietal_Inf_L	Parietal_Inf_R	SupraMarginal_L	SupraMarginal_R	Angular_L	Angular_R	Precuneus_L	Precuneus_R	Paracentral_Lobule_L	Paracentral_Lobule_R	Caudate_L	Caudate_R	Putamen_L	Putamen_R	Pallidum_L	Pallidum_R	Thalamus_L	Thalamus_R	Heschl_L	Heschl_R	Temporal_Sup_L	Temporal_Sup_R	Temporal_Pole_Sup_L	Temporal_Pole_Sup_R	Temporal_Mid_L	Temporal_Mid_R	Temporal_Pole_Mid_L	Temporal_Pole_Mid_R	Temporal_Inf_L	Temporal_Inf_R	Cerebelum_Crus1_L	Cerebelum_Crus1_R	Cerebelum_Crus2_L	Cerebelum_Crus2_R	Cerebelum_3_L	Cerebelum_3_R	Cerebelum_4_5_L	Cerebelum_4_5_R	Cerebelum_6_L	Cerebelum_6_R	Cerebelum_7b_L	Cerebelum_7b_R	Cerebelum_8_L	Cerebelum_8_R	Cerebelum_9_L	Cerebelum_9_R	Cerebelum_10_L	Cerebelum_10_R	Vermis_1_2	Vermis_3	Vermis_4_5	Vermis_6	Vermis_7	Vermis_8	Vermis_9	Vermis_10	
547576	Precentral_L	0	3884	17736	1958	156	0	21402	902	0	0	17044	304	4608	552	126	0	11718	0	18578	10288	0	0	216	288	0	0	0	0	17722	242	556	642	398	5980	860	314	8148	266	628	0	150	0	296	0	708	0	440	0	408	0	2022	0	1190	0	5070	172	33428	1636	2050	0	4750	0	370	162	1344	0	964	390	19126	6782	4060	186	7290	120	3064	0	16378	1094	5808	0	4676	0	0	0	618	0	0	0	1960	120	300	0	0	0	0	0	168	0	972	0	0	0	0	0	0	0	0	0	0	0	0	0	0	0	0	0	
240812	Precentral_R	3884	0	396	9130	0	178	224	11120	0	0	0	8012	0	516	0	0	0	1340	1074	4542	0	0	0	268	0	108	0	0	96	5336	0	258	0	1036	264	634	562	8940	180	850	0	0	0	0	0	0	0	0	0	0	0	0	0	134	264	4212	560	21294	0	98	0	466	0	1650	0	0	254	686	5166	5150	0	4330	0	3300	0	306	282	9766	110	330	0	204	0	0	0	316	0	0	0	2580	0	0	0	0	0	0	0	0	0	0	0	0	0	0	0	0	0	0	0	0	0	0	0	0	0	0	
1.05991e+06	Frontal_Sup_L	17736	396	0	28376	14396	380	77994	4388	3950	0	13218	864	25300	1170	14994	280	8316	100	92964	22498	0	0	43530	13198	440	274	0	0	48274	820	19258	9986	1938	5512	0	0	2738	1938	388	282	0	0	0	0	0	0	0	0	0	0	122	0	0	0	432	376	5968	0	444	0	914	0	0	0	208	0	0	0	1050	0	9280	2372	11960	2520	5268	252	954	2012	1846	0	4308	0	2238	0	948	0	0	0	586	0	0	0	0	0	0	0	0	0	0	0	0	0	0	0	0	0	0	0	0	0	0	0	0	0	0	0	
1.04454e+06	Frontal_Sup_R	1958	9130	28376	0	580	11128	6230	47670	0	1896	486	14392	564	14696	432	4366	338	2692	35456	82294	0	0	16228	51964	136	6560	0	154	3550	12042	10182	41554	1902	26032	0	0	1130	6828	100	1442	0	216	0	0	0	0	0	0	0	0	0	0	0	0	808	1980	0	1218	0	0	0	0	0	0	0	0	0	0	946	206	9888	24962	4948	19510	0	3188	956	7910	0	0	882	0	404	232	116	0	0	0	490	220	0	0	0	0	0	120	96	328	160	0	0	0	0	0	0	0	0	0	0	0	0	0	0	0	0	0	
266616	Frontal_Sup_Orb_L	156	0	14396	580	0	112	2840	0	11378	0	1162	0	3636	0	23648	0	474	0	3814	596	4566	272	3280	184	3682	350	5092	104	22870	0	3788	352	0	0	0	0	780	0	230	0	764	0	0	0	0	0	0	0	0	0	0	0	0	0	408	0	0	0	0	0	0	0	0	0	0	0	0	0	0	0	3476	166	13260	0	898	0	194	0	0	0	1258	0	3570	0	538	0	98	0	336	0	0	0	0	0	0	0	0	0	0	0	0	0	0	0	0	0	0	0	0	0	0	0	0	0	0	0	
212940	Frontal_Sup_Orb_R	0	178	380	11128	112	0	0	4604	0	8796	0	230	0	1594	0	7472	0	0	452	4034	474	2112	386	8314	932	13136	806	6822	150	702	1192	9658	0	444	0	0	0	0	0	0	94	0	0	0	0	0	0	0	0	0	0	0	0	0	0	0	0	0	0	0	0	0	0	0	0	0	0	0	0	0	612	11702	296	8160	0	1326	0	172	0	0	0	0	0	0	0	0	0	0	0	0	0	0	0	0	0	0	0	0	0	0	0	0	0	0	0	0	0	0	0	0	0	0	0	0	0	0	
588672	Frontal_Mid_L	21402	224	77994	6230	2840	0	0	1378	4016	0	13944	476	35256	784	9940	0	2052	0	25302	4434	0	0	18676	3528	0	0	0	0	25384	216	6040	4104	882	2812	0	0	2372	400	186	0	0	0	0	0	0	0	0	0	0	0	122	0	142	0	636	0	3092	0	426	0	1086	0	96	0	0	0	0	0	2336	0	2372	460	2876	252	1064	0	4458	698	884	0	1084	0	610	0	338	0	0	0	432	0	0	0	0	0	0	0	0	0	0	0	0	0	0	0	0	0	0	0	0	0	0	0	0	0	0	0	
399472	Frontal_Mid_R	902	11120	4388	47670	0	4604	1378	0	0	3822	0	15720	100	25952	0	9748	0	2662	6892	10474	0	0	560	5970	0	250	0	0	398	10114	1042	4876	0	4504	0	0	0	6554	0	810	0	0	0	0	0	0	0	0	0	0	0	0	0	0	0	1968	0	2574	0	0	0	0	0	122	0	0	0	0	338	164	2036	2224	576	5522	0	536	0	2606	0	0	146	0	0	0	0	0	0	0	0	314	0	0	0	0	0	0	0	100	0	0	0	0	0	0	0	0	0	0	0	0	0	0	0	0	0	0	
103752	Frontal_Mid_Orb_L	0	0	3950	0	11378	0	4016	0	0	0	254	0	1352	0	15952	0	96	0	288	0	404	0	422	0	384	0	940	0	6126	0	156	0	0	0	0	0	0	0	0	0	154	0	0	0	0	0	0	0	0	0	0	0	0	0	0	0	0	0	0	0	0	0	0	0	0	0	0	0	0	0	520	0	2396	0	136	0	0	0	0	0	570	0	1940	0	442	0	0	0	0	0	0	0	0	0	0	0	0	0	0	0	0	0	0	0	0	0	0	0	0	0	0	0	0	0	0	0	
50860	Frontal_Mid_Orb_R	0	0	0	1896	0	8796	0	3822	0	0	0	0	0	1266	0	6602	0	0	0	158	0	0	0	136	0	852	0	518	0	164	0	176	0	0	0	0	0	0	0	0	0	0	0	0	0	0	0	0	0	0	0	0	0	0	0	0	0	0	0	0	0	0	0	0	0	0	0	0	0	0	0	380	0	560	0	104	0	0	0	0	0	0	0	0	0	0	0	0	0	0	0	0	0	0	0	0	0	0	0	0	0	0	0	0	0	0	0	0	0	0	0	0	0	0	0	0	
284744	Frontal_Inf_Oper_L	17044	0	13218	486	1162	0	13944	0	254	0	0	0	18748	0	2728	0	12628	0	10492	412	0	0	638	0	0	0	0	0	20668	0	1892	346	0	0	0	0	2834	0	118	0	0	0	0	0	0	0	0	0	0	0	102	0	0	0	1394	0	6036	0	402	0	758	0	0	0	178	0	0	0	0	0	926	0	2290	0	426	0	398	0	1368	0	5832	0	2876	0	166	0	0	0	1608	0	0	0	0	0	0	0	0	0	0	0	0	0	0	0	0	0	0	0	0	0	0	0	0	0	0	0	
233824	Frontal_Inf_Oper_R	304	8012	864	14392	0	230	476	15720	0	0	0	0	204	14272	122	690	0	5086	1970	10284	0	0	398	1630	0	124	0	0	350	13548	460	1922	0	2792	0	0	0	5370	0	828	0	0	0	0	0	0	0	0	0	0	0	0	0	0	0	2134	0	5150	0	0	0	0	0	200	0	0	0	0	100	0	430	456	0	6780	0	148	0	972	0	0	0	0	0	0	0	0	0	0	0	368	0	0	0	0	0	0	0	126	0	0	0	0	0	0	0	0	0	0	0	0	0	0	0	0	0	0	
313420	Frontal_Inf_Tri_L	4608	0	25300	564	3636	0	35256	100	1352	0	18748	204	0	278	16208	0	2374	0	7042	424	0	0	2648	378	0	0	0	0	22724	0	2826	802	186	186	0	0	780	0	0	0	0	0	0	0	0	0	0	0	0	0	0	0	0	0	266	0	1424	0	0	0	0	0	0	0	0	0	0	0	0	0	696	0	1174	0	0	0	0	0	236	0	2552	0	2700	0	686	0	0	0	352	0	0	0	0	0	0	0	0	0	0	0	0	0	0	0	0	0	0	0	0	0	0	0	0	0	0	0	
219408	Frontal_Inf_Tri_R	552	516	1170	14696	0	1594	784	25952	0	1266	0	14272	278	0	148	9362	0	208	3076	9568	0	0	546	2272	0	154	0	0	552	9728	688	2596	0	3398	0	0	0	1184	0	242	0	0	0	0	0	0	0	0	0	0	0	0	0	0	0	318	0	104	0	0	0	0	0	0	0	0	0	0	0	0	1400	930	104	1720	0	0	0	326	0	0	0	0	0	0	0	0	0	0	0	0	0	0	0	0	0	0	0	0	0	0	0	0	0	0	0	0	0	0	0	0	0	0	0	0	0	0	
325400	Frontal_Inf_Orb_L	126	0	14994	432	23648	0	9940	0	15952	0	2728	122	16208	148	0	0	896	0	2744	320	4490	324	1884	216	1134	142	2684	0	30490	0	1290	484	108	98	0	0	684	0	402	0	960	0	0	0	0	0	0	0	0	0	0	0	0	0	612	0	0	0	0	0	0	0	0	0	0	0	0	0	0	0	2794	188	9302	0	408	0	268	0	0	0	3228	0	9646	0	1808	0	326	0	472	0	0	0	0	0	0	0	0	0	0	0	0	0	0	0	0	0	0	0	0	0	0	0	0	0	0	0	
120800	Frontal_Inf_Orb_R	0	0	280	4366	0	7472	0	9748	0	6602	0	690	0	9362	0	0	0	0	598	1304	100	2266	0	620	0	0	0	1606	0	8288	126	510	0	596	0	0	0	336	0	284	0	394	0	0	0	0	0	0	0	0	0	0	0	0	0	146	0	0	0	0	0	0	0	0	0	0	0	0	0	0	228	686	166	3072	0	154	0	0	0	0	0	0	0	400	0	0	0	0	0	0	0	0	0	0	0	0	0	0	0	0	0	0	0	0	0	0	0	0	0	0	0	0	0	0	0	0	
251300	Rolandic_Oper_L	11718	0	8316	338	474	0	2052	0	96	0	12628	0	2374	0	896	0	0	0	7504	334	0	0	114	0	0	0	0	0	19048	0	380	0	0	0	98	0	2002	0	126	0	0	0	180	0	0	0	440	0	238	0	1220	0	1574	0	3752	0	8698	0	178	0	586	0	3372	0	538	0	236	0	0	0	500	0	1024	0	236	0	292	0	5986	0	19308	0	2598	0	1704	0	0	0	4082	0	254	0	0	0	0	0	0	0	156	0	0	0	0	0	0	0	0	0	0	0	0	0	0	0	0	0	
129452	Rolandic_Oper_R	0	1340	100	2692	0	0	0	2662	0	0	0	5086	0	208	0	0	0	0	152	1388	0	0	0	0	0	0	0	0	0	16002	0	0	0	0	0	890	0	3722	0	162	0	0	0	0	0	0	0	0	0	0	0	0	0	140	0	3086	0	5116	0	0	0	0	0	3936	0	604	0	996	94	246	0	0	0	3478	0	160	0	674	0	3206	0	5402	0	0	0	1326	0	0	0	1858	0	0	0	0	0	0	0	0	0	0	0	0	0	0	0	0	0	0	0	0	0	0	0	0	0	0	
917844	Supp_Motor_Area_L	18578	1074	92964	35456	3814	452	25302	6892	288	0	10492	1970	7042	3076	2744	598	7504	152	0	59798	0	0	11070	6538	104	182	0	0	34058	982	10794	8926	11784	21118	438	216	3868	1532	476	280	162	0	0	0	284	0	0	0	0	0	160	0	0	0	1888	374	5988	466	476	0	924	0	130	0	346	0	262	0	12768	1932	10376	3088	9104	2844	2276	352	3542	1362	1616	0	4442	0	998	0	318	0	0	0	1788	0	0	0	0	0	0	0	0	0	94	0	0	0	0	0	0	0	0	0	0	0	0	0	0	0	0	0	
910700	Supp_Motor_Area_R	10288	4542	22498	82294	596	4034	4434	10474	0	158	412	10284	424	9568	320	1304	334	1388	59798	0	0	0	5470	22412	0	2014	0	0	3120	8536	6304	26758	6040	48254	2064	1448	796	1988	0	712	0	0	0	152	224	212	0	116	0	110	0	0	0	0	530	1224	390	6342	0	0	0	0	0	0	0	0	826	1392	15004	18692	8576	19946	4394	11148	162	1060	582	2428	0	0	802	0	376	118	116	104	0	0	416	626	0	0	0	0	0	0	0	216	0	0	0	0	0	0	0	0	0	0	0	0	0	0	0	0	0	0	
139168	Olfactory_L	0	0	0	0	4566	474	0	0	404	0	0	0	0	0	4490	100	0	0	0	0	0	7738	0	0	1636	1192	4094	1042	5378	0	3464	1650	0	0	0	0	468	0	770	0	2864	0	0	0	0	0	0	0	0	0	0	0	0	0	276	0	0	0	0	0	0	0	0	0	0	0	0	0	0	0	11372	4832	7968	932	1072	0	146	0	0	0	234	0	2258	0	0	0	164	0	0	0	0	0	0	0	0	0	0	0	0	0	0	0	0	0	0	0	0	0	0	0	0	0	0	0	0	0	
133892	Olfactory_R	0	0	0	0	272	2112	0	0	0	0	0	0	0	0	324	2266	0	0	0	0	7738	0	0	98	200	3770	1130	3762	1512	2776	2364	3626	0	0	0	0	0	894	0	892	1972	1398	0	0	0	0	0	0	0	0	0	0	0	0	0	404	0	0	0	0	0	0	0	0	0	0	0	0	0	0	8948	7864	7166	2032	950	0	102	0	0	0	0	0	1210	784	0	0	0	0	0	0	0	0	0	0	0	98	0	282	0	0	0	0	0	0	0	0	0	0	0	0	0	0	0	0	0	0	
440708	Frontal_Sup_Medial_L	216	0	43530	16228	3280	386	18676	560	422	0	638	398	2648	546	1884	0	114	0	11070	5470	0	0	0	30252	3174	2226	120	0	5044	0	27912	22528	5286	11888	0	0	0	0	0	0	0	0	0	0	0	0	0	0	0	0	0	0	0	0	0	0	0	0	0	0	0	0	0	0	0	0	0	0	0	0	960	2008	2484	294	0	0	0	0	0	0	112	0	0	0	0	0	0	0	0	0	0	0	0	0	0	0	0	0	0	0	0	0	0	0	0	0	0	0	0	0	0	0	0	0	0	0	
529224	Frontal_Sup_Medial_R	288	268	13198	51964	184	8314	3528	5970	0	136	0	1630	378	2272	216	620	0	0	6538	22412	0	98	30252	0	736	9588	0	358	978	134	13948	43768	912	24304	0	0	0	0	0	0	0	0	0	0	0	0	0	0	0	0	0	0	0	0	0	0	0	0	0	0	0	0	0	0	0	0	0	0	0	0	1544	12842	1270	4540	0	778	0	304	0	0	342	0	0	0	0	0	0	0	0	0	0	0	0	0	0	0	0	0	0	0	0	0	0	0	0	0	0	0	0	0	0	0	0	0	0	0	
65104	Frontal_Med_Orb_L	0	0	440	136	3682	932	0	0	384	0	0	0	0	0	1134	0	0	0	104	0	1636	200	3174	736	0	2750	3960	1242	842	0	6308	666	0	0	0	0	0	0	0	0	160	0	0	0	0	0	0	0	0	0	0	0	0	0	0	0	0	0	0	0	0	0	0	0	0	0	0	0	0	0	2034	0	1802	0	0	0	0	0	0	0	0	0	230	0	0	0	0	0	0	0	0	0	0	0	0	0	0	0	0	0	0	0	0	0	0	0	0	0	0	0	0	0	0	0	0	0	
172916	Frontal_Med_Orb_R	0	108	274	6560	350	13136	0	250	0	852	0	124	0	154	142	0	0	0	182	2014	1192	3770	2226	9588	2750	0	1312	6096	0	0	4742	13618	0	258	0	0	0	0	0	0	0	0	0	0	0	0	0	0	0	0	0	0	0	0	0	0	0	0	0	0	0	0	0	0	0	0	0	0	0	0	664	8794	252	5824	0	1120	0	106	0	0	0	0	0	0	0	0	0	0	0	0	0	0	0	0	0	0	0	0	0	0	0	0	0	0	0	0	0	0	0	0	0	0	0	0	0	0	
69336	Rectus_L	0	0	0	0	5092	806	0	0	940	0	0	0	0	0	2684	0	0	0	0	0	4094	1130	120	0	3960	1312	0	1288	1266	0	2868	708	0	0	0	0	0	0	0	0	634	0	0	0	0	0	0	0	0	0	0	0	0	0	0	0	0	0	0	0	0	0	0	0	0	0	0	0	0	0	4332	446	2102	0	0	0	0	0	0	0	96	0	694	0	96	0	0	0	0	0	0	0	0	0	0	0	0	0	0	0	0	0	0	0	0	0	0	0	0	0	0	0	0	0	0	0	
67364	Rectus_R	0	0	0	154	104	6822	0	0	0	518	0	0	0	0	0	1606	0	0	0	0	1042	3762	0	358	1242	6096	1288	0	162	918	770	2008	0	0	0	0	0	0	0	0	256	0	0	0	0	0	0	0	0	0	0	0	0	0	0	0	0	0	0	0	0	0	0	0	0	0	0	0	0	0	830	3266	668	1390	0	184	0	0	0	0	0	0	144	94	0	0	0	0	0	0	0	0	0	0	0	0	0	0	0	0	0	0	0	0	0	0	0	0	0	0	0	0	0	0	0	0	
891632	Insula_L	17722	96	48274	3550	22870	150	25384	398	6126	0	20668	350	22724	552	30490	0	19048	0	34058	3120	5378	1512	5044	978	842	0	1266	162	0	102	6064	2102	396	900	94	0	21416	156	2808	0	5706	0	0	0	0	0	306	0	388	0	1024	0	1502	0	15518	0	6834	0	368	0	424	0	410	0	282	0	362	100	168	0	9616	2184	21434	354	1662	0	3624	0	9504	0	20748	0	16484	0	5326	0	364	0	12984	0	892	0	252	0	0	0	440	0	1228	0	164	0	216	0	148	0	0	0	0	0	0	0	0	0	0	0	
412700	Insula_R	242	5336	820	12042	0	702	216	10114	0	164	0	13548	0	9728	0	8288	0	16002	982	8536	0	2776	0	134	0	0	0	918	102	0	0	276	0	244	104	962	144	19076	0	5918	0	5974	0	0	0	0	0	244	0	0	0	0	0	542	308	15356	282	4726	0	0	0	0	0	986	0	102	116	1024	106	692	262	294	0	21524	0	258	0	926	0	5352	0	10044	0	3836	0	4974	0	0	0	8732	0	214	0	0	0	434	0	1470	98	100	0	0	0	0	0	0	0	0	0	0	0	0	0	0	0	0	
401492	Cingulum_Ant_L	556	0	19258	10182	3788	1192	6040	1042	156	0	1892	460	2826	688	1290	126	380	0	10794	6304	3464	2364	27912	13948	6308	4742	2868	770	6064	0	0	30192	5516	5482	0	0	132	0	0	0	510	0	0	0	0	0	0	0	0	0	0	0	0	0	0	0	0	0	0	0	0	0	0	0	0	0	0	0	0	0	7282	5948	7310	1700	308	184	0	0	96	0	328	0	344	0	0	0	0	0	0	0	0	0	0	0	0	0	0	0	0	0	0	0	0	0	0	0	0	0	0	0	0	0	0	0	0	0	
617228	Cingulum_Ant_R	642	258	9986	41554	352	9658	4104	4876	0	176	346	1922	802	2596	484	510	0	0	8926	26758	1650	3626	22528	43768	666	13618	708	2008	2102	276	30192	0	4598	30592	130	256	112	124	0	0	278	0	0	0	0	0	0	0	0	0	0	0	0	0	0	0	0	0	0	0	0	0	0	0	0	0	224	0	0	0	4228	20182	2914	7578	0	1284	0	312	0	0	442	0	168	0	0	0	0	0	100	0	0	0	0	0	0	0	0	0	0	0	0	0	0	0	0	0	0	0	0	0	0	0	0	0	0	0	
179468	Cingulum_Mid_L	398	0	1938	1902	0	0	882	0	0	0	0	0	186	0	108	0	0	0	11784	6040	0	0	5286	912	0	0	0	0	396	0	5516	4598	0	17802	5850	3376	0	0	0	0	0	0	406	0	1514	0	320	0	916	0	984	0	0	96	0	378	700	588	580	0	320	0	0	0	362	0	6972	2296	3906	1558	0	176	0	120	0	0	0	0	0	0	0	0	0	0	0	0	0	0	0	428	0	0	0	0	0	0	140	0	0	0	0	0	0	0	0	0	0	0	0	0	0	0	0	0	0	0	
610108	Cingulum_Mid_R	5980	1036	5512	26032	0	444	2812	4504	0	0	0	2792	186	3398	98	596	0	0	21118	48254	0	0	11888	24304	0	258	0	0	900	244	5482	30592	17802	0	3944	6372	176	0	0	0	0	0	122	1256	1166	4040	0	734	928	2636	658	1490	0	662	114	272	780	6728	452	200	0	124	0	228	0	128	7232	12520	10596	15824	1634	4400	1450	440	0	0	0	0	0	0	412	182	0	0	0	1472	0	0	106	1068	0	0	0	0	0	0	0	0	0	0	0	0	0	0	0	0	0	0	0	0	276	0	0	0	0	0	
299604	Cingulum_Post_L	860	264	0	0	0	0	0	0	0	0	0	0	0	0	0	0	98	0	438	2064	0	0	0	0	0	0	0	0	94	104	0	130	5850	3944	0	22276	2988	6928	2450	2386	0	0	3672	362	4670	932	4482	282	414	270	3110	316	2752	1832	10166	11144	6256	1570	476	0	2748	0	718	146	682	0	12246	4292	4774	3696	0	0	0	0	0	0	0	948	234	0	302	0	0	0	1194	274	0	0	1906	7524	656	338	0	0	0	0	1328	0	1134	306	0	0	0	0	0	0	0	0	0	0	776	0	0	0	0	0	
351556	Cingulum_Post_R	314	634	0	0	0	0	0	0	0	0	0	0	0	0	0	0	0	890	216	1448	0	0	0	0	0	0	0	0	0	962	0	256	3376	6372	22276	0	1972	6552	1450	2612	0	0	852	2070	1106	3012	2078	5676	172	2208	1464	2062	1762	4320	7794	12714	3056	3882	152	216	392	1146	142	2120	174	1120	7912	22708	3550	3194	0	0	0	0	0	0	0	740	136	390	228	592	0	0	572	2718	0	0	1300	10310	868	450	0	0	0	204	124	1510	1428	1852	0	0	0	0	0	0	0	0	0	0	5284	688	0	0	0	0	
460288	Hippocampus_L	8148	562	2738	1130	780	0	2372	0	0	0	2834	0	780	0	684	0	2002	0	3868	796	468	0	0	0	0	0	0	0	21416	144	132	112	0	176	2988	1972	0	3038	22460	2388	10184	0	532	0	0	0	2360	0	0	0	0	0	168	0	35226	2318	2462	108	0	0	114	0	142	0	0	0	826	174	392	122	3198	554	14128	130	580	0	9892	2598	4176	0	12852	0	3322	0	4346	0	608	0	28362	0	1414	0	380	0	594	0	2806	0	2210	0	240	0	334	0	188	0	0	0	0	0	116	0	0	0	0	0	
544348	Hippocampus_R	266	8940	1938	6828	0	0	400	6554	0	0	0	5370	0	1184	0	336	0	3722	1532	1988	0	894	0	0	0	0	0	0	156	19076	0	124	0	0	6928	6552	3038	0	2150	34562	0	13564	178	268	0	0	1316	4774	0	0	194	0	696	1370	5766	51272	1220	4004	0	0	0	0	0	680	0	0	882	3312	0	702	148	170	0	25010	0	1442	0	5530	180	1524	224	3510	0	2972	0	1926	0	0	1610	9624	256	2040	0	0	0	1842	0	6908	770	2802	0	0	0	0	0	0	0	0	0	0	950	0	0	0	0	0	
187888	ParaHippocampal_L	628	180	388	100	230	0	186	0	0	0	118	0	0	0	402	0	126	0	476	0	770	0	0	0	0	0	0	0	2808	0	0	0	0	0	2450	1450	22460	2150	0	1994	5366	0	524	0	0	0	2918	0	0	0	0	0	0	0	14932	1948	150	0	0	0	0	0	0	0	0	0	756	138	0	0	318	0	3610	0	0	0	2660	1476	158	0	1202	0	1050	0	0	0	614	0	6084	0	1480	106	520	98	2208	0	4774	94	1800	110	278	0	554	0	194	0	0	0	132	238	412	0	0	126	0	0	
297428	ParaHippocampal_R	0	850	282	1442	0	0	0	810	0	0	0	828	0	242	0	284	0	162	280	712	0	892	0	0	0	0	0	0	0	5918	0	0	0	0	2386	2612	2388	34562	1994	0	0	11072	0	0	0	0	156	5888	0	0	0	0	0	626	1794	30844	0	368	0	0	0	0	0	0	0	0	124	2280	0	0	0	0	0	9288	0	916	0	3538	0	184	166	856	0	2820	0	756	0	1316	1424	1124	0	1414	0	0	0	3068	0	8270	112	2346	0	0	0	0	0	0	0	0	0	426	894	0	0	0	0	0	
101064	Amygdala_L	150	0	0	0	764	94	0	0	154	0	0	0	0	0	960	0	0	0	162	0	2864	1972	0	0	160	0	634	256	5706	0	510	278	0	0	0	0	10184	0	5366	0	0	0	0	0	0	0	0	0	0	0	0	0	0	0	5168	0	0	0	0	0	0	0	0	0	0	0	0	0	0	0	2556	1416	3966	204	0	0	316	0	0	0	596	0	3348	0	142	0	772	0	1472	0	0	0	0	0	0	0	362	0	0	0	0	0	0	0	0	0	0	0	0	0	0	0	0	0	0	0	
107704	Amygdala_R	0	0	0	216	0	0	0	0	0	0	0	0	0	0	0	394	0	0	0	0	0	1398	0	0	0	0	0	0	0	5974	0	0	0	0	0	0	0	13564	0	11072	0	0	0	0	0	0	0	106	0	0	0	0	0	0	0	7602	0	0	0	0	0	0	0	0	0	0	0	0	0	0	0	0	0	4314	0	0	0	0	0	0	0	1392	0	3534	0	1388	0	154	0	0	0	0	0	0	0	842	0	1902	0	0	0	0	0	0	0	0	0	0	0	0	0	0	0	0	0	0	
361992	Calcarine_L	296	0	0	0	0	0	0	0	0	0	0	0	0	0	0	0	180	0	0	0	0	0	0	0	0	0	0	0	0	0	0	0	406	122	3672	852	532	178	524	0	0	0	0	7358	23322	4110	28740	4950	15766	1690	22308	942	8652	578	10404	1712	876	0	362	0	714	0	826	0	236	0	21158	2308	274	0	0	0	0	0	0	0	0	0	0	0	234	0	0	0	1968	136	0	0	270	438	2696	148	0	0	0	0	6208	0	3210	144	0	0	0	0	0	0	0	0	0	0	1222	274	0	0	0	0	
402284	Calcarine_R	0	0	0	0	0	0	0	0	0	0	0	0	0	0	0	0	0	0	0	152	0	0	0	0	0	0	0	0	0	0	0	0	0	1256	362	2070	0	268	0	0	0	0	7358	0	7558	26684	1666	28162	1504	20340	0	17290	0	11406	0	10280	98	352	0	3606	0	0	0	212	0	866	2318	27706	0	460	0	0	0	0	0	0	0	0	0	0	0	198	0	0	0	7952	0	0	0	6866	628	2024	0	0	0	0	96	3412	750	3186	0	0	0	0	0	0	0	0	0	0	3286	770	0	0	0	0	
313976	Cuneus_L	708	0	0	0	0	0	0	0	0	0	0	0	0	0	0	0	0	0	284	224	0	0	0	0	0	0	0	0	0	0	0	0	1514	1166	4670	1106	0	0	0	0	0	0	23322	7558	0	10830	6390	952	27762	5216	14996	732	2570	294	1786	390	1020	0	5144	808	1304	0	250	0	494	0	23786	4882	1320	224	0	0	0	0	0	0	0	0	0	0	0	0	0	0	736	0	0	0	0	198	732	0	0	0	0	0	2072	0	800	0	0	0	0	0	0	0	0	0	0	0	748	0	0	0	0	0	
299792	Cuneus_R	0	0	0	0	0	0	0	0	0	0	0	0	0	0	0	0	0	0	0	212	0	0	0	0	0	0	0	0	0	0	0	0	0	4040	932	3012	0	0	0	0	0	0	4110	26684	10830	0	212	5296	2304	31468	96	10470	0	1542	0	812	0	704	0	6022	0	140	0	140	0	1292	8120	25074	0	598	0	0	0	0	0	0	0	0	0	0	0	126	0	0	0	2926	0	0	0	1602	124	0	0	0	0	0	0	0	126	124	0	0	0	0	0	0	0	0	0	0	630	128	0	0	0	0	
393028	Lingual_L	440	0	0	0	0	0	0	0	0	0	0	0	0	0	0	0	440	0	0	0	0	0	0	0	0	0	0	0	306	0	0	0	320	0	4482	2078	2360	1316	2918	156	0	0	28740	1666	6390	212	0	4788	2296	214	10528	236	9846	462	28246	3098	560	0	0	0	228	0	462	0	96	0	19970	710	356	0	0	0	0	0	0	0	776	0	142	0	598	0	0	0	698	96	0	0	966	1156	14478	1140	1850	448	762	0	14308	316	18328	1440	286	0	360	0	0	0	0	0	0	0	1730	2394	322	0	0	0	
493868	Lingual_R	0	0	0	0	0	0	0	0	0	0	0	0	0	0	0	0	0	0	0	116	0	0	0	0	0	0	0	0	0	244	0	0	0	734	282	5676	0	4774	0	5888	0	106	4950	28162	952	5296	4788	0	118	5940	0	7098	0	9208	1750	28784	98	278	0	128	0	0	0	0	0	132	1416	26778	0	334	0	0	0	446	0	0	0	312	0	0	0	0	0	0	0	1886	0	0	0	2428	4592	12450	658	1792	0	4934	1934	18252	6444	18638	0	430	122	1232	0	684	0	0	0	3094	13680	6878	382	808	696	132	
274848	Occipital_Sup_L	408	0	0	0	0	0	0	0	0	0	0	0	0	0	0	0	238	0	0	0	0	0	0	0	0	0	0	0	388	0	0	0	916	928	414	172	0	0	0	0	0	0	15766	1504	27762	2304	2296	118	0	662	32700	0	2296	0	928	0	754	0	14758	0	6238	0	954	0	5314	0	15372	2804	276	0	0	0	0	0	0	0	0	0	0	0	310	0	0	0	590	0	0	0	128	0	0	0	0	0	0	0	126	0	0	0	0	0	0	0	0	0	0	0	0	0	0	0	0	0	0	0	
296832	Occipital_Sup_R	0	0	0	0	0	0	0	0	0	0	0	0	0	0	0	0	0	0	0	110	0	0	0	0	0	0	0	0	0	0	0	0	0	2636	270	2208	0	0	0	0	0	0	1690	20340	5216	31468	214	5940	662	0	0	20596	0	1122	0	1358	0	1866	0	9396	0	3486	0	1636	0	9856	2678	16464	106	644	0	0	0	0	0	0	0	0	0	0	0	480	0	0	0	4846	0	0	0	2206	98	0	0	0	0	0	0	0	100	94	0	0	0	0	0	0	0	0	0	0	528	102	0	0	0	0	
465948	Occipital_Mid_L	2022	0	122	0	0	0	122	0	0	0	102	0	0	0	0	0	1220	0	160	0	0	0	0	0	0	0	0	0	1024	0	0	0	984	658	3110	1464	0	194	0	0	0	0	22308	0	14996	96	10528	0	32700	0	0	0	20212	278	10044	850	5826	0	12408	0	17242	0	6700	0	24532	0	13980	2848	476	150	0	0	0	0	0	0	0	0	0	0	1958	0	0	0	18248	0	0	0	2340	852	494	0	0	0	0	0	870	0	528	0	0	0	0	0	0	0	0	0	0	0	328	0	0	0	0	0	
297620	Occipital_Mid_R	0	0	0	0	0	0	0	0	0	0	0	0	0	0	0	0	0	0	0	0	0	0	0	0	0	0	0	0	0	0	0	0	0	1490	316	2062	0	0	0	0	0	0	942	17290	732	10470	236	7098	0	20596	0	0	0	10574	0	4670	108	682	0	2250	0	6726	0	1158	0	17400	1466	9468	138	774	0	0	0	0	0	0	0	0	0	0	0	1316	0	0	0	23246	0	0	0	7100	0	0	0	0	0	0	0	0	0	112	0	0	0	0	0	0	0	0	0	0	390	0	0	0	0	0	
207912	Occipital_Inf_L	1190	0	0	0	0	0	142	0	0	0	0	0	0	0	0	0	1574	0	0	0	0	0	0	0	0	0	0	0	1502	0	0	0	0	0	2752	1762	168	696	0	0	0	0	8652	0	2570	0	9846	0	2296	0	20212	0	0	206	20940	1342	2440	0	0	0	590	0	2030	0	110	0	4248	244	358	0	0	0	0	0	0	0	0	0	622	0	2046	0	0	0	5900	0	0	0	5198	1214	1504	0	0	0	0	0	622	0	856	0	0	0	0	0	0	0	0	0	0	0	124	0	0	0	0	0	
218780	Occipital_Inf_R	0	134	0	0	0	0	0	0	0	0	0	0	0	0	0	0	0	140	0	0	0	0	0	0	0	0	0	0	0	542	0	0	96	662	1832	4320	0	1370	0	626	0	0	578	11406	294	1542	462	9208	0	1122	278	10574	206	0	632	14278	418	602	0	0	130	0	0	288	0	0	1090	10874	270	540	0	0	0	0	0	0	0	0	0	154	0	524	0	0	132	10104	0	0	0	14946	504	986	0	0	0	0	0	1578	796	2696	0	0	0	0	0	0	0	0	0	0	1118	1338	0	0	0	0	
783252	Fusiform_L	5070	264	432	808	408	0	636	0	0	0	1394	0	266	0	612	0	3752	0	1888	530	276	0	0	0	0	0	0	0	15518	308	0	0	0	114	10166	7794	35226	5766	14932	1794	5168	0	10404	0	1786	0	28246	1750	928	0	10044	0	20940	632	0	7450	4174	188	0	0	692	0	1880	0	0	0	9908	802	1580	150	2714	272	5312	110	294	0	5264	600	3714	0	13550	0	4834	0	7578	0	3746	0	38000	3604	28470	1990	3688	412	372	0	11558	140	31812	2192	682	0	1198	0	538	0	0	0	0	0	1140	2918	248	0	0	0	
809520	Fusiform_R	172	4212	376	1980	0	0	0	1968	0	0	0	2134	0	318	0	146	0	3086	374	1224	0	404	0	0	0	0	0	0	0	15356	0	0	378	272	11144	12714	2318	51272	1948	30844	0	7602	1712	10280	390	812	3098	28784	0	1358	850	4670	1342	14278	7450	0	1928	3960	0	0	184	0	0	1612	0	0	2348	14612	1202	1510	0	0	0	12734	0	106	0	2886	110	1312	184	7130	0	8488	350	5342	0	3470	1416	34818	1796	19240	144	816	0	2428	492	14870	3178	23274	0	0	0	218	0	416	0	0	0	258	3004	3498	0	0	160	0	
380640	Postcentral_L	33428	560	5968	0	0	0	3092	0	0	0	6036	0	1424	0	0	0	8698	0	5988	390	0	0	0	0	0	0	0	0	6834	282	0	0	700	780	6256	3056	2462	1220	150	0	0	0	876	98	1020	0	560	98	754	0	5826	108	2440	418	4174	1928	0	1276	11166	0	23984	0	9864	226	2850	0	7012	498	5084	1826	0	0	1850	0	168	0	896	0	4306	0	5742	0	0	0	2776	120	0	0	1608	1882	492	0	0	0	0	0	102	0	968	0	0	0	0	0	0	0	0	0	0	0	0	0	0	0	0	0	
285220	Postcentral_R	1636	21294	0	1218	0	0	0	2574	0	0	0	5150	0	104	0	0	0	5116	466	6342	0	0	0	0	0	0	0	0	0	4726	0	0	588	6728	1570	3882	108	4004	0	368	0	0	0	352	0	704	0	278	0	1866	0	682	0	602	188	3960	1276	0	0	4784	0	5028	0	10906	0	2980	2684	10386	4932	14922	0	0	0	1442	0	218	0	550	0	1194	0	1298	0	0	0	1108	0	0	0	4206	0	0	0	0	0	0	0	0	0	0	0	0	0	0	0	0	0	0	0	0	190	0	0	0	0	0	
187612	Parietal_Sup_L	2050	0	444	0	0	0	426	0	0	0	402	0	0	0	0	0	178	0	476	0	0	0	0	0	0	0	0	0	368	0	0	0	580	452	476	152	0	0	0	0	0	0	362	0	5144	0	0	0	14758	0	12408	0	0	0	0	0	11166	0	0	0	19260	0	1160	0	6410	0	14564	1452	716	0	0	0	0	0	0	0	0	0	0	0	222	0	0	0	180	0	0	0	0	0	0	0	0	0	0	0	0	0	0	0	0	0	0	0	0	0	0	0	0	0	0	0	0	0	0	0	
114924	Parietal_Sup_R	0	98	0	0	0	0	0	0	0	0	0	0	0	0	0	0	0	0	0	0	0	0	0	0	0	0	0	0	0	0	0	0	0	200	0	216	0	0	0	0	0	0	0	3606	808	6022	0	128	0	9396	0	2250	0	0	0	0	0	4784	0	0	0	7276	0	1200	0	8908	890	10272	0	680	0	0	0	0	0	0	0	0	0	0	0	0	0	0	0	412	0	0	0	316	0	0	0	0	0	0	0	0	0	0	0	0	0	0	0	0	0	0	0	0	0	0	0	0	0	0	
312556	Parietal_Inf_L	4750	0	914	0	0	0	1086	0	0	0	758	0	0	0	0	0	586	0	924	0	0	0	0	0	0	0	0	0	424	0	0	0	320	0	2748	392	114	0	0	0	0	0	714	0	1304	0	228	0	6238	0	17242	0	590	130	692	184	23984	0	19260	0	0	0	27048	0	28382	0	2842	370	784	0	0	0	0	0	0	0	0	0	116	0	1910	0	0	0	7082	0	0	0	3820	204	138	0	0	0	0	0	0	0	0	0	0	0	0	0	0	0	0	0	0	0	0	0	0	0	0	0	
127072	Parietal_Inf_R	0	466	0	0	0	0	0	0	0	0	0	0	0	0	0	0	0	0	0	0	0	0	0	0	0	0	0	0	0	0	0	0	0	124	0	1146	0	0	0	0	0	0	0	0	0	140	0	0	0	3486	0	6726	0	0	0	0	0	5028	0	7276	0	0	0	11058	0	18606	442	3458	0	1764	0	0	0	0	0	0	0	0	0	0	0	192	0	0	0	2110	0	0	0	1390	0	0	0	0	0	0	0	0	0	0	0	0	0	0	0	0	0	0	0	0	124	0	0	0	0	0	
184960	SupraMarginal_L	370	0	0	0	0	0	96	0	0	0	0	0	0	0	0	0	3372	0	130	0	0	0	0	0	0	0	0	0	410	0	0	0	0	0	718	142	142	0	0	0	0	0	826	0	250	0	462	0	954	0	6700	0	2030	0	1880	0	9864	0	1160	0	27048	0	0	0	13306	0	504	134	0	0	0	0	0	0	0	0	0	0	240	0	7358	0	0	0	8458	0	0	0	5550	0	266	0	0	0	0	0	0	0	110	0	0	0	0	0	0	0	0	0	0	0	0	0	0	0	0	0	
161140	SupraMarginal_R	162	1650	0	0	0	0	0	122	0	0	0	200	0	0	0	0	0	3936	0	0	0	0	0	0	0	0	0	0	0	986	0	0	0	228	146	2120	0	680	0	0	0	0	0	212	0	140	0	0	0	1636	0	1158	0	288	0	1612	226	10906	0	1200	0	11058	0	0	0	8152	538	3332	138	2504	0	0	0	0	0	0	0	0	0	498	0	8448	0	0	0	9470	0	0	0	8646	0	0	0	0	0	0	0	0	0	0	0	0	0	0	0	0	0	0	0	0	178	0	0	0	0	0	
206084	Angular_L	1344	0	208	0	0	0	0	0	0	0	178	0	0	0	0	0	538	0	346	0	0	0	0	0	0	0	0	0	282	0	0	0	362	0	682	174	0	0	0	0	0	0	236	0	494	0	96	0	5314	0	24532	0	110	0	0	0	2850	0	6410	0	28382	0	13306	0	0	0	1328	396	238	0	0	0	0	0	0	0	0	0	110	0	2646	0	0	0	10730	0	0	0	1750	0	0	0	0	0	0	0	0	0	0	0	0	0	0	0	0	0	0	0	0	0	0	0	0	0	0	0	
181036	Angular_R	0	0	0	0	0	0	0	0	0	0	0	0	0	0	0	0	0	604	0	0	0	0	0	0	0	0	0	0	0	102	0	0	0	128	0	1120	0	0	0	0	0	0	0	866	0	1292	0	132	0	9856	0	17400	0	0	0	0	0	2980	0	8908	0	18606	0	8152	0	0	306	4850	0	338	0	0	0	0	0	0	0	0	0	0	0	3708	0	0	0	8130	0	0	0	2892	0	0	0	0	0	0	0	0	0	0	0	0	0	0	0	0	0	0	0	0	148	0	0	0	0	0	
515856	Precuneus_L	964	254	0	0	0	0	0	0	0	0	0	0	0	0	0	0	236	0	262	826	0	0	0	0	0	0	0	0	362	116	0	224	6972	7232	12246	7912	826	882	756	124	0	0	21158	2318	23786	8120	19970	1416	15372	2678	13980	1466	4248	1090	9908	2348	7012	2684	14564	890	2842	442	504	538	1328	306	0	28570	4242	2068	0	0	0	0	0	0	0	0	0	0	262	292	0	0	898	2188	0	0	314	2658	3318	232	0	0	0	0	7098	0	4332	326	0	0	0	0	0	0	0	0	0	0	1850	118	0	0	0	0	
655852	Precuneus_R	390	686	0	0	0	0	0	0	0	0	0	0	0	0	0	0	0	996	0	1392	0	0	0	0	0	0	0	0	100	1024	0	0	2296	12520	4292	22708	174	3312	138	2280	0	0	2308	27706	4882	25074	710	26778	2804	16464	2848	9468	244	10874	802	14612	498	10386	1452	10272	370	3458	134	3332	396	4850	28570	0	1000	6840	0	0	0	0	0	0	0	424	0	388	0	1268	0	0	128	9476	0	0	134	9544	968	4422	0	354	0	714	288	9178	1264	7646	0	0	0	0	0	0	0	0	0	418	10606	1266	0	0	0	0	
249280	Paracentral_Lobule_L	19126	5166	1050	946	0	0	2336	338	0	0	0	100	0	0	0	0	0	94	12768	15004	0	0	0	0	0	0	0	0	168	106	0	0	3906	10596	4774	3550	392	0	0	0	0	0	274	0	1320	0	356	0	276	106	476	138	358	270	1580	1202	5084	4932	716	0	784	0	0	138	238	0	4242	1000	0	12974	1156	348	276	0	550	0	3272	126	0	0	0	0	0	0	0	112	0	0	168	1368	0	0	0	0	0	0	150	0	230	0	0	0	0	0	0	0	0	0	0	0	0	0	0	0	0	0	
227520	Paracentral_Lobule_R	6782	5150	0	206	0	0	0	164	0	0	0	0	0	0	0	0	0	246	1932	18692	0	0	0	0	0	0	0	0	0	692	0	0	1558	15824	3696	3194	122	702	0	0	0	0	0	460	224	598	0	334	0	644	150	774	0	540	150	1510	1826	14922	0	680	0	1764	0	2504	0	338	2068	6840	12974	0	0	114	0	0	0	0	0	0	0	136	0	444	0	0	0	1860	0	0	0	2946	0	0	0	0	0	0	0	0	0	0	0	0	0	0	0	0	0	0	0	0	0	0	0	0	0	0	
359440	Caudate_L	4060	0	9280	9888	3476	612	2372	2036	520	0	926	430	696	1400	2794	228	500	0	10376	8576	11372	8948	960	1544	2034	664	4332	830	9616	262	7282	4228	0	1634	0	0	3198	148	318	0	2556	0	0	0	0	0	0	0	0	0	0	0	0	0	2714	0	0	0	0	0	0	0	0	0	0	0	0	0	1156	0	0	11564	23992	2140	4284	0	9096	374	0	0	1736	0	1786	0	330	0	0	0	2452	0	0	0	0	0	0	0	0	0	0	0	0	0	0	0	0	0	0	0	0	0	0	0	0	0	0	0	
416824	Caudate_R	186	4330	2372	24962	166	11702	460	2224	0	380	0	456	0	930	188	686	0	0	3088	19946	4832	7864	2008	12842	0	8794	446	3266	2184	294	5948	20182	176	4400	0	0	554	170	0	0	1416	0	0	0	0	0	0	0	0	0	0	0	0	0	272	0	0	0	0	0	0	0	0	0	0	0	0	0	348	114	11564	0	8008	18030	896	5044	332	14606	0	0	566	0	886	0	94	0	0	0	200	0	0	0	0	0	0	0	0	0	0	0	0	0	0	0	0	0	0	0	0	0	0	0	0	0	0	0	
421552	Putamen_L	7290	0	11960	4948	13260	296	2876	576	2396	0	2290	0	1174	104	9302	166	1024	0	9104	4394	7968	7166	2484	1270	1802	252	2102	668	21434	0	7310	2914	0	1450	0	0	14128	0	3610	0	3966	0	0	0	0	0	0	0	0	0	0	0	0	0	5312	0	1850	0	0	0	0	0	0	0	0	0	0	0	276	0	23992	8008	0	1666	7844	0	2438	0	0	0	1886	0	3274	0	294	0	0	0	3216	0	226	0	0	0	0	0	318	0	492	0	0	0	0	0	0	0	0	0	0	0	0	0	0	0	0	0	
418844	Putamen_R	120	3300	2520	19510	0	8160	252	5522	0	560	0	6780	0	1720	0	3072	0	3478	2844	11148	932	2032	294	4540	0	5824	0	1390	354	21524	1700	7578	120	440	0	0	130	25010	0	9288	204	4314	0	0	0	0	0	446	0	0	0	0	0	0	110	12734	0	1442	0	0	0	0	0	0	0	0	0	0	0	0	2140	18030	1666	0	314	6958	0	1808	0	0	100	1542	138	2492	0	1430	0	0	0	228	0	0	0	0	0	786	0	2266	0	132	0	0	0	0	0	0	0	0	0	0	0	0	0	0	0	0	
70224	Pallidum_L	3064	0	5268	0	898	0	1064	0	136	0	426	0	0	0	408	0	236	0	2276	162	1072	950	0	0	0	0	0	0	1662	0	308	0	0	0	0	0	580	0	0	0	0	0	0	0	0	0	0	0	0	0	0	0	0	0	294	0	168	0	0	0	0	0	0	0	0	0	0	0	550	0	4284	896	7844	314	0	0	1900	0	0	0	100	0	0	0	0	0	0	0	252	0	0	0	0	0	0	0	0	0	0	0	0	0	0	0	0	0	0	0	0	0	0	0	0	0	0	0	
55640	Pallidum_R	0	306	252	3188	0	1326	0	536	0	104	0	148	0	0	0	154	0	160	352	1060	0	0	0	778	0	1120	0	184	0	258	184	1284	0	0	0	0	0	1442	0	916	0	0	0	0	0	0	0	0	0	0	0	0	0	0	0	106	0	218	0	0	0	0	0	0	0	0	0	0	0	0	0	5044	0	6958	0	0	0	1742	0	0	0	0	0	0	0	0	0	0	0	0	0	0	0	0	0	0	0	0	0	0	0	0	0	0	0	0	0	0	0	0	0	0	0	0	0	0	
155952	Thalamus_L	16378	282	954	956	194	0	4458	0	0	0	398	0	0	0	268	0	292	0	3542	582	146	102	0	0	0	0	0	0	3624	0	0	0	0	0	0	0	9892	0	2660	0	316	0	0	0	0	0	776	0	0	0	0	0	0	0	5264	0	896	0	0	0	0	0	0	0	0	0	0	0	3272	0	9096	332	2438	0	1900	0	0	2034	738	0	1170	0	138	0	316	0	0	0	4122	0	116	0	0	0	0	0	168	0	156	0	0	0	0	0	0	0	0	0	0	0	0	0	0	0	0	0	
146680	Thalamus_R	1094	9766	2012	7910	0	172	698	2606	0	0	0	972	0	326	0	0	0	674	1362	2428	0	0	0	304	0	106	0	0	0	926	0	312	0	0	948	740	2598	5530	1476	3538	0	0	0	0	0	0	0	312	0	0	0	0	0	0	600	2886	0	550	0	0	0	0	0	0	0	0	0	424	126	0	374	14606	0	1808	0	1742	2034	0	140	0	0	0	0	0	0	0	0	0	540	0	0	166	0	0	0	0	0	116	0	188	0	0	0	0	0	0	0	0	0	0	230	0	0	0	0	0	
115964	Heschl_L	5808	110	1846	0	0	0	884	0	0	0	1368	0	236	0	0	0	5986	0	1616	0	0	0	0	0	0	0	0	0	9504	0	96	0	0	0	234	136	4176	180	158	0	0	0	0	0	0	0	142	0	0	0	0	0	622	0	3714	110	4306	0	0	0	116	0	240	0	110	0	0	0	0	0	0	0	0	0	0	0	738	140	0	0	7288	0	0	0	2316	0	0	0	5254	0	374	0	0	0	0	0	0	0	174	0	0	0	0	0	0	0	0	0	0	0	0	0	0	0	0	0	
47900	Heschl_R	0	330	0	0	0	0	0	0	0	0	0	0	0	0	0	0	0	3206	0	0	0	0	0	0	0	0	0	0	0	5352	0	0	0	0	0	390	0	1524	0	184	0	0	0	0	0	0	0	0	0	0	0	0	0	154	0	1312	0	1194	0	0	0	0	0	498	0	0	0	388	0	136	0	0	0	0	0	0	0	0	0	0	0	5460	0	0	0	2314	0	0	0	1508	0	0	0	0	0	0	0	0	0	0	0	0	0	0	0	0	0	0	0	0	0	0	0	0	0	0	
412352	Temporal_Sup_L	4676	0	4308	882	1258	0	1084	146	570	0	5832	0	2552	0	3228	0	19308	0	4442	802	234	0	112	342	0	0	96	0	20748	0	328	442	0	412	302	228	12852	224	1202	166	596	0	234	0	0	0	598	0	310	0	1958	0	2046	0	13550	184	5742	0	222	0	1910	0	7358	0	2646	0	262	0	0	0	1736	566	1886	100	100	0	1170	0	7288	0	0	0	7972	0	30264	0	226	0	25780	0	1120	0	492	0	0	0	634	0	1534	0	252	0	396	0	268	0	0	0	0	0	0	0	0	0	0	0	
184356	Temporal_Sup_R	0	204	0	0	0	0	0	0	0	0	0	0	0	0	0	0	0	5402	0	0	0	0	0	0	0	0	0	0	0	10044	0	0	0	182	0	592	0	3510	0	856	0	1392	0	198	0	126	0	0	0	480	0	1316	0	524	0	7130	0	1298	0	0	0	192	0	8448	0	3708	292	1268	0	444	0	0	0	1542	0	0	0	0	0	5460	0	0	0	3450	0	22328	0	0	0	11396	0	214	0	0	0	0	0	182	0	0	0	0	0	0	0	0	0	0	0	0	0	0	0	0	0	0	
195096	Temporal_Pole_Sup_L	0	0	2238	404	3570	0	610	0	1940	0	2876	0	2700	0	9646	0	2598	0	998	376	2258	1210	0	0	230	0	694	144	16484	0	344	168	0	0	0	0	3322	0	1050	0	3348	0	0	0	0	0	0	0	0	0	0	0	0	0	4834	0	0	0	0	0	0	0	0	0	0	0	0	0	0	0	1786	886	3274	138	0	0	138	0	0	0	7972	0	0	0	8726	0	6060	0	6526	0	0	0	0	0	0	0	0	0	0	0	0	0	0	0	0	0	0	0	0	0	0	0	0	0	0	0	
81468	Temporal_Pole_Sup_R	0	0	0	232	0	0	0	0	0	0	0	0	0	0	0	400	0	0	0	118	0	784	0	0	0	0	0	94	0	3836	0	0	0	0	0	0	0	2972	0	2820	0	3534	0	0	0	0	0	0	0	0	0	0	0	0	0	8488	0	0	0	0	0	0	0	0	0	0	0	0	0	0	0	0	0	2492	0	0	0	0	0	0	0	3450	0	0	0	3388	0	3374	0	3896	0	0	0	0	0	232	0	624	0	0	0	0	0	0	0	0	0	0	0	0	0	0	0	0	0	0	
331540	Temporal_Mid_L	618	0	948	116	538	0	338	0	442	0	166	0	686	0	1808	0	1704	0	318	116	0	0	0	0	0	0	96	0	5326	0	0	0	0	0	1194	572	4346	0	0	0	142	0	1968	0	736	0	698	0	590	0	18248	0	5900	132	7578	350	2776	0	180	0	7082	0	8458	0	10730	0	898	128	0	0	330	94	294	0	0	0	316	0	2316	0	30264	0	8726	0	0	0	5592	0	30530	376	398	0	0	0	0	0	290	0	188	0	0	0	0	0	0	0	0	0	0	0	130	0	0	0	0	0	
348896	Temporal_Mid_R	0	316	0	0	0	0	0	0	0	0	0	0	0	0	0	0	0	1326	0	104	0	0	0	0	0	0	0	0	0	4974	0	0	0	1472	274	2718	0	1926	0	756	0	1388	136	7952	0	2926	96	1886	0	4846	0	23246	0	10104	0	5342	120	1108	0	412	0	2110	0	9470	0	8130	2188	9476	112	1860	0	0	0	1430	0	0	0	0	0	2314	0	22328	0	3388	0	0	0	754	0	36674	0	0	0	0	0	0	0	302	0	150	0	0	0	0	0	0	0	0	0	0	334	0	0	0	0	0	
51072	Temporal_Pole_Mid_L	0	0	0	0	98	0	0	0	0	0	0	0	0	0	326	0	0	0	0	0	164	0	0	0	0	0	0	0	364	0	0	0	0	0	0	0	608	0	614	0	772	0	0	0	0	0	0	0	0	0	0	0	0	0	3746	0	0	0	0	0	0	0	0	0	0	0	0	0	0	0	0	0	0	0	0	0	0	0	0	0	226	0	6060	0	5592	0	0	0	6966	0	0	0	0	0	0	0	0	0	0	0	0	0	0	0	0	0	0	0	0	0	0	0	0	0	0	0	
22760	Temporal_Pole_Mid_R	0	0	0	0	0	0	0	0	0	0	0	0	0	0	0	0	0	0	0	0	0	0	0	0	0	0	0	0	0	0	0	0	0	0	0	0	0	0	0	1316	0	154	0	0	0	0	0	0	0	0	0	0	0	0	0	3470	0	0	0	0	0	0	0	0	0	0	0	0	0	0	0	0	0	0	0	0	0	0	0	0	0	0	0	3374	0	754	0	0	0	2312	0	0	0	0	0	0	0	0	0	0	0	0	0	0	0	0	0	0	0	0	0	0	0	0	0	0	
460380	Temporal_Inf_L	1960	0	586	490	336	0	432	0	0	0	1608	0	352	0	472	0	4082	0	1788	416	0	0	0	0	0	0	0	0	12984	0	0	100	0	106	1906	1300	28362	1610	6084	1424	1472	0	270	0	0	0	966	0	128	0	2340	0	5198	0	38000	1416	1608	0	0	0	3820	0	5550	0	1750	0	314	134	168	0	2452	200	3216	0	252	0	4122	540	5254	0	25780	0	6526	0	30530	0	6966	0	0	0	5950	0	1928	0	270	0	1858	0	3664	0	370	0	490	0	290	0	0	0	0	0	0	0	0	0	0	0	
442264	Temporal_Inf_R	120	2580	0	220	0	0	0	314	0	0	0	368	0	0	0	0	0	1858	0	626	0	0	0	0	0	0	0	0	0	8732	0	0	428	1068	7524	10310	0	9624	0	1124	0	0	438	6866	198	1602	1156	2428	0	2206	852	7100	1214	14946	3604	34818	1882	4206	0	316	204	1390	0	8646	0	2892	2658	9544	1368	2946	0	0	0	228	0	0	0	0	0	1508	0	11396	0	3896	376	36674	0	2312	0	0	260	3346	0	444	0	0	0	298	352	1250	0	0	0	0	0	0	0	0	0	0	416	0	0	0	0	0	
547020	Cerebelum_Crus1_L	300	0	0	0	0	0	0	0	0	0	0	0	0	0	0	0	254	0	0	0	0	0	0	0	0	0	0	0	892	0	0	0	0	0	656	868	1414	256	1480	0	0	0	2696	628	732	124	14478	4592	0	98	494	0	1504	504	28470	1796	492	0	0	0	138	0	266	0	0	0	3318	968	0	0	0	0	226	0	0	0	116	0	374	0	1120	0	0	0	398	0	0	0	5950	260	0	10402	34260	5950	1074	0	23456	3646	62100	11836	9394	0	8254	0	718	0	442	0	0	0	7818	14280	4018	0	0	0	
471536	Cerebelum_Crus1_R	0	0	0	0	0	0	0	0	0	0	0	0	0	0	0	0	0	0	0	0	0	0	0	0	0	0	0	0	0	214	0	0	0	0	338	450	0	2040	106	1414	0	0	148	2024	0	0	1140	12450	0	0	0	0	0	986	1990	19240	0	0	0	0	0	0	0	0	0	0	232	4422	0	0	0	0	0	0	0	0	0	166	0	0	0	214	0	0	0	0	0	0	0	3346	10402	0	3756	27076	170	4354	3764	18822	13130	52640	994	2922	1080	10590	250	708	0	218	0	2870	9424	15412	4296	968	822	180	
371132	Cerebelum_Crus2_L	0	0	0	0	0	0	0	0	0	0	0	0	0	0	0	0	0	0	0	0	0	0	0	0	0	0	0	0	252	0	0	0	0	0	0	0	380	0	520	0	0	0	0	0	0	0	1850	658	0	0	0	0	0	0	3688	144	0	0	0	0	0	0	0	0	0	0	0	0	0	0	0	0	0	0	0	0	0	0	0	0	492	0	0	0	0	0	0	0	1928	0	34260	3756	0	10834	1018	0	11828	1536	17080	3046	33456	3894	29538	1774	5798	0	748	0	0	0	2920	3794	6714	3552	108	0	
339100	Cerebelum_Crus2_R	0	0	0	0	0	0	0	0	0	0	0	0	0	0	0	0	0	0	0	0	0	0	0	0	0	0	0	0	0	0	0	0	0	0	0	0	0	0	98	0	0	0	0	0	0	0	448	1792	0	0	0	0	0	0	412	816	0	0	0	0	0	0	0	0	0	0	0	354	0	0	0	0	0	0	0	0	0	0	0	0	0	0	0	0	0	0	0	0	0	444	5950	27076	10834	0	148	3368	2654	5980	4794	11460	6492	18140	5504	26004	468	1798	0	234	780	3016	5338	5732	9726	6698	1952	1040	
63116	Cerebelum_3_L	0	0	0	0	0	0	0	0	0	0	0	0	0	0	0	0	0	0	0	0	0	0	0	0	0	0	0	0	0	0	0	0	0	0	0	0	594	0	2208	0	0	0	0	0	0	0	762	0	0	0	0	0	0	0	372	0	0	0	0	0	0	0	0	0	0	0	0	0	0	0	0	0	0	0	0	0	0	0	0	0	0	0	0	0	0	0	0	0	270	0	1074	170	1018	148	0	222	7872	158	1410	178	1012	0	3376	208	2678	778	118	0	1202	1700	1414	112	108	1118	870	408	
123204	Cerebelum_3_R	0	0	0	120	0	0	0	0	0	0	0	0	0	0	0	0	0	0	0	0	0	98	0	0	0	0	0	0	0	434	0	0	0	0	0	204	0	1842	0	3068	0	842	0	0	0	0	0	4934	0	0	0	0	0	0	0	2428	0	0	0	0	0	0	0	0	0	0	0	714	0	0	0	0	0	786	0	0	0	0	0	0	0	0	0	232	0	0	0	0	0	0	0	4354	0	3368	222	0	324	10424	0	6148	0	1148	344	4028	200	2342	0	0	1650	5028	1228	132	0	2092	2488	380	
387424	Cerebelum_4_5_L	168	0	0	96	0	0	0	0	0	0	0	0	0	0	0	0	0	0	0	0	0	0	0	0	0	0	0	0	440	0	0	0	140	0	1328	124	2806	0	4774	0	362	0	6208	96	2072	0	14308	1934	126	0	870	0	622	0	11558	492	102	0	0	0	0	0	0	0	0	0	7098	288	150	0	0	0	318	0	0	0	168	0	0	0	634	0	0	0	290	0	0	0	1858	0	23456	3764	11828	2654	7872	324	0	5104	31446	5816	5714	176	9212	624	4516	696	216	0	568	1144	10434	4922	844	1562	942	448	
374872	Cerebelum_4_5_R	0	0	0	328	0	0	0	100	0	0	0	126	0	0	0	0	0	0	0	216	0	282	0	0	0	0	0	0	0	1470	0	0	0	0	0	1510	0	6908	94	8270	0	1902	0	3412	0	0	316	18252	0	0	0	0	0	1578	140	14870	0	0	0	0	0	0	0	0	0	0	0	9178	0	0	0	0	0	2266	0	0	0	116	0	0	0	182	0	624	0	302	0	0	0	298	3646	18822	1536	5980	158	10424	5104	0	5004	30464	430	528	456	3034	0	1714	0	0	140	5512	15608	3534	638	654	1186	124	
571404	Cerebelum_6_L	972	0	0	160	0	0	0	0	0	0	0	0	0	0	0	0	156	0	94	0	0	0	0	0	0	0	0	0	1228	98	0	0	0	0	1134	1428	2210	770	1800	112	0	0	3210	750	800	126	18328	6444	0	100	528	0	856	796	31812	3178	968	0	0	0	0	0	110	0	0	0	4332	1264	230	0	0	0	492	0	0	0	156	0	174	0	1534	0	0	0	188	0	0	0	3664	352	62100	13130	17080	4794	1410	0	31446	5004	0	16996	4096	0	4760	0	1674	0	206	0	0	0	9866	20200	2130	160	96	0	
503304	Cerebelum_6_R	0	0	0	0	0	0	0	0	0	0	0	0	0	0	0	0	0	0	0	0	0	0	0	0	0	0	0	0	0	100	0	0	0	0	306	1852	0	2802	110	2346	0	0	144	3186	0	124	1440	18638	0	94	0	112	0	2696	2192	23274	0	0	0	0	0	0	0	0	0	0	326	7646	0	0	0	0	0	132	0	0	0	188	0	0	0	0	0	0	0	150	0	0	0	1250	11836	52640	3046	11460	178	6148	5816	30464	16996	0	474	298	528	2836	0	348	0	108	0	3502	14650	18924	1698	268	326	0	
249588	Cerebelum_7b_L	0	0	0	0	0	0	0	0	0	0	0	0	0	0	0	0	0	0	0	0	0	0	0	0	0	0	0	0	164	0	0	0	0	0	0	0	240	0	278	0	0	0	0	0	0	0	286	0	0	0	0	0	0	0	682	0	0	0	0	0	0	0	0	0	0	0	0	0	0	0	0	0	0	0	0	0	0	0	0	0	252	0	0	0	0	0	0	0	370	0	9394	994	33456	6492	1012	0	5714	430	4096	474	0	4228	33256	2846	7636	96	1244	0	0	108	906	692	4290	5016	142	0	
144956	Cerebelum_7b_R	0	0	0	0	0	0	0	0	0	0	0	0	0	0	0	0	0	0	0	0	0	0	0	0	0	0	0	0	0	0	0	0	0	0	0	0	0	0	0	0	0	0	0	0	0	0	0	430	0	0	0	0	0	0	0	0	0	0	0	0	0	0	0	0	0	0	0	0	0	0	0	0	0	0	0	0	0	0	0	0	0	0	0	0	0	0	0	0	0	0	0	2922	3894	18140	0	1148	176	528	0	298	4228	0	3958	19944	354	3944	0	0	460	836	652	164	2180	5786	1754	682	
301752	Cerebelum_8_L	0	0	0	0	0	0	0	0	0	0	0	0	0	0	0	0	0	0	0	0	0	0	0	0	0	0	0	0	216	0	0	0	0	0	0	0	334	0	554	0	0	0	0	0	0	0	360	122	0	0	0	0	0	0	1198	0	0	0	0	0	0	0	0	0	0	0	0	0	0	0	0	0	0	0	0	0	0	0	0	0	396	0	0	0	0	0	0	0	490	0	8254	1080	29538	5504	3376	344	9212	456	4760	528	33256	3958	0	4958	19000	2038	2734	0	240	442	1116	754	2780	8970	3192	716	
237704	Cerebelum_8_R	0	0	0	0	0	0	0	0	0	0	0	0	0	0	0	0	0	0	0	0	0	0	0	0	0	0	0	0	0	0	0	0	0	0	0	0	0	0	0	0	0	0	0	0	0	0	0	1232	0	0	0	0	0	0	0	218	0	0	0	0	0	0	0	0	0	0	0	0	0	0	0	0	0	0	0	0	0	0	0	0	0	0	0	0	0	0	0	0	0	0	0	10590	1774	26004	208	4028	624	3034	0	2836	2846	19944	4958	0	1434	15016	0	828	1288	3164	2024	448	1370	8902	4790	1292	
119036	Cerebelum_9_L	0	0	0	0	0	0	0	0	0	0	0	0	0	0	0	0	0	0	0	0	0	0	0	0	0	0	0	0	148	0	0	0	0	0	0	0	188	0	194	0	0	0	0	0	0	0	0	0	0	0	0	0	0	0	538	0	0	0	0	0	0	0	0	0	0	0	0	0	0	0	0	0	0	0	0	0	0	0	0	0	268	0	0	0	0	0	0	0	290	0	718	250	5798	468	2678	200	4516	0	1674	0	7636	354	19000	1434	0	2332	2544	0	318	510	542	170	168	3028	2854	700	
