data	data	559272	425272	991380	849144	147048	145492	447444	333212	85936	31340	166764	171540	279724	87672	208284	93552	196128	138512	634452	656572	106084	100844	403432	339212	37700	133104	77300	91548	508216	429152	285992	431920	156004	415944	150128	183368	206240	381748	45644	257160	30016	56108	179484	267884	143540	296448	159116	200268	126404	287592	392440	190356	87256	76476	233184	418224	390596	288212	151608	166656	167440	111960	102588	115588	107772	96336	216504	332908	339728	222432	310960	390352	323372	453492	57296	48824	124760	232772	85244	37592	181568	151760	81464	62932	257956	210672	27708	28968	205552	206360	328488	345932	230532	223792	18556	56340	169640	164164	277276	315812	164072	129884	181848	241268	74592	78988	15432	10528	20896	38004	173328	112864	180552	58020	37704	18104	
data	data	Precentral_L	Precentral_R	Frontal_Sup_L	Frontal_Sup_R	Frontal_Sup_Orb_L	Frontal_Sup_Orb_R	Frontal_Mid_L	Frontal_Mid_R	Frontal_Mid_Orb_L	Frontal_Mid_Orb_R	Frontal_Inf_Oper_L	Frontal_Inf_Oper_R	Frontal_Inf_Tri_L	Frontal_Inf_Tri_R	Frontal_Inf_Orb_L	Frontal_Inf_Orb_R	Rolandic_Oper_L	Rolandic_Oper_R	Supp_Motor_Area_L	Supp_Motor_Area_R	Olfactory_L	Olfactory_R	Frontal_Sup_Medial_L	Frontal_Sup_Medial_R	Frontal_Med_Orb_L	Frontal_Med_Orb_R	Rectus_L	Rectus_R	Insula_L	Insula_R	Cingulum_Ant_L	Cingulum_Ant_R	Cingulum_Mid_L	Cingulum_Mid_R	Cingulum_Post_L	Cingulum_Post_R	Hippocampus_L	Hippocampus_R	ParaHippocampal_L	ParaHippocampal_R	Amygdala_L	Amygdala_R	Calcarine_L	Calcarine_R	Cuneus_L	Cuneus_R	Lingual_L	Lingual_R	Occipital_Sup_L	Occipital_Sup_R	Occipital_Mid_L	Occipital_Mid_R	Occipital_Inf_L	Occipital_Inf_R	Fusiform_L	Fusiform_R	Postcentral_L	Postcentral_R	Parietal_Sup_L	Parietal_Sup_R	Parietal_Inf_L	Parietal_Inf_R	SupraMarginal_L	SupraMarginal_R	Angular_L	Angular_R	Precuneus_L	Precuneus_R	Paracentral_Lobule_L	Paracentral_Lobule_R	Caudate_L	Caudate_R	Putamen_L	Putamen_R	Pallidum_L	Pallidum_R	Thalamus_L	Thalamus_R	Heschl_L	Heschl_R	Temporal_Sup_L	Temporal_Sup_R	Temporal_Pole_Sup_L	Temporal_Pole_Sup_R	Temporal_Mid_L	Temporal_Mid_R	Temporal_Pole_Mid_L	Temporal_Pole_Mid_R	Temporal_Inf_L	Temporal_Inf_R	Cerebelum_Crus1_L	Cerebelum_Crus1_R	Cerebelum_Crus2_L	Cerebelum_Crus2_R	Cerebelum_3_L	Cerebelum_3_R	Cerebelum_4_5_L	Cerebelum_4_5_R	Cerebelum_6_L	Cerebelum_6_R	Cerebelum_7b_L	Cerebelum_7b_R	Cerebelum_8_L	Cerebelum_8_R	Cerebelum_9_L	Cerebelum_9_R	Cerebelum_10_L	Cerebelum_10_R	Vermis_1_2	Vermis_3	Vermis_4_5	Vermis_6	Vermis_7	Vermis_8	Vermis_9	Vermis_10	
559272	Precentral_L	0	16630	23750	5794	0	0	12958	1158	0	0	6978	0	2768	0	0	0	8734	0	23020	12922	0	0	0	0	0	0	0	0	9044	124	0	336	1250	6544	5370	4888	8512	2494	304	650	0	0	418	0	130	0	0	0	124	0	3050	0	1022	0	270	96	37270	114	1910	0	4196	0	1320	0	298	0	454	0	31308	2758	5562	526	7662	244	4258	0	11666	4074	2762	0	2146	0	126	0	1080	0	0	0	564	0	0	0	0	0	0	0	0	0	0	0	0	0	0	0	0	0	0	0	0	0	0	0	0	0	0	0	
425272	Precentral_R	16630	0	6936	24900	0	0	1352	13192	0	0	0	3896	0	238	0	0	0	2480	9582	16048	0	0	0	0	0	0	0	0	172	4442	0	0	262	692	2264	2876	1878	9910	0	2042	0	118	0	288	0	138	0	486	0	1258	0	132	0	346	0	2614	2462	19798	0	1878	0	1750	0	2186	0	0	0	1048	10852	6980	3432	7294	280	5338	712	328	3452	17720	150	114	0	608	0	0	0	454	0	0	0	628	0	0	0	0	0	0	0	0	0	0	0	0	0	0	0	0	0	0	0	0	0	0	0	0	0	0	
991380	Frontal_Sup_L	23750	6936	0	13610	11378	0	63256	4838	4790	0	2306	1230	14240	528	10502	366	3612	2538	89132	24188	240	168	49578	2864	568	392	1092	0	20420	2574	22232	13744	7962	12512	136	106	2614	944	0	582	0	0	0	0	0	0	0	0	0	0	0	0	0	0	894	394	4472	1768	0	300	660	466	524	1022	220	0	0	0	8266	0	12884	6310	26694	3568	6146	506	1568	294	794	226	614	124	490	0	0	0	0	0	558	0	0	0	0	0	0	0	0	0	0	0	0	0	0	0	0	0	0	0	0	0	0	0	0	0	0	0	
849144	Frontal_Sup_R	5794	24900	13610	0	0	7492	2566	41740	0	210	212	8658	230	1750	0	2682	0	5076	13418	62552	0	254	12478	41146	0	4632	0	436	952	15224	4282	31492	2096	21230	814	788	718	7906	0	4170	0	138	0	0	0	0	0	622	0	0	0	0	0	212	0	2414	964	524	0	100	0	108	0	122	0	0	0	0	4042	126	1802	22824	462	25344	246	2776	1104	19748	136	228	0	522	0	406	0	0	0	0	0	94	0	0	0	0	0	0	0	0	0	0	0	0	0	0	0	0	0	0	0	0	0	0	0	0	0	0	
147048	Frontal_Sup_Orb_L	0	0	11378	0	0	0	2176	0	10896	0	0	0	842	0	10746	0	0	0	210	0	1728	184	4788	0	4952	284	7716	0	2750	0	6368	282	0	0	0	0	0	0	0	0	0	0	0	0	0	0	0	0	0	0	0	0	0	0	0	0	0	0	0	0	0	0	0	0	0	0	0	0	0	0	2092	170	5640	0	0	0	0	0	0	0	0	0	322	0	0	0	0	0	0	0	0	0	0	0	0	0	0	0	0	0	0	0	0	0	0	0	0	0	0	0	0	0	0	0	0	0	
145492	Frontal_Sup_Orb_R	0	0	0	7492	0	0	0	1108	0	4816	0	0	0	328	0	5372	0	0	0	298	1812	3070	484	6924	224	10472	924	10136	0	2332	1116	3514	0	0	0	0	0	0	0	0	0	0	0	0	0	0	0	0	0	0	0	0	0	0	0	0	0	0	0	0	0	0	0	0	0	0	0	0	0	0	1474	4676	484	5690	0	0	0	0	0	0	0	0	0	0	0	0	0	0	0	0	0	0	0	0	0	0	0	0	0	0	0	0	0	0	0	0	0	0	0	0	0	0	0	0	0	0	
447444	Frontal_Mid_L	12958	1352	63256	2566	2176	0	0	2902	2132	0	14372	466	29872	0	7856	178	3268	128	3870	932	0	0	20120	240	0	0	0	0	18098	786	6564	1860	2724	594	286	322	1304	300	0	192	0	0	0	0	0	0	0	0	0	0	0	0	0	0	144	0	264	0	0	0	0	0	0	0	0	0	0	0	584	0	7812	2080	5250	1040	226	0	1298	308	536	0	1066	0	1286	0	0	0	0	0	154	0	0	0	0	0	0	0	0	0	0	0	0	0	0	0	0	0	0	0	0	0	0	0	0	0	0	0	
333212	Frontal_Mid_R	1158	13192	4838	41740	0	1108	2902	0	0	870	344	13754	120	11012	0	3202	0	4894	3166	3520	0	0	1118	3774	0	0	0	0	796	11736	536	4770	400	1808	152	166	188	4456	0	2006	0	0	0	0	0	0	0	0	0	0	0	0	0	224	0	1158	0	1040	0	116	0	160	0	182	0	0	0	0	122	0	582	3194	262	14222	0	2058	0	5422	0	138	0	0	0	0	0	0	0	0	0	0	0	0	0	0	0	0	0	0	0	0	0	0	0	0	0	0	0	0	0	0	0	0	0	0	0	0	
85936	Frontal_Mid_Orb_L	0	0	4790	0	10896	0	2132	0	0	0	0	0	2646	0	13908	0	0	0	196	0	252	0	356	0	226	0	638	0	4422	0	358	0	0	0	0	0	0	0	0	0	0	0	0	0	0	0	0	0	0	0	0	0	0	0	0	0	0	0	0	0	0	0	0	0	0	0	0	0	0	0	268	0	1880	0	0	0	0	0	0	0	0	0	0	0	0	0	0	0	0	0	0	0	0	0	0	0	0	0	0	0	0	0	0	0	0	0	0	0	0	0	0	0	0	0	0	0	
31340	Frontal_Mid_Orb_R	0	0	0	210	0	4816	0	870	0	0	0	0	0	980	0	4818	0	0	0	0	0	118	0	0	0	224	0	920	0	174	0	0	0	0	0	0	0	0	0	0	0	0	0	0	0	0	0	0	0	0	0	0	0	0	0	0	0	0	0	0	0	0	0	0	0	0	0	0	0	0	0	1014	0	1526	0	0	0	0	0	0	0	0	0	0	0	0	0	0	0	0	0	0	0	0	0	0	0	0	0	0	0	0	0	0	0	0	0	0	0	0	0	0	0	0	0	0	
166764	Frontal_Inf_Oper_L	6978	0	2306	212	0	0	14372	344	0	0	0	0	14584	0	322	0	9082	0	828	0	0	0	124	0	0	0	0	0	17470	126	174	150	0	0	0	0	0	0	0	0	0	0	0	0	0	0	0	0	0	0	0	0	0	0	0	0	2084	0	0	0	0	0	0	0	0	0	0	0	0	0	5016	122	3096	0	0	0	0	0	274	0	2148	0	3570	0	0	0	0	0	0	0	0	0	0	0	0	0	0	0	0	0	0	0	0	0	0	0	0	0	0	0	0	0	0	0	0	0	
171540	Frontal_Inf_Oper_R	0	3896	1230	8658	0	0	466	13754	0	0	0	0	0	4922	0	294	0	6954	742	7500	0	0	0	134	0	0	0	0	112	22200	0	176	0	132	0	0	0	334	0	98	0	0	0	0	0	0	0	0	0	0	0	0	0	0	0	0	0	1288	0	0	0	0	0	0	0	0	0	0	0	0	336	2964	0	7782	0	360	0	232	0	190	0	568	0	448	0	0	0	0	0	0	0	0	0	0	0	0	0	0	0	0	0	0	0	0	0	0	0	0	0	0	0	0	0	0	0	0	
279724	Frontal_Inf_Tri_L	2768	0	14240	230	842	0	29872	120	2646	0	14584	0	0	0	19490	0	994	0	4542	0	0	0	5104	100	0	0	0	0	27758	808	296	252	170	0	0	0	0	0	0	0	0	0	0	0	0	0	0	0	0	0	0	0	0	0	0	0	0	0	0	0	0	0	0	0	0	0	0	0	0	0	8564	858	4780	318	0	0	0	0	0	0	364	0	162	0	0	0	0	0	0	0	0	0	0	0	0	0	0	0	0	0	0	0	0	0	0	0	0	0	0	0	0	0	0	0	0	0	
87672	Frontal_Inf_Tri_R	0	238	528	1750	0	328	0	11012	0	980	0	4922	0	0	0	3750	0	226	190	602	0	0	0	268	0	0	0	0	0	11824	136	376	0	0	0	0	0	98	0	0	0	0	0	0	0	0	0	0	0	0	0	0	0	0	0	0	0	0	0	0	0	0	0	0	0	0	0	0	0	0	294	3160	0	1994	0	0	0	1160	0	0	0	0	0	0	0	0	0	0	0	0	0	0	0	0	0	0	0	0	0	0	0	0	0	0	0	0	0	0	0	0	0	0	0	0	0	0	
208284	Frontal_Inf_Orb_L	0	0	10502	0	10746	0	7856	0	13908	0	322	0	19490	0	0	0	178	0	2208	0	2358	0	1784	0	0	0	1098	0	18808	0	154	0	0	0	0	0	336	0	146	0	324	0	0	0	0	0	0	0	0	0	0	0	0	0	172	0	0	0	0	0	0	0	0	0	0	0	0	0	0	0	3564	0	9188	0	0	0	0	0	0	0	0	0	1000	0	0	0	0	0	0	0	0	0	0	0	0	0	0	0	0	0	0	0	0	0	0	0	0	0	0	0	0	0	0	0	0	0	
93552	Frontal_Inf_Orb_R	0	0	366	2682	0	5372	178	3202	0	4818	0	294	0	3750	0	0	0	108	242	828	0	1564	108	392	0	530	0	1270	0	9578	0	498	320	590	0	0	0	120	0	208	0	0	0	0	0	0	0	0	0	0	0	0	0	0	0	0	0	0	0	0	0	0	0	0	0	0	0	0	0	0	0	3406	0	5108	0	0	0	0	0	0	0	514	0	730	0	0	0	0	0	0	0	0	0	0	0	0	0	0	0	0	0	0	0	0	0	0	0	0	0	0	0	0	0	0	0	0	
196128	Rolandic_Oper_L	8734	0	3612	0	0	0	3268	0	0	0	9082	0	994	0	178	0	0	0	2844	0	0	0	0	0	0	0	0	0	20826	0	0	0	0	0	0	0	424	0	0	0	0	0	232	0	0	0	0	0	100	0	1868	0	312	0	306	0	12640	0	1100	0	216	0	2568	0	0	0	294	0	1922	0	526	0	1042	0	0	0	0	0	5408	0	14004	0	2954	0	1578	0	0	0	1032	0	0	0	0	0	0	0	0	0	0	0	0	0	0	0	0	0	0	0	0	0	0	0	0	0	0	0	
138512	Rolandic_Oper_R	0	2480	2538	5076	0	0	128	4894	0	0	0	6954	0	226	0	108	0	0	1966	3520	0	0	0	0	0	0	0	0	0	17184	0	0	0	0	0	0	0	590	0	0	0	0	0	0	0	0	0	0	0	0	0	0	0	0	0	166	0	3456	0	808	0	854	0	5002	0	0	0	0	0	0	0	174	0	4904	0	0	0	122	0	3358	0	3890	0	580	0	128	0	0	0	150	0	0	0	0	0	0	0	0	0	0	0	0	0	0	0	0	0	0	0	0	0	0	0	0	0	0	
634452	Supp_Motor_Area_L	23020	9582	89132	13418	210	0	3870	3166	196	0	828	742	4542	190	2208	242	2844	1966	0	31100	0	0	9616	4246	0	0	0	0	9950	1364	5978	7622	8064	16456	322	0	2024	576	0	386	228	0	0	0	0	0	0	0	0	0	0	0	0	0	882	278	4178	1734	0	302	660	466	524	1016	220	0	0	0	15584	0	5386	3442	14550	2084	5766	348	3770	140	448	202	318	112	264	0	0	0	0	0	464	0	0	0	0	0	0	0	0	0	0	0	0	0	0	0	0	0	0	0	0	0	0	0	0	0	0	0	
656572	Supp_Motor_Area_R	12922	16048	24188	62552	0	298	932	3520	0	0	0	7500	0	602	0	828	0	3520	31100	0	0	0	3088	9438	0	250	0	0	422	11014	292	8016	3316	32778	496	4420	98	3742	0	2500	0	128	0	610	0	994	0	932	0	1038	0	422	0	0	0	1814	700	1662	0	104	0	0	0	0	0	0	0	2544	10240	13808	1112	17598	220	14908	144	1542	208	11738	0	208	0	590	0	400	0	158	0	0	0	296	0	0	0	0	0	0	0	0	0	0	0	0	0	0	0	0	0	0	0	0	288	0	0	0	0	0	
106084	Olfactory_L	0	0	240	0	1728	1812	0	0	252	0	0	0	0	0	2358	0	0	0	0	0	0	7390	0	0	512	480	4426	3356	3242	0	5068	3472	0	0	0	0	450	0	812	0	998	0	0	0	0	0	0	0	0	0	0	0	0	0	404	0	0	0	0	0	0	0	0	0	0	0	0	0	0	0	7884	3654	2874	672	0	0	0	0	0	0	0	0	958	0	0	0	0	0	0	0	0	0	0	0	0	0	0	0	0	0	0	0	0	0	0	0	0	0	0	0	0	0	0	0	0	0	
100844	Olfactory_R	0	0	168	254	184	3070	0	0	0	118	0	0	0	0	0	1564	0	0	0	0	7390	0	0	218	202	1344	2952	5542	0	2268	3884	3258	0	0	0	0	0	0	0	260	0	630	0	0	0	0	0	0	0	0	0	0	0	0	0	0	0	0	0	0	0	0	0	0	0	0	0	0	0	0	7250	5882	2844	1050	0	0	0	90	0	0	0	0	0	0	0	0	0	0	0	0	0	0	0	0	0	0	0	0	0	0	0	0	0	0	0	0	0	0	0	0	0	0	0	0	0	0	
403432	Frontal_Sup_Medial_L	0	0	49578	12478	4788	484	20120	1118	356	0	124	0	5104	0	1784	108	0	0	9616	3088	0	0	0	21040	1762	2272	798	0	4244	212	22420	14596	7724	12256	0	0	0	0	0	0	0	0	0	0	0	0	0	0	0	0	0	0	0	0	0	0	0	0	0	0	0	0	0	0	0	0	0	0	0	0	2090	398	2980	178	0	0	0	0	0	0	0	0	0	0	0	0	0	0	0	0	0	0	0	0	0	0	0	0	0	0	0	0	0	0	0	0	0	0	0	0	0	0	0	0	0	0	
339212	Frontal_Sup_Medial_R	0	0	2864	41146	0	6924	240	3774	0	0	0	134	100	268	0	392	0	0	4246	9438	0	218	21040	0	226	9836	0	810	148	2664	5102	25290	664	16752	0	0	0	990	0	908	0	0	0	0	0	0	0	0	0	0	0	0	0	0	0	638	0	0	0	0	0	0	0	0	0	0	0	0	0	0	258	6468	100	7870	0	98	0	0	0	0	0	0	0	0	0	0	0	0	0	0	0	0	0	0	0	0	0	0	0	0	0	0	0	0	0	0	0	0	0	0	0	0	0	0	0	0	
37700	Frontal_Med_Orb_L	0	0	568	0	4952	224	0	0	226	0	0	0	0	0	0	0	0	0	0	0	512	202	1762	226	0	1370	2824	272	0	0	4706	512	0	0	0	0	0	0	0	0	0	0	0	0	0	0	0	0	0	0	0	0	0	0	0	0	0	0	0	0	0	0	0	0	0	0	0	0	0	0	260	130	104	0	0	0	0	0	0	0	0	0	0	0	0	0	0	0	0	0	0	0	0	0	0	0	0	0	0	0	0	0	0	0	0	0	0	0	0	0	0	0	0	0	0	0	
133104	Frontal_Med_Orb_R	0	0	392	4632	284	10472	0	0	0	224	0	0	0	0	0	530	0	0	0	250	480	1344	2272	9836	1370	0	612	8590	0	634	2396	7802	0	0	0	0	0	0	0	0	0	0	0	0	0	0	0	0	0	0	0	0	0	0	0	0	0	0	0	0	0	0	0	0	0	0	0	0	0	0	270	8204	214	5744	0	0	0	0	0	0	0	0	0	0	0	0	0	0	0	0	0	0	0	0	0	0	0	0	0	0	0	0	0	0	0	0	0	0	0	0	0	0	0	0	0	0	
77300	Rectus_L	0	0	1092	0	7716	924	0	0	638	0	0	0	0	0	1098	0	0	0	0	0	4426	2952	798	0	2824	612	0	1686	668	0	5104	1686	0	0	0	0	0	0	0	0	0	0	0	0	0	0	0	0	0	0	0	0	0	0	0	0	0	0	0	0	0	0	0	0	0	0	0	0	0	0	2824	1346	1880	376	0	0	0	0	0	0	0	0	0	0	0	0	0	0	0	0	0	0	0	0	0	0	0	0	0	0	0	0	0	0	0	0	0	0	0	0	0	0	0	0	0	0	
91548	Rectus_R	0	0	0	436	0	10136	0	0	0	920	0	0	0	0	0	1270	0	0	0	0	3356	5542	0	810	272	8590	1686	0	0	588	1302	1892	0	0	0	0	0	0	0	0	0	0	0	0	0	0	0	0	0	0	0	0	0	0	0	0	0	0	0	0	0	0	0	0	0	0	0	0	0	0	2810	3398	1136	1630	0	0	0	0	0	0	0	0	0	0	0	0	0	0	0	0	0	0	0	0	0	0	0	0	0	0	0	0	0	0	0	0	0	0	0	0	0	0	0	0	0	0	
508216	Insula_L	9044	172	20420	952	2750	0	18098	796	4422	0	17470	112	27758	0	18808	0	20826	0	9950	422	3242	0	4244	148	0	0	668	0	0	922	988	756	140	300	510	500	9138	468	564	286	1724	0	228	0	0	0	0	0	0	0	1398	0	216	0	2968	0	6396	0	880	0	0	0	306	0	0	0	304	0	1206	0	9588	1052	20530	500	0	0	1156	346	6954	0	11824	0	6196	0	1598	0	0	0	3864	0	0	0	0	0	0	0	0	0	0	0	0	0	0	0	0	0	0	0	0	0	0	0	0	0	0	0	
429152	Insula_R	124	4442	2574	15224	0	2332	786	11736	0	174	126	22200	808	11824	0	9578	0	17184	1364	11014	0	2268	212	2664	0	634	0	588	922	0	420	3258	170	414	0	0	0	5658	0	1548	0	1240	0	0	0	0	0	0	0	0	0	0	0	0	0	4592	0	3394	0	458	0	452	0	824	0	0	0	0	0	0	2910	12008	134	31304	0	354	0	1576	0	5058	0	12044	0	2510	0	1192	0	128	0	4152	0	0	0	0	0	0	0	0	0	0	0	0	0	0	0	0	0	0	0	0	0	0	0	0	0	0	
285992	Cingulum_Ant_L	0	0	22232	4282	6368	1116	6564	536	358	0	174	0	296	136	154	0	0	0	5978	292	5068	3884	22420	5102	4706	2396	5104	1302	988	420	0	16864	6580	2996	0	0	0	0	0	0	0	0	0	0	0	0	0	0	0	0	0	0	0	0	0	0	0	0	0	0	0	0	0	0	0	0	0	0	0	0	8398	3458	3834	990	0	0	0	0	0	0	0	0	0	0	0	0	0	0	0	0	0	0	0	0	0	0	0	0	0	0	0	0	0	0	0	0	0	0	0	0	0	0	0	0	0	0	
431920	Cingulum_Ant_R	336	0	13744	31492	282	3514	1860	4770	0	0	150	176	252	376	0	498	0	0	7622	8016	3472	3258	14596	25290	512	7802	1686	1892	756	3258	16864	0	6446	23430	0	0	0	352	0	250	0	0	0	0	0	0	0	0	0	0	0	0	0	0	0	160	0	0	0	0	0	0	0	0	0	0	0	0	0	0	4266	17580	1346	9350	0	212	0	94	0	0	0	0	0	0	0	0	0	0	0	0	0	0	0	0	0	0	0	0	0	0	0	0	0	0	0	0	0	0	0	0	0	0	0	0	0	0	
156004	Cingulum_Mid_L	1250	262	7962	2096	0	0	2724	400	0	0	0	0	170	0	0	320	0	0	8064	3316	0	0	7724	664	0	0	0	0	140	170	6580	6446	0	13142	3392	666	0	0	0	0	0	0	0	334	146	844	0	0	0	598	132	260	0	0	0	0	382	188	0	128	0	0	0	0	0	0	2436	1642	4122	1038	0	140	0	124	0	0	0	0	0	0	0	0	0	0	0	0	0	0	0	0	0	0	0	0	0	0	0	0	0	0	0	0	0	0	0	0	0	0	0	0	0	0	0	0	0	0	
415944	Cingulum_Mid_R	6544	692	12512	21230	0	0	594	1808	0	0	0	132	0	0	0	590	0	0	16456	32778	0	0	12256	16752	0	0	0	0	300	414	2996	23430	13142	0	756	3784	0	1426	0	1330	0	0	0	1394	0	2362	0	156	0	1670	0	980	0	0	0	904	0	1974	0	0	0	0	0	0	0	0	226	6214	6352	11332	288	0	160	4038	0	0	0	0	0	0	0	0	0	0	0	0	0	0	0	0	0	0	0	0	0	0	0	0	0	0	0	0	0	0	0	0	0	0	0	0	0	0	0	0	0	0	
150128	Cingulum_Post_L	5370	2264	136	814	0	0	286	152	0	0	0	0	0	0	0	0	0	0	322	496	0	0	0	0	0	0	0	0	510	0	0	0	3392	756	0	12324	7818	6036	1768	2072	0	0	3546	0	462	0	2116	254	128	0	358	0	192	0	164	162	1096	0	156	0	0	0	0	0	0	0	7182	2208	3360	556	0	0	506	202	0	0	2002	4708	872	0	0	0	0	0	0	0	0	0	0	0	0	0	0	0	0	0	118	0	0	0	0	0	0	0	0	0	0	0	0	0	200	0	0	0	0	0	
183368	Cingulum_Post_R	4888	2876	106	788	0	0	322	166	0	0	0	0	0	0	0	0	0	0	0	4420	0	0	0	0	0	0	0	0	500	0	0	0	666	3784	12324	0	6528	8800	718	2912	0	0	118	1450	0	1030	0	1806	0	760	0	334	0	494	0	1266	0	4056	0	0	0	0	0	0	0	0	1184	9832	918	7382	0	0	562	208	0	0	2872	5176	882	0	0	0	0	0	0	0	0	0	0	280	0	0	0	0	0	0	0	0	0	0	0	0	0	0	0	0	0	0	0	0	1276	0	0	0	0	0	
206240	Hippocampus_L	8512	1878	2614	718	0	0	1304	188	0	0	0	0	0	0	336	0	424	0	2024	98	450	0	0	0	0	0	0	0	9138	0	0	0	0	0	7818	6528	0	5072	6344	1502	4610	0	894	0	0	0	1710	110	0	0	0	0	172	0	9568	124	486	0	0	0	0	0	0	0	0	0	2340	738	604	0	588	0	5596	210	332	0	3778	4140	2802	0	794	0	1228	0	96	0	0	0	7048	0	0	0	0	0	0	0	204	0	0	0	0	0	0	0	0	0	0	0	0	0	0	0	0	0	0	0	
381748	Hippocampus_R	2494	9910	944	7906	0	0	300	4456	0	0	0	334	0	98	0	120	0	590	576	3742	0	0	0	990	0	0	0	0	468	5658	0	352	0	1426	6036	8800	5072	0	632	33682	0	8394	0	704	0	0	0	2522	0	134	0	0	0	1842	0	32680	0	1700	0	134	0	0	0	100	0	0	750	3548	0	1050	0	518	398	14090	0	2334	1400	7896	774	362	0	1626	0	856	0	2362	0	0	0	8906	0	0	0	0	0	0	0	458	0	452	0	0	0	0	0	0	0	0	0	0	298	0	0	0	0	0	
45644	ParaHippocampal_L	304	0	0	0	0	0	0	0	0	0	0	0	0	0	146	0	0	0	0	0	812	0	0	0	0	0	0	0	564	0	0	0	0	0	1768	718	6344	632	0	232	1640	0	786	0	0	0	2222	0	0	0	0	0	0	0	1962	0	0	0	0	0	0	0	0	0	0	0	1642	142	0	0	0	0	268	0	0	0	410	248	0	0	0	0	868	0	0	0	590	0	170	0	0	0	0	0	0	0	354	0	0	0	0	0	0	0	0	0	0	0	0	0	0	0	0	0	0	0	
257160	ParaHippocampal_R	650	2042	582	4170	0	0	192	2006	0	0	0	98	0	0	0	208	0	0	386	2500	0	260	0	908	0	0	0	0	286	1548	0	250	0	1330	2072	2912	1502	33682	232	0	0	8454	0	438	0	0	0	3570	0	0	0	0	0	1578	0	26230	0	478	0	0	0	0	0	0	0	0	288	1684	0	148	0	198	162	9396	0	2284	474	3044	442	190	0	1160	0	3062	0	648	0	1752	0	2620	0	140	0	0	0	0	0	1282	0	844	0	0	0	0	0	0	0	0	0	0	198	0	0	0	0	0	
30016	Amygdala_L	0	0	0	0	0	0	0	0	0	0	0	0	0	0	324	0	0	0	228	0	998	0	0	0	0	0	0	0	1724	0	0	0	0	0	0	0	4610	0	1640	0	0	0	0	0	0	0	0	0	0	0	0	0	0	0	2288	0	0	0	0	0	0	0	0	0	0	0	0	0	220	0	254	0	206	0	0	0	416	0	0	0	0	0	892	0	0	0	0	0	1208	0	0	0	0	0	0	0	0	0	0	0	0	0	0	0	0	0	0	0	0	0	0	0	0	0	0	0	
56108	Amygdala_R	0	118	0	138	0	0	0	0	0	0	0	0	0	0	0	0	0	0	0	128	0	630	0	0	0	0	0	0	0	1240	0	0	0	0	0	0	0	8394	0	8454	0	0	0	0	0	0	0	0	0	0	0	0	0	0	0	5678	0	0	0	0	0	0	0	0	0	0	0	0	0	0	0	120	0	818	0	0	0	140	0	0	0	0	0	1996	0	0	0	200	0	0	0	0	0	0	0	0	0	0	0	0	0	0	0	0	0	0	0	0	0	0	0	0	0	0	0	0	
179484	Calcarine_L	418	0	0	0	0	0	0	0	0	0	0	0	0	0	0	0	232	0	0	0	0	0	0	0	0	0	0	0	228	0	0	0	0	0	3546	118	894	0	786	0	0	0	0	4932	9326	4788	11262	1006	5000	1818	21932	404	3364	0	970	0	2294	0	1446	0	120	0	0	0	140	0	10644	146	1434	0	0	0	0	0	0	0	0	0	556	0	212	0	0	0	1438	0	0	0	168	0	0	0	0	0	0	0	120	0	0	0	0	0	0	0	0	0	0	0	0	0	0	0	0	0	0	0	
267884	Calcarine_R	0	288	0	0	0	0	0	0	0	0	0	0	0	0	0	0	0	0	0	610	0	0	0	0	0	0	0	0	0	0	0	0	334	1394	0	1450	0	704	0	438	0	0	4932	0	5412	27196	586	12132	0	21736	0	11392	0	4670	0	6158	0	4602	0	902	0	0	0	0	0	0	578	20212	0	5102	0	0	0	0	0	0	0	0	0	0	0	0	0	0	0	1194	0	0	0	1704	0	0	0	0	0	0	0	0	0	0	0	0	0	0	0	0	0	0	0	0	216	0	0	0	0	0	
143540	Cuneus_L	130	0	0	0	0	0	0	0	0	0	0	0	0	0	0	0	0	0	0	0	0	0	0	0	0	0	0	0	0	0	0	0	146	0	462	0	0	0	0	0	0	0	9326	5412	0	9426	226	0	12362	3990	9746	364	316	0	0	0	1870	0	652	96	0	0	0	0	0	0	12258	2108	2048	170	0	0	0	0	0	0	0	0	104	0	0	0	0	0	462	0	0	0	96	0	0	0	0	0	0	0	0	0	0	0	0	0	0	0	0	0	0	0	0	0	0	0	0	0	0	0	
296448	Cuneus_R	0	138	0	0	0	0	0	0	0	0	0	0	0	0	0	0	0	0	0	994	0	0	0	0	0	0	0	0	0	0	0	0	844	2362	0	1030	0	0	0	0	0	0	4788	27196	9426	0	180	4596	188	36930	0	12664	0	808	0	1722	0	3956	0	3974	0	278	0	0	0	210	3240	25488	0	6280	0	0	0	0	0	0	0	0	0	0	0	0	0	0	0	522	0	0	0	410	0	0	0	0	0	0	0	0	0	0	0	0	0	0	0	0	0	0	0	0	0	0	0	0	0	0	
159116	Lingual_L	0	0	0	0	0	0	0	0	0	0	0	0	0	0	0	0	0	0	0	0	0	0	0	0	0	0	0	0	0	0	0	0	0	0	2116	0	1710	0	2222	0	0	0	11262	586	226	180	0	672	1312	144	9952	0	5870	0	10288	0	316	0	0	0	0	0	0	0	0	0	3516	0	258	0	0	0	0	0	0	0	0	0	0	0	0	0	0	0	0	0	0	0	0	0	7148	466	1062	174	0	0	6220	0	11340	296	0	0	0	0	0	0	0	0	0	0	1378	454	390	0	0	0	
200268	Lingual_R	0	486	0	622	0	0	0	0	0	0	0	0	0	0	0	0	0	0	0	932	0	0	0	0	0	0	0	0	0	0	0	0	0	156	254	1806	110	2522	0	3570	0	0	1006	12132	0	4596	672	0	0	5220	0	4136	0	4676	148	13498	0	534	0	0	0	0	0	0	0	0	0	4258	0	904	0	118	0	0	0	0	0	544	0	0	0	0	0	0	0	394	0	0	0	1140	836	4088	118	0	140	152	1652	3126	1972	7148	0	0	0	100	648	570	0	0	0	98	6500	5656	1388	146	434	928	
126404	Occipital_Sup_L	124	0	0	0	0	0	0	0	0	0	0	0	0	0	0	0	100	0	0	0	0	0	0	0	0	0	0	0	0	0	0	0	0	0	128	0	0	0	0	0	0	0	5000	0	12362	188	1312	0	0	0	23178	0	348	0	0	0	1216	0	5286	0	484	0	178	0	936	0	8734	370	974	0	0	0	0	0	0	0	0	0	210	0	0	0	0	0	1978	0	0	0	96	0	0	0	0	0	0	0	0	0	0	0	0	0	0	0	0	0	0	0	0	0	0	0	0	0	0	0	
287592	Occipital_Sup_R	0	1258	0	0	0	0	0	0	0	0	0	0	0	0	0	0	0	0	0	1038	0	0	0	0	0	0	0	0	0	0	0	0	598	1670	0	760	0	134	0	0	0	0	1818	21736	3990	36930	144	5220	0	0	0	19356	0	1400	0	2214	0	3846	0	6364	0	964	0	0	0	2034	812	19484	0	6696	0	0	0	0	0	0	0	0	0	0	0	436	0	0	0	3346	0	0	0	1402	0	0	0	0	0	0	0	0	0	0	0	0	0	0	0	0	0	0	0	0	146	0	0	0	0	0	
392440	Occipital_Mid_L	3050	0	0	0	0	0	0	0	0	0	0	0	0	0	0	0	1868	0	0	0	0	0	0	0	0	0	0	0	1398	0	0	0	132	0	358	0	0	0	0	0	0	0	21932	0	9746	0	9952	0	23178	0	0	0	15442	0	2862	0	16930	0	14168	0	9004	0	634	0	16126	0	13542	172	9370	0	0	0	0	0	0	0	0	0	2464	0	1372	0	0	0	20066	0	0	0	2454	0	0	0	0	0	0	0	0	0	0	0	0	0	0	0	0	0	0	0	0	0	0	0	0	0	0	0	
190356	Occipital_Mid_R	0	132	0	0	0	0	0	0	0	0	0	0	0	0	0	0	0	0	0	422	0	0	0	0	0	0	0	0	0	0	0	0	260	980	0	334	0	0	0	0	0	0	404	11392	364	12664	0	4136	0	19356	0	0	0	3620	0	1722	0	572	0	798	0	554	0	128	0	12446	0	5030	0	1878	0	0	0	0	0	0	0	0	0	0	0	1422	0	0	0	14634	0	0	0	1930	0	0	0	0	0	0	0	0	0	0	0	0	0	0	0	0	0	0	0	0	0	0	0	0	0	0	
87256	Occipital_Inf_L	1022	0	0	0	0	0	0	0	0	0	0	0	0	0	0	0	312	0	0	0	0	0	0	0	0	0	0	0	216	0	0	0	0	0	192	0	172	0	0	0	0	0	3364	0	316	0	5870	0	348	0	15442	0	0	0	6044	0	2080	0	448	0	0	0	0	0	0	0	928	0	904	0	0	0	0	0	0	0	0	0	410	0	274	0	0	0	1592	0	0	0	3694	0	0	0	0	0	0	0	0	0	0	0	0	0	0	0	0	0	0	0	0	0	0	0	0	0	0	0	
76476	Occipital_Inf_R	0	346	0	212	0	0	0	224	0	0	0	0	0	0	0	0	0	0	0	0	0	0	0	0	0	0	0	0	0	0	0	0	0	0	0	494	0	1842	0	1578	0	0	0	4670	0	808	0	4676	0	1400	0	3620	0	0	0	9538	0	352	0	0	0	0	0	0	0	0	0	1516	0	296	0	0	0	132	0	92	0	156	0	0	0	0	0	0	0	894	0	0	0	5268	0	0	0	0	0	0	0	0	0	0	0	0	0	0	0	0	0	0	0	0	124	0	0	0	0	0	
233184	Fusiform_L	270	0	894	0	0	0	144	0	0	0	0	0	0	0	172	0	306	0	882	0	404	0	0	0	0	0	0	0	2968	0	0	0	0	0	164	0	9568	0	1962	0	2288	0	970	0	0	0	10288	148	0	0	2862	0	6044	0	0	0	300	0	140	0	0	0	0	0	0	0	414	0	108	0	188	0	1862	0	0	0	170	0	1080	0	600	0	1462	0	1064	0	1232	0	12226	0	19772	168	2172	0	0	0	7674	0	22568	198	676	0	778	0	0	0	0	0	0	0	882	370	154	0	0	0	
418224	Fusiform_R	96	2614	394	2414	0	0	0	1158	0	0	0	0	0	0	0	0	0	166	278	1814	0	0	0	638	0	0	0	0	0	4592	0	160	0	904	162	1266	124	32680	0	26230	0	5678	0	6158	0	1722	0	13498	0	2214	0	1722	0	9538	0	0	0	1586	0	560	0	132	0	166	0	114	0	2574	0	1106	0	120	0	7230	0	2120	0	812	0	738	0	4168	0	6472	0	6412	0	2572	0	21820	0	9628	0	124	0	346	158	6004	326	12636	0	0	0	196	0	0	0	0	0	110	2858	1524	280	0	0	0	
390596	Postcentral_L	37270	2462	4472	964	0	0	264	0	0	0	2084	0	0	0	0	0	12640	0	4178	700	0	0	0	0	0	0	0	0	6396	0	0	0	382	0	1096	0	486	0	0	0	0	0	2294	0	1870	0	316	0	1216	0	16930	0	2080	0	300	0	0	0	19012	0	18980	0	8116	0	4492	0	6642	0	22008	0	1454	0	0	0	0	0	0	0	3070	0	4914	0	0	0	5570	0	0	0	2640	0	0	0	0	0	0	0	0	0	0	0	0	0	0	0	0	0	0	0	0	0	0	0	0	0	0	0	
288212	Postcentral_R	114	19798	1768	524	0	0	0	1040	0	0	0	1288	0	0	0	0	0	3456	1734	1662	0	0	0	0	0	0	0	0	0	3394	0	0	188	1974	0	4056	0	1700	0	478	0	0	0	4602	0	3956	0	534	0	3846	0	572	0	352	0	1586	0	0	0	16524	0	9246	0	13442	0	1928	106	14384	92	16534	0	0	0	1488	0	244	0	0	0	298	0	2962	0	0	0	3436	0	0	0	4282	0	0	0	0	0	0	0	0	0	0	0	0	0	0	0	0	0	0	0	0	518	0	0	0	0	0	
151608	Parietal_Sup_L	1910	0	0	0	0	0	0	0	0	0	0	0	0	0	0	0	1100	0	0	0	0	0	0	0	0	0	0	0	880	0	0	0	0	0	156	0	0	0	0	0	0	0	1446	0	652	0	0	0	5286	0	14168	0	448	0	140	0	19012	0	0	0	8714	0	728	0	3046	0	10100	0	3594	0	0	0	0	0	0	0	0	0	552	0	850	0	0	0	2270	0	0	0	752	0	0	0	0	0	0	0	0	0	0	0	0	0	0	0	0	0	0	0	0	0	0	0	0	0	0	0	
166656	Parietal_Sup_R	0	1878	300	100	0	0	0	116	0	0	0	0	0	0	0	0	0	808	302	104	0	0	0	0	0	0	0	0	0	458	0	0	128	0	0	0	0	134	0	0	0	0	0	902	96	3974	0	0	0	6364	0	798	0	0	0	560	0	16524	0	0	0	13748	0	9036	0	3938	1008	8886	0	2522	0	0	0	0	0	0	0	0	0	134	0	952	0	0	0	4874	0	0	0	4684	0	0	0	0	0	0	0	0	0	0	0	0	0	0	0	0	0	0	0	0	0	0	0	0	0	0	
167440	Parietal_Inf_L	4196	0	660	0	0	0	0	0	0	0	0	0	0	0	0	0	216	0	660	0	0	0	0	0	0	0	0	0	0	0	0	0	0	0	0	0	0	0	0	0	0	0	120	0	0	0	0	0	484	0	9004	0	0	0	0	0	18980	0	8714	0	0	0	15528	0	10938	0	372	0	2446	0	0	0	0	0	0	0	0	0	218	0	2334	0	0	0	5944	0	0	0	2906	0	0	0	0	0	0	0	0	0	0	0	0	0	0	0	0	0	0	0	0	0	0	0	0	0	0	0	
111960	Parietal_Inf_R	0	1750	466	108	0	0	0	160	0	0	0	0	0	0	0	0	0	854	466	0	0	0	0	0	0	0	0	0	0	452	0	0	0	0	0	0	0	0	0	0	0	0	0	0	0	278	0	0	0	964	0	554	0	0	0	132	0	9246	0	13748	0	0	0	16552	0	8984	0	170	0	0	0	0	0	0	0	0	0	0	0	116	0	154	0	0	0	470	0	0	0	356	0	0	0	0	0	0	0	0	0	0	0	0	0	0	0	0	0	0	0	0	0	0	0	0	0	0	
102588	SupraMarginal_L	1320	0	524	0	0	0	0	0	0	0	0	0	0	0	0	0	2568	0	524	0	0	0	0	0	0	0	0	0	306	0	0	0	0	0	0	0	0	0	0	0	0	0	0	0	0	0	0	0	178	0	634	0	0	0	0	0	8116	0	728	0	15528	0	0	0	4682	0	0	0	424	0	0	0	0	0	0	0	0	0	0	0	5726	0	0	0	7300	0	0	0	2736	0	0	0	0	0	0	0	0	0	0	0	0	0	0	0	0	0	0	0	0	0	0	0	0	0	0	0	
115588	SupraMarginal_R	0	2186	1022	122	0	0	0	182	0	0	0	0	0	0	0	0	0	5002	1016	0	0	0	0	0	0	0	0	0	0	824	0	0	0	0	0	0	0	100	0	0	0	0	0	0	0	0	0	0	0	0	0	128	0	0	0	166	0	13442	0	9036	0	16552	0	0	0	3266	0	0	0	96	0	0	0	100	0	0	0	0	0	322	0	3278	0	0	0	396	0	0	0	558	0	0	0	0	0	0	0	0	0	0	0	0	0	0	0	0	0	0	0	0	0	0	0	0	0	0	
107772	Angular_L	298	0	220	0	0	0	0	0	0	0	0	0	0	0	0	0	0	0	220	0	0	0	0	0	0	0	0	0	0	0	0	0	0	0	0	0	0	0	0	0	0	0	140	0	0	0	0	0	936	0	16126	0	0	0	0	0	4492	0	3046	0	10938	0	4682	0	0	0	1048	0	630	0	0	0	0	0	0	0	0	0	0	0	242	0	0	0	8968	0	0	0	1900	0	0	0	0	0	0	0	0	0	0	0	0	0	0	0	0	0	0	0	0	0	0	0	0	0	0	0	
96336	Angular_R	0	0	0	0	0	0	0	0	0	0	0	0	0	0	0	0	0	0	0	0	0	0	0	0	0	0	0	0	0	0	0	0	0	0	0	0	0	0	0	0	0	0	0	0	0	210	0	0	0	2034	0	12446	0	0	0	114	0	1928	0	3938	0	8984	0	3266	0	0	0	128	0	104	0	0	0	0	0	0	0	0	0	0	0	2998	0	0	0	10538	0	0	0	1480	0	0	0	0	0	0	0	0	0	0	0	0	0	0	0	0	0	0	0	0	0	0	0	0	0	0	
216504	Precuneus_L	454	0	0	0	0	0	0	0	0	0	0	0	0	0	0	0	294	0	0	0	0	0	0	0	0	0	0	0	304	0	0	0	2436	226	7182	1184	2340	750	1642	288	0	0	10644	578	12258	3240	3516	0	8734	812	13542	0	928	0	414	0	6642	106	10100	1008	372	0	0	0	1048	0	0	8958	5858	258	0	0	0	0	0	0	0	0	476	0	268	0	0	0	1252	0	0	0	140	0	0	0	0	0	0	0	0	0	0	0	0	0	0	0	0	0	0	0	0	0	0	0	0	0	0	0	
332908	Precuneus_R	0	1048	0	0	0	0	0	0	0	0	0	0	0	0	0	0	0	0	0	2544	0	0	0	0	0	0	0	0	0	0	0	0	1642	6214	2208	9832	738	3548	142	1684	0	0	146	20212	2108	25488	0	4258	370	19484	172	5030	0	1516	0	2574	0	14384	0	8886	0	170	0	0	0	128	8958	0	224	17602	0	0	0	0	0	0	0	0	0	0	0	0	0	0	0	758	0	0	0	2224	0	0	0	0	0	0	0	0	0	0	0	0	0	0	0	0	0	0	0	0	2162	0	0	0	0	0	
339728	Paracentral_Lobule_L	31308	10852	8266	4042	0	0	584	122	0	0	0	0	0	0	0	0	1922	0	15584	10240	0	0	0	0	0	0	0	0	1206	0	0	0	4122	6352	3360	918	604	0	0	0	220	0	1434	0	2048	0	258	0	974	0	9370	0	904	0	108	0	22008	92	3594	0	2446	0	424	0	630	0	5858	224	0	3496	1700	232	3144	0	2268	0	4436	350	462	0	476	0	0	0	2324	0	0	0	902	0	0	0	0	0	0	0	0	0	0	0	0	0	0	0	0	0	0	0	0	0	0	0	0	0	0	0	
222432	Paracentral_Lobule_R	2758	6980	0	126	0	0	0	0	0	0	0	0	0	0	0	0	0	0	0	13808	0	0	0	0	0	0	0	0	0	0	0	0	1038	11332	556	7382	0	1050	0	148	0	0	0	5102	170	6280	0	904	0	6696	0	1878	0	296	0	1106	0	16534	0	2522	0	0	0	96	0	104	258	17602	3496	0	0	0	0	0	0	0	0	0	0	0	0	364	0	0	0	752	0	0	0	1176	0	0	0	0	0	0	0	0	0	0	0	0	0	0	0	0	0	0	0	0	702	0	0	0	0	0	
310960	Caudate_L	5562	3432	12884	1802	2092	1474	7812	582	268	0	5016	336	8564	294	3564	0	526	0	5386	1112	7884	7250	2090	258	260	270	2824	2810	9588	2910	8398	4266	0	288	0	0	588	0	0	0	254	0	0	0	0	0	0	0	0	0	0	0	0	0	188	0	1454	0	0	0	0	0	0	0	0	0	0	0	1700	0	0	8660	16200	2826	2128	0	11018	176	0	0	224	0	262	0	0	0	0	0	0	0	0	0	0	0	0	0	0	0	0	0	0	0	0	0	0	0	0	0	0	0	0	0	0	0	0	0	
390352	Caudate_R	526	7294	6310	22824	170	4676	2080	3194	0	1014	122	2964	858	3160	0	3406	0	174	3442	17598	3654	5882	398	6468	130	8204	1346	3398	1052	12008	3458	17580	140	0	0	0	0	518	0	198	0	120	0	0	0	0	0	118	0	0	0	0	0	0	0	120	0	0	0	0	0	0	0	0	0	0	0	0	232	0	8660	0	2020	21086	0	2596	548	15430	0	0	0	0	0	0	0	0	0	0	0	0	0	0	0	0	0	0	0	0	0	0	0	0	0	0	0	0	0	0	0	0	0	0	0	0	0	0	
323372	Putamen_L	7662	280	26694	462	5640	484	5250	262	1880	0	3096	0	4780	0	9188	0	1042	0	14550	220	2874	2844	2980	100	104	214	1880	1136	20530	134	3834	1346	0	160	506	562	5596	398	268	162	206	0	0	0	0	0	0	0	0	0	0	0	0	0	1862	0	0	0	0	0	0	0	0	0	0	0	0	0	3144	0	16200	2020	0	500	5128	0	2122	562	496	0	322	0	934	0	0	0	0	0	1072	0	0	0	0	0	0	0	0	0	0	0	0	0	0	0	0	0	0	0	0	0	0	0	0	0	0	0	
453492	Putamen_R	244	5338	3568	25344	0	5690	1040	14222	0	1526	0	7782	318	1994	0	5108	0	4904	2084	14908	672	1050	178	7870	0	5744	376	1630	500	31304	990	9350	124	4038	202	208	210	14090	0	9396	0	818	0	0	0	0	0	0	0	0	0	0	0	132	0	7230	0	1488	0	0	0	0	0	100	0	0	0	0	0	0	2826	21086	500	0	0	5434	0	2432	0	254	0	490	0	222	0	0	0	0	0	1356	0	0	0	0	0	0	0	140	0	236	0	0	0	0	0	0	0	0	0	0	0	0	0	0	0	0	
57296	Pallidum_L	4258	712	6146	246	0	0	226	0	0	0	0	0	0	0	0	0	0	0	5766	144	0	0	0	0	0	0	0	0	0	0	0	0	0	0	0	0	332	0	0	0	0	0	0	0	0	0	0	0	0	0	0	0	0	0	0	0	0	0	0	0	0	0	0	0	0	0	0	0	2268	0	2128	0	5128	0	0	0	1294	0	0	0	0	0	0	0	0	0	0	0	0	0	0	0	0	0	0	0	0	0	0	0	0	0	0	0	0	0	0	0	0	0	0	0	0	0	0	0	
48824	Pallidum_R	0	328	506	2776	0	0	0	2058	0	0	0	360	0	0	0	0	0	0	348	1542	0	0	0	98	0	0	0	0	0	354	0	212	0	0	0	0	0	2334	0	2284	0	0	0	0	0	0	0	0	0	0	0	0	0	92	0	2120	0	244	0	0	0	0	0	0	0	0	0	0	0	0	0	2596	0	5434	0	0	0	0	0	0	0	314	0	0	0	174	0	0	0	238	0	0	0	0	0	0	0	0	0	0	0	0	0	0	0	0	0	0	0	0	0	0	0	0	0	0	
124760	Thalamus_L	11666	3452	1568	1104	0	0	1298	0	0	0	0	0	0	0	0	0	0	0	3770	208	0	0	0	0	0	0	0	0	1156	0	0	0	0	0	2002	2872	3778	1400	410	474	416	0	0	0	0	0	0	0	0	0	0	0	0	0	170	0	0	0	0	0	0	0	0	0	0	0	0	0	4436	0	11018	548	2122	0	1294	0	0	6888	330	0	0	0	0	0	0	0	0	0	0	0	0	0	0	0	0	0	0	0	0	0	0	0	0	0	0	0	0	0	0	0	0	0	0	0	0	0	
232772	Thalamus_R	4074	17720	294	19748	0	0	308	5422	0	0	0	232	0	1160	0	0	0	122	140	11738	0	90	0	0	0	0	0	0	346	1576	0	94	0	0	4708	5176	4140	7896	248	3044	0	140	0	0	0	0	0	544	0	0	0	0	0	156	0	812	0	0	0	0	0	0	0	0	0	0	0	0	350	0	176	15430	562	2432	0	0	6888	0	620	0	0	0	0	0	0	0	0	0	0	0	0	0	0	0	0	0	0	0	0	0	0	0	0	0	0	0	0	0	0	0	0	0	0	0	0	0	
85244	Heschl_L	2762	150	794	136	0	0	536	0	0	0	274	0	0	0	0	0	5408	0	448	0	0	0	0	0	0	0	0	0	6954	0	0	0	0	0	872	882	2802	774	0	442	0	0	556	0	104	0	0	0	210	0	2464	0	410	0	1080	0	3070	0	552	0	218	0	0	0	0	0	476	0	462	0	0	0	496	0	0	0	330	620	0	0	3914	0	0	0	2558	0	0	0	1868	0	0	0	0	0	0	0	0	0	0	0	0	0	0	0	0	0	0	0	0	0	0	0	0	0	0	0	
37592	Heschl_R	0	114	226	228	0	0	0	138	0	0	0	190	0	0	0	0	0	3358	202	208	0	0	0	0	0	0	0	0	0	5058	0	0	0	0	0	0	0	362	0	190	0	0	0	0	0	0	0	0	0	0	0	0	0	0	0	738	0	298	0	134	0	116	0	322	0	0	0	0	0	0	0	0	0	254	0	0	0	0	0	0	0	5622	0	170	0	588	0	0	0	280	0	0	0	0	0	0	0	0	0	0	0	0	0	0	0	0	0	0	0	0	0	0	0	0	0	0	
181568	Temporal_Sup_L	2146	0	614	0	0	0	1066	0	0	0	2148	0	364	0	0	0	14004	0	318	0	0	0	0	0	0	0	0	0	11824	0	0	0	0	0	0	0	794	0	0	0	0	0	212	0	0	0	0	0	0	0	1372	0	274	0	600	0	4914	0	850	0	2334	0	5726	0	242	0	268	0	476	0	224	0	322	0	0	0	0	0	3914	0	0	0	2452	0	23034	0	0	0	10292	0	0	0	0	0	0	0	0	0	0	0	0	0	0	0	0	0	0	0	0	0	0	0	0	0	0	0	
151760	Temporal_Sup_R	0	608	124	522	0	0	0	0	0	0	0	568	0	0	0	514	0	3890	112	590	0	0	0	0	0	0	0	0	0	12044	0	0	0	0	0	0	0	1626	0	1160	0	0	0	0	0	0	0	0	0	436	0	1422	0	0	0	4168	0	2962	0	952	0	154	0	3278	0	2998	0	0	0	364	0	0	0	490	0	314	0	0	0	5622	0	0	0	4252	0	19012	0	1438	0	6260	0	0	0	0	0	0	0	0	0	0	0	0	0	0	0	0	0	0	0	0	0	0	0	0	0	0	
81464	Temporal_Pole_Sup_L	126	0	490	0	322	0	1286	0	0	0	3570	0	162	0	1000	0	2954	0	264	0	958	0	0	0	0	0	0	0	6196	0	0	0	0	0	0	0	1228	0	868	0	892	0	0	0	0	0	0	0	0	0	0	0	0	0	1462	0	0	0	0	0	0	0	0	0	0	0	0	0	0	0	262	0	934	0	0	0	0	0	0	0	2452	0	0	0	6420	0	4936	0	3950	0	0	0	0	0	0	0	0	0	0	0	0	0	0	0	0	0	0	0	0	0	0	0	0	0	0	0	
62932	Temporal_Pole_Sup_R	0	0	0	406	0	0	0	0	0	0	0	448	0	0	0	730	0	580	0	400	0	0	0	0	0	0	0	0	0	2510	0	0	0	0	0	0	0	856	0	3062	0	1996	0	0	0	0	0	0	0	0	0	0	0	0	0	6472	0	0	0	0	0	0	0	0	0	0	0	0	0	0	0	0	0	222	0	0	0	0	0	170	0	4252	0	0	0	4226	0	4212	0	924	0	0	0	0	0	0	0	0	0	0	0	0	0	0	0	0	0	0	0	0	0	0	0	0	0	0	
257956	Temporal_Mid_L	1080	0	0	0	0	0	0	0	0	0	0	0	0	0	0	0	1578	0	0	0	0	0	0	0	0	0	0	0	1598	0	0	0	0	0	0	0	96	0	0	0	0	0	1438	0	462	0	0	0	1978	0	20066	0	1592	0	1064	0	5570	0	2270	0	5944	0	7300	0	8968	0	1252	0	2324	0	0	0	0	0	0	0	0	0	2558	0	23034	0	6420	0	0	0	3634	0	28752	0	0	0	0	0	0	0	0	0	0	0	0	0	0	0	0	0	0	0	0	0	0	0	0	0	0	0	
210672	Temporal_Mid_R	0	454	0	0	0	0	0	0	0	0	0	0	0	0	0	0	0	128	0	158	0	0	0	0	0	0	0	0	0	1192	0	0	0	0	0	0	0	2362	0	648	0	0	0	1194	0	522	0	394	0	3346	0	14634	0	894	0	6412	0	3436	0	4874	0	470	0	396	0	10538	0	758	0	752	0	0	0	0	0	174	0	0	0	588	0	19012	0	4226	0	0	0	3204	0	24570	0	0	0	0	0	0	0	0	0	0	0	0	0	0	0	0	0	0	0	0	0	0	0	0	0	0	
27708	Temporal_Pole_Mid_L	0	0	0	0	0	0	0	0	0	0	0	0	0	0	0	0	0	0	0	0	0	0	0	0	0	0	0	0	0	0	0	0	0	0	0	0	0	0	590	0	0	0	0	0	0	0	0	0	0	0	0	0	0	0	1232	0	0	0	0	0	0	0	0	0	0	0	0	0	0	0	0	0	0	0	0	0	0	0	0	0	0	0	4936	0	3634	0	0	0	3462	0	0	0	0	0	0	0	0	0	0	0	0	0	0	0	0	0	0	0	0	0	0	0	0	0	0	0	
28968	Temporal_Pole_Mid_R	0	0	0	0	0	0	0	0	0	0	0	0	0	0	0	0	0	0	0	0	0	0	0	0	0	0	0	0	0	128	0	0	0	0	0	0	0	0	0	1752	0	200	0	0	0	0	0	0	0	0	0	0	0	0	0	2572	0	0	0	0	0	0	0	0	0	0	0	0	0	0	0	0	0	0	0	0	0	0	0	0	0	1438	0	4212	0	3204	0	0	0	978	0	0	0	0	0	0	0	0	0	0	0	0	0	0	0	0	0	0	0	0	0	0	0	0	0	0	
205552	Temporal_Inf_L	564	0	558	0	0	0	154	0	0	0	0	0	0	0	0	0	1032	0	464	0	0	0	0	0	0	0	0	0	3864	0	0	0	0	0	0	0	7048	0	170	0	1208	0	168	0	96	0	0	0	96	0	2454	0	3694	0	12226	0	2640	0	752	0	2906	0	2736	0	1900	0	140	0	902	0	0	0	1072	0	0	0	0	0	1868	0	10292	0	3950	0	28752	0	3462	0	0	0	3118	0	1208	0	0	0	688	0	1360	0	552	0	432	0	118	0	132	0	0	0	0	0	0	0	0	0	
206360	Temporal_Inf_R	0	628	0	94	0	0	0	0	0	0	0	0	0	0	0	0	0	150	0	296	0	0	0	0	0	0	0	0	0	4152	0	0	0	0	0	280	0	8906	0	2620	0	0	0	1704	0	410	0	1140	0	1402	0	1930	0	5268	0	21820	0	4282	0	4684	0	356	0	558	0	1480	0	2224	0	1176	0	0	0	1356	0	238	0	0	0	280	0	6260	0	924	0	24570	0	978	0	0	0	1194	0	124	0	190	0	200	0	766	0	0	0	148	0	0	0	0	0	98	294	0	0	0	0	0	
328488	Cerebelum_Crus1_L	0	0	0	0	0	0	0	0	0	0	0	0	0	0	0	0	0	0	0	0	0	0	0	0	0	0	0	0	0	0	0	0	0	0	0	0	0	0	0	0	0	0	0	0	0	0	7148	836	0	0	0	0	0	0	19772	0	0	0	0	0	0	0	0	0	0	0	0	0	0	0	0	0	0	0	0	0	0	0	0	0	0	0	0	0	0	0	0	0	3118	0	0	3066	28618	2676	216	0	15074	0	44654	1714	10430	836	12482	1470	1538	144	416	0	0	0	1426	2002	5646	614	348	0	
345932	Cerebelum_Crus1_R	0	0	0	0	0	0	0	0	0	0	0	0	0	0	0	0	0	0	0	0	0	0	0	0	0	0	0	0	0	0	0	0	0	0	0	0	0	0	0	140	0	0	0	0	0	0	466	4088	0	0	0	0	0	0	168	9628	0	0	0	0	0	0	0	0	0	0	0	0	0	0	0	0	0	0	0	0	0	0	0	0	0	0	0	0	0	0	0	0	0	1194	3066	0	2552	22702	0	3498	300	16078	1396	46232	446	7042	404	20570	176	1762	0	348	178	806	6408	6590	14936	900	792	100	
230532	Cerebelum_Crus2_L	0	0	0	0	0	0	0	0	0	0	0	0	0	0	0	0	0	0	0	0	0	0	0	0	0	0	0	0	0	0	0	0	0	0	0	0	0	0	0	0	0	0	0	0	0	0	1062	118	0	0	0	0	0	0	2172	0	0	0	0	0	0	0	0	0	0	0	0	0	0	0	0	0	0	0	0	0	0	0	0	0	0	0	0	0	0	0	0	0	1208	0	28618	2552	0	6754	0	0	1034	0	5666	636	27214	3724	20236	2728	1780	0	180	0	0	0	0	238	7552	1652	142	0	
223792	Cerebelum_Crus2_R	0	0	0	0	0	0	0	0	0	0	0	0	0	0	0	0	0	0	0	0	0	0	0	0	0	0	0	0	0	0	0	0	0	0	0	0	0	0	0	0	0	0	0	0	0	0	174	0	0	0	0	0	0	0	0	124	0	0	0	0	0	0	0	0	0	0	0	0	0	0	0	0	0	0	0	0	0	0	0	0	0	0	0	0	0	0	0	0	0	124	2676	22702	6754	0	0	180	0	288	252	4000	2698	23254	2512	30370	254	2362	0	144	0	0	0	380	10682	1640	326	0	
18556	Cerebelum_3_L	0	0	0	0	0	0	0	0	0	0	0	0	0	0	0	0	0	0	0	0	0	0	0	0	0	0	0	0	0	0	0	0	0	0	0	0	0	0	0	0	0	0	0	0	0	0	0	140	0	0	0	0	0	0	0	0	0	0	0	0	0	0	0	0	0	0	0	0	0	0	0	0	0	0	0	0	0	0	0	0	0	0	0	0	0	0	0	0	0	0	216	0	0	0	0	230	4898	0	300	130	0	0	0	0	166	0	0	0	688	1468	944	98	0	0	0	0	
56340	Cerebelum_3_R	0	0	0	0	0	0	0	0	0	0	0	0	0	0	0	0	0	0	0	0	0	0	0	0	0	0	0	0	0	0	0	0	0	0	0	0	0	0	0	0	0	0	0	0	0	0	0	152	0	0	0	0	0	0	0	346	0	0	0	0	0	0	0	0	0	0	0	0	0	0	0	0	0	0	0	0	0	0	0	0	0	0	0	0	0	0	0	0	0	190	0	3498	0	180	230	0	156	7320	0	6254	0	0	0	768	0	1212	0	188	668	3028	1984	692	454	420	430	0	
169640	Cerebelum_4_5_L	0	0	0	0	0	0	0	0	0	0	0	0	0	0	0	0	0	0	0	0	0	0	0	0	0	0	0	0	0	0	0	0	0	0	118	0	204	0	354	0	0	0	120	0	0	0	6220	1652	0	0	0	0	0	0	7674	158	0	0	0	0	0	0	0	0	0	0	0	0	0	0	0	0	0	0	0	0	0	0	0	0	0	0	0	0	0	0	0	0	688	0	15074	300	1034	0	4898	156	0	670	25764	964	298	0	1614	0	4040	0	764	0	528	768	9006	1308	0	0	208	238	
164164	Cerebelum_4_5_R	0	0	0	0	0	0	0	0	0	0	0	0	0	0	0	0	0	0	0	0	0	0	0	0	0	0	0	0	0	0	0	0	0	0	0	0	0	458	0	1282	0	0	0	0	0	0	0	3126	0	0	0	0	0	0	0	6004	0	0	0	0	0	0	0	0	0	0	0	0	0	0	0	0	0	140	0	0	0	0	0	0	0	0	0	0	0	0	0	0	0	200	0	16078	0	288	0	7320	670	0	142	26464	0	0	0	1578	0	868	0	186	254	1552	11934	1308	988	544	512	186	
277276	Cerebelum_6_L	0	0	0	0	0	0	0	0	0	0	0	0	0	0	0	0	0	0	0	0	0	0	0	0	0	0	0	0	0	0	0	0	0	0	0	0	0	0	0	0	0	0	0	0	0	0	11340	1972	0	0	0	0	0	0	22568	326	0	0	0	0	0	0	0	0	0	0	0	0	0	0	0	0	0	0	0	0	0	0	0	0	0	0	0	0	0	0	0	0	1360	0	44654	1396	5666	252	300	0	25764	142	0	1648	2560	0	3714	130	3162	0	940	0	0	0	5404	3748	1252	114	226	0	
315812	Cerebelum_6_R	0	0	0	0	0	0	0	0	0	0	0	0	0	0	0	0	0	0	0	0	0	0	0	0	0	0	0	0	0	0	0	0	0	0	0	0	0	452	0	844	0	0	0	0	0	0	296	7148	0	0	0	0	0	0	198	12636	0	0	0	0	0	0	0	0	0	0	0	0	0	0	0	0	0	236	0	0	0	0	0	0	0	0	0	0	0	0	0	0	0	766	1714	46232	636	4000	130	6254	964	26464	1648	0	0	454	0	7916	246	944	0	474	256	1172	12790	9174	11728	1120	902	112	
164072	Cerebelum_7b_L	0	0	0	0	0	0	0	0	0	0	0	0	0	0	0	0	0	0	0	0	0	0	0	0	0	0	0	0	0	0	0	0	0	0	0	0	0	0	0	0	0	0	0	0	0	0	0	0	0	0	0	0	0	0	676	0	0	0	0	0	0	0	0	0	0	0	0	0	0	0	0	0	0	0	0	0	0	0	0	0	0	0	0	0	0	0	0	0	552	0	10430	446	27214	2698	0	0	298	0	2560	0	0	1894	23586	1326	4674	0	700	0	0	0	0	0	3212	1770	0	0	
129884	Cerebelum_7b_R	0	0	0	0	0	0	0	0	0	0	0	0	0	0	0	0	0	0	0	0	0	0	0	0	0	0	0	0	0	0	0	0	0	0	0	0	0	0	0	0	0	0	0	0	0	0	0	0	0	0	0	0	0	0	0	0	0	0	0	0	0	0	0	0	0	0	0	0	0	0	0	0	0	0	0	0	0	0	0	0	0	0	0	0	0	0	0	0	0	0	836	7042	3724	23254	0	0	0	0	0	454	1894	0	1634	19718	0	1200	0	0	0	0	0	0	4088	1098	0	0	
181848	Cerebelum_8_L	0	0	0	0	0	0	0	0	0	0	0	0	0	0	0	0	0	0	0	0	0	0	0	0	0	0	0	0	0	0	0	0	0	0	0	0	0	0	0	0	0	0	0	0	0	0	0	0	0	0	0	0	0	0	778	0	0	0	0	0	0	0	0	0	0	0	0	0	0	0	0	0	0	0	0	0	0	0	0	0	0	0	0	0	0	0	0	0	432	0	12482	404	20236	2512	0	0	1614	0	3714	0	23586	1634	0	2162	12928	254	1184	0	0	0	114	0	3850	2864	176	0	
241268	Cerebelum_8_R	0	0	0	0	0	0	0	0	0	0	0	0	0	0	0	0	0	0	0	0	0	0	0	0	0	0	0	0	0	0	0	0	0	0	0	0	0	0	0	0	0	0	0	0	0	0	0	100	0	0	0	0	0	0	0	196	0	0	0	0	0	0	0	0	0	0	0	0	0	0	0	0	0	0	0	0	0	0	0	0	0	0	0	0	0	0	0	0	0	148	1470	20570	2728	30370	0	768	0	1578	130	7916	1326	19718	2162	0	418	14234	0	516	0	198	704	692	10586	2732	1090	284	
74592	Cerebelum_9_L	0	0	0	0	0	0	0	0	0	0	0	0	0	0	0	0	0	0	0	0	0	0	0	0	0	0	0	0	0	0	0	0	0	0	0	0	0	0	0	0	0	0	0	0	0	0	0	648	0	0	0	0	0	0	0	0	0	0	0	0	0	0	0	0	0	0	0	0	0	0	0	0	0	0	0	0	0	0	0	0	0	0	0	0	0	0	0	0	118	0	1538	176	1780	254	166	0	4040	0	3162	246	4674	0	12928	418	0	168	2656	0	0	0	1644	854	860	508	190	268	
78988	Cerebelum_9_R	0	0	0	0	0	0	0	0	0	0	0	0	0	0	0	0	0	0	0	0	0	0	0	0	0	0	0	0	0	0	0	0	0	0	0	0	0	0	0	0	0	0	0	0	0	0	0	570	0	0	0	0	0	0	0	0	0	0	0	0	0	0	0	0	0	0	0	0	0	0	0	0	0	0	0	0	0	0	0	0	0	0	0	0	0	0	0	0	0	0	144	1762	0	2362	0	1212	0	868	0	944	0	1200	254	14234	168	0	0	1786	520	1162	1860	2562	1166	2408	2930	1382	
15432	Cerebelum_10_L	0	0	0	0	0	0	0	0	0	0	0	0	0	0	0	0	0	0	0	0	0	0	0	0	0	0	0	0	0	0	0	0	0	0	0	0	0	0	0	0	0	0	0	0	0	0	0	0	0	0	0	0	0	0	0	0	0	0	0	0	0	0	0	0	0	0	0	0	0	0	0	0	0	0	0	0	0	0	0	0	0	0	0	0	0	0	0	0	132	0	416	0	180	0	0	0	764	0	940	0	700	0	1184	0	2656	0	0	0	240	224	186	94	0	0	0	0	
10528	Cerebelum_10_R	0	0	0	0	0	0	0	0	0	0	0	0	0	0	0	0	0	0	0	0	0	0	0	0	0	0	0	0	0	0	0	0	0	0	0	0	0	0	0	0	0	0	0	0	0	0	0	0	0	0	0	0	0	0	0	0	0	0	0	0	0	0	0	0	0	0	0	0	0	0	0	0	0	0	0	0	0	0	0	0	0	0	0	0	0	0	0	0	0	0	0	348	0	144	0	188	0	186	0	474	0	0	0	516	0	1786	0	0	0	90	176	372	158	404	422	0	
20896	Vermis_1_2	0	0	0	0	0	0	0	0	0	0	0	0	0	0	0	0	0	0	0	0	0	0	0	0	0	0	0	0	0	0	0	0	0	0	0	0	0	0	0	0	0	0	0	0	0	0	0	0	0	0	0	0	0	0	0	0	0	0	0	0	0	0	0	0	0	0	0	0	0	0	0	0	0	0	0	0	0	0	0	0	0	0	0	0	0	0	0	0	0	0	0	178	0	0	688	668	528	254	0	256	0	0	0	0	0	520	240	0	0	4770	1910	344	0	0	92	0	
38004	Vermis_3	0	0	0	0	0	0	0	0	0	0	0	0	0	0	0	0	0	0	0	0	0	0	0	0	0	0	0	0	0	0	0	0	0	0	0	0	0	0	0	0	0	0	0	0	0	0	0	98	0	0	0	0	0	0	0	110	0	0	0	0	0	0	0	0	0	0	0	0	0	0	0	0	0	0	0	0	0	0	0	0	0	0	0	0	0	0	0	0	0	98	0	806	0	0	1468	3028	768	1552	0	1172	0	0	0	198	0	1162	224	90	4770	0	2354	586	0	188	234	96	
173328	Vermis_4_5	0	0	0	0	0	0	0	0	0	0	0	0	0	0	0	0	0	0	0	288	0	0	0	0	0	0	0	0	0	0	0	0	0	0	200	1276	0	298	0	198	0	0	0	216	0	0	1378	6500	0	146	0	0	0	124	882	2858	0	518	0	0	0	0	0	0	0	0	0	2162	0	702	0	0	0	0	0	0	0	0	0	0	0	0	0	0	0	0	0	0	0	294	1426	6408	0	0	944	1984	9006	11934	5404	12790	0	0	114	704	1644	1860	186	176	1910	2354	0	5944	194	418	1054	2170	
112864	Vermis_6	0	0	0	0	0	0	0	0	0	0	0	0	0	0	0	0	0	0	0	0	0	0	0	0	0	0	0	0	0	0	0	0	0	0	0	0	0	0	0	0	0	0	0	0	0	0	454	5656	0	0	0	0	0	0	370	1524	0	0	0	0	0	0	0	0	0	0	0	0	0	0	0	0	0	0	0	0	0	0	0	0	0	0	0	0	0	0	0	0	0	0	2002	6590	238	380	98	692	1308	1308	3748	9174	0	0	0	692	854	2562	94	372	344	586	5944	0	4786	1864	2588	2204	
180552	Vermis_7	0	0	0	0	0	0	0	0	0	0	0	0	0	0	0	0	0	0	0	0	0	0	0	0	0	0	0	0	0	0	0	0	0	0	0	0	0	0	0	0	0	0	0	0	0	0	390	1388	0	0	0	0	0	0	154	280	0	0	0	0	0	0	0	0	0	0	0	0	0	0	0	0	0	0	0	0	0	0	0	0	0	0	0	0	0	0	0	0	0	0	5646	14936	7552	10682	0	454	0	988	1252	11728	3212	4088	3850	10586	860	1166	0	158	0	0	194	4786	0	4118	1808	0	
58020	Vermis_8	0	0	0	0	0	0	0	0	0	0	0	0	0	0	0	0	0	0	0	0	0	0	0	0	0	0	0	0	0	0	0	0	0	0	0	0	0	0	0	0	0	0	0	0	0	0	0	146	0	0	0	0	0	0	0	0	0	0	0	0	0	0	0	0	0	0	0	0	0	0	0	0	0	0	0	0	0	0	0	0	0	0	0	0	0	0	0	0	0	0	614	900	1652	1640	0	420	0	544	114	1120	1770	1098	2864	2732	508	2408	0	404	0	188	418	1864	4118	0	3176	312	
37704	Vermis_9	0	0	0	0	0	0	0	0	0	0	0	0	0	0	0	0	0	0	0	0	0	0	0	0	0	0	0	0	0	0	0	0	0	0	0	0	0	0	0	0	0	0	0	0	0	0	0	434	0	0	0	0	0	0	0	0	0	0	0	0	0	0	0	0	0	0	0	0	0	0	0	0	0	0	0	0	0	0	0	0	0	0	0	0	0	0	0	0	0	0	348	792	142	326	0	430	208	512	226	902	0	0	176	1090	190	2930	0	422	92	234	1054	2588	1808	3176	0	772	
