data	data	592456	206632	1.23308e+06	716284	173856	137720	568744	264340	87912	35792	323772	173580	310648	111952	128764	56432	329432	126000	1.03782e+06	922404	54060	52472	554572	477120	36512	94536	49508	50228	724336	332496	454496	632072	258632	861204	110516	107876	226724	195120	56716	91816	28612	44236	176684	291140	110988	267060	150064	231272	171744	346372	371520	271832	133016	113248	289272	306504	248556	179584	132448	150632	241584	141512	107740	134532	118392	171192	157568	286220	267380	119880	448096	405620	417968	279492	140344	18700	194532	141196	49232	20160	284436	110432	84476	58108	210548	228292	21332	19916	173396	219612	340680	289648	220440	234960	18108	42500	175608	149800	338720	316680	166940	116356	211632	201924	58756	68684	10964	4660	11840	41708	105280	155940	189964	99076	57956	14612	
data	data	Precentral_L	Precentral_R	Frontal_Sup_L	Frontal_Sup_R	Frontal_Sup_Orb_L	Frontal_Sup_Orb_R	Frontal_Mid_L	Frontal_Mid_R	Frontal_Mid_Orb_L	Frontal_Mid_Orb_R	Frontal_Inf_Oper_L	Frontal_Inf_Oper_R	Frontal_Inf_Tri_L	Frontal_Inf_Tri_R	Frontal_Inf_Orb_L	Frontal_Inf_Orb_R	Rolandic_Oper_L	Rolandic_Oper_R	Supp_Motor_Area_L	Supp_Motor_Area_R	Olfactory_L	Olfactory_R	Frontal_Sup_Medial_L	Frontal_Sup_Medial_R	Frontal_Med_Orb_L	Frontal_Med_Orb_R	Rectus_L	Rectus_R	Insula_L	Insula_R	Cingulum_Ant_L	Cingulum_Ant_R	Cingulum_Mid_L	Cingulum_Mid_R	Cingulum_Post_L	Cingulum_Post_R	Hippocampus_L	Hippocampus_R	ParaHippocampal_L	ParaHippocampal_R	Amygdala_L	Amygdala_R	Calcarine_L	Calcarine_R	Cuneus_L	Cuneus_R	Lingual_L	Lingual_R	Occipital_Sup_L	Occipital_Sup_R	Occipital_Mid_L	Occipital_Mid_R	Occipital_Inf_L	Occipital_Inf_R	Fusiform_L	Fusiform_R	Postcentral_L	Postcentral_R	Parietal_Sup_L	Parietal_Sup_R	Parietal_Inf_L	Parietal_Inf_R	SupraMarginal_L	SupraMarginal_R	Angular_L	Angular_R	Precuneus_L	Precuneus_R	Paracentral_Lobule_L	Paracentral_Lobule_R	Caudate_L	Caudate_R	Putamen_L	Putamen_R	Pallidum_L	Pallidum_R	Thalamus_L	Thalamus_R	Heschl_L	Heschl_R	Temporal_Sup_L	Temporal_Sup_R	Temporal_Pole_Sup_L	Temporal_Pole_Sup_R	Temporal_Mid_L	Temporal_Mid_R	Temporal_Pole_Mid_L	Temporal_Pole_Mid_R	Temporal_Inf_L	Temporal_Inf_R	Cerebelum_Crus1_L	Cerebelum_Crus1_R	Cerebelum_Crus2_L	Cerebelum_Crus2_R	Cerebelum_3_L	Cerebelum_3_R	Cerebelum_4_5_L	Cerebelum_4_5_R	Cerebelum_6_L	Cerebelum_6_R	Cerebelum_7b_L	Cerebelum_7b_R	Cerebelum_8_L	Cerebelum_8_R	Cerebelum_9_L	Cerebelum_9_R	Cerebelum_10_L	Cerebelum_10_R	Vermis_1_2	Vermis_3	Vermis_4_5	Vermis_6	Vermis_7	Vermis_8	Vermis_9	Vermis_10	
592456	Precentral_L	0	110	27734	428	0	0	25944	224	0	0	16838	112	3014	0	0	0	11054	0	31518	14380	0	0	636	182	0	0	0	0	18876	160	546	302	2664	13984	2446	1922	9576	668	378	0	0	0	0	0	0	0	0	0	0	0	0	0	0	0	1128	0	27698	0	0	0	2374	0	316	0	246	0	0	172	30604	320	6944	876	9062	332	1340	0	20108	950	4370	0	5342	0	0	0	204	0	0	0	146	0	0	0	0	0	0	0	0	0	0	0	0	0	0	0	0	0	0	0	0	0	0	0	0	0	0	0	
206632	Precentral_R	110	0	0	17712	0	0	0	7270	0	0	0	4542	0	106	0	0	0	1664	222	4482	0	0	0	0	0	0	0	0	0	3844	0	0	0	1678	0	120	102	6962	0	0	0	0	0	200	0	1410	0	0	0	5804	0	1602	0	198	0	270	0	23458	0	462	0	718	0	4060	0	526	0	4224	0	3508	0	670	0	882	0	0	108	1722	0	204	0	1526	0	0	0	1574	0	0	0	1376	0	0	0	0	0	0	0	0	0	0	0	0	0	0	0	0	0	0	0	0	0	0	0	0	0	0	
1.23308e+06	Frontal_Sup_L	27734	0	0	5242	11834	1106	88902	494	2190	0	21932	1664	25872	118	3552	0	15090	0	86926	11688	0	0	52854	14216	908	1140	184	0	41982	2000	28406	14782	6516	11818	274	100	3106	0	388	0	0	0	0	0	0	0	0	0	0	0	0	0	0	0	186	0	1138	0	0	0	0	0	0	0	0	0	0	0	7760	0	38980	13324	30470	1802	13460	198	14866	846	0	0	9040	0	1266	186	0	0	0	0	0	0	0	0	0	0	0	0	0	0	0	0	0	0	0	0	0	0	0	0	0	0	0	0	0	0	0	0	
716284	Frontal_Sup_R	428	17712	5242	0	0	5648	2234	41194	0	348	164	4664	236	3122	90	1386	132	9898	12122	50340	0	0	14886	40504	108	2886	0	100	454	13410	8288	33558	2898	31456	0	0	0	5506	0	260	0	0	0	0	0	1014	0	0	0	3960	0	864	0	0	0	322	0	2950	0	182	0	108	0	110	0	0	0	3124	0	854	512	9346	0	14386	0	908	0	4152	0	228	0	4188	0	1038	0	232	0	0	0	390	0	0	0	0	0	0	0	0	0	0	0	0	0	0	0	0	0	0	0	0	0	0	0	0	0	0	
173856	Frontal_Sup_Orb_L	0	0	11834	0	0	0	1122	0	14208	0	2576	0	4654	0	9846	0	416	0	1170	0	892	0	2548	0	4562	0	6794	0	12296	0	3162	0	0	0	0	0	0	0	0	0	0	0	0	0	0	0	0	0	0	0	0	0	0	0	0	0	0	0	0	0	0	0	0	0	0	0	0	0	0	0	2470	0	6584	0	664	0	288	0	0	0	0	0	842	0	0	0	0	0	0	0	0	0	0	0	0	0	0	0	0	0	0	0	0	0	0	0	0	0	0	0	0	0	0	0	0	0	
137720	Frontal_Sup_Orb_R	0	0	1106	5648	0	0	232	1030	0	5092	0	0	0	0	0	5670	0	0	940	924	0	1296	1124	6310	112	8210	0	8396	0	3646	726	7340	122	820	0	0	0	0	0	0	0	174	0	0	0	0	0	0	0	0	0	0	0	0	0	0	0	0	0	0	0	0	0	0	0	0	0	0	0	0	108	5070	0	4764	0	0	0	0	0	0	0	0	0	0	0	0	0	0	0	0	0	0	0	0	0	0	0	0	0	0	0	0	0	0	0	0	0	0	0	0	0	0	0	0	0	0	
568744	Frontal_Mid_L	25944	0	88902	2234	1122	232	0	110	2678	0	9682	346	32618	0	5280	0	5836	0	10248	1238	0	0	23640	5036	0	256	0	0	18584	458	13758	5546	1330	3610	0	110	1780	0	482	0	0	0	0	0	0	0	0	0	0	0	0	0	0	0	0	0	2178	0	0	0	0	0	0	0	0	0	0	0	166	0	5092	2762	5848	196	586	0	1392	0	0	0	4920	0	172	0	0	0	0	0	0	0	0	0	0	0	0	0	0	0	0	0	0	0	0	0	0	0	0	0	0	0	0	0	0	0	0	0	
264340	Frontal_Mid_R	224	7270	494	41194	0	1030	110	0	0	1822	0	8278	0	14332	0	3042	0	326	3096	6810	0	0	2306	9106	0	0	0	0	0	5172	784	7122	536	8676	0	0	0	998	0	94	0	0	0	0	0	0	0	0	0	200	0	0	0	0	0	0	0	1700	0	0	0	0	0	912	0	0	0	0	140	0	0	186	0	3796	0	0	0	2206	0	0	0	118	0	90	0	0	0	0	0	0	0	0	0	0	0	0	0	0	0	0	0	0	0	0	0	0	0	0	0	0	0	0	0	0	0	0	
87912	Frontal_Mid_Orb_L	0	0	2190	0	14208	0	2678	0	0	0	0	0	1654	0	13012	0	0	0	0	0	92	0	0	0	1564	0	2948	0	3578	0	720	0	0	0	0	0	0	0	0	0	0	0	0	0	0	0	0	0	0	0	0	0	0	0	0	0	0	0	0	0	0	0	0	0	0	0	0	0	0	0	0	0	1052	0	0	0	0	0	0	0	0	0	260	0	0	0	0	0	0	0	0	0	0	0	0	0	0	0	0	0	0	0	0	0	0	0	0	0	0	0	0	0	0	0	0	0	
35792	Frontal_Mid_Orb_R	0	0	0	348	0	5092	0	1822	0	0	0	0	0	492	0	6216	0	0	0	0	0	0	0	270	0	464	0	0	0	582	0	136	0	0	0	0	0	0	0	0	0	0	0	0	0	0	0	0	0	0	0	0	0	0	0	0	0	0	0	0	0	0	0	0	0	0	0	0	0	0	0	498	0	1976	0	0	0	0	0	0	0	0	0	0	0	0	0	0	0	0	0	0	0	0	0	0	0	0	0	0	0	0	0	0	0	0	0	0	0	0	0	0	0	0	0	0	
323772	Frontal_Inf_Oper_L	16838	0	21932	164	2576	0	9682	0	0	0	0	0	13582	0	0	0	16380	0	14918	448	0	0	576	0	0	0	0	0	30798	0	516	170	616	258	0	0	388	0	0	0	0	0	0	0	0	0	0	0	0	0	0	0	0	0	0	0	6580	0	0	0	0	0	0	0	0	0	0	0	0	0	10896	602	3572	92	584	0	0	0	178	0	7096	0	2444	0	0	0	0	0	0	0	0	0	0	0	0	0	0	0	0	0	0	0	0	0	0	0	0	0	0	0	0	0	0	0	0	0	
173580	Frontal_Inf_Oper_R	112	4542	1664	4664	0	0	346	8278	0	0	0	0	0	9138	0	278	0	4114	3660	7008	0	0	932	726	0	0	0	0	0	18272	302	888	780	7532	0	0	0	532	0	0	0	0	0	0	0	0	0	0	0	266	0	138	0	0	0	0	0	1626	0	0	0	0	0	0	0	104	0	0	0	0	462	3856	0	3380	0	0	0	442	0	0	0	338	0	2410	0	0	0	0	0	0	0	0	0	0	0	0	0	0	0	0	0	0	0	0	0	0	0	0	0	0	0	0	0	0	0	0	
310648	Frontal_Inf_Tri_L	3014	0	25872	236	4654	0	32618	0	1654	0	13582	0	0	0	11376	0	1440	0	6720	232	0	0	3520	432	0	0	112	0	33566	112	4302	864	508	618	0	0	0	0	0	0	0	0	0	0	0	0	0	0	0	0	0	0	0	0	0	0	694	0	0	0	0	0	0	0	0	0	0	0	0	0	5436	690	1564	0	192	0	0	0	0	0	450	0	866	0	0	0	0	0	0	0	0	0	0	0	0	0	0	0	0	0	0	0	0	0	0	0	0	0	0	0	0	0	0	0	0	0	
111952	Frontal_Inf_Tri_R	0	106	118	3122	0	0	0	14332	0	492	0	9138	0	0	0	2698	0	256	2298	3302	0	0	650	816	0	0	0	0	0	10518	0	550	98	3596	0	0	0	464	0	94	0	0	0	0	0	0	0	0	0	0	0	0	0	0	0	0	0	0	0	0	0	0	0	0	0	0	0	0	0	0	0	0	0	3036	0	0	0	0	0	0	0	0	0	292	0	0	0	0	0	0	0	0	0	0	0	0	0	0	0	0	0	0	0	0	0	0	0	0	0	0	0	0	0	0	0	0	
128764	Frontal_Inf_Orb_L	0	0	3552	90	9846	0	5280	0	13012	0	0	0	11376	0	0	0	0	0	188	0	1226	0	496	136	0	0	506	0	14824	0	182	130	302	258	0	0	136	0	0	0	0	0	0	0	0	0	0	0	0	0	0	0	0	0	0	0	0	0	0	0	0	0	0	0	0	0	0	0	0	0	130	0	1236	0	0	0	0	0	0	0	0	0	1382	0	0	0	0	0	94	0	0	0	0	0	0	0	0	0	0	0	0	0	0	0	0	0	0	0	0	0	0	0	0	0	0	0	
56432	Frontal_Inf_Orb_R	0	0	0	1386	0	5670	0	3042	0	6216	0	278	0	2698	0	0	0	0	514	766	0	192	198	184	0	0	0	114	0	4892	0	194	0	570	0	0	0	0	0	0	0	0	0	0	0	0	0	0	0	0	0	0	0	0	0	0	0	0	0	0	0	0	0	0	0	0	0	0	0	0	0	0	0	1212	0	0	0	0	0	0	0	0	0	90	0	0	0	0	0	0	0	0	0	0	0	0	0	0	0	0	0	0	0	0	0	0	0	0	0	0	0	0	0	0	0	0	
329432	Rolandic_Oper_L	11054	0	15090	132	416	0	5836	0	0	0	16380	0	1440	0	0	0	0	0	10798	462	0	0	252	0	0	0	0	0	33472	0	284	120	604	242	102	114	2176	0	246	0	0	0	0	0	0	0	0	0	0	0	1426	0	170	0	486	0	10778	0	0	0	1868	0	3620	0	1324	0	0	0	260	0	5292	474	6096	0	2816	0	602	0	3190	0	22142	0	1448	0	3066	0	0	0	438	0	0	0	0	0	0	0	0	0	0	0	0	0	0	0	0	0	0	0	0	0	0	0	0	0	0	0	
126000	Rolandic_Oper_R	0	1664	0	9898	0	0	0	326	0	0	0	4114	0	256	0	0	0	0	1426	9374	0	0	0	0	0	0	0	0	0	13342	0	0	0	5216	0	0	0	0	0	0	0	0	0	0	0	0	0	0	0	320	0	216	0	0	0	0	0	2494	0	792	0	918	0	1586	0	528	0	0	0	0	0	0	0	1338	0	0	0	0	0	1816	0	5864	0	1512	0	0	0	0	0	0	0	0	0	0	0	0	0	0	0	0	0	0	0	0	0	0	0	0	0	0	0	0	0	0	0	0	
1.03782e+06	Supp_Motor_Area_L	31518	222	86926	12122	1170	940	10248	3096	0	0	14918	3660	6720	2298	188	514	10798	1426	0	67910	0	0	11196	8658	0	688	0	0	18808	5762	8954	18194	11968	46194	1802	0	970	108	0	0	0	0	0	0	0	0	0	0	0	0	0	0	0	0	0	0	2914	0	0	0	408	0	0	0	276	0	0	0	19252	346	31304	20914	15332	4530	7828	746	17750	3190	166	0	4542	572	544	322	0	0	0	0	0	0	0	0	0	0	0	0	0	0	0	0	0	0	0	0	0	0	0	0	0	0	0	0	0	0	0	0	
922404	Supp_Motor_Area_R	14380	4482	11688	50340	0	924	1238	6810	0	0	448	7008	232	3302	0	766	462	9374	67910	0	0	0	6470	12586	0	896	0	0	670	12854	5494	19792	7708	77984	920	1930	682	4596	0	300	0	270	0	976	0	630	0	174	0	1356	0	1320	0	1076	0	892	106	1500	0	0	0	0	0	182	0	0	0	2172	17426	11522	2146	29622	432	15418	134	1850	1250	28326	0	214	234	3828	0	1204	0	2554	0	0	0	2142	0	0	0	0	0	0	0	0	0	0	0	0	0	0	0	0	0	0	0	0	0	0	0	0	0	0	
54060	Olfactory_L	0	0	0	0	892	0	0	0	92	0	0	0	0	0	1226	0	0	0	0	0	0	4388	0	0	0	0	1244	1074	2480	0	1606	1094	0	0	0	0	390	0	696	0	314	0	0	0	0	0	0	0	0	0	0	0	0	0	0	0	0	0	0	0	0	0	0	0	0	0	0	0	0	0	4880	2684	3160	0	0	0	0	0	0	0	0	0	602	0	0	0	0	0	208	0	0	0	0	0	0	0	0	0	0	0	0	0	0	0	0	0	0	0	0	0	0	0	0	0	0	0	
52472	Olfactory_R	0	0	0	0	0	1296	0	0	0	0	0	0	0	0	0	192	0	0	0	0	4388	0	0	0	0	104	982	2082	0	1524	1806	1654	0	0	0	0	0	0	0	134	0	552	0	0	0	0	0	0	0	0	0	0	0	0	0	0	0	0	0	0	0	0	0	0	0	0	0	0	0	0	5412	3518	2592	0	0	0	0	0	0	0	0	0	0	0	0	0	0	0	0	0	0	0	0	0	0	0	0	0	0	0	0	0	0	0	0	0	0	0	0	0	0	0	0	0	0	0	
554572	Frontal_Sup_Medial_L	636	0	52854	14886	2548	1124	23640	2306	0	0	576	932	3520	650	496	198	252	0	11196	6470	0	0	0	32256	2202	2024	604	106	3746	1962	40346	28962	10120	25128	0	0	0	0	0	0	0	0	0	0	0	0	0	0	0	0	0	0	0	0	0	0	0	0	0	0	0	0	0	0	0	0	0	0	0	0	3614	1694	1102	846	142	0	0	0	0	0	148	0	0	0	0	0	0	0	0	0	0	0	0	0	0	0	0	0	0	0	0	0	0	0	0	0	0	0	0	0	0	0	0	0	0	0	
477120	Frontal_Sup_Medial_R	182	0	14216	40504	0	6310	5036	9106	0	270	0	726	432	816	136	184	0	0	8658	12586	0	0	32256	0	94	7752	0	354	578	2184	12596	40092	2796	26208	0	0	0	0	0	0	0	0	0	0	0	0	0	0	0	0	0	0	0	0	0	0	0	0	0	0	0	0	0	0	0	0	0	0	0	0	730	8196	0	5562	0	0	0	0	0	0	0	0	0	0	0	0	0	0	0	0	0	0	0	0	0	0	0	0	0	0	0	0	0	0	0	0	0	0	0	0	0	0	0	0	0	0	
36512	Frontal_Med_Orb_L	0	0	908	108	4562	112	0	0	1564	0	0	0	0	0	0	0	0	0	0	0	0	0	2202	94	0	318	3006	0	284	0	3820	186	0	0	0	0	0	0	0	0	0	0	0	0	0	0	0	0	0	0	0	0	0	0	0	0	0	0	0	0	0	0	0	0	0	0	0	0	0	0	208	0	884	0	0	0	0	0	0	0	0	0	0	0	0	0	0	0	0	0	0	0	0	0	0	0	0	0	0	0	0	0	0	0	0	0	0	0	0	0	0	0	0	0	0	0	
94536	Frontal_Med_Orb_R	0	0	1140	2886	0	8210	256	0	0	464	0	0	0	0	0	0	0	0	688	896	0	104	2024	7752	318	0	0	4336	0	304	1294	6654	232	456	0	0	0	0	0	0	0	0	0	0	0	0	0	0	0	0	0	0	0	0	0	0	0	0	0	0	0	0	0	0	0	0	0	0	0	0	136	5238	206	3674	0	0	0	0	0	0	0	0	0	0	0	0	0	0	0	0	0	0	0	0	0	0	0	0	0	0	0	0	0	0	0	0	0	0	0	0	0	0	0	0	0	0	
49508	Rectus_L	0	0	184	0	6794	0	0	0	2948	0	0	0	112	0	506	0	0	0	0	0	1244	982	604	0	3006	0	0	260	1344	0	2424	324	0	0	0	0	0	0	0	0	0	0	0	0	0	0	0	0	0	0	0	0	0	0	0	0	0	0	0	0	0	0	0	0	0	0	0	0	0	0	1292	374	2356	0	0	0	0	0	0	0	0	0	0	0	0	0	0	0	0	0	0	0	0	0	0	0	0	0	0	0	0	0	0	0	0	0	0	0	0	0	0	0	0	0	0	0	
50228	Rectus_R	0	0	0	100	0	8396	0	0	0	0	0	0	0	0	0	114	0	0	0	0	1074	2082	106	354	0	4336	260	0	0	414	920	2124	0	0	0	0	0	0	0	0	0	0	0	0	0	0	0	0	0	0	0	0	0	0	0	0	0	0	0	0	0	0	0	0	0	0	0	0	0	0	1080	2560	452	742	0	0	0	0	0	0	0	0	0	0	0	0	0	0	0	0	0	0	0	0	0	0	0	0	0	0	0	0	0	0	0	0	0	0	0	0	0	0	0	0	0	0	
724336	Insula_L	18876	0	41982	454	12296	0	18584	0	3578	0	30798	0	33566	0	14824	0	33472	0	18808	670	2480	0	3746	578	284	0	1344	0	0	120	4070	926	1342	1082	130	142	11362	0	1008	0	1960	0	0	0	0	0	0	0	0	0	0	0	236	0	4050	0	8414	0	0	0	812	0	184	0	0	0	0	0	716	0	18368	1074	24258	0	5034	0	1236	0	5516	0	21782	0	6978	0	1592	0	0	0	3436	0	0	0	0	0	0	0	0	0	0	0	0	0	0	0	0	0	0	0	0	0	0	0	0	0	0	0	
332496	Insula_R	160	3844	2000	13410	0	3646	458	5172	0	582	0	18272	112	10518	0	4892	0	13342	5762	12854	0	1524	1962	2184	0	304	0	414	120	0	928	5126	1182	10600	0	0	0	4136	0	1148	0	852	0	0	0	0	0	0	0	168	0	0	0	0	0	1562	0	1240	0	0	0	102	0	0	0	112	0	0	0	0	710	5922	0	18888	0	0	0	402	0	1874	0	5164	0	3616	0	534	0	0	0	450	0	0	0	0	0	0	0	0	0	0	0	0	0	0	0	0	0	0	0	0	0	0	0	0	0	0	
454496	Cingulum_Ant_L	546	0	28406	8288	3162	726	13758	784	720	0	516	302	4302	0	182	0	284	0	8954	5494	1606	1806	40346	12596	3820	1294	2424	920	4070	928	0	34518	10228	14344	0	0	0	0	0	0	0	0	0	0	0	0	0	0	0	0	0	0	0	0	0	0	0	0	0	0	0	0	0	0	0	0	0	0	96	0	8110	5016	6444	1760	360	0	0	0	0	0	138	0	0	0	0	0	0	0	0	0	0	0	0	0	0	0	0	0	0	0	0	0	0	0	0	0	0	0	0	0	0	0	0	0	0	0	
632072	Cingulum_Ant_R	302	0	14782	33558	0	7340	5546	7122	0	136	170	888	864	550	130	194	120	0	18194	19792	1094	1654	28962	40092	186	6654	324	2124	926	5126	34518	0	4886	41056	0	0	0	0	0	0	0	0	0	0	0	0	0	0	0	0	0	0	0	0	0	0	0	0	0	0	0	0	0	0	0	0	0	0	100	0	4004	22034	1552	10784	132	0	0	0	0	0	0	0	0	140	0	0	0	0	0	0	0	0	0	0	0	0	0	0	0	0	0	0	0	0	0	0	0	0	0	0	0	0	0	0	0	0	
258632	Cingulum_Mid_L	2664	0	6516	2898	0	122	1330	536	0	0	616	780	508	98	302	0	604	0	11968	7708	0	0	10120	2796	0	232	0	0	1342	1182	10228	4886	0	22166	6624	424	100	0	0	0	0	0	1042	622	2260	632	0	0	968	288	2134	0	0	0	0	0	284	0	994	0	1030	0	0	0	496	0	5628	1628	7632	1704	1894	2108	0	826	0	0	0	0	0	0	396	0	0	0	0	0	0	0	0	0	0	0	0	0	0	0	0	0	0	0	0	0	0	0	0	0	0	0	0	0	0	0	0	0	0	0	
861204	Cingulum_Mid_R	13984	1678	11818	31456	0	820	3610	8676	0	0	258	7532	618	3596	258	570	242	5216	46194	77984	0	0	25128	26208	0	456	0	0	1082	10600	14344	41056	22166	0	1092	4658	570	458	0	0	0	0	0	4514	0	2520	0	310	0	2266	0	1542	0	1068	0	606	0	1046	0	92	0	98	0	0	0	0	214	9678	17216	11140	1350	3828	256	4030	0	0	344	392	0	0	170	1584	0	1280	0	1412	0	0	0	1210	0	0	0	0	0	0	0	0	0	0	0	0	0	0	0	0	0	0	0	0	108	0	0	0	0	0	
110516	Cingulum_Post_L	2446	0	274	0	0	0	0	0	0	0	0	0	0	0	0	0	102	0	1802	920	0	0	0	0	0	0	0	0	130	0	0	0	6624	1092	0	7800	4104	2284	1090	394	0	0	4140	108	1732	96	930	0	702	0	1434	0	294	0	900	120	0	0	286	0	154	0	0	0	156	0	6884	1302	4734	0	0	0	332	0	0	0	788	354	0	0	0	0	0	0	648	0	0	0	0	0	0	0	0	0	0	0	102	0	0	0	0	0	0	0	0	0	0	0	0	0	0	0	0	0	0	0	
107876	Cingulum_Post_R	1922	120	100	0	0	0	110	0	0	0	0	0	0	0	0	0	114	0	0	1930	0	0	0	0	0	0	0	0	142	0	0	0	424	4658	7800	0	4180	4622	912	726	0	0	0	3118	0	232	280	2110	0	0	0	0	0	522	0	922	0	0	0	0	0	0	0	0	0	0	492	9306	744	708	126	0	470	214	0	0	1852	1492	0	0	0	0	0	0	0	302	0	0	0	1018	0	0	0	0	0	0	96	160	0	0	0	0	0	0	0	0	0	0	0	0	2014	0	0	0	0	0	
226724	Hippocampus_L	9576	102	3106	0	0	0	1780	0	0	0	388	0	0	0	136	0	2176	0	970	682	390	0	0	0	0	0	0	0	11362	0	0	0	100	570	4104	4180	0	2810	8142	494	5604	0	554	0	0	0	1056	0	0	0	0	0	0	0	8060	108	822	0	0	0	0	0	0	0	0	0	790	388	332	0	1084	0	15924	208	2086	0	6032	1004	3702	0	2830	0	2050	0	900	0	0	0	8372	0	0	0	0	0	166	0	222	0	0	0	0	0	0	0	0	0	0	0	0	0	0	0	0	0	0	0	
195120	Hippocampus_R	668	6962	0	5506	0	0	0	998	0	0	0	532	0	464	0	0	0	0	108	4596	0	0	0	0	0	0	0	0	0	4136	0	0	0	458	2284	4622	2810	0	788	13844	0	6734	0	92	0	0	274	1240	0	0	0	0	0	440	0	16648	0	166	0	0	0	0	0	0	0	0	106	1730	0	280	0	0	252	8364	0	948	1098	4182	0	348	0	916	0	1128	0	420	0	0	0	2264	0	0	0	0	0	0	96	492	0	0	0	0	0	0	0	0	0	0	0	0	566	0	0	0	0	0	
56716	ParaHippocampal_L	378	0	388	0	0	0	482	0	0	0	0	0	0	0	0	0	246	0	0	0	696	0	0	0	0	0	0	0	1008	0	0	0	0	0	1090	912	8142	788	0	206	668	0	190	0	0	0	1598	0	0	0	260	0	242	0	3230	0	120	0	0	0	0	0	0	0	0	0	350	130	0	0	592	0	2740	0	266	0	638	0	0	0	196	0	826	0	0	0	460	0	1000	0	0	0	0	0	184	0	240	0	0	0	0	0	0	0	0	0	0	0	0	92	0	0	0	0	0	0	
91816	ParaHippocampal_R	0	0	0	260	0	0	0	94	0	0	0	0	0	94	0	0	0	0	0	300	0	134	0	0	0	0	0	0	0	1148	0	0	0	0	394	726	494	13844	206	0	0	4052	0	158	0	0	0	2234	0	0	0	0	0	1420	0	12572	0	0	0	0	0	0	0	0	0	0	0	422	0	0	0	0	0	1934	0	644	142	642	0	206	0	278	0	1366	0	94	0	250	0	1122	0	0	0	0	0	0	0	678	0	0	0	0	0	0	0	0	0	0	0	0	0	0	0	0	0	0	
28612	Amygdala_L	0	0	0	0	0	0	0	0	0	0	0	0	0	0	0	0	0	0	0	0	314	0	0	0	0	0	0	0	1960	0	0	0	0	0	0	0	5604	0	668	0	0	0	0	0	0	0	0	0	0	0	0	0	0	0	1886	0	0	0	0	0	0	0	0	0	0	0	0	0	0	0	228	0	520	0	0	0	0	0	0	0	258	0	526	0	0	0	0	0	2342	0	0	0	0	0	0	0	0	0	0	0	0	0	0	0	0	0	0	0	0	0	0	0	0	0	0	0	
44236	Amygdala_R	0	0	0	0	0	174	0	0	0	0	0	0	0	0	0	0	0	0	0	270	0	552	0	0	0	0	0	0	0	852	0	0	0	0	0	0	0	6734	0	4052	0	0	0	0	0	0	0	0	0	0	0	0	0	0	0	5910	0	0	0	0	0	0	0	0	0	0	0	0	0	0	0	278	0	374	0	0	0	556	0	0	0	0	0	2142	0	0	0	110	0	114	0	0	0	0	0	0	0	0	0	0	0	0	0	0	0	0	0	0	0	0	0	0	0	0	0	0	
176684	Calcarine_L	0	0	0	0	0	0	0	0	0	0	0	0	0	0	0	0	0	0	0	0	0	0	0	0	0	0	0	0	0	0	0	0	1042	0	4140	0	554	0	190	0	0	0	0	5666	10598	4678	6122	1532	10576	1782	19322	486	4538	206	2868	714	0	0	366	0	172	0	0	0	0	0	8210	364	494	0	0	0	0	0	0	0	0	0	0	0	0	0	0	0	3482	0	0	0	150	0	0	0	0	0	0	0	0	0	90	0	0	0	0	0	0	0	0	0	0	0	0	0	0	0	0	0	
291140	Calcarine_R	0	200	0	0	0	0	0	0	0	0	0	0	0	0	0	0	0	0	0	976	0	0	0	0	0	0	0	0	0	0	0	0	622	4514	108	3118	0	92	0	158	0	0	5666	0	1900	25024	2268	17996	0	20378	0	11694	0	6346	0	11496	0	170	0	1220	0	0	0	0	0	172	544	18234	212	2596	0	0	0	0	0	0	0	0	0	0	0	0	0	0	0	5032	0	0	0	4516	0	94	0	0	0	0	0	0	0	0	0	0	0	0	0	0	0	0	0	0	224	0	0	0	0	0	
110988	Cuneus_L	0	0	0	0	0	0	0	0	0	0	0	0	0	0	0	0	0	0	0	0	0	0	0	0	0	0	0	0	0	0	0	0	2260	0	1732	0	0	0	0	0	0	0	10598	1900	0	3308	476	0	15014	480	13082	0	256	0	0	0	0	0	842	0	0	0	0	0	0	0	4252	576	718	0	0	0	0	0	0	0	0	0	0	0	0	0	0	0	0	0	0	0	0	0	0	0	0	0	0	0	0	0	0	0	0	0	0	0	0	0	0	0	0	0	0	0	0	0	0	0	
267060	Cuneus_R	0	1410	0	1014	0	0	0	0	0	0	0	0	0	0	0	0	0	0	0	630	0	0	0	0	0	0	0	0	0	0	0	0	632	2520	96	232	0	0	0	0	0	0	4678	25024	3308	0	340	5728	138	35230	134	15626	0	2724	0	4444	0	736	0	3042	0	280	0	0	0	968	1242	16540	0	2442	0	0	0	0	0	0	0	0	0	0	0	0	0	0	0	3486	0	0	0	780	0	106	0	0	0	0	0	0	0	0	0	0	0	0	0	0	0	0	0	0	0	0	0	0	0	0	
150064	Lingual_L	0	0	0	0	0	0	0	0	0	0	0	0	0	0	0	0	0	0	0	0	0	0	0	0	0	0	0	0	0	0	0	0	0	0	930	280	1056	274	1598	0	0	0	6122	2268	476	340	0	3512	1120	300	11382	142	7748	248	11698	1570	0	0	0	0	0	0	0	0	0	0	1332	162	0	0	0	0	0	0	0	0	0	0	0	0	0	0	0	0	0	0	0	0	0	0	3838	198	306	0	0	0	5268	0	7896	914	120	0	672	0	0	0	0	0	0	0	744	1912	606	0	0	0	
231272	Lingual_R	0	0	0	0	0	0	0	0	0	0	0	0	0	0	0	0	0	0	0	174	0	0	0	0	0	0	0	0	0	0	0	0	0	310	0	2110	0	1240	0	2234	0	0	1532	17996	0	5728	3512	0	0	5990	0	4254	176	6392	1042	20334	0	0	0	176	0	0	0	0	0	0	0	4374	0	0	0	0	0	0	0	0	0	206	0	0	0	0	0	0	0	998	0	0	0	1170	2880	2638	648	294	0	0	664	3032	3644	8416	444	0	466	0	154	0	0	0	0	0	3648	6220	2540	0	0	0	
171744	Occipital_Sup_L	0	0	0	0	0	0	0	0	0	0	0	0	0	0	0	0	0	0	0	0	0	0	0	0	0	0	0	0	0	0	0	0	968	0	702	0	0	0	0	0	0	0	10576	0	15014	138	1120	0	0	0	34084	0	2830	0	164	0	96	0	6748	0	2876	0	0	0	494	0	8790	0	148	0	0	0	0	0	0	0	0	0	0	0	0	0	0	0	1124	0	0	0	0	0	0	0	0	0	0	0	0	0	0	0	0	0	0	0	0	0	0	0	0	0	0	0	0	0	0	0	
346372	Occipital_Sup_R	0	5804	0	3960	0	0	0	200	0	0	0	266	0	0	0	0	0	320	0	1356	0	0	0	0	0	0	0	0	0	168	0	0	288	2266	0	0	0	0	0	0	0	0	1782	20378	480	35230	300	5990	0	0	0	29370	0	3374	0	5066	0	4536	0	8488	0	3310	0	288	0	7276	342	18432	0	2986	0	0	0	0	0	0	0	0	0	0	0	420	0	0	0	7800	0	0	0	2600	0	110	0	0	0	0	0	0	0	0	0	0	0	0	0	0	0	0	0	0	0	0	0	0	0	0	
371520	Occipital_Mid_L	0	0	0	0	0	0	0	0	0	0	0	0	0	0	0	0	1426	0	0	0	0	0	0	0	0	0	0	0	0	0	0	0	2134	0	1434	0	0	0	260	0	0	0	19322	0	13082	134	11382	0	34084	0	0	0	23952	0	6424	0	764	0	15854	0	16038	0	1058	0	10182	0	10456	0	2264	0	0	0	0	0	0	0	0	0	0	0	954	0	0	0	14134	0	0	0	422	0	0	0	0	0	0	0	0	0	0	0	0	0	0	0	0	0	0	0	0	0	0	0	0	0	0	0	
271832	Occipital_Mid_R	0	1602	0	864	0	0	0	0	0	0	0	138	0	0	0	0	0	216	0	1320	0	0	0	0	0	0	0	0	0	0	0	0	0	1542	0	0	0	0	0	0	0	0	486	11694	0	15626	142	4254	0	29370	0	0	0	5512	0	4906	0	636	0	6986	0	5764	0	256	0	16500	118	5732	0	1382	0	0	0	0	0	0	0	0	0	0	0	604	0	0	0	15916	0	0	0	4350	0	0	0	0	0	0	0	0	0	0	0	0	0	0	0	0	0	0	0	0	0	0	0	0	0	0	
133016	Occipital_Inf_L	0	0	0	0	0	0	0	0	0	0	0	0	0	0	0	0	170	0	0	0	0	0	0	0	0	0	0	0	236	0	0	0	0	0	294	0	0	0	242	0	0	0	4538	0	256	0	7748	176	2830	0	23952	0	0	0	11172	0	90	0	624	0	678	0	252	0	0	0	1478	0	504	0	0	0	0	0	0	0	0	0	0	0	224	0	0	0	4430	0	0	0	3374	0	710	0	0	0	0	0	408	0	1644	116	0	0	0	0	0	0	0	0	0	0	0	362	0	0	0	0	
113248	Occipital_Inf_R	0	198	0	0	0	0	0	0	0	0	0	0	0	0	0	0	0	0	0	1076	0	0	0	0	0	0	0	0	0	0	0	0	0	1068	0	522	0	440	0	1420	0	0	206	6346	0	2724	248	6392	0	3374	0	5512	0	0	0	10114	0	176	0	166	0	472	0	350	0	566	0	2524	0	794	0	0	0	0	0	0	0	0	0	128	0	282	0	0	0	2604	0	0	0	8606	0	0	0	0	0	0	0	140	0	176	0	0	0	0	0	0	0	0	0	0	0	0	0	0	0	0	
289272	Fusiform_L	1128	0	186	0	0	0	0	0	0	0	0	0	0	0	0	0	486	0	0	0	0	0	0	0	0	0	0	0	4050	0	0	0	0	0	900	0	8060	0	3230	0	1886	0	2868	0	0	0	11698	1042	164	0	6424	0	11172	0	0	0	294	0	0	0	236	0	188	0	258	0	1446	0	830	0	160	0	1230	0	176	0	0	0	1464	0	2062	0	3488	0	3970	0	1980	0	14254	0	16734	194	3008	0	204	0	8962	0	23898	722	690	0	1912	0	0	0	0	0	0	0	296	1870	816	0	0	0	
306504	Fusiform_R	0	270	0	322	0	0	0	0	0	0	0	0	0	0	0	0	0	0	0	892	0	0	0	0	0	0	0	0	0	1562	0	0	0	606	120	922	108	16648	0	12572	0	5910	714	11496	0	4444	1570	20334	0	5066	0	4906	0	10114	0	0	0	356	0	456	0	952	0	844	0	1514	0	2158	0	338	0	0	0	1660	0	0	0	0	0	404	0	1546	0	3080	0	3868	0	1856	0	14256	0	5346	0	538	0	0	310	3488	252	8212	0	0	0	424	0	0	0	0	0	0	1858	868	92	0	0	0	
248556	Postcentral_L	27698	0	1138	0	0	0	2178	0	0	0	6580	0	694	0	0	0	10778	0	2914	106	0	0	0	0	0	0	0	0	8414	0	0	0	284	0	0	0	822	0	120	0	0	0	0	0	0	0	0	0	96	0	764	0	90	0	294	0	0	0	7134	0	23410	0	8884	0	2246	0	2232	0	5110	0	902	0	3050	0	1264	0	1540	0	1554	0	3810	0	0	0	172	0	0	0	0	0	0	0	0	0	0	0	0	0	0	0	0	0	0	0	0	0	0	0	0	0	0	0	0	0	0	0	
179584	Postcentral_R	0	23458	0	2950	0	0	0	1700	0	0	0	1626	0	0	0	0	0	2494	0	1500	0	0	0	0	0	0	0	0	0	1240	0	0	0	1046	0	0	0	166	0	0	0	0	0	170	0	736	0	0	0	4536	0	636	0	176	0	356	0	0	0	9096	0	7040	0	12072	0	3738	0	5628	96	4070	0	0	0	218	0	0	0	0	0	464	0	892	0	0	0	1680	0	0	0	2008	0	0	0	0	0	0	0	0	0	0	0	0	0	0	0	0	0	0	0	0	0	0	0	0	0	0	
132448	Parietal_Sup_L	0	0	0	0	0	0	0	0	0	0	0	0	0	0	0	0	0	0	0	0	0	0	0	0	0	0	0	0	0	0	0	0	994	0	286	0	0	0	0	0	0	0	366	0	842	0	0	0	6748	0	15854	0	624	0	0	0	7134	0	0	0	18270	0	0	0	4090	0	10368	0	172	0	0	0	0	0	0	0	0	0	0	0	0	0	0	0	476	0	0	0	0	0	0	0	0	0	0	0	0	0	0	0	0	0	0	0	0	0	0	0	0	0	0	0	0	0	0	0	
150632	Parietal_Sup_R	0	462	0	182	0	0	0	0	0	0	0	0	0	0	0	0	0	792	0	0	0	0	0	0	0	0	0	0	0	0	0	0	0	92	0	0	0	0	0	0	0	0	0	1220	0	3042	0	176	0	8488	0	6986	0	166	0	456	0	9096	0	0	0	13796	0	5758	0	13286	0	6674	0	0	0	0	0	0	0	0	0	0	0	0	0	658	0	0	0	1836	0	0	0	2150	0	0	0	0	0	0	0	0	0	0	0	0	0	0	0	0	0	0	0	0	0	0	0	0	0	0	
241584	Parietal_Inf_L	2374	0	0	0	0	0	0	0	0	0	0	0	0	0	0	0	1868	0	408	0	0	0	0	0	0	0	0	0	812	0	0	0	1030	0	154	0	0	0	0	0	0	0	172	0	0	0	0	0	2876	0	16038	0	678	0	236	0	23410	0	18270	0	0	0	17160	0	19746	0	3286	0	878	0	0	0	146	0	94	0	0	0	0	0	3102	0	0	0	4714	0	0	0	3340	0	0	0	0	0	0	0	0	0	0	0	0	0	0	0	0	0	0	0	0	0	0	0	0	0	0	0	
141512	Parietal_Inf_R	0	718	0	108	0	0	0	0	0	0	0	0	0	0	0	0	0	918	0	0	0	0	0	0	0	0	0	0	0	102	0	0	0	98	0	0	0	0	0	0	0	0	0	0	0	280	0	0	0	3310	0	5764	0	472	0	952	0	7040	0	13796	0	0	0	10402	0	18508	0	378	0	0	0	0	0	0	0	0	0	0	0	0	0	760	0	0	0	2690	0	0	0	4460	0	0	0	0	0	0	0	0	0	0	0	0	0	0	0	0	0	0	0	0	0	0	0	0	0	0	
107740	SupraMarginal_L	316	0	0	0	0	0	0	0	0	0	0	0	0	0	0	0	3620	0	0	0	0	0	0	0	0	0	0	0	184	0	0	0	0	0	0	0	0	0	0	0	0	0	0	0	0	0	0	0	0	0	1058	0	252	0	188	0	8884	0	0	0	17160	0	0	0	9058	0	0	0	132	0	0	0	0	0	0	0	0	0	176	0	5962	0	0	0	4182	0	0	0	2698	0	0	0	0	0	0	0	0	0	0	0	0	0	0	0	0	0	0	0	0	0	0	0	0	0	0	0	
134532	SupraMarginal_R	0	4060	0	110	0	0	0	912	0	0	0	0	0	0	0	0	0	1586	0	182	0	0	0	0	0	0	0	0	0	0	0	0	0	0	0	0	0	0	0	0	0	0	0	0	0	0	0	0	0	288	0	256	0	350	0	844	0	12072	0	5758	0	10402	0	0	0	8576	0	0	0	94	0	0	0	0	0	0	0	0	0	0	0	5766	0	0	0	7938	0	0	0	8072	0	0	0	0	0	0	0	0	0	0	0	0	0	0	0	0	0	0	0	0	0	0	0	0	0	0	
118392	Angular_L	246	0	0	0	0	0	0	0	0	0	0	0	0	0	0	0	1324	0	276	0	0	0	0	0	0	0	0	0	0	0	0	0	496	0	156	0	0	0	0	0	0	0	0	0	0	0	0	0	494	0	10182	0	0	0	258	0	2246	0	4090	0	19746	0	9058	0	0	0	658	0	316	0	0	0	0	0	0	0	0	0	0	0	3004	0	0	0	4756	0	0	0	1890	0	0	0	0	0	0	0	0	0	0	0	0	0	0	0	0	0	0	0	0	0	0	0	0	0	0	0	
171192	Angular_R	0	526	0	0	0	0	0	0	0	0	0	104	0	0	0	0	0	528	0	0	0	0	0	0	0	0	0	0	0	112	0	0	0	0	0	0	0	0	0	0	0	0	0	172	0	968	0	0	0	7276	0	16500	0	566	0	1514	0	3738	0	13286	0	18508	0	8576	0	0	0	550	0	0	0	0	0	0	0	0	0	0	0	0	0	2632	0	0	0	5450	0	0	0	4590	0	0	0	0	0	0	0	0	0	0	0	0	0	0	0	0	0	0	0	0	0	0	0	0	0	0	
157568	Precuneus_L	0	0	0	0	0	0	0	0	0	0	0	0	0	0	0	0	0	0	0	0	0	0	0	0	0	0	0	0	0	0	0	0	5628	214	6884	492	790	106	350	0	0	0	8210	544	4252	1242	1332	0	8790	342	10456	118	1478	0	1446	0	2232	0	10368	0	3286	0	0	0	658	0	0	5250	2776	454	0	0	0	0	0	0	0	0	0	0	0	0	0	0	1086	0	0	0	0	0	0	0	0	0	0	0	0	0	0	0	0	0	0	0	0	0	0	0	0	0	0	0	0	0	0	0	
286220	Precuneus_R	172	4224	0	3124	0	0	0	0	0	0	0	0	0	0	0	0	0	0	0	2172	0	0	0	0	0	0	0	0	0	0	0	0	1628	9678	1302	9306	388	1730	130	422	0	0	364	18234	576	16540	162	4374	0	18432	0	5732	0	2524	0	2158	0	5628	0	6674	0	378	0	0	0	550	5250	0	402	9210	0	0	0	0	0	0	0	0	0	0	0	0	0	0	0	4012	0	0	0	5288	0	0	0	0	0	0	0	270	0	0	0	0	0	0	0	0	0	0	0	0	2076	0	0	0	0	0	
267380	Paracentral_Lobule_L	30604	0	7760	0	0	0	166	140	0	0	0	0	0	0	0	0	260	0	19252	17426	0	0	0	0	0	0	0	0	716	0	96	100	7632	17216	4734	744	332	0	0	0	0	0	494	212	718	0	0	0	148	0	2264	0	504	0	830	0	5110	96	172	0	878	0	132	0	316	0	2776	402	0	1260	2250	220	180	116	0	0	4588	0	0	0	252	0	0	0	2376	0	0	0	218	0	0	0	0	0	0	0	0	0	0	0	0	0	0	0	0	0	0	0	0	0	0	0	0	0	0	0	
119880	Paracentral_Lobule_R	320	3508	0	854	0	0	0	0	0	0	0	0	0	0	0	0	0	0	346	11522	0	0	0	0	0	0	0	0	0	0	0	0	1704	11140	0	708	0	280	0	0	0	0	0	2596	0	2442	0	0	0	2986	0	1382	0	794	0	338	0	4070	0	0	0	0	0	94	0	0	454	9210	1260	0	0	0	0	0	0	0	0	0	0	0	0	400	0	0	0	2286	0	0	0	1246	0	0	0	0	0	0	0	0	0	0	0	0	0	0	0	0	0	0	0	0	0	0	0	0	0	0	
448096	Caudate_L	6944	0	38980	512	2470	108	5092	0	0	0	10896	462	5436	0	130	0	5292	0	31304	2146	4880	5412	3614	730	208	136	1292	1080	18368	710	8110	4004	1894	1350	0	126	1084	0	592	0	228	0	0	0	0	0	0	0	0	0	0	0	0	0	160	0	902	0	0	0	0	0	0	0	0	0	0	0	2250	0	0	11046	23114	740	9260	0	9818	138	0	0	2560	0	470	0	0	0	0	0	0	0	0	0	0	0	0	0	0	0	0	0	0	0	0	0	0	0	0	0	0	0	0	0	0	0	0	0	
405620	Caudate_R	876	670	13324	9346	0	5070	2762	186	0	498	602	3856	690	0	0	0	474	0	20914	29622	2684	3518	1694	8196	0	5238	374	2560	1074	5922	5016	22034	2108	3828	0	0	0	0	0	0	0	278	0	0	0	0	0	0	0	0	0	0	0	0	0	0	0	0	0	0	0	0	0	0	0	0	0	0	220	0	11046	0	2840	16944	560	1728	184	15380	0	0	226	0	0	268	0	0	0	0	0	0	0	0	0	0	0	0	0	0	0	0	0	0	0	0	0	0	0	0	0	0	0	0	0	0	0	0	
417968	Putamen_L	9062	0	30470	0	6584	0	5848	0	1052	0	3572	0	1564	0	1236	0	6096	0	15332	432	3160	2592	1102	0	884	206	2356	452	24258	0	6444	1552	0	256	332	470	15924	252	2740	0	520	0	0	0	0	0	0	0	0	0	0	0	0	0	1230	0	3050	0	0	0	146	0	0	0	0	0	0	0	180	0	23114	2840	0	0	19272	0	7910	184	876	0	2656	0	2000	0	226	0	0	0	552	0	0	0	0	0	0	0	0	0	0	0	0	0	0	0	0	0	0	0	0	0	0	0	0	0	0	0	
279492	Putamen_R	332	882	1802	14386	0	4764	196	3796	0	1976	92	3380	0	3036	0	1212	0	1338	4530	15418	0	0	846	5562	0	3674	0	742	0	18888	1760	10784	826	4030	0	214	208	8364	0	1934	0	374	0	0	0	0	0	0	0	0	0	0	0	0	0	1660	0	218	0	0	0	0	0	0	0	0	0	0	116	0	740	16944	0	0	0	2328	216	1630	0	0	0	258	0	290	0	0	0	0	0	0	0	0	0	0	0	0	0	0	0	0	0	0	0	0	0	0	0	0	0	0	0	0	0	0	0	0	
140344	Pallidum_L	1340	0	13460	0	664	0	586	0	0	0	584	0	192	0	0	0	2816	0	7828	134	0	0	142	0	0	0	0	0	5034	0	360	132	0	0	0	0	2086	0	266	0	0	0	0	0	0	0	0	0	0	0	0	0	0	0	176	0	1264	0	0	0	94	0	0	0	0	0	0	0	0	0	9260	560	19272	0	0	0	2142	0	152	0	1454	0	174	0	0	0	0	0	0	0	0	0	0	0	0	0	0	0	0	0	0	0	0	0	0	0	0	0	0	0	0	0	0	0	0	0	
18700	Pallidum_R	0	0	198	908	0	0	0	0	0	0	0	0	0	0	0	0	0	0	746	1850	0	0	0	0	0	0	0	0	0	0	0	0	0	0	0	0	0	948	0	644	0	0	0	0	0	0	0	0	0	0	0	0	0	0	0	0	0	0	0	0	0	0	0	0	0	0	0	0	0	0	0	1728	0	2328	0	0	0	0	0	0	0	0	0	0	0	0	0	0	0	0	0	0	0	0	0	0	0	0	0	0	0	0	0	0	0	0	0	0	0	0	0	0	0	0	0	0	
194532	Thalamus_L	20108	108	14866	0	288	0	1392	0	0	0	0	0	0	0	0	0	602	0	17750	1250	0	0	0	0	0	0	0	0	1236	0	0	0	0	344	788	1852	6032	1098	638	142	0	0	0	0	0	0	0	0	0	0	0	0	0	0	0	0	1540	0	0	0	0	0	0	0	0	0	0	0	4588	0	9818	184	7910	216	2142	0	0	2202	0	0	172	0	0	0	0	0	0	0	0	0	0	0	0	0	0	0	0	0	0	0	0	0	0	0	0	0	0	0	0	0	0	0	0	0	0	0	
141196	Thalamus_R	950	1722	846	4152	0	0	0	2206	0	0	0	442	0	0	0	0	0	0	3190	28326	0	0	0	0	0	0	0	0	0	402	0	0	0	392	354	1492	1004	4182	0	642	0	556	0	0	0	0	0	206	0	0	0	0	0	0	0	0	0	0	0	0	0	0	0	0	0	0	0	0	0	0	138	15380	184	1630	0	0	2202	0	0	0	0	0	0	0	0	0	0	0	0	0	0	0	0	0	0	0	0	0	0	0	0	0	0	0	0	0	0	0	0	0	0	0	0	0	0	0	
49232	Heschl_L	4370	0	0	0	0	0	0	0	0	0	178	0	0	0	0	0	3190	0	166	0	0	0	0	0	0	0	0	0	5516	0	0	0	0	0	0	0	3702	0	0	0	0	0	0	0	0	0	0	0	0	0	0	0	0	0	1464	0	1554	0	0	0	0	0	176	0	0	0	0	0	0	0	0	0	876	0	152	0	0	0	0	0	2450	0	0	0	412	0	0	0	410	0	0	0	0	0	0	0	0	0	0	0	0	0	0	0	0	0	0	0	0	0	0	0	0	0	0	0	
20160	Heschl_R	0	204	0	228	0	0	0	0	0	0	0	0	0	0	0	0	0	1816	0	214	0	0	0	0	0	0	0	0	0	1874	0	0	0	0	0	0	0	348	0	206	0	0	0	0	0	0	0	0	0	0	0	0	0	128	0	404	0	464	0	0	0	0	0	0	0	0	0	0	0	0	0	0	0	0	0	0	0	0	0	0	0	2906	0	0	0	636	0	0	0	652	0	0	0	0	0	0	0	0	0	0	0	0	0	0	0	0	0	0	0	0	0	0	0	0	0	0	
284436	Temporal_Sup_L	5342	0	9040	0	0	0	4920	0	0	0	7096	0	450	0	0	0	22142	0	4542	234	0	0	148	0	0	0	0	0	21782	0	138	0	396	170	0	0	2830	0	196	0	258	0	0	0	0	0	0	0	0	0	954	0	224	0	2062	0	3810	0	0	0	3102	0	5962	0	3004	0	0	0	252	0	2560	226	2656	0	1454	0	172	0	2450	0	0	0	2832	0	22276	0	94	0	8444	0	0	0	0	0	0	0	0	0	0	0	0	0	0	0	0	0	0	0	0	0	0	0	0	0	0	0	
110432	Temporal_Sup_R	0	1526	0	4188	0	0	0	118	0	0	0	338	0	0	0	0	0	5864	572	3828	0	0	0	0	0	0	0	0	0	5164	0	0	0	1584	0	0	0	916	0	278	0	0	0	0	0	0	0	0	0	420	0	604	0	282	0	1546	0	892	0	658	0	760	0	5766	0	2632	0	0	0	400	0	0	0	258	0	0	0	0	0	2906	0	0	0	1498	0	9112	0	408	0	2698	0	0	0	0	0	0	0	0	0	0	0	0	0	0	0	0	0	0	0	0	0	0	0	0	0	0	
84476	Temporal_Pole_Sup_L	0	0	1266	0	842	0	172	0	260	0	2444	0	866	0	1382	0	1448	0	544	0	602	0	0	0	0	0	0	0	6978	0	0	0	0	0	0	0	2050	0	826	0	526	0	0	0	0	0	0	0	0	0	0	0	0	0	3488	0	0	0	0	0	0	0	0	0	0	0	0	0	0	0	470	0	2000	0	174	0	0	0	0	0	2832	0	0	0	5378	0	3380	0	4310	0	0	0	0	0	0	0	0	0	0	0	0	0	0	0	0	0	0	0	0	0	0	0	0	0	0	0	
58108	Temporal_Pole_Sup_R	0	0	186	1038	0	0	0	90	0	0	0	2410	0	292	0	90	0	1512	322	1204	0	0	0	0	0	0	0	0	0	3616	0	140	0	1280	0	0	0	1128	0	1366	0	2142	0	0	0	0	0	0	0	0	0	0	0	0	0	3080	0	0	0	0	0	0	0	0	0	0	0	0	0	0	0	268	0	290	0	0	0	0	0	0	0	1498	0	0	0	2190	0	3686	0	1226	0	0	0	0	0	0	0	0	0	0	0	0	0	0	0	0	0	0	0	0	0	0	0	0	0	0	
210548	Temporal_Mid_L	204	0	0	0	0	0	0	0	0	0	0	0	0	0	0	0	3066	0	0	0	0	0	0	0	0	0	0	0	1592	0	0	0	0	0	648	0	900	0	0	0	0	0	3482	0	0	0	0	0	1124	0	14134	0	4430	0	3970	0	172	0	476	0	4714	0	4182	0	4756	0	1086	0	2376	0	0	0	226	0	0	0	0	0	412	0	22276	0	5378	0	0	0	2624	0	23046	0	0	0	0	0	0	0	0	0	0	0	0	0	0	0	0	0	0	0	0	0	0	0	0	0	0	0	
228292	Temporal_Mid_R	0	1574	0	232	0	0	0	0	0	0	0	0	0	0	0	0	0	0	0	2554	0	0	0	0	0	0	0	0	0	534	0	0	0	1412	0	302	0	420	0	94	0	0	0	5032	0	3486	0	998	0	7800	0	15916	0	2604	0	3868	0	1680	0	1836	0	2690	0	7938	0	5450	0	4012	0	2286	0	0	0	0	0	0	0	0	0	636	0	9112	0	2190	0	0	0	1554	0	27936	0	0	0	0	0	0	0	0	0	0	0	0	0	0	0	0	0	0	0	0	0	0	0	0	0	0	
21332	Temporal_Pole_Mid_L	0	0	0	0	0	0	0	0	0	0	0	0	0	0	0	0	0	0	0	0	0	0	0	0	0	0	0	0	0	0	0	0	0	0	0	0	0	0	460	0	0	0	0	0	0	0	0	0	0	0	0	0	0	0	1980	0	0	0	0	0	0	0	0	0	0	0	0	0	0	0	0	0	0	0	0	0	0	0	0	0	94	0	3380	0	2624	0	0	0	2128	0	0	0	0	0	0	0	0	0	0	0	0	0	0	0	0	0	0	0	0	0	0	0	0	0	0	0	
19916	Temporal_Pole_Mid_R	0	0	0	0	0	0	0	0	0	0	0	0	0	0	0	0	0	0	0	0	0	0	0	0	0	0	0	0	0	0	0	0	0	0	0	0	0	0	0	250	0	110	0	0	0	0	0	0	0	0	0	0	0	0	0	1856	0	0	0	0	0	0	0	0	0	0	0	0	0	0	0	0	0	0	0	0	0	0	0	0	0	408	0	3686	0	1554	0	0	0	2094	0	0	0	0	0	0	0	0	0	0	0	0	0	0	0	0	0	0	0	0	0	0	0	0	0	0	
173396	Temporal_Inf_L	146	0	0	0	0	0	0	0	0	0	0	0	0	0	94	0	438	0	0	0	208	0	0	0	0	0	0	0	3436	0	0	0	0	0	0	0	8372	0	1000	0	2342	0	150	0	0	0	0	0	0	0	422	0	3374	0	14254	0	0	0	0	0	3340	0	2698	0	1890	0	0	0	218	0	0	0	552	0	0	0	0	0	410	0	8444	0	4310	0	23046	0	2128	0	0	0	2846	0	996	0	0	0	0	0	500	0	616	0	468	0	0	0	0	0	0	0	0	0	0	0	0	0	
219612	Temporal_Inf_R	0	1376	0	390	0	0	0	0	0	0	0	0	0	0	0	0	0	0	0	2142	0	0	0	0	0	0	0	0	0	450	0	0	0	1210	0	1018	0	2264	0	1122	0	114	0	4516	0	780	0	1170	0	2600	0	4350	0	8606	0	14256	0	2008	0	2150	0	4460	0	8072	0	4590	0	5288	0	1246	0	0	0	0	0	0	0	0	0	652	0	2698	0	1226	0	27936	0	2094	0	0	0	1022	0	0	0	0	0	0	0	0	0	0	0	0	0	0	0	0	0	0	0	0	0	0	0	0	
340680	Cerebelum_Crus1_L	0	0	0	0	0	0	0	0	0	0	0	0	0	0	0	0	0	0	0	0	0	0	0	0	0	0	0	0	0	0	0	0	0	0	0	0	0	0	0	0	0	0	0	0	0	0	3838	2880	0	0	0	0	710	0	16734	0	0	0	0	0	0	0	0	0	0	0	0	0	0	0	0	0	0	0	0	0	0	0	0	0	0	0	0	0	0	0	0	0	2846	0	0	2558	25184	2078	908	0	15268	204	45026	3970	9484	1058	18514	1104	836	272	158	0	0	332	908	5738	8374	946	412	0	
289648	Cerebelum_Crus1_R	0	0	0	0	0	0	0	0	0	0	0	0	0	0	0	0	0	0	0	0	0	0	0	0	0	0	0	0	0	0	0	0	0	0	0	0	0	0	0	0	0	0	0	94	0	106	198	2638	0	110	0	0	0	0	194	5346	0	0	0	0	0	0	0	0	0	0	0	0	0	0	0	0	0	0	0	0	0	0	0	0	0	0	0	0	0	0	0	0	0	1022	2558	0	1360	26268	0	2918	568	15376	1852	40418	170	6632	398	16884	168	1364	0	0	138	1460	3094	3672	7150	1612	1056	0	
220440	Cerebelum_Crus2_L	0	0	0	0	0	0	0	0	0	0	0	0	0	0	0	0	0	0	0	0	0	0	0	0	0	0	0	0	0	0	0	0	0	0	0	0	0	0	0	0	0	0	0	0	0	0	306	648	0	0	0	0	0	0	3008	0	0	0	0	0	0	0	0	0	0	0	0	0	0	0	0	0	0	0	0	0	0	0	0	0	0	0	0	0	0	0	0	0	996	0	25184	1360	0	7506	0	0	1110	0	6170	1240	22654	4768	19728	2464	1498	0	94	0	0	0	0	1090	8002	2394	0	0	
234960	Cerebelum_Crus2_R	0	0	0	0	0	0	0	0	0	0	0	0	0	0	0	0	0	0	0	0	0	0	0	0	0	0	0	0	0	0	0	0	0	0	0	0	0	0	0	0	0	0	0	0	0	0	0	294	0	0	0	0	0	0	0	538	0	0	0	0	0	0	0	0	0	0	0	0	0	0	0	0	0	0	0	0	0	0	0	0	0	0	0	0	0	0	0	0	0	0	2078	26268	7506	0	0	1754	0	4872	652	10816	4916	16772	2118	22730	278	790	0	0	0	1216	686	644	9252	2946	354	0	
18108	Cerebelum_3_L	0	0	0	0	0	0	0	0	0	0	0	0	0	0	0	0	0	0	0	0	0	0	0	0	0	0	0	0	0	0	0	0	0	0	0	0	166	0	184	0	0	0	0	0	0	0	0	0	0	0	0	0	0	0	204	0	0	0	0	0	0	0	0	0	0	0	0	0	0	0	0	0	0	0	0	0	0	0	0	0	0	0	0	0	0	0	0	0	0	0	908	0	0	0	0	0	3134	0	1924	188	0	0	468	0	480	0	0	0	302	532	296	268	0	0	0	0	
42500	Cerebelum_3_R	0	0	0	0	0	0	0	0	0	0	0	0	0	0	0	0	0	0	0	0	0	0	0	0	0	0	0	0	0	0	0	0	0	0	0	0	0	0	0	0	0	0	0	0	0	0	0	0	0	0	0	0	0	0	0	0	0	0	0	0	0	0	0	0	0	0	0	0	0	0	0	0	0	0	0	0	0	0	0	0	0	0	0	0	0	0	0	0	0	0	0	2918	0	1754	0	0	0	4502	0	5214	0	164	0	1762	0	442	0	0	376	2644	358	334	180	308	294	0	
175608	Cerebelum_4_5_L	0	0	0	0	0	0	0	0	0	0	0	0	0	0	0	0	0	0	0	0	0	0	0	0	0	0	0	0	0	0	0	0	0	0	102	96	222	96	240	0	0	0	0	0	0	0	5268	664	0	0	0	0	408	0	8962	310	0	0	0	0	0	0	0	0	0	0	0	0	0	0	0	0	0	0	0	0	0	0	0	0	0	0	0	0	0	0	0	0	0	0	15268	568	1110	0	3134	0	0	526	27888	1588	654	0	4492	0	2558	1088	358	0	212	678	5292	3052	624	680	870	796	
149800	Cerebelum_4_5_R	0	0	0	0	0	0	0	0	0	0	0	0	0	0	0	0	0	0	0	0	0	0	0	0	0	0	0	0	0	0	0	0	0	0	0	160	0	492	0	678	0	0	0	0	0	0	0	3032	0	0	0	0	0	140	0	3488	0	0	0	0	0	0	0	0	0	0	0	270	0	0	0	0	0	0	0	0	0	0	0	0	0	0	0	0	0	0	0	0	0	0	204	15376	0	4872	0	4502	526	0	362	24958	0	564	0	4358	0	544	0	0	118	2450	6662	484	236	244	180	0	
338720	Cerebelum_6_L	0	0	0	0	0	0	0	0	0	0	0	0	0	0	0	0	0	0	0	0	0	0	0	0	0	0	0	0	0	0	0	0	0	0	0	0	0	0	0	0	0	0	90	0	0	0	7896	3644	0	0	0	0	1644	0	23898	252	0	0	0	0	0	0	0	0	0	0	0	0	0	0	0	0	0	0	0	0	0	0	0	0	0	0	0	0	0	0	0	0	500	0	45026	1852	6170	652	1924	0	27888	362	0	4586	3646	150	10486	782	2164	1686	378	0	126	460	2702	10342	6284	1924	1720	126	
316680	Cerebelum_6_R	0	0	0	0	0	0	0	0	0	0	0	0	0	0	0	0	0	0	0	0	0	0	0	0	0	0	0	0	0	0	0	0	0	0	0	0	0	0	0	0	0	0	0	0	0	0	914	8416	0	0	0	0	116	176	722	8212	0	0	0	0	0	0	0	0	0	0	0	0	0	0	0	0	0	0	0	0	0	0	0	0	0	0	0	0	0	0	0	0	0	0	3970	40418	1240	10816	188	5214	1588	24958	4586	0	548	1412	832	10150	468	1564	0	102	262	3426	8066	8864	8072	1858	1182	0	
166940	Cerebelum_7b_L	0	0	0	0	0	0	0	0	0	0	0	0	0	0	0	0	0	0	0	0	0	0	0	0	0	0	0	0	0	0	0	0	0	0	0	0	0	0	0	0	0	0	0	0	0	0	120	444	0	0	0	0	0	0	690	0	0	0	0	0	0	0	0	0	0	0	0	0	0	0	0	0	0	0	0	0	0	0	0	0	0	0	0	0	0	0	0	0	616	0	9484	170	22654	4916	0	0	654	0	3646	548	0	3700	21852	2520	2864	0	196	0	0	0	0	810	4610	2976	0	0	
116356	Cerebelum_7b_R	0	0	0	0	0	0	0	0	0	0	0	0	0	0	0	0	0	0	0	0	0	0	0	0	0	0	0	0	0	0	0	0	0	0	0	0	0	0	0	0	0	0	0	0	0	0	0	0	0	0	0	0	0	0	0	0	0	0	0	0	0	0	0	0	0	0	0	0	0	0	0	0	0	0	0	0	0	0	0	0	0	0	0	0	0	0	0	0	0	0	1058	6632	4768	16772	0	164	0	564	150	1412	3700	0	1626	14248	140	332	0	0	0	0	0	0	4650	1962	0	0	
211632	Cerebelum_8_L	0	0	0	0	0	0	0	0	0	0	0	0	0	0	0	0	0	0	0	0	0	0	0	0	0	0	0	0	0	0	0	0	0	0	0	0	0	0	0	0	0	0	0	0	0	0	672	466	0	0	0	0	0	0	1912	0	0	0	0	0	0	0	0	0	0	0	0	0	0	0	0	0	0	0	0	0	0	0	0	0	0	0	0	0	0	0	0	0	468	0	18514	398	19728	2118	468	0	4492	0	10486	832	21852	1626	0	3502	6280	224	910	0	0	176	326	1598	3946	4112	710	0	
201924	Cerebelum_8_R	0	0	0	0	0	0	0	0	0	0	0	0	0	0	0	0	0	0	0	0	0	0	0	0	0	0	0	0	0	0	0	0	0	0	0	0	0	0	0	0	0	0	0	0	0	0	0	0	0	0	0	0	0	0	0	424	0	0	0	0	0	0	0	0	0	0	0	0	0	0	0	0	0	0	0	0	0	0	0	0	0	0	0	0	0	0	0	0	0	0	1104	16884	2464	22730	0	1762	0	4358	782	10150	2520	14248	3502	0	426	4722	0	0	0	448	264	1090	7086	4706	1186	106	
58756	Cerebelum_9_L	0	0	0	0	0	0	0	0	0	0	0	0	0	0	0	0	0	0	0	0	0	0	0	0	0	0	0	0	0	0	0	0	0	0	0	0	0	0	0	0	0	0	0	0	0	0	0	154	0	0	0	0	0	0	0	0	0	0	0	0	0	0	0	0	0	0	0	0	0	0	0	0	0	0	0	0	0	0	0	0	0	0	0	0	0	0	0	0	0	0	836	168	1498	278	480	0	2558	0	2164	468	2864	140	6280	426	0	810	2890	0	0	0	1178	1914	1132	1446	1424	270	
68684	Cerebelum_9_R	0	0	0	0	0	0	0	0	0	0	0	0	0	0	0	0	0	0	0	0	0	0	0	0	0	0	0	0	0	0	0	0	0	0	0	0	0	0	0	0	0	0	0	0	0	0	0	0	0	0	0	0	0	0	0	0	0	0	0	0	0	0	0	0	0	0	0	0	0	0	0	0	0	0	0	0	0	0	0	0	0	0	0	0	0	0	0	0	0	0	272	1364	0	790	0	442	1088	544	1686	1564	0	332	224	4722	810	0	0	1502	274	556	1536	4336	2640	3876	4172	1612	
10964	Cerebelum_10_L	0	0	0	0	0	0	0	0	0	0	0	0	0	0	0	0	0	0	0	0	0	0	0	0	0	0	0	0	0	0	0	0	0	0	0	0	0	0	0	0	0	0	0	0	0	0	0	0	0	0	0	0	0	0	0	0	0	0	0	0	0	0	0	0	0	0	0	0	0	0	0	0	0	0	0	0	0	0	0	0	0	0	0	0	0	0	0	0	0	0	158	0	94	0	0	0	358	0	378	0	196	0	910	0	2890	0	0	0	0	0	0	154	156	96	92	0	
4660	Cerebelum_10_R	0	0	0	0	0	0	0	0	0	0	0	0	0	0	0	0	0	0	0	0	0	0	0	0	0	0	0	0	0	0	0	0	0	0	0	0	0	0	0	0	0	0	0	0	0	0	0	0	0	0	0	0	0	0	0	0	0	0	0	0	0	0	0	0	0	0	0	0	0	0	0	0	0	0	0	0	0	0	0	0	0	0	0	0	0	0	0	0	0	0	0	0	0	0	0	0	0	0	0	102	0	0	0	0	0	1502	0	0	0	0	0	162	188	224	152	0	
11840	Vermis_1_2	0	0	0	0	0	0	0	0	0	0	0	0	0	0	0	0	0	0	0	0	0	0	0	0	0	0	0	0	0	0	0	0	0	0	0	0	0	0	0	0	0	0	0	0	0	0	0	0	0	0	0	0	0	0	0	0	0	0	0	0	0	0	0	0	0	0	0	0	0	0	0	0	0	0	0	0	0	0	0	0	0	0	0	0	0	0	0	0	0	0	0	138	0	0	302	376	212	118	126	262	0	0	0	0	0	274	0	0	0	2998	532	206	0	152	224	0	
41708	Vermis_3	0	0	0	0	0	0	0	0	0	0	0	0	0	0	0	0	0	0	0	0	0	0	0	0	0	0	0	0	0	0	0	0	0	0	0	0	0	0	92	0	0	0	0	0	0	0	0	0	0	0	0	0	0	0	0	0	0	0	0	0	0	0	0	0	0	0	0	0	0	0	0	0	0	0	0	0	0	0	0	0	0	0	0	0	0	0	0	0	0	0	332	1460	0	1216	532	2644	678	2450	460	3426	0	0	176	448	0	556	0	0	2998	0	2076	408	166	328	408	0	
105280	Vermis_4_5	0	0	0	0	0	0	0	0	0	0	0	0	0	0	0	0	0	0	0	0	0	0	0	0	0	0	0	0	0	0	0	0	0	108	0	2014	0	566	0	0	0	0	0	224	0	0	744	3648	0	0	0	0	0	0	296	1858	0	0	0	0	0	0	0	0	0	0	0	2076	0	0	0	0	0	0	0	0	0	0	0	0	0	0	0	0	0	0	0	0	0	0	908	3094	0	686	296	358	5292	6662	2702	8066	0	0	326	264	1178	1536	0	0	532	2076	0	4176	0	440	990	1524	
155940	Vermis_6	0	0	0	0	0	0	0	0	0	0	0	0	0	0	0	0	0	0	0	0	0	0	0	0	0	0	0	0	0	0	0	0	0	0	0	0	0	0	0	0	0	0	0	0	0	0	1912	6220	0	0	0	0	362	0	1870	868	0	0	0	0	0	0	0	0	0	0	0	0	0	0	0	0	0	0	0	0	0	0	0	0	0	0	0	0	0	0	0	0	0	0	5738	3672	1090	644	268	334	3052	484	10342	8864	810	0	1598	1090	1914	4336	154	162	206	408	4176	0	8106	3680	3934	1676	
189964	Vermis_7	0	0	0	0	0	0	0	0	0	0	0	0	0	0	0	0	0	0	0	0	0	0	0	0	0	0	0	0	0	0	0	0	0	0	0	0	0	0	0	0	0	0	0	0	0	0	606	2540	0	0	0	0	0	0	816	92	0	0	0	0	0	0	0	0	0	0	0	0	0	0	0	0	0	0	0	0	0	0	0	0	0	0	0	0	0	0	0	0	0	0	8374	7150	8002	9252	0	180	624	236	6284	8072	4610	4650	3946	7086	1132	2640	156	188	0	166	0	8106	0	6810	3264	0	
99076	Vermis_8	0	0	0	0	0	0	0	0	0	0	0	0	0	0	0	0	0	0	0	0	0	0	0	0	0	0	0	0	0	0	0	0	0	0	0	0	0	0	0	0	0	0	0	0	0	0	0	0	0	0	0	0	0	0	0	0	0	0	0	0	0	0	0	0	0	0	0	0	0	0	0	0	0	0	0	0	0	0	0	0	0	0	0	0	0	0	0	0	0	0	946	1612	2394	2946	0	308	680	244	1924	1858	2976	1962	4112	4706	1446	3876	96	224	152	328	440	3680	6810	0	5488	330	
57956	Vermis_9	0	0	0	0	0	0	0	0	0	0	0	0	0	0	0	0	0	0	0	0	0	0	0	0	0	0	0	0	0	0	0	0	0	0	0	0	0	0	0	0	0	0	0	0	0	0	0	0	0	0	0	0	0	0	0	0	0	0	0	0	0	0	0	0	0	0	0	0	0	0	0	0	0	0	0	0	0	0	0	0	0	0	0	0	0	0	0	0	0	0	412	1056	0	354	0	294	870	180	1720	1182	0	0	710	1186	1424	4172	92	152	224	408	990	3934	3264	5488	0	866	
14612	Vermis_10	0	0	0	0	0	0	0	0	0	0	0	0	0	0	0	0	0	0	0	0	0	0	0	0	0	0	0	0	0	0	0	0	0	0	0	0	0	0	0	0	0	0	0	0	0	0	0	0	0	0	0	0	0	0	0	0	0	0	0	0	0	0	0	0	0	0	0	0	0	0	0	0	0	0	0	0	0	0	0	0	0	0	0	0	0	0	0	0	0	0	0	0	0	0	0	0	796	0	126	0	0	0	0	106	270	1612	0	0	0	0	1524	1676	0	330	866	0	
