data	data	419112	133664	1.34338e+06	818800	194500	158528	470676	216772	77820	49892	289736	196676	289592	133796	206624	104904	334748	134148	953456	887228	95232	143952	352768	341916	58112	103640	41456	82252	648884	461996	260940	520628	245556	536680	160976	169028	271384	344432	61604	205024	32888	61524	239220	356892	133416	274620	295148	416396	157056	254620	517524	238152	139444	82620	365652	541176	279060	203896	126804	91760	273148	106608	124412	111776	134976	102208	207412	433468	146340	138932	320660	492232	394192	368964	73904	42516	139280	163792	75704	30600	276644	123892	106164	93480	332452	220744	29052	41324	261868	229808	468856	331152	300392	265980	43864	69516	454788	346260	591612	486452	166512	103244	375096	328508	186188	209664	69560	20240	27600	66080	353168	199688	201292	143916	122616	36412	
data	data	Precentral_L	Precentral_R	Frontal_Sup_L	Frontal_Sup_R	Frontal_Sup_Orb_L	Frontal_Sup_Orb_R	Frontal_Mid_L	Frontal_Mid_R	Frontal_Mid_Orb_L	Frontal_Mid_Orb_R	Frontal_Inf_Oper_L	Frontal_Inf_Oper_R	Frontal_Inf_Tri_L	Frontal_Inf_Tri_R	Frontal_Inf_Orb_L	Frontal_Inf_Orb_R	Rolandic_Oper_L	Rolandic_Oper_R	Supp_Motor_Area_L	Supp_Motor_Area_R	Olfactory_L	Olfactory_R	Frontal_Sup_Medial_L	Frontal_Sup_Medial_R	Frontal_Med_Orb_L	Frontal_Med_Orb_R	Rectus_L	Rectus_R	Insula_L	Insula_R	Cingulum_Ant_L	Cingulum_Ant_R	Cingulum_Mid_L	Cingulum_Mid_R	Cingulum_Post_L	Cingulum_Post_R	Hippocampus_L	Hippocampus_R	ParaHippocampal_L	ParaHippocampal_R	Amygdala_L	Amygdala_R	Calcarine_L	Calcarine_R	Cuneus_L	Cuneus_R	Lingual_L	Lingual_R	Occipital_Sup_L	Occipital_Sup_R	Occipital_Mid_L	Occipital_Mid_R	Occipital_Inf_L	Occipital_Inf_R	Fusiform_L	Fusiform_R	Postcentral_L	Postcentral_R	Parietal_Sup_L	Parietal_Sup_R	Parietal_Inf_L	Parietal_Inf_R	SupraMarginal_L	SupraMarginal_R	Angular_L	Angular_R	Precuneus_L	Precuneus_R	Paracentral_Lobule_L	Paracentral_Lobule_R	Caudate_L	Caudate_R	Putamen_L	Putamen_R	Pallidum_L	Pallidum_R	Thalamus_L	Thalamus_R	Heschl_L	Heschl_R	Temporal_Sup_L	Temporal_Sup_R	Temporal_Pole_Sup_L	Temporal_Pole_Sup_R	Temporal_Mid_L	Temporal_Mid_R	Temporal_Pole_Mid_L	Temporal_Pole_Mid_R	Temporal_Inf_L	Temporal_Inf_R	Cerebelum_Crus1_L	Cerebelum_Crus1_R	Cerebelum_Crus2_L	Cerebelum_Crus2_R	Cerebelum_3_L	Cerebelum_3_R	Cerebelum_4_5_L	Cerebelum_4_5_R	Cerebelum_6_L	Cerebelum_6_R	Cerebelum_7b_L	Cerebelum_7b_R	Cerebelum_8_L	Cerebelum_8_R	Cerebelum_9_L	Cerebelum_9_R	Cerebelum_10_L	Cerebelum_10_R	Vermis_1_2	Vermis_3	Vermis_4_5	Vermis_6	Vermis_7	Vermis_8	Vermis_9	Vermis_10	
419112	Precentral_L	0	1818	26082	1580	0	174	24494	0	0	0	13464	242	2104	0	0	0	20174	0	8974	8058	0	0	712	174	0	0	0	0	10934	348	0	536	738	4226	1232	294	2324	194	0	0	0	0	672	0	382	0	170	0	774	0	6448	0	542	0	0	0	27416	1032	830	0	8340	278	1966	280	638	0	628	0	5650	3690	726	1200	896	336	504	0	628	192	2180	0	10486	0	150	0	2508	0	0	0	1138	0	0	0	0	0	0	0	0	0	0	0	0	0	0	0	0	0	0	0	0	0	0	0	0	0	0	0	
133664	Precentral_R	1818	0	1762	5058	0	0	274	5240	0	0	232	2846	0	0	0	0	154	714	1410	6792	0	0	0	0	0	0	0	0	444	1926	0	0	0	308	144	584	402	1140	0	136	0	0	0	1012	0	376	0	208	0	548	0	330	0	0	0	552	956	9724	0	430	210	438	0	772	0	0	0	2444	320	2788	3232	1206	1110	422	322	0	1174	1184	0	512	0	720	0	0	0	1734	0	0	0	2724	0	0	0	0	0	0	0	0	0	0	0	0	0	0	0	0	0	0	0	0	0	0	0	0	0	0	
1.34338e+06	Frontal_Sup_L	26082	1762	0	21974	18296	2144	72062	2382	2996	0	12508	6168	18862	1404	10344	322	20834	2942	111410	34816	0	0	41932	10074	4966	1432	0	0	41472	8278	13442	12294	6854	14788	2812	4232	12336	1920	0	950	0	0	646	0	0	0	1076	0	0	0	2936	0	422	0	410	122	11542	400	1208	0	6368	0	1390	0	298	0	472	0	1284	1244	11700	12640	27374	7952	7578	472	8130	2182	4118	0	10084	156	870	318	1734	0	0	0	1472	0	0	0	0	0	0	0	0	0	0	0	0	0	0	0	0	0	0	0	0	0	0	0	0	0	0	0	
818800	Frontal_Sup_R	1580	5058	21974	0	154	7378	1150	31548	0	272	1356	8030	1480	7590	1096	3774	1302	6340	33124	81152	0	466	7204	30180	0	2682	0	630	2196	20038	2258	29194	1384	24268	0	112	556	5210	0	608	0	0	0	0	0	0	0	0	0	0	168	0	0	0	0	118	794	3646	0	1552	352	296	0	664	0	0	0	1056	442	316	3810	16446	2840	20546	762	3068	272	8544	0	260	628	400	0	308	0	264	0	0	0	504	0	0	0	0	0	0	0	0	0	0	0	0	0	0	0	0	0	0	0	0	0	0	0	0	0	0	
194500	Frontal_Sup_Orb_L	0	0	18296	154	0	0	3436	0	10236	0	886	0	7618	0	13972	0	134	0	3266	0	800	0	4756	142	7348	0	3306	0	8830	120	2340	260	0	0	0	0	0	0	0	0	422	0	0	0	0	0	0	0	0	0	0	0	0	0	0	0	0	0	0	0	0	0	0	0	0	0	0	0	0	0	888	1110	8416	164	0	0	0	0	0	0	0	0	350	0	0	0	0	0	0	0	0	0	0	0	0	0	0	0	0	0	0	0	0	0	0	0	0	0	0	0	0	0	0	0	0	0	
158528	Frontal_Sup_Orb_R	174	0	2144	7378	0	0	0	1072	0	7396	528	386	120	556	0	5178	492	0	1872	594	340	3132	330	5628	0	7912	296	9318	446	2756	336	6192	164	220	0	0	0	0	0	0	0	0	0	0	0	0	0	0	0	0	0	0	0	0	0	0	0	0	0	0	0	0	0	0	0	0	0	0	0	0	382	8078	292	5388	0	0	0	0	0	0	164	0	0	0	0	0	0	0	0	0	0	0	0	0	0	0	0	0	0	0	0	0	0	0	0	0	0	0	0	0	0	0	0	0	0	0	
470676	Frontal_Mid_L	24494	274	72062	1150	3436	0	0	0	2268	0	12846	166	26982	0	4660	0	7860	0	6746	1996	0	0	14082	3672	182	0	0	0	9834	448	3224	1812	968	1536	1326	2362	4748	1022	0	534	0	0	140	0	0	0	112	0	0	0	988	0	0	0	0	0	6346	0	614	0	2748	0	256	0	0	0	114	0	730	224	362	504	1968	318	380	0	2918	1080	1642	0	2746	0	0	0	316	0	0	0	142	0	0	0	0	0	0	0	0	0	0	0	0	0	0	0	0	0	0	0	0	0	0	0	0	0	0	0	
216772	Frontal_Mid_R	0	5240	2382	31548	0	1072	0	0	0	922	0	11576	0	14842	740	3650	0	1124	3834	6718	0	0	220	1684	0	0	0	0	0	6904	0	592	0	2832	0	0	0	1818	0	0	0	0	0	0	0	0	0	0	0	0	0	0	0	0	0	0	0	2776	0	224	0	134	0	200	0	0	0	194	0	0	1318	0	1096	3540	0	612	0	594	0	0	0	0	0	0	0	0	0	0	0	0	0	0	0	0	0	0	0	0	0	0	0	0	0	0	0	0	0	0	0	0	0	0	0	0	0	0	
77820	Frontal_Mid_Orb_L	0	0	2996	0	10236	0	2268	0	0	0	604	0	3816	0	10396	0	0	0	546	0	156	0	118	0	0	0	1500	0	2444	152	140	0	0	0	0	0	0	0	0	0	0	0	0	0	0	0	0	0	0	0	0	0	0	0	0	0	0	0	0	0	0	0	0	0	0	0	0	0	0	0	170	196	2962	0	0	0	0	0	0	0	0	0	210	0	0	0	0	0	0	0	0	0	0	0	0	0	0	0	0	0	0	0	0	0	0	0	0	0	0	0	0	0	0	0	0	0	
49892	Frontal_Mid_Orb_R	0	0	0	272	0	7396	0	922	0	0	0	0	0	270	0	7646	0	0	0	0	0	718	0	122	0	598	0	2788	0	1164	130	346	0	0	0	0	0	0	0	0	0	0	0	0	0	0	0	0	0	0	0	0	0	0	0	0	0	0	0	0	0	0	0	0	0	0	0	0	0	0	0	878	0	1696	0	0	0	0	0	0	0	0	0	0	0	0	0	0	0	0	0	0	0	0	0	0	0	0	0	0	0	0	0	0	0	0	0	0	0	0	0	0	0	0	0	0	
289736	Frontal_Inf_Oper_L	13464	232	12508	1356	886	528	12846	0	604	0	0	660	16770	166	1894	0	17782	0	5264	760	0	0	950	560	0	156	0	0	21740	1170	458	1642	0	262	0	0	116	0	0	0	0	0	0	0	0	0	0	0	0	0	0	0	0	0	0	0	5116	0	176	0	916	0	0	0	0	0	0	0	0	0	4258	8986	1382	458	0	0	0	986	1172	0	4184	0	4460	0	0	0	0	0	0	0	0	0	0	0	0	0	0	0	0	0	0	0	0	0	0	0	0	0	0	0	0	0	0	0	0	0	
196676	Frontal_Inf_Oper_R	242	2846	6168	8030	0	386	166	11576	0	0	660	0	526	11296	198	670	574	6334	6244	6032	0	0	334	660	0	0	0	0	882	16468	418	3290	238	3532	0	0	0	820	0	0	0	0	0	0	0	0	0	0	0	0	0	0	0	0	0	0	0	1582	0	0	0	0	0	0	0	0	0	0	0	0	0	2040	0	3258	0	624	0	568	0	156	330	334	116	740	0	0	0	0	0	0	0	0	0	0	0	0	0	0	0	0	0	0	0	0	0	0	0	0	0	0	0	0	0	0	0	0	
289592	Frontal_Inf_Tri_L	2104	0	18862	1480	7618	120	26982	0	3816	0	16770	526	0	0	18208	0	1166	0	3998	1256	0	0	2122	384	304	0	0	0	20852	1180	3066	1580	286	404	0	0	0	0	0	0	0	0	0	0	0	0	0	0	0	0	0	0	0	0	0	0	744	0	0	0	126	0	0	0	0	0	0	0	0	0	2706	3374	2136	370	0	0	132	152	154	0	352	0	1466	0	0	0	0	0	0	0	0	0	0	0	0	0	0	0	0	0	0	0	0	0	0	0	0	0	0	0	0	0	0	0	0	0	
133796	Frontal_Inf_Tri_R	0	0	1404	7590	0	556	0	14842	0	270	166	11296	0	0	0	3812	172	682	1952	2572	0	0	342	980	0	0	0	0	174	10512	222	3446	128	2024	0	0	0	220	0	0	0	0	0	0	0	0	0	0	0	0	0	0	0	0	0	0	0	0	0	0	0	0	0	0	0	0	0	0	0	0	0	972	0	1910	0	522	0	132	0	0	0	0	0	0	0	0	0	0	0	0	0	0	0	0	0	0	0	0	0	0	0	0	0	0	0	0	0	0	0	0	0	0	0	0	0	0	
206624	Frontal_Inf_Orb_L	0	0	10344	1096	13972	0	4660	740	10396	0	1894	198	18208	0	0	0	0	0	3212	416	1154	0	830	0	136	0	158	0	17934	414	1104	374	0	0	0	0	112	0	0	0	448	0	0	0	0	0	0	0	0	0	0	0	0	0	0	0	0	0	0	0	0	0	0	0	0	0	0	0	0	0	2978	1260	9200	232	0	0	192	0	0	0	0	0	1650	0	0	0	0	0	0	0	0	0	0	0	0	0	0	0	0	0	0	0	0	0	0	0	0	0	0	0	0	0	0	0	0	0	
104904	Frontal_Inf_Orb_R	0	0	322	3774	0	5178	0	3650	0	7646	0	670	0	3812	0	0	0	408	512	704	0	2472	0	602	0	368	0	1646	0	11352	254	1426	0	250	0	0	0	0	0	0	0	702	0	0	0	0	0	0	0	0	0	0	0	0	0	0	0	0	0	0	0	0	0	0	0	0	0	0	0	0	0	852	0	2434	0	0	0	254	0	0	0	1446	0	1718	0	0	0	0	0	0	0	0	0	0	0	0	0	0	0	0	0	0	0	0	0	0	0	0	0	0	0	0	0	0	0	0	
334748	Rolandic_Oper_L	20174	154	20834	1302	134	492	7860	0	0	0	17782	574	1166	172	0	0	0	0	9898	1022	0	0	698	476	0	166	0	0	28892	760	136	1346	198	332	364	172	1832	0	0	0	0	0	236	0	0	0	318	0	0	0	2178	0	116	0	0	0	6902	0	206	0	1654	0	1694	0	0	0	348	0	384	0	2388	5180	800	574	0	0	0	874	5866	0	16862	0	1248	0	1756	0	0	0	854	0	0	0	0	0	0	0	0	0	0	0	0	0	0	0	0	0	0	0	0	0	0	0	0	0	0	0	
134148	Rolandic_Oper_R	0	714	2942	6340	0	0	0	1124	0	0	0	6334	0	682	0	408	0	0	2912	5422	0	0	0	248	0	0	0	0	0	16896	0	784	0	2300	0	0	0	2302	0	268	0	0	0	0	0	0	0	0	0	0	0	0	0	0	0	0	0	1986	0	548	0	0	0	2718	0	0	0	862	0	0	0	152	0	3176	0	0	140	974	0	2346	0	2554	0	960	0	346	0	0	0	636	0	0	0	0	0	0	0	0	0	0	0	0	0	0	0	0	0	0	0	0	0	0	0	0	0	0	
953456	Supp_Motor_Area_L	8974	1410	111410	33124	3266	1872	6746	3834	546	0	5264	6244	3998	1952	3212	512	9898	2912	0	58272	0	0	15944	13868	652	1078	0	0	21392	8556	8822	16958	11328	28530	1482	398	2204	338	0	132	0	0	136	0	0	0	254	0	0	0	432	0	0	0	130	0	4388	282	514	0	2820	0	762	0	0	0	156	0	8098	772	9292	11002	17532	7628	4702	524	2972	308	1730	0	5036	154	528	346	520	0	0	0	582	0	0	0	0	0	0	0	0	0	0	0	0	0	0	0	0	0	0	0	0	0	0	0	0	0	0	0	
887228	Supp_Motor_Area_R	8058	6792	34816	81152	0	594	1996	6718	0	0	760	6032	1256	2572	416	704	1022	5422	58272	0	0	0	6742	13716	0	432	0	0	2304	11578	2918	17456	4346	54630	2366	3176	1576	4186	0	664	0	0	0	1220	0	1610	0	176	0	784	382	452	0	140	0	470	1376	3174	188	1528	810	236	0	462	0	0	0	5482	5504	18360	3138	12898	2322	16432	680	3068	2880	11046	120	304	614	736	120	308	374	1506	0	0	114	1928	0	0	0	0	0	0	0	0	0	0	0	0	0	0	0	0	0	0	0	0	0	0	0	0	0	0	
95232	Olfactory_L	0	0	0	0	800	340	0	0	156	0	0	0	0	0	1154	0	0	0	0	0	0	8420	0	0	264	582	2626	1538	1698	0	2908	2138	0	0	0	0	232	0	146	0	712	0	0	0	0	0	0	0	0	0	0	0	0	0	0	0	0	0	0	0	0	0	0	0	0	0	0	0	0	0	9250	6360	6670	594	650	0	0	378	0	0	0	0	0	0	0	0	0	0	0	0	0	0	0	0	0	0	0	0	0	0	0	0	0	0	0	0	0	0	0	0	0	0	0	0	0	0	
143952	Olfactory_R	0	0	0	466	0	3132	0	0	0	718	0	0	0	0	0	2472	0	0	0	0	8420	0	0	188	0	1638	1994	5508	0	4020	4232	4320	0	0	0	0	0	476	0	368	0	1140	0	0	0	0	0	0	0	0	0	0	0	0	0	0	0	0	0	0	0	0	0	0	0	0	0	0	0	0	10798	10360	7184	2014	1160	268	0	818	0	0	0	0	0	282	0	0	0	0	0	0	0	0	0	0	0	0	0	0	0	0	0	0	0	0	0	0	0	0	0	0	0	0	0	0	0	0	
352768	Frontal_Sup_Medial_L	712	0	41932	7204	4756	330	14082	220	118	0	950	334	2122	342	830	0	698	0	15944	6742	0	0	0	19006	5232	1810	0	140	1790	626	13878	13758	6388	11442	136	0	0	0	0	0	0	0	0	0	0	0	0	0	0	0	0	0	0	0	0	0	374	0	0	0	400	0	0	0	0	0	0	0	0	0	572	1528	1408	220	0	0	0	0	122	0	238	0	0	0	0	0	0	0	0	0	0	0	0	0	0	0	0	0	0	0	0	0	0	0	0	0	0	0	0	0	0	0	0	0	0	0	
341916	Frontal_Sup_Medial_R	174	0	10074	30180	142	5628	3672	1684	0	122	560	660	384	980	0	602	476	248	13868	13716	0	188	19006	0	334	6940	0	488	572	3136	2974	26092	1558	15382	0	0	0	0	0	0	0	0	0	0	0	0	0	0	0	0	0	0	0	0	0	0	0	114	0	0	0	0	0	0	0	0	0	0	0	0	114	6430	0	4296	0	0	0	0	0	0	164	0	0	0	0	0	0	0	0	0	0	0	0	0	0	0	0	0	0	0	0	0	0	0	0	0	0	0	0	0	0	0	0	0	0	0	
58112	Frontal_Med_Orb_L	0	0	4966	0	7348	0	182	0	0	0	0	0	304	0	136	0	0	0	652	0	264	0	5232	334	0	780	1396	0	378	0	3750	524	0	0	0	0	0	0	0	0	0	0	0	0	0	0	0	0	0	0	0	0	0	0	0	0	0	0	0	0	0	0	0	0	0	0	0	0	0	0	640	602	1568	0	0	0	0	0	0	0	0	0	0	0	0	0	0	0	0	0	0	0	0	0	0	0	0	0	0	0	0	0	0	0	0	0	0	0	0	0	0	0	0	0	0	0	
103640	Frontal_Med_Orb_R	0	0	1432	2682	0	7912	0	0	0	598	156	0	0	0	0	368	166	0	1078	432	582	1638	1810	6940	780	0	374	5254	144	422	1420	7790	0	160	0	0	0	0	0	0	0	0	0	0	0	0	0	0	0	0	0	0	0	0	0	0	0	0	0	0	0	0	0	0	0	0	0	0	0	0	500	5374	166	3642	0	0	0	0	0	0	0	0	0	0	0	0	0	0	0	0	0	0	0	0	0	0	0	0	0	0	0	0	0	0	0	0	0	0	0	0	0	0	0	0	0	0	
41456	Rectus_L	0	0	0	0	3306	296	0	0	1500	0	0	0	0	0	158	0	0	0	0	0	2626	1994	0	0	1396	374	0	920	0	0	1802	898	0	0	0	0	0	0	0	0	0	0	0	0	0	0	0	0	0	0	0	0	0	0	0	0	0	0	0	0	0	0	0	0	0	0	0	0	0	0	2548	1060	1850	0	0	0	0	0	0	0	0	0	0	0	0	0	0	0	0	0	0	0	0	0	0	0	0	0	0	0	0	0	0	0	0	0	0	0	0	0	0	0	0	0	0	0	
82252	Rectus_R	0	0	0	630	0	9318	0	0	0	2788	0	0	0	0	0	1646	0	0	0	0	1538	5508	140	488	0	5254	920	0	0	1706	1120	2208	0	0	0	0	0	0	0	0	0	0	0	0	0	0	0	0	0	0	0	0	0	0	0	0	0	0	0	0	0	0	0	0	0	0	0	0	0	0	1662	3434	968	1798	0	0	0	0	0	0	0	0	0	0	0	0	0	0	0	0	0	0	0	0	0	0	0	0	0	0	0	0	0	0	0	0	0	0	0	0	0	0	0	0	0	0	
648884	Insula_L	10934	444	41472	2196	8830	446	9834	0	2444	0	21740	882	20852	174	17934	0	28892	0	21392	2304	1698	0	1790	572	378	144	0	0	0	1408	1394	1620	184	476	1502	1000	11258	398	560	242	1638	0	922	0	184	0	1644	0	0	0	1926	0	552	0	4228	0	5840	0	1158	0	5236	0	1434	0	0	0	884	0	484	280	7528	10066	17088	982	0	0	1108	1294	8100	0	15070	0	9066	0	4774	0	0	0	7562	0	0	0	0	0	0	0	0	0	0	0	0	0	0	0	0	0	0	0	0	0	0	0	0	0	0	0	
461996	Insula_R	348	1926	8278	20038	120	2756	448	6904	152	1164	1170	16468	1180	10512	414	11352	760	16896	8556	11578	0	4020	626	3136	0	422	0	1706	1408	0	710	7058	318	3658	202	284	0	13806	0	2174	0	1516	0	120	0	0	0	0	0	180	0	0	0	368	0	3426	0	1924	0	544	0	0	0	1430	0	0	0	1252	0	174	392	4298	164	24850	0	504	128	914	0	2748	432	11192	146	4454	0	3508	0	0	0	5786	0	0	0	0	0	0	0	0	0	0	0	0	0	0	0	0	0	0	0	0	0	0	0	0	0	0	
260940	Cingulum_Ant_L	0	0	13442	2258	2340	336	3224	0	140	130	458	418	3066	222	1104	254	136	0	8822	2918	2908	4232	13878	2974	3750	1420	1802	1120	1394	710	0	18060	10836	6224	0	0	0	0	0	0	0	0	0	0	0	0	0	0	0	0	0	0	0	0	0	0	0	0	0	0	0	0	0	0	0	0	0	0	126	0	6812	5178	8014	1764	0	0	0	0	0	0	0	0	0	0	0	0	0	0	0	0	0	0	0	0	0	0	0	0	0	0	0	0	0	0	0	0	0	0	0	0	0	0	0	0	0	0	
520628	Cingulum_Ant_R	536	0	12294	29194	260	6192	1812	592	0	346	1642	3290	1580	3446	374	1426	1346	784	16958	17456	2138	4320	13758	26092	524	7790	898	2208	1620	7058	18060	0	5380	27094	278	176	0	178	0	0	0	0	0	0	0	0	0	0	0	0	0	0	0	0	0	0	122	160	0	0	0	0	0	0	0	0	0	0	0	0	4128	23724	2200	11998	0	244	0	152	0	0	486	0	0	0	0	0	0	0	0	0	0	0	0	0	0	0	0	0	0	0	0	0	0	0	0	0	0	0	0	0	0	0	0	0	0	0	
245556	Cingulum_Mid_L	738	0	6854	1384	0	164	968	0	0	0	0	238	286	128	0	0	198	0	11328	4346	0	0	6388	1558	0	0	0	0	184	318	10836	5380	0	9876	3588	150	0	0	0	0	0	0	550	0	1732	196	0	0	3974	0	13056	0	520	0	0	0	624	0	1922	0	2236	0	878	0	2040	0	8220	408	8424	0	0	264	0	0	0	0	0	0	0	0	370	0	0	0	8592	0	0	0	3862	0	0	0	0	0	0	0	0	0	0	0	0	0	0	0	0	0	0	0	0	0	0	0	0	0	0	0	
536680	Cingulum_Mid_R	4226	308	14788	24268	0	220	1536	2832	0	0	262	3532	404	2024	0	250	332	2300	28530	54630	0	0	11442	15382	0	160	0	0	476	3658	6224	27094	9876	0	3330	4794	572	254	0	0	0	0	0	804	0	4840	0	128	0	2112	0	1118	0	0	0	284	312	1768	0	0	0	0	0	0	0	0	242	9678	3928	11324	258	1946	200	1396	0	0	2258	530	0	122	132	186	0	220	208	324	0	0	0	318	0	0	0	0	0	0	0	0	0	0	0	0	0	0	0	0	0	0	0	0	0	0	0	0	0	0	
160976	Cingulum_Post_L	1232	144	2812	0	0	0	1326	0	0	0	0	0	0	0	0	0	364	0	1482	2366	0	0	136	0	0	0	0	0	1502	202	0	278	3588	3330	0	13790	7630	3592	1568	486	0	0	3940	528	2054	166	1696	364	394	0	664	0	134	206	156	194	564	132	112	0	144	0	0	0	0	0	7772	3124	2724	1784	0	0	274	0	0	0	2078	932	124	0	138	0	0	0	1874	432	0	0	566	918	0	0	0	0	0	0	0	0	0	0	0	0	0	0	0	0	0	0	0	0	472	0	0	0	0	0	
169028	Cingulum_Post_R	294	584	4232	112	0	0	2362	0	0	0	0	0	0	0	0	0	172	0	398	3176	0	0	0	0	0	0	0	0	1000	284	0	176	150	4794	13790	0	8218	6536	1162	1370	0	0	0	4164	0	1046	0	1140	0	446	118	138	0	844	128	704	126	632	0	0	0	0	0	0	0	0	586	10440	162	1982	0	0	802	162	0	0	4876	2830	118	0	0	0	0	0	390	1166	0	0	0	2200	0	0	0	0	0	0	0	0	0	0	0	0	0	0	0	0	0	0	0	0	504	0	0	0	0	0	
271384	Hippocampus_L	2324	402	12336	556	0	0	4748	0	0	0	116	0	0	0	112	0	1832	0	2204	1576	232	0	0	0	0	0	0	0	11258	0	0	0	0	572	7630	8218	0	4370	9140	1374	6182	0	2064	0	0	0	3338	382	0	0	1526	0	468	0	9382	134	176	0	120	0	0	0	0	0	0	0	2566	798	406	426	1050	158	8598	324	1734	0	7390	3010	3788	0	2448	0	1928	0	884	0	0	0	6792	0	0	0	0	0	0	0	148	0	0	0	0	0	0	0	0	0	0	0	0	0	472	0	0	0	0	0	
344432	Hippocampus_R	194	1140	1920	5210	0	0	1022	1818	0	0	0	820	0	220	0	0	0	2302	338	4186	0	476	0	0	0	0	0	0	398	13806	0	178	0	254	3592	6536	4370	0	920	29044	0	9604	0	4610	0	396	0	6878	0	464	0	668	0	1472	0	25250	0	1056	0	320	0	0	0	716	0	0	188	4198	0	396	342	260	636	9572	0	682	2632	7660	0	1218	0	1534	0	2234	0	1014	0	0	0	7150	0	400	0	0	0	0	0	1108	0	472	0	0	0	0	0	0	0	0	0	0	342	0	0	0	0	0	
61604	ParaHippocampal_L	0	0	0	0	0	0	0	0	0	0	0	0	0	0	0	0	0	0	0	0	146	0	0	0	0	0	0	0	560	0	0	0	0	0	1568	1162	9140	920	0	256	1814	0	578	0	0	0	2612	332	0	0	264	0	354	0	4920	0	0	0	0	0	0	0	0	0	0	0	658	182	0	0	0	0	680	0	0	0	426	294	0	0	128	0	618	0	0	0	160	0	1142	0	0	0	0	0	256	384	270	0	0	0	0	0	0	0	0	0	0	0	180	564	234	0	0	0	0	0	
205024	ParaHippocampal_R	0	136	950	608	0	0	534	0	0	0	0	0	0	0	0	0	0	268	132	664	0	368	0	0	0	0	0	0	242	2174	0	0	0	0	486	1370	1374	29044	256	0	0	7864	0	4862	0	436	0	8940	0	506	0	710	0	1016	0	21974	0	0	0	0	0	0	0	0	0	0	0	2718	0	0	0	0	336	3316	0	344	1164	2112	0	144	0	118	0	2304	0	210	0	216	0	1104	0	564	0	0	0	164	0	1936	0	666	0	0	0	0	0	0	0	0	0	0	182	0	0	0	0	0	
32888	Amygdala_L	0	0	0	0	422	0	0	0	0	0	0	0	0	0	448	0	0	0	0	0	712	0	0	0	0	0	0	0	1638	0	0	0	0	0	0	0	6182	0	1814	0	0	0	0	0	0	0	0	0	0	0	0	0	0	0	2598	0	0	0	0	0	0	0	0	0	0	0	0	0	0	0	174	0	674	0	0	0	318	0	0	0	0	0	752	0	0	0	0	0	712	0	0	0	0	0	0	0	0	0	0	0	0	0	0	0	0	0	0	0	0	0	0	0	0	0	0	0	
61524	Amygdala_R	0	0	0	0	0	0	0	0	0	0	0	0	0	0	0	702	0	0	0	0	0	1140	0	0	0	0	0	0	0	1516	0	0	0	0	0	0	0	9604	0	7864	0	0	0	0	0	0	0	0	0	0	0	0	0	0	0	5754	0	0	0	0	0	0	0	0	0	0	0	0	0	0	0	0	0	692	0	0	0	172	0	0	0	0	0	3318	0	0	0	0	0	0	0	0	0	0	0	0	0	0	0	0	0	0	0	0	0	0	0	0	0	0	0	0	0	0	0	0	
239220	Calcarine_L	672	0	646	0	0	0	140	0	0	0	0	0	0	0	0	0	236	0	136	0	0	0	0	0	0	0	0	0	922	0	0	0	550	0	3940	0	2064	0	578	0	0	0	0	6822	9466	3368	13744	3226	6608	1550	29840	622	12116	0	4368	442	990	0	290	0	494	0	0	0	0	0	10492	134	418	0	0	0	0	0	0	0	0	0	0	0	218	0	0	0	2940	0	0	0	1088	0	0	0	0	0	0	0	144	0	154	0	0	0	0	0	0	0	0	0	0	0	192	0	0	0	0	0	
356892	Calcarine_R	0	1012	0	0	0	0	0	0	0	0	0	0	0	0	0	0	0	0	0	1220	0	0	0	0	0	0	0	0	0	120	0	0	0	804	528	4164	0	4610	0	4862	0	0	6822	0	1030	22110	3086	34648	0	17252	0	12522	0	3854	252	19836	0	2296	0	0	0	126	0	182	0	0	124	25564	0	1440	0	0	0	0	0	0	0	0	0	0	0	0	0	0	0	3222	0	0	0	1888	300	214	0	0	0	0	470	572	802	1012	0	0	0	0	0	0	0	0	0	0	776	578	148	0	0	0	
133416	Cuneus_L	382	0	0	0	0	0	0	0	0	0	0	0	0	0	0	0	0	0	0	0	0	0	0	0	0	0	0	0	184	0	0	0	1732	0	2054	0	0	0	0	0	0	0	9466	1030	0	2562	922	128	15746	196	12068	0	920	0	0	0	200	0	2252	0	0	0	0	0	0	0	11124	322	2048	0	0	0	0	0	0	0	0	0	0	0	128	0	0	0	2248	0	0	0	996	0	0	0	0	0	0	0	0	0	0	0	0	0	0	0	0	0	0	0	0	0	0	0	0	0	0	0	
274620	Cuneus_R	0	376	0	0	0	0	0	0	0	0	0	0	0	0	0	0	0	0	0	1610	0	0	0	0	0	0	0	0	0	0	0	0	196	4840	166	1046	0	396	0	436	0	0	3368	22110	2562	0	898	7854	0	31254	0	11076	0	1642	0	4212	0	4730	0	2108	0	382	0	434	0	0	2214	26450	196	1988	0	0	0	0	0	0	0	0	0	0	0	0	0	0	0	3664	0	0	0	814	0	0	0	0	0	0	0	0	0	142	0	0	0	0	0	0	0	0	0	0	0	146	0	0	0	0	
295148	Lingual_L	170	0	1076	0	0	0	112	0	0	0	0	0	0	0	0	0	318	0	254	0	0	0	0	0	0	0	0	0	1644	0	0	0	0	0	1696	0	3338	0	2612	0	0	0	13744	3086	922	898	0	7588	3230	262	13000	122	8436	122	19826	2010	0	0	0	0	0	0	0	0	0	0	3174	0	0	0	0	0	0	0	0	0	290	0	0	0	300	0	0	0	454	0	0	0	1936	0	8026	338	1264	0	0	0	12866	4260	14130	3946	0	0	374	0	140	116	114	0	0	0	7898	2708	774	0	0	0	
416396	Lingual_R	0	208	0	0	0	0	0	0	0	0	0	0	0	0	0	0	0	0	0	176	0	0	0	0	0	0	0	0	0	0	0	0	0	128	364	1140	382	6878	332	8940	0	0	3226	34648	128	7854	7588	0	0	7086	0	8344	320	4484	3792	30840	0	734	0	0	0	0	0	0	0	0	0	12722	0	296	0	0	0	0	0	0	0	540	0	0	0	0	0	0	0	1158	0	0	0	1084	2858	2972	410	148	140	436	5954	10624	8982	13138	0	0	442	0	360	128	142	0	0	0	11412	5100	1560	0	0	0	
157056	Occipital_Sup_L	774	0	0	0	0	0	0	0	0	0	0	0	0	0	0	0	0	0	0	0	0	0	0	0	0	0	0	0	0	0	0	0	3974	0	394	0	0	0	0	0	0	0	6608	0	15746	0	3230	0	0	0	24480	0	1422	0	318	0	0	0	7914	0	0	0	0	0	0	0	11264	0	878	0	0	0	0	0	0	0	0	0	0	0	0	0	0	0	1526	0	0	0	0	0	0	0	0	0	0	0	0	0	0	0	0	0	0	0	0	0	0	0	0	0	0	0	0	0	0	0	
254620	Occipital_Sup_R	0	548	0	0	0	0	0	0	0	0	0	0	0	0	0	0	0	0	0	784	0	0	0	0	0	0	0	0	0	180	0	0	0	2112	0	446	0	464	0	506	0	0	1550	17252	196	31254	262	7086	0	0	0	18514	0	1892	0	4970	0	3316	0	3530	0	3446	0	534	0	5302	274	18748	0	1366	0	0	0	0	0	0	0	0	0	0	0	0	0	0	0	1662	0	0	0	846	0	0	0	0	0	0	0	0	0	144	0	0	0	0	0	0	0	0	0	0	0	126	0	0	0	0	
517524	Occipital_Mid_L	6448	0	2936	168	0	0	988	0	0	0	0	0	0	0	0	0	2178	0	432	382	0	0	0	0	0	0	0	0	1926	0	0	0	13056	0	664	118	1526	0	264	0	0	0	29840	0	12068	0	13000	0	24480	0	0	0	25884	0	7944	0	9152	0	11068	0	16296	0	3206	0	19392	0	12472	0	8860	0	114	0	276	0	0	0	1626	0	286	0	1780	0	0	0	22436	0	0	0	7328	0	0	0	0	0	0	0	0	0	168	0	0	0	0	0	0	0	0	0	0	0	0	0	0	0	0	0	
238152	Occipital_Mid_R	0	330	0	0	0	0	0	0	0	0	0	0	0	0	0	0	0	0	0	452	0	0	0	0	0	0	0	0	0	0	0	0	0	1118	0	138	0	668	0	710	0	0	622	12522	0	11076	122	8344	0	18514	0	0	0	5512	0	9542	0	3166	0	1186	0	5326	0	950	0	13494	0	12758	0	1264	0	0	0	0	0	0	0	0	0	0	0	430	0	0	0	8174	0	0	0	1716	0	0	0	0	0	0	122	166	126	320	0	0	0	0	0	0	0	0	0	0	208	0	0	0	0	0	
139444	Occipital_Inf_L	542	0	422	0	0	0	0	0	0	0	0	0	0	0	0	0	116	0	0	0	0	0	0	0	0	0	0	0	552	0	0	0	520	0	134	0	468	0	354	0	0	0	12116	0	920	0	8436	320	1422	0	25884	0	0	0	7536	0	196	0	0	0	0	0	0	0	0	0	1122	0	606	0	0	0	0	0	0	0	0	0	0	0	152	0	0	0	2328	0	0	0	3730	0	288	0	0	0	0	0	226	176	478	210	0	0	0	0	0	0	0	0	0	0	338	130	0	0	0	0	
82620	Occipital_Inf_R	0	0	0	0	0	0	0	0	0	0	0	0	0	0	0	0	0	0	0	140	0	0	0	0	0	0	0	0	0	368	0	0	0	0	206	844	0	1472	0	1016	0	0	0	3854	0	1642	122	4484	0	1892	0	5512	0	0	0	8046	0	0	0	0	0	0	0	0	0	0	0	1568	0	0	0	0	0	0	0	0	0	0	0	0	0	0	0	0	0	2154	0	0	0	5500	0	468	0	0	0	0	174	250	204	874	0	0	0	0	0	0	0	0	0	0	318	202	0	0	0	0	
365652	Fusiform_L	0	0	410	0	0	0	0	0	0	0	0	0	0	0	0	0	0	0	130	0	0	0	0	0	0	0	0	0	4228	0	0	0	0	0	156	128	9382	0	4920	0	2598	0	4368	252	0	0	19826	3792	318	0	7944	0	7536	0	0	2290	0	0	0	0	0	0	0	0	0	0	266	0	0	0	0	0	788	0	0	0	132	0	0	0	2906	0	2810	0	1274	0	1624	0	15852	0	20618	406	2124	0	376	0	16964	2798	28240	4958	186	0	804	0	320	498	146	0	0	0	6224	3026	814	0	214	180	
541176	Fusiform_R	0	552	122	118	0	0	0	0	0	0	0	0	0	0	0	0	0	0	0	470	0	0	0	0	0	0	0	0	0	3426	0	0	0	284	194	704	134	25250	0	21974	0	5754	442	19836	0	4212	2010	30840	0	4970	0	9542	0	8046	2290	0	0	566	0	0	0	0	0	0	0	0	0	7078	0	490	0	0	0	1800	0	166	140	286	0	0	0	2376	0	7940	0	5706	0	4448	0	17138	2154	14246	220	452	0	656	4368	15678	5548	23318	0	0	528	296	376	580	230	192	0	0	8004	2972	966	172	328	0	
279060	Postcentral_L	27416	956	11542	794	0	0	6346	0	0	0	5116	0	744	0	0	0	6902	0	4388	1376	0	0	374	0	0	0	0	0	5840	0	0	122	624	312	564	126	176	0	0	0	0	0	990	0	200	0	0	0	0	0	9152	0	196	0	0	0	0	854	8234	0	25466	174	5718	174	3312	0	1356	0	3522	252	458	542	186	208	0	0	0	0	562	0	2434	0	0	0	1624	0	0	0	198	0	0	0	0	0	0	0	0	0	0	0	0	0	0	0	0	0	0	0	0	0	0	0	0	0	0	0	
203896	Postcentral_R	1032	9724	400	3646	0	0	0	2776	0	0	0	1582	0	0	0	0	0	1986	282	3174	0	0	0	114	0	0	0	0	0	1924	0	160	0	1768	132	632	0	1056	0	0	0	0	0	2296	0	4730	0	734	0	3316	0	3166	0	0	0	566	854	0	0	11076	0	6520	0	12094	0	2056	0	13498	0	4614	260	236	114	252	0	0	0	180	0	254	0	674	0	0	0	2908	0	0	0	1162	0	0	0	0	0	0	0	0	0	0	0	0	0	0	0	0	0	0	0	0	0	0	0	0	0	0	
126804	Parietal_Sup_L	830	0	1208	0	0	0	614	0	0	0	176	0	0	0	0	0	206	0	514	188	0	0	0	0	0	0	0	0	1158	0	0	0	1922	0	112	0	120	0	0	0	0	0	290	0	2252	0	0	0	7914	0	11068	0	0	0	0	0	8234	0	0	0	10298	0	342	0	3862	0	8536	0	2198	0	0	0	0	0	0	0	1146	0	0	0	0	0	0	0	214	0	0	0	0	0	0	0	0	0	0	0	0	0	0	0	0	0	0	0	0	0	0	0	0	0	0	0	0	0	0	0	
91760	Parietal_Sup_R	0	430	0	1552	0	0	0	224	0	0	0	0	0	0	0	0	0	548	0	1528	0	0	0	0	0	0	0	0	0	544	0	0	0	0	0	0	0	320	0	0	0	0	0	0	0	2108	0	0	0	3530	0	1186	0	0	0	0	0	11076	0	0	0	7100	0	3254	0	5096	0	5542	0	166	0	0	0	0	0	0	0	0	0	0	0	228	0	0	0	1048	0	0	0	400	0	0	0	0	0	0	0	0	0	0	0	0	0	0	0	0	0	0	0	0	0	0	0	0	0	0	
273148	Parietal_Inf_L	8340	210	6368	352	0	0	2748	0	0	0	916	0	126	0	0	0	1654	0	2820	810	0	0	400	0	0	0	0	0	5236	0	0	0	2236	0	144	0	0	0	0	0	0	0	494	0	0	0	0	0	0	0	16296	0	0	0	0	0	25466	0	10298	0	0	0	18010	0	19456	0	1720	0	1176	0	204	226	126	0	0	0	174	116	0	0	1768	0	0	0	6110	0	0	0	2574	0	0	0	0	0	0	0	0	0	0	0	0	0	0	0	0	0	0	0	0	0	0	0	0	0	0	0	
106608	Parietal_Inf_R	278	438	0	296	0	0	0	134	0	0	0	0	0	0	0	0	0	0	0	236	0	0	0	0	0	0	0	0	0	0	0	0	0	0	0	0	0	0	0	0	0	0	0	126	0	382	0	0	0	3446	0	5326	0	0	0	0	174	6520	0	7100	0	0	0	11940	0	13274	0	2726	0	0	126	0	0	0	0	0	0	0	0	0	0	0	0	0	0	782	0	0	0	0	0	0	0	0	0	0	0	0	0	0	0	0	0	0	0	0	0	0	0	0	0	0	0	0	0	0	
124412	SupraMarginal_L	1966	0	1390	0	0	0	256	0	0	0	0	0	0	0	0	0	1694	0	762	0	0	0	0	0	0	0	0	0	1434	0	0	0	878	0	0	0	0	0	0	0	0	0	0	0	0	0	0	0	0	0	3206	0	0	0	0	0	5718	0	342	0	18010	0	0	0	7352	0	210	0	458	0	0	0	0	0	0	0	0	0	0	0	5398	0	0	0	9198	0	0	0	3934	0	0	0	0	0	0	0	0	0	0	0	0	0	0	0	0	0	0	0	0	0	0	0	0	0	0	0	
111776	SupraMarginal_R	280	772	0	664	0	0	0	200	0	0	0	0	0	0	0	0	0	2718	0	462	0	0	0	0	0	0	0	0	0	1430	0	0	0	0	0	0	0	716	0	0	0	0	0	182	0	434	0	0	0	534	0	950	0	0	0	0	174	12094	0	3254	0	11940	0	0	0	4958	0	4078	0	0	130	0	0	0	0	0	0	260	0	292	0	3526	0	0	0	2508	0	0	0	3332	0	0	0	0	0	0	0	0	0	0	0	0	0	0	0	0	0	0	0	0	0	0	0	0	0	0	
134976	Angular_L	638	0	298	0	0	0	0	0	0	0	0	0	0	0	0	0	0	0	0	0	0	0	0	0	0	0	0	0	0	0	0	0	2040	0	0	0	0	0	0	0	0	0	0	0	0	0	0	0	0	0	19392	0	0	0	0	0	3312	0	3862	0	19456	0	7352	0	0	0	1144	0	1114	0	0	0	0	0	0	0	330	0	0	0	702	0	0	0	7254	0	0	0	594	0	0	0	0	0	0	0	0	0	0	0	0	0	0	0	0	0	0	0	0	0	0	0	0	0	0	0	
102208	Angular_R	0	0	0	0	0	0	0	0	0	0	0	0	0	0	0	0	0	0	0	0	0	0	0	0	0	0	0	0	0	0	0	0	0	0	0	0	0	0	0	0	0	0	0	0	0	0	0	0	0	5302	0	13494	0	0	0	0	0	2056	0	5096	0	13274	0	4958	0	0	0	2542	0	0	0	0	0	0	0	0	0	0	0	0	0	1304	0	0	0	2612	0	0	0	466	0	0	0	0	0	0	0	0	0	0	0	0	0	0	0	0	0	0	0	0	0	0	0	0	0	0	
207412	Precuneus_L	628	0	472	0	0	0	114	0	0	0	0	0	0	0	0	0	348	0	156	0	0	0	0	0	0	0	0	0	884	0	0	0	8220	242	7772	586	2566	188	658	0	0	0	10492	124	11124	2214	3174	0	11264	274	12472	0	1122	0	266	0	1356	0	8536	0	1720	0	210	0	1144	0	0	3532	2614	0	0	0	0	0	0	0	126	180	0	0	336	0	0	0	5586	0	0	0	2864	0	0	0	0	0	0	0	0	0	0	0	0	0	0	0	0	0	0	0	0	0	142	0	0	0	0	0	
433468	Precuneus_R	0	2444	0	1056	0	0	0	194	0	0	0	0	0	0	0	0	0	862	0	5482	0	0	0	0	0	0	0	0	0	1252	0	0	408	9678	3124	10440	798	4198	182	2718	0	0	134	25564	322	26450	0	12722	0	18748	0	12758	0	1568	0	7078	0	13498	0	5542	0	2726	0	4078	0	2542	3532	0	312	7506	0	0	0	0	0	0	0	614	0	0	0	1850	0	0	0	15234	0	0	0	9788	0	0	0	0	0	0	0	450	0	118	0	0	0	0	0	0	0	0	0	0	764	0	0	0	0	0	
146340	Paracentral_Lobule_L	5650	320	1284	442	0	0	730	0	0	0	0	0	0	0	0	0	384	0	8098	5504	0	0	0	0	0	0	0	0	484	0	126	0	8424	3928	2724	162	406	0	0	0	0	0	418	0	2048	196	0	0	878	0	8860	0	606	0	0	0	3522	0	2198	0	1176	0	458	0	1114	0	2614	312	0	2344	0	0	588	0	118	0	1646	0	0	0	370	0	0	0	3684	0	0	0	1354	0	0	0	0	0	0	0	0	0	0	0	0	0	0	0	0	0	0	0	0	0	0	0	0	0	0	0	
138932	Paracentral_Lobule_R	3690	2788	1244	316	0	0	224	0	0	0	0	0	0	0	0	0	0	0	772	18360	0	0	0	0	0	0	0	0	280	174	0	0	0	11324	1784	1982	426	396	0	0	0	0	0	1440	0	1988	0	296	0	1366	0	1264	0	0	0	490	252	4614	0	166	0	0	0	0	0	0	0	7506	2344	0	126	0	114	0	0	0	1754	348	0	0	0	0	0	0	270	648	0	0	0	720	0	0	0	0	0	0	0	0	0	0	0	0	0	0	0	0	0	0	0	0	0	0	0	0	0	0	
320660	Caudate_L	726	3232	11700	3810	888	382	362	1318	170	0	4258	0	2706	0	2978	0	2388	0	9292	3138	9250	10798	572	114	640	500	2548	1662	7528	392	6812	4128	0	258	0	0	1050	342	0	0	174	0	0	0	0	0	0	0	0	0	114	0	0	0	0	0	458	260	0	0	204	126	0	130	0	0	0	0	0	126	0	17684	26008	4154	4944	1062	7554	1196	288	0	716	0	1190	0	0	0	0	0	0	0	0	0	0	0	0	0	0	0	0	0	0	0	0	0	0	0	0	0	0	0	0	0	0	0	0	0	
492232	Caudate_R	1200	1206	12640	16446	1110	8078	504	0	196	878	8986	2040	3374	972	1260	852	5180	152	11002	12898	6360	10360	1528	6430	602	5374	1060	3434	10066	4298	5178	23724	264	1946	0	0	158	260	0	0	0	0	0	0	0	0	0	0	0	0	0	0	0	0	0	0	542	236	0	0	226	0	0	0	0	0	0	0	0	0	17684	0	9884	22338	1416	3176	816	16228	170	0	1484	0	1900	0	0	0	0	0	0	0	0	0	0	0	0	0	0	0	0	0	0	0	0	0	0	0	0	0	0	0	0	0	0	0	0	0	
394192	Putamen_L	896	1110	27374	2840	8416	292	1968	1096	2962	0	1382	0	2136	0	9200	0	800	0	17532	2322	6670	7184	1408	0	1568	166	1850	968	17088	164	8014	2200	0	200	274	802	8598	636	680	336	674	0	0	0	0	0	0	0	0	0	276	0	0	0	788	0	186	114	0	0	126	0	0	0	0	0	0	0	588	114	26008	9884	0	1928	9670	596	3240	1048	856	0	412	0	664	0	116	0	0	0	676	0	0	0	0	0	0	0	0	0	0	0	0	0	0	0	0	0	0	0	0	0	0	0	0	0	0	0	
368964	Putamen_R	336	422	7952	20546	164	5388	318	3540	0	1696	458	3258	370	1910	232	2434	574	3176	7628	16432	594	2014	220	4296	0	3642	0	1798	982	24850	1764	11998	0	1396	0	162	324	9572	0	3316	0	692	0	0	0	0	0	0	0	0	0	0	0	0	0	1800	208	252	0	0	0	0	0	0	0	0	0	0	0	0	4154	22338	1928	0	0	4982	538	2958	0	0	226	0	0	476	0	0	0	0	0	168	0	0	0	0	0	0	0	0	0	0	0	0	0	0	0	0	0	0	0	0	0	0	0	0	0	0	
73904	Pallidum_L	504	322	7578	762	0	0	380	0	0	0	0	0	0	0	0	0	0	0	4702	680	650	1160	0	0	0	0	0	0	0	0	0	0	0	0	0	0	1734	0	0	0	0	0	0	0	0	0	0	0	0	0	0	0	0	0	0	0	0	0	0	0	0	0	0	0	0	0	0	0	118	0	4944	1416	9670	0	0	156	1928	248	0	0	0	0	0	0	0	0	0	0	0	0	0	0	0	0	0	0	0	0	0	0	0	0	0	0	0	0	0	0	0	0	0	0	0	0	0	0	
42516	Pallidum_R	0	0	472	3068	0	0	0	612	0	0	0	624	0	522	0	0	0	0	524	3068	0	268	0	0	0	0	0	0	0	504	0	244	0	0	0	0	0	682	0	344	0	0	0	0	0	0	0	0	0	0	0	0	0	0	0	166	0	0	0	0	0	0	0	0	0	0	0	0	0	0	1062	3176	596	4982	156	0	0	188	0	0	0	0	0	0	0	0	0	0	0	0	0	0	0	0	0	0	0	0	0	0	0	0	0	0	0	0	0	0	0	0	0	0	0	0	0	0	
139280	Thalamus_L	628	1174	8130	272	0	0	2918	0	0	0	0	0	132	0	192	0	0	140	2972	2880	0	0	0	0	0	0	0	0	1108	128	0	0	0	2258	2078	4876	7390	2632	426	1164	318	0	0	0	0	0	290	0	0	0	1626	0	0	0	132	140	0	0	1146	0	174	0	0	0	330	0	126	0	1646	1754	7554	816	3240	538	1928	0	0	6384	0	0	0	0	0	0	0	0	0	0	0	0	0	0	0	0	0	0	0	0	0	0	0	0	0	0	0	0	0	0	0	0	0	0	0	0	0	0	
163792	Thalamus_R	192	1184	2182	8544	0	0	1080	594	0	0	986	568	152	132	0	254	874	974	308	11046	378	818	0	0	0	0	0	0	1294	914	0	152	0	530	932	2830	3010	7660	294	2112	0	172	0	0	0	0	0	540	0	0	0	0	0	0	0	286	0	180	0	0	116	0	0	260	0	0	180	614	0	348	1196	16228	1048	2958	248	188	6384	0	0	122	520	160	0	0	0	0	0	0	0	0	0	0	0	0	0	0	0	0	0	0	0	0	0	0	0	0	0	0	0	0	154	0	0	0	0	0	
75704	Heschl_L	2180	0	4118	0	0	0	1642	0	0	0	1172	0	154	0	0	0	5866	0	1730	120	0	0	122	0	0	0	0	0	8100	0	0	0	0	0	124	118	3788	0	0	0	0	0	0	0	0	0	0	0	0	0	286	0	0	0	0	0	562	0	0	0	0	0	0	0	0	0	0	0	0	0	288	170	856	0	0	0	0	0	0	0	3052	0	132	0	1948	0	0	0	1324	0	0	0	0	0	0	0	0	0	0	0	0	0	0	0	0	0	0	0	0	0	0	0	0	0	0	0	
30600	Heschl_R	0	512	0	260	0	0	0	0	0	0	0	156	0	0	0	0	0	2346	0	304	0	0	0	0	0	0	0	0	0	2748	0	0	0	122	0	0	0	1218	0	144	0	0	0	0	0	0	0	0	0	0	0	0	0	0	0	0	0	254	0	0	0	0	0	292	0	0	0	0	0	0	0	0	0	0	0	0	0	122	0	0	0	3850	0	0	0	1800	0	0	0	1172	0	0	0	0	0	0	0	0	0	0	0	0	0	0	0	0	0	0	0	0	0	0	0	0	0	0	
276644	Temporal_Sup_L	10486	0	10084	628	0	164	2746	0	0	0	4184	330	352	0	0	0	16862	0	5036	614	0	0	238	164	0	0	0	0	15070	432	0	486	370	132	138	0	2448	0	128	0	0	0	218	0	128	0	300	0	0	0	1780	0	152	0	2906	0	2434	0	0	0	1768	0	5398	0	702	0	336	0	370	0	716	1484	412	226	0	0	0	520	3052	0	0	0	6672	0	24766	0	208	0	12682	0	0	0	0	0	0	0	0	0	0	0	0	0	0	0	0	0	0	0	0	0	0	0	0	0	0	0	
123892	Temporal_Sup_R	0	720	156	400	0	0	0	0	0	0	0	334	0	0	0	1446	0	2554	154	736	0	0	0	0	0	0	0	0	0	11192	0	0	0	186	0	0	0	1534	0	118	0	0	0	0	0	0	0	0	0	0	0	430	0	0	0	2376	0	674	0	228	0	0	0	3526	0	1304	0	1850	0	0	0	0	0	0	0	0	0	160	0	3850	0	0	0	5672	0	14012	0	920	0	7414	0	0	0	0	0	0	0	0	0	0	0	0	0	0	0	0	0	0	0	0	0	0	0	0	0	0	
106164	Temporal_Pole_Sup_L	150	0	870	0	350	0	0	0	210	0	4460	116	1466	0	1650	0	1248	0	528	120	0	0	0	0	0	0	0	0	9066	146	0	0	0	0	0	0	1928	0	618	0	752	0	0	0	0	0	0	0	0	0	0	0	0	0	2810	0	0	0	0	0	0	0	0	0	0	0	0	0	0	0	1190	1900	664	0	0	0	0	0	132	0	6672	0	0	0	6448	0	3276	0	6312	0	0	0	0	0	0	0	0	0	0	0	0	0	0	0	0	0	0	0	0	0	0	0	0	0	0	0	
93480	Temporal_Pole_Sup_R	0	0	318	308	0	0	0	0	0	0	0	740	0	0	0	1718	0	960	346	308	0	282	0	0	0	0	0	0	0	4454	0	0	0	220	0	0	0	2234	0	2304	0	3318	0	0	0	0	0	0	0	0	0	0	0	0	0	7940	0	0	0	0	0	0	0	0	0	0	0	0	0	0	0	0	0	476	0	0	0	0	0	0	0	5672	0	0	0	3510	0	5596	0	6036	0	0	0	0	0	0	0	0	0	0	0	0	0	0	0	0	0	0	0	0	0	0	0	0	0	0	
332452	Temporal_Mid_L	2508	0	1734	0	0	0	316	0	0	0	0	0	0	0	0	0	1756	0	520	374	0	0	0	0	0	0	0	0	4774	0	0	0	8592	208	1874	390	884	0	0	0	0	0	2940	0	2248	0	454	0	1526	0	22436	0	2328	0	1274	0	1624	0	214	0	6110	0	9198	0	7254	0	5586	0	3684	270	0	0	116	0	0	0	0	0	1948	0	24766	0	6448	0	0	0	4634	0	37238	0	0	0	0	0	0	0	0	0	0	0	0	0	0	0	0	0	0	0	0	0	0	0	0	0	0	0	
220744	Temporal_Mid_R	0	1734	0	264	0	0	0	0	0	0	0	0	0	0	0	0	0	346	0	1506	0	0	0	0	0	0	0	0	0	3508	0	0	0	324	432	1166	0	1014	0	210	0	0	0	3222	0	3664	0	1158	0	1662	0	8174	0	2154	0	5706	0	2908	0	1048	0	782	0	2508	0	2612	0	15234	0	648	0	0	0	0	0	0	0	0	0	1800	0	14012	0	3510	0	0	0	4168	0	24898	0	0	0	0	0	0	0	0	0	0	0	0	0	0	0	0	0	0	0	0	0	0	0	0	0	0	
29052	Temporal_Pole_Mid_L	0	0	0	0	0	0	0	0	0	0	0	0	0	0	0	0	0	0	0	0	0	0	0	0	0	0	0	0	0	0	0	0	0	0	0	0	0	0	160	0	0	0	0	0	0	0	0	0	0	0	0	0	0	0	1624	0	0	0	0	0	0	0	0	0	0	0	0	0	0	0	0	0	0	0	0	0	0	0	0	0	208	0	3276	0	4634	0	0	0	4624	0	0	0	0	0	0	0	0	0	0	0	0	0	0	0	0	0	0	0	0	0	0	0	0	0	0	0	
41324	Temporal_Pole_Mid_R	0	0	0	0	0	0	0	0	0	0	0	0	0	0	0	0	0	0	0	0	0	0	0	0	0	0	0	0	0	0	0	0	0	0	0	0	0	0	0	216	0	0	0	0	0	0	0	0	0	0	0	0	0	0	0	4448	0	0	0	0	0	0	0	0	0	0	0	0	0	0	0	0	0	0	0	0	0	0	0	0	0	920	0	5596	0	4168	0	0	0	5314	0	0	0	0	0	0	0	0	0	0	0	0	0	0	0	0	0	0	0	0	0	0	0	0	0	0	
261868	Temporal_Inf_L	1138	0	1472	0	0	0	142	0	0	0	0	0	0	0	0	0	854	0	582	114	0	0	0	0	0	0	0	0	7562	0	0	0	3862	0	566	0	6792	0	1142	0	712	0	1088	0	996	0	1936	0	0	0	7328	0	3730	0	15852	0	198	0	0	0	2574	0	3934	0	594	0	2864	0	1354	0	0	0	676	0	0	0	0	0	1324	0	12682	0	6312	0	37238	0	4624	0	0	0	506	0	0	0	0	0	0	0	186	0	0	0	0	0	0	0	0	0	0	0	0	0	0	0	0	0	
229808	Temporal_Inf_R	0	2724	0	504	0	0	0	0	0	0	0	0	0	0	0	0	0	636	0	1928	0	0	0	0	0	0	0	0	0	5786	0	0	0	318	918	2200	0	7150	0	1104	0	0	0	1888	0	814	0	1084	0	846	0	1716	0	5500	0	17138	0	1162	0	400	0	0	0	3332	0	466	0	9788	0	720	0	0	0	168	0	0	0	0	0	1172	0	7414	0	6036	0	24898	0	5314	0	0	0	1280	0	124	0	0	0	0	0	376	0	0	0	0	0	0	0	0	0	0	0	0	0	0	0	0	
468856	Cerebelum_Crus1_L	0	0	0	0	0	0	0	0	0	0	0	0	0	0	0	0	0	0	0	0	0	0	0	0	0	0	0	0	0	0	0	0	0	0	0	0	0	0	0	0	0	0	0	300	0	0	8026	2858	0	0	0	0	288	0	20618	2154	0	0	0	0	0	0	0	0	0	0	0	0	0	0	0	0	0	0	0	0	0	0	0	0	0	0	0	0	0	0	0	0	506	0	0	2020	35018	2564	1402	532	28610	3098	60940	7458	5736	0	18304	3004	3216	2848	948	334	314	744	6300	5942	6734	1970	1642	0	
331152	Cerebelum_Crus1_R	0	0	0	0	0	0	0	0	0	0	0	0	0	0	0	0	0	0	0	0	0	0	0	0	0	0	0	0	0	0	0	0	0	0	0	0	0	400	0	564	0	0	0	214	0	0	338	2972	0	0	0	0	0	468	406	14246	0	0	0	0	0	0	0	0	0	0	0	0	0	0	0	0	0	0	0	0	0	0	0	0	0	0	0	0	0	0	0	0	0	1280	2020	0	1524	25982	0	2812	758	19322	2738	48810	0	2104	436	17420	218	2622	154	490	0	690	3226	3488	8746	614	514	0	
300392	Cerebelum_Crus2_L	0	0	0	0	0	0	0	0	0	0	0	0	0	0	0	0	0	0	0	0	0	0	0	0	0	0	0	0	0	0	0	0	0	0	0	0	0	0	0	0	0	0	0	0	0	0	1264	410	0	0	0	0	0	0	2124	220	0	0	0	0	0	0	0	0	0	0	0	0	0	0	0	0	0	0	0	0	0	0	0	0	0	0	0	0	0	0	0	0	0	0	35018	1524	0	5156	254	0	3056	454	14274	1780	28008	2354	29488	6648	1852	1450	396	0	0	0	606	1220	7496	4532	612	0	
265980	Cerebelum_Crus2_R	0	0	0	0	0	0	0	0	0	0	0	0	0	0	0	0	0	0	0	0	0	0	0	0	0	0	0	0	0	0	0	0	0	0	0	0	0	0	0	0	0	0	0	0	0	0	0	148	0	0	0	0	0	0	0	452	0	0	0	0	0	0	0	0	0	0	0	0	0	0	0	0	0	0	0	0	0	0	0	0	0	0	0	0	0	0	0	0	0	124	2564	25982	5156	0	0	186	604	1310	1398	5142	2324	20376	3914	40602	704	5862	0	132	0	0	626	666	9144	4766	808	0	
43864	Cerebelum_3_L	0	0	0	0	0	0	0	0	0	0	0	0	0	0	0	0	0	0	0	0	0	0	0	0	0	0	0	0	0	0	0	0	0	0	0	0	0	0	256	0	0	0	0	0	0	0	0	140	0	0	0	0	0	0	376	0	0	0	0	0	0	0	0	0	0	0	0	0	0	0	0	0	0	0	0	0	0	0	0	0	0	0	0	0	0	0	0	0	0	0	1402	0	254	0	0	628	6718	272	1950	208	0	0	1164	0	1200	0	676	0	2018	3686	984	0	0	0	0	0	
69516	Cerebelum_3_R	0	0	0	0	0	0	0	0	0	0	0	0	0	0	0	0	0	0	0	0	0	0	0	0	0	0	0	0	0	0	0	0	0	0	0	0	0	0	384	164	0	0	0	0	0	0	0	436	0	0	0	0	0	0	0	656	0	0	0	0	0	0	0	0	0	0	0	0	0	0	0	0	0	0	0	0	0	0	0	0	0	0	0	0	0	0	0	0	0	0	532	2812	0	186	628	0	2246	7956	992	7168	0	0	806	190	598	452	346	0	592	4154	2698	386	0	0	376	0	
454788	Cerebelum_4_5_L	0	0	0	0	0	0	0	0	0	0	0	0	0	0	0	0	0	0	0	0	0	0	0	0	0	0	0	0	0	0	0	0	0	0	0	0	148	0	270	0	0	0	144	470	0	0	12866	5954	0	0	0	122	226	174	16964	4368	0	0	0	0	0	0	0	0	0	0	0	0	0	0	0	0	0	0	0	0	0	0	0	0	0	0	0	0	0	0	0	0	0	0	28610	758	3056	604	6718	2246	0	13962	45188	9394	948	0	10604	914	10016	5072	4826	126	1844	4240	26582	4714	460	154	2654	1998	
346260	Cerebelum_4_5_R	0	0	0	0	0	0	0	0	0	0	0	0	0	0	0	0	0	0	0	0	0	0	0	0	0	0	0	0	0	0	0	0	0	0	0	0	0	1108	0	1936	0	0	0	572	0	0	4260	10624	0	0	0	166	176	250	2798	15678	0	0	0	0	0	0	0	0	0	0	0	450	0	0	0	0	0	0	0	0	0	0	0	0	0	0	0	0	0	0	0	0	0	0	3098	19322	454	1310	272	7956	13962	0	9622	36698	134	0	2852	1372	2440	3746	1334	332	302	2688	22148	1802	850	526	1436	456	
591612	Cerebelum_6_L	0	0	0	0	0	0	0	0	0	0	0	0	0	0	0	0	0	0	0	0	0	0	0	0	0	0	0	0	0	0	0	0	0	0	0	0	0	0	0	0	0	0	154	802	0	0	14130	8982	0	0	168	126	478	204	28240	5548	0	0	0	0	0	0	0	0	0	0	0	0	0	0	0	0	0	0	0	0	0	0	0	0	0	0	0	0	0	0	0	0	186	0	60940	2738	14274	1398	1950	992	45188	9622	0	16322	3464	0	14906	1582	6908	6098	3024	630	418	1240	18316	15306	6318	1430	3362	362	
486452	Cerebelum_6_R	0	0	0	0	0	0	0	0	0	0	0	0	0	0	0	0	0	0	0	0	0	0	0	0	0	0	0	0	0	0	0	0	0	0	0	0	0	472	0	666	0	0	0	1012	0	142	3946	13138	0	144	0	320	210	874	4958	23318	0	0	0	0	0	0	0	0	0	0	0	118	0	0	0	0	0	0	0	0	0	0	0	0	0	0	0	0	0	0	0	0	0	376	7458	48810	1780	5142	208	7168	9394	36698	16322	0	0	278	2352	5432	1818	4548	1104	1498	0	2392	16624	11596	9886	1074	1950	0	
166512	Cerebelum_7b_L	0	0	0	0	0	0	0	0	0	0	0	0	0	0	0	0	0	0	0	0	0	0	0	0	0	0	0	0	0	0	0	0	0	0	0	0	0	0	0	0	0	0	0	0	0	0	0	0	0	0	0	0	0	0	186	0	0	0	0	0	0	0	0	0	0	0	0	0	0	0	0	0	0	0	0	0	0	0	0	0	0	0	0	0	0	0	0	0	0	0	5736	0	28008	2324	0	0	948	134	3464	0	0	856	27686	4578	836	466	280	0	0	0	246	0	3084	4424	0	0	
103244	Cerebelum_7b_R	0	0	0	0	0	0	0	0	0	0	0	0	0	0	0	0	0	0	0	0	0	0	0	0	0	0	0	0	0	0	0	0	0	0	0	0	0	0	0	0	0	0	0	0	0	0	0	0	0	0	0	0	0	0	0	0	0	0	0	0	0	0	0	0	0	0	0	0	0	0	0	0	0	0	0	0	0	0	0	0	0	0	0	0	0	0	0	0	0	0	0	2104	2354	20376	0	0	0	0	0	278	856	0	586	21086	0	266	0	0	0	0	0	0	1594	2122	0	0	
375096	Cerebelum_8_L	0	0	0	0	0	0	0	0	0	0	0	0	0	0	0	0	0	0	0	0	0	0	0	0	0	0	0	0	0	0	0	0	0	0	0	0	0	0	0	0	0	0	0	0	0	0	374	442	0	0	0	0	0	0	804	528	0	0	0	0	0	0	0	0	0	0	0	0	0	0	0	0	0	0	0	0	0	0	0	0	0	0	0	0	0	0	0	0	0	0	18304	436	29488	3914	1164	806	10604	2852	14906	2352	27686	586	0	11082	18170	4216	5884	170	716	1506	5840	1618	6782	12340	3700	278	
328508	Cerebelum_8_R	0	0	0	0	0	0	0	0	0	0	0	0	0	0	0	0	0	0	0	0	0	0	0	0	0	0	0	0	0	0	0	0	0	0	0	0	0	0	0	0	0	0	0	0	0	0	0	0	0	0	0	0	0	0	0	296	0	0	0	0	0	0	0	0	0	0	0	0	0	0	0	0	0	0	0	0	0	0	0	0	0	0	0	0	0	0	0	0	0	0	3004	17420	6648	40602	0	190	914	1372	1582	5432	4578	21086	11082	0	2008	19286	0	828	0	0	1042	626	10532	12992	2734	0	
186188	Cerebelum_9_L	0	0	0	0	0	0	0	0	0	0	0	0	0	0	0	0	0	0	0	0	0	0	0	0	0	0	0	0	0	0	0	0	0	0	0	0	0	0	0	0	0	0	0	0	0	0	140	360	0	0	0	0	0	0	320	376	0	0	0	0	0	0	0	0	0	0	0	0	0	0	0	0	0	0	0	0	0	0	0	0	0	0	0	0	0	0	0	0	0	0	3216	218	1852	704	1200	598	10016	2440	6908	1818	836	0	18170	2008	0	6150	8158	0	768	1422	6658	4998	1202	3198	6982	2378	
209664	Cerebelum_9_R	0	0	0	0	0	0	0	0	0	0	0	0	0	0	0	0	0	0	0	0	0	0	0	0	0	0	0	0	0	0	0	0	0	0	0	0	0	0	0	0	0	0	0	0	0	0	116	128	0	0	0	0	0	0	498	580	0	0	0	0	0	0	0	0	0	0	0	0	0	0	0	0	0	0	0	0	0	0	0	0	0	0	0	0	0	0	0	0	0	0	2848	2622	1450	5862	0	452	5072	3746	6098	4548	466	266	4216	19286	6150	0	1144	2572	0	210	5444	8222	4594	5026	9694	3522	
69560	Cerebelum_10_L	0	0	0	0	0	0	0	0	0	0	0	0	0	0	0	0	0	0	0	0	0	0	0	0	0	0	0	0	0	0	0	0	0	0	0	0	0	0	0	0	0	0	0	0	0	0	114	142	0	0	0	0	0	0	146	230	0	0	0	0	0	0	0	0	0	0	0	0	0	0	0	0	0	0	0	0	0	0	0	0	0	0	0	0	0	0	0	0	0	0	948	154	396	0	676	346	4826	1334	3024	1104	280	0	5884	0	8158	1144	0	0	352	722	2504	1122	0	0	904	270	
20240	Cerebelum_10_R	0	0	0	0	0	0	0	0	0	0	0	0	0	0	0	0	0	0	0	0	0	0	0	0	0	0	0	0	0	0	0	0	0	0	0	0	0	0	0	0	0	0	0	0	0	0	0	0	0	0	0	0	0	0	0	192	0	0	0	0	0	0	0	0	0	0	0	0	0	0	0	0	0	0	0	0	0	0	0	0	0	0	0	0	0	0	0	0	0	0	334	490	0	132	0	0	126	332	630	1498	0	0	170	828	0	2572	0	0	0	0	0	666	712	634	804	0	
27600	Vermis_1_2	0	0	0	0	0	0	0	0	0	0	0	0	0	0	0	0	0	0	0	0	0	0	0	0	0	0	0	0	0	0	0	0	0	0	0	0	0	0	180	0	0	0	0	0	0	0	0	0	0	0	0	0	0	0	0	0	0	0	0	0	0	0	0	0	0	0	0	0	0	0	0	0	0	0	0	0	0	0	0	0	0	0	0	0	0	0	0	0	0	0	314	0	0	0	2018	592	1844	302	418	0	0	0	716	0	768	0	352	0	0	4574	1722	0	0	0	0	0	
66080	Vermis_3	0	0	0	0	0	0	0	0	0	0	0	0	0	0	0	0	0	0	0	0	0	0	0	0	0	0	0	0	0	0	0	0	0	0	0	0	0	0	564	0	0	0	0	0	0	0	0	0	0	0	0	0	0	0	0	0	0	0	0	0	0	0	0	0	0	0	0	0	0	0	0	0	0	0	0	0	0	0	0	0	0	0	0	0	0	0	0	0	0	0	744	690	0	0	3686	4154	4240	2688	1240	2392	0	0	1506	0	1422	210	722	0	4574	0	3766	228	0	0	214	0	
353168	Vermis_4_5	0	0	0	0	0	0	0	0	0	0	0	0	0	0	0	0	0	0	0	0	0	0	0	0	0	0	0	0	0	0	0	0	0	0	472	504	472	342	234	182	0	0	192	776	0	0	7898	11412	0	0	0	208	338	318	6224	8004	0	0	0	0	0	0	0	0	0	0	142	764	0	0	0	0	0	0	0	0	0	154	0	0	0	0	0	0	0	0	0	0	0	0	6300	3226	606	626	984	2698	26582	22148	18316	16624	246	0	5840	1042	6658	5444	2504	0	1722	3766	0	5168	566	164	3202	3516	
