data	data	593132	328776	1.02304e+06	796740	113380	92648	615016	278536	57268	18488	228168	241708	297792	280500	167380	66012	186272	85520	1.04718e+06	873304	81892	85308	382548	272212	47368	77956	68252	73272	751812	389960	279228	420916	190688	540804	103724	151800	293892	331104	104128	240808	36956	46232	262188	332628	224808	319064	343140	437200	225256	301248	435640	173472	144820	297196	489192	636596	339456	287104	117268	123104	221752	105608	114800	83208	150020	115608	316384	379644	346224	302176	338756	348328	512888	346508	73764	18952	188624	189476	134044	23648	237964	108832	102072	21212	305396	133388	34604	560	396484	242504	728776	531496	521516	384568	58440	107432	528656	322056	649992	594324	344104	157060	452512	442816	167272	123092	25608	21444	31900	118864	446316	309360	238892	274020	134008	51612	
data	data	Precentral_L	Precentral_R	Frontal_Sup_L	Frontal_Sup_R	Frontal_Sup_Orb_L	Frontal_Sup_Orb_R	Frontal_Mid_L	Frontal_Mid_R	Frontal_Mid_Orb_L	Frontal_Mid_Orb_R	Frontal_Inf_Oper_L	Frontal_Inf_Oper_R	Frontal_Inf_Tri_L	Frontal_Inf_Tri_R	Frontal_Inf_Orb_L	Frontal_Inf_Orb_R	Rolandic_Oper_L	Rolandic_Oper_R	Supp_Motor_Area_L	Supp_Motor_Area_R	Olfactory_L	Olfactory_R	Frontal_Sup_Medial_L	Frontal_Sup_Medial_R	Frontal_Med_Orb_L	Frontal_Med_Orb_R	Rectus_L	Rectus_R	Insula_L	Insula_R	Cingulum_Ant_L	Cingulum_Ant_R	Cingulum_Mid_L	Cingulum_Mid_R	Cingulum_Post_L	Cingulum_Post_R	Hippocampus_L	Hippocampus_R	ParaHippocampal_L	ParaHippocampal_R	Amygdala_L	Amygdala_R	Calcarine_L	Calcarine_R	Cuneus_L	Cuneus_R	Lingual_L	Lingual_R	Occipital_Sup_L	Occipital_Sup_R	Occipital_Mid_L	Occipital_Mid_R	Occipital_Inf_L	Occipital_Inf_R	Fusiform_L	Fusiform_R	Postcentral_L	Postcentral_R	Parietal_Sup_L	Parietal_Sup_R	Parietal_Inf_L	Parietal_Inf_R	SupraMarginal_L	SupraMarginal_R	Angular_L	Angular_R	Precuneus_L	Precuneus_R	Paracentral_Lobule_L	Paracentral_Lobule_R	Caudate_L	Caudate_R	Putamen_L	Putamen_R	Pallidum_L	Pallidum_R	Thalamus_L	Thalamus_R	Heschl_L	Heschl_R	Temporal_Sup_L	Temporal_Sup_R	Temporal_Pole_Sup_L	Temporal_Pole_Sup_R	Temporal_Mid_L	Temporal_Mid_R	Temporal_Pole_Mid_L	Temporal_Pole_Mid_R	Temporal_Inf_L	Temporal_Inf_R	Cerebelum_Crus1_L	Cerebelum_Crus1_R	Cerebelum_Crus2_L	Cerebelum_Crus2_R	Cerebelum_3_L	Cerebelum_3_R	Cerebelum_4_5_L	Cerebelum_4_5_R	Cerebelum_6_L	Cerebelum_6_R	Cerebelum_7b_L	Cerebelum_7b_R	Cerebelum_8_L	Cerebelum_8_R	Cerebelum_9_L	Cerebelum_9_R	Cerebelum_10_L	Cerebelum_10_R	Vermis_1_2	Vermis_3	Vermis_4_5	Vermis_6	Vermis_7	Vermis_8	Vermis_9	Vermis_10	
593132	Precentral_L	0	614	36636	678	0	0	26004	152	0	0	8578	152	922	196	0	0	12750	0	36244	6650	0	0	0	0	0	0	0	0	26642	0	0	0	608	3026	1232	446	7490	198	566	102	0	0	810	0	180	0	484	0	350	0	2248	0	604	0	1842	104	29618	276	1326	0	4690	0	2066	0	1482	0	1056	102	22158	682	1400	238	11126	0	5222	0	10746	742	11580	0	4984	0	396	0	2828	0	0	0	7214	0	0	0	0	0	0	0	0	0	126	0	0	0	0	0	0	0	0	0	0	0	0	0	0	0	0	0	
328776	Precentral_R	614	0	280	21412	0	0	284	12388	0	0	0	19458	0	2902	0	0	0	5000	1884	10786	0	0	0	0	0	0	0	0	500	7510	0	0	0	608	986	880	1270	10264	0	1352	0	0	0	0	0	0	0	126	0	0	0	0	0	126	206	1128	0	9378	0	532	0	1038	0	1804	0	0	0	116	1768	11632	2144	7696	302	3038	466	98	3630	19606	166	276	0	150	0	0	0	0	0	0	156	428	0	0	0	0	0	0	0	0	0	0	0	0	0	0	0	0	0	0	0	0	0	0	0	0	0	0	
1.02304e+06	Frontal_Sup_L	36636	280	0	8090	11244	0	90240	1424	3076	0	22024	1276	19754	2116	7344	0	6684	0	87442	10970	0	0	47380	5414	1760	138	4306	0	33330	774	16216	2724	5284	3570	442	326	4240	128	238	0	0	0	0	0	0	0	0	0	0	0	230	0	0	0	2306	0	10502	0	200	0	242	0	0	0	0	0	100	0	6268	154	10412	820	26566	556	4214	0	4282	448	2386	0	2214	0	950	0	282	0	0	0	3298	0	0	0	0	0	0	0	0	0	222	0	0	0	0	0	0	0	0	0	0	0	0	0	0	0	0	0	
796740	Frontal_Sup_R	678	21412	8090	0	0	6060	2852	26912	0	92	1402	12740	1190	11910	214	3850	478	5206	30170	65700	0	710	13080	29580	170	2902	0	994	3852	16338	3418	28202	3862	23448	0	0	0	3508	0	1050	0	0	0	0	0	0	0	0	0	0	0	0	0	0	0	872	0	2960	0	156	0	214	0	184	0	0	0	0	386	936	4028	17418	2778	23112	128	1718	230	11462	0	0	92	376	224	546	0	0	0	0	0	330	0	0	0	0	0	0	0	0	0	0	0	0	0	0	0	0	0	0	0	150	0	0	0	0	0	0	
113380	Frontal_Sup_Orb_L	0	0	11244	0	0	0	624	0	7554	0	0	0	216	0	8600	0	0	0	0	0	1044	0	1974	0	3514	182	7206	0	2516	0	1880	0	0	0	0	0	0	0	0	0	98	0	0	0	0	0	0	0	0	0	0	0	0	0	0	0	0	0	0	0	0	0	0	0	0	0	0	0	0	0	1650	0	8158	0	0	0	0	0	0	0	0	0	230	0	0	0	0	0	0	0	0	0	0	0	0	0	0	0	0	0	0	0	0	0	0	0	0	0	0	0	0	0	0	0	0	0	
92648	Frontal_Sup_Orb_R	0	0	0	6060	0	0	0	1472	0	3932	0	0	0	160	0	5782	0	0	0	0	0	1474	262	2778	408	7906	0	6020	0	2018	634	1552	0	0	0	0	0	0	0	0	0	0	0	0	0	0	0	0	0	0	0	0	0	0	0	0	0	0	0	0	0	0	0	0	0	0	0	0	0	0	0	1890	0	3976	0	0	0	0	0	0	0	0	0	0	0	0	0	0	0	0	0	0	0	0	0	0	0	0	0	0	0	0	0	0	0	0	0	0	0	0	0	0	0	0	0	0	
615016	Frontal_Mid_L	26004	284	90240	2852	624	0	0	772	1878	0	12168	462	35714	1086	8766	0	1116	0	24898	3732	0	0	19550	1136	0	0	0	0	27842	266	4414	664	3838	1060	430	312	2450	120	162	0	0	0	0	0	0	0	0	0	0	0	226	0	0	0	260	0	1564	0	196	0	0	0	0	0	0	0	0	0	3332	134	7666	598	12010	544	1428	0	3292	444	1478	0	282	0	146	0	192	0	0	0	876	0	0	0	0	0	0	0	0	0	0	0	0	0	0	0	0	0	0	0	0	0	0	0	0	0	0	0	
278536	Frontal_Mid_R	152	12388	1424	26912	0	1472	772	0	0	540	0	18900	166	19992	0	3698	0	1408	3420	6648	0	0	476	1660	0	0	0	0	370	13182	244	3032	370	2700	0	0	0	2164	0	812	0	0	0	0	0	0	0	0	0	0	0	0	0	0	0	682	0	646	0	0	0	104	0	130	0	0	0	0	0	0	1722	2974	0	9392	0	98	0	262	0	138	0	0	0	0	0	0	0	0	0	218	0	0	0	0	0	0	0	0	0	0	0	0	0	0	0	0	0	0	0	0	0	0	0	0	0	0	
57268	Frontal_Mid_Orb_L	0	0	3076	0	7554	0	1878	0	0	0	0	0	776	0	11502	0	0	0	0	0	0	0	0	0	0	0	1550	0	410	0	0	0	0	0	0	0	0	0	0	0	0	0	0	0	0	0	0	0	0	0	0	0	0	0	0	0	0	0	0	0	0	0	0	0	0	0	0	0	0	0	0	0	1888	0	0	0	0	0	0	0	0	0	0	0	0	0	0	0	0	0	0	0	0	0	0	0	0	0	0	0	0	0	0	0	0	0	0	0	0	0	0	0	0	0	0	0	
18488	Frontal_Mid_Orb_R	0	0	0	92	0	3932	0	540	0	0	0	0	0	0	0	4146	0	0	0	0	0	0	0	0	0	0	0	176	0	252	0	0	0	0	0	0	0	0	0	0	0	0	0	0	0	0	0	0	0	0	0	0	0	0	0	0	0	0	0	0	0	0	0	0	0	0	0	0	0	0	0	0	0	106	0	0	0	0	0	0	0	0	0	0	0	0	0	0	0	0	0	0	0	0	0	0	0	0	0	0	0	0	0	0	0	0	0	0	0	0	0	0	0	0	0	0	
228168	Frontal_Inf_Oper_L	8578	0	22024	1402	0	0	12168	0	0	0	0	0	15764	174	208	0	7466	0	20140	1802	0	0	300	0	0	0	0	0	11060	96	1084	234	134	454	0	0	198	0	0	0	0	0	0	0	0	0	0	0	0	0	0	0	0	0	230	0	1460	0	0	0	0	0	0	0	0	0	0	0	0	0	1308	290	1904	226	0	0	190	0	296	0	2024	0	2606	0	0	0	0	0	264	0	0	0	0	0	0	0	0	0	0	0	0	0	0	0	0	0	0	0	0	0	0	0	0	0	0	0	
241708	Frontal_Inf_Oper_R	152	19458	1276	12740	0	0	462	18900	0	0	0	0	166	15414	0	0	0	4620	3090	7844	0	0	0	0	0	0	0	0	298	16742	0	182	302	1596	0	0	0	2240	0	1180	0	0	0	0	0	0	0	0	0	0	0	0	0	0	0	878	0	516	0	0	0	0	0	0	0	0	0	0	0	0	1612	2006	0	8714	0	142	0	0	0	144	0	0	0	0	0	0	0	0	0	180	0	0	0	0	0	0	0	0	0	0	0	0	0	0	0	0	0	0	0	0	0	0	0	0	0	0	
297792	Frontal_Inf_Tri_L	922	0	19754	1190	216	0	35714	166	776	0	15764	166	0	470	15428	0	148	0	9734	1480	0	0	3526	92	0	0	0	0	25288	242	4606	482	1552	188	0	0	0	0	0	0	0	0	0	0	0	0	0	0	0	0	0	0	0	0	0	0	0	0	0	0	0	0	0	0	0	0	0	0	0	0	3358	680	5790	332	0	0	288	0	0	0	0	0	544	0	0	0	0	0	0	0	0	0	0	0	0	0	0	0	0	0	0	0	0	0	0	0	0	0	0	0	0	0	0	0	0	0	
280500	Frontal_Inf_Tri_R	196	2902	2116	11910	0	160	1086	19992	0	0	174	15414	470	0	0	3616	0	150	7438	11112	0	0	712	2680	0	0	0	0	628	23586	1080	7884	640	5466	0	0	0	462	0	298	0	0	0	0	0	0	0	0	0	0	0	0	0	0	0	148	0	0	0	0	0	0	0	0	0	0	0	0	0	0	3018	7986	166	8760	0	0	0	0	0	0	0	0	0	0	0	0	0	0	0	0	0	0	0	0	0	0	0	0	0	0	0	0	0	0	0	0	0	0	0	0	0	0	0	0	0	0	
167380	Frontal_Inf_Orb_L	0	0	7344	214	8600	0	8766	0	11502	0	208	0	15428	0	0	0	0	0	658	244	1348	0	344	0	0	0	2136	0	14848	0	502	0	92	0	0	0	0	0	0	0	0	0	0	0	0	0	0	0	0	0	0	0	0	0	0	0	0	0	0	0	0	0	0	0	0	0	0	0	0	0	1320	144	8252	0	0	0	228	0	0	0	0	0	1512	0	0	0	0	0	0	0	0	0	0	0	0	0	0	0	0	0	0	0	0	0	0	0	0	0	0	0	0	0	0	0	0	0	
66012	Frontal_Inf_Orb_R	0	0	0	3850	0	5782	0	3698	0	4146	0	0	0	3616	0	0	0	0	330	650	0	1094	0	490	0	244	0	1240	0	4364	0	818	0	434	0	0	0	0	0	0	0	0	0	0	0	0	0	0	0	0	0	0	0	0	0	0	0	0	0	0	0	0	0	0	0	0	0	0	0	0	0	546	0	1704	0	0	0	0	0	0	0	0	0	0	0	0	0	0	0	0	0	0	0	0	0	0	0	0	0	0	0	0	0	0	0	0	0	0	0	0	0	0	0	0	0	0	
186272	Rolandic_Oper_L	12750	0	6684	478	0	0	1116	0	0	0	7466	0	148	0	0	0	0	0	11226	742	0	0	0	0	0	0	0	0	14000	0	0	0	0	0	0	0	158	0	0	0	0	0	0	0	0	0	0	0	0	0	380	0	0	0	194	0	12276	160	400	0	1246	0	1020	0	426	0	158	0	1734	178	204	0	1510	0	0	0	102	0	4072	0	8458	0	2514	0	1660	0	0	0	1676	0	0	0	0	0	0	0	0	0	0	0	0	0	0	0	0	0	0	0	0	0	0	0	0	0	0	0	
85520	Rolandic_Oper_R	0	5000	0	5206	0	0	0	1408	0	0	0	4620	0	150	0	0	0	0	0	2468	0	0	0	0	0	0	0	0	0	7090	0	0	0	0	0	0	0	580	0	208	0	0	0	0	0	0	0	0	0	0	0	0	0	106	0	386	0	4190	0	0	0	0	0	2070	0	0	0	0	0	160	0	0	0	2382	0	174	0	120	0	1678	0	3192	0	798	0	312	0	0	0	462	0	0	0	0	0	0	0	0	0	0	0	0	0	0	0	0	0	0	0	0	0	0	0	0	0	0	
1.04718e+06	Supp_Motor_Area_L	36244	1884	87442	30170	0	0	24898	3420	0	0	20140	3090	9734	7438	658	330	11226	0	0	66526	0	0	11000	5452	0	0	0	0	28234	4562	7344	10440	11726	43182	254	452	3808	384	258	198	0	0	0	0	0	0	0	0	0	0	0	0	0	0	3022	142	11234	206	0	0	216	0	0	0	0	0	266	184	13800	3718	9276	3592	24128	2400	6636	0	2490	300	1450	0	3716	0	2596	0	118	0	0	0	3306	0	0	0	0	0	0	0	0	0	302	0	0	0	0	0	0	0	0	0	0	0	0	0	0	0	0	0	
873304	Supp_Motor_Area_R	6650	10786	10970	65700	0	0	3732	6648	0	0	1802	7844	1480	11112	244	650	742	2468	66526	0	0	0	2698	7904	0	0	0	0	5298	11352	2546	12152	10066	56882	2268	982	310	1946	0	768	0	0	232	586	498	0	0	0	0	0	1390	0	374	0	102	1080	550	7626	0	0	0	0	0	0	0	0	890	964	19982	32710	7316	19638	3894	9492	442	850	2638	8470	110	0	362	530	324	480	1498	0	0	0	598	500	0	0	0	0	0	0	0	0	0	0	0	0	0	0	0	0	0	0	0	0	0	0	0	0	0	0	
81892	Olfactory_L	0	0	0	0	1044	0	0	0	0	0	0	0	0	0	1348	0	0	0	0	0	0	6100	0	0	596	240	1836	1672	2908	0	2816	1884	0	0	0	0	0	0	274	0	430	0	0	0	0	0	0	0	0	0	0	0	0	0	0	0	0	0	0	0	0	0	0	0	0	0	0	0	0	0	8062	5210	5966	0	168	0	0	0	0	0	0	0	392	0	0	0	0	0	0	0	0	0	0	0	0	0	0	0	0	0	0	0	0	0	0	0	0	0	0	0	0	0	0	0	0	0	
85308	Olfactory_R	0	0	0	710	0	1474	0	0	0	0	0	0	0	0	0	1094	0	0	0	0	6100	0	0	114	0	1030	664	3994	0	2392	1768	2896	0	0	0	0	0	0	0	248	0	794	0	0	0	0	0	0	0	0	0	0	0	0	0	0	0	0	0	0	0	0	0	0	0	0	0	0	0	0	6756	8038	4412	0	170	0	0	0	0	0	0	0	0	0	0	0	0	0	0	0	0	0	0	0	0	0	0	0	0	0	0	0	0	0	0	0	0	0	0	0	0	0	0	0	0	0	
382548	Frontal_Sup_Medial_L	0	0	47380	13080	1974	262	19550	476	0	0	300	0	3526	712	344	0	0	0	11000	2698	0	0	0	20874	2212	876	312	140	3402	694	20262	18040	6970	11590	0	0	0	0	0	0	0	0	0	0	0	0	0	0	0	0	0	0	0	0	0	0	0	0	0	0	0	0	0	0	0	0	0	0	0	0	1114	432	2394	660	0	0	0	0	0	0	0	0	0	0	0	0	0	0	0	0	0	0	0	0	0	0	0	0	0	0	0	0	0	0	0	0	0	0	0	0	0	0	0	0	0	0	
272212	Frontal_Sup_Medial_R	0	0	5414	29580	0	2778	1136	1660	0	0	0	0	92	2680	0	490	0	0	5452	7904	0	114	20874	0	788	4380	0	604	108	2386	5378	23932	1554	11800	0	0	0	0	0	0	0	0	0	0	0	0	0	0	0	0	0	0	0	0	0	0	0	0	0	0	0	0	0	0	0	0	0	0	0	0	0	2266	0	4736	0	0	0	0	0	0	0	0	0	0	0	0	0	0	0	0	0	0	0	0	0	0	0	0	0	0	0	0	0	0	0	0	0	0	0	0	0	0	0	0	0	0	
47368	Frontal_Med_Orb_L	0	0	1760	170	3514	408	0	0	0	0	0	0	0	0	0	0	0	0	0	0	596	0	2212	788	0	2204	3058	100	0	0	5504	480	0	0	0	0	0	0	0	0	0	0	0	0	0	0	0	0	0	0	0	0	0	0	0	0	0	0	0	0	0	0	0	0	0	0	0	0	0	0	1302	0	1588	0	0	0	0	0	0	0	0	0	0	0	0	0	0	0	0	0	0	0	0	0	0	0	0	0	0	0	0	0	0	0	0	0	0	0	0	0	0	0	0	0	0	0	
77956	Frontal_Med_Orb_R	0	0	138	2902	182	7906	0	0	0	0	0	0	0	0	0	244	0	0	0	0	240	1030	876	4380	2204	0	438	5908	0	206	2684	4142	0	0	0	0	0	0	0	0	0	0	0	0	0	0	0	0	0	0	0	0	0	0	0	0	0	0	0	0	0	0	0	0	0	0	0	0	0	0	278	2440	214	2566	0	0	0	0	0	0	0	0	0	0	0	0	0	0	0	0	0	0	0	0	0	0	0	0	0	0	0	0	0	0	0	0	0	0	0	0	0	0	0	0	0	0	
68252	Rectus_L	0	0	4306	0	7206	0	0	0	1550	0	0	0	0	0	2136	0	0	0	0	0	1836	664	312	0	3058	438	0	642	516	0	3784	846	0	0	0	0	0	0	0	0	0	0	0	0	0	0	0	0	0	0	0	0	0	0	0	0	0	0	0	0	0	0	0	0	0	0	0	0	0	0	2502	432	3898	0	0	0	0	0	0	0	0	0	0	0	0	0	0	0	0	0	0	0	0	0	0	0	0	0	0	0	0	0	0	0	0	0	0	0	0	0	0	0	0	0	0	0	
73272	Rectus_R	0	0	0	994	0	6020	0	0	0	176	0	0	0	0	0	1240	0	0	0	0	1672	3994	140	604	100	5908	642	0	0	578	1828	4320	0	0	0	0	0	0	0	0	0	0	0	0	0	0	0	0	0	0	0	0	0	0	0	0	0	0	0	0	0	0	0	0	0	0	0	0	0	0	2158	4132	1238	892	0	0	0	0	0	0	0	0	0	0	0	0	0	0	0	0	0	0	0	0	0	0	0	0	0	0	0	0	0	0	0	0	0	0	0	0	0	0	0	0	0	0	
751812	Insula_L	26642	500	33330	3852	2516	0	27842	370	410	0	11060	298	25288	628	14848	0	14000	0	28234	5298	2908	0	3402	108	0	0	516	0	0	470	3402	396	2052	658	428	0	17182	0	1960	0	3646	0	998	0	184	0	702	0	462	0	1370	0	186	0	9174	0	10010	232	1100	0	2468	0	2022	0	1350	0	1226	0	2904	560	15354	1294	34068	532	418	0	8688	464	13512	0	11082	0	5648	0	2106	0	0	0	14776	0	156	0	0	0	0	0	0	0	616	0	0	0	0	0	0	0	0	0	0	0	0	0	0	0	0	0	
389960	Insula_R	0	7510	774	16338	0	2018	266	13182	0	252	96	16742	242	23586	0	4364	0	7090	4562	11352	0	2392	694	2386	0	206	0	578	470	0	810	7024	482	4322	0	202	0	10312	0	5334	0	2414	0	0	0	0	0	802	0	0	0	0	0	0	0	5970	0	198	0	0	0	0	0	0	0	0	0	196	0	168	1260	6638	142	24216	0	148	0	1112	0	1686	0	2382	0	2024	0	392	0	0	0	1502	0	0	0	0	0	0	0	144	0	0	0	0	0	0	0	0	0	0	0	0	0	0	0	0	0	0	
279228	Cingulum_Ant_L	0	0	16216	3418	1880	634	4414	244	0	0	1084	0	4606	1080	502	0	0	0	7344	2546	2816	1768	20262	5378	5504	2684	3784	1828	3402	810	0	18528	6344	4380	0	0	0	0	0	0	0	0	0	0	0	0	0	0	0	0	0	0	0	0	0	0	0	0	0	0	0	0	0	0	0	0	0	0	0	0	7466	3418	6036	1238	0	0	0	0	0	0	0	0	0	0	0	0	0	0	0	0	0	0	0	0	0	0	0	0	0	0	0	0	0	0	0	0	0	0	0	0	0	0	0	0	0	0	
420916	Cingulum_Ant_R	0	0	2724	28202	0	1552	664	3032	0	0	234	182	482	7884	0	818	0	0	10440	12152	1884	2896	18040	23932	480	4142	846	4320	396	7024	18528	0	4910	24434	0	0	0	0	0	0	0	0	0	0	0	0	0	0	0	0	0	0	0	0	0	0	0	0	0	0	0	0	0	0	0	0	0	0	0	0	3940	13240	1660	11182	0	238	0	0	0	0	0	0	0	0	0	0	0	0	0	0	0	0	0	0	0	0	0	0	0	0	0	0	0	0	0	0	0	0	0	0	0	0	0	0	0	0	
190688	Cingulum_Mid_L	608	0	5284	3862	0	0	3838	370	0	0	134	302	1552	640	92	0	0	0	11726	10066	0	0	6970	1554	0	0	0	0	2052	482	6344	4910	0	18732	2084	1216	0	0	0	0	0	0	704	0	822	0	0	0	522	0	1166	0	0	0	0	0	102	318	0	0	0	0	0	0	0	0	4058	262	3272	568	160	126	242	204	0	0	0	0	0	0	0	0	0	0	0	0	0	0	0	0	0	0	0	0	0	0	0	0	0	0	0	0	0	0	0	0	0	0	0	0	0	0	0	0	0	0	
540804	Cingulum_Mid_R	3026	608	3570	23448	0	0	1060	2700	0	0	454	1596	188	5466	0	434	0	0	43182	56882	0	0	11590	11800	0	0	0	0	658	4322	4380	24434	18732	0	2190	5062	0	400	0	190	0	0	0	2014	0	874	0	298	0	0	290	0	100	0	0	206	96	1384	0	0	0	0	0	0	0	0	1730	5738	10258	12922	1068	2930	494	2434	0	0	472	232	0	0	0	0	0	0	346	0	0	0	144	0	0	0	0	0	0	0	0	0	0	0	0	0	0	0	0	0	0	0	0	0	0	0	0	0	0	0	
103724	Cingulum_Post_L	1232	986	442	0	0	0	430	0	0	0	0	0	0	0	0	0	0	0	254	2268	0	0	0	0	0	0	0	0	428	0	0	0	2084	2190	0	5904	3610	944	1100	406	0	0	2856	234	1220	0	2398	92	414	0	956	0	0	0	1004	378	170	1750	0	0	0	0	0	0	0	0	5684	646	4438	3346	0	0	0	0	0	0	544	1756	284	0	0	0	0	0	336	0	0	0	984	94	0	0	0	0	0	0	0	0	0	0	0	0	0	0	0	0	0	0	0	0	0	0	0	0	0	0	
151800	Cingulum_Post_R	446	880	326	0	0	0	312	0	0	0	0	0	0	0	0	0	0	0	452	982	0	0	0	0	0	0	0	0	0	202	0	0	1216	5062	5904	0	1496	6242	0	4458	0	0	92	2194	0	300	0	5948	0	0	0	0	0	266	200	6164	0	3060	0	0	0	0	0	0	0	0	1566	11688	618	5064	0	0	0	0	0	0	346	3404	92	0	0	0	0	0	0	0	0	0	174	2290	0	0	0	0	0	0	0	890	0	0	0	0	0	0	0	0	0	0	0	0	3566	0	0	0	0	0	
293892	Hippocampus_L	7490	1270	4240	0	0	0	2450	0	0	0	198	0	0	0	0	0	158	0	3808	310	0	0	0	0	0	0	0	0	17182	0	0	0	0	0	3610	1496	0	878	16476	406	6724	0	1414	0	0	0	3702	128	0	0	0	0	238	0	20970	348	260	0	0	0	0	0	0	0	0	0	2158	126	4294	208	0	0	11462	0	428	0	6056	2024	3500	0	3042	0	1202	0	0	0	0	0	15574	0	510	0	110	0	262	0	594	0	1014	0	100	0	186	0	240	0	0	0	0	100	0	0	0	0	0	0	
331104	Hippocampus_R	198	10264	128	3508	0	0	120	2164	0	0	0	2240	0	462	0	0	0	580	384	1946	0	0	0	0	0	0	0	0	0	10312	0	0	0	400	944	6242	878	0	0	34178	0	7860	0	556	0	0	0	7156	0	0	0	0	0	128	132	32698	0	1128	0	0	0	0	0	0	0	0	0	6512	92	1766	0	104	0	11202	0	428	180	5632	0	426	0	714	0	1096	0	0	0	0	112	6930	0	320	0	144	0	160	0	1836	0	596	0	0	0	200	0	262	0	0	0	216	2018	0	0	0	0	0	
104128	ParaHippocampal_L	566	0	238	0	0	0	162	0	0	0	0	0	0	0	0	0	0	0	258	0	274	0	0	0	0	0	0	0	1960	0	0	0	0	0	1100	0	16476	0	0	0	2950	0	1096	0	0	0	3812	0	0	0	0	0	0	0	8742	0	0	0	0	0	0	0	0	0	0	0	1606	0	612	0	0	0	2140	0	0	0	716	0	0	0	356	0	1002	0	0	0	360	0	1920	0	0	0	194	0	1244	0	1324	0	0	0	346	0	608	0	1736	0	0	0	0	266	0	0	0	0	0	0	
240808	ParaHippocampal_R	102	1352	0	1050	0	0	0	812	0	0	0	1180	0	298	0	0	0	208	198	768	0	248	0	0	0	0	0	0	0	5334	0	0	0	190	406	4458	406	34178	0	0	0	6426	0	420	0	0	0	7700	0	0	0	0	0	294	0	25192	0	432	0	0	0	0	0	0	0	0	0	5442	0	824	0	0	0	6010	0	402	164	3894	0	116	0	622	0	858	0	0	0	0	0	4034	0	288	0	138	0	222	0	1946	0	522	0	0	0	424	0	950	0	0	0	232	1664	0	0	0	0	0	
36956	Amygdala_L	0	0	0	0	98	0	0	0	0	0	0	0	0	0	0	0	0	0	0	0	430	0	0	0	0	0	0	0	3646	0	0	0	0	0	0	0	6724	0	2950	0	0	0	0	0	0	0	0	0	0	0	0	0	0	0	1988	0	0	0	0	0	0	0	0	0	0	0	0	0	0	0	0	0	462	0	0	0	0	0	0	0	420	0	1290	0	0	0	0	0	176	0	0	0	0	0	0	0	104	0	0	0	0	0	0	0	190	0	0	0	0	0	0	0	0	0	0	0	
46232	Amygdala_R	0	0	0	0	0	0	0	0	0	0	0	0	0	0	0	0	0	0	0	0	0	794	0	0	0	0	0	0	0	2414	0	0	0	0	0	0	0	7860	0	6426	0	0	0	0	0	0	0	0	0	0	0	0	0	0	0	3762	0	0	0	0	0	0	0	0	0	0	0	0	0	0	0	0	0	928	0	0	0	0	0	0	0	0	0	542	0	0	0	0	0	0	0	0	0	0	0	0	0	102	0	0	0	0	0	92	0	196	0	0	0	0	0	0	0	0	0	0	
262188	Calcarine_L	810	0	0	0	0	0	0	0	0	0	0	0	0	0	0	0	0	0	0	232	0	0	0	0	0	0	0	0	998	0	0	0	704	0	2856	92	1414	0	1096	0	0	0	0	6204	16304	4960	15212	2606	10558	2290	17008	690	7046	292	4756	136	792	236	548	0	300	0	0	0	124	0	22346	788	860	254	0	0	0	0	0	0	0	0	466	0	142	0	0	0	2614	0	0	0	3532	0	744	0	0	0	0	0	98	0	986	0	0	0	0	0	0	0	0	0	0	0	0	0	0	0	0	0	
332628	Calcarine_R	0	0	0	0	0	0	0	0	0	0	0	0	0	0	0	0	0	0	0	586	0	0	0	0	0	0	0	0	0	0	0	0	0	2014	234	2194	0	556	0	420	0	0	6204	0	5442	25228	2550	21298	162	20546	0	11800	0	15352	0	11492	0	3780	0	380	0	566	0	0	0	292	2566	20098	426	2296	0	0	0	0	0	0	0	0	0	0	0	240	0	0	0	2326	0	0	0	4784	320	0	116	0	0	0	0	0	424	540	0	0	0	0	0	0	0	0	0	0	162	712	208	0	0	0	
224808	Cuneus_L	180	0	0	0	0	0	0	0	0	0	0	0	0	0	0	0	0	0	0	498	0	0	0	0	0	0	0	0	184	0	0	0	822	0	1220	0	0	0	0	0	0	0	16304	5442	0	6724	2202	168	23726	2370	14918	432	2196	624	640	0	496	480	3014	0	240	0	0	0	126	0	24658	1030	1492	522	0	0	0	0	0	0	0	0	0	0	0	0	0	0	1080	0	0	0	616	0	0	0	0	0	0	0	0	0	0	0	0	0	0	0	0	0	0	0	0	0	0	0	0	0	0	0	
319064	Cuneus_R	0	0	0	0	0	0	0	0	0	0	0	0	0	0	0	0	0	0	0	0	0	0	0	0	0	0	0	0	0	0	0	0	0	874	0	300	0	0	0	0	0	0	4960	25228	6724	0	1154	4816	496	36034	0	10260	0	9872	0	7760	0	4978	0	8256	0	586	0	362	0	904	5210	23592	0	1378	0	0	0	0	0	0	0	0	0	0	0	462	0	0	0	2274	0	0	0	3052	0	0	0	0	0	0	0	0	0	0	0	0	0	0	0	0	0	0	0	0	0	0	0	0	0	0	
343140	Lingual_L	484	0	0	0	0	0	0	0	0	0	0	0	0	0	0	0	0	0	0	0	0	0	0	0	0	0	0	0	702	0	0	0	0	0	2398	0	3702	0	3812	0	0	0	15212	2550	2202	1154	0	8176	3564	1606	10038	1192	6364	528	19352	1318	360	0	176	0	136	0	0	0	0	0	7940	130	168	0	0	0	0	0	0	0	156	0	330	0	120	0	0	0	504	0	0	0	1190	0	11682	2934	1560	316	414	0	15766	3198	19038	5532	178	0	282	310	0	0	0	0	0	0	8432	5426	816	122	0	0	
437200	Lingual_R	0	126	0	0	0	0	0	0	0	0	0	0	0	0	0	0	0	0	0	0	0	0	0	0	0	0	0	0	0	802	0	0	0	298	92	5948	128	7156	0	7700	0	0	2606	21298	168	4816	8176	0	0	7068	126	4486	0	7948	3158	23966	0	828	0	0	0	0	0	0	0	0	250	12764	0	658	0	0	0	0	0	0	0	1206	0	0	0	134	0	0	0	162	0	0	0	1736	10354	8026	1818	1038	0	414	7376	10300	13388	14880	194	0	308	264	112	0	0	0	0	124	11516	11836	2450	296	102	0	
225256	Occipital_Sup_L	350	0	0	0	0	0	0	0	0	0	0	0	0	0	0	0	0	0	0	0	0	0	0	0	0	0	0	0	462	0	0	0	522	0	414	0	0	0	0	0	0	0	10558	162	23726	496	3564	0	0	0	30420	0	2190	0	960	0	2342	0	7592	0	3060	0	0	0	3576	0	18724	284	1452	0	0	0	0	0	0	0	0	0	0	0	0	0	0	0	692	0	0	0	912	0	0	0	0	0	0	0	0	0	170	0	0	0	0	0	0	0	0	0	0	0	0	0	0	0	0	0	
301248	Occipital_Sup_R	0	0	0	0	0	0	0	0	0	0	0	0	0	0	0	0	0	0	0	0	0	0	0	0	0	0	0	0	0	0	0	0	0	0	0	0	0	0	0	0	0	0	2290	20546	2370	36034	1606	7068	0	0	0	20122	0	10854	0	8434	0	4230	0	10110	0	976	0	328	0	2862	2644	14592	0	612	0	0	0	0	0	0	0	0	0	0	0	384	0	0	0	1876	0	0	0	2686	0	0	0	0	0	0	0	0	0	0	0	0	0	0	0	0	0	0	0	0	0	0	0	0	0	0	
435640	Occipital_Mid_L	2248	0	230	0	0	0	226	0	0	0	0	0	0	0	0	0	380	0	0	1390	0	0	0	0	0	0	0	0	1370	0	0	0	1166	290	956	0	0	0	0	0	0	0	17008	0	14918	0	10038	126	30420	0	0	0	21186	0	6760	0	6476	1342	11920	0	12474	0	1190	0	18358	0	16672	0	7158	1402	0	0	0	0	0	0	0	0	352	0	736	0	0	0	21984	0	0	0	7900	0	394	0	0	0	0	0	0	0	602	0	0	0	0	0	0	0	0	0	0	0	0	148	0	0	0	0	
173472	Occipital_Mid_R	0	0	0	0	0	0	0	0	0	0	0	0	0	0	0	0	0	0	0	0	0	0	0	0	0	0	0	0	0	0	0	0	0	0	0	0	0	0	0	0	0	0	690	11800	432	10260	1192	4486	0	20122	0	0	0	6336	0	2162	0	674	0	1336	0	2578	0	150	0	10784	582	3306	0	98	0	0	0	0	0	0	0	0	0	0	0	422	0	0	0	8658	0	0	0	668	0	0	0	0	0	0	0	0	0	0	0	0	0	0	0	0	0	0	0	0	0	0	0	0	0	0	
144820	Occipital_Inf_L	604	0	0	0	0	0	0	0	0	0	0	0	0	0	0	0	0	0	0	374	0	0	0	0	0	0	0	0	186	0	0	0	0	100	0	0	238	0	0	0	0	0	7046	0	2196	0	6364	0	2190	0	21186	0	0	0	10652	0	504	350	162	0	0	0	0	0	0	0	3202	0	952	374	0	0	0	0	0	0	0	0	94	0	112	0	0	0	6766	0	0	0	5500	0	1868	0	0	0	0	0	0	0	1390	0	0	0	0	0	0	0	0	0	0	0	0	0	0	0	0	0	
297196	Occipital_Inf_R	0	126	0	0	0	0	0	0	0	0	0	0	0	0	0	0	0	106	0	0	0	0	0	0	0	0	0	0	0	0	0	0	0	0	0	266	0	128	0	294	0	0	292	15352	624	9872	528	7948	0	10854	0	6336	0	0	0	35404	0	6592	0	3170	0	2956	0	1142	0	3946	172	11190	0	1980	0	0	0	0	0	0	0	92	0	178	0	1428	0	0	0	4802	0	0	0	17268	1010	168	364	0	0	0	0	0	750	1376	0	0	0	0	0	0	0	0	0	0	0	1330	554	0	0	0	
489192	Fusiform_L	1842	206	2306	0	0	0	260	0	0	0	230	0	0	0	0	0	194	0	3022	102	0	0	0	0	0	0	0	0	9174	0	0	0	0	0	1004	200	20970	132	8742	0	1988	0	4756	0	640	0	19352	3158	960	0	6760	0	10652	0	0	1210	220	0	0	0	0	0	0	0	0	0	2688	0	816	0	0	0	5842	0	0	0	1146	278	664	0	2086	0	2198	0	1804	0	1638	0	22538	0	30602	1802	4486	158	148	0	14626	1412	33370	3308	2136	0	2586	0	1332	110	0	0	0	0	5190	3440	112	0	0	0	
636596	Fusiform_R	104	1128	0	872	0	0	0	682	0	0	0	878	0	148	0	0	0	386	142	1080	0	0	0	0	0	0	0	0	0	5970	0	0	0	206	378	6164	348	32698	0	25192	0	3762	136	11492	0	7760	1318	23966	0	8434	0	2162	0	35404	1210	0	0	7970	0	3174	0	2642	0	1168	0	3340	202	17364	0	3780	0	0	0	4650	0	334	158	2976	0	818	0	2602	0	862	0	2956	0	0	0	27266	3014	16084	222	2374	0	0	2794	6746	3730	18704	0	0	0	472	114	0	0	0	0	0	5436	3852	474	0	0	0	
339456	Postcentral_L	29618	0	10502	0	0	0	1564	0	0	0	1460	0	0	0	0	0	12276	0	11234	550	0	0	0	0	0	0	0	0	10010	0	0	0	102	96	170	0	260	0	0	0	0	0	792	0	496	0	360	0	2342	0	6476	0	504	0	220	0	0	182	7158	0	25662	0	12770	0	5362	0	2896	0	4422	234	0	0	0	0	0	0	336	0	4668	0	7656	0	0	0	5052	0	0	0	4298	0	0	0	0	0	0	0	0	0	0	0	0	0	0	0	0	0	0	0	0	0	0	0	0	0	0	0	
287104	Postcentral_R	276	9378	0	2960	0	0	0	646	0	0	0	516	0	0	0	0	160	4190	206	7626	0	0	0	0	0	0	0	0	232	198	0	0	318	1384	1750	3060	0	1128	0	432	0	0	236	3780	480	4978	0	828	0	4230	1342	674	350	6592	0	7970	182	0	0	9144	0	9076	0	11482	0	1760	816	11534	4192	18022	0	0	0	116	0	0	0	238	102	0	190	1906	0	0	1428	1798	0	0	562	4840	0	0	0	0	0	0	0	0	0	0	0	0	0	0	0	0	0	0	0	0	244	0	0	0	0	0	
117268	Parietal_Sup_L	1326	0	200	0	0	0	196	0	0	0	0	0	0	0	0	0	400	0	0	0	0	0	0	0	0	0	0	0	1100	0	0	0	0	0	0	0	0	0	0	0	0	0	548	0	3014	0	176	0	7592	0	11920	0	162	0	0	0	7158	0	0	0	9690	0	304	0	2860	0	9390	0	232	0	0	0	0	0	0	0	0	0	166	0	154	0	0	0	578	0	0	0	1468	0	0	0	0	0	0	0	0	0	0	0	0	0	0	0	0	0	0	0	0	0	0	0	0	0	0	0	
123104	Parietal_Sup_R	0	532	0	156	0	0	0	0	0	0	0	0	0	0	0	0	0	0	0	0	0	0	0	0	0	0	0	0	0	0	0	0	0	0	0	0	0	0	0	0	0	0	0	380	0	8256	0	0	0	10110	0	1336	0	3170	0	3174	0	9144	0	0	0	7780	0	2926	0	3208	126	9160	0	140	0	0	0	0	0	0	0	0	0	0	0	508	0	0	0	222	0	0	0	1224	0	0	0	0	0	0	0	0	0	0	0	0	0	0	0	0	0	0	0	0	0	0	0	0	0	0	
221752	Parietal_Inf_L	4690	0	242	0	0	0	0	0	0	0	0	0	0	0	0	0	1246	0	216	0	0	0	0	0	0	0	0	0	2468	0	0	0	0	0	0	0	0	0	0	0	0	0	300	0	240	0	136	0	3060	0	12474	0	0	0	0	0	25662	0	9690	0	0	0	15056	0	20390	0	1100	0	338	0	0	0	0	0	0	0	0	0	260	0	3478	0	0	0	5554	0	0	0	4276	0	0	0	0	0	0	0	0	0	0	0	0	0	0	0	0	0	0	0	0	0	0	0	0	0	0	0	
105608	Parietal_Inf_R	0	1038	0	214	0	0	0	104	0	0	0	0	0	0	0	0	0	0	0	0	0	0	0	0	0	0	0	0	0	0	0	0	0	0	0	0	0	0	0	0	0	0	0	566	0	586	0	0	0	976	0	2578	0	2956	0	2642	0	9076	0	7780	0	0	0	8568	0	11996	0	1850	0	138	0	0	0	0	0	0	0	0	0	0	0	0	0	0	0	480	0	0	0	1256	0	0	0	0	0	0	0	0	0	0	0	0	0	0	0	0	0	0	0	0	0	0	0	0	0	0	
114800	SupraMarginal_L	2066	0	0	0	0	0	0	0	0	0	0	0	0	0	0	0	1020	0	0	0	0	0	0	0	0	0	0	0	2022	0	0	0	0	0	0	0	0	0	0	0	0	0	0	0	0	0	0	0	0	0	1190	0	0	0	0	0	12770	0	304	0	15056	0	0	0	7124	0	0	0	142	0	0	0	0	0	0	0	0	0	118	0	7128	0	0	0	6256	0	0	0	2204	0	0	0	0	0	0	0	0	0	0	0	0	0	0	0	0	0	0	0	0	0	0	0	0	0	0	0	
83208	SupraMarginal_R	0	1804	0	184	0	0	0	130	0	0	0	0	0	0	0	0	0	2070	0	0	0	0	0	0	0	0	0	0	0	0	0	0	0	0	0	0	0	0	0	0	0	0	0	0	0	362	0	0	0	328	0	150	0	1142	0	1168	0	11482	0	2926	0	8568	0	0	0	3068	0	566	0	118	0	0	0	0	0	0	0	0	0	0	0	4882	0	0	0	1664	0	0	0	992	0	0	0	0	0	0	0	0	0	0	0	0	0	0	0	0	0	0	0	0	0	0	0	0	0	0	
150020	Angular_L	1482	0	0	0	0	0	0	0	0	0	0	0	0	0	0	0	426	0	0	0	0	0	0	0	0	0	0	0	1350	0	0	0	0	0	0	0	0	0	0	0	0	0	124	0	126	0	0	0	3576	0	18358	0	0	0	0	0	5362	0	2860	0	20390	0	7124	0	0	0	702	0	810	0	0	0	0	0	0	0	0	0	144	0	2002	0	0	0	6438	0	0	0	3736	0	0	0	0	0	0	0	0	0	0	0	0	0	0	0	0	0	0	0	0	0	0	0	0	0	0	0	
115608	Angular_R	0	0	0	0	0	0	0	0	0	0	0	0	0	0	0	0	0	0	0	0	0	0	0	0	0	0	0	0	0	0	0	0	0	0	0	0	0	0	0	0	0	0	0	292	0	904	0	0	0	2862	0	10784	0	3946	0	3340	0	1760	0	3208	0	11996	0	3068	0	0	0	1428	0	0	0	0	0	0	0	0	0	0	0	0	0	5322	0	0	0	7508	0	0	0	1386	0	0	0	0	0	0	0	0	0	0	0	0	0	0	0	0	0	0	0	0	0	0	0	0	0	0	
316384	Precuneus_L	1056	0	100	0	0	0	0	0	0	0	0	0	0	0	0	0	158	0	266	890	0	0	0	0	0	0	0	0	1226	0	0	0	4058	1730	5684	1566	2158	0	1606	0	0	0	22346	2566	24658	5210	7940	250	18724	2644	16672	582	3202	172	2688	202	2896	816	9390	126	1100	0	0	0	702	0	0	4924	3188	910	0	0	0	0	0	0	0	0	508	0	176	0	0	0	1696	0	0	0	2708	0	292	0	0	0	0	0	94	0	312	0	0	0	0	0	0	0	0	0	0	0	0	0	0	0	0	0	
379644	Precuneus_R	102	116	0	0	0	0	0	0	0	0	0	0	0	0	0	0	0	0	184	964	0	0	0	0	0	0	0	0	0	196	0	0	262	5738	646	11688	126	6512	0	5442	0	0	788	20098	1030	23592	130	12764	284	14592	0	3306	0	11190	0	17364	0	11534	0	9160	0	1850	0	566	0	1428	4924	0	660	5674	0	0	0	0	0	0	0	1402	0	0	0	1364	0	0	0	2060	0	0	0	7692	0	0	0	0	0	0	0	982	0	0	0	0	0	0	0	0	0	0	0	0	3412	0	0	0	0	0	
346224	Paracentral_Lobule_L	22158	1768	6268	386	0	0	3332	0	0	0	0	0	0	0	0	0	1734	0	13800	19982	0	0	0	0	0	0	0	0	2904	0	0	0	3272	10258	4438	618	4294	92	612	0	0	0	860	426	1492	0	168	0	1452	0	7158	0	952	0	816	0	4422	4192	232	0	338	0	142	0	810	0	3188	660	0	12706	1956	872	4372	100	1482	120	16006	364	1480	0	1806	0	0	0	5716	0	0	0	2908	0	0	0	0	0	0	0	0	0	0	0	0	0	0	0	0	0	0	0	0	0	0	0	0	0	0	0	
302176	Paracentral_Lobule_R	682	11632	154	936	0	0	134	0	0	0	0	0	0	0	0	0	178	160	3718	32710	0	0	0	0	0	0	0	0	560	168	0	0	568	12922	3346	5064	208	1766	0	824	0	0	254	2296	522	1378	0	658	0	612	1402	98	374	1980	0	3780	234	18022	0	140	0	138	0	118	0	0	910	5674	12706	0	2836	4496	218	530	438	96	4036	5862	114	0	202	192	0	0	1498	356	0	0	614	2290	0	0	0	0	0	0	0	0	0	0	0	0	0	0	0	0	0	0	0	0	284	0	0	0	0	0	
338756	Caudate_L	1400	2144	10412	4028	1650	0	7666	1722	0	0	1308	1612	3358	3018	1320	0	204	0	9276	7316	8062	6756	1114	0	1302	278	2502	2158	15354	1260	7466	3940	160	1068	0	0	0	0	0	0	0	0	0	0	0	0	0	0	0	0	0	0	0	0	0	0	0	0	0	0	0	0	0	0	0	0	0	0	1956	2836	0	11280	28076	1142	3006	0	12022	648	0	0	132	0	426	0	0	0	0	0	0	0	0	0	0	0	0	0	0	0	0	0	0	0	0	0	0	0	0	0	0	0	0	0	0	0	0	0	
348328	Caudate_R	238	7696	820	17418	0	1890	598	2974	0	0	290	2006	680	7986	144	546	0	0	3592	19638	5210	8038	432	2266	0	2440	432	4132	1294	6638	3418	13240	126	2930	0	0	0	104	0	0	0	0	0	0	0	0	0	0	0	0	0	0	0	0	0	0	0	0	0	0	0	0	0	0	0	0	0	0	872	4496	11280	0	5062	17230	354	1952	1272	14430	0	0	0	0	0	0	0	0	0	0	0	0	0	0	0	0	0	0	0	0	0	0	0	0	0	0	0	0	0	0	0	0	0	0	0	0	0	0	
512888	Putamen_L	11126	302	26566	2778	8158	0	12010	0	1888	0	1904	0	5790	166	8252	0	1510	0	24128	3894	5966	4412	2394	0	1588	214	3898	1238	34068	142	6036	1660	242	494	0	0	11462	0	2140	0	462	0	0	0	0	0	0	0	0	0	0	0	0	0	5842	0	0	0	0	0	0	0	0	0	0	0	0	0	4372	218	28076	5062	0	0	9806	0	7438	344	0	0	2570	0	1380	0	96	0	0	0	5174	0	376	0	0	0	0	0	130	0	672	0	0	0	0	0	0	0	0	0	0	0	0	0	0	0	0	0	
346508	Putamen_R	0	3038	556	23112	0	3976	544	9392	0	106	226	8714	332	8760	0	1704	0	2382	2400	9492	0	0	660	4736	0	2566	0	892	532	24216	1238	11182	204	2434	0	0	0	11202	0	6010	0	928	0	0	0	0	0	0	0	0	0	0	0	0	0	4650	0	116	0	0	0	0	0	0	0	0	0	0	100	530	1142	17230	0	0	0	2678	0	2490	0	126	0	602	0	1206	0	0	0	0	0	638	0	0	0	0	0	0	0	0	0	110	0	0	0	0	0	0	0	0	0	102	0	0	0	0	0	0	
73764	Pallidum_L	5222	466	4214	128	0	0	1428	0	0	0	0	0	0	0	0	0	0	0	6636	442	168	170	0	0	0	0	0	0	418	0	0	0	0	0	0	0	428	0	0	0	0	0	0	0	0	0	0	0	0	0	0	0	0	0	0	0	0	0	0	0	0	0	0	0	0	0	0	0	1482	438	3006	354	9806	0	0	0	2076	0	0	0	0	0	0	0	0	0	0	0	0	0	0	0	0	0	0	0	0	0	0	0	0	0	0	0	0	0	0	0	0	0	0	0	0	0	0	0	
18952	Pallidum_R	0	98	0	1718	0	0	0	98	0	0	0	142	0	0	0	0	0	174	0	850	0	0	0	0	0	0	0	0	0	148	0	238	0	0	0	0	0	428	0	402	0	0	0	0	0	0	0	0	0	0	0	0	0	0	0	334	0	0	0	0	0	0	0	0	0	0	0	0	120	96	0	1952	0	2678	0	0	0	0	0	0	0	0	0	0	0	0	0	0	0	0	0	0	0	0	0	0	0	0	0	0	0	0	0	0	0	0	0	0	0	0	0	0	0	0	0	0	
188624	Thalamus_L	10746	3630	4282	230	0	0	3292	0	0	0	190	0	288	0	228	0	102	0	2490	2638	0	0	0	0	0	0	0	0	8688	0	0	0	0	472	544	346	6056	180	716	164	0	0	0	0	0	0	156	0	0	0	0	0	0	0	1146	158	336	0	0	0	0	0	0	0	0	0	0	0	16006	4036	12022	1272	7438	0	2076	0	0	2192	740	0	182	0	0	0	0	0	0	0	1270	0	0	0	0	0	0	0	0	0	0	0	0	0	0	0	0	0	0	0	0	0	0	0	0	0	0	0	
189476	Thalamus_R	742	19606	448	11462	0	0	444	262	0	0	0	0	0	0	0	0	0	120	300	8470	0	0	0	0	0	0	0	0	464	1112	0	0	0	232	1756	3404	2024	5632	0	3894	0	0	0	0	0	0	0	1206	0	0	0	0	0	92	278	2976	0	238	0	0	0	0	0	0	0	0	0	1402	364	5862	648	14430	344	2490	0	0	2192	0	188	0	0	0	0	0	0	0	0	0	222	150	0	0	0	0	0	0	0	338	0	0	0	0	0	0	0	0	0	0	0	120	826	0	0	0	0	0	
134044	Heschl_L	11580	166	2386	0	0	0	1478	0	0	0	296	0	0	0	0	0	4072	0	1450	110	0	0	0	0	0	0	0	0	13512	0	0	0	0	0	284	92	3500	0	0	0	0	0	466	0	0	0	330	0	0	0	352	0	94	0	664	0	4668	102	166	0	260	0	118	0	144	0	508	0	1480	114	0	0	0	0	0	0	740	188	0	0	6974	0	0	0	5054	0	0	0	4554	0	370	0	338	0	0	0	0	0	0	0	204	0	208	0	0	0	0	0	0	0	0	0	0	0	0	0	
23648	Heschl_R	0	276	0	0	0	0	0	138	0	0	0	144	0	0	0	0	0	1678	0	0	0	0	0	0	0	0	0	0	0	1686	0	0	0	0	0	0	0	426	0	116	0	0	0	0	0	0	0	0	0	0	0	0	0	178	0	818	0	0	0	0	0	0	0	0	0	0	0	0	0	0	0	0	0	126	0	0	0	0	0	0	0	3512	0	0	0	1342	0	0	0	1384	0	0	0	0	0	0	0	0	0	0	0	0	0	0	0	0	0	0	0	0	0	0	0	0	0	0	
237964	Temporal_Sup_L	4984	0	2214	92	0	0	282	0	0	0	2024	0	0	0	0	0	8458	0	3716	362	0	0	0	0	0	0	0	0	11082	0	0	0	0	0	0	0	3042	0	356	0	420	0	142	0	0	0	120	0	0	0	736	0	112	0	2086	0	7656	190	154	0	3478	0	7128	0	2002	0	176	0	1806	202	132	0	2570	0	0	0	182	0	6974	0	0	0	5568	0	25160	0	0	0	15376	0	0	0	0	0	0	0	0	0	0	0	0	0	0	0	0	0	0	0	0	0	0	0	0	0	0	0	
108832	Temporal_Sup_R	0	150	0	376	0	0	0	0	0	0	0	0	0	0	0	0	0	3192	0	530	0	0	0	0	0	0	0	0	0	2382	0	0	0	0	0	0	0	714	0	622	0	0	0	240	0	462	0	134	0	384	0	422	0	1428	0	2602	0	1906	0	508	0	0	0	4882	0	5322	0	1364	0	192	0	0	0	602	0	0	0	0	0	3512	0	0	0	890	0	13786	0	0	0	7814	0	0	0	0	0	0	0	0	0	0	0	0	0	0	0	0	0	0	0	0	0	0	0	0	0	0	
102072	Temporal_Pole_Sup_L	396	0	950	224	230	0	146	0	0	0	2606	0	544	0	1512	0	2514	0	2596	324	392	0	0	0	0	0	0	0	5648	0	0	0	0	0	0	0	1202	0	1002	0	1290	0	0	0	0	0	0	0	0	0	0	0	0	0	2198	0	0	0	0	0	0	0	0	0	0	0	0	0	0	0	426	0	1380	0	0	0	0	0	0	0	5568	0	0	0	7360	0	5686	0	6842	0	0	0	0	0	0	0	0	0	0	0	0	0	0	0	0	0	0	0	0	0	0	0	0	0	0	0	
21212	Temporal_Pole_Sup_R	0	0	0	546	0	0	0	0	0	0	0	0	0	0	0	0	0	798	0	480	0	0	0	0	0	0	0	0	0	2024	0	0	0	0	0	0	0	1096	0	858	0	542	0	0	0	0	0	0	0	0	0	0	0	0	0	862	0	0	0	0	0	0	0	0	0	0	0	0	0	0	0	0	0	1206	0	0	0	0	0	0	0	890	0	0	0	356	0	136	0	812	0	0	0	0	0	0	0	0	0	0	0	0	0	0	0	0	0	0	0	0	0	0	0	0	0	0	
305396	Temporal_Mid_L	2828	0	282	0	0	0	192	0	0	0	0	0	0	0	0	0	1660	0	118	1498	0	0	0	0	0	0	0	0	2106	0	0	0	0	346	336	0	0	0	0	0	0	0	2614	0	1080	0	504	0	692	0	21984	0	6766	0	1804	0	5052	1428	578	0	5554	0	6256	0	6438	0	1696	0	5716	1498	0	0	96	0	0	0	0	0	5054	0	25160	0	7360	0	0	0	4580	0	30960	0	342	0	0	0	0	0	0	0	120	0	0	0	0	0	0	0	0	0	0	0	0	0	0	0	0	0	
133388	Temporal_Mid_R	0	0	0	0	0	0	0	0	0	0	0	0	0	0	0	0	0	312	0	0	0	0	0	0	0	0	0	0	0	392	0	0	0	0	0	0	0	0	0	0	0	0	0	2326	0	2274	0	162	0	1876	0	8658	0	4802	0	2956	0	1798	0	222	0	480	0	1664	0	7508	0	2060	0	356	0	0	0	0	0	0	0	0	0	1342	0	13786	0	356	0	0	0	0	0	13364	0	0	0	0	0	0	0	0	0	0	0	0	0	0	0	0	0	0	0	0	0	0	0	0	0	0	
34604	Temporal_Pole_Mid_L	0	0	0	0	0	0	0	0	0	0	0	0	0	0	0	0	0	0	0	0	0	0	0	0	0	0	0	0	0	0	0	0	0	0	0	0	0	0	360	0	0	0	0	0	0	0	0	0	0	0	0	0	0	0	1638	0	0	0	0	0	0	0	0	0	0	0	0	0	0	0	0	0	0	0	0	0	0	0	0	0	0	0	5686	0	4580	0	0	0	5038	0	0	0	0	0	0	0	0	0	0	0	0	0	0	0	0	0	0	0	0	0	0	0	0	0	0	0	
560	Temporal_Pole_Mid_R	0	0	0	0	0	0	0	0	0	0	0	0	0	0	0	0	0	0	0	0	0	0	0	0	0	0	0	0	0	0	0	0	0	0	0	0	0	0	0	0	0	0	0	0	0	0	0	0	0	0	0	0	0	0	0	0	0	0	0	0	0	0	0	0	0	0	0	0	0	0	0	0	0	0	0	0	0	0	0	0	0	0	0	136	0	0	0	0	0	144	0	0	0	0	0	0	0	0	0	0	0	0	0	0	0	0	0	0	0	0	0	0	0	0	0	0	
396484	Temporal_Inf_L	7214	156	3298	0	0	0	876	0	0	0	264	0	0	0	0	0	1676	0	3306	598	0	0	0	0	0	0	0	0	14776	0	0	0	0	144	984	174	15574	112	1920	0	176	0	3532	0	616	0	1190	0	912	0	7900	0	5500	0	22538	0	4298	562	1468	0	4276	0	2204	0	3736	0	2708	0	2908	614	0	0	5174	0	0	0	1270	222	4554	0	15376	0	6842	0	30960	0	5038	0	0	0	4398	0	2878	0	0	0	212	0	1974	0	1662	0	1472	0	0	0	0	0	0	0	0	0	0	0	0	0	
242504	Temporal_Inf_R	0	428	0	330	0	0	0	218	0	0	0	180	0	0	0	0	0	462	0	500	0	0	0	0	0	0	0	0	0	1502	0	0	0	0	94	2290	0	6930	0	4034	0	0	0	4784	0	3052	0	1736	0	2686	0	668	0	17268	0	27266	0	4840	0	1224	0	1256	0	992	0	1386	0	7692	0	2290	0	0	0	638	0	0	0	150	0	1384	0	7814	0	812	0	13364	0	144	0	0	0	1368	0	470	0	0	0	0	0	444	0	0	0	134	0	0	0	0	0	0	422	0	0	0	0	0	
728776	Cerebelum_Crus1_L	0	0	0	0	0	0	0	0	0	0	0	0	0	0	0	0	0	0	0	0	0	0	0	0	0	0	0	0	156	0	0	0	0	0	0	0	510	0	0	0	0	0	744	320	0	0	11682	10354	0	0	394	0	1868	1010	30602	3014	0	0	0	0	0	0	0	0	0	0	292	0	0	0	0	0	376	0	0	0	0	0	370	0	0	0	0	0	342	0	0	0	4398	0	0	11086	47852	7920	1696	1274	38874	4952	70776	15066	14668	1628	18984	4636	1520	476	0	0	824	2360	15698	18020	13294	4750	1204	398	
531496	Cerebelum_Crus1_R	0	0	0	0	0	0	0	0	0	0	0	0	0	0	0	0	0	0	0	0	0	0	0	0	0	0	0	0	0	0	0	0	0	0	0	0	0	320	0	288	0	0	0	0	0	0	2934	8026	0	0	0	0	0	168	1802	16084	0	0	0	0	0	0	0	0	0	0	0	0	0	0	0	0	0	0	0	0	0	0	0	0	0	0	0	0	0	0	0	0	0	1368	11086	0	4560	37830	0	4960	7150	27970	9808	70868	198	2592	498	18854	316	170	0	138	0	1354	14586	13484	7392	536	242	166	
521516	Cerebelum_Crus2_L	0	0	0	0	0	0	0	0	0	0	0	0	0	0	0	0	0	0	0	0	0	0	0	0	0	0	0	0	0	0	0	0	0	0	0	0	110	0	194	0	0	0	0	116	0	0	1560	1818	0	0	0	0	0	364	4486	222	0	0	0	0	0	0	0	0	0	0	0	0	0	0	0	0	0	0	0	0	0	0	338	0	0	0	0	0	0	0	0	0	2878	0	47852	4560	0	10726	1174	818	12350	958	18314	4444	47078	2926	46186	5628	6452	586	1152	0	760	2060	5376	6270	13600	7500	1556	346	
384568	Cerebelum_Crus2_R	0	0	0	0	0	0	0	0	0	0	0	0	0	0	0	0	0	0	0	0	0	0	0	0	0	0	0	0	0	0	0	0	0	0	0	0	0	144	0	138	0	0	0	0	0	0	316	1038	0	0	0	0	0	0	158	2374	0	0	0	0	0	0	0	0	0	0	0	0	0	0	0	0	0	0	0	0	0	0	0	0	0	0	0	0	0	0	0	0	0	470	7920	37830	10726	0	100	2448	2598	7480	3010	24204	5220	14708	4664	33386	554	646	0	466	0	1244	4640	4054	14732	5798	942	276	
58440	Cerebelum_3_L	0	0	0	0	0	0	0	0	0	0	0	0	0	0	0	0	0	0	0	0	0	0	0	0	0	0	0	0	0	0	0	0	0	0	0	0	262	0	1244	0	0	0	0	0	0	0	414	0	0	0	0	0	0	0	148	0	0	0	0	0	0	0	0	0	0	0	0	0	0	0	0	0	0	0	0	0	0	0	0	0	0	0	0	0	0	0	0	0	0	0	1696	0	1174	100	0	594	8862	102	1256	0	408	178	1648	930	1418	322	0	0	1774	3616	1142	152	200	998	582	0	
107432	Cerebelum_3_R	0	0	0	0	0	0	0	0	0	0	0	0	0	0	0	0	0	0	0	0	0	0	0	0	0	0	0	0	0	0	0	0	0	0	0	0	0	160	0	222	0	0	0	0	0	0	0	414	0	0	0	0	0	0	0	0	0	0	0	0	0	0	0	0	0	0	0	0	0	0	0	0	0	0	0	0	0	0	0	0	0	0	0	0	0	0	0	0	0	0	1274	4960	818	2448	594	0	1726	7622	906	7104	92	1358	802	5806	232	1404	0	108	368	6592	1832	1088	1644	2500	1516	126	
528656	Cerebelum_4_5_L	0	0	0	0	0	0	0	0	0	0	0	0	0	0	0	0	0	0	0	0	0	0	0	0	0	0	0	0	0	0	0	0	0	0	0	0	594	0	1324	0	104	0	98	0	0	0	15766	7376	0	0	0	0	0	0	14626	2794	0	0	0	0	0	0	0	0	0	0	94	0	0	0	0	0	130	0	0	0	0	0	0	0	0	0	0	0	0	0	0	0	212	0	38874	7150	12350	2598	8862	1726	0	8326	43678	9916	3412	1578	8980	7382	5964	1346	318	0	1360	5514	28562	8804	2934	6964	2672	1940	
322056	Cerebelum_4_5_R	0	0	0	0	0	0	0	0	0	0	0	0	0	0	0	0	0	0	0	0	0	0	0	0	0	0	0	0	0	144	0	0	0	0	0	890	0	1836	0	1946	0	102	0	0	0	0	3198	10300	0	0	0	0	0	0	1412	6746	0	0	0	0	0	0	0	0	0	0	0	982	0	0	0	0	0	0	0	0	0	338	0	0	0	0	0	0	0	0	0	0	0	0	4952	27970	958	7480	102	7622	8326	0	6242	35834	176	1334	984	6962	0	564	0	0	0	2072	16650	1400	1626	1338	542	0	
649992	Cerebelum_6_L	126	0	222	0	0	0	0	0	0	0	0	0	0	0	0	0	0	0	302	0	0	0	0	0	0	0	0	0	616	0	0	0	0	0	0	0	1014	0	0	0	0	0	986	424	0	0	19038	13388	170	0	602	0	1390	750	33370	3730	0	0	0	0	0	0	0	0	0	0	312	0	0	0	0	0	672	0	0	0	0	0	0	0	0	0	0	0	120	0	0	0	1974	0	70776	9808	18314	3010	1256	906	43678	6242	0	15618	5312	718	8876	4248	2182	558	0	0	622	2100	19298	20948	5592	3624	1356	748	
594324	Cerebelum_6_R	0	0	0	0	0	0	0	0	0	0	0	0	0	0	0	0	0	0	0	0	0	0	0	0	0	0	0	0	0	0	0	0	0	0	0	0	0	596	0	522	0	0	0	540	0	0	5532	14880	0	0	0	0	0	1376	3308	18704	0	0	0	0	0	0	0	0	0	0	0	0	0	0	0	0	0	110	0	0	0	0	0	0	0	0	0	0	0	0	0	0	0	444	15066	70868	4444	24204	0	7104	9916	35834	15618	0	228	1432	532	16598	316	236	0	866	0	1626	18498	19054	7422	798	300	190	
344104	Cerebelum_7b_L	0	0	0	0	0	0	0	0	0	0	0	0	0	0	0	0	0	0	0	0	0	0	0	0	0	0	0	0	0	0	0	0	0	0	0	0	100	0	346	0	0	0	0	0	0	0	178	194	0	0	0	0	0	0	2136	0	0	0	0	0	0	0	0	0	0	0	0	0	0	0	0	0	0	0	0	0	0	0	204	0	0	0	0	0	0	0	0	0	1662	0	14668	198	47078	5220	408	92	3412	176	5312	228	0	2458	53428	5056	10494	686	2360	0	0	100	1192	378	5328	7856	918	186	
157060	Cerebelum_7b_R	0	0	0	0	0	0	0	0	0	0	0	0	0	0	0	0	0	0	0	0	0	0	0	0	0	0	0	0	0	0	0	0	0	0	0	0	0	0	0	0	0	0	0	0	0	0	0	0	0	0	0	0	0	0	0	0	0	0	0	0	0	0	0	0	0	0	0	0	0	0	0	0	0	0	0	0	0	0	0	0	0	0	0	0	0	0	0	0	0	0	1628	2592	2926	14708	178	1358	1578	1334	718	1432	2458	0	4102	23878	566	3606	0	404	130	1238	1984	262	2454	6784	1878	334	
452512	Cerebelum_8_L	0	0	0	0	0	0	0	0	0	0	0	0	0	0	0	0	0	0	0	0	0	0	0	0	0	0	0	0	0	0	0	0	0	0	0	0	186	0	608	0	0	0	0	0	0	0	282	308	0	0	0	0	0	0	2586	0	0	0	0	0	0	0	0	0	0	0	0	0	0	0	0	0	0	0	0	0	0	0	208	0	0	0	0	0	0	0	0	0	1472	0	18984	498	46186	4664	1648	802	8980	984	8876	532	53428	4102	0	10436	22196	2286	3950	166	182	984	3580	1172	5572	14842	4380	1176	
442816	Cerebelum_8_R	0	0	0	0	0	0	0	0	0	0	0	0	0	0	0	0	0	0	0	0	0	0	0	0	0	0	0	0	0	0	0	0	0	0	0	0	0	200	0	424	0	92	0	0	0	0	310	264	0	0	0	0	0	0	0	472	0	0	0	0	0	0	0	0	0	0	0	0	0	0	0	0	0	0	0	0	0	0	0	0	0	0	0	0	0	0	0	0	0	134	4636	18854	5628	33386	930	5806	7382	6962	4248	16598	5056	23878	10436	0	2636	15374	0	3316	372	5052	9978	2168	6328	20946	8360	1182	
167272	Cerebelum_9_L	0	0	0	0	0	0	0	0	0	0	0	0	0	0	0	0	0	0	0	0	0	0	0	0	0	0	0	0	0	0	0	0	0	0	0	0	240	0	1736	0	190	0	0	0	0	0	0	112	0	0	0	0	0	0	1332	114	0	0	0	0	0	0	0	0	0	0	0	0	0	0	0	0	0	0	0	0	0	0	0	0	0	0	0	0	0	0	0	0	0	0	1520	316	6452	554	1418	232	5964	0	2182	316	10494	566	22196	2636	0	3240	5024	160	0	480	1914	2044	1084	4868	4458	1794	
123092	Cerebelum_9_R	0	0	0	0	0	0	0	0	0	0	0	0	0	0	0	0	0	0	0	0	0	0	0	0	0	0	0	0	0	0	0	0	0	0	0	0	0	262	0	950	0	196	0	0	0	0	0	0	0	0	0	0	0	0	110	0	0	0	0	0	0	0	0	0	0	0	0	0	0	0	0	0	0	0	0	0	0	0	0	0	0	0	0	0	0	0	0	0	0	0	476	170	586	646	322	1404	1346	564	558	236	686	3606	2286	15374	3240	0	0	3472	630	1934	1434	830	950	7564	8704	3010	
25608	Cerebelum_10_L	0	0	0	0	0	0	0	0	0	0	0	0	0	0	0	0	0	0	0	0	0	0	0	0	0	0	0	0	0	0	0	0	0	0	0	0	0	0	0	0	0	0	0	0	0	0	0	0	0	0	0	0	0	0	0	0	0	0	0	0	0	0	0	0	0	0	0	0	0	0	0	0	0	0	0	0	0	0	0	0	0	0	0	0	0	0	0	0	0	0	0	0	1152	0	0	0	318	0	0	0	2360	0	3950	0	5024	0	0	0	0	0	0	0	0	0	0	0	
21444	Cerebelum_10_R	0	0	0	0	0	0	0	0	0	0	0	0	0	0	0	0	0	0	0	0	0	0	0	0	0	0	0	0	0	0	0	0	0	0	0	0	0	0	0	0	0	0	0	0	0	0	0	0	0	0	0	0	0	0	0	0	0	0	0	0	0	0	0	0	0	0	0	0	0	0	0	0	0	0	0	0	0	0	0	0	0	0	0	0	0	0	0	0	0	0	0	138	0	466	0	108	0	0	0	866	0	404	166	3316	160	3472	0	0	0	96	0	0	0	814	716	0	
31900	Vermis_1_2	0	0	0	0	0	0	0	0	0	0	0	0	0	0	0	0	0	0	0	0	0	0	0	0	0	0	0	0	0	0	0	0	0	0	0	0	0	0	0	0	0	0	0	0	0	0	0	0	0	0	0	0	0	0	0	0	0	0	0	0	0	0	0	0	0	0	0	0	0	0	0	0	0	0	0	0	0	0	0	0	0	0	0	0	0	0	0	0	0	0	824	0	760	0	1774	368	1360	0	622	0	0	130	182	372	0	630	0	0	0	6054	1454	170	142	492	504	112	
118864	Vermis_3	0	0	0	150	0	0	0	0	0	0	0	0	0	0	0	0	0	0	0	0	0	0	0	0	0	0	0	0	0	0	0	0	0	0	0	0	100	216	266	232	0	0	0	0	0	0	0	124	0	0	0	0	0	0	0	0	0	0	0	0	0	0	0	0	0	0	0	0	0	0	0	0	0	102	0	0	0	120	0	0	0	0	0	0	0	0	0	0	0	0	2360	1354	2060	1244	3616	6592	5514	2072	2100	1626	100	1238	984	5052	480	1934	0	96	6054	0	4844	1198	1150	3606	2428	420	
446316	Vermis_4_5	0	0	0	0	0	0	0	0	0	0	0	0	0	0	0	0	0	0	0	0	0	0	0	0	0	0	0	0	0	0	0	0	0	0	0	3566	0	2018	0	1664	0	0	0	162	0	0	8432	11516	0	0	0	0	0	0	5190	5436	0	244	0	0	0	0	0	0	0	0	0	3412	0	284	0	0	0	0	0	0	0	826	0	0	0	0	0	0	0	0	0	0	0	422	15698	14586	5376	4640	1142	1832	28562	16650	19298	18498	1192	1984	3580	9978	1914	1434	0	0	1454	4844	0	9630	4686	7954	2942	2112	
309360	Vermis_6	0	0	0	0	0	0	0	0	0	0	0	0	0	0	0	0	0	0	0	0	0	0	0	0	0	0	0	0	0	0	0	0	0	0	0	0	0	0	0	0	0	0	0	712	0	0	5426	11836	0	0	148	0	0	1330	3440	3852	0	0	0	0	0	0	0	0	0	0	0	0	0	0	0	0	0	0	0	0	0	0	0	0	0	0	0	0	0	0	0	0	0	0	18020	13484	6270	4054	152	1088	8804	1400	20948	19054	378	262	1172	2168	2044	830	0	0	170	1198	9630	0	8994	2916	2322	2578	
