data	data	674692	391136	955768	877612	179832	132768	538372	250584	85360	80480	368024	224984	292088	102736	176496	115276	269092	172756	726132	854688	74896	102768	436376	459324	65176	107512	95960	99108	567104	327116	322452	538088	123528	615336	129588	176192	279428	330340	108328	236976	51212	67032	348536	413728	207996	254240	299436	322396	238276	248792	510008	230592	190680	92284	360896	441848	273184	271228	141780	100088	242644	144516	112764	159080	157548	157348	230788	307660	396968	235160	340300	438372	299456	387696	51212	21584	134984	203544	70392	58996	226404	169916	126352	75744	365356	279640	26664	29800	285316	258984	424292	418720	390512	305628	38616	101188	243188	241108	371816	374240	249508	110416	302748	263076	147064	148156	9792	8356	22192	90884	214872	166064	248536	174724	139412	62312	
data	data	Precentral_L	Precentral_R	Frontal_Sup_L	Frontal_Sup_R	Frontal_Sup_Orb_L	Frontal_Sup_Orb_R	Frontal_Mid_L	Frontal_Mid_R	Frontal_Mid_Orb_L	Frontal_Mid_Orb_R	Frontal_Inf_Oper_L	Frontal_Inf_Oper_R	Frontal_Inf_Tri_L	Frontal_Inf_Tri_R	Frontal_Inf_Orb_L	Frontal_Inf_Orb_R	Rolandic_Oper_L	Rolandic_Oper_R	Supp_Motor_Area_L	Supp_Motor_Area_R	Olfactory_L	Olfactory_R	Frontal_Sup_Medial_L	Frontal_Sup_Medial_R	Frontal_Med_Orb_L	Frontal_Med_Orb_R	Rectus_L	Rectus_R	Insula_L	Insula_R	Cingulum_Ant_L	Cingulum_Ant_R	Cingulum_Mid_L	Cingulum_Mid_R	Cingulum_Post_L	Cingulum_Post_R	Hippocampus_L	Hippocampus_R	ParaHippocampal_L	ParaHippocampal_R	Amygdala_L	Amygdala_R	Calcarine_L	Calcarine_R	Cuneus_L	Cuneus_R	Lingual_L	Lingual_R	Occipital_Sup_L	Occipital_Sup_R	Occipital_Mid_L	Occipital_Mid_R	Occipital_Inf_L	Occipital_Inf_R	Fusiform_L	Fusiform_R	Postcentral_L	Postcentral_R	Parietal_Sup_L	Parietal_Sup_R	Parietal_Inf_L	Parietal_Inf_R	SupraMarginal_L	SupraMarginal_R	Angular_L	Angular_R	Precuneus_L	Precuneus_R	Paracentral_Lobule_L	Paracentral_Lobule_R	Caudate_L	Caudate_R	Putamen_L	Putamen_R	Pallidum_L	Pallidum_R	Thalamus_L	Thalamus_R	Heschl_L	Heschl_R	Temporal_Sup_L	Temporal_Sup_R	Temporal_Pole_Sup_L	Temporal_Pole_Sup_R	Temporal_Mid_L	Temporal_Mid_R	Temporal_Pole_Mid_L	Temporal_Pole_Mid_R	Temporal_Inf_L	Temporal_Inf_R	Cerebelum_Crus1_L	Cerebelum_Crus1_R	Cerebelum_Crus2_L	Cerebelum_Crus2_R	Cerebelum_3_L	Cerebelum_3_R	Cerebelum_4_5_L	Cerebelum_4_5_R	Cerebelum_6_L	Cerebelum_6_R	Cerebelum_7b_L	Cerebelum_7b_R	Cerebelum_8_L	Cerebelum_8_R	Cerebelum_9_L	Cerebelum_9_R	Cerebelum_10_L	Cerebelum_10_R	Vermis_1_2	Vermis_3	Vermis_4_5	Vermis_6	Vermis_7	Vermis_8	Vermis_9	Vermis_10	
674692	Precentral_L	0	7810	28556	3950	0	0	23862	730	0	0	17576	0	2376	0	122	0	12358	0	25256	21372	0	0	734	0	0	0	0	0	6612	0	902	140	624	11202	4442	2312	10412	764	1410	160	0	0	306	0	342	0	0	0	344	0	422	0	0	0	1490	0	32920	3658	152	0	4694	0	3004	0	450	0	1056	144	39534	11840	13314	336	13918	0	3862	0	11958	2998	1632	0	2442	0	272	0	582	0	0	0	1994	0	0	0	0	0	0	0	0	0	0	0	0	0	0	0	0	0	0	0	0	0	0	0	0	0	0	0	
391136	Precentral_R	7810	0	438	16982	0	0	580	13832	0	0	0	11040	0	214	0	0	0	7596	5198	26054	0	0	0	0	0	0	0	0	212	4922	0	122	554	2876	710	1104	1446	6760	238	1222	0	0	0	116	98	0	0	226	120	90	0	134	0	0	136	560	152	19090	0	2032	0	4116	0	2888	0	376	254	354	8642	5730	2920	11642	346	2780	240	324	2532	17224	150	788	0	350	0	142	0	216	0	0	0	890	0	0	0	0	0	0	0	0	0	0	0	0	0	0	0	0	0	0	0	0	0	0	0	0	0	0	
955768	Frontal_Sup_L	28556	438	0	6680	10670	0	75950	458	3818	0	27626	0	19550	0	9946	0	12772	0	80892	8532	912	114	49520	9516	4240	0	836	0	33566	0	19574	5636	4538	7706	0	0	3100	0	334	0	316	0	0	0	0	0	0	0	0	0	0	0	0	0	890	0	4326	0	0	0	448	0	0	0	0	0	0	0	6650	0	9078	584	18408	544	1542	0	1592	86	362	0	2812	0	3350	0	132	0	0	0	1284	0	0	0	0	0	0	0	0	0	0	0	0	0	0	0	0	0	0	0	0	0	0	0	0	0	0	0	
877612	Frontal_Sup_R	3950	16982	6680	0	0	3206	3620	35482	0	1602	1190	10142	686	9102	0	2880	742	5648	12172	81724	0	0	13176	47936	0	2506	0	0	1684	9148	4284	48562	884	35356	0	0	170	1676	0	898	0	0	0	0	0	0	0	0	0	0	0	0	0	0	0	312	132	668	0	0	0	286	0	402	0	0	0	0	3282	320	6138	31674	966	21300	148	1668	1436	6894	0	0	344	0	410	236	0	0	0	0	0	102	0	0	0	0	0	0	0	0	0	0	0	0	0	0	0	0	0	0	0	0	0	0	0	0	0	0	
179832	Frontal_Sup_Orb_L	0	0	10670	0	0	286	1188	0	10550	0	1238	0	1776	0	13474	0	0	0	708	0	3458	1546	3514	94	2310	94	9076	620	12852	0	5716	582	0	0	0	0	0	0	0	0	182	0	0	0	0	0	0	0	0	0	0	0	0	0	0	0	0	0	0	0	0	0	0	0	0	0	0	0	0	0	2994	1348	3620	460	0	0	0	0	0	0	0	0	1560	0	0	0	0	0	0	0	0	0	0	0	0	0	0	0	0	0	0	0	0	0	0	0	0	0	0	0	0	0	0	0	0	0	
132768	Frontal_Sup_Orb_R	0	0	0	3206	286	0	0	1914	122	6118	0	0	0	438	138	3398	0	0	0	0	662	3022	100	3722	548	10780	622	10712	0	1004	562	3434	0	0	0	0	0	0	0	0	0	148	0	0	0	0	0	0	0	0	0	0	0	0	0	0	0	0	0	0	0	0	0	0	0	0	0	0	0	0	938	6828	166	7516	0	0	0	0	0	0	0	0	0	0	0	0	0	0	0	0	0	0	0	0	0	0	0	0	0	0	0	0	0	0	0	0	0	0	0	0	0	0	0	0	0	0	
538372	Frontal_Mid_L	23862	580	75950	3620	1188	0	0	444	3272	0	14340	0	30660	0	10488	0	2742	0	21614	3700	154	0	22982	4704	1998	0	0	0	17112	0	4228	1702	1154	3168	0	0	1470	0	182	0	150	0	0	0	0	0	0	0	0	0	0	0	0	0	98	0	1234	0	0	0	594	0	0	0	0	0	0	0	1052	0	4040	426	4508	434	1116	0	1724	0	196	0	618	0	932	0	114	0	0	0	636	0	0	0	0	0	0	0	0	0	0	0	0	0	0	0	0	0	0	0	0	0	0	0	0	0	0	0	
250584	Frontal_Mid_R	730	13832	458	35482	0	1914	444	0	0	4062	118	9222	0	12288	0	6352	0	2142	3132	6856	0	0	310	4590	0	0	0	0	166	3216	292	3218	0	2116	0	0	0	202	0	124	0	0	0	0	0	0	0	0	0	0	0	0	0	0	0	0	0	244	0	0	0	90	0	302	0	0	0	0	510	0	7344	1598	294	2710	0	304	400	230	0	0	0	0	0	0	0	0	0	0	0	0	0	0	0	0	0	0	0	0	0	0	0	0	0	0	0	0	0	0	0	0	0	0	0	0	0	0	
85360	Frontal_Mid_Orb_L	0	0	3818	0	10550	122	3272	0	0	0	0	0	1590	0	12518	0	0	0	0	0	784	590	224	0	534	0	2440	192	3240	0	404	0	0	0	0	0	0	0	0	0	0	0	0	0	0	0	0	0	0	0	0	0	0	0	0	0	0	0	0	0	0	0	0	0	0	0	0	0	0	0	890	464	136	240	0	0	0	0	0	0	0	0	672	0	0	0	0	0	0	0	0	0	0	0	0	0	0	0	0	0	0	0	0	0	0	0	0	0	0	0	0	0	0	0	0	0	
80480	Frontal_Mid_Orb_R	0	0	0	1602	0	6118	0	4062	0	0	0	0	0	572	0	13368	0	0	0	142	0	1718	0	172	0	612	0	2128	0	4360	0	142	0	0	0	0	0	0	0	0	0	420	0	0	0	0	0	0	0	0	0	0	0	0	0	0	0	0	0	0	0	0	0	0	0	0	0	0	0	0	0	1010	0	3126	0	0	0	0	0	0	0	0	0	688	0	0	0	0	0	0	0	0	0	0	0	0	0	0	0	0	0	0	0	0	0	0	0	0	0	0	0	0	0	0	0	0	
368024	Frontal_Inf_Oper_L	17576	0	27626	1190	1238	0	14340	118	0	0	0	0	25418	0	654	0	17622	0	16570	1532	0	0	6010	950	882	0	0	0	23226	0	6434	1096	150	684	0	0	530	0	0	0	0	0	0	0	0	0	0	0	0	0	0	0	0	0	104	0	4168	0	0	0	0	0	0	0	0	0	0	0	0	0	2520	0	1896	0	116	0	248	0	462	0	3836	0	6816	0	0	0	0	0	0	0	0	0	0	0	0	0	0	0	0	0	0	0	0	0	0	0	0	0	0	0	0	0	0	0	0	0	
224984	Frontal_Inf_Oper_R	0	11040	0	10142	0	0	0	9222	0	0	0	0	0	7642	0	306	0	13150	172	8772	0	0	0	1066	0	0	0	0	0	15250	138	1920	0	700	0	122	0	3098	0	774	0	0	0	92	0	0	0	0	0	0	0	0	0	0	0	402	0	3218	0	682	0	2684	0	2874	0	0	0	156	0	0	1968	5616	0	7524	0	230	104	1638	0	750	0	238	0	326	0	0	0	0	0	476	0	0	0	0	0	0	0	0	0	0	0	0	0	0	0	0	0	0	0	0	0	0	0	0	0	0	
292088	Frontal_Inf_Tri_L	2376	0	19550	686	1776	0	30660	0	1590	0	25418	0	0	0	10892	0	3942	0	5908	840	0	0	6360	1076	914	0	0	0	22836	0	4050	506	108	762	0	0	0	0	0	0	0	0	0	0	0	0	0	0	0	0	0	0	0	0	0	0	352	0	0	0	0	0	0	0	0	0	0	0	0	0	382	186	1708	192	0	0	0	0	0	0	448	0	2526	0	0	0	0	0	0	0	0	0	0	0	0	0	0	0	0	0	0	0	0	0	0	0	0	0	0	0	0	0	0	0	0	0	
102736	Frontal_Inf_Tri_R	0	214	0	9102	0	438	0	12288	0	572	0	7642	0	0	0	2892	0	132	1342	3838	0	0	0	2060	0	0	0	0	0	7992	0	218	0	300	0	0	0	0	0	0	0	0	0	0	0	0	0	0	0	0	0	0	0	0	0	0	0	0	0	0	0	0	0	0	0	0	0	0	0	0	218	526	0	1594	0	0	0	0	0	0	0	0	0	0	0	0	0	0	0	0	0	0	0	0	0	0	0	0	0	0	0	0	0	0	0	0	0	0	0	0	0	0	0	0	0	0	
176496	Frontal_Inf_Orb_L	122	0	9946	0	13474	138	10488	0	12518	0	654	0	10892	0	0	0	0	0	370	0	2712	726	494	0	114	0	2668	236	14498	0	772	0	0	0	0	0	100	0	240	0	216	0	0	0	0	0	0	0	0	0	0	0	0	0	0	0	0	0	0	0	0	0	0	0	0	0	0	0	0	0	1556	476	1286	222	0	0	0	0	0	0	0	0	3330	0	0	0	0	0	0	0	0	0	0	0	0	0	0	0	0	0	0	0	0	0	0	0	0	0	0	0	0	0	0	0	0	0	
115276	Frontal_Inf_Orb_R	0	0	0	2880	0	3398	0	6352	0	13368	0	306	0	2892	0	0	0	1564	218	910	0	2904	90	512	0	0	0	1870	0	10808	0	330	0	506	0	0	0	0	0	172	0	534	0	0	0	0	0	0	0	0	0	0	0	0	0	0	0	0	0	0	0	0	0	0	0	0	0	0	0	0	0	1002	0	3042	0	0	0	0	0	0	0	1242	0	2362	0	270	0	0	0	106	0	0	0	0	0	0	0	0	0	0	0	0	0	0	0	0	0	0	0	0	0	0	0	0	0	0	
269092	Rolandic_Oper_L	12358	0	12772	742	0	0	2742	0	0	0	17622	0	3942	0	0	0	0	0	11550	796	0	0	176	0	0	0	0	0	19256	0	1674	792	0	96	0	0	1284	0	110	0	0	0	472	0	0	0	0	0	122	0	1712	0	282	0	1454	0	10218	0	602	0	1172	0	1000	0	296	0	338	0	766	0	2816	0	840	0	240	0	478	0	4534	0	11044	0	4366	0	3294	0	0	0	2588	0	0	0	0	0	0	0	0	0	0	0	0	0	0	0	0	0	0	0	0	0	0	0	0	0	0	0	
172756	Rolandic_Oper_R	0	7596	0	5648	0	0	0	2142	0	0	0	13150	0	132	0	1564	0	0	0	6224	0	0	0	338	0	0	0	0	0	13152	0	406	0	0	0	84	0	2386	0	208	0	0	0	84	0	0	0	0	0	0	0	0	0	0	0	284	0	8840	0	588	0	1406	0	4714	0	0	0	150	0	0	172	1322	0	3586	0	178	0	474	0	3650	0	6108	0	1040	0	246	0	0	0	506	0	0	0	0	0	0	0	0	0	0	0	0	0	0	0	0	0	0	0	0	0	0	0	0	0	0	
726132	Supp_Motor_Area_L	25256	5198	80892	12172	708	0	21614	3132	0	0	16570	172	5908	1342	370	218	11550	0	0	33182	0	0	11486	7668	284	0	0	0	14944	164	9376	5810	7052	17838	138	144	2764	0	226	0	0	0	226	0	296	0	0	0	302	0	204	0	134	0	880	0	5280	0	0	0	172	0	0	0	0	0	174	118	19302	1902	12150	586	16508	624	2416	0	1438	0	278	0	2252	0	1356	0	0	0	0	0	290	0	0	0	0	0	0	0	0	0	0	0	0	0	0	0	0	0	0	0	0	0	0	0	0	0	0	0	
854688	Supp_Motor_Area_R	21372	26054	8532	81724	0	0	3700	6856	0	142	1532	8772	840	3838	0	910	796	6224	33182	0	0	0	3158	14836	0	0	0	0	1878	7156	3898	22924	5438	51358	1430	1488	492	894	0	568	182	0	178	210	316	0	0	0	334	0	154	0	86	0	102	208	166	5014	0	0	0	84	0	128	0	0	538	890	25912	20192	7594	23576	1254	6180	458	1116	2774	8582	0	0	360	0	400	254	0	0	0	0	0	110	0	0	0	0	0	0	0	0	0	0	0	0	0	0	0	0	0	0	0	0	0	0	0	0	0	0	
74896	Olfactory_L	0	0	912	0	3458	662	154	0	784	0	0	0	0	0	2712	0	0	0	0	0	0	3952	134	0	300	118	4928	2428	3590	136	1784	1324	0	0	0	0	416	0	652	0	1348	104	0	0	0	0	0	0	0	0	0	0	0	0	148	0	0	0	0	0	0	0	0	0	0	0	0	0	0	0	4482	1490	476	300	0	0	0	0	0	0	0	0	656	0	0	0	0	0	0	0	0	0	0	0	0	0	0	0	0	0	0	0	0	0	0	0	0	0	0	0	0	0	0	0	0	0	
102768	Olfactory_R	0	0	114	0	1546	3022	0	0	590	1718	0	0	0	0	726	2904	0	0	0	0	3952	0	0	0	272	1442	4024	6324	220	3424	1428	2734	0	0	0	0	0	0	0	232	0	1390	0	0	0	0	0	0	0	0	0	0	0	0	0	0	0	0	0	0	0	0	0	0	0	0	0	0	0	0	5702	5696	1174	1846	0	112	0	0	0	0	0	0	0	792	0	0	0	0	0	0	0	0	0	0	0	0	0	0	0	0	0	0	0	0	0	0	0	0	0	0	0	0	0	0	0	0	
436376	Frontal_Sup_Medial_L	734	0	49520	13176	3514	100	22982	310	224	0	6010	0	6360	0	494	90	176	0	11486	3158	134	0	0	25054	7222	822	342	0	7616	94	23650	15026	2672	12826	0	0	0	0	0	0	0	0	0	0	0	0	0	0	0	0	0	0	0	0	0	0	0	0	0	0	0	0	0	0	0	0	0	0	0	0	660	1228	696	1232	0	0	0	0	0	0	0	0	580	0	0	0	0	0	0	0	0	0	0	0	0	0	0	0	0	0	0	0	0	0	0	0	0	0	0	0	0	0	0	0	0	0	
459324	Frontal_Sup_Medial_R	0	0	9516	47936	94	3722	4704	4590	0	172	950	1066	1076	2060	0	512	0	338	7668	14836	0	0	25054	0	696	6736	0	216	1194	1790	5368	36492	290	24044	0	0	0	282	0	140	0	0	0	0	0	0	0	0	0	0	0	0	0	0	0	0	0	0	0	0	0	0	0	0	0	0	0	0	0	0	214	13704	226	13976	0	0	0	0	0	0	0	0	0	0	0	0	0	0	0	0	0	0	0	0	0	0	0	0	0	0	0	0	0	0	0	0	0	0	0	0	0	0	0	0	0	0	
65176	Frontal_Med_Orb_L	0	0	4240	0	2310	548	1998	0	534	0	882	0	914	0	114	0	0	0	284	0	300	272	7222	696	0	1672	1890	402	960	0	6054	478	0	0	0	0	0	0	0	0	0	0	0	0	0	0	0	0	0	0	0	0	0	0	0	0	0	0	0	0	0	0	0	0	0	0	0	0	0	0	340	128	150	100	0	0	0	0	0	0	0	0	100	0	0	0	0	0	0	0	0	0	0	0	0	0	0	0	0	0	0	0	0	0	0	0	0	0	0	0	0	0	0	0	0	0	
107512	Frontal_Med_Orb_R	0	0	0	2506	94	10780	0	0	0	612	0	0	0	0	0	0	0	0	0	0	118	1442	822	6736	1672	0	196	6794	0	0	2334	7324	0	0	0	0	0	0	0	0	0	0	0	0	0	0	0	0	0	0	0	0	0	0	0	0	0	0	0	0	0	0	0	0	0	0	0	0	0	0	174	5828	0	6324	0	0	0	0	0	0	0	0	0	0	0	0	0	0	0	0	0	0	0	0	0	0	0	0	0	0	0	0	0	0	0	0	0	0	0	0	0	0	0	0	0	0	
95960	Rectus_L	0	0	836	0	9076	622	0	0	2440	0	0	0	0	0	2668	0	0	0	0	0	4928	4024	342	0	1890	196	0	2336	1816	0	5528	1846	0	0	0	0	0	0	0	0	0	0	0	0	0	0	0	0	0	0	0	0	0	0	0	0	0	0	0	0	0	0	0	0	0	0	0	0	0	0	5348	2506	862	716	0	0	0	0	0	0	0	0	0	0	0	0	0	0	0	0	0	0	0	0	0	0	0	0	0	0	0	0	0	0	0	0	0	0	0	0	0	0	0	0	0	0	
99108	Rectus_R	0	0	0	0	620	10712	0	0	192	2128	0	0	0	0	236	1870	0	0	0	0	2428	6324	0	216	402	6794	2336	0	0	1062	948	2826	0	0	0	0	0	0	0	0	0	254	0	0	0	0	0	0	0	0	0	0	0	0	0	0	0	0	0	0	0	0	0	0	0	0	0	0	0	0	2446	4794	282	2684	0	0	0	0	0	0	0	0	0	0	0	0	0	0	0	0	0	0	0	0	0	0	0	0	0	0	0	0	0	0	0	0	0	0	0	0	0	0	0	0	0	0	
567104	Insula_L	6612	212	33566	1684	12852	0	17112	166	3240	0	23226	0	22836	0	14498	0	19256	0	14944	1878	3590	220	7616	1194	960	0	1816	0	0	156	9454	1686	464	820	222	224	12196	218	1556	94	2800	90	466	0	0	0	0	0	0	0	1054	0	374	0	4512	0	3956	0	660	0	1568	0	206	0	284	0	396	0	1036	0	3962	138	15206	132	156	0	1690	360	5298	0	8660	0	8056	0	2910	0	0	0	4802	0	0	0	0	0	0	0	212	0	0	0	0	0	0	0	0	0	0	0	0	0	0	0	0	0	0	0	
327116	Insula_R	0	4922	0	9148	0	1004	0	3216	0	4360	0	15250	0	7992	0	10808	0	13152	164	7156	136	3424	94	1790	0	0	0	1062	156	0	0	2192	0	686	126	156	102	9828	0	3674	0	2464	0	150	0	0	0	0	0	0	0	0	0	0	0	3070	0	3716	0	182	0	446	0	362	0	0	0	254	0	0	318	4878	0	21152	0	110	0	1208	0	4638	0	8822	0	3560	0	4022	0	0	0	3608	0	0	0	0	0	0	0	0	0	0	0	0	0	0	0	0	0	0	0	0	0	0	0	0	0	0	
322452	Cingulum_Ant_L	902	0	19574	4284	5716	562	4228	292	404	0	6434	138	4050	0	772	0	1674	0	9376	3898	1784	1428	23650	5368	6054	2334	5528	948	9454	0	0	16062	3418	3366	368	0	136	0	0	0	0	0	0	0	0	0	0	0	0	0	0	0	0	0	0	0	0	0	0	0	0	0	0	0	0	0	0	0	260	0	7362	2190	5084	1042	0	0	190	0	0	0	734	0	2162	0	0	0	0	0	0	0	0	0	0	0	0	0	0	0	0	0	0	0	0	0	0	0	0	0	0	0	0	0	0	0	0	0	
538088	Cingulum_Ant_R	140	122	5636	48562	582	3434	1702	3218	0	142	1096	1920	506	218	0	330	792	406	5810	22924	1324	2734	15026	36492	478	7324	1846	2826	1686	2192	16062	0	2134	35588	164	236	0	208	0	110	0	0	0	0	0	0	0	0	0	0	0	0	0	0	0	0	0	0	0	0	0	0	0	0	0	0	0	0	0	0	4418	22022	1060	16566	0	0	0	0	0	0	434	0	574	0	0	0	0	0	0	0	0	0	0	0	0	0	0	0	0	0	0	0	0	0	0	0	0	0	0	0	0	0	0	0	0	0	
123528	Cingulum_Mid_L	624	554	4538	884	0	0	1154	0	0	0	150	0	108	0	0	0	0	0	7052	5438	0	0	2672	290	0	0	0	0	464	0	3418	2134	0	11198	4002	1340	86	0	0	0	0	0	958	154	1352	0	190	0	1400	0	806	0	280	0	84	0	0	118	0	0	0	0	0	0	88	0	3886	888	2868	1496	228	104	188	104	172	0	98	0	0	0	0	0	0	0	196	0	0	0	0	0	0	0	0	0	0	0	0	0	0	0	0	0	0	0	0	0	0	0	0	0	0	0	0	0	0	0	
615336	Cingulum_Mid_R	11202	2876	7706	35356	0	0	3168	2116	0	0	684	700	762	300	0	506	96	0	17838	51358	0	0	12826	24044	0	0	0	0	820	686	3366	35588	11198	0	3098	10248	0	0	0	0	0	0	164	3076	290	996	0	346	302	370	144	464	84	0	0	0	132	6314	0	88	0	0	0	0	0	0	1598	10026	15430	18964	738	6310	82	4446	0	0	0	0	0	0	0	0	0	0	0	488	0	0	0	274	0	0	0	0	0	0	0	0	0	0	0	0	0	0	0	0	0	0	0	0	0	0	0	0	0	0	
129588	Cingulum_Post_L	4442	710	0	0	0	0	0	0	0	0	0	0	0	0	0	0	0	0	138	1430	0	0	0	0	0	0	0	0	222	126	368	164	4002	3098	0	8334	5226	4032	1770	3026	0	0	1706	0	1002	0	828	966	772	0	112	0	90	0	330	654	1344	2054	0	0	0	0	0	0	0	0	5392	664	4516	2746	0	0	0	0	0	0	526	3290	178	0	0	0	0	0	0	0	0	0	0	0	0	0	0	0	0	0	0	536	0	0	0	0	0	0	0	0	0	0	0	0	0	0	0	0	0	0	
176192	Cingulum_Post_R	2312	1104	0	0	0	0	0	0	0	0	0	122	0	0	0	0	0	84	144	1488	0	0	0	0	0	0	0	0	224	156	0	236	1340	10248	8334	0	3466	4902	800	3530	0	0	0	3148	0	236	232	7876	0	600	0	332	0	0	186	1520	88	5386	0	148	0	0	0	0	0	112	1648	13680	922	7466	0	0	0	0	0	0	342	3114	194	0	0	0	0	0	0	90	0	0	0	288	0	0	0	0	0	0	0	1440	0	0	0	0	0	0	0	0	0	0	0	0	558	0	0	0	0	0	
279428	Hippocampus_L	10412	1446	3100	170	0	0	1470	0	0	0	530	0	0	0	100	0	1284	0	2764	492	416	0	0	0	0	0	0	0	12196	102	136	0	86	0	5226	3466	0	4280	12498	3066	8278	0	1468	0	0	0	2892	894	0	0	144	0	846	0	15148	656	2734	0	0	0	208	0	0	0	0	0	2262	278	1478	0	852	0	11116	0	518	0	6434	4992	2498	0	1726	0	802	0	658	0	0	0	8648	0	0	0	0	0	0	0	366	578	0	0	0	0	0	0	0	0	0	0	0	0	0	0	0	0	0	0	
330340	Hippocampus_R	764	6760	0	1676	0	0	0	202	0	0	0	3098	0	0	0	0	0	2386	0	894	0	0	0	282	0	0	0	0	218	9828	0	208	0	0	4032	4902	4280	0	842	31502	0	10420	0	882	0	0	266	5336	0	0	0	0	0	434	178	24760	0	1874	0	298	0	488	0	452	0	142	270	3544	0	320	0	754	0	13052	0	1064	882	7594	186	2188	0	3254	0	536	0	2310	0	0	0	7302	0	236	0	0	0	0	0	3286	0	246	0	0	0	0	0	0	0	0	0	0	742	0	0	0	0	0	
108328	ParaHippocampal_L	1410	238	334	0	0	0	182	0	0	0	0	0	0	0	240	0	110	0	226	0	652	0	0	0	0	0	0	0	1556	0	0	0	0	0	1770	800	12498	842	0	722	3468	0	1622	0	0	0	4150	282	0	0	1054	0	1830	0	8582	206	370	0	0	0	0	0	0	0	0	0	1986	108	164	0	0	0	2052	0	0	0	1550	872	250	0	90	0	682	0	676	0	312	0	1410	0	84	0	0	0	178	0	398	208	0	0	0	0	0	0	0	0	0	0	0	0	0	0	0	0	0	0	
236976	ParaHippocampal_R	160	1222	0	898	0	0	0	124	0	0	0	774	0	0	0	172	0	208	0	568	0	232	0	140	0	0	0	0	94	3674	0	110	0	0	3026	3530	3066	31502	722	0	0	7454	0	736	0	0	216	6182	0	0	0	0	0	364	114	21732	0	146	0	0	0	0	0	120	0	0	258	2568	0	0	0	466	0	6558	0	968	610	5078	0	622	0	542	0	1840	0	198	0	1338	0	3004	0	1142	0	0	0	190	0	4160	0	1060	0	0	0	0	0	0	0	0	0	0	600	0	0	0	0	0	
51212	Amygdala_L	0	0	316	0	182	0	150	0	0	0	0	0	0	0	216	0	0	0	0	182	1348	0	0	0	0	0	0	0	2800	0	0	0	0	0	0	0	8278	0	3468	0	0	0	0	0	0	0	0	0	0	0	0	0	0	0	4908	0	0	0	0	0	0	0	0	0	0	0	0	0	0	0	0	0	454	0	0	0	0	0	0	0	0	0	684	0	0	0	0	0	2620	0	0	0	0	0	0	0	0	0	0	0	0	0	0	0	0	0	0	0	0	0	0	0	0	0	0	0	
67032	Amygdala_R	0	0	0	0	0	148	0	0	0	420	0	0	0	0	0	534	0	0	0	0	104	1390	0	0	0	0	0	254	90	2464	0	0	0	0	0	0	0	10420	0	7454	0	0	0	0	0	0	0	0	0	0	0	0	0	0	0	6814	0	0	0	0	0	0	0	0	0	0	0	0	0	0	0	0	0	1576	0	0	0	0	0	0	0	0	0	1610	0	0	0	238	0	0	0	0	0	0	0	0	0	0	0	0	0	0	0	0	0	0	0	0	0	0	0	0	0	0	0	0	
348536	Calcarine_L	306	0	0	0	0	0	0	0	0	0	0	0	0	0	0	0	472	0	226	178	0	0	0	0	0	0	0	0	466	0	0	0	958	164	1706	0	1468	0	1622	0	0	0	0	8130	16430	5104	18744	1682	15302	2058	33022	498	10020	96	6794	254	716	0	2296	0	1160	0	1336	0	1388	0	18266	236	2890	178	0	0	0	0	0	0	0	0	366	0	912	0	0	0	8510	0	0	0	2354	0	486	824	158	0	0	0	1144	982	1060	1024	0	0	0	0	0	0	0	0	0	0	2052	122	108	0	0	0	
413728	Calcarine_R	0	116	0	0	0	0	0	0	0	0	0	92	0	0	0	0	0	84	0	210	0	0	0	0	0	0	0	0	0	150	0	0	154	3076	0	3148	0	882	0	736	0	0	8130	0	7626	34722	1434	23470	0	30720	0	19010	0	8160	0	14474	0	1466	0	638	0	120	0	102	0	698	1104	23076	0	1864	0	0	0	0	0	0	0	0	0	114	0	86	0	0	0	9454	0	0	0	9532	0	422	278	0	0	0	0	130	0	476	0	0	0	0	0	0	0	0	0	0	122	430	358	0	0	0	
207996	Cuneus_L	342	98	0	0	0	0	0	0	0	0	0	0	0	0	0	0	0	0	296	316	0	0	0	0	0	0	0	0	0	0	0	0	1352	290	1002	0	0	0	0	0	0	0	16430	7626	0	9374	1736	1418	25340	2130	15458	888	1014	0	548	0	106	0	2526	0	130	0	0	0	204	0	10550	496	2796	328	0	0	0	0	0	0	0	0	0	0	118	0	0	0	718	0	0	0	278	0	0	90	0	0	0	0	0	0	0	0	0	0	0	0	0	0	0	0	0	0	0	0	0	0	0	0	
254240	Cuneus_R	0	0	0	0	0	0	0	0	0	0	0	0	0	0	0	0	0	0	0	0	0	0	0	0	0	0	0	0	0	0	0	0	0	996	0	236	0	0	0	0	0	0	5104	34722	9374	0	148	3512	156	29986	0	9446	0	758	0	2586	0	268	86	3204	0	0	0	0	0	372	3048	17974	0	324	0	0	0	0	0	0	0	0	0	0	0	0	0	0	0	2766	0	0	0	1862	0	192	0	0	0	0	0	0	0	0	0	0	0	0	0	0	0	0	0	0	0	0	0	0	0	0	
299436	Lingual_L	0	0	0	0	0	0	0	0	0	0	0	0	0	0	0	0	0	0	0	0	0	0	0	0	0	0	0	0	0	0	0	0	190	0	828	232	2892	266	4150	216	0	0	18744	1434	1736	148	0	1536	3034	248	18770	0	17372	0	16252	308	0	0	666	0	0	0	0	0	0	0	3950	98	352	0	0	0	0	0	0	0	284	238	170	0	0	0	0	0	1056	0	0	0	1168	0	11232	1518	2754	396	0	206	8846	1300	16024	1982	0	0	84	272	0	138	0	0	0	0	4512	1688	1894	246	158	130	
322396	Lingual_R	0	226	0	0	0	0	0	0	0	0	0	0	0	0	0	0	0	0	0	0	0	0	0	0	0	0	0	0	0	0	0	0	0	346	966	7876	894	5336	282	6182	0	0	1682	23470	1418	3512	1536	0	0	5450	0	4218	0	7210	84	23900	0	1496	0	226	0	0	0	0	0	218	350	13674	0	1138	0	0	0	0	0	0	0	1338	0	0	0	0	0	0	0	1850	0	0	0	1208	708	8150	1012	700	0	128	0	7286	1104	10972	0	0	0	134	0	272	0	0	0	122	4892	6854	1996	284	274	224	
238276	Occipital_Sup_L	344	120	0	0	0	0	0	0	0	0	0	0	0	0	0	0	122	0	302	334	0	0	0	0	0	0	0	0	0	0	0	0	1400	302	772	0	0	0	0	0	0	0	15302	0	25340	156	3034	0	0	0	38220	0	2166	0	1118	0	170	0	11952	0	792	0	0	0	564	0	9886	350	3198	348	0	0	0	0	0	0	0	0	0	0	0	0	0	0	2656	0	0	0	190	0	0	0	0	0	0	0	0	0	0	0	0	0	0	0	0	0	0	0	0	0	0	0	0	0	0	0	
248792	Occipital_Sup_R	0	90	0	0	0	0	0	0	0	0	0	0	0	0	0	0	0	0	0	0	0	0	0	0	0	0	0	0	0	0	0	0	0	370	0	600	0	0	0	0	0	0	2058	30720	2130	29986	248	5450	0	0	0	21094	0	2088	0	4180	0	766	0	5216	0	308	0	104	0	4472	180	9058	0	196	0	0	0	0	0	0	0	0	0	0	0	108	0	0	0	2638	0	0	0	1930	0	136	0	0	0	0	0	0	0	94	0	0	0	0	0	0	0	0	0	0	0	92	84	0	0	0	
510008	Occipital_Mid_L	422	0	0	0	0	0	0	0	0	0	0	0	0	0	0	0	1712	0	204	154	0	0	0	0	0	0	0	0	1054	0	0	0	806	144	112	0	144	0	1054	0	0	0	33022	0	15458	0	18770	0	38220	0	0	0	25638	0	7642	0	2318	0	15788	0	18576	0	1892	0	20316	0	8806	0	3832	160	0	0	0	0	0	0	0	0	570	0	1794	0	0	0	31148	0	0	0	4674	0	98	0	0	0	0	0	0	0	476	0	0	0	0	0	0	0	0	0	0	0	0	0	0	0	0	0	
230592	Occipital_Mid_R	0	134	0	0	0	0	0	0	0	0	0	0	0	0	0	0	0	0	0	0	0	0	0	0	0	0	0	0	0	0	0	0	0	464	0	332	0	0	0	0	0	0	498	19010	888	9446	0	4218	0	21094	0	0	0	5992	0	6402	0	1260	0	1088	0	2200	0	280	0	16008	0	4184	0	362	0	0	0	0	0	0	0	0	0	0	0	566	0	0	0	16356	0	0	0	4514	0	0	0	0	0	0	0	0	0	0	0	0	0	0	0	0	0	0	0	0	0	0	0	0	0	0	
190680	Occipital_Inf_L	0	0	0	0	0	0	0	0	0	0	0	0	0	0	0	0	282	0	134	86	0	0	0	0	0	0	0	0	374	0	0	0	280	84	90	0	846	0	1830	0	0	0	10020	0	1014	0	17372	0	2166	0	25638	0	0	0	15474	0	96	0	390	0	92	0	0	0	226	0	2062	0	524	88	0	0	0	0	0	0	0	0	824	0	286	0	0	0	7178	0	0	0	5658	0	678	0	250	0	0	0	0	0	1042	0	0	0	0	0	0	0	0	0	0	0	0	0	256	0	0	0	
92284	Occipital_Inf_R	0	0	0	0	0	0	0	0	0	0	0	0	0	0	0	0	0	0	0	0	0	0	0	0	0	0	0	0	0	0	0	0	0	0	0	0	0	434	0	364	0	0	96	8160	0	758	0	7210	0	2088	0	5992	0	0	0	11576	0	0	0	0	0	0	0	0	0	96	0	1766	0	0	0	0	0	0	0	0	0	0	0	0	0	0	0	0	0	1568	0	0	0	5726	0	0	0	0	0	0	0	0	0	166	0	0	0	0	0	0	0	0	0	0	0	142	0	0	0	0	
360896	Fusiform_L	1490	136	890	0	0	0	98	0	0	0	104	0	0	0	0	0	1454	0	880	102	148	0	0	0	0	0	0	0	4512	0	0	0	84	0	330	186	15148	178	8582	114	4908	0	6794	0	548	0	16252	84	1118	0	7642	0	15474	0	0	0	804	0	368	0	218	0	0	0	140	0	2414	0	638	0	94	0	3072	0	0	0	998	306	1922	0	2494	0	1978	0	7432	0	1836	0	13572	0	19176	0	1620	104	208	0	9738	0	22398	96	118	0	226	0	88	0	0	0	0	0	458	156	520	0	0	0	
441848	Fusiform_R	0	560	0	312	0	0	0	0	0	0	0	402	0	0	0	0	0	284	0	208	0	0	0	0	0	0	0	0	0	3070	0	0	0	0	654	1520	656	24760	206	21732	0	6814	254	14474	0	2586	308	23900	0	4180	0	6402	0	11576	0	0	0	240	0	184	0	0	0	0	0	210	162	5068	0	0	0	182	0	4532	0	388	0	822	0	900	0	1906	0	4300	0	3804	0	2412	0	15060	0	14782	286	1254	0	974	0	10930	0	18004	0	0	0	1174	0	424	0	0	0	478	3448	2072	908	432	418	312	
273184	Postcentral_L	32920	152	4326	132	0	0	1234	0	0	0	4168	0	352	0	0	0	10218	0	5280	166	0	0	0	0	0	0	0	0	3956	0	0	0	0	132	1344	88	2734	0	370	0	0	0	716	0	106	0	0	0	170	0	2318	0	96	0	804	0	0	124	5842	0	19970	0	11286	0	892	0	3174	0	6034	148	2214	0	2922	0	0	0	954	122	1570	0	4092	0	0	0	2236	0	0	0	3230	0	0	0	0	0	0	0	0	0	0	0	0	0	0	0	0	0	0	0	0	0	0	0	0	0	0	0	
271228	Postcentral_R	3658	19090	0	668	0	0	0	244	0	0	0	3218	0	0	0	0	0	8840	0	5014	0	0	0	0	0	0	0	0	0	3716	0	0	118	6314	2054	5386	0	1874	0	146	0	0	0	1466	0	268	0	1496	0	766	0	1260	0	0	0	240	124	0	0	7834	0	8398	0	13340	0	1790	352	7474	4420	15250	154	708	0	1410	0	86	0	926	0	1104	0	2556	0	0	0	1982	0	0	0	1870	0	0	0	0	0	0	0	0	0	0	0	0	0	0	0	0	0	0	0	0	0	0	0	0	0	0	
141780	Parietal_Sup_L	152	0	0	0	0	0	0	0	0	0	0	0	0	0	0	0	602	0	0	0	0	0	0	0	0	0	0	0	660	0	0	0	0	0	0	0	0	0	0	0	0	0	2296	0	2526	86	666	0	11952	0	15788	0	390	0	368	0	5842	0	0	0	12672	0	212	0	4034	0	5882	220	910	0	0	0	0	0	0	0	0	0	0	0	642	0	0	0	1970	0	0	0	3020	0	0	0	0	0	0	0	0	0	0	0	0	0	0	0	0	0	0	0	0	0	0	0	0	0	0	0	
100088	Parietal_Sup_R	0	2032	0	0	0	0	0	0	0	0	0	682	0	0	0	0	0	588	0	0	0	0	0	0	0	0	0	0	0	182	0	0	0	88	0	148	0	298	0	0	0	0	0	638	0	3204	0	226	0	5216	0	1088	0	0	0	184	0	7834	0	0	0	9054	0	1496	0	4384	116	7342	0	1026	0	0	0	0	0	0	0	0	0	96	0	570	0	0	0	2320	0	0	0	1232	0	0	0	0	0	0	0	0	0	0	0	0	0	0	0	0	0	0	0	0	0	0	0	0	0	0	
242644	Parietal_Inf_L	4694	0	448	0	0	0	594	0	0	0	0	0	0	0	0	0	1172	0	172	0	0	0	0	0	0	0	0	0	1568	0	0	0	0	0	0	0	208	0	0	0	0	0	1160	0	130	0	0	0	792	0	18576	0	92	0	218	0	19970	0	12672	0	0	0	14850	0	25934	0	2344	0	984	0	234	0	204	0	0	0	0	0	130	0	1324	0	0	0	9444	0	0	0	3408	0	0	0	0	0	0	0	0	0	0	0	0	0	0	0	0	0	0	0	0	0	0	0	0	0	0	0	
144516	Parietal_Inf_R	0	4116	0	286	0	0	0	90	0	0	0	2684	0	0	0	0	0	1406	0	84	0	0	0	0	0	0	0	0	0	446	0	0	0	0	0	0	0	488	0	0	0	0	0	120	0	0	0	0	0	308	0	2200	0	0	0	0	0	8398	0	9054	0	0	0	16742	0	16540	0	234	0	744	174	356	0	354	0	0	0	126	0	148	0	1534	0	0	0	3548	0	0	0	2078	0	0	0	0	0	0	0	0	0	0	0	0	0	0	0	0	0	0	0	0	0	0	0	0	0	0	
112764	SupraMarginal_L	3004	0	0	0	0	0	0	0	0	0	0	0	0	0	0	0	1000	0	0	0	0	0	0	0	0	0	0	0	206	0	0	0	0	0	0	0	0	0	0	0	0	0	1336	0	0	0	0	0	0	0	1892	0	0	0	0	0	11286	0	212	0	14850	0	0	0	7538	0	1128	0	0	0	354	0	0	0	0	0	0	0	236	0	6466	0	0	0	6572	0	0	0	302	0	0	0	0	0	0	0	0	0	0	0	0	0	0	0	0	0	0	0	0	0	0	0	0	0	0	0	
159080	SupraMarginal_R	0	2888	0	402	0	0	0	302	0	0	0	2874	0	0	0	0	0	4714	0	128	0	0	0	0	0	0	0	0	0	362	0	0	0	0	0	0	0	452	0	120	0	0	0	102	0	0	0	0	0	104	0	280	0	0	0	0	0	13340	0	1496	0	16742	0	0	0	11034	0	200	0	540	244	784	0	372	0	0	0	480	0	922	0	7778	0	0	0	9086	0	0	0	3794	0	0	0	0	0	0	0	0	0	0	0	0	0	0	0	0	0	0	0	0	0	0	0	0	0	0	
157548	Angular_L	450	0	0	0	0	0	0	0	0	0	0	0	0	0	0	0	296	0	0	0	0	0	0	0	0	0	0	0	284	0	0	0	88	0	0	0	0	0	0	0	0	0	1388	0	204	0	0	0	564	0	20316	0	226	0	140	0	892	0	4034	0	25934	0	7538	0	0	0	1636	0	332	0	0	0	0	0	0	0	0	0	0	0	622	0	0	0	12630	0	0	0	1200	0	0	0	0	0	0	0	0	0	0	0	0	0	0	0	0	0	0	0	0	0	0	0	0	0	0	0	
157348	Angular_R	0	376	0	0	0	0	0	0	0	0	0	0	0	0	0	0	0	0	0	0	0	0	0	0	0	0	0	0	0	0	0	0	0	0	0	112	0	142	0	0	0	0	0	698	0	372	0	218	0	4472	0	16008	0	96	0	210	0	1790	0	4384	0	16540	0	11034	0	0	0	688	0	308	0	0	0	0	0	0	0	0	0	92	0	5394	0	0	0	11902	0	0	0	3838	0	0	0	0	0	0	0	0	0	0	0	0	0	0	0	0	0	0	0	0	0	0	0	0	0	0	
230788	Precuneus_L	1056	254	0	0	0	0	0	0	0	0	0	0	0	0	0	0	338	0	174	538	0	0	0	0	0	0	0	0	396	0	0	0	3886	1598	5392	1648	2262	270	1986	258	0	0	18266	1104	10550	3048	3950	350	9886	180	8806	0	2062	0	2414	162	3174	352	5882	116	2344	0	1128	0	1636	0	0	6366	4838	918	0	0	0	0	0	0	0	128	240	0	888	0	0	0	4334	0	0	0	2066	0	0	0	0	0	0	0	0	150	0	0	0	0	0	0	0	0	0	0	0	0	0	0	0	0	0	0	
307660	Precuneus_R	144	354	0	0	0	0	0	0	0	0	0	156	0	0	0	0	0	150	118	890	0	0	0	0	0	0	0	0	0	254	0	0	888	10026	664	13680	278	3544	108	2568	0	0	236	23076	496	17974	98	13674	350	9058	0	4184	0	1766	0	5068	0	7474	220	7342	0	234	0	200	0	688	6366	0	260	7682	0	0	0	0	0	0	0	536	0	152	0	304	0	0	0	4626	0	0	0	5914	0	0	0	0	0	0	0	1270	0	0	0	0	0	0	0	0	0	0	0	0	760	0	0	0	0	0	
396968	Paracentral_Lobule_L	39534	8642	6650	3282	0	0	1052	510	0	0	0	0	0	0	0	0	766	0	19302	25912	0	0	0	0	0	0	0	0	1036	0	260	0	2868	15430	4516	922	1478	0	164	0	0	0	2890	0	2796	0	352	0	3198	0	3832	0	524	0	638	0	6034	4420	910	0	984	0	0	0	332	0	4838	260	0	13994	4600	0	7152	0	3906	0	608	0	134	0	420	0	0	0	1674	0	0	0	1664	0	0	0	0	0	0	0	0	0	0	0	0	0	0	0	0	0	0	0	0	0	0	0	0	0	0	0	
235160	Paracentral_Lobule_R	11840	5730	0	320	0	0	0	0	0	0	0	0	0	0	0	0	0	0	1902	20192	0	0	0	0	0	0	0	0	0	0	0	0	1496	18964	2746	7466	0	320	0	0	0	0	178	1864	328	324	0	1138	348	196	160	362	88	0	0	0	148	15250	0	1026	0	744	0	540	0	308	918	7682	13994	0	0	94	0	0	0	0	0	0	0	0	0	160	0	0	0	468	0	0	0	286	0	0	0	0	0	0	0	0	0	0	0	0	0	0	0	0	0	0	0	0	0	0	0	0	0	0	
340300	Caudate_L	13314	2920	9078	6138	2994	938	4040	7344	890	0	2520	1968	382	218	1556	0	2816	172	12150	7594	4482	5702	660	214	340	174	5348	2446	3962	318	7362	4418	228	738	0	0	852	0	0	0	0	0	0	0	0	0	0	0	0	0	0	0	0	0	94	0	2214	154	0	0	234	174	354	244	0	0	0	0	4600	0	0	6972	16116	2414	3122	280	14486	2070	580	0	658	0	978	0	130	0	0	0	0	0	0	0	0	0	0	0	0	0	0	0	0	0	0	0	0	0	0	0	0	0	0	0	0	0	0	0	
438372	Caudate_R	336	11642	584	31674	1348	6828	426	1598	464	1010	0	5616	186	526	476	1002	0	1322	586	23576	1490	5696	1228	13704	128	5828	2506	4794	138	4878	2190	22022	104	6310	0	0	0	754	0	466	0	0	0	0	0	0	0	0	0	0	0	0	0	0	0	182	0	708	0	0	0	356	0	784	0	0	0	0	0	94	6972	0	2512	24828	130	2190	622	18372	0	0	0	0	0	0	0	0	0	0	0	0	0	0	0	0	0	0	0	0	0	0	0	0	0	0	0	0	0	0	0	0	0	0	0	0	0	0	
299456	Putamen_L	13918	346	18408	966	3620	166	4508	294	136	0	1896	0	1708	0	1286	0	840	0	16508	1254	476	1174	696	226	150	0	862	282	15206	0	5084	1060	188	82	0	0	11116	0	2052	0	454	0	0	0	0	0	0	0	0	0	0	0	0	0	3072	0	2922	0	0	0	204	0	0	0	0	0	0	0	7152	0	16116	2512	0	956	5784	104	1134	0	240	0	944	0	336	0	308	0	0	0	2894	0	0	0	0	0	0	0	88	0	0	0	0	0	0	0	0	0	0	0	0	0	0	0	0	0	0	0	
387696	Putamen_R	0	2780	544	21300	460	7516	434	2710	240	3126	0	7524	192	1594	222	3042	0	3586	624	6180	300	1846	1232	13976	100	6324	716	2684	132	21152	1042	16566	104	4446	0	0	0	13052	0	6558	0	1576	0	0	0	0	0	0	0	0	0	0	0	0	0	4532	0	1410	0	0	0	354	0	372	0	0	0	0	0	0	2414	24828	956	0	0	1500	0	1474	0	248	0	296	0	234	0	120	0	0	0	952	0	0	0	0	0	0	0	278	0	0	0	0	0	0	0	0	0	0	0	0	0	0	0	0	0	0	
51212	Pallidum_L	3862	240	1542	148	0	0	1116	0	0	0	116	0	0	0	0	0	240	0	2416	458	0	0	0	0	0	0	0	0	156	0	0	0	172	0	0	0	518	0	0	0	0	0	0	0	0	0	0	0	0	0	0	0	0	0	0	0	0	0	0	0	0	0	0	0	0	0	0	0	3906	0	3122	130	5784	0	0	0	1680	0	0	0	0	0	0	0	0	0	0	0	0	0	0	0	0	0	0	0	0	0	0	0	0	0	0	0	0	0	0	0	0	0	0	0	0	0	0	0	
21584	Pallidum_R	0	324	0	1668	0	0	0	304	0	0	0	230	0	0	0	0	0	178	0	1116	0	112	0	0	0	0	0	0	0	110	0	0	0	0	0	0	0	1064	0	968	0	0	0	0	0	0	0	0	0	0	0	0	0	0	0	388	0	86	0	0	0	0	0	0	0	0	0	0	0	0	280	2190	104	1500	0	0	0	170	0	0	0	0	0	0	0	0	0	0	0	0	0	0	0	0	0	0	0	0	0	0	0	0	0	0	0	0	0	0	0	0	0	0	0	0	0	0	
134984	Thalamus_L	11958	2532	1592	1436	0	0	1724	400	0	0	248	104	0	0	0	0	478	0	1438	2774	0	0	0	0	0	0	0	0	1690	0	190	0	98	0	526	342	6434	882	1550	610	0	0	0	0	0	0	284	0	0	0	0	0	0	0	998	0	954	0	0	0	0	0	0	0	0	0	0	0	608	0	14486	622	1134	0	1680	0	0	8726	354	0	224	0	0	0	0	0	0	0	416	0	0	0	0	0	0	0	0	0	0	0	0	0	0	0	0	0	0	0	0	0	0	0	0	0	0	0	
203544	Thalamus_R	2998	17224	86	6894	0	0	0	230	0	0	0	1638	0	0	0	0	0	474	0	8582	0	0	0	0	0	0	0	0	360	1208	0	0	0	0	3290	3114	4992	7594	872	5078	0	0	0	0	0	0	238	1338	0	0	0	0	0	0	306	822	122	926	0	0	0	126	0	480	0	0	128	536	0	0	2070	18372	0	1474	0	170	8726	0	310	104	0	116	0	0	0	0	0	0	0	84	0	0	0	0	0	0	0	608	0	0	0	0	0	0	0	0	0	0	0	0	82	0	0	0	0	0	
70392	Heschl_L	1632	150	362	0	0	0	196	0	0	0	462	0	0	0	0	0	4534	0	278	0	0	0	0	0	0	0	0	0	5298	0	0	0	0	0	178	194	2498	186	250	0	0	0	366	0	0	0	170	0	0	0	570	0	824	0	1922	0	1570	0	0	0	130	0	236	0	0	0	240	0	134	0	580	0	240	0	0	0	354	310	0	0	4094	0	0	0	4352	0	0	0	2886	0	0	0	0	0	0	0	0	0	0	0	0	0	0	0	0	0	0	0	0	0	0	0	0	0	0	0	
58996	Heschl_R	0	788	0	0	0	0	0	0	0	0	0	750	0	0	0	0	0	3650	0	0	0	0	0	0	0	0	0	0	0	4638	0	0	0	0	0	0	0	2188	0	622	0	0	0	114	0	0	0	0	0	0	0	0	0	0	0	900	0	1104	0	96	0	148	0	922	0	92	0	152	0	0	0	0	0	248	0	0	0	104	0	0	0	8570	0	0	0	2806	0	0	0	1606	0	0	0	0	0	0	0	0	0	0	0	0	0	0	0	0	0	0	0	0	0	0	0	0	0	0	
226404	Temporal_Sup_L	2442	0	2812	344	0	0	618	0	0	0	3836	0	448	0	0	0	11044	0	2252	360	0	0	0	0	0	0	0	0	8660	0	734	434	0	0	0	0	1726	0	90	0	0	0	912	0	118	0	0	0	0	0	1794	0	286	0	2494	0	4092	0	642	0	1324	0	6466	0	622	0	888	0	420	0	658	0	944	0	0	0	224	0	4094	0	0	0	3482	0	27976	0	154	0	19812	0	0	0	0	0	0	0	0	0	0	0	0	0	0	0	0	0	0	0	0	0	0	0	0	0	0	0	
169916	Temporal_Sup_R	0	350	0	0	0	0	0	0	0	0	0	238	0	0	0	1242	0	6108	0	0	0	0	0	0	0	0	0	0	0	8822	0	0	0	0	0	0	0	3254	0	542	0	0	0	86	0	0	0	0	0	108	0	566	0	0	0	1906	0	2556	0	570	0	1534	0	7778	0	5394	0	304	0	160	0	0	0	296	0	0	0	116	0	8570	0	0	0	5508	0	20354	0	886	0	7710	0	0	0	0	0	0	0	0	0	0	0	0	0	0	0	0	0	0	0	0	0	0	0	0	0	0	
126352	Temporal_Pole_Sup_L	272	0	3350	410	1560	0	932	0	672	0	6816	0	2526	0	3330	0	4366	0	1356	400	656	0	580	0	100	0	0	0	8056	0	2162	574	0	0	0	0	802	0	682	0	684	0	0	0	0	0	0	0	0	0	0	0	0	0	1978	0	0	0	0	0	0	0	0	0	0	0	0	0	0	0	978	0	336	0	0	0	0	0	0	0	3482	0	0	0	6056	0	4130	0	5930	0	0	0	0	0	0	0	0	0	0	0	0	0	0	0	0	0	0	0	0	0	0	0	0	0	0	0	
75744	Temporal_Pole_Sup_R	0	142	0	236	0	0	0	0	0	688	0	326	0	0	0	2362	0	1040	0	254	0	792	0	0	0	0	0	0	0	3560	0	0	0	0	0	0	0	536	0	1840	0	1610	0	0	0	0	0	0	0	0	0	0	0	0	0	4300	0	0	0	0	0	0	0	0	0	0	0	0	0	0	0	0	0	234	0	0	0	0	0	0	0	5508	0	0	0	4416	0	5292	0	4736	0	0	0	0	0	0	0	0	0	0	0	0	0	0	0	0	0	0	0	0	0	0	0	0	0	0	
365356	Temporal_Mid_L	582	0	132	0	0	0	114	0	0	0	0	0	0	0	0	0	3294	0	0	0	0	0	0	0	0	0	0	0	2910	0	0	0	196	0	0	0	658	0	676	0	0	0	8510	0	718	0	1056	0	2656	0	31148	0	7178	0	7432	0	2236	0	1970	0	9444	0	6572	0	12630	0	4334	0	1674	0	130	0	308	0	0	0	0	0	4352	0	27976	0	6056	0	0	0	3440	0	34296	0	0	0	0	0	0	0	0	0	0	0	0	0	0	0	0	0	0	0	0	0	0	0	0	0	0	0	
279640	Temporal_Mid_R	0	216	0	0	0	0	0	0	0	0	0	0	0	0	0	270	0	246	0	0	0	0	0	0	0	0	0	0	0	4022	0	0	0	488	0	90	0	2310	0	198	0	0	0	9454	0	2766	0	1850	0	2638	0	16356	0	1568	0	3804	0	1982	0	2320	0	3548	0	9086	0	11902	0	4626	0	468	0	0	0	120	0	0	0	0	0	2806	0	20354	0	4416	0	0	0	1592	0	30324	0	0	0	0	0	0	0	0	0	0	0	0	0	0	0	0	0	0	0	0	0	0	0	0	0	0	
26664	Temporal_Pole_Mid_L	0	0	0	0	0	0	0	0	0	0	0	0	0	0	0	0	0	0	0	0	0	0	0	0	0	0	0	0	0	0	0	0	0	0	0	0	0	0	312	0	0	0	0	0	0	0	0	0	0	0	0	0	0	0	1836	0	0	0	0	0	0	0	0	0	0	0	0	0	0	0	0	0	0	0	0	0	0	0	0	0	154	0	4130	0	3440	0	0	0	3460	0	0	0	0	0	0	0	0	0	0	0	0	0	0	0	0	0	0	0	0	0	0	0	0	0	0	0	
29800	Temporal_Pole_Mid_R	0	0	0	0	0	0	0	0	0	0	0	0	0	0	0	0	0	0	0	0	0	0	0	0	0	0	0	0	0	0	0	0	0	0	0	0	0	0	0	1338	0	238	0	0	0	0	0	0	0	0	0	0	0	0	0	2412	0	0	0	0	0	0	0	0	0	0	0	0	0	0	0	0	0	0	0	0	0	0	0	0	0	886	0	5292	0	1592	0	0	0	3142	0	0	0	0	0	0	0	0	0	0	0	0	0	0	0	0	0	0	0	0	0	0	0	0	0	0	
285316	Temporal_Inf_L	1994	0	1284	0	0	0	636	0	0	0	0	0	0	0	0	0	2588	0	290	0	0	0	0	0	0	0	0	0	4802	0	0	0	0	0	0	0	8648	0	1410	0	2620	0	2354	0	278	0	1168	0	190	0	4674	0	5658	0	13572	0	3230	0	3020	0	3408	0	302	0	1200	0	2066	0	1664	0	0	0	2894	0	0	0	416	0	2886	0	19812	0	5930	0	34296	0	3460	0	0	0	3138	0	646	0	0	0	574	0	1122	0	100	0	328	0	0	0	0	0	0	0	0	0	0	0	0	0	
258984	Temporal_Inf_R	0	890	0	102	0	0	0	0	0	0	0	476	0	0	0	106	0	506	0	110	0	0	0	0	0	0	0	0	0	3608	0	0	0	274	0	288	0	7302	0	3004	0	0	0	9532	0	1862	0	1208	0	1930	0	4514	0	5726	0	15060	0	1870	0	1232	0	2078	0	3794	0	3838	0	5914	0	286	0	0	0	952	0	0	0	84	0	1606	0	7710	0	4736	0	30324	0	3142	0	0	0	2700	0	122	0	186	0	754	0	1398	0	0	0	268	0	0	0	0	0	0	0	0	0	0	0	0	
424292	Cerebelum_Crus1_L	0	0	0	0	0	0	0	0	0	0	0	0	0	0	0	0	0	0	0	0	0	0	0	0	0	0	0	0	0	0	0	0	0	0	0	0	0	0	84	0	0	0	486	0	0	0	11232	708	0	0	98	0	678	0	19176	0	0	0	0	0	0	0	0	0	0	0	0	0	0	0	0	0	0	0	0	0	0	0	0	0	0	0	0	0	0	0	0	0	3138	0	0	1116	34632	2210	2986	238	26844	150	58552	1110	9472	298	14344	148	5090	596	310	0	366	492	4632	3926	7014	770	870	380	
418720	Cerebelum_Crus1_R	0	0	0	0	0	0	0	0	0	0	0	0	0	0	0	0	0	0	0	0	0	0	0	0	0	0	0	0	0	0	0	0	0	0	0	0	0	236	0	1142	0	0	824	422	90	192	1518	8150	0	136	0	0	0	0	0	14782	0	0	0	0	0	0	0	0	0	0	0	0	0	0	0	0	0	0	0	0	0	0	0	0	0	0	0	0	0	0	0	0	0	2700	1116	0	1146	27718	0	5762	852	21186	1452	50656	314	2094	478	20410	178	3274	0	0	0	4048	9982	9258	9946	3708	3322	2268	
390512	Cerebelum_Crus2_L	0	0	0	0	0	0	0	0	0	0	0	0	0	0	0	0	0	0	0	0	0	0	0	0	0	0	0	0	0	0	0	0	0	0	0	0	0	0	0	0	0	0	158	278	0	0	2754	1012	0	0	0	0	250	0	1620	286	0	0	0	0	0	0	0	0	0	0	0	0	0	0	0	0	0	0	0	0	0	0	0	0	0	0	0	0	0	0	0	0	646	0	34632	1146	0	10286	1554	154	6698	160	14076	1492	40718	4084	37430	1784	8708	394	376	0	254	340	2442	2666	14712	3128	760	258	
305628	Cerebelum_Crus2_R	0	0	0	0	0	0	0	0	0	0	0	0	0	0	0	0	0	0	0	0	0	0	0	0	0	0	0	0	0	0	0	0	0	0	0	0	0	0	0	0	0	0	0	0	0	0	396	700	0	0	0	0	0	0	104	1254	0	0	0	0	0	0	0	0	0	0	0	0	0	0	0	0	0	0	0	0	0	0	0	0	0	0	0	0	0	0	0	0	0	122	2210	27718	10286	0	0	2652	242	2652	610	8026	6180	16116	3604	33592	608	3268	0	128	104	2440	1990	2200	17954	4142	2640	876	
38616	Cerebelum_3_L	0	0	0	0	0	0	0	0	0	0	0	0	0	0	0	0	0	0	0	0	0	0	0	0	0	0	0	0	0	0	0	0	0	0	0	0	0	0	178	0	0	0	0	0	0	0	0	0	0	0	0	0	0	0	208	0	0	0	0	0	0	0	0	0	0	0	0	0	0	0	0	0	0	0	0	0	0	0	0	0	0	0	0	0	0	0	0	0	0	0	2986	0	1554	0	0	86	7040	0	2516	0	150	0	416	102	1356	0	0	0	704	966	790	0	0	124	132	0	
101188	Cerebelum_3_R	0	0	0	0	0	0	0	0	0	0	0	0	0	0	0	0	0	0	0	0	0	0	0	0	0	0	0	0	0	0	0	0	0	0	0	0	0	0	0	190	0	0	0	0	0	0	206	128	0	0	0	0	0	0	0	974	0	0	0	0	0	0	0	0	0	0	0	0	0	0	0	0	0	0	0	0	0	0	0	0	0	0	0	0	0	0	0	0	0	186	238	5762	154	2652	86	0	304	6568	282	6846	0	144	120	2758	174	3142	0	0	658	6920	2338	1340	2692	2576	2612	544	
243188	Cerebelum_4_5_L	0	0	0	0	0	0	0	0	0	0	0	0	0	0	0	0	0	0	0	0	0	0	0	0	0	0	0	0	212	0	0	0	0	0	0	0	366	0	398	0	0	0	1144	0	0	0	8846	0	0	0	0	0	0	0	9738	0	0	0	0	0	0	0	0	0	0	0	0	0	0	0	0	0	88	0	0	0	0	0	0	0	0	0	0	0	0	0	0	0	574	0	26844	852	6698	242	7040	304	0	718	33074	896	736	0	1914	266	3484	490	0	0	994	1256	10122	1766	240	600	752	940	
241108	Cerebelum_4_5_R	0	0	0	0	0	0	0	0	0	0	0	0	0	0	0	0	0	0	0	0	0	0	0	0	0	0	0	0	0	0	0	0	0	0	536	1440	578	3286	208	4160	0	0	982	130	0	0	1300	7286	0	0	0	0	0	0	0	10930	0	0	0	0	0	0	0	0	0	0	150	1270	0	0	0	0	0	278	0	0	0	608	0	0	0	0	0	0	0	0	0	0	0	754	150	21186	160	2652	0	6568	718	0	256	29406	0	170	84	2936	184	1236	0	0	154	3388	12790	678	1264	1126	1250	302	
371816	Cerebelum_6_L	0	0	0	0	0	0	0	0	0	0	0	0	0	0	0	0	0	0	0	0	0	0	0	0	0	0	0	0	0	0	0	0	0	0	0	0	0	0	0	0	0	0	1060	0	0	0	16024	1104	0	0	476	0	1042	0	22398	0	0	0	0	0	0	0	0	0	0	0	0	0	0	0	0	0	0	0	0	0	0	0	0	0	0	0	0	0	0	0	0	0	1122	0	58552	1452	14076	610	2516	282	33074	256	0	1896	2686	0	4220	112	3320	874	100	0	352	444	6558	5250	3542	952	1040	518	
374240	Cerebelum_6_R	0	0	0	0	0	0	0	0	0	0	0	0	0	0	0	0	0	0	0	0	0	0	0	0	0	0	0	0	0	0	0	0	0	0	0	0	0	246	0	1060	0	0	1024	476	0	0	1982	10972	0	94	0	0	0	166	96	18004	0	0	0	0	0	0	0	0	0	0	0	0	0	0	0	0	0	0	0	0	0	0	0	0	0	0	0	0	0	0	0	0	0	1398	1110	50656	1492	8026	0	6846	896	29406	1896	0	118	662	258	6474	142	2682	0	0	0	3820	13584	10566	5772	2926	2658	1612	
249508	Cerebelum_7b_L	0	0	0	0	0	0	0	0	0	0	0	0	0	0	0	0	0	0	0	0	0	0	0	0	0	0	0	0	0	0	0	0	0	0	0	0	0	0	0	0	0	0	0	0	0	0	0	0	0	0	0	0	0	0	118	0	0	0	0	0	0	0	0	0	0	0	0	0	0	0	0	0	0	0	0	0	0	0	0	0	0	0	0	0	0	0	0	0	100	0	9472	314	40718	6180	150	0	736	0	2686	118	0	3520	38280	2060	8230	0	346	0	0	0	416	316	7040	3632	322	0	
110416	Cerebelum_7b_R	0	0	0	0	0	0	0	0	0	0	0	0	0	0	0	0	0	0	0	0	0	0	0	0	0	0	0	0	0	0	0	0	0	0	0	0	0	0	0	0	0	0	0	0	0	0	0	0	0	0	0	0	0	0	0	0	0	0	0	0	0	0	0	0	0	0	0	0	0	0	0	0	0	0	0	0	0	0	0	0	0	0	0	0	0	0	0	0	0	0	298	2094	4084	16116	0	144	0	170	0	662	3520	0	3296	14756	412	886	0	0	0	158	106	0	5256	2802	448	0	
302748	Cerebelum_8_L	0	0	0	0	0	0	0	0	0	0	0	0	0	0	0	0	0	0	0	0	0	0	0	0	0	0	0	0	0	0	0	0	0	0	0	0	0	0	0	0	0	0	0	0	0	0	84	0	0	0	0	0	0	0	226	0	0	0	0	0	0	0	0	0	0	0	0	0	0	0	0	0	0	0	0	0	0	0	0	0	0	0	0	0	0	0	0	0	328	0	14344	478	37430	3604	416	120	1914	84	4220	258	38280	3296	0	4446	21844	1526	1292	154	0	126	564	492	5072	7456	2678	642	
263076	Cerebelum_8_R	0	0	0	0	0	0	0	0	0	0	0	0	0	0	0	0	0	0	0	0	0	0	0	0	0	0	0	0	0	0	0	0	0	0	0	0	0	0	0	0	0	0	0	0	0	0	272	134	0	0	0	0	0	0	0	1174	0	0	0	0	0	0	0	0	0	0	0	0	0	0	0	0	0	0	0	0	0	0	0	0	0	0	0	0	0	0	0	0	0	268	148	20410	1784	33592	102	2758	266	2936	112	6474	2060	14756	4446	0	2416	12698	0	640	288	2414	2296	526	6060	7628	4584	296	
147064	Cerebelum_9_L	0	0	0	0	0	0	0	0	0	0	0	0	0	0	0	0	0	0	0	0	0	0	0	0	0	0	0	0	0	0	0	0	0	0	0	0	0	0	0	0	0	0	0	0	0	0	0	0	0	0	0	0	0	0	88	0	0	0	0	0	0	0	0	0	0	0	0	0	0	0	0	0	0	0	0	0	0	0	0	0	0	0	0	0	0	0	0	0	0	0	5090	178	8708	608	1356	174	3484	184	3320	142	8230	412	21844	2416	0	2540	2472	96	334	444	1278	872	1312	3418	3452	1080	
148156	Cerebelum_9_R	0	0	0	0	0	0	0	0	0	0	0	0	0	0	0	0	0	0	0	0	0	0	0	0	0	0	0	0	0	0	0	0	0	0	0	0	0	0	0	0	0	0	0	0	0	0	138	272	0	0	0	0	0	0	0	424	0	0	0	0	0	0	0	0	0	0	0	0	0	0	0	0	0	0	0	0	0	0	0	0	0	0	0	0	0	0	0	0	0	0	596	3274	394	3268	0	3142	490	1236	874	2682	0	886	1526	12698	2540	0	0	1942	460	2540	1428	4530	4396	10076	10690	3576	
9792	Cerebelum_10_L	0	0	0	0	0	0	0	0	0	0	0	0	0	0	0	0	0	0	0	0	0	0	0	0	0	0	0	0	0	0	0	0	0	0	0	0	0	0	0	0	0	0	0	0	0	0	0	0	0	0	0	0	0	0	0	0	0	0	0	0	0	0	0	0	0	0	0	0	0	0	0	0	0	0	0	0	0	0	0	0	0	0	0	0	0	0	0	0	0	0	310	0	376	0	0	0	0	0	100	0	346	0	1292	0	2472	0	0	0	0	0	0	0	0	0	0	0	
8356	Cerebelum_10_R	0	0	0	0	0	0	0	0	0	0	0	0	0	0	0	0	0	0	0	0	0	0	0	0	0	0	0	0	0	0	0	0	0	0	0	0	0	0	0	0	0	0	0	0	0	0	0	0	0	0	0	0	0	0	0	0	0	0	0	0	0	0	0	0	0	0	0	0	0	0	0	0	0	0	0	0	0	0	0	0	0	0	0	0	0	0	0	0	0	0	0	0	0	128	0	0	0	0	0	0	0	0	154	640	96	1942	0	0	0	0	0	0	144	618	456	0	
22192	Vermis_1_2	0	0	0	0	0	0	0	0	0	0	0	0	0	0	0	0	0	0	0	0	0	0	0	0	0	0	0	0	0	0	0	0	0	0	0	0	0	0	0	0	0	0	0	0	0	0	0	0	0	0	0	0	0	0	0	0	0	0	0	0	0	0	0	0	0	0	0	0	0	0	0	0	0	0	0	0	0	0	0	0	0	0	0	0	0	0	0	0	0	0	366	0	254	104	704	658	994	154	352	0	0	0	0	288	334	460	0	0	0	3786	1810	104	112	310	306	0	
90884	Vermis_3	0	0	0	0	0	0	0	0	0	0	0	0	0	0	0	0	0	0	0	0	0	0	0	0	0	0	0	0	0	0	0	0	0	0	0	0	0	0	0	0	0	0	0	0	0	0	0	122	0	0	0	0	0	0	0	478	0	0	0	0	0	0	0	0	0	0	0	0	0	0	0	0	0	0	0	0	0	0	0	0	0	0	0	0	0	0	0	0	0	0	492	4048	340	2440	966	6920	1256	3388	444	3820	0	158	126	2414	444	2540	0	0	3786	0	3258	1076	2216	2012	2188	510	
214872	Vermis_4_5	0	0	0	0	0	0	0	0	0	0	0	0	0	0	0	0	0	0	0	0	0	0	0	0	0	0	0	0	0	0	0	0	0	0	0	558	0	742	0	600	0	0	2052	122	0	0	4512	4892	0	0	0	0	0	0	458	3448	0	0	0	0	0	0	0	0	0	0	0	760	0	0	0	0	0	0	0	0	0	82	0	0	0	0	0	0	0	0	0	0	0	0	4632	9982	2442	1990	790	2338	10122	12790	6558	13584	416	106	564	2296	1278	1428	0	0	1810	3258	0	4890	1892	1826	1908	2310	
166064	Vermis_6	0	0	0	0	0	0	0	0	0	0	0	0	0	0	0	0	0	0	0	0	0	0	0	0	0	0	0	0	0	0	0	0	0	0	0	0	0	0	0	0	0	0	122	430	0	0	1688	6854	0	92	0	0	0	142	156	2072	0	0	0	0	0	0	0	0	0	0	0	0	0	0	0	0	0	0	0	0	0	0	0	0	0	0	0	0	0	0	0	0	0	0	3926	9258	2666	2200	0	1340	1766	678	5250	10566	316	0	492	526	872	4530	0	0	104	1076	4890	0	7462	4638	4908	4012	
