data	data	660752	434628	969332	994900	109636	162052	413368	215680	62812	12592	222392	186216	213792	191148	100052	46960	199464	141324	862708	1.11353e+06	82088	91824	262520	456452	12140	137140	55932	65892	434544	326532	237612	507212	99408	677852	155528	126968	257712	252528	75116	134416	22900	46564	292336	281724	166428	278776	253176	287732	283336	266100	576656	233292	176668	46696	325716	386588	347176	322764	325420	145428	211392	173088	156928	161060	164284	191736	289684	471164	322088	487284	351816	603160	313220	287424	78908	28556	117856	245124	125224	8800	194624	116124	49520	32464	333388	239808	22148	5556	330184	202392	510804	507908	334636	377976	36720	79464	249780	247440	511596	466716	199184	150648	227972	256500	104552	112504	11252	4932	21000	58900	264344	277504	239280	115124	84204	49720	
data	data	Precentral_L	Precentral_R	Frontal_Sup_L	Frontal_Sup_R	Frontal_Sup_Orb_L	Frontal_Sup_Orb_R	Frontal_Mid_L	Frontal_Mid_R	Frontal_Mid_Orb_L	Frontal_Mid_Orb_R	Frontal_Inf_Oper_L	Frontal_Inf_Oper_R	Frontal_Inf_Tri_L	Frontal_Inf_Tri_R	Frontal_Inf_Orb_L	Frontal_Inf_Orb_R	Rolandic_Oper_L	Rolandic_Oper_R	Supp_Motor_Area_L	Supp_Motor_Area_R	Olfactory_L	Olfactory_R	Frontal_Sup_Medial_L	Frontal_Sup_Medial_R	Frontal_Med_Orb_L	Frontal_Med_Orb_R	Rectus_L	Rectus_R	Insula_L	Insula_R	Cingulum_Ant_L	Cingulum_Ant_R	Cingulum_Mid_L	Cingulum_Mid_R	Cingulum_Post_L	Cingulum_Post_R	Hippocampus_L	Hippocampus_R	ParaHippocampal_L	ParaHippocampal_R	Amygdala_L	Amygdala_R	Calcarine_L	Calcarine_R	Cuneus_L	Cuneus_R	Lingual_L	Lingual_R	Occipital_Sup_L	Occipital_Sup_R	Occipital_Mid_L	Occipital_Mid_R	Occipital_Inf_L	Occipital_Inf_R	Fusiform_L	Fusiform_R	Postcentral_L	Postcentral_R	Parietal_Sup_L	Parietal_Sup_R	Parietal_Inf_L	Parietal_Inf_R	SupraMarginal_L	SupraMarginal_R	Angular_L	Angular_R	Precuneus_L	Precuneus_R	Paracentral_Lobule_L	Paracentral_Lobule_R	Caudate_L	Caudate_R	Putamen_L	Putamen_R	Pallidum_L	Pallidum_R	Thalamus_L	Thalamus_R	Heschl_L	Heschl_R	Temporal_Sup_L	Temporal_Sup_R	Temporal_Pole_Sup_L	Temporal_Pole_Sup_R	Temporal_Mid_L	Temporal_Mid_R	Temporal_Pole_Mid_L	Temporal_Pole_Mid_R	Temporal_Inf_L	Temporal_Inf_R	Cerebelum_Crus1_L	Cerebelum_Crus1_R	Cerebelum_Crus2_L	Cerebelum_Crus2_R	Cerebelum_3_L	Cerebelum_3_R	Cerebelum_4_5_L	Cerebelum_4_5_R	Cerebelum_6_L	Cerebelum_6_R	Cerebelum_7b_L	Cerebelum_7b_R	Cerebelum_8_L	Cerebelum_8_R	Cerebelum_9_L	Cerebelum_9_R	Cerebelum_10_L	Cerebelum_10_R	Vermis_1_2	Vermis_3	Vermis_4_5	Vermis_6	Vermis_7	Vermis_8	Vermis_9	Vermis_10	
660752	Precentral_L	0	12122	27746	10726	0	178	23252	3768	0	0	9468	130	2314	0	0	0	10792	128	28664	25238	0	0	242	930	0	154	0	0	7964	796	1214	966	2116	12980	1838	774	7270	1458	356	176	0	0	558	0	0	0	0	0	0	0	2532	0	2696	0	1500	192	38496	838	270	0	1938	106	1676	142	134	0	438	0	36440	8754	6922	3504	4894	2304	108	382	6144	6054	3842	0	1344	0	0	0	1464	0	0	0	2564	0	380	0	0	0	0	0	0	0	0	0	0	0	0	0	0	0	0	0	0	0	0	0	0	0	0	0	
434628	Precentral_R	12122	0	3980	19296	0	106	3396	13410	0	0	0	3640	0	174	0	0	114	1484	4858	17410	0	0	0	576	0	164	0	0	622	4988	0	806	0	6502	374	258	1308	5866	0	216	0	0	0	530	0	312	0	0	0	176	0	294	0	0	0	3170	1442	20296	0	716	0	1504	0	1664	0	936	0	3352	2786	16324	11258	14986	3042	4000	2358	598	1754	18004	668	158	0	920	0	0	0	936	0	0	0	3460	0	0	0	0	0	0	0	0	0	0	0	0	0	0	0	0	0	0	0	0	0	0	0	0	0	0	
969332	Frontal_Sup_L	27746	3980	0	14634	4414	140	51422	1936	1712	0	12914	1788	14278	1350	2212	0	11176	260	100080	24942	0	0	34948	3974	460	0	0	0	29404	494	18678	3422	5388	10096	898	624	8290	260	584	0	0	0	0	0	0	0	0	0	0	0	190	0	0	0	578	0	12112	0	130	0	618	0	1366	0	202	0	0	0	6890	890	7790	4796	32708	584	7666	208	4462	770	6190	0	3004	0	390	0	0	0	0	0	618	0	0	0	0	0	0	0	0	0	0	0	0	0	0	0	0	0	0	0	0	0	0	0	0	0	0	0	
994900	Frontal_Sup_R	10726	19296	14634	0	0	8310	4564	18784	0	0	4146	12894	138	13494	0	1558	970	10484	24498	92326	0	0	5848	48518	0	6068	0	102	2860	17666	1246	39886	232	27556	206	152	1072	4454	0	372	0	0	0	0	0	0	0	0	0	0	0	0	0	0	126	1726	3246	1230	0	288	168	280	0	130	0	102	0	388	1914	818	10176	43594	1128	14602	452	4288	2938	12914	838	0	292	346	0	272	244	150	0	0	430	1310	0	0	0	0	0	0	0	0	0	0	0	0	0	0	0	0	0	0	0	0	0	0	0	0	0	0	
109636	Frontal_Sup_Orb_L	0	0	4414	0	0	472	638	0	9412	0	0	0	6058	0	10156	0	0	0	368	0	1632	1236	1248	0	982	168	4794	764	6180	0	2056	398	160	0	0	0	0	0	0	0	0	0	0	0	0	0	0	0	0	0	0	0	0	0	0	0	0	0	0	0	0	0	0	0	0	0	0	0	0	0	1358	266	2058	0	0	0	0	0	0	0	0	0	0	0	0	0	0	0	0	0	0	0	0	0	0	0	0	0	0	0	0	0	0	0	0	0	0	0	0	0	0	0	0	0	0	0	
162052	Frontal_Sup_Orb_R	178	106	140	8310	472	0	148	546	158	1894	152	360	0	2050	366	2172	0	0	324	2900	1374	2414	0	7672	0	12044	632	8240	358	2238	150	6692	0	0	0	0	0	0	0	0	0	0	0	0	0	0	0	0	0	0	0	0	0	0	0	0	0	0	0	0	0	0	0	0	0	0	0	0	0	0	2592	8194	168	7982	0	0	0	0	0	0	0	0	0	0	0	0	0	0	0	0	0	0	0	0	0	0	0	0	0	0	0	0	0	0	0	0	0	0	0	0	0	0	0	0	0	0	
413368	Frontal_Mid_L	23252	3396	51422	4564	638	148	0	1820	1128	0	11490	136	21296	104	2966	0	5892	118	7584	4262	0	0	15194	1786	0	102	0	0	10402	286	10840	1102	3720	2452	304	168	2326	0	114	0	0	0	0	0	0	0	0	0	0	0	0	0	0	0	0	0	5614	0	0	0	246	0	804	0	110	0	0	0	558	116	3034	698	1872	404	596	0	698	280	2298	0	344	0	0	0	0	0	0	0	0	0	0	0	0	0	0	0	0	0	0	0	0	0	0	0	0	0	0	0	0	0	0	0	0	0	0	0	
215680	Frontal_Mid_R	3768	13410	1936	18784	0	546	1820	0	0	1032	668	4020	154	12030	0	2806	120	1482	2842	8186	0	0	146	2820	0	106	0	0	120	9334	244	1642	0	3512	132	0	174	308	0	0	0	0	0	0	0	0	0	0	0	0	0	0	0	0	0	0	578	0	0	0	0	0	0	0	0	0	0	0	0	0	4554	1344	1660	4328	1412	546	0	1276	0	0	0	0	0	0	0	0	0	0	0	0	0	0	0	0	0	0	0	0	0	0	0	0	0	0	0	0	0	0	0	0	0	0	0	0	0	0	
62812	Frontal_Mid_Orb_L	0	0	1712	0	9412	158	1128	0	0	0	0	0	4040	0	8778	0	0	0	0	0	286	234	0	0	0	0	2118	166	2026	0	0	0	0	0	0	0	0	0	0	0	0	0	0	0	0	0	0	0	0	0	0	0	0	0	0	0	0	0	0	0	0	0	0	0	0	0	0	0	0	0	302	0	1046	0	0	0	0	0	0	0	0	0	0	0	0	0	0	0	0	0	0	0	0	0	0	0	0	0	0	0	0	0	0	0	0	0	0	0	0	0	0	0	0	0	0	0	
12592	Frontal_Mid_Orb_R	0	0	0	0	0	1894	0	1032	0	0	0	160	0	860	0	2208	0	0	0	0	0	0	0	0	0	0	0	0	0	142	0	0	0	0	0	0	0	0	0	0	0	0	0	0	0	0	0	0	0	0	0	0	0	0	0	0	0	0	0	0	0	0	0	0	0	0	0	0	0	0	0	0	0	0	0	0	0	0	0	0	0	0	0	0	0	0	0	0	0	0	0	0	0	0	0	0	0	0	0	0	0	0	0	0	0	0	0	0	0	0	0	0	0	0	0	0	
222392	Frontal_Inf_Oper_L	9468	0	12914	4146	0	152	11490	668	0	0	0	672	15632	764	0	0	6686	0	7992	214	0	0	676	4096	0	228	0	0	9406	306	3746	4180	0	0	0	0	254	0	0	0	0	0	0	0	0	0	0	0	0	0	130	0	0	0	176	0	2958	0	174	0	0	0	0	0	0	0	122	0	186	0	3472	4198	736	150	0	0	0	0	1078	0	1286	0	1980	0	308	0	0	0	552	0	0	0	0	0	0	0	0	0	0	0	0	0	0	0	0	0	0	0	0	0	0	0	0	0	0	0	
186216	Frontal_Inf_Oper_R	130	3640	1788	12894	0	360	136	4020	0	160	672	0	256	12404	0	1800	0	5256	1864	11722	0	0	318	3386	0	164	0	0	256	12548	158	1700	0	5740	0	0	0	360	0	162	0	0	0	0	0	0	0	0	0	0	0	0	0	0	0	176	0	1746	0	0	0	0	0	0	0	0	0	0	0	0	1616	3720	118	3372	0	0	0	164	0	0	0	0	0	302	0	0	0	0	0	0	0	0	0	0	0	0	0	0	0	0	0	0	0	0	0	0	0	0	0	0	0	0	0	0	0	0	
213792	Frontal_Inf_Tri_L	2314	0	14278	138	6058	0	21296	154	4040	0	15632	256	0	480	9072	0	712	0	5422	0	0	0	3386	126	0	0	0	0	16448	122	3902	152	1012	0	0	0	0	0	0	0	0	0	0	0	0	0	0	0	0	0	0	0	0	0	0	0	0	0	0	0	0	0	0	0	0	0	0	0	0	0	0	144	894	0	0	0	0	0	0	0	0	0	858	0	0	0	0	0	0	0	0	0	0	0	0	0	0	0	0	0	0	0	0	0	0	0	0	0	0	0	0	0	0	0	0	0	
191148	Frontal_Inf_Tri_R	0	174	1350	13494	0	2050	104	12030	0	860	764	12404	480	0	0	4968	0	0	2014	9044	0	0	372	6292	0	338	0	0	154	12524	178	6014	0	5256	0	0	0	0	0	0	0	0	0	0	0	0	0	0	0	0	0	0	0	0	0	0	0	0	0	0	0	0	0	0	0	0	0	0	0	164	978	2718	0	850	0	0	0	0	0	0	0	0	0	0	0	0	0	0	0	0	0	0	0	0	0	0	0	0	0	0	0	0	0	0	0	0	0	0	0	0	0	0	0	0	0	0	
100052	Frontal_Inf_Orb_L	0	0	2212	0	10156	366	2966	0	8778	0	0	0	9072	0	0	0	0	0	0	0	1210	774	406	0	214	0	1428	380	6242	0	1224	0	208	0	0	0	0	0	0	0	0	0	0	0	0	0	0	0	0	0	0	0	0	0	0	0	0	0	0	0	0	0	0	0	0	0	0	0	0	0	1082	162	3146	0	0	0	0	0	0	0	0	0	0	0	0	0	0	0	0	0	0	0	0	0	0	0	0	0	0	0	0	0	0	0	0	0	0	0	0	0	0	0	0	0	0	0	
46960	Frontal_Inf_Orb_R	0	0	0	1558	0	2172	0	2806	0	2208	0	1800	0	4968	0	0	0	0	0	288	0	292	0	152	0	0	0	350	0	4814	0	306	0	248	0	0	0	0	0	0	0	0	0	0	0	0	0	0	0	0	0	0	0	0	0	0	0	0	0	0	0	0	0	0	0	0	0	0	0	0	0	354	0	1164	0	0	0	0	0	0	0	0	0	0	0	0	0	0	0	0	0	0	0	0	0	0	0	0	0	0	0	0	0	0	0	0	0	0	0	0	0	0	0	0	0	0	
199464	Rolandic_Oper_L	10792	114	11176	970	0	0	5892	120	0	0	6686	0	712	0	0	0	0	0	4416	302	0	0	206	706	0	0	0	0	14690	0	528	750	0	182	134	0	1044	0	290	0	0	0	0	0	0	0	0	0	0	0	362	0	868	0	1128	0	10332	0	288	0	368	0	2764	0	142	0	152	0	568	0	1202	1098	1220	0	258	0	234	0	5200	0	7862	0	1884	0	1220	0	0	0	2540	0	332	0	0	0	0	0	0	0	0	0	0	0	0	0	0	0	0	0	0	0	0	0	0	0	0	0	
141324	Rolandic_Oper_R	128	1484	260	10484	0	0	118	1482	0	0	0	5256	0	0	0	0	0	0	384	11384	0	0	0	0	0	0	0	0	192	18476	0	0	0	1714	0	0	0	190	0	0	0	0	0	136	0	0	0	0	0	0	0	0	0	0	0	500	0	3264	0	0	0	384	0	2504	0	0	0	1048	0	1678	960	1662	0	1626	0	0	0	152	0	520	0	3058	0	472	0	900	0	0	0	246	0	0	0	0	0	0	0	0	0	0	0	0	0	0	0	0	0	0	0	0	0	0	0	0	0	0	
862708	Supp_Motor_Area_L	28664	4858	100080	24498	368	324	7584	2842	0	0	7992	1864	5422	2014	0	0	4416	384	0	59046	0	0	5726	6038	0	126	0	0	17124	938	6876	6862	5644	33896	1086	660	5420	304	560	0	0	0	0	0	0	0	0	0	0	0	0	0	0	0	648	0	1214	242	0	0	152	0	0	0	0	0	0	0	18090	2096	8404	6202	29864	940	7400	348	9552	972	1252	0	1394	0	390	0	0	0	0	0	578	0	0	0	0	0	0	0	0	0	0	0	0	0	0	0	0	0	0	0	0	0	0	0	0	0	0	0	
1.11353e+06	Supp_Motor_Area_R	25238	17410	24942	92326	0	2900	4262	8186	0	0	214	11722	0	9044	0	288	302	11384	59046	0	0	0	3122	18364	0	2616	0	0	1338	14652	1208	19616	3306	78102	3024	1640	1162	3396	0	284	0	0	0	622	0	874	0	0	0	284	0	220	0	0	106	1686	3306	10164	0	278	122	416	0	1152	0	250	0	1688	15132	28906	6892	31448	1406	13492	636	2246	3478	5444	934	0	0	502	0	272	0	2644	0	0	0	3072	0	0	0	0	0	0	0	0	0	0	0	0	0	0	0	0	0	0	0	0	0	0	0	0	0	0	
82088	Olfactory_L	0	0	0	0	1632	1374	0	0	286	0	0	0	0	0	1210	0	0	0	0	0	0	7988	0	0	274	1314	4050	3150	788	0	3682	3230	0	0	0	0	104	0	246	0	166	0	0	0	0	0	0	0	0	0	0	0	0	0	0	0	0	0	0	0	0	0	0	0	0	0	0	0	0	0	6358	3314	810	824	0	0	0	0	0	0	0	0	244	0	0	0	0	0	0	0	0	0	0	0	0	0	0	0	0	0	0	0	0	0	0	0	0	0	0	0	0	0	0	0	0	0	
91824	Olfactory_R	0	0	0	0	1236	2414	0	0	234	0	0	0	0	0	774	292	0	0	0	0	7988	0	0	0	0	1482	3546	4314	0	764	3356	3366	0	0	0	0	0	0	0	0	0	242	0	0	0	0	0	0	0	0	0	0	0	0	0	0	0	0	0	0	0	0	0	0	0	0	0	0	0	0	7584	5226	1016	2078	0	0	0	0	0	0	0	0	0	0	0	0	0	0	0	0	0	0	0	0	0	0	0	0	0	0	0	0	0	0	0	0	0	0	0	0	0	0	0	0	0	0	
262520	Frontal_Sup_Medial_L	242	0	34948	5848	1248	0	15194	146	0	0	676	318	3386	372	406	0	206	0	5726	3122	0	0	0	14618	1008	0	0	0	5166	0	16146	8202	4386	7914	0	0	0	0	0	0	0	0	0	0	0	0	0	0	0	0	0	0	0	0	0	0	0	0	0	0	0	0	0	0	0	0	0	0	0	0	104	114	1764	0	0	0	0	0	0	0	0	0	0	0	0	0	0	0	0	0	0	0	0	0	0	0	0	0	0	0	0	0	0	0	0	0	0	0	0	0	0	0	0	0	0	0	
456452	Frontal_Sup_Medial_R	930	576	3974	48518	0	7672	1786	2820	0	0	4096	3386	126	6292	0	152	706	0	6038	18364	0	0	14618	0	0	7086	0	152	2156	3362	3010	40482	436	16276	0	0	188	0	0	0	0	0	0	0	0	0	0	0	0	0	0	0	0	0	122	0	714	0	0	0	0	0	0	0	0	0	0	0	104	226	7622	19770	158	4110	0	0	144	580	504	0	274	0	0	0	250	0	0	0	446	0	0	0	0	0	0	0	0	0	0	0	0	0	0	0	0	0	0	0	0	0	0	0	0	0	0	0	
12140	Frontal_Med_Orb_L	0	0	460	0	982	0	0	0	0	0	0	0	0	0	214	0	0	0	0	0	274	0	1008	0	0	0	542	0	174	0	1742	232	0	0	0	0	0	0	0	0	0	0	0	0	0	0	0	0	0	0	0	0	0	0	0	0	0	0	0	0	0	0	0	0	0	0	0	0	0	0	216	0	226	0	0	0	0	0	0	0	0	0	0	0	0	0	0	0	0	0	0	0	0	0	0	0	0	0	0	0	0	0	0	0	0	0	0	0	0	0	0	0	0	0	0	0	
137140	Frontal_Med_Orb_R	154	164	0	6068	168	12044	102	106	0	0	228	164	0	338	0	0	0	0	126	2616	1314	1482	0	7086	0	0	1018	6240	264	378	1094	9412	0	284	0	0	0	0	0	0	0	0	0	0	0	0	0	0	0	0	0	0	0	0	0	0	0	0	0	0	0	0	0	0	0	0	0	0	0	0	1502	9586	0	6524	0	0	0	108	0	0	0	0	0	0	0	0	0	0	0	0	0	0	0	0	0	0	0	0	0	0	0	0	0	0	0	0	0	0	0	0	0	0	0	0	0	0	
55932	Rectus_L	0	0	0	0	4794	632	0	0	2118	0	0	0	0	0	1428	0	0	0	0	0	4050	3546	0	0	542	1018	0	1968	0	0	2580	1962	0	0	0	0	0	0	0	0	0	0	0	0	0	0	0	0	0	0	0	0	0	0	0	0	0	0	0	0	0	0	0	0	0	0	0	0	0	0	2480	614	234	0	0	0	0	0	0	0	0	0	0	0	0	0	0	0	0	0	0	0	0	0	0	0	0	0	0	0	0	0	0	0	0	0	0	0	0	0	0	0	0	0	0	0	
65892	Rectus_R	0	0	0	102	764	8240	0	0	166	0	0	0	0	0	380	350	0	0	0	0	3150	4314	0	152	0	6240	1968	0	0	266	1262	2072	0	0	0	0	0	0	0	0	0	0	0	0	0	0	0	0	0	0	0	0	0	0	0	0	0	0	0	0	0	0	0	0	0	0	0	0	0	0	1870	824	242	584	0	0	0	0	0	0	0	0	0	0	0	0	0	0	0	0	0	0	0	0	0	0	0	0	0	0	0	0	0	0	0	0	0	0	0	0	0	0	0	0	0	0	
434544	Insula_L	7964	622	29404	2860	6180	358	10402	120	2026	0	9406	256	16448	154	6242	0	14690	192	17124	1338	788	0	5166	2156	174	264	0	0	0	388	7340	2218	196	516	1284	940	9748	126	1036	0	498	0	0	0	0	0	0	0	0	0	0	0	242	0	1618	0	4340	0	0	0	0	0	198	0	0	0	0	0	802	470	3906	2738	16670	290	178	0	1616	500	11732	0	6688	0	3318	0	382	0	0	0	2834	0	126	0	0	0	0	0	0	0	0	0	0	0	0	0	0	0	0	0	0	0	0	0	0	0	0	0	
326532	Insula_R	796	4988	494	17666	0	2238	286	9334	0	142	306	12548	122	12524	0	4814	0	18476	938	14652	0	764	0	3362	0	378	0	266	388	0	0	5302	0	1974	390	0	540	1538	0	328	0	354	0	0	0	0	0	0	0	0	0	0	0	0	0	2626	234	2976	0	0	0	0	0	0	0	0	0	0	0	152	1642	7034	116	19816	0	0	0	2000	150	404	0	2984	0	1256	0	1922	0	0	0	4046	0	0	0	0	0	0	0	0	0	0	0	0	0	0	0	0	0	0	0	0	0	0	0	0	0	0	
237612	Cingulum_Ant_L	1214	0	18678	1246	2056	150	10840	244	0	0	3746	158	3902	178	1224	0	528	0	6876	1208	3682	3356	16146	3010	1742	1094	2580	1262	7340	0	0	9478	1338	2200	218	0	0	0	0	0	0	0	0	0	0	0	0	0	0	0	0	0	0	0	0	0	168	0	0	0	0	0	0	0	0	0	0	0	0	0	3060	2840	6502	542	0	0	0	0	0	0	0	0	0	0	0	0	0	0	0	0	0	0	0	0	0	0	0	0	0	0	0	0	0	0	0	0	0	0	0	0	0	0	0	0	0	0	
507212	Cingulum_Ant_R	966	806	3422	39886	398	6692	1102	1642	0	0	4180	1700	152	6014	0	306	750	0	6862	19616	3230	3366	8202	40482	232	9412	1962	2072	2218	5302	9478	0	576	21006	0	0	168	0	0	0	0	0	0	0	0	0	0	0	0	0	0	0	0	0	122	0	714	0	0	0	0	0	0	0	0	0	0	0	104	314	9406	29822	444	8082	0	0	132	786	508	0	276	0	0	0	250	0	0	0	446	0	0	0	0	0	0	0	0	0	0	0	0	0	0	0	0	0	0	0	0	0	0	0	0	0	0	0	
99408	Cingulum_Mid_L	2116	0	5388	232	160	0	3720	0	0	0	0	0	1012	0	208	0	0	0	5644	3306	0	0	4386	436	0	0	0	0	196	0	1338	576	0	7940	1412	316	0	0	0	0	0	0	310	0	1668	206	0	0	1302	184	530	138	0	0	0	0	0	0	414	0	0	0	0	0	0	112	2486	582	3184	202	0	0	0	0	0	0	0	0	0	0	0	0	0	0	0	0	0	0	0	0	0	0	0	0	0	0	0	0	0	0	0	0	0	0	0	0	0	0	0	0	0	0	0	0	0	0	
677852	Cingulum_Mid_R	12980	6502	10096	27556	0	0	2452	3512	0	0	0	5740	0	5256	0	248	182	1714	33896	78102	0	0	7914	16276	0	284	0	0	516	1974	2200	21006	7940	0	4892	5346	352	1498	0	0	0	0	0	1252	0	4756	0	0	0	3284	0	1748	0	0	0	1196	510	8790	0	0	0	340	0	1280	0	1198	0	7650	11456	27490	488	3042	0	284	0	0	0	312	438	0	0	386	0	0	0	2172	0	0	0	2420	0	0	0	0	0	0	0	0	0	0	0	0	0	0	0	0	0	0	0	0	0	0	0	0	0	0	
155528	Cingulum_Post_L	1838	374	898	206	0	0	304	132	0	0	0	0	0	0	0	0	134	0	1086	3024	0	0	0	0	0	0	0	0	1284	390	218	0	1412	4892	0	12824	7358	4440	2420	2498	0	0	2306	0	492	0	580	0	1144	0	1780	0	1032	0	1274	580	594	122	1334	0	124	0	0	0	260	0	5748	1646	3812	3370	102	0	0	428	0	0	194	1818	1120	0	0	0	0	0	564	0	0	0	850	266	492	0	0	0	0	0	0	0	0	0	0	0	0	0	0	0	0	0	0	0	0	0	0	0	0	0	
126968	Cingulum_Post_R	774	258	624	152	0	0	168	0	0	0	0	0	0	0	0	0	0	0	660	1640	0	0	0	0	0	0	0	0	940	0	0	0	316	5346	12824	0	4758	6074	1838	2750	0	0	162	2010	0	434	146	256	0	194	0	318	0	0	0	1382	372	870	0	0	0	0	0	0	0	116	1724	7488	628	4588	0	0	0	0	0	0	170	934	834	0	0	0	0	0	0	386	0	0	0	1088	0	0	0	0	0	0	0	0	0	0	0	0	0	0	0	0	0	0	0	0	262	0	0	0	0	0	
257712	Hippocampus_L	7270	1308	8290	1072	0	0	2326	174	0	0	254	0	0	0	0	0	1044	0	5420	1162	104	0	0	188	0	0	0	0	9748	540	0	168	0	352	7358	4758	0	4354	11298	3018	5664	0	1660	0	0	0	1954	344	0	0	0	0	116	0	6972	548	1000	0	0	0	0	0	0	0	0	0	2346	1060	2426	478	750	482	5526	618	194	0	5488	4108	7122	0	1450	0	620	0	974	0	0	0	6438	134	0	0	0	0	0	0	178	0	0	0	0	0	0	0	0	0	0	0	0	0	0	0	0	0	0	0	
252528	Hippocampus_R	1458	5866	260	4454	0	0	0	308	0	0	0	360	0	0	0	0	0	190	304	3396	0	0	0	0	0	0	0	0	126	1538	0	0	0	1498	4440	6074	4354	0	2274	19832	0	7174	124	186	0	0	166	1526	0	0	0	0	0	268	0	23922	516	834	0	198	0	312	0	384	0	0	598	3678	146	2566	156	400	0	7236	0	232	466	9176	108	304	0	574	0	240	0	458	0	0	0	7318	0	0	0	0	0	0	0	0	0	0	0	0	0	0	0	0	0	0	0	0	266	0	0	0	0	0	
75116	ParaHippocampal_L	356	0	584	0	0	0	114	0	0	0	0	0	0	0	0	0	290	0	560	0	246	0	0	0	0	0	0	0	1036	0	0	0	0	0	2420	1838	11298	2274	0	1968	1230	0	778	0	0	0	1738	886	0	0	0	0	0	0	2432	396	0	0	0	0	0	0	0	0	0	0	1228	528	136	0	0	0	1322	0	0	0	1062	1344	0	0	0	0	208	0	0	0	0	0	372	120	0	0	0	0	252	120	286	0	0	0	0	0	0	0	0	0	0	0	0	136	0	0	0	0	0	0	
134416	ParaHippocampal_R	176	216	0	372	0	0	0	0	0	0	0	162	0	0	0	0	0	0	0	284	0	0	0	0	0	0	0	0	0	328	0	0	0	0	2498	2750	3018	19832	1968	0	0	6004	122	136	0	0	102	2078	0	0	0	0	0	332	0	13740	0	0	0	0	0	0	0	0	0	0	430	2860	0	0	0	0	0	2446	0	164	240	4136	0	0	0	0	0	760	0	0	0	106	0	1214	0	0	0	0	0	0	0	262	0	0	0	0	0	0	0	0	0	0	0	0	472	0	0	0	0	0	
22900	Amygdala_L	0	0	0	0	0	0	0	0	0	0	0	0	0	0	0	0	0	0	0	0	166	0	0	0	0	0	0	0	498	0	0	0	0	0	0	0	5664	0	1230	0	0	0	0	0	0	0	0	0	0	0	0	0	0	0	2498	0	0	0	0	0	0	0	0	0	0	0	0	0	0	0	0	0	242	0	0	0	0	0	0	0	0	0	340	0	0	0	0	0	812	0	0	0	0	0	0	0	0	0	0	0	0	0	0	0	0	0	0	0	0	0	0	0	0	0	0	0	
46564	Amygdala_R	0	0	0	0	0	0	0	0	0	0	0	0	0	0	0	0	0	0	0	0	0	242	0	0	0	0	0	0	0	354	0	0	0	0	0	0	0	7174	0	6004	0	0	0	0	0	0	0	0	0	0	0	0	0	0	0	6972	0	0	0	0	0	0	0	0	0	0	0	0	0	0	0	0	0	950	0	0	0	0	0	0	0	0	0	1324	0	0	0	0	0	262	0	0	0	0	0	0	0	0	0	0	0	0	0	0	0	0	0	0	0	0	0	0	0	0	0	0	
292336	Calcarine_L	558	0	0	0	0	0	0	0	0	0	0	0	0	0	0	0	0	0	0	0	0	0	0	0	0	0	0	0	0	0	0	0	310	0	2306	162	1660	124	778	122	0	0	0	6554	11488	2692	22728	3860	10752	1194	39858	194	12068	214	3454	446	1236	0	1604	0	114	0	0	0	234	0	10190	380	2000	0	0	0	0	0	0	0	0	0	0	0	0	0	0	0	5260	0	0	0	3436	0	192	0	0	0	0	0	0	0	0	0	0	0	0	0	0	0	0	0	0	0	0	0	0	0	0	0	
281724	Calcarine_R	0	530	0	0	0	0	0	0	0	0	0	0	0	0	0	0	0	136	0	622	0	0	0	0	0	0	0	0	0	0	0	0	0	1252	0	2010	0	186	0	136	0	0	6554	0	2570	23840	5696	21082	0	19242	0	12934	0	4016	0	5542	0	2486	0	1194	0	138	0	150	0	1034	158	18656	0	2880	0	0	0	0	0	0	0	0	0	0	0	0	0	0	0	6120	0	0	0	1698	0	0	0	0	0	0	0	0	0	0	0	0	0	0	0	0	0	0	0	0	0	0	0	0	0	0	
166428	Cuneus_L	0	0	0	0	0	0	0	0	0	0	0	0	0	0	0	0	0	0	0	0	0	0	0	0	0	0	0	0	0	0	0	0	1668	0	492	0	0	0	0	0	0	0	11488	2570	0	2902	2744	698	21964	558	12274	0	2166	0	0	0	278	0	6734	0	264	0	0	0	154	0	13140	632	266	0	0	0	0	0	0	0	0	0	0	0	0	0	0	0	590	0	0	0	1632	0	0	0	0	0	0	0	0	0	0	0	0	0	0	0	0	0	0	0	0	0	0	0	0	0	0	0	
278776	Cuneus_R	0	312	0	0	0	0	0	0	0	0	0	0	0	0	0	0	0	0	0	874	0	0	0	0	0	0	0	0	0	0	0	0	206	4756	0	434	0	0	0	0	0	0	2692	23840	2902	0	1474	4462	0	31668	0	13298	0	556	0	586	0	3542	0	7488	0	1182	0	0	0	2634	1866	28876	660	3928	0	0	0	0	0	0	0	0	0	0	0	0	0	0	0	968	0	0	0	0	0	0	0	0	0	0	0	0	0	0	0	0	0	0	0	0	0	0	0	0	184	0	0	0	0	0	
253176	Lingual_L	0	0	0	0	0	0	0	0	0	0	0	0	0	0	0	0	0	0	0	0	0	0	0	0	0	0	0	0	0	0	0	0	0	0	580	146	1954	166	1738	102	0	0	22728	5696	2744	1474	0	8504	5698	1032	14872	346	5680	424	13806	1392	0	0	132	0	0	0	0	0	0	0	2292	194	0	0	0	0	0	0	0	0	0	0	0	0	0	0	0	0	0	0	0	0	0	0	5342	442	214	232	140	0	8002	590	13036	926	0	0	0	0	0	0	0	0	0	0	3036	2928	0	0	0	0	
287732	Lingual_R	0	0	0	0	0	0	0	0	0	0	0	0	0	0	0	0	0	0	0	0	0	0	0	0	0	0	0	0	0	0	0	0	0	0	0	256	344	1526	886	2078	0	0	3860	21082	698	4462	8504	0	0	3504	0	1524	0	2972	2324	16288	0	0	0	0	0	0	0	0	0	0	0	4526	0	0	0	0	0	0	0	0	0	116	0	0	0	0	0	0	0	0	0	0	0	596	4376	7790	212	892	210	450	2086	7078	7892	12394	0	0	0	0	114	146	0	0	0	296	10452	12996	0	0	196	740	
283336	Occipital_Sup_L	0	0	0	0	0	0	0	0	0	0	0	0	0	0	0	0	0	0	0	0	0	0	0	0	0	0	0	0	0	0	0	0	1302	0	1144	0	0	0	0	0	0	0	10752	0	21964	0	5698	0	0	0	38694	0	5046	0	218	0	1674	0	23714	0	3060	0	162	0	2284	0	18438	0	1586	0	0	0	0	0	0	0	0	0	0	0	124	0	0	0	2872	0	0	0	2936	0	0	0	0	0	0	0	0	0	0	0	0	0	0	0	0	0	0	0	0	0	0	0	0	0	0	0	
266100	Occipital_Sup_R	0	176	0	0	0	0	0	0	0	0	0	0	0	0	0	0	0	0	0	284	0	0	0	0	0	0	0	0	0	0	0	0	184	3284	0	194	0	0	0	0	0	0	1194	19242	558	31668	1032	3504	0	0	0	27380	0	1226	0	702	0	2568	0	9866	0	650	0	0	0	6638	332	18626	244	2440	0	0	0	0	0	0	0	0	0	0	0	0	0	0	0	1058	0	0	0	0	0	0	0	0	0	0	0	0	0	0	0	0	0	0	0	0	0	0	0	0	0	0	0	0	0	0	
576656	Occipital_Mid_L	2532	0	190	0	0	0	0	0	0	0	130	0	0	0	0	0	362	0	0	0	0	0	0	0	0	0	0	0	0	0	0	0	530	0	1780	0	0	0	0	0	0	0	39858	0	12274	0	14872	0	38694	0	0	0	22560	0	3604	0	7308	0	39698	0	12018	0	3586	0	21304	0	20848	0	6566	0	0	0	0	0	0	0	0	0	0	0	650	0	0	0	22444	0	0	0	16410	0	110	0	0	0	0	0	0	0	0	0	0	0	0	0	0	0	0	0	0	0	0	0	0	0	0	0	
233292	Occipital_Mid_R	0	294	0	0	0	0	0	0	0	0	0	0	0	0	0	0	0	0	0	220	0	0	0	0	0	0	0	0	0	0	0	0	138	1748	0	318	0	0	0	0	0	0	194	12934	0	13298	346	1524	0	27380	0	0	0	3816	0	672	0	1704	0	5036	0	4158	0	0	0	17790	218	12154	104	1808	0	0	0	0	0	0	0	0	0	0	0	118	0	0	0	10084	0	0	0	590	0	0	0	0	0	0	0	0	0	0	0	0	0	0	0	0	0	0	0	0	0	0	0	0	0	0	
176668	Occipital_Inf_L	2696	0	0	0	0	0	0	0	0	0	0	0	0	0	0	0	868	0	0	0	0	0	0	0	0	0	0	0	242	0	0	0	0	0	1032	0	116	0	0	0	0	0	12068	0	2166	0	5680	0	5046	0	22560	0	0	0	8418	0	1082	0	1984	0	0	0	444	0	130	0	2964	0	2824	0	0	0	0	0	0	0	0	0	234	0	322	0	0	0	1626	0	0	0	13682	0	1842	0	0	0	0	0	0	0	308	0	0	0	0	0	0	0	0	0	0	0	0	0	0	0	0	0	
46696	Occipital_Inf_R	0	0	0	0	0	0	0	0	0	0	0	0	0	0	0	0	0	0	0	0	0	0	0	0	0	0	0	0	0	0	0	0	0	0	0	0	0	268	0	332	0	0	214	4016	0	556	424	2972	0	1226	0	3816	0	0	0	5534	0	0	0	0	0	0	0	0	0	0	0	124	0	0	0	0	0	0	0	0	0	0	0	0	0	0	0	0	0	866	0	0	0	1690	0	150	0	0	0	0	0	246	132	298	0	0	0	0	0	0	0	0	0	0	258	226	0	0	0	0	
325716	Fusiform_L	1500	0	578	126	0	0	0	0	0	0	176	0	0	0	0	0	1128	0	648	106	0	0	0	122	0	0	0	0	1618	0	0	122	0	0	1274	0	6972	0	2432	0	2498	0	3454	0	0	0	13806	2324	218	0	3604	0	8418	0	0	680	120	0	0	0	0	0	236	0	0	0	660	0	986	0	102	124	1630	0	0	0	156	0	542	0	626	0	818	0	998	0	1192	0	11614	0	29480	458	7498	118	0	0	13156	602	32968	1412	186	0	0	0	0	0	0	0	0	0	2466	2906	0	0	0	0	
386588	Fusiform_R	192	3170	0	1726	0	0	0	0	0	0	0	176	0	0	0	0	0	500	0	1686	0	0	0	0	0	0	0	0	0	2626	0	0	0	1196	580	1382	548	23922	396	13740	0	6972	446	5542	0	586	1392	16288	0	702	0	672	0	5534	680	0	0	826	0	152	0	254	0	288	0	0	0	1596	0	1764	0	0	0	3496	0	0	102	2966	0	234	0	1672	0	2774	0	2696	0	182	0	16496	1484	18260	0	1056	0	276	112	11388	2258	22904	0	0	0	0	0	0	0	0	0	0	5912	3492	0	0	0	0	
347176	Postcentral_L	38496	1442	12112	3246	0	0	5614	578	0	0	2958	0	0	0	0	0	10332	0	1214	3306	0	0	0	714	0	0	0	0	4340	234	168	714	0	510	594	372	1000	516	0	0	0	0	1236	0	278	0	0	0	1674	0	7308	0	1082	0	120	0	0	194	10062	0	20600	0	8046	0	1286	0	2736	0	7860	374	3038	1002	0	1022	0	130	334	1588	4308	0	5128	0	0	0	3032	0	0	0	2690	0	0	0	0	0	0	0	0	0	0	0	0	0	0	0	0	0	0	0	0	0	0	0	0	0	0	0	
322764	Postcentral_R	838	20296	0	1230	0	0	0	0	0	0	0	1746	0	0	0	0	0	3264	242	10164	0	0	0	0	0	0	0	0	0	2976	0	0	0	8790	122	870	0	834	0	0	0	0	0	2486	0	3542	0	0	0	2568	0	1704	0	0	0	826	194	0	0	8732	0	11890	0	13758	0	5438	0	13476	544	29932	848	660	572	1144	370	0	0	892	0	178	0	1328	0	0	0	4786	0	0	0	4142	0	0	0	0	0	0	0	0	0	0	0	0	0	0	0	0	0	0	0	0	0	0	0	0	0	0	
325420	Parietal_Sup_L	270	0	130	0	0	0	0	0	0	0	174	0	0	0	0	0	288	0	0	0	0	0	0	0	0	0	0	0	0	0	0	0	414	0	1334	0	0	0	0	0	0	0	1604	0	6734	0	132	0	23714	0	39698	0	1984	0	0	0	10062	0	0	0	16448	0	3166	0	10768	0	24644	0	2810	0	0	0	0	0	0	0	0	0	0	0	556	0	0	0	10680	0	0	0	7100	0	0	0	0	0	0	0	0	0	0	0	0	0	0	0	0	0	0	0	0	0	0	0	0	0	0	0	
145428	Parietal_Sup_R	0	716	0	288	0	0	0	0	0	0	0	0	0	0	0	0	0	0	0	278	0	0	0	0	0	0	0	0	0	0	0	0	0	0	0	0	0	198	0	0	0	0	0	1194	0	7488	0	0	0	9866	0	5036	0	0	0	152	0	8732	0	0	0	8332	0	3492	0	7428	496	14556	0	2406	0	592	0	0	0	0	0	648	0	0	0	280	0	0	0	272	0	0	0	264	0	0	0	0	0	0	0	0	0	0	0	0	0	0	0	0	0	0	0	0	0	0	0	0	0	0	
211392	Parietal_Inf_L	1938	0	618	168	0	0	246	0	0	0	0	0	0	0	0	0	368	0	152	122	0	0	0	0	0	0	0	0	0	0	0	0	0	0	124	0	0	0	0	0	0	0	114	0	264	0	0	0	3060	0	12018	0	0	0	0	0	20600	0	16448	0	0	0	19288	0	13432	0	4468	0	1308	0	110	0	0	0	0	0	0	0	0	0	1738	0	0	0	7194	0	0	0	1918	0	0	0	0	0	0	0	0	0	0	0	0	0	0	0	0	0	0	0	0	0	0	0	0	0	0	0	
173088	Parietal_Inf_R	106	1504	0	280	0	0	0	0	0	0	0	0	0	0	0	0	0	384	0	416	0	0	0	0	0	0	0	0	0	0	0	0	0	340	0	0	0	312	0	0	0	0	0	138	0	1182	0	0	0	650	0	4158	0	0	0	254	0	11890	0	8332	0	0	0	17002	0	17106	430	8196	0	8190	0	1276	0	0	0	0	0	1350	0	0	0	1220	0	0	0	1348	0	0	0	480	0	0	0	0	0	0	0	0	0	0	0	0	0	0	0	0	0	0	0	0	0	0	0	0	0	0	
156928	SupraMarginal_L	1676	0	1366	0	0	0	804	0	0	0	0	0	0	0	0	0	2764	0	0	0	0	0	0	0	0	0	0	0	198	0	0	0	0	0	0	0	0	0	0	0	0	0	0	0	0	0	0	0	162	0	3586	0	444	0	236	0	8046	0	3166	0	19288	0	0	0	11654	0	2228	0	2378	0	0	0	0	0	0	0	0	0	0	0	8514	0	0	0	9602	0	0	0	2212	0	140	0	0	0	0	0	0	0	0	0	0	0	0	0	0	0	0	0	0	0	0	0	0	0	0	0	
161060	SupraMarginal_R	142	1664	0	130	0	0	0	0	0	0	0	0	0	0	0	0	0	2504	0	1152	0	0	0	0	0	0	0	0	0	0	0	0	0	1280	0	0	0	384	0	0	0	0	0	150	0	0	0	0	0	0	0	0	0	0	0	288	0	13758	0	3492	0	17002	0	0	0	8698	116	4378	0	8696	116	1514	0	0	0	0	0	1552	0	0	0	7704	0	0	0	5162	0	0	0	648	0	0	0	0	0	0	0	0	0	0	0	0	0	0	0	0	0	0	0	0	0	0	0	0	0	0	
164284	Angular_L	134	0	202	0	0	0	110	0	0	0	0	0	0	0	0	0	142	0	0	0	0	0	0	0	0	0	0	0	0	0	0	0	0	0	260	0	0	0	0	0	0	0	234	0	154	0	0	0	2284	0	21304	0	130	0	0	0	1286	0	10768	0	13432	0	11654	0	0	0	3574	0	574	0	0	0	0	0	0	0	0	0	0	0	2626	0	0	0	10996	0	0	0	2278	0	0	0	0	0	0	0	0	0	0	0	0	0	0	0	0	0	0	0	0	0	0	0	0	0	0	0	
191736	Angular_R	0	936	0	102	0	0	0	0	0	0	0	0	0	0	0	0	0	0	0	250	0	0	0	0	0	0	0	0	0	0	0	0	112	1198	0	116	0	0	0	0	0	0	0	1034	0	2634	0	0	0	6638	0	17790	0	0	0	0	0	5438	0	7428	0	17106	0	8698	0	0	774	11670	192	6286	0	0	0	0	0	0	0	0	0	0	0	2242	0	0	0	5100	0	0	0	124	0	0	0	0	0	0	0	0	0	0	0	0	0	0	0	0	0	0	0	0	0	0	0	0	0	0	
289684	Precuneus_L	438	0	0	0	0	0	0	0	0	0	122	0	0	0	0	0	152	0	0	0	0	0	0	0	0	0	0	0	0	0	0	0	2486	0	5748	1724	2346	598	1228	430	0	0	10190	158	13140	1866	2292	0	18438	332	20848	218	2964	0	660	0	2736	0	24644	496	4468	430	2228	116	3574	774	0	4164	2068	668	0	0	0	0	0	0	0	0	0	0	402	0	0	0	6656	0	0	0	4926	0	114	0	0	0	0	0	0	0	0	0	0	0	0	0	0	0	0	0	0	0	0	0	0	0	0	0	
471164	Precuneus_R	0	3352	0	388	0	0	0	0	0	0	0	0	0	0	0	0	0	1048	0	1688	0	0	0	0	0	0	0	0	0	0	0	0	582	7650	1646	7488	1060	3678	528	2860	0	0	380	18656	632	28876	194	4526	0	18626	0	12154	0	124	0	1596	0	13476	0	14556	0	8196	0	4378	0	11670	4164	0	968	33166	220	1960	200	0	0	0	0	1986	0	170	0	2842	0	0	0	13146	0	0	0	4726	0	0	0	0	0	0	0	406	0	0	0	0	0	0	0	0	0	0	0	0	1620	0	0	0	0	0	
322088	Paracentral_Lobule_L	36440	2786	6890	1914	0	0	558	0	0	0	186	0	0	0	0	0	568	0	18090	15132	0	0	0	104	0	0	0	0	802	0	0	104	3184	11456	3812	628	2426	146	136	0	0	0	2000	0	266	660	0	0	1586	244	6566	104	2824	0	986	0	7860	544	2810	0	1308	0	2378	0	574	192	2068	968	0	7828	278	1082	1404	0	0	0	3222	1622	474	0	538	0	0	0	2466	0	0	0	2508	0	322	0	0	0	0	0	0	0	0	0	0	0	0	0	0	0	0	0	0	0	0	0	0	0	0	0	
487284	Paracentral_Lobule_R	8754	16324	890	818	0	0	116	0	0	0	0	0	0	164	0	0	0	1678	2096	28906	0	0	0	226	0	0	0	0	470	152	0	314	202	27490	3370	4588	478	2566	0	0	0	0	0	2880	0	3928	0	0	0	2440	0	1808	0	0	0	1764	374	29932	0	2406	0	8190	0	8696	0	6286	668	33166	7828	0	2656	4334	580	0	324	0	472	3748	474	264	0	2754	0	0	0	11172	0	0	0	6772	0	0	0	0	0	0	0	0	0	0	0	0	0	0	0	0	0	0	0	0	124	0	0	0	0	0	
351816	Caudate_L	6922	11258	7790	10176	1358	2592	3034	4554	302	0	3472	1616	0	978	1082	0	1202	960	8404	6892	6358	7584	104	7622	216	1502	2480	1870	3906	1642	3060	9406	0	488	102	0	750	156	0	0	0	0	0	0	0	0	0	0	0	0	0	0	0	0	102	0	3038	848	0	0	110	0	0	116	0	0	0	220	278	2656	0	21076	10378	3158	4438	196	7170	646	806	0	234	0	0	0	218	0	0	0	382	0	0	0	0	0	0	0	0	0	0	0	0	0	0	0	0	0	0	0	0	0	0	0	0	0	0	0	
603160	Caudate_R	3504	14986	4796	43594	266	8194	698	1344	0	0	4198	3720	144	2718	162	354	1098	1662	6202	31448	3314	5226	114	19770	0	9586	614	824	2738	7034	2840	29822	0	3042	0	0	482	400	0	0	0	0	0	0	0	0	0	0	0	0	0	0	0	0	124	0	1002	660	0	592	0	1276	0	1514	0	0	0	1960	1082	4334	21076	0	3424	17752	108	3274	946	25754	670	0	308	0	144	0	240	0	0	0	446	0	0	0	0	0	0	0	0	0	0	0	0	0	0	0	0	0	0	0	0	0	0	0	0	0	0	0	
313220	Putamen_L	4894	3042	32708	1128	2058	168	1872	1660	1046	0	736	118	894	0	3146	0	1220	0	29864	1406	810	1016	1764	158	226	0	234	242	16670	116	6502	444	0	0	0	0	5526	0	1322	0	242	0	0	0	0	0	0	0	0	0	0	0	0	0	1630	0	0	572	0	0	0	0	0	0	0	0	0	200	1404	580	10378	3424	0	320	10488	0	1418	156	208	0	1790	0	990	0	0	0	0	0	1820	0	0	0	0	0	0	0	0	0	0	0	0	0	0	0	0	0	0	0	0	0	0	0	0	0	0	0	
287424	Putamen_R	2304	4000	584	14602	0	7982	404	4328	0	0	150	3372	0	850	0	1164	0	1626	940	13492	824	2078	0	4110	0	6524	0	584	290	19816	542	8082	0	284	428	0	618	7236	0	2446	0	950	0	0	0	0	0	0	0	0	0	0	0	0	0	3496	1022	1144	0	0	0	0	0	0	0	0	0	0	0	0	3158	17752	320	0	0	1480	0	4204	162	0	0	0	0	260	0	0	0	0	0	104	0	0	0	0	0	0	0	0	0	0	0	0	0	0	0	0	0	0	0	0	0	0	0	0	0	0	
78908	Pallidum_L	108	2358	7666	452	0	0	596	1412	0	0	0	0	0	0	0	0	258	0	7400	636	0	0	0	0	0	0	0	0	178	0	0	0	0	0	0	0	194	0	0	0	0	0	0	0	0	0	0	0	0	0	0	0	0	0	0	0	0	370	0	0	0	0	0	0	0	0	0	0	0	324	4438	108	10488	0	0	0	2468	0	0	0	0	0	0	0	0	0	0	0	0	0	0	0	0	0	0	0	0	0	0	0	0	0	0	0	0	0	0	0	0	0	0	0	0	0	0	0	
28556	Pallidum_R	382	598	208	4288	0	0	0	546	0	0	0	0	0	0	0	0	0	0	348	2246	0	0	0	0	0	0	0	0	0	0	0	0	0	0	0	0	0	232	0	164	0	0	0	0	0	0	0	0	0	0	0	0	0	0	0	0	130	0	0	0	0	0	0	0	0	0	0	0	0	0	196	3274	0	1480	0	0	0	186	0	0	0	0	0	0	0	0	0	0	0	0	0	0	0	0	0	0	0	0	0	0	0	0	0	0	0	0	0	0	0	0	0	0	0	0	0	0	
117856	Thalamus_L	6144	1754	4462	2938	0	0	698	0	0	0	0	0	0	0	0	0	234	0	9552	3478	0	0	0	144	0	0	0	0	1616	0	0	132	0	0	194	170	5488	466	1062	240	0	0	0	0	0	0	0	0	0	0	0	0	0	0	156	102	334	0	0	0	0	0	0	0	0	0	0	0	3222	472	7170	946	1418	0	2468	0	0	2138	1628	0	0	0	0	0	0	0	0	0	102	0	0	0	0	0	0	0	0	0	0	0	0	0	0	0	0	0	0	0	0	0	0	0	0	0	0	0	
245124	Thalamus_R	6054	18004	770	12914	0	0	280	1276	0	0	0	164	0	0	0	0	0	152	972	5444	0	0	0	580	0	108	0	0	500	2000	0	786	0	312	1818	934	4108	9176	1344	4136	0	0	0	0	0	0	0	116	0	0	0	0	0	0	0	2966	1588	892	0	648	0	1350	0	1552	0	0	0	1986	1622	3748	646	25754	156	4204	0	186	2138	0	570	0	0	0	0	0	0	0	0	0	0	608	0	0	0	0	0	0	0	0	0	0	0	0	0	0	0	0	0	0	0	0	0	0	0	0	0	0	
125224	Heschl_L	3842	668	6190	838	0	0	2298	0	0	0	1078	0	0	0	0	0	5200	0	1252	934	0	0	0	504	0	0	0	0	11732	150	0	508	0	438	1120	834	7122	108	0	0	0	0	0	0	0	0	0	0	0	0	0	0	234	0	542	0	4308	0	0	0	0	0	0	0	0	0	0	0	474	474	806	670	208	162	0	0	1628	570	0	0	3824	0	0	0	1238	0	0	0	2522	0	136	0	0	0	0	0	0	0	0	0	0	0	0	0	0	0	0	0	0	0	0	0	0	0	0	0	
8800	Heschl_R	0	158	0	0	0	0	0	0	0	0	0	0	0	0	0	0	0	520	0	0	0	0	0	0	0	0	0	0	0	404	0	0	0	0	0	0	0	304	0	0	0	0	0	0	0	0	0	0	0	0	0	0	0	0	0	234	0	178	0	0	0	0	0	0	0	0	0	170	0	264	0	0	0	0	0	0	0	0	0	0	0	1690	0	0	0	294	0	0	0	184	0	0	0	0	0	0	0	0	0	0	0	0	0	0	0	0	0	0	0	0	0	0	0	0	0	0	
194624	Temporal_Sup_L	1344	0	3004	292	0	0	344	0	0	0	1286	0	0	0	0	0	7862	0	1394	0	0	0	0	274	0	0	0	0	6688	0	0	276	0	0	0	0	1450	0	0	0	0	0	0	0	0	0	0	0	124	0	650	0	322	0	626	0	5128	0	556	0	1738	0	8514	0	2626	0	402	0	538	0	234	308	1790	0	0	0	0	0	3824	0	0	0	2798	0	26720	0	0	0	15934	0	266	0	0	0	0	0	0	0	0	0	0	0	0	0	0	0	0	0	0	0	0	0	0	0	0	0	
116124	Temporal_Sup_R	0	920	0	346	0	0	0	0	0	0	0	0	0	0	0	0	0	3058	0	502	0	0	0	0	0	0	0	0	0	2984	0	0	0	386	0	0	0	574	0	0	0	0	0	0	0	0	0	0	0	0	0	118	0	0	0	1672	0	1328	0	280	0	1220	0	7704	0	2242	0	2842	0	2754	0	0	0	0	0	0	0	0	0	1690	0	0	0	2418	0	18006	0	0	0	7018	0	0	0	0	0	0	0	0	0	0	0	0	0	0	0	0	0	0	0	0	0	0	0	0	0	0	
49520	Temporal_Pole_Sup_L	0	0	390	0	0	0	0	0	0	0	1980	0	858	0	0	0	1884	0	390	0	244	0	0	0	0	0	0	0	3318	0	0	0	0	0	0	0	620	0	208	0	340	0	0	0	0	0	0	0	0	0	0	0	0	0	818	0	0	0	0	0	0	0	0	0	0	0	0	0	0	0	0	144	990	0	0	0	0	0	0	0	2798	0	0	0	3748	0	2598	0	3432	0	0	0	0	0	0	0	0	0	0	0	0	0	0	0	0	0	0	0	0	0	0	0	0	0	0	0	
32464	Temporal_Pole_Sup_R	0	0	0	272	0	0	0	0	0	0	0	302	0	0	0	0	0	472	0	272	0	0	0	0	0	0	0	0	0	1256	0	0	0	0	0	0	0	240	0	760	0	1324	0	0	0	0	0	0	0	0	0	0	0	0	0	2774	0	0	0	0	0	0	0	0	0	0	0	0	0	0	0	0	0	260	0	0	0	0	0	0	0	2418	0	0	0	2772	0	1336	0	1774	0	0	0	0	0	0	0	0	0	0	0	0	0	0	0	0	0	0	0	0	0	0	0	0	0	0	
333388	Temporal_Mid_L	1464	0	0	244	0	0	0	0	0	0	308	0	0	0	0	0	1220	0	0	0	0	0	0	250	0	0	0	0	382	0	0	250	0	0	564	0	974	0	0	0	0	0	5260	0	590	0	0	0	2872	0	22444	0	1626	0	998	0	3032	0	10680	0	7194	0	9602	0	10996	0	6656	0	2466	0	218	240	0	0	0	0	0	0	1238	0	26720	0	3748	0	0	0	3548	0	40682	0	228	0	0	0	0	0	0	0	0	0	0	0	0	0	0	0	0	0	0	0	0	0	0	0	0	0	
239808	Temporal_Mid_R	0	936	0	150	0	0	0	0	0	0	0	0	0	0	0	0	0	900	0	2644	0	0	0	0	0	0	0	0	0	1922	0	0	0	2172	0	386	0	458	0	0	0	0	0	6120	0	968	0	0	0	1058	0	10084	0	866	0	2696	0	4786	0	272	0	1348	0	5162	0	5100	0	13146	0	11172	0	0	0	0	0	0	0	0	0	294	0	18006	0	2772	0	0	0	732	0	25754	0	0	0	0	0	0	0	0	0	0	0	0	0	0	0	0	0	0	0	0	0	0	0	0	0	0	
22148	Temporal_Pole_Mid_L	0	0	0	0	0	0	0	0	0	0	0	0	0	0	0	0	0	0	0	0	0	0	0	0	0	0	0	0	0	0	0	0	0	0	0	0	0	0	0	0	0	0	0	0	0	0	0	0	0	0	0	0	0	0	1192	0	0	0	0	0	0	0	0	0	0	0	0	0	0	0	0	0	0	0	0	0	0	0	0	0	0	0	2598	0	3548	0	0	0	3736	0	0	0	0	0	0	0	0	0	0	0	0	0	0	0	0	0	0	0	0	0	0	0	0	0	0	0	
5556	Temporal_Pole_Mid_R	0	0	0	0	0	0	0	0	0	0	0	0	0	0	0	0	0	0	0	0	0	0	0	0	0	0	0	0	0	0	0	0	0	0	0	0	0	0	0	106	0	0	0	0	0	0	0	0	0	0	0	0	0	0	0	182	0	0	0	0	0	0	0	0	0	0	0	0	0	0	0	0	0	0	0	0	0	0	0	0	0	0	0	1336	0	732	0	0	0	422	0	0	0	0	0	0	0	0	0	0	0	0	0	0	0	0	0	0	0	0	0	0	0	0	0	0	
330184	Temporal_Inf_L	2564	0	618	430	0	0	0	0	0	0	552	0	0	0	0	0	2540	0	578	0	0	0	0	446	0	0	0	0	2834	0	0	446	0	0	850	0	6438	0	372	0	812	0	3436	0	1632	0	0	0	2936	0	16410	0	13682	0	11614	0	2690	0	7100	0	1918	0	2212	0	2278	0	4926	0	2508	0	382	446	1820	0	0	0	102	0	2522	0	15934	0	3432	0	40682	0	3736	0	0	0	2768	0	334	0	0	0	0	0	112	0	0	0	0	0	0	0	0	0	0	0	0	0	0	0	0	0	
202392	Temporal_Inf_R	0	3460	0	1310	0	0	0	0	0	0	0	0	0	0	0	0	0	246	0	3072	0	0	0	0	0	0	0	0	0	4046	0	0	0	2420	266	1088	134	7318	120	1214	0	262	0	1698	0	0	0	596	0	0	0	590	0	1690	0	16496	0	4142	0	264	0	480	0	648	0	124	0	4726	0	6772	0	0	0	104	0	0	0	608	0	184	0	7018	0	1774	0	25754	0	422	0	0	0	1456	0	398	0	0	0	0	0	192	0	0	0	0	0	0	0	0	0	0	104	0	0	0	0	0	
510804	Cerebelum_Crus1_L	380	0	0	0	0	0	0	0	0	0	0	0	0	0	0	0	332	0	0	0	0	0	0	0	0	0	0	0	126	0	0	0	0	0	492	0	0	0	0	0	0	0	192	0	0	0	5342	4376	0	0	110	0	1842	0	29480	1484	0	0	0	0	0	0	140	0	0	0	114	0	322	0	0	0	0	0	0	0	0	0	136	0	266	0	0	0	228	0	0	0	2768	0	0	8374	46402	8914	754	1644	14998	3348	53228	6492	11080	1546	9400	4692	2842	562	392	0	128	1508	6442	10694	11112	1780	618	322	
507908	Cerebelum_Crus1_R	0	0	0	0	0	0	0	0	0	0	0	0	0	0	0	0	0	0	0	0	0	0	0	0	0	0	0	0	0	0	0	0	0	0	0	0	0	0	0	0	0	0	0	0	0	0	442	7790	0	0	0	0	0	150	458	18260	0	0	0	0	0	0	0	0	0	0	0	0	0	0	0	0	0	0	0	0	0	0	0	0	0	0	0	0	0	0	0	0	0	1456	8374	0	4924	45270	340	4284	3188	21774	7100	62690	3060	7374	1658	12444	308	1470	0	176	0	1774	13990	13712	9220	1370	650	248	
334636	Cerebelum_Crus2_L	0	0	0	0	0	0	0	0	0	0	0	0	0	0	0	0	0	0	0	0	0	0	0	0	0	0	0	0	0	0	0	0	0	0	0	0	0	0	0	0	0	0	0	0	0	0	214	212	0	0	0	0	0	0	7498	0	0	0	0	0	0	0	0	0	0	0	0	0	0	0	0	0	0	0	0	0	0	0	0	0	0	0	0	0	0	0	0	0	334	0	46402	4924	0	11786	284	560	1972	610	14490	260	29016	4508	21616	3574	3942	116	188	0	0	448	434	556	10498	2732	144	0	
377976	Cerebelum_Crus2_R	0	0	0	0	0	0	0	0	0	0	0	0	0	0	0	0	0	0	0	0	0	0	0	0	0	0	0	0	0	0	0	0	0	0	0	0	0	0	0	0	0	0	0	0	0	0	232	892	0	0	0	0	0	0	118	1056	0	0	0	0	0	0	0	0	0	0	0	0	0	0	0	0	0	0	0	0	0	0	0	0	0	0	0	0	0	0	0	0	0	398	8914	45270	11786	0	214	1624	1672	3906	3750	18140	7544	24334	4610	25570	434	1908	0	0	0	778	2962	5026	14490	3064	296	0	
36720	Cerebelum_3_L	0	0	0	0	0	0	0	0	0	0	0	0	0	0	0	0	0	0	0	0	0	0	0	0	0	0	0	0	0	0	0	0	0	0	0	0	0	0	252	0	0	0	0	0	0	0	140	210	0	0	0	0	0	0	0	0	0	0	0	0	0	0	0	0	0	0	0	0	0	0	0	0	0	0	0	0	0	0	0	0	0	0	0	0	0	0	0	0	0	0	754	340	284	214	0	116	4944	106	3176	522	0	0	0	162	842	360	0	0	800	718	936	1614	486	162	488	734	
79464	Cerebelum_3_R	0	0	0	0	0	0	0	0	0	0	0	0	0	0	0	0	0	0	0	0	0	0	0	0	0	0	0	0	0	0	0	0	0	0	0	0	0	0	120	0	0	0	0	0	0	0	0	450	0	0	0	0	0	0	0	276	0	0	0	0	0	0	0	0	0	0	0	0	0	0	0	0	0	0	0	0	0	0	0	0	0	0	0	0	0	0	0	0	0	0	1644	4284	560	1624	116	0	1798	6618	1898	6732	130	0	244	1416	0	496	0	0	668	3808	3206	1094	1388	534	628	0	
249780	Cerebelum_4_5_L	0	0	0	0	0	0	0	0	0	0	0	0	0	0	0	0	0	0	0	0	0	0	0	0	0	0	0	0	0	0	0	0	0	0	0	0	178	0	286	0	0	0	0	0	0	0	8002	2086	0	0	0	0	0	0	13156	112	0	0	0	0	0	0	0	0	0	0	0	0	0	0	0	0	0	0	0	0	0	0	0	0	0	0	0	0	0	0	0	0	0	0	14998	3188	1972	1672	4944	1798	0	2316	34770	4138	674	0	368	962	2552	986	332	0	500	2346	10608	6028	1910	702	1406	1900	
247440	Cerebelum_4_5_R	0	0	0	0	0	0	0	0	0	0	0	0	0	0	0	0	0	0	0	0	0	0	0	0	0	0	0	0	0	0	0	0	0	0	0	0	0	0	0	262	0	0	0	0	0	0	590	7078	0	0	0	0	0	246	602	11388	0	0	0	0	0	0	0	0	0	0	0	406	0	0	0	0	0	0	0	0	0	0	0	0	0	0	0	0	0	0	0	0	0	0	3348	21774	610	3906	106	6618	2316	0	4168	32740	130	0	166	1494	0	364	0	0	0	2184	18146	3410	1144	250	274	0	
511596	Cerebelum_6_L	0	0	0	0	0	0	0	0	0	0	0	0	0	0	0	0	0	0	0	0	0	0	0	0	0	0	0	0	0	0	0	0	0	0	0	0	0	0	0	0	0	0	0	0	0	0	13036	7892	0	0	0	0	308	132	32968	2258	0	0	0	0	0	0	0	0	0	0	0	0	0	0	0	0	0	0	0	0	0	0	0	0	0	0	0	0	0	0	0	0	112	0	53228	7100	14490	3750	3176	1898	34770	4168	0	10678	1334	116	2986	2984	2732	3040	132	0	706	2202	12282	20816	6852	3092	3780	2780	
466716	Cerebelum_6_R	0	0	0	0	0	0	0	0	0	0	0	0	0	0	0	0	0	0	0	0	0	0	0	0	0	0	0	0	0	0	0	0	0	0	0	0	0	0	0	0	0	0	0	0	0	0	926	12394	0	0	0	0	0	298	1412	22904	0	0	0	0	0	0	0	0	0	0	0	0	0	0	0	0	0	0	0	0	0	0	0	0	0	0	0	0	0	0	0	0	0	192	6492	62690	260	18140	522	6732	4138	32740	10678	0	0	910	388	3208	278	1038	0	152	192	2126	20082	18452	3442	1168	1144	260	
199184	Cerebelum_7b_L	0	0	0	0	0	0	0	0	0	0	0	0	0	0	0	0	0	0	0	0	0	0	0	0	0	0	0	0	0	0	0	0	0	0	0	0	0	0	0	0	0	0	0	0	0	0	0	0	0	0	0	0	0	0	186	0	0	0	0	0	0	0	0	0	0	0	0	0	0	0	0	0	0	0	0	0	0	0	0	0	0	0	0	0	0	0	0	0	0	0	11080	3060	29016	7544	0	130	674	130	1334	0	0	3256	24090	2420	4986	114	512	0	0	116	286	0	7498	3014	146	0	
150648	Cerebelum_7b_R	0	0	0	0	0	0	0	0	0	0	0	0	0	0	0	0	0	0	0	0	0	0	0	0	0	0	0	0	0	0	0	0	0	0	0	0	0	0	0	0	0	0	0	0	0	0	0	0	0	0	0	0	0	0	0	0	0	0	0	0	0	0	0	0	0	0	0	0	0	0	0	0	0	0	0	0	0	0	0	0	0	0	0	0	0	0	0	0	0	0	1546	7374	4508	24334	0	0	0	0	116	910	3256	0	1596	22920	0	2872	0	0	0	0	0	0	4336	1556	0	0	
227972	Cerebelum_8_L	0	0	0	0	0	0	0	0	0	0	0	0	0	0	0	0	0	0	0	0	0	0	0	0	0	0	0	0	0	0	0	0	0	0	0	0	0	0	0	0	0	0	0	0	0	0	0	0	0	0	0	0	0	0	0	0	0	0	0	0	0	0	0	0	0	0	0	0	0	0	0	0	0	0	0	0	0	0	0	0	0	0	0	0	0	0	0	0	0	0	9400	1658	21616	4610	0	244	368	166	2986	388	24090	1596	0	5750	18194	1776	1702	0	152	142	0	648	8842	6902	2374	382	
256500	Cerebelum_8_R	0	0	0	0	0	0	0	0	0	0	0	0	0	0	0	0	0	0	0	0	0	0	0	0	0	0	0	0	0	0	0	0	0	0	0	0	0	0	0	0	0	0	0	0	0	0	0	0	0	0	0	0	0	0	0	0	0	0	0	0	0	0	0	0	0	0	0	0	0	0	0	0	0	0	0	0	0	0	0	0	0	0	0	0	0	0	0	0	0	0	4692	12444	3574	25570	162	1416	962	1494	2984	3208	2420	22920	5750	0	1840	16566	0	960	124	952	644	1584	9764	5442	2388	390	
104552	Cerebelum_9_L	0	0	0	0	0	0	0	0	0	0	0	0	0	0	0	0	0	0	0	0	0	0	0	0	0	0	0	0	0	0	0	0	0	0	0	0	0	0	0	0	0	0	0	0	0	0	0	114	0	0	0	0	0	0	0	0	0	0	0	0	0	0	0	0	0	0	0	0	0	0	0	0	0	0	0	0	0	0	0	0	0	0	0	0	0	0	0	0	0	0	2842	308	3942	434	842	0	2552	0	2732	278	4986	0	18194	1840	0	1426	2368	0	178	120	270	1278	2720	2308	1770	774	
112504	Cerebelum_9_R	0	0	0	0	0	0	0	0	0	0	0	0	0	0	0	0	0	0	0	0	0	0	0	0	0	0	0	0	0	0	0	0	0	0	0	0	0	0	0	0	0	0	0	0	0	0	0	146	0	0	0	0	0	0	0	0	0	0	0	0	0	0	0	0	0	0	0	0	0	0	0	0	0	0	0	0	0	0	0	0	0	0	0	0	0	0	0	0	0	0	562	1470	116	1908	360	496	986	364	3040	1038	114	2872	1776	16566	1426	0	0	1178	916	570	312	3038	3532	4354	6438	2674	
11252	Cerebelum_10_L	0	0	0	0	0	0	0	0	0	0	0	0	0	0	0	0	0	0	0	0	0	0	0	0	0	0	0	0	0	0	0	0	0	0	0	0	0	0	0	0	0	0	0	0	0	0	0	0	0	0	0	0	0	0	0	0	0	0	0	0	0	0	0	0	0	0	0	0	0	0	0	0	0	0	0	0	0	0	0	0	0	0	0	0	0	0	0	0	0	0	392	0	188	0	0	0	332	0	132	0	512	0	1702	0	2368	0	0	0	0	0	0	0	0	0	0	0	
4932	Cerebelum_10_R	0	0	0	0	0	0	0	0	0	0	0	0	0	0	0	0	0	0	0	0	0	0	0	0	0	0	0	0	0	0	0	0	0	0	0	0	0	0	0	0	0	0	0	0	0	0	0	0	0	0	0	0	0	0	0	0	0	0	0	0	0	0	0	0	0	0	0	0	0	0	0	0	0	0	0	0	0	0	0	0	0	0	0	0	0	0	0	0	0	0	0	176	0	0	0	0	0	0	0	152	0	0	0	960	0	1178	0	0	0	0	0	0	0	0	0	0	
21000	Vermis_1_2	0	0	0	0	0	0	0	0	0	0	0	0	0	0	0	0	0	0	0	0	0	0	0	0	0	0	0	0	0	0	0	0	0	0	0	0	0	0	0	0	0	0	0	0	0	0	0	0	0	0	0	0	0	0	0	0	0	0	0	0	0	0	0	0	0	0	0	0	0	0	0	0	0	0	0	0	0	0	0	0	0	0	0	0	0	0	0	0	0	0	128	0	0	0	800	668	500	0	706	192	0	0	152	124	178	916	0	0	0	2762	504	644	462	638	914	212	
58900	Vermis_3	0	0	0	0	0	0	0	0	0	0	0	0	0	0	0	0	0	0	0	0	0	0	0	0	0	0	0	0	0	0	0	0	0	0	0	0	0	0	136	0	0	0	0	0	0	0	0	296	0	0	0	0	0	0	0	0	0	0	0	0	0	0	0	0	0	0	0	0	0	0	0	0	0	0	0	0	0	0	0	0	0	0	0	0	0	0	0	0	0	0	1508	1774	448	778	718	3808	2346	2184	2202	2126	116	0	142	952	120	570	0	0	2762	0	3138	1200	916	384	680	146	
264344	Vermis_4_5	0	0	0	0	0	0	0	0	0	0	0	0	0	0	0	0	0	0	0	0	0	0	0	0	0	0	0	0	0	0	0	0	0	0	0	262	0	266	0	472	0	0	0	0	0	184	3036	10452	0	0	0	0	0	258	2466	5912	0	0	0	0	0	0	0	0	0	0	0	1620	0	124	0	0	0	0	0	0	0	0	0	0	0	0	0	0	0	0	0	0	0	104	6442	13990	434	2962	936	3206	10608	18146	12282	20082	286	0	0	644	270	312	0	0	504	3138	0	9828	564	116	484	1782	
277504	Vermis_6	0	0	0	0	0	0	0	0	0	0	0	0	0	0	0	0	0	0	0	0	0	0	0	0	0	0	0	0	0	0	0	0	0	0	0	0	0	0	0	0	0	0	0	0	0	0	2928	12996	0	0	0	0	0	226	2906	3492	0	0	0	0	0	0	0	0	0	0	0	0	0	0	0	0	0	0	0	0	0	0	0	0	0	0	0	0	0	0	0	0	0	0	10694	13712	556	5026	1614	1094	6028	3410	20816	18452	0	0	648	1584	1278	3038	0	0	644	1200	9828	0	5756	2262	3988	4576	
239280	Vermis_7	0	0	0	0	0	0	0	0	0	0	0	0	0	0	0	0	0	0	0	0	0	0	0	0	0	0	0	0	0	0	0	0	0	0	0	0	0	0	0	0	0	0	0	0	0	0	0	0	0	0	0	0	0	0	0	0	0	0	0	0	0	0	0	0	0	0	0	0	0	0	0	0	0	0	0	0	0	0	0	0	0	0	0	0	0	0	0	0	0	0	11112	9220	10498	14490	486	1388	1910	1144	6852	3442	7498	4336	8842	9764	2720	3532	0	0	462	916	564	5756	0	8426	4404	1878	
