data	data	608532	279256	993904	756100	134572	95960	477124	228560	71512	29116	281916	184088	336408	150772	135540	125768	308040	121712	718084	646864	44676	43628	305572	350136	15692	86776	41336	47964	721844	216176	292220	419104	107560	563740	150812	139156	176040	320072	111532	235204	17848	50756	237956	226584	165576	291588	263472	250208	141224	308724	524532	230100	196812	81372	328476	452352	356664	190420	175440	135412	234616	198912	130204	176896	161056	165868	261116	452312	260868	154040	213612	339896	359192	308988	59124	8548	99500	231592	80912	20940	222684	101232	65800	62420	327572	300120	25172	33844	257928	232960	493316	494496	256824	298996	55664	91824	327316	251600	453664	516196	204740	162536	228196	268852	165384	111568	13380	2848	19484	83356	260496	221108	240288	118360	78816	41952	
data	data	Precentral_L	Precentral_R	Frontal_Sup_L	Frontal_Sup_R	Frontal_Sup_Orb_L	Frontal_Sup_Orb_R	Frontal_Mid_L	Frontal_Mid_R	Frontal_Mid_Orb_L	Frontal_Mid_Orb_R	Frontal_Inf_Oper_L	Frontal_Inf_Oper_R	Frontal_Inf_Tri_L	Frontal_Inf_Tri_R	Frontal_Inf_Orb_L	Frontal_Inf_Orb_R	Rolandic_Oper_L	Rolandic_Oper_R	Supp_Motor_Area_L	Supp_Motor_Area_R	Olfactory_L	Olfactory_R	Frontal_Sup_Medial_L	Frontal_Sup_Medial_R	Frontal_Med_Orb_L	Frontal_Med_Orb_R	Rectus_L	Rectus_R	Insula_L	Insula_R	Cingulum_Ant_L	Cingulum_Ant_R	Cingulum_Mid_L	Cingulum_Mid_R	Cingulum_Post_L	Cingulum_Post_R	Hippocampus_L	Hippocampus_R	ParaHippocampal_L	ParaHippocampal_R	Amygdala_L	Amygdala_R	Calcarine_L	Calcarine_R	Cuneus_L	Cuneus_R	Lingual_L	Lingual_R	Occipital_Sup_L	Occipital_Sup_R	Occipital_Mid_L	Occipital_Mid_R	Occipital_Inf_L	Occipital_Inf_R	Fusiform_L	Fusiform_R	Postcentral_L	Postcentral_R	Parietal_Sup_L	Parietal_Sup_R	Parietal_Inf_L	Parietal_Inf_R	SupraMarginal_L	SupraMarginal_R	Angular_L	Angular_R	Precuneus_L	Precuneus_R	Paracentral_Lobule_L	Paracentral_Lobule_R	Caudate_L	Caudate_R	Putamen_L	Putamen_R	Pallidum_L	Pallidum_R	Thalamus_L	Thalamus_R	Heschl_L	Heschl_R	Temporal_Sup_L	Temporal_Sup_R	Temporal_Pole_Sup_L	Temporal_Pole_Sup_R	Temporal_Mid_L	Temporal_Mid_R	Temporal_Pole_Mid_L	Temporal_Pole_Mid_R	Temporal_Inf_L	Temporal_Inf_R	Cerebelum_Crus1_L	Cerebelum_Crus1_R	Cerebelum_Crus2_L	Cerebelum_Crus2_R	Cerebelum_3_L	Cerebelum_3_R	Cerebelum_4_5_L	Cerebelum_4_5_R	Cerebelum_6_L	Cerebelum_6_R	Cerebelum_7b_L	Cerebelum_7b_R	Cerebelum_8_L	Cerebelum_8_R	Cerebelum_9_L	Cerebelum_9_R	Cerebelum_10_L	Cerebelum_10_R	Vermis_1_2	Vermis_3	Vermis_4_5	Vermis_6	Vermis_7	Vermis_8	Vermis_9	Vermis_10	
608532	Precentral_L	0	6774	19888	2348	0	0	24832	1066	0	0	14656	0	1138	0	0	0	21894	0	11422	13102	0	0	492	102	0	0	0	0	21832	0	1336	318	764	4170	2394	120	1956	596	98	128	0	0	512	0	144	0	0	0	194	0	10568	0	3646	0	370	0	40632	1898	3450	124	4382	288	2206	288	1914	0	1360	0	38662	2202	842	1638	5928	100	792	0	3990	4474	5976	0	4484	150	0	0	6314	122	0	0	4718	358	114	0	0	0	0	0	0	0	0	0	0	0	0	0	0	0	0	0	0	0	0	0	0	0	0	0	
279256	Precentral_R	6774	0	1956	22262	0	0	1084	11730	0	0	0	6124	0	556	0	0	138	4270	2310	5664	0	0	0	182	0	0	0	0	1048	4892	0	278	0	840	148	162	230	5948	0	696	0	0	0	0	0	0	0	0	0	506	0	0	0	0	0	618	4630	12660	0	624	0	1908	0	1958	0	0	0	1090	1102	4716	300	4622	1190	5312	374	0	1104	16756	0	0	124	312	0	0	0	1090	0	0	0	1340	0	0	0	0	0	0	0	0	0	0	0	0	0	0	0	0	0	0	0	0	0	0	0	0	0	0	
993904	Frontal_Sup_L	19888	1956	0	3840	13720	0	63298	634	5490	0	22478	0	32946	0	12216	0	13480	0	92826	14426	0	0	39470	1938	866	0	436	0	53352	0	17854	5178	2634	10074	0	0	3108	416	684	118	0	0	0	0	0	0	0	0	0	0	0	0	0	0	488	0	6104	206	0	102	0	340	236	346	0	0	0	0	1588	0	4778	576	29774	368	7688	0	4848	1162	1690	0	2524	0	808	0	0	0	0	0	0	0	0	0	0	0	0	0	0	0	0	0	0	0	0	0	0	0	0	0	0	0	0	0	0	0	0	0	
756100	Frontal_Sup_R	2348	22262	3840	0	0	5580	1180	28316	0	1776	346	16110	326	16396	0	8670	316	8284	6860	49974	0	0	5832	36878	0	3356	0	892	2278	12852	5142	28772	194	10862	0	0	216	3200	0	1258	0	0	0	0	0	0	0	0	0	0	0	0	0	0	0	964	958	884	0	196	0	410	0	484	0	0	0	0	584	0	9884	31618	5084	18012	170	780	822	22588	0	0	128	168	0	0	0	0	0	0	0	0	0	0	0	0	0	0	0	0	0	0	0	0	0	0	0	0	0	0	0	0	0	0	0	0	0	0	
134572	Frontal_Sup_Orb_L	0	0	13720	0	0	0	1582	0	8718	0	96	0	5610	0	7952	0	0	0	3044	322	162	0	4050	0	1962	0	2840	0	9742	0	1984	0	0	336	0	0	0	0	0	0	0	0	0	0	0	0	0	0	0	0	0	0	0	0	0	0	0	0	0	0	0	0	0	0	0	0	0	0	0	0	640	0	4342	0	0	0	0	0	0	0	0	0	184	0	0	0	0	0	0	0	0	0	0	0	0	0	0	0	0	0	0	0	0	0	0	0	0	0	0	0	0	0	0	0	0	0	
95960	Frontal_Sup_Orb_R	0	0	0	5580	0	0	0	732	0	2304	0	298	0	0	0	898	0	288	0	352	0	0	418	6110	0	8680	0	5262	0	0	254	4768	0	0	0	0	0	0	0	0	0	0	0	0	0	0	0	0	0	0	0	0	0	0	0	0	0	0	0	0	0	0	0	0	0	0	0	0	0	0	0	7712	0	4324	0	0	0	0	0	0	0	0	0	0	0	0	0	0	0	0	0	0	0	0	0	0	0	0	0	0	0	0	0	0	0	0	0	0	0	0	0	0	0	0	0	0	
477124	Frontal_Mid_L	24832	1084	63298	1180	1582	0	0	196	3034	0	15736	0	34352	0	8828	0	3316	0	13210	3528	0	0	12812	352	0	0	108	0	21714	0	4908	888	320	2866	0	0	1942	168	210	116	0	0	0	0	0	0	0	0	0	0	0	0	0	0	146	0	2466	0	0	0	0	0	0	0	0	0	0	0	216	0	1098	332	5102	0	388	0	4024	904	2598	0	708	0	0	0	0	0	0	0	0	0	0	0	0	0	0	0	0	0	0	0	0	0	0	0	0	0	0	0	0	0	0	0	0	0	0	0	
228560	Frontal_Mid_R	1066	11730	634	28316	0	732	196	0	0	1648	186	11340	120	15556	0	7582	104	2560	650	1114	0	0	0	4056	0	160	0	0	512	7226	536	3686	0	282	0	0	0	1768	0	732	0	0	0	0	0	0	0	0	0	0	0	0	0	0	0	654	912	692	0	0	0	116	0	116	0	0	0	0	0	0	954	2392	130	5334	0	0	0	488	0	0	0	0	0	0	0	0	0	0	0	0	0	0	0	0	0	0	0	0	0	0	0	0	0	0	0	0	0	0	0	0	0	0	0	0	0	0	
71512	Frontal_Mid_Orb_L	0	0	5490	0	8718	0	3034	0	0	0	0	0	4316	0	7352	0	0	0	556	0	0	0	114	0	384	0	1456	0	2976	0	158	0	0	0	0	0	0	0	0	0	0	0	0	0	0	0	0	0	0	0	0	0	0	0	0	0	0	0	0	0	0	0	0	0	0	0	0	0	0	0	0	0	1102	0	0	0	0	0	0	0	0	0	100	0	0	0	0	0	0	0	0	0	0	0	0	0	0	0	0	0	0	0	0	0	0	0	0	0	0	0	0	0	0	0	0	0	
29116	Frontal_Mid_Orb_R	0	0	0	1776	0	2304	0	1648	0	0	0	0	0	460	0	5262	0	0	0	306	0	0	0	0	0	0	0	0	0	516	0	0	0	0	0	0	0	0	0	0	0	0	0	0	0	0	0	0	0	0	0	0	0	0	0	0	0	0	0	0	0	0	0	0	0	0	0	0	0	0	0	858	0	1428	0	0	0	0	0	0	0	0	0	0	0	0	0	0	0	0	0	0	0	0	0	0	0	0	0	0	0	0	0	0	0	0	0	0	0	0	0	0	0	0	0	0	
281916	Frontal_Inf_Oper_L	14656	0	22478	346	96	0	15736	186	0	0	0	0	14444	0	180	0	15728	0	17728	750	0	0	452	0	0	0	0	0	23364	0	2260	312	0	780	0	0	0	0	0	0	0	0	0	0	0	0	0	0	0	0	0	0	0	0	0	0	4584	0	0	0	0	0	0	0	0	0	0	0	0	0	742	98	1488	0	0	0	0	0	1474	0	1454	0	1622	0	0	0	0	0	0	0	0	0	0	0	0	0	0	0	0	0	0	0	0	0	0	0	0	0	0	0	0	0	0	0	0	0	
184088	Frontal_Inf_Oper_R	0	6124	0	16110	0	298	0	11340	0	0	0	0	0	10726	0	546	0	10150	0	4120	0	0	0	1432	0	284	0	0	0	10408	0	1572	0	0	0	0	0	2404	0	1030	0	0	0	0	0	0	0	0	0	0	0	0	0	0	0	860	0	1478	0	0	0	0	0	0	0	0	0	0	0	0	228	2114	0	10168	0	0	0	652	0	0	0	0	0	0	0	0	0	0	0	0	0	0	0	0	0	0	0	0	0	0	0	0	0	0	0	0	0	0	0	0	0	0	0	0	0	0	
336408	Frontal_Inf_Tri_L	1138	0	32946	326	5610	0	34352	120	4316	0	14444	0	0	0	14952	0	382	0	11516	700	0	0	3658	0	0	0	264	0	32128	0	5422	1100	164	982	0	0	0	0	0	0	0	0	0	0	0	0	0	0	0	0	0	0	0	0	0	0	0	0	0	0	0	0	0	0	0	0	0	0	0	0	1002	0	2458	0	0	0	0	0	0	0	0	0	224	0	0	0	0	0	0	0	0	0	0	0	0	0	0	0	0	0	0	0	0	0	0	0	0	0	0	0	0	0	0	0	0	0	
150772	Frontal_Inf_Tri_R	0	556	0	16396	0	0	0	15556	0	460	0	10726	0	0	0	7322	0	100	256	3268	0	0	0	3394	0	0	0	0	0	11948	0	498	0	1816	0	0	0	270	0	114	0	0	0	0	0	0	0	0	0	0	0	0	0	0	0	98	0	0	0	0	0	0	0	0	0	0	0	0	0	0	374	502	0	1732	0	0	0	0	0	0	0	0	0	0	0	0	0	0	0	0	0	0	0	0	0	0	0	0	0	0	0	0	0	0	0	0	0	0	0	0	0	0	0	0	0	0	
135540	Frontal_Inf_Orb_L	0	0	12216	0	7952	0	8828	0	7352	0	180	0	14952	0	0	0	0	0	854	0	372	0	194	0	0	0	450	0	9336	0	180	0	0	0	0	0	142	0	0	0	0	0	0	0	0	0	0	0	0	0	0	0	0	0	0	0	0	0	0	0	0	0	0	0	0	0	0	0	0	0	0	0	3378	0	0	0	0	0	0	0	0	0	1384	0	0	0	0	0	0	0	0	0	0	0	0	0	0	0	0	0	0	0	0	0	0	0	0	0	0	0	0	0	0	0	0	0	
125768	Frontal_Inf_Orb_R	0	0	0	8670	0	898	0	7582	0	5262	0	546	0	7322	0	0	0	314	0	806	0	0	3360	6904	0	0	0	0	0	3706	0	3516	0	7376	0	0	0	0	0	0	0	0	0	0	0	0	0	0	0	0	0	0	0	0	0	0	0	0	0	0	0	0	0	0	0	0	0	0	0	0	0	1426	0	5002	0	0	0	0	0	0	0	0	0	194	0	0	0	0	0	0	0	0	0	0	0	0	0	0	0	0	0	0	0	0	0	0	0	0	0	0	0	0	0	0	0	0	
308040	Rolandic_Oper_L	21894	138	13480	316	0	0	3316	104	0	0	15728	0	382	0	0	0	0	0	9552	746	0	0	0	0	0	0	0	0	23028	0	966	130	0	666	302	0	0	0	0	0	0	0	376	0	0	0	136	0	0	0	3548	0	262	0	258	0	20658	0	2062	0	3414	0	3922	0	762	0	642	0	1346	0	578	0	492	0	0	0	258	0	5346	0	11752	0	1620	0	2726	0	0	0	3114	0	0	0	0	0	0	0	0	0	0	0	0	0	0	0	0	0	0	0	0	0	0	0	0	0	0	0	
121712	Rolandic_Oper_R	0	4270	0	8284	0	288	0	2560	0	0	0	10150	0	100	0	314	0	0	0	2660	0	0	0	1234	0	282	0	0	0	10582	0	1504	0	0	0	0	0	1284	0	118	0	0	0	0	0	0	0	0	0	0	0	0	0	0	0	94	0	4716	0	0	0	0	0	1046	0	0	0	0	0	0	0	2154	0	5070	0	0	0	206	0	850	0	2258	0	682	0	150	0	0	0	0	0	0	0	0	0	0	0	0	0	0	0	0	0	0	0	0	0	0	0	0	0	0	0	0	0	0	
718084	Supp_Motor_Area_L	11422	2310	92826	6860	3044	0	13210	650	556	0	17728	0	11516	256	854	0	9552	0	0	39406	0	0	7628	1242	0	0	182	0	31834	238	11616	8070	9478	25268	582	0	1112	614	138	0	0	0	100	0	0	98	0	0	340	0	614	0	0	0	130	0	2582	304	0	176	0	586	0	598	164	0	322	138	4710	0	6894	452	21626	666	4714	0	1258	1194	726	0	1148	0	670	0	378	0	0	0	262	0	0	0	0	0	0	0	0	0	0	0	0	0	0	0	0	0	0	0	0	0	0	0	0	0	0	0	
646864	Supp_Motor_Area_R	13102	5664	14426	49974	322	352	3528	1114	0	306	750	4120	700	3268	0	806	746	2660	39406	0	0	0	730	7948	0	216	0	0	5002	4220	4254	10388	2114	42176	1956	1216	0	2404	0	126	0	0	0	116	0	1656	0	0	0	1968	0	568	0	0	0	0	1118	1206	0	122	0	256	0	390	0	0	0	3548	14046	12468	12150	18654	9652	5026	864	642	0	11292	0	0	0	250	114	0	0	1534	0	0	0	1798	0	0	0	0	0	0	0	0	0	0	0	0	0	0	0	0	0	0	0	0	0	0	0	0	0	0	
44676	Olfactory_L	0	0	0	0	162	0	0	0	0	0	0	0	0	0	372	0	0	0	0	0	0	4312	0	0	0	240	2538	1320	1512	0	1716	1782	0	0	0	0	320	0	234	0	218	0	0	0	0	0	0	0	0	0	0	0	0	0	0	0	0	0	0	0	0	0	0	0	0	0	0	0	0	0	4922	1932	758	0	0	0	0	0	0	0	0	0	0	0	0	0	0	0	0	0	0	0	0	0	0	0	0	0	0	0	0	0	0	0	0	0	0	0	0	0	0	0	0	0	0	0	
43628	Olfactory_R	0	0	0	0	0	0	0	0	0	0	0	0	0	0	0	0	0	0	0	0	4312	0	0	0	0	380	2312	1574	0	606	1748	2238	0	0	0	0	0	0	0	0	0	158	0	0	0	0	0	0	0	0	0	0	0	0	0	0	0	0	0	0	0	0	0	0	0	0	0	0	0	0	5524	2962	0	0	0	0	0	0	0	0	0	0	0	0	0	0	0	0	0	0	0	0	0	0	0	0	0	0	0	0	0	0	0	0	0	0	0	0	0	0	0	0	0	0	0	0	
305572	Frontal_Sup_Medial_L	492	0	39470	5832	4050	418	12812	0	114	0	452	0	3658	0	194	3360	0	0	7628	730	0	0	0	16114	1276	942	0	0	4618	0	21686	13148	4006	9794	0	0	0	0	0	0	0	0	0	0	0	0	0	0	0	0	0	0	0	0	0	0	0	0	0	0	0	0	0	0	0	0	0	0	0	0	532	140	1320	0	0	0	0	0	0	0	0	0	0	0	0	0	0	0	0	0	0	0	0	0	0	0	0	0	0	0	0	0	0	0	0	0	0	0	0	0	0	0	0	0	0	0	
350136	Frontal_Sup_Medial_R	102	182	1938	36878	0	6110	352	4056	0	0	0	1432	0	3394	0	6904	0	1234	1242	7948	0	0	16114	0	0	6806	0	1326	0	2254	4414	31938	0	18946	0	0	0	0	0	0	0	0	0	0	0	0	0	0	0	0	0	0	0	0	0	0	108	0	0	0	0	0	0	0	0	0	0	0	0	0	210	14320	0	6690	0	0	0	170	0	0	0	0	0	0	0	0	0	0	0	0	0	0	0	0	0	0	0	0	0	0	0	0	0	0	0	0	0	0	0	0	0	0	0	0	0	0	
15692	Frontal_Med_Orb_L	0	0	866	0	1962	0	0	0	384	0	0	0	0	0	0	0	0	0	0	0	0	0	1276	0	0	154	1162	0	158	0	1884	0	0	0	0	0	0	0	0	0	0	0	0	0	0	0	0	0	0	0	0	0	0	0	0	0	0	0	0	0	0	0	0	0	0	0	0	0	0	0	0	0	0	0	0	0	0	0	0	0	0	0	0	0	0	0	0	0	0	0	0	0	0	0	0	0	0	0	0	0	0	0	0	0	0	0	0	0	0	0	0	0	0	0	0	0	
86776	Frontal_Med_Orb_R	0	0	0	3356	0	8680	0	160	0	0	0	284	0	0	0	0	0	282	0	216	240	380	942	6806	154	0	244	5514	0	0	900	6914	0	0	0	0	0	0	0	0	0	0	0	0	0	0	0	0	0	0	0	0	0	0	0	0	0	0	0	0	0	0	0	0	0	0	0	0	0	0	242	5680	0	2394	0	0	0	0	0	0	0	0	0	0	0	0	0	0	0	0	0	0	0	0	0	0	0	0	0	0	0	0	0	0	0	0	0	0	0	0	0	0	0	0	0	0	
41336	Rectus_L	0	0	436	0	2840	0	108	0	1456	0	0	0	264	0	450	0	0	0	182	0	2538	2312	0	0	1162	244	0	1196	556	0	2086	1282	0	0	0	0	0	0	0	0	0	0	0	0	0	0	0	0	0	0	0	0	0	0	0	0	0	0	0	0	0	0	0	0	0	0	0	0	0	0	2616	576	364	0	0	0	0	0	0	0	0	0	0	0	0	0	0	0	0	0	0	0	0	0	0	0	0	0	0	0	0	0	0	0	0	0	0	0	0	0	0	0	0	0	0	0	
47964	Rectus_R	0	0	0	892	0	5262	0	0	0	0	0	0	0	0	0	0	0	0	0	0	1320	1574	0	1326	0	5514	1196	0	0	0	518	2812	0	0	0	0	0	0	0	0	0	0	0	0	0	0	0	0	0	0	0	0	0	0	0	0	0	0	0	0	0	0	0	0	0	0	0	0	0	0	1312	1652	0	604	0	0	0	0	0	0	0	0	0	0	0	0	0	0	0	0	0	0	0	0	0	0	0	0	0	0	0	0	0	0	0	0	0	0	0	0	0	0	0	0	0	0	
721844	Insula_L	21832	1048	53352	2278	9742	0	21714	512	2976	0	23364	0	32128	0	9336	0	23028	0	31834	5002	1512	0	4618	0	158	0	556	0	0	0	9878	1706	230	3406	562	162	5330	110	924	0	430	0	382	0	0	0	118	0	0	0	2508	0	358	0	1518	0	9550	0	1468	0	1218	0	1348	0	446	0	620	0	1642	0	3716	480	29496	0	0	0	5738	736	9328	0	10830	0	3902	0	3654	0	148	0	3990	0	0	0	0	0	0	0	0	0	0	0	0	0	0	0	0	0	0	0	0	0	0	0	0	0	0	0	
216176	Insula_R	0	4892	0	12852	0	0	0	7226	0	516	0	10408	0	11948	0	3706	0	10582	238	4220	0	606	0	2254	0	0	0	0	0	0	0	486	0	374	0	0	0	4196	0	1766	0	142	0	0	0	0	0	0	0	0	0	0	0	94	0	3030	0	1858	0	112	0	156	0	266	0	0	0	0	0	150	0	610	0	16446	0	0	0	284	0	1690	0	3780	0	824	0	332	0	0	0	2044	0	0	0	0	0	0	0	0	0	0	0	0	0	0	0	0	0	0	0	0	0	0	0	0	0	0	
292220	Cingulum_Ant_L	1336	0	17854	5142	1984	254	4908	536	158	0	2260	0	5422	0	180	0	966	0	11616	4254	1716	1748	21686	4414	1884	900	2086	518	9878	0	0	15542	4064	6534	0	0	0	0	0	0	0	0	0	0	0	0	0	0	0	0	0	0	0	0	0	0	112	0	0	0	0	0	0	0	0	0	0	0	0	0	7564	1694	7918	164	0	0	258	252	0	0	0	0	308	0	0	0	0	0	0	0	0	0	0	0	0	0	0	0	0	0	0	0	0	0	0	0	0	0	0	0	0	0	0	0	0	0	
419104	Cingulum_Ant_R	318	278	5178	28772	0	4768	888	3686	0	0	312	1572	1100	498	0	3516	130	1504	8070	10388	1782	2238	13148	31938	0	6914	1282	2812	1706	486	15542	0	2828	26668	0	0	0	0	0	0	0	0	0	0	0	0	0	0	0	0	0	0	0	0	0	0	118	336	0	0	0	0	0	0	0	0	0	0	0	0	4666	17376	1224	7230	0	0	0	280	0	0	0	0	0	0	0	0	0	0	0	0	0	0	0	0	0	0	0	0	0	0	0	0	0	0	0	0	0	0	0	0	0	0	0	0	0	0	
107560	Cingulum_Mid_L	764	0	2634	194	0	0	320	0	0	0	0	0	164	0	0	0	0	0	9478	2114	0	0	4006	0	0	0	0	0	230	0	4064	2828	0	8260	1860	94	0	0	0	0	0	0	0	0	652	310	0	0	2298	0	2556	0	0	0	0	0	506	0	1694	0	268	0	0	0	150	0	3784	804	2532	0	340	0	322	0	0	0	0	0	0	0	0	0	0	0	228	0	0	0	326	0	0	0	0	0	0	0	0	0	0	0	0	0	0	0	0	0	0	0	0	0	0	0	0	0	0	0	
563740	Cingulum_Mid_R	4170	840	10074	10862	336	0	2866	282	0	0	780	0	982	1816	0	7376	666	0	25268	42176	0	0	9794	18946	0	0	0	0	3406	374	6534	26668	8260	0	616	4586	0	0	0	0	0	0	0	1890	140	7700	0	0	0	13812	0	2624	0	100	0	0	106	2358	0	482	0	1260	0	0	0	1348	614	26630	5922	8080	6444	192	3528	0	0	0	0	182	0	0	0	262	106	0	0	6440	0	0	0	3972	0	0	0	0	0	0	0	0	0	0	0	0	0	0	0	0	0	0	0	0	0	0	0	0	0	0	
150812	Cingulum_Post_L	2394	148	0	0	0	0	0	0	0	0	0	0	0	0	0	0	302	0	582	1956	0	0	0	0	0	0	0	0	562	0	0	0	1860	616	0	9124	4382	5422	2550	2482	0	0	6002	0	1774	0	2010	1736	362	0	2522	0	2600	0	1602	1948	1006	128	0	0	100	0	144	0	152	0	8676	1978	4686	1762	0	0	0	0	0	0	0	1490	0	0	166	0	0	0	1078	0	0	0	1104	0	0	0	0	0	0	0	0	0	0	0	0	0	0	0	0	0	0	0	0	0	0	0	0	0	0	0	
139156	Cingulum_Post_R	120	162	0	0	0	0	0	0	0	0	0	0	0	0	0	0	0	0	0	1216	0	0	0	0	0	0	0	0	162	0	0	0	94	4586	9124	0	3198	7610	1390	2588	0	0	618	2670	518	1016	170	3188	116	1340	0	310	0	0	614	2182	0	1142	0	0	0	0	0	0	0	0	2768	14916	176	1922	0	0	0	0	0	0	0	1102	0	0	0	0	0	0	0	2192	0	0	0	2024	0	0	0	0	0	0	0	0	0	0	0	0	0	0	0	0	0	0	0	0	344	0	0	0	0	0	
176040	Hippocampus_L	1956	230	3108	216	0	0	1942	0	0	0	0	0	0	0	142	0	0	0	1112	0	320	0	0	0	0	0	0	0	5330	0	0	0	0	0	4382	3198	0	4280	13100	2854	3440	0	726	0	0	0	2484	2096	0	0	0	0	262	0	10554	2226	108	0	0	0	0	0	0	0	0	0	2474	1274	0	0	148	0	5280	0	734	0	4010	3172	742	0	600	0	700	0	338	0	128	0	3300	0	458	0	0	0	0	0	96	0	500	0	0	0	0	0	0	0	0	0	0	0	0	0	0	0	0	0	
320072	Hippocampus_R	596	5948	416	3200	0	0	168	1768	0	0	0	2404	0	270	0	0	0	1284	614	2404	0	0	0	0	0	0	0	0	110	4196	0	0	0	0	5422	7610	4280	0	2166	28496	0	9194	514	276	0	0	250	4286	0	0	0	142	0	216	986	26846	190	424	0	0	0	112	0	220	0	96	1170	3656	256	1202	0	432	160	15280	0	154	496	6054	0	1314	0	1928	0	2820	0	2422	0	916	0	5116	0	0	0	0	0	0	0	1068	0	140	0	0	0	0	0	0	0	0	0	0	348	0	0	0	0	0	
111532	ParaHippocampal_L	98	0	684	0	0	0	210	0	0	0	0	0	0	0	0	0	0	0	138	0	234	0	0	0	0	0	0	0	924	0	0	0	0	0	2550	1390	13100	2166	0	2032	702	0	956	0	0	0	3568	2032	0	0	128	0	182	0	9488	1674	0	0	0	0	0	0	0	0	0	0	2648	1104	0	0	0	0	1354	0	0	0	618	1780	206	0	156	0	454	0	0	0	156	0	406	0	848	0	0	0	322	128	1574	0	1378	0	0	0	0	0	0	0	0	0	108	270	0	0	0	0	0	0	
235204	ParaHippocampal_R	128	696	118	1258	0	0	116	732	0	0	0	1030	0	114	0	0	0	118	0	126	0	0	0	0	0	0	0	0	0	1766	0	0	0	0	2482	2588	2854	28496	2032	0	0	5430	322	454	0	0	148	8066	0	0	0	0	0	302	912	26288	0	0	0	0	0	0	0	0	0	0	876	4346	0	0	0	0	100	9446	0	150	336	3658	0	570	0	990	0	2562	0	312	0	1964	0	3356	0	0	0	0	0	0	0	1682	0	178	0	0	0	0	0	0	0	0	0	0	500	0	0	0	0	0	
17848	Amygdala_L	0	0	0	0	0	0	0	0	0	0	0	0	0	0	0	0	0	0	0	0	218	0	0	0	0	0	0	0	430	0	0	0	0	0	0	0	3440	0	702	0	0	0	0	0	0	0	0	0	0	0	0	0	0	0	2098	0	0	0	0	0	0	0	0	0	0	0	0	0	0	0	0	0	210	0	0	0	0	0	0	0	0	0	496	0	0	0	202	0	1128	0	0	0	0	0	0	0	0	0	0	0	0	0	0	0	0	0	0	0	0	0	0	0	0	0	0	0	
50756	Amygdala_R	0	0	0	0	0	0	0	0	0	0	0	0	0	0	0	0	0	0	0	0	0	158	0	0	0	0	0	0	0	142	0	0	0	0	0	0	0	9194	0	5430	0	0	0	0	0	0	0	0	0	0	0	0	0	0	0	5090	0	0	0	0	0	0	0	0	0	0	0	0	0	0	0	0	0	828	0	0	0	0	0	0	0	0	0	2346	0	0	0	690	0	1052	0	0	0	0	0	0	0	448	0	0	0	0	0	0	0	0	0	0	0	0	0	0	0	0	0	0	
237956	Calcarine_L	512	0	0	0	0	0	0	0	0	0	0	0	0	0	0	0	376	0	100	0	0	0	0	0	0	0	0	0	382	0	0	0	0	0	6002	618	726	514	956	322	0	0	0	6440	12072	3788	9008	3846	7882	1748	25774	430	8746	196	1874	746	752	0	0	0	126	0	200	0	618	0	15810	1050	972	0	0	0	0	0	0	0	0	0	0	0	192	0	0	0	2820	0	0	0	1618	0	0	0	0	0	0	0	182	378	110	202	0	0	0	0	0	0	0	0	0	0	712	178	0	0	0	0	
226584	Calcarine_R	0	0	0	0	0	0	0	0	0	0	0	0	0	0	0	0	0	0	0	116	0	0	0	0	0	0	0	0	0	0	0	0	0	1890	0	2670	0	276	0	454	0	0	6440	0	3836	21418	524	14206	0	15384	0	9520	0	2934	0	4892	0	298	0	0	0	0	0	0	0	0	478	17840	0	1242	0	0	0	0	0	0	0	0	0	0	0	0	0	0	0	5050	0	0	0	3700	0	0	0	0	0	0	0	0	0	0	0	0	0	0	0	0	0	0	0	0	124	0	0	0	0	0	
165576	Cuneus_L	144	0	0	0	0	0	0	0	0	0	0	0	0	0	0	0	0	0	0	0	0	0	0	0	0	0	0	0	0	0	0	0	652	140	1774	518	0	0	0	0	0	0	12072	3836	0	6996	530	0	14486	1794	10918	0	1248	0	122	0	666	0	5188	0	0	0	0	0	338	0	14590	4920	726	0	0	0	0	0	0	0	0	0	0	0	0	0	0	0	994	0	0	0	136	0	0	0	0	0	0	0	0	0	0	0	0	0	0	0	0	0	0	0	0	0	0	0	0	0	0	0	
291588	Cuneus_R	0	0	0	0	0	0	0	0	0	0	0	0	0	0	0	0	0	0	98	1656	0	0	0	0	0	0	0	0	0	0	0	0	310	7700	0	1016	0	0	0	0	0	0	3788	21418	6996	0	236	1914	214	38622	0	14326	0	610	0	274	0	1146	262	6440	0	286	0	1704	0	266	2934	28392	706	2428	0	0	0	0	0	0	0	0	0	0	0	0	0	0	0	1334	0	0	0	718	0	0	0	0	0	0	0	0	0	0	0	0	0	0	0	0	0	0	0	0	0	0	0	0	0	0	
263472	Lingual_L	0	0	0	0	0	0	0	0	0	0	0	0	0	0	0	0	136	0	0	0	0	0	0	0	0	0	0	0	118	0	0	0	0	0	2010	170	2484	250	3568	148	0	0	9008	524	530	236	0	2696	1054	226	9628	0	7078	196	16578	1982	118	0	0	0	0	0	0	0	0	0	3704	146	98	0	0	0	96	0	0	0	0	0	98	0	0	0	0	0	100	0	0	0	458	0	9556	3328	860	852	316	386	15522	5402	14206	4978	0	160	0	324	182	102	0	0	0	248	8952	974	1494	192	112	152	
250208	Lingual_R	0	0	0	0	0	0	0	0	0	0	0	0	0	0	0	0	0	0	0	0	0	0	0	0	0	0	0	0	0	0	0	0	0	0	1736	3188	2096	4286	2032	8066	0	0	3846	14206	0	1914	2696	0	0	2980	0	2176	0	4968	1038	19992	0	0	0	0	0	0	0	0	0	0	722	7234	0	0	0	0	0	0	0	0	0	1850	0	0	0	0	0	0	0	136	0	0	0	248	850	3562	0	98	120	0	2760	5994	1458	9662	0	0	0	120	0	0	0	0	0	0	6350	7302	1418	0	0	0	
141224	Occipital_Sup_L	194	0	0	0	0	0	0	0	0	0	0	0	0	0	0	0	0	0	340	0	0	0	0	0	0	0	0	0	0	0	0	0	2298	0	362	116	0	0	0	0	0	0	7882	0	14486	214	1054	0	0	0	24416	0	436	0	0	0	198	0	5118	0	906	0	0	0	456	0	8302	1232	2394	0	0	0	0	0	0	0	0	0	0	0	0	0	0	0	208	0	0	0	0	0	0	0	0	0	0	0	0	0	0	0	0	0	0	0	0	0	0	0	0	0	0	0	0	0	0	0	
308724	Occipital_Sup_R	0	506	0	0	0	0	0	0	0	0	0	0	0	0	0	0	0	0	0	1968	0	0	0	0	0	0	0	0	0	0	0	0	0	13812	0	1340	0	0	0	0	0	0	1748	15384	1794	38622	226	2980	0	0	0	21516	0	532	0	174	0	1082	0	8416	0	2120	0	1046	0	6030	328	22184	608	2426	0	0	0	0	0	0	0	0	0	0	0	306	0	0	0	5876	0	0	0	3338	0	0	0	0	0	0	0	0	0	0	0	0	0	0	0	0	0	0	0	0	0	0	0	0	0	0	
524532	Occipital_Mid_L	10568	0	0	0	0	0	0	0	0	0	0	0	0	0	0	0	3548	0	614	0	0	0	0	0	0	0	0	0	2508	0	0	0	2556	0	2522	0	0	0	128	0	0	0	25774	0	10918	0	9628	0	24416	0	0	0	30916	0	5610	0	9322	0	17140	0	20238	0	1382	0	26594	0	12828	0	10678	0	0	0	0	0	0	0	0	0	306	0	1006	0	0	0	25016	0	0	0	6814	0	588	0	0	0	0	0	0	0	648	0	0	0	0	0	0	0	0	0	0	0	0	0	0	0	0	0	
230100	Occipital_Mid_R	0	0	0	0	0	0	0	0	0	0	0	0	0	0	0	0	0	0	0	568	0	0	0	0	0	0	0	0	0	0	0	0	0	2624	0	310	0	142	0	0	0	0	430	9520	0	14326	0	2176	0	21516	0	0	0	4934	0	1444	0	170	0	4816	0	8238	0	1158	0	16880	0	7740	160	776	0	0	0	0	0	0	0	0	0	0	0	322	0	0	0	14318	0	0	0	2482	0	0	0	0	0	0	0	0	0	0	0	0	0	0	0	0	0	0	0	0	0	0	0	0	0	0	
196812	Occipital_Inf_L	3646	0	0	0	0	0	0	0	0	0	0	0	0	0	0	0	262	0	0	0	0	0	0	0	0	0	0	0	358	0	0	0	0	0	2600	0	262	0	182	0	0	0	8746	0	1248	0	7078	0	436	0	30916	0	0	0	11186	0	724	0	0	0	136	0	0	0	3072	0	4274	0	3612	0	0	0	0	0	0	0	0	0	98	0	98	0	0	0	10166	0	0	0	7026	0	1240	0	186	0	0	0	106	0	650	0	0	0	0	0	0	0	0	0	0	0	0	0	98	0	0	0	
81372	Occipital_Inf_R	0	0	0	0	0	0	0	0	0	0	0	0	0	0	0	0	0	0	0	0	0	0	0	0	0	0	0	0	0	94	0	0	0	100	0	0	0	216	0	302	0	0	196	2934	0	610	196	4968	0	532	0	4934	0	0	0	8880	0	0	0	178	0	0	0	0	0	0	0	616	0	0	0	0	0	0	0	0	0	0	0	110	0	180	0	0	0	2332	0	0	0	4744	0	522	0	0	0	0	502	996	194	2810	0	0	0	0	0	0	0	0	0	0	1064	1978	498	0	0	0	
328476	Fusiform_L	370	0	488	0	0	0	146	0	0	0	0	0	0	0	0	0	258	0	130	0	0	0	0	0	0	0	0	0	1518	0	0	0	0	0	1602	614	10554	986	9488	912	2098	0	1874	0	122	0	16578	1038	0	0	5610	0	11186	0	0	830	288	0	0	0	0	0	0	0	0	0	2444	586	0	0	0	0	1038	0	0	0	156	754	652	0	784	0	1704	0	1938	0	1208	0	12048	0	25684	404	638	338	144	0	12428	200	30530	338	490	0	0	0	0	0	210	0	0	0	2276	124	432	0	0	0	
452352	Fusiform_R	0	618	0	964	0	0	0	654	0	0	0	860	0	98	0	0	0	94	0	0	0	0	0	0	0	0	0	0	0	3030	0	0	0	0	1948	2182	2226	26846	1674	26288	0	5090	746	4892	0	274	1982	19992	0	174	0	1444	0	8880	830	0	0	0	0	0	0	0	0	0	0	0	858	3950	0	0	0	122	0	8352	0	138	0	2544	0	420	0	1470	0	3168	0	740	0	2024	0	10794	192	18978	0	324	0	1324	2332	15458	574	26828	0	0	0	258	0	0	0	0	0	466	7130	4732	1214	0	0	0	
356664	Postcentral_L	40632	4630	6104	958	0	0	2466	912	0	0	4584	0	0	0	0	0	20658	0	2582	1118	0	0	0	108	0	0	0	0	9550	0	112	118	506	106	1006	0	108	190	0	0	0	0	752	0	666	0	118	0	198	0	9322	0	724	0	288	0	0	1832	9242	112	17370	246	9694	246	4178	0	3440	120	5660	0	310	256	552	116	0	0	886	0	5062	0	6886	112	0	0	1660	0	0	0	1602	234	0	0	0	0	0	0	0	0	0	0	0	0	0	0	0	0	0	0	0	0	0	0	0	0	0	0	
190420	Postcentral_R	1898	12660	206	884	0	0	0	692	0	0	0	1478	0	0	0	0	0	4716	304	1206	0	0	0	0	0	0	0	0	0	1858	0	336	0	2358	128	1142	0	424	0	0	0	0	0	298	0	1146	0	0	0	1082	0	170	0	0	0	0	1832	0	0	6304	0	13162	0	15780	0	840	0	5562	0	11858	0	918	0	1864	0	0	0	302	0	222	0	1272	0	0	0	1310	0	0	0	998	0	0	0	0	0	0	0	0	0	0	0	0	0	0	0	0	0	0	0	0	0	0	0	0	0	0	
175440	Parietal_Sup_L	3450	0	0	0	0	0	0	0	0	0	0	0	0	0	0	0	2062	0	0	0	0	0	0	0	0	0	0	0	1468	0	0	0	1694	0	0	0	0	0	0	0	0	0	0	0	5188	262	0	0	5118	0	17140	0	0	0	0	0	9242	0	0	0	15890	0	756	0	6132	0	14168	1450	1764	0	0	0	0	0	0	0	0	0	140	0	452	0	0	0	366	0	0	0	978	0	0	0	0	0	0	0	0	0	0	0	0	0	0	0	0	0	0	0	0	0	0	0	0	0	0	0	
135412	Parietal_Sup_R	124	624	102	196	0	0	0	0	0	0	0	0	0	0	0	0	0	0	176	122	0	0	0	0	0	0	0	0	0	112	0	0	0	482	0	0	0	0	0	0	0	0	0	0	0	6440	0	0	0	8416	0	4816	0	178	0	0	112	6304	0	0	0	8812	0	8076	0	7968	0	8206	0	2098	0	0	0	0	0	0	0	0	0	150	0	620	0	0	0	2554	0	0	0	1018	0	0	0	0	0	0	0	0	0	0	0	0	0	0	0	0	0	0	0	0	0	0	0	0	0	0	
234616	Parietal_Inf_L	4382	0	0	0	0	0	0	0	0	0	0	0	0	0	0	0	3414	0	0	0	0	0	0	0	0	0	0	0	1218	0	0	0	268	0	100	0	0	0	0	0	0	0	126	0	0	0	0	0	906	0	20238	0	136	0	0	0	17370	0	15890	0	0	0	19132	0	17158	0	1250	0	678	0	0	0	0	0	0	0	0	0	162	0	4546	0	0	0	6154	0	0	0	4180	0	0	0	0	0	0	0	0	0	0	0	0	0	0	0	0	0	0	0	0	0	0	0	0	0	0	0	
198912	Parietal_Inf_R	288	1908	340	410	0	0	0	116	0	0	0	0	0	0	0	0	0	0	586	256	0	0	0	0	0	0	0	0	0	156	0	0	0	1260	0	0	0	112	0	0	0	0	0	0	0	286	0	0	0	2120	0	8238	0	0	0	0	246	13162	0	8812	0	0	0	23900	0	21424	0	1824	0	328	0	144	0	196	0	0	0	0	0	0	0	2372	0	0	0	10316	0	0	0	656	0	0	0	0	0	0	0	0	0	0	0	0	0	0	0	0	0	0	0	0	0	0	0	0	0	0	
130204	SupraMarginal_L	2206	0	236	0	0	0	0	0	0	0	0	0	0	0	0	0	3922	0	0	0	0	0	0	0	0	0	0	0	1348	0	0	0	0	0	144	0	0	0	0	0	0	0	200	0	0	0	0	0	0	0	1382	0	0	0	0	0	9694	0	756	0	19132	0	0	0	4788	0	252	0	378	0	0	0	0	0	0	0	0	0	0	0	9122	0	0	0	8390	0	0	0	3152	0	0	0	0	0	0	0	0	0	0	0	0	0	0	0	0	0	0	0	0	0	0	0	0	0	0	0	
176896	SupraMarginal_R	288	1958	346	484	0	0	0	116	0	0	0	0	0	0	0	0	0	1046	598	390	0	0	0	0	0	0	0	0	0	266	0	0	0	0	0	0	0	220	0	0	0	0	0	0	0	1704	0	0	0	1046	0	1158	0	0	0	0	246	15780	0	8076	0	23900	0	0	0	8760	0	2926	0	1234	0	148	0	202	0	0	0	0	0	148	0	7318	0	0	0	9490	0	0	0	600	0	0	0	0	0	0	0	0	0	0	0	0	0	0	0	0	0	0	0	0	0	0	0	0	0	0	
161056	Angular_L	1914	0	0	0	0	0	0	0	0	0	0	0	0	0	0	0	762	0	164	0	0	0	0	0	0	0	0	0	446	0	0	0	150	0	152	0	0	0	0	0	0	0	618	0	338	0	0	0	456	0	26594	0	3072	0	0	0	4178	0	6132	0	17158	0	4788	0	0	0	526	0	1028	0	0	0	0	0	0	0	0	0	0	0	984	0	0	0	10150	0	0	0	918	0	0	0	0	0	0	0	0	0	0	0	0	0	0	0	0	0	0	0	0	0	0	0	0	0	0	0	
165868	Angular_R	0	0	0	0	0	0	0	0	0	0	0	0	0	0	0	0	0	0	0	0	0	0	0	0	0	0	0	0	0	0	0	0	0	1348	0	0	0	96	0	0	0	0	0	0	0	266	0	0	0	6030	0	16880	0	0	0	0	0	840	0	7968	0	21424	0	8760	0	0	0	1906	0	278	0	0	0	0	0	0	0	0	0	0	0	3094	0	0	0	13316	0	0	0	728	0	0	0	0	0	0	0	0	0	0	0	0	0	0	0	0	0	0	0	0	0	0	0	0	0	0	
261116	Precuneus_L	1360	0	0	0	0	0	0	0	0	0	0	0	0	0	0	0	642	0	322	0	0	0	0	0	0	0	0	0	620	0	0	0	3784	614	8676	2768	2474	1170	2648	876	0	0	15810	478	14590	2934	3704	722	8302	328	12828	0	4274	0	2444	858	3440	0	14168	0	1250	0	252	0	526	0	0	10476	3648	0	0	0	0	0	0	0	0	228	0	0	206	0	0	0	1674	0	0	0	1464	0	0	0	0	0	0	0	0	0	0	0	0	0	0	0	0	0	0	0	0	0	0	0	0	0	0	0	
452312	Precuneus_R	0	1090	0	0	0	0	0	0	0	0	0	0	0	0	0	0	0	0	138	3548	0	0	0	0	0	0	0	0	0	0	0	0	804	26630	1978	14916	1274	3656	1104	4346	0	0	1050	17840	4920	28392	146	7234	1232	22184	0	7740	0	616	586	3950	120	5562	1450	8206	0	1824	0	2926	0	1906	10476	0	1124	10510	0	0	0	0	0	0	0	900	0	0	0	504	0	0	0	14412	0	0	0	9392	0	0	0	0	0	0	0	788	0	0	0	0	0	0	0	0	0	0	0	0	682	0	0	0	0	0	
260868	Paracentral_Lobule_L	38662	1102	1588	584	0	0	216	0	0	0	0	0	0	0	0	0	1346	0	4710	14046	0	0	0	0	0	0	0	0	1642	0	0	0	2532	5922	4686	176	0	256	0	0	0	0	972	0	726	706	98	0	2394	608	10678	160	3612	0	0	0	5660	0	1764	0	678	0	378	0	1028	0	3648	1124	0	4090	0	1200	240	0	0	0	0	3440	0	0	622	0	0	0	5366	104	0	0	3548	0	122	0	0	0	0	0	0	0	0	0	0	0	0	0	0	0	0	0	0	0	0	0	0	0	0	0	
154040	Paracentral_Lobule_R	2202	4716	0	0	0	0	0	0	0	0	0	0	0	0	0	0	0	0	0	12468	0	0	0	0	0	0	0	0	0	150	0	0	0	8080	1762	1922	0	1202	0	0	0	0	0	1242	0	2428	0	0	0	2426	0	776	0	0	0	0	0	11858	0	2098	0	328	0	1234	0	278	0	10510	4090	0	0	0	0	0	0	0	0	0	0	116	0	926	0	0	0	3436	0	0	0	2772	0	0	0	0	0	0	0	0	0	0	0	0	0	0	0	0	0	0	0	0	0	0	0	0	0	0	
213612	Caudate_L	842	300	4778	9884	640	0	1098	954	0	0	742	228	1002	374	0	0	578	0	6894	12150	4922	5524	532	210	0	242	2616	1312	3716	0	7564	4666	340	6444	0	0	148	0	0	0	0	0	0	0	0	0	0	0	0	0	0	0	0	0	0	0	310	0	0	0	0	0	0	0	0	0	0	0	0	0	0	7068	13040	106	1074	0	4224	2284	0	0	0	0	0	0	0	0	0	0	0	0	0	0	0	0	0	0	0	0	0	0	0	0	0	0	0	0	0	0	0	0	0	0	0	0	0	0	
339896	Caudate_R	1638	4622	576	31618	0	7712	332	2392	0	858	98	2114	0	502	0	1426	0	2154	452	18654	1932	2962	140	14320	0	5680	576	1652	480	610	1694	17376	0	192	0	0	0	432	0	0	0	0	0	0	0	0	0	0	0	0	0	0	0	0	0	122	256	918	0	0	0	144	0	148	0	0	0	0	1200	0	7068	0	530	16130	162	920	1450	17706	0	0	0	0	0	0	0	0	0	0	0	0	0	0	0	0	0	0	0	0	0	0	0	0	0	0	0	0	0	0	0	0	0	0	0	0	0	0	
359192	Putamen_L	5928	1190	29774	5084	4342	0	5102	130	1102	0	1488	0	2458	0	3378	0	492	0	21626	9652	758	0	1320	0	0	0	364	0	29496	0	7918	1224	322	3528	0	0	5280	160	1354	100	210	0	0	0	0	0	96	0	0	0	0	0	0	0	1038	0	552	0	0	0	0	0	0	0	0	0	0	0	240	0	13040	530	0	0	9632	0	8532	700	0	0	964	0	332	0	0	0	0	0	160	0	0	0	0	0	0	0	0	0	0	0	0	0	0	0	0	0	0	0	0	0	0	0	0	0	0	0	
308988	Putamen_R	100	5312	368	18012	0	4324	0	5334	0	1428	0	10168	0	1732	0	5002	0	5070	666	5026	0	0	0	6690	0	2394	0	604	0	16446	164	7230	0	0	0	0	0	15280	0	9446	0	828	0	0	0	0	0	0	0	0	0	0	0	0	0	8352	116	1864	0	0	0	196	0	202	0	0	0	0	0	0	106	16130	0	0	0	1490	0	2472	0	0	0	368	0	334	0	144	0	0	0	856	0	0	0	0	0	0	0	240	0	0	0	0	0	0	0	0	0	0	0	0	0	0	0	0	0	0	
59124	Pallidum_L	792	374	7688	170	0	0	388	0	0	0	0	0	0	0	0	0	0	0	4714	864	0	0	0	0	0	0	0	0	0	0	0	0	0	0	0	0	734	0	0	0	0	0	0	0	0	0	0	0	0	0	0	0	0	0	0	0	0	0	0	0	0	0	0	0	0	0	0	0	0	0	1074	162	9632	0	0	0	2838	132	0	0	0	0	0	0	0	0	0	0	0	0	0	0	0	0	0	0	0	0	0	0	0	0	0	0	0	0	0	0	0	0	0	0	0	0	0	0	
8548	Pallidum_R	0	0	0	780	0	0	0	0	0	0	0	0	0	0	0	0	0	0	0	642	0	0	0	0	0	0	0	0	0	0	0	0	0	0	0	0	0	154	0	150	0	0	0	0	0	0	0	0	0	0	0	0	0	0	0	138	0	0	0	0	0	0	0	0	0	0	0	0	0	0	0	920	0	1490	0	0	0	0	0	0	0	0	0	0	0	0	0	0	0	0	0	0	0	0	0	0	0	0	0	0	0	0	0	0	0	0	0	0	0	0	0	0	0	0	0	0	
99500	Thalamus_L	3990	1104	4848	822	0	0	4024	0	0	0	0	0	0	0	0	0	258	0	1258	0	0	0	0	0	0	0	0	0	5738	0	258	0	0	0	0	0	4010	496	618	336	0	0	0	0	0	0	0	0	0	0	0	0	0	0	156	0	886	0	0	0	0	0	0	0	0	0	0	0	0	0	4224	1450	8532	0	2838	0	0	3400	246	0	258	0	0	0	0	0	0	0	0	0	0	0	0	0	0	0	0	0	0	0	0	0	0	0	0	0	0	0	0	0	0	0	0	0	0	0	
231592	Thalamus_R	4474	16756	1162	22588	0	0	904	488	0	0	0	652	0	0	0	0	0	206	1194	11292	0	0	0	170	0	0	0	0	736	284	252	280	0	182	1490	1102	3172	6054	1780	3658	0	0	0	0	0	0	0	1850	0	0	0	0	0	0	754	2544	0	302	0	0	0	0	0	0	0	0	228	900	3440	0	2284	17706	700	2472	132	0	3400	0	106	0	0	0	0	0	0	0	0	0	0	102	0	0	0	0	0	0	0	0	0	0	0	0	0	0	0	0	0	0	0	0	0	0	0	0	0	0	
80912	Heschl_L	5976	0	1690	0	0	0	2598	0	0	0	1474	0	0	0	0	0	5346	0	726	0	0	0	0	0	0	0	0	0	9328	0	0	0	0	0	0	0	742	0	206	0	0	0	0	0	0	0	98	0	0	0	306	0	98	0	652	0	5062	0	140	0	162	0	0	0	0	0	0	0	0	0	0	0	0	0	0	0	246	106	0	0	3380	0	0	0	526	0	0	0	1594	0	0	0	0	0	0	0	0	0	0	0	0	0	0	0	0	0	0	0	0	0	0	0	0	0	0	0	
20940	Heschl_R	0	0	0	0	0	0	0	0	0	0	0	0	0	0	0	0	0	850	0	0	0	0	0	0	0	0	0	0	0	1690	0	0	0	0	0	0	0	1314	0	570	0	0	0	0	0	0	0	0	0	0	0	0	0	110	0	420	0	222	0	150	0	0	0	148	0	0	0	0	0	116	0	0	0	0	0	0	0	0	0	0	0	3396	0	0	0	432	0	0	0	1052	0	0	0	0	0	0	0	0	0	0	0	0	0	0	0	0	0	0	0	0	0	0	0	0	0	0	
222684	Temporal_Sup_L	4484	124	2524	128	0	0	708	0	0	0	1454	0	0	0	0	0	11752	0	1148	0	0	0	0	0	0	0	0	0	10830	0	0	0	0	0	166	0	600	0	156	0	0	0	192	0	0	0	0	0	0	0	1006	0	98	0	784	0	6886	0	452	0	4546	0	9122	0	984	0	206	0	622	0	0	0	964	0	0	0	258	0	3380	0	0	0	3004	0	28060	0	0	0	16704	0	0	0	0	0	0	0	0	0	0	0	0	0	0	0	0	0	0	0	0	0	0	0	0	0	0	0	
101232	Temporal_Sup_R	150	312	0	168	0	0	0	0	0	0	0	0	0	0	0	0	0	2258	0	250	0	0	0	0	0	0	0	0	0	3780	0	0	0	262	0	0	0	1928	0	990	0	0	0	0	0	0	0	0	0	306	0	322	0	180	0	1470	112	1272	0	620	0	2372	0	7318	0	3094	0	504	0	926	0	0	0	368	0	0	0	0	0	3396	0	0	0	3294	0	10352	0	134	0	4478	0	0	0	0	0	0	0	0	0	0	0	0	0	0	0	0	0	0	0	0	0	0	0	0	0	0	
65800	Temporal_Pole_Sup_L	0	0	808	0	184	0	0	0	100	0	1622	0	224	0	1384	0	1620	0	670	114	0	0	0	0	0	0	0	0	3902	0	308	0	0	106	0	0	700	0	454	0	496	0	0	0	0	0	0	0	0	0	0	0	0	0	1704	0	0	0	0	0	0	0	0	0	0	0	0	0	0	0	0	0	332	0	0	0	0	0	0	0	3004	0	0	0	6508	0	3510	0	5150	0	0	0	0	0	0	0	0	0	0	0	0	0	0	0	0	0	0	0	0	0	0	0	0	0	0	0	
62420	Temporal_Pole_Sup_R	0	0	0	0	0	0	0	0	0	0	0	0	0	0	0	194	0	682	0	0	0	0	0	0	0	0	0	0	0	824	0	0	0	0	0	0	0	2820	0	2562	0	2346	0	0	0	0	0	0	0	0	0	0	0	0	0	3168	0	0	0	0	0	0	0	0	0	0	0	0	0	0	0	0	0	334	0	0	0	0	0	0	0	3294	0	0	0	3658	0	6284	0	4936	0	0	0	0	0	0	0	108	0	0	0	0	0	0	0	0	0	0	0	0	0	0	0	0	0	0	
327572	Temporal_Mid_L	6314	0	0	0	0	0	0	0	0	0	0	0	0	0	0	0	2726	0	378	0	0	0	0	0	0	0	0	0	3654	0	0	0	228	0	1078	0	338	0	0	0	0	0	2820	0	994	0	100	0	208	0	25016	0	10166	0	1938	0	1660	0	366	0	6154	0	8390	0	10150	0	1674	0	5366	0	0	0	0	0	0	0	0	0	526	0	28060	0	6508	0	0	0	3872	0	34818	0	284	0	0	0	0	0	0	0	0	0	0	0	0	0	0	0	0	0	0	0	0	0	0	0	0	0	
300120	Temporal_Mid_R	122	1090	0	0	0	0	0	0	0	0	0	0	0	0	0	0	0	150	0	1534	0	0	0	0	0	0	0	0	0	332	0	0	0	6440	0	2192	0	2422	0	312	0	0	0	5050	0	1334	0	136	0	5876	0	14318	0	2332	0	740	0	1310	0	2554	0	10316	0	9490	0	13316	0	14412	104	3436	0	0	0	144	0	0	0	0	0	432	0	10352	0	3658	0	0	0	1820	0	34336	0	0	0	0	0	0	0	0	0	0	0	0	0	0	0	0	0	0	0	0	0	0	0	0	0	0	
25172	Temporal_Pole_Mid_L	0	0	0	0	0	0	0	0	0	0	0	0	0	0	0	0	0	0	0	0	0	0	0	0	0	0	0	0	148	0	0	0	0	0	0	0	128	0	156	0	202	0	0	0	0	0	0	0	0	0	0	0	0	0	1208	0	0	0	0	0	0	0	0	0	0	0	0	0	0	0	0	0	0	0	0	0	0	0	0	0	0	0	3510	0	3872	0	0	0	3362	0	0	0	0	0	0	0	0	0	0	0	0	0	0	0	0	0	0	0	0	0	0	0	0	0	0	0	
33844	Temporal_Pole_Mid_R	0	0	0	0	0	0	0	0	0	0	0	0	0	0	0	0	0	0	0	0	0	0	0	0	0	0	0	0	0	0	0	0	0	0	0	0	0	916	0	1964	0	690	0	0	0	0	0	0	0	0	0	0	0	0	0	2024	0	0	0	0	0	0	0	0	0	0	0	0	0	0	0	0	0	0	0	0	0	0	0	0	0	134	0	6284	0	1820	0	0	0	3090	0	0	0	0	0	0	0	0	0	0	0	0	0	0	0	0	0	0	0	0	0	0	0	0	0	0	
257928	Temporal_Inf_L	4718	0	0	0	0	0	0	0	0	0	0	0	0	0	0	0	3114	0	262	0	0	0	0	0	0	0	0	0	3990	0	0	0	326	0	1104	0	3300	0	406	0	1128	0	1618	0	136	0	458	0	0	0	6814	0	7026	0	12048	0	1602	0	978	0	4180	0	3152	0	918	0	1464	0	3548	0	0	0	160	0	0	0	0	0	1594	0	16704	0	5150	0	34818	0	3362	0	0	0	3992	0	162	0	0	0	0	0	732	0	0	0	0	0	0	0	0	0	0	0	0	0	0	0	0	0	
232960	Temporal_Inf_R	358	1340	0	0	0	0	0	0	0	0	0	0	0	0	0	0	0	0	0	1798	0	0	0	0	0	0	0	0	0	2044	0	0	0	3972	0	2024	0	5116	0	3356	0	1052	0	3700	0	718	0	248	0	3338	0	2482	0	4744	0	10794	234	998	0	1018	0	656	0	600	0	728	0	9392	0	2772	0	0	0	856	0	0	0	102	0	1052	0	4478	0	4936	0	34336	0	3090	0	0	0	3018	0	0	0	0	0	270	0	860	0	0	0	0	0	0	0	0	0	0	0	0	0	0	0	0	
493316	Cerebelum_Crus1_L	114	0	0	0	0	0	0	0	0	0	0	0	0	0	0	0	0	0	0	0	0	0	0	0	0	0	0	0	0	0	0	0	0	0	0	0	458	0	848	0	0	0	0	0	0	0	9556	850	0	0	588	0	1240	0	25684	192	0	0	0	0	0	0	0	0	0	0	0	0	122	0	0	0	0	0	0	0	0	0	0	0	0	0	0	0	284	0	0	0	3992	0	0	4712	35700	5176	2932	320	23996	620	67286	3874	13406	1910	11718	3116	6612	156	236	0	102	354	4652	5860	8418	974	322	278	
494496	Cerebelum_Crus1_R	0	0	0	0	0	0	0	0	0	0	0	0	0	0	0	0	0	0	0	0	0	0	0	0	0	0	0	0	0	0	0	0	0	0	0	0	0	0	0	0	0	0	0	0	0	0	3328	3562	0	0	0	0	0	522	404	18978	0	0	0	0	0	0	0	0	0	0	0	0	0	0	0	0	0	0	0	0	0	0	0	0	0	0	0	0	0	0	0	0	0	3018	4712	0	1064	28756	866	6160	5402	19876	5560	67362	484	9108	676	16980	564	2772	0	0	240	4356	12558	13630	11002	1952	1814	1542	
256824	Cerebelum_Crus2_L	0	0	0	0	0	0	0	0	0	0	0	0	0	0	0	0	0	0	0	0	0	0	0	0	0	0	0	0	0	0	0	0	0	0	0	0	0	0	0	0	0	0	0	0	0	0	860	0	0	0	0	0	186	0	638	0	0	0	0	0	0	0	0	0	0	0	0	0	0	0	0	0	0	0	0	0	0	0	0	0	0	0	0	0	0	0	0	0	162	0	35700	1064	0	5262	322	0	686	0	4854	730	33212	3466	25522	1862	6274	0	348	0	0	0	108	486	5150	1520	0	0	
298996	Cerebelum_Crus2_R	0	0	0	0	0	0	0	0	0	0	0	0	0	0	0	0	0	0	0	0	0	0	0	0	0	0	0	0	0	0	0	0	0	0	0	0	0	0	0	0	0	0	0	0	0	0	852	98	0	0	0	0	0	0	338	324	0	0	0	0	0	0	0	0	0	0	0	0	0	0	0	0	0	0	0	0	0	0	0	0	0	0	0	0	0	0	0	0	0	0	5176	28756	5262	0	364	854	1136	1282	3100	9324	3862	26962	4540	28818	2436	5024	0	0	102	646	1286	2154	10626	4544	1366	266	
55664	Cerebelum_3_L	0	0	0	0	0	0	0	0	0	0	0	0	0	0	0	0	0	0	0	0	0	0	0	0	0	0	0	0	0	0	0	0	0	0	0	0	0	0	322	0	0	0	0	0	0	0	316	120	0	0	0	0	0	0	144	0	0	0	0	0	0	0	0	0	0	0	0	0	0	0	0	0	0	0	0	0	0	0	0	0	0	0	0	0	0	0	0	0	0	0	2932	866	322	364	0	474	7250	104	4426	1166	200	0	0	436	1574	104	0	0	960	1498	1794	1040	846	328	246	0	
91824	Cerebelum_3_R	0	0	0	0	0	0	0	0	0	0	0	0	0	0	0	0	0	0	0	0	0	0	0	0	0	0	0	0	0	0	0	0	0	0	0	0	0	0	128	0	0	0	0	0	0	0	386	0	0	0	0	0	0	0	0	1324	0	0	0	0	0	0	0	0	0	0	0	0	0	0	0	0	0	0	0	0	0	0	0	0	0	0	0	0	0	0	0	0	0	0	320	6160	0	854	474	0	1166	7416	548	8686	0	0	0	832	182	1062	0	0	522	6846	2814	1414	2168	1428	1086	96	
327316	Cerebelum_4_5_L	0	0	0	0	0	0	0	0	0	0	0	0	0	0	0	0	0	0	0	0	0	0	0	0	0	0	0	0	0	0	0	0	0	0	0	0	96	0	1574	0	0	0	182	0	0	0	15522	2760	0	0	0	0	106	502	12428	2332	0	0	0	0	0	0	0	0	0	0	0	0	0	0	0	0	0	0	0	0	0	0	0	0	0	0	0	0	0	0	0	0	0	0	23996	5402	686	1136	7250	1166	0	5536	36364	8148	876	0	338	1088	4366	466	802	0	848	1958	18592	4668	1906	1050	760	754	
251600	Cerebelum_4_5_R	0	0	0	0	0	0	0	0	0	0	0	0	0	0	0	0	0	0	0	0	0	0	0	0	0	0	0	0	0	0	0	0	0	0	0	0	0	1068	0	1682	0	448	378	0	0	0	5402	5994	0	0	0	0	0	996	200	15458	0	0	0	0	0	0	0	0	0	0	0	788	0	0	0	0	0	240	0	0	0	0	0	0	0	0	0	108	0	0	0	0	0	270	620	19876	0	1282	104	7416	5536	0	1210	32044	0	0	0	662	250	442	0	0	0	3904	16666	760	1180	414	402	0	
453664	Cerebelum_6_L	0	0	0	0	0	0	0	0	0	0	0	0	0	0	0	0	0	0	0	0	0	0	0	0	0	0	0	0	0	0	0	0	0	0	0	0	500	0	1378	0	0	0	110	0	0	0	14206	1458	0	0	648	0	650	194	30530	574	0	0	0	0	0	0	0	0	0	0	0	0	0	0	0	0	0	0	0	0	0	0	0	0	0	0	0	0	0	0	0	0	732	0	67286	5560	4854	3100	4426	548	36364	1210	0	6012	3278	444	1100	2876	7282	996	538	0	194	586	8402	9670	7212	1658	1544	712	
516196	Cerebelum_6_R	0	0	0	0	0	0	0	0	0	0	0	0	0	0	0	0	0	0	0	0	0	0	0	0	0	0	0	0	0	0	0	0	0	0	0	0	0	140	0	178	0	0	202	0	0	0	4978	9662	0	0	0	0	0	2810	338	26828	0	0	0	0	0	0	0	0	0	0	0	0	0	0	0	0	0	0	0	0	0	0	0	0	0	0	0	0	0	0	0	0	0	860	3874	67362	730	9324	1166	8686	8148	32044	6012	0	234	1172	122	6998	598	3570	0	0	390	5564	19370	19222	9698	2440	2928	2450	
204740	Cerebelum_7b_L	0	0	0	0	0	0	0	0	0	0	0	0	0	0	0	0	0	0	0	0	0	0	0	0	0	0	0	0	0	0	0	0	0	0	0	0	0	0	0	0	0	0	0	0	0	0	0	0	0	0	0	0	0	0	490	0	0	0	0	0	0	0	0	0	0	0	0	0	0	0	0	0	0	0	0	0	0	0	0	0	0	0	0	0	0	0	0	0	0	0	13406	484	33212	3862	200	0	876	0	3278	234	0	2696	28040	1870	6976	0	480	0	0	0	96	268	3726	2176	0	0	
162536	Cerebelum_7b_R	0	0	0	0	0	0	0	0	0	0	0	0	0	0	0	0	0	0	0	0	0	0	0	0	0	0	0	0	0	0	0	0	0	0	0	0	0	0	0	0	0	0	0	0	0	0	160	0	0	0	0	0	0	0	0	0	0	0	0	0	0	0	0	0	0	0	0	0	0	0	0	0	0	0	0	0	0	0	0	0	0	0	0	0	0	0	0	0	0	0	1910	9108	3466	26962	0	0	0	0	444	1172	2696	0	2160	22202	480	5072	0	0	0	0	0	98	3470	1774	94	0	
228196	Cerebelum_8_L	0	0	0	0	0	0	0	0	0	0	0	0	0	0	0	0	0	0	0	0	0	0	0	0	0	0	0	0	0	0	0	0	0	0	0	0	0	0	0	0	0	0	0	0	0	0	0	0	0	0	0	0	0	0	0	0	0	0	0	0	0	0	0	0	0	0	0	0	0	0	0	0	0	0	0	0	0	0	0	0	0	0	0	0	0	0	0	0	0	0	11718	676	25522	4540	0	0	338	0	1100	122	28040	2160	0	4422	20506	938	1566	0	0	0	0	186	5380	5394	1356	134	
268852	Cerebelum_8_R	0	0	0	0	0	0	0	0	0	0	0	0	0	0	0	0	0	0	0	0	0	0	0	0	0	0	0	0	0	0	0	0	0	0	0	0	0	0	0	0	0	0	0	0	0	0	324	120	0	0	0	0	0	0	0	258	0	0	0	0	0	0	0	0	0	0	0	0	0	0	0	0	0	0	0	0	0	0	0	0	0	0	0	0	0	0	0	0	0	0	3116	16980	1862	28818	436	832	1088	662	2876	6998	1870	22202	4422	0	3882	16156	0	578	108	608	556	2490	9406	5130	2248	400	
165384	Cerebelum_9_L	0	0	0	0	0	0	0	0	0	0	0	0	0	0	0	0	0	0	0	0	0	0	0	0	0	0	0	0	0	0	0	0	0	0	0	0	0	0	0	0	0	0	0	0	0	0	182	0	0	0	0	0	0	0	0	0	0	0	0	0	0	0	0	0	0	0	0	0	0	0	0	0	0	0	0	0	0	0	0	0	0	0	0	0	0	0	0	0	0	0	6612	564	6274	2436	1574	182	4366	250	7282	598	6976	480	20506	3882	0	1738	2510	0	0	196	622	2618	5196	4118	2788	742	
111568	Cerebelum_9_R	0	0	0	0	0	0	0	0	0	0	0	0	0	0	0	0	0	0	0	0	0	0	0	0	0	0	0	0	0	0	0	0	0	0	0	0	0	0	0	0	0	0	0	0	0	0	102	0	0	0	0	0	0	0	0	0	0	0	0	0	0	0	0	0	0	0	0	0	0	0	0	0	0	0	0	0	0	0	0	0	0	0	0	0	0	0	0	0	0	0	156	2772	0	5024	104	1062	466	442	996	3570	0	5072	938	16156	1738	0	0	846	422	1196	98	2322	3116	3696	4140	1350	
13380	Cerebelum_10_L	0	0	0	0	0	0	0	0	0	0	0	0	0	0	0	0	0	0	0	0	0	0	0	0	0	0	0	0	0	0	0	0	0	0	0	0	0	0	0	0	0	0	0	0	0	0	0	0	0	0	0	0	0	0	210	0	0	0	0	0	0	0	0	0	0	0	0	0	0	0	0	0	0	0	0	0	0	0	0	0	0	0	0	0	0	0	0	0	0	0	236	0	348	0	0	0	802	0	538	0	480	0	1566	0	2510	0	0	0	0	0	0	0	0	0	0	0	
2848	Cerebelum_10_R	0	0	0	0	0	0	0	0	0	0	0	0	0	0	0	0	0	0	0	0	0	0	0	0	0	0	0	0	0	0	0	0	0	0	0	0	0	0	0	0	0	0	0	0	0	0	0	0	0	0	0	0	0	0	0	0	0	0	0	0	0	0	0	0	0	0	0	0	0	0	0	0	0	0	0	0	0	0	0	0	0	0	0	0	0	0	0	0	0	0	0	0	0	0	0	0	0	0	0	0	0	0	0	578	0	846	0	0	0	0	0	0	0	0	0	0	
19484	Vermis_1_2	0	0	0	0	0	0	0	0	0	0	0	0	0	0	0	0	0	0	0	0	0	0	0	0	0	0	0	0	0	0	0	0	0	0	0	0	0	0	108	0	0	0	0	0	0	0	0	0	0	0	0	0	0	0	0	0	0	0	0	0	0	0	0	0	0	0	0	0	0	0	0	0	0	0	0	0	0	0	0	0	0	0	0	0	0	0	0	0	0	0	102	240	0	102	960	522	848	0	194	390	0	0	0	108	0	422	0	0	0	3272	832	296	398	334	512	102	
83356	Vermis_3	0	0	0	0	0	0	0	0	0	0	0	0	0	0	0	0	0	0	0	0	0	0	0	0	0	0	0	0	0	0	0	0	0	0	0	0	0	0	270	0	0	0	0	0	0	0	248	0	0	0	0	0	0	0	0	466	0	0	0	0	0	0	0	0	0	0	0	0	0	0	0	0	0	0	0	0	0	0	0	0	0	0	0	0	0	0	0	0	0	0	354	4356	0	646	1498	6846	1958	3904	586	5564	0	0	0	608	196	1196	0	0	3272	0	3310	1442	2016	1322	1448	172	
260496	Vermis_4_5	0	0	0	0	0	0	0	0	0	0	0	0	0	0	0	0	0	0	0	0	0	0	0	0	0	0	0	0	0	0	0	0	0	0	0	344	0	348	0	500	0	0	712	124	0	0	8952	6350	0	0	0	0	0	1064	2276	7130	0	0	0	0	0	0	0	0	0	0	0	682	0	0	0	0	0	0	0	0	0	0	0	0	0	0	0	0	0	0	0	0	0	0	4652	12558	108	1286	1794	2814	18592	16666	8402	19370	96	0	0	556	622	98	0	0	832	3310	0	6198	1462	728	342	1280	
221108	Vermis_6	0	0	0	0	0	0	0	0	0	0	0	0	0	0	0	0	0	0	0	0	0	0	0	0	0	0	0	0	0	0	0	0	0	0	0	0	0	0	0	0	0	0	178	0	0	0	974	7302	0	0	0	0	0	1978	124	4732	0	0	0	0	0	0	0	0	0	0	0	0	0	0	0	0	0	0	0	0	0	0	0	0	0	0	0	0	0	0	0	0	0	0	5860	13630	486	2154	1040	1414	4668	760	9670	19222	268	98	186	2490	2618	2322	0	0	296	1442	6198	0	8916	3428	3612	4488	
240288	Vermis_7	0	0	0	0	0	0	0	0	0	0	0	0	0	0	0	0	0	0	0	0	0	0	0	0	0	0	0	0	0	0	0	0	0	0	0	0	0	0	0	0	0	0	0	0	0	0	1494	1418	0	0	0	0	98	498	432	1214	0	0	0	0	0	0	0	0	0	0	0	0	0	0	0	0	0	0	0	0	0	0	0	0	0	0	0	0	0	0	0	0	0	0	8418	11002	5150	10626	846	2168	1906	1180	7212	9698	3726	3470	5380	9406	5196	3116	0	0	398	2016	1462	8916	0	7296	4722	1680	
118360	Vermis_8	0	0	0	0	0	0	0	0	0	0	0	0	0	0	0	0	0	0	0	0	0	0	0	0	0	0	0	0	0	0	0	0	0	0	0	0	0	0	0	0	0	0	0	0	0	0	192	0	0	0	0	0	0	0	0	0	0	0	0	0	0	0	0	0	0	0	0	0	0	0	0	0	0	0	0	0	0	0	0	0	0	0	0	0	0	0	0	0	0	0	974	1952	1520	4544	328	1428	1050	414	1658	2440	2176	1774	5394	5130	4118	3696	0	0	334	1322	728	3428	7296	0	5236	2048	
78816	Vermis_9	0	0	0	0	0	0	0	0	0	0	0	0	0	0	0	0	0	0	0	0	0	0	0	0	0	0	0	0	0	0	0	0	0	0	0	0	0	0	0	0	0	0	0	0	0	0	112	0	0	0	0	0	0	0	0	0	0	0	0	0	0	0	0	0	0	0	0	0	0	0	0	0	0	0	0	0	0	0	0	0	0	0	0	0	0	0	0	0	0	0	322	1814	0	1366	246	1086	760	402	1544	2928	0	94	1356	2248	2788	4140	0	0	512	1448	342	3612	4722	5236	0	2330	
