data	data	645284	314132	1.20556e+06	963476	121200	87852	757988	379068	78360	35516	443396	240176	452168	146272	221872	97524	239852	223900	869636	778884	83716	126324	472848	499580	62552	123252	79032	108292	770236	503228	358836	644356	229276	590732	158708	194264	223372	234080	57560	129260	27156	48272	231252	326972	191196	360784	214268	250180	216408	352872	556288	215388	147920	65236	248104	355124	264364	288536	156244	124160	188144	100808	99524	137312	134840	89092	301908	440456	228028	151948	407292	519996	370836	310756	37368	19700	177468	148396	109692	35944	236884	112524	111796	58048	358904	299748	11584	16648	247532	266836	364096	326964	342248	292708	13044	42288	183748	153536	318780	313288	259816	158132	314172	256204	111820	98836	26660	8516	11024	28204	121388	160848	181164	123836	59664	16224	
data	data	Precentral_L	Precentral_R	Frontal_Sup_L	Frontal_Sup_R	Frontal_Sup_Orb_L	Frontal_Sup_Orb_R	Frontal_Mid_L	Frontal_Mid_R	Frontal_Mid_Orb_L	Frontal_Mid_Orb_R	Frontal_Inf_Oper_L	Frontal_Inf_Oper_R	Frontal_Inf_Tri_L	Frontal_Inf_Tri_R	Frontal_Inf_Orb_L	Frontal_Inf_Orb_R	Rolandic_Oper_L	Rolandic_Oper_R	Supp_Motor_Area_L	Supp_Motor_Area_R	Olfactory_L	Olfactory_R	Frontal_Sup_Medial_L	Frontal_Sup_Medial_R	Frontal_Med_Orb_L	Frontal_Med_Orb_R	Rectus_L	Rectus_R	Insula_L	Insula_R	Cingulum_Ant_L	Cingulum_Ant_R	Cingulum_Mid_L	Cingulum_Mid_R	Cingulum_Post_L	Cingulum_Post_R	Hippocampus_L	Hippocampus_R	ParaHippocampal_L	ParaHippocampal_R	Amygdala_L	Amygdala_R	Calcarine_L	Calcarine_R	Cuneus_L	Cuneus_R	Lingual_L	Lingual_R	Occipital_Sup_L	Occipital_Sup_R	Occipital_Mid_L	Occipital_Mid_R	Occipital_Inf_L	Occipital_Inf_R	Fusiform_L	Fusiform_R	Postcentral_L	Postcentral_R	Parietal_Sup_L	Parietal_Sup_R	Parietal_Inf_L	Parietal_Inf_R	SupraMarginal_L	SupraMarginal_R	Angular_L	Angular_R	Precuneus_L	Precuneus_R	Paracentral_Lobule_L	Paracentral_Lobule_R	Caudate_L	Caudate_R	Putamen_L	Putamen_R	Pallidum_L	Pallidum_R	Thalamus_L	Thalamus_R	Heschl_L	Heschl_R	Temporal_Sup_L	Temporal_Sup_R	Temporal_Pole_Sup_L	Temporal_Pole_Sup_R	Temporal_Mid_L	Temporal_Mid_R	Temporal_Pole_Mid_L	Temporal_Pole_Mid_R	Temporal_Inf_L	Temporal_Inf_R	Cerebelum_Crus1_L	Cerebelum_Crus1_R	Cerebelum_Crus2_L	Cerebelum_Crus2_R	Cerebelum_3_L	Cerebelum_3_R	Cerebelum_4_5_L	Cerebelum_4_5_R	Cerebelum_6_L	Cerebelum_6_R	Cerebelum_7b_L	Cerebelum_7b_R	Cerebelum_8_L	Cerebelum_8_R	Cerebelum_9_L	Cerebelum_9_R	Cerebelum_10_L	Cerebelum_10_R	Vermis_1_2	Vermis_3	Vermis_4_5	Vermis_6	Vermis_7	Vermis_8	Vermis_9	Vermis_10	
645284	Precentral_L	0	5010	32796	8522	0	0	51008	716	0	0	20308	1144	3772	714	206	0	8254	1820	16418	12586	0	0	0	0	0	0	0	0	11062	1692	0	124	1040	6374	6096	1366	5408	354	834	0	0	0	160	0	194	102	184	0	0	0	5126	0	430	0	1856	0	33938	0	328	0	3648	0	1814	0	832	0	1710	610	23260	604	5454	3656	7682	216	2216	0	15282	1626	5158	0	736	0	222	302	6222	0	0	0	1450	0	0	0	0	0	0	0	0	0	0	0	0	0	0	0	0	0	0	0	0	0	0	0	0	0	0	0	
314132	Precentral_R	5010	0	2702	20296	0	0	2866	17664	0	0	296	5062	152	398	0	0	110	2910	1626	7470	0	0	0	0	0	0	0	0	318	4108	0	0	0	2292	1288	3286	192	3784	0	1024	0	0	0	3458	0	2718	0	910	0	1844	0	262	0	0	0	2614	0	24342	0	402	0	2848	0	4530	0	0	0	6978	1420	6322	2224	1880	130	3842	0	826	1464	2626	0	496	0	314	0	0	0	858	0	0	0	904	0	0	0	0	0	0	0	0	0	0	0	0	0	0	0	0	0	0	0	0	0	0	0	0	0	0	
1.20556e+06	Frontal_Sup_L	32796	2702	0	22010	5510	102	94566	6326	2278	0	24928	4358	23504	1074	7616	538	8458	3544	100984	26848	0	0	43472	13006	1938	376	286	0	34186	5494	13188	12958	11356	10588	1306	1484	3594	1340	844	132	0	0	0	188	0	110	106	0	0	0	116	0	0	0	0	0	3892	440	0	0	0	130	0	140	0	0	0	704	4908	0	14164	7102	25504	1412	2326	0	9094	2912	2294	0	1322	0	892	442	324	0	0	0	570	0	0	0	0	0	0	0	0	0	0	0	0	0	0	0	0	0	0	0	0	0	0	0	0	0	0	0	
963476	Frontal_Sup_R	8522	20296	22010	0	0	5288	7912	55214	0	788	1546	5862	1094	5946	0	5096	336	8232	27548	72968	0	2912	14244	44888	0	5806	0	2428	1516	20184	3914	34574	2408	25258	310	930	224	1766	0	196	0	886	0	316	0	186	0	0	0	142	0	0	0	0	0	280	134	1838	0	0	0	112	0	134	0	0	0	468	1378	0	2280	28362	612	15316	136	1568	1698	14230	0	264	0	400	132	650	0	0	0	0	0	0	0	0	0	0	0	0	0	0	0	0	0	0	0	0	0	0	0	0	0	0	0	0	0	0	0	0	
121200	Frontal_Sup_Orb_L	0	0	5510	0	0	0	1974	0	9312	0	0	0	274	0	7874	0	0	0	164	0	1532	106	4638	374	7500	108	5098	0	2560	0	6042	178	0	0	0	0	0	0	0	0	508	0	0	0	0	0	0	0	0	0	0	0	0	0	0	0	0	0	0	0	0	0	0	0	0	0	0	0	0	0	220	0	6628	0	0	0	0	0	0	0	0	0	0	0	0	0	0	0	0	0	0	0	0	0	0	0	0	0	0	0	0	0	0	0	0	0	0	0	0	0	0	0	0	0	0	0	
87852	Frontal_Sup_Orb_R	0	0	102	5288	0	0	0	1368	0	3784	0	0	0	468	0	4970	0	0	150	278	0	3982	106	1718	0	7506	0	7092	0	1952	158	1910	0	186	0	0	0	0	0	0	0	996	0	0	0	0	0	0	0	0	0	0	0	0	0	0	0	0	0	0	0	0	0	0	0	0	0	0	0	0	0	894	0	1018	0	0	0	0	0	0	0	0	0	0	0	0	0	0	0	0	0	0	0	0	0	0	0	0	0	0	0	0	0	0	0	0	0	0	0	0	0	0	0	0	0	0	
757988	Frontal_Mid_L	51008	2866	94566	7912	1974	0	0	1450	2954	0	23656	988	30500	786	7840	0	5502	1656	24498	6110	0	0	14666	4640	0	140	0	0	27554	2028	3644	4254	6638	4752	1240	954	3938	216	408	0	0	0	0	0	0	0	108	0	0	0	246	0	0	0	0	0	3918	0	0	0	0	0	0	0	0	0	148	486	2060	108	4300	3776	6162	524	1952	0	11756	450	2130	0	448	0	416	178	320	0	0	0	170	0	0	0	0	0	0	0	0	0	0	0	0	0	0	0	0	0	0	0	0	0	0	0	0	0	0	0	
379068	Frontal_Mid_R	716	17664	6326	55214	0	1368	1450	0	0	1544	554	9380	510	13356	0	4080	0	5746	7264	12192	0	0	2870	10006	0	0	0	0	298	7064	486	5178	282	6086	106	226	0	1370	0	0	0	0	0	242	0	178	0	0	0	142	0	0	0	0	0	186	0	2620	0	0	0	300	0	620	0	0	0	366	0	0	158	3562	108	5220	0	1178	258	2226	0	244	0	242	0	348	0	0	0	0	0	0	0	0	0	0	0	0	0	0	0	0	0	0	0	0	0	0	0	0	0	0	0	0	0	0	0	0	
78360	Frontal_Mid_Orb_L	0	0	2278	0	9312	0	2954	0	0	0	0	0	2046	0	13460	0	0	0	284	0	0	0	292	0	814	0	1038	0	2262	0	582	0	0	0	0	0	0	0	0	0	0	0	0	0	0	0	0	0	0	0	0	0	0	0	0	0	0	0	0	0	0	0	0	0	0	0	0	0	0	0	0	0	3858	0	0	0	0	0	0	0	0	0	0	0	0	0	0	0	0	0	0	0	0	0	0	0	0	0	0	0	0	0	0	0	0	0	0	0	0	0	0	0	0	0	0	0	
35516	Frontal_Mid_Orb_R	0	0	0	788	0	3784	0	1544	0	0	0	0	0	518	0	7904	0	0	0	132	0	208	0	0	0	802	0	766	0	880	0	0	0	138	0	0	0	0	0	0	0	0	0	0	0	0	0	0	0	0	0	0	0	0	0	0	0	0	0	0	0	0	0	0	0	0	0	0	0	0	0	140	0	0	0	0	0	0	0	0	0	0	0	154	0	0	0	0	0	0	0	0	0	0	0	0	0	0	0	0	0	0	0	0	0	0	0	0	0	0	0	0	0	0	0	0	
443396	Frontal_Inf_Oper_L	20308	296	24928	1546	0	0	23656	554	0	0	0	5362	23868	542	1006	206	11340	2990	18538	1378	0	0	382	126	0	0	0	0	33318	6318	1562	764	718	288	0	0	272	0	0	0	0	0	0	0	0	0	0	0	0	0	132	0	0	0	0	0	3714	116	0	0	0	0	0	0	0	0	0	0	132	0	14028	8094	5370	592	336	0	0	116	1758	0	1596	0	4858	396	194	0	0	0	0	0	0	0	0	0	0	0	0	0	0	0	0	0	0	0	0	0	0	0	0	0	0	0	0	0	0	0	
240176	Frontal_Inf_Oper_R	1144	5062	4358	5862	0	0	988	9380	0	0	5362	0	4274	5840	512	214	204	11682	6152	4024	0	0	0	1174	0	0	0	0	6380	19552	0	1648	0	2048	0	0	0	358	0	224	0	0	0	0	0	0	0	0	0	0	0	0	0	0	0	202	394	1620	0	0	0	0	0	0	0	0	0	0	0	0	4792	8038	1846	3140	0	134	0	400	0	314	0	254	1038	1474	0	0	0	0	0	0	0	0	0	0	0	0	0	0	0	0	0	0	0	0	0	0	0	0	0	0	0	0	0	0	0	0	
452168	Frontal_Inf_Tri_L	3772	152	23504	1094	274	0	30500	510	2046	0	23868	4274	0	328	17904	322	394	1816	11686	1106	0	0	4372	1292	110	0	0	0	51376	4906	6068	2588	5458	1436	0	0	0	0	0	0	0	0	0	0	0	0	0	0	0	0	0	0	0	0	0	0	690	0	0	0	0	0	0	0	0	0	0	0	0	0	11006	3240	7376	192	0	0	0	172	126	0	0	0	1846	280	0	0	0	0	0	0	0	0	0	0	0	0	0	0	0	0	0	0	0	0	0	0	0	0	0	0	0	0	0	0	0	0	
146272	Frontal_Inf_Tri_R	714	398	1074	5946	0	468	786	13356	0	518	542	5840	328	0	154	5436	280	144	1444	3436	0	0	170	2532	0	346	0	0	672	13630	148	3360	0	1972	0	0	0	0	0	0	0	0	0	0	0	0	0	0	0	0	0	0	0	0	0	0	0	0	0	0	0	0	0	0	0	0	0	0	0	0	1564	6622	220	1036	0	0	0	0	0	0	0	0	0	0	0	0	0	0	0	0	0	0	0	0	0	0	0	0	0	0	0	0	0	0	0	0	0	0	0	0	0	0	0	0	0	0	
221872	Frontal_Inf_Orb_L	206	0	7616	0	7874	0	7840	0	13460	0	1006	512	17904	154	0	0	174	458	3370	0	2316	0	698	0	868	0	850	0	26666	686	1054	146	246	0	0	0	0	0	254	0	410	0	0	0	0	0	0	0	0	0	0	0	0	0	0	0	0	0	0	0	0	0	0	0	0	0	0	0	0	0	2576	866	9926	0	0	0	0	160	0	0	0	0	2640	0	0	0	0	0	0	0	0	0	0	0	0	0	0	0	0	0	0	0	0	0	0	0	0	0	0	0	0	0	0	0	0	0	
97524	Frontal_Inf_Orb_R	0	0	538	5096	0	4970	0	4080	0	7904	206	214	322	5436	0	0	0	0	1088	1474	0	944	242	1046	0	884	0	462	362	7630	0	554	0	1130	0	0	0	0	0	0	0	0	0	0	0	0	0	0	0	0	0	0	0	0	0	0	0	0	0	0	0	0	0	0	0	0	0	0	0	0	424	2624	158	346	0	0	0	0	0	0	0	0	0	628	0	0	0	0	0	0	0	0	0	0	0	0	0	0	0	0	0	0	0	0	0	0	0	0	0	0	0	0	0	0	0	0	
239852	Rolandic_Oper_L	8254	110	8458	336	0	0	5502	0	0	0	11340	204	394	280	174	0	0	300	5470	274	0	0	0	0	0	0	0	0	18424	516	0	0	0	0	0	0	608	0	166	0	0	0	0	0	0	0	0	0	104	0	4868	0	328	0	916	0	8146	0	526	0	3810	0	3124	0	5088	0	146	0	380	0	3286	1570	1866	0	428	0	0	0	8784	0	7172	0	2164	0	3756	0	0	0	2654	0	0	0	0	0	0	0	0	0	0	0	0	0	0	0	0	0	0	0	0	0	0	0	0	0	0	0	
223900	Rolandic_Oper_R	1820	2910	3544	8232	0	0	1656	5746	0	0	2990	11682	1816	144	458	0	300	0	4008	4092	0	0	0	146	0	0	0	0	3468	17906	0	550	0	796	120	248	118	1146	0	142	0	0	0	308	0	438	0	230	0	482	0	240	0	0	0	190	404	4690	0	428	0	588	0	2358	0	0	0	582	0	0	2408	5706	840	4100	0	254	280	3786	0	2856	0	3236	280	2338	0	452	0	0	0	438	0	0	0	0	0	0	0	0	0	0	0	0	0	0	0	0	0	0	0	0	0	0	0	0	0	0	
869636	Supp_Motor_Area_L	16418	1626	100984	27548	164	150	24498	7264	284	0	18538	6152	11686	1444	3370	1088	5470	4008	0	48378	0	0	8100	5250	102	344	0	0	18718	7030	3046	6918	11186	21140	2238	852	1618	1238	602	142	0	0	0	186	0	0	0	0	0	0	0	0	0	0	0	106	1002	484	0	0	0	144	0	156	0	0	358	342	8938	102	13616	6982	16478	1670	2566	0	7618	2636	886	0	1068	0	782	476	182	0	0	0	446	0	0	0	0	0	0	0	0	0	0	0	0	0	0	0	0	0	0	0	0	0	0	0	0	0	0	0	
778884	Supp_Motor_Area_R	12586	7470	26848	72968	0	278	6110	12192	0	132	1378	4024	1106	3436	0	1474	274	4092	48378	0	0	138	5306	17814	0	988	0	150	1432	9830	3852	19404	4474	51268	2150	8098	0	1042	0	444	0	0	0	306	0	336	0	0	0	0	0	0	0	0	0	810	104	1458	0	0	0	0	0	0	0	0	0	1070	7556	9198	3234	18220	608	8648	104	322	1256	6254	0	104	0	206	112	400	0	0	0	0	0	0	0	0	0	0	0	0	0	0	0	0	0	0	0	0	0	0	0	0	0	0	0	0	0	0	0	0	
83716	Olfactory_L	0	0	0	0	1532	0	0	0	0	0	0	0	0	0	2316	0	0	0	0	0	0	5728	0	0	282	0	5156	3310	2402	0	3344	3214	0	0	0	0	140	0	554	0	1306	0	0	0	0	0	0	0	0	0	0	0	0	0	0	0	0	0	0	0	0	0	0	0	0	0	0	0	0	0	6096	3960	1054	988	0	0	0	0	0	0	0	0	476	0	0	0	0	0	0	0	0	0	0	0	0	0	0	0	0	0	0	0	0	0	0	0	0	0	0	0	0	0	0	0	0	0	
126324	Olfactory_R	0	0	0	2912	106	3982	0	0	0	208	0	0	0	0	0	944	0	0	0	138	5728	0	0	1652	118	3710	4816	8570	0	1970	2552	4294	0	0	0	0	0	0	0	0	0	1998	0	0	0	0	0	0	0	0	0	0	0	0	0	0	0	0	0	0	0	0	0	0	0	0	0	0	0	0	7574	6872	1568	3450	0	0	0	0	0	0	0	0	0	0	0	0	0	0	0	0	0	0	0	0	0	0	0	0	0	0	0	0	0	0	0	0	0	0	0	0	0	0	0	0	0	0	
472848	Frontal_Sup_Medial_L	0	0	43472	14244	4638	106	14666	2870	292	0	382	0	4372	170	698	242	0	0	8100	5306	0	0	0	32592	4820	1290	738	0	5436	790	25796	28180	10078	17198	0	0	0	0	0	0	0	0	0	0	0	0	0	0	0	0	0	0	0	0	0	0	0	0	0	0	0	0	0	0	0	0	0	0	0	0	1004	818	7260	866	0	0	0	0	0	0	0	0	0	0	0	0	0	0	0	0	0	0	0	0	0	0	0	0	0	0	0	0	0	0	0	0	0	0	0	0	0	0	0	0	0	0	
499580	Frontal_Sup_Medial_R	0	0	13006	44888	374	1718	4640	10006	0	0	126	1174	1292	2532	0	1046	0	146	5250	17814	0	1652	32592	0	788	8276	0	1506	1386	8126	9312	41798	3188	24102	0	0	0	0	0	0	0	718	0	0	0	0	0	0	0	0	0	0	0	0	0	0	0	0	0	0	0	0	0	0	0	0	0	0	0	0	280	5914	744	5396	0	0	0	0	0	0	0	0	0	0	0	0	0	0	0	0	0	0	0	0	0	0	0	0	0	0	0	0	0	0	0	0	0	0	0	0	0	0	0	0	0	0	
62552	Frontal_Med_Orb_L	0	0	1938	0	7500	0	0	0	814	0	0	0	110	0	868	0	0	0	102	0	282	118	4820	788	0	674	2008	222	760	0	7288	530	0	0	0	0	0	0	0	0	0	0	0	0	0	0	0	0	0	0	0	0	0	0	0	0	0	0	0	0	0	0	0	0	0	0	0	0	0	0	188	134	2132	0	0	0	0	0	0	0	0	0	0	0	0	0	0	0	0	0	0	0	0	0	0	0	0	0	0	0	0	0	0	0	0	0	0	0	0	0	0	0	0	0	0	0	
123252	Frontal_Med_Orb_R	0	0	376	5806	108	7506	140	0	0	802	0	0	0	346	0	884	0	0	344	988	0	3710	1290	8276	674	0	0	6800	132	2916	2692	9958	0	324	0	0	0	0	0	0	0	1254	0	0	0	0	0	0	0	0	0	0	0	0	0	0	0	0	0	0	0	0	0	0	0	0	0	0	0	0	232	2650	0	3418	0	0	0	0	0	0	0	0	0	0	0	0	0	0	0	0	0	0	0	0	0	0	0	0	0	0	0	0	0	0	0	0	0	0	0	0	0	0	0	0	0	0	
79032	Rectus_L	0	0	286	0	5098	0	0	0	1038	0	0	0	0	0	850	0	0	0	0	0	5156	4816	738	0	2008	0	0	2624	230	0	4068	2092	0	0	0	0	0	0	0	0	286	0	0	0	0	0	0	0	0	0	0	0	0	0	0	0	0	0	0	0	0	0	0	0	0	0	0	0	0	0	4676	3086	2020	444	0	0	0	0	0	0	0	0	0	0	0	0	0	0	0	0	0	0	0	0	0	0	0	0	0	0	0	0	0	0	0	0	0	0	0	0	0	0	0	0	0	0	
108292	Rectus_R	0	0	0	2428	0	7092	0	0	0	766	0	0	0	0	0	462	0	0	0	150	3310	8570	0	1506	222	6800	2624	0	0	648	2726	5372	0	0	0	0	0	0	0	0	0	1504	0	0	0	0	0	0	0	0	0	0	0	0	0	0	0	0	0	0	0	0	0	0	0	0	0	0	0	0	2762	4146	330	2728	0	0	0	0	0	0	0	0	0	0	0	0	0	0	0	0	0	0	0	0	0	0	0	0	0	0	0	0	0	0	0	0	0	0	0	0	0	0	0	0	0	0	
770236	Insula_L	11062	318	34186	1516	2560	0	27554	298	2262	0	33318	6380	51376	672	26666	362	18424	3468	18718	1432	2402	0	5436	1386	760	132	230	0	0	7364	7050	2902	5792	1562	658	652	7428	0	1706	0	2240	0	0	0	0	0	0	0	0	0	2514	0	292	0	2146	0	7616	114	0	0	488	0	762	0	162	0	130	468	232	0	18394	8996	20434	592	260	0	214	154	10362	0	6210	0	8086	534	3488	0	0	0	4198	0	0	0	0	0	0	0	0	0	0	0	0	0	0	0	0	0	0	0	0	0	0	0	0	0	0	0	
503228	Insula_R	1692	4108	5494	20184	0	1952	2028	7064	0	880	6318	19552	4906	13630	686	7630	516	17906	7030	9830	0	1970	790	8126	0	2916	0	648	7364	0	680	12304	262	5424	0	0	0	3396	0	1494	0	1180	0	0	0	0	0	0	0	0	0	0	0	0	0	3258	408	3396	0	0	0	0	0	240	0	0	0	0	0	0	7998	16754	2854	19806	0	154	0	1484	0	2260	0	5444	1124	2742	0	2578	0	0	0	3154	0	0	0	0	0	0	0	0	0	0	0	0	0	0	0	0	0	0	0	0	0	0	0	0	0	0	
358836	Cingulum_Ant_L	0	0	13188	3914	6042	158	3644	486	582	0	1562	0	6068	148	1054	0	0	0	3046	3852	3344	2552	25796	9312	7288	2692	4068	2726	7050	680	0	29086	9172	9950	0	0	0	0	0	0	0	0	0	0	0	0	0	0	0	0	0	0	0	0	0	0	0	0	0	0	0	0	0	0	0	0	0	0	0	0	7562	3934	8262	2200	0	0	0	0	0	0	0	0	0	0	0	0	0	0	0	0	0	0	0	0	0	0	0	0	0	0	0	0	0	0	0	0	0	0	0	0	0	0	0	0	0	0	
644356	Cingulum_Ant_R	124	0	12958	34574	178	1910	4254	5178	0	0	764	1648	2588	3360	146	554	0	550	6918	19404	3214	4294	28180	41798	530	9958	2092	5372	2902	12304	29086	0	7132	33028	0	0	0	0	0	0	0	860	0	0	0	0	0	0	0	0	0	0	0	0	0	0	0	0	0	0	0	0	0	0	0	0	0	0	0	0	4426	20856	3054	17984	0	0	0	0	0	0	0	0	0	0	0	0	0	0	0	0	0	0	0	0	0	0	0	0	0	0	0	0	0	0	0	0	0	0	0	0	0	0	0	0	0	0	
229276	Cingulum_Mid_L	1040	0	11356	2408	0	0	6638	282	0	0	718	0	5458	0	246	0	0	0	11186	4474	0	0	10078	3188	0	0	0	0	5792	262	9172	7132	0	14652	2816	588	0	0	0	0	0	0	230	0	376	194	0	0	1202	0	1170	0	0	0	0	0	0	130	630	0	160	0	0	0	0	0	4112	1212	4520	1068	476	446	640	396	0	0	0	0	0	0	190	0	0	0	0	0	0	0	0	0	0	0	0	0	0	0	0	0	0	0	0	0	0	0	0	0	0	0	0	0	0	0	0	0	0	0	
590732	Cingulum_Mid_R	6374	2292	10588	25258	0	186	4752	6086	0	138	288	2048	1436	1972	0	1130	0	796	21140	51268	0	0	17198	24102	0	324	0	0	1562	5424	9950	33028	14652	0	1922	9018	0	0	0	0	0	0	0	1488	0	2820	0	0	144	934	0	242	0	0	0	0	0	3726	0	440	0	0	0	0	0	0	1190	6754	5754	11396	1090	2720	618	2434	0	0	398	0	0	0	0	0	0	0	0	136	0	0	0	150	0	0	0	0	0	0	0	0	0	0	0	0	0	0	0	0	0	0	0	0	0	0	0	0	0	0	
158708	Cingulum_Post_L	6096	1288	1306	310	0	0	1240	106	0	0	0	0	0	0	0	0	0	120	2238	2150	0	0	0	0	0	0	0	0	658	0	0	0	2816	1922	0	11864	8156	3172	554	974	0	0	2218	106	2018	324	472	950	356	0	832	0	122	0	130	264	116	228	0	0	0	0	0	0	0	0	8744	3822	7854	1246	142	0	368	0	0	0	3192	414	0	0	0	0	0	0	300	0	0	0	166	0	0	0	0	0	0	0	0	0	0	0	0	0	0	0	0	0	0	0	0	0	0	0	0	0	0	0	
194264	Cingulum_Post_R	1366	3286	1484	930	0	0	954	226	0	0	0	0	0	0	0	0	0	248	852	8098	0	0	0	0	0	0	0	0	652	0	0	0	588	9018	11864	0	6122	6354	166	2018	0	0	0	810	128	2338	164	1982	258	268	0	0	0	0	0	1752	114	2460	0	144	0	0	0	0	0	0	2194	13484	458	7476	410	0	368	0	0	0	5096	2048	0	0	0	0	0	0	144	264	0	0	106	298	0	0	0	0	0	0	0	0	0	0	0	0	0	0	0	0	0	0	0	0	142	0	0	0	0	0	
223372	Hippocampus_L	5408	192	3594	224	0	0	3938	0	0	0	272	0	0	0	0	0	608	118	1618	0	140	0	0	0	0	0	0	0	7428	0	0	0	0	0	8156	6122	0	3012	9426	956	4652	0	5608	0	284	0	4326	934	0	0	3456	0	820	0	7306	270	1130	0	0	0	0	0	0	0	0	0	8182	2462	162	0	192	104	5950	0	670	0	3706	172	1182	0	472	0	0	0	850	0	0	0	7584	0	0	0	0	0	0	0	0	0	0	0	0	0	0	0	0	0	0	0	0	0	0	0	0	0	0	0	
234080	Hippocampus_R	354	3784	1340	1766	0	0	216	1370	0	0	0	358	0	0	0	0	0	1146	1238	1042	0	0	0	0	0	0	0	0	0	3396	0	0	0	0	3172	6354	3012	0	284	19052	0	5414	0	2546	0	0	166	5246	0	0	0	134	0	128	0	25568	0	514	0	0	0	104	0	450	0	0	152	5862	0	296	0	208	0	6708	0	872	3362	4196	0	530	0	520	0	118	0	678	0	0	0	5026	0	0	0	0	0	0	0	358	0	0	0	0	0	0	0	0	0	0	0	0	0	0	0	0	0	0	
57560	ParaHippocampal_L	834	0	844	0	0	0	408	0	0	0	0	0	0	0	254	0	166	0	602	0	554	0	0	0	0	0	0	0	1706	0	0	0	0	0	554	166	9426	284	0	0	1448	0	548	0	0	0	2170	0	0	0	552	0	304	0	2644	0	0	0	0	0	0	0	0	0	0	0	1022	0	0	0	0	0	2114	0	0	0	0	0	0	0	0	0	516	0	0	0	146	0	994	0	102	0	0	0	0	0	170	0	252	0	0	0	0	0	0	0	0	0	0	0	0	0	0	0	0	0	
129260	ParaHippocampal_R	0	1024	132	196	0	0	0	0	0	0	0	224	0	0	0	0	0	142	142	444	0	0	0	0	0	0	0	0	0	1494	0	0	0	0	974	2018	956	19052	0	0	0	2370	0	1472	0	0	0	4238	0	0	0	0	0	126	0	17278	0	106	0	0	0	0	0	0	0	0	0	2760	0	180	0	0	0	2730	0	612	926	1606	0	0	0	0	0	758	0	450	0	240	0	1158	0	0	0	0	0	108	0	714	0	0	0	0	0	0	0	0	0	0	0	0	0	0	0	0	0	0	
27156	Amygdala_L	0	0	0	0	508	0	0	0	0	0	0	0	0	0	410	0	0	0	0	0	1306	0	0	0	0	0	286	0	2240	0	0	0	0	0	0	0	4652	0	1448	0	0	0	0	0	0	0	0	0	0	0	0	0	0	0	1738	0	0	0	0	0	0	0	0	0	0	0	0	0	0	0	126	0	0	0	0	0	0	0	0	0	0	0	284	0	0	0	0	0	580	0	0	0	0	0	0	0	0	0	0	0	0	0	0	0	0	0	0	0	0	0	0	0	0	0	0	0	
48272	Amygdala_R	0	0	0	886	0	996	0	0	0	0	0	0	0	0	0	0	0	0	0	0	0	1998	0	718	0	1254	0	1504	0	1180	0	860	0	0	0	0	0	5414	0	2370	0	0	0	0	0	0	0	0	0	0	0	0	0	0	0	3808	0	0	0	0	0	0	0	0	0	0	0	0	0	0	0	408	0	1524	0	0	0	0	0	0	0	0	0	1058	0	0	0	0	0	158	0	0	0	0	0	0	0	0	0	0	0	0	0	0	0	0	0	0	0	0	0	0	0	0	0	0	
231252	Calcarine_L	160	0	0	0	0	0	0	0	0	0	0	0	0	0	0	0	0	0	0	0	0	0	0	0	0	0	0	0	0	0	0	0	230	0	2218	0	5608	0	548	0	0	0	0	7344	20486	3562	12080	3134	10936	1132	20384	0	6600	0	1914	326	0	0	0	0	0	0	0	0	0	0	17120	542	312	0	0	0	0	0	0	0	0	0	0	0	0	0	0	0	862	0	0	0	0	0	0	0	0	0	0	0	0	0	128	0	0	0	0	0	0	0	0	0	0	0	0	0	0	0	0	0	
326972	Calcarine_R	0	3458	188	316	0	0	0	242	0	0	0	0	0	0	0	0	0	308	186	306	0	0	0	0	0	0	0	0	0	0	0	0	0	1488	106	810	0	2546	0	1472	0	0	7344	0	4762	26784	2884	23264	254	21348	0	8308	0	4834	0	10756	0	4856	0	0	0	0	0	608	0	0	878	24242	0	3450	0	0	0	0	0	0	0	120	0	0	0	122	0	0	0	4378	0	0	0	2114	0	194	0	0	0	0	0	0	0	0	0	0	0	0	0	0	0	0	0	0	284	276	0	0	0	0	
191196	Cuneus_L	194	0	0	0	0	0	0	0	0	0	0	0	0	0	0	0	0	0	0	0	0	0	0	0	0	0	0	0	0	0	0	0	376	0	2018	128	284	0	0	0	0	0	20486	4762	0	6288	1692	166	24720	1736	16256	0	1948	0	152	0	0	0	700	0	0	0	0	0	0	0	11640	1392	176	0	0	0	0	0	0	0	0	0	0	0	0	0	0	0	484	0	0	0	0	0	0	0	0	0	0	0	0	0	0	0	0	0	0	0	0	0	0	0	0	0	0	0	0	0	0	0	
360784	Cuneus_R	102	2718	110	186	0	0	0	178	0	0	0	0	0	0	0	0	0	438	0	336	0	0	0	0	0	0	0	0	0	0	0	0	194	2820	324	2338	0	0	0	0	0	0	3562	26784	6288	0	230	4094	450	40710	140	10222	0	936	0	1012	0	9952	174	7868	0	358	0	428	0	590	4796	32256	0	4546	0	0	0	0	0	0	0	0	0	0	0	0	0	0	0	8152	0	0	0	7100	0	0	0	0	0	0	0	0	0	0	0	0	0	0	0	0	0	0	0	0	0	0	0	0	0	0	
214268	Lingual_L	184	0	106	0	0	0	108	0	0	0	0	0	0	0	0	0	0	0	0	0	0	0	0	0	0	0	0	0	0	0	0	0	0	0	472	164	4326	166	2170	0	0	0	12080	2884	1692	230	0	3708	1992	168	15848	0	8930	106	10430	612	0	0	0	0	0	0	0	0	0	0	3366	146	0	0	0	0	0	0	0	0	0	0	180	0	0	0	0	0	514	0	0	0	0	0	2886	152	336	114	296	206	10902	1402	9906	832	300	0	272	110	1366	314	192	0	180	542	3222	2164	168	220	470	0	
250180	Lingual_R	0	910	0	0	0	0	0	0	0	0	0	0	0	0	0	0	0	230	0	0	0	0	0	0	0	0	0	0	0	0	0	0	0	0	950	1982	934	5246	0	4238	0	0	3134	23264	166	4094	3708	0	118	6302	0	2086	0	4060	168	16902	0	1046	0	0	0	0	0	280	0	0	156	10610	0	532	0	0	0	0	0	0	560	464	0	0	0	0	0	0	0	814	0	0	0	678	2400	1752	1036	488	120	0	1118	2486	3496	5298	218	0	472	210	434	450	0	108	0	128	2788	5664	1676	598	518	0	
216408	Occipital_Sup_L	0	0	0	0	0	0	0	0	0	0	0	0	0	0	0	0	104	0	0	0	0	0	0	0	0	0	0	0	0	0	0	0	1202	144	356	258	0	0	0	0	0	0	10936	254	24720	450	1992	118	0	0	30492	0	2552	0	172	0	126	0	11962	0	1566	0	0	0	1266	0	16726	886	774	0	0	0	0	0	0	0	0	0	0	0	300	0	0	0	618	0	0	0	230	0	0	0	0	0	0	0	0	0	0	0	0	0	0	0	0	0	0	0	0	0	0	0	0	0	0	0	
352872	Occipital_Sup_R	0	1844	0	142	0	0	0	142	0	0	0	0	0	0	0	0	0	482	0	0	0	0	0	0	0	0	0	0	0	0	0	0	0	934	0	268	0	0	0	0	0	0	1132	21348	1736	40710	168	6302	0	0	0	24834	0	2194	0	2712	0	7910	0	10716	0	1878	0	950	0	4682	794	20594	0	2228	0	0	0	0	0	0	0	0	0	0	0	232	0	0	0	10628	0	0	0	10732	0	144	0	0	0	0	0	0	0	0	0	0	0	0	0	0	0	0	0	0	0	0	0	0	0	0	
556288	Occipital_Mid_L	5126	0	116	0	0	0	246	0	0	0	132	0	0	0	0	0	4868	0	0	0	0	0	0	0	0	0	0	0	2514	0	0	0	1170	0	832	0	3456	0	552	0	0	0	20384	0	16256	140	15848	0	30492	0	0	0	27498	0	13020	0	5598	0	14284	0	11052	0	1686	0	15160	0	19232	780	10456	0	0	0	0	0	0	0	0	0	4010	0	7226	0	0	0	34772	0	0	0	10434	0	196	0	0	0	0	0	262	0	346	0	0	0	0	0	0	0	0	0	0	0	0	0	0	0	0	0	
215388	Occipital_Mid_R	0	262	0	0	0	0	0	0	0	0	0	0	0	0	0	0	0	240	0	0	0	0	0	0	0	0	0	0	0	0	0	0	0	242	0	0	0	134	0	0	0	0	0	8308	0	10222	0	2086	0	24834	0	0	0	6580	0	1588	0	1074	0	2730	0	2532	0	790	0	10528	0	5118	0	444	0	0	0	0	0	0	0	0	0	128	0	542	0	0	0	20434	0	0	0	8878	0	0	0	0	0	0	0	0	0	0	0	0	0	0	0	0	0	0	0	0	0	0	0	0	0	0	
147920	Occipital_Inf_L	430	0	0	0	0	0	0	0	0	0	0	0	0	0	0	0	328	0	0	0	0	0	0	0	0	0	0	0	292	0	0	0	0	0	122	0	820	0	304	0	0	0	6600	0	1948	0	8930	0	2552	0	27498	0	0	0	14178	0	272	0	0	0	166	0	258	0	0	0	2642	110	0	0	0	0	0	0	0	0	0	0	370	0	0	0	0	0	2432	0	0	0	3234	0	188	0	0	0	0	0	158	0	128	0	0	0	0	0	0	0	0	0	0	0	0	0	0	0	0	0	
65236	Occipital_Inf_R	0	0	0	0	0	0	0	0	0	0	0	0	0	0	0	0	0	0	0	0	0	0	0	0	0	0	0	0	0	0	0	0	0	0	0	0	0	128	0	126	0	0	0	4834	0	936	106	4060	0	2194	0	6580	0	0	0	6262	0	0	0	0	0	0	0	0	0	0	0	980	0	0	0	0	0	0	0	0	0	0	0	0	0	0	0	0	0	2334	0	0	0	4078	0	0	0	0	0	0	0	0	0	0	0	0	0	0	0	0	0	0	0	0	0	0	0	0	0	0	
248104	Fusiform_L	1856	0	0	0	0	0	0	0	0	0	0	0	0	0	0	0	916	0	0	0	0	0	0	0	0	0	0	0	2146	0	0	0	0	0	130	0	7306	0	2644	0	1738	0	1914	0	152	0	10430	168	172	0	13020	0	14178	0	0	0	934	0	0	0	642	0	900	0	144	0	1654	0	518	0	0	0	336	0	0	0	0	0	420	0	340	0	1926	0	4666	0	556	0	9770	0	12456	0	1620	0	170	0	8680	0	18582	0	668	0	1204	0	418	0	0	0	0	0	224	454	0	0	0	0	
355124	Fusiform_R	0	2614	0	280	0	0	0	186	0	0	0	202	0	0	0	0	0	190	106	810	0	0	0	0	0	0	0	0	0	3258	0	0	0	0	264	1752	270	25568	0	17278	0	3808	326	10756	0	1012	612	16902	0	2712	0	1588	0	6262	0	0	0	418	0	0	0	0	0	486	0	0	0	6426	0	438	0	0	0	3870	0	242	444	1848	0	932	0	1024	0	4488	0	4196	0	2084	0	15172	776	7630	414	978	0	308	450	5666	996	11858	0	140	152	408	104	554	0	112	0	336	2532	2764	1136	728	696	0	
264364	Postcentral_L	33938	0	3892	134	0	0	3918	0	0	0	3714	394	690	0	0	0	8146	404	1002	104	0	0	0	0	0	0	0	0	7616	408	0	0	0	0	116	114	1130	0	0	0	0	0	0	0	0	0	0	0	126	0	5598	0	272	0	934	0	0	0	7092	0	19798	0	10372	0	1250	0	3092	0	3028	0	0	644	788	0	0	0	132	0	4414	0	2404	0	0	0	4722	0	0	0	1796	0	0	0	0	0	0	0	0	0	0	0	0	0	0	0	0	0	0	0	0	0	0	0	0	0	0	0	
288536	Postcentral_R	0	24342	440	1838	0	0	0	2620	0	0	116	1620	0	0	0	0	0	4690	484	1458	0	0	0	0	0	0	0	0	114	3396	0	0	130	3726	228	2460	0	514	0	106	0	0	0	4856	0	9952	0	1046	0	7910	0	1074	0	0	0	418	0	0	0	8006	0	9748	0	14868	0	262	242	16046	282	10666	108	108	0	1522	0	0	0	250	0	418	0	458	0	0	0	3870	0	0	0	3876	0	0	0	0	0	0	0	0	0	0	0	0	0	0	0	0	0	0	0	0	0	0	0	0	0	0	
156244	Parietal_Sup_L	328	0	0	0	0	0	0	0	0	0	0	0	0	0	0	0	526	0	0	0	0	0	0	0	0	0	0	0	0	0	0	0	630	0	0	0	0	0	0	0	0	0	0	0	700	174	0	0	11962	0	14284	0	0	0	0	0	7092	0	0	0	13014	0	0	0	1966	0	17352	1246	3968	0	0	0	0	0	0	0	0	0	0	0	2796	0	0	0	1778	0	0	0	306	0	0	0	0	0	0	0	0	0	0	0	0	0	0	0	0	0	0	0	0	0	0	0	0	0	0	0	
124160	Parietal_Sup_R	0	402	0	0	0	0	0	0	0	0	0	0	0	0	0	0	0	428	0	0	0	0	0	0	0	0	0	0	0	0	0	0	0	440	0	144	0	0	0	0	0	0	0	0	0	7868	0	0	0	10716	0	2730	0	0	0	0	0	8006	0	0	0	7864	0	1202	0	5194	374	9470	0	1024	0	0	0	0	0	0	0	0	0	172	0	0	0	0	0	3076	0	0	0	2970	0	0	0	0	0	0	0	0	0	0	0	0	0	0	0	0	0	0	0	0	0	0	0	0	0	0	
188144	Parietal_Inf_L	3648	0	0	0	0	0	0	0	0	0	0	0	0	0	0	0	3810	0	0	0	0	0	0	0	0	0	0	0	488	0	0	0	160	0	0	0	0	0	0	0	0	0	0	0	0	0	0	0	1566	0	11052	0	166	0	642	0	19798	0	13014	0	0	0	10556	0	12888	0	2432	0	1846	0	0	0	0	0	0	0	0	0	132	0	6272	0	0	0	4042	0	0	0	1560	0	0	0	0	0	0	0	0	0	0	0	0	0	0	0	0	0	0	0	0	0	0	0	0	0	0	0	
100808	Parietal_Inf_R	0	2848	130	112	0	0	0	300	0	0	0	0	0	0	0	0	0	588	144	0	0	0	0	0	0	0	0	0	0	0	0	0	0	0	0	0	0	104	0	0	0	0	0	0	0	358	0	0	0	1878	0	2532	0	0	0	0	0	9748	0	7864	0	0	0	13726	0	7492	0	236	0	0	0	0	0	0	0	0	0	0	0	244	0	172	0	0	0	988	0	0	0	940	0	0	0	0	0	0	0	0	0	0	0	0	0	0	0	0	0	0	0	0	0	0	0	0	0	0	
99524	SupraMarginal_L	1814	0	0	0	0	0	0	0	0	0	0	0	0	0	0	0	3124	0	0	0	0	0	0	0	0	0	0	0	762	0	0	0	0	0	0	0	0	0	0	0	0	0	0	0	0	0	0	0	0	0	1686	0	258	0	900	0	10372	0	0	0	10556	0	0	0	5698	0	0	0	0	0	0	0	0	0	0	0	0	0	200	0	7592	0	0	0	5426	0	0	0	1374	0	0	0	0	0	0	0	0	0	0	0	0	0	0	0	0	0	0	0	0	0	0	0	0	0	0	0	
137312	SupraMarginal_R	0	4530	140	134	0	0	0	620	0	0	0	0	0	0	0	0	0	2358	156	0	0	0	0	0	0	0	0	0	0	240	0	0	0	0	0	0	0	450	0	0	0	0	0	608	0	428	0	280	0	950	0	790	0	0	0	486	0	14868	0	1202	0	13726	0	0	0	3802	0	590	0	0	0	0	0	0	0	0	0	0	0	224	0	7372	0	0	0	9542	0	0	0	5160	0	0	0	0	0	0	0	0	0	0	0	0	0	0	0	0	0	0	0	0	0	0	0	0	0	0	
134840	Angular_L	832	0	0	0	0	0	0	0	0	0	0	0	0	0	0	0	5088	0	0	0	0	0	0	0	0	0	0	0	162	0	0	0	0	0	0	0	0	0	0	0	0	0	0	0	0	0	0	0	1266	0	15160	0	0	0	144	0	1250	0	1966	0	12888	0	5698	0	0	0	394	0	2000	0	0	0	0	0	0	0	0	0	172	0	7774	0	0	0	9116	0	0	0	3510	0	0	0	0	0	0	0	0	0	0	0	0	0	0	0	0	0	0	0	0	0	0	0	0	0	0	0	
89092	Angular_R	0	0	0	0	0	0	0	0	0	0	0	0	0	0	0	0	0	0	0	0	0	0	0	0	0	0	0	0	0	0	0	0	0	0	0	0	0	0	0	0	0	0	0	0	0	590	0	0	0	4682	0	10528	0	0	0	0	0	262	0	5194	0	7492	0	3802	0	0	0	268	0	0	0	0	0	0	0	0	0	0	0	0	0	4812	0	0	0	6282	0	0	0	634	0	0	0	0	0	0	0	0	0	0	0	0	0	0	0	0	0	0	0	0	0	0	0	0	0	0	
301908	Precuneus_L	1710	0	0	0	0	0	148	0	0	0	0	0	0	0	0	0	146	0	358	0	0	0	0	0	0	0	0	0	130	0	0	0	4112	1190	8744	2194	8182	152	1022	0	0	0	17120	878	11640	4796	3366	156	16726	794	19232	0	2642	0	1654	0	3092	242	17352	374	2432	0	0	0	394	0	0	10942	5814	468	0	0	0	0	0	0	0	0	0	0	1010	0	0	0	1514	0	0	0	228	0	0	0	0	0	0	0	0	0	0	0	0	0	0	0	0	0	0	0	0	0	0	0	0	0	0	0	
440456	Precuneus_R	610	6978	704	468	0	0	486	366	0	0	0	0	0	0	0	0	0	582	342	1070	0	0	0	0	0	0	0	0	468	0	0	0	1212	6754	3822	13484	2462	5862	0	2760	0	0	542	24242	1392	32256	146	10610	886	20594	780	5118	110	980	0	6426	0	16046	1246	9470	0	236	0	590	0	268	10942	0	394	10938	110	0	276	0	0	0	346	252	0	148	168	154	0	0	238	7748	0	0	0	7690	0	0	0	0	0	0	0	0	0	0	0	0	0	0	0	0	0	0	0	0	456	0	0	0	0	0	
228028	Paracentral_Lobule_L	23260	1420	4908	1378	0	0	2060	0	0	0	132	0	0	0	0	0	380	0	8938	7556	0	0	0	0	0	0	0	0	232	0	0	0	4520	5754	7854	458	162	0	0	0	0	0	312	0	176	0	0	0	774	0	10456	0	0	0	518	0	3028	282	3968	0	1846	0	0	0	2000	0	5814	394	0	1772	1692	0	0	0	240	0	4134	268	144	0	1234	0	0	0	4446	0	0	0	1504	0	0	0	0	0	0	0	0	0	0	0	0	0	0	0	0	0	0	0	0	0	0	0	0	0	0	0	
151948	Paracentral_Lobule_R	604	6322	0	0	0	0	108	0	0	0	0	0	0	0	0	0	0	0	102	9198	0	0	0	0	0	0	0	0	0	0	0	0	1068	11396	1246	7476	0	296	0	180	0	0	0	3450	0	4546	0	532	0	2228	0	444	0	0	0	438	0	10666	0	1024	0	0	0	0	0	0	468	10938	1772	0	194	0	0	0	0	0	134	0	0	0	0	0	0	0	0	562	0	0	0	582	0	0	0	0	0	0	0	0	0	0	0	0	0	0	0	0	0	0	0	0	0	0	0	0	0	0	
407292	Caudate_L	5454	2224	14164	2280	220	0	4300	158	0	0	14028	4792	11006	1564	2576	424	3286	2408	13616	3234	6096	7574	1004	280	188	232	4676	2762	18394	7998	7562	4426	476	1090	142	410	192	0	0	0	126	0	0	0	0	0	0	0	0	0	0	0	0	0	0	0	0	108	0	0	0	0	0	0	0	0	0	110	1692	194	0	19556	15094	3108	1790	0	7268	1152	104	0	890	0	3006	212	0	0	0	0	0	0	0	0	0	0	0	0	0	0	0	0	0	0	0	0	0	0	0	0	0	0	0	0	0	0	0	0	
519996	Caudate_R	3656	1880	7102	28362	0	894	3776	3562	0	140	8094	8038	3240	6622	866	2624	1570	5706	6982	18220	3960	6872	818	5914	134	2650	3086	4146	8996	16754	3934	20856	446	2720	0	0	104	208	0	0	0	408	0	0	0	0	0	0	0	0	0	0	0	0	0	0	644	108	0	0	0	0	0	0	0	0	0	0	0	0	19556	0	4006	21864	104	1418	1164	14890	0	0	444	0	1710	750	0	0	0	0	0	0	0	0	0	0	0	0	0	0	0	0	0	0	0	0	0	0	0	0	0	0	0	0	0	0	0	0	
370836	Putamen_L	7682	130	25504	612	6628	0	6162	108	3858	0	5370	1846	7376	220	9926	158	1866	840	16478	608	1054	1568	7260	744	2132	0	2020	330	20434	2854	8262	3054	640	618	368	368	5950	0	2114	0	0	0	0	0	0	0	0	0	0	0	0	0	0	0	336	0	788	0	0	0	0	0	0	0	0	0	0	276	0	0	15094	4006	0	672	4060	0	2000	122	428	0	588	0	802	134	0	0	0	0	970	0	0	0	0	0	0	0	0	0	0	0	0	0	0	0	0	0	0	0	0	0	0	0	0	0	0	0	
310756	Putamen_R	216	3842	1412	15316	0	1018	524	5220	0	0	592	3140	192	1036	0	346	0	4100	1670	8648	988	3450	866	5396	0	3418	444	2728	592	19806	2200	17984	396	2434	0	0	0	6708	0	2730	0	1524	0	0	0	0	0	0	0	0	0	0	0	0	0	3870	0	1522	0	0	0	0	0	0	0	0	0	0	0	0	3108	21864	672	0	0	2040	190	1354	0	0	0	542	0	212	0	0	0	0	0	1068	0	0	0	0	0	0	0	0	0	0	0	0	0	0	0	0	0	0	0	0	0	0	0	0	0	0	
37368	Pallidum_L	2216	0	2326	136	0	0	1952	0	0	0	336	0	0	0	0	0	428	0	2566	104	0	0	0	0	0	0	0	0	260	0	0	0	0	0	0	0	670	0	0	0	0	0	0	0	0	0	0	0	0	0	0	0	0	0	0	0	0	0	0	0	0	0	0	0	0	0	0	0	240	0	1790	104	4060	0	0	0	1496	0	0	0	0	0	0	0	0	0	0	0	0	0	0	0	0	0	0	0	0	0	0	0	0	0	0	0	0	0	0	0	0	0	0	0	0	0	0	0	
19700	Pallidum_R	0	826	0	1568	0	0	0	1178	0	0	0	134	0	0	0	0	0	254	0	322	0	0	0	0	0	0	0	0	0	154	0	0	0	0	0	0	0	872	0	612	0	0	0	0	0	0	0	0	0	0	0	0	0	0	0	242	0	0	0	0	0	0	0	0	0	0	0	0	0	0	0	1418	0	2040	0	0	0	230	0	0	0	0	0	0	0	0	0	0	0	0	0	0	0	0	0	0	0	0	0	0	0	0	0	0	0	0	0	0	0	0	0	0	0	0	0	0	
177468	Thalamus_L	15282	1464	9094	1698	0	0	11756	258	0	0	0	0	0	0	0	0	0	280	7618	1256	0	0	0	0	0	0	0	0	214	0	0	0	0	398	3192	5096	3706	3362	0	926	0	0	0	0	0	0	0	560	0	0	0	0	0	0	0	444	132	0	0	0	0	0	0	0	0	0	0	346	4134	134	7268	1164	2000	190	1496	0	0	5266	0	0	0	0	0	0	0	0	0	0	0	0	0	0	0	0	0	0	0	0	0	0	0	0	0	0	0	0	0	0	0	0	0	0	0	0	0	0	
148396	Thalamus_R	1626	2626	2912	14230	0	0	450	2226	0	0	116	400	172	0	160	0	0	3786	2636	6254	0	0	0	0	0	0	0	0	154	1484	0	0	0	0	414	2048	172	4196	0	1606	0	0	0	120	0	0	0	464	0	0	0	0	0	0	0	1848	0	250	0	0	0	0	0	0	0	0	0	252	268	0	1152	14890	122	1354	0	230	5266	0	0	0	0	0	0	0	0	0	0	0	0	314	0	0	0	0	0	0	0	0	0	0	0	0	0	0	0	0	0	0	0	0	0	0	0	0	0	0	
109692	Heschl_L	5158	0	2294	0	0	0	2130	0	0	0	1758	0	126	0	0	0	8784	0	886	0	0	0	0	0	0	0	0	0	10362	0	0	0	0	0	0	0	1182	0	0	0	0	0	0	0	0	0	180	0	0	0	4010	0	370	0	420	0	4414	0	0	0	132	0	200	0	172	0	0	0	144	0	104	0	428	0	0	0	0	0	0	0	3534	0	124	0	5428	0	0	0	2506	0	0	0	0	0	0	0	0	0	0	0	0	0	0	0	0	0	0	0	0	0	0	0	0	0	0	0	
35944	Heschl_R	0	496	0	264	0	0	0	244	0	0	0	314	0	0	0	0	0	2856	0	104	0	0	0	0	0	0	0	0	0	2260	0	0	0	0	0	0	0	530	0	0	0	0	0	0	0	0	0	0	0	0	0	128	0	0	0	932	0	418	0	172	0	244	0	224	0	0	0	148	0	0	0	0	0	0	0	0	0	0	0	0	0	5642	0	0	0	1202	0	0	0	1794	0	0	0	0	0	0	0	0	0	0	0	0	0	0	0	0	0	0	0	0	0	0	0	0	0	0	
236884	Temporal_Sup_L	736	0	1322	0	0	0	448	0	0	0	1596	0	0	0	0	0	7172	0	1068	0	0	0	0	0	0	0	0	0	6210	0	0	0	190	0	0	0	472	0	0	0	0	0	0	0	0	0	0	0	300	0	7226	0	0	0	340	0	2404	0	2796	0	6272	0	7592	0	7774	0	1010	168	1234	0	890	444	588	0	0	0	0	0	3534	0	0	0	6960	0	34446	0	0	0	15250	0	0	0	0	0	0	0	0	0	0	0	0	0	0	0	0	0	0	0	0	0	0	0	0	0	0	0	
112524	Temporal_Sup_R	0	314	0	400	0	0	0	242	0	0	0	254	0	0	0	0	0	3236	0	206	0	0	0	0	0	0	0	0	0	5444	0	0	0	0	0	0	0	520	0	0	0	0	0	122	0	0	0	0	0	232	0	542	0	0	0	1024	0	458	0	0	0	172	0	7372	0	4812	0	154	0	0	0	0	0	542	0	0	0	0	0	5642	0	0	0	3164	0	16546	0	0	0	4864	0	0	0	0	0	0	0	0	0	0	0	0	0	0	0	0	0	0	0	0	0	0	0	0	0	0	
111796	Temporal_Pole_Sup_L	222	0	892	132	0	0	416	0	0	0	4858	1038	1846	0	2640	0	2164	280	782	112	476	0	0	0	0	0	0	0	8086	1124	0	0	0	0	0	0	0	0	516	0	284	0	0	0	0	0	0	0	0	0	0	0	0	0	1926	0	0	0	0	0	0	0	0	0	0	0	0	0	0	0	3006	1710	802	0	0	0	0	0	124	0	6960	0	0	0	7252	0	1336	0	6914	0	0	0	0	0	0	0	0	0	0	0	0	0	0	0	0	0	0	0	0	0	0	0	0	0	0	0	
58048	Temporal_Pole_Sup_R	302	0	442	650	0	0	178	348	0	154	396	1474	280	0	0	628	0	2338	476	400	0	0	0	0	0	0	0	0	534	2742	0	0	0	0	0	0	0	118	0	758	0	1058	0	0	0	0	0	0	0	0	0	0	0	0	0	4488	0	0	0	0	0	0	0	0	0	0	0	0	0	0	212	750	134	212	0	0	0	0	0	0	0	3164	0	0	0	2726	0	2688	0	1374	0	0	0	0	0	0	0	0	0	0	0	0	0	0	0	0	0	0	0	0	0	0	0	0	0	0	
358904	Temporal_Mid_L	6222	0	324	0	0	0	320	0	0	0	194	0	0	0	0	0	3756	0	182	0	0	0	0	0	0	0	0	0	3488	0	0	0	0	0	300	144	850	0	0	0	0	0	862	0	484	0	514	0	618	0	34772	0	2432	0	4666	0	4722	0	1778	0	4042	0	5426	0	9116	0	1514	238	4446	0	0	0	0	0	0	0	0	0	5428	0	34446	0	7252	0	0	0	1850	0	39066	0	0	0	0	0	0	0	0	0	0	0	0	0	0	0	0	0	0	0	0	0	0	0	0	0	0	0	
299748	Temporal_Mid_R	0	858	0	0	0	0	0	0	0	0	0	0	0	0	0	0	0	452	0	0	0	0	0	0	0	0	0	0	0	2578	0	0	0	136	0	264	0	678	0	450	0	0	0	4378	0	8152	0	814	0	10628	0	20434	0	2334	0	4196	0	3870	0	3076	0	988	0	9542	0	6282	0	7748	0	562	0	0	0	0	0	0	0	0	0	1202	0	16546	0	2726	0	0	0	1438	0	39542	0	0	0	0	0	0	0	0	0	0	0	0	0	0	0	0	0	0	0	0	0	0	0	0	0	0	
11584	Temporal_Pole_Mid_L	0	0	0	0	0	0	0	0	0	0	0	0	0	0	0	0	0	0	0	0	0	0	0	0	0	0	0	0	0	0	0	0	0	0	0	0	0	0	146	0	0	0	0	0	0	0	0	0	0	0	0	0	0	0	556	0	0	0	0	0	0	0	0	0	0	0	0	0	0	0	0	0	0	0	0	0	0	0	0	0	0	0	1336	0	1850	0	0	0	1904	0	0	0	0	0	0	0	0	0	0	0	0	0	0	0	0	0	0	0	0	0	0	0	0	0	0	0	
16648	Temporal_Pole_Mid_R	0	0	0	0	0	0	0	0	0	0	0	0	0	0	0	0	0	0	0	0	0	0	0	0	0	0	0	0	0	0	0	0	0	0	0	0	0	0	0	240	0	0	0	0	0	0	0	0	0	0	0	0	0	0	0	2084	0	0	0	0	0	0	0	0	0	0	0	0	0	0	0	0	0	0	0	0	0	0	0	0	0	0	0	2688	0	1438	0	0	0	1874	0	0	0	0	0	0	0	0	0	0	0	0	0	0	0	0	0	0	0	0	0	0	0	0	0	0	
247532	Temporal_Inf_L	1450	0	570	0	0	0	170	0	0	0	0	0	0	0	0	0	2654	0	446	0	0	0	0	0	0	0	0	0	4198	0	0	0	0	0	166	106	7584	0	994	0	580	0	0	0	0	0	0	0	230	0	10434	0	3234	0	9770	0	1796	0	306	0	1560	0	1374	0	3510	0	228	0	1504	0	0	0	970	0	0	0	0	0	2506	0	15250	0	6914	0	39066	0	1904	0	0	0	2670	0	424	0	0	0	0	0	686	0	102	0	410	0	0	0	0	0	0	0	0	0	0	0	0	0	
266836	Temporal_Inf_R	0	904	0	0	0	0	0	0	0	0	0	0	0	0	0	0	0	438	0	0	0	0	0	0	0	0	0	0	0	3154	0	0	0	150	0	298	0	5026	0	1158	0	158	0	2114	0	7100	0	678	0	10732	0	8878	0	4078	0	15172	0	3876	0	2970	0	940	0	5160	0	634	0	7690	0	582	0	0	0	1068	0	0	0	314	0	1794	0	4864	0	1374	0	39542	0	1874	0	0	0	698	0	0	0	0	0	0	0	0	0	0	0	0	0	0	0	0	0	0	0	0	0	0	0	0	
364096	Cerebelum_Crus1_L	0	0	0	0	0	0	0	0	0	0	0	0	0	0	0	0	0	0	0	0	0	0	0	0	0	0	0	0	0	0	0	0	0	0	0	0	0	0	102	0	0	0	0	0	0	0	2886	2400	0	0	196	0	188	0	12456	776	0	0	0	0	0	0	0	0	0	0	0	0	0	0	0	0	0	0	0	0	0	0	0	0	0	0	0	0	0	0	0	0	2670	0	0	3436	35600	3558	0	0	7856	688	40460	4376	15616	892	23860	2220	5578	230	942	0	0	0	1088	5644	6716	1242	372	0	
326964	Cerebelum_Crus1_R	0	0	0	0	0	0	0	0	0	0	0	0	0	0	0	0	0	0	0	0	0	0	0	0	0	0	0	0	0	0	0	0	0	0	0	0	0	0	0	0	0	0	0	194	0	0	152	1752	0	144	0	0	0	0	0	7630	0	0	0	0	0	0	0	0	0	0	0	0	0	0	0	0	0	0	0	0	0	0	0	0	0	0	0	0	0	0	0	0	0	698	3436	0	3258	31224	0	2398	792	13040	1528	38550	2772	8966	2438	19980	118	3418	0	142	0	188	1954	5250	9850	2582	1028	0	
342248	Cerebelum_Crus2_L	0	0	0	0	0	0	0	0	0	0	0	0	0	0	0	0	0	0	0	0	0	0	0	0	0	0	0	0	0	0	0	0	0	0	0	0	0	0	0	0	0	0	0	0	0	0	336	1036	0	0	0	0	0	0	1620	414	0	0	0	0	0	0	0	0	0	0	0	0	0	0	0	0	0	0	0	0	0	0	0	0	0	0	0	0	0	0	0	0	424	0	35600	3258	0	8648	0	116	1276	848	11494	3176	33030	4404	34888	5190	5996	316	680	0	0	0	710	2580	10246	4530	308	0	
292708	Cerebelum_Crus2_R	0	0	0	0	0	0	0	0	0	0	0	0	0	0	0	0	0	0	0	0	0	0	0	0	0	0	0	0	0	0	0	0	0	0	0	0	0	0	0	0	0	0	0	0	0	0	114	488	0	0	0	0	0	0	0	978	0	0	0	0	0	0	0	0	0	0	0	0	0	0	0	0	0	0	0	0	0	0	0	0	0	0	0	0	0	0	0	0	0	0	3558	31224	8648	0	0	546	450	2442	630	12712	6798	21736	4742	27392	164	2592	0	0	0	130	888	1742	12420	5300	660	0	
13044	Cerebelum_3_L	0	0	0	0	0	0	0	0	0	0	0	0	0	0	0	0	0	0	0	0	0	0	0	0	0	0	0	0	0	0	0	0	0	0	0	0	0	0	0	0	0	0	0	0	0	0	296	120	0	0	0	0	0	0	170	0	0	0	0	0	0	0	0	0	0	0	0	0	0	0	0	0	0	0	0	0	0	0	0	0	0	0	0	0	0	0	0	0	0	0	0	0	0	0	0	0	4064	0	526	0	0	0	0	0	338	0	0	0	284	478	246	0	0	0	0	0	
42288	Cerebelum_3_R	0	0	0	0	0	0	0	0	0	0	0	0	0	0	0	0	0	0	0	0	0	0	0	0	0	0	0	0	0	0	0	0	0	0	0	0	0	0	0	108	0	0	0	0	0	0	206	0	0	0	0	0	0	0	0	308	0	0	0	0	0	0	0	0	0	0	0	0	0	0	0	0	0	0	0	0	0	0	0	0	0	0	0	0	0	0	0	0	0	0	0	2398	116	546	0	0	362	4618	0	4292	108	0	110	502	0	1456	0	0	660	1446	1362	764	198	576	716	292	
183748	Cerebelum_4_5_L	0	0	0	0	0	0	0	0	0	0	0	0	0	0	0	0	0	0	0	0	0	0	0	0	0	0	0	0	0	0	0	0	0	0	0	0	0	0	170	0	0	0	0	0	0	0	10902	1118	0	0	262	0	158	0	8680	450	0	0	0	0	0	0	0	0	0	0	0	0	0	0	0	0	0	0	0	0	0	0	0	0	0	0	0	0	0	0	0	0	0	0	7856	792	1276	450	4064	362	0	3446	22834	2362	1286	0	2370	312	5884	682	932	0	426	1104	7866	3212	268	450	1160	740	
153536	Cerebelum_4_5_R	0	0	0	0	0	0	0	0	0	0	0	0	0	0	0	0	0	0	0	0	0	0	0	0	0	0	0	0	0	0	0	0	0	0	0	0	0	358	0	714	0	0	0	0	0	0	1402	2486	0	0	0	0	0	0	0	5666	0	0	0	0	0	0	0	0	0	0	0	0	0	0	0	0	0	0	0	0	0	0	0	0	0	0	0	0	0	0	0	0	0	0	688	13040	848	2442	0	4618	3446	0	1162	21514	696	184	630	2042	112	934	0	0	0	1166	8312	1576	1140	748	632	212	
318780	Cerebelum_6_L	0	0	0	0	0	0	0	0	0	0	0	0	0	0	0	0	0	0	0	0	0	0	0	0	0	0	0	0	0	0	0	0	0	0	0	0	0	0	252	0	0	0	128	0	0	0	9906	3496	0	0	346	0	128	0	18582	996	0	0	0	0	0	0	0	0	0	0	0	0	0	0	0	0	0	0	0	0	0	0	0	0	0	0	0	0	0	0	0	0	686	0	40460	1528	11494	630	526	0	22834	1162	0	3956	7408	0	11526	340	6122	234	1046	0	0	0	3752	8674	2148	504	372	154	
313288	Cerebelum_6_R	0	0	0	0	0	0	0	0	0	0	0	0	0	0	0	0	0	0	0	0	0	0	0	0	0	0	0	0	0	0	0	0	0	0	0	0	0	0	0	0	0	0	0	0	0	0	832	5298	0	0	0	0	0	0	0	11858	0	0	0	0	0	0	0	0	0	0	0	0	0	0	0	0	0	0	0	0	0	0	0	0	0	0	0	0	0	0	0	0	0	0	4376	38550	3176	12712	0	4292	2362	21514	3956	0	2014	1958	2032	8866	484	2584	0	236	0	996	6828	9342	8514	2380	1484	0	
259816	Cerebelum_7b_L	0	0	0	0	0	0	0	0	0	0	0	0	0	0	0	0	0	0	0	0	0	0	0	0	0	0	0	0	0	0	0	0	0	0	0	0	0	0	0	0	0	0	0	0	0	0	300	218	0	0	0	0	0	0	668	0	0	0	0	0	0	0	0	0	0	0	0	0	0	0	0	0	0	0	0	0	0	0	0	0	0	0	0	0	0	0	0	0	102	0	15616	2772	33030	6798	0	108	1286	696	7408	2014	0	4022	30934	4692	3910	410	806	0	0	0	504	734	6800	5754	326	0	
158132	Cerebelum_7b_R	0	0	0	0	0	0	0	0	0	0	0	0	0	0	0	0	0	0	0	0	0	0	0	0	0	0	0	0	0	0	0	0	0	0	0	0	0	0	0	0	0	0	0	0	0	0	0	0	0	0	0	0	0	0	0	140	0	0	0	0	0	0	0	0	0	0	0	0	0	0	0	0	0	0	0	0	0	0	0	0	0	0	0	0	0	0	0	0	0	0	892	8966	4404	21736	0	0	0	184	0	1958	4022	0	3148	22150	0	3008	0	0	0	0	0	164	4040	4112	142	0	
314172	Cerebelum_8_L	0	0	0	0	0	0	0	0	0	0	0	0	0	0	0	0	0	0	0	0	0	0	0	0	0	0	0	0	0	0	0	0	0	0	0	0	0	0	0	0	0	0	0	0	0	0	272	472	0	0	0	0	0	0	1204	152	0	0	0	0	0	0	0	0	0	0	0	0	0	0	0	0	0	0	0	0	0	0	0	0	0	0	0	0	0	0	0	0	410	0	23860	2438	34888	4742	0	110	2370	630	11526	2032	30934	3148	0	4430	14822	614	3496	0	0	0	812	1780	4252	6932	760	0	
256204	Cerebelum_8_R	0	0	0	0	0	0	0	0	0	0	0	0	0	0	0	0	0	0	0	0	0	0	0	0	0	0	0	0	0	0	0	0	0	0	0	0	0	0	0	0	0	0	0	0	0	0	110	210	0	0	0	0	0	0	0	408	0	0	0	0	0	0	0	0	0	0	0	0	0	0	0	0	0	0	0	0	0	0	0	0	0	0	0	0	0	0	0	0	0	0	2220	19980	5190	27392	0	502	312	2042	340	8866	4692	22150	4430	0	246	12116	0	542	0	112	556	742	7464	6352	1128	0	
111820	Cerebelum_9_L	0	0	0	0	0	0	0	0	0	0	0	0	0	0	0	0	0	0	0	0	0	0	0	0	0	0	0	0	0	0	0	0	0	0	0	0	0	0	0	0	0	0	0	0	0	0	1366	434	0	0	0	0	0	0	418	104	0	0	0	0	0	0	0	0	0	0	0	0	0	0	0	0	0	0	0	0	0	0	0	0	0	0	0	0	0	0	0	0	0	0	5578	118	5996	164	338	0	5884	112	6122	484	3910	0	14822	246	0	284	5236	0	0	0	804	1934	298	502	556	200	
98836	Cerebelum_9_R	0	0	0	0	0	0	0	0	0	0	0	0	0	0	0	0	0	0	0	0	0	0	0	0	0	0	0	0	0	0	0	0	0	0	0	0	0	0	0	0	0	0	0	0	0	0	314	450	0	0	0	0	0	0	0	554	0	0	0	0	0	0	0	0	0	0	0	0	0	0	0	0	0	0	0	0	0	0	0	0	0	0	0	0	0	0	0	0	0	0	230	3418	316	2592	0	1456	682	934	234	2584	410	3008	614	12116	284	0	0	2112	430	760	1940	3852	1160	3680	3898	1390	
26660	Cerebelum_10_L	0	0	0	0	0	0	0	0	0	0	0	0	0	0	0	0	0	0	0	0	0	0	0	0	0	0	0	0	0	0	0	0	0	0	0	0	0	0	0	0	0	0	0	0	0	0	192	0	0	0	0	0	0	0	0	0	0	0	0	0	0	0	0	0	0	0	0	0	0	0	0	0	0	0	0	0	0	0	0	0	0	0	0	0	0	0	0	0	0	0	942	0	680	0	0	0	932	0	1046	0	806	0	3496	0	5236	0	0	0	0	0	0	0	0	0	0	0	
8516	Cerebelum_10_R	0	0	0	0	0	0	0	0	0	0	0	0	0	0	0	0	0	0	0	0	0	0	0	0	0	0	0	0	0	0	0	0	0	0	0	0	0	0	0	0	0	0	0	0	0	0	0	108	0	0	0	0	0	0	0	112	0	0	0	0	0	0	0	0	0	0	0	0	0	0	0	0	0	0	0	0	0	0	0	0	0	0	0	0	0	0	0	0	0	0	0	142	0	0	0	0	0	0	0	236	0	0	0	542	0	2112	0	0	0	0	0	270	128	218	272	118	
11024	Vermis_1_2	0	0	0	0	0	0	0	0	0	0	0	0	0	0	0	0	0	0	0	0	0	0	0	0	0	0	0	0	0	0	0	0	0	0	0	0	0	0	0	0	0	0	0	0	0	0	180	0	0	0	0	0	0	0	0	0	0	0	0	0	0	0	0	0	0	0	0	0	0	0	0	0	0	0	0	0	0	0	0	0	0	0	0	0	0	0	0	0	0	0	0	0	0	0	284	660	426	0	0	0	0	0	0	0	0	430	0	0	0	2400	706	238	0	0	188	0	
28204	Vermis_3	0	0	0	0	0	0	0	0	0	0	0	0	0	0	0	0	0	0	0	0	0	0	0	0	0	0	0	0	0	0	0	0	0	0	0	0	0	0	0	0	0	0	0	0	0	0	542	128	0	0	0	0	0	0	0	336	0	0	0	0	0	0	0	0	0	0	0	0	0	0	0	0	0	0	0	0	0	0	0	0	0	0	0	0	0	0	0	0	0	0	0	188	0	130	478	1446	1104	1166	0	996	0	0	0	112	0	760	0	0	2400	0	2398	718	0	404	610	186	
121388	Vermis_4_5	0	0	0	0	0	0	0	0	0	0	0	0	0	0	0	0	0	0	0	0	0	0	0	0	0	0	0	0	0	0	0	0	0	0	0	142	0	0	0	0	0	0	0	284	0	0	3222	2788	0	0	0	0	0	0	224	2532	0	0	0	0	0	0	0	0	0	0	0	456	0	0	0	0	0	0	0	0	0	0	0	0	0	0	0	0	0	0	0	0	0	0	1088	1954	710	888	246	1362	7866	8312	3752	6828	504	0	812	556	804	1940	0	0	706	2398	0	5394	504	866	1976	1580	
160848	Vermis_6	0	0	0	0	0	0	0	0	0	0	0	0	0	0	0	0	0	0	0	0	0	0	0	0	0	0	0	0	0	0	0	0	0	0	0	0	0	0	0	0	0	0	0	276	0	0	2164	5664	0	0	0	0	0	0	454	2764	0	0	0	0	0	0	0	0	0	0	0	0	0	0	0	0	0	0	0	0	0	0	0	0	0	0	0	0	0	0	0	0	0	0	5644	5250	2580	1742	0	764	3212	1576	8674	9342	734	164	1780	742	1934	3852	0	270	238	718	5394	0	5032	3374	4342	1744	
181164	Vermis_7	0	0	0	0	0	0	0	0	0	0	0	0	0	0	0	0	0	0	0	0	0	0	0	0	0	0	0	0	0	0	0	0	0	0	0	0	0	0	0	0	0	0	0	0	0	0	168	1676	0	0	0	0	0	0	0	1136	0	0	0	0	0	0	0	0	0	0	0	0	0	0	0	0	0	0	0	0	0	0	0	0	0	0	0	0	0	0	0	0	0	0	6716	9850	10246	12420	0	198	268	1140	2148	8514	6800	4040	4252	7464	298	1160	0	128	0	0	504	5032	0	4812	1612	0	
