data	data	376260	493712	828624	1.12818e+06	77512	91160	418868	245740	47708	19876	214304	293156	236480	170408	127944	57632	205292	171932	492876	746972	42220	43004	303044	331304	21444	71124	39512	39164	480008	377892	244704	377188	102536	496416	106216	136660	182208	273108	51880	131188	23584	52308	235528	400892	139608	506820	246748	443836	211404	515756	513124	282004	185184	114948	287588	535300	232884	227188	198520	178968	220628	119596	72172	123032	135020	136140	353308	552348	119076	207416	214672	280148	224628	335364	38888	17760	72684	167088	42344	31588	159188	126580	65628	96512	356984	187056	15540	10388	184680	148292	661616	569752	348932	313692	27016	54228	384432	334484	614968	578400	231120	121048	261748	244292	98752	154308	18548	3304	41888	81284	412544	399484	276360	189048	121136	35596	
data	data	Precentral_L	Precentral_R	Frontal_Sup_L	Frontal_Sup_R	Frontal_Sup_Orb_L	Frontal_Sup_Orb_R	Frontal_Mid_L	Frontal_Mid_R	Frontal_Mid_Orb_L	Frontal_Mid_Orb_R	Frontal_Inf_Oper_L	Frontal_Inf_Oper_R	Frontal_Inf_Tri_L	Frontal_Inf_Tri_R	Frontal_Inf_Orb_L	Frontal_Inf_Orb_R	Rolandic_Oper_L	Rolandic_Oper_R	Supp_Motor_Area_L	Supp_Motor_Area_R	Olfactory_L	Olfactory_R	Frontal_Sup_Medial_L	Frontal_Sup_Medial_R	Frontal_Med_Orb_L	Frontal_Med_Orb_R	Rectus_L	Rectus_R	Insula_L	Insula_R	Cingulum_Ant_L	Cingulum_Ant_R	Cingulum_Mid_L	Cingulum_Mid_R	Cingulum_Post_L	Cingulum_Post_R	Hippocampus_L	Hippocampus_R	ParaHippocampal_L	ParaHippocampal_R	Amygdala_L	Amygdala_R	Calcarine_L	Calcarine_R	Cuneus_L	Cuneus_R	Lingual_L	Lingual_R	Occipital_Sup_L	Occipital_Sup_R	Occipital_Mid_L	Occipital_Mid_R	Occipital_Inf_L	Occipital_Inf_R	Fusiform_L	Fusiform_R	Postcentral_L	Postcentral_R	Parietal_Sup_L	Parietal_Sup_R	Parietal_Inf_L	Parietal_Inf_R	SupraMarginal_L	SupraMarginal_R	Angular_L	Angular_R	Precuneus_L	Precuneus_R	Paracentral_Lobule_L	Paracentral_Lobule_R	Caudate_L	Caudate_R	Putamen_L	Putamen_R	Pallidum_L	Pallidum_R	Thalamus_L	Thalamus_R	Heschl_L	Heschl_R	Temporal_Sup_L	Temporal_Sup_R	Temporal_Pole_Sup_L	Temporal_Pole_Sup_R	Temporal_Mid_L	Temporal_Mid_R	Temporal_Pole_Mid_L	Temporal_Pole_Mid_R	Temporal_Inf_L	Temporal_Inf_R	Cerebelum_Crus1_L	Cerebelum_Crus1_R	Cerebelum_Crus2_L	Cerebelum_Crus2_R	Cerebelum_3_L	Cerebelum_3_R	Cerebelum_4_5_L	Cerebelum_4_5_R	Cerebelum_6_L	Cerebelum_6_R	Cerebelum_7b_L	Cerebelum_7b_R	Cerebelum_8_L	Cerebelum_8_R	Cerebelum_9_L	Cerebelum_9_R	Cerebelum_10_L	Cerebelum_10_R	Vermis_1_2	Vermis_3	Vermis_4_5	Vermis_6	Vermis_7	Vermis_8	Vermis_9	Vermis_10	
376260	Precentral_L	0	4148	20266	7334	0	0	19452	0	0	0	16482	0	5104	0	0	0	10846	0	4562	7360	0	0	0	0	0	0	0	0	7786	0	0	0	362	3894	96	0	7032	302	498	0	0	0	82	0	94	0	0	0	352	0	4582	0	1648	0	1080	0	21788	0	296	0	2218	0	306	0	106	0	590	254	10386	1368	390	332	6288	0	1814	0	8054	1684	2130	0	1978	0	82	0	3302	0	0	0	1402	0	0	0	0	0	0	0	0	0	0	0	0	0	0	0	0	0	0	0	0	0	0	0	0	0	0	0	
493712	Precentral_R	4148	0	7472	62028	0	0	200	12582	0	0	0	6844	0	216	0	0	86	1708	4766	8050	0	0	0	0	0	0	0	0	1466	3824	0	176	132	2238	778	1832	1348	10896	192	3476	0	0	0	926	0	2234	0	374	0	1184	344	342	76	454	80	11344	138	22482	0	826	0	2818	0	7734	0	3134	314	5508	2286	4128	2596	7102	2606	5160	204	698	896	12866	90	960	0	4060	0	184	252	4720	0	0	98	3102	0	0	0	0	0	0	0	0	0	78	0	0	0	0	0	0	0	0	0	0	0	0	0	0	0	0	
828624	Frontal_Sup_L	20266	7472	0	21664	4314	96	67298	2228	1222	0	12710	200	16428	0	7566	98	14444	0	61846	21938	0	0	39608	4710	92	0	0	0	25834	158	15740	6390	4682	7944	184	128	1814	256	0	0	0	0	0	0	0	0	0	0	0	0	106	0	88	0	258	74	8280	0	0	0	134	0	0	0	0	0	0	0	1008	0	5086	1804	13822	1720	4732	0	1344	868	1002	0	3990	0	2084	0	108	0	0	0	474	0	0	0	0	0	0	0	0	0	0	0	0	0	0	0	0	0	0	0	0	0	0	0	0	0	0	0	
1.12818e+06	Frontal_Sup_R	7334	62028	21664	0	0	3672	1382	30302	0	246	390	20778	608	12324	514	1884	594	10014	20730	73268	0	0	13326	41132	0	2382	0	0	7948	24570	9036	32876	954	22846	946	1702	1844	10676	246	3426	0	0	0	448	0	570	0	270	0	294	1458	0	120	128	86	9178	436	3738	0	250	0	796	0	3636	0	1428	0	1592	2132	758	5346	27124	2096	18248	232	1248	976	26614	0	864	440	3632	94	3558	1282	1470	0	0	106	1718	0	0	0	0	0	0	0	0	0	82	0	0	0	0	0	0	0	0	0	0	0	0	0	0	0	0	
77512	Frontal_Sup_Orb_L	0	0	4314	0	0	0	948	0	6336	0	0	0	554	0	5962	0	0	0	94	0	680	0	2046	0	2102	0	3500	0	2588	0	1328	0	0	0	0	0	0	0	0	0	92	0	0	0	0	0	0	0	0	0	0	0	0	0	0	0	0	0	0	0	0	0	0	0	0	0	0	0	0	0	182	0	7906	0	0	0	0	0	0	0	0	0	124	0	0	0	0	0	0	0	0	0	0	0	0	0	0	0	0	0	0	0	0	0	0	0	0	0	0	0	0	0	0	0	0	0	
91160	Frontal_Sup_Orb_R	0	0	96	3672	0	0	0	538	0	2376	0	0	0	0	0	2520	0	0	0	0	0	430	826	4914	124	8620	0	7100	0	280	1788	2924	0	0	0	0	0	0	0	0	0	0	0	0	0	0	0	0	0	0	0	0	0	0	0	0	0	0	0	0	0	0	0	0	0	0	0	0	0	0	0	6276	0	3096	0	0	0	0	0	0	0	0	0	0	0	0	0	0	0	0	0	0	0	0	0	0	0	0	0	0	0	0	0	0	0	0	0	0	0	0	0	0	0	0	0	0	
418868	Frontal_Mid_L	19452	200	67298	1382	948	0	0	0	2568	0	11846	0	27658	0	7258	0	2860	0	17682	904	0	0	15720	498	0	0	0	0	13480	0	2920	624	1570	882	100	0	462	100	0	0	0	0	0	0	0	0	0	0	0	0	324	0	114	0	0	0	6402	0	0	0	714	0	84	0	0	0	0	0	794	0	176	128	2396	0	674	0	144	434	248	0	100	0	0	0	290	0	0	0	0	0	0	0	0	0	0	0	0	0	0	0	0	0	0	0	0	0	0	0	0	0	0	0	0	0	0	0	
245740	Frontal_Mid_R	0	12582	2228	30302	0	538	0	0	0	1394	0	7986	0	12116	168	2358	84	2056	1124	9352	0	0	172	2620	0	0	0	0	1632	4360	92	2070	0	3428	0	0	0	1344	0	200	0	0	0	0	0	0	0	0	0	0	0	0	0	0	0	406	0	238	0	0	0	0	0	0	0	0	0	0	0	0	4368	4828	3266	9192	0	1610	0	0	0	0	132	138	0	486	0	0	0	0	0	0	0	0	0	0	0	0	0	0	0	0	0	0	0	0	0	0	0	0	0	0	0	0	0	0	0	0	
47708	Frontal_Mid_Orb_L	0	0	1222	0	6336	0	2568	0	0	0	0	0	1482	0	6554	0	0	0	210	0	0	0	0	0	0	0	1458	0	1470	0	0	0	0	0	0	0	0	0	0	0	0	0	0	0	0	0	0	0	0	0	0	0	0	0	0	0	0	0	0	0	0	0	0	0	0	0	0	0	0	0	0	0	2554	0	0	0	0	0	0	0	0	0	0	0	0	0	0	0	0	0	0	0	0	0	0	0	0	0	0	0	0	0	0	0	0	0	0	0	0	0	0	0	0	0	0	0	
19876	Frontal_Mid_Orb_R	0	0	0	246	0	2376	0	1394	0	0	0	0	0	432	0	4212	0	0	0	0	0	0	0	0	0	0	0	0	0	0	0	82	0	134	0	0	0	0	0	0	0	0	0	0	0	0	0	0	0	0	0	0	0	0	0	0	0	0	0	0	0	0	0	0	0	0	0	0	0	0	0	732	0	330	0	0	0	0	0	0	0	0	0	0	0	0	0	0	0	0	0	0	0	0	0	0	0	0	0	0	0	0	0	0	0	0	0	0	0	0	0	0	0	0	0	0	
214304	Frontal_Inf_Oper_L	16482	0	12710	390	0	0	11846	0	0	0	0	142	12942	126	84	0	11022	0	7212	268	0	0	0	0	0	0	0	0	15110	140	606	0	0	80	0	0	0	0	0	0	0	0	0	0	0	0	0	0	0	0	76	0	0	0	0	0	6044	0	0	0	578	0	0	0	0	0	0	0	708	0	1066	200	1412	0	0	0	0	0	284	0	3464	0	4160	0	0	0	0	0	0	0	0	0	0	0	0	0	0	0	0	0	0	0	0	0	0	0	0	0	0	0	0	0	0	0	0	0	
293156	Frontal_Inf_Oper_R	0	6844	200	20778	0	0	0	7986	0	0	142	0	0	16990	158	354	174	12828	1102	16870	0	0	0	1066	0	0	0	0	910	31100	116	2212	0	2888	0	0	0	1310	0	146	0	0	0	0	0	390	0	0	0	310	0	0	0	0	0	268	0	2466	0	276	0	0	0	86	0	0	0	500	0	212	882	550	410	9776	0	224	0	0	0	174	0	444	0	4930	0	290	0	0	0	216	0	0	0	0	0	0	0	0	0	0	0	0	0	0	0	0	0	0	0	0	0	0	0	0	0	0	
236480	Frontal_Inf_Tri_L	5104	0	16428	608	554	0	27658	0	1482	0	12942	0	0	0	11066	84	4384	0	8078	572	0	0	0	0	0	0	0	0	21966	0	988	0	86	230	0	0	0	0	0	0	0	0	0	0	0	0	0	0	0	0	0	0	0	0	0	0	342	0	0	0	0	0	0	0	0	0	0	0	0	0	762	256	1116	0	120	0	0	0	218	0	1196	0	2000	0	0	0	0	0	0	0	0	0	0	0	0	0	0	0	0	0	0	0	0	0	0	0	0	0	0	0	0	0	0	0	0	0	
170408	Frontal_Inf_Tri_R	0	216	0	12324	0	0	0	12116	0	432	126	16990	0	0	78	2438	152	1800	880	10318	0	0	0	874	0	0	0	0	512	13762	0	994	0	2740	0	0	0	372	0	0	0	0	0	0	0	0	0	0	0	0	0	0	0	0	0	0	0	118	0	0	0	0	0	0	0	0	0	0	0	0	416	416	0	6608	0	0	0	0	0	0	0	150	0	372	0	0	0	0	0	0	0	0	0	0	0	0	0	0	0	0	0	0	0	0	0	0	0	0	0	0	0	0	0	0	0	0	
127944	Frontal_Inf_Orb_L	0	0	7566	514	5962	0	7258	168	6554	0	84	158	11066	78	0	0	0	120	1564	304	1272	0	0	0	0	0	786	0	9534	142	564	146	74	80	0	0	300	0	238	0	488	0	0	0	0	0	0	0	0	0	0	0	0	0	0	0	0	0	0	0	0	0	0	0	0	0	0	0	0	0	1522	108	6366	0	0	0	0	0	0	0	0	0	956	0	0	0	0	0	0	0	0	0	0	0	0	0	0	0	0	0	0	0	0	0	0	0	0	0	0	0	0	0	0	0	0	0	
57632	Frontal_Inf_Orb_R	0	0	98	1884	0	2520	0	2358	0	4212	0	354	84	2438	0	0	0	204	558	1076	0	150	344	1190	0	0	0	214	380	3054	0	754	96	1554	0	0	0	0	0	0	0	0	0	0	0	0	0	0	0	0	0	0	0	0	0	0	0	0	0	0	0	0	0	0	0	0	0	0	0	0	728	2280	0	2196	0	0	0	0	0	0	0	0	0	90	0	0	0	0	0	0	0	0	0	0	0	0	0	0	0	0	0	0	0	0	0	0	0	0	0	0	0	0	0	0	0	0	
205292	Rolandic_Oper_L	10846	86	14444	594	0	0	2860	84	0	0	11022	174	4384	152	0	0	0	0	3968	432	0	0	0	0	0	0	0	0	18648	178	0	0	0	118	0	0	222	0	0	0	0	0	0	0	88	0	0	0	0	0	1154	0	482	0	536	0	9254	0	0	0	474	0	1830	0	0	0	198	0	86	0	1312	588	230	0	0	0	0	0	3300	0	8854	0	3246	0	1482	0	0	0	1320	0	0	0	0	0	0	0	0	0	0	0	0	0	0	0	0	0	0	0	0	0	0	0	0	0	0	0	
171932	Rolandic_Oper_R	0	1708	0	10014	0	0	0	2056	0	0	0	12828	0	1800	120	204	0	0	188	9014	0	0	0	324	0	0	0	0	432	18452	0	1114	0	662	0	0	0	400	0	0	0	0	0	0	0	0	0	0	0	0	0	0	0	0	0	604	0	5058	0	0	0	0	0	2518	0	114	0	82	0	0	326	760	84	3638	0	162	0	0	0	3384	0	3554	0	5940	0	306	0	0	0	120	0	0	0	0	0	0	0	0	0	0	0	0	0	0	0	0	0	0	0	0	0	0	0	0	0	0	
492876	Supp_Motor_Area_L	4562	4766	61846	20730	94	0	17682	1124	210	0	7212	1102	8078	880	1564	558	3968	188	0	30620	0	0	7342	4888	0	0	0	0	12028	1080	6960	4694	9118	17690	906	1712	610	138	0	0	0	0	0	0	0	0	0	0	0	0	0	0	0	0	0	130	160	0	0	0	0	0	0	0	0	0	142	564	2650	360	952	686	746	904	364	0	2308	0	0	0	2018	0	2028	0	0	0	0	0	76	0	0	0	0	0	0	0	0	0	0	0	0	0	0	0	0	0	0	0	0	0	0	0	0	0	0	0	
746972	Supp_Motor_Area_R	7360	8050	21938	73268	0	0	904	9352	0	0	268	16870	572	10318	304	1076	432	9014	30620	0	0	0	676	7010	0	80	0	0	4174	19910	938	9798	4212	52462	2040	5986	172	1408	0	250	0	0	0	264	0	384	0	96	0	194	406	128	438	190	656	1364	114	2164	0	192	0	138	0	156	0	0	178	2434	10388	12588	4076	10660	1702	13388	0	214	542	2870	76	810	294	1390	92	3026	356	994	0	0	564	498	0	0	0	0	0	0	0	0	0	0	0	0	0	0	0	0	0	0	0	0	0	0	0	0	0	0	
42220	Olfactory_L	0	0	0	0	680	0	0	0	0	0	0	0	0	0	1272	0	0	0	0	0	0	4120	0	0	0	0	2836	908	1548	0	1822	1864	0	0	0	0	162	0	404	0	400	0	0	0	0	0	0	0	0	0	0	0	0	0	0	0	0	0	0	0	0	0	0	0	0	0	0	0	0	0	3770	870	0	0	0	0	0	0	0	0	0	0	454	0	0	0	0	0	0	0	0	0	0	0	0	0	0	0	0	0	0	0	0	0	0	0	0	0	0	0	0	0	0	0	0	0	
43004	Olfactory_R	0	0	0	0	0	430	0	0	0	0	0	0	0	0	0	150	0	0	0	0	4120	0	0	0	0	122	2686	1670	0	1354	1740	2090	0	0	0	0	0	96	0	230	0	764	0	0	0	0	0	0	0	0	0	0	0	0	0	0	0	0	0	0	0	0	0	0	0	0	0	0	0	0	4310	1394	0	346	0	0	0	0	0	0	0	0	0	0	0	0	0	0	0	0	0	0	0	0	0	0	0	0	0	0	0	0	0	0	0	0	0	0	0	0	0	0	0	0	0	0	
303044	Frontal_Sup_Medial_L	0	0	39608	13326	2046	826	15720	172	0	0	0	0	0	0	0	344	0	0	7342	676	0	0	0	22564	1514	1588	0	0	234	0	17028	14408	2770	9180	0	0	0	0	0	0	0	0	0	0	0	0	0	0	0	0	0	0	0	0	0	0	0	0	0	0	0	0	0	0	0	0	0	0	0	0	148	110	968	950	0	0	0	0	0	0	0	0	0	0	0	0	0	0	0	0	0	0	0	0	0	0	0	0	0	0	0	0	0	0	0	0	0	0	0	0	0	0	0	0	0	0	
331304	Frontal_Sup_Medial_R	0	0	4710	41132	0	4914	498	2620	0	0	0	1066	0	874	0	1190	0	324	4888	7010	0	0	22564	0	260	5518	0	336	168	1114	11062	30144	172	15004	0	0	0	0	0	0	0	0	0	0	0	0	0	0	0	0	0	0	0	0	0	0	0	0	0	0	0	0	0	0	0	0	0	0	0	0	248	4710	100	5026	0	0	0	0	0	0	0	0	0	0	0	0	0	0	0	0	0	0	0	0	0	0	0	0	0	0	0	0	0	0	0	0	0	0	0	0	0	0	0	0	0	0	
21444	Frontal_Med_Orb_L	0	0	92	0	2102	124	0	0	0	0	0	0	0	0	0	0	0	0	0	0	0	0	1514	260	0	976	1314	0	0	0	3222	180	0	0	0	0	0	0	0	0	0	0	0	0	0	0	0	0	0	0	0	0	0	0	0	0	0	0	0	0	0	0	0	0	0	0	0	0	0	0	240	0	698	0	0	0	0	0	0	0	0	0	0	0	0	0	0	0	0	0	0	0	0	0	0	0	0	0	0	0	0	0	0	0	0	0	0	0	0	0	0	0	0	0	0	0	
71124	Frontal_Med_Orb_R	0	0	0	2382	0	8620	0	0	0	0	0	0	0	0	0	0	0	0	0	80	0	122	1588	5518	976	0	0	4504	0	0	2824	3740	0	0	0	0	0	0	0	0	0	0	0	0	0	0	0	0	0	0	0	0	0	0	0	0	0	0	0	0	0	0	0	0	0	0	0	0	0	0	0	3582	0	1626	0	0	0	0	0	0	0	0	0	0	0	0	0	0	0	0	0	0	0	0	0	0	0	0	0	0	0	0	0	0	0	0	0	0	0	0	0	0	0	0	0	0	
39512	Rectus_L	0	0	0	0	3500	0	0	0	1458	0	0	0	0	0	786	0	0	0	0	0	2836	2686	0	0	1314	0	0	608	0	0	1930	1154	0	0	0	0	0	0	0	0	0	0	0	0	0	0	0	0	0	0	0	0	0	0	0	0	0	0	0	0	0	0	0	0	0	0	0	0	0	0	2352	508	624	0	0	0	0	0	0	0	0	0	0	0	0	0	0	0	0	0	0	0	0	0	0	0	0	0	0	0	0	0	0	0	0	0	0	0	0	0	0	0	0	0	0	0	
39164	Rectus_R	0	0	0	0	0	7100	0	0	0	0	0	0	0	0	0	214	0	0	0	0	908	1670	0	336	0	4504	608	0	0	316	344	1290	0	0	0	0	0	0	0	0	0	0	0	0	0	0	0	0	0	0	0	0	0	0	0	0	0	0	0	0	0	0	0	0	0	0	0	0	0	0	716	1376	0	200	0	0	0	0	0	0	0	0	0	0	0	0	0	0	0	0	0	0	0	0	0	0	0	0	0	0	0	0	0	0	0	0	0	0	0	0	0	0	0	0	0	0	
480008	Insula_L	7786	1466	25834	7948	2588	0	13480	1632	1470	0	15110	910	21966	512	9534	380	18648	432	12028	4174	1548	0	234	168	0	0	0	0	0	936	3050	1264	86	1332	84	0	7988	236	504	80	1192	0	0	0	0	0	0	0	0	0	856	0	686	0	1922	74	3250	0	0	0	922	0	1606	0	98	0	194	0	128	0	15708	3906	16404	1294	0	0	634	1484	5494	0	9492	0	4644	168	1660	0	208	0	4572	0	0	0	0	0	0	0	0	0	0	0	0	0	0	0	0	0	0	0	0	0	0	0	0	0	0	0	
377892	Insula_R	0	3824	158	24570	0	280	0	4360	0	0	140	31100	0	13762	142	3054	178	18452	1080	19910	0	1354	0	1114	0	0	0	316	936	0	90	2386	0	3078	0	0	0	5474	0	1468	0	1984	0	0	0	320	0	0	0	182	0	0	0	0	0	4686	0	1244	0	186	0	0	0	118	0	0	0	504	0	236	768	1060	210	23232	0	0	0	0	0	1482	0	3696	0	8566	0	1154	0	0	0	1966	0	0	0	0	0	0	0	0	0	126	0	0	0	0	0	0	0	0	0	0	0	0	0	0	0	0	
244704	Cingulum_Ant_L	0	0	15740	9036	1328	1788	2920	92	0	0	606	116	988	0	564	0	0	0	6960	938	1822	1740	17028	11062	3222	2824	1930	344	3050	90	0	17806	5286	3404	222	0	0	0	0	0	0	0	0	0	0	0	0	0	0	0	0	0	0	0	0	0	0	0	0	0	0	0	0	0	0	0	0	0	0	0	5526	1172	4090	496	0	0	0	0	0	0	0	0	162	0	0	0	0	0	0	0	0	0	0	0	0	0	0	0	0	0	0	0	0	0	0	0	0	0	0	0	0	0	0	0	0	0	
377188	Cingulum_Ant_R	0	176	6390	32876	0	2924	624	2070	0	82	0	2212	0	994	146	754	0	1114	4694	9798	1864	2090	14408	30144	180	3740	1154	1290	1264	2386	17806	0	1362	21642	74	0	0	0	0	0	0	0	0	0	0	0	0	0	0	0	0	0	0	0	0	0	0	0	0	0	0	0	0	0	0	0	0	0	0	0	3264	11350	576	9146	0	0	0	0	0	0	0	0	0	0	0	0	0	0	0	0	0	0	0	0	0	0	0	0	0	0	0	0	0	0	0	0	0	0	0	0	0	0	0	0	0	0	
102536	Cingulum_Mid_L	362	132	4682	954	0	0	1570	0	0	0	0	0	86	0	74	96	0	0	9118	4212	0	0	2770	172	0	0	0	0	86	0	5286	1362	0	7584	2722	2208	0	0	0	0	0	0	158	0	588	0	0	0	0	0	98	0	80	0	0	0	0	0	0	0	0	0	0	0	0	0	3210	662	1568	418	0	0	0	76	0	0	934	0	0	0	0	0	0	0	0	0	0	0	0	0	0	0	0	0	0	0	0	0	0	0	0	0	0	0	0	0	0	0	0	0	0	0	0	0	0	0	
496416	Cingulum_Mid_R	3894	2238	7944	22846	0	0	882	3428	0	134	80	2888	230	2740	80	1554	118	662	17690	52462	0	0	9180	15004	0	0	0	0	1332	3078	3404	21642	7584	0	2214	10298	0	160	0	0	0	0	0	1434	0	1140	0	414	0	1538	290	456	418	512	616	1580	76	1794	0	214	0	174	0	0	0	132	2274	11942	9090	13680	692	690	76	2030	0	0	312	0	0	154	0	768	0	0	250	844	0	0	532	320	0	0	0	0	0	0	0	0	0	0	0	0	0	0	0	0	0	0	0	0	0	0	0	0	0	0	
106216	Cingulum_Post_L	96	778	184	946	0	0	100	0	0	0	0	0	0	0	0	0	0	0	906	2040	0	0	0	0	0	0	0	0	84	0	222	74	2722	2214	0	7164	4412	2554	2186	928	0	0	2564	0	2094	0	966	0	0	0	630	0	882	0	1860	436	0	0	0	0	0	0	0	0	0	0	7646	1480	458	1304	0	0	0	140	0	0	190	3130	0	0	0	0	0	0	426	0	0	0	1010	0	0	0	0	0	0	0	118	0	0	0	0	0	0	0	0	0	0	0	0	0	164	0	0	0	0	0	
136660	Cingulum_Post_R	0	1832	128	1702	0	0	0	0	0	0	0	0	0	0	0	0	0	0	1712	5986	0	0	0	0	0	0	0	0	0	0	0	0	2208	10298	7164	0	1956	4688	1010	1880	0	0	0	2278	90	192	0	1910	0	0	0	0	118	228	198	4266	0	114	0	0	0	0	0	0	0	0	982	9504	536	3646	0	0	0	156	0	0	0	2512	0	0	0	174	0	0	0	0	0	0	224	170	0	0	0	0	0	0	0	0	0	0	0	0	0	0	0	0	0	0	0	0	468	0	0	0	0	0	
182208	Hippocampus_L	7032	1348	1814	1844	0	0	462	0	0	0	0	0	0	0	300	0	222	0	610	172	162	0	0	0	0	0	0	0	7988	0	0	0	0	0	4412	1956	0	1804	8660	674	4954	0	1150	0	0	0	1394	94	0	0	476	0	156	0	6774	226	144	0	0	0	0	0	0	0	0	0	1288	446	0	0	1024	124	4412	150	486	0	3950	3388	1858	0	3736	0	1192	0	2932	0	352	0	10692	0	0	0	0	0	0	0	156	0	0	0	0	0	0	0	0	0	0	0	0	90	0	0	0	0	0	0	
273108	Hippocampus_R	302	10896	256	10676	0	0	100	1344	0	0	0	1310	0	372	0	0	0	400	138	1408	0	96	0	0	0	0	0	0	236	5474	0	0	0	160	2554	4688	1804	0	1204	18848	0	8972	0	1116	0	86	82	2928	0	88	310	0	0	0	0	28158	86	154	0	0	0	0	0	0	0	0	198	4436	0	186	0	108	0	9174	0	0	0	4564	0	292	0	1224	0	2126	280	2566	0	0	0	5192	0	0	0	0	148	0	194	512	0	618	0	0	0	0	0	0	0	0	0	0	490	0	0	0	0	0	
51880	ParaHippocampal_L	498	192	0	246	0	0	0	0	0	0	0	0	0	0	238	0	0	0	0	0	404	0	0	0	0	0	0	0	504	0	0	0	0	0	2186	1010	8660	1204	0	420	720	0	604	0	0	0	1232	144	0	0	0	0	0	0	1414	124	0	0	0	0	0	0	0	0	0	0	780	294	0	0	0	0	220	0	0	0	1176	1662	0	0	102	0	284	0	138	0	0	0	936	0	0	0	0	0	110	0	300	0	0	0	0	0	0	0	0	0	0	0	0	138	0	0	0	0	0	0	
131188	ParaHippocampal_R	0	3476	0	3426	0	0	0	200	0	0	0	146	0	0	0	0	0	0	0	250	0	230	0	0	0	0	0	0	80	1468	0	0	0	0	928	1880	674	18848	420	0	0	5328	0	830	0	0	0	2426	0	0	0	0	0	0	0	14206	0	0	0	0	0	0	0	0	0	0	116	2496	0	0	0	0	0	2244	0	0	0	1722	0	168	0	350	0	1252	0	240	0	328	0	674	0	80	0	0	0	0	0	626	0	160	0	0	0	0	0	0	0	0	0	0	322	0	0	0	0	0	
23584	Amygdala_L	0	0	0	0	92	0	0	0	0	0	0	0	0	0	488	0	0	0	0	0	400	0	0	0	0	0	0	0	1192	0	0	0	0	0	0	0	4954	0	720	0	0	0	0	0	0	0	0	0	0	0	0	0	0	0	1992	0	0	0	0	0	0	0	0	0	0	0	0	0	0	0	0	0	86	0	0	0	0	0	0	0	0	0	746	0	0	0	162	0	960	0	0	0	0	0	0	0	0	0	0	0	0	0	0	0	0	0	0	0	0	0	0	0	0	0	0	0	
52308	Amygdala_R	0	0	0	0	0	0	0	0	0	0	0	0	0	0	0	0	0	0	0	0	0	764	0	0	0	0	0	0	0	1984	0	0	0	0	0	0	0	8972	0	5328	0	0	0	0	0	0	0	0	0	0	0	0	0	0	0	5966	0	0	0	0	0	0	0	0	0	0	0	0	0	0	0	0	0	982	0	0	0	0	0	0	0	0	0	1942	0	0	0	106	0	110	0	0	0	0	0	0	0	0	0	0	0	0	0	0	0	0	0	0	0	0	0	0	0	0	0	0	
235528	Calcarine_L	82	0	0	0	0	0	0	0	0	0	0	0	0	0	0	0	0	0	0	0	0	0	0	0	0	0	0	0	0	0	0	0	158	0	2564	0	1150	0	604	0	0	0	0	4654	10772	5050	15488	1942	10902	2544	16344	706	5750	0	5712	364	0	0	3098	0	122	0	0	0	122	0	15364	576	0	0	0	0	0	0	0	0	0	0	0	0	0	0	0	0	1758	0	0	0	452	0	1392	482	0	0	0	136	2834	744	2550	678	0	0	0	94	0	0	0	0	0	160	2416	0	0	0	0	0	
400892	Calcarine_R	0	926	0	448	0	0	0	0	0	0	0	0	0	0	0	0	0	0	0	264	0	0	0	0	0	0	0	0	0	0	0	0	0	1434	0	2278	0	1116	0	830	0	0	4654	0	3518	37006	1312	31748	296	35414	0	16106	0	7884	0	17396	0	488	0	596	0	0	0	0	0	128	4958	28588	0	888	0	0	0	0	0	0	0	0	0	0	0	0	0	0	0	1036	0	0	0	816	0	0	0	0	0	0	0	0	92	118	0	0	0	0	0	0	0	0	0	0	0	108	0	0	0	0	
139608	Cuneus_L	94	0	0	0	0	0	0	0	0	0	0	0	0	0	0	0	88	0	0	0	0	0	0	0	0	0	0	0	0	0	0	0	588	0	2094	90	0	0	0	0	0	0	10772	3518	0	7150	1602	656	11506	3672	4306	266	560	118	180	132	378	0	4836	0	0	0	0	0	0	0	13074	3376	556	0	0	0	0	0	0	0	0	0	0	0	0	0	0	0	192	0	0	0	0	0	0	0	0	0	0	0	0	0	0	0	0	0	0	0	0	0	0	0	0	0	0	0	0	0	0	0	
506820	Cuneus_R	0	2234	0	570	0	0	0	0	0	0	0	390	0	0	0	0	0	0	0	384	0	0	0	0	0	0	0	0	0	320	0	0	0	1140	0	192	0	86	0	0	0	0	5050	37006	7150	0	618	16526	854	59484	100	18694	0	6784	0	7668	0	6622	88	10952	0	1300	0	194	0	692	9738	47146	0	8516	0	0	0	0	0	0	0	0	0	158	0	800	0	0	0	1272	0	0	0	600	0	0	0	0	0	0	0	0	0	82	0	0	0	0	0	0	0	0	0	0	0	0	0	0	0	0	
246748	Lingual_L	0	0	0	0	0	0	0	0	0	0	0	0	0	0	0	0	0	0	0	0	0	0	0	0	0	0	0	0	0	0	0	0	0	0	966	0	1394	82	1232	0	0	0	15488	1312	1602	618	0	3188	6130	590	13332	350	7328	0	12676	726	0	0	1964	0	0	0	0	0	0	0	4216	78	0	0	0	0	0	0	0	0	0	86	0	0	0	0	0	0	146	0	0	0	194	0	9380	1438	198	78	0	184	10694	1334	15828	2426	0	0	0	122	0	84	0	0	0	228	4668	2542	472	0	0	0	
443836	Lingual_R	0	374	0	270	0	0	0	0	0	0	0	0	0	0	0	0	0	0	0	96	0	0	0	0	0	0	0	0	0	0	0	0	0	414	0	1910	94	2928	144	2426	0	0	1942	31748	656	16526	3188	0	0	17472	116	11124	394	3228	1822	20314	0	90	0	0	0	0	0	0	0	0	1284	13926	0	144	0	0	0	0	0	0	0	150	0	0	0	0	0	0	0	798	0	0	0	336	9618	4878	858	76	128	206	4368	12276	13854	12184	0	0	0	74	0	116	0	0	0	124	12120	16070	820	112	122	0	
211404	Occipital_Sup_L	352	0	0	0	0	0	0	0	0	0	0	0	0	0	0	0	0	0	0	0	0	0	0	0	0	0	0	0	0	0	0	0	0	0	0	0	0	0	0	0	0	0	10902	296	11506	854	6130	0	0	556	27684	0	1562	0	186	0	106	0	18954	0	1112	0	0	0	586	0	21616	504	408	0	0	0	0	0	0	0	0	0	0	0	0	0	0	0	2388	0	0	0	0	0	0	0	0	0	0	0	0	0	0	0	0	0	0	0	0	0	0	0	0	0	0	0	0	0	0	0	
515756	Occipital_Sup_R	0	1184	0	294	0	0	0	0	0	0	0	310	0	0	0	0	0	0	0	194	0	0	0	0	0	0	0	0	0	182	0	0	0	1538	0	0	0	88	0	0	0	0	2544	35414	3672	59484	590	17472	556	0	82	32182	0	7626	0	9582	0	4376	0	16332	0	2082	0	202	0	4708	7978	39718	0	6580	0	0	0	0	0	0	0	0	0	108	0	744	0	0	0	1376	0	0	0	598	0	0	0	0	0	0	0	0	0	82	0	0	0	0	0	0	0	0	0	0	0	0	0	0	0	0	
513124	Occipital_Mid_L	4582	344	106	1458	0	0	324	0	0	0	76	0	0	0	0	0	1154	0	0	406	0	0	0	0	0	0	0	0	856	0	0	0	98	290	630	0	476	310	0	0	0	0	16344	0	4306	100	13332	116	27684	82	0	0	30074	0	7484	0	6024	0	22060	0	19698	0	2044	0	18212	0	20228	102	1918	206	0	118	0	0	0	0	1016	760	0	0	2218	0	0	0	45116	0	0	0	5462	0	0	0	0	0	0	0	0	0	408	122	0	0	0	0	0	0	0	0	0	0	0	218	0	0	0	0	
282004	Occipital_Mid_R	0	342	0	0	0	0	0	0	0	0	0	0	0	0	0	0	0	0	0	128	0	0	0	0	0	0	0	0	0	0	0	0	0	456	0	0	0	0	0	0	0	0	706	16106	266	18694	350	11124	0	32182	0	0	0	9450	0	5242	0	992	0	6292	0	4564	0	186	0	11708	1374	10320	0	870	0	0	0	0	0	0	0	0	0	0	0	158	0	0	0	8728	0	0	0	764	0	0	0	0	0	0	0	0	0	0	0	0	0	0	0	0	0	0	0	0	0	0	0	0	0	0	
185184	Occipital_Inf_L	1648	76	88	120	0	0	114	0	0	0	0	0	0	0	0	0	482	0	0	438	0	0	0	0	0	0	0	0	686	0	0	0	80	418	882	118	156	0	0	0	0	0	5750	0	560	0	7328	394	1562	0	30074	0	0	0	10830	0	2002	0	1150	0	2078	0	384	0	940	0	2474	0	464	344	0	0	0	0	0	0	96	0	230	0	438	0	0	0	11506	0	0	0	4720	0	498	134	0	0	0	0	328	0	1638	460	0	0	0	0	0	0	0	0	0	0	124	780	0	0	0	0	
114948	Occipital_Inf_R	0	454	0	128	0	0	0	0	0	0	0	0	0	0	0	0	0	0	0	190	0	0	0	0	0	0	0	0	0	0	0	0	0	512	0	228	0	0	0	0	0	0	0	7884	118	6784	0	3228	0	7626	0	9450	0	0	0	6420	0	1288	0	294	0	226	0	96	0	358	496	6022	0	962	0	0	0	0	0	0	0	0	0	0	0	0	0	0	0	1898	0	0	0	1798	0	0	0	0	0	0	0	184	0	500	0	0	0	0	0	0	0	0	0	0	0	330	0	0	0	0	
287588	Fusiform_L	1080	80	258	86	0	0	0	0	0	0	0	0	0	0	0	0	536	0	0	656	0	0	0	0	0	0	0	0	1922	0	0	0	0	616	1860	198	6774	0	1414	0	1992	0	5712	0	180	0	12676	1822	186	0	7484	0	10830	0	0	468	300	0	98	0	192	0	0	0	114	0	3670	0	276	538	128	0	316	0	0	0	102	0	1200	0	906	0	158	0	2176	0	260	0	11130	0	21194	800	880	0	0	0	8670	1272	24292	1602	202	0	108	0	0	0	0	0	0	0	3002	2880	498	0	0	0	
535300	Fusiform_R	0	11344	74	9178	0	0	0	406	0	0	0	268	0	0	0	0	0	604	130	1364	0	0	0	0	0	0	0	0	74	4686	0	0	0	1580	436	4266	226	28158	124	14206	0	5966	364	17396	132	7668	726	20314	0	9582	0	5242	0	6420	468	0	0	614	0	512	0	86	0	220	0	112	584	12494	0	1348	0	0	0	3858	0	0	0	1016	0	424	0	2228	0	2986	0	3632	0	938	0	13268	1940	15370	196	272	0	340	2908	12142	4176	22020	0	0	0	240	88	236	0	0	0	116	5762	5072	676	186	188	0	
232884	Postcentral_L	21788	138	8280	436	0	0	6402	0	0	0	6044	0	342	0	0	0	9254	0	160	114	0	0	0	0	0	0	0	0	3250	0	0	0	0	76	0	0	144	86	0	0	0	0	0	0	378	0	0	0	106	0	6024	0	2002	0	300	0	0	0	7566	0	19124	0	8272	94	1590	0	2570	0	4266	0	0	0	0	0	0	0	0	238	1078	0	1740	0	0	0	4184	0	0	0	396	0	0	0	0	0	0	0	0	0	0	0	0	0	0	0	0	0	0	0	0	0	0	0	0	0	0	0	
227188	Postcentral_R	0	22482	0	3738	0	0	0	238	0	0	0	2466	0	118	0	0	0	5058	0	2164	0	0	0	0	0	0	0	0	0	1244	0	0	0	1794	0	114	0	154	0	0	0	0	0	488	0	6622	0	90	0	4376	0	992	0	1288	0	614	0	0	0	6580	0	7702	0	13784	0	1320	316	12964	0	9384	0	0	100	524	76	0	0	0	0	982	0	1650	0	108	0	2932	0	0	0	1132	0	0	0	0	0	0	0	0	0	0	0	0	0	0	0	0	0	0	0	0	0	0	0	0	0	0	
198520	Parietal_Sup_L	296	0	0	0	0	0	0	0	0	0	0	0	0	0	0	0	0	0	0	0	0	0	0	0	0	0	0	0	0	0	0	0	0	0	0	0	0	0	0	0	0	0	3098	0	4836	88	1964	0	18954	0	22060	0	1150	0	98	0	7566	0	0	0	13222	0	0	0	3314	0	18954	0	424	0	0	0	0	0	0	0	0	0	0	0	0	0	0	0	3236	0	0	0	0	0	0	0	0	0	0	0	0	0	0	0	0	0	0	0	0	0	0	0	0	0	0	0	0	0	0	0	
178968	Parietal_Sup_R	0	826	0	250	0	0	0	0	0	0	0	276	0	0	0	0	0	0	0	192	0	0	0	0	0	0	0	0	0	186	0	0	0	214	0	0	0	0	0	0	0	0	0	596	0	10952	0	0	0	16332	0	6292	0	294	0	512	0	6580	0	0	0	6858	0	1618	0	9418	0	16866	0	7480	0	0	0	0	0	0	0	0	0	118	0	840	0	0	0	1920	0	0	0	864	0	0	0	0	0	0	0	0	0	0	0	0	0	0	0	0	0	0	0	0	0	0	0	0	0	0	
220628	Parietal_Inf_L	2218	0	134	0	0	0	714	0	0	0	578	0	0	0	0	0	474	0	0	0	0	0	0	0	0	0	0	0	922	0	0	0	0	0	0	0	0	0	0	0	0	0	122	0	0	0	0	0	1112	0	19698	0	2078	0	192	0	19124	0	13222	0	0	0	8732	0	22774	0	1714	0	140	0	0	0	0	0	0	0	0	0	0	0	774	0	0	0	15454	0	0	0	138	0	0	0	0	0	0	0	0	0	0	0	0	0	0	0	0	0	0	0	0	0	0	0	0	0	0	0	
119596	Parietal_Inf_R	0	2818	0	796	0	0	0	0	0	0	0	0	0	0	0	0	0	0	0	138	0	0	0	0	0	0	0	0	0	0	0	0	0	174	0	0	0	0	0	0	0	0	0	0	0	1300	0	0	0	2082	0	4564	0	226	0	86	0	7702	0	6858	0	0	0	10154	0	15130	0	1616	0	866	0	0	100	0	90	0	0	0	0	0	0	292	0	0	0	4144	0	0	0	662	0	0	0	0	0	0	0	0	0	0	0	0	0	0	0	0	0	0	0	0	0	0	0	0	0	0	
72172	SupraMarginal_L	306	0	0	0	0	0	84	0	0	0	0	0	0	0	0	0	1830	0	0	0	0	0	0	0	0	0	0	0	1606	0	0	0	0	0	0	0	0	0	0	0	0	0	0	0	0	0	0	0	0	0	2044	0	384	0	0	0	8272	0	0	0	8732	0	0	0	2624	0	0	0	0	0	0	0	0	0	0	0	0	0	0	0	3566	0	0	0	6102	0	0	0	536	0	0	0	0	0	0	0	0	0	0	0	0	0	0	0	0	0	0	0	0	0	0	0	0	0	0	0	
123032	SupraMarginal_R	0	7734	0	3636	0	0	0	0	0	0	0	86	0	0	0	0	0	2518	0	156	0	0	0	0	0	0	0	0	0	118	0	0	0	0	0	0	0	0	0	0	0	0	0	0	0	194	0	0	0	202	0	186	0	96	0	220	94	13784	0	1618	0	10154	0	0	0	7476	0	214	0	238	0	0	148	0	138	0	0	0	0	438	0	7618	0	0	0	3656	0	0	0	794	0	0	0	0	0	0	0	0	0	0	0	0	0	0	0	0	0	0	0	0	0	0	0	0	0	0	
135020	Angular_L	106	0	0	0	0	0	0	0	0	0	0	0	0	0	0	0	0	0	0	0	0	0	0	0	0	0	0	0	98	0	0	0	0	0	0	0	0	0	0	0	0	0	122	0	0	0	0	0	586	0	18212	0	940	0	114	0	1590	0	3314	0	22774	0	2624	0	0	0	1044	0	0	0	0	0	0	0	0	0	0	0	0	0	188	0	0	0	15608	0	0	0	190	0	0	0	0	0	0	0	0	0	0	0	0	0	0	0	0	0	0	0	0	0	0	0	0	0	0	0	
136140	Angular_R	0	3134	0	1428	0	0	0	0	0	0	0	0	0	0	0	0	0	114	0	0	0	0	0	0	0	0	0	0	0	0	0	0	0	132	0	0	0	0	0	0	0	0	0	128	0	692	0	0	0	4708	0	11708	0	358	0	112	0	1320	0	9418	0	15130	0	7476	0	0	0	812	0	696	0	0	0	0	0	0	0	0	0	0	0	3772	0	0	0	6398	0	0	0	534	0	0	0	0	0	0	0	0	0	0	0	0	0	0	0	0	0	0	0	0	0	0	0	0	0	0	
353308	Precuneus_L	590	314	0	0	0	0	0	0	0	0	0	0	0	0	0	0	198	0	142	178	0	0	0	0	0	0	0	0	194	0	0	0	3210	2274	7646	982	1288	198	780	116	0	0	15364	4958	13074	9738	4216	1284	21616	7978	20228	1374	2474	496	3670	584	2570	316	18954	0	1714	0	0	0	1044	0	0	15648	3122	1824	0	0	0	0	0	0	182	154	0	0	0	0	0	0	5198	0	0	0	486	0	0	0	0	0	0	0	158	0	0	0	0	0	0	0	0	0	0	0	0	0	120	0	0	0	0	0	
552348	Precuneus_R	254	5508	0	1592	0	0	0	0	0	0	0	500	0	0	0	0	0	82	564	2434	0	0	0	0	0	0	0	0	0	504	0	0	662	11942	1480	9504	446	4436	294	2496	0	0	576	28588	3376	47146	78	13926	504	39718	102	10320	0	6022	0	12494	0	12964	0	16866	0	1616	0	214	0	812	15648	0	280	16630	0	0	0	82	0	0	0	572	0	202	0	926	0	0	0	1408	0	0	0	1480	0	0	0	0	0	0	0	372	0	76	0	0	0	0	0	0	0	0	0	0	478	0	0	0	0	0	
119076	Paracentral_Lobule_L	10386	2286	1008	2132	0	0	794	0	0	0	708	0	0	0	0	0	86	0	2650	10388	0	0	0	0	0	0	0	0	128	0	0	0	1568	9090	458	536	0	0	0	0	0	0	0	0	556	0	0	0	408	0	1918	0	464	0	276	0	4266	0	424	0	140	0	0	0	0	0	3122	280	0	3016	80	0	0	0	0	0	880	0	0	0	0	100	0	0	1178	0	0	0	212	0	0	0	0	0	0	0	0	0	0	0	0	0	0	0	0	0	0	0	0	0	0	0	0	0	0	0	
207416	Paracentral_Lobule_R	1368	4128	0	758	0	0	0	0	0	0	0	212	0	0	0	0	0	0	360	12588	0	0	0	0	0	0	0	0	0	236	0	0	418	13680	1304	3646	0	186	0	0	0	0	0	888	0	8516	0	144	0	6580	206	870	344	962	538	1348	0	9384	0	7480	0	866	0	238	0	696	1824	16630	3016	0	0	0	0	0	0	0	386	0	0	248	0	1284	0	0	188	994	0	0	478	716	0	0	0	0	0	0	0	0	0	0	0	0	0	0	0	0	0	0	0	0	0	0	0	0	0	0	
214672	Caudate_L	390	2596	5086	5346	182	0	176	4368	0	0	1066	882	762	416	1522	728	1312	326	952	4076	3770	4310	148	248	240	0	2352	716	15708	768	5526	3264	0	692	0	0	1024	0	0	0	0	0	0	0	0	0	0	0	0	0	0	0	0	0	128	0	0	0	0	0	0	0	0	0	0	0	0	0	80	0	0	7450	18452	1906	2268	0	6096	0	0	0	1836	0	0	168	0	0	0	0	0	0	0	0	0	0	0	0	0	0	0	0	0	0	0	0	0	0	0	0	0	0	0	0	0	0	0	0	
280148	Caudate_R	332	7102	1804	27124	0	6276	128	4828	0	732	200	550	256	416	108	2280	588	760	686	10660	870	1394	110	4710	0	3582	508	1376	3906	1060	1172	11350	0	690	0	0	124	108	0	0	0	0	0	0	0	0	0	0	0	0	118	0	0	0	0	0	0	0	0	0	0	0	0	0	0	0	0	0	0	0	7450	0	1056	20504	0	1694	392	12612	0	96	264	0	0	0	98	0	0	0	0	0	0	0	0	0	0	0	0	0	0	0	0	0	0	0	0	0	0	0	0	0	0	0	0	0	0	0	
224628	Putamen_L	6288	2606	13822	2096	7906	0	2396	3266	2554	0	1412	410	1116	0	6366	0	230	84	746	1702	0	0	968	100	698	0	624	0	16404	210	4090	576	0	76	0	0	4412	0	220	0	86	0	0	0	0	0	0	0	0	0	0	0	0	0	316	0	0	100	0	0	0	100	0	148	0	0	0	0	0	0	18452	1056	0	830	7038	0	558	0	0	0	1920	0	84	0	0	0	0	0	248	0	0	0	0	0	0	0	0	0	0	0	0	0	0	0	0	0	0	0	0	0	0	0	0	0	0	0	
335364	Putamen_R	0	5160	1720	18248	0	3096	0	9192	0	330	0	9776	0	6608	0	2196	0	3638	904	13388	0	346	950	5026	0	1626	0	200	1294	23232	496	9146	76	2030	140	156	150	9174	0	2244	0	982	0	0	0	0	0	0	0	0	0	0	0	0	0	3858	0	524	0	0	0	0	0	0	0	0	0	82	0	0	1906	20504	830	0	0	2954	0	348	0	100	122	752	0	3226	0	194	0	0	0	758	0	0	0	0	0	0	0	0	0	0	0	0	0	0	0	0	0	0	0	0	0	0	0	0	0	0	
38888	Pallidum_L	1814	204	4732	232	0	0	674	0	0	0	0	0	120	0	0	0	0	0	364	0	0	0	0	0	0	0	0	0	0	0	0	0	0	0	0	0	486	0	0	0	0	0	0	0	0	0	0	0	0	0	0	0	0	0	0	0	0	76	0	0	0	90	0	138	0	0	0	0	0	0	2268	0	7038	0	0	0	1208	0	0	0	0	0	0	0	0	0	0	0	0	0	0	0	0	0	0	0	0	0	0	0	0	0	0	0	0	0	0	0	0	0	0	0	0	0	0	0	
17760	Pallidum_R	0	698	0	1248	0	0	0	1610	0	0	0	224	0	0	0	0	0	162	0	214	0	0	0	0	0	0	0	0	0	0	0	0	0	0	0	0	0	0	0	0	0	0	0	0	0	0	0	0	0	0	0	0	0	0	0	0	0	0	0	0	0	0	0	0	0	0	0	0	0	0	0	1694	0	2954	0	0	0	0	0	76	0	0	0	0	0	0	0	0	0	0	0	0	0	0	0	0	0	0	0	0	0	0	0	0	0	0	0	0	0	0	0	0	0	0	0	0	
72684	Thalamus_L	8054	896	1344	976	0	0	144	0	0	0	0	0	0	0	0	0	0	0	2308	542	0	0	0	0	0	0	0	0	634	0	0	0	934	312	190	0	3950	0	1176	0	0	0	0	0	0	0	0	0	0	0	1016	0	96	0	102	0	0	0	0	0	0	0	0	0	0	0	182	0	880	386	6096	392	558	0	1208	0	0	2980	0	0	114	0	0	0	714	0	0	0	158	0	0	0	0	0	0	0	0	0	0	0	0	0	0	0	0	0	0	0	0	0	0	0	0	0	0	0	
167088	Thalamus_R	1684	12866	868	26614	0	0	434	0	0	0	0	0	0	0	0	0	0	0	0	2870	0	0	0	0	0	0	0	0	1484	0	0	0	0	0	3130	2512	3388	4564	1662	1722	0	0	0	0	0	0	86	150	0	0	760	0	0	0	0	1016	238	0	0	0	0	0	0	0	0	0	154	572	0	0	0	12612	0	348	0	0	2980	0	0	0	0	0	0	0	704	0	0	0	126	0	0	0	0	0	0	0	0	0	0	0	0	0	0	0	0	0	0	0	0	0	0	0	0	0	0	0	
42344	Heschl_L	2130	90	1002	0	0	0	248	0	0	0	284	0	218	0	0	0	3300	0	0	76	0	0	0	0	0	0	0	0	5494	0	0	0	0	0	0	0	1858	0	0	0	0	0	0	0	0	0	0	0	0	0	0	0	230	0	1200	0	1078	0	0	0	0	0	0	0	0	0	0	0	0	0	0	0	0	0	0	0	0	0	0	0	1512	0	0	0	672	0	0	0	1780	0	0	0	0	0	0	0	0	0	0	0	0	0	0	0	0	0	0	0	0	0	0	0	0	0	0	0	
31588	Heschl_R	0	960	0	864	0	0	0	0	0	0	0	174	0	0	0	0	0	3384	0	810	0	0	0	0	0	0	0	0	0	1482	0	0	0	154	0	0	0	292	0	168	0	0	0	0	0	158	0	0	0	108	0	0	0	0	0	424	0	982	0	118	0	0	0	438	0	0	0	202	0	248	0	96	0	100	0	76	0	0	0	0	0	3808	0	0	0	550	0	0	0	198	0	0	0	0	0	0	0	0	0	0	0	0	0	0	0	0	0	0	0	0	0	0	0	0	0	0	
159188	Temporal_Sup_L	1978	0	3990	440	0	0	100	132	0	0	3464	0	1196	0	0	0	8854	0	2018	294	0	0	0	0	0	0	0	0	9492	0	0	0	0	0	0	0	3736	0	102	0	0	0	0	0	0	0	0	0	0	0	2218	0	438	0	906	0	1740	0	0	0	774	0	3566	0	188	0	0	0	0	0	1836	264	1920	122	0	0	114	0	1512	0	0	0	4282	0	17582	0	140	0	6196	0	0	0	0	0	0	0	0	0	0	0	0	0	0	0	0	0	0	0	0	0	0	0	0	0	0	0	
126580	Temporal_Sup_R	0	4060	0	3632	0	0	0	138	0	0	0	444	0	150	0	0	0	3554	0	1390	0	0	0	0	0	0	0	0	0	3696	0	0	0	768	0	174	0	1224	0	350	0	0	0	0	0	800	0	0	0	744	0	158	0	0	0	2228	0	1650	0	840	0	292	0	7618	0	3772	0	926	100	1284	0	0	0	752	0	0	0	0	0	3808	0	0	0	2864	0	11536	0	0	0	4218	0	0	0	0	0	0	0	0	0	120	0	0	0	0	0	0	0	0	0	0	0	0	0	0	0	0	
65628	Temporal_Pole_Sup_L	82	0	2084	94	124	0	0	0	0	0	4160	0	2000	0	956	0	3246	0	2028	92	454	0	0	0	0	0	0	0	4644	0	162	0	0	0	0	0	1192	0	284	0	746	0	0	0	0	0	0	0	0	0	0	0	0	0	158	0	0	0	0	0	0	0	0	0	0	0	0	0	0	0	0	0	84	0	0	0	0	0	0	0	4282	0	0	0	2704	0	1668	0	1570	0	0	0	0	0	0	0	0	0	0	0	0	0	0	0	0	0	0	0	0	0	0	0	0	0	0	0	
96512	Temporal_Pole_Sup_R	0	184	0	3558	0	0	0	486	0	0	0	4930	0	372	0	90	0	5940	0	3026	0	0	0	0	0	0	0	0	168	8566	0	0	0	0	0	0	0	2126	0	1252	0	1942	0	0	0	0	0	0	0	0	0	0	0	0	0	2986	0	108	0	0	0	0	0	0	0	0	0	0	0	0	168	0	0	3226	0	0	0	0	0	0	0	2864	0	0	0	3184	0	2012	0	1068	0	0	0	0	0	0	0	0	0	0	0	0	0	0	0	0	0	0	0	0	0	0	0	0	0	0	
356984	Temporal_Mid_L	3302	252	108	1282	0	0	290	0	0	0	0	0	0	0	0	0	1482	0	0	356	0	0	0	0	0	0	0	0	1660	0	0	0	0	250	426	0	2932	280	138	0	0	0	1758	0	192	0	146	0	2388	0	45116	0	11506	0	2176	0	4184	0	3236	0	15454	0	6102	0	15608	0	5198	0	1178	188	0	98	0	0	0	0	714	704	672	0	17582	0	2704	0	0	0	2468	0	26362	0	0	0	0	0	0	0	0	0	0	0	0	0	0	0	0	0	0	0	0	0	0	0	0	0	0	0	
187056	Temporal_Mid_R	0	4720	0	1470	0	0	0	0	0	0	0	290	0	0	0	0	0	306	0	994	0	0	0	0	0	0	0	0	0	1154	0	0	0	844	0	0	0	2566	0	240	0	0	0	1036	0	1272	0	798	0	1376	0	8728	0	1898	0	3632	0	2932	0	1920	0	4144	0	3656	0	6398	0	1408	0	994	0	0	0	194	0	0	0	0	0	550	0	11536	0	3184	0	0	0	1140	0	23698	0	0	0	0	0	0	0	0	0	450	0	0	0	0	0	0	0	0	0	0	0	0	0	0	0	0	
15540	Temporal_Pole_Mid_L	0	0	0	0	0	0	0	0	0	0	0	0	0	0	0	0	0	0	0	0	0	0	0	0	0	0	0	0	208	0	0	0	0	0	0	0	352	0	0	0	162	0	0	0	0	0	0	0	0	0	0	0	0	0	260	0	0	0	0	0	0	0	0	0	0	0	0	0	0	0	0	0	0	0	0	0	0	0	0	0	140	0	1668	0	2468	0	0	0	2512	0	0	0	0	0	0	0	0	0	0	0	0	0	0	0	0	0	0	0	0	0	0	0	0	0	0	0	
10388	Temporal_Pole_Mid_R	0	0	0	0	0	0	0	0	0	0	0	0	0	0	0	0	0	0	0	0	0	0	0	0	0	0	0	0	0	0	0	0	0	0	0	0	0	0	0	328	0	106	0	0	0	0	0	0	0	0	0	0	0	0	0	938	0	0	0	0	0	0	0	0	0	0	0	0	0	0	0	0	0	0	0	0	0	0	0	0	0	0	0	2012	0	1140	0	0	0	670	0	0	0	0	0	0	0	0	0	0	0	0	0	0	0	0	0	0	0	0	0	0	0	0	0	0	
184680	Temporal_Inf_L	1402	98	474	106	0	0	0	0	0	0	0	0	0	0	0	0	1320	0	76	564	0	0	0	0	0	0	0	0	4572	0	0	0	0	532	1010	224	10692	0	936	0	960	0	452	0	0	0	194	0	0	0	5462	0	4720	0	11130	0	396	0	0	0	138	0	536	0	190	0	486	0	212	478	0	0	248	0	0	0	158	126	1780	0	6196	0	1570	0	26362	0	2512	0	0	0	4520	0	642	0	0	0	178	0	688	0	0	0	0	0	0	0	0	0	0	0	0	0	0	0	0	0	
148292	Temporal_Inf_R	0	3102	0	1718	0	0	0	0	0	0	0	216	0	0	0	0	0	120	0	498	0	0	0	0	0	0	0	0	0	1966	0	0	0	320	0	170	0	5192	0	674	0	110	0	816	0	600	0	336	0	598	0	764	0	1798	0	13268	0	1132	0	864	0	662	0	794	0	534	0	1480	0	716	0	0	0	758	0	0	0	0	0	198	0	4218	0	1068	0	23698	0	670	0	0	0	2770	0	346	0	0	0	102	0	1748	0	0	0	122	0	0	0	0	0	0	0	0	0	0	0	0	
661616	Cerebelum_Crus1_L	0	0	0	0	0	0	0	0	0	0	0	0	0	0	0	0	0	0	0	0	0	0	0	0	0	0	0	0	0	0	0	0	0	0	0	0	0	0	0	0	0	0	1392	0	0	0	9380	9618	0	0	0	0	498	0	21194	1940	0	0	0	0	0	0	0	0	0	0	0	0	0	0	0	0	0	0	0	0	0	0	0	0	0	0	0	0	0	0	0	0	4520	0	0	9710	47890	4142	326	462	29842	8256	70118	11978	17286	462	17776	1674	2896	1394	458	0	588	1220	17464	20044	14380	2244	1322	334	
569752	Cerebelum_Crus1_R	0	0	0	0	0	0	0	0	0	0	0	0	0	0	0	0	0	0	0	0	0	0	0	0	0	0	0	0	0	0	0	0	0	0	0	0	0	0	0	80	0	0	482	0	0	0	1438	4878	0	0	0	0	134	0	800	15370	0	0	0	0	0	0	0	0	0	0	0	0	0	0	0	0	0	0	0	0	0	0	0	0	0	0	0	0	0	0	0	0	0	2770	9710	0	5542	36366	230	2448	5028	25334	11046	70052	622	6646	1098	19720	518	4914	0	0	1110	2256	14660	19060	14446	4244	3598	276	
348932	Cerebelum_Crus2_L	0	0	0	0	0	0	0	0	0	0	0	0	0	0	0	0	0	0	0	0	0	0	0	0	0	0	0	0	0	0	0	0	0	0	0	0	0	0	0	0	0	0	0	0	0	0	198	858	0	0	0	0	0	0	880	196	0	0	0	0	0	0	0	0	0	0	0	0	0	0	0	0	0	0	0	0	0	0	0	0	0	0	0	0	0	0	0	0	642	0	47890	5542	0	15592	110	0	1076	592	7182	2472	33900	4446	25762	2050	2668	98	328	0	0	0	860	3396	14366	3246	116	0	
313692	Cerebelum_Crus2_R	0	0	0	0	0	0	0	0	0	0	0	0	0	0	0	0	0	0	0	0	0	0	0	0	0	0	0	0	0	0	0	0	0	0	0	0	0	0	0	0	0	0	0	0	0	0	78	76	0	0	0	0	0	0	0	272	0	0	0	0	0	0	0	0	0	0	0	0	0	0	0	0	0	0	0	0	0	0	0	0	0	0	0	0	0	0	0	0	0	346	4142	36366	15592	0	154	260	542	768	1636	5306	5160	20640	5724	31526	548	2690	0	0	82	306	994	1810	16240	4744	764	80	
27016	Cerebelum_3_L	0	0	0	0	0	0	0	0	0	0	0	0	0	0	0	0	0	0	0	0	0	0	0	0	0	0	0	0	0	0	0	0	0	0	0	0	0	148	110	0	0	0	0	0	0	0	0	128	0	0	0	0	0	0	0	0	0	0	0	0	0	0	0	0	0	0	0	0	0	0	0	0	0	0	0	0	0	0	0	0	0	0	0	0	0	0	0	0	0	0	326	230	110	154	0	128	5186	0	564	270	0	0	288	170	586	318	0	0	964	1954	662	314	234	400	264	0	
54228	Cerebelum_3_R	0	0	0	0	0	0	0	0	0	0	0	0	0	0	0	0	0	0	0	0	0	0	0	0	0	0	0	0	0	0	0	0	0	0	0	0	0	0	0	0	0	0	136	0	0	0	184	206	0	0	0	0	0	0	0	340	0	0	0	0	0	0	0	0	0	0	0	0	0	0	0	0	0	0	0	0	0	0	0	0	0	0	0	0	0	0	0	0	0	0	462	2448	0	260	128	0	1258	3808	1020	4610	0	0	0	310	112	1544	0	0	700	4236	1896	1006	166	1036	1044	204	
384432	Cerebelum_4_5_L	0	0	0	0	0	0	0	0	0	0	0	0	0	0	0	0	0	0	0	0	0	0	0	0	0	0	0	0	0	0	0	0	0	0	118	0	156	194	300	0	0	0	2834	0	0	0	10694	4368	0	0	0	0	328	0	8670	2908	0	0	0	0	0	0	0	0	0	0	158	0	0	0	0	0	0	0	0	0	0	0	0	0	0	0	0	0	0	0	0	0	178	0	29842	5028	1076	542	5186	1258	0	7132	45522	9252	922	0	1860	554	4238	3524	0	0	1654	3386	24394	7400	1180	2952	3408	1000	
334484	Cerebelum_4_5_R	0	0	0	0	0	0	0	0	0	0	0	0	0	0	0	0	0	0	0	0	0	0	0	0	0	0	0	0	0	0	0	0	0	0	0	0	0	512	0	626	0	0	744	0	0	0	1334	12276	0	0	0	0	0	184	1272	12142	0	0	0	0	0	0	0	0	0	0	0	372	0	0	0	0	0	0	0	0	0	0	0	0	0	0	0	0	0	0	0	0	0	102	8256	25334	592	768	0	3808	7132	0	11438	36658	130	0	126	1326	476	1324	0	0	174	1988	24556	10180	642	1250	1286	234	
614968	Cerebelum_6_L	0	0	0	0	0	0	0	0	0	0	0	0	0	0	0	0	0	0	0	0	0	0	0	0	0	0	0	0	0	0	0	0	0	0	0	0	0	0	0	0	0	0	2550	92	0	0	15828	13854	0	0	408	0	1638	0	24292	4176	0	0	0	0	0	0	0	0	0	0	0	0	0	0	0	0	0	0	0	0	0	0	0	0	0	0	0	0	0	0	0	0	688	0	70118	11046	7182	1636	564	1020	45522	11438	0	17110	2630	0	1724	658	2652	2662	0	0	1060	2312	25170	26878	7084	2464	2494	534	
578400	Cerebelum_6_R	0	78	0	82	0	0	0	0	0	0	0	0	0	0	0	0	0	0	0	0	0	0	0	0	0	0	0	0	0	126	0	0	0	0	0	0	0	618	0	160	0	0	678	118	0	82	2426	12184	0	82	122	0	460	500	1602	22020	0	0	0	0	0	0	0	0	0	0	0	76	0	0	0	0	0	0	0	0	0	0	0	0	0	120	0	0	0	450	0	0	0	1748	11978	70052	2472	5306	270	4610	9252	36658	17110	0	268	0	526	4656	928	5266	0	260	1324	3034	22324	26938	10752	5656	5200	628	
231120	Cerebelum_7b_L	0	0	0	0	0	0	0	0	0	0	0	0	0	0	0	0	0	0	0	0	0	0	0	0	0	0	0	0	0	0	0	0	0	0	0	0	0	0	0	0	0	0	0	0	0	0	0	0	0	0	0	0	0	0	202	0	0	0	0	0	0	0	0	0	0	0	0	0	0	0	0	0	0	0	0	0	0	0	0	0	0	0	0	0	0	0	0	0	0	0	17286	622	33900	5160	0	0	922	130	2630	268	0	2550	29634	3250	3248	78	572	0	0	0	344	290	9330	5144	0	0	
121048	Cerebelum_7b_R	0	0	0	0	0	0	0	0	0	0	0	0	0	0	0	0	0	0	0	0	0	0	0	0	0	0	0	0	0	0	0	0	0	0	0	0	0	0	0	0	0	0	0	0	0	0	0	0	0	0	0	0	0	0	0	0	0	0	0	0	0	0	0	0	0	0	0	0	0	0	0	0	0	0	0	0	0	0	0	0	0	0	0	0	0	0	0	0	0	0	462	6646	4446	20640	0	0	0	0	0	0	2550	0	2110	16260	0	792	0	0	0	0	0	0	4126	2492	0	0	
261748	Cerebelum_8_L	0	0	0	0	0	0	0	0	0	0	0	0	0	0	0	0	0	0	0	0	0	0	0	0	0	0	0	0	0	0	0	0	0	0	0	0	0	0	0	0	0	0	0	0	0	0	0	0	0	0	0	0	0	0	108	0	0	0	0	0	0	0	0	0	0	0	0	0	0	0	0	0	0	0	0	0	0	0	0	0	0	0	0	0	0	0	0	0	0	0	17776	1098	25762	5724	288	0	1860	126	1724	526	29634	2110	0	6726	13404	822	3202	0	0	0	346	498	9632	8430	990	88	
244292	Cerebelum_8_R	0	0	0	0	0	0	0	0	0	0	0	0	0	0	0	0	0	0	0	0	0	0	0	0	0	0	0	0	0	0	0	0	0	0	0	0	0	0	0	0	0	0	94	0	0	0	122	74	0	0	0	0	0	0	0	240	0	0	0	0	0	0	0	0	0	0	0	0	0	0	0	0	0	0	0	0	0	0	0	0	0	0	0	0	0	0	0	0	0	122	1674	19720	2050	31526	170	310	554	1326	658	4656	3250	16260	6726	0	790	13534	0	422	78	336	1358	644	6554	7602	1210	86	
98752	Cerebelum_9_L	0	0	0	0	0	0	0	0	0	0	0	0	0	0	0	0	0	0	0	0	0	0	0	0	0	0	0	0	0	0	0	0	0	0	0	0	0	0	0	0	0	0	0	0	0	0	0	0	0	0	0	0	0	0	0	88	0	0	0	0	0	0	0	0	0	0	0	0	0	0	0	0	0	0	0	0	0	0	0	0	0	0	0	0	0	0	0	0	0	0	2896	518	2668	548	586	112	4238	476	2652	928	3248	0	13404	790	0	852	4714	0	0	138	1972	2468	1780	1958	1600	742	
154308	Cerebelum_9_R	0	0	0	0	0	0	0	0	0	0	0	0	0	0	0	0	0	0	0	0	0	0	0	0	0	0	0	0	0	0	0	0	0	0	0	0	0	0	0	0	0	0	0	0	0	0	84	116	0	0	0	0	0	0	0	236	0	0	0	0	0	0	0	0	0	0	0	0	0	0	0	0	0	0	0	0	0	0	0	0	0	0	0	0	0	0	0	0	0	0	1394	4914	98	2690	318	1544	3524	1324	2662	5266	78	792	822	13534	852	0	0	970	1580	2760	4918	6308	2164	7736	7916	2554	
18548	Cerebelum_10_L	0	0	0	0	0	0	0	0	0	0	0	0	0	0	0	0	0	0	0	0	0	0	0	0	0	0	0	0	0	0	0	0	0	0	0	0	0	0	0	0	0	0	0	0	0	0	0	0	0	0	0	0	0	0	0	0	0	0	0	0	0	0	0	0	0	0	0	0	0	0	0	0	0	0	0	0	0	0	0	0	0	0	0	0	0	0	0	0	0	0	458	0	328	0	0	0	0	0	0	0	572	0	3202	0	4714	0	0	0	0	0	0	0	0	0	0	0	
3304	Cerebelum_10_R	0	0	0	0	0	0	0	0	0	0	0	0	0	0	0	0	0	0	0	0	0	0	0	0	0	0	0	0	0	0	0	0	0	0	0	0	0	0	0	0	0	0	0	0	0	0	0	0	0	0	0	0	0	0	0	0	0	0	0	0	0	0	0	0	0	0	0	0	0	0	0	0	0	0	0	0	0	0	0	0	0	0	0	0	0	0	0	0	0	0	0	0	0	0	0	0	0	0	0	260	0	0	0	422	0	970	0	0	0	0	0	0	0	0	0	0	
41888	Vermis_1_2	0	0	0	0	0	0	0	0	0	0	0	0	0	0	0	0	0	0	0	0	0	0	0	0	0	0	0	0	0	0	0	0	0	0	0	0	0	0	0	0	0	0	0	0	0	0	0	0	0	0	0	0	0	0	0	0	0	0	0	0	0	0	0	0	0	0	0	0	0	0	0	0	0	0	0	0	0	0	0	0	0	0	0	0	0	0	0	0	0	0	588	1110	0	82	964	700	1654	174	1060	1324	0	0	0	78	0	1580	0	0	0	5166	1892	1358	240	1438	1458	78	
81284	Vermis_3	0	0	0	0	0	0	0	0	0	0	0	0	0	0	0	0	0	0	0	0	0	0	0	0	0	0	0	0	0	0	0	0	0	0	0	0	90	0	138	0	0	0	160	0	0	0	228	124	0	0	0	0	0	0	0	116	0	0	0	0	0	0	0	0	0	0	0	0	0	0	0	0	0	0	0	0	0	0	0	0	0	0	0	0	0	0	0	0	0	0	1220	2256	0	306	1954	4236	3386	1988	2312	3034	0	0	0	336	138	2760	0	0	5166	0	4204	1904	346	2004	2032	204	
412544	Vermis_4_5	0	0	0	0	0	0	0	0	0	0	0	0	0	0	0	0	0	0	0	0	0	0	0	0	0	0	0	0	0	0	0	0	0	0	164	468	0	490	0	322	0	0	2416	0	0	0	4668	12120	0	0	0	0	124	0	3002	5762	0	0	0	0	0	0	0	0	0	0	120	478	0	0	0	0	0	0	0	0	0	0	0	0	0	0	0	0	0	0	0	0	0	0	17464	14660	860	994	662	1896	24394	24556	25170	22324	344	0	346	1358	1972	4918	0	0	1892	4204	0	15210	1332	4192	4956	2434	
399484	Vermis_6	0	0	0	0	0	0	0	0	0	0	0	0	0	0	0	0	0	0	0	0	0	0	0	0	0	0	0	0	0	0	0	0	0	0	0	0	0	0	0	0	0	0	0	108	0	0	2542	16070	0	0	218	0	780	330	2880	5072	0	0	0	0	0	0	0	0	0	0	0	0	0	0	0	0	0	0	0	0	0	0	0	0	0	0	0	0	0	0	0	0	0	0	20044	19060	3396	1810	314	1006	7400	10180	26878	26938	290	0	498	644	2468	6308	0	0	1358	1904	15210	0	9934	6408	6870	2824	
276360	Vermis_7	0	0	0	0	0	0	0	0	0	0	0	0	0	0	0	0	0	0	0	0	0	0	0	0	0	0	0	0	0	0	0	0	0	0	0	0	0	0	0	0	0	0	0	0	0	0	472	820	0	0	0	0	0	0	498	676	0	0	0	0	0	0	0	0	0	0	0	0	0	0	0	0	0	0	0	0	0	0	0	0	0	0	0	0	0	0	0	0	0	0	14380	14446	14366	16240	234	166	1180	642	7084	10752	9330	4126	9632	6554	1780	2164	0	0	240	346	1332	9934	0	7892	2456	438	
189048	Vermis_8	0	0	0	0	0	0	0	0	0	0	0	0	0	0	0	0	0	0	0	0	0	0	0	0	0	0	0	0	0	0	0	0	0	0	0	0	0	0	0	0	0	0	0	0	0	0	0	112	0	0	0	0	0	0	0	186	0	0	0	0	0	0	0	0	0	0	0	0	0	0	0	0	0	0	0	0	0	0	0	0	0	0	0	0	0	0	0	0	0	0	2244	4244	3246	4744	400	1036	2952	1250	2464	5656	5144	2492	8430	7602	1958	7736	0	0	1438	2004	4192	6408	7892	0	8454	2240	
