data	data	549848	356272	857788	741736	121212	54624	420004	274160	78216	53776	166140	182884	214036	190612	126208	128208	183008	95036	747832	604480	64060	73288	373888	232608	40568	67576	55764	62496	504140	300364	379672	402188	134244	366328	148408	211872	225812	311368	85716	188216	39936	55468	225296	308000	247608	292540	358156	355700	203304	219480	475384	251804	136628	74680	407108	434764	285124	134792	201084	67140	246976	76560	68652	91276	130852	118480	365884	341732	237204	176448	188988	352076	226548	298500	41220	56916	160144	211296	63516	15412	219576	88612	70500	56948	318268	231264	37796	40636	317628	205084	434980	443940	343348	264184	58192	48700	371560	250456	542084	516388	291708	135768	376588	314032	195892	166532	61408	24856	32652	59848	288484	255684	178432	101308	94144	35964	
data	data	Precentral_L	Precentral_R	Frontal_Sup_L	Frontal_Sup_R	Frontal_Sup_Orb_L	Frontal_Sup_Orb_R	Frontal_Mid_L	Frontal_Mid_R	Frontal_Mid_Orb_L	Frontal_Mid_Orb_R	Frontal_Inf_Oper_L	Frontal_Inf_Oper_R	Frontal_Inf_Tri_L	Frontal_Inf_Tri_R	Frontal_Inf_Orb_L	Frontal_Inf_Orb_R	Rolandic_Oper_L	Rolandic_Oper_R	Supp_Motor_Area_L	Supp_Motor_Area_R	Olfactory_L	Olfactory_R	Frontal_Sup_Medial_L	Frontal_Sup_Medial_R	Frontal_Med_Orb_L	Frontal_Med_Orb_R	Rectus_L	Rectus_R	Insula_L	Insula_R	Cingulum_Ant_L	Cingulum_Ant_R	Cingulum_Mid_L	Cingulum_Mid_R	Cingulum_Post_L	Cingulum_Post_R	Hippocampus_L	Hippocampus_R	ParaHippocampal_L	ParaHippocampal_R	Amygdala_L	Amygdala_R	Calcarine_L	Calcarine_R	Cuneus_L	Cuneus_R	Lingual_L	Lingual_R	Occipital_Sup_L	Occipital_Sup_R	Occipital_Mid_L	Occipital_Mid_R	Occipital_Inf_L	Occipital_Inf_R	Fusiform_L	Fusiform_R	Postcentral_L	Postcentral_R	Parietal_Sup_L	Parietal_Sup_R	Parietal_Inf_L	Parietal_Inf_R	SupraMarginal_L	SupraMarginal_R	Angular_L	Angular_R	Precuneus_L	Precuneus_R	Paracentral_Lobule_L	Paracentral_Lobule_R	Caudate_L	Caudate_R	Putamen_L	Putamen_R	Pallidum_L	Pallidum_R	Thalamus_L	Thalamus_R	Heschl_L	Heschl_R	Temporal_Sup_L	Temporal_Sup_R	Temporal_Pole_Sup_L	Temporal_Pole_Sup_R	Temporal_Mid_L	Temporal_Mid_R	Temporal_Pole_Mid_L	Temporal_Pole_Mid_R	Temporal_Inf_L	Temporal_Inf_R	Cerebelum_Crus1_L	Cerebelum_Crus1_R	Cerebelum_Crus2_L	Cerebelum_Crus2_R	Cerebelum_3_L	Cerebelum_3_R	Cerebelum_4_5_L	Cerebelum_4_5_R	Cerebelum_6_L	Cerebelum_6_R	Cerebelum_7b_L	Cerebelum_7b_R	Cerebelum_8_L	Cerebelum_8_R	Cerebelum_9_L	Cerebelum_9_R	Cerebelum_10_L	Cerebelum_10_R	Vermis_1_2	Vermis_3	Vermis_4_5	Vermis_6	Vermis_7	Vermis_8	Vermis_9	Vermis_10	
549848	Precentral_L	0	7486	30798	5242	0	0	19046	336	0	0	7702	0	310	0	0	0	9118	96	33382	15040	0	0	150	0	0	0	0	0	12816	396	270	0	406	5288	6576	3916	7036	3222	1048	416	0	0	0	0	122	0	162	290	0	0	2186	0	390	0	2048	646	26732	0	438	0	3338	0	484	0	1212	0	1288	240	19718	6090	5070	580	5704	554	4296	584	10094	2890	2802	0	2348	0	0	0	2786	0	0	0	1736	0	0	0	0	0	0	0	0	0	0	0	0	0	0	0	0	0	0	0	0	0	0	0	0	0	0	0	
356272	Precentral_R	7486	0	5230	26288	0	0	2184	9182	0	0	836	2766	0	310	0	0	724	2734	7006	5120	0	0	0	0	0	0	0	0	2838	1786	126	552	196	708	1416	3534	1478	5534	0	936	116	0	0	466	0	124	0	274	0	0	0	832	0	408	268	3434	1056	10498	0	110	0	610	0	3276	0	0	0	1442	5588	11674	1018	8580	1904	2536	152	1190	3620	20062	134	294	132	2000	0	0	0	4344	0	0	232	2792	0	0	0	0	0	0	0	0	0	0	0	0	0	0	0	0	0	0	0	0	0	0	0	0	0	0	
857788	Frontal_Sup_L	30798	5230	0	7842	4738	0	54148	1332	1578	116	7026	1236	13560	1956	4612	244	5690	192	94946	12812	428	0	47616	2970	1036	0	398	0	27290	1394	28612	5018	6514	3990	392	178	2094	194	166	0	0	0	0	0	0	0	0	98	0	0	118	0	0	0	228	0	4504	464	0	0	184	0	212	184	110	0	138	0	6678	0	6694	5202	13766	2054	4230	596	3560	314	630	0	1588	0	270	0	288	0	0	0	438	0	0	0	0	0	0	0	0	0	0	0	0	0	0	0	0	0	0	0	0	0	0	0	0	0	0	0	
741736	Frontal_Sup_R	5242	26288	7842	0	0	2954	1816	33302	0	838	840	12664	0	8596	0	4452	726	8904	20202	59722	248	494	7320	29916	0	3726	0	1952	2896	12060	4360	32812	2066	15806	460	1520	1162	2156	0	1320	116	0	0	0	0	0	0	110	0	0	0	0	0	0	282	648	940	892	0	0	0	0	0	0	0	0	0	220	2412	102	1310	17476	2184	12172	184	1764	1546	11876	136	226	130	450	0	796	0	0	0	0	234	0	0	0	0	0	0	0	0	0	0	0	0	0	0	0	0	0	0	0	0	0	0	0	0	0	0	0	
121212	Frontal_Sup_Orb_L	0	0	4738	0	0	0	470	0	12534	0	0	0	590	0	10130	0	0	0	0	0	2106	186	2606	342	5536	518	7272	0	4976	0	3870	138	0	0	0	0	0	0	0	0	0	0	0	0	0	0	0	0	0	0	0	0	0	0	0	0	0	0	0	0	0	0	0	0	0	0	0	0	0	0	1204	0	2938	0	0	0	0	0	0	0	0	0	452	0	0	0	0	0	0	0	0	0	0	0	0	0	0	0	0	0	0	0	0	0	0	0	0	0	0	0	0	0	0	0	0	0	
54624	Frontal_Sup_Orb_R	0	0	0	2954	0	0	0	982	0	2556	0	0	0	0	0	1826	0	0	0	0	164	532	0	2004	212	5294	0	6620	0	344	284	1838	0	0	0	0	0	0	0	0	0	0	0	0	0	0	0	0	0	0	0	0	0	0	0	0	0	0	0	0	0	0	0	0	0	0	0	0	0	0	196	728	134	644	0	0	0	0	0	0	0	0	0	0	0	0	0	0	0	0	0	0	0	0	0	0	0	0	0	0	0	0	0	0	0	0	0	0	0	0	0	0	0	0	0	0	
420004	Frontal_Mid_L	19046	2184	54148	1816	470	0	0	0	1262	0	15262	0	20770	274	3634	0	5248	0	11070	2504	0	0	20864	174	0	0	0	0	10766	136	10958	1820	878	1082	770	822	638	452	206	0	152	0	0	0	0	0	0	0	0	0	0	0	0	0	116	0	1114	0	0	0	238	0	0	0	0	0	0	0	438	582	7806	484	432	156	0	0	7426	516	0	0	1972	0	1316	0	0	0	0	0	0	0	0	0	0	0	0	0	0	0	0	0	0	0	0	0	0	0	0	0	0	0	0	0	0	0	0	0	
274160	Frontal_Mid_R	336	9182	1332	33302	0	982	0	0	0	1868	0	9084	0	14948	0	4752	0	4752	4194	8250	0	0	1156	5628	0	0	0	268	0	5148	1150	9452	0	3444	196	414	146	774	0	288	0	0	0	0	0	0	0	0	0	0	0	0	0	0	0	198	0	896	0	0	0	0	0	0	0	0	0	0	0	0	0	7110	0	4474	0	1444	476	1122	0	146	0	168	0	0	0	0	0	0	0	0	0	0	0	0	0	0	0	0	0	0	0	0	0	0	0	0	0	0	0	0	0	0	0	0	0	0	
78216	Frontal_Mid_Orb_L	0	0	1578	0	12534	0	1262	0	0	0	0	0	1614	0	11932	0	0	0	0	0	376	0	0	0	1394	0	3872	0	2770	0	510	0	0	0	0	0	0	0	0	0	0	0	0	0	0	0	0	0	0	0	0	0	0	0	0	0	0	0	0	0	0	0	0	0	0	0	0	0	0	0	166	0	772	0	0	0	0	0	0	0	0	0	328	0	0	0	0	0	0	0	0	0	0	0	0	0	0	0	0	0	0	0	0	0	0	0	0	0	0	0	0	0	0	0	0	0	
53776	Frontal_Mid_Orb_R	0	0	116	838	0	2556	0	1868	0	0	0	430	0	1446	0	9818	0	0	122	552	0	0	0	0	0	186	0	1108	0	2176	0	360	0	0	0	0	0	258	0	190	0	0	0	0	0	0	0	0	0	0	0	0	0	0	0	0	0	0	0	0	0	0	0	0	0	0	0	0	0	0	0	1734	0	3130	0	0	0	0	0	0	0	0	0	0	0	0	0	0	0	0	0	0	0	0	0	0	0	0	0	0	0	0	0	0	0	0	0	0	0	0	0	0	0	0	0	0	
166140	Frontal_Inf_Oper_L	7702	836	7026	840	0	0	15262	0	0	0	0	138	11280	120	0	214	8220	0	4448	110	0	0	364	0	0	0	0	0	12658	132	472	0	0	0	306	0	946	0	0	0	0	0	0	0	0	0	0	0	0	0	0	0	0	0	206	0	2032	0	0	0	332	0	0	0	0	0	206	0	0	0	752	584	828	0	0	0	606	0	702	0	3512	0	2044	0	0	0	0	0	192	0	0	0	0	0	0	0	0	0	0	0	0	0	0	0	0	0	0	0	0	0	0	0	0	0	0	0	
182884	Frontal_Inf_Oper_R	0	2766	1236	12664	0	0	0	9084	0	430	138	0	424	12774	0	1876	104	2796	4292	10546	0	0	464	228	0	0	0	0	456	14662	1554	4940	0	562	0	0	0	184	0	160	0	0	0	0	0	0	0	0	0	0	0	0	0	0	0	0	0	1054	0	0	0	0	0	0	0	0	0	0	0	0	1088	2620	412	2302	0	98	0	0	0	0	0	270	0	1258	0	0	0	0	0	0	0	0	0	0	0	0	0	0	0	0	0	0	0	0	0	0	0	0	0	0	0	0	0	0	0	0	
214036	Frontal_Inf_Tri_L	310	0	13560	0	590	0	20770	0	1614	0	11280	424	0	384	9970	318	532	0	3184	0	0	0	10010	114	198	0	208	0	18726	440	10174	626	150	206	0	0	118	0	0	0	0	0	0	0	0	0	0	0	0	0	0	0	0	0	0	0	0	0	0	0	0	0	0	0	0	0	0	0	0	0	858	744	890	0	0	0	0	0	0	0	174	0	446	0	0	0	0	0	0	0	0	0	0	0	0	0	0	0	0	0	0	0	0	0	0	0	0	0	0	0	0	0	0	0	0	0	
190612	Frontal_Inf_Tri_R	0	310	1956	8596	0	0	274	14948	0	1446	120	12774	384	0	0	6836	98	0	3228	4614	0	0	894	882	0	172	0	0	702	17556	1738	7256	0	492	0	0	0	0	0	0	0	0	0	0	0	0	0	0	0	0	0	0	0	0	0	0	0	0	0	0	0	0	0	0	0	0	0	0	0	0	964	7346	404	982	0	0	0	334	0	0	0	0	0	0	0	0	0	0	0	0	0	0	0	0	0	0	0	0	0	0	0	0	0	0	0	0	0	0	0	0	0	0	0	0	0	0	
126208	Frontal_Inf_Orb_L	0	0	4612	0	10130	0	3634	0	11932	0	0	0	9970	0	0	0	0	0	0	0	2062	170	1042	0	196	0	1670	0	10610	0	1322	152	0	0	0	0	0	0	0	0	0	0	0	0	0	0	0	0	0	0	0	0	0	0	0	0	0	0	0	0	0	0	0	0	0	0	0	0	0	0	988	0	3298	0	0	0	0	0	0	0	0	0	1316	0	0	0	0	0	0	0	0	0	0	0	0	0	0	0	0	0	0	0	0	0	0	0	0	0	0	0	0	0	0	0	0	0	
128208	Frontal_Inf_Orb_R	0	0	244	4452	0	1826	0	4752	0	9818	214	1876	318	6836	0	0	0	100	312	1826	0	844	312	0	0	0	0	1714	204	12706	334	596	0	0	0	0	0	372	0	246	0	0	0	0	0	0	0	0	0	0	0	0	0	0	0	102	0	0	0	0	0	0	0	0	0	0	0	0	0	0	262	6070	124	7278	0	124	0	0	0	0	0	0	0	242	0	0	0	0	0	0	0	0	0	0	0	0	0	0	0	0	0	0	0	0	0	0	0	0	0	0	0	0	0	0	0	0	
183008	Rolandic_Oper_L	9118	724	5690	726	0	0	5248	0	0	0	8220	104	532	98	0	0	0	0	4922	0	0	0	262	0	0	0	0	0	13294	96	318	96	0	0	236	0	440	0	100	0	0	0	0	0	0	0	0	0	0	0	824	0	98	0	390	0	10884	0	1450	0	3308	0	3262	0	528	0	224	0	820	0	0	0	302	0	0	0	244	0	3064	0	9668	0	1316	0	1716	0	0	0	3182	0	0	0	0	0	0	0	0	0	0	0	0	0	0	0	0	0	0	0	0	0	0	0	0	0	0	0	
95036	Rolandic_Oper_R	96	2734	192	8904	0	0	0	4752	0	0	0	2796	0	0	0	100	0	0	486	4346	0	0	0	0	0	0	0	0	0	9212	0	0	0	0	0	0	0	600	0	180	0	0	0	0	0	0	0	0	0	0	0	0	0	0	0	108	0	2646	0	0	0	0	0	738	0	0	0	0	0	0	0	726	0	3110	0	536	0	1458	0	1302	0	1562	0	934	0	0	0	0	0	0	0	0	0	0	0	0	0	0	0	0	0	0	0	0	0	0	0	0	0	0	0	0	0	0	0	0	
747832	Supp_Motor_Area_L	33382	7006	94946	20202	0	0	11070	4194	0	122	4448	4292	3184	3228	0	312	4922	486	0	40046	0	0	10330	4412	0	0	0	0	16842	2238	13134	6580	10384	15860	900	426	1990	254	106	146	0	0	0	0	0	0	0	98	0	0	256	0	0	0	210	0	4492	462	0	0	202	0	212	184	122	0	224	196	14580	952	5636	4998	11628	2572	4282	632	3452	284	612	0	1372	0	106	0	294	0	0	0	416	0	0	0	0	0	0	0	0	0	0	0	0	0	0	0	0	0	0	0	0	0	0	0	0	0	0	0	
604480	Supp_Motor_Area_R	15040	5120	12812	59722	0	0	2504	8250	0	552	110	10546	0	4614	0	1826	0	4346	40046	0	0	0	1720	9052	0	160	0	0	154	9200	1394	13526	5824	31042	858	6272	200	1772	0	1216	0	0	0	0	0	118	0	0	0	0	0	0	0	0	0	690	496	0	0	0	0	0	0	0	0	0	136	3272	12178	16008	190	8264	112	10696	0	454	256	344	0	0	0	340	0	808	0	0	0	0	0	0	0	0	0	0	0	0	0	0	0	0	0	0	0	0	0	0	0	0	0	0	0	0	0	0	0	0	
64060	Olfactory_L	0	0	428	248	2106	164	0	0	376	0	0	0	0	0	2062	0	0	0	0	0	0	3522	106	0	188	416	1462	908	2402	0	2624	1550	0	0	0	0	372	0	294	0	488	0	0	0	0	0	0	0	0	0	0	0	0	0	0	0	0	0	0	0	0	0	0	0	0	0	0	0	0	0	6106	1952	3498	624	0	0	0	0	0	0	0	0	134	0	0	0	0	0	0	0	0	0	0	0	0	0	0	0	0	0	0	0	0	0	0	0	0	0	0	0	0	0	0	0	0	0	
73288	Olfactory_R	0	0	0	494	186	532	0	0	0	0	0	0	0	0	170	844	0	0	0	0	3522	0	0	0	0	1306	412	2444	0	1852	1748	3188	0	0	0	0	0	0	0	0	0	144	0	0	0	0	0	0	0	0	0	0	0	0	0	0	0	0	0	0	0	0	0	0	0	0	0	0	0	0	6818	6538	4558	1714	0	174	0	0	0	0	0	0	0	0	0	0	0	0	0	0	0	0	0	0	0	0	0	0	0	0	0	0	0	0	0	0	0	0	0	0	0	0	0	0	0	0	
373888	Frontal_Sup_Medial_L	150	0	47616	7320	2606	0	20864	1156	0	0	364	464	10010	894	1042	312	262	0	10330	1720	106	0	0	12908	1722	328	390	0	11290	572	29468	10580	3346	7090	0	0	0	0	0	0	0	0	0	0	0	0	0	0	0	0	0	0	0	0	0	0	0	0	0	0	0	0	0	0	0	0	0	0	0	0	1264	1214	1556	0	0	0	0	0	0	0	0	0	0	0	0	0	0	0	0	0	0	0	0	0	0	0	0	0	0	0	0	0	0	0	0	0	0	0	0	0	0	0	0	0	0	0	
232608	Frontal_Sup_Medial_R	0	0	2970	29916	342	2004	174	5628	0	0	0	228	114	882	0	0	0	0	4412	9052	0	0	12908	0	966	4710	96	360	102	880	4286	20514	0	10278	0	0	0	0	0	0	0	0	0	0	0	0	0	0	0	0	0	0	0	0	0	0	0	0	0	0	0	0	0	0	0	0	0	0	0	0	0	3900	0	1582	0	0	0	0	0	0	0	0	0	0	0	0	0	0	0	0	0	0	0	0	0	0	0	0	0	0	0	0	0	0	0	0	0	0	0	0	0	0	0	0	0	0	
40568	Frontal_Med_Orb_L	0	0	1036	0	5536	212	0	0	1394	0	0	0	198	0	196	0	0	0	0	0	188	0	1722	966	0	1442	2762	0	240	0	3586	150	0	0	0	0	0	0	0	0	0	0	0	0	0	0	0	0	0	0	0	0	0	0	0	0	0	0	0	0	0	0	0	0	0	0	0	0	0	0	406	0	250	0	0	0	0	0	0	0	0	0	0	0	0	0	0	0	0	0	0	0	0	0	0	0	0	0	0	0	0	0	0	0	0	0	0	0	0	0	0	0	0	0	0	0	
67576	Frontal_Med_Orb_R	0	0	0	3726	518	5294	0	0	0	186	0	0	0	172	0	0	0	0	0	160	416	1306	328	4710	1442	0	322	5332	0	178	1516	4788	0	0	0	0	0	0	0	0	0	0	0	0	0	0	0	0	0	0	0	0	0	0	0	0	0	0	0	0	0	0	0	0	0	0	0	0	0	0	430	1770	284	910	0	0	0	0	0	0	0	0	0	0	0	0	0	0	0	0	0	0	0	0	0	0	0	0	0	0	0	0	0	0	0	0	0	0	0	0	0	0	0	0	0	0	
55764	Rectus_L	0	0	398	0	7272	0	0	0	3872	0	0	0	208	0	1670	0	0	0	0	0	1462	412	390	96	2762	322	0	292	470	0	3908	474	0	0	0	0	0	0	0	0	0	0	0	0	0	0	0	0	0	0	0	0	0	0	0	0	0	0	0	0	0	0	0	0	0	0	0	0	0	0	2302	108	1464	0	0	0	0	0	0	0	0	0	0	0	0	0	0	0	0	0	0	0	0	0	0	0	0	0	0	0	0	0	0	0	0	0	0	0	0	0	0	0	0	0	0	0	
62496	Rectus_R	0	0	0	1952	0	6620	0	268	0	1108	0	0	0	0	0	1714	0	0	0	0	908	2444	0	360	0	5332	292	0	0	1130	120	2304	0	0	0	0	0	0	0	0	0	0	0	0	0	0	0	0	0	0	0	0	0	0	0	0	0	0	0	0	0	0	0	0	0	0	0	0	0	0	1294	3110	868	1424	0	0	0	0	0	0	0	0	0	0	0	0	0	0	0	0	0	0	0	0	0	0	0	0	0	0	0	0	0	0	0	0	0	0	0	0	0	0	0	0	0	0	
504140	Insula_L	12816	2838	27290	2896	4976	0	10766	0	2770	0	12658	456	18726	702	10610	204	13294	0	16842	154	2402	0	11290	102	240	0	470	0	0	370	13026	1006	204	0	1634	0	10072	0	1998	0	2298	0	0	0	0	0	0	140	0	0	1594	0	226	0	4252	0	5234	0	232	0	552	0	188	0	200	0	916	0	598	0	2274	1222	12300	192	158	146	2290	0	5592	0	11872	0	4278	0	6456	0	556	0	7492	0	0	0	0	0	0	0	0	0	0	0	0	0	0	0	0	0	0	0	0	0	0	0	0	0	0	0	
300364	Insula_R	396	1786	1394	12060	0	344	136	5148	0	2176	132	14662	440	17556	0	12706	96	9212	2238	9200	0	1852	572	880	0	178	0	1130	370	0	1392	6446	0	220	278	478	164	4124	0	1128	0	222	0	0	0	0	0	0	0	0	0	0	0	0	0	704	0	756	0	0	0	0	0	248	0	0	0	0	0	0	1182	6556	444	17916	0	142	480	1708	0	1588	0	4934	0	1898	0	2162	0	190	0	158	0	0	0	0	0	0	0	0	0	0	0	0	0	0	0	0	0	0	0	0	0	0	0	0	0	0	
379672	Cingulum_Ant_L	270	126	28612	4360	3870	284	10958	1150	510	0	472	1554	10174	1738	1322	334	318	0	13134	1394	2624	1748	29468	4286	3586	1516	3908	120	13026	1392	0	19234	8730	2218	154	0	0	0	0	0	0	0	0	0	0	0	0	0	0	0	0	0	0	0	0	0	0	0	0	0	0	0	0	0	0	0	0	0	0	0	5874	2960	7444	864	0	0	104	0	0	0	0	0	0	0	0	0	0	0	0	0	0	0	0	0	0	0	0	0	0	0	0	0	0	0	0	0	0	0	0	0	0	0	0	0	0	0	
402188	Cingulum_Ant_R	0	552	5018	32812	138	1838	1820	9452	0	360	0	4940	626	7256	152	596	96	0	6580	13526	1550	3188	10580	20514	150	4788	474	2304	1006	6446	19234	0	2866	18990	502	1072	0	0	0	0	0	0	0	0	0	0	0	0	0	0	0	0	0	0	0	0	0	0	0	0	0	0	0	0	0	0	0	440	0	104	2544	11342	1822	5416	0	0	0	0	0	0	0	0	0	0	0	0	0	0	0	0	0	0	0	0	0	0	0	0	0	0	0	0	0	0	0	0	0	0	0	0	0	0	0	0	0	0	
134244	Cingulum_Mid_L	406	196	6514	2066	0	0	878	0	0	0	0	0	150	0	0	0	0	0	10384	5824	0	0	3346	0	0	0	0	0	204	0	8730	2866	0	9834	3784	1012	0	0	0	0	0	0	256	0	792	0	0	0	162	0	934	0	0	0	0	0	0	0	128	0	0	0	0	0	0	0	3060	1356	3426	508	0	0	0	0	0	0	0	0	0	0	0	0	0	0	202	0	0	0	104	0	0	0	0	0	0	0	0	0	0	0	0	0	0	0	0	0	0	0	0	0	0	0	0	0	0	0	
366328	Cingulum_Mid_R	5288	708	3990	15806	0	0	1082	3444	0	0	0	562	206	492	0	0	0	0	15860	31042	0	0	7090	10278	0	0	0	0	0	220	2218	18990	9834	0	2288	11094	0	0	0	0	0	0	0	1966	0	1476	0	640	0	0	0	966	0	124	0	406	0	3070	0	168	0	280	0	292	0	388	650	11646	4004	13550	0	0	0	0	0	0	0	0	0	0	0	172	0	0	0	1284	0	0	0	1590	0	0	0	0	0	0	0	0	0	0	0	0	0	0	0	0	0	0	0	0	0	0	0	0	0	0	
148408	Cingulum_Post_L	6576	1416	392	460	0	0	770	196	0	0	306	0	0	0	0	0	236	0	900	858	0	0	0	0	0	0	0	0	1634	278	154	502	3784	2288	0	7010	7690	2832	1508	510	0	0	3308	0	2532	0	1334	140	0	0	502	0	0	0	1232	780	266	0	0	0	0	0	0	0	0	0	8484	1694	4560	850	0	0	0	0	0	0	4760	2430	360	0	156	0	0	0	0	0	0	0	396	120	0	0	0	0	0	0	0	0	0	0	0	0	0	0	0	0	0	0	0	0	0	0	0	0	0	0	
211872	Cingulum_Post_R	3916	3534	178	1520	0	0	822	414	0	0	0	0	0	0	0	0	0	0	426	6272	0	0	0	0	0	0	0	0	0	478	0	1072	1012	11094	7010	0	1274	8892	0	1828	0	0	0	2886	116	428	0	4236	0	0	0	590	0	146	0	3428	0	712	0	0	0	0	0	114	0	512	416	17514	734	6998	448	0	0	0	0	0	6120	5948	0	0	0	124	0	0	0	2848	0	0	0	904	0	0	0	0	0	0	0	148	0	0	0	0	0	0	0	0	0	0	0	0	824	0	0	0	0	0	
225812	Hippocampus_L	7036	1478	2094	1162	0	0	638	146	0	0	946	0	118	0	0	0	440	0	1990	200	372	0	0	0	0	0	0	0	10072	164	0	0	0	0	7690	1274	0	1310	10572	194	7338	0	4942	0	342	0	2170	290	0	0	168	0	130	0	12290	166	364	0	0	0	0	0	0	0	0	0	7646	0	518	0	216	130	3844	0	490	0	5354	1312	1942	0	2326	0	402	0	786	0	228	0	11520	0	96	0	0	0	0	0	0	0	0	0	0	0	0	0	0	0	0	0	0	0	0	0	0	0	0	0	
311368	Hippocampus_R	3222	5534	194	2156	0	0	452	774	0	258	0	184	0	0	0	372	0	600	254	1772	0	0	0	0	0	0	0	0	0	4124	0	0	0	0	2832	8892	1310	0	0	27856	0	9356	0	948	0	0	0	3488	0	0	0	100	0	0	0	32440	0	838	0	0	0	100	0	882	0	0	0	4518	278	482	0	336	0	11600	0	706	4002	9444	0	208	0	1428	0	1272	0	2874	0	1032	0	6802	0	0	0	0	0	0	0	780	0	292	0	0	0	0	0	0	0	0	0	0	692	0	0	0	0	0	
85716	ParaHippocampal_L	1048	0	166	0	0	0	206	0	0	0	0	0	0	0	0	0	100	0	106	0	294	0	0	0	0	0	0	0	1998	0	0	0	0	0	1508	0	10572	0	0	0	2410	0	3688	0	334	0	2924	146	0	0	438	0	458	0	6294	0	378	0	0	0	142	0	0	0	0	0	4210	0	344	0	0	0	730	0	0	0	798	0	122	0	368	0	370	0	232	0	608	0	988	0	0	0	0	0	292	0	276	0	0	0	0	0	0	0	0	0	0	0	0	310	0	0	0	0	0	0	
188216	ParaHippocampal_R	416	936	0	1320	0	0	0	288	0	190	0	160	0	0	0	246	0	180	146	1216	0	0	0	0	0	0	0	0	0	1128	0	0	0	0	510	1828	194	27856	0	0	0	6122	0	264	0	0	0	3108	0	0	0	0	0	0	0	22196	0	164	0	0	0	0	0	0	0	0	0	1272	0	0	0	242	0	7862	0	528	736	3462	0	0	0	280	0	2652	0	534	0	2134	0	2008	0	468	0	0	0	0	0	2266	0	956	0	0	0	0	0	0	0	0	0	0	240	0	0	0	0	0	
39936	Amygdala_L	0	116	0	116	0	0	152	0	0	0	0	0	0	0	0	0	0	0	0	0	488	0	0	0	0	0	0	0	2298	0	0	0	0	0	0	0	7338	0	2410	0	0	0	0	0	0	0	0	0	0	0	0	0	0	0	3358	0	0	0	0	0	0	0	0	0	0	0	0	0	0	0	0	0	404	0	0	0	366	0	0	0	330	0	310	0	180	0	148	0	1954	0	0	0	0	0	0	0	0	0	0	0	0	0	0	0	0	0	0	0	0	0	0	0	0	0	0	0	
55468	Amygdala_R	0	0	0	0	0	0	0	0	0	0	0	0	0	0	0	0	0	0	0	0	0	144	0	0	0	0	0	0	0	222	0	0	0	0	0	0	0	9356	0	6122	0	0	0	0	0	0	0	0	0	0	0	0	0	0	0	6870	0	0	0	0	0	0	0	0	0	0	0	0	0	0	0	0	0	1028	0	0	0	0	0	0	0	0	0	1826	0	0	0	1478	0	688	0	0	0	0	0	0	0	0	0	0	0	0	0	0	0	0	0	0	0	0	0	0	0	0	0	0	
225296	Calcarine_L	0	0	0	0	0	0	0	0	0	0	0	0	0	0	0	0	0	0	0	0	0	0	0	0	0	0	0	0	0	0	0	0	256	0	3308	0	4942	0	3688	0	0	0	0	5080	16206	3542	15730	2752	10374	770	18992	192	5004	0	3138	0	0	0	104	0	184	0	0	0	114	0	15446	228	586	0	0	0	0	0	0	0	0	0	0	0	0	0	0	0	1066	0	0	0	568	0	378	0	0	0	0	0	0	0	0	0	0	0	0	0	0	0	0	0	0	0	0	0	0	0	0	0	
308000	Calcarine_R	0	466	0	0	0	0	0	0	0	0	0	0	0	0	0	0	0	0	0	0	0	0	0	0	0	0	0	0	0	0	0	0	0	1966	0	2886	0	948	0	264	0	0	5080	0	4630	25970	1644	18866	258	19702	120	18914	0	5992	0	9968	0	452	0	1080	0	0	0	0	0	1642	3892	17148	0	804	0	0	0	0	0	0	0	0	0	0	0	126	0	0	0	4698	0	0	0	6184	0	0	0	0	0	0	0	0	0	0	0	0	0	0	0	0	0	0	0	0	300	0	0	0	0	0	
247608	Cuneus_L	122	0	0	0	0	0	0	0	0	0	0	0	0	0	0	0	0	0	0	0	0	0	0	0	0	0	0	0	0	0	0	0	792	0	2532	116	342	0	334	0	0	0	16206	4630	0	10422	1322	624	24890	2488	14010	758	1164	0	548	0	168	0	8006	348	1814	0	0	0	102	0	23550	4582	1528	0	0	0	0	0	0	0	0	0	0	0	0	0	0	0	1336	0	0	0	808	0	262	0	0	0	0	0	0	0	0	0	0	0	0	0	0	0	0	0	0	0	0	0	0	0	0	0	
292540	Cuneus_R	0	124	0	0	0	0	0	0	0	0	0	0	0	0	0	0	0	0	0	118	0	0	0	0	0	0	0	0	0	0	0	0	0	1476	0	428	0	0	0	0	0	0	3542	25970	10422	0	0	5910	980	31852	132	16284	0	1530	0	3314	0	226	910	3546	0	346	0	364	0	4356	9134	22278	0	368	0	0	0	0	0	0	0	0	0	0	0	110	0	0	0	612	0	0	0	1938	0	0	0	0	0	0	0	0	0	0	0	0	0	0	0	0	0	0	0	0	0	0	0	0	0	0	
358156	Lingual_L	162	0	0	0	0	0	0	0	0	0	0	0	0	0	0	0	0	0	0	0	0	0	0	0	0	0	0	0	0	0	0	0	0	0	1334	0	2170	0	2924	0	0	0	15730	1644	1322	0	0	5250	1982	0	24810	110	13464	100	17650	1174	0	0	126	0	0	0	0	0	0	0	5166	0	266	0	0	0	0	0	0	0	680	0	0	0	0	0	0	0	1888	0	0	0	1350	0	7580	5258	344	650	676	306	16540	6224	17734	7642	0	0	106	138	248	0	0	0	0	254	10456	4206	1318	0	0	96	
355700	Lingual_R	290	274	98	110	0	0	0	0	0	0	0	0	0	0	0	0	0	0	98	0	0	0	0	0	0	0	0	0	140	0	0	0	0	640	140	4236	290	3488	146	3108	0	0	2752	18866	624	5910	5250	0	0	5946	0	6128	0	3534	1006	18628	0	186	0	0	0	0	0	0	0	382	856	9674	0	278	0	0	0	0	0	0	518	804	0	0	0	0	0	0	0	1126	0	0	0	1798	2608	7266	454	356	938	236	7084	5694	11066	15040	266	0	768	786	2752	422	1112	262	0	246	8026	12854	1508	190	360	232	
203304	Occipital_Sup_L	0	0	0	0	0	0	0	0	0	0	0	0	0	0	0	0	0	0	0	0	0	0	0	0	0	0	0	0	0	0	0	0	162	0	0	0	0	0	0	0	0	0	10374	258	24890	980	1982	0	0	138	27534	0	780	0	112	0	178	0	12380	254	5336	0	0	0	110	0	13472	1780	0	0	0	0	0	0	0	0	0	0	0	0	0	0	0	0	932	0	0	0	0	0	0	0	0	0	0	0	0	0	0	0	0	0	0	0	0	0	0	0	0	0	0	0	0	0	0	0	
219480	Occipital_Sup_R	0	0	0	0	0	0	0	0	0	0	0	0	0	0	0	0	0	0	0	0	0	0	0	0	0	0	0	0	0	0	0	0	0	0	0	0	0	0	0	0	0	0	770	19702	2488	31852	0	5946	138	0	0	22686	0	1694	0	2302	0	206	146	4064	0	402	0	490	0	6630	2354	6950	0	0	0	0	0	0	0	0	0	0	0	0	0	0	0	0	0	686	0	0	0	234	0	0	0	0	0	0	0	0	0	0	0	0	0	0	0	0	0	0	0	0	0	0	0	0	0	0	
475384	Occipital_Mid_L	2186	0	118	0	0	0	0	0	0	0	0	0	0	0	0	0	824	0	256	0	0	0	0	0	0	0	0	0	1594	0	0	0	934	0	502	0	168	0	438	0	0	0	18992	120	14010	132	24810	0	27534	0	0	0	22662	0	9094	0	2886	0	9920	0	10570	0	174	0	10950	0	19370	568	6752	0	0	0	0	0	0	0	0	0	1202	0	2680	0	0	0	34700	0	0	0	12342	0	938	0	0	0	0	0	0	0	266	0	0	0	0	0	0	0	0	0	0	0	0	0	0	0	0	0	
251804	Occipital_Mid_R	0	832	0	0	0	0	0	0	0	0	0	0	0	0	0	0	0	0	0	0	0	0	0	0	0	0	0	0	0	0	0	0	0	966	0	590	0	100	0	0	0	0	192	18914	758	16284	110	6128	0	22686	0	0	0	5484	0	3326	0	360	0	1754	0	876	0	638	0	14516	804	7146	0	892	0	0	0	0	0	0	0	0	0	0	0	2142	0	0	0	15720	0	0	0	4684	0	0	0	0	0	0	0	0	0	0	0	0	0	0	0	0	0	0	0	0	0	0	0	0	0	0	
136628	Occipital_Inf_L	390	0	0	0	0	0	0	0	0	0	0	0	0	0	0	0	98	0	0	0	0	0	0	0	0	0	0	0	226	0	0	0	0	0	0	0	130	0	458	0	0	0	5004	0	1164	0	13464	0	780	0	22662	0	0	0	10408	0	116	0	0	0	0	0	0	0	0	0	1964	0	320	0	0	0	0	0	0	0	0	0	0	0	0	0	0	0	1906	0	0	0	4596	0	2858	148	0	0	0	0	0	0	994	168	0	0	0	0	0	0	0	0	0	0	0	324	136	0	0	0	
74680	Occipital_Inf_R	0	408	0	0	0	0	0	0	0	0	0	0	0	0	0	0	0	0	0	0	0	0	0	0	0	0	0	0	0	0	0	0	0	124	0	146	0	0	0	0	0	0	0	5992	0	1530	100	3534	0	1694	0	5484	0	0	0	6968	0	0	0	0	0	0	0	0	0	522	0	1316	0	158	0	0	0	0	0	0	0	0	0	0	0	0	0	0	0	3524	0	0	0	5176	0	318	0	0	0	0	0	0	0	210	0	0	0	0	0	0	0	0	0	0	0	136	0	0	0	0	
407108	Fusiform_L	2048	268	228	282	0	0	116	0	0	0	206	0	0	0	0	0	390	0	210	0	0	0	0	0	0	0	0	0	4252	0	0	0	0	0	1232	0	12290	0	6294	0	3358	0	3138	0	548	0	17650	1006	112	0	9094	0	10408	0	0	238	684	0	0	0	196	0	114	0	0	0	2684	0	1002	0	0	0	476	0	0	0	410	0	1446	0	3060	0	2152	0	4574	0	1928	0	17398	0	25428	2002	1152	0	764	170	17694	2060	32428	3128	408	0	622	0	370	0	0	0	0	118	4818	2348	552	0	0	0	
434764	Fusiform_R	646	3434	0	648	0	0	0	198	0	0	0	0	0	0	0	102	0	108	0	690	0	0	0	0	0	0	0	0	0	704	0	0	0	406	780	3428	166	32440	0	22196	0	6870	0	9968	0	3314	1174	18628	0	2302	0	3326	0	6968	238	0	0	696	0	0	0	0	0	836	0	328	0	4702	222	660	0	0	0	5684	0	448	684	3018	0	130	0	898	0	3392	0	4852	0	3952	0	18620	436	11984	0	298	258	386	1658	7352	2470	16480	0	0	0	548	554	132	328	0	0	114	2584	3570	374	0	0	0	
285124	Postcentral_L	26732	1056	4504	940	0	0	1114	0	0	0	2032	0	0	0	0	0	10884	0	4492	496	0	0	0	0	0	0	0	0	5234	0	0	0	0	0	266	0	364	0	378	0	0	0	0	0	168	0	0	0	178	0	2886	0	116	0	684	0	0	0	12554	0	29970	0	6756	0	7122	0	4940	0	5516	0	322	192	192	118	0	148	282	0	2010	0	4766	0	0	0	2056	0	0	0	3094	0	0	0	0	0	0	0	0	0	0	0	0	0	0	0	0	0	0	0	0	0	0	0	0	0	0	0	
134792	Postcentral_R	0	10498	464	892	0	0	0	896	0	0	0	1054	0	0	0	0	0	2646	462	0	0	0	0	0	0	0	0	0	0	756	0	0	0	3070	0	712	0	838	0	164	0	0	0	452	0	226	0	186	0	206	0	360	0	0	0	696	0	0	0	5328	0	5756	0	10368	0	1236	0	3162	110	7178	0	244	0	892	0	288	0	452	0	0	0	1880	0	0	0	3310	0	0	0	2614	0	0	0	0	0	0	0	0	0	0	0	0	0	0	0	0	0	0	0	0	0	0	0	0	0	0	
201084	Parietal_Sup_L	438	0	0	0	0	0	0	0	0	0	0	0	0	0	0	0	1450	0	0	0	0	0	0	0	0	0	0	0	232	0	0	0	128	0	0	0	0	0	0	0	0	0	104	0	8006	910	126	0	12380	146	9920	0	0	0	0	0	12554	0	0	606	21040	0	0	0	3634	0	20472	2534	1704	0	0	0	0	0	0	0	0	0	146	0	1680	0	0	0	662	0	0	0	1670	0	0	0	0	0	0	0	0	0	0	0	0	0	0	0	0	0	0	0	0	0	0	0	0	0	0	0	
67140	Parietal_Sup_R	0	110	0	0	0	0	0	0	0	0	0	0	0	0	0	0	0	0	0	0	0	0	0	0	0	0	0	0	0	0	0	0	0	168	0	0	0	0	0	0	0	0	0	1080	348	3546	0	0	254	4064	0	1754	0	0	0	0	0	5328	606	0	0	4444	0	642	0	2882	1684	6034	0	626	0	0	0	0	0	0	0	0	0	0	0	0	0	0	0	0	0	0	0	0	0	0	0	0	0	0	0	0	0	0	0	0	0	0	0	0	0	0	0	0	0	0	0	0	0	0	
246976	Parietal_Inf_L	3338	0	184	0	0	0	238	0	0	0	332	0	0	0	0	0	3308	0	202	0	0	0	0	0	0	0	0	0	552	0	0	0	0	0	0	0	0	0	142	0	0	0	184	0	1814	0	0	0	5336	0	10570	0	0	0	196	0	29970	0	21040	0	0	0	10042	0	19450	0	4084	0	2660	0	0	0	0	0	0	0	0	0	268	0	4306	0	0	0	1802	0	0	0	3470	0	0	0	0	0	0	0	0	0	0	0	0	0	0	0	0	0	0	0	0	0	0	0	0	0	0	0	
76560	Parietal_Inf_R	0	610	0	0	0	0	0	0	0	0	0	0	0	0	0	0	0	0	0	0	0	0	0	0	0	0	0	0	0	0	0	0	0	280	0	0	0	100	0	0	0	0	0	0	0	346	0	0	0	402	0	876	0	0	0	0	0	5756	0	4444	0	0	0	12398	0	8562	0	572	0	536	0	0	0	0	0	0	0	0	0	0	0	1172	0	0	0	1764	0	0	0	462	0	0	0	0	0	0	0	0	0	0	0	0	0	0	0	0	0	0	0	0	0	0	0	0	0	0	
68652	SupraMarginal_L	484	0	212	0	0	0	0	0	0	0	0	0	0	0	0	0	3262	0	212	0	0	0	0	0	0	0	0	0	188	0	0	0	0	0	0	0	0	0	0	0	0	0	0	0	0	0	0	0	0	0	174	0	0	0	114	0	6756	0	0	0	10042	0	0	0	4998	0	0	0	0	0	0	0	0	0	0	0	0	0	118	0	4480	0	0	0	1720	0	0	0	1566	0	0	0	0	0	0	0	0	0	0	0	0	0	0	0	0	0	0	0	0	0	0	0	0	0	0	0	
91276	SupraMarginal_R	0	3276	184	0	0	0	0	0	0	0	0	0	0	0	0	0	0	738	184	0	0	0	0	0	0	0	0	0	0	248	0	0	0	292	0	114	0	882	0	0	0	0	0	0	0	364	0	0	0	490	0	638	0	0	0	836	0	10368	0	642	0	12398	0	0	0	4544	0	290	0	404	0	0	0	0	0	0	0	182	0	0	0	4284	0	0	0	2864	0	0	0	1416	0	0	0	0	0	0	0	0	0	0	0	0	0	0	0	0	0	0	0	0	0	0	0	0	0	0	
130852	Angular_L	1212	0	110	0	0	0	0	0	0	0	0	0	0	0	0	0	528	0	122	0	0	0	0	0	0	0	0	0	200	0	0	0	0	0	0	0	0	0	0	0	0	0	114	0	102	0	0	0	110	0	10950	0	0	0	0	0	7122	0	3634	0	19450	0	4998	0	0	0	588	0	1868	0	0	0	0	0	0	0	0	0	0	0	3352	0	0	0	7658	0	0	0	3308	0	0	0	0	0	0	0	0	0	0	0	0	0	0	0	0	0	0	0	0	0	0	0	0	0	0	0	
118480	Angular_R	0	0	0	0	0	0	0	0	0	0	0	0	0	0	0	0	0	0	0	0	0	0	0	0	0	0	0	0	0	0	0	0	0	388	0	512	0	0	0	0	0	0	0	1642	0	4356	0	382	0	6630	0	14516	0	522	0	328	0	1236	0	2882	0	8562	0	4544	0	0	0	2024	0	218	0	0	0	0	0	0	0	0	0	0	0	3678	0	0	0	6476	0	0	0	344	0	0	0	0	0	0	0	0	0	0	0	0	0	0	0	0	0	0	0	0	0	0	0	0	0	0	
365884	Precuneus_L	1288	0	138	0	0	0	0	0	0	0	206	0	0	0	0	0	224	0	224	136	0	0	0	0	0	0	0	0	916	0	0	0	3060	650	8484	416	7646	0	4210	0	0	0	15446	3892	23550	9134	5166	856	13472	2354	19370	804	1964	0	2684	0	4940	0	20472	1684	4084	0	0	0	588	0	0	14034	4570	146	0	0	0	0	0	0	346	0	200	0	246	0	0	0	3210	0	0	0	1874	0	258	0	0	0	0	0	0	0	0	0	0	0	0	0	0	0	0	0	0	0	0	0	0	0	0	0	
341732	Precuneus_R	240	1442	0	220	0	0	0	0	0	0	0	0	0	0	0	0	0	0	196	3272	0	0	0	0	0	0	0	0	0	0	0	440	1356	11646	1694	17514	0	4518	0	1272	0	0	228	17148	4582	22278	0	9674	1780	6950	568	7146	0	1316	0	4702	0	3162	2534	6034	0	572	0	290	0	2024	14034	0	320	6602	0	0	0	0	0	0	132	532	0	0	0	244	0	0	146	7110	0	0	0	5522	0	0	0	0	0	0	0	404	0	0	0	0	0	0	0	0	0	0	0	0	1022	0	0	0	0	0	
237204	Paracentral_Lobule_L	19718	5588	6678	2412	0	0	438	0	0	0	0	0	0	0	0	0	820	0	14580	12178	0	0	0	0	0	0	0	0	598	0	0	0	3426	4004	4560	734	518	278	344	0	0	0	586	0	1528	0	266	0	0	0	6752	0	320	0	1002	222	5516	110	1704	0	2660	0	0	0	1868	0	4570	320	0	7848	442	0	608	0	864	0	1734	0	0	0	328	0	0	0	1900	0	0	0	580	0	0	0	0	0	0	0	0	0	0	0	0	0	0	0	0	0	0	0	0	0	0	0	0	0	0	0	
176448	Paracentral_Lobule_R	6090	11674	0	102	0	0	582	0	0	0	0	0	0	0	0	0	0	0	952	16008	0	0	0	0	0	0	0	0	0	0	0	104	508	13550	850	6998	0	482	0	0	0	0	0	804	0	368	0	278	0	0	0	892	0	158	0	660	0	7178	0	626	0	536	0	404	0	218	146	6602	7848	0	0	0	0	0	0	0	0	0	0	0	0	202	0	0	0	1914	0	0	0	1490	0	0	0	0	0	0	0	0	0	0	0	0	0	0	0	0	0	0	0	0	0	0	0	0	0	0	
188988	Caudate_L	5070	1018	6694	1310	1204	196	7806	0	166	0	752	1088	858	964	988	262	0	0	5636	190	6106	6818	1264	0	406	430	2302	1294	2274	1182	5874	2544	0	0	0	448	216	0	0	0	0	0	0	0	0	0	0	0	0	0	0	0	0	0	0	0	322	0	0	0	0	0	0	0	0	0	0	0	442	0	0	8020	12658	1314	456	222	5266	434	0	0	0	0	0	0	0	0	0	0	0	0	0	0	0	0	0	0	0	0	0	0	0	0	0	0	0	0	0	0	0	0	0	0	0	0	0	0	
352076	Caudate_R	580	8580	5202	17476	0	728	484	7110	0	1734	584	2620	744	7346	0	6070	0	726	4998	8264	1952	6538	1214	3900	0	1770	108	3110	1222	6556	2960	11342	0	0	0	0	130	336	0	242	0	0	0	0	0	0	0	0	0	0	0	0	0	0	0	0	192	244	0	0	0	0	0	0	0	0	0	0	0	0	8020	0	4886	21686	0	7282	670	18432	0	0	0	0	0	0	0	0	0	0	0	0	0	0	0	0	0	0	0	0	0	0	0	0	0	0	0	0	0	0	0	0	0	0	0	0	0	0	
226548	Putamen_L	5704	1904	13766	2184	2938	134	432	0	772	0	828	412	890	404	3298	124	302	0	11628	112	3498	4558	1556	0	250	284	1464	868	12300	444	7444	1822	0	0	0	0	3844	0	730	0	404	0	0	0	0	0	0	0	0	0	0	0	0	0	476	0	192	0	0	0	0	0	0	0	0	0	0	0	608	0	12658	4886	0	1074	4266	188	1658	0	0	0	748	0	550	0	240	0	0	0	432	0	0	0	0	0	0	0	0	0	0	0	0	0	0	0	0	0	0	0	0	0	0	0	0	0	0	0	
298500	Putamen_R	554	2536	2054	12172	0	644	156	4474	0	3130	0	2302	0	982	0	7278	0	3110	2572	10696	624	1714	0	1582	0	910	0	1424	192	17916	864	5416	0	0	0	0	0	11600	0	7862	0	1028	0	0	0	0	0	0	0	0	0	0	0	0	0	5684	118	892	0	0	0	0	0	0	0	0	0	0	0	0	1314	21686	1074	0	0	7948	0	4256	0	154	0	638	0	478	0	414	0	168	0	634	0	0	0	0	0	0	0	0	0	0	0	0	0	0	0	0	0	0	0	0	0	0	0	0	0	0	
41220	Pallidum_L	4296	152	4230	184	0	0	0	0	0	0	0	0	0	0	0	0	0	0	4282	0	0	0	0	0	0	0	0	0	158	0	0	0	0	0	0	0	490	0	0	0	0	0	0	0	0	0	0	0	0	0	0	0	0	0	0	0	0	0	0	0	0	0	0	0	0	0	0	0	864	0	456	0	4266	0	0	0	1232	0	0	0	0	0	0	0	0	0	0	0	0	0	0	0	0	0	0	0	0	0	0	0	0	0	0	0	0	0	0	0	0	0	0	0	0	0	0	0	
56916	Pallidum_R	584	1190	596	1764	0	0	0	1444	0	0	0	98	0	0	0	124	0	536	632	454	0	174	0	0	0	0	0	0	146	142	0	0	0	0	0	0	0	706	0	528	0	0	0	0	0	0	0	0	0	0	0	0	0	0	0	448	148	288	0	0	0	0	0	0	0	0	0	0	0	0	222	7282	188	7948	0	0	0	2816	0	0	0	0	0	0	0	0	0	0	0	0	0	0	0	0	0	0	0	0	0	0	0	0	0	0	0	0	0	0	0	0	0	0	0	0	0	0	
160144	Thalamus_L	10094	3620	3560	1546	0	0	7426	476	0	0	606	0	0	0	0	0	244	0	3452	256	0	0	0	0	0	0	0	0	2290	480	104	0	0	0	4760	6120	5354	4002	798	736	366	0	0	0	0	0	680	518	0	0	0	0	0	0	410	684	282	0	0	0	0	0	0	0	0	0	346	132	1734	0	5266	670	1658	0	1232	0	0	8922	202	0	312	0	0	0	0	0	0	0	582	152	0	0	0	0	0	0	0	0	0	0	0	0	0	0	0	0	0	0	0	0	0	0	0	0	0	0	
211296	Thalamus_R	2890	20062	314	11876	0	0	516	1122	0	0	0	0	0	334	0	0	0	1458	284	344	0	0	0	0	0	0	0	0	0	1708	0	0	0	0	2430	5948	1312	9444	0	3462	0	0	0	0	0	0	0	804	0	0	0	0	0	0	0	3018	0	452	0	0	0	0	0	182	0	0	0	532	0	0	434	18432	0	4256	0	2816	8922	0	0	0	0	322	0	0	0	550	0	0	0	1218	0	0	0	0	0	0	0	206	0	0	0	0	0	0	0	0	0	0	0	0	0	0	0	0	0	0	
63516	Heschl_L	2802	134	630	136	0	0	0	0	0	0	702	0	0	0	0	0	3064	0	612	0	0	0	0	0	0	0	0	0	5592	0	0	0	0	0	360	0	1942	0	122	0	0	0	0	0	0	0	0	0	0	0	1202	0	0	0	1446	0	2010	0	146	0	268	0	118	0	0	0	200	0	0	0	0	0	0	0	0	0	202	0	0	0	4476	0	0	0	3934	0	0	0	1660	0	0	0	0	0	0	0	0	0	0	0	0	0	0	0	0	0	0	0	0	0	0	0	0	0	0	0	
15412	Heschl_R	0	294	0	226	0	0	0	146	0	0	0	0	0	0	0	0	0	1302	0	0	0	0	0	0	0	0	0	0	0	1588	0	0	0	0	0	0	0	208	0	0	0	0	0	0	0	0	0	0	0	0	0	0	0	0	0	130	0	0	0	0	0	0	0	0	0	0	0	0	0	0	0	0	0	154	0	0	0	0	0	0	0	2602	0	0	0	1056	0	0	0	0	0	0	0	0	0	0	0	0	0	0	0	0	0	0	0	0	0	0	0	0	0	0	0	0	0	0	
219576	Temporal_Sup_L	2348	132	1588	130	0	0	1972	0	0	0	3512	0	174	0	0	0	9668	0	1372	0	0	0	0	0	0	0	0	0	11872	0	0	0	0	0	156	0	2326	0	368	0	330	0	0	0	0	0	0	0	0	0	2680	0	0	0	3060	0	4766	0	1680	0	4306	0	4480	0	3352	0	246	0	328	0	0	0	748	0	0	0	312	0	4476	0	0	0	3876	0	21474	0	238	0	17818	0	0	0	0	0	0	0	0	0	0	0	0	0	0	0	0	0	0	0	0	0	0	0	0	0	0	0	
88612	Temporal_Sup_R	0	2000	0	450	0	0	0	168	0	0	0	270	0	0	0	0	0	1562	0	340	0	0	0	0	0	0	0	0	0	4934	0	0	0	172	0	124	0	1428	0	280	0	0	0	126	0	110	0	0	0	0	0	2142	0	0	0	898	0	1880	0	0	0	1172	0	4284	0	3678	0	244	0	202	0	0	0	638	0	0	0	322	0	2602	0	0	0	1814	0	10630	0	688	0	1148	0	0	0	0	0	0	0	0	0	0	0	0	0	0	0	0	0	0	0	0	0	0	0	0	0	0	
70500	Temporal_Pole_Sup_L	0	0	270	0	452	0	1316	0	328	0	2044	0	446	0	1316	0	1316	0	106	0	134	0	0	0	0	0	0	0	4278	0	0	0	0	0	0	0	402	0	370	0	310	0	0	0	0	0	0	0	0	0	0	0	0	0	2152	0	0	0	0	0	0	0	0	0	0	0	0	0	0	0	0	0	550	0	0	0	0	0	0	0	3876	0	0	0	6596	0	4730	0	4258	0	0	0	0	0	0	0	0	0	0	0	0	0	0	0	0	0	0	0	0	0	0	0	0	0	0	0	
56948	Temporal_Pole_Sup_R	0	0	0	796	0	0	0	0	0	0	0	1258	0	0	0	242	0	934	0	808	0	0	0	0	0	0	0	0	0	1898	0	0	0	0	0	0	0	1272	0	2652	0	1826	0	0	0	0	0	0	0	0	0	0	0	0	0	3392	0	0	0	0	0	0	0	0	0	0	0	0	0	0	0	0	0	478	0	0	0	0	0	0	0	1814	0	0	0	3114	0	6090	0	1900	0	0	0	0	0	0	0	0	0	0	0	0	0	0	0	0	0	0	0	0	0	0	0	0	0	0	
318268	Temporal_Mid_L	2786	0	288	0	0	0	0	0	0	0	0	0	0	0	0	0	1716	0	294	0	0	0	0	0	0	0	0	0	6456	0	0	0	202	0	0	0	786	0	232	0	180	0	1066	0	1336	0	1888	0	932	0	34700	0	1906	0	4574	0	2056	0	662	0	1802	0	1720	0	7658	0	3210	146	1900	0	0	0	240	0	0	0	0	0	3934	0	21474	0	6596	0	0	0	5560	0	42530	0	304	0	0	0	0	0	0	0	0	0	0	0	0	0	0	0	0	0	0	0	0	0	0	0	0	0	
231264	Temporal_Mid_R	0	4344	0	0	0	0	0	0	0	0	0	0	0	0	0	0	0	0	0	0	0	0	0	0	0	0	0	0	0	2162	0	0	0	1284	0	2848	0	2874	0	534	0	0	0	4698	0	612	0	1126	0	686	0	15720	0	3524	0	4852	0	3310	0	0	0	1764	0	2864	0	6476	0	7110	0	1914	0	0	0	414	0	0	0	550	0	1056	0	10630	0	3114	0	0	0	2262	0	28904	0	0	0	0	0	0	0	0	0	0	0	0	0	0	0	0	0	0	0	0	0	0	0	0	0	0	
37796	Temporal_Pole_Mid_L	0	0	0	0	0	0	0	0	0	0	0	0	0	0	0	0	0	0	0	0	0	0	0	0	0	0	0	0	556	0	0	0	0	0	0	0	228	0	608	0	148	0	0	0	0	0	0	0	0	0	0	0	0	0	1928	0	0	0	0	0	0	0	0	0	0	0	0	0	0	0	0	0	0	0	0	0	0	0	0	0	238	0	4730	0	5560	0	0	0	4902	0	0	0	0	0	0	0	0	0	0	0	0	0	0	0	0	0	0	0	0	0	0	0	0	0	0	0	
40636	Temporal_Pole_Mid_R	0	0	0	0	0	0	0	0	0	0	0	0	0	0	0	0	0	0	0	0	0	0	0	0	0	0	0	0	0	190	0	0	0	0	0	0	0	1032	0	2134	0	1478	0	0	0	0	0	0	0	0	0	0	0	0	0	3952	0	0	0	0	0	0	0	0	0	0	0	0	0	0	0	0	0	168	0	0	0	0	0	0	0	688	0	6090	0	2262	0	0	0	2324	0	0	0	0	0	0	0	0	0	0	0	0	0	0	0	0	0	0	0	0	0	0	0	0	0	0	
317628	Temporal_Inf_L	1736	232	438	234	0	0	0	0	0	0	192	0	0	0	0	0	3182	0	416	0	0	0	0	0	0	0	0	0	7492	0	0	0	104	0	396	0	11520	0	988	0	1954	0	568	0	808	0	1350	0	0	0	12342	0	4596	0	17398	0	3094	0	1670	0	3470	0	1566	0	3308	0	1874	0	580	0	0	0	432	0	0	0	582	0	1660	0	17818	0	4258	0	42530	0	4902	0	0	0	3310	0	660	0	0	0	0	0	386	0	260	0	508	0	0	0	0	0	0	0	0	0	0	0	0	0	
205084	Temporal_Inf_R	0	2792	0	0	0	0	0	0	0	0	0	0	0	0	0	0	0	0	0	0	0	0	0	0	0	0	0	0	0	158	0	0	0	1590	120	904	0	6802	0	2008	0	688	0	6184	0	1938	0	1798	0	234	0	4684	0	5176	0	18620	0	2614	0	0	0	462	0	1416	0	344	0	5522	0	1490	0	0	0	634	0	0	152	1218	0	0	0	1148	0	1900	0	28904	0	2324	0	0	0	718	0	0	0	0	0	0	0	0	0	0	0	0	0	0	0	0	0	0	0	0	0	0	0	0	
434980	Cerebelum_Crus1_L	0	0	0	0	0	0	0	0	0	0	0	0	0	0	0	0	0	0	0	0	0	0	0	0	0	0	0	0	0	0	0	0	0	0	0	0	96	0	0	0	0	0	378	0	262	0	7580	2608	0	0	938	0	2858	0	25428	436	0	0	0	0	0	0	0	0	0	0	258	0	0	0	0	0	0	0	0	0	0	0	0	0	0	0	0	0	304	0	0	0	3310	0	0	1992	30932	1312	546	0	14714	626	55428	3216	13922	290	23342	1644	5508	1016	1868	224	0	158	2430	6238	4724	1422	1352	130	
443940	Cerebelum_Crus1_R	0	0	0	0	0	0	0	0	0	0	0	0	0	0	0	0	0	0	0	0	0	0	0	0	0	0	0	0	0	0	0	0	0	0	0	0	0	0	0	468	0	0	0	0	0	0	5258	7266	0	0	0	0	148	318	2002	11984	0	0	0	0	0	0	0	0	0	0	0	0	0	0	0	0	0	0	0	0	0	0	0	0	0	0	0	0	0	0	0	0	0	718	1992	0	862	27422	296	2026	4806	20812	6200	62612	210	4990	258	23734	342	5176	144	540	214	970	9378	10604	9366	174	680	0	
343348	Cerebelum_Crus2_L	0	0	0	0	0	0	0	0	0	0	0	0	0	0	0	0	0	0	0	0	0	0	0	0	0	0	0	0	0	0	0	0	0	0	0	0	0	0	0	0	0	0	0	0	0	0	344	454	0	0	0	0	0	0	1152	0	0	0	0	0	0	0	0	0	0	0	0	0	0	0	0	0	0	0	0	0	0	0	0	0	0	0	0	0	0	0	0	0	660	0	30932	862	0	4074	0	0	508	0	7020	976	49718	1694	48956	2706	8650	784	2060	0	0	0	102	1948	4674	2114	986	300	
264184	Cerebelum_Crus2_R	0	0	0	0	0	0	0	0	0	0	0	0	0	0	0	0	0	0	0	0	0	0	0	0	0	0	0	0	0	0	0	0	0	0	0	0	0	0	0	0	0	0	0	0	0	0	650	356	0	0	0	0	0	0	0	298	0	0	0	0	0	0	0	0	0	0	0	0	0	0	0	0	0	0	0	0	0	0	0	0	0	0	0	0	0	0	0	0	0	0	1312	27422	4074	0	0	104	166	448	994	7050	2026	22746	3062	37576	252	7818	0	1076	96	134	210	1478	9124	2432	1188	0	
58192	Cerebelum_3_L	0	0	0	0	0	0	0	0	0	0	0	0	0	0	0	0	0	0	0	0	0	0	0	0	0	0	0	0	0	0	0	0	0	0	0	0	0	0	292	0	0	0	0	0	0	0	676	938	0	0	0	0	0	0	764	258	0	0	0	0	0	0	0	0	0	0	0	0	0	0	0	0	0	0	0	0	0	0	0	0	0	0	0	0	0	0	0	0	0	0	546	296	0	0	0	320	9394	588	3414	1360	0	0	0	0	476	202	0	0	1978	2700	3676	914	0	0	158	146	
48700	Cerebelum_3_R	0	0	0	0	0	0	0	0	0	0	0	0	0	0	0	0	0	0	0	0	0	0	0	0	0	0	0	0	0	0	0	0	0	0	0	0	0	0	0	0	0	0	0	0	0	0	306	236	0	0	0	0	0	0	170	386	0	0	0	0	0	0	0	0	0	0	0	0	0	0	0	0	0	0	0	0	0	0	0	0	0	0	0	0	0	0	0	0	0	0	0	2026	0	104	320	0	1098	5926	614	6026	0	0	0	160	304	500	0	0	744	2572	1430	378	250	202	432	166	
371560	Cerebelum_4_5_L	0	0	0	0	0	0	0	0	0	0	0	0	0	0	0	0	0	0	0	0	0	0	0	0	0	0	0	0	0	0	0	0	0	0	0	0	0	0	276	0	0	0	0	0	0	0	16540	7084	0	0	0	0	0	0	17694	1658	0	0	0	0	0	0	0	0	0	0	0	0	0	0	0	0	0	0	0	0	0	0	0	0	0	0	0	0	0	0	0	0	0	0	14714	4806	508	166	9394	1098	0	9872	38436	12112	324	0	804	244	6046	1216	2496	0	1784	3210	25630	6590	226	102	828	1922	
250456	Cerebelum_4_5_R	0	0	0	0	0	0	0	0	0	0	0	0	0	0	0	0	0	0	0	0	0	0	0	0	0	0	0	0	0	0	0	0	0	0	0	148	0	780	0	2266	0	0	0	0	0	0	6224	5694	0	0	0	0	0	0	2060	7352	0	0	0	0	0	0	0	0	0	0	0	404	0	0	0	0	0	0	0	0	0	206	0	0	0	0	0	0	0	0	0	0	0	0	626	20812	0	448	588	5926	9872	0	5432	33064	0	0	0	852	526	720	0	0	184	1836	16880	862	426	338	378	324	
542084	Cerebelum_6_L	0	0	0	0	0	0	0	0	0	0	0	0	0	0	0	0	0	0	0	0	0	0	0	0	0	0	0	0	0	0	0	0	0	0	0	0	0	0	0	0	0	0	0	0	0	0	17734	11066	0	0	266	0	994	0	32428	2470	0	0	0	0	0	0	0	0	0	0	0	0	0	0	0	0	0	0	0	0	0	0	0	0	0	0	0	0	0	0	0	0	386	0	55428	6200	7020	994	3414	614	38436	5432	0	14016	5676	98	9184	714	9728	1674	3698	134	582	1186	16642	17618	3654	848	1730	978	
516388	Cerebelum_6_R	0	0	0	0	0	0	0	0	0	0	0	0	0	0	0	0	0	0	0	0	0	0	0	0	0	0	0	0	0	0	0	0	0	0	0	0	0	292	0	956	0	0	0	0	0	0	7642	15040	0	0	0	0	168	210	3128	16480	0	0	0	0	0	0	0	0	0	0	0	0	0	0	0	0	0	0	0	0	0	0	0	0	0	0	0	0	0	0	0	0	0	0	3216	62612	976	7050	1360	6026	12112	33064	14016	0	216	864	424	8918	3330	3926	1296	1158	652	2476	17672	17818	10540	1786	2532	238	
291708	Cerebelum_7b_L	0	0	0	0	0	0	0	0	0	0	0	0	0	0	0	0	0	0	0	0	0	0	0	0	0	0	0	0	0	0	0	0	0	0	0	0	0	0	0	0	0	0	0	0	0	0	0	266	0	0	0	0	0	0	408	0	0	0	0	0	0	0	0	0	0	0	0	0	0	0	0	0	0	0	0	0	0	0	0	0	0	0	0	0	0	0	0	0	260	0	13922	210	49718	2026	0	0	324	0	5676	216	0	518	48536	3710	8658	578	1480	0	0	0	0	1010	3666	3702	740	230	
135768	Cerebelum_7b_R	0	0	0	0	0	0	0	0	0	0	0	0	0	0	0	0	0	0	0	0	0	0	0	0	0	0	0	0	0	0	0	0	0	0	0	0	0	0	0	0	0	0	0	0	0	0	0	0	0	0	0	0	0	0	0	0	0	0	0	0	0	0	0	0	0	0	0	0	0	0	0	0	0	0	0	0	0	0	0	0	0	0	0	0	0	0	0	0	0	0	290	4990	1694	22746	0	0	0	0	98	864	518	0	976	25884	112	6082	0	598	0	0	0	0	1310	1322	400	0	
376588	Cerebelum_8_L	0	0	0	0	0	0	0	0	0	0	0	0	0	0	0	0	0	0	0	0	0	0	0	0	0	0	0	0	0	0	0	0	0	0	0	0	0	0	0	0	0	0	0	0	0	0	106	768	0	0	0	0	0	0	622	0	0	0	0	0	0	0	0	0	0	0	0	0	0	0	0	0	0	0	0	0	0	0	0	0	0	0	0	0	0	0	0	0	508	0	23342	258	48956	3062	0	0	804	0	9184	424	48536	976	0	6982	19250	2324	3122	152	0	102	118	1908	5030	8194	3250	316	
314032	Cerebelum_8_R	0	0	0	0	0	0	0	0	0	0	0	0	0	0	0	0	0	0	0	0	0	0	0	0	0	0	0	0	0	0	0	0	0	0	0	0	0	0	0	0	0	0	0	0	0	0	138	786	0	0	0	0	0	0	0	548	0	0	0	0	0	0	0	0	0	0	0	0	0	0	0	0	0	0	0	0	0	0	0	0	0	0	0	0	0	0	0	0	0	0	1644	23734	2706	37576	0	160	244	852	714	8918	3710	25884	6982	0	624	20198	128	1994	142	200	292	1248	7404	6872	3318	0	
195892	Cerebelum_9_L	0	0	0	0	0	0	0	0	0	0	0	0	0	0	0	0	0	0	0	0	0	0	0	0	0	0	0	0	0	0	0	0	0	0	0	0	0	0	0	0	0	0	0	0	0	0	248	2752	0	0	0	0	0	0	370	554	0	0	0	0	0	0	0	0	0	0	0	0	0	0	0	0	0	0	0	0	0	0	0	0	0	0	0	0	0	0	0	0	0	0	5508	342	8650	252	476	304	6046	526	9728	3330	8658	112	19250	624	0	2774	8024	0	486	782	3554	6588	1088	1808	3124	1988	
166532	Cerebelum_9_R	0	0	0	0	0	0	0	0	0	0	0	0	0	0	0	0	0	0	0	0	0	0	0	0	0	0	0	0	0	0	0	0	0	0	0	0	0	0	0	0	0	0	0	0	0	0	0	422	0	0	0	0	0	0	0	132	0	0	0	0	0	0	0	0	0	0	0	0	0	0	0	0	0	0	0	0	0	0	0	0	0	0	0	0	0	0	0	0	0	0	1016	5176	784	7818	202	500	1216	720	1674	3926	578	6082	2324	20198	2774	0	472	3172	648	944	1236	3564	4396	4308	7062	1922	
61408	Cerebelum_10_L	0	0	0	0	0	0	0	0	0	0	0	0	0	0	0	0	0	0	0	0	0	0	0	0	0	0	0	0	0	0	0	0	0	0	0	0	0	0	0	0	0	0	0	0	0	0	0	1112	0	0	0	0	0	0	0	328	0	0	0	0	0	0	0	0	0	0	0	0	0	0	0	0	0	0	0	0	0	0	0	0	0	0	0	0	0	0	0	0	0	0	1868	144	2060	0	0	0	2496	0	3698	1296	1480	0	3122	128	8024	472	0	0	214	322	514	2042	358	222	542	262	
24856	Cerebelum_10_R	0	0	0	0	0	0	0	0	0	0	0	0	0	0	0	0	0	0	0	0	0	0	0	0	0	0	0	0	0	0	0	0	0	0	0	0	0	0	0	0	0	0	0	0	0	0	0	262	0	0	0	0	0	0	0	0	0	0	0	0	0	0	0	0	0	0	0	0	0	0	0	0	0	0	0	0	0	0	0	0	0	0	0	0	0	0	0	0	0	0	224	540	0	1076	0	0	0	0	134	1158	0	598	152	1994	0	3172	0	0	0	0	0	458	1012	762	886	0	
32652	Vermis_1_2	0	0	0	0	0	0	0	0	0	0	0	0	0	0	0	0	0	0	0	0	0	0	0	0	0	0	0	0	0	0	0	0	0	0	0	0	0	0	0	0	0	0	0	0	0	0	0	0	0	0	0	0	0	0	0	0	0	0	0	0	0	0	0	0	0	0	0	0	0	0	0	0	0	0	0	0	0	0	0	0	0	0	0	0	0	0	0	0	0	0	0	214	0	96	1978	744	1784	184	582	652	0	0	0	142	486	648	214	0	0	4356	2130	658	282	226	606	344	
59848	Vermis_3	0	0	0	0	0	0	0	0	0	0	0	0	0	0	0	0	0	0	0	0	0	0	0	0	0	0	0	0	0	0	0	0	0	0	0	0	0	0	310	0	0	0	0	0	0	0	254	246	0	0	0	0	0	0	118	114	0	0	0	0	0	0	0	0	0	0	0	0	0	0	0	0	0	0	0	0	0	0	0	0	0	0	0	0	0	0	0	0	0	0	158	970	0	134	2700	2572	3210	1836	1186	2476	0	0	102	200	782	944	322	0	4356	0	3730	1064	430	326	910	474	
288484	Vermis_4_5	0	0	0	0	0	0	0	0	0	0	0	0	0	0	0	0	0	0	0	0	0	0	0	0	0	0	0	0	0	0	0	0	0	0	0	824	0	692	0	240	0	0	0	300	0	0	10456	8026	0	0	0	0	0	0	4818	2584	0	0	0	0	0	0	0	0	0	0	0	1022	0	0	0	0	0	0	0	0	0	0	0	0	0	0	0	0	0	0	0	0	0	0	2430	9378	102	210	3676	1430	25630	16880	16642	17672	0	0	118	292	3554	1236	514	0	2130	3730	0	6242	292	142	774	2206	
255684	Vermis_6	0	0	0	0	0	0	0	0	0	0	0	0	0	0	0	0	0	0	0	0	0	0	0	0	0	0	0	0	0	0	0	0	0	0	0	0	0	0	0	0	0	0	0	0	0	0	4206	12854	0	0	0	0	324	136	2348	3570	0	0	0	0	0	0	0	0	0	0	0	0	0	0	0	0	0	0	0	0	0	0	0	0	0	0	0	0	0	0	0	0	0	0	6238	10604	1948	1478	914	378	6590	862	17618	17818	1010	0	1908	1248	6588	3564	2042	458	658	1064	6242	0	6990	1656	3364	3164	
178432	Vermis_7	0	0	0	0	0	0	0	0	0	0	0	0	0	0	0	0	0	0	0	0	0	0	0	0	0	0	0	0	0	0	0	0	0	0	0	0	0	0	0	0	0	0	0	0	0	0	1318	1508	0	0	0	0	136	0	552	374	0	0	0	0	0	0	0	0	0	0	0	0	0	0	0	0	0	0	0	0	0	0	0	0	0	0	0	0	0	0	0	0	0	0	4724	9366	4674	9124	0	250	226	426	3654	10540	3666	1310	5030	7404	1088	4396	358	1012	282	430	292	6990	0	5544	4182	360	
