data	data	571604	285196	1.52518e+06	1.27765e+06	269168	304284	826472	580588	196208	72716	420636	260388	383328	195956	204936	120784	262656	118088	765340	1.05243e+06	76992	90520	795232	639268	128784	298608	49412	66640	855812	392308	705432	604700	336780	683864	147492	162216	262240	348868	120196	158848	33752	68060	158368	356628	123176	334548	248544	302024	173668	403100	455948	379232	172164	120248	376832	450604	394084	143252	74784	59672	287872	77388	113516	117364	134416	118108	306524	447760	143036	117724	433816	460328	446464	393668	75440	63068	128840	186164	106140	29612	234464	109512	122580	56576	349808	332260	59716	37388	312496	241236	337232	359340	228700	193180	18964	42720	184732	202632	331816	437432	151700	126704	187700	197652	55920	75380	23844	16076	11796	55856	153924	198068	175040	151328	97516	8676	
data	data	Precentral_L	Precentral_R	Frontal_Sup_L	Frontal_Sup_R	Frontal_Sup_Orb_L	Frontal_Sup_Orb_R	Frontal_Mid_L	Frontal_Mid_R	Frontal_Mid_Orb_L	Frontal_Mid_Orb_R	Frontal_Inf_Oper_L	Frontal_Inf_Oper_R	Frontal_Inf_Tri_L	Frontal_Inf_Tri_R	Frontal_Inf_Orb_L	Frontal_Inf_Orb_R	Rolandic_Oper_L	Rolandic_Oper_R	Supp_Motor_Area_L	Supp_Motor_Area_R	Olfactory_L	Olfactory_R	Frontal_Sup_Medial_L	Frontal_Sup_Medial_R	Frontal_Med_Orb_L	Frontal_Med_Orb_R	Rectus_L	Rectus_R	Insula_L	Insula_R	Cingulum_Ant_L	Cingulum_Ant_R	Cingulum_Mid_L	Cingulum_Mid_R	Cingulum_Post_L	Cingulum_Post_R	Hippocampus_L	Hippocampus_R	ParaHippocampal_L	ParaHippocampal_R	Amygdala_L	Amygdala_R	Calcarine_L	Calcarine_R	Cuneus_L	Cuneus_R	Lingual_L	Lingual_R	Occipital_Sup_L	Occipital_Sup_R	Occipital_Mid_L	Occipital_Mid_R	Occipital_Inf_L	Occipital_Inf_R	Fusiform_L	Fusiform_R	Postcentral_L	Postcentral_R	Parietal_Sup_L	Parietal_Sup_R	Parietal_Inf_L	Parietal_Inf_R	SupraMarginal_L	SupraMarginal_R	Angular_L	Angular_R	Precuneus_L	Precuneus_R	Paracentral_Lobule_L	Paracentral_Lobule_R	Caudate_L	Caudate_R	Putamen_L	Putamen_R	Pallidum_L	Pallidum_R	Thalamus_L	Thalamus_R	Heschl_L	Heschl_R	Temporal_Sup_L	Temporal_Sup_R	Temporal_Pole_Sup_L	Temporal_Pole_Sup_R	Temporal_Mid_L	Temporal_Mid_R	Temporal_Pole_Mid_L	Temporal_Pole_Mid_R	Temporal_Inf_L	Temporal_Inf_R	Cerebelum_Crus1_L	Cerebelum_Crus1_R	Cerebelum_Crus2_L	Cerebelum_Crus2_R	Cerebelum_3_L	Cerebelum_3_R	Cerebelum_4_5_L	Cerebelum_4_5_R	Cerebelum_6_L	Cerebelum_6_R	Cerebelum_7b_L	Cerebelum_7b_R	Cerebelum_8_L	Cerebelum_8_R	Cerebelum_9_L	Cerebelum_9_R	Cerebelum_10_L	Cerebelum_10_R	Vermis_1_2	Vermis_3	Vermis_4_5	Vermis_6	Vermis_7	Vermis_8	Vermis_9	Vermis_10	
571604	Precentral_L	0	2696	19290	6424	300	270	39706	862	224	0	21932	270	5252	196	0	0	13200	0	2892	8804	0	0	3314	1594	0	200	0	0	22822	182	830	200	1184	2814	2542	226	916	514	0	0	0	0	1146	256	196	0	536	160	2104	0	11764	198	3346	0	1476	180	48940	0	0	0	14102	0	2254	0	504	0	1034	236	11082	0	7840	1672	2128	140	1316	0	588	186	3926	0	2752	0	126	0	3440	344	0	0	1940	234	0	0	0	0	0	0	0	0	0	0	0	0	0	0	0	0	0	0	0	0	0	0	0	0	0	0	
285196	Precentral_R	2696	0	1584	17884	0	184	284	18870	0	0	0	7718	0	192	0	0	0	2920	988	12702	0	0	0	0	0	120	0	0	0	3240	0	0	502	2138	1586	1992	0	3760	0	264	0	0	0	2872	0	1944	0	792	0	3186	166	3352	156	416	0	1260	0	17916	0	218	0	596	0	3294	0	0	1768	6296	354	2190	188	2848	156	1346	110	106	0	2580	0	572	0	1436	0	0	142	4170	0	0	0	2544	0	0	0	0	0	0	0	0	0	0	0	0	0	0	0	0	0	0	0	0	0	0	0	0	0	0	
1.52518e+06	Frontal_Sup_L	19290	1584	0	39156	17514	4246	105878	5952	10238	580	23064	300	31274	222	10604	724	7838	0	78826	46878	358	416	79040	21718	2466	4958	400	512	49490	738	39438	14276	9346	24742	574	0	3404	964	514	0	128	0	0	0	0	0	0	0	0	0	494	0	486	0	836	0	5960	250	0	0	4192	0	106	0	0	0	0	0	388	0	22580	7982	31124	3670	5942	242	9074	1074	2614	0	2828	0	1808	0	1532	0	0	0	1758	0	0	0	0	0	0	0	0	0	0	0	0	0	0	0	0	0	0	0	0	0	0	0	0	0	0	0	
1.27765e+06	Frontal_Sup_R	6424	17884	39156	0	1142	16050	7390	70396	674	1604	2650	13946	586	9950	0	3296	1272	5334	26442	91956	1730	2664	19562	43702	660	10216	0	984	6274	20194	17720	32032	4212	19668	2156	1754	1674	11362	738	1484	0	210	0	1830	0	550	0	1102	0	1240	0	2590	0	1516	0	3276	1756	1766	0	0	408	272	0	990	0	0	298	2204	280	232	19086	25764	4732	17110	910	3400	2216	21602	552	718	0	1044	0	448	0	3500	0	0	0	2286	0	0	0	0	0	0	0	0	0	0	0	0	0	0	0	0	0	0	0	0	0	0	0	0	0	0	
269168	Frontal_Sup_Orb_L	300	0	17514	1142	0	620	6670	272	22018	0	3204	0	6962	0	10402	0	878	0	1922	810	336	0	8868	1940	7222	3554	5358	388	12688	0	7390	1628	0	246	0	0	0	0	0	0	0	0	0	0	0	0	0	0	0	0	0	0	0	0	0	0	110	0	0	0	0	0	0	0	0	0	0	0	0	0	2058	430	8474	186	0	0	0	0	0	0	292	0	702	0	0	0	0	0	0	0	0	0	0	0	0	0	0	0	0	0	0	0	0	0	0	0	0	0	0	0	0	0	0	0	0	0	
304284	Frontal_Sup_Orb_R	270	184	4246	16050	620	0	542	12486	248	9008	300	1526	0	4762	0	6836	140	0	1808	3406	0	518	1940	8200	800	16784	0	6492	990	4518	2496	5954	0	1750	0	0	0	360	0	0	0	0	0	0	0	0	0	0	0	0	0	0	0	0	0	0	110	0	0	0	0	0	0	0	0	0	0	0	0	0	3012	19724	1232	14176	124	0	0	530	0	0	0	0	0	0	0	0	0	0	0	0	0	0	0	0	0	0	0	0	0	0	0	0	0	0	0	0	0	0	0	0	0	0	0	0	0	0	
826472	Frontal_Mid_L	39706	284	105878	7390	6670	542	0	1366	6648	0	28144	300	51362	230	10036	184	3968	0	2924	7030	0	180	26774	7296	182	468	0	0	32598	254	11264	2558	1942	4916	132	0	934	0	0	0	0	0	0	0	0	0	0	0	0	0	506	0	476	0	408	0	12744	0	0	0	9588	0	452	0	136	0	0	0	0	0	10020	1688	5366	532	1694	0	580	138	2760	0	1164	0	484	0	1268	0	0	0	1072	0	0	0	0	0	0	0	0	0	0	0	0	0	0	0	0	0	0	0	0	0	0	0	0	0	0	0	
580588	Frontal_Mid_R	862	18870	5952	70396	272	12486	1366	0	172	3396	656	25978	168	25120	0	6376	246	8336	3514	6318	0	0	2324	8678	214	3212	0	698	1416	24796	2156	4946	0	3076	0	342	0	3204	0	166	0	0	0	718	0	0	0	212	0	572	0	1114	0	554	0	1222	384	5080	0	0	116	536	0	3576	0	132	0	668	0	182	4640	6316	1298	9824	174	0	138	1858	0	652	0	804	0	446	0	1980	0	0	0	1386	0	0	0	0	0	0	0	0	0	0	0	0	0	0	0	0	0	0	0	0	0	0	0	0	0	0	
196208	Frontal_Mid_Orb_L	224	0	10238	674	22018	248	6648	172	0	0	1206	0	6446	0	16576	0	546	0	1816	504	0	0	1670	360	2720	726	2828	192	9482	0	2482	284	0	0	0	0	0	0	0	0	0	0	0	0	0	0	0	0	0	0	0	0	0	0	0	0	0	0	0	0	0	0	0	0	0	0	0	0	0	0	1444	242	6954	134	0	0	0	0	0	0	172	0	1098	0	0	0	0	0	0	0	0	0	0	0	0	0	0	0	0	0	0	0	0	0	0	0	0	0	0	0	0	0	0	0	0	0	
72716	Frontal_Mid_Orb_R	0	0	580	1604	0	9008	0	3396	0	0	0	118	0	814	0	7462	0	0	316	452	0	0	260	578	0	1568	0	598	126	942	370	1140	194	976	0	0	0	0	0	0	0	0	0	0	0	0	0	0	0	0	0	0	0	0	0	0	0	0	0	0	0	0	0	0	0	0	0	0	0	0	360	3004	176	2316	0	0	0	0	0	0	0	0	0	0	0	0	0	0	0	0	0	0	0	0	0	0	0	0	0	0	0	0	0	0	0	0	0	0	0	0	0	0	0	0	0	0	
420636	Frontal_Inf_Oper_L	21932	0	23064	2650	3204	300	28144	656	1206	0	0	178	27444	130	748	0	14868	0	2392	1674	0	0	7918	1570	560	280	0	0	32996	120	4740	732	0	606	0	0	0	0	0	0	0	0	0	0	0	0	0	0	0	0	0	0	0	0	0	0	11704	0	0	0	5124	0	240	0	0	0	0	0	0	0	3788	1440	772	268	0	0	0	0	1254	0	4344	0	3118	0	154	0	0	0	0	0	0	0	0	0	0	0	0	0	0	0	0	0	0	0	0	0	0	0	0	0	0	0	0	0	0	0	
260388	Frontal_Inf_Oper_R	270	7718	300	13946	0	1526	300	25978	0	118	178	0	0	19448	0	302	0	7466	130	2772	0	0	348	3160	0	848	0	0	270	23232	298	1942	0	1530	0	0	0	754	0	0	0	0	0	0	0	0	0	0	0	0	0	232	0	186	0	266	132	4964	0	0	0	556	0	2306	0	0	0	0	0	0	578	1498	0	4572	0	0	0	0	0	192	0	422	0	538	0	540	0	0	0	378	0	0	0	0	0	0	0	0	0	0	0	0	0	0	0	0	0	0	0	0	0	0	0	0	0	0	
383328	Frontal_Inf_Tri_L	5252	0	31274	586	6962	0	51362	168	6446	0	27444	0	0	0	14974	0	1032	0	1170	562	0	0	6224	680	168	0	0	0	26854	0	2716	318	112	372	0	0	0	0	0	0	0	0	0	0	0	0	0	0	0	0	0	0	0	0	0	0	2458	0	0	0	1492	0	0	0	0	0	0	0	0	0	342	158	662	124	0	0	0	0	194	0	350	0	1208	0	0	0	0	0	0	0	0	0	0	0	0	0	0	0	0	0	0	0	0	0	0	0	0	0	0	0	0	0	0	0	0	0	
195956	Frontal_Inf_Tri_R	196	192	222	9950	0	4762	230	25120	0	814	130	19448	0	0	0	5012	0	332	106	1786	0	0	536	3830	0	982	0	0	178	15518	322	2456	0	1792	0	0	0	0	0	0	0	0	0	0	0	0	0	0	0	0	0	0	0	0	0	0	0	318	0	0	0	0	0	206	0	0	0	0	0	0	322	1524	0	1340	0	0	0	0	0	0	0	0	0	0	0	190	0	0	0	164	0	0	0	0	0	0	0	0	0	0	0	0	0	0	0	0	0	0	0	0	0	0	0	0	0	0	
204936	Frontal_Inf_Orb_L	0	0	10604	0	10402	0	10036	0	16576	0	748	0	14974	0	0	0	192	0	1492	0	632	0	746	0	0	0	582	0	20486	0	130	0	0	0	0	0	342	0	116	0	0	0	0	0	0	0	0	0	0	0	0	0	0	0	362	0	0	0	0	0	0	0	0	0	0	0	0	0	0	0	198	0	9786	0	0	0	0	0	0	0	274	0	3436	0	0	0	0	0	354	0	0	0	0	0	0	0	0	0	0	0	0	0	0	0	0	0	0	0	0	0	0	0	0	0	0	0	
120784	Frontal_Inf_Orb_R	0	0	724	3296	0	6836	184	6376	0	7462	0	302	0	5012	0	0	0	0	230	346	0	1142	1122	1856	0	0	0	468	0	7736	1554	4330	748	3934	0	0	0	110	0	0	0	0	0	0	0	0	0	0	0	0	0	0	0	0	0	110	0	0	0	0	0	0	0	0	0	0	0	0	0	0	0	778	126	5494	0	0	0	0	0	0	0	0	0	116	0	0	0	0	0	0	0	0	0	0	0	0	0	0	0	0	0	0	0	0	0	0	0	0	0	0	0	0	0	0	0	0	
262656	Rolandic_Oper_L	13200	0	7838	1272	878	140	3968	246	546	0	14868	0	1032	0	192	0	0	0	1366	636	0	0	4206	576	162	0	0	0	26098	0	976	118	230	144	0	0	432	0	0	0	0	0	0	0	0	0	0	0	0	0	2118	0	1560	0	1240	0	10670	0	0	0	2044	0	5234	0	124	0	206	0	0	0	1644	746	472	0	0	0	0	0	4798	0	12252	0	2910	0	3188	0	0	0	2998	0	0	0	0	0	0	0	0	0	0	0	0	0	0	0	0	0	0	0	0	0	0	0	0	0	0	0	
118088	Rolandic_Oper_R	0	2920	0	5334	0	0	0	8336	0	0	0	7466	0	332	0	0	0	0	0	124	0	0	0	0	0	0	0	0	0	14218	0	0	0	0	0	256	0	172	0	0	0	0	0	224	0	0	0	0	0	564	0	536	0	0	0	136	0	3462	0	216	0	374	0	3260	0	354	0	586	0	294	0	0	0	1406	0	0	0	0	0	2904	0	3560	0	648	0	1046	0	0	0	316	0	0	0	0	0	0	0	0	0	0	0	0	0	0	0	0	0	0	0	0	0	0	0	0	0	0	
765340	Supp_Motor_Area_L	2892	988	78826	26442	1922	1808	2924	3514	1816	316	2392	130	1170	106	1492	230	1366	0	0	60270	234	140	15612	6692	492	1432	0	176	10560	276	9054	5042	22148	28258	2910	0	2924	844	534	0	126	0	364	136	940	124	182	0	2132	126	5088	0	748	0	548	0	824	124	0	0	390	0	0	0	230	0	904	248	10836	426	9970	2836	18216	1648	4886	0	15024	1110	1444	0	1260	0	656	0	3318	0	0	0	1874	0	0	0	0	0	0	0	0	0	0	0	0	0	0	0	0	0	0	0	0	0	0	0	0	0	0	0	
1.05243e+06	Supp_Motor_Area_R	8804	12702	46878	91956	810	3406	7030	6318	504	452	1674	2772	562	1786	0	346	636	124	60270	0	1324	1796	10508	21978	278	2242	0	222	4436	3726	8402	11266	13204	53694	4508	5046	2062	7236	828	1128	122	202	0	4414	0	4422	0	996	0	4926	216	2854	152	530	154	1286	1864	1400	0	0	426	0	0	158	0	0	2046	10906	1950	8004	15132	17994	5236	4494	1638	2322	6980	21536	518	0	0	0	0	0	138	1462	0	0	0	822	0	0	0	0	0	0	0	0	0	0	0	0	0	0	0	0	0	0	0	0	0	0	0	0	0	0	
76992	Olfactory_L	0	0	358	1730	336	0	0	0	0	0	0	0	0	0	632	0	0	0	234	1324	0	3854	414	0	1136	0	392	0	1288	0	4140	1518	0	0	0	0	290	0	244	0	444	0	0	0	0	0	0	0	0	0	0	0	0	0	186	0	0	0	0	0	0	0	0	0	0	0	0	0	0	0	6290	3672	4826	1658	1300	1898	210	0	0	0	0	0	0	0	0	0	0	0	122	0	0	0	0	0	0	0	0	0	0	0	0	0	0	0	0	0	0	0	0	0	0	0	0	0	0	0	
90520	Olfactory_R	0	0	416	2664	0	518	180	0	0	0	0	0	0	0	0	1142	0	0	140	1796	3854	0	0	0	0	1572	0	1406	0	1630	3754	3012	0	0	0	0	0	148	0	134	0	148	0	0	0	0	0	0	0	0	0	0	0	0	0	174	0	0	0	0	0	0	0	0	0	0	0	0	0	0	5160	7194	2636	3752	792	2706	0	332	0	0	0	0	0	0	0	0	0	0	0	0	0	0	0	0	0	0	0	0	0	0	0	0	0	0	0	0	0	0	0	0	0	0	0	0	0	0	
795232	Frontal_Sup_Medial_L	3314	0	79040	19562	8868	1940	26774	2324	1670	260	7918	348	6224	536	746	1122	4206	0	15612	10508	414	0	0	43210	8838	8650	916	350	14660	696	55096	32098	9248	19188	0	0	0	0	0	0	0	0	0	0	0	0	0	0	0	0	0	0	0	0	0	0	1672	0	0	0	838	0	0	0	0	0	0	0	0	0	3242	1894	2914	664	126	0	0	0	410	0	956	0	564	0	0	0	0	0	0	0	0	0	0	0	0	0	0	0	0	0	0	0	0	0	0	0	0	0	0	0	0	0	0	0	0	0	
639268	Frontal_Sup_Medial_R	1594	0	21718	43702	1940	8200	7296	8678	360	578	1570	3160	680	3830	0	1856	576	0	6692	21978	0	0	43210	0	2840	15200	0	486	3300	4834	25102	41836	3894	30686	0	0	0	168	0	0	0	0	0	0	0	0	0	0	0	0	0	0	0	0	0	0	796	0	0	0	268	0	0	0	0	0	0	0	0	0	4046	5212	656	2392	0	0	0	176	124	0	0	0	0	0	0	0	0	0	0	0	0	0	0	0	0	0	0	0	0	0	0	0	0	0	0	0	0	0	0	0	0	0	0	0	0	0	
128784	Frontal_Med_Orb_L	0	0	2466	660	7222	800	182	214	2720	0	560	0	168	0	0	0	162	0	492	278	1136	0	8838	2840	0	6344	4800	410	906	0	13656	2592	0	132	0	0	0	0	0	0	0	0	0	0	0	0	0	0	0	0	0	0	0	0	0	0	0	0	0	0	0	0	0	0	0	0	0	0	0	0	3110	464	2958	174	108	0	0	0	0	0	0	0	0	0	0	0	0	0	0	0	0	0	0	0	0	0	0	0	0	0	0	0	0	0	0	0	0	0	0	0	0	0	0	0	0	0	
298608	Frontal_Med_Orb_R	200	120	4958	10216	3554	16784	468	3212	726	1568	280	848	0	982	0	0	0	0	1432	2242	0	1572	8650	15200	6344	0	620	6528	740	1160	11638	16324	208	1266	0	0	0	370	0	0	0	0	0	0	0	0	0	0	0	0	0	0	0	0	0	0	0	0	0	0	0	0	0	0	0	0	0	0	0	0	2346	16818	912	10174	0	138	0	706	0	0	0	0	0	0	0	0	0	0	0	0	0	0	0	0	0	0	0	0	0	0	0	0	0	0	0	0	0	0	0	0	0	0	0	0	0	0	
49412	Rectus_L	0	0	400	0	5358	0	0	0	2828	0	0	0	0	0	582	0	0	0	0	0	392	0	916	0	4800	620	0	400	202	0	3110	114	0	0	0	0	0	0	0	0	0	0	0	0	0	0	0	0	0	0	0	0	0	0	0	0	0	0	0	0	0	0	0	0	0	0	0	0	0	0	2000	0	2984	0	0	0	0	0	0	0	0	0	0	0	0	0	0	0	0	0	0	0	0	0	0	0	0	0	0	0	0	0	0	0	0	0	0	0	0	0	0	0	0	0	0	0	
66640	Rectus_R	0	0	512	984	388	6492	0	698	192	598	0	0	0	0	0	468	0	0	176	222	0	1406	350	486	410	6528	400	0	108	420	742	1626	0	0	0	0	0	0	0	0	0	0	0	0	0	0	0	0	0	0	0	0	0	0	0	0	0	0	0	0	0	0	0	0	0	0	0	0	0	0	412	4920	208	4574	0	0	0	0	0	0	0	0	0	0	0	0	0	0	0	0	0	0	0	0	0	0	0	0	0	0	0	0	0	0	0	0	0	0	0	0	0	0	0	0	0	0	
855812	Insula_L	22822	0	49490	6274	12688	990	32598	1416	9482	126	32996	270	26854	178	20486	0	26098	0	10560	4436	1288	0	14660	3300	906	740	202	108	0	264	8328	1314	448	1704	190	120	7586	130	822	0	1002	0	0	0	0	0	196	0	0	0	3268	0	2922	0	7430	0	16136	0	0	0	12812	0	1662	0	422	0	302	0	152	0	8146	2926	19624	794	0	106	2180	0	10898	0	13738	0	5894	0	6868	0	126	0	10428	0	0	0	0	0	0	0	0	0	0	0	0	0	0	0	0	0	0	0	0	0	0	0	0	0	0	0	
392308	Insula_R	182	3240	738	20194	0	4518	254	24796	0	942	120	23232	0	15518	0	7736	0	14218	276	3726	0	1630	696	4834	0	1160	0	420	264	0	488	2600	0	2420	0	562	0	4318	0	486	0	340	0	672	0	226	0	280	0	1486	0	1500	0	1068	0	2572	0	1698	0	342	0	962	0	2334	0	578	268	1478	0	574	554	2270	124	19118	0	144	0	0	0	2212	0	4876	0	1590	0	4720	0	0	0	4600	0	0	0	0	0	0	0	0	0	0	0	0	0	0	0	0	0	0	0	0	0	0	0	0	0	0	
705432	Cingulum_Ant_L	830	0	39438	17720	7390	2496	11264	2156	2482	370	4740	298	2716	322	130	1554	976	0	9054	8402	4140	3754	55096	25102	13656	11638	3110	742	8328	488	0	40318	14808	16080	0	0	0	0	0	0	0	0	0	0	0	0	0	0	0	0	0	0	0	0	0	0	656	0	0	0	480	0	0	0	0	0	0	0	0	0	13902	8422	11818	4276	578	2252	0	272	124	0	162	0	176	0	0	0	0	0	0	0	0	0	0	0	0	0	0	0	0	0	0	0	0	0	0	0	0	0	0	0	0	0	0	0	0	0	
604700	Cingulum_Ant_R	200	0	14276	32032	1628	5954	2558	4946	284	1140	732	1942	318	2456	0	4330	118	0	5042	11266	1518	3012	32098	41836	2592	16324	114	1626	1314	2600	40318	0	7198	30948	0	0	0	0	0	0	0	0	0	0	0	0	0	0	0	0	0	0	0	0	0	0	0	0	0	0	0	0	0	0	0	0	0	0	0	0	3536	14438	2908	8322	122	2304	0	0	0	0	0	0	0	0	0	0	0	0	0	0	0	0	0	0	0	0	0	0	0	0	0	0	0	0	0	0	0	0	0	0	0	0	0	0	0	0	
336780	Cingulum_Mid_L	1184	502	9346	4212	0	0	1942	0	0	194	0	0	112	0	0	748	230	0	22148	13204	0	0	9248	3894	0	208	0	0	448	0	14808	7198	0	22232	5212	1164	160	0	0	0	0	0	316	116	1584	122	114	0	3144	146	8544	0	1096	0	812	0	406	0	2284	0	1238	0	186	0	1156	0	13228	1916	6694	688	110	0	972	0	0	0	1474	0	0	0	132	0	0	0	2414	0	0	0	1104	0	0	0	0	0	0	0	0	0	0	0	0	0	0	0	0	0	0	0	0	0	0	0	0	0	0	0	
683864	Cingulum_Mid_R	2814	2138	24742	19668	246	1750	4916	3076	0	976	606	1530	372	1792	0	3934	144	0	28258	53694	0	0	19188	30686	132	1266	0	0	1704	2420	16080	30948	22232	0	1566	4872	0	0	0	0	0	0	0	4286	0	8168	0	550	0	7436	0	4360	0	0	0	0	602	428	0	172	316	0	0	0	0	0	2156	14958	1178	8058	2774	1072	828	908	110	0	166	0	0	0	0	0	0	0	0	1358	0	0	0	298	0	0	0	0	0	0	0	0	0	0	0	0	0	0	0	0	0	0	0	0	0	0	0	0	0	0	
147492	Cingulum_Post_L	2542	1586	574	2156	0	0	132	0	0	0	0	0	0	0	0	0	0	0	2910	4508	0	0	0	0	0	0	0	0	190	0	0	0	5212	1566	0	8700	4080	5020	3538	810	0	0	2002	508	480	590	1108	556	560	316	2660	484	2090	0	748	652	112	0	0	0	0	0	0	0	0	0	7038	2260	3094	0	0	0	0	118	0	0	0	2788	0	0	0	0	0	0	824	638	0	0	0	430	0	0	0	0	0	0	0	0	0	0	0	0	0	0	0	0	0	0	0	0	166	0	0	0	0	0	
162216	Cingulum_Post_R	226	1992	0	1754	0	0	0	342	0	0	0	0	0	0	0	0	0	256	0	5046	0	0	0	0	0	0	0	0	120	562	0	0	1164	4872	8700	0	2596	6302	2210	1126	0	0	0	4130	0	2266	0	5910	0	3332	392	2798	912	238	224	868	0	174	0	0	0	0	0	0	0	0	1710	11348	120	1410	0	0	0	184	0	0	0	2080	0	0	0	0	0	0	484	2984	0	0	0	1958	0	0	0	0	0	0	0	0	0	0	0	0	0	0	0	0	0	0	0	0	318	0	0	0	0	0	
262240	Hippocampus_L	916	0	3404	1674	0	0	934	0	0	0	0	0	0	0	342	0	432	0	2924	2062	290	0	0	0	0	0	0	0	7586	0	0	0	160	0	4080	2596	0	3220	15666	596	5792	0	590	0	0	0	4052	334	0	0	856	0	1062	0	22068	206	478	0	0	0	172	0	212	0	0	0	1766	980	0	0	400	0	8814	178	462	0	4832	3024	1830	0	2384	0	1068	0	3336	0	604	0	16450	0	334	0	0	0	434	0	916	0	604	0	0	0	0	0	0	0	0	0	0	0	0	0	0	0	0	0	
348868	Hippocampus_R	514	3760	964	11362	0	360	0	3204	0	0	0	754	0	0	0	110	0	172	844	7236	0	148	0	168	0	370	0	0	130	4318	0	0	0	0	5020	6302	3220	0	2694	18450	0	8820	0	3890	0	170	0	5560	0	476	0	3350	266	7198	0	31336	0	322	0	0	0	0	0	230	0	0	928	5464	0	0	220	764	0	10170	0	1134	162	5738	0	110	0	416	0	768	0	3390	0	356	0	12216	0	0	0	0	0	0	0	354	0	202	0	0	0	0	0	0	0	0	0	0	324	0	0	0	0	0	
120196	ParaHippocampal_L	0	0	514	738	0	0	0	0	0	0	0	0	0	0	116	0	0	0	534	828	244	0	0	0	0	0	0	0	822	0	0	0	0	0	3538	2210	15666	2694	0	530	1290	0	924	0	0	0	4992	252	0	0	280	0	572	0	7378	192	0	0	0	0	0	0	0	0	0	0	1734	928	0	0	0	0	2352	0	0	0	1222	2392	108	0	0	0	670	0	0	0	1090	0	2080	0	554	0	0	0	584	0	1362	0	708	0	0	0	0	0	0	0	0	0	0	0	0	0	0	0	0	0	
158848	ParaHippocampal_R	0	264	0	1484	0	0	0	166	0	0	0	0	0	0	0	0	0	0	0	1128	0	134	0	0	0	0	0	0	0	486	0	0	0	0	810	1126	596	18450	530	0	0	6232	0	806	0	0	0	5442	0	138	0	752	0	3206	0	19734	0	0	0	0	0	0	0	0	0	0	144	1852	0	0	0	204	0	3226	0	540	0	1498	0	0	0	0	0	1838	0	254	0	1262	0	3400	0	756	0	0	0	0	0	1708	0	1092	0	0	0	0	0	0	0	0	0	0	166	0	0	0	0	0	
33752	Amygdala_L	0	0	128	0	0	0	0	0	0	0	0	0	0	0	0	0	0	0	126	122	444	0	0	0	0	0	0	0	1002	0	0	0	0	0	0	0	5792	0	1290	0	0	0	0	0	0	0	0	0	0	0	0	0	0	0	3498	0	0	0	0	0	0	0	0	0	0	0	0	0	0	0	118	0	946	0	0	0	170	0	0	0	0	0	912	0	264	0	612	0	1452	0	0	0	0	0	0	0	0	0	0	0	0	0	0	0	0	0	0	0	0	0	0	0	0	0	0	0	
68060	Amygdala_R	0	0	0	210	0	0	0	0	0	0	0	0	0	0	0	0	0	0	0	202	0	148	0	0	0	0	0	0	0	340	0	0	0	0	0	0	0	8820	0	6232	0	0	0	0	0	0	0	0	0	0	0	0	0	0	0	8444	0	0	0	0	0	0	0	0	0	0	0	0	0	0	0	166	0	3262	0	0	0	258	0	0	0	0	0	2608	0	0	0	1222	0	2118	0	0	0	0	0	0	0	0	0	0	0	0	0	0	0	0	0	0	0	0	0	0	0	0	0	0	
158368	Calcarine_L	1146	0	0	0	0	0	0	0	0	0	0	0	0	0	0	0	0	0	364	0	0	0	0	0	0	0	0	0	0	0	0	0	316	0	2002	0	590	0	924	0	0	0	0	5174	10870	1560	14680	1980	9748	780	12270	242	2296	0	1710	0	880	0	0	0	0	0	0	0	0	0	8430	158	2626	0	0	0	0	0	0	0	0	0	0	0	0	0	0	0	438	0	0	0	0	0	0	0	0	0	0	0	0	0	0	0	0	0	0	0	0	0	0	0	0	0	0	0	0	0	0	0	
356628	Calcarine_R	256	2872	0	1830	0	0	0	718	0	0	0	0	0	0	0	0	0	224	136	4414	0	0	0	0	0	0	0	0	0	672	0	0	116	4286	508	4130	0	3890	0	806	0	0	5174	0	4646	26218	450	19968	0	25848	0	21694	118	1756	0	5766	0	1070	0	282	0	244	0	120	0	264	3806	23534	0	4200	0	0	0	152	0	0	0	182	0	0	0	0	0	0	0	4146	0	0	0	986	264	0	108	0	0	0	0	114	446	538	0	0	0	0	0	0	0	0	0	0	178	802	382	0	0	0	
123176	Cuneus_L	196	0	0	0	0	0	0	0	0	0	0	0	0	0	0	0	0	0	940	0	0	0	0	0	0	0	0	0	0	0	0	0	1584	0	480	0	0	0	0	0	0	0	10870	4646	0	4658	2932	454	13142	1332	2972	246	262	0	0	0	182	0	3640	0	0	0	0	0	0	0	8482	1220	3350	0	0	0	0	0	0	0	0	0	0	0	0	0	0	0	0	0	0	0	0	0	0	0	0	0	0	0	0	0	0	0	0	0	0	0	0	0	0	0	0	0	0	0	0	0	0	0	
334548	Cuneus_R	0	1944	0	550	0	0	0	0	0	0	0	0	0	0	0	0	0	0	124	4422	0	0	0	0	0	0	0	0	0	226	0	0	122	8168	590	2266	0	170	0	0	0	0	1560	26218	4658	0	0	2722	0	40918	0	15868	0	134	0	166	0	688	0	2078	0	0	0	116	0	538	10796	27030	0	4110	0	0	0	0	0	0	0	0	0	0	0	266	0	0	0	6840	0	0	0	3986	0	0	0	0	0	0	0	0	0	0	0	0	0	0	0	0	0	0	0	0	0	0	0	0	0	0	
248544	Lingual_L	536	0	0	0	0	0	0	0	0	0	0	0	0	0	0	0	0	0	182	0	0	0	0	0	0	0	0	0	196	0	0	0	114	0	1108	0	4052	0	4992	0	0	0	14680	450	2932	0	0	3730	6010	0	12308	0	7652	168	15390	1180	812	0	0	0	0	0	0	0	0	0	4904	0	588	0	0	0	134	0	0	0	392	0	0	0	0	0	0	0	350	0	0	0	802	0	6388	476	2196	300	296	0	7420	486	13062	2578	0	0	0	0	0	0	0	0	0	0	1108	4116	2184	0	0	0	
302024	Lingual_R	160	792	0	1102	0	0	0	212	0	0	0	0	0	0	0	0	0	0	0	996	0	0	0	0	0	0	0	0	0	280	0	0	0	550	556	5910	334	5560	252	5442	0	0	1980	19968	454	2722	3730	0	0	4698	0	7650	0	3802	738	17290	0	0	0	0	0	0	0	0	0	0	584	12276	0	196	0	0	122	120	0	0	0	784	0	0	0	0	0	0	0	2014	0	0	0	400	3220	2270	1376	386	0	0	1420	3878	5808	10130	0	0	222	0	0	0	0	0	0	0	4326	10372	5080	494	356	0	
173668	Occipital_Sup_L	2104	0	0	0	0	0	0	0	0	0	0	0	0	0	0	0	0	0	2132	0	0	0	0	0	0	0	0	0	0	0	0	0	3144	0	560	0	0	0	0	0	0	0	9748	0	13142	0	6010	0	0	0	26340	0	2994	0	944	0	1420	0	5206	0	632	0	0	0	964	0	7194	530	3150	0	0	0	0	0	0	0	0	0	0	0	0	0	0	0	364	0	0	0	0	0	134	0	122	0	0	0	0	0	0	0	0	0	0	0	0	0	0	0	0	0	0	0	0	0	0	0	
403100	Occipital_Sup_R	0	3186	0	1240	0	0	0	572	0	0	0	0	0	0	0	0	0	564	126	4926	0	0	0	0	0	0	0	0	0	1486	0	0	146	7436	316	3332	0	476	0	138	0	0	780	25848	1332	40918	0	4698	0	0	0	29330	122	422	0	480	0	944	0	5210	0	2536	0	362	0	5112	8078	24722	0	4008	0	0	0	0	0	0	0	0	0	354	0	892	0	0	0	12294	0	0	0	9164	0	0	0	0	0	0	0	0	0	0	0	0	0	0	0	0	0	0	0	0	0	0	0	0	0	0	
455948	Occipital_Mid_L	11764	166	494	0	0	0	506	0	0	0	0	0	0	0	0	0	2118	0	5088	216	0	0	0	0	0	0	0	0	3268	0	0	0	8544	0	2660	392	856	0	280	0	0	0	12270	0	2972	0	12308	0	26340	0	0	0	23418	0	9286	0	6352	0	5490	0	12472	0	906	0	20614	0	11784	312	9328	0	0	0	140	0	0	0	0	0	976	0	1570	0	0	0	26440	0	0	0	7046	0	136	0	126	0	0	0	562	0	774	0	0	0	0	0	0	0	0	0	0	0	0	0	0	0	0	0	
379232	Occipital_Mid_R	198	3352	0	2590	0	0	0	1114	0	0	0	232	0	0	0	0	0	536	0	2854	0	0	0	0	0	0	0	0	0	1500	0	0	0	4360	484	2798	0	3350	0	752	0	0	242	21694	246	15868	0	7650	0	29330	0	0	124	3520	0	7460	0	878	0	1558	0	4262	0	694	0	16606	4176	14892	0	2146	0	0	0	186	0	0	0	134	0	264	0	906	0	0	0	26756	0	0	0	5192	0	0	0	0	0	0	0	124	0	258	0	0	0	0	0	0	0	0	0	0	142	188	0	0	0	0	
172164	Occipital_Inf_L	3346	156	486	0	0	0	476	0	0	0	0	0	0	0	0	0	1560	0	748	152	0	0	0	0	0	0	0	0	2922	0	0	0	1096	0	2090	912	1062	266	572	0	0	0	2296	118	262	0	7652	0	2994	122	23418	124	0	0	11976	0	1824	0	366	0	914	0	372	0	910	0	2670	120	802	0	0	0	136	0	0	0	0	0	1354	0	618	0	0	0	5424	220	0	0	2738	192	254	0	0	0	0	0	996	0	1366	0	0	0	0	0	0	0	0	0	0	0	0	0	0	0	0	0	
120248	Occipital_Inf_R	0	416	0	1516	0	0	0	554	0	0	0	186	0	0	0	0	0	0	0	530	0	0	0	0	0	0	0	0	0	1068	0	0	0	0	0	238	0	7198	0	3206	0	0	0	1756	0	134	168	3802	0	422	0	3520	0	0	0	16464	0	0	0	0	0	0	0	0	0	0	0	178	0	0	0	0	0	2428	0	288	0	220	0	0	0	110	0	0	0	850	0	0	0	3296	680	1032	196	154	0	0	0	1202	292	3680	0	0	122	0	0	0	0	0	0	0	1044	1690	1100	230	154	0	
376832	Fusiform_L	1476	0	836	0	0	0	408	0	0	0	0	0	0	0	362	0	1240	0	548	154	186	0	0	0	0	0	0	0	7430	0	0	0	812	0	748	224	22068	0	7378	0	3498	0	1710	0	0	0	15390	738	944	0	9286	0	11976	0	0	920	774	0	0	0	320	0	560	0	130	0	1694	0	306	0	134	0	2738	0	0	0	412	0	1760	0	3156	0	3952	0	5368	0	3922	0	25672	0	13586	240	994	108	204	0	10176	268	19288	1044	0	0	0	0	0	0	0	0	0	0	598	1624	682	200	174	0	
450604	Fusiform_R	180	1260	0	3276	0	0	0	1222	0	0	0	266	0	0	0	110	0	136	0	1286	0	174	0	0	0	0	0	0	0	2572	0	0	0	0	652	868	206	31336	192	19734	0	8444	0	5766	0	166	1180	17290	0	480	0	7460	0	16464	920	0	0	0	0	0	0	0	0	0	0	0	116	2552	0	0	0	202	0	7116	0	808	0	980	0	0	0	228	0	2294	0	2102	0	2174	0	13186	3228	8280	1092	312	0	0	658	10574	3144	20776	0	0	454	0	0	134	0	0	0	0	7888	9070	4736	898	660	0	
394084	Postcentral_L	48940	0	5960	1756	110	110	12744	384	0	0	11704	132	2458	0	0	0	10670	0	824	1864	0	0	1672	796	0	0	0	0	16136	0	656	0	406	602	112	0	478	0	0	0	0	0	880	0	182	0	812	0	1420	0	6352	0	1824	0	774	0	0	0	3294	0	31634	0	10916	0	1284	0	1222	0	4408	0	4280	602	286	0	0	0	412	0	1538	0	4020	0	128	0	1374	0	0	0	886	0	0	0	0	0	0	0	0	0	0	0	0	0	0	0	0	0	0	0	0	0	0	0	0	0	0	0	
143252	Postcentral_R	0	17916	250	1766	0	0	0	5080	0	0	0	4964	0	318	0	0	0	3462	124	1400	0	0	0	0	0	0	0	0	0	1698	0	0	0	428	0	174	0	322	0	0	0	0	0	1070	0	688	0	0	0	944	0	878	0	0	0	0	0	0	0	2250	0	2272	0	17296	0	318	370	1700	0	2256	150	394	134	418	0	0	0	110	0	0	0	654	0	0	0	1134	0	0	0	688	0	0	0	0	0	0	0	0	0	0	0	0	0	0	0	0	0	0	0	0	0	0	0	0	0	0	
74784	Parietal_Sup_L	0	0	0	0	0	0	0	0	0	0	0	0	0	0	0	0	0	0	0	0	0	0	0	0	0	0	0	0	0	0	0	0	2284	0	0	0	0	0	0	0	0	0	0	0	3640	0	0	0	5206	0	5490	0	366	0	0	0	3294	0	0	0	5826	0	0	0	2480	0	7122	0	1148	0	0	0	0	0	0	0	0	0	0	0	0	0	0	0	536	0	0	0	0	0	0	0	0	0	0	0	0	0	0	0	0	0	0	0	0	0	0	0	0	0	0	0	0	0	0	0	
59672	Parietal_Sup_R	0	218	0	0	0	0	0	0	0	0	0	0	0	0	0	0	0	216	0	0	0	0	0	0	0	0	0	0	0	342	0	0	0	172	0	0	0	0	0	0	0	0	0	282	0	2078	0	0	0	5210	0	1558	0	0	0	0	0	2250	0	0	0	4202	0	344	0	4976	194	4592	0	2080	0	0	0	0	0	0	0	0	0	0	0	158	0	0	0	642	0	0	0	322	0	0	0	0	0	0	0	0	0	0	0	0	0	0	0	0	0	0	0	0	0	0	0	0	0	0	
287872	Parietal_Inf_L	14102	0	4192	408	0	0	9588	116	0	0	5124	0	1492	0	0	0	2044	0	390	426	0	0	838	268	0	0	0	0	12812	0	480	0	1238	316	0	0	172	0	0	0	0	0	0	0	0	0	0	0	632	0	12472	0	914	0	320	0	31634	0	5826	0	0	0	12604	0	17158	0	1510	144	1212	0	594	282	162	0	0	0	0	0	240	0	1152	0	0	0	2470	0	0	0	604	0	0	0	0	0	0	0	0	0	0	0	0	0	0	0	0	0	0	0	0	0	0	0	0	0	0	0	
77388	Parietal_Inf_R	0	596	0	272	0	0	0	536	0	0	0	556	0	0	0	0	0	374	0	0	0	0	0	0	0	0	0	0	0	962	0	0	0	0	0	0	0	0	0	0	0	0	0	244	0	0	0	0	0	2536	0	4262	0	0	0	0	0	2272	0	4202	0	0	0	7386	0	11402	0	298	0	194	0	0	0	0	0	0	0	0	0	168	0	340	0	0	0	1502	0	0	0	592	0	0	0	0	0	0	0	0	0	0	0	0	0	0	0	0	0	0	0	0	0	0	0	0	0	0	
113516	SupraMarginal_L	2254	0	106	0	0	0	452	0	0	0	240	0	0	0	0	0	5234	0	0	0	0	0	0	0	0	0	0	0	1662	0	0	0	186	0	0	0	212	0	0	0	0	0	0	0	0	0	0	0	0	0	906	0	372	0	560	0	10916	0	0	0	12604	0	0	0	8136	0	218	0	0	0	198	0	0	0	0	0	0	0	130	0	6658	0	0	0	4564	0	0	0	1150	0	0	0	0	0	0	0	0	0	0	0	0	0	0	0	0	0	0	0	0	0	0	0	0	0	0	0	
117364	SupraMarginal_R	0	3294	0	990	0	0	0	3576	0	0	0	2306	0	206	0	0	0	3260	0	158	0	0	0	0	0	0	0	0	0	2334	0	0	0	0	0	0	0	230	0	0	0	0	0	120	0	116	0	0	0	362	0	694	0	0	0	0	0	17296	0	344	0	7386	0	0	0	5034	0	178	0	0	152	114	134	246	0	0	0	0	0	230	0	5242	0	0	0	4218	0	0	0	462	0	0	0	0	0	0	0	0	0	0	0	0	0	0	0	0	0	0	0	0	0	0	0	0	0	0	
134416	Angular_L	504	0	0	0	0	0	136	0	0	0	0	0	0	0	0	0	124	0	230	0	0	0	0	0	0	0	0	0	422	0	0	0	1156	0	0	0	0	0	0	0	0	0	0	0	0	0	0	0	964	0	20614	0	910	0	130	0	1284	0	2480	0	17158	0	8136	0	0	0	1460	112	508	0	0	0	0	0	0	0	0	0	0	0	2238	0	0	0	8396	0	0	0	246	0	0	0	0	0	0	0	0	0	0	0	0	0	0	0	0	0	0	0	0	0	0	0	0	0	0	0	
118108	Angular_R	0	0	0	0	0	0	0	132	0	0	0	0	0	0	0	0	0	354	0	0	0	0	0	0	0	0	0	0	0	578	0	0	0	0	0	0	0	0	0	0	0	0	0	264	0	538	0	0	0	5112	0	16606	0	0	0	0	0	318	0	4976	0	11402	0	5034	0	0	0	356	0	120	0	0	0	0	0	0	0	0	0	184	0	3180	0	0	0	8534	0	0	0	1366	0	0	0	0	0	0	0	0	0	0	0	0	0	0	0	0	0	0	0	0	0	0	0	0	0	0	
306524	Precuneus_L	1034	1768	0	298	0	0	0	0	0	0	0	0	0	0	0	0	206	0	904	2046	0	0	0	0	0	0	0	0	302	268	0	0	13228	2156	7038	1710	1766	928	1734	144	0	0	8430	3806	8482	10796	4904	584	7194	8078	11784	4176	2670	0	1694	116	1222	370	7122	194	1510	0	218	0	1460	0	0	17176	4538	1864	0	0	0	0	0	0	0	354	108	0	128	186	0	0	3006	2556	0	0	1200	1542	0	0	0	0	0	0	124	0	0	0	0	0	0	0	0	0	0	0	0	0	140	0	0	0	0	0	
447760	Precuneus_R	236	6296	0	2204	0	0	0	668	0	0	0	0	0	0	0	0	0	586	248	10906	0	0	0	0	0	0	0	0	0	1478	0	0	1916	14958	2260	11348	980	5464	928	1852	0	0	158	23534	1220	27030	0	12276	530	24722	312	14892	120	178	0	2552	0	1700	0	4592	144	298	0	178	112	356	17176	0	0	11402	0	0	0	0	0	0	0	598	0	332	0	842	0	0	0	10388	0	0	0	5476	0	0	0	0	0	0	0	0	0	0	0	0	0	0	0	0	0	0	0	0	434	0	0	0	0	0	
143036	Paracentral_Lobule_L	11082	354	388	280	0	0	0	0	0	0	0	0	0	0	0	0	0	0	10836	1950	0	0	0	0	0	0	0	0	152	0	0	0	6694	1178	3094	120	0	0	0	0	0	0	2626	0	3350	0	588	0	3150	0	9328	0	802	0	306	0	4408	0	1148	0	1212	0	0	0	508	0	4538	0	0	468	0	0	0	0	0	0	0	0	108	0	172	0	0	0	1952	0	0	0	726	0	0	0	0	0	0	0	0	0	0	0	0	0	0	0	0	0	0	0	0	0	0	0	0	0	0	0	
117724	Paracentral_Lobule_R	0	2190	0	232	0	0	0	182	0	0	0	0	0	0	0	0	0	294	426	8004	0	0	0	0	0	0	0	0	0	574	0	0	688	8058	0	1410	0	0	0	0	0	0	0	4200	0	4110	0	196	0	4008	0	2146	0	0	0	0	0	2256	0	2080	0	194	0	0	0	120	1864	11402	468	0	0	0	0	0	0	0	0	0	0	156	0	392	0	0	0	2084	0	0	0	1128	0	0	0	0	0	0	0	0	0	0	0	0	0	0	0	0	0	0	0	0	0	0	0	0	0	0	
433816	Caudate_L	7840	188	22580	19086	2058	3012	10020	4640	1444	360	3788	578	342	322	198	0	1644	0	9970	15132	6290	5160	3242	4046	3110	2346	2000	412	8146	554	13902	3536	110	2774	0	0	400	220	0	0	118	0	0	0	0	0	0	0	0	0	0	0	0	0	134	0	4280	150	0	0	594	0	198	152	0	0	0	0	0	0	0	13920	20162	4504	3374	2192	5930	700	668	0	144	0	0	0	112	0	0	0	126	0	0	0	0	0	0	0	0	0	0	0	0	0	0	0	0	0	0	0	0	0	0	0	0	0	0	0	
460328	Caudate_R	1672	2848	7982	25764	430	19724	1688	6316	242	3004	1440	1498	158	1524	0	778	746	0	2836	17994	3672	7194	1894	5212	464	16818	0	4920	2926	2270	8422	14438	0	1072	0	0	0	764	0	204	0	166	0	0	0	0	0	0	0	0	0	0	0	0	0	202	602	394	0	0	282	0	0	114	0	0	0	0	0	0	13920	0	5594	22806	922	3864	248	13888	108	0	140	0	0	0	0	0	0	0	0	0	0	0	0	0	0	0	0	0	0	0	0	0	0	0	0	0	0	0	0	0	0	0	0	0	0	0	
446464	Putamen_L	2128	156	31124	4732	8474	1232	5366	1298	6954	176	772	0	662	0	9786	126	472	0	18216	5236	4826	2636	2914	656	2958	912	2984	208	19624	124	11818	2908	972	828	0	0	8814	0	2352	0	946	0	0	0	0	0	134	122	0	0	140	0	136	0	2738	0	286	134	0	0	162	0	0	134	0	0	0	0	0	0	20162	5594	0	3012	10130	1610	7234	384	1136	0	1274	0	1622	0	992	0	0	0	2706	0	0	0	0	0	0	0	0	0	0	0	0	0	0	0	0	0	0	0	0	0	0	0	0	0	0	0	
393668	Putamen_R	140	1346	3670	17110	186	14176	532	9824	134	2316	268	4572	124	1340	0	5494	0	1406	1648	4494	1658	3752	664	2392	174	10174	0	4574	794	19118	4276	8322	0	908	118	184	178	10170	0	3226	0	3262	0	152	0	0	0	120	0	0	0	186	0	2428	0	7116	0	418	0	0	0	0	0	246	0	0	0	0	0	0	4504	22806	3012	0	368	4268	0	3142	0	0	0	142	0	1222	0	390	0	222	0	3368	0	0	0	0	0	0	0	0	0	0	0	0	0	0	0	0	0	0	0	0	0	0	0	0	0	0	
75440	Pallidum_L	1316	110	5942	910	0	124	1694	174	0	0	0	0	0	0	0	0	0	0	4886	1638	1300	792	126	0	108	0	0	0	0	0	578	122	0	110	0	0	462	0	0	0	0	0	0	0	0	0	0	0	0	0	0	0	0	0	0	0	0	0	0	0	0	0	0	0	0	0	0	0	0	0	3374	922	10130	368	0	414	1912	208	0	0	0	0	0	0	0	0	0	0	0	0	0	0	0	0	0	0	0	0	0	0	0	0	0	0	0	0	0	0	0	0	0	0	0	0	0	0	
63068	Pallidum_R	0	106	242	3400	0	0	0	0	0	0	0	0	0	0	0	0	0	0	0	2322	1898	2706	0	0	0	138	0	0	106	144	2252	2304	0	0	0	0	0	1134	0	540	0	0	0	0	0	0	0	0	0	0	0	0	0	288	0	808	0	0	0	0	0	0	0	0	0	0	0	0	0	0	2192	3864	1610	4268	414	0	0	554	0	0	0	0	0	0	0	0	0	0	0	244	0	0	0	0	0	0	0	0	0	0	0	0	0	0	0	0	0	0	0	0	0	0	0	0	0	0	
128840	Thalamus_L	588	0	9074	2216	0	0	580	138	0	0	0	0	0	0	0	0	0	0	15024	6980	210	0	0	0	0	0	0	0	2180	0	0	0	1474	166	0	0	4832	162	1222	0	170	0	0	0	0	0	392	0	0	0	0	0	0	0	412	0	412	0	0	0	0	0	0	0	0	0	0	0	0	0	5930	248	7234	0	1912	0	0	830	664	0	356	0	0	0	508	0	0	0	506	0	0	0	0	0	0	0	0	0	0	0	0	0	0	0	0	0	0	0	0	0	0	0	0	0	0	0	
186164	Thalamus_R	186	2580	1074	21602	0	530	138	1858	0	0	0	0	0	0	0	0	0	0	1110	21536	0	332	0	176	0	706	0	0	0	0	272	0	0	0	2788	2080	3024	5738	2392	1498	0	258	0	182	0	0	0	784	0	0	0	134	0	220	0	980	0	110	0	0	0	0	0	0	0	0	354	598	0	0	700	13888	384	3142	208	554	830	0	0	0	0	0	0	0	0	136	0	0	0	0	0	0	0	0	0	0	0	0	0	0	0	0	0	0	0	0	0	0	0	0	0	0	0	0	0	0	
106140	Heschl_L	3926	0	2614	552	0	0	2760	0	0	0	1254	0	194	0	0	0	4798	0	1444	518	0	0	410	124	0	0	0	0	10898	0	124	0	0	0	0	0	1830	0	108	0	0	0	0	0	0	0	0	0	0	0	976	0	1354	0	1760	0	1538	0	0	0	240	0	130	0	0	0	108	0	108	0	668	108	1136	0	0	0	664	0	0	0	4350	0	0	0	4574	0	0	0	3802	0	0	0	0	0	0	0	0	0	0	0	0	0	0	0	0	0	0	0	0	0	0	0	0	0	0	0	
29612	Heschl_R	0	572	0	718	0	0	0	652	0	0	0	192	0	0	0	0	0	2904	0	0	0	0	0	0	0	0	0	0	0	2212	0	0	0	0	0	0	0	110	0	0	0	0	0	0	0	0	0	0	0	354	0	264	0	0	0	0	0	0	0	0	0	168	0	230	0	184	0	332	0	156	0	0	0	0	0	0	0	0	0	0	0	3902	0	0	0	1220	0	0	0	636	0	0	0	0	0	0	0	0	0	0	0	0	0	0	0	0	0	0	0	0	0	0	0	0	0	0	
234464	Temporal_Sup_L	2752	0	2828	0	292	0	1164	0	172	0	4344	0	350	0	274	0	12252	0	1260	0	0	0	956	0	0	0	0	0	13738	0	162	0	132	0	0	0	2384	0	0	0	0	0	0	0	0	0	0	0	0	0	1570	0	618	0	3156	0	4020	0	0	0	1152	0	6658	0	2238	0	128	0	172	0	144	140	1274	0	0	0	356	0	4350	0	0	0	8030	0	26398	0	1432	0	12336	0	0	0	0	0	0	0	0	0	0	0	0	0	0	0	0	0	0	0	0	0	0	0	0	0	0	0	
109512	Temporal_Sup_R	0	1436	0	1044	0	0	0	804	0	0	0	422	0	0	0	0	0	3560	0	0	0	0	0	0	0	0	0	0	0	4876	0	0	0	0	0	0	0	416	0	0	0	0	0	0	0	266	0	0	0	892	0	906	0	110	0	228	0	654	0	158	0	340	0	5242	0	3180	186	842	0	392	0	0	0	142	0	0	0	0	0	3902	0	0	0	4102	0	15904	0	1576	0	3176	0	0	0	0	0	0	0	0	0	0	0	0	0	0	0	0	0	0	0	0	0	0	0	0	0	0	
122580	Temporal_Pole_Sup_L	126	0	1808	0	702	0	484	0	1098	0	3118	0	1208	0	3436	0	2910	0	656	0	0	0	564	0	0	0	0	0	5894	0	176	0	0	0	0	0	1068	0	670	0	912	0	0	0	0	0	0	0	0	0	0	0	0	0	3952	0	128	0	0	0	0	0	0	0	0	0	0	0	0	0	0	0	1622	0	0	0	0	0	0	0	8030	0	0	0	8456	0	6712	0	7560	0	0	0	0	0	0	0	0	0	0	0	0	0	0	0	0	0	0	0	0	0	0	0	0	0	0	0	
56576	Temporal_Pole_Sup_R	0	0	0	448	0	0	0	446	0	0	0	538	0	0	0	116	0	648	0	0	0	0	0	0	0	0	0	0	0	1590	0	0	0	0	0	0	0	768	0	1838	0	2608	0	0	0	0	0	0	0	0	0	0	0	0	0	2294	0	0	0	0	0	0	0	0	0	0	0	0	0	0	0	0	0	1222	0	0	0	0	0	0	0	4102	0	0	0	4222	0	5794	0	1654	0	0	0	0	0	0	0	0	0	0	0	0	0	0	0	0	0	0	0	0	0	0	0	0	0	0	
349808	Temporal_Mid_L	3440	142	1532	0	0	0	1268	0	0	0	154	0	0	0	0	0	3188	0	3318	138	0	0	0	0	0	0	0	0	6868	0	0	0	2414	0	824	484	3336	0	0	0	264	0	438	0	0	0	350	0	364	0	26440	0	5424	0	5368	0	1374	0	536	0	2470	0	4564	0	8396	0	3006	0	1952	0	112	0	992	0	0	0	508	0	4574	0	26398	0	8456	0	0	192	7456	0	37886	154	0	0	0	0	0	0	0	0	124	0	0	0	0	0	0	0	0	0	0	0	0	0	0	0	0	0	
332260	Temporal_Mid_R	344	4170	0	3500	0	0	0	1980	0	0	0	540	0	190	0	0	0	1046	0	1462	0	0	0	0	0	0	0	0	0	4720	0	0	0	1358	638	2984	0	3390	0	254	0	0	0	4146	0	6840	0	2014	0	12294	0	26756	220	850	0	2102	0	1134	0	642	0	1502	0	4218	0	8534	2556	10388	0	2084	0	0	0	390	0	0	0	136	0	1220	0	15904	0	4222	192	0	0	3520	0	27690	0	0	0	0	0	0	0	0	0	0	0	0	0	0	0	0	0	0	0	0	0	0	0	0	0	0	
59716	Temporal_Pole_Mid_L	0	0	0	0	0	0	0	0	0	0	0	0	0	0	0	0	0	0	0	0	0	0	0	0	0	0	0	0	126	0	0	0	0	0	0	0	604	0	1090	0	612	0	0	0	0	0	0	0	0	0	0	0	0	0	3922	0	0	0	0	0	0	0	0	0	0	0	0	0	0	0	0	0	0	0	0	0	0	0	0	0	1432	0	6712	0	7456	0	0	0	7904	0	0	0	0	0	0	0	0	0	0	0	0	0	0	0	0	0	0	0	0	0	0	0	0	0	0	0	
37388	Temporal_Pole_Mid_R	0	0	0	0	0	0	0	0	0	0	0	0	0	0	0	0	0	0	0	0	0	0	0	0	0	0	0	0	0	0	0	0	0	0	0	0	0	356	0	1262	0	1222	0	0	0	0	0	0	0	0	0	0	0	0	0	2174	0	0	0	0	0	0	0	0	0	0	0	0	0	0	0	0	0	222	0	0	0	0	0	0	0	1576	0	5794	0	3520	0	0	0	2568	0	0	0	0	0	0	0	0	0	0	0	0	0	0	0	0	0	0	0	0	0	0	0	0	0	0	
312496	Temporal_Inf_L	1940	0	1758	0	0	0	1072	0	0	0	0	0	0	0	354	0	2998	0	1874	0	122	0	0	0	0	0	0	0	10428	0	0	0	1104	0	0	0	16450	0	2080	0	1452	0	0	0	0	0	802	0	0	0	7046	0	2738	0	25672	0	886	0	0	0	604	0	1150	0	246	0	1200	0	726	0	126	0	2706	0	0	0	506	0	3802	0	12336	0	7560	0	37886	0	7904	0	0	0	296	0	0	0	0	0	0	0	424	0	0	0	0	0	0	0	0	0	0	0	0	0	0	0	0	0	
241236	Temporal_Inf_R	234	2544	0	2286	0	0	0	1386	0	0	0	378	0	164	0	0	0	316	0	822	0	0	0	0	0	0	0	0	0	4600	0	0	0	298	430	1958	0	12216	0	3400	0	2118	0	986	0	3986	0	400	0	9164	0	5192	192	3296	0	13186	0	688	0	322	0	592	0	462	0	1366	1542	5476	0	1128	0	0	0	3368	0	244	0	0	0	636	0	3176	0	1654	154	27690	0	2568	0	0	0	0	0	0	0	0	0	0	0	0	0	0	0	0	0	0	0	0	0	0	0	0	0	0	0	0	
337232	Cerebelum_Crus1_L	0	0	0	0	0	0	0	0	0	0	0	0	0	0	0	0	0	0	0	0	0	0	0	0	0	0	0	0	0	0	0	0	0	0	0	0	334	0	554	0	0	0	0	264	0	0	6388	3220	134	0	136	0	254	680	13586	3228	0	0	0	0	0	0	0	0	0	0	0	0	0	0	0	0	0	0	0	0	0	0	0	0	0	0	0	0	0	0	0	0	296	0	0	1440	20426	654	338	0	18334	530	48622	4830	7464	0	13668	0	3346	282	3632	0	0	0	1264	6568	6272	1318	554	0	
359340	Cerebelum_Crus1_R	0	0	0	0	0	0	0	0	0	0	0	0	0	0	0	0	0	0	0	0	0	0	0	0	0	0	0	0	0	0	0	0	0	0	0	0	0	0	0	756	0	0	0	0	0	0	476	2270	0	0	0	0	0	1032	240	8280	0	0	0	0	0	0	0	0	0	0	0	0	0	0	0	0	0	0	0	0	0	0	0	0	0	0	0	0	0	0	0	0	0	0	1440	0	2656	17988	0	4224	446	21624	1036	51014	320	6666	794	16838	140	4084	0	2550	204	4420	6360	3728	9000	5710	5024	350	
228700	Cerebelum_Crus2_L	0	0	0	0	0	0	0	0	0	0	0	0	0	0	0	0	0	0	0	0	0	0	0	0	0	0	0	0	0	0	0	0	0	0	0	0	0	0	0	0	0	0	0	108	0	0	2196	1376	122	0	126	0	0	196	994	1092	0	0	0	0	0	0	0	0	0	0	0	0	0	0	0	0	0	0	0	0	0	0	0	0	0	0	0	0	0	0	0	0	0	0	20426	2656	0	6076	0	0	472	0	3992	2510	25680	3070	22566	3308	1986	0	0	0	0	0	150	2328	6712	5314	894	0	
193180	Cerebelum_Crus2_R	0	0	0	0	0	0	0	0	0	0	0	0	0	0	0	0	0	0	0	0	0	0	0	0	0	0	0	0	0	0	0	0	0	0	0	0	0	0	0	0	0	0	0	0	0	0	300	386	0	0	0	0	0	154	108	312	0	0	0	0	0	0	0	0	0	0	0	0	0	0	0	0	0	0	0	0	0	0	0	0	0	0	0	0	0	0	0	0	0	0	654	17988	6076	0	0	132	0	182	508	4104	3360	22308	3152	23572	0	892	0	300	0	122	0	290	4900	5476	1314	0	
18964	Cerebelum_3_L	0	0	0	0	0	0	0	0	0	0	0	0	0	0	0	0	0	0	0	0	0	0	0	0	0	0	0	0	0	0	0	0	0	0	0	0	434	0	584	0	0	0	0	0	0	0	296	0	0	0	0	0	0	0	204	0	0	0	0	0	0	0	0	0	0	0	0	0	0	0	0	0	0	0	0	0	0	0	0	0	0	0	0	0	0	0	0	0	0	0	338	0	0	0	0	0	4886	0	366	0	0	0	0	0	1180	0	0	0	566	628	0	0	0	0	0	0	
42720	Cerebelum_3_R	0	0	0	0	0	0	0	0	0	0	0	0	0	0	0	0	0	0	0	0	0	0	0	0	0	0	0	0	0	0	0	0	0	0	0	0	0	0	0	0	0	0	0	0	0	0	0	0	0	0	0	0	0	0	0	0	0	0	0	0	0	0	0	0	0	0	0	0	0	0	0	0	0	0	0	0	0	0	0	0	0	0	0	0	0	0	0	0	0	0	0	4224	0	132	0	0	0	5468	0	5216	0	0	0	0	0	872	0	0	282	5166	0	0	0	0	0	0	
184732	Cerebelum_4_5_L	0	0	0	0	0	0	0	0	0	0	0	0	0	0	0	0	0	0	0	0	0	0	0	0	0	0	0	0	0	0	0	0	0	0	0	0	916	0	1362	0	0	0	0	0	0	0	7420	1420	0	0	562	0	996	0	10176	658	0	0	0	0	0	0	0	0	0	0	124	0	0	0	0	0	0	0	0	0	0	0	0	0	0	0	0	0	0	0	0	0	0	0	18334	446	472	0	4886	0	0	1752	28460	1708	126	0	216	0	3186	224	814	0	0	220	4752	2244	0	320	458	114	
202632	Cerebelum_4_5_R	0	0	0	0	0	0	0	0	0	0	0	0	0	0	0	0	0	0	0	0	0	0	0	0	0	0	0	0	0	0	0	0	0	0	0	0	0	354	0	1708	0	0	0	114	0	0	486	3878	0	0	0	124	0	1202	268	10574	0	0	0	0	0	0	0	0	0	0	0	0	0	0	0	0	0	0	0	0	0	0	0	0	0	0	0	0	0	0	0	0	0	0	530	21624	0	182	0	5468	1752	0	1528	29308	0	0	0	188	144	638	0	0	0	5192	12842	2050	164	380	364	254	
331816	Cerebelum_6_L	0	0	0	0	0	0	0	0	0	0	0	0	0	0	0	0	0	0	0	0	0	0	0	0	0	0	0	0	0	0	0	0	0	0	0	0	604	0	708	0	0	0	0	446	0	0	13062	5808	0	0	774	0	1366	292	19288	3144	0	0	0	0	0	0	0	0	0	0	0	0	0	0	0	0	0	0	0	0	0	0	0	0	0	0	0	0	124	0	0	0	424	0	48622	1036	3992	508	366	0	28460	1528	0	5530	1920	0	3184	0	2208	404	3712	0	0	0	3834	9012	3818	944	790	0	
437432	Cerebelum_6_R	0	0	0	0	0	0	0	0	0	0	0	0	0	0	0	0	0	0	0	0	0	0	0	0	0	0	0	0	0	0	0	0	0	0	0	0	0	202	0	1092	0	0	0	538	0	0	2578	10130	0	0	0	258	0	3680	1044	20776	0	0	0	0	0	0	0	0	0	0	0	0	0	0	0	0	0	0	0	0	0	0	0	0	0	0	0	0	0	0	0	0	0	0	4830	51014	2510	4104	0	5216	1708	29308	5530	0	168	574	1040	6016	270	4752	0	2898	208	5214	13784	14676	12130	5990	5978	500	
151700	Cerebelum_7b_L	0	0	0	0	0	0	0	0	0	0	0	0	0	0	0	0	0	0	0	0	0	0	0	0	0	0	0	0	0	0	0	0	0	0	0	0	0	0	0	0	0	0	0	0	0	0	0	0	0	0	0	0	0	0	0	0	0	0	0	0	0	0	0	0	0	0	0	0	0	0	0	0	0	0	0	0	0	0	0	0	0	0	0	0	0	0	0	0	0	0	7464	320	25680	3360	0	0	126	0	1920	168	0	2452	22878	2778	1312	0	726	0	0	0	0	0	1582	4440	644	0	
126704	Cerebelum_7b_R	0	0	0	0	0	0	0	0	0	0	0	0	0	0	0	0	0	0	0	0	0	0	0	0	0	0	0	0	0	0	0	0	0	0	0	0	0	0	0	0	0	0	0	0	0	0	0	0	0	0	0	0	0	0	0	0	0	0	0	0	0	0	0	0	0	0	0	0	0	0	0	0	0	0	0	0	0	0	0	0	0	0	0	0	0	0	0	0	0	0	0	6666	3070	22308	0	0	0	0	0	574	2452	0	2162	21896	0	574	0	0	0	0	0	0	374	3084	192	0	
187700	Cerebelum_8_L	0	0	0	0	0	0	0	0	0	0	0	0	0	0	0	0	0	0	0	0	0	0	0	0	0	0	0	0	0	0	0	0	0	0	0	0	0	0	0	0	0	0	0	0	0	0	0	222	0	0	0	0	0	122	0	454	0	0	0	0	0	0	0	0	0	0	0	0	0	0	0	0	0	0	0	0	0	0	0	0	0	0	0	0	0	0	0	0	0	0	13668	794	22566	3152	0	0	216	0	3184	1040	22878	2162	0	2908	7432	146	886	0	0	0	178	894	2712	6632	1604	0	
197652	Cerebelum_8_R	0	0	0	0	0	0	0	0	0	0	0	0	0	0	0	0	0	0	0	0	0	0	0	0	0	0	0	0	0	0	0	0	0	0	0	0	0	0	0	0	0	0	0	0	0	0	0	0	0	0	0	0	0	0	0	0	0	0	0	0	0	0	0	0	0	0	0	0	0	0	0	0	0	0	0	0	0	0	0	0	0	0	0	0	0	0	0	0	0	0	0	16838	3308	23572	0	0	0	188	0	6016	2778	21896	2908	0	130	7782	0	766	0	0	0	176	2570	7070	2828	0	
55920	Cerebelum_9_L	0	0	0	0	0	0	0	0	0	0	0	0	0	0	0	0	0	0	0	0	0	0	0	0	0	0	0	0	0	0	0	0	0	0	0	0	0	0	0	0	0	0	0	0	0	0	0	0	0	0	0	0	0	0	0	0	0	0	0	0	0	0	0	0	0	0	0	0	0	0	0	0	0	0	0	0	0	0	0	0	0	0	0	0	0	0	0	0	0	0	3346	140	1986	0	1180	0	3186	144	2208	270	1312	0	7432	130	0	370	2036	0	0	0	1236	816	260	648	1030	230	
75380	Cerebelum_9_R	0	0	0	0	0	0	0	0	0	0	0	0	0	0	0	0	0	0	0	0	0	0	0	0	0	0	0	0	0	0	0	0	0	0	0	0	0	0	0	0	0	0	0	0	0	0	0	0	0	0	0	0	0	0	0	134	0	0	0	0	0	0	0	0	0	0	0	0	0	0	0	0	0	0	0	0	0	0	0	0	0	0	0	0	0	0	0	0	0	0	282	4084	0	892	0	872	224	638	404	4752	0	574	146	7782	370	0	0	1176	364	1096	1522	1862	1232	3668	4902	714	
23844	Cerebelum_10_L	0	0	0	0	0	0	0	0	0	0	0	0	0	0	0	0	0	0	0	0	0	0	0	0	0	0	0	0	0	0	0	0	0	0	0	0	0	0	0	0	0	0	0	0	0	0	0	0	0	0	0	0	0	0	0	0	0	0	0	0	0	0	0	0	0	0	0	0	0	0	0	0	0	0	0	0	0	0	0	0	0	0	0	0	0	0	0	0	0	0	3632	0	0	0	0	0	814	0	3712	0	726	0	886	0	2036	0	0	0	0	0	116	0	0	0	0	0	
16076	Cerebelum_10_R	0	0	0	0	0	0	0	0	0	0	0	0	0	0	0	0	0	0	0	0	0	0	0	0	0	0	0	0	0	0	0	0	0	0	0	0	0	0	0	0	0	0	0	0	0	0	0	0	0	0	0	0	0	0	0	0	0	0	0	0	0	0	0	0	0	0	0	0	0	0	0	0	0	0	0	0	0	0	0	0	0	0	0	0	0	0	0	0	0	0	0	2550	0	300	0	0	0	0	0	2898	0	0	0	766	0	1176	0	0	0	0	0	0	130	0	218	0	
11796	Vermis_1_2	0	0	0	0	0	0	0	0	0	0	0	0	0	0	0	0	0	0	0	0	0	0	0	0	0	0	0	0	0	0	0	0	0	0	0	0	0	0	0	0	0	0	0	0	0	0	0	0	0	0	0	0	0	0	0	0	0	0	0	0	0	0	0	0	0	0	0	0	0	0	0	0	0	0	0	0	0	0	0	0	0	0	0	0	0	0	0	0	0	0	0	204	0	0	566	282	0	0	0	208	0	0	0	0	0	364	0	0	0	4044	230	0	0	0	0	0	
55856	Vermis_3	0	0	0	0	0	0	0	0	0	0	0	0	0	0	0	0	0	0	0	0	0	0	0	0	0	0	0	0	0	0	0	0	0	0	0	0	0	0	0	0	0	0	0	0	0	0	0	0	0	0	0	0	0	0	0	0	0	0	0	0	0	0	0	0	0	0	0	0	0	0	0	0	0	0	0	0	0	0	0	0	0	0	0	0	0	0	0	0	0	0	0	4420	0	122	628	5166	220	5192	0	5214	0	0	0	0	0	1096	0	0	4044	0	1826	0	0	0	0	0	
