data	data	377884	199428	867420	704848	145480	86484	522072	252392	92820	29312	219932	201676	329548	140348	196584	82336	264752	167524	645320	823284	71608	56392	326080	301280	47340	73308	58344	55504	761888	328068	293336	461816	151052	577056	99964	125316	282376	244996	85904	166496	32256	56428	234148	395416	223328	355396	291884	333540	167664	309748	453356	221288	172512	101796	386048	463912	290876	163976	122432	75884	279236	80888	186772	111004	147100	92428	235180	362476	128648	196012	245540	313792	370844	296188	37668	17536	82372	165180	134948	27644	229984	119472	111340	58096	353836	157256	27192	35096	277860	151568	684696	576448	338288	384884	58684	48800	390432	269140	658812	534916	306316	189268	380968	308640	147156	151276	37964	13180	31724	67164	316068	281268	418016	125324	123364	22472	
data	data	Precentral_L	Precentral_R	Frontal_Sup_L	Frontal_Sup_R	Frontal_Sup_Orb_L	Frontal_Sup_Orb_R	Frontal_Mid_L	Frontal_Mid_R	Frontal_Mid_Orb_L	Frontal_Mid_Orb_R	Frontal_Inf_Oper_L	Frontal_Inf_Oper_R	Frontal_Inf_Tri_L	Frontal_Inf_Tri_R	Frontal_Inf_Orb_L	Frontal_Inf_Orb_R	Rolandic_Oper_L	Rolandic_Oper_R	Supp_Motor_Area_L	Supp_Motor_Area_R	Olfactory_L	Olfactory_R	Frontal_Sup_Medial_L	Frontal_Sup_Medial_R	Frontal_Med_Orb_L	Frontal_Med_Orb_R	Rectus_L	Rectus_R	Insula_L	Insula_R	Cingulum_Ant_L	Cingulum_Ant_R	Cingulum_Mid_L	Cingulum_Mid_R	Cingulum_Post_L	Cingulum_Post_R	Hippocampus_L	Hippocampus_R	ParaHippocampal_L	ParaHippocampal_R	Amygdala_L	Amygdala_R	Calcarine_L	Calcarine_R	Cuneus_L	Cuneus_R	Lingual_L	Lingual_R	Occipital_Sup_L	Occipital_Sup_R	Occipital_Mid_L	Occipital_Mid_R	Occipital_Inf_L	Occipital_Inf_R	Fusiform_L	Fusiform_R	Postcentral_L	Postcentral_R	Parietal_Sup_L	Parietal_Sup_R	Parietal_Inf_L	Parietal_Inf_R	SupraMarginal_L	SupraMarginal_R	Angular_L	Angular_R	Precuneus_L	Precuneus_R	Paracentral_Lobule_L	Paracentral_Lobule_R	Caudate_L	Caudate_R	Putamen_L	Putamen_R	Pallidum_L	Pallidum_R	Thalamus_L	Thalamus_R	Heschl_L	Heschl_R	Temporal_Sup_L	Temporal_Sup_R	Temporal_Pole_Sup_L	Temporal_Pole_Sup_R	Temporal_Mid_L	Temporal_Mid_R	Temporal_Pole_Mid_L	Temporal_Pole_Mid_R	Temporal_Inf_L	Temporal_Inf_R	Cerebelum_Crus1_L	Cerebelum_Crus1_R	Cerebelum_Crus2_L	Cerebelum_Crus2_R	Cerebelum_3_L	Cerebelum_3_R	Cerebelum_4_5_L	Cerebelum_4_5_R	Cerebelum_6_L	Cerebelum_6_R	Cerebelum_7b_L	Cerebelum_7b_R	Cerebelum_8_L	Cerebelum_8_R	Cerebelum_9_L	Cerebelum_9_R	Cerebelum_10_L	Cerebelum_10_R	Vermis_1_2	Vermis_3	Vermis_4_5	Vermis_6	Vermis_7	Vermis_8	Vermis_9	Vermis_10	
377884	Precentral_L	0	3158	19782	982	0	0	30290	1178	0	0	8220	178	3228	608	0	538	11906	94	10436	1350	0	0	0	0	0	0	0	0	13550	870	192	78	4456	584	2496	136	3710	0	214	0	0	0	186	0	172	0	114	0	0	0	2492	0	1204	0	536	0	25140	414	328	0	5522	0	3564	146	306	0	408	0	10832	160	234	748	4470	0	730	0	866	286	5002	0	3368	0	0	0	2018	0	0	0	1462	0	0	0	0	0	0	0	0	0	0	0	0	0	0	0	0	0	0	0	0	0	0	0	0	0	0	0	
199428	Precentral_R	3158	0	2588	9680	0	0	1736	9140	0	0	290	6368	90	836	0	0	708	2566	3822	12316	0	0	0	0	0	0	0	0	1004	1684	0	0	0	2950	0	1476	254	1426	0	402	0	0	0	1250	0	642	0	0	0	180	0	144	0	154	0	286	568	12448	0	276	0	590	0	1956	0	628	0	1602	348	4882	1042	942	644	2212	90	310	876	806	0	190	244	1536	0	0	0	1538	0	0	0	836	0	0	0	0	0	0	0	0	0	0	0	0	0	0	0	0	0	0	0	0	0	0	0	0	0	0	
867420	Frontal_Sup_L	19782	2588	0	8156	8178	0	64586	1670	3220	0	13484	3138	24730	680	7432	220	11626	1480	71904	14452	0	0	39260	3028	1666	0	462	0	36000	3962	15498	4470	6204	6992	1320	188	6020	174	438	0	0	0	0	0	0	0	0	0	0	0	0	0	0	0	642	0	5690	80	0	0	244	0	158	0	0	0	0	0	88	216	6002	2320	21126	584	3106	0	1896	602	3092	0	3606	0	604	0	0	0	0	0	646	0	0	0	0	0	0	0	0	0	0	0	0	0	0	0	0	0	0	0	0	0	0	0	0	0	0	0	
704848	Frontal_Sup_R	982	9680	8156	0	0	5072	1492	34810	0	490	1932	8592	1658	4342	344	4434	692	4616	15382	71834	0	0	9868	32662	0	2358	0	0	4998	6754	8020	34926	1368	28320	0	152	148	5934	0	1002	0	0	0	0	0	0	0	0	0	0	0	0	0	0	0	752	170	4770	0	0	0	0	0	968	0	0	0	82	390	532	2110	9768	1676	6668	0	640	376	10830	0	116	206	718	186	0	0	174	0	0	88	186	0	0	0	0	0	0	0	0	0	0	0	0	0	0	0	0	0	0	0	0	0	0	0	0	0	0	
145480	Frontal_Sup_Orb_L	0	0	8178	0	0	0	1878	0	10918	0	0	0	1426	0	9114	0	0	0	152	0	2270	352	2646	0	5098	0	7192	0	4960	80	4360	74	0	0	0	0	0	0	0	0	0	0	0	0	0	0	0	0	0	0	0	0	0	0	0	0	0	0	0	0	0	0	0	0	0	0	0	0	0	0	2826	242	9850	0	0	0	0	0	0	0	0	0	1124	0	0	0	0	0	0	0	0	0	0	0	0	0	0	0	0	0	0	0	0	0	0	0	0	0	0	0	0	0	0	0	0	0	
86484	Frontal_Sup_Orb_R	0	0	0	5072	0	0	0	5958	0	4602	0	96	0	858	0	4912	0	0	0	0	0	416	0	2730	212	6320	126	6514	0	794	184	1744	0	0	0	0	0	0	0	0	0	0	0	0	0	0	0	0	0	0	0	0	0	0	0	0	0	0	0	0	0	0	0	0	0	0	0	0	0	0	0	1092	0	1612	0	0	0	0	0	0	0	0	0	0	0	0	0	0	0	0	0	0	0	0	0	0	0	0	0	0	0	0	0	0	0	0	0	0	0	0	0	0	0	0	0	0	
522072	Frontal_Mid_L	30290	1736	64586	1492	1878	0	0	864	3950	0	9326	776	35084	808	10962	666	2762	404	8350	1912	0	0	14496	478	0	0	0	0	30916	1752	4466	916	2736	1198	1436	126	3124	0	158	0	0	0	0	0	0	0	0	0	0	0	0	0	74	0	300	0	4300	100	0	0	1820	0	982	0	0	0	0	0	130	142	1242	1066	6126	410	778	0	600	146	2840	0	1578	0	130	0	100	0	0	0	524	0	0	0	0	0	0	0	0	0	0	0	0	0	0	0	0	0	0	0	0	0	0	0	0	0	0	0	
252392	Frontal_Mid_R	1178	9140	1670	34810	0	5958	864	0	0	3028	280	6656	222	12458	104	6856	538	1580	2588	7694	0	0	1236	2166	0	0	0	0	1460	2280	292	5342	342	4320	0	0	100	614	0	214	0	0	0	0	0	0	0	0	0	0	0	0	0	0	0	294	228	1506	0	0	0	0	0	146	0	0	0	0	0	0	1780	4094	1352	1820	0	222	0	428	0	0	182	0	72	0	0	0	0	0	0	82	0	0	0	0	0	0	0	0	0	0	0	0	0	0	0	0	0	0	0	0	0	0	0	0	0	0	
92820	Frontal_Mid_Orb_L	0	0	3220	0	10918	0	3950	0	0	0	0	0	2508	0	11384	0	0	0	76	0	640	302	362	0	982	0	2014	0	2516	0	1322	0	0	0	0	0	0	0	0	0	0	0	0	0	0	0	0	0	0	0	0	0	0	0	0	0	0	0	0	0	0	0	0	0	0	0	0	0	0	0	956	162	5098	0	0	0	0	0	0	0	0	0	0	0	0	0	0	0	0	0	0	0	0	0	0	0	0	0	0	0	0	0	0	0	0	0	0	0	0	0	0	0	0	0	0	0	
29312	Frontal_Mid_Orb_R	0	0	0	490	0	4602	0	3028	0	0	0	0	0	302	0	3682	0	0	0	0	0	0	0	0	0	874	0	1214	0	162	0	106	0	0	0	0	0	0	0	0	0	0	0	0	0	0	0	0	0	0	0	0	0	0	0	0	0	0	0	0	0	0	0	0	0	0	0	0	0	0	0	116	0	80	0	0	0	0	0	0	0	0	0	0	0	0	0	0	0	0	0	0	0	0	0	0	0	0	0	0	0	0	0	0	0	0	0	0	0	0	0	0	0	0	0	0	
219932	Frontal_Inf_Oper_L	8220	290	13484	1932	0	0	9326	280	0	0	0	1662	13746	128	376	0	9812	648	8126	2154	0	0	700	296	0	0	0	0	20852	1998	310	542	214	1052	0	0	1130	102	0	0	0	0	0	0	0	0	0	0	0	0	0	0	0	0	80	88	2256	0	0	0	0	0	0	0	0	0	0	0	0	0	2466	1950	674	784	0	0	0	0	392	0	1258	0	2524	0	0	0	0	0	114	0	0	0	0	0	0	0	0	0	0	0	0	0	0	0	0	0	0	0	0	0	0	0	0	0	0	0	
201676	Frontal_Inf_Oper_R	178	6368	3138	8592	0	96	776	6656	0	0	1662	0	636	8216	176	80	1280	6878	3012	8660	0	0	0	1370	0	126	0	0	3484	17442	212	3224	0	4180	0	0	0	518	0	212	0	0	0	0	0	0	0	0	0	0	0	0	0	0	0	330	0	1004	0	0	0	0	0	158	0	0	0	0	0	0	2394	3722	872	3794	0	0	0	0	0	72	0	290	946	84	0	0	0	0	0	0	0	0	0	0	0	0	0	0	0	0	0	0	0	0	0	0	0	0	0	0	0	0	0	0	0	0	
329548	Frontal_Inf_Tri_L	3228	90	24730	1658	1426	0	35084	222	2508	0	13746	636	0	186	16202	94	484	304	6176	1406	0	0	3844	318	0	0	0	0	35582	1150	4164	726	352	1018	0	0	524	0	0	0	0	0	0	0	0	0	0	0	0	0	0	0	0	0	310	0	384	0	0	0	190	0	126	0	0	0	0	0	0	0	1844	1130	3484	324	0	0	0	0	166	0	526	0	352	0	0	0	0	0	80	0	0	0	0	0	0	0	0	0	0	0	0	0	0	0	0	0	0	0	0	0	0	0	0	0	0	0	
140348	Frontal_Inf_Tri_R	608	836	680	4342	0	858	808	12458	0	302	128	8216	186	0	100	5506	106	158	496	1502	0	0	0	1348	0	88	0	0	1012	12232	378	6258	0	1104	0	0	0	164	0	72	0	0	0	0	0	0	0	0	0	0	0	0	0	0	0	114	144	0	0	0	116	0	88	0	0	0	0	0	0	0	2176	5190	420	1812	0	0	0	168	0	0	0	0	0	0	0	0	0	0	0	0	0	0	0	0	0	0	0	0	0	0	0	0	0	0	0	0	0	0	0	0	0	0	0	0	0	0	
196584	Frontal_Inf_Orb_L	0	0	7432	344	9114	0	10962	104	11384	0	376	176	16202	100	0	0	0	86	722	192	1898	252	866	84	652	0	2252	0	17738	370	2456	176	0	92	0	0	144	0	0	0	0	0	0	0	0	0	0	0	0	0	0	0	0	0	124	0	0	0	0	0	0	0	0	0	0	0	0	0	0	0	3504	570	7632	114	0	0	0	0	0	0	134	0	1958	0	0	0	82	0	0	0	0	0	0	0	0	0	0	0	0	0	0	0	0	0	0	0	0	0	0	0	0	0	0	0	0	0	
82336	Frontal_Inf_Orb_R	538	0	220	4434	0	4912	666	6856	0	3682	0	80	94	5506	0	0	0	94	144	0	0	106	0	796	0	0	0	174	382	7006	0	1458	0	0	0	0	0	0	0	0	0	0	0	0	0	0	0	0	0	0	0	0	0	0	0	0	142	0	0	0	116	0	84	0	0	0	0	0	0	0	704	810	72	368	0	0	0	0	0	0	0	748	0	852	0	124	0	0	0	0	0	0	0	0	0	0	0	0	0	0	0	0	0	0	0	0	0	0	0	0	0	0	0	0	0	0	
264752	Rolandic_Oper_L	11906	708	11626	692	0	0	2762	538	0	0	9812	1280	484	106	0	0	0	696	9466	988	0	0	76	76	0	0	0	0	21432	2028	0	196	170	0	0	0	2096	100	0	0	0	0	0	0	0	0	0	0	0	0	1202	0	1354	0	410	82	12180	0	0	0	886	0	2896	0	106	0	0	0	802	0	2378	1322	848	746	0	0	334	0	8724	0	11452	0	2448	0	4712	0	0	0	2256	0	0	0	0	0	0	0	0	0	0	0	0	0	0	0	0	0	0	0	0	0	0	0	0	0	0	0	
167524	Rolandic_Oper_R	94	2566	1480	4616	0	0	404	1580	0	0	648	6878	304	158	86	94	696	0	1272	6866	0	0	0	572	0	0	0	0	1880	15444	0	390	0	1008	0	0	0	3002	0	1010	0	0	0	0	0	0	0	0	0	0	0	0	0	0	0	990	0	3562	0	0	0	0	0	3498	0	0	0	0	0	0	1362	2670	1388	8634	0	1098	0	574	0	2616	0	5138	338	218	0	306	0	0	0	322	0	0	0	0	0	0	0	0	0	0	0	0	0	0	0	0	0	0	0	0	0	0	0	0	0	0	
645320	Supp_Motor_Area_L	10436	3822	71904	15382	152	0	8350	2588	76	0	8126	3012	6176	496	722	144	9466	1272	0	37578	0	0	6856	2420	0	0	0	0	14304	3532	5260	8304	9184	20068	376	378	7660	780	704	82	0	0	0	80	0	0	0	0	0	0	0	0	0	0	336	0	3936	280	0	0	144	0	0	0	0	0	0	112	11610	328	6268	1798	16524	464	4450	0	8562	2930	2486	0	2266	0	290	0	0	0	0	0	186	0	0	0	0	0	0	0	0	0	0	0	0	0	0	0	0	0	0	0	0	0	0	0	0	0	0	0	
823284	Supp_Motor_Area_R	1350	12316	14452	71834	0	0	1912	7694	0	0	2154	8660	1406	1502	192	0	988	6866	37578	0	0	0	1428	11036	0	0	0	0	4840	6656	1904	14822	5484	63546	344	5054	186	6734	0	974	0	0	0	3914	0	4172	0	1140	0	1394	0	180	0	0	0	698	206	7750	0	596	160	1096	0	1882	0	324	144	9344	6402	24894	908	19496	468	3776	0	566	1782	25864	0	168	212	1244	228	0	0	338	0	0	0	306	0	0	0	0	0	0	0	0	0	0	0	0	0	0	0	0	0	0	0	0	78	0	0	0	0	0	
71608	Olfactory_L	0	0	0	0	2270	0	0	0	640	0	0	0	0	0	1898	0	0	0	0	0	0	3910	0	0	776	0	2252	560	2698	0	2686	946	0	0	0	0	352	0	278	0	386	0	0	0	0	0	0	0	0	0	0	0	0	0	304	0	0	0	0	0	0	0	0	0	0	0	0	0	0	0	7074	2902	4652	292	0	0	0	0	0	0	0	0	928	0	0	0	0	0	0	0	0	0	0	0	0	0	0	0	0	0	0	0	0	0	0	0	0	0	0	0	0	0	0	0	0	0	
56392	Olfactory_R	0	0	0	0	352	416	0	0	302	0	0	0	0	0	252	106	0	0	0	0	3910	0	0	0	0	344	588	2068	0	1510	1592	1612	0	0	0	0	0	0	0	0	0	218	0	0	0	0	0	0	0	0	0	0	0	0	0	0	0	0	0	0	0	0	0	0	0	0	0	0	0	0	5426	5016	3246	990	0	0	0	0	0	0	0	0	0	248	0	0	0	0	0	0	0	0	0	0	0	0	0	0	0	0	0	0	0	0	0	0	0	0	0	0	0	0	0	0	0	0	
326080	Frontal_Sup_Medial_L	0	0	39260	9868	2646	0	14496	1236	362	0	700	0	3844	0	866	0	76	0	6856	1428	0	0	0	17730	2828	558	330	0	4254	0	23746	15544	4272	9576	0	0	0	0	0	0	0	0	0	0	0	0	0	0	0	0	0	0	0	0	0	0	0	0	0	0	0	0	0	0	0	0	0	0	0	0	716	126	1722	0	0	0	0	0	0	0	0	0	0	0	0	0	0	0	0	0	0	0	0	0	0	0	0	0	0	0	0	0	0	0	0	0	0	0	0	0	0	0	0	0	0	0	
301280	Frontal_Sup_Medial_R	0	0	3028	32662	0	2730	478	2166	0	0	296	1370	318	1348	84	796	76	572	2420	11036	0	0	17730	0	178	6090	0	478	866	1930	7516	30010	1188	15902	0	0	0	328	0	128	0	0	0	0	0	0	0	0	0	0	0	0	0	0	0	112	0	0	0	0	0	0	0	0	0	0	0	0	0	0	320	3064	82	5338	0	0	0	0	0	0	0	0	0	0	0	0	0	0	0	0	0	0	0	0	0	0	0	0	0	0	0	0	0	0	0	0	0	0	0	0	0	0	0	0	0	0	
47340	Frontal_Med_Orb_L	0	0	1666	0	5098	212	0	0	982	0	0	0	0	0	652	0	0	0	0	0	776	0	2828	178	0	570	2616	162	386	0	4344	136	0	0	0	0	0	0	0	0	0	0	0	0	0	0	0	0	0	0	0	0	0	0	0	0	0	0	0	0	0	0	0	0	0	0	0	0	0	0	1320	0	1576	0	0	0	0	0	0	0	0	0	168	0	0	0	0	0	0	0	0	0	0	0	0	0	0	0	0	0	0	0	0	0	0	0	0	0	0	0	0	0	0	0	0	0	
73308	Frontal_Med_Orb_R	0	0	0	2358	0	6320	0	0	0	874	0	126	0	88	0	0	0	0	0	0	0	344	558	6090	570	0	76	6652	0	226	1102	5348	0	0	0	0	0	0	0	0	0	0	0	0	0	0	0	0	0	0	0	0	0	0	0	0	0	0	0	0	0	0	0	0	0	0	0	0	0	0	0	2314	0	3608	0	0	0	0	0	0	0	0	0	0	0	0	0	0	0	0	0	0	0	0	0	0	0	0	0	0	0	0	0	0	0	0	0	0	0	0	0	0	0	0	0	0	
58344	Rectus_L	0	0	462	0	7192	126	0	0	2014	0	0	0	0	0	2252	0	0	0	0	0	2252	588	330	0	2616	76	0	216	678	0	3540	328	0	0	0	0	0	0	0	0	0	0	0	0	0	0	0	0	0	0	0	0	0	0	0	0	0	0	0	0	0	0	0	0	0	0	0	0	0	0	3252	236	2542	0	0	0	0	0	0	0	0	0	472	0	0	0	0	0	0	0	0	0	0	0	0	0	0	0	0	0	0	0	0	0	0	0	0	0	0	0	0	0	0	0	0	0	
55504	Rectus_R	0	0	0	0	0	6514	0	0	0	1214	0	0	0	0	0	174	0	0	0	0	560	2068	0	478	162	6652	216	0	0	808	514	2638	0	0	0	0	0	0	0	0	0	0	0	0	0	0	0	0	0	0	0	0	0	0	0	0	0	0	0	0	0	0	0	0	0	0	0	0	0	0	652	3078	490	1462	0	0	0	0	0	0	0	0	0	72	0	0	0	0	0	0	0	0	0	0	0	0	0	0	0	0	0	0	0	0	0	0	0	0	0	0	0	0	0	0	0	0	
761888	Insula_L	13550	1004	36000	4998	4960	0	30916	1460	2516	0	20852	3484	35582	1012	17738	382	21432	1880	14304	4840	2698	0	4254	866	386	0	678	0	0	5642	5546	1616	878	2538	0	0	17640	238	1286	92	2428	0	0	0	0	0	0	0	0	0	1186	0	1442	0	7386	140	5898	82	88	0	1632	0	374	0	90	0	0	0	126	0	10528	6314	21430	2086	156	0	1854	0	13588	0	14570	0	10704	0	7348	0	100	0	9126	0	184	0	0	0	0	0	364	0	452	0	0	0	0	0	0	0	0	0	0	0	0	0	0	0	0	0	
328068	Insula_R	870	1684	3962	6754	80	794	1752	2280	0	162	1998	17442	1150	12232	370	7006	2028	15444	3532	6656	0	1510	0	1930	0	226	0	808	5642	0	410	5906	0	2570	0	0	110	6118	0	1274	0	806	0	0	0	0	0	0	0	0	0	0	0	0	0	2200	212	186	0	0	142	0	110	180	0	0	0	0	0	0	4464	6934	2284	19732	0	336	0	1240	0	2416	148	4928	1132	1610	0	858	0	0	0	1416	0	0	0	0	0	0	0	0	0	0	0	0	0	0	0	0	0	0	0	0	0	0	0	0	0	0	
293336	Cingulum_Ant_L	192	0	15498	8020	4360	184	4466	292	1322	0	310	212	4164	378	2456	0	0	0	5260	1904	2686	1592	23746	7516	4344	1102	3540	514	5546	410	0	20504	3252	3278	136	0	442	0	0	0	0	0	0	0	0	0	0	0	0	0	0	0	0	0	412	0	0	0	0	0	0	0	0	0	0	0	0	0	0	0	7792	2208	6374	1386	0	0	0	0	0	0	544	0	246	0	0	0	0	0	80	0	0	0	0	0	0	0	0	0	0	0	0	0	0	0	0	0	0	0	0	0	0	0	0	0	0	0	
461816	Cingulum_Ant_R	78	0	4470	34926	74	1744	916	5342	0	106	542	3224	726	6258	176	1458	196	390	8304	14822	946	1612	15544	30010	136	5348	328	2638	1616	5906	20504	0	2946	27712	0	0	134	722	0	226	0	0	0	0	0	0	0	0	0	0	0	0	0	0	110	178	0	0	0	0	0	0	0	0	0	0	0	0	0	0	3152	13530	1616	11934	0	0	0	0	0	0	202	0	106	0	0	0	0	0	0	0	0	0	0	0	0	0	0	0	0	0	0	0	0	0	0	0	0	0	0	0	0	0	0	0	0	0	
151052	Cingulum_Mid_L	4456	0	6204	1368	0	0	2736	342	0	0	214	0	352	0	0	0	170	0	9184	5484	0	0	4272	1188	0	0	0	0	878	0	3252	2946	0	10244	4486	404	80	0	0	0	0	0	0	254	1558	106	0	0	400	0	1694	0	0	0	0	0	230	0	570	0	272	0	0	0	0	0	3014	816	6030	1290	0	96	0	0	0	0	0	128	0	0	0	0	0	0	808	0	0	0	0	0	0	0	0	0	0	0	0	0	0	0	0	0	0	0	0	0	0	0	0	0	0	0	0	0	0	0	
577056	Cingulum_Mid_R	584	2950	6992	28320	0	0	1198	4320	0	0	1052	4180	1018	1104	92	0	0	1008	20068	63546	0	0	9576	15902	0	0	0	0	2538	2570	3278	27712	10244	0	1056	5324	0	1134	0	592	0	0	0	6652	0	6732	0	1116	0	1496	0	170	0	0	0	476	0	5128	0	626	0	792	0	212	0	198	802	15246	3554	20656	194	2256	98	1146	0	0	608	3570	0	0	126	0	0	0	0	144	0	0	0	94	0	0	0	0	0	0	0	0	0	0	0	0	0	0	0	0	0	0	0	0	78	0	0	0	0	0	
99964	Cingulum_Post_L	2496	0	1320	0	0	0	1436	0	0	0	0	0	0	0	0	0	0	0	376	344	0	0	0	0	0	0	0	0	0	0	136	0	4486	1056	0	4956	4434	1982	2946	1130	0	0	3550	330	1406	332	2870	100	128	0	668	0	334	0	690	466	116	0	0	0	160	0	88	0	0	0	6792	1352	1230	130	0	0	124	0	0	0	312	834	0	0	0	0	0	0	488	0	0	0	384	0	0	0	0	0	0	0	0	0	0	0	0	0	0	0	0	0	0	0	0	0	0	0	0	0	0	0	
125316	Cingulum_Post_R	136	1476	188	152	0	0	126	0	0	0	0	0	0	0	0	0	0	0	378	5054	0	0	0	0	0	0	0	0	0	0	0	0	404	5324	4956	0	2146	4204	576	1726	0	0	0	2806	0	3190	0	2872	0	728	0	764	0	362	0	712	0	242	0	404	0	1074	0	1386	0	746	436	10576	0	3556	0	348	160	0	0	0	942	2072	0	0	0	424	0	0	0	1042	0	0	0	880	0	0	0	0	0	0	0	0	0	0	0	0	0	0	0	0	0	0	0	0	90	0	0	0	0	0	
282376	Hippocampus_L	3710	254	6020	148	0	0	3124	100	0	0	1130	0	524	0	144	0	2096	0	7660	186	352	0	0	0	0	0	0	0	17640	110	442	134	80	0	4434	2146	0	2146	10760	1134	5266	0	2266	0	148	0	2560	88	0	0	0	0	0	0	15542	456	86	0	0	0	0	0	0	0	0	0	3098	458	690	0	724	94	13026	0	1514	0	5910	1182	3220	0	4888	0	2254	0	1836	0	0	0	9066	0	422	0	0	0	0	0	1000	0	920	0	0	0	0	0	0	0	0	0	0	0	0	0	0	0	0	0	
244996	Hippocampus_R	0	1426	174	5934	0	0	0	614	0	0	102	518	0	164	0	0	100	3002	780	6734	0	0	0	328	0	0	0	0	238	6118	0	722	0	1134	1982	4204	2146	0	604	21820	0	7662	0	272	0	132	0	1476	0	72	0	0	0	0	0	21100	0	184	0	0	0	0	0	0	0	0	88	2344	0	350	302	378	306	16004	0	884	504	4340	0	736	0	870	78	184	0	1124	0	0	0	3728	0	0	0	0	0	0	0	442	0	0	0	0	0	0	0	0	0	0	0	0	94	0	0	0	0	0	
85904	ParaHippocampal_L	214	0	438	0	0	0	158	0	0	0	0	0	0	0	0	0	0	0	704	0	278	0	0	0	0	0	0	0	1286	0	0	0	0	0	2946	576	10760	604	0	354	1190	0	1788	0	126	0	3270	142	0	0	104	0	0	0	6882	0	0	0	0	0	0	0	0	0	0	0	2580	344	0	0	0	0	1692	0	186	0	818	240	206	0	0	0	494	0	0	0	72	0	1472	0	446	0	0	0	92	0	1216	0	1274	0	0	0	0	0	0	0	0	0	0	0	0	0	0	0	0	0	
166496	ParaHippocampal_R	0	402	0	1002	0	0	0	214	0	0	0	212	0	72	0	0	0	1010	82	974	0	0	0	128	0	0	0	0	92	1274	0	226	0	592	1130	1726	1134	21820	354	0	0	7472	0	360	0	0	0	2500	0	0	0	0	0	232	0	20522	0	0	0	0	0	0	0	0	0	0	0	1752	0	0	124	128	122	8618	0	526	0	1320	0	104	0	124	0	2252	0	356	0	1564	0	1460	0	0	0	0	0	0	0	1154	0	114	0	0	0	0	0	0	0	0	0	0	0	0	0	0	0	0	
32256	Amygdala_L	0	0	0	0	0	0	0	0	0	0	0	0	0	0	0	0	0	0	0	0	386	0	0	0	0	0	0	0	2428	0	0	0	0	0	0	0	5266	0	1190	0	0	0	0	0	0	0	0	0	0	0	0	0	0	0	3572	0	0	0	0	0	0	0	0	0	0	0	0	0	0	0	0	0	766	0	0	0	0	0	0	0	574	0	1228	0	0	0	0	0	718	0	0	0	0	0	0	0	0	0	0	0	0	0	0	0	0	0	0	0	0	0	0	0	0	0	0	0	
56428	Amygdala_R	0	0	0	0	0	0	0	0	0	0	0	0	0	0	0	0	0	0	0	0	0	218	0	0	0	0	0	0	0	806	0	0	0	0	0	0	0	7662	0	7472	0	0	0	0	0	0	0	0	0	0	0	0	0	0	0	6528	0	0	0	0	0	0	0	0	0	0	0	0	0	0	0	0	0	3180	0	0	0	0	0	0	0	0	0	1340	0	80	0	312	0	470	0	0	0	0	0	0	0	146	0	0	0	0	0	0	0	0	0	0	0	0	0	0	0	0	0	0	
234148	Calcarine_L	186	0	0	0	0	0	0	0	0	0	0	0	0	0	0	0	0	0	0	0	0	0	0	0	0	0	0	0	0	0	0	0	0	0	3550	0	2266	0	1788	0	0	0	0	8718	12848	5068	20044	3544	8132	1668	21228	476	5630	0	2706	86	328	0	144	0	508	0	292	0	388	0	13442	916	282	0	0	0	0	0	0	0	0	0	0	0	0	0	0	0	1790	0	0	0	926	0	0	0	0	0	0	0	0	0	120	0	0	0	0	0	0	0	0	0	0	0	0	0	0	0	0	0	
395416	Calcarine_R	0	1250	0	0	0	0	0	0	0	0	0	0	0	0	0	0	0	0	80	3914	0	0	0	0	0	0	0	0	0	0	0	0	254	6652	330	2806	0	272	0	360	0	0	8718	0	5726	30524	2782	28706	172	27586	74	17620	0	6866	0	7696	0	1226	0	84	0	234	0	0	0	1054	1322	24348	128	4532	0	182	0	0	0	0	160	832	0	74	0	0	0	0	0	5478	0	0	0	3062	0	1266	0	0	0	0	0	136	226	390	0	0	0	0	0	0	0	0	0	0	250	336	0	0	0	0	
223328	Cuneus_L	172	0	0	0	0	0	0	0	0	0	0	0	0	0	0	0	0	0	0	0	0	0	0	0	0	0	0	0	0	0	0	0	1558	0	1406	0	148	0	126	0	0	0	12848	5726	0	9356	3054	670	23406	3966	18270	426	1442	0	262	0	660	0	2374	0	1218	0	224	0	286	0	18554	1530	244	0	0	0	0	0	0	0	0	0	0	0	0	0	0	0	3348	0	0	0	390	0	0	0	0	0	0	0	0	0	0	0	0	0	0	0	0	0	0	0	0	0	0	0	0	0	0	0	
355396	Cuneus_R	0	642	0	0	0	0	0	0	0	0	0	0	0	0	0	0	0	0	0	4172	0	0	0	0	0	0	0	0	0	0	0	0	106	6732	332	3190	0	132	0	0	0	0	5068	30524	9356	0	566	10040	378	36552	110	13330	0	1000	0	2226	0	3770	0	3840	0	1026	0	422	0	476	4272	31650	110	5200	0	148	0	0	0	0	152	780	0	0	0	90	0	0	0	580	0	0	0	294	0	432	0	0	0	0	0	0	0	0	0	0	0	0	0	0	0	0	0	0	0	0	0	0	0	0	
291884	Lingual_L	114	0	0	0	0	0	0	0	0	0	0	0	0	0	0	0	0	0	0	0	0	0	0	0	0	0	0	0	0	0	0	0	0	0	2870	0	2560	0	3270	0	0	0	20044	2782	3054	566	0	5578	3836	496	16808	158	10606	582	16004	2826	302	0	120	0	214	0	0	0	100	0	6412	292	200	0	0	0	0	0	0	0	0	0	0	0	0	0	0	0	310	0	0	0	1502	0	4248	2420	204	96	178	348	7478	3244	7936	5692	0	0	0	0	0	150	0	0	292	574	5986	4472	754	0	264	0	
333540	Lingual_R	0	0	0	0	0	0	0	0	0	0	0	0	0	0	0	0	0	0	0	1140	0	0	0	0	0	0	0	0	0	0	0	0	0	1116	100	2872	88	1476	142	2500	0	0	3544	28706	670	10040	5578	0	0	14792	0	7614	372	5496	1348	21850	0	0	0	0	0	0	0	0	0	0	542	11812	0	924	0	86	0	0	0	0	0	436	0	0	0	0	0	0	0	636	0	0	162	1210	2148	4918	0	0	130	0	2572	3460	6704	8424	0	0	0	0	120	82	0	0	0	0	4538	7770	566	0	86	0	
167664	Occipital_Sup_L	0	0	0	0	0	0	0	0	0	0	0	0	0	0	0	0	0	0	0	0	0	0	0	0	0	0	0	0	0	0	0	0	400	0	128	0	0	0	0	0	0	0	8132	172	23406	378	3836	0	0	0	30494	0	3750	0	370	0	86	0	5326	0	1036	0	0	0	158	0	5746	178	0	0	0	0	0	0	0	0	0	0	0	0	0	0	0	0	158	0	0	0	0	0	78	0	0	0	0	0	0	0	0	0	0	0	0	0	0	0	0	0	0	0	0	0	0	0	0	0	
309748	Occipital_Sup_R	0	180	0	0	0	0	0	0	0	0	0	0	0	0	0	0	0	0	0	1394	0	0	0	0	0	0	0	0	0	0	0	0	0	1496	0	728	0	72	0	0	0	0	1668	27586	3966	36552	496	14792	0	0	0	30016	0	3902	0	5130	0	1178	0	2828	0	662	0	0	0	3700	1728	12716	0	1830	0	0	0	0	0	0	0	0	0	0	0	0	0	0	0	368	0	0	0	170	0	1256	0	0	0	0	0	0	0	268	0	0	0	0	0	0	0	0	0	0	0	192	0	0	0	0	
453356	Occipital_Mid_L	2492	0	0	0	0	0	0	0	0	0	0	0	0	0	0	0	1202	0	0	0	0	0	0	0	0	0	0	0	1186	0	0	0	1694	0	668	0	0	0	104	0	0	0	21228	74	18270	110	16808	0	30494	0	0	0	19278	0	6254	0	1160	0	12406	0	14678	0	5952	0	19688	0	13488	0	2522	0	0	0	0	0	0	0	0	0	1150	0	544	0	0	0	26722	0	0	0	8346	0	160	0	0	0	0	0	0	0	0	0	0	0	0	0	0	0	0	0	0	0	0	0	0	0	0	0	
221288	Occipital_Mid_R	0	144	0	0	0	0	0	0	0	0	0	0	0	0	0	0	0	0	0	180	0	0	0	0	0	0	0	0	0	0	0	0	0	170	0	764	0	0	0	0	0	0	476	17620	426	13330	158	7614	0	30016	0	0	0	6474	0	3736	0	232	0	1460	0	1126	0	0	0	8318	84	5128	0	282	0	0	0	0	0	0	0	0	0	0	0	484	0	0	0	10244	0	0	0	946	0	862	0	0	0	0	0	0	0	210	0	0	0	0	0	0	0	0	0	0	0	160	0	0	0	0	
172512	Occipital_Inf_L	1204	0	0	0	0	0	74	0	0	0	0	0	0	0	0	0	1354	0	0	0	0	0	0	0	0	0	0	0	1442	0	0	0	0	0	334	0	0	0	0	0	0	0	5630	0	1442	0	10606	372	3750	0	19278	0	0	0	11166	334	584	0	0	0	1286	0	1078	0	1380	0	1802	0	556	0	0	0	0	0	0	0	0	0	1516	0	208	0	0	0	5632	0	0	0	10072	0	474	116	0	0	0	0	894	328	1344	526	0	0	0	0	0	0	0	0	0	94	856	524	0	0	0	0	
101796	Occipital_Inf_R	0	154	0	0	0	0	0	0	0	0	0	0	0	0	0	0	0	0	0	0	0	0	0	0	0	0	0	0	0	0	0	0	0	0	0	362	0	0	0	232	0	0	0	6866	0	1000	582	5496	0	3902	0	6474	0	0	288	8978	0	0	0	0	0	0	0	0	0	0	0	1604	0	0	0	0	0	0	0	0	0	0	0	0	0	0	0	0	0	820	0	0	0	4364	488	256	0	0	0	0	406	642	1282	3290	0	0	0	0	0	0	0	0	0	0	954	2288	170	0	0	0	
386048	Fusiform_L	536	0	642	0	0	0	300	0	0	0	80	0	310	0	124	0	410	0	336	0	304	0	0	0	0	0	0	0	7386	0	412	110	0	0	690	0	15542	0	6882	0	3572	0	2706	0	262	0	16004	1348	370	0	6254	0	11166	288	0	1466	280	0	0	0	90	0	0	0	0	0	1680	0	140	0	474	0	2624	0	0	0	228	0	1412	0	2428	0	2278	0	1520	0	828	0	16646	0	22856	1820	750	790	386	124	15220	1132	30064	2686	282	0	458	74	464	228	138	0	110	206	2756	2340	1532	196	284	0	
463912	Fusiform_R	0	286	0	752	0	0	0	294	0	0	88	330	0	114	0	0	82	990	0	698	0	0	0	112	0	0	0	0	140	2200	0	178	0	476	466	712	456	21100	0	20522	0	6528	86	7696	0	2226	2826	21850	0	5130	0	3736	334	8978	1466	0	0	0	0	0	0	0	0	0	0	0	96	3212	0	0	158	100	118	10122	0	266	0	682	0	238	0	1544	74	5806	0	2090	0	3840	164	13028	2766	13254	114	604	0	318	2842	12316	6378	22282	322	0	566	274	96	0	0	0	0	134	8384	7618	1298	0	0	0	
290876	Postcentral_L	25140	568	5690	170	0	0	4300	228	0	0	2256	0	384	144	0	142	12180	0	3936	206	0	0	0	0	0	0	0	0	5898	212	0	0	230	0	116	0	86	0	0	0	0	0	328	0	660	0	302	0	86	0	1160	0	584	0	280	0	0	138	7866	0	27676	0	17162	0	1662	0	3336	0	3694	0	0	340	0	0	0	0	0	0	3830	0	7964	0	0	0	5576	0	0	0	908	0	0	0	0	0	0	0	0	0	0	0	0	0	0	0	0	0	0	0	0	0	0	0	0	0	0	0	
163976	Postcentral_R	414	12448	80	4770	0	0	100	1506	0	0	0	1004	0	0	0	0	0	3562	280	7750	0	0	0	0	0	0	0	0	82	186	0	0	0	5128	0	242	0	184	0	0	0	0	0	1226	0	3770	0	0	0	1178	0	232	0	0	0	0	138	0	0	5334	0	5278	0	9904	0	326	0	6878	226	7902	232	184	344	552	0	168	0	138	0	0	0	242	0	0	0	0	0	0	0	0	0	0	0	0	0	0	0	0	0	0	0	0	0	0	0	0	0	0	0	0	0	0	0	0	0	0	
122432	Parietal_Sup_L	328	0	0	0	0	0	0	0	0	0	0	0	0	0	0	0	0	0	0	0	0	0	0	0	0	0	0	0	88	0	0	0	570	0	0	0	0	0	0	0	0	0	144	0	2374	0	120	0	5326	0	12406	0	0	0	0	0	7866	0	0	0	16906	0	218	0	2034	0	9506	0	1620	0	0	0	0	0	0	0	0	0	0	0	148	0	0	0	1116	0	0	0	446	0	0	0	0	0	0	0	0	0	0	0	0	0	0	0	0	0	0	0	0	0	0	0	0	0	0	0	
75884	Parietal_Sup_R	0	276	0	0	0	0	0	0	0	0	0	0	0	0	0	0	0	0	0	596	0	0	0	0	0	0	0	0	0	0	0	0	0	626	0	404	0	0	0	0	0	0	0	84	0	3840	0	0	0	2828	0	1460	0	0	0	0	0	5334	0	0	0	6954	0	1972	0	2444	116	9162	0	1846	0	0	0	0	0	0	0	0	0	0	0	0	0	0	0	0	0	0	0	0	0	0	0	0	0	0	0	0	0	0	0	0	0	0	0	0	0	0	0	0	0	0	0	0	0	0	
279236	Parietal_Inf_L	5522	0	244	0	0	0	1820	0	0	0	0	0	190	116	0	116	886	0	144	160	0	0	0	0	0	0	0	0	1632	142	0	0	272	0	160	0	0	0	0	0	0	0	508	0	1218	0	214	0	1036	0	14678	0	1286	0	90	0	27676	0	16906	0	0	0	25096	0	17766	0	3424	0	1812	0	0	0	0	0	0	0	0	0	968	0	1890	0	0	0	9934	0	0	0	3712	0	0	0	0	0	0	0	0	0	0	0	0	0	0	0	0	0	0	0	0	0	0	0	0	0	0	0	
80888	Parietal_Inf_R	0	590	0	0	0	0	0	0	0	0	0	0	0	0	0	0	0	0	0	1096	0	0	0	0	0	0	0	0	0	0	0	0	0	792	0	1074	0	0	0	0	0	0	0	234	0	1026	0	0	0	662	0	1126	0	0	0	0	0	5278	0	6954	0	0	0	9016	0	8844	0	1210	0	1346	0	0	0	0	0	0	0	0	0	0	0	170	0	0	0	560	0	0	0	466	0	0	0	0	0	0	0	0	0	0	0	0	0	0	0	0	0	0	0	0	0	0	0	0	0	0	
186772	SupraMarginal_L	3564	0	158	0	0	0	982	0	0	0	0	0	126	88	0	84	2896	0	0	0	0	0	0	0	0	0	0	0	374	110	0	0	0	0	88	0	0	0	0	0	0	0	292	0	224	0	0	0	0	0	5952	0	1078	0	0	0	17162	0	218	0	25096	0	0	0	11718	0	370	0	476	0	0	0	0	0	0	0	0	0	102	0	6626	0	0	0	12412	0	0	0	3190	0	0	0	0	0	0	0	0	0	0	0	0	0	0	0	0	0	0	0	0	0	0	0	0	0	0	0	
111004	SupraMarginal_R	146	1956	0	968	0	0	0	146	0	0	0	158	0	0	0	0	0	3498	0	1882	0	0	0	0	0	0	0	0	0	180	0	0	0	212	0	1386	0	0	0	0	0	0	0	0	0	422	0	0	0	0	0	0	0	0	0	0	0	9904	0	1972	0	9016	0	0	0	6846	0	464	0	1064	0	0	0	98	0	0	0	158	0	132	0	9770	0	0	0	4080	0	0	0	1044	0	0	0	0	0	0	0	0	0	0	0	0	0	0	0	0	0	0	0	0	0	0	0	0	0	0	
147100	Angular_L	306	0	0	0	0	0	0	0	0	0	0	0	0	0	0	0	106	0	0	0	0	0	0	0	0	0	0	0	90	0	0	0	0	0	0	0	0	0	0	0	0	0	388	0	286	0	100	0	158	0	19688	0	1380	0	0	0	1662	0	2034	0	17766	0	11718	0	0	0	574	0	280	0	0	0	0	0	0	0	0	0	80	0	1380	0	0	0	12084	0	0	0	3470	0	0	0	0	0	0	0	0	0	0	0	0	0	0	0	0	0	0	0	0	0	0	0	0	0	0	0	
92428	Angular_R	0	628	0	0	0	0	0	0	0	0	0	0	0	0	0	0	0	0	0	324	0	0	0	0	0	0	0	0	0	0	0	0	0	198	0	746	0	0	0	0	0	0	0	1054	0	476	0	0	0	3700	0	8318	0	0	0	0	0	326	0	2444	0	8844	0	6846	0	0	0	908	0	318	0	0	0	0	0	0	0	0	0	0	0	3168	0	0	0	7162	0	0	0	754	0	0	0	0	0	0	0	0	0	0	0	0	0	0	0	0	0	0	0	0	0	0	0	0	0	0	
235180	Precuneus_L	408	0	0	0	0	0	0	0	0	0	0	0	0	0	0	0	0	0	0	144	0	0	0	0	0	0	0	0	0	0	0	0	3014	802	6792	436	3098	88	2580	0	0	0	13442	1322	18554	4272	6412	542	5746	1728	13488	84	1802	0	1680	96	3336	0	9506	116	3424	0	370	0	574	0	0	5922	2128	146	0	0	0	0	0	0	0	0	0	0	0	0	0	0	3932	0	0	0	1606	0	0	0	0	0	0	0	0	0	0	0	0	0	0	0	0	0	0	0	0	0	0	0	0	0	0	0	
362476	Precuneus_R	0	1602	0	82	0	0	0	0	0	0	0	0	0	0	0	0	0	0	112	9344	0	0	0	0	0	0	0	0	0	0	0	0	816	15246	1352	10576	458	2344	344	1752	0	0	916	24348	1530	31650	292	11812	178	12716	0	5128	0	1604	0	3212	0	6878	0	9162	0	1210	0	464	0	908	5922	0	296	11504	0	362	0	0	0	0	314	1802	0	0	0	116	0	0	0	2578	0	0	0	1846	0	0	0	0	0	0	0	158	0	0	0	0	0	0	0	0	0	0	0	0	304	0	0	0	0	0	
128648	Paracentral_Lobule_L	10832	348	88	390	0	0	130	0	0	0	0	0	0	0	0	0	802	0	11610	6402	0	0	0	0	0	0	0	0	126	0	0	0	6030	3554	1230	0	690	0	0	0	0	0	282	128	244	110	200	0	0	0	2522	0	556	0	140	0	3694	226	1620	0	1812	0	476	0	280	0	2128	296	0	1622	204	242	236	0	0	0	1020	594	0	0	818	0	0	0	1948	0	0	0	694	0	0	0	0	0	0	0	0	0	0	0	0	0	0	0	0	0	0	0	0	0	0	0	0	0	0	0	
196012	Paracentral_Lobule_R	160	4882	216	532	0	0	142	0	0	0	0	0	0	0	0	0	0	0	328	24894	0	0	0	0	0	0	0	0	0	0	0	0	1290	20656	130	3556	0	350	0	0	0	0	0	4532	0	5200	0	924	0	1830	0	282	0	0	0	0	0	7902	0	1846	0	1346	0	1064	0	318	146	11504	1622	0	0	272	0	0	0	0	218	1108	0	0	0	524	0	0	0	130	0	0	0	102	0	0	0	0	0	0	0	0	0	0	0	0	0	0	0	0	0	0	0	0	0	0	0	0	0	0	
245540	Caudate_L	234	1042	6002	2110	2826	0	1242	1780	956	0	2466	2394	1844	2176	3504	704	2378	1362	6268	908	7074	5426	716	320	1320	0	3252	652	10528	4464	7792	3152	0	194	0	0	724	302	0	124	0	0	0	0	0	0	0	0	0	0	0	0	0	0	474	158	0	232	0	0	0	0	0	0	0	0	0	0	204	0	0	10966	15490	2168	658	0	3280	248	0	0	802	0	1774	0	0	0	0	0	80	0	0	0	0	0	0	0	0	0	0	0	0	0	0	0	0	0	0	0	0	0	0	0	0	0	0	0	
313792	Caudate_R	748	942	2320	9768	242	1092	1066	4094	162	116	1950	3722	1130	5190	570	810	1322	2670	1798	19496	2902	5016	126	3064	0	2314	236	3078	6314	6934	2208	13530	96	2256	0	348	94	378	0	128	0	0	0	182	0	148	0	86	0	0	0	0	0	0	0	100	340	184	0	0	0	0	0	0	0	0	0	362	242	272	10966	0	3988	15650	0	1218	80	13680	0	194	138	228	608	0	0	0	0	0	0	0	0	0	0	0	0	0	0	0	0	0	0	0	0	0	0	0	0	0	0	0	0	0	0	0	0	0	
370844	Putamen_L	4470	644	21126	1676	9850	0	6126	1352	5098	0	674	872	3484	420	7632	72	848	1388	16524	468	4652	3246	1722	82	1576	0	2542	490	21430	2284	6374	1616	0	98	124	160	13026	306	1692	122	766	0	0	0	0	0	0	0	0	0	0	0	0	0	2624	118	0	344	0	0	0	0	0	0	0	0	0	0	236	0	15490	3988	0	1410	5786	0	3086	194	944	0	2120	0	3398	0	0	0	0	0	552	0	0	0	0	0	0	0	100	0	0	0	0	0	0	0	0	0	0	0	0	0	0	0	0	0	0	0	
296188	Putamen_R	0	2212	584	6668	0	1612	410	1820	0	80	784	3794	324	1812	114	368	746	8634	464	3776	292	990	0	5338	0	3608	0	1462	2086	19732	1386	11934	0	1146	0	0	0	16004	0	8618	0	3180	0	0	0	0	0	0	0	0	0	0	0	0	0	10122	0	552	0	0	0	0	0	98	0	0	0	0	0	0	2168	15650	1410	0	0	2424	0	1960	0	606	0	940	440	138	0	76	0	0	0	1422	0	0	0	0	0	0	0	110	0	0	0	0	0	0	0	0	0	0	0	0	0	0	0	0	0	0	
37668	Pallidum_L	730	90	3106	0	0	0	778	0	0	0	0	0	0	0	0	0	0	0	4450	0	0	0	0	0	0	0	0	0	156	0	0	0	0	0	0	0	1514	0	186	0	0	0	0	0	0	0	0	0	0	0	0	0	0	0	0	0	0	0	0	0	0	0	0	0	0	0	0	0	0	0	658	0	5786	0	0	0	1380	0	0	0	0	0	0	0	0	0	0	0	0	0	0	0	0	0	0	0	0	0	0	0	0	0	0	0	0	0	0	0	0	0	0	0	0	0	0	0	
17536	Pallidum_R	0	310	0	640	0	0	0	222	0	0	0	0	0	0	0	0	0	1098	0	566	0	0	0	0	0	0	0	0	0	336	0	0	0	0	0	0	0	884	0	526	0	0	0	0	0	0	0	0	0	0	0	0	0	0	0	266	0	168	0	0	0	0	0	0	0	0	0	0	0	0	0	1218	0	2424	0	0	0	0	0	0	0	110	0	0	0	0	0	0	0	0	0	0	0	0	0	0	0	0	0	0	0	0	0	0	0	0	0	0	0	0	0	0	0	0	0	0	
82372	Thalamus_L	866	876	1896	376	0	0	600	0	0	0	0	0	0	0	0	0	334	0	8562	1782	0	0	0	0	0	0	0	0	1854	0	0	0	0	608	312	942	5910	504	818	0	0	0	0	160	0	152	0	0	0	0	0	0	0	0	228	0	0	0	0	0	0	0	0	0	0	0	0	314	1020	218	3280	80	3086	0	1380	0	0	2140	116	0	968	0	0	0	696	0	0	0	1108	0	0	0	0	0	0	0	0	0	0	0	0	0	0	0	0	0	0	0	0	0	0	0	0	0	0	0	
165180	Thalamus_R	286	806	602	10830	0	0	146	428	0	0	0	0	0	168	0	0	0	574	2930	25864	0	0	0	0	0	0	0	0	0	1240	0	0	128	3570	834	2072	1182	4340	240	1320	0	0	0	832	0	780	0	436	0	0	0	0	0	0	0	682	0	138	0	0	0	0	0	158	0	0	0	1802	594	1108	248	13680	194	1960	0	0	2140	0	0	0	0	278	0	0	0	0	0	0	0	0	0	0	0	0	0	0	0	0	0	0	0	0	0	0	0	0	0	0	0	0	0	0	0	0	0	0	
134948	Heschl_L	5002	0	3092	0	0	0	2840	0	0	0	392	0	166	0	0	0	8724	0	2486	0	0	0	0	0	0	0	0	0	13588	0	0	0	0	0	0	0	3220	0	206	0	0	0	0	0	0	0	0	0	0	0	1150	0	1516	0	1412	0	3830	0	0	0	968	0	102	0	80	0	0	0	0	0	0	0	944	0	0	0	116	0	0	0	4964	0	0	0	7706	0	0	0	4970	0	0	0	0	0	0	0	0	0	0	0	0	0	0	0	0	0	0	0	0	0	0	0	0	0	0	0	
27644	Heschl_R	0	190	0	116	0	0	0	0	0	0	0	72	0	0	0	0	0	2616	0	168	0	0	0	0	0	0	0	0	0	2416	0	0	0	0	0	0	0	736	0	104	0	0	0	74	0	0	0	0	0	0	0	0	0	0	0	238	0	0	0	0	0	0	0	132	0	0	0	0	0	0	0	194	0	606	0	0	0	0	0	0	0	3818	0	80	0	1354	0	0	0	908	0	0	0	0	0	0	0	0	0	0	0	0	0	0	0	0	0	0	0	0	0	0	0	0	0	0	
229984	Temporal_Sup_L	3368	244	3606	206	0	0	1578	182	0	0	1258	0	526	0	134	0	11452	0	2266	212	0	0	0	0	0	0	0	0	14570	148	544	202	0	126	0	0	4888	0	0	0	574	0	0	0	0	0	0	0	0	0	544	0	208	0	2428	0	7964	0	148	0	1890	0	6626	0	1380	0	0	0	818	0	802	138	2120	0	0	0	968	0	4964	0	0	0	3508	0	25348	0	208	0	8846	0	0	0	0	0	0	0	0	0	0	0	0	0	0	0	0	0	0	0	0	0	0	0	0	0	0	0	
119472	Temporal_Sup_R	0	1536	0	718	0	0	0	0	0	0	0	290	0	0	0	748	0	5138	0	1244	0	0	0	0	0	0	0	0	0	4928	0	0	0	0	0	424	0	870	0	124	0	0	0	0	0	90	0	0	0	0	0	484	0	0	0	1544	0	242	0	0	0	170	0	9770	0	3168	0	116	0	524	0	228	0	940	0	110	0	278	0	3818	0	0	0	4446	0	12878	0	740	0	4170	0	0	0	0	0	0	0	0	0	0	0	0	0	0	0	0	0	0	0	0	0	0	0	0	0	0	
111340	Temporal_Pole_Sup_L	0	0	604	186	1124	0	130	72	0	0	2524	946	352	0	1958	0	2448	338	290	228	928	0	0	0	168	0	472	0	10704	1132	246	106	0	0	0	0	2254	78	494	0	1228	0	0	0	0	0	0	0	0	0	0	0	0	0	2278	74	0	0	0	0	0	0	0	0	0	0	0	0	0	0	1774	608	3398	440	0	0	0	0	0	0	3508	0	0	0	6040	0	3932	0	4446	0	0	0	0	0	0	0	72	0	90	0	0	0	0	0	0	0	0	0	0	0	0	0	0	0	0	0	
58096	Temporal_Pole_Sup_R	0	0	0	0	0	0	0	0	0	0	0	84	0	0	0	852	0	218	0	0	0	248	0	0	0	0	0	72	0	1610	0	0	0	0	0	0	0	184	0	2252	0	1340	0	0	0	0	0	0	0	0	0	0	0	0	0	5806	0	0	0	0	0	0	0	0	0	0	0	0	0	0	0	0	0	138	0	0	0	0	0	80	0	4446	0	0	0	2294	0	5736	0	3688	0	0	0	0	0	0	0	0	0	0	0	0	0	0	0	0	0	0	0	0	0	0	0	0	0	0	
353836	Temporal_Mid_L	2018	0	0	0	0	0	100	0	0	0	0	0	0	0	0	0	4712	0	0	0	0	0	0	0	0	0	0	0	7348	0	0	0	808	0	488	0	1836	0	0	0	0	0	1790	0	3348	0	310	0	158	0	26722	0	5632	0	1520	0	5576	0	1116	0	9934	0	12412	0	12084	0	3932	0	1948	0	0	0	0	0	0	0	696	0	7706	0	25348	0	6040	0	0	0	4278	0	29058	0	0	0	0	0	0	0	0	0	0	0	0	0	0	0	0	0	0	0	0	0	0	0	0	0	0	0	
157256	Temporal_Mid_R	0	1538	0	174	0	0	0	0	0	0	0	0	0	0	0	124	0	306	0	338	0	0	0	0	0	0	0	0	0	858	0	0	0	144	0	1042	0	1124	0	356	0	80	0	5478	0	580	0	636	0	368	0	10244	0	820	0	2090	0	0	0	0	0	560	0	4080	0	7162	0	2578	0	130	0	0	0	76	0	0	0	0	0	1354	0	12878	0	2294	0	0	0	1532	0	19684	0	0	0	0	0	0	0	0	0	0	0	0	0	0	0	0	0	0	0	0	0	0	0	0	0	0	
27192	Temporal_Pole_Mid_L	0	0	0	0	0	0	0	0	0	0	0	0	0	0	82	0	0	0	0	0	0	0	0	0	0	0	0	0	100	0	0	0	0	0	0	0	0	0	72	0	0	0	0	0	0	0	0	0	0	0	0	0	0	0	828	0	0	0	0	0	0	0	0	0	0	0	0	0	0	0	0	0	0	0	0	0	0	0	0	0	208	0	3932	0	4278	0	0	0	4096	0	0	0	0	0	0	0	0	0	0	0	0	0	0	0	0	0	0	0	0	0	0	0	0	0	0	0	
35096	Temporal_Pole_Mid_R	0	0	0	0	0	0	0	0	0	0	0	0	0	0	0	0	0	0	0	0	0	0	0	0	0	0	0	0	0	0	0	0	0	0	0	0	0	0	0	1564	0	312	0	0	0	0	0	0	0	0	0	0	0	0	0	3840	0	0	0	0	0	0	0	0	0	0	0	0	0	0	0	0	0	0	0	0	0	0	0	0	0	740	0	5736	0	1532	0	0	0	3824	0	0	0	0	0	0	0	0	0	0	0	0	0	0	0	0	0	0	0	0	0	0	0	0	0	0	
277860	Temporal_Inf_L	1462	0	646	88	0	0	524	0	0	0	114	0	80	0	0	0	2256	0	186	0	0	0	0	0	0	0	0	0	9126	0	80	0	0	0	384	0	9066	0	1472	0	718	0	926	0	390	0	1502	162	0	0	8346	0	10072	0	16646	164	908	0	446	0	3712	0	3190	0	3470	0	1606	0	694	0	80	0	552	0	0	0	1108	0	4970	0	8846	0	4446	0	29058	0	4096	0	0	0	4070	0	0	0	0	0	724	126	1728	192	0	0	0	0	0	0	0	0	0	0	316	182	0	0	0	0	
151568	Temporal_Inf_R	0	836	0	186	0	0	0	82	0	0	0	0	0	0	0	0	0	322	0	306	0	0	0	0	0	0	0	0	0	1416	0	0	0	94	0	880	0	3728	0	1460	0	470	0	3062	0	294	0	1210	0	170	0	946	0	4364	0	13028	0	0	0	0	0	466	0	1044	0	754	0	1846	0	102	0	0	0	1422	0	0	0	0	0	908	0	4170	0	3688	0	19684	0	3824	0	0	240	2310	0	242	0	0	0	162	314	846	104	0	296	108	0	0	0	0	0	0	0	0	400	0	0	0	
684696	Cerebelum_Crus1_L	0	0	0	0	0	0	0	0	0	0	0	0	0	0	0	0	0	0	0	0	0	0	0	0	0	0	0	0	184	0	0	0	0	0	0	0	422	0	446	0	0	0	0	0	0	0	4248	2148	78	0	160	0	474	488	22856	2766	0	0	0	0	0	0	0	0	0	0	0	0	0	0	0	0	0	0	0	0	0	0	0	0	0	0	0	0	0	0	0	0	4070	240	0	23618	31814	17172	1194	514	24026	3558	68396	18076	17536	2814	18100	8468	5000	2624	1882	258	614	1234	8794	11756	29096	3152	3810	262	
576448	Cerebelum_Crus1_R	0	0	0	0	0	0	0	0	0	0	0	0	0	0	0	0	0	0	0	0	0	0	0	0	0	0	0	0	0	0	0	0	0	0	0	0	0	0	0	0	0	0	0	1266	0	432	2420	4918	0	1256	0	862	116	256	1820	13254	0	0	0	0	0	0	0	0	0	0	0	0	0	0	0	0	0	0	0	0	0	0	0	0	0	0	0	0	0	0	0	0	0	2310	23618	0	7042	34576	248	2236	6282	21234	18674	51506	5620	6866	11328	15970	1288	620	614	98	166	1152	11486	10026	26146	1036	1054	428	
338288	Cerebelum_Crus2_L	0	0	0	0	0	0	0	0	0	0	0	0	0	0	0	0	0	0	0	0	0	0	0	0	0	0	0	0	0	0	0	0	0	0	0	0	0	0	0	0	0	0	0	0	0	0	204	0	0	0	0	0	0	0	750	114	0	0	0	0	0	0	0	0	0	0	0	0	0	0	0	0	0	0	0	0	0	0	0	0	0	0	0	0	0	0	0	0	0	0	31814	7042	0	16770	78	0	916	0	5606	2314	34192	7862	26958	9654	2598	564	562	72	0	0	74	634	17496	2438	432	0	
384884	Cerebelum_Crus2_R	0	0	0	0	0	0	0	0	0	0	0	0	0	0	0	0	0	0	0	0	0	0	0	0	0	0	0	0	0	0	0	0	0	0	0	0	0	0	0	0	0	0	0	0	0	0	96	0	0	0	0	0	0	0	790	604	0	0	0	0	0	0	0	0	0	0	0	0	0	0	0	0	0	0	0	0	0	0	0	0	0	0	0	0	0	0	0	0	0	242	17172	34576	16770	0	0	72	566	484	6754	5748	10734	24150	13046	29508	1126	1710	548	104	0	0	246	892	24324	1768	412	0	
58684	Cerebelum_3_L	0	0	0	0	0	0	0	0	0	0	0	0	0	0	0	0	0	0	0	0	0	0	0	0	0	0	0	0	0	0	0	0	0	0	0	0	0	0	92	0	0	0	0	0	0	0	178	130	0	0	0	0	0	0	386	0	0	0	0	0	0	0	0	0	0	0	0	0	0	0	0	0	0	0	0	0	0	0	0	0	0	0	0	0	0	0	0	0	0	0	1194	248	78	0	0	316	6992	1062	3150	510	168	0	118	0	1742	1128	162	92	1812	2936	3776	1362	0	336	904	470	
48800	Cerebelum_3_R	0	0	0	0	0	0	0	0	0	0	0	0	0	0	0	0	0	0	0	0	0	0	0	0	0	0	0	0	0	0	0	0	0	0	0	0	0	0	0	0	0	0	0	0	0	0	348	0	0	0	0	0	0	0	124	318	0	0	0	0	0	0	0	0	0	0	0	0	0	0	0	0	0	0	0	0	0	0	0	0	0	0	0	0	0	0	0	0	0	0	514	2236	0	72	316	0	1646	5654	986	4312	0	0	0	0	82	456	0	0	768	3716	2074	292	0	114	250	122	
390432	Cerebelum_4_5_L	0	0	0	0	0	0	0	0	0	0	0	0	0	0	0	0	0	0	0	0	0	0	0	0	0	0	0	0	364	0	0	0	0	0	0	0	1000	0	1216	0	0	0	0	0	0	0	7478	2572	0	0	0	0	894	406	15220	2842	0	0	0	0	0	0	0	0	0	0	0	0	0	0	0	0	100	0	0	0	0	0	0	0	0	0	72	0	0	0	0	0	724	0	24026	6282	916	566	6992	1646	0	11026	41226	10636	1042	0	960	140	5136	3740	502	466	2098	4038	24044	7706	1480	1780	4022	1858	
269140	Cerebelum_4_5_R	0	0	0	0	0	0	0	0	0	0	0	0	0	0	0	0	0	0	0	0	0	0	0	0	0	0	0	0	0	0	0	0	0	0	0	0	0	442	0	1154	0	146	0	136	0	0	3244	3460	0	0	0	0	328	642	1132	12316	0	0	0	0	0	0	0	0	0	0	0	158	0	0	0	0	0	110	0	0	0	0	0	0	0	0	0	0	0	0	0	0	126	162	3558	21234	0	484	1062	5654	11026	0	6408	32090	0	0	192	0	376	542	0	122	962	3740	20414	1596	256	148	438	712	
658812	Cerebelum_6_L	0	0	0	0	0	0	0	0	0	0	0	0	0	0	0	0	0	0	0	0	0	0	0	0	0	0	0	0	452	0	0	0	0	0	0	0	920	0	1274	0	0	0	120	226	0	0	7936	6704	0	0	0	0	1344	1282	30064	6378	0	0	0	0	0	0	0	0	0	0	0	0	0	0	0	0	0	0	0	0	0	0	0	0	0	0	90	0	0	0	0	0	1728	314	68396	18674	5606	6754	3150	986	41226	6408	0	21014	7066	240	11236	2812	5914	4244	1262	410	1146	2120	14870	19776	16722	4276	5844	422	
534916	Cerebelum_6_R	0	0	0	0	0	0	0	0	0	0	0	0	0	0	0	0	0	0	0	0	0	0	0	0	0	0	0	0	0	0	0	0	0	0	0	0	0	0	0	114	0	0	0	390	0	0	5692	8424	0	268	0	210	526	3290	2686	22282	0	0	0	0	0	0	0	0	0	0	0	0	0	0	0	0	0	0	0	0	0	0	0	0	0	0	0	0	0	0	0	0	192	846	18076	51506	2314	5748	510	4312	10636	32090	21014	0	3074	980	4946	2478	850	972	260	398	340	2152	20098	20250	14968	1706	2190	670	
306316	Cerebelum_7b_L	0	0	0	0	0	0	0	0	0	0	0	0	0	0	0	0	0	0	0	0	0	0	0	0	0	0	0	0	0	0	0	0	0	0	0	0	0	0	0	0	0	0	0	0	0	0	0	0	0	0	0	0	0	0	282	322	0	0	0	0	0	0	0	0	0	0	0	0	0	0	0	0	0	0	0	0	0	0	0	0	0	0	0	0	0	0	0	0	0	104	17536	5620	34192	10734	168	0	1042	0	7066	3074	0	6566	37314	6952	4602	484	1664	0	0	0	96	236	11390	3450	264	0	
189268	Cerebelum_7b_R	0	0	0	0	0	0	0	0	0	0	0	0	0	0	0	0	0	0	0	0	0	0	0	0	0	0	0	0	0	0	0	0	0	0	0	0	0	0	0	0	0	0	0	0	0	0	0	0	0	0	0	0	0	0	0	0	0	0	0	0	0	0	0	0	0	0	0	0	0	0	0	0	0	0	0	0	0	0	0	0	0	0	0	0	0	0	0	0	0	0	2814	6866	7862	24150	0	0	0	0	240	980	6566	0	5734	26310	272	2930	122	0	0	0	0	288	6630	2776	94	0	
380968	Cerebelum_8_L	0	0	0	0	0	0	0	0	0	0	0	0	0	0	0	0	0	0	0	0	0	0	0	0	0	0	0	0	0	0	0	0	0	0	0	0	0	0	0	0	0	0	0	0	0	0	0	0	0	0	0	0	0	0	458	566	0	0	0	0	0	0	0	0	0	0	0	0	0	0	0	0	0	0	0	0	0	0	0	0	0	0	0	0	0	0	0	0	0	296	18100	11328	26958	13046	118	0	960	192	11236	4946	37314	5734	0	10026	16414	2786	3772	0	0	0	296	352	18156	5346	2084	0	
308640	Cerebelum_8_R	0	0	0	0	0	0	0	0	0	0	0	0	0	0	0	0	0	0	0	0	0	0	0	0	0	0	0	0	0	0	0	0	0	0	0	0	0	0	0	0	0	0	0	0	0	0	0	0	0	0	0	0	0	0	74	274	0	0	0	0	0	0	0	0	0	0	0	0	0	0	0	0	0	0	0	0	0	0	0	0	0	0	0	0	0	0	0	0	0	108	8468	15970	9654	29508	0	0	140	0	2812	2478	6952	26310	10026	0	1680	17502	654	360	0	84	94	656	14426	4288	1802	0	
147156	Cerebelum_9_L	0	0	0	0	0	0	0	0	0	0	0	0	0	0	0	0	0	0	0	0	0	0	0	0	0	0	0	0	0	0	0	0	0	0	0	0	0	0	0	0	0	0	0	0	0	0	0	120	0	0	0	0	0	0	464	96	0	0	0	0	0	0	0	0	0	0	0	0	0	0	0	0	0	0	0	0	0	0	0	0	0	0	0	0	0	0	0	0	0	0	5000	1288	2598	1126	1742	82	5136	376	5914	850	4602	272	16414	1680	0	3984	4910	288	98	176	2358	3750	2464	2786	4210	794	
151276	Cerebelum_9_R	0	0	0	0	0	0	0	0	0	0	0	0	0	0	0	0	0	0	0	0	0	0	0	0	0	0	0	0	0	0	0	0	0	0	0	0	0	0	0	0	0	0	0	0	0	0	150	82	0	0	0	0	0	0	228	0	0	0	0	0	0	0	0	0	0	0	0	0	0	0	0	0	0	0	0	0	0	0	0	0	0	0	0	0	0	0	0	0	0	0	2624	620	564	1710	1128	456	3740	542	4244	972	484	2930	2786	17502	3984	0	246	1694	354	774	2864	5758	3580	6400	8034	1188	
37964	Cerebelum_10_L	0	0	0	0	0	0	0	0	0	0	0	0	0	0	0	0	0	0	0	0	0	0	0	0	0	0	0	0	0	0	0	0	0	0	0	0	0	0	0	0	0	0	0	0	0	0	0	0	0	0	0	0	0	0	138	0	0	0	0	0	0	0	0	0	0	0	0	0	0	0	0	0	0	0	0	0	0	0	0	0	0	0	0	0	0	0	0	0	0	0	1882	614	562	548	162	0	502	0	1262	260	1664	122	3772	654	4910	246	0	0	0	0	154	156	990	212	172	0	
13180	Cerebelum_10_R	0	0	0	0	0	0	0	0	0	0	0	0	0	0	0	0	0	0	0	0	0	0	0	0	0	0	0	0	0	0	0	0	0	0	0	0	0	0	0	0	0	0	0	0	0	0	0	0	0	0	0	0	0	0	0	0	0	0	0	0	0	0	0	0	0	0	0	0	0	0	0	0	0	0	0	0	0	0	0	0	0	0	0	0	0	0	0	0	0	0	258	98	72	104	92	0	466	122	410	398	0	0	0	360	288	1694	0	0	0	0	348	680	174	354	672	0	
31724	Vermis_1_2	0	0	0	0	0	0	0	0	0	0	0	0	0	0	0	0	0	0	0	0	0	0	0	0	0	0	0	0	0	0	0	0	0	0	0	0	0	0	0	0	0	0	0	0	0	0	292	0	0	0	0	0	0	0	110	0	0	0	0	0	0	0	0	0	0	0	0	0	0	0	0	0	0	0	0	0	0	0	0	0	0	0	0	0	0	0	0	0	0	0	614	166	0	0	1812	768	2098	962	1146	340	0	0	0	0	98	354	0	0	0	4430	2404	122	0	0	146	0	
67164	Vermis_3	0	0	0	0	0	0	0	0	0	0	0	0	0	0	0	0	0	0	0	0	0	0	0	0	0	0	0	0	0	0	0	0	0	0	0	0	0	0	0	0	0	0	0	0	0	0	574	0	0	0	0	0	94	0	206	134	0	0	0	0	0	0	0	0	0	0	0	0	0	0	0	0	0	0	0	0	0	0	0	0	0	0	0	0	0	0	0	0	0	0	1234	1152	0	0	2936	3716	4038	3740	2120	2152	0	0	0	84	176	774	0	0	4430	0	4950	392	0	144	378	158	
316068	Vermis_4_5	0	0	0	0	0	0	0	0	0	0	0	0	0	0	0	0	0	0	0	78	0	0	0	0	0	0	0	0	0	0	0	0	0	78	0	90	0	94	0	0	0	0	0	250	0	0	5986	4538	0	0	0	0	856	954	2756	8384	0	0	0	0	0	0	0	0	0	0	0	304	0	0	0	0	0	0	0	0	0	0	0	0	0	0	0	0	0	0	0	0	316	0	8794	11486	74	246	3776	2074	24044	20414	14870	20098	96	0	296	94	2358	2864	154	348	2404	4950	0	7568	466	654	2780	2442	
281268	Vermis_6	0	0	0	0	0	0	0	0	0	0	0	0	0	0	0	0	0	0	0	0	0	0	0	0	0	0	0	0	0	0	0	0	0	0	0	0	0	0	0	0	0	0	0	336	0	0	4472	7770	0	192	0	160	524	2288	2340	7618	0	0	0	0	0	0	0	0	0	0	0	0	0	0	0	0	0	0	0	0	0	0	0	0	0	0	0	0	0	0	0	0	182	0	11756	10026	634	892	1362	292	7706	1596	19776	20250	236	288	352	656	3750	5758	156	680	122	392	7568	0	5912	5174	8192	1226	
