data	data	593792	269968	966832	893740	128084	100908	481524	282408	78752	26104	175212	164164	237700	100484	161408	90604	177524	99560	849940	899108	77020	98400	402840	330820	40472	81752	60260	76008	541716	332908	346828	499408	175772	484088	108604	152556	216536	334392	88832	171568	32348	50248	376568	429108	260912	418648	301772	337072	241312	411268	567984	251568	238840	70852	414232	509252	267484	216956	169272	77860	197160	78944	96912	63084	167700	100848	381924	545024	260552	148360	276276	408656	380492	347768	81556	65732	151888	167444	81400	37300	165432	126972	85396	59968	232136	246024	23380	31220	308480	246076	361408	363580	285684	226440	29316	47624	234912	151388	430572	395236	219996	120788	319992	279960	107532	138664	15660	10188	37836	74856	199624	243064	168608	130888	116844	18900	
data	data	Precentral_L	Precentral_R	Frontal_Sup_L	Frontal_Sup_R	Frontal_Sup_Orb_L	Frontal_Sup_Orb_R	Frontal_Mid_L	Frontal_Mid_R	Frontal_Mid_Orb_L	Frontal_Mid_Orb_R	Frontal_Inf_Oper_L	Frontal_Inf_Oper_R	Frontal_Inf_Tri_L	Frontal_Inf_Tri_R	Frontal_Inf_Orb_L	Frontal_Inf_Orb_R	Rolandic_Oper_L	Rolandic_Oper_R	Supp_Motor_Area_L	Supp_Motor_Area_R	Olfactory_L	Olfactory_R	Frontal_Sup_Medial_L	Frontal_Sup_Medial_R	Frontal_Med_Orb_L	Frontal_Med_Orb_R	Rectus_L	Rectus_R	Insula_L	Insula_R	Cingulum_Ant_L	Cingulum_Ant_R	Cingulum_Mid_L	Cingulum_Mid_R	Cingulum_Post_L	Cingulum_Post_R	Hippocampus_L	Hippocampus_R	ParaHippocampal_L	ParaHippocampal_R	Amygdala_L	Amygdala_R	Calcarine_L	Calcarine_R	Cuneus_L	Cuneus_R	Lingual_L	Lingual_R	Occipital_Sup_L	Occipital_Sup_R	Occipital_Mid_L	Occipital_Mid_R	Occipital_Inf_L	Occipital_Inf_R	Fusiform_L	Fusiform_R	Postcentral_L	Postcentral_R	Parietal_Sup_L	Parietal_Sup_R	Parietal_Inf_L	Parietal_Inf_R	SupraMarginal_L	SupraMarginal_R	Angular_L	Angular_R	Precuneus_L	Precuneus_R	Paracentral_Lobule_L	Paracentral_Lobule_R	Caudate_L	Caudate_R	Putamen_L	Putamen_R	Pallidum_L	Pallidum_R	Thalamus_L	Thalamus_R	Heschl_L	Heschl_R	Temporal_Sup_L	Temporal_Sup_R	Temporal_Pole_Sup_L	Temporal_Pole_Sup_R	Temporal_Mid_L	Temporal_Mid_R	Temporal_Pole_Mid_L	Temporal_Pole_Mid_R	Temporal_Inf_L	Temporal_Inf_R	Cerebelum_Crus1_L	Cerebelum_Crus1_R	Cerebelum_Crus2_L	Cerebelum_Crus2_R	Cerebelum_3_L	Cerebelum_3_R	Cerebelum_4_5_L	Cerebelum_4_5_R	Cerebelum_6_L	Cerebelum_6_R	Cerebelum_7b_L	Cerebelum_7b_R	Cerebelum_8_L	Cerebelum_8_R	Cerebelum_9_L	Cerebelum_9_R	Cerebelum_10_L	Cerebelum_10_R	Vermis_1_2	Vermis_3	Vermis_4_5	Vermis_6	Vermis_7	Vermis_8	Vermis_9	Vermis_10	
593792	Precentral_L	0	2872	31102	6794	0	0	23768	244	0	0	14266	0	1076	0	0	0	11628	0	29858	13780	0	0	372	0	0	0	0	0	12542	0	2006	0	1792	2744	2202	680	6220	308	134	0	0	0	2034	0	536	0	0	0	108	0	5090	0	3582	0	4040	0	28850	1414	2804	0	4862	0	3476	0	1718	0	2284	134	22758	3552	6982	1188	10002	0	5788	0	9974	1114	3214	0	3206	0	0	0	2066	0	0	0	1732	0	0	0	0	0	0	0	0	0	0	0	0	0	0	0	0	0	0	0	0	0	0	0	0	0	0	0	
269968	Precentral_R	2872	0	1436	5050	0	0	116	8304	0	0	130	9506	0	692	0	0	0	2726	742	22566	0	0	0	0	0	0	0	0	0	4696	124	112	154	1988	194	776	0	4922	0	656	0	0	0	870	0	972	0	128	0	942	0	246	0	148	0	3546	208	18932	0	138	0	654	0	2294	0	192	130	3974	3986	7102	1062	4308	132	3596	0	1098	670	5404	0	802	0	1190	0	0	0	1476	0	0	0	3022	0	0	0	0	0	0	0	0	0	0	0	0	0	0	0	0	0	0	0	0	0	0	0	0	0	0	
966832	Frontal_Sup_L	31102	1436	0	9932	8460	0	61336	1168	1406	0	8570	0	18848	0	7316	0	7306	0	101002	13804	128	0	44930	5862	992	0	330	0	31834	0	26050	3408	6370	4538	552	534	4542	382	268	0	268	0	0	0	0	0	0	0	0	0	146	0	0	0	304	144	1634	446	128	0	0	0	0	0	0	0	0	192	8828	156	9404	3958	21292	180	7224	148	18322	4080	560	0	1560	0	1164	0	270	0	0	0	480	122	0	0	0	0	0	0	0	0	0	0	0	0	0	0	0	0	0	0	0	0	0	0	0	0	0	0	
893740	Frontal_Sup_R	6794	5050	9932	0	0	1250	3982	40644	0	0	364	8366	396	6878	0	4568	0	4000	19516	101012	0	0	12460	34012	0	2424	0	286	782	16322	3354	43028	2838	29232	0	1066	0	3554	0	670	0	0	0	258	0	116	0	0	0	0	0	0	0	0	0	1176	174	876	0	0	0	122	0	0	0	0	174	500	2080	0	6932	30618	996	25192	146	4294	424	8600	0	214	0	170	0	250	0	158	0	0	0	620	0	0	0	0	0	0	0	0	0	0	0	0	0	0	0	0	0	0	0	0	0	0	0	0	0	0	
128084	Frontal_Sup_Orb_L	0	0	8460	0	0	130	928	0	10086	0	0	0	1314	0	8010	0	0	0	1376	0	1400	464	4390	0	4482	0	7472	160	3646	0	4554	206	0	0	0	0	0	0	0	0	196	0	0	0	0	0	0	0	0	0	0	0	0	0	0	0	0	0	0	0	0	0	0	0	0	0	0	0	0	0	1754	212	4440	0	0	0	0	0	0	0	0	0	362	0	0	0	0	0	0	0	0	0	0	0	0	0	0	0	0	0	0	0	0	0	0	0	0	0	0	0	0	0	0	0	0	0	
100908	Frontal_Sup_Orb_R	0	0	0	1250	130	0	0	1572	0	5012	0	0	0	0	208	4062	0	0	0	0	940	2810	162	1668	152	8310	220	11178	0	1740	780	2798	0	0	0	0	0	0	0	0	0	106	0	0	0	0	0	0	0	0	0	0	0	0	0	0	0	0	0	0	0	0	0	0	0	0	0	0	0	0	1034	2886	690	2746	0	0	0	0	0	0	0	0	0	0	0	0	0	0	0	0	0	0	0	0	0	0	0	0	0	0	0	0	0	0	0	0	0	0	0	0	0	0	0	0	0	0	
481524	Frontal_Mid_L	23768	116	61336	3982	928	0	0	570	3328	0	8814	0	32162	0	6408	0	3420	0	23610	3086	0	0	14980	1658	0	0	0	0	21046	0	9010	918	1650	1568	138	140	1578	244	0	0	0	0	182	0	0	0	0	0	0	0	776	0	324	0	694	122	1016	252	660	0	358	0	0	0	462	0	242	176	184	0	3024	484	2820	0	162	0	1176	612	612	0	826	0	0	0	354	0	0	0	642	144	0	0	0	0	0	0	0	0	0	0	0	0	0	0	0	0	0	0	0	0	0	0	0	0	0	0	
282408	Frontal_Mid_R	244	8304	1168	40644	0	1572	570	0	0	1368	662	11834	0	10728	0	3884	0	4564	1176	6236	0	0	1194	4318	0	0	0	0	294	10352	512	4934	0	2020	0	0	0	1938	0	292	0	0	0	422	0	0	0	0	0	0	0	0	0	0	0	908	0	1960	0	0	0	288	0	0	0	0	0	634	0	0	2032	4710	222	8092	0	1790	0	276	0	242	0	0	0	0	0	126	0	0	0	694	0	0	0	0	0	0	0	0	0	0	0	0	0	0	0	0	0	0	0	0	0	0	0	0	0	0	
78752	Frontal_Mid_Orb_L	0	0	1406	0	10086	0	3328	0	0	0	0	0	2184	0	12004	0	0	0	0	0	410	244	142	0	1348	0	3444	104	1518	0	1220	108	0	0	0	0	0	0	0	0	0	0	0	0	0	0	0	0	0	0	0	0	0	0	0	0	0	0	0	0	0	0	0	0	0	0	0	0	0	0	432	0	1398	0	0	0	0	0	0	0	0	0	0	0	0	0	0	0	0	0	0	0	0	0	0	0	0	0	0	0	0	0	0	0	0	0	0	0	0	0	0	0	0	0	0	0	
26104	Frontal_Mid_Orb_R	0	0	0	0	0	5012	0	1368	0	0	0	0	0	248	0	3538	0	0	0	0	0	374	0	0	0	372	0	688	0	632	0	0	0	0	0	0	0	0	0	0	0	0	0	0	0	0	0	0	0	0	0	0	0	0	0	0	0	0	0	0	0	0	0	0	0	0	0	0	0	0	0	262	0	558	0	0	0	0	0	0	0	0	0	0	0	0	0	0	0	0	0	0	0	0	0	0	0	0	0	0	0	0	0	0	0	0	0	0	0	0	0	0	0	0	0	0	
175212	Frontal_Inf_Oper_L	14266	130	8570	364	0	0	8814	662	0	0	0	376	5676	0	0	0	8540	0	7898	0	0	0	178	0	0	0	0	0	11538	126	1458	312	0	0	0	0	734	102	0	0	0	0	0	0	0	0	0	0	0	0	224	0	106	0	396	0	7182	166	146	0	292	0	206	0	0	0	0	0	0	0	1556	0	1966	0	116	0	186	0	856	0	2102	0	1464	0	222	0	0	0	676	0	0	0	0	0	0	0	0	0	0	0	0	0	0	0	0	0	0	0	0	0	0	0	0	0	0	0	
164164	Frontal_Inf_Oper_R	0	9506	0	8366	0	0	0	11834	0	0	376	0	0	7432	0	208	0	5792	214	4398	0	0	0	0	0	0	0	0	0	21066	214	314	0	222	0	0	0	714	0	0	0	0	0	0	0	0	0	0	0	0	0	0	0	0	0	158	0	664	0	0	0	0	0	0	0	0	0	144	0	0	486	432	0	5838	0	748	0	348	0	330	0	466	0	1708	0	0	0	0	0	104	0	0	0	0	0	0	0	0	0	0	0	0	0	0	0	0	0	0	0	0	0	0	0	0	0	0	
237700	Frontal_Inf_Tri_L	1076	0	18848	396	1314	0	32162	0	2184	0	5676	0	0	0	14564	0	368	0	6632	180	186	0	3130	490	0	0	0	0	25150	0	1022	140	472	210	0	0	0	0	0	0	444	0	0	0	0	0	0	0	0	0	0	0	0	0	0	0	480	0	0	0	0	0	0	0	0	0	0	0	0	0	288	0	3196	0	0	0	0	0	0	0	0	0	242	0	0	0	0	0	0	0	0	0	0	0	0	0	0	0	0	0	0	0	0	0	0	0	0	0	0	0	0	0	0	0	0	0	
100484	Frontal_Inf_Tri_R	0	692	0	6878	0	0	0	10728	0	248	0	7432	0	0	0	4380	0	764	382	3866	0	0	0	402	0	0	0	0	0	10502	0	766	0	1110	0	0	0	0	0	0	0	0	0	0	0	0	0	0	0	0	0	0	0	0	0	0	0	0	0	0	0	0	0	0	0	0	0	0	0	0	0	264	0	1828	0	0	0	0	0	0	0	0	0	0	0	0	0	0	0	0	0	0	0	0	0	0	0	0	0	0	0	0	0	0	0	0	0	0	0	0	0	0	0	0	0	0	
161408	Frontal_Inf_Orb_L	0	0	7316	0	8010	208	6408	0	12004	0	0	0	14564	0	0	0	0	0	1142	0	2888	634	764	122	208	0	1950	220	12146	0	896	218	134	0	0	0	0	0	0	0	406	0	0	0	0	0	0	0	0	0	0	0	0	0	0	0	0	0	0	0	0	0	0	0	0	0	0	0	0	0	2206	330	6652	0	0	0	0	0	0	0	0	0	1278	0	0	0	0	0	0	0	0	0	0	0	0	0	0	0	0	0	0	0	0	0	0	0	0	0	0	0	0	0	0	0	0	0	
90604	Frontal_Inf_Orb_R	0	0	0	4568	0	4062	0	3884	0	3538	0	208	0	4380	0	0	0	0	620	2824	310	1426	0	452	0	0	0	1062	0	8108	0	970	0	1752	0	0	0	0	0	0	0	0	0	0	0	0	0	0	0	0	0	0	0	0	0	0	0	0	0	0	0	0	0	0	0	0	0	0	0	0	340	1096	236	5192	0	0	0	0	0	0	0	0	0	274	0	0	0	0	0	0	0	0	0	0	0	0	0	0	0	0	0	0	0	0	0	0	0	0	0	0	0	0	0	0	0	0	
177524	Rolandic_Oper_L	11628	0	7306	0	0	0	3420	0	0	0	8540	0	368	0	0	0	0	0	6528	0	0	0	0	0	0	0	0	0	16308	0	164	0	0	0	0	0	1326	0	0	0	0	0	216	0	160	0	0	0	0	0	1316	0	360	0	238	0	8780	0	432	0	386	0	3996	0	230	0	492	0	0	0	0	0	1572	0	352	0	0	0	3498	0	7514	0	1006	0	968	0	0	0	1658	0	0	0	0	0	0	0	0	0	0	0	0	0	0	0	0	0	0	0	0	0	0	0	0	0	0	0	
99560	Rolandic_Oper_R	0	2726	0	4000	0	0	0	4564	0	0	0	5792	0	764	0	0	0	0	0	728	0	0	0	0	0	0	0	0	0	13044	0	0	0	0	0	0	0	332	0	0	0	0	0	152	0	0	0	0	0	0	0	0	0	0	0	0	0	3206	0	0	0	0	0	1772	0	0	0	450	0	0	236	0	0	3130	0	584	0	144	0	4028	0	2214	0	1246	0	538	0	0	0	130	0	0	0	0	0	0	0	0	0	0	0	0	0	0	0	0	0	0	0	0	0	0	0	0	0	0	
849940	Supp_Motor_Area_L	29858	742	101002	19516	1376	0	23610	1176	0	0	7898	214	6632	382	1142	620	6528	0	0	40354	0	0	14802	4294	268	0	160	0	25480	666	21216	10926	12142	18342	894	674	2552	142	0	0	0	0	0	0	0	0	0	0	0	0	116	0	0	0	458	0	1200	502	0	0	0	0	0	0	0	0	104	154	12686	536	10828	1482	21534	658	5286	0	10898	632	296	0	1598	0	1290	0	286	0	0	0	818	0	0	0	0	0	0	0	0	0	0	0	0	0	0	0	0	0	0	0	0	0	0	0	0	0	0	0	
899108	Supp_Motor_Area_R	13780	22566	13804	101012	0	0	3086	6236	0	0	0	4398	180	3866	0	2824	0	728	40354	0	0	0	5214	15184	0	112	0	0	354	8788	2608	32160	5840	48916	1290	7060	0	3656	0	746	0	0	0	284	0	476	0	0	0	262	0	0	0	0	0	2218	312	3854	0	0	0	0	0	0	0	0	1276	1426	14488	15310	6762	26230	1028	12928	178	1148	1066	12564	0	320	0	848	0	192	0	996	0	0	0	626	0	0	0	0	0	0	0	0	0	0	0	0	0	0	0	0	0	0	0	0	0	0	0	0	0	0	
77020	Olfactory_L	0	0	128	0	1400	940	0	0	410	0	0	0	186	0	2888	310	0	0	0	0	0	4928	0	0	910	0	1944	1008	3176	0	2828	1712	0	0	0	0	0	0	0	0	514	0	0	0	0	0	0	0	0	0	0	0	0	0	0	0	0	0	0	0	0	0	0	0	0	0	0	0	0	0	7142	3262	4026	574	0	0	0	0	0	0	0	0	224	0	0	0	0	0	0	0	0	0	0	0	0	0	0	0	0	0	0	0	0	0	0	0	0	0	0	0	0	0	0	0	0	0	
98400	Olfactory_R	0	0	0	0	464	2810	0	0	244	374	0	0	0	0	634	1426	0	0	0	0	4928	0	0	0	192	1106	1102	3586	172	2120	2186	3250	0	0	0	0	0	234	0	194	0	432	0	0	0	0	0	0	0	0	0	0	0	0	0	132	0	0	0	0	0	0	0	0	0	0	0	0	0	0	7508	7586	4788	2266	1024	442	0	0	0	0	0	0	0	0	0	0	0	0	0	0	0	0	0	0	0	0	0	0	0	0	0	0	0	0	0	0	0	0	0	0	0	0	0	0	0	0	
402840	Frontal_Sup_Medial_L	372	0	44930	12460	4390	162	14980	1194	142	0	178	0	3130	0	764	0	0	0	14802	5214	0	0	0	24606	1754	776	524	0	4704	148	25804	14226	5130	13130	170	0	0	0	0	0	0	0	0	0	0	0	0	0	0	0	0	0	0	0	0	0	0	0	0	0	0	0	0	0	0	0	0	0	0	0	1630	888	4550	662	0	0	0	0	0	0	0	0	0	0	0	0	0	0	0	0	0	0	0	0	0	0	0	0	0	0	0	0	0	0	0	0	0	0	0	0	0	0	0	0	0	0	
330820	Frontal_Sup_Medial_R	0	0	5862	34012	0	1668	1658	4318	0	0	0	0	490	402	122	452	0	0	4294	15184	0	0	24606	0	0	4912	0	132	450	844	5164	28434	704	20468	0	0	0	0	0	0	0	0	0	0	0	0	0	0	0	0	0	0	0	0	0	0	0	0	0	0	0	0	0	0	0	0	0	0	0	0	350	6132	268	4484	0	0	0	0	0	0	0	0	0	0	0	0	0	0	0	0	0	0	0	0	0	0	0	0	0	0	0	0	0	0	0	0	0	0	0	0	0	0	0	0	0	0	
40472	Frontal_Med_Orb_L	0	0	992	0	4482	152	0	0	1348	0	0	0	0	0	208	0	0	0	268	0	910	192	1754	0	0	1066	2512	326	170	0	4446	328	0	0	0	0	0	0	0	0	0	0	0	0	0	0	0	0	0	0	0	0	0	0	0	0	0	0	0	0	0	0	0	0	0	0	0	0	0	0	714	180	188	0	0	0	0	0	0	0	0	0	0	0	0	0	0	0	0	0	0	0	0	0	0	0	0	0	0	0	0	0	0	0	0	0	0	0	0	0	0	0	0	0	0	0	
81752	Frontal_Med_Orb_R	0	0	0	2424	0	8310	0	0	0	372	0	0	0	0	0	0	0	0	0	112	0	1106	776	4912	1066	0	172	8290	0	0	2760	7262	0	0	0	0	0	0	0	0	0	0	0	0	0	0	0	0	0	0	0	0	0	0	0	0	0	0	0	0	0	0	0	0	0	0	0	0	0	0	0	2090	0	1224	0	0	0	0	0	0	0	0	0	0	0	0	0	0	0	0	0	0	0	0	0	0	0	0	0	0	0	0	0	0	0	0	0	0	0	0	0	0	0	0	0	0	
60260	Rectus_L	0	0	330	0	7472	220	0	0	3444	0	0	0	0	0	1950	0	0	0	160	0	1944	1102	524	0	2512	172	0	502	560	0	4668	818	0	0	0	0	0	0	0	0	0	0	0	0	0	0	0	0	0	0	0	0	0	0	0	0	0	0	0	0	0	0	0	0	0	0	0	0	0	0	2426	632	474	0	0	0	0	0	0	0	0	0	220	0	0	0	0	0	0	0	0	0	0	0	0	0	0	0	0	0	0	0	0	0	0	0	0	0	0	0	0	0	0	0	0	0	
76008	Rectus_R	0	0	0	286	160	11178	0	0	104	688	0	0	0	0	220	1062	0	0	0	0	1008	3586	0	132	326	8290	502	0	0	1498	512	3884	0	0	0	0	0	0	0	0	0	0	0	0	0	0	0	0	0	0	0	0	0	0	0	0	0	0	0	0	0	0	0	0	0	0	0	0	0	0	1104	2068	712	684	0	0	0	0	0	0	0	0	0	0	0	0	0	0	0	0	0	0	0	0	0	0	0	0	0	0	0	0	0	0	0	0	0	0	0	0	0	0	0	0	0	0	
541716	Insula_L	12542	0	31834	782	3646	0	21046	294	1518	0	11538	0	25150	0	12146	0	16308	0	25480	354	3176	172	4704	450	170	0	560	0	0	140	4096	440	744	198	0	0	8248	130	984	0	1516	0	200	0	124	0	0	0	0	0	1546	0	2196	0	8256	0	5850	244	698	0	368	0	1412	0	366	0	334	0	0	0	2768	200	22638	0	394	0	402	0	7730	0	8390	0	4266	0	3484	0	0	0	10626	0	0	0	0	0	0	0	0	0	0	0	0	0	0	0	0	0	0	0	0	0	0	0	0	0	0	0	
332908	Insula_R	0	4696	0	16322	0	1740	0	10352	0	632	126	21066	0	10502	0	8108	0	13044	666	8788	0	2120	148	844	0	0	0	1498	140	0	0	1532	0	2136	230	448	0	5694	0	1318	0	126	0	420	0	1012	0	0	0	900	0	132	0	114	0	3752	0	2438	0	0	0	0	0	942	0	0	0	1672	0	392	474	1624	0	17350	0	526	0	702	0	3144	0	7810	0	2634	0	3894	0	0	0	4246	0	0	0	0	0	0	0	0	0	0	0	0	0	0	0	0	0	0	0	0	0	0	0	0	0	0	
346828	Cingulum_Ant_L	2006	124	26050	3354	4554	780	9010	512	1220	0	1458	214	1022	0	896	0	164	0	21216	2608	2828	2186	25804	5164	4446	2760	4668	512	4096	0	0	14246	8376	2928	1260	0	0	0	0	0	0	0	0	0	0	0	0	0	0	0	0	0	0	0	0	0	0	198	0	0	0	0	0	0	0	0	0	0	110	0	7094	3040	7476	1034	0	0	0	0	0	0	0	0	0	0	0	0	0	0	0	0	0	0	0	0	0	0	0	0	0	0	0	0	0	0	0	0	0	0	0	0	0	0	0	0	0	0	
499408	Cingulum_Ant_R	0	112	3408	43028	206	2798	918	4934	108	0	312	314	140	766	218	970	0	0	10926	32160	1712	3250	14226	28434	328	7262	818	3884	440	1532	14246	0	3076	30796	250	0	0	0	0	0	0	0	0	0	0	0	0	0	0	0	0	0	0	0	0	0	0	324	0	0	0	0	0	0	0	0	0	0	0	0	3386	21858	1532	10622	0	0	0	304	0	0	0	0	0	0	0	0	0	0	0	106	0	0	0	0	0	0	0	0	0	0	0	0	0	0	0	0	0	0	0	0	0	0	0	0	0	0	
175772	Cingulum_Mid_L	1792	154	6370	2838	0	0	1650	0	0	0	0	0	472	0	134	0	0	0	12142	5840	0	0	5130	704	0	0	0	0	744	0	8376	3076	0	8914	4488	2054	0	0	0	0	0	0	1102	0	1046	0	0	0	668	0	2712	0	358	0	280	0	634	0	1944	0	386	0	0	0	500	0	5300	172	7364	314	0	0	122	0	0	0	0	0	0	0	0	0	0	0	0	0	0	0	106	0	0	0	0	0	0	0	0	0	0	0	0	0	0	0	0	0	0	0	0	0	0	0	0	0	0	0	
484088	Cingulum_Mid_R	2744	1988	4538	29232	0	0	1568	2020	0	0	0	222	210	1110	0	1752	0	0	18342	48916	0	0	13130	20468	0	0	0	0	198	2136	2928	30796	8914	0	1422	8594	0	140	0	0	0	0	0	2912	0	2412	0	390	0	372	0	238	0	114	0	284	0	2254	0	0	0	0	0	0	0	114	1864	6330	7398	11664	194	616	0	1930	0	0	0	0	0	0	0	446	0	0	0	744	0	0	0	400	0	0	0	0	0	0	0	0	0	0	0	0	0	0	0	0	0	0	0	0	0	0	0	0	0	0	
108604	Cingulum_Post_L	2202	194	552	0	0	0	138	0	0	0	0	0	0	0	0	0	0	0	894	1290	0	0	170	0	0	0	0	0	0	230	1260	250	4488	1422	0	7612	4766	2950	2894	1686	0	0	2194	0	902	146	500	0	118	0	222	0	370	0	768	898	162	692	0	0	0	0	0	0	0	0	5884	1578	4780	1042	0	0	0	0	0	0	628	420	0	0	0	0	0	0	0	0	0	0	0	0	0	0	0	0	0	0	0	0	0	0	0	0	0	0	0	0	0	0	0	0	0	0	0	0	0	0	
152556	Cingulum_Post_R	680	776	534	1066	0	0	140	0	0	0	0	0	0	0	0	0	0	0	674	7060	0	0	0	0	0	0	0	0	0	448	0	0	2054	8594	7612	0	3106	6790	1926	3364	0	0	126	1974	116	570	0	3004	0	136	0	0	0	200	0	3226	0	930	0	0	0	0	0	0	0	0	2310	9112	1970	3320	0	142	0	166	0	126	1500	1268	0	0	0	212	0	0	0	276	0	0	0	324	0	0	0	0	0	0	0	0	0	0	0	0	0	0	0	0	0	0	0	0	446	0	0	0	0	0	
216536	Hippocampus_L	6220	0	4542	0	0	0	1578	0	0	0	734	0	0	0	0	0	1326	0	2552	0	0	0	0	0	0	0	0	0	8248	0	0	0	0	0	4766	3106	0	2570	11822	1876	4508	0	1554	0	108	0	2646	0	0	0	170	0	0	0	12882	750	1724	0	0	0	104	0	266	0	0	0	3570	530	1202	0	0	220	9070	0	972	0	3390	734	2606	0	1230	0	1540	0	450	0	0	0	8414	0	146	0	0	0	0	0	0	0	142	0	0	0	0	0	0	0	0	0	0	0	0	0	0	0	0	0	
334392	Hippocampus_R	308	4922	382	3554	0	0	244	1938	0	0	102	714	0	0	0	0	0	332	142	3656	0	234	0	0	0	0	0	0	130	5694	0	0	0	140	2950	6790	2570	0	1676	25130	0	7330	0	834	0	1270	0	3934	0	1264	0	0	0	168	0	34908	0	1938	0	0	0	0	0	294	0	104	438	10804	184	898	242	1168	0	8438	0	1532	1120	7240	0	524	0	1996	0	822	0	2106	0	242	0	14532	0	0	0	0	0	0	0	232	0	414	0	0	0	0	0	0	0	0	0	0	612	0	0	0	0	0	
88832	ParaHippocampal_L	134	0	268	0	0	0	0	0	0	0	0	0	0	0	0	0	0	0	0	0	0	0	0	0	0	0	0	0	984	0	0	0	0	0	2894	1926	11822	1676	0	1394	2326	0	1330	0	0	0	3118	0	0	0	210	0	114	0	6790	562	0	0	0	0	0	0	0	0	0	0	2722	372	0	0	0	0	1430	0	0	0	1096	0	0	0	0	0	558	0	0	0	542	0	1462	0	0	0	0	0	0	140	0	0	290	0	0	0	0	0	0	0	0	0	0	256	0	0	0	0	0	0	
171568	ParaHippocampal_R	0	656	0	670	0	0	0	292	0	0	0	0	0	0	0	0	0	0	0	746	0	194	0	0	0	0	0	0	0	1318	0	0	0	0	1686	3364	1876	25130	1394	0	0	7556	0	466	0	0	0	3308	0	0	0	0	0	0	0	18526	0	114	0	0	0	0	0	0	0	0	342	3762	0	0	0	362	0	2890	0	634	490	2846	0	0	0	202	0	2406	0	326	0	2126	0	898	0	0	0	0	0	0	0	348	0	404	0	0	0	0	0	0	0	0	0	0	452	0	0	0	0	0	
32348	Amygdala_L	0	0	268	0	196	0	0	0	0	0	0	0	444	0	406	0	0	0	0	0	514	0	0	0	0	0	0	0	1516	0	0	0	0	0	0	0	4508	0	2326	0	0	0	0	0	0	0	0	0	0	0	0	0	0	0	3188	0	0	0	0	0	0	0	0	0	0	0	0	0	0	0	148	0	1404	0	104	0	0	0	0	0	0	0	274	0	0	0	152	0	726	0	0	0	0	0	0	0	0	0	0	0	0	0	0	0	0	0	0	0	0	0	0	0	0	0	0	0	
50248	Amygdala_R	0	0	0	0	0	106	0	0	0	0	0	0	0	0	0	0	0	0	0	0	0	432	0	0	0	0	0	0	0	126	0	0	0	0	0	0	0	7330	0	7556	0	0	0	0	0	0	0	0	0	0	0	0	0	0	0	6308	0	0	0	0	0	0	0	0	0	0	0	0	0	0	0	0	0	436	0	0	0	0	0	0	0	0	0	2144	0	0	0	482	0	204	0	0	0	0	0	0	0	0	0	0	0	0	0	0	0	0	0	0	0	0	0	0	0	0	0	0	
376568	Calcarine_L	2034	0	0	0	0	0	182	0	0	0	0	0	0	0	0	0	216	0	0	0	0	0	0	0	0	0	0	0	200	0	0	0	1102	0	2194	126	1554	0	1330	0	0	0	0	7902	22560	4944	16776	2032	17788	3182	35098	210	9334	0	3610	0	6528	0	4572	132	5596	0	672	0	2974	0	27156	1314	2176	0	0	0	0	0	0	0	0	0	222	0	470	0	0	0	1462	0	0	0	2636	0	0	0	0	0	0	0	0	0	0	0	0	0	0	0	0	0	0	0	0	0	0	0	0	0	0	0	
429108	Calcarine_R	0	870	0	258	0	0	0	422	0	0	0	0	0	0	0	0	0	152	0	284	0	0	0	0	0	0	0	0	0	420	0	0	0	2912	0	1974	0	834	0	466	0	0	7902	0	5080	34064	2416	30618	0	28788	0	16246	0	5986	0	12692	0	5540	0	2000	0	2966	0	500	0	1338	1996	38232	108	2162	0	0	0	0	0	0	0	0	0	0	0	452	0	0	0	5106	0	0	0	1632	0	0	0	0	0	0	0	0	0	0	0	0	0	0	0	0	0	0	0	0	138	0	0	0	0	0	
260912	Cuneus_L	536	0	0	0	0	0	0	0	0	0	0	0	0	0	0	0	160	0	0	0	0	0	0	0	0	0	0	0	124	0	0	0	1046	0	902	116	108	0	0	0	0	0	22560	5080	0	7084	2736	322	25516	1706	21530	0	3216	0	612	0	2524	0	2936	0	2342	0	644	0	2164	0	19900	1922	978	0	0	0	0	0	0	0	0	0	196	0	474	0	0	0	834	0	0	0	2188	0	0	0	0	0	0	0	0	0	0	0	0	0	0	0	0	0	0	0	0	0	0	0	0	0	0	0	
418648	Cuneus_R	0	972	0	116	0	0	0	0	0	0	0	0	0	0	0	0	0	0	0	476	0	0	0	0	0	0	0	0	0	1012	0	0	0	2412	146	570	0	1270	0	0	0	0	4944	34064	7084	0	830	9030	0	47896	0	18436	0	1382	0	3932	0	4936	0	5394	0	1646	0	516	0	2774	3936	39292	0	1922	0	0	0	0	0	0	0	140	0	118	0	1692	0	0	0	7234	0	0	0	5152	0	0	0	0	0	0	0	0	0	0	0	0	0	0	0	0	0	0	0	0	0	0	0	0	0	0	
301772	Lingual_L	0	0	0	0	0	0	0	0	0	0	0	0	0	0	0	0	0	0	0	0	0	0	0	0	0	0	0	0	0	0	0	0	0	0	500	0	2646	0	3118	0	0	0	16776	2416	2736	830	0	5740	4904	614	19202	0	10124	0	18292	2796	0	0	124	0	102	0	0	0	124	0	4816	226	0	0	0	0	0	0	0	0	0	0	0	0	0	0	0	0	0	0	0	0	296	0	6570	1824	840	198	554	198	11106	1604	15128	3784	166	0	432	156	0	0	0	0	0	164	5114	4636	1796	118	116	0	
337072	Lingual_R	0	128	0	0	0	0	0	0	0	0	0	0	0	0	0	0	0	0	0	0	0	0	0	0	0	0	0	0	0	0	0	0	0	390	0	3004	0	3934	0	3308	0	0	2032	30618	322	9030	5740	0	0	11870	0	5024	106	3690	1138	25478	0	544	0	0	0	0	0	0	0	0	402	18336	0	140	0	0	0	0	0	0	0	0	0	0	0	0	0	0	0	508	0	0	0	386	1256	4736	0	268	294	0	2130	3870	5378	9022	0	0	0	308	0	126	0	0	0	484	4084	8306	2030	116	0	0	
241312	Occipital_Sup_L	108	0	0	0	0	0	0	0	0	0	0	0	0	0	0	0	0	0	0	0	0	0	0	0	0	0	0	0	0	0	0	0	668	0	118	0	0	0	0	0	0	0	17788	0	25516	0	4904	0	0	0	40474	0	1672	0	514	0	374	0	9176	0	590	0	0	0	2194	0	14914	214	200	0	0	0	0	0	0	0	0	0	0	0	0	0	0	0	1030	0	0	0	202	0	0	0	0	0	0	0	0	0	0	0	0	0	0	0	0	0	0	0	0	0	0	0	0	0	0	0	
411268	Occipital_Sup_R	0	942	0	0	0	0	0	0	0	0	0	0	0	0	0	0	0	0	0	262	0	0	0	0	0	0	0	0	0	900	0	0	0	372	0	136	0	1264	0	0	0	0	3182	28788	1706	47896	614	11870	0	0	0	30962	0	1580	0	5356	0	5310	0	7620	0	2790	0	672	0	6752	1382	31186	0	550	0	0	0	0	0	0	0	136	0	0	0	1332	0	0	0	8246	0	0	0	3828	0	0	0	0	0	0	0	0	0	0	0	0	0	0	0	0	0	0	0	0	0	0	0	0	0	0	
567984	Occipital_Mid_L	5090	0	146	0	0	0	776	0	0	0	224	0	0	0	0	0	1316	0	116	0	0	0	0	0	0	0	0	0	1546	0	0	0	2712	0	222	0	170	0	210	0	0	0	35098	0	21530	0	19202	0	40474	0	0	0	30946	0	10224	0	6570	0	17204	0	14950	0	966	0	22028	0	25714	306	2974	0	0	0	0	0	0	0	0	0	604	0	818	0	0	0	13520	0	0	0	7866	0	336	0	0	0	0	0	0	0	134	0	0	0	0	0	0	0	0	0	0	0	0	0	0	0	0	0	
251568	Occipital_Mid_R	0	246	0	0	0	0	0	0	0	0	0	0	0	0	0	0	0	0	0	0	0	0	0	0	0	0	0	0	0	132	0	0	0	238	0	0	0	0	0	0	0	0	210	16246	0	18436	0	5024	0	30962	0	0	0	4312	0	2592	0	1250	0	3644	0	1202	0	0	0	10396	624	13912	0	308	0	0	0	0	0	0	0	0	0	0	0	330	0	0	0	14532	0	0	0	1188	0	0	0	0	0	0	0	0	0	0	0	0	0	0	0	0	0	0	0	0	0	0	0	0	0	0	
238840	Occipital_Inf_L	3582	0	0	0	0	0	324	0	0	0	106	0	0	0	0	0	360	0	0	0	0	0	0	0	0	0	0	0	2196	0	0	0	358	0	370	0	0	0	114	0	0	0	9334	0	3216	0	10124	106	1672	0	30946	0	0	0	19442	0	804	0	490	0	816	0	512	0	1760	0	5390	0	2788	0	0	0	0	0	0	0	0	0	2912	0	762	0	0	0	5780	0	0	0	13774	0	560	0	0	0	0	0	0	0	506	102	0	0	0	0	0	0	0	0	0	0	0	214	0	0	0	0	
70852	Occipital_Inf_R	0	148	0	0	0	0	0	0	0	0	0	0	0	0	0	0	0	0	0	0	0	0	0	0	0	0	0	0	0	114	0	0	0	114	0	200	0	168	0	0	0	0	0	5986	0	1382	0	3690	0	1580	0	4312	0	0	0	5752	0	170	0	0	0	0	0	0	0	440	0	1866	0	112	0	0	0	0	0	0	0	0	0	0	0	0	0	0	0	3470	0	0	0	5448	0	0	0	0	0	0	0	0	0	262	0	0	0	0	0	0	0	0	0	0	0	212	0	0	0	0	
414232	Fusiform_L	4040	0	304	0	0	0	694	0	0	0	396	0	0	0	0	0	238	0	458	0	0	0	0	0	0	0	0	0	8256	0	0	0	280	0	768	0	12882	0	6790	0	3188	0	3610	0	612	0	18292	1138	514	0	10224	0	19442	0	0	1212	392	0	298	0	0	0	0	0	270	0	2470	0	1478	0	0	0	4196	0	0	0	318	0	3040	0	1532	0	4342	0	2776	0	1168	0	23260	0	18876	1052	3922	0	238	0	8406	0	25210	1740	1582	0	2892	0	0	112	0	0	0	0	1046	2456	482	120	104	0	
509252	Fusiform_R	0	3546	144	1176	0	0	122	908	0	0	0	158	0	0	0	0	0	0	0	2218	0	132	0	0	0	0	0	0	0	3752	0	0	0	284	898	3226	750	34908	562	18526	0	6308	0	12692	0	3932	2796	25478	0	5356	0	2592	0	5752	1212	0	0	1510	0	0	0	0	0	266	0	204	282	13104	0	1548	118	272	0	5564	0	588	104	2506	0	216	0	1624	0	4682	0	2486	0	2260	0	21510	1154	14140	0	182	0	164	1412	6862	4356	18344	0	0	0	256	0	152	0	0	0	134	3468	6246	1214	124	146	0	
267484	Postcentral_L	28850	208	1634	174	0	0	1016	0	0	0	7182	0	480	0	0	0	8780	0	1200	312	0	0	0	0	0	0	0	0	5850	0	0	0	634	0	162	0	1724	0	0	0	0	0	6528	0	2524	0	0	0	374	0	6570	0	804	0	392	0	0	0	9024	0	15924	0	8764	0	2750	0	8430	0	2752	0	238	0	2202	0	546	0	320	0	1812	0	4108	0	0	0	902	0	0	0	572	0	0	0	0	0	0	0	0	0	0	0	0	0	0	0	0	0	0	0	0	0	0	0	0	0	0	0	
216956	Postcentral_R	1414	18932	446	876	0	0	252	1960	0	0	166	664	0	0	0	0	0	3206	502	3854	0	0	0	0	0	0	0	0	244	2438	198	324	0	2254	692	930	0	1938	0	114	0	0	0	5540	0	4936	0	544	0	5310	0	1250	0	170	0	1510	0	0	0	4184	0	4334	0	9476	0	1046	0	13634	3116	5796	396	378	0	122	0	108	0	210	0	854	0	450	0	0	0	1034	0	0	0	2676	0	0	0	0	0	0	0	0	0	0	0	0	0	0	0	0	0	0	0	0	0	0	0	0	0	0	
169272	Parietal_Sup_L	2804	0	128	0	0	0	660	0	0	0	146	0	0	0	0	0	432	0	0	0	0	0	0	0	0	0	0	0	698	0	0	0	1944	0	0	0	0	0	0	0	0	0	4572	0	2936	0	124	0	9176	0	17204	0	490	0	298	0	9024	0	0	0	10950	0	0	0	5274	0	16772	186	492	0	0	0	0	0	0	0	0	0	0	0	138	0	0	0	0	0	0	0	188	0	0	0	0	0	0	0	0	0	0	0	0	0	0	0	0	0	0	0	0	0	0	0	0	0	0	0	
77860	Parietal_Sup_R	0	138	0	0	0	0	0	0	0	0	0	0	0	0	0	0	0	0	0	0	0	0	0	0	0	0	0	0	0	0	0	0	0	0	0	0	0	0	0	0	0	0	132	2000	0	5394	0	0	0	7620	0	3644	0	0	0	0	0	4184	0	0	0	3842	0	0	0	1802	0	9478	0	696	0	0	0	0	0	0	0	0	0	0	0	0	0	0	0	0	0	0	0	0	0	0	0	0	0	0	0	0	0	0	0	0	0	0	0	0	0	0	0	0	0	0	0	0	0	0	
197160	Parietal_Inf_L	4862	0	0	0	0	0	358	0	0	0	292	0	0	0	0	0	386	0	0	0	0	0	0	0	0	0	0	0	368	0	0	0	386	0	0	0	104	0	0	0	0	0	5596	0	2342	0	102	0	590	0	14950	0	816	0	0	0	15924	0	10950	0	0	0	8910	0	20668	0	5346	0	266	0	0	0	184	0	134	0	0	0	108	0	300	0	0	0	3468	0	0	0	1170	0	0	0	0	0	0	0	0	0	0	0	0	0	0	0	0	0	0	0	0	0	0	0	0	0	0	0	
78944	Parietal_Inf_R	0	654	0	122	0	0	0	288	0	0	0	0	0	0	0	0	0	0	0	0	0	0	0	0	0	0	0	0	0	0	0	0	0	0	0	0	0	0	0	0	0	0	0	2966	0	1646	0	0	0	2790	0	1202	0	0	0	0	0	4334	0	3842	0	0	0	4790	0	9760	0	4160	0	126	0	0	0	0	0	0	0	0	0	0	0	208	0	0	0	2036	0	0	0	548	0	0	0	0	0	0	0	0	0	0	0	0	0	0	0	0	0	0	0	0	0	0	0	0	0	0	
96912	SupraMarginal_L	3476	0	0	0	0	0	0	0	0	0	206	0	0	0	0	0	3996	0	0	0	0	0	0	0	0	0	0	0	1412	0	0	0	0	0	0	0	266	0	0	0	0	0	672	0	644	0	0	0	0	0	966	0	512	0	0	0	8764	0	0	0	8910	0	0	0	3858	0	778	0	0	0	0	0	368	0	258	0	0	0	526	0	5782	0	0	0	6138	0	0	0	924	0	0	0	0	0	0	0	0	0	0	0	0	0	0	0	0	0	0	0	0	0	0	0	0	0	0	0	
63084	SupraMarginal_R	0	2294	0	0	0	0	0	0	0	0	0	0	0	0	0	0	0	1772	0	0	0	0	0	0	0	0	0	0	0	942	0	0	0	0	0	0	0	294	0	0	0	0	0	500	0	516	0	0	0	672	0	0	0	0	0	266	0	9476	0	0	0	4790	0	0	0	2680	0	1360	0	0	0	0	0	0	0	0	0	0	0	280	0	3186	0	0	0	1146	0	0	0	1368	0	0	0	0	0	0	0	0	0	0	0	0	0	0	0	0	0	0	0	0	0	0	0	0	0	0	
167700	Angular_L	1718	0	0	0	0	0	462	0	0	0	0	0	0	0	0	0	230	0	0	0	0	0	0	0	0	0	0	0	366	0	0	0	500	0	0	0	0	0	0	0	0	0	2974	0	2164	0	124	0	2194	0	22028	0	1760	0	270	0	2750	0	5274	0	20668	0	3858	0	0	0	5612	0	116	0	0	0	0	0	0	0	0	0	102	0	812	0	0	0	8064	0	0	0	1804	0	0	0	0	0	0	0	0	0	0	0	0	0	0	0	0	0	0	0	0	0	0	0	0	0	0	0	
100848	Angular_R	0	192	0	0	0	0	0	0	0	0	0	0	0	0	0	0	0	0	0	0	0	0	0	0	0	0	0	0	0	0	0	0	0	114	0	0	0	104	0	0	0	0	0	1338	0	2774	0	0	0	6752	0	10396	0	440	0	204	0	1046	0	1802	0	9760	0	2680	0	0	0	2988	0	134	0	0	0	0	0	0	0	0	0	0	0	2166	0	0	0	6476	0	0	0	1058	0	0	0	0	0	0	0	0	0	0	0	0	0	0	0	0	0	0	0	0	0	0	0	0	0	0	
381924	Precuneus_L	2284	130	0	174	0	0	242	0	0	0	0	0	0	0	0	0	492	0	104	1276	0	0	0	0	0	0	0	0	334	0	0	0	5300	1864	5884	2310	3570	438	2722	342	0	0	27156	1996	19900	3936	4816	402	14914	1382	25714	624	5390	0	2470	282	8430	0	16772	0	5346	0	778	0	5612	0	0	7092	4504	196	0	0	0	0	0	0	0	0	256	0	726	0	0	0	1878	142	0	0	2782	0	0	0	0	0	0	0	0	0	0	0	0	0	0	0	0	0	0	0	0	0	0	0	0	0	0	0	
545024	Precuneus_R	134	3974	192	500	0	0	176	634	0	0	0	144	0	0	0	0	0	450	154	1426	0	0	0	0	0	0	0	0	0	1672	0	0	172	6330	1578	9112	530	10804	372	3762	0	0	1314	38232	1922	39292	226	18336	214	31186	306	13912	0	1866	0	13104	0	13634	186	9478	0	4160	0	1360	0	2988	7092	0	562	4266	128	172	0	120	0	108	134	686	0	338	0	3224	0	0	0	9492	0	0	0	11330	0	0	0	0	0	0	0	156	0	0	0	0	0	0	0	0	0	0	0	0	872	0	0	0	0	0	
260552	Paracentral_Lobule_L	22758	3986	8828	2080	0	0	184	0	0	0	0	0	0	0	0	0	0	0	12686	14488	0	0	0	0	0	0	0	0	0	0	110	0	7364	7398	4780	1970	1202	184	0	0	0	0	2176	108	978	0	0	0	200	0	2974	0	2788	0	1478	0	2752	3116	492	0	266	0	0	0	116	0	4504	562	0	8214	148	232	470	0	874	0	7400	488	154	0	0	0	0	0	874	0	0	0	894	0	0	0	0	0	0	0	0	0	0	0	0	0	0	0	0	0	0	0	0	0	0	0	0	0	0	0	
148360	Paracentral_Lobule_R	3552	7102	156	0	0	0	0	0	0	0	0	0	0	0	0	0	0	0	536	15310	0	0	0	0	0	0	0	0	0	392	0	0	314	11664	1042	3320	0	898	0	0	0	0	0	2162	0	1922	0	140	0	550	0	308	0	112	0	1548	0	5796	0	696	0	126	0	0	0	134	196	4266	8214	0	344	0	0	0	0	0	0	146	0	284	0	954	0	0	0	1286	0	0	0	710	0	0	0	0	0	0	0	0	0	0	0	0	0	0	0	0	0	0	0	0	0	0	0	0	0	0	
276276	Caudate_L	6982	1062	9404	6932	1754	1034	3024	2032	432	0	1556	486	288	0	2206	340	0	236	10828	6762	7142	7508	1630	350	714	0	2426	1104	2768	474	7094	3386	0	194	0	0	0	242	0	0	148	0	0	0	0	0	0	0	0	0	0	0	0	0	0	118	238	396	0	0	0	0	0	0	0	0	0	128	148	344	0	13046	18544	2798	3834	1048	4912	1656	0	0	0	0	266	0	0	0	0	0	0	124	0	0	0	0	0	0	0	0	0	0	0	0	0	0	0	0	0	0	0	0	0	0	0	0	0	0	
408656	Caudate_R	1188	4308	3958	30618	212	2886	484	4710	0	262	0	432	0	264	330	1096	0	0	1482	26230	3262	7586	888	6132	180	2090	632	2068	200	1624	3040	21858	0	616	0	142	220	1168	0	362	0	0	0	0	0	0	0	0	0	0	0	0	0	0	0	272	0	378	0	0	0	0	0	0	0	0	0	172	232	0	13046	0	6964	24556	1572	7264	864	18338	0	0	0	0	0	0	0	0	0	0	0	142	0	0	0	0	0	0	0	0	0	0	0	0	0	0	0	0	0	0	0	0	0	0	0	0	0	0	
380492	Putamen_L	10002	132	21292	996	4440	690	2820	222	1398	0	1966	0	3196	0	6652	236	1572	0	21534	1028	4026	4788	4550	268	188	0	474	712	22638	0	7476	1532	122	0	0	0	9070	0	1430	0	1404	0	0	0	0	0	0	0	0	0	0	0	0	0	4196	0	2202	0	0	0	184	0	368	0	0	0	0	0	470	0	18544	6964	0	2102	8826	446	2550	524	110	0	572	0	1974	0	410	0	0	0	2950	0	0	0	0	0	0	0	0	0	0	0	0	0	0	0	0	0	0	0	0	0	0	0	0	0	0	0	
347768	Putamen_R	0	3596	180	25192	0	2746	0	8092	0	558	0	5838	0	1828	0	5192	0	3130	658	12928	574	2266	662	4484	0	1224	0	684	0	17350	1034	10622	0	1930	0	166	0	8438	0	2890	0	436	0	0	0	0	0	0	0	0	0	0	0	0	0	5564	0	122	0	0	0	0	0	0	0	0	0	120	0	0	2798	24556	2102	0	422	8282	220	2918	0	218	0	580	0	1140	0	400	0	0	0	1628	0	0	0	0	0	0	0	0	0	116	0	0	0	0	0	0	0	0	0	0	0	0	0	0	0	0	
81556	Pallidum_L	5788	0	7224	146	0	0	162	0	0	0	116	0	0	0	0	0	352	0	5286	178	0	1024	0	0	0	0	0	0	394	0	0	0	0	0	0	0	972	0	0	0	104	0	0	0	0	0	0	0	0	0	0	0	0	0	0	0	546	0	0	0	134	0	258	0	0	0	0	0	874	0	3834	1572	8826	422	0	384	2182	0	0	0	0	0	0	0	0	0	0	0	0	0	0	0	0	0	0	0	0	0	0	0	0	0	0	0	0	0	0	0	0	0	0	0	0	0	0	0	
65732	Pallidum_R	0	1098	148	4294	0	0	0	1790	0	0	0	748	0	0	0	0	0	584	0	1148	0	442	0	0	0	0	0	0	0	526	0	0	0	0	0	126	0	1532	0	634	0	0	0	0	0	0	0	0	0	0	0	0	0	0	0	588	0	108	0	0	0	0	0	0	0	0	0	108	0	0	1048	7264	446	8282	384	0	194	1146	0	228	0	0	0	0	0	0	0	0	0	0	0	0	0	0	0	0	0	0	0	0	0	0	0	0	0	0	0	0	0	0	0	0	0	0	0	0	
151888	Thalamus_L	9974	670	18322	424	0	0	1176	0	0	0	186	0	0	0	0	0	0	0	10898	1066	0	0	0	0	0	0	0	0	402	0	0	0	0	0	628	1500	3390	1120	1096	490	0	0	0	0	0	0	0	0	0	0	0	0	0	0	318	104	320	0	0	0	0	0	0	0	0	0	0	134	7400	0	4912	864	2550	220	2182	194	0	5404	0	0	0	0	0	0	0	0	0	0	0	0	0	0	0	0	0	0	0	0	0	0	0	0	0	0	0	0	0	0	0	0	0	0	0	0	0	0	
167444	Thalamus_R	1114	5404	4080	8600	0	0	612	276	0	0	0	348	0	0	0	0	0	144	632	12564	0	0	0	0	0	0	0	0	0	702	0	304	0	0	420	1268	734	7240	0	2846	0	0	0	0	0	140	0	0	0	136	0	0	0	0	0	2506	0	210	0	0	0	0	0	0	0	0	0	686	488	146	1656	18338	524	2918	0	1146	5404	0	0	0	0	212	0	0	0	148	0	0	0	1776	0	0	0	0	0	0	0	0	0	0	0	0	0	0	0	0	0	0	0	0	0	0	0	0	0	0	
81400	Heschl_L	3214	0	560	0	0	0	612	0	0	0	856	0	0	0	0	0	3498	0	296	0	0	0	0	0	0	0	0	0	7730	0	0	0	0	0	0	0	2606	0	0	0	0	0	222	0	196	0	0	0	0	0	604	0	2912	0	3040	0	1812	0	0	0	108	0	526	0	102	0	256	0	154	0	0	0	110	0	0	0	0	0	0	0	4126	0	0	0	2032	0	0	0	5128	0	0	0	0	0	0	0	0	0	0	0	0	0	0	0	0	0	0	0	0	0	0	0	0	0	0	0	
37300	Heschl_R	0	802	0	214	0	0	0	242	0	0	0	330	0	0	0	0	0	4028	0	320	0	0	0	0	0	0	0	0	0	3144	0	0	0	0	0	0	0	524	0	0	0	0	0	0	0	118	0	0	0	0	0	0	0	0	0	216	0	854	0	0	0	0	0	280	0	0	0	338	0	284	0	0	0	218	0	228	0	0	0	0	0	4130	0	0	0	1906	0	0	0	474	0	0	0	0	0	0	0	0	0	0	0	0	0	0	0	0	0	0	0	0	0	0	0	0	0	0	
165432	Temporal_Sup_L	3206	0	1560	0	0	0	826	0	0	0	2102	0	0	0	0	0	7514	0	1598	0	0	0	0	0	0	0	0	0	8390	0	0	0	0	0	0	0	1230	0	0	0	0	0	470	0	474	0	0	0	0	0	818	0	762	0	1532	0	4108	0	138	0	300	0	5782	0	812	0	726	0	0	0	0	0	572	0	0	0	0	0	4126	0	0	0	3174	0	18166	0	0	0	14330	0	0	0	0	0	0	0	0	0	0	0	0	0	0	0	0	0	0	0	0	0	0	0	0	0	0	0	
126972	Temporal_Sup_R	0	1190	0	170	0	0	0	0	0	0	0	466	0	0	0	0	0	2214	0	848	0	0	0	0	0	0	0	0	0	7810	0	0	0	446	0	212	0	1996	0	202	0	0	0	452	0	1692	0	0	0	1332	0	330	0	0	0	1624	0	450	0	0	0	208	0	3186	0	2166	0	3224	0	954	0	0	0	580	0	0	0	212	0	4130	0	0	0	2050	0	19202	0	354	0	5786	0	0	0	0	0	0	0	0	0	0	0	0	0	0	0	0	0	0	0	0	0	0	0	0	0	0	
85396	Temporal_Pole_Sup_L	0	0	1164	0	362	0	0	0	0	0	1464	0	242	0	1278	0	1006	0	1290	0	224	0	0	0	0	0	220	0	4266	0	0	0	0	0	0	0	1540	0	558	0	274	0	0	0	0	0	0	0	0	0	0	0	0	0	4342	0	0	0	0	0	0	0	0	0	0	0	0	0	0	0	266	0	1974	0	0	0	0	0	0	0	3174	0	0	0	7050	0	2852	0	9152	0	0	0	0	0	0	0	0	0	0	0	0	0	0	0	0	0	0	0	0	0	0	0	0	0	0	0	
59968	Temporal_Pole_Sup_R	0	0	0	250	0	0	0	0	0	0	0	1708	0	0	0	274	0	1246	0	192	0	0	0	0	0	0	0	0	0	2634	0	0	0	0	0	0	0	822	0	2406	0	2144	0	0	0	0	0	0	0	0	0	0	0	0	0	4682	0	0	0	0	0	0	0	0	0	0	0	0	0	0	0	0	0	1140	0	0	0	0	0	0	0	2050	0	0	0	2706	0	3596	0	4134	0	0	0	0	0	0	0	0	0	0	0	0	0	0	0	0	0	0	0	0	0	0	0	0	0	0	
232136	Temporal_Mid_L	2066	0	270	0	0	0	354	0	0	0	222	0	0	0	0	0	968	0	286	0	0	0	0	0	0	0	0	0	3484	0	0	0	0	0	0	0	450	0	0	0	0	0	1462	0	834	0	0	0	1030	0	13520	0	5780	0	2776	0	902	0	0	0	3468	0	6138	0	8064	0	1878	0	874	0	0	0	410	0	0	0	0	0	2032	0	18166	0	7050	0	0	0	3202	0	30382	0	0	0	0	0	0	0	0	0	0	0	0	0	0	0	0	0	0	0	0	0	0	0	0	0	0	0	
246024	Temporal_Mid_R	0	1476	0	158	0	0	0	126	0	0	0	0	0	0	0	0	0	538	0	996	0	0	0	0	0	0	0	0	0	3894	0	0	0	744	0	276	0	2106	0	326	0	0	0	5106	0	7234	0	508	0	8246	0	14532	0	3470	0	2486	0	1034	0	0	0	2036	0	1146	0	6476	142	9492	0	1286	0	0	0	400	0	0	0	148	0	1906	0	19202	0	2706	0	0	0	3664	0	21152	0	0	0	0	0	0	0	0	0	0	0	0	0	0	0	0	0	0	0	0	0	0	0	0	0	0	
23380	Temporal_Pole_Mid_L	0	0	0	0	0	0	0	0	0	0	0	0	0	0	0	0	0	0	0	0	0	0	0	0	0	0	0	0	0	0	0	0	0	0	0	0	0	0	542	0	152	0	0	0	0	0	0	0	0	0	0	0	0	0	1168	0	0	0	0	0	0	0	0	0	0	0	0	0	0	0	0	0	0	0	0	0	0	0	0	0	0	0	2852	0	3202	0	0	0	3774	0	0	0	0	0	0	0	0	0	0	0	0	0	0	0	0	0	0	0	0	0	0	0	0	0	0	0	
31220	Temporal_Pole_Mid_R	0	0	0	0	0	0	0	0	0	0	0	0	0	0	0	0	0	0	0	0	0	0	0	0	0	0	0	0	0	0	0	0	0	0	0	0	0	242	0	2126	0	482	0	0	0	0	0	0	0	0	0	0	0	0	0	2260	0	0	0	0	0	0	0	0	0	0	0	0	0	0	0	0	0	0	0	0	0	0	0	0	0	354	0	3596	0	3664	0	0	0	2886	0	0	0	0	0	0	0	0	0	0	0	0	0	0	0	0	0	0	0	0	0	0	0	0	0	0	
308480	Temporal_Inf_L	1732	0	480	0	0	0	642	0	0	0	676	0	0	0	0	0	1658	0	818	0	0	0	0	0	0	0	0	0	10626	0	0	0	106	0	0	0	8414	0	1462	0	726	0	2636	0	2188	0	296	0	202	0	7866	0	13774	0	23260	0	572	0	188	0	1170	0	924	0	1804	0	2782	0	894	0	0	0	2950	0	0	0	0	0	5128	0	14330	0	9152	0	30382	0	3774	0	0	0	1720	0	380	0	0	0	0	0	218	0	132	0	178	0	0	0	0	0	0	0	0	0	0	0	0	0	
246076	Temporal_Inf_R	0	3022	122	620	0	0	144	694	0	0	0	104	0	0	0	0	0	130	0	626	0	0	0	0	0	0	0	0	0	4246	0	106	0	400	0	324	0	14532	0	898	0	204	0	1632	0	5152	0	386	0	3828	0	1188	0	5448	0	21510	0	2676	0	0	0	548	0	1368	0	1058	0	11330	0	710	124	142	0	1628	0	0	0	1776	0	474	0	5786	0	4134	0	21152	0	2886	0	0	0	1406	0	162	0	0	0	0	0	148	0	0	0	214	0	0	0	0	0	0	0	0	0	0	0	0	
361408	Cerebelum_Crus1_L	0	0	0	0	0	0	0	0	0	0	0	0	0	0	0	0	0	0	0	0	0	0	0	0	0	0	0	0	0	0	0	0	0	0	0	0	146	0	0	0	0	0	0	0	0	0	6570	1256	0	0	336	0	560	0	18876	1154	0	0	0	0	0	0	0	0	0	0	0	0	0	0	0	0	0	0	0	0	0	0	0	0	0	0	0	0	0	0	0	0	1720	0	0	3430	28130	2960	872	202	11740	252	44224	4776	10098	316	18350	2122	1572	1328	240	114	448	574	1696	6032	7552	1484	1426	148	
363580	Cerebelum_Crus1_R	0	0	0	0	0	0	0	0	0	0	0	0	0	0	0	0	0	0	0	0	0	0	0	0	0	0	0	0	0	0	0	0	0	0	0	0	0	0	0	0	0	0	0	0	0	0	1824	4736	0	0	0	0	0	0	1052	14140	0	0	0	0	0	0	0	0	0	0	0	0	0	0	0	0	0	0	0	0	0	0	0	0	0	0	0	0	0	0	0	0	0	1406	3430	0	956	25148	122	1836	1878	13118	4682	51562	0	2710	118	19902	134	1818	0	410	504	2062	7104	10938	7360	1614	1226	0	
285684	Cerebelum_Crus2_L	0	0	0	0	0	0	0	0	0	0	0	0	0	0	0	0	0	0	0	0	0	0	0	0	0	0	0	0	0	0	0	0	0	0	0	0	0	0	0	0	0	0	0	0	0	0	840	0	0	0	0	0	0	0	3922	0	0	0	0	0	0	0	0	0	0	0	0	0	0	0	0	0	0	0	0	0	0	0	0	0	0	0	0	0	0	0	0	0	380	0	28130	956	0	4982	174	0	2618	0	8700	972	36194	2112	36648	3468	860	474	0	0	0	0	240	416	6824	3480	452	0	
226440	Cerebelum_Crus2_R	0	0	0	0	0	0	0	0	0	0	0	0	0	0	0	0	0	0	0	0	0	0	0	0	0	0	0	0	0	0	0	0	0	0	0	0	0	0	0	0	0	0	0	0	0	0	198	268	0	0	0	0	0	0	0	182	0	0	0	0	0	0	0	0	0	0	0	0	0	0	0	0	0	0	0	0	0	0	0	0	0	0	0	0	0	0	0	0	0	162	2960	25148	4982	0	0	252	194	202	1042	4456	2882	19594	2890	32406	196	2186	0	0	0	446	712	876	7268	2852	866	0	
29316	Cerebelum_3_L	0	0	0	0	0	0	0	0	0	0	0	0	0	0	0	0	0	0	0	0	0	0	0	0	0	0	0	0	0	0	0	0	0	0	0	0	0	0	0	0	0	0	0	0	0	0	554	294	0	0	0	0	0	0	238	0	0	0	0	0	0	0	0	0	0	0	0	0	0	0	0	0	0	0	0	0	0	0	0	0	0	0	0	0	0	0	0	0	0	0	872	122	174	0	0	238	5300	114	2088	238	136	0	302	0	0	114	0	0	704	1818	900	296	0	0	156	0	
47624	Cerebelum_3_R	0	0	0	0	0	0	0	0	0	0	0	0	0	0	0	0	0	0	0	0	0	0	0	0	0	0	0	0	0	0	0	0	0	0	0	0	0	0	140	0	0	0	0	0	0	0	198	0	0	0	0	0	0	0	0	164	0	0	0	0	0	0	0	0	0	0	0	0	0	0	0	0	0	0	0	0	0	0	0	0	0	0	0	0	0	0	0	0	0	0	202	1836	0	252	238	0	828	4522	508	4932	0	0	0	530	204	498	0	0	1238	4370	1862	434	164	262	430	0	
234912	Cerebelum_4_5_L	0	0	0	0	0	0	0	0	0	0	0	0	0	0	0	0	0	0	0	0	0	0	0	0	0	0	0	0	0	0	0	0	0	0	0	0	0	0	0	0	0	0	0	0	0	0	11106	2130	0	0	0	0	0	0	8406	1412	0	0	0	0	0	0	0	0	0	0	0	0	0	0	0	0	0	0	0	0	0	0	0	0	0	0	0	0	0	0	0	0	0	0	11740	1878	2618	194	5300	828	0	2840	28368	4362	1104	0	2862	432	3942	1500	928	0	822	2016	14500	4670	126	298	1898	1176	
151388	Cerebelum_4_5_R	0	0	0	0	0	0	0	0	0	0	0	0	0	0	0	0	0	0	0	0	0	0	0	0	0	0	0	0	0	0	0	0	0	0	0	0	0	232	0	348	0	0	0	0	0	0	1604	3870	0	0	0	0	0	0	0	6862	0	0	0	0	0	0	0	0	0	0	0	156	0	0	0	0	0	0	0	0	0	0	0	0	0	0	0	0	0	0	0	0	0	0	252	13118	0	202	114	4522	2840	0	1106	22928	0	0	0	420	396	730	0	0	368	2600	10154	1392	230	386	604	260	
430572	Cerebelum_6_L	0	0	0	0	0	0	0	0	0	0	0	0	0	0	0	0	0	0	0	0	0	0	0	0	0	0	0	0	0	0	0	0	0	0	0	0	142	0	290	0	0	0	0	0	0	0	15128	5378	0	0	134	0	506	0	25210	4356	0	0	0	0	0	0	0	0	0	0	0	0	0	0	0	0	0	0	0	0	0	0	0	0	0	0	0	0	0	0	0	0	218	0	44224	4682	8700	1042	2088	508	28368	1106	0	9016	3976	108	8262	920	4144	3678	1278	160	1532	1856	9144	16966	5270	2126	4148	622	
395236	Cerebelum_6_R	0	0	0	0	0	0	0	0	0	0	0	0	0	0	0	0	0	0	0	0	0	0	0	0	0	0	0	0	0	0	0	0	0	0	0	0	0	414	0	404	0	0	0	0	0	0	3784	9022	0	0	0	0	102	262	1740	18344	0	0	0	0	0	0	0	0	0	0	0	0	0	0	0	0	0	116	0	0	0	0	0	0	0	0	0	0	0	0	0	0	0	148	4776	51562	972	4456	238	4932	4362	22928	9016	0	0	454	190	7878	502	2778	0	662	1236	4472	12700	16918	7792	2256	2032	170	
219996	Cerebelum_7b_L	0	0	0	0	0	0	0	0	0	0	0	0	0	0	0	0	0	0	0	0	0	0	0	0	0	0	0	0	0	0	0	0	0	0	0	0	0	0	0	0	0	0	0	0	0	0	166	0	0	0	0	0	0	0	1582	0	0	0	0	0	0	0	0	0	0	0	0	0	0	0	0	0	0	0	0	0	0	0	0	0	0	0	0	0	0	0	0	0	132	0	10098	0	36194	2882	136	0	1104	0	3976	0	0	1760	37174	4116	1992	286	222	0	0	0	176	0	3298	4574	130	0	
120788	Cerebelum_7b_R	0	0	0	0	0	0	0	0	0	0	0	0	0	0	0	0	0	0	0	0	0	0	0	0	0	0	0	0	0	0	0	0	0	0	0	0	0	0	0	0	0	0	0	0	0	0	0	0	0	0	0	0	0	0	0	0	0	0	0	0	0	0	0	0	0	0	0	0	0	0	0	0	0	0	0	0	0	0	0	0	0	0	0	0	0	0	0	0	0	0	316	2710	2112	19594	0	0	0	0	108	454	1760	0	2164	22646	362	3266	0	0	0	0	0	0	2180	1936	786	0	
319992	Cerebelum_8_L	0	0	0	0	0	0	0	0	0	0	0	0	0	0	0	0	0	0	0	0	0	0	0	0	0	0	0	0	0	0	0	0	0	0	0	0	0	0	0	0	0	0	0	0	0	0	432	0	0	0	0	0	0	0	2892	0	0	0	0	0	0	0	0	0	0	0	0	0	0	0	0	0	0	0	0	0	0	0	0	0	0	0	0	0	0	0	0	0	178	0	18350	118	36648	2890	302	0	2862	0	8262	190	37174	2164	0	8322	14588	3832	800	0	178	168	568	704	3952	9960	4462	0	
279960	Cerebelum_8_R	0	0	0	0	0	0	0	0	0	0	0	0	0	0	0	0	0	0	0	0	0	0	0	0	0	0	0	0	0	0	0	0	0	0	0	0	0	0	0	0	0	0	0	0	0	0	156	308	0	0	0	0	0	0	0	256	0	0	0	0	0	0	0	0	0	0	0	0	0	0	0	0	0	0	0	0	0	0	0	0	0	0	0	0	0	0	0	0	0	214	2122	19902	3468	32406	0	530	432	420	920	7878	4116	22646	8322	0	1564	12644	0	490	288	1072	1722	956	5238	8528	3382	0	
107532	Cerebelum_9_L	0	0	0	0	0	0	0	0	0	0	0	0	0	0	0	0	0	0	0	0	0	0	0	0	0	0	0	0	0	0	0	0	0	0	0	0	0	0	0	0	0	0	0	0	0	0	0	0	0	0	0	0	0	0	0	0	0	0	0	0	0	0	0	0	0	0	0	0	0	0	0	0	0	0	0	0	0	0	0	0	0	0	0	0	0	0	0	0	0	0	1572	134	860	196	0	204	3942	396	4144	502	1992	362	14588	1564	0	4556	1908	0	670	744	2972	3512	842	2456	4938	712	
138664	Cerebelum_9_R	0	0	0	0	0	0	0	0	0	0	0	0	0	0	0	0	0	0	0	0	0	0	0	0	0	0	0	0	0	0	0	0	0	0	0	0	0	0	0	0	0	0	0	0	0	0	0	126	0	0	0	0	0	0	112	152	0	0	0	0	0	0	0	0	0	0	0	0	0	0	0	0	0	0	0	0	0	0	0	0	0	0	0	0	0	0	0	0	0	0	1328	1818	474	2186	114	498	1500	730	3678	2778	286	3266	3832	12644	4556	0	344	1474	964	1206	1898	5360	3000	5472	8558	978	
15660	Cerebelum_10_L	0	0	0	0	0	0	0	0	0	0	0	0	0	0	0	0	0	0	0	0	0	0	0	0	0	0	0	0	0	0	0	0	0	0	0	0	0	0	0	0	0	0	0	0	0	0	0	0	0	0	0	0	0	0	0	0	0	0	0	0	0	0	0	0	0	0	0	0	0	0	0	0	0	0	0	0	0	0	0	0	0	0	0	0	0	0	0	0	0	0	240	0	0	0	0	0	928	0	1278	0	222	0	800	0	1908	344	0	0	222	260	662	570	0	0	396	0	
10188	Cerebelum_10_R	0	0	0	0	0	0	0	0	0	0	0	0	0	0	0	0	0	0	0	0	0	0	0	0	0	0	0	0	0	0	0	0	0	0	0	0	0	0	0	0	0	0	0	0	0	0	0	0	0	0	0	0	0	0	0	0	0	0	0	0	0	0	0	0	0	0	0	0	0	0	0	0	0	0	0	0	0	0	0	0	0	0	0	0	0	0	0	0	0	0	114	410	0	0	0	0	0	0	160	662	0	0	0	490	0	1474	0	0	0	0	0	250	482	590	462	0	
37836	Vermis_1_2	0	0	0	0	0	0	0	0	0	0	0	0	0	0	0	0	0	0	0	0	0	0	0	0	0	0	0	0	0	0	0	0	0	0	0	0	0	0	0	0	0	0	0	0	0	0	0	0	0	0	0	0	0	0	0	0	0	0	0	0	0	0	0	0	0	0	0	0	0	0	0	0	0	0	0	0	0	0	0	0	0	0	0	0	0	0	0	0	0	0	448	504	0	0	704	1238	822	368	1532	1236	0	0	178	288	670	964	222	0	0	5404	1286	1620	164	336	934	0	
74856	Vermis_3	0	0	0	0	0	0	0	0	0	0	0	0	0	0	0	0	0	0	0	0	0	0	0	0	0	0	0	0	0	0	0	0	0	0	0	0	0	0	256	0	0	0	0	0	0	0	164	484	0	0	0	0	0	0	0	134	0	0	0	0	0	0	0	0	0	0	0	0	0	0	0	0	0	0	0	0	0	0	0	0	0	0	0	0	0	0	0	0	0	0	574	2062	0	446	1818	4370	2016	2600	1856	4472	0	0	168	1072	744	1206	260	0	5404	0	3456	1996	298	474	1098	0	
199624	Vermis_4_5	0	0	0	0	0	0	0	0	0	0	0	0	0	0	0	0	0	0	0	0	0	0	0	0	0	0	0	0	0	0	0	0	0	0	0	446	0	612	0	452	0	0	0	138	0	0	5114	4084	0	0	0	0	0	0	1046	3468	0	0	0	0	0	0	0	0	0	0	0	872	0	0	0	0	0	0	0	0	0	0	0	0	0	0	0	0	0	0	0	0	0	0	1696	7104	240	712	900	1862	14500	10154	9144	12700	176	0	568	1722	2972	1898	662	0	1286	3456	0	6858	290	344	2118	2218	
243064	Vermis_6	0	0	0	0	0	0	0	0	0	0	0	0	0	0	0	0	0	0	0	0	0	0	0	0	0	0	0	0	0	0	0	0	0	0	0	0	0	0	0	0	0	0	0	0	0	0	4636	8306	0	0	0	0	214	212	2456	6246	0	0	0	0	0	0	0	0	0	0	0	0	0	0	0	0	0	0	0	0	0	0	0	0	0	0	0	0	0	0	0	0	0	0	6032	10938	416	876	296	434	4670	1392	16966	16918	0	0	704	956	3512	5360	570	250	1620	1996	6858	0	7830	2794	6022	2052	
168608	Vermis_7	0	0	0	0	0	0	0	0	0	0	0	0	0	0	0	0	0	0	0	0	0	0	0	0	0	0	0	0	0	0	0	0	0	0	0	0	0	0	0	0	0	0	0	0	0	0	1796	2030	0	0	0	0	0	0	482	1214	0	0	0	0	0	0	0	0	0	0	0	0	0	0	0	0	0	0	0	0	0	0	0	0	0	0	0	0	0	0	0	0	0	0	7552	7360	6824	7268	0	164	126	230	5270	7792	3298	2180	3952	5238	842	3000	0	482	164	298	290	7830	0	5474	3148	0	
