data	data	465256	218796	885208	775668	158992	134024	310384	148984	80264	41028	221464	128924	211352	137924	159144	105820	217384	88104	619548	532104	94804	99708	305264	301464	25296	83228	44980	72248	570124	210776	185184	313396	96496	359300	178656	207736	404060	329488	151928	178472	57380	63364	273532	408468	252140	331936	372088	380688	200992	285624	529060	206412	207644	135248	435704	541848	310672	184544	110820	102620	238376	181044	90148	170540	152032	170840	313608	403992	254344	93324	291788	330104	368452	288128	46684	36948	212588	236024	149624	25712	231676	114992	76420	57896	458044	261668	42000	34800	356588	244024	461476	424072	420112	362064	56004	68652	300212	286176	497252	470172	374972	258292	410468	396692	179784	198884	12916	16224	24012	75896	292472	266704	198124	290656	167104	23084	
data	data	Precentral_L	Precentral_R	Frontal_Sup_L	Frontal_Sup_R	Frontal_Sup_Orb_L	Frontal_Sup_Orb_R	Frontal_Mid_L	Frontal_Mid_R	Frontal_Mid_Orb_L	Frontal_Mid_Orb_R	Frontal_Inf_Oper_L	Frontal_Inf_Oper_R	Frontal_Inf_Tri_L	Frontal_Inf_Tri_R	Frontal_Inf_Orb_L	Frontal_Inf_Orb_R	Rolandic_Oper_L	Rolandic_Oper_R	Supp_Motor_Area_L	Supp_Motor_Area_R	Olfactory_L	Olfactory_R	Frontal_Sup_Medial_L	Frontal_Sup_Medial_R	Frontal_Med_Orb_L	Frontal_Med_Orb_R	Rectus_L	Rectus_R	Insula_L	Insula_R	Cingulum_Ant_L	Cingulum_Ant_R	Cingulum_Mid_L	Cingulum_Mid_R	Cingulum_Post_L	Cingulum_Post_R	Hippocampus_L	Hippocampus_R	ParaHippocampal_L	ParaHippocampal_R	Amygdala_L	Amygdala_R	Calcarine_L	Calcarine_R	Cuneus_L	Cuneus_R	Lingual_L	Lingual_R	Occipital_Sup_L	Occipital_Sup_R	Occipital_Mid_L	Occipital_Mid_R	Occipital_Inf_L	Occipital_Inf_R	Fusiform_L	Fusiform_R	Postcentral_L	Postcentral_R	Parietal_Sup_L	Parietal_Sup_R	Parietal_Inf_L	Parietal_Inf_R	SupraMarginal_L	SupraMarginal_R	Angular_L	Angular_R	Precuneus_L	Precuneus_R	Paracentral_Lobule_L	Paracentral_Lobule_R	Caudate_L	Caudate_R	Putamen_L	Putamen_R	Pallidum_L	Pallidum_R	Thalamus_L	Thalamus_R	Heschl_L	Heschl_R	Temporal_Sup_L	Temporal_Sup_R	Temporal_Pole_Sup_L	Temporal_Pole_Sup_R	Temporal_Mid_L	Temporal_Mid_R	Temporal_Pole_Mid_L	Temporal_Pole_Mid_R	Temporal_Inf_L	Temporal_Inf_R	Cerebelum_Crus1_L	Cerebelum_Crus1_R	Cerebelum_Crus2_L	Cerebelum_Crus2_R	Cerebelum_3_L	Cerebelum_3_R	Cerebelum_4_5_L	Cerebelum_4_5_R	Cerebelum_6_L	Cerebelum_6_R	Cerebelum_7b_L	Cerebelum_7b_R	Cerebelum_8_L	Cerebelum_8_R	Cerebelum_9_L	Cerebelum_9_R	Cerebelum_10_L	Cerebelum_10_R	Vermis_1_2	Vermis_3	Vermis_4_5	Vermis_6	Vermis_7	Vermis_8	Vermis_9	Vermis_10	
465256	Precentral_L	0	2920	23544	4338	0	0	18444	438	0	0	11078	0	696	132	0	88	11252	0	19262	11236	0	0	0	0	0	0	0	0	10360	108	128	0	366	2970	1668	1586	5930	1398	984	0	0	0	0	0	0	0	0	0	0	0	2884	0	1052	0	418	0	26978	244	224	0	3126	0	894	0	1212	0	258	176	25032	1320	4704	800	3362	0	350	0	13440	2848	4694	0	4516	0	0	0	3386	0	0	0	1784	0	0	0	0	0	0	0	0	0	0	0	0	0	0	0	0	0	0	0	0	0	0	0	0	0	0	0	
218796	Precentral_R	2920	0	1222	12062	0	0	144	3742	0	0	176	4158	0	274	0	230	80	430	1636	5312	0	0	0	0	0	0	0	0	422	464	0	0	0	0	1926	1672	2536	5844	978	412	0	0	0	1382	0	244	304	328	0	100	0	88	0	264	96	888	1092	20170	0	176	102	1738	0	2612	0	718	0	1840	1446	6110	232	3780	0	1430	0	0	1842	10772	484	130	0	1304	0	0	92	1172	0	0	0	1822	0	0	0	0	0	0	0	0	0	0	0	0	0	0	0	0	0	0	0	0	0	0	0	0	0	0	
885208	Frontal_Sup_L	23544	1222	0	13456	9142	0	55910	2306	1684	0	14918	722	16204	884	4836	558	15280	0	76050	20446	86	0	35862	1864	164	0	0	0	33900	0	7704	3260	1772	9070	490	614	6486	336	1206	0	0	0	0	0	0	0	0	0	0	0	132	0	0	0	738	0	4138	0	0	0	286	0	254	0	146	0	0	0	8172	0	14044	494	26662	0	5586	0	12532	1152	1330	0	5292	0	676	0	538	0	0	0	456	0	0	0	0	0	0	0	0	0	0	0	0	0	0	0	0	0	0	0	0	0	0	0	0	0	0	0	
775668	Frontal_Sup_R	4338	12062	13456	0	388	10400	874	23638	0	820	626	10292	564	10710	562	7152	0	8900	14230	47978	0	340	15346	43466	120	2382	0	192	2596	10156	4366	22622	1020	20260	278	478	932	2640	144	718	0	0	0	0	0	0	0	0	0	0	0	0	0	0	0	396	948	3428	0	0	96	428	0	512	0	0	0	0	2906	90	7082	31196	2194	15756	0	4078	2064	20380	0	454	0	506	0	274	0	0	0	0	0	0	0	0	0	0	0	0	0	0	0	0	0	0	0	0	0	0	0	0	0	0	0	0	0	0	0	0	
158992	Frontal_Sup_Orb_L	0	0	9142	388	0	0	2706	758	11084	0	880	872	4148	544	11676	0	0	0	1668	266	1780	0	2178	0	1814	0	5948	0	10222	0	1814	0	0	156	0	0	0	0	0	0	0	0	0	0	0	0	0	0	0	0	0	0	0	0	0	0	0	0	0	0	0	0	0	0	0	0	0	0	0	0	2336	0	8750	0	0	0	0	0	0	0	0	0	366	0	0	0	0	0	0	0	0	0	0	0	0	0	0	0	0	0	0	0	0	0	0	0	0	0	0	0	0	0	0	0	0	0	
134024	Frontal_Sup_Orb_R	0	0	0	10400	0	0	0	1098	0	3058	0	78	0	572	0	1860	0	0	0	972	262	1454	850	6026	480	8352	282	7612	0	950	454	5600	0	136	0	0	0	0	0	0	0	0	0	0	0	0	0	0	0	0	0	0	0	0	0	0	0	0	0	0	0	0	0	0	0	0	0	0	0	0	372	9692	190	6262	0	0	0	0	0	0	0	0	0	0	0	0	0	0	0	0	0	0	0	0	0	0	0	0	0	0	0	0	0	0	0	0	0	0	0	0	0	0	0	0	0	0	
310384	Frontal_Mid_L	18444	144	55910	874	2706	0	0	384	940	0	8252	0	18284	206	2646	98	2548	0	11292	686	0	0	11614	180	0	0	0	0	7334	80	2736	352	262	224	100	174	1182	90	232	0	0	0	0	0	0	0	0	0	0	0	96	0	0	0	0	0	390	0	0	0	0	0	0	0	0	0	0	0	186	0	2074	124	862	0	0	0	1664	302	280	0	846	0	0	0	270	0	0	0	124	0	0	0	0	0	0	0	0	0	0	0	0	0	0	0	0	0	0	0	0	0	0	0	0	0	0	0	
148984	Frontal_Mid_R	438	3742	2306	23638	758	1098	384	0	0	1356	132	6776	0	9352	212	1552	0	88	1600	2906	0	80	844	4154	0	0	0	0	1132	474	432	504	0	1914	0	0	0	266	0	80	0	0	0	0	0	0	0	0	0	0	0	0	0	0	0	0	0	302	0	0	0	0	0	0	0	0	0	0	126	0	3918	620	872	740	0	210	114	1372	0	0	0	0	0	0	0	0	0	0	0	0	0	0	0	0	0	0	0	0	0	0	0	0	0	0	0	0	0	0	0	0	0	0	0	0	0	0	
80264	Frontal_Mid_Orb_L	0	0	1684	0	11084	0	940	0	0	0	0	0	2126	0	13860	0	0	0	96	0	276	0	348	0	242	0	2244	0	3462	0	386	0	0	0	0	0	0	0	0	0	0	0	0	0	0	0	0	0	0	0	0	0	0	0	0	0	0	0	0	0	0	0	0	0	0	0	0	0	0	0	462	0	2922	0	0	0	0	0	0	0	0	0	0	0	0	0	0	0	0	0	0	0	0	0	0	0	0	0	0	0	0	0	0	0	0	0	0	0	0	0	0	0	0	0	0	0	
41028	Frontal_Mid_Orb_R	0	0	0	820	0	3058	0	1356	0	0	0	0	0	1342	0	5842	0	0	0	0	406	876	0	0	0	78	0	1344	0	630	0	0	0	0	0	0	0	0	0	0	0	0	0	0	0	0	0	0	0	0	0	0	0	0	0	0	0	0	0	0	0	0	0	0	0	0	0	0	0	0	524	2004	316	1918	0	0	0	0	0	0	0	0	0	0	0	0	0	0	0	0	0	0	0	0	0	0	0	0	0	0	0	0	0	0	0	0	0	0	0	0	0	0	0	0	0	0	
221464	Frontal_Inf_Oper_L	11078	176	14918	626	880	0	8252	132	0	0	0	0	12570	514	858	512	10598	0	8622	420	0	0	562	290	0	0	0	0	18058	0	1252	130	0	110	496	450	1984	272	438	0	0	0	0	0	0	0	0	0	0	0	0	0	0	0	340	0	5118	0	0	0	122	0	98	0	0	0	0	0	0	0	1170	0	2038	0	0	0	1160	588	1024	0	3152	0	990	0	324	0	0	0	410	0	0	0	0	0	0	0	0	0	0	0	0	0	0	0	0	0	0	0	0	0	0	0	0	0	0	0	
128924	Frontal_Inf_Oper_R	0	4158	722	10292	872	78	0	6776	0	0	0	0	0	9450	228	148	0	3672	234	2316	0	0	168	528	0	0	0	0	1114	9326	0	90	0	1088	0	0	0	538	0	344	0	0	0	0	0	0	0	0	0	0	0	0	0	0	0	208	0	1342	0	0	0	0	0	0	0	0	0	0	0	0	2030	3024	590	3162	0	582	0	888	0	0	0	0	0	494	0	0	0	0	0	0	0	0	0	0	0	0	0	0	0	0	0	0	0	0	0	0	0	0	0	0	0	0	0	0	0	0	
211352	Frontal_Inf_Tri_L	696	0	16204	564	4148	0	18284	0	2126	0	12570	0	0	344	8986	360	362	0	6656	374	0	0	6506	258	0	0	0	0	21352	0	2860	224	0	132	0	0	0	0	0	0	0	0	0	0	0	0	0	0	0	0	0	0	0	0	0	0	92	0	0	0	0	0	0	0	0	0	0	0	0	0	646	0	1694	0	0	0	0	0	0	0	108	0	130	0	0	0	0	0	0	0	0	0	0	0	0	0	0	0	0	0	0	0	0	0	0	0	0	0	0	0	0	0	0	0	0	0	
137924	Frontal_Inf_Tri_R	132	274	884	10710	544	572	206	9352	0	1342	514	9450	344	0	90	4928	0	242	362	3190	0	0	1162	3138	0	0	0	0	1048	7706	756	1872	0	1850	0	0	0	118	0	90	0	0	0	0	0	0	0	0	0	0	0	0	0	0	0	0	0	0	0	0	0	0	0	0	0	0	0	0	0	0	2236	3684	578	1310	0	162	0	0	0	0	0	0	0	116	0	0	0	0	0	0	0	0	0	0	0	0	0	0	0	0	0	0	0	0	0	0	0	0	0	0	0	0	0	0	0	0	
159144	Frontal_Inf_Orb_L	0	0	4836	562	11676	0	2646	212	13860	0	858	228	8986	90	0	0	0	0	1478	478	2080	0	984	0	98	0	836	0	16202	0	574	82	0	276	0	0	578	0	206	0	482	0	0	0	0	0	0	0	0	0	0	0	0	0	0	0	0	0	0	0	0	0	0	0	0	0	0	0	0	0	970	0	9480	0	0	0	0	0	0	0	0	0	814	0	0	0	0	0	0	0	0	0	0	0	0	0	0	0	0	0	0	0	0	0	0	0	0	0	0	0	0	0	0	0	0	0	
105820	Frontal_Inf_Orb_R	88	230	558	7152	0	1860	98	1552	0	5842	512	148	360	4928	0	0	0	0	470	4702	0	1220	142	516	0	0	0	850	296	6166	156	630	0	410	0	0	0	0	0	0	0	0	0	0	0	0	0	0	0	0	0	0	0	0	0	0	0	0	0	0	0	0	0	0	0	0	0	0	0	0	904	9110	374	3230	0	0	0	406	0	0	0	0	0	0	0	0	0	0	0	0	0	0	0	0	0	0	0	0	0	0	0	0	0	0	0	0	0	0	0	0	0	0	0	0	0	0	
217384	Rolandic_Oper_L	11252	80	15280	0	0	0	2548	0	0	0	10598	0	362	0	0	0	0	0	7070	0	0	0	0	0	0	0	0	0	21052	0	0	0	0	0	246	186	2902	92	376	0	0	0	0	0	0	0	0	0	0	0	1164	0	234	0	638	0	10026	0	0	0	662	0	1350	0	212	0	0	0	752	0	484	0	1854	0	0	0	1100	240	5938	0	8766	0	554	0	1358	0	0	0	1316	0	0	0	0	0	0	0	0	0	0	0	0	0	0	0	0	0	0	0	0	0	0	0	0	0	0	0	
88104	Rolandic_Oper_R	0	430	0	8900	0	0	0	88	0	0	0	3672	0	242	0	0	0	0	0	852	0	0	0	0	0	0	0	0	0	10258	0	0	0	0	136	132	122	1542	0	114	0	0	0	0	0	0	0	0	0	0	0	0	0	0	0	246	0	3214	0	0	0	262	0	2350	0	490	0	0	0	0	0	102	0	2286	0	254	0	688	0	2744	0	3744	0	908	0	152	0	0	0	124	0	0	0	0	0	0	0	0	0	0	0	0	0	0	0	0	0	0	0	0	0	0	0	0	0	0	
619548	Supp_Motor_Area_L	19262	1636	76050	14230	1668	0	11292	1600	96	0	8622	234	6656	362	1478	470	7070	0	0	30290	0	0	11956	2674	0	0	0	0	19668	0	3498	4248	4960	17264	538	312	3026	188	522	0	0	0	0	0	0	0	0	0	0	0	0	0	0	0	476	0	1008	0	0	0	132	0	104	0	0	0	138	0	16458	0	8284	514	14974	0	2462	0	9482	1360	498	0	2908	0	530	0	276	0	0	0	300	0	0	0	0	0	0	0	0	0	0	0	0	0	0	0	0	0	0	0	0	0	0	0	0	0	0	0	
532104	Supp_Motor_Area_R	11236	5312	20446	47978	266	972	686	2906	0	0	420	2316	374	3190	478	4702	0	852	30290	0	0	90	2126	9192	0	0	0	0	2208	2124	4242	10474	4668	35698	1096	3252	84	1218	0	198	0	0	0	736	0	0	0	0	0	0	0	0	0	298	0	798	440	856	0	0	0	156	0	240	0	124	246	1586	12402	9764	5560	12612	1792	3016	0	200	906	1690	0	164	0	600	0	0	0	966	0	0	0	1806	0	0	0	0	0	0	0	0	0	0	0	0	0	0	0	0	0	0	0	0	0	0	0	0	0	0	
94804	Olfactory_L	0	0	86	0	1780	262	0	0	276	406	0	0	0	0	2080	0	0	0	0	0	0	5624	0	0	582	376	2012	1696	3482	86	2696	2178	0	0	0	0	1236	0	1236	0	1542	0	0	0	0	0	0	0	0	0	0	0	0	0	258	0	0	0	0	0	0	0	0	0	0	0	0	0	0	0	6712	3968	4818	2662	204	0	0	0	0	0	0	0	1144	0	0	0	0	0	0	0	0	0	0	0	0	0	0	0	0	0	0	0	0	0	0	0	0	0	0	0	0	0	0	0	0	0	
99708	Olfactory_R	0	0	0	340	0	1454	0	80	0	876	0	0	0	0	0	1220	0	0	0	90	5624	0	0	0	314	1114	520	4868	0	2988	1958	2422	0	0	0	0	0	136	0	140	0	208	0	0	0	0	0	0	0	0	0	0	0	0	0	0	0	0	0	0	0	0	0	0	0	0	0	0	0	0	7692	8094	5026	4072	362	160	0	0	0	0	0	0	0	96	0	0	0	0	0	0	0	0	0	0	0	0	0	0	0	0	0	0	0	0	0	0	0	0	0	0	0	0	0	0	0	0	
305264	Frontal_Sup_Medial_L	0	0	35862	15346	2178	850	11614	844	348	0	562	168	6506	1162	984	142	0	0	11956	2126	0	0	0	20644	616	1028	0	0	4720	244	8558	12894	2576	10312	0	0	0	0	0	0	0	0	0	0	0	0	0	0	0	0	0	0	0	0	0	0	0	0	0	0	0	0	0	0	0	0	0	0	0	0	140	0	252	0	0	0	0	0	0	0	0	0	0	0	0	0	0	0	0	0	0	0	0	0	0	0	0	0	0	0	0	0	0	0	0	0	0	0	0	0	0	0	0	0	0	0	
301464	Frontal_Sup_Medial_R	0	0	1864	43466	0	6026	180	4154	0	0	290	528	258	3138	0	516	0	0	2674	9192	0	0	20644	0	540	4888	0	422	132	570	5078	24408	1294	14778	0	0	0	0	0	0	0	0	0	0	0	0	0	0	0	0	0	0	0	0	0	0	0	0	0	0	0	0	0	0	0	0	0	0	0	0	932	2508	542	1710	0	0	0	0	0	0	0	0	0	0	0	0	0	0	0	0	0	0	0	0	0	0	0	0	0	0	0	0	0	0	0	0	0	0	0	0	0	0	0	0	0	0	
25296	Frontal_Med_Orb_L	0	0	164	120	1814	480	0	0	242	0	0	0	0	0	98	0	0	0	0	0	582	314	616	540	0	1330	2078	170	0	0	1726	466	0	0	0	0	0	0	0	0	0	0	0	0	0	0	0	0	0	0	0	0	0	0	0	0	0	0	0	0	0	0	0	0	0	0	0	0	0	0	872	182	744	110	0	0	0	0	0	0	0	0	0	0	0	0	0	0	0	0	0	0	0	0	0	0	0	0	0	0	0	0	0	0	0	0	0	0	0	0	0	0	0	0	0	0	
83228	Frontal_Med_Orb_R	0	0	0	2382	0	8352	0	0	0	78	0	0	0	0	0	0	0	0	0	0	376	1114	1028	4888	1330	0	356	5576	0	0	1884	5902	0	0	0	0	0	0	0	0	0	0	0	0	0	0	0	0	0	0	0	0	0	0	0	0	0	0	0	0	0	0	0	0	0	0	0	0	0	0	310	4348	164	3526	0	0	0	0	0	0	0	0	0	0	0	0	0	0	0	0	0	0	0	0	0	0	0	0	0	0	0	0	0	0	0	0	0	0	0	0	0	0	0	0	0	0	
44980	Rectus_L	0	0	0	0	5948	282	0	0	2244	0	0	0	0	0	836	0	0	0	0	0	2012	520	0	0	2078	356	0	668	324	0	1990	562	0	0	0	0	0	0	0	0	0	0	0	0	0	0	0	0	0	0	0	0	0	0	0	0	0	0	0	0	0	0	0	0	0	0	0	0	0	0	2038	152	2244	130	0	0	0	0	0	0	0	0	106	0	0	0	0	0	0	0	0	0	0	0	0	0	0	0	0	0	0	0	0	0	0	0	0	0	0	0	0	0	0	0	0	0	
72248	Rectus_R	0	0	0	192	0	7612	0	0	0	1344	0	0	0	0	0	850	0	0	0	0	1696	4868	0	422	170	5576	668	0	0	1050	810	3002	0	0	0	0	0	0	0	0	0	0	0	0	0	0	0	0	0	0	0	0	0	0	0	0	0	0	0	0	0	0	0	0	0	0	0	0	0	0	1796	3708	848	1412	100	0	0	0	0	0	0	0	0	0	0	0	0	0	0	0	0	0	0	0	0	0	0	0	0	0	0	0	0	0	0	0	0	0	0	0	0	0	0	0	0	0	
570124	Insula_L	10360	422	33900	2596	10222	0	7334	1132	3462	0	18058	1114	21352	1048	16202	296	21052	0	19668	2208	3482	0	4720	132	0	0	324	0	0	110	2016	180	0	1028	1068	868	13040	478	4096	0	2310	0	0	0	0	0	0	0	0	0	1586	0	542	0	6738	0	7740	0	0	0	806	0	1144	0	394	0	0	0	916	0	4954	0	19504	0	0	0	2638	900	10518	0	9162	0	2836	0	2926	0	310	0	6964	0	0	0	0	0	0	0	86	0	120	0	0	0	0	0	0	0	0	0	0	0	0	0	0	0	0	0	
210776	Insula_R	108	464	0	10156	0	950	80	474	0	630	0	9326	0	7706	0	6166	0	10258	0	2124	86	2988	244	570	0	0	0	1050	110	0	124	688	0	304	314	242	238	7700	0	2626	0	344	0	140	0	0	0	182	0	0	0	0	0	172	0	3528	0	880	0	0	0	226	0	0	0	0	0	124	0	124	318	2348	0	18954	0	1070	0	1074	0	1962	0	4130	0	912	0	1016	0	0	0	2158	0	0	0	0	0	0	0	0	0	0	0	0	0	0	0	0	0	0	0	0	0	0	0	0	0	0	
185184	Cingulum_Ant_L	128	0	7704	4366	1814	454	2736	432	386	0	1252	0	2860	756	574	156	0	0	3498	4242	2696	1958	8558	5078	1726	1884	1990	810	2016	124	0	15464	2760	4306	0	0	0	0	0	0	0	0	0	0	0	0	0	0	0	0	0	0	0	0	0	0	0	0	0	0	0	0	0	0	0	0	0	0	0	0	4314	2046	4118	1386	0	0	0	0	0	0	0	0	0	0	0	0	0	0	0	0	0	0	0	0	0	0	0	0	0	0	0	0	0	0	0	0	0	0	0	0	0	0	0	0	0	0	
313396	Cingulum_Ant_R	0	0	3260	22622	0	5600	352	504	0	0	130	90	224	1872	82	630	0	0	4248	10474	2178	2422	12894	24408	466	5902	562	3002	180	688	15464	0	2540	18374	0	0	0	0	0	0	0	0	0	0	0	0	0	0	0	0	0	0	0	0	0	0	0	0	0	0	0	0	0	0	0	0	0	0	0	0	2744	8490	1096	5200	0	0	0	0	0	0	0	0	0	0	0	0	0	0	0	0	0	0	0	0	0	0	0	0	0	0	0	0	0	0	0	0	0	0	0	0	0	0	0	0	0	0	
96496	Cingulum_Mid_L	366	0	1772	1020	0	0	262	0	0	0	0	0	0	0	0	0	0	0	4960	4668	0	0	2576	1294	0	0	0	0	0	0	2760	2540	0	10170	2820	624	0	0	0	0	0	0	0	178	490	88	0	184	302	0	462	0	0	0	0	0	216	0	88	0	0	0	0	0	0	0	3670	1826	3930	752	0	0	0	0	0	0	0	0	0	0	0	0	0	0	230	0	0	0	0	0	0	0	0	0	0	0	0	0	0	0	0	0	0	0	0	0	0	0	0	0	0	0	0	0	0	0	
359300	Cingulum_Mid_R	2970	0	9070	20260	156	136	224	1914	0	0	110	1088	132	1850	276	410	0	0	17264	35698	0	0	10312	14778	0	0	0	0	1028	304	4306	18374	10170	0	1124	6022	0	0	0	0	0	0	92	1046	0	748	0	956	0	270	0	140	0	0	0	192	0	246	0	156	0	0	0	0	0	0	1474	5350	4144	5082	828	446	188	0	0	0	0	0	0	0	0	0	0	0	0	118	0	0	0	198	0	0	0	0	0	0	0	0	0	0	0	0	0	0	0	0	0	0	0	0	0	0	0	0	0	0	
178656	Cingulum_Post_L	1668	1926	490	278	0	0	100	0	0	0	496	0	0	0	0	0	246	136	538	1096	0	0	0	0	0	0	0	0	1068	314	0	0	2820	1124	0	12740	11296	7980	2878	2390	0	0	1922	160	2594	176	2100	290	918	0	3534	0	1780	0	568	486	1248	0	0	0	88	0	0	0	0	0	8158	1116	1046	1012	0	0	0	0	0	0	1590	5392	1232	254	188	136	0	0	2480	180	0	0	910	186	0	0	0	0	0	0	0	0	0	0	0	0	0	0	0	0	0	0	0	0	0	0	0	0	0	0	
207736	Cingulum_Post_R	1586	1672	614	478	0	0	174	0	0	0	450	0	0	0	0	0	186	132	312	3252	0	0	0	0	0	0	0	0	868	242	0	0	624	6022	12740	0	9474	10356	2332	2696	0	0	484	5754	0	1590	1036	5152	0	932	84	514	0	610	108	1428	522	406	0	252	0	104	0	0	0	0	2010	13182	550	2758	0	0	82	0	0	0	1822	5528	952	172	130	174	0	0	142	958	0	0	0	2100	0	0	0	0	0	0	0	0	0	0	0	0	0	0	0	0	0	0	0	0	122	0	0	0	0	0	
404060	Hippocampus_L	5930	2536	6486	932	0	0	1182	0	0	0	1984	0	0	0	578	0	2902	122	3026	84	1236	0	0	0	0	0	0	0	13040	238	0	0	0	0	11296	9474	0	8094	20806	2536	9458	0	820	0	0	0	3488	542	174	0	2566	0	760	0	16634	296	4084	0	342	0	1262	0	124	0	996	0	3652	744	1018	0	272	0	10028	112	1408	0	9126	8518	7416	162	4986	96	1012	0	7238	0	434	0	11172	0	150	0	0	0	0	0	240	0	218	0	0	0	0	0	0	0	0	0	0	0	0	0	0	0	0	0	
329488	Hippocampus_R	1398	5844	336	2640	0	0	90	266	0	0	272	538	0	118	0	0	92	1542	188	1218	0	136	0	0	0	0	0	0	478	7700	0	0	0	0	7980	10356	8094	0	2122	24956	0	8768	100	1492	0	0	1032	3728	0	0	0	0	0	978	122	23380	498	722	0	0	0	172	0	162	0	84	1138	4612	404	280	0	314	116	11544	0	1830	1070	8818	530	1118	0	1624	0	462	0	3286	0	102	0	8116	0	200	0	0	0	0	0	1250	0	328	0	0	0	0	0	0	0	0	0	0	0	0	0	0	0	0	
151928	ParaHippocampal_L	984	978	1206	144	0	0	232	0	0	0	438	0	0	0	206	0	376	0	522	0	1236	0	0	0	0	0	0	0	4096	0	0	0	0	0	2878	2332	20806	2122	0	740	4754	0	264	0	0	0	3648	374	0	0	424	0	340	0	8920	132	370	0	0	0	108	0	0	0	94	0	1348	366	130	0	110	0	3224	0	152	0	2444	2438	704	0	338	0	1150	0	600	0	1158	0	2138	0	120	0	0	0	182	0	386	0	252	0	0	0	0	0	0	0	0	0	0	0	0	0	0	0	0	0	
178472	ParaHippocampal_R	0	412	0	718	0	0	0	80	0	0	0	344	0	90	0	0	0	114	0	198	0	140	0	0	0	0	0	0	0	2626	0	0	0	0	2390	2696	2536	24956	740	0	0	9604	0	400	0	0	462	2894	0	0	0	0	0	102	80	16664	0	0	0	0	0	0	0	0	0	0	298	1262	0	0	0	0	0	5760	0	1442	112	2970	0	0	0	104	0	2158	0	1118	0	1696	0	1680	0	314	0	0	0	0	0	1618	0	458	0	0	0	0	0	0	0	0	0	0	0	0	0	0	0	0	
57380	Amygdala_L	0	0	0	0	0	0	0	0	0	0	0	0	0	0	482	0	0	0	0	0	1542	0	0	0	0	0	0	0	2310	0	0	0	0	0	0	0	9458	0	4754	0	0	0	0	0	0	0	0	0	0	0	0	0	0	0	5550	0	0	0	0	0	0	0	0	0	0	0	0	0	0	0	0	0	364	0	0	0	0	0	0	0	0	0	1306	0	0	0	864	0	2060	0	0	0	0	0	0	0	0	0	0	0	0	0	0	0	0	0	0	0	0	0	0	0	0	0	0	0	
63364	Amygdala_R	0	0	0	0	0	0	0	0	0	0	0	0	0	0	0	0	0	0	0	0	0	208	0	0	0	0	0	0	0	344	0	0	0	0	0	0	0	8768	0	9604	0	0	0	0	0	0	0	0	0	0	0	0	0	0	0	7214	0	0	0	0	0	0	0	0	0	0	0	0	0	0	0	0	0	946	0	0	0	0	0	0	0	0	0	1950	0	704	0	542	0	1314	0	0	0	0	0	0	0	88	0	0	0	0	0	0	0	0	0	0	0	0	0	0	0	0	0	0	
273532	Calcarine_L	0	0	0	0	0	0	0	0	0	0	0	0	0	0	0	0	0	0	0	0	0	0	0	0	0	0	0	0	0	0	0	0	0	92	1922	484	820	100	264	0	0	0	0	9798	22662	7802	19412	3772	11452	2908	20996	560	6070	208	1874	450	0	0	0	0	0	0	172	0	0	0	16240	1290	216	0	0	0	0	0	0	0	0	0	0	0	0	0	0	0	3022	0	0	0	354	0	0	130	0	0	0	0	1010	580	452	396	0	0	0	0	0	0	0	0	0	0	1120	138	0	0	0	0	
408468	Calcarine_R	0	1382	0	0	0	0	0	0	0	0	0	0	0	0	0	0	0	0	0	736	0	0	0	0	0	0	0	0	0	140	0	0	178	1046	160	5754	0	1492	0	400	0	0	9798	0	10148	31292	1158	27486	198	20346	0	12402	0	8878	0	9198	0	2544	0	350	0	518	0	254	0	3326	994	37840	0	1334	0	0	0	0	0	0	0	0	0	0	0	0	0	0	0	8878	0	0	0	5066	0	84	0	0	0	0	0	0	100	318	0	0	0	0	0	0	0	0	0	0	206	230	0	0	0	0	
252140	Cuneus_L	0	0	0	0	0	0	0	0	0	0	0	0	0	0	0	0	0	0	0	0	0	0	0	0	0	0	0	0	0	0	0	0	490	0	2594	0	0	0	0	0	0	0	22662	10148	0	16842	3732	982	21322	7070	16682	858	1268	392	270	166	0	0	702	0	0	0	0	0	0	0	15742	1490	308	0	0	0	0	0	0	0	0	0	0	0	0	0	0	0	1616	240	0	0	216	162	0	0	0	0	0	0	0	0	116	0	0	0	0	0	0	0	0	0	0	0	0	0	0	0	0	0	
331936	Cuneus_R	0	244	0	0	0	0	0	0	0	0	0	0	0	0	0	0	0	0	0	0	0	0	0	0	0	0	0	0	0	0	0	0	88	748	176	1590	0	0	0	0	0	0	7802	31292	16842	0	544	6316	656	38234	148	12338	0	2286	0	1796	0	1120	0	5522	0	230	0	204	0	782	4656	30212	0	312	0	0	0	0	0	0	0	0	0	0	0	0	0	0	0	864	0	0	0	514	0	0	0	0	0	0	0	0	128	0	0	0	0	0	0	0	0	0	0	0	152	172	0	0	0	0	
372088	Lingual_L	0	304	0	0	0	0	0	0	0	0	0	0	0	0	0	0	0	0	0	0	0	0	0	0	0	0	0	0	0	0	0	0	0	0	2100	1036	3488	1032	3648	462	0	0	19412	1158	3732	544	0	6250	3314	444	17624	118	12498	368	21228	2638	0	0	0	0	0	0	0	0	0	0	9306	248	0	0	0	0	92	0	0	0	526	952	0	0	0	0	0	0	1152	0	0	0	472	0	6938	1290	664	82	580	102	14702	3154	22258	3836	0	0	80	0	588	226	0	0	0	146	7058	7584	1980	320	310	0	
380688	Lingual_R	0	328	0	0	0	0	0	0	0	0	0	0	0	0	0	0	0	0	0	0	0	0	0	0	0	0	0	0	0	182	0	0	184	956	290	5152	542	3728	374	2894	0	0	3772	27486	982	6316	6250	0	0	6994	206	4488	296	8366	1066	24770	0	314	0	104	0	0	0	0	0	132	454	16022	0	246	0	0	0	364	0	0	0	1530	0	0	0	0	0	0	0	494	0	0	0	1688	2716	4834	248	626	0	276	2526	9866	6564	12222	0	0	0	0	180	0	0	0	0	156	9316	10312	3532	0	0	0	
200992	Occipital_Sup_L	0	0	0	0	0	0	0	0	0	0	0	0	0	0	0	0	0	0	0	0	0	0	0	0	0	0	0	0	0	0	0	0	302	0	918	0	174	0	0	0	0	0	11452	198	21322	656	3314	0	0	92	34208	0	2440	0	1260	166	1008	0	5100	0	1698	0	0	0	334	0	13896	0	412	0	0	0	0	0	0	0	0	0	154	0	0	0	0	0	376	0	0	0	260	0	0	0	0	0	0	0	80	0	316	166	0	0	0	0	0	0	0	0	0	0	0	194	0	0	0	0	
285624	Occipital_Sup_R	0	100	0	0	0	0	0	0	0	0	0	0	0	0	0	0	0	0	0	0	0	0	0	0	0	0	0	0	0	0	0	0	0	270	0	932	0	0	0	0	0	0	2908	20346	7070	38234	444	6994	92	0	0	23768	0	2500	0	2690	0	532	0	7464	0	1748	0	714	0	5248	1448	17428	0	146	0	0	0	0	0	0	0	0	0	0	0	198	0	0	0	728	0	0	0	204	0	0	0	0	0	0	0	0	176	152	0	0	0	0	0	0	0	0	0	0	0	278	0	0	0	0	
529060	Occipital_Mid_L	2884	0	132	0	0	0	96	0	0	0	0	0	0	0	0	0	1164	0	0	0	0	0	0	0	0	0	0	0	1586	0	0	0	462	0	3534	84	2566	0	424	0	0	0	20996	0	16682	148	17624	206	34208	0	0	0	28998	0	8844	346	7442	0	8406	0	11816	0	2022	0	12536	0	17460	0	2706	0	0	0	148	0	0	0	250	0	3754	0	2084	0	0	0	34498	0	0	0	15034	0	324	0	78	0	0	0	1092	102	2166	342	0	0	0	0	0	0	0	0	0	0	698	588	0	0	0	0	
206412	Occipital_Mid_R	0	88	0	0	0	0	0	0	0	0	0	0	0	0	0	0	0	0	0	0	0	0	0	0	0	0	0	0	0	0	0	0	0	140	0	514	0	0	0	0	0	0	560	12402	858	12338	118	4488	0	23768	0	0	0	4818	0	1526	0	504	0	2546	0	5204	0	998	0	12360	426	7862	0	100	0	0	0	0	0	0	0	0	0	0	0	338	0	0	0	9926	0	0	0	972	0	0	0	0	0	0	0	0	80	122	0	0	0	0	0	0	0	0	0	0	0	150	0	0	0	0	
207644	Occipital_Inf_L	1052	0	0	0	0	0	0	0	0	0	0	0	0	0	0	0	234	0	0	0	0	0	0	0	0	0	0	0	542	0	0	0	0	0	1780	0	760	0	340	0	0	0	6070	0	1268	0	12498	296	2440	0	28998	0	0	0	13826	516	590	0	162	0	312	0	1560	0	184	0	2338	0	320	0	0	0	0	0	0	0	0	0	906	0	552	0	0	0	8606	0	0	0	4724	0	1906	194	128	0	0	0	2474	140	5772	618	0	0	0	0	0	0	0	0	0	0	436	938	342	0	0	0	
135248	Occipital_Inf_R	0	264	0	0	0	0	0	0	0	0	0	0	0	0	0	0	0	0	0	298	0	0	0	0	0	0	0	0	0	172	0	0	0	0	0	610	0	978	0	102	0	0	208	8878	392	2286	368	8366	0	2500	0	4818	0	0	158	14872	0	0	0	0	0	0	0	0	0	0	0	3682	0	216	0	0	0	0	0	0	0	0	0	0	0	0	0	0	0	4128	0	0	0	5762	496	718	88	0	0	0	90	522	832	2938	0	0	0	0	0	0	0	0	0	0	492	1680	710	0	0	0	
435704	Fusiform_L	418	96	738	0	0	0	0	0	0	0	340	0	0	0	0	0	638	0	476	0	258	0	0	0	0	0	0	0	6738	0	0	0	0	0	568	108	16634	122	8920	80	5550	0	1874	0	270	0	21228	1066	1260	0	8844	0	13826	158	0	1424	300	0	0	0	394	0	286	0	464	0	2070	0	78	0	0	0	1892	0	0	0	532	232	1146	0	3564	0	4434	0	5916	0	3170	0	20542	0	20890	336	606	0	190	0	16450	560	33244	1832	124	0	262	0	144	260	0	0	0	0	1708	3410	568	310	304	0	
541848	Fusiform_R	0	888	0	396	0	0	0	0	0	0	0	208	0	0	0	0	0	246	0	798	0	0	0	0	0	0	0	0	0	3528	0	0	0	192	486	1428	296	23380	132	16664	0	7214	450	9198	166	1796	2638	24770	166	2690	346	1526	516	14872	1424	0	0	154	0	0	0	0	0	0	0	0	0	6698	0	554	0	0	0	5314	0	824	0	2432	0	254	0	1528	0	4914	0	7850	0	3280	0	23660	2302	17580	156	866	0	876	876	17522	4578	31050	0	278	0	362	0	0	0	0	0	392	8802	8704	2610	94	0	0	
310672	Postcentral_L	26978	1092	4138	948	0	0	390	0	0	0	5118	0	92	0	0	0	10026	0	1008	440	0	0	0	0	0	0	0	0	7740	0	0	0	216	0	1248	522	4084	498	370	0	0	0	0	0	0	0	0	0	1008	0	7442	0	590	0	300	0	0	0	10114	0	24380	0	4192	0	2780	0	7566	0	8568	144	2454	0	1358	0	0	0	1714	632	5234	0	3744	0	0	0	5354	0	0	0	2854	0	0	0	0	0	0	0	0	0	0	0	0	0	0	0	0	0	0	0	0	0	0	0	0	0	0	0	
184544	Postcentral_R	244	20170	0	3428	0	0	0	302	0	0	0	1342	0	0	0	0	0	3214	0	856	0	0	0	0	0	0	0	0	0	880	0	0	0	246	0	406	0	722	0	0	0	0	0	2544	0	1120	0	314	0	532	0	504	0	0	0	154	0	0	0	6514	0	15278	0	12296	0	2542	0	8200	140	5054	0	120	0	894	0	0	0	714	0	132	0	2222	0	0	0	722	0	0	0	466	0	0	0	0	0	0	0	0	0	0	0	0	0	0	0	0	0	0	0	0	0	0	0	0	0	0	
110820	Parietal_Sup_L	224	0	0	0	0	0	0	0	0	0	0	0	0	0	0	0	0	0	0	0	0	0	0	0	0	0	0	0	0	0	0	0	88	0	0	0	342	0	0	0	0	0	0	0	702	0	0	0	5100	0	8406	0	162	0	0	0	10114	0	0	0	13598	0	0	0	640	0	11860	0	2676	0	0	0	0	0	0	0	0	0	278	0	0	0	0	0	628	0	0	0	592	0	0	0	0	0	0	0	0	0	0	0	0	0	0	0	0	0	0	0	0	0	0	0	0	0	0	0	
102620	Parietal_Sup_R	0	176	0	0	0	0	0	0	0	0	0	0	0	0	0	0	0	0	0	0	0	0	0	0	0	0	0	0	0	0	0	0	0	156	0	252	0	0	0	0	0	0	0	350	0	5522	0	104	0	7464	0	2546	0	0	0	0	0	6514	0	0	0	6160	0	3298	0	4568	1234	11606	0	452	0	0	0	0	0	0	0	0	0	0	0	0	0	0	0	510	0	0	0	398	0	0	0	0	0	0	0	0	0	0	0	0	0	0	0	0	0	0	0	0	0	0	0	0	0	0	
238376	Parietal_Inf_L	3126	102	286	96	0	0	0	0	0	0	122	0	0	0	0	0	662	0	132	0	0	0	0	0	0	0	0	0	806	0	0	0	0	0	88	0	1262	0	108	0	0	0	0	0	0	0	0	0	1698	0	11816	0	312	0	394	0	24380	0	13598	0	0	0	8956	0	19426	0	4108	0	2748	0	356	0	0	0	0	0	100	0	1180	0	2404	0	0	0	14260	0	0	0	6662	0	0	0	0	0	0	0	0	0	0	0	0	0	0	0	0	0	0	0	0	0	0	0	0	0	0	0	
181044	Parietal_Inf_R	0	1738	0	428	0	0	0	0	0	0	0	0	0	0	0	0	0	262	0	156	0	0	0	0	0	0	0	0	0	226	0	0	0	0	0	104	0	172	0	0	0	0	0	518	0	230	0	0	0	1748	0	5204	0	0	0	0	0	15278	0	6160	0	0	0	21792	0	17548	0	1460	0	480	0	0	0	86	0	0	0	0	0	94	0	2630	0	0	0	9110	0	0	0	5098	0	0	0	0	0	0	0	0	0	0	0	0	0	0	0	0	0	0	0	0	0	0	0	0	0	0	
90148	SupraMarginal_L	894	0	254	0	0	0	0	0	0	0	98	0	0	0	0	0	1350	0	104	0	0	0	0	0	0	0	0	0	1144	0	0	0	0	0	0	0	124	0	0	0	0	0	172	0	0	0	0	0	0	0	2022	0	1560	0	286	0	4192	0	0	0	8956	0	0	0	4556	0	120	0	226	0	210	0	0	0	0	0	0	0	248	0	5866	0	0	0	10180	0	0	0	2512	0	0	0	0	0	0	0	0	0	0	0	0	0	0	0	0	0	0	0	0	0	0	0	0	0	0	0	
170540	SupraMarginal_R	0	2612	0	512	0	0	0	0	0	0	0	0	0	0	0	0	0	2350	0	240	0	0	0	0	0	0	0	0	0	0	0	0	0	0	0	0	0	162	0	0	0	0	0	254	0	204	0	0	0	714	0	998	0	0	0	0	0	12296	0	3298	0	21792	0	0	0	14378	0	634	0	782	0	0	0	0	0	0	0	0	0	110	0	7732	0	0	0	10750	0	0	0	5452	0	0	0	0	0	0	0	0	0	0	0	0	0	0	0	0	0	0	0	0	0	0	0	0	0	0	
152032	Angular_L	1212	0	146	0	0	0	0	0	0	0	0	0	0	0	0	0	212	0	0	0	0	0	0	0	0	0	0	0	394	0	0	0	0	0	0	0	996	0	94	0	0	0	0	0	0	0	0	0	334	0	12536	0	184	0	464	0	2780	0	640	0	19426	0	4556	0	0	0	920	0	894	0	0	0	0	0	0	0	92	0	1340	0	3266	0	0	0	18828	0	0	0	6702	0	0	0	0	0	0	0	0	0	0	0	0	0	0	0	0	0	0	0	0	0	0	0	0	0	0	0	
170840	Angular_R	0	718	0	0	0	0	0	0	0	0	0	0	0	0	0	0	0	490	0	124	0	0	0	0	0	0	0	0	0	0	0	0	0	0	0	0	0	84	0	0	0	0	0	3326	0	782	0	132	0	5248	0	12360	0	0	0	0	0	2542	0	4568	0	17548	0	14378	0	0	0	1534	0	250	0	0	0	0	0	0	0	0	0	0	0	5184	0	0	0	11056	0	0	0	5096	0	0	0	0	0	0	0	0	0	0	0	0	0	0	0	0	0	0	0	0	0	0	0	0	0	0	
313608	Precuneus_L	258	0	0	0	0	0	0	0	0	0	0	0	0	0	0	0	0	0	138	246	0	0	0	0	0	0	0	0	0	0	0	0	3670	1474	8158	2010	3652	1138	1348	298	0	0	16240	994	15742	4656	9306	454	13896	1448	17460	426	2338	0	2070	0	7566	0	11860	1234	4108	0	120	0	920	0	0	9488	7004	108	0	0	0	0	0	0	108	328	328	0	136	0	0	0	4556	0	0	0	1108	0	0	0	0	0	0	0	152	0	158	0	0	0	0	0	0	0	0	0	0	0	102	0	0	0	0	0	
403992	Precuneus_R	176	1840	0	0	0	0	0	0	0	0	0	0	0	0	0	0	0	0	0	1586	0	0	0	0	0	0	0	0	0	124	0	0	1826	5350	1116	13182	744	4612	366	1262	0	0	1290	37840	1490	30212	248	16022	0	17428	0	7862	0	3682	0	6698	0	8200	0	11606	0	1460	0	634	0	1534	9488	0	196	4326	0	0	0	0	0	0	0	316	0	0	0	134	0	0	0	4498	0	0	0	4154	0	0	0	0	0	0	0	78	0	84	0	0	0	0	0	0	0	0	0	0	332	0	0	0	0	0	
254344	Paracentral_Lobule_L	25032	1446	8172	2906	0	0	186	126	0	0	0	0	0	0	0	0	752	0	16458	12402	0	0	0	0	0	0	0	0	916	0	0	0	3930	4144	1046	550	1018	404	130	0	0	0	216	0	308	0	0	0	412	0	2706	0	320	0	78	0	8568	140	2676	0	2748	0	226	0	894	0	7004	196	0	1982	2512	382	1646	0	618	0	9020	1288	558	0	458	0	0	0	1878	0	0	0	720	0	0	0	0	0	0	0	0	0	0	0	0	0	0	0	0	0	0	0	0	0	0	0	0	0	0	0	
93324	Paracentral_Lobule_R	1320	6110	0	90	0	0	0	0	0	0	0	0	0	0	0	0	0	0	0	9764	0	0	0	0	0	0	0	0	0	124	0	0	752	5082	1012	2758	0	280	0	0	0	0	0	1334	0	312	0	246	0	146	0	100	0	216	0	554	144	5054	0	452	0	480	0	782	0	250	108	4326	1982	0	0	0	0	0	0	0	0	0	0	168	0	504	0	0	0	774	0	0	0	1438	0	0	0	0	0	0	0	0	0	0	0	0	0	0	0	0	0	0	0	0	0	0	0	0	0	0	
291788	Caudate_L	4704	232	14044	7082	2336	372	2074	3918	462	524	1170	2030	646	2236	970	904	484	0	8284	5560	6712	7692	140	932	872	310	2038	1796	4954	318	4314	2744	0	828	0	0	272	0	110	0	0	0	0	0	0	0	0	0	0	0	0	0	0	0	0	0	2454	0	0	0	356	0	210	0	0	0	0	0	2512	0	0	9460	20816	4492	3284	164	9478	604	0	0	0	0	0	0	0	0	0	0	0	0	0	0	0	0	0	0	0	0	0	0	0	0	0	0	0	0	0	0	0	0	0	0	0	0	0	0	
330104	Caudate_R	800	3780	494	31196	0	9692	124	620	0	2004	0	3024	0	3684	0	9110	0	102	514	12612	3968	8094	0	2508	182	4348	152	3708	0	2348	2046	8490	0	446	0	0	0	314	0	0	0	0	0	0	0	0	0	0	0	0	0	0	0	0	0	0	0	120	0	0	0	0	0	0	0	0	0	0	382	0	9460	0	5352	19956	542	2156	656	12068	0	0	0	0	0	0	0	0	0	0	0	0	0	0	0	0	0	0	0	0	0	0	0	0	0	0	0	0	0	0	0	0	0	0	0	0	0	0	
368452	Putamen_L	3362	0	26662	2194	8750	190	862	872	2922	316	2038	590	1694	578	9480	374	1854	0	14974	1792	4818	5026	252	542	744	164	2244	848	19504	0	4118	1096	0	188	0	82	10028	116	3224	0	364	0	0	0	0	0	92	0	0	0	148	0	0	0	1892	0	1358	0	0	0	0	0	0	0	0	0	0	0	1646	0	20816	5352	0	2980	6644	108	7364	450	570	0	250	0	472	0	476	0	0	0	746	0	0	0	0	0	0	0	0	0	0	0	0	0	0	0	0	0	0	0	0	0	0	0	0	0	0	0	
288128	Putamen_R	0	1430	0	15756	0	6262	0	740	0	1918	0	3162	0	1310	0	3230	0	2286	0	3016	2662	4072	0	1710	110	3526	130	1412	0	18954	1386	5200	0	0	0	0	112	11544	0	5760	0	946	0	0	0	0	0	364	0	0	0	0	0	0	0	5314	0	894	0	0	0	86	0	0	0	0	0	0	0	0	4492	19956	2980	0	0	5016	0	6106	0	286	0	370	0	148	0	170	0	0	0	1132	0	0	0	0	0	0	0	116	0	0	0	0	0	0	0	0	0	0	0	0	0	0	0	0	0	0	
46684	Pallidum_L	350	0	5586	0	0	0	0	0	0	0	0	0	0	0	0	0	0	0	2462	0	204	362	0	0	0	0	0	100	0	0	0	0	0	0	0	0	1408	0	152	0	0	0	0	0	0	0	0	0	0	0	0	0	0	0	0	0	0	0	0	0	0	0	0	0	0	0	0	0	618	0	3284	542	6644	0	0	0	1630	0	0	0	0	0	0	0	0	0	0	0	0	0	0	0	0	0	0	0	0	0	0	0	0	0	0	0	0	0	0	0	0	0	0	0	0	0	0	0	
36948	Pallidum_R	0	0	0	4078	0	0	0	210	0	0	0	582	0	162	0	0	0	254	0	200	0	160	0	0	0	0	0	0	0	1070	0	0	0	0	0	0	0	1830	0	1442	0	0	0	0	0	0	0	0	0	0	0	0	0	0	0	824	0	0	0	0	0	0	0	0	0	0	0	0	0	0	164	2156	108	5016	0	0	0	218	0	0	0	0	0	0	0	0	0	0	0	0	0	0	0	0	0	0	0	0	0	0	0	0	0	0	0	0	0	0	0	0	0	0	0	0	0	0	
212588	Thalamus_L	13440	1842	12532	2064	0	0	1664	114	0	0	1160	0	0	0	0	0	1100	0	9482	906	0	0	0	0	0	0	0	0	2638	0	0	0	0	0	1590	1822	9126	1070	2444	112	0	0	0	0	0	0	526	0	0	0	250	0	0	0	532	0	1714	0	0	0	100	0	0	0	92	0	108	0	9020	0	9478	656	7364	0	1630	0	0	9030	1384	0	228	0	0	0	698	0	0	0	378	0	0	0	0	0	0	0	0	0	0	0	0	0	0	0	0	0	0	0	0	0	0	0	0	0	0	0	
236024	Thalamus_R	2848	10772	1152	20380	0	0	302	1372	0	0	588	888	0	0	0	406	240	688	1360	1690	0	0	0	0	0	0	0	0	900	1074	0	0	0	0	5392	5528	8518	8818	2438	2970	0	0	0	0	0	0	952	1530	0	0	0	0	0	0	232	2432	632	714	0	0	0	0	0	0	0	0	328	316	1288	0	604	12068	450	6106	0	218	9030	0	938	102	104	272	0	0	148	216	0	0	0	906	0	0	0	0	0	0	0	102	0	0	0	0	0	0	0	0	0	0	0	0	0	0	0	0	0	0	
149624	Heschl_L	4694	484	1330	0	0	0	280	0	0	0	1024	0	0	0	0	0	5938	0	498	0	0	0	0	0	0	0	0	0	10518	0	0	0	0	0	1232	952	7416	530	704	0	0	0	0	0	0	0	0	0	154	0	3754	0	906	0	1146	0	5234	0	278	0	1180	0	248	0	1340	0	328	0	558	0	0	0	570	0	0	0	1384	938	0	0	6810	0	0	0	9226	0	0	0	5158	0	0	0	0	0	0	0	0	0	0	0	0	0	0	0	0	0	0	0	0	0	0	0	0	0	0	0	
25712	Heschl_R	0	130	0	454	0	0	0	0	0	0	0	0	0	0	0	0	0	2744	0	164	0	0	0	0	0	0	0	0	0	1962	0	0	0	0	254	172	162	1118	0	0	0	0	0	0	0	0	0	0	0	0	0	0	0	0	0	254	0	132	0	0	0	94	0	110	0	0	0	0	0	168	0	0	0	286	0	0	0	102	0	0	0	3478	0	94	0	692	0	0	0	286	0	0	0	0	0	0	0	0	0	0	0	0	0	0	0	0	0	0	0	0	0	0	0	0	0	0	
231676	Temporal_Sup_L	4516	0	5292	0	0	0	846	0	0	0	3152	0	108	0	0	0	8766	0	2908	0	0	0	0	0	0	0	0	0	9162	0	0	0	0	0	188	130	4986	0	338	0	0	0	0	0	0	0	0	0	0	0	2084	0	552	0	3564	0	3744	0	0	0	2404	0	5866	0	3266	0	136	0	458	0	0	0	250	0	0	0	228	104	6810	0	0	0	3958	0	25252	0	134	0	16438	0	0	0	0	0	0	0	98	0	100	0	0	0	0	0	0	0	0	0	0	0	0	0	0	0	0	0	
114992	Temporal_Sup_R	0	1304	0	506	0	0	0	0	0	0	0	0	0	0	0	0	0	3744	0	600	0	0	0	0	0	0	0	0	0	4130	0	0	0	0	136	174	96	1624	0	104	0	0	0	0	0	0	0	0	0	198	0	338	0	0	0	1528	0	2222	0	0	0	2630	0	7732	0	5184	0	134	0	504	0	0	0	370	0	0	0	272	0	3478	0	0	0	4380	0	12134	0	1108	0	2866	0	0	0	0	0	0	0	0	0	0	0	0	0	0	0	0	0	0	0	0	0	0	0	0	0	0	
76420	Temporal_Pole_Sup_L	0	0	676	0	366	0	0	0	0	0	990	0	130	0	814	0	554	0	530	0	1144	0	0	0	0	0	106	0	2836	0	0	0	0	0	0	0	1012	0	1150	0	1306	0	0	0	0	0	0	0	0	0	0	0	0	0	4434	0	0	0	0	0	0	0	0	0	0	0	0	0	0	0	0	0	472	0	0	0	0	0	0	0	3958	0	0	0	6526	0	5038	0	6168	0	0	0	0	0	0	0	0	0	0	0	0	0	0	0	0	0	0	0	0	0	0	0	0	0	0	0	
57896	Temporal_Pole_Sup_R	0	0	0	274	0	0	0	0	0	0	0	494	0	116	0	0	0	908	0	0	0	96	0	0	0	0	0	0	0	912	0	0	0	0	0	0	0	462	0	2158	0	1950	0	0	0	0	0	0	0	0	0	0	0	0	0	4914	0	0	0	0	0	0	0	0	0	0	0	0	0	0	0	0	0	148	0	0	0	0	0	94	0	4380	0	0	0	3994	0	5294	0	2754	0	0	0	0	0	0	0	0	0	0	0	0	0	0	0	0	0	0	0	0	0	0	0	0	0	0	
458044	Temporal_Mid_L	3386	92	538	0	0	0	270	0	0	0	324	0	0	0	0	0	1358	0	276	0	0	0	0	0	0	0	0	0	2926	0	0	0	230	0	2480	142	7238	0	600	0	0	0	3022	0	1616	0	1152	0	376	0	34498	0	8606	0	5916	0	5354	0	628	0	14260	0	10180	0	18828	0	4556	0	1878	0	0	0	476	0	0	0	698	148	9226	0	25252	0	6526	0	0	0	5188	0	50448	0	0	0	0	0	0	0	112	0	112	0	0	0	0	0	0	0	0	0	0	0	106	0	0	0	0	0	
261668	Temporal_Mid_R	0	1172	0	0	0	0	0	0	0	0	0	0	0	0	0	0	0	152	0	966	0	0	0	0	0	0	0	0	0	1016	0	0	0	118	180	958	0	3286	0	1118	0	704	0	8878	240	864	0	494	0	728	0	9926	0	4128	0	7850	0	722	0	510	0	9110	0	10750	0	11056	0	4498	0	774	0	0	0	170	0	0	0	216	0	692	0	12134	0	3994	0	0	0	3120	0	30120	0	0	0	0	0	0	0	190	0	0	0	0	0	0	0	0	0	0	0	0	0	0	0	0	0	0	
42000	Temporal_Pole_Mid_L	0	0	0	0	0	0	0	0	0	0	0	0	0	0	0	0	0	0	0	0	0	0	0	0	0	0	0	0	310	0	0	0	0	0	0	0	434	0	1158	0	864	0	0	0	0	0	0	0	0	0	0	0	0	0	3170	0	0	0	0	0	0	0	0	0	0	0	0	0	0	0	0	0	0	0	0	0	0	0	0	0	134	0	5038	0	5188	0	0	0	4704	0	0	0	0	0	0	0	0	0	0	0	0	0	0	0	0	0	0	0	0	0	0	0	0	0	0	0	
34800	Temporal_Pole_Mid_R	0	0	0	0	0	0	0	0	0	0	0	0	0	0	0	0	0	0	0	0	0	0	0	0	0	0	0	0	0	0	0	0	0	0	0	0	0	102	0	1696	0	542	0	0	0	0	0	0	0	0	0	0	0	0	0	3280	0	0	0	0	0	0	0	0	0	0	0	0	0	0	0	0	0	0	0	0	0	0	0	0	0	1108	0	5294	0	3120	0	0	0	2258	0	0	0	0	0	0	0	0	0	0	0	0	0	0	0	0	0	0	0	0	0	0	0	0	0	0	
356588	Temporal_Inf_L	1784	0	456	0	0	0	124	0	0	0	410	0	0	0	0	0	1316	0	300	0	0	0	0	0	0	0	0	0	6964	0	0	0	0	0	910	0	11172	0	2138	0	2060	0	354	0	216	0	472	0	260	0	15034	0	4724	0	20542	0	2854	0	592	0	6662	0	2512	0	6702	0	1108	0	720	0	0	0	746	0	0	0	378	0	5158	0	16438	0	6168	0	50448	0	4704	0	0	0	1988	0	176	0	0	0	316	0	998	0	162	0	148	0	0	0	0	0	0	0	80	0	0	0	0	0	
244024	Temporal_Inf_R	0	1822	0	0	0	0	0	0	0	0	0	0	0	0	0	0	0	124	0	1806	0	0	0	0	0	0	0	0	0	2158	0	0	0	198	186	2100	0	8116	0	1680	0	1314	0	5066	162	514	0	1688	0	204	0	972	0	5762	0	23660	0	466	0	398	0	5098	0	5452	0	5096	0	4154	0	1438	0	0	0	1132	0	0	0	906	0	286	0	2866	0	2754	0	30120	0	2258	0	0	0	1310	0	0	0	0	0	354	0	392	0	0	0	0	0	0	0	0	0	0	0	0	0	0	0	0	
461476	Cerebelum_Crus1_L	0	0	0	0	0	0	0	0	0	0	0	0	0	0	0	0	0	0	0	0	0	0	0	0	0	0	0	0	0	0	0	0	0	0	0	0	150	0	120	0	0	0	0	0	0	0	6938	2716	0	0	324	0	1906	496	20890	2302	0	0	0	0	0	0	0	0	0	0	0	0	0	0	0	0	0	0	0	0	0	0	0	0	0	0	0	0	0	0	0	0	1988	0	0	2728	30214	1340	3412	164	21298	1398	57218	4794	13868	352	17844	2726	5750	1984	592	356	348	936	3728	7454	6022	5204	2862	316	
424072	Cerebelum_Crus1_R	0	0	0	0	0	0	0	0	0	0	0	0	0	0	0	0	0	0	0	0	0	0	0	0	0	0	0	0	0	0	0	0	0	0	0	0	0	200	0	314	0	0	130	84	0	0	1290	4834	0	0	0	0	194	718	336	17580	0	0	0	0	0	0	0	0	0	0	0	0	0	0	0	0	0	0	0	0	0	0	0	0	0	0	0	0	0	0	0	0	0	1310	2728	0	2344	29302	158	4182	1416	21350	2232	50162	756	11320	526	21604	98	2762	0	128	326	3100	8232	4694	9736	5012	2878	0	
420112	Cerebelum_Crus2_L	0	0	0	0	0	0	0	0	0	0	0	0	0	0	0	0	0	0	0	0	0	0	0	0	0	0	0	0	0	0	0	0	0	0	0	0	0	0	0	0	0	0	0	0	0	0	664	248	0	0	78	0	128	88	606	156	0	0	0	0	0	0	0	0	0	0	0	0	0	0	0	0	0	0	0	0	0	0	0	0	0	0	0	0	0	0	0	0	176	0	30214	2344	0	12544	326	0	734	92	4904	658	49998	7336	48884	8050	14502	994	474	0	0	124	472	780	9614	12722	2036	110	
362064	Cerebelum_Crus2_R	0	0	0	0	0	0	0	0	0	0	0	0	0	0	0	0	0	0	0	0	0	0	0	0	0	0	0	0	0	0	0	0	0	0	0	0	0	0	0	0	0	0	0	0	0	0	82	626	0	0	0	0	0	0	0	866	0	0	0	0	0	0	0	0	0	0	0	0	0	0	0	0	0	0	0	0	0	0	0	0	0	0	0	0	0	0	0	0	0	0	1340	29302	12544	0	0	596	216	1222	538	7004	9762	32778	7892	36584	308	8424	0	86	202	786	1542	1742	10132	12524	3848	86	
56004	Cerebelum_3_L	0	0	0	0	0	0	0	0	0	0	0	0	0	0	0	0	0	0	0	0	0	0	0	0	0	0	0	0	0	0	0	0	0	0	0	0	0	0	182	0	0	0	0	0	0	0	580	0	0	0	0	0	0	0	190	0	0	0	0	0	0	0	0	0	0	0	0	0	0	0	0	0	0	0	0	0	0	0	0	0	0	0	0	0	0	0	0	0	0	0	3412	158	326	0	0	218	8564	274	4964	202	424	0	556	160	1804	120	0	0	946	2200	2006	188	0	178	220	130	
68652	Cerebelum_3_R	0	0	0	0	0	0	0	0	0	0	0	0	0	0	0	0	0	0	0	0	0	0	0	0	0	0	0	0	0	0	0	0	0	0	0	0	0	0	0	0	0	0	0	0	0	0	102	276	0	0	0	0	0	0	0	876	0	0	0	0	0	0	0	0	0	0	0	0	0	0	0	0	0	0	0	0	0	0	0	0	0	0	0	0	0	0	0	0	0	0	164	4182	0	596	218	0	670	7770	208	8082	0	90	0	868	108	352	0	342	984	5068	1942	192	272	580	384	0	
300212	Cerebelum_4_5_L	0	0	0	0	0	0	0	0	0	0	0	0	0	0	0	0	0	0	0	0	0	0	0	0	0	0	0	0	86	0	0	0	0	0	0	0	240	0	386	0	0	0	1010	0	0	0	14702	2526	80	0	1092	0	2474	90	16450	876	0	0	0	0	0	0	0	0	0	0	152	0	0	0	0	0	0	0	0	0	0	0	0	0	98	0	0	0	112	0	0	0	316	0	21298	1416	734	216	8564	670	0	3986	36932	2802	928	158	1388	520	4420	1518	482	134	468	1936	11960	3932	412	1488	2180	874	
286176	Cerebelum_4_5_R	0	0	0	0	0	0	0	0	0	0	0	0	0	0	0	0	0	0	0	0	0	0	0	0	0	0	0	0	0	0	0	0	0	0	0	0	0	1250	0	1618	0	88	580	0	0	0	3154	9866	0	0	102	0	140	522	560	17522	0	0	0	0	0	0	0	0	0	0	0	78	0	0	0	0	0	116	0	0	0	102	0	0	0	0	0	0	0	190	0	0	0	354	1398	21350	92	1222	274	7770	3986	0	2638	36042	0	102	0	1262	298	510	0	0	320	4090	18916	3164	1690	1024	698	0	
497252	Cerebelum_6_L	0	0	0	0	0	0	0	0	0	0	0	0	0	0	0	0	0	0	0	0	0	0	0	0	0	0	0	0	120	0	0	0	0	0	0	0	218	0	252	0	0	0	452	100	116	128	22258	6564	316	176	2166	80	5772	832	33244	4578	0	0	0	0	0	0	0	0	0	0	158	0	0	0	0	0	0	0	0	0	0	0	0	0	100	0	0	0	112	0	0	0	998	0	57218	2232	4904	538	4964	208	36932	2638	0	7534	4004	318	4012	880	3972	2710	382	470	414	1242	7892	14790	4556	3510	3300	266	
470172	Cerebelum_6_R	0	0	0	0	0	0	0	0	0	0	0	0	0	0	0	0	0	0	0	0	0	0	0	0	0	0	0	0	0	0	0	0	0	0	0	0	0	328	0	458	0	0	396	318	0	0	3836	12222	166	152	342	122	618	2938	1832	31050	0	0	0	0	0	0	0	0	0	0	0	84	0	0	0	0	0	0	0	0	0	0	0	0	0	0	0	0	0	0	0	0	0	392	4794	50162	658	7004	202	8082	2802	36042	7534	0	122	2900	162	8382	144	1728	0	252	484	4192	17172	13062	8676	3288	1988	0	
374972	Cerebelum_7b_L	0	0	0	0	0	0	0	0	0	0	0	0	0	0	0	0	0	0	0	0	0	0	0	0	0	0	0	0	0	0	0	0	0	0	0	0	0	0	0	0	0	0	0	0	0	0	0	0	0	0	0	0	0	0	124	0	0	0	0	0	0	0	0	0	0	0	0	0	0	0	0	0	0	0	0	0	0	0	0	0	0	0	0	0	0	0	0	0	162	0	13868	756	49998	9762	424	0	928	0	4004	122	0	7346	50502	8292	18030	1030	904	0	0	0	586	626	5478	12206	2140	198	
258292	Cerebelum_7b_R	0	0	0	0	0	0	0	0	0	0	0	0	0	0	0	0	0	0	0	0	0	0	0	0	0	0	0	0	0	0	0	0	0	0	0	0	0	0	0	0	0	0	0	0	0	0	0	0	0	0	0	0	0	0	0	278	0	0	0	0	0	0	0	0	0	0	0	0	0	0	0	0	0	0	0	0	0	0	0	0	0	0	0	0	0	0	0	0	0	0	352	11320	7336	32778	0	90	158	102	318	2900	7346	0	6906	34110	294	9798	0	0	170	252	450	456	2810	8818	2104	0	
410468	Cerebelum_8_L	0	0	0	0	0	0	0	0	0	0	0	0	0	0	0	0	0	0	0	0	0	0	0	0	0	0	0	0	0	0	0	0	0	0	0	0	0	0	0	0	0	0	0	0	0	0	80	0	0	0	0	0	0	0	262	0	0	0	0	0	0	0	0	0	0	0	0	0	0	0	0	0	0	0	0	0	0	0	0	0	0	0	0	0	0	0	0	0	148	0	17844	526	48884	7892	556	0	1388	0	4012	162	50502	6906	0	12336	23574	2230	1050	0	130	256	942	850	4040	16394	4022	248	
396692	Cerebelum_8_R	0	0	0	0	0	0	0	0	0	0	0	0	0	0	0	0	0	0	0	0	0	0	0	0	0	0	0	0	0	0	0	0	0	0	0	0	0	0	0	0	0	0	0	0	0	0	0	0	0	0	0	0	0	0	0	362	0	0	0	0	0	0	0	0	0	0	0	0	0	0	0	0	0	0	0	0	0	0	0	0	0	0	0	0	0	0	0	0	0	0	2726	21604	8050	36584	160	868	520	1262	880	8382	8292	34110	12336	0	876	26124	0	756	434	1246	2000	1952	3778	17754	7088	202	
179784	Cerebelum_9_L	0	0	0	0	0	0	0	0	0	0	0	0	0	0	0	0	0	0	0	0	0	0	0	0	0	0	0	0	0	0	0	0	0	0	0	0	0	0	0	0	0	0	0	0	0	0	588	180	0	0	0	0	0	0	144	0	0	0	0	0	0	0	0	0	0	0	0	0	0	0	0	0	0	0	0	0	0	0	0	0	0	0	0	0	0	0	0	0	0	0	5750	98	14502	308	1804	108	4420	298	3972	144	18030	294	23574	876	0	1752	2344	0	88	390	2650	2128	96	1290	3328	736	
198884	Cerebelum_9_R	0	0	0	0	0	0	0	0	0	0	0	0	0	0	0	0	0	0	0	0	0	0	0	0	0	0	0	0	0	0	0	0	0	0	0	0	0	0	0	0	0	0	0	0	0	0	226	0	0	0	0	0	0	0	260	0	0	0	0	0	0	0	0	0	0	0	0	0	0	0	0	0	0	0	0	0	0	0	0	0	0	0	0	0	0	0	0	0	0	0	1984	2762	994	8424	120	352	1518	510	2710	1728	1030	9798	2230	26124	1752	0	0	2180	278	528	4130	6626	1738	8240	11150	2050	
12916	Cerebelum_10_L	0	0	0	0	0	0	0	0	0	0	0	0	0	0	0	0	0	0	0	0	0	0	0	0	0	0	0	0	0	0	0	0	0	0	0	0	0	0	0	0	0	0	0	0	0	0	0	0	0	0	0	0	0	0	0	0	0	0	0	0	0	0	0	0	0	0	0	0	0	0	0	0	0	0	0	0	0	0	0	0	0	0	0	0	0	0	0	0	0	0	592	0	474	0	0	0	482	0	382	0	904	0	1050	0	2344	0	0	0	0	0	94	136	0	0	0	0	
16224	Cerebelum_10_R	0	0	0	0	0	0	0	0	0	0	0	0	0	0	0	0	0	0	0	0	0	0	0	0	0	0	0	0	0	0	0	0	0	0	0	0	0	0	0	0	0	0	0	0	0	0	0	0	0	0	0	0	0	0	0	0	0	0	0	0	0	0	0	0	0	0	0	0	0	0	0	0	0	0	0	0	0	0	0	0	0	0	0	0	0	0	0	0	0	0	356	128	0	86	0	342	134	0	470	252	0	0	0	756	0	2180	0	0	0	296	318	836	182	916	860	0	
24012	Vermis_1_2	0	0	0	0	0	0	0	0	0	0	0	0	0	0	0	0	0	0	0	0	0	0	0	0	0	0	0	0	0	0	0	0	0	0	0	0	0	0	0	0	0	0	0	0	0	0	0	0	0	0	0	0	0	0	0	0	0	0	0	0	0	0	0	0	0	0	0	0	0	0	0	0	0	0	0	0	0	0	0	0	0	0	0	0	0	0	0	0	0	0	348	326	0	202	946	984	468	320	414	484	0	170	130	434	88	278	0	0	0	4498	1108	0	0	426	382	0	
75896	Vermis_3	0	0	0	0	0	0	0	0	0	0	0	0	0	0	0	0	0	0	0	0	0	0	0	0	0	0	0	0	0	0	0	0	0	0	0	0	0	0	0	0	0	0	0	0	0	0	146	156	0	0	0	0	0	0	0	392	0	0	0	0	0	0	0	0	0	0	0	0	0	0	0	0	0	0	0	0	0	0	0	0	0	0	0	0	0	0	0	0	0	0	936	3100	124	786	2200	5068	1936	4090	1242	4192	0	252	256	1246	390	528	0	296	4498	0	3834	198	354	1008	720	0	
292472	Vermis_4_5	0	0	0	0	0	0	0	0	0	0	0	0	0	0	0	0	0	0	0	0	0	0	0	0	0	0	0	0	0	0	0	0	0	0	0	122	0	0	0	0	0	0	1120	206	0	152	7058	9316	0	0	698	0	436	492	1708	8802	0	0	0	0	0	0	0	0	0	0	102	332	0	0	0	0	0	0	0	0	0	0	0	0	0	0	0	0	106	0	0	0	80	0	3728	8232	472	1542	2006	1942	11960	18916	7892	17172	586	450	942	2000	2650	4130	94	318	1108	3834	0	11742	1668	4218	5792	2112	
266704	Vermis_6	0	0	0	0	0	0	0	0	0	0	0	0	0	0	0	0	0	0	0	0	0	0	0	0	0	0	0	0	0	0	0	0	0	0	0	0	0	0	0	0	0	0	138	230	0	172	7584	10312	194	278	588	150	938	1680	3410	8704	0	0	0	0	0	0	0	0	0	0	0	0	0	0	0	0	0	0	0	0	0	0	0	0	0	0	0	0	0	0	0	0	0	0	7454	4694	780	1742	188	192	3932	3164	14790	13062	626	456	850	1952	2128	6626	136	836	0	198	11742	0	7054	6594	7932	1846	
