data	data	508016	309844	1.1523e+06	1.1538e+06	233364	133172	736112	295360	125060	68280	237632	571188	388016	194268	243124	171104	207340	441532	1.02189e+06	1.07653e+06	106900	110192	619184	569372	79544	151548	109256	128764	650396	685464	602032	663620	274772	588896	136784	169276	269044	277168	118940	157684	41448	56464	172552	176244	132684	136036	226960	174716	193192	148436	399444	139244	130588	45928	382860	359952	244576	175524	136484	87124	229428	81820	116836	77912	164088	103224	326256	283052	190564	274744	314204	555100	400568	434108	89828	67324	136640	191952	65504	25148	221596	77724	135908	147700	262696	130872	42164	15464	300116	166704	496804	469132	347852	298304	28380	67152	275404	207028	451844	437628	279708	107860	340996	275944	119472	104652	28032	2740	22356	73388	210960	192032	233984	139596	97524	37232	
data	data	Precentral_L	Precentral_R	Frontal_Sup_L	Frontal_Sup_R	Frontal_Sup_Orb_L	Frontal_Sup_Orb_R	Frontal_Mid_L	Frontal_Mid_R	Frontal_Mid_Orb_L	Frontal_Mid_Orb_R	Frontal_Inf_Oper_L	Frontal_Inf_Oper_R	Frontal_Inf_Tri_L	Frontal_Inf_Tri_R	Frontal_Inf_Orb_L	Frontal_Inf_Orb_R	Rolandic_Oper_L	Rolandic_Oper_R	Supp_Motor_Area_L	Supp_Motor_Area_R	Olfactory_L	Olfactory_R	Frontal_Sup_Medial_L	Frontal_Sup_Medial_R	Frontal_Med_Orb_L	Frontal_Med_Orb_R	Rectus_L	Rectus_R	Insula_L	Insula_R	Cingulum_Ant_L	Cingulum_Ant_R	Cingulum_Mid_L	Cingulum_Mid_R	Cingulum_Post_L	Cingulum_Post_R	Hippocampus_L	Hippocampus_R	ParaHippocampal_L	ParaHippocampal_R	Amygdala_L	Amygdala_R	Calcarine_L	Calcarine_R	Cuneus_L	Cuneus_R	Lingual_L	Lingual_R	Occipital_Sup_L	Occipital_Sup_R	Occipital_Mid_L	Occipital_Mid_R	Occipital_Inf_L	Occipital_Inf_R	Fusiform_L	Fusiform_R	Postcentral_L	Postcentral_R	Parietal_Sup_L	Parietal_Sup_R	Parietal_Inf_L	Parietal_Inf_R	SupraMarginal_L	SupraMarginal_R	Angular_L	Angular_R	Precuneus_L	Precuneus_R	Paracentral_Lobule_L	Paracentral_Lobule_R	Caudate_L	Caudate_R	Putamen_L	Putamen_R	Pallidum_L	Pallidum_R	Thalamus_L	Thalamus_R	Heschl_L	Heschl_R	Temporal_Sup_L	Temporal_Sup_R	Temporal_Pole_Sup_L	Temporal_Pole_Sup_R	Temporal_Mid_L	Temporal_Mid_R	Temporal_Pole_Mid_L	Temporal_Pole_Mid_R	Temporal_Inf_L	Temporal_Inf_R	Cerebelum_Crus1_L	Cerebelum_Crus1_R	Cerebelum_Crus2_L	Cerebelum_Crus2_R	Cerebelum_3_L	Cerebelum_3_R	Cerebelum_4_5_L	Cerebelum_4_5_R	Cerebelum_6_L	Cerebelum_6_R	Cerebelum_7b_L	Cerebelum_7b_R	Cerebelum_8_L	Cerebelum_8_R	Cerebelum_9_L	Cerebelum_9_R	Cerebelum_10_L	Cerebelum_10_R	Vermis_1_2	Vermis_3	Vermis_4_5	Vermis_6	Vermis_7	Vermis_8	Vermis_9	Vermis_10	
508016	Precentral_L	0	1750	11806	176	0	0	20488	114	0	0	12270	0	2076	0	0	128	12500	0	12842	4676	0	0	0	0	0	0	0	0	22194	114	612	0	574	1238	196	226	12734	0	140	0	182	0	0	0	0	0	0	0	0	0	282	0	0	0	400	0	25388	200	1066	0	6650	0	4126	0	646	0	176	0	19428	4648	6618	2032	16042	0	8922	0	24544	1074	5938	0	6518	0	608	0	656	0	0	0	1010	0	0	0	0	0	0	0	0	0	0	0	0	0	0	0	0	0	0	0	0	0	0	0	0	0	0	0	
309844	Precentral_R	1750	0	440	10358	0	0	102	12658	0	0	0	6608	0	884	0	270	402	2522	2070	18436	0	0	0	136	0	0	0	0	640	4970	0	222	266	228	0	102	0	6924	0	256	0	0	0	230	0	120	0	148	0	202	0	166	0	244	0	1486	0	16320	0	3722	0	834	0	900	0	556	248	832	2820	22658	1618	5184	1296	1972	702	142	496	19720	0	278	0	390	0	222	0	188	0	0	0	984	0	0	0	0	0	0	0	0	0	0	0	0	0	0	0	0	0	0	0	0	0	0	0	0	0	0	
1.1523e+06	Frontal_Sup_L	11806	440	0	15720	21166	436	99220	1206	8556	280	12150	1068	32838	580	13498	588	2852	344	71416	13006	1846	348	65420	22660	3386	2536	2184	490	28380	1878	42108	21572	15638	15126	0	0	1326	314	190	0	980	0	0	0	0	0	0	0	0	0	0	0	0	0	0	0	476	154	0	0	0	0	0	0	0	0	0	0	2412	108	7844	6340	18120	774	2652	144	1152	104	240	0	982	0	1096	0	0	0	0	0	0	0	0	0	0	0	0	0	0	0	0	0	0	0	0	0	0	0	0	0	0	0	0	0	0	0	0	0	
1.1538e+06	Frontal_Sup_R	176	10358	15720	0	374	8312	3398	35728	0	1694	104	41788	1388	9794	388	5026	138	35884	29466	74484	622	1114	20566	50322	152	6590	418	4890	958	44938	14620	40588	4008	28736	0	0	0	4230	0	700	0	0	0	0	0	0	0	0	0	0	0	0	0	0	0	480	0	2100	0	372	0	224	0	372	0	164	0	0	206	416	3028	25714	932	27216	0	5026	0	5276	0	138	0	474	104	6882	0	0	0	0	0	104	0	0	0	0	0	0	0	0	0	0	0	0	0	0	0	0	0	0	0	0	0	0	0	0	0	0	
233364	Frontal_Sup_Orb_L	0	0	21166	374	0	324	2418	0	17542	0	0	0	842	0	18000	138	0	0	2174	0	3338	1750	6040	492	5694	346	8856	522	5746	0	8538	808	0	0	0	0	0	0	102	0	354	0	0	0	0	0	0	0	0	0	0	0	0	0	0	0	0	0	0	0	0	0	0	0	0	0	0	0	0	0	3234	866	6092	0	0	0	0	0	0	0	0	0	926	0	0	0	0	0	0	0	0	0	0	0	0	0	0	0	0	0	0	0	0	0	0	0	0	0	0	0	0	0	0	0	0	0	
133172	Frontal_Sup_Orb_R	0	0	436	8312	324	0	0	1942	0	5222	0	374	0	306	468	2736	0	320	264	740	838	1816	352	3546	422	9284	590	11760	0	1044	778	3718	0	0	0	0	0	0	0	0	0	0	0	0	0	0	0	0	0	0	0	0	0	0	0	0	0	0	0	0	0	0	0	0	0	0	0	0	0	0	1046	4996	176	4296	0	480	0	0	0	0	0	0	0	0	0	0	0	0	0	0	0	0	0	0	0	0	0	0	0	0	0	0	0	0	0	0	0	0	0	0	0	0	0	0	0	0	
736112	Frontal_Mid_L	20488	102	99220	3398	2418	0	0	848	7328	0	10804	290	60316	272	13440	278	5092	136	22824	2268	162	0	21268	5166	0	0	0	0	34380	714	14574	7240	8542	6196	0	0	1870	0	0	0	570	0	0	0	0	0	0	0	0	0	0	0	0	0	124	0	936	0	0	0	330	0	0	0	0	0	0	0	0	0	2438	1686	5650	320	390	0	982	0	1392	0	2606	0	998	0	0	0	0	0	0	0	0	0	0	0	0	0	0	0	0	0	0	0	0	0	0	0	0	0	0	0	0	0	0	0	0	0	
295360	Frontal_Mid_R	114	12658	1206	35728	0	1942	848	0	0	2216	100	11826	780	12518	0	5138	184	4804	3206	7878	0	150	730	4372	0	264	0	342	1074	12230	608	1310	272	3234	0	0	0	962	0	0	0	0	0	0	0	0	0	0	0	0	0	0	0	0	0	0	0	1936	0	1182	0	282	0	332	0	178	124	242	0	0	1478	5894	710	6106	172	422	0	458	0	0	0	0	0	1470	0	0	0	0	0	0	0	0	0	0	0	0	0	0	0	0	0	0	0	0	0	0	0	0	0	0	0	0	0	0	0	0	
125060	Frontal_Mid_Orb_L	0	0	8556	0	17542	0	7328	0	0	0	0	0	2102	0	20462	0	0	0	0	0	304	124	0	0	384	0	1934	0	1464	0	236	0	0	0	0	0	0	0	0	0	0	0	0	0	0	0	0	0	0	0	0	0	0	0	0	0	0	0	0	0	0	0	0	0	0	0	0	0	0	0	142	0	1440	0	0	0	0	0	0	0	0	0	512	0	0	0	0	0	0	0	0	0	0	0	0	0	0	0	0	0	0	0	0	0	0	0	0	0	0	0	0	0	0	0	0	0	
68280	Frontal_Mid_Orb_R	0	0	280	1694	0	5222	0	2216	0	0	0	774	0	1068	0	10244	0	714	478	1996	0	0	0	0	0	442	0	452	0	2010	0	0	0	0	0	0	0	0	0	0	0	0	0	0	0	0	0	0	0	0	0	0	0	0	0	0	0	0	0	0	0	0	0	0	0	0	0	0	0	0	644	3628	178	1980	0	120	0	0	0	0	0	0	0	0	0	0	0	0	0	0	0	0	0	0	0	0	0	0	0	0	0	0	0	0	0	0	0	0	0	0	0	0	0	0	0	0	
237632	Frontal_Inf_Oper_L	12270	0	12150	104	0	0	10804	100	0	0	0	0	15620	0	0	0	10848	0	15598	198	0	0	186	0	0	0	0	0	22274	0	650	0	388	0	0	0	844	0	0	0	0	0	0	0	0	0	0	0	0	0	0	0	0	0	0	0	3156	0	0	0	0	0	0	0	0	0	0	0	0	0	506	332	1664	0	0	0	258	0	688	0	6028	0	4150	0	0	0	0	0	0	0	0	0	0	0	0	0	0	0	0	0	0	0	0	0	0	0	0	0	0	0	0	0	0	0	0	0	
571188	Frontal_Inf_Oper_R	0	6608	1068	41788	0	374	290	11826	0	774	0	0	164	17868	0	4680	0	38618	7214	37026	0	0	188	1708	0	390	0	210	326	59996	452	2642	144	990	0	0	0	1504	0	852	0	0	0	0	0	0	0	0	0	0	0	0	0	0	0	478	0	3046	0	1242	0	528	0	290	0	372	0	0	0	0	1350	13504	718	15818	0	1330	0	346	0	0	0	384	0	8488	0	0	0	0	0	0	0	0	0	0	0	0	0	0	0	0	0	0	0	0	0	0	0	0	0	0	0	0	0	0	0	0	
388016	Frontal_Inf_Tri_L	2076	0	32838	1388	842	0	60316	780	2102	0	15620	164	0	220	14508	208	796	0	16946	1402	0	0	1834	964	0	0	0	0	27132	514	2522	1420	1850	1336	0	0	112	0	0	0	246	0	0	0	0	0	0	0	0	0	0	0	0	0	0	0	848	0	0	0	0	0	0	0	0	0	0	0	0	0	792	956	1292	234	0	0	0	0	0	0	550	0	1200	0	0	0	0	0	0	0	0	0	0	0	0	0	0	0	0	0	0	0	0	0	0	0	0	0	0	0	0	0	0	0	0	0	
194268	Frontal_Inf_Tri_R	0	884	580	9794	0	306	272	12518	0	1068	0	17868	220	0	0	3990	0	1566	2982	4904	0	0	188	1846	0	244	0	0	214	21478	392	2064	0	918	0	0	0	282	0	216	0	0	0	0	0	0	0	0	0	0	0	0	0	0	0	130	0	126	0	0	0	0	0	0	0	0	0	0	0	0	998	5482	614	4152	0	202	0	0	0	0	0	0	0	636	0	0	0	0	0	0	0	0	0	0	0	0	0	0	0	0	0	0	0	0	0	0	0	0	0	0	0	0	0	0	0	0	
243124	Frontal_Inf_Orb_L	0	0	13498	388	18000	468	13440	0	20462	0	0	0	14508	0	0	134	0	0	854	0	4260	3114	144	0	0	242	4664	874	12494	0	584	530	190	0	0	0	162	0	0	0	484	0	0	0	0	0	0	0	0	0	0	0	0	0	0	0	0	0	0	0	0	0	0	0	0	0	0	0	0	0	3720	1204	4476	128	0	0	0	0	0	0	0	0	2540	0	0	0	0	0	0	0	0	0	0	0	0	0	0	0	0	0	0	0	0	0	0	0	0	0	0	0	0	0	0	0	0	0	
171104	Frontal_Inf_Orb_R	128	270	588	5026	138	2736	278	5138	0	10244	0	4680	208	3990	134	0	158	3176	2098	7502	204	906	0	0	0	0	186	1520	436	8982	0	200	104	722	0	0	0	0	0	0	0	162	0	0	0	0	0	0	0	0	0	0	0	0	0	0	0	0	0	0	0	0	0	0	0	0	0	0	124	0	1382	14918	360	6580	0	206	0	616	0	0	0	372	0	1080	0	0	0	0	0	0	0	0	0	0	0	0	0	0	0	0	0	0	0	0	0	0	0	0	0	0	0	0	0	0	0	0	
207340	Rolandic_Oper_L	12500	402	2852	138	0	0	5092	184	0	0	10848	0	796	0	0	158	0	120	12846	304	0	0	0	0	0	0	0	0	22582	104	0	0	0	0	0	0	332	0	0	0	0	0	0	0	0	0	0	0	0	0	892	0	0	0	110	0	8094	0	190	0	784	0	2502	0	1372	0	292	0	112	0	604	448	424	0	126	0	138	0	3344	0	10398	0	3386	0	648	0	0	0	548	0	0	0	0	0	0	0	0	0	0	0	0	0	0	0	0	0	0	0	0	0	0	0	0	0	0	0	
441532	Rolandic_Oper_R	0	2522	344	35884	0	320	136	4804	0	714	0	38618	0	1566	0	3176	120	0	3750	32434	0	0	0	800	0	298	0	180	430	44124	108	1114	122	306	0	0	0	1512	0	738	0	0	0	0	0	0	0	0	0	0	0	0	0	0	0	430	0	4102	0	180	0	120	0	3288	0	120	144	190	0	0	524	10210	288	14280	0	1364	0	528	0	1084	0	1442	0	8204	0	0	0	0	0	148	0	0	0	0	0	0	0	0	0	0	0	0	0	0	0	0	0	0	0	0	0	0	0	0	0	0	
1.02189e+06	Supp_Motor_Area_L	12842	2070	71416	29466	2174	264	22824	3206	0	478	15598	7214	16946	2982	854	2098	12846	3750	0	57736	0	0	12372	9988	360	556	448	208	32842	8700	18944	14410	21910	27838	1156	470	2410	362	110	0	238	0	0	0	0	0	0	0	0	0	0	0	0	0	616	0	4820	830	0	0	232	0	410	0	0	0	338	0	11474	6072	12138	10398	25958	1480	5970	214	1010	304	890	0	5414	0	2610	888	164	0	0	0	630	0	0	0	0	0	0	0	0	0	0	0	0	0	0	0	0	0	0	0	0	0	0	0	0	0	0	0	
1.07653e+06	Supp_Motor_Area_R	4676	18436	13006	74484	0	740	2268	7878	0	1996	198	37026	1402	4904	0	7502	304	32434	57736	0	0	0	6884	14110	0	884	0	536	868	37740	5380	15156	10014	43030	154	2044	0	2508	0	646	0	0	0	0	0	0	0	0	0	0	0	0	0	0	0	452	0	1466	0	186	162	118	0	182	0	0	0	214	6934	40642	2454	28430	1376	17790	508	4830	842	19650	0	166	152	464	0	6302	0	0	0	0	0	0	0	0	0	0	0	0	0	0	0	0	0	0	0	0	0	0	0	0	0	0	0	0	0	0	0	0	
106900	Olfactory_L	0	0	1846	622	3338	838	162	0	304	0	0	0	0	0	4260	204	0	0	0	0	0	7180	182	0	918	414	5310	2246	3108	0	3956	3128	0	0	0	0	402	0	290	0	952	0	0	0	0	0	0	0	0	0	0	0	0	0	0	0	0	0	0	0	0	0	0	0	0	0	0	0	0	0	8212	2278	2324	650	0	0	0	0	0	0	0	0	326	0	0	0	0	0	0	0	0	0	0	0	0	0	0	0	0	0	0	0	0	0	0	0	0	0	0	0	0	0	0	0	0	0	
110192	Olfactory_R	0	0	348	1114	1750	1816	0	150	124	0	0	0	0	0	3114	906	0	0	0	0	7180	0	170	172	354	2030	4870	5068	398	1116	3662	4832	0	0	0	0	0	0	0	0	0	290	0	0	0	0	0	0	0	0	0	0	0	0	0	0	0	0	0	0	0	0	0	0	0	0	0	0	0	0	8234	4104	1910	1198	0	0	0	0	0	0	0	0	186	0	0	0	0	0	0	0	0	0	0	0	0	0	0	0	0	0	0	0	0	0	0	0	0	0	0	0	0	0	0	0	0	0	
619184	Frontal_Sup_Medial_L	0	0	65420	20566	6040	352	21268	730	0	0	186	188	1834	188	144	0	0	0	12372	6884	182	170	0	42938	5432	3466	1402	474	938	308	43496	34682	12054	23212	0	0	0	0	0	0	0	0	0	0	0	0	0	0	0	0	0	0	0	0	0	0	0	0	0	0	0	0	0	0	0	0	0	0	0	0	1210	1046	2014	222	0	174	0	0	0	0	0	0	0	0	0	0	0	0	0	0	0	0	0	0	0	0	0	0	0	0	0	0	0	0	0	0	0	0	0	0	0	0	0	0	0	0	
569372	Frontal_Sup_Medial_R	0	136	22660	50322	492	3546	5166	4372	0	0	0	1708	964	1846	0	0	0	800	9988	14110	0	172	42938	0	1634	9640	184	3496	530	2498	19352	43526	2794	25780	0	0	0	0	0	0	0	0	0	0	0	0	0	0	0	0	0	0	0	0	0	0	0	0	0	0	0	0	0	0	0	0	0	0	0	0	1158	8460	278	5368	0	768	0	0	0	0	0	0	0	0	0	0	0	0	0	0	0	0	0	0	0	0	0	0	0	0	0	0	0	0	0	0	0	0	0	0	0	0	0	0	0	0	
79544	Frontal_Med_Orb_L	0	0	3386	152	5694	422	0	0	384	0	0	0	0	0	0	0	0	0	360	0	918	354	5432	1634	0	3340	4128	364	0	0	10074	896	0	0	0	0	0	0	0	0	0	0	0	0	0	0	0	0	0	0	0	0	0	0	0	0	0	0	0	0	0	0	0	0	0	0	0	0	0	0	1298	146	790	0	0	0	0	0	0	0	0	0	0	0	0	0	0	0	0	0	0	0	0	0	0	0	0	0	0	0	0	0	0	0	0	0	0	0	0	0	0	0	0	0	0	0	
151548	Frontal_Med_Orb_R	0	0	2536	6590	346	9284	0	264	0	442	0	390	0	244	242	0	0	298	556	884	414	2030	3466	9640	3340	0	512	10666	0	594	4446	10740	0	134	0	0	0	0	0	0	0	0	0	0	0	0	0	0	0	0	0	0	0	0	0	0	0	0	0	0	0	0	0	0	0	0	0	0	0	0	586	4396	0	2370	0	364	0	0	0	0	0	0	0	0	0	0	0	0	0	0	0	0	0	0	0	0	0	0	0	0	0	0	0	0	0	0	0	0	0	0	0	0	0	0	0	0	
109256	Rectus_L	0	0	2184	418	8856	590	0	0	1934	0	0	0	0	0	4664	186	0	0	448	0	5310	4870	1402	184	4128	512	0	1916	1210	0	5728	1840	0	0	0	0	0	0	0	0	164	0	0	0	0	0	0	0	0	0	0	0	0	0	0	0	0	0	0	0	0	0	0	0	0	0	0	0	0	0	5260	1450	960	152	0	0	0	0	0	0	0	0	262	0	0	0	0	0	0	0	0	0	0	0	0	0	0	0	0	0	0	0	0	0	0	0	0	0	0	0	0	0	0	0	0	0	
128764	Rectus_R	0	0	490	4890	522	11760	0	342	0	452	0	210	0	0	874	1520	0	180	208	536	2246	5068	474	3496	364	10666	1916	0	0	970	2106	7248	0	0	0	0	0	0	0	0	0	0	0	0	0	0	0	0	0	0	0	0	0	0	0	0	0	0	0	0	0	0	0	0	0	0	0	0	0	0	2076	3040	302	2092	0	334	0	0	0	0	0	0	0	0	0	0	0	0	0	0	0	0	0	0	0	0	0	0	0	0	0	0	0	0	0	0	0	0	0	0	0	0	0	0	0	0	
650396	Insula_L	22194	640	28380	958	5746	0	34380	1074	1464	0	22274	326	27132	214	12494	436	22582	430	32842	868	3108	398	938	530	0	0	1210	0	0	784	982	712	930	538	0	296	12140	128	1120	0	2728	0	0	0	0	0	0	0	0	0	772	0	0	0	4638	0	5584	144	380	0	1276	0	978	0	1354	0	328	0	434	0	4584	2602	23098	354	194	0	3562	0	8854	0	11728	0	8636	0	938	0	116	0	3564	0	104	0	0	0	0	0	0	0	0	0	0	0	0	0	0	0	0	0	0	0	0	0	0	0	0	0	
685464	Insula_R	114	4970	1878	44938	0	1044	714	12230	0	2010	0	59996	514	21478	0	8982	104	44124	8700	37740	0	1116	308	2498	0	594	0	970	784	0	528	3072	186	1230	0	0	0	6646	0	2920	0	750	0	0	0	0	0	0	0	0	0	0	0	0	0	3328	0	2818	0	176	0	138	0	480	0	104	0	0	0	0	1822	15850	906	28030	0	1660	0	590	0	1704	0	2698	0	8576	0	468	0	0	0	2246	0	0	0	0	0	0	0	0	0	0	0	0	0	0	0	0	0	0	0	0	0	0	0	0	0	0	
602032	Cingulum_Ant_L	612	0	42108	14620	8538	778	14574	608	236	0	650	452	2522	392	584	0	0	108	18944	5380	3956	3662	43496	19352	10074	4446	5728	2106	982	528	0	40798	15028	14374	106	0	0	0	0	0	0	0	0	0	0	0	0	0	0	0	0	0	0	0	0	0	0	0	0	0	0	0	0	0	0	0	0	0	0	0	10180	4024	9280	1154	0	536	0	0	0	0	100	0	0	0	0	0	0	0	0	0	0	0	0	0	0	0	0	0	0	0	0	0	0	0	0	0	0	0	0	0	0	0	0	0	0	0	
663620	Cingulum_Ant_R	0	222	21572	40588	808	3718	7240	1310	0	0	0	2642	1420	2064	530	200	0	1114	14410	15156	3128	4832	34682	43526	896	10740	1840	7248	712	3072	40798	0	6576	30302	0	0	0	0	0	0	0	0	0	0	0	0	0	0	0	0	0	0	0	0	0	0	0	0	0	0	0	0	0	0	0	0	0	0	0	0	5488	14116	1780	7084	0	1868	0	0	0	0	0	0	0	128	0	0	0	0	0	0	0	0	0	0	0	0	0	0	0	0	0	0	0	0	0	0	0	0	0	0	0	0	0	0	0	0	
274772	Cingulum_Mid_L	574	266	15638	4008	0	0	8542	272	0	0	388	144	1850	0	190	104	0	122	21910	10014	0	0	12054	2794	0	0	0	0	930	186	15028	6576	0	17110	3198	782	0	0	0	0	0	0	556	0	402	0	0	0	972	0	1612	0	376	0	0	0	204	198	134	0	156	0	0	0	174	0	4416	812	2682	1276	0	204	0	0	0	0	0	0	0	0	160	0	0	0	372	0	0	0	0	0	0	0	0	0	0	0	0	0	0	0	0	0	0	0	0	0	0	0	0	0	0	0	0	0	0	0	
588896	Cingulum_Mid_R	1238	228	15126	28736	0	0	6196	3234	0	0	0	990	1336	918	0	722	0	306	27838	43030	0	0	23212	25780	0	134	0	0	538	1230	14374	30302	17110	0	788	5912	0	0	0	0	0	0	0	1010	0	1154	0	1130	0	4178	0	1072	0	1324	0	532	0	1472	0	0	0	0	0	0	0	0	526	12000	3308	9574	726	1868	750	724	312	0	0	190	0	0	0	116	0	0	0	1826	0	0	0	1378	0	0	0	0	0	0	0	0	0	0	0	0	0	0	0	0	0	0	0	0	0	0	0	0	0	0	
136784	Cingulum_Post_L	196	0	0	0	0	0	0	0	0	0	0	0	0	0	0	0	0	0	1156	154	0	0	0	0	0	0	0	0	0	0	106	0	3198	788	0	17538	3608	4206	3038	792	0	0	1516	102	0	100	1198	290	114	174	844	178	190	0	1386	3040	250	1606	114	0	342	0	0	0	376	0	6222	4348	2746	906	0	0	0	0	0	0	0	128	0	0	0	0	0	0	678	110	0	0	5450	1204	0	0	0	0	0	0	0	0	0	0	0	0	0	0	0	0	0	0	0	0	0	0	0	0	0	0	
169276	Cingulum_Post_R	226	102	0	0	0	0	0	0	0	0	0	0	0	0	0	0	0	0	470	2044	0	0	0	0	0	0	0	0	296	0	0	0	782	5912	17538	0	4108	4550	2918	1020	0	0	0	640	0	762	250	1898	0	1482	0	1220	0	190	1092	4514	0	3798	0	0	0	292	0	240	0	298	3030	13874	306	4484	0	0	0	0	0	0	746	156	0	0	0	0	0	0	0	262	0	0	3158	1980	0	0	0	0	0	0	0	0	0	0	0	0	0	0	0	0	0	0	0	0	0	0	0	0	0	0	
269044	Hippocampus_L	12734	0	1326	0	0	0	1870	0	0	0	844	0	112	0	162	0	332	0	2410	0	402	0	0	0	0	0	0	0	12140	0	0	0	0	0	3608	4108	0	2766	13802	1282	6202	0	668	0	0	0	1456	424	0	0	0	0	0	0	16882	344	1330	0	0	0	122	0	0	0	0	0	1656	1274	926	0	0	0	14324	0	4082	0	6610	860	1750	0	2554	0	1528	0	546	0	232	0	11750	0	680	0	0	0	0	0	252	0	172	0	0	0	0	0	0	0	0	0	0	0	0	0	0	0	0	0	
277168	Hippocampus_R	0	6924	314	4230	0	0	0	962	0	0	0	1504	0	282	0	0	0	1512	362	2508	0	0	0	0	0	0	0	0	128	6646	0	0	0	0	4206	4550	2766	0	2206	21812	0	8442	0	0	0	0	258	756	0	0	0	0	0	0	664	24692	130	1364	0	0	0	0	0	0	0	0	186	1302	0	1106	148	396	152	16632	0	1080	838	5096	0	710	0	1864	0	2892	0	1208	0	0	1630	5588	0	0	0	0	0	0	0	538	0	0	0	0	0	0	0	0	0	0	0	0	0	0	0	0	0	0	
118940	ParaHippocampal_L	140	0	190	0	102	0	0	0	0	0	0	0	0	0	0	0	0	0	110	0	290	0	0	0	0	0	0	0	1120	0	0	0	0	0	3038	2918	13802	2206	0	1184	1584	0	752	0	0	0	3362	566	0	0	184	0	106	0	10872	332	0	0	0	0	0	0	0	0	0	0	2018	1264	0	0	0	0	1348	0	0	0	856	598	0	0	198	0	888	0	0	0	664	0	3962	0	210	0	0	0	902	0	2436	0	1062	0	0	0	0	0	0	0	0	0	0	206	0	0	0	0	0	0	
157684	ParaHippocampal_R	0	256	0	700	0	0	0	0	0	0	0	852	0	216	0	0	0	738	0	646	0	0	0	0	0	0	0	0	0	2920	0	0	0	0	792	1020	1282	21812	1184	0	0	7032	0	0	0	0	0	2716	0	0	0	0	0	0	180	15580	0	0	0	0	0	0	0	0	0	0	124	2010	0	0	0	132	0	6284	0	484	626	1882	0	258	0	440	0	3386	0	216	0	1038	248	1270	0	370	0	0	0	0	0	1624	0	410	0	0	0	0	0	0	0	0	0	0	114	0	0	0	0	0	
41448	Amygdala_L	182	0	980	0	354	0	570	0	0	0	0	0	246	0	484	0	0	0	238	0	952	0	0	0	0	0	164	0	2728	0	0	0	0	0	0	0	6202	0	1584	0	0	0	0	0	0	0	0	0	0	0	0	0	0	0	3040	0	0	0	0	0	0	0	0	0	0	0	0	0	0	0	0	0	1026	0	0	0	182	0	0	0	0	0	868	0	0	0	134	0	790	0	0	0	0	0	0	0	0	0	0	0	0	0	0	0	0	0	0	0	0	0	0	0	0	0	0	0	
56464	Amygdala_R	0	0	0	0	0	0	0	0	0	0	0	0	0	0	0	162	0	0	0	0	0	290	0	0	0	0	0	0	0	750	0	0	0	0	0	0	0	8442	0	7032	0	0	0	0	0	0	0	0	0	0	0	0	0	0	0	5506	0	0	0	0	0	0	0	0	0	0	0	0	0	0	0	0	0	1378	0	0	0	0	0	0	0	0	0	3222	0	148	0	298	0	1004	0	0	0	0	0	0	0	0	0	0	0	0	0	0	0	0	0	0	0	0	0	0	0	0	0	0	
172552	Calcarine_L	0	0	0	0	0	0	0	0	0	0	0	0	0	0	0	0	0	0	0	0	0	0	0	0	0	0	0	0	0	0	0	0	556	0	1516	0	668	0	752	0	0	0	0	3908	15268	4236	7106	476	10786	484	16436	0	4132	0	1592	0	234	0	122	0	484	0	0	0	642	0	12508	678	238	0	0	0	0	0	0	0	0	0	0	0	0	0	0	0	2078	0	0	0	1084	0	154	0	0	0	0	0	0	0	138	0	0	0	0	0	0	0	0	0	0	0	0	0	0	0	0	0	
176244	Calcarine_R	0	230	0	0	0	0	0	0	0	0	0	0	0	0	0	0	0	0	0	0	0	0	0	0	0	0	0	0	0	0	0	0	0	1010	102	640	0	0	0	0	0	0	3908	0	1422	13516	144	11980	0	12222	0	8070	0	3392	0	6206	0	1664	0	2112	0	0	0	0	0	112	726	14306	0	260	0	0	0	0	0	0	0	0	0	0	0	0	0	0	0	3408	0	0	0	2692	0	0	0	0	0	0	0	0	0	0	0	0	0	0	0	0	0	0	0	0	0	0	0	0	0	0	
132684	Cuneus_L	0	0	0	0	0	0	0	0	0	0	0	0	0	0	0	0	0	0	0	0	0	0	0	0	0	0	0	0	0	0	0	0	402	0	0	0	0	0	0	0	0	0	15268	1422	0	2038	1142	0	17100	194	13106	0	1404	0	142	0	112	0	932	0	392	0	0	0	510	0	10640	0	0	0	0	0	0	0	0	0	0	0	0	0	0	0	0	0	1130	0	0	0	408	0	0	0	0	0	0	0	0	0	0	0	0	0	0	0	0	0	0	0	0	0	0	0	0	0	0	0	
136036	Cuneus_R	0	120	0	0	0	0	0	0	0	0	0	0	0	0	0	0	0	0	0	0	0	0	0	0	0	0	0	0	0	0	0	0	0	1154	100	762	0	0	0	0	0	0	4236	13516	2038	0	104	2086	0	14154	0	3096	0	436	0	722	0	770	0	2426	0	0	0	0	0	0	3770	17866	0	186	0	0	0	0	0	0	0	0	0	0	0	0	0	0	0	334	0	0	0	142	0	0	0	0	0	0	0	0	0	0	0	0	0	0	0	0	0	0	0	0	0	0	0	0	0	0	
226960	Lingual_L	0	0	0	0	0	0	0	0	0	0	0	0	0	0	0	0	0	0	0	0	0	0	0	0	0	0	0	0	0	0	0	0	0	0	1198	250	1456	258	3362	0	0	0	7106	144	1142	104	0	1064	2386	0	10236	0	4922	0	16136	168	0	0	0	0	0	0	0	0	0	0	4982	0	0	0	0	0	0	0	0	0	0	0	0	0	0	0	0	0	0	0	0	0	1512	0	12348	2250	1400	264	540	0	13036	2078	16124	2660	0	0	106	0	0	0	0	0	0	206	4468	1264	310	0	0	0	
174716	Lingual_R	0	148	0	0	0	0	0	0	0	0	0	0	0	0	0	0	0	0	0	0	0	0	0	0	0	0	0	0	0	0	0	0	0	1130	290	1898	424	756	566	2716	0	0	476	11980	0	2086	1064	0	0	4900	0	3516	0	1636	618	13968	0	180	0	0	0	0	0	0	0	0	388	9562	0	0	0	0	0	0	0	0	0	216	0	0	0	0	0	0	0	196	0	0	0	546	1760	4262	736	500	128	344	680	3180	2644	6260	0	0	0	118	0	0	0	0	0	118	1916	4058	1394	0	0	0	
193192	Occipital_Sup_L	0	0	0	0	0	0	0	0	0	0	0	0	0	0	0	0	0	0	0	0	0	0	0	0	0	0	0	0	0	0	0	0	972	0	114	0	0	0	0	0	0	0	10786	0	17100	0	2386	0	0	0	31412	0	2492	0	224	0	148	0	7624	0	740	0	330	0	784	0	18884	0	152	0	0	0	0	0	0	0	0	0	0	0	376	0	0	0	1872	0	0	0	200	0	0	0	0	0	0	0	0	0	0	0	0	0	0	0	0	0	0	0	0	0	0	0	0	0	0	0	
148436	Occipital_Sup_R	0	202	0	0	0	0	0	0	0	0	0	0	0	0	0	0	0	0	0	0	0	0	0	0	0	0	0	0	0	0	0	0	0	4178	174	1482	0	0	0	0	0	0	484	12222	194	14154	0	4900	0	0	0	11130	0	1346	0	2254	0	846	0	1978	0	580	0	0	0	1874	1526	11808	0	0	0	0	0	0	0	0	0	0	0	0	0	124	0	0	0	1926	0	0	0	836	0	0	0	0	0	0	0	0	0	0	0	0	0	0	0	0	0	0	0	0	0	0	0	0	0	0	
399444	Occipital_Mid_L	282	0	0	0	0	0	0	0	0	0	0	0	0	0	0	0	892	0	0	0	0	0	0	0	0	0	0	0	772	0	0	0	1612	0	844	0	0	0	184	0	0	0	16436	0	13106	0	10236	0	31412	0	0	0	26980	0	6288	0	3376	0	14162	0	8018	0	1422	0	14264	0	30766	0	2102	0	0	0	0	0	0	0	0	0	180	0	1342	0	0	0	10994	0	0	0	2936	0	544	0	0	0	0	0	0	0	572	0	0	0	0	0	0	0	0	0	0	0	0	0	0	0	0	0	
139244	Occipital_Mid_R	0	166	0	0	0	0	0	0	0	0	0	0	0	0	0	0	0	0	0	0	0	0	0	0	0	0	0	0	0	0	0	0	0	1072	178	1220	0	0	0	0	0	0	0	8070	0	3096	0	3516	0	11130	0	0	0	3720	0	3562	0	482	0	804	0	4014	0	0	0	10544	136	4790	0	0	0	0	0	0	0	0	0	0	0	0	0	254	0	0	0	9686	0	0	0	3182	0	0	0	0	0	0	0	0	0	0	0	0	0	0	0	0	0	0	0	0	0	0	0	0	0	0	
130588	Occipital_Inf_L	0	0	0	0	0	0	0	0	0	0	0	0	0	0	0	0	0	0	0	0	0	0	0	0	0	0	0	0	0	0	0	0	376	0	190	0	0	0	106	0	0	0	4132	0	1404	0	4922	0	2492	0	26980	0	0	0	6722	0	414	0	890	0	264	0	106	0	506	0	5608	0	492	0	0	0	0	0	0	0	0	0	0	0	0	0	0	0	3446	0	0	0	3016	0	1144	192	0	0	0	0	270	212	988	202	0	0	0	0	0	0	0	0	0	0	220	0	0	0	0	0	
45928	Occipital_Inf_R	0	244	0	0	0	0	0	0	0	0	0	0	0	0	0	0	0	0	0	0	0	0	0	0	0	0	0	0	0	0	0	0	0	1324	0	190	0	0	0	0	0	0	0	3392	0	436	0	1636	0	1346	0	3720	0	0	0	3552	0	0	0	0	0	0	0	0	0	0	0	2172	0	0	0	0	0	0	0	0	0	0	0	0	0	0	0	0	0	1658	0	0	0	3118	0	176	0	0	0	0	0	0	0	0	0	0	0	0	0	0	0	0	0	0	0	0	0	0	0	0	
382860	Fusiform_L	400	0	0	0	0	0	124	0	0	0	0	0	0	0	0	0	110	0	616	0	0	0	0	0	0	0	0	0	4638	0	0	0	0	0	1386	1092	16882	664	10872	180	3040	0	1592	0	142	0	16136	618	224	0	6288	0	6722	0	0	148	196	0	0	0	0	0	0	0	180	0	2828	134	420	0	0	0	2842	0	0	0	572	130	0	0	3226	0	3256	0	3518	0	1772	0	19550	0	25370	1224	2790	242	428	0	12562	1176	29120	1372	1054	0	1696	0	316	0	226	0	0	102	2112	824	318	0	0	0	
359952	Fusiform_R	0	1486	0	480	0	0	0	0	0	0	0	478	0	130	0	0	0	430	0	452	0	0	0	0	0	0	0	0	0	3328	0	0	0	532	3040	4514	344	24692	332	15580	0	5506	0	6206	0	722	168	13968	0	2254	0	3562	0	3552	148	0	0	1340	0	0	0	0	0	0	0	0	284	6150	0	360	0	0	0	4516	0	274	0	686	0	860	0	3090	0	6256	0	2544	0	1078	1208	17806	836	12910	560	464	0	228	674	4820	1378	15378	0	0	0	578	0	0	0	0	0	172	1400	2020	202	0	0	0	
244576	Postcentral_L	25388	0	476	0	0	0	936	0	0	0	3156	0	848	0	0	0	8094	0	4820	0	0	0	0	0	0	0	0	0	5584	0	0	0	204	0	250	0	1330	130	0	0	0	0	234	0	112	0	0	0	148	0	3376	0	414	0	196	0	0	0	7608	0	21234	0	11632	0	1472	0	3510	0	5694	0	2144	182	728	0	106	0	3892	216	1590	0	4342	0	0	0	1304	0	0	0	938	0	0	0	0	0	0	0	0	0	0	0	0	0	0	0	0	0	0	0	0	0	0	0	0	0	0	0	
175524	Postcentral_R	200	16320	154	2100	0	0	0	1936	0	0	0	3046	0	126	0	0	0	4102	830	1466	0	0	0	0	0	0	0	0	144	2818	0	0	198	1472	1606	3798	0	1364	0	0	0	0	0	1664	0	770	0	180	0	846	0	482	0	0	0	1340	0	0	0	9060	0	5058	0	7728	0	1612	494	5432	1356	5018	268	178	314	1444	166	0	0	0	0	216	0	166	0	0	0	764	0	0	0	1526	0	0	0	0	0	0	0	0	0	0	0	0	0	0	0	0	0	0	0	0	0	0	0	0	0	0	
136484	Parietal_Sup_L	1066	0	0	0	0	0	0	0	0	0	0	0	0	0	0	0	190	0	0	0	0	0	0	0	0	0	0	0	380	0	0	0	134	0	114	0	0	0	0	0	0	0	122	0	932	0	0	0	7624	0	14162	0	890	0	0	0	7608	0	0	0	14104	0	688	0	4064	0	13958	0	1136	0	0	0	0	0	0	0	0	0	0	0	490	0	0	0	290	0	0	0	290	0	0	0	0	0	0	0	0	0	0	0	0	0	0	0	0	0	0	0	0	0	0	0	0	0	0	0	
87124	Parietal_Sup_R	0	3722	0	372	0	0	0	1182	0	0	0	1242	0	0	0	0	0	180	0	186	0	0	0	0	0	0	0	0	0	176	0	0	0	0	0	0	0	0	0	0	0	0	0	2112	0	2426	0	0	0	1978	0	804	0	0	0	0	0	9060	0	0	0	5374	0	1628	0	3664	942	8182	0	0	0	0	0	0	0	0	0	0	0	0	0	0	0	0	0	140	0	0	0	192	0	0	0	0	0	0	0	0	0	0	0	0	0	0	0	0	0	0	0	0	0	0	0	0	0	0	
229428	Parietal_Inf_L	6650	0	0	0	0	0	330	0	0	0	0	0	0	0	0	0	784	0	232	162	0	0	0	0	0	0	0	0	1276	0	0	0	156	0	342	0	122	0	0	0	0	0	484	0	392	0	0	0	740	0	8018	0	264	0	0	0	21234	0	14104	0	0	0	15616	0	21918	0	4066	0	2626	158	0	0	0	0	0	0	162	0	176	0	2784	0	0	0	9020	0	0	0	2898	0	0	0	0	0	0	0	0	0	0	0	0	0	0	0	0	0	0	0	0	0	0	0	0	0	0	0	
81820	Parietal_Inf_R	0	834	0	224	0	0	0	282	0	0	0	528	0	0	0	0	0	120	0	118	0	0	0	0	0	0	0	0	0	138	0	0	0	0	0	292	0	0	0	0	0	0	0	0	0	0	0	0	0	580	0	4014	0	0	0	0	0	5058	0	5374	0	0	0	8138	0	12994	202	442	0	0	0	0	0	0	0	0	0	0	0	0	0	328	0	0	0	594	0	0	0	650	0	0	0	0	0	0	0	0	0	0	0	0	0	0	0	0	0	0	0	0	0	0	0	0	0	0	
116836	SupraMarginal_L	4126	0	0	0	0	0	0	0	0	0	0	0	0	0	0	0	2502	0	410	0	0	0	0	0	0	0	0	0	978	0	0	0	0	0	0	0	0	0	0	0	0	0	0	0	0	0	0	0	330	0	1422	0	106	0	0	0	11632	0	688	0	15616	0	0	0	7084	0	634	0	0	0	0	0	0	0	0	0	0	0	246	0	7026	0	0	0	5280	0	0	0	338	0	0	0	0	0	0	0	0	0	0	0	0	0	0	0	0	0	0	0	0	0	0	0	0	0	0	0	
77912	SupraMarginal_R	0	900	0	372	0	0	0	332	0	0	0	290	0	0	0	0	0	3288	0	182	0	0	0	0	0	0	0	0	0	480	0	0	0	0	0	240	0	0	0	0	0	0	0	0	0	0	0	0	0	0	0	0	0	0	0	0	0	7728	0	1628	0	8138	0	0	0	5822	534	896	0	0	0	0	0	0	0	0	0	0	0	104	0	5956	0	0	0	1450	0	0	0	616	0	0	0	0	0	0	0	0	0	0	0	0	0	0	0	0	0	0	0	0	0	0	0	0	0	0	
164088	Angular_L	646	0	0	0	0	0	0	0	0	0	0	0	0	0	0	0	1372	0	0	0	0	0	0	0	0	0	0	0	1354	0	0	0	174	0	376	0	0	0	0	0	0	0	642	0	510	0	0	0	784	0	14264	0	506	0	180	0	1472	0	4064	0	21918	0	7084	0	0	0	4244	0	722	0	0	0	0	0	0	0	0	0	242	0	3284	0	0	0	13980	0	0	0	4226	0	0	0	0	0	0	0	0	0	0	0	0	0	0	0	0	0	0	0	0	0	0	0	0	0	0	0	
103224	Angular_R	0	556	0	164	0	0	0	178	0	0	0	372	0	0	0	0	0	120	0	0	0	0	0	0	0	0	0	0	0	104	0	0	0	0	0	298	0	0	0	0	0	0	0	112	0	0	0	0	0	1874	0	10544	0	0	0	0	0	1612	0	3664	0	12994	0	5822	0	0	124	326	0	0	0	0	0	0	0	0	0	0	0	0	0	3856	0	0	0	7256	0	0	0	1636	0	0	0	0	0	0	0	0	0	0	0	0	0	0	0	0	0	0	0	0	0	0	0	0	0	0	
326256	Precuneus_L	176	248	0	0	0	0	0	124	0	0	0	0	0	0	0	0	292	144	338	0	0	0	0	0	0	0	0	0	328	0	0	0	4416	526	6222	3030	1656	186	2018	124	0	0	12508	726	10640	3770	4982	388	18884	1526	30766	136	5608	0	2828	284	3510	494	13958	942	4066	202	634	534	4244	124	0	10366	3040	0	0	0	0	0	0	0	0	0	120	0	714	112	0	0	4730	0	0	0	2186	148	0	0	0	0	0	0	0	0	130	0	0	0	0	0	0	0	0	0	0	0	0	0	0	0	0	0	
283052	Precuneus_R	0	832	0	0	0	0	0	242	0	0	0	0	0	0	0	0	0	190	0	214	0	0	0	0	0	0	0	0	0	0	0	0	812	12000	4348	13874	1274	1302	1264	2010	0	0	678	14306	0	17866	0	9562	0	11808	0	4790	0	2172	134	6150	0	5432	0	8182	0	442	0	896	0	326	10366	0	0	3158	0	0	0	0	0	0	0	188	0	0	0	356	0	0	0	2820	0	0	352	2844	0	0	0	0	0	0	0	210	0	0	0	0	0	0	0	0	0	0	0	0	126	0	0	0	0	0	
190564	Paracentral_Lobule_L	19428	2820	2412	206	0	0	0	0	0	0	0	0	0	0	0	124	112	0	11474	6934	0	0	0	0	0	0	0	0	434	0	0	0	2682	3308	2746	306	926	0	0	0	0	0	238	0	0	0	0	0	152	0	2102	0	492	0	420	0	5694	1356	1136	0	2626	0	0	0	722	0	3040	0	0	6638	1612	1350	3308	0	4052	0	1976	474	0	0	0	0	0	0	1626	0	0	0	2356	0	0	0	0	0	0	0	0	0	0	0	0	0	0	0	0	0	0	0	0	0	0	0	0	0	0	0	
274744	Paracentral_Lobule_R	4648	22658	108	416	0	0	0	0	0	0	0	0	0	0	0	0	0	0	6072	40642	0	0	0	0	0	0	0	0	0	0	0	0	1276	9574	906	4484	0	1106	0	0	0	0	0	260	0	186	0	0	0	0	0	0	0	0	0	360	0	5018	0	0	158	0	0	0	0	0	0	3158	6638	0	890	7634	0	0	0	0	774	20238	0	0	0	0	0	0	0	0	0	0	0	168	0	0	0	0	0	0	0	0	0	0	0	0	0	0	0	0	0	0	0	0	0	0	0	0	0	0	
314204	Caudate_L	6618	1618	7844	3028	3234	1046	2438	1478	142	644	506	1350	792	998	3720	1382	604	524	12138	2454	8212	8234	1210	1158	1298	586	5260	2076	4584	1822	10180	5488	0	726	0	0	0	148	0	0	0	0	0	0	0	0	0	0	0	0	0	0	0	0	0	0	2144	268	0	0	0	0	0	0	0	0	0	0	1612	890	0	15840	18224	1706	3014	304	7416	1166	0	0	390	0	588	0	0	0	0	0	0	0	0	0	0	0	0	0	0	0	0	0	0	0	0	0	0	0	0	0	0	0	0	0	0	0	0	0	
555100	Caudate_R	2032	5184	6340	25714	866	4996	1686	5894	0	3628	332	13504	956	5482	1204	14918	448	10210	10398	28430	2278	4104	1046	8460	146	4396	1450	3040	2602	15850	4024	14116	204	1868	0	0	0	396	0	132	0	0	0	0	0	0	0	0	0	0	0	0	0	0	0	0	182	178	0	0	0	0	0	0	0	0	0	0	1350	7634	15840	0	4634	21010	310	5062	900	11724	0	0	252	0	294	1846	0	0	0	0	0	0	0	0	0	0	0	0	0	0	0	0	0	0	0	0	0	0	0	0	0	0	0	0	0	0	0	0	
400568	Putamen_L	16042	1296	18120	932	6092	176	5650	710	1440	178	1664	718	1292	614	4476	360	424	288	25958	1376	2324	1910	2014	278	790	0	960	302	23098	906	9280	1780	0	750	0	0	14324	152	1348	0	1026	0	0	0	0	0	0	0	0	0	0	0	0	0	2842	0	728	314	0	0	0	0	0	0	0	0	0	0	3308	0	18224	4634	0	866	10670	240	4094	196	144	0	918	0	2524	0	136	0	0	0	1398	0	0	0	0	0	0	0	0	0	0	0	0	0	0	0	0	0	0	0	0	0	0	0	0	0	0	0	
434108	Putamen_R	0	1972	774	27216	0	4296	320	6106	0	1980	0	15818	234	4152	128	6580	0	14280	1480	17790	650	1198	222	5368	0	2370	152	2092	354	28030	1154	7084	0	724	0	0	0	16632	0	6284	0	1378	0	0	0	0	0	0	0	0	0	0	0	0	0	4516	0	1444	0	0	0	0	0	0	0	0	0	0	0	0	1706	21010	866	0	0	6034	0	632	0	0	0	0	0	3142	0	154	0	0	0	732	0	0	0	0	0	0	0	0	0	0	0	0	0	0	0	0	0	0	0	0	0	0	0	0	0	0	
89828	Pallidum_L	8922	702	2652	0	0	0	390	172	0	0	0	0	0	0	0	0	126	0	5970	508	0	0	0	0	0	0	0	0	194	0	0	0	0	312	0	0	4082	0	0	0	0	0	0	0	0	0	0	0	0	0	0	0	0	0	0	0	106	166	0	0	0	0	0	0	0	0	0	0	4052	0	3014	310	10670	0	0	0	2394	172	0	0	0	0	0	0	0	0	0	0	0	0	0	0	0	0	0	0	0	0	0	0	0	0	0	0	0	0	0	0	0	0	0	0	0	0	0	0	
67324	Pallidum_R	0	142	144	5026	0	480	0	422	0	120	0	1330	0	202	0	206	0	1364	214	4830	0	0	174	768	0	364	0	334	0	1660	536	1868	0	0	0	0	0	1080	0	484	0	0	0	0	0	0	0	0	0	0	0	0	0	0	0	274	0	0	0	0	0	0	0	0	0	0	0	0	0	0	304	5062	240	6034	0	0	0	0	0	0	0	0	0	0	0	0	0	0	0	0	0	0	0	0	0	0	0	0	0	0	0	0	0	0	0	0	0	0	0	0	0	0	0	0	0	0	
136640	Thalamus_L	24544	496	1152	0	0	0	982	0	0	0	258	0	0	0	0	0	138	0	1010	842	0	0	0	0	0	0	0	0	3562	0	0	0	0	0	0	746	6610	838	856	626	182	0	0	0	0	0	0	0	0	0	0	0	0	0	572	0	3892	0	0	0	162	0	0	0	0	0	0	0	1976	774	7416	900	4094	0	2394	0	0	2014	196	0	224	0	0	0	0	0	0	0	864	0	0	0	0	0	0	0	0	0	0	0	0	0	0	0	0	0	0	0	0	0	0	0	0	0	0	0	
191952	Thalamus_R	1074	19720	104	5276	0	0	0	458	0	0	0	346	0	0	0	616	0	528	304	19650	0	0	0	0	0	0	0	0	0	590	0	0	0	190	128	156	860	5096	598	1882	0	0	0	0	0	0	0	216	0	0	0	0	0	0	130	686	216	0	0	0	0	0	0	0	0	0	0	188	474	20238	1166	11724	196	632	172	0	2014	0	0	0	0	0	0	156	0	0	0	0	0	192	0	0	0	0	0	0	0	0	0	0	0	0	0	0	0	0	0	0	0	0	0	0	0	0	0	0	
65504	Heschl_L	5938	0	240	0	0	0	1392	0	0	0	688	0	0	0	0	0	3344	0	890	0	0	0	0	0	0	0	0	0	8854	0	0	0	0	0	0	0	1750	0	0	0	0	0	0	0	0	0	0	0	0	0	180	0	0	0	0	0	1590	0	0	0	176	0	246	0	242	0	120	0	0	0	0	0	144	0	0	0	196	0	0	0	2002	0	0	0	2096	0	0	0	2664	0	0	0	0	0	0	0	0	0	0	0	0	0	0	0	0	0	0	0	0	0	0	0	0	0	0	0	
25148	Heschl_R	0	278	0	138	0	0	0	0	0	0	0	0	0	0	0	0	0	1084	0	166	0	0	0	0	0	0	0	0	0	1704	0	0	0	0	0	0	0	710	0	258	0	0	0	0	0	0	0	0	0	0	0	0	0	0	0	860	0	216	0	0	0	0	0	104	0	0	0	0	0	0	0	0	0	0	0	0	0	0	0	0	0	5444	0	0	0	1260	0	0	0	352	0	0	0	0	0	0	0	0	0	0	0	0	0	0	0	0	0	0	0	0	0	0	0	0	0	0	
221596	Temporal_Sup_L	6518	0	982	0	0	0	2606	0	0	0	6028	0	550	0	0	0	10398	0	5414	152	0	0	0	0	0	0	0	0	11728	0	100	0	160	0	0	0	2554	0	198	0	0	0	0	0	0	0	0	0	376	0	1342	0	0	0	3226	0	4342	0	490	0	2784	0	7026	0	3284	0	714	0	0	0	390	252	918	0	0	0	224	0	2002	0	0	0	5334	0	18322	0	126	0	12258	0	0	0	0	0	0	0	0	0	0	0	0	0	0	0	0	0	0	0	0	0	0	0	0	0	0	0	
77724	Temporal_Sup_R	0	390	0	474	0	0	0	0	0	0	0	384	0	0	0	372	0	1442	0	464	0	0	0	0	0	0	0	0	0	2698	0	0	0	116	0	0	0	1864	0	440	0	0	0	0	0	0	0	0	0	124	0	254	0	0	0	3090	0	166	0	0	0	328	0	5956	0	3856	112	356	0	0	0	0	0	0	0	0	0	0	0	5444	0	0	0	996	0	6206	0	162	0	3168	0	0	0	0	0	0	0	0	0	0	0	0	0	0	0	0	0	0	0	0	0	0	0	0	0	0	
135908	Temporal_Pole_Sup_L	608	0	1096	104	926	0	998	0	512	0	4150	0	1200	0	2540	0	3386	0	2610	0	326	186	0	0	0	0	262	0	8636	0	0	0	0	0	0	0	1528	0	888	0	868	0	0	0	0	0	0	0	0	0	0	0	0	0	3256	0	0	0	0	0	0	0	0	0	0	0	0	0	0	0	588	294	2524	0	0	0	0	0	0	0	5334	0	0	0	9136	0	6800	0	9198	0	0	0	0	0	0	0	0	0	0	0	0	0	0	0	0	0	0	0	0	0	0	0	0	0	0	0	
147700	Temporal_Pole_Sup_R	0	222	0	6882	0	0	0	1470	0	0	0	8488	0	636	0	1080	0	8204	888	6302	0	0	0	0	0	0	0	0	0	8576	0	128	0	0	0	0	0	2892	0	3386	0	3222	0	0	0	0	0	0	0	0	0	0	0	0	0	6256	0	0	0	0	0	0	0	0	0	0	0	0	0	0	0	1846	0	3142	0	0	0	156	0	0	0	996	0	0	0	1572	0	3142	0	4364	0	0	0	0	0	0	0	0	0	0	0	0	0	0	0	0	0	0	0	0	0	0	0	0	0	0	
262696	Temporal_Mid_L	656	0	0	0	0	0	0	0	0	0	0	0	0	0	0	0	648	0	164	0	0	0	0	0	0	0	0	0	938	0	0	0	372	0	678	0	546	0	0	0	0	0	2078	0	1130	0	0	0	1872	0	10994	0	3446	0	3518	0	1304	0	290	0	9020	0	5280	0	13980	0	4730	0	1626	0	0	0	136	0	0	0	0	0	2096	0	18322	0	9136	0	0	0	5250	0	33138	0	0	0	0	0	0	0	0	0	0	0	0	0	0	0	0	0	0	0	0	0	0	0	0	0	0	0	
130872	Temporal_Mid_R	0	188	0	0	0	0	0	0	0	0	0	0	0	0	0	0	0	0	0	0	0	0	0	0	0	0	0	0	0	468	0	0	0	1826	110	262	0	1208	0	216	0	148	0	3408	0	334	0	196	0	1926	0	9686	0	1658	0	2544	0	764	0	140	0	594	0	1450	0	7256	0	2820	0	0	0	0	0	154	0	0	0	0	0	1260	0	6206	0	1572	0	0	0	374	0	18668	0	0	0	0	0	0	0	0	0	0	0	0	0	0	0	0	0	0	0	0	0	0	0	0	0	0	
42164	Temporal_Pole_Mid_L	0	0	0	0	0	0	0	0	0	0	0	0	0	0	0	0	0	0	0	0	0	0	0	0	0	0	0	0	116	0	0	0	0	0	0	0	232	0	664	0	134	0	0	0	0	0	0	0	0	0	0	0	0	0	1772	0	0	0	0	0	0	0	0	0	0	0	0	0	0	0	0	0	0	0	0	0	0	0	0	0	126	0	6800	0	5250	0	0	0	5988	0	0	0	0	0	0	0	0	0	0	0	0	0	0	0	0	0	0	0	0	0	0	0	0	0	0	0	
15464	Temporal_Pole_Mid_R	0	0	0	0	0	0	0	0	0	0	0	0	0	0	0	0	0	0	0	0	0	0	0	0	0	0	0	0	0	0	0	0	0	0	0	0	0	0	0	1038	0	298	0	0	0	0	0	0	0	0	0	0	0	0	0	1078	0	0	0	0	0	0	0	0	0	0	0	0	0	0	0	0	0	0	0	0	0	0	0	0	0	162	0	3142	0	374	0	0	0	1640	0	0	0	0	0	0	0	0	0	0	0	0	0	0	0	0	0	0	0	0	0	0	0	0	0	0	
300116	Temporal_Inf_L	1010	0	0	0	0	0	0	0	0	0	0	0	0	0	0	0	548	0	630	0	0	0	0	0	0	0	0	0	3564	0	0	0	0	0	5450	3158	11750	1630	3962	248	790	0	1084	0	408	0	1512	0	200	0	2936	0	3016	0	19550	1208	938	0	290	0	2898	0	338	0	4226	0	2186	352	2356	0	0	0	1398	0	0	0	864	0	2664	0	12258	0	9198	0	33138	0	5988	0	0	388	5068	0	640	0	0	0	294	0	954	0	476	0	492	0	0	0	0	0	0	0	0	0	0	0	0	0	
166704	Temporal_Inf_R	0	984	0	104	0	0	0	0	0	0	0	0	0	0	0	0	0	148	0	0	0	0	0	0	0	0	0	0	0	2246	0	0	0	1378	1204	1980	0	5588	0	1270	0	1004	0	2692	0	142	0	546	0	836	0	3182	0	3118	0	17806	0	1526	0	192	0	650	0	616	0	1636	148	2844	0	168	0	0	0	732	0	0	0	192	0	352	0	3168	0	4364	0	18668	0	1640	388	0	0	1454	0	0	0	0	0	0	0	282	0	0	0	104	0	0	0	0	0	0	0	0	0	0	0	0	
496804	Cerebelum_Crus1_L	0	0	0	0	0	0	0	0	0	0	0	0	0	0	0	0	0	0	0	0	0	0	0	0	0	0	0	0	104	0	0	0	0	0	0	0	680	0	210	0	0	0	154	0	0	0	12348	1760	0	0	544	0	1144	0	25370	836	0	0	0	0	0	0	0	0	0	0	0	0	0	0	0	0	0	0	0	0	0	0	0	0	0	0	0	0	0	0	0	0	5068	0	0	5346	34282	3814	1236	278	19430	1842	57518	7058	17220	366	19862	2594	4258	528	1028	0	196	698	5320	8580	6056	976	1046	652	
469132	Cerebelum_Crus1_R	0	0	0	0	0	0	0	0	0	0	0	0	0	0	0	0	0	0	0	0	0	0	0	0	0	0	0	0	0	0	0	0	0	0	0	0	0	0	0	370	0	0	0	0	0	0	2250	4262	0	0	0	0	192	176	1224	12910	0	0	0	0	0	0	0	0	0	0	0	0	0	0	0	0	0	0	0	0	0	0	0	0	0	0	0	0	0	0	0	0	0	1454	5346	0	2552	30626	106	4410	5580	21180	7252	58382	764	3892	1668	21456	700	2274	112	0	404	3382	12754	12172	10284	3460	2584	388	
347852	Cerebelum_Crus2_L	0	0	0	0	0	0	0	0	0	0	0	0	0	0	0	0	0	0	0	0	0	0	0	0	0	0	0	0	0	0	0	0	0	0	0	0	0	0	0	0	0	0	0	0	0	0	1400	736	0	0	0	0	0	0	2790	560	0	0	0	0	0	0	0	0	0	0	0	0	0	0	0	0	0	0	0	0	0	0	0	0	0	0	0	0	0	0	0	0	640	0	34282	2552	0	10936	222	0	3478	132	10526	2940	38976	5558	32900	5048	1446	0	1162	0	0	118	504	3032	11220	2768	0	0	
298304	Cerebelum_Crus2_R	0	0	0	0	0	0	0	0	0	0	0	0	0	0	0	0	0	0	0	0	0	0	0	0	0	0	0	0	0	0	0	0	0	0	0	0	0	0	0	0	0	0	0	0	0	0	264	500	0	0	0	0	0	0	242	464	0	0	0	0	0	0	0	0	0	0	0	0	0	0	0	0	0	0	0	0	0	0	0	0	0	0	0	0	0	0	0	0	0	0	3814	30626	10936	0	0	1062	1138	2580	1450	8440	7116	16728	5840	32348	526	1632	0	0	0	670	2630	1720	13774	3868	784	0	
28380	Cerebelum_3_L	0	0	0	0	0	0	0	0	0	0	0	0	0	0	0	0	0	0	0	0	0	0	0	0	0	0	0	0	0	0	0	0	0	0	0	0	0	0	902	0	0	0	0	0	0	0	540	128	0	0	0	0	0	0	428	0	0	0	0	0	0	0	0	0	0	0	0	0	0	0	0	0	0	0	0	0	0	0	0	0	0	0	0	0	0	0	0	0	0	0	1236	106	222	0	0	104	5212	0	1678	126	106	0	284	0	912	0	0	0	584	1212	308	102	0	0	0	0	
67152	Cerebelum_3_R	0	0	0	0	0	0	0	0	0	0	0	0	0	0	0	0	0	0	0	0	0	0	0	0	0	0	0	0	0	0	0	0	0	0	0	0	0	0	0	0	0	0	0	0	0	0	0	344	0	0	0	0	0	0	0	228	0	0	0	0	0	0	0	0	0	0	0	0	0	0	0	0	0	0	0	0	0	0	0	0	0	0	0	0	0	0	0	0	0	0	278	4410	0	1062	104	0	360	5712	222	6196	0	0	488	1312	262	1268	0	0	582	4536	1750	380	1516	1226	1340	0	
275404	Cerebelum_4_5_L	0	0	0	0	0	0	0	0	0	0	0	0	0	0	0	0	0	0	0	0	0	0	0	0	0	0	0	0	0	0	0	0	0	0	0	0	252	0	2436	0	0	0	0	0	0	0	13036	680	0	0	0	0	270	0	12562	674	0	0	0	0	0	0	0	0	0	0	0	0	0	0	0	0	0	0	0	0	0	0	0	0	0	0	0	0	0	0	0	0	294	0	19430	5580	3478	1138	5212	360	0	3884	31774	7184	798	0	1302	532	3052	468	240	0	572	1744	13466	4158	798	270	948	1110	
207028	Cerebelum_4_5_R	0	0	0	0	0	0	0	0	0	0	0	0	0	0	0	0	0	0	0	0	0	0	0	0	0	0	0	0	0	0	0	0	0	0	0	0	0	538	0	1624	0	0	0	0	0	0	2078	3180	0	0	0	0	212	0	1176	4820	0	0	0	0	0	0	0	0	0	0	0	210	0	0	0	0	0	0	0	0	0	0	0	0	0	0	0	0	0	0	0	0	0	0	1842	21180	132	2580	0	5712	3884	0	2648	28084	0	0	498	2598	300	1228	0	0	0	3064	11424	348	1900	1130	1124	0	
451844	Cerebelum_6_L	0	0	0	0	0	0	0	0	0	0	0	0	0	0	0	0	0	0	0	0	0	0	0	0	0	0	0	0	0	0	0	0	0	0	0	0	172	0	1062	0	0	0	138	0	0	0	16124	2644	0	0	572	0	988	0	29120	1378	0	0	0	0	0	0	0	0	0	0	130	0	0	0	0	0	0	0	0	0	0	0	0	0	0	0	0	0	0	0	0	0	954	0	57518	7252	10526	1450	1678	222	31774	2648	0	10014	4802	0	5632	590	5638	764	962	0	600	1578	10278	12644	2338	496	1672	1564	
437628	Cerebelum_6_R	0	0	0	0	0	0	0	0	0	0	0	0	0	0	0	0	0	0	0	0	0	0	0	0	0	0	0	0	0	0	0	0	0	0	0	0	0	0	0	410	0	0	0	0	0	0	2660	6260	0	0	0	0	202	0	1372	15378	0	0	0	0	0	0	0	0	0	0	0	0	0	0	0	0	0	0	0	0	0	0	0	0	0	0	0	0	0	0	0	0	0	282	7058	58382	2940	8440	126	6196	7184	28084	10014	0	464	542	898	6556	874	2300	130	0	488	4182	16502	15790	9052	2914	2752	382	
279708	Cerebelum_7b_L	0	0	0	0	0	0	0	0	0	0	0	0	0	0	0	0	0	0	0	0	0	0	0	0	0	0	0	0	0	0	0	0	0	0	0	0	0	0	0	0	0	0	0	0	0	0	0	0	0	0	0	0	0	0	1054	0	0	0	0	0	0	0	0	0	0	0	0	0	0	0	0	0	0	0	0	0	0	0	0	0	0	0	0	0	0	0	0	0	476	0	17220	764	38976	7116	106	0	798	0	4802	464	0	4278	40112	5634	4084	194	1182	0	0	106	114	248	7260	4692	174	0	
107860	Cerebelum_7b_R	0	0	0	0	0	0	0	0	0	0	0	0	0	0	0	0	0	0	0	0	0	0	0	0	0	0	0	0	0	0	0	0	0	0	0	0	0	0	0	0	0	0	0	0	0	0	0	0	0	0	0	0	0	0	0	0	0	0	0	0	0	0	0	0	0	0	0	0	0	0	0	0	0	0	0	0	0	0	0	0	0	0	0	0	0	0	0	0	0	0	366	3892	5558	16728	0	0	0	0	0	542	4278	0	2292	13010	0	614	0	0	0	0	0	0	4268	2382	0	0	
340996	Cerebelum_8_L	0	0	0	0	0	0	0	0	0	0	0	0	0	0	0	0	0	0	0	0	0	0	0	0	0	0	0	0	0	0	0	0	0	0	0	0	0	0	0	0	0	0	0	0	0	0	106	0	0	0	0	0	0	0	1696	0	0	0	0	0	0	0	0	0	0	0	0	0	0	0	0	0	0	0	0	0	0	0	0	0	0	0	0	0	0	0	0	0	492	0	19862	1668	32900	5840	284	488	1302	498	5632	898	40112	2292	0	8444	17582	2966	3628	0	142	344	372	398	8356	10688	3358	150	
275944	Cerebelum_8_R	0	0	0	0	0	0	0	0	0	0	0	0	0	0	0	0	0	0	0	0	0	0	0	0	0	0	0	0	0	0	0	0	0	0	0	0	0	0	0	0	0	0	0	0	0	0	0	118	0	0	0	0	0	0	0	578	0	0	0	0	0	0	0	0	0	0	0	0	0	0	0	0	0	0	0	0	0	0	0	0	0	0	0	0	0	0	0	0	0	104	2594	21456	5048	32348	0	1312	532	2598	590	6556	5634	13010	8444	0	1008	13276	0	428	126	728	1138	770	9102	8362	2004	108	
119472	Cerebelum_9_L	0	0	0	0	0	0	0	0	0	0	0	0	0	0	0	0	0	0	0	0	0	0	0	0	0	0	0	0	0	0	0	0	0	0	0	0	0	0	0	0	0	0	0	0	0	0	0	0	0	0	0	0	0	0	316	0	0	0	0	0	0	0	0	0	0	0	0	0	0	0	0	0	0	0	0	0	0	0	0	0	0	0	0	0	0	0	0	0	0	0	4258	700	1446	526	912	262	3052	300	5638	874	4084	0	17582	1008	0	2174	5192	0	164	242	798	1974	1728	2568	2772	1166	
104652	Cerebelum_9_R	0	0	0	0	0	0	0	0	0	0	0	0	0	0	0	0	0	0	0	0	0	0	0	0	0	0	0	0	0	0	0	0	0	0	0	0	0	0	0	0	0	0	0	0	0	0	0	0	0	0	0	0	0	0	0	0	0	0	0	0	0	0	0	0	0	0	0	0	0	0	0	0	0	0	0	0	0	0	0	0	0	0	0	0	0	0	0	0	0	0	528	2274	0	1632	0	1268	468	1228	764	2300	194	614	2966	13276	2174	0	0	942	472	982	1044	2324	3752	4810	6300	2014	
28032	Cerebelum_10_L	0	0	0	0	0	0	0	0	0	0	0	0	0	0	0	0	0	0	0	0	0	0	0	0	0	0	0	0	0	0	0	0	0	0	0	0	0	0	0	0	0	0	0	0	0	0	0	0	0	0	0	0	0	0	226	0	0	0	0	0	0	0	0	0	0	0	0	0	0	0	0	0	0	0	0	0	0	0	0	0	0	0	0	0	0	0	0	0	0	0	1028	112	1162	0	0	0	240	0	962	130	1182	0	3628	0	5192	0	0	0	0	0	0	154	0	0	0	0	
2740	Cerebelum_10_R	0	0	0	0	0	0	0	0	0	0	0	0	0	0	0	0	0	0	0	0	0	0	0	0	0	0	0	0	0	0	0	0	0	0	0	0	0	0	0	0	0	0	0	0	0	0	0	0	0	0	0	0	0	0	0	0	0	0	0	0	0	0	0	0	0	0	0	0	0	0	0	0	0	0	0	0	0	0	0	0	0	0	0	0	0	0	0	0	0	0	0	0	0	0	0	0	0	0	0	0	0	0	0	428	0	942	0	0	0	0	0	0	0	0	0	0	
22356	Vermis_1_2	0	0	0	0	0	0	0	0	0	0	0	0	0	0	0	0	0	0	0	0	0	0	0	0	0	0	0	0	0	0	0	0	0	0	0	0	0	0	0	0	0	0	0	0	0	0	0	0	0	0	0	0	0	0	0	0	0	0	0	0	0	0	0	0	0	0	0	0	0	0	0	0	0	0	0	0	0	0	0	0	0	0	0	0	0	0	0	0	0	0	196	404	0	0	584	582	572	0	600	488	0	0	142	126	164	472	0	0	0	3274	722	662	456	490	894	350	
73388	Vermis_3	0	0	0	0	0	0	0	0	0	0	0	0	0	0	0	0	0	0	0	0	0	0	0	0	0	0	0	0	0	0	0	0	0	0	0	0	0	0	206	0	0	0	0	0	0	0	206	118	0	0	0	0	0	0	102	172	0	0	0	0	0	0	0	0	0	0	0	0	0	0	0	0	0	0	0	0	0	0	0	0	0	0	0	0	0	0	0	0	0	0	698	3382	118	670	1212	4536	1744	3064	1578	4182	106	0	344	728	242	982	0	0	3274	0	3344	1126	1396	1100	1676	388	
210960	Vermis_4_5	0	0	0	0	0	0	0	0	0	0	0	0	0	0	0	0	0	0	0	0	0	0	0	0	0	0	0	0	0	0	0	0	0	0	0	0	0	0	0	114	0	0	0	0	0	0	4468	1916	0	0	0	0	220	0	2112	1400	0	0	0	0	0	0	0	0	0	0	0	126	0	0	0	0	0	0	0	0	0	0	0	0	0	0	0	0	0	0	0	0	0	0	5320	12754	504	2630	308	1750	13466	11424	10278	16502	114	0	372	1138	798	1044	0	0	722	3344	0	6478	1862	660	1546	2110	
192032	Vermis_6	0	0	0	0	0	0	0	0	0	0	0	0	0	0	0	0	0	0	0	0	0	0	0	0	0	0	0	0	0	0	0	0	0	0	0	0	0	0	0	0	0	0	0	0	0	0	1264	4058	0	0	0	0	0	0	824	2020	0	0	0	0	0	0	0	0	0	0	0	0	0	0	0	0	0	0	0	0	0	0	0	0	0	0	0	0	0	0	0	0	0	0	8580	12172	3032	1720	102	380	4158	348	12644	15790	248	0	398	770	1974	2324	154	0	662	1126	6478	0	5796	1418	3648	3928	
