data	data	483200	410524	694824	761780	148504	86060	382816	333644	74336	29200	255892	154872	234788	129364	208664	98160	220612	96772	563072	662496	107752	140760	395076	333876	60548	96976	73852	97432	526832	351668	368148	597448	208252	519464	285460	291916	444360	476032	197400	249772	58172	76456	313968	354932	253896	385664	347760	435604	305372	355632	515472	288224	170772	148772	499000	581464	297504	265500	131360	163880	279976	113096	131672	115816	195248	176000	375716	483480	234028	212188	316420	390452	416828	325280	76648	53392	216568	343628	79512	42132	236304	183576	74008	69152	381576	306052	26576	27612	366604	344508	467040	447828	338652	306704	44360	68980	322460	237556	512220	531868	261604	182716	349360	326972	188476	223376	31048	22056	28916	61512	275716	319236	244808	217536	145060	21068	
data	data	Precentral_L	Precentral_R	Frontal_Sup_L	Frontal_Sup_R	Frontal_Sup_Orb_L	Frontal_Sup_Orb_R	Frontal_Mid_L	Frontal_Mid_R	Frontal_Mid_Orb_L	Frontal_Mid_Orb_R	Frontal_Inf_Oper_L	Frontal_Inf_Oper_R	Frontal_Inf_Tri_L	Frontal_Inf_Tri_R	Frontal_Inf_Orb_L	Frontal_Inf_Orb_R	Rolandic_Oper_L	Rolandic_Oper_R	Supp_Motor_Area_L	Supp_Motor_Area_R	Olfactory_L	Olfactory_R	Frontal_Sup_Medial_L	Frontal_Sup_Medial_R	Frontal_Med_Orb_L	Frontal_Med_Orb_R	Rectus_L	Rectus_R	Insula_L	Insula_R	Cingulum_Ant_L	Cingulum_Ant_R	Cingulum_Mid_L	Cingulum_Mid_R	Cingulum_Post_L	Cingulum_Post_R	Hippocampus_L	Hippocampus_R	ParaHippocampal_L	ParaHippocampal_R	Amygdala_L	Amygdala_R	Calcarine_L	Calcarine_R	Cuneus_L	Cuneus_R	Lingual_L	Lingual_R	Occipital_Sup_L	Occipital_Sup_R	Occipital_Mid_L	Occipital_Mid_R	Occipital_Inf_L	Occipital_Inf_R	Fusiform_L	Fusiform_R	Postcentral_L	Postcentral_R	Parietal_Sup_L	Parietal_Sup_R	Parietal_Inf_L	Parietal_Inf_R	SupraMarginal_L	SupraMarginal_R	Angular_L	Angular_R	Precuneus_L	Precuneus_R	Paracentral_Lobule_L	Paracentral_Lobule_R	Caudate_L	Caudate_R	Putamen_L	Putamen_R	Pallidum_L	Pallidum_R	Thalamus_L	Thalamus_R	Heschl_L	Heschl_R	Temporal_Sup_L	Temporal_Sup_R	Temporal_Pole_Sup_L	Temporal_Pole_Sup_R	Temporal_Mid_L	Temporal_Mid_R	Temporal_Pole_Mid_L	Temporal_Pole_Mid_R	Temporal_Inf_L	Temporal_Inf_R	Cerebelum_Crus1_L	Cerebelum_Crus1_R	Cerebelum_Crus2_L	Cerebelum_Crus2_R	Cerebelum_3_L	Cerebelum_3_R	Cerebelum_4_5_L	Cerebelum_4_5_R	Cerebelum_6_L	Cerebelum_6_R	Cerebelum_7b_L	Cerebelum_7b_R	Cerebelum_8_L	Cerebelum_8_R	Cerebelum_9_L	Cerebelum_9_R	Cerebelum_10_L	Cerebelum_10_R	Vermis_1_2	Vermis_3	Vermis_4_5	Vermis_6	Vermis_7	Vermis_8	Vermis_9	Vermis_10	
483200	Precentral_L	0	6588	13602	3268	0	80	18124	840	0	0	16150	364	2880	234	140	0	12932	0	10400	4734	0	0	66	874	0	0	0	0	11578	400	766	2624	718	2328	5496	6130	13054	3866	956	146	0	0	578	0	76	0	768	262	0	0	656	0	202	0	676	102	33874	570	0	0	2456	0	4812	0	0	0	1538	0	10672	1448	1782	3380	3670	160	188	0	12894	8438	3634	124	4084	260	0	0	2138	320	0	0	2234	266	0	0	0	0	0	0	0	0	0	0	0	0	0	0	0	0	0	0	0	0	0	0	0	0	0	0	
410524	Precentral_R	6588	0	572	10484	0	0	144	17936	0	0	276	11292	0	978	0	0	62	1726	1454	3260	0	0	0	0	0	0	0	0	426	2690	0	0	0	1218	5948	8098	7326	14448	2276	1614	0	0	0	106	0	174	290	1084	0	372	0	1100	82	0	1442	2796	672	19708	0	426	0	368	0	3736	0	2516	128	1066	2256	4672	468	7186	968	1528	136	0	7384	27050	574	558	248	3182	0	0	72	5972	0	0	1044	6860	0	146	0	0	0	0	0	0	0	76	0	0	0	0	0	0	0	0	0	0	0	0	0	0	0	0	
694824	Frontal_Sup_L	13602	572	0	8394	7496	0	47828	2838	2876	0	11832	334	15182	0	10996	0	10692	80	55522	9996	562	280	38746	910	996	0	826	192	25874	516	14346	4356	6066	3018	494	206	3662	182	1248	0	0	0	0	0	0	0	0	222	0	0	0	0	0	0	512	0	7248	0	0	0	112	0	596	0	0	0	0	0	272	0	3824	2132	19490	566	4540	70	972	444	840	0	3256	0	120	0	194	0	0	0	1282	0	0	0	0	0	0	0	0	0	0	0	0	0	0	0	0	0	0	0	0	0	0	0	0	0	0	0	
761780	Frontal_Sup_R	3268	10484	8394	0	0	3362	4892	41396	0	566	524	6638	284	8260	204	3352	128	7836	11464	59596	392	1036	19284	37904	342	3808	0	1666	534	18212	6342	40010	1676	16970	374	518	710	2890	332	1186	0	248	0	0	0	0	68	282	0	0	0	0	0	0	138	958	66	2002	0	62	0	0	0	314	0	490	0	164	324	0	1588	14740	866	16972	62	2058	550	10514	0	960	0	1540	0	0	0	474	0	0	126	490	0	0	0	0	0	0	0	0	0	0	0	0	0	0	0	0	0	0	0	0	0	0	0	0	0	0	
148504	Frontal_Sup_Orb_L	0	0	7496	0	0	82	2436	0	11160	0	0	0	708	0	11680	0	0	0	522	0	2196	356	4074	108	5290	358	7922	506	4332	0	4432	448	90	0	0	0	0	0	0	0	0	0	0	0	0	0	0	0	0	0	0	0	0	0	0	0	0	0	0	0	0	0	0	0	0	0	0	0	0	0	3696	284	5244	0	0	0	0	0	0	0	0	0	726	0	0	0	106	0	0	0	0	0	0	0	0	0	0	0	0	0	0	0	0	0	0	0	0	0	0	0	0	0	0	0	0	0	
86060	Frontal_Sup_Orb_R	80	0	0	3362	82	0	80	440	0	4806	0	0	0	106	0	3808	0	0	0	252	462	2796	646	3788	522	5624	190	8000	0	634	776	1672	0	84	0	0	0	0	0	0	0	0	0	0	0	0	0	0	0	0	0	0	0	0	0	0	0	0	0	0	0	0	0	0	0	0	0	0	0	0	558	2470	510	1218	64	0	0	0	0	0	0	0	0	0	0	0	0	0	0	0	0	0	0	0	0	0	0	0	0	0	0	0	0	0	0	0	0	0	0	0	0	0	0	0	0	0	
382816	Frontal_Mid_L	18124	144	47828	4892	2436	80	0	998	2190	0	11816	314	27202	262	8480	0	3388	0	9896	3438	104	0	12218	1406	0	0	82	0	11104	426	4506	5160	1690	1778	88	90	752	82	210	0	0	0	0	0	0	0	0	62	0	0	0	0	0	0	74	0	438	0	0	0	0	0	0	0	0	0	90	0	62	0	826	3114	2770	136	116	0	292	168	522	0	666	0	0	0	386	0	0	0	502	0	0	0	0	0	0	0	0	0	0	0	0	0	0	0	0	0	0	0	0	0	0	0	0	0	0	0	
333644	Frontal_Mid_R	840	17936	2838	41396	0	440	998	0	0	1220	126	12310	0	13234	0	3530	0	2568	3272	6122	0	132	6088	4448	0	310	0	104	106	7094	2056	11038	612	4146	500	618	716	1748	298	596	0	180	0	0	0	0	0	268	0	88	0	86	0	0	84	458	0	3760	0	136	0	96	0	758	0	1052	0	234	0	0	550	546	370	2324	0	0	380	3464	0	238	0	1252	0	0	0	1958	0	0	70	1030	0	0	0	0	0	0	0	0	0	0	0	0	0	0	0	0	0	0	0	0	0	0	0	0	0	0	
74336	Frontal_Mid_Orb_L	0	0	2876	0	11160	0	2190	0	0	0	0	0	854	0	9596	0	0	0	186	0	396	120	82	62	1392	146	3436	200	896	0	818	104	0	0	0	0	0	0	0	0	0	0	0	0	0	0	0	0	0	0	0	0	0	0	0	0	0	0	0	0	0	0	0	0	0	0	0	0	0	0	772	118	1688	0	0	0	0	0	0	0	0	0	76	0	0	0	0	0	0	0	0	0	0	0	0	0	0	0	0	0	0	0	0	0	0	0	0	0	0	0	0	0	0	0	0	0	
29200	Frontal_Mid_Orb_R	0	0	0	566	0	4806	0	1220	0	0	0	0	0	388	0	5408	0	0	0	0	0	128	0	122	0	104	0	968	0	510	0	0	0	0	0	0	0	0	0	0	0	0	0	0	0	0	0	0	0	0	0	0	0	0	0	0	0	0	0	0	0	0	0	0	0	0	0	0	0	0	0	96	0	284	0	0	0	0	0	0	0	0	0	0	0	0	0	0	0	0	0	0	0	0	0	0	0	0	0	0	0	0	0	0	0	0	0	0	0	0	0	0	0	0	0	0	
255892	Frontal_Inf_Oper_L	16150	276	11832	524	0	0	11816	126	0	0	0	0	12744	0	808	0	10718	0	7784	1178	0	0	736	120	0	64	0	0	18228	0	4164	1988	144	0	242	300	1790	244	486	0	0	0	150	0	0	0	152	140	0	0	0	0	0	0	184	0	6064	0	0	0	426	0	404	0	0	0	270	0	68	0	5370	2174	3346	96	0	0	858	396	940	0	2764	0	498	0	620	0	0	0	564	0	0	0	0	0	0	0	0	0	0	0	0	0	0	0	0	0	0	0	0	0	0	0	0	0	0	0	
154872	Frontal_Inf_Oper_R	364	11292	334	6638	0	0	314	12310	0	0	0	0	0	5042	0	122	0	2294	440	5804	0	0	712	1080	0	0	0	0	0	12092	966	3278	0	1348	286	372	386	1116	214	440	0	0	0	0	0	0	0	150	0	0	0	68	0	0	0	320	0	744	0	0	0	0	0	146	0	332	0	108	0	0	82	962	80	2438	0	0	198	1368	0	222	0	900	0	104	0	1046	0	0	0	924	0	0	0	0	0	0	0	0	0	0	0	0	0	0	0	0	0	0	0	0	0	0	0	0	0	0	
234788	Frontal_Inf_Tri_L	2880	0	15182	284	708	0	27202	0	854	0	12744	0	0	0	15430	0	796	0	3386	232	84	0	5286	108	64	0	140	0	19280	0	4378	1204	554	0	0	0	60	0	0	0	0	0	0	0	0	0	0	0	0	0	0	0	0	0	0	0	346	0	0	0	0	0	0	0	0	0	0	0	0	0	2022	862	2218	0	0	0	0	0	0	0	450	0	340	0	224	0	0	0	76	0	0	0	0	0	0	0	0	0	0	0	0	0	0	0	0	0	0	0	0	0	0	0	0	0	0	0	
129364	Frontal_Inf_Tri_R	234	978	0	8260	0	106	262	13234	0	388	0	5042	0	0	0	5206	0	0	264	1916	0	0	1294	3842	0	0	0	0	0	13142	968	7388	0	1268	0	0	0	0	0	0	0	0	0	0	0	0	0	0	0	0	0	0	0	0	0	0	0	0	0	0	0	0	0	0	0	0	0	0	0	0	0	562	0	328	0	0	0	0	0	0	0	0	0	0	0	0	0	0	0	0	0	0	0	0	0	0	0	0	0	0	0	0	0	0	0	0	0	0	0	0	0	0	0	0	0	0	
208664	Frontal_Inf_Orb_L	140	0	10996	204	11680	0	8480	0	9596	0	808	0	15430	0	0	0	112	0	1686	142	2206	562	1860	80	1026	0	2622	372	15708	0	2836	1242	236	0	0	0	96	0	0	0	86	0	0	0	0	0	0	0	0	0	0	0	0	0	0	0	0	0	0	0	0	0	0	0	0	0	0	0	0	0	4558	1100	8566	0	0	0	0	0	0	0	82	0	1696	0	0	0	124	0	0	0	0	0	0	0	0	0	0	0	0	0	0	0	0	0	0	0	0	0	0	0	0	0	0	0	0	0	
98160	Frontal_Inf_Orb_R	0	0	0	3352	0	3808	0	3530	0	5408	0	122	0	5206	0	0	0	0	62	562	212	1652	76	1190	0	340	0	1310	0	9202	104	1290	0	400	0	0	0	60	0	298	0	546	0	0	0	0	0	0	0	0	0	0	0	0	0	158	0	0	0	0	0	0	0	0	0	0	0	0	0	0	266	1416	234	2064	0	0	0	0	0	0	0	1862	0	2774	0	1016	0	126	0	434	0	0	0	0	0	0	0	0	0	0	0	0	0	0	0	0	0	0	0	0	0	0	0	0	0	0	
220612	Rolandic_Oper_L	12932	62	10692	128	0	0	3388	0	0	0	10718	0	796	0	112	0	0	0	8584	0	0	0	0	68	0	0	0	0	20882	0	236	356	0	0	84	84	764	68	100	0	0	0	0	0	0	0	0	0	0	0	72	0	0	0	190	0	12458	0	0	0	630	0	3296	0	0	0	0	0	172	0	1922	576	724	0	0	0	84	72	4600	0	11660	0	466	0	2380	0	0	0	950	0	0	0	0	0	0	0	0	0	0	0	0	0	0	0	0	0	0	0	0	0	0	0	0	0	0	0	
96772	Rolandic_Oper_R	0	1726	80	7836	0	0	0	2568	0	0	0	2294	0	0	0	0	0	0	90	6296	0	0	0	60	0	0	0	0	0	8168	0	0	0	160	0	0	0	484	0	176	0	0	0	0	0	0	0	0	0	96	0	0	0	0	0	216	0	2588	0	156	0	0	0	2412	0	410	0	156	0	208	88	0	0	2494	0	0	0	0	0	2676	0	5826	0	150	0	624	0	0	0	348	0	0	0	0	0	0	0	0	0	0	0	0	0	0	0	0	0	0	0	0	0	0	0	0	0	0	
563072	Supp_Motor_Area_L	10400	1454	55522	11464	522	0	9896	3272	186	0	7784	440	3386	264	1686	62	8584	90	0	31802	128	100	5172	2658	0	0	0	90	13944	660	5532	6318	12154	13082	2514	298	1860	0	332	0	0	0	288	0	538	0	102	0	674	0	394	0	0	0	432	0	4562	0	194	0	98	0	64	0	0	0	1600	176	16820	1624	6858	2078	12588	662	4324	120	10576	618	522	0	2628	0	0	0	202	0	0	0	1138	0	0	0	0	0	0	0	0	0	0	0	0	0	0	0	0	0	0	0	0	0	0	0	0	0	0	0	
662496	Supp_Motor_Area_R	4734	3260	9996	59596	0	252	3438	6122	0	0	1178	5804	232	1916	142	562	0	6296	31802	0	0	0	5122	14824	0	0	0	0	570	10270	2948	19746	4972	42632	918	1362	278	2134	160	836	0	0	0	398	76	1472	0	176	0	1128	0	360	0	0	0	1176	150	5496	0	94	0	0	0	180	0	0	540	3086	11300	15446	1370	16460	824	12282	90	2612	804	8720	0	828	0	1350	0	0	0	864	0	0	0	1738	0	62	0	0	0	0	0	0	0	64	0	0	0	0	0	0	0	0	0	0	0	0	0	0	0	0	
107752	Olfactory_L	0	0	562	392	2196	462	104	0	396	0	0	0	84	0	2206	212	0	0	128	0	0	4950	164	382	756	796	2800	1838	3828	258	3832	2226	0	0	0	0	926	0	244	0	1338	84	0	0	0	0	0	0	0	0	0	0	0	0	694	0	0	0	0	0	0	0	0	0	0	0	0	0	0	0	9220	3736	7022	714	418	212	0	0	0	0	0	0	696	0	0	0	0	0	0	0	0	0	0	0	0	0	0	0	0	0	0	0	0	0	0	0	0	0	0	0	0	0	0	0	0	0	
140760	Olfactory_R	0	0	280	1036	356	2796	0	132	120	128	0	0	0	0	562	1652	0	0	100	0	4950	0	154	1346	190	3314	318	6156	314	3154	3622	5208	0	0	0	0	0	590	0	1092	206	1510	0	0	0	0	0	0	0	0	0	0	0	0	0	0	0	0	0	0	0	0	0	0	0	0	0	0	0	0	7148	10918	5988	3150	1718	1594	0	0	0	0	0	0	0	578	0	0	0	0	0	0	0	0	0	0	0	0	0	0	0	0	0	0	0	0	0	0	0	0	0	0	0	0	0	0	0	0	
395076	Frontal_Sup_Medial_L	66	0	38746	19284	4074	646	12218	6088	82	0	736	712	5286	1294	1860	76	0	0	5172	5122	164	154	0	16898	2566	1002	942	266	3074	708	20724	23498	7398	13040	0	0	0	0	0	0	0	0	0	0	0	0	0	0	0	0	0	0	0	0	0	0	0	0	0	0	0	0	0	0	0	0	0	0	0	0	1218	242	3964	218	0	0	0	0	0	0	0	0	0	0	0	0	0	0	0	0	0	0	0	0	0	0	0	0	0	0	0	0	0	0	0	0	0	0	0	0	0	0	0	0	0	0	
333876	Frontal_Sup_Medial_R	874	0	910	37904	108	3788	1406	4448	62	122	120	1080	108	3842	80	1190	68	60	2658	14824	382	1346	16898	0	784	6968	94	2844	122	4916	4712	28512	642	12178	0	0	0	62	0	0	0	0	0	0	0	0	0	0	0	0	0	0	0	0	0	62	0	0	0	0	0	0	0	0	0	0	0	0	0	0	690	6646	408	5020	0	0	0	0	0	0	0	0	0	0	0	0	0	0	0	0	0	0	0	0	0	0	0	0	0	0	0	0	0	0	0	0	0	0	0	0	0	0	0	0	0	0	
60548	Frontal_Med_Orb_L	0	0	996	342	5290	522	0	0	1392	0	0	0	64	0	1026	0	0	0	0	0	756	190	2566	784	0	2598	4188	480	306	0	5706	360	0	0	0	0	0	0	0	0	0	0	0	0	0	0	0	0	0	0	0	0	0	0	0	0	0	0	0	0	0	0	0	0	0	0	0	0	0	0	1520	82	1106	0	0	0	0	0	0	0	0	0	0	0	0	0	0	0	0	0	0	0	0	0	0	0	0	0	0	0	0	0	0	0	0	0	0	0	0	0	0	0	0	0	0	0	
96976	Frontal_Med_Orb_R	0	0	0	3808	358	5624	0	310	146	104	64	0	0	0	0	340	0	0	0	0	796	3314	1002	6968	2598	0	924	7452	70	264	2802	5766	0	0	0	0	0	0	0	0	0	0	0	0	0	0	0	0	0	0	0	0	0	0	0	0	0	0	0	0	0	0	0	0	0	0	0	0	0	0	630	2588	508	1962	0	90	0	0	0	0	0	0	0	0	0	0	0	0	0	0	0	0	0	0	0	0	0	0	0	0	0	0	0	0	0	0	0	0	0	0	0	0	0	0	0	0	
73852	Rectus_L	0	0	826	0	7922	190	82	0	3436	0	0	0	140	0	2622	0	0	0	0	0	2800	318	942	94	4188	924	0	574	1554	0	3924	220	0	0	0	0	0	0	0	0	80	0	0	0	0	0	0	0	0	0	0	0	0	0	0	0	0	0	0	0	0	0	0	0	0	0	0	0	0	0	3198	172	2552	0	0	0	0	0	0	0	0	0	168	0	0	0	0	0	0	0	0	0	0	0	0	0	0	0	0	0	0	0	0	0	0	0	0	0	0	0	0	0	0	0	0	0	
97432	Rectus_R	0	0	192	1666	506	8000	0	104	200	968	0	0	0	0	372	1310	0	0	90	0	1838	6156	266	2844	480	7452	574	0	90	994	1696	3918	0	0	0	0	0	0	0	0	0	116	0	0	0	0	0	0	0	0	0	0	0	0	0	0	0	0	0	0	0	0	0	0	0	0	0	0	0	0	1776	4020	1646	1254	66	0	0	0	0	0	0	0	0	122	0	0	0	0	0	0	0	0	0	0	0	0	0	0	0	0	0	0	0	0	0	0	0	0	0	0	0	0	0	0	0	0	
526832	Insula_L	11578	426	25874	534	4332	0	11104	106	896	0	18228	0	19280	0	15708	0	20882	0	13944	570	3828	314	3074	122	306	70	1554	90	0	116	3682	2036	422	0	844	714	9720	534	2404	0	2766	68	0	0	0	0	146	188	0	0	316	0	106	0	3708	0	7468	0	0	0	210	0	1546	0	0	0	60	0	196	0	11074	2524	21612	194	446	0	638	636	7028	0	12588	0	3846	0	3048	0	224	0	9488	0	0	0	0	0	0	0	0	0	0	0	0	0	0	0	0	0	0	0	0	0	0	0	0	0	0	0	
351668	Insula_R	400	2690	516	18212	0	634	426	7094	0	510	0	12092	0	13142	0	9202	0	8168	660	10270	258	3154	708	4916	0	264	0	994	116	0	1474	9116	0	2564	540	662	594	5698	292	2030	174	2246	0	68	0	0	0	354	0	0	0	0	0	0	104	2752	0	790	0	0	0	0	0	0	0	92	0	146	0	0	320	3730	254	20432	0	368	170	1190	0	2450	0	8370	0	2362	0	6310	0	102	70	5490	0	0	0	0	0	0	0	0	0	94	0	0	0	0	0	0	0	0	0	0	0	0	0	0	0	0	
368148	Cingulum_Ant_L	766	0	14346	6342	4432	776	4506	2056	818	0	4164	966	4378	968	2836	104	236	0	5532	2948	3832	3622	20724	4712	5706	2802	3924	1696	3682	1474	0	26588	8966	9078	894	264	72	0	0	0	0	0	0	0	0	0	0	0	0	0	0	0	0	0	0	0	0	0	0	0	0	0	0	0	0	0	64	0	0	0	10758	8508	8258	1754	200	104	0	0	0	0	110	0	108	0	0	0	0	0	0	0	0	0	0	0	0	0	0	0	0	0	0	0	0	0	0	0	0	0	0	0	0	0	0	0	0	0	
597448	Cingulum_Ant_R	2624	0	4356	40010	448	1672	5160	11038	104	0	1988	3278	1204	7388	1242	1290	356	0	6318	19746	2226	5208	23498	28512	360	5766	220	3918	2036	9116	26588	0	8206	27986	226	468	120	98	0	0	0	0	0	0	0	0	0	0	0	0	0	0	0	0	0	64	0	0	0	0	0	0	0	0	0	0	0	0	88	0	7304	24234	3708	9782	88	480	70	0	0	0	132	0	0	0	0	0	0	0	0	0	0	0	0	0	0	0	0	0	0	0	0	0	0	0	0	0	0	0	0	0	0	0	0	0	0	0	
208252	Cingulum_Mid_L	718	0	6066	1676	90	0	1690	612	0	0	144	0	554	0	236	0	0	0	12154	4972	0	0	7398	642	0	0	0	0	422	0	8966	8206	0	18064	5910	1622	0	0	0	0	0	0	1048	0	1246	312	652	0	1236	140	1316	0	126	0	74	0	774	120	404	0	900	0	0	0	554	0	9908	1158	2798	776	78	0	206	0	0	0	0	0	0	0	0	0	0	0	158	0	0	0	0	0	0	0	0	0	0	0	0	0	0	0	0	0	0	0	0	0	0	0	0	0	0	0	0	0	0	0	
519464	Cingulum_Mid_R	2328	1218	3018	16970	0	84	1778	4146	0	0	0	1348	0	1268	0	400	0	160	13082	42632	0	0	13040	12178	0	0	0	0	0	2564	9078	27986	18064	0	3400	8274	0	596	0	140	0	0	0	1976	162	5688	0	318	0	3944	0	1896	0	360	0	986	0	9704	0	508	0	202	0	332	0	186	3062	13240	8658	18984	150	376	164	504	0	0	366	74	0	74	0	676	0	0	0	1780	0	0	0	1610	0	0	0	0	0	0	0	0	0	0	0	0	0	0	0	0	0	0	0	0	0	0	0	0	0	0	
285460	Cingulum_Post_L	5496	5948	494	374	0	0	88	500	0	0	242	286	0	0	0	0	84	0	2514	918	0	0	0	0	0	0	0	0	844	540	894	226	5910	3400	0	20038	14930	10216	3208	1054	0	0	2348	190	1552	426	1782	1570	1010	0	2012	0	342	0	3230	386	1686	558	836	0	1500	0	112	0	384	0	10552	4216	5682	794	0	0	224	0	0	0	4258	10334	930	500	310	648	0	0	1238	840	0	0	3042	1034	0	0	0	0	0	0	0	0	0	0	0	0	0	0	0	0	0	0	0	0	0	0	0	0	0	0	
291916	Cingulum_Post_R	6130	8098	206	518	0	0	90	618	0	0	300	372	0	0	0	0	84	0	298	1362	0	0	0	0	0	0	0	0	714	662	264	468	1622	8274	20038	0	13580	13174	2498	1888	0	0	112	988	464	2152	424	4646	0	530	0	394	126	94	2748	1246	688	2892	0	166	0	74	0	232	0	110	5020	11578	690	2838	0	78	288	106	0	0	5818	12040	988	638	344	752	0	0	110	1340	0	0	1816	2170	0	0	0	0	0	0	0	0	0	0	0	0	0	0	0	0	0	0	0	0	0	0	0	0	0	0	
444360	Hippocampus_L	13054	7326	3662	710	0	0	752	716	0	0	1790	386	60	0	96	0	764	0	1860	278	926	0	0	0	0	0	0	0	9720	594	72	120	0	0	14930	13580	0	10712	25296	1454	10024	0	1724	0	66	0	4786	2052	0	0	658	0	1064	0	22676	582	2644	0	0	0	0	0	0	0	0	0	3876	764	804	0	1074	210	13492	234	768	0	9050	12274	2618	506	2696	664	356	0	998	852	0	0	13890	1096	216	0	0	0	70	0	142	152	118	0	0	0	0	0	0	0	0	0	0	126	0	0	0	0	0	0	
476032	Hippocampus_R	3866	14448	182	2890	0	0	82	1748	0	0	244	1116	0	0	0	60	68	484	0	2134	0	590	0	62	0	0	0	0	534	5698	0	98	0	596	10216	13174	10712	0	3288	33970	0	10856	0	1704	0	312	784	10280	0	0	0	0	78	560	2266	29490	538	716	0	0	0	0	0	132	0	76	552	5336	74	1016	0	100	374	13966	0	2192	3674	13202	688	1766	248	2158	0	386	64	3852	0	0	1480	18860	0	914	0	0	0	108	76	1360	0	1432	0	0	0	0	0	0	0	0	0	0	86	0	0	0	0	0	
197400	ParaHippocampal_L	956	2276	1248	332	0	0	210	298	0	0	486	214	0	0	0	0	100	0	332	160	244	0	0	0	0	0	0	0	2404	292	0	0	0	0	3208	2498	25296	3288	0	1090	4200	0	1172	0	178	0	5526	1492	0	0	636	0	816	0	14182	536	300	0	0	0	0	0	0	0	0	0	2626	316	92	0	228	122	5496	390	178	0	1292	3692	0	138	452	228	1068	0	162	348	662	0	5534	608	0	0	0	0	272	80	280	184	74	0	0	0	0	0	0	0	0	0	0	208	0	0	0	0	0	0	
249772	ParaHippocampal_R	146	1614	0	1186	0	0	0	596	0	0	0	440	0	0	0	298	0	176	0	836	0	1092	0	0	0	0	0	0	0	2030	0	0	0	140	1054	1888	1454	33970	1090	0	0	10238	0	658	0	92	662	9082	0	0	0	0	0	76	312	25716	0	132	0	0	0	0	0	0	0	0	272	2062	0	146	0	0	70	7292	0	1662	252	3110	0	160	0	180	0	2778	0	208	0	1020	106	6024	0	348	0	0	0	74	0	2880	0	1150	0	0	0	0	0	0	0	0	0	0	114	0	0	0	0	0	
58172	Amygdala_L	0	0	0	0	0	0	0	0	0	0	0	0	0	0	86	0	0	0	0	0	1338	206	0	0	0	0	80	0	2766	174	0	0	0	0	0	0	10024	0	4200	0	0	170	0	0	0	0	0	0	0	0	0	0	0	0	5608	0	0	0	0	0	0	0	0	0	0	0	0	0	0	0	654	110	1178	0	0	0	0	0	0	0	0	0	652	0	0	0	318	0	1522	0	0	0	0	0	0	0	0	0	0	0	0	0	0	0	0	0	0	0	0	0	0	0	0	0	0	0	
76456	Amygdala_R	0	0	0	248	0	0	0	180	0	0	0	0	0	0	0	546	0	0	0	0	84	1510	0	0	0	0	0	116	68	2246	0	0	0	0	0	0	0	10856	0	10238	170	0	0	0	0	0	0	0	0	0	0	0	0	0	0	5924	0	0	0	0	0	0	0	0	0	0	0	0	0	0	0	354	80	2328	0	0	0	0	0	0	0	0	0	2058	0	176	0	114	0	834	0	0	0	0	0	0	0	98	0	0	0	0	0	0	0	0	0	0	0	0	0	0	0	0	0	0	
313968	Calcarine_L	578	0	0	0	0	0	0	0	0	0	150	0	0	0	0	0	0	0	288	0	0	0	0	0	0	0	0	0	0	0	0	0	1048	0	2348	112	1724	0	1172	0	0	0	0	7364	20596	5330	21742	4196	16446	2666	25058	980	7346	784	4042	1582	1028	0	1948	0	1832	0	172	0	594	0	16610	964	358	0	0	0	0	0	0	0	0	0	0	0	0	0	0	0	4390	0	0	0	3136	0	116	0	0	0	0	0	70	0	112	0	0	0	0	0	0	0	0	0	0	0	102	0	0	0	0	0	
354932	Calcarine_R	0	106	0	0	0	0	0	0	0	0	0	0	0	0	0	0	0	0	0	398	0	0	0	0	0	0	0	0	0	68	0	0	0	1976	190	988	0	1704	0	658	0	0	7364	0	6266	28864	1314	22990	846	20908	166	13690	0	11378	0	14680	0	1824	0	2326	0	364	0	284	0	224	1422	25428	66	2532	0	0	0	266	0	0	0	0	0	0	0	70	0	0	0	3866	0	0	0	2678	260	0	0	0	0	0	0	144	296	366	0	0	0	0	0	0	0	0	0	0	206	290	0	0	0	0	
253896	Cuneus_L	76	0	0	0	0	0	0	0	0	0	0	0	0	0	0	0	0	0	538	76	0	0	0	0	0	0	0	0	0	0	0	0	1246	162	1552	464	66	0	178	0	0	0	20596	6266	0	10046	3780	532	27136	2910	18052	298	1652	78	346	156	428	0	3872	0	1228	0	0	0	580	0	16762	2550	682	78	0	0	0	0	0	0	0	0	0	0	0	0	0	0	3296	0	0	0	1266	0	0	0	0	0	0	0	0	0	0	0	0	0	0	0	0	0	0	0	0	0	0	0	0	0	0	0	
385664	Cuneus_R	0	174	0	0	0	0	0	0	0	0	0	0	0	0	0	0	0	0	0	1472	0	0	0	0	0	0	0	0	0	0	0	0	312	5688	426	2152	0	312	0	92	0	0	5330	28864	10046	0	518	5838	1520	40676	142	17572	0	3580	0	4622	0	1554	156	6766	0	632	0	452	0	1244	8684	35920	370	3108	0	0	0	142	0	0	0	0	0	0	0	64	0	0	0	3158	0	0	0	906	78	0	0	0	0	0	0	0	86	90	0	0	0	0	0	0	0	0	0	0	0	86	0	0	0	0	
347760	Lingual_L	768	290	0	68	0	0	0	0	0	0	152	0	0	0	0	0	0	0	102	0	0	0	0	0	0	0	0	0	146	0	0	0	652	0	1782	424	4786	784	5526	662	0	0	21742	1314	3780	518	0	6200	5048	356	20032	106	12290	270	20566	2784	1498	0	792	0	1836	0	224	0	866	0	10120	570	674	0	0	0	110	62	0	0	260	780	0	0	0	0	0	0	3562	0	0	0	4744	60	3332	664	186	0	376	0	7972	1774	8874	4110	0	0	0	0	0	192	0	0	0	0	4200	4380	514	0	0	0	
435604	Lingual_R	262	1084	222	282	0	0	62	268	0	0	140	150	0	0	0	0	0	0	0	176	0	0	0	0	0	0	0	0	188	354	0	0	0	318	1570	4646	2052	10280	1492	9082	0	0	4196	22990	532	5838	6200	0	78	7658	132	5744	350	12042	4778	35306	112	482	0	114	0	0	0	68	0	0	1210	11602	0	582	86	84	870	318	0	0	428	2094	0	82	0	90	0	0	0	906	0	0	182	7620	5994	1410	1198	244	106	420	2198	4716	9504	10178	0	0	0	0	110	92	0	0	0	0	4950	9278	1816	110	76	0	
305372	Occipital_Sup_L	0	0	0	0	0	0	0	0	0	0	0	0	0	0	0	0	0	0	674	0	0	0	0	0	0	0	0	0	0	0	0	0	1236	0	1010	0	0	0	0	0	0	0	16446	846	27136	1520	5048	78	0	332	45524	76	4138	0	590	0	190	0	12098	86	7494	0	372	0	4792	0	13002	522	534	0	0	0	0	0	0	0	0	0	0	0	0	0	0	0	6818	0	0	0	2124	0	0	0	0	0	0	0	0	0	0	0	0	0	0	0	0	0	0	0	0	0	0	0	0	0	0	0	
355632	Occipital_Sup_R	0	372	0	0	0	0	0	88	0	0	0	0	0	0	0	0	0	96	0	1128	0	0	0	0	0	0	0	0	0	0	0	0	140	3944	0	530	0	0	0	0	0	0	2666	20908	2910	40676	356	7658	332	0	0	29600	0	3506	0	4548	0	1404	88	11978	0	2988	0	1194	0	9144	2192	23348	280	1770	0	0	0	0	0	0	0	0	0	0	0	212	0	0	0	2612	0	0	0	716	100	0	0	0	0	0	0	0	106	120	0	0	0	0	0	0	0	0	0	0	0	106	0	0	0	0	
515472	Occipital_Mid_L	656	0	0	0	0	0	0	0	0	0	0	0	0	0	0	0	72	0	394	0	0	0	0	0	0	0	0	0	316	0	0	0	1316	0	2012	0	658	0	636	0	0	0	25058	166	18052	142	20032	132	45524	0	0	0	24298	0	10970	66	1824	0	11696	0	20594	0	862	0	22784	0	14958	82	2374	0	0	0	0	0	0	0	0	0	96	0	184	0	0	0	22532	0	0	0	8618	0	134	0	0	0	0	0	82	0	264	72	0	0	0	0	0	0	0	0	0	0	0	80	0	0	0	0	
288224	Occipital_Mid_R	0	1100	0	0	0	0	0	86	0	0	0	68	0	0	0	0	0	0	0	360	0	0	0	0	0	0	0	0	0	0	0	0	0	1896	0	394	0	0	0	0	0	0	980	13690	298	17572	106	5744	76	29600	0	0	0	5032	0	4424	0	2366	0	5630	0	3814	0	1186	0	15952	1132	13044	60	1512	0	0	0	0	0	0	0	0	0	0	0	700	0	0	0	15448	0	0	0	1416	92	0	0	0	0	0	0	0	102	130	0	0	0	0	0	0	0	0	0	0	0	102	0	0	0	0	
170772	Occipital_Inf_L	202	82	0	0	0	0	0	0	0	0	0	0	0	0	0	0	0	0	0	0	0	0	0	0	0	0	0	0	106	0	0	0	126	0	342	126	1064	78	816	0	0	0	7346	0	1652	0	12290	350	4138	0	24298	0	0	0	13814	238	0	0	186	0	548	0	0	0	0	0	2208	0	192	0	0	0	0	0	0	0	82	84	0	0	108	0	0	0	3708	0	0	0	8654	0	244	0	0	0	0	0	410	0	1120	286	0	0	0	0	0	0	0	0	0	0	106	382	0	0	0	0	
148772	Occipital_Inf_R	0	0	0	0	0	0	0	0	0	0	0	0	0	0	0	0	0	0	0	0	0	0	0	0	0	0	0	0	0	0	0	0	0	360	0	94	0	560	0	76	0	0	784	11378	78	3580	270	12042	0	3506	0	5032	0	0	206	16432	0	584	0	786	0	98	0	76	0	0	136	4678	0	780	0	0	0	0	0	0	0	130	0	0	0	0	0	0	0	2190	0	0	0	5482	786	160	0	0	0	0	0	574	868	1514	0	0	0	0	0	0	0	0	0	0	296	850	0	0	0	0	
499000	Fusiform_L	676	1442	512	138	0	0	74	84	0	0	184	0	0	0	0	0	190	0	432	0	694	0	0	0	0	0	0	0	3708	104	0	0	74	0	3230	2748	22676	2266	14182	312	5608	0	4042	0	346	0	20566	4778	590	0	10970	0	13814	206	0	3090	126	0	0	0	98	0	0	0	0	0	2602	296	0	0	328	0	3216	0	0	0	1264	1808	0	102	1088	148	1800	0	768	206	630	0	20174	336	25420	730	2112	170	878	0	16654	546	32782	4912	362	0	1416	68	842	106	0	0	0	122	2412	6060	1098	84	0	0	
581464	Fusiform_R	102	2796	0	958	0	0	0	458	0	0	0	320	0	0	0	158	0	216	0	1176	0	0	0	62	0	0	0	0	0	2752	0	64	0	986	386	1246	582	29490	536	25716	0	5924	1582	14680	156	4622	2784	35306	0	4548	66	4424	238	16432	3090	0	0	1580	0	782	0	108	0	174	0	88	160	5788	0	2088	0	70	0	8006	0	856	170	1916	0	326	0	718	0	4496	0	2786	0	2980	62	23068	5692	11272	1470	416	0	446	1014	9338	7130	20906	98	0	0	132	124	116	0	94	0	434	4704	6644	2432	118	74	0	
297504	Postcentral_L	33874	672	7248	66	0	0	438	0	0	0	6064	0	346	0	0	0	12458	0	4562	150	0	0	0	0	0	0	0	0	7468	0	0	0	774	0	1686	688	2644	538	300	0	0	0	1028	0	428	0	1498	112	190	0	1824	0	0	0	126	0	0	0	5614	0	16378	0	11046	0	1468	0	3334	0	5204	0	60	406	1968	0	0	0	1542	1048	3714	0	6466	0	0	0	3382	0	0	0	1940	0	0	0	0	0	0	0	0	0	0	0	0	0	0	0	0	0	0	0	0	0	0	0	0	0	0	0	
265500	Postcentral_R	570	19708	0	2002	0	0	0	3760	0	0	0	744	0	0	0	0	0	2588	0	5496	0	0	0	0	0	0	0	0	0	790	0	0	120	9704	558	2892	0	716	0	132	0	0	0	1824	0	1554	0	482	0	1404	0	2366	0	584	0	1580	0	0	0	9118	0	7334	0	10824	0	3644	162	7812	1416	16750	0	0	0	296	0	0	0	88	0	434	0	4234	0	0	0	5104	0	0	0	5878	0	82	0	0	0	0	0	0	0	0	0	0	0	0	0	0	0	0	0	0	0	0	0	0	0	0	
131360	Parietal_Sup_L	0	0	0	0	0	0	0	0	0	0	0	0	0	0	0	0	0	0	194	0	0	0	0	0	0	0	0	0	0	0	0	0	404	0	836	0	0	0	0	0	0	0	1948	0	3872	156	792	0	12098	88	11696	0	186	0	0	0	5614	0	0	86	11008	0	184	0	4514	0	10212	1064	252	0	0	0	0	0	0	0	0	0	0	0	0	0	0	0	404	0	0	0	72	0	0	0	0	0	0	0	0	0	0	0	0	0	0	0	0	0	0	0	0	0	0	0	0	0	0	0	
163880	Parietal_Sup_R	0	426	0	62	0	0	0	136	0	0	0	0	0	0	0	0	0	156	0	94	0	0	0	0	0	0	0	0	0	0	0	0	0	508	0	166	0	0	0	0	0	0	0	2326	0	6766	0	114	86	11978	0	5630	0	786	0	782	0	9118	86	0	0	10798	0	4656	0	9470	1142	15004	0	446	0	0	0	0	0	0	0	0	0	0	0	224	0	0	0	298	0	0	0	682	0	0	0	0	0	0	0	0	0	0	0	0	0	0	0	0	0	0	0	0	0	0	0	0	0	0	
279976	Parietal_Inf_L	2456	0	112	0	0	0	0	0	0	0	426	0	0	0	0	0	630	0	98	0	0	0	0	0	0	0	0	0	210	0	0	0	900	0	1500	0	0	0	0	0	0	0	1832	0	1228	0	1836	0	7494	0	20594	0	548	0	98	0	16378	0	11008	0	0	0	16356	0	29894	0	5944	0	2278	0	0	0	0	0	0	0	0	0	0	0	2906	0	0	0	13266	0	0	0	1996	0	0	0	0	0	0	0	0	0	0	0	0	0	0	0	0	0	0	0	0	0	0	0	0	0	0	0	
113096	Parietal_Inf_R	0	368	0	0	0	0	0	96	0	0	0	0	0	0	0	0	0	0	0	0	0	0	0	0	0	0	0	0	0	0	0	0	0	202	0	74	0	0	0	0	0	0	0	364	0	632	0	0	0	2988	0	3814	0	98	0	108	0	7334	0	10798	0	0	0	11070	0	14782	0	1834	0	488	0	0	0	0	0	0	0	0	0	0	0	290	0	0	0	444	0	0	0	764	0	0	0	0	0	0	0	0	0	0	0	0	0	0	0	0	0	0	0	0	0	0	0	0	0	0	
131672	SupraMarginal_L	4812	0	596	0	0	0	0	0	0	0	404	0	0	0	0	0	3296	0	64	0	0	0	0	0	0	0	0	0	1546	0	0	0	0	0	112	0	0	0	0	0	0	0	172	0	0	0	224	0	372	0	862	0	0	0	0	0	11046	0	184	0	16356	0	0	0	7618	0	296	0	348	0	0	0	0	0	0	0	0	0	360	0	7522	0	0	0	8724	0	0	0	922	0	0	0	0	0	0	0	0	0	0	0	0	0	0	0	0	0	0	0	0	0	0	0	0	0	0	0	
115816	SupraMarginal_R	0	3736	0	314	0	0	0	758	0	0	0	146	0	0	0	0	0	2412	0	180	0	0	0	0	0	0	0	0	0	0	0	0	0	332	0	232	0	132	0	0	0	0	0	284	0	452	0	68	0	1194	0	1186	0	76	0	174	0	10824	0	4656	0	11070	0	0	0	8398	0	1280	0	918	0	0	0	0	0	0	0	0	0	122	0	5940	0	0	0	2114	0	0	0	910	0	0	0	0	0	0	0	0	0	0	0	0	0	0	0	0	0	0	0	0	0	0	0	0	0	0	
195248	Angular_L	0	0	0	0	0	0	0	0	0	0	0	0	0	0	0	0	0	0	0	0	0	0	0	0	0	0	0	0	0	0	0	0	554	0	384	0	0	0	0	0	0	0	594	0	580	0	866	0	4792	0	22784	0	0	0	0	0	1468	0	4514	0	29894	0	7618	0	0	0	2574	0	1222	0	0	0	0	0	0	0	0	0	0	0	1674	0	0	0	16132	0	0	0	1974	0	0	0	0	0	0	0	0	0	0	0	0	0	0	0	0	0	0	0	0	0	0	0	0	0	0	0	
176000	Angular_R	0	2516	0	490	0	0	0	1052	0	0	0	332	0	0	0	0	0	410	0	0	0	0	0	0	0	0	0	0	0	92	0	0	0	186	0	110	0	76	0	0	0	0	0	224	0	1244	0	0	0	9144	0	15952	0	0	0	88	0	3644	0	9470	0	14782	0	8398	0	0	66	2606	0	732	0	0	0	0	0	0	0	0	0	0	0	6362	0	0	0	9086	0	0	0	938	0	0	0	0	0	0	0	0	0	0	0	0	0	0	0	0	0	0	0	0	0	0	0	0	0	0	
375716	Precuneus_L	1538	128	0	0	0	0	90	0	0	0	270	0	0	0	0	0	0	0	1600	540	0	0	0	0	0	0	0	0	60	0	64	0	9908	3062	10552	5020	3876	552	2626	272	0	0	16610	1422	16762	8684	10120	1210	13002	2192	14958	1132	2208	136	2602	160	3334	162	10212	1142	5944	0	296	0	2574	66	0	18964	5870	776	0	0	0	0	0	0	0	276	0	0	0	0	0	0	3246	0	0	0	3552	0	0	0	0	0	0	0	0	0	0	0	0	0	0	0	0	0	0	0	0	0	88	0	0	0	0	0	
483480	Precuneus_R	0	1066	0	164	0	0	0	234	0	0	0	108	0	0	0	0	0	156	176	3086	0	0	0	0	0	0	0	0	0	146	0	0	1158	13240	4216	11578	764	5336	316	2062	0	0	964	25428	2550	35920	570	11602	522	23348	82	13044	0	4678	296	5788	0	7812	1064	15004	0	1834	0	1280	0	2606	18964	0	840	10438	0	0	0	372	0	0	66	674	0	148	0	432	0	0	0	6658	0	0	0	4422	0	90	0	0	0	0	0	138	0	94	0	0	0	0	0	0	0	0	0	0	206	0	0	0	0	0	
234028	Paracentral_Lobule_L	10672	2256	272	324	0	0	62	0	0	0	68	0	0	0	0	0	172	0	16820	11300	0	0	0	0	0	0	0	0	196	0	0	88	2798	8658	5682	690	804	74	92	0	0	0	358	66	682	370	674	0	534	280	2374	60	192	0	0	0	5204	1416	252	0	2278	0	348	0	1222	0	5870	840	0	5248	2990	706	822	0	1630	0	12148	1112	88	0	430	0	0	0	4788	0	0	0	3004	0	0	0	0	0	0	0	0	0	0	0	0	0	0	0	0	0	0	0	0	0	0	0	0	0	0	0	
212188	Paracentral_Lobule_R	1448	4672	0	0	0	0	0	0	0	0	0	0	0	0	0	0	0	208	1624	15446	0	0	0	0	0	0	0	0	0	0	0	0	776	18984	794	2838	0	1016	0	146	0	0	0	2532	78	3108	0	582	0	1770	0	1512	0	780	0	2088	0	16750	0	446	0	488	0	918	0	732	776	10438	5248	0	62	0	0	90	0	0	0	84	0	180	0	1996	0	0	0	3120	0	0	0	4250	0	114	0	0	0	0	0	0	0	0	0	0	0	0	0	0	0	0	0	0	0	0	0	0	0	0	
316420	Caudate_L	1782	468	3824	1588	3696	558	826	550	772	0	5370	82	2022	0	4558	266	1922	88	6858	1370	9220	7148	1218	690	1520	630	3198	1776	11074	320	10758	7304	78	150	0	0	1074	0	228	0	654	0	0	0	0	0	0	86	0	0	0	0	0	0	328	0	60	0	0	0	0	0	0	0	0	0	0	0	2990	62	0	14736	24116	3080	6024	2280	7152	556	0	0	1588	0	662	0	132	0	0	0	718	0	0	0	0	0	0	0	0	0	0	0	0	0	0	0	0	0	0	0	0	0	0	0	0	0	0	0	
390452	Caudate_R	3380	7186	2132	14740	284	2470	3114	546	118	96	2174	962	862	562	1100	1416	576	0	2078	16460	3736	10918	242	6646	82	2588	172	4020	2524	3730	8508	24234	0	376	0	78	210	100	122	0	110	354	0	0	0	0	0	84	0	0	0	0	0	0	0	70	406	0	0	0	0	0	0	0	0	0	0	0	706	0	14736	0	7736	14748	2852	4132	2192	18158	0	0	266	0	0	0	0	0	0	0	72	62	0	0	0	0	0	0	0	0	0	0	0	0	0	0	0	0	0	0	0	0	0	0	0	0	0	0	
416828	Putamen_L	3670	968	19490	866	5244	510	2770	370	1688	0	3346	80	2218	0	8566	234	724	0	12588	824	7022	5988	3964	408	1106	508	2552	1646	21612	254	8258	3708	206	164	224	288	13492	374	5496	70	1178	80	0	0	0	0	110	870	0	0	0	0	0	0	3216	0	1968	0	0	0	0	0	0	0	0	0	0	0	822	0	24116	7736	0	2552	9906	1690	4758	1000	90	0	1852	0	1706	0	248	0	0	0	3020	0	0	0	0	0	0	0	0	0	0	0	0	0	0	0	0	0	0	0	0	0	0	0	0	0	0	0	
325280	Putamen_R	160	1528	566	16972	0	1218	136	2324	0	284	96	2438	0	328	0	2064	0	2494	662	12282	714	3150	218	5020	0	1962	0	1254	194	20432	1754	9782	0	504	0	106	234	13966	390	7292	0	2328	0	266	0	142	62	318	0	0	0	0	0	0	0	8006	0	296	0	0	0	0	0	0	0	0	0	372	0	90	3080	14748	2552	0	638	4776	82	3110	0	160	0	1494	0	180	0	1970	0	0	0	6424	0	322	0	0	0	0	0	148	0	552	0	0	0	0	0	0	0	0	0	0	0	0	0	0	0	0	
76648	Pallidum_L	188	136	4540	62	0	64	116	0	0	0	0	0	0	0	0	0	0	0	4324	90	418	1718	0	0	0	0	0	66	446	0	200	88	0	0	0	0	768	0	178	0	0	0	0	0	0	0	0	0	0	0	0	0	0	0	0	0	0	0	0	0	0	0	0	0	0	0	0	0	1630	0	6024	2852	9906	638	0	1176	2346	194	0	0	0	0	156	0	0	0	0	0	0	0	0	0	0	0	0	0	0	0	0	0	0	0	0	0	0	0	0	0	0	0	0	0	0	0	0	0	
53392	Pallidum_R	0	0	70	2058	0	0	0	0	0	0	0	0	0	0	0	0	0	0	120	2612	212	1594	0	0	0	90	0	0	0	368	104	480	0	0	0	0	0	2192	0	1662	0	0	0	0	0	0	0	0	0	0	0	0	0	0	0	856	0	0	0	0	0	0	0	0	0	0	0	0	0	0	2280	4132	1690	4776	1176	0	0	76	0	0	0	0	0	0	0	0	0	0	0	148	0	0	0	0	0	0	0	0	0	0	0	0	0	0	0	0	0	0	0	0	0	0	0	0	0	0	
216568	Thalamus_L	12894	7384	972	550	0	0	292	380	0	0	858	198	0	0	0	0	84	0	10576	804	0	0	0	0	0	0	0	0	638	170	0	70	0	366	4258	5818	9050	3674	1292	252	0	0	0	0	0	0	260	428	0	0	0	0	82	0	1264	170	1542	0	0	0	0	0	0	0	0	0	0	66	12148	0	7152	2192	4758	82	2346	0	0	11952	604	138	456	376	0	0	72	472	0	0	800	344	0	0	0	0	0	0	0	0	0	0	0	0	0	0	0	0	0	0	0	0	0	0	0	0	0	0	
343628	Thalamus_R	8438	27050	444	10514	0	0	168	3464	0	0	396	1368	0	0	0	0	72	0	618	8720	0	0	0	0	0	0	0	0	636	1190	0	0	0	74	10334	12040	12274	13202	3692	3110	0	0	0	0	0	0	780	2094	0	0	0	0	84	130	1808	1916	1048	88	0	0	0	0	0	0	0	0	276	674	1112	84	556	18158	1000	3110	194	76	11952	0	808	646	354	1052	0	0	90	1644	0	0	1018	3124	0	0	0	0	0	0	134	0	0	0	0	0	0	0	0	0	0	0	0	0	0	0	0	0	0	0	
79512	Heschl_L	3634	574	840	0	0	0	522	0	0	0	940	0	0	0	0	0	4600	0	522	0	0	0	0	0	0	0	0	0	7028	0	0	0	0	0	930	988	2618	688	0	0	0	0	0	0	0	0	0	0	0	0	96	0	0	0	0	0	3714	0	0	0	0	0	360	0	0	0	0	0	88	0	0	0	90	0	0	0	604	808	0	0	6124	0	0	0	2972	0	0	0	1016	0	0	0	0	0	0	0	0	0	0	0	0	0	0	0	0	0	0	0	0	0	0	0	0	0	0	0	
42132	Heschl_R	124	558	0	960	0	0	0	238	0	0	0	222	0	0	0	0	0	2676	0	828	0	0	0	0	0	0	0	0	0	2450	0	0	0	74	500	638	506	1766	138	160	0	0	0	0	0	0	0	82	0	0	0	0	0	0	102	326	0	434	0	0	0	0	0	122	0	0	0	148	0	180	0	0	0	160	0	0	138	646	0	0	0	4432	0	0	0	1344	0	0	90	1024	0	0	0	0	0	0	0	0	0	0	0	0	0	0	0	0	0	0	0	0	0	0	0	0	0	0	
236304	Temporal_Sup_L	4084	248	3256	0	0	0	666	0	0	0	2764	0	450	0	82	0	11660	0	2628	0	0	0	0	0	0	0	0	0	12588	0	110	132	0	0	310	344	2696	248	452	0	0	0	0	0	0	0	0	0	0	0	184	0	108	0	1088	0	6466	0	0	0	2906	0	7522	0	1674	0	0	0	430	0	1588	266	1852	0	0	0	456	354	6124	0	0	0	2406	0	28512	0	0	0	13498	0	0	0	0	0	0	0	0	0	0	0	0	0	0	0	0	0	0	0	0	0	0	0	0	0	0	0	
183576	Temporal_Sup_R	260	3182	0	1540	0	0	0	1252	0	0	0	900	0	0	0	1862	0	5826	0	1350	0	0	0	0	0	0	0	0	0	8370	0	0	0	676	648	752	664	2158	228	180	0	0	0	70	0	64	0	90	0	212	0	700	0	0	148	718	0	4234	0	224	0	290	0	5940	0	6362	0	432	0	1996	0	0	0	1494	0	0	376	1052	0	4432	0	0	0	3494	0	22950	0	284	118	6260	0	0	0	0	0	0	0	0	0	0	0	0	0	0	0	0	0	0	0	0	0	0	0	0	0	0	
74008	Temporal_Pole_Sup_L	0	0	120	0	726	0	0	0	76	0	498	0	340	0	1696	0	466	0	0	0	696	0	0	0	0	0	168	0	3846	0	108	0	0	0	0	0	356	0	1068	0	652	0	0	0	0	0	0	0	0	0	0	0	0	0	1800	0	0	0	0	0	0	0	0	0	0	0	0	0	0	0	662	0	1706	0	156	0	0	0	0	0	2406	0	0	0	8864	0	4024	0	6570	0	0	0	0	0	0	0	0	0	0	0	0	0	0	0	0	0	0	0	0	0	0	0	0	0	0	0	
69152	Temporal_Pole_Sup_R	0	0	0	0	0	0	0	0	0	0	0	104	0	0	0	2774	0	150	0	0	0	578	0	0	0	0	0	122	0	2362	0	0	0	0	0	0	0	386	0	2778	0	2058	0	0	0	0	0	0	0	0	0	0	0	0	0	4496	0	0	0	0	0	0	0	0	0	0	0	0	0	0	0	0	0	180	0	0	0	0	0	0	0	3494	0	0	0	6060	0	3990	0	5044	0	0	0	0	0	0	0	0	0	0	0	0	0	0	0	0	0	0	0	0	0	0	0	0	0	0	
381576	Temporal_Mid_L	2138	72	194	0	0	0	386	0	0	0	620	0	224	0	0	0	2380	0	202	0	0	0	0	0	0	0	0	0	3048	0	0	0	158	0	1238	110	998	64	162	0	0	0	4390	0	3296	0	3562	0	6818	0	22532	0	3708	0	768	0	3382	0	404	0	13266	0	8724	0	16132	0	3246	0	4788	0	132	0	248	0	0	0	72	90	2972	0	28512	0	8864	0	0	0	3432	0	39456	0	0	0	0	0	0	0	0	0	0	0	0	0	0	0	0	0	0	0	0	0	0	0	0	0	0	0	
306052	Temporal_Mid_R	320	5972	0	474	0	0	0	1958	0	0	0	1046	0	0	0	1016	0	624	0	864	0	0	0	0	0	0	0	0	0	6310	0	0	0	1780	840	1340	852	3852	348	208	0	176	0	3866	0	3158	0	906	0	2612	0	15448	0	2190	206	2786	0	5104	0	298	0	444	0	2114	0	9086	0	6658	0	3120	0	0	0	1970	0	0	472	1644	0	1344	0	22950	0	6060	0	0	0	1976	150	30422	0	0	0	0	0	0	0	0	0	62	0	0	0	0	0	0	0	0	0	0	0	0	0	0	0	0	
26576	Temporal_Pole_Mid_L	0	0	0	0	106	0	0	0	0	0	0	0	0	0	124	0	0	0	0	0	0	0	0	0	0	0	0	0	224	0	0	0	0	0	0	0	0	0	662	0	318	0	0	0	0	0	0	0	0	0	0	0	0	0	630	0	0	0	0	0	0	0	0	0	0	0	0	0	0	0	0	0	0	0	0	0	0	0	0	0	0	0	4024	0	3432	0	0	0	3768	0	0	0	0	0	0	0	0	0	0	0	0	0	0	0	0	0	0	0	0	0	0	0	0	0	0	0	
27612	Temporal_Pole_Mid_R	0	0	0	0	0	0	0	0	0	0	0	0	0	0	0	126	0	0	0	0	0	0	0	0	0	0	0	0	0	102	0	0	0	0	0	0	0	0	0	1020	0	114	0	0	0	0	0	0	0	0	0	0	0	0	0	2980	0	0	0	0	0	0	0	0	0	0	0	0	0	0	0	0	0	0	0	0	0	0	0	0	0	284	0	3990	0	1976	0	0	0	3214	0	0	0	0	0	0	0	0	0	0	0	0	0	0	0	0	0	0	0	0	0	0	0	0	0	0	
366604	Temporal_Inf_L	2234	1044	1282	126	0	0	502	70	0	0	564	0	76	0	0	0	950	0	1138	0	0	0	0	0	0	0	0	0	9488	70	0	0	0	0	3042	1816	13890	1480	5534	106	1522	0	3136	0	1266	0	4744	182	2124	0	8618	0	8654	0	20174	62	1940	0	72	0	1996	0	922	0	1974	0	3552	0	3004	0	718	72	3020	0	0	0	800	1018	1016	90	13498	118	6570	0	39456	150	3768	0	0	224	2848	0	390	0	0	0	246	0	1490	0	238	0	218	0	0	0	0	0	0	0	0	0	0	0	0	0	
344508	Temporal_Inf_R	266	6860	0	490	0	0	0	1030	0	0	0	924	0	0	0	434	0	348	0	1738	0	0	0	0	0	0	0	0	0	5490	0	0	0	1610	1034	2170	1096	18860	608	6024	0	834	0	2678	0	906	60	7620	0	716	0	1416	0	5482	336	23068	0	5878	0	682	0	764	0	910	0	938	0	4422	0	4250	0	62	0	6424	0	148	344	3124	0	1024	0	6260	0	5044	0	30422	0	3214	224	0	156	2526	0	128	0	208	0	682	156	1910	0	0	0	96	0	0	0	0	0	0	0	160	0	0	0	0	
467040	Cerebelum_Crus1_L	0	0	0	0	0	0	0	0	0	0	0	0	0	0	0	0	0	0	0	0	0	0	0	0	0	0	0	0	0	0	0	0	0	0	0	0	216	0	0	0	0	0	116	260	0	78	3332	5994	0	100	134	92	244	786	25420	5692	0	0	0	0	0	0	0	0	0	0	0	0	0	0	0	0	0	0	0	0	0	0	0	0	0	0	0	0	0	0	0	0	2848	156	0	6458	30560	3232	1812	0	20456	1462	50354	12270	9188	196	16124	826	4330	1008	494	78	264	412	4648	12502	8594	1358	1156	270	
447828	Cerebelum_Crus1_R	0	146	0	0	0	0	0	0	0	0	0	0	0	0	0	0	0	0	0	62	0	0	0	0	0	0	0	0	0	0	0	0	0	0	0	0	0	914	0	348	0	0	0	0	0	0	664	1410	0	0	0	0	0	160	730	11272	0	82	0	0	0	0	0	0	0	0	0	90	0	114	0	0	0	322	0	0	0	0	0	0	0	0	0	0	0	0	0	0	0	2526	6458	0	3430	30702	190	7144	2524	22688	5708	53990	1272	6098	2060	21852	1322	5132	102	676	1330	4090	7782	6400	8962	3626	1362	174	
338652	Cerebelum_Crus2_L	0	0	0	0	0	0	0	0	0	0	0	0	0	0	0	0	0	0	0	0	0	0	0	0	0	0	0	0	0	0	0	0	0	0	0	0	0	0	0	0	0	0	0	0	0	0	186	1198	0	0	0	0	0	0	2112	1470	0	0	0	0	0	0	0	0	0	0	0	0	0	0	0	0	0	0	0	0	0	0	0	0	0	0	0	0	0	0	0	0	390	0	30560	3430	0	10216	0	0	1370	74	7000	3366	36636	3962	34778	3614	7286	824	278	0	0	0	486	2968	12678	3276	1032	136	
306704	Cerebelum_Crus2_R	0	0	0	0	0	0	0	0	0	0	0	0	0	0	0	0	0	0	0	0	0	0	0	0	0	0	0	0	0	0	0	0	0	0	0	0	0	0	0	0	0	0	0	0	0	0	0	244	0	0	0	0	0	0	170	416	0	0	0	0	0	0	0	0	0	0	0	0	0	0	0	0	0	0	0	0	0	0	0	0	0	0	0	0	0	0	0	0	0	128	3232	30702	10216	0	0	0	134	152	1308	5464	7032	27584	4578	34540	594	6030	0	298	0	0	240	1630	13150	4172	1220	118	
44360	Cerebelum_3_L	0	0	0	0	0	0	0	0	0	0	0	0	0	0	0	0	0	0	0	0	0	0	0	0	0	0	0	0	0	0	0	0	0	0	0	0	70	0	272	0	0	0	0	0	0	0	376	106	0	0	0	0	0	0	878	0	0	0	0	0	0	0	0	0	0	0	0	0	0	0	0	0	0	0	0	0	0	0	0	0	0	0	0	0	0	0	0	0	0	0	1812	190	0	0	0	192	6882	350	3112	556	0	0	0	208	664	516	0	0	1092	1904	1336	542	196	426	414	86	
68980	Cerebelum_3_R	0	0	0	0	0	0	0	0	0	0	0	0	0	0	0	0	0	0	0	0	0	0	0	0	0	0	0	0	0	0	0	0	0	0	0	0	0	108	80	74	0	0	0	0	0	0	0	420	0	0	0	0	0	0	0	446	0	0	0	0	0	0	0	0	0	0	0	0	0	0	0	0	0	0	0	0	0	0	0	0	0	0	0	0	0	0	0	0	0	208	0	7144	0	0	192	0	564	9020	0	9422	0	0	0	0	0	368	0	120	1786	3372	534	282	0	120	230	0	
322460	Cerebelum_4_5_L	0	0	0	0	0	0	0	0	0	0	0	0	0	0	0	0	0	0	0	0	0	0	0	0	0	0	0	0	0	0	0	0	0	0	0	0	142	76	280	0	0	0	70	0	0	0	7972	2198	0	0	82	0	410	0	16654	1014	0	0	0	0	0	0	0	0	0	0	0	0	0	0	0	0	0	0	0	0	0	134	0	0	0	0	0	0	0	0	0	0	246	0	20456	2524	1370	134	6882	564	0	5002	37766	7684	690	0	2846	1104	6020	3260	1012	346	702	1800	17092	6842	1836	2642	2882	496	
237556	Cerebelum_4_5_R	0	0	0	0	0	0	0	0	0	0	0	0	0	0	0	0	0	0	0	0	0	0	0	0	0	0	0	0	0	0	0	0	0	0	0	0	152	1360	184	2880	0	98	0	144	0	0	1774	4716	0	0	0	0	0	574	546	9338	0	0	0	0	0	0	0	0	0	0	0	138	0	0	0	0	0	148	0	0	0	0	0	0	0	0	0	0	0	0	0	0	0	682	1462	22688	74	152	350	9020	5002	0	2796	31536	0	0	68	520	316	416	0	380	1034	4728	13636	1044	206	400	216	0	
512220	Cerebelum_6_L	0	0	0	0	0	0	0	0	0	0	0	0	0	0	0	0	0	0	0	0	0	0	0	0	0	0	0	0	0	0	0	0	0	0	0	0	118	0	74	0	0	0	112	296	0	86	8874	9504	0	106	264	102	1120	868	32782	7130	0	0	0	0	0	0	0	0	0	0	0	0	0	0	0	0	0	0	0	0	0	0	0	0	0	0	0	0	0	0	0	0	1490	156	50354	5708	7000	1308	3112	0	37766	2796	0	17122	1886	0	6644	1216	6662	3418	1604	386	334	566	11532	21616	5372	3282	3220	124	
531868	Cerebelum_6_R	0	76	0	0	0	0	0	0	0	0	0	0	0	0	0	0	0	0	0	64	0	0	0	0	0	0	0	0	0	94	0	0	0	0	0	0	0	1432	0	1150	0	0	0	366	0	90	4110	10178	0	120	72	130	286	1514	4912	20906	0	0	0	0	0	0	0	0	0	0	0	94	0	0	0	0	0	552	0	0	0	0	0	0	0	0	0	0	0	62	0	0	0	1910	12270	53990	3366	5464	556	9422	7684	31536	17122	0	418	180	1212	6288	2088	4854	394	1306	1826	4858	17880	18270	8898	5002	2732	200	
261604	Cerebelum_7b_L	0	0	0	0	0	0	0	0	0	0	0	0	0	0	0	0	0	0	0	0	0	0	0	0	0	0	0	0	0	0	0	0	0	0	0	0	0	0	0	0	0	0	0	0	0	0	0	0	0	0	0	0	0	0	362	98	0	0	0	0	0	0	0	0	0	0	0	0	0	0	0	0	0	0	0	0	0	0	0	0	0	0	0	0	0	0	0	0	238	0	9188	1272	36636	7032	0	0	690	0	1886	418	0	5868	34678	6148	7558	1522	294	72	0	0	336	616	8704	5952	1148	86	
182716	Cerebelum_7b_R	0	0	0	0	0	0	0	0	0	0	0	0	0	0	0	0	0	0	0	0	0	0	0	0	0	0	0	0	0	0	0	0	0	0	0	0	0	0	0	0	0	0	0	0	0	0	0	0	0	0	0	0	0	0	0	0	0	0	0	0	0	0	0	0	0	0	0	0	0	0	0	0	0	0	0	0	0	0	0	0	0	0	0	0	0	0	0	0	0	0	196	6098	3962	27584	0	0	0	0	0	180	5868	0	5208	27890	206	5708	0	0	0	0	0	0	3168	4976	314	0	
349360	Cerebelum_8_L	0	0	0	0	0	0	0	0	0	0	0	0	0	0	0	0	0	0	0	0	0	0	0	0	0	0	0	0	0	0	0	0	0	0	0	0	0	0	0	0	0	0	0	0	0	0	0	0	0	0	0	0	0	0	1416	0	0	0	0	0	0	0	0	0	0	0	0	0	0	0	0	0	0	0	0	0	0	0	0	0	0	0	0	0	0	0	0	0	218	0	16124	2060	34778	4578	0	0	2846	68	6644	1212	34678	5208	0	8706	24128	4246	1984	166	0	0	1028	2324	7254	10762	3890	362	
326972	Cerebelum_8_R	0	0	0	0	0	0	0	0	0	0	0	0	0	0	0	0	0	0	0	0	0	0	0	0	0	0	0	0	0	0	0	0	0	0	0	0	0	0	0	0	0	0	0	0	0	0	0	0	0	0	0	0	0	0	68	132	0	0	0	0	0	0	0	0	0	0	0	0	0	0	0	0	0	0	0	0	0	0	0	0	0	0	0	0	0	0	0	0	0	96	826	21852	3614	34540	208	0	1104	520	1216	6288	6148	27890	8706	0	1338	22260	216	886	0	0	1724	1864	6560	11510	3692	228	
188476	Cerebelum_9_L	0	0	0	0	0	0	0	0	0	0	0	0	0	0	0	0	0	0	0	0	0	0	0	0	0	0	0	0	0	0	0	0	0	0	0	0	0	0	0	0	0	0	0	0	0	0	0	110	0	0	0	0	0	0	842	124	0	0	0	0	0	0	0	0	0	0	0	0	0	0	0	0	0	0	0	0	0	0	0	0	0	0	0	0	0	0	0	0	0	0	4330	1322	7286	594	664	0	6020	316	6662	2088	7558	206	24128	1338	0	4536	3488	200	0	62	3846	5976	2578	4392	4956	616	
223376	Cerebelum_9_R	0	0	0	0	0	0	0	0	0	0	0	0	0	0	0	0	0	0	0	0	0	0	0	0	0	0	0	0	0	0	0	0	0	0	0	0	0	0	0	0	0	0	0	0	0	0	192	92	0	0	0	0	0	0	106	116	0	0	0	0	0	0	0	0	0	0	0	0	0	0	0	0	0	0	0	0	0	0	0	0	0	0	0	0	0	0	0	0	0	0	1008	5132	824	6030	516	368	3260	416	3418	4854	1522	5708	4246	22260	4536	0	872	1752	846	752	6286	8292	4630	10364	11408	1882	
31048	Cerebelum_10_L	0	0	0	0	0	0	0	0	0	0	0	0	0	0	0	0	0	0	0	0	0	0	0	0	0	0	0	0	0	0	0	0	0	0	0	0	0	0	0	0	0	0	0	0	0	0	0	0	0	0	0	0	0	0	0	0	0	0	0	0	0	0	0	0	0	0	0	0	0	0	0	0	0	0	0	0	0	0	0	0	0	0	0	0	0	0	0	0	0	0	494	102	278	0	0	0	1012	0	1604	394	294	0	1984	216	3488	872	0	112	0	0	662	1440	574	1002	996	0	
22056	Cerebelum_10_R	0	0	0	0	0	0	0	0	0	0	0	0	0	0	0	0	0	0	0	0	0	0	0	0	0	0	0	0	0	0	0	0	0	0	0	0	0	0	0	0	0	0	0	0	0	0	0	0	0	0	0	0	0	0	0	94	0	0	0	0	0	0	0	0	0	0	0	0	0	0	0	0	0	0	0	0	0	0	0	0	0	0	0	0	0	0	0	0	0	0	78	676	0	298	0	120	346	380	386	1306	72	0	166	886	200	1752	112	0	0	0	692	858	688	1096	822	0	
