data	data	487400	263808	845044	752464	92024	89756	330396	162240	66924	11176	194000	147100	141640	125116	165200	111600	168724	102280	712104	745536	42320	54420	291912	390592	35160	73872	26948	70836	490116	276812	230108	567040	154216	471236	171108	233600	182428	337668	72792	241136	31704	69056	280900	346640	253016	278432	345320	276436	239904	224832	426300	216652	106464	68036	362828	466224	255224	150648	78644	48592	213772	111040	140308	158940	115416	111876	238328	358424	156440	104344	198984	411180	355944	360972	66052	35796	178064	175072	58328	14360	165572	78824	89096	67000	294416	262500	32592	41964	236952	232520	577280	460824	324168	291656	37240	74984	319136	257068	526700	459312	197600	108856	422672	359864	190488	178416	22288	19008	46180	102540	343404	248372	294184	250108	169128	63632	
data	data	Precentral_L	Precentral_R	Frontal_Sup_L	Frontal_Sup_R	Frontal_Sup_Orb_L	Frontal_Sup_Orb_R	Frontal_Mid_L	Frontal_Mid_R	Frontal_Mid_Orb_L	Frontal_Mid_Orb_R	Frontal_Inf_Oper_L	Frontal_Inf_Oper_R	Frontal_Inf_Tri_L	Frontal_Inf_Tri_R	Frontal_Inf_Orb_L	Frontal_Inf_Orb_R	Rolandic_Oper_L	Rolandic_Oper_R	Supp_Motor_Area_L	Supp_Motor_Area_R	Olfactory_L	Olfactory_R	Frontal_Sup_Medial_L	Frontal_Sup_Medial_R	Frontal_Med_Orb_L	Frontal_Med_Orb_R	Rectus_L	Rectus_R	Insula_L	Insula_R	Cingulum_Ant_L	Cingulum_Ant_R	Cingulum_Mid_L	Cingulum_Mid_R	Cingulum_Post_L	Cingulum_Post_R	Hippocampus_L	Hippocampus_R	ParaHippocampal_L	ParaHippocampal_R	Amygdala_L	Amygdala_R	Calcarine_L	Calcarine_R	Cuneus_L	Cuneus_R	Lingual_L	Lingual_R	Occipital_Sup_L	Occipital_Sup_R	Occipital_Mid_L	Occipital_Mid_R	Occipital_Inf_L	Occipital_Inf_R	Fusiform_L	Fusiform_R	Postcentral_L	Postcentral_R	Parietal_Sup_L	Parietal_Sup_R	Parietal_Inf_L	Parietal_Inf_R	SupraMarginal_L	SupraMarginal_R	Angular_L	Angular_R	Precuneus_L	Precuneus_R	Paracentral_Lobule_L	Paracentral_Lobule_R	Caudate_L	Caudate_R	Putamen_L	Putamen_R	Pallidum_L	Pallidum_R	Thalamus_L	Thalamus_R	Heschl_L	Heschl_R	Temporal_Sup_L	Temporal_Sup_R	Temporal_Pole_Sup_L	Temporal_Pole_Sup_R	Temporal_Mid_L	Temporal_Mid_R	Temporal_Pole_Mid_L	Temporal_Pole_Mid_R	Temporal_Inf_L	Temporal_Inf_R	Cerebelum_Crus1_L	Cerebelum_Crus1_R	Cerebelum_Crus2_L	Cerebelum_Crus2_R	Cerebelum_3_L	Cerebelum_3_R	Cerebelum_4_5_L	Cerebelum_4_5_R	Cerebelum_6_L	Cerebelum_6_R	Cerebelum_7b_L	Cerebelum_7b_R	Cerebelum_8_L	Cerebelum_8_R	Cerebelum_9_L	Cerebelum_9_R	Cerebelum_10_L	Cerebelum_10_R	Vermis_1_2	Vermis_3	Vermis_4_5	Vermis_6	Vermis_7	Vermis_8	Vermis_9	Vermis_10	
487400	Precentral_L	0	4774	22252	7840	0	0	14022	0	0	0	6794	0	578	0	0	0	9932	0	19256	7672	0	0	282	102	0	0	0	0	9626	182	166	484	7620	4200	5800	3208	5842	1734	940	1154	0	0	1214	0	1554	0	752	0	252	0	2872	0	302	0	2436	782	31542	380	0	0	5090	0	2780	0	0	0	1676	862	12672	0	1250	1910	7842	164	2380	0	12428	2534	3074	0	1662	0	0	0	5904	0	0	0	4688	0	0	0	0	0	0	0	0	0	0	0	0	0	0	0	0	0	0	0	0	0	238	0	0	0	0	0	
263808	Precentral_R	4774	0	2228	23594	0	0	110	3228	0	0	0	6170	0	0	0	0	0	1682	3482	5786	0	0	0	0	0	0	0	0	0	2054	0	378	1830	3770	432	3632	0	6266	0	3750	0	0	0	1364	0	646	0	528	0	340	0	134	0	200	0	2556	726	11714	0	302	0	1388	0	4306	0	208	0	2502	802	1182	694	1096	158	650	284	0	2834	11994	0	412	0	1300	0	0	0	6440	0	0	0	3978	0	0	0	0	0	0	0	0	0	0	0	0	0	0	0	0	0	0	0	0	0	0	0	0	0	0	
845044	Frontal_Sup_L	22252	2228	0	9778	6858	0	55228	274	2110	0	12224	0	11268	0	7812	0	3234	348	93734	21490	0	0	34624	186	2078	0	96	0	32996	388	13278	3500	4498	5506	470	420	2530	596	164	396	0	0	0	0	0	0	0	0	0	0	0	0	0	0	458	280	1238	476	0	0	0	0	160	0	0	0	0	228	3120	0	7394	5060	31348	2276	7032	668	7726	1750	350	0	926	0	520	0	0	0	0	0	810	0	0	0	0	0	0	0	0	0	0	0	0	0	0	0	0	0	0	0	0	0	138	0	0	0	0	0	
752464	Frontal_Sup_R	7840	23594	9778	0	0	8594	564	23088	0	230	510	3584	0	2436	0	5234	164	3108	16682	67874	0	702	8118	40022	0	1580	0	2010	254	7374	3994	36954	3132	23594	394	2214	0	2338	0	1452	0	0	0	506	0	226	0	200	0	0	0	0	0	0	0	1692	1194	2778	0	0	0	126	0	1902	0	122	0	1172	2298	574	510	24052	292	18536	0	2488	956	4218	0	212	0	512	0	0	0	2792	0	0	0	1462	0	0	0	0	0	0	0	0	0	0	0	0	0	0	0	0	0	0	0	0	0	0	0	0	0	0	
92024	Frontal_Sup_Orb_L	0	0	6858	0	0	0	1212	0	8268	0	0	0	486	0	9066	0	0	0	0	0	832	0	2408	0	2588	0	3884	0	2392	0	2420	106	0	0	0	0	0	0	0	0	0	0	0	0	0	0	0	0	0	0	0	0	0	0	0	0	0	0	0	0	0	0	0	0	0	0	0	0	0	0	736	0	4598	0	0	0	0	0	0	0	0	0	158	0	0	0	0	0	0	0	0	0	0	0	0	0	0	0	0	0	0	0	0	0	0	0	0	0	0	0	0	0	0	0	0	0	
89756	Frontal_Sup_Orb_R	0	0	0	8594	0	0	0	2574	0	1982	0	0	0	98	0	5238	0	0	0	94	0	1164	194	1728	0	5536	0	7306	0	2614	452	1126	0	0	0	0	0	0	0	0	0	0	0	0	0	0	0	0	0	0	0	0	0	0	0	0	0	0	0	0	0	0	0	0	0	0	0	0	0	0	0	2702	0	3476	0	0	0	0	0	0	0	0	0	0	0	0	0	0	0	0	0	0	0	0	0	0	0	0	0	0	0	0	0	0	0	0	0	0	0	0	0	0	0	0	0	0	
330396	Frontal_Mid_L	14022	110	55228	564	1212	0	0	0	1304	0	13056	0	18738	0	4286	0	1838	0	8104	210	0	0	14078	0	0	0	0	0	15528	0	1284	208	1086	100	478	410	1038	0	0	0	0	0	0	0	0	0	0	0	0	0	0	0	0	0	0	0	910	0	0	0	0	0	0	0	0	0	0	240	0	0	0	306	8542	152	570	0	346	0	326	0	296	0	232	0	0	0	0	0	182	0	0	0	0	0	0	0	0	0	0	0	0	0	0	0	0	0	0	0	0	0	214	0	0	0	0	0	
162240	Frontal_Mid_R	0	3228	274	23088	0	2574	0	0	0	610	0	6166	0	8054	0	6608	0	128	1282	5244	0	0	906	5064	0	0	0	0	0	1658	408	8192	0	4720	0	0	0	0	0	0	0	0	0	0	0	0	0	0	0	0	0	0	0	0	0	0	0	800	0	0	0	0	0	0	0	0	0	108	0	0	0	380	0	932	0	146	0	550	0	0	0	0	0	0	0	0	0	0	0	0	0	0	0	0	0	0	0	0	0	0	0	0	0	0	0	0	0	0	0	0	0	0	0	0	0	0	
66924	Frontal_Mid_Orb_L	0	0	2110	0	8268	0	1304	0	0	0	0	0	444	0	12236	0	0	0	0	0	0	0	0	0	122	0	1034	0	4176	0	100	0	0	0	0	0	0	0	0	0	0	0	0	0	0	0	0	0	0	0	0	0	0	0	0	0	0	0	0	0	0	0	0	0	0	0	0	0	0	0	0	0	3278	0	0	0	0	0	0	0	0	0	390	0	0	0	0	0	0	0	0	0	0	0	0	0	0	0	0	0	0	0	0	0	0	0	0	0	0	0	0	0	0	0	0	0	
11176	Frontal_Mid_Orb_R	0	0	0	230	0	1982	0	610	0	0	0	0	0	0	0	2324	0	0	0	0	0	0	0	0	0	0	0	130	0	164	0	0	0	0	0	0	0	0	0	0	0	0	0	0	0	0	0	0	0	0	0	0	0	0	0	0	0	0	0	0	0	0	0	0	0	0	0	0	0	0	0	0	0	148	0	0	0	0	0	0	0	0	0	0	0	0	0	0	0	0	0	0	0	0	0	0	0	0	0	0	0	0	0	0	0	0	0	0	0	0	0	0	0	0	0	0	
194000	Frontal_Inf_Oper_L	6794	0	12224	510	0	0	13056	0	0	0	0	0	7694	0	158	0	7046	168	6868	178	0	0	3446	294	0	96	0	0	13366	212	4036	1736	1188	0	414	242	526	96	0	0	0	0	0	0	0	0	0	0	0	0	0	0	0	0	128	0	3050	0	0	0	216	0	186	0	0	0	0	0	238	0	2678	2752	2962	326	0	0	316	0	680	0	552	0	2260	0	0	0	0	0	308	0	0	0	0	0	0	0	0	0	0	0	0	0	0	0	0	0	0	0	0	0	0	0	0	0	0	0	
147100	Frontal_Inf_Oper_R	0	6170	0	3584	0	0	0	6166	0	0	0	0	0	7874	0	562	0	2258	1066	4584	0	0	352	4168	0	0	0	0	0	7112	716	9416	0	4144	0	174	0	358	0	134	0	0	0	196	0	0	0	112	0	0	0	0	0	0	0	0	0	3752	0	0	0	176	0	1154	0	0	0	274	0	0	0	3132	0	4858	0	0	0	916	0	0	0	0	0	142	0	0	0	0	0	0	0	0	0	0	0	0	0	0	0	0	0	0	0	0	0	0	0	0	0	0	0	0	0	0	0	0	
141640	Frontal_Inf_Tri_L	578	0	11268	0	486	0	18738	0	444	0	7694	0	0	0	8458	0	360	0	614	0	0	0	2788	0	0	0	0	0	16032	0	1720	0	540	0	0	0	0	0	0	0	0	0	0	0	0	0	0	0	0	0	0	0	0	0	0	0	0	0	0	0	0	0	0	0	0	0	0	0	0	0	114	0	444	0	0	0	0	0	0	0	0	0	542	0	0	0	0	0	0	0	0	0	0	0	0	0	0	0	0	0	0	0	0	0	0	0	0	0	0	0	0	0	0	0	0	0	
125116	Frontal_Inf_Tri_R	0	0	0	2436	0	98	0	8054	0	0	0	7874	0	0	0	13154	0	244	1760	4246	0	0	726	2926	0	0	0	0	0	11916	194	3958	0	4636	0	0	0	0	0	0	0	0	0	0	0	0	0	0	0	0	0	0	0	0	0	0	0	0	0	0	0	0	0	0	0	0	0	0	0	0	0	150	0	186	0	0	0	0	0	0	0	0	0	0	0	0	0	0	0	0	0	0	0	0	0	0	0	0	0	0	0	0	0	0	0	0	0	0	0	0	0	0	0	0	0	0	
165200	Frontal_Inf_Orb_L	0	0	7812	0	9066	0	4286	0	12236	0	158	0	8458	0	0	0	0	0	1778	0	1084	0	298	0	0	0	1040	0	20528	0	424	450	0	0	0	0	514	0	100	0	570	0	0	0	0	0	0	0	0	0	0	0	0	0	0	0	0	0	0	0	0	0	0	0	0	0	0	0	0	0	2338	898	8772	0	0	0	206	102	0	0	0	0	1482	0	0	0	0	0	0	0	0	0	0	0	0	0	0	0	0	0	0	0	0	0	0	0	0	0	0	0	0	0	0	0	0	0	
111600	Frontal_Inf_Orb_R	0	0	0	5234	0	5238	0	6608	0	2324	0	562	0	13154	0	0	0	0	650	910	0	440	298	1618	0	0	0	576	0	13796	0	1566	0	888	0	0	0	0	0	0	0	0	0	0	0	0	0	0	0	0	0	0	0	0	0	0	0	0	0	0	0	0	0	0	0	0	0	0	0	0	0	428	0	1510	0	0	0	0	0	0	0	0	0	0	0	0	0	0	0	0	0	0	0	0	0	0	0	0	0	0	0	0	0	0	0	0	0	0	0	0	0	0	0	0	0	0	
168724	Rolandic_Oper_L	9932	0	3234	164	0	0	1838	0	0	0	7046	0	360	0	0	0	0	0	1542	0	0	0	276	0	0	0	0	0	14834	0	0	414	286	0	318	248	504	120	0	0	0	0	224	0	174	0	116	0	304	0	828	0	0	0	1462	0	10764	0	0	0	1818	0	3724	0	268	0	374	0	1316	0	1288	878	1428	0	0	0	234	0	4848	0	5298	0	1804	0	1794	0	0	0	4302	0	0	0	0	0	0	0	0	0	0	0	0	0	0	0	0	0	0	0	0	0	0	0	0	0	0	0	
102280	Rolandic_Oper_R	0	1682	348	3108	0	0	0	128	0	0	168	2258	0	244	0	0	0	0	392	760	0	0	0	990	0	0	0	0	0	13694	0	1358	0	0	0	354	0	2934	0	2286	0	0	0	292	0	0	0	180	0	0	0	0	0	94	0	2346	0	2194	0	0	0	376	0	3236	0	908	0	400	0	0	0	1226	0	3158	0	0	0	888	0	1486	0	1890	0	164	0	484	0	0	0	1114	0	0	0	0	0	0	0	0	0	0	0	0	0	0	0	0	0	0	0	0	0	0	0	0	0	0	
712104	Supp_Motor_Area_L	19256	3482	93734	16682	0	0	8104	1282	0	0	6868	1066	614	1760	1778	650	1542	392	0	41718	0	0	7124	9294	0	0	0	0	14282	1418	7082	15302	8690	22328	592	362	1922	612	164	400	0	0	0	0	98	0	0	0	0	0	0	0	0	0	362	270	700	1094	0	0	0	0	130	0	0	0	0	464	7608	0	6764	6970	20976	3150	7366	774	7608	2008	108	0	324	0	204	0	0	0	0	0	574	0	0	0	0	0	0	0	0	0	0	0	0	0	0	0	0	0	0	0	0	0	0	0	0	0	0	0	
745536	Supp_Motor_Area_R	7672	5786	21490	67874	0	94	210	5244	0	0	178	4584	0	4246	0	910	0	760	41718	0	0	0	4466	20700	0	846	0	410	0	3556	1952	32992	5882	51646	94	3482	0	1694	0	786	0	0	0	2868	0	2324	0	940	0	190	0	274	0	314	0	1002	1242	2790	0	278	0	476	0	1564	0	0	0	9866	3876	10754	0	21604	296	13170	0	1952	684	6016	0	0	0	0	0	0	0	548	0	0	0	468	0	0	0	0	0	0	0	0	0	0	0	0	0	0	0	0	0	0	0	0	0	0	0	0	0	0	
42320	Olfactory_L	0	0	0	0	832	0	0	0	0	0	0	0	0	0	1084	0	0	0	0	0	0	2586	0	0	260	0	692	0	1422	0	2272	950	0	0	0	0	652	0	334	0	1076	0	0	0	0	0	0	0	0	0	0	0	0	0	0	0	0	0	0	0	0	0	0	0	0	0	0	0	0	0	3962	2078	1642	602	0	0	0	0	0	0	0	0	716	0	0	0	0	0	0	0	0	0	0	0	0	0	0	0	0	0	0	0	0	0	0	0	0	0	0	0	0	0	0	0	0	0	
54420	Olfactory_R	0	0	0	702	0	1164	0	0	0	0	0	0	0	0	0	440	0	0	0	0	2586	0	0	342	0	1084	176	2038	0	1788	1950	1962	0	0	0	0	0	188	0	304	0	318	0	0	0	0	0	0	0	0	0	0	0	0	0	0	0	0	0	0	0	0	0	0	0	0	0	0	0	0	4278	4990	1228	1528	0	0	0	0	0	0	0	0	0	144	0	0	0	0	0	0	0	0	0	0	0	0	0	0	0	0	0	0	0	0	0	0	0	0	0	0	0	0	0	0	0	0	
291912	Frontal_Sup_Medial_L	282	0	34624	8118	2408	194	14078	906	0	0	3446	352	2788	726	298	298	276	0	7124	4466	0	0	0	16466	2924	202	102	0	3978	486	11548	12156	4098	10818	0	0	138	0	0	0	0	0	0	0	0	0	0	0	0	0	0	0	0	0	0	0	108	0	0	0	0	0	0	0	0	0	0	0	0	0	488	322	1474	156	0	0	108	0	0	0	0	0	0	0	0	0	0	0	0	0	0	0	0	0	0	0	0	0	0	0	0	0	0	0	0	0	0	0	0	0	0	0	0	0	0	0	
390592	Frontal_Sup_Medial_R	102	0	186	40022	0	1728	0	5064	0	0	294	4168	0	2926	0	1618	0	990	9294	20700	0	342	16466	0	0	3318	0	1650	224	4598	5008	34840	0	19994	0	0	0	0	0	0	0	0	0	0	0	0	0	0	0	0	0	0	0	0	0	0	0	0	0	0	0	0	0	0	0	0	0	0	0	0	0	11964	0	9302	0	340	0	158	0	0	0	0	0	0	0	0	0	0	0	0	0	0	0	0	0	0	0	0	0	0	0	0	0	0	0	0	0	0	0	0	0	0	0	0	0	0	
35160	Frontal_Med_Orb_L	0	0	2078	0	2588	0	0	0	122	0	0	0	0	0	0	0	0	0	0	0	260	0	2924	0	0	900	1490	274	0	0	4484	672	0	0	0	0	0	0	0	0	0	0	0	0	0	0	0	0	0	0	0	0	0	0	0	0	0	0	0	0	0	0	0	0	0	0	0	0	0	0	640	200	808	140	0	0	0	0	0	0	0	0	0	0	0	0	0	0	0	0	0	0	0	0	0	0	0	0	0	0	0	0	0	0	0	0	0	0	0	0	0	0	0	0	0	0	
73872	Frontal_Med_Orb_R	0	0	0	1580	0	5536	0	0	0	0	96	0	0	0	0	0	0	0	0	846	0	1084	202	3318	900	0	138	8614	0	0	630	4636	0	0	0	0	0	0	0	0	0	0	0	0	0	0	0	0	0	0	0	0	0	0	0	0	0	0	0	0	0	0	0	0	0	0	0	0	0	0	0	5276	0	4080	0	0	0	0	0	0	0	0	0	0	0	0	0	0	0	0	0	0	0	0	0	0	0	0	0	0	0	0	0	0	0	0	0	0	0	0	0	0	0	0	0	0	
26948	Rectus_L	0	0	96	0	3884	0	0	0	1034	0	0	0	0	0	1040	0	0	0	0	0	692	176	102	0	1490	138	0	102	446	0	1766	208	0	0	0	0	0	0	0	0	0	0	0	0	0	0	0	0	0	0	0	0	0	0	0	0	0	0	0	0	0	0	0	0	0	0	0	0	0	0	1204	188	908	0	0	0	0	0	0	0	0	0	0	0	0	0	0	0	0	0	0	0	0	0	0	0	0	0	0	0	0	0	0	0	0	0	0	0	0	0	0	0	0	0	0	0	
70836	Rectus_R	0	0	0	2010	0	7306	0	0	0	130	0	0	0	0	0	576	0	0	0	410	0	2038	0	1650	274	8614	102	0	0	1258	278	3056	0	0	0	0	0	0	0	0	0	0	0	0	0	0	0	0	0	0	0	0	0	0	0	0	0	0	0	0	0	0	0	0	0	0	0	0	0	0	0	4446	0	3270	0	0	0	0	0	0	0	0	0	0	0	0	0	0	0	0	0	0	0	0	0	0	0	0	0	0	0	0	0	0	0	0	0	0	0	0	0	0	0	0	0	0	
490116	Insula_L	9626	0	32996	254	2392	0	15528	0	4176	0	13366	0	16032	0	20528	0	14834	0	14282	0	1422	0	3978	224	0	0	446	0	0	122	3482	1970	1864	0	2170	1972	6880	590	192	208	934	0	162	0	172	0	0	0	0	0	274	0	0	0	3956	0	5838	0	0	0	434	0	1514	0	0	0	244	790	1586	0	5368	3656	25802	454	104	0	1838	306	4128	0	4236	0	4858	0	1536	0	0	0	6696	0	0	0	0	0	0	0	0	0	0	0	0	0	0	0	0	0	0	0	0	0	638	0	0	0	0	0	
276812	Insula_R	182	2054	388	7374	0	2614	0	1658	0	164	212	7112	0	11916	0	13796	0	13694	1418	3556	0	1788	486	4598	0	0	0	1258	122	0	0	4452	0	1354	0	252	0	5814	0	3674	0	0	0	312	0	118	0	110	0	0	0	0	0	168	0	4920	0	1180	0	0	0	698	0	2472	0	1332	0	400	0	0	0	3976	108	19100	0	96	160	1340	0	1492	0	3636	0	370	0	2334	0	0	0	4148	0	0	0	0	0	0	0	0	0	0	0	0	0	0	0	0	0	0	0	0	0	0	0	0	0	0	
230108	Cingulum_Ant_L	166	0	13278	3994	2420	452	1284	408	100	0	4036	716	1720	194	424	0	0	0	7082	1952	2272	1950	11548	5008	4484	630	1766	278	3482	0	0	16330	2548	2302	0	0	114	0	0	0	0	0	0	0	0	0	0	0	0	0	0	0	0	0	0	0	0	0	0	0	0	0	0	0	0	0	0	0	0	0	8190	4536	8948	1884	0	344	120	94	0	0	0	0	0	0	0	0	0	0	0	0	0	0	0	0	0	0	0	0	0	0	0	0	0	0	0	0	0	0	0	0	0	0	0	0	0	0	
567040	Cingulum_Ant_R	484	378	3500	36954	106	1126	208	8192	0	0	1736	9416	0	3958	450	1566	414	1358	15302	32992	950	1962	12156	34840	672	4636	208	3056	1970	4452	16330	0	3110	26494	0	0	0	0	0	0	0	0	0	0	0	0	0	0	0	0	0	0	0	0	0	0	0	558	0	0	0	0	0	0	0	0	0	0	102	0	3584	29910	2092	15630	122	1404	104	938	0	0	100	0	0	0	0	0	0	0	0	0	0	0	0	0	0	0	0	0	0	0	0	0	0	0	0	0	0	0	0	0	0	0	0	0	0	0	
154216	Cingulum_Mid_L	7620	1830	4498	3132	0	0	1086	0	0	0	1188	0	540	0	0	0	286	0	8690	5882	0	0	4098	0	0	0	0	0	1864	0	2548	3110	0	12632	2260	1098	0	0	0	0	0	0	654	0	1890	0	420	0	764	0	270	0	0	0	0	0	536	0	0	0	0	0	0	0	0	0	2192	2068	5238	396	0	202	0	0	0	0	0	0	0	0	0	0	0	0	116	0	0	0	0	0	0	0	0	0	0	0	0	0	0	0	0	0	0	0	0	0	0	0	0	0	0	0	0	0	0	0	
471236	Cingulum_Mid_R	4200	3770	5506	23594	0	0	100	4720	0	0	0	4144	0	4636	0	888	0	0	22328	51646	0	0	10818	19994	0	0	0	0	0	1354	2302	26494	12632	0	1050	3776	0	134	0	0	0	0	0	3060	0	1604	0	830	0	0	0	96	0	436	0	144	528	484	0	138	0	176	0	182	0	0	470	10592	2472	5542	0	1578	110	468	0	360	134	1576	0	0	0	0	0	0	0	196	0	0	0	356	0	0	0	0	0	0	0	0	0	0	0	0	0	0	0	0	0	0	0	0	0	0	0	0	0	0	
171108	Cingulum_Post_L	5800	432	470	394	0	0	478	0	0	0	414	0	0	0	0	0	318	0	592	94	0	0	0	0	0	0	0	0	2170	0	0	0	2260	1050	0	13970	7890	3830	3020	1950	0	0	4940	178	3678	0	3728	746	122	0	618	0	126	178	686	2436	1040	0	0	0	0	0	0	0	0	0	7526	3816	1806	0	0	0	112	0	0	0	3714	620	438	0	0	0	0	0	630	0	0	0	764	238	0	0	0	0	0	0	0	222	0	0	0	0	0	0	0	0	0	0	0	0	2060	0	0	0	0	0	
233600	Cingulum_Post_R	3208	3632	420	2214	0	0	410	0	0	0	242	174	0	0	0	0	248	354	362	3482	0	0	0	0	0	0	0	0	1972	252	0	0	1098	3776	13970	0	5844	8050	2242	3512	0	0	0	5476	0	1464	152	6970	0	174	0	222	0	564	0	5484	1402	702	0	0	0	190	0	378	0	0	1200	17930	204	2008	0	0	136	0	100	0	6954	3140	426	0	0	0	0	0	0	1682	0	0	0	1454	0	0	0	0	0	0	0	550	0	0	0	0	0	0	0	0	0	0	0	0	2376	0	0	0	0	0	
182428	Hippocampus_L	5842	0	2530	0	0	0	1038	0	0	0	526	0	0	0	514	0	504	0	1922	0	652	0	138	0	0	0	0	0	6880	0	114	0	0	0	7890	5844	0	1698	10066	368	5304	0	2120	0	0	0	2022	700	0	0	0	0	0	0	6408	0	1778	0	0	0	0	0	0	0	0	0	3394	1822	0	0	0	0	4192	0	1014	0	4690	144	1014	0	1252	0	1338	0	250	0	0	0	5306	0	0	0	0	0	0	0	0	180	0	0	0	0	0	0	0	0	0	0	0	154	1606	0	0	0	0	0	
337668	Hippocampus_R	1734	6266	596	2338	0	0	0	0	0	0	96	358	0	0	0	0	120	2934	612	1694	0	188	0	0	0	0	0	0	590	5814	0	0	0	134	3830	8050	1698	0	704	34958	0	8548	0	1682	0	0	0	2564	0	0	0	0	0	0	0	28234	810	964	0	0	0	0	0	138	0	0	0	3846	0	0	2048	242	174	13262	212	454	5244	11660	130	158	0	136	0	3082	0	3288	0	910	0	8334	0	0	0	0	0	0	0	0	0	0	0	0	0	0	0	0	0	0	0	0	0	0	0	0	0	0	
72792	ParaHippocampal_L	940	0	164	0	0	0	0	0	0	0	0	0	0	0	100	0	0	0	164	0	334	0	0	0	0	0	0	0	192	0	0	0	0	0	3020	2242	10066	704	0	226	2246	0	728	0	0	0	1792	382	0	0	0	0	0	0	4896	0	282	0	0	0	0	0	0	0	0	0	1212	778	0	0	0	0	148	0	0	0	1846	0	0	0	0	0	706	0	0	0	450	0	1564	0	0	0	0	0	0	0	114	0	0	0	0	0	0	0	0	0	0	0	206	358	536	0	0	0	0	0	
241136	ParaHippocampal_R	1154	3750	396	1452	0	0	0	0	0	0	0	134	0	0	0	0	0	2286	400	786	0	304	0	0	0	0	0	0	208	3674	0	0	0	0	1950	3512	368	34958	226	0	0	8152	0	266	0	0	0	1820	0	0	0	0	0	0	0	23716	442	504	0	0	0	0	0	0	0	0	0	1066	0	0	1994	0	152	8226	208	338	2142	4274	0	102	0	0	0	4876	0	946	0	3258	0	2284	0	0	0	0	0	0	0	244	0	0	0	0	0	0	0	0	0	0	0	0	0	0	0	0	0	0	
31704	Amygdala_L	0	0	0	0	0	0	0	0	0	0	0	0	0	0	570	0	0	0	0	0	1076	0	0	0	0	0	0	0	934	0	0	0	0	0	0	0	5304	0	2246	0	0	0	0	0	0	0	0	0	0	0	0	0	0	0	3168	0	0	0	0	0	0	0	0	0	0	0	0	0	0	0	106	0	138	0	0	0	348	0	0	0	0	0	996	0	0	0	0	0	966	0	0	0	0	0	0	0	0	0	0	0	0	0	0	0	0	0	0	0	0	0	0	0	0	0	0	0	
69056	Amygdala_R	0	0	0	0	0	0	0	0	0	0	0	0	0	0	0	0	0	0	0	0	0	318	0	0	0	0	0	0	0	0	0	0	0	0	0	0	0	8548	0	8152	0	0	0	0	0	0	0	0	0	0	0	0	0	0	0	8132	0	0	0	0	0	0	0	0	0	0	0	0	0	0	0	0	0	712	0	0	0	140	0	0	0	0	0	4916	0	304	0	2478	0	828	0	0	0	0	0	0	0	0	0	0	0	0	0	0	0	0	0	0	0	0	0	0	0	0	0	0	
280900	Calcarine_L	1214	0	0	0	0	0	0	0	0	0	0	0	0	0	0	0	224	0	0	0	0	0	0	0	0	0	0	0	162	0	0	0	654	0	4940	0	2120	0	728	0	0	0	0	5638	21024	4694	17546	1438	12654	2372	23370	400	3054	0	3042	272	394	0	190	0	308	0	384	0	208	0	21998	438	2560	0	0	0	0	0	0	0	0	0	0	0	370	0	0	0	5734	0	0	0	2320	0	0	0	0	0	0	0	0	0	0	0	0	0	0	0	0	0	0	0	0	0	0	0	0	0	0	0	
346640	Calcarine_R	0	1364	0	506	0	0	0	0	0	0	0	196	0	0	0	0	0	292	0	2868	0	0	0	0	0	0	0	0	0	312	0	0	0	3060	178	5476	0	1682	0	266	0	0	5638	0	2066	30470	3270	18930	0	21804	0	14340	0	7636	0	10390	0	908	0	196	0	208	0	248	0	606	298	24390	0	2730	0	0	0	0	0	0	0	0	0	0	0	0	0	0	0	5654	0	0	0	7218	0	0	0	0	0	0	0	120	0	0	0	0	0	0	0	0	0	0	0	0	0	0	0	0	0	0	
253016	Cuneus_L	1554	0	0	0	0	0	0	0	0	0	0	0	0	0	0	0	174	0	98	0	0	0	0	0	0	0	0	0	172	0	0	0	1890	0	3678	0	0	0	0	0	0	0	21024	2066	0	6720	5472	0	29774	2346	25590	126	3302	0	774	0	532	0	1456	0	822	0	0	0	0	0	13202	284	3090	0	0	0	0	0	0	0	0	0	0	0	0	0	0	0	1998	0	0	0	364	0	0	0	0	0	0	0	0	0	0	0	0	0	0	0	0	0	0	0	0	0	0	0	0	0	0	0	
278432	Cuneus_R	0	646	0	226	0	0	0	0	0	0	0	0	0	0	0	0	0	0	0	2324	0	0	0	0	0	0	0	0	0	118	0	0	0	1604	0	1464	0	0	0	0	0	0	4694	30470	6720	0	2838	2408	0	31620	0	13458	0	2298	0	1292	0	4552	0	980	0	98	0	108	0	496	236	17192	140	4768	0	0	0	0	0	0	0	0	0	0	0	0	0	0	0	4900	0	0	0	3566	0	0	0	0	0	0	0	0	0	0	0	0	0	0	0	0	0	0	0	0	0	0	0	0	0	0	
345320	Lingual_L	752	0	0	0	0	0	0	0	0	0	0	0	0	0	0	0	116	0	0	0	0	0	0	0	0	0	0	0	0	0	0	0	420	0	3728	152	2022	0	1792	0	0	0	17546	3270	5472	2838	0	2930	3008	2072	12562	688	6060	222	20704	1230	196	0	0	0	162	0	324	0	132	0	12548	0	1666	0	0	0	0	0	0	0	0	0	0	0	326	0	0	0	2748	0	0	0	3246	0	9292	2112	928	128	0	176	13022	2302	17984	3794	552	0	1320	280	190	0	0	0	146	640	6584	3320	554	218	186	0	
276436	Lingual_R	0	528	0	200	0	0	0	0	0	0	0	112	0	0	0	0	0	180	0	940	0	0	0	0	0	0	0	0	0	110	0	0	0	830	746	6970	700	2564	382	1820	0	0	1438	18930	0	2408	2930	0	0	4788	0	3354	0	2432	464	17072	0	372	0	0	0	0	0	0	0	0	0	12516	0	792	0	0	0	0	0	0	932	304	0	0	0	0	0	0	0	890	0	0	0	860	970	10404	214	204	298	316	2796	7174	2246	12470	0	0	214	634	94	126	0	0	0	420	5816	5536	1388	218	116	0	
239904	Occipital_Sup_L	252	0	0	0	0	0	0	0	0	0	0	0	0	0	0	0	304	0	0	0	0	0	0	0	0	0	0	0	0	0	0	0	764	0	122	0	0	0	0	0	0	0	12654	0	29774	0	3008	0	0	0	40702	0	2864	0	378	0	3580	0	7018	0	5578	0	224	0	720	0	6826	0	2576	0	0	0	0	0	0	0	0	0	0	0	224	0	0	0	1986	0	0	0	398	0	0	0	0	0	0	0	0	0	0	0	0	0	0	0	0	0	0	0	0	0	0	0	0	0	0	0	
224832	Occipital_Sup_R	0	340	0	0	0	0	0	0	0	0	0	0	0	0	0	0	0	0	0	190	0	0	0	0	0	0	0	0	0	0	0	0	0	0	0	174	0	0	0	0	0	0	2372	21804	2346	31620	2072	4788	0	0	0	25474	0	1542	0	1598	0	1166	0	2340	0	294	0	338	0	3946	0	5536	0	904	0	0	0	0	0	0	0	0	0	0	0	0	0	0	0	3222	0	0	0	350	0	0	0	0	0	0	0	0	0	0	0	0	0	0	0	0	0	0	0	0	0	0	0	0	0	0	
426300	Occipital_Mid_L	2872	0	0	0	0	0	0	0	0	0	0	0	0	0	0	0	828	0	0	0	0	0	0	0	0	0	0	0	274	0	0	0	270	0	618	0	0	0	0	0	0	0	23370	0	25590	0	12562	0	40702	0	0	0	21222	0	5012	0	4584	0	8368	0	14992	0	1318	0	14364	0	10644	0	4330	0	0	0	0	0	0	0	0	0	128	0	1426	0	0	0	18132	0	0	0	1436	0	0	0	0	0	0	0	0	0	108	0	0	0	0	0	0	0	0	0	0	0	0	0	0	0	0	0	
216652	Occipital_Mid_R	0	134	0	0	0	0	0	0	0	0	0	0	0	0	0	0	0	0	0	274	0	0	0	0	0	0	0	0	0	0	0	0	0	96	0	222	0	0	0	0	0	0	400	14340	126	13458	688	3354	0	25474	0	0	0	3602	0	2008	0	508	0	1654	0	6440	0	2156	0	17726	0	3988	0	606	0	0	0	0	0	0	0	0	0	0	0	0	0	0	0	10514	0	0	0	558	0	0	0	0	0	0	0	0	0	0	0	0	0	0	0	0	0	0	0	0	0	0	0	0	0	0	
106464	Occipital_Inf_L	302	0	0	0	0	0	0	0	0	0	0	0	0	0	0	0	0	0	0	0	0	0	0	0	0	0	0	0	0	0	0	0	0	0	126	0	0	0	0	0	0	0	3054	0	3302	0	6060	0	2864	0	21222	0	0	0	7628	0	0	0	0	0	0	0	0	0	0	0	1480	0	158	0	0	0	0	0	0	0	0	0	0	0	118	0	0	0	4472	0	0	0	2342	0	0	0	0	0	0	0	0	0	104	0	0	0	0	0	0	0	0	0	0	0	0	0	0	0	0	0	
68036	Occipital_Inf_R	0	200	0	0	0	0	0	0	0	0	0	0	0	0	0	0	0	94	0	314	0	0	0	0	0	0	0	0	0	168	0	0	0	436	178	564	0	0	0	0	0	0	0	7636	0	2298	222	2432	0	1542	0	3602	0	0	0	6104	0	0	0	0	0	0	0	0	0	0	0	1760	0	326	0	0	0	0	0	0	0	0	0	0	0	0	0	0	0	548	0	0	0	4754	0	0	0	0	0	0	206	150	0	246	0	0	0	0	0	0	0	0	0	0	238	0	0	0	0	0	
362828	Fusiform_L	2436	0	458	0	0	0	0	0	0	0	128	0	0	0	0	0	1462	0	362	0	0	0	0	0	0	0	0	0	3956	0	0	0	0	0	686	0	6408	0	4896	0	3168	0	3042	0	774	0	20704	464	378	0	5012	0	7628	0	0	240	340	0	0	0	0	0	254	0	0	0	2650	0	280	0	0	0	346	0	0	0	0	0	1216	0	744	0	1690	0	4060	0	1518	0	19588	0	25124	1178	2922	190	0	0	10946	798	32374	1558	678	0	2562	560	492	182	100	0	0	108	2878	2574	442	570	290	0	
466224	Fusiform_R	782	2556	280	1692	0	0	0	0	0	0	0	0	0	0	0	0	0	2346	270	1002	0	0	0	0	0	0	0	0	0	4920	0	0	0	144	2436	5484	0	28234	0	23716	0	8132	272	10390	0	1292	1230	17072	0	1598	0	2008	0	6104	240	0	194	418	0	0	0	104	0	188	0	0	0	6636	0	0	892	0	0	9530	136	242	668	1842	0	106	0	278	0	7332	0	4734	0	3328	0	17392	838	16554	200	412	0	298	1924	8364	1484	17772	0	0	284	1044	0	0	0	0	0	116	5076	1848	570	108	0	0	
255224	Postcentral_L	31542	726	1238	1194	0	0	910	0	0	0	3050	0	0	0	0	0	10764	0	700	1242	0	0	108	0	0	0	0	0	5838	0	0	0	536	528	1040	1402	1778	810	282	442	0	0	394	0	532	0	196	0	3580	0	4584	0	0	0	340	194	0	202	5236	0	19616	0	6180	0	1632	0	4344	192	2948	0	232	1254	1276	0	0	0	2698	1756	3372	0	1122	0	0	0	872	0	0	0	628	0	0	0	0	0	0	0	0	0	0	0	0	0	0	0	0	0	0	0	0	0	102	0	0	0	0	0	
150648	Postcentral_R	380	11714	476	2778	0	0	0	800	0	0	0	3752	0	0	0	0	0	2194	1094	2790	0	0	0	0	0	0	0	0	0	1180	0	558	0	484	0	702	0	964	0	504	0	0	0	908	0	4552	0	372	0	1166	0	508	0	0	0	418	202	0	0	4390	0	4798	0	9998	0	504	0	7172	0	6534	0	0	152	452	254	0	0	1058	0	0	0	386	0	0	0	866	0	0	0	264	0	0	0	0	0	0	0	0	0	0	0	0	0	0	0	0	0	0	0	0	0	0	0	0	0	0	
78644	Parietal_Sup_L	0	0	0	0	0	0	0	0	0	0	0	0	0	0	0	0	0	0	0	0	0	0	0	0	0	0	0	0	0	0	0	0	0	0	0	0	0	0	0	0	0	0	190	0	1456	0	0	0	7018	0	8368	0	0	0	0	0	5236	0	0	0	8658	0	0	0	264	0	5938	0	1692	0	0	0	0	0	0	0	0	0	0	0	0	0	0	0	502	0	0	0	0	0	0	0	0	0	0	0	0	0	0	0	0	0	0	0	0	0	0	0	0	0	0	0	0	0	0	0	
48592	Parietal_Sup_R	0	302	0	0	0	0	0	0	0	0	0	0	0	0	0	0	0	0	0	278	0	0	0	0	0	0	0	0	0	0	0	0	0	138	0	0	0	0	0	0	0	0	0	196	0	980	0	0	0	2340	0	1654	0	0	0	0	0	4390	0	0	0	5834	0	2932	0	2506	0	2206	0	244	0	0	0	0	158	0	0	0	0	0	0	0	0	0	0	138	0	0	0	0	0	0	0	0	0	0	0	0	0	0	0	0	0	0	0	0	0	0	0	0	0	0	0	0	0	0	
213772	Parietal_Inf_L	5090	0	0	0	0	0	0	0	0	0	216	0	0	0	0	0	1818	0	0	0	0	0	0	0	0	0	0	0	434	0	0	0	0	0	0	0	0	0	0	0	0	0	308	0	822	0	162	0	5578	0	14992	0	0	0	0	0	19616	0	8658	0	0	0	17002	0	18638	0	4214	0	2644	0	0	0	0	0	0	0	0	0	508	0	1678	0	0	0	4174	0	0	0	334	0	0	0	0	0	0	0	0	0	0	0	0	0	0	0	0	0	0	0	0	0	0	0	0	0	0	0	
111040	Parietal_Inf_R	0	1388	0	126	0	0	0	0	0	0	0	176	0	0	0	0	0	376	0	476	0	0	0	0	0	0	0	0	0	698	0	0	0	176	0	190	0	0	0	0	0	0	0	208	0	98	0	0	0	294	0	6440	0	0	0	104	0	4798	0	5834	0	0	0	16106	0	10756	0	910	0	0	0	0	0	0	220	0	0	0	0	0	0	148	0	0	0	3352	0	0	0	2646	0	0	0	0	0	0	0	0	0	0	0	0	0	0	0	0	0	0	0	0	0	0	0	0	0	0	
140308	SupraMarginal_L	2780	0	160	0	0	0	0	0	0	0	186	0	0	0	0	0	3724	0	130	0	0	0	0	0	0	0	0	0	1514	0	0	0	0	0	0	0	0	0	0	0	0	0	384	0	0	0	324	0	224	0	1318	0	0	0	254	0	6180	0	0	0	17002	0	0	0	8818	0	442	0	618	0	0	148	0	0	0	0	0	122	208	0	13850	0	0	0	9760	0	0	0	2008	0	0	0	0	0	0	0	0	0	0	0	0	0	0	0	0	0	0	0	0	0	0	0	0	0	0	0	
158940	SupraMarginal_R	0	4306	0	1902	0	0	0	0	0	0	0	1154	0	0	0	0	0	3236	0	1564	0	0	0	0	0	0	0	0	0	2472	0	0	0	182	0	378	0	138	0	0	0	0	0	248	0	108	0	0	0	338	0	2156	0	0	0	188	0	9998	0	2932	0	16106	0	0	0	6490	0	1386	0	140	0	0	0	0	190	0	0	262	0	0	0	7554	0	0	0	11264	0	0	0	4778	0	0	0	0	0	0	0	0	0	0	0	0	0	0	0	0	0	0	0	0	0	0	0	0	0	0	
115416	Angular_L	0	0	0	0	0	0	0	0	0	0	0	0	0	0	0	0	268	0	0	0	0	0	0	0	0	0	0	0	0	0	0	0	0	0	0	0	0	0	0	0	0	0	208	0	0	0	132	0	720	0	14364	0	0	0	0	0	1632	0	264	0	18638	0	8818	0	0	0	748	0	816	0	0	0	0	0	0	0	0	0	0	0	3894	0	0	0	7076	0	0	0	130	0	0	0	0	0	0	0	0	0	0	0	0	0	0	0	0	0	0	0	0	0	0	0	0	0	0	0	
111876	Angular_R	0	208	0	122	0	0	0	0	0	0	0	0	0	0	0	0	0	908	0	0	0	0	0	0	0	0	0	0	0	1332	0	0	0	0	0	0	0	0	0	0	0	0	0	606	0	496	0	0	0	3946	0	17726	0	0	0	0	0	504	0	2506	0	10756	0	6490	0	0	0	400	0	0	0	0	0	0	0	0	0	0	0	0	0	2286	0	0	0	6104	0	0	0	1548	0	0	0	0	0	0	0	0	0	0	0	0	0	0	0	0	0	0	0	0	0	0	0	0	0	0	
238328	Precuneus_L	1676	0	0	0	0	0	0	0	0	0	0	0	0	0	0	0	374	0	0	0	0	0	0	0	0	0	0	0	244	0	0	0	2192	470	7526	1200	3394	0	1212	0	0	0	21998	298	13202	236	12548	0	6826	0	10644	0	1480	0	2650	0	4344	0	5938	0	4214	0	442	0	748	0	0	2552	5510	0	0	0	0	0	0	0	0	0	0	0	468	0	0	0	4318	0	0	0	2460	0	0	0	0	0	0	0	0	0	0	0	0	0	0	0	0	0	0	0	0	0	0	0	0	0	0	0	
358424	Precuneus_R	862	2502	228	1172	0	0	240	108	0	0	0	274	0	0	0	0	0	400	464	9866	0	0	0	0	0	0	0	0	790	400	0	0	2068	10592	3816	17930	1822	3846	778	1066	0	0	438	24390	284	17192	0	12516	0	5536	0	3988	0	1760	0	6636	192	7172	0	2206	0	910	0	1386	0	400	2552	0	748	12706	0	0	0	0	0	0	960	732	148	0	0	446	0	0	0	8992	0	0	0	5470	0	0	0	0	0	0	0	394	0	0	0	0	0	0	0	0	0	0	0	0	1834	0	0	0	0	0	
156440	Paracentral_Lobule_L	12672	802	3120	2298	0	0	0	0	0	0	238	0	0	0	0	0	1316	0	7608	3876	0	0	0	0	0	0	0	0	1586	0	0	102	5238	2472	1806	204	0	0	0	0	0	0	2560	0	3090	140	1666	0	2576	0	4330	0	158	0	280	0	2948	0	1692	0	2644	0	618	0	816	0	5510	748	0	934	0	114	0	0	0	0	116	0	144	0	466	0	0	0	2222	0	0	0	1110	0	0	0	0	0	0	0	0	0	0	0	0	0	0	0	0	0	0	0	0	0	0	0	0	0	0	0	
104344	Paracentral_Lobule_R	0	1182	0	574	0	0	0	0	0	0	0	0	0	0	0	0	0	0	0	10754	0	0	0	0	0	0	0	0	0	0	0	0	396	5542	0	2008	0	0	0	0	0	0	0	2730	0	4768	0	792	0	904	0	606	0	326	0	0	0	6534	0	244	0	0	0	140	0	0	0	12706	934	0	0	0	0	0	0	0	0	0	0	0	0	0	0	0	0	776	0	0	0	256	0	0	0	0	0	0	0	0	0	0	0	0	0	0	0	0	0	0	0	0	0	0	0	0	0	0	
198984	Caudate_L	1250	694	7394	510	736	0	0	0	0	0	2678	0	114	0	2338	0	1288	0	6764	0	3962	4278	488	0	640	0	1204	0	5368	0	8190	3584	0	0	0	0	0	2048	0	1994	106	0	0	0	0	0	0	0	0	0	0	0	0	0	0	892	232	0	0	0	0	0	0	0	0	0	0	0	0	0	0	13610	17036	1422	2478	780	6958	456	0	0	0	0	0	0	0	0	0	0	0	0	0	0	0	0	0	0	0	0	0	0	0	0	0	0	0	0	0	0	0	0	0	0	0	0	0	0	
411180	Caudate_R	1910	1096	5060	24052	0	2702	306	380	0	0	2752	3132	0	150	898	428	878	1226	6970	21604	2078	4990	322	11964	200	5276	188	4446	3656	3976	4536	29910	202	1578	0	0	0	242	0	0	0	0	0	0	0	0	0	0	0	0	0	0	0	0	0	0	1254	0	0	0	0	0	148	0	0	0	0	0	114	0	13610	0	5084	21684	514	2992	1076	11852	0	0	154	0	0	0	0	0	0	0	0	0	0	0	0	0	0	0	0	0	0	0	0	0	0	0	0	0	0	0	0	0	0	0	0	0	0	0	
355944	Putamen_L	7842	158	31348	292	4598	0	8542	0	3278	0	2962	0	444	0	8772	0	1428	0	20976	296	1642	1228	1474	0	808	0	908	0	25802	108	8948	2092	0	110	112	136	4192	174	148	152	138	0	0	0	0	0	0	0	0	0	0	0	0	0	346	0	1276	152	0	0	0	0	0	0	0	0	0	0	0	0	17036	5084	0	1170	6922	710	3836	276	158	0	740	0	688	0	0	0	0	0	470	0	0	0	0	0	0	0	0	0	0	0	0	0	0	0	0	0	0	0	0	0	0	0	0	0	0	0	
360972	Putamen_R	164	650	2276	18536	0	3476	152	932	0	148	326	4858	0	186	0	1510	0	3158	3150	13170	602	1528	156	9302	140	4080	0	3270	454	19100	1884	15630	0	468	0	0	0	13262	0	8226	0	712	0	0	0	0	0	0	0	0	0	0	0	0	0	9530	0	452	0	0	0	0	0	0	0	0	0	0	0	0	1422	21684	1170	0	0	3494	98	5162	0	0	0	226	0	1366	0	1024	0	148	0	3204	0	0	0	0	0	0	0	0	0	0	0	0	0	0	0	0	0	0	0	0	0	0	0	0	0	0	
66052	Pallidum_L	2380	284	7032	0	0	0	570	0	0	0	0	0	0	0	0	0	0	0	7366	0	0	0	0	0	0	0	0	0	104	0	0	122	0	0	0	100	1014	212	0	208	0	0	0	0	0	0	0	0	0	0	0	0	0	0	0	136	0	254	0	158	0	220	0	190	0	0	0	0	0	0	2478	514	6922	0	0	102	2528	132	0	0	0	0	0	0	0	0	0	0	0	0	0	0	0	0	0	0	0	0	0	0	0	0	0	0	0	0	0	0	0	0	0	0	0	0	0	0	
35796	Pallidum_R	0	0	668	2488	0	0	0	146	0	0	0	0	0	0	0	0	0	0	774	1952	0	0	0	340	0	0	0	0	0	96	344	1404	0	360	0	0	0	454	0	338	0	0	0	0	0	0	0	0	0	0	0	0	0	0	0	242	0	0	0	0	0	0	0	0	0	0	0	0	0	0	780	2992	710	3494	102	0	0	214	0	0	0	0	0	0	0	0	0	0	0	0	0	0	0	0	0	0	0	0	0	0	0	0	0	0	0	0	0	0	0	0	0	0	0	0	0	0	
178064	Thalamus_L	12428	2834	7726	956	0	0	346	0	0	0	316	0	0	0	206	0	234	0	7608	684	0	0	108	0	0	0	0	0	1838	160	120	104	0	134	3714	6954	4690	5244	1846	2142	348	0	0	0	0	0	0	932	0	0	0	0	0	0	0	668	2698	0	0	0	0	0	0	0	0	0	0	960	116	0	6958	1076	3836	98	2528	0	0	7114	150	0	0	0	0	0	0	0	0	0	0	0	0	0	0	0	0	0	0	378	0	0	0	0	0	0	0	0	0	0	0	0	780	0	0	0	0	0	
175072	Thalamus_R	2534	11994	1750	4218	0	0	0	550	0	0	0	916	0	0	102	0	0	888	2008	6016	0	0	0	158	0	0	0	0	306	1340	94	938	0	1576	620	3140	144	11660	0	4274	0	140	0	0	0	0	0	304	0	0	0	0	0	0	0	1842	1756	1058	0	0	0	0	122	262	0	0	0	732	0	0	456	11852	276	5162	132	214	7114	0	0	0	0	0	0	0	0	100	0	0	0	788	0	0	0	0	0	0	0	0	0	0	0	0	0	0	0	0	0	0	0	0	0	0	0	0	0	0	
58328	Heschl_L	3074	0	350	0	0	0	326	0	0	0	680	0	0	0	0	0	4848	0	108	0	0	0	0	0	0	0	0	0	4128	0	0	0	0	0	438	426	1014	130	0	0	0	0	0	0	0	0	0	0	0	0	128	0	0	0	1216	0	3372	0	0	0	508	0	208	0	0	0	0	148	144	0	0	0	158	0	0	0	150	0	0	0	1442	0	0	0	1088	0	0	0	4970	0	0	0	0	0	0	0	0	0	0	0	0	0	0	0	0	0	0	0	0	0	110	0	0	0	0	0	
14360	Heschl_R	0	412	0	212	0	0	0	0	0	0	0	0	0	0	0	0	0	1486	0	0	0	0	0	0	0	0	0	0	0	1492	0	0	0	0	0	0	0	158	0	102	0	0	0	0	0	0	0	0	0	0	0	0	0	0	0	106	0	0	0	0	0	0	0	0	0	0	0	0	0	0	0	0	0	0	0	0	0	0	0	0	0	2510	0	0	0	472	0	0	0	230	0	0	0	0	0	0	0	0	0	0	0	0	0	0	0	0	0	0	0	0	0	0	0	0	0	0	
165572	Temporal_Sup_L	1662	0	926	0	0	0	296	0	0	0	552	0	0	0	0	0	5298	0	324	0	0	0	0	0	0	0	0	0	4236	0	0	100	0	0	0	0	1252	0	0	0	0	0	370	0	0	0	326	0	224	0	1426	0	118	0	744	0	1122	0	0	0	1678	0	13850	0	3894	0	468	0	466	0	0	154	740	0	0	0	0	0	1442	0	0	0	3302	0	26914	0	306	0	10596	0	0	0	0	0	0	0	0	0	0	0	0	0	0	0	0	0	0	0	0	0	0	0	0	0	0	0	
78824	Temporal_Sup_R	0	1300	0	512	0	0	0	0	0	0	0	0	0	0	0	0	0	1890	0	0	0	0	0	0	0	0	0	0	0	3636	0	0	0	0	0	0	0	136	0	0	0	0	0	0	0	0	0	0	0	0	0	0	0	0	0	278	0	386	0	0	0	148	0	7554	0	2286	0	446	0	0	0	0	0	226	0	0	0	0	0	2510	0	0	0	1972	0	12970	0	310	0	2852	0	0	0	0	0	0	0	0	0	0	0	0	0	0	0	0	0	0	0	0	0	0	0	0	0	0	
89096	Temporal_Pole_Sup_L	0	0	520	0	158	0	232	0	390	0	2260	0	542	0	1482	0	1804	0	204	0	716	0	0	0	0	0	0	0	4858	0	0	0	0	0	0	0	1338	0	706	0	996	0	0	0	0	0	0	0	0	0	0	0	0	0	1690	0	0	0	0	0	0	0	0	0	0	0	0	0	0	0	0	0	688	0	0	0	0	0	0	0	3302	0	0	0	9798	0	5344	0	7520	0	0	0	0	0	0	0	0	0	0	0	0	0	0	0	0	0	0	0	0	0	0	0	0	0	0	0	
67000	Temporal_Pole_Sup_R	0	0	0	0	0	0	0	0	0	0	0	142	0	0	0	0	0	164	0	0	0	144	0	0	0	0	0	0	0	370	0	0	0	0	0	0	0	3082	0	4876	0	4916	0	0	0	0	0	0	0	0	0	0	0	0	0	7332	0	0	0	0	0	0	0	0	0	0	0	0	0	0	0	0	0	1366	0	0	0	0	0	0	0	1972	0	0	0	2366	0	4786	0	1984	0	0	0	0	0	0	0	0	0	0	0	0	0	0	0	0	0	0	0	0	0	0	0	0	0	0	
294416	Temporal_Mid_L	5904	0	0	0	0	0	0	0	0	0	0	0	0	0	0	0	1794	0	0	0	0	0	0	0	0	0	0	0	1536	0	0	0	116	0	630	0	250	0	0	0	0	0	5734	0	1998	0	2748	0	1986	0	18132	0	4472	0	4060	0	872	0	502	0	4174	0	9760	0	7076	0	4318	0	2222	0	0	0	0	0	0	0	0	0	1088	0	26914	0	9798	0	0	0	5378	0	25746	0	0	0	0	0	0	0	0	0	0	0	0	0	0	0	0	0	0	0	0	0	0	0	0	0	0	0	
262500	Temporal_Mid_R	0	6440	0	2792	0	0	0	0	0	0	0	0	0	0	0	0	0	484	0	548	0	0	0	0	0	0	0	0	0	2334	0	0	0	196	0	1682	0	3288	0	946	0	304	0	5654	0	4900	0	890	0	3222	0	10514	0	548	0	4734	0	866	0	138	0	3352	0	11264	0	6104	0	8992	0	776	0	0	0	1024	0	0	0	100	0	472	0	12970	0	2366	0	0	0	3304	0	30046	0	0	0	0	0	0	0	0	0	0	0	0	0	0	0	0	0	0	0	0	0	0	0	0	0	0	
32592	Temporal_Pole_Mid_L	0	0	0	0	0	0	0	0	0	0	0	0	0	0	0	0	0	0	0	0	0	0	0	0	0	0	0	0	0	0	0	0	0	0	0	0	0	0	450	0	0	0	0	0	0	0	0	0	0	0	0	0	0	0	1518	0	0	0	0	0	0	0	0	0	0	0	0	0	0	0	0	0	0	0	0	0	0	0	0	0	306	0	5344	0	5378	0	0	0	3300	0	0	0	0	0	0	0	0	0	0	0	0	0	0	0	0	0	0	0	0	0	0	0	0	0	0	0	
41964	Temporal_Pole_Mid_R	0	0	0	0	0	0	0	0	0	0	0	0	0	0	0	0	0	0	0	0	0	0	0	0	0	0	0	0	0	0	0	0	0	0	0	0	0	910	0	3258	0	2478	0	0	0	0	0	0	0	0	0	0	0	0	0	3328	0	0	0	0	0	0	0	0	0	0	0	0	0	0	0	0	0	148	0	0	0	0	0	0	0	310	0	4786	0	3304	0	0	0	2460	0	0	0	0	0	0	0	0	0	0	0	0	0	0	0	0	0	0	0	0	0	0	0	0	0	0	
236952	Temporal_Inf_L	4688	0	810	0	0	0	182	0	0	0	308	0	0	0	0	0	4302	0	574	0	0	0	0	0	0	0	0	0	6696	0	0	0	0	0	764	0	5306	0	1564	0	966	0	2320	0	364	0	3246	0	398	0	1436	0	2342	0	19588	0	628	0	0	0	334	0	2008	0	130	0	2460	0	1110	0	0	0	470	0	0	0	0	0	4970	0	10596	0	7520	0	25746	0	3300	0	0	0	1508	0	722	0	0	0	0	0	892	0	0	0	228	0	0	0	0	0	0	0	0	0	0	0	0	0	
232520	Temporal_Inf_R	0	3978	0	1462	0	0	0	0	0	0	0	0	0	0	0	0	0	1114	0	468	0	0	0	0	0	0	0	0	0	4148	0	0	0	356	238	1454	0	8334	0	2284	0	828	0	7218	0	3566	0	860	0	350	0	558	0	4754	0	17392	0	264	0	0	0	2646	0	4778	0	1548	0	5470	0	256	0	0	0	3204	0	0	0	788	0	230	0	2852	0	1984	0	30046	0	2460	0	0	0	372	0	0	0	0	0	0	0	0	0	0	0	0	0	0	0	0	0	0	0	0	0	0	0	0	
577280	Cerebelum_Crus1_L	0	0	0	0	0	0	0	0	0	0	0	0	0	0	0	0	0	0	0	0	0	0	0	0	0	0	0	0	0	0	0	0	0	0	0	0	0	0	0	0	0	0	0	0	0	0	9292	970	0	0	0	0	0	0	25124	838	0	0	0	0	0	0	0	0	0	0	0	0	0	0	0	0	0	0	0	0	0	0	0	0	0	0	0	0	0	0	0	0	1508	0	0	3484	47336	4806	888	1310	19334	2682	61108	5244	11086	332	28540	7182	7398	4166	1568	914	494	1602	8494	10378	9914	6442	4820	1386	
460824	Cerebelum_Crus1_R	0	0	0	0	0	0	0	0	0	0	0	0	0	0	0	0	0	0	0	0	0	0	0	0	0	0	0	0	0	0	0	0	0	0	0	0	0	0	0	0	0	0	0	0	0	0	2112	10404	0	0	0	0	0	0	1178	16554	0	0	0	0	0	0	0	0	0	0	0	0	0	0	0	0	0	0	0	0	0	0	0	0	0	0	0	0	0	0	0	0	0	372	3484	0	794	36656	0	1570	3810	19500	5658	56978	360	4884	1248	19892	324	1720	0	354	420	1282	12702	11892	12150	2580	1346	188	
324168	Cerebelum_Crus2_L	0	0	0	0	0	0	0	0	0	0	0	0	0	0	0	0	0	0	0	0	0	0	0	0	0	0	0	0	0	0	0	0	0	0	0	0	0	0	0	0	0	0	0	0	0	0	928	214	0	0	0	0	0	0	2922	200	0	0	0	0	0	0	0	0	0	0	0	0	0	0	0	0	0	0	0	0	0	0	0	0	0	0	0	0	0	0	0	0	722	0	47336	794	0	4744	158	130	3452	788	11986	1136	29110	2330	31926	3990	4990	930	1322	172	0	166	1882	1376	3764	3458	854	304	
291656	Cerebelum_Crus2_R	0	0	0	0	0	0	0	0	0	0	0	0	0	0	0	0	0	0	0	0	0	0	0	0	0	0	0	0	0	0	0	0	0	0	0	0	0	0	0	0	0	0	0	0	0	0	128	204	0	0	0	0	0	0	190	412	0	0	0	0	0	0	0	0	0	0	0	0	0	0	0	0	0	0	0	0	0	0	0	0	0	0	0	0	0	0	0	0	0	0	4806	36656	4744	0	144	828	1166	3522	1348	11652	2134	17572	4918	28476	1254	2706	0	1226	158	826	1920	856	12388	3784	1810	0	
37240	Cerebelum_3_L	0	0	0	0	0	0	0	0	0	0	0	0	0	0	0	0	0	0	0	0	0	0	0	0	0	0	0	0	0	0	0	0	0	0	0	0	0	0	0	0	0	0	0	0	0	0	0	298	0	0	0	0	0	0	0	0	0	0	0	0	0	0	0	0	0	0	0	0	0	0	0	0	0	0	0	0	0	0	0	0	0	0	0	0	0	0	0	0	0	0	888	0	158	144	0	0	4160	0	1358	0	0	0	1108	626	1802	556	0	0	1326	1964	488	476	1058	1180	804	226	
74984	Cerebelum_3_R	0	0	0	0	0	0	0	0	0	0	0	0	0	0	0	0	0	0	0	0	0	0	0	0	0	0	0	0	0	0	0	0	0	0	0	0	0	0	0	0	0	0	0	0	0	0	176	316	0	0	0	0	0	0	0	298	0	0	0	0	0	0	0	0	0	0	0	0	0	0	0	0	0	0	0	0	0	0	0	0	0	0	0	0	0	0	0	0	0	0	1310	1570	130	828	0	0	844	4720	814	4334	0	0	852	1702	524	1346	0	0	1484	5994	2586	922	2572	2072	2000	98	
319136	Cerebelum_4_5_L	0	0	0	0	0	0	0	0	0	0	0	0	0	0	0	0	0	0	0	0	0	0	0	0	0	0	0	0	0	0	0	0	0	0	0	0	0	0	114	0	0	0	0	0	0	0	13022	2796	0	0	0	0	0	206	10946	1924	0	0	0	0	0	0	0	0	0	0	0	0	0	0	0	0	0	0	0	0	0	0	0	0	0	0	0	0	0	0	0	0	0	0	19334	3810	3452	1166	4160	844	0	5330	35660	7076	1070	0	5496	1652	3416	842	196	134	1294	2520	19398	6606	1894	1716	1812	1682	
257068	Cerebelum_4_5_R	0	0	0	0	0	0	0	0	0	0	0	0	0	0	0	0	0	0	0	0	0	0	0	0	0	0	0	0	0	0	0	0	0	0	222	550	180	0	0	244	0	0	0	120	0	0	2302	7174	0	0	0	0	0	150	798	8364	0	0	0	0	0	0	0	0	0	0	0	394	0	0	0	0	0	0	0	0	378	0	0	0	0	0	0	0	0	0	0	0	0	0	2682	19500	788	3522	0	4720	5330	0	4326	32178	0	0	608	4340	172	644	0	0	462	2276	19944	1586	2478	1156	946	0	
526700	Cerebelum_6_L	0	0	0	0	0	0	0	0	0	0	0	0	0	0	0	0	0	0	0	0	0	0	0	0	0	0	0	0	0	0	0	0	0	0	0	0	0	0	0	0	0	0	0	0	0	0	17984	2246	0	0	108	0	104	0	32374	1484	0	0	0	0	0	0	0	0	0	0	0	0	0	0	0	0	0	0	0	0	0	0	0	0	0	0	0	0	0	0	0	0	892	0	61108	5658	11986	1348	1358	814	35660	4326	0	8702	3282	112	11806	2884	5076	2006	406	146	588	1468	15942	16710	4456	5060	3908	3348	
459312	Cerebelum_6_R	0	0	0	0	0	0	0	0	0	0	0	0	0	0	0	0	0	0	0	0	0	0	0	0	0	0	0	0	0	0	0	0	0	0	0	0	0	0	0	0	0	0	0	0	0	0	3794	12470	0	0	0	0	0	246	1558	17772	0	0	0	0	0	0	0	0	0	0	0	0	0	0	0	0	0	0	0	0	0	0	0	0	0	0	0	0	0	0	0	0	0	0	5244	56978	1136	11652	0	4334	7076	32178	8702	0	0	184	1458	8898	522	1796	0	154	608	2538	21438	15140	8222	3162	2196	200	
197600	Cerebelum_7b_L	0	0	0	0	0	0	0	0	0	0	0	0	0	0	0	0	0	0	0	0	0	0	0	0	0	0	0	0	0	0	0	0	0	0	0	0	0	0	0	0	0	0	0	0	0	0	552	0	0	0	0	0	0	0	678	0	0	0	0	0	0	0	0	0	0	0	0	0	0	0	0	0	0	0	0	0	0	0	0	0	0	0	0	0	0	0	0	0	0	0	11086	360	29110	2134	0	0	1070	0	3282	0	0	2016	30034	3632	6148	392	912	0	0	0	368	94	2014	4770	148	0	
108856	Cerebelum_7b_R	0	0	0	0	0	0	0	0	0	0	0	0	0	0	0	0	0	0	0	0	0	0	0	0	0	0	0	0	0	0	0	0	0	0	0	0	0	0	0	0	0	0	0	0	0	0	0	0	0	0	0	0	0	0	0	0	0	0	0	0	0	0	0	0	0	0	0	0	0	0	0	0	0	0	0	0	0	0	0	0	0	0	0	0	0	0	0	0	0	0	332	4884	2330	17572	0	0	0	0	112	184	2016	0	2294	17138	274	1710	0	0	0	0	0	0	2652	2930	0	0	
422672	Cerebelum_8_L	0	0	0	0	0	0	0	0	0	0	0	0	0	0	0	0	0	0	0	0	0	0	0	0	0	0	0	0	0	0	0	0	0	0	0	0	0	0	0	0	0	0	0	0	0	0	1320	214	0	0	0	0	0	0	2562	284	0	0	0	0	0	0	0	0	0	0	0	0	0	0	0	0	0	0	0	0	0	0	0	0	0	0	0	0	0	0	0	0	228	0	28540	1248	31926	4918	1108	852	5496	608	11806	1458	30034	2294	0	11694	29278	5420	3008	540	284	942	2302	3126	9728	14210	5392	516	
359864	Cerebelum_8_R	0	0	0	0	0	0	0	0	0	0	0	0	0	0	0	0	0	0	0	0	0	0	0	0	0	0	0	0	0	0	0	0	0	0	0	0	0	0	0	0	0	0	0	0	0	0	280	634	0	0	0	0	0	0	560	1044	0	0	0	0	0	0	0	0	0	0	0	0	0	0	0	0	0	0	0	0	0	0	0	0	0	0	0	0	0	0	0	0	0	0	7182	19892	3990	28476	626	1702	1652	4340	2884	8898	3632	17138	11694	0	3680	21222	0	1776	236	1358	3448	1980	15692	12388	3412	116	
190488	Cerebelum_9_L	0	0	0	0	0	0	0	0	0	0	0	0	0	0	0	0	0	0	0	0	0	0	0	0	0	0	0	0	0	0	0	0	0	0	0	0	0	0	0	0	0	0	0	0	0	0	190	94	0	0	0	0	0	0	492	0	0	0	0	0	0	0	0	0	0	0	0	0	0	0	0	0	0	0	0	0	0	0	0	0	0	0	0	0	0	0	0	0	0	0	7398	324	4990	1254	1802	524	3416	172	5076	522	6148	274	29278	3680	0	3452	3416	204	266	650	740	2816	5466	6390	4596	1614	
178416	Cerebelum_9_R	0	0	0	0	0	0	0	0	0	0	0	0	0	0	0	0	0	0	0	0	0	0	0	0	0	0	0	0	0	0	0	0	0	0	0	0	0	0	0	0	0	0	0	0	0	0	0	126	0	0	0	0	0	0	182	0	0	0	0	0	0	0	0	0	0	0	0	0	0	0	0	0	0	0	0	0	0	0	0	0	0	0	0	0	0	0	0	0	0	0	4166	1720	930	2706	556	1346	842	644	2006	1796	392	1710	5420	21222	3452	0	0	2186	1310	2630	1260	2340	7872	9598	10214	2582	
22288	Cerebelum_10_L	0	0	0	0	0	0	0	0	0	0	0	0	0	0	0	0	0	0	0	0	0	0	0	0	0	0	0	0	0	0	0	0	0	0	0	0	0	0	0	0	0	0	0	0	0	0	0	0	0	0	0	0	0	0	100	0	0	0	0	0	0	0	0	0	0	0	0	0	0	0	0	0	0	0	0	0	0	0	0	0	0	0	0	0	0	0	0	0	0	0	1568	0	1322	0	0	0	196	0	406	0	912	0	3008	0	3416	0	0	0	0	0	0	0	120	0	96	0	
19008	Cerebelum_10_R	0	0	0	0	0	0	0	0	0	0	0	0	0	0	0	0	0	0	0	0	0	0	0	0	0	0	0	0	0	0	0	0	0	0	0	0	0	0	0	0	0	0	0	0	0	0	0	0	0	0	0	0	0	0	0	0	0	0	0	0	0	0	0	0	0	0	0	0	0	0	0	0	0	0	0	0	0	0	0	0	0	0	0	0	0	0	0	0	0	0	914	354	172	1226	0	0	134	0	146	154	0	0	540	1776	204	2186	0	0	0	0	0	0	1260	0	438	0	
46180	Vermis_1_2	0	0	0	0	0	0	0	0	0	0	0	0	0	0	0	0	0	0	0	0	0	0	0	0	0	0	0	0	0	0	0	0	0	0	0	0	0	0	206	0	0	0	0	0	0	0	146	0	0	0	0	0	0	0	0	0	0	0	0	0	0	0	0	0	0	0	0	0	0	0	0	0	0	0	0	0	0	0	0	0	0	0	0	0	0	0	0	0	0	0	494	420	0	158	1326	1484	1294	462	588	608	0	0	284	236	266	1310	0	0	0	7166	2510	506	1140	1182	1130	174	
102540	Vermis_3	0	0	0	0	0	0	0	0	0	0	0	0	0	0	0	0	0	0	0	0	0	0	0	0	0	0	0	0	0	0	0	0	0	0	0	0	154	0	358	0	0	0	0	0	0	0	640	420	0	0	0	0	0	0	108	116	0	0	0	0	0	0	0	0	0	0	0	0	0	0	0	0	0	0	0	0	0	0	0	0	0	0	0	0	0	0	0	0	0	0	1602	1282	166	826	1964	5994	2520	2276	1468	2538	0	0	942	1358	650	2630	0	0	7166	0	4678	1502	3442	3084	3010	376	
343404	Vermis_4_5	238	0	138	0	0	0	214	0	0	0	0	0	0	0	0	0	0	0	0	0	0	0	0	0	0	0	0	0	638	0	0	0	0	0	2060	2376	1606	0	536	0	0	0	0	0	0	0	6584	5816	0	0	0	0	0	238	2878	5076	102	0	0	0	0	0	0	0	0	0	0	1834	0	0	0	0	0	0	0	0	780	0	110	0	0	0	0	0	0	0	0	0	0	0	8494	12702	1882	1920	488	2586	19398	19944	15942	21438	368	0	2302	3448	740	1260	0	0	2510	4678	0	8626	3412	3028	3218	2094	
248372	Vermis_6	0	0	0	0	0	0	0	0	0	0	0	0	0	0	0	0	0	0	0	0	0	0	0	0	0	0	0	0	0	0	0	0	0	0	0	0	0	0	0	0	0	0	0	0	0	0	3320	5536	0	0	0	0	0	0	2574	1848	0	0	0	0	0	0	0	0	0	0	0	0	0	0	0	0	0	0	0	0	0	0	0	0	0	0	0	0	0	0	0	0	0	0	10378	11892	1376	856	476	922	6606	1586	16710	15140	94	0	3126	1980	2816	2340	0	0	506	1502	8626	0	7378	5634	5332	5632	
294184	Vermis_7	0	0	0	0	0	0	0	0	0	0	0	0	0	0	0	0	0	0	0	0	0	0	0	0	0	0	0	0	0	0	0	0	0	0	0	0	0	0	0	0	0	0	0	0	0	0	554	1388	0	0	0	0	0	0	442	570	0	0	0	0	0	0	0	0	0	0	0	0	0	0	0	0	0	0	0	0	0	0	0	0	0	0	0	0	0	0	0	0	0	0	9914	12150	3764	12388	1058	2572	1894	2478	4456	8222	2014	2652	9728	15692	5466	7872	120	1260	1140	3442	3412	7378	0	13406	9420	2240	
250108	Vermis_8	0	0	0	0	0	0	0	0	0	0	0	0	0	0	0	0	0	0	0	0	0	0	0	0	0	0	0	0	0	0	0	0	0	0	0	0	0	0	0	0	0	0	0	0	0	0	218	218	0	0	0	0	0	0	570	108	0	0	0	0	0	0	0	0	0	0	0	0	0	0	0	0	0	0	0	0	0	0	0	0	0	0	0	0	0	0	0	0	0	0	6442	2580	3458	3784	1180	2072	1716	1156	5060	3162	4770	2930	14210	12388	6390	9598	0	0	1182	3084	3028	5634	13406	0	12370	4340	
