data	data	495744	216648	761264	967800	108796	126512	309584	186968	58200	15828	278532	240500	210136	171584	111080	52048	306884	151228	708508	929768	67772	73680	235688	292400	11288	72136	53136	89392	650160	370824	221732	361560	117356	534812	157624	201716	334096	325448	103432	171160	54948	50700	296588	329320	238436	289264	297136	376264	334184	213048	626788	210256	302920	82780	490692	493608	278504	285128	236804	95536	280632	96248	128288	95168	226092	120804	333868	385644	184252	277524	231564	393956	232424	275936	57784	16132	172196	305520	94012	114108	300464	175324	175424	93120	451672	240608	17156	24232	359520	231552	532784	453196	283640	297280	52888	86424	329844	287524	491452	513376	272524	223604	317028	339224	176304	196180	28072	16048	47760	131948	283656	240092	201892	152400	127556	56344	
data	data	Precentral_L	Precentral_R	Frontal_Sup_L	Frontal_Sup_R	Frontal_Sup_Orb_L	Frontal_Sup_Orb_R	Frontal_Mid_L	Frontal_Mid_R	Frontal_Mid_Orb_L	Frontal_Mid_Orb_R	Frontal_Inf_Oper_L	Frontal_Inf_Oper_R	Frontal_Inf_Tri_L	Frontal_Inf_Tri_R	Frontal_Inf_Orb_L	Frontal_Inf_Orb_R	Rolandic_Oper_L	Rolandic_Oper_R	Supp_Motor_Area_L	Supp_Motor_Area_R	Olfactory_L	Olfactory_R	Frontal_Sup_Medial_L	Frontal_Sup_Medial_R	Frontal_Med_Orb_L	Frontal_Med_Orb_R	Rectus_L	Rectus_R	Insula_L	Insula_R	Cingulum_Ant_L	Cingulum_Ant_R	Cingulum_Mid_L	Cingulum_Mid_R	Cingulum_Post_L	Cingulum_Post_R	Hippocampus_L	Hippocampus_R	ParaHippocampal_L	ParaHippocampal_R	Amygdala_L	Amygdala_R	Calcarine_L	Calcarine_R	Cuneus_L	Cuneus_R	Lingual_L	Lingual_R	Occipital_Sup_L	Occipital_Sup_R	Occipital_Mid_L	Occipital_Mid_R	Occipital_Inf_L	Occipital_Inf_R	Fusiform_L	Fusiform_R	Postcentral_L	Postcentral_R	Parietal_Sup_L	Parietal_Sup_R	Parietal_Inf_L	Parietal_Inf_R	SupraMarginal_L	SupraMarginal_R	Angular_L	Angular_R	Precuneus_L	Precuneus_R	Paracentral_Lobule_L	Paracentral_Lobule_R	Caudate_L	Caudate_R	Putamen_L	Putamen_R	Pallidum_L	Pallidum_R	Thalamus_L	Thalamus_R	Heschl_L	Heschl_R	Temporal_Sup_L	Temporal_Sup_R	Temporal_Pole_Sup_L	Temporal_Pole_Sup_R	Temporal_Mid_L	Temporal_Mid_R	Temporal_Pole_Mid_L	Temporal_Pole_Mid_R	Temporal_Inf_L	Temporal_Inf_R	Cerebelum_Crus1_L	Cerebelum_Crus1_R	Cerebelum_Crus2_L	Cerebelum_Crus2_R	Cerebelum_3_L	Cerebelum_3_R	Cerebelum_4_5_L	Cerebelum_4_5_R	Cerebelum_6_L	Cerebelum_6_R	Cerebelum_7b_L	Cerebelum_7b_R	Cerebelum_8_L	Cerebelum_8_R	Cerebelum_9_L	Cerebelum_9_R	Cerebelum_10_L	Cerebelum_10_R	Vermis_1_2	Vermis_3	Vermis_4_5	Vermis_6	Vermis_7	Vermis_8	Vermis_9	Vermis_10	
495744	Precentral_L	0	694	13940	5072	0	0	12378	0	0	0	11178	0	986	0	0	0	9642	0	6602	14652	0	0	406	526	0	0	0	0	15722	0	278	510	466	10160	3508	2720	10692	1570	1116	0	276	0	0	128	0	0	572	0	0	0	2006	0	1148	0	1248	0	23140	214	0	100	5974	0	834	102	202	0	178	434	12858	6398	4426	1468	9514	0	1948	0	29934	5182	3520	0	4872	392	3560	0	2500	154	0	0	1622	150	0	0	0	0	0	0	0	0	0	0	0	0	0	0	0	0	0	0	0	0	0	0	0	0	0	0	
216648	Precentral_R	694	0	1242	10694	0	0	0	5738	0	0	0	6400	0	0	0	0	0	2308	2026	5752	0	0	0	0	0	0	0	0	0	2270	0	0	0	10028	240	880	232	3872	0	274	0	0	0	1746	0	300	0	612	0	240	0	1220	0	482	0	352	0	17708	0	236	0	1064	0	1594	0	468	0	2726	482	9832	654	2300	0	1730	0	126	592	3064	0	1772	0	1506	0	0	0	2146	0	0	0	2722	0	0	0	0	0	0	0	0	0	0	0	0	0	0	0	0	0	0	0	0	0	0	0	0	0	0	
761264	Frontal_Sup_L	13940	1242	0	10030	4832	0	43984	742	1516	0	12402	690	19622	312	4524	0	11558	554	85884	20438	0	0	30520	1998	310	0	0	0	37942	560	11812	2376	2640	3850	128	0	3496	188	0	0	0	0	0	0	0	0	0	0	0	0	0	0	0	0	602	0	4882	300	0	0	110	0	294	0	0	0	0	0	118	0	10706	2320	15372	280	4852	96	3026	766	602	136	4250	0	3348	104	0	0	0	0	378	0	0	0	0	0	0	0	0	0	0	0	0	0	0	0	0	0	0	0	0	0	0	0	0	0	0	0	
967800	Frontal_Sup_R	5072	10694	10030	0	0	8608	3782	24790	0	762	630	15520	278	14224	0	5290	430	10170	22442	93962	0	356	5666	35982	0	3272	0	3630	2338	20770	2406	26974	700	12388	3136	4678	4504	8662	942	928	0	196	0	272	0	0	196	562	0	0	0	132	0	0	124	362	336	884	0	0	0	462	0	534	0	0	100	228	704	234	7206	38768	1282	15848	898	1890	5064	34534	912	3702	110	734	176	2774	0	312	0	0	0	348	0	0	0	0	0	0	0	0	0	0	0	0	0	0	0	0	0	0	0	0	0	0	0	0	0	0	
108796	Frontal_Sup_Orb_L	0	0	4832	0	0	0	276	0	10822	0	214	0	2410	0	10972	0	0	0	398	0	1978	330	1850	0	1822	246	3198	284	7858	0	2600	360	0	0	0	0	234	0	118	0	0	0	0	0	0	0	0	0	0	0	0	0	0	0	0	0	0	0	0	0	0	0	0	0	0	0	0	0	0	0	494	348	2570	0	0	0	0	0	0	0	0	0	184	0	0	0	0	0	0	0	0	0	0	0	0	0	0	0	0	0	0	0	0	0	0	0	0	0	0	0	0	0	0	0	0	0	
126512	Frontal_Sup_Orb_R	0	0	0	8608	0	0	0	930	0	2592	0	100	0	310	0	3800	0	308	548	624	418	1818	0	4062	0	7046	324	10070	0	1724	0	4062	0	0	0	0	0	674	0	346	0	0	0	0	0	0	0	0	0	0	0	0	0	0	0	138	0	0	0	0	0	0	0	0	0	0	0	0	0	0	466	5818	0	8158	0	212	0	0	0	0	0	100	0	0	0	0	0	0	0	0	0	0	0	0	0	0	0	0	0	0	0	0	0	0	0	0	0	0	0	0	0	0	0	0	0	0	
309584	Frontal_Mid_L	12378	0	43984	3782	276	0	0	0	670	0	7214	0	15232	0	3744	0	4932	0	10282	3768	0	0	11800	420	0	0	0	0	12032	0	2246	398	1266	0	178	118	2110	0	0	0	0	0	0	0	0	0	0	0	0	0	0	0	0	0	236	0	512	0	0	0	110	0	0	0	0	0	0	0	0	0	1646	932	3964	0	2952	0	678	176	548	0	3052	0	3156	0	0	0	0	0	0	0	0	0	0	0	0	0	0	0	0	0	0	0	0	0	0	0	0	0	0	0	0	0	0	0	0	0	
186968	Frontal_Mid_R	0	5738	742	24790	0	930	0	0	0	848	140	9692	130	14080	0	3536	0	1640	1080	4132	0	0	292	2422	0	0	0	0	232	9786	138	1644	0	1226	0	0	0	474	0	194	0	0	0	0	0	0	0	0	0	0	0	0	0	0	0	0	0	664	0	0	0	0	0	0	0	0	0	0	0	0	682	1934	0	3534	0	116	0	334	0	656	0	144	0	1534	0	0	0	0	0	0	0	0	0	0	0	0	0	0	0	0	0	0	0	0	0	0	0	0	0	0	0	0	0	0	0	0	
58200	Frontal_Mid_Orb_L	0	0	1516	0	10822	0	670	0	0	0	0	0	1404	0	10090	0	0	0	0	0	286	0	510	0	254	0	974	0	1972	0	288	0	0	0	0	0	0	0	0	0	0	0	0	0	0	0	0	0	0	0	0	0	0	0	0	0	0	0	0	0	0	0	0	0	0	0	0	0	0	0	0	0	140	0	0	0	0	0	0	0	0	0	174	0	0	0	0	0	0	0	0	0	0	0	0	0	0	0	0	0	0	0	0	0	0	0	0	0	0	0	0	0	0	0	0	0	
15828	Frontal_Mid_Orb_R	0	0	0	762	0	2592	0	848	0	0	0	0	0	0	0	3270	0	0	0	0	0	0	0	0	0	0	0	182	0	260	0	0	0	0	0	0	0	0	0	0	0	0	0	0	0	0	0	0	0	0	0	0	0	0	0	0	0	0	0	0	0	0	0	0	0	0	0	0	0	0	0	0	0	0	0	0	0	0	0	0	0	0	0	0	0	0	0	0	0	0	0	0	0	0	0	0	0	0	0	0	0	0	0	0	0	0	0	0	0	0	0	0	0	0	0	0	
278532	Frontal_Inf_Oper_L	11178	0	12402	630	214	0	7214	140	0	0	0	262	8440	254	178	0	20680	0	9382	396	0	0	4768	192	0	0	0	0	27114	324	3810	138	284	0	204	132	1646	0	0	0	0	0	0	0	0	0	0	0	0	0	0	0	0	0	162	0	1316	0	0	0	128	0	136	0	0	0	0	0	0	0	1316	130	2878	0	570	0	314	168	824	0	10104	0	11128	0	0	0	0	0	110	0	0	0	0	0	0	0	0	0	0	0	0	0	0	0	0	0	0	0	0	0	0	0	0	0	0	0	
240500	Frontal_Inf_Oper_R	0	6400	690	15520	0	100	0	9692	0	0	262	0	248	15130	0	340	0	4826	4252	13982	0	0	168	858	0	0	0	0	366	25420	98	2600	0	2762	0	0	0	1054	0	460	0	0	0	0	0	0	0	0	0	0	0	0	0	0	0	200	0	2062	0	0	0	0	0	0	0	0	0	0	0	0	1648	1026	274	3832	0	0	0	306	0	404	0	328	0	4942	0	0	0	0	0	0	0	0	0	0	0	0	0	0	0	0	0	0	0	0	0	0	0	0	0	0	0	0	0	0	0	0	
210136	Frontal_Inf_Tri_L	986	0	19622	278	2410	0	15232	130	1404	0	8440	248	0	248	8772	0	1318	0	7606	0	0	0	4098	98	0	0	0	0	24906	264	6008	0	282	0	0	0	126	0	0	0	0	0	0	0	0	0	0	0	0	0	0	0	0	0	0	0	318	0	0	0	0	0	0	0	0	0	0	0	0	0	1010	0	400	0	0	0	0	0	0	0	242	0	622	0	0	0	0	0	0	0	0	0	0	0	0	0	0	0	0	0	0	0	0	0	0	0	0	0	0	0	0	0	0	0	0	0	
171584	Frontal_Inf_Tri_R	0	0	312	14224	0	310	0	14080	0	0	254	15130	248	0	0	1558	0	0	1848	7052	0	0	390	2558	0	104	0	0	352	14194	150	5144	0	4016	0	0	0	0	0	0	0	0	0	0	0	0	0	0	0	0	0	0	0	0	0	0	0	0	0	0	0	0	0	0	0	0	0	0	0	0	1542	1166	274	886	0	0	0	0	0	0	0	0	0	0	0	0	0	0	0	0	0	0	0	0	0	0	0	0	0	0	0	0	0	0	0	0	0	0	0	0	0	0	0	0	0	0	
111080	Frontal_Inf_Orb_L	0	0	4524	0	10972	0	3744	0	10090	0	178	0	8772	0	0	0	0	0	1018	0	1008	190	512	0	0	0	744	142	9742	0	980	0	0	0	0	0	0	0	0	0	0	0	0	0	0	0	0	0	0	0	0	0	0	0	0	0	0	0	0	0	0	0	0	0	0	0	0	0	0	0	388	0	1926	0	0	0	0	0	0	0	0	0	610	0	0	0	0	0	0	0	0	0	0	0	0	0	0	0	0	0	0	0	0	0	0	0	0	0	0	0	0	0	0	0	0	0	
52048	Frontal_Inf_Orb_R	0	0	0	5290	0	3800	0	3536	0	3270	0	340	0	1558	0	0	0	0	0	228	0	1476	0	0	0	0	0	944	0	3964	0	0	0	0	0	0	0	0	0	0	0	158	0	0	0	0	0	0	0	0	0	0	0	0	0	0	0	0	0	0	0	0	0	0	0	0	0	0	0	0	0	238	0	548	0	0	0	0	0	0	0	196	0	478	0	0	0	0	0	0	0	0	0	0	0	0	0	0	0	0	0	0	0	0	0	0	0	0	0	0	0	0	0	0	0	0	
306884	Rolandic_Oper_L	9642	0	11558	430	0	0	4932	0	0	0	20680	0	1318	0	0	0	0	0	9504	400	0	0	2236	94	0	0	0	0	27720	0	1422	0	270	0	352	288	1458	162	0	0	0	0	0	0	0	0	0	0	154	0	2710	0	1780	0	1094	0	5916	0	122	0	372	0	1300	0	648	0	128	0	0	0	498	0	2896	0	768	0	370	232	4736	0	16608	0	10802	0	5830	0	0	0	4012	0	0	0	0	0	0	0	0	0	0	0	0	0	0	0	0	0	0	0	0	0	0	0	0	0	0	0	
151228	Rolandic_Oper_R	0	2308	554	10170	0	308	0	1640	0	0	0	4826	0	0	0	0	0	0	3806	9166	0	0	0	216	0	166	0	164	0	11830	0	284	0	0	0	0	0	930	0	216	0	0	0	0	0	0	0	0	0	0	0	0	0	0	0	260	0	4446	0	0	0	0	0	2814	0	0	0	0	0	0	864	840	0	5244	0	0	0	102	0	10294	0	2596	0	1446	0	0	0	0	0	124	0	0	0	0	0	0	0	0	0	0	0	0	0	0	0	0	0	0	0	0	0	0	0	0	0	0	
708508	Supp_Motor_Area_L	6602	2026	85884	22442	398	548	10282	1080	0	0	9382	4252	7606	1848	1018	0	9504	3806	0	53410	0	0	5432	6890	0	0	0	0	22974	4794	8990	8392	5778	20074	656	154	2364	278	0	130	0	0	0	0	0	0	0	0	0	0	0	0	0	0	498	0	2512	500	0	0	110	0	294	0	0	0	0	0	7970	444	8174	4874	8918	1596	820	0	376	1432	538	206	3532	548	2582	992	0	0	0	0	344	0	0	0	0	0	0	0	0	0	0	0	0	0	0	0	0	0	0	0	0	0	0	0	0	0	0	0	
929768	Supp_Motor_Area_R	14652	5752	20438	93962	0	624	3768	4132	0	0	396	13982	0	7052	0	228	400	9166	53410	0	0	0	1238	10936	0	120	0	94	1230	14834	1790	13130	4760	48898	3878	5224	3848	4784	828	438	0	196	0	666	0	126	168	682	0	0	0	284	0	0	118	216	228	1314	0	188	0	0	0	230	0	150	158	2160	13646	17972	2202	27910	408	6430	224	548	4282	32022	894	2004	150	1620	128	2372	0	552	0	0	0	644	0	0	0	0	0	0	0	0	0	0	0	0	0	0	0	0	0	0	0	0	0	0	0	0	0	0	
67772	Olfactory_L	0	0	0	0	1978	418	0	0	286	0	0	0	0	0	1008	0	0	0	0	0	0	5312	0	0	142	0	4940	2100	1682	0	3202	2954	0	0	0	0	152	0	536	0	626	0	0	0	0	0	0	0	0	0	0	0	0	0	0	0	0	0	0	0	0	0	0	0	0	0	0	0	0	0	4914	2876	550	116	0	0	0	0	0	0	0	0	94	0	0	0	0	0	0	0	0	0	0	0	0	0	0	0	0	0	0	0	0	0	0	0	0	0	0	0	0	0	0	0	0	0	
73680	Olfactory_R	0	0	0	356	330	1818	0	0	0	0	0	0	0	0	190	1476	0	0	0	0	5312	0	0	0	0	130	3836	4042	0	2924	2038	2366	0	0	0	0	0	250	0	368	0	1062	0	0	0	0	0	0	0	0	0	0	0	0	0	0	0	0	0	0	0	0	0	0	0	0	0	0	0	0	5884	3624	310	524	0	0	0	0	0	0	0	0	0	0	0	0	0	0	0	0	0	0	0	0	0	0	0	0	0	0	0	0	0	0	0	0	0	0	0	0	0	0	0	0	0	0	
235688	Frontal_Sup_Medial_L	406	0	30520	5666	1850	0	11800	292	510	0	4768	168	4098	390	512	0	2236	0	5432	1238	0	0	0	11756	358	0	0	0	7898	104	8922	7230	2230	4662	0	0	154	0	0	0	0	0	0	0	0	0	0	0	0	0	0	0	0	0	0	0	0	0	0	0	0	0	0	0	0	0	0	0	0	0	628	246	928	0	0	0	0	0	0	0	1098	0	1744	0	0	0	0	0	0	0	0	0	0	0	0	0	0	0	0	0	0	0	0	0	0	0	0	0	0	0	0	0	0	0	0	0	
292400	Frontal_Sup_Medial_R	526	0	1998	35982	0	4062	420	2422	0	0	192	858	98	2558	0	0	94	216	6890	10936	0	0	11756	0	0	2746	0	882	908	718	2430	25808	438	10164	0	0	94	228	0	124	0	0	0	0	0	0	0	0	0	0	0	0	0	0	0	0	108	0	0	0	0	0	0	0	0	0	0	0	0	0	4690	11958	900	4052	734	0	0	210	0	0	0	0	0	0	0	0	0	0	0	0	0	0	0	0	0	0	0	0	0	0	0	0	0	0	0	0	0	0	0	0	0	0	0	0	0	0	
11288	Frontal_Med_Orb_L	0	0	310	0	1822	0	0	0	254	0	0	0	0	0	0	0	0	0	0	0	142	0	358	0	0	396	768	0	0	0	1450	0	0	0	0	0	0	0	0	0	0	0	0	0	0	0	0	0	0	0	0	0	0	0	0	0	0	0	0	0	0	0	0	0	0	0	0	0	0	0	144	0	0	0	0	0	0	0	0	0	0	0	0	0	0	0	0	0	0	0	0	0	0	0	0	0	0	0	0	0	0	0	0	0	0	0	0	0	0	0	0	0	0	0	0	0	
72136	Frontal_Med_Orb_R	0	0	0	3272	246	7046	0	0	0	0	0	0	0	104	0	0	0	166	0	120	0	130	0	2746	396	0	0	6028	0	238	232	3428	0	0	0	0	0	314	0	184	0	0	0	0	0	0	0	0	0	0	0	0	0	0	0	0	0	0	0	0	0	0	0	0	0	0	0	0	0	0	0	5328	0	5960	0	130	0	0	0	0	0	0	0	0	0	0	0	0	0	0	0	0	0	0	0	0	0	0	0	0	0	0	0	0	0	0	0	0	0	0	0	0	0	0	0	0	
53136	Rectus_L	0	0	0	0	3198	324	0	0	974	0	0	0	0	0	744	0	0	0	0	0	4940	3836	0	0	768	0	0	1646	0	0	2762	2094	0	0	0	0	0	0	0	0	0	0	0	0	0	0	0	0	0	0	0	0	0	0	0	0	0	0	0	0	0	0	0	0	0	0	0	0	0	0	3322	1750	108	102	0	0	0	0	0	0	0	0	0	0	0	0	0	0	0	0	0	0	0	0	0	0	0	0	0	0	0	0	0	0	0	0	0	0	0	0	0	0	0	0	0	0	
89392	Rectus_R	0	0	0	3630	284	10070	0	0	0	182	0	0	0	0	142	944	0	164	0	94	2100	4042	0	882	0	6028	1646	0	0	1200	662	2474	0	0	0	0	0	254	0	124	0	0	0	0	0	0	0	0	0	0	0	0	0	0	0	0	0	0	0	0	0	0	0	0	0	0	0	0	0	0	1686	3590	0	4498	0	0	0	0	0	0	0	0	0	0	0	0	0	0	0	0	0	0	0	0	0	0	0	0	0	0	0	0	0	0	0	0	0	0	0	0	0	0	0	0	0	0	
650160	Insula_L	15722	0	37942	2338	7858	0	12032	232	1972	0	27114	366	24906	352	9742	0	27720	0	22974	1230	1682	0	7898	908	0	0	0	0	0	394	12488	850	568	0	1108	936	15986	564	1604	0	4062	0	0	0	0	0	0	0	0	0	1558	0	1212	0	2992	0	5956	0	0	0	972	0	1566	0	208	0	214	0	0	0	3700	826	16558	0	804	0	1542	882	7240	0	14110	0	13636	0	4478	0	0	0	4980	0	0	0	0	0	0	0	0	0	98	0	0	0	0	0	0	0	0	0	0	0	0	0	0	0	0	0	
370824	Insula_R	0	2270	560	20770	0	1724	0	9786	0	260	324	25420	264	14194	0	3964	0	11830	4794	14834	0	2924	104	718	0	238	0	1200	394	0	112	1688	0	2618	184	268	202	5646	0	1826	0	2450	0	0	0	0	0	126	0	0	0	0	0	0	0	1774	0	668	0	0	0	0	0	232	0	0	0	0	0	208	2374	2432	276	17378	0	0	0	2294	0	4130	0	8264	0	5954	0	4614	0	0	0	3122	0	0	0	0	0	0	0	0	0	0	0	0	0	0	0	0	0	0	0	0	0	0	0	0	0	0	
221732	Cingulum_Ant_L	278	0	11812	2406	2600	0	2246	138	288	0	3810	98	6008	150	980	0	1422	0	8990	1790	3202	2038	8922	2430	1450	232	2762	662	12488	112	0	9344	2306	3072	0	180	124	0	0	0	0	0	0	0	0	0	0	0	0	0	0	0	0	0	0	0	130	0	0	0	0	0	0	0	0	0	0	0	0	0	5530	3676	6890	386	98	0	216	0	0	0	526	0	1074	0	0	0	0	0	0	0	0	0	0	0	0	0	0	0	0	0	0	0	0	0	0	0	0	0	0	0	0	0	0	0	0	0	
361560	Cingulum_Ant_R	510	0	2376	26974	360	4062	398	1644	0	0	138	2600	0	5144	0	0	0	284	8392	13130	2954	2366	7230	25808	0	3428	2094	2474	850	1688	9344	0	1590	19578	0	338	94	702	0	364	0	0	0	0	0	0	0	0	0	0	0	0	0	0	0	140	108	0	0	0	0	0	0	0	0	0	0	0	0	0	6126	18360	944	7142	706	234	0	106	0	0	0	0	0	0	0	0	0	0	0	0	0	0	0	0	0	0	0	0	0	0	0	0	0	0	0	0	0	0	0	0	0	0	0	0	0	0	
117356	Cingulum_Mid_L	466	0	2640	700	0	0	1266	0	0	0	284	0	282	0	0	0	270	0	5778	4760	0	0	2230	438	0	0	0	0	568	0	2306	1590	0	8604	2526	1632	0	0	0	0	0	0	118	0	2822	0	0	0	2786	0	1906	0	0	0	0	0	578	0	2734	0	814	0	98	0	292	0	5498	868	2884	294	0	0	0	0	0	0	0	0	0	0	284	0	262	0	0	0	0	0	0	0	0	0	0	0	0	0	0	0	0	0	0	0	0	0	0	0	0	0	0	0	100	0	0	0	0	0	
534812	Cingulum_Mid_R	10160	10028	3850	12388	0	0	0	1226	0	0	0	2762	0	4016	0	0	0	0	20074	48898	0	0	4662	10164	0	0	0	0	0	2618	3072	19578	8604	0	1762	7754	0	628	0	114	0	0	0	3224	0	2460	0	1230	0	388	0	1816	0	638	0	542	0	12566	0	450	0	344	0	504	0	580	1750	13886	12326	31212	0	188	0	98	0	0	0	306	0	1714	0	2206	0	0	0	2718	0	0	0	3562	0	0	0	0	0	0	0	0	0	0	0	0	0	0	0	0	0	0	0	0	340	0	0	0	0	0	
157624	Cingulum_Post_L	3508	240	128	3136	0	0	178	0	0	0	204	0	0	0	0	0	352	0	656	3878	0	0	0	0	0	0	0	0	1108	184	0	0	2526	1762	0	8244	9078	4066	2818	410	0	0	4724	0	556	148	1700	126	200	0	742	0	134	0	368	0	318	0	258	0	0	0	0	0	0	0	8396	1116	6914	1214	100	96	0	0	0	0	2168	4404	1154	0	142	0	98	0	844	0	0	0	272	0	0	0	0	0	0	0	0	0	0	0	0	0	0	0	0	0	0	0	0	0	144	0	0	0	0	0	
201716	Cingulum_Post_R	2720	880	0	4678	0	0	118	0	0	0	132	0	0	0	0	0	288	0	154	5224	0	0	0	0	0	0	0	0	936	268	180	338	1632	7754	8244	0	6268	12000	1152	2872	0	0	0	2804	0	622	284	3378	0	0	0	328	0	146	210	310	242	1228	0	0	0	0	0	0	0	96	1604	14262	442	3516	98	0	0	0	0	0	3692	6596	956	178	0	162	0	0	0	536	0	0	0	1074	0	0	0	0	0	0	0	0	0	0	0	0	0	0	0	0	0	0	0	0	2256	0	0	0	0	0	
334096	Hippocampus_L	10692	232	3496	4504	234	0	2110	0	0	0	1646	0	126	0	0	0	1458	0	2364	3848	152	0	154	94	0	0	0	0	15986	202	124	94	0	0	9078	6268	0	4616	12780	522	9452	0	1824	0	0	0	3422	0	0	0	134	0	748	0	14906	0	1602	0	0	0	332	0	0	0	0	0	4602	382	0	0	256	182	8098	0	908	0	6100	6096	3680	0	3566	0	2750	0	2620	0	0	0	11106	0	792	0	0	0	0	0	1174	0	1404	0	0	0	0	0	132	0	0	0	0	0	0	0	0	0	0	0	
325448	Hippocampus_R	1570	3872	188	8662	0	674	0	474	0	0	0	1054	0	0	0	0	162	930	278	4784	0	250	0	228	0	314	0	254	564	5646	0	702	0	628	4066	12000	4616	0	780	25536	0	8662	0	1100	0	138	236	3774	0	0	0	94	0	0	226	24596	120	334	0	0	0	0	0	0	0	0	534	6328	0	682	384	888	0	13762	0	614	2032	7350	568	958	0	2194	0	744	0	1506	0	0	0	3250	0	668	0	0	0	98	0	636	0	1446	0	0	0	0	0	0	0	0	0	0	570	0	0	0	0	0	
103432	ParaHippocampal_L	1116	0	0	942	118	0	0	0	0	0	0	0	0	0	0	0	0	0	0	828	536	0	0	0	0	0	0	0	1604	0	0	0	0	0	2818	1152	12780	780	0	314	3084	0	1430	0	0	0	5010	398	0	0	142	0	144	0	6380	0	0	0	0	0	0	0	0	0	0	0	2802	0	0	0	0	0	768	0	0	0	1396	1236	0	0	96	0	980	0	156	0	202	0	1026	0	0	0	0	0	744	0	1820	0	188	0	0	0	0	0	0	0	0	0	254	472	0	0	0	0	0	0	
171160	ParaHippocampal_R	0	274	0	928	0	346	0	194	0	0	0	460	0	0	0	0	0	216	130	438	0	368	0	124	0	184	0	124	0	1826	0	364	0	114	410	2872	522	25536	314	0	0	4780	0	730	0	0	200	4554	0	0	0	0	0	0	0	17476	0	0	0	0	0	0	0	0	0	0	108	3044	0	100	216	444	0	5910	0	452	170	1606	0	222	0	656	0	1514	0	272	0	530	0	528	0	1070	0	0	240	166	296	1962	0	2040	0	0	0	0	0	0	0	0	0	250	300	0	0	0	0	0	
54948	Amygdala_L	276	0	0	0	0	0	0	0	0	0	0	0	0	0	0	0	0	0	0	0	626	0	0	0	0	0	0	0	4062	0	0	0	0	0	0	0	9452	0	3084	0	0	0	0	0	0	0	0	0	0	0	0	0	0	0	4074	0	0	0	0	0	0	0	0	0	0	0	0	0	0	0	0	0	332	0	0	0	284	0	0	0	0	0	2298	0	264	0	0	0	1868	0	130	0	0	0	0	0	334	0	290	0	0	0	0	0	100	0	0	0	0	0	0	0	0	0	0	0	
50700	Amygdala_R	0	0	0	196	0	0	0	0	0	0	0	0	0	0	0	158	0	0	0	196	0	1062	0	0	0	0	0	0	0	2450	0	0	0	0	0	0	0	8662	0	4780	0	0	0	0	0	0	0	0	0	0	0	0	0	0	0	5014	0	0	0	0	0	0	0	0	0	0	0	0	0	0	0	0	0	1422	0	0	0	190	0	0	0	0	0	1220	0	0	0	0	0	0	0	0	0	0	0	0	0	0	0	0	0	0	0	0	0	0	0	0	0	0	0	0	0	0	0	0	
296588	Calcarine_L	0	0	0	0	0	0	0	0	0	0	0	0	0	0	0	0	0	0	0	0	0	0	0	0	0	0	0	0	0	0	0	0	118	0	4724	0	1824	0	1430	0	0	0	0	9712	22238	5120	19184	5834	16874	924	23944	194	9422	222	2780	684	0	0	1004	0	0	0	0	0	632	0	16194	950	140	0	0	0	0	0	0	0	0	0	0	0	0	0	0	0	2886	0	0	0	990	140	0	0	0	0	0	0	0	0	0	130	0	0	0	0	0	0	0	0	0	0	0	0	0	0	0	0	
329320	Calcarine_R	128	1746	0	272	0	0	0	0	0	0	0	0	0	0	0	0	0	0	0	666	0	0	0	0	0	0	0	0	0	0	0	0	0	3224	0	2804	0	1100	0	730	0	0	9712	0	4990	27052	1818	24594	404	16404	0	14840	0	5970	0	8974	0	2666	0	488	0	144	0	0	0	812	2250	19976	0	3044	0	0	0	0	0	0	0	256	0	1400	0	110	0	0	0	1912	0	0	0	4522	0	252	0	0	0	0	0	0	0	1074	0	0	0	0	0	0	0	0	0	0	326	0	0	0	0	0	
238436	Cuneus_L	0	0	0	0	0	0	0	0	0	0	0	0	0	0	0	0	0	0	0	0	0	0	0	0	0	0	0	0	0	0	0	0	2822	0	556	0	0	0	0	0	0	0	22238	4990	0	9264	2398	788	27638	1272	13274	258	3730	0	620	0	0	0	3870	0	204	0	0	0	288	0	18994	3476	682	0	0	0	0	0	0	0	0	0	0	0	0	0	0	0	1210	0	0	0	646	0	0	0	0	0	0	0	0	0	0	0	0	0	0	0	0	0	0	0	0	0	0	0	0	0	0	0	
289264	Cuneus_R	0	300	0	0	0	0	0	0	0	0	0	0	0	0	0	0	0	0	0	126	0	0	0	0	0	0	0	0	0	0	0	0	0	2460	148	622	0	138	0	0	0	0	5120	27052	9264	0	208	5018	0	27488	0	12578	0	1018	0	2442	0	2680	0	7102	0	226	0	0	0	718	5388	28372	0	2706	0	0	0	0	0	0	0	140	0	180	0	0	0	0	0	1080	0	0	0	1306	0	204	0	0	0	0	0	0	0	400	0	0	0	0	0	0	0	0	0	0	148	0	0	0	0	0	
297136	Lingual_L	572	0	0	196	0	0	0	0	0	0	0	0	0	0	0	0	0	0	0	168	0	0	0	0	0	0	0	0	0	0	0	0	0	0	1700	284	3422	236	5010	200	0	0	19184	1818	2398	208	0	5602	3860	136	20380	0	14350	104	16076	1416	0	0	118	0	0	0	0	0	118	0	5896	0	0	0	0	0	98	0	0	0	732	368	0	0	0	0	0	0	798	0	0	0	540	0	5938	1136	510	0	332	0	10982	3096	10484	2102	0	0	0	0	0	0	0	0	312	490	5676	1522	0	0	0	0	
376264	Lingual_R	0	612	0	562	0	0	0	0	0	0	0	0	0	0	0	0	0	0	0	682	0	0	0	0	0	0	0	0	0	126	0	0	0	1230	126	3378	0	3774	398	4554	0	0	5834	24594	788	5018	5602	0	106	5122	0	5040	172	4854	1206	31400	0	778	0	0	0	0	0	382	0	180	360	7410	0	970	0	98	0	386	0	0	0	668	0	1234	0	316	0	0	0	188	0	0	0	2642	2104	9354	144	186	482	644	2894	9876	5298	14888	0	282	0	526	116	0	0	0	0	688	11836	7612	412	0	0	0	
334184	Occipital_Sup_L	0	0	0	0	0	0	0	0	0	0	0	0	0	0	0	0	154	0	0	0	0	0	0	0	0	0	0	0	0	0	0	0	2786	0	200	0	0	0	0	0	0	0	16874	404	27638	0	3860	106	0	0	42902	0	5184	0	910	0	2134	0	23978	0	9214	0	342	0	4748	0	18218	186	1704	0	0	0	0	0	0	0	0	0	0	0	1134	0	0	0	3482	0	0	0	934	0	0	0	0	0	0	0	0	0	0	0	0	0	0	0	0	0	0	0	0	0	0	0	0	0	0	0	
213048	Occipital_Sup_R	0	240	0	0	0	0	0	0	0	0	0	0	0	0	0	0	0	0	0	0	0	0	0	0	0	0	0	0	0	0	0	0	0	388	0	0	0	0	0	0	0	0	924	16404	1272	27488	136	5122	0	0	0	21238	0	1132	0	3476	0	836	0	9448	0	1464	0	0	0	4044	502	10522	0	266	0	0	0	0	0	0	0	108	0	0	0	0	0	0	0	304	0	0	0	584	0	136	0	0	0	0	0	0	0	490	0	0	0	0	0	0	0	0	0	0	0	0	0	0	0	0	
626788	Occipital_Mid_L	2006	0	0	0	0	0	0	0	0	0	0	0	0	0	0	0	2710	0	0	0	0	0	0	0	0	0	0	0	1558	0	0	0	1906	0	742	0	134	0	142	0	0	0	23944	0	13274	0	20380	0	42902	0	0	0	45440	0	18406	0	8722	0	24140	0	16618	0	1672	0	21432	0	17952	0	4662	0	0	0	0	0	0	0	0	0	918	0	3584	0	0	0	29560	0	0	0	10002	0	296	0	0	0	0	0	116	0	176	0	0	0	0	0	0	0	0	0	0	0	0	0	0	0	0	0	
210256	Occipital_Mid_R	0	1220	0	132	0	0	0	0	0	0	0	0	0	0	0	0	0	0	0	284	0	0	0	0	0	0	0	0	0	0	0	0	0	1816	0	328	0	94	0	0	0	0	194	14840	258	12578	0	5040	0	21238	0	0	0	4962	0	4018	0	1238	0	1902	0	592	0	0	0	11514	162	4930	0	1300	0	0	0	0	0	0	0	400	0	108	0	516	0	0	0	12848	0	0	0	2274	0	0	0	0	0	0	0	0	0	342	0	0	0	0	0	0	0	0	0	0	0	0	0	0	0	0	
302920	Occipital_Inf_L	1148	0	0	0	0	0	0	0	0	0	0	0	0	0	0	0	1780	0	0	0	0	0	0	0	0	0	0	0	1212	0	0	0	0	0	134	0	748	0	144	0	0	0	9422	0	3730	0	14350	172	5184	0	45440	0	0	0	24194	134	4156	0	1356	0	1096	0	674	0	2932	0	5076	0	1642	0	0	0	0	0	0	0	0	0	1618	0	1638	0	0	0	9082	0	0	0	9380	0	1286	0	0	0	0	0	1030	190	1848	126	0	0	0	0	0	0	0	0	0	0	386	152	0	0	0	0	
82780	Occipital_Inf_R	0	482	0	0	0	0	0	0	0	0	0	0	0	0	0	0	0	0	0	0	0	0	0	0	0	0	0	0	0	0	0	0	0	638	0	146	0	0	0	0	0	0	222	5970	0	1018	104	4854	0	1132	0	4962	0	0	0	6682	0	482	0	0	0	0	0	0	0	0	0	1642	0	562	0	0	0	0	0	0	0	166	0	174	0	0	0	0	0	2056	0	0	0	7634	0	230	0	0	0	0	0	140	138	1228	0	0	0	0	0	0	0	0	0	0	236	492	0	0	0	0	
490692	Fusiform_L	1248	0	602	124	0	0	236	0	0	0	162	0	0	0	0	0	1094	0	498	118	0	0	0	0	0	0	0	0	2992	0	0	0	0	0	368	210	14906	226	6380	0	4074	0	2780	0	620	0	16076	1206	910	0	18406	0	24194	0	0	1096	2668	0	414	0	804	0	388	0	2248	0	2418	112	966	0	0	0	990	0	0	0	366	194	1586	0	4150	0	2342	0	8946	0	1982	0	24482	0	27126	344	1026	0	508	0	19294	1308	36638	1098	220	0	354	0	352	0	0	0	0	0	2748	748	0	0	0	0	
493608	Fusiform_R	0	352	0	362	0	138	0	0	0	0	0	200	0	0	0	0	0	260	0	216	0	0	0	0	0	0	0	0	0	1774	0	140	0	542	0	310	0	24596	0	17476	0	5014	684	8974	0	2442	1416	31400	0	3476	0	4018	134	6682	1096	0	0	402	0	104	0	162	0	382	0	280	0	1622	0	464	0	152	0	4902	0	128	0	482	0	654	0	3274	0	7088	0	4060	0	2158	0	14288	1198	23612	0	1008	0	2218	1362	15360	3304	31714	0	678	0	1468	100	0	0	0	0	234	7534	4316	394	0	0	0	
278504	Postcentral_L	23140	0	4882	336	0	0	512	0	0	0	1316	0	318	0	0	0	5916	0	2512	228	0	0	0	108	0	0	0	0	5956	0	130	108	578	0	318	242	1602	120	0	0	0	0	0	0	0	0	0	0	2134	0	8722	0	4156	0	2668	0	0	0	8426	0	24786	0	9874	0	5334	0	2294	0	3646	0	1062	110	2998	0	394	0	1106	224	1858	0	2558	0	196	0	5806	0	0	0	2578	0	0	0	0	0	0	0	0	0	0	0	0	0	0	0	0	0	0	0	0	0	0	0	0	0	0	0	
285128	Postcentral_R	214	17708	300	884	0	0	0	664	0	0	0	2062	0	0	0	0	0	4446	500	1314	0	0	0	0	0	0	0	0	0	668	0	0	0	12566	0	1228	0	334	0	0	0	0	0	2666	0	2680	0	778	0	836	0	1238	0	482	0	402	0	0	0	6704	0	12426	0	10792	0	2574	0	16982	0	19934	338	492	0	248	0	0	0	884	0	3172	0	3488	0	0	0	7594	0	0	0	4966	0	0	0	0	0	0	0	0	0	0	0	0	0	0	0	0	0	0	0	0	0	0	0	0	0	0	
236804	Parietal_Sup_L	0	0	0	0	0	0	0	0	0	0	0	0	0	0	0	0	122	0	0	0	0	0	0	0	0	0	0	0	0	0	0	0	2734	0	258	0	0	0	0	0	0	0	1004	0	3870	0	118	0	23978	0	24140	0	1356	0	414	0	8426	0	0	0	20512	0	702	0	6116	0	18564	198	1856	0	0	0	0	0	0	0	0	0	0	0	688	0	0	0	2680	0	0	0	666	0	0	0	0	0	0	0	0	0	0	0	0	0	0	0	0	0	0	0	0	0	0	0	0	0	0	0	
95536	Parietal_Sup_R	100	236	0	0	0	0	0	0	0	0	0	0	0	0	0	0	0	0	0	188	0	0	0	0	0	0	0	0	0	0	0	0	0	450	0	0	0	0	0	0	0	0	0	488	0	7102	0	0	0	9448	0	1902	0	0	0	104	0	6704	0	0	0	5484	0	182	0	3952	0	9844	0	802	0	0	0	0	0	0	0	396	0	0	0	0	0	0	0	100	0	0	0	286	0	0	0	0	0	0	0	0	0	0	0	0	0	0	0	0	0	0	0	0	0	0	0	0	0	0	
280632	Parietal_Inf_L	5974	0	110	0	0	0	110	0	0	0	128	0	0	0	0	0	372	0	110	0	0	0	0	0	0	0	0	0	972	0	0	0	814	0	0	0	332	0	0	0	0	0	0	0	204	0	0	0	9214	0	16618	0	1096	0	804	0	24786	0	20512	0	0	0	20020	0	17852	0	3328	0	1490	0	164	0	0	0	0	0	0	0	0	0	2386	0	126	0	11220	0	0	0	1574	0	0	0	0	0	0	0	0	0	0	0	0	0	0	0	0	0	0	0	0	0	0	0	0	0	0	0	
96248	Parietal_Inf_R	0	1064	0	462	0	0	0	0	0	0	0	0	0	0	0	0	0	0	0	0	0	0	0	0	0	0	0	0	0	0	0	0	0	344	0	0	0	0	0	0	0	0	0	144	0	226	0	0	0	1464	0	592	0	0	0	162	0	12426	0	5484	0	0	0	9982	0	9482	0	1010	0	870	212	0	0	0	0	0	0	0	0	240	0	1332	0	0	0	1638	0	0	0	990	0	0	0	0	0	0	0	0	0	0	0	0	0	0	0	0	0	0	0	0	0	0	0	0	0	0	
128288	SupraMarginal_L	834	0	294	0	0	0	0	0	0	0	136	0	0	0	0	0	1300	0	294	0	0	0	0	0	0	0	0	0	1566	0	0	0	98	0	0	0	0	0	0	0	0	0	0	0	0	0	0	0	342	0	1672	0	674	0	388	0	9874	0	702	0	20020	0	0	0	9474	0	130	0	0	0	142	0	0	0	0	0	0	0	0	0	4896	0	134	0	10016	0	0	0	1158	0	0	0	0	0	0	0	0	0	0	0	0	0	0	0	0	0	0	0	0	0	0	0	0	0	0	0	
95168	SupraMarginal_R	102	1594	0	534	0	0	0	0	0	0	0	0	0	0	0	0	0	2814	0	230	0	0	0	0	0	0	0	0	0	232	0	0	0	504	0	0	0	0	0	0	0	0	0	0	0	0	0	382	0	0	0	0	0	0	0	382	0	10792	0	182	0	9982	0	0	0	5466	0	0	0	800	190	0	0	0	0	0	0	0	0	2640	0	6074	0	0	0	780	0	0	0	3904	0	0	0	0	0	0	0	0	0	0	0	0	0	0	0	0	0	0	0	0	0	0	0	0	0	0	
226092	Angular_L	202	0	0	0	0	0	0	0	0	0	0	0	0	0	0	0	648	0	0	0	0	0	0	0	0	0	0	0	208	0	0	0	292	0	0	0	0	0	0	0	0	0	632	0	288	0	118	0	4748	0	21432	0	2932	0	2248	0	5334	0	6116	0	17852	0	9474	0	0	0	2256	0	1606	0	0	0	0	0	0	0	0	0	134	0	3614	0	0	0	27366	0	0	0	5546	0	0	0	0	0	0	0	0	0	0	0	0	0	0	0	0	0	0	0	0	0	0	0	0	0	0	0	
120804	Angular_R	0	468	0	0	0	0	0	0	0	0	0	0	0	0	0	0	0	0	0	150	0	0	0	0	0	0	0	0	0	0	0	0	0	580	0	96	0	0	0	0	0	0	0	812	0	718	0	180	0	4044	0	11514	0	0	0	280	0	2574	0	3952	0	9482	0	5466	0	0	0	840	0	686	0	0	0	0	0	0	0	0	0	298	0	5308	0	0	0	11562	0	0	0	1392	0	0	0	0	0	0	0	0	0	0	0	0	0	0	0	0	0	0	0	0	0	0	0	0	0	0	
333868	Precuneus_L	178	0	0	100	0	0	0	0	0	0	0	0	0	0	0	0	128	0	0	158	0	0	0	0	0	0	0	0	214	0	0	0	5498	1750	8396	1604	4602	534	2802	108	0	0	16194	2250	18994	5388	5896	360	18218	502	17952	162	5076	0	2418	0	2294	0	18564	0	3328	0	130	0	2256	0	0	8764	3194	398	0	0	0	0	0	0	0	214	202	0	166	0	0	0	5158	0	0	0	2528	0	0	0	0	0	0	0	0	0	0	0	0	0	0	0	0	0	0	0	0	0	256	0	0	0	0	0	
385644	Precuneus_R	434	2726	0	228	0	0	0	0	0	0	0	0	0	0	0	0	0	0	0	2160	0	0	0	0	0	0	0	0	0	0	0	0	868	13886	1116	14262	382	6328	0	3044	0	0	950	19976	3476	28372	0	7410	186	10522	0	4930	0	1642	112	1622	0	16982	198	9844	0	1010	0	0	0	840	8764	0	138	17000	0	144	0	0	0	0	0	1416	0	842	0	150	0	0	0	3338	0	0	0	4568	0	0	0	0	0	0	0	96	0	0	0	0	0	0	0	0	0	0	0	0	2860	0	0	0	0	0	
184252	Paracentral_Lobule_L	12858	482	118	704	0	0	0	0	0	0	0	0	0	0	0	0	0	0	7970	13646	0	0	0	0	0	0	0	0	0	0	0	0	2884	12326	6914	442	0	0	0	0	0	0	140	0	682	0	0	0	1704	0	4662	0	1642	0	966	0	3646	0	1856	0	1490	0	0	0	1606	0	3194	138	0	6444	0	306	0	0	0	0	110	516	0	0	0	0	0	0	3228	0	0	0	1452	0	0	0	0	0	0	0	0	0	0	0	0	0	0	0	0	0	0	0	0	0	0	0	0	0	0	0	
277524	Paracentral_Lobule_R	6398	9832	0	234	0	0	0	0	0	0	0	0	0	0	0	0	0	0	444	17972	0	0	0	0	0	0	0	0	0	208	0	0	294	31212	1214	3516	0	682	0	100	0	0	0	3044	0	2706	0	970	0	266	0	1300	0	562	0	464	0	19934	0	802	0	870	0	800	0	686	398	17000	6444	0	0	0	0	0	0	0	0	484	0	1702	0	2148	0	0	0	2550	0	0	0	3416	0	0	0	0	0	0	0	0	0	0	0	0	0	0	0	0	0	0	0	0	110	0	0	0	0	0	
231564	Caudate_L	4426	654	10706	7206	494	466	1646	682	0	0	1316	1648	1010	1542	388	0	498	864	8174	2202	4914	5884	628	4690	144	0	3322	1686	3700	2374	5530	6126	0	0	100	98	256	384	0	216	0	0	0	0	0	0	0	0	0	0	0	0	0	0	0	0	1062	338	0	0	164	212	142	190	0	0	0	0	0	0	0	11878	8664	588	1958	0	4628	1370	0	238	124	0	252	0	0	0	0	0	0	0	0	0	0	0	0	0	0	0	0	0	0	0	0	0	0	0	0	0	0	0	0	0	0	0	0	0	
393956	Caudate_R	1468	2300	2320	38768	348	5818	932	1934	0	0	130	1026	0	1166	0	238	0	840	4874	27910	2876	3624	246	11958	0	5328	1750	3590	826	2432	3676	18360	0	188	96	0	182	888	0	444	0	0	0	0	0	0	0	98	0	0	0	0	0	0	0	152	110	492	0	0	0	0	0	0	0	0	0	144	306	0	11878	0	1336	14852	850	1646	352	18104	0	0	0	122	0	0	0	0	0	0	0	0	0	0	0	0	0	0	0	0	0	0	0	0	0	0	0	0	0	0	0	0	0	0	0	0	0	0	
232424	Putamen_L	9514	0	15372	1282	2570	0	3964	0	140	0	2878	274	400	274	1926	0	2896	0	8918	408	550	310	928	900	0	0	108	0	16558	276	6890	944	0	0	0	0	8098	0	768	0	332	0	0	0	0	0	98	0	0	0	0	0	0	0	990	0	2998	0	0	0	0	0	0	0	0	0	0	0	0	0	8664	1336	0	0	7464	0	2708	136	266	0	1856	0	2056	0	0	0	0	0	162	0	0	0	0	0	0	0	0	0	0	0	0	0	0	0	0	0	0	0	0	0	0	0	0	0	0	0	
275936	Putamen_R	0	1730	280	15848	0	8158	0	3534	0	0	0	3832	0	886	0	548	0	5244	1596	6430	116	524	0	4052	0	5960	102	4498	0	17378	386	7142	0	98	0	0	0	13762	0	5910	0	1422	0	0	0	0	0	386	0	0	0	0	0	0	0	4902	0	248	0	0	0	0	0	0	0	0	0	0	0	0	588	14852	0	0	0	1672	0	952	0	1008	0	2434	0	390	0	560	0	0	0	436	0	0	0	0	0	0	0	0	0	104	0	0	0	0	0	0	0	0	0	0	0	0	0	0	0	0	
57784	Pallidum_L	1948	0	4852	898	0	0	2952	0	0	0	570	0	0	0	0	0	768	0	820	224	0	0	0	734	0	0	0	0	804	0	98	706	0	0	0	0	908	0	0	0	0	0	0	0	0	0	0	0	0	0	0	0	0	0	0	0	394	0	0	0	0	0	0	0	0	0	0	0	0	0	1958	850	7464	0	0	0	1298	0	0	0	428	0	218	0	0	0	0	0	0	0	0	0	0	0	0	0	0	0	0	0	0	0	0	0	0	0	0	0	0	0	0	0	0	0	0	0	
16132	Pallidum_R	0	126	96	1890	0	212	0	116	0	0	0	0	0	0	0	0	0	0	0	548	0	0	0	0	0	130	0	0	0	0	0	234	0	0	0	0	0	614	0	452	0	0	0	0	0	0	0	0	0	0	0	0	0	0	0	128	0	0	0	0	0	0	0	0	0	0	0	0	0	0	0	1646	0	1672	0	0	0	202	0	0	0	0	0	0	0	0	0	0	0	0	0	0	0	0	0	0	0	0	0	0	0	0	0	0	0	0	0	0	0	0	0	0	0	0	0	0	
172196	Thalamus_L	29934	592	3026	5064	0	0	678	0	0	0	314	0	0	0	0	0	370	0	376	4282	0	0	0	0	0	0	0	0	1542	0	216	0	0	0	2168	3692	6100	2032	1396	170	284	0	0	0	0	0	732	0	0	0	0	0	0	0	366	0	1106	0	0	0	0	0	0	0	0	0	0	0	110	0	4628	352	2708	0	1298	0	0	10432	1030	0	260	0	114	0	176	0	0	0	386	0	0	0	0	0	0	0	164	0	0	0	0	0	0	0	0	0	0	0	0	0	0	0	0	0	0	0	
305520	Thalamus_R	5182	3064	766	34534	0	0	176	334	0	0	168	306	0	0	0	0	232	102	1432	32022	0	0	0	210	0	0	0	0	882	2294	0	106	0	306	4404	6596	6096	7350	1236	1606	0	190	0	256	0	140	368	668	0	108	0	400	0	166	194	482	224	884	0	396	0	0	0	0	0	0	214	1416	516	484	1370	18104	136	952	0	202	10432	0	894	226	0	680	0	0	0	2278	0	0	0	976	0	0	0	0	0	0	0	0	0	0	0	0	0	0	0	0	0	0	0	0	0	0	0	0	0	0	
94012	Heschl_L	3520	0	602	912	0	0	548	0	0	0	824	0	0	0	0	0	4736	0	538	894	0	0	0	0	0	0	0	0	7240	0	0	0	0	0	1154	956	3680	568	0	0	0	0	0	0	0	0	0	0	0	0	918	0	1618	0	1586	0	1858	0	0	0	0	0	0	0	134	0	202	0	0	0	0	0	266	0	0	0	1030	894	0	0	3468	0	380	0	4364	0	0	0	4116	0	0	0	0	0	0	0	0	0	0	0	0	0	0	0	0	0	0	0	0	0	0	0	0	0	0	0	
114108	Heschl_R	0	1772	136	3702	0	0	0	656	0	0	0	404	0	0	0	0	0	10294	206	2004	0	0	0	0	0	0	0	0	0	4130	0	0	0	1714	0	178	0	958	0	222	0	0	0	1400	0	180	0	1234	0	0	0	108	0	174	0	654	0	3172	0	0	0	240	0	2640	0	298	0	842	0	1702	238	0	0	1008	0	0	0	226	0	0	0	8880	0	146	0	3798	0	0	0	3738	0	0	0	0	0	0	0	0	0	0	0	0	0	0	0	0	0	0	0	0	0	0	0	0	0	0	
300464	Temporal_Sup_L	4872	0	4250	110	0	0	3052	0	0	0	10104	0	242	0	0	0	16608	0	3532	150	0	0	1098	0	0	0	0	0	14110	0	526	0	284	0	142	0	3566	0	96	0	0	0	0	0	0	0	0	0	1134	0	3584	0	1638	0	4150	0	2558	0	688	0	2386	0	4896	0	3614	0	166	0	0	0	124	0	1856	0	428	0	260	0	3468	0	0	0	10324	0	27990	0	0	0	17694	0	104	0	0	0	0	0	130	0	298	0	0	0	0	0	0	0	0	0	0	0	0	0	0	0	0	0	
175324	Temporal_Sup_R	392	1506	0	734	0	100	0	144	0	0	0	328	0	0	0	196	0	2596	548	1620	0	0	0	0	0	0	0	0	0	8264	0	0	0	2206	0	162	0	2194	0	656	0	0	0	110	0	0	0	316	0	0	0	516	0	0	0	3274	0	3488	0	0	0	1332	0	6074	0	5308	0	150	0	2148	0	122	0	2434	0	0	0	680	0	8880	0	0	0	4442	0	20162	0	0	0	6406	0	0	0	0	0	0	0	0	0	174	0	0	0	0	0	0	0	0	0	0	0	0	0	0	0	0	
175424	Temporal_Pole_Sup_L	3560	0	3348	176	184	0	3156	0	174	0	11128	0	622	0	610	0	10802	0	2582	128	94	0	1744	0	0	0	0	0	13636	0	1074	0	262	0	98	0	2750	0	980	0	2298	0	0	0	0	0	0	0	0	0	0	0	0	0	2342	0	196	0	0	0	126	0	134	0	0	0	0	0	0	0	252	0	2056	0	218	0	114	0	380	0	10324	0	0	0	5032	0	2070	0	5062	0	0	0	0	0	0	0	0	0	0	0	0	0	0	0	0	0	0	0	0	0	0	0	0	0	0	0	
93120	Temporal_Pole_Sup_R	0	0	104	2774	0	0	0	1534	0	0	0	4942	0	0	0	478	0	1446	992	2372	0	0	0	0	0	0	0	0	0	5954	0	0	0	0	0	0	0	744	0	1514	0	1220	0	0	0	0	0	0	0	0	0	0	0	0	0	7088	0	0	0	0	0	0	0	0	0	0	0	0	0	0	0	0	0	390	0	0	0	0	0	146	0	4442	0	0	0	2476	0	3188	0	4756	0	0	0	0	0	0	0	0	0	0	0	0	0	0	0	0	0	0	0	0	0	0	0	0	0	0	
451672	Temporal_Mid_L	2500	0	0	0	0	0	0	0	0	0	0	0	0	0	0	0	5830	0	0	0	0	0	0	0	0	0	0	0	4478	0	0	0	0	0	844	0	2620	0	156	0	264	0	2886	0	1210	0	798	0	3482	0	29560	0	9082	0	8946	0	5806	0	2680	0	11220	0	10016	0	27366	0	5158	0	3228	0	0	0	0	0	0	0	176	0	4364	0	27990	0	5032	0	0	0	1738	0	48096	0	0	0	0	0	0	0	0	0	310	0	0	0	0	0	0	0	0	0	0	0	0	0	0	0	0	0	
240608	Temporal_Mid_R	154	2146	0	312	0	0	0	0	0	0	0	0	0	0	0	0	0	0	0	552	0	0	0	0	0	0	0	0	0	4614	0	0	0	2718	0	536	0	1506	0	272	0	0	0	1912	0	1080	0	188	0	304	0	12848	0	2056	0	4060	0	7594	0	100	0	1638	0	780	0	11562	0	3338	0	2550	0	0	0	560	0	0	0	2278	0	3798	0	20162	0	2476	0	0	0	2918	0	25292	0	0	0	0	0	0	0	0	0	0	0	0	0	0	0	0	0	0	0	0	0	0	0	0	0	0	
17156	Temporal_Pole_Mid_L	0	0	0	0	0	0	0	0	0	0	0	0	0	0	0	0	0	0	0	0	0	0	0	0	0	0	0	0	0	0	0	0	0	0	0	0	0	0	202	0	0	0	0	0	0	0	0	0	0	0	0	0	0	0	1982	0	0	0	0	0	0	0	0	0	0	0	0	0	0	0	0	0	0	0	0	0	0	0	0	0	0	0	2070	0	1738	0	0	0	2586	0	0	0	0	0	0	0	0	0	0	0	0	0	0	0	0	0	0	0	0	0	0	0	0	0	0	0	
24232	Temporal_Pole_Mid_R	0	0	0	0	0	0	0	0	0	0	0	0	0	0	0	0	0	0	0	0	0	0	0	0	0	0	0	0	0	0	0	0	0	0	0	0	0	0	0	530	0	0	0	0	0	0	0	0	0	0	0	0	0	0	0	2158	0	0	0	0	0	0	0	0	0	0	0	0	0	0	0	0	0	0	0	0	0	0	0	0	0	0	0	3188	0	2918	0	0	0	3322	0	0	0	0	0	0	0	0	0	0	0	0	0	0	0	0	0	0	0	0	0	0	0	0	0	0	
359520	Temporal_Inf_L	1622	0	378	0	0	0	0	0	0	0	110	0	0	0	0	0	4012	0	344	0	0	0	0	0	0	0	0	0	4980	0	0	0	0	0	272	0	11106	0	1026	0	1868	0	990	0	646	0	540	0	934	0	10002	0	9380	0	24482	0	2578	0	666	0	1574	0	1158	0	5546	0	2528	0	1452	0	0	0	162	0	0	0	386	0	4116	0	17694	0	5062	0	48096	0	2586	0	0	0	6366	0	700	0	0	0	1582	0	4068	0	328	0	264	0	156	0	0	0	0	0	0	0	0	0	0	0	
231552	Temporal_Inf_R	150	2722	0	348	0	0	0	0	0	0	0	0	0	0	0	0	0	124	0	644	0	0	0	0	0	0	0	0	0	3122	0	0	0	3562	0	1074	0	3250	0	528	0	0	140	4522	0	1306	0	2642	0	584	0	2274	0	7634	0	14288	0	4966	0	286	0	990	0	3904	0	1392	0	4568	0	3416	0	0	0	436	0	0	0	976	0	3738	0	6406	0	4756	0	25292	0	3322	0	0	0	2198	0	0	0	0	0	0	0	216	0	0	0	0	0	0	0	0	0	0	0	0	0	0	0	0	
532784	Cerebelum_Crus1_L	0	0	0	0	0	0	0	0	0	0	0	0	0	0	0	0	0	0	0	0	0	0	0	0	0	0	0	0	0	0	0	0	0	0	0	0	792	0	0	0	130	0	0	0	0	0	5938	2104	0	0	296	0	1286	0	27126	1198	0	0	0	0	0	0	0	0	0	0	0	0	0	0	0	0	0	0	0	0	0	0	0	0	104	0	0	0	0	0	0	0	6366	0	0	1194	35982	3702	2024	336	22926	1958	63598	3038	19586	640	21828	4498	8784	2300	1736	396	310	1662	6334	5228	7058	2846	2280	808	
453196	Cerebelum_Crus1_R	0	0	0	0	0	0	0	0	0	0	0	0	0	0	0	0	0	0	0	0	0	0	0	0	0	0	0	0	0	0	0	0	0	0	0	0	0	668	0	1070	0	0	0	252	0	204	1136	9354	0	136	0	0	0	230	344	23612	0	0	0	0	0	0	0	0	0	0	0	0	0	0	0	0	0	0	0	0	0	0	0	0	0	0	0	0	0	0	0	0	0	2198	1194	0	196	31138	0	2612	3038	19276	3122	61876	104	11844	166	18004	198	1874	0	198	272	2600	11618	10066	5340	1224	1194	240	
283640	Cerebelum_Crus2_L	0	0	0	0	0	0	0	0	0	0	0	0	0	0	0	0	0	0	0	0	0	0	0	0	0	0	0	0	0	0	0	0	0	0	0	0	0	0	0	0	0	0	0	0	0	0	510	144	0	0	0	0	0	0	1026	0	0	0	0	0	0	0	0	0	0	0	0	0	0	0	0	0	0	0	0	0	0	0	0	0	0	0	0	0	0	0	0	0	700	0	35982	196	0	3958	272	120	780	132	5932	402	36360	2008	32682	3604	6562	558	796	0	0	238	160	1102	4604	2190	596	206	
297280	Cerebelum_Crus2_R	0	0	0	0	0	0	0	0	0	0	0	0	0	0	0	0	0	0	0	0	0	0	0	0	0	0	0	0	0	0	0	0	0	0	0	0	0	0	0	0	0	0	0	0	0	0	0	186	0	0	0	0	0	0	0	1008	0	0	0	0	0	0	0	0	0	0	0	0	0	0	0	0	0	0	0	0	0	0	0	0	0	0	0	0	0	0	0	0	0	0	3702	31138	3958	0	0	528	0	930	394	9888	3646	30044	2804	35538	544	5880	0	246	174	622	230	1912	9534	3782	1688	264	
52888	Cerebelum_3_L	0	0	0	0	0	0	0	0	0	0	0	0	0	0	0	0	0	0	0	0	0	0	0	0	0	0	0	0	0	0	0	0	0	0	0	0	0	0	744	240	0	0	0	0	0	0	332	482	0	0	0	0	0	0	508	0	0	0	0	0	0	0	0	0	0	0	0	0	0	0	0	0	0	0	0	0	0	0	0	0	0	0	0	0	0	0	0	0	0	0	2024	0	272	0	0	108	9486	0	2800	106	0	0	120	0	1276	106	0	0	1390	5376	582	282	96	0	0	114	
86424	Cerebelum_3_R	0	0	0	0	0	0	0	0	0	0	0	0	0	0	0	0	0	0	0	0	0	0	0	0	0	0	0	0	0	0	0	0	0	0	0	0	0	98	0	166	0	0	0	0	0	0	0	644	0	0	0	0	0	0	0	2218	0	0	0	0	0	0	0	0	0	0	0	0	0	0	0	0	0	0	0	0	0	0	0	0	0	0	0	0	0	0	0	0	0	0	336	2612	120	528	108	0	542	6502	622	7438	96	388	258	862	312	1918	0	114	1338	6192	1372	2584	1604	1690	1928	622	
329844	Cerebelum_4_5_L	0	0	0	0	0	0	0	0	0	0	0	0	0	0	0	0	0	0	0	0	0	0	0	0	0	0	0	0	0	0	0	0	0	0	0	0	1174	0	1820	296	334	0	0	0	0	0	10982	2894	0	0	116	0	1030	0	19294	1362	0	0	0	0	0	0	0	0	0	0	0	0	0	0	0	0	0	0	0	0	164	0	0	0	130	0	0	0	0	0	0	0	1582	0	22926	3038	780	0	9486	542	0	5416	39190	5226	470	0	924	0	4032	608	416	0	2482	6278	16672	3026	216	194	260	1562	
287524	Cerebelum_4_5_R	0	0	0	0	0	0	0	0	0	0	0	0	0	0	0	0	0	0	0	0	0	0	0	0	0	0	0	0	0	0	0	0	0	0	0	0	0	636	0	1962	0	0	0	0	0	0	3096	9876	0	0	0	0	190	140	1308	15360	0	0	0	0	0	0	0	0	0	0	0	96	0	0	0	0	0	0	0	0	0	0	0	0	0	0	0	0	0	0	0	0	0	0	1958	19276	132	930	0	6502	5416	0	4148	33686	0	666	0	1690	248	1542	0	0	350	4194	19764	4856	2098	1780	1708	154	
491452	Cerebelum_6_L	0	0	0	0	0	0	0	0	0	0	0	0	0	0	0	0	0	0	0	0	0	0	0	0	0	0	0	0	98	0	0	0	0	0	0	0	1404	0	188	0	290	0	0	0	0	0	10484	5298	0	0	176	0	1848	138	36638	3304	0	0	0	0	0	0	0	0	0	0	0	0	0	0	0	0	0	0	0	0	0	0	0	0	298	0	0	0	310	0	0	0	4068	0	63598	3122	5932	394	2800	622	39190	4148	0	5988	3984	118	5138	796	6704	2384	1654	266	630	2428	12036	10302	2852	1760	2088	2250	
513376	Cerebelum_6_R	0	0	0	0	0	0	0	0	0	0	0	0	0	0	0	0	0	0	0	0	0	0	0	0	0	0	0	0	0	0	0	0	0	0	0	0	0	1446	0	2040	0	0	130	1074	0	400	2102	14888	0	490	0	342	126	1228	1098	31714	0	0	0	0	0	0	0	0	0	0	0	0	0	0	0	0	0	104	0	0	0	0	0	0	0	174	0	0	0	0	0	0	0	216	3038	61876	402	9888	106	7438	5226	33686	5988	0	252	4754	334	8612	290	3078	0	434	618	5040	18224	16030	6512	3312	3496	482	
272524	Cerebelum_7b_L	0	0	0	0	0	0	0	0	0	0	0	0	0	0	0	0	0	0	0	0	0	0	0	0	0	0	0	0	0	0	0	0	0	0	0	0	0	0	0	0	0	0	0	0	0	0	0	0	0	0	0	0	0	0	220	0	0	0	0	0	0	0	0	0	0	0	0	0	0	0	0	0	0	0	0	0	0	0	0	0	0	0	0	0	0	0	0	0	328	0	19586	104	36360	3646	0	96	470	0	3984	252	0	2226	39388	4262	10756	1400	792	232	0	160	0	444	5106	4710	1408	332	
223604	Cerebelum_7b_R	0	0	0	0	0	0	0	0	0	0	0	0	0	0	0	0	0	0	0	0	0	0	0	0	0	0	0	0	0	0	0	0	0	0	0	0	0	0	0	0	0	0	0	0	0	0	0	282	0	0	0	0	0	0	0	678	0	0	0	0	0	0	0	0	0	0	0	0	0	0	0	0	0	0	0	0	0	0	0	0	0	0	0	0	0	0	0	0	0	0	640	11844	2008	30044	0	388	0	666	118	4754	2226	0	1716	35390	456	11024	0	130	0	468	282	1398	2616	3228	1312	134	
317028	Cerebelum_8_L	0	0	0	0	0	0	0	0	0	0	0	0	0	0	0	0	0	0	0	0	0	0	0	0	0	0	0	0	0	0	0	0	0	0	0	0	0	0	0	0	0	0	0	0	0	0	0	0	0	0	0	0	0	0	354	0	0	0	0	0	0	0	0	0	0	0	0	0	0	0	0	0	0	0	0	0	0	0	0	0	0	0	0	0	0	0	0	0	264	0	21828	166	32682	2804	120	258	924	0	5138	334	39388	1716	0	4776	24760	2680	2558	290	148	372	0	924	5470	6662	3106	792	
339224	Cerebelum_8_R	0	0	0	0	0	0	0	0	0	0	0	0	0	0	0	0	0	0	0	0	0	0	0	0	0	0	0	0	0	0	0	0	0	0	0	0	0	0	0	0	0	0	0	0	0	0	0	526	0	0	0	0	0	0	0	1468	0	0	0	0	0	0	0	0	0	0	0	0	0	0	0	0	0	0	0	0	0	0	0	0	0	0	0	0	0	0	0	0	0	0	4498	18004	3604	35538	0	862	0	1690	796	8612	4262	35390	4776	0	1380	21796	0	404	176	1038	486	2848	10826	6846	3300	486	
176304	Cerebelum_9_L	0	0	0	0	0	0	0	0	0	0	0	0	0	0	0	0	0	0	0	0	0	0	0	0	0	0	0	0	0	0	0	0	0	0	0	0	132	0	0	0	100	0	0	0	0	0	0	116	0	0	0	0	0	0	352	100	0	0	0	0	0	0	0	0	0	0	0	0	0	0	0	0	0	0	0	0	0	0	0	0	0	0	0	0	0	0	0	0	156	0	8784	198	6562	544	1276	312	4032	248	6704	290	10756	456	24760	1380	0	3210	4510	0	258	904	850	2174	1784	1948	3080	2176	
196180	Cerebelum_9_R	0	0	0	0	0	0	0	0	0	0	0	0	0	0	0	0	0	0	0	0	0	0	0	0	0	0	0	0	0	0	0	0	0	0	0	0	0	0	0	0	0	0	0	0	0	0	0	0	0	0	0	0	0	0	0	0	0	0	0	0	0	0	0	0	0	0	0	0	0	0	0	0	0	0	0	0	0	0	0	0	0	0	0	0	0	0	0	0	0	0	2300	1874	558	5880	106	1918	608	1542	2384	3078	1400	11024	2680	21796	3210	0	182	1618	860	2252	800	6390	6368	6902	8760	3600	
28072	Cerebelum_10_L	0	0	0	0	0	0	0	0	0	0	0	0	0	0	0	0	0	0	0	0	0	0	0	0	0	0	0	0	0	0	0	0	0	0	0	0	0	0	0	0	0	0	0	0	0	0	0	0	0	0	0	0	0	0	0	0	0	0	0	0	0	0	0	0	0	0	0	0	0	0	0	0	0	0	0	0	0	0	0	0	0	0	0	0	0	0	0	0	0	0	1736	0	796	0	0	0	416	0	1654	0	792	0	2558	0	4510	182	0	0	0	0	0	352	418	162	342	118	
16048	Cerebelum_10_R	0	0	0	0	0	0	0	0	0	0	0	0	0	0	0	0	0	0	0	0	0	0	0	0	0	0	0	0	0	0	0	0	0	0	0	0	0	0	0	0	0	0	0	0	0	0	0	0	0	0	0	0	0	0	0	0	0	0	0	0	0	0	0	0	0	0	0	0	0	0	0	0	0	0	0	0	0	0	0	0	0	0	0	0	0	0	0	0	0	0	396	198	0	246	0	114	0	0	266	434	232	130	290	404	0	1618	0	0	0	114	0	580	864	1050	1088	0	
47760	Vermis_1_2	0	0	0	0	0	0	0	0	0	0	0	0	0	0	0	0	0	0	0	0	0	0	0	0	0	0	0	0	0	0	0	0	0	0	0	0	0	0	254	0	0	0	0	0	0	0	312	0	0	0	0	0	0	0	0	0	0	0	0	0	0	0	0	0	0	0	0	0	0	0	0	0	0	0	0	0	0	0	0	0	0	0	0	0	0	0	0	0	0	0	310	272	0	174	1390	1338	2482	350	630	618	0	0	148	176	258	860	0	0	0	8262	2162	1204	540	666	846	628	
131948	Vermis_3	0	0	0	0	0	0	0	0	0	0	0	0	0	0	0	0	0	0	0	0	0	0	0	0	0	0	0	0	0	0	0	0	0	0	0	0	0	0	472	250	0	0	0	0	0	0	490	688	0	0	0	0	0	0	0	234	0	0	0	0	0	0	0	0	0	0	0	0	0	0	0	0	0	0	0	0	0	0	0	0	0	0	0	0	0	0	0	0	0	0	1662	2600	238	622	5376	6192	6278	4194	2428	5040	160	468	372	1038	904	2252	0	114	8262	0	4396	3830	1948	1972	2342	1152	
283656	Vermis_4_5	0	0	0	0	0	0	0	0	0	0	0	0	0	0	0	0	0	0	0	0	0	0	0	0	0	0	0	0	0	0	0	0	100	340	144	2256	0	570	0	300	0	0	0	326	0	148	5676	11836	0	0	0	0	386	236	2748	7534	0	0	0	0	0	0	0	0	0	0	256	2860	0	110	0	0	0	0	0	0	0	0	0	0	0	0	0	0	0	0	0	0	0	0	6334	11618	160	230	582	1372	16672	19764	12036	18224	0	282	0	486	850	800	0	0	2162	4396	0	7310	236	236	480	1772	
240092	Vermis_6	0	0	0	0	0	0	0	0	0	0	0	0	0	0	0	0	0	0	0	0	0	0	0	0	0	0	0	0	0	0	0	0	0	0	0	0	0	0	0	0	0	0	0	0	0	0	1522	7612	0	0	0	0	152	492	748	4316	0	0	0	0	0	0	0	0	0	0	0	0	0	0	0	0	0	0	0	0	0	0	0	0	0	0	0	0	0	0	0	0	0	0	5228	10066	1102	1912	282	2584	3026	4856	10302	16030	444	1398	924	2848	2174	6390	352	580	1204	3830	7310	0	7346	4910	5826	4280	
