data	data	477128	337932	1.09404e+06	973144	258328	116928	561688	233408	154612	36040	267404	171380	296380	97676	245100	66168	231268	153088	898288	934060	46336	37884	558944	551940	11388	85020	19512	55288	666584	309644	309876	567564	189780	839096	97888	131452	197524	249576	79032	133640	24476	38256	184172	395764	156040	284756	316976	410456	282036	384192	485784	252384	118096	93788	343028	400080	334536	229308	260404	118348	216928	107664	109288	83704	158596	127880	434972	366348	306736	340256	179736	288788	245924	287504	48348	22144	96820	204360	68056	14976	177720	69072	53612	22996	264016	140452	5264	8856	243740	151080	535476	565124	239604	283324	42616	63944	376168	330948	553860	630736	165592	94996	210480	302296	100512	174292	14356	27128	47316	76692	400112	276008	278724	174424	157812	51304	
data	data	Precentral_L	Precentral_R	Frontal_Sup_L	Frontal_Sup_R	Frontal_Sup_Orb_L	Frontal_Sup_Orb_R	Frontal_Mid_L	Frontal_Mid_R	Frontal_Mid_Orb_L	Frontal_Mid_Orb_R	Frontal_Inf_Oper_L	Frontal_Inf_Oper_R	Frontal_Inf_Tri_L	Frontal_Inf_Tri_R	Frontal_Inf_Orb_L	Frontal_Inf_Orb_R	Rolandic_Oper_L	Rolandic_Oper_R	Supp_Motor_Area_L	Supp_Motor_Area_R	Olfactory_L	Olfactory_R	Frontal_Sup_Medial_L	Frontal_Sup_Medial_R	Frontal_Med_Orb_L	Frontal_Med_Orb_R	Rectus_L	Rectus_R	Insula_L	Insula_R	Cingulum_Ant_L	Cingulum_Ant_R	Cingulum_Mid_L	Cingulum_Mid_R	Cingulum_Post_L	Cingulum_Post_R	Hippocampus_L	Hippocampus_R	ParaHippocampal_L	ParaHippocampal_R	Amygdala_L	Amygdala_R	Calcarine_L	Calcarine_R	Cuneus_L	Cuneus_R	Lingual_L	Lingual_R	Occipital_Sup_L	Occipital_Sup_R	Occipital_Mid_L	Occipital_Mid_R	Occipital_Inf_L	Occipital_Inf_R	Fusiform_L	Fusiform_R	Postcentral_L	Postcentral_R	Parietal_Sup_L	Parietal_Sup_R	Parietal_Inf_L	Parietal_Inf_R	SupraMarginal_L	SupraMarginal_R	Angular_L	Angular_R	Precuneus_L	Precuneus_R	Paracentral_Lobule_L	Paracentral_Lobule_R	Caudate_L	Caudate_R	Putamen_L	Putamen_R	Pallidum_L	Pallidum_R	Thalamus_L	Thalamus_R	Heschl_L	Heschl_R	Temporal_Sup_L	Temporal_Sup_R	Temporal_Pole_Sup_L	Temporal_Pole_Sup_R	Temporal_Mid_L	Temporal_Mid_R	Temporal_Pole_Mid_L	Temporal_Pole_Mid_R	Temporal_Inf_L	Temporal_Inf_R	Cerebelum_Crus1_L	Cerebelum_Crus1_R	Cerebelum_Crus2_L	Cerebelum_Crus2_R	Cerebelum_3_L	Cerebelum_3_R	Cerebelum_4_5_L	Cerebelum_4_5_R	Cerebelum_6_L	Cerebelum_6_R	Cerebelum_7b_L	Cerebelum_7b_R	Cerebelum_8_L	Cerebelum_8_R	Cerebelum_9_L	Cerebelum_9_R	Cerebelum_10_L	Cerebelum_10_R	Vermis_1_2	Vermis_3	Vermis_4_5	Vermis_6	Vermis_7	Vermis_8	Vermis_9	Vermis_10	
477128	Precentral_L	0	2234	15648	920	184	0	11226	0	0	0	15140	0	2478	0	0	0	11030	0	11872	11700	0	0	142	0	0	0	0	0	12634	0	0	0	1208	6540	1190	912	11990	854	1082	498	0	0	0	0	0	0	0	0	962	0	2606	0	294	0	396	0	32056	0	2338	0	5512	0	1510	0	138	0	2512	240	27976	6150	1544	1138	5590	0	1538	0	14096	2130	4654	0	2812	0	0	0	1450	0	0	0	1440	0	0	0	0	0	0	0	0	0	0	0	0	0	0	0	0	0	0	0	0	0	0	0	0	0	0	0	
337932	Precentral_R	2234	0	1018	19976	0	0	0	11040	0	0	0	7546	0	0	0	0	0	3072	1756	14630	0	0	0	324	0	0	0	0	264	1700	0	488	98	9520	576	902	172	10154	0	1480	0	0	0	532	0	204	0	210	0	632	0	0	0	308	0	1058	254	16808	0	1892	0	442	0	3092	0	758	0	946	3494	15002	838	8006	224	3148	0	930	1066	17188	0	338	0	920	0	0	0	1942	0	0	0	1784	0	0	0	0	0	0	0	0	0	0	0	0	0	0	0	0	0	0	0	0	0	0	0	0	0	0	
1.09404e+06	Frontal_Sup_L	15648	1018	0	16702	24240	0	78360	1262	8166	0	22316	1114	23522	0	13698	0	13750	116	89338	17410	0	0	54806	15690	864	0	0	0	50456	1028	18282	9482	6782	14334	0	0	1948	0	0	0	0	0	0	0	0	0	0	0	0	0	228	0	0	0	0	0	8188	0	104	0	520	0	424	0	112	0	108	0	1356	208	8200	1520	11692	608	3736	0	208	390	1018	0	5192	0	2296	0	292	0	0	0	286	0	0	0	0	0	0	0	0	0	0	0	0	0	0	0	0	0	0	0	0	0	0	0	0	0	0	0	
973144	Frontal_Sup_R	920	19976	16702	0	1480	6352	5906	26640	198	1308	182	8122	1246	4804	1142	3700	192	11612	25274	76170	0	0	29738	61560	0	3996	0	1428	1600	19390	8482	44426	2158	40642	274	380	156	4340	0	1504	0	0	0	708	0	0	0	160	0	176	0	0	0	172	0	858	240	1912	0	212	0	98	0	336	0	1550	0	368	954	426	1540	14010	826	16814	0	3322	178	7748	0	368	110	480	0	358	0	452	0	0	0	196	0	0	0	0	0	0	0	0	0	0	0	0	0	0	0	0	0	0	0	0	0	0	0	0	0	0	
258328	Frontal_Sup_Orb_L	184	0	24240	1480	0	0	17364	0	12182	0	122	0	2674	0	12410	0	0	0	2708	152	730	0	16960	1406	2084	0	4062	0	10836	0	4502	348	928	1424	0	0	0	0	0	0	96	0	0	0	0	0	0	0	0	0	0	0	0	0	0	0	0	0	0	0	0	0	0	0	0	0	0	0	0	0	1122	0	10842	0	0	0	0	0	0	0	0	0	308	0	0	0	0	0	0	0	0	0	0	0	0	0	0	0	0	0	0	0	0	0	0	0	0	0	0	0	0	0	0	0	0	0	
116928	Frontal_Sup_Orb_R	0	0	0	6352	0	0	0	2196	0	2732	0	240	0	708	0	4358	0	0	296	2394	0	500	982	8372	0	9572	0	7798	0	1418	194	3670	0	276	0	0	0	178	0	0	0	0	0	0	0	0	0	0	0	0	0	0	0	0	0	0	0	0	0	0	0	0	0	0	0	0	0	0	0	0	0	2094	0	4134	0	0	0	0	0	0	0	0	0	0	0	0	0	0	0	0	0	0	0	0	0	0	0	0	0	0	0	0	0	0	0	0	0	0	0	0	0	0	0	0	0	0	
561688	Frontal_Mid_L	11226	0	78360	5906	17364	0	0	0	5622	0	13174	0	27716	0	10784	0	1596	0	10302	3104	0	0	30626	6882	0	0	0	0	25284	0	5940	2212	1152	5558	0	0	1774	0	0	0	0	0	0	0	0	0	0	0	0	0	604	0	0	0	0	0	1948	0	600	0	288	0	94	0	0	0	578	0	470	0	1584	1380	5304	0	210	0	288	1696	354	0	864	0	0	0	0	0	0	0	0	0	0	0	0	0	0	0	0	0	0	0	0	0	0	0	0	0	0	0	0	0	0	0	0	0	0	0	
233408	Frontal_Mid_R	0	11040	1262	26640	0	2196	0	0	0	666	0	8182	0	8294	0	3326	0	2412	3162	3926	0	0	3038	6528	0	0	0	0	220	6336	1394	6384	546	9872	0	0	0	420	0	0	0	0	0	0	0	0	0	0	0	0	0	0	0	0	0	0	0	132	0	0	0	0	0	0	0	0	0	0	0	0	596	232	128	8372	0	330	0	776	0	0	0	294	0	0	0	0	0	0	0	0	0	0	0	0	0	0	0	0	0	0	0	0	0	0	0	0	0	0	0	0	0	0	0	0	0	0	
154612	Frontal_Mid_Orb_L	0	0	8166	198	12182	0	5622	0	0	0	192	118	6442	0	21668	0	0	0	2832	94	0	0	654	122	0	0	2518	0	10794	118	256	384	0	0	0	0	0	0	0	0	0	0	0	0	0	0	0	0	0	0	0	0	0	0	0	0	0	0	0	0	0	0	0	0	0	0	0	0	0	0	1624	638	2684	0	0	0	0	0	0	0	0	0	0	0	0	0	0	0	0	0	0	0	0	0	0	0	0	0	0	0	0	0	0	0	0	0	0	0	0	0	0	0	0	0	0	0	
36040	Frontal_Mid_Orb_R	0	0	0	1308	0	2732	0	666	0	0	0	522	0	1972	0	4008	0	0	416	914	0	0	0	328	0	138	0	236	0	2022	0	548	0	796	0	0	0	0	0	0	0	0	0	0	0	0	0	0	0	0	0	0	0	0	0	0	0	0	0	0	0	0	0	0	0	0	0	0	0	0	0	0	0	1414	0	0	0	0	0	0	0	0	0	0	0	0	0	0	0	0	0	0	0	0	0	0	0	0	0	0	0	0	0	0	0	0	0	0	0	0	0	0	0	0	0	0	
267404	Frontal_Inf_Oper_L	15140	0	22316	182	122	0	13174	0	192	0	0	0	13418	0	336	0	11148	0	13672	126	0	0	370	120	0	0	0	0	26704	0	0	0	0	126	0	0	844	0	0	0	0	0	0	0	0	0	0	0	0	0	420	0	0	0	0	0	4492	0	418	0	666	0	110	0	0	0	412	0	0	0	180	0	1514	0	312	0	90	0	606	0	3858	0	2634	0	0	0	0	0	0	0	0	0	0	0	0	0	0	0	0	0	0	0	0	0	0	0	0	0	0	0	0	0	0	0	0	0	
171380	Frontal_Inf_Oper_R	0	7546	1114	8122	0	240	0	8182	118	522	0	0	120	7042	138	930	0	4390	2056	8632	0	0	0	2508	0	0	0	0	0	19826	148	4030	0	504	0	0	0	426	0	0	0	0	0	0	0	0	0	0	0	0	0	0	0	0	0	0	0	1376	0	0	0	0	0	0	0	0	0	0	0	0	1290	1428	0	4636	0	0	0	96	0	0	0	270	0	0	0	0	0	0	0	0	0	0	0	0	0	0	0	0	0	0	0	0	0	0	0	0	0	0	0	0	0	0	0	0	0	0	
296380	Frontal_Inf_Tri_L	2478	0	23522	1246	2674	0	27716	0	6442	0	13418	120	0	0	17982	0	802	0	12594	302	0	0	4204	1370	0	0	0	0	24206	168	1672	1322	690	1062	0	0	278	0	0	0	0	0	0	0	0	0	0	0	0	0	0	0	0	0	0	0	104	0	0	0	0	0	0	0	0	0	0	0	0	0	2060	632	774	0	0	0	0	0	0	0	352	0	0	0	0	0	0	0	0	0	0	0	0	0	0	0	0	0	0	0	0	0	0	0	0	0	0	0	0	0	0	0	0	0	0	0	
97676	Frontal_Inf_Tri_R	0	0	0	4804	0	708	0	8294	0	1972	0	7042	0	0	0	3002	0	0	1304	1642	0	0	0	2584	0	0	0	0	0	8278	0	4720	0	2090	0	0	0	0	0	0	0	0	0	0	0	0	0	0	0	0	0	0	0	0	0	0	0	0	0	0	0	0	0	0	0	0	0	0	0	0	0	282	0	2116	0	0	0	0	0	0	0	0	0	0	0	0	0	0	0	0	0	0	0	0	0	0	0	0	0	0	0	0	0	0	0	0	0	0	0	0	0	0	0	0	0	0	
245100	Frontal_Inf_Orb_L	0	0	13698	1142	12410	0	10784	0	21668	0	336	138	17982	0	0	0	0	0	6962	304	1010	0	2880	1186	0	0	250	0	17344	182	776	816	230	896	0	0	0	0	0	0	258	0	0	0	0	0	0	0	0	0	0	0	0	0	0	0	0	0	0	0	0	0	0	0	0	0	0	0	0	0	2392	674	6966	0	0	0	0	0	0	0	0	0	1266	0	0	0	0	0	0	0	0	0	0	0	0	0	0	0	0	0	0	0	0	0	0	0	0	0	0	0	0	0	0	0	0	0	
66168	Frontal_Inf_Orb_R	0	0	0	3700	0	4358	0	3326	0	4008	0	930	0	3002	0	0	0	0	1412	2324	0	272	0	376	0	0	0	356	0	4190	0	620	0	2156	0	0	0	228	0	106	0	0	0	0	0	0	0	0	0	0	0	0	0	0	0	0	0	0	0	0	0	0	0	0	0	0	0	0	0	0	0	134	0	1586	0	0	0	0	0	0	0	0	0	0	0	0	0	0	0	0	0	0	0	0	0	0	0	0	0	0	0	0	0	0	0	0	0	0	0	0	0	0	0	0	0	0	
231268	Rolandic_Oper_L	11030	0	13750	192	0	0	1596	0	0	0	11148	0	802	0	0	0	0	0	12568	276	0	0	0	0	0	0	0	0	21182	0	0	0	0	0	118	0	344	0	1546	0	0	0	172	0	0	0	0	0	328	0	848	0	400	0	666	0	13578	0	704	0	214	0	1632	0	210	0	772	0	464	0	278	0	796	0	692	0	0	0	4514	0	10624	0	1796	0	958	0	0	0	1436	0	0	0	0	0	0	0	0	0	0	0	0	0	0	0	0	0	0	0	0	0	0	0	0	0	0	0	
153088	Rolandic_Oper_R	0	3072	116	11612	0	0	0	2412	0	0	0	4390	0	0	0	0	0	0	618	14084	0	0	258	730	0	0	0	0	0	15596	0	354	0	430	0	0	0	1986	0	504	0	0	0	0	0	0	0	0	0	126	0	0	0	0	0	532	0	1874	0	0	0	1012	0	3778	0	860	0	124	0	178	0	294	0	2982	0	114	0	266	0	2252	0	5120	0	522	0	148	0	0	0	200	0	0	0	0	0	0	0	0	0	0	0	0	0	0	0	0	0	0	0	0	0	0	0	0	0	0	
898288	Supp_Motor_Area_L	11872	1756	89338	25274	2708	296	10302	3162	2832	416	13672	2056	12594	1304	6962	1412	12568	618	0	57666	0	0	10238	7192	0	0	0	246	35342	3248	13200	13016	16758	38310	794	764	1050	0	0	0	0	0	0	0	0	0	0	0	0	0	124	0	0	0	166	0	6522	358	0	0	482	0	358	0	108	0	288	212	5602	2688	7500	3024	11006	2346	3336	0	0	882	728	0	4038	0	1756	0	262	0	0	0	392	0	0	0	0	0	0	0	0	0	0	0	0	0	0	0	0	0	0	0	0	0	0	0	0	0	0	0	
934060	Supp_Motor_Area_R	11700	14630	17410	76170	152	2394	3104	3926	94	914	126	8632	302	1642	304	2324	276	14084	57666	0	0	0	2264	10652	0	1204	0	1198	1414	18344	2124	19376	8382	65246	678	2318	142	3276	0	962	0	0	0	866	0	140	0	194	0	240	0	0	0	192	0	748	298	2562	0	216	0	98	0	460	0	1532	234	924	20528	31390	1774	21840	836	12730	124	2306	224	10832	0	390	126	546	0	358	0	530	0	0	0	362	0	0	0	0	0	0	0	0	0	0	0	0	0	0	0	0	0	0	0	0	0	0	0	0	0	0	
46336	Olfactory_L	0	0	0	0	730	0	0	0	0	0	0	0	0	0	1010	0	0	0	0	0	0	3574	0	0	0	0	508	96	1486	0	1962	1092	0	0	0	0	172	0	556	0	600	0	0	0	0	0	0	0	0	0	0	0	0	0	118	0	0	0	0	0	0	0	0	0	0	0	0	0	0	0	4560	2936	2800	266	0	0	0	0	0	0	0	0	702	0	0	0	0	0	0	0	0	0	0	0	0	0	0	0	0	0	0	0	0	0	0	0	0	0	0	0	0	0	0	0	0	0	
37884	Olfactory_R	0	0	0	0	0	500	0	0	0	0	0	0	0	0	0	272	0	0	0	0	3574	0	0	100	0	110	104	732	0	714	1238	1114	0	0	0	0	0	148	0	92	0	138	0	0	0	0	0	0	0	0	0	0	0	0	0	0	0	0	0	0	0	0	0	0	0	0	0	0	0	0	4024	3482	1994	606	0	0	0	0	0	0	0	0	0	0	0	0	0	0	0	0	0	0	0	0	0	0	0	0	0	0	0	0	0	0	0	0	0	0	0	0	0	0	0	0	0	0	
558944	Frontal_Sup_Medial_L	142	0	54806	29738	16960	982	30626	3038	654	0	370	0	4204	0	2880	0	0	258	10238	2264	0	0	0	40760	1222	1564	0	0	6896	818	17828	21792	5344	23354	0	0	0	0	0	0	0	0	0	0	0	0	0	0	0	0	0	0	0	0	0	0	0	0	0	0	0	0	0	0	0	0	0	0	0	0	344	0	1374	1016	0	0	0	0	0	0	0	0	0	0	0	0	0	0	0	0	0	0	0	0	0	0	0	0	0	0	0	0	0	0	0	0	0	0	0	0	0	0	0	0	0	0	
551940	Frontal_Sup_Medial_R	0	324	15690	61560	1406	8372	6882	6528	122	328	120	2508	1370	2584	1186	376	0	730	7192	10652	0	100	40760	0	108	9230	0	3096	1410	4452	9238	41528	536	27122	0	0	0	250	0	0	0	0	0	0	0	0	0	0	0	0	0	0	0	0	0	0	0	0	0	0	0	0	0	0	0	0	0	0	0	0	230	2628	94	7258	0	0	0	0	0	0	0	0	0	0	0	0	0	0	0	0	0	0	0	0	0	0	0	0	0	0	0	0	0	0	0	0	0	0	0	0	0	0	0	0	0	0	
11388	Frontal_Med_Orb_L	0	0	864	0	2084	0	0	0	0	0	0	0	0	0	0	0	0	0	0	0	0	0	1222	108	0	0	394	0	0	0	756	0	0	0	0	0	0	0	0	0	0	0	0	0	0	0	0	0	0	0	0	0	0	0	0	0	0	0	0	0	0	0	0	0	0	0	0	0	0	0	0	0	266	0	0	0	0	0	0	0	0	0	0	0	0	0	0	0	0	0	0	0	0	0	0	0	0	0	0	0	0	0	0	0	0	0	0	0	0	0	0	0	0	0	0	0	
85020	Frontal_Med_Orb_R	0	0	0	3996	0	9572	0	0	0	138	0	0	0	0	0	0	0	0	0	1204	0	110	1564	9230	0	0	0	5254	0	0	376	3972	0	0	0	0	0	0	0	0	0	0	0	0	0	0	0	0	0	0	0	0	0	0	0	0	0	0	0	0	0	0	0	0	0	0	0	0	0	0	0	2896	0	4198	0	0	0	0	0	0	0	0	0	0	0	0	0	0	0	0	0	0	0	0	0	0	0	0	0	0	0	0	0	0	0	0	0	0	0	0	0	0	0	0	0	0	
19512	Rectus_L	0	0	0	0	4062	0	0	0	2518	0	0	0	0	0	250	0	0	0	0	0	508	104	0	0	394	0	0	0	156	0	624	0	0	0	0	0	0	0	0	0	0	0	0	0	0	0	0	0	0	0	0	0	0	0	0	0	0	0	0	0	0	0	0	0	0	0	0	0	0	0	452	0	688	0	0	0	0	0	0	0	0	0	0	0	0	0	0	0	0	0	0	0	0	0	0	0	0	0	0	0	0	0	0	0	0	0	0	0	0	0	0	0	0	0	0	0	
55288	Rectus_R	0	0	0	1428	0	7798	0	0	0	236	0	0	0	0	0	356	0	0	246	1198	96	732	0	3096	0	5254	0	0	0	380	0	2644	0	292	0	0	0	250	0	0	0	0	0	0	0	0	0	0	0	0	0	0	0	0	0	0	0	0	0	0	0	0	0	0	0	0	0	0	0	0	0	1612	0	2026	0	0	0	0	0	0	0	0	0	0	0	0	0	0	0	0	0	0	0	0	0	0	0	0	0	0	0	0	0	0	0	0	0	0	0	0	0	0	0	0	0	0	
666584	Insula_L	12634	264	50456	1600	10836	0	25284	220	10794	0	26704	0	24206	0	17344	0	21182	0	35342	1414	1486	0	6896	1410	0	0	156	0	0	208	1584	996	596	1040	94	0	11472	0	2094	0	1312	0	144	0	0	0	0	0	286	0	1242	0	208	0	3180	0	6852	0	1198	0	100	0	128	0	0	0	1260	0	544	0	3980	162	13796	236	696	0	332	0	6488	0	13376	0	5570	0	1116	0	0	0	4774	0	0	0	0	0	0	0	0	0	0	0	0	0	0	0	0	0	0	0	0	0	0	0	0	0	0	0	
309644	Insula_R	0	1700	1028	19390	0	1418	0	6336	118	2022	0	19826	168	8278	182	4190	0	15596	3248	18344	0	714	818	4452	0	0	0	380	208	0	220	6482	0	2128	0	0	0	4520	0	1022	0	458	0	0	0	0	0	0	0	130	0	0	0	0	0	1552	0	864	0	0	0	0	0	202	0	0	0	150	0	150	928	1514	0	21540	0	0	0	604	0	952	0	1778	0	188	0	236	0	0	0	788	0	0	0	0	0	0	0	0	0	0	0	0	0	0	0	0	0	0	0	0	0	0	0	0	0	0	
309876	Cingulum_Ant_L	0	0	18282	8482	4502	194	5940	1394	256	0	0	148	1672	0	776	0	0	0	13200	2124	1962	1238	17828	9238	756	376	624	0	1584	220	0	26242	10814	10814	394	0	0	0	0	0	0	0	0	0	0	0	0	0	0	0	0	0	0	0	0	0	0	0	0	0	0	0	0	0	0	0	0	0	0	0	5958	3658	5014	1248	0	0	0	0	0	0	0	0	0	0	0	0	0	0	0	0	0	0	0	0	0	0	0	0	0	0	0	0	0	0	0	0	0	0	0	0	0	0	0	0	0	0	
567564	Cingulum_Ant_R	0	488	9482	44426	348	3670	2212	6384	384	548	0	4030	1322	4720	816	620	0	354	13016	19376	1092	1114	21792	41528	0	3972	0	2644	996	6482	26242	0	2422	31948	0	0	0	186	0	0	0	0	0	0	0	0	0	0	0	0	0	0	0	0	0	0	0	0	0	0	0	0	0	0	0	0	0	0	0	0	4612	15390	2308	8744	0	0	0	114	0	0	0	0	0	0	0	0	0	0	0	0	0	0	0	0	0	0	0	0	0	0	0	0	0	0	0	0	0	0	0	0	0	0	0	0	0	0	
189780	Cingulum_Mid_L	1208	98	6782	2158	928	0	1152	546	0	0	0	0	690	0	230	0	0	0	16758	8382	0	0	5344	536	0	0	0	0	596	0	10814	2422	0	15420	2938	618	0	0	0	0	0	0	224	0	1358	0	0	0	354	0	272	0	92	0	0	0	636	1220	0	0	0	0	0	0	0	0	3722	274	4902	3834	0	0	288	0	0	0	0	0	0	0	0	0	0	0	94	0	0	0	0	0	0	0	0	0	0	0	0	0	0	0	0	0	0	0	0	0	0	0	0	0	0	0	0	0	0	0	
839096	Cingulum_Mid_R	6540	9520	14334	40642	1424	276	5558	9872	0	796	126	504	1062	2090	896	2156	0	430	38310	65246	0	0	23354	27122	0	0	0	292	1040	2128	10814	31948	15420	0	2812	9302	0	1190	0	0	0	0	0	2302	0	480	0	1190	0	1362	0	0	0	272	0	638	492	8560	0	118	0	0	0	274	0	0	2490	6362	20952	33454	0	4304	104	2706	0	0	606	5788	0	0	0	190	0	0	0	432	0	0	0	1268	0	0	0	0	0	0	0	0	0	0	0	0	0	0	0	0	0	0	0	0	0	0	0	0	0	0	
97888	Cingulum_Post_L	1190	576	0	274	0	0	0	0	0	0	0	0	0	0	0	0	118	0	794	678	0	0	0	0	0	0	0	0	94	0	394	0	2938	2812	0	7338	1516	1996	920	670	0	0	2472	234	1576	0	606	146	228	0	384	0	352	0	420	0	1954	1646	0	0	0	0	0	0	0	0	6746	772	4536	2134	0	0	0	0	0	0	934	1110	0	0	0	0	0	0	0	0	0	0	386	0	0	0	0	0	0	0	0	0	0	0	0	0	0	0	0	0	0	0	0	0	0	0	0	0	0	0	
131452	Cingulum_Post_R	912	902	0	380	0	0	0	0	0	0	0	0	0	0	0	0	0	0	764	2318	0	0	0	0	0	0	0	0	0	0	0	0	618	9302	7338	0	792	4988	0	1944	0	0	0	3772	0	534	0	3638	0	406	0	94	0	434	0	692	610	1998	0	0	0	0	0	0	0	0	1008	10834	2858	2768	0	0	0	0	0	0	1514	2404	0	0	0	0	0	0	0	0	0	0	0	528	0	0	0	0	0	0	0	0	0	0	0	0	0	0	0	0	0	0	0	0	1376	0	0	0	0	0	
197524	Hippocampus_L	11990	172	1948	156	0	0	1774	0	0	0	844	0	278	0	0	0	344	0	1050	142	172	0	0	0	0	0	0	0	11472	0	0	0	0	0	1516	792	0	692	7480	304	4836	0	598	0	0	0	1758	104	0	0	92	0	110	0	11496	0	1548	0	0	0	0	0	0	0	0	0	1878	0	2138	0	548	0	7958	0	2054	0	2548	484	2844	0	1700	0	1470	0	1182	0	0	0	11766	0	0	0	0	0	0	0	220	0	0	0	0	0	0	0	0	0	0	0	100	204	0	0	0	0	0	0	
249576	Hippocampus_R	854	10154	0	4340	0	178	0	420	0	0	0	426	0	0	0	228	0	1986	0	3276	0	148	0	250	0	0	0	250	0	4520	0	186	0	1190	1996	4988	692	0	0	22094	0	7412	0	598	0	0	0	3182	0	0	0	0	0	442	0	22936	0	652	0	0	0	0	0	632	0	100	0	3882	550	1770	0	318	0	9664	0	204	1558	6886	0	382	0	960	0	514	0	406	0	0	0	2372	0	0	0	0	0	0	0	268	0	0	0	0	0	0	0	0	0	0	0	0	924	0	0	0	0	0	
79032	ParaHippocampal_L	1082	0	0	0	0	0	0	0	0	0	0	0	0	0	0	0	1546	0	0	0	556	0	0	0	0	0	0	0	2094	0	0	0	0	0	920	0	7480	0	0	0	1016	0	1344	0	0	0	4102	220	156	0	304	0	1262	0	5808	0	2312	0	222	0	104	0	0	0	0	0	2938	0	1082	0	0	0	0	0	0	0	0	0	1368	0	518	0	308	0	0	0	0	0	1356	0	0	0	0	0	90	0	710	0	100	0	0	0	0	0	0	0	0	0	170	348	0	0	0	0	0	0	
133640	ParaHippocampal_R	498	1480	0	1504	0	0	0	0	0	0	0	0	0	0	0	106	0	504	0	962	0	92	0	0	0	0	0	0	0	1022	0	0	0	0	670	1944	304	22094	0	0	0	3188	0	902	0	0	0	4490	0	0	0	0	0	0	0	13160	0	0	0	0	0	0	0	0	0	0	0	3436	142	190	0	112	0	2550	0	134	612	3830	0	96	0	140	0	450	0	0	0	96	0	672	0	0	0	0	0	0	0	590	0	0	0	0	0	0	0	0	0	0	0	0	850	0	0	0	0	0	
24476	Amygdala_L	0	0	0	0	96	0	0	0	0	0	0	0	0	0	258	0	0	0	0	0	600	0	0	0	0	0	0	0	1312	0	0	0	0	0	0	0	4836	0	1016	0	0	0	0	0	0	0	0	0	0	0	0	0	0	0	1940	0	0	0	0	0	0	0	0	0	0	0	0	0	0	0	0	0	108	0	0	0	0	0	0	0	0	0	1124	0	0	0	0	0	948	0	0	0	0	0	0	0	0	0	0	0	0	0	0	0	0	0	0	0	0	0	0	0	0	0	0	0	
38256	Amygdala_R	0	0	0	0	0	0	0	0	0	0	0	0	0	0	0	0	0	0	0	0	0	138	0	0	0	0	0	0	0	458	0	0	0	0	0	0	0	7412	0	3188	0	0	0	0	0	0	0	0	0	0	0	0	0	0	0	5828	0	0	0	0	0	0	0	0	0	0	0	0	0	0	0	0	0	870	0	0	0	110	0	0	0	0	0	886	0	0	0	0	0	238	0	0	0	0	0	0	0	0	0	0	0	0	0	0	0	0	0	0	0	0	0	0	0	0	0	0	
184172	Calcarine_L	0	0	0	0	0	0	0	0	0	0	0	0	0	0	0	0	172	0	0	0	0	0	0	0	0	0	0	0	144	0	0	0	224	0	2472	0	598	0	1344	0	0	0	0	8022	12148	5110	9206	1972	7138	2440	12168	1096	3632	0	1334	120	0	0	146	0	0	0	0	0	0	0	13120	0	0	0	0	0	0	0	0	0	0	0	122	0	0	0	0	0	598	0	0	0	1200	0	0	1382	0	142	0	128	246	1862	120	1750	0	0	0	0	0	0	0	0	0	0	1930	0	0	0	0	0	
395764	Calcarine_R	0	532	0	708	0	0	0	0	0	0	0	0	0	0	0	0	0	0	0	866	0	0	0	0	0	0	0	0	0	0	0	0	0	2302	234	3772	0	598	0	902	0	0	8022	0	4520	30190	2596	25346	0	26482	0	17172	0	5784	0	9260	0	6422	0	2134	0	602	0	234	0	2424	3332	29634	0	5548	0	0	0	0	0	0	0	0	0	0	0	522	0	0	0	2500	0	0	0	3466	0	984	0	0	0	0	0	0	146	106	0	0	0	0	0	0	0	0	0	0	314	228	0	0	0	0	
156040	Cuneus_L	0	0	0	0	0	0	0	0	0	0	0	0	0	0	0	0	0	0	0	0	0	0	0	0	0	0	0	0	0	0	0	0	1358	0	1576	0	0	0	0	0	0	0	12148	4520	0	6852	1526	106	17310	2020	10546	898	666	0	622	326	360	0	1830	0	104	0	0	0	102	0	13502	142	380	0	0	0	0	0	0	0	0	0	0	0	0	0	0	0	332	518	0	0	276	0	0	0	0	0	0	0	0	0	0	0	0	0	0	0	0	0	0	0	0	0	0	0	0	0	0	0	
284756	Cuneus_R	0	204	0	0	0	0	0	0	0	0	0	0	0	0	0	0	0	0	0	140	0	0	0	0	0	0	0	0	0	0	0	0	0	480	0	534	0	0	0	0	0	0	5110	30190	6852	0	1646	6724	0	35706	0	13976	0	684	0	4796	0	650	0	5046	0	392	0	0	0	508	2710	22908	0	272	0	0	0	0	0	0	0	0	0	0	0	0	0	0	0	1302	0	0	0	718	114	90	0	0	0	0	0	0	252	0	0	0	0	0	0	0	0	0	0	0	0	276	98	0	0	0	
316976	Lingual_L	0	0	0	0	0	0	0	0	0	0	0	0	0	0	0	0	0	0	0	0	0	0	0	0	0	0	0	0	0	0	0	0	0	0	606	0	1758	0	4102	0	0	0	9206	2596	1526	1646	0	6596	2576	930	9740	440	3272	340	18048	2398	0	0	0	0	0	0	0	0	0	0	3486	0	0	0	0	0	0	0	0	0	0	0	0	0	0	0	0	0	0	0	0	0	116	0	13484	3616	1358	200	456	0	16542	6032	21168	5348	0	0	0	140	0	126	0	0	0	278	13176	5450	696	110	210	716	
410456	Lingual_R	0	210	0	160	0	0	0	0	0	0	0	0	0	0	0	0	0	0	0	194	0	0	0	0	0	0	0	0	0	0	0	0	0	1190	146	3638	104	3182	220	4490	0	0	1972	25346	106	6724	6596	0	0	12744	0	9240	0	4052	2172	23922	0	1988	0	1104	0	450	0	136	0	1246	692	12866	0	1812	0	0	0	0	0	0	106	124	0	0	0	228	0	0	0	434	0	0	0	1392	4278	9906	0	0	0	0	5634	10078	9678	13152	0	0	0	0	0	0	0	0	0	200	11796	9836	1428	0	126	130	
282036	Occipital_Sup_L	962	0	0	0	0	0	0	0	0	0	0	0	0	0	0	0	328	0	0	0	0	0	0	0	0	0	0	0	286	0	0	0	354	0	228	0	0	0	156	0	0	0	7138	0	17310	0	2576	0	0	0	41196	0	3626	0	500	0	1350	0	20300	0	2742	0	170	0	2214	0	31564	0	180	0	0	0	0	0	0	0	0	0	0	0	208	0	0	0	6270	0	0	0	1360	0	0	0	0	0	0	0	0	0	0	0	0	0	0	0	0	0	0	0	0	0	0	0	0	0	0	0	
384192	Occipital_Sup_R	0	632	0	176	0	0	0	0	0	0	0	0	0	0	0	0	0	126	0	240	0	0	0	0	0	0	0	0	0	130	0	0	0	1362	0	406	0	0	0	0	0	0	2440	26482	2020	35706	930	12744	0	0	0	34038	0	1544	0	7390	0	5574	0	10860	0	5530	0	1510	0	5524	1710	25734	0	674	0	0	0	0	0	0	0	0	0	106	0	830	0	0	0	3248	0	0	0	3328	156	0	0	0	0	0	0	0	374	0	0	0	0	0	0	0	0	0	0	0	0	430	142	0	0	0	
485784	Occipital_Mid_L	2606	0	228	0	0	0	604	0	0	0	420	0	0	0	0	0	848	0	124	0	0	0	0	0	0	0	0	0	1242	0	0	0	272	0	384	0	92	0	304	0	0	0	12168	0	10546	0	9740	0	41196	0	0	0	18700	0	6822	0	5188	0	31814	0	13180	0	382	0	16152	0	40338	0	848	0	0	0	0	0	0	0	0	0	220	0	408	0	0	0	21970	0	0	0	5998	0	98	0	0	0	0	0	0	0	0	0	0	0	0	0	0	0	0	0	0	0	0	0	0	0	0	0	
252384	Occipital_Mid_R	0	0	0	0	0	0	0	0	0	0	0	0	0	0	0	0	0	0	0	0	0	0	0	0	0	0	0	0	0	0	0	0	0	0	0	94	0	0	0	0	0	0	1096	17172	898	13976	440	9240	0	34038	0	0	0	4448	0	6280	0	1494	0	2412	0	4812	0	262	0	12116	820	6502	0	0	0	0	0	0	0	0	0	0	0	0	0	306	0	0	0	8468	0	0	0	574	0	0	0	0	0	0	0	0	158	188	0	0	0	0	0	0	0	0	0	0	0	308	90	0	0	0	
118096	Occipital_Inf_L	294	0	0	0	0	0	0	0	0	0	0	0	0	0	0	0	400	0	0	0	0	0	0	0	0	0	0	0	208	0	0	0	92	0	352	0	110	0	1262	0	0	0	3632	0	666	0	3272	0	3626	0	18700	0	0	0	6234	0	1672	0	596	0	0	0	0	0	306	0	5580	0	864	0	0	0	0	0	0	0	0	0	144	0	108	0	0	0	4008	0	0	0	6494	0	228	0	0	0	0	0	0	0	200	0	0	0	0	0	0	0	0	0	0	0	0	0	0	0	0	0	
93788	Occipital_Inf_R	0	308	0	172	0	0	0	0	0	0	0	0	0	0	0	0	0	0	0	192	0	0	0	0	0	0	0	0	0	0	0	0	0	272	0	434	0	442	0	0	0	0	0	5784	0	684	340	4052	0	1544	0	4448	0	0	108	11720	0	452	0	0	0	0	0	0	0	240	0	2608	0	544	0	0	0	0	0	0	0	0	0	0	0	0	0	0	0	490	0	0	0	4742	324	2316	0	0	0	0	188	336	622	1704	0	0	0	0	0	0	0	0	0	0	350	1290	188	0	0	0	
343028	Fusiform_L	396	0	0	0	0	0	0	0	0	0	0	0	0	0	0	0	666	0	166	0	118	0	0	0	0	0	0	0	3180	0	0	0	0	0	420	0	11496	0	5808	0	1940	0	1334	0	622	0	18048	2172	500	0	6822	0	6234	108	0	962	1726	0	286	0	0	0	0	0	144	0	2370	0	780	0	116	0	888	0	0	0	0	0	2048	0	1492	0	554	0	2000	0	140	0	16198	0	22764	1338	802	0	0	0	13472	1778	29318	1696	0	0	216	0	0	0	0	0	0	0	6342	3412	486	0	0	156	
400080	Fusiform_R	0	1058	0	858	0	0	0	0	0	0	0	0	0	0	0	0	0	532	0	748	0	0	0	0	0	0	0	0	0	1552	0	0	0	638	0	692	0	22936	0	13160	0	5828	120	9260	326	4796	2398	23922	0	7390	0	6280	0	11720	962	0	0	496	0	766	0	0	0	184	0	322	294	5514	0	1014	0	0	0	2280	0	0	0	1596	0	108	0	380	0	2798	0	814	0	500	0	7142	1940	16414	0	242	0	0	2346	7230	4182	17450	0	0	0	0	0	0	0	0	0	96	4698	5368	690	0	0	0	
334536	Postcentral_L	32056	254	8188	240	0	0	1948	0	0	0	4492	0	104	0	0	0	13578	0	6522	298	0	0	0	0	0	0	0	0	6852	0	0	0	636	492	1954	610	1548	0	2312	0	0	0	0	0	360	0	0	0	1350	0	5188	0	1672	0	1726	0	0	260	9256	0	20460	0	10006	0	462	0	6686	0	7870	368	392	0	1746	0	826	0	440	0	3524	0	4892	0	0	0	3406	0	0	0	4294	0	0	0	0	0	0	0	0	0	0	0	0	0	0	0	0	0	0	0	0	0	0	0	0	0	0	0	
229308	Postcentral_R	0	16808	0	1912	0	0	0	132	0	0	0	1376	0	0	0	0	0	1874	358	2562	0	0	0	0	0	0	0	0	0	864	0	0	1220	8560	1646	1998	0	652	0	0	0	0	0	6422	0	650	0	1988	0	5574	0	1494	0	452	0	496	260	0	0	6516	0	4980	0	9610	0	1254	440	7446	4254	14254	0	252	0	314	0	0	0	128	0	258	0	1396	0	0	0	2716	0	0	0	3538	0	0	0	0	0	0	0	0	0	0	0	0	0	0	0	0	0	0	0	0	0	0	0	0	0	0	
260404	Parietal_Sup_L	2338	0	104	0	0	0	600	0	0	0	418	0	0	0	0	0	704	0	0	0	0	0	0	0	0	0	0	0	1198	0	0	0	0	0	0	0	0	0	222	0	0	0	146	0	1830	0	0	0	20300	0	31814	0	596	0	286	0	9256	0	0	0	13740	0	168	0	8064	0	33090	0	914	0	0	0	0	0	0	0	0	0	186	0	304	0	0	0	2436	0	0	0	1488	0	0	0	0	0	0	0	0	0	0	0	0	0	0	0	0	0	0	0	0	0	0	0	0	0	0	0	
118348	Parietal_Sup_R	0	1892	0	212	0	0	0	0	0	0	0	0	0	0	0	0	0	0	0	216	0	0	0	0	0	0	0	0	0	0	0	0	0	118	0	0	0	0	0	0	0	0	0	2134	0	5046	0	1104	0	10860	0	2412	0	0	0	766	0	6516	0	0	0	6658	0	932	0	3244	104	12962	0	338	0	0	0	0	0	0	0	0	0	0	0	148	0	0	0	1892	0	0	0	1410	0	0	0	0	0	0	0	0	104	0	0	0	0	0	0	0	0	0	0	0	0	106	0	0	0	0	
216928	Parietal_Inf_L	5512	0	520	0	0	0	288	0	0	0	666	0	0	0	0	0	214	0	482	0	0	0	0	0	0	0	0	0	100	0	0	0	0	0	0	0	0	0	104	0	0	0	0	0	104	0	0	0	2742	0	13180	0	0	0	0	0	20460	0	13740	0	0	0	16234	0	18630	0	5224	0	502	0	0	0	0	0	0	0	0	0	0	0	938	0	0	0	5452	0	0	0	3372	0	0	0	0	0	0	0	0	0	0	0	0	0	0	0	0	0	0	0	0	0	0	0	0	0	0	0	
107664	Parietal_Inf_R	0	442	0	98	0	0	0	0	0	0	0	0	0	0	0	0	0	1012	0	98	0	0	0	0	0	0	0	0	0	0	0	0	0	0	0	0	0	0	0	0	0	0	0	602	0	392	0	450	0	5530	0	4812	0	0	0	0	0	4980	0	6658	0	0	0	6796	0	13380	0	1708	0	0	0	0	0	0	0	0	0	0	0	0	0	1220	0	0	0	3298	0	0	0	2356	0	0	0	0	0	0	0	0	0	0	0	0	0	0	0	0	0	0	0	0	0	0	0	0	0	0	
109288	SupraMarginal_L	1510	0	424	0	0	0	94	0	0	0	110	0	0	0	0	0	1632	0	358	0	0	0	0	0	0	0	0	0	128	0	0	0	0	0	0	0	0	0	0	0	0	0	0	0	0	0	0	0	170	0	382	0	0	0	0	0	10006	0	168	0	16234	0	0	0	7204	0	170	0	0	0	0	0	0	0	0	0	0	0	112	0	6792	0	0	0	5632	0	0	0	3518	0	0	0	0	0	0	0	0	0	0	0	0	0	0	0	0	0	0	0	0	0	0	0	0	0	0	0	
83704	SupraMarginal_R	0	3092	0	336	0	0	0	0	0	0	0	0	0	0	0	0	0	3778	0	460	0	0	0	0	0	0	0	0	0	202	0	0	0	274	0	0	0	632	0	0	0	0	0	234	0	0	0	136	0	1510	0	262	0	0	0	184	0	9610	0	932	0	6796	0	0	0	4322	0	868	314	924	0	0	0	0	0	0	0	0	0	0	0	5622	0	0	0	870	0	0	0	494	0	0	0	0	0	0	0	0	0	0	0	0	0	0	0	0	0	0	0	0	0	0	0	0	0	0	
158596	Angular_L	138	0	112	0	0	0	0	0	0	0	0	0	0	0	0	0	210	0	108	0	0	0	0	0	0	0	0	0	0	0	0	0	0	0	0	0	0	0	0	0	0	0	0	0	102	0	0	0	2214	0	16152	0	306	0	144	0	462	0	8064	0	18630	0	7204	0	0	0	4532	0	0	0	0	0	0	0	0	0	0	0	0	0	2694	0	0	0	12016	0	0	0	6210	0	0	0	0	0	0	0	0	0	0	0	0	0	0	0	0	0	0	0	0	0	0	0	0	0	0	0	
127880	Angular_R	0	758	0	1550	0	0	0	0	0	0	0	0	0	0	0	0	0	860	0	1532	0	0	0	0	0	0	0	0	0	0	0	0	0	0	0	0	0	100	0	0	0	0	0	2424	0	508	0	1246	0	5524	0	12116	0	240	0	322	0	1254	0	3244	0	13380	0	4322	0	0	0	2056	0	110	0	0	0	114	0	0	0	102	0	0	0	1488	0	0	0	8314	0	0	0	2376	0	0	0	0	0	0	0	0	0	0	0	0	0	0	0	0	0	0	0	0	0	0	0	0	0	0	
434972	Precuneus_L	2512	0	108	0	0	0	578	0	0	0	412	0	0	0	0	0	772	0	288	234	0	0	0	0	0	0	0	0	1260	0	0	0	3722	2490	6746	1008	1878	0	2938	0	0	0	13120	3332	13502	2710	3486	692	31564	1710	40338	820	5580	0	2370	294	6686	440	33090	104	5224	0	170	0	4532	0	0	6780	3546	1340	0	0	0	0	0	0	0	0	306	0	324	0	0	0	7208	148	0	0	2946	0	0	0	0	0	0	0	178	0	0	0	0	0	0	0	0	0	0	0	0	0	0	0	0	0	0	0	
366348	Precuneus_R	240	946	0	368	0	0	0	0	0	0	0	0	0	0	0	0	0	124	212	924	0	0	0	0	0	0	0	0	0	150	0	0	274	6362	772	10834	0	3882	0	3436	0	0	0	29634	142	22908	0	12866	0	25734	0	6502	0	2608	0	5514	0	7446	0	12962	0	1708	0	868	0	2056	6780	0	0	6310	0	0	0	0	0	0	338	360	0	0	0	626	0	0	0	2026	0	0	0	4232	0	756	0	0	0	0	0	232	176	0	0	0	0	0	0	0	0	0	0	0	1680	186	0	0	0	0	
306736	Paracentral_Lobule_L	27976	3494	1356	954	0	0	470	0	0	0	0	0	0	0	0	0	464	0	5602	20528	0	0	0	0	0	0	0	0	544	0	0	0	4902	20952	4536	2858	2138	550	1082	142	0	0	0	0	380	0	0	0	180	0	848	0	864	0	780	0	7870	4254	914	0	502	0	0	314	0	0	3546	0	0	19454	720	822	604	0	802	0	8332	1468	198	0	104	0	0	0	550	0	0	0	1314	0	0	0	0	0	0	0	0	0	0	0	0	0	0	0	0	0	0	0	0	0	0	0	0	0	0	0	
340256	Paracentral_Lobule_R	6150	15002	208	426	0	0	0	0	0	0	0	0	0	0	0	0	0	178	2688	31390	0	0	0	0	0	0	0	0	0	150	0	0	3834	33454	2134	2768	0	1770	0	190	0	0	0	5548	0	272	0	1812	0	674	0	0	0	544	0	1014	368	14254	0	338	0	0	0	924	0	110	1340	6310	19454	0	0	4694	0	0	0	0	254	6092	0	160	0	868	0	0	0	1782	0	0	0	2974	0	0	0	0	0	0	0	0	0	0	0	0	0	0	0	0	0	0	0	0	0	0	0	0	0	0	
179736	Caudate_L	1544	838	8200	1540	1122	0	1584	596	1624	0	180	1290	2060	0	2392	0	278	0	7500	1774	4560	4024	344	230	0	0	452	0	3980	928	5958	4612	0	0	0	0	548	0	0	0	0	0	0	0	0	0	0	0	0	0	0	0	0	0	116	0	392	0	0	0	0	0	0	0	0	0	0	0	720	0	0	8768	10510	656	1152	0	7772	180	0	0	792	0	244	0	0	0	0	0	408	0	0	0	0	0	0	0	0	0	0	0	0	0	0	0	0	0	0	0	0	0	0	0	0	0	0	0	
288788	Caudate_R	1138	8006	1520	14010	0	2094	1380	232	638	0	0	1428	632	282	674	134	0	294	3024	21840	2936	3482	0	2628	0	2896	0	1612	162	1514	3658	15390	0	4304	0	0	0	318	0	112	0	0	0	0	0	0	0	0	0	0	0	0	0	0	0	0	0	252	0	0	0	0	0	0	0	0	0	0	822	4694	8768	0	1958	9344	0	1812	258	20148	0	0	0	0	0	0	0	0	0	0	0	0	0	0	0	0	0	0	0	0	0	0	0	0	0	0	0	0	0	0	0	0	0	0	0	0	0	0	
245924	Putamen_L	5590	224	11692	826	10842	0	5304	128	2684	0	1514	0	774	0	6966	0	796	0	11006	836	2800	1994	1374	94	266	0	688	0	13796	0	5014	2308	288	104	0	0	7958	0	0	0	108	0	0	0	0	0	0	0	0	0	0	0	0	0	888	0	1746	0	0	0	0	0	0	0	0	0	0	0	604	0	10510	1958	0	134	6602	0	1820	0	0	0	890	0	804	0	0	0	0	0	1032	0	0	0	0	0	0	0	0	0	0	0	0	0	0	0	0	0	0	0	0	0	0	0	0	0	0	0	
287504	Putamen_R	0	3148	608	16814	0	4134	0	8372	0	1414	0	4636	0	2116	0	1586	0	2982	2346	12730	266	606	1016	7258	0	4198	0	2026	236	21540	1248	8744	0	2706	0	0	0	9664	0	2550	0	870	0	0	0	0	0	0	0	0	0	0	0	0	0	2280	0	314	0	0	0	0	0	0	0	114	0	0	0	0	656	9344	134	0	0	1664	0	5186	0	0	0	136	0	0	0	110	0	0	0	0	0	0	0	0	0	0	0	0	0	0	0	0	0	0	0	0	0	0	0	0	0	0	0	0	0	0	
48348	Pallidum_L	1538	0	3736	0	0	0	210	0	0	0	312	0	0	0	0	0	692	0	3336	124	0	0	0	0	0	0	0	0	696	0	0	0	0	0	0	0	2054	0	0	0	0	0	0	0	0	0	0	0	0	0	0	0	0	0	0	0	826	0	0	0	0	0	0	0	0	0	0	0	802	0	1152	0	6602	0	0	0	1614	0	0	0	480	0	0	0	0	0	0	0	0	0	0	0	0	0	0	0	0	0	0	0	0	0	0	0	0	0	0	0	0	0	0	0	0	0	0	0	
22144	Pallidum_R	0	930	0	3322	0	0	0	330	0	0	0	0	0	0	0	0	0	114	0	2306	0	0	0	0	0	0	0	0	0	0	0	0	0	0	0	0	0	204	0	134	0	0	0	0	0	0	0	0	0	0	0	0	0	0	0	0	0	0	0	0	0	0	0	0	0	0	0	0	0	0	0	1812	0	1664	0	0	0	256	0	0	0	0	0	0	0	0	0	0	0	0	0	0	0	0	0	0	0	0	0	0	0	0	0	0	0	0	0	0	0	0	0	0	0	0	0	0	
96820	Thalamus_L	14096	1066	208	178	0	0	288	0	0	0	90	0	0	0	0	0	0	0	0	224	0	0	0	0	0	0	0	0	332	0	0	0	0	606	934	1514	2548	1558	0	612	0	0	0	0	0	0	0	106	0	0	0	0	0	0	0	0	440	0	0	0	0	0	0	0	0	0	0	338	8332	254	7772	258	1820	0	1614	0	0	3000	0	0	0	0	0	0	0	0	0	0	222	0	0	0	0	0	0	0	0	0	0	0	0	0	0	0	0	0	0	0	0	0	0	0	0	0	0	0	
204360	Thalamus_R	2130	17188	390	7748	0	0	1696	776	0	0	0	96	0	0	0	0	0	266	882	10832	0	0	0	0	0	0	0	0	0	604	0	114	0	5788	1110	2404	484	6886	0	3830	0	110	0	0	0	0	0	124	0	0	0	0	0	0	0	1596	0	128	0	0	0	0	0	0	0	102	0	360	1468	6092	180	20148	0	5186	0	256	3000	0	0	0	0	0	0	0	0	98	0	0	0	108	0	0	0	0	0	0	0	0	0	0	0	0	0	0	0	0	0	0	0	0	0	0	0	0	0	0	
68056	Heschl_L	4654	0	1018	0	0	0	354	0	0	0	606	0	0	0	0	0	4514	0	728	0	0	0	0	0	0	0	0	0	6488	0	0	0	0	0	0	0	2844	0	1368	0	0	0	122	0	0	0	0	0	0	0	220	0	144	0	2048	0	3524	0	186	0	0	0	112	0	0	0	306	0	198	0	0	0	0	0	0	0	0	0	0	0	2034	0	0	0	1148	0	0	0	1412	0	0	0	0	0	0	0	0	0	0	0	0	0	0	0	0	0	0	0	0	0	0	0	0	0	0	0	
14976	Heschl_R	0	338	0	368	0	0	0	0	0	0	0	0	0	0	0	0	0	2252	0	390	0	0	0	0	0	0	0	0	0	952	0	0	0	0	0	0	0	382	0	96	0	0	0	0	0	0	0	0	0	106	0	0	0	0	0	108	0	258	0	0	0	0	0	0	0	0	0	0	0	160	0	0	0	0	0	0	0	0	0	0	0	2078	0	0	0	0	0	0	0	0	0	0	0	0	0	0	0	0	0	0	0	0	0	0	0	0	0	0	0	0	0	0	0	0	0	0	
177720	Temporal_Sup_L	2812	0	5192	110	0	0	864	0	0	0	3858	0	352	0	0	0	10624	0	4038	126	0	0	0	0	0	0	0	0	13376	0	0	0	0	0	0	0	1700	0	518	0	0	0	0	0	0	0	0	0	208	0	408	0	108	0	1492	0	4892	0	304	0	938	0	6792	0	2694	0	324	0	104	0	792	0	890	0	480	0	0	0	2034	0	0	0	2558	0	16470	0	0	0	3802	0	0	0	0	0	0	0	0	0	0	0	0	0	0	0	0	0	0	0	0	0	0	0	0	0	0	0	
69072	Temporal_Sup_R	0	920	0	480	0	0	0	294	0	0	0	270	0	0	0	0	0	5120	0	546	0	0	0	0	0	0	0	0	0	1778	0	0	0	190	0	0	0	960	0	140	0	0	0	522	0	0	0	228	0	830	0	306	0	0	0	380	0	1396	0	148	0	1220	0	5622	0	1488	0	626	0	868	0	0	0	136	0	0	0	0	0	2078	0	0	0	852	0	4956	0	138	0	2044	0	0	0	0	0	0	0	0	0	0	0	0	0	0	0	0	0	0	0	0	0	0	0	0	0	0	
53612	Temporal_Pole_Sup_L	0	0	2296	0	308	0	0	0	0	0	2634	0	0	0	1266	0	1796	0	1756	0	702	0	0	0	0	0	0	0	5570	0	0	0	0	0	0	0	1470	0	308	0	1124	0	0	0	0	0	0	0	0	0	0	0	0	0	554	0	0	0	0	0	0	0	0	0	0	0	0	0	0	0	244	0	804	0	0	0	0	0	0	0	2558	0	0	0	1680	0	550	0	1186	0	0	0	0	0	0	0	0	0	0	0	0	0	0	0	0	0	0	0	0	0	0	0	0	0	0	0	
22996	Temporal_Pole_Sup_R	0	0	0	358	0	0	0	0	0	0	0	0	0	0	0	0	0	522	0	358	0	0	0	0	0	0	0	0	0	188	0	0	0	0	0	0	0	514	0	450	0	886	0	0	0	0	0	0	0	0	0	0	0	0	0	2798	0	0	0	0	0	0	0	0	0	0	0	0	0	0	0	0	0	0	0	0	0	0	0	0	0	852	0	0	0	748	0	1526	0	2298	0	0	0	0	0	0	0	0	0	0	0	0	0	0	0	0	0	0	0	0	0	0	0	0	0	0	
264016	Temporal_Mid_L	1450	0	292	0	0	0	0	0	0	0	0	0	0	0	0	0	958	0	262	0	0	0	0	0	0	0	0	0	1116	0	0	0	94	0	0	0	1182	0	0	0	0	0	598	0	332	0	0	0	6270	0	21970	0	4008	0	2000	0	3406	0	2436	0	5452	0	5632	0	12016	0	7208	0	550	0	0	0	0	0	0	0	0	0	1148	0	16470	0	1680	0	0	0	1054	0	34424	0	0	0	0	0	0	0	0	0	0	0	0	0	0	0	0	0	0	0	0	0	0	0	0	0	0	0	
140452	Temporal_Mid_R	0	1942	0	452	0	0	0	0	0	0	0	0	0	0	0	0	0	148	0	530	0	0	0	0	0	0	0	0	0	236	0	0	0	432	0	0	0	406	0	0	0	0	0	2500	518	1302	0	434	0	3248	0	8468	0	490	0	814	0	2716	0	1892	0	3298	0	870	0	8314	148	2026	0	1782	0	0	0	110	0	0	0	98	0	0	0	4956	0	748	0	0	0	360	0	20988	0	0	0	0	0	0	0	0	0	0	0	0	0	0	0	0	0	0	0	0	0	0	0	0	0	0	
5264	Temporal_Pole_Mid_L	0	0	0	0	0	0	0	0	0	0	0	0	0	0	0	0	0	0	0	0	0	0	0	0	0	0	0	0	0	0	0	0	0	0	0	0	0	0	0	0	0	0	0	0	0	0	0	0	0	0	0	0	0	0	140	0	0	0	0	0	0	0	0	0	0	0	0	0	0	0	0	0	0	0	0	0	0	0	0	0	0	0	550	0	1054	0	0	0	888	0	0	0	0	0	0	0	0	0	0	0	0	0	0	0	0	0	0	0	0	0	0	0	0	0	0	0	
8856	Temporal_Pole_Mid_R	0	0	0	0	0	0	0	0	0	0	0	0	0	0	0	0	0	0	0	0	0	0	0	0	0	0	0	0	0	0	0	0	0	0	0	0	0	0	0	96	0	0	0	0	0	0	0	0	0	0	0	0	0	0	0	500	0	0	0	0	0	0	0	0	0	0	0	0	0	0	0	0	0	0	0	0	0	0	0	0	0	138	0	1526	0	360	0	0	0	1808	0	0	0	0	0	0	0	0	0	0	0	0	0	0	0	0	0	0	0	0	0	0	0	0	0	0	
243740	Temporal_Inf_L	1440	0	286	0	0	0	0	0	0	0	0	0	0	0	0	0	1436	0	392	0	0	0	0	0	0	0	0	0	4774	0	0	0	0	0	386	0	11766	0	1356	0	948	0	1200	0	276	0	116	0	1360	0	5998	0	6494	0	16198	0	4294	0	1488	0	3372	0	3518	0	6210	0	2946	0	1314	0	408	0	1032	0	0	0	222	0	1412	0	3802	0	1186	0	34424	0	888	0	0	0	780	0	148	0	0	0	0	0	0	0	0	0	0	0	0	0	0	0	0	0	0	0	0	0	0	0	
151080	Temporal_Inf_R	0	1784	0	196	0	0	0	0	0	0	0	0	0	0	0	0	0	200	0	362	0	0	0	0	0	0	0	0	0	788	0	0	0	1268	0	528	0	2372	0	672	0	238	0	3466	0	718	0	1392	0	3328	0	574	0	4742	0	7142	0	3538	0	1410	0	2356	0	494	0	2376	0	4232	0	2974	0	0	0	0	0	0	0	108	0	0	0	2044	0	2298	0	20988	0	1808	0	0	0	1040	0	0	0	0	0	0	0	104	0	0	0	0	0	0	0	0	0	0	0	0	0	0	0	0	
535476	Cerebelum_Crus1_L	0	0	0	0	0	0	0	0	0	0	0	0	0	0	0	0	0	0	0	0	0	0	0	0	0	0	0	0	0	0	0	0	0	0	0	0	0	0	0	0	0	0	0	0	0	114	13484	4278	0	156	98	0	228	324	22764	1940	0	0	0	0	0	0	0	0	0	0	0	0	0	0	0	0	0	0	0	0	0	0	0	0	0	0	0	0	0	0	0	0	780	0	0	8056	31922	1980	1016	288	26130	3212	62820	10286	12668	404	18124	3168	2654	1888	0	0	334	368	8918	10884	11702	3706	2300	744	
565124	Cerebelum_Crus1_R	0	0	0	0	0	0	0	0	0	0	0	0	0	0	0	0	0	0	0	0	0	0	0	0	0	0	0	0	0	0	0	0	0	0	0	0	0	0	0	0	0	0	1382	984	0	90	3616	9906	0	0	0	0	0	2316	1338	16414	0	0	0	0	0	0	0	0	0	0	0	756	0	0	0	0	0	0	0	0	0	0	0	0	0	0	0	0	0	0	0	0	0	1040	8056	0	1846	33692	0	3070	4140	28604	9416	79892	598	3136	200	18360	102	3384	0	1754	570	1502	14472	12342	13566	2602	2986	430	
239604	Cerebelum_Crus2_L	0	0	0	0	0	0	0	0	0	0	0	0	0	0	0	0	0	0	0	0	0	0	0	0	0	0	0	0	0	0	0	0	0	0	0	0	0	0	0	0	0	0	0	0	0	0	1358	0	0	0	0	0	0	0	802	0	0	0	0	0	0	0	0	0	0	0	0	0	0	0	0	0	0	0	0	0	0	0	0	0	0	0	0	0	0	0	0	0	148	0	31922	1846	0	4874	134	0	1054	0	5994	1784	28330	1574	25054	1790	1658	366	0	0	0	0	218	262	7160	2908	566	0	
283324	Cerebelum_Crus2_R	0	0	0	0	0	0	0	0	0	0	0	0	0	0	0	0	0	0	0	0	0	0	0	0	0	0	0	0	0	0	0	0	0	0	0	0	0	0	0	0	0	0	142	0	0	0	200	0	0	0	0	0	0	0	0	242	0	0	0	0	0	0	0	0	0	0	0	0	0	0	0	0	0	0	0	0	0	0	0	0	0	0	0	0	0	0	0	0	0	0	1980	33692	4874	0	0	838	364	4334	334	19896	1900	17944	1346	29400	0	3322	0	1612	258	544	1340	214	10314	4554	2018	0	
42616	Cerebelum_3_L	0	0	0	0	0	0	0	0	0	0	0	0	0	0	0	0	0	0	0	0	0	0	0	0	0	0	0	0	0	0	0	0	0	0	0	0	0	0	90	0	0	0	0	0	0	0	456	0	0	0	0	0	0	0	0	0	0	0	0	0	0	0	0	0	0	0	0	0	0	0	0	0	0	0	0	0	0	0	0	0	0	0	0	0	0	0	0	0	0	0	1016	0	134	0	0	118	6946	104	1924	198	0	0	278	112	2730	196	404	0	434	1542	2534	604	512	394	472	110	
63944	Cerebelum_3_R	0	0	0	0	0	0	0	0	0	0	0	0	0	0	0	0	0	0	0	0	0	0	0	0	0	0	0	0	0	0	0	0	0	0	0	0	0	0	0	0	0	0	128	0	0	0	0	0	0	0	0	0	0	0	0	0	0	0	0	0	0	0	0	0	0	0	0	0	0	0	0	0	0	0	0	0	0	0	0	0	0	0	0	0	0	0	0	0	0	0	288	3070	0	838	118	0	330	4544	142	4926	0	0	0	1634	0	2496	0	124	1770	3818	1522	486	1904	1938	1896	0	
376168	Cerebelum_4_5_L	0	0	0	0	0	0	0	0	0	0	0	0	0	0	0	0	0	0	0	0	0	0	0	0	0	0	0	0	0	0	0	0	0	0	0	0	220	0	710	0	0	0	246	0	0	0	16542	5634	0	0	0	0	0	188	13472	2346	0	0	0	0	0	0	0	0	0	0	178	0	0	0	0	0	0	0	0	0	0	0	0	0	0	0	0	0	0	0	0	0	0	0	26130	4140	1054	364	6946	330	0	8972	40816	6758	900	0	1234	912	4922	1232	390	0	1020	2620	26318	5398	2104	1682	2238	2068	
330948	Cerebelum_4_5_R	0	0	0	0	0	0	0	0	0	0	0	0	0	0	0	0	0	0	0	0	0	0	0	0	0	0	0	0	0	0	0	0	0	0	0	0	0	268	0	590	0	0	1862	0	0	0	6032	10078	0	0	0	0	0	336	1778	7230	0	0	0	0	0	0	0	0	0	0	0	232	0	0	0	0	0	0	0	0	0	0	0	0	0	0	0	0	0	0	0	0	0	0	3212	28604	0	4334	104	4544	8972	0	6646	38588	0	246	0	3030	0	2332	0	178	390	1760	24972	2076	2390	2082	2094	514	
553860	Cerebelum_6_L	0	0	0	0	0	0	0	0	0	0	0	0	0	0	0	0	0	0	0	0	0	0	0	0	0	0	0	0	0	0	0	0	0	0	0	0	0	0	100	0	0	0	120	146	0	252	21168	9678	0	374	0	158	200	622	29318	4182	0	0	0	104	0	0	0	0	0	0	0	176	0	0	0	0	0	0	0	0	0	0	0	0	0	0	0	0	0	0	0	0	0	0	62820	9416	5994	334	1924	142	40816	6646	0	13590	3408	0	5170	1630	3996	1258	326	106	284	880	19382	20088	7234	1528	1736	1624	
630736	Cerebelum_6_R	0	0	0	0	0	0	0	0	0	0	0	0	0	0	0	0	0	0	0	0	0	0	0	0	0	0	0	0	0	0	0	0	0	0	0	0	0	0	0	0	0	0	1750	106	0	0	5348	13152	0	0	0	188	0	1704	1696	17450	0	0	0	0	0	0	0	0	0	0	0	0	0	0	0	0	0	0	0	0	0	0	0	0	0	0	0	0	0	0	0	0	0	104	10286	79892	1784	19896	198	4926	6758	38588	13590	0	558	972	268	14064	184	6046	0	1668	1468	3138	21616	19528	15206	5548	6044	1644	
165592	Cerebelum_7b_L	0	0	0	0	0	0	0	0	0	0	0	0	0	0	0	0	0	0	0	0	0	0	0	0	0	0	0	0	0	0	0	0	0	0	0	0	0	0	0	0	0	0	0	0	0	0	0	0	0	0	0	0	0	0	0	0	0	0	0	0	0	0	0	0	0	0	0	0	0	0	0	0	0	0	0	0	0	0	0	0	0	0	0	0	0	0	0	0	0	0	12668	598	28330	1900	0	0	900	0	3408	558	0	178	22766	1446	2028	322	352	0	0	0	168	136	4076	2580	382	0	
94996	Cerebelum_7b_R	0	0	0	0	0	0	0	0	0	0	0	0	0	0	0	0	0	0	0	0	0	0	0	0	0	0	0	0	0	0	0	0	0	0	0	0	0	0	0	0	0	0	0	0	0	0	0	0	0	0	0	0	0	0	0	0	0	0	0	0	0	0	0	0	0	0	0	0	0	0	0	0	0	0	0	0	0	0	0	0	0	0	0	0	0	0	0	0	0	0	404	3136	1574	17944	0	0	0	246	0	972	178	0	190	17038	0	2798	0	276	0	0	124	0	1498	854	266	0	
210480	Cerebelum_8_L	0	0	0	0	0	0	0	0	0	0	0	0	0	0	0	0	0	0	0	0	0	0	0	0	0	0	0	0	0	0	0	0	0	0	0	0	0	0	0	0	0	0	0	0	0	0	0	0	0	0	0	0	0	0	216	0	0	0	0	0	0	0	0	0	0	0	0	0	0	0	0	0	0	0	0	0	0	0	0	0	0	0	0	0	0	0	0	0	0	0	18124	200	25054	1346	278	0	1234	0	5170	268	22766	190	0	2988	11670	1724	1776	0	0	0	266	218	4248	5040	2464	0	
302296	Cerebelum_8_R	0	0	0	0	0	0	0	0	0	0	0	0	0	0	0	0	0	0	0	0	0	0	0	0	0	0	0	0	0	0	0	0	0	0	0	0	0	0	0	0	0	0	0	0	0	0	140	0	0	0	0	0	0	0	0	0	0	0	0	0	0	0	0	0	0	0	0	0	0	0	0	0	0	0	0	0	0	0	0	0	0	0	0	0	0	0	0	0	0	0	3168	18360	1790	29400	112	1634	912	3030	1630	14064	1446	17038	2988	0	356	16402	0	3806	1308	1558	2278	2764	11352	9136	6098	378	
100512	Cerebelum_9_L	0	0	0	0	0	0	0	0	0	0	0	0	0	0	0	0	0	0	0	0	0	0	0	0	0	0	0	0	0	0	0	0	0	0	0	0	0	0	0	0	0	0	0	0	0	0	0	0	0	0	0	0	0	0	0	0	0	0	0	0	0	0	0	0	0	0	0	0	0	0	0	0	0	0	0	0	0	0	0	0	0	0	0	0	0	0	0	0	0	0	2654	102	1658	0	2730	0	4922	0	3996	184	2028	0	11670	356	0	1614	3402	0	0	310	2374	2372	2634	2296	3996	958	
174292	Cerebelum_9_R	0	0	0	0	0	0	0	0	0	0	0	0	0	0	0	0	0	0	0	0	0	0	0	0	0	0	0	0	0	0	0	0	0	0	0	0	0	0	0	0	0	0	0	0	0	0	126	0	0	0	0	0	0	0	0	0	0	0	0	0	0	0	0	0	0	0	0	0	0	0	0	0	0	0	0	0	0	0	0	0	0	0	0	0	0	0	0	0	0	0	1888	3384	366	3322	196	2496	1232	2332	1258	6046	322	2798	1724	16402	1614	0	0	2710	2448	2254	2786	3352	7118	8296	10494	2182	
14356	Cerebelum_10_L	0	0	0	0	0	0	0	0	0	0	0	0	0	0	0	0	0	0	0	0	0	0	0	0	0	0	0	0	0	0	0	0	0	0	0	0	0	0	0	0	0	0	0	0	0	0	0	0	0	0	0	0	0	0	0	0	0	0	0	0	0	0	0	0	0	0	0	0	0	0	0	0	0	0	0	0	0	0	0	0	0	0	0	0	0	0	0	0	0	0	0	0	0	0	404	0	390	0	326	0	352	0	1776	0	3402	0	0	0	0	0	0	0	100	110	318	0	
27128	Cerebelum_10_R	0	0	0	0	0	0	0	0	0	0	0	0	0	0	0	0	0	0	0	0	0	0	0	0	0	0	0	0	0	0	0	0	0	0	0	0	0	0	0	0	0	0	0	0	0	0	0	0	0	0	0	0	0	0	0	0	0	0	0	0	0	0	0	0	0	0	0	0	0	0	0	0	0	0	0	0	0	0	0	0	0	0	0	0	0	0	0	0	0	0	0	1754	0	1612	0	124	0	178	106	1668	0	276	0	3806	0	2710	0	0	144	0	0	220	332	282	352	0	
47316	Vermis_1_2	0	0	0	0	0	0	0	0	0	0	0	0	0	0	0	0	0	0	0	0	0	0	0	0	0	0	0	0	0	0	0	0	0	0	0	0	100	0	170	0	0	0	0	0	0	0	0	0	0	0	0	0	0	0	0	0	0	0	0	0	0	0	0	0	0	0	0	0	0	0	0	0	0	0	0	0	0	0	0	0	0	0	0	0	0	0	0	0	0	0	334	570	0	258	434	1770	1020	390	284	1468	0	0	0	1308	0	2448	0	144	0	5736	1402	742	1532	1640	1760	148	
76692	Vermis_3	0	0	0	0	0	0	0	0	0	0	0	0	0	0	0	0	0	0	0	0	0	0	0	0	0	0	0	0	0	0	0	0	0	0	0	0	204	0	348	0	0	0	0	0	0	0	278	200	0	0	0	0	0	0	0	96	0	0	0	0	0	0	0	0	0	0	0	0	0	0	0	0	0	0	0	0	0	0	0	0	0	0	0	0	0	0	0	0	0	0	368	1502	0	544	1542	3818	2620	1760	880	3138	0	0	0	1558	310	2254	0	0	5736	0	3452	1292	1830	1878	2064	674	
400112	Vermis_4_5	0	0	0	0	0	0	0	0	0	0	0	0	0	0	0	0	0	0	0	0	0	0	0	0	0	0	0	0	0	0	0	0	0	0	0	1376	0	924	0	850	0	0	1930	314	0	0	13176	11796	0	0	0	0	0	350	6342	4698	0	0	0	0	0	0	0	0	0	0	0	1680	0	0	0	0	0	0	0	0	0	0	0	0	0	0	0	0	0	0	0	0	0	0	8918	14472	218	1340	2534	1522	26318	24972	19382	21616	168	124	266	2278	2374	2786	0	0	1402	3452	0	9758	2620	2810	3774	3516	
276008	Vermis_6	0	0	0	0	0	0	0	0	0	0	0	0	0	0	0	0	0	0	0	0	0	0	0	0	0	0	0	0	0	0	0	0	0	0	0	0	0	0	0	0	0	0	0	228	0	276	5450	9836	0	430	0	308	0	1290	3412	5368	0	0	0	106	0	0	0	0	0	0	0	186	0	0	0	0	0	0	0	0	0	0	0	0	0	0	0	0	0	0	0	0	0	0	10884	12342	262	214	604	486	5398	2076	20088	19528	136	0	218	2764	2372	3352	0	220	742	1292	9758	0	6476	2798	4204	4900	
278724	Vermis_7	0	0	0	0	0	0	0	0	0	0	0	0	0	0	0	0	0	0	0	0	0	0	0	0	0	0	0	0	0	0	0	0	0	0	0	0	0	0	0	0	0	0	0	0	0	98	696	1428	0	142	0	90	0	188	486	690	0	0	0	0	0	0	0	0	0	0	0	0	0	0	0	0	0	0	0	0	0	0	0	0	0	0	0	0	0	0	0	0	0	0	11702	13566	7160	10314	512	1904	2104	2390	7234	15206	4076	1498	4248	11352	2634	7118	100	332	1532	1830	2620	6476	0	11588	7506	542	
174424	Vermis_8	0	0	0	0	0	0	0	0	0	0	0	0	0	0	0	0	0	0	0	0	0	0	0	0	0	0	0	0	0	0	0	0	0	0	0	0	0	0	0	0	0	0	0	0	0	0	110	0	0	0	0	0	0	0	0	0	0	0	0	0	0	0	0	0	0	0	0	0	0	0	0	0	0	0	0	0	0	0	0	0	0	0	0	0	0	0	0	0	0	0	3706	2602	2908	4554	394	1938	1682	2082	1528	5548	2580	854	5040	9136	2296	8296	110	282	1640	1878	2810	2798	11588	0	9588	1264	
