data	data	470280	232660	1.16333e+06	1.01744e+06	152580	119872	679052	438504	99504	15456	260172	141060	385016	262976	286160	214212	161880	89492	689180	496908	76584	79324	570924	615984	58920	131788	77900	65352	702584	352284	595132	813328	168192	524016	84480	141708	217496	189676	67284	90284	22464	42360	119340	219776	105172	235760	114020	168012	170636	277404	337888	254168	91960	36128	195532	213148	279708	174612	131060	50924	236156	96872	134276	114592	151480	117864	157508	243688	148380	87220	259604	400424	430280	252972	61836	33744	92224	157012	122788	13536	171096	56100	80340	30524	269160	119920	18852	12488	169620	69128	369300	383164	258220	203632	14108	26144	231612	204484	338316	356676	163096	114536	224644	254640	97112	133780	32008	12332	10160	14596	190360	149300	132444	99032	79356	17240	
data	data	Precentral_L	Precentral_R	Frontal_Sup_L	Frontal_Sup_R	Frontal_Sup_Orb_L	Frontal_Sup_Orb_R	Frontal_Mid_L	Frontal_Mid_R	Frontal_Mid_Orb_L	Frontal_Mid_Orb_R	Frontal_Inf_Oper_L	Frontal_Inf_Oper_R	Frontal_Inf_Tri_L	Frontal_Inf_Tri_R	Frontal_Inf_Orb_L	Frontal_Inf_Orb_R	Rolandic_Oper_L	Rolandic_Oper_R	Supp_Motor_Area_L	Supp_Motor_Area_R	Olfactory_L	Olfactory_R	Frontal_Sup_Medial_L	Frontal_Sup_Medial_R	Frontal_Med_Orb_L	Frontal_Med_Orb_R	Rectus_L	Rectus_R	Insula_L	Insula_R	Cingulum_Ant_L	Cingulum_Ant_R	Cingulum_Mid_L	Cingulum_Mid_R	Cingulum_Post_L	Cingulum_Post_R	Hippocampus_L	Hippocampus_R	ParaHippocampal_L	ParaHippocampal_R	Amygdala_L	Amygdala_R	Calcarine_L	Calcarine_R	Cuneus_L	Cuneus_R	Lingual_L	Lingual_R	Occipital_Sup_L	Occipital_Sup_R	Occipital_Mid_L	Occipital_Mid_R	Occipital_Inf_L	Occipital_Inf_R	Fusiform_L	Fusiform_R	Postcentral_L	Postcentral_R	Parietal_Sup_L	Parietal_Sup_R	Parietal_Inf_L	Parietal_Inf_R	SupraMarginal_L	SupraMarginal_R	Angular_L	Angular_R	Precuneus_L	Precuneus_R	Paracentral_Lobule_L	Paracentral_Lobule_R	Caudate_L	Caudate_R	Putamen_L	Putamen_R	Pallidum_L	Pallidum_R	Thalamus_L	Thalamus_R	Heschl_L	Heschl_R	Temporal_Sup_L	Temporal_Sup_R	Temporal_Pole_Sup_L	Temporal_Pole_Sup_R	Temporal_Mid_L	Temporal_Mid_R	Temporal_Pole_Mid_L	Temporal_Pole_Mid_R	Temporal_Inf_L	Temporal_Inf_R	Cerebelum_Crus1_L	Cerebelum_Crus1_R	Cerebelum_Crus2_L	Cerebelum_Crus2_R	Cerebelum_3_L	Cerebelum_3_R	Cerebelum_4_5_L	Cerebelum_4_5_R	Cerebelum_6_L	Cerebelum_6_R	Cerebelum_7b_L	Cerebelum_7b_R	Cerebelum_8_L	Cerebelum_8_R	Cerebelum_9_L	Cerebelum_9_R	Cerebelum_10_L	Cerebelum_10_R	Vermis_1_2	Vermis_3	Vermis_4_5	Vermis_6	Vermis_7	Vermis_8	Vermis_9	Vermis_10	
470280	Precentral_L	0	4420	17110	4286	0	0	23058	2876	0	0	15190	596	4316	368	1596	186	9350	1070	11964	3664	0	0	156	164	0	0	0	0	16656	1308	684	892	1130	2376	1792	710	6860	340	460	0	162	0	402	0	1612	0	0	0	1992	0	3320	0	1298	0	124	0	33958	1102	1574	0	3106	0	602	98	748	0	1128	0	15858	392	3020	2702	4124	568	1830	120	11032	1166	6112	0	1890	0	322	0	812	0	0	0	388	0	0	0	0	0	0	0	0	0	0	0	0	0	0	0	0	0	0	0	0	0	0	0	0	0	0	0	
232660	Precentral_R	4420	0	1994	13180	0	0	354	12514	0	0	100	6008	192	850	330	352	412	2344	2882	4102	0	0	368	686	0	0	0	0	1778	1884	720	2300	304	4140	426	4190	140	1146	0	178	0	0	0	264	0	350	0	0	0	420	258	592	336	154	0	160	2866	11236	0	176	110	1130	0	1710	0	0	0	1208	3826	5820	992	5352	1218	2188	780	710	200	4138	888	0	256	118	0	0	422	0	0	0	158	0	0	0	0	0	0	0	0	0	0	0	0	0	0	0	0	0	0	0	0	0	0	0	0	0	0	0	
1.16333e+06	Frontal_Sup_L	17110	1994	0	22826	13166	334	92978	6168	5508	0	11330	204	25222	730	15666	330	2558	116	79804	20514	0	0	54536	20600	1938	1748	602	0	34360	694	36694	18448	9640	16240	394	508	4880	318	684	0	0	0	0	0	0	0	0	0	98	0	106	0	136	0	124	0	2600	102	0	0	162	0	120	0	0	0	0	0	5104	0	7464	2434	28180	484	5012	0	3128	722	3830	0	1596	0	850	0	430	0	0	0	140	0	0	0	0	0	0	0	0	0	0	0	0	0	0	0	0	0	0	0	0	0	0	0	0	0	0	0	
1.01744e+06	Frontal_Sup_R	4286	13180	22826	0	110	4714	4656	68264	0	0	716	3320	1480	19446	934	13806	454	3088	22124	37868	0	0	20616	59020	192	2664	0	0	3278	17304	20112	64382	3406	31280	96	346	742	2010	0	368	0	0	0	0	0	0	0	0	0	0	0	0	94	0	0	0	2476	350	0	0	112	0	0	0	0	0	0	0	530	0	6086	22754	2542	8068	710	1958	248	14314	816	0	180	0	0	270	126	0	0	0	0	0	0	0	0	0	0	0	0	0	0	0	0	0	0	0	0	0	0	0	0	0	0	0	0	0	0	0	
152580	Frontal_Sup_Orb_L	0	0	13166	110	0	0	2626	0	14122	0	114	0	1596	0	7060	0	0	0	1348	0	326	0	6050	456	3296	264	6034	0	5362	0	4524	500	0	0	0	0	0	0	0	0	0	0	0	0	0	0	0	0	0	0	0	0	0	0	0	0	0	0	0	0	0	0	0	0	0	0	0	0	0	0	346	0	8468	0	0	0	0	0	0	0	0	0	522	0	0	0	0	0	0	0	0	0	0	0	0	0	0	0	0	0	0	0	0	0	0	0	0	0	0	0	0	0	0	0	0	0	
119872	Frontal_Sup_Orb_R	0	0	334	4714	0	0	0	1668	0	2332	0	0	0	1572	0	3752	0	0	0	0	0	324	832	5680	326	11274	0	6220	0	2558	1346	6542	0	0	0	0	0	0	0	0	0	0	0	0	0	0	0	0	0	0	0	0	0	0	0	0	0	0	0	0	0	0	0	0	0	0	0	0	0	0	0	4010	0	6184	0	268	0	0	0	0	0	0	0	0	0	0	0	0	0	0	0	0	0	0	0	0	0	0	0	0	0	0	0	0	0	0	0	0	0	0	0	0	0	0	0	0	
679052	Frontal_Mid_L	23058	354	92978	4656	2626	0	0	1566	4760	0	22338	268	54166	560	19002	204	1454	0	12426	2338	0	0	13234	3980	0	0	0	0	35304	436	10568	3990	3356	3220	318	250	2108	274	188	0	0	0	0	0	0	0	0	0	248	0	290	0	202	0	100	0	2614	124	0	0	324	0	112	0	116	0	0	0	154	0	3290	1126	7074	256	172	0	568	316	1796	0	370	0	150	0	144	0	0	0	0	0	0	0	0	0	0	0	0	0	0	0	0	0	0	0	0	0	0	0	0	0	0	0	0	0	0	0	
438504	Frontal_Mid_R	2876	12514	6168	68264	0	1668	1566	0	0	1834	680	9034	860	24568	520	8464	0	658	7264	4334	0	0	1058	8612	0	96	0	0	1250	9584	2424	9668	256	6106	0	126	266	1628	0	296	0	0	0	0	0	0	0	0	0	0	0	168	0	0	0	0	2132	384	0	0	0	0	0	0	0	0	0	104	180	0	4744	8996	1426	2398	384	1038	0	4408	128	0	0	0	0	0	0	120	0	0	0	0	0	0	0	0	0	0	0	0	0	0	0	0	0	0	0	0	0	0	0	0	0	0	0	0	0	0	
99504	Frontal_Mid_Orb_L	0	0	5508	0	14122	0	4760	0	0	0	0	0	1446	0	12822	0	0	0	272	0	0	0	950	0	712	0	3910	0	1544	0	400	0	0	0	0	0	0	0	0	0	0	0	0	0	0	0	0	0	0	0	0	0	0	0	0	0	0	0	0	0	0	0	0	0	0	0	0	0	0	0	240	0	3066	0	0	0	0	0	0	0	0	0	0	0	0	0	0	0	0	0	0	0	0	0	0	0	0	0	0	0	0	0	0	0	0	0	0	0	0	0	0	0	0	0	0	0	
15456	Frontal_Mid_Orb_R	0	0	0	0	0	2332	0	1834	0	0	0	0	0	264	0	2894	0	0	0	0	0	0	0	0	0	182	0	98	0	0	0	0	0	0	0	0	0	0	0	0	0	0	0	0	0	0	0	0	0	0	0	0	0	0	0	0	0	0	0	0	0	0	0	0	0	0	0	0	0	0	0	0	0	124	0	0	0	0	0	0	0	0	0	0	0	0	0	0	0	0	0	0	0	0	0	0	0	0	0	0	0	0	0	0	0	0	0	0	0	0	0	0	0	0	0	0	
260172	Frontal_Inf_Oper_L	15190	100	11330	716	114	0	22338	680	0	0	0	368	23014	646	1080	0	10080	0	1920	158	0	0	212	120	0	0	0	0	21870	0	1114	202	0	0	104	104	608	114	0	0	0	0	0	0	0	0	0	0	0	0	108	0	0	0	0	0	6086	106	0	0	0	0	0	0	0	0	0	0	0	0	2640	250	3096	0	220	0	0	114	1502	0	1316	0	2466	0	0	0	0	0	0	0	0	0	0	0	0	0	0	0	0	0	0	0	0	0	0	0	0	0	0	0	0	0	0	0	0	0	
141060	Frontal_Inf_Oper_R	596	6008	204	3320	0	0	268	9034	0	0	368	0	406	10550	142	868	0	5812	124	1008	0	0	0	542	0	0	0	0	312	11122	368	3046	0	380	0	0	0	294	0	0	0	0	0	0	0	186	0	0	0	198	0	256	0	0	0	0	610	2318	0	0	0	0	0	132	0	0	0	206	0	0	1282	5572	136	3106	0	152	0	460	0	0	0	0	0	1004	0	140	0	0	0	0	0	0	0	0	0	0	0	0	0	0	0	0	0	0	0	0	0	0	0	0	0	0	0	0	0	0	
385016	Frontal_Inf_Tri_L	4316	192	25222	1480	1596	0	54166	860	1446	0	23014	406	0	638	24776	0	742	0	3354	390	0	0	1560	604	0	0	0	0	35732	106	2360	760	428	226	0	0	150	0	0	0	0	0	0	0	0	0	0	0	0	0	0	0	0	0	0	0	930	0	0	0	0	0	0	0	0	0	0	0	0	0	2860	280	2838	168	0	0	0	0	142	0	0	0	766	0	0	0	0	0	0	0	0	0	0	0	0	0	0	0	0	0	0	0	0	0	0	0	0	0	0	0	0	0	0	0	0	0	
262976	Frontal_Inf_Tri_R	368	850	730	19446	0	1572	560	24568	0	264	646	10550	638	0	194	19802	0	230	1122	1636	0	0	286	4074	0	288	0	0	534	25484	734	7260	0	1102	0	0	0	338	0	0	0	0	0	0	0	0	0	0	0	0	0	0	0	0	0	0	0	0	0	0	0	0	0	0	0	0	0	0	0	0	1616	2628	190	3090	0	314	0	374	0	0	0	0	0	0	0	0	0	0	0	0	0	0	0	0	0	0	0	0	0	0	0	0	0	0	0	0	0	0	0	0	0	0	0	0	0	0	
286160	Frontal_Inf_Orb_L	1596	330	15666	934	7060	0	19002	520	12822	0	1080	142	24776	194	0	0	0	0	2804	264	1796	0	1184	430	0	0	370	0	33866	0	1316	534	272	110	0	0	1306	0	130	0	276	0	0	0	0	0	0	0	0	0	0	0	0	0	226	0	106	0	0	0	0	0	0	0	0	0	0	0	0	0	1358	192	9612	132	0	0	0	0	156	0	452	0	1956	0	110	0	0	0	0	0	0	0	0	0	0	0	0	0	0	0	0	0	0	0	0	0	0	0	0	0	0	0	0	0	0	0	
214212	Frontal_Inf_Orb_R	186	352	330	13806	0	3752	204	8464	0	2894	0	868	0	19802	0	0	0	0	698	1262	0	1522	266	3868	0	372	0	836	0	28864	236	7058	0	916	0	0	0	790	0	0	0	848	0	0	0	0	0	0	0	0	0	0	0	0	0	0	0	0	0	0	0	0	0	0	0	0	0	0	0	0	0	1766	0	6198	0	320	0	266	0	0	0	220	0	142	0	0	0	0	0	0	0	0	0	0	0	0	0	0	0	0	0	0	0	0	0	0	0	0	0	0	0	0	0	0	0	0	
161880	Rolandic_Oper_L	9350	412	2558	454	0	0	1454	0	0	0	10080	0	742	0	0	0	0	0	3050	0	0	0	0	0	0	0	0	0	15312	0	124	0	0	0	0	94	620	0	0	0	0	0	0	0	0	0	0	0	722	0	2534	0	1572	0	0	0	8394	0	256	0	352	0	2412	0	160	0	178	0	0	0	446	0	1220	0	192	0	0	0	7432	0	6990	0	1360	0	1808	0	0	0	662	0	0	0	0	0	0	0	0	0	0	0	0	0	0	0	0	0	0	0	0	0	0	0	0	0	0	0	
89492	Rolandic_Oper_R	1070	2344	116	3088	0	0	0	658	0	0	0	5812	0	230	0	0	0	0	110	3868	0	0	0	0	0	0	0	0	0	10464	0	218	0	0	0	0	0	1102	0	0	0	0	0	172	0	270	0	0	0	278	0	0	0	0	0	0	1240	4666	0	0	0	0	0	1292	0	0	0	326	0	0	0	1452	102	1950	0	132	0	444	0	1020	0	658	0	1554	0	110	0	0	0	0	0	0	0	0	0	0	0	0	0	0	0	0	0	0	0	0	0	0	0	0	0	0	0	0	0	0	
689180	Supp_Motor_Area_L	11964	2882	79804	22124	1348	0	12426	7264	272	0	1920	124	3354	1122	2804	698	3050	110	0	36960	0	0	9444	8438	120	0	0	0	16740	1262	12716	7518	11466	19692	376	1164	3464	94	490	0	0	0	0	0	0	0	0	0	128	0	108	0	0	0	314	0	1892	144	0	0	146	0	0	0	0	0	114	0	10788	292	6820	1662	24744	244	6276	0	3088	350	3052	0	1662	0	928	0	446	0	0	0	182	0	0	0	0	0	0	0	0	0	0	0	0	0	0	0	0	0	0	0	0	0	0	0	0	0	0	0	
496908	Supp_Motor_Area_R	3664	4102	20514	37868	0	0	2338	4334	0	0	158	1008	390	1636	264	1262	0	3868	36960	0	0	0	2440	10814	0	0	0	0	1306	4726	2722	15826	4046	40178	232	9030	196	96	0	0	0	0	0	0	0	0	0	0	0	0	130	0	152	0	0	0	626	646	0	0	138	0	0	0	0	0	100	618	2988	9364	3648	11816	818	4766	240	616	0	946	320	0	0	0	0	440	104	0	0	0	0	0	0	0	0	0	0	0	0	0	0	0	0	0	0	0	0	0	0	0	0	0	0	0	0	0	0	0	
76584	Olfactory_L	0	0	0	0	326	0	0	0	0	0	0	0	0	0	1796	0	0	0	0	0	0	5172	0	0	468	452	3624	1498	2558	0	2706	2586	0	0	0	0	1042	0	272	0	374	0	0	0	0	0	0	0	0	0	0	0	0	0	184	0	0	0	0	0	0	0	0	0	0	0	0	0	0	0	6862	3468	3808	238	0	0	0	0	0	0	436	0	316	0	106	0	0	0	0	0	0	0	0	0	0	0	0	0	0	0	0	0	0	0	0	0	0	0	0	0	0	0	0	0	0	0	
79324	Olfactory_R	0	0	0	0	0	324	0	0	0	0	0	0	0	0	0	1522	0	0	0	0	5172	0	0	0	0	1216	2550	2442	0	1826	2052	3136	0	0	0	0	0	0	0	0	0	684	0	0	0	0	0	0	0	0	0	0	0	0	0	0	0	0	0	0	0	0	0	0	0	0	0	0	0	0	7706	6710	3648	390	190	0	0	94	0	0	0	0	0	0	0	0	0	0	0	0	0	0	0	0	0	0	0	0	0	0	0	0	0	0	0	0	0	0	0	0	0	0	0	0	0	0	
570924	Frontal_Sup_Medial_L	156	368	54536	20616	6050	832	13234	1058	950	0	212	0	1560	286	1184	266	0	0	9444	2440	0	0	0	43854	4166	4384	1058	0	5108	394	46186	34874	7950	17508	0	0	0	0	0	0	0	0	0	0	0	0	0	0	0	0	0	0	0	0	0	0	0	0	0	0	0	0	0	0	0	0	0	0	0	0	504	1006	4856	422	0	0	0	0	0	0	0	0	0	0	0	0	0	0	0	0	0	0	0	0	0	0	0	0	0	0	0	0	0	0	0	0	0	0	0	0	0	0	0	0	0	0	
615984	Frontal_Sup_Medial_R	164	686	20600	59020	456	5680	3980	8612	0	0	120	542	604	4074	430	3868	0	0	8438	10814	0	0	43854	0	1246	8030	0	484	1228	4742	26548	55468	1416	25248	0	0	0	94	0	0	0	0	0	0	0	0	0	0	0	0	0	0	0	0	0	0	0	0	0	0	0	0	0	0	0	0	0	0	0	0	498	4456	916	5302	0	374	0	0	0	0	0	0	0	0	0	0	0	0	0	0	0	0	0	0	0	0	0	0	0	0	0	0	0	0	0	0	0	0	0	0	0	0	0	0	0	0	
58920	Frontal_Med_Orb_L	0	0	1938	192	3296	326	0	0	712	0	0	0	0	0	0	0	0	0	120	0	468	0	4166	1246	0	2188	4456	228	492	0	6624	832	0	0	0	0	0	0	0	0	0	0	0	0	0	0	0	0	0	0	0	0	0	0	0	0	0	0	0	0	0	0	0	0	0	0	0	0	0	0	942	192	924	118	0	0	0	0	0	0	0	0	0	0	0	0	0	0	0	0	0	0	0	0	0	0	0	0	0	0	0	0	0	0	0	0	0	0	0	0	0	0	0	0	0	0	
131788	Frontal_Med_Orb_R	0	0	1748	2664	264	11274	0	96	0	182	0	0	0	288	0	372	0	0	0	0	452	1216	4384	8030	2188	0	424	6948	0	432	5588	10562	0	0	0	0	0	0	0	0	0	0	0	0	0	0	0	0	0	0	0	0	0	0	0	0	0	0	0	0	0	0	0	0	0	0	0	0	0	0	412	4162	200	4008	0	0	0	0	0	0	0	0	0	0	0	0	0	0	0	0	0	0	0	0	0	0	0	0	0	0	0	0	0	0	0	0	0	0	0	0	0	0	0	0	0	0	
77900	Rectus_L	0	0	602	0	6034	0	0	0	3910	0	0	0	0	0	370	0	0	0	0	0	3624	2550	1058	0	4456	424	0	890	504	0	4344	1450	0	0	0	0	0	0	0	0	0	0	0	0	0	0	0	0	0	0	0	0	0	0	0	0	0	0	0	0	0	0	0	0	0	0	0	0	0	0	4220	1520	2856	0	0	0	0	0	0	0	0	0	138	0	0	0	0	0	0	0	0	0	0	0	0	0	0	0	0	0	0	0	0	0	0	0	0	0	0	0	0	0	0	0	0	0	
65352	Rectus_R	0	0	0	0	0	6220	0	0	0	98	0	0	0	0	0	836	0	0	0	0	1498	2442	0	484	228	6948	890	0	0	748	1262	4760	0	0	0	0	0	0	0	0	0	0	0	0	0	0	0	0	0	0	0	0	0	0	0	0	0	0	0	0	0	0	0	0	0	0	0	0	0	0	1534	2560	826	1342	0	0	0	0	0	0	0	0	0	0	0	0	0	0	0	0	0	0	0	0	0	0	0	0	0	0	0	0	0	0	0	0	0	0	0	0	0	0	0	0	0	0	
702584	Insula_L	16656	1778	34360	3278	5362	0	35304	1250	1544	0	21870	312	35732	534	33866	0	15312	0	16740	1306	2558	0	5108	1228	492	0	504	0	0	158	7986	1584	640	508	674	614	10692	640	620	0	764	0	0	0	0	0	0	0	418	0	1450	0	2036	0	2392	0	6792	146	186	0	324	0	250	0	0	0	0	0	426	0	3940	1310	32662	256	712	0	570	1014	12082	0	8714	0	9350	0	3408	0	0	0	2716	0	0	0	0	0	0	0	0	0	164	0	0	0	0	0	0	0	0	0	0	0	0	0	0	0	0	0	
352284	Insula_R	1308	1884	694	17304	0	2558	436	9584	0	0	0	11122	106	25484	0	28864	0	10464	1262	4726	0	1826	394	4742	0	432	0	748	158	0	484	10390	110	1446	0	0	0	4316	0	270	0	1266	0	206	0	0	0	0	0	0	0	118	0	0	0	728	1114	966	0	0	0	0	0	0	0	0	0	0	0	0	284	6014	186	16362	0	720	0	1860	0	1326	0	1494	0	1264	0	188	0	0	0	934	0	0	0	0	0	0	0	0	0	0	0	0	0	0	0	0	0	0	0	0	0	0	0	0	0	0	
595132	Cingulum_Ant_L	684	720	36694	20112	4524	1346	10568	2424	400	0	1114	368	2360	734	1316	236	124	0	12716	2722	2706	2052	46186	26548	6624	5588	4344	1262	7986	484	0	42486	7612	11474	0	0	362	150	162	0	0	0	0	0	0	0	0	0	0	0	0	0	0	0	0	0	170	0	0	0	0	0	0	0	0	0	0	0	0	0	10674	5524	12728	2620	208	174	0	186	94	0	0	0	0	0	0	0	0	0	0	0	0	0	0	0	0	0	0	0	0	0	0	0	0	0	0	0	0	0	0	0	0	0	0	0	0	0	
813328	Cingulum_Ant_R	892	2300	18448	64382	500	6542	3990	9668	0	0	202	3046	760	7260	534	7058	0	218	7518	15826	2586	3136	34874	55468	832	10562	1450	4760	1584	10390	42486	0	6662	33528	0	0	0	306	0	0	0	0	0	0	0	0	0	0	0	0	0	0	0	0	0	0	152	0	0	0	0	0	0	0	0	0	0	0	0	0	5188	25636	2528	14304	0	842	0	246	0	0	0	0	0	0	0	0	0	0	0	0	0	0	0	0	0	0	0	0	0	0	0	0	0	0	0	0	0	0	0	0	0	0	0	0	0	0	
168192	Cingulum_Mid_L	1130	304	9640	3406	0	0	3356	256	0	0	0	0	428	0	272	0	0	0	11466	4046	0	0	7950	1416	0	0	0	0	640	110	7612	6662	0	13778	1554	1206	0	0	0	0	0	0	0	0	558	0	0	0	384	0	346	0	116	0	0	0	278	0	246	0	224	0	0	0	0	0	2156	250	2988	832	180	112	194	0	0	0	0	0	0	0	0	0	0	0	0	0	0	0	0	0	0	0	0	0	0	0	0	0	0	0	0	0	0	0	0	0	0	0	0	0	0	0	0	0	0	0	
524016	Cingulum_Mid_R	2376	4140	16240	31280	0	0	3220	6106	0	0	0	380	226	1102	110	916	0	0	19692	40178	0	0	17508	25248	0	0	0	0	508	1446	11474	33528	13778	0	264	11376	110	0	0	0	0	0	0	316	0	596	0	0	0	674	0	604	0	0	0	0	0	1166	0	0	0	0	0	0	0	0	170	3580	2586	8716	258	1442	372	222	0	0	0	0	100	0	0	0	0	0	0	0	0	0	0	0	0	0	0	0	0	0	0	0	0	0	0	0	0	0	0	0	0	0	0	0	0	0	0	0	0	0	
84480	Cingulum_Post_L	1792	426	394	96	0	0	318	0	0	0	104	0	0	0	0	0	0	0	376	232	0	0	0	0	0	0	0	0	674	0	0	0	1554	264	0	4806	5800	2564	2830	198	0	0	2976	0	0	0	1428	0	0	0	0	0	98	0	0	0	116	0	0	0	0	0	0	0	0	0	3992	0	4424	194	0	154	548	0	0	0	1462	3618	340	0	0	0	0	0	0	0	0	0	0	0	0	0	0	0	0	0	192	0	0	0	0	0	0	0	0	0	0	0	0	0	270	0	0	0	0	0	
141708	Cingulum_Post_R	710	4190	508	346	0	0	250	126	0	0	104	0	0	0	0	0	94	0	1164	9030	0	0	0	0	0	0	0	0	614	0	0	0	1206	11376	4806	0	3206	5066	628	704	0	0	0	1570	0	100	0	1586	0	122	0	100	0	0	0	0	108	960	0	0	0	0	0	0	0	0	254	6768	624	6154	0	312	528	108	0	0	2080	4824	236	0	0	0	0	0	0	0	0	0	0	0	0	0	0	0	0	0	0	0	0	0	0	0	0	0	0	0	0	0	0	0	292	0	0	0	0	0	
217496	Hippocampus_L	6860	140	4880	742	0	0	2108	266	0	0	608	0	150	0	1306	0	620	0	3464	196	1042	0	0	0	0	0	0	0	10692	0	362	0	0	110	5800	3206	0	2398	10658	166	4342	0	1844	0	0	0	1632	0	0	0	0	0	226	0	10358	0	660	0	0	0	0	0	0	0	0	0	2806	96	1580	0	444	422	6020	0	226	0	4130	3380	4508	0	1854	0	1980	0	338	0	170	0	5636	0	0	0	0	0	0	0	0	0	322	0	0	0	0	0	0	0	0	0	0	0	0	0	0	0	0	0	
189676	Hippocampus_R	340	1146	318	2010	0	0	274	1628	0	0	114	294	0	338	0	790	0	1102	94	96	0	0	0	94	0	0	0	0	640	4316	150	306	0	0	2564	5066	2398	0	706	13722	0	6300	0	396	0	0	0	1898	0	118	0	110	0	252	0	17666	202	156	0	0	0	100	0	188	0	118	0	2660	0	0	0	294	456	6884	0	438	826	4992	224	290	0	1442	0	1058	0	3112	0	0	0	5238	0	0	0	0	0	0	0	292	0	96	0	0	0	0	0	0	0	0	0	0	526	0	0	0	0	0	
67284	ParaHippocampal_L	460	0	684	0	0	0	188	0	0	0	0	0	0	0	130	0	0	0	490	0	272	0	0	0	0	0	0	0	620	0	162	0	0	0	2830	628	10658	706	0	0	1126	0	1604	0	0	0	2636	136	0	0	0	0	0	0	3554	0	94	0	0	0	0	0	0	0	0	0	2340	0	158	0	0	0	1504	96	0	0	602	640	0	0	0	0	214	0	0	0	112	0	570	0	0	0	0	0	0	0	266	0	162	0	0	0	0	0	0	0	0	0	0	0	0	0	0	0	0	0	
90284	ParaHippocampal_R	0	178	0	368	0	0	0	296	0	0	0	0	0	0	0	0	0	0	0	0	0	0	0	0	0	0	0	0	0	270	0	0	0	0	198	704	166	13722	0	0	0	4244	0	238	0	0	0	1294	0	0	0	0	0	0	0	13350	0	0	0	0	0	0	0	0	0	0	0	842	0	0	0	0	0	1176	0	304	0	658	0	0	0	192	0	1326	0	984	0	754	0	1534	0	142	0	0	0	0	0	1392	0	526	0	0	0	0	0	0	0	0	0	0	284	0	0	0	0	0	
22464	Amygdala_L	162	0	0	0	0	0	0	0	0	0	0	0	0	0	276	0	0	0	0	0	374	0	0	0	0	0	0	0	764	0	0	0	0	0	0	0	4342	0	1126	0	0	0	0	0	0	0	0	0	0	0	0	0	0	0	2456	0	0	0	0	0	0	0	0	0	0	0	0	0	0	0	0	0	264	0	0	0	540	0	0	0	0	0	352	0	0	0	0	0	576	0	0	0	0	0	0	0	0	0	0	0	0	0	0	0	0	0	0	0	0	0	0	0	0	0	0	0	
42360	Amygdala_R	0	0	0	0	0	0	0	0	0	0	0	0	0	0	0	848	0	0	0	0	0	684	0	0	0	0	0	0	0	1266	0	0	0	0	0	0	0	6300	0	4244	0	0	0	0	0	0	0	0	0	0	0	0	0	0	0	6298	0	0	0	0	0	0	0	0	0	0	0	0	0	0	0	0	0	298	0	0	0	0	0	0	0	0	0	1030	0	0	0	212	0	0	0	0	0	0	0	0	0	0	0	0	0	0	0	0	0	0	0	0	0	0	0	0	0	0	0	0	
119340	Calcarine_L	402	0	0	0	0	0	0	0	0	0	0	0	0	0	0	0	0	0	0	0	0	0	0	0	0	0	0	0	0	0	0	0	0	0	2976	0	1844	0	1604	0	0	0	0	6120	6082	2438	6534	1390	6036	820	10250	462	2692	0	220	0	140	0	132	0	94	0	0	0	0	0	8100	0	200	0	0	0	0	0	0	0	0	0	0	0	0	0	0	0	392	0	0	0	0	0	0	0	0	0	0	0	340	0	0	0	0	0	0	0	0	0	0	0	0	0	402	0	0	0	0	0	
219776	Calcarine_R	0	264	0	0	0	0	0	0	0	0	0	0	0	0	0	0	0	172	0	0	0	0	0	0	0	0	0	0	0	206	0	0	0	316	0	1570	0	396	0	238	0	0	6120	0	2242	23908	1998	14094	0	19374	0	18946	0	1608	0	1892	0	1506	0	0	0	0	0	0	0	588	0	11210	0	188	0	148	0	0	0	0	0	0	0	0	0	0	0	0	0	2248	0	0	0	548	0	0	0	0	0	0	0	0	0	0	0	0	0	0	0	0	0	0	0	0	108	0	0	0	0	0	
105172	Cuneus_L	1612	0	0	0	0	0	0	0	0	0	0	0	0	0	0	0	0	0	0	0	0	0	0	0	0	0	0	0	0	0	0	0	558	0	0	0	0	0	0	0	0	0	6082	2242	0	3754	866	160	13726	1182	9320	532	2156	0	142	0	1328	0	526	0	438	0	0	0	146	0	6880	130	670	0	0	0	0	0	0	0	0	0	0	0	0	0	0	0	136	0	0	0	0	0	0	0	0	0	0	0	0	0	0	0	0	0	0	0	0	0	0	0	0	0	0	0	0	0	0	0	
235760	Cuneus_R	0	350	0	0	0	0	0	0	0	0	0	186	0	0	0	0	0	270	0	0	0	0	0	0	0	0	0	0	0	0	0	0	0	596	0	100	0	0	0	0	0	0	2438	23908	3754	0	522	1746	0	33224	0	17332	0	462	0	196	0	5476	0	762	0	166	0	1228	0	284	1650	19642	0	1112	0	0	0	0	0	0	0	0	0	0	0	676	0	0	0	1800	0	0	0	0	0	0	0	0	0	0	0	0	0	0	0	0	0	0	0	0	0	0	0	0	0	0	0	0	0	0	
114020	Lingual_L	0	0	0	0	0	0	0	0	0	0	0	0	0	0	0	0	0	0	0	0	0	0	0	0	0	0	0	0	0	0	0	0	0	0	1428	0	1632	0	2636	0	0	0	6534	1998	866	522	0	1128	2812	194	5694	186	1792	0	7346	138	0	0	0	0	0	0	0	0	0	0	2888	0	0	0	0	0	0	0	0	0	0	0	0	0	0	0	0	0	0	0	0	0	182	0	3872	418	836	0	0	0	3636	442	6070	1114	0	0	0	0	0	0	0	0	0	0	1304	1130	212	0	0	0	
168012	Lingual_R	0	0	0	0	0	0	0	0	0	0	0	0	0	0	0	0	0	0	0	0	0	0	0	0	0	0	0	0	0	0	0	0	0	0	0	1586	0	1898	136	1294	0	0	1390	14094	160	1746	1128	0	0	3704	0	3292	0	3338	246	10960	0	0	0	0	0	0	0	0	0	0	0	4758	0	0	0	0	0	94	0	0	0	134	0	0	0	0	0	0	0	0	0	0	0	556	1952	4964	396	110	0	0	1500	4336	2590	8462	0	0	0	0	0	0	0	0	0	0	3552	4456	1174	0	0	0	
170636	Occipital_Sup_L	1992	0	98	0	0	0	248	0	0	0	0	0	0	0	0	0	722	0	128	0	0	0	0	0	0	0	0	0	418	0	0	0	384	0	0	0	0	0	0	0	0	0	6036	0	13726	0	2812	0	0	0	26676	0	1430	0	310	0	1322	0	7330	0	5212	0	1086	0	4004	0	7146	0	992	0	0	0	0	0	0	0	0	0	0	0	716	0	0	0	2220	0	0	0	310	0	0	0	0	0	0	0	0	0	0	0	0	0	0	0	0	0	0	0	0	0	0	0	0	0	0	0	
277404	Occipital_Sup_R	0	420	0	0	0	0	0	0	0	0	0	198	0	0	0	0	0	278	0	0	0	0	0	0	0	0	0	0	0	0	0	0	0	674	0	122	0	118	0	0	0	0	820	19374	1182	33224	194	3704	0	0	0	26612	0	1092	0	1236	0	7178	0	5918	0	2534	0	3486	0	4466	932	20952	0	1280	0	0	0	0	0	0	0	0	0	0	0	816	0	0	0	1892	0	0	0	0	0	0	0	0	0	0	0	0	0	0	0	0	0	0	0	0	0	0	0	0	0	0	0	0	0	0	
337888	Occipital_Mid_L	3320	258	106	0	0	0	290	0	0	0	108	0	0	0	0	0	2534	0	108	130	0	0	0	0	0	0	0	0	1450	0	0	0	346	0	0	0	0	0	0	0	0	0	10250	0	9320	0	5694	0	26676	0	0	0	16822	0	2848	0	2464	0	14110	0	16380	0	1544	0	19474	0	7828	0	1230	0	0	0	0	0	0	0	0	0	920	0	1832	0	0	0	19968	0	0	0	2934	0	0	0	0	0	0	0	0	0	0	0	0	0	0	0	0	0	0	0	0	0	0	0	0	0	0	0	
254168	Occipital_Mid_R	0	592	0	0	0	0	0	168	0	0	0	256	0	0	0	0	0	0	0	0	0	0	0	0	0	0	0	0	0	118	0	0	0	604	0	100	0	110	0	0	0	0	462	18946	532	17332	186	3292	0	26612	0	0	0	1918	0	836	0	5608	0	1476	0	4960	0	3376	0	14242	232	12770	0	532	0	110	0	0	0	0	0	0	0	0	0	244	0	0	0	10750	0	0	0	720	0	0	0	0	0	0	0	0	0	0	0	0	0	0	0	0	0	0	0	0	0	0	0	0	0	0	
91960	Occipital_Inf_L	1298	336	136	94	0	0	202	0	0	0	0	0	0	0	0	0	1572	0	0	152	0	0	0	0	0	0	0	0	2036	0	0	0	116	0	98	0	226	0	0	0	0	0	2692	0	2156	0	1792	0	1430	0	16822	0	0	0	4512	0	570	0	118	0	180	0	0	0	210	0	2392	0	506	0	0	0	0	0	0	0	0	0	2092	0	710	0	0	0	2574	0	0	0	958	0	0	0	0	0	0	0	0	0	0	0	0	0	0	0	0	0	0	0	0	0	0	0	0	0	0	0	
36128	Occipital_Inf_R	0	154	0	0	0	0	0	0	0	0	0	0	0	0	0	0	0	0	0	0	0	0	0	0	0	0	0	0	0	0	0	0	0	0	0	0	0	252	0	0	0	0	0	1608	0	462	0	3338	0	1092	0	1918	0	0	0	6116	0	0	0	0	0	0	0	0	0	0	0	334	0	0	0	0	0	0	0	0	0	0	0	0	0	0	0	0	0	228	0	0	0	1242	0	262	0	0	0	0	0	0	0	514	0	0	0	0	0	0	0	0	0	0	0	382	162	0	0	0	
195532	Fusiform_L	124	0	124	0	0	0	100	0	0	0	0	0	0	0	226	0	0	0	314	0	184	0	0	0	0	0	0	0	2392	0	0	0	0	0	0	0	10358	0	3554	0	2456	0	220	0	142	0	7346	246	310	0	2848	0	4512	0	0	0	0	0	0	0	0	0	0	0	0	0	0	0	0	0	0	0	774	0	0	0	0	0	1102	0	1218	0	1106	0	1228	0	1568	0	11634	0	15928	172	1526	0	0	0	6562	140	17146	574	0	0	0	0	0	0	0	0	0	0	838	626	168	0	0	0	
213148	Fusiform_R	0	160	0	0	0	0	0	0	0	0	0	0	0	0	0	0	0	0	0	0	0	0	0	0	0	0	0	0	0	728	0	0	0	0	0	0	0	17666	0	13350	0	6298	0	1892	0	196	138	10960	0	1236	0	836	0	6116	0	0	0	0	0	0	0	0	0	0	0	0	0	1020	0	0	0	0	0	382	0	0	0	0	0	0	0	932	0	3122	0	1994	0	1878	0	7668	186	8146	0	144	0	216	996	5412	370	9990	0	0	0	160	0	0	0	0	0	0	2532	1452	398	0	0	0	
279708	Postcentral_L	33958	2866	2600	2476	0	0	2614	2132	0	0	6086	610	930	0	106	0	8394	1240	1892	626	0	0	0	0	0	0	0	0	6792	1114	170	152	278	0	116	108	660	202	94	0	0	0	140	0	1328	0	0	0	1322	0	2464	0	570	0	0	0	0	606	4518	0	20214	0	11384	96	1574	0	2670	0	2262	0	728	984	918	486	122	118	154	190	3424	0	3572	0	0	0	2846	0	0	0	948	0	0	0	0	0	0	0	0	0	0	0	0	0	0	0	0	0	0	0	0	0	0	0	0	0	0	0	
174612	Postcentral_R	1102	11236	102	350	0	0	124	384	0	0	106	2318	0	0	0	0	0	4666	144	646	0	0	0	0	0	0	0	0	146	966	0	0	0	1166	0	960	0	156	0	0	0	0	0	1506	0	5476	0	0	0	7178	0	5608	0	0	0	0	606	0	0	4382	0	4592	0	9248	0	1092	0	14574	98	4500	94	164	182	1452	118	570	0	364	0	0	0	410	0	0	0	520	0	0	0	0	0	0	0	0	0	0	0	0	0	0	0	0	0	0	0	0	0	0	0	0	0	0	0	0	0	0	
131060	Parietal_Sup_L	1574	0	0	0	0	0	0	0	0	0	0	0	0	0	0	0	256	0	0	0	0	0	0	0	0	0	0	0	186	0	0	0	246	0	0	0	0	0	0	0	0	0	132	0	526	0	0	0	7330	0	14110	0	118	0	0	0	4518	0	0	0	12694	0	764	0	6340	0	12552	146	996	0	0	0	0	0	0	0	0	0	0	0	324	0	0	0	2168	0	0	0	550	0	0	0	0	0	0	0	0	0	0	0	0	0	0	0	0	0	0	0	0	0	0	0	0	0	0	0	
50924	Parietal_Sup_R	0	176	0	0	0	0	0	0	0	0	0	0	0	0	0	0	0	0	0	0	0	0	0	0	0	0	0	0	0	0	0	0	0	0	0	0	0	0	0	0	0	0	0	0	0	762	0	0	0	5918	0	1476	0	0	0	0	0	4382	0	0	0	2346	0	1032	0	2552	100	6268	0	336	0	0	0	0	0	0	0	0	0	0	0	114	0	0	0	0	0	0	0	0	0	0	0	0	0	0	0	0	0	0	0	0	0	0	0	0	0	0	0	0	0	0	0	0	0	0	
236156	Parietal_Inf_L	3106	110	162	112	0	0	324	0	0	0	0	0	0	0	0	0	352	0	146	138	0	0	0	0	0	0	0	0	324	0	0	0	224	0	0	0	0	0	0	0	0	0	94	0	438	0	0	0	5212	0	16380	0	180	0	0	0	20214	0	12694	0	0	0	19572	0	22242	0	2292	0	1570	0	0	0	0	0	0	0	0	0	0	0	1376	0	0	0	8524	0	0	0	2292	0	0	0	0	0	0	0	0	0	0	0	0	0	0	0	0	0	0	0	0	0	0	0	0	0	0	0	
96872	Parietal_Inf_R	0	1130	0	0	0	0	0	0	0	0	0	0	0	0	0	0	0	0	0	0	0	0	0	0	0	0	0	0	0	0	0	0	0	0	0	0	0	100	0	0	0	0	0	0	0	166	0	0	0	2534	0	4960	0	0	0	0	0	4592	0	2346	0	0	0	13580	0	14818	0	414	0	0	0	0	0	0	0	0	0	0	0	0	0	338	0	0	0	2864	0	0	0	594	0	0	0	0	0	0	0	0	0	0	0	0	0	0	0	0	0	0	0	0	0	0	0	0	0	0	
134276	SupraMarginal_L	602	0	120	0	0	0	112	0	0	0	0	0	0	0	0	0	2412	0	0	0	0	0	0	0	0	0	0	0	250	0	0	0	0	0	0	0	0	0	0	0	0	0	0	0	0	0	0	0	1086	0	1544	0	0	0	0	0	11384	0	764	0	19572	0	0	0	7242	0	488	0	0	0	0	0	0	0	0	0	0	0	0	0	8194	0	0	0	11274	0	0	0	2094	0	0	0	0	0	0	0	0	0	0	0	0	0	0	0	0	0	0	0	0	0	0	0	0	0	0	0	
114592	SupraMarginal_R	98	1710	0	0	0	0	0	0	0	0	0	132	0	0	0	0	0	1292	0	0	0	0	0	0	0	0	0	0	0	0	0	0	0	0	0	0	0	188	0	0	0	0	0	0	0	1228	0	0	0	3486	0	3376	0	0	0	0	96	9248	0	1032	0	13580	0	0	0	11368	0	2216	0	0	0	0	0	380	0	208	0	0	0	0	0	3626	0	0	0	3378	0	0	0	654	0	0	0	0	0	0	0	0	0	0	0	0	0	0	0	0	0	0	0	0	0	0	0	0	0	0	
151480	Angular_L	748	0	0	0	0	0	116	0	0	0	0	0	0	0	0	0	160	0	0	0	0	0	0	0	0	0	0	0	0	0	0	0	0	0	0	0	0	0	0	0	0	0	0	0	146	0	0	0	4004	0	19474	0	210	0	0	0	1574	0	6340	0	22242	0	7242	0	0	0	1310	0	266	0	0	0	0	0	0	0	0	0	0	0	1186	0	0	0	9710	0	0	0	1012	0	0	0	0	0	0	0	0	0	0	0	0	0	0	0	0	0	0	0	0	0	0	0	0	0	0	0	
117864	Angular_R	0	0	0	0	0	0	0	0	0	0	0	0	0	0	0	0	0	0	0	0	0	0	0	0	0	0	0	0	0	0	0	0	0	0	0	0	0	118	0	0	0	0	0	588	0	284	0	0	0	4466	0	14242	0	0	0	0	0	1092	0	2552	0	14818	0	11368	0	0	0	440	0	0	0	0	0	0	0	0	0	0	0	0	0	1200	0	0	0	7162	0	0	0	602	0	0	0	0	0	0	0	0	0	0	0	0	0	0	0	0	0	0	0	0	0	0	0	0	0	0	
157508	Precuneus_L	1128	0	0	0	0	0	0	0	0	0	0	0	0	0	0	0	178	0	114	100	0	0	0	0	0	0	0	0	0	0	0	0	2156	170	3992	254	2806	0	2340	0	0	0	8100	0	6880	1650	2888	0	7146	932	7828	232	2392	0	0	0	2670	0	12552	100	2292	0	488	0	1310	0	0	3174	2612	0	0	0	0	0	0	0	0	0	0	0	256	0	0	0	1032	0	0	0	252	0	0	0	0	0	0	0	328	0	0	0	0	0	0	0	0	0	0	0	0	0	402	0	0	0	0	0	
243688	Precuneus_R	0	1208	0	0	0	0	0	104	0	0	0	206	0	0	0	0	0	326	0	618	0	0	0	0	0	0	0	0	0	0	0	0	250	3580	0	6768	96	2660	0	842	0	0	0	11210	130	19642	0	4758	0	20952	0	12770	0	334	0	1020	0	14574	146	6268	0	414	0	2216	0	440	3174	0	0	3186	0	240	0	0	0	0	0	0	0	0	0	1056	0	0	0	1924	0	0	0	0	0	0	0	0	0	0	0	136	0	0	0	0	0	0	0	0	0	0	0	0	596	0	0	0	0	0	
148380	Paracentral_Lobule_L	15858	3826	5104	530	0	0	154	180	0	0	0	0	0	0	0	0	0	0	10788	2988	0	0	0	0	0	0	0	0	426	0	0	0	2988	2586	4424	624	1580	0	158	0	0	0	200	0	670	0	0	0	992	0	1230	0	506	0	0	0	2262	98	996	0	1570	0	0	0	266	0	2612	0	0	520	360	394	1616	0	1356	0	5490	290	548	0	0	0	0	0	0	0	0	0	0	0	0	0	0	0	0	0	0	0	0	0	0	0	0	0	0	0	0	0	0	0	0	0	0	0	0	0	
87220	Paracentral_Lobule_R	392	5820	0	0	0	0	0	0	0	0	0	0	0	0	0	0	0	0	292	9364	0	0	0	0	0	0	0	0	0	0	0	0	832	8716	194	6154	0	0	0	0	0	0	0	188	0	1112	0	0	0	1280	0	532	0	0	0	0	0	4500	0	336	0	0	0	0	0	0	0	3186	520	0	0	0	0	0	0	0	0	0	0	0	0	0	0	0	0	192	0	0	0	0	0	0	0	0	0	0	0	0	0	0	0	0	0	0	0	0	0	0	0	0	0	0	0	0	0	0	
259604	Caudate_L	3020	992	7464	6086	346	0	3290	4744	240	0	2640	1282	2860	1616	1358	0	446	0	6820	3648	6862	7706	504	498	942	412	4220	1534	3940	284	10674	5188	180	258	0	0	444	0	0	0	0	0	0	0	0	0	0	0	0	0	0	0	0	0	0	0	728	94	0	0	0	0	0	0	0	0	0	0	360	0	0	15560	14528	1862	1472	262	3674	232	350	0	182	0	0	0	0	0	0	0	0	0	0	0	0	0	0	0	0	0	0	0	0	0	0	0	0	0	0	0	0	0	0	0	0	0	0	0	
400424	Caudate_R	2702	5352	2434	22754	0	4010	1126	8996	0	0	250	5572	280	2628	192	1766	0	1452	1662	11816	3468	6710	1006	4456	192	4162	1520	2560	1310	6014	5524	25636	112	1442	154	312	422	294	0	0	0	0	0	148	0	0	0	0	0	0	0	110	0	0	0	0	984	164	0	0	0	0	0	0	0	0	0	240	394	0	15560	0	4596	18228	270	2688	400	17378	376	0	0	0	0	390	0	0	0	0	0	0	0	0	0	0	0	0	0	0	0	0	0	0	0	0	0	0	0	0	0	0	0	0	0	0	0	0	
430280	Putamen_L	4124	1218	28180	2542	8468	0	7074	1426	3066	0	3096	136	2838	190	9612	0	1220	102	24744	818	3808	3648	4856	916	924	200	2856	826	32662	186	12728	2528	194	372	548	528	6020	456	1504	0	264	0	0	0	0	0	0	0	0	0	0	0	0	0	774	0	918	182	0	0	0	0	0	0	0	0	0	0	1616	0	14528	4596	0	196	8374	0	778	616	392	0	2030	0	4574	0	418	0	0	0	270	0	0	0	0	0	0	0	0	0	0	0	0	0	0	0	0	0	0	0	0	0	0	0	0	0	0	0	
252972	Putamen_R	568	2188	484	8068	0	6184	256	2398	0	124	0	3106	168	3090	132	6198	0	1950	244	4766	238	390	422	5302	118	4008	0	1342	256	16362	2620	14304	0	222	0	108	0	6884	96	1176	0	298	0	0	0	0	0	94	0	0	0	0	0	0	0	382	486	1452	0	0	0	0	0	380	0	0	0	0	0	0	1862	18228	196	0	0	4402	0	4246	0	0	0	292	0	396	0	0	0	0	0	0	0	0	0	0	0	0	0	0	0	0	0	0	0	0	0	0	0	0	0	0	0	0	0	0	0	0	
61836	Pallidum_L	1830	780	5012	710	0	0	172	384	0	0	220	0	0	0	0	0	192	0	6276	240	0	190	0	0	0	0	0	0	712	0	208	0	0	0	0	0	226	0	0	0	0	0	0	0	0	0	0	0	0	0	0	0	0	0	0	0	122	118	0	0	0	0	0	0	0	0	0	0	1356	0	1472	270	8374	0	0	0	1956	0	98	0	0	0	0	0	0	0	0	0	0	0	0	0	0	0	0	0	0	0	0	0	0	0	0	0	0	0	0	0	0	0	0	0	0	0	0	0	
33744	Pallidum_R	120	710	0	1958	0	268	0	1038	0	0	0	152	0	314	0	320	0	132	0	616	0	0	0	374	0	0	0	0	0	720	174	842	0	0	0	0	0	438	0	304	0	0	0	0	0	0	0	0	0	0	0	0	0	0	0	0	118	570	0	0	0	0	0	208	0	0	0	0	0	0	262	2688	0	4402	0	0	0	144	0	0	0	0	0	0	0	0	0	0	0	0	0	0	0	0	0	0	0	0	0	0	0	0	0	0	0	0	0	0	0	0	0	0	0	0	0	0	
92224	Thalamus_L	11032	200	3128	248	0	0	568	0	0	0	0	0	0	0	0	0	0	0	3088	0	0	0	0	0	0	0	0	0	570	0	0	0	0	0	1462	2080	4130	826	602	0	540	0	0	0	0	0	0	0	0	0	0	0	0	0	0	0	154	0	0	0	0	0	0	0	0	0	0	0	5490	0	3674	400	778	0	1956	0	0	4832	354	0	0	0	0	0	0	0	0	0	0	0	0	0	0	0	0	0	0	0	0	0	0	0	0	0	0	0	0	0	0	0	0	0	0	0	0	0	
157012	Thalamus_R	1166	4138	722	14314	0	0	316	4408	0	0	114	460	0	374	0	266	0	444	350	946	0	94	0	0	0	0	0	0	1014	1860	186	246	0	0	3618	4824	3380	4992	640	658	0	0	0	0	0	0	0	134	0	0	0	0	0	0	0	0	190	364	0	0	0	0	0	0	0	0	0	0	290	0	232	17378	616	4246	0	144	4832	0	550	0	0	0	0	0	0	0	0	0	0	0	0	0	0	0	0	0	0	0	0	0	0	0	0	0	0	0	0	0	0	0	0	0	0	0	0	0	
122788	Heschl_L	6112	888	3830	816	0	0	1796	128	0	0	1502	0	142	0	156	0	7432	0	3052	320	0	0	0	0	0	0	0	0	12082	0	94	0	0	100	340	236	4508	224	0	0	0	0	0	0	0	0	0	0	0	0	920	0	2092	0	1102	0	3424	0	0	0	0	0	0	0	0	0	0	0	548	0	350	376	392	0	98	0	354	550	0	0	2714	0	132	0	2908	0	0	0	1676	0	0	0	0	0	0	0	0	0	0	0	0	0	0	0	0	0	0	0	0	0	0	0	0	0	0	0	
13536	Heschl_R	0	0	0	0	0	0	0	0	0	0	0	0	0	0	0	0	0	1020	0	0	0	0	0	0	0	0	0	0	0	1326	0	0	0	0	0	0	0	290	0	0	0	0	0	0	0	0	0	0	0	0	0	0	0	0	0	0	0	0	0	0	0	0	0	0	0	0	0	0	0	0	0	0	0	0	0	0	0	0	0	0	0	3042	0	0	0	946	0	0	0	144	0	0	0	0	0	0	0	0	0	0	0	0	0	0	0	0	0	0	0	0	0	0	0	0	0	0	
171096	Temporal_Sup_L	1890	256	1596	180	0	0	370	0	0	0	1316	0	0	0	452	0	6990	0	1662	0	436	0	0	0	0	0	0	0	8714	0	0	0	0	0	0	0	1854	0	0	0	0	0	0	0	0	0	0	0	716	0	1832	0	710	0	1218	0	3572	0	324	0	1376	0	8194	0	1186	0	256	0	0	0	182	0	2030	0	0	0	0	0	2714	0	0	0	4102	0	21470	0	0	0	9822	0	0	0	0	0	0	0	0	0	128	0	0	0	0	0	0	0	0	0	0	0	0	0	0	0	0	0	
56100	Temporal_Sup_R	0	118	0	0	0	0	0	0	0	0	0	0	0	0	0	220	0	658	0	0	0	0	0	0	0	0	0	0	0	1494	0	0	0	0	0	0	0	1442	0	192	0	0	0	0	0	676	0	0	0	816	0	244	0	0	0	932	0	410	0	114	0	338	0	3626	0	1200	0	1056	0	0	0	0	0	292	0	0	0	0	0	3042	0	0	0	648	0	7398	0	382	0	2752	0	0	0	0	0	0	0	0	0	0	0	0	0	0	0	0	0	0	0	0	0	0	0	0	0	0	
80340	Temporal_Pole_Sup_L	322	0	850	0	522	0	150	0	0	0	2466	0	766	0	1956	0	1360	0	928	0	316	0	0	0	0	0	138	0	9350	0	0	0	0	0	0	0	1980	0	214	0	352	0	0	0	0	0	0	0	0	0	0	0	0	0	1106	0	0	0	0	0	0	0	0	0	0	0	0	0	0	0	0	0	4574	0	0	0	0	0	132	0	4102	0	0	0	4536	0	1968	0	2082	0	0	0	0	0	0	0	0	0	0	0	0	0	0	0	0	0	0	0	0	0	0	0	0	0	0	0	
30524	Temporal_Pole_Sup_R	0	0	0	270	0	0	0	0	0	0	0	1004	0	0	0	142	0	1554	0	440	0	0	0	0	0	0	0	0	0	1264	0	0	0	0	0	0	0	1058	0	1326	0	1030	0	0	0	0	0	0	0	0	0	0	0	0	0	3122	0	0	0	0	0	0	0	0	0	0	0	0	0	0	0	390	0	396	0	0	0	0	0	0	0	648	0	0	0	764	0	1692	0	162	0	0	0	0	0	0	0	0	0	0	0	0	0	0	0	0	0	0	0	0	0	0	0	0	0	0	
269160	Temporal_Mid_L	812	422	430	126	0	0	144	0	0	0	0	0	0	0	110	0	1808	0	446	104	106	0	0	0	0	0	0	0	3408	0	0	0	0	0	0	0	338	0	0	0	0	0	392	0	136	0	0	0	2220	0	19968	0	2574	0	1228	0	2846	0	2168	0	8524	0	11274	0	9710	0	1032	0	0	0	0	0	418	0	0	0	0	0	2908	0	21470	0	4536	0	0	0	2734	0	32188	0	0	0	0	0	0	0	0	0	0	0	0	0	0	0	0	0	0	0	0	0	0	0	0	0	0	0	
119920	Temporal_Mid_R	0	0	0	0	0	0	0	120	0	0	0	140	0	0	0	0	0	110	0	0	0	0	0	0	0	0	0	0	0	188	0	0	0	0	0	0	0	3112	0	984	0	0	0	2248	0	1800	0	0	0	1892	0	10750	0	228	0	1994	0	520	0	0	0	2864	0	3378	0	7162	0	1924	0	192	0	0	0	0	0	0	0	0	0	946	0	7398	0	764	0	0	0	916	0	10330	0	0	0	0	0	0	0	0	0	0	0	0	0	0	0	0	0	0	0	0	0	0	0	0	0	0	
18852	Temporal_Pole_Mid_L	0	0	0	0	0	0	0	0	0	0	0	0	0	0	0	0	0	0	0	0	0	0	0	0	0	0	0	0	0	0	0	0	0	0	0	0	170	0	112	0	0	0	0	0	0	0	0	0	0	0	0	0	0	0	1568	0	0	0	0	0	0	0	0	0	0	0	0	0	0	0	0	0	0	0	0	0	0	0	0	0	0	0	1968	0	2734	0	0	0	2874	0	0	0	0	0	0	0	0	0	0	0	0	0	0	0	0	0	0	0	0	0	0	0	0	0	0	0	
12488	Temporal_Pole_Mid_R	0	0	0	0	0	0	0	0	0	0	0	0	0	0	0	0	0	0	0	0	0	0	0	0	0	0	0	0	0	0	0	0	0	0	0	0	0	0	0	754	0	212	0	0	0	0	0	0	0	0	0	0	0	0	0	1878	0	0	0	0	0	0	0	0	0	0	0	0	0	0	0	0	0	0	0	0	0	0	0	0	0	382	0	1692	0	916	0	0	0	410	0	0	0	0	0	0	0	0	0	0	0	0	0	0	0	0	0	0	0	0	0	0	0	0	0	0	
169620	Temporal_Inf_L	388	158	140	0	0	0	0	0	0	0	0	0	0	0	0	0	662	0	182	0	0	0	0	0	0	0	0	0	2716	0	0	0	0	0	0	0	5636	0	570	0	576	0	0	0	0	0	182	0	310	0	2934	0	958	0	11634	0	948	0	550	0	2292	0	2094	0	1012	0	252	0	0	0	0	0	270	0	0	0	0	0	1676	0	9822	0	2082	0	32188	0	2874	0	0	0	968	0	180	0	0	0	110	0	446	0	0	0	0	0	0	0	0	0	0	0	0	0	0	0	0	0	
69128	Temporal_Inf_R	0	0	0	0	0	0	0	0	0	0	0	0	0	0	0	0	0	0	0	0	0	0	0	0	0	0	0	0	0	934	0	0	0	0	0	0	0	5238	0	1534	0	0	0	548	0	0	0	556	0	0	0	720	0	1242	0	7668	0	0	0	0	0	594	0	654	0	602	0	0	0	0	0	0	0	0	0	0	0	0	0	144	0	2752	0	162	0	10330	0	410	0	0	0	476	0	0	0	0	0	0	0	0	0	0	0	0	0	0	0	0	0	0	0	0	0	0	0	0	
369300	Cerebelum_Crus1_L	0	0	0	0	0	0	0	0	0	0	0	0	0	0	0	0	0	0	0	0	0	0	0	0	0	0	0	0	0	0	0	0	0	0	0	0	0	0	0	0	0	0	0	0	0	0	3872	1952	0	0	0	0	0	0	15928	186	0	0	0	0	0	0	0	0	0	0	0	0	0	0	0	0	0	0	0	0	0	0	0	0	0	0	0	0	0	0	0	0	968	0	0	1726	34420	1072	102	0	20910	900	53180	3758	9916	0	14564	770	2458	1214	1462	0	0	0	3346	4654	4284	1564	1444	0	
383164	Cerebelum_Crus1_R	0	0	0	0	0	0	0	0	0	0	0	0	0	0	0	0	0	0	0	0	0	0	0	0	0	0	0	0	0	0	0	0	0	0	0	0	0	0	0	142	0	0	0	0	0	0	418	4964	0	0	0	0	0	262	172	8146	0	0	0	0	0	0	0	0	0	0	0	0	0	0	0	0	0	0	0	0	0	0	0	0	0	0	0	0	0	0	0	0	0	476	1726	0	1122	29618	0	1036	3716	21258	1556	52208	0	5680	458	25458	330	4600	0	924	0	0	10212	6846	8658	820	678	98	
258220	Cerebelum_Crus2_L	0	0	0	0	0	0	0	0	0	0	0	0	0	0	0	0	0	0	0	0	0	0	0	0	0	0	0	0	0	0	0	0	0	0	0	0	0	0	0	0	0	0	0	0	0	0	836	396	0	0	0	0	0	0	1526	0	0	0	0	0	0	0	0	0	0	0	0	0	0	0	0	0	0	0	0	0	0	0	0	0	0	0	0	0	0	0	0	0	180	0	34420	1122	0	1950	0	0	792	0	8406	1130	29452	936	29102	2346	3840	1188	1906	0	0	0	106	1910	4032	2636	898	0	
203632	Cerebelum_Crus2_R	0	0	0	0	0	0	0	0	0	0	0	0	0	0	0	0	0	0	0	0	0	0	0	0	0	0	0	0	0	0	0	0	0	0	0	0	0	0	0	0	0	0	0	0	0	0	0	110	0	0	0	0	0	0	0	144	0	0	0	0	0	0	0	0	0	0	0	0	0	0	0	0	0	0	0	0	0	0	0	0	0	0	0	0	0	0	0	0	0	0	1072	29618	1950	0	0	0	0	458	0	3186	364	20768	1298	32306	442	3040	192	136	0	0	0	432	4326	1604	370	0	
14108	Cerebelum_3_L	0	0	0	0	0	0	0	0	0	0	0	0	0	0	0	0	0	0	0	0	0	0	0	0	0	0	0	0	0	0	0	0	0	0	0	0	0	0	0	0	0	0	0	0	0	0	0	0	0	0	0	0	0	0	0	0	0	0	0	0	0	0	0	0	0	0	0	0	0	0	0	0	0	0	0	0	0	0	0	0	0	0	0	0	0	0	0	0	0	0	102	0	0	0	0	0	3864	0	672	0	0	0	0	0	0	0	0	0	384	1094	690	136	0	0	0	112	
26144	Cerebelum_3_R	0	0	0	0	0	0	0	0	0	0	0	0	0	0	0	0	0	0	0	0	0	0	0	0	0	0	0	0	0	0	0	0	0	0	0	0	0	0	0	0	0	0	0	0	0	0	0	0	0	0	0	0	0	0	0	216	0	0	0	0	0	0	0	0	0	0	0	0	0	0	0	0	0	0	0	0	0	0	0	0	0	0	0	0	0	0	0	0	0	0	0	1036	0	0	0	0	126	3818	152	3500	0	0	0	112	0	394	0	0	198	1356	1710	282	0	0	172	0	
231612	Cerebelum_4_5_L	0	0	0	0	0	0	0	0	0	0	0	0	0	0	0	0	0	0	0	0	0	0	0	0	0	0	0	0	0	0	0	0	0	0	192	0	0	0	266	0	0	0	340	0	0	0	3636	1500	0	0	0	0	0	0	6562	996	0	0	0	0	0	0	0	0	0	0	328	0	0	0	0	0	0	0	0	0	0	0	0	0	0	0	0	0	0	0	0	0	110	0	20910	3716	792	0	3864	126	0	6536	32186	6354	298	0	1004	0	3240	1408	660	0	404	528	14062	2606	370	554	1074	1184	
204484	Cerebelum_4_5_R	0	0	0	0	0	0	0	0	0	0	0	0	0	0	0	0	0	0	0	0	0	0	0	0	0	0	0	0	0	0	0	0	0	0	0	0	0	292	0	1392	0	0	0	0	0	0	442	4336	0	0	0	0	0	0	140	5412	0	0	0	0	0	0	0	0	0	0	0	136	0	0	0	0	0	0	0	0	0	0	0	0	0	0	0	0	0	0	0	0	0	0	900	21258	0	458	0	3818	6536	0	2052	32838	0	0	0	1296	104	774	0	106	206	486	17492	1066	108	0	142	452	
338316	Cerebelum_6_L	0	0	0	0	0	0	0	0	0	0	0	0	0	0	0	0	0	0	0	0	0	0	0	0	0	0	0	0	164	0	0	0	0	0	0	0	322	0	162	0	0	0	0	0	0	0	6070	2590	0	0	0	0	0	0	17146	370	0	0	0	0	0	0	0	0	0	0	0	0	0	0	0	0	0	0	0	0	0	0	0	0	128	0	0	0	0	0	0	0	446	0	53180	1556	8406	0	672	152	32186	2052	0	5614	2422	0	2786	200	4062	2798	1460	144	0	0	7538	8466	2704	2110	2598	654	
356676	Cerebelum_6_R	0	0	0	0	0	0	0	0	0	0	0	0	0	0	0	0	0	0	0	0	0	0	0	0	0	0	0	0	0	0	0	0	0	0	0	0	0	96	0	526	0	0	0	0	0	0	1114	8462	0	0	0	0	0	514	574	9990	0	0	0	0	0	0	0	0	0	0	0	0	0	0	0	0	0	0	0	0	0	0	0	0	0	0	0	0	0	0	0	0	0	0	3758	52208	1130	3186	0	3500	6354	32838	5614	0	0	266	178	6216	252	2810	0	940	248	406	17056	12092	5884	798	1164	164	
163096	Cerebelum_7b_L	0	0	0	0	0	0	0	0	0	0	0	0	0	0	0	0	0	0	0	0	0	0	0	0	0	0	0	0	0	0	0	0	0	0	0	0	0	0	0	0	0	0	0	0	0	0	0	0	0	0	0	0	0	0	0	0	0	0	0	0	0	0	0	0	0	0	0	0	0	0	0	0	0	0	0	0	0	0	0	0	0	0	0	0	0	0	0	0	0	0	9916	0	29452	364	0	0	298	0	2422	0	0	880	29160	1646	3284	202	726	0	0	0	0	134	810	2130	124	0	
114536	Cerebelum_7b_R	0	0	0	0	0	0	0	0	0	0	0	0	0	0	0	0	0	0	0	0	0	0	0	0	0	0	0	0	0	0	0	0	0	0	0	0	0	0	0	0	0	0	0	0	0	0	0	0	0	0	0	0	0	0	0	0	0	0	0	0	0	0	0	0	0	0	0	0	0	0	0	0	0	0	0	0	0	0	0	0	0	0	0	0	0	0	0	0	0	0	0	5680	936	20768	0	0	0	0	0	266	880	0	1308	22938	170	1678	118	0	0	0	0	0	502	1858	166	0	
224644	Cerebelum_8_L	0	0	0	0	0	0	0	0	0	0	0	0	0	0	0	0	0	0	0	0	0	0	0	0	0	0	0	0	0	0	0	0	0	0	0	0	0	0	0	0	0	0	0	0	0	0	0	0	0	0	0	0	0	0	0	0	0	0	0	0	0	0	0	0	0	0	0	0	0	0	0	0	0	0	0	0	0	0	0	0	0	0	0	0	0	0	0	0	0	0	14564	458	29102	1298	0	0	1004	0	2786	178	29160	1308	0	4264	10522	2960	2658	0	0	0	220	362	3220	5834	2424	0	
254640	Cerebelum_8_R	0	0	0	0	0	0	0	0	0	0	0	0	0	0	0	0	0	0	0	0	0	0	0	0	0	0	0	0	0	0	0	0	0	0	0	0	0	0	0	0	0	0	0	0	0	0	0	0	0	0	0	0	0	0	0	160	0	0	0	0	0	0	0	0	0	0	0	0	0	0	0	0	0	0	0	0	0	0	0	0	0	0	0	0	0	0	0	0	0	0	770	25458	2346	32306	0	112	0	1296	200	6216	1646	22938	4264	0	874	14022	410	1234	0	0	140	586	5040	5584	1718	0	
97112	Cerebelum_9_L	0	0	0	0	0	0	0	0	0	0	0	0	0	0	0	0	0	0	0	0	0	0	0	0	0	0	0	0	0	0	0	0	0	0	0	0	0	0	0	0	0	0	0	0	0	0	0	0	0	0	0	0	0	0	0	0	0	0	0	0	0	0	0	0	0	0	0	0	0	0	0	0	0	0	0	0	0	0	0	0	0	0	0	0	0	0	0	0	0	0	2458	330	3840	442	0	0	3240	104	4062	252	3284	170	10522	874	0	3508	3728	0	0	0	1306	2278	2250	2620	3010	278	
133780	Cerebelum_9_R	0	0	0	0	0	0	0	0	0	0	0	0	0	0	0	0	0	0	0	0	0	0	0	0	0	0	0	0	0	0	0	0	0	0	0	0	0	0	0	0	0	0	0	0	0	0	0	0	0	0	0	0	0	0	0	0	0	0	0	0	0	0	0	0	0	0	0	0	0	0	0	0	0	0	0	0	0	0	0	0	0	0	0	0	0	0	0	0	0	0	1214	4600	1188	3040	0	394	1408	774	2798	2810	202	1678	2960	14022	3508	0	470	1396	108	0	1622	4844	4374	5522	6672	1286	
32008	Cerebelum_10_L	0	0	0	0	0	0	0	0	0	0	0	0	0	0	0	0	0	0	0	0	0	0	0	0	0	0	0	0	0	0	0	0	0	0	0	0	0	0	0	0	0	0	0	0	0	0	0	0	0	0	0	0	0	0	0	0	0	0	0	0	0	0	0	0	0	0	0	0	0	0	0	0	0	0	0	0	0	0	0	0	0	0	0	0	0	0	0	0	0	0	1462	0	1906	192	0	0	660	0	1460	0	726	118	2658	410	3728	470	0	0	0	0	216	346	614	676	362	0	
12332	Cerebelum_10_R	0	0	0	0	0	0	0	0	0	0	0	0	0	0	0	0	0	0	0	0	0	0	0	0	0	0	0	0	0	0	0	0	0	0	0	0	0	0	0	0	0	0	0	0	0	0	0	0	0	0	0	0	0	0	0	0	0	0	0	0	0	0	0	0	0	0	0	0	0	0	0	0	0	0	0	0	0	0	0	0	0	0	0	0	0	0	0	0	0	0	0	924	0	136	0	0	0	106	144	940	0	0	0	1234	0	1396	0	0	0	0	0	292	600	168	226	0	
10160	Vermis_1_2	0	0	0	0	0	0	0	0	0	0	0	0	0	0	0	0	0	0	0	0	0	0	0	0	0	0	0	0	0	0	0	0	0	0	0	0	0	0	0	0	0	0	0	0	0	0	0	0	0	0	0	0	0	0	0	0	0	0	0	0	0	0	0	0	0	0	0	0	0	0	0	0	0	0	0	0	0	0	0	0	0	0	0	0	0	0	0	0	0	0	0	0	0	0	384	198	404	206	0	248	0	0	0	0	0	108	0	0	0	2462	888	182	0	0	0	0	
14596	Vermis_3	0	0	0	0	0	0	0	0	0	0	0	0	0	0	0	0	0	0	0	0	0	0	0	0	0	0	0	0	0	0	0	0	0	0	0	0	0	0	0	0	0	0	0	0	0	0	0	0	0	0	0	0	0	0	0	0	0	0	0	0	0	0	0	0	0	0	0	0	0	0	0	0	0	0	0	0	0	0	0	0	0	0	0	0	0	0	0	0	0	0	0	0	0	0	1094	1356	528	486	0	406	0	0	0	0	0	0	0	0	2462	0	966	0	0	0	0	0	
190360	Vermis_4_5	0	0	0	0	0	0	0	0	0	0	0	0	0	0	0	0	0	0	0	0	0	0	0	0	0	0	0	0	0	0	0	0	0	0	270	292	0	526	0	284	0	0	402	108	0	0	1304	3552	0	0	0	0	0	0	838	2532	0	0	0	0	0	0	0	0	0	0	402	596	0	0	0	0	0	0	0	0	0	0	0	0	0	0	0	0	0	0	0	0	0	0	3346	10212	106	0	690	1710	14062	17492	7538	17056	0	0	220	140	1306	1622	216	0	888	966	0	3738	0	202	836	1728	
149300	Vermis_6	0	0	0	0	0	0	0	0	0	0	0	0	0	0	0	0	0	0	0	0	0	0	0	0	0	0	0	0	0	0	0	0	0	0	0	0	0	0	0	0	0	0	0	0	0	0	1130	4456	0	0	0	0	0	382	626	1452	0	0	0	0	0	0	0	0	0	0	0	0	0	0	0	0	0	0	0	0	0	0	0	0	0	0	0	0	0	0	0	0	0	0	4654	6846	1910	432	136	282	2606	1066	8466	12092	134	0	362	586	2278	4844	346	292	182	0	3738	0	6248	3062	4350	1692	
132444	Vermis_7	0	0	0	0	0	0	0	0	0	0	0	0	0	0	0	0	0	0	0	0	0	0	0	0	0	0	0	0	0	0	0	0	0	0	0	0	0	0	0	0	0	0	0	0	0	0	212	1174	0	0	0	0	0	162	168	398	0	0	0	0	0	0	0	0	0	0	0	0	0	0	0	0	0	0	0	0	0	0	0	0	0	0	0	0	0	0	0	0	0	0	4284	8658	4032	4326	0	0	370	108	2704	5884	810	502	3220	5040	2250	4374	614	600	0	0	0	6248	0	5606	4478	0	
99032	Vermis_8	0	0	0	0	0	0	0	0	0	0	0	0	0	0	0	0	0	0	0	0	0	0	0	0	0	0	0	0	0	0	0	0	0	0	0	0	0	0	0	0	0	0	0	0	0	0	0	0	0	0	0	0	0	0	0	0	0	0	0	0	0	0	0	0	0	0	0	0	0	0	0	0	0	0	0	0	0	0	0	0	0	0	0	0	0	0	0	0	0	0	1564	820	2636	1604	0	0	554	0	2110	798	2130	1858	5834	5584	2620	5522	676	168	0	0	202	3062	5606	0	5984	184	
79356	Vermis_9	0	0	0	0	0	0	0	0	0	0	0	0	0	0	0	0	0	0	0	0	0	0	0	0	0	0	0	0	0	0	0	0	0	0	0	0	0	0	0	0	0	0	0	0	0	0	0	0	0	0	0	0	0	0	0	0	0	0	0	0	0	0	0	0	0	0	0	0	0	0	0	0	0	0	0	0	0	0	0	0	0	0	0	0	0	0	0	0	0	0	1444	678	898	370	0	172	1074	142	2598	1164	124	166	2424	1718	3010	6672	362	226	0	0	836	4350	4478	5984	0	788	
