data	data	534528	484144	921288	867660	120880	68836	597052	244360	67976	14012	228964	272244	253784	207180	180080	123800	160128	150692	722584	832816	95024	86836	405364	316256	51012	118556	83068	107552	577352	301756	375044	475852	154640	517980	170084	161532	294004	395096	46356	132328	31128	36644	207340	246592	153440	252636	253612	236284	228388	297144	512432	232704	235336	68088	310480	415224	250760	222600	128124	106608	179232	132344	101152	161668	113912	125636	364536	344068	120812	186572	330256	306088	250884	330320	33644	13556	119676	192836	52052	25144	193300	122112	80200	37268	313784	225124	28616	11644	238384	346848	380888	316132	305092	275412	28688	17108	202888	153580	360340	283972	216656	160408	223816	209116	107204	101472	11856	4536	6460	19288	141928	141776	158860	83936	52908	8932	
data	data	Precentral_L	Precentral_R	Frontal_Sup_L	Frontal_Sup_R	Frontal_Sup_Orb_L	Frontal_Sup_Orb_R	Frontal_Mid_L	Frontal_Mid_R	Frontal_Mid_Orb_L	Frontal_Mid_Orb_R	Frontal_Inf_Oper_L	Frontal_Inf_Oper_R	Frontal_Inf_Tri_L	Frontal_Inf_Tri_R	Frontal_Inf_Orb_L	Frontal_Inf_Orb_R	Rolandic_Oper_L	Rolandic_Oper_R	Supp_Motor_Area_L	Supp_Motor_Area_R	Olfactory_L	Olfactory_R	Frontal_Sup_Medial_L	Frontal_Sup_Medial_R	Frontal_Med_Orb_L	Frontal_Med_Orb_R	Rectus_L	Rectus_R	Insula_L	Insula_R	Cingulum_Ant_L	Cingulum_Ant_R	Cingulum_Mid_L	Cingulum_Mid_R	Cingulum_Post_L	Cingulum_Post_R	Hippocampus_L	Hippocampus_R	ParaHippocampal_L	ParaHippocampal_R	Amygdala_L	Amygdala_R	Calcarine_L	Calcarine_R	Cuneus_L	Cuneus_R	Lingual_L	Lingual_R	Occipital_Sup_L	Occipital_Sup_R	Occipital_Mid_L	Occipital_Mid_R	Occipital_Inf_L	Occipital_Inf_R	Fusiform_L	Fusiform_R	Postcentral_L	Postcentral_R	Parietal_Sup_L	Parietal_Sup_R	Parietal_Inf_L	Parietal_Inf_R	SupraMarginal_L	SupraMarginal_R	Angular_L	Angular_R	Precuneus_L	Precuneus_R	Paracentral_Lobule_L	Paracentral_Lobule_R	Caudate_L	Caudate_R	Putamen_L	Putamen_R	Pallidum_L	Pallidum_R	Thalamus_L	Thalamus_R	Heschl_L	Heschl_R	Temporal_Sup_L	Temporal_Sup_R	Temporal_Pole_Sup_L	Temporal_Pole_Sup_R	Temporal_Mid_L	Temporal_Mid_R	Temporal_Pole_Mid_L	Temporal_Pole_Mid_R	Temporal_Inf_L	Temporal_Inf_R	Cerebelum_Crus1_L	Cerebelum_Crus1_R	Cerebelum_Crus2_L	Cerebelum_Crus2_R	Cerebelum_3_L	Cerebelum_3_R	Cerebelum_4_5_L	Cerebelum_4_5_R	Cerebelum_6_L	Cerebelum_6_R	Cerebelum_7b_L	Cerebelum_7b_R	Cerebelum_8_L	Cerebelum_8_R	Cerebelum_9_L	Cerebelum_9_R	Cerebelum_10_L	Cerebelum_10_R	Vermis_1_2	Vermis_3	Vermis_4_5	Vermis_6	Vermis_7	Vermis_8	Vermis_9	Vermis_10	
534528	Precentral_L	0	5036	22124	7090	0	0	33386	328	0	0	12544	486	1280	0	0	0	10760	280	11970	18636	0	0	1190	0	0	0	0	0	14712	196	456	760	3210	6802	7022	1076	9730	1668	312	0	0	0	436	0	290	0	148	0	164	0	2376	0	752	0	460	854	26230	310	88	0	3344	84	790	96	174	0	2110	0	8394	3456	8046	328	5444	868	610	0	12580	542	5644	0	3206	0	0	0	4844	0	0	0	2638	904	0	0	0	0	0	0	0	0	0	0	0	0	0	0	0	0	0	0	0	0	0	0	0	0	0	0	
484144	Precentral_R	5036	0	2612	33942	0	0	934	10276	0	0	0	11906	112	5488	0	254	144	2422	6850	19646	0	0	510	354	0	0	0	0	1174	2082	1434	2402	0	3478	356	876	182	10070	0	1046	0	0	0	566	0	644	0	592	0	892	0	1032	0	256	0	7360	1720	24058	0	828	0	4260	134	4838	0	930	0	2548	168	12360	6314	15352	870	1298	100	0	1594	16812	0	424	148	1434	0	0	280	1630	0	0	0	9044	0	0	0	0	0	0	0	0	0	0	0	0	0	0	0	0	0	0	0	0	0	0	0	0	0	0	
921288	Frontal_Sup_L	22124	2612	0	5106	8818	0	80984	836	2796	0	18898	966	21562	204	13132	0	7628	0	66588	16844	2324	0	50972	660	2110	832	1780	196	46066	198	20212	3304	3222	6854	110	116	3892	310	444	0	172	0	0	0	0	0	0	0	0	0	124	0	0	0	174	0	2188	362	0	0	260	130	0	142	0	0	104	0	322	198	7244	134	21558	374	4266	0	2210	194	1438	0	3846	0	1434	0	342	0	0	0	646	82	0	0	0	0	0	0	0	0	0	0	0	0	0	0	0	0	0	0	0	0	0	0	0	0	0	0	
867660	Frontal_Sup_R	7090	33942	5106	0	0	1498	3738	24824	0	170	504	9772	130	8592	0	4106	310	5138	23978	59626	0	124	10604	38962	226	3478	0	728	1634	14328	5796	33416	378	17260	354	584	312	16812	0	2880	0	0	0	112	0	0	0	378	0	0	0	0	0	0	0	5424	1390	1122	0	0	0	286	0	380	0	0	0	338	0	88	6110	23144	1494	27488	0	1794	986	17586	0	918	308	1534	0	316	0	244	0	0	114	5876	0	0	0	0	0	0	0	0	0	0	0	0	0	0	0	0	0	0	0	0	0	0	0	0	0	0	
120880	Frontal_Sup_Orb_L	0	0	8818	0	0	0	2050	0	11978	0	0	0	394	0	10916	0	0	0	0	0	3618	0	2530	0	2716	238	5588	110	5192	0	2230	160	0	0	0	0	0	0	0	0	110	0	0	0	0	0	0	0	0	0	0	0	0	0	0	0	0	0	0	0	0	0	0	0	0	0	0	0	0	0	752	0	1282	0	0	0	0	0	0	0	0	0	1758	0	0	0	0	0	0	0	0	0	0	0	0	0	0	0	0	0	0	0	0	0	0	0	0	0	0	0	0	0	0	0	0	0	
68836	Frontal_Sup_Orb_R	0	0	0	1498	0	0	0	166	0	1248	0	0	0	0	0	3906	0	0	0	0	0	2444	248	2956	612	6476	276	8286	0	674	1028	1824	0	0	0	0	0	0	0	0	0	210	0	0	0	0	0	0	0	0	0	0	0	0	0	0	0	0	0	0	0	0	0	0	0	0	0	0	0	0	0	1624	0	942	0	0	0	0	0	0	0	0	0	0	0	0	0	0	0	0	0	0	0	0	0	0	0	0	0	0	0	0	0	0	0	0	0	0	0	0	0	0	0	0	0	0	
597052	Frontal_Mid_L	33386	934	80984	3738	2050	0	0	402	3340	0	16076	592	37374	0	16682	0	3938	240	16578	6856	0	0	27804	0	0	0	0	0	17344	186	9306	1142	166	3976	0	0	342	590	0	0	0	0	0	0	0	0	0	0	0	0	0	0	0	0	0	0	1150	214	0	0	0	0	0	0	0	0	0	0	0	240	4616	118	3504	794	458	0	1386	220	428	0	1192	0	180	0	0	0	0	0	0	0	0	0	0	0	0	0	0	0	0	0	0	0	0	0	0	0	0	0	0	0	0	0	0	0	0	0	
244360	Frontal_Mid_R	328	10276	836	24824	0	166	402	0	0	846	0	10450	146	14940	0	7834	0	832	3422	5284	0	0	1184	5218	0	128	0	0	484	4902	2678	4154	0	3560	0	0	0	2904	0	248	0	0	0	102	0	0	0	84	0	0	0	0	0	0	0	852	0	628	0	0	0	246	0	320	0	0	0	222	0	0	5630	606	174	3576	0	114	0	504	0	274	0	572	0	0	0	150	0	0	0	2080	0	0	0	0	0	0	0	0	0	0	0	0	0	0	0	0	0	0	0	0	0	0	0	0	0	0	
67976	Frontal_Mid_Orb_L	0	0	2796	0	11978	0	3340	0	0	0	0	0	860	0	11110	0	0	0	0	0	694	0	0	0	300	0	1850	0	682	0	0	0	0	0	0	0	0	0	0	0	0	0	0	0	0	0	0	0	0	0	0	0	0	0	0	0	0	0	0	0	0	0	0	0	0	0	0	0	0	0	180	0	0	0	0	0	0	0	0	0	0	0	198	0	0	0	0	0	0	0	0	0	0	0	0	0	0	0	0	0	0	0	0	0	0	0	0	0	0	0	0	0	0	0	0	0	
14012	Frontal_Mid_Orb_R	0	0	0	170	0	1248	0	846	0	0	0	0	0	384	0	3256	0	0	0	0	0	0	0	264	0	180	0	102	0	0	0	164	0	0	0	0	0	0	0	0	0	0	0	0	0	0	0	0	0	0	0	0	0	0	0	0	0	0	0	0	0	0	0	0	0	0	0	0	0	0	0	188	0	204	0	0	0	0	0	0	0	0	0	0	0	0	0	0	0	0	0	0	0	0	0	0	0	0	0	0	0	0	0	0	0	0	0	0	0	0	0	0	0	0	0	0	
228964	Frontal_Inf_Oper_L	12544	0	18898	504	0	0	16076	0	0	0	0	134	9906	0	86	0	9946	0	9584	588	0	0	3014	0	0	0	0	0	20586	106	2452	0	0	272	0	0	970	194	0	0	0	0	0	0	0	0	0	0	0	0	0	0	0	0	0	0	1816	0	0	0	0	0	0	0	0	0	0	0	0	0	1332	0	1112	334	0	0	0	0	618	0	2814	0	268	0	0	0	0	0	328	0	0	0	0	0	0	0	0	0	0	0	0	0	0	0	0	0	0	0	0	0	0	0	0	0	0	0	
272244	Frontal_Inf_Oper_R	486	11906	966	9772	0	0	592	10450	0	0	134	0	184	19014	0	2108	0	6890	5420	7970	0	0	758	604	0	0	0	0	1328	19624	2752	3366	0	5098	0	0	0	1214	0	226	0	0	0	0	0	0	0	0	0	0	0	0	0	0	0	420	0	1488	0	0	0	2314	0	2490	0	0	0	128	0	0	7556	1552	150	6016	0	0	0	250	0	82	0	514	0	1520	0	148	0	0	0	632	0	0	0	0	0	0	0	0	0	0	0	0	0	0	0	0	0	0	0	0	0	0	0	0	0	0	
253784	Frontal_Inf_Tri_L	1280	112	21562	130	394	0	37374	146	860	0	9906	184	0	0	13448	0	232	0	4642	0	0	0	5806	0	0	0	0	0	22330	0	5862	90	0	0	0	0	0	0	0	0	0	0	0	0	0	0	0	0	0	0	0	0	0	0	0	0	0	0	0	0	0	0	0	0	0	0	0	0	0	0	814	0	910	98	0	0	0	0	0	0	370	0	120	0	0	0	0	0	222	0	0	0	0	0	0	0	0	0	0	0	0	0	0	0	0	0	0	0	0	0	0	0	0	0	0	0	
207180	Frontal_Inf_Tri_R	0	5488	204	8592	0	0	0	14940	0	384	0	19014	0	0	0	11882	0	802	4006	5268	0	0	782	3098	0	0	0	0	0	14506	266	5292	0	5076	0	0	0	220	0	0	0	0	0	0	0	0	0	0	0	0	0	0	0	0	0	0	0	0	0	0	0	186	0	186	0	0	0	0	0	0	964	440	0	1780	0	0	0	0	0	0	0	130	0	0	0	0	0	0	0	84	0	0	0	0	0	0	0	0	0	0	0	0	0	0	0	0	0	0	0	0	0	0	0	0	0	0	
180080	Frontal_Inf_Orb_L	0	0	13132	0	10916	0	16682	0	11110	0	86	0	13448	0	0	0	0	0	0	0	2958	0	726	0	0	0	2328	0	12318	0	586	0	0	0	0	0	0	0	92	0	110	0	0	0	0	0	0	0	0	0	0	0	0	0	0	0	0	0	0	0	0	0	0	0	0	0	0	0	0	0	566	0	1802	0	0	0	0	0	0	0	0	0	3180	0	0	0	0	0	0	0	0	0	0	0	0	0	0	0	0	0	0	0	0	0	0	0	0	0	0	0	0	0	0	0	0	0	
123800	Frontal_Inf_Orb_R	0	254	0	4106	0	3906	0	7834	0	3256	0	2108	0	11882	0	0	0	0	614	828	0	2434	774	3200	0	0	0	3422	0	10670	0	2478	0	2174	0	0	0	142	0	0	0	240	0	0	0	0	0	0	0	0	0	0	0	0	0	0	0	0	0	0	0	0	0	0	0	0	0	0	0	0	0	328	0	732	0	0	0	0	0	0	0	0	0	436	0	0	0	82	0	0	0	0	0	0	0	0	0	0	0	0	0	0	0	0	0	0	0	0	0	0	0	0	0	0	0	0	
160128	Rolandic_Oper_L	10760	144	7628	310	0	0	3938	0	0	0	9946	0	232	0	0	0	0	0	3200	498	0	0	0	0	0	0	0	0	16510	0	0	0	0	166	0	0	1016	0	0	0	0	0	0	0	0	0	0	0	0	0	576	0	160	0	0	0	7008	0	0	0	0	0	1624	0	0	0	114	0	88	0	398	0	346	0	0	0	134	0	2416	0	9036	0	258	0	2928	0	0	0	630	0	0	0	0	0	0	0	0	0	0	0	0	0	0	0	0	0	0	0	0	0	0	0	0	0	0	0	
150692	Rolandic_Oper_R	280	2422	0	5138	0	0	240	832	0	0	0	6890	0	802	0	0	0	0	242	2772	0	0	0	0	0	0	0	0	356	14484	0	0	0	248	0	88	0	2376	0	184	0	0	0	280	0	0	0	202	0	0	0	0	0	0	0	1620	0	8998	0	0	0	512	0	4488	0	0	0	378	0	0	778	988	324	5498	0	478	0	180	0	2480	142	5408	0	1514	0	940	0	0	92	2692	0	0	0	0	0	0	0	0	0	0	0	0	0	0	0	0	0	0	0	0	0	0	0	0	0	0	
722584	Supp_Motor_Area_L	11970	6850	66588	23978	0	0	16578	3422	0	0	9584	5420	4642	4006	0	614	3200	242	0	59008	0	0	4958	2668	0	0	0	0	19632	5098	5048	10432	11348	38920	1598	128	3244	482	160	0	0	0	0	0	0	0	0	0	0	0	0	0	0	0	160	236	1196	206	0	0	0	0	0	0	0	0	100	0	1682	606	7886	2002	12756	2984	4350	0	2760	96	900	0	2420	0	0	0	202	0	0	0	562	370	0	0	0	0	0	0	0	0	0	0	0	0	0	0	0	0	0	0	0	0	0	0	0	0	0	0	
832816	Supp_Motor_Area_R	18636	19646	16844	59626	0	0	6856	5284	0	0	588	7970	0	5268	0	828	498	2772	59008	0	0	0	1004	4866	0	0	0	0	2426	10042	3286	14658	5174	50720	2562	5594	412	7646	0	2056	0	0	0	752	0	104	0	388	0	94	0	122	0	482	0	3434	1568	1890	0	98	0	160	124	174	0	170	0	1352	2908	19944	12050	15750	2354	18890	354	1754	2418	7234	120	580	408	1182	0	314	294	1012	0	0	140	3520	0	0	0	0	0	0	0	0	0	0	0	0	0	0	0	0	0	0	0	0	0	0	0	0	0	0	
95024	Olfactory_L	0	0	2324	0	3618	0	0	0	694	0	0	0	0	0	2958	0	0	0	0	0	0	4984	152	0	860	564	5388	1778	4516	0	3498	2388	0	0	0	0	270	0	898	0	708	0	0	0	0	0	0	0	0	0	0	0	0	0	182	0	0	0	0	0	0	0	0	0	0	0	0	0	0	0	6690	2352	1708	0	0	0	0	0	0	0	0	0	982	0	0	0	0	0	0	0	0	0	0	0	0	0	0	0	0	0	0	0	0	0	0	0	0	0	0	0	0	0	0	0	0	0	
86836	Olfactory_R	0	0	0	124	0	2444	0	0	0	0	0	0	0	0	0	2434	0	0	0	0	4984	0	0	196	192	1536	2108	6716	142	2502	2602	4228	0	0	0	0	0	146	0	160	0	762	0	0	0	0	0	0	0	0	0	0	0	0	0	0	0	0	0	0	0	0	0	0	0	0	0	0	0	0	5740	4262	1790	350	0	0	0	0	0	0	0	0	0	0	0	0	0	0	0	0	0	0	0	0	0	0	0	0	0	0	0	0	0	0	0	0	0	0	0	0	0	0	0	0	0	0	
405364	Frontal_Sup_Medial_L	1190	510	50972	10604	2530	248	27804	1184	0	0	3014	758	5806	782	726	774	0	0	4958	1004	152	0	0	19482	3140	1926	1180	174	4424	124	27352	14898	3436	8876	0	0	0	144	0	0	0	0	0	0	0	0	0	0	0	0	0	0	0	0	0	0	0	0	0	0	0	102	0	116	0	0	0	0	0	0	2022	160	1808	210	0	0	0	92	0	0	0	0	0	0	0	0	0	0	0	0	0	0	0	0	0	0	0	0	0	0	0	0	0	0	0	0	0	0	0	0	0	0	0	0	0	0	
316256	Frontal_Sup_Medial_R	0	354	660	38962	0	2956	0	5218	0	264	0	604	0	3098	0	3200	0	0	2668	4866	0	196	19482	0	380	8284	206	2508	0	1666	8564	31896	166	11674	0	0	0	0	0	0	0	0	0	0	0	0	0	0	0	0	0	0	0	0	0	0	0	0	0	0	0	0	0	0	0	0	0	0	0	0	436	5292	256	4272	0	0	0	0	0	0	0	0	0	0	0	0	0	0	0	0	0	0	0	0	0	0	0	0	0	0	0	0	0	0	0	0	0	0	0	0	0	0	0	0	0	0	
51012	Frontal_Med_Orb_L	0	0	2110	226	2716	612	0	0	300	0	0	0	0	0	0	0	0	0	0	0	860	192	3140	380	0	3978	2026	1578	152	0	4884	1896	0	0	0	0	0	0	0	0	0	0	0	0	0	0	0	0	0	0	0	0	0	0	0	0	0	0	0	0	0	0	0	0	0	0	0	0	0	0	456	0	0	0	0	0	0	0	0	0	0	0	0	0	0	0	0	0	0	0	0	0	0	0	0	0	0	0	0	0	0	0	0	0	0	0	0	0	0	0	0	0	0	0	0	0	
118556	Frontal_Med_Orb_R	0	0	832	3478	238	6476	0	128	0	180	0	0	0	0	0	0	0	0	0	0	564	1536	1926	8284	3978	0	1564	10544	0	0	6094	9768	0	0	0	0	0	0	0	0	0	0	0	0	0	0	0	0	0	0	0	0	0	0	0	0	0	0	0	0	0	0	0	0	0	0	0	0	0	0	318	2808	0	562	0	0	0	0	0	0	0	0	0	0	0	0	0	0	0	0	0	0	0	0	0	0	0	0	0	0	0	0	0	0	0	0	0	0	0	0	0	0	0	0	0	0	
83068	Rectus_L	0	0	1780	0	5588	276	0	0	1850	0	0	0	0	0	2328	0	0	0	0	0	5388	2108	1180	206	2026	1564	0	2540	982	0	5598	1918	0	0	0	0	0	0	0	0	0	0	0	0	0	0	0	0	0	0	0	0	0	0	0	0	0	0	0	0	0	0	0	0	0	0	0	0	0	0	4176	862	952	0	0	0	0	0	0	0	0	0	212	0	0	0	0	0	0	0	0	0	0	0	0	0	0	0	0	0	0	0	0	0	0	0	0	0	0	0	0	0	0	0	0	0	
107552	Rectus_R	0	0	196	728	110	8286	0	0	0	102	0	0	0	0	0	3422	0	0	0	0	1778	6716	174	2508	1578	10544	2540	0	0	1316	1722	6784	0	0	0	0	0	0	0	0	0	224	0	0	0	0	0	0	0	0	0	0	0	0	0	0	0	0	0	0	0	0	0	0	0	0	0	0	0	0	1388	2444	368	848	0	0	0	0	0	0	0	0	0	0	0	0	0	0	0	0	0	0	0	0	0	0	0	0	0	0	0	0	0	0	0	0	0	0	0	0	0	0	0	0	0	0	
577352	Insula_L	14712	1174	46066	1634	5192	0	17344	484	682	0	20586	1328	22330	0	12318	0	16510	356	19632	2426	4516	142	4424	0	152	0	982	0	0	152	6872	226	138	618	162	154	11170	746	1100	0	2170	0	114	0	0	0	0	0	0	0	1248	0	416	0	3046	122	4052	548	0	0	0	222	530	252	0	0	286	0	330	92	9354	0	15768	880	0	0	296	348	7396	0	12390	0	3814	0	4168	0	0	0	6386	120	0	0	0	0	0	0	0	0	0	0	0	0	0	0	0	0	0	0	0	0	0	0	0	0	0	0	
301756	Insula_R	196	2082	198	14328	0	674	186	4902	0	0	106	19624	0	14506	0	10670	0	14484	5098	10042	0	2502	124	1666	0	0	0	1316	152	0	110	2748	0	4570	0	0	0	4188	0	628	0	1142	0	176	0	0	0	124	0	0	0	0	0	0	0	1056	0	2922	0	0	0	794	0	1008	0	0	0	340	0	0	340	1670	82	18224	0	0	0	654	0	922	0	2350	0	1652	0	438	0	0	0	1884	0	0	0	0	0	0	0	0	0	0	0	0	0	0	0	0	0	0	0	0	0	0	0	0	0	0	
375044	Cingulum_Ant_L	456	1434	20212	5796	2230	1028	9306	2678	0	0	2452	2752	5862	266	586	0	0	0	5048	3286	3498	2602	27352	8564	4884	6094	5598	1722	6872	110	0	20050	4044	2172	0	0	0	224	0	0	0	0	0	0	0	0	0	0	0	0	0	0	0	0	0	86	0	94	0	0	0	132	0	148	0	0	0	0	0	0	15812	4176	8798	876	0	0	0	102	0	0	0	0	0	0	0	0	0	0	0	120	0	0	0	0	0	0	0	0	0	0	0	0	0	0	0	0	0	0	0	0	0	0	0	0	0	0	
475852	Cingulum_Ant_R	760	2402	3304	33416	160	1824	1142	4154	0	164	0	3366	90	5292	0	2478	0	0	10432	14658	2388	4228	14898	31896	1896	9768	1918	6784	226	2748	20050	0	1698	21224	0	0	0	114	0	0	0	0	0	0	0	0	0	0	0	0	0	0	0	0	0	0	0	0	0	0	0	0	0	0	0	0	0	0	0	0	4068	18374	1414	10592	0	0	0	0	0	0	0	0	0	0	0	0	0	0	0	0	0	0	0	0	0	0	0	0	0	0	0	0	0	0	0	0	0	0	0	0	0	0	0	0	0	0	
154640	Cingulum_Mid_L	3210	0	3222	378	0	0	166	0	0	0	0	0	0	0	0	0	0	0	11348	5174	0	0	3436	166	0	0	0	0	138	0	4044	1698	0	11676	7768	1360	100	0	0	0	0	0	186	650	284	598	0	0	510	0	2470	0	554	0	0	0	1136	82	306	0	852	0	0	0	360	0	7628	1794	5084	534	0	0	0	0	0	0	96	0	0	0	0	0	0	0	312	0	0	0	0	0	0	0	0	0	0	0	0	0	0	0	0	0	0	0	0	0	0	0	0	0	0	0	0	0	0	0	
517980	Cingulum_Mid_R	6802	3478	6854	17260	0	0	3976	3560	0	0	272	5098	0	5076	0	2174	166	248	38920	50720	0	0	8876	11674	0	0	0	0	618	4570	2172	21224	11676	0	2444	8960	0	172	0	0	0	0	0	2734	0	2612	0	212	0	420	0	534	0	122	0	452	232	4772	0	324	0	208	0	0	0	158	1080	7656	1932	11404	3246	1498	202	1720	0	0	90	0	0	0	0	0	0	0	0	198	0	0	0	194	0	0	0	0	0	0	0	0	0	0	0	0	0	0	0	0	0	0	0	0	0	0	0	0	0	0	
170084	Cingulum_Post_L	7022	356	110	354	0	0	0	0	0	0	0	0	0	0	0	0	0	0	1598	2562	0	0	0	0	0	0	0	0	162	0	0	0	7768	2444	0	10584	6910	3110	348	400	0	0	3770	1026	1944	776	490	392	312	0	1552	0	462	0	204	1068	786	720	0	0	0	0	0	0	0	0	9740	3146	6164	2136	0	0	174	0	0	0	1492	1522	0	0	0	0	0	0	1008	0	0	0	840	1502	0	0	0	0	0	0	0	0	0	0	0	0	0	0	0	0	0	0	0	0	88	0	0	0	0	0	
161532	Cingulum_Post_R	1076	876	116	584	0	0	0	0	0	0	0	0	0	0	0	0	0	88	128	5594	0	0	0	0	0	0	0	0	154	0	0	0	1360	8960	10584	0	3972	5598	296	884	0	0	224	4604	322	982	0	1224	0	86	324	132	112	108	124	2432	0	2280	0	0	0	0	0	0	0	0	884	10144	762	6614	0	0	164	88	0	0	1614	1788	0	0	0	84	0	0	776	202	0	0	638	3294	0	0	0	0	0	0	0	0	0	0	0	0	0	0	0	0	0	0	0	0	490	0	0	0	0	0	
294004	Hippocampus_L	9730	182	3892	312	0	0	342	0	0	0	970	0	0	0	0	0	1016	0	3244	412	270	0	0	0	0	0	0	0	11170	0	0	0	100	0	6910	3972	0	2360	7484	384	5664	0	6054	0	564	0	5948	370	494	0	3366	0	1478	0	10494	0	2426	0	92	0	522	0	1734	0	748	0	8230	380	1868	94	550	0	7328	0	194	0	5406	1610	1526	0	3696	0	256	0	9188	0	0	0	13780	0	0	0	0	0	0	0	110	0	0	0	0	0	0	0	0	0	0	0	0	0	82	0	0	0	0	0	
395096	Hippocampus_R	1668	10070	310	16812	0	0	590	2904	0	0	194	1214	0	220	0	142	0	2376	482	7646	0	146	144	0	0	0	0	0	746	4188	224	114	0	172	3110	5598	2360	0	226	18824	0	6198	88	282	0	84	0	3358	0	106	130	90	0	182	0	34420	224	1950	0	0	0	388	0	2138	0	0	122	3060	0	254	1762	1486	384	17724	0	104	1272	9262	0	572	0	1604	0	296	362	812	0	0	344	26338	0	0	0	0	0	0	0	816	0	0	0	0	0	0	0	0	0	0	0	0	856	0	0	0	0	0	
46356	ParaHippocampal_L	312	0	444	0	0	0	0	0	0	0	0	0	0	0	92	0	0	0	160	0	898	0	0	0	0	0	0	0	1100	0	0	0	0	0	348	296	7484	226	0	0	1742	0	246	0	0	0	3112	0	0	0	248	0	374	0	2908	0	0	0	0	0	0	0	0	0	0	0	242	0	0	0	258	0	748	0	0	0	208	0	0	0	0	0	784	0	0	0	426	0	258	0	0	0	0	0	168	0	0	0	96	0	0	0	0	0	0	0	0	0	0	0	0	0	0	0	0	0	
132328	ParaHippocampal_R	0	1046	0	2880	0	0	0	248	0	0	0	226	0	0	0	0	0	184	0	2056	0	160	0	0	0	0	0	0	0	628	0	0	0	0	400	884	384	18824	0	0	0	4612	0	316	0	0	0	4434	0	0	0	0	0	300	0	15550	0	108	0	0	0	0	0	0	0	0	0	1314	0	0	114	264	0	2988	0	96	166	1540	0	0	0	0	0	1428	88	0	0	110	90	2874	0	0	0	0	0	0	0	1308	0	0	0	0	0	0	0	0	0	0	0	0	544	0	0	0	0	0	
31128	Amygdala_L	0	0	172	0	110	0	0	0	0	0	0	0	0	0	110	0	0	0	0	0	708	0	0	0	0	0	0	0	2170	0	0	0	0	0	0	0	5664	0	1742	0	0	0	0	0	0	0	0	0	0	0	0	0	0	0	3208	0	0	0	0	0	0	0	0	0	0	0	0	0	0	0	0	0	0	0	0	0	0	0	0	0	372	0	456	0	0	0	0	0	852	0	0	0	0	0	0	0	0	0	0	0	0	0	0	0	0	0	0	0	0	0	0	0	0	0	0	0	
36644	Amygdala_R	0	0	0	0	0	210	0	0	0	0	0	0	0	0	0	240	0	0	0	0	0	762	0	0	0	0	0	224	0	1142	0	0	0	0	0	0	0	6198	0	4612	0	0	0	0	0	0	0	0	0	0	0	0	0	0	0	3034	0	0	0	0	0	0	0	0	0	0	0	0	0	0	0	0	0	596	0	0	0	0	0	0	0	0	0	1304	0	0	0	0	0	0	0	0	0	0	0	0	0	0	0	0	0	0	0	0	0	0	0	0	0	0	0	0	0	0	0	0	
207340	Calcarine_L	436	0	0	0	0	0	0	0	0	0	0	0	0	0	0	0	0	0	0	0	0	0	0	0	0	0	0	0	114	0	0	0	186	0	3770	224	6054	88	246	0	0	0	0	4650	10498	3272	11696	930	14558	1384	17682	194	3164	0	1118	0	614	0	266	0	0	0	0	0	0	0	16928	1066	1130	0	0	0	0	0	0	0	150	0	0	0	0	0	0	0	1612	0	0	0	1554	0	0	0	0	0	0	0	86	0	0	0	0	0	0	0	0	0	0	0	0	0	0	0	0	0	0	0	
246592	Calcarine_R	0	566	0	112	0	0	0	102	0	0	0	0	0	0	0	0	0	280	0	752	0	0	0	0	0	0	0	0	0	176	0	0	650	2734	1026	4604	0	282	0	316	0	0	4650	0	3614	21382	1578	14568	250	19048	128	9190	0	2864	0	4410	0	384	0	0	0	0	0	242	0	0	1790	21028	0	928	0	0	0	0	0	0	0	0	0	0	0	198	0	0	0	2600	0	0	0	2654	0	0	0	0	0	0	0	0	0	0	0	0	0	0	0	0	0	0	0	0	190	0	0	0	0	0	
153440	Cuneus_L	290	0	0	0	0	0	0	0	0	0	0	0	0	0	0	0	0	0	0	0	0	0	0	0	0	0	0	0	0	0	0	0	284	0	1944	322	564	0	0	0	0	0	10498	3614	0	5938	724	0	18358	1342	11704	0	958	0	258	0	518	0	1516	0	0	0	0	0	0	0	14754	1530	640	0	0	0	0	0	0	0	0	0	0	0	0	0	0	0	536	0	0	0	428	0	0	0	0	0	0	0	0	0	0	0	0	0	0	0	0	0	0	0	0	0	0	0	0	0	0	0	
252636	Cuneus_R	0	644	0	0	0	0	0	0	0	0	0	0	0	0	0	0	0	0	0	104	0	0	0	0	0	0	0	0	0	0	0	0	598	2612	776	982	0	84	0	0	0	0	3272	21382	5938	0	168	2128	630	30158	312	10542	0	486	0	484	0	752	0	3782	0	0	0	0	0	240	5736	28150	0	702	0	0	0	0	0	0	0	0	0	0	0	168	0	0	0	3312	0	0	0	2084	0	0	0	0	0	0	0	0	0	0	0	0	0	0	0	0	0	0	0	0	92	0	0	0	0	0	
253612	Lingual_L	148	0	0	0	0	0	0	0	0	0	0	0	0	0	0	0	0	0	0	0	0	0	0	0	0	0	0	0	0	0	0	0	0	0	490	0	5948	0	3112	0	0	0	11696	1578	724	168	0	3870	3828	586	16388	270	11444	0	15758	0	0	0	256	0	0	0	0	0	0	0	4342	0	0	0	0	0	0	0	0	0	242	0	0	0	0	0	0	0	92	0	0	0	566	0	6810	288	198	0	692	0	12270	0	15608	1028	0	0	0	0	260	0	0	0	0	0	4024	3752	370	0	0	0	
236284	Lingual_R	0	592	0	378	0	0	0	84	0	0	0	0	0	0	0	0	0	202	0	388	0	0	0	0	0	0	0	0	0	124	0	0	0	212	392	1224	370	3358	0	4434	0	0	930	14568	0	2128	3870	0	0	7776	0	3042	460	3012	1102	14534	0	148	0	0	0	0	0	180	0	0	176	5650	0	382	0	120	0	0	0	0	150	922	0	0	0	140	0	0	88	530	0	0	92	822	2464	5302	802	466	0	430	1202	4208	4344	8318	0	0	0	0	176	0	0	0	0	0	5664	8702	3484	0	0	0	
228388	Occipital_Sup_L	164	0	0	0	0	0	0	0	0	0	0	0	0	0	0	0	0	0	0	0	0	0	0	0	0	0	0	0	0	0	0	0	510	0	312	0	494	0	0	0	0	0	14558	250	18358	630	3828	0	0	182	35796	0	5400	0	798	0	768	0	8038	0	1106	0	0	0	1024	0	17836	638	874	0	0	0	0	0	0	0	0	0	0	0	0	0	0	0	1976	0	0	0	654	0	0	0	0	0	0	0	0	0	0	0	0	0	0	0	0	0	0	0	0	0	0	0	0	0	0	0	
297144	Occipital_Sup_R	0	892	0	0	0	0	0	0	0	0	0	0	0	0	0	0	0	0	0	94	0	0	0	0	0	0	0	0	0	0	0	0	0	420	0	86	0	106	0	0	0	0	1384	19048	1342	30158	586	7776	182	0	0	28034	0	1348	0	2590	0	1010	0	9494	0	1200	0	88	0	5896	3238	20376	0	664	0	0	0	0	0	0	0	0	0	0	0	680	0	0	0	8516	0	0	0	3364	0	0	0	0	0	0	0	0	0	0	0	0	0	0	0	0	0	0	0	0	0	0	0	0	0	0	
512432	Occipital_Mid_L	2376	0	124	0	0	0	0	0	0	0	0	0	0	0	0	0	576	0	0	0	0	0	0	0	0	0	0	0	1248	0	0	0	2470	0	1552	324	3366	130	248	0	0	0	17682	128	11704	312	16388	0	35796	0	0	0	35468	0	6748	0	10992	0	15246	0	14712	0	298	0	13188	0	26058	350	6414	0	0	0	0	0	0	0	356	90	0	0	660	0	0	0	22142	0	0	0	7934	0	308	0	0	0	0	0	238	0	504	0	0	0	0	0	0	0	0	0	0	0	0	86	0	0	0	0	
232704	Occipital_Mid_R	0	1032	0	0	0	0	0	0	0	0	0	0	0	0	0	0	0	0	0	122	0	0	0	0	0	0	0	0	0	0	0	0	0	534	0	132	0	90	0	0	0	0	194	9190	0	10542	270	3042	0	28034	0	0	0	4084	0	1478	0	1094	0	6280	0	3218	0	106	0	16354	284	9154	0	654	0	0	0	0	0	0	0	0	0	0	0	1066	0	0	0	16620	0	0	0	2778	0	0	0	0	0	0	0	0	0	0	0	0	0	0	0	0	0	0	0	0	0	0	0	0	0	0	
235336	Occipital_Inf_L	752	0	0	0	0	0	0	0	0	0	0	0	0	0	0	0	160	0	0	0	0	0	0	0	0	0	0	0	416	0	0	0	554	0	462	112	1478	0	374	0	0	0	3164	0	958	0	11444	460	5400	0	35468	0	0	0	14744	0	1810	0	1592	0	326	0	186	0	162	0	6248	166	3012	0	0	0	0	0	0	0	228	0	0	0	326	0	0	0	7398	0	0	0	7512	0	2244	0	0	0	0	0	3014	0	5818	174	0	0	0	0	0	0	0	0	0	0	576	930	0	0	0	0	
68088	Occipital_Inf_R	0	256	0	0	0	0	0	0	0	0	0	0	0	0	0	0	0	0	0	482	0	0	0	0	0	0	0	0	0	0	0	0	0	122	0	108	0	182	0	300	0	0	0	2864	0	486	0	3012	0	1348	0	4084	0	0	0	7282	0	188	0	0	0	0	0	0	0	0	0	948	0	624	0	0	0	0	0	0	0	0	0	0	0	398	0	0	0	3550	0	0	0	2818	0	564	0	0	0	0	0	1044	0	1776	0	0	0	0	0	0	0	0	0	0	904	392	312	0	0	0	
310480	Fusiform_L	460	0	174	0	0	0	0	0	0	0	0	0	0	0	0	0	0	0	160	0	182	0	0	0	0	0	0	0	3046	0	0	0	0	0	204	124	10494	0	2908	0	3208	0	1118	0	258	0	15758	1102	798	0	6748	0	14744	0	0	0	134	0	232	0	0	0	0	0	0	0	1384	0	378	0	112	0	528	0	0	0	418	0	0	0	1544	0	2486	0	480	0	1258	0	11840	0	22512	0	408	0	100	0	13672	0	32192	374	130	0	0	0	0	0	0	0	0	0	1026	2228	318	0	0	0	
415224	Fusiform_R	854	7360	0	5424	0	0	0	852	0	0	0	420	0	0	0	0	0	1620	236	3434	0	0	0	0	0	0	0	0	122	1056	86	0	0	452	1068	2432	0	34420	0	15550	0	3034	0	4410	0	484	0	14534	0	2590	0	1478	0	7282	0	0	180	1856	0	0	0	84	0	1844	0	0	0	2152	0	1206	378	518	0	3936	0	0	100	1572	0	506	0	890	0	3546	0	998	0	1584	0	30614	126	13206	118	166	0	184	0	9000	190	17170	0	0	0	0	0	0	0	0	0	0	3548	1584	1158	0	0	0	
250760	Postcentral_L	26230	1720	2188	1390	0	0	1150	0	0	0	1816	0	0	0	0	0	7008	0	1196	1568	0	0	0	0	0	0	0	0	4052	0	0	0	1136	232	786	0	2426	224	0	0	0	0	614	0	518	0	0	0	768	0	10992	0	1810	0	134	180	0	0	6364	0	16622	0	8226	0	610	0	6050	104	5356	280	1720	148	646	0	164	0	2892	0	1480	0	1778	0	0	0	4132	0	0	0	482	188	0	0	0	0	0	0	0	0	0	0	0	0	0	0	0	0	0	0	0	0	0	0	0	0	0	0	
222600	Postcentral_R	310	24058	362	1122	0	0	214	628	0	0	0	1488	0	0	0	0	0	8998	206	1890	0	0	0	0	0	0	0	0	548	2922	94	0	82	4772	720	2280	0	1950	0	108	0	0	0	384	0	752	0	148	0	1010	0	1094	0	188	0	1856	0	0	0	4910	0	8766	0	12814	0	1674	0	2884	228	10026	1214	2316	362	1508	0	0	0	772	0	248	168	1318	0	0	0	1122	0	0	112	2674	0	0	0	0	0	0	0	0	0	0	0	0	0	0	0	0	0	0	0	0	0	0	0	0	0	0	
128124	Parietal_Sup_L	88	0	0	0	0	0	0	0	0	0	0	0	0	0	0	0	0	0	0	0	0	0	0	0	0	0	0	0	0	0	0	0	306	0	0	0	92	0	0	0	0	0	266	0	1516	0	256	0	8038	0	15246	0	1592	0	232	0	6364	0	0	0	11916	0	0	0	2818	0	14314	236	426	0	0	0	0	0	0	0	0	0	0	0	0	0	0	0	356	0	0	0	0	0	0	0	0	0	0	0	0	0	0	0	0	0	0	0	0	0	0	0	0	0	0	0	0	0	0	0	
106608	Parietal_Sup_R	0	828	0	0	0	0	0	0	0	0	0	0	0	0	0	0	0	0	0	98	0	0	0	0	0	0	0	0	0	0	0	0	0	324	0	0	0	0	0	0	0	0	0	0	0	3782	0	0	0	9494	0	6280	0	0	0	0	0	4910	0	0	0	5392	0	958	0	6790	1106	8492	0	2274	0	0	0	0	0	0	0	0	0	0	0	174	0	0	0	1542	0	0	0	860	0	0	0	0	0	0	0	0	0	0	0	0	0	0	0	0	0	0	0	0	0	0	0	0	0	0	
179232	Parietal_Inf_L	3344	0	260	0	0	0	0	0	0	0	0	0	0	0	0	0	0	0	0	0	0	0	0	0	0	0	0	0	0	0	0	0	852	0	0	0	522	0	0	0	0	0	0	0	0	0	0	0	1106	0	14712	0	326	0	0	0	16622	0	11916	0	0	0	9952	0	18860	0	4094	0	600	0	0	0	0	0	0	0	328	0	0	0	638	0	0	0	5362	0	0	0	122	0	0	0	0	0	0	0	0	0	0	0	0	0	0	0	0	0	0	0	0	0	0	0	0	0	0	0	
132344	Parietal_Inf_R	84	4260	130	286	0	0	0	246	0	0	0	2314	0	186	0	0	0	512	0	160	0	0	102	0	0	0	0	0	222	794	132	0	0	208	0	0	0	388	0	0	0	0	0	0	0	0	0	0	0	1200	0	3218	0	0	0	84	0	8766	0	5392	0	0	0	17710	0	11334	0	478	0	626	584	348	0	90	0	0	0	608	0	0	0	366	0	0	0	2570	0	0	0	2774	0	0	0	0	0	0	0	0	0	0	0	0	0	0	0	0	0	0	0	0	0	0	0	0	0	0	
101152	SupraMarginal_L	790	134	0	0	0	0	0	0	0	0	0	0	0	0	0	0	1624	0	0	124	0	0	0	0	0	0	0	0	530	0	0	0	0	0	0	0	1734	0	0	0	0	0	0	0	0	0	0	0	0	0	298	0	186	0	0	0	8226	0	0	0	9952	0	0	0	6778	0	154	0	0	0	0	0	0	0	0	0	0	0	0	0	7936	0	0	0	11682	0	0	0	428	0	0	0	0	0	0	0	0	0	0	0	0	0	0	0	0	0	0	0	0	0	0	0	0	0	0	0	
161668	SupraMarginal_R	96	4838	142	380	0	0	0	320	0	0	0	2490	0	186	0	0	0	4488	0	174	0	0	116	0	0	0	0	0	252	1008	148	0	0	0	0	0	0	2138	0	0	0	0	0	242	0	0	0	180	0	88	0	106	0	0	0	1844	0	12814	0	958	0	17710	0	0	0	4904	0	306	0	96	652	402	0	108	0	0	0	706	0	302	0	8128	0	0	0	5858	0	0	0	8654	0	0	0	0	0	0	0	0	0	0	0	0	0	0	0	0	0	0	0	0	0	0	0	0	0	0	
113912	Angular_L	174	0	0	0	0	0	0	0	0	0	0	0	0	0	0	0	0	0	0	0	0	0	0	0	0	0	0	0	0	0	0	0	360	0	0	0	748	0	0	0	0	0	0	0	0	0	0	0	1024	0	13188	0	162	0	0	0	610	0	2818	0	18860	0	6778	0	0	0	1016	0	204	0	0	0	0	0	0	0	0	0	0	0	2026	0	0	0	8688	0	0	0	300	0	0	0	0	0	0	0	0	0	0	0	0	0	0	0	0	0	0	0	0	0	0	0	0	0	0	0	
125636	Angular_R	0	930	0	0	0	0	0	0	0	0	0	0	0	0	0	0	0	0	0	170	0	0	0	0	0	0	0	0	0	0	0	0	0	158	0	0	0	0	0	0	0	0	0	0	0	240	0	0	0	5896	0	16354	0	0	0	0	0	1674	0	6790	0	11334	0	4904	0	0	0	1202	0	604	0	0	0	0	0	0	0	0	0	116	0	3004	0	0	0	8182	0	0	0	1260	0	0	0	0	0	0	0	0	0	0	0	0	0	0	0	0	0	0	0	0	0	0	0	0	0	0	
364536	Precuneus_L	2110	0	104	0	0	0	0	0	0	0	0	0	0	0	0	0	114	0	100	0	0	0	0	0	0	0	0	0	286	0	0	0	7628	1080	9740	884	8230	122	242	0	0	0	16928	1790	14754	5736	4342	176	17836	3238	26058	284	6248	0	1384	0	6050	0	14314	1106	4094	0	154	0	1016	0	0	13634	5780	814	0	0	0	0	0	0	292	0	0	0	114	0	0	0	2962	0	0	0	2250	0	0	0	0	0	0	0	158	0	0	0	0	0	0	0	0	0	0	0	0	0	116	0	0	0	0	0	
344068	Precuneus_R	0	2548	0	338	0	0	0	222	0	0	0	128	0	0	0	0	0	378	0	1352	0	0	0	0	0	0	0	0	0	340	0	0	1794	7656	3146	10144	380	3060	0	1314	0	0	1066	21028	1530	28150	0	5650	638	20376	350	9154	166	948	0	2152	104	2884	236	8492	0	478	0	306	0	1202	13634	0	156	6410	0	0	0	132	0	0	0	258	0	190	0	746	0	0	0	5642	0	0	0	5896	0	0	0	0	0	0	0	178	0	0	0	0	0	0	0	0	0	0	0	0	1082	0	0	0	0	0	
120812	Paracentral_Lobule_L	8394	168	322	0	0	0	0	0	0	0	0	0	0	0	0	0	88	0	1682	2908	0	0	0	0	0	0	0	0	330	0	0	0	5084	1932	6164	762	1868	0	0	0	0	0	1130	0	640	0	0	0	874	0	6414	0	3012	0	378	0	5356	228	426	0	600	0	0	0	204	0	5780	156	0	1816	0	0	154	0	0	0	146	0	0	0	86	0	0	0	2192	0	0	0	1112	0	0	0	0	0	0	0	0	0	0	0	0	0	0	0	0	0	0	0	0	0	0	0	0	0	0	0	
186572	Paracentral_Lobule_R	3456	12360	198	88	0	0	240	0	0	0	0	0	0	0	0	0	0	0	606	19944	0	0	0	0	0	0	0	0	92	0	0	0	534	11404	2136	6614	94	254	0	0	0	0	0	928	0	702	0	382	0	664	0	654	0	624	0	1206	280	10026	0	2274	0	626	0	96	0	604	814	6410	1816	0	1936	306	142	0	0	0	918	314	0	0	0	640	0	0	154	1402	0	0	0	1348	0	0	0	0	0	0	0	0	0	0	0	0	0	0	0	0	0	0	0	0	0	0	0	0	0	0	
330256	Caudate_L	8046	6314	7244	6110	752	0	4616	5630	180	0	1332	7556	814	964	566	0	398	778	7886	12050	6690	5740	2022	436	456	318	4176	1388	9354	340	15812	4068	0	3246	0	0	550	1762	258	114	0	0	0	0	0	0	0	0	0	0	0	0	0	0	112	378	1720	1214	0	0	0	584	0	652	0	0	0	0	0	1936	0	5522	12608	2106	556	0	7242	664	0	0	1010	0	0	0	0	0	0	0	416	442	0	0	0	0	0	0	0	0	0	0	0	0	0	0	0	0	0	0	0	0	0	0	0	0	0	0	
306088	Caudate_R	328	15352	134	23144	0	1624	118	606	0	188	0	1552	0	440	0	328	0	988	2002	15750	2352	4262	160	5292	0	2808	862	2444	0	1670	4176	18374	0	1498	0	0	0	1486	0	264	0	0	0	0	0	0	0	120	0	0	0	0	0	0	0	518	148	2316	0	0	0	348	0	402	0	0	0	0	0	306	5522	0	2012	11958	0	1134	390	19072	0	0	0	0	0	0	0	0	0	0	0	596	0	0	0	0	0	0	0	0	0	0	0	0	0	0	0	0	0	0	0	0	0	0	0	0	0	0	
250884	Putamen_L	5444	870	21558	1494	1282	0	3504	174	0	0	1112	150	910	0	1802	0	346	324	12756	2354	1708	1790	1808	256	0	0	952	368	15768	82	8798	1414	0	202	174	164	7328	384	748	0	0	0	0	0	0	0	0	0	0	0	0	0	0	0	528	0	646	362	0	0	0	0	0	0	0	0	0	0	154	142	12608	2012	0	500	4900	0	4648	146	202	0	1264	0	308	0	0	0	0	0	998	0	0	0	0	0	0	0	0	0	0	0	0	0	0	0	0	0	0	0	0	0	0	0	0	0	0	0	
330320	Putamen_R	868	1298	374	27488	0	942	794	3576	0	204	334	6016	98	1780	0	732	0	5498	2984	18890	0	350	210	4272	0	562	0	848	880	18224	876	10592	0	1720	0	88	0	17724	0	2988	0	596	0	0	0	0	0	0	0	0	0	0	0	0	0	3936	0	1508	0	0	0	90	0	108	0	0	0	132	0	0	2106	11958	500	0	0	1186	82	4336	0	130	0	1034	0	950	0	496	0	0	0	4802	0	0	0	0	0	0	0	0	0	0	0	0	0	0	0	0	0	0	0	0	0	0	0	0	0	0	
33644	Pallidum_L	610	100	4266	0	0	0	458	0	0	0	0	0	0	0	0	0	0	0	4350	354	0	0	0	0	0	0	0	0	0	0	0	0	0	0	0	0	194	0	0	0	0	0	0	0	0	0	0	0	0	0	0	0	0	0	0	0	164	0	0	0	0	0	0	0	0	0	0	0	0	0	556	0	4900	0	0	0	870	0	0	0	0	0	0	0	0	0	0	0	0	0	0	0	0	0	0	0	0	0	0	0	0	0	0	0	0	0	0	0	0	0	0	0	0	0	0	0	
13556	Pallidum_R	0	0	0	1794	0	0	0	114	0	0	0	0	0	0	0	0	0	478	0	1754	0	0	0	0	0	0	0	0	0	0	0	0	0	0	0	0	0	104	0	96	0	0	0	0	0	0	0	0	0	0	0	0	0	0	0	0	0	0	0	0	0	0	0	0	0	0	0	0	0	0	0	1134	0	1186	0	0	0	0	0	0	0	118	0	0	0	0	0	0	0	0	0	0	0	0	0	0	0	0	0	0	0	0	0	0	0	0	0	0	0	0	0	0	0	0	0	0	
119676	Thalamus_L	12580	1594	2210	986	0	0	1386	0	0	0	0	0	0	0	0	0	134	0	2760	2418	0	0	0	0	0	0	0	0	296	0	0	0	96	90	1492	1614	5406	1272	208	166	0	0	150	0	0	0	242	150	0	0	356	0	228	0	418	100	2892	0	0	0	328	0	0	0	0	0	292	0	146	918	7242	390	4648	82	870	0	0	3516	0	0	92	0	0	0	682	0	0	0	1286	102	0	0	0	0	0	0	0	0	0	0	0	0	0	0	0	0	0	0	0	0	0	0	0	0	0	0	
192836	Thalamus_R	542	16812	194	17586	0	0	220	504	0	0	0	250	0	0	0	0	0	180	96	7234	0	0	92	0	0	0	0	0	348	654	102	0	0	0	1522	1788	1610	9262	0	1540	0	0	0	0	0	0	0	922	0	0	90	0	0	0	0	1572	0	772	0	0	0	608	0	706	0	0	0	258	0	314	664	19072	146	4336	0	0	3516	0	0	0	0	290	0	0	230	248	0	0	232	1778	0	0	0	0	0	0	0	128	0	0	0	0	0	0	0	0	0	0	0	0	0	0	0	0	0	0	
52052	Heschl_L	5644	0	1438	0	0	0	428	0	0	0	618	0	0	0	0	0	2416	0	900	120	0	0	0	0	0	0	0	0	7396	0	0	0	0	0	0	0	1526	0	0	0	0	0	0	0	0	0	0	0	0	0	0	0	0	0	0	0	1480	0	0	0	0	0	0	0	0	0	0	0	0	0	0	0	202	0	0	0	0	0	0	0	2190	0	0	0	1354	0	0	0	314	0	0	0	0	0	0	0	0	0	0	0	0	0	0	0	0	0	0	0	0	0	0	0	0	0	0	0	
25144	Heschl_R	0	424	0	918	0	0	0	274	0	0	0	82	0	0	0	0	0	2480	0	580	0	0	0	0	0	0	0	0	0	922	0	0	0	0	0	0	0	572	0	0	0	0	0	0	0	0	0	0	0	0	0	0	0	0	0	506	0	248	0	0	0	0	0	302	0	116	0	190	0	0	0	0	0	130	0	0	0	0	0	0	0	3810	0	0	0	252	0	0	0	766	0	0	0	0	0	0	0	0	0	0	0	0	0	0	0	0	0	0	0	0	0	0	0	0	0	0	
193300	Temporal_Sup_L	3206	148	3846	308	0	0	1192	0	0	0	2814	0	370	0	0	0	9036	142	2420	408	0	0	0	0	0	0	0	0	12390	0	0	0	0	0	0	0	3696	0	0	0	372	0	0	0	0	0	0	0	0	0	660	0	326	0	1544	0	1778	168	0	0	638	0	7936	0	2026	0	114	0	86	0	1010	0	1264	0	0	0	92	0	2190	0	0	0	5206	0	21774	0	0	0	9490	0	0	0	0	0	0	0	0	0	0	0	0	0	0	0	0	0	0	0	0	0	0	0	0	0	0	0	
122112	Temporal_Sup_R	0	1434	0	1534	0	0	0	572	0	0	0	514	0	130	0	0	0	5408	0	1182	0	0	0	0	0	0	0	0	0	2350	0	0	0	0	0	84	0	1604	0	0	0	0	0	198	0	168	0	140	0	680	0	1066	0	398	0	890	0	1318	0	174	0	366	0	8128	0	3004	0	746	0	640	0	0	0	1034	0	118	0	290	0	3810	0	0	0	1464	0	16612	0	272	0	4728	0	0	0	0	0	0	0	0	0	0	0	0	0	0	0	0	0	0	0	0	0	0	0	0	0	0	
80200	Temporal_Pole_Sup_L	0	0	1434	0	1758	0	180	0	198	0	268	0	120	0	3180	0	258	0	0	0	982	0	0	0	0	0	212	0	3814	0	0	0	0	0	0	0	256	0	784	0	456	0	0	0	0	0	0	0	0	0	0	0	0	0	2486	0	0	0	0	0	0	0	0	0	0	0	0	0	0	0	0	0	308	0	0	0	0	0	0	0	5206	0	0	0	7614	0	4800	0	5786	0	0	0	0	0	0	0	0	0	0	0	0	0	0	0	0	0	0	0	0	0	0	0	0	0	0	0	
37268	Temporal_Pole_Sup_R	0	0	0	316	0	0	0	0	0	0	0	1520	0	0	0	436	0	1514	0	314	0	0	0	0	0	0	0	0	0	1652	0	0	0	0	0	0	0	296	0	1428	0	1304	0	0	0	0	0	0	0	0	0	0	0	0	0	3546	0	0	0	0	0	0	0	0	0	0	0	0	0	0	0	0	0	950	0	0	0	0	0	0	0	1464	0	0	0	796	0	2512	0	586	0	0	0	0	0	0	0	0	0	0	0	0	0	0	0	0	0	0	0	0	0	0	0	0	0	0	
313784	Temporal_Mid_L	4844	280	342	0	0	0	0	0	0	0	0	0	0	0	0	0	2928	0	202	294	0	0	0	0	0	0	0	0	4168	0	0	0	312	0	1008	776	9188	362	0	88	0	0	1612	0	536	0	92	88	1976	0	22142	0	7398	0	480	0	4132	0	356	0	5362	0	11682	0	8688	0	2962	0	2192	154	0	0	0	0	0	0	682	230	1354	0	21774	0	7614	0	0	0	3814	0	26780	0	0	0	0	0	0	0	0	0	0	0	0	0	0	0	0	0	0	0	0	0	0	0	0	0	0	0	
225124	Temporal_Mid_R	0	1630	0	244	0	0	0	150	0	0	0	148	0	0	0	0	0	940	0	1012	0	0	0	0	0	0	0	0	0	438	0	0	0	198	0	202	0	812	0	0	0	0	0	2600	0	3312	0	530	0	8516	0	16620	0	3550	0	998	0	1122	0	1542	0	2570	0	5858	0	8182	0	5642	0	1402	0	0	0	496	0	0	0	248	0	252	0	16612	0	796	0	0	0	658	0	25282	0	0	0	0	0	0	0	0	0	0	0	0	0	0	0	0	0	0	0	0	0	0	0	0	0	0	
28616	Temporal_Pole_Mid_L	0	0	0	0	0	0	0	0	0	0	0	0	0	0	0	0	0	0	0	0	0	0	0	0	0	0	0	0	0	0	0	0	0	0	0	0	0	0	426	0	0	0	0	0	0	0	0	0	0	0	0	0	0	0	1258	0	0	0	0	0	0	0	0	0	0	0	0	0	0	0	0	0	0	0	0	0	0	0	0	0	0	0	4800	0	3814	0	0	0	4010	0	0	0	0	0	0	0	0	0	0	0	0	0	0	0	0	0	0	0	0	0	0	0	0	0	0	0	
11644	Temporal_Pole_Mid_R	0	0	0	0	0	0	0	0	0	0	0	0	0	0	0	82	0	0	0	0	0	0	0	0	0	0	0	0	0	0	0	0	0	0	0	0	0	0	0	110	0	0	0	0	0	0	0	0	0	0	0	0	0	0	0	1584	0	0	0	0	0	0	0	0	0	0	0	0	0	0	0	0	0	0	0	0	0	0	0	0	0	272	0	2512	0	658	0	0	0	604	0	0	0	0	0	0	0	0	0	0	0	0	0	0	0	0	0	0	0	0	0	0	0	0	0	0	
238384	Temporal_Inf_L	2638	0	646	114	0	0	0	0	0	0	328	0	222	0	0	0	630	92	562	140	0	0	0	0	0	0	0	0	6386	0	0	0	0	0	840	638	13780	344	258	90	852	0	1554	0	428	0	566	92	654	0	7934	0	7512	0	11840	0	482	112	0	0	122	0	428	0	300	0	2250	0	1112	0	416	0	998	0	0	0	1286	232	314	0	9490	0	5786	0	26780	0	4010	0	0	0	3516	0	192	0	0	0	458	0	1336	0	184	0	248	0	0	0	0	0	0	0	0	0	0	0	0	0	
346848	Temporal_Inf_R	904	9044	82	5876	0	0	0	2080	0	0	0	632	0	84	0	0	0	2692	370	3520	0	0	0	0	0	0	0	0	120	1884	120	0	0	194	1502	3294	0	26338	0	2874	0	0	0	2654	0	2084	0	822	0	3364	0	2778	0	2818	0	30614	188	2674	0	860	0	2774	0	8654	0	1260	0	5896	0	1348	442	596	0	4802	0	0	102	1778	0	766	0	4728	0	586	0	25282	0	604	0	0	0	2052	0	122	0	0	0	122	0	1044	0	0	0	0	0	0	0	0	0	0	0	0	0	0	0	0	
380888	Cerebelum_Crus1_L	0	0	0	0	0	0	0	0	0	0	0	0	0	0	0	0	0	0	0	0	0	0	0	0	0	0	0	0	0	0	0	0	0	0	0	0	0	0	0	0	0	0	0	0	0	0	6810	2464	0	0	308	0	2244	0	22512	126	0	0	0	0	0	0	0	0	0	0	0	0	0	0	0	0	0	0	0	0	0	0	0	0	0	0	0	0	0	0	0	0	3516	0	0	2460	30466	1804	1998	0	15556	0	49742	824	13040	0	16024	188	5780	180	458	0	0	246	852	5224	5902	880	840	0	
316132	Cerebelum_Crus1_R	0	0	0	0	0	0	0	0	0	0	0	0	0	0	0	0	0	0	0	0	0	0	0	0	0	0	0	0	0	0	0	0	0	0	0	0	0	0	0	0	0	0	0	0	0	0	288	5302	0	0	0	0	0	564	0	13206	0	0	0	0	0	0	0	0	0	0	0	0	0	0	0	0	0	0	0	0	0	0	0	0	0	0	0	0	0	0	0	0	0	2052	2460	0	2356	24298	90	1100	434	16982	1038	44938	0	5526	0	11892	0	3220	0	112	176	874	4858	5820	7702	1596	1056	126	
305092	Cerebelum_Crus2_L	0	0	0	0	0	0	0	0	0	0	0	0	0	0	0	0	0	0	0	0	0	0	0	0	0	0	0	0	0	0	0	0	0	0	0	0	0	0	0	0	0	0	0	0	0	0	198	802	0	0	0	0	0	0	408	118	0	0	0	0	0	0	0	0	0	0	0	0	0	0	0	0	0	0	0	0	0	0	0	0	0	0	0	0	0	0	0	0	192	0	30466	2356	0	10472	658	0	1954	0	5462	276	35302	2366	33496	944	9238	232	556	0	0	0	102	1288	11808	2988	864	0	
275412	Cerebelum_Crus2_R	0	0	0	0	0	0	0	0	0	0	0	0	0	0	0	0	0	0	0	0	0	0	0	0	0	0	0	0	0	0	0	0	0	0	0	0	0	0	0	0	0	0	0	0	0	0	0	466	0	0	0	0	0	0	0	166	0	0	0	0	0	0	0	0	0	0	0	0	0	0	0	0	0	0	0	0	0	0	0	0	0	0	0	0	0	0	0	0	0	122	1804	24298	10472	0	0	0	0	140	212	1774	4162	31176	1722	34460	0	8148	0	0	0	0	0	894	12098	3596	1996	0	
28688	Cerebelum_3_L	0	0	0	0	0	0	0	0	0	0	0	0	0	0	0	0	0	0	0	0	0	0	0	0	0	0	0	0	0	0	0	0	0	0	0	0	0	0	168	0	0	0	0	0	0	0	692	0	0	0	0	0	0	0	100	0	0	0	0	0	0	0	0	0	0	0	0	0	0	0	0	0	0	0	0	0	0	0	0	0	0	0	0	0	0	0	0	0	0	0	1998	90	658	0	0	0	4518	82	2882	144	474	0	326	0	686	0	0	0	422	588	516	0	0	0	0	0	
17108	Cerebelum_3_R	0	0	0	0	0	0	0	0	0	0	0	0	0	0	0	0	0	0	0	0	0	0	0	0	0	0	0	0	0	0	0	0	0	0	0	0	0	0	0	0	0	0	0	0	0	0	0	430	0	0	0	0	0	0	0	184	0	0	0	0	0	0	0	0	0	0	0	0	0	0	0	0	0	0	0	0	0	0	0	0	0	0	0	0	0	0	0	0	0	0	0	1100	0	0	0	0	0	2678	0	3032	0	0	0	0	0	0	0	0	142	838	150	0	0	0	0	0	
202888	Cerebelum_4_5_L	0	0	0	0	0	0	0	0	0	0	0	0	0	0	0	0	0	0	0	0	0	0	0	0	0	0	0	0	0	0	0	0	0	0	0	0	110	0	0	0	0	0	86	0	0	0	12270	1202	0	0	238	0	3014	0	13672	0	0	0	0	0	0	0	0	0	0	0	158	0	0	0	0	0	0	0	0	0	0	0	0	0	0	0	0	0	0	0	0	0	458	0	15556	434	1954	0	4518	0	0	364	30772	1718	1324	0	694	0	2176	114	98	0	0	448	6610	2764	0	180	244	268	
153580	Cerebelum_4_5_R	0	0	0	0	0	0	0	0	0	0	0	0	0	0	0	0	0	0	0	0	0	0	0	0	0	0	0	0	0	0	0	0	0	0	0	0	0	816	0	1308	0	0	0	0	0	0	0	4208	0	0	0	0	0	1044	0	9000	0	0	0	0	0	0	0	0	0	0	0	178	0	0	0	0	0	0	0	0	0	128	0	0	0	0	0	0	0	0	0	0	0	122	0	16982	0	140	82	2678	364	0	220	27746	0	0	0	156	0	0	0	0	0	1590	9722	224	82	0	0	0	
360340	Cerebelum_6_L	0	0	0	0	0	0	0	0	0	0	0	0	0	0	0	0	0	0	0	0	0	0	0	0	0	0	0	0	0	0	0	0	0	0	0	0	0	0	96	0	0	0	0	0	0	0	15608	4344	0	0	504	0	5818	0	32192	190	0	0	0	0	0	0	0	0	0	0	0	0	0	0	0	0	0	0	0	0	0	0	0	0	0	0	0	0	0	0	0	0	1336	0	49742	1038	5462	212	2882	0	30772	220	0	2478	3446	0	2302	0	2816	256	320	0	0	252	5602	9436	2066	366	310	104	
283972	Cerebelum_6_R	0	0	0	0	0	0	0	0	0	0	0	0	0	0	0	0	0	0	0	0	0	0	0	0	0	0	0	0	0	0	0	0	0	0	0	0	0	0	0	0	0	0	0	0	0	0	1028	8318	0	0	0	0	174	1776	374	17170	0	0	0	0	0	0	0	0	0	0	0	0	0	0	0	0	0	0	0	0	0	0	0	0	0	0	0	0	0	0	0	0	0	1044	824	44938	276	1774	144	3032	1718	27746	2478	0	0	408	0	1462	304	754	0	98	176	1666	11798	7260	3464	1034	530	218	
216656	Cerebelum_7b_L	0	0	0	0	0	0	0	0	0	0	0	0	0	0	0	0	0	0	0	0	0	0	0	0	0	0	0	0	0	0	0	0	0	0	0	0	0	0	0	0	0	0	0	0	0	0	0	0	0	0	0	0	0	0	130	0	0	0	0	0	0	0	0	0	0	0	0	0	0	0	0	0	0	0	0	0	0	0	0	0	0	0	0	0	0	0	0	0	184	0	13040	0	35302	4162	474	0	1324	0	3446	0	0	2170	31612	710	7326	0	490	0	0	0	0	0	4610	3244	104	0	
160408	Cerebelum_7b_R	0	0	0	0	0	0	0	0	0	0	0	0	0	0	0	0	0	0	0	0	0	0	0	0	0	0	0	0	0	0	0	0	0	0	0	0	0	0	0	0	0	0	0	0	0	0	0	0	0	0	0	0	0	0	0	0	0	0	0	0	0	0	0	0	0	0	0	0	0	0	0	0	0	0	0	0	0	0	0	0	0	0	0	0	0	0	0	0	0	0	0	5526	2366	31176	0	0	0	0	0	408	2170	0	940	28574	0	4988	0	0	0	0	0	0	1954	2102	0	0	
223816	Cerebelum_8_L	0	0	0	0	0	0	0	0	0	0	0	0	0	0	0	0	0	0	0	0	0	0	0	0	0	0	0	0	0	0	0	0	0	0	0	0	0	0	0	0	0	0	0	0	0	0	0	0	0	0	0	0	0	0	0	0	0	0	0	0	0	0	0	0	0	0	0	0	0	0	0	0	0	0	0	0	0	0	0	0	0	0	0	0	0	0	0	0	248	0	16024	0	33496	1722	326	0	694	0	2302	0	31612	940	0	698	16172	224	1232	0	0	0	0	94	2282	3128	714	0	
209116	Cerebelum_8_R	0	0	0	0	0	0	0	0	0	0	0	0	0	0	0	0	0	0	0	0	0	0	0	0	0	0	0	0	0	0	0	0	0	0	0	0	0	0	0	0	0	0	0	0	0	0	0	0	0	0	0	0	0	0	0	0	0	0	0	0	0	0	0	0	0	0	0	0	0	0	0	0	0	0	0	0	0	0	0	0	0	0	0	0	0	0	0	0	0	0	188	11892	944	34460	0	0	0	156	0	1462	710	28574	698	0	0	17422	0	206	0	0	126	216	2772	3036	1696	0	
107204	Cerebelum_9_L	0	0	0	0	0	0	0	0	0	0	0	0	0	0	0	0	0	0	0	0	0	0	0	0	0	0	0	0	0	0	0	0	0	0	0	0	0	0	0	0	0	0	0	0	0	0	260	176	0	0	0	0	0	0	0	0	0	0	0	0	0	0	0	0	0	0	0	0	0	0	0	0	0	0	0	0	0	0	0	0	0	0	0	0	0	0	0	0	0	0	5780	0	9238	0	686	0	2176	0	2816	304	7326	0	16172	0	0	398	2566	0	0	0	1462	1402	600	986	1002	252	
101472	Cerebelum_9_R	0	0	0	0	0	0	0	0	0	0	0	0	0	0	0	0	0	0	0	0	0	0	0	0	0	0	0	0	0	0	0	0	0	0	0	0	0	0	0	0	0	0	0	0	0	0	0	0	0	0	0	0	0	0	0	0	0	0	0	0	0	0	0	0	0	0	0	0	0	0	0	0	0	0	0	0	0	0	0	0	0	0	0	0	0	0	0	0	0	0	180	3220	232	8148	0	0	114	0	256	754	0	4988	224	17422	398	0	0	1032	0	0	878	1860	2374	3834	3922	900	
11856	Cerebelum_10_L	0	0	0	0	0	0	0	0	0	0	0	0	0	0	0	0	0	0	0	0	0	0	0	0	0	0	0	0	0	0	0	0	0	0	0	0	0	0	0	0	0	0	0	0	0	0	0	0	0	0	0	0	0	0	0	0	0	0	0	0	0	0	0	0	0	0	0	0	0	0	0	0	0	0	0	0	0	0	0	0	0	0	0	0	0	0	0	0	0	0	458	0	556	0	0	0	98	0	320	0	490	0	1232	0	2566	0	0	0	0	0	0	208	0	0	0	0	
4536	Cerebelum_10_R	0	0	0	0	0	0	0	0	0	0	0	0	0	0	0	0	0	0	0	0	0	0	0	0	0	0	0	0	0	0	0	0	0	0	0	0	0	0	0	0	0	0	0	0	0	0	0	0	0	0	0	0	0	0	0	0	0	0	0	0	0	0	0	0	0	0	0	0	0	0	0	0	0	0	0	0	0	0	0	0	0	0	0	0	0	0	0	0	0	0	0	112	0	0	0	0	0	0	0	98	0	0	0	206	0	1032	0	0	0	0	0	200	152	234	234	0	
6460	Vermis_1_2	0	0	0	0	0	0	0	0	0	0	0	0	0	0	0	0	0	0	0	0	0	0	0	0	0	0	0	0	0	0	0	0	0	0	0	0	0	0	0	0	0	0	0	0	0	0	0	0	0	0	0	0	0	0	0	0	0	0	0	0	0	0	0	0	0	0	0	0	0	0	0	0	0	0	0	0	0	0	0	0	0	0	0	0	0	0	0	0	0	0	0	176	0	0	422	142	0	0	0	176	0	0	0	0	0	0	0	0	0	2314	0	0	0	0	0	0	
19288	Vermis_3	0	0	0	0	0	0	0	0	0	0	0	0	0	0	0	0	0	0	0	0	0	0	0	0	0	0	0	0	0	0	0	0	0	0	0	0	0	0	0	0	0	0	0	0	0	0	0	0	0	0	0	0	0	0	0	0	0	0	0	0	0	0	0	0	0	0	0	0	0	0	0	0	0	0	0	0	0	0	0	0	0	0	0	0	0	0	0	0	0	0	246	874	0	0	588	838	448	1590	252	1666	0	0	0	0	0	0	0	0	2314	0	828	0	0	0	0	0	
141928	Vermis_4_5	0	0	0	0	0	0	0	0	0	0	0	0	0	0	0	0	0	0	0	0	0	0	0	0	0	0	0	0	0	0	0	0	0	0	88	490	82	856	0	544	0	0	0	190	0	92	4024	5664	0	0	0	0	576	904	1026	3548	0	0	0	0	0	0	0	0	0	0	116	1082	0	0	0	0	0	0	0	0	0	0	0	0	0	0	0	0	0	0	0	0	0	0	852	4858	102	0	516	150	6610	9722	5602	11798	0	0	0	126	1462	878	0	0	0	828	0	5538	0	828	958	854	
141776	Vermis_6	0	0	0	0	0	0	0	0	0	0	0	0	0	0	0	0	0	0	0	0	0	0	0	0	0	0	0	0	0	0	0	0	0	0	0	0	0	0	0	0	0	0	0	0	0	0	3752	8702	0	0	86	0	930	392	2228	1584	0	0	0	0	0	0	0	0	0	0	0	0	0	0	0	0	0	0	0	0	0	0	0	0	0	0	0	0	0	0	0	0	0	0	5224	5820	1288	894	0	0	2764	224	9436	7260	0	0	94	216	1402	1860	208	200	0	0	5538	0	6056	1934	2012	784	
158860	Vermis_7	0	0	0	0	0	0	0	0	0	0	0	0	0	0	0	0	0	0	0	0	0	0	0	0	0	0	0	0	0	0	0	0	0	0	0	0	0	0	0	0	0	0	0	0	0	0	370	3484	0	0	0	0	0	312	318	1158	0	0	0	0	0	0	0	0	0	0	0	0	0	0	0	0	0	0	0	0	0	0	0	0	0	0	0	0	0	0	0	0	0	0	5902	7702	11808	12098	0	0	0	82	2066	3464	4610	1954	2282	2772	600	2374	0	152	0	0	0	6056	0	6034	3832	0	
83936	Vermis_8	0	0	0	0	0	0	0	0	0	0	0	0	0	0	0	0	0	0	0	0	0	0	0	0	0	0	0	0	0	0	0	0	0	0	0	0	0	0	0	0	0	0	0	0	0	0	0	0	0	0	0	0	0	0	0	0	0	0	0	0	0	0	0	0	0	0	0	0	0	0	0	0	0	0	0	0	0	0	0	0	0	0	0	0	0	0	0	0	0	0	880	1596	2988	3596	0	0	180	0	366	1034	3244	2102	3128	3036	986	3834	0	234	0	0	828	1934	6034	0	5574	394	
