data	data	618668	350560	1.01284e+06	922328	197584	110300	392752	360332	118144	33900	366016	249848	341716	194160	269804	162712	332156	158316	555888	668316	169496	190948	377824	311760	39288	94536	134612	113944	786148	478464	421764	494360	132944	429284	176512	227720	457812	511452	356108	376992	78648	86652	266600	316244	171316	266776	388064	407660	165616	234608	517800	237580	196268	261704	727012	652556	349888	132536	100656	48224	166408	61732	133972	101468	100560	109700	290680	403776	276888	111988	554556	481688	546000	501644	72356	61528	149160	193804	162464	23492	359920	134680	199068	93028	419348	236676	47732	40456	467516	273024	678328	536232	437456	281928	46068	50212	384744	307680	705236	417044	226360	88988	265156	273116	196620	135972	33556	82676	42996	90484	326616	263136	293480	280504	230640	170164	
data	data	Precentral_L	Precentral_R	Frontal_Sup_L	Frontal_Sup_R	Frontal_Sup_Orb_L	Frontal_Sup_Orb_R	Frontal_Mid_L	Frontal_Mid_R	Frontal_Mid_Orb_L	Frontal_Mid_Orb_R	Frontal_Inf_Oper_L	Frontal_Inf_Oper_R	Frontal_Inf_Tri_L	Frontal_Inf_Tri_R	Frontal_Inf_Orb_L	Frontal_Inf_Orb_R	Rolandic_Oper_L	Rolandic_Oper_R	Supp_Motor_Area_L	Supp_Motor_Area_R	Olfactory_L	Olfactory_R	Frontal_Sup_Medial_L	Frontal_Sup_Medial_R	Frontal_Med_Orb_L	Frontal_Med_Orb_R	Rectus_L	Rectus_R	Insula_L	Insula_R	Cingulum_Ant_L	Cingulum_Ant_R	Cingulum_Mid_L	Cingulum_Mid_R	Cingulum_Post_L	Cingulum_Post_R	Hippocampus_L	Hippocampus_R	ParaHippocampal_L	ParaHippocampal_R	Amygdala_L	Amygdala_R	Calcarine_L	Calcarine_R	Cuneus_L	Cuneus_R	Lingual_L	Lingual_R	Occipital_Sup_L	Occipital_Sup_R	Occipital_Mid_L	Occipital_Mid_R	Occipital_Inf_L	Occipital_Inf_R	Fusiform_L	Fusiform_R	Postcentral_L	Postcentral_R	Parietal_Sup_L	Parietal_Sup_R	Parietal_Inf_L	Parietal_Inf_R	SupraMarginal_L	SupraMarginal_R	Angular_L	Angular_R	Precuneus_L	Precuneus_R	Paracentral_Lobule_L	Paracentral_Lobule_R	Caudate_L	Caudate_R	Putamen_L	Putamen_R	Pallidum_L	Pallidum_R	Thalamus_L	Thalamus_R	Heschl_L	Heschl_R	Temporal_Sup_L	Temporal_Sup_R	Temporal_Pole_Sup_L	Temporal_Pole_Sup_R	Temporal_Mid_L	Temporal_Mid_R	Temporal_Pole_Mid_L	Temporal_Pole_Mid_R	Temporal_Inf_L	Temporal_Inf_R	Cerebelum_Crus1_L	Cerebelum_Crus1_R	Cerebelum_Crus2_L	Cerebelum_Crus2_R	Cerebelum_3_L	Cerebelum_3_R	Cerebelum_4_5_L	Cerebelum_4_5_R	Cerebelum_6_L	Cerebelum_6_R	Cerebelum_7b_L	Cerebelum_7b_R	Cerebelum_8_L	Cerebelum_8_R	Cerebelum_9_L	Cerebelum_9_R	Cerebelum_10_L	Cerebelum_10_R	Vermis_1_2	Vermis_3	Vermis_4_5	Vermis_6	Vermis_7	Vermis_8	Vermis_9	Vermis_10	
618668	Precentral_L	0	7476	18240	7082	0	0	17624	6238	0	0	14634	3300	4158	0	1030	0	11722	286	18436	7286	0	0	1580	0	0	0	0	0	17060	790	1422	390	1070	984	2832	772	5738	1398	2632	412	0	0	516	0	250	0	2758	0	554	0	12226	0	4564	318	5960	1210	36902	128	748	0	3472	0	5786	76	1448	0	258	70	25186	0	7088	1908	1612	2816	670	0	9938	2432	5648	0	4280	84	1126	0	7120	278	0	0	5358	1416	246	0	0	0	0	0	0	0	162	0	0	0	0	0	0	0	0	0	0	130	0	0	0	0	0	0	
350560	Precentral_R	7476	0	810	20688	0	0	86	18380	0	0	0	11146	0	1136	0	0	0	2728	956	8842	0	0	0	0	0	0	0	0	136	5982	0	254	96	2306	2762	4412	2024	12240	1690	3048	0	0	186	3180	0	612	340	1744	0	0	126	456	0	5732	1330	4472	6100	10622	0	0	370	88	266	3962	0	0	530	4008	844	3224	2252	890	204	5976	138	114	864	3852	0	148	0	436	0	0	0	1118	0	0	0	2822	94	364	0	0	0	0	0	84	92	360	0	0	0	0	0	0	0	0	0	0	82	0	0	0	0	0	
1.01284e+06	Frontal_Sup_L	18240	810	0	13606	8774	156	54310	1578	1940	0	23436	172	23542	636	8330	200	16022	0	43326	17858	1670	722	38538	2982	468	162	2560	194	46468	436	23478	5278	3950	9308	172	0	9592	0	4806	0	1180	0	0	0	0	0	266	0	0	0	692	0	636	0	4664	0	7334	0	0	0	592	0	1250	0	124	0	82	0	2576	0	19534	3534	39386	844	7842	398	9960	290	3944	0	7356	0	3672	0	1616	0	0	0	2992	0	716	0	0	0	0	0	410	0	808	0	0	0	0	0	0	0	0	0	0	0	0	0	0	0	0	0	
922328	Frontal_Sup_R	7082	20688	13606	0	70	2260	1188	32758	0	244	692	8634	312	12876	0	7708	392	6482	17594	69644	86	72	9360	31434	0	2564	0	0	1252	15534	5148	29980	1098	27644	3912	3538	3808	12880	2700	4272	0	140	76	860	0	118	808	736	0	0	0	150	0	3466	1890	4746	1686	1120	0	0	0	0	0	1820	0	0	508	952	1626	692	15082	19152	3226	15340	388	2998	3316	15980	336	108	158	380	0	260	150	374	0	0	178	1760	108	586	0	0	0	0	0	284	112	576	0	0	0	0	0	0	0	0	92	1314	0	0	0	0	0	0	
197584	Frontal_Sup_Orb_L	0	0	8774	70	0	320	1312	0	11608	96	1286	0	4350	0	9988	118	262	0	562	0	6438	3578	1900	146	2194	144	11628	1268	8362	0	5362	946	0	0	0	0	0	0	0	0	496	0	0	0	0	0	0	0	0	0	0	0	0	0	0	0	0	0	0	0	0	0	0	0	0	0	0	0	0	0	4732	2764	8980	666	0	88	0	0	0	0	92	0	262	0	0	0	0	0	0	0	0	0	0	0	0	0	0	0	0	0	0	0	0	0	0	0	0	0	0	0	0	0	0	0	0	0	
110300	Frontal_Sup_Orb_R	0	0	156	2260	320	0	0	346	100	3464	0	648	106	254	112	4790	0	460	0	142	538	3718	270	3664	214	6368	504	7734	104	1438	592	2508	0	0	0	0	0	0	0	0	0	0	0	0	0	0	0	0	0	0	0	0	0	0	0	0	0	0	0	0	0	0	0	0	0	0	0	0	0	0	984	7250	582	5384	0	0	0	0	0	0	0	0	0	140	0	0	0	0	0	0	0	0	0	0	0	0	0	0	0	0	0	0	0	0	0	0	0	0	0	0	0	0	0	0	0	0	
392752	Frontal_Mid_L	17624	86	54310	1188	1312	0	0	356	4162	0	12306	0	29922	0	7472	0	5088	0	9066	1042	0	0	13604	174	0	0	192	0	12946	0	3808	728	1518	652	0	0	778	0	156	0	0	0	0	0	0	0	0	0	0	0	292	0	334	0	708	0	2586	0	0	0	390	0	290	0	102	0	0	0	304	0	2374	126	978	0	0	0	632	86	700	0	4186	0	3348	0	220	0	0	0	230	0	0	0	0	0	0	0	0	0	0	0	0	0	0	0	0	0	0	0	0	0	0	0	0	0	0	0	
360332	Frontal_Mid_R	6238	18380	1578	32758	0	346	356	0	0	1086	118	11412	98	16134	0	3066	140	1944	3230	7226	0	0	1972	5758	0	0	0	0	440	7826	3030	12276	504	4442	0	0	84	4822	0	1754	0	0	0	94	0	0	0	136	0	0	0	0	0	1114	0	3552	5832	760	0	0	0	0	0	144	0	0	0	290	86	0	6694	1198	932	7008	104	400	382	876	124	0	0	314	0	0	0	660	0	0	0	2126	0	176	0	0	0	0	0	0	0	146	0	0	0	0	0	0	0	0	0	0	0	0	0	0	0	0	
118144	Frontal_Mid_Orb_L	0	0	1940	0	11608	100	4162	0	0	0	436	0	4292	0	12284	0	106	0	146	0	2436	1812	92	0	400	92	5602	734	3908	0	938	610	0	0	0	0	0	0	0	0	0	0	0	0	0	0	0	0	0	0	0	0	0	0	0	0	0	0	0	0	0	0	0	0	0	0	0	0	0	0	2208	1236	3630	228	0	0	0	0	0	0	0	0	72	0	0	0	0	0	0	0	0	0	0	0	0	0	0	0	0	0	0	0	0	0	0	0	0	0	0	0	0	0	0	0	0	0	
33900	Frontal_Mid_Orb_R	0	0	0	244	96	3464	0	1086	0	0	0	112	0	604	0	6748	0	0	0	118	222	426	0	72	0	124	106	492	0	342	0	88	0	0	0	0	0	0	0	0	0	0	0	0	0	0	0	0	0	0	0	0	0	0	0	0	0	0	0	0	0	0	0	0	0	0	0	0	0	0	208	958	0	1440	0	0	0	0	0	0	0	0	0	0	0	0	0	0	0	0	0	0	0	0	0	0	0	0	0	0	0	0	0	0	0	0	0	0	0	0	0	0	0	0	0	0	
366016	Frontal_Inf_Oper_L	14634	0	23436	692	1286	0	12306	118	436	0	0	0	23654	0	7878	0	16440	0	8952	748	166	96	4750	82	0	0	350	0	34142	0	4820	748	160	0	0	0	562	0	212	0	0	0	0	0	0	0	0	0	0	0	128	0	104	0	534	0	3444	0	0	0	82	0	92	0	0	0	0	0	0	0	2056	86	1252	0	0	0	286	0	1104	0	9328	0	6856	0	346	0	0	0	642	0	0	0	0	0	0	0	0	0	0	0	0	0	0	0	0	0	0	0	0	0	0	0	0	0	0	0	
249848	Frontal_Inf_Oper_R	3300	11146	172	8634	0	648	0	11412	0	112	0	0	0	7274	0	1280	0	7858	0	6968	0	0	110	1324	0	262	0	0	0	19924	570	5000	0	104	0	0	0	3968	0	1630	0	224	0	0	0	0	0	82	0	0	0	0	0	290	0	2966	3268	830	0	0	0	0	0	0	0	0	0	96	0	0	594	6150	386	13956	0	76	128	864	0	96	0	204	0	500	0	342	0	0	0	1986	0	106	0	0	0	0	0	0	0	84	0	0	0	0	0	0	0	0	0	0	0	0	0	0	0	0	
341716	Frontal_Inf_Tri_L	4158	0	23542	312	4350	106	29922	98	4292	0	23654	0	0	0	14168	0	3486	0	3820	244	506	472	5388	148	90	0	1478	136	33514	0	6226	918	538	0	0	0	170	0	82	0	0	0	0	0	0	0	0	0	0	0	0	0	0	0	144	0	564	0	0	0	0	0	0	0	0	0	0	0	0	0	1838	386	2974	190	0	0	0	0	296	0	1088	0	1258	0	156	0	0	0	146	0	0	0	0	0	0	0	0	0	0	0	0	0	0	0	0	0	0	0	0	0	0	0	0	0	0	0	
194160	Frontal_Inf_Tri_R	0	1136	636	12876	0	254	0	16134	0	604	0	7274	0	0	0	4694	0	638	1538	6778	0	0	192	3338	0	110	0	0	0	17196	476	6262	0	1844	0	0	0	464	0	230	0	126	0	0	0	0	0	0	0	0	0	0	0	0	0	150	0	0	0	0	0	0	0	0	0	0	0	0	0	0	2314	5888	1826	3762	0	0	118	222	0	0	0	0	0	0	0	0	0	0	0	0	0	0	0	0	0	0	0	0	0	0	0	0	0	0	0	0	0	0	0	0	0	0	0	0	0	0	
269804	Frontal_Inf_Orb_L	1030	0	8330	0	9988	112	7472	0	12284	0	7878	0	14168	0	0	0	6754	0	1364	72	4606	1558	760	0	224	0	3300	424	23002	0	1690	248	0	0	0	0	190	0	256	0	656	0	0	0	0	0	0	0	0	0	0	0	0	0	172	0	0	0	0	0	0	0	0	0	0	0	0	0	0	0	2720	1328	7464	254	0	0	0	0	0	0	7190	0	8468	0	642	0	0	0	298	0	0	0	0	0	0	0	0	0	0	0	0	0	0	0	0	0	0	0	0	0	0	0	0	0	0	0	
162712	Frontal_Inf_Orb_R	0	0	200	7708	118	4790	0	3066	0	6748	0	1280	0	4694	0	0	0	446	106	1726	290	2706	644	4788	0	1528	118	2380	0	12568	550	6170	0	306	0	0	0	572	0	320	0	808	0	0	0	0	0	0	0	0	0	0	0	0	0	344	0	0	0	0	0	0	0	0	0	0	0	0	0	0	868	4620	488	8012	0	0	0	72	0	0	0	274	0	1630	0	152	0	0	0	266	0	0	0	0	0	0	0	0	0	0	0	0	0	0	0	0	0	0	0	0	0	0	0	0	0	0	
332156	Rolandic_Oper_L	11722	0	16022	392	262	0	5088	140	106	0	16440	0	3486	0	6754	0	0	0	2978	460	0	0	262	0	0	0	70	0	29918	0	548	172	0	174	0	0	584	0	92	0	0	0	0	0	0	0	274	0	0	0	2030	0	1106	0	1662	0	9986	0	0	0	318	0	3754	0	268	0	0	0	174	0	1018	0	644	0	0	0	112	0	9948	0	18970	0	7446	0	6796	0	0	0	5590	0	312	0	0	0	0	0	0	0	0	0	0	0	0	0	0	0	0	0	0	0	0	0	0	0	0	0	
158316	Rolandic_Oper_R	286	2728	0	6482	0	460	0	1944	0	0	0	7858	0	638	0	446	0	0	0	3976	0	0	0	562	0	112	0	0	0	19858	236	1292	0	0	0	0	0	3350	0	488	0	0	0	200	0	0	0	98	0	0	0	192	0	1628	0	1260	276	2742	0	0	0	0	0	2592	0	0	0	852	0	0	248	2956	214	5780	0	224	0	188	0	1860	0	4368	0	758	0	726	0	0	0	1280	0	0	0	0	0	0	0	0	0	0	0	0	0	0	0	0	0	0	0	0	0	0	0	0	0	0	
555888	Supp_Motor_Area_L	18436	956	43326	17594	562	0	9066	3230	146	0	8952	0	3820	1538	1364	106	2978	0	0	35820	260	0	6654	4248	0	0	112	0	11704	624	6848	6792	11090	18740	1048	188	3434	0	2110	0	252	0	196	0	970	0	614	0	556	0	388	0	182	0	1458	0	386	0	0	0	0	0	0	0	0	0	922	0	29812	0	2994	1078	2574	0	512	0	7730	1336	322	0	1904	0	886	0	158	0	0	0	306	0	148	0	0	0	0	0	0	0	162	0	0	0	0	0	0	0	0	0	0	352	0	0	0	0	0	0	
668316	Supp_Motor_Area_R	7286	8842	17858	69644	0	142	1042	7226	0	118	748	6968	244	6778	72	1726	460	3976	35820	0	0	0	1892	6896	0	0	0	0	1360	9382	1996	11442	3566	42848	1670	9564	302	1384	94	762	0	0	268	2530	0	490	86	1486	0	0	0	174	0	2244	88	842	1400	548	0	0	0	0	0	910	0	0	650	5174	8700	6744	12304	12342	3188	6130	0	88	278	1886	368	166	236	314	0	162	186	406	0	0	184	1306	0	0	0	0	0	0	0	0	0	0	0	0	0	0	0	0	0	0	0	0	172	0	0	0	0	0	
169496	Olfactory_L	0	0	1670	86	6438	538	0	0	2436	222	166	0	506	0	4606	290	0	0	260	0	0	9502	176	0	1542	462	6048	2662	3732	92	4880	3174	0	0	0	0	690	0	958	0	1898	0	0	0	0	0	0	0	0	0	0	0	0	0	468	0	0	0	0	0	0	0	0	0	0	0	0	0	0	0	12442	7578	8126	2298	86	532	0	0	0	0	0	0	184	0	0	0	0	0	0	0	0	0	0	0	0	0	0	0	0	0	0	0	0	0	0	0	0	0	0	0	0	0	0	0	0	0	
190948	Olfactory_R	0	0	722	72	3578	3718	0	0	1812	426	96	0	472	0	1558	2706	0	0	0	0	9502	0	286	494	252	2374	4234	9418	526	2366	3256	4922	0	0	0	0	0	178	0	222	0	650	0	0	0	0	0	0	0	0	0	0	0	0	0	122	0	0	0	0	0	0	0	0	0	0	0	0	0	0	12550	13690	8140	4744	896	1140	0	0	0	0	0	0	0	352	0	0	0	0	0	0	0	0	0	0	0	0	0	0	0	0	0	0	0	0	0	0	0	0	0	0	0	0	0	0	0	0	
377824	Frontal_Sup_Medial_L	1580	0	38538	9360	1900	270	13604	1972	92	0	4750	110	5388	192	760	644	262	0	6654	1892	176	286	0	18262	1312	1814	1012	224	5184	472	31158	14524	3288	7660	0	0	264	0	130	0	0	0	0	0	0	0	0	0	0	0	0	0	0	0	134	0	0	0	0	0	0	0	0	0	0	0	0	0	0	0	6782	366	7154	268	0	0	120	0	256	0	98	0	0	0	0	0	0	0	0	0	0	0	0	0	0	0	0	0	0	0	0	0	0	0	0	0	0	0	0	0	0	0	0	0	0	0	
311760	Frontal_Sup_Medial_R	0	0	2982	31434	146	3664	174	5758	0	72	82	1324	148	3338	0	4788	0	562	4248	6896	0	494	18262	0	258	6462	0	1440	138	3912	6904	27398	594	15410	0	0	0	0	0	0	0	0	0	0	0	0	0	0	0	0	0	0	0	0	0	0	0	0	0	0	0	0	0	0	0	0	0	0	0	0	332	3674	310	4578	0	0	0	0	0	0	0	0	0	98	0	0	0	0	0	0	0	0	0	0	0	0	0	0	0	0	0	0	0	0	0	0	0	0	0	0	0	0	0	0	0	0	
39288	Frontal_Med_Orb_L	0	0	468	0	2194	214	0	0	400	0	0	0	90	0	224	0	0	0	0	0	1542	252	1312	258	0	718	3392	76	122	0	4712	536	0	0	0	0	0	0	0	0	0	0	0	0	0	0	0	0	0	0	0	0	0	0	0	0	0	0	0	0	0	0	0	0	0	0	0	0	0	0	1556	294	1150	134	0	0	0	0	0	0	0	0	0	0	0	0	0	0	0	0	0	0	0	0	0	0	0	0	0	0	0	0	0	0	0	0	0	0	0	0	0	0	0	0	0	0	
94536	Frontal_Med_Orb_R	0	0	162	2564	144	6368	0	0	92	124	0	262	0	110	0	1528	0	112	0	0	462	2374	1814	6462	718	0	394	5416	0	954	2166	7100	0	0	0	0	0	0	0	0	0	0	0	0	0	0	0	0	0	0	0	0	0	0	0	0	0	0	0	0	0	0	0	0	0	0	0	0	0	0	364	3652	140	3786	0	0	0	0	0	0	0	0	0	0	0	0	0	0	0	0	0	0	0	0	0	0	0	0	0	0	0	0	0	0	0	0	0	0	0	0	0	0	0	0	0	0	
134612	Rectus_L	0	0	2560	0	11628	504	192	0	5602	106	350	0	1478	0	3300	118	70	0	112	0	6048	4234	1012	0	3392	394	0	1830	1720	0	6628	1504	0	0	0	0	0	0	0	0	0	0	0	0	0	0	0	0	0	0	0	0	0	0	0	0	0	0	0	0	0	0	0	0	0	0	0	0	0	0	6586	3318	3654	876	0	90	0	0	0	0	0	0	0	0	0	0	0	0	0	0	0	0	0	0	0	0	0	0	0	0	0	0	0	0	0	0	0	0	0	0	0	0	0	0	0	0	
113944	Rectus_R	0	0	194	0	1268	7734	0	0	734	492	0	0	136	0	424	2380	0	0	0	0	2662	9418	224	1440	76	5416	1830	0	148	1342	1396	4258	0	0	0	0	0	0	0	84	0	216	0	0	0	0	0	0	0	0	0	0	0	0	0	0	0	0	0	0	0	0	0	0	0	0	0	0	0	0	2962	7092	1430	3422	0	0	0	0	0	0	0	0	0	194	0	0	0	0	0	0	0	0	0	0	0	0	0	0	0	0	0	0	0	0	0	0	0	0	0	0	0	0	0	0	0	0	
786148	Insula_L	17060	136	46468	1252	8362	104	12946	440	3908	0	34142	0	33514	0	23002	0	29918	0	11704	1360	3732	526	5184	138	122	0	1720	148	0	0	7930	1686	352	274	0	0	11796	0	3230	0	2504	0	0	0	0	0	666	0	0	0	5362	0	4262	0	10948	0	4722	0	760	0	1542	0	974	0	1008	0	0	0	608	0	4584	552	23066	214	0	0	242	0	14500	0	20268	0	8654	0	10550	0	0	0	13566	0	1136	0	0	0	0	0	350	0	882	0	0	0	0	0	0	0	0	0	0	0	0	0	0	0	0	0	
478464	Insula_R	790	5982	436	15534	0	1438	0	7826	0	342	0	19924	0	17196	0	12568	0	19858	624	9382	92	2366	472	3912	0	954	0	1342	0	0	952	9604	0	356	0	0	0	12090	0	2856	0	1812	0	392	0	0	0	192	0	0	0	260	0	4004	0	7470	768	358	0	0	0	0	0	1374	0	0	0	1250	0	0	1864	9704	1516	26858	0	306	184	710	0	2600	0	10202	0	3816	0	6332	0	0	0	10002	0	128	0	0	0	0	0	122	0	112	0	0	0	0	0	0	0	0	0	0	0	0	0	0	0	0	
421764	Cingulum_Ant_L	1422	0	23478	5148	5362	592	3808	3030	938	0	4820	570	6226	476	1690	550	548	236	6848	1996	4880	3256	31158	6904	4712	2166	6628	1396	7930	952	0	20596	4216	5254	0	0	260	0	152	0	0	0	0	0	0	0	0	0	0	0	0	0	0	0	144	0	0	0	0	0	0	0	0	0	0	0	0	0	0	0	19830	3604	17016	1296	0	0	254	0	198	0	258	0	84	0	0	0	0	0	0	0	0	0	0	0	0	0	0	0	0	0	0	0	0	0	0	0	0	0	0	0	0	0	0	0	0	0	
494360	Cingulum_Ant_R	390	254	5278	29980	946	2508	728	12276	610	88	748	5000	918	6262	248	6170	172	1292	6792	11442	3174	4922	14524	27398	536	7100	1504	4258	1686	9604	20596	0	2190	23452	0	0	0	272	0	122	0	138	0	0	0	0	0	0	0	0	0	0	0	0	0	148	0	0	0	0	0	0	0	0	0	0	0	0	0	0	7512	11368	4844	9360	0	0	0	0	0	0	120	0	0	174	0	0	0	0	0	76	0	0	0	0	0	0	0	0	0	0	0	0	0	0	0	0	0	0	0	0	0	0	0	0	0	0	
132944	Cingulum_Mid_L	1070	96	3950	1098	0	0	1518	504	0	0	160	0	538	0	0	0	0	0	11090	3566	0	0	3288	594	0	0	0	0	352	0	4216	2190	0	8140	1400	540	0	0	0	0	0	0	206	0	2182	0	260	0	2374	0	3486	0	0	0	142	0	288	250	0	0	0	0	0	0	72	0	3688	810	6716	120	88	0	0	0	0	0	0	0	0	0	0	0	0	0	994	0	0	0	486	0	0	0	0	0	0	0	0	0	0	0	0	0	0	0	0	0	0	0	0	0	0	0	0	0	0	0	
429284	Cingulum_Mid_R	984	2306	9308	27644	0	0	652	4442	0	0	0	104	0	1844	0	306	174	0	18740	42848	0	0	7660	15410	0	0	0	0	274	356	5254	23452	8140	0	870	9130	0	120	0	0	0	0	110	2074	0	966	0	1134	0	208	0	116	0	390	0	0	0	2446	0	0	0	0	0	104	0	0	1368	9960	2916	7958	3254	262	642	0	0	0	80	0	0	0	118	0	0	0	0	78	0	0	0	152	0	0	0	0	0	0	0	0	0	0	0	0	0	0	0	0	0	0	0	0	288	0	0	0	0	0	
176512	Cingulum_Post_L	2832	2762	172	3912	0	0	0	0	0	0	0	0	0	0	0	0	0	0	1048	1670	0	0	0	0	0	0	0	0	0	0	0	0	1400	870	0	13304	6162	5690	4780	2798	0	0	2938	912	478	102	3034	1166	174	0	1302	0	554	252	4062	2022	0	86	0	0	0	0	0	0	0	0	7476	3872	4410	352	0	240	0	0	0	0	374	4884	0	0	0	0	0	0	0	0	0	0	0	0	220	608	0	0	0	0	0	344	228	604	0	0	0	0	0	0	0	0	0	0	162	0	0	0	0	0	
227720	Cingulum_Post_R	772	4412	0	3538	0	0	0	0	0	0	0	0	0	0	0	0	0	0	188	9564	0	0	0	0	0	0	0	0	0	0	0	0	540	9130	13304	0	4666	7306	3860	4224	0	0	1702	2688	104	368	1692	5234	0	0	130	0	0	892	3062	3310	0	1042	0	0	0	0	0	0	0	0	5730	13034	1186	4778	0	0	0	78	0	0	102	3514	0	0	0	0	0	0	0	0	0	0	0	228	188	636	0	0	0	0	88	398	200	620	0	0	0	0	0	0	0	0	0	0	1352	0	0	0	0	0	
457812	Hippocampus_L	5738	2024	9592	3808	0	0	778	84	0	0	562	0	170	0	190	0	584	0	3434	302	690	0	264	0	0	0	0	0	11796	0	260	0	0	0	6162	4666	0	4184	34646	1938	10854	0	812	0	0	0	6516	490	0	0	1046	0	1908	232	36968	1434	680	0	0	0	126	0	136	0	0	0	2948	238	3232	0	698	100	12436	0	714	0	3554	5196	2984	0	1438	0	1822	0	908	0	300	0	10512	0	6354	566	96	0	162	0	6856	310	10710	564	90	0	186	0	1030	0	180	0	0	268	124	0	128	288	560	280	
511452	Hippocampus_R	1398	12240	0	12880	0	0	0	4822	0	0	0	3968	0	464	0	572	0	3350	0	1384	0	178	0	0	0	0	0	0	0	12090	0	272	0	120	5690	7306	4184	0	3500	41344	0	11048	984	860	0	0	1558	7462	0	0	0	0	0	3278	2810	44780	1378	180	0	0	0	0	0	576	0	0	2582	4154	0	0	234	570	0	22466	0	3472	312	6218	0	288	0	882	0	614	0	572	0	340	0	8002	174	3128	0	0	0	284	162	5312	184	3148	0	0	0	0	0	0	0	0	88	790	1074	0	0	0	0	0	
356108	ParaHippocampal_L	2632	1690	4806	2700	0	0	156	0	0	0	212	0	82	0	256	0	92	0	2110	94	958	0	130	0	0	0	0	0	3230	0	152	0	0	0	4780	3860	34646	3500	0	1514	5890	0	1090	0	0	0	7716	338	0	0	510	0	970	204	31730	1172	306	0	0	0	0	0	0	0	0	0	2764	136	1988	0	166	70	7316	0	388	0	2014	3500	806	0	198	0	4062	0	0	0	2072	0	1730	0	5026	404	152	0	442	0	10340	184	11288	402	254	0	288	0	1652	0	332	0	0	368	130	0	220	408	958	470	
376992	ParaHippocampal_R	412	3048	0	4272	0	0	0	1754	0	0	0	1630	0	230	0	320	0	488	0	762	0	222	0	0	0	0	0	84	0	2856	0	122	0	0	2798	4224	1938	41344	1514	0	0	10054	828	1316	0	0	1036	11524	0	0	0	100	0	3528	1284	37412	410	0	0	0	0	0	0	0	0	0	1980	4970	0	0	112	412	0	11618	0	3038	202	3686	0	0	0	0	0	4134	0	124	0	2814	0	984	78	3130	0	0	124	896	210	8344	84	3224	0	0	0	76	200	86	0	100	126	1048	1186	0	0	0	0	0	
78648	Amygdala_L	0	0	1180	0	496	0	0	0	0	0	0	0	0	0	656	0	0	0	252	0	1898	0	0	0	0	0	0	0	2504	0	0	0	0	0	0	0	10854	0	5890	0	0	0	0	0	0	0	0	0	0	0	0	0	0	0	6920	0	0	0	0	0	0	0	0	0	0	0	0	0	0	0	738	0	1864	0	0	0	0	0	0	0	0	0	2070	0	0	0	832	0	2610	0	206	0	0	0	0	0	74	0	280	0	0	0	0	0	0	0	0	0	0	0	0	0	0	0	0	0	
86652	Amygdala_R	0	0	0	140	0	0	0	0	0	0	0	224	0	126	0	808	0	0	0	0	0	650	0	0	0	0	0	216	0	1812	0	138	0	0	0	0	0	11048	0	10054	0	0	0	0	0	0	0	0	0	0	0	0	0	0	0	8104	0	0	0	0	0	0	0	0	0	0	0	0	0	0	0	98	0	2970	0	304	0	0	0	0	0	0	0	3474	0	138	0	1174	0	1536	0	0	0	0	0	0	0	312	0	0	0	0	0	0	0	0	0	0	0	0	0	0	0	0	0	0	
266600	Calcarine_L	516	186	0	76	0	0	0	0	0	0	0	0	0	0	0	0	0	0	196	268	0	0	0	0	0	0	0	0	0	0	0	0	206	110	2938	1702	812	984	1090	828	0	0	0	10244	14194	4916	13712	4832	7526	2554	21554	1956	9268	934	5062	1388	1884	0	0	0	0	0	0	0	0	0	14790	1724	3308	106	0	0	0	0	0	0	0	0	0	0	0	0	0	0	84	0	0	0	0	0	158	1316	0	0	0	0	90	76	90	1494	0	0	0	0	0	0	0	0	0	0	128	0	0	0	0	0	
316244	Calcarine_R	0	3180	0	860	0	0	0	94	0	0	0	0	0	0	0	0	0	200	0	2530	0	0	0	0	0	0	0	0	0	392	0	0	0	2074	912	2688	0	860	0	1316	0	0	10244	0	4056	21712	558	18988	214	17070	170	15944	108	11468	0	5700	0	850	0	690	0	94	0	206	0	218	3272	21486	0	2440	0	0	0	154	0	0	0	0	0	0	0	496	0	0	0	4074	0	0	0	2370	0	0	0	0	0	0	0	0	0	0	0	0	0	0	0	0	0	0	0	0	434	0	0	0	0	0	
171316	Cuneus_L	250	0	0	0	0	0	0	0	0	0	0	0	0	0	0	0	0	0	970	0	0	0	0	0	0	0	0	0	0	0	0	0	2182	0	478	104	0	0	0	0	0	0	14194	4056	0	6644	1440	140	19164	676	11546	360	564	0	554	88	1528	0	508	0	158	0	0	0	76	0	13160	1784	4692	0	0	0	0	0	0	0	0	0	0	0	0	0	0	0	342	0	0	0	0	0	0	0	0	0	0	0	0	0	0	0	0	0	0	0	0	0	0	0	0	0	0	0	0	0	0	0	
266776	Cuneus_R	0	612	0	118	0	0	0	0	0	0	0	0	0	0	0	0	0	0	0	490	0	0	0	0	0	0	0	0	0	0	0	0	0	966	102	368	0	0	0	0	0	0	4916	21712	6644	0	0	1776	136	32848	0	15080	0	3776	0	674	0	5140	0	3462	0	496	0	436	0	666	3960	23124	0	4128	0	0	0	0	0	0	0	0	0	0	0	0	0	0	0	1362	0	0	0	396	0	0	0	0	0	0	0	0	0	0	0	0	0	0	0	0	0	0	0	0	0	0	0	0	0	0	
388064	Lingual_L	2758	340	266	808	0	0	0	0	0	0	0	0	0	0	0	0	274	0	614	86	0	0	0	0	0	0	0	0	666	0	0	0	260	0	3034	1692	6516	1558	7716	1036	0	0	13712	558	1440	0	0	4112	1148	0	24018	0	11370	320	18702	2802	552	0	0	0	104	0	84	0	234	0	9744	740	1986	0	0	0	162	0	0	0	1078	1702	304	0	0	0	0	0	698	0	0	0	684	0	15666	1974	2268	122	1062	0	13570	2314	18204	2532	0	0	0	0	194	0	0	270	0	442	8520	2684	144	0	78	110	
407660	Lingual_R	0	1744	0	736	0	0	0	136	0	0	0	82	0	0	0	0	0	98	0	1486	0	0	0	0	0	0	0	0	0	192	0	0	0	1134	1166	5234	490	7462	338	11524	0	0	4832	18988	140	1776	4112	0	0	3316	0	3890	0	7264	712	28642	0	194	0	0	0	0	0	0	0	0	1240	13818	0	1146	0	168	0	344	0	70	0	1720	0	0	0	0	0	0	0	348	0	0	0	572	5678	10484	3606	1302	122	770	1200	11198	7646	12446	0	0	0	212	0	134	0	0	166	1026	9634	9230	3114	290	190	268	
165616	Occipital_Sup_L	554	0	0	0	0	0	0	0	0	0	0	0	0	0	0	0	0	0	556	0	0	0	0	0	0	0	0	0	0	0	0	0	2374	0	174	0	0	0	0	0	0	0	7526	214	19164	136	1148	0	0	0	27766	0	542	0	392	0	588	0	4238	0	1168	0	0	0	460	0	12876	266	1332	0	0	0	0	0	0	0	0	0	0	0	0	0	0	0	1334	0	0	0	0	0	0	0	0	0	0	0	0	0	0	0	0	0	0	0	0	0	0	0	0	0	0	0	0	0	0	0	
234608	Occipital_Sup_R	0	0	0	0	0	0	0	0	0	0	0	0	0	0	0	0	0	0	0	0	0	0	0	0	0	0	0	0	0	0	0	0	0	208	0	0	0	0	0	0	0	0	2554	17070	676	32848	0	3316	0	0	0	22574	0	2846	0	726	0	3398	0	5030	0	1088	0	560	0	2724	952	15974	0	3112	0	0	0	0	0	0	0	0	0	0	0	0	0	0	0	1292	0	0	0	356	0	0	0	0	0	0	0	0	0	0	0	0	0	0	0	0	0	0	0	0	0	0	0	0	0	0	
517800	Occipital_Mid_L	12226	126	692	0	0	0	292	0	0	0	128	0	0	0	0	0	2030	0	388	0	0	0	0	0	0	0	0	0	5362	0	0	0	3486	0	1302	130	1046	0	510	0	0	0	21554	170	11546	0	24018	0	27766	0	0	0	25044	0	13806	0	10032	0	12098	0	14490	0	804	0	14420	0	18674	150	7918	0	112	0	138	0	0	0	0	0	2680	0	686	0	0	0	19504	0	0	0	4164	0	1126	0	0	0	0	0	0	0	282	0	0	0	0	0	0	0	0	0	0	0	0	0	0	0	0	0	
237580	Occipital_Mid_R	0	456	0	150	0	0	0	0	0	0	0	0	0	0	0	0	0	192	0	174	0	0	0	0	0	0	0	0	0	260	0	0	0	116	0	0	0	0	0	100	0	0	1956	15944	360	15080	0	3890	0	22574	0	0	0	5234	0	2234	0	1200	0	2230	0	5936	0	1772	0	14548	712	8944	0	964	0	0	0	0	0	0	0	0	0	0	0	544	0	0	0	11242	0	0	0	1978	0	0	0	0	0	0	0	0	0	0	0	0	0	0	0	0	0	0	0	0	0	0	0	0	0	0	
196268	Occipital_Inf_L	4564	0	636	0	0	0	334	0	0	0	104	0	0	0	0	0	1106	0	182	0	0	0	0	0	0	0	0	0	4262	0	0	0	0	0	554	0	1908	0	970	0	0	0	9268	108	564	0	11370	0	542	0	25044	0	0	0	20310	0	246	0	0	0	0	0	366	0	100	0	2246	0	884	0	0	0	280	0	0	0	0	0	1946	0	596	0	0	0	3122	0	0	0	4374	0	1982	0	0	0	0	0	0	0	166	0	0	0	0	0	0	0	0	0	0	0	0	0	0	0	0	0	
261704	Occipital_Inf_R	318	5732	0	3466	0	0	0	1114	0	0	0	290	0	0	0	0	0	1628	0	2244	0	0	0	0	0	0	0	0	0	4004	0	0	0	390	252	892	232	3278	204	3528	0	0	934	11468	0	3776	320	7264	0	2846	0	5234	0	0	226	12824	318	2586	0	578	0	1774	0	2906	0	3016	344	10594	0	940	0	108	0	818	0	0	138	158	0	114	0	3042	0	0	0	9888	0	0	0	17358	294	378	100	276	0	0	0	164	472	508	0	0	0	0	0	0	0	0	0	0	282	860	374	0	0	0	
727012	Fusiform_L	5960	1330	4664	1890	0	0	708	0	0	0	534	0	144	0	172	0	1662	0	1458	88	468	0	134	0	0	0	0	0	10948	0	144	0	142	0	4062	3062	36968	2810	31730	1284	6920	0	5062	0	554	0	18702	712	392	0	13806	0	20310	226	0	1334	662	0	0	0	0	0	264	0	0	0	5142	142	1870	0	142	0	5302	0	0	0	878	2310	3488	0	5752	0	7406	0	11724	0	2540	0	34498	0	31984	476	638	0	598	0	19928	312	38896	578	390	0	496	0	2660	0	424	0	0	306	1136	574	498	842	1498	772	
652556	Fusiform_R	1210	4472	0	4746	0	0	0	3552	0	0	0	2966	0	150	0	344	0	1260	0	842	0	122	0	0	0	0	0	0	0	7470	0	148	0	0	2022	3310	1434	44780	1172	37412	0	8104	1388	5700	88	674	2802	28642	0	726	0	2234	0	12824	1334	0	1206	144	0	0	0	0	0	124	0	88	1618	4102	0	0	144	366	0	15168	0	2510	240	2282	0	120	0	484	0	5100	0	1976	0	2494	0	14046	4678	20300	2886	1364	0	422	776	13484	6130	22146	0	0	0	376	0	206	0	1026	100	506	6954	7474	2522	312	222	254	
349888	Postcentral_L	36902	6100	7334	1686	0	0	2586	5832	0	0	3444	3268	564	0	0	0	9986	276	386	1400	0	0	0	0	0	0	0	0	4722	768	0	0	288	0	0	0	680	1378	306	410	0	0	1884	0	1528	0	552	0	588	0	10032	0	246	318	662	1206	0	114	7772	0	17576	0	11588	74	2904	0	1750	0	4016	0	4606	260	732	2858	178	118	598	222	3618	0	3538	84	0	0	3206	278	0	0	2106	1416	0	0	0	0	0	0	0	0	0	0	0	0	0	0	0	0	0	0	0	0	0	0	0	0	0	0	
132536	Postcentral_R	128	10622	0	1120	0	0	0	760	0	0	0	830	0	0	0	0	0	2742	0	548	0	0	0	0	0	0	0	0	0	358	0	0	250	2446	86	1042	0	180	0	0	0	0	0	850	0	5140	0	194	0	3398	0	1200	0	2586	0	144	114	0	0	2332	0	1062	0	9364	0	142	392	11506	0	5012	0	330	0	172	0	0	0	84	0	0	0	594	0	0	0	232	0	0	0	308	0	0	0	0	0	0	0	0	0	0	0	0	0	0	0	0	0	0	0	0	0	0	0	0	0	0	
100656	Parietal_Sup_L	748	0	0	0	0	0	0	0	0	0	0	0	0	0	0	0	0	0	0	0	0	0	0	0	0	0	0	0	760	0	0	0	0	0	0	0	0	0	0	0	0	0	0	0	508	0	0	0	4238	0	12098	0	0	0	0	0	7772	0	0	0	11368	0	0	0	794	0	8500	298	468	0	0	0	0	0	0	0	0	0	0	0	0	0	0	0	2044	0	0	0	732	0	0	0	0	0	0	0	0	0	0	0	0	0	0	0	0	0	0	0	0	0	0	0	0	0	0	0	
48224	Parietal_Sup_R	0	0	0	0	0	0	0	0	0	0	0	0	0	0	0	0	0	0	0	0	0	0	0	0	0	0	0	0	0	0	0	0	0	0	0	0	0	0	0	0	0	0	0	690	0	3462	0	0	0	5030	0	2230	0	578	0	0	0	2332	0	0	0	1090	0	98	0	2052	0	6114	0	436	0	0	0	0	0	0	0	0	0	0	0	0	0	0	0	0	0	0	0	0	0	0	0	0	0	0	0	0	0	0	0	0	0	0	0	0	0	0	0	0	0	0	0	0	0	0	
166408	Parietal_Inf_L	3472	370	592	0	0	0	390	0	0	0	82	0	0	0	0	0	318	0	0	0	0	0	0	0	0	0	0	0	1542	0	0	0	0	0	0	0	126	0	0	0	0	0	0	0	158	0	104	0	1168	0	14490	0	0	0	0	0	17576	0	11368	0	0	0	12846	0	11854	0	708	0	600	0	670	0	148	0	0	0	0	0	0	0	280	0	0	0	2696	0	0	0	1646	0	0	0	0	0	0	0	0	0	0	0	0	0	0	0	0	0	0	0	0	0	0	0	0	0	0	0	
61732	Parietal_Inf_R	0	88	0	0	0	0	0	0	0	0	0	0	0	0	0	0	0	0	0	0	0	0	0	0	0	0	0	0	0	0	0	0	0	0	0	0	0	0	0	0	0	0	0	94	0	496	0	0	0	1088	0	5936	0	1774	0	0	0	1062	0	1090	0	0	0	5372	0	10822	0	446	0	0	0	0	0	0	0	0	0	0	0	0	0	410	0	0	0	2076	0	0	0	112	0	0	0	0	0	0	0	0	0	0	0	0	0	0	0	0	0	0	0	0	0	0	0	0	0	0	
133972	SupraMarginal_L	5786	266	1250	0	0	0	290	0	0	0	92	0	0	0	0	0	3754	0	0	0	0	0	0	0	0	0	0	0	974	0	0	0	0	0	0	0	136	0	0	0	0	0	0	0	0	0	84	0	0	0	804	0	366	0	264	0	11588	0	0	0	12846	0	0	0	6746	0	0	0	492	0	674	0	156	78	0	0	0	0	450	0	6326	0	0	0	7856	0	0	0	5708	0	0	0	0	0	0	0	0	0	0	0	0	0	0	0	0	0	0	0	0	0	0	0	0	0	0	0	
101468	SupraMarginal_R	76	3962	0	1820	0	0	0	144	0	0	0	0	0	0	0	0	0	2592	0	910	0	0	0	0	0	0	0	0	0	1374	0	0	0	104	0	0	0	576	0	0	0	0	0	206	0	436	0	0	0	560	0	1772	0	2906	0	124	74	9364	0	98	0	5372	0	0	0	6922	0	638	0	0	0	0	0	0	0	0	0	0	0	110	0	5634	0	0	0	3496	0	0	0	1464	0	0	0	0	0	0	0	0	0	0	0	0	0	0	0	0	0	0	0	0	0	0	0	0	0	0	
100560	Angular_L	1448	0	124	0	0	0	102	0	0	0	0	0	0	0	0	0	268	0	0	0	0	0	0	0	0	0	0	0	1008	0	0	0	72	0	0	0	0	0	0	0	0	0	0	0	76	0	234	0	460	0	14420	0	100	0	0	0	2904	0	794	0	11854	0	6746	0	0	0	0	0	102	0	0	0	0	0	0	0	0	0	0	0	1080	0	0	0	6780	0	0	0	1708	0	0	0	0	0	0	0	0	0	0	0	0	0	0	0	0	0	0	0	0	0	0	0	0	0	0	0	
109700	Angular_R	0	0	0	0	0	0	0	0	0	0	0	0	0	0	0	0	0	0	0	0	0	0	0	0	0	0	0	0	0	0	0	0	0	0	0	0	0	0	0	0	0	0	0	218	0	666	0	0	0	2724	0	14548	0	3016	0	88	0	142	0	2052	0	10822	0	6922	0	0	0	414	0	0	0	0	0	0	0	0	0	0	0	0	0	4078	0	0	0	8842	0	0	0	318	0	0	0	0	0	0	0	0	0	0	0	0	0	0	0	0	0	0	0	0	0	0	0	0	0	0	
290680	Precuneus_L	258	530	82	508	0	0	0	0	0	0	0	0	0	0	0	0	0	0	922	650	0	0	0	0	0	0	0	0	0	0	0	0	3688	1368	7476	5730	2948	2582	2764	1980	0	0	14790	3272	13160	3960	9744	1240	12876	952	18674	712	2246	344	5142	1618	1750	392	8500	0	708	0	0	0	0	0	0	7772	3540	314	0	0	0	0	0	0	90	494	0	0	0	0	0	0	322	0	0	0	70	0	134	204	0	0	0	0	0	320	142	192	0	0	0	0	0	0	0	0	0	0	180	0	0	0	0	0	
403776	Precuneus_R	70	4008	0	952	0	0	0	290	0	0	0	96	0	0	0	0	0	852	0	5174	0	0	0	0	0	0	0	0	0	1250	0	0	810	9960	3872	13034	238	4154	136	4970	0	0	1724	21486	1784	23124	740	13818	266	15974	150	8944	0	10594	142	4102	0	11506	298	6114	0	446	0	638	0	414	7772	0	304	12328	0	0	0	250	0	0	0	108	0	0	0	738	0	0	0	2180	0	0	0	2780	0	132	0	0	0	0	86	774	0	98	0	0	0	0	0	0	0	0	0	0	2208	0	0	0	0	0	
276888	Paracentral_Lobule_L	25186	844	2576	1626	0	0	304	86	0	0	0	0	0	0	0	0	174	0	29812	8700	0	0	0	0	0	0	0	0	608	0	0	0	6716	2916	4410	1186	3232	0	1988	0	0	0	3308	0	4692	0	1986	0	1332	0	7918	0	884	0	1870	0	4016	0	468	0	600	0	492	0	102	0	3540	304	0	594	594	1026	138	0	354	0	7464	1452	220	0	166	0	0	0	2526	0	0	0	1410	0	136	0	0	0	0	0	0	0	136	0	0	0	0	0	0	0	0	0	0	352	0	0	0	0	0	0	
111988	Paracentral_Lobule_R	0	3224	0	692	0	0	0	0	0	0	0	0	0	0	0	0	0	0	0	6744	0	0	0	0	0	0	0	0	0	0	0	0	120	7958	352	4778	0	0	0	0	0	0	106	2440	0	4128	0	1146	0	3112	0	964	0	940	0	0	0	5012	0	436	0	0	0	0	0	0	314	12328	594	0	0	0	0	0	0	0	0	0	0	0	0	0	0	0	0	226	0	0	0	244	0	0	0	0	0	0	0	0	0	0	0	0	0	0	0	0	0	0	0	0	136	0	0	0	0	0	
554556	Caudate_L	7088	2252	19534	15082	4732	984	2374	6694	2208	208	2056	594	1838	2314	2720	868	1018	248	2994	12304	12442	12550	6782	332	1556	364	6586	2962	4584	1864	19830	7512	88	3254	0	0	698	234	166	112	738	0	0	0	0	0	0	0	0	0	112	0	0	0	142	144	4606	0	0	0	670	0	674	0	0	0	0	0	594	0	0	27410	39866	8038	6750	2536	12012	1224	624	0	340	0	70	0	352	0	0	0	350	0	0	0	0	0	0	0	0	0	0	0	0	0	0	0	0	0	0	0	0	0	0	0	0	0	0	0	
481688	Caudate_R	1908	890	3534	19152	2764	7250	126	1198	1236	958	86	6150	386	5888	1328	4620	0	2956	1078	12342	7578	13690	366	3674	294	3652	3318	7092	552	9704	3604	11368	0	262	240	0	100	570	70	412	0	98	0	0	0	0	0	168	0	0	0	0	0	108	0	366	260	330	0	0	0	0	0	0	0	0	0	0	1026	0	27410	0	18796	25574	2764	3820	1020	18054	0	0	0	0	0	288	0	0	0	0	0	0	0	0	0	0	0	0	0	0	0	0	0	0	0	0	0	0	0	0	0	366	0	0	0	0	0	0	
546000	Putamen_L	1612	204	39386	3226	8980	582	978	932	3630	0	1252	386	2974	1826	7464	488	644	214	2574	3188	8126	8140	7154	310	1150	140	3654	1430	23066	1516	17016	4844	0	642	0	0	12436	0	7316	0	1864	0	0	0	0	0	162	0	0	0	138	0	280	0	5302	0	732	0	0	0	148	0	156	0	0	0	0	0	138	0	39866	18796	0	6320	9124	1726	3048	492	690	0	624	0	372	0	414	0	0	0	2370	0	874	0	0	0	0	0	654	0	1230	0	0	0	0	0	0	0	0	0	0	0	0	0	0	0	0	0	
501644	Putamen_R	2816	5976	844	15340	666	5384	0	7008	228	1440	0	13956	190	3762	254	8012	0	5780	0	6130	2298	4744	268	4578	134	3786	876	3422	214	26858	1296	9360	0	0	0	78	0	22466	0	11618	0	2970	0	154	0	0	0	344	0	0	0	0	0	818	0	15168	2858	172	0	0	0	0	78	0	0	0	0	250	0	0	8038	25574	6320	0	1160	4448	228	2590	0	0	0	908	0	544	0	644	0	0	0	5628	0	742	0	0	0	0	0	712	0	692	0	0	0	0	0	0	0	0	0	0	0	0	0	0	0	0	
72356	Pallidum_L	670	138	7842	388	0	0	0	104	0	0	0	0	0	0	0	0	0	0	512	0	86	896	0	0	0	0	0	0	0	0	0	0	0	0	0	0	714	0	388	0	0	0	0	0	0	0	0	0	0	0	0	0	0	0	0	0	178	0	0	0	0	0	0	0	0	0	0	0	354	0	6750	2764	9124	1160	0	1066	2966	78	0	0	0	0	0	0	0	0	0	0	0	0	0	0	0	0	0	0	0	0	0	0	0	0	0	0	0	0	0	0	0	0	0	0	0	0	0	0	
61528	Pallidum_R	0	114	398	2998	88	0	0	400	0	0	0	76	0	0	0	0	0	224	0	88	532	1140	0	0	0	0	90	0	0	306	0	0	0	0	0	0	0	3472	0	3038	0	304	0	0	0	0	0	70	0	0	0	0	0	0	0	2510	118	0	0	0	0	0	0	0	0	0	0	0	0	0	2536	3820	1726	4448	1066	0	0	362	0	0	0	0	0	0	0	0	0	0	0	90	0	70	0	0	0	0	0	604	0	76	0	0	0	0	0	0	0	0	0	0	0	0	0	0	0	0	
149160	Thalamus_L	9938	864	9960	3316	0	0	632	382	0	0	286	128	0	118	0	0	112	0	7730	278	0	0	120	0	0	0	0	0	242	184	254	0	0	80	374	102	3554	312	2014	202	0	0	0	0	0	0	1078	0	0	0	0	0	0	138	878	240	598	0	0	0	0	0	0	0	0	0	90	0	7464	0	12012	1020	3048	228	2966	0	0	2968	0	0	0	0	0	0	0	0	0	0	0	0	100	0	0	0	0	0	0	0	100	0	0	0	0	0	0	0	0	0	0	470	0	0	0	0	0	0	
193804	Thalamus_R	2432	3852	290	15980	0	0	86	876	0	0	0	864	0	222	0	72	0	188	1336	1886	0	0	0	0	0	0	0	0	0	710	0	0	0	0	4884	3514	5196	6218	3500	3686	0	0	0	0	0	0	1702	1720	0	0	0	0	0	158	2310	2282	222	84	0	0	0	0	0	0	0	0	494	108	1452	0	1224	18054	492	2590	78	362	2968	0	0	0	0	0	0	0	0	0	0	0	0	0	166	708	0	0	0	0	78	1064	178	714	0	0	0	0	0	0	0	0	116	1786	0	0	0	0	0	0	
162464	Heschl_L	5648	0	3944	336	0	0	700	124	0	0	1104	0	296	0	0	0	9948	0	322	368	0	0	256	0	0	0	0	0	14500	0	198	0	0	0	0	0	2984	0	806	0	0	0	0	0	0	0	304	0	0	0	2680	0	1946	0	3488	0	3618	0	0	0	0	0	450	0	0	0	0	0	220	0	624	0	690	0	0	0	0	0	0	0	8356	0	172	0	8824	0	0	0	7834	0	492	0	0	0	0	0	0	0	0	0	0	0	0	0	0	0	0	0	0	0	0	0	0	0	0	0	
23492	Heschl_R	0	148	0	108	0	0	0	0	0	0	0	96	0	0	0	0	0	1860	0	166	0	0	0	0	0	0	0	0	0	2600	0	0	0	0	0	0	0	288	0	0	0	0	0	0	0	0	0	0	0	0	0	0	0	114	0	120	0	0	0	0	0	0	0	110	0	0	0	0	0	0	0	0	0	0	0	0	0	0	0	0	0	3062	0	0	0	1656	0	0	0	1418	0	0	0	0	0	0	0	0	0	0	0	0	0	0	0	0	0	0	0	0	0	0	0	0	0	0	
359920	Temporal_Sup_L	4280	0	7356	158	92	0	4186	0	0	0	9328	0	1088	0	7190	0	18970	0	1904	236	0	0	98	0	0	0	0	0	20268	0	258	120	0	118	0	0	1438	0	198	0	0	0	0	0	0	0	0	0	0	0	686	0	596	0	5752	0	3538	0	0	0	280	0	6326	0	1080	0	0	0	166	0	340	0	624	0	0	0	0	0	8356	0	0	0	14634	0	33424	0	78	0	24370	0	1652	0	0	0	0	0	0	0	772	0	0	0	0	0	0	0	0	0	0	0	0	0	0	0	0	0	
134680	Temporal_Sup_R	84	436	0	380	0	0	0	314	0	0	0	204	0	0	0	274	0	4368	0	314	0	0	0	0	0	0	0	0	0	10202	0	0	0	0	0	0	0	882	0	0	0	0	0	496	0	0	0	0	0	0	0	544	0	3042	0	484	84	594	0	0	0	410	0	5634	0	4078	0	738	0	0	0	0	0	908	0	0	0	0	0	3062	0	0	0	4346	0	17638	0	378	0	7446	0	0	0	0	0	0	0	0	0	0	0	0	0	0	0	0	0	0	0	0	0	0	0	0	0	0	
199068	Temporal_Pole_Sup_L	1126	0	3672	0	262	0	3348	0	72	0	6856	0	1258	0	8468	0	7446	0	886	0	184	0	0	0	0	0	0	0	8654	0	84	0	0	0	0	0	1822	0	4062	0	2070	0	0	0	0	0	0	0	0	0	0	0	0	0	7406	0	0	0	0	0	0	0	0	0	0	0	0	0	0	0	70	0	372	0	0	0	0	0	172	0	14634	0	0	0	10534	0	6876	0	9104	0	96	0	0	0	0	0	0	0	0	0	0	0	0	0	0	0	0	0	0	0	0	0	0	0	0	0	
93028	Temporal_Pole_Sup_R	0	0	0	260	0	140	0	0	0	0	0	500	0	0	0	1630	0	758	0	162	0	352	0	98	0	0	0	194	0	3816	0	174	0	0	0	0	0	614	0	4134	0	3474	0	0	0	0	0	0	0	0	0	0	0	0	0	5100	0	0	0	0	0	0	0	0	0	0	0	0	0	0	0	288	0	544	0	0	0	0	0	0	0	4346	0	0	0	6250	0	6930	0	6750	0	0	0	0	0	0	0	0	0	0	0	0	0	0	0	0	0	0	0	0	0	0	0	0	0	0	
419348	Temporal_Mid_L	7120	0	1616	150	0	0	220	0	0	0	346	0	156	0	642	0	6796	0	158	186	0	0	0	0	0	0	0	0	10550	0	0	0	994	0	0	0	908	0	0	0	0	0	84	0	342	0	698	0	1334	0	19504	0	3122	0	11724	0	3206	0	2044	0	2696	0	7856	0	6780	0	322	0	2526	0	352	0	414	0	0	0	0	0	8824	0	33424	0	10534	0	0	0	6258	0	55760	0	1646	0	0	0	0	0	0	0	382	0	0	0	0	0	0	0	0	0	0	0	0	0	0	0	0	0	
236676	Temporal_Mid_R	278	1118	0	374	0	0	0	660	0	0	0	342	0	0	0	152	0	726	0	406	0	0	0	0	0	0	0	0	0	6332	0	0	0	78	0	0	0	572	0	124	0	138	0	4074	0	1362	0	348	0	1292	0	11242	0	9888	0	1976	278	232	0	0	0	2076	0	3496	0	8842	0	2180	0	226	0	0	0	644	0	0	0	0	0	1656	0	17638	0	6250	0	0	0	2132	0	31206	0	0	0	0	0	0	0	0	0	0	0	0	0	0	0	0	0	0	0	0	0	0	0	0	0	0	
47732	Temporal_Pole_Mid_L	0	0	0	0	0	0	0	0	0	0	0	0	0	0	0	0	0	0	0	0	0	0	0	0	0	0	0	0	0	0	0	0	0	0	0	0	300	0	2072	0	832	0	0	0	0	0	0	0	0	0	0	0	0	0	2540	0	0	0	0	0	0	0	0	0	0	0	0	0	0	0	0	0	0	0	0	0	0	0	0	0	78	0	6876	0	6258	0	0	0	4910	0	0	0	0	0	0	0	0	0	0	0	0	0	0	0	0	0	0	0	0	0	0	0	0	0	0	0	
40456	Temporal_Pole_Mid_R	0	0	0	0	0	0	0	0	0	0	0	0	0	0	0	0	0	0	0	0	0	0	0	0	0	0	0	0	0	0	0	0	0	0	0	0	0	340	0	2814	0	1174	0	0	0	0	0	0	0	0	0	0	0	0	0	2494	0	0	0	0	0	0	0	0	0	0	0	0	0	0	0	0	0	0	0	0	0	0	0	0	0	378	0	6930	0	2132	0	0	0	3966	0	0	0	0	0	0	0	0	0	0	0	0	0	0	0	0	0	0	0	0	0	0	0	0	0	0	
467516	Temporal_Inf_L	5358	0	2992	178	0	0	230	0	0	0	642	0	146	0	298	0	5590	0	306	184	0	0	0	0	0	0	0	0	13566	0	0	0	486	0	0	0	10512	0	1730	0	2610	0	0	0	0	0	684	0	0	0	4164	0	4374	0	34498	0	2106	0	732	0	1646	0	5708	0	1708	0	70	0	1410	0	350	0	2370	0	0	0	0	0	7834	0	24370	0	9104	0	55760	0	4910	0	0	0	13300	0	854	0	156	0	2500	0	9668	0	0	0	0	0	92	0	0	0	0	0	342	0	0	116	104	0	
273024	Temporal_Inf_R	1416	2822	0	1760	0	0	0	2126	0	0	0	1986	0	0	0	266	0	1280	0	1306	0	0	0	0	0	0	0	0	0	10002	0	76	0	152	0	228	0	8002	0	984	0	1536	0	2370	0	396	0	572	0	356	0	1978	0	17358	0	14046	1416	308	0	0	0	112	0	1464	0	318	0	2780	0	244	0	0	0	5628	0	90	0	0	0	1418	0	7446	0	6750	0	31206	0	3966	0	0	0	1276	0	0	0	0	0	90	0	774	0	0	0	0	0	0	0	208	0	0	0	0	0	0	0	0	
678328	Cerebelum_Crus1_L	246	94	716	108	0	0	0	0	0	0	0	0	0	0	0	0	312	0	148	0	0	0	0	0	0	0	0	0	1136	0	0	0	0	0	220	188	6354	174	5026	78	206	0	158	0	0	0	15666	5678	0	0	1126	0	1982	294	31984	4678	0	0	0	0	0	0	0	0	0	0	134	0	136	0	0	0	874	0	0	0	100	166	492	0	1652	0	96	0	1646	0	0	0	13300	0	0	3480	45238	1120	1236	142	24828	4426	68140	4270	10556	0	11078	1486	2538	1858	0	242	730	1652	14440	11822	11156	10122	6698	6738	
536232	Cerebelum_Crus1_R	0	364	0	586	0	0	0	176	0	0	0	106	0	0	0	0	0	0	0	0	0	0	0	0	0	0	0	0	0	128	0	0	0	0	608	636	566	3128	404	3130	0	0	1316	0	0	0	1974	10484	0	0	0	0	0	378	476	20300	0	0	0	0	0	0	0	0	0	0	204	132	0	0	0	0	0	742	0	70	0	708	0	0	0	0	0	0	0	0	0	0	0	1276	3480	0	2614	34396	0	2796	2436	21796	4340	57898	128	4892	0	20590	538	2886	0	11280	1026	2016	10782	11728	11786	6742	3630	2444	
437456	Cerebelum_Crus2_L	0	0	0	0	0	0	0	0	0	0	0	0	0	0	0	0	0	0	0	0	0	0	0	0	0	0	0	0	0	0	0	0	0	0	0	0	96	0	152	0	0	0	0	0	0	0	2268	3606	0	0	0	0	0	100	638	2886	0	0	0	0	0	0	0	0	0	0	0	0	0	0	0	0	0	0	0	0	0	0	0	0	0	0	0	0	0	0	0	0	854	0	45238	2614	0	2130	344	240	5908	3396	20888	2834	28024	198	26944	3586	7252	3022	2138	260	586	1050	8806	8310	11062	11270	6560	5468	
281928	Cerebelum_Crus2_R	0	0	0	0	0	0	0	0	0	0	0	0	0	0	0	0	0	0	0	0	0	0	0	0	0	0	0	0	0	0	0	0	0	0	0	0	0	0	0	0	0	0	0	0	0	0	122	1302	0	0	0	0	0	276	0	1364	0	0	0	0	0	0	0	0	0	0	0	0	0	0	0	0	0	0	0	0	0	0	0	0	0	0	0	0	0	0	0	0	0	0	1120	34396	2130	0	0	1556	456	2826	1002	5998	116	16564	0	29460	196	6448	0	2950	624	586	1432	5200	10596	7598	4272	2374	
46068	Cerebelum_3_L	0	0	0	0	0	0	0	0	0	0	0	0	0	0	0	0	0	0	0	0	0	0	0	0	0	0	0	0	0	0	0	0	0	0	0	0	162	0	442	124	0	0	0	0	0	0	1062	122	0	0	0	0	0	0	598	0	0	0	0	0	0	0	0	0	0	0	0	0	0	0	0	0	0	0	0	0	0	0	0	0	0	0	0	0	0	0	0	0	156	0	1236	0	344	0	0	0	6678	90	2930	0	240	0	298	0	2998	0	102	0	910	2004	410	180	422	478	534	514	
50212	Cerebelum_3_R	0	0	0	0	0	0	0	0	0	0	0	0	0	0	0	0	0	0	0	0	0	0	0	0	0	0	0	0	0	0	0	0	0	0	0	0	0	284	0	896	0	0	0	0	0	0	0	770	0	0	0	0	0	0	0	422	0	0	0	0	0	0	0	0	0	0	0	0	0	0	0	0	0	0	0	0	0	0	0	0	0	0	0	0	0	0	0	0	0	0	142	2796	240	1556	0	0	522	4166	148	2174	0	0	0	1934	356	1096	0	602	514	2004	872	236	1102	1240	932	102	
384744	Cerebelum_4_5_L	0	0	410	0	0	0	0	0	0	0	0	0	0	0	0	0	0	0	0	0	0	0	0	0	0	0	0	0	350	0	0	0	0	0	0	88	6856	162	10340	210	74	0	90	0	0	0	13570	1200	0	0	0	0	0	0	19928	776	0	0	0	0	0	0	0	0	0	0	0	86	0	0	0	0	654	0	0	0	0	78	0	0	0	0	0	0	0	0	0	0	2500	0	24828	2436	5908	456	6678	522	0	4138	42256	2874	1444	0	2164	454	8020	74	824	596	778	3212	16194	2588	2110	2140	2458	1848	
307680	Cerebelum_4_5_R	0	84	0	284	0	0	0	0	0	0	0	0	0	0	0	0	0	0	0	0	0	0	0	0	0	0	0	0	0	122	0	0	0	0	344	398	310	5312	184	8344	0	312	76	0	0	0	2314	11198	0	0	0	0	0	164	312	13484	0	0	0	0	0	0	0	0	0	0	320	774	0	0	0	0	0	712	0	604	0	1064	0	0	0	0	0	0	0	0	0	0	0	90	4426	21796	3396	2826	90	4166	4138	0	5326	25198	0	0	0	3070	736	1098	0	3602	580	2578	15128	3176	2022	2022	1352	308	
705236	Cerebelum_6_L	162	92	808	112	0	0	0	0	0	0	0	0	0	0	0	0	0	0	162	0	0	0	0	0	0	0	0	0	882	0	0	0	0	0	228	200	10710	184	11288	84	280	0	90	0	0	0	18204	7646	0	0	282	0	166	472	38896	6130	0	0	0	0	0	0	0	0	0	0	142	0	136	0	0	0	1230	0	0	0	100	178	0	0	772	0	0	0	382	0	0	0	9668	0	68140	4340	20888	1002	2930	148	42256	5326	0	5444	4764	0	6432	812	7070	810	396	392	906	2614	19798	13934	11282	8652	7400	7196	
417044	Cerebelum_6_R	0	360	0	576	0	0	0	146	0	0	0	84	0	0	0	0	0	0	0	0	0	0	0	0	0	0	0	0	0	112	0	0	0	0	604	620	564	3148	402	3224	0	0	1494	0	0	0	2532	12446	0	0	0	0	0	508	578	22146	0	0	0	0	0	0	0	0	0	0	192	98	0	0	0	0	0	692	0	76	0	714	0	0	0	0	0	0	0	0	0	0	0	774	4270	57898	2834	5998	0	2174	2874	25198	5444	0	0	0	0	1952	598	386	0	9162	752	2040	13074	12554	6660	994	668	902	
226360	Cerebelum_7b_L	0	0	0	0	0	0	0	0	0	0	0	0	0	0	0	0	0	0	0	0	0	0	0	0	0	0	0	0	0	0	0	0	0	0	0	0	90	0	254	0	0	0	0	0	0	0	0	0	0	0	0	0	0	0	390	0	0	0	0	0	0	0	0	0	0	0	0	0	0	0	0	0	0	0	0	0	0	0	0	0	0	0	0	0	0	0	0	0	0	0	10556	128	28024	116	240	0	1444	0	4764	0	0	0	32512	928	11074	1040	2758	0	0	124	344	820	3360	6038	5120	3056	
88988	Cerebelum_7b_R	0	0	0	0	0	0	0	0	0	0	0	0	0	0	0	0	0	0	0	0	0	0	0	0	0	0	0	0	0	0	0	0	0	0	0	0	0	0	0	0	0	0	0	0	0	0	0	0	0	0	0	0	0	0	0	0	0	0	0	0	0	0	0	0	0	0	0	0	0	0	0	0	0	0	0	0	0	0	0	0	0	0	0	0	0	0	0	0	0	0	0	4892	198	16564	0	0	0	0	0	0	0	0	0	15628	204	4138	0	106	0	0	0	0	1180	1334	250	0	
265156	Cerebelum_8_L	0	0	0	0	0	0	0	0	0	0	0	0	0	0	0	0	0	0	0	0	0	0	0	0	0	0	0	0	0	0	0	0	0	0	0	0	186	0	288	0	0	0	0	0	0	0	0	0	0	0	0	0	0	0	496	0	0	0	0	0	0	0	0	0	0	0	0	0	0	0	0	0	0	0	0	0	0	0	0	0	0	0	0	0	0	0	0	0	0	0	11078	0	26944	0	298	0	2164	0	6432	0	32512	0	0	618	19330	1136	4428	0	0	0	150	430	5094	8716	7672	4606	
273116	Cerebelum_8_R	0	0	0	0	0	0	0	0	0	0	0	0	0	0	0	0	0	0	0	0	0	0	0	0	0	0	0	0	0	0	0	0	0	0	0	0	0	0	0	76	0	0	0	0	0	0	0	212	0	0	0	0	0	0	0	376	0	0	0	0	0	0	0	0	0	0	0	0	0	0	0	0	0	0	0	0	0	0	0	0	0	0	0	0	0	0	0	0	0	0	1486	20590	3586	29460	0	1934	454	3070	812	1952	928	15628	618	0	1542	18170	0	4084	600	576	1224	1266	7392	10772	7452	2298	
196620	Cerebelum_9_L	0	0	0	0	0	0	0	0	0	0	0	0	0	0	0	0	0	0	0	0	0	0	0	0	0	0	0	0	0	0	0	0	0	0	0	0	1030	0	1652	200	0	0	0	0	0	0	194	0	0	0	0	0	0	0	2660	0	0	0	0	0	0	0	0	0	0	0	0	0	0	0	0	0	0	0	0	0	0	0	0	0	0	0	0	0	0	0	0	0	92	0	2538	538	7252	196	2998	356	8020	736	7070	598	11074	204	19330	1542	0	2094	4852	466	560	938	1398	322	1340	4242	8352	5466	
135972	Cerebelum_9_R	0	0	0	0	0	0	0	0	0	0	0	0	0	0	0	0	0	0	0	0	0	0	0	0	0	0	0	0	0	0	0	0	0	0	0	0	0	0	0	86	0	0	0	0	0	0	0	134	0	0	0	0	0	0	0	206	0	0	0	0	0	0	0	0	0	0	0	0	0	0	0	0	0	0	0	0	0	0	0	0	0	0	0	0	0	0	0	0	0	0	1858	2886	3022	6448	0	1096	74	1098	810	386	1040	4138	1136	18170	2094	0	0	2634	104	224	212	822	3490	6266	7498	2054	
33556	Cerebelum_10_L	0	0	0	0	0	0	0	0	0	0	0	0	0	0	0	0	0	0	0	0	0	0	0	0	0	0	0	0	0	0	0	0	0	0	0	0	180	0	332	0	0	0	0	0	0	0	0	0	0	0	0	0	0	0	424	0	0	0	0	0	0	0	0	0	0	0	0	0	0	0	0	0	0	0	0	0	0	0	0	0	0	0	0	0	0	0	0	0	0	0	0	0	2138	0	102	0	824	0	396	0	2758	0	4428	0	4852	0	0	0	0	0	0	0	0	0	200	144	
82676	Cerebelum_10_R	0	0	0	0	0	0	0	0	0	0	0	0	0	0	0	0	0	0	0	0	0	0	0	0	0	0	0	0	0	0	0	0	0	0	0	0	0	0	0	100	0	0	0	0	0	0	270	0	0	0	0	0	0	0	0	1026	0	0	0	0	0	0	0	0	0	0	0	0	0	0	0	0	0	0	0	0	0	0	0	0	0	0	0	0	0	0	0	0	0	208	242	11280	260	2950	0	602	596	3602	392	9162	0	106	0	4084	466	2634	0	0	102	520	1440	234	170	380	442	70	
