data	data	687544	428400	1.58848e+06	1.2355e+06	313428	188064	764460	369616	202920	75320	388532	234768	310732	227604	315192	182772	289436	187584	1.21396e+06	1.29926e+06	139036	127884	739676	790372	93224	107180	69024	81392	788100	371848	532244	777412	197792	1.02194e+06	87724	143732	257508	231772	86796	118372	29964	43052	93452	350680	93644	228980	206112	296524	132748	246148	397900	205776	98468	49800	282888	259428	269452	235052	130228	53428	200876	50516	140660	57484	206180	107812	280068	391024	393320	298224	419124	443724	471976	390932	50972	57672	237380	236584	98944	16956	180048	69484	137528	53512	314804	145504	25788	11948	203496	126756	492352	427912	271052	211860	32732	40484	342224	210516	445792	392432	231804	94688	244176	198388	82916	131520	14260	1908	41500	109524	263024	199300	209388	181576	151316	41284	
data	data	Precentral_L	Precentral_R	Frontal_Sup_L	Frontal_Sup_R	Frontal_Sup_Orb_L	Frontal_Sup_Orb_R	Frontal_Mid_L	Frontal_Mid_R	Frontal_Mid_Orb_L	Frontal_Mid_Orb_R	Frontal_Inf_Oper_L	Frontal_Inf_Oper_R	Frontal_Inf_Tri_L	Frontal_Inf_Tri_R	Frontal_Inf_Orb_L	Frontal_Inf_Orb_R	Rolandic_Oper_L	Rolandic_Oper_R	Supp_Motor_Area_L	Supp_Motor_Area_R	Olfactory_L	Olfactory_R	Frontal_Sup_Medial_L	Frontal_Sup_Medial_R	Frontal_Med_Orb_L	Frontal_Med_Orb_R	Rectus_L	Rectus_R	Insula_L	Insula_R	Cingulum_Ant_L	Cingulum_Ant_R	Cingulum_Mid_L	Cingulum_Mid_R	Cingulum_Post_L	Cingulum_Post_R	Hippocampus_L	Hippocampus_R	ParaHippocampal_L	ParaHippocampal_R	Amygdala_L	Amygdala_R	Calcarine_L	Calcarine_R	Cuneus_L	Cuneus_R	Lingual_L	Lingual_R	Occipital_Sup_L	Occipital_Sup_R	Occipital_Mid_L	Occipital_Mid_R	Occipital_Inf_L	Occipital_Inf_R	Fusiform_L	Fusiform_R	Postcentral_L	Postcentral_R	Parietal_Sup_L	Parietal_Sup_R	Parietal_Inf_L	Parietal_Inf_R	SupraMarginal_L	SupraMarginal_R	Angular_L	Angular_R	Precuneus_L	Precuneus_R	Paracentral_Lobule_L	Paracentral_Lobule_R	Caudate_L	Caudate_R	Putamen_L	Putamen_R	Pallidum_L	Pallidum_R	Thalamus_L	Thalamus_R	Heschl_L	Heschl_R	Temporal_Sup_L	Temporal_Sup_R	Temporal_Pole_Sup_L	Temporal_Pole_Sup_R	Temporal_Mid_L	Temporal_Mid_R	Temporal_Pole_Mid_L	Temporal_Pole_Mid_R	Temporal_Inf_L	Temporal_Inf_R	Cerebelum_Crus1_L	Cerebelum_Crus1_R	Cerebelum_Crus2_L	Cerebelum_Crus2_R	Cerebelum_3_L	Cerebelum_3_R	Cerebelum_4_5_L	Cerebelum_4_5_R	Cerebelum_6_L	Cerebelum_6_R	Cerebelum_7b_L	Cerebelum_7b_R	Cerebelum_8_L	Cerebelum_8_R	Cerebelum_9_L	Cerebelum_9_R	Cerebelum_10_L	Cerebelum_10_R	Vermis_1_2	Vermis_3	Vermis_4_5	Vermis_6	Vermis_7	Vermis_8	Vermis_9	Vermis_10	
687544	Precentral_L	0	2468	48630	3668	188	0	31902	212	0	0	18396	1032	2586	0	146	0	11732	1022	30406	12352	0	0	360	174	0	0	0	0	13840	1066	552	416	212	4040	0	118	8176	148	1358	0	0	0	0	0	0	0	0	0	0	0	3782	0	698	0	2422	0	33446	0	610	0	3676	0	4286	0	4954	0	740	0	40066	2466	5576	194	5512	0	360	0	24648	668	5088	0	3994	0	176	0	3462	0	0	0	1748	0	0	0	0	0	0	0	0	0	0	0	0	0	0	0	0	0	0	0	0	0	0	0	0	0	0	0	
428400	Precentral_R	2468	0	950	33120	0	122	0	10140	0	0	0	4436	0	708	0	562	0	3878	3788	11658	0	0	208	220	0	0	0	0	142	2170	0	288	646	2764	0	1446	0	8288	0	1582	0	0	0	4164	0	2104	0	2432	0	1026	0	598	0	0	0	2134	0	21046	0	412	0	328	0	748	0	544	224	6090	3614	22756	498	17156	152	1138	312	266	936	31194	0	158	0	554	0	0	0	674	0	0	0	3358	0	0	0	0	0	0	0	0	0	0	0	0	0	0	0	0	0	0	0	0	0	0	0	0	0	0	
1.58848e+06	Frontal_Sup_L	48630	950	0	20042	13410	140	105250	2756	3512	0	26296	3666	24060	2352	7520	600	17290	3422	117356	40670	0	0	68316	24726	3282	124	0	0	47340	3676	36780	19518	8578	24880	0	122	9816	166	968	0	0	0	0	0	0	0	0	0	0	0	1432	0	0	0	250	0	10432	0	374	0	1518	0	2420	0	2424	0	374	0	19600	592	11140	304	23096	236	2420	162	19904	270	2898	0	2602	0	4052	284	666	0	0	0	576	0	0	0	0	0	0	0	0	0	0	0	0	0	0	0	0	0	0	0	0	0	0	0	0	0	0	0	
1.2355e+06	Frontal_Sup_R	3668	33120	20042	0	1630	10208	8132	48568	752	568	1794	8318	516	10686	862	5886	1242	7990	21078	82214	0	0	30528	63786	572	1590	0	0	4042	14084	6944	51368	3318	53712	256	520	176	5474	0	1584	0	0	0	198	0	224	0	0	0	178	0	0	0	0	0	430	162	718	0	0	166	0	0	0	156	0	340	712	2460	3082	8900	36026	1676	21460	314	4922	1450	27840	0	212	0	420	178	300	0	0	0	0	0	0	0	0	0	0	0	0	0	0	0	0	0	0	0	0	0	0	0	0	0	0	0	0	0	0	0	0	
313428	Frontal_Sup_Orb_L	188	0	13410	1630	0	250	1144	318	21438	0	1460	0	2016	0	18454	0	820	0	4782	2892	4270	1310	2676	672	9498	1088	9558	498	16372	174	11806	1172	0	2090	0	0	332	0	0	0	436	0	0	0	0	0	0	0	0	0	0	0	0	0	0	0	0	0	0	0	0	0	0	0	0	0	0	0	140	0	7572	544	15858	150	0	0	0	0	0	0	148	0	1548	0	0	0	0	0	0	0	0	0	0	0	0	0	0	0	0	0	0	0	0	0	0	0	0	0	0	0	0	0	0	0	0	0	
188064	Frontal_Sup_Orb_R	0	122	140	10208	250	0	0	1418	0	10524	0	142	0	1088	274	7616	0	0	300	3330	1180	4608	230	6648	0	7956	142	9928	0	2980	242	4016	0	466	0	0	0	248	0	0	0	918	0	0	0	0	0	0	0	0	0	0	0	0	0	0	0	0	0	0	0	0	0	0	0	0	0	0	0	0	1164	6080	930	10466	0	124	0	294	0	0	0	0	0	0	0	0	0	0	0	0	0	0	0	0	0	0	0	0	0	0	0	0	0	0	0	0	0	0	0	0	0	0	0	0	0	0	
764460	Frontal_Mid_L	31902	0	105250	8132	1144	0	0	1822	1898	0	17242	1330	41586	2020	8420	460	4398	1170	27066	11390	0	0	26644	10680	0	0	0	0	19230	1286	7766	6794	1862	12496	0	0	3688	0	294	0	0	0	0	0	0	0	0	0	0	0	1256	0	256	0	406	0	4946	0	364	0	1824	0	766	0	2134	0	356	0	248	0	2404	0	3212	0	154	0	1876	0	3180	0	686	0	452	0	890	0	0	0	850	0	0	0	0	0	0	0	0	0	0	0	0	0	0	0	0	0	0	0	0	0	0	0	0	0	0	0	
369616	Frontal_Mid_R	212	10140	2756	48568	318	1418	1822	0	166	1854	216	9532	0	19118	138	3562	118	2524	3582	16046	0	0	5942	10972	120	0	0	0	524	4044	484	6370	210	10832	0	0	0	1526	0	642	0	0	0	0	0	0	0	0	0	0	0	0	0	0	0	0	0	1316	0	0	0	0	0	0	0	166	0	166	0	364	5392	2464	556	6160	120	1474	1040	1834	0	0	0	0	0	0	0	0	0	0	0	0	0	0	0	0	0	0	0	0	0	0	0	0	0	0	0	0	0	0	0	0	0	0	0	0	0	0	
202920	Frontal_Mid_Orb_L	0	0	3512	752	21438	0	1898	166	0	0	612	0	2878	0	29034	0	288	0	1752	1018	2070	142	0	0	936	0	4744	0	14048	0	1882	0	0	312	0	0	326	0	0	0	0	0	0	0	0	0	0	0	0	0	0	0	0	0	0	0	0	0	0	0	0	0	0	0	0	0	0	0	0	0	3016	0	8638	0	0	0	0	0	0	0	146	0	1852	0	0	0	0	0	0	0	0	0	0	0	0	0	0	0	0	0	0	0	0	0	0	0	0	0	0	0	0	0	0	0	0	0	
75320	Frontal_Mid_Orb_R	0	0	0	568	0	10524	0	1854	0	0	0	0	0	1410	0	12052	0	0	0	0	0	604	0	0	0	1374	0	1998	0	2740	0	0	0	0	0	0	0	476	0	0	0	742	0	0	0	0	0	0	0	0	0	0	0	0	0	0	0	0	0	0	0	0	0	0	0	0	0	0	0	0	0	268	0	2702	0	0	0	0	0	0	0	0	0	348	0	0	0	0	0	0	0	0	0	0	0	0	0	0	0	0	0	0	0	0	0	0	0	0	0	0	0	0	0	0	0	0	
388532	Frontal_Inf_Oper_L	18396	0	26296	1794	1460	0	17242	216	612	0	0	1430	18980	186	2420	0	15040	1376	19384	6478	0	0	2366	778	810	0	0	0	25174	1472	5166	1460	164	2504	0	0	438	0	0	0	0	0	0	0	0	0	0	0	0	0	0	0	0	0	0	0	6482	0	0	0	488	0	598	0	238	0	0	0	188	0	2602	0	3004	0	0	0	328	0	734	0	1190	0	6620	0	152	0	0	0	0	0	0	0	0	0	0	0	0	0	0	0	0	0	0	0	0	0	0	0	0	0	0	0	0	0	0	0	
234768	Frontal_Inf_Oper_R	1032	4436	3666	8318	0	142	1330	9532	0	0	1430	0	496	7206	0	220	348	14450	5338	13230	0	0	544	1836	0	0	0	0	708	20216	324	1250	0	9778	0	0	166	1274	0	458	0	0	0	0	0	0	0	0	0	0	0	0	0	0	0	0	0	1346	0	0	0	0	0	0	0	0	0	0	0	238	754	902	0	3756	0	452	0	1240	0	206	0	0	0	762	0	0	0	0	0	0	0	0	0	0	0	0	0	0	0	0	0	0	0	0	0	0	0	0	0	0	0	0	0	0	0	0	
310732	Frontal_Inf_Tri_L	2586	0	24060	516	2016	0	41586	0	2878	0	18980	496	0	0	16346	0	1390	486	5968	1996	0	0	2206	806	222	0	0	0	24488	494	3338	1046	0	1106	0	0	0	0	0	0	0	0	0	0	0	0	0	0	0	0	0	0	0	0	0	0	262	0	0	0	0	0	0	0	0	0	0	0	0	0	662	0	428	0	0	0	0	0	0	0	218	0	786	0	0	0	0	0	0	0	0	0	0	0	0	0	0	0	0	0	0	0	0	0	0	0	0	0	0	0	0	0	0	0	0	0	
227604	Frontal_Inf_Tri_R	0	708	2352	10686	0	1088	2020	19118	0	1410	186	7206	0	0	0	13906	0	342	3056	10516	0	0	1958	7456	0	0	0	0	0	8582	240	2928	0	7528	0	0	0	422	0	192	0	0	0	0	0	0	0	0	0	0	0	0	0	0	0	0	0	0	0	0	0	0	0	0	0	0	0	0	0	0	1374	5710	150	3334	0	302	0	1032	0	0	0	0	0	0	0	0	0	0	0	0	0	0	0	0	0	0	0	0	0	0	0	0	0	0	0	0	0	0	0	0	0	0	0	0	0	0	
315192	Frontal_Inf_Orb_L	146	0	7520	862	18454	274	8420	138	29034	0	2420	0	16346	0	0	0	540	0	2452	1026	6306	1410	984	372	1382	182	3894	496	27900	0	3164	812	0	386	0	0	1380	0	494	0	846	0	0	0	0	0	0	0	0	0	0	0	0	0	144	0	0	0	0	0	0	0	0	0	0	0	0	0	0	0	5884	594	8426	0	0	0	0	0	0	0	284	0	4450	0	0	0	0	0	174	0	0	0	0	0	0	0	0	0	0	0	0	0	0	0	0	0	0	0	0	0	0	0	0	0	0	0	
182772	Frontal_Inf_Orb_R	0	562	600	5886	0	7616	460	3562	0	12052	0	220	0	13906	0	0	0	0	1024	5536	210	882	612	1486	0	0	0	1276	0	10476	0	614	0	2172	0	0	0	1010	0	440	0	0	0	0	0	0	0	0	0	0	0	0	0	0	0	158	0	0	0	0	0	0	0	0	0	0	0	0	0	0	644	9224	206	5766	0	300	0	1142	0	0	0	378	0	2464	0	502	0	0	0	0	0	0	0	0	0	0	0	0	0	0	0	0	0	0	0	0	0	0	0	0	0	0	0	0	0	0	
289436	Rolandic_Oper_L	11732	0	17290	1242	820	0	4398	118	288	0	15040	348	1390	0	540	0	0	344	15060	4890	0	0	994	338	534	0	0	0	23304	380	2282	800	0	1182	0	0	516	0	0	0	0	0	0	0	0	0	0	0	0	0	1334	0	1154	0	666	0	7032	0	0	0	452	0	4048	0	1232	0	0	0	1008	0	1628	0	1326	0	0	0	210	0	5042	0	6966	0	3836	0	3096	0	0	0	1858	0	0	0	0	0	0	0	0	0	0	0	0	0	0	0	0	0	0	0	0	0	0	0	0	0	0	0	
187584	Rolandic_Oper_R	1022	3878	3422	7990	0	0	1170	2524	0	0	1376	14450	486	342	0	0	344	0	4434	12326	0	0	692	922	0	0	0	0	700	16362	214	642	0	7258	0	0	160	522	0	158	0	0	0	0	0	0	0	0	0	0	0	0	0	0	0	142	0	5446	0	0	0	0	0	1474	0	0	0	0	0	0	200	256	0	1404	0	0	0	286	0	1418	0	960	0	812	0	0	0	0	0	0	0	0	0	0	0	0	0	0	0	0	0	0	0	0	0	0	0	0	0	0	0	0	0	0	0	0	
1.21396e+06	Supp_Motor_Area_L	30406	3788	117356	21078	4782	300	27066	3582	1752	0	19384	5338	5968	3056	2452	1024	15060	4434	0	75960	0	0	19932	11984	1394	0	0	0	31836	5334	16820	12964	14296	33712	652	346	6772	384	616	192	0	0	0	0	0	0	0	0	0	0	0	0	0	0	0	0	8050	0	0	0	284	0	1764	0	202	0	238	0	18406	2752	18132	1656	27544	656	6268	204	12130	1044	1378	0	2484	0	2986	392	0	0	0	0	392	0	0	0	0	0	0	0	0	0	0	0	0	0	0	0	0	0	0	0	0	0	0	0	0	0	0	0	
1.29926e+06	Supp_Motor_Area_R	12352	11658	40670	82214	2892	3330	11390	16046	1018	0	6478	13230	1996	10516	1026	5536	4890	12326	75960	0	0	0	16824	33264	796	0	0	0	9584	16066	7334	31862	6792	83506	1138	3426	2034	2200	160	1280	0	0	0	566	0	0	0	518	0	0	160	0	0	0	0	668	3198	3136	0	0	336	0	876	0	194	0	578	1350	14482	24106	11958	19948	6020	14794	2818	4130	1798	4824	430	176	726	240	736	612	118	0	0	0	142	198	0	0	0	0	0	0	0	0	0	0	0	0	0	0	0	0	0	0	0	0	0	0	0	0	0	0	
139036	Olfactory_L	0	0	0	0	4270	1180	0	0	2070	0	0	0	0	0	6306	210	0	0	0	0	0	6866	0	146	622	458	2982	1778	5400	0	4586	2214	0	0	0	0	1552	0	874	0	1220	0	0	0	0	0	0	0	0	0	0	0	0	0	0	0	0	0	0	0	0	0	0	0	0	0	0	0	0	0	11720	4982	7346	1798	0	0	0	0	0	0	0	0	812	0	0	0	0	0	126	0	0	0	0	0	0	0	0	0	0	0	0	0	0	0	0	0	0	0	0	0	0	0	0	0	0	0	
127884	Olfactory_R	0	0	0	0	1310	4608	0	0	142	604	0	0	0	0	1410	882	0	0	0	0	6866	0	0	284	0	3318	744	6436	336	1806	2518	3624	0	0	0	0	0	210	0	0	0	1046	0	0	0	0	0	0	0	0	0	0	0	0	0	0	0	0	0	0	0	0	0	0	0	0	0	0	0	0	8878	8202	7314	3174	0	230	0	0	0	0	0	0	0	0	0	0	0	0	0	0	0	0	0	0	0	0	0	0	0	0	0	0	0	0	0	0	0	0	0	0	0	0	0	0	0	0	
739676	Frontal_Sup_Medial_L	360	208	68316	30528	2676	230	26644	5942	0	0	2366	544	2206	1958	984	612	994	692	19932	16824	0	0	0	53790	2680	1116	0	0	4928	690	32258	38984	9404	37694	136	132	132	226	0	0	0	0	0	0	0	0	0	0	0	0	0	0	0	0	0	0	0	0	0	0	0	0	0	0	0	0	0	0	0	0	1350	894	830	1754	0	550	0	0	0	0	0	0	274	0	0	0	0	0	0	0	0	0	0	0	0	0	0	0	0	0	0	0	0	0	0	0	0	0	0	0	0	0	0	0	0	0	
790372	Frontal_Sup_Medial_R	174	220	24726	63786	672	6648	10680	10972	0	0	778	1836	806	7456	372	1486	338	922	11984	33264	146	284	53790	0	978	6526	0	500	1432	4842	12756	60680	3152	50336	288	342	0	320	0	158	0	0	0	0	0	0	0	0	0	0	0	0	0	0	0	0	0	0	0	0	0	0	0	0	0	0	274	0	0	0	1222	8542	270	10398	0	830	0	0	0	0	0	0	0	0	0	0	0	0	0	0	0	0	0	0	0	0	0	0	0	0	0	0	0	0	0	0	0	0	0	0	0	0	0	0	0	0	
93224	Frontal_Med_Orb_L	0	0	3282	572	9498	0	0	120	936	0	810	0	222	0	1382	0	534	0	1394	796	622	0	2680	978	0	1720	2800	0	2616	0	8566	404	0	520	0	0	0	0	0	0	0	0	0	0	0	0	0	0	0	0	0	0	0	0	0	0	0	0	0	0	0	0	0	0	0	0	0	0	0	0	2896	0	3100	0	0	0	0	0	0	0	0	0	164	0	0	0	0	0	0	0	0	0	0	0	0	0	0	0	0	0	0	0	0	0	0	0	0	0	0	0	0	0	0	0	0	0	
107180	Frontal_Med_Orb_R	0	0	124	1590	1088	7956	0	0	0	1374	0	0	0	0	182	0	0	0	0	0	458	3318	1116	6526	1720	0	192	6274	0	0	1890	6684	0	0	0	0	0	0	0	0	0	0	0	0	0	0	0	0	0	0	0	0	0	0	0	0	0	0	0	0	0	0	0	0	0	0	0	0	0	0	514	4748	156	7680	0	0	0	0	0	0	0	0	0	0	0	0	0	0	0	0	0	0	0	0	0	0	0	0	0	0	0	0	0	0	0	0	0	0	0	0	0	0	0	0	0	0	
69024	Rectus_L	0	0	0	0	9558	142	0	0	4744	0	0	0	0	0	3894	0	0	0	0	0	2982	744	0	0	2800	192	0	284	804	0	2716	298	0	0	0	0	0	0	0	0	258	0	0	0	0	0	0	0	0	0	0	0	0	0	0	0	0	0	0	0	0	0	0	0	0	0	0	0	0	0	3490	280	1094	0	0	0	0	0	0	0	0	0	232	0	0	0	0	0	0	0	0	0	0	0	0	0	0	0	0	0	0	0	0	0	0	0	0	0	0	0	0	0	0	0	0	0	
81392	Rectus_R	0	0	0	0	498	9928	0	0	0	1998	0	0	0	0	496	1276	0	0	0	0	1778	6436	0	500	0	6274	284	0	0	458	478	2252	0	0	0	0	0	0	0	0	0	172	0	0	0	0	0	0	0	0	0	0	0	0	0	0	0	0	0	0	0	0	0	0	0	0	0	0	0	0	1732	3152	1338	1646	0	0	0	0	0	0	0	0	0	0	0	0	0	0	0	0	0	0	0	0	0	0	0	0	0	0	0	0	0	0	0	0	0	0	0	0	0	0	0	0	0	0	
788100	Insula_L	13840	142	47340	4042	16372	0	19230	524	14048	0	25174	708	24488	0	27900	0	23304	700	31836	9584	5400	336	4928	1432	2616	0	804	0	0	854	10478	2336	368	2974	0	150	18124	148	1144	0	1672	0	0	0	0	0	0	0	0	0	374	0	462	0	3656	0	2448	0	0	0	440	0	1902	0	1084	0	0	0	626	0	8694	268	22304	224	0	0	5376	0	9524	0	6638	0	11054	0	1874	0	0	0	4106	0	0	0	0	0	0	0	0	0	0	0	0	0	0	0	0	0	0	0	0	0	0	0	0	0	0	0	
371848	Insula_R	1066	2170	3676	14084	174	2980	1286	4044	0	2740	1472	20216	494	8582	0	10476	380	16362	5334	16066	0	1806	690	4842	0	0	0	458	854	0	470	3260	0	9490	0	0	162	7740	0	2774	0	2136	0	564	0	352	0	0	0	0	0	0	0	0	0	1836	0	504	0	0	0	0	0	0	0	0	0	464	0	0	1112	1690	340	19944	0	424	176	732	0	1860	0	3364	0	4334	0	1436	0	0	0	508	0	0	0	0	0	0	0	0	0	0	0	0	0	0	0	0	0	0	0	0	0	0	0	0	0	0	
532244	Cingulum_Ant_L	552	0	36780	6944	11806	242	7766	484	1882	0	5166	324	3338	240	3164	0	2282	214	16820	7334	4586	2518	32258	12756	8566	1890	2716	478	10478	470	0	26820	9508	10726	922	0	142	0	0	0	0	0	0	0	0	0	0	0	0	0	0	0	0	0	0	0	0	0	0	0	0	0	0	0	0	0	0	0	166	0	14494	2834	15468	2188	0	136	0	0	0	0	0	0	664	0	0	0	0	0	0	0	0	0	0	0	0	0	0	0	0	0	0	0	0	0	0	0	0	0	0	0	0	0	0	0	0	0	
777412	Cingulum_Ant_R	416	288	19518	51368	1172	4016	6794	6370	0	0	1460	1250	1046	2928	812	614	800	642	12964	31862	2214	3624	38984	60680	404	6684	298	2252	2336	3260	26820	0	6966	52636	480	518	0	370	0	210	0	0	0	0	0	0	0	0	0	0	0	0	0	0	0	0	0	0	0	0	0	0	0	0	0	0	436	0	0	0	4334	15436	1826	12340	0	872	0	220	0	0	0	0	186	0	0	0	0	0	0	0	0	0	0	0	0	0	0	0	0	0	0	0	0	0	0	0	0	0	0	0	0	0	0	0	0	0	
197792	Cingulum_Mid_L	212	646	8578	3318	0	0	1862	210	0	0	164	0	0	0	0	0	0	0	14296	6792	0	0	9404	3152	0	0	0	0	368	0	9508	6966	0	14262	3418	534	228	0	0	0	0	0	528	130	536	0	0	0	690	0	2504	0	0	0	0	0	0	238	498	0	236	0	0	0	338	0	3582	646	2858	1050	192	0	298	0	230	0	0	0	0	0	0	0	0	0	424	0	0	0	0	0	0	0	0	0	0	0	0	0	0	0	0	0	0	0	0	0	0	0	0	0	0	0	0	0	0	0	
1.02194e+06	Cingulum_Mid_R	4040	2764	24880	53712	2090	466	12496	10832	312	0	2504	9778	1106	7528	386	2172	1182	7258	33712	83506	0	0	37694	50336	520	0	0	0	2974	9490	10726	52636	14262	0	1968	7536	406	1164	0	880	0	0	0	2906	0	386	0	2670	0	486	308	150	0	0	0	400	284	5812	0	0	238	0	0	0	0	0	2286	6368	8282	14946	5116	1884	1234	3178	0	928	210	238	0	0	0	0	124	568	120	344	0	0	0	186	0	0	0	0	0	0	0	0	0	0	0	0	0	0	0	0	0	0	0	0	0	0	0	0	0	0	
87724	Cingulum_Post_L	0	0	0	256	0	0	0	0	0	0	0	0	0	0	0	0	0	0	652	1138	0	0	136	288	0	0	0	0	0	0	922	480	3418	1968	0	8444	3854	3438	1840	0	0	0	732	0	182	0	524	158	220	0	446	0	0	0	1074	0	0	442	0	0	0	0	0	0	0	0	5952	1130	4058	1044	0	0	0	0	0	0	366	566	0	0	0	0	0	0	134	0	0	0	0	0	0	0	0	0	0	0	0	0	0	0	0	0	0	0	0	0	0	0	0	0	0	0	0	0	0	0	
143732	Cingulum_Post_R	118	1446	122	520	0	0	0	0	0	0	0	0	0	0	0	0	0	0	346	3426	0	0	132	342	0	0	0	0	150	0	0	518	534	7536	8444	0	3994	4204	1390	268	0	0	0	2338	0	848	0	3058	0	1654	0	458	0	0	0	1772	0	4460	0	0	0	142	0	0	0	312	2272	11290	206	5828	0	0	0	0	0	0	792	682	0	0	0	0	0	0	0	1256	0	0	0	1008	0	0	0	0	0	0	0	0	0	0	0	0	0	0	0	0	0	0	0	0	0	0	0	0	0	0	
257508	Hippocampus_L	8176	0	9816	176	332	0	3688	0	326	0	438	166	0	0	1380	0	516	160	6772	2034	1552	0	132	0	0	0	0	0	18124	162	142	0	228	406	3854	3994	0	2972	10592	0	5472	0	176	0	0	0	280	152	0	0	546	0	144	0	5572	0	346	0	0	0	0	0	0	0	0	0	1466	1166	1730	0	386	0	10604	0	1102	0	9310	990	2588	0	2022	0	1802	0	700	0	206	0	5856	0	0	0	0	0	0	0	0	0	0	0	0	0	0	0	0	0	0	0	0	0	0	0	0	0	0	0	
231772	Hippocampus_R	148	8288	166	5474	0	248	0	1526	0	476	0	1274	0	422	0	1010	0	522	384	2200	0	210	226	320	0	0	0	0	148	7740	0	370	0	1164	3438	4204	2972	0	1326	19110	0	6818	0	0	0	0	0	658	0	0	0	0	0	0	0	13640	0	380	0	0	0	0	0	0	0	0	586	1196	0	1152	428	1172	130	13838	0	1044	978	4682	0	390	0	768	0	632	0	300	0	0	0	2758	0	0	0	0	0	126	0	844	0	0	0	0	0	0	0	0	0	0	0	0	0	0	0	0	0	0	
86796	ParaHippocampal_L	1358	0	968	0	0	0	294	0	0	0	0	0	0	0	494	0	0	0	616	160	874	0	0	0	0	0	0	0	1144	0	0	0	0	0	1840	1390	10592	1326	0	0	1762	0	172	0	0	0	1946	132	0	0	0	0	0	0	6170	0	170	0	0	0	0	0	0	0	0	0	1368	730	1116	0	0	0	2260	0	150	0	1674	754	0	0	0	0	322	0	0	0	0	0	768	0	816	0	0	0	0	0	1028	0	1004	0	0	0	0	0	0	0	0	0	0	0	0	0	0	0	0	0	
118372	ParaHippocampal_R	0	1582	0	1584	0	0	0	642	0	0	0	458	0	192	0	440	0	158	192	1280	0	0	0	158	0	0	0	0	0	2774	0	210	0	880	0	268	0	19110	0	0	0	4174	0	0	0	0	0	1244	0	0	0	0	0	0	0	10068	0	0	0	0	0	0	0	0	0	0	0	638	0	298	188	0	0	7438	0	786	164	720	0	0	0	0	0	882	0	0	0	336	0	354	0	186	0	0	0	216	0	1184	0	256	0	0	0	0	0	126	0	0	0	0	0	0	0	0	0	0	
29964	Amygdala_L	0	0	0	0	436	0	0	0	0	0	0	0	0	0	846	0	0	0	0	0	1220	0	0	0	0	0	258	0	1672	0	0	0	0	0	0	0	5472	0	1762	0	0	0	0	0	0	0	0	0	0	0	0	0	0	0	1628	0	0	0	0	0	0	0	0	0	0	0	0	0	0	0	0	0	622	0	0	0	0	0	0	0	0	0	712	0	0	0	0	0	354	0	0	0	0	0	0	0	0	0	0	0	0	0	0	0	0	0	0	0	0	0	0	0	0	0	0	0	
43052	Amygdala_R	0	0	0	0	0	918	0	0	0	742	0	0	0	0	0	0	0	0	0	0	0	1046	0	0	0	0	0	172	0	2136	0	0	0	0	0	0	0	6818	0	4174	0	0	0	0	0	0	0	0	0	0	0	0	0	0	0	2712	0	0	0	0	0	0	0	0	0	0	0	0	0	0	124	244	134	1416	0	0	0	0	0	0	0	0	0	648	0	0	0	0	0	0	0	0	0	0	0	0	0	242	0	0	0	0	0	0	0	0	0	0	0	0	0	0	0	0	0	0	
93452	Calcarine_L	0	0	0	0	0	0	0	0	0	0	0	0	0	0	0	0	0	0	0	0	0	0	0	0	0	0	0	0	0	0	0	0	528	0	732	0	176	0	172	0	0	0	0	2914	5834	2216	4808	810	3032	198	12862	0	4518	0	668	0	0	0	0	0	0	0	0	0	0	0	5442	0	970	0	0	0	0	0	0	0	0	0	0	0	0	0	0	0	260	0	0	0	586	0	0	0	0	0	0	0	0	0	0	0	0	0	0	0	0	0	0	0	0	0	0	0	0	0	0	0	
350680	Calcarine_R	0	4164	0	198	0	0	0	0	0	0	0	0	0	0	0	0	0	0	0	566	0	0	0	0	0	0	0	0	0	564	0	0	130	2906	0	2338	0	0	0	0	0	0	2914	0	2468	27568	218	23382	0	17004	0	16794	0	5610	0	6868	0	8724	0	2156	0	230	0	0	0	886	1076	31194	0	6862	0	0	0	0	0	0	0	0	0	296	0	562	0	0	0	5976	0	0	0	3434	0	0	0	0	0	0	0	0	0	0	0	0	0	0	0	0	0	0	0	0	252	0	0	0	0	0	
93644	Cuneus_L	0	0	0	0	0	0	0	0	0	0	0	0	0	0	0	0	0	0	0	0	0	0	0	0	0	0	0	0	0	0	0	0	536	0	182	0	0	0	0	0	0	0	5834	2468	0	3534	764	290	11342	694	10602	0	1016	0	0	0	0	0	1034	0	0	0	0	0	162	0	6288	260	1342	0	0	0	0	0	0	0	0	0	0	0	0	0	0	0	308	0	0	0	166	0	0	0	0	0	0	0	0	0	0	0	0	0	0	0	0	0	0	0	0	0	0	0	0	0	0	0	
228980	Cuneus_R	0	2104	0	224	0	0	0	0	0	0	0	0	0	0	0	0	0	0	0	0	0	0	0	0	0	0	0	0	0	352	0	0	0	386	0	848	0	0	0	0	0	0	2216	27568	3534	0	194	4712	0	24646	0	10556	0	612	0	1132	0	2410	0	1838	0	200	0	0	0	982	2298	21530	0	792	0	0	0	0	0	0	0	0	0	182	0	450	0	0	0	2992	0	0	0	1732	0	0	0	0	0	0	0	0	0	0	0	0	0	0	0	0	0	0	0	0	0	0	0	0	0	0	
206112	Lingual_L	0	0	0	0	0	0	0	0	0	0	0	0	0	0	0	0	0	0	0	0	0	0	0	0	0	0	0	0	0	0	0	0	0	0	524	0	280	0	1946	0	0	0	4808	218	764	194	0	1062	990	0	8378	0	4736	0	16542	562	0	0	0	0	0	0	0	0	0	0	2002	0	0	0	0	0	0	0	0	0	0	0	0	0	0	0	0	0	0	0	0	0	362	0	14294	586	566	0	212	0	16534	790	19636	862	0	0	0	0	0	0	0	0	0	118	4396	1244	0	0	128	322	
296524	Lingual_R	0	2432	0	0	0	0	0	0	0	0	0	0	0	0	0	0	0	0	0	518	0	0	0	0	0	0	0	0	0	0	0	0	0	2670	158	3058	152	658	132	1244	0	0	810	23382	290	4712	1062	0	0	5766	0	5758	0	3472	0	15192	0	5530	0	0	0	164	0	0	0	624	462	16266	0	5322	0	0	0	0	0	0	0	120	0	0	0	0	0	0	0	1320	0	0	0	738	1106	8702	560	0	0	0	1350	5986	1686	11352	0	0	0	0	0	0	0	0	0	0	6408	8276	824	0	0	0	
132748	Occipital_Sup_L	0	0	0	0	0	0	0	0	0	0	0	0	0	0	0	0	0	0	0	0	0	0	0	0	0	0	0	0	0	0	0	0	690	0	220	0	0	0	0	0	0	0	3032	0	11342	0	990	0	0	0	22796	0	198	0	0	0	0	0	6540	0	1444	0	0	0	3518	0	13502	0	342	0	0	0	0	0	0	0	0	0	0	0	0	0	0	0	1760	0	0	0	0	0	0	0	0	0	0	0	0	0	0	0	0	0	0	0	0	0	0	0	0	0	0	0	0	0	0	0	
246148	Occipital_Sup_R	0	1026	0	178	0	0	0	0	0	0	0	0	0	0	0	0	0	0	0	0	0	0	0	0	0	0	0	0	0	0	0	0	0	486	0	1654	0	0	0	0	0	0	198	17004	694	24646	0	5766	0	0	0	21846	0	1294	0	1332	0	1436	0	2236	0	2104	0	0	0	8438	3902	19072	0	872	0	130	0	0	0	0	0	150	0	0	0	198	0	0	0	6402	0	0	0	2010	0	0	0	0	0	0	0	0	0	0	0	0	0	0	0	0	0	0	0	0	0	0	0	0	0	0	
397900	Occipital_Mid_L	3782	0	1432	0	0	0	1256	0	0	0	0	0	0	0	0	0	1334	0	0	160	0	0	0	0	0	0	0	0	374	0	0	0	2504	308	446	0	546	0	0	0	0	0	12862	0	10602	0	8378	0	22796	0	0	0	16936	0	3874	0	2904	0	14184	0	12916	0	500	0	24026	0	24492	134	6034	0	0	0	0	0	0	0	0	0	212	0	388	0	0	0	23478	0	0	0	2092	0	0	0	0	0	0	0	0	0	0	0	0	0	0	0	0	0	0	0	0	0	0	0	0	0	0	0	
205776	Occipital_Mid_R	0	598	0	0	0	0	0	0	0	0	0	0	0	0	0	0	0	0	0	0	0	0	0	0	0	0	0	0	0	0	0	0	0	150	0	458	0	0	0	0	0	0	0	16794	0	10556	0	5758	0	21846	0	0	0	3990	0	2064	0	882	0	1080	0	3636	0	390	0	14454	522	9546	0	614	0	0	0	0	0	0	0	0	0	170	0	224	0	0	0	6984	0	0	0	2172	0	0	0	0	0	0	0	0	0	0	0	0	0	0	0	0	0	0	0	0	0	0	0	0	0	0	
98468	Occipital_Inf_L	698	0	0	0	0	0	256	0	0	0	0	0	0	0	0	0	1154	0	0	0	0	0	0	0	0	0	0	0	462	0	0	0	0	0	0	0	144	0	0	0	0	0	4518	0	1016	0	4736	0	198	0	16936	0	0	0	6256	0	0	0	0	0	0	0	192	0	188	0	2072	0	878	0	0	0	0	0	0	0	0	0	828	0	802	0	0	0	2300	0	0	0	5600	0	0	0	0	0	0	0	0	0	0	0	0	0	0	0	0	0	0	0	0	0	0	0	0	0	0	0	
49800	Occipital_Inf_R	0	0	0	0	0	0	0	0	0	0	0	0	0	0	0	0	0	0	0	0	0	0	0	0	0	0	0	0	0	0	0	0	0	0	0	0	0	0	0	0	0	0	0	5610	0	612	0	3472	0	1294	0	3990	0	0	0	5344	0	0	0	0	0	0	0	0	0	0	0	560	0	0	0	0	0	0	0	0	0	0	0	0	0	0	0	0	0	1482	0	0	0	2536	0	0	0	0	0	0	0	0	0	0	0	0	0	0	0	0	0	0	0	0	0	0	0	0	0	0	
282888	Fusiform_L	2422	0	250	0	0	0	406	0	0	0	0	0	0	0	144	0	666	0	0	0	0	0	0	0	0	0	0	0	3656	0	0	0	0	0	1074	0	5572	0	6170	0	1628	0	668	0	0	0	16542	0	0	0	3874	0	6256	0	0	0	214	0	0	0	126	0	0	0	276	0	1388	0	2156	0	0	0	294	0	0	0	176	0	1590	0	2306	0	1730	0	2168	0	934	0	10488	0	21966	522	322	0	162	0	13850	496	26984	592	0	0	0	0	0	0	0	0	0	738	2346	292	0	0	0	0	
259428	Fusiform_R	0	2134	0	430	0	0	0	0	0	0	0	0	0	0	0	158	0	142	0	668	0	0	0	0	0	0	0	0	0	1836	0	0	0	400	0	1772	0	13640	0	10068	0	2712	0	6868	0	1132	562	15192	0	1332	0	2064	0	5344	0	0	0	862	0	0	0	0	0	0	0	0	0	3476	0	1670	0	0	0	1500	0	0	0	0	0	378	0	1180	0	3888	0	1140	0	1324	0	10716	290	8646	168	0	0	0	820	6914	646	11664	0	0	0	0	0	318	0	0	0	0	3846	2800	452	212	350	0	
269452	Postcentral_L	33446	0	10432	162	0	0	4946	0	0	0	6482	0	262	0	0	0	7032	0	8050	3198	0	0	0	0	0	0	0	0	2448	0	0	0	0	284	0	0	346	0	170	0	0	0	0	0	0	0	0	0	0	0	2904	0	0	0	214	0	0	0	5944	0	18104	0	9900	0	3908	0	2642	0	4414	0	692	0	236	0	0	0	760	0	1528	0	3978	0	0	0	2244	0	0	0	0	0	0	0	0	0	0	0	0	0	0	0	0	0	0	0	0	0	0	0	0	0	0	0	0	0	0	0	
235052	Postcentral_R	0	21046	0	718	0	0	0	1316	0	0	0	1346	0	0	0	0	0	5446	0	3136	0	0	0	0	0	0	0	0	0	504	0	0	238	5812	442	4460	0	380	0	0	0	0	0	8724	0	2410	0	5530	0	1436	0	882	0	0	0	862	0	0	0	4284	0	3182	0	7006	0	1500	394	13632	0	18122	0	252	0	0	0	0	0	352	0	170	0	0	0	0	0	718	0	0	0	3226	0	0	0	0	0	0	0	0	0	0	0	0	0	0	0	0	0	0	0	0	0	0	0	0	0	0	
130228	Parietal_Sup_L	610	0	374	0	0	0	364	0	0	0	0	0	0	0	0	0	0	0	0	0	0	0	0	0	0	0	0	0	0	0	0	0	498	0	0	0	0	0	0	0	0	0	0	0	1034	0	0	0	6540	0	14184	0	0	0	0	0	5944	0	0	0	10894	0	0	0	7160	0	14976	0	1408	0	0	0	0	0	0	0	0	0	0	0	0	0	0	0	1128	0	0	0	0	0	0	0	0	0	0	0	0	0	0	0	0	0	0	0	0	0	0	0	0	0	0	0	0	0	0	0	
53428	Parietal_Sup_R	0	412	0	0	0	0	0	0	0	0	0	0	0	0	0	0	0	0	0	0	0	0	0	0	0	0	0	0	0	0	0	0	0	0	0	0	0	0	0	0	0	0	0	2156	0	1838	0	0	0	2236	0	1080	0	0	0	0	0	4284	0	0	0	2280	0	618	0	2124	906	7958	0	822	0	0	0	0	0	0	0	0	0	0	0	0	0	0	0	0	0	0	0	0	0	0	0	0	0	0	0	0	0	0	0	0	0	0	0	0	0	0	0	0	0	0	0	0	0	0	
200876	Parietal_Inf_L	3676	0	1518	166	0	0	1824	0	0	0	488	0	0	0	0	0	452	0	284	336	0	0	0	0	0	0	0	0	440	0	0	0	236	238	0	0	0	0	0	0	0	0	0	0	0	0	0	0	1444	0	12916	0	0	0	126	0	18104	0	10894	0	0	0	15908	0	18784	0	3296	0	1110	0	118	0	0	0	0	0	0	0	278	0	802	0	0	0	6338	0	0	0	662	0	0	0	0	0	0	0	0	0	0	0	0	0	0	0	0	0	0	0	0	0	0	0	0	0	0	0	
50516	Parietal_Inf_R	0	328	0	0	0	0	0	0	0	0	0	0	0	0	0	0	0	0	0	0	0	0	0	0	0	0	0	0	0	0	0	0	0	0	0	142	0	0	0	0	0	0	0	230	0	200	0	164	0	2104	0	3636	0	0	0	0	0	3182	0	2280	0	0	0	4396	0	6740	0	738	0	586	0	0	0	0	0	0	0	0	0	0	0	0	0	0	0	0	0	0	0	532	0	0	0	0	0	0	0	0	0	0	0	0	0	0	0	0	0	0	0	0	0	0	0	0	0	0	
140660	SupraMarginal_L	4286	0	2420	0	0	0	766	0	0	0	598	0	0	0	0	0	4048	0	1764	876	0	0	0	0	0	0	0	0	1902	0	0	0	0	0	0	0	0	0	0	0	0	0	0	0	0	0	0	0	0	0	500	0	192	0	0	0	9900	0	0	0	15908	0	0	0	9066	0	0	0	1212	0	132	0	0	0	0	0	0	0	362	0	6386	0	0	0	8416	0	0	0	1596	0	0	0	0	0	0	0	0	0	0	0	0	0	0	0	0	0	0	0	0	0	0	0	0	0	0	0	
57484	SupraMarginal_R	0	748	0	0	0	0	0	0	0	0	0	0	0	0	0	0	0	1474	0	0	0	0	0	0	0	0	0	0	0	0	0	0	0	0	0	0	0	0	0	0	0	0	0	0	0	0	0	0	0	0	0	390	0	0	0	0	0	7006	0	618	0	4396	0	0	0	4514	0	154	0	172	0	0	0	0	0	0	0	0	0	0	0	3364	0	0	0	1802	0	0	0	4104	0	0	0	0	0	0	0	0	0	0	0	0	0	0	0	0	0	0	0	0	0	0	0	0	0	0	
206180	Angular_L	4954	0	2424	156	0	0	2134	0	0	0	238	0	0	0	0	0	1232	0	202	194	0	0	0	0	0	0	0	0	1084	0	0	0	338	0	0	0	0	0	0	0	0	0	0	0	162	0	0	0	3518	0	24026	0	188	0	276	0	3908	0	7160	0	18784	0	9066	0	0	0	5932	0	2192	0	132	0	0	0	0	0	0	0	700	0	1292	0	0	0	11928	0	0	0	870	0	0	0	0	0	0	0	0	0	0	0	0	0	0	0	0	0	0	0	0	0	0	0	0	0	0	0	
107812	Angular_R	0	544	0	0	0	0	0	166	0	0	0	0	0	0	0	0	0	0	0	0	0	0	0	0	0	0	0	0	0	0	0	0	0	0	0	312	0	0	0	0	0	0	0	886	0	982	0	624	0	8438	0	14454	0	0	0	0	0	1500	0	2124	0	6740	0	4514	0	0	360	3956	0	970	0	0	0	0	0	0	0	132	0	0	0	1736	0	0	0	3402	0	0	0	2066	0	0	0	0	0	0	0	0	0	0	0	0	0	0	0	0	0	0	0	0	0	0	0	0	0	0	
280068	Precuneus_L	740	224	374	340	0	0	356	0	0	0	0	0	0	0	0	0	0	0	238	578	0	0	0	274	0	0	0	0	0	0	0	436	3582	2286	5952	2272	1466	586	1368	0	0	0	5442	1076	6288	2298	2002	462	13502	3902	24492	522	2072	0	1388	0	2642	394	14976	906	3296	0	0	0	5932	360	0	10934	6396	678	0	0	0	0	0	0	0	0	0	0	0	178	0	0	4758	2732	0	0	498	836	0	0	0	0	0	0	0	0	0	0	0	0	0	0	0	0	0	0	0	0	0	0	0	0	0	0	
391024	Precuneus_R	0	6090	0	712	0	0	0	166	0	0	0	0	0	0	0	0	0	0	0	1350	0	0	0	0	0	0	0	0	0	464	0	0	646	6368	1130	11290	1166	1196	730	638	0	0	0	31194	260	21530	0	16266	0	19072	134	9546	0	560	0	3476	0	13632	0	7958	0	738	0	154	0	3956	10934	0	0	10436	0	366	0	0	0	0	0	804	0	252	0	544	0	0	0	7170	0	0	0	4064	0	0	0	0	0	0	0	0	0	0	0	0	0	0	0	0	0	0	0	0	520	0	0	0	0	0	
393320	Paracentral_Lobule_L	40066	3614	19600	2460	140	0	248	0	0	0	188	0	0	0	0	0	1008	0	18406	14482	0	0	0	0	0	0	0	0	626	0	166	0	2858	8282	4058	206	1730	0	1116	0	0	0	970	0	1342	0	0	0	342	0	6034	0	878	0	2156	0	4414	0	1408	0	1110	0	1212	0	2192	0	6396	0	0	7280	2818	232	2118	0	226	156	18578	582	164	0	814	0	0	0	12282	0	0	0	3702	0	0	0	0	0	0	0	0	0	0	0	0	0	0	0	0	0	0	0	0	0	0	0	0	0	0	0	
298224	Paracentral_Lobule_R	2466	22756	592	3082	0	0	0	364	0	0	0	238	0	0	0	0	0	0	2752	24106	0	0	0	0	0	0	0	0	0	0	0	0	1050	14946	1044	5828	0	1152	0	298	0	0	0	6862	0	792	0	5322	0	872	0	614	0	0	0	1670	0	18122	0	822	0	586	0	172	0	970	678	10436	7280	0	130	2702	156	0	0	134	528	7780	0	0	0	0	0	0	0	626	0	0	0	1184	0	0	0	0	0	0	0	0	0	0	0	0	0	0	0	0	0	0	0	0	0	0	0	0	0	0	
419124	Caudate_L	5576	498	11140	8900	7572	1164	2404	5392	3016	0	2602	754	662	1374	5884	644	1628	200	18132	11958	11720	8878	1350	1222	2896	514	3490	1732	8694	1112	14494	4334	192	5116	0	0	386	428	0	188	0	124	0	0	0	0	0	0	0	0	0	0	0	0	0	0	692	0	0	0	118	0	132	0	132	0	0	0	2818	130	0	8420	27294	3474	2536	458	5298	448	118	0	146	0	978	0	0	0	0	0	0	0	0	0	0	0	0	0	0	0	0	0	0	0	0	0	0	0	0	0	0	0	0	0	0	0	0	0	
443724	Caudate_R	194	17156	304	36026	544	6080	0	2464	0	268	0	902	0	5710	594	9224	0	256	1656	19948	4982	8202	894	8542	0	4748	280	3152	268	1690	2834	15436	0	1884	0	0	0	1172	0	0	0	244	0	0	0	0	0	0	0	130	0	0	0	0	0	0	0	252	0	0	0	0	0	0	0	0	0	366	232	2702	8420	0	6186	20564	248	3558	252	23298	0	0	0	0	0	0	0	0	0	0	0	0	0	0	0	0	0	0	0	0	0	0	0	0	0	0	0	0	0	0	0	0	0	0	0	0	0	0	
471976	Putamen_L	5512	152	23096	1676	15858	930	3212	556	8638	0	3004	0	428	150	8426	206	1326	0	27544	6020	7346	7314	830	270	3100	156	1094	1338	22304	340	15468	1826	298	1234	0	0	10604	130	2260	0	622	134	0	0	0	0	0	0	0	0	0	0	0	0	294	0	236	0	0	0	0	0	0	0	0	0	0	0	2118	156	27294	6186	0	2418	6366	186	4754	0	0	0	422	0	1928	0	0	0	0	0	228	0	0	0	0	0	0	0	0	0	0	0	0	0	0	0	0	0	0	0	0	0	0	0	0	0	0	0	
390932	Putamen_R	0	1138	236	21460	150	10466	0	6160	0	2702	0	3756	0	3334	0	5766	0	1404	656	14794	1798	3174	1754	10398	0	7680	0	1646	224	19944	2188	12340	0	3178	0	0	0	13838	0	7438	0	1416	0	0	0	0	0	0	0	0	0	0	0	0	0	1500	0	0	0	0	0	0	0	0	0	0	0	0	0	0	3474	20564	2418	0	0	6208	222	1320	0	138	0	316	0	268	0	0	0	0	0	0	0	0	0	0	0	0	0	0	0	0	0	0	0	0	0	0	0	0	0	0	0	0	0	0	0	0	
50972	Pallidum_L	360	312	2420	314	0	0	154	120	0	0	0	0	0	0	0	0	0	0	6268	2818	0	0	0	0	0	0	0	0	0	0	0	0	230	0	0	0	1102	0	150	0	0	0	0	0	0	0	0	0	0	0	0	0	0	0	0	0	0	0	0	0	0	0	0	0	0	0	0	0	226	0	2536	248	6366	0	0	0	1650	212	0	0	0	0	0	0	0	0	0	0	0	0	0	0	0	0	0	0	0	0	0	0	0	0	0	0	0	0	0	0	0	0	0	0	0	0	0	0	
57672	Pallidum_R	0	266	162	4922	0	124	0	1474	0	0	0	452	0	302	0	300	0	0	204	4130	0	230	550	830	0	0	0	0	0	424	136	872	0	928	0	0	0	1044	0	786	0	0	0	0	0	0	0	0	0	0	0	0	0	0	0	0	0	0	0	0	0	0	0	0	0	0	0	0	156	134	458	3558	186	6208	0	0	0	0	0	0	0	0	0	0	0	0	0	0	0	0	0	0	0	0	0	0	0	0	0	0	0	0	0	0	0	0	0	0	0	0	0	0	0	0	0	0	
237380	Thalamus_L	24648	936	19904	1450	0	0	1876	1040	0	0	328	0	0	0	0	0	210	0	12130	1798	0	0	0	0	0	0	0	0	5376	176	0	0	0	210	366	792	9310	978	1674	164	0	0	0	0	0	0	0	0	0	0	0	0	0	0	176	0	760	0	0	0	0	0	0	0	0	0	0	0	18578	528	5298	252	4754	222	1650	0	0	1842	810	0	454	0	0	0	0	0	0	0	0	0	0	0	0	0	0	0	0	0	0	0	0	0	0	0	0	0	0	0	0	0	0	0	0	0	0	0	
236584	Thalamus_R	668	31194	270	27840	0	294	0	1834	0	0	0	1240	0	1032	0	1142	0	286	1044	4824	0	0	0	0	0	0	0	0	0	732	0	220	0	238	566	682	990	4682	754	720	0	0	0	0	0	0	0	120	0	150	0	0	0	0	0	0	0	352	0	0	0	0	0	0	0	132	0	804	582	7780	448	23298	0	1320	212	0	1842	0	0	0	0	0	0	0	0	0	0	0	0	0	0	0	0	0	0	0	0	0	0	0	0	0	0	0	0	0	0	0	0	0	0	0	0	0	0	0	
98944	Heschl_L	5088	0	2898	0	0	0	3180	0	0	0	734	0	0	0	0	0	5042	0	1378	430	0	0	0	0	0	0	0	0	9524	0	0	0	0	0	0	0	2588	0	0	0	0	0	0	0	0	0	0	0	0	0	212	0	828	0	1590	0	1528	0	0	0	278	0	362	0	700	0	0	0	164	0	118	0	0	0	0	0	810	0	0	0	5310	0	0	0	2952	0	0	0	3758	0	0	0	0	0	0	0	0	0	0	0	0	0	0	0	0	0	0	0	0	0	0	0	0	0	0	0	
16956	Heschl_R	0	158	0	212	0	0	0	0	0	0	0	206	0	0	0	0	0	1418	0	176	0	0	0	0	0	0	0	0	0	1860	0	0	0	0	0	0	0	390	0	0	0	0	0	296	0	182	0	0	0	0	0	170	0	0	0	378	0	170	0	0	0	0	0	0	0	0	0	252	0	0	0	0	0	138	0	0	0	0	0	0	0	2070	0	0	0	402	0	0	0	0	0	0	0	0	0	0	0	0	0	0	0	0	0	0	0	0	0	0	0	0	0	0	0	0	0	0	
180048	Temporal_Sup_L	3994	0	2602	0	148	0	686	0	146	0	1190	0	218	0	284	0	6966	0	2484	726	0	0	0	0	0	0	0	0	6638	0	0	0	0	0	0	0	2022	0	0	0	0	0	0	0	0	0	0	0	0	0	388	0	802	0	2306	0	3978	0	0	0	802	0	6386	0	1292	0	0	0	814	0	146	0	422	0	0	0	454	0	5310	0	0	0	5278	0	22144	0	0	0	11398	0	0	0	0	0	0	0	0	0	0	0	0	0	0	0	0	0	0	0	0	0	0	0	0	0	0	0	
69484	Temporal_Sup_R	0	554	0	420	0	0	0	0	0	0	0	0	0	0	0	378	0	960	0	240	0	0	0	0	0	0	0	0	0	3364	0	0	0	0	0	0	0	768	0	0	0	0	0	562	0	450	0	0	0	198	0	224	0	0	0	1180	0	0	0	0	0	0	0	3364	0	1736	178	544	0	0	0	0	0	316	0	0	0	0	0	2070	0	0	0	3064	0	11320	0	0	0	2852	0	0	0	0	0	0	0	0	0	0	0	0	0	0	0	0	0	0	0	0	0	0	0	0	0	0	
137528	Temporal_Pole_Sup_L	176	0	4052	178	1548	0	452	0	1852	0	6620	0	786	0	4450	0	3836	0	2986	736	812	0	274	0	164	0	232	0	11054	0	664	186	0	124	0	0	1802	0	322	0	712	0	0	0	0	0	0	0	0	0	0	0	0	0	1730	0	0	0	0	0	0	0	0	0	0	0	0	0	0	0	978	0	1928	0	0	0	0	0	0	0	5278	0	0	0	7622	0	3264	0	3946	0	0	0	0	0	0	0	0	0	0	0	0	0	0	0	0	0	0	0	0	0	0	0	0	0	0	0	
53512	Temporal_Pole_Sup_R	0	0	284	300	0	0	0	0	0	348	0	762	0	0	0	2464	0	812	392	612	0	0	0	0	0	0	0	0	0	4334	0	0	0	568	0	0	0	632	0	882	0	648	0	0	0	0	0	0	0	0	0	0	0	0	0	3888	0	0	0	0	0	0	0	0	0	0	0	0	0	0	0	0	0	268	0	0	0	0	0	0	0	3064	0	0	0	2598	0	2484	0	1416	0	0	0	0	0	0	0	0	0	0	0	0	0	0	0	0	0	0	0	0	0	0	0	0	0	0	
314804	Temporal_Mid_L	3462	0	666	0	0	0	890	0	0	0	152	0	0	0	0	0	3096	0	0	118	0	0	0	0	0	0	0	0	1874	0	0	0	424	120	134	0	700	0	0	0	0	0	260	0	308	0	0	0	1760	0	23478	0	2300	0	2168	0	2244	0	1128	0	6338	0	8416	0	11928	0	4758	0	12282	0	0	0	0	0	0	0	0	0	2952	0	22144	0	7622	0	0	0	4740	0	30940	0	0	0	0	0	0	0	0	0	0	0	0	0	0	0	0	0	0	0	0	0	0	0	0	0	0	0	
145504	Temporal_Mid_R	0	674	0	0	0	0	0	0	0	0	0	0	0	0	0	502	0	0	0	0	0	0	0	0	0	0	0	0	0	1436	0	0	0	344	0	1256	0	300	0	0	0	0	0	5976	0	2992	0	1320	0	6402	0	6984	0	1482	0	1140	0	718	0	0	0	0	0	1802	0	3402	2732	7170	0	626	0	0	0	0	0	0	0	0	0	402	0	11320	0	2598	0	0	0	874	0	10300	0	0	0	0	0	0	0	0	0	0	0	0	0	0	0	0	0	0	0	0	0	0	0	0	0	0	
25788	Temporal_Pole_Mid_L	0	0	0	0	0	0	0	0	0	0	0	0	0	0	0	0	0	0	0	0	0	0	0	0	0	0	0	0	0	0	0	0	0	0	0	0	206	0	0	0	0	0	0	0	0	0	0	0	0	0	0	0	0	0	934	0	0	0	0	0	0	0	0	0	0	0	0	0	0	0	0	0	0	0	0	0	0	0	0	0	0	0	3264	0	4740	0	0	0	3750	0	0	0	0	0	0	0	0	0	0	0	0	0	0	0	0	0	0	0	0	0	0	0	0	0	0	0	
11948	Temporal_Pole_Mid_R	0	0	0	0	0	0	0	0	0	0	0	0	0	0	0	0	0	0	0	0	0	0	0	0	0	0	0	0	0	0	0	0	0	0	0	0	0	0	0	336	0	0	0	0	0	0	0	0	0	0	0	0	0	0	0	1324	0	0	0	0	0	0	0	0	0	0	0	0	0	0	0	0	0	0	0	0	0	0	0	0	0	0	0	2484	0	874	0	0	0	956	0	0	0	0	0	0	0	0	0	0	0	0	0	0	0	0	0	0	0	0	0	0	0	0	0	0	
203496	Temporal_Inf_L	1748	0	576	0	0	0	850	0	0	0	0	0	0	0	174	0	1858	0	392	142	126	0	0	0	0	0	0	0	4106	0	0	0	0	0	0	0	5856	0	768	0	354	0	586	0	166	0	362	0	0	0	2092	0	5600	0	10488	0	0	0	0	0	662	0	1596	0	870	0	498	0	3702	0	0	0	228	0	0	0	0	0	3758	0	11398	0	3946	0	30940	0	3750	0	0	0	2300	0	0	0	0	0	770	0	1086	0	0	0	0	0	0	0	0	0	0	0	0	0	0	0	0	0	
126756	Temporal_Inf_R	0	3358	0	0	0	0	0	0	0	0	0	0	0	0	0	0	0	0	0	198	0	0	0	0	0	0	0	0	0	508	0	0	0	186	0	1008	0	2758	0	354	0	0	0	3434	0	1732	0	738	0	2010	0	2172	0	2536	0	10716	0	3226	0	0	0	532	0	4104	0	2066	836	4064	0	1184	0	0	0	0	0	0	0	0	0	0	0	2852	0	1416	0	10300	0	956	0	0	0	134	0	0	0	0	0	0	0	0	0	0	0	0	0	0	0	0	0	0	0	0	0	0	0	0	
492352	Cerebelum_Crus1_L	0	0	0	0	0	0	0	0	0	0	0	0	0	0	0	0	0	0	0	0	0	0	0	0	0	0	0	0	0	0	0	0	0	0	0	0	0	0	816	0	0	0	0	0	0	0	14294	1106	0	0	0	0	0	0	21966	290	0	0	0	0	0	0	0	0	0	0	0	0	0	0	0	0	0	0	0	0	0	0	0	0	0	0	0	0	0	0	0	0	2300	0	0	2400	33068	3492	798	272	35532	636	62338	2098	13580	564	11118	3402	702	1486	0	0	818	5254	9664	4598	7678	3430	1954	522	
427912	Cerebelum_Crus1_R	0	0	0	0	0	0	0	0	0	0	0	0	0	0	0	0	0	0	0	0	0	0	0	0	0	0	0	0	0	0	0	0	0	0	0	0	0	0	0	186	0	0	0	0	0	0	586	8702	0	0	0	0	0	0	522	8646	0	0	0	0	0	0	0	0	0	0	0	0	0	0	0	0	0	0	0	0	0	0	0	0	0	0	0	0	0	0	0	0	0	134	2400	0	1134	22546	230	2398	2580	23002	2536	56142	476	5034	376	10950	0	5344	0	0	1548	3070	15506	16168	10940	5552	6336	912	
271052	Cerebelum_Crus2_L	0	0	0	0	0	0	0	0	0	0	0	0	0	0	0	0	0	0	0	0	0	0	0	0	0	0	0	0	0	0	0	0	0	0	0	0	0	0	0	0	0	0	0	0	0	0	566	560	0	0	0	0	0	0	322	168	0	0	0	0	0	0	0	0	0	0	0	0	0	0	0	0	0	0	0	0	0	0	0	0	0	0	0	0	0	0	0	0	0	0	33068	1134	0	6218	0	194	6324	262	10006	780	27468	1532	20622	2986	2012	946	562	0	438	1762	3402	1688	7130	4012	1174	190	
211860	Cerebelum_Crus2_R	0	0	0	0	0	0	0	0	0	0	0	0	0	0	0	0	0	0	0	0	0	0	0	0	0	0	0	0	0	0	0	0	0	0	0	0	0	0	0	0	0	0	0	0	0	0	0	0	0	0	0	0	0	0	0	0	0	0	0	0	0	0	0	0	0	0	0	0	0	0	0	0	0	0	0	0	0	0	0	0	0	0	0	0	0	0	0	0	0	0	3492	22546	6218	0	0	456	266	1118	476	5982	3878	15876	3238	20628	0	2402	0	0	300	470	954	1286	8532	5268	2272	272	
32732	Cerebelum_3_L	0	0	0	0	0	0	0	0	0	0	0	0	0	0	0	0	0	0	0	0	0	0	0	0	0	0	0	0	0	0	0	0	0	0	0	0	0	0	0	0	0	0	0	0	0	0	212	0	0	0	0	0	0	0	162	0	0	0	0	0	0	0	0	0	0	0	0	0	0	0	0	0	0	0	0	0	0	0	0	0	0	0	0	0	0	0	0	0	0	0	798	230	0	0	0	160	4838	0	1100	220	368	0	568	0	1580	228	134	0	716	2716	846	338	276	256	416	204	
40484	Cerebelum_3_R	0	0	0	0	0	0	0	0	0	0	0	0	0	0	0	0	0	0	0	0	0	0	0	0	0	0	0	0	0	0	0	0	0	0	0	0	0	126	0	216	0	0	0	0	0	0	0	0	0	0	0	0	0	0	0	0	0	0	0	0	0	0	0	0	0	0	0	0	0	0	0	0	0	0	0	0	0	0	0	0	0	0	0	0	0	0	0	0	0	0	272	2398	194	456	160	0	284	3736	270	3876	0	0	0	594	0	1264	0	0	244	2432	666	380	830	866	978	0	
342224	Cerebelum_4_5_L	0	0	0	0	0	0	0	0	0	0	0	0	0	0	0	0	0	0	0	0	0	0	0	0	0	0	0	0	0	0	0	0	0	0	0	0	0	0	1028	0	0	0	0	0	0	0	16534	1350	0	0	0	0	0	0	13850	820	0	0	0	0	0	0	0	0	0	0	0	0	0	0	0	0	0	0	0	0	0	0	0	0	0	0	0	0	0	0	0	0	770	0	35532	2580	6324	266	4838	284	0	1880	45436	3286	1348	0	1256	496	3614	302	214	0	562	6856	15996	2658	816	634	820	762	
210516	Cerebelum_4_5_R	0	0	0	0	0	0	0	0	0	0	0	0	0	0	0	0	0	0	0	0	0	0	0	0	0	0	0	0	0	0	0	0	0	0	0	0	0	844	0	1184	0	242	0	0	0	0	790	5986	0	0	0	0	0	0	496	6914	0	0	0	0	0	0	0	0	0	0	0	0	0	0	0	0	0	0	0	0	0	0	0	0	0	0	0	0	0	0	0	0	0	0	636	23002	262	1118	0	3736	1880	0	1352	30844	0	0	0	704	0	1574	0	0	404	1970	15118	2382	1220	1044	1556	0	
445792	Cerebelum_6_L	0	0	0	0	0	0	0	0	0	0	0	0	0	0	0	0	0	0	0	0	0	0	0	0	0	0	0	0	0	0	0	0	0	0	0	0	0	0	1004	0	0	0	0	0	0	0	19636	1686	0	0	0	0	0	0	26984	646	0	0	0	0	0	0	0	0	0	0	0	0	0	0	0	0	0	0	0	0	0	0	0	0	0	0	0	0	0	0	0	0	1086	0	62338	2536	10006	476	1100	270	45436	1352	0	3118	2486	0	2882	1814	1618	1528	180	0	860	5676	12558	6088	3150	2168	2772	1442	
392432	Cerebelum_6_R	0	0	0	0	0	0	0	0	0	0	0	0	0	0	0	0	0	0	0	0	0	0	0	0	0	0	0	0	0	0	0	0	0	0	0	0	0	0	0	256	0	0	0	0	0	0	862	11352	0	0	0	0	0	0	592	11664	0	0	0	0	0	0	0	0	0	0	0	0	0	0	0	0	0	0	0	0	0	0	0	0	0	0	0	0	0	0	0	0	0	0	2098	56142	780	5982	220	3876	3286	30844	3118	0	0	0	0	1836	0	4442	0	0	1438	3286	19384	17182	7090	4238	5476	772	
231804	Cerebelum_7b_L	0	0	0	0	0	0	0	0	0	0	0	0	0	0	0	0	0	0	0	0	0	0	0	0	0	0	0	0	0	0	0	0	0	0	0	0	0	0	0	0	0	0	0	0	0	0	0	0	0	0	0	0	0	0	0	0	0	0	0	0	0	0	0	0	0	0	0	0	0	0	0	0	0	0	0	0	0	0	0	0	0	0	0	0	0	0	0	0	0	0	13580	476	27468	3878	368	0	1348	0	2486	0	0	1816	34240	4158	7300	830	1208	0	272	406	408	614	5812	6994	1824	416	
94688	Cerebelum_7b_R	0	0	0	0	0	0	0	0	0	0	0	0	0	0	0	0	0	0	0	0	0	0	0	0	0	0	0	0	0	0	0	0	0	0	0	0	0	0	0	0	0	0	0	0	0	0	0	0	0	0	0	0	0	0	0	0	0	0	0	0	0	0	0	0	0	0	0	0	0	0	0	0	0	0	0	0	0	0	0	0	0	0	0	0	0	0	0	0	0	0	564	5034	1532	15876	0	0	0	0	0	0	1816	0	2178	14960	0	800	0	0	0	0	0	0	1432	2748	404	0	
244176	Cerebelum_8_L	0	0	0	0	0	0	0	0	0	0	0	0	0	0	0	0	0	0	0	0	0	0	0	0	0	0	0	0	0	0	0	0	0	0	0	0	0	0	0	0	0	0	0	0	0	0	0	0	0	0	0	0	0	0	0	0	0	0	0	0	0	0	0	0	0	0	0	0	0	0	0	0	0	0	0	0	0	0	0	0	0	0	0	0	0	0	0	0	0	0	11118	376	20622	3238	568	0	1256	0	2882	0	34240	2178	0	5840	14474	1930	2108	0	426	346	274	858	5876	9356	3662	460	
198388	Cerebelum_8_R	0	0	0	0	0	0	0	0	0	0	0	0	0	0	0	0	0	0	0	0	0	0	0	0	0	0	0	0	0	0	0	0	0	0	0	0	0	0	0	0	0	0	0	0	0	0	0	0	0	0	0	0	0	0	0	0	0	0	0	0	0	0	0	0	0	0	0	0	0	0	0	0	0	0	0	0	0	0	0	0	0	0	0	0	0	0	0	0	0	0	3402	10950	2986	20628	0	594	496	704	1814	1836	4158	14960	5840	0	180	11010	0	382	560	566	840	210	5942	7822	3162	152	
82916	Cerebelum_9_L	0	0	0	0	0	0	0	0	0	0	0	0	0	0	0	0	0	0	0	0	0	0	0	0	0	0	0	0	0	0	0	0	0	0	0	0	0	0	0	0	0	0	0	0	0	0	0	0	0	0	0	0	0	0	0	0	0	0	0	0	0	0	0	0	0	0	0	0	0	0	0	0	0	0	0	0	0	0	0	0	0	0	0	0	0	0	0	0	0	0	702	0	2012	0	1580	0	3614	0	1618	0	7300	0	14474	180	0	760	2724	0	0	532	468	1148	184	1242	2118	802	
131520	Cerebelum_9_R	0	0	0	0	0	0	0	0	0	0	0	0	0	0	0	0	0	0	0	0	0	0	0	0	0	0	0	0	0	0	0	0	0	0	0	0	0	0	0	126	0	0	0	0	0	0	0	0	0	0	0	0	0	0	0	318	0	0	0	0	0	0	0	0	0	0	0	0	0	0	0	0	0	0	0	0	0	0	0	0	0	0	0	0	0	0	0	0	0	0	1486	5344	946	2402	228	1264	302	1574	1528	4442	830	800	1930	11010	760	0	0	572	1280	1428	322	3924	6034	6450	8768	1692	
14260	Cerebelum_10_L	0	0	0	0	0	0	0	0	0	0	0	0	0	0	0	0	0	0	0	0	0	0	0	0	0	0	0	0	0	0	0	0	0	0	0	0	0	0	0	0	0	0	0	0	0	0	0	0	0	0	0	0	0	0	0	0	0	0	0	0	0	0	0	0	0	0	0	0	0	0	0	0	0	0	0	0	0	0	0	0	0	0	0	0	0	0	0	0	0	0	0	0	562	0	134	0	214	0	180	0	1208	0	2108	0	2724	0	0	0	0	0	0	0	0	0	0	0	
1908	Cerebelum_10_R	0	0	0	0	0	0	0	0	0	0	0	0	0	0	0	0	0	0	0	0	0	0	0	0	0	0	0	0	0	0	0	0	0	0	0	0	0	0	0	0	0	0	0	0	0	0	0	0	0	0	0	0	0	0	0	0	0	0	0	0	0	0	0	0	0	0	0	0	0	0	0	0	0	0	0	0	0	0	0	0	0	0	0	0	0	0	0	0	0	0	0	0	0	0	0	0	0	0	0	0	0	0	0	382	0	572	0	0	0	0	0	0	0	0	0	0	
41500	Vermis_1_2	0	0	0	0	0	0	0	0	0	0	0	0	0	0	0	0	0	0	0	0	0	0	0	0	0	0	0	0	0	0	0	0	0	0	0	0	0	0	0	0	0	0	0	0	0	0	0	0	0	0	0	0	0	0	0	0	0	0	0	0	0	0	0	0	0	0	0	0	0	0	0	0	0	0	0	0	0	0	0	0	0	0	0	0	0	0	0	0	0	0	818	1548	438	300	716	244	562	404	860	1438	272	0	426	560	0	1280	0	0	0	3662	768	484	1978	1970	2022	0	
109524	Vermis_3	0	0	0	0	0	0	0	0	0	0	0	0	0	0	0	0	0	0	0	0	0	0	0	0	0	0	0	0	0	0	0	0	0	0	0	0	0	0	0	0	0	0	0	0	0	0	118	0	0	0	0	0	0	0	738	0	0	0	0	0	0	0	0	0	0	0	0	0	0	0	0	0	0	0	0	0	0	0	0	0	0	0	0	0	0	0	0	0	0	0	5254	3070	1762	470	2716	2432	6856	1970	5676	3286	406	0	346	566	532	1428	0	0	3662	0	7338	454	1814	1820	1918	130	
263024	Vermis_4_5	0	0	0	0	0	0	0	0	0	0	0	0	0	0	0	0	0	0	0	0	0	0	0	0	0	0	0	0	0	0	0	0	0	0	0	0	0	0	0	0	0	0	0	252	0	0	4396	6408	0	0	0	0	0	0	2346	3846	0	0	0	0	0	0	0	0	0	0	0	520	0	0	0	0	0	0	0	0	0	0	0	0	0	0	0	0	0	0	0	0	0	0	9664	15506	3402	954	846	666	15996	15118	12558	19384	408	0	274	840	468	322	0	0	768	7338	0	5748	824	718	826	1116	
199300	Vermis_6	0	0	0	0	0	0	0	0	0	0	0	0	0	0	0	0	0	0	0	0	0	0	0	0	0	0	0	0	0	0	0	0	0	0	0	0	0	0	0	0	0	0	0	0	0	0	1244	8276	0	0	0	0	0	0	292	2800	0	0	0	0	0	0	0	0	0	0	0	0	0	0	0	0	0	0	0	0	0	0	0	0	0	0	0	0	0	0	0	0	0	0	4598	16168	1688	1286	338	380	2658	2382	6088	17182	614	0	858	210	1148	3924	0	0	484	454	5748	0	7348	3262	6146	4074	
