data	data	434992	358728	916824	746296	142640	68908	567436	220452	88352	34760	255480	308936	270532	146760	139224	88940	182324	265964	784688	514424	67292	90668	253032	336296	43924	89004	57112	56100	612468	548080	214300	417332	177424	458148	152416	194264	261308	280280	81852	223620	32700	51288	258012	493960	220872	607716	394824	464976	222300	541416	667196	248680	275544	101060	501280	544808	257488	303712	152052	244036	232928	115476	124844	136732	254828	175460	322368	766260	141824	179676	248476	484640	300268	267844	49008	12236	148164	162244	87264	35952	202392	167232	79832	122364	381624	272996	20416	27636	351124	228036	626024	515220	318312	478648	46532	77936	408800	256944	579968	500184	291416	236548	342380	414516	128352	134820	11716	12204	45272	106728	329952	247100	358692	258224	103876	45416	
data	data	Precentral_L	Precentral_R	Frontal_Sup_L	Frontal_Sup_R	Frontal_Sup_Orb_L	Frontal_Sup_Orb_R	Frontal_Mid_L	Frontal_Mid_R	Frontal_Mid_Orb_L	Frontal_Mid_Orb_R	Frontal_Inf_Oper_L	Frontal_Inf_Oper_R	Frontal_Inf_Tri_L	Frontal_Inf_Tri_R	Frontal_Inf_Orb_L	Frontal_Inf_Orb_R	Rolandic_Oper_L	Rolandic_Oper_R	Supp_Motor_Area_L	Supp_Motor_Area_R	Olfactory_L	Olfactory_R	Frontal_Sup_Medial_L	Frontal_Sup_Medial_R	Frontal_Med_Orb_L	Frontal_Med_Orb_R	Rectus_L	Rectus_R	Insula_L	Insula_R	Cingulum_Ant_L	Cingulum_Ant_R	Cingulum_Mid_L	Cingulum_Mid_R	Cingulum_Post_L	Cingulum_Post_R	Hippocampus_L	Hippocampus_R	ParaHippocampal_L	ParaHippocampal_R	Amygdala_L	Amygdala_R	Calcarine_L	Calcarine_R	Cuneus_L	Cuneus_R	Lingual_L	Lingual_R	Occipital_Sup_L	Occipital_Sup_R	Occipital_Mid_L	Occipital_Mid_R	Occipital_Inf_L	Occipital_Inf_R	Fusiform_L	Fusiform_R	Postcentral_L	Postcentral_R	Parietal_Sup_L	Parietal_Sup_R	Parietal_Inf_L	Parietal_Inf_R	SupraMarginal_L	SupraMarginal_R	Angular_L	Angular_R	Precuneus_L	Precuneus_R	Paracentral_Lobule_L	Paracentral_Lobule_R	Caudate_L	Caudate_R	Putamen_L	Putamen_R	Pallidum_L	Pallidum_R	Thalamus_L	Thalamus_R	Heschl_L	Heschl_R	Temporal_Sup_L	Temporal_Sup_R	Temporal_Pole_Sup_L	Temporal_Pole_Sup_R	Temporal_Mid_L	Temporal_Mid_R	Temporal_Pole_Mid_L	Temporal_Pole_Mid_R	Temporal_Inf_L	Temporal_Inf_R	Cerebelum_Crus1_L	Cerebelum_Crus1_R	Cerebelum_Crus2_L	Cerebelum_Crus2_R	Cerebelum_3_L	Cerebelum_3_R	Cerebelum_4_5_L	Cerebelum_4_5_R	Cerebelum_6_L	Cerebelum_6_R	Cerebelum_7b_L	Cerebelum_7b_R	Cerebelum_8_L	Cerebelum_8_R	Cerebelum_9_L	Cerebelum_9_R	Cerebelum_10_L	Cerebelum_10_R	Vermis_1_2	Vermis_3	Vermis_4_5	Vermis_6	Vermis_7	Vermis_8	Vermis_9	Vermis_10	
434992	Precentral_L	0	3224	14616	810	0	0	19610	0	0	0	11026	0	564	0	0	0	8366	172	2284	6646	0	0	100	0	0	0	0	0	10176	200	0	0	680	5458	2582	2744	7976	1828	888	1540	0	0	562	1282	0	518	650	1094	144	422	4534	120	652	0	1242	2194	25562	734	1898	0	6838	0	2902	0	5328	0	2218	2084	8306	1428	4330	468	7388	0	2508	0	10402	1664	3960	0	3366	94	0	0	6412	126	0	0	3744	514	0	0	0	0	0	0	0	166	0	0	0	0	0	0	0	0	0	0	0	152	0	0	0	0	0	0	
358728	Precentral_R	3224	0	8044	14488	0	0	1442	3110	0	0	0	8526	0	496	0	0	0	980	9326	4054	0	0	0	0	0	0	0	0	128	1698	0	0	580	3492	1198	2392	248	3032	0	796	0	156	0	10086	0	3376	0	1530	0	2098	932	904	0	802	0	4136	944	24190	468	866	568	278	0	2008	148	124	532	10692	3922	11952	940	5086	492	1180	204	164	708	18876	0	0	0	682	0	0	180	1474	0	0	0	1412	0	0	0	0	0	0	0	0	0	0	0	0	0	0	0	0	0	0	0	0	0	0	0	0	0	0	
916824	Frontal_Sup_L	14616	8044	0	16632	9946	0	72516	2522	5046	0	13068	2812	15044	324	5478	0	8600	5170	86824	16912	0	0	32210	4406	1146	100	214	0	33424	5472	11450	4734	1228	6098	88	272	3492	712	94	0	0	0	0	814	0	612	0	196	0	554	972	174	0	0	526	264	2858	1628	366	194	770	0	138	182	618	0	410	1490	1556	212	7666	7068	18836	1624	6212	630	3144	534	1092	406	3308	1150	1122	804	128	176	0	0	1154	130	0	0	0	0	0	0	0	0	0	0	0	0	0	0	0	0	0	0	0	0	0	0	0	0	0	0	
746296	Frontal_Sup_R	810	14488	16632	0	0	2532	3102	36872	0	1740	2766	19766	4194	11148	0	5108	0	12224	26438	38384	0	0	7108	37274	0	2222	0	532	4922	29882	3096	26688	1644	13286	0	0	0	1010	0	362	0	0	0	710	0	268	0	164	0	0	0	0	0	0	0	966	0	1596	0	0	0	0	0	174	0	0	0	694	392	0	600	19292	630	11548	138	190	156	3756	0	204	0	2230	0	4926	0	0	0	0	0	284	0	0	0	0	0	0	0	0	0	0	0	0	0	0	0	0	0	0	0	0	0	0	0	0	0	0	
142640	Frontal_Sup_Orb_L	0	0	9946	0	0	0	3116	0	13148	0	0	0	1948	0	10288	0	0	0	1034	0	1238	624	1764	142	4602	140	7316	126	4096	0	2842	98	0	0	0	0	0	0	140	0	114	0	0	0	0	0	0	0	0	0	0	0	0	0	0	0	0	0	0	0	0	0	0	0	0	0	0	0	0	0	1740	386	5886	0	0	0	0	0	0	0	0	0	586	0	0	0	0	0	0	0	0	0	0	0	0	0	0	0	0	0	0	0	0	0	0	0	0	0	0	0	0	0	0	0	0	0	
68908	Frontal_Sup_Orb_R	0	0	0	2532	0	0	0	622	0	3718	0	152	0	102	0	3452	0	126	0	0	250	824	518	2290	316	6376	0	5450	0	1086	282	1380	0	0	0	0	0	0	0	0	0	0	0	0	0	0	0	0	0	0	0	0	0	0	0	0	0	0	0	0	0	0	0	0	0	0	0	0	0	0	270	2446	150	2112	0	0	0	0	0	0	0	0	0	0	0	0	0	0	0	0	0	0	0	0	0	0	0	0	0	0	0	0	0	0	0	0	0	0	0	0	0	0	0	0	0	0	
567436	Frontal_Mid_L	19610	1442	72516	3102	3116	0	0	578	3214	0	10466	1218	24890	0	7860	0	3520	3208	19678	1296	0	0	12062	1892	0	0	0	0	30294	3822	3016	2304	566	834	118	168	2770	278	286	0	0	0	160	400	0	184	170	108	112	174	2596	0	0	0	480	144	2330	442	994	0	4054	0	922	0	1600	0	982	676	96	0	8098	6234	7966	700	1850	96	2636	1260	1322	160	812	758	146	534	228	0	0	0	170	0	0	0	0	0	0	0	0	0	0	0	0	0	0	0	0	0	0	0	0	0	0	0	0	0	0	0	
220452	Frontal_Mid_R	0	3110	2522	36872	0	622	578	0	0	1792	0	12864	118	8856	0	4634	0	5604	2512	1086	0	0	154	2246	0	0	0	0	262	14760	0	284	0	386	0	0	0	224	0	0	0	0	0	744	0	242	0	0	0	90	0	0	0	0	0	100	0	1116	0	0	0	0	0	0	0	0	0	764	0	0	0	674	0	3816	0	100	0	190	0	0	0	478	0	2426	0	0	0	0	0	0	0	0	0	0	0	0	0	0	0	0	0	0	0	0	0	0	0	0	0	0	0	0	0	0	0	0	
88352	Frontal_Mid_Orb_L	0	0	5046	0	13148	0	3214	0	0	0	0	0	2634	0	10856	0	0	0	290	0	170	110	0	0	398	0	2232	0	2378	0	0	0	0	0	0	0	0	0	0	0	0	0	0	0	0	0	0	0	0	0	0	0	0	0	0	0	0	0	0	0	0	0	0	0	0	0	0	0	0	0	404	0	3058	0	0	0	0	0	0	0	0	0	238	0	0	0	0	0	0	0	0	0	0	0	0	0	0	0	0	0	0	0	0	0	0	0	0	0	0	0	0	0	0	0	0	0	
34760	Frontal_Mid_Orb_R	0	0	0	1740	0	3718	0	1792	0	0	0	0	0	132	0	6264	0	0	0	0	0	624	0	0	0	376	0	714	0	748	0	0	0	0	0	0	0	0	0	0	0	0	0	0	0	0	0	0	0	0	0	0	0	0	0	0	0	0	0	0	0	0	0	0	0	0	0	0	0	0	0	288	0	984	0	0	0	0	0	0	0	0	0	0	0	0	0	0	0	0	0	0	0	0	0	0	0	0	0	0	0	0	0	0	0	0	0	0	0	0	0	0	0	0	0	0	
255480	Frontal_Inf_Oper_L	11026	0	13068	2766	0	0	10466	0	0	0	0	674	15768	0	0	0	7916	338	10944	226	0	0	318	2474	0	0	0	0	17462	850	0	2468	286	0	0	0	230	0	0	0	0	0	0	0	0	0	0	0	0	0	2400	0	0	0	0	0	5918	0	470	0	1086	0	464	0	2746	0	428	0	0	0	1604	4860	1772	96	0	0	122	0	1370	0	2534	0	2500	386	1120	0	0	0	584	0	0	0	0	0	0	0	0	0	0	0	0	0	0	0	0	0	0	0	0	0	0	0	0	0	0	0	
308936	Frontal_Inf_Oper_R	0	8526	2812	19766	0	152	1218	12864	0	0	674	0	962	12798	0	144	0	11248	4132	7292	0	0	130	2546	0	0	0	0	1806	30954	232	2504	0	804	0	0	0	744	0	0	0	0	0	2940	0	1010	0	352	0	520	0	420	0	166	0	588	0	1474	0	0	0	0	0	0	0	0	0	2918	0	0	206	5636	0	3798	0	214	0	2236	0	0	0	328	0	8870	0	290	0	0	0	194	0	0	0	0	0	0	0	0	0	0	0	0	0	0	0	0	0	0	0	0	0	0	0	0	0	0	
270532	Frontal_Inf_Tri_L	564	0	15044	4194	1948	0	24890	118	2634	0	15768	962	0	0	9766	0	1048	600	5910	282	0	0	1068	3784	0	0	0	0	23942	1434	1490	3810	160	0	0	0	0	0	0	0	0	0	0	0	0	0	0	0	0	0	0	0	0	0	0	0	0	0	0	0	0	0	0	0	0	0	0	0	0	0	2760	9308	1664	820	0	0	100	0	0	0	354	0	314	530	0	0	0	0	0	0	0	0	0	0	0	0	0	0	0	0	0	0	0	0	0	0	0	0	0	0	0	0	0	0	0	0	
146760	Frontal_Inf_Tri_R	0	496	324	11148	0	102	0	8856	0	132	0	12798	0	0	0	1664	0	960	3522	5968	0	0	176	2436	0	0	0	0	0	16894	204	2156	0	2386	0	0	0	0	0	0	0	0	0	0	0	0	0	0	0	0	0	0	0	0	0	0	0	0	0	0	0	0	0	0	0	0	0	0	0	0	0	2120	0	760	0	0	0	0	0	0	0	0	0	278	0	0	0	0	0	0	0	0	0	0	0	0	0	0	0	0	0	0	0	0	0	0	0	0	0	0	0	0	0	0	0	0	
139224	Frontal_Inf_Orb_L	0	0	5478	0	10288	0	7860	0	10856	0	0	0	9766	0	0	0	0	0	626	0	1178	322	154	0	0	0	1182	0	12164	0	366	0	0	0	0	0	0	0	202	0	98	0	0	0	0	0	0	0	0	0	0	0	0	0	0	0	0	0	0	0	0	0	0	0	0	0	0	0	0	0	996	272	5748	0	0	0	0	0	0	0	0	0	2056	0	0	0	0	0	0	0	0	0	0	0	0	0	0	0	0	0	0	0	0	0	0	0	0	0	0	0	0	0	0	0	0	0	
88940	Frontal_Inf_Orb_R	0	0	0	5108	0	3452	0	4634	0	6264	0	144	0	1664	0	0	0	0	534	616	504	2414	0	402	0	538	110	2274	0	8028	180	502	0	614	0	0	0	0	0	0	0	0	0	0	0	0	0	0	0	0	0	0	0	0	0	0	0	0	0	0	0	0	0	0	0	0	0	0	0	0	272	1682	158	4190	0	0	0	0	0	0	0	0	0	186	0	0	0	0	0	0	0	0	0	0	0	0	0	0	0	0	0	0	0	0	0	0	0	0	0	0	0	0	0	0	0	0	
182324	Rolandic_Oper_L	8366	0	8600	0	0	0	3520	0	0	0	7916	0	1048	0	0	0	0	0	5298	0	0	0	0	0	0	0	0	0	13722	0	0	0	332	0	0	0	254	0	0	0	0	0	0	0	0	0	0	0	234	0	2958	0	0	0	296	0	8932	0	1406	0	100	0	3800	0	760	0	1516	0	356	0	0	0	316	0	0	0	0	0	3562	0	11810	0	1708	0	2672	0	0	0	1680	0	0	0	0	0	0	0	0	0	0	0	0	0	0	0	0	0	0	0	0	0	0	0	0	0	0	0	
265964	Rolandic_Oper_R	172	980	5170	12224	0	126	3208	5604	0	0	338	11248	600	960	0	0	0	0	6636	4384	0	0	0	676	0	348	0	0	1988	24602	128	1506	0	92	0	0	106	1384	0	214	0	0	0	428	0	534	0	202	0	578	0	164	0	184	0	850	0	3672	0	270	0	0	0	1992	0	0	0	1148	0	0	1708	9550	94	4426	0	132	0	2852	0	2542	0	11218	0	5826	0	1196	0	0	0	722	0	0	0	0	0	0	0	0	0	0	0	0	0	0	0	0	0	0	0	0	0	0	0	0	0	0	
784688	Supp_Motor_Area_L	2284	9326	86824	26438	1034	0	19678	2512	290	0	10944	4132	5910	3522	626	534	5298	6636	0	47932	0	0	9756	5570	116	0	0	0	20316	8590	3846	8176	5096	32132	928	1004	2100	926	0	140	0	0	0	652	0	454	0	94	0	396	304	114	0	0	1284	232	630	1988	88	168	206	0	0	148	142	0	152	1048	10900	1242	5874	9320	10104	2410	818	1004	1448	268	272	456	2536	1252	1162	846	126	112	0	0	1386	92	0	0	0	0	0	0	0	0	0	0	0	0	0	0	0	0	0	0	0	0	0	0	0	0	0	0	
514424	Supp_Motor_Area_R	6646	4054	16912	38384	0	0	1296	1086	0	0	226	7292	282	5968	0	616	0	4384	47932	0	0	0	1348	5328	0	0	0	0	504	11818	1914	8322	2570	50268	692	3378	0	844	0	774	0	0	0	284	0	140	0	616	0	116	204	0	0	0	0	1422	508	616	218	0	284	0	0	166	0	0	146	1254	9468	8014	204	2902	880	2384	466	0	434	122	0	0	0	1222	0	2042	0	0	0	0	0	262	0	0	0	0	0	0	0	0	0	0	0	0	0	0	0	0	0	0	0	0	0	0	0	0	0	0	
67292	Olfactory_L	0	0	0	0	1238	250	0	0	170	0	0	0	0	0	1178	504	0	0	0	0	0	5954	0	0	444	274	2690	1120	1840	452	2376	1686	0	0	0	0	90	0	754	0	542	0	0	0	0	0	0	0	0	0	0	0	0	0	0	0	0	0	0	0	0	0	0	0	0	0	0	0	0	0	5256	2968	2434	570	0	0	0	0	0	0	0	0	856	0	0	0	0	0	0	0	0	0	0	0	0	0	0	0	0	0	0	0	0	0	0	0	0	0	0	0	0	0	0	0	0	0	
90668	Olfactory_R	0	0	0	0	624	824	0	0	110	624	0	0	0	0	322	2414	0	0	0	0	5954	0	0	0	504	854	2358	2758	0	2238	3228	2930	0	0	0	0	0	0	0	0	0	170	0	0	0	0	0	0	0	0	0	0	0	0	0	0	0	0	0	0	0	0	0	0	0	0	0	0	0	0	7376	6902	3218	1714	0	0	0	0	0	0	0	0	0	212	0	0	0	0	0	0	0	0	0	0	0	0	0	0	0	0	0	0	0	0	0	0	0	0	0	0	0	0	0	0	0	0	
253032	Frontal_Sup_Medial_L	100	0	32210	7108	1764	518	12062	154	0	0	318	130	1068	176	154	0	0	0	9756	1348	0	0	0	15692	1986	1772	0	0	3520	256	12556	10384	3382	8454	0	0	0	0	0	0	0	0	0	0	0	0	0	0	0	0	0	0	0	0	0	0	0	0	0	0	0	0	0	0	0	0	0	0	0	0	528	208	824	88	0	0	0	0	0	0	0	0	0	0	0	0	0	0	0	0	0	0	0	0	0	0	0	0	0	0	0	0	0	0	0	0	0	0	0	0	0	0	0	0	0	0	
336296	Frontal_Sup_Medial_R	0	0	4406	37274	142	2290	1892	2246	0	0	2474	2546	3784	2436	0	402	0	676	5570	5328	0	0	15692	0	382	4840	0	366	4416	5240	5132	28818	946	10084	0	0	0	0	0	0	0	0	0	0	0	0	0	0	0	0	0	0	0	0	0	0	0	0	0	0	0	0	0	0	0	0	0	0	0	0	496	14990	316	4624	0	0	0	0	0	0	0	0	0	340	0	0	0	0	0	0	0	0	0	0	0	0	0	0	0	0	0	0	0	0	0	0	0	0	0	0	0	0	0	0	0	0	
43924	Frontal_Med_Orb_L	0	0	1146	0	4602	316	0	0	398	0	0	0	0	0	0	0	0	0	116	0	444	504	1986	382	0	1902	2706	182	114	0	4586	1668	0	0	0	0	0	0	0	0	0	0	0	0	0	0	0	0	0	0	0	0	0	0	0	0	0	0	0	0	0	0	0	0	0	0	0	0	0	0	352	288	270	0	0	0	0	0	0	0	0	0	0	0	0	0	0	0	0	0	0	0	0	0	0	0	0	0	0	0	0	0	0	0	0	0	0	0	0	0	0	0	0	0	0	0	
89004	Frontal_Med_Orb_R	0	0	100	2222	140	6376	0	0	0	376	0	0	0	0	0	538	0	348	0	0	274	854	1772	4840	1902	0	0	5992	0	666	2288	7626	0	0	0	0	0	0	0	0	0	0	0	0	0	0	0	0	0	0	0	0	0	0	0	0	0	0	0	0	0	0	0	0	0	0	0	0	0	0	132	4990	0	3066	0	0	0	0	0	0	0	0	0	0	0	0	0	0	0	0	0	0	0	0	0	0	0	0	0	0	0	0	0	0	0	0	0	0	0	0	0	0	0	0	0	0	
57112	Rectus_L	0	0	214	0	7316	0	0	0	2232	0	0	0	0	0	1182	110	0	0	0	0	2690	2358	0	0	2706	0	0	408	236	0	3230	1438	0	0	0	0	0	0	0	0	0	0	0	0	0	0	0	0	0	0	0	0	0	0	0	0	0	0	0	0	0	0	0	0	0	0	0	0	0	0	2442	1064	582	242	0	0	0	0	0	0	0	0	106	0	0	0	0	0	0	0	0	0	0	0	0	0	0	0	0	0	0	0	0	0	0	0	0	0	0	0	0	0	0	0	0	0	
56100	Rectus_R	0	0	0	532	126	5450	0	0	0	714	0	0	0	0	0	2274	0	0	0	0	1120	2758	0	366	182	5992	408	0	0	1154	352	2028	0	0	0	0	0	0	0	0	0	0	0	0	0	0	0	0	0	0	0	0	0	0	0	0	0	0	0	0	0	0	0	0	0	0	0	0	0	0	850	1860	416	1468	0	0	0	0	0	0	0	0	0	0	0	0	0	0	0	0	0	0	0	0	0	0	0	0	0	0	0	0	0	0	0	0	0	0	0	0	0	0	0	0	0	0	
612468	Insula_L	10176	128	33424	4922	4096	0	30294	262	2378	0	17462	1806	23942	0	12164	0	13722	1988	20316	504	1840	0	3520	4416	114	0	236	0	0	3546	4518	4674	170	150	160	92	12398	106	1888	0	2602	0	360	164	0	0	328	0	0	0	1224	0	236	0	6812	0	4722	0	290	0	710	0	628	0	768	0	780	200	270	0	6870	12876	17798	1136	98	0	1282	142	4624	0	6096	212	7572	884	2616	0	0	0	8416	0	106	0	0	0	0	0	0	0	0	0	0	0	0	0	0	0	0	0	0	0	0	0	0	0	0	0	
548080	Insula_R	200	1698	5472	29882	0	1086	3822	14760	0	748	850	30954	1434	16894	0	8028	0	24602	8590	11818	452	2238	256	5240	0	666	0	1154	3546	0	692	6132	112	2242	0	0	106	5230	0	1926	0	600	0	94	0	318	0	118	0	214	0	158	0	0	0	2092	0	200	0	106	0	0	0	0	0	0	0	530	0	0	1936	17934	292	24350	0	340	148	3796	0	2930	0	11694	0	10348	0	2568	0	158	0	2286	0	0	0	0	0	0	0	0	0	0	0	0	0	0	0	0	0	0	0	0	0	0	0	0	0	0	
214300	Cingulum_Ant_L	0	0	11450	3096	2842	282	3016	0	0	0	0	232	1490	204	366	180	0	128	3846	1914	2376	3228	12556	5132	4586	2288	3230	352	4518	692	0	17000	2416	3866	278	0	0	0	0	0	0	0	0	0	0	0	0	0	0	0	0	0	0	0	0	0	0	0	0	0	0	0	0	0	0	0	0	0	0	0	4592	5126	3880	1988	0	0	0	0	0	0	0	0	0	0	0	0	0	0	0	0	0	0	0	0	0	0	0	0	0	0	0	0	0	0	0	0	0	0	0	0	0	0	0	0	0	0	
417332	Cingulum_Ant_R	0	0	4734	26688	98	1380	2304	284	0	0	2468	2504	3810	2156	0	502	0	1506	8176	8322	1686	2930	10384	28818	1668	7626	1438	2028	4674	6132	17000	0	3030	17408	0	0	0	0	0	0	0	0	0	0	0	0	0	0	0	0	0	0	0	0	0	0	0	0	0	0	0	0	0	0	0	0	0	0	0	0	1890	25782	890	9746	0	0	0	0	0	0	0	374	0	230	0	0	0	0	0	0	0	0	0	0	0	0	0	0	0	0	0	0	0	0	0	0	0	0	0	0	0	0	0	0	0	0	
177424	Cingulum_Mid_L	680	580	1228	1644	0	0	566	0	0	0	286	0	160	0	0	0	332	0	5096	2570	0	0	3382	946	0	0	0	0	170	112	2416	3030	0	12988	5682	2684	0	0	0	0	0	0	750	342	794	304	0	296	1990	0	10780	0	0	0	0	160	1312	196	2718	0	2272	0	0	0	1158	0	11714	3058	2652	1540	0	0	0	0	0	0	0	0	0	0	458	0	0	0	1424	0	0	0	242	0	0	0	0	0	0	0	0	0	0	0	0	0	0	0	0	0	0	0	0	0	0	0	0	0	0	0	
458148	Cingulum_Mid_R	5458	3492	6098	13286	0	0	834	386	0	0	0	804	0	2386	0	614	0	92	32132	50268	0	0	8454	10084	0	0	0	0	150	2242	3866	17408	12988	0	3912	10476	0	418	0	432	0	0	122	1924	226	2102	0	1024	0	672	222	0	0	0	0	1522	360	1020	162	0	202	0	0	156	0	0	1280	10424	8944	10046	152	536	404	258	240	0	376	0	0	0	0	128	0	0	0	0	0	0	0	292	0	0	0	0	0	0	0	0	0	0	0	0	0	0	0	0	0	0	0	0	0	0	0	0	0	0	
152416	Cingulum_Post_L	2582	1198	88	0	0	0	118	0	0	0	0	0	0	0	0	0	0	0	928	692	0	0	0	0	0	0	0	0	160	0	278	0	5682	3912	0	10768	5724	2052	1596	1084	0	0	2598	250	764	826	2314	906	1472	224	2346	0	110	0	146	3856	326	822	126	0	430	0	0	0	180	0	7650	4224	3698	1330	0	0	106	0	0	0	2318	0	242	0	90	0	0	0	638	0	0	0	118	1236	0	0	0	0	0	0	0	0	0	0	0	0	0	0	0	0	0	0	0	0	0	0	0	0	0	0	
194264	Cingulum_Post_R	2744	2392	272	0	0	0	168	0	0	0	0	0	0	0	0	0	0	0	1004	3378	0	0	0	0	0	0	0	0	92	0	0	0	2684	10476	10768	0	2472	5312	94	3328	0	0	0	2090	0	886	0	6496	0	112	186	0	0	0	0	6772	364	1900	0	0	474	0	0	0	122	0	760	13476	1726	6934	246	0	112	0	0	0	5370	864	0	0	0	0	0	0	94	108	0	0	0	1622	0	0	0	0	0	0	0	840	0	0	0	0	0	0	0	0	0	0	0	0	394	0	0	0	0	0	
261308	Hippocampus_L	7976	248	3492	0	0	0	2770	0	0	0	230	0	0	0	0	0	254	106	2100	0	90	0	0	0	0	0	0	0	12398	106	0	0	0	0	5724	2472	0	788	12806	400	5146	0	3482	0	0	120	6786	588	0	116	1018	0	968	0	15770	216	458	176	0	88	372	0	414	0	452	0	4712	818	92	0	496	162	8916	0	1056	0	3826	130	2912	0	1978	0	1306	0	2118	0	0	0	13596	0	186	0	0	0	0	0	0	0	0	0	0	0	0	0	0	0	0	0	0	220	0	0	0	0	0	0	
280280	Hippocampus_R	1828	3032	712	1010	0	0	278	224	0	0	0	744	0	0	0	0	0	1384	926	844	0	0	0	0	0	0	0	0	106	5230	0	0	0	418	2052	5312	788	0	130	29916	0	6876	0	642	0	480	0	11010	0	384	268	120	0	0	0	27492	498	322	126	188	344	0	0	146	176	0	146	3112	394	0	800	332	118	5810	0	284	4730	8184	0	302	0	728	0	258	0	1460	0	0	0	7102	0	134	0	0	0	0	0	1788	0	244	0	0	0	0	0	0	0	0	0	0	208	0	0	0	0	0	
81852	ParaHippocampal_L	888	0	94	0	140	0	286	0	0	0	0	0	0	0	202	0	0	0	0	0	754	0	0	0	0	0	0	0	1888	0	0	0	0	0	1596	94	12806	130	0	100	2216	0	1598	0	0	0	5724	238	0	0	804	0	740	0	4486	0	0	0	0	0	0	0	0	0	0	0	1682	0	0	0	0	0	948	0	0	0	738	0	0	0	92	0	390	0	112	0	0	0	1230	0	0	0	0	0	316	0	248	0	0	0	0	0	0	0	0	0	0	0	92	294	0	0	0	0	0	0	
223620	ParaHippocampal_R	1540	796	0	362	0	0	0	0	0	0	0	0	0	0	0	0	0	214	140	774	0	0	0	0	0	0	0	0	0	1926	0	0	0	432	1084	3328	400	29916	100	0	0	5052	0	400	0	206	0	13274	0	164	360	0	0	0	0	25998	582	192	162	0	424	0	0	0	218	0	176	2394	552	0	524	116	0	3594	0	248	3182	2808	0	200	0	376	0	688	0	286	0	406	0	3518	0	410	0	0	0	0	0	3322	0	636	0	0	0	0	0	0	0	0	0	0	330	0	0	0	0	0	
32700	Amygdala_L	0	0	0	0	114	0	0	0	0	0	0	0	0	0	98	0	0	0	0	0	542	0	0	0	0	0	0	0	2602	0	0	0	0	0	0	0	5146	0	2216	0	0	0	0	0	0	0	0	0	0	0	0	0	0	0	3130	0	0	0	0	0	0	0	0	0	0	0	0	0	0	0	0	0	584	0	0	0	0	0	0	0	0	0	988	0	0	0	0	0	930	0	0	0	0	0	0	0	0	0	0	0	0	0	0	0	0	0	0	0	0	0	0	0	0	0	0	0	
51288	Amygdala_R	0	156	0	0	0	0	0	0	0	0	0	0	0	0	0	0	0	0	0	0	0	170	0	0	0	0	0	0	0	600	0	0	0	0	0	0	0	6876	0	5052	0	0	0	0	0	0	0	0	0	0	0	0	0	0	0	7690	0	0	0	0	0	0	0	0	0	0	0	0	0	0	0	118	0	174	0	0	0	210	0	0	0	0	0	1262	0	94	0	676	0	2566	0	0	0	0	0	0	0	0	0	0	0	0	0	0	0	0	0	0	0	0	0	0	0	0	0	0	
258012	Calcarine_L	562	0	0	0	0	0	160	0	0	0	0	0	0	0	0	0	0	0	0	0	0	0	0	0	0	0	0	0	360	0	0	0	750	122	2598	0	3482	0	1598	0	0	0	0	7084	15994	5638	16716	2998	16072	1626	23336	526	5586	0	2588	284	0	0	142	0	0	0	0	0	134	0	12360	1736	0	142	0	0	0	0	0	0	202	0	348	0	90	0	0	0	3546	0	0	0	550	0	564	156	0	0	0	0	216	0	354	122	0	0	0	0	0	0	0	0	0	0	264	0	0	0	0	0	
493960	Calcarine_R	1282	10086	814	710	0	0	400	744	0	0	0	2940	0	0	0	0	0	428	652	284	0	0	0	0	0	0	0	0	164	94	0	0	342	1924	250	2090	0	642	0	400	0	0	7084	0	12084	38210	2236	25760	176	26340	0	6540	0	4246	102	20520	348	10134	0	1052	0	748	0	1050	0	550	1568	45944	522	6690	710	0	102	234	0	0	162	892	0	96	0	870	0	0	0	3254	0	0	0	2648	162	0	0	0	0	0	306	0	388	0	0	0	0	0	0	0	0	0	0	0	576	430	0	0	0	0	
220872	Cuneus_L	0	0	0	0	0	0	0	0	0	0	0	0	0	0	0	0	0	0	0	0	0	0	0	0	0	0	0	0	0	0	0	0	794	226	764	0	0	0	0	0	0	0	15994	12084	0	15448	1824	724	22784	6074	12992	174	770	0	198	96	0	92	708	130	0	0	0	0	186	0	10984	5766	0	128	0	0	0	0	0	0	0	0	0	0	136	0	0	0	1098	0	0	0	262	0	0	0	0	0	0	0	0	0	0	0	0	0	0	0	0	0	0	0	0	0	0	0	0	0	0	0	
607716	Cuneus_R	518	3376	612	268	0	0	184	242	0	0	0	1010	0	0	0	0	0	534	454	140	0	0	0	0	0	0	0	0	0	318	0	0	304	2102	826	886	120	480	0	206	0	0	5638	38210	15448	0	888	11576	1166	59958	224	16006	0	3492	0	7936	116	11914	0	21808	0	6958	0	6862	0	8810	4814	55052	236	1466	382	0	178	180	0	0	100	438	0	336	0	922	0	0	0	7528	0	0	0	2116	0	0	0	0	0	0	0	0	158	0	0	0	0	0	0	0	0	0	0	0	160	202	0	0	0	0	
394824	Lingual_L	650	0	0	0	0	0	170	0	0	0	0	0	0	0	0	0	0	0	0	0	0	0	0	0	0	0	0	0	328	0	0	0	0	0	2314	0	6786	0	5724	0	0	0	16716	2236	1824	888	0	6228	3328	140	31584	0	26290	0	28644	92	0	0	0	0	0	0	166	0	152	0	5472	0	0	0	0	0	188	0	0	0	894	0	492	0	266	0	0	0	1318	0	0	0	1368	0	7862	1282	0	248	142	126	11936	110	15436	1522	0	0	90	374	0	0	0	0	0	162	7618	5246	904	96	0	0	
464976	Lingual_R	1094	1530	196	164	0	0	108	0	0	0	0	352	0	0	0	0	0	202	94	616	0	0	0	0	0	0	0	0	0	118	0	0	296	1024	906	6496	588	11010	238	13274	0	0	2998	25760	724	11576	6228	0	0	10846	1130	4200	2198	3292	3544	32990	316	1012	0	232	128	140	0	258	0	100	1286	17988	172	1682	482	0	0	104	0	0	2936	1024	0	0	0	686	0	0	0	1806	0	0	0	838	3152	4686	136	606	0	136	3530	6968	7880	7152	0	0	0	442	0	0	0	0	0	142	11490	9502	1100	392	0	192	
222300	Occipital_Sup_L	144	0	0	0	0	0	112	0	0	0	0	0	0	0	0	0	234	0	0	0	0	0	0	0	0	0	0	0	0	0	0	0	1990	0	1472	0	0	0	0	0	0	0	16072	176	22784	1166	3328	0	0	0	33902	0	1696	0	334	0	0	0	7034	0	842	0	0	0	96	0	17566	1294	0	0	0	0	0	0	0	0	0	0	0	0	206	0	0	0	428	0	0	0	274	0	0	0	0	0	0	0	0	0	0	0	0	0	0	0	0	0	0	0	0	0	0	0	0	0	0	0	
541416	Occipital_Sup_R	422	2098	554	0	0	0	174	90	0	0	0	520	0	0	0	0	0	578	396	116	0	0	0	0	0	0	0	0	0	214	0	0	0	672	224	112	116	384	0	164	0	0	1626	26340	6074	59958	140	10846	0	0	0	24126	0	4120	0	8918	98	10760	0	23102	0	6990	0	6328	0	11256	2154	45484	162	798	364	0	172	150	0	0	0	320	0	274	0	898	0	0	0	9496	0	0	0	2418	0	0	0	0	0	0	0	0	160	0	0	0	0	0	0	0	0	0	0	0	138	204	0	0	0	0	
667196	Occipital_Mid_L	4534	932	972	0	0	0	2596	0	0	0	2400	0	0	0	0	0	2958	0	304	204	0	0	0	0	0	0	0	0	1224	0	0	0	10780	222	2346	186	1018	268	804	360	0	0	23336	0	12992	224	31584	1130	33902	0	0	0	34918	0	20536	438	1716	0	15132	0	17032	0	876	0	33744	0	25680	452	438	330	428	0	110	0	0	0	326	196	484	0	4462	0	0	0	25114	0	0	0	8412	0	2386	102	0	0	0	0	788	0	2096	118	0	0	0	0	0	0	0	0	0	0	1156	852	0	0	0	0	
248680	Occipital_Mid_R	120	904	174	0	0	0	0	0	0	0	0	420	0	0	0	0	0	164	114	0	0	0	0	0	0	0	0	0	0	158	0	0	0	0	0	0	0	120	0	0	0	0	526	6540	174	16006	0	4200	0	24126	0	0	0	8142	0	4908	0	4082	0	6482	0	2878	0	746	0	13068	0	12010	0	158	0	0	0	192	0	0	0	254	0	0	0	384	0	0	0	14634	0	0	0	2452	0	0	0	0	0	0	0	0	90	0	0	0	0	0	0	0	0	0	0	0	0	114	0	0	0	0	
275544	Occipital_Inf_L	652	0	0	0	0	0	0	0	0	0	0	0	0	0	0	0	0	0	0	0	0	0	0	0	0	0	0	0	236	0	0	0	0	0	110	0	968	0	740	0	0	0	5586	0	770	0	26290	2198	1696	0	34918	0	0	0	27194	0	642	0	0	0	418	0	632	0	638	0	1280	0	0	0	0	0	0	0	0	0	0	0	374	0	246	0	0	0	7672	0	0	0	7680	0	2594	294	0	0	0	0	2976	0	5538	390	0	0	0	128	0	0	0	0	0	104	2600	2054	154	0	0	0	
101060	Occipital_Inf_R	0	802	0	0	0	0	0	0	0	0	0	166	0	0	0	0	0	184	0	0	0	0	0	0	0	0	0	0	0	0	0	0	0	0	0	0	0	0	0	0	0	0	0	4246	0	3492	0	3292	0	4120	0	8142	0	0	0	6928	0	1422	0	906	0	364	0	544	0	430	0	2580	0	314	0	0	0	0	0	0	0	98	0	0	0	714	0	0	0	5484	0	0	0	5926	0	254	0	0	0	0	0	0	0	122	0	0	0	0	0	0	0	0	0	0	0	0	0	0	0	0	
501280	Fusiform_L	1242	0	526	0	0	0	480	0	0	0	0	0	0	0	0	0	296	0	1284	0	0	0	0	0	0	0	0	0	6812	0	0	0	0	0	146	0	15770	0	4486	0	3130	0	2588	102	198	0	28644	3544	334	0	20536	0	27194	0	0	0	148	0	0	0	0	0	0	0	186	0	1090	0	0	0	116	106	3244	0	0	0	162	0	780	0	1688	0	1706	0	7602	0	1288	0	20394	0	26486	1680	1546	458	98	156	18072	102	32100	1832	258	0	702	378	0	0	0	0	0	160	4850	4488	1332	120	0	0	
544808	Fusiform_R	2194	4136	264	966	0	0	144	100	0	0	0	588	0	0	0	0	0	850	232	1422	0	0	0	0	0	0	0	0	0	2092	0	0	160	1522	3856	6772	216	27492	0	25998	0	7690	284	20520	96	7936	92	32990	0	8918	438	4908	0	6928	0	0	870	1700	208	496	686	246	0	454	294	188	982	15878	1722	1270	540	0	0	1758	0	212	1662	2346	0	220	0	1638	0	3272	0	8208	0	3022	0	25436	134	9006	0	594	0	0	168	6454	200	10440	0	0	0	394	0	0	0	0	0	0	1056	610	236	0	0	0	
257488	Postcentral_L	25562	944	2858	0	0	0	2330	0	0	0	5918	0	0	0	0	0	8932	0	630	508	0	0	0	0	0	0	0	0	4722	0	0	0	1312	360	326	364	458	498	0	582	0	0	0	348	0	116	0	316	0	98	1716	0	642	0	148	870	0	150	7886	0	19350	0	11362	0	5650	0	2890	526	1350	212	378	0	592	0	0	0	560	0	2236	0	6122	0	0	0	4946	0	0	0	3812	164	0	0	0	0	0	0	0	0	0	0	0	0	0	0	0	0	0	0	0	0	0	0	0	0	0	0	
303712	Postcentral_R	734	24190	1628	1596	0	0	442	1116	0	0	0	1474	0	0	0	0	0	3672	1988	616	0	0	0	0	0	0	0	0	0	200	0	0	196	1020	822	1900	176	322	0	192	0	0	0	10134	92	11914	0	1012	0	10760	0	4082	0	1422	0	1700	150	0	0	9332	0	2834	0	9288	0	3476	288	23756	1286	11066	498	0	264	0	96	0	0	230	0	256	0	710	0	0	0	3358	0	0	0	1568	0	0	0	0	0	0	0	0	0	0	0	0	0	0	0	0	0	0	0	0	0	0	0	0	0	0	
152052	Parietal_Sup_L	1898	468	366	0	0	0	994	0	0	0	470	0	0	0	0	0	1406	0	88	218	0	0	0	0	0	0	0	0	290	0	0	0	2718	162	126	0	0	126	0	162	0	0	142	0	708	0	0	0	7034	0	15132	0	0	0	0	208	7886	0	0	0	13052	0	0	0	3000	0	15514	0	204	130	112	0	0	0	0	0	116	0	0	0	1298	0	0	0	1112	0	0	0	886	0	0	0	0	0	0	0	0	0	0	0	0	0	0	0	0	0	0	0	0	0	0	0	0	0	0	0	
244036	Parietal_Sup_R	0	866	194	0	0	0	0	0	0	0	0	0	0	0	0	0	0	270	168	0	0	0	0	0	0	0	0	0	0	106	0	0	0	0	0	0	88	188	0	0	0	0	0	1052	130	21808	0	232	0	23102	0	6482	0	906	0	496	0	9332	0	0	0	7706	0	7028	0	10392	0	24482	0	212	152	0	108	0	0	0	0	0	0	124	0	532	0	0	0	4884	0	0	0	978	0	0	0	0	0	0	0	0	0	0	0	0	0	0	0	0	0	0	0	0	0	0	0	0	0	0	
232928	Parietal_Inf_L	6838	568	770	0	0	0	4054	0	0	0	1086	0	0	0	0	0	100	0	206	284	0	0	0	0	0	0	0	0	710	0	0	0	2272	202	430	474	372	344	0	424	0	0	0	0	0	0	0	128	842	0	17032	0	418	0	0	686	19350	0	13052	0	0	0	10348	0	21776	0	2380	232	458	144	524	0	0	0	0	0	558	374	236	0	316	0	0	0	6510	0	0	0	1840	126	0	0	0	0	0	0	0	0	0	0	0	0	0	0	0	0	0	0	0	0	0	0	0	0	0	0	
115476	Parietal_Inf_R	0	278	0	0	0	0	0	0	0	0	0	0	0	0	0	0	0	0	0	0	0	0	0	0	0	0	0	0	0	0	0	0	0	0	0	0	0	0	0	0	0	0	0	748	0	6958	0	140	0	6990	0	2878	0	364	0	246	0	2834	0	7706	0	0	0	8424	0	10966	0	7290	0	0	0	0	0	0	0	0	0	0	0	0	0	210	0	0	0	1364	0	0	0	342	0	0	0	0	0	0	0	0	0	0	0	0	0	0	0	0	0	0	0	0	0	0	0	0	0	0	
124844	SupraMarginal_L	2902	0	138	0	0	0	922	0	0	0	464	0	0	0	0	0	3800	0	0	0	0	0	0	0	0	0	0	0	628	0	0	0	0	0	0	0	414	0	0	0	0	0	0	0	0	0	166	0	0	0	876	0	632	0	0	0	11362	0	0	0	10348	0	0	0	9014	0	0	0	0	0	0	0	0	0	0	0	0	0	1300	0	7000	0	0	0	8124	0	0	0	4332	0	0	0	0	0	0	0	0	0	0	0	0	0	0	0	0	0	0	0	0	0	0	0	0	0	0	0	
136732	SupraMarginal_R	0	2008	182	174	0	0	0	0	0	0	0	0	0	0	0	0	0	1992	148	166	0	0	0	0	0	0	0	0	0	0	0	0	0	156	0	0	0	146	0	0	0	0	0	1050	0	6862	0	258	0	6328	0	746	0	544	0	454	0	9288	0	7028	0	8424	0	0	0	8384	0	7484	0	100	104	0	0	0	0	0	0	0	0	0	0	3192	0	0	0	2676	0	0	0	472	0	0	0	0	0	0	0	0	0	0	0	0	0	0	0	0	0	0	0	0	0	0	0	0	0	0	
254828	Angular_L	5328	148	618	0	0	0	1600	0	0	0	2746	0	0	0	0	0	760	0	142	0	0	0	0	0	0	0	0	0	768	0	0	0	1158	0	180	122	452	176	0	218	0	0	134	0	186	0	152	0	96	0	33744	0	638	0	186	294	5650	0	3000	0	21776	0	9014	0	0	0	1514	0	94	0	318	0	0	0	0	0	212	152	1468	0	5090	0	0	0	21952	0	0	0	7328	0	0	0	0	0	0	0	0	0	0	0	0	0	0	0	0	0	0	0	0	0	0	0	0	0	0	0	
175460	Angular_R	0	124	0	0	0	0	0	0	0	0	0	0	0	0	0	0	0	0	0	0	0	0	0	0	0	0	0	0	0	0	0	0	0	0	0	0	0	0	0	0	0	0	0	550	0	8810	0	100	0	11256	0	13068	0	430	0	188	0	3476	0	10392	0	10966	0	8384	0	0	0	9424	0	0	0	0	0	0	0	0	0	0	0	0	0	2036	0	0	0	8232	0	0	0	294	0	0	0	0	0	0	0	0	0	0	0	0	0	0	0	0	0	0	0	0	0	0	0	0	0	0	
322368	Precuneus_L	2218	532	410	0	0	0	982	0	0	0	428	0	0	0	0	0	1516	0	152	146	0	0	0	0	0	0	0	0	780	0	0	0	11714	1280	7650	760	4712	146	1682	176	0	0	12360	1568	10984	4814	5472	1286	17566	2154	25680	0	1280	0	1090	982	2890	288	15514	0	2380	0	0	0	1514	0	0	8822	898	1444	100	0	0	0	0	0	388	0	544	0	1422	0	0	0	2914	0	0	0	1546	0	0	0	0	0	0	0	0	0	0	0	0	0	0	0	0	0	0	0	0	0	0	0	0	0	0	0	
766260	Precuneus_R	2084	10692	1490	694	0	0	676	764	0	0	0	2918	0	0	0	0	0	1148	1048	1254	0	0	0	0	0	0	0	0	200	530	0	0	3058	10424	4224	13476	818	3112	0	2394	0	0	1736	45944	5766	55052	0	17988	1294	45484	452	12010	0	2580	0	15878	526	23756	0	24482	232	7290	0	7484	0	9424	8822	0	1464	13920	950	0	276	278	102	0	1598	1502	0	566	0	1332	0	0	0	8660	0	0	0	3368	0	0	0	0	0	0	0	1144	0	0	0	0	0	0	0	0	0	0	0	0	766	0	0	0	0	0	
141824	Paracentral_Lobule_L	8306	3922	1556	392	0	0	96	0	0	0	0	0	0	0	0	0	356	0	10900	9468	0	0	0	0	0	0	0	0	270	0	0	0	2652	8944	3698	1726	92	394	0	552	0	0	0	522	0	236	0	172	0	162	438	0	0	0	0	1722	1350	1286	204	0	458	0	0	0	94	0	898	1464	0	5500	374	0	836	0	548	0	200	0	112	0	146	0	0	0	266	0	0	0	92	508	0	0	0	0	0	0	0	0	0	0	0	0	0	0	0	0	0	0	0	0	0	0	0	0	0	0	
179676	Paracentral_Lobule_R	1428	11952	212	0	0	0	0	0	0	0	0	0	0	0	0	0	0	0	1242	8014	0	0	0	0	0	0	0	0	0	0	0	0	1540	10046	1330	6934	0	0	0	0	0	0	142	6690	128	1466	0	1682	0	798	330	158	0	314	0	1270	212	11066	130	212	144	0	0	100	0	0	1444	13920	5500	0	0	0	0	0	0	0	0	0	0	0	0	140	0	0	0	606	0	0	0	556	0	0	0	0	0	0	0	0	0	0	0	0	0	0	0	0	0	0	0	0	132	0	0	0	0	0	
248476	Caudate_L	4330	940	7666	600	1740	270	8098	0	404	0	1604	206	2760	0	996	272	0	1708	5874	204	5256	7376	528	496	352	132	2442	850	6870	1936	4592	1890	0	152	0	246	496	800	0	524	0	0	0	710	0	382	0	482	0	364	428	0	0	0	116	540	378	498	112	152	524	0	0	104	318	0	100	950	374	0	0	13084	13154	2520	1232	0	12840	1574	0	0	0	312	114	0	266	0	0	0	0	0	0	0	0	0	0	0	0	0	0	0	0	0	0	0	0	0	0	0	0	0	0	0	0	0	0	0	
484640	Caudate_R	468	5086	7068	19292	386	2446	6234	674	0	288	4860	5636	9308	2120	272	1682	0	9550	9320	2902	2968	6902	208	14990	288	4990	1064	1860	12876	17934	5126	25782	0	536	0	0	162	332	0	116	0	118	0	0	0	0	0	0	0	0	0	0	0	0	106	0	0	0	0	0	0	0	0	0	0	0	0	0	0	0	13084	0	5486	20502	0	1020	186	11436	0	418	0	5054	0	1184	0	0	0	0	0	0	0	0	0	0	0	0	0	0	0	0	0	0	0	0	0	0	0	0	0	0	0	0	0	0	0	0	
300268	Putamen_L	7388	492	18836	630	5886	150	7966	0	3058	0	1772	0	1664	0	5748	158	316	94	10104	880	2434	3218	824	316	270	0	582	416	17798	292	3880	890	0	404	106	112	8916	118	948	0	584	0	0	102	0	178	188	0	0	172	110	0	0	0	3244	0	592	264	0	108	0	0	0	0	0	0	0	276	836	0	13154	5486	0	1658	7246	0	2736	0	182	0	1018	0	2328	0	120	0	0	0	2886	0	0	0	0	0	0	0	0	0	0	0	0	0	0	0	0	0	0	0	0	0	0	0	0	0	0	0	
267844	Putamen_R	0	1180	1624	11548	0	2112	700	3816	0	984	96	3798	820	760	0	4190	0	4426	2410	2384	570	1714	88	4624	0	3066	242	1468	1136	24350	1988	9746	0	258	0	0	0	5810	0	3594	0	174	0	234	0	180	0	104	0	150	0	192	0	0	0	1758	0	0	0	0	0	0	0	0	0	0	0	278	0	0	2520	20502	1658	0	0	1484	0	2444	0	270	0	758	0	1170	0	144	0	0	0	400	0	0	0	0	0	0	0	0	0	0	0	0	0	0	0	0	0	0	0	0	0	0	0	0	0	0	
49008	Pallidum_L	2508	204	6212	138	0	0	1850	0	0	0	0	0	0	0	0	0	0	0	818	466	0	0	0	0	0	0	0	0	98	0	0	0	0	240	0	0	1056	0	0	0	0	0	0	0	0	0	0	0	0	0	0	0	0	0	0	0	0	96	0	0	0	0	0	0	0	0	0	102	548	0	1232	0	7246	0	0	0	1690	0	0	0	0	0	0	0	0	0	0	0	0	0	0	0	0	0	0	0	0	0	0	0	0	0	0	0	0	0	0	0	0	0	0	0	0	0	0	0	
12236	Pallidum_R	0	164	630	190	0	0	96	100	0	0	0	214	0	0	0	0	0	132	1004	0	0	0	0	0	0	0	0	0	0	340	0	0	0	0	0	0	0	284	0	248	0	0	0	0	0	0	0	0	0	0	0	0	0	0	0	212	0	0	0	0	0	0	0	0	0	0	0	0	0	0	0	1020	0	1484	0	0	0	0	0	0	0	0	0	0	0	0	0	0	0	0	0	0	0	0	0	0	0	0	0	0	0	0	0	0	0	0	0	0	0	0	0	0	0	0	0	0	
148164	Thalamus_L	10402	708	3144	156	0	0	2636	0	0	0	122	0	100	0	0	0	0	0	1448	434	0	0	0	0	0	0	0	0	1282	148	0	0	0	376	2318	5370	3826	4730	738	3182	0	0	202	162	0	100	894	2936	0	0	326	0	0	0	162	1662	560	0	116	0	558	0	0	0	212	0	388	1598	200	0	12840	186	2736	0	1690	0	0	4280	158	0	114	0	0	0	0	0	0	0	0	0	0	0	0	0	0	0	0	708	0	0	0	0	0	0	0	0	0	0	0	174	0	0	0	0	0	0	
162244	Thalamus_R	1664	18876	534	3756	0	0	1260	190	0	0	0	2236	0	0	0	0	0	2852	268	122	0	0	0	0	0	0	0	0	142	3796	0	0	0	0	0	864	130	8184	0	2808	0	210	0	892	0	438	0	1024	0	320	196	254	0	98	0	2346	0	230	0	0	374	0	0	0	152	0	0	1502	0	0	1574	11436	0	2444	0	0	4280	0	0	0	0	3264	0	0	0	922	0	0	0	1244	0	0	0	0	0	0	0	240	0	0	0	0	0	0	0	0	0	0	0	0	0	0	0	0	0	0	
87264	Heschl_L	3960	0	1092	0	0	0	1322	0	0	0	1370	0	0	0	0	0	3562	0	272	0	0	0	0	0	0	0	0	0	4624	0	0	0	0	0	242	0	2912	0	0	0	0	0	348	0	0	0	492	0	0	0	484	0	374	0	780	0	2236	0	0	0	236	0	1300	0	1468	0	544	0	112	0	0	0	182	0	0	0	158	0	0	0	4792	0	0	0	6406	0	0	0	4364	0	0	0	0	0	0	0	0	0	0	0	0	0	0	0	0	0	0	0	0	0	0	0	0	0	0	0	
35952	Heschl_R	0	0	406	204	0	0	160	0	0	0	0	0	0	0	0	0	0	2542	456	0	0	0	0	0	0	0	0	0	0	2930	0	0	0	0	0	0	0	302	0	200	0	0	0	96	0	336	0	0	0	274	0	0	0	0	0	220	0	256	0	124	0	0	0	0	0	0	0	566	0	0	0	418	0	270	0	0	0	0	0	0	0	6980	0	0	0	986	0	0	0	250	0	0	0	0	0	0	0	0	0	0	0	0	0	0	0	0	0	0	0	0	0	0	0	0	0	0	
202392	Temporal_Sup_L	3366	0	3308	0	0	0	812	0	0	0	2534	0	354	0	0	0	11810	0	2536	0	0	0	0	0	0	0	0	0	6096	0	0	0	458	0	90	0	1978	0	92	0	0	0	90	0	136	0	266	0	206	0	4462	0	246	0	1688	0	6122	0	1298	0	316	0	7000	0	5090	0	1422	0	146	0	0	0	1018	0	0	0	114	0	4792	0	0	0	2402	0	18944	0	0	0	12004	0	0	0	0	0	0	0	0	0	0	0	0	0	0	0	0	0	0	0	0	0	0	0	0	0	0	0	
167232	Temporal_Sup_R	94	682	1150	2230	0	0	758	478	0	0	0	328	0	0	0	0	0	11218	1252	1222	0	0	0	0	0	0	0	0	212	11694	0	374	0	128	0	0	0	728	0	376	0	0	0	870	0	922	0	686	0	898	0	384	0	714	0	1638	0	710	0	532	0	210	0	3192	0	2036	0	1332	0	140	312	5054	0	758	0	0	0	3264	0	6980	0	0	0	3300	0	13580	0	664	0	2516	0	0	0	0	0	0	0	0	0	0	0	0	0	0	0	0	0	0	0	0	0	0	0	0	0	0	
79832	Temporal_Pole_Sup_L	0	0	1122	0	586	0	146	0	238	0	2500	0	314	0	2056	0	1708	0	1162	0	856	0	0	0	0	0	106	0	7572	0	0	0	0	0	0	0	1306	0	390	0	988	0	0	0	0	0	0	0	0	0	0	0	0	0	1706	0	0	0	0	0	0	0	0	0	0	0	0	0	0	0	114	0	2328	0	0	0	0	0	0	0	2402	0	0	0	4330	0	3398	0	4588	0	0	0	0	0	0	0	0	0	0	0	0	0	0	0	0	0	0	0	0	0	0	0	0	0	0	0	
122364	Temporal_Pole_Sup_R	0	0	804	4926	0	0	534	2426	0	0	386	8870	530	278	0	186	0	5826	846	2042	0	212	0	340	0	0	0	0	884	10348	0	230	0	0	0	0	0	258	0	688	0	1262	0	0	0	0	0	0	0	0	0	0	0	0	0	3272	0	0	0	0	0	0	0	0	0	0	0	0	0	0	0	1184	0	1170	0	0	0	0	0	0	0	3300	0	0	0	2576	0	4272	0	3532	0	0	0	0	0	0	0	0	0	0	0	0	0	0	0	0	0	0	0	0	0	0	0	0	0	0	
381624	Temporal_Mid_L	6412	180	128	0	0	0	228	0	0	0	1120	0	0	0	0	0	2672	0	126	0	0	0	0	0	0	0	0	0	2616	0	0	0	1424	0	638	94	2118	0	112	0	0	0	3546	0	1098	0	1318	0	428	0	25114	0	7672	0	7602	0	4946	0	1112	0	6510	0	8124	0	21952	0	2914	0	266	0	266	0	120	0	0	0	0	0	6406	0	18944	0	4330	0	0	0	2496	0	47300	0	480	0	0	0	0	0	0	0	0	0	0	0	0	0	0	0	0	0	0	0	0	0	0	0	0	0	
272996	Temporal_Mid_R	126	1474	176	0	0	0	0	0	0	0	0	290	0	0	0	0	0	1196	112	0	0	0	0	0	0	0	0	0	0	2568	0	0	0	0	0	108	0	1460	0	286	0	94	0	3254	0	7528	0	1806	0	9496	0	14634	0	5484	0	8208	0	3358	0	4884	0	1364	0	2676	0	8232	0	8660	0	606	0	0	0	144	0	0	0	922	0	986	0	13580	0	2576	0	0	0	1450	0	28760	0	0	0	0	0	0	0	0	0	0	0	0	0	0	0	0	0	0	0	0	0	0	0	0	0	0	
20416	Temporal_Pole_Mid_L	0	0	0	0	0	0	0	0	0	0	0	0	0	0	0	0	0	0	0	0	0	0	0	0	0	0	0	0	0	0	0	0	0	0	0	0	0	0	0	0	0	0	0	0	0	0	0	0	0	0	0	0	0	0	1288	0	0	0	0	0	0	0	0	0	0	0	0	0	0	0	0	0	0	0	0	0	0	0	0	0	0	0	3398	0	2496	0	0	0	3026	0	0	0	0	0	0	0	0	0	0	0	0	0	0	0	0	0	0	0	0	0	0	0	0	0	0	0	
27636	Temporal_Pole_Mid_R	0	0	0	0	0	0	0	0	0	0	0	0	0	0	0	0	0	0	0	0	0	0	0	0	0	0	0	0	0	158	0	0	0	0	0	0	0	0	0	406	0	676	0	0	0	0	0	0	0	0	0	0	0	0	0	3022	0	0	0	0	0	0	0	0	0	0	0	0	0	0	0	0	0	0	0	0	0	0	0	0	0	664	0	4272	0	1450	0	0	0	3170	0	0	0	0	0	0	0	0	0	0	0	0	0	0	0	0	0	0	0	0	0	0	0	0	0	0	
351124	Temporal_Inf_L	3744	0	1154	0	0	0	170	0	0	0	584	0	0	0	0	0	1680	0	1386	0	0	0	0	0	0	0	0	0	8416	0	0	0	242	0	118	0	13596	0	1230	0	930	0	550	0	262	0	1368	0	274	0	8412	0	7680	0	20394	0	3812	0	886	0	1840	0	4332	0	7328	0	1546	0	92	0	0	0	2886	0	0	0	0	0	4364	0	12004	0	4588	0	47300	0	3026	0	0	0	6122	0	1696	0	0	0	278	0	1154	0	118	0	0	0	0	0	0	0	0	0	0	0	0	0	0	0	
228036	Temporal_Inf_R	514	1412	130	284	0	0	0	0	0	0	0	194	0	0	0	0	0	722	92	262	0	0	0	0	0	0	0	0	0	2286	0	0	0	292	1236	1622	0	7102	0	3518	0	2566	0	2648	0	2116	0	838	0	2418	0	2452	0	5926	0	25436	164	1568	0	978	126	342	0	472	0	294	0	3368	508	556	0	0	0	400	0	0	0	1244	0	250	0	2516	0	3532	0	28760	0	3170	0	0	0	1008	0	588	0	0	0	0	0	108	0	0	0	0	0	0	0	0	0	0	0	0	0	0	0	0	
626024	Cerebelum_Crus1_L	0	0	0	0	0	0	0	0	0	0	0	0	0	0	0	0	0	0	0	0	0	0	0	0	0	0	0	0	106	0	0	0	0	0	0	0	186	0	0	0	0	0	564	162	0	0	7862	3152	0	0	2386	0	2594	0	26486	134	0	0	0	0	0	0	0	0	0	0	0	0	0	0	0	0	0	0	0	0	0	0	0	0	0	0	0	0	480	0	0	0	6122	0	0	8050	35846	13324	1914	364	36840	980	66916	7788	13910	3166	16976	7344	3602	320	0	0	1116	2292	8790	10146	17692	4536	600	266	
515220	Cerebelum_Crus1_R	0	0	0	0	0	0	0	0	0	0	0	0	0	0	0	0	0	0	0	0	0	0	0	0	0	0	0	0	0	0	0	0	0	0	0	0	0	134	0	410	0	0	156	0	0	0	1282	4686	0	0	102	0	294	254	1680	9006	0	0	0	0	0	0	0	0	0	0	0	0	0	0	0	0	0	0	0	0	0	0	0	0	0	0	0	0	0	0	0	0	0	1008	8050	0	3648	40468	0	4680	3122	29004	7514	66614	1250	5282	808	16038	242	710	0	0	122	1960	16866	14792	14344	1932	582	570	
318312	Cerebelum_Crus2_L	0	0	0	0	0	0	0	0	0	0	0	0	0	0	0	0	0	0	0	0	0	0	0	0	0	0	0	0	0	0	0	0	0	0	0	0	0	0	0	0	0	0	0	0	0	0	0	136	0	0	0	0	0	0	1546	0	0	0	0	0	0	0	0	0	0	0	0	0	0	0	0	0	0	0	0	0	0	0	0	0	0	0	0	0	0	0	0	0	1696	0	35846	3648	0	14282	492	284	2250	800	6424	3010	32866	4442	26548	4540	2506	100	0	0	136	318	496	906	12260	3508	116	0	
478648	Cerebelum_Crus2_R	0	0	0	0	0	0	0	0	0	0	0	0	0	0	0	0	0	0	0	0	0	0	0	0	0	0	0	0	0	0	0	0	0	0	0	0	0	0	0	0	0	0	0	0	0	0	248	606	0	0	0	0	0	0	458	594	0	0	0	0	0	0	0	0	0	0	0	0	0	0	0	0	0	0	0	0	0	0	0	0	0	0	0	0	0	0	0	0	0	588	13324	40468	14282	0	996	1798	4096	4800	8508	20802	10528	21700	7194	27660	1160	5066	0	198	1328	2636	2708	6772	25056	11090	3650	1010	
46532	Cerebelum_3_L	0	0	0	0	0	0	0	0	0	0	0	0	0	0	0	0	0	0	0	0	0	0	0	0	0	0	0	0	0	0	0	0	0	0	0	0	0	0	316	0	0	0	0	0	0	0	142	0	0	0	0	0	0	0	98	0	0	0	0	0	0	0	0	0	0	0	0	0	0	0	0	0	0	0	0	0	0	0	0	0	0	0	0	0	0	0	0	0	0	0	1914	0	492	996	0	0	5812	0	2382	0	312	314	1598	836	3068	0	452	0	974	1462	160	152	1096	526	164	0	
77936	Cerebelum_3_R	0	0	0	0	0	0	0	0	0	0	0	0	0	0	0	0	0	0	0	0	0	0	0	0	0	0	0	0	0	0	0	0	0	0	0	0	0	0	0	0	0	0	0	0	0	0	126	136	0	0	0	0	0	0	156	0	0	0	0	0	0	0	0	0	0	0	0	0	0	0	0	0	0	0	0	0	0	0	0	0	0	0	0	0	0	0	0	0	0	0	364	4680	284	1798	0	0	770	6312	370	7450	0	720	110	2380	0	1232	0	262	1340	5082	1616	366	638	1854	922	0	
408800	Cerebelum_4_5_L	0	0	0	0	0	0	0	0	0	0	0	0	0	0	0	0	0	0	0	0	0	0	0	0	0	0	0	0	0	0	0	0	0	0	0	0	0	0	248	0	0	0	216	306	0	0	11936	3530	0	0	788	0	2976	0	18072	168	0	0	0	0	0	0	0	0	0	0	0	0	0	0	0	0	0	0	0	0	0	0	0	0	0	0	0	0	0	0	0	0	278	0	36840	3122	2250	4096	5812	770	0	818	49764	5130	1770	1368	5370	5836	3780	472	572	0	1896	4160	17700	3920	4628	3928	1232	648	
256944	Cerebelum_4_5_R	166	0	0	0	0	0	0	0	0	0	0	0	0	0	0	0	0	0	0	0	0	0	0	0	0	0	0	0	0	0	0	0	0	0	0	840	0	1788	0	3322	0	0	0	0	0	0	110	6968	0	0	0	0	0	0	102	6454	0	0	0	0	0	0	0	0	0	0	0	1144	0	0	0	0	0	0	0	0	708	240	0	0	0	0	0	0	0	0	0	0	0	0	980	29004	800	4800	0	6312	818	0	838	36308	192	392	104	5200	0	328	0	0	0	1316	13170	2374	2046	1152	320	176	
579968	Cerebelum_6_L	0	0	0	0	0	0	0	0	0	0	0	0	0	0	0	0	0	0	0	0	0	0	0	0	0	0	0	0	0	0	0	0	0	0	0	0	0	0	0	0	0	0	354	388	0	158	15436	7880	0	160	2096	90	5538	0	32100	200	0	0	0	0	0	0	0	0	0	0	0	0	0	0	0	0	0	0	0	0	0	0	0	0	0	0	0	0	0	0	0	0	1154	0	66916	7514	6424	8508	2382	370	49764	838	0	8274	3856	2328	7438	6124	3712	232	114	0	1094	2226	14412	14514	12308	4272	526	284	
500184	Cerebelum_6_R	0	0	0	0	0	0	0	0	0	0	0	0	0	0	0	0	0	0	0	0	0	0	0	0	0	0	0	0	0	0	0	0	0	0	0	0	0	244	0	636	0	0	122	0	0	0	1522	7152	0	0	118	0	390	122	1832	10440	0	0	0	0	0	0	0	0	0	0	0	0	0	0	0	0	0	0	0	0	0	0	0	0	0	0	0	0	0	0	0	0	0	108	7788	66614	3010	20802	0	7450	5130	36308	8274	0	774	2326	744	10752	332	866	0	0	104	2276	22088	16510	11026	2390	820	1022	
291416	Cerebelum_7b_L	0	0	0	0	0	0	0	0	0	0	0	0	0	0	0	0	0	0	0	0	0	0	0	0	0	0	0	0	0	0	0	0	0	0	0	0	0	0	0	0	0	0	0	0	0	0	0	0	0	0	0	0	0	0	258	0	0	0	0	0	0	0	0	0	0	0	0	0	0	0	0	0	0	0	0	0	0	0	0	0	0	0	0	0	0	0	0	0	118	0	13910	1250	32866	10528	312	0	1770	192	3856	774	0	5392	39280	5426	9174	140	0	0	0	258	576	88	12260	6764	262	254	
236548	Cerebelum_7b_R	0	0	0	0	0	0	0	0	0	0	0	0	0	0	0	0	0	0	0	0	0	0	0	0	0	0	0	0	0	0	0	0	0	0	0	0	0	0	0	0	0	0	0	0	0	0	0	0	0	0	0	0	0	0	0	0	0	0	0	0	0	0	0	0	0	0	0	0	0	0	0	0	0	0	0	0	0	0	0	0	0	0	0	0	0	0	0	0	0	0	3166	5282	4442	21700	314	720	1368	392	2328	2326	5392	0	4800	29120	524	10652	0	166	754	1414	542	310	7164	11602	3208	588	
342380	Cerebelum_8_L	0	0	0	0	0	0	0	0	0	0	0	0	0	0	0	0	0	0	0	0	0	0	0	0	0	0	0	0	0	0	0	0	0	0	0	0	0	0	0	0	0	0	0	0	0	0	90	0	0	0	0	0	0	0	702	0	0	0	0	0	0	0	0	0	0	0	0	0	0	0	0	0	0	0	0	0	0	0	0	0	0	0	0	0	0	0	0	0	0	0	16976	808	26548	7194	1598	110	5370	104	7438	744	39280	4800	0	7868	21596	686	1436	0	112	598	1228	454	11280	11696	1708	766	
414516	Cerebelum_8_R	0	0	0	0	0	0	0	0	0	0	0	0	0	0	0	0	0	0	0	0	0	0	0	0	0	0	0	0	0	0	0	0	0	0	0	0	0	0	0	0	0	0	0	0	0	0	374	442	0	0	0	0	128	0	378	394	0	0	0	0	0	0	0	0	0	0	0	0	0	0	0	0	0	0	0	0	0	0	0	0	0	0	0	0	0	0	0	0	0	0	7344	16038	4540	27660	836	2380	5836	5200	6124	10752	5426	29120	7868	0	1448	19570	0	766	1514	4266	5900	1306	12318	20124	7470	1736	
128352	Cerebelum_9_L	0	0	0	0	0	0	0	0	0	0	0	0	0	0	0	0	0	0	0	0	0	0	0	0	0	0	0	0	0	0	0	0	0	0	0	0	0	0	0	0	0	0	0	0	0	0	0	0	0	0	0	0	0	0	0	0	0	0	0	0	0	0	0	0	0	0	0	0	0	0	0	0	0	0	0	0	0	0	0	0	0	0	0	0	0	0	0	0	0	0	3602	242	2506	1160	3068	0	3780	0	3712	332	9174	524	21596	1448	0	1328	3012	0	166	302	432	272	1928	2452	2270	870	
134820	Cerebelum_9_R	0	0	0	0	0	0	0	0	0	0	0	0	0	0	0	0	0	0	0	0	0	0	0	0	0	0	0	0	0	0	0	0	0	0	0	0	0	0	0	0	0	0	0	0	0	0	0	0	0	0	0	0	0	0	0	0	0	0	0	0	0	0	0	0	0	0	0	0	0	0	0	0	0	0	0	0	0	0	0	0	0	0	0	0	0	0	0	0	0	0	320	710	100	5066	0	1232	472	328	232	866	140	10652	686	19570	1328	0	0	2454	1650	2284	490	296	774	7282	7982	2496	
11716	Cerebelum_10_L	0	0	0	0	0	0	0	0	0	0	0	0	0	0	0	0	0	0	0	0	0	0	0	0	0	0	0	0	0	0	0	0	0	0	0	0	0	0	0	0	0	0	0	0	0	0	0	0	0	0	0	0	0	0	0	0	0	0	0	0	0	0	0	0	0	0	0	0	0	0	0	0	0	0	0	0	0	0	0	0	0	0	0	0	0	0	0	0	0	0	0	0	0	0	452	0	572	0	114	0	0	0	1436	0	3012	0	0	0	0	0	0	0	0	0	272	0	
12204	Cerebelum_10_R	0	0	0	0	0	0	0	0	0	0	0	0	0	0	0	0	0	0	0	0	0	0	0	0	0	0	0	0	0	0	0	0	0	0	0	0	0	0	0	0	0	0	0	0	0	0	0	0	0	0	0	0	0	0	0	0	0	0	0	0	0	0	0	0	0	0	0	0	0	0	0	0	0	0	0	0	0	0	0	0	0	0	0	0	0	0	0	0	0	0	0	0	0	198	0	262	0	0	0	0	0	166	0	766	0	2454	0	0	174	268	0	0	0	804	772	238	
45272	Vermis_1_2	0	0	0	0	0	0	0	0	0	0	0	0	0	0	0	0	0	0	0	0	0	0	0	0	0	0	0	0	0	0	0	0	0	0	0	0	0	0	92	0	0	0	0	0	0	0	0	0	0	0	0	0	0	0	0	0	0	0	0	0	0	0	0	0	0	0	0	0	0	0	0	0	0	0	0	0	0	0	0	0	0	0	0	0	0	0	0	0	0	0	1116	122	136	1328	974	1340	1896	0	1094	104	0	754	112	1514	166	1650	0	174	0	6018	682	152	824	1240	1038	110	
106728	Vermis_3	152	0	0	0	0	0	0	0	0	0	0	0	0	0	0	0	0	0	0	0	0	0	0	0	0	0	0	0	0	0	0	0	0	0	0	0	220	0	294	0	0	0	0	0	0	0	162	142	0	0	0	0	104	0	160	0	0	0	0	0	0	0	0	0	0	0	0	0	0	0	0	0	0	0	0	0	174	0	0	0	0	0	0	0	0	0	0	0	0	0	2292	1960	318	2636	1462	5082	4160	1316	2226	2276	258	1414	598	4266	302	2284	0	268	6018	0	3976	506	1916	3974	2284	164	
