data	data	493976	347492	795028	676764	156808	73428	365552	147152	82312	30864	152072	213292	252572	183076	169848	171260	180404	93404	771272	534420	95528	101028	380928	289216	11628	50088	45348	63484	486104	259064	292564	419100	101680	405748	201588	205728	296044	271760	119792	137288	32656	40632	157956	279560	119228	206872	253644	305824	144240	220016	429084	204416	259532	118272	533500	389780	302632	166672	120208	42084	272492	52084	108256	75268	187080	89092	203104	288240	124488	159480	243028	416904	256160	328740	33064	16336	166712	226900	61020	18280	167636	60424	34184	39340	316660	159956	17864	7084	261124	128288	514460	565700	401952	383384	41568	54408	279892	245008	478460	553544	314240	222592	361824	403736	142316	134844	22136	4952	9748	30616	205972	239464	291852	140308	67084	30148	
data	data	Precentral_L	Precentral_R	Frontal_Sup_L	Frontal_Sup_R	Frontal_Sup_Orb_L	Frontal_Sup_Orb_R	Frontal_Mid_L	Frontal_Mid_R	Frontal_Mid_Orb_L	Frontal_Mid_Orb_R	Frontal_Inf_Oper_L	Frontal_Inf_Oper_R	Frontal_Inf_Tri_L	Frontal_Inf_Tri_R	Frontal_Inf_Orb_L	Frontal_Inf_Orb_R	Rolandic_Oper_L	Rolandic_Oper_R	Supp_Motor_Area_L	Supp_Motor_Area_R	Olfactory_L	Olfactory_R	Frontal_Sup_Medial_L	Frontal_Sup_Medial_R	Frontal_Med_Orb_L	Frontal_Med_Orb_R	Rectus_L	Rectus_R	Insula_L	Insula_R	Cingulum_Ant_L	Cingulum_Ant_R	Cingulum_Mid_L	Cingulum_Mid_R	Cingulum_Post_L	Cingulum_Post_R	Hippocampus_L	Hippocampus_R	ParaHippocampal_L	ParaHippocampal_R	Amygdala_L	Amygdala_R	Calcarine_L	Calcarine_R	Cuneus_L	Cuneus_R	Lingual_L	Lingual_R	Occipital_Sup_L	Occipital_Sup_R	Occipital_Mid_L	Occipital_Mid_R	Occipital_Inf_L	Occipital_Inf_R	Fusiform_L	Fusiform_R	Postcentral_L	Postcentral_R	Parietal_Sup_L	Parietal_Sup_R	Parietal_Inf_L	Parietal_Inf_R	SupraMarginal_L	SupraMarginal_R	Angular_L	Angular_R	Precuneus_L	Precuneus_R	Paracentral_Lobule_L	Paracentral_Lobule_R	Caudate_L	Caudate_R	Putamen_L	Putamen_R	Pallidum_L	Pallidum_R	Thalamus_L	Thalamus_R	Heschl_L	Heschl_R	Temporal_Sup_L	Temporal_Sup_R	Temporal_Pole_Sup_L	Temporal_Pole_Sup_R	Temporal_Mid_L	Temporal_Mid_R	Temporal_Pole_Mid_L	Temporal_Pole_Mid_R	Temporal_Inf_L	Temporal_Inf_R	Cerebelum_Crus1_L	Cerebelum_Crus1_R	Cerebelum_Crus2_L	Cerebelum_Crus2_R	Cerebelum_3_L	Cerebelum_3_R	Cerebelum_4_5_L	Cerebelum_4_5_R	Cerebelum_6_L	Cerebelum_6_R	Cerebelum_7b_L	Cerebelum_7b_R	Cerebelum_8_L	Cerebelum_8_R	Cerebelum_9_L	Cerebelum_9_R	Cerebelum_10_L	Cerebelum_10_R	Vermis_1_2	Vermis_3	Vermis_4_5	Vermis_6	Vermis_7	Vermis_8	Vermis_9	Vermis_10	
493976	Precentral_L	0	14038	14040	6112	0	0	22984	144	0	0	5062	186	566	118	0	0	9050	1110	11542	8772	0	0	0	0	0	0	0	0	12732	582	122	0	276	7462	5798	4802	6186	2158	1248	394	0	0	840	0	130	0	186	0	0	0	1340	0	3294	0	5548	166	31468	332	992	0	6026	0	1192	0	814	0	844	518	10094	3904	4700	1772	2370	1564	652	110	12550	5214	5768	0	1032	0	0	114	3658	0	0	0	4312	0	0	0	0	0	0	0	0	0	0	0	0	0	0	0	0	0	0	0	0	0	0	0	0	0	0	0	
347492	Precentral_R	14038	0	4942	26614	0	0	1894	5960	0	0	0	6972	0	152	0	0	0	1060	3358	3000	0	0	0	162	0	0	0	0	418	3498	102	376	100	1414	2054	3812	896	9614	422	1196	0	0	0	758	0	422	0	180	0	314	0	1050	0	1338	120	2046	3320	20622	0	0	704	540	0	1030	94	426	158	4070	1654	3468	3218	3638	478	2296	0	0	4114	16502	198	256	0	446	0	0	0	3770	0	0	0	4346	0	0	0	0	116	0	0	0	0	0	0	0	0	0	0	0	0	0	0	0	0	0	0	0	0	0	
795028	Frontal_Sup_L	14040	4942	0	12772	5978	0	55346	308	1402	0	14762	1332	21406	524	6334	706	10188	1472	92794	12658	0	0	39922	824	292	0	200	0	24684	768	12398	4128	4038	1626	168	0	3064	184	796	0	0	0	0	0	0	0	0	0	0	0	302	0	422	0	798	0	7104	282	542	0	1508	0	0	0	0	0	106	0	1110	0	3914	2428	15572	1676	3374	158	2440	210	1080	0	2972	0	560	0	426	0	0	0	474	0	0	0	0	0	0	0	0	0	0	0	0	0	0	0	0	0	0	0	0	0	0	0	0	0	0	0	
676764	Frontal_Sup_R	6112	26614	12772	0	0	2062	1596	18662	0	358	0	9894	532	7424	314	7292	0	6428	21980	44364	0	456	11212	34216	0	1826	0	274	302	10200	3182	25068	850	13956	552	1056	102	3832	0	304	0	230	0	0	0	0	0	0	0	0	0	258	0	516	0	598	2084	1286	0	0	162	0	0	0	0	0	0	718	816	464	2880	22624	0	18396	0	1576	856	6882	0	734	0	320	0	510	0	1018	0	0	0	1662	0	0	0	0	0	0	0	0	0	0	0	0	0	0	0	0	0	0	0	0	0	0	0	0	0	0	
156808	Frontal_Sup_Orb_L	0	0	5978	0	0	522	1184	0	11762	0	0	0	1612	0	15306	162	0	0	0	0	4646	1834	4814	0	922	0	3788	798	7628	0	4268	200	840	0	0	0	0	0	344	0	774	0	0	0	0	0	0	0	0	0	0	0	0	0	0	0	0	0	0	0	0	0	0	0	0	0	0	0	0	0	2664	1608	5946	388	0	0	0	0	0	0	0	0	416	0	0	0	0	0	0	0	0	0	0	0	0	0	0	0	0	0	0	0	0	0	0	0	0	0	0	0	0	0	0	0	0	0	
73428	Frontal_Sup_Orb_R	0	0	0	2062	522	0	0	130	0	2028	0	0	0	0	404	1408	0	0	0	0	744	1818	0	2276	0	6602	600	8610	0	462	230	2422	0	0	0	0	0	0	0	0	0	0	0	0	0	0	0	0	0	0	0	0	0	0	0	0	0	0	0	0	0	0	0	0	0	0	0	0	0	0	738	3116	134	2408	0	0	0	0	0	0	0	0	0	0	0	0	0	0	0	0	0	0	0	0	0	0	0	0	0	0	0	0	0	0	0	0	0	0	0	0	0	0	0	0	0	0	
365552	Frontal_Mid_L	22984	1894	55346	1596	1184	0	0	0	2548	0	4534	216	21098	152	2880	188	784	1120	10662	1086	0	0	10030	174	0	0	0	0	6846	572	2512	466	1460	0	468	248	1414	710	726	0	0	0	274	0	0	0	0	0	0	0	664	0	1318	0	1978	0	3804	148	982	0	2532	0	0	0	162	0	320	0	442	0	3404	1118	3294	1512	0	122	1426	518	1458	0	396	0	0	116	1362	0	0	0	1528	0	0	0	0	0	0	0	0	0	0	0	0	0	0	0	0	0	0	0	0	0	0	0	0	0	0	0	
147152	Frontal_Mid_R	144	5960	308	18662	0	130	0	0	0	936	0	9842	0	10424	0	2560	0	796	2080	3680	0	0	668	2886	0	0	0	0	0	2242	1430	4064	0	2578	0	0	0	162	0	0	0	0	0	0	0	0	0	0	0	0	0	0	0	0	0	0	0	526	0	0	0	0	0	0	0	0	0	0	0	0	0	334	0	1904	0	144	0	992	0	0	0	0	0	124	0	0	0	0	0	0	0	0	0	0	0	0	0	0	0	0	0	0	0	0	0	0	0	0	0	0	0	0	0	0	0	0	
82312	Frontal_Mid_Orb_L	0	0	1402	0	11762	0	2548	0	0	0	0	0	2506	0	13860	0	0	0	0	0	1180	352	118	0	0	0	612	122	3340	0	324	98	0	0	0	0	0	0	218	0	216	0	0	0	0	0	0	0	0	0	0	0	0	0	0	0	0	0	0	0	0	0	0	0	0	0	0	0	0	0	400	332	1348	142	0	0	0	0	0	0	0	0	276	0	0	0	0	0	0	0	0	0	0	0	0	0	0	0	0	0	0	0	0	0	0	0	0	0	0	0	0	0	0	0	0	0	
30864	Frontal_Mid_Orb_R	0	0	0	358	0	2028	0	936	0	0	0	0	0	0	0	7212	0	0	0	254	0	0	0	0	0	102	0	536	0	136	0	0	0	0	0	0	0	0	0	0	0	0	0	0	0	0	0	0	0	0	0	0	0	0	0	0	0	0	0	0	0	0	0	0	0	0	0	0	0	0	0	1658	0	2212	0	0	0	0	0	0	0	0	0	0	0	0	0	0	0	0	0	0	0	0	0	0	0	0	0	0	0	0	0	0	0	0	0	0	0	0	0	0	0	0	0	0	
152072	Frontal_Inf_Oper_L	5062	0	14762	0	0	0	4534	0	0	0	0	190	8680	0	394	228	7134	0	13242	0	0	0	892	0	0	0	0	0	11756	0	2340	1026	0	0	0	0	178	0	0	0	0	0	0	0	0	0	0	0	0	0	0	0	0	0	0	0	2018	0	0	0	0	0	0	0	0	0	0	0	0	0	232	272	546	0	0	0	0	0	186	0	1628	0	736	0	0	0	0	0	0	0	0	0	0	0	0	0	0	0	0	0	0	0	0	0	0	0	0	0	0	0	0	0	0	0	0	0	
213292	Frontal_Inf_Oper_R	186	6972	1332	9894	0	0	216	9842	0	0	190	0	186	16068	146	1430	0	4736	4608	5366	0	0	136	1752	0	0	0	0	280	17132	1834	8024	0	2104	128	194	154	678	0	0	0	0	0	0	0	0	0	0	0	0	0	0	0	0	0	162	0	1640	0	0	0	0	0	0	0	0	0	0	0	0	2450	2186	730	4198	0	120	186	1074	0	0	0	0	0	312	0	0	0	0	0	0	0	0	0	0	0	0	0	0	0	0	0	0	0	0	0	0	0	0	0	0	0	0	0	0	0	0	
252572	Frontal_Inf_Tri_L	566	0	21406	532	1612	0	21098	0	2506	0	8680	186	0	152	11756	616	1080	118	11868	0	0	0	11586	454	0	0	0	0	18148	182	6738	3382	554	0	0	0	108	0	132	0	0	0	0	0	0	0	0	0	0	0	0	0	0	0	0	0	178	0	0	0	0	0	0	0	0	0	0	0	0	0	978	952	288	144	0	0	0	0	0	0	286	0	0	0	0	0	0	0	0	0	0	0	0	0	0	0	0	0	0	0	0	0	0	0	0	0	0	0	0	0	0	0	0	0	0	0	
183076	Frontal_Inf_Tri_R	118	152	524	7424	0	0	152	10424	0	0	0	16068	152	0	0	6350	0	0	4496	6018	0	0	1106	4586	0	0	0	0	158	10810	1604	7640	156	5524	0	0	0	0	0	0	0	0	0	0	0	0	0	0	0	0	0	0	0	0	0	0	0	0	0	0	0	0	0	0	0	0	0	0	0	0	1338	5266	178	938	0	0	356	0	0	0	0	0	0	0	0	0	0	0	0	0	0	0	0	0	0	0	0	0	0	0	0	0	0	0	0	0	0	0	0	0	0	0	0	0	0	0	
169848	Frontal_Inf_Orb_L	0	0	6334	314	15306	404	2880	0	13860	0	394	146	11756	0	0	482	0	102	670	0	4138	1394	2018	282	184	0	2128	638	10160	176	1274	542	0	0	0	0	0	0	376	0	504	0	0	0	0	0	0	0	0	0	0	0	0	0	0	0	0	0	0	0	0	0	0	0	0	0	0	0	0	0	2580	1742	2552	408	0	0	0	0	0	0	0	0	1180	0	0	0	0	0	0	0	0	0	0	0	0	0	0	0	0	0	0	0	0	0	0	0	0	0	0	0	0	0	0	0	0	0	
171260	Frontal_Inf_Orb_R	0	0	706	7292	162	1408	188	2560	0	7212	228	1430	616	6350	482	0	0	0	2190	5878	224	1848	1168	1330	0	0	154	1274	318	10404	542	1246	0	1802	0	0	0	168	0	448	0	784	0	0	0	0	0	0	0	0	0	0	0	0	0	326	0	0	0	0	0	0	0	0	0	0	0	0	0	0	1844	14244	0	9630	0	0	124	0	0	0	0	0	0	1050	0	0	0	0	0	0	0	0	0	0	0	0	0	0	0	0	0	0	0	0	0	0	0	0	0	0	0	0	0	0	0	0	
180404	Rolandic_Oper_L	9050	0	10188	0	0	0	784	0	0	0	7134	0	1080	0	0	0	0	0	11316	0	0	0	0	0	0	0	0	0	16044	0	0	0	0	0	0	0	1060	0	652	0	0	0	0	0	120	0	0	0	116	0	1224	0	882	0	826	0	12878	0	158	0	1678	0	2018	0	518	0	294	0	150	0	94	0	694	0	0	0	0	0	2418	0	6252	0	732	0	1014	0	0	0	828	0	0	0	0	0	0	0	0	0	0	0	0	0	0	0	0	0	0	0	0	0	0	0	0	0	0	0	
93404	Rolandic_Oper_R	1110	1060	1472	6428	0	0	1120	796	0	0	0	4736	118	0	102	0	0	0	2372	4230	0	0	0	0	0	0	0	0	0	9962	262	682	0	108	0	0	0	608	0	0	0	0	0	0	0	0	0	0	0	0	0	0	0	0	0	162	0	2840	0	0	0	0	0	988	0	0	0	0	0	0	1530	306	0	1548	0	114	0	204	0	1922	0	748	0	1056	0	0	0	0	0	118	0	0	0	0	0	0	0	0	0	0	0	0	0	0	0	0	0	0	0	0	0	0	0	0	0	0	
771272	Supp_Motor_Area_L	11542	3358	92794	21980	0	0	10662	2080	0	0	13242	4608	11868	4496	670	2190	11316	2372	0	46136	0	0	10240	8244	0	0	0	0	20158	2770	8276	10228	6720	20424	2178	232	2588	130	734	0	0	0	0	0	0	0	0	0	0	0	0	0	160	0	372	0	6042	438	122	0	358	0	0	0	0	0	0	0	2726	392	7324	4804	15676	2764	5242	294	1364	504	890	114	2970	0	568	0	126	0	0	0	150	0	0	0	0	0	0	0	0	0	0	0	0	0	0	0	0	0	0	0	0	0	0	0	0	0	0	0	
534420	Supp_Motor_Area_R	8772	3000	12658	44364	0	0	1086	3680	0	254	0	5366	0	6018	0	5878	0	4230	46136	0	0	322	964	12204	0	112	0	172	0	5446	1206	10778	4320	38888	2508	4344	0	208	0	0	0	196	0	220	0	212	0	0	0	0	0	0	0	0	0	0	118	1866	0	0	0	0	0	98	0	0	472	2008	2044	9790	108	14116	0	8218	0	322	0	3364	0	618	0	208	0	186	0	132	0	0	0	0	0	0	0	0	0	0	0	0	0	0	0	0	0	0	0	0	0	0	0	0	0	0	0	0	0	0	
95528	Olfactory_L	0	0	0	0	4646	744	0	0	1180	0	0	0	0	0	4138	224	0	0	0	0	0	5716	122	0	272	0	2964	1078	3170	0	3114	1188	0	0	0	0	170	0	492	0	1338	0	0	0	0	0	0	0	0	0	0	0	0	0	0	0	0	0	0	0	0	0	0	0	0	0	0	0	0	0	7482	5120	2830	1550	0	0	0	0	0	0	0	0	226	0	0	0	0	0	0	0	0	0	0	0	0	0	0	0	0	0	0	0	0	0	0	0	0	0	0	0	0	0	0	0	0	0	
101028	Olfactory_R	0	0	0	456	1834	1818	0	0	352	0	0	0	0	0	1394	1848	0	0	0	322	5716	0	122	0	0	598	1940	3142	0	1978	2890	2144	0	0	0	0	0	0	0	300	0	522	0	0	0	0	0	0	0	0	0	0	0	0	0	0	0	0	0	0	0	0	0	0	0	0	0	0	0	0	7236	8508	3646	3460	0	0	0	0	0	0	0	0	0	288	0	0	0	0	0	0	0	0	0	0	0	0	0	0	0	0	0	0	0	0	0	0	0	0	0	0	0	0	0	0	0	0	
380928	Frontal_Sup_Medial_L	0	0	39922	11212	4814	0	10030	668	118	0	892	136	11586	1106	2018	1168	0	0	10240	964	122	122	0	16450	882	544	382	0	14726	598	22672	17308	4542	8148	0	0	0	0	0	0	0	0	0	0	0	0	0	0	0	0	0	0	0	0	0	0	0	0	0	0	0	0	0	0	0	0	0	0	0	0	1004	1298	6490	302	0	0	0	0	0	0	0	0	0	0	0	0	0	0	0	0	0	0	0	0	0	0	0	0	0	0	0	0	0	0	0	0	0	0	0	0	0	0	0	0	0	0	
289216	Frontal_Sup_Medial_R	0	162	824	34216	0	2276	174	2886	0	0	0	1752	454	4586	282	1330	0	0	8244	12204	0	0	16450	0	0	3148	0	104	160	2066	2582	21812	222	15184	0	0	0	0	0	0	0	0	0	0	0	0	0	0	0	0	0	0	0	0	0	0	0	0	0	0	0	0	0	0	0	0	0	0	0	0	1982	8120	0	3388	0	0	0	0	0	0	0	0	0	0	0	0	0	0	0	0	0	0	0	0	0	0	0	0	0	0	0	0	0	0	0	0	0	0	0	0	0	0	0	0	0	0	
11628	Frontal_Med_Orb_L	0	0	292	0	922	0	0	0	0	0	0	0	0	0	184	0	0	0	0	0	272	0	882	0	0	0	898	0	122	0	1542	0	0	0	0	0	0	0	0	0	0	0	0	0	0	0	0	0	0	0	0	0	0	0	0	0	0	0	0	0	0	0	0	0	0	0	0	0	0	0	418	0	282	0	0	0	0	0	0	0	0	0	0	0	0	0	0	0	0	0	0	0	0	0	0	0	0	0	0	0	0	0	0	0	0	0	0	0	0	0	0	0	0	0	0	0	
50088	Frontal_Med_Orb_R	0	0	0	1826	0	6602	0	0	0	102	0	0	0	0	0	0	0	0	0	112	0	598	544	3148	0	0	108	5198	0	0	302	3226	0	0	0	0	0	0	0	0	0	0	0	0	0	0	0	0	0	0	0	0	0	0	0	0	0	0	0	0	0	0	0	0	0	0	0	0	0	0	158	1858	0	1262	0	0	0	0	0	0	0	0	0	0	0	0	0	0	0	0	0	0	0	0	0	0	0	0	0	0	0	0	0	0	0	0	0	0	0	0	0	0	0	0	0	0	
45348	Rectus_L	0	0	200	0	3788	600	0	0	612	0	0	0	0	0	2128	154	0	0	0	0	2964	1940	382	0	898	108	0	906	252	0	2198	152	0	0	0	0	0	0	0	0	0	0	0	0	0	0	0	0	0	0	0	0	0	0	0	0	0	0	0	0	0	0	0	0	0	0	0	0	0	0	3024	1662	282	424	0	0	0	0	0	0	0	0	0	0	0	0	0	0	0	0	0	0	0	0	0	0	0	0	0	0	0	0	0	0	0	0	0	0	0	0	0	0	0	0	0	0	
63484	Rectus_R	0	0	0	274	798	8610	0	0	122	536	0	0	0	0	638	1274	0	0	0	172	1078	3142	0	104	0	5198	906	0	0	714	768	2476	0	0	0	0	0	0	0	0	0	0	0	0	0	0	0	0	0	0	0	0	0	0	0	0	0	0	0	0	0	0	0	0	0	0	0	0	0	0	1062	2188	142	1540	0	0	0	0	0	0	0	0	0	0	0	0	0	0	0	0	0	0	0	0	0	0	0	0	0	0	0	0	0	0	0	0	0	0	0	0	0	0	0	0	0	0	
486104	Insula_L	12732	418	24684	302	7628	0	6846	0	3340	0	11756	280	18148	158	10160	318	16044	0	20158	0	3170	0	14726	160	122	0	252	0	0	106	10172	5268	614	0	408	0	8438	338	3600	0	2418	0	592	0	0	0	132	0	0	0	864	0	1734	0	6114	0	8626	0	0	0	770	0	394	0	274	0	538	0	186	0	620	518	16416	108	0	0	1304	114	6880	0	5876	0	1780	0	2456	0	0	0	3992	0	0	0	0	0	0	0	0	0	0	0	0	0	0	0	0	0	0	0	0	0	0	0	0	0	0	0	
259064	Insula_R	582	3498	768	10200	0	462	572	2242	0	136	0	17132	182	10810	176	10404	0	9962	2770	5446	0	1978	598	2066	0	0	0	714	106	0	1000	5508	0	2580	348	630	338	2894	0	318	0	868	0	0	0	0	0	0	0	0	0	0	0	0	0	434	0	1240	0	0	0	0	0	0	0	0	0	0	0	0	1206	5708	120	17118	0	112	0	2160	100	1718	0	2196	0	1236	0	688	0	0	0	208	0	0	0	0	0	0	0	0	0	0	0	0	0	0	0	0	0	0	0	0	0	0	0	0	0	0	
292564	Cingulum_Ant_L	122	102	12398	3182	4268	230	2512	1430	324	0	2340	1834	6738	1604	1274	542	0	262	8276	1206	3114	2890	22672	2582	1542	302	2198	768	10172	1000	0	22172	2818	1678	338	102	96	132	0	0	0	0	0	0	0	0	0	0	0	0	0	0	0	0	0	0	0	0	0	0	0	0	0	0	0	0	0	0	0	0	6000	4830	8190	3594	0	0	0	448	0	0	0	0	0	0	0	0	0	0	0	0	0	0	0	0	0	0	0	0	0	0	0	0	0	0	0	0	0	0	0	0	0	0	0	0	0	0	
419100	Cingulum_Ant_R	0	376	4128	25068	200	2422	466	4064	98	0	1026	8024	3382	7640	542	1246	0	682	10228	10778	1188	2144	17308	21812	0	3226	152	2476	5268	5508	22172	0	1554	15688	0	150	100	208	0	0	0	0	0	0	0	0	0	0	0	0	0	0	0	0	0	0	0	0	0	0	0	0	0	0	0	0	0	0	0	0	3560	14432	1908	9564	0	0	0	762	0	0	0	0	0	0	0	0	0	0	0	0	0	0	0	0	0	0	0	0	0	0	0	0	0	0	0	0	0	0	0	0	0	0	0	0	0	0	
101680	Cingulum_Mid_L	276	100	4038	850	840	0	1460	0	0	0	0	0	554	156	0	0	0	0	6720	4320	0	0	4542	222	0	0	0	0	614	0	2818	1554	0	7042	4914	1194	0	0	0	0	0	0	0	0	650	0	0	0	298	0	280	0	0	0	0	0	194	0	136	0	110	0	0	0	108	0	1908	262	4154	526	0	0	0	0	0	0	0	0	0	0	0	0	0	0	0	0	0	0	0	0	0	0	0	0	0	0	0	0	0	0	0	0	0	0	0	0	0	0	0	0	0	0	0	0	0	0	
405748	Cingulum_Mid_R	7462	1414	1626	13956	0	0	0	2578	0	0	0	2104	0	5524	0	1802	0	108	20424	38888	0	0	8148	15184	0	0	0	0	0	2580	1678	15688	7042	0	3138	8744	228	176	0	0	0	0	0	2464	0	2112	0	400	0	1016	0	130	0	324	0	262	0	2594	0	0	0	0	0	0	0	0	1480	9888	2428	18020	0	1158	0	200	0	0	278	740	0	0	0	0	0	0	0	598	0	0	0	180	0	110	0	0	0	0	0	0	0	0	0	0	0	0	0	0	0	0	0	0	0	0	0	0	0	0	
201588	Cingulum_Post_L	5798	2054	168	552	0	0	468	0	0	0	0	128	0	0	0	0	0	0	2178	2508	0	0	0	0	0	0	0	0	408	348	338	0	4914	3138	0	12402	10284	5088	5006	1438	0	0	2180	0	422	0	1968	96	260	0	1006	0	966	0	2020	638	542	248	114	0	202	0	128	0	162	0	6702	1780	6586	1816	248	0	0	608	118	0	6486	7194	428	0	208	0	0	0	450	0	0	0	0	0	0	0	0	0	0	0	0	0	0	0	0	0	0	0	0	0	0	0	0	0	0	0	0	0	0	0	
205728	Cingulum_Post_R	4802	3812	0	1056	0	0	248	0	0	0	0	194	0	0	0	0	0	0	232	4344	0	0	0	0	0	0	0	0	0	630	102	150	1194	8744	12402	0	4142	8982	2268	3898	0	0	0	466	0	544	0	1418	0	132	0	212	0	226	0	1802	0	1626	0	0	0	0	0	0	0	0	1002	10724	582	7576	358	0	0	930	0	0	7688	9980	158	0	0	0	0	0	0	0	0	0	0	118	0	0	0	0	0	0	0	0	0	0	0	0	0	0	0	0	0	0	0	0	122	0	0	0	0	0	
296044	Hippocampus_L	6186	896	3064	102	0	0	1414	0	0	0	178	154	108	0	0	0	1060	0	2588	0	170	0	0	0	0	0	0	0	8438	338	96	100	0	228	10284	4142	0	4174	14616	996	5452	0	1656	0	102	0	2460	540	822	0	5700	0	8032	0	20174	390	602	150	620	0	1296	0	708	0	1206	0	4866	382	740	200	242	0	6342	650	508	0	4602	3772	2098	0	2034	0	222	0	4130	0	0	0	7884	0	108	0	0	0	0	0	0	0	0	0	0	0	0	0	0	0	0	0	0	0	0	0	0	0	0	0	
271760	Hippocampus_R	2158	9614	184	3832	0	0	710	162	0	0	0	678	0	0	0	168	0	608	130	208	0	0	0	0	0	0	0	0	338	2894	132	208	0	176	5088	8982	4174	0	2756	19068	226	6644	0	1586	0	362	0	3536	0	0	0	0	0	1286	222	20768	0	1050	0	0	0	0	0	1274	0	0	0	5702	0	396	0	166	864	10136	0	794	3032	8282	158	144	0	434	0	904	0	390	0	0	0	4090	0	0	0	0	200	0	236	122	0	468	0	0	0	0	0	0	0	0	0	0	140	0	0	0	0	0	
119792	ParaHippocampal_L	1248	422	796	0	344	0	726	0	218	0	0	0	132	0	376	0	652	0	734	0	492	0	0	0	0	0	0	0	3600	0	0	0	0	0	5006	2268	14616	2756	0	780	1552	0	1346	0	0	0	3054	682	0	0	252	0	240	0	4350	322	0	0	0	0	0	0	0	0	0	0	2582	340	0	0	0	0	2966	120	0	0	2616	2154	0	0	644	0	222	0	152	0	0	0	894	0	0	0	0	0	0	0	102	0	0	0	0	0	0	0	140	0	0	0	0	0	0	0	0	0	0	0	
137288	ParaHippocampal_R	394	1196	0	304	0	0	0	0	0	0	0	0	0	0	0	448	0	0	0	0	0	300	0	0	0	0	0	0	0	318	0	0	0	0	1438	3898	996	19068	780	0	0	5342	0	1002	0	332	0	3372	0	0	0	0	0	818	0	13372	0	0	0	0	0	0	0	0	0	0	0	3686	0	0	0	0	0	1898	0	594	900	2712	0	0	0	0	0	2960	0	0	0	576	0	478	0	188	0	0	0	0	138	496	0	534	0	0	0	0	0	0	0	0	0	0	106	0	0	0	0	0	
32656	Amygdala_L	0	0	0	0	774	0	0	0	216	0	0	0	0	0	504	0	0	0	0	0	1338	0	0	0	0	0	0	0	2418	0	0	0	0	0	0	0	5452	226	1552	0	0	0	0	0	0	0	0	130	0	0	0	0	0	0	3008	0	0	0	0	0	0	0	0	0	0	0	0	0	0	0	0	0	512	0	0	0	0	0	0	0	0	0	198	0	0	0	0	0	0	0	0	0	0	0	0	0	0	0	0	0	0	0	0	0	0	0	0	0	0	0	0	0	0	0	0	0	
40632	Amygdala_R	0	0	0	230	0	0	0	0	0	0	0	0	0	0	0	784	0	0	0	196	0	522	0	0	0	0	0	0	0	868	0	0	0	0	0	0	0	6644	0	5342	0	0	0	0	0	0	0	0	0	0	0	0	0	0	0	2062	0	0	0	0	0	0	0	0	0	0	0	0	0	0	0	412	0	930	0	0	0	0	0	0	0	0	0	2326	0	0	0	0	0	0	0	0	0	0	0	0	0	0	0	0	0	0	0	0	0	0	0	0	0	0	0	0	0	0	0	0	
157956	Calcarine_L	840	0	0	0	0	0	274	0	0	0	0	0	0	0	0	0	0	0	0	0	0	0	0	0	0	0	0	0	592	0	0	0	0	0	2180	0	1656	0	1346	0	0	0	0	5346	9824	3592	7366	3388	7456	2154	11318	1100	3344	588	1962	592	626	0	0	0	1050	0	108	0	1010	0	8296	0	1084	0	0	0	0	0	0	0	0	0	0	0	0	0	0	0	1008	0	0	0	490	0	274	0	0	0	0	0	0	0	114	0	0	0	0	0	0	0	0	0	0	0	0	0	0	0	0	0	
279560	Calcarine_R	0	758	0	0	0	0	0	0	0	0	0	0	0	0	0	0	0	0	0	220	0	0	0	0	0	0	0	0	0	0	0	0	0	2464	0	466	0	1586	0	1002	0	0	5346	0	2344	26096	360	17530	0	22778	0	15996	0	8804	0	7902	0	1972	0	0	0	0	0	0	0	0	0	15970	0	2624	0	0	0	0	0	0	0	0	0	0	0	0	0	0	0	3438	0	0	0	1680	0	170	0	0	0	0	0	0	0	142	0	0	0	0	0	0	0	0	0	0	132	0	0	0	0	0	
119228	Cuneus_L	130	0	0	0	0	0	0	0	0	0	0	0	0	0	0	0	120	0	0	0	0	0	0	0	0	0	0	0	0	0	0	0	650	0	422	0	102	0	0	0	0	0	9824	2344	0	3806	440	0	15822	946	6826	218	350	0	230	0	878	0	1500	0	164	0	0	0	184	0	11548	246	2566	0	0	0	0	0	0	0	0	0	0	0	0	0	0	0	180	0	0	0	118	0	0	0	0	0	0	0	0	0	0	0	0	0	0	0	0	0	0	0	0	0	0	0	0	0	0	0	
206872	Cuneus_R	0	422	0	0	0	0	0	0	0	0	0	0	0	0	0	0	0	0	0	212	0	0	0	0	0	0	0	0	0	0	0	0	0	2112	0	544	0	362	0	332	0	0	3592	26096	3806	0	200	3962	180	25796	0	9216	0	2408	0	2530	0	1234	0	506	0	0	0	0	0	0	3206	13930	0	1780	0	0	0	0	0	0	0	0	0	0	0	0	0	0	0	562	0	0	0	448	0	0	0	0	0	0	0	0	0	0	0	0	0	0	0	0	0	0	0	0	0	0	0	0	0	0	
253644	Lingual_L	186	0	0	0	0	0	0	0	0	0	0	0	0	0	0	0	0	0	0	0	0	0	0	0	0	0	0	0	132	0	0	0	0	0	1968	0	2460	0	3054	0	0	0	7366	360	440	200	0	3838	1182	140	11814	0	5624	174	19854	2006	148	0	0	0	708	0	348	0	422	0	3978	0	0	0	0	0	0	0	0	0	0	0	0	0	128	0	0	0	246	0	0	0	216	0	14096	1646	574	0	0	0	8662	720	18070	3288	310	0	586	0	124	0	0	0	0	0	4110	6330	1214	0	0	100	
305824	Lingual_R	0	180	0	0	0	0	0	0	0	0	0	0	0	0	0	0	0	0	0	0	0	0	0	0	0	0	0	0	0	0	0	0	0	400	96	1418	540	3536	682	3372	130	0	3388	17530	0	3962	3838	0	0	5606	0	4628	0	5672	1568	21128	0	606	0	0	0	0	0	0	0	0	0	7280	0	690	0	0	136	0	0	98	0	216	0	0	0	0	0	0	0	230	0	0	0	572	4426	7558	484	120	400	270	3268	7950	6698	14060	326	0	380	0	914	122	0	0	0	184	7876	8380	1738	0	134	122	
144240	Occipital_Sup_L	0	0	0	0	0	0	0	0	0	0	0	0	0	0	0	0	116	0	0	0	0	0	0	0	0	0	0	0	0	0	0	0	298	0	260	0	822	0	0	0	0	0	7456	0	15822	180	1182	0	0	0	22206	0	2264	0	1696	0	308	0	6674	0	194	0	0	0	340	0	10606	0	528	0	0	0	0	0	0	0	0	0	0	0	164	0	0	0	286	0	0	0	718	0	0	0	0	0	0	0	0	0	0	0	0	0	0	0	0	0	0	0	0	0	0	0	0	0	0	0	
220016	Occipital_Sup_R	0	314	0	0	0	0	0	0	0	0	0	0	0	0	0	0	0	0	0	0	0	0	0	0	0	0	0	0	0	0	0	0	0	1016	0	132	0	0	0	0	0	0	2154	22778	946	25796	140	5606	0	0	0	22564	0	3016	0	2898	0	2742	0	5182	0	164	0	400	0	3380	814	8634	0	620	0	0	0	0	0	0	0	0	0	0	0	0	0	0	0	712	0	0	0	0	0	0	0	0	0	0	0	0	0	0	0	0	0	0	0	0	0	0	0	0	0	0	0	0	0	0	
429084	Occipital_Mid_L	1340	0	302	0	0	0	664	0	0	0	0	0	0	0	0	0	1224	0	0	0	0	0	0	0	0	0	0	0	864	0	0	0	280	0	1006	0	5700	0	252	0	0	0	11318	0	6826	0	11814	0	22206	0	0	0	26096	0	16998	0	2682	0	12942	0	22450	0	4388	0	26032	0	6884	0	2054	0	0	0	0	0	0	0	0	0	320	0	2748	0	0	0	21232	0	0	0	5920	0	0	0	0	0	0	0	0	0	0	0	0	0	0	0	0	0	0	0	0	0	0	0	0	0	0	0	
204416	Occipital_Mid_R	0	1050	0	258	0	0	0	0	0	0	0	0	0	0	0	0	0	0	0	0	0	0	0	0	0	0	0	0	0	0	0	0	0	130	0	212	0	0	0	0	0	0	1100	15996	218	9216	0	4628	0	22564	0	0	0	5898	0	2868	0	558	0	2478	0	4718	0	806	0	13500	124	4014	0	460	0	0	0	0	0	0	0	0	0	0	0	0	0	0	0	9842	0	0	0	1570	0	0	0	0	0	0	0	0	0	0	0	0	0	0	0	0	0	0	0	0	0	0	0	0	0	0	
259532	Occipital_Inf_L	3294	0	422	0	0	0	1318	0	0	0	0	0	0	0	0	0	882	0	160	0	0	0	0	0	0	0	0	0	1734	0	0	0	0	0	966	0	8032	0	240	0	0	0	3344	0	350	0	5624	0	2264	0	26096	0	0	0	26390	0	3540	0	1538	0	5268	0	950	0	5348	0	1866	0	1224	0	0	0	172	0	0	0	122	0	404	0	2438	0	0	0	13528	0	0	0	12138	0	0	0	0	0	0	0	0	0	114	0	0	0	0	0	0	0	0	0	0	0	0	0	0	0	0	0	
118272	Occipital_Inf_R	0	1338	0	516	0	0	0	0	0	0	0	0	0	0	0	0	0	0	0	0	0	0	0	0	0	0	0	0	0	0	0	0	0	324	0	226	0	1286	0	818	0	0	588	8804	0	2408	174	5672	0	3016	0	5898	0	0	0	13352	0	448	0	0	0	0	0	190	0	352	0	3658	0	366	0	0	0	0	0	0	0	0	0	0	0	0	0	0	0	3294	0	0	0	4080	118	988	0	0	0	0	0	94	170	544	0	0	0	0	0	0	0	0	0	0	0	264	150	0	0	0	
533500	Fusiform_L	5548	120	798	0	0	0	1978	0	0	0	0	0	0	0	0	0	826	0	372	0	0	0	0	0	0	0	0	0	6114	0	0	0	0	0	2020	0	20174	222	4350	0	3008	0	1962	0	230	0	19854	1568	1696	0	16998	0	26390	0	0	826	4306	0	1318	0	4120	0	1780	0	3342	0	2522	0	1058	0	0	0	1134	0	0	0	182	0	1850	0	6968	0	1190	0	13774	0	994	0	25660	0	27296	842	1592	0	360	0	10866	0	32260	1360	684	0	768	0	0	0	0	0	0	0	1560	3076	834	0	0	0	
389780	Fusiform_R	166	2046	0	598	0	0	0	0	0	0	0	162	0	0	0	326	0	162	0	0	0	0	0	0	0	0	0	0	0	434	0	0	0	262	638	1802	390	20768	322	13372	0	2062	592	7902	0	2530	2006	21128	0	2898	0	2868	0	13352	826	0	0	514	0	0	0	0	0	156	0	0	0	4396	0	358	0	0	0	2918	0	152	306	1556	0	106	0	792	0	4280	0	1564	0	938	0	9742	2816	18720	300	148	0	0	390	8470	3994	22284	164	0	174	110	444	0	0	0	0	0	2640	6522	2324	0	0	0	
302632	Postcentral_L	31468	3320	7104	2084	0	0	3804	0	0	0	2018	0	178	0	0	0	12878	0	6042	118	0	0	0	0	0	0	0	0	8626	0	0	0	194	0	542	0	602	0	0	0	0	0	626	0	878	0	148	0	308	0	2682	0	3540	0	4306	0	0	0	6080	0	21918	0	7998	0	1230	0	3818	0	8238	0	312	0	254	0	0	0	336	0	1788	0	1546	0	0	0	3060	0	0	0	3272	0	0	0	0	0	0	0	0	0	0	0	0	0	0	0	0	0	0	0	0	0	0	0	0	0	0	0	
166672	Postcentral_R	332	20622	282	1286	0	0	148	526	0	0	0	1640	0	0	0	0	0	2840	438	1866	0	0	0	0	0	0	0	0	0	1240	0	0	0	2594	248	1626	150	1050	0	0	0	0	0	1972	0	1234	0	606	0	2742	0	558	0	448	0	514	0	0	0	2832	0	4302	0	7440	0	624	334	7872	0	10492	0	0	0	862	0	0	0	840	0	172	0	390	0	0	0	1642	0	0	0	572	0	0	0	0	0	0	0	0	0	0	0	0	0	0	0	0	0	0	0	0	0	0	0	0	0	0	
120208	Parietal_Sup_L	992	0	542	0	0	0	982	0	0	0	0	0	0	0	0	0	158	0	122	0	0	0	0	0	0	0	0	0	0	0	0	0	136	0	114	0	620	0	0	0	0	0	0	0	1500	0	0	0	6674	0	12942	0	1538	0	1318	0	6080	0	0	0	9850	0	384	0	3644	0	8370	0	922	0	0	0	0	0	0	0	0	0	0	0	628	0	0	0	1402	0	0	0	1186	0	0	0	0	0	0	0	0	0	0	0	0	0	0	0	0	0	0	0	0	0	0	0	0	0	0	0	
42084	Parietal_Sup_R	0	0	0	0	0	0	0	0	0	0	0	0	0	0	0	0	0	0	0	0	0	0	0	0	0	0	0	0	0	0	0	0	0	0	0	0	0	0	0	0	0	0	0	0	0	506	0	0	0	5182	0	2478	0	0	0	0	0	2832	0	0	0	1762	0	0	0	4166	732	3226	0	158	0	0	0	0	0	0	0	0	0	0	0	0	0	0	0	0	0	0	0	0	0	0	0	0	0	0	0	0	0	0	0	0	0	0	0	0	0	0	0	0	0	0	0	0	0	0	
272492	Parietal_Inf_L	6026	704	1508	162	0	0	2532	0	0	0	0	0	0	0	0	0	1678	0	358	0	0	0	0	0	0	0	0	0	770	0	0	0	110	0	202	0	1296	0	0	0	0	0	1050	0	164	0	708	0	194	0	22450	0	5268	0	4120	0	21918	0	9850	0	0	0	15912	0	25790	0	2172	0	928	0	0	0	0	0	0	0	0	0	144	0	1610	0	0	0	7370	0	0	0	1252	0	0	0	0	0	0	0	0	0	0	0	0	0	0	0	0	0	0	0	0	0	0	0	0	0	0	0	
52084	Parietal_Inf_R	0	540	0	0	0	0	0	0	0	0	0	0	0	0	0	0	0	0	0	0	0	0	0	0	0	0	0	0	0	0	0	0	0	0	0	0	0	0	0	0	0	0	0	0	0	0	0	0	0	164	0	4718	0	0	0	0	0	4302	0	1762	0	0	0	4958	0	7782	0	258	0	0	0	0	0	0	0	0	0	0	0	0	0	0	0	0	0	1360	0	0	0	198	0	0	0	0	0	0	0	0	0	0	0	0	0	0	0	0	0	0	0	0	0	0	0	0	0	0	
108256	SupraMarginal_L	1192	0	0	0	0	0	0	0	0	0	0	0	0	0	0	0	2018	0	0	0	0	0	0	0	0	0	0	0	394	0	0	0	0	0	128	0	708	0	0	0	0	0	108	0	0	0	348	0	0	0	4388	0	950	0	1780	0	7998	0	384	0	15912	0	0	0	5146	0	176	0	0	0	0	0	0	0	0	0	0	0	0	0	5098	0	0	0	6650	0	0	0	750	0	0	0	0	0	0	0	0	0	0	0	0	0	0	0	0	0	0	0	0	0	0	0	0	0	0	0	
75268	SupraMarginal_R	0	1030	0	0	0	0	0	0	0	0	0	0	0	0	0	0	0	988	0	98	0	0	0	0	0	0	0	0	0	0	0	0	0	0	0	0	0	1274	0	0	0	0	0	0	0	0	0	0	0	400	0	806	0	190	0	156	0	7440	0	0	0	4958	0	0	0	3990	0	1162	0	114	0	0	0	0	0	0	0	0	0	0	0	5016	0	0	0	6502	0	0	0	3510	0	0	0	0	0	0	0	0	0	0	0	0	0	0	0	0	0	0	0	0	0	0	0	0	0	0	
187080	Angular_L	814	94	0	0	0	0	162	0	0	0	0	0	0	0	0	0	518	0	0	0	0	0	0	0	0	0	0	0	274	0	0	0	108	0	162	0	1206	0	0	0	0	0	1010	0	184	0	422	0	340	0	26032	0	5348	0	3342	0	1230	0	3644	0	25790	0	5146	0	0	0	872	0	492	0	0	0	0	0	0	0	0	0	108	0	2442	0	0	0	12952	0	0	0	848	0	0	0	0	0	0	0	0	0	0	0	0	0	0	0	0	0	0	0	0	0	0	0	0	0	0	0	
89092	Angular_R	0	426	0	0	0	0	0	0	0	0	0	0	0	0	0	0	0	0	0	0	0	0	0	0	0	0	0	0	0	0	0	0	0	0	0	0	0	0	0	0	0	0	0	0	0	0	0	0	0	3380	0	13500	0	352	0	0	0	624	0	4166	0	7782	0	3990	0	0	0	352	0	0	0	0	0	0	0	0	0	0	0	0	0	2926	0	0	0	5850	0	0	0	1198	0	0	0	0	0	0	0	0	0	0	0	0	0	0	0	0	0	0	0	0	0	0	0	0	0	0	
203104	Precuneus_L	844	158	106	0	0	0	320	0	0	0	0	0	0	0	0	0	294	0	0	472	0	0	0	0	0	0	0	0	538	0	0	0	1908	1480	6702	1002	4866	0	2582	0	0	0	8296	0	11548	3206	3978	0	10606	814	6884	124	1866	0	2522	0	3818	334	8370	732	2172	0	176	0	872	0	0	7024	3758	910	0	0	0	0	0	0	0	0	240	0	260	0	0	0	1020	172	0	0	578	0	0	0	0	0	0	0	0	0	0	0	0	0	0	0	0	0	0	0	0	0	0	0	0	0	0	0	
288240	Precuneus_R	518	4070	0	718	0	0	0	0	0	0	0	0	0	0	0	0	0	0	0	2008	0	0	0	0	0	0	0	0	0	0	0	0	262	9888	1780	10724	382	5702	340	3686	0	0	0	15970	246	13930	0	7280	0	8634	0	4014	0	3658	0	4396	0	7872	0	3226	0	258	0	1162	0	352	7024	0	210	11268	0	0	0	0	0	0	420	672	0	0	0	392	0	0	0	7938	0	0	0	4414	0	336	0	0	0	0	0	0	0	0	0	0	0	0	0	0	0	0	0	0	370	0	0	0	0	0	
124488	Paracentral_Lobule_L	10094	1654	1110	816	0	0	442	0	0	0	0	0	0	0	0	0	150	0	2726	2044	0	0	0	0	0	0	0	0	186	0	0	0	4154	2428	6586	582	740	0	0	0	0	0	1084	0	2566	0	0	0	528	0	2054	0	1224	0	1058	0	8238	0	922	0	928	0	0	0	492	0	3758	210	0	1834	258	0	168	0	312	0	1342	134	0	0	176	0	0	0	598	0	0	0	648	0	0	0	0	0	0	0	0	0	0	0	0	0	0	0	0	0	0	0	0	0	0	0	0	0	0	0	
159480	Paracentral_Lobule_R	3904	3468	0	464	0	0	0	0	0	0	0	0	0	0	0	0	0	0	392	9790	0	0	0	0	0	0	0	0	0	0	0	0	526	18020	1816	7576	200	396	0	0	0	0	0	2624	0	1780	0	690	0	620	0	460	0	366	0	358	0	10492	0	158	0	0	0	114	0	0	910	11268	1834	0	0	0	0	0	0	0	380	0	0	0	0	0	0	0	0	722	0	0	0	412	0	0	0	0	0	0	0	0	0	0	0	0	0	0	0	0	0	0	0	0	0	0	0	0	0	0	
243028	Caudate_L	4700	3218	3914	2880	2664	738	3404	0	400	0	232	2450	978	1338	2580	1844	94	1530	7324	108	7482	7236	1004	1982	418	158	3024	1062	620	1206	6000	3560	0	0	248	358	242	0	0	0	0	0	0	0	0	0	0	0	0	0	0	0	0	0	0	0	312	0	0	0	0	0	0	0	0	0	0	0	258	0	0	19656	10938	3816	710	0	10316	374	0	0	0	0	0	138	0	0	0	0	0	0	0	0	0	0	0	0	0	0	0	0	0	0	0	0	0	0	0	0	0	0	0	0	0	0	0	0	
416904	Caudate_R	1772	3638	2428	22624	1608	3116	1118	334	332	1658	272	2186	952	5266	1742	14244	0	306	4804	14116	5120	8508	1298	8120	0	1858	1662	2188	518	5708	4830	14432	0	1158	0	0	0	166	0	0	0	412	0	0	0	0	0	0	0	0	0	0	0	0	0	0	0	0	0	0	0	0	0	0	0	0	0	0	0	0	19656	0	4628	25950	0	1264	2786	15520	0	0	0	0	0	154	0	0	0	0	0	0	0	0	0	0	0	0	0	0	0	0	0	0	0	0	0	0	0	0	0	0	0	0	0	0	0	0	
256160	Putamen_L	2370	478	15572	0	5946	134	3294	0	1348	0	546	730	288	178	2552	0	694	0	15676	0	2830	3646	6490	0	282	0	282	142	16416	120	8190	1908	0	0	0	0	6342	864	2966	0	512	0	0	0	0	0	0	136	0	0	0	0	172	0	1134	0	254	0	0	0	0	0	0	0	0	0	0	0	168	0	10938	4628	0	1228	4412	0	2782	574	0	0	566	0	176	0	0	0	0	0	116	0	0	0	0	0	0	0	0	0	0	0	0	0	0	0	0	0	0	0	0	0	0	0	0	0	0	0	
328740	Putamen_R	1564	2296	1676	18396	388	2408	1512	1904	142	2212	0	4198	144	938	408	9630	0	1548	2764	8218	1550	3460	302	3388	0	1262	424	1540	108	17118	3594	9564	0	200	608	930	650	10136	120	1898	0	930	0	0	0	0	0	0	0	0	0	0	0	0	0	2918	0	862	0	0	0	0	0	0	0	0	0	0	0	0	3816	25950	1228	0	0	2194	0	6634	120	0	0	102	0	0	0	210	0	0	0	2208	0	0	0	0	0	0	0	0	0	0	0	0	0	0	0	0	0	0	0	0	0	0	0	0	0	0	
33064	Pallidum_L	652	0	3374	0	0	0	0	0	0	0	0	0	0	0	0	0	0	0	5242	0	0	0	0	0	0	0	0	0	0	0	0	0	0	0	118	0	508	0	0	0	0	0	0	0	0	0	0	0	0	0	0	0	0	0	0	0	0	0	0	0	0	0	0	0	0	0	0	0	312	0	710	0	4412	0	0	0	1204	0	0	0	0	0	0	0	0	0	0	0	0	0	0	0	0	0	0	0	0	0	0	0	0	0	0	0	0	0	0	0	0	0	0	0	0	0	0	0	
16336	Pallidum_R	110	0	158	1576	0	0	122	144	0	0	0	120	0	0	0	0	0	114	294	322	0	0	0	0	0	0	0	0	0	112	0	0	0	0	0	0	0	794	0	594	0	0	0	0	0	0	0	98	0	0	0	0	0	0	0	152	0	0	0	0	0	0	0	0	0	0	0	0	0	0	0	1264	0	2194	0	0	0	0	0	0	0	0	0	0	0	0	0	0	0	0	0	0	0	0	0	0	0	0	0	0	0	0	0	0	0	0	0	0	0	0	0	0	0	0	0	0	
166712	Thalamus_L	12550	4114	2440	856	0	0	1426	0	0	0	0	186	0	356	0	124	0	0	1364	0	0	0	0	0	0	0	0	0	1304	0	0	0	0	278	6486	7688	4602	3032	2616	900	0	0	0	0	0	0	0	0	0	0	0	0	122	0	182	306	336	0	0	0	0	0	0	0	0	0	0	420	1342	380	10316	2786	2782	0	1204	0	0	12858	0	0	0	0	0	0	0	0	0	0	0	0	0	0	0	0	0	0	0	0	0	0	0	0	0	0	0	0	0	0	0	0	0	0	0	0	0	0	
226900	Thalamus_R	5214	16502	210	6882	0	0	518	992	0	0	0	1074	0	0	0	0	0	204	504	3364	0	0	0	0	0	0	0	0	114	2160	448	762	0	740	7194	9980	3772	8282	2154	2712	0	0	0	0	0	0	0	216	0	0	0	0	0	0	0	1556	0	840	0	0	0	0	0	0	0	0	0	672	134	0	374	15520	574	6634	0	0	12858	0	158	0	0	0	0	0	0	0	0	0	0	0	0	0	0	0	132	0	0	0	0	0	0	0	0	0	0	0	0	0	0	0	0	0	0	0	0	0	
61020	Heschl_L	5768	198	1080	0	0	0	1458	0	0	0	186	0	0	0	0	0	2418	0	890	0	0	0	0	0	0	0	0	0	6880	100	0	0	0	0	428	158	2098	158	0	0	0	0	0	0	0	0	0	0	0	0	320	0	404	0	1850	0	1788	0	0	0	144	0	0	0	108	0	240	0	0	0	0	0	0	120	0	0	0	158	0	0	1238	0	0	0	934	0	0	0	1386	0	0	0	0	0	0	0	0	0	0	0	0	0	0	0	0	0	0	0	0	0	0	0	0	0	0	0	
18280	Heschl_R	0	256	0	734	0	0	0	0	0	0	0	0	0	0	0	0	0	1922	114	618	0	0	0	0	0	0	0	0	0	1718	0	0	0	0	0	0	0	144	0	0	0	0	0	0	0	0	0	0	0	0	0	0	0	0	0	106	0	172	0	0	0	0	0	0	0	0	0	0	0	0	0	0	0	0	0	0	0	0	0	0	0	2778	0	0	0	578	0	0	0	0	0	0	0	0	0	0	0	0	0	0	0	0	0	0	0	0	0	0	0	0	0	0	0	0	0	0	
167636	Temporal_Sup_L	1032	0	2972	0	0	0	396	0	0	0	1628	0	286	0	0	0	6252	0	2970	0	0	0	0	0	0	0	0	0	5876	0	0	0	0	0	208	0	2034	0	644	0	0	0	0	0	0	0	128	0	164	0	2748	0	2438	0	6968	0	1546	0	628	0	1610	0	5098	0	2442	0	260	0	176	0	0	0	566	0	0	0	0	0	1238	0	0	0	1808	0	19686	0	0	0	12016	0	0	0	0	0	0	0	0	0	0	0	0	0	0	0	0	0	0	0	0	0	0	0	0	0	0	0	
60424	Temporal_Sup_R	0	446	0	320	0	0	0	0	0	0	0	0	0	0	0	0	0	748	0	208	0	0	0	0	0	0	0	0	0	2196	0	0	0	0	0	0	0	434	0	0	0	0	0	0	0	0	0	0	0	0	0	0	0	0	0	792	0	390	0	0	0	0	0	5016	0	2926	0	392	0	0	0	0	0	102	0	0	0	0	0	2778	0	0	0	1412	0	10296	0	0	0	1756	0	0	0	0	0	0	0	0	0	0	0	0	0	0	0	0	0	0	0	0	0	0	0	0	0	0	
34184	Temporal_Pole_Sup_L	0	0	560	0	416	0	0	0	276	0	736	0	0	0	1180	0	732	0	568	0	226	0	0	0	0	0	0	0	1780	0	0	0	0	0	0	0	222	0	222	0	198	0	0	0	0	0	0	0	0	0	0	0	0	0	1190	0	0	0	0	0	0	0	0	0	0	0	0	0	0	0	0	0	176	0	0	0	0	0	0	0	1808	0	0	0	2406	0	2054	0	2342	0	0	0	0	0	0	0	0	0	0	0	0	0	0	0	0	0	0	0	0	0	0	0	0	0	0	0	
39340	Temporal_Pole_Sup_R	114	0	0	510	0	0	116	124	0	0	0	312	0	0	0	1050	0	1056	0	186	0	288	0	0	0	0	0	0	0	1236	0	0	0	0	0	0	0	904	0	2960	0	2326	0	0	0	0	0	0	0	0	0	0	0	0	0	4280	0	0	0	0	0	0	0	0	0	0	0	0	0	0	138	154	0	0	0	0	0	0	0	0	0	1412	0	0	0	300	0	810	0	1394	0	0	0	0	0	0	0	0	0	0	0	0	0	0	0	0	0	0	0	0	0	0	0	0	0	0	
316660	Temporal_Mid_L	3658	0	426	0	0	0	1362	0	0	0	0	0	0	0	0	0	1014	0	126	0	0	0	0	0	0	0	0	0	2456	0	0	0	0	0	450	0	4130	0	152	0	0	0	1008	0	180	0	246	0	286	0	21232	0	13528	0	13774	0	3060	0	1402	0	7370	0	6650	0	12952	0	1020	0	598	0	0	0	0	0	0	0	0	0	934	0	19686	0	2406	0	0	0	3520	0	34704	0	0	0	0	0	0	0	0	0	0	0	0	0	0	0	0	0	0	0	0	0	0	0	0	0	0	0	
159956	Temporal_Mid_R	0	3770	0	1018	0	0	0	0	0	0	0	0	0	0	0	0	0	0	0	132	0	0	0	0	0	0	0	0	0	688	0	0	0	598	0	0	0	390	0	0	0	0	0	3438	0	562	0	230	0	712	0	9842	0	3294	0	1564	0	1642	0	0	0	1360	0	6502	0	5850	172	7938	0	722	0	0	0	210	0	0	0	0	0	578	0	10296	0	300	0	0	0	256	0	17914	0	0	0	0	0	0	0	0	0	0	0	0	0	0	0	0	0	0	0	0	0	0	0	0	0	0	
17864	Temporal_Pole_Mid_L	0	0	0	0	0	0	0	0	0	0	0	0	0	0	0	0	0	0	0	0	0	0	0	0	0	0	0	0	0	0	0	0	0	0	0	0	0	0	0	0	0	0	0	0	0	0	0	0	0	0	0	0	0	0	994	0	0	0	0	0	0	0	0	0	0	0	0	0	0	0	0	0	0	0	0	0	0	0	0	0	0	0	2054	0	3520	0	0	0	2364	0	0	0	0	0	0	0	0	0	0	0	0	0	0	0	0	0	0	0	0	0	0	0	0	0	0	0	
7084	Temporal_Pole_Mid_R	0	0	0	0	0	0	0	0	0	0	0	0	0	0	0	0	0	0	0	0	0	0	0	0	0	0	0	0	0	0	0	0	0	0	0	0	0	0	0	576	0	0	0	0	0	0	0	0	0	0	0	0	0	0	0	938	0	0	0	0	0	0	0	0	0	0	0	0	0	0	0	0	0	0	0	0	0	0	0	0	0	0	0	810	0	256	0	0	0	962	0	0	0	0	0	0	0	0	0	0	0	0	0	0	0	0	0	0	0	0	0	0	0	0	0	0	
261124	Temporal_Inf_L	4312	0	474	0	0	0	1528	0	0	0	0	0	0	0	0	0	828	0	150	0	0	0	0	0	0	0	0	0	3992	0	0	0	0	0	0	0	7884	0	894	0	0	0	490	0	118	0	216	0	718	0	5920	0	12138	0	25660	0	3272	0	1186	0	1252	0	750	0	848	0	578	0	648	0	0	0	116	0	0	0	0	0	1386	0	12016	0	2342	0	34704	0	2364	0	0	0	2216	0	118	0	0	0	232	0	1212	0	0	0	0	0	0	0	0	0	0	0	0	0	0	0	0	0	
128288	Temporal_Inf_R	0	4346	0	1662	0	0	0	0	0	0	0	0	0	0	0	0	0	118	0	0	0	0	0	0	0	0	0	0	0	208	0	0	0	180	0	118	0	4090	0	478	0	0	0	1680	0	448	0	572	0	0	0	1570	0	4080	0	9742	0	572	0	0	0	198	0	3510	0	1198	0	4414	0	412	0	0	0	2208	0	0	0	0	0	0	0	1756	0	1394	0	17914	0	962	0	0	0	314	0	0	0	0	0	0	0	0	0	0	0	0	0	0	0	0	0	0	0	0	0	0	0	0	
514460	Cerebelum_Crus1_L	0	0	0	0	0	0	0	0	0	0	0	0	0	0	0	0	0	0	0	0	0	0	0	0	0	0	0	0	0	0	0	0	0	0	0	0	108	0	0	0	0	0	274	0	0	0	14096	4426	0	0	0	0	0	118	27296	2816	0	0	0	0	0	0	0	0	0	0	0	0	0	0	0	0	0	0	0	0	0	0	0	0	0	0	0	0	0	0	0	0	2216	0	0	5102	40814	2574	1592	0	20466	854	63250	7466	11426	636	16614	1156	3118	332	708	0	0	0	6322	11254	9852	1094	1080	170	
565700	Cerebelum_Crus1_R	0	0	0	0	0	0	0	0	0	0	0	0	0	0	0	0	0	0	0	0	0	0	0	0	0	0	0	0	0	0	0	0	0	110	0	0	0	0	0	188	0	0	0	170	0	0	1646	7558	0	0	0	0	0	988	842	18720	0	0	0	0	0	0	0	0	0	0	0	336	0	0	0	0	0	0	0	0	0	0	0	0	0	0	0	0	0	0	0	0	0	314	5102	0	1620	35498	290	4878	3214	28436	5968	75572	632	6628	842	28632	2932	6136	106	0	154	1566	9234	12270	14800	3818	2900	750	
401952	Cerebelum_Crus2_L	0	0	0	0	0	0	0	0	0	0	0	0	0	0	0	0	0	0	0	0	0	0	0	0	0	0	0	0	0	0	0	0	0	0	0	0	0	0	0	0	0	0	0	0	0	0	574	484	0	0	0	0	0	0	1592	300	0	0	0	0	0	0	0	0	0	0	0	0	0	0	0	0	0	0	0	0	0	0	0	0	0	0	0	0	0	0	0	0	118	0	40814	1620	0	12458	1062	0	5216	254	9726	1294	45012	7142	39116	6490	2998	332	818	0	0	0	1208	1510	14292	5546	902	98	
383384	Cerebelum_Crus2_R	0	0	0	0	0	0	0	0	0	0	0	0	0	0	0	0	0	0	0	0	0	0	0	0	0	0	0	0	0	0	0	0	0	0	0	0	0	0	0	0	0	0	0	0	0	0	0	120	0	0	0	0	0	0	0	148	0	0	0	0	0	0	0	0	0	0	0	0	0	0	0	0	0	0	0	0	0	0	0	0	0	0	0	0	0	0	0	0	0	0	2574	35498	12458	0	0	1036	152	3090	604	9934	8552	31958	5530	50990	352	5850	0	152	0	204	268	554	17814	3658	196	0	
41568	Cerebelum_3_L	0	116	0	0	0	0	0	0	0	0	0	0	0	0	0	0	0	0	0	0	0	0	0	0	0	0	0	0	0	0	0	0	0	0	0	0	0	200	0	0	0	0	0	0	0	0	0	400	0	0	0	0	0	0	360	0	0	0	0	0	0	0	0	0	0	0	0	0	0	0	0	0	0	0	0	0	0	132	0	0	0	0	0	0	0	0	0	0	0	0	1592	290	1062	0	0	0	7150	96	2986	470	288	0	932	0	1232	160	100	0	494	1498	714	368	144	0	0	0	
54408	Cerebelum_3_R	0	0	0	0	0	0	0	0	0	0	0	0	0	0	0	0	0	0	0	0	0	0	0	0	0	0	0	0	0	0	0	0	0	0	0	0	0	0	0	0	0	0	0	0	0	0	0	270	0	0	0	0	0	0	0	0	0	0	0	0	0	0	0	0	0	0	0	0	0	0	0	0	0	0	0	0	0	0	0	0	0	0	0	0	0	0	0	0	0	0	0	4878	0	1036	0	0	0	4852	0	6674	0	0	0	2172	0	1228	0	0	226	2370	400	198	1300	790	810	0	
279892	Cerebelum_4_5_L	0	0	0	0	0	0	0	0	0	0	0	0	0	0	0	0	0	0	0	0	0	0	0	0	0	0	0	0	0	0	0	0	0	0	0	0	0	236	102	138	0	0	0	0	0	0	8662	3268	0	0	0	0	0	0	10866	390	0	0	0	0	0	0	0	0	0	0	0	0	0	0	0	0	0	0	0	0	0	0	0	0	0	0	0	0	0	0	0	0	232	0	20466	3214	5216	152	7150	0	0	2574	35314	5084	2376	0	6186	0	5072	576	338	0	224	798	13142	5658	494	0	376	1642	
245008	Cerebelum_4_5_R	0	0	0	0	0	0	0	0	0	0	0	0	0	0	0	0	0	0	0	0	0	0	0	0	0	0	0	0	0	0	0	0	0	0	0	0	0	122	0	496	0	0	0	0	0	0	720	7950	0	0	0	0	0	94	0	8470	0	0	0	0	0	0	0	0	0	0	0	0	0	0	0	0	0	0	0	0	0	0	0	0	0	0	0	0	0	0	0	0	0	0	854	28436	254	3090	96	4852	2574	0	1418	36898	126	238	296	4682	474	1524	0	0	0	642	13322	2104	1288	672	346	466	
478460	Cerebelum_6_L	0	0	0	0	0	0	0	0	0	0	0	0	0	0	0	0	0	0	0	0	0	0	0	0	0	0	0	0	0	0	0	0	0	0	0	0	0	0	0	0	0	0	114	0	0	0	18070	6698	0	0	0	0	114	170	32260	3994	0	0	0	0	0	0	0	0	0	0	0	0	0	0	0	0	0	0	0	0	0	0	0	0	0	0	0	0	0	0	0	0	1212	0	63250	5968	9726	604	2986	0	35314	1418	0	10188	4444	0	8008	0	4144	0	428	0	0	0	9832	14844	5164	134	146	0	
553544	Cerebelum_6_R	0	0	0	0	0	0	0	0	0	0	0	0	0	0	0	0	0	0	0	0	0	0	0	0	0	0	0	0	0	0	0	0	0	0	0	0	0	468	0	534	0	0	0	142	0	0	3288	14060	0	0	0	0	0	544	1360	22284	0	0	0	0	0	0	0	0	0	0	0	0	0	0	0	0	0	0	0	0	0	0	0	0	0	0	0	0	0	0	0	0	0	0	7466	75572	1294	9934	470	6674	5084	36898	10188	0	482	1440	916	12284	4052	5160	146	0	242	1850	13542	19088	12766	3776	3374	1394	
314240	Cerebelum_7b_L	0	0	0	0	0	0	0	0	0	0	0	0	0	0	0	0	0	0	0	0	0	0	0	0	0	0	0	0	0	0	0	0	0	0	0	0	0	0	0	0	0	0	0	0	0	0	310	326	0	0	0	0	0	0	684	164	0	0	0	0	0	0	0	0	0	0	0	0	0	0	0	0	0	0	0	0	0	0	0	0	0	0	0	0	0	0	0	0	0	0	11426	632	45012	8552	288	0	2376	126	4444	482	0	7672	44426	6700	6160	0	922	0	0	0	696	460	8674	6588	0	0	
222592	Cerebelum_7b_R	0	0	0	0	0	0	0	0	0	0	0	0	0	0	0	0	0	0	0	0	0	0	0	0	0	0	0	0	0	0	0	0	0	0	0	0	0	0	0	0	0	0	0	0	0	0	0	0	0	0	0	0	0	0	0	0	0	0	0	0	0	0	0	0	0	0	0	0	0	0	0	0	0	0	0	0	0	0	0	0	0	0	0	0	0	0	0	0	0	0	636	6628	7142	31958	0	0	0	238	0	1440	7672	0	5484	34614	106	3602	0	0	0	0	0	0	7092	4684	0	0	
361824	Cerebelum_8_L	0	0	0	0	0	0	0	0	0	0	0	0	0	0	0	0	0	0	0	0	0	0	0	0	0	0	0	0	0	0	0	0	0	0	0	0	0	0	0	0	0	0	0	0	0	0	586	380	0	0	0	0	0	0	768	174	0	0	0	0	0	0	0	0	0	0	0	0	0	0	0	0	0	0	0	0	0	0	0	0	0	0	0	0	0	0	0	0	0	0	16614	842	39116	5530	932	0	6186	296	8008	916	44426	5484	0	8644	19336	622	2382	0	0	0	1926	774	7186	8762	1022	0	
403736	Cerebelum_8_R	0	0	0	0	0	0	0	0	0	0	0	0	0	0	0	0	0	0	0	0	0	0	0	0	0	0	0	0	0	0	0	0	0	0	0	0	0	0	0	0	0	0	0	0	0	0	0	0	0	0	0	0	0	0	0	110	0	0	0	0	0	0	0	0	0	0	0	0	0	0	0	0	0	0	0	0	0	0	0	0	0	0	0	0	0	0	0	0	0	0	1156	28632	6490	50990	0	2172	0	4682	0	12284	6700	34614	8644	0	962	19166	96	294	0	660	312	270	12326	9748	1560	0	
142316	Cerebelum_9_L	0	0	0	0	0	0	0	0	0	0	0	0	0	0	0	0	0	0	0	0	0	0	0	0	0	0	0	0	0	0	0	0	0	0	0	0	0	0	140	0	0	0	0	0	0	0	124	914	0	0	0	0	0	0	0	444	0	0	0	0	0	0	0	0	0	0	0	0	0	0	0	0	0	0	0	0	0	0	0	0	0	0	0	0	0	0	0	0	0	0	3118	2932	2998	352	1232	0	5072	474	4144	4052	6160	106	19336	962	0	1452	4484	0	0	0	2576	4696	1486	1096	1446	1362	
134844	Cerebelum_9_R	0	0	0	0	0	0	0	0	0	0	0	0	0	0	0	0	0	0	0	0	0	0	0	0	0	0	0	0	0	0	0	0	0	0	0	0	0	0	0	0	0	0	0	0	0	0	0	122	0	0	0	0	0	0	0	0	0	0	0	0	0	0	0	0	0	0	0	0	0	0	0	0	0	0	0	0	0	0	0	0	0	0	0	0	0	0	0	0	0	0	332	6136	332	5850	160	1228	576	1524	0	5160	0	3602	622	19166	1452	0	0	1334	214	638	1050	1792	4258	4724	5536	1614	
22136	Cerebelum_10_L	0	0	0	0	0	0	0	0	0	0	0	0	0	0	0	0	0	0	0	0	0	0	0	0	0	0	0	0	0	0	0	0	0	0	0	0	0	0	0	0	0	0	0	0	0	0	0	0	0	0	0	0	0	0	0	0	0	0	0	0	0	0	0	0	0	0	0	0	0	0	0	0	0	0	0	0	0	0	0	0	0	0	0	0	0	0	0	0	0	0	708	106	818	0	100	0	338	0	428	146	922	0	2382	96	4484	0	0	0	0	0	0	148	392	0	0	0	
4952	Cerebelum_10_R	0	0	0	0	0	0	0	0	0	0	0	0	0	0	0	0	0	0	0	0	0	0	0	0	0	0	0	0	0	0	0	0	0	0	0	0	0	0	0	0	0	0	0	0	0	0	0	0	0	0	0	0	0	0	0	0	0	0	0	0	0	0	0	0	0	0	0	0	0	0	0	0	0	0	0	0	0	0	0	0	0	0	0	0	0	0	0	0	0	0	0	0	0	152	0	0	0	0	0	0	0	0	0	294	0	1334	0	0	0	0	0	0	210	240	246	0	
9748	Vermis_1_2	0	0	0	0	0	0	0	0	0	0	0	0	0	0	0	0	0	0	0	0	0	0	0	0	0	0	0	0	0	0	0	0	0	0	0	0	0	0	0	0	0	0	0	0	0	0	0	0	0	0	0	0	0	0	0	0	0	0	0	0	0	0	0	0	0	0	0	0	0	0	0	0	0	0	0	0	0	0	0	0	0	0	0	0	0	0	0	0	0	0	0	154	0	0	494	226	224	0	0	242	0	0	0	0	0	214	0	0	0	2646	674	0	0	0	0	0	
30616	Vermis_3	0	0	0	0	0	0	0	0	0	0	0	0	0	0	0	0	0	0	0	0	0	0	0	0	0	0	0	0	0	0	0	0	0	0	0	0	0	0	0	0	0	0	0	0	0	0	0	184	0	0	0	0	0	0	0	0	0	0	0	0	0	0	0	0	0	0	0	0	0	0	0	0	0	0	0	0	0	0	0	0	0	0	0	0	0	0	0	0	0	0	0	1566	0	204	1498	2370	798	642	0	1850	0	0	0	660	0	638	0	0	2646	0	1056	0	606	316	274	0	
205972	Vermis_4_5	0	0	0	0	0	0	0	0	0	0	0	0	0	0	0	0	0	0	0	0	0	0	0	0	0	0	0	0	0	0	0	0	0	0	0	122	0	140	0	106	0	0	0	132	0	0	4110	7876	0	0	0	0	0	0	1560	2640	0	0	0	0	0	0	0	0	0	0	0	370	0	0	0	0	0	0	0	0	0	0	0	0	0	0	0	0	0	0	0	0	0	0	6322	9234	1208	268	714	400	13142	13322	9832	13542	696	0	1926	312	2576	1050	0	0	674	1056	0	7002	132	0	608	1914	
239464	Vermis_6	0	0	0	0	0	0	0	0	0	0	0	0	0	0	0	0	0	0	0	0	0	0	0	0	0	0	0	0	0	0	0	0	0	0	0	0	0	0	0	0	0	0	0	0	0	0	6330	8380	0	0	0	0	0	264	3076	6522	0	0	0	0	0	0	0	0	0	0	0	0	0	0	0	0	0	0	0	0	0	0	0	0	0	0	0	0	0	0	0	0	0	0	11254	12270	1510	554	368	198	5658	2104	14844	19088	460	0	774	270	4696	1792	148	0	0	0	7002	0	6478	640	1864	3188	
291852	Vermis_7	0	0	0	0	0	0	0	0	0	0	0	0	0	0	0	0	0	0	0	0	0	0	0	0	0	0	0	0	0	0	0	0	0	0	0	0	0	0	0	0	0	0	0	0	0	0	1214	1738	0	0	0	0	0	150	834	2324	0	0	0	0	0	0	0	0	0	0	0	0	0	0	0	0	0	0	0	0	0	0	0	0	0	0	0	0	0	0	0	0	0	0	9852	14800	14292	17814	144	1300	494	1288	5164	12766	8674	7092	7186	12326	1486	4258	392	210	0	606	132	6478	0	8478	4132	302	
140308	Vermis_8	0	0	0	0	0	0	0	0	0	0	0	0	0	0	0	0	0	0	0	0	0	0	0	0	0	0	0	0	0	0	0	0	0	0	0	0	0	0	0	0	0	0	0	0	0	0	0	0	0	0	0	0	0	0	0	0	0	0	0	0	0	0	0	0	0	0	0	0	0	0	0	0	0	0	0	0	0	0	0	0	0	0	0	0	0	0	0	0	0	0	1094	3818	5546	3658	0	790	0	672	134	3776	6588	4684	8762	9748	1096	4724	0	240	0	316	0	640	8478	0	5014	376	
