data	data	412148	205448	942476	813360	126504	122208	629548	270204	93696	46772	257144	143956	284964	101292	212536	102452	207020	72364	625572	715232	101640	133688	459240	427928	79864	97812	69736	81308	546848	299772	453976	506300	166748	449140	97332	103364	236712	287780	114332	219372	81272	95028	225648	247032	147864	290388	270568	291216	200296	287036	476112	226412	186212	59968	351908	382456	268180	183820	110188	68360	161600	77408	89224	87004	140060	85224	275404	354648	342728	141976	280844	401940	374188	399188	42788	36216	90732	128884	78464	16312	234288	115400	161820	92792	294184	198312	40464	27588	236644	158820	446112	427500	285452	294428	49248	57744	285480	257312	510832	433656	237776	145144	274324	358240	114720	199828	13388	6448	23104	71024	243264	275888	212632	157640	164908	43596	
data	data	Precentral_L	Precentral_R	Frontal_Sup_L	Frontal_Sup_R	Frontal_Sup_Orb_L	Frontal_Sup_Orb_R	Frontal_Mid_L	Frontal_Mid_R	Frontal_Mid_Orb_L	Frontal_Mid_Orb_R	Frontal_Inf_Oper_L	Frontal_Inf_Oper_R	Frontal_Inf_Tri_L	Frontal_Inf_Tri_R	Frontal_Inf_Orb_L	Frontal_Inf_Orb_R	Rolandic_Oper_L	Rolandic_Oper_R	Supp_Motor_Area_L	Supp_Motor_Area_R	Olfactory_L	Olfactory_R	Frontal_Sup_Medial_L	Frontal_Sup_Medial_R	Frontal_Med_Orb_L	Frontal_Med_Orb_R	Rectus_L	Rectus_R	Insula_L	Insula_R	Cingulum_Ant_L	Cingulum_Ant_R	Cingulum_Mid_L	Cingulum_Mid_R	Cingulum_Post_L	Cingulum_Post_R	Hippocampus_L	Hippocampus_R	ParaHippocampal_L	ParaHippocampal_R	Amygdala_L	Amygdala_R	Calcarine_L	Calcarine_R	Cuneus_L	Cuneus_R	Lingual_L	Lingual_R	Occipital_Sup_L	Occipital_Sup_R	Occipital_Mid_L	Occipital_Mid_R	Occipital_Inf_L	Occipital_Inf_R	Fusiform_L	Fusiform_R	Postcentral_L	Postcentral_R	Parietal_Sup_L	Parietal_Sup_R	Parietal_Inf_L	Parietal_Inf_R	SupraMarginal_L	SupraMarginal_R	Angular_L	Angular_R	Precuneus_L	Precuneus_R	Paracentral_Lobule_L	Paracentral_Lobule_R	Caudate_L	Caudate_R	Putamen_L	Putamen_R	Pallidum_L	Pallidum_R	Thalamus_L	Thalamus_R	Heschl_L	Heschl_R	Temporal_Sup_L	Temporal_Sup_R	Temporal_Pole_Sup_L	Temporal_Pole_Sup_R	Temporal_Mid_L	Temporal_Mid_R	Temporal_Pole_Mid_L	Temporal_Pole_Mid_R	Temporal_Inf_L	Temporal_Inf_R	Cerebelum_Crus1_L	Cerebelum_Crus1_R	Cerebelum_Crus2_L	Cerebelum_Crus2_R	Cerebelum_3_L	Cerebelum_3_R	Cerebelum_4_5_L	Cerebelum_4_5_R	Cerebelum_6_L	Cerebelum_6_R	Cerebelum_7b_L	Cerebelum_7b_R	Cerebelum_8_L	Cerebelum_8_R	Cerebelum_9_L	Cerebelum_9_R	Cerebelum_10_L	Cerebelum_10_R	Vermis_1_2	Vermis_3	Vermis_4_5	Vermis_6	Vermis_7	Vermis_8	Vermis_9	Vermis_10	
412148	Precentral_L	0	1574	17230	2358	0	0	14960	0	0	0	12242	424	1812	0	0	0	8538	0	15050	12068	0	0	438	0	0	0	0	0	8570	226	1076	258	196	2738	496	524	6234	260	820	102	0	0	0	0	0	0	212	330	120	0	3864	0	0	0	146	0	26264	278	1984	0	4772	0	1642	0	2682	0	1218	0	16872	2524	2104	1762	6440	0	1632	0	13964	608	5780	0	1918	0	0	0	492	0	0	0	272	0	0	0	0	0	0	0	0	0	0	0	0	0	0	0	0	0	0	0	0	0	0	0	0	0	0	0	
205448	Precentral_R	1574	0	2956	11280	0	0	244	4330	0	0	0	7258	0	148	0	0	0	1872	4012	8008	0	0	344	112	0	0	0	0	0	2030	594	388	218	904	332	1304	0	2380	0	126	0	0	0	898	0	1310	0	0	0	2118	0	1336	0	0	0	122	0	20742	0	464	0	840	0	1502	0	184	338	5154	2560	4600	750	1454	176	1006	0	0	136	5372	0	148	0	306	0	0	0	516	0	0	0	278	0	0	0	0	0	0	0	0	0	0	0	0	0	0	0	0	0	0	0	0	0	0	0	0	0	0	
942476	Frontal_Sup_L	17230	2956	0	7938	5822	0	97760	3326	4694	0	13762	2242	22668	138	12302	0	4912	122	62286	5550	646	110	50188	12850	2138	198	800	0	32892	1280	30400	7682	7352	3296	0	0	2512	750	352	0	274	0	0	0	0	0	0	0	0	236	674	190	0	0	128	0	3286	938	620	0	484	0	0	438	164	170	350	622	5996	202	5554	2118	18596	1248	1862	0	1266	338	648	0	3426	172	3812	0	108	0	0	0	164	0	0	0	0	0	0	0	0	0	0	0	0	0	0	0	0	0	0	0	0	0	0	0	0	0	0	0	
813360	Frontal_Sup_R	2358	11280	7938	0	224	5852	2738	44314	0	1292	388	4340	342	6110	0	2024	0	4206	12972	69810	0	0	14418	47468	424	4458	132	588	218	14068	7430	41590	2156	30178	0	110	182	7252	0	2860	0	0	0	0	0	0	0	0	0	184	0	112	0	0	0	3412	0	2090	0	112	0	174	0	232	0	0	0	478	2788	144	278	15362	182	21230	0	988	126	8002	0	132	0	480	0	102	0	190	0	0	0	162	0	0	0	0	0	0	0	0	0	0	0	0	0	0	0	0	0	0	0	0	0	0	0	0	0	0	
126504	Frontal_Sup_Orb_L	0	0	5822	224	0	188	802	0	10720	0	0	0	0	0	6938	0	0	0	0	0	2108	190	3274	780	8394	1466	6586	178	3582	0	5370	696	0	0	0	0	0	0	0	0	468	0	0	0	0	0	0	0	0	0	0	0	0	0	0	0	0	0	0	0	0	0	0	0	0	0	0	0	0	0	1076	164	3888	0	0	0	0	0	0	0	0	0	338	0	0	0	0	0	0	0	0	0	0	0	0	0	0	0	0	0	0	0	0	0	0	0	0	0	0	0	0	0	0	0	0	0	
122208	Frontal_Sup_Orb_R	0	0	0	5852	188	0	0	1900	0	4054	0	0	0	104	230	3570	0	0	0	176	1340	2266	174	5374	702	6984	630	7050	284	198	1452	4488	0	0	0	0	0	0	0	0	318	426	0	0	0	0	0	0	0	0	0	0	0	0	0	106	0	0	0	0	0	0	0	0	0	0	0	0	0	0	1652	5564	1054	4968	0	0	0	0	0	0	0	0	0	0	0	0	0	0	0	0	0	0	0	0	0	0	0	0	0	0	0	0	0	0	0	0	0	0	0	0	0	0	0	0	0	0	
629548	Frontal_Mid_L	14960	244	97760	2738	802	0	0	178	4754	0	14458	148	42964	0	15482	0	3144	0	17572	1150	364	0	26726	4948	258	0	106	0	24658	118	13290	2954	6436	2164	0	0	704	0	0	0	180	0	0	0	0	0	0	0	0	0	168	0	0	0	0	0	770	224	128	0	0	0	0	0	0	0	0	0	1964	0	1892	322	5138	0	308	0	692	0	368	0	1260	0	2280	0	0	0	0	0	0	0	0	0	0	0	0	0	0	0	0	0	0	0	0	0	0	0	0	0	0	0	0	0	0	0	0	0	
270204	Frontal_Mid_R	0	4330	3326	44314	0	1900	178	0	0	3368	0	11304	0	13078	0	3468	0	2308	4310	5150	0	0	938	6068	0	0	0	0	0	10290	760	4022	254	4632	0	0	0	1718	0	730	0	0	0	0	0	0	0	0	0	0	0	0	0	0	0	790	0	1006	0	0	0	582	0	726	0	0	0	134	124	0	0	722	0	4276	0	0	0	150	0	0	0	0	0	146	0	0	0	0	0	0	0	0	0	0	0	0	0	0	0	0	0	0	0	0	0	0	0	0	0	0	0	0	0	0	0	0	
93696	Frontal_Mid_Orb_L	0	0	4694	0	10720	0	4754	0	0	0	0	0	1512	0	14298	0	0	0	0	0	362	0	422	216	2914	264	2474	0	810	0	1660	230	0	0	0	0	0	0	0	0	0	0	0	0	0	0	0	0	0	0	0	0	0	0	0	0	0	0	0	0	0	0	0	0	0	0	0	0	0	0	244	0	882	0	0	0	0	0	0	0	0	0	392	0	0	0	0	0	0	0	0	0	0	0	0	0	0	0	0	0	0	0	0	0	0	0	0	0	0	0	0	0	0	0	0	0	
46772	Frontal_Mid_Orb_R	0	0	0	1292	0	4054	0	3368	0	0	0	0	0	518	0	8330	0	0	0	0	0	230	0	468	0	686	0	656	0	842	132	270	0	0	0	0	0	0	0	0	0	152	0	0	0	0	0	0	0	0	0	0	0	0	0	0	0	0	0	0	0	0	0	0	0	0	0	0	0	0	0	586	0	1802	0	0	0	0	0	0	0	0	0	0	0	0	0	0	0	0	0	0	0	0	0	0	0	0	0	0	0	0	0	0	0	0	0	0	0	0	0	0	0	0	0	0	
257144	Frontal_Inf_Oper_L	12242	0	13762	388	0	0	14458	0	0	0	0	128	16688	0	112	0	13708	0	5788	3342	0	0	868	346	0	0	0	0	14420	122	3600	1170	146	0	0	0	368	0	0	0	0	0	0	0	0	0	0	0	0	0	742	0	0	0	0	0	4558	0	646	0	308	0	0	0	188	0	262	0	782	0	2824	3394	722	0	0	0	110	0	1306	0	5766	0	5308	0	0	0	0	0	0	0	0	0	0	0	0	0	0	0	0	0	0	0	0	0	0	0	0	0	0	0	0	0	0	0	0	0	
143956	Frontal_Inf_Oper_R	424	7258	2242	4340	0	0	148	11304	0	0	128	0	0	6924	0	132	306	4672	2636	3150	0	0	104	248	0	0	0	0	542	13326	616	1684	0	558	0	0	0	990	0	692	0	0	0	0	0	0	0	0	0	0	0	0	0	0	0	850	138	1500	0	0	0	118	0	138	0	0	0	0	110	0	560	1690	0	3638	0	0	0	0	0	0	0	330	0	482	0	0	0	0	0	0	0	0	0	0	0	0	0	0	0	0	0	0	0	0	0	0	0	0	0	0	0	0	0	0	0	0	
284964	Frontal_Inf_Tri_L	1812	0	22668	342	0	0	42964	0	1512	0	16688	0	0	0	16172	0	2284	0	5676	280	0	0	1516	340	0	0	0	0	19696	0	3518	988	362	0	0	0	0	0	0	0	0	0	0	0	0	0	0	0	0	0	0	0	0	0	0	0	396	0	0	0	0	0	0	0	0	0	0	0	200	0	408	282	1352	0	0	0	0	0	0	0	728	0	2298	0	0	0	0	0	0	0	0	0	0	0	0	0	0	0	0	0	0	0	0	0	0	0	0	0	0	0	0	0	0	0	0	0	
101292	Frontal_Inf_Tri_R	0	148	138	6110	0	104	0	13078	0	518	0	6924	0	0	0	2570	0	524	496	1552	0	0	0	508	0	0	0	0	0	13046	100	1116	0	838	0	0	0	0	0	0	0	0	0	0	0	0	0	0	0	0	0	0	0	0	0	0	0	0	0	0	0	0	0	0	0	0	0	0	0	0	0	1728	0	1022	0	0	0	0	0	0	0	0	0	126	0	0	0	0	0	0	0	0	0	0	0	0	0	0	0	0	0	0	0	0	0	0	0	0	0	0	0	0	0	0	0	0	
212536	Frontal_Inf_Orb_L	0	0	12302	0	6938	230	15482	0	14298	0	112	0	16172	0	0	120	0	0	370	0	3442	766	238	0	0	0	1712	300	16858	0	562	110	0	0	0	0	218	0	108	0	2348	232	0	0	0	0	0	0	0	0	0	0	0	0	0	0	0	0	0	0	0	0	0	0	0	0	0	0	0	0	2214	716	5778	214	0	0	0	0	0	0	0	0	4428	0	0	0	0	0	0	0	0	0	0	0	0	0	0	0	0	0	0	0	0	0	0	0	0	0	0	0	0	0	0	0	0	0	
102452	Frontal_Inf_Orb_R	0	0	0	2024	0	3570	0	3468	0	8330	0	132	0	2570	120	0	0	0	0	436	630	2424	0	204	0	0	176	2052	102	8240	240	420	0	166	0	0	0	172	0	270	110	944	0	0	0	0	0	0	0	0	0	0	0	0	0	356	0	0	0	0	0	0	0	0	0	0	0	0	0	0	658	2690	442	8572	0	236	0	0	0	0	0	148	0	1224	0	0	0	0	0	100	0	0	0	0	0	0	0	0	0	0	0	0	0	0	0	0	0	0	0	0	0	0	0	0	0	0	
207020	Rolandic_Oper_L	8538	0	4912	0	0	0	3144	0	0	0	13708	306	2284	0	0	0	0	0	5208	2178	0	0	142	0	0	0	0	0	13168	314	1070	354	0	0	0	0	100	0	0	0	0	0	232	0	0	0	0	0	312	0	3544	0	516	0	0	0	7846	0	236	0	0	0	1846	0	98	0	596	0	2780	0	2414	2128	176	0	0	0	800	0	3472	0	11526	0	4048	0	4314	0	0	0	1200	0	0	0	0	0	0	0	0	0	0	0	0	0	0	0	0	0	0	0	0	0	0	0	0	0	0	0	
72364	Rolandic_Oper_R	0	1872	122	4206	0	0	0	2308	0	0	0	4672	0	524	0	0	0	0	156	4062	0	0	0	0	0	0	0	0	0	6376	0	200	0	0	0	0	0	458	0	140	0	0	0	0	0	0	0	0	0	0	0	0	0	0	0	196	0	3152	0	0	0	252	0	2068	0	0	0	0	0	0	0	188	0	586	0	0	0	0	0	1420	0	2620	0	604	0	0	0	0	0	0	0	0	0	0	0	0	0	0	0	0	0	0	0	0	0	0	0	0	0	0	0	0	0	0	0	0	
625572	Supp_Motor_Area_L	15050	4012	62286	12972	0	0	17572	4310	0	0	5788	2636	5676	496	370	0	5208	156	0	27594	0	0	8636	3492	0	0	0	0	12004	1794	8704	6768	8526	14388	98	0	2026	864	0	288	0	0	0	0	0	0	0	0	0	142	694	118	0	0	122	278	6588	1258	550	0	392	0	424	176	186	0	356	380	29930	2834	8466	3240	15570	1644	2514	138	304	370	1086	0	2034	118	626	0	134	0	0	0	400	0	0	0	0	0	0	0	0	0	0	0	0	0	0	0	0	0	0	0	0	0	0	0	0	0	0	0	
715232	Supp_Motor_Area_R	12068	8008	5550	69810	0	176	1150	5150	0	0	3342	3150	280	1552	0	436	2178	4062	27594	0	0	0	3022	9538	0	0	0	0	1558	8144	2402	17512	6970	48998	580	776	308	5250	0	2164	0	0	0	0	0	0	0	0	0	170	0	0	0	0	0	2914	1048	1888	0	114	0	0	0	0	0	0	102	762	24158	10930	2176	25024	1256	15344	288	2392	392	14722	158	204	518	604	244	0	0	210	0	0	0	270	0	0	0	0	0	0	0	0	0	0	0	0	0	0	0	0	0	0	0	0	0	0	0	0	0	0	
101640	Olfactory_L	0	0	646	0	2108	1340	364	0	362	0	0	0	0	0	3442	630	0	0	0	0	0	5258	0	0	484	340	2302	2264	4780	320	3182	1516	0	0	0	0	0	0	520	100	2346	962	0	0	0	0	0	0	0	0	0	0	0	0	0	106	0	0	0	0	0	0	0	0	0	0	0	0	0	0	7178	4014	4494	638	0	122	0	0	0	0	0	0	1002	0	0	0	0	0	0	0	0	0	0	0	0	0	0	0	0	0	0	0	0	0	0	0	0	0	0	0	0	0	0	0	0	0	
133688	Olfactory_R	0	0	110	0	190	2266	0	0	0	230	0	0	0	0	766	2424	0	0	0	0	5258	0	0	112	0	554	1040	4218	1228	2276	2110	2250	0	0	0	0	0	0	0	502	1282	5008	0	0	0	0	0	0	0	0	0	0	0	0	0	526	0	0	0	0	0	0	0	0	0	0	0	0	0	0	10376	11312	6634	4330	412	542	0	0	0	0	0	0	160	728	0	0	0	0	0	0	0	0	0	0	0	0	0	0	0	0	0	0	0	0	0	0	0	0	0	0	0	0	0	0	0	0	
459240	Frontal_Sup_Medial_L	438	344	50188	14418	3274	174	26726	938	422	0	868	104	1516	0	238	0	142	0	8636	3022	0	0	0	34178	4442	1244	748	0	1674	142	35790	16648	6180	10826	0	0	0	0	0	0	0	0	0	0	0	0	0	0	0	0	0	0	0	0	0	0	0	314	0	0	0	0	0	0	0	0	0	0	246	0	2014	532	2676	216	0	0	0	0	0	0	302	0	0	0	0	0	0	0	0	0	0	0	0	0	0	0	0	0	0	0	0	0	0	0	0	0	0	0	0	0	0	0	0	0	0	0	
427928	Frontal_Sup_Medial_R	0	112	12850	47468	780	5374	4948	6068	216	468	346	248	340	508	0	204	0	0	3492	9538	0	112	34178	0	1230	8464	238	1422	236	1272	13164	30448	1782	17704	0	0	0	0	0	0	0	0	0	0	0	0	0	0	0	0	0	0	0	0	0	0	0	0	0	0	0	0	0	0	0	0	0	0	0	0	242	5106	260	5034	0	0	0	0	0	0	112	0	0	0	0	0	0	0	0	0	0	0	0	0	0	0	0	0	0	0	0	0	0	0	0	0	0	0	0	0	0	0	0	0	0	0	
79864	Frontal_Med_Orb_L	0	0	2138	424	8394	702	258	0	2914	0	0	0	0	0	0	0	0	0	0	0	484	0	4442	1230	0	2850	4224	406	300	0	8140	946	0	0	0	0	0	0	0	0	0	0	0	0	0	0	0	0	0	0	0	0	0	0	0	0	0	0	0	0	0	0	0	0	0	0	0	0	0	0	472	0	1608	0	0	0	0	0	0	0	0	0	0	0	0	0	0	0	0	0	0	0	0	0	0	0	0	0	0	0	0	0	0	0	0	0	0	0	0	0	0	0	0	0	0	0	
97812	Frontal_Med_Orb_R	0	0	198	4458	1466	6984	0	0	264	686	0	0	0	0	0	0	0	0	0	0	340	554	1244	8464	2850	0	586	4806	0	0	3794	6842	0	0	0	0	0	0	0	0	0	0	0	0	0	0	0	0	0	0	0	0	0	0	0	0	0	0	0	0	0	0	0	0	0	0	0	0	0	0	122	2570	0	2678	0	0	0	0	0	0	0	0	0	0	0	0	0	0	0	0	0	0	0	0	0	0	0	0	0	0	0	0	0	0	0	0	0	0	0	0	0	0	0	0	0	0	
69736	Rectus_L	0	0	800	132	6586	630	106	0	2474	0	0	0	0	0	1712	176	0	0	0	0	2302	1040	748	238	4224	586	0	1206	834	0	4580	950	0	0	0	0	0	0	0	0	520	0	0	0	0	0	0	0	0	0	0	0	0	0	0	0	0	0	0	0	0	0	0	0	0	0	0	0	0	0	2458	646	1798	122	0	0	0	0	0	0	0	0	0	0	0	0	0	0	0	0	0	0	0	0	0	0	0	0	0	0	0	0	0	0	0	0	0	0	0	0	0	0	0	0	0	0	
81308	Rectus_R	0	0	0	588	178	7050	0	0	0	656	0	0	0	0	300	2052	0	0	0	0	2264	4218	0	1422	406	4806	1206	0	314	534	1416	2656	0	0	0	0	0	0	0	100	354	718	0	0	0	0	0	0	0	0	0	0	0	0	0	140	0	0	0	0	0	0	0	0	0	0	0	0	0	0	2320	3748	1376	1832	0	0	0	0	0	0	0	0	0	0	0	0	0	0	0	0	0	0	0	0	0	0	0	0	0	0	0	0	0	0	0	0	0	0	0	0	0	0	0	0	0	0	
546848	Insula_L	8570	0	32892	218	3582	284	24658	0	810	0	14420	542	19696	0	16858	102	13168	0	12004	1558	4780	1228	1674	236	300	0	834	314	0	584	2916	506	240	108	284	370	12134	174	1520	130	7006	496	0	0	0	0	0	0	0	0	564	0	160	0	3266	0	5592	0	0	0	182	0	164	0	0	0	0	0	3626	202	4884	3140	21256	452	0	0	2384	142	9174	0	12664	0	13650	0	2464	0	0	0	4262	0	0	0	0	0	0	0	0	0	0	0	0	0	0	0	0	0	0	0	0	0	0	0	0	0	0	0	
299772	Insula_R	226	2030	1280	14068	0	198	118	10290	0	842	122	13326	0	13046	0	8240	314	6376	1794	8144	320	2276	142	1272	0	0	0	534	584	0	472	3686	0	1190	0	0	0	6888	0	3902	0	1478	0	0	0	0	0	0	0	0	0	0	0	0	0	4774	156	1562	0	0	0	0	0	0	0	0	0	164	162	0	466	4324	176	23630	0	0	0	686	0	1200	0	4918	0	3536	0	526	0	0	0	448	0	0	0	0	0	0	0	0	0	0	0	0	0	0	0	0	0	0	0	0	0	0	0	0	0	0	
453976	Cingulum_Ant_L	1076	594	30400	7430	5370	1452	13290	760	1660	132	3600	616	3518	100	562	240	1070	0	8704	2402	3182	2110	35790	13164	8140	3794	4580	1416	2916	472	0	28394	6818	4780	0	0	0	0	0	0	294	146	0	0	0	0	0	0	0	0	0	0	0	0	0	0	148	492	0	0	0	0	0	0	0	0	0	0	502	0	10450	2990	11772	888	0	0	0	0	112	0	456	0	206	0	0	0	0	0	0	0	0	0	0	0	0	0	0	0	0	0	0	0	0	0	0	0	0	0	0	0	0	0	0	0	0	0	
506300	Cingulum_Ant_R	258	388	7682	41590	696	4488	2954	4022	230	270	1170	1684	988	1116	110	420	354	200	6768	17512	1516	2250	16648	30448	946	6842	950	2656	506	3686	28394	0	5436	23988	0	0	0	864	0	368	0	142	0	0	0	0	0	0	0	0	0	0	0	0	0	402	0	0	0	0	0	0	0	0	0	0	0	0	112	0	3262	16728	1286	12548	0	272	0	0	0	0	0	0	0	0	0	0	0	0	0	0	0	0	0	0	0	0	0	0	0	0	0	0	0	0	0	0	0	0	0	0	0	0	0	0	0	0	
166748	Cingulum_Mid_L	196	218	7352	2156	0	0	6436	254	0	0	146	0	362	0	0	0	0	0	8526	6970	0	0	6180	1782	0	0	0	0	240	0	6818	5436	0	15610	3808	874	0	0	0	0	0	0	0	0	0	0	0	0	0	0	138	0	0	0	0	0	290	154	0	0	0	0	0	0	0	0	3274	610	4664	414	230	122	0	0	0	0	0	0	0	0	0	0	0	0	114	0	0	0	0	0	0	0	0	0	0	0	0	0	0	0	0	0	0	0	0	0	0	0	0	0	0	0	0	0	0	0	
449140	Cingulum_Mid_R	2738	904	3296	30178	0	0	2164	4632	0	0	0	558	0	838	0	166	0	0	14388	48998	0	0	10826	17704	0	0	0	0	108	1190	4780	23988	15610	0	1592	3844	0	866	0	288	0	0	0	210	0	1648	0	0	0	0	0	0	0	0	0	302	106	1120	0	0	0	0	0	0	0	0	1558	8260	9038	9352	0	1396	0	1378	0	124	0	422	0	0	0	0	0	0	0	0	0	0	0	0	0	0	0	0	0	0	0	0	0	0	0	0	0	0	0	0	0	0	0	0	0	0	0	0	0	0	
97332	Cingulum_Post_L	496	332	0	0	0	0	0	0	0	0	0	0	0	0	0	0	0	0	98	580	0	0	0	0	0	0	0	0	284	0	0	0	3808	1592	0	8848	4620	1794	2232	1024	0	0	1800	0	750	210	2070	1058	308	0	140	0	0	0	0	0	1032	172	0	0	0	0	0	0	0	0	6572	3452	3840	750	0	0	0	0	0	0	122	332	350	0	0	0	0	0	0	0	0	0	0	0	0	0	0	0	0	0	0	0	0	0	0	0	0	0	0	0	0	0	0	0	0	0	0	0	0	0	
103364	Cingulum_Post_R	524	1304	0	110	0	0	0	0	0	0	0	0	0	0	0	0	0	0	0	776	0	0	0	0	0	0	0	0	370	0	0	0	874	3844	8848	0	3590	4226	1790	1900	0	0	0	1874	0	306	1396	3482	0	0	0	0	0	206	0	0	272	1586	0	0	0	0	0	0	0	0	994	7424	760	2606	0	0	0	106	0	0	172	878	396	0	0	0	0	0	0	116	0	0	0	192	0	0	0	0	0	0	0	150	0	0	0	0	0	0	0	0	0	0	0	0	610	0	0	0	0	0	
236712	Hippocampus_L	6234	0	2512	182	0	0	704	0	0	0	368	0	0	0	218	0	100	0	2026	308	0	0	0	0	0	0	0	0	12134	0	0	0	0	0	4620	3590	0	3232	14982	2020	7854	0	1630	0	0	0	6768	2082	0	0	266	0	822	0	10124	0	1936	0	0	0	0	0	0	0	0	0	1914	192	1542	104	0	0	7570	158	288	0	3928	1522	3706	0	1954	0	2046	0	560	0	0	0	7430	0	0	0	0	0	116	0	204	118	0	0	0	0	0	0	0	0	0	0	0	292	0	0	0	0	0	0	
287780	Hippocampus_R	260	2380	750	7252	0	0	0	1718	0	0	0	990	0	0	0	172	0	458	864	5250	0	0	0	0	0	0	0	0	174	6888	0	864	0	866	1794	4226	3232	0	1478	28052	0	6720	0	152	0	0	1218	6920	0	0	0	0	0	0	0	22782	132	460	0	0	0	0	0	0	0	0	0	2374	106	464	0	1298	140	14252	0	1478	682	6808	118	336	0	1480	0	1756	0	622	0	0	0	3034	0	0	0	0	0	0	0	1720	0	440	0	0	0	0	0	0	0	0	0	0	730	0	0	0	0	0	
114332	ParaHippocampal_L	820	0	352	0	0	0	0	0	0	0	0	0	0	0	108	0	0	0	0	0	520	0	0	0	0	0	0	0	1520	0	0	0	0	0	2232	1790	14982	1478	0	676	2740	0	526	0	0	0	7694	904	0	0	244	0	1166	0	7026	0	208	0	0	0	0	0	0	0	0	0	924	106	128	0	0	0	1694	0	112	0	774	404	122	0	600	0	2040	0	582	0	976	0	3028	0	0	0	0	0	196	0	248	0	0	0	0	0	0	0	0	0	0	0	0	246	0	0	0	0	0	0	
219372	ParaHippocampal_R	102	126	0	2860	0	0	0	730	0	0	0	692	0	0	0	270	0	140	288	2164	100	502	0	0	0	0	0	100	130	3902	0	368	0	288	1024	1900	2020	28052	676	0	0	6666	0	0	0	0	610	7324	0	0	0	0	0	0	0	20628	0	0	0	0	0	0	0	0	0	0	0	1040	0	0	354	644	332	8952	0	1412	570	3336	0	0	0	858	0	3650	0	444	0	1270	0	2104	0	0	0	0	0	0	0	2108	0	574	0	0	0	0	0	0	0	0	0	0	376	0	0	0	0	0	
81272	Amygdala_L	0	0	274	0	468	318	180	0	0	0	0	0	0	0	2348	110	0	0	0	0	2346	1282	0	0	0	0	520	354	7006	0	294	0	0	0	0	0	7854	0	2740	0	0	504	0	0	0	0	0	0	0	0	0	0	0	0	3472	0	0	0	0	0	0	0	0	0	0	0	0	0	0	0	2160	1206	2552	352	0	0	0	0	0	0	198	0	2428	0	0	0	232	0	1438	0	0	0	0	0	0	0	0	0	0	0	0	0	0	0	0	0	0	0	0	0	0	0	0	0	0	0	
95028	Amygdala_R	0	0	0	0	0	426	0	0	0	152	0	0	0	0	232	944	0	0	0	0	962	5008	0	0	0	0	0	718	496	1478	146	142	0	0	0	0	0	6720	0	6666	504	0	0	0	0	0	0	0	0	0	0	0	0	0	0	4886	0	0	0	0	0	0	0	0	0	0	0	0	0	0	3768	4442	3098	3592	222	0	0	0	0	0	0	0	0	1948	0	0	0	240	0	724	0	0	0	0	0	0	0	0	0	0	0	0	0	0	0	0	0	0	0	0	0	0	0	0	0	0	
225648	Calcarine_L	0	0	0	0	0	0	0	0	0	0	0	0	0	0	0	0	232	0	0	0	0	0	0	0	0	0	0	0	0	0	0	0	0	0	1800	0	1630	0	526	0	0	0	0	5578	13900	4048	12710	2410	10386	1562	22146	496	9512	0	1880	0	168	0	0	0	0	0	0	0	236	0	14558	368	408	0	0	0	0	0	0	0	0	0	0	0	230	0	0	0	6350	0	0	0	1690	0	0	0	0	0	0	0	0	0	0	0	0	0	0	0	0	0	0	0	0	0	0	0	0	0	0	0	
247032	Calcarine_R	0	898	0	0	0	0	0	0	0	0	0	0	0	0	0	0	0	0	0	0	0	0	0	0	0	0	0	0	0	0	0	0	0	210	0	1874	0	152	0	0	0	0	5578	0	2408	23610	2238	14350	0	16088	0	13502	0	6052	0	4072	0	2310	0	208	0	0	0	0	0	0	1286	17426	120	1204	0	0	0	0	0	0	0	0	0	0	0	0	0	0	0	6146	0	0	0	3612	0	0	0	0	0	0	0	0	0	0	0	0	0	0	0	0	0	0	0	0	172	0	0	0	0	0	
147864	Cuneus_L	0	0	0	0	0	0	0	0	0	0	0	0	0	0	0	0	0	0	0	0	0	0	0	0	0	0	0	0	0	0	0	0	0	0	750	0	0	0	0	0	0	0	13900	2408	0	5530	520	0	18864	1720	10828	0	1108	0	136	0	316	0	790	0	0	0	0	0	0	0	12246	1122	624	0	0	0	0	0	0	0	0	0	0	0	0	0	0	0	2910	0	0	0	160	0	0	0	0	0	0	0	0	0	0	0	0	0	0	0	0	0	0	0	0	0	0	0	0	0	0	0	
290388	Cuneus_R	0	1310	0	0	0	0	0	0	0	0	0	0	0	0	0	0	0	0	0	0	0	0	0	0	0	0	0	0	0	0	0	0	0	1648	210	306	0	0	0	0	0	0	4048	23610	5530	0	916	7610	0	36454	0	17082	0	1252	0	2362	0	3152	0	3894	0	306	0	0	0	696	5100	23502	0	2028	0	0	0	0	0	0	0	0	0	0	0	388	0	0	0	1840	0	0	0	1950	0	0	0	0	0	0	0	0	0	0	0	0	0	0	0	0	0	0	0	0	0	0	0	0	0	0	
270568	Lingual_L	212	0	0	0	0	0	0	0	0	0	0	0	0	0	0	0	0	0	0	0	0	0	0	0	0	0	0	0	0	0	0	0	0	0	2070	1396	6768	1218	7694	610	0	0	12710	2238	520	916	0	4050	3616	734	15892	0	12790	0	15458	570	0	0	0	0	0	0	0	0	0	0	5128	114	0	0	0	0	210	0	0	0	584	308	262	0	872	0	0	0	1668	0	0	0	2396	0	3994	1468	814	566	100	0	5976	868	10124	1858	0	0	0	0	0	0	0	0	0	0	3096	3852	1564	0	0	0	
291216	Lingual_R	330	0	0	0	0	0	0	0	0	0	0	0	0	0	0	0	0	0	0	0	0	0	0	0	0	0	0	0	0	0	0	0	0	0	1058	3482	2082	6920	904	7324	0	0	2410	14350	0	7610	4050	0	0	7416	0	5146	0	3484	2006	18468	0	186	0	0	0	0	0	0	0	0	0	5568	154	322	0	0	256	120	0	412	844	1986	0	0	0	0	0	0	0	298	0	0	0	530	2448	2738	346	398	208	128	1972	7146	6530	7678	0	0	0	234	124	0	0	0	0	132	7552	8560	1576	0	0	122	
200296	Occipital_Sup_L	120	0	0	0	0	0	0	0	0	0	0	0	0	0	0	0	312	0	0	0	0	0	0	0	0	0	0	0	0	0	0	0	0	0	308	0	0	0	0	0	0	0	10386	0	18864	0	3616	0	0	0	35316	0	3580	0	196	0	736	0	6490	0	1958	0	116	0	780	0	13378	1480	690	0	0	0	0	0	0	0	0	0	0	0	200	0	0	0	1622	0	0	0	0	0	0	0	0	0	0	0	0	0	0	0	0	0	0	0	0	0	0	0	0	0	0	0	0	0	0	0	
287036	Occipital_Sup_R	0	2118	236	184	0	0	0	0	0	0	0	0	0	0	0	0	0	0	142	170	0	0	0	0	0	0	0	0	0	0	0	0	0	0	0	0	0	0	0	0	0	0	1562	16088	1720	36454	734	7416	0	0	0	31818	0	1788	0	2502	0	2838	0	4664	0	1842	0	0	0	4224	1864	18924	0	1832	0	0	0	0	0	0	0	0	0	0	0	388	0	0	0	3090	0	0	0	920	0	0	0	0	0	0	0	0	0	0	0	0	0	0	0	0	0	0	0	0	0	0	0	0	0	0	
476112	Occipital_Mid_L	3864	0	674	0	0	0	168	0	0	0	742	0	0	0	0	0	3544	0	694	0	0	0	0	0	0	0	0	0	564	0	0	0	138	0	140	0	266	0	244	0	0	0	22146	0	10828	0	15892	0	35316	0	0	0	27700	0	6812	0	7234	0	11768	0	14018	0	2252	0	20534	0	19300	1168	2836	0	0	0	0	0	0	0	188	0	148	0	3484	0	0	0	19734	0	0	0	5362	0	0	0	0	0	0	0	124	0	174	0	0	0	0	0	0	0	0	0	0	0	0	0	0	0	0	0	
226412	Occipital_Mid_R	0	1336	190	112	0	0	0	0	0	0	0	0	0	0	0	0	0	0	118	0	0	0	0	0	0	0	0	0	0	0	0	0	0	0	0	0	0	0	0	0	0	0	496	13502	0	17082	0	5146	0	31818	0	0	0	3578	0	2244	0	2076	0	780	0	1298	0	0	0	7838	630	10740	0	1270	0	0	0	0	0	0	0	0	0	0	0	278	0	0	0	12164	0	0	0	510	0	0	0	0	0	0	0	0	0	0	0	0	0	0	0	0	0	0	0	0	0	0	0	0	0	0	
186212	Occipital_Inf_L	0	0	0	0	0	0	0	0	0	0	0	0	0	0	0	0	516	0	0	0	0	0	0	0	0	0	0	0	160	0	0	0	0	0	0	0	822	0	1166	0	0	0	9512	0	1108	0	12790	0	3580	0	27700	0	0	0	11588	0	310	0	104	0	0	0	0	0	0	0	3746	0	200	0	0	0	0	0	0	0	0	0	154	0	792	0	0	0	6246	0	0	0	6918	0	898	114	374	176	0	0	856	0	1984	138	0	0	0	0	0	0	0	0	0	0	0	634	520	0	0	0	
59968	Occipital_Inf_R	0	0	0	0	0	0	0	0	0	0	0	0	0	0	0	0	0	0	0	0	0	0	0	0	0	0	0	0	0	0	0	0	0	0	0	206	0	0	0	0	0	0	0	6052	0	1252	0	3484	0	1788	0	3578	0	0	0	6400	0	0	0	0	0	0	0	0	0	0	0	2450	0	0	0	0	0	0	0	0	0	0	0	102	0	178	0	0	0	866	0	0	0	3382	0	128	0	0	0	0	0	0	0	118	0	0	0	0	0	0	0	0	0	0	0	0	0	0	0	0	
351908	Fusiform_L	146	0	128	0	0	0	0	0	0	0	0	0	0	0	0	0	0	0	122	0	0	0	0	0	0	0	0	0	3266	0	0	0	0	0	0	0	10124	0	7026	0	3472	0	1880	0	136	0	15458	2006	196	0	6812	0	11588	0	0	554	0	0	0	0	0	0	0	0	0	0	832	0	0	0	0	0	756	0	0	0	0	0	612	0	4590	0	4624	0	5700	0	2894	0	16732	0	20606	1192	2200	590	140	0	9744	1074	27256	1932	406	0	560	0	0	0	0	0	0	0	1960	5400	2882	248	110	0	
382456	Fusiform_R	0	122	0	3412	0	106	0	790	0	0	0	850	0	0	0	356	0	196	278	2914	106	526	0	0	0	0	0	140	0	4774	0	402	0	302	0	0	0	22782	0	20628	0	4886	0	4072	0	2362	570	18468	0	2502	0	2244	0	6400	554	0	0	0	0	0	0	0	0	0	0	0	0	2068	0	0	428	728	374	9844	0	266	0	606	0	432	0	1818	0	6150	0	1436	0	918	0	9214	1814	11246	298	564	0	762	1236	7864	3660	16838	0	0	0	232	0	0	0	0	0	272	4452	5602	1364	0	0	0	
268180	Postcentral_L	26264	0	3286	0	0	0	770	0	0	0	4558	138	396	0	0	0	7846	0	6588	1048	0	0	0	0	0	0	0	0	5592	156	148	0	290	106	1032	272	1936	132	208	0	0	0	168	0	316	0	0	0	736	0	7234	0	310	0	0	0	0	0	6652	0	16976	0	10258	0	2928	0	3480	0	11224	412	130	366	1746	0	194	0	1756	116	3642	0	2288	0	0	0	2160	0	0	0	232	0	0	0	0	0	0	0	0	0	0	0	0	0	0	0	0	0	0	0	0	0	0	0	0	0	0	0	
183820	Postcentral_R	278	20742	938	2090	0	0	224	1006	0	0	0	1500	0	0	0	0	0	3152	1258	1888	0	0	314	0	0	0	0	0	0	1562	492	0	154	1120	172	1586	0	460	0	0	0	0	0	2310	0	3152	0	186	0	2838	0	2076	0	0	0	0	0	0	0	3954	0	4792	0	7548	0	196	536	14192	360	8282	482	0	104	114	0	0	0	374	0	116	0	454	0	0	0	468	0	0	0	440	0	0	0	0	0	0	0	0	0	0	0	0	0	0	0	0	0	0	0	0	0	0	0	0	0	0	
110188	Parietal_Sup_L	1984	0	620	0	0	0	128	0	0	0	646	0	0	0	0	0	236	0	550	0	0	0	0	0	0	0	0	0	0	0	0	0	0	0	0	0	0	0	0	0	0	0	0	0	790	0	0	0	6490	0	11768	0	104	0	0	0	6652	0	0	0	7818	0	0	0	5154	0	11196	268	476	0	0	0	0	0	0	0	0	0	0	0	214	0	0	0	0	0	0	0	0	0	0	0	0	0	0	0	0	0	0	0	0	0	0	0	0	0	0	0	0	0	0	0	0	0	0	0	
68360	Parietal_Sup_R	0	464	0	112	0	0	0	0	0	0	0	0	0	0	0	0	0	0	0	114	0	0	0	0	0	0	0	0	0	0	0	0	0	0	0	0	0	0	0	0	0	0	0	208	0	3894	0	0	0	4664	0	780	0	0	0	0	0	3954	0	0	0	2906	0	1086	0	1306	0	10076	0	512	0	0	0	198	0	0	0	0	0	0	0	544	0	0	0	692	0	0	0	2670	0	0	0	0	0	0	0	0	0	0	0	0	0	0	0	0	0	0	0	0	0	0	0	0	0	0	
161600	Parietal_Inf_L	4772	0	484	0	0	0	0	0	0	0	308	0	0	0	0	0	0	0	392	0	0	0	0	0	0	0	0	0	182	0	0	0	0	0	0	0	0	0	0	0	0	0	0	0	0	0	0	0	1958	0	14018	0	0	0	0	0	16976	0	7818	0	0	0	11834	0	17420	0	1040	0	968	0	0	0	0	0	0	0	182	0	0	0	950	0	0	0	1498	0	0	0	0	0	0	0	0	0	0	0	0	0	0	0	0	0	0	0	0	0	0	0	0	0	0	0	0	0	0	0	
77408	Parietal_Inf_R	0	840	0	174	0	0	0	582	0	0	0	118	0	0	0	0	0	252	0	0	0	0	0	0	0	0	0	0	0	0	0	0	0	0	0	0	0	0	0	0	0	0	0	0	0	306	0	0	0	1842	0	1298	0	0	0	0	0	4792	0	2906	0	0	0	9484	0	9834	0	612	0	0	0	0	0	0	0	0	0	0	0	0	0	612	0	0	0	3570	0	0	0	1482	0	0	0	0	0	0	0	0	0	0	0	0	0	0	0	0	0	0	0	0	0	0	0	0	0	0	
89224	SupraMarginal_L	1642	0	0	0	0	0	0	0	0	0	0	0	0	0	0	0	1846	0	424	0	0	0	0	0	0	0	0	0	164	0	0	0	0	0	0	0	0	0	0	0	0	0	0	0	0	0	0	0	116	0	2252	0	0	0	0	0	10258	0	0	0	11834	0	0	0	7706	0	132	0	416	0	0	0	0	0	0	0	0	0	324	0	3400	0	0	0	3580	0	0	0	518	0	0	0	0	0	0	0	0	0	0	0	0	0	0	0	0	0	0	0	0	0	0	0	0	0	0	0	
87004	SupraMarginal_R	0	1502	438	232	0	0	0	726	0	0	0	138	0	0	0	0	0	2068	176	0	0	0	0	0	0	0	0	0	0	0	0	0	0	0	0	0	0	0	0	0	0	0	0	0	0	0	0	0	0	0	0	0	0	0	0	0	0	7548	0	1086	0	9484	0	0	0	6604	0	0	0	0	0	0	0	0	0	0	0	0	0	0	0	5598	0	0	0	5820	0	0	0	2082	0	0	0	0	0	0	0	0	0	0	0	0	0	0	0	0	0	0	0	0	0	0	0	0	0	0	
140060	Angular_L	2682	0	164	0	0	0	0	0	0	0	188	0	0	0	0	0	98	0	186	0	0	0	0	0	0	0	0	0	0	0	0	0	0	0	0	0	0	0	0	0	0	0	236	0	0	0	0	0	780	0	20534	0	0	0	0	0	2928	0	5154	0	17420	0	7706	0	0	0	2350	0	256	0	0	0	0	0	0	0	0	0	0	0	1936	0	0	0	6600	0	0	0	812	0	0	0	0	0	0	0	0	0	0	0	0	0	0	0	0	0	0	0	0	0	0	0	0	0	0	0	
85224	Angular_R	0	184	170	0	0	0	0	0	0	0	0	0	0	0	0	0	0	0	0	0	0	0	0	0	0	0	0	0	0	0	0	0	0	0	0	0	0	0	0	0	0	0	0	0	0	696	0	0	0	4224	0	7838	0	0	0	0	0	196	0	1306	0	9834	0	6604	0	0	0	674	0	0	0	0	0	0	0	0	0	0	0	0	0	2718	0	0	0	7380	0	0	0	788	0	0	0	0	0	0	0	0	0	0	0	0	0	0	0	0	0	0	0	0	0	0	0	0	0	0	
275404	Precuneus_L	1218	338	350	0	0	0	0	0	0	0	262	0	0	0	0	0	596	0	356	102	0	0	0	0	0	0	0	0	0	0	0	0	3274	1558	6572	994	1914	0	924	0	0	0	14558	1286	12246	5100	5128	0	13378	1864	19300	630	3746	0	832	0	3480	536	11196	0	1040	0	132	0	2350	0	0	9976	4102	654	0	0	0	0	0	0	0	0	0	0	614	238	0	0	5774	132	0	0	848	104	0	0	0	0	0	0	0	0	0	0	0	0	0	0	0	0	0	0	0	0	0	0	0	0	0	0	
354648	Precuneus_R	0	5154	622	478	0	0	0	134	0	0	0	0	0	0	0	0	0	0	380	762	0	0	0	0	0	0	0	0	0	164	0	0	610	8260	3452	7424	192	2374	106	1040	0	0	368	17426	1122	23502	114	5568	1480	18924	1168	10740	0	2450	0	2068	0	14192	268	10076	0	612	0	0	0	674	9976	0	1494	10562	0	0	0	434	0	118	0	256	0	0	0	1126	0	0	0	4780	0	0	0	5418	0	0	0	0	0	0	0	238	0	0	0	0	0	0	0	0	0	0	0	0	1018	0	0	0	0	0	
342728	Paracentral_Lobule_L	16872	2560	5996	2788	0	0	1964	124	0	0	782	110	200	0	0	0	2780	0	29930	24158	0	0	246	0	0	0	0	0	3626	162	502	112	4664	9038	3840	760	1542	106	128	0	0	0	408	120	624	0	0	154	690	0	2836	0	200	0	0	0	11224	360	476	0	968	0	416	0	256	0	4102	1494	0	6316	5182	3692	7800	198	3246	420	4528	326	642	0	670	0	0	0	728	0	0	0	298	0	0	0	0	0	0	0	0	0	0	0	0	0	0	0	0	0	0	0	0	0	0	0	0	0	0	0	
141976	Paracentral_Lobule_R	2524	4600	202	144	0	0	0	0	0	0	0	0	0	0	0	0	0	0	2834	10930	0	0	0	0	0	0	0	0	202	0	0	0	414	9352	750	2606	104	464	0	0	0	0	0	1204	0	2028	0	322	0	1832	0	1270	0	0	0	0	412	8282	0	512	0	0	0	0	0	0	654	10562	6316	0	458	436	710	0	164	0	0	240	0	0	0	0	0	0	0	290	0	0	0	170	0	0	0	0	0	0	0	0	0	0	0	0	0	0	0	0	0	0	0	0	0	0	0	0	0	0	
280844	Caudate_L	2104	750	5554	278	1076	1652	1892	0	244	0	2824	560	408	0	2214	658	2414	0	8466	2176	7178	10376	2014	242	472	122	2458	2320	4884	466	10450	3262	230	0	0	0	0	0	0	354	2160	3768	0	0	0	0	0	0	0	0	0	0	0	0	0	428	130	482	0	0	0	0	0	0	0	0	0	0	5182	458	0	14784	20980	5450	2310	1216	2222	278	0	0	1552	0	724	200	0	0	0	0	0	0	0	0	0	0	0	0	0	0	0	0	0	0	0	0	0	0	0	0	0	0	0	0	0	0	0	0	
401940	Caudate_R	1762	1454	2118	15362	164	5564	322	722	0	586	3394	1690	282	1728	716	2690	2128	188	3240	25024	4014	11312	532	5106	0	2570	646	3748	3140	4324	2990	16728	122	1396	0	0	0	1298	0	644	1206	4442	0	0	0	0	0	0	0	0	0	0	0	0	0	728	366	0	0	0	0	0	0	0	0	0	0	0	3692	436	14784	0	7382	23692	558	3426	190	10808	154	0	638	0	394	370	0	0	0	0	0	0	0	0	0	0	0	0	0	0	0	0	0	0	0	0	0	0	0	0	0	0	0	0	0	0	0	0	
374188	Putamen_L	6440	176	18596	182	3888	1054	5138	0	882	0	722	0	1352	0	5778	442	176	0	15570	1256	4494	6634	2676	260	1608	0	1798	1376	21256	176	11772	1286	0	0	0	0	7570	140	1694	332	2552	3098	0	0	0	0	210	256	0	0	0	0	0	0	756	374	1746	104	0	0	0	0	0	0	0	0	0	0	7800	710	20980	7382	0	3368	5332	664	2064	0	0	0	1760	0	2082	164	282	0	0	0	686	0	0	0	0	0	0	0	0	0	0	0	0	0	0	0	0	0	0	0	0	0	0	0	0	0	0	0	
399188	Putamen_R	0	1006	1248	21230	0	4968	0	4276	0	1802	0	3638	0	1022	214	8572	0	586	1644	15344	638	4330	216	5034	0	2678	122	1832	452	23630	888	12548	0	1378	0	106	158	14252	0	8952	352	3592	0	0	0	0	0	120	0	0	0	0	0	0	0	9844	0	114	0	198	0	0	0	0	0	0	0	434	198	0	5450	23692	3368	0	0	3360	0	1808	0	0	0	1726	0	1434	0	292	0	0	0	472	0	0	0	0	0	0	0	142	0	234	0	0	0	0	0	0	0	0	0	0	0	0	0	0	0	0	
42788	Pallidum_L	1632	0	1862	0	0	0	308	0	0	0	0	0	0	0	0	0	0	0	2514	288	0	412	0	0	0	0	0	0	0	0	0	0	0	0	0	0	288	0	112	0	0	222	0	0	0	0	0	0	0	0	0	0	0	0	0	0	194	0	0	0	0	0	0	0	0	0	0	0	3246	164	2310	558	5332	0	0	424	1528	0	0	0	0	0	0	0	0	0	0	0	0	0	0	0	0	0	0	0	0	0	0	0	0	0	0	0	0	0	0	0	0	0	0	0	0	0	0	0	
36216	Pallidum_R	0	0	0	988	0	0	0	0	0	0	0	0	0	0	0	236	0	0	138	2392	122	542	0	0	0	0	0	0	0	0	0	272	0	124	0	0	0	1478	0	1412	0	0	0	0	0	0	0	412	0	0	0	0	0	0	0	266	0	0	0	0	0	0	0	0	0	0	0	118	420	0	1216	3426	664	3360	424	0	0	98	0	0	0	0	0	0	0	0	0	0	0	0	0	0	0	0	0	0	0	0	0	0	0	0	0	0	0	0	0	0	0	0	0	0	0	0	0	0	
90732	Thalamus_L	13964	136	1266	126	0	0	692	0	0	0	110	0	0	0	0	0	800	0	304	392	0	0	0	0	0	0	0	0	2384	0	0	0	0	0	122	172	3928	682	774	570	0	0	0	0	0	0	584	844	0	0	188	0	0	0	0	0	1756	0	0	0	182	0	0	0	0	0	0	0	4528	0	2222	190	2064	0	1528	0	0	2296	880	0	740	0	0	0	714	0	0	0	228	0	0	0	0	0	0	0	0	0	0	0	0	0	0	0	0	0	0	0	0	0	0	0	0	0	0	0	
128884	Thalamus_R	608	5372	338	8002	0	0	0	150	0	0	0	0	0	0	0	0	0	0	370	14722	0	0	0	0	0	0	0	0	142	686	0	0	0	422	332	878	1522	6808	404	3336	0	0	0	0	0	0	308	1986	0	0	0	0	0	0	0	606	116	374	0	0	0	0	0	0	0	0	0	256	326	240	278	10808	0	1808	0	98	2296	0	118	0	0	150	0	0	0	0	0	0	0	0	0	0	0	0	0	0	0	582	0	0	0	0	0	0	0	0	0	0	0	0	0	0	0	0	0	0	
78464	Heschl_L	5780	0	648	0	0	0	368	0	0	0	1306	0	0	0	0	0	3472	0	1086	158	0	0	0	0	0	0	0	0	9174	0	112	0	0	0	350	396	3706	118	122	0	0	0	0	0	0	0	262	0	0	0	148	0	154	0	612	0	3642	0	0	0	0	0	324	0	0	0	0	0	642	0	0	154	0	0	0	0	880	118	0	0	2708	0	0	0	1572	0	0	0	1220	0	0	0	0	0	0	0	0	0	0	0	0	0	0	0	0	0	0	0	0	0	0	0	0	0	0	0	
16312	Heschl_R	0	148	0	132	0	0	0	0	0	0	0	0	0	0	0	0	0	1420	0	204	0	0	0	0	0	0	0	0	0	1200	0	0	0	0	0	0	0	336	0	0	0	0	0	0	0	0	0	0	0	0	0	0	0	102	0	432	0	116	0	0	0	0	0	0	0	0	0	0	0	0	0	0	0	0	0	0	0	0	0	0	0	2566	0	0	0	822	0	0	0	678	0	0	0	0	0	0	0	0	0	0	0	0	0	0	0	0	0	0	0	0	0	0	0	0	0	0	
234288	Temporal_Sup_L	1918	0	3426	0	0	0	1260	0	0	0	5766	0	728	0	0	0	11526	0	2034	518	0	0	302	112	0	0	0	0	12664	0	456	0	0	0	0	0	1954	0	600	0	198	0	230	0	0	0	872	0	200	0	3484	0	792	0	4590	0	2288	0	214	0	950	0	3400	0	1936	0	614	0	670	0	1552	638	1760	0	0	0	740	0	2708	0	0	0	6454	0	25696	0	114	0	13780	0	0	0	0	0	0	0	0	0	0	0	0	0	0	0	0	0	0	0	0	0	0	0	0	0	0	0	
115400	Temporal_Sup_R	0	306	172	480	0	0	0	0	0	0	0	330	0	0	0	148	0	2620	118	604	0	0	0	0	0	0	0	0	0	4918	0	0	0	0	0	0	0	1480	0	858	0	0	0	0	0	388	0	0	0	388	0	278	0	178	0	1818	0	454	0	544	0	612	0	5598	0	2718	238	1126	0	0	0	0	0	1726	0	0	0	150	0	2566	0	0	0	4536	0	14654	0	230	0	7464	0	0	0	0	0	0	0	0	0	0	0	0	0	0	0	0	0	0	0	0	0	0	0	0	0	0	
161820	Temporal_Pole_Sup_L	0	0	3812	0	338	0	2280	0	392	0	5308	0	2298	0	4428	0	4048	0	626	244	1002	160	0	0	0	0	0	0	13650	0	206	0	0	0	0	0	2046	0	2040	0	2428	0	0	0	0	0	0	0	0	0	0	0	0	0	4624	0	0	0	0	0	0	0	0	0	0	0	0	0	0	0	724	394	2082	0	0	0	0	0	0	0	6454	0	0	0	8618	0	5624	0	7084	0	0	0	0	0	0	0	0	0	0	0	0	0	0	0	0	0	0	0	0	0	0	0	0	0	0	0	
92792	Temporal_Pole_Sup_R	0	0	0	102	0	0	0	146	0	0	0	482	0	126	0	1224	0	604	0	0	0	728	0	0	0	0	0	0	0	3536	0	0	0	0	0	0	0	1756	0	3650	0	1948	0	0	0	0	0	0	0	0	0	0	0	0	0	6150	0	0	0	0	0	0	0	0	0	0	0	0	0	0	200	370	164	1434	0	0	0	0	0	0	0	4536	0	0	0	7190	0	5764	0	6286	0	0	0	0	0	0	0	0	0	0	0	0	0	0	0	0	0	0	0	0	0	0	0	0	0	0	
294184	Temporal_Mid_L	492	0	108	0	0	0	0	0	0	0	0	0	0	0	0	0	4314	0	134	0	0	0	0	0	0	0	0	0	2464	0	0	0	114	0	0	0	560	0	582	0	0	0	6350	0	2910	0	1668	0	1622	0	19734	0	6246	0	5700	0	2160	0	0	0	1498	0	3580	0	6600	0	5774	0	728	0	0	0	282	0	0	0	714	0	1572	0	25696	0	8618	0	0	0	5306	0	31566	0	0	0	0	0	0	0	0	0	0	0	0	0	0	0	0	0	0	0	0	0	0	0	0	0	0	0	
198312	Temporal_Mid_R	0	516	0	190	0	0	0	0	0	0	0	0	0	0	0	0	0	0	0	210	0	0	0	0	0	0	0	0	0	526	0	0	0	0	0	116	0	622	0	444	0	0	0	6146	0	1840	0	298	0	3090	0	12164	0	866	0	1436	0	468	0	692	0	3570	0	5820	0	7380	132	4780	0	290	0	0	0	292	0	0	0	0	0	822	0	14654	0	7190	0	0	0	3246	0	21356	0	0	0	0	0	0	0	0	0	0	0	0	0	0	0	0	0	0	0	0	0	0	0	0	0	0	
40464	Temporal_Pole_Mid_L	0	0	0	0	0	0	0	0	0	0	0	0	0	0	0	0	0	0	0	0	0	0	0	0	0	0	0	0	0	0	0	0	0	0	0	0	0	0	976	0	232	0	0	0	0	0	0	0	0	0	0	0	0	0	2894	0	0	0	0	0	0	0	0	0	0	0	0	0	0	0	0	0	0	0	0	0	0	0	0	0	114	0	5624	0	5306	0	0	0	5086	0	0	0	0	0	0	0	0	0	0	0	0	0	0	0	0	0	0	0	0	0	0	0	0	0	0	0	
27588	Temporal_Pole_Mid_R	0	0	0	0	0	0	0	0	0	0	0	0	0	0	0	0	0	0	0	0	0	0	0	0	0	0	0	0	0	0	0	0	0	0	0	0	0	0	0	1270	0	240	0	0	0	0	0	0	0	0	0	0	0	0	0	918	0	0	0	0	0	0	0	0	0	0	0	0	0	0	0	0	0	0	0	0	0	0	0	0	0	230	0	5764	0	3246	0	0	0	2126	0	0	0	0	0	0	0	0	0	0	0	0	0	0	0	0	0	0	0	0	0	0	0	0	0	0	
236644	Temporal_Inf_L	272	0	164	0	0	0	0	0	0	0	0	0	0	0	0	0	1200	0	400	0	0	0	0	0	0	0	0	0	4262	0	0	0	0	0	0	0	7430	0	3028	0	1438	0	1690	0	160	0	2396	0	0	0	5362	0	6918	0	16732	0	232	0	0	0	0	0	518	0	812	0	848	0	298	0	0	0	686	0	0	0	228	0	1220	0	13780	0	7084	0	31566	0	5086	0	0	0	2724	0	468	0	0	0	0	0	650	0	354	0	316	0	0	0	0	0	0	0	0	0	0	0	0	0	
158820	Temporal_Inf_R	0	278	0	162	0	0	0	0	0	0	0	0	0	0	0	100	0	0	0	270	0	0	0	0	0	0	0	0	0	448	0	0	0	0	0	192	0	3034	0	2104	0	724	0	3612	0	1950	0	530	0	920	0	510	0	3382	0	9214	0	440	0	2670	0	1482	0	2082	0	788	104	5418	0	170	0	0	0	472	0	0	0	0	0	678	0	7464	0	6286	0	21356	0	2126	0	0	0	444	0	0	0	0	0	0	0	0	0	0	0	0	0	0	0	0	0	0	0	0	0	0	0	0	
446112	Cerebelum_Crus1_L	0	0	0	0	0	0	0	0	0	0	0	0	0	0	0	0	0	0	0	0	0	0	0	0	0	0	0	0	0	0	0	0	0	0	0	0	0	0	0	0	0	0	0	0	0	0	3994	2448	0	0	0	0	898	0	20606	1814	0	0	0	0	0	0	0	0	0	0	0	0	0	0	0	0	0	0	0	0	0	0	0	0	0	0	0	0	0	0	0	0	2724	0	0	3344	25442	3598	2096	618	20190	2498	59328	6016	10440	306	12084	5266	2322	2218	0	112	842	2148	5182	8556	10920	3612	3130	304	
427500	Cerebelum_Crus1_R	0	0	0	0	0	0	0	0	0	0	0	0	0	0	0	0	0	0	0	0	0	0	0	0	0	0	0	0	0	0	0	0	0	0	0	0	0	0	0	0	0	0	0	0	0	0	1468	2738	0	0	0	0	114	128	1192	11246	0	0	0	0	0	0	0	0	0	0	0	0	0	0	0	0	0	0	0	0	0	0	0	0	0	0	0	0	0	0	0	0	0	444	3344	0	1170	33600	482	2630	5060	23724	7604	54232	242	5320	340	21162	136	3808	0	140	278	2028	10210	10316	6396	1886	2312	0	
285452	Cerebelum_Crus2_L	0	0	0	0	0	0	0	0	0	0	0	0	0	0	0	0	0	0	0	0	0	0	0	0	0	0	0	0	0	0	0	0	0	0	0	0	0	0	0	0	0	0	0	0	0	0	814	346	0	0	0	0	374	0	2200	298	0	0	0	0	0	0	0	0	0	0	0	0	0	0	0	0	0	0	0	0	0	0	0	0	0	0	0	0	0	0	0	0	468	0	25442	1170	0	5208	0	0	168	0	6454	1106	32354	2510	26098	8546	1934	3650	0	0	0	0	98	1960	10004	7274	4122	128	
294428	Cerebelum_Crus2_R	0	0	0	0	0	0	0	0	0	0	0	0	0	0	0	0	0	0	0	0	0	0	0	0	0	0	0	0	0	0	0	0	0	0	0	0	0	0	0	0	0	0	0	0	0	0	566	398	0	0	0	0	176	0	590	564	0	0	0	0	0	0	0	0	0	0	0	0	0	0	0	0	0	0	0	0	0	0	0	0	0	0	0	0	0	0	0	0	0	0	3598	33600	5208	0	0	458	234	2414	1770	7722	1800	23520	2600	39658	578	5426	0	98	0	274	398	2114	9904	1622	1924	0	
49248	Cerebelum_3_L	0	0	0	0	0	0	0	0	0	0	0	0	0	0	0	0	0	0	0	0	0	0	0	0	0	0	0	0	0	0	0	0	0	0	0	0	116	0	196	0	0	0	0	0	0	0	100	208	0	0	0	0	0	0	140	0	0	0	0	0	0	0	0	0	0	0	0	0	0	0	0	0	0	0	0	0	0	0	0	0	0	0	0	0	0	0	0	0	0	0	2096	482	0	0	0	372	6398	436	4072	848	0	0	0	0	298	582	0	0	1732	3090	1782	1108	0	0	256	312	
57744	Cerebelum_3_R	0	0	0	0	0	0	0	0	0	0	0	0	0	0	0	0	0	0	0	0	0	0	0	0	0	0	0	0	0	0	0	0	0	0	0	0	0	0	0	0	0	0	0	0	0	0	0	128	0	0	0	0	0	0	0	762	0	0	0	0	0	0	0	0	0	0	0	0	0	0	0	0	0	0	0	0	0	0	0	0	0	0	0	0	0	0	0	0	0	0	618	2630	0	458	372	0	954	5360	1328	6344	0	0	0	280	560	1136	146	0	336	3360	722	1366	102	312	1156	442	
285480	Cerebelum_4_5_L	0	0	0	0	0	0	0	0	0	0	0	0	0	0	0	0	0	0	0	0	0	0	0	0	0	0	0	0	0	0	0	0	0	0	0	0	204	0	248	0	0	0	0	0	0	0	5976	1972	0	0	124	0	856	0	9744	1236	0	0	0	0	0	0	0	0	0	0	0	0	0	0	0	0	0	0	0	0	0	0	0	0	0	0	0	0	0	0	0	0	0	0	20190	5060	168	234	6398	954	0	6898	36452	7640	0	0	178	204	3372	2614	140	0	1532	3774	15860	5902	282	238	2064	2226	
257312	Cerebelum_4_5_R	0	0	0	0	0	0	0	0	0	0	0	0	0	0	0	0	0	0	0	0	0	0	0	0	0	0	0	0	0	0	0	0	0	0	0	150	118	1720	0	2108	0	0	0	0	0	0	868	7146	0	0	0	0	0	0	1074	7864	0	0	0	0	0	0	0	0	0	0	0	238	0	0	0	0	0	142	0	0	0	582	0	0	0	0	0	0	0	0	0	0	0	0	2498	23724	0	2414	436	5360	6898	0	5374	33716	0	300	0	2286	278	332	0	98	0	3424	14628	2878	1000	460	280	262	
510832	Cerebelum_6_L	0	0	0	0	0	0	0	0	0	0	0	0	0	0	0	0	0	0	0	0	0	0	0	0	0	0	0	0	0	0	0	0	0	0	0	0	0	0	0	0	0	0	0	0	0	0	10124	6530	0	0	174	0	1984	0	27256	3660	0	0	0	0	0	0	0	0	0	0	0	0	0	0	0	0	0	0	0	0	0	0	0	0	0	0	0	0	0	0	0	0	650	0	59328	7604	6454	1770	4072	1328	36452	5374	0	11782	2536	0	4022	956	4510	3956	686	0	1018	2622	13882	20432	6920	2748	4486	2100	
433656	Cerebelum_6_R	0	0	0	0	0	0	0	0	0	0	0	0	0	0	0	0	0	0	0	0	0	0	0	0	0	0	0	0	0	0	0	0	0	0	0	0	0	440	0	574	0	0	0	0	0	0	1858	7678	0	0	0	0	138	118	1932	16838	0	0	0	0	0	0	0	0	0	0	0	0	0	0	0	0	0	234	0	0	0	0	0	0	0	0	0	0	0	0	0	0	0	0	6016	54232	1106	7722	848	6344	7640	33716	11782	0	0	610	0	5508	220	1868	0	288	556	4808	15892	15332	7046	2930	2554	0	
237776	Cerebelum_7b_L	0	0	0	0	0	0	0	0	0	0	0	0	0	0	0	0	0	0	0	0	0	0	0	0	0	0	0	0	0	0	0	0	0	0	0	0	0	0	0	0	0	0	0	0	0	0	0	0	0	0	0	0	0	0	406	0	0	0	0	0	0	0	0	0	0	0	0	0	0	0	0	0	0	0	0	0	0	0	0	0	0	0	0	0	0	0	0	0	354	0	10440	242	32354	1800	0	0	0	0	2536	0	0	1428	38062	6746	5258	2944	168	0	0	0	0	130	3754	8480	3786	0	
145144	Cerebelum_7b_R	0	0	0	0	0	0	0	0	0	0	0	0	0	0	0	0	0	0	0	0	0	0	0	0	0	0	0	0	0	0	0	0	0	0	0	0	0	0	0	0	0	0	0	0	0	0	0	0	0	0	0	0	0	0	0	0	0	0	0	0	0	0	0	0	0	0	0	0	0	0	0	0	0	0	0	0	0	0	0	0	0	0	0	0	0	0	0	0	0	0	306	5320	2510	23520	0	0	0	300	0	610	1428	0	1250	28230	172	5214	0	0	0	0	0	0	1434	1470	808	0	
274324	Cerebelum_8_L	0	0	0	0	0	0	0	0	0	0	0	0	0	0	0	0	0	0	0	0	0	0	0	0	0	0	0	0	0	0	0	0	0	0	0	0	0	0	0	0	0	0	0	0	0	0	0	0	0	0	0	0	0	0	560	0	0	0	0	0	0	0	0	0	0	0	0	0	0	0	0	0	0	0	0	0	0	0	0	0	0	0	0	0	0	0	0	0	316	0	12084	340	26098	2600	0	0	178	0	4022	0	38062	1250	0	9232	13664	4588	486	0	0	0	0	270	5750	11042	6432	188	
358240	Cerebelum_8_R	0	0	0	0	0	0	0	0	0	0	0	0	0	0	0	0	0	0	0	0	0	0	0	0	0	0	0	0	0	0	0	0	0	0	0	0	0	0	0	0	0	0	0	0	0	0	0	234	0	0	0	0	0	0	0	232	0	0	0	0	0	0	0	0	0	0	0	0	0	0	0	0	0	0	0	0	0	0	0	0	0	0	0	0	0	0	0	0	0	0	5266	21162	8546	39658	0	280	204	2286	956	5508	6746	28230	9232	0	1644	20814	0	858	0	248	452	880	10170	8654	6718	142	
114720	Cerebelum_9_L	0	0	0	0	0	0	0	0	0	0	0	0	0	0	0	0	0	0	0	0	0	0	0	0	0	0	0	0	0	0	0	0	0	0	0	0	0	0	0	0	0	0	0	0	0	0	0	124	0	0	0	0	0	0	0	0	0	0	0	0	0	0	0	0	0	0	0	0	0	0	0	0	0	0	0	0	0	0	0	0	0	0	0	0	0	0	0	0	0	0	2322	136	1934	578	298	560	3372	278	4510	220	5258	172	13664	1644	0	4284	2200	0	0	208	1814	3566	1002	1650	5396	2170	
199828	Cerebelum_9_R	0	0	0	0	0	0	0	0	0	0	0	0	0	0	0	0	0	0	0	0	0	0	0	0	0	0	0	0	0	0	0	0	0	0	0	0	0	0	0	0	0	0	0	0	0	0	0	0	0	0	0	0	0	0	0	0	0	0	0	0	0	0	0	0	0	0	0	0	0	0	0	0	0	0	0	0	0	0	0	0	0	0	0	0	0	0	0	0	0	0	2218	3808	3650	5426	582	1136	2614	332	3956	1868	2944	5214	4588	20814	4284	0	718	1158	300	570	2442	6550	3270	6430	11644	3398	
13388	Cerebelum_10_L	0	0	0	0	0	0	0	0	0	0	0	0	0	0	0	0	0	0	0	0	0	0	0	0	0	0	0	0	0	0	0	0	0	0	0	0	0	0	0	0	0	0	0	0	0	0	0	0	0	0	0	0	0	0	0	0	0	0	0	0	0	0	0	0	0	0	0	0	0	0	0	0	0	0	0	0	0	0	0	0	0	0	0	0	0	0	0	0	0	0	0	0	0	0	0	146	140	0	686	0	168	0	486	0	2200	718	0	0	0	0	0	730	0	250	728	442	
6448	Cerebelum_10_R	0	0	0	0	0	0	0	0	0	0	0	0	0	0	0	0	0	0	0	0	0	0	0	0	0	0	0	0	0	0	0	0	0	0	0	0	0	0	0	0	0	0	0	0	0	0	0	0	0	0	0	0	0	0	0	0	0	0	0	0	0	0	0	0	0	0	0	0	0	0	0	0	0	0	0	0	0	0	0	0	0	0	0	0	0	0	0	0	0	0	112	140	0	98	0	0	0	98	0	288	0	0	0	858	0	1158	0	0	0	0	0	0	180	170	122	0	
23104	Vermis_1_2	0	0	0	0	0	0	0	0	0	0	0	0	0	0	0	0	0	0	0	0	0	0	0	0	0	0	0	0	0	0	0	0	0	0	0	0	0	0	0	0	0	0	0	0	0	0	0	0	0	0	0	0	0	0	0	0	0	0	0	0	0	0	0	0	0	0	0	0	0	0	0	0	0	0	0	0	0	0	0	0	0	0	0	0	0	0	0	0	0	0	842	278	0	0	1732	336	1532	0	1018	556	0	0	0	0	0	300	0	0	0	3718	596	468	0	0	176	0	
71024	Vermis_3	0	0	0	0	0	0	0	0	0	0	0	0	0	0	0	0	0	0	0	0	0	0	0	0	0	0	0	0	0	0	0	0	0	0	0	0	292	0	246	0	0	0	0	0	0	0	0	132	0	0	0	0	0	0	0	272	0	0	0	0	0	0	0	0	0	0	0	0	0	0	0	0	0	0	0	0	0	0	0	0	0	0	0	0	0	0	0	0	0	0	2148	2028	0	274	3090	3360	3774	3424	2622	4808	0	0	0	248	208	570	0	0	3718	0	2712	848	0	110	446	182	
243264	Vermis_4_5	0	0	0	0	0	0	0	0	0	0	0	0	0	0	0	0	0	0	0	0	0	0	0	0	0	0	0	0	0	0	0	0	0	0	0	610	0	730	0	376	0	0	0	172	0	0	3096	7552	0	0	0	0	0	0	1960	4452	0	0	0	0	0	0	0	0	0	0	0	1018	0	0	0	0	0	0	0	0	0	0	0	0	0	0	0	0	0	0	0	0	0	0	5182	10210	98	398	1782	722	15860	14628	13882	15892	0	0	0	452	1814	2442	0	0	596	2712	0	10754	522	150	1280	2290	
275888	Vermis_6	0	0	0	0	0	0	0	0	0	0	0	0	0	0	0	0	0	0	0	0	0	0	0	0	0	0	0	0	0	0	0	0	0	0	0	0	0	0	0	0	0	0	0	0	0	0	3852	8560	0	0	0	0	634	0	5400	5602	0	0	0	0	0	0	0	0	0	0	0	0	0	0	0	0	0	0	0	0	0	0	0	0	0	0	0	0	0	0	0	0	0	0	8556	10316	1960	2114	1108	1366	5902	2878	20432	15332	130	0	270	880	3566	6550	730	0	468	848	10754	0	7848	2060	5722	4106	
212632	Vermis_7	0	0	0	0	0	0	0	0	0	0	0	0	0	0	0	0	0	0	0	0	0	0	0	0	0	0	0	0	0	0	0	0	0	0	0	0	0	0	0	0	0	0	0	0	0	0	1564	1576	0	0	0	0	520	0	2882	1364	0	0	0	0	0	0	0	0	0	0	0	0	0	0	0	0	0	0	0	0	0	0	0	0	0	0	0	0	0	0	0	0	0	0	10920	6396	10004	9904	0	102	282	1000	6920	7046	3754	1434	5750	10170	1002	3270	0	180	0	0	522	7848	0	7230	4676	0	
