data	data	342864	252440	1.14672e+06	741720	130608	67428	497584	199064	79004	18432	147356	281208	337216	138292	268520	61380	272328	120256	750444	614680	94496	80104	354908	360548	37588	95216	54396	62520	618924	342560	439268	473008	135948	429728	184728	185204	306684	289228	154872	187308	63276	50084	233968	246556	169328	256108	232428	293060	168832	308112	438076	267928	139124	112444	407924	390952	257844	199160	83640	54784	233912	92160	115612	99964	79468	105856	224748	393592	126504	118948	400820	400660	443272	308984	50496	47852	169496	183168	65492	28480	225692	102852	113724	68284	361756	206960	55756	21900	312136	153212	588824	484260	418192	346440	24264	66416	270992	309476	463296	502552	298012	158600	313576	272416	73756	92304	14808	12572	10972	40304	184100	198644	262452	93016	46796	37252	
data	data	Precentral_L	Precentral_R	Frontal_Sup_L	Frontal_Sup_R	Frontal_Sup_Orb_L	Frontal_Sup_Orb_R	Frontal_Mid_L	Frontal_Mid_R	Frontal_Mid_Orb_L	Frontal_Mid_Orb_R	Frontal_Inf_Oper_L	Frontal_Inf_Oper_R	Frontal_Inf_Tri_L	Frontal_Inf_Tri_R	Frontal_Inf_Orb_L	Frontal_Inf_Orb_R	Rolandic_Oper_L	Rolandic_Oper_R	Supp_Motor_Area_L	Supp_Motor_Area_R	Olfactory_L	Olfactory_R	Frontal_Sup_Medial_L	Frontal_Sup_Medial_R	Frontal_Med_Orb_L	Frontal_Med_Orb_R	Rectus_L	Rectus_R	Insula_L	Insula_R	Cingulum_Ant_L	Cingulum_Ant_R	Cingulum_Mid_L	Cingulum_Mid_R	Cingulum_Post_L	Cingulum_Post_R	Hippocampus_L	Hippocampus_R	ParaHippocampal_L	ParaHippocampal_R	Amygdala_L	Amygdala_R	Calcarine_L	Calcarine_R	Cuneus_L	Cuneus_R	Lingual_L	Lingual_R	Occipital_Sup_L	Occipital_Sup_R	Occipital_Mid_L	Occipital_Mid_R	Occipital_Inf_L	Occipital_Inf_R	Fusiform_L	Fusiform_R	Postcentral_L	Postcentral_R	Parietal_Sup_L	Parietal_Sup_R	Parietal_Inf_L	Parietal_Inf_R	SupraMarginal_L	SupraMarginal_R	Angular_L	Angular_R	Precuneus_L	Precuneus_R	Paracentral_Lobule_L	Paracentral_Lobule_R	Caudate_L	Caudate_R	Putamen_L	Putamen_R	Pallidum_L	Pallidum_R	Thalamus_L	Thalamus_R	Heschl_L	Heschl_R	Temporal_Sup_L	Temporal_Sup_R	Temporal_Pole_Sup_L	Temporal_Pole_Sup_R	Temporal_Mid_L	Temporal_Mid_R	Temporal_Pole_Mid_L	Temporal_Pole_Mid_R	Temporal_Inf_L	Temporal_Inf_R	Cerebelum_Crus1_L	Cerebelum_Crus1_R	Cerebelum_Crus2_L	Cerebelum_Crus2_R	Cerebelum_3_L	Cerebelum_3_R	Cerebelum_4_5_L	Cerebelum_4_5_R	Cerebelum_6_L	Cerebelum_6_R	Cerebelum_7b_L	Cerebelum_7b_R	Cerebelum_8_L	Cerebelum_8_R	Cerebelum_9_L	Cerebelum_9_R	Cerebelum_10_L	Cerebelum_10_R	Vermis_1_2	Vermis_3	Vermis_4_5	Vermis_6	Vermis_7	Vermis_8	Vermis_9	Vermis_10	
342864	Precentral_L	0	2798	20994	980	0	0	11356	0	0	0	6376	0	238	0	0	0	7994	0	11150	8672	0	0	146	0	0	0	0	0	8328	0	708	0	1160	5582	5120	2784	2580	182	438	0	0	0	146	0	290	0	0	0	102	0	2242	0	602	0	1200	0	26856	0	122	0	7950	0	3472	0	528	0	818	0	12190	272	2516	0	2240	0	0	0	4606	162	2248	0	2308	0	174	0	1754	0	0	0	1048	0	0	0	0	0	0	0	0	0	0	0	0	0	0	0	0	0	0	0	0	0	0	0	0	0	0	0	
252440	Precentral_R	2798	0	906	16494	0	0	252	8208	0	0	0	9148	0	0	0	0	0	1032	2728	12450	0	0	0	0	0	0	0	0	0	2412	0	0	876	5740	468	928	408	6250	148	596	0	0	0	902	0	978	0	650	0	1070	0	1242	0	150	0	928	130	12898	0	0	0	0	0	480	0	0	0	5908	556	4580	1292	6702	410	1516	0	0	1720	9436	0	228	0	0	0	0	0	1194	0	0	0	1408	0	0	0	0	0	0	0	0	0	0	0	0	0	0	0	0	0	0	0	0	0	0	0	0	0	0	
1.14672e+06	Frontal_Sup_L	20994	906	0	12644	12424	0	70546	240	7474	0	7538	756	30872	0	24374	0	14350	718	98194	20990	784	0	42042	7248	1068	184	2768	0	45040	684	25792	3474	3584	5374	570	516	6034	102	706	0	344	0	0	0	0	0	0	0	0	0	0	0	0	0	500	0	9696	656	0	0	2228	0	850	0	0	0	0	0	3226	0	20846	2654	39574	798	6548	270	9512	218	1862	0	2886	0	916	0	190	0	0	0	596	0	0	0	0	0	0	0	0	0	0	0	0	0	0	0	0	0	0	0	0	0	0	0	0	0	0	0	
741720	Frontal_Sup_R	980	16494	12644	0	0	4392	1146	22532	0	588	208	18548	138	10032	0	3060	510	9448	24744	53936	0	0	8084	34190	0	4610	0	2216	726	15850	5024	32366	1700	16956	200	394	258	1736	110	500	0	0	0	0	0	0	0	0	0	0	0	0	0	0	0	360	114	1272	0	0	0	0	0	0	0	0	0	232	386	104	6672	24234	888	18700	0	2766	1580	7834	0	640	0	302	0	350	0	0	0	0	0	106	0	0	0	0	0	0	0	0	0	0	0	0	0	0	0	0	0	0	0	0	0	0	0	0	0	0	
130608	Frontal_Sup_Orb_L	0	0	12424	0	0	0	2606	0	10560	0	298	0	936	0	9680	0	0	0	526	0	1120	0	6534	144	4006	0	5502	0	3490	0	3560	190	0	0	0	0	0	0	0	0	370	0	0	0	0	0	0	0	0	0	0	0	0	0	0	0	0	0	0	0	0	0	0	0	0	0	0	0	0	0	644	0	2290	0	0	0	0	0	0	0	0	0	424	0	0	0	0	0	0	0	0	0	0	0	0	0	0	0	0	0	0	0	0	0	0	0	0	0	0	0	0	0	0	0	0	0	
67428	Frontal_Sup_Orb_R	0	0	0	4392	0	0	0	580	0	5126	0	0	0	0	0	1448	0	0	0	0	0	562	0	3692	212	5658	0	4786	0	634	1202	1940	0	0	0	0	0	0	0	0	0	0	0	0	0	0	0	0	0	0	0	0	0	0	0	0	0	0	0	0	0	0	0	0	0	0	0	0	0	0	0	1806	0	1676	0	0	0	0	0	0	0	0	0	0	0	0	0	0	0	0	0	0	0	0	0	0	0	0	0	0	0	0	0	0	0	0	0	0	0	0	0	0	0	0	0	0	
497584	Frontal_Mid_L	11356	252	70546	1146	2606	0	0	0	3174	0	6442	0	45046	0	22754	0	10210	0	9220	1184	582	0	9056	700	0	194	104	106	28674	0	7002	574	772	348	616	594	1082	182	110	0	300	0	0	0	0	0	0	0	0	0	0	0	0	0	184	0	1950	0	0	0	1180	0	0	0	0	0	0	0	0	0	2432	492	4824	0	0	0	374	206	728	0	952	0	326	0	108	0	0	0	104	0	0	0	0	0	0	0	0	0	0	0	0	0	0	0	0	0	0	0	0	0	0	0	0	0	0	0	
199064	Frontal_Mid_R	0	8208	240	22532	0	580	0	0	0	1130	0	13750	0	14834	0	5970	0	3588	686	1228	0	0	0	1352	0	0	0	0	0	7604	0	856	0	368	0	0	0	3592	0	414	0	0	0	0	0	0	0	0	0	0	0	0	0	0	0	332	0	920	0	0	0	0	0	130	0	0	0	224	0	0	394	1324	0	5382	0	146	0	3182	0	114	0	0	0	0	0	184	0	0	0	268	0	0	0	0	0	0	0	0	0	0	0	0	0	0	0	0	0	0	0	0	0	0	0	0	0	0	
79004	Frontal_Mid_Orb_L	0	0	7474	0	10560	0	3174	0	0	0	190	0	1814	0	10990	0	0	0	160	0	0	0	958	0	524	0	964	0	2006	0	296	0	0	0	0	0	0	0	0	0	0	0	0	0	0	0	0	0	0	0	0	0	0	0	0	0	0	0	0	0	0	0	0	0	0	0	0	0	0	0	0	0	216	0	0	0	0	0	0	0	0	0	176	0	0	0	0	0	0	0	0	0	0	0	0	0	0	0	0	0	0	0	0	0	0	0	0	0	0	0	0	0	0	0	0	0	
18432	Frontal_Mid_Orb_R	0	0	0	588	0	5126	0	1130	0	0	0	0	0	104	0	1864	0	0	0	0	0	0	0	176	0	0	0	0	0	0	0	0	0	0	0	0	0	0	0	0	0	0	0	0	0	0	0	0	0	0	0	0	0	0	0	0	0	0	0	0	0	0	0	0	0	0	0	0	0	0	0	116	0	112	0	0	0	0	0	0	0	0	0	0	0	0	0	0	0	0	0	0	0	0	0	0	0	0	0	0	0	0	0	0	0	0	0	0	0	0	0	0	0	0	0	0	
147356	Frontal_Inf_Oper_L	6376	0	7538	208	298	0	6442	0	190	0	0	228	8406	0	182	0	6934	0	4130	0	0	0	1642	0	0	0	424	0	13936	148	7030	332	0	0	0	0	0	0	0	0	0	0	0	0	0	0	0	0	0	0	0	0	0	0	0	0	1918	0	0	0	362	0	0	0	0	0	0	0	0	0	2702	0	1242	0	0	0	0	0	240	0	556	0	2214	0	0	0	0	0	0	0	0	0	0	0	0	0	0	0	0	0	0	0	0	0	0	0	0	0	0	0	0	0	0	0	0	0	
281208	Frontal_Inf_Oper_R	0	9148	756	18548	0	0	0	13750	0	0	228	0	0	11362	0	754	444	5958	2178	4886	0	0	1324	5518	0	168	0	0	450	23962	1732	11228	0	1048	0	0	0	1608	0	212	0	0	0	0	0	0	0	0	0	0	0	0	0	0	0	154	0	1562	0	0	0	0	0	138	0	0	0	354	0	0	5120	7970	258	6294	0	0	0	1468	0	146	0	228	0	1094	0	264	0	0	0	292	0	0	0	0	0	0	0	0	0	0	0	0	0	0	0	0	0	0	0	0	0	0	0	0	0	0	
337216	Frontal_Inf_Tri_L	238	0	30872	138	936	0	45046	0	1814	0	8406	0	0	0	25324	0	836	0	7170	140	520	0	2500	164	0	0	0	0	29536	0	7102	0	214	0	0	0	230	0	0	0	246	0	0	0	0	0	0	0	0	0	0	0	0	0	0	0	0	0	0	0	0	0	0	0	0	0	0	0	0	0	1912	0	4656	0	0	0	0	0	0	0	114	0	494	0	0	0	0	0	0	0	0	0	0	0	0	0	0	0	0	0	0	0	0	0	0	0	0	0	0	0	0	0	0	0	0	0	
138292	Frontal_Inf_Tri_R	0	0	0	10032	0	0	0	14834	0	104	0	11362	0	0	0	5182	0	1014	610	1106	0	0	704	2846	0	0	0	0	0	10004	542	6412	0	496	0	0	0	106	0	0	0	0	0	0	0	0	0	0	0	0	0	0	0	0	0	0	0	0	0	0	0	0	0	0	0	0	0	0	0	0	370	1076	0	1980	0	0	0	366	0	0	0	0	0	0	0	0	0	0	0	0	0	0	0	0	0	0	0	0	0	0	0	0	0	0	0	0	0	0	0	0	0	0	0	0	0	0	
268520	Frontal_Inf_Orb_L	0	0	24374	0	9680	0	22754	0	10990	0	182	0	25324	0	0	0	104	0	1006	0	2818	0	1660	0	114	0	968	0	22342	0	906	0	0	0	0	0	1288	0	208	0	1088	0	0	0	0	0	0	0	0	0	0	0	0	0	0	0	0	0	0	0	0	0	0	0	0	0	0	0	0	0	776	0	6540	0	0	0	0	0	0	0	0	0	1006	0	0	0	0	0	132	0	0	0	0	0	0	0	0	0	0	0	0	0	0	0	0	0	0	0	0	0	0	0	0	0	0	0	
61380	Frontal_Inf_Orb_R	0	0	0	3060	0	1448	0	5970	0	1864	0	754	0	5182	0	0	0	0	294	308	0	404	0	600	0	0	0	362	0	5536	0	508	0	250	0	0	0	0	0	0	0	0	0	0	0	0	0	0	0	0	0	0	0	0	0	0	0	0	0	0	0	0	0	0	0	0	0	0	0	0	0	426	0	3498	0	0	0	0	0	0	0	0	0	226	0	0	0	0	0	0	0	0	0	0	0	0	0	0	0	0	0	0	0	0	0	0	0	0	0	0	0	0	0	0	0	0	
272328	Rolandic_Oper_L	7994	0	14350	510	0	0	10210	0	0	0	6934	444	836	0	104	0	0	0	9504	256	0	0	950	200	0	0	0	0	32298	258	2470	306	146	0	0	0	842	0	0	0	0	0	0	0	0	0	0	0	0	0	1128	0	514	0	466	0	6596	0	266	0	3764	0	3386	0	478	0	114	0	238	0	2598	214	1170	0	0	0	116	0	5024	0	11334	0	2106	0	5506	0	0	0	2534	0	0	0	0	0	0	0	0	0	0	0	0	0	0	0	0	0	0	0	0	0	0	0	0	0	0	0	
120256	Rolandic_Oper_R	0	1032	718	9448	0	0	0	3588	0	0	0	5958	0	1014	0	0	0	0	458	2366	0	0	0	1288	0	0	0	0	0	11564	0	336	0	0	0	0	0	344	0	0	0	0	0	0	0	0	0	0	0	0	0	0	0	0	0	0	0	2550	0	0	0	0	0	3214	0	0	0	202	0	132	1748	510	1474	3768	0	166	0	892	0	3572	0	2916	0	870	0	0	0	0	0	0	0	0	0	0	0	0	0	0	0	0	0	0	0	0	0	0	0	0	0	0	0	0	0	0	0	0	
750444	Supp_Motor_Area_L	11150	2728	98194	24744	526	0	9220	686	160	0	4130	2178	7170	610	1006	294	9504	458	0	45104	0	0	8786	5714	0	196	652	0	18824	2158	15250	9352	5860	17236	324	348	2546	0	116	0	0	0	0	0	0	0	0	0	0	0	0	0	0	0	202	0	4660	380	0	0	692	0	874	0	0	0	0	0	3922	142	18796	3380	21344	822	3244	264	7778	294	538	0	1900	0	150	0	140	0	0	0	476	0	0	0	0	0	0	0	0	0	0	0	0	0	0	0	0	0	0	0	0	0	0	0	0	0	0	0	
614680	Supp_Motor_Area_R	8672	12450	20990	53936	0	0	1184	1228	0	0	0	4886	140	1106	0	308	256	2366	45104	0	0	0	1932	9110	0	726	0	242	470	3176	3442	13954	3786	51966	3134	5392	1330	1070	488	156	0	0	0	142	0	208	0	100	0	0	0	0	0	0	142	560	348	1910	0	0	196	0	0	562	0	0	0	2584	4374	5384	4038	13548	1106	5984	0	2508	5684	4294	122	440	0	0	0	0	0	106	0	0	0	0	0	0	0	0	0	0	0	0	0	0	0	0	0	0	0	0	0	0	0	0	0	0	0	0	0	0	
94496	Olfactory_L	0	0	784	0	1120	0	582	0	0	0	0	0	520	0	2818	0	0	0	0	0	0	4408	0	0	288	0	722	132	4464	0	3864	1680	0	0	0	0	1602	0	426	0	1832	0	0	0	0	0	0	0	0	0	0	0	0	0	0	0	0	0	0	0	0	0	0	0	0	0	0	0	0	0	7654	4646	6500	1892	126	472	0	0	0	0	0	0	716	0	0	0	0	0	0	0	0	0	0	0	0	0	0	0	0	0	0	0	0	0	0	0	0	0	0	0	0	0	0	0	0	0	
80104	Olfactory_R	0	0	0	0	0	562	0	0	0	0	0	0	0	0	0	404	0	0	0	0	4408	0	0	0	0	452	0	1322	0	2100	2732	2426	0	0	0	0	0	530	0	302	0	432	0	0	0	0	0	0	0	0	0	0	0	0	0	206	0	0	0	0	0	0	0	0	0	0	0	0	0	0	6198	7158	5798	3136	598	1288	0	0	0	0	0	0	0	0	0	0	0	0	0	0	0	0	0	0	0	0	0	0	0	0	0	0	0	0	0	0	0	0	0	0	0	0	0	0	0	0	
354908	Frontal_Sup_Medial_L	146	0	42042	8084	6534	0	9056	0	958	0	1642	1324	2500	704	1660	0	950	0	8786	1932	0	0	0	21504	1750	640	1206	0	3764	1596	23796	12812	3862	8018	0	0	0	0	0	0	0	0	0	0	0	0	0	0	0	0	0	0	0	0	0	0	0	0	0	0	0	0	0	0	0	0	0	0	0	0	5314	1304	4764	366	0	0	104	0	0	0	0	0	336	0	0	0	0	0	0	0	0	0	0	0	0	0	0	0	0	0	0	0	0	0	0	0	0	0	0	0	0	0	0	0	0	0	
360548	Frontal_Sup_Medial_R	0	0	7248	34190	144	3692	700	1352	0	176	0	5518	164	2846	0	600	200	1288	5714	9110	0	0	21504	0	394	6978	0	2144	362	6044	6790	30236	1400	14166	0	0	0	0	0	0	0	0	0	0	0	0	0	0	0	0	0	0	0	0	0	0	0	0	0	0	0	0	0	0	0	0	0	0	0	0	1318	9376	272	6122	0	0	0	0	0	226	0	0	0	0	0	0	0	0	0	0	0	0	0	0	0	0	0	0	0	0	0	0	0	0	0	0	0	0	0	0	0	0	0	0	0	0	
37588	Frontal_Med_Orb_L	0	0	1068	0	4006	212	0	0	524	0	0	0	0	0	114	0	0	0	0	0	288	0	1750	394	0	998	3588	164	0	0	4050	290	0	0	0	0	0	0	0	0	0	0	0	0	0	0	0	0	0	0	0	0	0	0	0	0	0	0	0	0	0	0	0	0	0	0	0	0	0	0	602	0	746	0	0	0	0	0	0	0	0	0	0	0	0	0	0	0	0	0	0	0	0	0	0	0	0	0	0	0	0	0	0	0	0	0	0	0	0	0	0	0	0	0	0	0	
95216	Frontal_Med_Orb_R	0	0	184	4610	0	5658	194	0	0	0	0	168	0	0	0	0	0	0	196	726	0	452	640	6978	998	0	124	7706	0	174	3222	7334	0	424	0	0	0	0	0	0	0	0	0	0	0	0	0	0	0	0	0	0	0	0	0	0	0	0	0	0	0	0	0	0	0	0	0	0	0	0	536	4784	0	2500	0	0	0	0	0	0	0	0	0	0	0	0	0	0	0	0	0	0	0	0	0	0	0	0	0	0	0	0	0	0	0	0	0	0	0	0	0	0	0	0	0	0	
54396	Rectus_L	0	0	2768	0	5502	0	104	0	964	0	424	0	0	0	968	0	0	0	652	0	722	0	1206	0	3588	124	0	0	1822	0	4112	252	0	0	0	0	0	0	0	0	0	0	0	0	0	0	0	0	0	0	0	0	0	0	0	0	0	0	0	0	0	0	0	0	0	0	0	0	0	0	1370	0	2406	0	0	0	0	0	0	0	0	0	214	0	0	0	0	0	0	0	0	0	0	0	0	0	0	0	0	0	0	0	0	0	0	0	0	0	0	0	0	0	0	0	0	0	
62520	Rectus_R	0	0	0	2216	0	4786	106	0	0	0	0	0	0	0	0	362	0	0	0	242	132	1322	0	2144	164	7706	0	0	0	1148	966	3858	0	0	0	0	0	0	0	0	0	100	0	0	0	0	0	0	0	0	0	0	0	0	0	0	0	0	0	0	0	0	0	0	0	0	0	0	0	0	336	2564	134	2974	0	0	0	0	0	0	0	0	0	0	0	0	0	0	0	0	0	0	0	0	0	0	0	0	0	0	0	0	0	0	0	0	0	0	0	0	0	0	0	0	0	0	
618924	Insula_L	8328	0	45040	726	3490	0	28674	0	2006	0	13936	450	29536	0	22342	0	32298	0	18824	470	4464	0	3764	362	0	0	1822	0	0	294	12148	734	318	100	432	366	8488	0	1152	0	2408	0	0	0	0	0	0	0	0	0	462	0	118	0	2594	0	1782	0	0	0	2074	0	394	0	0	0	136	0	228	0	5436	358	23112	0	100	0	786	116	8372	0	7408	0	5640	0	3270	0	158	0	3946	0	0	0	0	0	0	0	0	0	0	0	0	0	0	0	0	0	0	0	0	0	0	0	0	0	0	0	
342560	Insula_R	0	2412	684	15850	0	634	0	7604	0	0	148	23962	0	10004	0	5536	258	11564	2158	3176	0	2100	1596	6044	0	174	0	1148	294	0	1818	12472	184	1622	140	142	124	6038	0	2158	0	976	0	0	0	0	0	0	0	0	0	0	0	0	0	1894	0	546	0	0	0	0	0	172	0	0	0	136	0	0	3074	6806	442	21488	0	638	0	2142	0	1734	0	5292	0	3994	0	1332	0	0	0	570	0	0	0	0	0	0	0	0	0	0	0	0	0	0	0	0	0	0	0	0	0	0	0	0	0	0	
439268	Cingulum_Ant_L	708	0	25792	5024	3560	1202	7002	0	296	0	7030	1732	7102	542	906	0	2470	0	15250	3442	3864	2732	23796	6790	4050	3222	4112	966	12148	1818	0	16626	6648	3234	522	128	0	0	0	0	0	0	0	0	0	0	0	0	0	0	0	0	0	0	0	0	0	0	0	0	0	0	0	0	0	0	0	0	138	0	18982	6460	16568	3500	0	400	122	0	0	0	0	0	750	0	0	0	0	0	0	0	0	0	0	0	0	0	0	0	0	0	0	0	0	0	0	0	0	0	0	0	0	0	0	0	0	0	
473008	Cingulum_Ant_R	0	0	3474	32366	190	1940	574	856	0	0	332	11228	0	6412	0	508	306	336	9352	13954	1680	2426	12812	30236	290	7334	252	3858	734	12472	16626	0	1388	17858	0	0	0	0	0	0	0	0	0	0	0	0	0	0	0	0	0	0	0	0	0	0	0	0	0	0	0	0	0	0	0	0	0	0	0	0	6438	25564	2638	11950	0	120	0	0	0	0	0	0	0	0	0	0	0	0	0	0	0	0	0	0	0	0	0	0	0	0	0	0	0	0	0	0	0	0	0	0	0	0	0	0	0	0	
135948	Cingulum_Mid_L	1160	876	3584	1700	0	0	772	0	0	0	0	0	214	0	0	0	146	0	5860	3786	0	0	3862	1400	0	0	0	0	318	184	6648	1388	0	10040	1852	664	0	0	0	0	0	0	404	0	2954	164	0	0	1212	120	4524	186	0	0	0	0	488	0	192	0	378	0	0	0	0	0	5914	1664	2774	0	740	0	350	0	0	0	0	0	0	0	144	0	0	0	680	0	0	0	632	0	0	0	0	0	0	0	0	0	0	0	0	0	0	0	0	0	0	0	0	0	0	0	0	0	0	0	
429728	Cingulum_Mid_R	5582	5740	5374	16956	0	0	348	368	0	0	0	1048	0	496	0	250	0	0	17236	51966	0	0	8018	14166	0	424	0	0	100	1622	3234	17858	10040	0	3626	6878	1204	156	444	0	0	0	0	776	336	1200	0	676	0	1182	0	1512	0	156	122	234	180	3424	0	0	112	0	0	466	0	0	750	9696	3008	6772	1508	2144	684	178	0	0	5476	780	0	0	0	0	0	0	0	194	0	0	0	164	0	0	0	0	0	0	0	0	0	0	0	0	0	0	0	0	0	0	0	0	0	0	0	0	0	0	
184728	Cingulum_Post_L	5120	468	570	200	0	0	616	0	0	0	0	0	0	0	0	0	0	0	324	3134	0	0	0	0	0	0	0	0	432	140	522	0	1852	3626	0	17144	8286	5352	4606	3682	0	0	3098	106	1830	172	1200	1292	770	0	312	0	0	0	1694	1900	290	0	0	0	170	0	0	0	0	0	6050	2356	4028	678	0	0	198	0	0	0	1748	2982	578	0	0	268	0	0	0	1134	0	0	1068	904	0	0	0	0	0	0	0	1308	0	0	0	0	0	0	0	0	0	0	0	0	156	0	0	0	0	0	
185204	Cingulum_Post_R	2784	928	516	394	0	0	594	0	0	0	0	0	0	0	0	0	0	0	348	5392	0	0	0	0	0	0	0	0	366	142	128	0	664	6878	17144	0	7086	7598	3592	4740	0	0	372	356	0	876	912	2316	0	226	0	120	0	268	1276	2468	220	566	0	0	148	0	0	0	0	0	1068	7532	1108	1984	0	0	158	0	0	0	1900	3206	542	0	0	316	0	0	0	1292	0	0	764	1064	0	0	0	0	0	0	0	1514	0	0	0	0	0	0	0	0	0	0	0	0	736	0	0	0	0	0	
306684	Hippocampus_L	2580	408	6034	258	0	0	1082	0	0	0	0	0	230	0	1288	0	842	0	2546	1330	1602	0	0	0	0	0	0	0	8488	124	0	0	0	1204	8286	7086	0	4858	20960	3696	9682	0	1884	0	0	0	3910	1342	0	0	144	0	0	0	14634	1766	298	0	0	0	118	0	0	0	0	0	3646	628	176	0	418	0	9380	100	716	0	5170	3574	2838	0	2548	0	1556	0	2862	0	1658	0	10052	0	0	0	0	0	0	0	0	1340	0	0	0	0	0	0	0	0	0	0	0	0	0	0	0	0	0	0	
289228	Hippocampus_R	182	6250	102	1736	0	0	182	3592	0	0	0	1608	0	106	0	0	0	344	0	1070	0	530	0	0	0	0	0	0	0	6038	0	0	0	156	5352	7598	4858	0	2802	25802	0	8170	274	262	0	0	736	4484	0	0	0	0	0	0	1092	22058	0	290	0	0	0	0	0	0	0	0	558	4362	0	134	0	278	0	8112	0	2472	2134	7090	144	290	0	688	0	1508	0	1486	0	0	590	4010	0	446	0	132	0	0	0	3308	0	476	0	0	0	0	0	0	0	0	0	0	722	0	0	0	0	0	
154872	ParaHippocampal_L	438	148	706	110	0	0	110	0	0	0	0	0	0	0	208	0	0	0	116	488	426	0	0	0	0	0	0	0	1152	0	0	0	0	444	4606	3592	20960	2802	0	2474	3206	0	1242	0	0	0	3714	1002	0	0	126	0	104	0	9676	1124	0	0	0	0	0	0	0	0	0	0	2010	406	0	0	0	0	2470	0	270	0	1644	1706	104	0	534	0	1812	0	656	0	1578	0	3010	0	104	0	0	0	334	0	618	968	238	0	0	0	0	0	0	0	0	0	0	0	0	0	0	0	0	0	
187308	ParaHippocampal_R	0	596	0	500	0	0	0	414	0	0	0	212	0	0	0	0	0	0	0	156	0	302	0	0	0	0	0	0	0	2158	0	0	0	0	3682	4740	3696	25802	2474	0	0	5600	246	320	0	0	670	4894	0	0	0	0	0	0	916	14340	0	0	0	0	0	0	0	0	0	0	474	3252	0	0	0	220	0	2680	0	1332	1272	3736	118	0	0	220	0	1454	0	858	0	480	544	502	0	194	0	0	0	128	0	3584	0	242	0	0	0	0	0	0	0	0	0	0	646	0	0	0	0	0	
63276	Amygdala_L	0	0	344	0	370	0	300	0	0	0	0	0	246	0	1088	0	0	0	0	0	1832	0	0	0	0	0	0	0	2408	0	0	0	0	0	0	0	9682	0	3206	0	0	0	0	0	0	0	0	0	0	0	0	0	0	0	4746	0	0	0	0	0	0	0	0	0	0	0	0	0	0	0	300	0	520	0	0	0	0	0	0	0	0	0	1278	0	1350	0	1196	0	2772	0	0	0	0	0	0	0	0	0	0	0	0	0	0	0	0	0	0	0	0	0	0	0	0	0	0	0	
50084	Amygdala_R	0	0	0	0	0	0	0	0	0	0	0	0	0	0	0	0	0	0	0	0	0	432	0	0	0	0	0	100	0	976	0	0	0	0	0	0	0	8170	0	5600	0	0	0	0	0	0	0	0	0	0	0	0	0	0	0	5454	0	0	0	0	0	0	0	0	0	0	0	0	0	0	0	0	0	848	0	0	0	342	0	0	0	0	0	1812	0	264	0	0	0	862	0	0	0	0	0	0	0	182	0	0	0	0	0	0	0	0	0	0	0	0	0	0	0	0	0	0	
233968	Calcarine_L	146	0	0	0	0	0	0	0	0	0	0	0	0	0	0	0	0	0	0	0	0	0	0	0	0	0	0	0	0	0	0	0	404	0	3098	372	1884	274	1242	246	0	0	0	6194	11750	4770	9534	1738	9426	2208	26190	256	10128	238	6360	304	0	0	0	0	0	0	0	0	0	0	13286	630	546	0	0	0	0	0	0	0	0	0	0	0	0	0	0	0	1160	0	0	0	1428	0	458	0	0	0	0	0	742	102	710	130	0	0	0	0	0	0	0	0	0	0	836	194	0	0	0	0	
246556	Calcarine_R	0	902	0	0	0	0	0	0	0	0	0	0	0	0	0	0	0	0	0	142	0	0	0	0	0	0	0	0	0	0	0	0	0	776	106	356	0	262	0	320	0	0	6194	0	2026	23320	588	18230	0	20262	0	11736	0	7392	0	7500	0	1028	0	0	0	108	0	186	0	0	442	17028	0	654	0	0	0	0	0	0	0	0	0	130	0	192	0	0	0	1410	0	0	0	1716	0	0	0	0	0	0	0	0	0	0	0	0	0	0	0	0	0	0	0	0	272	0	0	0	0	0	
169328	Cuneus_L	290	0	0	0	0	0	0	0	0	0	0	0	0	0	0	0	0	0	0	0	0	0	0	0	0	0	0	0	0	0	0	0	2954	336	1830	0	0	0	0	0	0	0	11750	2026	0	4240	564	206	20564	1204	17622	156	2554	0	1532	0	274	0	202	0	244	0	0	0	0	0	11156	1706	2056	0	0	0	0	0	0	0	0	0	0	0	0	0	0	0	866	0	0	0	332	0	0	0	0	0	0	0	0	0	0	0	0	0	0	0	0	0	0	0	0	0	0	0	0	0	0	0	
256108	Cuneus_R	0	978	0	0	0	0	0	0	0	0	0	0	0	0	0	0	0	0	0	208	0	0	0	0	0	0	0	0	0	0	0	0	164	1200	172	876	0	0	0	0	0	0	4770	23320	4240	0	468	6726	480	33858	156	15592	0	4616	0	1808	0	1642	0	398	0	0	0	0	0	234	3780	19020	0	1004	0	0	0	0	0	0	0	0	0	0	0	0	0	0	0	1098	0	0	0	1092	0	0	0	0	0	0	0	0	0	0	0	0	0	0	0	0	0	0	0	0	154	0	0	0	0	0	
232428	Lingual_L	0	0	0	0	0	0	0	0	0	0	0	0	0	0	0	0	0	0	0	0	0	0	0	0	0	0	0	0	0	0	0	0	0	0	1200	912	3910	736	3714	670	0	0	9534	588	564	468	0	1364	1492	446	7484	0	5518	0	18458	488	0	0	0	0	0	0	0	0	0	0	5164	0	0	0	0	0	0	0	0	0	546	360	0	0	100	0	0	0	0	0	0	0	706	0	9984	354	718	108	0	0	12116	892	17236	922	308	0	476	0	0	124	0	0	0	0	4450	3156	226	0	0	722	
293060	Lingual_R	0	650	0	0	0	0	0	0	0	0	0	0	0	0	0	0	0	0	0	100	0	0	0	0	0	0	0	0	0	0	0	0	0	676	1292	2316	1342	4484	1002	4894	0	0	1738	18230	206	6726	1364	0	0	6896	0	4056	134	8662	810	22126	0	660	0	0	0	0	0	0	0	0	156	14178	0	580	0	0	0	0	0	0	344	1012	0	196	0	230	0	0	0	508	0	0	244	992	1776	8896	218	608	0	872	696	6558	2172	11874	0	0	0	0	0	0	0	0	0	0	2228	3178	650	0	0	0	
168832	Occipital_Sup_L	102	0	0	0	0	0	0	0	0	0	0	0	0	0	0	0	0	0	0	0	0	0	0	0	0	0	0	0	0	0	0	0	1212	0	770	0	0	0	0	0	0	0	9426	0	20564	480	1492	0	0	0	30130	0	1828	0	800	0	482	0	4542	0	1772	0	0	0	0	0	8830	274	1394	0	0	0	0	0	0	0	0	0	0	0	0	0	0	0	318	0	0	0	0	0	0	0	0	0	0	0	0	0	0	0	0	0	0	0	0	0	0	0	0	0	0	0	0	0	0	0	
308112	Occipital_Sup_R	0	1070	0	0	0	0	0	0	0	0	0	0	0	0	0	0	0	0	0	0	0	0	0	0	0	0	0	0	0	0	0	0	120	1182	0	226	0	0	0	0	0	0	2208	20262	1204	33858	446	6896	0	0	0	34074	0	6450	0	1902	0	3166	0	3486	0	3512	0	198	0	6224	2492	18614	0	1708	0	0	0	0	0	0	0	0	0	0	0	0	0	0	0	3106	0	0	0	1652	0	0	0	0	0	0	0	0	0	0	0	0	0	0	0	0	0	0	0	0	0	0	0	0	0	0	
438076	Occipital_Mid_L	2242	0	0	0	0	0	0	0	0	0	0	0	0	0	0	0	1128	0	0	0	0	0	0	0	0	0	0	0	462	0	0	0	4524	0	312	0	144	0	126	0	0	0	26190	0	17622	156	7484	0	30130	0	0	0	19692	0	8768	0	6206	0	7898	0	13118	0	1330	0	13012	0	11746	0	5028	0	0	0	0	0	0	0	0	0	126	0	3278	0	0	0	27986	0	0	0	10108	0	0	0	0	0	0	0	0	0	222	0	0	0	0	0	0	0	0	0	0	0	0	0	0	0	0	0	
267928	Occipital_Mid_R	0	1242	0	0	0	0	0	0	0	0	0	0	0	0	0	0	0	0	0	0	0	0	0	0	0	0	0	0	0	0	0	0	186	1512	0	120	0	0	0	0	0	0	256	11736	156	15592	0	4056	0	34074	0	0	0	7396	0	2270	0	2722	0	756	0	6112	0	1568	0	16596	150	10110	0	1990	0	0	0	0	0	0	0	0	0	0	0	470	0	0	0	12890	0	0	0	2004	0	0	0	0	0	0	0	0	0	0	0	0	0	0	0	0	0	0	0	0	0	0	0	0	0	0	
139124	Occipital_Inf_L	602	0	0	0	0	0	0	0	0	0	0	0	0	0	0	0	514	0	0	0	0	0	0	0	0	0	0	0	118	0	0	0	0	0	0	0	0	0	104	0	0	0	10128	0	2554	0	5518	134	1828	0	19692	0	0	0	10796	0	346	0	262	0	586	0	0	0	102	0	1212	0	490	0	0	0	0	0	0	0	0	0	0	0	266	0	0	0	4362	0	0	0	8222	0	186	0	0	0	0	0	0	0	1214	0	0	0	0	0	0	0	0	0	0	0	0	326	0	0	0	0	
112444	Occipital_Inf_R	0	150	0	0	0	0	0	0	0	0	0	0	0	0	0	0	0	0	0	0	0	0	0	0	0	0	0	0	0	0	0	0	0	156	0	268	0	0	0	0	0	0	238	7392	0	4616	0	8662	0	6450	0	7396	0	0	0	7286	0	0	0	0	0	0	0	0	0	178	0	3084	0	510	0	0	0	0	0	0	0	0	0	0	0	0	0	0	0	1326	0	0	0	5938	0	440	0	0	0	0	0	260	104	1348	0	0	0	0	0	0	0	0	0	0	0	420	0	0	0	0	
407924	Fusiform_L	1200	0	500	0	0	0	184	0	0	0	0	0	0	0	0	0	466	0	202	142	0	0	0	0	0	0	0	0	2594	0	0	0	0	122	1694	1276	14634	1092	9676	916	4746	0	6360	0	1532	0	18458	810	800	0	8768	0	10796	0	0	490	174	0	0	0	320	0	0	0	0	0	3482	0	470	0	0	0	918	0	0	0	1338	930	2062	0	2162	0	2638	0	3766	0	3918	0	17350	0	22666	216	3854	0	268	0	12200	480	32676	366	354	0	920	0	0	0	0	0	0	0	904	1836	236	0	0	0	
390952	Fusiform_R	0	928	0	360	0	0	0	332	0	0	0	154	0	0	0	0	0	0	0	560	0	206	0	0	0	0	0	0	0	1894	0	0	0	234	1900	2468	1766	22058	1124	14340	0	5454	304	7500	0	1808	488	22126	0	1902	0	2270	0	7286	490	0	0	0	0	0	0	0	0	0	0	0	126	5564	0	254	0	0	0	798	0	374	616	1674	0	618	0	872	0	4726	0	4782	0	2296	300	13908	748	22472	0	2444	0	160	218	7528	660	23530	0	0	0	428	0	0	0	0	0	0	580	1412	436	0	0	0	
257844	Postcentral_L	26856	130	9696	114	0	0	1950	0	0	0	1918	0	0	0	0	0	6596	0	4660	348	0	0	0	0	0	0	0	0	1782	0	0	0	488	180	290	220	298	0	0	0	0	0	0	0	274	0	0	0	482	0	6206	0	346	0	174	0	0	0	5834	0	25460	0	12374	0	1050	0	2646	0	4866	0	1178	0	168	0	0	0	328	0	588	0	5616	0	218	0	4150	0	0	0	1438	0	0	0	0	0	0	0	0	0	0	0	0	0	0	0	0	0	0	0	0	0	0	0	0	0	0	0	
199160	Postcentral_R	0	12898	656	1272	0	0	0	920	0	0	0	1562	0	0	0	0	0	2550	380	1910	0	0	0	0	0	0	0	0	0	546	0	0	0	3424	0	566	0	290	0	0	0	0	0	1028	0	1642	0	660	0	3166	0	2722	0	0	0	0	0	0	0	4978	0	7986	0	11826	0	1190	0	15624	0	9506	184	0	156	0	0	0	0	0	0	286	0	2208	0	0	0	5848	0	0	0	3596	0	0	0	0	0	0	0	0	0	0	0	0	0	0	0	0	0	0	0	0	0	0	0	0	0	0	
83640	Parietal_Sup_L	122	0	0	0	0	0	0	0	0	0	0	0	0	0	0	0	266	0	0	0	0	0	0	0	0	0	0	0	0	0	0	0	192	0	0	0	0	0	0	0	0	0	0	0	202	0	0	0	4542	0	7898	0	262	0	0	0	5834	0	0	0	7170	0	668	0	210	0	8780	542	306	0	0	0	0	0	0	0	0	0	0	0	1390	0	0	0	2554	0	0	0	882	0	0	0	0	0	0	0	0	0	0	0	0	0	0	0	0	0	0	0	0	0	0	0	0	0	0	0	
54784	Parietal_Sup_R	0	0	0	0	0	0	0	0	0	0	0	0	0	0	0	0	0	0	0	0	0	0	0	0	0	0	0	0	0	0	0	0	0	0	0	0	0	0	0	0	0	0	0	0	0	398	0	0	0	3486	0	756	0	0	0	0	0	4978	0	0	0	5304	0	778	0	4200	1078	5474	0	288	0	0	0	0	0	0	0	0	0	0	0	0	0	0	0	278	0	0	0	374	0	0	0	0	0	0	0	0	0	0	0	0	0	0	0	0	0	0	0	0	0	0	0	0	0	0	
233912	Parietal_Inf_L	7950	0	2228	0	0	0	1180	0	0	0	362	0	0	0	0	0	3764	0	692	196	0	0	0	0	0	0	0	0	2074	0	0	0	378	112	170	148	118	0	0	0	0	0	0	0	244	0	0	0	1772	0	13118	0	586	0	320	0	25460	0	7170	0	0	0	16594	0	12374	0	1074	0	908	0	166	0	202	0	124	0	0	0	506	0	5466	0	0	0	9550	0	0	0	1950	0	0	0	0	0	0	0	0	0	0	0	0	0	0	0	0	0	0	0	0	0	0	0	0	0	0	0	
92160	Parietal_Inf_R	0	0	0	0	0	0	0	0	0	0	0	0	0	0	0	0	0	0	0	0	0	0	0	0	0	0	0	0	0	0	0	0	0	0	0	0	0	0	0	0	0	0	0	108	0	0	0	0	0	3512	0	6112	0	0	0	0	0	7986	0	5304	0	0	0	8176	0	11424	0	1844	0	678	0	0	0	0	0	0	0	0	0	0	0	216	0	0	0	552	0	0	0	168	0	0	0	0	0	0	0	0	0	0	0	0	0	0	0	0	0	0	0	0	0	0	0	0	0	0	
115612	SupraMarginal_L	3472	0	850	0	0	0	0	0	0	0	0	0	0	0	0	0	3386	0	874	0	0	0	0	0	0	0	0	0	394	0	0	0	0	0	0	0	0	0	0	0	0	0	0	0	0	0	0	0	0	0	1330	0	0	0	0	0	12374	0	668	0	16594	0	0	0	3408	0	0	0	0	0	0	0	0	0	0	0	0	0	274	0	6418	0	0	0	7070	0	0	0	694	0	0	0	0	0	0	0	0	0	0	0	0	0	0	0	0	0	0	0	0	0	0	0	0	0	0	0	
99964	SupraMarginal_R	0	480	0	0	0	0	0	130	0	0	0	138	0	0	0	0	0	3214	0	562	0	0	0	0	0	0	0	0	0	172	0	0	0	466	0	0	0	0	0	0	0	0	0	186	0	0	0	0	0	198	0	1568	0	0	0	0	0	11826	0	778	0	8176	0	0	0	5382	0	1652	0	1048	0	0	0	0	0	0	0	0	0	410	0	9060	0	0	0	4224	0	0	0	312	0	0	0	0	0	0	0	0	0	0	0	0	0	0	0	0	0	0	0	0	0	0	0	0	0	0	
79468	Angular_L	528	0	0	0	0	0	0	0	0	0	0	0	0	0	0	0	478	0	0	0	0	0	0	0	0	0	0	0	0	0	0	0	0	0	0	0	0	0	0	0	0	0	0	0	0	0	0	0	0	0	13012	0	102	0	0	0	1050	0	210	0	12374	0	3408	0	0	0	0	0	180	0	0	0	0	0	0	0	0	0	0	0	1782	0	0	0	6224	0	0	0	386	0	0	0	0	0	0	0	0	0	0	0	0	0	0	0	0	0	0	0	0	0	0	0	0	0	0	0	
105856	Angular_R	0	0	0	0	0	0	0	0	0	0	0	0	0	0	0	0	0	0	0	0	0	0	0	0	0	0	0	0	0	0	0	0	0	0	0	0	0	0	0	0	0	0	0	0	0	234	0	0	0	6224	0	16596	0	178	0	0	0	1190	0	4200	0	11424	0	5382	0	0	0	628	0	110	0	0	0	0	0	0	0	0	0	0	0	2022	0	0	0	4740	0	0	0	0	0	0	0	0	0	0	0	0	0	0	0	0	0	0	0	0	0	0	0	0	0	0	0	0	0	0	
224748	Precuneus_L	818	0	0	0	0	0	0	0	0	0	0	0	0	0	0	0	114	0	0	0	0	0	0	0	0	0	0	0	136	0	0	0	5914	750	6050	1068	3646	558	2010	474	0	0	13286	442	11156	3780	5164	156	8830	2492	11746	150	1212	0	3482	126	2646	0	8780	1078	1074	0	0	0	0	0	0	9612	2000	0	0	0	0	0	0	0	0	114	0	0	464	0	0	0	1508	0	0	0	1538	0	0	0	0	0	0	0	0	0	0	0	0	0	0	0	0	0	0	0	0	0	0	0	0	0	0	0	
393592	Precuneus_R	0	5908	0	232	0	0	0	224	0	0	0	354	0	0	0	0	0	202	0	2584	0	0	0	0	0	0	0	0	0	136	0	0	1664	9696	2356	7532	628	4362	406	3252	0	0	630	17028	1706	19020	0	14178	274	18614	0	10110	0	3084	0	5564	0	15624	542	5474	0	1844	0	1652	0	628	9612	0	376	14932	0	0	0	0	0	0	0	336	0	324	0	1774	0	0	0	8470	0	0	0	3304	0	0	0	0	0	0	0	758	0	0	0	0	0	0	0	0	0	0	0	0	1402	0	0	0	0	0	
126504	Paracentral_Lobule_L	12190	556	3226	386	0	0	0	0	0	0	0	0	0	0	0	0	238	0	3922	4374	0	0	0	0	0	0	0	0	228	0	138	0	2774	3008	4028	1108	176	0	0	0	0	0	546	0	2056	0	0	0	1394	0	5028	0	490	0	470	0	4866	0	306	0	908	0	0	0	180	0	2000	376	0	584	1138	0	178	0	0	0	2420	0	0	0	384	0	0	0	2004	0	0	0	1572	0	0	0	0	0	0	0	0	0	0	0	0	0	0	0	0	0	0	0	0	0	0	0	0	0	0	0	
118948	Paracentral_Lobule_R	272	4580	0	104	0	0	0	0	0	0	0	0	0	0	0	0	0	132	142	5384	0	0	0	0	0	0	0	0	0	0	0	0	0	6772	678	1984	0	134	0	0	0	0	0	654	0	1004	0	580	0	1708	0	1990	0	510	0	254	0	9506	0	288	0	678	0	1048	0	110	0	14932	584	0	0	0	0	0	0	0	0	0	0	0	0	296	0	0	0	3768	0	0	0	1382	0	0	0	0	0	0	0	0	0	0	0	0	0	0	0	0	0	0	0	0	0	0	0	0	0	0	
400820	Caudate_L	2516	1292	20846	6672	644	0	2432	394	0	0	2702	5120	1912	370	776	0	2598	1748	18796	4038	7654	6198	5314	1318	602	536	1370	336	5436	3074	18982	6438	740	1508	0	0	418	0	0	0	300	0	0	0	0	0	0	0	0	0	0	0	0	0	0	0	1178	184	0	0	166	0	0	0	0	0	0	0	1138	0	0	15230	26558	3614	3274	1524	12686	828	178	470	0	0	302	0	0	0	0	0	0	0	0	0	0	0	0	0	0	0	0	0	0	0	0	0	0	0	0	0	0	0	0	0	0	0	0	0	
400660	Caudate_R	0	6702	2654	24234	0	1806	492	1324	0	116	0	7970	0	1076	0	426	214	510	3380	13548	4646	7158	1304	9376	0	4784	0	2564	358	6806	6460	25564	0	2144	0	0	0	278	0	220	0	0	0	0	0	0	0	0	0	0	0	0	0	0	0	0	0	0	0	0	0	0	0	0	0	0	0	0	0	0	15230	0	8566	19222	1354	2896	492	16456	0	0	0	0	0	0	0	0	0	0	0	0	0	0	0	0	0	0	0	0	0	0	0	0	0	0	0	0	0	0	0	0	0	0	0	0	0	0	
443272	Putamen_L	2240	410	39574	888	2290	0	4824	0	216	0	1242	258	4656	0	6540	0	1170	1474	21344	1106	6500	5798	4764	272	746	0	2406	134	23112	442	16568	2638	350	684	198	158	9380	0	2470	0	520	0	0	0	0	0	0	0	0	0	0	0	0	0	918	0	168	156	0	0	202	0	0	0	0	0	0	0	178	0	26558	8566	0	2678	7302	1432	3354	220	342	466	1300	0	976	0	540	0	0	0	908	0	0	0	0	0	0	0	0	0	0	0	0	0	0	0	0	0	0	0	0	0	0	0	0	0	0	0	
308984	Putamen_R	0	1516	798	18700	0	1676	0	5382	0	112	0	6294	0	1980	0	3498	0	3768	822	5984	1892	3136	366	6122	0	2500	0	2974	0	21488	3500	11950	0	178	0	0	100	8112	0	2680	0	848	0	0	0	0	0	0	0	0	0	0	0	0	0	798	0	0	0	0	0	0	0	0	0	0	0	0	0	0	3614	19222	2678	0	0	4324	0	5820	0	142	0	408	0	1110	0	0	0	0	0	0	0	0	0	0	0	0	0	0	0	0	0	0	0	0	0	0	0	0	0	0	0	0	0	0	0	0	
50496	Pallidum_L	0	0	6548	0	0	0	0	0	0	0	0	0	0	0	0	0	0	0	3244	0	126	598	0	0	0	0	0	0	100	0	0	0	0	0	0	0	716	0	270	0	0	0	0	0	0	0	0	0	0	0	0	0	0	0	0	0	0	0	0	0	124	0	0	0	0	0	0	0	0	0	3274	1354	7302	0	0	294	1298	0	0	0	0	0	0	0	0	0	0	0	0	0	0	0	0	0	0	0	0	0	0	0	0	0	0	0	0	0	0	0	0	0	0	0	0	0	0	0	
47852	Pallidum_R	0	0	270	2766	0	0	0	146	0	0	0	0	0	0	0	0	0	166	264	2508	472	1288	0	0	0	0	0	0	0	638	400	120	0	0	0	0	0	2472	0	1332	0	0	0	0	0	0	0	0	0	0	0	0	0	0	0	374	0	0	0	0	0	0	0	0	0	0	0	0	0	0	1524	2896	1432	4324	294	0	0	106	0	0	0	0	0	134	0	0	0	0	0	0	0	0	0	0	0	0	0	0	0	0	0	0	0	0	0	0	0	0	0	0	0	0	0	0	0	0	
169496	Thalamus_L	4606	1720	9512	1580	0	0	374	0	0	0	0	0	0	0	0	0	116	0	7778	5684	0	0	104	0	0	0	0	0	786	0	122	0	0	5476	1748	1900	5170	2134	1644	1272	0	0	0	0	0	0	546	344	0	0	0	0	0	0	1338	616	328	0	0	0	0	0	0	0	0	0	0	0	2420	0	12686	492	3354	0	1298	0	0	7860	312	0	396	0	0	0	0	0	0	0	658	0	0	0	0	0	0	0	0	374	0	0	0	0	0	0	0	0	0	0	0	0	0	0	0	0	0	0	
183168	Thalamus_R	162	9436	218	7834	0	0	206	3182	0	0	0	1468	0	366	0	0	0	892	294	4294	0	0	0	0	0	0	0	0	116	2142	0	0	0	780	2982	3206	3574	7090	1706	3736	0	342	0	0	0	0	360	1012	0	0	0	0	0	0	930	1674	0	0	0	0	0	0	0	0	0	0	114	336	0	0	828	16456	220	5820	0	106	7860	0	168	0	0	256	0	0	0	0	0	0	416	0	0	0	0	0	0	0	0	1002	0	0	0	0	0	0	0	0	0	0	0	0	0	0	0	0	0	0	
65492	Heschl_L	2248	0	1862	0	0	0	728	0	0	0	240	0	0	0	0	0	5024	0	538	122	0	0	0	0	0	0	0	0	8372	0	0	0	0	0	578	542	2838	144	104	118	0	0	0	0	0	0	0	0	0	0	126	0	0	0	2062	0	588	0	0	0	506	0	274	0	0	0	0	0	0	0	178	0	342	0	0	0	312	168	0	0	2728	0	112	0	586	0	0	0	1306	0	0	0	0	0	0	0	0	0	0	0	0	0	0	0	0	0	0	0	0	0	0	0	0	0	0	0	
28480	Heschl_R	0	228	0	640	0	0	0	114	0	0	0	146	0	0	0	0	0	3572	0	440	0	0	0	226	0	0	0	0	0	1734	0	0	0	0	0	0	0	290	0	0	0	0	0	130	0	0	0	196	0	0	0	0	0	0	0	618	0	286	0	0	0	0	0	410	0	0	0	324	0	0	470	0	466	142	0	0	0	0	0	0	0	2878	0	0	0	316	0	0	0	614	0	0	0	0	0	0	0	0	0	0	0	0	0	0	0	0	0	0	0	0	0	0	0	0	0	0	
225692	Temporal_Sup_L	2308	0	2886	0	0	0	952	0	0	0	556	0	114	0	0	0	11334	0	1900	0	0	0	0	0	0	0	0	0	7408	0	0	0	144	0	0	0	2548	0	534	0	0	0	0	0	0	0	100	0	0	0	3278	0	266	0	2162	0	5616	0	1390	0	5466	0	6418	0	1782	0	464	0	384	0	0	0	1300	0	0	0	396	0	2728	0	0	0	6764	0	30712	0	0	0	12936	0	0	0	0	0	0	0	0	0	0	0	0	0	0	0	0	0	0	0	0	0	0	0	0	0	0	0	
102852	Temporal_Sup_R	0	0	0	302	0	0	0	0	0	0	0	228	0	0	0	0	0	2916	0	0	0	0	0	0	0	0	0	0	0	5292	0	0	0	0	268	316	0	688	0	220	0	0	0	192	0	0	0	230	0	0	0	470	0	0	0	872	0	2208	0	0	0	216	0	9060	0	2022	0	1774	0	296	0	0	0	408	0	0	0	256	0	2878	0	0	0	5510	0	13270	0	144	0	1390	0	0	0	0	0	0	0	0	0	0	0	0	0	0	0	0	0	0	0	0	0	0	0	0	0	0	
113724	Temporal_Pole_Sup_L	174	0	916	0	424	0	326	0	176	0	2214	0	494	0	1006	0	2106	0	150	0	716	0	336	0	0	0	214	0	5640	0	750	0	0	0	0	0	1556	0	1812	0	1278	0	0	0	0	0	0	0	0	0	0	0	0	0	2638	0	218	0	0	0	0	0	0	0	0	0	0	0	0	0	302	0	976	0	0	0	0	0	112	0	6764	0	0	0	10176	0	7330	0	8058	0	0	0	0	0	0	0	0	0	0	0	0	0	0	0	0	0	0	0	0	0	0	0	0	0	0	0	
68284	Temporal_Pole_Sup_R	0	0	0	350	0	0	0	0	0	0	0	1094	0	0	0	226	0	870	0	0	0	0	0	0	0	0	0	0	0	3994	0	0	0	0	0	0	0	1508	0	1454	0	1812	0	0	0	0	0	0	0	0	0	0	0	0	0	4726	0	0	0	0	0	0	0	0	0	0	0	0	0	0	0	0	0	1110	0	134	0	0	0	0	0	5510	0	0	0	6222	0	3590	0	1542	0	0	0	0	0	0	0	0	0	0	0	0	0	0	0	0	0	0	0	0	0	0	0	0	0	0	
361756	Temporal_Mid_L	1754	0	190	0	0	0	108	0	0	0	0	0	0	0	0	0	5506	0	140	0	0	0	0	0	0	0	0	0	3270	0	0	0	680	0	0	0	2862	0	656	0	1350	0	1160	0	866	0	0	0	318	0	27986	0	4362	0	3766	0	4150	0	2554	0	9550	0	7070	0	6224	0	1508	0	2004	0	0	0	540	0	0	0	0	0	586	0	30712	0	10176	0	0	0	6326	0	44504	0	0	0	0	0	0	0	0	0	0	0	0	0	0	0	0	0	0	0	0	0	0	0	0	0	0	0	
206960	Temporal_Mid_R	0	1194	0	0	0	0	0	184	0	0	0	264	0	0	0	0	0	0	0	106	0	0	0	0	0	0	0	0	0	1332	0	0	0	194	1134	1292	0	1486	0	858	0	264	0	1410	0	1098	0	508	0	3106	0	12890	0	1326	0	4782	0	5848	0	278	0	552	0	4224	0	4740	0	8470	0	3768	0	0	0	0	0	0	0	0	0	316	0	13270	0	6222	0	0	0	2552	0	19812	0	0	0	0	0	0	0	0	0	0	0	0	0	0	0	0	0	0	0	0	0	0	0	0	0	0	
55756	Temporal_Pole_Mid_L	0	0	0	0	0	0	0	0	0	0	0	0	0	0	0	0	0	0	0	0	0	0	0	0	0	0	0	0	158	0	0	0	0	0	0	0	1658	0	1578	0	1196	0	0	0	0	0	0	0	0	0	0	0	0	0	3918	0	0	0	0	0	0	0	0	0	0	0	0	0	0	0	0	0	0	0	0	0	0	0	0	0	0	0	7330	0	6326	0	0	0	5714	0	0	0	0	0	0	0	0	0	0	0	0	0	0	0	0	0	0	0	0	0	0	0	0	0	0	0	
21900	Temporal_Pole_Mid_R	0	0	0	0	0	0	0	0	0	0	0	0	0	0	0	0	0	0	0	0	0	0	0	0	0	0	0	0	0	0	0	0	0	0	0	0	0	0	0	480	0	0	0	0	0	0	0	0	0	0	0	0	0	0	0	2296	0	0	0	0	0	0	0	0	0	0	0	0	0	0	0	0	0	0	0	0	0	0	0	0	0	144	0	3590	0	2552	0	0	0	1888	0	0	0	0	0	0	0	0	0	0	0	0	0	0	0	0	0	0	0	0	0	0	0	0	0	0	
312136	Temporal_Inf_L	1048	0	596	0	0	0	104	0	0	0	0	0	0	0	132	0	2534	0	476	0	0	0	0	0	0	0	0	0	3946	0	0	0	632	0	1068	764	10052	590	3010	544	2772	0	1428	0	332	0	706	244	0	0	10108	0	8222	0	17350	300	1438	0	882	0	1950	0	694	0	386	0	1538	0	1572	0	0	0	908	0	0	0	658	416	1306	0	12936	0	8058	0	44504	0	5714	0	0	0	3266	0	1098	0	0	0	0	252	824	0	138	0	572	0	0	0	0	0	0	0	0	0	0	0	0	0	
153212	Temporal_Inf_R	0	1408	0	106	0	0	0	268	0	0	0	292	0	0	0	0	0	0	0	0	0	0	0	0	0	0	0	0	0	570	0	0	0	164	904	1064	0	4010	0	502	0	862	0	1716	0	1092	0	992	0	1652	0	2004	0	5938	0	13908	0	3596	0	374	0	168	0	312	0	0	0	3304	0	1382	0	0	0	0	0	0	0	0	0	614	0	1390	0	1542	0	19812	0	1888	0	0	0	3234	0	938	0	0	0	0	0	454	0	0	0	146	0	0	0	0	0	0	0	0	0	0	0	0	
588824	Cerebelum_Crus1_L	0	0	0	0	0	0	0	0	0	0	0	0	0	0	0	0	0	0	0	0	0	0	0	0	0	0	0	0	0	0	0	0	0	0	0	0	0	0	104	0	0	0	458	0	0	0	9984	1776	0	0	0	0	186	0	22666	748	0	0	0	0	0	0	0	0	0	0	0	0	0	0	0	0	0	0	0	0	0	0	0	0	0	0	0	0	0	0	0	0	3266	0	0	9714	46354	6554	632	1542	22252	9324	59828	14956	15352	3364	16306	5842	452	692	216	0	142	1272	7994	12566	16684	1826	714	646	
484260	Cerebelum_Crus1_R	0	0	0	0	0	0	0	0	0	0	0	0	0	0	0	0	0	0	0	0	0	0	0	0	0	0	0	0	0	0	0	0	0	0	0	0	0	446	0	194	0	0	0	0	0	0	354	8896	0	0	0	0	0	440	216	22472	0	0	0	0	0	0	0	0	0	0	0	0	0	0	0	0	0	0	0	0	0	0	0	0	0	0	0	0	0	0	0	0	0	3234	9714	0	6378	47124	0	3730	1414	22684	2134	65008	780	7452	536	18478	0	338	0	104	0	160	4692	2956	11612	390	194	0	
418192	Cerebelum_Crus2_L	0	0	0	0	0	0	0	0	0	0	0	0	0	0	0	0	0	0	0	0	0	0	0	0	0	0	0	0	0	0	0	0	0	0	0	0	0	0	0	0	0	0	0	0	0	0	718	218	0	0	0	0	0	0	3854	0	0	0	0	0	0	0	0	0	0	0	0	0	0	0	0	0	0	0	0	0	0	0	0	0	0	0	0	0	0	0	0	0	1098	0	46354	6378	0	9380	164	764	6346	5096	15454	6676	34858	4988	31670	4426	3670	484	442	0	0	510	3226	4486	14348	2494	520	474	
346440	Cerebelum_Crus2_R	0	0	0	0	0	0	0	0	0	0	0	0	0	0	0	0	0	0	0	0	0	0	0	0	0	0	0	0	0	0	0	0	0	0	0	0	0	132	0	0	0	0	0	0	0	0	108	608	0	0	0	0	0	0	0	2444	0	0	0	0	0	0	0	0	0	0	0	0	0	0	0	0	0	0	0	0	0	0	0	0	0	0	0	0	0	0	0	0	0	938	6554	47124	9380	0	0	1200	532	7010	406	19316	3414	23678	2300	31754	0	1138	0	578	0	0	1584	0	11530	1370	122	0	
24264	Cerebelum_3_L	0	0	0	0	0	0	0	0	0	0	0	0	0	0	0	0	0	0	0	0	0	0	0	0	0	0	0	0	0	0	0	0	0	0	0	0	0	0	334	0	0	0	0	0	0	0	0	0	0	0	0	0	0	0	268	0	0	0	0	0	0	0	0	0	0	0	0	0	0	0	0	0	0	0	0	0	0	0	0	0	0	0	0	0	0	0	0	0	0	0	632	0	164	0	0	0	4928	0	1904	182	138	0	366	0	562	0	0	0	470	1036	682	326	140	0	0	0	
66416	Cerebelum_3_R	0	0	0	0	0	0	0	0	0	0	0	0	0	0	0	0	0	0	0	0	0	0	0	0	0	0	0	0	0	0	0	0	0	0	0	0	0	0	0	128	0	0	0	0	0	0	0	872	0	0	0	0	0	0	0	160	0	0	0	0	0	0	0	0	0	0	0	0	0	0	0	0	0	0	0	0	0	0	0	0	0	0	0	0	0	0	0	0	0	0	1542	3730	764	1200	0	0	304	5432	356	5728	1148	0	1160	870	0	1072	0	0	420	2742	936	892	1858	1208	686	0	
270992	Cerebelum_4_5_L	0	0	0	0	0	0	0	0	0	0	0	0	0	0	0	0	0	0	0	0	0	0	0	0	0	0	0	0	0	0	0	0	0	0	0	0	0	0	618	0	0	0	742	0	0	0	12116	696	0	0	0	0	0	0	12200	218	0	0	0	0	0	0	0	0	0	0	0	0	0	0	0	0	0	0	0	0	0	0	0	0	0	0	0	0	0	0	0	0	0	0	22252	1414	6346	532	4928	304	0	3164	37242	4278	2016	0	2744	0	1738	318	408	0	340	1566	11004	5114	1598	354	180	1066	
309476	Cerebelum_4_5_R	0	0	0	0	0	0	0	0	0	0	0	0	0	0	0	0	0	0	0	0	0	0	0	0	0	0	0	0	0	0	0	0	0	0	1308	1514	1340	3308	968	3584	0	182	102	0	0	0	892	6558	0	0	0	0	0	260	480	7528	0	0	0	0	0	0	0	0	0	0	0	758	0	0	0	0	0	0	0	0	374	1002	0	0	0	0	0	0	0	0	0	0	252	0	9324	22684	5096	7010	0	5432	3164	0	4100	34002	4016	280	2460	3074	0	466	0	0	0	678	8898	5986	6812	846	0	0	
463296	Cerebelum_6_L	0	0	0	0	0	0	0	0	0	0	0	0	0	0	0	0	0	0	0	0	0	0	0	0	0	0	0	0	0	0	0	0	0	0	0	0	0	0	238	0	0	0	710	0	0	0	17236	2172	0	0	222	0	1214	104	32676	660	0	0	0	0	0	0	0	0	0	0	0	0	0	0	0	0	0	0	0	0	0	0	0	0	0	0	0	0	0	0	0	0	824	0	59828	2134	15454	406	1904	356	37242	4100	0	7824	5374	0	7180	100	2014	856	598	0	0	702	9838	14014	2806	590	630	1642	
502552	Cerebelum_6_R	0	0	0	0	0	0	0	0	0	0	0	0	0	0	0	0	0	0	0	0	0	0	0	0	0	0	0	0	0	0	0	0	0	0	0	0	0	476	0	242	0	0	130	0	0	0	922	11874	0	0	0	0	0	1348	366	23530	0	0	0	0	0	0	0	0	0	0	0	0	0	0	0	0	0	0	0	0	0	0	0	0	0	0	0	0	0	0	0	0	0	454	14956	65008	6676	19316	182	5728	4278	34002	7824	0	5626	1040	3690	6448	168	516	0	126	152	1214	9758	12204	10834	1488	474	226	
298012	Cerebelum_7b_L	0	0	0	0	0	0	0	0	0	0	0	0	0	0	0	0	0	0	0	0	0	0	0	0	0	0	0	0	0	0	0	0	0	0	0	0	0	0	0	0	0	0	0	0	0	0	308	0	0	0	0	0	0	0	354	0	0	0	0	0	0	0	0	0	0	0	0	0	0	0	0	0	0	0	0	0	0	0	0	0	0	0	0	0	0	0	0	0	138	0	15352	780	34858	3414	138	1148	2016	4016	5374	5626	0	2436	35206	4802	5248	1372	642	0	138	814	2064	4968	10066	5330	1256	1142	
158600	Cerebelum_7b_R	0	0	0	0	0	0	0	0	0	0	0	0	0	0	0	0	0	0	0	0	0	0	0	0	0	0	0	0	0	0	0	0	0	0	0	0	0	0	0	0	0	0	0	0	0	0	0	0	0	0	0	0	0	0	0	0	0	0	0	0	0	0	0	0	0	0	0	0	0	0	0	0	0	0	0	0	0	0	0	0	0	0	0	0	0	0	0	0	0	0	3364	7452	4988	23678	0	0	0	280	0	1040	2436	0	1526	23894	0	3140	0	716	0	0	0	0	5118	1568	100	0	
313576	Cerebelum_8_L	0	0	0	0	0	0	0	0	0	0	0	0	0	0	0	0	0	0	0	0	0	0	0	0	0	0	0	0	0	0	0	0	0	0	0	0	0	0	0	0	0	0	0	0	0	0	476	0	0	0	0	0	0	0	920	0	0	0	0	0	0	0	0	0	0	0	0	0	0	0	0	0	0	0	0	0	0	0	0	0	0	0	0	0	0	0	0	0	572	0	16306	536	31670	2300	366	1160	2744	2460	7180	3690	35206	1526	0	5236	13916	3092	1776	0	154	782	1582	3604	7820	7404	2854	1456	
272416	Cerebelum_8_R	0	0	0	0	0	0	0	0	0	0	0	0	0	0	0	0	0	0	0	0	0	0	0	0	0	0	0	0	0	0	0	0	0	0	0	0	0	0	0	0	0	0	0	0	0	0	0	0	0	0	0	0	0	0	0	428	0	0	0	0	0	0	0	0	0	0	0	0	0	0	0	0	0	0	0	0	0	0	0	0	0	0	0	0	0	0	0	0	0	146	5842	18478	4426	31754	0	870	0	3074	100	6448	4802	23894	5236	0	544	14098	0	2264	0	210	212	0	7984	4494	904	0	
73756	Cerebelum_9_L	0	0	0	0	0	0	0	0	0	0	0	0	0	0	0	0	0	0	0	0	0	0	0	0	0	0	0	0	0	0	0	0	0	0	0	0	0	0	0	0	0	0	0	0	0	0	0	0	0	0	0	0	0	0	0	0	0	0	0	0	0	0	0	0	0	0	0	0	0	0	0	0	0	0	0	0	0	0	0	0	0	0	0	0	0	0	0	0	0	0	452	0	3670	0	562	0	1738	0	2014	168	5248	0	13916	544	0	1152	3080	0	0	0	222	458	630	1332	1368	324	
92304	Cerebelum_9_R	0	0	0	0	0	0	0	0	0	0	0	0	0	0	0	0	0	0	0	0	0	0	0	0	0	0	0	0	0	0	0	0	0	0	0	0	0	0	0	0	0	0	0	0	0	0	124	0	0	0	0	0	0	0	0	0	0	0	0	0	0	0	0	0	0	0	0	0	0	0	0	0	0	0	0	0	0	0	0	0	0	0	0	0	0	0	0	0	0	0	692	338	484	1138	0	1072	318	466	856	516	1372	3140	3092	14098	1152	0	0	2272	248	742	564	1832	1706	3664	4194	2072	
14808	Cerebelum_10_L	0	0	0	0	0	0	0	0	0	0	0	0	0	0	0	0	0	0	0	0	0	0	0	0	0	0	0	0	0	0	0	0	0	0	0	0	0	0	0	0	0	0	0	0	0	0	0	0	0	0	0	0	0	0	0	0	0	0	0	0	0	0	0	0	0	0	0	0	0	0	0	0	0	0	0	0	0	0	0	0	0	0	0	0	0	0	0	0	0	0	216	0	442	0	0	0	408	0	598	0	642	0	1776	0	3080	0	0	0	0	0	0	0	140	102	0	0	
12572	Cerebelum_10_R	0	0	0	0	0	0	0	0	0	0	0	0	0	0	0	0	0	0	0	0	0	0	0	0	0	0	0	0	0	0	0	0	0	0	0	0	0	0	0	0	0	0	0	0	0	0	0	0	0	0	0	0	0	0	0	0	0	0	0	0	0	0	0	0	0	0	0	0	0	0	0	0	0	0	0	0	0	0	0	0	0	0	0	0	0	0	0	0	0	0	0	104	0	578	0	0	0	0	0	126	0	716	0	2264	0	2272	0	0	0	0	0	0	0	114	112	0	
10972	Vermis_1_2	0	0	0	0	0	0	0	0	0	0	0	0	0	0	0	0	0	0	0	0	0	0	0	0	0	0	0	0	0	0	0	0	0	0	0	0	0	0	0	0	0	0	0	0	0	0	0	0	0	0	0	0	0	0	0	0	0	0	0	0	0	0	0	0	0	0	0	0	0	0	0	0	0	0	0	0	0	0	0	0	0	0	0	0	0	0	0	0	0	0	142	0	0	0	470	420	340	0	0	152	138	0	154	0	0	248	0	0	0	2252	468	118	194	214	176	0	
40304	Vermis_3	0	0	0	0	0	0	0	0	0	0	0	0	0	0	0	0	0	0	0	0	0	0	0	0	0	0	0	0	0	0	0	0	0	0	0	0	0	0	0	0	0	0	0	0	0	0	0	0	0	0	0	0	0	0	0	0	0	0	0	0	0	0	0	0	0	0	0	0	0	0	0	0	0	0	0	0	0	0	0	0	0	0	0	0	0	0	0	0	0	0	1272	160	510	0	1036	2742	1566	678	702	1214	814	0	782	210	0	742	0	0	2252	0	1934	902	1086	810	602	138	
184100	Vermis_4_5	0	0	0	0	0	0	0	0	0	0	0	0	0	0	0	0	0	0	0	0	0	0	0	0	0	0	0	0	0	0	0	0	0	0	156	736	0	722	0	646	0	0	836	272	0	154	4450	2228	0	0	0	0	0	0	904	580	0	0	0	0	0	0	0	0	0	0	0	1402	0	0	0	0	0	0	0	0	0	0	0	0	0	0	0	0	0	0	0	0	0	0	7994	4692	3226	1584	682	936	11004	8898	9838	9758	2064	0	1582	212	222	564	0	0	468	1934	0	7346	3326	630	336	1668	
198644	Vermis_6	0	0	0	0	0	0	0	0	0	0	0	0	0	0	0	0	0	0	0	0	0	0	0	0	0	0	0	0	0	0	0	0	0	0	0	0	0	0	0	0	0	0	194	0	0	0	3156	3178	0	0	0	0	326	420	1836	1412	0	0	0	0	0	0	0	0	0	0	0	0	0	0	0	0	0	0	0	0	0	0	0	0	0	0	0	0	0	0	0	0	0	0	12566	2956	4486	0	326	892	5114	5986	14014	12204	4968	0	3604	0	458	1832	0	0	118	902	7346	0	5778	1374	1080	2796	
262452	Vermis_7	0	0	0	0	0	0	0	0	0	0	0	0	0	0	0	0	0	0	0	0	0	0	0	0	0	0	0	0	0	0	0	0	0	0	0	0	0	0	0	0	0	0	0	0	0	0	226	650	0	0	0	0	0	0	236	436	0	0	0	0	0	0	0	0	0	0	0	0	0	0	0	0	0	0	0	0	0	0	0	0	0	0	0	0	0	0	0	0	0	0	16684	11612	14348	11530	140	1858	1598	6812	2806	10834	10066	5118	7820	7984	630	1706	140	0	194	1086	3326	5778	0	4426	1918	1264	
93016	Vermis_8	0	0	0	0	0	0	0	0	0	0	0	0	0	0	0	0	0	0	0	0	0	0	0	0	0	0	0	0	0	0	0	0	0	0	0	0	0	0	0	0	0	0	0	0	0	0	0	0	0	0	0	0	0	0	0	0	0	0	0	0	0	0	0	0	0	0	0	0	0	0	0	0	0	0	0	0	0	0	0	0	0	0	0	0	0	0	0	0	0	0	1826	390	2494	1370	0	1208	354	846	590	1488	5330	1568	7404	4494	1332	3664	102	114	214	810	630	1374	4426	0	3234	1246	
