data	data	693956	250400	1.07941e+06	946412	105184	115956	722796	334568	102252	34104	268216	148832	342660	155228	219400	98896	257056	96488	854080	765140	67100	75688	575888	576648	48476	124860	43900	65092	823464	311784	384292	576716	281152	595756	134628	129536	240992	304980	68032	202304	23968	46832	141656	211816	91016	207032	213216	242496	152332	213244	388868	165424	158600	79988	316268	342580	343340	233864	181840	51704	197420	71996	104672	112392	81936	73296	242964	271312	364300	245264	363832	412388	321936	334388	54368	9964	184240	186084	93216	24832	234656	94496	97796	60940	238036	158716	26548	16352	226116	148372	407384	373028	329900	221260	38192	57916	312988	195652	379508	384280	157176	75004	228940	208108	95684	106344	12972	3984	32120	62812	259612	183204	150696	96532	78640	17980	
data	data	Precentral_L	Precentral_R	Frontal_Sup_L	Frontal_Sup_R	Frontal_Sup_Orb_L	Frontal_Sup_Orb_R	Frontal_Mid_L	Frontal_Mid_R	Frontal_Mid_Orb_L	Frontal_Mid_Orb_R	Frontal_Inf_Oper_L	Frontal_Inf_Oper_R	Frontal_Inf_Tri_L	Frontal_Inf_Tri_R	Frontal_Inf_Orb_L	Frontal_Inf_Orb_R	Rolandic_Oper_L	Rolandic_Oper_R	Supp_Motor_Area_L	Supp_Motor_Area_R	Olfactory_L	Olfactory_R	Frontal_Sup_Medial_L	Frontal_Sup_Medial_R	Frontal_Med_Orb_L	Frontal_Med_Orb_R	Rectus_L	Rectus_R	Insula_L	Insula_R	Cingulum_Ant_L	Cingulum_Ant_R	Cingulum_Mid_L	Cingulum_Mid_R	Cingulum_Post_L	Cingulum_Post_R	Hippocampus_L	Hippocampus_R	ParaHippocampal_L	ParaHippocampal_R	Amygdala_L	Amygdala_R	Calcarine_L	Calcarine_R	Cuneus_L	Cuneus_R	Lingual_L	Lingual_R	Occipital_Sup_L	Occipital_Sup_R	Occipital_Mid_L	Occipital_Mid_R	Occipital_Inf_L	Occipital_Inf_R	Fusiform_L	Fusiform_R	Postcentral_L	Postcentral_R	Parietal_Sup_L	Parietal_Sup_R	Parietal_Inf_L	Parietal_Inf_R	SupraMarginal_L	SupraMarginal_R	Angular_L	Angular_R	Precuneus_L	Precuneus_R	Paracentral_Lobule_L	Paracentral_Lobule_R	Caudate_L	Caudate_R	Putamen_L	Putamen_R	Pallidum_L	Pallidum_R	Thalamus_L	Thalamus_R	Heschl_L	Heschl_R	Temporal_Sup_L	Temporal_Sup_R	Temporal_Pole_Sup_L	Temporal_Pole_Sup_R	Temporal_Mid_L	Temporal_Mid_R	Temporal_Pole_Mid_L	Temporal_Pole_Mid_R	Temporal_Inf_L	Temporal_Inf_R	Cerebelum_Crus1_L	Cerebelum_Crus1_R	Cerebelum_Crus2_L	Cerebelum_Crus2_R	Cerebelum_3_L	Cerebelum_3_R	Cerebelum_4_5_L	Cerebelum_4_5_R	Cerebelum_6_L	Cerebelum_6_R	Cerebelum_7b_L	Cerebelum_7b_R	Cerebelum_8_L	Cerebelum_8_R	Cerebelum_9_L	Cerebelum_9_R	Cerebelum_10_L	Cerebelum_10_R	Vermis_1_2	Vermis_3	Vermis_4_5	Vermis_6	Vermis_7	Vermis_8	Vermis_9	Vermis_10	
693956	Precentral_L	0	5240	30048	5032	0	0	34252	1158	274	0	19234	202	3458	148	1154	162	17726	0	18734	7906	0	0	2106	986	0	0	0	0	26308	234	364	448	168	3910	2672	2292	12208	2614	512	1454	0	0	0	0	0	0	978	120	0	0	1036	0	344	0	1824	378	40386	0	364	0	1380	0	568	0	0	0	394	688	37932	5100	9084	1868	3614	250	1294	0	21314	3472	5478	0	5312	0	462	0	1372	0	0	0	962	0	0	0	0	0	0	0	0	0	0	0	0	0	0	0	0	0	0	0	0	0	0	0	0	0	0	0	
250400	Precentral_R	5240	0	264	24078	0	0	136	14230	0	0	0	6828	0	0	0	0	0	988	2420	8332	0	0	0	138	0	0	0	0	166	1032	0	162	430	348	0	106	142	5952	0	2146	0	0	0	216	0	0	0	208	0	118	0	0	0	218	0	2230	1016	12496	0	0	0	0	0	2290	0	0	0	180	3166	6602	648	4268	710	2358	550	418	610	11036	0	160	0	1276	0	0	0	618	0	0	0	670	0	0	0	0	0	0	0	0	0	0	0	0	0	0	0	0	0	0	0	0	0	0	0	0	0	0	
1.07941e+06	Frontal_Sup_L	30048	264	0	15500	5196	0	105932	3532	4024	0	15022	838	22982	738	9402	520	7570	0	75504	15156	0	0	60546	19892	1824	0	0	0	49502	370	22672	12412	10704	14892	118	0	654	290	0	116	0	0	0	0	0	0	0	0	0	0	0	0	0	0	0	0	6412	0	0	0	0	0	0	0	0	0	0	0	4172	0	6766	2292	7738	366	0	0	700	0	1908	0	1588	0	1544	0	0	0	0	0	0	0	0	0	0	0	0	0	0	0	0	0	0	0	0	0	0	0	0	0	0	0	0	0	0	0	0	0	
946412	Frontal_Sup_R	5032	24078	15500	0	0	8208	5096	51474	0	1960	154	5172	490	10188	0	4090	212	2474	18240	53486	0	0	18718	54634	0	4872	0	932	1980	13210	7648	42996	4936	35254	182	168	246	7186	0	1398	0	108	0	0	0	0	0	240	0	0	0	0	0	0	0	676	614	212	0	0	0	0	0	0	0	0	0	0	2230	886	5474	23464	1562	14234	660	916	546	20292	0	0	0	182	0	696	0	0	0	0	0	0	0	0	0	0	0	0	0	0	0	0	0	0	0	0	0	0	0	0	0	0	0	0	0	0	0	0	
105184	Frontal_Sup_Orb_L	0	0	5196	0	0	0	1160	0	12226	0	0	0	786	0	6402	0	0	0	638	0	664	0	1898	0	2982	0	4940	0	3620	0	2020	0	0	0	0	0	0	0	0	0	110	0	0	0	0	0	0	0	0	0	0	0	0	0	0	0	0	0	0	0	0	0	0	0	0	0	0	0	0	0	2100	0	7610	0	0	0	0	0	0	0	0	0	240	0	0	0	0	0	0	0	0	0	0	0	0	0	0	0	0	0	0	0	0	0	0	0	0	0	0	0	0	0	0	0	0	0	
115956	Frontal_Sup_Orb_R	0	0	0	8208	0	0	0	1362	0	3002	0	0	0	160	0	1932	0	0	254	802	0	206	454	6626	236	10842	0	7742	0	1184	1308	3780	0	0	0	0	0	0	0	0	0	0	0	0	0	0	0	0	0	0	0	0	0	0	0	0	0	0	0	0	0	0	0	0	0	0	0	0	0	0	140	3950	0	5790	0	0	0	0	0	0	0	0	0	0	0	0	0	0	0	0	0	0	0	0	0	0	0	0	0	0	0	0	0	0	0	0	0	0	0	0	0	0	0	0	0	0	
722796	Frontal_Mid_L	34252	136	105932	5096	1160	0	0	2140	4696	0	9362	224	43120	278	14946	380	1152	0	17182	2834	0	0	26466	8824	212	0	0	0	39120	0	10048	4364	6258	4694	206	0	2008	0	134	0	0	0	0	0	0	0	0	0	0	0	166	0	0	0	0	0	3484	0	116	0	150	0	0	0	0	0	162	0	884	0	4516	700	2890	0	0	0	980	0	1024	0	532	0	228	0	226	0	0	0	116	0	0	0	0	0	0	0	0	0	0	0	0	0	0	0	0	0	0	0	0	0	0	0	0	0	0	0	
334568	Frontal_Mid_R	1158	14230	3532	51474	0	1362	2140	0	0	2996	170	8216	334	13968	0	3096	0	1836	4200	6016	0	0	4508	10018	0	196	0	218	1620	7638	586	5724	962	7572	0	0	0	1114	0	0	0	0	0	0	0	0	0	0	0	0	0	0	0	0	0	170	116	154	0	0	0	0	0	0	0	0	0	0	310	170	2898	2544	1092	3750	0	418	0	122	0	0	0	0	0	656	0	0	0	0	0	0	0	0	0	0	0	0	0	0	0	0	0	0	0	0	0	0	0	0	0	0	0	0	0	0	0	0	
102252	Frontal_Mid_Orb_L	274	0	4024	0	12226	0	4696	0	0	0	0	0	2654	0	14074	0	0	0	714	0	112	0	120	0	434	0	3288	0	4232	0	330	0	0	0	0	0	0	0	0	0	0	0	0	0	0	0	0	0	0	0	0	0	0	0	0	0	0	0	0	0	0	0	0	0	0	0	0	0	0	0	970	0	2638	0	0	0	0	0	0	0	0	0	340	0	0	0	0	0	0	0	0	0	0	0	0	0	0	0	0	0	0	0	0	0	0	0	0	0	0	0	0	0	0	0	0	0	
34104	Frontal_Mid_Orb_R	0	0	0	1960	0	3002	0	2996	0	0	0	0	0	882	0	6218	0	0	0	0	0	0	0	0	0	0	0	408	0	814	0	0	0	0	0	0	0	0	0	0	0	0	0	0	0	0	0	0	0	0	0	0	0	0	0	0	0	0	0	0	0	0	0	0	0	0	0	0	0	0	0	122	0	650	0	0	0	0	0	0	0	0	0	0	0	0	0	0	0	0	0	0	0	0	0	0	0	0	0	0	0	0	0	0	0	0	0	0	0	0	0	0	0	0	0	0	
268216	Frontal_Inf_Oper_L	19234	0	15022	154	0	0	9362	170	0	0	0	0	13360	0	1044	0	13900	0	14806	0	0	0	1554	348	0	0	0	0	25366	0	408	0	0	0	0	0	0	0	0	0	0	0	0	0	0	0	0	0	0	0	0	0	0	0	0	0	5356	0	0	0	0	0	0	0	0	0	0	0	258	0	754	0	2578	0	0	0	0	0	262	0	5588	0	4292	0	292	0	0	0	0	0	0	0	0	0	0	0	0	0	0	0	0	0	0	0	0	0	0	0	0	0	0	0	0	0	0	0	
148832	Frontal_Inf_Oper_R	202	6828	838	5172	0	0	224	8216	0	0	0	0	0	6030	0	106	0	3772	2350	6226	0	0	0	162	0	0	0	0	856	13952	0	704	0	406	0	0	0	618	0	0	0	0	0	0	0	0	0	0	0	0	0	0	0	0	0	0	0	2522	0	0	0	0	0	0	0	0	0	0	0	0	2584	3642	348	6806	0	0	0	0	0	164	0	0	0	1688	0	0	0	0	0	0	0	0	0	0	0	0	0	0	0	0	0	0	0	0	0	0	0	0	0	0	0	0	0	0	0	0	
342660	Frontal_Inf_Tri_L	3458	0	22982	490	786	0	43120	334	2654	0	13360	0	0	0	24952	0	890	0	6206	0	0	0	3308	842	0	0	0	0	39278	0	1200	372	464	358	0	0	0	0	0	0	0	0	0	0	0	0	0	0	0	0	0	0	0	0	0	0	444	0	0	0	0	0	0	0	0	0	0	0	0	0	1174	0	2130	0	0	0	0	0	0	0	578	0	1950	0	0	0	0	0	0	0	0	0	0	0	0	0	0	0	0	0	0	0	0	0	0	0	0	0	0	0	0	0	0	0	0	0	
155228	Frontal_Inf_Tri_R	148	0	738	10188	0	160	278	13968	0	882	0	6030	0	0	0	5112	0	0	962	2130	0	0	676	3162	0	200	0	140	628	14532	1050	7550	170	2986	0	0	0	0	0	0	0	0	0	0	0	0	0	0	0	0	0	0	0	0	0	0	0	0	0	0	0	0	0	0	0	0	0	0	0	0	2176	1738	478	1532	0	0	0	0	0	0	0	0	0	0	0	0	0	0	0	0	0	0	0	0	0	0	0	0	0	0	0	0	0	0	0	0	0	0	0	0	0	0	0	0	0	0	
219400	Frontal_Inf_Orb_L	1154	0	9402	0	6402	0	14946	0	14074	0	1044	0	24952	0	0	0	0	0	2132	0	1020	0	348	0	0	0	190	0	23982	0	284	0	0	0	0	0	110	0	0	0	140	0	0	0	0	0	0	0	0	0	0	0	0	0	0	0	0	0	0	0	0	0	0	0	0	0	0	0	0	0	390	122	6352	0	0	0	0	0	0	0	138	0	2518	0	0	0	0	0	0	0	0	0	0	0	0	0	0	0	0	0	0	0	0	0	0	0	0	0	0	0	0	0	0	0	0	0	
98896	Frontal_Inf_Orb_R	162	0	520	4090	0	1932	380	3096	0	6218	0	106	0	5112	0	0	0	0	572	1470	0	1042	0	120	0	0	0	282	278	8654	0	422	0	1866	0	0	0	0	0	0	0	0	0	0	0	0	0	0	0	0	0	0	0	0	0	0	0	0	0	0	0	0	0	0	0	0	0	0	0	0	2478	4018	508	5262	0	0	118	436	0	0	0	0	0	306	0	0	0	0	0	0	0	0	0	0	0	0	0	0	0	0	0	0	0	0	0	0	0	0	0	0	0	0	0	0	0	0	
257056	Rolandic_Oper_L	17726	0	7570	212	0	0	1152	0	0	0	13900	0	890	0	0	0	0	0	13332	110	0	0	0	0	0	0	0	0	21588	0	0	0	108	0	0	0	598	0	0	0	0	0	0	0	0	0	150	0	0	0	726	0	202	0	742	0	13480	0	248	0	640	0	2328	0	0	0	470	0	4058	0	574	0	758	0	402	0	952	0	5702	0	14188	0	2668	0	2344	0	0	0	710	0	0	0	0	0	0	0	0	0	0	0	0	0	0	0	0	0	0	0	0	0	0	0	0	0	0	0	
96488	Rolandic_Oper_R	0	988	0	2474	0	0	0	1836	0	0	0	3772	0	0	0	0	0	0	654	4346	0	0	0	0	0	0	0	0	0	13888	0	0	0	166	0	0	0	1082	0	448	0	0	0	0	0	0	0	0	0	0	0	0	0	0	0	642	0	3982	0	0	0	0	0	2262	0	0	0	0	0	120	0	282	0	2664	0	0	0	0	0	1738	0	3928	0	2842	0	0	0	0	0	130	0	0	0	0	0	0	0	0	0	0	0	0	0	0	0	0	0	0	0	0	0	0	0	0	0	0	
854080	Supp_Motor_Area_L	18734	2420	75504	18240	638	254	17182	4200	714	0	14806	2350	6206	962	2132	572	13332	654	0	55312	0	0	14424	10484	0	186	0	0	36014	2480	7542	9082	21310	31076	692	346	808	328	0	114	0	0	0	0	0	0	0	0	0	0	616	0	0	0	116	0	5852	0	246	0	268	0	0	0	0	0	448	0	12398	2718	8598	4786	4956	2146	1538	0	1396	148	2050	0	5552	0	2186	286	834	0	0	0	804	0	0	0	0	0	0	0	0	0	0	0	0	0	0	0	0	0	0	0	0	0	0	0	0	0	0	0	
765140	Supp_Motor_Area_R	7906	8332	15156	53486	0	802	2834	6016	0	0	0	6226	0	2130	0	1470	110	4346	55312	0	0	0	3664	12178	0	514	0	208	1060	9950	2680	10754	11970	49742	970	2342	138	6210	0	2010	0	0	0	344	0	0	0	0	0	0	0	0	0	414	0	2356	258	3306	0	0	0	0	0	400	0	0	0	426	13362	26180	3980	22628	1230	17830	436	746	426	4910	0	198	110	968	0	1082	0	1500	0	0	0	964	0	0	0	0	0	0	0	0	0	0	0	0	0	0	0	0	0	0	0	0	0	0	0	0	0	0	
67100	Olfactory_L	0	0	0	0	664	0	0	0	112	0	0	0	0	0	1020	0	0	0	0	0	0	5308	0	0	670	0	1766	1480	1732	0	2832	1640	0	0	0	0	342	0	160	0	436	0	0	0	0	0	0	0	0	0	0	0	0	0	140	0	0	0	0	0	0	0	0	0	0	0	0	0	0	0	7208	3260	3840	344	596	0	0	0	0	0	0	0	0	0	0	0	0	0	0	0	0	0	0	0	0	0	0	0	0	0	0	0	0	0	0	0	0	0	0	0	0	0	0	0	0	0	
75688	Olfactory_R	0	0	0	0	0	206	0	0	0	0	0	0	0	0	0	1042	0	0	0	0	5308	0	0	0	0	344	1090	2180	0	2556	1752	1536	0	0	0	0	0	0	0	220	0	800	0	0	0	0	0	0	0	0	0	0	0	0	0	0	0	0	0	0	0	0	0	0	0	0	0	0	0	0	7800	5830	4388	1548	1244	0	0	0	0	0	0	0	0	0	0	0	0	0	0	0	0	0	0	0	0	0	0	0	0	0	0	0	0	0	0	0	0	0	0	0	0	0	0	0	0	0	
575888	Frontal_Sup_Medial_L	2106	0	60546	18718	1898	454	26466	4508	120	0	1554	0	3308	676	348	0	0	0	14424	3664	0	0	0	40672	3100	874	0	0	8620	564	33248	22574	15860	15698	0	0	0	0	0	0	0	0	0	0	0	0	0	0	0	0	0	0	0	0	0	0	348	0	0	0	0	0	0	0	0	0	0	0	0	0	2670	350	4308	268	0	0	0	0	0	0	0	0	0	0	0	0	0	0	0	0	0	0	0	0	0	0	0	0	0	0	0	0	0	0	0	0	0	0	0	0	0	0	0	0	0	0	
576648	Frontal_Sup_Medial_R	986	138	19892	54634	0	6626	8824	10018	0	0	348	162	842	3162	0	120	0	0	10484	12178	0	0	40672	0	292	10866	0	1428	2800	2546	10516	43016	6132	18870	0	0	0	0	0	0	0	0	0	0	0	0	0	0	0	0	0	0	0	0	0	0	0	0	0	0	0	0	0	0	0	0	0	0	0	0	1854	13516	222	7180	0	0	0	0	0	0	0	0	0	0	0	0	0	0	0	0	0	0	0	0	0	0	0	0	0	0	0	0	0	0	0	0	0	0	0	0	0	0	0	0	0	0	
48476	Frontal_Med_Orb_L	0	0	1824	0	2982	236	212	0	434	0	0	0	0	0	0	0	0	0	0	0	670	0	3100	292	0	860	2108	170	0	0	5442	404	0	0	0	0	0	0	0	0	0	0	0	0	0	0	0	0	0	0	0	0	0	0	0	0	0	0	0	0	0	0	0	0	0	0	0	0	0	0	2746	0	2758	0	0	0	0	0	0	0	0	0	0	0	0	0	0	0	0	0	0	0	0	0	0	0	0	0	0	0	0	0	0	0	0	0	0	0	0	0	0	0	0	0	0	0	
124860	Frontal_Med_Orb_R	0	0	0	4872	0	10842	0	196	0	0	0	0	0	200	0	0	0	0	186	514	0	344	874	10866	860	0	0	7248	0	306	2818	9894	0	0	0	0	0	0	0	0	0	0	0	0	0	0	0	0	0	0	0	0	0	0	0	0	0	0	0	0	0	0	0	0	0	0	0	0	0	0	150	6294	0	5966	0	0	0	0	0	0	0	0	0	0	0	0	0	0	0	0	0	0	0	0	0	0	0	0	0	0	0	0	0	0	0	0	0	0	0	0	0	0	0	0	0	0	
43900	Rectus_L	0	0	0	0	4940	0	0	0	3288	0	0	0	0	0	190	0	0	0	0	0	1766	1090	0	0	2108	0	0	382	0	0	1810	470	0	0	0	0	0	0	0	0	0	0	0	0	0	0	0	0	0	0	0	0	0	0	0	0	0	0	0	0	0	0	0	0	0	0	0	0	0	0	2844	506	2556	0	0	0	0	0	0	0	0	0	0	0	0	0	0	0	0	0	0	0	0	0	0	0	0	0	0	0	0	0	0	0	0	0	0	0	0	0	0	0	0	0	0	0	
65092	Rectus_R	0	0	0	932	0	7742	0	218	0	408	0	0	0	140	0	282	0	0	0	208	1480	2180	0	1428	170	7248	382	0	0	356	246	2108	0	0	0	0	0	0	0	0	0	0	0	0	0	0	0	0	0	0	0	0	0	0	0	0	0	0	0	0	0	0	0	0	0	0	0	0	0	0	1524	2822	880	1792	0	0	0	0	0	0	0	0	0	0	0	0	0	0	0	0	0	0	0	0	0	0	0	0	0	0	0	0	0	0	0	0	0	0	0	0	0	0	0	0	0	0	
823464	Insula_L	26308	166	49502	1980	3620	0	39120	1620	4232	0	25366	856	39278	628	23982	278	21588	0	36014	1060	1732	0	8620	2800	0	0	0	0	0	504	3758	1564	1358	1632	206	0	10114	208	726	0	1176	0	166	0	0	0	186	0	0	0	1104	0	554	0	4604	0	8810	0	530	0	782	0	0	0	0	0	330	0	3710	0	10096	1152	23866	568	524	0	2360	0	8102	0	15490	0	7316	0	5164	0	162	0	6160	0	0	0	0	0	0	0	0	0	0	0	0	0	0	0	0	0	0	0	0	0	0	0	0	0	0	0	
311784	Insula_R	234	1032	370	13210	0	1184	0	7638	0	814	0	13952	0	14532	0	8654	0	13888	2480	9950	0	2556	564	2546	0	306	0	356	504	0	1164	6674	176	2204	150	220	0	3456	0	1052	0	1256	0	0	0	0	0	0	0	0	0	0	0	0	0	1220	0	2274	0	0	0	0	0	0	0	0	0	0	172	146	1474	6778	894	23554	0	0	0	394	0	1622	0	1824	0	3556	0	304	0	136	0	422	0	0	0	0	0	0	0	0	0	0	0	0	0	0	0	0	0	0	0	0	0	0	0	0	0	0	
384292	Cingulum_Ant_L	364	0	22672	7648	2020	1308	10048	586	330	0	408	0	1200	1050	284	0	0	0	7542	2680	2832	1752	33248	10516	5442	2818	1810	246	3758	1164	0	26016	10322	7974	0	0	0	0	0	0	0	0	0	0	0	0	0	0	0	0	0	0	0	0	0	0	0	0	0	0	0	0	0	0	0	0	0	0	0	0	11864	2284	10934	1026	0	0	0	0	0	0	0	0	0	0	0	0	0	0	0	0	0	0	0	0	0	0	0	0	0	0	0	0	0	0	0	0	0	0	0	0	0	0	0	0	0	0	
576716	Cingulum_Ant_R	448	162	12412	42996	0	3780	4364	5724	0	0	0	704	372	7550	0	422	0	0	9082	10754	1640	1536	22574	43016	404	9894	470	2108	1564	6674	26016	0	8142	26310	0	0	0	268	0	0	0	0	0	0	0	0	0	0	0	0	0	0	0	0	0	0	0	0	0	0	0	0	0	0	0	0	0	0	0	0	5220	21210	1474	10814	0	0	0	254	0	0	0	0	0	0	0	0	0	0	0	0	0	0	0	0	0	0	0	0	0	0	0	0	0	0	0	0	0	0	0	0	0	0	0	0	0	0	
281152	Cingulum_Mid_L	168	430	10704	4936	0	0	6258	962	0	0	0	0	464	170	0	0	108	0	21310	11970	0	0	15860	6132	0	0	0	0	1358	176	10322	8142	0	24498	3476	182	0	0	0	0	0	0	192	0	0	0	0	0	0	0	1324	0	0	0	0	0	268	0	428	0	264	0	0	0	0	0	3322	536	4262	1380	264	134	192	0	0	0	0	0	0	0	138	0	0	0	246	0	0	0	0	0	0	0	0	0	0	0	0	0	0	0	0	0	0	0	0	0	0	0	0	0	0	0	0	0	0	0	
595756	Cingulum_Mid_R	3910	348	14892	35254	0	0	4694	7572	0	0	0	406	358	2986	0	1866	0	166	31076	49742	0	0	15698	18870	0	0	0	0	1632	2204	7974	26310	24498	0	840	4838	0	252	0	122	0	0	0	392	0	524	0	208	0	298	0	0	0	232	0	476	0	4422	0	0	0	0	0	0	0	0	486	3762	9352	17016	786	1854	266	612	120	0	0	194	0	0	0	0	0	0	0	238	0	0	0	132	0	0	0	0	0	0	0	0	0	0	0	0	0	0	0	0	0	0	0	0	0	0	0	0	0	0	
134628	Cingulum_Post_L	2672	0	118	182	0	0	206	0	0	0	0	0	0	0	0	0	0	0	692	970	0	0	0	0	0	0	0	0	206	150	0	0	3476	840	0	7172	7078	3334	1732	2042	0	0	6188	0	126	0	2756	184	0	0	708	0	108	0	1380	752	0	632	384	0	0	0	0	0	0	0	8438	1194	5578	972	0	0	0	0	0	0	3086	2516	454	0	0	0	0	0	0	0	0	0	214	0	0	0	0	0	0	0	160	0	0	0	0	0	0	0	0	0	0	0	0	0	614	0	0	0	0	0	
129536	Cingulum_Post_R	2292	106	0	168	0	0	0	0	0	0	0	0	0	0	0	0	0	0	346	2342	0	0	0	0	0	0	0	0	0	220	0	0	182	4838	7172	0	3432	6652	308	5104	0	0	0	492	0	468	0	1636	0	508	0	132	0	0	0	3516	0	3046	0	0	0	0	0	0	0	0	0	6624	3318	3746	0	0	0	0	0	0	3470	3300	0	0	0	0	0	0	0	138	0	0	0	0	0	0	0	0	0	0	0	0	0	0	0	0	0	0	0	0	0	0	0	0	1212	0	0	0	0	0	
240992	Hippocampus_L	12208	142	654	246	0	0	2008	0	0	0	0	0	0	0	110	0	598	0	808	138	342	0	0	0	0	0	0	0	10114	0	0	0	0	0	7078	3432	0	3104	8574	2104	4498	0	2390	0	0	0	4892	170	0	0	0	0	0	0	9914	744	742	0	0	0	0	0	0	0	0	0	4944	1220	4970	0	1276	0	5178	0	290	0	8532	2798	3234	0	1888	0	528	0	1154	0	310	0	7928	0	0	0	0	0	0	0	1104	0	0	0	0	0	0	0	0	0	0	0	0	0	132	0	0	0	0	0	
304980	Hippocampus_R	2614	5952	290	7186	0	0	0	1114	0	0	0	618	0	0	0	0	0	1082	328	6210	0	0	0	0	0	0	0	0	208	3456	0	268	0	252	3334	6652	3104	0	320	27004	0	7554	0	1336	0	0	0	3216	0	0	0	112	0	0	0	27854	330	900	0	0	0	0	0	0	0	0	0	5152	2458	1814	642	700	332	10598	0	120	3062	6636	0	1104	0	912	0	1618	0	352	0	232	0	3502	0	0	0	0	0	268	0	710	0	0	0	0	0	0	0	0	0	0	0	0	984	0	0	0	0	0	
68032	ParaHippocampal_L	512	0	0	0	0	0	134	0	0	0	0	0	0	0	0	0	0	0	0	0	160	0	0	0	0	0	0	0	726	0	0	0	0	0	1732	308	8574	320	0	296	1016	0	1610	0	0	0	5660	0	0	0	0	0	0	0	3928	168	0	0	0	0	0	0	0	0	0	0	3092	258	0	0	0	0	228	0	0	0	988	316	0	0	270	0	424	0	0	0	632	0	704	0	0	0	0	0	240	0	1720	0	0	0	0	0	0	0	0	0	0	0	0	0	0	0	0	0	0	0	
202304	ParaHippocampal_R	1454	2146	116	1398	0	0	0	0	0	0	0	0	0	0	0	0	0	448	114	2010	0	220	0	0	0	0	0	0	0	1052	0	0	0	122	2042	5104	2104	27004	296	0	0	5968	0	584	0	0	0	4592	0	0	0	0	0	0	0	19280	0	524	0	0	0	0	0	0	0	0	0	4808	1484	1352	194	0	0	3198	0	0	2100	4264	0	444	0	402	0	2398	0	0	0	628	0	702	0	0	0	0	0	634	0	1126	0	0	0	0	0	0	0	0	0	0	0	0	840	0	0	0	0	0	
23968	Amygdala_L	0	0	0	0	110	0	0	0	0	0	0	0	0	0	140	0	0	0	0	0	436	0	0	0	0	0	0	0	1176	0	0	0	0	0	0	0	4498	0	1016	0	0	0	0	0	0	0	0	0	0	0	0	0	0	0	2274	0	0	0	0	0	0	0	0	0	0	0	0	0	0	0	0	0	398	0	0	0	0	0	0	0	0	0	398	0	0	0	292	0	1246	0	0	0	0	0	0	0	0	0	0	0	0	0	0	0	0	0	0	0	0	0	0	0	0	0	0	0	
46832	Amygdala_R	0	0	0	108	0	0	0	0	0	0	0	0	0	0	0	0	0	0	0	0	0	800	0	0	0	0	0	0	0	1256	0	0	0	0	0	0	0	7554	0	5968	0	0	0	0	0	0	0	0	0	0	0	0	0	0	0	3746	0	0	0	0	0	0	0	0	0	0	0	0	0	0	0	0	0	1522	0	0	0	134	0	0	0	0	0	2134	0	0	0	194	0	0	0	0	0	0	0	0	0	0	0	0	0	0	0	0	0	0	0	0	0	0	0	0	0	0	0	0	
141656	Calcarine_L	0	0	0	0	0	0	0	0	0	0	0	0	0	0	0	0	0	0	0	0	0	0	0	0	0	0	0	0	166	0	0	0	192	0	6188	0	2390	0	1610	0	0	0	0	2410	6446	1220	7336	1670	7198	768	7642	482	3254	0	5080	284	0	0	630	0	0	0	0	0	0	0	13644	0	400	0	0	0	0	0	0	0	0	0	182	0	0	0	0	0	290	0	0	0	230	0	0	0	0	0	0	0	510	0	0	0	0	0	0	0	0	0	0	0	0	0	606	0	0	0	0	0	
211816	Calcarine_R	0	216	0	0	0	0	0	0	0	0	0	0	0	0	0	0	0	0	0	344	0	0	0	0	0	0	0	0	0	0	0	0	0	392	0	492	0	1336	0	584	0	0	2410	0	1112	12830	634	14814	132	13352	0	11858	0	6456	0	9786	0	2058	0	144	0	0	0	250	0	0	782	13058	0	1724	0	0	0	0	0	0	0	0	0	0	0	352	0	0	0	5088	0	0	0	5558	0	0	0	0	0	0	0	146	0	0	0	0	0	0	0	0	0	0	0	0	0	0	0	0	0	0	
91016	Cuneus_L	0	0	0	0	0	0	0	0	0	0	0	0	0	0	0	0	0	0	0	0	0	0	0	0	0	0	0	0	0	0	0	0	0	0	126	0	0	0	0	0	0	0	6446	1112	0	2278	1040	146	12806	450	6244	0	1972	0	832	0	0	0	2526	0	360	0	0	0	0	0	8656	290	224	0	0	0	0	0	0	0	0	0	0	0	0	0	0	0	0	0	0	0	0	0	0	0	0	0	0	0	0	0	0	0	0	0	0	0	0	0	0	0	0	0	0	0	0	0	0	0	
207032	Cuneus_R	0	0	0	0	0	0	0	0	0	0	0	0	0	0	0	0	0	0	0	0	0	0	0	0	0	0	0	0	0	0	0	0	0	524	0	468	0	0	0	0	0	0	1220	12830	2278	0	122	3552	184	28178	0	8636	0	1542	0	1450	0	7802	0	5112	0	1124	0	838	0	1160	1686	19606	0	1854	0	0	0	0	0	0	0	0	0	0	0	0	0	0	0	2182	0	0	0	1168	0	0	0	0	0	0	0	0	0	0	0	0	0	0	0	0	0	0	0	0	0	0	0	0	0	0	
213216	Lingual_L	978	0	0	0	0	0	0	0	0	0	0	0	0	0	0	0	150	0	0	0	0	0	0	0	0	0	0	0	186	0	0	0	0	0	2756	0	4892	0	5660	0	0	0	7336	634	1040	122	0	1544	1976	244	7868	164	4152	0	13252	342	810	0	0	0	0	0	0	0	0	0	5636	0	1052	0	0	0	0	0	0	0	122	0	170	0	188	0	0	0	0	0	0	0	482	0	6288	948	1390	0	114	0	12862	1780	10472	1744	0	0	0	0	110	160	0	0	0	0	5072	2754	708	0	132	318	
242496	Lingual_R	120	208	0	240	0	0	0	0	0	0	0	0	0	0	0	0	0	0	0	0	0	0	0	0	0	0	0	0	0	0	0	0	0	208	184	1636	170	3216	0	4592	0	0	1670	14814	146	3552	1544	0	0	5056	0	4688	0	4998	588	14752	0	498	0	0	0	0	0	0	0	0	0	8624	118	398	0	0	0	0	0	0	0	504	0	0	0	0	0	0	0	748	0	0	0	948	4228	6464	774	0	0	508	2328	4534	5270	10644	0	0	0	0	0	0	0	0	0	0	4612	7012	654	0	0	0	
152332	Occipital_Sup_L	0	0	0	0	0	0	0	0	0	0	0	0	0	0	0	0	0	0	0	0	0	0	0	0	0	0	0	0	0	0	0	0	0	0	0	0	0	0	0	0	0	0	7198	132	12806	184	1976	0	0	0	20382	0	9766	0	4224	0	386	0	7600	0	1496	0	0	0	0	0	9884	0	132	0	0	0	0	0	0	0	0	0	0	0	0	0	0	0	0	0	0	0	0	0	0	0	0	0	0	0	0	0	0	0	0	0	0	0	0	0	0	0	0	0	0	0	0	0	0	0	
213244	Occipital_Sup_R	0	118	0	0	0	0	0	0	0	0	0	0	0	0	0	0	0	0	0	0	0	0	0	0	0	0	0	0	0	0	0	0	0	298	0	508	0	0	0	0	0	0	768	13352	450	28178	244	5056	0	0	0	15744	0	1802	0	1446	0	6222	0	5254	0	1848	0	1284	0	3168	524	14562	0	1472	0	0	0	0	0	0	0	0	0	0	0	210	0	0	0	2522	0	0	0	1592	0	0	0	0	0	0	0	0	0	0	0	0	0	0	0	0	0	0	0	0	0	0	0	0	0	0	
388868	Occipital_Mid_L	1036	0	0	0	0	0	166	0	0	0	0	0	0	0	0	0	726	0	616	0	0	0	0	0	0	0	0	0	1104	0	0	0	1324	0	708	0	0	0	0	0	0	0	7642	0	6244	0	7868	0	20382	0	0	0	28716	0	10704	0	6114	0	23032	0	19554	0	4440	0	10718	0	16300	0	4570	0	0	0	0	0	0	0	0	0	114	0	1562	0	0	0	14538	0	0	0	6256	0	0	0	0	0	0	0	0	0	0	0	0	0	0	0	0	0	0	0	0	0	0	0	0	0	0	0	
165424	Occipital_Mid_R	0	0	0	0	0	0	0	0	0	0	0	0	0	0	0	0	0	0	0	0	0	0	0	0	0	0	0	0	0	0	0	0	0	0	0	132	0	112	0	0	0	0	482	11858	0	8636	164	4688	0	15744	0	0	0	5712	0	1640	0	1690	0	760	0	4490	0	1624	0	7674	240	4772	0	652	0	0	0	0	0	0	0	0	0	0	0	0	0	0	0	8860	0	0	0	2782	0	0	0	0	0	0	0	0	0	0	0	0	0	0	0	0	0	0	0	0	0	0	0	0	0	0	
158600	Occipital_Inf_L	344	0	0	0	0	0	0	0	0	0	0	0	0	0	0	0	202	0	0	0	0	0	0	0	0	0	0	0	554	0	0	0	0	0	108	0	0	0	0	0	0	0	3254	0	1972	0	4152	0	9766	0	28716	0	0	0	11040	0	992	0	5234	0	1144	0	0	0	0	0	5374	0	640	0	0	0	0	0	0	0	0	0	106	0	0	0	0	0	2422	0	0	0	3280	0	0	0	0	0	0	0	0	0	0	0	0	0	0	0	0	0	0	0	0	0	0	0	0	0	0	0	
79988	Occipital_Inf_R	0	218	0	0	0	0	0	0	0	0	0	0	0	0	0	0	0	0	0	414	0	0	0	0	0	0	0	0	0	0	0	0	0	232	0	0	0	0	0	0	0	0	0	6456	0	1542	0	4998	0	1802	0	5712	0	0	0	8314	0	918	0	0	0	0	0	0	0	0	0	1506	0	1468	0	0	0	0	0	0	0	0	0	0	0	126	0	0	0	2294	0	0	0	3994	0	0	0	0	0	0	0	0	0	0	0	0	0	0	0	0	0	0	0	0	0	0	0	0	0	0	
316268	Fusiform_L	1824	0	0	0	0	0	0	0	0	0	0	0	0	0	0	0	742	0	116	0	140	0	0	0	0	0	0	0	4604	0	0	0	0	0	1380	0	9914	0	3928	0	2274	0	5080	0	832	0	13252	588	4224	0	10704	0	11040	0	0	0	2118	0	1986	0	694	0	136	0	0	0	5162	0	1946	0	600	0	1144	0	0	0	804	0	1604	0	1920	0	2632	0	2328	0	2874	0	13598	0	16132	124	1420	0	264	0	5852	278	18504	780	0	0	0	0	0	0	0	0	0	0	1228	2536	828	0	0	0	
342580	Fusiform_R	378	2230	0	676	0	0	0	170	0	0	0	0	0	0	0	0	0	642	0	2356	0	0	0	0	0	0	0	0	0	1220	0	0	0	476	752	3516	744	27854	168	19280	0	3746	284	9786	0	1450	342	14752	0	1446	0	1640	0	8314	0	0	0	2192	0	0	0	0	0	328	0	0	0	6198	374	3642	0	0	0	2262	0	0	594	2306	0	1530	0	3624	0	4274	0	2332	0	1594	0	14284	0	9052	0	188	0	154	750	2322	158	9242	0	0	0	0	0	0	0	0	0	0	1400	268	0	0	0	0	
343340	Postcentral_L	40386	1016	6412	614	0	0	3484	116	0	0	5356	0	444	0	0	0	13480	0	5852	258	0	0	348	0	0	0	0	0	8810	0	0	0	268	0	0	0	742	330	0	0	0	0	0	0	0	0	810	0	386	0	6114	0	992	0	2118	0	0	0	10556	0	23088	0	8524	0	184	0	3798	0	10884	0	536	110	442	134	0	0	298	0	4158	0	7274	0	122	0	1718	0	0	0	1508	0	0	0	0	0	0	0	0	0	0	0	0	0	0	0	0	0	0	0	0	0	0	0	0	0	0	0	
233864	Postcentral_R	0	12496	0	212	0	0	0	154	0	0	0	2522	0	0	0	0	0	3982	0	3306	0	0	0	0	0	0	0	0	0	2274	0	0	0	4422	632	3046	0	900	0	524	0	0	0	2058	0	7802	0	498	0	6222	0	1690	0	918	0	2192	0	0	0	4946	0	4818	0	13584	0	764	0	12218	1058	14724	0	0	0	1346	0	0	0	0	0	0	0	3838	0	0	0	2312	0	0	0	1474	0	0	0	0	0	0	0	0	0	0	0	0	0	0	0	0	0	0	0	0	0	0	0	0	0	0	
181840	Parietal_Sup_L	364	0	0	0	0	0	116	0	0	0	0	0	0	0	0	0	248	0	246	0	0	0	0	0	0	0	0	0	530	0	0	0	428	0	384	0	0	0	0	0	0	0	630	0	2526	0	0	0	7600	0	23032	0	5234	0	1986	0	10556	0	0	0	12714	0	452	0	696	0	14850	0	2412	0	0	0	0	0	0	0	0	0	0	0	252	0	0	0	3986	0	0	0	1678	0	0	0	0	0	0	0	0	0	0	0	0	0	0	0	0	0	0	0	0	0	0	0	0	0	0	0	
51704	Parietal_Sup_R	0	0	0	0	0	0	0	0	0	0	0	0	0	0	0	0	0	0	0	0	0	0	0	0	0	0	0	0	0	0	0	0	0	0	0	0	0	0	0	0	0	0	0	144	0	5112	0	0	0	5254	0	760	0	0	0	0	0	4946	0	0	0	1900	0	130	0	1060	0	6428	0	118	0	0	0	0	0	0	0	0	0	0	0	0	0	0	0	0	0	0	0	0	0	0	0	0	0	0	0	0	0	0	0	0	0	0	0	0	0	0	0	0	0	0	0	0	0	0	
197420	Parietal_Inf_L	1380	0	0	0	0	0	150	0	0	0	0	0	0	0	0	0	640	0	268	0	0	0	0	0	0	0	0	0	782	0	0	0	264	0	0	0	0	0	0	0	0	0	0	0	360	0	0	0	1496	0	19554	0	1144	0	694	0	23088	0	12714	0	0	0	13288	0	11410	0	3056	0	2212	0	0	0	0	0	0	0	0	0	0	0	1486	0	0	0	2686	0	0	0	2038	0	0	0	0	0	0	0	0	0	0	0	0	0	0	0	0	0	0	0	0	0	0	0	0	0	0	0	
71996	Parietal_Inf_R	0	0	0	0	0	0	0	0	0	0	0	0	0	0	0	0	0	0	0	0	0	0	0	0	0	0	0	0	0	0	0	0	0	0	0	0	0	0	0	0	0	0	0	0	0	1124	0	0	0	1848	0	4490	0	0	0	0	0	4818	0	1900	0	0	0	6260	0	11038	0	980	0	446	0	0	0	0	0	0	0	0	0	0	0	446	0	0	0	2532	0	0	0	116	0	0	0	0	0	0	0	0	0	0	0	0	0	0	0	0	0	0	0	0	0	0	0	0	0	0	
104672	SupraMarginal_L	568	0	0	0	0	0	0	0	0	0	0	0	0	0	0	0	2328	0	0	0	0	0	0	0	0	0	0	0	0	0	0	0	0	0	0	0	0	0	0	0	0	0	0	0	0	0	0	0	0	0	4440	0	0	0	136	0	8524	0	452	0	13288	0	0	0	7202	0	0	0	274	0	0	0	0	0	0	0	0	0	0	0	6606	0	0	0	5296	0	0	0	3222	0	0	0	0	0	0	0	0	0	0	0	0	0	0	0	0	0	0	0	0	0	0	0	0	0	0	0	
112392	SupraMarginal_R	0	2290	0	0	0	0	0	0	0	0	0	0	0	0	0	0	0	2262	0	400	0	0	0	0	0	0	0	0	0	0	0	0	0	0	0	0	0	0	0	0	0	0	0	250	0	838	0	0	0	1284	0	1624	0	0	0	328	0	13584	0	130	0	6260	0	0	0	5312	0	1024	0	656	0	0	0	0	0	0	0	0	0	166	0	7888	0	0	0	8422	0	0	0	3478	0	0	0	0	0	0	0	0	0	0	0	0	0	0	0	0	0	0	0	0	0	0	0	0	0	0	
81936	Angular_L	0	0	0	0	0	0	0	0	0	0	0	0	0	0	0	0	0	0	0	0	0	0	0	0	0	0	0	0	0	0	0	0	0	0	0	0	0	0	0	0	0	0	0	0	0	0	0	0	0	0	10718	0	0	0	0	0	184	0	696	0	11410	0	7202	0	0	0	156	0	216	0	0	0	0	0	0	0	0	0	0	0	1468	0	0	0	6894	0	0	0	2024	0	0	0	0	0	0	0	0	0	0	0	0	0	0	0	0	0	0	0	0	0	0	0	0	0	0	0	
73296	Angular_R	0	0	0	0	0	0	0	0	0	0	0	0	0	0	0	0	0	0	0	0	0	0	0	0	0	0	0	0	0	0	0	0	0	0	0	0	0	0	0	0	0	0	0	0	0	1160	0	0	0	3168	0	7674	0	0	0	0	0	764	0	1060	0	11038	0	5312	0	0	0	1166	0	140	0	0	0	0	0	0	0	0	0	0	0	950	0	0	0	3874	0	0	0	342	0	0	0	0	0	0	0	0	0	0	0	0	0	0	0	0	0	0	0	0	0	0	0	0	0	0	
242964	Precuneus_L	394	0	0	0	0	0	162	0	0	0	0	0	0	0	0	0	470	0	448	0	0	0	0	0	0	0	0	0	330	0	0	0	3322	486	8438	0	4944	0	3092	0	0	0	13644	782	8656	1686	5636	0	9884	524	16300	240	5374	0	5162	0	3798	0	14850	0	3056	0	0	0	156	0	0	1914	3820	0	0	0	0	0	0	0	306	0	404	0	404	0	0	0	890	126	0	0	384	0	0	0	0	0	0	0	824	0	0	0	0	0	0	0	0	0	0	0	0	0	576	0	0	0	0	0	
271312	Precuneus_R	688	180	0	0	0	0	0	0	0	0	0	0	0	0	0	0	0	0	0	426	0	0	0	0	0	0	0	0	0	0	0	0	536	3762	1194	6624	1220	5152	258	4808	0	0	0	13058	290	19606	0	8624	0	14562	0	4772	0	1506	0	6198	0	12218	0	6428	0	980	0	1024	0	1166	1914	0	1044	7380	0	0	0	0	0	0	920	1298	0	0	0	398	0	0	0	2604	0	0	0	1760	0	0	0	0	0	220	0	836	0	0	0	0	0	0	0	0	0	0	0	0	2002	0	0	0	0	0	
364300	Paracentral_Lobule_L	37932	3166	4172	2230	0	0	884	310	0	0	258	0	0	0	0	0	4058	0	12398	13362	0	0	0	0	0	0	0	0	3710	172	0	0	4262	9352	5578	3318	4970	2458	0	1484	0	0	400	0	224	0	1052	118	132	0	4570	0	640	0	1946	374	10884	1058	2412	0	2212	0	274	0	216	0	3820	1044	0	10922	2308	938	1794	0	1758	0	11578	3030	1326	0	1442	0	0	0	950	0	0	0	654	0	0	0	0	0	0	0	0	0	0	0	0	0	0	0	0	0	0	0	0	0	0	0	0	0	0	0	
245264	Paracentral_Lobule_R	5100	6602	0	886	0	0	0	170	0	0	0	0	0	0	0	0	0	120	2718	26180	0	0	0	0	0	0	0	0	0	146	0	0	1380	17016	972	3746	0	1814	0	1352	0	0	0	1724	0	1854	0	398	0	1472	0	652	0	1468	0	3642	0	14724	0	118	0	446	0	656	0	140	0	7380	10922	0	0	406	0	0	0	0	128	744	0	156	0	1250	0	0	0	3960	0	0	0	2190	0	0	0	0	0	0	0	0	0	0	0	0	0	0	0	0	0	0	0	0	0	0	0	0	0	0	
363832	Caudate_L	9084	648	6766	5474	2100	140	4516	2898	970	0	754	2584	1174	2176	390	2478	574	0	8598	3980	7208	7800	2670	1854	2746	150	2844	1524	10096	1474	11864	5220	264	786	0	0	1276	642	0	194	0	0	0	0	0	0	0	0	0	0	0	0	0	0	600	0	536	0	0	0	0	0	0	0	0	0	0	0	2308	0	0	16154	26332	2672	4944	122	11552	1432	0	0	808	0	0	0	0	0	0	0	540	0	0	0	0	0	0	0	0	0	0	0	0	0	0	0	0	0	0	0	0	0	0	0	0	0	0	0	
412388	Caudate_R	1868	4268	2292	23464	0	3950	700	2544	0	122	0	3642	0	1738	122	4018	0	282	4786	22628	3260	5830	350	13516	0	6294	506	2822	1152	6778	2284	21210	134	1854	0	0	0	700	0	0	0	0	0	0	0	0	0	0	0	0	0	0	0	0	0	0	110	0	0	0	0	0	0	0	0	0	0	0	938	406	16154	0	5054	22986	1548	824	1746	13134	0	0	0	0	0	180	0	0	0	0	0	0	0	0	0	0	0	0	0	0	0	0	0	0	0	0	0	0	0	0	0	0	0	0	0	0	0	0	
321936	Putamen_L	3614	710	7738	1562	7610	0	2890	1092	2638	0	2578	348	2130	478	6352	508	758	0	4956	1230	3840	4388	4308	222	2758	0	2556	880	23866	894	10934	1474	192	266	0	0	5178	332	228	0	398	0	0	0	0	0	0	0	0	0	0	0	0	0	1144	0	442	0	0	0	0	0	0	0	0	0	0	0	1794	0	26332	5054	0	1220	8756	0	2290	0	0	0	1222	0	1670	0	172	0	0	0	966	0	0	0	0	0	0	0	0	0	0	0	0	0	0	0	0	0	0	0	0	0	0	0	0	0	0	0	
334388	Putamen_R	250	2358	366	14234	0	5790	0	3750	0	650	0	6806	0	1532	0	5262	0	2664	2146	17830	344	1548	268	7180	0	5966	0	1792	568	23554	1026	10814	0	612	0	0	0	10598	0	3198	0	1522	0	0	0	0	0	0	0	0	0	0	0	0	0	2262	134	1346	0	0	0	0	0	0	0	0	0	0	0	0	2672	22986	1220	0	216	1418	0	1232	0	0	0	292	0	788	0	0	0	0	0	0	0	0	0	0	0	0	0	0	0	0	0	0	0	0	0	0	0	0	0	0	0	0	0	0	0	0	
54368	Pallidum_L	1294	550	0	660	0	0	0	0	0	0	0	0	0	0	0	0	402	0	1538	436	596	1244	0	0	0	0	0	0	524	0	0	0	0	120	0	0	290	0	0	0	0	0	0	0	0	0	0	0	0	0	0	0	0	0	0	0	0	0	0	0	0	0	0	0	0	0	0	0	1758	0	4944	1548	8756	216	0	0	2140	168	0	0	0	0	0	0	0	0	0	0	0	0	0	0	0	0	0	0	0	0	0	0	0	0	0	0	0	0	0	0	0	0	0	0	0	0	0	0	
9964	Pallidum_R	0	418	0	916	0	0	0	418	0	0	0	0	0	0	0	0	0	0	0	746	0	0	0	0	0	0	0	0	0	0	0	0	0	0	0	0	0	120	0	0	0	0	0	0	0	0	0	0	0	0	0	0	0	0	0	0	0	0	0	0	0	0	0	0	0	0	0	0	0	0	122	824	0	1418	0	0	0	0	0	0	0	0	0	0	0	0	0	0	0	0	0	0	0	0	0	0	0	0	0	0	0	0	0	0	0	0	0	0	0	0	0	0	0	0	0	0	
184240	Thalamus_L	21314	610	700	546	0	0	980	0	0	0	0	0	0	0	0	118	952	0	1396	426	0	0	0	0	0	0	0	0	2360	0	0	0	0	0	3086	3470	8532	3062	988	2100	0	0	0	0	0	0	122	0	0	0	0	0	0	0	804	594	298	0	0	0	0	0	0	0	0	0	306	920	11578	128	11552	1746	2290	0	2140	0	0	7686	154	0	116	0	0	0	0	0	0	0	1046	0	0	0	0	0	0	0	0	0	0	0	0	0	0	0	0	0	0	0	0	0	0	0	0	0	0	0	
186084	Thalamus_R	3472	11036	0	20292	0	0	0	122	0	0	0	0	0	0	0	436	0	0	148	4910	0	0	0	0	0	0	0	0	0	394	0	254	0	194	2516	3300	2798	6636	316	4264	0	134	0	0	0	0	0	504	0	0	0	0	0	0	0	2306	0	0	0	0	0	0	0	0	0	0	0	1298	3030	744	1432	13134	0	1232	168	0	7686	0	0	0	0	0	0	0	0	0	0	0	0	156	0	0	0	0	0	0	0	0	0	0	0	0	0	0	0	0	0	0	0	0	130	0	0	0	0	0	
93216	Heschl_L	5478	0	1908	0	0	0	1024	0	0	0	262	0	0	0	0	0	5702	0	2050	0	0	0	0	0	0	0	0	0	8102	0	0	0	0	0	454	0	3234	0	0	0	0	0	182	0	0	0	170	0	0	0	114	0	106	0	1604	0	4158	0	0	0	0	0	0	0	0	0	404	0	1326	0	0	0	0	0	0	0	154	0	0	0	3922	0	0	0	4472	0	0	0	1782	0	0	0	0	0	0	0	0	0	0	0	0	0	0	0	0	0	0	0	0	0	0	0	0	0	0	0	
24832	Heschl_R	0	160	0	0	0	0	0	0	0	0	0	164	0	0	0	0	0	1738	0	198	0	0	0	0	0	0	0	0	0	1622	0	0	0	0	0	0	0	1104	0	444	0	0	0	0	0	0	0	0	0	0	0	0	0	0	0	1530	0	0	0	0	0	0	0	166	0	0	0	0	0	156	0	0	0	0	0	0	0	0	0	0	0	2846	0	0	0	1280	0	0	0	1008	0	0	0	0	0	0	0	0	0	0	0	0	0	0	0	0	0	0	0	0	0	0	0	0	0	0	
234656	Temporal_Sup_L	5312	0	1588	0	0	0	532	0	0	0	5588	0	578	0	138	0	14188	0	5552	110	0	0	0	0	0	0	0	0	15490	0	0	0	138	0	0	0	1888	0	270	0	0	0	0	0	0	0	188	0	0	0	1562	0	0	0	1920	0	7274	0	252	0	1486	0	6606	0	1468	0	404	0	1442	0	808	0	1222	0	0	0	116	0	3922	0	0	0	4020	0	20486	0	0	0	12780	0	0	0	0	0	0	0	0	0	0	0	0	0	0	0	0	0	0	0	0	0	0	0	0	0	0	0	
94496	Temporal_Sup_R	0	1276	0	182	0	0	0	0	0	0	0	0	0	0	0	0	0	3928	0	968	0	0	0	0	0	0	0	0	0	1824	0	0	0	0	0	0	0	912	0	402	0	0	0	352	0	0	0	0	0	210	0	0	0	126	0	3624	0	3838	0	0	0	446	0	7888	0	950	0	398	0	1250	0	0	0	292	0	0	0	0	0	2846	0	0	0	1180	0	8310	0	262	0	5784	0	0	0	0	0	0	0	0	0	0	0	0	0	0	0	0	0	0	0	0	0	0	0	0	0	0	
97796	Temporal_Pole_Sup_L	462	0	1544	0	240	0	228	0	340	0	4292	0	1950	0	2518	0	2668	0	2186	0	0	0	0	0	0	0	0	0	7316	0	0	0	0	0	0	0	528	0	424	0	398	0	0	0	0	0	0	0	0	0	0	0	0	0	2632	0	122	0	0	0	0	0	0	0	0	0	0	0	0	0	0	0	1670	0	0	0	0	0	0	0	4020	0	0	0	6382	0	3412	0	5566	0	0	0	0	0	0	0	0	0	0	0	0	0	0	0	0	0	0	0	0	0	0	0	0	0	0	0	
60940	Temporal_Pole_Sup_R	0	0	0	696	0	0	0	656	0	0	0	1688	0	0	0	306	0	2842	286	1082	0	0	0	0	0	0	0	0	0	3556	0	0	0	0	0	0	0	1618	0	2398	0	2134	0	0	0	0	0	0	0	0	0	0	0	0	0	4274	0	0	0	0	0	0	0	0	0	0	0	0	0	0	0	180	0	788	0	0	0	0	0	0	0	1180	0	0	0	1294	0	3216	0	2276	0	0	0	0	0	0	0	0	0	0	0	0	0	0	0	0	0	0	0	0	0	0	0	0	0	0	
238036	Temporal_Mid_L	1372	0	0	0	0	0	226	0	0	0	292	0	0	0	0	0	2344	0	834	0	0	0	0	0	0	0	0	0	5164	0	0	0	246	0	0	0	1154	0	0	0	0	0	290	0	0	0	0	0	0	0	14538	0	2422	0	2328	0	1718	0	3986	0	2686	0	5296	0	6894	0	890	0	950	0	0	0	172	0	0	0	0	0	4472	0	20486	0	6382	0	0	0	2458	0	31418	0	0	0	0	0	0	0	0	0	0	0	0	0	0	0	0	0	0	0	0	0	0	0	0	0	0	0	
158716	Temporal_Mid_R	0	618	0	0	0	0	0	0	0	0	0	0	0	0	0	0	0	0	0	1500	0	0	0	0	0	0	0	0	0	304	0	0	0	238	0	138	0	352	0	0	0	0	0	5088	0	2182	0	748	0	2522	0	8860	0	2294	0	2332	0	2312	0	0	0	2532	0	8422	0	3874	126	2604	0	3960	0	0	0	0	0	0	0	0	0	1280	0	8310	0	1294	0	0	0	744	0	16724	0	0	0	0	0	0	0	0	0	0	0	0	0	0	0	0	0	0	0	0	0	0	0	0	0	0	
26548	Temporal_Pole_Mid_L	0	0	0	0	0	0	0	0	0	0	0	0	0	0	0	0	0	0	0	0	0	0	0	0	0	0	0	0	162	0	0	0	0	0	0	0	310	0	632	0	292	0	0	0	0	0	0	0	0	0	0	0	0	0	2874	0	0	0	0	0	0	0	0	0	0	0	0	0	0	0	0	0	0	0	0	0	0	0	0	0	0	0	3412	0	2458	0	0	0	3134	0	0	0	0	0	0	0	0	0	0	0	0	0	0	0	0	0	0	0	0	0	0	0	0	0	0	0	
16352	Temporal_Pole_Mid_R	0	0	0	0	0	0	0	0	0	0	0	0	0	0	0	0	0	0	0	0	0	0	0	0	0	0	0	0	0	136	0	0	0	0	0	0	0	232	0	628	0	194	0	0	0	0	0	0	0	0	0	0	0	0	0	1594	0	0	0	0	0	0	0	0	0	0	0	0	0	0	0	0	0	0	0	0	0	0	0	0	0	262	0	3216	0	744	0	0	0	1170	0	0	0	0	0	0	0	0	0	0	0	0	0	0	0	0	0	0	0	0	0	0	0	0	0	0	
226116	Temporal_Inf_L	962	0	0	0	0	0	116	0	0	0	0	0	0	0	0	0	710	0	804	0	0	0	0	0	0	0	0	0	6160	0	0	0	0	0	214	0	7928	0	704	0	1246	0	230	0	0	0	482	0	0	0	6256	0	3280	0	13598	0	1508	0	1678	0	2038	0	3222	0	2024	0	384	0	654	0	540	0	966	0	0	0	1046	0	1782	0	12780	0	5566	0	31418	0	3134	0	0	0	866	0	430	0	0	0	116	0	216	0	0	0	0	0	0	0	0	0	0	0	0	0	0	0	0	0	
148372	Temporal_Inf_R	0	670	0	0	0	0	0	0	0	0	0	0	0	0	0	0	0	130	0	964	0	0	0	0	0	0	0	0	0	422	0	0	0	132	0	0	0	3502	0	702	0	0	0	5558	0	1168	0	948	0	1592	0	2782	0	3994	0	14284	0	1474	0	0	0	116	0	3478	0	342	0	1760	0	2190	0	0	0	0	0	0	0	156	0	1008	0	5784	0	2276	0	16724	0	1170	0	0	0	588	0	0	0	0	0	0	0	272	0	0	0	0	0	0	0	0	0	0	0	0	0	0	0	0	
407384	Cerebelum_Crus1_L	0	0	0	0	0	0	0	0	0	0	0	0	0	0	0	0	0	0	0	0	0	0	0	0	0	0	0	0	0	0	0	0	0	0	0	0	0	0	0	0	0	0	0	0	0	0	6288	4228	0	0	0	0	0	0	16132	0	0	0	0	0	0	0	0	0	0	0	0	0	0	0	0	0	0	0	0	0	0	0	0	0	0	0	0	0	0	0	0	0	866	0	0	3124	39952	362	1316	578	20196	2932	58202	6536	5320	0	10854	298	3472	886	268	0	312	742	6238	9504	3706	676	704	0	
373028	Cerebelum_Crus1_R	0	0	0	0	0	0	0	0	0	0	0	0	0	0	0	0	0	0	0	0	0	0	0	0	0	0	0	0	0	0	0	0	0	0	0	0	0	0	0	0	0	0	0	0	0	0	948	6464	0	0	0	0	0	0	124	9052	0	0	0	0	0	0	0	0	0	0	0	0	0	0	0	0	0	0	0	0	0	0	0	0	0	0	0	0	0	0	0	0	0	588	3124	0	2158	28490	0	998	5008	17352	3724	58338	0	1124	396	13178	262	1494	0	224	530	936	11052	12020	8028	370	532	0	
329900	Cerebelum_Crus2_L	0	0	0	0	0	0	0	0	0	0	0	0	0	0	0	0	0	0	0	0	0	0	0	0	0	0	0	0	0	0	0	0	0	0	0	0	0	0	0	0	0	0	0	0	0	0	1390	774	0	0	0	0	0	0	1420	0	0	0	0	0	0	0	0	0	0	0	0	0	0	0	0	0	0	0	0	0	0	0	0	0	0	0	0	0	0	0	0	0	430	0	39952	2158	0	3234	574	436	6504	1322	18470	2712	31370	996	29444	2318	4256	858	602	0	198	522	2946	2664	5806	2894	700	0	
221260	Cerebelum_Crus2_R	0	0	0	0	0	0	0	0	0	0	0	0	0	0	0	0	0	0	0	0	0	0	0	0	0	0	0	0	0	0	0	0	0	0	0	0	0	0	0	0	0	0	0	0	0	0	0	0	0	0	0	0	0	0	0	188	0	0	0	0	0	0	0	0	0	0	0	0	0	0	0	0	0	0	0	0	0	0	0	0	0	0	0	0	0	0	0	0	0	0	362	28490	3234	0	0	478	442	1052	158	10590	630	14936	758	30048	0	3560	0	236	0	428	828	1058	9606	2486	1062	0	
38192	Cerebelum_3_L	0	0	0	0	0	0	0	0	0	0	0	0	0	0	0	0	0	0	0	0	0	0	0	0	0	0	0	0	0	0	0	0	0	0	0	0	0	0	240	0	0	0	0	0	0	0	114	0	0	0	0	0	0	0	264	0	0	0	0	0	0	0	0	0	0	0	0	0	0	0	0	0	0	0	0	0	0	0	0	0	0	0	0	0	0	0	0	0	0	0	1316	0	574	0	0	272	6646	296	1424	176	0	0	792	396	1022	304	0	0	802	1748	1506	0	200	536	468	0	
57916	Cerebelum_3_R	0	0	0	0	0	0	0	0	0	0	0	0	0	0	0	0	0	0	0	0	0	0	0	0	0	0	0	0	0	0	0	0	0	0	0	0	0	268	0	634	0	0	0	0	0	0	0	508	0	0	0	0	0	0	0	154	0	0	0	0	0	0	0	0	0	0	0	220	0	0	0	0	0	0	0	0	0	0	0	0	0	0	0	0	0	0	0	0	0	0	578	998	436	478	272	0	1820	3236	398	2308	0	0	454	878	578	2714	0	0	700	3750	2578	322	1642	1336	1698	0	
312988	Cerebelum_4_5_L	0	0	0	0	0	0	0	0	0	0	0	0	0	0	0	0	0	0	0	0	0	0	0	0	0	0	0	0	0	0	0	0	0	0	160	0	1104	0	1720	0	0	0	510	0	0	0	12862	2328	0	0	0	0	0	0	5852	750	0	0	0	0	0	0	0	0	0	0	824	0	0	0	0	0	0	0	0	0	0	0	0	0	0	0	0	0	0	0	0	0	116	0	20196	5008	6504	442	6646	1820	0	8732	28772	7812	184	0	2490	614	4434	1444	300	0	2274	3424	20692	3760	1058	1252	1668	742	
195652	Cerebelum_4_5_R	0	0	0	0	0	0	0	0	0	0	0	0	0	0	0	0	0	0	0	0	0	0	0	0	0	0	0	0	0	0	0	0	0	0	0	0	0	710	0	1126	0	0	0	146	0	0	1780	4534	0	0	0	0	0	0	278	2322	0	0	0	0	0	0	0	0	0	0	0	836	0	0	0	0	0	0	0	0	0	0	0	0	0	0	0	0	0	0	0	0	0	0	2932	17352	1322	1052	296	3236	8732	0	3686	22480	0	0	496	418	1180	1532	0	0	226	1308	16512	770	858	612	914	180	
379508	Cerebelum_6_L	0	0	0	0	0	0	0	0	0	0	0	0	0	0	0	0	0	0	0	0	0	0	0	0	0	0	0	0	0	0	0	0	0	0	0	0	0	0	0	0	0	0	0	0	0	0	10472	5270	0	0	0	0	0	0	18504	158	0	0	0	0	0	0	0	0	0	0	0	0	0	0	0	0	0	0	0	0	0	0	0	0	0	0	0	0	0	0	0	0	216	0	58202	3724	18470	158	1424	398	28772	3686	0	7942	802	0	2144	118	3176	590	126	0	212	452	8900	12090	2884	390	474	0	
384280	Cerebelum_6_R	0	0	0	0	0	0	0	0	0	0	0	0	0	0	0	0	0	0	0	0	0	0	0	0	0	0	0	0	0	0	0	0	0	0	0	0	0	0	0	0	0	0	0	0	0	0	1744	10644	0	0	0	0	0	0	780	9242	0	0	0	0	0	0	0	0	0	0	0	0	0	0	0	0	0	0	0	0	0	0	0	0	0	0	0	0	0	0	0	0	0	272	6536	58338	2712	10590	176	2308	7812	22480	7942	0	0	0	626	2324	622	1796	0	122	808	1322	15226	16902	7332	1294	2034	156	
157176	Cerebelum_7b_L	0	0	0	0	0	0	0	0	0	0	0	0	0	0	0	0	0	0	0	0	0	0	0	0	0	0	0	0	0	0	0	0	0	0	0	0	0	0	0	0	0	0	0	0	0	0	0	0	0	0	0	0	0	0	0	0	0	0	0	0	0	0	0	0	0	0	0	0	0	0	0	0	0	0	0	0	0	0	0	0	0	0	0	0	0	0	0	0	0	0	5320	0	31370	630	0	0	184	0	802	0	0	0	30406	1568	3354	354	670	0	0	0	0	0	1344	2238	348	0	
75004	Cerebelum_7b_R	0	0	0	0	0	0	0	0	0	0	0	0	0	0	0	0	0	0	0	0	0	0	0	0	0	0	0	0	0	0	0	0	0	0	0	0	0	0	0	0	0	0	0	0	0	0	0	0	0	0	0	0	0	0	0	0	0	0	0	0	0	0	0	0	0	0	0	0	0	0	0	0	0	0	0	0	0	0	0	0	0	0	0	0	0	0	0	0	0	0	0	1124	996	14936	0	0	0	0	0	0	0	0	0	16178	0	2352	0	108	0	0	0	0	1470	338	0	0	
228940	Cerebelum_8_L	0	0	0	0	0	0	0	0	0	0	0	0	0	0	0	0	0	0	0	0	0	0	0	0	0	0	0	0	0	0	0	0	0	0	0	0	0	0	0	0	0	0	0	0	0	0	0	0	0	0	0	0	0	0	0	0	0	0	0	0	0	0	0	0	0	0	0	0	0	0	0	0	0	0	0	0	0	0	0	0	0	0	0	0	0	0	0	0	0	0	10854	396	29444	758	792	454	2490	496	2144	626	30406	0	0	5026	13178	1330	1632	0	246	536	978	422	2392	7030	2840	0	
208108	Cerebelum_8_R	0	0	0	0	0	0	0	0	0	0	0	0	0	0	0	0	0	0	0	0	0	0	0	0	0	0	0	0	0	0	0	0	0	0	0	0	0	0	0	0	0	0	0	0	0	0	0	0	0	0	0	0	0	0	0	0	0	0	0	0	0	0	0	0	0	0	0	0	0	0	0	0	0	0	0	0	0	0	0	0	0	0	0	0	0	0	0	0	0	0	298	13178	2318	30048	396	878	614	418	118	2324	1568	16178	5026	0	700	11756	0	500	0	744	464	166	5534	7348	3480	0	
95684	Cerebelum_9_L	0	0	0	0	0	0	0	0	0	0	0	0	0	0	0	0	0	0	0	0	0	0	0	0	0	0	0	0	0	0	0	0	0	0	0	0	0	0	0	0	0	0	0	0	0	0	110	0	0	0	0	0	0	0	0	0	0	0	0	0	0	0	0	0	0	0	0	0	0	0	0	0	0	0	0	0	0	0	0	0	0	0	0	0	0	0	0	0	0	0	3472	262	4256	0	1022	578	4434	1180	3176	622	3354	0	13178	700	0	730	2714	0	348	638	2506	1174	572	1196	1294	326	
106344	Cerebelum_9_R	0	0	0	0	0	0	0	0	0	0	0	0	0	0	0	0	0	0	0	0	0	0	0	0	0	0	0	0	0	0	0	0	0	0	0	0	0	0	0	0	0	0	0	0	0	0	160	0	0	0	0	0	0	0	0	0	0	0	0	0	0	0	0	0	0	0	0	0	0	0	0	0	0	0	0	0	0	0	0	0	0	0	0	0	0	0	0	0	0	0	886	1494	858	3560	304	2714	1444	1532	590	1796	354	2352	1330	11756	730	0	0	802	220	1756	2330	1674	3850	3978	5144	1558	
12972	Cerebelum_10_L	0	0	0	0	0	0	0	0	0	0	0	0	0	0	0	0	0	0	0	0	0	0	0	0	0	0	0	0	0	0	0	0	0	0	0	0	0	0	0	0	0	0	0	0	0	0	0	0	0	0	0	0	0	0	0	0	0	0	0	0	0	0	0	0	0	0	0	0	0	0	0	0	0	0	0	0	0	0	0	0	0	0	0	0	0	0	0	0	0	0	268	0	602	0	0	0	300	0	126	0	670	0	1632	0	2714	0	0	0	0	0	174	0	0	0	0	0	
3984	Cerebelum_10_R	0	0	0	0	0	0	0	0	0	0	0	0	0	0	0	0	0	0	0	0	0	0	0	0	0	0	0	0	0	0	0	0	0	0	0	0	0	0	0	0	0	0	0	0	0	0	0	0	0	0	0	0	0	0	0	0	0	0	0	0	0	0	0	0	0	0	0	0	0	0	0	0	0	0	0	0	0	0	0	0	0	0	0	0	0	0	0	0	0	0	0	224	0	236	0	0	0	0	0	122	0	108	0	500	0	802	0	0	0	0	0	0	0	0	0	0	
32120	Vermis_1_2	0	0	0	0	0	0	0	0	0	0	0	0	0	0	0	0	0	0	0	0	0	0	0	0	0	0	0	0	0	0	0	0	0	0	0	0	0	0	0	0	0	0	0	0	0	0	0	0	0	0	0	0	0	0	0	0	0	0	0	0	0	0	0	0	0	0	0	0	0	0	0	0	0	0	0	0	0	0	0	0	0	0	0	0	0	0	0	0	0	0	312	530	198	0	802	700	2274	226	212	808	0	0	246	0	348	220	0	0	0	5640	2252	560	224	174	334	0	
62812	Vermis_3	0	0	0	0	0	0	0	0	0	0	0	0	0	0	0	0	0	0	0	0	0	0	0	0	0	0	0	0	0	0	0	0	0	0	0	0	0	0	0	0	0	0	0	0	0	0	0	0	0	0	0	0	0	0	0	0	0	0	0	0	0	0	0	0	0	0	0	0	0	0	0	0	0	0	0	0	0	0	0	0	0	0	0	0	0	0	0	0	0	0	742	936	522	428	1748	3750	3424	1308	452	1322	0	0	536	744	638	1756	0	0	5640	0	3928	510	1008	936	1078	0	
259612	Vermis_4_5	0	0	0	0	0	0	0	0	0	0	0	0	0	0	0	0	0	0	0	0	0	0	0	0	0	0	0	0	0	0	0	0	0	0	614	1212	132	984	0	840	0	0	606	0	0	0	5072	4612	0	0	0	0	0	0	1228	1400	0	0	0	0	0	0	0	0	0	0	576	2002	0	0	0	0	0	0	0	0	0	130	0	0	0	0	0	0	0	0	0	0	0	0	6238	11052	2946	828	1506	2578	20692	16512	8900	15226	0	0	978	464	2506	2330	174	0	2252	3928	0	5104	1326	1086	2008	1764	
183204	Vermis_6	0	0	0	0	0	0	0	0	0	0	0	0	0	0	0	0	0	0	0	0	0	0	0	0	0	0	0	0	0	0	0	0	0	0	0	0	0	0	0	0	0	0	0	0	0	0	2754	7012	0	0	0	0	0	0	2536	268	0	0	0	0	0	0	0	0	0	0	0	0	0	0	0	0	0	0	0	0	0	0	0	0	0	0	0	0	0	0	0	0	0	0	9504	12020	2664	1058	0	322	3760	770	12090	16902	0	0	422	166	1174	1674	0	0	560	510	5104	0	5072	898	1888	2474	
150696	Vermis_7	0	0	0	0	0	0	0	0	0	0	0	0	0	0	0	0	0	0	0	0	0	0	0	0	0	0	0	0	0	0	0	0	0	0	0	0	0	0	0	0	0	0	0	0	0	0	708	654	0	0	0	0	0	0	828	0	0	0	0	0	0	0	0	0	0	0	0	0	0	0	0	0	0	0	0	0	0	0	0	0	0	0	0	0	0	0	0	0	0	0	3706	8028	5806	9606	200	1642	1058	858	2884	7332	1344	1470	2392	5534	572	3850	0	0	224	1008	1326	5072	0	5386	3860	0	
96532	Vermis_8	0	0	0	0	0	0	0	0	0	0	0	0	0	0	0	0	0	0	0	0	0	0	0	0	0	0	0	0	0	0	0	0	0	0	0	0	0	0	0	0	0	0	0	0	0	0	0	0	0	0	0	0	0	0	0	0	0	0	0	0	0	0	0	0	0	0	0	0	0	0	0	0	0	0	0	0	0	0	0	0	0	0	0	0	0	0	0	0	0	0	676	370	2894	2486	536	1336	1252	612	390	1294	2238	338	7030	7348	1196	3978	0	0	174	936	1086	898	5386	0	5500	312	
78640	Vermis_9	0	0	0	0	0	0	0	0	0	0	0	0	0	0	0	0	0	0	0	0	0	0	0	0	0	0	0	0	0	0	0	0	0	0	0	0	0	0	0	0	0	0	0	0	0	0	132	0	0	0	0	0	0	0	0	0	0	0	0	0	0	0	0	0	0	0	0	0	0	0	0	0	0	0	0	0	0	0	0	0	0	0	0	0	0	0	0	0	0	0	704	532	700	1062	468	1698	1668	914	474	2034	348	0	2840	3480	1294	5144	0	0	334	1078	2008	1888	3860	5500	0	1160	
