data	data	666432	245040	1.1421e+06	629600	202460	112492	494180	281772	130752	43744	187168	226704	238468	163968	236652	120424	283440	114108	839836	567544	113604	118912	420488	367060	50512	123584	108752	110728	670972	336980	470100	511956	244828	473216	201616	225084	299728	299220	83032	155996	33700	46292	185924	275364	186248	297384	211892	281428	144832	311360	386612	210412	116328	87816	327028	312996	265788	173928	109952	142000	202536	118844	129124	148940	179204	147820	338420	425384	370248	123412	348136	336520	279124	297800	56752	25760	222196	194880	77704	21872	224760	118476	104200	30452	277532	196772	15972	11768	275572	191140	439276	331444	288772	253836	106908	49636	339700	181532	365092	293164	246484	111768	299056	245668	175516	110452	12508	8552	30668	68244	227500	136916	188836	102488	71704	22108	
data	data	Precentral_L	Precentral_R	Frontal_Sup_L	Frontal_Sup_R	Frontal_Sup_Orb_L	Frontal_Sup_Orb_R	Frontal_Mid_L	Frontal_Mid_R	Frontal_Mid_Orb_L	Frontal_Mid_Orb_R	Frontal_Inf_Oper_L	Frontal_Inf_Oper_R	Frontal_Inf_Tri_L	Frontal_Inf_Tri_R	Frontal_Inf_Orb_L	Frontal_Inf_Orb_R	Rolandic_Oper_L	Rolandic_Oper_R	Supp_Motor_Area_L	Supp_Motor_Area_R	Olfactory_L	Olfactory_R	Frontal_Sup_Medial_L	Frontal_Sup_Medial_R	Frontal_Med_Orb_L	Frontal_Med_Orb_R	Rectus_L	Rectus_R	Insula_L	Insula_R	Cingulum_Ant_L	Cingulum_Ant_R	Cingulum_Mid_L	Cingulum_Mid_R	Cingulum_Post_L	Cingulum_Post_R	Hippocampus_L	Hippocampus_R	ParaHippocampal_L	ParaHippocampal_R	Amygdala_L	Amygdala_R	Calcarine_L	Calcarine_R	Cuneus_L	Cuneus_R	Lingual_L	Lingual_R	Occipital_Sup_L	Occipital_Sup_R	Occipital_Mid_L	Occipital_Mid_R	Occipital_Inf_L	Occipital_Inf_R	Fusiform_L	Fusiform_R	Postcentral_L	Postcentral_R	Parietal_Sup_L	Parietal_Sup_R	Parietal_Inf_L	Parietal_Inf_R	SupraMarginal_L	SupraMarginal_R	Angular_L	Angular_R	Precuneus_L	Precuneus_R	Paracentral_Lobule_L	Paracentral_Lobule_R	Caudate_L	Caudate_R	Putamen_L	Putamen_R	Pallidum_L	Pallidum_R	Thalamus_L	Thalamus_R	Heschl_L	Heschl_R	Temporal_Sup_L	Temporal_Sup_R	Temporal_Pole_Sup_L	Temporal_Pole_Sup_R	Temporal_Mid_L	Temporal_Mid_R	Temporal_Pole_Mid_L	Temporal_Pole_Mid_R	Temporal_Inf_L	Temporal_Inf_R	Cerebelum_Crus1_L	Cerebelum_Crus1_R	Cerebelum_Crus2_L	Cerebelum_Crus2_R	Cerebelum_3_L	Cerebelum_3_R	Cerebelum_4_5_L	Cerebelum_4_5_R	Cerebelum_6_L	Cerebelum_6_R	Cerebelum_7b_L	Cerebelum_7b_R	Cerebelum_8_L	Cerebelum_8_R	Cerebelum_9_L	Cerebelum_9_R	Cerebelum_10_L	Cerebelum_10_R	Vermis_1_2	Vermis_3	Vermis_4_5	Vermis_6	Vermis_7	Vermis_8	Vermis_9	Vermis_10	
666432	Precentral_L	0	2230	30486	3792	0	0	16142	600	0	0	8702	390	4152	630	0	472	11820	2726	36656	6942	0	0	248	530	0	0	0	0	18252	1394	956	2522	692	2110	6308	2678	13486	624	528	0	0	0	130	0	0	0	598	0	0	0	528	0	208	0	1718	0	23800	1240	1068	0	4392	0	456	114	972	0	2804	250	47886	388	7826	5342	9206	3650	3750	318	27300	3792	3384	186	2976	274	1036	0	140	0	0	0	1416	0	0	0	0	0	0	0	0	0	0	0	0	0	0	0	0	0	0	0	0	0	0	0	0	0	0	0	
245040	Precentral_R	2230	0	1166	7132	0	0	0	9214	0	0	0	12858	0	2756	0	242	0	3102	1822	3760	0	0	0	128	0	0	0	0	0	4918	104	240	0	214	490	2438	0	8966	0	282	0	0	0	0	0	0	0	114	0	0	0	344	0	0	0	218	0	17394	0	694	0	2508	0	5152	0	1176	0	764	2758	3280	1232	6356	0	5046	0	452	550	11218	0	0	0	546	0	0	0	448	0	0	0	208	0	0	0	0	0	0	0	0	0	0	0	0	0	0	0	0	0	0	0	0	0	0	0	0	0	0	
1.1421e+06	Frontal_Sup_L	30486	1166	0	8848	18198	138	77372	1284	12436	0	14204	410	17614	558	20192	334	17626	120	97438	18936	314	126	42838	9660	1870	668	3362	0	45052	692	26454	12572	10318	7994	478	0	2354	230	152	0	0	0	0	0	0	0	0	0	0	0	0	0	0	0	546	0	8098	154	0	0	1148	0	0	0	0	0	290	0	2354	0	16180	2626	18682	2186	4982	298	442	398	1242	0	5098	0	3210	0	142	0	0	0	482	0	0	0	0	0	0	0	0	0	0	0	0	0	0	0	0	0	0	0	0	0	0	0	0	0	0	0	
629600	Frontal_Sup_R	3792	7132	8848	0	128	5526	328	34900	0	2084	0	11322	0	5888	0	4054	0	5586	13142	36134	98	126	10554	37450	504	4984	0	1088	250	19572	9388	32564	1442	17828	176	212	0	1910	0	0	0	0	0	0	0	0	0	0	0	0	0	0	0	0	0	0	0	408	0	0	0	0	0	98	0	0	0	282	4010	0	4490	11344	128	10874	192	808	1012	3886	0	114	0	144	0	0	0	0	0	0	0	0	0	0	0	0	0	0	0	0	0	0	0	0	0	0	0	0	0	0	0	0	0	0	0	0	0	0	
202460	Frontal_Sup_Orb_L	0	0	18198	128	0	132	4528	0	14352	0	0	0	2416	0	15692	110	0	0	0	0	4588	2000	3172	210	3548	456	11564	878	5376	110	4840	680	0	0	0	0	0	0	0	0	0	0	0	0	0	0	0	0	0	0	0	0	0	0	0	0	0	0	0	0	0	0	0	0	0	0	0	0	0	0	5318	1070	676	0	0	0	0	0	0	0	0	0	1188	0	0	0	0	0	0	0	0	0	0	0	0	0	0	0	0	0	0	0	0	0	0	0	0	0	0	0	0	0	0	0	0	0	
112492	Frontal_Sup_Orb_R	0	0	138	5526	132	0	0	2694	0	5078	0	0	0	0	0	5778	0	0	0	0	272	2764	376	3544	340	8786	200	10936	0	1654	888	2996	0	0	0	0	0	98	0	0	0	456	0	0	0	0	0	0	0	0	0	0	0	0	0	0	0	0	0	0	0	0	0	0	0	0	0	0	0	0	242	1494	0	1854	0	0	0	0	0	0	0	0	0	0	0	0	0	0	0	0	0	0	0	0	0	0	0	0	0	0	0	0	0	0	0	0	0	0	0	0	0	0	0	0	0	0	
494180	Frontal_Mid_L	16142	0	77372	328	4528	0	0	0	8110	0	11102	0	34264	0	15602	0	6490	0	13958	288	0	0	9734	1138	102	0	0	0	25914	0	6336	1186	2098	470	104	0	1116	0	0	0	0	0	0	0	0	0	0	0	0	0	0	0	0	0	0	0	2052	0	0	0	130	0	0	0	0	0	136	0	284	0	716	118	2560	0	1292	0	304	0	388	0	1864	0	864	0	0	0	0	0	0	0	0	0	0	0	0	0	0	0	0	0	0	0	0	0	0	0	0	0	0	0	0	0	0	0	0	0	
281772	Frontal_Mid_R	600	9214	1284	34900	0	2694	0	0	0	3670	0	16530	0	12068	0	4192	0	5392	1864	2680	0	0	292	1922	0	0	0	0	0	12904	732	1704	172	1886	0	456	0	4040	0	246	0	0	0	0	0	0	0	100	0	0	0	0	0	0	0	208	0	1984	0	614	0	1078	0	1196	0	412	0	764	524	144	3420	1356	0	5976	0	332	0	2526	0	242	0	260	0	0	0	102	0	0	0	206	0	0	0	0	0	0	0	0	0	0	0	0	0	0	0	0	0	0	0	0	0	0	0	0	0	0	
130752	Frontal_Mid_Orb_L	0	0	12436	0	14352	0	8110	0	0	0	182	0	2538	0	19754	0	208	0	1110	0	0	0	556	0	150	0	472	0	3218	0	688	0	522	0	0	0	0	0	0	0	0	0	0	0	0	0	0	0	0	0	0	0	0	0	0	0	0	0	0	0	0	0	0	0	0	0	0	0	0	0	134	0	0	0	0	0	0	0	0	0	0	0	946	0	0	0	0	0	0	0	0	0	0	0	0	0	0	0	0	0	0	0	0	0	0	0	0	0	0	0	0	0	0	0	0	0	
43744	Frontal_Mid_Orb_R	0	0	0	2084	0	5078	0	3670	0	0	0	0	0	984	0	7536	0	0	0	0	0	0	0	0	0	880	0	1228	0	294	0	0	0	0	0	0	0	0	0	0	0	0	0	0	0	0	0	0	0	0	0	0	0	0	0	0	0	0	0	0	0	0	0	0	0	0	0	0	0	0	0	0	0	118	0	0	0	0	0	0	0	0	0	0	0	0	0	0	0	0	0	0	0	0	0	0	0	0	0	0	0	0	0	0	0	0	0	0	0	0	0	0	0	0	0	0	
187168	Frontal_Inf_Oper_L	8702	0	14204	0	0	0	11102	0	182	0	0	0	11980	0	350	0	12696	0	6550	0	0	0	848	0	0	0	0	0	15090	0	1536	416	276	0	0	0	0	0	0	0	0	0	0	0	0	0	0	0	0	0	0	0	0	0	0	0	1972	0	0	0	0	0	0	0	0	0	0	0	0	0	194	0	942	0	0	0	0	0	148	0	2804	0	3592	0	0	0	0	0	0	0	0	0	0	0	0	0	0	0	0	0	0	0	0	0	0	0	0	0	0	0	0	0	0	0	0	0	
226704	Frontal_Inf_Oper_R	390	12858	410	11322	0	0	0	16530	0	0	0	0	0	9986	0	0	0	3688	844	7496	0	0	0	114	0	0	0	0	0	22036	366	384	0	786	0	210	0	5122	0	128	0	0	0	0	0	0	0	0	0	0	0	0	0	0	0	0	0	2212	0	778	0	1334	0	1478	0	600	0	124	306	0	2082	638	0	9400	0	576	0	720	0	142	0	156	0	0	0	0	0	0	0	136	0	0	0	0	0	0	0	0	0	0	0	0	0	0	0	0	0	0	0	0	0	0	0	0	0	0	
238468	Frontal_Inf_Tri_L	4152	0	17614	0	2416	0	34264	0	2538	0	11980	0	0	0	15198	0	2078	0	2250	0	0	0	1782	102	0	0	0	0	20442	0	1480	250	420	0	0	0	0	0	0	0	0	0	0	0	0	0	0	0	0	0	0	0	0	0	0	0	0	0	0	0	0	0	0	0	0	0	0	0	0	0	0	0	270	0	0	0	0	0	0	0	864	0	1134	0	0	0	0	0	0	0	0	0	0	0	0	0	0	0	0	0	0	0	0	0	0	0	0	0	0	0	0	0	0	0	0	0	
163968	Frontal_Inf_Tri_R	630	2756	558	5888	0	0	0	12068	0	984	0	9986	0	0	0	10828	0	252	2960	5260	0	0	214	238	0	0	0	0	0	12668	464	1122	154	2756	0	0	0	2064	0	0	0	0	0	0	0	0	0	0	0	0	0	0	0	0	0	0	0	0	0	0	0	0	0	0	0	0	0	0	448	0	1492	3478	0	4136	0	342	0	238	0	0	0	0	0	0	0	0	0	0	0	0	0	0	0	0	0	0	0	0	0	0	0	0	0	0	0	0	0	0	0	0	0	0	0	0	0	0	
236652	Frontal_Inf_Orb_L	0	0	20192	0	15692	0	15602	0	19754	0	350	0	15198	0	0	0	430	0	2500	0	1382	0	2356	102	0	0	1626	0	13900	0	2786	286	1006	0	0	0	0	0	0	0	0	0	0	0	0	0	0	0	0	0	0	0	0	0	0	0	0	0	0	0	0	0	0	0	0	0	0	0	0	0	964	0	872	0	0	0	0	0	0	0	0	0	3328	0	0	0	0	0	0	0	0	0	0	0	0	0	0	0	0	0	0	0	0	0	0	0	0	0	0	0	0	0	0	0	0	0	
120424	Frontal_Inf_Orb_R	472	242	334	4054	110	5778	0	4192	0	7536	0	0	0	10828	0	0	0	0	1316	1388	252	1782	0	1102	0	876	138	2136	0	9932	156	920	0	518	0	0	0	0	0	0	0	364	0	0	0	0	0	0	0	0	0	0	0	0	0	0	0	0	0	0	0	0	0	0	0	0	0	0	376	0	544	3720	0	1146	0	0	0	0	0	0	0	0	0	0	0	0	0	0	0	0	0	0	0	0	0	0	0	0	0	0	0	0	0	0	0	0	0	0	0	0	0	0	0	0	0	0	
283440	Rolandic_Oper_L	11820	0	17626	0	0	0	6490	0	208	0	12696	0	2078	0	430	0	0	0	11978	0	0	0	1216	0	0	0	0	0	30560	0	1436	344	510	0	0	0	1932	0	0	0	0	0	0	0	0	0	0	0	0	0	470	0	0	0	488	0	9968	0	732	0	1930	0	1526	0	722	0	112	0	0	0	188	0	1418	0	156	0	0	0	4980	0	12280	0	4658	0	1128	0	0	0	1640	0	0	0	0	0	0	0	0	0	0	0	0	0	0	0	0	0	0	0	0	0	0	0	0	0	0	0	
114108	Rolandic_Oper_R	2726	3102	120	5586	0	0	0	5392	0	0	0	3688	0	252	0	0	0	0	1566	588	0	0	0	0	0	0	0	0	0	11898	0	0	0	0	0	0	0	1414	0	0	0	0	0	0	0	0	0	0	0	0	0	0	0	0	0	0	0	4700	0	0	0	0	0	3306	0	306	0	0	2628	0	214	128	0	3256	0	0	0	414	0	1446	0	3484	0	126	0	470	0	0	0	244	0	0	0	0	0	0	0	0	0	0	0	0	0	0	0	0	0	0	0	0	0	0	0	0	0	0	
839836	Supp_Motor_Area_L	36656	1822	97438	13142	0	0	13958	1864	1110	0	6550	844	2250	2960	2500	1316	11978	1566	0	44068	0	0	9332	4814	126	0	318	0	20730	1540	11346	8964	13426	21294	1860	696	1844	304	110	0	0	0	0	0	0	0	0	0	0	0	0	0	0	0	506	0	3706	778	0	0	334	120	0	154	0	0	390	208	19656	0	16522	7080	13504	3882	1620	716	6210	710	636	120	3332	180	2318	0	98	0	0	0	412	0	0	0	0	0	0	0	0	0	0	0	0	0	0	0	0	0	0	0	0	0	0	0	0	0	0	0	
567544	Supp_Motor_Area_R	6942	3760	18936	36134	0	0	288	2680	0	0	0	7496	0	5260	0	1388	0	588	44068	0	0	0	1854	7240	0	0	0	0	0	8628	1806	10684	6536	47772	1378	8340	0	1072	0	252	0	0	0	642	282	1116	0	174	0	1506	0	870	0	188	0	246	0	2750	0	0	0	0	0	0	0	338	1324	8022	7046	14250	4290	10316	1072	2956	0	1210	328	614	0	0	0	0	0	0	0	586	0	0	0	446	0	0	0	0	0	0	0	98	0	0	0	0	0	0	0	0	0	0	0	0	0	0	0	0	0	0	
113604	Olfactory_L	0	0	314	98	4588	272	0	0	0	0	0	0	0	0	1382	252	0	0	0	0	0	7092	146	0	0	458	6316	2434	3610	608	3726	3084	0	0	0	0	644	106	374	0	1038	0	0	0	0	0	0	0	0	0	0	0	0	0	472	0	0	0	0	0	0	0	0	0	0	0	0	0	0	0	10764	4218	3768	262	0	0	0	0	0	0	166	0	398	0	0	0	0	0	212	0	0	0	0	0	0	0	0	0	0	0	0	0	0	0	0	0	0	0	0	0	0	0	0	0	0	0	
118912	Olfactory_R	0	0	126	126	2000	2764	0	0	0	0	0	0	0	0	0	1782	0	0	0	0	7092	0	0	106	0	2218	4030	6222	154	2676	2402	3812	0	0	0	0	0	748	0	352	0	1050	0	0	0	0	0	0	0	0	0	0	0	0	0	190	0	0	0	0	0	0	0	0	0	0	0	0	0	0	8986	7660	3164	1336	178	110	0	172	0	0	0	0	0	0	0	0	0	0	0	0	0	0	0	0	0	0	0	0	0	0	0	0	0	0	0	0	0	0	0	0	0	0	0	0	0	0	
420488	Frontal_Sup_Medial_L	248	0	42838	10554	3172	376	9734	292	556	0	848	0	1782	214	2356	0	1216	0	9332	1854	146	0	0	27102	4072	2058	976	110	7658	0	34306	19638	14814	10168	116	0	0	0	0	0	0	0	0	0	0	0	0	0	0	0	0	0	0	0	0	0	0	0	0	0	0	0	0	0	0	0	0	0	0	0	1074	488	1320	318	0	0	0	0	0	0	304	0	204	0	0	0	0	0	0	0	0	0	0	0	0	0	0	0	0	0	0	0	0	0	0	0	0	0	0	0	0	0	0	0	0	0	
367060	Frontal_Sup_Medial_R	530	128	9660	37450	210	3544	1138	1922	0	0	0	114	102	238	102	1102	0	0	4814	7240	0	106	27102	0	1376	7736	0	1486	870	2086	14352	28792	2648	16008	194	0	0	0	0	0	0	0	0	0	0	0	0	0	0	0	0	0	0	0	0	0	0	0	0	0	0	0	0	0	0	0	0	0	506	0	464	3312	168	8030	0	0	0	0	0	0	0	0	0	0	0	0	0	0	0	0	0	0	0	0	0	0	0	0	0	0	0	0	0	0	0	0	0	0	0	0	0	0	0	0	0	0	
50512	Frontal_Med_Orb_L	0	0	1870	504	3548	340	102	0	150	0	0	0	0	0	0	0	0	0	126	0	0	0	4072	1376	0	2732	2982	436	358	0	5580	650	0	0	0	0	0	0	0	0	0	0	0	0	0	0	0	0	0	0	0	0	0	0	0	0	0	0	0	0	0	0	0	0	0	0	0	0	0	0	174	0	256	0	0	0	0	0	0	0	0	0	0	0	0	0	0	0	0	0	0	0	0	0	0	0	0	0	0	0	0	0	0	0	0	0	0	0	0	0	0	0	0	0	0	0	
123584	Frontal_Med_Orb_R	0	0	668	4984	456	8786	0	0	0	880	0	0	0	0	0	876	0	0	0	0	458	2218	2058	7736	2732	0	634	10802	98	770	5000	7828	0	0	0	0	0	0	0	0	0	222	0	0	0	0	0	0	0	0	0	0	0	0	0	0	0	0	0	0	0	0	0	0	0	0	0	0	0	0	228	1452	0	2906	0	0	0	0	0	0	0	0	0	0	0	0	0	0	0	0	0	0	0	0	0	0	0	0	0	0	0	0	0	0	0	0	0	0	0	0	0	0	0	0	0	0	
108752	Rectus_L	0	0	3362	0	11564	200	0	0	472	0	0	0	0	0	1626	138	0	0	318	0	6316	4030	976	0	2982	634	0	1862	1194	158	5576	1504	0	0	0	0	0	0	0	0	0	0	0	0	0	0	0	0	0	0	0	0	0	0	0	0	0	0	0	0	0	0	0	0	0	0	0	0	0	0	7778	2448	1238	0	0	0	0	0	0	0	0	0	0	0	0	0	0	0	0	0	0	0	0	0	0	0	0	0	0	0	0	0	0	0	0	0	0	0	0	0	0	0	0	0	0	0	
110728	Rectus_R	0	0	0	1088	878	10936	0	0	0	1228	0	0	0	0	0	2136	0	0	0	0	2434	6222	110	1486	436	10802	1862	0	0	1154	1358	5494	0	0	0	0	0	0	0	0	0	628	0	0	0	0	0	0	0	0	0	0	0	0	0	0	0	0	0	0	0	0	0	0	0	0	0	0	0	0	2318	2998	602	1194	0	0	0	0	0	0	0	0	0	0	0	0	0	0	0	0	0	0	0	0	0	0	0	0	0	0	0	0	0	0	0	0	0	0	0	0	0	0	0	0	0	0	
670972	Insula_L	18252	0	45052	250	5376	0	25914	0	3218	0	15090	0	20442	0	13900	0	30560	0	20730	0	3610	154	7658	870	358	98	1194	0	0	0	14564	2560	1222	196	1672	0	15460	0	1566	0	1952	0	0	0	0	0	158	0	0	0	260	0	0	0	4962	0	9428	0	850	0	4118	0	566	0	248	0	1646	0	440	0	2660	98	22620	0	788	0	1032	0	7942	0	12420	0	5818	0	1458	0	0	0	6056	0	0	0	0	0	0	0	0	0	0	0	0	0	0	0	0	0	0	0	0	0	0	0	0	0	0	0	
336980	Insula_R	1394	4918	692	19572	110	1654	0	12904	0	294	0	22036	0	12668	0	9932	0	11898	1540	8628	608	2676	0	2086	0	770	158	1154	0	0	574	1462	0	1326	0	280	0	7968	0	676	0	1332	0	0	0	0	0	0	0	0	0	0	0	0	0	2108	0	614	0	0	0	0	0	250	0	0	0	142	1238	0	2538	1164	0	19164	0	108	0	954	0	1144	0	5450	0	430	0	1516	0	0	0	2360	0	0	0	0	0	0	0	0	0	0	0	0	0	0	0	0	0	0	0	0	0	0	0	0	0	0	
470100	Cingulum_Ant_L	956	104	26454	9388	4840	888	6336	732	688	0	1536	366	1480	464	2786	156	1436	0	11346	1806	3726	2402	34306	14352	5580	5000	5576	1358	14564	574	0	33386	13020	4438	252	0	0	0	0	0	0	0	0	0	0	0	0	0	0	0	0	0	0	0	0	0	280	104	0	0	0	0	0	0	0	0	0	0	328	0	10306	3142	8176	2034	0	0	0	0	0	0	168	0	216	0	0	0	0	0	0	0	0	0	0	0	0	0	0	0	0	0	0	0	0	0	0	0	0	0	0	0	0	0	0	0	0	0	
511956	Cingulum_Ant_R	2522	240	12572	32564	680	2996	1186	1704	0	0	416	384	250	1122	286	920	344	0	8964	10684	3084	3812	19638	28792	650	7828	1504	5494	2560	1462	33386	0	4414	20836	136	0	0	0	0	0	0	0	0	0	0	0	0	0	0	0	0	0	0	0	0	0	0	118	0	0	0	0	0	0	0	0	0	0	2360	0	6488	18058	2038	15288	0	198	0	0	0	0	0	0	0	0	0	0	0	0	0	0	0	0	0	0	0	0	0	0	0	0	0	0	0	0	0	0	0	0	0	0	0	0	0	0	0	0	
244828	Cingulum_Mid_L	692	0	10318	1442	0	0	2098	172	522	0	276	0	420	154	1006	0	510	0	13426	6536	0	0	14814	2648	0	0	0	0	1222	0	13020	4414	0	18182	6736	1864	0	150	0	116	0	0	0	0	0	0	0	0	382	238	1750	0	0	0	0	116	482	264	212	0	158	0	0	0	98	0	7062	3638	5922	536	558	0	154	0	0	0	0	0	0	0	106	0	0	0	0	0	0	0	0	0	0	0	0	0	0	0	0	0	0	0	0	0	0	0	0	0	0	0	0	0	0	0	0	0	0	0	
473216	Cingulum_Mid_R	2110	214	7994	17828	0	0	470	1886	0	0	0	786	0	2756	0	518	0	0	21294	47772	0	0	10168	16008	0	0	0	0	196	1326	4438	20836	18182	0	2452	8998	0	1148	0	618	0	0	0	1020	252	2816	0	332	0	3300	288	1278	0	190	0	612	0	2706	0	0	0	0	0	0	0	352	3466	14958	2222	10400	712	1130	102	1006	0	0	0	140	0	0	0	0	0	0	0	640	0	0	0	416	0	0	0	0	0	0	0	272	0	0	0	0	0	0	0	0	0	0	0	0	0	0	0	0	0	0	
201616	Cingulum_Post_L	6308	490	478	176	0	0	104	0	0	0	0	0	0	0	0	0	0	0	1860	1378	0	0	116	194	0	0	0	0	1672	0	252	136	6736	2452	0	7524	10266	796	1694	0	0	0	1476	126	2830	0	930	178	1208	0	952	0	428	0	1838	0	1692	336	0	0	116	0	0	0	0	0	17044	1986	12422	782	112	1328	108	0	0	0	5064	3422	322	0	310	0	0	0	568	0	0	0	2598	0	0	0	0	0	0	0	0	0	0	0	0	0	0	0	0	0	0	0	0	0	0	0	0	0	0	0	
225084	Cingulum_Post_R	2678	2438	0	212	0	0	0	456	0	0	0	210	0	0	0	0	0	0	696	8340	0	0	0	0	0	0	0	0	0	280	0	0	1864	8998	7524	0	432	9490	0	4432	0	0	0	2076	526	888	0	3376	0	114	0	0	0	138	0	4158	0	2196	0	0	0	0	0	0	0	0	2312	16932	3842	5968	202	2490	0	406	0	0	5834	10608	0	0	0	0	0	0	0	190	0	0	0	322	0	0	0	0	0	0	0	1658	0	0	0	0	0	0	0	0	0	0	0	0	256	0	0	0	0	0	
299728	Hippocampus_L	13486	0	2354	0	0	0	1116	0	0	0	0	0	0	0	0	0	1932	0	1844	0	644	0	0	0	0	0	0	0	15460	0	0	0	0	0	10266	432	0	392	13570	0	5728	0	2008	0	0	0	3170	128	0	0	582	0	702	0	18952	0	2918	0	0	0	708	0	0	0	0	0	10638	0	5050	0	0	300	8870	0	1050	0	5572	486	4192	0	2844	0	666	0	1552	0	0	0	11414	0	172	0	0	0	0	0	196	0	330	0	0	0	0	0	0	0	0	0	0	140	0	0	0	0	0	0	
299220	Hippocampus_R	624	8966	230	1910	0	98	0	4040	0	0	0	5122	0	2064	0	0	0	1414	304	1072	106	748	0	0	0	0	0	0	0	7968	0	0	150	1148	796	9490	392	0	0	22164	0	7706	0	1734	0	266	0	6284	0	118	0	0	0	442	0	22422	0	100	0	0	0	0	0	192	0	0	132	9192	668	180	368	1250	0	12308	0	784	790	5654	0	880	0	1224	0	568	0	776	0	0	0	3724	0	0	0	0	0	0	0	2770	0	0	0	0	0	0	0	0	0	0	0	0	272	0	0	0	0	0	
83032	ParaHippocampal_L	528	0	152	0	0	0	0	0	0	0	0	0	0	0	0	0	0	0	110	0	374	0	0	0	0	0	0	0	1566	0	0	0	0	0	1694	0	13570	0	0	0	2082	0	1804	0	0	0	3908	188	0	0	218	0	0	0	7708	0	0	0	0	0	0	0	0	0	0	0	2994	0	148	0	104	0	1762	0	0	0	776	0	146	0	218	0	192	0	0	0	0	0	548	0	0	0	0	0	120	102	198	0	0	0	0	0	0	0	0	0	0	0	0	306	0	0	0	0	0	0	
155996	ParaHippocampal_R	0	282	0	0	0	0	0	246	0	0	0	128	0	0	0	0	0	0	0	252	0	352	0	0	0	0	0	0	0	676	0	0	116	618	0	4432	0	22164	0	0	0	5536	0	1064	0	184	0	5354	0	0	0	0	0	1006	0	19748	0	0	0	0	0	0	0	0	0	0	0	5544	0	138	0	286	0	762	0	0	0	1738	0	0	0	136	0	596	0	172	0	192	0	2622	0	0	0	0	0	118	0	3180	0	208	0	0	0	0	0	0	0	0	0	0	148	0	0	0	0	0	
33700	Amygdala_L	0	0	0	0	0	0	0	0	0	0	0	0	0	0	0	0	0	0	0	0	1038	0	0	0	0	0	0	0	1952	0	0	0	0	0	0	0	5728	0	2082	0	0	0	0	0	0	0	0	0	0	0	0	0	0	0	3478	0	0	0	0	0	0	0	0	0	0	0	0	0	0	0	190	0	916	0	0	0	0	0	0	0	250	0	354	0	0	0	0	0	686	0	0	0	0	0	0	0	0	0	176	0	0	0	0	0	0	0	0	0	0	0	0	0	0	0	0	0	
46292	Amygdala_R	0	0	0	0	0	456	0	0	0	0	0	0	0	0	0	364	0	0	0	0	0	1050	0	0	0	222	0	628	0	1332	0	0	0	0	0	0	0	7706	0	5536	0	0	0	0	0	0	0	0	0	0	0	0	0	0	0	3690	0	0	0	0	0	0	0	0	0	0	0	0	0	0	0	322	0	238	0	0	0	0	0	0	0	0	0	1242	0	0	0	140	0	220	0	0	0	0	0	0	0	0	0	0	0	0	0	0	0	0	0	0	0	0	0	0	0	0	0	0	
185924	Calcarine_L	130	0	0	0	0	0	0	0	0	0	0	0	0	0	0	0	0	0	0	0	0	0	0	0	0	0	0	0	0	0	0	0	0	0	1476	0	2008	0	1804	0	0	0	0	6798	12028	5476	12916	2158	7902	2166	17488	322	5750	0	1716	0	286	0	0	0	0	0	0	0	184	0	11064	584	210	0	0	0	0	0	0	0	0	0	0	0	0	0	0	0	176	0	0	0	0	0	0	0	0	0	0	0	0	0	158	0	0	0	0	0	0	0	0	0	0	0	0	162	0	0	0	0	
275364	Calcarine_R	0	0	0	0	0	0	0	0	0	0	0	0	0	0	0	0	0	0	0	642	0	0	0	0	0	0	0	0	0	0	0	0	0	1020	126	2076	0	1734	0	1064	0	0	6798	0	7060	24884	528	24002	126	21580	0	13896	0	5734	0	2822	0	164	0	0	0	0	0	0	0	370	1036	15784	0	666	0	0	0	0	0	0	0	0	0	0	0	114	0	0	0	2850	0	0	0	1958	0	0	0	0	0	0	0	306	0	0	0	0	0	0	0	0	0	0	0	0	342	0	0	0	0	0	
186248	Cuneus_L	0	0	0	0	0	0	0	0	0	0	0	0	0	0	0	0	0	0	0	282	0	0	0	0	0	0	0	0	0	0	0	0	0	252	2830	526	0	0	0	0	0	0	12028	7060	0	10050	1830	1008	21002	5062	13160	1760	406	0	0	0	1240	0	1796	0	264	0	0	0	316	0	9516	1478	584	182	0	0	0	0	0	0	0	0	0	0	0	0	0	0	394	0	0	0	98	0	0	0	0	0	0	0	0	0	0	0	0	0	0	0	0	0	0	0	0	0	0	0	0	0	0	0	
297384	Cuneus_R	0	0	0	0	0	0	0	0	0	0	0	0	0	0	0	0	0	0	0	1116	0	0	0	0	0	0	0	0	0	0	0	0	0	2816	0	888	0	266	0	184	0	0	5476	24884	10050	0	0	7464	900	38298	434	9470	0	220	0	382	0	3394	0	4970	0	0	0	0	0	290	9418	25182	0	1354	0	0	0	0	0	0	0	0	0	0	0	0	0	0	0	768	0	0	0	262	0	0	0	0	0	0	0	0	0	106	0	0	0	0	0	0	0	0	0	0	100	0	0	0	0	0	
211892	Lingual_L	598	0	0	0	0	0	0	0	0	0	0	0	0	0	0	0	0	0	0	0	0	0	0	0	0	0	0	0	158	0	0	0	0	0	930	0	3170	0	3908	0	0	0	12916	528	1830	0	0	2504	2498	0	11754	0	4780	0	14950	532	206	0	0	0	0	0	0	0	0	0	5156	0	382	0	0	0	0	0	0	0	1068	0	0	0	0	0	0	0	0	0	0	0	118	0	4904	1170	508	0	116	0	7634	1094	12468	2164	122	0	156	0	0	0	0	0	0	164	2868	3992	600	0	0	0	
281428	Lingual_R	0	114	0	0	0	0	0	100	0	0	0	0	0	0	0	0	0	0	0	174	0	0	0	0	0	0	0	0	0	0	0	0	0	332	178	3376	128	6284	188	5354	0	0	2158	24002	1008	7464	2504	0	0	11286	0	6798	0	8326	580	16200	0	0	0	0	0	0	0	0	0	0	274	11352	0	162	0	0	0	0	0	0	0	588	0	0	0	0	0	0	0	200	0	0	0	2174	1278	2320	0	0	298	514	2854	4634	2860	6012	0	0	0	0	0	0	0	0	0	344	5144	2930	222	0	0	0	
144832	Occipital_Sup_L	0	0	0	0	0	0	0	0	0	0	0	0	0	0	0	0	0	0	0	0	0	0	0	0	0	0	0	0	0	0	0	0	382	0	1208	0	0	0	0	0	0	0	7902	126	21002	900	2498	0	0	0	23780	0	994	0	0	0	1760	0	2044	148	444	0	0	0	106	0	7326	1042	754	0	0	0	0	0	0	0	0	0	0	0	0	0	0	0	0	0	0	0	0	0	0	0	0	0	0	0	0	0	0	0	0	0	0	0	0	0	0	0	0	0	0	0	0	0	0	0	
311360	Occipital_Sup_R	0	0	0	0	0	0	0	0	0	0	0	0	0	0	0	0	0	0	0	1506	0	0	0	0	0	0	0	0	0	0	0	0	238	3300	0	114	0	118	0	0	0	0	2166	21580	5062	38298	0	11286	0	0	0	19506	0	790	0	674	0	4136	0	9754	0	210	0	0	0	2850	8426	22422	0	1654	0	0	0	0	0	0	0	0	0	0	0	0	0	0	0	1016	0	0	0	358	0	0	0	0	0	0	0	0	0	216	0	0	0	0	0	0	0	0	0	0	0	0	0	0	0	0	
386612	Occipital_Mid_L	528	0	0	0	0	0	0	0	0	0	0	0	0	0	0	0	470	0	0	0	0	0	0	0	0	0	0	0	260	0	0	0	1750	288	952	0	582	0	218	0	0	0	17488	0	13160	434	11754	0	23780	0	0	0	22448	0	4990	0	4672	0	8926	0	10956	0	3430	0	19616	0	11562	1116	938	0	0	0	0	0	0	0	224	0	894	0	538	0	0	0	24044	0	0	0	6422	0	118	0	0	0	0	0	0	0	352	134	0	0	0	0	0	0	0	0	0	0	0	262	0	0	0	0	
210412	Occipital_Mid_R	0	344	0	0	0	0	0	0	0	0	0	0	0	0	0	0	0	0	0	870	0	0	0	0	0	0	0	0	0	0	0	0	0	1278	0	0	0	0	0	0	0	0	322	13896	1760	9470	0	6798	0	19506	0	0	0	5936	0	1704	0	524	0	4032	0	4500	0	1628	0	13248	230	4708	0	826	0	0	0	0	0	0	0	0	0	0	0	326	0	0	0	10454	0	0	0	2846	0	0	0	0	0	0	0	0	0	0	0	0	0	0	0	0	0	0	0	0	0	0	0	0	0	0	
116328	Occipital_Inf_L	208	0	0	0	0	0	0	0	0	0	0	0	0	0	0	0	0	0	0	0	0	0	0	0	0	0	0	0	0	0	0	0	0	0	428	0	702	0	0	0	0	0	5750	0	406	0	4780	0	994	0	22448	0	0	0	6754	0	292	0	0	0	0	0	0	0	478	0	1520	0	208	0	0	0	0	0	0	0	0	0	104	0	0	0	0	0	4236	0	0	0	5756	0	532	0	0	0	0	0	832	0	1300	0	0	0	0	0	0	0	0	0	0	0	330	106	0	0	0	0	
87816	Occipital_Inf_R	0	0	0	0	0	0	0	0	0	0	0	0	0	0	0	0	0	0	0	188	0	0	0	0	0	0	0	0	0	0	0	0	0	190	0	138	0	442	0	1006	0	0	0	5734	0	220	0	8326	0	790	0	5936	0	0	0	8394	0	0	0	0	0	0	0	0	0	210	0	2446	0	190	0	0	0	0	0	0	0	0	0	0	0	0	0	0	0	2194	0	0	0	7504	0	0	0	0	0	0	0	0	0	0	0	0	0	0	0	0	0	0	0	0	0	0	0	0	0	0	
327028	Fusiform_L	1718	0	546	0	0	0	0	0	0	0	0	0	0	0	0	0	488	0	506	0	472	0	0	0	0	0	0	0	4962	0	0	0	0	0	1838	0	18952	0	7708	0	3478	0	1716	0	0	0	14950	580	0	0	4990	0	6754	0	0	192	164	0	0	0	122	0	0	0	0	0	2556	0	962	0	0	0	2526	0	0	0	1158	0	460	0	3146	0	3422	0	1810	0	674	0	19090	0	16902	484	1140	0	0	0	10682	270	22004	938	820	0	666	0	106	0	0	0	0	0	1510	1844	208	0	0	0	
312996	Fusiform_R	0	218	0	0	0	0	0	208	0	0	0	0	0	0	0	0	0	0	0	246	0	190	0	0	0	0	0	0	0	2108	0	0	116	612	0	4158	0	22422	0	19748	0	3690	0	2822	0	382	532	16200	0	674	0	1704	0	8394	192	0	0	0	0	0	0	0	0	0	0	0	0	5478	0	140	0	278	0	938	0	0	0	1510	0	108	0	3712	0	3288	0	2212	0	790	0	13218	756	8238	0	146	0	260	1664	8762	1286	12760	0	0	0	260	0	0	0	0	0	104	3932	1940	102	0	0	0	
265788	Postcentral_L	23800	0	8098	0	0	0	2052	0	0	0	1972	0	0	0	0	0	9968	0	3706	0	0	0	0	0	0	0	0	0	9428	0	280	0	482	0	1692	0	2918	0	0	0	0	0	286	0	1240	0	206	0	1760	0	4672	0	292	0	164	0	0	0	8826	0	20748	0	7528	0	3010	0	3870	0	4754	0	138	0	980	0	310	0	398	0	3480	0	3112	0	0	0	1646	0	0	0	1078	0	0	0	0	0	0	0	0	0	0	0	0	0	0	0	0	0	0	0	0	0	0	0	0	0	0	0	
173928	Postcentral_R	1240	17394	154	408	0	0	0	1984	0	0	0	2212	0	0	0	0	0	4700	778	2750	0	0	0	0	0	0	0	0	0	614	104	118	264	2706	336	2196	0	100	0	0	0	0	0	164	0	3394	0	0	0	4136	0	524	0	0	0	0	0	0	0	4926	0	4332	0	9282	0	1484	2946	5894	1284	6386	384	0	0	116	0	0	0	0	0	158	0	1556	0	0	0	1502	0	0	0	438	0	0	0	0	0	0	0	0	0	0	0	0	0	0	0	0	0	0	0	0	0	0	0	0	0	0	
109952	Parietal_Sup_L	1068	0	0	0	0	0	0	0	0	0	0	0	0	0	0	0	732	0	0	0	0	0	0	0	0	0	0	0	850	0	0	0	212	0	0	0	0	0	0	0	0	0	0	0	1796	0	0	0	2044	0	8926	0	0	0	0	0	8826	0	0	0	13784	0	1692	0	5950	0	6544	422	224	0	0	0	0	0	0	0	0	0	102	0	240	0	0	0	1008	0	0	0	556	0	0	0	0	0	0	0	0	0	0	0	0	0	0	0	0	0	0	0	0	0	0	0	0	0	0	0	
142000	Parietal_Sup_R	0	694	0	0	0	0	0	614	0	0	0	778	0	0	0	0	0	0	0	0	0	0	0	0	0	0	0	0	0	0	0	0	0	0	0	0	0	0	0	0	0	0	0	0	0	4970	0	0	148	9754	0	4032	0	0	0	0	0	4926	0	0	0	12130	0	7108	0	9332	3858	8650	0	104	0	0	0	0	0	0	0	0	0	0	0	172	0	0	0	1818	0	0	0	1912	0	0	0	0	0	0	0	0	0	0	0	0	0	0	0	0	0	0	0	0	0	0	0	0	0	0	
202536	Parietal_Inf_L	4392	0	1148	0	0	0	130	0	0	0	0	0	0	0	0	0	1930	0	334	0	0	0	0	0	0	0	0	0	4118	0	0	0	158	0	116	0	708	0	0	0	0	0	0	0	264	0	0	0	444	0	10956	0	0	0	122	0	20748	0	13784	0	0	0	15372	0	18278	0	906	0	310	0	0	0	404	0	0	0	0	0	840	0	940	0	0	0	3708	0	0	0	1158	0	0	0	0	0	0	0	0	0	0	0	0	0	0	0	0	0	0	0	0	0	0	0	0	0	0	0	
118844	Parietal_Inf_R	0	2508	0	0	0	0	0	1078	0	0	0	1334	0	0	0	0	0	0	120	0	0	0	0	0	0	0	0	0	0	0	0	0	0	0	0	0	0	0	0	0	0	0	0	0	0	0	0	0	0	210	0	4500	0	0	0	0	0	4332	0	12130	0	0	0	14516	0	12890	0	0	0	0	152	0	0	0	0	0	0	0	0	0	0	270	0	0	0	2682	0	0	0	2700	0	0	0	0	0	0	0	0	0	0	0	0	0	0	0	0	0	0	0	0	0	0	0	0	0	0	
129124	SupraMarginal_L	456	0	0	0	0	0	0	0	0	0	0	0	0	0	0	0	1526	0	0	0	0	0	0	0	0	0	0	0	566	0	0	0	0	0	0	0	0	0	0	0	0	0	0	0	0	0	0	0	0	0	3430	0	0	0	0	0	7528	0	1692	0	15372	0	0	0	14540	0	236	0	0	0	0	0	0	0	0	0	0	0	648	0	7228	0	0	0	8288	0	0	0	3052	0	0	0	0	0	0	0	0	0	0	0	0	0	0	0	0	0	0	0	0	0	0	0	0	0	0	0	
148940	SupraMarginal_R	114	5152	0	98	0	0	0	1196	0	0	0	1478	0	0	0	0	0	3306	154	0	0	0	0	0	0	0	0	0	0	250	0	0	0	0	0	0	0	192	0	0	0	0	0	0	0	0	0	0	0	0	0	1628	0	0	0	0	0	9282	0	7108	0	14516	0	0	0	10248	0	110	122	0	170	0	0	0	0	0	0	0	0	156	0	6730	0	0	0	6456	0	0	0	6004	0	0	0	0	0	0	0	0	0	0	0	0	0	0	0	0	0	0	0	0	0	0	0	0	0	0	
179204	Angular_L	972	0	0	0	0	0	0	0	0	0	0	0	0	0	0	0	722	0	0	0	0	0	0	0	0	0	0	0	248	0	0	0	98	0	0	0	0	0	0	0	0	0	184	0	316	0	0	0	106	0	19616	0	478	0	0	0	3010	0	5950	0	18278	0	14540	0	0	0	556	0	128	0	0	0	0	0	0	0	0	0	442	0	2658	0	0	0	17316	0	0	0	3984	0	0	0	0	0	0	0	0	0	0	0	0	0	0	0	0	0	0	0	0	0	0	0	0	0	0	0	
147820	Angular_R	0	1176	0	0	0	0	0	412	0	0	0	600	0	0	0	0	0	306	0	338	0	0	0	0	0	0	0	0	0	0	0	0	0	352	0	0	0	0	0	0	0	0	0	370	0	290	0	0	0	2850	0	13248	0	210	0	0	0	1484	0	9332	0	12890	0	10248	0	0	164	1312	0	364	0	0	0	0	0	0	0	0	0	0	0	4810	0	0	0	9084	0	0	0	4070	0	0	0	0	0	0	0	0	0	0	0	0	0	0	0	0	0	0	0	0	0	0	0	0	0	0	
338420	Precuneus_L	2804	0	290	0	0	0	136	0	0	0	0	0	0	0	0	0	112	0	390	1324	0	0	0	0	0	0	0	0	1646	0	0	0	7062	3466	17044	2312	10638	132	2994	0	0	0	11064	1036	9516	9418	5156	274	7326	8426	11562	230	1520	0	2556	0	3870	2946	6544	3858	906	0	236	0	556	164	0	18688	5924	1212	0	0	106	0	0	0	1796	0	330	0	324	0	0	0	752	0	0	0	2564	0	0	0	0	0	0	0	0	0	0	0	0	0	0	0	0	0	0	0	0	0	0	0	0	0	0	0	
425384	Precuneus_R	250	764	0	282	0	0	0	764	0	0	0	124	0	0	0	0	0	0	208	8022	0	0	0	0	0	0	0	0	0	142	0	0	3638	14958	1986	16932	0	9192	0	5544	0	0	584	15784	1478	25182	0	11352	1042	22422	1116	4708	0	2446	0	5478	0	5894	422	8650	0	0	0	110	0	1312	18688	0	1020	8838	0	222	0	176	0	0	208	1906	0	0	0	168	0	0	0	4132	0	0	0	4252	0	0	0	0	0	0	0	1780	0	0	0	0	0	0	0	0	0	0	0	0	516	0	0	0	0	0	
370248	Paracentral_Lobule_L	47886	2758	2354	4010	0	0	284	524	0	0	0	306	0	448	0	376	0	2628	19656	7046	0	0	0	506	0	0	0	0	440	1238	328	2360	5922	2222	12422	3842	5050	668	148	0	0	0	210	0	584	0	382	0	754	0	938	0	208	0	962	0	4754	1284	224	0	310	0	0	122	128	0	5924	1020	0	1696	4452	5464	274	3426	2156	300	20712	4174	0	182	0	284	0	0	0	0	0	0	778	0	0	0	0	0	0	0	0	0	0	0	0	0	0	0	0	0	0	0	0	0	0	0	0	0	0	0	
123412	Paracentral_Lobule_R	388	3280	0	0	0	0	0	144	0	0	0	0	0	0	0	0	0	0	0	14250	0	0	0	0	0	0	0	0	0	0	0	0	536	10400	782	5968	0	180	0	138	0	0	0	666	182	1354	0	162	0	1654	0	826	0	190	0	140	0	6386	0	104	0	0	0	0	0	364	1212	8838	1696	0	0	170	0	0	0	0	0	256	0	0	0	0	0	0	0	856	0	0	0	584	0	0	0	0	0	0	0	0	0	0	0	0	0	0	0	0	0	0	0	0	0	0	0	0	0	0	
348136	Caudate_L	7826	1232	16180	4490	5318	242	716	3420	134	0	194	2082	0	1492	964	544	188	214	16522	4290	10764	8986	1074	464	174	228	7778	2318	2660	2538	10306	6488	558	712	112	202	0	368	104	0	190	0	0	0	0	0	0	0	0	0	0	0	0	0	0	0	138	384	0	0	0	152	0	170	0	0	0	0	4452	0	0	11844	15450	4164	3184	944	7346	3582	0	0	0	0	186	0	0	0	0	0	0	0	0	0	0	0	0	0	0	0	0	0	0	0	0	0	0	0	0	0	0	0	0	0	0	0	0	0	
336520	Caudate_R	5342	6356	2626	11344	1070	1494	118	1356	0	0	0	638	0	3478	0	3720	0	128	7080	10316	4218	7660	488	3312	0	1452	2448	2998	98	1164	3142	18058	0	1130	1328	2490	300	1250	0	286	0	322	0	0	0	0	0	0	0	0	0	0	0	0	0	278	0	0	0	0	0	0	0	0	0	0	0	222	5464	170	11844	0	3812	15110	318	2718	2084	19030	0	0	0	0	0	0	0	0	0	0	0	0	0	0	0	0	0	0	0	0	0	0	0	0	0	0	0	0	0	0	0	0	0	0	0	0	0	0	
279124	Putamen_L	9206	0	18682	128	676	0	2560	0	0	0	942	0	270	0	872	0	1418	0	13504	1072	3768	3164	1320	168	256	0	1238	602	22620	0	8176	2038	154	102	108	0	8870	0	1762	0	916	0	0	0	0	0	0	0	0	0	0	0	0	0	2526	0	980	0	0	0	404	0	0	0	0	0	106	0	274	0	15450	3812	0	580	6206	296	1716	0	184	0	776	0	370	0	0	0	0	0	1290	0	0	0	0	0	0	0	0	0	0	0	0	0	0	0	0	0	0	0	0	0	0	0	0	0	0	0	
297800	Putamen_R	3650	5046	2186	10874	0	1854	0	5976	0	118	0	9400	0	4136	0	1146	0	3256	3882	2956	262	1336	318	8030	0	2906	0	1194	0	19164	2034	15288	0	1006	0	406	0	12308	0	762	0	238	0	0	0	0	0	0	0	0	0	0	0	0	0	938	0	116	0	0	0	0	0	0	0	0	0	176	3426	0	4164	15110	580	0	0	2272	0	1814	0	0	0	150	0	0	0	0	0	0	0	422	0	0	0	0	0	0	0	0	0	0	0	0	0	0	0	0	0	0	0	0	0	0	0	0	0	0	
56752	Pallidum_L	3750	0	4982	192	0	0	1292	0	0	0	0	0	0	0	0	0	156	0	1620	0	0	178	0	0	0	0	0	0	788	0	0	0	0	0	0	0	1050	0	0	0	0	0	0	0	0	0	0	0	0	0	0	0	0	0	0	0	310	0	0	0	0	0	0	0	0	0	0	0	2156	0	3184	318	6206	0	0	0	2194	0	0	0	0	0	0	0	0	0	0	0	0	0	0	0	0	0	0	0	0	0	0	0	0	0	0	0	0	0	0	0	0	0	0	0	0	0	0	0	
25760	Pallidum_R	318	452	298	808	0	0	0	332	0	0	0	576	0	342	0	0	0	0	716	1210	0	110	0	0	0	0	0	0	0	108	0	198	0	0	0	0	0	784	0	0	0	0	0	0	0	0	0	0	0	0	0	0	0	0	0	0	0	0	0	0	0	0	0	0	0	0	0	0	300	0	944	2718	296	2272	0	0	0	98	0	0	0	0	0	0	0	0	0	0	0	0	0	0	0	0	0	0	0	0	0	0	0	0	0	0	0	0	0	0	0	0	0	0	0	0	0	0	
222196	Thalamus_L	27300	550	442	1012	0	0	304	0	0	0	0	0	0	0	0	0	0	0	6210	328	0	0	0	0	0	0	0	0	1032	0	0	0	0	0	5064	5834	5572	790	776	0	0	0	0	0	0	0	1068	0	0	0	224	0	0	0	1158	0	398	0	0	0	0	0	0	0	0	0	1796	208	20712	0	7346	2084	1716	0	2194	0	0	16348	0	0	0	0	0	0	0	0	0	0	632	0	0	0	0	0	0	0	0	0	0	0	0	0	0	0	0	0	0	0	0	0	0	0	0	0	0	0	
194880	Thalamus_R	3792	11218	398	3886	0	0	0	2526	0	0	0	720	0	238	0	0	0	414	710	614	0	172	0	0	0	0	0	0	0	954	0	0	0	140	3422	10608	486	5654	0	1738	0	0	0	0	0	0	0	588	0	0	0	0	0	0	0	1510	0	0	0	0	0	0	0	0	0	0	0	1906	4174	256	3582	19030	0	1814	0	98	16348	0	0	0	0	0	0	0	0	0	0	0	0	0	0	0	0	0	0	0	0	444	0	0	0	0	0	0	0	0	0	0	0	0	0	0	0	0	0	0	
77704	Heschl_L	3384	0	1242	0	0	0	388	0	0	0	148	0	0	0	0	0	4980	0	636	0	0	0	0	0	0	0	0	0	7942	0	0	0	0	0	322	0	4192	0	146	0	0	0	0	0	0	0	0	0	0	0	894	0	104	0	460	0	3480	0	102	0	840	0	648	0	442	0	330	0	0	0	0	0	184	0	0	0	0	0	0	0	4828	0	0	0	1798	0	0	0	1362	0	0	0	0	0	0	0	0	0	0	0	0	0	0	0	0	0	0	0	0	0	0	0	0	0	0	0	
21872	Heschl_R	186	0	0	114	0	0	0	242	0	0	0	142	0	0	0	0	0	1446	120	0	0	0	0	0	0	0	0	0	0	1144	0	0	0	0	0	0	0	880	0	0	0	0	0	0	0	0	0	0	0	0	0	0	0	0	0	108	0	158	0	0	0	0	0	156	0	0	0	0	182	0	0	0	0	0	0	0	0	0	0	0	0	3538	0	0	0	1654	0	0	0	866	0	0	0	0	0	0	0	0	0	0	0	0	0	0	0	0	0	0	0	0	0	0	0	0	0	0	
224760	Temporal_Sup_L	2976	0	5098	0	0	0	1864	0	0	0	2804	0	864	0	0	0	12280	0	3332	0	166	0	304	0	0	0	0	0	12420	0	168	0	106	0	310	0	2844	0	218	0	250	0	0	0	0	0	0	0	0	0	538	0	0	0	3146	0	3112	0	240	0	940	0	7228	0	2658	0	324	0	0	0	0	0	776	0	0	0	0	0	4828	0	0	0	5326	0	21560	0	0	0	15552	0	0	0	0	0	0	0	0	0	148	0	0	0	0	0	0	0	0	0	0	0	0	0	0	0	0	0	
118476	Temporal_Sup_R	274	546	0	144	0	0	0	260	0	0	0	156	0	0	0	0	0	3484	180	0	0	0	0	0	0	0	0	0	0	5450	0	0	0	0	0	0	0	1224	0	136	0	0	0	114	0	0	0	0	0	0	0	326	0	0	0	3712	0	1556	0	172	0	270	0	6730	0	4810	0	168	284	0	0	0	0	150	0	0	0	0	0	3538	0	0	0	1416	0	17524	0	512	0	6102	0	0	0	0	0	0	0	0	0	0	0	0	0	0	0	0	0	0	0	0	0	0	0	0	0	0	
104200	Temporal_Pole_Sup_L	1036	0	3210	0	1188	0	864	0	946	0	3592	0	1134	0	3328	0	4658	0	2318	0	398	0	204	0	0	0	0	0	5818	0	216	0	0	0	0	0	666	0	192	0	354	0	0	0	0	0	0	0	0	0	0	0	0	0	3422	0	0	0	0	0	0	0	0	0	0	0	0	0	0	0	186	0	370	0	0	0	0	0	0	0	5326	0	0	0	4906	0	2624	0	5144	0	0	0	0	0	0	0	0	0	0	0	0	0	0	0	0	0	0	0	0	0	0	0	0	0	0	0	
30452	Temporal_Pole_Sup_R	0	0	0	0	0	0	0	0	0	0	0	0	0	0	0	0	0	126	0	0	0	0	0	0	0	0	0	0	0	430	0	0	0	0	0	0	0	568	0	596	0	1242	0	0	0	0	0	0	0	0	0	0	0	0	0	3288	0	0	0	0	0	0	0	0	0	0	0	0	0	0	0	0	0	0	0	0	0	0	0	0	0	1416	0	0	0	2680	0	2488	0	2392	0	0	0	0	0	0	0	0	0	0	0	0	0	0	0	0	0	0	0	0	0	0	0	0	0	0	
277532	Temporal_Mid_L	140	0	142	0	0	0	0	0	0	0	0	0	0	0	0	0	1128	0	98	0	0	0	0	0	0	0	0	0	1458	0	0	0	0	0	568	0	1552	0	0	0	0	0	176	0	394	0	0	0	0	0	24044	0	4236	0	1810	0	1646	0	1008	0	3708	0	8288	0	17316	0	752	0	0	0	0	0	0	0	0	0	0	0	1798	0	21560	0	4906	0	0	0	2360	0	39678	0	0	0	0	0	0	0	0	0	0	0	0	0	0	0	0	0	0	0	0	0	0	0	0	0	0	0	
196772	Temporal_Mid_R	0	448	0	0	0	0	0	102	0	0	0	0	0	0	0	0	0	470	0	586	0	0	0	0	0	0	0	0	0	1516	0	0	0	640	0	190	0	776	0	172	0	0	0	2850	0	768	0	200	0	1016	0	10454	0	2194	0	2212	0	1502	0	1818	0	2682	0	6456	0	9084	0	4132	0	856	0	0	0	0	0	0	0	0	0	1654	0	17524	0	2680	0	0	0	1076	0	24328	0	0	0	0	0	0	0	0	0	0	0	0	0	0	0	0	0	0	0	0	0	0	0	0	0	0	
15972	Temporal_Pole_Mid_L	0	0	0	0	0	0	0	0	0	0	0	0	0	0	0	0	0	0	0	0	0	0	0	0	0	0	0	0	0	0	0	0	0	0	0	0	0	0	0	0	0	0	0	0	0	0	0	0	0	0	0	0	0	0	674	0	0	0	0	0	0	0	0	0	0	0	0	0	0	0	0	0	0	0	0	0	0	0	0	0	0	0	2624	0	2360	0	0	0	2328	0	0	0	0	0	0	0	0	0	0	0	0	0	0	0	0	0	0	0	0	0	0	0	0	0	0	0	
11768	Temporal_Pole_Mid_R	0	0	0	0	0	0	0	0	0	0	0	0	0	0	0	0	0	0	0	0	0	0	0	0	0	0	0	0	0	0	0	0	0	0	0	0	0	0	0	192	0	140	0	0	0	0	0	0	0	0	0	0	0	0	0	790	0	0	0	0	0	0	0	0	0	0	0	0	0	0	0	0	0	0	0	0	0	0	0	0	0	512	0	2488	0	1076	0	0	0	686	0	0	0	0	0	0	0	0	0	0	0	0	0	0	0	0	0	0	0	0	0	0	0	0	0	0	
275572	Temporal_Inf_L	1416	0	482	0	0	0	0	0	0	0	0	0	0	0	0	0	1640	0	412	0	212	0	0	0	0	0	0	0	6056	0	0	0	0	0	2598	0	11414	0	548	0	686	0	0	0	98	0	118	0	0	0	6422	0	5756	0	19090	0	1078	0	556	0	1158	0	3052	0	3984	0	2564	0	778	0	0	0	1290	0	0	0	632	0	1362	0	15552	0	5144	0	39678	0	2328	0	0	0	1356	0	0	0	0	0	0	0	326	0	0	0	0	0	0	0	0	0	0	0	0	0	0	0	0	0	
191140	Temporal_Inf_R	0	208	0	0	0	0	0	206	0	0	0	136	0	0	0	0	0	244	0	446	0	0	0	0	0	0	0	0	0	2360	0	0	0	416	0	322	0	3724	0	2622	0	220	0	1958	0	262	0	2174	0	358	0	2846	0	7504	0	13218	0	438	0	1912	0	2700	0	6004	0	4070	0	4252	0	584	0	0	0	422	0	0	0	0	0	866	0	6102	0	2392	0	24328	0	686	0	0	0	904	0	170	0	0	0	146	0	370	0	0	0	0	0	0	0	0	0	0	0	0	0	0	0	0	
439276	Cerebelum_Crus1_L	0	0	0	0	0	0	0	0	0	0	0	0	0	0	0	0	0	0	0	0	0	0	0	0	0	0	0	0	0	0	0	0	0	0	0	0	172	0	0	0	0	0	0	0	0	0	4904	1278	0	0	118	0	532	0	16902	756	0	0	0	0	0	0	0	0	0	0	0	0	0	0	0	0	0	0	0	0	0	0	0	0	0	0	0	0	0	0	0	0	1356	0	0	4072	31150	4734	3372	372	27208	1074	48982	2800	17934	872	16926	2454	4800	660	614	142	276	622	7420	6478	8456	1560	642	0	
331444	Cerebelum_Crus1_R	0	0	0	0	0	0	0	0	0	0	0	0	0	0	0	0	0	0	0	0	0	0	0	0	0	0	0	0	0	0	0	0	0	0	0	0	0	0	0	0	0	0	0	0	0	0	1170	2320	0	0	0	0	0	0	484	8238	0	0	0	0	0	0	0	0	0	0	0	0	0	0	0	0	0	0	0	0	0	0	0	0	0	0	0	0	0	0	0	0	0	904	4072	0	1476	24868	954	2892	3556	14768	2674	41990	552	5706	1404	17520	1266	2194	116	200	106	1890	8822	5684	7950	1048	898	0	
288772	Cerebelum_Crus2_L	0	0	0	0	0	0	0	0	0	0	0	0	0	0	0	0	0	0	0	0	0	0	0	0	0	0	0	0	0	0	0	0	0	0	0	0	0	0	0	0	0	0	0	0	0	0	508	0	0	0	0	0	0	0	1140	0	0	0	0	0	0	0	0	0	0	0	0	0	0	0	0	0	0	0	0	0	0	0	0	0	0	0	0	0	0	0	0	0	0	0	31150	1476	0	5372	604	122	3644	142	7216	396	40198	2884	29436	2382	6472	0	392	0	0	152	1222	844	5700	2934	0	0	
253836	Cerebelum_Crus2_R	0	0	0	0	0	0	0	0	0	0	0	0	0	0	0	0	0	0	0	0	0	0	0	0	0	0	0	0	0	0	0	0	0	0	0	0	0	0	0	0	0	0	0	0	0	0	0	0	0	0	0	0	0	0	0	146	0	0	0	0	0	0	0	0	0	0	0	0	0	0	0	0	0	0	0	0	0	0	0	0	0	0	0	0	0	0	0	0	0	170	4734	24868	5372	0	2358	196	2090	340	546	2732	3728	17994	6606	28072	4202	3508	138	318	0	110	166	540	11908	4958	1118	0	
106908	Cerebelum_3_L	0	0	0	0	0	0	0	0	0	0	0	0	0	0	0	0	0	0	0	0	0	0	0	0	0	0	0	0	0	0	0	0	0	0	0	0	0	0	120	0	0	0	0	0	0	0	116	298	0	0	0	0	0	0	0	0	0	0	0	0	0	0	0	0	0	0	0	0	0	0	0	0	0	0	0	0	0	0	0	0	0	0	0	0	0	0	0	0	0	0	3372	954	604	2358	0	630	10368	358	2616	778	462	204	1872	2770	5176	2060	100	256	1792	3708	3812	1144	3542	1520	2084	380	
49636	Cerebelum_3_R	0	0	0	0	0	0	0	0	0	0	0	0	0	0	0	0	0	0	0	0	0	0	0	0	0	0	0	0	0	0	0	0	0	0	0	0	0	0	102	118	0	0	0	0	0	0	0	514	0	0	0	0	0	0	0	260	0	0	0	0	0	0	0	0	0	0	0	0	0	0	0	0	0	0	0	0	0	0	0	0	0	0	0	0	0	0	0	0	0	0	372	2892	122	196	630	0	936	3692	390	5026	0	0	134	496	152	1066	0	0	598	3332	1278	492	704	634	682	0	
339700	Cerebelum_4_5_L	0	0	0	0	0	0	0	0	0	0	0	0	0	0	0	0	0	0	0	0	0	0	0	0	0	0	0	0	0	0	0	0	0	0	0	0	196	0	198	0	0	0	0	0	0	0	7634	2854	0	0	0	0	832	0	10682	1664	0	0	0	0	0	0	0	0	0	0	0	0	0	0	0	0	0	0	0	0	0	0	0	0	0	0	0	0	0	0	0	0	0	0	27208	3556	3644	2090	10368	936	0	4034	34636	4974	3416	136	5616	1996	5722	1520	196	128	1876	3740	19316	3924	3136	748	1702	1172	
181532	Cerebelum_4_5_R	0	0	0	0	0	0	0	0	0	0	0	0	0	0	0	0	0	0	0	98	0	0	0	0	0	0	0	0	0	0	0	0	0	272	0	1658	0	2770	0	3180	0	0	0	306	0	0	1094	4634	0	0	0	0	0	0	270	8762	0	0	0	0	0	0	0	0	0	0	0	1780	0	0	0	0	0	0	0	0	0	444	0	0	0	0	0	0	0	0	0	0	0	146	1074	14768	142	340	358	3692	4034	0	1616	22986	136	0	174	698	172	298	0	0	0	1778	11740	306	590	210	240	0	
365092	Cerebelum_6_L	0	0	0	0	0	0	0	0	0	0	0	0	0	0	0	0	0	0	0	0	0	0	0	0	0	0	0	0	0	0	0	0	0	0	0	0	330	0	0	0	176	0	158	0	0	0	12468	2860	0	0	352	0	1300	0	22004	1286	0	0	0	0	0	0	0	0	0	0	0	0	0	0	0	0	0	0	0	0	0	0	0	0	148	0	0	0	0	0	0	0	326	0	48982	2674	7216	546	2616	390	34636	1616	0	4640	5106	0	5446	194	2058	136	218	0	316	902	10916	10332	1878	116	204	0	
293164	Cerebelum_6_R	0	0	0	0	0	0	0	0	0	0	0	0	0	0	0	0	0	0	0	0	0	0	0	0	0	0	0	0	0	0	0	0	0	0	0	0	0	0	0	208	0	0	0	0	0	106	2164	6012	0	216	134	0	0	0	938	12760	0	0	0	0	0	0	0	0	0	0	0	0	0	0	0	0	0	0	0	0	0	0	0	0	0	0	0	0	0	0	0	0	0	370	2800	41990	396	2732	778	5026	4974	22986	4640	0	182	316	238	4144	316	1436	0	130	366	2704	12904	8864	3684	922	1146	0	
246484	Cerebelum_7b_L	0	0	0	0	0	0	0	0	0	0	0	0	0	0	0	0	0	0	0	0	0	0	0	0	0	0	0	0	0	0	0	0	0	0	0	0	0	0	0	0	0	0	0	0	0	0	122	0	0	0	0	0	0	0	820	0	0	0	0	0	0	0	0	0	0	0	0	0	0	0	0	0	0	0	0	0	0	0	0	0	0	0	0	0	0	0	0	0	0	0	17934	552	40198	3728	462	0	3416	136	5106	182	0	1978	30880	1728	7462	0	520	0	0	118	1248	0	3830	2822	0	0	
111768	Cerebelum_7b_R	0	0	0	0	0	0	0	0	0	0	0	0	0	0	0	0	0	0	0	0	0	0	0	0	0	0	0	0	0	0	0	0	0	0	0	0	0	0	0	0	0	0	0	0	0	0	0	0	0	0	0	0	0	0	0	0	0	0	0	0	0	0	0	0	0	0	0	0	0	0	0	0	0	0	0	0	0	0	0	0	0	0	0	0	0	0	0	0	0	0	872	5706	2884	17994	204	0	136	0	0	316	1978	0	2066	16454	388	2320	0	0	0	0	0	0	2632	1794	140	0	
299056	Cerebelum_8_L	0	0	0	0	0	0	0	0	0	0	0	0	0	0	0	0	0	0	0	0	0	0	0	0	0	0	0	0	0	0	0	0	0	0	0	0	0	0	0	0	0	0	0	0	0	0	156	0	0	0	0	0	0	0	666	0	0	0	0	0	0	0	0	0	0	0	0	0	0	0	0	0	0	0	0	0	0	0	0	0	0	0	0	0	0	0	0	0	0	0	16926	1404	29436	6606	1872	134	5616	174	5446	238	30880	2066	0	5234	22460	1488	1338	114	114	280	1752	0	7294	6336	1498	0	
245668	Cerebelum_8_R	0	0	0	0	0	0	0	0	0	0	0	0	0	0	0	0	0	0	0	0	0	0	0	0	0	0	0	0	0	0	0	0	0	0	0	0	0	0	0	0	0	0	0	0	0	0	0	0	0	0	0	0	0	0	0	260	0	0	0	0	0	0	0	0	0	0	0	0	0	0	0	0	0	0	0	0	0	0	0	0	0	0	0	0	0	0	0	0	0	0	2454	17520	2382	28072	2770	496	1996	698	194	4144	1728	16454	5234	0	4532	16192	0	588	0	306	206	376	8646	5360	2226	0	
175516	Cerebelum_9_L	0	0	0	0	0	0	0	0	0	0	0	0	0	0	0	0	0	0	0	0	0	0	0	0	0	0	0	0	0	0	0	0	0	0	0	0	0	0	0	0	0	0	0	0	0	0	0	0	0	0	0	0	0	0	106	0	0	0	0	0	0	0	0	0	0	0	0	0	0	0	0	0	0	0	0	0	0	0	0	0	0	0	0	0	0	0	0	0	0	0	4800	1266	6472	4202	5176	152	5722	172	2058	316	7462	388	22460	4532	0	2860	2302	280	392	612	1646	1392	6112	3138	3006	734	
110452	Cerebelum_9_R	0	0	0	0	0	0	0	0	0	0	0	0	0	0	0	0	0	0	0	0	0	0	0	0	0	0	0	0	0	0	0	0	0	0	0	0	0	0	0	0	0	0	0	0	0	0	0	0	0	0	0	0	0	0	0	0	0	0	0	0	0	0	0	0	0	0	0	0	0	0	0	0	0	0	0	0	0	0	0	0	0	0	0	0	0	0	0	0	0	0	660	2194	0	3508	2060	1066	1520	298	136	1436	0	2320	1488	16192	2860	0	0	1170	694	972	884	1732	3612	4090	4998	1336	
12508	Cerebelum_10_L	0	0	0	0	0	0	0	0	0	0	0	0	0	0	0	0	0	0	0	0	0	0	0	0	0	0	0	0	0	0	0	0	0	0	0	0	0	0	0	0	0	0	0	0	0	0	0	0	0	0	0	0	0	0	0	0	0	0	0	0	0	0	0	0	0	0	0	0	0	0	0	0	0	0	0	0	0	0	0	0	0	0	0	0	0	0	0	0	0	0	614	116	392	138	100	0	196	0	218	0	520	0	1338	0	2302	0	0	0	0	0	0	0	320	0	0	0	
8552	Cerebelum_10_R	0	0	0	0	0	0	0	0	0	0	0	0	0	0	0	0	0	0	0	0	0	0	0	0	0	0	0	0	0	0	0	0	0	0	0	0	0	0	0	0	0	0	0	0	0	0	0	0	0	0	0	0	0	0	0	0	0	0	0	0	0	0	0	0	0	0	0	0	0	0	0	0	0	0	0	0	0	0	0	0	0	0	0	0	0	0	0	0	0	0	142	200	0	318	256	0	128	0	0	130	0	0	114	588	280	1170	0	0	0	0	0	0	450	232	268	0	
30668	Vermis_1_2	0	0	0	0	0	0	0	0	0	0	0	0	0	0	0	0	0	0	0	0	0	0	0	0	0	0	0	0	0	0	0	0	0	0	0	0	0	0	0	0	0	0	0	0	0	0	0	0	0	0	0	0	0	0	0	0	0	0	0	0	0	0	0	0	0	0	0	0	0	0	0	0	0	0	0	0	0	0	0	0	0	0	0	0	0	0	0	0	0	0	276	106	0	0	1792	598	1876	0	316	366	0	0	114	0	392	694	0	0	0	4092	2076	942	128	252	910	404	
68244	Vermis_3	0	0	0	0	0	0	0	0	0	0	0	0	0	0	0	0	0	0	0	0	0	0	0	0	0	0	0	0	0	0	0	0	0	0	0	0	140	0	306	0	0	0	0	0	0	0	164	344	0	0	0	0	0	0	0	104	0	0	0	0	0	0	0	0	0	0	0	0	0	0	0	0	0	0	0	0	0	0	0	0	0	0	0	0	0	0	0	0	0	0	622	1890	152	110	3708	3332	3740	1778	902	2704	118	0	280	306	612	972	0	0	4092	0	4402	1170	294	378	1064	438	
227500	Vermis_4_5	0	0	0	0	0	0	0	0	0	0	0	0	0	0	0	0	0	0	0	0	0	0	0	0	0	0	0	0	0	0	0	0	0	0	0	256	0	272	0	148	0	0	0	342	0	100	2868	5144	0	0	0	0	330	0	1510	3932	0	0	0	0	0	0	0	0	0	0	0	516	0	0	0	0	0	0	0	0	0	0	0	0	0	0	0	0	0	0	0	0	0	0	7420	8822	1222	166	3812	1278	19316	11740	10916	12904	1248	0	1752	206	1646	884	0	0	2076	4402	0	4852	316	158	1380	1816	
136916	Vermis_6	0	0	0	0	0	0	0	0	0	0	0	0	0	0	0	0	0	0	0	0	0	0	0	0	0	0	0	0	0	0	0	0	0	0	0	0	0	0	0	0	0	0	162	0	0	0	3992	2930	0	0	262	0	106	0	1844	1940	0	0	0	0	0	0	0	0	0	0	0	0	0	0	0	0	0	0	0	0	0	0	0	0	0	0	0	0	0	0	0	0	0	0	6478	5684	844	540	1144	492	3924	306	10332	8864	0	0	0	376	1392	1732	0	0	942	1170	4852	0	2600	984	2320	2246	
188836	Vermis_7	0	0	0	0	0	0	0	0	0	0	0	0	0	0	0	0	0	0	0	0	0	0	0	0	0	0	0	0	0	0	0	0	0	0	0	0	0	0	0	0	0	0	0	0	0	0	600	222	0	0	0	0	0	0	208	102	0	0	0	0	0	0	0	0	0	0	0	0	0	0	0	0	0	0	0	0	0	0	0	0	0	0	0	0	0	0	0	0	0	0	8456	7950	5700	11908	3542	704	3136	590	1878	3684	3830	2632	7294	8646	6112	3612	320	450	128	294	316	2600	0	6004	3232	268	
