data	data	455848	290088	887796	1.14648e+06	91852	76828	414432	245472	88512	38044	238496	288708	291212	154776	203100	116584	237376	170376	855116	884064	75508	82348	286420	319296	25392	88992	43688	35336	552220	528212	249800	462556	101520	421480	147192	188464	212732	269856	54608	152108	34624	65464	204352	328276	184592	308456	220004	268748	197780	281244	472088	270236	188548	134664	289924	332328	352672	203280	180560	68444	202596	82496	118140	108108	101652	85692	246720	361912	227864	159544	251036	523148	388584	592244	65652	50664	126604	228364	76408	52120	229672	144728	71412	47688	306964	251068	16580	26904	333820	218132	356836	394468	261912	293200	22832	48732	230752	179572	378100	374124	181964	95176	240724	176540	92256	103136	39132	48468	32468	78868	197616	161220	212384	124072	86860	43676	
data	data	Precentral_L	Precentral_R	Frontal_Sup_L	Frontal_Sup_R	Frontal_Sup_Orb_L	Frontal_Sup_Orb_R	Frontal_Mid_L	Frontal_Mid_R	Frontal_Mid_Orb_L	Frontal_Mid_Orb_R	Frontal_Inf_Oper_L	Frontal_Inf_Oper_R	Frontal_Inf_Tri_L	Frontal_Inf_Tri_R	Frontal_Inf_Orb_L	Frontal_Inf_Orb_R	Rolandic_Oper_L	Rolandic_Oper_R	Supp_Motor_Area_L	Supp_Motor_Area_R	Olfactory_L	Olfactory_R	Frontal_Sup_Medial_L	Frontal_Sup_Medial_R	Frontal_Med_Orb_L	Frontal_Med_Orb_R	Rectus_L	Rectus_R	Insula_L	Insula_R	Cingulum_Ant_L	Cingulum_Ant_R	Cingulum_Mid_L	Cingulum_Mid_R	Cingulum_Post_L	Cingulum_Post_R	Hippocampus_L	Hippocampus_R	ParaHippocampal_L	ParaHippocampal_R	Amygdala_L	Amygdala_R	Calcarine_L	Calcarine_R	Cuneus_L	Cuneus_R	Lingual_L	Lingual_R	Occipital_Sup_L	Occipital_Sup_R	Occipital_Mid_L	Occipital_Mid_R	Occipital_Inf_L	Occipital_Inf_R	Fusiform_L	Fusiform_R	Postcentral_L	Postcentral_R	Parietal_Sup_L	Parietal_Sup_R	Parietal_Inf_L	Parietal_Inf_R	SupraMarginal_L	SupraMarginal_R	Angular_L	Angular_R	Precuneus_L	Precuneus_R	Paracentral_Lobule_L	Paracentral_Lobule_R	Caudate_L	Caudate_R	Putamen_L	Putamen_R	Pallidum_L	Pallidum_R	Thalamus_L	Thalamus_R	Heschl_L	Heschl_R	Temporal_Sup_L	Temporal_Sup_R	Temporal_Pole_Sup_L	Temporal_Pole_Sup_R	Temporal_Mid_L	Temporal_Mid_R	Temporal_Pole_Mid_L	Temporal_Pole_Mid_R	Temporal_Inf_L	Temporal_Inf_R	Cerebelum_Crus1_L	Cerebelum_Crus1_R	Cerebelum_Crus2_L	Cerebelum_Crus2_R	Cerebelum_3_L	Cerebelum_3_R	Cerebelum_4_5_L	Cerebelum_4_5_R	Cerebelum_6_L	Cerebelum_6_R	Cerebelum_7b_L	Cerebelum_7b_R	Cerebelum_8_L	Cerebelum_8_R	Cerebelum_9_L	Cerebelum_9_R	Cerebelum_10_L	Cerebelum_10_R	Vermis_1_2	Vermis_3	Vermis_4_5	Vermis_6	Vermis_7	Vermis_8	Vermis_9	Vermis_10	
455848	Precentral_L	0	984	18404	1764	0	0	12748	240	0	0	12830	0	5256	0	0	114	9836	0	18052	2302	0	0	0	0	0	0	0	0	11142	888	530	0	310	292	236	0	6238	206	0	0	0	0	148	0	0	0	122	0	0	0	6306	0	4180	0	1086	0	36712	0	342	0	5544	0	1604	0	778	0	264	0	20464	294	196	1080	7118	1368	1496	0	10146	2316	4608	0	4710	0	104	0	7934	0	0	0	6632	0	0	0	0	0	0	0	0	0	0	0	0	0	0	0	0	0	0	0	0	0	0	0	0	0	0	0	
290088	Precentral_R	984	0	204	16674	0	0	122	15214	0	0	0	11648	0	1688	0	0	0	4134	2150	9090	0	0	0	178	0	0	0	0	0	3402	0	0	196	3308	1464	950	0	3774	0	420	0	144	168	140	0	606	0	0	0	760	862	712	136	0	0	378	420	19594	194	128	0	2824	0	3938	144	128	378	1376	2204	11520	278	2388	96	3444	0	1090	720	8852	0	708	0	1054	0	0	266	2070	0	0	100	1624	0	0	0	0	0	0	0	0	0	0	0	0	0	0	0	0	0	0	0	0	0	0	0	0	0	0	
887796	Frontal_Sup_L	18404	204	0	13964	6658	0	62500	242	5120	0	15034	286	19234	134	9542	242	11036	118	95304	15430	0	0	44876	898	1322	274	1734	0	28420	996	19666	3352	3514	2154	0	0	3036	0	0	0	0	0	0	0	0	0	0	0	0	0	0	0	0	0	704	0	6830	0	0	0	978	0	446	0	144	0	0	0	1832	0	4884	2092	24958	1666	4156	0	1868	164	1010	0	4846	0	2506	0	112	0	0	0	1008	0	0	0	0	0	0	0	0	0	0	0	0	0	0	0	0	0	0	0	0	0	0	0	0	0	0	0	
1.14648e+06	Frontal_Sup_R	1764	16674	13964	0	0	2822	1240	31214	160	1654	722	19014	706	9550	2890	7694	256	13702	26452	93646	0	0	7960	40268	0	4506	0	0	4980	37606	4148	40202	952	28572	116	372	472	1160	0	444	0	542	0	0	0	0	0	0	0	0	0	0	0	0	0	198	194	4810	0	0	0	372	0	460	0	0	0	116	3274	416	8970	41202	7972	45294	1392	5080	3624	30484	0	1632	252	330	98	544	0	0	0	0	0	102	0	0	0	0	0	0	0	0	0	0	0	0	0	0	0	0	0	0	0	0	0	0	0	0	0	0	
91852	Frontal_Sup_Orb_L	0	0	6658	0	0	0	634	0	10044	0	0	0	214	0	6536	0	0	0	116	0	776	0	1412	0	2762	0	5658	0	1966	0	2612	0	0	0	0	0	0	0	0	0	202	0	0	0	0	0	0	0	0	0	0	0	0	0	0	0	0	0	0	0	0	0	0	0	0	0	0	0	0	0	376	0	5734	0	0	0	0	0	0	0	0	0	226	0	0	0	0	0	0	0	0	0	0	0	0	0	0	0	0	0	0	0	0	0	0	0	0	0	0	0	0	0	0	0	0	0	
76828	Frontal_Sup_Orb_R	0	0	0	2822	0	0	0	1738	0	5012	0	0	0	0	0	3044	0	0	0	0	150	588	196	892	448	7076	0	4482	0	392	0	610	0	0	0	0	0	0	0	0	0	0	0	0	0	0	0	0	0	0	0	0	0	0	0	0	0	0	0	0	0	0	0	0	0	0	0	0	0	0	150	4372	144	6298	0	0	0	0	0	0	0	0	0	0	0	0	0	0	0	0	0	0	0	0	0	0	0	0	0	0	0	0	0	0	0	0	0	0	0	0	0	0	0	0	0	0	
414432	Frontal_Mid_L	12748	122	62500	1240	634	0	0	0	4440	0	10578	0	27392	0	12182	0	1010	0	16196	1158	0	0	20928	140	0	0	0	0	13728	418	5864	346	2098	0	0	0	1386	0	0	0	0	0	0	0	0	0	0	0	0	0	0	0	0	0	100	0	1004	0	0	0	204	0	166	0	0	0	0	0	682	0	422	450	4498	744	1028	0	1470	0	124	0	636	0	464	0	0	0	0	0	116	0	0	0	0	0	0	0	0	0	0	0	0	0	0	0	0	0	0	0	0	0	0	0	0	0	0	0	
245472	Frontal_Mid_R	240	15214	242	31214	0	1738	0	0	0	1444	0	11304	0	9534	0	4356	0	2780	1132	2794	0	0	472	4446	0	0	0	0	116	9298	0	2712	0	3124	0	0	0	416	0	0	0	0	0	0	0	0	0	0	0	0	0	0	0	0	0	0	154	4090	0	0	0	1378	0	1484	0	0	0	0	0	0	480	3130	0	2470	0	3352	98	2736	0	658	0	0	0	0	0	0	0	0	0	130	0	0	0	0	0	0	0	0	0	0	0	0	0	0	0	0	0	0	0	0	0	0	0	0	0	0	
88512	Frontal_Mid_Orb_L	0	0	5120	160	10044	0	4440	0	0	0	0	0	1842	0	15596	0	0	0	242	160	0	0	0	0	0	0	584	0	2612	0	128	0	0	0	0	0	0	0	0	0	0	0	0	0	0	0	0	0	0	0	0	0	0	0	0	0	0	0	0	0	0	0	0	0	0	0	0	0	0	0	116	0	2956	0	0	0	0	0	0	0	0	0	256	0	0	0	0	0	0	0	0	0	0	0	0	0	0	0	0	0	0	0	0	0	0	0	0	0	0	0	0	0	0	0	0	0	
38044	Frontal_Mid_Orb_R	0	0	0	1654	0	5012	0	1444	0	0	0	0	0	0	0	7144	0	0	0	0	0	122	0	0	0	0	0	302	0	534	0	0	0	0	0	0	0	0	0	0	0	0	0	0	0	0	0	0	0	0	0	0	0	0	0	0	0	0	0	0	0	0	0	0	0	0	0	0	0	0	0	782	0	2028	0	0	0	0	0	0	0	0	0	0	0	0	0	0	0	0	0	0	0	0	0	0	0	0	0	0	0	0	0	0	0	0	0	0	0	0	0	0	0	0	0	0	
238496	Frontal_Inf_Oper_L	12830	0	15034	722	0	0	10578	0	0	0	0	112	17948	134	526	106	9870	0	14026	492	0	0	394	186	0	0	0	0	17244	210	1714	462	0	0	0	0	1070	0	0	0	0	0	0	0	0	0	0	0	0	0	0	0	0	0	426	0	2442	0	0	0	312	0	134	0	0	0	0	0	0	0	244	272	1616	188	0	0	96	0	704	0	5022	0	3620	0	0	0	0	0	514	0	0	0	0	0	0	0	0	0	0	0	0	0	0	0	0	0	0	0	0	0	0	0	0	0	0	0	
288708	Frontal_Inf_Oper_R	0	11648	286	19014	0	0	0	11304	0	0	112	0	118	13428	0	896	0	7556	1970	12582	0	0	342	2232	0	198	0	0	300	29314	672	4130	0	5616	0	0	0	1290	0	532	0	0	0	0	0	0	0	0	0	0	0	0	0	0	0	364	0	2900	0	0	0	260	0	560	0	0	0	0	0	0	1518	4634	768	6328	0	1084	0	442	0	424	0	624	0	718	0	0	0	0	0	190	0	0	0	0	0	0	0	0	0	0	0	0	0	0	0	0	0	0	0	0	0	0	0	0	0	0	
291212	Frontal_Inf_Tri_L	5256	0	19234	706	214	0	27392	0	1842	0	17948	118	0	136	17712	110	2396	0	10050	444	0	0	3760	202	0	0	0	0	27944	202	4194	482	116	0	0	0	162	0	0	0	0	0	0	0	0	0	0	0	0	0	0	0	0	0	0	0	826	0	0	0	0	0	0	0	0	0	0	0	0	0	562	300	1800	192	0	0	0	0	0	0	744	0	562	0	0	0	0	0	0	0	0	0	0	0	0	0	0	0	0	0	0	0	0	0	0	0	0	0	0	0	0	0	0	0	0	0	
154776	Frontal_Inf_Tri_R	0	1688	134	9550	0	0	0	9534	0	0	134	13428	136	0	0	3602	0	1108	832	5890	0	0	282	3050	0	424	0	0	128	12016	516	4672	0	3734	0	0	0	0	0	0	0	0	0	0	0	0	0	0	0	0	0	0	0	0	0	0	0	272	0	0	0	0	0	0	0	0	0	0	0	0	716	3806	248	1488	0	0	0	0	0	0	0	0	0	0	0	0	0	0	0	0	0	0	0	0	0	0	0	0	0	0	0	0	0	0	0	0	0	0	0	0	0	0	0	0	0	0	
203100	Frontal_Inf_Orb_L	0	0	9542	2890	6536	0	12182	0	15596	0	526	0	17712	0	0	104	0	0	2498	2778	740	0	512	162	0	0	446	0	17652	100	746	312	0	1588	0	0	108	0	0	0	288	0	0	0	0	0	0	0	0	0	0	0	0	0	0	0	0	0	0	0	0	0	0	0	0	0	0	0	0	0	1322	392	5368	170	0	0	0	0	0	0	0	0	1280	0	0	0	0	0	0	0	0	0	0	0	0	0	0	0	0	0	0	0	0	0	0	0	0	0	0	0	0	0	0	0	0	0	
116584	Frontal_Inf_Orb_R	114	0	242	7694	0	3044	0	4356	0	7144	106	896	110	3602	104	0	0	0	720	2480	0	924	0	1238	0	154	0	592	144	8668	0	2148	0	544	0	0	0	194	0	104	0	248	0	0	0	0	0	0	0	0	0	0	0	0	0	0	0	0	0	0	0	0	0	0	0	0	0	0	0	0	516	4532	186	6652	98	0	242	496	0	0	0	0	0	0	0	0	0	0	0	0	0	0	0	0	0	0	0	0	0	0	0	0	0	0	0	0	0	0	0	0	0	0	0	0	0	0	
237376	Rolandic_Oper_L	9836	0	11036	256	0	0	1010	0	0	0	9870	0	2396	0	0	0	0	0	11788	288	0	0	0	0	0	0	0	0	19290	0	98	0	0	0	0	0	2648	0	0	0	0	0	0	0	0	0	0	0	0	0	652	0	776	0	788	0	11236	0	112	0	1382	0	2724	0	282	0	0	0	664	0	0	0	2096	0	442	0	96	0	4126	0	14420	0	2898	0	3812	0	0	0	3666	0	0	0	0	0	0	0	0	0	0	0	0	0	0	0	0	0	0	0	0	0	0	0	0	0	0	0	
170376	Rolandic_Oper_R	0	4134	118	13702	0	0	0	2780	0	0	0	7556	0	1108	0	0	0	0	266	6424	0	0	0	508	0	0	0	0	0	14734	0	546	0	1096	0	0	0	1890	0	874	0	0	0	0	0	0	0	0	0	0	0	0	0	0	0	480	0	5736	0	0	0	0	0	2710	0	0	0	0	0	0	262	2362	182	5714	0	806	0	254	0	5570	0	3804	0	1174	0	204	0	0	0	194	0	0	0	0	0	0	0	0	0	0	0	0	0	0	0	0	0	0	0	0	0	0	0	0	0	0	
855116	Supp_Motor_Area_L	18052	2150	95304	26452	116	0	16196	1132	242	0	14026	1970	10050	832	2498	720	11788	266	0	43992	0	0	7714	5010	0	166	0	0	23396	3986	7878	7866	7524	14988	1006	0	4438	288	0	0	644	0	0	0	0	0	0	0	0	0	0	0	0	0	950	0	7252	0	0	0	980	0	444	0	146	0	0	0	16766	350	7616	4720	20724	3580	5914	0	15238	2062	1148	0	5132	0	2444	0	152	0	0	0	1250	0	0	0	0	0	0	0	0	0	0	0	0	0	0	0	0	0	0	0	0	0	0	0	0	0	0	0	
884064	Supp_Motor_Area_R	2302	9090	15430	93646	0	0	1158	2794	160	0	492	12582	444	5890	2778	2480	288	6424	43992	0	0	0	2064	12342	0	324	0	0	4442	26864	3174	19670	4430	44804	2338	3130	260	1478	0	270	0	226	96	0	0	124	0	0	0	0	616	124	208	104	0	292	856	1268	124	0	128	294	0	420	0	0	230	1730	5452	16096	6582	19850	8588	27848	1598	326	3332	11924	0	376	274	1362	98	392	222	2538	0	0	232	2450	0	0	0	0	0	0	0	0	0	0	0	0	0	0	0	0	0	0	0	0	112	0	0	0	0	0	
75508	Olfactory_L	0	0	0	0	776	150	0	0	0	0	0	0	0	0	740	0	0	0	0	0	0	6524	0	0	0	0	1616	846	1570	340	2622	1194	0	0	0	0	438	0	232	0	970	224	0	0	0	0	0	0	0	0	0	0	0	0	0	0	0	0	0	0	0	0	0	0	0	0	0	0	0	0	8120	5296	4658	1438	0	0	0	0	0	0	0	0	0	0	0	0	0	0	0	0	0	0	0	0	0	0	0	0	0	0	0	0	0	0	0	0	0	0	0	0	0	0	0	0	0	0	
82348	Olfactory_R	0	0	0	0	0	588	0	0	0	122	0	0	0	0	0	924	0	0	0	0	6524	0	0	0	0	1186	986	2010	0	1296	1960	1936	0	0	0	0	0	342	0	194	0	824	0	0	0	0	0	0	0	0	0	0	0	0	0	0	0	0	0	0	0	0	0	0	0	0	0	0	0	0	7134	7388	4512	3116	0	132	0	0	0	0	0	0	0	0	0	0	0	0	0	0	0	0	0	0	0	0	0	0	0	0	0	0	0	0	0	0	0	0	0	0	0	0	0	0	0	0	
286420	Frontal_Sup_Medial_L	0	0	44876	7960	1412	196	20928	472	0	0	394	342	3760	282	512	0	0	0	7714	2064	0	0	0	12230	1912	518	0	0	2974	490	16252	6932	2308	4728	0	0	0	0	0	0	0	0	0	0	0	0	0	0	0	0	0	0	0	0	0	0	0	0	0	0	0	0	0	0	0	0	0	0	0	0	648	642	2138	526	0	0	0	0	0	0	0	0	0	0	0	0	0	0	0	0	0	0	0	0	0	0	0	0	0	0	0	0	0	0	0	0	0	0	0	0	0	0	0	0	0	0	
319296	Frontal_Sup_Medial_R	0	178	898	40268	0	892	140	4446	0	0	186	2232	202	3050	162	1238	0	508	5010	12342	0	0	12230	0	0	4886	0	0	392	4186	1716	24688	0	13492	0	0	0	0	0	0	0	0	0	0	0	0	0	0	0	0	0	0	0	0	0	0	0	138	0	0	0	0	0	0	0	0	0	0	0	0	2482	11766	498	11422	0	0	0	0	0	0	0	0	0	0	0	0	0	0	0	0	0	0	0	0	0	0	0	0	0	0	0	0	0	0	0	0	0	0	0	0	0	0	0	0	0	0	
25392	Frontal_Med_Orb_L	0	0	1322	0	2762	448	0	0	0	0	0	0	0	0	0	0	0	0	0	0	0	0	1912	0	0	802	1798	0	0	0	3300	0	0	0	0	0	0	0	0	0	0	0	0	0	0	0	0	0	0	0	0	0	0	0	0	0	0	0	0	0	0	0	0	0	0	0	0	0	0	0	224	0	128	0	0	0	0	0	0	0	0	0	0	0	0	0	0	0	0	0	0	0	0	0	0	0	0	0	0	0	0	0	0	0	0	0	0	0	0	0	0	0	0	0	0	0	
88992	Frontal_Med_Orb_R	0	0	274	4506	0	7076	0	0	0	0	0	198	0	424	0	154	0	0	166	324	0	1186	518	4886	802	0	0	3214	0	574	458	5062	0	130	0	0	0	0	0	0	0	0	0	0	0	0	0	0	0	0	0	0	0	0	0	0	0	0	0	0	0	0	0	0	0	0	0	0	0	0	820	6978	134	6612	0	0	0	0	0	0	0	0	0	0	0	0	0	0	0	0	0	0	0	0	0	0	0	0	0	0	0	0	0	0	0	0	0	0	0	0	0	0	0	0	0	0	
43688	Rectus_L	0	0	1734	0	5658	0	0	0	584	0	0	0	0	0	446	0	0	0	0	0	1616	986	0	0	1798	0	0	130	272	0	2874	246	0	0	0	0	0	0	0	0	150	0	0	0	0	0	0	0	0	0	0	0	0	0	0	0	0	0	0	0	0	0	0	0	0	0	0	0	0	0	2198	312	2734	106	0	0	0	0	0	0	0	0	0	0	0	0	0	0	0	0	0	0	0	0	0	0	0	0	0	0	0	0	0	0	0	0	0	0	0	0	0	0	0	0	0	0	
35336	Rectus_R	0	0	0	0	0	4482	0	0	0	302	0	0	0	0	0	592	0	0	0	0	846	2010	0	0	0	3214	130	0	0	378	0	400	0	0	0	0	0	0	0	0	0	126	0	0	0	0	0	0	0	0	0	0	0	0	0	0	0	0	0	0	0	0	0	0	0	0	0	0	0	0	808	2410	662	1308	0	0	0	0	0	0	0	0	0	0	0	0	0	0	0	0	0	0	0	0	0	0	0	0	0	0	0	0	0	0	0	0	0	0	0	0	0	0	0	0	0	0	
552220	Insula_L	11142	0	28420	4980	1966	0	13728	116	2612	0	17244	300	27944	128	17652	144	19290	0	23396	4442	1570	0	2974	392	0	0	272	0	0	456	4012	920	0	564	0	0	12922	432	718	0	2808	0	0	0	0	0	0	0	0	0	1206	0	1530	0	3808	0	7400	0	198	0	2622	0	826	0	976	0	0	0	882	0	2890	740	16284	540	0	0	1274	352	6490	0	9172	0	4946	0	3904	0	0	0	8526	0	0	0	0	0	0	0	0	0	0	0	0	0	0	0	0	0	0	0	0	0	0	0	0	0	0	0	
528212	Insula_R	888	3402	996	37606	0	392	418	9298	0	534	210	29314	202	12016	100	8668	0	14734	3986	26864	340	1296	490	4186	0	574	0	378	456	0	996	6042	0	3642	0	0	0	8294	0	3338	0	1826	0	0	0	0	0	0	0	0	0	0	0	162	0	3042	0	1250	0	0	0	156	0	590	0	0	0	0	510	0	2682	10748	1418	35548	806	1074	1678	8010	0	2602	0	5948	0	1634	0	1928	0	0	0	2834	0	0	0	0	0	0	0	0	0	0	0	0	0	0	0	0	0	0	0	0	0	0	0	0	0	0	
249800	Cingulum_Ant_L	530	0	19666	4148	2612	0	5864	0	128	0	1714	672	4194	516	746	0	98	0	7878	3174	2622	1960	16252	1716	3300	458	2874	0	4012	996	0	8836	2146	1222	120	0	158	0	0	0	0	0	0	0	0	0	0	0	0	0	0	0	0	0	0	0	346	0	0	0	0	0	0	0	0	0	0	0	0	0	10592	4298	8884	1658	336	0	174	0	0	0	0	0	0	0	0	0	0	0	0	0	0	0	0	0	0	0	0	0	0	0	0	0	0	0	0	0	0	0	0	0	0	0	0	0	0	0	
462556	Cingulum_Ant_R	0	0	3352	40202	0	610	346	2712	0	0	462	4130	482	4672	312	2148	0	546	7866	19670	1194	1936	6932	24688	0	5062	246	400	920	6042	8836	0	1276	19704	0	0	0	0	0	0	0	0	0	0	0	0	0	0	0	0	0	0	0	0	0	0	0	0	0	0	0	0	0	0	0	0	0	0	0	0	6152	34822	1732	23238	0	0	102	486	0	0	0	0	0	0	0	0	0	0	0	0	0	0	0	0	0	0	0	0	0	0	0	0	0	0	0	0	0	0	0	0	0	0	0	0	0	0	
101520	Cingulum_Mid_L	310	196	3514	952	0	0	2098	0	0	0	0	0	116	0	0	0	0	0	7524	4430	0	0	2308	0	0	0	0	0	0	0	2146	1276	0	10140	3006	492	0	198	0	0	0	0	1222	0	1294	0	0	0	460	0	444	0	0	0	0	0	340	0	162	0	0	0	0	0	0	0	2940	676	3452	220	0	284	0	184	0	0	0	0	0	0	0	0	0	0	230	0	0	0	146	0	0	0	0	0	0	0	0	0	0	0	0	0	0	0	0	0	0	0	0	0	0	0	0	0	0	0	
421480	Cingulum_Mid_R	292	3308	2154	28572	0	0	0	3124	0	0	0	5616	0	3734	1588	544	0	1096	14988	44804	0	0	4728	13492	0	130	0	0	564	3642	1222	19704	10140	0	3744	6422	0	328	0	0	0	0	166	1378	212	746	0	336	0	242	818	1032	220	0	0	0	622	3672	180	0	0	0	0	0	118	100	704	6406	2446	11370	210	1224	184	590	0	0	0	314	0	0	0	320	0	0	288	1806	0	0	168	420	0	0	0	0	0	0	0	0	0	0	0	0	0	0	0	0	0	0	0	0	512	0	0	0	0	0	
147192	Cingulum_Post_L	236	1464	0	116	0	0	0	0	0	0	0	0	0	0	0	0	0	0	1006	2338	0	0	0	0	0	0	0	0	0	0	120	0	3006	3744	0	12058	1724	3644	496	136	0	0	1642	136	1142	148	1376	728	206	0	4262	0	5398	194	594	240	884	660	1388	0	0	0	0	0	170	0	8160	3966	1432	3190	0	0	0	0	0	0	124	0	146	0	0	0	0	0	658	610	0	0	3808	1282	0	0	0	0	0	0	0	108	0	0	0	0	0	0	0	0	0	0	0	0	856	0	0	0	0	0	
188464	Cingulum_Post_R	0	950	0	372	0	0	0	0	0	0	0	0	0	0	0	0	0	0	0	3130	0	0	0	0	0	0	0	0	0	0	0	0	492	6422	12058	0	2082	4364	1048	310	0	0	214	1948	542	1614	754	3374	110	150	262	1018	1534	2638	262	662	0	1402	0	0	0	178	0	556	0	1716	2724	18220	180	3514	0	0	0	0	0	0	144	548	0	0	0	580	0	0	0	6812	0	0	836	6144	0	0	0	0	0	0	0	130	0	0	0	0	0	0	0	0	0	0	0	0	4238	0	0	0	0	0	
212732	Hippocampus_L	6238	0	3036	472	0	0	1386	0	0	0	1070	0	162	0	108	0	2648	0	4438	260	438	0	0	0	0	0	0	0	12922	0	158	0	0	0	1724	2082	0	1590	6726	0	5946	0	0	0	0	0	894	818	0	0	204	0	312	0	14752	0	1812	0	0	0	310	0	106	0	0	0	894	916	1044	0	0	0	7698	102	1418	0	3136	1012	1484	0	2090	0	362	0	784	0	0	0	13704	0	170	0	0	0	0	0	0	0	296	0	0	0	0	0	0	0	0	0	0	0	644	0	0	0	0	0	
269856	Hippocampus_R	206	3774	0	1160	0	0	0	416	0	0	0	1290	0	0	0	194	0	1890	288	1478	0	342	0	0	0	0	0	0	432	8294	0	0	198	328	3644	4364	1590	0	638	19790	0	9542	124	0	0	0	180	1418	0	0	1232	0	2202	1412	336	20376	624	178	126	0	0	0	0	178	0	0	240	1540	452	1370	0	216	0	14142	0	1462	154	6278	0	634	0	2284	0	1564	694	3926	0	410	1074	9530	0	0	0	0	0	0	0	714	0	0	0	0	0	0	0	0	0	0	0	0	0	0	0	0	0	0	
54608	ParaHippocampal_L	0	0	0	0	0	0	0	0	0	0	0	0	0	0	0	0	0	0	0	0	232	0	0	0	0	0	0	0	718	0	0	0	0	0	496	1048	6726	638	0	0	1462	0	0	0	0	0	3054	676	0	0	114	0	126	0	5902	0	0	0	0	0	0	0	0	0	0	0	914	560	0	0	0	0	116	0	0	0	0	526	0	0	0	0	328	0	0	0	336	0	742	0	570	0	0	0	222	0	462	0	902	0	0	0	0	0	0	0	0	0	0	0	434	0	0	0	0	0	
152108	ParaHippocampal_R	0	420	0	444	0	0	0	0	0	0	0	532	0	0	0	104	0	874	0	270	0	194	0	0	0	0	0	0	0	3338	0	0	0	0	136	310	0	19790	0	0	0	6388	0	876	0	232	0	3208	0	164	0	524	0	3576	0	17420	0	0	0	0	0	0	0	0	0	0	0	1802	0	0	0	102	0	6094	0	944	0	974	0	0	0	288	0	1958	0	572	0	1006	0	1810	0	0	0	0	0	110	0	1208	0	170	0	0	0	0	0	0	0	0	0	0	216	0	0	0	0	0	
34624	Amygdala_L	0	0	0	0	202	0	0	0	0	0	0	0	0	0	288	0	0	0	644	0	970	0	0	0	0	0	150	0	2808	0	0	0	0	0	0	0	5946	0	1462	0	0	0	0	0	0	0	0	0	0	0	0	0	0	0	2472	0	0	0	0	0	0	0	0	0	0	0	0	0	0	0	0	0	430	0	0	0	638	0	0	0	0	0	382	0	0	0	196	0	724	0	0	0	0	0	0	0	0	0	0	0	0	0	0	0	0	0	0	0	0	0	0	0	0	0	0	0	
65464	Amygdala_R	0	144	0	542	0	0	0	0	0	0	0	0	0	0	0	248	0	0	0	226	224	824	0	0	0	0	0	126	0	1826	0	0	0	0	0	0	0	9542	0	6388	0	0	0	0	0	0	0	0	0	0	0	0	0	0	0	5578	0	0	0	0	0	0	0	0	0	0	0	0	0	0	228	448	192	2286	0	0	0	596	0	0	0	0	0	2466	0	0	0	716	0	132	0	0	0	0	0	0	0	0	0	0	0	0	0	0	0	0	0	0	0	0	0	0	0	0	0	0	
204352	Calcarine_L	148	168	0	0	0	0	0	0	0	0	0	0	0	0	0	0	0	0	0	96	0	0	0	0	0	0	0	0	0	0	0	0	1222	166	1642	214	0	124	0	0	0	0	0	4914	18302	3546	11816	1464	10288	530	19220	170	6020	0	3102	0	214	0	554	0	0	0	0	0	0	0	15620	686	1022	194	0	0	0	0	0	0	0	0	0	0	0	0	0	0	734	0	0	0	0	0	0	0	0	0	0	0	0	0	0	0	0	0	0	0	0	0	0	0	0	0	0	0	0	0	0	0	
328276	Calcarine_R	0	140	0	0	0	0	0	0	0	0	0	0	0	0	0	0	0	0	0	0	0	0	0	0	0	0	0	0	0	0	0	0	0	1378	136	1948	0	0	0	876	0	0	4914	0	7930	30420	1246	20416	302	24126	0	19994	0	8896	0	5374	0	1356	0	1194	0	0	0	0	0	118	658	22412	0	830	0	0	0	0	0	0	0	0	0	0	0	0	0	0	0	5398	0	0	0	3310	0	0	0	0	0	0	0	0	0	272	0	0	0	0	0	0	0	0	0	0	494	0	0	0	0	0	
184592	Cuneus_L	0	0	0	0	0	0	0	0	0	0	0	0	0	0	0	0	0	0	0	0	0	0	0	0	0	0	0	0	0	0	0	0	1294	212	1142	542	0	0	0	0	0	0	18302	7930	0	10926	2626	324	18000	2890	7076	226	456	0	200	0	158	0	2016	0	0	0	0	0	0	0	13530	3240	546	0	0	0	0	0	0	0	0	0	0	0	0	0	0	0	474	0	0	0	0	0	0	0	0	0	0	0	0	0	0	0	0	0	0	0	0	0	0	0	0	0	186	0	0	0	0	0	
308456	Cuneus_R	0	606	0	0	0	0	0	0	0	0	0	0	0	0	0	0	0	0	0	124	0	0	0	0	0	0	0	0	0	0	0	0	0	746	148	1614	0	0	0	232	0	0	3546	30420	10926	0	434	7548	634	38742	0	15602	0	1642	0	2584	0	2662	0	5670	0	118	0	0	0	408	2496	24356	0	916	0	0	0	0	0	0	0	0	0	0	0	0	0	0	0	670	0	0	0	466	0	0	0	0	0	0	0	0	0	0	0	0	0	0	0	0	0	0	0	0	918	0	0	0	0	0	
220004	Lingual_L	122	0	0	0	0	0	0	0	0	0	0	0	0	0	0	0	0	0	0	0	0	0	0	0	0	0	0	0	0	0	0	0	0	0	1376	754	894	180	3054	0	0	0	11816	1246	2626	434	0	2134	4390	202	15010	128	7928	0	13962	378	0	0	0	0	0	0	0	0	0	0	4274	224	0	0	0	0	0	0	0	0	0	0	0	0	0	0	0	0	0	0	0	0	0	0	8208	194	1008	136	184	0	9074	252	14442	626	592	0	244	0	0	0	0	0	0	150	1216	1810	734	0	0	0	
268748	Lingual_R	0	0	0	0	0	0	0	0	0	0	0	0	0	0	0	0	0	0	0	0	0	0	0	0	0	0	0	0	0	0	0	0	0	336	728	3374	818	1418	676	3208	0	0	1464	20416	324	7548	2134	0	0	10576	0	10838	0	8002	146	16912	0	0	0	0	0	0	0	0	0	100	534	6500	0	0	0	0	0	0	0	0	0	0	0	0	0	0	0	0	0	1474	0	0	0	1480	1094	6894	200	294	0	0	0	4798	1898	9578	0	0	0	164	0	0	0	0	0	0	4060	5562	826	0	0	0	
197780	Occipital_Sup_L	0	0	0	0	0	0	0	0	0	0	0	0	0	0	0	0	0	0	0	0	0	0	0	0	0	0	0	0	0	0	0	0	460	0	206	110	0	0	0	0	0	0	10288	302	18000	634	4390	0	0	0	32768	0	494	0	322	0	3078	0	13454	0	2940	0	0	0	336	0	9778	298	686	0	0	0	0	0	0	0	0	0	0	0	0	0	0	0	230	0	0	0	116	0	0	0	0	0	0	0	0	0	0	0	0	0	0	0	0	0	0	0	0	0	0	0	0	0	0	0	
281244	Occipital_Sup_R	0	760	0	0	0	0	0	0	0	0	0	0	0	0	0	0	0	0	0	0	0	0	0	0	0	0	0	0	0	0	0	0	0	242	0	150	0	0	0	164	0	0	530	24126	2890	38742	202	10576	0	0	0	26750	0	1698	0	3512	0	3582	0	6782	0	354	0	0	0	2620	140	14210	0	912	0	0	0	0	0	0	0	0	0	0	0	426	0	0	0	840	0	0	0	296	0	0	0	0	0	0	0	0	0	118	0	0	0	0	0	0	0	0	0	0	0	0	0	0	0	0	
472088	Occipital_Mid_L	6306	862	0	0	0	0	0	0	0	0	0	0	0	0	0	0	652	0	0	616	0	0	0	0	0	0	0	0	1206	0	0	0	444	818	4262	262	204	1232	114	0	0	0	19220	0	7076	0	15010	0	32768	0	0	0	26778	0	12136	0	8086	0	19284	0	11562	0	2382	0	13782	0	17052	364	6810	1124	0	0	0	0	0	0	0	0	476	0	566	0	0	0	17808	0	0	0	6236	0	98	0	0	0	0	0	0	0	342	0	0	0	0	0	0	0	0	0	0	0	0	106	0	0	0	0	
270236	Occipital_Mid_R	0	712	0	0	0	0	0	0	0	0	0	0	0	0	0	0	0	0	0	124	0	0	0	0	0	0	0	0	0	0	0	0	0	1032	0	1018	0	0	0	524	0	0	170	19994	226	15602	128	10838	0	26750	0	0	0	6100	0	5366	0	5260	0	1984	0	1254	0	0	0	9160	176	11848	0	1592	0	0	0	0	0	0	0	0	0	0	0	1514	0	0	0	11870	0	0	0	1760	0	0	0	0	0	0	0	0	0	0	0	0	0	0	0	0	0	0	0	0	116	0	0	0	0	0	
188548	Occipital_Inf_L	4180	136	0	0	0	0	0	0	0	0	0	0	0	0	0	0	776	0	0	208	0	0	0	0	0	0	0	0	1530	0	0	0	0	220	5398	1534	312	2202	126	0	0	0	6020	0	456	0	7928	0	494	0	26778	0	0	0	11360	0	2238	0	0	0	1024	0	138	0	0	0	2604	520	2522	312	0	0	0	0	0	0	0	136	1330	0	112	0	0	0	3652	0	0	0	8696	0	484	0	0	0	0	0	196	0	652	0	0	0	0	0	0	0	0	0	0	0	0	0	0	0	0	0	
134664	Occipital_Inf_R	0	0	0	0	0	0	0	0	0	0	0	0	0	0	0	0	0	0	0	104	0	0	0	0	0	0	0	0	0	162	0	0	0	0	194	2638	0	1412	0	3576	0	0	0	8896	0	1642	0	8002	0	1698	0	6100	0	0	0	12508	0	0	0	0	0	0	0	0	0	190	0	5410	0	142	0	0	0	0	0	0	0	0	0	0	0	0	0	0	0	4188	0	0	0	9910	0	0	0	0	0	0	0	0	0	96	0	0	0	0	0	0	0	0	0	0	464	0	0	0	0	0	
289924	Fusiform_L	1086	0	704	0	0	0	100	0	0	0	426	0	0	0	0	0	788	0	950	0	0	0	0	0	0	0	0	0	3808	0	0	0	0	0	594	262	14752	336	5902	0	2472	0	3102	0	200	0	13962	146	322	0	12136	0	11360	0	0	0	178	0	0	0	0	0	0	0	0	0	1292	0	586	0	0	0	1748	0	0	0	0	0	892	0	1602	0	582	0	1788	0	596	0	15610	0	15726	0	1552	96	142	0	8250	122	19274	0	0	0	104	0	0	0	0	0	0	0	370	658	386	0	0	0	
332328	Fusiform_R	0	378	0	198	0	0	0	0	0	0	0	364	0	0	0	0	0	480	0	292	0	0	0	0	0	0	0	0	0	3042	0	0	0	0	240	662	0	20376	0	17420	0	5578	0	5374	0	2584	378	16912	0	3512	0	5366	0	12508	0	0	0	116	0	0	0	0	0	0	0	0	0	1884	0	250	0	0	0	4702	0	400	0	468	0	0	0	1116	0	5146	0	2094	0	1650	0	13490	256	13102	100	1278	0	118	0	5884	646	14676	0	0	0	0	0	0	0	108	0	0	840	1772	404	0	0	0	
352672	Postcentral_L	36712	420	6830	194	0	0	1004	154	0	0	2442	0	826	0	0	0	11236	0	7252	856	0	0	0	0	0	0	0	0	7400	0	346	0	340	622	884	0	1812	624	0	0	0	0	214	0	158	0	0	0	3078	0	8086	0	2238	0	178	0	0	0	11212	0	26044	0	9336	0	1482	0	2702	0	7664	696	0	136	1040	156	350	0	162	170	2990	0	7000	0	0	0	6026	0	0	0	5264	0	0	0	0	0	0	0	0	0	0	0	0	0	0	0	0	0	0	0	0	0	0	0	0	0	0	0	
203280	Postcentral_R	0	19594	0	4810	0	0	0	4090	0	0	0	2900	0	272	0	0	0	5736	0	1268	0	0	0	138	0	0	0	0	0	1250	0	0	0	3672	660	1402	0	178	0	0	0	0	0	1356	0	2662	0	0	0	3582	0	5260	0	0	0	116	0	0	0	3826	0	6430	0	11226	0	332	0	9410	0	6898	0	204	0	764	0	0	0	326	0	522	0	774	0	0	0	1698	0	0	0	182	0	0	0	0	0	0	0	0	0	0	0	0	0	0	0	0	0	0	0	0	102	0	0	0	0	0	
180560	Parietal_Sup_L	342	194	0	0	0	0	0	0	0	0	0	0	0	0	0	0	112	0	0	124	0	0	0	0	0	0	0	0	198	0	0	0	162	180	1388	0	0	126	0	0	0	0	554	0	2016	0	0	0	13454	0	19284	0	0	0	0	0	11212	0	0	0	12602	0	502	0	1550	0	16632	0	2404	228	0	0	0	0	0	0	0	0	0	0	306	0	0	0	3666	0	0	0	3044	0	0	0	0	0	0	0	0	0	0	0	0	0	0	0	0	0	0	0	0	0	0	0	0	0	0	0	
68444	Parietal_Sup_R	0	128	0	0	0	0	0	0	0	0	0	0	0	0	0	0	0	0	0	0	0	0	0	0	0	0	0	0	0	0	0	0	0	0	0	0	0	0	0	0	0	0	0	1194	0	5670	0	0	0	6782	0	1984	0	0	0	0	0	3826	0	0	0	2738	0	0	0	1202	452	10102	0	144	0	0	0	0	0	0	0	0	0	0	0	0	0	0	0	0	0	0	0	0	0	0	0	0	0	0	0	0	0	0	0	0	0	0	0	0	0	0	0	0	0	0	0	0	0	0	
202596	Parietal_Inf_L	5544	0	978	0	0	0	204	0	0	0	312	0	0	0	0	0	1382	0	980	128	0	0	0	0	0	0	0	0	2622	0	0	0	0	0	0	0	310	0	0	0	0	0	0	0	0	0	0	0	2940	0	11562	0	1024	0	0	0	26044	0	12602	0	0	0	12280	0	11854	0	826	0	1136	0	0	0	0	0	0	0	0	0	140	0	572	0	0	0	3988	0	0	0	3870	0	0	0	0	0	0	0	0	0	0	0	0	0	0	0	0	0	0	0	0	0	0	0	0	0	0	0	
82496	Parietal_Inf_R	0	2824	0	372	0	0	0	1378	0	0	0	260	0	0	0	0	0	0	0	294	0	0	0	0	0	0	0	0	0	156	0	0	0	0	0	178	0	0	0	0	0	0	0	0	0	118	0	0	0	354	0	1254	0	0	0	0	0	6430	0	2738	0	0	0	15358	0	5910	0	986	0	348	0	0	0	0	0	0	0	0	0	188	0	1098	0	0	0	758	0	0	0	246	0	0	0	0	0	0	0	0	0	0	0	0	0	0	0	0	0	0	0	0	0	0	0	0	0	0	
118140	SupraMarginal_L	1604	0	446	0	0	0	166	0	0	0	134	0	0	0	0	0	2724	0	444	0	0	0	0	0	0	0	0	0	826	0	0	0	0	0	0	0	106	0	0	0	0	0	0	0	0	0	0	0	0	0	2382	0	138	0	0	0	9336	0	502	0	12280	0	0	0	8186	0	146	0	130	0	0	0	0	0	0	0	0	0	0	0	8174	0	0	0	8056	0	0	0	3290	0	0	0	0	0	0	0	0	0	0	0	0	0	0	0	0	0	0	0	0	0	0	0	0	0	0	0	
108108	SupraMarginal_R	0	3938	0	460	0	0	0	1484	0	0	0	560	0	0	0	0	0	2710	0	420	0	0	0	0	0	0	0	0	0	590	0	0	0	0	0	556	0	178	0	0	0	0	0	0	0	0	0	0	0	0	0	0	0	0	0	0	0	11226	0	0	0	15358	0	0	0	5820	0	408	0	458	0	0	0	0	0	0	0	118	0	1278	0	4938	0	0	0	3220	0	0	0	334	0	0	0	0	0	0	0	0	0	0	0	0	0	0	0	0	0	0	0	0	0	0	0	0	0	0	
101652	Angular_L	778	144	144	0	0	0	0	0	0	0	0	0	0	0	0	0	282	0	146	0	0	0	0	0	0	0	0	0	976	0	0	0	0	118	170	0	0	0	0	0	0	0	0	0	0	0	0	0	336	0	13782	0	0	0	0	0	1482	0	1550	0	11854	0	8186	0	0	0	290	0	564	170	0	0	0	0	0	0	0	0	0	0	1942	0	0	0	6800	0	0	0	1112	0	0	0	0	0	0	0	0	0	0	0	0	0	0	0	0	0	0	0	0	0	0	0	0	0	0	0	
85692	Angular_R	0	128	0	0	0	0	0	0	0	0	0	0	0	0	0	0	0	0	0	0	0	0	0	0	0	0	0	0	0	0	0	0	0	100	0	1716	0	0	0	0	0	0	0	118	0	408	0	100	0	2620	0	9160	0	190	0	0	0	332	0	1202	0	5910	0	5820	0	0	0	808	0	172	0	0	0	0	0	0	0	0	0	0	0	4976	0	0	0	8284	0	0	0	660	0	0	0	0	0	0	0	0	0	0	0	0	0	0	0	0	0	0	0	0	142	0	0	0	0	0	
246720	Precuneus_L	264	378	0	0	0	0	0	0	0	0	0	0	0	0	0	0	0	0	0	230	0	0	0	0	0	0	0	0	0	0	0	0	2940	704	8160	2724	894	240	914	0	0	0	15620	658	13530	2496	4274	534	9778	140	17052	176	2604	0	1292	0	2702	0	16632	452	826	0	146	0	290	0	0	9316	3362	418	0	0	0	0	0	0	0	0	0	0	130	0	0	0	1582	0	0	0	998	0	0	0	0	0	0	0	0	0	0	0	0	0	0	0	0	0	0	0	0	0	904	0	0	0	0	0	
361912	Precuneus_R	0	1376	0	116	0	0	0	0	0	0	0	0	0	0	0	0	0	0	0	1730	0	0	0	0	0	0	0	0	0	0	0	0	676	6406	3966	18220	916	1540	560	1802	0	0	686	22412	3240	24356	224	6500	298	14210	364	11848	520	5410	0	1884	0	9410	0	10102	0	986	0	408	0	808	9316	0	116	3920	0	0	0	0	0	0	144	438	0	0	0	444	0	0	0	5642	0	0	292	4422	0	0	0	0	0	0	0	570	0	0	0	0	0	0	0	0	0	0	0	0	4678	0	0	0	0	0	
227864	Paracentral_Lobule_L	20464	2204	1832	3274	0	0	682	0	0	0	0	0	0	0	0	0	664	0	16766	5452	0	0	0	0	0	0	0	0	882	510	0	0	3452	2446	1432	180	1044	452	0	0	0	0	1022	0	546	0	0	0	686	0	6810	0	2522	0	586	0	7664	0	2404	0	1136	0	130	0	564	0	3362	116	0	1380	150	1992	146	688	0	0	7036	3818	102	0	764	0	0	0	4818	0	0	0	3754	0	0	0	0	0	0	0	0	0	0	0	0	0	0	0	0	0	0	0	0	0	0	0	0	0	0	0	
159544	Paracentral_Lobule_R	294	11520	0	416	0	0	0	0	0	0	0	0	0	0	0	0	0	0	350	16096	0	0	0	0	0	0	0	0	0	0	0	0	220	11370	3190	3514	0	1370	0	0	0	0	194	830	0	916	0	0	0	912	1124	1592	312	142	0	250	696	6898	228	144	0	348	0	458	170	172	418	3920	1380	0	0	0	0	0	0	0	0	854	0	226	0	1638	0	0	378	4084	0	0	216	2806	0	0	0	0	0	0	0	0	0	0	0	0	0	0	0	0	0	0	0	0	126	0	0	0	0	0	
251036	Caudate_L	196	278	4884	8970	376	150	422	480	116	0	244	1518	562	716	1322	516	0	262	7616	6582	8120	7134	648	2482	224	820	2198	808	2890	2682	10592	6152	0	210	0	0	0	0	0	0	0	228	0	0	0	0	0	0	0	0	0	0	0	0	0	0	0	0	0	0	0	0	0	0	0	0	0	0	150	0	0	15304	20500	5190	1326	100	2092	458	0	0	0	0	0	0	0	0	0	0	0	0	0	0	0	0	0	0	0	0	0	0	0	0	0	0	0	0	0	0	0	0	0	0	0	0	0	0	
523148	Caudate_R	1080	2388	2092	41202	0	4372	450	3130	0	782	272	4634	300	3806	392	4532	0	2362	4720	19850	5296	7388	642	11766	0	6978	312	2410	740	10748	4298	34822	284	1224	0	0	0	216	0	102	0	448	0	0	0	0	0	0	0	0	0	0	0	0	0	0	136	204	0	0	0	0	0	0	0	0	0	0	1992	0	15304	0	5882	35812	166	3668	600	13592	0	0	0	0	0	180	0	0	0	0	0	0	0	0	0	0	0	0	0	0	0	0	0	0	0	0	0	0	0	0	0	0	0	0	0	0	0	0	
388584	Putamen_L	7118	96	24958	7972	5734	144	4498	0	2956	0	1616	768	1800	248	5368	186	2096	182	20724	8588	4658	4512	2138	498	128	134	2734	662	16284	1418	8884	1732	0	184	0	0	7698	0	116	0	430	192	0	0	0	0	0	0	0	0	0	0	0	0	1748	0	1040	0	0	0	0	0	0	0	0	0	0	0	146	0	20500	5882	0	2156	7858	190	2676	532	142	0	1408	0	390	0	0	0	0	0	2170	0	0	0	0	0	0	0	0	0	0	0	0	0	0	0	0	0	0	0	0	0	0	0	0	0	0	0	
592244	Putamen_R	1368	3444	1666	45294	0	6298	744	2470	0	2028	188	6328	192	1488	170	6652	0	5714	3580	27848	1438	3116	526	11422	0	6612	106	1308	540	35548	1658	23238	184	590	0	0	102	14142	0	6094	0	2286	0	0	0	0	0	0	0	0	0	0	0	0	0	4702	156	764	0	0	0	0	0	0	0	0	0	0	688	0	5190	35812	2156	0	1428	5030	2716	9744	0	414	0	154	0	298	0	116	0	0	0	2210	0	0	0	0	0	0	0	162	0	0	0	0	0	0	0	0	0	0	0	0	0	0	0	0	0	0	
65652	Pallidum_L	1496	0	4156	1392	0	0	1028	0	0	0	0	0	0	0	0	98	442	0	5914	1598	0	0	0	0	0	0	0	0	0	806	336	0	0	0	0	0	1418	0	0	0	0	0	0	0	0	0	0	0	0	0	0	0	0	0	0	0	350	0	0	0	0	0	0	0	0	0	0	0	0	0	1326	166	7858	1428	0	152	2412	272	0	0	178	0	0	0	0	0	0	0	0	0	0	0	0	0	0	0	0	0	0	0	0	0	0	0	0	0	0	0	0	0	0	0	0	0	0	0	
50664	Pallidum_R	0	1090	0	5080	0	0	0	3352	0	0	0	1084	0	0	0	0	0	806	0	326	0	132	0	0	0	0	0	0	0	1074	0	0	0	0	0	0	0	1462	0	944	0	0	0	0	0	0	0	0	0	0	0	0	0	0	0	400	0	0	0	0	0	0	0	0	0	0	0	0	0	0	100	3668	190	5030	152	0	0	322	0	120	0	0	0	0	0	0	0	0	0	0	0	0	0	0	0	0	0	0	0	0	0	0	0	0	0	0	0	0	0	0	0	0	0	0	0	0	
126604	Thalamus_L	10146	720	1868	3624	0	0	1470	98	0	0	96	0	0	0	0	242	96	0	15238	3332	0	0	0	0	0	0	0	0	1274	1678	174	102	0	0	124	144	3136	154	0	0	638	0	0	0	0	0	0	0	0	0	0	0	0	0	0	0	162	0	0	0	0	0	0	0	0	0	0	144	7036	0	2092	600	2676	2716	2412	0	0	1014	0	0	0	0	0	0	0	0	0	0	96	0	0	0	0	0	0	0	0	0	0	0	0	0	0	0	0	0	0	0	0	0	0	0	0	0	0	0	
228364	Thalamus_R	2316	8852	164	30484	0	0	0	2736	0	0	0	442	0	0	0	496	0	254	2062	11924	0	0	0	0	0	0	0	0	352	8010	0	486	0	314	0	548	1012	6278	526	974	0	596	0	0	0	0	0	0	0	0	0	0	136	0	0	468	170	326	0	0	0	0	0	118	0	0	0	438	3818	854	458	13592	532	9744	272	322	1014	0	0	132	0	556	0	0	0	920	0	0	0	1486	0	0	0	0	0	0	0	0	0	0	0	0	0	0	0	0	0	0	0	0	0	0	0	0	0	0	
76408	Heschl_L	4608	0	1010	0	0	0	124	0	0	0	704	0	0	0	0	0	4126	0	1148	0	0	0	0	0	0	0	0	0	6490	0	0	0	0	0	146	0	1484	0	0	0	0	0	0	0	0	0	0	0	0	0	476	0	1330	0	892	0	2990	0	0	0	140	0	0	0	0	0	0	0	102	0	0	0	142	0	0	0	0	0	0	0	3276	0	0	0	4464	0	0	0	4552	0	0	0	0	0	0	0	0	0	0	0	0	0	0	0	0	0	0	0	0	0	0	0	0	0	0	0	
52120	Heschl_R	0	708	0	1632	0	0	0	658	0	0	0	424	0	0	0	0	0	5570	0	376	0	0	0	0	0	0	0	0	0	2602	0	0	0	0	0	0	0	634	0	0	0	0	0	0	0	0	0	0	0	0	0	0	0	0	0	0	0	522	0	0	0	188	0	1278	0	0	0	0	0	226	0	0	0	414	0	120	0	132	0	0	0	6992	0	0	0	2046	0	0	0	1538	0	0	0	0	0	0	0	0	0	0	0	0	0	0	0	0	0	0	0	0	0	0	0	0	0	0	
229672	Temporal_Sup_L	4710	0	4846	252	0	0	636	0	0	0	5022	0	744	0	0	0	14420	0	5132	274	0	0	0	0	0	0	0	0	9172	0	0	0	0	0	0	0	2090	0	0	0	0	0	0	0	0	0	0	0	0	0	566	0	112	0	1602	0	7000	0	306	0	572	0	8174	0	1942	0	130	0	764	0	0	0	1408	0	178	0	0	0	3276	0	0	0	3926	0	23298	0	0	0	14284	0	0	0	0	0	0	0	0	0	0	0	0	0	0	0	0	0	0	0	0	0	0	0	0	0	0	0	
144728	Temporal_Sup_R	0	1054	0	330	0	0	0	0	0	0	0	624	0	0	0	0	0	3804	0	1362	0	0	0	0	0	0	0	0	0	5948	0	0	0	320	0	580	0	2284	0	288	0	0	0	0	0	0	0	0	0	426	0	1514	0	0	0	1116	0	774	0	0	0	1098	0	4938	0	4976	0	444	0	1638	0	0	0	154	0	0	0	556	0	6992	0	0	0	1622	0	21396	0	1092	0	7034	0	0	0	0	0	0	0	0	0	0	0	0	0	0	0	0	0	0	0	0	0	0	0	0	0	0	
71412	Temporal_Pole_Sup_L	104	0	2506	98	226	0	464	0	256	0	3620	0	562	0	1280	0	2898	0	2444	98	0	0	0	0	0	0	0	0	4946	0	0	0	0	0	0	0	362	0	328	0	382	0	0	0	0	0	0	0	0	0	0	0	0	0	582	0	0	0	0	0	0	0	0	0	0	0	0	0	0	0	0	0	390	0	0	0	0	0	0	0	3926	0	0	0	3852	0	2588	0	3794	0	0	0	0	0	0	0	0	0	0	0	0	0	0	0	0	0	0	0	0	0	0	0	0	0	0	0	
47688	Temporal_Pole_Sup_R	0	0	0	544	0	0	0	0	0	0	0	718	0	0	0	0	0	1174	0	392	0	0	0	0	0	0	0	0	0	1634	0	0	0	0	0	0	0	1564	0	1958	0	2466	0	0	0	0	0	0	0	0	0	0	0	0	0	5146	0	0	0	0	0	0	0	0	0	0	0	0	0	0	0	180	0	298	0	0	0	0	0	0	0	1622	0	0	0	1476	0	2778	0	1894	0	0	0	0	0	0	0	0	0	0	0	0	0	0	0	0	0	0	0	0	0	0	0	0	0	0	
306964	Temporal_Mid_L	7934	266	112	0	0	0	0	0	0	0	0	0	0	0	0	0	3812	0	152	222	0	0	0	0	0	0	0	0	3904	0	0	0	230	288	658	0	784	694	0	0	0	0	734	0	474	0	0	0	230	0	17808	0	3652	0	1788	0	6026	0	3666	0	3988	0	8056	0	6800	0	1582	0	4818	378	0	0	0	0	0	0	0	0	4464	0	23298	0	3852	0	0	0	2440	0	40372	0	0	0	0	0	0	0	0	0	0	0	0	0	0	0	0	0	0	0	0	0	0	0	0	0	0	0	
251068	Temporal_Mid_R	0	2070	0	0	0	0	0	0	0	0	0	0	0	0	0	0	0	204	0	2538	0	0	0	0	0	0	0	0	0	1928	0	0	0	1806	610	6812	0	3926	0	572	0	0	0	5398	0	670	0	1474	0	840	0	11870	0	4188	0	2094	0	1698	0	0	0	758	0	3220	0	8284	0	5642	0	4084	0	0	0	116	0	0	0	920	0	2046	0	21396	0	1476	0	0	0	3620	0	24492	0	0	0	0	0	0	0	0	0	0	0	0	0	0	0	0	0	0	0	0	782	0	0	0	0	0	
16580	Temporal_Pole_Mid_L	0	0	0	0	0	0	0	0	0	0	0	0	0	0	0	0	0	0	0	0	0	0	0	0	0	0	0	0	0	0	0	0	0	0	0	0	0	0	336	0	196	0	0	0	0	0	0	0	0	0	0	0	0	0	596	0	0	0	0	0	0	0	0	0	0	0	0	0	0	0	0	0	0	0	0	0	0	0	0	0	0	0	2588	0	2440	0	0	0	2134	0	0	0	0	0	0	0	0	0	0	0	0	0	0	0	0	0	0	0	0	0	0	0	0	0	0	0	
26904	Temporal_Pole_Mid_R	0	0	0	0	0	0	0	0	0	0	0	0	0	0	0	0	0	0	0	0	0	0	0	0	0	0	0	0	0	0	0	0	0	0	0	0	0	410	0	1006	0	716	0	0	0	0	0	0	0	0	0	0	0	0	0	1650	0	0	0	0	0	0	0	0	0	0	0	0	0	0	0	0	0	0	0	0	0	0	0	0	0	1092	0	2778	0	3620	0	0	0	2180	0	0	0	0	0	0	0	0	0	0	0	0	0	0	0	0	0	0	0	0	0	0	0	0	0	0	
333820	Temporal_Inf_L	6632	100	1008	0	0	0	116	0	0	0	514	0	0	0	0	0	3666	0	1250	232	0	0	0	0	0	0	0	0	8526	0	0	0	146	168	3808	836	13704	1074	742	0	724	0	0	0	0	0	0	0	116	0	6236	0	8696	0	15610	0	5264	0	3044	0	3870	0	3290	0	1112	0	998	292	3754	216	0	0	2170	0	0	0	96	0	4552	0	14284	0	3794	0	40372	0	2134	0	0	0	2476	0	402	0	0	0	224	0	662	0	0	0	0	0	0	0	0	0	0	0	0	0	0	0	0	0	
218132	Temporal_Inf_R	0	1624	0	102	0	0	0	130	0	0	0	190	0	0	0	0	0	194	0	2450	0	0	0	0	0	0	0	0	0	2834	0	0	0	420	1282	6144	0	9530	0	1810	0	132	0	3310	0	466	0	1480	0	296	0	1760	0	9910	0	13490	0	182	0	0	0	246	0	334	0	660	0	4422	0	2806	0	0	0	2210	0	0	0	1486	0	1538	0	7034	0	1894	0	24492	0	2180	0	0	0	810	0	152	0	0	0	0	0	428	0	0	0	0	0	0	0	0	0	0	638	0	0	0	0	0	
356836	Cerebelum_Crus1_L	0	0	0	0	0	0	0	0	0	0	0	0	0	0	0	0	0	0	0	0	0	0	0	0	0	0	0	0	0	0	0	0	0	0	0	0	170	0	570	0	0	0	0	0	0	0	8208	1094	0	0	98	0	484	0	15726	256	0	0	0	0	0	0	0	0	0	0	0	0	0	0	0	0	0	0	0	0	0	0	0	0	0	0	0	0	0	0	0	0	2476	0	0	2842	28850	2360	798	148	15704	1150	48122	3070	6556	296	11124	1372	4208	768	2156	134	172	424	2644	7440	5450	1200	1348	1000	
394468	Cerebelum_Crus1_R	0	0	0	0	0	0	0	0	0	0	0	0	0	0	0	0	0	0	0	0	0	0	0	0	0	0	0	0	0	0	0	0	0	0	0	0	0	0	0	0	0	0	0	0	0	0	194	6894	0	0	0	0	0	0	0	13102	0	0	0	0	0	0	0	0	0	0	0	0	0	0	0	0	0	0	0	0	0	0	0	0	0	0	0	0	0	0	0	0	0	810	2842	0	1126	34224	180	2530	1674	17840	3846	50346	162	2812	770	9906	306	4588	112	5766	726	2264	5786	11474	9166	3554	3292	942	
261912	Cerebelum_Crus2_L	0	0	0	0	0	0	0	0	0	0	0	0	0	0	0	0	0	0	0	0	0	0	0	0	0	0	0	0	0	0	0	0	0	0	0	0	0	0	0	0	0	0	0	0	0	0	1008	200	0	0	0	0	0	0	1552	100	0	0	0	0	0	0	0	0	0	0	0	0	0	0	0	0	0	0	0	0	0	0	0	0	0	0	0	0	0	0	0	0	402	0	28850	1126	0	12222	0	0	1140	0	6786	894	23184	6794	20722	6164	3082	446	1148	152	0	0	254	1560	9210	3528	312	120	
293200	Cerebelum_Crus2_R	0	0	0	0	0	0	0	0	0	0	0	0	0	0	0	0	0	0	0	0	0	0	0	0	0	0	0	0	0	0	0	0	0	0	0	0	0	0	0	0	0	0	0	0	0	0	136	294	0	0	0	0	0	0	96	1278	0	0	0	0	0	0	0	0	0	0	0	0	0	0	0	0	0	0	0	0	0	0	0	0	0	0	0	0	0	0	0	0	0	152	2360	34224	12222	0	162	938	1110	2902	1780	12954	4472	15972	2780	19310	126	3832	0	3194	582	938	1652	2350	13250	5058	1944	532	
22832	Cerebelum_3_L	0	0	0	0	0	0	0	0	0	0	0	0	0	0	0	0	0	0	0	0	0	0	0	0	0	0	0	0	0	0	0	0	0	0	0	0	0	0	222	0	0	0	0	0	0	0	184	0	0	0	0	0	0	0	142	0	0	0	0	0	0	0	0	0	0	0	0	0	0	0	0	0	0	0	0	0	0	0	0	0	0	0	0	0	0	0	0	0	0	0	798	180	0	162	0	498	4020	0	1518	214	130	0	142	0	0	0	104	0	648	1526	696	0	106	126	0	0	
48732	Cerebelum_3_R	0	0	0	0	0	0	0	0	0	0	0	0	0	0	0	0	0	0	0	0	0	0	0	0	0	0	0	0	0	0	0	0	0	0	0	0	0	0	0	110	0	0	0	0	0	0	0	0	0	0	0	0	0	0	0	118	0	0	0	0	0	0	0	0	0	0	0	0	0	0	0	0	0	0	0	0	0	0	0	0	0	0	0	0	0	0	0	0	0	0	148	2530	0	938	498	0	1478	4132	698	4192	0	0	494	126	0	164	0	100	416	4054	2930	0	416	380	290	154	
230752	Cerebelum_4_5_L	0	0	0	0	0	0	0	0	0	0	0	0	0	0	0	0	0	0	0	0	0	0	0	0	0	0	0	0	0	0	0	0	0	0	0	0	0	0	462	0	0	0	0	0	0	0	9074	0	0	0	0	0	196	0	8250	0	0	0	0	0	0	0	0	0	0	0	0	0	0	0	0	0	0	0	0	0	0	0	0	0	0	0	0	0	0	0	0	0	224	0	15704	1674	1140	1110	4020	1478	0	2590	30808	3930	3014	0	5060	0	994	806	748	126	2248	4052	10598	3170	808	620	766	1706	
179572	Cerebelum_4_5_R	0	0	0	0	0	0	0	0	0	0	0	0	0	0	0	0	0	0	0	0	0	0	0	0	0	0	0	0	0	0	0	0	0	0	108	130	0	714	0	1208	0	0	0	0	0	0	252	4798	0	0	0	0	0	0	122	5884	0	0	0	0	0	0	0	0	0	0	0	570	0	0	0	0	0	162	0	0	0	0	0	0	0	0	0	0	0	0	0	0	0	0	1150	17840	0	2902	0	4132	2590	0	2404	26172	0	0	950	462	0	0	0	602	112	3842	10292	2174	214	0	0	0	
378100	Cerebelum_6_L	0	0	0	0	0	0	0	0	0	0	0	0	0	0	0	0	0	0	0	0	0	0	0	0	0	0	0	0	0	0	0	0	0	0	0	0	296	0	902	0	0	0	0	0	0	0	14442	1898	0	0	342	0	652	0	19274	646	0	0	0	0	0	0	0	0	0	0	0	0	0	0	0	0	0	0	0	0	0	0	0	0	0	0	0	0	0	0	0	0	662	0	48122	3846	6786	1780	1518	698	30808	2404	0	5602	5240	140	7722	244	3682	630	3708	108	1384	2202	6904	9518	3750	774	1232	1134	
374124	Cerebelum_6_R	0	0	0	0	0	0	0	0	0	0	0	0	0	0	0	0	0	0	0	0	0	0	0	0	0	0	0	0	0	0	0	0	0	0	0	0	0	0	0	170	0	0	0	272	0	0	626	9578	0	118	0	0	0	96	0	14676	0	0	0	0	0	0	0	0	0	0	0	0	0	0	0	0	0	0	0	0	0	0	0	0	0	0	0	0	0	0	0	0	0	428	3070	50346	894	12954	214	4192	3930	26172	5602	0	202	134	1690	2352	276	2384	134	3374	1102	4422	11266	12662	7118	3038	2626	944	
181964	Cerebelum_7b_L	0	0	0	0	0	0	0	0	0	0	0	0	0	0	0	0	0	0	0	0	0	0	0	0	0	0	0	0	0	0	0	0	0	0	0	0	0	0	0	0	0	0	0	0	0	0	592	0	0	0	0	0	0	0	0	0	0	0	0	0	0	0	0	0	0	0	0	0	0	0	0	0	0	0	0	0	0	0	0	0	0	0	0	0	0	0	0	0	0	0	6556	162	23184	4472	130	0	3014	0	5240	202	0	2370	23686	3758	4328	558	2082	132	290	436	488	0	4454	4418	430	0	
95176	Cerebelum_7b_R	0	0	0	0	0	0	0	0	0	0	0	0	0	0	0	0	0	0	0	0	0	0	0	0	0	0	0	0	0	0	0	0	0	0	0	0	0	0	0	0	0	0	0	0	0	0	0	0	0	0	0	0	0	0	0	0	0	0	0	0	0	0	0	0	0	0	0	0	0	0	0	0	0	0	0	0	0	0	0	0	0	0	0	0	0	0	0	0	0	0	296	2812	6794	15972	0	0	0	0	140	134	2370	0	774	11304	0	1228	0	154	0	0	0	190	4144	1276	0	0	
240724	Cerebelum_8_L	0	0	0	0	0	0	0	0	0	0	0	0	0	0	0	0	0	0	0	0	0	0	0	0	0	0	0	0	0	0	0	0	0	0	0	0	0	0	0	0	0	0	0	0	0	0	244	0	0	0	0	0	0	0	104	0	0	0	0	0	0	0	0	0	0	0	0	0	0	0	0	0	0	0	0	0	0	0	0	0	0	0	0	0	0	0	0	0	0	0	11124	770	20722	2780	142	494	5060	950	7722	1690	23686	774	0	3654	15556	1934	3784	172	980	1410	2750	256	4766	6090	2352	396	
176540	Cerebelum_8_R	0	0	0	0	0	0	0	0	0	0	0	0	0	0	0	0	0	0	0	0	0	0	0	0	0	0	0	0	0	0	0	0	0	0	0	0	0	0	0	0	0	0	0	0	0	0	0	164	0	0	0	0	0	0	0	0	0	0	0	0	0	0	0	0	0	0	0	0	0	0	0	0	0	0	0	0	0	0	0	0	0	0	0	0	0	0	0	0	0	0	1372	9906	6164	19310	0	126	0	462	244	2352	3758	11304	3654	0	264	8856	0	4500	0	140	216	354	8510	5108	1506	0	
92256	Cerebelum_9_L	0	0	0	0	0	0	0	0	0	0	0	0	0	0	0	0	0	0	0	0	0	0	0	0	0	0	0	0	0	0	0	0	0	0	0	0	0	0	0	0	0	0	0	0	0	0	0	0	0	0	0	0	0	0	0	0	0	0	0	0	0	0	0	0	0	0	0	0	0	0	0	0	0	0	0	0	0	0	0	0	0	0	0	0	0	0	0	0	0	0	4208	306	3082	126	0	0	994	0	3682	276	4328	0	15556	264	0	1370	4908	0	0	0	276	1040	1332	1526	1966	888	
103136	Cerebelum_9_R	0	0	0	0	0	0	0	0	0	0	0	0	0	0	0	0	0	0	0	0	0	0	0	0	0	0	0	0	0	0	0	0	0	0	0	0	0	0	0	0	0	0	0	0	0	0	0	0	0	0	0	0	0	0	0	0	0	0	0	0	0	0	0	0	0	0	0	0	0	0	0	0	0	0	0	0	0	0	0	0	0	0	0	0	0	0	0	0	0	0	768	4588	446	3832	0	164	806	0	630	2384	558	1228	1934	8856	1370	0	0	2102	282	560	836	1572	5304	5186	5954	2208	
39132	Cerebelum_10_L	0	0	0	0	0	0	0	0	0	0	0	0	0	0	0	0	0	0	0	0	0	0	0	0	0	0	0	0	0	0	0	0	0	0	0	0	0	0	0	0	0	0	0	0	0	0	0	0	0	0	0	0	0	0	0	0	0	0	0	0	0	0	0	0	0	0	0	0	0	0	0	0	0	0	0	0	0	0	0	0	0	0	0	0	0	0	0	0	0	0	2156	112	1148	0	104	0	748	0	3708	134	2082	0	3784	0	4908	0	0	0	0	0	176	166	208	0	132	0	
48468	Cerebelum_10_R	0	0	0	0	0	0	0	0	0	0	0	0	0	0	0	0	0	0	0	0	0	0	0	0	0	0	0	0	0	0	0	0	0	0	0	0	0	0	0	0	0	0	0	0	0	0	0	0	0	0	0	0	0	0	0	108	0	0	0	0	0	0	0	0	0	0	0	0	0	0	0	0	0	0	0	0	0	0	0	0	0	0	0	0	0	0	0	0	0	0	134	5766	152	3194	0	100	126	602	108	3374	132	154	172	4500	0	2102	0	0	0	102	324	0	1724	684	676	0	
32468	Vermis_1_2	0	0	0	0	0	0	0	0	0	0	0	0	0	0	0	0	0	0	0	0	0	0	0	0	0	0	0	0	0	0	0	0	0	0	0	0	0	0	0	0	0	0	0	0	0	0	0	0	0	0	0	0	0	0	0	0	0	0	0	0	0	0	0	0	0	0	0	0	0	0	0	0	0	0	0	0	0	0	0	0	0	0	0	0	0	0	0	0	0	0	172	726	0	582	648	416	2248	112	1384	1102	290	0	980	0	0	282	0	0	0	3678	2038	206	406	292	386	286	
78868	Vermis_3	0	0	0	0	0	0	0	0	0	0	0	0	0	0	0	0	0	0	0	0	0	0	0	0	0	0	0	0	0	0	0	0	0	0	0	0	0	0	0	0	0	0	0	0	0	0	150	0	0	0	0	0	0	0	0	0	0	0	0	0	0	0	0	0	0	0	0	0	0	0	0	0	0	0	0	0	0	0	0	0	0	0	0	0	0	0	0	0	0	0	424	2264	0	938	1526	4054	4052	3842	2202	4422	436	0	1410	140	0	560	0	102	3678	0	6008	442	810	686	738	550	
197616	Vermis_4_5	0	0	0	0	0	0	0	0	0	0	0	0	0	0	0	0	0	0	0	112	0	0	0	0	0	0	0	0	0	0	0	0	0	512	856	4238	644	0	434	216	0	0	0	494	186	918	1216	4060	0	0	0	116	0	464	370	840	0	102	0	0	0	0	0	0	0	142	904	4678	0	126	0	0	0	0	0	0	0	0	0	0	0	0	0	0	0	782	0	0	0	638	2644	5786	254	1652	696	2930	10598	10292	6904	11266	488	0	2750	216	276	836	176	324	2038	6008	0	5648	774	630	770	1804	
161220	Vermis_6	0	0	0	0	0	0	0	0	0	0	0	0	0	0	0	0	0	0	0	0	0	0	0	0	0	0	0	0	0	0	0	0	0	0	0	0	0	0	0	0	0	0	0	0	0	0	1810	5562	0	0	106	0	0	0	658	1772	0	0	0	0	0	0	0	0	0	0	0	0	0	0	0	0	0	0	0	0	0	0	0	0	0	0	0	0	0	0	0	0	0	0	7440	11474	1560	2350	0	0	3170	2174	9518	12662	0	190	256	354	1040	1572	166	0	206	442	5648	0	5260	788	1446	2986	
212384	Vermis_7	0	0	0	0	0	0	0	0	0	0	0	0	0	0	0	0	0	0	0	0	0	0	0	0	0	0	0	0	0	0	0	0	0	0	0	0	0	0	0	0	0	0	0	0	0	0	734	826	0	0	0	0	0	0	386	404	0	0	0	0	0	0	0	0	0	0	0	0	0	0	0	0	0	0	0	0	0	0	0	0	0	0	0	0	0	0	0	0	0	0	5450	9166	9210	13250	106	416	808	214	3750	7118	4454	4144	4766	8510	1332	5304	208	1724	406	810	774	5260	0	8840	6036	1786	
