data	data	681464	298920	1.0221e+06	739400	161108	84668	469788	257676	103364	26576	277512	256388	338308	227848	189708	130884	260428	208504	968552	627516	94572	87464	321428	297168	41468	96272	42184	59044	622212	484572	320708	475292	196748	513492	117092	130968	345504	405564	173932	330024	55176	57200	258496	383356	243588	417316	263884	369344	285880	360024	533584	279308	229724	125432	527512	550868	265628	230052	162136	173084	194648	60424	139112	114820	100768	119132	388696	472668	214284	199236	231072	351808	345148	401356	44796	48956	106064	181760	111676	50500	290584	161872	93764	59992	318852	214484	11140	19508	326076	248104	477576	437012	292700	307780	57076	69652	308812	239200	457288	458208	233148	179160	316348	335048	113816	96672	21624	11568	42064	77268	234424	223548	244668	183860	91760	45500	
data	data	Precentral_L	Precentral_R	Frontal_Sup_L	Frontal_Sup_R	Frontal_Sup_Orb_L	Frontal_Sup_Orb_R	Frontal_Mid_L	Frontal_Mid_R	Frontal_Mid_Orb_L	Frontal_Mid_Orb_R	Frontal_Inf_Oper_L	Frontal_Inf_Oper_R	Frontal_Inf_Tri_L	Frontal_Inf_Tri_R	Frontal_Inf_Orb_L	Frontal_Inf_Orb_R	Rolandic_Oper_L	Rolandic_Oper_R	Supp_Motor_Area_L	Supp_Motor_Area_R	Olfactory_L	Olfactory_R	Frontal_Sup_Medial_L	Frontal_Sup_Medial_R	Frontal_Med_Orb_L	Frontal_Med_Orb_R	Rectus_L	Rectus_R	Insula_L	Insula_R	Cingulum_Ant_L	Cingulum_Ant_R	Cingulum_Mid_L	Cingulum_Mid_R	Cingulum_Post_L	Cingulum_Post_R	Hippocampus_L	Hippocampus_R	ParaHippocampal_L	ParaHippocampal_R	Amygdala_L	Amygdala_R	Calcarine_L	Calcarine_R	Cuneus_L	Cuneus_R	Lingual_L	Lingual_R	Occipital_Sup_L	Occipital_Sup_R	Occipital_Mid_L	Occipital_Mid_R	Occipital_Inf_L	Occipital_Inf_R	Fusiform_L	Fusiform_R	Postcentral_L	Postcentral_R	Parietal_Sup_L	Parietal_Sup_R	Parietal_Inf_L	Parietal_Inf_R	SupraMarginal_L	SupraMarginal_R	Angular_L	Angular_R	Precuneus_L	Precuneus_R	Paracentral_Lobule_L	Paracentral_Lobule_R	Caudate_L	Caudate_R	Putamen_L	Putamen_R	Pallidum_L	Pallidum_R	Thalamus_L	Thalamus_R	Heschl_L	Heschl_R	Temporal_Sup_L	Temporal_Sup_R	Temporal_Pole_Sup_L	Temporal_Pole_Sup_R	Temporal_Mid_L	Temporal_Mid_R	Temporal_Pole_Mid_L	Temporal_Pole_Mid_R	Temporal_Inf_L	Temporal_Inf_R	Cerebelum_Crus1_L	Cerebelum_Crus1_R	Cerebelum_Crus2_L	Cerebelum_Crus2_R	Cerebelum_3_L	Cerebelum_3_R	Cerebelum_4_5_L	Cerebelum_4_5_R	Cerebelum_6_L	Cerebelum_6_R	Cerebelum_7b_L	Cerebelum_7b_R	Cerebelum_8_L	Cerebelum_8_R	Cerebelum_9_L	Cerebelum_9_R	Cerebelum_10_L	Cerebelum_10_R	Vermis_1_2	Vermis_3	Vermis_4_5	Vermis_6	Vermis_7	Vermis_8	Vermis_9	Vermis_10	
681464	Precentral_L	0	1668	40122	4520	0	0	23190	134	0	0	16110	266	5676	0	708	0	14078	148	44846	9624	0	0	880	0	0	0	0	0	27018	492	2856	844	1192	3970	1982	1440	10898	2462	1032	1378	190	0	630	0	254	0	116	522	440	0	1884	0	1410	0	4398	544	28698	0	358	0	5254	0	4178	0	114	0	1438	0	15456	2650	8598	518	16798	274	2340	114	7610	2182	3982	0	6878	0	828	0	1624	0	0	0	2802	0	0	0	0	0	0	0	0	0	116	0	0	0	0	0	0	0	0	0	0	0	0	0	0	0	0	0	
298920	Precentral_R	1668	0	2562	17806	0	0	0	18422	0	0	0	12424	0	5948	0	170	0	3332	4200	6550	0	0	0	98	0	0	0	0	0	3604	94	414	0	2018	0	408	0	4964	0	2616	0	0	0	1596	0	960	0	204	0	642	0	1050	0	0	0	2714	0	17622	0	162	0	624	0	2508	0	270	0	3022	1162	3950	932	4268	0	6156	0	960	1240	9644	0	126	0	274	0	0	0	336	0	0	0	1276	0	108	0	0	0	0	0	118	0	238	0	0	0	0	0	0	0	0	0	0	0	0	0	0	0	0	
1.0221e+06	Frontal_Sup_L	40122	2562	0	6314	10706	0	71078	1856	4074	0	19374	684	31594	254	11354	880	8148	418	92504	6262	580	0	42840	3392	1072	0	352	0	37894	966	23624	5336	7912	2592	0	102	7618	554	1186	476	308	0	0	0	0	0	0	274	0	0	0	0	318	0	3440	132	2356	152	0	0	198	0	190	0	0	0	0	0	3266	106	10108	2954	22242	872	2040	196	6806	128	1340	0	4596	0	2008	0	520	0	0	0	1818	0	0	0	0	0	0	0	0	0	0	0	0	0	0	0	0	0	0	0	0	0	0	0	0	0	0	0	
739400	Frontal_Sup_R	4520	17806	6314	0	120	5324	448	32512	0	586	0	7440	0	8974	0	6646	0	8550	25514	56042	0	290	7338	36562	218	5540	0	496	0	16864	4046	29102	4460	28266	0	108	164	4068	0	2544	0	144	0	142	0	0	0	0	0	0	0	0	0	0	0	792	0	1188	0	0	0	0	0	108	0	0	0	234	1648	0	738	16346	0	11048	0	1690	1092	12872	0	0	0	156	0	452	0	0	0	0	0	188	0	0	0	0	0	0	0	0	0	0	0	0	0	0	0	0	0	0	0	0	0	0	0	0	0	0	
161108	Frontal_Sup_Orb_L	0	0	10706	120	0	0	2488	0	15412	0	0	0	1590	0	14974	0	0	0	142	0	2756	0	3374	188	4980	322	5832	0	5766	0	4326	0	0	0	0	0	0	0	210	0	240	0	0	0	0	0	0	0	0	0	0	0	0	0	0	0	0	0	0	0	0	0	0	0	0	0	0	0	0	0	1160	0	5372	0	0	0	0	0	0	0	0	0	596	0	0	0	0	0	0	0	0	0	0	0	0	0	0	0	0	0	0	0	0	0	0	0	0	0	0	0	0	0	0	0	0	0	
84668	Frontal_Sup_Orb_R	0	0	0	5324	0	0	0	656	0	4838	0	0	0	526	0	5898	0	0	0	0	998	2280	0	2902	298	7492	0	6230	0	750	0	1036	0	0	0	0	0	0	0	0	0	0	0	0	0	0	0	0	0	0	0	0	0	0	0	0	0	0	0	0	0	0	0	0	0	0	0	0	0	0	954	964	640	548	0	0	0	0	0	0	0	0	0	0	0	0	0	0	0	0	0	0	0	0	0	0	0	0	0	0	0	0	0	0	0	0	0	0	0	0	0	0	0	0	0	0	
469788	Frontal_Mid_L	23190	0	71078	448	2488	0	0	0	2710	0	17870	0	42958	0	7336	0	2956	0	13238	110	0	0	15230	610	0	0	0	0	13884	0	4982	490	4354	558	0	0	892	0	0	0	0	0	0	0	0	0	0	0	0	0	250	0	312	0	404	0	2966	0	0	0	2086	0	160	0	0	0	0	0	0	0	296	0	660	0	0	0	122	0	696	0	658	0	356	0	196	0	0	0	350	0	0	0	0	0	0	0	0	0	0	0	0	0	0	0	0	0	0	0	0	0	0	0	0	0	0	0	
257676	Frontal_Mid_R	134	18422	1856	32512	0	656	0	0	0	722	0	11584	0	16340	0	2548	0	1074	3238	6190	0	0	420	3986	0	0	0	0	0	6728	184	2246	178	1906	0	0	0	2106	0	1744	0	0	0	242	0	108	0	0	0	120	0	214	0	0	0	550	0	2026	0	0	0	0	0	380	0	0	0	452	0	0	434	2214	0	3262	0	1606	0	2318	0	0	0	0	0	0	0	0	0	0	0	138	0	0	0	0	0	0	0	0	0	0	0	0	0	0	0	0	0	0	0	0	0	0	0	0	0	0	
103364	Frontal_Mid_Orb_L	0	0	4074	0	15412	0	2710	0	0	0	0	0	2474	0	16818	0	0	0	0	0	550	0	304	0	1210	0	2646	0	1854	0	736	0	0	0	0	0	0	0	0	0	0	0	0	0	0	0	0	0	0	0	0	0	0	0	0	0	0	0	0	0	0	0	0	0	0	0	0	0	0	0	458	0	2110	0	0	0	0	0	0	0	0	0	326	0	0	0	0	0	0	0	0	0	0	0	0	0	0	0	0	0	0	0	0	0	0	0	0	0	0	0	0	0	0	0	0	0	
26576	Frontal_Mid_Orb_R	0	0	0	586	0	4838	0	722	0	0	0	0	0	974	0	5278	0	0	0	0	0	0	0	402	0	232	0	0	0	148	0	108	0	0	0	0	0	0	0	0	0	0	0	0	0	0	0	0	0	0	0	0	0	0	0	0	0	0	0	0	0	0	0	0	0	0	0	0	0	0	0	0	0	0	0	0	0	0	0	0	0	0	0	0	0	0	0	0	0	0	0	0	0	0	0	0	0	0	0	0	0	0	0	0	0	0	0	0	0	0	0	0	0	0	0	0	
277512	Frontal_Inf_Oper_L	16110	0	19374	0	0	0	17870	0	0	0	0	0	20176	0	560	0	10010	0	16250	0	0	0	470	0	0	0	0	0	18392	0	596	0	120	0	0	0	658	0	120	0	0	0	0	0	0	0	0	0	0	0	0	0	466	0	854	0	4392	0	0	0	750	0	512	0	0	0	0	0	0	0	350	0	1290	0	0	0	148	0	1818	0	3866	0	2772	0	174	0	0	0	658	0	0	0	0	0	0	0	0	0	0	0	0	0	0	0	0	0	0	0	0	0	0	0	0	0	0	0	
256388	Frontal_Inf_Oper_R	266	12424	684	7440	0	0	0	11584	0	0	0	0	0	20154	0	504	0	10324	4122	5818	0	0	0	276	0	0	0	0	0	19204	474	3506	0	1670	0	0	0	3166	0	2252	0	0	0	94	0	0	0	0	0	0	0	0	0	0	0	2108	0	3444	0	0	0	0	0	144	0	0	0	156	0	0	736	5204	166	6678	0	516	0	608	0	166	0	1072	0	2158	0	94	0	0	0	544	0	98	0	0	0	0	0	112	0	228	0	0	0	0	0	0	0	0	0	0	0	0	0	0	0	0	
338308	Frontal_Inf_Tri_L	5676	0	31594	0	1590	0	42958	0	2474	0	20176	0	0	0	15632	0	566	0	12444	0	0	0	1244	0	0	0	0	0	23516	100	1756	182	496	0	0	0	468	0	104	0	0	0	0	0	0	0	0	0	0	0	0	0	240	0	414	0	472	0	0	0	306	0	0	0	0	0	0	0	0	0	2374	186	1532	0	0	0	108	0	660	0	302	0	1308	0	0	0	0	0	276	0	0	0	0	0	0	0	0	0	0	0	0	0	0	0	0	0	0	0	0	0	0	0	0	0	0	0	
227848	Frontal_Inf_Tri_R	0	5948	254	8974	0	526	0	16340	0	974	0	20154	0	0	0	6494	0	1260	4096	5880	0	0	0	1006	0	0	0	0	0	17462	532	3642	120	3354	0	0	0	2240	0	1764	0	0	0	0	0	0	0	0	0	0	0	0	0	0	0	1698	0	154	0	0	0	0	0	0	0	0	0	0	0	0	150	3596	0	5666	0	412	0	308	0	0	0	0	0	150	0	0	0	0	0	338	0	98	0	0	0	0	0	108	0	226	0	0	0	0	0	0	0	0	0	0	0	0	0	0	0	0	
189708	Frontal_Inf_Orb_L	708	0	11354	0	14974	0	7336	0	16818	0	560	0	15632	0	0	0	0	0	2106	0	2640	0	116	0	270	0	2590	0	10724	0	394	0	130	0	0	0	106	0	180	0	168	0	0	0	0	0	0	0	0	0	0	0	0	0	0	0	0	0	0	0	0	0	0	0	0	0	0	0	0	0	2476	182	2754	0	0	0	0	0	0	0	0	0	2636	0	0	0	0	0	0	0	0	0	0	0	0	0	0	0	0	0	0	0	0	0	0	0	0	0	0	0	0	0	0	0	0	0	
130884	Frontal_Inf_Orb_R	0	170	880	6646	0	5898	0	2548	0	5278	0	504	0	6494	0	0	0	132	1882	1724	162	1412	0	2490	0	1424	0	964	0	13112	256	3266	102	1648	0	0	0	166	0	322	0	284	0	0	0	0	0	0	0	0	0	0	0	0	0	120	0	0	0	0	0	0	0	0	0	0	0	0	0	0	516	4490	0	2088	0	0	0	0	0	0	0	0	0	464	0	0	0	0	0	0	0	0	0	0	0	0	0	0	0	0	0	0	0	0	0	0	0	0	0	0	0	0	0	0	0	0	
260428	Rolandic_Oper_L	14078	0	8148	0	0	0	2956	0	0	0	10010	0	566	0	0	0	0	0	7950	0	0	0	0	0	0	0	0	0	19186	0	0	0	0	0	96	138	636	144	0	0	0	0	0	0	0	0	228	0	1530	0	3998	0	2270	0	2204	0	10754	0	1104	0	1032	0	7832	0	474	0	1286	0	1888	0	0	0	394	0	0	0	0	0	5584	0	16940	0	2238	0	3368	0	0	0	3182	0	0	0	0	0	0	0	0	0	0	0	0	0	0	0	0	0	0	0	0	0	0	0	0	0	0	0	
208504	Rolandic_Oper_R	148	3332	418	8550	0	0	0	1074	0	0	0	10324	0	1260	0	132	0	0	2206	8708	0	0	0	96	0	0	0	0	0	24224	282	1310	0	472	0	0	0	3022	0	744	0	0	0	244	0	0	0	0	0	0	0	0	0	0	0	1248	0	5334	0	0	0	0	0	1590	0	0	0	286	408	0	568	4798	0	7612	0	442	0	5512	0	1678	0	5174	0	2212	0	122	0	0	0	722	0	0	0	0	0	0	0	0	0	0	0	0	0	0	0	0	0	0	0	0	0	0	0	0	0	0	
968552	Supp_Motor_Area_L	44846	4200	92504	25514	142	0	13238	3238	0	0	16250	4122	12444	4096	2106	1882	7950	2206	0	47230	0	0	9750	5192	0	0	0	0	25580	5076	10488	15362	11692	30668	560	202	5872	1142	920	978	192	0	106	0	496	0	0	276	0	0	0	0	126	0	3212	388	2172	200	0	0	0	0	174	0	0	0	696	0	11538	1448	11078	5436	21108	4320	4764	410	776	178	962	0	4586	148	1748	452	304	0	0	0	1532	0	0	0	0	0	0	0	0	0	0	0	0	0	0	0	0	0	0	0	0	0	0	0	0	0	0	0	
627516	Supp_Motor_Area_R	9624	6550	6262	56042	0	0	110	6190	0	0	0	5818	0	5880	0	1724	0	8708	47230	0	0	0	1162	6858	0	0	0	0	0	12288	1706	14792	5714	42816	970	4656	0	2788	0	1670	0	0	0	136	174	144	0	0	0	0	0	0	0	0	0	878	0	646	0	0	0	0	0	0	0	0	602	814	11780	18218	998	14264	0	7786	0	986	118	4406	0	0	0	220	0	510	0	164	0	0	0	1356	0	0	0	0	0	0	0	0	0	0	0	0	0	0	0	0	0	0	0	0	0	0	0	0	0	0	
94572	Olfactory_L	0	0	580	0	2756	998	0	0	550	0	0	0	0	0	2640	162	0	0	0	0	0	5222	0	0	458	344	2316	1628	4096	0	2236	986	0	0	0	0	1294	0	1266	0	1628	0	0	0	0	0	0	0	0	0	0	0	0	0	928	0	0	0	0	0	0	0	0	0	0	0	0	0	0	0	7266	2922	4992	718	186	0	0	0	0	0	156	0	776	0	0	0	0	0	182	0	0	0	0	0	0	0	0	0	0	0	0	0	0	0	0	0	0	0	0	0	0	0	0	0	0	0	
87464	Olfactory_R	0	0	0	290	0	2280	0	0	0	0	0	0	0	0	0	1412	0	0	0	0	5222	0	0	184	0	2158	292	3856	0	1954	1744	2400	0	0	0	0	0	0	0	250	0	1036	0	0	0	0	0	0	0	0	0	0	0	0	0	0	0	0	0	0	0	0	0	0	0	0	0	0	0	0	7112	6314	4422	2024	484	0	0	0	0	0	0	0	0	298	0	0	0	0	0	0	0	0	0	0	0	0	0	0	0	0	0	0	0	0	0	0	0	0	0	0	0	0	0	0	0	0	
321428	Frontal_Sup_Medial_L	880	0	42840	7338	3374	0	15230	420	304	0	470	0	1244	0	116	0	0	0	9750	1162	0	0	0	14286	2638	562	416	0	2364	106	24634	10190	10144	8464	0	0	0	0	0	0	0	0	0	0	0	0	0	0	0	0	0	0	0	0	0	0	0	0	0	0	0	0	0	0	0	0	0	0	0	0	624	114	3044	0	0	0	0	0	0	0	0	0	0	0	0	0	0	0	0	0	0	0	0	0	0	0	0	0	0	0	0	0	0	0	0	0	0	0	0	0	0	0	0	0	0	0	
297168	Frontal_Sup_Medial_R	0	98	3392	36562	188	2902	610	3986	0	402	0	276	0	1006	0	2490	0	96	5192	6858	0	184	14286	0	526	6880	0	488	0	4290	5912	23956	2490	16884	0	0	0	320	0	126	0	144	0	0	0	0	0	0	0	0	0	0	0	0	0	214	0	0	0	0	0	0	0	0	0	0	0	0	0	0	168	3332	0	4184	0	0	0	0	0	0	0	0	0	0	0	0	0	0	0	142	0	0	0	0	0	0	0	0	0	0	0	0	0	0	0	0	0	0	0	0	0	0	0	0	0	0	
41468	Frontal_Med_Orb_L	0	0	1072	218	4980	298	0	0	1210	0	0	0	0	0	270	0	0	0	0	0	458	0	2638	526	0	1076	2036	192	0	0	4442	240	0	0	0	0	0	0	0	0	0	0	0	0	0	0	0	0	0	0	0	0	0	0	0	0	0	0	0	0	0	0	0	0	0	0	0	0	0	0	454	0	624	0	0	0	0	0	0	0	0	0	0	0	0	0	0	0	0	0	0	0	0	0	0	0	0	0	0	0	0	0	0	0	0	0	0	0	0	0	0	0	0	0	0	0	
96272	Frontal_Med_Orb_R	0	0	0	5540	322	7492	0	0	0	232	0	0	0	0	0	1424	0	0	0	0	344	2158	562	6880	1076	0	110	6640	0	1662	680	4370	0	196	0	0	0	0	0	0	0	298	0	0	0	0	0	0	0	0	0	0	0	0	0	0	0	0	0	0	0	0	0	0	0	0	0	0	0	0	252	2786	172	4940	0	0	0	0	0	0	0	0	0	0	0	0	0	0	0	0	0	0	0	0	0	0	0	0	0	0	0	0	0	0	0	0	0	0	0	0	0	0	0	0	0	0	
42184	Rectus_L	0	0	352	0	5832	0	0	0	2646	0	0	0	0	0	2590	0	0	0	0	0	2316	292	416	0	2036	110	0	124	612	0	1508	0	0	0	0	0	0	0	0	0	0	0	0	0	0	0	0	0	0	0	0	0	0	0	0	0	0	0	0	0	0	0	0	0	0	0	0	0	0	0	1552	0	706	0	0	0	0	0	0	0	0	0	0	0	0	0	0	0	0	0	0	0	0	0	0	0	0	0	0	0	0	0	0	0	0	0	0	0	0	0	0	0	0	0	0	0	
59044	Rectus_R	0	0	0	496	0	6230	0	0	0	0	0	0	0	0	0	964	0	0	0	0	1628	3856	0	488	192	6640	124	0	0	244	218	1850	0	0	0	0	0	0	0	0	0	0	0	0	0	0	0	0	0	0	0	0	0	0	0	0	0	0	0	0	0	0	0	0	0	0	0	0	0	0	1574	2444	1190	1384	0	0	0	0	0	0	0	0	0	0	0	0	0	0	0	0	0	0	0	0	0	0	0	0	0	0	0	0	0	0	0	0	0	0	0	0	0	0	0	0	0	0	
622212	Insula_L	27018	0	37894	0	5766	0	13884	0	1854	0	18392	0	23516	0	10724	0	19186	0	25580	0	4096	0	2364	0	0	0	612	0	0	0	2640	132	352	0	280	484	12294	502	2698	258	4036	0	0	0	0	0	196	0	724	0	1998	0	3098	0	11172	0	5180	0	516	0	1096	0	2842	0	396	0	666	0	874	0	1360	0	16512	0	0	0	1050	0	8482	0	17230	0	5636	0	7066	0	0	0	9996	0	0	0	0	0	0	0	238	0	216	0	0	0	0	0	0	0	0	0	0	0	0	0	0	0	0	0	
484572	Insula_R	492	3604	966	16864	0	750	0	6728	0	148	0	19204	100	17462	0	13112	0	24224	5076	12288	0	1954	106	4290	0	1662	0	244	0	0	1276	11792	214	2892	0	132	206	9644	0	4610	0	1968	0	344	0	134	0	530	0	0	0	0	0	0	0	7048	0	1508	0	0	0	0	0	186	0	0	0	450	422	0	1280	13502	226	21844	0	292	152	5554	0	5206	0	10360	0	2678	0	4624	0	0	0	3562	0	94	0	0	0	0	0	0	0	282	0	0	0	0	0	0	0	0	0	0	0	0	0	0	0	0	
320708	Cingulum_Ant_L	2856	94	23624	4046	4326	0	4982	184	736	0	596	474	1756	532	394	256	0	282	10488	1706	2236	1744	24634	5912	4442	680	1508	218	2640	1276	0	17940	8568	6314	470	0	0	206	0	156	0	0	0	0	0	0	0	0	0	0	0	0	0	0	0	164	0	0	0	0	0	0	0	0	0	0	0	0	0	0	8040	3862	9520	2492	0	0	0	0	0	0	0	0	0	0	0	0	0	0	0	0	0	0	0	0	0	0	0	0	0	0	0	0	0	0	0	0	0	0	0	0	0	0	0	0	0	0	
475292	Cingulum_Ant_R	844	414	5336	29102	0	1036	490	2246	0	108	0	3506	182	3642	0	3266	0	1310	15362	14792	986	2400	10190	23956	240	4370	0	1850	132	11792	17940	0	7330	31796	0	0	0	760	0	438	0	0	0	0	0	0	0	0	0	0	0	0	0	0	0	450	0	0	0	0	0	0	0	0	0	0	0	0	0	0	2730	20168	1196	16490	0	146	0	0	0	0	0	182	0	314	0	0	0	0	0	154	0	0	0	0	0	0	0	0	0	0	0	0	0	0	0	0	0	0	0	0	0	0	0	0	0	0	
196748	Cingulum_Mid_L	1192	0	7912	4460	0	0	4354	178	0	0	120	0	496	120	130	102	0	0	11692	5714	0	0	10144	2490	0	0	0	0	352	214	8568	7330	0	16096	2698	816	0	0	0	0	0	0	278	0	1262	0	0	0	466	0	818	0	0	0	0	0	456	0	526	0	104	0	0	0	0	0	3828	874	3310	758	94	170	112	140	0	0	0	0	0	0	0	0	0	0	0	0	0	0	0	0	0	0	0	0	0	0	0	0	0	0	0	0	0	0	0	0	0	0	0	0	0	0	0	0	0	0	
513492	Cingulum_Mid_R	3970	2018	2592	28266	0	0	558	1906	0	0	0	1670	0	3354	0	1648	0	472	30668	42816	0	0	8464	16884	0	196	0	0	0	2892	6314	31796	16096	0	1854	9210	0	406	0	196	0	0	0	1538	0	780	0	588	0	584	0	1064	0	106	0	304	0	3036	0	0	0	0	0	0	0	0	1714	6430	5570	11858	148	3810	0	3266	0	0	0	0	0	0	0	0	0	104	0	514	0	0	0	1086	0	0	0	0	0	0	0	0	0	0	0	0	0	0	0	0	0	0	0	0	0	0	0	0	0	0	
117092	Cingulum_Post_L	1982	0	0	0	0	0	0	0	0	0	0	0	0	0	0	0	96	0	560	970	0	0	0	0	0	0	0	0	280	0	470	0	2698	1854	0	7390	4434	2814	2880	1974	0	0	2806	0	2662	0	3420	418	848	0	404	0	420	0	1112	454	270	0	0	0	0	0	0	0	0	0	9626	950	5096	804	0	0	0	106	0	0	0	372	186	0	0	0	0	0	0	0	0	0	190	0	0	0	0	0	0	0	0	0	0	0	0	0	0	0	0	0	0	0	0	0	0	0	0	0	0	0	
130968	Cingulum_Post_R	1440	408	102	108	0	0	0	0	0	0	0	0	0	0	0	0	138	0	202	4656	0	0	0	0	0	0	0	0	484	132	0	0	816	9210	7390	0	4338	5840	1988	3742	0	0	114	716	0	348	968	2008	0	0	0	0	0	0	572	1168	114	658	0	0	0	0	96	0	0	0	1112	6270	842	5262	0	0	140	126	0	0	484	1528	298	0	0	0	0	0	0	0	0	0	0	954	0	0	0	0	0	0	0	0	0	0	0	0	0	0	0	0	0	0	0	0	712	0	0	0	0	0	
345504	Hippocampus_L	10898	0	7618	164	0	0	892	0	0	0	658	0	468	0	106	0	636	0	5872	0	1294	0	0	0	0	0	0	0	12294	206	0	0	0	0	4434	4338	0	5312	19562	3708	8768	0	1392	0	0	0	5358	2694	0	0	152	0	650	0	26284	932	832	0	0	0	0	0	390	0	0	0	1748	478	980	0	94	0	11042	118	114	0	4620	2558	3074	0	2990	0	620	0	1162	0	0	0	9618	0	1528	132	298	102	0	0	2146	0	2108	124	0	0	252	0	414	0	0	0	0	0	0	196	324	0	0	0	
405564	Hippocampus_R	2462	4964	554	4068	0	0	0	2106	0	0	0	3166	0	2240	0	166	144	3022	1142	2788	0	0	0	320	0	0	0	0	502	9644	206	760	0	406	2814	5840	5312	0	1982	43430	0	8998	0	618	0	0	834	4642	0	0	0	0	0	148	588	33988	132	1006	0	0	0	0	98	0	0	0	0	2520	128	620	362	1066	252	19242	0	4086	1914	8478	304	1170	0	1464	0	136	0	550	0	0	0	5716	0	962	0	0	0	202	0	2176	0	2076	0	0	0	0	0	0	0	0	0	0	268	0	0	0	0	0	
173932	ParaHippocampal_L	1032	0	1186	0	210	0	0	0	0	0	120	0	104	0	180	0	0	0	920	0	1266	0	0	0	0	0	0	0	2698	0	0	0	0	0	2880	1988	19562	1982	0	1544	4404	0	1098	0	0	0	7840	1826	0	0	462	0	2264	0	15418	374	0	0	0	0	0	0	0	0	0	0	1252	458	214	0	0	0	2856	0	0	0	858	784	508	0	264	0	492	0	0	0	148	0	1450	0	1332	210	228	140	206	0	2698	0	1462	216	0	0	312	0	556	0	0	0	0	144	136	264	420	0	0	0	
330024	ParaHippocampal_R	1378	2616	476	2544	0	0	0	1744	0	0	0	2252	0	1764	0	322	0	744	978	1670	0	250	0	126	0	0	0	0	258	4610	156	438	0	196	1974	3742	3708	43430	1544	0	0	7090	0	750	0	0	678	6212	0	0	0	0	0	124	484	28658	0	282	0	0	0	0	0	0	0	0	0	2676	0	0	276	664	130	14434	0	3996	1218	5930	130	466	0	900	0	1934	0	214	0	1216	0	2848	0	1032	0	0	0	322	0	3090	0	2170	0	0	0	0	0	0	0	0	0	0	168	0	0	0	0	0	
55176	Amygdala_L	190	0	308	0	240	0	0	0	0	0	0	0	0	0	168	0	0	0	192	0	1628	0	0	0	0	0	0	0	4036	0	0	0	0	0	0	0	8768	0	4404	0	0	0	0	0	0	0	0	206	0	0	0	0	0	0	4884	0	0	0	0	0	0	0	0	0	0	0	0	0	0	0	0	0	1250	0	0	0	116	0	0	0	154	0	322	0	0	0	0	0	592	0	0	0	0	0	0	0	130	0	0	0	0	0	0	0	0	0	0	0	0	0	0	0	0	0	0	0	
57200	Amygdala_R	0	0	0	144	0	0	0	0	0	0	0	0	0	0	0	284	0	0	0	0	0	1036	0	144	0	298	0	0	0	1968	0	0	0	0	0	0	0	8998	0	7090	0	0	0	0	0	0	0	0	0	0	0	0	0	0	0	5538	0	0	0	0	0	0	0	0	0	0	0	0	0	0	0	0	0	1500	0	0	0	0	0	0	0	0	0	940	0	0	0	194	0	194	0	0	0	0	0	0	0	272	0	0	0	0	0	0	0	0	0	0	0	0	0	0	0	0	0	0	
258496	Calcarine_L	630	0	0	0	0	0	0	0	0	0	0	0	0	0	0	0	0	0	106	0	0	0	0	0	0	0	0	0	0	0	0	0	278	0	2806	114	1392	0	1098	0	0	0	0	8010	11936	4260	17442	2374	10110	1552	24386	416	9966	0	5408	96	1102	0	580	218	372	0	0	0	0	0	16312	1636	708	0	0	0	0	0	0	0	0	0	0	0	112	0	0	0	3508	0	0	0	2044	94	0	0	0	0	0	0	0	0	0	0	0	0	0	0	0	0	0	0	0	0	182	0	0	0	0	0	
383356	Calcarine_R	0	1596	0	142	0	0	0	242	0	0	0	94	0	0	0	0	0	244	0	136	0	0	0	0	0	0	0	0	0	344	0	0	0	1538	0	716	0	618	0	750	0	0	8010	0	7238	30850	1672	24312	0	22172	164	14972	0	8730	0	12334	0	3306	0	2772	0	0	0	362	0	0	5480	27466	0	2854	0	0	0	0	0	0	0	0	0	140	0	500	0	0	0	2162	0	0	0	9242	0	0	0	0	0	0	0	0	0	0	0	0	0	0	0	0	0	0	0	0	520	0	0	0	0	0	
243588	Cuneus_L	254	0	0	0	0	0	0	0	0	0	0	0	0	0	0	0	0	0	496	174	0	0	0	0	0	0	0	0	0	0	0	0	1262	0	2662	0	0	0	0	0	0	0	11936	7238	0	10532	2576	614	27048	2950	18514	456	1932	116	416	128	146	0	3712	280	230	0	0	0	106	0	22458	2122	1934	180	0	0	0	0	0	0	0	0	0	0	0	0	0	0	1006	0	0	0	316	0	0	0	0	0	0	0	0	0	0	0	0	0	0	0	0	0	0	0	0	0	0	0	0	0	0	0	
417316	Cuneus_R	0	960	0	0	0	0	0	108	0	0	0	0	0	0	0	0	0	0	0	144	0	0	0	0	0	0	0	0	0	134	0	0	0	780	0	348	0	0	0	0	0	0	4260	30850	10532	0	222	4040	1506	42300	1108	19778	0	4010	0	3702	0	8416	0	14164	0	616	0	1032	0	1652	8244	37648	0	5478	0	0	0	0	0	0	0	0	0	468	0	1312	0	0	0	2874	0	0	0	1972	0	0	0	0	0	0	0	0	0	0	0	0	0	0	0	0	0	0	0	0	0	0	0	0	0	0	
263884	Lingual_L	116	0	0	0	0	0	0	0	0	0	0	0	0	0	0	0	228	0	0	0	0	0	0	0	0	0	0	0	196	0	0	0	0	0	3420	968	5358	834	7840	678	0	0	17442	1672	2576	222	0	3584	4592	0	9638	0	12678	130	20168	1060	0	0	0	0	0	0	0	0	0	0	8586	440	0	0	0	0	0	0	0	0	506	416	108	0	0	0	0	0	584	0	0	0	1470	0	4878	956	0	0	248	0	6086	908	7316	1370	0	0	0	0	0	0	0	0	0	0	2370	1978	322	0	0	0	
369344	Lingual_R	522	204	274	0	0	0	0	0	0	0	0	0	0	0	0	0	0	0	276	0	0	0	0	0	0	0	0	0	0	530	0	0	0	588	418	2008	2694	4642	1826	6212	206	0	2374	24312	614	4040	3584	0	0	4974	0	4624	0	6244	2010	23974	0	378	0	596	0	0	0	0	0	0	1072	11050	178	604	0	0	876	0	0	0	252	1850	0	0	0	302	0	0	0	350	0	0	112	3890	6530	8688	920	0	298	0	3982	6990	8760	12418	0	0	0	0	0	0	0	0	0	158	7876	8480	912	0	0	0	
285880	Occipital_Sup_L	440	0	0	0	0	0	0	0	0	0	0	0	0	0	0	0	1530	0	0	0	0	0	0	0	0	0	0	0	724	0	0	0	466	0	848	0	0	0	0	0	0	0	10110	0	27048	1506	4592	0	0	0	43574	0	2538	0	504	0	1826	0	15420	0	4604	0	1448	0	2422	0	19004	0	1460	0	0	0	0	0	0	0	0	0	0	0	1208	0	0	0	1076	0	0	0	592	0	0	0	0	0	0	0	0	0	0	0	0	0	0	0	0	0	0	0	0	0	0	0	0	0	0	0	
360024	Occipital_Sup_R	0	642	0	0	0	0	0	120	0	0	0	0	0	0	0	0	0	0	0	0	0	0	0	0	0	0	0	0	0	0	0	0	0	584	0	0	0	0	0	0	0	0	1552	22172	2950	42300	0	4974	0	0	0	28816	0	4748	0	4192	0	5522	0	15208	0	2370	0	1650	0	4912	3518	23454	0	4866	0	0	0	0	0	0	0	0	0	146	0	748	0	0	0	3044	0	0	0	1524	0	0	0	0	0	0	0	0	0	0	0	0	0	0	0	0	0	0	0	0	0	0	0	0	0	0	
533584	Occipital_Mid_L	1884	0	0	0	0	0	250	0	0	0	0	0	0	0	0	0	3998	0	0	0	0	0	0	0	0	0	0	0	1998	0	0	0	818	0	404	0	152	0	462	0	0	0	24386	164	18514	1108	9638	0	43574	0	0	0	24966	0	7894	0	4690	0	17070	0	13688	0	3228	0	15784	0	24832	98	3038	100	0	0	0	0	0	0	0	0	456	0	4158	0	0	0	29806	0	0	0	9634	0	0	0	0	0	0	0	0	0	0	0	0	0	0	0	0	0	0	0	0	0	0	0	0	0	0	0	
279308	Occipital_Mid_R	0	1050	0	0	0	0	0	214	0	0	0	0	0	0	0	0	0	0	0	0	0	0	0	0	0	0	0	0	0	0	0	0	0	1064	0	0	0	0	0	0	0	0	416	14972	456	19778	0	4624	0	28816	0	0	0	7432	0	3432	0	5618	0	4282	0	2944	0	1038	0	11436	910	13666	0	4450	0	0	0	0	0	0	0	0	0	0	0	546	0	0	0	9794	0	0	0	2716	0	0	0	0	0	0	0	0	0	0	0	0	0	0	0	0	0	0	0	0	0	0	0	0	0	0	
229724	Occipital_Inf_L	1410	0	318	0	0	0	312	0	0	0	466	0	240	0	0	0	2270	0	126	0	0	0	0	0	0	0	0	0	3098	0	0	0	0	0	420	0	650	0	2264	0	0	0	9966	0	1932	0	12678	0	2538	0	24966	0	0	0	20814	0	756	0	138	0	116	0	382	0	0	0	5910	0	572	0	0	0	212	0	0	0	0	0	2378	0	954	0	0	0	6354	0	0	0	11840	0	520	0	0	0	0	0	0	0	262	0	0	0	0	0	0	0	0	0	0	0	0	0	0	0	0	0	
125432	Occipital_Inf_R	0	0	0	0	0	0	0	0	0	0	0	0	0	0	0	0	0	0	0	0	0	0	0	0	0	0	0	0	0	0	0	0	0	106	0	0	0	148	0	124	0	0	0	8730	116	4010	130	6244	0	4748	0	7432	0	0	170	10862	0	148	0	1078	0	0	0	0	0	136	190	2556	0	320	0	0	0	0	0	0	0	0	0	0	0	124	0	0	0	3038	0	0	0	6812	776	482	162	0	0	0	170	196	970	1330	0	0	0	0	0	0	0	0	0	0	252	1062	94	0	0	0	
527512	Fusiform_L	4398	0	3440	0	0	0	404	0	0	0	854	0	414	0	0	0	2204	0	3212	0	928	0	0	0	0	0	0	0	11172	0	0	0	0	0	1112	572	26284	588	15418	484	4884	0	5408	0	416	0	20168	2010	504	0	7894	0	20814	170	0	978	586	0	106	0	0	0	376	0	0	0	5012	150	434	0	0	0	5780	0	0	0	650	272	5132	0	4432	0	1422	0	1750	0	398	0	24228	0	24472	1346	2796	230	426	0	13152	722	25452	1702	110	0	1062	144	720	0	0	0	112	138	2256	2450	1008	0	0	0	
550868	Fusiform_R	544	2714	132	792	0	0	0	550	0	0	0	2108	0	1698	0	120	0	1248	388	878	0	0	0	214	0	0	0	0	0	7048	164	450	0	304	454	1168	932	33988	374	28658	0	5538	96	12334	128	3702	1060	23974	0	4192	0	3432	0	10862	978	0	0	732	0	710	0	0	0	0	0	0	222	6106	0	542	154	492	0	10594	0	844	468	1612	0	1586	0	3284	0	3720	0	2580	0	1112	0	23458	3500	14616	746	654	0	470	1598	9138	4678	20176	0	0	0	212	0	0	0	0	0	236	4288	4842	842	0	0	0	
265628	Postcentral_L	28698	0	2356	0	0	0	2966	0	0	0	4392	0	472	0	0	0	10754	0	2172	0	0	0	0	0	0	0	0	0	5180	0	0	0	456	0	270	114	832	132	0	0	0	0	1102	0	146	0	0	0	1826	0	4690	0	756	0	586	0	0	0	8324	0	21968	0	12432	0	466	0	3446	0	3710	0	1364	0	272	0	0	0	1150	0	3472	0	6240	0	0	0	1318	0	0	0	752	0	0	0	0	0	0	0	0	0	0	0	0	0	0	0	0	0	0	0	0	0	0	0	0	0	0	0	
230052	Postcentral_R	0	17622	152	1188	0	0	0	2026	0	0	0	3444	0	154	0	0	0	5334	200	646	0	0	0	0	0	0	0	0	0	1508	0	0	0	3036	0	658	0	1006	0	282	0	0	0	3306	0	8416	0	378	0	5522	0	5618	0	148	0	732	0	0	0	5968	0	2366	0	10680	0	1650	0	14980	0	8138	106	0	0	1542	0	124	0	834	0	414	0	1854	0	0	0	2948	0	0	0	2046	0	0	0	0	0	0	0	0	0	0	0	0	0	0	0	0	0	0	0	0	0	0	0	0	0	0	
162136	Parietal_Sup_L	358	0	0	0	0	0	0	0	0	0	0	0	0	0	0	0	1104	0	0	0	0	0	0	0	0	0	0	0	516	0	0	0	526	0	0	0	0	0	0	0	0	0	580	0	3712	0	0	0	15420	0	17070	0	138	0	106	0	8324	0	0	0	10384	0	1004	0	1402	0	18928	0	374	0	0	0	0	0	0	0	0	0	0	0	800	0	0	0	164	0	0	0	158	0	0	0	0	0	0	0	0	0	0	0	0	0	0	0	0	0	0	0	0	0	0	0	0	0	0	0	
173084	Parietal_Sup_R	0	162	0	0	0	0	0	0	0	0	0	0	0	0	0	0	0	0	0	0	0	0	0	0	0	0	0	0	0	0	0	0	0	0	0	0	0	0	0	0	0	0	218	2772	280	14164	0	596	0	15208	0	4282	0	1078	0	710	0	5968	0	0	0	3716	0	3294	0	5034	224	19574	0	2188	0	0	0	0	0	0	0	0	0	258	0	1042	0	0	0	4172	0	0	0	1602	0	0	0	0	0	0	0	0	0	0	0	0	0	0	0	0	0	0	0	0	0	0	0	0	0	0	
194648	Parietal_Inf_L	5254	0	198	0	0	0	2086	0	0	0	750	0	306	0	0	0	1032	0	0	0	0	0	0	0	0	0	0	0	1096	0	0	0	104	0	0	0	0	0	0	0	0	0	372	0	230	0	0	0	4604	0	13688	0	116	0	0	0	21968	0	10384	0	0	0	9454	0	14160	0	2638	0	206	0	0	0	0	0	0	0	0	0	178	0	1236	0	0	0	6524	0	0	0	740	0	0	0	0	0	0	0	0	0	0	0	0	0	0	0	0	0	0	0	0	0	0	0	0	0	0	0	
60424	Parietal_Inf_R	0	624	0	0	0	0	0	0	0	0	0	0	0	0	0	0	0	0	0	0	0	0	0	0	0	0	0	0	0	0	0	0	0	0	0	0	0	0	0	0	0	0	0	0	0	616	0	0	0	2370	0	2944	0	0	0	0	0	2366	0	3716	0	0	0	7114	0	7922	0	1676	0	0	0	0	0	0	0	0	0	0	0	0	0	128	0	0	0	274	0	0	0	462	0	0	0	0	0	0	0	0	0	0	0	0	0	0	0	0	0	0	0	0	0	0	0	0	0	0	
139112	SupraMarginal_L	4178	0	190	0	0	0	160	0	0	0	512	0	0	0	0	0	7832	0	174	0	0	0	0	0	0	0	0	0	2842	0	0	0	0	0	0	96	390	98	0	0	0	0	0	0	0	0	0	0	1448	0	3228	0	382	0	376	0	12432	0	1004	0	9454	0	0	0	3896	0	1072	0	328	0	0	0	254	0	0	0	0	0	1154	0	10556	0	0	0	6584	0	0	0	916	0	0	0	0	0	0	0	0	0	0	0	0	0	0	0	0	0	0	0	0	0	0	0	0	0	0	0	
114820	SupraMarginal_R	0	2508	0	108	0	0	0	380	0	0	0	144	0	0	0	0	0	1590	0	0	0	0	0	0	0	0	0	0	0	186	0	0	0	0	0	0	0	0	0	0	0	0	0	362	0	1032	0	0	0	1650	0	1038	0	0	0	0	0	10680	0	3294	0	7114	0	0	0	9062	0	2990	0	594	0	0	0	0	0	0	0	136	0	414	0	7398	0	0	0	5500	0	0	0	1230	0	0	0	0	0	0	0	0	0	0	0	0	0	0	0	0	0	0	0	0	0	0	0	0	0	0	
100768	Angular_L	114	0	0	0	0	0	0	0	0	0	0	0	0	0	0	0	474	0	0	0	0	0	0	0	0	0	0	0	396	0	0	0	0	0	0	0	0	0	0	0	0	0	0	0	106	0	0	0	2422	0	15784	0	0	0	0	0	466	0	1402	0	14160	0	3896	0	0	0	1260	0	136	0	0	0	0	0	0	0	0	0	0	0	786	0	0	0	8550	0	0	0	432	0	0	0	0	0	0	0	0	0	0	0	0	0	0	0	0	0	0	0	0	0	0	0	0	0	0	0	
119132	Angular_R	0	270	0	0	0	0	0	0	0	0	0	0	0	0	0	0	0	0	0	0	0	0	0	0	0	0	0	0	0	0	0	0	0	0	0	0	0	0	0	0	0	0	0	0	0	1652	0	0	0	4912	0	11436	0	136	0	0	0	1650	0	5034	0	7922	0	9062	0	0	0	4210	0	764	0	0	0	0	0	0	0	0	0	136	0	4148	0	0	0	7630	0	0	0	604	0	0	0	0	0	0	0	0	0	0	0	0	0	0	0	0	0	0	0	0	0	0	0	0	0	0	
388696	Precuneus_L	1438	0	0	0	0	0	0	0	0	0	0	0	0	0	0	0	1286	0	696	602	0	0	0	0	0	0	0	0	666	0	0	0	3828	1714	9626	1112	1748	0	1252	0	0	0	16312	5480	22458	8244	8586	1072	19004	3518	24832	910	5910	190	5012	222	3446	0	18928	224	2638	0	1072	0	1260	0	0	8858	6076	744	0	0	0	0	0	0	0	0	102	0	930	0	0	0	2094	0	0	0	2258	0	0	0	0	0	0	0	0	0	0	0	0	0	0	0	0	0	0	0	0	0	0	0	0	0	0	0	
472668	Precuneus_R	0	3022	0	234	0	0	0	452	0	0	0	156	0	0	0	0	0	286	0	814	0	0	0	0	0	0	0	0	0	450	0	0	874	6430	950	6270	478	2520	458	2676	0	0	1636	27466	2122	37648	440	11050	0	23454	98	13666	0	2556	150	6106	0	14980	0	19574	0	1676	0	2990	0	4210	8858	0	130	10592	0	0	0	0	0	0	0	514	0	608	0	2264	0	0	0	6710	0	0	0	9702	0	0	0	0	0	0	0	212	0	0	0	0	0	0	0	0	0	0	0	0	852	0	0	0	0	0	
214284	Paracentral_Lobule_L	15456	1162	3266	1648	0	0	0	0	0	0	0	0	0	0	0	0	1888	408	11538	11780	0	0	0	0	0	0	0	0	874	422	0	0	3310	5570	5096	842	980	128	214	0	0	0	708	0	1934	0	0	178	1460	0	3038	0	572	0	434	0	3710	0	374	0	206	0	328	0	136	0	6076	130	0	6492	2386	0	3054	0	3244	0	5446	190	236	0	458	0	0	0	1288	0	0	0	482	0	0	0	0	0	0	0	0	0	0	0	0	0	0	0	0	0	0	0	0	0	0	0	0	0	0	0	
199236	Paracentral_Lobule_R	2650	3950	106	0	0	0	0	0	0	0	0	0	0	0	0	0	0	0	1448	18218	0	0	0	0	0	0	0	0	0	0	0	0	758	11858	804	5262	0	620	0	0	0	0	0	2854	180	5478	0	604	0	4866	100	4450	0	320	0	542	0	8138	0	2188	0	0	0	594	0	764	744	10592	6492	0	542	148	0	0	0	0	0	0	0	144	0	448	0	0	0	1460	0	0	0	2296	0	0	0	0	0	0	0	0	0	0	0	0	0	0	0	0	0	0	0	0	0	0	0	0	0	0	
231072	Caudate_L	8598	932	10108	738	1160	954	296	434	458	0	350	736	2374	150	2476	516	0	568	11078	998	7266	7112	624	168	454	252	1552	1574	1360	1280	8040	2730	94	148	0	0	94	362	0	276	0	0	0	0	0	0	0	0	0	0	0	0	0	0	0	154	1364	106	0	0	0	0	0	0	0	0	0	0	2386	542	0	9292	13856	2284	2002	0	7098	142	0	0	0	0	0	0	0	0	0	0	0	0	0	0	0	0	0	0	0	0	0	0	0	0	0	0	0	0	0	0	0	0	0	0	0	0	0	0	
351808	Caudate_R	518	4268	2954	16346	0	964	0	2214	0	0	0	5204	186	3596	182	4490	0	4798	5436	14264	2922	6314	114	3332	0	2786	0	2444	0	13502	3862	20168	170	3810	0	0	0	1066	0	664	0	0	0	0	0	0	0	0	0	0	0	0	0	0	0	492	0	0	0	0	0	0	0	0	0	0	0	0	0	148	9292	0	3558	20640	466	1814	306	11778	0	0	0	306	0	378	0	0	0	0	0	152	0	0	0	0	0	0	0	0	0	0	0	0	0	0	0	0	0	0	0	0	0	0	0	0	0	0	
345148	Putamen_L	16798	0	22242	0	5372	640	660	0	2110	0	1290	166	1532	0	2754	0	394	0	21108	0	4992	4422	3044	0	624	172	706	1190	16512	226	9520	1196	112	0	0	140	11042	252	2856	130	1250	0	0	0	0	0	0	876	0	0	0	0	212	0	5780	0	272	0	0	0	0	0	254	0	0	0	0	0	3054	0	13856	3558	0	988	5534	0	1174	102	0	0	476	0	354	0	220	0	0	0	1832	0	156	0	0	0	0	0	200	0	224	0	0	0	0	0	0	0	0	0	0	0	0	0	0	0	0	0	
401356	Putamen_R	274	6156	872	11048	0	548	0	3262	0	0	0	6678	0	5666	0	2088	0	7612	4320	7786	718	2024	0	4184	0	4940	0	1384	0	21844	2492	16490	140	3266	106	126	118	19242	0	14434	0	1500	0	0	0	0	0	0	0	0	0	0	0	0	0	10594	0	1542	0	0	0	0	0	0	0	0	0	0	0	0	2284	20640	988	0	0	5620	0	4028	0	252	0	736	0	258	0	314	0	0	0	2336	0	410	0	0	0	0	0	476	0	882	0	0	0	0	0	0	0	0	0	0	0	0	0	0	0	0	
44796	Pallidum_L	2340	0	2040	0	0	0	0	0	0	0	0	0	0	0	0	0	0	0	4764	0	186	484	0	0	0	0	0	0	0	0	0	0	0	0	0	0	114	0	0	0	0	0	0	0	0	0	0	0	0	0	0	0	0	0	0	0	0	0	0	0	0	0	0	0	0	0	0	0	3244	0	2002	466	5534	0	0	0	1224	0	0	0	0	0	0	0	0	0	0	0	0	0	0	0	0	0	0	0	0	0	0	0	0	0	0	0	0	0	0	0	0	0	0	0	0	0	0	0	
48956	Pallidum_R	114	960	196	1690	0	0	0	1606	0	0	0	516	0	412	0	0	0	442	410	986	0	0	0	0	0	0	0	0	0	292	0	146	0	0	0	0	0	4086	0	3996	0	0	0	0	0	0	0	0	0	0	0	0	0	0	0	844	0	124	0	0	0	0	0	0	0	0	0	0	0	0	0	1814	0	5620	0	0	0	224	0	0	0	0	0	0	0	0	0	0	0	0	0	0	0	0	0	0	0	0	0	0	0	0	0	0	0	0	0	0	0	0	0	0	0	0	0	0	
106064	Thalamus_L	7610	1240	6806	1092	0	0	122	0	0	0	148	0	108	0	0	0	0	0	776	118	0	0	0	0	0	0	0	0	1050	152	0	0	0	0	0	484	4620	1914	858	1218	116	0	0	0	0	0	506	252	0	0	0	0	0	0	650	468	1150	0	0	0	0	0	0	0	0	0	0	0	5446	0	7098	306	1174	0	1224	0	0	4486	0	0	284	0	0	0	710	0	0	0	846	0	0	0	0	0	0	0	0	0	0	0	0	0	0	0	0	0	0	0	0	0	0	0	0	0	0	0	
181760	Thalamus_R	2182	9644	128	12872	0	0	0	2318	0	0	0	608	0	308	0	0	0	5512	178	4406	0	0	0	0	0	0	0	0	0	5554	0	0	0	0	372	1528	2558	8478	784	5930	0	0	0	0	0	0	416	1850	0	0	0	0	0	0	272	1612	0	834	0	0	0	0	0	136	0	0	0	514	190	0	142	11778	102	4028	0	224	4486	0	0	210	0	208	0	0	0	0	0	0	0	300	0	0	0	0	0	0	0	218	0	0	0	0	0	0	0	0	0	0	0	0	0	0	0	0	0	0	
111676	Heschl_L	3982	0	1340	0	0	0	696	0	0	0	1818	0	660	0	0	0	5584	0	962	0	0	0	0	0	0	0	0	0	8482	0	0	0	0	0	186	298	3074	304	508	130	0	0	0	0	0	0	108	0	0	0	456	0	2378	0	5132	0	3472	0	0	0	178	0	1154	0	0	0	102	0	236	0	0	0	0	0	0	0	0	0	0	0	7432	0	0	0	2526	0	0	0	4640	0	0	0	0	0	0	0	0	0	0	0	0	0	0	0	0	0	0	0	0	0	0	0	0	0	0	0	
50500	Heschl_R	0	126	0	0	0	0	0	0	0	0	0	166	0	0	0	0	0	1678	0	0	0	0	0	0	0	0	0	0	0	5206	0	0	0	0	0	0	0	1170	0	466	0	0	0	140	0	468	0	0	0	146	0	0	0	0	0	1586	0	414	0	258	0	0	0	414	0	136	0	608	0	144	0	0	0	252	0	0	0	210	0	0	0	7176	0	0	0	3056	0	0	0	1430	0	0	0	0	0	0	0	0	0	0	0	0	0	0	0	0	0	0	0	0	0	0	0	0	0	0	
290584	Temporal_Sup_L	6878	0	4596	0	0	0	658	0	0	0	3866	0	302	0	0	0	16940	0	4586	0	156	0	0	0	0	0	0	0	17230	0	0	0	0	0	0	0	2990	0	264	0	154	0	112	0	0	0	0	0	1208	0	4158	0	954	0	4432	0	6240	0	800	0	1236	0	10556	0	786	0	930	0	458	0	0	0	476	0	0	0	284	0	7432	0	0	0	5306	0	26044	0	0	0	14894	0	134	0	0	0	0	0	0	0	232	0	0	0	0	0	0	0	0	0	0	0	0	0	0	0	0	0	
161872	Temporal_Sup_R	0	274	0	156	0	0	0	0	0	0	0	1072	0	0	0	0	0	5174	148	220	0	0	0	0	0	0	0	0	0	10360	0	182	0	0	0	0	0	1464	0	900	0	0	0	500	0	1312	0	302	0	748	0	546	0	124	0	3284	0	1854	0	1042	0	128	0	7398	0	4148	0	2264	0	448	0	306	0	736	0	0	0	208	0	7176	0	0	0	2428	0	20290	0	0	0	5744	0	0	0	0	0	0	0	0	0	0	0	0	0	0	0	0	0	0	0	0	0	0	0	0	0	0	
93764	Temporal_Pole_Sup_L	828	0	2008	0	596	0	356	0	326	0	2772	0	1308	0	2636	0	2238	0	1748	0	776	0	0	0	0	0	0	0	5636	0	0	0	0	0	0	0	620	0	492	0	322	0	0	0	0	0	0	0	0	0	0	0	0	0	1422	0	0	0	0	0	0	0	0	0	0	0	0	0	0	0	0	0	354	0	0	0	0	0	0	0	5306	0	0	0	7736	0	1754	0	7648	0	0	0	0	0	0	0	0	0	0	0	0	0	0	0	0	0	0	0	0	0	0	0	0	0	0	0	
59992	Temporal_Pole_Sup_R	0	0	0	452	0	0	0	0	0	0	0	2158	0	150	0	464	0	2212	452	510	0	298	0	0	0	0	0	0	0	2678	0	314	0	104	0	0	0	136	0	1934	0	940	0	0	0	0	0	0	0	0	0	0	0	0	0	3720	0	0	0	0	0	0	0	0	0	0	0	0	0	0	0	378	0	258	0	0	0	0	0	0	0	2428	0	0	0	3026	0	3274	0	4110	0	0	0	0	0	0	0	0	0	0	0	0	0	0	0	0	0	0	0	0	0	0	0	0	0	0	
318852	Temporal_Mid_L	1624	0	520	0	0	0	196	0	0	0	174	0	0	0	0	0	3368	0	304	0	0	0	0	0	0	0	0	0	7066	0	0	0	0	0	0	0	1162	0	0	0	0	0	3508	0	1006	0	584	0	1076	0	29806	0	6354	0	1750	0	1318	0	164	0	6524	0	6584	0	8550	0	2094	0	1288	0	0	0	220	0	0	0	710	0	2526	0	26044	0	7736	0	0	0	1510	0	35660	0	0	0	0	0	0	0	0	0	0	0	0	0	0	0	0	0	0	0	0	0	0	0	0	0	0	0	
214484	Temporal_Mid_R	0	336	0	0	0	0	0	0	0	0	0	94	0	0	0	0	0	122	0	164	0	0	0	0	0	0	0	0	0	4624	0	0	0	514	0	0	0	550	0	214	0	0	0	2162	0	2874	0	350	0	3044	0	9794	0	3038	0	2580	0	2948	0	4172	0	274	0	5500	0	7630	0	6710	0	1460	0	0	0	314	0	0	0	0	0	3056	0	20290	0	3026	0	0	0	2040	0	19362	0	0	0	0	0	0	0	0	0	0	0	0	0	0	0	0	0	0	0	0	0	0	0	0	0	0	
11140	Temporal_Pole_Mid_L	0	0	0	0	0	0	0	0	0	0	0	0	0	0	0	0	0	0	0	0	0	0	0	0	0	0	0	0	0	0	0	0	0	0	0	0	0	0	148	0	0	0	0	0	0	0	0	0	0	0	0	0	0	0	398	0	0	0	0	0	0	0	0	0	0	0	0	0	0	0	0	0	0	0	0	0	0	0	0	0	0	0	1754	0	1510	0	0	0	1760	0	0	0	0	0	0	0	0	0	0	0	0	0	0	0	0	0	0	0	0	0	0	0	0	0	0	0	
19508	Temporal_Pole_Mid_R	0	0	0	0	0	0	0	0	0	0	0	0	0	0	0	0	0	0	0	0	0	0	0	0	0	0	0	0	0	0	0	0	0	0	0	0	0	0	0	1216	0	194	0	0	0	0	0	0	0	0	0	0	0	0	0	1112	0	0	0	0	0	0	0	0	0	0	0	0	0	0	0	0	0	0	0	0	0	0	0	0	0	0	0	3274	0	2040	0	0	0	1918	0	0	0	0	0	0	0	0	0	0	0	0	0	0	0	0	0	0	0	0	0	0	0	0	0	0	
326076	Temporal_Inf_L	2802	0	1818	0	0	0	350	0	0	0	658	0	276	0	0	0	3182	0	1532	0	182	0	0	0	0	0	0	0	9996	0	0	0	0	0	190	0	9618	0	1450	0	592	0	2044	0	316	0	1470	112	592	0	9634	0	11840	0	24228	0	752	0	158	0	740	0	916	0	432	0	2258	0	482	0	0	0	1832	0	0	0	846	0	4640	0	14894	0	7648	0	35660	0	1760	0	0	0	3338	0	772	0	0	0	730	0	2180	0	0	0	118	0	0	0	0	0	0	0	0	0	0	0	0	0	
248104	Temporal_Inf_R	0	1276	0	188	0	0	0	138	0	0	0	544	0	338	0	0	0	722	0	1356	0	0	0	142	0	0	0	0	0	3562	0	154	0	1086	0	954	0	5716	0	2848	0	194	94	9242	0	1972	0	3890	0	1524	0	2716	0	6812	0	23458	0	2046	0	1602	0	462	0	1230	0	604	0	9702	0	2296	0	152	0	2336	0	0	0	300	0	1430	0	5744	0	4110	0	19362	0	1918	0	0	166	400	0	0	0	0	0	164	202	528	0	0	0	0	0	0	0	0	0	0	138	234	0	0	0	0	
477576	Cerebelum_Crus1_L	0	0	0	0	0	0	0	0	0	0	0	0	0	0	0	0	0	0	0	0	0	0	0	0	0	0	0	0	0	0	0	0	0	0	0	0	1528	0	1332	0	0	0	0	0	0	0	4878	6530	0	0	0	0	520	776	24472	3500	0	0	0	0	0	0	0	0	0	0	0	0	0	0	0	0	156	0	0	0	0	0	0	0	134	0	0	0	0	0	0	0	3338	166	0	9620	29568	3522	2616	194	23404	2676	53606	11608	6132	448	12478	992	2448	200	534	0	754	1050	8184	11794	7740	684	560	646	
437012	Cerebelum_Crus1_R	0	108	0	0	0	0	0	0	0	0	0	98	0	98	0	0	0	0	0	0	0	0	0	0	0	0	0	0	0	94	0	0	0	0	0	0	132	962	210	1032	0	0	0	0	0	0	956	8688	0	0	0	0	0	482	1346	14616	0	0	0	0	0	0	0	0	0	0	0	0	0	0	0	0	0	410	0	0	0	0	0	0	0	0	0	0	0	0	0	0	0	400	9620	0	1402	24250	1054	4346	5466	18602	10432	50982	234	2916	902	14416	332	950	0	338	754	3894	10818	13286	10178	1556	1420	726	
292700	Cerebelum_Crus2_L	0	0	0	0	0	0	0	0	0	0	0	0	0	0	0	0	0	0	0	0	0	0	0	0	0	0	0	0	0	0	0	0	0	0	0	0	298	0	228	0	0	0	0	0	0	0	0	920	0	0	0	0	0	162	2796	746	0	0	0	0	0	0	0	0	0	0	0	0	0	0	0	0	0	0	0	0	0	0	0	0	0	0	0	0	0	0	0	0	772	0	29568	1402	0	9676	466	0	1498	108	7670	1718	29244	6244	27778	5270	2608	0	836	0	0	0	262	1582	9510	4732	104	152	
307780	Cerebelum_Crus2_R	0	0	0	0	0	0	0	0	0	0	0	0	0	0	0	0	0	0	0	0	0	0	0	0	0	0	0	0	0	0	0	0	0	0	0	0	102	0	140	0	0	0	0	0	0	0	0	0	0	0	0	0	0	0	230	654	0	0	0	0	0	0	0	0	0	0	0	0	0	0	0	0	0	0	0	0	0	0	0	0	0	0	0	0	0	0	0	0	0	0	3522	24250	9676	0	758	2462	1434	2238	2424	8928	7302	15532	5708	30690	610	2570	0	642	1012	1754	1306	2180	15892	7632	3376	866	
57076	Cerebelum_3_L	0	0	0	0	0	0	0	0	0	0	0	0	0	0	0	0	0	0	0	0	0	0	0	0	0	0	0	0	0	0	0	0	0	0	0	0	0	0	206	0	0	0	0	0	0	0	248	298	0	0	0	0	0	0	426	0	0	0	0	0	0	0	0	0	0	0	0	0	0	0	0	0	0	0	0	0	0	0	0	0	0	0	0	0	0	0	0	0	0	0	2616	1054	466	758	0	278	7898	338	2746	1148	396	96	1182	524	1788	0	0	0	1046	1794	1278	418	1016	290	230	0	
69652	Cerebelum_3_R	0	0	0	0	0	0	0	0	0	0	0	0	0	0	0	0	0	0	0	0	0	0	0	0	0	0	0	0	0	0	0	0	0	0	0	0	0	202	0	322	0	0	0	0	0	0	0	0	0	0	0	0	0	0	0	470	0	0	0	0	0	0	0	0	0	0	0	0	0	0	0	0	0	0	0	0	0	0	0	0	0	0	0	0	0	0	0	0	0	0	194	4346	0	2462	278	0	292	6804	214	5694	0	220	0	3350	0	1138	0	0	714	3890	890	186	882	986	1292	0	
308812	Cerebelum_4_5_L	0	0	0	0	0	0	0	0	0	0	0	0	0	0	0	0	0	0	0	0	0	0	0	0	0	0	0	0	238	0	0	0	0	0	0	0	2146	0	2698	0	130	0	0	0	0	0	6086	3982	0	0	0	0	0	170	13152	1598	0	0	0	0	0	0	0	0	0	0	0	0	0	0	0	0	200	0	0	0	0	0	0	0	0	0	0	0	0	0	0	0	730	0	23404	5466	1498	1434	7898	292	0	5802	30634	7564	520	278	2556	1008	3580	424	0	0	1666	2248	14668	6102	2642	966	1052	1574	
239200	Cerebelum_4_5_R	0	118	0	0	0	0	0	0	0	0	0	112	0	108	0	0	0	0	0	0	0	0	0	0	0	0	0	0	0	0	0	0	0	0	0	0	0	2176	0	3090	0	272	0	0	0	0	908	6990	0	0	0	0	0	196	722	9138	0	0	0	0	0	0	0	0	0	0	0	212	0	0	0	0	0	476	0	0	0	218	0	0	0	0	0	0	0	0	0	0	0	164	2676	18602	108	2238	338	6804	5802	0	3574	28802	0	146	172	3388	0	1456	0	0	530	3254	13874	1148	484	400	904	0	
457288	Cerebelum_6_L	116	0	0	0	0	0	0	0	0	0	0	0	0	0	0	0	0	0	0	0	0	0	0	0	0	0	0	0	216	0	0	0	0	0	0	0	2108	0	1462	0	0	0	0	0	0	0	7316	8760	0	0	0	0	262	970	25452	4678	0	0	0	0	0	0	0	0	0	0	0	0	0	0	0	0	224	0	0	0	0	0	0	0	232	0	0	0	0	0	0	0	2180	202	53606	10432	7670	2424	2746	214	30634	3574	0	13270	1594	508	4212	1476	2198	500	128	0	1272	1440	11188	16276	5670	928	1124	1382	
458208	Cerebelum_6_R	0	238	0	0	0	0	0	0	0	0	0	228	0	226	0	0	0	0	0	0	0	0	0	0	0	0	0	0	0	282	0	0	0	0	0	0	124	2076	216	2170	0	0	0	0	0	0	1370	12418	0	0	0	0	0	1330	1702	20176	0	0	0	0	0	0	0	0	0	0	0	0	0	0	0	0	0	882	0	0	0	0	0	0	0	0	0	0	0	0	0	0	0	528	11608	50982	1718	8928	1148	5694	7564	28802	13270	0	242	186	900	5862	310	490	0	346	812	4646	16054	15630	8736	496	470	244	
233148	Cerebelum_7b_L	0	0	0	0	0	0	0	0	0	0	0	0	0	0	0	0	0	0	0	0	0	0	0	0	0	0	0	0	0	0	0	0	0	0	0	0	0	0	0	0	0	0	0	0	0	0	0	0	0	0	0	0	0	0	110	0	0	0	0	0	0	0	0	0	0	0	0	0	0	0	0	0	0	0	0	0	0	0	0	0	0	0	0	0	0	0	0	0	0	0	6132	234	29244	7302	396	0	520	0	1594	242	0	8028	31608	9268	3532	0	1056	0	0	0	0	290	7402	9426	190	0	
179160	Cerebelum_7b_R	0	0	0	0	0	0	0	0	0	0	0	0	0	0	0	0	0	0	0	0	0	0	0	0	0	0	0	0	0	0	0	0	0	0	0	0	0	0	0	0	0	0	0	0	0	0	0	0	0	0	0	0	0	0	0	0	0	0	0	0	0	0	0	0	0	0	0	0	0	0	0	0	0	0	0	0	0	0	0	0	0	0	0	0	0	0	0	0	0	0	448	2916	6244	15532	96	220	278	146	508	186	8028	0	7888	24480	910	3866	0	518	202	130	120	168	6692	8632	1038	334	
316348	Cerebelum_8_L	0	0	0	0	0	0	0	0	0	0	0	0	0	0	0	0	0	0	0	0	0	0	0	0	0	0	0	0	0	0	0	0	0	0	0	0	252	0	312	0	0	0	0	0	0	0	0	0	0	0	0	0	0	0	1062	0	0	0	0	0	0	0	0	0	0	0	0	0	0	0	0	0	0	0	0	0	0	0	0	0	0	0	0	0	0	0	0	0	118	0	12478	902	27778	5708	1182	0	2556	172	4212	900	31608	7888	0	11340	19718	1276	3966	0	0	102	450	780	7402	12958	2224	830	
335048	Cerebelum_8_R	0	0	0	0	0	0	0	0	0	0	0	0	0	0	0	0	0	0	0	0	0	0	0	0	0	0	0	0	0	0	0	0	0	0	0	0	0	0	0	0	0	0	0	0	0	0	0	0	0	0	0	0	0	0	144	212	0	0	0	0	0	0	0	0	0	0	0	0	0	0	0	0	0	0	0	0	0	0	0	0	0	0	0	0	0	0	0	0	0	0	992	14416	5270	30690	524	3350	1008	3388	1476	5862	9268	24480	11340	0	1652	16718	0	1998	1098	1932	1220	818	9538	14024	5190	916	
113816	Cerebelum_9_L	0	0	0	0	0	0	0	0	0	0	0	0	0	0	0	0	0	0	0	0	0	0	0	0	0	0	0	0	0	0	0	0	0	0	0	0	414	0	556	0	0	0	0	0	0	0	0	0	0	0	0	0	0	0	720	0	0	0	0	0	0	0	0	0	0	0	0	0	0	0	0	0	0	0	0	0	0	0	0	0	0	0	0	0	0	0	0	0	0	0	2448	332	2608	610	1788	0	3580	0	2198	310	3532	910	19718	1652	0	1356	4292	0	0	0	154	822	1532	3368	2622	1386	
96672	Cerebelum_9_R	0	0	0	0	0	0	0	0	0	0	0	0	0	0	0	0	0	0	0	0	0	0	0	0	0	0	0	0	0	0	0	0	0	0	0	0	0	0	0	0	0	0	0	0	0	0	0	0	0	0	0	0	0	0	0	0	0	0	0	0	0	0	0	0	0	0	0	0	0	0	0	0	0	0	0	0	0	0	0	0	0	0	0	0	0	0	0	0	0	0	200	950	0	2570	0	1138	424	1456	500	490	0	3866	1276	16718	1356	0	0	1942	798	408	448	766	818	3738	6576	1898	
21624	Cerebelum_10_L	0	0	0	0	0	0	0	0	0	0	0	0	0	0	0	0	0	0	0	0	0	0	0	0	0	0	0	0	0	0	0	0	0	0	0	0	0	0	0	0	0	0	0	0	0	0	0	0	0	0	0	0	0	0	0	0	0	0	0	0	0	0	0	0	0	0	0	0	0	0	0	0	0	0	0	0	0	0	0	0	0	0	0	0	0	0	0	0	0	0	534	0	836	0	0	0	0	0	128	0	1056	0	3966	0	4292	0	0	0	0	0	0	0	0	0	0	0	
11568	Cerebelum_10_R	0	0	0	0	0	0	0	0	0	0	0	0	0	0	0	0	0	0	0	0	0	0	0	0	0	0	0	0	0	0	0	0	0	0	0	0	0	0	0	0	0	0	0	0	0	0	0	0	0	0	0	0	0	0	0	0	0	0	0	0	0	0	0	0	0	0	0	0	0	0	0	0	0	0	0	0	0	0	0	0	0	0	0	0	0	0	0	0	0	0	0	338	0	642	0	0	0	0	0	346	0	518	0	1998	0	1942	0	0	0	0	0	0	0	0	0	0	
42064	Vermis_1_2	0	0	0	0	0	0	0	0	0	0	0	0	0	0	0	0	0	0	0	0	0	0	0	0	0	0	0	0	0	0	0	0	0	0	0	0	0	0	0	0	0	0	0	0	0	0	0	0	0	0	0	0	0	0	112	0	0	0	0	0	0	0	0	0	0	0	0	0	0	0	0	0	0	0	0	0	0	0	0	0	0	0	0	0	0	0	0	0	0	0	754	754	0	1012	1046	714	1666	530	1272	812	0	202	0	1098	0	798	0	0	0	3720	1602	812	1008	1378	1446	296	
77268	Vermis_3	0	0	0	0	0	0	0	0	0	0	0	0	0	0	0	0	0	0	0	0	0	0	0	0	0	0	0	0	0	0	0	0	0	0	0	0	0	0	144	0	0	0	0	0	0	0	0	158	0	0	0	0	0	0	138	236	0	0	0	0	0	0	0	0	0	0	0	0	0	0	0	0	0	0	0	0	0	0	0	0	0	0	0	0	0	0	0	0	0	0	1050	3894	0	1754	1794	3890	2248	3254	1440	4646	0	130	102	1932	0	408	0	0	3720	0	3098	748	1730	1060	866	194	
234424	Vermis_4_5	0	0	0	0	0	0	0	0	0	0	0	0	0	0	0	0	0	0	0	0	0	0	0	0	0	0	0	0	0	0	0	0	0	0	0	712	0	268	136	168	0	0	182	520	0	0	2370	7876	0	0	0	0	0	252	2256	4288	0	0	0	0	0	0	0	0	0	0	0	852	0	0	0	0	0	0	0	0	0	0	0	0	0	0	0	0	0	0	0	0	0	138	8184	10818	262	1306	1278	890	14668	13874	11188	16054	0	120	450	1220	154	448	0	0	1602	3098	0	6284	1736	1074	1068	1418	
