data	data	632344	382504	688968	985616	112120	123764	597956	435952	75904	42692	462704	247696	331020	208404	113260	80148	245800	146824	442316	837428	96056	100340	375316	352680	21872	102636	66680	47936	640052	390068	490448	356628	199452	447944	131028	168624	364268	615300	204864	506312	56020	82412	251136	279652	176480	247196	462032	437624	150096	301360	538740	221504	249364	102312	747728	827104	403000	233172	170676	73160	230524	124916	79512	141180	198864	153716	363216	288836	246260	153732	339724	408636	321768	603072	43136	115756	165208	193872	107800	49680	290548	187128	115776	78200	338020	280744	13548	12248	362252	234236	669344	783808	400280	466712	66116	112968	648828	611564	780072	755308	334488	141272	461180	441388	175612	224692	19204	10024	28884	87516	477568	335456	405180	316924	195228	74176	
data	data	Precentral_L	Precentral_R	Frontal_Sup_L	Frontal_Sup_R	Frontal_Sup_Orb_L	Frontal_Sup_Orb_R	Frontal_Mid_L	Frontal_Mid_R	Frontal_Mid_Orb_L	Frontal_Mid_Orb_R	Frontal_Inf_Oper_L	Frontal_Inf_Oper_R	Frontal_Inf_Tri_L	Frontal_Inf_Tri_R	Frontal_Inf_Orb_L	Frontal_Inf_Orb_R	Rolandic_Oper_L	Rolandic_Oper_R	Supp_Motor_Area_L	Supp_Motor_Area_R	Olfactory_L	Olfactory_R	Frontal_Sup_Medial_L	Frontal_Sup_Medial_R	Frontal_Med_Orb_L	Frontal_Med_Orb_R	Rectus_L	Rectus_R	Insula_L	Insula_R	Cingulum_Ant_L	Cingulum_Ant_R	Cingulum_Mid_L	Cingulum_Mid_R	Cingulum_Post_L	Cingulum_Post_R	Hippocampus_L	Hippocampus_R	ParaHippocampal_L	ParaHippocampal_R	Amygdala_L	Amygdala_R	Calcarine_L	Calcarine_R	Cuneus_L	Cuneus_R	Lingual_L	Lingual_R	Occipital_Sup_L	Occipital_Sup_R	Occipital_Mid_L	Occipital_Mid_R	Occipital_Inf_L	Occipital_Inf_R	Fusiform_L	Fusiform_R	Postcentral_L	Postcentral_R	Parietal_Sup_L	Parietal_Sup_R	Parietal_Inf_L	Parietal_Inf_R	SupraMarginal_L	SupraMarginal_R	Angular_L	Angular_R	Precuneus_L	Precuneus_R	Paracentral_Lobule_L	Paracentral_Lobule_R	Caudate_L	Caudate_R	Putamen_L	Putamen_R	Pallidum_L	Pallidum_R	Thalamus_L	Thalamus_R	Heschl_L	Heschl_R	Temporal_Sup_L	Temporal_Sup_R	Temporal_Pole_Sup_L	Temporal_Pole_Sup_R	Temporal_Mid_L	Temporal_Mid_R	Temporal_Pole_Mid_L	Temporal_Pole_Mid_R	Temporal_Inf_L	Temporal_Inf_R	Cerebelum_Crus1_L	Cerebelum_Crus1_R	Cerebelum_Crus2_L	Cerebelum_Crus2_R	Cerebelum_3_L	Cerebelum_3_R	Cerebelum_4_5_L	Cerebelum_4_5_R	Cerebelum_6_L	Cerebelum_6_R	Cerebelum_7b_L	Cerebelum_7b_R	Cerebelum_8_L	Cerebelum_8_R	Cerebelum_9_L	Cerebelum_9_R	Cerebelum_10_L	Cerebelum_10_R	Vermis_1_2	Vermis_3	Vermis_4_5	Vermis_6	Vermis_7	Vermis_8	Vermis_9	Vermis_10	
632344	Precentral_L	0	6392	9424	13196	0	0	31648	1732	0	0	26128	168	9346	0	134	0	10716	0	7680	18096	0	0	906	250	0	0	0	0	20932	836	6098	206	164	5626	3242	0	6810	1232	790	922	0	0	166	0	0	0	122	0	210	0	3894	0	1602	0	4870	1830	29064	1120	1738	0	3522	0	166	0	2742	0	1520	0	12324	2874	7594	1714	10960	2194	6270	0	18578	1464	4266	0	5076	0	132	154	1968	0	0	0	2610	170	1250	146	0	0	0	0	0	0	1188	0	0	0	0	0	0	0	0	0	0	0	0	0	0	0	0	0	
382504	Precentral_R	6392	0	1524	21742	0	0	1502	13016	0	0	3880	10056	428	1900	132	0	3108	3856	954	10332	0	0	106	168	0	0	0	0	3148	3608	560	290	0	2608	286	1616	668	8576	380	3430	0	0	0	286	0	1028	0	0	0	2824	96	1132	0	96	242	3474	2506	25814	0	306	194	690	0	1962	0	602	232	2052	972	10150	398	6136	156	6826	0	1304	732	7976	378	432	924	1546	506	278	0	1230	0	0	0	1660	0	618	0	0	0	0	0	594	0	634	0	0	0	0	0	0	0	0	0	0	0	0	0	0	0	0	
688968	Frontal_Sup_L	9424	1524	0	14044	6134	0	62572	2264	3792	0	13054	118	17522	124	3096	0	938	0	35684	18644	0	0	42726	8718	682	112	0	0	15102	128	29304	4970	7256	11100	234	0	1814	532	174	142	0	0	0	0	162	0	0	0	0	0	152	0	0	0	184	114	632	0	0	0	130	0	0	0	0	0	222	0	3138	280	8146	542	14692	692	410	112	1330	158	138	0	680	0	642	0	0	0	0	0	0	0	0	0	0	0	0	0	0	0	0	0	0	0	0	0	0	0	0	0	0	0	0	0	0	0	0	0	
985616	Frontal_Sup_R	13196	21742	14044	0	138	5784	5500	55324	0	2394	8010	9152	2140	10134	236	2444	4366	2232	15810	74366	0	132	8610	35444	292	2968	0	262	8296	10426	7684	20006	1862	14908	0	100	1070	15950	308	6028	0	0	0	0	0	0	0	0	0	0	296	0	0	0	348	2644	4184	1182	186	0	780	0	0	228	280	0	164	0	2744	208	9682	29486	1444	33320	0	7980	750	8332	434	138	1394	190	838	828	0	0	0	0	142	0	88	1008	0	0	0	0	0	1030	88	1034	0	0	0	0	0	0	0	0	0	0	0	0	0	0	0	0	
112120	Frontal_Sup_Orb_L	0	0	6134	138	0	0	1142	0	12100	0	0	0	256	0	11440	0	0	0	0	102	1390	0	1410	0	1836	0	3688	0	3402	0	1688	166	0	0	0	0	0	0	0	0	0	0	0	0	0	0	0	0	0	0	0	0	0	0	0	0	0	0	0	0	0	0	0	0	0	0	0	0	0	0	630	156	10152	92	0	0	0	0	0	0	0	0	138	0	0	0	0	0	0	0	0	0	0	0	0	0	0	0	0	0	0	0	0	0	0	0	0	0	0	0	0	0	0	0	0	0	
123764	Frontal_Sup_Orb_R	0	0	0	5784	0	0	0	1874	0	4850	0	136	0	696	0	3090	0	0	0	842	0	1070	0	2734	276	9288	0	5352	0	3582	0	1292	0	0	0	0	0	1496	0	560	0	1244	0	0	0	0	0	0	0	0	0	0	0	0	0	0	0	0	0	0	0	0	0	0	0	0	0	0	0	0	0	7242	0	10294	0	0	0	0	0	0	0	0	0	180	0	0	0	0	0	0	0	0	0	0	0	0	0	0	0	0	0	0	0	0	0	0	0	0	0	0	0	0	0	0	0	0	
597956	Frontal_Mid_L	31648	1502	62572	5500	1142	0	0	2818	3210	0	26764	0	36620	108	3412	0	2118	0	7426	4380	0	0	16134	1728	0	0	0	0	24080	176	21900	1368	1076	1366	116	0	1638	252	0	0	0	0	0	0	0	0	0	0	130	0	2036	0	446	0	1386	0	4132	0	1160	0	1364	0	0	0	1560	0	950	0	932	0	9770	724	8520	312	720	0	2222	0	404	0	874	0	214	0	688	0	0	0	828	0	284	0	0	0	0	0	0	0	268	0	0	0	0	0	0	0	0	0	0	0	0	0	0	0	0	0	
435952	Frontal_Mid_R	1732	13016	2264	55324	0	1874	2818	0	0	2382	1446	15938	1200	21950	0	792	372	3172	2502	10238	0	0	1450	8666	0	304	0	0	3324	9278	2054	3898	216	3190	0	0	398	7174	0	3770	0	0	0	0	0	0	0	0	0	0	0	0	0	0	0	1682	960	1696	0	0	154	0	0	0	0	0	0	0	242	0	7748	5866	880	11966	0	2632	250	1158	0	200	100	196	0	0	0	0	0	0	0	0	0	352	0	0	0	0	0	638	0	514	0	0	0	0	0	0	0	0	0	0	0	0	0	0	0	0	
75904	Frontal_Mid_Orb_L	0	0	3792	0	12100	0	3210	0	0	0	0	0	744	0	10668	0	0	0	0	0	336	0	0	0	0	0	1302	0	2132	0	328	0	0	0	0	0	0	0	0	0	0	0	0	0	0	0	0	0	0	0	0	0	0	0	0	0	0	0	0	0	0	0	0	0	0	0	0	0	0	0	0	0	3340	0	0	0	0	0	0	0	0	0	0	0	0	0	0	0	0	0	0	0	0	0	0	0	0	0	0	0	0	0	0	0	0	0	0	0	0	0	0	0	0	0	0	0	
42692	Frontal_Mid_Orb_R	0	0	0	2394	0	4850	0	2382	0	0	0	0	0	1638	0	5122	0	0	0	1482	0	120	0	0	0	0	0	128	0	396	0	0	0	0	0	0	0	0	0	0	0	0	0	0	0	0	0	0	0	0	0	0	0	0	0	0	0	0	0	0	0	0	0	0	0	0	0	0	0	0	0	1610	0	1224	0	0	0	0	0	0	0	0	0	0	0	0	0	0	0	0	0	0	0	0	0	0	0	0	0	0	0	0	0	0	0	0	0	0	0	0	0	0	0	0	0	0	
462704	Frontal_Inf_Oper_L	26128	3880	13054	8010	0	0	26764	1446	0	0	0	214	33126	382	956	0	13942	0	3154	7520	0	0	3432	1216	0	0	0	0	28976	152	4510	784	342	412	0	0	2118	650	122	170	0	0	0	0	0	0	0	0	0	0	1552	0	604	0	2662	176	6884	0	996	0	3062	0	294	0	1486	0	774	0	144	0	7210	476	5536	680	458	0	2074	0	2362	0	5872	0	3062	0	880	0	0	0	1518	0	448	94	0	0	0	0	0	92	400	96	0	0	0	0	0	0	0	0	0	0	0	0	0	0	0	0	
247696	Frontal_Inf_Oper_R	168	10056	118	9152	0	136	0	15938	0	0	214	0	224	17446	0	1042	0	8458	1224	5160	0	0	744	1614	0	0	0	0	264	20408	272	2370	0	624	0	0	0	4884	0	2708	0	0	0	0	0	0	0	0	0	102	0	0	0	0	0	910	92	2836	0	0	0	0	0	134	0	0	0	0	0	0	448	520	0	11250	0	1514	0	240	0	424	0	1060	0	500	0	134	0	0	0	0	0	0	0	0	0	0	0	260	0	200	0	0	0	0	0	0	0	0	0	0	0	0	0	0	0	0	
331020	Frontal_Inf_Tri_L	9346	428	17522	2140	256	0	36620	1200	744	0	33126	224	0	400	3880	0	2780	0	3376	1950	0	0	3942	1238	0	0	0	0	19342	190	5576	872	330	372	0	0	974	140	0	0	0	0	0	0	0	0	0	0	0	0	144	0	0	0	316	0	986	0	0	0	282	0	0	0	144	0	0	0	0	0	6624	600	4826	200	322	0	1554	0	246	0	1024	0	938	0	120	0	0	0	216	0	0	0	0	0	0	0	0	0	0	0	0	0	0	0	0	0	0	0	0	0	0	0	0	0	0	0	
208404	Frontal_Inf_Tri_R	0	1900	124	10134	0	696	108	21950	0	1638	382	17446	400	0	0	4450	0	2864	846	3984	0	0	410	1812	0	96	0	0	560	14466	174	2090	0	468	0	0	0	2750	0	1236	0	0	0	0	0	0	0	0	0	0	0	0	0	0	0	498	0	1080	0	0	0	0	0	96	0	0	0	0	0	0	1100	1398	0	7066	0	500	0	152	0	210	0	730	0	0	0	112	0	0	0	0	0	0	0	0	0	0	0	148	0	128	0	0	0	0	0	0	0	0	0	0	0	0	0	0	0	0	
113260	Frontal_Inf_Orb_L	134	132	3096	236	11440	0	3412	0	10668	0	956	0	3880	0	0	0	158	0	0	214	1630	0	160	0	180	0	378	0	7902	0	782	0	0	0	0	0	760	0	462	0	570	0	0	0	0	0	0	0	0	0	0	0	0	0	222	0	0	0	0	0	0	0	0	0	0	0	0	0	0	0	270	0	6980	0	0	0	0	0	0	0	230	0	1678	0	100	0	0	0	0	0	0	0	0	0	0	0	0	0	0	0	0	0	0	0	0	0	0	0	0	0	0	0	0	0	0	0	
80148	Frontal_Inf_Orb_R	0	0	0	2444	0	3090	0	792	0	5122	0	1042	0	4450	0	0	0	0	92	2918	0	1346	0	0	0	230	0	578	0	7606	0	0	0	0	0	0	0	772	0	284	0	822	0	0	0	0	0	0	0	0	0	0	0	0	0	0	0	0	0	0	0	0	0	0	0	0	0	0	0	0	148	3648	0	3974	0	0	0	0	0	0	0	0	0	716	0	0	0	0	0	0	0	0	0	0	0	0	0	0	0	0	0	0	0	0	0	0	0	0	0	0	0	0	0	0	0	0	
245800	Rolandic_Oper_L	10716	3108	938	4366	0	0	2118	372	0	0	13942	0	2780	0	158	0	0	0	154	3982	0	0	0	0	0	0	0	0	18148	0	4528	0	0	0	0	0	2836	326	0	0	0	0	0	0	0	0	0	0	0	0	512	0	546	0	2674	0	13946	0	346	0	2268	0	1948	0	720	0	332	0	0	0	998	0	910	296	0	0	286	0	8300	0	14924	0	1822	0	1328	0	0	0	1306	0	518	0	0	0	0	0	0	0	448	0	0	0	0	0	0	0	0	0	0	0	0	0	0	0	0	0	
146824	Rolandic_Oper_R	0	3856	0	2232	0	0	0	3172	0	0	0	8458	0	2864	0	0	0	0	174	1308	0	0	0	0	0	0	0	0	0	14392	0	0	0	0	0	0	0	4504	0	1920	0	0	0	0	0	0	0	0	0	0	0	0	0	0	0	1050	0	9432	0	0	0	0	0	2426	0	0	0	0	0	90	0	528	0	5010	0	580	0	500	0	4216	0	4704	0	388	0	946	0	0	0	292	0	0	0	0	0	0	0	204	0	166	0	0	0	0	0	0	0	0	0	0	0	0	0	0	0	0	
442316	Supp_Motor_Area_L	7680	954	35684	15810	0	0	7426	2502	0	0	3154	1224	3376	846	0	92	154	174	0	42426	0	0	8348	5396	0	0	0	0	1776	1216	11400	4812	12372	25968	680	290	426	352	0	102	0	0	100	0	794	0	0	0	0	0	0	0	0	0	0	0	146	0	0	0	0	0	0	0	0	0	954	0	16792	1106	2074	484	646	1092	588	138	1272	332	0	0	0	0	0	0	0	0	0	0	0	0	0	0	0	0	0	0	0	0	0	0	0	0	0	0	0	0	0	0	0	0	0	0	0	0	0	0	
837428	Supp_Motor_Area_R	18096	10332	18644	74366	102	842	4380	10238	0	1482	7520	5160	1950	3984	214	2918	3982	1308	42426	0	0	0	3148	9512	0	0	0	0	6152	8480	4510	7430	4820	37178	464	530	686	8454	132	2858	0	0	100	0	366	0	0	0	0	0	280	0	0	0	272	1194	3804	638	176	0	604	0	0	0	240	0	522	956	19246	8012	5926	23896	948	21848	0	4648	1112	16786	338	0	1274	0	788	786	0	0	0	0	132	0	0	494	0	0	0	0	0	526	0	504	0	0	0	0	0	0	0	0	0	0	0	0	0	0	0	0	
96056	Olfactory_L	0	0	0	0	1390	0	0	0	336	0	0	0	0	0	1630	0	0	0	0	0	0	7210	0	0	496	856	6172	1114	1980	0	3786	2604	0	0	0	0	950	0	1404	0	982	0	0	0	0	0	0	0	0	0	0	0	0	0	176	0	0	0	0	0	0	0	0	0	0	0	0	0	0	0	6802	5574	1946	1156	0	0	0	0	0	0	134	0	1330	0	0	0	0	0	0	0	0	0	0	0	0	0	0	0	0	0	0	0	0	0	0	0	0	0	0	0	0	0	0	0	0	0	
100340	Olfactory_R	0	0	0	132	0	1070	0	0	0	120	0	0	0	0	0	1346	0	0	0	0	7210	0	0	0	138	3518	4766	3294	0	1966	2552	3602	0	0	0	0	0	234	0	608	0	1150	0	0	0	0	0	0	0	0	0	0	0	0	0	0	0	0	0	0	0	0	0	0	0	0	0	0	0	0	6282	8236	1954	1422	0	0	0	0	0	0	0	0	0	570	0	0	0	0	0	0	0	0	0	0	0	0	0	0	0	0	0	0	0	0	0	0	0	0	0	0	0	0	0	0	0	0	
375316	Frontal_Sup_Medial_L	906	106	42726	8610	1410	0	16134	1450	0	0	3432	744	3942	410	160	0	0	0	8348	3148	0	0	0	25094	1494	558	116	0	2608	118	26340	15482	7472	11392	0	0	106	674	0	346	0	0	0	0	0	0	0	0	0	0	0	0	0	0	0	0	0	0	0	0	0	0	0	0	0	0	0	0	0	0	1592	0	1418	774	0	548	0	0	0	0	0	0	0	0	0	0	0	0	0	0	0	0	0	0	0	0	0	0	0	0	0	0	0	0	0	0	0	0	0	0	0	0	0	0	0	0	
352680	Frontal_Sup_Medial_R	250	168	8718	35444	0	2734	1728	8666	0	0	1216	1614	1238	1812	0	0	0	0	5396	9512	0	0	25094	0	460	3090	0	0	948	628	8924	25294	2020	12606	0	0	0	2270	0	1062	0	0	0	0	0	0	0	0	0	0	0	0	0	0	0	0	0	0	0	0	0	0	0	0	0	0	0	0	0	0	984	5048	254	7254	0	1908	0	0	0	0	0	0	0	0	0	0	0	0	0	0	0	0	0	0	0	0	0	0	0	0	0	0	0	0	0	0	0	0	0	0	0	0	0	0	0	0	
21872	Frontal_Med_Orb_L	0	0	682	292	1836	276	0	0	0	0	0	0	0	0	180	0	0	0	0	0	496	138	1494	460	0	1008	1050	0	0	0	1686	0	0	0	0	0	0	0	0	0	0	0	0	0	0	0	0	0	0	0	0	0	0	0	0	0	0	0	0	0	0	0	0	0	0	0	0	0	0	0	826	140	372	0	0	0	0	0	0	0	0	0	0	0	0	0	0	0	0	0	0	0	0	0	0	0	0	0	0	0	0	0	0	0	0	0	0	0	0	0	0	0	0	0	0	0	
102636	Frontal_Med_Orb_R	0	0	112	2968	0	9288	0	304	0	0	0	0	0	96	0	230	0	0	0	0	856	3518	558	3090	1008	0	592	4776	0	2134	534	4460	0	0	0	0	0	1094	0	404	0	826	0	0	0	0	0	0	0	0	0	0	0	0	0	0	0	0	0	0	0	0	0	0	0	0	0	0	0	0	686	7054	0	6628	0	0	0	0	0	0	0	0	0	102	0	0	0	0	0	0	0	0	0	0	0	0	0	0	0	0	0	0	0	0	0	0	0	0	0	0	0	0	0	0	0	0	
66680	Rectus_L	0	0	0	0	3688	0	0	0	1302	0	0	0	0	0	378	0	0	0	0	0	6172	4766	116	0	1050	592	0	880	0	0	3264	2172	0	0	0	0	0	0	0	0	0	0	0	0	0	0	0	0	0	0	0	0	0	0	0	0	0	0	0	0	0	0	0	0	0	0	0	0	0	0	3862	3716	692	690	0	0	0	0	0	0	0	0	0	0	0	0	0	0	0	0	0	0	0	0	0	0	0	0	0	0	0	0	0	0	0	0	0	0	0	0	0	0	0	0	0	0	
47936	Rectus_R	0	0	0	262	0	5352	0	0	0	128	0	0	0	0	0	578	0	0	0	0	1114	3294	0	0	0	4776	880	0	0	444	542	1872	0	0	0	0	0	0	0	0	0	112	0	0	0	0	0	0	0	0	0	0	0	0	0	0	0	0	0	0	0	0	0	0	0	0	0	0	0	0	524	3426	0	664	0	0	0	0	0	0	0	0	0	0	0	0	0	0	0	0	0	0	0	0	0	0	0	0	0	0	0	0	0	0	0	0	0	0	0	0	0	0	0	0	0	0	
640052	Insula_L	20932	3148	15102	8296	3402	0	24080	3324	2132	0	28976	264	19342	560	7902	0	18148	0	1776	6152	1980	0	2608	948	0	0	0	0	0	462	16958	1616	148	112	0	0	21080	686	4624	184	3930	0	0	0	0	0	140	0	0	0	634	0	534	0	8402	150	9264	0	414	0	2904	0	590	0	1398	0	410	0	148	0	11438	1026	17348	882	0	0	4288	558	9372	0	11294	0	10346	0	3222	0	0	0	3970	0	754	0	0	0	0	0	736	0	932	0	0	0	0	0	0	0	0	0	0	0	0	0	0	0	0	0	
390068	Insula_R	836	3608	128	10426	0	3582	176	9278	0	396	152	20408	190	14466	0	7606	0	14392	1216	8480	0	1966	118	628	0	2134	0	444	462	0	96	480	0	344	0	0	346	19076	0	7236	0	4546	0	0	0	0	0	0	0	0	0	0	0	0	0	3836	396	3694	0	0	0	0	0	154	0	0	0	0	0	0	1102	3444	158	26608	0	626	388	2588	210	1772	0	4868	0	7130	0	2574	0	0	0	738	0	286	0	0	0	0	0	748	0	498	0	0	0	0	0	0	0	0	0	0	0	0	0	0	0	0	
490448	Cingulum_Ant_L	6098	560	29304	7684	1688	0	21900	2054	328	0	4510	272	5576	174	782	0	4528	0	11400	4510	3786	2552	26340	8924	1686	534	3264	542	16958	96	0	16484	11424	12540	0	152	3454	620	1050	236	0	0	0	0	128	0	0	0	0	0	0	0	0	0	1150	0	2896	0	0	0	132	0	0	0	0	0	134	0	98	0	10042	3376	9860	1720	96	400	498	0	798	0	1352	0	374	0	0	0	0	0	160	0	0	0	0	0	0	0	0	0	0	0	0	0	0	0	0	0	0	0	0	0	0	0	0	0	0	0	
356628	Cingulum_Ant_R	206	290	4970	20006	166	1292	1368	3898	0	0	784	2370	872	2090	0	0	0	0	4812	7430	2604	3602	15482	25294	0	4460	2172	1872	1616	480	16484	0	3824	17084	0	142	0	3358	0	1924	0	0	0	0	0	0	0	0	0	0	0	0	0	0	0	140	0	0	0	0	0	0	0	0	0	0	0	0	0	0	2342	10550	796	10624	0	2822	0	0	0	0	0	0	0	88	0	0	0	0	0	0	0	0	0	0	0	0	0	0	0	0	0	0	0	0	0	0	0	0	0	0	0	0	0	0	0	0	
199452	Cingulum_Mid_L	164	0	7256	1862	0	0	1076	216	0	0	342	0	330	0	0	0	0	0	12372	4820	0	0	7472	2020	0	0	0	0	148	0	11424	3824	0	17312	2526	868	0	0	0	0	0	0	906	0	2978	0	0	0	664	0	3548	0	272	0	0	0	564	0	656	0	250	0	0	0	290	0	8620	480	2980	242	0	0	0	0	0	0	0	0	0	0	88	0	0	0	2280	0	0	0	876	0	0	0	0	0	0	0	0	0	0	0	0	0	0	0	0	0	0	0	0	0	0	0	0	0	0	0	
447944	Cingulum_Mid_R	5626	2608	11100	14908	0	0	1366	3190	0	0	412	624	372	468	0	0	0	0	25968	37178	0	0	11392	12606	0	0	0	0	112	344	12540	17084	17312	0	1932	4468	156	830	0	458	0	0	0	174	298	472	0	0	0	564	0	316	0	104	0	598	566	3314	0	0	0	0	0	0	0	132	1578	5038	10484	12414	262	354	0	764	0	502	752	1716	0	0	0	0	0	0	0	144	0	0	0	372	0	0	0	0	0	0	0	0	0	0	0	0	0	0	0	0	0	0	0	0	0	0	0	0	0	0	
131028	Cingulum_Post_L	3242	286	234	0	0	0	116	0	0	0	0	0	0	0	0	0	0	0	680	464	0	0	0	0	0	0	0	0	0	0	0	0	2526	1932	0	8264	3254	2444	1820	2318	0	0	1744	124	1728	206	1128	0	204	224	678	102	2048	0	5734	3006	1726	254	0	0	0	0	0	0	0	0	6052	1602	2588	504	368	0	102	0	0	0	2502	884	262	0	108	98	0	0	188	122	0	0	806	850	1032	0	0	0	0	0	0	0	960	0	0	0	0	0	0	0	0	0	0	0	0	0	0	0	0	0	
168624	Cingulum_Post_R	0	1616	0	100	0	0	0	0	0	0	0	0	0	0	0	0	0	0	290	530	0	0	0	0	0	0	0	0	0	0	152	142	868	4468	8264	0	1592	5234	894	5570	0	0	0	2530	632	4102	0	1934	0	3992	0	868	200	598	2056	9482	144	2098	0	418	0	802	0	626	0	540	1410	13296	180	2214	0	0	0	0	0	0	0	1046	0	92	0	342	0	0	0	758	0	0	584	2330	490	208	0	0	0	0	0	0	486	0	0	0	0	0	0	0	0	0	0	0	134	0	0	0	0	0	
364268	Hippocampus_L	6810	668	1814	1070	0	0	1638	398	0	0	2118	0	974	0	760	0	2836	0	426	686	950	0	106	0	0	0	0	0	21080	346	3454	0	0	156	3254	1592	0	2704	23490	2012	8560	0	1610	0	0	0	4188	118	0	0	164	0	0	0	23036	1738	1714	92	0	0	292	0	166	0	182	0	3028	88	188	0	1040	0	10164	392	964	0	7438	3214	5002	0	4628	0	4942	0	2736	0	96	0	7230	252	2648	0	0	0	174	0	2756	0	3596	0	0	0	0	0	158	0	96	0	0	102	0	0	0	0	0	0	
615300	Hippocampus_R	1232	8576	532	15950	0	1496	252	7174	0	0	650	4884	140	2750	0	772	326	4504	352	8454	0	234	674	2270	0	1094	0	0	686	19076	620	3358	0	830	2444	5234	2704	0	1780	53714	0	13310	0	794	0	0	0	4792	0	0	0	0	0	0	2364	36098	922	1112	0	0	508	0	0	0	0	0	92	4410	0	190	434	1278	122	36330	0	10050	310	6956	124	1626	144	1894	0	3274	0	1990	0	530	602	4346	574	4322	0	108	0	256	0	8078	586	5262	0	0	108	202	0	438	0	0	0	0	158	0	106	88	0	0	
204864	ParaHippocampal_L	790	380	174	308	0	0	0	0	0	0	122	0	0	0	462	0	0	0	0	132	1404	0	0	0	0	0	0	0	4624	0	1050	0	0	0	1820	894	23490	1780	0	1428	4336	0	1228	0	0	0	5538	100	0	0	158	0	454	0	18266	1400	216	0	0	0	0	0	0	0	0	0	1950	0	0	0	0	0	3464	212	212	0	2862	1834	0	0	1266	0	3076	0	438	0	1004	0	2196	0	1438	0	360	0	662	0	5188	90	3354	0	0	0	476	0	498	94	0	0	0	146	0	144	184	352	118	260	
506312	ParaHippocampal_R	922	3430	142	6028	0	560	0	3770	0	0	170	2708	0	1236	0	284	0	1920	102	2858	0	608	346	1062	0	404	0	0	184	7236	236	1924	0	458	2318	5570	2012	53714	1428	0	0	7918	0	708	0	0	0	8114	0	0	0	0	172	0	2510	42714	1148	396	0	0	502	0	0	0	0	0	94	4680	284	290	0	344	0	17444	0	4748	184	4798	0	1558	0	2254	0	2268	0	1582	0	656	596	4680	610	8130	0	454	0	1300	0	14708	620	10782	192	0	596	956	0	1022	0	0	0	0	188	0	594	542	190	0	
56020	Amygdala_L	0	0	0	0	0	0	0	0	0	0	0	0	0	0	570	0	0	0	0	0	982	0	0	0	0	0	0	0	3930	0	0	0	0	0	0	0	8560	0	4336	0	0	0	0	0	0	0	0	0	0	0	0	0	0	0	3150	0	0	0	0	0	0	0	0	0	0	0	0	0	0	0	0	0	478	0	0	0	0	0	0	0	922	0	3362	0	790	0	336	0	472	0	0	0	0	0	0	0	122	0	0	0	0	0	0	0	0	0	0	0	0	0	0	0	0	0	0	0	
82412	Amygdala_R	0	0	0	0	0	1244	0	0	0	0	0	0	0	0	0	822	0	0	0	0	0	1150	0	0	0	826	0	112	0	4546	0	0	0	0	0	0	0	13310	0	7918	0	0	0	0	0	0	0	0	0	0	0	0	0	0	0	4934	0	0	0	0	0	0	0	0	0	0	0	0	0	0	0	0	0	2650	0	0	0	0	0	0	0	0	0	2488	0	0	0	606	0	288	0	0	0	0	0	0	0	312	0	0	0	0	0	0	0	0	0	0	0	0	0	0	0	0	0	0	
251136	Calcarine_L	166	0	0	0	0	0	0	0	0	0	0	0	0	0	0	0	0	0	100	100	0	0	0	0	0	0	0	0	0	0	0	0	906	0	1744	0	1610	0	1228	0	0	0	0	5918	18504	3246	10878	3050	12208	2048	18294	0	6218	358	6272	864	2630	0	1226	0	774	0	0	0	242	0	18506	484	568	0	0	0	0	0	0	0	0	0	0	0	0	0	0	0	3224	0	0	0	2200	0	420	246	0	0	0	0	160	298	238	300	0	0	0	0	0	0	0	0	0	0	340	0	0	0	0	0	
279652	Calcarine_R	0	286	0	0	0	0	0	0	0	0	0	0	0	0	0	0	0	0	0	0	0	0	0	0	0	0	0	0	0	0	0	0	0	174	124	2530	0	794	0	708	0	0	5918	0	2196	17602	2448	23164	288	15704	112	6300	0	5450	0	15408	0	330	0	148	0	232	0	288	0	282	686	16062	0	578	0	0	0	0	0	0	0	0	0	0	0	3106	0	0	0	7088	0	0	0	11258	0	348	0	0	0	0	0	0	0	214	0	0	0	0	0	0	0	0	0	0	0	0	0	0	0	0	
176480	Cuneus_L	0	0	162	0	0	0	0	0	0	0	0	0	0	0	0	0	0	0	794	366	0	0	0	0	0	0	0	0	0	0	128	0	2978	298	1728	632	0	0	0	0	0	0	18504	2196	0	5394	678	0	16062	1534	7398	0	856	0	866	0	2506	0	1626	0	726	0	0	0	256	0	17800	2384	940	0	0	0	0	0	0	0	0	0	0	0	0	0	0	0	974	0	0	0	454	0	0	0	0	0	0	0	0	0	0	0	0	0	0	0	0	0	0	0	0	0	0	0	0	0	0	0	
247196	Cuneus_R	0	1028	0	0	0	0	0	0	0	0	0	0	0	0	0	0	0	0	0	0	0	0	0	0	0	0	0	0	0	0	0	0	0	472	206	4102	0	0	0	0	0	0	3246	17602	5394	0	482	5536	402	31402	0	12600	0	1050	0	5330	0	2862	0	1760	0	1742	0	1452	0	1396	1976	14500	0	1592	0	0	0	0	0	0	0	0	0	0	0	1326	0	0	0	4258	0	0	0	1728	0	154	0	0	0	0	0	0	0	0	0	0	0	0	0	0	0	0	0	0	0	0	0	0	0	0	
462032	Lingual_L	122	0	0	0	0	0	0	0	0	0	0	0	0	0	0	0	0	0	0	0	0	0	0	0	0	0	0	0	140	0	0	0	0	0	1128	0	4188	0	5538	0	0	0	10878	2448	678	482	0	7454	2608	702	15930	0	12548	226	29174	2236	220	0	0	0	114	0	0	0	0	0	4842	0	0	0	0	0	0	0	0	0	506	0	0	0	178	0	0	0	912	0	0	0	2028	0	16616	7848	1572	2252	140	0	28456	6100	30696	9016	448	200	846	300	298	174	0	0	0	0	11042	7040	1826	384	294	188	
437624	Lingual_R	0	0	0	0	0	0	0	0	0	0	0	0	0	0	0	0	0	0	0	0	0	0	0	0	0	0	0	0	0	0	0	0	0	0	0	1934	118	4792	100	8114	0	0	3050	23164	0	5536	7454	0	0	7328	362	4446	684	7626	1380	34446	0	0	0	0	0	0	0	0	0	0	0	9892	0	124	0	0	0	0	0	0	0	614	0	128	0	462	0	0	0	828	0	0	0	3376	1600	19768	764	790	0	626	8316	17180	6164	22370	0	0	0	358	0	0	0	0	0	134	10832	3714	238	0	0	0	
150096	Occipital_Sup_L	210	0	0	0	0	0	130	0	0	0	0	0	0	0	0	0	0	0	0	0	0	0	0	0	0	0	0	0	0	0	0	0	664	0	204	0	0	0	0	0	0	0	12208	288	16062	402	2608	0	0	0	18452	0	1464	0	1216	0	1142	0	4954	0	780	0	0	0	738	0	10540	90	834	0	0	0	0	0	0	0	0	0	0	0	0	0	0	0	1124	0	0	0	938	0	0	0	0	0	0	0	0	0	0	0	0	0	0	0	0	0	0	0	0	0	0	0	0	0	0	0	
301360	Occipital_Sup_R	0	2824	0	0	0	0	0	0	0	0	0	102	0	0	0	0	0	0	0	0	0	0	0	0	0	0	0	0	0	0	0	0	0	564	224	3992	0	0	0	0	0	0	2048	15704	1534	31402	702	7328	0	0	0	25236	0	1322	0	6436	0	5634	0	2560	0	5716	0	3784	0	7666	1032	10922	0	2448	0	0	0	0	0	0	0	0	0	0	0	2210	0	0	0	6826	0	0	0	2304	0	160	0	0	0	0	0	0	0	0	0	0	0	0	0	0	0	0	0	0	0	0	0	0	0	0	
538740	Occipital_Mid_L	3894	96	152	296	0	0	2036	0	0	0	1552	0	144	0	0	0	512	0	0	280	0	0	0	0	0	0	0	0	634	0	0	0	3548	0	678	0	164	0	158	0	0	0	18294	112	7398	0	15930	362	18452	0	0	0	25922	0	15982	244	12732	0	18912	0	16244	0	1722	0	22740	0	24542	0	6522	0	162	0	0	0	0	0	88	0	130	0	788	0	0	0	29040	0	0	0	13516	0	626	606	0	0	0	0	1026	656	858	622	0	0	0	0	0	0	0	0	0	0	836	162	0	0	0	0	
221504	Occipital_Mid_R	0	1132	0	0	0	0	0	0	0	0	0	0	0	0	0	0	0	0	0	0	0	0	0	0	0	0	0	0	0	0	0	0	0	316	102	868	0	0	0	0	0	0	0	6300	0	12600	0	4446	0	25236	0	0	0	5832	0	6572	0	2040	0	1586	0	4870	0	1522	0	16310	238	3312	0	1212	0	0	0	0	0	0	0	0	0	0	0	1436	0	0	0	12510	0	0	0	2016	0	182	0	0	0	0	0	0	0	114	0	0	0	0	0	0	0	0	0	0	0	0	0	0	0	0	
249364	Occipital_Inf_L	1602	0	0	0	0	0	446	0	0	0	604	0	0	0	0	0	546	0	0	0	0	0	0	0	0	0	0	0	534	0	0	0	272	0	2048	200	0	0	454	172	0	0	6218	0	856	0	12548	684	1464	0	25922	0	0	0	27444	480	3174	0	334	0	510	0	100	0	298	0	3570	0	1586	0	0	0	0	0	0	0	0	0	134	0	356	0	0	0	7742	0	0	0	11216	0	1784	1190	0	96	0	0	2506	1302	2728	1238	0	0	0	0	0	0	0	0	0	0	1836	360	128	0	0	0	
102312	Occipital_Inf_R	0	96	0	0	0	0	0	0	0	0	0	0	0	0	0	0	0	0	0	0	0	0	0	0	0	0	0	0	0	0	0	0	0	104	0	598	0	0	0	0	0	0	358	5450	0	1050	226	7626	0	1322	0	5832	0	0	0	10366	0	116	0	0	0	0	0	0	0	0	0	1908	0	180	0	0	0	0	0	0	0	0	0	0	0	240	0	0	0	4566	0	0	0	8638	0	784	0	0	0	0	138	186	104	902	0	0	0	0	0	0	0	0	0	0	224	142	0	0	0	0	
747728	Fusiform_L	4870	242	184	348	0	0	1386	0	0	0	2662	0	316	0	222	0	2674	0	0	272	176	0	0	0	0	0	0	0	8402	0	1150	0	0	0	5734	2056	23036	2364	18266	2510	3150	0	6272	0	866	0	29174	1380	1216	0	15982	0	27444	0	0	2094	4744	0	148	0	2182	0	606	0	702	0	4262	0	1148	0	0	94	1966	118	0	0	2564	914	1718	0	9478	0	3274	0	9396	0	1124	0	31666	742	35318	2302	4024	230	92	320	22646	2814	46828	2448	2030	0	2726	120	1792	526	366	0	0	94	3686	1102	640	1146	742	578	
827104	Fusiform_R	1830	3474	114	2644	0	0	0	1682	0	0	176	910	0	498	0	0	0	1050	0	1194	0	0	0	0	0	0	0	0	150	3836	0	140	0	598	3006	9482	1738	36098	1400	42714	0	4934	864	15408	0	5330	2236	34446	0	6436	244	6572	480	10366	2094	0	1820	1214	0	88	434	142	0	236	0	300	186	12012	1106	1370	142	238	0	7084	0	762	788	4350	0	1534	0	4246	0	3492	0	8314	0	1584	258	20188	584	41840	172	7820	0	870	1806	24706	2204	47134	264	110	810	3454	0	1410	0	0	0	0	2530	1860	868	714	364	0	
403000	Postcentral_L	29064	2506	632	4184	0	0	4132	960	0	0	6884	92	986	0	0	0	13946	0	146	3804	0	0	0	0	0	0	0	0	9264	396	2896	0	564	566	1726	144	1714	922	216	1148	0	0	2630	0	2506	0	220	0	1142	0	12732	0	3174	0	4744	1820	0	562	6286	0	19410	0	6450	0	5984	0	7732	0	12502	736	1260	240	2684	518	840	0	674	164	3854	0	7410	0	0	0	4520	0	0	0	2128	190	792	0	0	0	0	0	0	0	704	0	0	0	0	0	0	0	0	0	0	0	0	0	0	0	0	0	
233172	Postcentral_R	1120	25814	0	1182	0	0	0	1696	0	0	0	2836	0	1080	0	0	0	9432	0	638	0	0	0	0	0	0	0	0	0	3694	0	0	0	3314	254	2098	92	1112	0	396	0	0	0	330	0	2862	0	0	0	5634	0	2040	0	116	0	1214	562	0	0	5334	0	6472	0	11902	0	1500	338	4070	170	12272	0	1030	0	1166	0	244	290	570	0	208	0	704	0	0	0	1576	0	0	0	1224	0	0	0	0	0	0	0	0	0	0	0	0	0	0	0	0	0	0	0	0	0	0	0	0	0	0	
170676	Parietal_Sup_L	1738	0	0	186	0	0	1160	0	0	0	996	0	0	0	0	0	346	0	0	176	0	0	0	0	0	0	0	0	414	0	0	0	656	0	0	0	0	0	0	0	0	0	1226	0	1626	0	0	0	4954	0	18912	0	334	0	148	0	6286	0	0	0	11076	0	1662	0	10648	0	19936	0	1460	0	144	0	0	0	0	0	0	0	0	0	356	0	0	0	586	0	0	0	312	0	0	0	0	0	0	0	0	0	0	0	0	0	0	0	0	0	0	0	0	0	0	0	0	0	0	0	
73160	Parietal_Sup_R	0	306	0	0	0	0	0	0	0	0	0	0	0	0	0	0	0	0	0	0	0	0	0	0	0	0	0	0	0	0	0	0	0	0	0	418	0	0	0	0	0	0	0	148	0	1760	0	0	0	2560	0	1586	0	0	0	88	0	5334	0	0	0	6644	0	3718	0	4112	1540	5036	0	1418	0	0	0	0	0	0	0	0	0	0	0	652	0	0	0	1260	0	0	0	0	0	0	0	0	0	0	0	0	0	0	0	0	0	0	0	0	0	0	0	0	0	0	0	0	0	0	
230524	Parietal_Inf_L	3522	194	130	780	0	0	1364	154	0	0	3062	0	282	0	0	0	2268	0	0	604	0	0	0	0	0	0	0	0	2904	0	132	0	250	0	0	0	292	508	0	502	0	0	774	0	726	0	114	0	780	0	16244	0	510	0	2182	434	19410	0	11076	0	0	0	9876	0	24516	0	5166	0	410	0	418	0	0	0	0	0	304	0	418	0	2302	0	0	0	1254	0	0	0	388	0	516	0	0	0	0	0	0	0	496	0	0	0	0	0	0	0	0	0	0	0	0	0	0	0	0	0	
124916	Parietal_Inf_R	0	690	0	0	0	0	0	0	0	0	0	0	0	0	0	0	0	0	0	0	0	0	0	0	0	0	0	0	0	0	0	0	0	0	0	802	0	0	0	0	0	0	0	232	0	1742	0	0	0	5716	0	4870	0	0	0	142	0	6472	0	6644	0	0	0	14134	0	14582	704	2022	0	364	0	0	0	0	0	0	0	0	0	0	0	832	0	0	0	2262	0	0	0	248	0	0	0	0	0	0	0	0	0	0	0	0	0	0	0	0	0	0	0	0	0	0	0	0	0	0	
79512	SupraMarginal_L	166	0	0	0	0	0	0	0	0	0	294	0	0	0	0	0	1948	0	0	0	0	0	0	0	0	0	0	0	590	0	0	0	0	0	0	0	166	0	0	0	0	0	0	0	0	0	0	0	0	0	1722	0	100	0	606	0	6450	0	1662	0	9876	0	0	0	7690	0	962	0	0	0	0	0	0	0	0	0	0	0	486	0	4594	0	0	0	1804	0	0	0	264	0	190	0	0	0	0	0	0	0	186	0	0	0	0	0	0	0	0	0	0	0	0	0	0	0	0	0	
141180	SupraMarginal_R	0	1962	0	228	0	0	0	0	0	0	0	134	0	96	0	0	0	2426	0	0	0	0	0	0	0	0	0	0	0	154	0	0	0	0	0	626	0	0	0	0	0	0	0	288	0	1452	0	0	0	3784	0	1522	0	0	0	236	0	11902	0	3718	0	14134	0	0	0	11976	364	1434	0	504	0	0	0	0	0	0	0	0	0	1106	0	6470	0	0	0	5554	0	0	0	520	0	0	0	0	0	0	0	0	0	0	0	0	0	0	0	0	0	0	0	0	0	0	0	0	0	0	
198864	Angular_L	2742	0	0	280	0	0	1560	0	0	0	1486	0	144	0	0	0	720	0	0	240	0	0	0	0	0	0	0	0	1398	0	0	0	290	0	0	0	182	0	0	0	0	0	242	0	256	0	0	0	738	0	22740	0	298	0	702	0	5984	0	10648	0	24516	0	7690	0	0	0	5962	0	314	0	172	0	0	0	0	0	140	0	212	0	2588	0	0	0	6466	0	0	0	722	0	0	0	0	0	0	0	0	0	0	0	0	0	0	0	0	0	0	0	0	0	0	0	0	0	0	0	
153716	Angular_R	0	602	0	0	0	0	0	0	0	0	0	0	0	0	0	0	0	0	0	0	0	0	0	0	0	0	0	0	0	0	0	0	0	132	0	540	0	0	0	0	0	0	0	282	0	1396	0	0	0	7666	0	16310	0	0	0	300	0	1500	0	4112	0	14582	0	11976	0	0	544	1222	0	542	0	0	0	0	0	0	0	0	0	0	0	4038	0	0	0	10640	0	0	0	474	0	0	0	0	0	0	0	0	0	0	0	0	0	0	0	0	0	0	0	0	0	0	0	0	0	0	
363216	Precuneus_L	1520	232	222	164	0	0	950	0	0	0	774	0	0	0	0	0	332	0	954	522	0	0	0	0	0	0	0	0	410	0	134	0	8620	1578	6052	1410	3028	92	1950	94	0	0	18506	686	17800	1976	4842	0	10540	1032	24542	238	3570	0	4262	186	7732	338	19936	1540	5166	704	962	364	5962	544	0	8358	4524	288	0	0	0	0	0	0	0	0	192	0	318	0	0	0	3900	0	0	0	2008	0	494	0	0	0	0	0	510	0	550	0	0	0	0	0	0	0	0	0	0	0	0	0	0	0	0	0	
288836	Precuneus_R	0	2052	0	0	0	0	0	0	0	0	0	0	0	0	0	0	0	0	0	956	0	0	0	0	0	0	0	0	0	0	0	0	480	5038	1602	13296	88	4410	0	4680	0	0	484	16062	2384	14500	0	9892	90	10922	0	3312	0	1908	0	12012	0	4070	0	5036	0	2022	0	1434	0	1222	8358	0	234	7072	0	0	0	0	0	0	0	886	0	0	0	890	0	0	0	3182	0	0	0	3952	0	758	0	0	0	0	0	486	0	516	0	0	0	0	0	0	0	0	0	0	132	0	0	0	0	0	
246260	Paracentral_Lobule_L	12324	972	3138	2744	0	0	932	242	0	0	144	0	0	0	0	0	0	0	16792	19246	0	0	0	0	0	0	0	0	148	0	98	0	2980	10484	2588	180	188	0	0	284	0	0	568	0	940	0	0	0	834	0	6522	0	1586	0	1148	1106	12502	170	1460	0	410	0	0	0	314	0	4524	234	0	3152	2978	1498	264	0	648	0	4064	1544	0	0	0	0	0	0	2384	0	0	0	796	0	0	0	0	0	0	0	0	0	0	0	0	0	0	0	0	0	0	0	0	0	0	0	0	0	0	0	
153732	Paracentral_Lobule_R	2874	10150	280	208	0	0	0	0	0	0	0	0	0	0	0	0	0	90	1106	8012	0	0	0	0	0	0	0	0	0	0	0	0	242	12414	504	2214	0	190	0	290	0	0	0	578	0	1592	0	124	0	2448	0	1212	0	180	0	1370	736	12272	0	1418	0	364	0	504	0	542	288	7072	3152	0	0	208	0	0	0	0	494	1330	0	0	0	276	0	0	0	862	0	0	0	1270	0	0	0	0	0	0	0	0	0	0	0	0	0	0	0	0	0	0	0	0	0	0	0	0	0	0	
339724	Caudate_L	7594	398	8146	9682	630	0	9770	7748	0	0	7210	448	6624	1100	270	148	998	0	2074	5926	6802	6282	1592	984	826	686	3862	524	11438	1102	10042	2342	0	262	368	0	1040	434	0	0	0	0	0	0	0	0	0	0	0	0	162	0	0	0	0	142	1260	0	144	0	418	0	0	0	172	0	0	0	2978	0	0	12830	17640	3000	2458	172	9882	248	130	0	220	0	654	0	0	0	0	0	0	0	0	0	0	0	0	0	0	0	0	0	0	0	0	0	0	0	0	0	0	0	0	0	0	0	0	0	
408636	Caudate_R	1714	6136	542	29486	156	7242	724	5866	0	1610	476	520	600	1398	0	3648	0	528	484	23896	5574	8236	0	5048	140	7054	3716	3426	1026	3444	3376	10550	0	354	0	0	0	1278	0	344	0	0	0	0	0	0	0	0	0	0	0	0	0	0	94	238	240	1030	0	0	0	0	0	0	0	0	0	0	1498	208	12830	0	3696	25340	0	1598	638	17240	0	0	0	0	0	644	0	0	0	0	0	0	0	142	0	0	0	0	0	142	0	148	0	0	0	0	0	0	0	0	0	0	0	0	0	0	0	0	
321768	Putamen_L	10960	156	14692	1444	10152	0	8520	880	3340	0	5536	0	4826	0	6980	0	910	0	646	948	1946	1954	1418	254	372	0	692	0	17348	158	9860	796	0	0	102	0	10164	122	3464	0	478	0	0	0	0	0	0	0	0	0	0	0	0	0	1966	0	2684	0	0	0	0	0	0	0	0	0	0	0	264	0	17640	3696	0	1454	5120	0	4304	110	144	0	780	0	2710	0	178	0	0	0	356	0	104	0	0	0	0	0	100	0	156	0	0	0	0	0	0	0	0	0	0	0	0	0	0	0	0	0	
603072	Putamen_R	2194	6826	692	33320	92	10294	312	11966	0	1224	680	11250	200	7066	0	3974	296	5010	1092	21848	1156	1422	774	7254	0	6628	690	664	882	26608	1720	10624	0	764	0	0	392	36330	212	17444	0	2650	0	0	0	0	0	0	0	0	0	0	0	0	118	7084	518	1166	0	0	0	0	0	0	0	0	0	0	0	0	3000	25340	1454	0	0	14090	308	3366	202	298	0	396	0	3396	0	206	0	164	0	124	0	1546	0	0	0	0	0	2260	0	1950	0	0	0	0	0	0	0	0	0	0	0	0	0	0	0	0	
43136	Pallidum_L	6270	0	410	0	0	0	720	0	0	0	458	0	322	0	0	0	0	0	588	0	0	0	0	0	0	0	0	0	0	0	96	0	0	0	0	0	964	0	212	0	0	0	0	0	0	0	0	0	0	0	0	0	0	0	0	0	840	0	0	0	0	0	0	0	0	0	0	0	648	0	2458	0	5120	0	0	0	2462	0	0	0	0	0	0	0	0	0	0	0	0	0	0	0	0	0	0	0	0	0	0	0	0	0	0	0	0	0	0	0	0	0	0	0	0	0	0	0	
115756	Pallidum_R	0	1304	112	7980	0	0	0	2632	0	0	0	1514	0	500	0	0	0	580	138	4648	0	0	548	1908	0	0	0	0	0	626	400	2822	0	502	0	0	0	10050	0	4748	0	0	0	0	0	0	0	0	0	0	0	0	0	0	0	762	0	244	0	0	0	0	0	0	0	0	0	0	0	0	172	1598	0	14090	0	0	0	0	0	0	0	0	0	0	0	0	0	0	0	0	0	0	0	0	0	0	0	0	0	0	0	0	0	0	0	0	0	0	0	0	0	0	0	0	0	0	
165208	Thalamus_L	18578	732	1330	750	0	0	2222	250	0	0	2074	0	1554	0	0	0	286	0	1272	1112	0	0	0	0	0	0	0	0	4288	388	498	0	0	752	2502	0	7438	310	2862	184	0	0	0	0	0	0	506	0	0	0	88	0	0	0	2564	788	674	290	0	0	304	0	0	0	140	0	0	0	4064	494	9882	638	4304	308	2462	0	0	3006	1248	0	400	0	0	0	90	0	0	0	398	0	186	0	0	0	0	0	136	0	252	0	0	0	0	0	0	0	0	0	0	0	0	0	0	0	0	0	
193872	Thalamus_R	1464	7976	158	8332	0	0	0	1158	0	0	0	240	0	152	0	0	0	500	332	16786	0	0	0	0	0	0	0	0	558	2588	0	0	0	1716	884	1046	3214	6956	1834	4798	0	0	0	0	0	0	0	614	0	0	0	0	0	0	914	4350	164	570	0	0	0	0	0	0	0	0	0	886	1544	1330	248	17240	110	3366	0	0	3006	0	668	0	0	0	0	0	0	0	0	0	0	100	0	358	0	0	0	0	0	402	0	374	0	0	0	0	0	0	0	0	0	0	0	0	0	0	0	0	
107800	Heschl_L	4266	378	138	434	0	0	404	0	0	0	2362	0	246	0	0	0	8300	0	0	338	0	0	0	0	0	0	0	0	9372	210	798	0	0	0	262	0	5002	124	0	0	0	0	0	0	0	0	0	0	0	0	130	0	134	0	1718	0	3854	0	0	0	418	0	486	0	212	0	192	0	0	0	130	0	144	202	0	0	1248	668	0	0	7740	0	0	0	1930	0	0	0	1492	0	288	0	0	0	0	0	0	0	280	0	0	0	0	0	0	0	0	0	0	0	0	0	0	0	0	0	
49680	Heschl_R	0	432	0	138	0	0	0	200	0	0	0	424	0	210	0	0	0	4216	0	0	0	0	0	0	0	0	0	0	0	1772	0	0	0	0	0	92	0	1626	0	1558	0	0	0	0	0	0	0	128	0	0	0	0	0	0	0	1534	0	208	0	0	0	0	0	1106	0	0	0	0	0	0	0	0	0	298	0	0	0	0	0	0	0	8142	0	122	0	1934	0	0	0	700	0	0	0	0	0	0	0	0	0	0	0	0	0	0	0	0	0	0	0	0	0	0	0	0	0	0	
290548	Temporal_Sup_L	5076	924	680	1394	0	0	874	100	0	0	5872	0	1024	0	230	0	14924	0	0	1274	134	0	0	0	0	0	0	0	11294	0	1352	0	88	0	108	0	4628	144	1266	0	922	0	0	0	0	0	178	0	0	0	788	0	356	0	9478	0	7410	0	356	0	2302	0	4594	0	2588	0	318	0	0	0	220	0	780	0	0	0	400	0	7740	0	0	0	5994	0	27348	0	0	0	14650	0	968	0	376	0	0	0	1400	0	2946	0	148	0	626	0	358	0	232	0	0	0	0	0	0	186	110	116	
187128	Temporal_Sup_R	0	1546	0	190	0	0	0	196	0	0	0	1060	0	730	0	0	0	4704	0	0	0	0	0	0	0	0	0	0	0	4868	0	0	0	0	98	342	0	1894	0	2254	0	0	0	3106	0	1326	0	462	0	2210	0	1436	0	240	0	4246	0	704	0	652	0	832	0	6470	0	4038	0	890	0	276	0	0	0	396	0	0	0	0	0	8142	0	0	0	4300	0	28298	0	136	0	7430	0	92	0	0	0	0	0	0	0	0	0	0	0	0	0	0	0	0	0	0	0	0	0	0	0	0	
115776	Temporal_Pole_Sup_L	132	506	642	838	138	0	214	0	0	0	3062	0	938	0	1678	0	1822	0	0	788	1330	0	0	0	0	0	0	0	10346	0	374	0	0	0	0	0	4942	0	3076	0	3362	0	0	0	0	0	0	0	0	0	0	0	0	0	3274	0	0	0	0	0	0	0	0	0	0	0	0	0	0	0	654	0	2710	0	0	0	0	0	0	0	5994	0	0	0	5812	0	1104	0	3730	0	0	0	0	0	0	0	294	0	128	0	0	0	0	0	0	0	0	0	0	0	0	0	0	0	0	0	
78200	Temporal_Pole_Sup_R	154	278	0	828	0	180	0	0	0	0	0	500	0	0	0	716	0	388	0	786	0	570	0	0	0	102	0	0	0	7130	0	88	0	0	0	0	0	3274	0	2268	0	2488	0	0	0	0	0	0	0	0	0	0	0	0	0	3492	0	0	0	0	0	0	0	0	0	0	0	0	0	0	0	644	0	3396	0	0	0	0	0	122	0	4300	0	0	0	3830	0	1468	0	1770	0	0	0	0	0	0	0	328	0	0	0	0	0	0	0	0	0	0	0	0	0	0	0	0	0	0	
338020	Temporal_Mid_L	1968	0	0	0	0	0	688	0	0	0	880	0	120	0	100	0	1328	0	0	0	0	0	0	0	0	0	0	0	3222	0	0	0	2280	0	188	0	2736	0	438	0	790	0	3224	0	974	0	912	0	1124	0	29040	0	7742	0	9396	0	4520	0	586	0	1254	0	1804	0	6466	0	3900	0	2384	0	0	0	178	0	0	0	90	0	1930	0	27348	0	5812	0	0	0	1432	0	39646	0	608	0	288	0	0	0	536	0	1878	0	122	0	518	0	302	0	0	0	0	0	0	0	0	150	0	108	
280744	Temporal_Mid_R	0	1230	0	0	0	0	0	0	0	0	0	134	0	112	0	0	0	946	0	0	0	0	0	0	0	0	0	0	0	2574	0	0	0	144	122	758	0	1990	0	1582	0	0	0	7088	0	4258	0	828	0	6826	0	12510	0	4566	0	8314	0	1576	0	1260	0	2262	0	5554	0	10640	0	3182	0	862	0	0	0	206	0	0	0	0	0	1934	0	28298	0	3830	0	0	0	780	0	24314	0	594	0	0	0	0	0	330	0	768	0	0	0	0	0	0	0	0	0	0	0	0	0	0	0	0	
13548	Temporal_Pole_Mid_L	0	0	0	0	0	0	0	0	0	0	0	0	0	0	0	0	0	0	0	0	0	0	0	0	0	0	0	0	0	0	0	0	0	0	0	0	96	0	1004	0	336	0	0	0	0	0	0	0	0	0	0	0	0	0	1124	0	0	0	0	0	0	0	0	0	0	0	0	0	0	0	0	0	0	0	0	0	0	0	0	0	0	0	1104	0	1432	0	0	0	1678	0	0	0	0	0	0	0	0	0	0	0	0	0	0	0	0	0	0	0	0	0	0	0	0	0	0	0	
12248	Temporal_Pole_Mid_R	0	0	0	0	0	0	0	0	0	0	0	0	0	0	0	0	0	0	0	0	0	0	0	0	0	0	0	0	0	0	0	0	0	0	0	0	0	530	0	656	0	606	0	0	0	0	0	0	0	0	0	0	0	0	0	1584	0	0	0	0	0	0	0	0	0	0	0	0	0	0	0	0	0	164	0	0	0	0	0	0	0	136	0	1468	0	780	0	0	0	200	0	0	0	0	0	0	0	0	0	0	0	0	0	0	0	0	0	0	0	0	0	0	0	0	0	0	
362252	Temporal_Inf_L	2610	0	0	142	0	0	828	0	0	0	1518	0	216	0	0	0	1306	0	0	132	0	0	0	0	0	0	0	0	3970	0	160	0	876	0	806	584	7230	602	2196	596	472	0	2200	0	454	0	2028	0	938	0	13516	0	11216	0	31666	258	2128	0	312	0	388	0	264	0	722	0	2008	0	796	0	0	0	356	0	0	0	398	0	1492	0	14650	0	3730	0	39646	0	1678	0	0	398	9698	0	2554	0	0	0	2354	100	8428	0	518	0	752	0	422	98	162	0	0	0	0	0	0	254	142	158	
234236	Temporal_Inf_R	170	1660	0	0	0	0	0	0	0	0	0	0	0	0	0	0	0	292	0	0	0	0	0	0	0	0	0	0	0	738	0	0	0	372	850	2330	252	4346	0	4680	0	288	0	11258	0	1728	0	3376	0	2304	0	2016	0	8638	742	20188	190	1224	0	0	0	248	0	520	0	474	0	3952	0	1270	0	0	0	124	0	0	0	100	0	700	0	7430	0	1770	0	24314	0	200	398	0	252	3904	0	394	0	0	0	662	252	2342	0	0	0	170	0	0	0	0	0	0	0	0	0	0	0	0	
669344	Cerebelum_Crus1_L	1250	0	0	88	0	0	284	0	0	0	448	0	0	0	0	0	518	0	0	0	0	0	0	0	0	0	0	0	754	0	0	0	0	0	1032	490	2648	574	1438	610	0	0	420	0	0	0	16616	1600	0	0	626	0	1784	0	35318	584	792	0	0	0	516	0	190	0	0	0	494	0	0	0	0	0	104	0	0	0	186	0	288	0	968	0	0	0	608	0	0	0	9698	252	0	6720	50112	8330	90	194	27544	4396	73382	5176	20218	2568	12632	4934	724	482	0	0	0	0	8402	11530	11980	2900	646	534	
783808	Cerebelum_Crus1_R	146	618	0	1008	0	0	0	352	0	0	94	0	0	0	0	0	0	0	0	494	0	0	0	0	0	0	0	0	0	286	0	0	0	0	0	208	0	4322	0	8130	0	0	246	348	0	154	7848	19768	0	160	606	182	1190	784	2302	41840	0	0	0	0	0	0	0	0	0	0	0	758	0	0	0	142	0	1546	0	0	0	358	0	0	0	92	0	0	0	594	0	0	0	3904	6720	0	4002	45894	0	1622	15326	39584	14614	86272	1296	2738	970	17832	210	550	0	0	0	0	22082	20030	12208	1110	364	0	
400280	Cerebelum_Crus2_L	0	0	0	0	0	0	0	0	0	0	0	0	0	0	0	0	0	0	0	0	0	0	0	0	0	0	0	0	0	0	0	0	0	0	0	0	0	0	360	0	0	0	0	0	0	0	1572	764	0	0	0	0	0	0	4024	172	0	0	0	0	0	0	0	0	0	0	0	0	0	0	0	0	0	0	0	0	0	0	0	0	376	0	0	0	288	0	0	0	2554	0	50112	4002	0	9086	114	302	7210	2744	19050	2798	33636	3316	22646	4418	1408	762	0	0	0	160	4688	5980	10710	5388	968	532	
466712	Cerebelum_Crus2_R	0	0	0	0	0	0	0	0	0	0	0	0	0	0	0	0	0	0	0	0	0	0	0	0	0	0	0	0	0	0	0	0	0	0	0	0	0	108	0	454	0	0	0	0	0	0	2252	790	0	0	0	0	96	0	230	7820	0	0	0	0	0	0	0	0	0	0	0	0	0	0	0	0	0	0	0	0	0	0	0	0	0	0	0	0	0	0	0	0	0	394	8330	45894	9086	0	0	1402	4516	8764	8326	24398	4230	20428	2486	36264	288	950	0	454	0	92	7020	13370	20050	4404	460	0	
66116	Cerebelum_3_L	0	0	0	0	0	0	0	0	0	0	0	0	0	0	0	0	0	0	0	0	0	0	0	0	0	0	0	0	0	0	0	0	0	0	0	0	174	0	662	0	0	0	0	0	0	0	140	0	0	0	0	0	0	0	92	0	0	0	0	0	0	0	0	0	0	0	0	0	0	0	0	0	0	0	0	0	0	0	0	0	0	0	0	0	0	0	0	0	0	0	90	0	114	0	0	674	7078	416	196	0	404	0	1866	948	4900	1506	90	0	1964	4414	1960	140	988	1780	1894	568	
112968	Cerebelum_3_R	0	0	0	0	0	0	0	0	0	0	0	0	0	0	0	0	0	0	0	0	0	0	0	0	0	0	0	0	0	0	0	0	0	0	0	0	0	256	0	1300	0	0	0	0	0	0	0	626	0	0	0	0	0	0	320	870	0	0	0	0	0	0	0	0	0	0	0	0	0	0	0	0	0	0	0	0	0	0	0	0	0	0	0	0	0	0	0	0	0	0	194	1622	302	1402	674	0	1370	8418	484	2988	1196	240	4030	4186	1130	5798	0	0	408	5664	2098	164	2720	4110	3758	156	
648828	Cerebelum_4_5_L	0	0	0	0	0	0	0	0	0	0	0	0	0	0	0	0	0	0	0	0	0	0	0	0	0	0	0	0	736	0	0	0	0	0	0	0	2756	0	5188	0	122	0	160	0	0	0	28456	8316	0	0	1026	0	2506	138	22646	1806	0	0	0	0	0	0	0	0	0	0	510	0	0	0	0	0	100	0	0	0	136	0	0	0	1400	0	294	0	536	0	0	0	2354	0	27544	15326	7210	4516	7078	1370	0	19504	49616	15648	3354	258	11080	4392	11332	3614	384	0	768	2562	31416	6978	6254	7328	5046	2650	
611564	Cerebelum_4_5_R	0	594	0	1030	0	0	0	638	0	0	92	260	0	148	0	0	0	204	0	526	0	0	0	0	0	0	0	0	0	748	0	0	0	0	0	0	0	8078	90	14708	0	312	298	0	0	0	6100	17180	0	0	656	0	1302	186	2814	24706	0	0	0	0	0	0	0	0	0	0	0	486	0	0	0	142	0	2260	0	0	0	402	0	0	0	0	0	328	0	330	0	0	100	662	4396	39584	2744	8764	416	8418	19504	0	10726	49604	2542	476	5916	10808	1380	5924	0	0	0	1420	28110	3306	6508	5724	3840	292	
780072	Cerebelum_6_L	1188	0	0	88	0	0	268	0	0	0	400	0	0	0	0	0	448	0	0	0	0	0	0	0	0	0	0	0	932	0	0	0	0	0	960	486	3596	586	3354	620	0	0	238	0	0	0	30696	6164	0	0	858	0	2728	104	46828	2204	704	0	0	0	496	0	186	0	0	0	550	0	0	0	0	0	156	0	0	0	252	0	280	0	2946	0	128	0	1878	0	0	0	8428	252	73382	14614	19050	8326	196	484	49616	10726	0	15192	6480	1888	6216	5102	1916	1038	438	0	0	126	19190	19460	10744	3970	1594	1286	
755308	Cerebelum_6_R	0	634	0	1034	0	0	0	514	0	0	96	200	0	128	0	0	0	166	0	504	0	0	0	0	0	0	0	0	0	498	0	0	0	0	0	0	0	5262	0	10782	0	0	300	214	0	0	9016	22370	0	0	622	114	1238	902	2448	47134	0	0	0	0	0	0	0	0	0	0	0	516	0	0	0	148	0	1950	0	0	0	374	0	0	0	0	0	0	0	768	0	0	0	2342	5176	86272	2798	24398	0	2988	15648	49604	15192	0	764	1006	784	9568	170	910	0	124	0	96	23774	18938	8046	814	310	0	
334488	Cerebelum_7b_L	0	0	0	0	0	0	0	0	0	0	0	0	0	0	0	0	0	0	0	0	0	0	0	0	0	0	0	0	0	0	0	0	0	0	0	0	0	0	0	192	0	0	0	0	0	0	448	0	0	0	0	0	0	0	2030	264	0	0	0	0	0	0	0	0	0	0	0	0	0	0	0	0	0	0	0	0	0	0	0	0	148	0	0	0	122	0	0	0	518	0	20218	1296	33636	4230	404	1196	3354	2542	6480	764	0	2264	37476	7086	5702	3522	832	0	180	734	2808	2868	10020	10546	4234	1130	
141272	Cerebelum_7b_R	0	0	0	0	0	0	0	0	0	0	0	0	0	0	0	0	0	0	0	0	0	0	0	0	0	0	0	0	0	0	0	0	0	0	0	0	0	0	0	0	0	0	0	0	0	0	200	0	0	0	0	0	0	0	0	110	0	0	0	0	0	0	0	0	0	0	0	0	0	0	0	0	0	0	0	0	0	0	0	0	0	0	0	0	0	0	0	0	0	0	2568	2738	3316	20428	0	240	258	476	1888	1006	2264	0	642	22170	0	1750	0	582	0	0	404	1954	4810	2630	202	0	
461180	Cerebelum_8_L	0	0	0	0	0	0	0	0	0	0	0	0	0	0	0	0	0	0	0	0	0	0	0	0	0	0	0	0	0	0	0	0	0	0	0	0	0	108	476	596	0	0	0	0	0	0	846	0	0	0	0	0	0	0	2726	810	0	0	0	0	0	0	0	0	0	0	0	0	0	0	0	0	0	0	0	0	0	0	0	0	626	0	0	0	518	0	0	0	752	0	12632	970	22646	2486	1866	4030	11080	5916	6216	784	37476	642	0	11220	23342	10818	3426	0	746	2962	6692	4088	14320	20972	12592	5210	
441388	Cerebelum_8_R	0	0	0	0	0	0	0	0	0	0	0	0	0	0	0	0	0	0	0	0	0	0	0	0	0	0	0	0	0	0	0	0	0	0	0	0	0	202	0	956	0	0	0	0	0	0	300	358	0	0	0	0	0	0	120	3454	0	0	0	0	0	0	0	0	0	0	0	0	0	0	0	0	0	0	0	0	0	0	0	0	0	0	0	0	0	0	0	0	0	170	4934	17832	4418	36264	948	4186	4392	10808	5102	9568	7086	22170	11220	0	1470	21600	0	2282	406	2306	6686	5420	15716	12828	6722	770	
175612	Cerebelum_9_L	0	0	0	0	0	0	0	0	0	0	0	0	0	0	0	0	0	0	0	0	0	0	0	0	0	0	0	0	0	0	0	0	0	0	0	0	158	0	498	0	0	0	0	0	0	0	298	0	0	0	0	0	0	0	1792	0	0	0	0	0	0	0	0	0	0	0	0	0	0	0	0	0	0	0	0	0	0	0	0	0	358	0	0	0	302	0	0	0	422	0	724	210	1408	288	4900	1130	11332	1380	1916	170	5702	0	23342	1470	0	4150	3576	0	898	2454	3482	516	1578	5426	5788	2138	
224692	Cerebelum_9_R	0	0	0	0	0	0	0	0	0	0	0	0	0	0	0	0	0	0	0	0	0	0	0	0	0	0	0	0	0	0	0	0	0	0	0	0	0	438	94	1022	0	0	0	0	0	0	174	0	0	0	0	0	0	0	526	1410	0	0	0	0	0	0	0	0	0	0	0	0	0	0	0	0	0	0	0	0	0	0	0	0	0	0	0	0	0	0	0	0	98	0	482	550	762	950	1506	5798	3614	5924	1038	910	3522	1750	10818	21600	4150	0	0	1570	882	4402	3980	1454	6472	12212	11712	2526	
19204	Cerebelum_10_L	0	0	0	0	0	0	0	0	0	0	0	0	0	0	0	0	0	0	0	0	0	0	0	0	0	0	0	0	0	0	0	0	0	0	0	0	96	0	0	0	0	0	0	0	0	0	0	0	0	0	0	0	0	0	366	0	0	0	0	0	0	0	0	0	0	0	0	0	0	0	0	0	0	0	0	0	0	0	0	0	232	0	0	0	0	0	0	0	162	0	0	0	0	0	90	0	384	0	438	0	832	0	3426	0	3576	0	0	0	0	0	0	0	0	0	0	0	
10024	Cerebelum_10_R	0	0	0	0	0	0	0	0	0	0	0	0	0	0	0	0	0	0	0	0	0	0	0	0	0	0	0	0	0	0	0	0	0	0	0	0	0	0	0	0	0	0	0	0	0	0	0	0	0	0	0	0	0	0	0	0	0	0	0	0	0	0	0	0	0	0	0	0	0	0	0	0	0	0	0	0	0	0	0	0	0	0	0	0	0	0	0	0	0	0	0	0	0	454	0	0	0	0	0	124	0	582	0	2282	0	1570	0	0	0	0	0	0	0	0	0	0	
