data	data	486960	374184	1.16718e+06	978828	159380	173324	589336	278572	70188	36104	270236	165576	263764	210112	210588	105840	246220	104892	973824	881276	81796	84920	466408	483628	44528	149136	61524	67748	671892	303496	453044	526868	228604	721324	111864	172284	249572	311392	153688	212792	45708	63184	272156	267764	185740	242460	292924	403604	230440	228012	372540	220752	124068	212004	410520	454884	228708	124352	159096	150872	213380	136848	79480	96776	112116	175680	309596	357124	187732	203104	350436	491428	461580	366092	71848	39468	128860	231540	159300	41612	250916	117232	106256	54572	321564	262412	29072	25440	293008	326652	575124	510184	455732	307568	63936	143948	415032	335784	564092	589616	278980	180856	342564	317392	132856	131308	14980	23604	41244	157432	305068	263060	184656	168016	101100	45028	
data	data	Precentral_L	Precentral_R	Frontal_Sup_L	Frontal_Sup_R	Frontal_Sup_Orb_L	Frontal_Sup_Orb_R	Frontal_Mid_L	Frontal_Mid_R	Frontal_Mid_Orb_L	Frontal_Mid_Orb_R	Frontal_Inf_Oper_L	Frontal_Inf_Oper_R	Frontal_Inf_Tri_L	Frontal_Inf_Tri_R	Frontal_Inf_Orb_L	Frontal_Inf_Orb_R	Rolandic_Oper_L	Rolandic_Oper_R	Supp_Motor_Area_L	Supp_Motor_Area_R	Olfactory_L	Olfactory_R	Frontal_Sup_Medial_L	Frontal_Sup_Medial_R	Frontal_Med_Orb_L	Frontal_Med_Orb_R	Rectus_L	Rectus_R	Insula_L	Insula_R	Cingulum_Ant_L	Cingulum_Ant_R	Cingulum_Mid_L	Cingulum_Mid_R	Cingulum_Post_L	Cingulum_Post_R	Hippocampus_L	Hippocampus_R	ParaHippocampal_L	ParaHippocampal_R	Amygdala_L	Amygdala_R	Calcarine_L	Calcarine_R	Cuneus_L	Cuneus_R	Lingual_L	Lingual_R	Occipital_Sup_L	Occipital_Sup_R	Occipital_Mid_L	Occipital_Mid_R	Occipital_Inf_L	Occipital_Inf_R	Fusiform_L	Fusiform_R	Postcentral_L	Postcentral_R	Parietal_Sup_L	Parietal_Sup_R	Parietal_Inf_L	Parietal_Inf_R	SupraMarginal_L	SupraMarginal_R	Angular_L	Angular_R	Precuneus_L	Precuneus_R	Paracentral_Lobule_L	Paracentral_Lobule_R	Caudate_L	Caudate_R	Putamen_L	Putamen_R	Pallidum_L	Pallidum_R	Thalamus_L	Thalamus_R	Heschl_L	Heschl_R	Temporal_Sup_L	Temporal_Sup_R	Temporal_Pole_Sup_L	Temporal_Pole_Sup_R	Temporal_Mid_L	Temporal_Mid_R	Temporal_Pole_Mid_L	Temporal_Pole_Mid_R	Temporal_Inf_L	Temporal_Inf_R	Cerebelum_Crus1_L	Cerebelum_Crus1_R	Cerebelum_Crus2_L	Cerebelum_Crus2_R	Cerebelum_3_L	Cerebelum_3_R	Cerebelum_4_5_L	Cerebelum_4_5_R	Cerebelum_6_L	Cerebelum_6_R	Cerebelum_7b_L	Cerebelum_7b_R	Cerebelum_8_L	Cerebelum_8_R	Cerebelum_9_L	Cerebelum_9_R	Cerebelum_10_L	Cerebelum_10_R	Vermis_1_2	Vermis_3	Vermis_4_5	Vermis_6	Vermis_7	Vermis_8	Vermis_9	Vermis_10	
486960	Precentral_L	0	4070	34690	2820	0	112	26876	128	0	0	18594	0	824	222	0	294	15688	0	12254	6170	0	0	0	0	0	0	0	0	16162	146	0	0	586	1806	2136	228	6768	110	2304	0	132	0	454	0	0	0	522	0	138	0	1106	0	474	0	668	0	23094	0	0	0	3596	0	1372	0	112	0	740	0	11152	570	3560	1322	5516	198	1766	0	12616	838	11826	0	5184	0	170	0	1850	0	0	0	1516	0	0	0	0	0	0	0	0	0	0	0	0	0	0	0	0	0	0	0	0	0	0	0	0	0	0	0	
374184	Precentral_R	4070	0	346	41006	0	174	0	7070	0	0	0	7186	0	780	0	222	0	2438	2728	10154	0	0	0	0	0	0	0	0	0	7808	0	0	180	1888	514	1050	694	10404	502	702	0	0	0	120	0	0	0	270	0	0	0	0	0	1530	0	1030	0	8888	0	0	0	808	0	1908	0	268	0	1398	3300	8854	344	17604	100	3360	0	138	1346	26122	0	474	0	1724	0	0	0	876	0	0	144	5988	0	192	0	0	0	0	0	200	0	190	0	0	0	0	0	0	0	0	0	0	0	0	0	0	0	0	
1.16718e+06	Frontal_Sup_L	34690	346	0	13038	14424	226	78398	1360	3546	0	19958	240	14298	708	11544	232	16488	0	95060	18520	170	0	45120	15880	776	934	718	0	42090	358	20934	11020	7624	15756	0	0	4256	0	1242	0	148	0	0	0	0	0	102	0	0	0	0	0	0	0	794	0	6844	0	0	0	142	0	0	0	0	0	0	0	398	0	14798	1718	38556	530	6688	0	9142	0	4182	0	6356	0	1824	0	234	0	0	0	1182	0	0	0	0	0	0	0	0	0	0	0	0	0	0	0	0	0	0	0	0	0	0	0	0	0	0	0	
978828	Frontal_Sup_R	2820	41006	13038	0	148	13194	4330	32648	0	450	864	15618	1184	13736	386	3372	0	7042	19444	61528	0	0	10108	37128	0	3090	0	1126	2938	17096	6414	24844	2702	29496	326	456	454	5702	350	1468	0	0	0	0	0	0	0	162	0	0	0	0	0	246	0	738	0	942	0	0	0	142	0	198	0	0	0	226	1408	856	6886	38626	1766	30982	0	4672	824	23430	0	608	0	482	0	0	0	266	0	0	0	1220	0	98	0	0	0	0	0	130	0	0	0	0	0	0	0	0	0	0	0	0	0	0	0	0	0	0	
159380	Frontal_Sup_Orb_L	0	0	14424	148	0	0	2370	0	10458	0	0	0	1208	0	9940	0	0	0	638	130	1134	0	3904	326	4620	144	8594	0	4220	0	4512	426	0	0	0	0	0	0	0	0	166	0	0	0	0	0	0	0	0	0	0	0	0	0	0	0	0	0	0	0	0	0	0	0	0	0	0	0	0	0	1690	0	9712	0	566	0	0	0	0	0	0	0	360	0	0	0	0	0	0	0	0	0	0	0	0	0	0	0	0	0	0	0	0	0	0	0	0	0	0	0	0	0	0	0	0	0	
173324	Frontal_Sup_Orb_R	112	174	226	13194	0	0	0	984	0	5244	0	0	0	146	0	5600	0	0	1202	2350	0	896	744	4850	192	8158	0	7970	106	2772	1496	5658	0	354	0	0	0	0	0	0	0	0	0	0	0	0	0	0	0	0	0	0	0	0	0	0	0	100	0	0	0	0	0	0	0	0	0	0	0	0	244	11838	96	11956	0	0	0	0	0	0	0	0	0	0	0	0	0	0	0	0	0	0	0	0	0	0	0	0	0	0	0	0	0	0	0	0	0	0	0	0	0	0	0	0	0	0	
589336	Frontal_Mid_L	26876	0	78398	4330	2370	0	0	322	3950	0	14590	0	28128	378	16924	204	6698	0	18916	4264	118	0	16498	6316	0	128	126	0	20676	170	8508	3616	2810	5978	0	0	938	0	118	0	0	0	0	0	0	0	0	0	0	0	0	0	0	0	0	0	1996	0	0	0	128	0	96	0	0	0	0	0	130	0	4300	592	8590	152	1042	0	506	0	3182	0	1118	0	488	0	0	0	0	0	0	0	0	0	0	0	0	0	0	0	0	0	0	0	0	0	0	0	0	0	0	0	0	0	0	0	0	0	
278572	Frontal_Mid_R	128	7070	1360	32648	0	984	322	0	0	1706	0	13314	116	20478	0	6178	0	2536	3754	10276	0	0	368	3582	0	0	0	0	354	11002	114	1124	134	6292	0	0	0	206	0	0	0	0	0	0	0	0	0	0	0	0	0	0	0	0	0	0	0	412	0	0	0	122	0	0	0	134	0	0	0	0	3492	5230	272	4410	0	102	0	528	0	312	0	106	0	0	0	0	0	0	0	120	0	0	0	0	0	0	0	0	0	0	0	0	0	0	0	0	0	0	0	0	0	0	0	0	0	0	
70188	Frontal_Mid_Orb_L	0	0	3546	0	10458	0	3950	0	0	0	0	0	1186	0	11350	0	0	0	0	0	134	0	0	0	184	0	1020	0	1136	0	142	0	0	0	0	0	0	0	0	0	0	0	0	0	0	0	0	0	0	0	0	0	0	0	0	0	0	0	0	0	0	0	0	0	0	0	0	0	0	0	242	0	1506	0	0	0	0	0	0	0	0	0	240	0	0	0	0	0	0	0	0	0	0	0	0	0	0	0	0	0	0	0	0	0	0	0	0	0	0	0	0	0	0	0	0	0	
36104	Frontal_Mid_Orb_R	0	0	0	450	0	5244	0	1706	0	0	0	0	0	850	0	6892	0	0	0	0	0	0	0	0	0	0	0	796	0	1116	0	0	0	0	0	0	0	0	0	0	0	0	0	0	0	0	0	0	0	0	0	0	0	0	0	0	0	0	0	0	0	0	0	0	0	0	0	0	0	0	0	486	0	512	0	0	0	0	0	0	0	0	0	0	0	0	0	0	0	0	0	0	0	0	0	0	0	0	0	0	0	0	0	0	0	0	0	0	0	0	0	0	0	0	0	0	
270236	Frontal_Inf_Oper_L	18594	0	19958	864	0	0	14590	0	0	0	0	0	8324	0	390	0	13888	0	12688	1342	0	0	1398	586	0	304	0	0	18894	0	3906	876	780	1120	0	0	226	0	0	0	0	0	0	0	0	0	0	0	0	0	0	0	0	0	0	0	3366	0	0	0	484	0	334	0	0	0	0	0	224	0	2836	0	2154	0	0	0	0	0	1600	0	3556	0	1836	0	0	0	0	0	0	0	0	0	0	0	0	0	0	0	0	0	0	0	0	0	0	0	0	0	0	0	0	0	0	0	0	0	
165576	Frontal_Inf_Oper_R	0	7186	240	15618	0	0	0	13314	0	0	0	0	0	12802	0	134	0	3520	722	7166	0	0	0	100	0	0	0	0	126	9810	0	0	0	3298	0	0	0	506	0	166	0	0	0	0	0	0	0	0	0	0	0	0	0	0	0	120	0	976	0	0	0	0	0	0	0	0	0	0	0	0	1262	544	0	4218	0	152	0	346	0	150	0	146	0	0	0	0	0	0	0	166	0	0	0	0	0	0	0	0	0	0	0	0	0	0	0	0	0	0	0	0	0	0	0	0	0	0	
263764	Frontal_Inf_Tri_L	824	0	14298	1184	1208	0	28128	116	1186	0	8324	0	0	0	20996	0	916	0	8142	1468	0	0	1924	634	108	222	136	0	27810	0	3108	682	710	1264	0	0	0	0	0	0	0	0	0	0	0	0	0	0	0	0	0	0	0	0	0	0	0	0	0	0	0	0	0	0	0	0	0	0	0	0	3054	218	4104	0	0	0	0	0	0	0	0	0	1118	0	0	0	0	0	0	0	0	0	0	0	0	0	0	0	0	0	0	0	0	0	0	0	0	0	0	0	0	0	0	0	0	0	
210112	Frontal_Inf_Tri_R	222	780	708	13736	0	146	378	20478	0	850	0	12802	0	0	0	6130	0	606	1786	8428	0	0	466	2194	0	0	0	0	338	16710	0	720	0	4668	0	0	0	228	0	0	0	0	0	0	0	0	0	0	0	0	0	0	0	0	0	0	0	102	0	0	0	0	0	0	0	0	0	0	0	0	1770	6924	202	2936	0	0	0	748	0	0	0	0	0	0	0	0	0	0	0	0	0	0	0	0	0	0	0	0	0	0	0	0	0	0	0	0	0	0	0	0	0	0	0	0	0	0	
210588	Frontal_Inf_Orb_L	0	0	11544	386	9940	0	16924	0	11350	0	390	0	20996	0	0	0	0	0	1630	494	982	0	802	232	0	0	946	0	18880	0	770	224	96	500	0	0	0	0	176	0	0	0	0	0	0	0	0	0	0	0	0	0	0	0	0	0	0	0	0	0	0	0	0	0	0	0	0	0	0	0	928	148	4628	0	0	0	0	0	0	0	0	0	2328	0	0	0	0	0	0	0	0	0	0	0	0	0	0	0	0	0	0	0	0	0	0	0	0	0	0	0	0	0	0	0	0	0	
105840	Frontal_Inf_Orb_R	294	222	232	3372	0	5600	204	6178	0	6892	0	134	0	6130	0	0	0	0	634	2196	0	606	186	490	0	0	0	1152	116	7358	0	144	0	740	0	0	0	0	0	0	0	0	0	0	0	0	0	0	0	0	0	0	0	0	0	0	170	0	0	0	0	0	0	0	0	0	0	0	0	0	492	4468	172	3756	0	0	0	186	0	0	0	102	0	318	0	146	0	0	0	230	0	0	0	0	0	0	0	0	0	0	0	0	0	0	0	0	0	0	0	0	0	0	0	0	0	0	
246220	Rolandic_Oper_L	15688	0	16488	0	0	0	6698	0	0	0	13888	0	916	0	0	0	0	0	8694	0	0	0	0	0	0	0	0	0	19180	0	0	0	0	0	316	0	646	0	428	0	0	0	136	0	0	0	138	0	0	0	272	0	0	0	202	0	10224	0	138	0	1536	0	942	0	416	0	308	0	580	0	0	0	972	0	0	0	538	126	6592	0	12884	0	1834	0	1570	0	0	0	760	0	0	0	0	0	0	0	0	0	0	0	0	0	0	0	0	0	0	0	0	0	0	0	0	0	0	0	
104892	Rolandic_Oper_R	0	2438	0	7042	0	0	0	2536	0	0	0	3520	0	606	0	0	0	0	152	2320	0	0	0	0	0	0	0	0	0	12890	0	0	0	246	0	0	0	142	0	0	0	0	0	0	0	0	0	0	0	0	0	0	0	0	0	0	0	3484	0	0	0	0	0	2830	0	0	0	0	100	108	96	0	0	1478	0	0	0	434	0	4598	0	5170	0	684	0	724	0	0	0	848	0	0	0	0	0	0	0	0	0	0	0	0	0	0	0	0	0	0	0	0	0	0	0	0	0	0	
973824	Supp_Motor_Area_L	12254	2728	95060	19444	638	1202	18916	3754	0	0	12688	722	8142	1786	1630	634	8694	152	0	73154	0	0	10542	9432	124	300	134	0	28780	886	7336	13108	15634	55214	288	458	2052	0	650	0	122	0	0	0	0	0	0	0	0	0	0	0	0	0	716	0	3270	176	0	242	0	382	0	408	0	266	178	826	5174	2148	16374	4190	25224	482	5016	0	5134	1360	1462	0	4364	0	1358	0	188	0	0	0	1120	196	0	0	0	0	0	0	0	0	0	0	0	0	0	0	0	0	0	0	0	0	0	0	0	0	0	0	
881276	Supp_Motor_Area_R	6170	10154	18520	61528	130	2350	4264	10276	0	0	1342	7166	1468	8428	494	2196	0	2320	73154	0	0	0	3446	10368	0	148	0	182	3172	5370	3794	13100	9806	74052	1488	4828	0	876	0	166	0	0	0	198	0	210	0	0	0	0	0	152	0	788	0	328	0	1860	0	490	0	1024	0	1562	0	486	800	5780	14728	17548	7938	21848	2840	8572	288	3576	330	5568	0	250	0	304	0	0	0	536	0	0	0	1878	0	0	0	0	0	0	0	0	0	0	0	0	0	0	0	0	0	0	0	0	0	0	0	0	0	0	
81796	Olfactory_L	0	0	170	0	1134	0	118	0	134	0	0	0	0	0	982	0	0	0	0	0	0	4372	0	0	1174	320	2172	354	2854	0	3802	1744	0	0	0	0	880	0	464	0	892	0	0	0	0	0	0	0	0	0	0	0	0	0	300	0	0	0	0	0	0	0	0	0	0	0	0	0	0	0	7596	4156	4718	1206	676	0	0	0	0	0	0	0	680	0	0	0	0	0	0	0	0	0	0	0	0	0	0	0	0	0	0	0	0	0	0	0	0	0	0	0	0	0	0	0	0	0	
84920	Olfactory_R	0	0	0	0	0	896	0	0	0	0	0	0	0	0	0	606	0	0	0	0	4372	0	0	0	0	2198	100	2332	286	2578	1780	3272	0	0	0	0	0	0	0	394	0	1032	0	0	0	0	0	0	0	0	0	0	0	0	0	0	0	0	0	0	0	0	0	0	0	0	0	0	0	0	5980	8640	4000	2704	960	0	0	0	0	0	0	0	0	330	0	0	0	0	0	0	0	0	0	0	0	0	0	0	0	0	0	0	0	0	0	0	0	0	0	0	0	0	0	0	0	0	
466408	Frontal_Sup_Medial_L	0	0	45120	10108	3904	744	16498	368	0	0	1398	0	1924	466	802	186	0	0	10542	3446	0	0	0	35182	2094	5916	620	0	2660	254	35818	23980	9836	14940	0	0	0	0	0	0	0	0	0	0	0	0	0	0	0	0	0	0	0	0	0	0	0	0	0	0	0	0	0	0	0	0	0	0	0	0	1548	770	3146	700	234	0	0	0	0	0	0	0	0	0	0	0	0	0	0	0	0	0	0	0	0	0	0	0	0	0	0	0	0	0	0	0	0	0	0	0	0	0	0	0	0	0	
483628	Frontal_Sup_Medial_R	0	0	15880	37128	326	4850	6316	3582	0	0	586	100	634	2194	232	490	0	0	9432	10368	0	0	35182	0	178	10024	178	220	824	1290	21296	38270	4534	23534	0	0	0	0	0	0	0	0	0	0	0	0	0	0	0	0	0	0	0	0	0	0	0	0	0	0	0	0	0	0	0	0	0	0	0	0	1080	6220	896	5970	0	0	0	0	0	0	0	0	0	0	0	0	0	0	0	0	0	0	0	0	0	0	0	0	0	0	0	0	0	0	0	0	0	0	0	0	0	0	0	0	0	0	
44528	Frontal_Med_Orb_L	0	0	776	0	4620	192	0	0	184	0	0	0	108	0	0	0	0	0	124	0	1174	0	2094	178	0	1046	3288	232	482	0	4950	358	0	0	0	0	0	0	0	0	0	0	0	0	0	0	0	0	0	0	0	0	0	0	0	0	0	0	0	0	0	0	0	0	0	0	0	0	0	0	1536	0	922	0	0	0	0	0	0	0	0	0	0	0	0	0	0	0	0	0	0	0	0	0	0	0	0	0	0	0	0	0	0	0	0	0	0	0	0	0	0	0	0	0	0	0	
149136	Frontal_Med_Orb_R	0	0	934	3090	144	8158	128	0	0	0	304	0	222	0	0	0	0	0	300	148	320	2198	5916	10024	1046	0	422	5760	222	0	9294	12776	648	276	0	0	0	0	0	0	0	0	0	0	0	0	0	0	0	0	0	0	0	0	0	0	0	0	0	0	0	0	0	0	0	0	0	0	0	0	858	6488	480	4412	0	0	0	0	0	0	0	0	0	0	0	0	0	0	0	0	0	0	0	0	0	0	0	0	0	0	0	0	0	0	0	0	0	0	0	0	0	0	0	0	0	0	
61524	Rectus_L	0	0	718	0	8594	0	126	0	1020	0	0	0	136	0	946	0	0	0	134	0	2172	100	620	178	3288	422	0	98	874	0	4588	616	0	0	0	0	0	0	0	0	206	0	0	0	0	0	0	0	0	0	0	0	0	0	0	0	0	0	0	0	0	0	0	0	0	0	0	0	0	0	3230	198	2384	114	0	0	0	0	0	0	0	0	0	0	0	0	0	0	0	0	0	0	0	0	0	0	0	0	0	0	0	0	0	0	0	0	0	0	0	0	0	0	0	0	0	0	
67748	Rectus_R	0	0	0	1126	0	7970	0	0	0	796	0	0	0	0	0	1152	0	0	0	182	354	2332	0	220	232	5760	98	0	0	646	584	2922	0	0	0	0	0	0	0	0	0	0	0	0	0	0	0	0	0	0	0	0	0	0	0	0	0	0	0	0	0	0	0	0	0	0	0	0	0	0	434	4940	380	3746	0	0	0	0	0	0	0	0	0	0	0	0	0	0	0	0	0	0	0	0	0	0	0	0	0	0	0	0	0	0	0	0	0	0	0	0	0	0	0	0	0	0	
671892	Insula_L	16162	0	42090	2938	4220	106	20676	354	1136	0	18894	126	27810	338	18880	116	19180	0	28780	3172	2854	286	2660	824	482	222	874	0	0	190	5074	1176	826	2366	1088	102	9366	98	2552	0	1814	0	398	0	0	0	604	0	0	0	570	0	354	0	4570	0	4276	0	0	0	680	0	370	0	0	0	592	0	238	0	8932	944	27388	350	376	0	3106	254	14664	0	10722	0	7772	0	3202	0	124	0	7082	0	186	0	0	0	0	0	144	0	216	0	0	0	0	0	0	0	0	0	0	0	0	0	0	0	0	0	
303496	Insula_R	146	7808	358	17096	0	2772	170	11002	0	1116	0	9810	0	16710	0	7358	0	12890	886	5370	0	2578	254	1290	0	0	0	646	190	0	0	452	0	1794	0	144	0	4760	0	1854	0	2026	0	0	0	0	0	0	0	0	0	0	0	564	0	3770	0	574	0	0	0	0	0	276	0	0	0	106	0	0	544	4966	108	18286	0	284	0	1534	0	2610	0	3192	0	1014	0	1260	0	0	0	2986	0	194	0	0	0	0	0	0	0	0	0	0	0	0	0	0	0	0	0	0	0	0	0	0	0	0	
453044	Cingulum_Ant_L	0	0	20934	6414	4512	1496	8508	114	142	0	3906	0	3108	0	770	0	0	0	7336	3794	3802	1780	35818	21296	4950	9294	4588	584	5074	0	0	32588	10930	10178	0	0	0	0	0	0	0	0	0	0	0	0	0	0	0	0	0	0	0	0	0	0	0	0	0	0	0	0	0	0	0	0	0	0	0	0	9892	4016	7928	2542	228	0	0	0	0	0	0	0	0	0	0	0	0	0	0	0	0	0	0	0	0	0	0	0	0	0	0	0	0	0	0	0	0	0	0	0	0	0	0	0	0	0	
526868	Cingulum_Ant_R	0	0	11020	24844	426	5658	3616	1124	0	0	876	0	682	720	224	144	0	0	13108	13100	1744	3272	23980	38270	358	12776	616	2922	1176	452	32588	0	6950	25626	0	0	0	0	0	0	0	0	0	0	0	0	0	0	0	0	0	0	0	0	0	0	0	0	0	0	0	0	0	0	0	0	0	0	0	0	4642	16344	3246	12642	134	154	0	0	0	0	0	0	0	0	0	0	0	0	0	0	0	0	0	0	0	0	0	0	0	0	0	0	0	0	0	0	0	0	0	0	0	0	0	0	0	0	
228604	Cingulum_Mid_L	586	180	7624	2702	0	0	2810	134	0	0	780	0	710	0	96	0	0	0	15634	9806	0	0	9836	4534	0	648	0	0	826	0	10930	6950	0	20656	2202	732	0	0	0	0	0	0	238	0	382	0	0	0	180	0	1404	0	118	0	0	0	0	0	246	0	302	0	0	0	0	0	4350	1698	4144	1042	194	0	122	0	0	0	0	0	0	0	0	0	0	0	1088	0	0	0	314	104	0	0	0	0	0	0	0	0	0	0	0	0	0	0	0	0	0	0	0	0	0	0	0	0	0	0	
721324	Cingulum_Mid_R	1806	1888	15756	29496	0	354	5978	6292	0	0	1120	3298	1264	4668	500	740	0	246	55214	74052	0	0	14940	23534	0	276	0	0	2366	1794	10178	25626	20656	0	1014	5746	0	180	0	0	0	0	0	534	0	428	0	0	0	0	0	656	0	688	0	0	0	1344	0	1094	0	1736	0	1594	0	1098	2518	11472	7082	8778	5068	728	1684	638	0	0	0	0	0	0	0	630	0	0	0	2178	0	0	0	1732	0	0	0	0	0	0	0	0	0	0	0	0	0	0	0	0	0	0	0	0	0	0	0	0	0	0	
111864	Cingulum_Post_L	2136	514	0	326	0	0	0	0	0	0	0	0	0	0	0	0	316	0	288	1488	0	0	0	0	0	0	0	0	1088	0	0	0	2202	1014	0	5364	2828	2152	2374	414	0	0	3124	0	600	0	3292	0	178	0	720	0	334	0	3076	368	1674	210	140	0	438	0	0	0	0	0	5948	494	4190	1062	0	0	0	164	0	0	228	2582	524	0	436	0	0	0	1072	0	0	0	1180	0	314	218	0	0	0	0	0	258	378	226	0	0	0	0	0	0	0	0	0	0	0	0	0	0	0	0	
172284	Cingulum_Post_R	228	1050	0	456	0	0	0	0	0	0	0	0	0	0	0	0	0	0	458	4828	0	0	0	0	0	0	0	0	102	144	0	0	732	5746	5364	0	1724	6402	1270	2084	0	0	0	3576	98	1318	104	2972	0	190	0	146	0	2876	294	2372	0	1642	0	180	0	238	0	0	0	194	1956	15570	2578	6380	0	0	0	214	0	0	188	2822	0	0	0	0	0	0	0	1066	0	0	246	5704	0	510	0	0	0	0	0	696	0	520	0	0	0	0	0	0	0	0	0	0	904	0	0	0	0	0	
249572	Hippocampus_L	6768	694	4256	454	0	0	938	0	0	0	226	0	0	0	0	0	646	0	2052	0	880	0	0	0	0	0	0	0	9366	0	0	0	0	0	2828	1724	0	1602	19892	438	8404	0	764	0	0	0	4040	0	0	0	0	0	0	0	16076	384	190	0	0	0	0	0	0	0	0	0	1982	0	164	0	192	220	9026	224	652	0	4712	2704	1872	0	2868	0	2966	0	798	0	272	0	10812	0	476	216	0	0	158	0	886	258	480	226	0	0	0	0	0	0	0	0	0	0	0	0	0	0	0	0	
311392	Hippocampus_R	110	10404	0	5702	0	0	0	206	0	0	0	506	0	228	0	0	0	142	0	876	0	0	0	0	0	0	0	0	98	4760	0	0	0	180	2152	6402	1602	0	1210	28404	0	10462	0	666	0	142	128	5480	0	0	0	0	0	4296	288	26840	0	412	0	0	0	0	0	292	0	110	0	4828	392	1502	0	348	0	8468	0	1148	214	5678	0	478	0	880	0	504	0	756	0	0	240	5784	0	3254	0	0	0	750	0	4122	0	2706	0	0	0	174	0	0	0	0	0	204	1168	0	0	0	0	0	
153688	ParaHippocampal_L	2304	502	1242	350	0	0	118	0	0	0	0	0	0	0	176	0	428	0	650	0	464	0	0	0	0	0	0	0	2552	0	0	0	0	0	2374	1270	19892	1210	0	408	2550	0	728	0	0	0	5274	0	0	0	0	0	0	0	9310	370	0	0	0	0	0	0	0	0	0	0	1930	0	0	0	0	0	3430	126	244	0	2578	2006	0	0	1140	0	1410	0	454	0	752	0	4716	0	1006	206	204	0	518	0	2242	246	1094	214	0	0	0	0	0	0	0	0	0	156	0	0	0	0	0	0	
212792	ParaHippocampal_R	0	702	0	1468	0	0	0	0	0	0	0	166	0	0	0	0	0	0	0	166	0	394	0	0	0	0	0	0	0	1854	0	0	0	0	414	2084	438	28404	408	0	0	8338	0	792	0	0	0	7098	0	0	0	0	0	1240	0	21748	0	0	0	0	0	0	0	0	0	0	0	3088	96	0	0	100	0	3846	0	934	110	1796	0	204	0	346	0	2300	0	0	0	1736	122	780	0	3520	0	0	0	786	0	5908	0	3638	0	0	0	214	0	0	0	0	0	168	990	0	0	0	0	0	
45708	Amygdala_L	132	0	148	0	166	0	0	0	0	0	0	0	0	0	0	0	0	0	122	0	892	0	0	0	0	0	206	0	1814	0	0	0	0	0	0	0	8404	0	2550	0	0	0	0	0	0	0	0	0	0	0	0	0	0	0	3602	0	0	0	0	0	0	0	0	0	0	0	0	0	0	0	338	0	786	0	0	0	154	0	0	0	200	0	2154	0	0	0	220	0	966	0	0	0	0	0	0	0	0	0	0	0	0	0	0	0	0	0	0	0	0	0	0	0	0	0	0	0	
63184	Amygdala_R	0	0	0	0	0	0	0	0	0	0	0	0	0	0	0	0	0	0	0	0	0	1032	0	0	0	0	0	0	0	2026	0	0	0	0	0	0	0	10462	0	8338	0	0	0	0	0	0	0	0	0	0	0	0	0	0	0	5210	0	0	0	0	0	0	0	0	0	0	0	0	0	0	0	144	0	970	0	0	0	0	0	0	0	0	0	1552	0	0	0	368	0	108	0	170	0	0	0	594	0	212	0	192	0	0	0	110	0	0	0	0	0	104	0	0	0	0	0	0	
272156	Calcarine_L	454	0	0	0	0	0	0	0	0	0	0	0	0	0	0	0	136	0	0	0	0	0	0	0	0	0	0	0	398	0	0	0	238	0	3124	0	764	0	728	0	0	0	0	10494	17804	6978	13014	4654	13446	1740	18290	360	6336	160	5544	528	886	0	2186	0	1980	0	170	0	964	0	18364	628	552	0	0	0	0	0	0	0	0	0	232	0	0	0	0	0	1814	0	0	0	1112	0	116	0	0	0	0	0	282	0	1014	172	0	0	0	0	0	0	0	0	0	0	176	240	0	0	0	0	
267764	Calcarine_R	0	120	0	0	0	0	0	0	0	0	0	0	0	0	0	0	0	0	0	198	0	0	0	0	0	0	0	0	0	0	0	0	0	534	0	3576	0	666	0	792	0	0	10494	0	5738	23554	1900	19246	0	16956	0	11384	0	8618	0	2846	0	182	0	468	0	0	0	0	0	160	462	14584	0	464	0	0	0	0	0	0	0	0	0	0	0	0	0	0	0	3946	0	0	0	5314	146	506	0	0	0	0	0	134	222	310	0	0	0	0	0	0	0	0	0	0	116	246	0	0	0	0	
185740	Cuneus_L	0	0	0	0	0	0	0	0	0	0	0	0	0	0	0	0	0	0	0	0	0	0	0	0	0	0	0	0	0	0	0	0	382	0	600	98	0	0	0	0	0	0	17804	5738	0	6570	1650	588	21556	1394	10450	0	956	0	552	0	104	0	3726	0	218	0	0	0	0	0	18464	872	272	0	0	0	0	0	0	0	0	0	0	0	0	0	0	0	876	0	0	0	0	0	0	0	0	0	0	0	0	0	0	0	0	0	0	0	0	0	0	0	0	0	0	0	0	0	0	0	
242460	Cuneus_R	0	0	0	0	0	0	0	0	0	0	0	0	0	0	0	0	0	0	0	210	0	0	0	0	0	0	0	0	0	0	0	0	0	428	0	1318	0	142	0	0	0	0	6978	23554	6570	0	988	5308	0	27774	0	11992	0	1188	0	526	0	358	0	5274	0	470	0	0	0	1932	2754	17204	126	590	0	0	0	0	0	0	0	0	0	0	0	120	0	0	0	3058	0	0	0	2368	0	0	0	0	0	0	0	0	0	0	0	0	0	0	0	0	0	0	0	0	0	0	0	0	0	0	
292924	Lingual_L	522	0	102	0	0	0	0	0	0	0	0	0	0	0	0	0	138	0	0	0	0	0	0	0	0	0	0	0	604	0	0	0	0	0	3292	104	4040	128	5274	0	0	0	13014	1900	1650	988	0	7330	4034	1048	7790	542	7048	594	20792	2502	112	0	0	0	102	0	0	0	0	0	7426	0	0	0	0	0	120	0	0	0	490	316	468	0	196	0	0	0	178	0	0	0	1884	0	8764	1004	940	222	192	0	9054	1344	17186	3960	0	0	0	0	0	0	0	0	0	0	2212	5214	1642	0	0	0	
403604	Lingual_R	0	270	0	162	0	0	0	0	0	0	0	0	0	0	0	0	0	0	0	0	0	0	0	0	0	0	0	0	0	0	0	0	0	0	0	2972	0	5480	0	7098	0	0	4654	19246	588	5308	7330	0	0	6512	0	6342	0	11486	1948	26700	0	0	0	0	0	0	0	0	0	0	0	6890	0	184	0	0	0	0	0	0	0	540	0	0	0	0	0	0	0	926	0	0	0	2150	6282	7388	1980	870	0	144	3100	12424	10378	18382	0	0	0	0	270	0	0	0	0	126	9838	11682	2020	0	0	132	
230440	Occipital_Sup_L	138	0	0	0	0	0	0	0	0	0	0	0	0	0	0	0	0	0	0	0	0	0	0	0	0	0	0	0	0	0	0	0	180	0	178	0	0	0	0	0	0	0	13446	0	21556	0	4034	0	0	0	28330	0	2538	0	1026	0	366	0	13928	0	4380	0	0	0	666	0	20098	0	510	0	0	0	0	0	0	0	0	0	0	0	0	0	0	0	3532	0	0	0	124	0	0	0	0	0	0	0	0	0	190	0	0	0	0	0	0	0	0	0	0	0	0	0	0	0	0	0	
228012	Occipital_Sup_R	0	0	0	0	0	0	0	0	0	0	0	0	0	0	0	0	0	0	0	0	0	0	0	0	0	0	0	0	0	0	0	0	0	0	0	190	0	0	0	0	0	0	1740	16956	1394	27774	1048	6512	0	0	0	24720	0	2704	0	1992	0	106	0	8142	0	2296	0	0	0	6270	412	8194	0	126	0	0	0	0	0	0	0	0	0	0	0	0	0	0	0	2460	0	0	0	834	0	136	0	0	0	0	0	0	0	0	0	0	0	0	0	0	0	0	0	0	0	0	0	0	0	0	
372540	Occipital_Mid_L	1106	0	0	0	0	0	0	0	0	0	0	0	0	0	0	0	272	0	0	0	0	0	0	0	0	0	0	0	570	0	0	0	1404	0	720	0	0	0	0	0	0	0	18290	0	10450	0	7790	0	28330	0	0	0	14868	0	5838	0	3434	0	19312	0	20260	0	302	0	14154	0	16020	130	3534	0	0	0	0	0	0	0	0	0	586	0	0	0	0	0	15810	0	0	0	1982	0	0	0	0	0	0	0	228	0	618	0	0	0	0	0	0	0	0	0	0	0	156	106	0	0	0	0	
220752	Occipital_Mid_R	0	0	0	0	0	0	0	0	0	0	0	0	0	0	0	0	0	0	0	152	0	0	0	0	0	0	0	0	0	0	0	0	0	656	0	146	0	0	0	0	0	0	360	11384	0	11992	542	6342	0	24720	0	0	0	6858	0	4462	0	274	0	5708	0	3056	0	0	0	9112	278	7962	0	570	0	0	0	0	0	0	0	0	0	0	0	0	0	0	0	12366	0	0	0	2726	0	148	0	0	0	0	0	0	130	174	0	0	0	0	0	0	0	0	0	0	100	158	0	0	0	0	
124068	Occipital_Inf_L	474	0	0	0	0	0	0	0	0	0	0	0	0	0	0	0	0	0	0	0	0	0	0	0	0	0	0	0	354	0	0	0	118	0	334	0	0	0	0	0	0	0	6336	0	956	0	7048	0	2538	0	14868	0	0	0	11504	0	362	0	1044	0	458	0	0	0	138	0	2282	0	270	0	0	0	0	0	0	0	0	0	1186	0	0	0	0	0	3620	0	0	0	4604	0	854	0	0	0	0	0	298	0	2086	0	0	0	0	0	0	0	0	0	0	0	206	96	0	0	0	0	
212004	Occipital_Inf_R	0	1530	0	246	0	0	0	0	0	0	0	0	0	0	0	0	0	0	0	788	0	0	0	0	0	0	0	0	0	564	0	0	0	688	0	2876	0	4296	0	1240	0	0	160	8618	0	1188	594	11486	0	2704	0	6858	0	0	0	16158	0	1752	0	454	0	872	0	154	0	786	106	5056	0	2118	0	0	0	136	0	0	0	0	0	334	0	446	0	0	0	2598	0	0	0	18368	504	706	148	0	0	0	368	2124	1012	4388	0	0	0	0	0	0	0	0	0	0	1932	1270	376	0	0	0	
410520	Fusiform_L	668	0	794	0	0	0	0	0	0	0	0	0	0	0	0	0	202	0	716	0	300	0	0	0	0	0	0	0	4570	0	0	0	0	0	3076	294	16076	288	9310	0	3602	0	5544	0	552	0	20792	1948	1026	0	5838	0	11504	0	0	308	138	0	0	0	0	0	0	0	0	0	3838	0	0	0	0	0	2818	0	0	0	680	398	1414	0	2528	0	1618	0	1028	0	968	0	18682	0	27190	304	4788	0	354	0	12046	596	30938	1602	880	0	1344	0	124	0	0	0	0	0	892	2376	308	0	0	0	
454884	Fusiform_R	0	1030	0	738	0	0	0	0	0	0	0	120	0	0	0	0	0	0	0	328	0	0	0	0	0	0	0	0	0	3770	0	0	0	0	368	2372	384	26840	370	21748	0	5210	528	2846	0	526	2502	26700	0	1992	0	4462	0	16158	308	0	0	100	0	0	0	0	0	0	0	0	0	2952	0	458	0	0	0	2560	0	472	104	1374	0	418	0	2204	0	4068	0	1560	0	2394	116	11898	1608	18050	502	980	0	340	1278	15666	3000	23958	0	108	0	982	0	0	0	0	0	180	6486	3476	850	0	0	0	
228708	Postcentral_L	23094	0	6844	0	0	0	1996	0	0	0	3366	0	0	0	0	170	10224	0	3270	0	0	0	0	0	0	0	0	0	4276	0	0	0	0	0	1674	0	190	0	0	0	0	0	886	0	104	0	112	0	366	0	3434	0	362	0	138	0	0	0	4784	0	17476	0	5424	0	846	0	2870	0	4936	0	0	400	322	150	0	0	0	0	5652	0	6132	0	0	0	3420	0	0	0	1436	0	0	0	0	0	0	0	0	0	0	0	0	0	0	0	0	0	0	0	0	0	0	0	0	0	0	0	
124352	Postcentral_R	0	8888	0	942	0	100	0	412	0	0	0	976	0	102	0	0	0	3484	176	1860	0	0	0	0	0	0	0	0	0	574	0	0	0	1344	210	1642	0	412	0	0	0	0	0	182	0	358	0	0	0	106	0	274	0	1752	0	100	0	0	0	2456	0	1944	0	8782	0	512	816	4234	330	8548	0	776	0	378	0	0	0	472	0	362	0	1330	0	0	0	2640	0	0	0	4702	0	0	0	0	0	0	0	0	0	0	0	0	0	0	0	0	0	0	0	0	0	0	0	0	0	0	
159096	Parietal_Sup_L	0	0	0	0	0	0	0	0	0	0	0	0	0	0	0	0	138	0	0	0	0	0	0	0	0	0	0	0	0	0	0	0	246	0	140	0	0	0	0	0	0	0	2186	0	3726	0	0	0	13928	0	19312	0	1044	0	0	0	4784	0	0	0	13850	0	0	0	3594	0	12976	0	544	0	0	0	0	0	0	0	0	0	0	0	0	0	0	0	2856	0	0	0	224	0	0	0	0	0	0	0	0	0	0	0	0	0	0	0	0	0	0	0	0	0	0	0	0	0	0	0	
150872	Parietal_Sup_R	0	0	0	0	0	0	0	0	0	0	0	0	0	0	0	0	0	0	242	490	0	0	0	0	0	0	0	0	0	0	0	0	0	1094	0	180	0	0	0	0	0	0	0	468	0	5274	0	0	0	8142	0	5708	0	454	0	0	0	2456	0	0	0	14126	0	1100	0	14968	204	9354	0	1486	0	0	0	0	0	0	0	0	0	0	0	0	0	0	0	5216	0	0	0	4474	0	0	0	0	0	0	0	0	0	0	0	0	0	0	0	0	0	0	0	0	0	0	0	0	0	0	
213380	Parietal_Inf_L	3596	0	142	0	0	0	128	0	0	0	484	0	0	0	0	0	1536	0	0	0	0	0	0	0	0	0	0	0	680	0	0	0	302	0	438	0	0	0	0	0	0	0	1980	0	218	0	102	0	4380	0	20260	0	458	0	0	0	17476	0	13850	0	0	0	10650	0	13960	0	2186	0	856	0	0	0	0	0	0	0	0	0	446	0	2684	0	0	0	7636	0	0	0	2242	0	0	0	0	0	0	0	0	0	0	0	0	0	0	0	0	0	0	0	0	0	0	0	0	0	0	0	
136848	Parietal_Inf_R	0	808	0	142	0	0	0	122	0	0	0	0	0	0	0	0	0	0	382	1024	0	0	0	0	0	0	0	0	0	0	0	0	0	1736	0	238	0	0	0	0	0	0	0	0	0	470	0	0	0	2296	0	3056	0	872	0	0	0	1944	0	14126	0	0	0	6006	0	21124	0	2662	130	1742	0	0	0	0	0	0	0	0	0	0	0	202	0	0	0	6432	0	0	0	2910	0	0	0	0	0	0	0	0	0	0	0	0	0	0	0	0	0	0	0	0	0	0	0	0	0	0	
79480	SupraMarginal_L	1372	0	0	0	0	0	96	0	0	0	334	0	0	0	0	0	942	0	0	0	0	0	0	0	0	0	0	0	370	0	0	0	0	0	0	0	0	0	0	0	0	0	170	0	0	0	0	0	0	0	302	0	0	0	0	0	5424	0	0	0	10650	0	0	0	4118	0	110	0	120	0	0	0	0	0	0	0	0	0	352	0	5938	0	0	0	7424	0	0	0	2018	0	0	0	0	0	0	0	0	0	0	0	0	0	0	0	0	0	0	0	0	0	0	0	0	0	0	0	
96776	SupraMarginal_R	0	1908	0	198	0	0	0	0	0	0	0	0	0	0	0	0	0	2830	408	1562	0	0	0	0	0	0	0	0	0	276	0	0	0	1594	0	0	0	292	0	0	0	0	0	0	0	0	0	0	0	0	0	0	0	154	0	0	0	8782	0	1100	0	6006	0	0	0	7368	0	1590	136	1278	0	552	0	0	0	0	0	460	0	600	0	4292	0	0	0	5694	0	0	0	1308	0	0	0	0	0	0	0	0	0	0	0	0	0	0	0	0	0	0	0	0	0	0	0	0	0	0	
112116	Angular_L	112	0	0	0	0	0	0	0	0	0	0	0	0	0	0	0	416	0	0	0	0	0	0	0	0	0	0	0	0	0	0	0	0	0	0	0	0	0	0	0	0	0	964	0	0	0	0	0	666	0	14154	0	138	0	0	0	846	0	3594	0	13960	0	4118	0	0	0	1692	0	290	0	0	0	0	0	0	0	0	0	0	0	1752	0	0	0	11214	0	0	0	2142	0	0	0	0	0	0	0	0	0	0	0	0	0	0	0	0	0	0	0	0	0	0	0	0	0	0	0	
175680	Angular_R	0	268	0	0	0	0	0	134	0	0	0	0	0	0	0	0	0	0	266	486	0	0	0	0	0	0	0	0	0	0	0	0	0	1098	0	194	0	110	0	0	0	0	0	160	0	1932	0	0	0	6270	0	9112	0	786	0	0	0	512	0	14968	0	21124	0	7368	0	0	0	3174	0	1774	0	0	0	0	0	0	0	0	0	0	0	2032	0	0	0	12814	0	0	0	3258	0	0	0	0	0	0	0	0	0	0	0	0	0	0	0	0	0	0	0	0	0	0	0	0	0	0	
309596	Precuneus_L	740	0	0	0	0	0	0	0	0	0	0	0	0	0	0	0	308	0	178	800	0	0	0	0	0	0	0	0	592	0	0	0	4350	2518	5948	1956	1982	0	1930	0	0	0	18364	462	18464	2754	7426	0	20098	412	16020	278	2282	106	3838	0	2870	816	12976	204	2186	0	110	0	1692	0	0	8602	3756	1940	0	0	0	0	0	0	0	0	296	0	202	0	0	0	4052	330	0	0	1708	580	0	0	0	0	0	0	206	0	466	0	0	0	0	0	0	0	0	0	0	0	0	0	0	0	0	0	
357124	Precuneus_R	0	1398	0	226	0	0	0	0	0	0	0	0	0	0	0	0	0	0	826	5780	0	0	0	0	0	0	0	0	0	106	0	0	1698	11472	494	15570	0	4828	0	3088	0	0	628	14584	872	17204	0	6890	0	8194	130	7962	0	5056	0	2952	0	4234	0	9354	0	2662	0	1590	0	3174	8602	0	1920	7792	0	0	0	0	0	0	0	166	0	0	0	734	0	0	0	10468	0	0	0	14286	0	570	0	0	0	0	0	1050	0	572	0	0	0	0	0	0	0	0	0	0	1430	0	0	0	0	0	
187732	Paracentral_Lobule_L	11152	3300	398	1408	0	0	130	0	0	0	224	0	0	0	0	0	580	100	5174	14728	0	0	0	0	0	0	0	0	238	0	0	0	4144	7082	4190	2578	164	392	0	96	0	0	552	0	272	126	0	0	510	0	3534	0	270	0	0	0	4936	330	544	0	856	130	120	136	290	0	3756	1920	0	9902	0	1054	0	0	0	0	218	1526	360	0	758	0	0	0	3670	328	0	0	1358	332	0	0	0	0	0	0	0	0	0	0	0	0	0	0	0	0	0	0	0	0	0	0	0	0	0	0	
203104	Paracentral_Lobule_R	570	8854	0	856	0	0	0	0	0	0	0	0	0	0	0	0	0	108	2148	17548	0	0	0	0	0	0	0	0	0	0	0	0	1042	8778	1062	6380	0	1502	0	0	0	0	0	464	0	590	0	184	0	126	0	570	0	2118	0	458	0	8548	0	1486	0	1742	0	1278	0	1774	1940	7792	9902	0	0	538	0	0	0	0	0	1012	0	0	0	1512	0	0	0	4584	0	0	0	6086	0	0	0	0	0	0	0	0	0	0	0	0	0	0	0	0	0	0	0	0	0	0	0	0	0	0	
350436	Caudate_L	3560	344	14798	6886	1690	244	4300	3492	242	0	2836	1262	3054	1770	928	492	0	96	16374	7938	7596	5980	1548	1080	1536	858	3230	434	8932	544	9892	4642	194	5068	0	0	192	0	0	0	338	0	0	0	0	0	0	0	0	0	0	0	0	0	0	0	0	0	0	0	0	0	0	0	0	0	0	0	0	0	0	10296	23070	3418	4170	232	11296	190	0	0	0	0	176	0	0	0	0	0	0	0	0	0	0	0	0	0	0	0	0	0	0	0	0	0	0	0	0	0	0	0	0	0	0	0	0	0	
491428	Caudate_R	1322	17604	1718	38626	0	11838	592	5230	0	486	0	544	218	6924	148	4468	0	0	4190	21848	4156	8640	770	6220	0	6488	198	4940	944	4966	4016	16344	0	728	0	0	220	348	0	100	0	144	0	0	0	0	0	0	0	0	0	0	0	0	0	0	400	776	0	0	0	0	0	552	0	0	0	0	1054	538	10296	0	5006	25342	1060	2890	298	22524	0	0	0	0	0	0	0	0	0	0	0	0	0	0	0	0	0	0	0	0	0	0	0	0	0	0	0	0	0	0	0	0	0	0	0	0	0	0	
461580	Putamen_L	5516	100	38556	1766	9712	96	8590	272	1506	0	2154	0	4104	202	4628	172	972	0	25224	2840	4718	4000	3146	896	922	480	2384	380	27388	108	7928	3246	122	1684	0	0	9026	0	3430	0	786	0	0	0	0	0	120	0	0	0	0	0	0	0	2818	0	322	0	0	0	0	0	0	0	0	0	0	0	0	0	23070	5006	0	2078	9670	0	3308	0	0	0	2552	0	2192	0	274	0	0	0	2326	0	0	0	0	0	0	0	0	0	0	0	0	0	0	0	0	0	0	0	0	0	0	0	0	0	0	0	
366092	Putamen_R	198	3360	530	30982	0	11956	152	4410	0	512	0	4218	0	2936	0	3756	0	1478	482	8572	1206	2704	700	5970	0	4412	114	3746	350	18286	2542	12642	0	638	164	214	224	8468	126	3846	0	970	0	0	0	0	0	0	0	0	0	0	0	136	0	2560	150	378	0	0	0	0	0	0	0	0	0	0	0	0	3418	25342	2078	0	530	4980	0	1750	0	234	0	222	0	118	0	0	0	0	0	286	0	0	0	0	0	0	0	0	0	0	0	0	0	0	0	0	0	0	0	0	0	0	0	0	0	0	
71848	Pallidum_L	1766	0	6688	0	566	0	1042	0	0	0	0	0	0	0	0	0	0	0	5016	288	676	960	234	0	0	0	0	0	376	0	228	134	0	0	0	0	652	0	244	0	0	0	0	0	0	0	0	0	0	0	0	0	0	0	0	0	0	0	0	0	0	0	0	0	0	0	0	0	0	0	4170	1060	9670	530	0	0	1624	0	0	0	0	0	0	0	0	0	0	0	0	0	0	0	0	0	0	0	0	0	0	0	0	0	0	0	0	0	0	0	0	0	0	0	0	0	0	0	
39468	Pallidum_R	0	138	0	4672	0	0	0	102	0	0	0	152	0	0	0	0	0	0	0	3576	0	0	0	0	0	0	0	0	0	284	0	154	0	0	0	0	0	1148	0	934	0	0	0	0	0	0	0	0	0	0	0	0	0	0	0	472	0	0	0	0	0	0	0	0	0	0	0	0	0	0	232	2890	0	4980	0	0	0	0	0	0	0	0	0	0	0	0	0	0	0	0	0	0	0	0	0	0	0	0	0	0	0	0	0	0	0	0	0	0	0	0	0	0	0	0	0	0	
128860	Thalamus_L	12616	1346	9142	824	0	0	506	0	0	0	0	0	0	0	0	0	538	0	5134	330	0	0	0	0	0	0	0	0	3106	0	0	0	0	0	228	188	4712	214	2578	110	154	0	0	0	0	0	490	0	0	0	0	0	0	0	680	104	0	0	0	0	0	0	0	0	0	0	0	0	218	0	11296	298	3308	0	1624	0	0	2922	0	0	486	0	172	0	160	0	0	0	946	0	0	0	0	0	0	0	0	0	0	0	0	0	0	0	0	0	0	0	0	0	0	0	0	0	0	0	
231540	Thalamus_R	838	26122	0	23430	0	0	0	528	0	0	0	346	0	748	0	186	126	434	1360	5568	0	0	0	0	0	0	0	0	254	1534	0	0	0	0	2582	2822	2704	5678	2006	1796	0	0	0	0	0	0	316	540	0	0	0	0	0	0	398	1374	0	472	0	0	0	0	0	460	0	0	0	166	1526	1012	190	22524	0	1750	0	0	2922	0	0	0	198	0	0	0	104	0	0	0	510	0	0	692	0	0	0	0	0	834	0	720	0	0	0	0	0	0	0	0	0	0	0	0	0	0	0	0	
159300	Heschl_L	11826	0	4182	0	0	0	3182	0	0	0	1600	0	0	0	0	0	6592	0	1462	0	0	0	0	0	0	0	0	0	14664	0	0	0	0	0	524	0	1872	0	0	0	0	0	232	0	0	0	468	0	0	0	586	0	1186	0	1414	0	5652	0	0	0	446	0	352	0	0	0	296	0	360	0	0	0	0	0	0	0	0	0	0	0	9866	0	0	0	8974	0	0	0	3646	0	126	0	0	0	0	0	0	0	142	0	0	0	0	0	0	0	0	0	0	0	0	0	0	0	0	0	
41612	Heschl_R	0	474	0	608	0	0	0	312	0	0	0	150	0	0	0	0	0	4598	0	250	0	0	0	0	0	0	0	0	0	2610	0	0	0	0	0	0	0	478	0	204	0	0	0	0	0	0	0	0	0	0	0	0	0	334	0	418	0	362	0	0	0	0	0	600	0	0	0	0	0	0	0	0	0	234	0	0	0	0	0	0	0	5742	0	332	0	852	0	0	0	2248	0	0	0	0	0	0	0	0	0	0	0	0	0	0	0	0	0	0	0	0	0	0	0	0	0	0	
250916	Temporal_Sup_L	5184	0	6356	0	0	0	1118	0	0	0	3556	0	0	0	0	0	12884	0	4364	0	0	0	0	0	0	0	0	0	10722	0	0	0	0	0	436	0	2868	0	1140	0	200	0	0	0	0	0	196	0	0	0	0	0	0	0	2528	0	6132	0	0	0	2684	0	5938	0	1752	0	202	0	758	0	0	0	2552	0	0	0	486	198	9866	0	0	0	4394	0	26120	0	0	0	12548	0	138	0	0	0	0	0	0	0	138	0	0	0	0	0	0	0	0	0	0	0	0	0	0	0	0	0	
117232	Temporal_Sup_R	0	1724	0	482	0	0	0	106	0	0	0	146	0	0	0	102	0	5170	0	304	0	0	0	0	0	0	0	0	0	3192	0	0	0	630	0	0	0	880	0	346	0	0	0	0	0	120	0	0	0	0	0	0	0	446	0	2204	0	1330	0	0	0	202	0	4292	0	2032	0	734	0	1512	0	0	0	222	0	0	0	0	0	5742	0	0	0	3102	0	12372	0	452	0	10772	0	0	0	0	0	0	0	0	0	0	0	0	0	0	0	0	0	0	0	0	0	0	0	0	0	0	
106256	Temporal_Pole_Sup_L	170	0	1824	0	360	0	488	0	240	0	1836	0	1118	0	2328	0	1834	0	1358	0	680	0	0	0	0	0	0	0	7772	0	0	0	0	0	0	0	2966	0	1410	0	2154	0	0	0	0	0	0	0	0	0	0	0	0	0	1618	0	0	0	0	0	0	0	0	0	0	0	0	0	0	0	176	0	2192	0	0	0	172	0	0	0	4394	0	0	0	7144	0	4208	0	6686	0	0	0	0	0	0	0	0	0	0	0	0	0	0	0	0	0	0	0	0	0	0	0	0	0	0	0	
54572	Temporal_Pole_Sup_R	0	0	0	0	0	0	0	0	0	0	0	0	0	0	0	318	0	684	0	0	0	330	0	0	0	0	0	0	0	1014	0	0	0	0	0	0	0	504	0	2300	0	1552	0	0	0	0	0	0	0	0	0	0	0	0	0	4068	0	0	0	0	0	0	0	0	0	0	0	0	0	0	0	0	0	118	0	0	0	0	0	332	0	3102	0	0	0	3444	0	4700	0	4820	0	0	0	0	0	0	0	0	0	0	0	0	0	0	0	0	0	0	0	0	0	0	0	0	0	0	
321564	Temporal_Mid_L	1850	0	234	0	0	0	0	0	0	0	0	0	0	0	0	0	1570	0	188	0	0	0	0	0	0	0	0	0	3202	0	0	0	1088	0	1072	0	798	0	454	0	0	0	1814	0	876	0	178	0	3532	0	15810	0	3620	0	1028	0	3420	0	2856	0	7636	0	7424	0	11214	0	4052	0	3670	0	0	0	274	0	0	0	160	104	8974	0	26120	0	7144	0	0	0	3922	0	36498	0	0	0	0	0	0	0	0	0	0	0	0	0	0	0	0	0	0	0	0	0	0	0	0	0	0	0	
262412	Temporal_Mid_R	0	876	0	266	0	0	0	0	0	0	0	0	0	0	0	146	0	724	0	536	0	0	0	0	0	0	0	0	0	1260	0	0	0	2178	0	1066	0	756	0	0	0	0	0	3946	0	3058	0	926	0	2460	0	12366	0	2598	0	1560	0	2640	0	5216	0	6432	0	5694	0	12814	330	10468	328	4584	0	0	0	0	0	0	0	0	0	852	0	12372	0	3444	0	0	0	1446	0	29864	0	0	0	0	0	0	0	0	0	0	0	0	0	0	0	0	0	0	0	0	0	0	0	0	0	0	
29072	Temporal_Pole_Mid_L	0	0	0	0	0	0	0	0	0	0	0	0	0	0	0	0	0	0	0	0	0	0	0	0	0	0	0	0	124	0	0	0	0	0	0	0	272	0	752	0	220	0	0	0	0	0	0	0	0	0	0	0	0	0	968	0	0	0	0	0	0	0	0	0	0	0	0	0	0	0	0	0	0	0	0	0	0	0	0	0	0	0	4208	0	3922	0	0	0	4070	0	0	0	0	0	0	0	0	0	0	0	0	0	0	0	0	0	0	0	0	0	0	0	0	0	0	0	
25440	Temporal_Pole_Mid_R	0	0	0	0	0	0	0	0	0	0	0	0	0	0	0	0	0	0	0	0	0	0	0	0	0	0	0	0	0	0	0	0	0	0	0	0	0	0	0	1736	0	368	0	0	0	0	0	0	0	0	0	0	0	0	0	2394	0	0	0	0	0	0	0	0	0	0	0	0	0	0	0	0	0	0	0	0	0	0	0	0	0	452	0	4700	0	1446	0	0	0	1624	0	0	0	0	0	0	0	0	0	0	0	0	0	0	0	0	0	0	0	0	0	0	0	0	0	0	
293008	Temporal_Inf_L	1516	144	1182	0	0	0	0	0	0	0	0	0	0	0	0	0	760	0	1120	0	0	0	0	0	0	0	0	0	7082	0	0	0	314	0	1180	246	10812	240	4716	122	966	0	1112	0	0	0	1884	0	124	0	1982	0	4604	0	18682	116	1436	0	224	0	2242	0	2018	0	2142	0	1708	0	1358	0	0	0	2326	0	0	0	946	510	3646	0	12548	0	6686	0	36498	0	4070	0	0	0	4620	0	1786	0	0	0	508	0	1314	0	524	0	490	0	0	0	0	0	0	0	0	0	0	0	0	0	
326652	Temporal_Inf_R	0	5988	0	1220	0	0	0	120	0	0	0	166	0	0	0	230	0	848	196	1878	0	0	0	0	0	0	0	0	0	2986	0	0	104	1732	0	5704	0	5784	0	780	0	108	0	5314	0	2368	0	2150	0	834	0	2726	0	18368	0	11898	0	4702	0	4474	0	2910	0	1308	0	3258	580	14286	332	6086	0	0	0	286	0	0	0	0	0	2248	0	10772	0	4820	0	29864	0	1624	0	0	0	2822	0	168	0	0	0	0	0	694	0	0	0	590	0	0	0	0	0	0	0	0	0	0	0	0	
575124	Cerebelum_Crus1_L	0	0	0	0	0	0	0	0	0	0	0	0	0	0	0	0	0	0	0	0	0	0	0	0	0	0	0	0	186	0	0	0	0	0	314	0	476	0	1006	0	0	0	116	146	0	0	8764	6282	0	0	0	0	854	504	27190	1608	0	0	0	0	0	0	0	0	0	0	0	0	0	0	0	0	0	0	0	0	0	0	126	0	138	0	0	0	0	0	0	0	4620	0	0	6724	42784	3402	2942	2012	36840	2532	66964	10722	10954	836	13722	946	1520	388	0	0	614	2744	7710	11556	6930	1190	728	472	
510184	Cerebelum_Crus1_R	0	192	0	98	0	0	0	0	0	0	0	0	0	0	0	0	0	0	0	0	0	0	0	0	0	0	0	0	0	194	0	0	0	0	218	510	216	3254	206	3520	0	170	0	506	0	0	1004	7388	0	136	0	148	0	706	304	18050	0	0	0	0	0	0	0	0	0	0	0	570	0	0	0	0	0	0	0	0	0	692	0	0	0	0	0	0	0	0	0	0	0	2822	6724	0	4664	28342	478	8412	5022	30580	6278	62808	368	2590	394	19114	640	1460	0	608	364	5146	13706	7736	7264	824	548	118	
455732	Cerebelum_Crus2_L	0	0	0	0	0	0	0	0	0	0	0	0	0	0	0	0	0	0	0	0	0	0	0	0	0	0	0	0	0	0	0	0	0	0	0	0	0	0	204	0	0	0	0	0	0	0	940	1980	0	0	0	0	0	148	4788	502	0	0	0	0	0	0	0	0	0	0	0	0	0	0	0	0	0	0	0	0	0	0	0	0	0	0	0	0	0	0	0	0	1786	0	42784	4664	0	7666	1840	1576	11244	610	19310	4518	43746	3994	40736	3018	5976	420	208	0	362	2098	2818	5378	9826	3796	596	334	
307568	Cerebelum_Crus2_R	0	0	0	0	0	0	0	0	0	0	0	0	0	0	0	0	0	0	0	0	0	0	0	0	0	0	0	0	0	0	0	0	0	0	0	0	0	0	0	0	0	0	0	0	0	0	222	870	0	0	0	0	0	0	0	980	0	0	0	0	0	0	0	0	0	0	0	0	0	0	0	0	0	0	0	0	0	0	0	0	0	0	0	0	0	0	0	0	0	168	3402	28342	7666	0	222	2308	1120	2536	2042	12036	2710	20470	2092	35196	462	4142	0	1444	432	2446	926	4514	10654	4264	1720	398	
63936	Cerebelum_3_L	0	0	0	0	0	0	0	0	0	0	0	0	0	0	0	0	0	0	0	0	0	0	0	0	0	0	0	0	0	0	0	0	0	0	0	0	158	0	518	0	0	0	0	0	0	0	192	0	0	0	0	0	0	0	354	0	0	0	0	0	0	0	0	0	0	0	0	0	0	0	0	0	0	0	0	0	0	0	0	0	0	0	0	0	0	0	0	0	0	0	2942	478	1840	222	0	536	9252	312	2384	566	904	258	2280	376	2030	124	0	0	814	3262	816	134	404	556	256	0	
143948	Cerebelum_3_R	0	0	0	0	0	0	0	0	0	0	0	0	0	0	0	0	0	0	0	0	0	0	0	0	0	0	0	0	0	0	0	0	0	0	0	0	0	750	0	786	0	594	0	0	0	0	0	144	0	0	0	0	0	0	0	340	0	0	0	0	0	0	0	0	0	0	0	0	0	0	0	0	0	0	0	0	0	0	0	0	0	0	0	0	0	0	0	0	0	0	2012	8412	1576	2308	536	0	3282	7652	1852	10610	688	1344	1230	2830	836	1922	0	0	1138	11300	3588	1456	1884	1628	1276	0	
415032	Cerebelum_4_5_L	0	0	0	0	0	0	0	0	0	0	0	0	0	0	0	0	0	0	0	0	0	0	0	0	0	0	0	0	144	0	0	0	0	0	0	0	886	0	2242	0	0	0	282	0	0	0	9054	3100	0	0	228	0	298	368	12046	1278	0	0	0	0	0	0	0	0	0	0	206	0	0	0	0	0	0	0	0	0	0	0	0	0	0	0	0	0	0	0	0	0	508	0	36840	5022	11244	1120	9252	3282	0	3762	41980	7898	3414	718	6708	1306	6248	1024	0	0	828	5148	16516	6450	2094	2422	1896	1704	
335784	Cerebelum_4_5_R	0	200	0	130	0	0	0	0	0	0	0	0	0	0	0	0	0	0	0	0	0	0	0	0	0	0	0	0	0	0	0	0	0	0	258	696	258	4122	246	5908	0	212	0	134	0	0	1344	12424	0	0	0	0	0	2124	596	15666	0	0	0	0	0	0	0	0	0	0	0	1050	0	0	0	0	0	0	0	0	0	834	0	0	0	0	0	0	0	0	0	0	0	0	2532	30580	610	2536	312	7652	3762	0	3904	40230	180	328	330	4128	562	466	0	134	146	3152	17092	2450	170	176	148	110	
564092	Cerebelum_6_L	0	0	0	0	0	0	0	0	0	0	0	0	0	0	0	0	0	0	0	0	0	0	0	0	0	0	0	0	216	0	0	0	0	0	378	0	480	0	1094	0	0	0	1014	222	0	0	17186	10378	190	0	618	130	2086	1012	30938	3000	0	0	0	0	0	0	0	0	0	0	466	0	0	0	0	0	0	0	0	0	0	0	142	0	138	0	0	0	0	0	0	0	1314	0	66964	6278	19310	2042	2384	1852	41980	3904	0	14682	4228	172	6228	492	2082	414	0	0	478	2276	11598	17184	4048	1132	802	514	
589616	Cerebelum_6_R	0	190	0	0	0	0	0	0	0	0	0	0	0	0	0	0	0	0	0	0	0	0	0	0	0	0	0	0	0	0	0	0	0	0	226	520	226	2706	214	3638	0	192	172	310	0	0	3960	18382	0	0	0	174	0	4388	1602	23958	0	0	0	0	0	0	0	0	0	0	0	572	0	0	0	0	0	0	0	0	0	720	0	0	0	0	0	0	0	0	0	0	0	694	10722	62808	4518	12036	566	10610	7898	40230	14682	0	306	1746	546	11284	1048	994	0	1214	430	6258	20290	16710	5578	688	532	270	
278980	Cerebelum_7b_L	0	0	0	0	0	0	0	0	0	0	0	0	0	0	0	0	0	0	0	0	0	0	0	0	0	0	0	0	0	0	0	0	0	0	0	0	0	0	0	0	0	0	0	0	0	0	0	0	0	0	0	0	0	0	880	0	0	0	0	0	0	0	0	0	0	0	0	0	0	0	0	0	0	0	0	0	0	0	0	0	0	0	0	0	0	0	0	0	524	0	10954	368	43746	2710	904	688	3414	180	4228	306	0	3846	42992	4320	6872	276	390	0	0	816	738	276	3706	5850	368	138	
180856	Cerebelum_7b_R	0	0	0	0	0	0	0	0	0	0	0	0	0	0	0	0	0	0	0	0	0	0	0	0	0	0	0	0	0	0	0	0	0	0	0	0	0	0	0	0	0	0	0	0	0	0	0	0	0	0	0	0	0	0	0	108	0	0	0	0	0	0	0	0	0	0	0	0	0	0	0	0	0	0	0	0	0	0	0	0	0	0	0	0	0	0	0	0	0	0	836	2590	3994	20470	258	1344	718	328	172	1746	3846	0	3844	25618	496	6258	0	978	284	1574	460	1146	4954	6292	1700	414	
342564	Cerebelum_8_L	0	0	0	0	0	0	0	0	0	0	0	0	0	0	0	0	0	0	0	0	0	0	0	0	0	0	0	0	0	0	0	0	0	0	0	0	0	0	0	0	0	0	0	0	0	0	0	0	0	0	0	0	0	0	1344	0	0	0	0	0	0	0	0	0	0	0	0	0	0	0	0	0	0	0	0	0	0	0	0	0	0	0	0	0	0	0	0	0	490	0	13722	394	40736	2092	2280	1230	6708	330	6228	546	42992	3844	0	6322	16402	1940	2208	176	272	1850	1420	406	3628	10002	3038	682	
317392	Cerebelum_8_R	0	0	0	0	0	0	0	0	0	0	0	0	0	0	0	0	0	0	0	0	0	0	0	0	0	0	0	0	0	0	0	0	0	0	0	0	0	174	0	214	0	110	0	0	0	0	0	0	0	0	0	0	0	0	0	982	0	0	0	0	0	0	0	0	0	0	0	0	0	0	0	0	0	0	0	0	0	0	0	0	0	0	0	0	0	0	0	0	0	590	946	19114	3018	35196	376	2830	1306	4128	492	11284	4320	25618	6322	0	1166	16082	164	3410	418	2594	1016	792	3370	8806	3150	708	
132856	Cerebelum_9_L	0	0	0	0	0	0	0	0	0	0	0	0	0	0	0	0	0	0	0	0	0	0	0	0	0	0	0	0	0	0	0	0	0	0	0	0	0	0	0	0	0	0	0	0	0	0	0	270	0	0	0	0	0	0	124	0	0	0	0	0	0	0	0	0	0	0	0	0	0	0	0	0	0	0	0	0	0	0	0	0	0	0	0	0	0	0	0	0	0	0	1520	640	5976	462	2030	836	6248	562	2082	1048	6872	496	16402	1166	0	1320	4334	0	378	1546	2956	1304	1526	2854	2416	1060	
131308	Cerebelum_9_R	0	0	0	0	0	0	0	0	0	0	0	0	0	0	0	0	0	0	0	0	0	0	0	0	0	0	0	0	0	0	0	0	0	0	0	0	0	0	0	0	0	0	0	0	0	0	0	0	0	0	0	0	0	0	0	0	0	0	0	0	0	0	0	0	0	0	0	0	0	0	0	0	0	0	0	0	0	0	0	0	0	0	0	0	0	0	0	0	0	0	388	1460	420	4142	124	1922	1024	466	414	994	276	6258	1940	16082	1320	0	186	2856	1218	2710	1360	1974	1654	6700	7082	2684	
14980	Cerebelum_10_L	0	0	0	0	0	0	0	0	0	0	0	0	0	0	0	0	0	0	0	0	0	0	0	0	0	0	0	0	0	0	0	0	0	0	0	0	0	0	0	0	0	0	0	0	0	0	0	0	0	0	0	0	0	0	0	0	0	0	0	0	0	0	0	0	0	0	0	0	0	0	0	0	0	0	0	0	0	0	0	0	0	0	0	0	0	0	0	0	0	0	0	0	208	0	0	0	0	0	0	0	390	0	2208	164	4334	186	0	0	0	0	0	0	0	0	0	0	
23604	Cerebelum_10_R	0	0	0	0	0	0	0	0	0	0	0	0	0	0	0	0	0	0	0	0	0	0	0	0	0	0	0	0	0	0	0	0	0	0	0	0	0	0	0	0	0	0	0	0	0	0	0	0	0	0	0	0	0	0	0	0	0	0	0	0	0	0	0	0	0	0	0	0	0	0	0	0	0	0	0	0	0	0	0	0	0	0	0	0	0	0	0	0	0	0	0	608	0	1444	0	0	0	134	0	1214	0	978	176	3410	0	2856	0	0	0	0	0	0	0	486	496	0	
41244	Vermis_1_2	0	0	0	0	0	0	0	0	0	0	0	0	0	0	0	0	0	0	0	0	0	0	0	0	0	0	0	0	0	0	0	0	0	0	0	0	0	0	0	0	0	0	0	0	0	0	0	0	0	0	0	0	0	0	0	0	0	0	0	0	0	0	0	0	0	0	0	0	0	0	0	0	0	0	0	0	0	0	0	0	0	0	0	0	0	0	0	0	0	0	614	364	362	432	814	1138	828	146	478	430	0	284	272	418	378	1218	0	0	0	7174	1180	844	504	1142	1236	366	
157432	Vermis_3	0	0	0	0	0	0	0	0	0	0	0	0	0	0	0	0	0	0	0	0	0	0	0	0	0	0	0	0	0	0	0	0	0	0	0	0	0	204	156	168	0	104	0	0	0	0	0	126	0	0	0	0	0	0	0	180	0	0	0	0	0	0	0	0	0	0	0	0	0	0	0	0	0	0	0	0	0	0	0	0	0	0	0	0	0	0	0	0	0	0	2744	5146	2098	2446	3262	11300	5148	3152	2276	6258	816	1574	1850	2594	1546	2710	0	0	7174	0	4976	2454	2600	2768	2458	428	
305068	Vermis_4_5	0	0	0	0	0	0	0	0	0	0	0	0	0	0	0	0	0	0	0	0	0	0	0	0	0	0	0	0	0	0	0	0	0	0	0	904	0	1168	0	990	0	0	176	116	0	0	2212	9838	0	0	156	100	206	1932	892	6486	0	0	0	0	0	0	0	0	0	0	0	1430	0	0	0	0	0	0	0	0	0	0	0	0	0	0	0	0	0	0	0	0	0	0	7710	13706	2818	926	816	3588	16516	17092	11598	20290	738	460	1420	1016	2956	1360	0	0	1180	4976	0	8526	1762	2276	2212	1986	
