data	data	567952	243456	1.32812e+06	848232	168336	100456	802812	299304	73460	31848	327640	210004	388700	145152	210440	67300	223764	189508	944056	922808	72644	100600	364500	550888	37916	96928	45644	53668	544696	321536	457960	552928	192304	687308	96004	166072	290252	238216	61380	107680	27528	48028	163436	175964	131192	135952	156480	172960	66416	179792	343032	152984	172588	42584	301416	269484	270376	129300	130804	114120	252420	142524	152704	89048	173476	181548	201468	299012	149752	167592	359504	461272	432724	380604	100352	48904	148580	136944	115028	18252	216704	70132	87072	90300	310608	151168	26000	24872	194760	158856	393580	322120	290408	192096	25844	37416	233392	188168	303364	311640	228080	114780	246344	166212	94332	79152	14708	2752	12932	41700	228164	135424	167496	104848	67232	49852	
data	data	Precentral_L	Precentral_R	Frontal_Sup_L	Frontal_Sup_R	Frontal_Sup_Orb_L	Frontal_Sup_Orb_R	Frontal_Mid_L	Frontal_Mid_R	Frontal_Mid_Orb_L	Frontal_Mid_Orb_R	Frontal_Inf_Oper_L	Frontal_Inf_Oper_R	Frontal_Inf_Tri_L	Frontal_Inf_Tri_R	Frontal_Inf_Orb_L	Frontal_Inf_Orb_R	Rolandic_Oper_L	Rolandic_Oper_R	Supp_Motor_Area_L	Supp_Motor_Area_R	Olfactory_L	Olfactory_R	Frontal_Sup_Medial_L	Frontal_Sup_Medial_R	Frontal_Med_Orb_L	Frontal_Med_Orb_R	Rectus_L	Rectus_R	Insula_L	Insula_R	Cingulum_Ant_L	Cingulum_Ant_R	Cingulum_Mid_L	Cingulum_Mid_R	Cingulum_Post_L	Cingulum_Post_R	Hippocampus_L	Hippocampus_R	ParaHippocampal_L	ParaHippocampal_R	Amygdala_L	Amygdala_R	Calcarine_L	Calcarine_R	Cuneus_L	Cuneus_R	Lingual_L	Lingual_R	Occipital_Sup_L	Occipital_Sup_R	Occipital_Mid_L	Occipital_Mid_R	Occipital_Inf_L	Occipital_Inf_R	Fusiform_L	Fusiform_R	Postcentral_L	Postcentral_R	Parietal_Sup_L	Parietal_Sup_R	Parietal_Inf_L	Parietal_Inf_R	SupraMarginal_L	SupraMarginal_R	Angular_L	Angular_R	Precuneus_L	Precuneus_R	Paracentral_Lobule_L	Paracentral_Lobule_R	Caudate_L	Caudate_R	Putamen_L	Putamen_R	Pallidum_L	Pallidum_R	Thalamus_L	Thalamus_R	Heschl_L	Heschl_R	Temporal_Sup_L	Temporal_Sup_R	Temporal_Pole_Sup_L	Temporal_Pole_Sup_R	Temporal_Mid_L	Temporal_Mid_R	Temporal_Pole_Mid_L	Temporal_Pole_Mid_R	Temporal_Inf_L	Temporal_Inf_R	Cerebelum_Crus1_L	Cerebelum_Crus1_R	Cerebelum_Crus2_L	Cerebelum_Crus2_R	Cerebelum_3_L	Cerebelum_3_R	Cerebelum_4_5_L	Cerebelum_4_5_R	Cerebelum_6_L	Cerebelum_6_R	Cerebelum_7b_L	Cerebelum_7b_R	Cerebelum_8_L	Cerebelum_8_R	Cerebelum_9_L	Cerebelum_9_R	Cerebelum_10_L	Cerebelum_10_R	Vermis_1_2	Vermis_3	Vermis_4_5	Vermis_6	Vermis_7	Vermis_8	Vermis_9	Vermis_10	
567952	Precentral_L	0	702	29552	2270	172	0	35486	0	0	0	17516	0	8854	0	186	0	9362	0	13698	7612	0	0	0	0	0	0	0	0	18092	0	0	0	2094	1790	3696	396	13860	0	1122	0	0	0	634	0	418	0	540	0	0	0	3738	0	2916	0	2494	0	26642	0	1356	0	6872	0	1768	0	1494	0	1074	0	15434	1080	4582	130	14002	0	4200	0	14582	1016	6856	0	2512	0	0	0	2818	0	0	0	358	0	0	0	0	0	0	0	0	0	0	0	0	0	0	0	0	0	0	0	0	0	0	0	0	0	0	0	
243456	Precentral_R	702	0	1260	15638	0	0	296	11962	0	0	0	6178	586	0	378	0	0	1748	1216	7748	0	0	0	0	0	0	0	0	536	4024	0	146	0	710	0	530	0	8014	0	540	0	0	0	126	0	0	0	0	0	280	0	0	0	0	0	592	0	15632	0	0	0	212	0	2300	0	0	0	1730	1500	6222	2358	10222	0	2788	0	464	0	12644	0	140	0	312	0	768	0	604	0	0	0	622	0	0	0	0	0	0	0	0	0	0	0	0	0	0	0	0	0	0	0	0	0	0	0	0	0	0	
1.32812e+06	Frontal_Sup_L	29552	1260	0	11910	10356	0	113984	3434	2394	0	21918	1458	25532	458	9730	0	5438	1272	118102	29734	216	0	51484	15032	1090	380	0	0	30962	996	30030	8888	9176	16214	638	126	7234	336	226	0	0	0	0	0	0	0	150	0	0	0	0	0	0	0	0	0	2080	300	0	0	278	0	128	0	0	0	0	0	2030	0	27300	6878	32884	840	8342	0	20030	650	226	0	1722	0	660	0	0	0	0	0	0	0	0	0	0	0	0	0	0	0	0	0	0	0	0	0	0	0	0	0	0	0	0	0	0	0	0	0	
848232	Frontal_Sup_R	2270	15638	11910	0	0	3340	1148	35758	0	0	214	9492	600	7562	394	318	0	9984	17826	56936	0	0	10436	55472	0	3466	0	500	764	14170	17350	42686	2026	35630	0	0	0	7466	0	1290	0	0	0	0	0	0	0	0	0	0	0	0	0	0	0	1070	0	624	0	0	0	0	0	0	0	0	0	276	886	0	1398	19490	174	20700	0	3832	0	10060	0	0	0	0	0	960	0	0	0	0	0	0	0	0	0	0	0	0	0	0	0	0	0	0	0	0	0	0	0	0	0	0	0	0	0	0	0	0	
168336	Frontal_Sup_Orb_L	172	0	10356	0	0	0	1666	0	9912	0	126	0	1526	0	13582	0	0	0	530	0	2290	778	2886	0	3012	0	6826	0	7692	0	4450	296	0	0	0	0	124	0	0	0	0	0	0	0	0	0	0	0	0	0	0	0	0	0	0	0	0	0	0	0	0	0	0	0	0	0	0	0	0	0	3306	760	12744	336	0	0	0	0	0	0	0	0	798	0	0	0	0	0	0	0	0	0	0	0	0	0	0	0	0	0	0	0	0	0	0	0	0	0	0	0	0	0	0	0	0	0	
100456	Frontal_Sup_Orb_R	0	0	0	3340	0	0	0	1052	0	6386	0	0	0	628	0	5482	0	0	302	764	156	1786	0	3728	592	9462	0	7062	0	468	0	1316	0	0	0	0	0	0	0	0	0	200	0	0	0	0	0	0	0	0	0	0	0	0	0	0	0	0	0	0	0	0	0	0	0	0	0	0	0	0	134	2536	0	4834	0	0	0	0	0	0	0	0	0	0	0	0	0	0	0	0	0	0	0	0	0	0	0	0	0	0	0	0	0	0	0	0	0	0	0	0	0	0	0	0	0	0	
802812	Frontal_Mid_L	35486	296	113984	1148	1666	0	0	164	3662	0	29894	0	53184	0	8442	0	4184	0	32766	1640	0	0	14012	1652	0	0	0	0	28256	0	8640	650	2860	952	0	0	10106	0	200	0	0	0	0	0	0	0	0	0	0	0	0	0	0	0	0	0	1078	0	0	0	130	0	0	0	0	0	0	0	0	0	8750	934	21306	0	4736	0	7932	0	1342	0	892	0	462	0	0	0	0	0	0	0	0	0	0	0	0	0	0	0	0	0	0	0	0	0	0	0	0	0	0	0	0	0	0	0	0	0	
299304	Frontal_Mid_R	0	11962	3434	35758	0	1052	164	0	0	1374	0	12144	366	16220	258	3326	0	7726	4842	4966	0	0	392	3854	0	286	0	0	428	13766	514	2824	274	3906	0	0	0	2110	0	434	0	0	0	0	0	0	0	0	0	0	0	0	0	0	0	458	0	618	0	0	0	0	0	0	0	0	0	192	0	0	3126	3628	0	4898	0	458	0	1940	0	0	0	0	0	1954	0	0	0	0	0	0	0	0	0	0	0	0	0	0	0	0	0	0	0	0	0	0	0	0	0	0	0	0	0	0	0	0	
73460	Frontal_Mid_Orb_L	0	0	2394	0	9912	0	3662	0	0	0	0	0	3000	0	13090	0	0	0	342	0	0	0	0	0	0	0	2498	0	682	0	0	0	0	0	0	0	0	0	0	0	0	0	0	0	0	0	0	0	0	0	0	0	0	0	0	0	0	0	0	0	0	0	0	0	0	0	0	0	0	0	148	0	458	0	0	0	0	0	0	0	0	0	544	0	0	0	0	0	0	0	0	0	0	0	0	0	0	0	0	0	0	0	0	0	0	0	0	0	0	0	0	0	0	0	0	0	
31848	Frontal_Mid_Orb_R	0	0	0	0	0	6386	0	1374	0	0	0	0	0	766	0	6254	0	0	0	0	0	0	0	0	0	0	0	364	0	448	0	0	0	0	0	0	0	0	0	0	0	0	0	0	0	0	0	0	0	0	0	0	0	0	0	0	0	0	0	0	0	0	0	0	0	0	0	0	0	0	0	0	0	332	0	0	0	0	0	0	0	0	0	0	0	0	0	0	0	0	0	0	0	0	0	0	0	0	0	0	0	0	0	0	0	0	0	0	0	0	0	0	0	0	0	0	
327640	Frontal_Inf_Oper_L	17516	0	21918	214	126	0	29894	0	0	0	0	0	28038	0	888	0	9206	0	14750	494	0	0	178	0	0	0	0	0	20232	0	254	0	0	0	0	0	3126	0	0	0	0	0	0	0	0	0	0	0	0	0	0	0	0	0	0	0	2952	0	0	0	0	0	0	0	0	0	0	0	0	0	3098	186	4468	0	770	0	280	0	1880	0	2124	0	1228	0	0	0	0	0	0	0	0	0	0	0	0	0	0	0	0	0	0	0	0	0	0	0	0	0	0	0	0	0	0	0	0	0	
210004	Frontal_Inf_Oper_R	0	6178	1458	9492	0	0	0	12144	0	0	0	0	176	10260	120	422	0	7572	5166	8374	0	0	0	3390	0	0	0	0	218	14296	1176	3734	0	5084	0	0	0	988	0	232	0	0	0	0	0	0	0	0	0	0	0	0	0	0	0	436	0	1658	0	0	0	0	0	0	0	0	0	490	0	0	446	2126	0	5904	0	462	0	0	0	0	0	0	0	3000	0	0	0	0	0	0	0	0	0	0	0	0	0	0	0	0	0	0	0	0	0	0	0	0	0	0	0	0	0	0	0	0	
388700	Frontal_Inf_Tri_L	8854	586	25532	600	1526	0	53184	366	3000	0	28038	176	0	174	15382	0	1716	0	7614	348	0	0	672	528	0	0	0	0	22500	0	3134	564	0	0	0	0	1754	0	0	0	0	0	0	0	0	0	0	0	0	0	0	0	0	0	0	0	1210	140	0	0	0	0	0	0	0	0	0	0	0	0	6504	1686	4968	0	222	0	870	0	752	0	180	0	1570	0	0	0	0	0	0	0	0	0	0	0	0	0	0	0	0	0	0	0	0	0	0	0	0	0	0	0	0	0	0	0	0	0	
145152	Frontal_Inf_Tri_R	0	0	458	7562	0	628	0	16220	0	766	0	10260	174	0	0	3082	0	286	2284	4620	0	0	346	3584	0	0	0	0	200	10274	768	3810	250	4764	0	0	0	0	0	0	0	0	0	0	0	0	0	0	0	0	0	0	0	0	0	0	0	0	0	0	0	0	0	0	0	0	0	0	0	0	382	1058	0	800	0	0	0	0	0	0	0	0	0	0	0	0	0	0	0	0	0	0	0	0	0	0	0	0	0	0	0	0	0	0	0	0	0	0	0	0	0	0	0	0	0	0	
210440	Frontal_Inf_Orb_L	186	378	9730	394	13582	0	8442	258	13090	0	888	120	15382	0	0	0	122	0	2732	150	2164	438	0	358	152	0	1670	0	15942	0	612	500	0	0	0	0	616	0	0	0	192	0	0	0	0	0	0	0	0	0	0	0	0	0	0	0	0	126	0	0	0	0	0	0	0	0	0	0	0	0	4546	1734	6092	168	0	0	202	0	0	0	0	0	4254	0	0	0	0	0	0	0	0	0	0	0	0	0	0	0	0	0	0	0	0	0	0	0	0	0	0	0	0	0	0	0	0	0	
67300	Frontal_Inf_Orb_R	0	0	0	318	0	5482	0	3326	0	6254	0	422	0	3082	0	0	0	278	1172	1264	0	1508	0	0	0	0	0	1522	0	5228	0	0	0	0	0	0	0	142	0	198	0	474	0	0	0	0	0	0	0	0	0	0	0	0	0	0	0	0	0	0	0	0	0	0	0	0	0	0	0	0	0	220	0	2392	0	0	0	0	0	0	0	0	0	368	0	0	0	0	0	0	0	0	0	0	0	0	0	0	0	0	0	0	0	0	0	0	0	0	0	0	0	0	0	0	0	0	
223764	Rolandic_Oper_L	9362	0	5438	0	0	0	4184	0	0	0	9206	0	1716	0	122	0	0	0	3766	0	0	0	0	0	0	0	0	0	15096	0	0	0	0	0	0	0	3036	0	0	0	0	0	0	0	146	0	0	0	0	0	4052	0	1200	0	816	0	10778	0	3014	0	3876	0	1942	0	3340	0	350	0	0	0	0	0	2716	0	2018	0	362	0	5424	0	11872	0	1164	0	6010	0	0	0	876	0	0	0	0	0	0	0	0	0	0	0	0	0	0	0	0	0	0	0	0	0	0	0	0	0	0	0	
189508	Rolandic_Oper_R	0	1748	1272	9984	0	0	0	7726	0	0	0	7572	0	286	0	278	0	0	3824	8212	0	0	0	918	0	0	0	0	0	21876	326	806	0	1732	0	0	0	1452	0	214	0	0	0	0	0	0	0	0	0	0	0	0	0	0	0	272	0	3954	0	0	0	0	0	1616	0	0	0	0	0	0	0	1848	0	6906	0	3380	0	440	0	2176	0	1212	0	4724	0	0	0	0	0	0	0	0	0	0	0	0	0	0	0	0	0	0	0	0	0	0	0	0	0	0	0	0	0	0	0	0	
944056	Supp_Motor_Area_L	13698	1216	118102	17826	530	302	32766	4842	342	0	14750	5166	7614	2284	2732	1172	3766	3824	0	64368	124	0	8536	9132	0	0	0	0	11524	4264	9868	13204	12756	33920	596	624	1348	822	0	138	0	0	0	0	0	146	0	0	0	230	0	200	0	0	0	404	1422	300	0	0	0	0	0	0	0	0	0	562	7648	342	18000	10282	15680	5876	4472	0	1800	170	126	0	1294	0	176	742	0	0	0	0	0	0	0	0	0	0	0	0	0	0	0	0	0	0	0	0	0	0	0	0	0	0	0	0	0	0	0	0	
922808	Supp_Motor_Area_R	7612	7748	29734	56936	0	764	1640	4966	0	0	494	8374	348	4620	150	1264	0	8212	64368	0	0	0	3202	16384	0	418	0	0	660	8850	5104	20126	7734	62280	780	11778	0	4278	0	1058	0	0	0	592	0	1084	0	184	0	3204	0	1764	0	448	0	1840	0	3764	0	326	0	284	0	400	0	656	480	10344	11996	19928	2500	27454	296	19542	0	4992	594	6844	0	0	0	144	0	1082	0	132	0	0	0	648	0	0	0	0	0	0	0	0	0	0	0	0	0	0	0	0	0	0	0	0	0	0	0	0	0	0	
72644	Olfactory_L	0	0	216	0	2290	156	0	0	0	0	0	0	0	0	2164	0	0	0	124	0	0	4344	0	0	432	284	1526	286	3596	0	2040	1326	0	0	0	0	1316	0	290	0	726	0	0	0	0	0	0	0	0	0	0	0	0	0	288	0	0	0	0	0	0	0	0	0	0	0	0	0	0	0	5732	4054	2936	1154	0	0	0	0	0	0	0	0	834	0	0	0	0	0	208	0	0	0	0	0	0	0	0	0	0	0	0	0	0	0	0	0	0	0	0	0	0	0	0	0	0	0	
100600	Olfactory_R	0	0	0	0	778	1786	0	0	0	0	0	0	0	0	438	1508	0	0	0	0	4344	0	0	152	0	2932	992	3580	0	1644	2126	3022	0	0	0	0	0	390	0	350	0	1544	0	0	0	0	0	0	0	0	0	0	0	0	0	0	0	0	0	0	0	0	0	0	0	0	0	0	0	0	6902	9218	4182	3380	726	0	0	0	0	0	0	0	0	306	0	0	0	0	0	0	0	0	0	0	0	0	0	0	0	0	0	0	0	0	0	0	0	0	0	0	0	0	0	0	0	0	
364500	Frontal_Sup_Medial_L	0	0	51484	10436	2886	0	14012	392	0	0	178	0	672	346	0	0	0	0	8536	3202	0	0	0	30092	1916	488	0	0	252	0	24980	8120	8854	11200	0	0	0	0	0	0	0	0	0	0	0	0	0	0	0	0	0	0	0	0	0	0	0	0	0	0	0	0	0	0	0	0	0	0	0	0	1222	342	2434	206	0	0	0	0	0	0	0	0	0	0	0	0	0	0	0	0	0	0	0	0	0	0	0	0	0	0	0	0	0	0	0	0	0	0	0	0	0	0	0	0	0	0	
550888	Frontal_Sup_Medial_R	0	0	15032	55472	0	3728	1652	3854	0	0	0	3390	528	3584	358	0	0	918	9132	16384	0	152	30092	0	260	5244	0	660	562	4572	20784	42878	4456	29936	0	0	0	192	0	0	0	0	0	0	0	0	0	0	0	0	0	0	0	0	0	0	0	0	0	0	0	0	0	0	0	0	0	0	0	0	1078	11594	0	8952	0	0	0	0	0	0	0	0	0	0	0	0	0	0	0	0	0	0	0	0	0	0	0	0	0	0	0	0	0	0	0	0	0	0	0	0	0	0	0	0	0	0	
37916	Frontal_Med_Orb_L	0	0	1090	0	3012	592	0	0	0	0	0	0	0	0	152	0	0	0	0	0	432	0	1916	260	0	1126	2072	0	0	0	4928	0	0	0	0	0	0	0	0	0	0	0	0	0	0	0	0	0	0	0	0	0	0	0	0	0	0	0	0	0	0	0	0	0	0	0	0	0	0	0	1838	0	1540	0	0	0	0	0	0	0	0	0	0	0	0	0	0	0	0	0	0	0	0	0	0	0	0	0	0	0	0	0	0	0	0	0	0	0	0	0	0	0	0	0	0	0	
96928	Frontal_Med_Orb_R	0	0	380	3466	0	9462	0	286	0	0	0	0	0	0	0	0	0	0	0	418	284	2932	488	5244	1126	0	0	6696	0	0	996	5282	0	0	0	0	0	0	0	0	0	0	0	0	0	0	0	0	0	0	0	0	0	0	0	0	0	0	0	0	0	0	0	0	0	0	0	0	0	0	0	5846	0	5558	0	0	0	0	0	0	0	0	0	0	0	0	0	0	0	0	0	0	0	0	0	0	0	0	0	0	0	0	0	0	0	0	0	0	0	0	0	0	0	0	0	0	
45644	Rectus_L	0	0	0	0	6826	0	0	0	2498	0	0	0	0	0	1670	0	0	0	0	0	1526	992	0	0	2072	0	0	0	132	0	1978	174	0	0	0	0	0	0	0	0	0	0	0	0	0	0	0	0	0	0	0	0	0	0	0	0	0	0	0	0	0	0	0	0	0	0	0	0	0	0	2838	962	774	380	0	0	0	0	0	0	0	0	0	0	0	0	0	0	0	0	0	0	0	0	0	0	0	0	0	0	0	0	0	0	0	0	0	0	0	0	0	0	0	0	0	0	
53668	Rectus_R	0	0	0	500	0	7062	0	0	0	364	0	0	0	0	0	1522	0	0	0	0	286	3580	0	660	0	6696	0	0	0	910	134	1374	0	0	0	0	0	0	0	0	0	326	0	0	0	0	0	0	0	0	0	0	0	0	0	0	0	0	0	0	0	0	0	0	0	0	0	0	0	0	164	1660	0	1386	0	0	0	0	0	0	0	0	0	210	0	0	0	0	0	0	0	0	0	0	0	0	0	0	0	0	0	0	0	0	0	0	0	0	0	0	0	0	0	0	0	0	
544696	Insula_L	18092	536	30962	764	7692	0	28256	428	682	0	20232	218	22500	200	15942	0	15096	0	11524	660	3596	0	252	562	0	0	132	0	0	0	1840	570	0	0	0	0	23810	0	676	0	2642	0	0	0	0	0	0	0	0	0	210	0	388	0	2984	0	5816	190	196	0	532	0	0	0	128	0	0	0	0	0	7168	1678	18322	0	790	0	2686	0	9310	0	5472	0	5548	0	606	0	170	0	2290	0	0	0	0	0	0	0	0	0	0	0	0	0	0	0	0	0	0	0	0	0	0	0	0	0	0	0	
321536	Insula_R	0	4024	996	14170	0	468	0	13766	0	448	0	14296	0	10274	0	5228	0	21876	4264	8850	0	1644	0	4572	0	0	0	910	0	0	1406	4410	132	2716	0	0	0	8002	0	1810	0	2054	0	0	0	0	0	0	0	0	0	0	0	0	0	2258	0	2608	0	0	0	0	0	0	0	0	0	0	0	0	122	2284	0	17728	0	594	0	744	0	680	0	1264	0	5388	0	208	0	0	0	574	0	0	0	0	0	0	0	0	0	0	0	0	0	0	0	0	0	0	0	0	0	0	0	0	0	0	
457960	Cingulum_Ant_L	0	0	30030	17350	4450	0	8640	514	0	0	254	1176	3134	768	612	0	0	326	9868	5104	2040	2126	24980	20784	4928	996	1978	134	1840	1406	0	34050	8282	15890	0	0	0	0	0	0	0	0	0	0	0	0	0	0	0	0	0	0	0	0	0	0	0	0	0	0	0	0	0	0	0	0	0	0	0	0	8198	8000	7470	3460	0	0	192	0	0	0	0	0	0	0	0	0	0	0	0	0	0	0	0	0	0	0	0	0	0	0	0	0	0	0	0	0	0	0	0	0	0	0	0	0	0	0	
552928	Cingulum_Ant_R	0	146	8888	42686	296	1316	650	2824	0	0	0	3734	564	3810	500	0	0	806	13204	20126	1326	3022	8120	42878	0	5282	174	1374	570	4410	34050	0	2958	28614	0	0	0	172	0	0	0	0	0	0	0	0	0	0	0	0	0	0	0	0	0	0	0	0	0	0	0	0	0	0	0	0	0	0	0	0	3196	26034	540	14194	0	0	0	0	0	0	0	0	0	0	0	0	0	0	0	0	0	0	0	0	0	0	0	0	0	0	0	0	0	0	0	0	0	0	0	0	0	0	0	0	0	0	
192304	Cingulum_Mid_L	2094	0	9176	2026	0	0	2860	274	0	0	0	0	0	250	0	0	0	0	12756	7734	0	0	8854	4456	0	0	0	0	0	132	8282	2958	0	17634	3158	308	0	0	0	0	0	0	248	0	432	0	0	0	0	0	376	0	0	0	0	0	0	0	146	0	0	0	0	0	0	0	2804	778	7388	514	0	326	0	188	0	0	0	0	0	0	0	0	0	0	0	0	0	0	0	0	0	0	0	0	0	0	0	0	0	0	0	0	0	0	0	0	0	0	0	0	0	0	0	0	0	0	
687308	Cingulum_Mid_R	1790	710	16214	35630	0	0	952	3906	0	0	0	5084	0	4764	0	0	0	1732	33920	62280	0	0	11200	29936	0	0	0	0	0	2716	15890	28614	17634	0	748	12120	0	218	0	0	0	0	0	1052	0	2140	0	248	0	3940	0	2230	0	156	0	532	0	1214	0	398	0	1282	0	1212	0	1224	1190	14812	3998	13958	422	4534	0	2294	0	0	0	0	0	0	0	120	0	126	0	234	0	0	0	280	0	0	0	0	0	0	0	0	0	0	0	0	0	0	0	0	0	0	0	0	0	0	0	0	0	0	
96004	Cingulum_Post_L	3696	0	638	0	0	0	0	0	0	0	0	0	0	0	0	0	0	0	596	780	0	0	0	0	0	0	0	0	0	0	0	0	3158	748	0	4552	3480	1832	1008	164	0	0	4474	0	2616	0	678	132	0	0	1010	0	938	0	512	0	394	0	0	0	0	0	0	0	0	0	6846	738	6432	460	0	0	0	0	0	0	302	1574	0	0	0	0	0	0	244	0	0	0	0	0	0	0	0	0	0	0	0	0	0	0	0	0	0	0	0	0	0	0	0	0	0	0	0	0	0	0	
166072	Cingulum_Post_R	396	530	126	0	0	0	0	0	0	0	0	0	0	0	0	0	0	0	624	11778	0	0	0	0	0	0	0	0	0	0	0	0	308	12120	4552	0	2272	2646	694	146	0	0	0	2550	0	2040	224	1126	0	3534	0	2064	0	316	0	1128	0	1276	0	164	0	302	0	312	0	632	1210	18018	528	9126	0	0	0	0	0	0	276	1310	0	0	0	166	0	0	0	0	0	0	0	296	0	0	0	0	0	0	0	0	0	0	0	0	0	0	0	0	0	0	0	0	246	0	0	0	0	0	
290252	Hippocampus_L	13860	0	7234	0	124	0	10106	0	0	0	3126	0	1754	0	616	0	3036	0	1348	0	1316	0	0	0	0	0	0	0	23810	0	0	0	0	0	3480	2272	0	1888	10272	164	5316	0	1240	0	0	0	3930	132	0	0	486	0	984	0	7932	0	2200	0	0	0	0	0	0	0	0	0	1856	554	0	0	0	0	11314	0	2752	0	4184	1822	6302	0	1932	0	2466	0	0	0	200	0	5118	0	0	0	0	0	0	0	0	0	0	0	0	0	0	0	0	0	0	0	0	0	0	0	0	0	0	0	
238216	Hippocampus_R	0	8014	336	7466	0	0	0	2110	0	0	0	988	0	0	0	142	0	1452	822	4278	0	390	0	192	0	0	0	0	0	8002	0	172	0	218	1832	2646	1888	0	636	14556	0	6142	0	0	0	0	164	2132	0	0	0	0	0	0	0	21044	0	1634	0	0	0	0	0	696	0	0	466	2774	0	622	0	766	0	13926	0	156	0	4456	0	212	0	1072	0	1594	0	184	0	0	0	4144	0	0	0	0	0	0	0	402	0	0	0	0	0	0	0	0	0	0	0	0	382	0	0	0	0	0	
61380	ParaHippocampal_L	1122	0	226	0	0	0	200	0	0	0	0	0	0	0	0	0	0	0	0	0	290	0	0	0	0	0	0	0	676	0	0	0	0	0	1008	694	10272	636	0	0	1032	0	202	0	0	0	4526	0	0	0	722	0	498	0	2086	0	0	0	0	0	0	0	0	0	0	0	576	204	0	0	0	0	1834	0	0	0	460	656	286	0	0	0	598	0	168	0	700	0	562	0	0	0	0	0	296	0	160	0	0	0	0	0	0	0	0	0	0	0	0	0	0	0	0	0	0	0	
107680	ParaHippocampal_R	0	540	0	1290	0	0	0	434	0	0	0	232	0	0	0	198	0	214	138	1058	0	350	0	0	0	0	0	0	0	1810	0	0	0	0	164	146	164	14556	0	0	0	4398	0	0	0	0	0	2502	0	0	0	0	0	0	0	13340	0	230	0	0	0	0	0	0	0	0	0	416	0	0	0	0	0	3930	0	0	0	694	0	0	0	144	0	3120	0	0	0	1848	0	982	0	220	0	0	0	0	0	498	0	224	0	0	0	0	0	0	0	0	0	0	0	0	0	0	0	0	
27528	Amygdala_L	0	0	0	0	0	0	0	0	0	0	0	0	0	0	192	0	0	0	0	0	726	0	0	0	0	0	0	0	2642	0	0	0	0	0	0	0	5316	0	1032	0	0	0	0	0	0	0	0	0	0	0	0	0	0	0	2106	0	0	0	0	0	0	0	0	0	0	0	0	0	0	0	0	0	230	0	0	0	0	0	0	0	0	0	856	0	0	0	0	0	664	0	0	0	0	0	0	0	0	0	0	0	0	0	0	0	0	0	0	0	0	0	0	0	0	0	0	0	
48028	Amygdala_R	0	0	0	0	0	200	0	0	0	0	0	0	0	0	0	474	0	0	0	0	0	1544	0	0	0	0	0	326	0	2054	0	0	0	0	0	0	0	6142	0	4398	0	0	0	0	0	0	0	0	0	0	0	0	0	0	0	4140	0	0	0	0	0	0	0	0	0	0	0	0	0	0	0	0	0	820	0	0	0	0	0	0	0	0	0	2498	0	0	0	438	0	980	0	0	0	0	0	0	0	0	0	0	0	0	0	0	0	0	0	0	0	0	0	0	0	0	0	0	
163436	Calcarine_L	634	0	0	0	0	0	0	0	0	0	0	0	0	0	0	0	0	0	0	0	0	0	0	0	0	0	0	0	0	0	0	0	248	0	4474	0	1240	0	202	0	0	0	0	2334	12786	2128	5698	878	4196	536	15270	146	5144	0	2438	0	864	0	916	0	0	0	0	0	320	0	16118	580	1242	0	0	0	0	0	0	0	0	0	394	0	290	0	0	0	1870	0	0	0	140	0	0	0	0	0	0	0	226	0	174	0	0	0	0	0	0	0	0	0	0	0	232	0	0	0	0	0	
175964	Calcarine_R	0	126	0	0	0	0	0	0	0	0	0	0	0	0	0	0	0	0	0	592	0	0	0	0	0	0	0	0	0	0	0	0	0	1052	0	2550	0	0	0	0	0	0	2334	0	2236	14962	226	12872	0	13618	0	10332	0	3054	0	4408	0	306	0	140	0	144	0	0	0	1586	244	13272	0	794	0	0	0	0	0	0	0	0	0	0	0	370	0	0	0	1956	0	0	0	808	0	0	0	0	0	0	0	0	0	0	0	0	0	0	0	0	0	0	0	0	0	0	0	0	0	0	
131192	Cuneus_L	418	0	0	0	0	0	0	0	0	0	0	0	0	0	0	0	146	0	0	0	0	0	0	0	0	0	0	0	0	0	0	0	432	0	2616	0	0	0	0	0	0	0	12786	2236	0	3574	220	332	7732	1294	9360	304	2510	0	1130	0	340	0	1432	0	196	0	0	0	592	0	13490	732	952	0	0	0	0	0	0	0	0	0	384	0	418	0	0	0	1726	0	0	0	244	0	0	0	0	0	0	0	0	0	0	0	0	0	0	0	0	0	0	0	0	0	0	0	0	0	0	0	
135952	Cuneus_R	0	0	0	0	0	0	0	0	0	0	0	0	0	0	0	0	0	0	146	1084	0	0	0	0	0	0	0	0	0	0	0	0	0	2140	0	2040	0	0	0	0	0	0	2128	14962	3574	0	0	3568	0	14904	0	5294	0	300	0	568	0	222	0	164	0	0	0	122	0	250	1316	13870	0	498	0	0	0	0	0	0	0	0	0	0	0	282	0	0	0	312	0	0	0	232	0	0	0	0	0	0	0	0	0	0	0	0	0	0	0	0	0	0	0	0	0	0	0	0	0	0	
156480	Lingual_L	540	0	150	0	0	0	0	0	0	0	0	0	0	0	0	0	0	0	0	0	0	0	0	0	0	0	0	0	0	0	0	0	0	0	678	224	3930	164	4526	0	0	0	5698	226	220	0	0	806	1340	0	12922	0	4784	0	8234	270	0	0	0	0	0	0	0	0	0	0	1892	0	0	0	0	0	290	0	0	0	360	266	240	0	0	0	0	0	676	0	0	0	0	0	5880	216	1052	0	466	0	7728	394	10062	452	144	0	180	0	136	0	0	0	0	0	1874	1086	134	0	0	0	
172960	Lingual_R	0	0	0	0	0	0	0	0	0	0	0	0	0	0	0	0	0	0	0	184	0	0	0	0	0	0	0	0	0	0	0	0	0	248	132	1126	132	2132	0	2502	0	0	878	12872	332	3568	806	0	0	3658	0	2134	0	1574	0	12860	0	0	0	0	0	0	0	0	0	198	0	5456	0	362	0	0	0	0	0	0	0	288	0	0	0	200	0	0	0	470	0	0	0	216	1056	4360	394	0	0	0	734	3270	1584	7090	0	0	0	0	0	306	0	0	0	0	7848	5714	898	148	278	472	
66416	Occipital_Sup_L	0	0	0	0	0	0	0	0	0	0	0	0	0	0	0	0	0	0	0	0	0	0	0	0	0	0	0	0	0	0	0	0	0	0	0	0	0	0	0	0	0	0	4196	0	7732	0	1340	0	0	0	10930	0	1054	0	0	0	0	0	2474	0	200	0	0	0	0	0	4994	0	0	0	0	0	0	0	0	0	0	0	0	0	0	0	0	0	288	0	0	0	0	0	0	0	0	0	0	0	0	0	0	0	0	0	0	0	0	0	0	0	0	0	0	0	0	0	0	0	
179792	Occipital_Sup_R	0	280	0	0	0	0	0	0	0	0	0	0	0	0	0	0	0	0	230	3204	0	0	0	0	0	0	0	0	0	0	0	0	0	3940	0	3534	0	0	0	0	0	0	536	13618	1294	14904	0	3658	0	0	0	16836	0	556	0	1316	0	412	0	4642	0	1730	0	0	0	6406	0	9958	0	1388	0	0	0	0	0	0	0	0	0	0	0	214	0	0	0	966	0	0	0	274	0	0	0	0	0	0	0	0	0	0	0	0	0	0	0	0	0	0	0	0	0	0	0	0	0	0	
343032	Occipital_Mid_L	3738	0	0	0	0	0	0	0	0	0	0	0	0	0	0	0	4052	0	0	0	0	0	0	0	0	0	0	0	210	0	0	0	376	0	1010	0	486	0	722	0	0	0	15270	0	9360	0	12922	0	10930	0	0	0	16426	0	9490	0	7664	0	9040	0	12246	0	2458	0	15576	0	13466	0	2194	0	0	0	226	0	148	0	0	0	2278	0	4940	0	0	0	13488	0	0	0	2308	0	130	0	0	0	0	0	0	0	362	0	0	0	0	0	0	0	0	0	0	0	0	0	0	0	0	0	
152984	Occipital_Mid_R	0	0	0	0	0	0	0	0	0	0	0	0	0	0	0	0	0	0	200	1764	0	0	0	0	0	0	0	0	0	0	0	0	0	2230	0	2064	0	0	0	0	0	0	146	10332	304	5294	0	2134	0	16836	0	0	0	3004	0	2242	0	0	0	2894	0	3372	0	0	0	11370	0	4500	0	708	0	0	0	0	0	0	0	0	0	0	0	522	0	0	0	5402	0	0	0	1174	0	0	0	0	0	0	0	0	0	0	0	0	0	0	0	0	0	0	0	0	0	0	0	0	0	0	
172588	Occipital_Inf_L	2916	0	0	0	0	0	0	0	0	0	0	0	0	0	0	0	1200	0	0	0	0	0	0	0	0	0	0	0	388	0	0	0	0	0	938	0	984	0	498	0	0	0	5144	0	2510	0	4784	0	1054	0	16426	0	0	0	17398	0	2000	0	646	0	1282	0	4424	0	904	0	3504	0	950	0	0	0	0	0	0	0	0	0	2550	0	3750	0	0	0	8580	0	0	0	2838	0	0	0	0	0	0	0	200	0	426	0	0	0	0	0	0	0	0	0	0	0	0	0	0	0	0	0	
42584	Occipital_Inf_R	0	0	0	0	0	0	0	0	0	0	0	0	0	0	0	0	0	0	0	448	0	0	0	0	0	0	0	0	0	0	0	0	0	156	0	316	0	0	0	0	0	0	0	3054	0	300	0	1574	0	556	0	3004	0	0	0	4410	0	134	0	0	0	0	0	0	0	0	0	2272	0	640	0	0	0	0	0	0	0	0	0	0	0	184	0	0	0	226	0	0	0	4018	0	0	0	0	0	0	0	0	0	0	0	0	0	0	0	0	0	0	0	0	0	0	0	0	0	0	
301416	Fusiform_L	2494	0	0	0	0	0	0	0	0	0	0	0	0	0	0	0	816	0	0	0	288	0	0	0	0	0	0	0	2984	0	0	0	0	0	512	0	7932	0	2086	0	2106	0	2438	0	1130	0	8234	0	0	0	9490	0	17398	0	0	0	1324	0	532	0	1024	0	2878	0	774	0	2112	0	824	0	0	0	360	0	0	0	0	0	1658	0	4468	0	2614	0	10060	0	1864	0	14052	0	15122	0	1602	0	0	0	9448	0	20732	0	334	0	0	0	0	0	0	0	0	0	618	400	0	0	0	0	
269484	Fusiform_R	0	592	0	1070	0	0	0	458	0	0	0	436	0	0	0	0	0	272	404	1840	0	0	0	0	0	0	0	0	0	2258	0	0	0	532	0	1128	0	21044	0	13340	0	4140	0	4408	0	568	270	12860	0	1316	0	2242	0	4410	0	0	0	688	0	0	0	0	0	214	0	0	0	3064	0	1012	0	0	0	3838	0	0	0	150	0	218	0	1136	0	5380	0	1228	0	2604	0	11164	0	7224	0	0	0	0	640	5110	360	10012	0	0	0	0	0	274	0	0	0	0	3946	1872	226	124	262	408	
270376	Postcentral_L	26642	0	2080	0	0	0	1078	0	0	0	2952	0	1210	0	0	0	10778	0	1422	0	0	0	0	0	0	0	0	0	5816	0	0	0	0	0	394	0	2200	0	0	0	0	0	864	0	340	0	0	0	0	0	7664	0	2000	0	1324	0	0	0	9262	0	18260	0	9472	0	5834	0	3578	0	1512	0	2284	0	4470	0	2700	0	1012	0	3908	0	3784	0	0	0	2162	0	0	0	186	0	0	0	0	0	0	0	0	0	0	0	0	0	0	0	0	0	0	0	0	0	0	0	0	0	0	0	
129300	Postcentral_R	0	15632	300	624	0	0	0	618	0	0	0	1658	140	0	126	0	0	3954	300	3764	0	0	0	0	0	0	0	0	190	2608	0	0	0	1214	0	1276	0	1634	0	230	0	0	0	306	0	222	0	0	0	412	0	0	0	134	0	688	0	0	0	3460	0	1250	0	7404	0	576	0	4720	0	4752	642	996	0	1092	0	180	0	0	0	492	0	910	0	0	0	976	0	0	0	1170	0	0	0	0	0	0	0	0	0	0	0	0	0	0	0	0	0	0	0	0	0	0	0	0	0	0	
130804	Parietal_Sup_L	1356	0	0	0	0	0	0	0	0	0	0	0	0	0	0	0	3014	0	0	0	0	0	0	0	0	0	0	0	196	0	0	0	146	0	0	0	0	0	0	0	0	0	916	0	1432	0	0	0	2474	0	9040	0	646	0	532	0	9262	0	0	0	13370	0	1020	0	6920	0	10446	0	0	0	0	0	0	0	0	0	0	0	0	0	2130	0	0	0	2382	0	0	0	120	0	0	0	0	0	0	0	0	0	0	0	0	0	0	0	0	0	0	0	0	0	0	0	0	0	0	0	
114120	Parietal_Sup_R	0	0	0	0	0	0	0	0	0	0	0	0	0	0	0	0	0	0	0	326	0	0	0	0	0	0	0	0	0	0	0	0	0	398	0	164	0	0	0	0	0	0	0	140	0	164	0	0	0	4642	0	2894	0	0	0	0	0	3460	0	0	0	13748	0	0	0	16094	168	9210	0	698	0	0	0	0	0	0	0	0	0	0	0	0	0	0	0	3764	0	0	0	1190	0	0	0	0	0	0	0	0	0	0	0	0	0	0	0	0	0	0	0	0	0	0	0	0	0	0	
252420	Parietal_Inf_L	6872	0	278	0	0	0	130	0	0	0	0	0	0	0	0	0	3876	0	0	0	0	0	0	0	0	0	0	0	532	0	0	0	0	0	0	0	0	0	0	0	0	0	0	0	196	0	0	0	200	0	12246	0	1282	0	1024	0	18260	0	13370	0	0	0	23362	0	24512	0	564	0	156	0	134	0	182	0	0	0	0	0	0	0	3676	0	0	0	11092	0	0	0	4266	0	0	0	0	0	0	0	0	0	0	0	0	0	0	0	0	0	0	0	0	0	0	0	0	0	0	0	
142524	Parietal_Inf_R	0	212	0	0	0	0	0	0	0	0	0	0	0	0	0	0	0	0	0	284	0	0	0	0	0	0	0	0	0	0	0	0	0	1282	0	302	0	0	0	0	0	0	0	144	0	0	0	0	0	1730	0	3372	0	0	0	0	0	1250	0	13748	0	0	0	6134	0	25586	0	2824	0	1158	0	0	0	0	0	0	0	0	0	0	0	296	0	0	0	8400	0	0	0	4540	0	0	0	0	0	0	0	0	0	0	0	0	0	0	0	0	0	0	0	0	0	0	0	0	0	0	
152704	SupraMarginal_L	1768	0	128	0	0	0	0	0	0	0	0	0	0	0	0	0	1942	0	0	0	0	0	0	0	0	0	0	0	0	0	0	0	0	0	0	0	0	0	0	0	0	0	0	0	0	0	0	0	0	0	2458	0	4424	0	2878	0	9472	0	1020	0	23362	0	0	0	8902	0	0	0	0	0	0	0	0	0	0	0	0	0	0	0	5062	0	0	0	10316	0	0	0	4620	0	0	0	0	0	0	0	0	0	0	0	0	0	0	0	0	0	0	0	0	0	0	0	0	0	0	0	
89048	SupraMarginal_R	0	2300	0	0	0	0	0	0	0	0	0	0	0	0	0	0	0	1616	0	400	0	0	0	0	0	0	0	0	0	0	0	0	0	1212	0	312	0	696	0	0	0	0	0	0	0	122	0	0	0	0	0	0	0	0	0	214	0	7404	0	0	0	6134	0	0	0	4694	0	1354	0	1234	0	0	0	0	0	0	0	0	0	0	0	6612	0	0	0	5596	0	0	0	4624	0	0	0	0	0	0	0	0	0	0	0	0	0	0	0	0	0	0	0	0	0	0	0	0	0	0	
173476	Angular_L	1494	0	0	0	0	0	0	0	0	0	0	0	0	0	0	0	3340	0	0	0	0	0	0	0	0	0	0	0	128	0	0	0	0	0	0	0	0	0	0	0	0	0	320	0	592	0	0	0	0	0	15576	0	904	0	774	0	5834	0	6920	0	24512	0	8902	0	0	0	564	0	400	0	0	0	0	0	0	0	0	0	0	0	3662	0	0	0	10590	0	0	0	2226	0	0	0	0	0	0	0	0	0	0	0	0	0	0	0	0	0	0	0	0	0	0	0	0	0	0	0	
181548	Angular_R	0	0	0	0	0	0	0	0	0	0	0	0	0	0	0	0	0	0	0	656	0	0	0	0	0	0	0	0	0	0	0	0	0	1224	0	632	0	0	0	0	0	0	0	1586	0	250	0	198	0	6406	0	11370	0	0	0	0	0	576	0	16094	0	25586	0	4694	0	0	0	3402	0	794	0	0	0	0	0	0	0	0	0	0	0	1450	0	0	0	10520	0	0	0	5336	0	0	0	0	0	0	0	0	0	0	0	0	0	0	0	0	0	0	0	0	0	0	0	0	0	0	
201468	Precuneus_L	1074	0	0	0	0	0	0	0	0	0	0	0	0	0	0	0	350	0	0	480	0	0	0	0	0	0	0	0	0	0	0	0	2804	1190	6846	1210	1856	466	576	0	0	0	16118	244	13490	1316	1892	0	4994	0	13466	0	3504	0	2112	0	3578	0	10446	168	564	0	0	0	564	0	0	3988	3716	170	0	0	0	0	0	0	0	0	398	0	630	0	0	0	2312	0	0	0	212	0	0	0	0	0	0	0	0	0	0	0	0	0	0	0	0	0	0	0	0	0	0	0	0	0	0	0	
299012	Precuneus_R	0	1730	0	276	0	0	0	192	0	0	0	490	0	0	0	0	0	0	562	10344	0	0	0	0	0	0	0	0	0	0	0	0	778	14812	738	18018	554	2774	204	416	0	0	580	13272	732	13870	0	5456	0	9958	0	4500	0	2272	0	3064	0	4720	0	9210	0	2824	0	1354	0	3402	3988	0	344	12134	0	0	0	0	0	0	0	0	0	286	0	1446	0	0	0	1200	0	0	0	2310	0	0	0	0	0	0	0	120	0	0	0	0	0	0	0	0	0	0	0	0	576	0	0	0	0	0	
149752	Paracentral_Lobule_L	15434	1500	2030	886	0	0	0	0	0	0	0	0	0	0	0	0	0	0	7648	11996	0	0	0	0	0	0	0	0	0	0	0	0	7388	3998	6432	528	0	0	0	0	0	0	1242	0	952	0	0	0	0	0	2194	0	950	0	824	0	1512	0	0	0	156	0	0	0	400	0	3716	344	0	3382	0	0	0	0	0	0	0	228	0	0	0	0	0	0	1136	0	0	0	0	0	0	0	0	0	0	0	0	0	0	0	0	0	0	0	0	0	0	0	0	0	0	0	0	0	0	0	
167592	Paracentral_Lobule_R	1080	6222	0	0	0	0	0	0	0	0	0	0	0	0	0	0	0	0	342	19928	0	0	0	0	0	0	0	0	0	0	0	0	514	13958	460	9126	0	622	0	0	0	0	0	794	0	498	0	362	0	1388	0	708	0	640	0	1012	0	4752	0	698	0	1158	0	1234	0	794	170	12134	3382	0	0	0	0	0	0	0	0	0	0	0	0	226	0	0	0	654	0	0	0	940	0	0	0	0	0	0	0	0	0	0	0	0	0	0	0	0	0	0	0	0	0	0	0	0	0	0	
359504	Caudate_L	4582	2358	27300	1398	3306	134	8750	3126	148	0	3098	446	6504	382	4546	0	0	0	18000	2500	5732	6902	1222	1078	1838	0	2838	164	7168	122	8198	3196	0	422	0	0	0	0	0	0	0	0	0	0	0	0	0	0	0	0	0	0	0	0	0	0	2284	642	0	0	134	0	0	0	0	0	0	0	0	0	0	16386	20434	2798	2174	0	8762	680	0	0	0	0	0	0	0	0	0	0	0	0	0	0	0	0	0	0	0	0	0	0	0	0	0	0	0	0	0	0	0	0	0	0	0	0	0	0	
461272	Caudate_R	130	10222	6878	19490	760	2536	934	3628	0	0	186	2126	1686	1058	1734	220	0	1848	10282	27454	4054	9218	342	11594	0	5846	962	1660	1678	2284	8000	26034	326	4534	0	0	0	766	0	0	0	0	0	0	0	0	0	0	0	0	0	0	0	0	0	0	0	996	0	0	0	0	0	0	0	0	0	0	0	0	16386	0	3944	18124	596	3238	132	18484	0	0	0	120	0	146	0	0	0	0	0	0	0	0	0	0	0	0	0	0	0	0	0	0	0	0	0	0	0	0	0	0	0	0	0	0	0	0	
432724	Putamen_L	14002	0	32884	174	12744	0	21306	0	458	0	4468	0	4968	0	6092	0	2716	0	15680	296	2936	4182	2434	0	1540	0	774	0	18322	0	7470	540	0	0	0	0	11314	0	1834	0	230	0	0	0	0	0	290	0	0	0	226	0	0	0	360	0	4470	0	0	0	182	0	0	0	0	0	0	0	0	0	20434	3944	0	1328	11444	0	4276	0	606	0	736	0	558	0	0	0	0	0	144	0	0	0	0	0	0	0	0	0	0	0	0	0	0	0	0	0	0	0	0	0	0	0	0	0	0	0	
380604	Putamen_R	0	2788	840	20700	336	4834	0	4898	0	332	0	5904	0	800	168	2392	0	6906	5876	19542	1154	3380	206	8952	0	5558	380	1386	0	17728	3460	14194	188	2294	0	0	0	13926	0	3930	0	820	0	0	0	0	0	0	0	0	0	0	0	0	0	3838	0	1092	0	0	0	0	0	0	0	0	0	0	0	0	2798	18124	1328	0	238	5768	0	956	0	960	0	290	0	614	0	0	0	0	0	424	0	0	0	0	0	0	0	0	0	0	0	0	0	0	0	0	0	0	0	0	0	0	0	0	0	0	
100352	Pallidum_L	4200	0	8342	0	0	0	4736	0	0	0	770	0	222	0	0	0	2018	0	4472	0	0	726	0	0	0	0	0	0	790	0	0	0	0	0	0	0	2752	0	0	0	0	0	0	0	0	0	0	0	0	0	148	0	0	0	0	0	2700	0	0	0	0	0	0	0	0	0	0	0	0	0	2174	596	11444	238	0	0	2776	0	492	0	580	0	0	0	0	0	0	0	0	0	0	0	0	0	0	0	0	0	0	0	0	0	0	0	0	0	0	0	0	0	0	0	0	0	0	0	
48904	Pallidum_R	0	464	0	3832	0	0	0	458	0	0	0	462	0	0	0	0	0	3380	0	4992	0	0	0	0	0	0	0	0	0	594	0	0	0	0	0	0	0	156	0	0	0	0	0	0	0	0	0	0	0	0	0	0	0	0	0	0	0	180	0	0	0	0	0	0	0	0	0	0	0	0	0	3238	0	5768	0	0	0	0	0	780	0	148	0	0	0	0	0	0	0	0	0	0	0	0	0	0	0	0	0	0	0	0	0	0	0	0	0	0	0	0	0	0	0	0	0	0	
148580	Thalamus_L	14582	0	20030	0	0	0	7932	0	0	0	280	0	870	0	202	0	362	0	1800	594	0	0	0	0	0	0	0	0	2686	0	192	0	0	0	302	276	4184	0	460	0	0	0	0	0	0	0	360	0	0	0	0	0	0	0	0	0	1012	0	0	0	0	0	0	0	0	0	0	0	0	0	8762	132	4276	0	2776	0	0	2220	0	0	0	0	0	0	0	0	0	0	0	0	0	0	0	0	0	0	0	0	0	0	0	0	0	0	0	0	0	0	0	0	0	0	0	0	0	0	
136944	Thalamus_R	1016	12644	650	10060	0	0	0	1940	0	0	0	0	0	0	0	0	0	440	170	6844	0	0	0	0	0	0	0	0	0	744	0	0	0	0	1574	1310	1822	4456	656	694	0	0	0	0	0	0	266	288	0	0	0	0	0	0	0	150	0	0	0	0	0	0	0	0	0	0	0	0	228	0	680	18484	0	956	0	0	2220	0	0	0	0	0	0	0	0	0	0	0	0	0	0	0	0	0	0	0	0	180	0	0	0	0	0	0	0	0	0	0	0	0	0	0	0	0	0	0	
115028	Heschl_L	6856	0	226	0	0	0	1342	0	0	0	1880	0	752	0	0	0	5424	0	126	0	0	0	0	0	0	0	0	0	9310	0	0	0	0	0	0	0	6302	0	286	0	0	0	394	0	384	0	240	0	0	0	2278	0	2550	0	1658	0	3908	0	0	0	0	0	0	0	0	0	398	0	0	0	0	0	606	0	492	0	0	0	0	0	5106	0	0	0	4204	0	0	0	2792	0	0	0	0	0	0	0	0	0	0	0	0	0	0	0	0	0	0	0	0	0	0	0	0	0	0	0	
18252	Heschl_R	0	140	0	0	0	0	0	0	0	0	0	0	0	0	0	0	0	2176	0	0	0	0	0	0	0	0	0	0	0	680	0	0	0	0	0	0	0	212	0	0	0	0	0	0	0	0	0	0	0	0	0	0	0	0	0	218	0	492	0	0	0	0	0	0	0	0	0	286	0	0	0	0	0	960	0	780	0	0	0	0	0	2642	0	0	0	276	0	0	0	264	0	0	0	0	0	0	0	0	0	0	0	0	0	0	0	0	0	0	0	0	0	0	0	0	0	0	
216704	Temporal_Sup_L	2512	0	1722	0	0	0	892	0	0	0	2124	0	180	0	0	0	11872	0	1294	0	0	0	0	0	0	0	0	0	5472	0	0	0	0	0	0	0	1932	0	0	0	0	0	290	0	418	0	0	0	0	0	4940	0	3750	0	4468	0	3784	0	2130	0	3676	0	5062	0	3662	0	630	0	0	0	0	0	736	0	580	0	0	0	5106	0	0	0	5374	0	24888	0	210	0	10648	0	0	0	0	0	0	0	0	0	0	0	0	0	0	0	0	0	0	0	0	0	0	0	0	0	0	0	
70132	Temporal_Sup_R	0	312	0	0	0	0	0	0	0	0	0	0	0	0	0	0	0	1212	0	144	0	0	0	0	0	0	0	0	0	1264	0	0	0	120	0	166	0	1072	0	144	0	0	0	370	0	282	0	200	0	214	0	522	0	184	0	1136	0	910	0	0	0	296	0	6612	0	1450	0	1446	0	226	0	120	0	290	0	148	0	0	0	2642	0	0	0	2372	0	7108	0	186	0	3918	0	0	0	0	0	0	0	0	0	0	0	0	0	0	0	0	0	0	0	0	0	0	0	0	0	0	
87072	Temporal_Pole_Sup_L	0	0	660	0	798	0	462	0	544	0	1228	0	1570	0	4254	0	1164	0	176	0	834	0	0	0	0	0	0	0	5548	0	0	0	0	0	0	0	2466	0	598	0	856	0	0	0	0	0	0	0	0	0	0	0	0	0	2614	0	0	0	0	0	0	0	0	0	0	0	0	0	0	0	0	0	558	0	0	0	0	0	0	0	5374	0	0	0	6282	0	3264	0	4286	0	0	0	0	0	0	0	0	0	0	0	0	0	0	0	0	0	0	0	0	0	0	0	0	0	0	0	
90300	Temporal_Pole_Sup_R	0	768	0	960	0	0	0	1954	0	0	0	3000	0	0	0	368	0	4724	742	1082	0	306	0	0	0	0	0	210	0	5388	0	0	0	126	0	0	0	1594	0	3120	0	2498	0	0	0	0	0	0	0	0	0	0	0	0	0	5380	0	0	0	0	0	0	0	0	0	0	0	0	0	0	0	146	0	614	0	0	0	0	0	0	0	2372	0	0	0	1560	0	4564	0	3674	0	0	0	0	0	0	0	0	0	0	0	0	0	0	0	0	0	0	0	0	0	0	0	0	0	0	
310608	Temporal_Mid_L	2818	0	0	0	0	0	0	0	0	0	0	0	0	0	0	0	6010	0	0	0	0	0	0	0	0	0	0	0	606	0	0	0	0	0	244	0	0	0	168	0	0	0	1870	0	1726	0	676	0	288	0	13488	0	8580	0	10060	0	2162	0	2382	0	11092	0	10316	0	10590	0	2312	0	1136	0	0	0	0	0	0	0	0	0	4204	0	24888	0	6282	0	0	0	2600	0	30806	0	0	0	0	0	0	0	0	0	0	0	0	0	0	0	0	0	0	0	0	0	0	0	0	0	0	0	
151168	Temporal_Mid_R	0	604	0	0	0	0	0	0	0	0	0	0	0	0	0	0	0	0	0	132	0	0	0	0	0	0	0	0	0	208	0	0	0	234	0	0	0	184	0	0	0	0	0	1956	0	312	0	470	0	966	0	5402	0	226	0	1228	0	976	0	3764	0	8400	0	5596	0	10520	0	1200	0	654	0	0	0	0	0	0	0	0	0	276	0	7108	0	1560	0	0	0	1208	0	22400	0	0	0	0	0	0	0	0	0	0	0	0	0	0	0	0	0	0	0	0	0	0	0	0	0	0	
26000	Temporal_Pole_Mid_L	0	0	0	0	0	0	0	0	0	0	0	0	0	0	0	0	0	0	0	0	0	0	0	0	0	0	0	0	170	0	0	0	0	0	0	0	200	0	700	0	0	0	0	0	0	0	0	0	0	0	0	0	0	0	1864	0	0	0	0	0	0	0	0	0	0	0	0	0	0	0	0	0	0	0	0	0	0	0	0	0	210	0	3264	0	2600	0	0	0	3992	0	0	0	0	0	0	0	0	0	0	0	0	0	0	0	0	0	0	0	0	0	0	0	0	0	0	0	
24872	Temporal_Pole_Mid_R	0	0	0	0	0	0	0	0	0	0	0	0	0	0	0	0	0	0	0	0	0	0	0	0	0	0	0	0	0	0	0	0	0	0	0	0	0	0	0	1848	0	438	0	0	0	0	0	0	0	0	0	0	0	0	0	2604	0	0	0	0	0	0	0	0	0	0	0	0	0	0	0	0	0	0	0	0	0	0	0	0	0	186	0	4564	0	1208	0	0	0	1588	0	0	0	0	0	0	0	0	0	0	0	0	0	0	0	0	0	0	0	0	0	0	0	0	0	0	
194760	Temporal_Inf_L	358	0	0	0	0	0	0	0	0	0	0	0	0	0	0	0	876	0	0	0	208	0	0	0	0	0	0	0	2290	0	0	0	0	0	0	0	5118	0	562	0	664	0	140	0	244	0	0	0	0	0	2308	0	2838	0	14052	0	186	0	120	0	4266	0	4620	0	2226	0	212	0	0	0	0	0	144	0	0	0	0	0	2792	0	10648	0	4286	0	30806	0	3992	0	0	0	2286	0	680	0	0	0	0	0	302	0	156	0	0	0	0	0	0	0	0	0	0	0	0	0	0	0	
158856	Temporal_Inf_R	0	622	0	0	0	0	0	0	0	0	0	0	0	0	0	0	0	0	0	648	0	0	0	0	0	0	0	0	0	574	0	0	0	280	0	296	0	4144	0	982	0	980	0	808	0	232	0	216	0	274	0	1174	0	4018	0	11164	0	1170	0	1190	0	4540	0	4624	0	5336	0	2310	0	940	0	0	0	424	0	0	0	0	0	264	0	3918	0	3674	0	22400	0	1588	0	0	0	638	0	0	0	0	0	0	0	0	0	0	0	0	0	0	0	0	0	0	0	0	0	0	0	0	
393580	Cerebelum_Crus1_L	0	0	0	0	0	0	0	0	0	0	0	0	0	0	0	0	0	0	0	0	0	0	0	0	0	0	0	0	0	0	0	0	0	0	0	0	0	0	0	0	0	0	0	0	0	0	5880	1056	0	0	130	0	0	0	15122	0	0	0	0	0	0	0	0	0	0	0	0	0	0	0	0	0	0	0	0	0	0	0	0	0	0	0	0	0	0	0	0	0	2286	0	0	1226	43056	4214	348	0	20810	842	44560	1492	16402	1682	13928	1830	802	828	0	0	0	234	4188	4652	7538	1508	940	1236	
322120	Cerebelum_Crus1_R	0	0	0	0	0	0	0	0	0	0	0	0	0	0	0	0	0	0	0	0	0	0	0	0	0	0	0	0	0	0	0	0	0	0	0	0	0	0	0	220	0	0	0	0	0	0	216	4360	0	0	0	0	0	0	0	7224	0	0	0	0	0	0	0	0	0	0	0	0	0	0	0	0	0	0	0	0	0	0	0	0	0	0	0	0	0	0	0	0	0	638	1226	0	486	24776	178	2714	2958	22934	1332	47274	0	6774	210	10850	146	480	0	0	0	1376	14376	5194	3420	584	510	604	
290408	Cerebelum_Crus2_L	0	0	0	0	0	0	0	0	0	0	0	0	0	0	0	0	0	0	0	0	0	0	0	0	0	0	0	0	0	0	0	0	0	0	0	0	0	0	0	0	0	0	0	0	0	0	1052	394	0	0	0	0	0	0	1602	0	0	0	0	0	0	0	0	0	0	0	0	0	0	0	0	0	0	0	0	0	0	0	0	0	0	0	0	0	0	0	0	0	680	0	43056	486	0	8574	0	0	3310	186	8816	340	29546	4064	22354	1486	2408	416	218	0	0	130	1110	1984	10030	2122	472	368	
192096	Cerebelum_Crus2_R	0	0	0	0	0	0	0	0	0	0	0	0	0	0	0	0	0	0	0	0	0	0	0	0	0	0	0	0	0	0	0	0	0	0	0	0	0	0	0	0	0	0	0	0	0	0	0	0	0	0	0	0	0	0	0	0	0	0	0	0	0	0	0	0	0	0	0	0	0	0	0	0	0	0	0	0	0	0	0	0	0	0	0	0	0	0	0	0	0	0	4214	24776	8574	0	0	170	294	770	434	4964	3010	14968	1694	16314	170	440	0	0	0	138	730	976	10478	2186	428	320	
25844	Cerebelum_3_L	0	0	0	0	0	0	0	0	0	0	0	0	0	0	0	0	0	0	0	0	0	0	0	0	0	0	0	0	0	0	0	0	0	0	0	0	0	0	296	0	0	0	0	0	0	0	466	0	0	0	0	0	0	0	0	0	0	0	0	0	0	0	0	0	0	0	0	0	0	0	0	0	0	0	0	0	0	0	0	0	0	0	0	0	0	0	0	0	0	0	348	178	0	0	0	0	5866	128	714	204	128	0	298	0	1304	140	0	0	538	736	910	286	0	0	170	212	
37416	Cerebelum_3_R	0	0	0	0	0	0	0	0	0	0	0	0	0	0	0	0	0	0	0	0	0	0	0	0	0	0	0	0	0	0	0	0	0	0	0	0	0	0	0	0	0	0	0	0	0	0	0	0	0	0	0	0	0	0	0	0	0	0	0	0	0	0	0	0	0	0	0	0	0	0	0	0	0	0	0	0	0	0	0	0	0	0	0	0	0	0	0	0	0	0	0	2714	0	170	0	0	236	3944	0	4130	0	0	0	182	0	578	0	0	442	5410	902	0	0	0	0	0	
233392	Cerebelum_4_5_L	0	0	0	0	0	0	0	0	0	0	0	0	0	0	0	0	0	0	0	0	0	0	0	0	0	0	0	0	0	0	0	0	0	0	0	0	0	0	160	0	0	0	226	0	0	0	7728	734	0	0	0	0	200	0	9448	640	0	0	0	0	0	0	0	0	0	0	0	0	0	0	0	0	0	0	0	0	0	0	0	0	0	0	0	0	0	0	0	0	0	0	20810	2958	3310	294	5866	236	0	2794	30980	4140	1628	0	2470	492	2560	670	0	0	668	1452	11078	2130	392	540	828	1264	
188168	Cerebelum_4_5_R	0	0	0	0	0	0	0	0	0	0	0	0	0	0	0	0	0	0	0	0	0	0	0	0	0	0	0	0	0	0	0	0	0	0	0	0	0	402	0	498	0	0	0	0	0	0	394	3270	0	0	0	0	0	0	0	5110	0	0	0	0	0	0	0	0	0	0	0	120	0	0	0	0	0	0	0	0	0	180	0	0	0	0	0	0	0	0	0	0	0	0	842	22934	186	770	128	3944	2794	0	1242	31612	0	238	194	944	138	296	0	0	0	1624	14146	1006	244	140	270	418	
303364	Cerebelum_6_L	0	0	0	0	0	0	0	0	0	0	0	0	0	0	0	0	0	0	0	0	0	0	0	0	0	0	0	0	0	0	0	0	0	0	0	0	0	0	0	0	0	0	174	0	0	0	10062	1584	0	0	362	0	426	0	20732	360	0	0	0	0	0	0	0	0	0	0	0	0	0	0	0	0	0	0	0	0	0	0	0	0	0	0	0	0	0	0	0	0	302	0	44560	1332	8816	434	714	0	30980	1242	0	1968	2862	136	3658	664	944	1088	0	0	0	168	6652	5522	1610	1418	1182	1730	
311640	Cerebelum_6_R	0	0	0	0	0	0	0	0	0	0	0	0	0	0	0	0	0	0	0	0	0	0	0	0	0	0	0	0	0	0	0	0	0	0	0	0	0	0	0	224	0	0	0	0	0	0	452	7090	0	0	0	0	0	0	0	10012	0	0	0	0	0	0	0	0	0	0	0	0	0	0	0	0	0	0	0	0	0	0	0	0	0	0	0	0	0	0	0	0	0	0	1492	47274	340	4964	204	4130	4140	31612	1968	0	120	890	306	3838	176	674	0	0	0	1768	20736	7706	3314	938	706	746	
228080	Cerebelum_7b_L	0	0	0	0	0	0	0	0	0	0	0	0	0	0	0	0	0	0	0	0	0	0	0	0	0	0	0	0	0	0	0	0	0	0	0	0	0	0	0	0	0	0	0	0	0	0	144	0	0	0	0	0	0	0	334	0	0	0	0	0	0	0	0	0	0	0	0	0	0	0	0	0	0	0	0	0	0	0	0	0	0	0	0	0	0	0	0	0	156	0	16402	0	29546	3010	128	0	1628	0	2862	120	0	2246	33430	2900	7172	664	664	0	0	0	374	520	6560	4156	820	204	
114780	Cerebelum_7b_R	0	0	0	0	0	0	0	0	0	0	0	0	0	0	0	0	0	0	0	0	0	0	0	0	0	0	0	0	0	0	0	0	0	0	0	0	0	0	0	0	0	0	0	0	0	0	0	0	0	0	0	0	0	0	0	0	0	0	0	0	0	0	0	0	0	0	0	0	0	0	0	0	0	0	0	0	0	0	0	0	0	0	0	0	0	0	0	0	0	0	1682	6774	4064	14968	0	0	0	238	136	890	2246	0	1234	15052	122	1714	0	0	0	0	0	530	5086	2224	278	152	
246344	Cerebelum_8_L	0	0	0	0	0	0	0	0	0	0	0	0	0	0	0	0	0	0	0	0	0	0	0	0	0	0	0	0	0	0	0	0	0	0	0	0	0	0	0	0	0	0	0	0	0	0	180	0	0	0	0	0	0	0	0	0	0	0	0	0	0	0	0	0	0	0	0	0	0	0	0	0	0	0	0	0	0	0	0	0	0	0	0	0	0	0	0	0	0	0	13928	210	22354	1694	298	0	2470	194	3658	306	33430	1234	0	4174	16456	1232	2270	0	0	140	846	718	7980	6450	2314	636	
166212	Cerebelum_8_R	0	0	0	0	0	0	0	0	0	0	0	0	0	0	0	0	0	0	0	0	0	0	0	0	0	0	0	0	0	0	0	0	0	0	0	0	0	0	0	0	0	0	0	0	0	0	0	0	0	0	0	0	0	0	0	0	0	0	0	0	0	0	0	0	0	0	0	0	0	0	0	0	0	0	0	0	0	0	0	0	0	0	0	0	0	0	0	0	0	0	1830	10850	1486	16314	0	182	492	944	664	3838	2900	15052	4174	0	708	8498	0	0	0	278	1170	1058	5424	5268	1686	290	
94332	Cerebelum_9_L	0	0	0	0	0	0	0	0	0	0	0	0	0	0	0	0	0	0	0	0	0	0	0	0	0	0	0	0	0	0	0	0	0	0	0	0	0	0	0	0	0	0	0	0	0	0	136	0	0	0	0	0	0	0	0	0	0	0	0	0	0	0	0	0	0	0	0	0	0	0	0	0	0	0	0	0	0	0	0	0	0	0	0	0	0	0	0	0	0	0	802	146	2408	170	1304	0	2560	138	944	176	7172	122	16456	708	0	676	3912	0	0	0	1430	910	2350	1948	1632	1066	
79152	Cerebelum_9_R	0	0	0	0	0	0	0	0	0	0	0	0	0	0	0	0	0	0	0	0	0	0	0	0	0	0	0	0	0	0	0	0	0	0	0	0	0	0	0	0	0	0	0	0	0	0	0	306	0	0	0	0	0	0	0	274	0	0	0	0	0	0	0	0	0	0	0	0	0	0	0	0	0	0	0	0	0	0	0	0	0	0	0	0	0	0	0	0	0	0	828	480	416	440	140	578	670	296	1088	674	664	1714	1232	8498	676	0	0	1376	266	838	1136	2650	2082	4410	5108	2736	
14708	Cerebelum_10_L	0	0	0	0	0	0	0	0	0	0	0	0	0	0	0	0	0	0	0	0	0	0	0	0	0	0	0	0	0	0	0	0	0	0	0	0	0	0	0	0	0	0	0	0	0	0	0	0	0	0	0	0	0	0	0	0	0	0	0	0	0	0	0	0	0	0	0	0	0	0	0	0	0	0	0	0	0	0	0	0	0	0	0	0	0	0	0	0	0	0	0	0	218	0	0	0	0	0	0	0	664	0	2270	0	3912	0	0	0	0	0	0	0	164	126	0	0	
2752	Cerebelum_10_R	0	0	0	0	0	0	0	0	0	0	0	0	0	0	0	0	0	0	0	0	0	0	0	0	0	0	0	0	0	0	0	0	0	0	0	0	0	0	0	0	0	0	0	0	0	0	0	0	0	0	0	0	0	0	0	0	0	0	0	0	0	0	0	0	0	0	0	0	0	0	0	0	0	0	0	0	0	0	0	0	0	0	0	0	0	0	0	0	0	0	0	0	0	0	0	0	0	0	0	0	0	0	0	0	0	1376	0	0	0	0	0	0	0	0	0	0	
12932	Vermis_1_2	0	0	0	0	0	0	0	0	0	0	0	0	0	0	0	0	0	0	0	0	0	0	0	0	0	0	0	0	0	0	0	0	0	0	0	0	0	0	0	0	0	0	0	0	0	0	0	0	0	0	0	0	0	0	0	0	0	0	0	0	0	0	0	0	0	0	0	0	0	0	0	0	0	0	0	0	0	0	0	0	0	0	0	0	0	0	0	0	0	0	0	0	0	0	538	442	668	0	0	0	0	0	0	0	0	266	0	0	0	3348	836	0	0	160	208	0	
41700	Vermis_3	0	0	0	0	0	0	0	0	0	0	0	0	0	0	0	0	0	0	0	0	0	0	0	0	0	0	0	0	0	0	0	0	0	0	0	0	0	0	0	0	0	0	0	0	0	0	0	0	0	0	0	0	0	0	0	0	0	0	0	0	0	0	0	0	0	0	0	0	0	0	0	0	0	0	0	0	0	0	0	0	0	0	0	0	0	0	0	0	0	0	234	1376	130	138	736	5410	1452	1624	168	1768	0	0	140	278	0	838	0	0	3348	0	2516	0	134	250	310	0	
228164	Vermis_4_5	0	0	0	0	0	0	0	0	0	0	0	0	0	0	0	0	0	0	0	0	0	0	0	0	0	0	0	0	0	0	0	0	0	0	0	246	0	382	0	0	0	0	232	0	0	0	1874	7848	0	0	0	0	0	0	618	3946	0	0	0	0	0	0	0	0	0	0	0	576	0	0	0	0	0	0	0	0	0	0	0	0	0	0	0	0	0	0	0	0	0	0	4188	14376	1110	730	910	902	11078	14146	6652	20736	374	0	846	1170	1430	1136	0	0	836	2516	0	9880	1136	800	1252	2156	
135424	Vermis_6	0	0	0	0	0	0	0	0	0	0	0	0	0	0	0	0	0	0	0	0	0	0	0	0	0	0	0	0	0	0	0	0	0	0	0	0	0	0	0	0	0	0	0	0	0	0	1086	5714	0	0	0	0	0	0	400	1872	0	0	0	0	0	0	0	0	0	0	0	0	0	0	0	0	0	0	0	0	0	0	0	0	0	0	0	0	0	0	0	0	0	0	4652	5194	1984	976	286	0	2130	1006	5522	7706	520	530	718	1058	910	2650	0	0	0	0	9880	0	3852	2502	2916	3648	
167496	Vermis_7	0	0	0	0	0	0	0	0	0	0	0	0	0	0	0	0	0	0	0	0	0	0	0	0	0	0	0	0	0	0	0	0	0	0	0	0	0	0	0	0	0	0	0	0	0	0	134	898	0	0	0	0	0	0	0	226	0	0	0	0	0	0	0	0	0	0	0	0	0	0	0	0	0	0	0	0	0	0	0	0	0	0	0	0	0	0	0	0	0	0	7538	3420	10030	10478	0	0	392	244	1610	3314	6560	5086	7980	5424	2350	2082	164	0	0	134	1136	3852	0	6958	2778	960	
104848	Vermis_8	0	0	0	0	0	0	0	0	0	0	0	0	0	0	0	0	0	0	0	0	0	0	0	0	0	0	0	0	0	0	0	0	0	0	0	0	0	0	0	0	0	0	0	0	0	0	0	148	0	0	0	0	0	0	0	124	0	0	0	0	0	0	0	0	0	0	0	0	0	0	0	0	0	0	0	0	0	0	0	0	0	0	0	0	0	0	0	0	0	0	1508	584	2122	2186	0	0	540	140	1418	938	4156	2224	6450	5268	1948	4410	126	0	160	250	800	2502	6958	0	5216	2248	
67232	Vermis_9	0	0	0	0	0	0	0	0	0	0	0	0	0	0	0	0	0	0	0	0	0	0	0	0	0	0	0	0	0	0	0	0	0	0	0	0	0	0	0	0	0	0	0	0	0	0	0	278	0	0	0	0	0	0	0	262	0	0	0	0	0	0	0	0	0	0	0	0	0	0	0	0	0	0	0	0	0	0	0	0	0	0	0	0	0	0	0	0	0	0	940	510	472	428	170	0	828	270	1182	706	820	278	2314	1686	1632	5108	0	0	208	310	1252	2916	2778	5216	0	3052	
49852	Vermis_10	0	0	0	0	0	0	0	0	0	0	0	0	0	0	0	0	0	0	0	0	0	0	0	0	0	0	0	0	0	0	0	0	0	0	0	0	0	0	0	0	0	0	0	0	0	0	0	472	0	0	0	0	0	0	0	408	0	0	0	0	0	0	0	0	0	0	0	0	0	0	0	0	0	0	0	0	0	0	0	0	0	0	0	0	0	0	0	0	0	0	1236	604	368	320	212	0	1264	418	1730	746	204	152	636	290	1066	2736	0	0	0	0	2156	3648	960	2248	3052	0	
