data	data	292580	296228	778520	797608	197356	168144	336128	311492	128548	21312	267656	228628	193916	195616	135108	75180	213812	147332	494900	644928	93580	101560	243636	325876	47900	79120	51176	60368	547112	347488	238432	404480	138040	444772	187856	163088	232092	350300	107120	276708	40056	61816	261936	332764	137588	253404	234480	203048	185760	252036	406452	174964	141756	101792	344976	498488	310244	135204	94152	38600	224160	69924	108892	90652	155164	70668	250876	307060	101644	73776	425596	399224	308228	337572	50964	36744	81972	225864	105188	38648	209344	119196	65676	57400	283588	132484	26624	11616	156596	139792	456648	538744	330020	362844	20324	44380	309424	251488	457080	442612	247248	138496	315600	322244	134604	172548	38436	30988	8800	28436	226124	202532	220972	145868	124372	40784	
data	data	Precentral_L	Precentral_R	Frontal_Sup_L	Frontal_Sup_R	Frontal_Sup_Orb_L	Frontal_Sup_Orb_R	Frontal_Mid_L	Frontal_Mid_R	Frontal_Mid_Orb_L	Frontal_Mid_Orb_R	Frontal_Inf_Oper_L	Frontal_Inf_Oper_R	Frontal_Inf_Tri_L	Frontal_Inf_Tri_R	Frontal_Inf_Orb_L	Frontal_Inf_Orb_R	Rolandic_Oper_L	Rolandic_Oper_R	Supp_Motor_Area_L	Supp_Motor_Area_R	Olfactory_L	Olfactory_R	Frontal_Sup_Medial_L	Frontal_Sup_Medial_R	Frontal_Med_Orb_L	Frontal_Med_Orb_R	Rectus_L	Rectus_R	Insula_L	Insula_R	Cingulum_Ant_L	Cingulum_Ant_R	Cingulum_Mid_L	Cingulum_Mid_R	Cingulum_Post_L	Cingulum_Post_R	Hippocampus_L	Hippocampus_R	ParaHippocampal_L	ParaHippocampal_R	Amygdala_L	Amygdala_R	Calcarine_L	Calcarine_R	Cuneus_L	Cuneus_R	Lingual_L	Lingual_R	Occipital_Sup_L	Occipital_Sup_R	Occipital_Mid_L	Occipital_Mid_R	Occipital_Inf_L	Occipital_Inf_R	Fusiform_L	Fusiform_R	Postcentral_L	Postcentral_R	Parietal_Sup_L	Parietal_Sup_R	Parietal_Inf_L	Parietal_Inf_R	SupraMarginal_L	SupraMarginal_R	Angular_L	Angular_R	Precuneus_L	Precuneus_R	Paracentral_Lobule_L	Paracentral_Lobule_R	Caudate_L	Caudate_R	Putamen_L	Putamen_R	Pallidum_L	Pallidum_R	Thalamus_L	Thalamus_R	Heschl_L	Heschl_R	Temporal_Sup_L	Temporal_Sup_R	Temporal_Pole_Sup_L	Temporal_Pole_Sup_R	Temporal_Mid_L	Temporal_Mid_R	Temporal_Pole_Mid_L	Temporal_Pole_Mid_R	Temporal_Inf_L	Temporal_Inf_R	Cerebelum_Crus1_L	Cerebelum_Crus1_R	Cerebelum_Crus2_L	Cerebelum_Crus2_R	Cerebelum_3_L	Cerebelum_3_R	Cerebelum_4_5_L	Cerebelum_4_5_R	Cerebelum_6_L	Cerebelum_6_R	Cerebelum_7b_L	Cerebelum_7b_R	Cerebelum_8_L	Cerebelum_8_R	Cerebelum_9_L	Cerebelum_9_R	Cerebelum_10_L	Cerebelum_10_R	Vermis_1_2	Vermis_3	Vermis_4_5	Vermis_6	Vermis_7	Vermis_8	Vermis_9	Vermis_10	
292580	Precentral_L	0	6414	6576	4792	0	0	11266	1742	0	0	9854	1332	2192	1290	0	0	4626	0	3646	5562	0	0	182	282	0	0	0	0	4734	424	116	448	1982	766	2426	934	534	336	122	206	0	0	0	146	134	0	0	0	108	0	258	0	408	0	364	228	27414	0	0	0	10586	0	1484	218	244	0	190	174	13666	0	10368	1098	1356	166	284	0	2182	258	1152	0	300	0	0	0	624	0	0	0	96	0	0	0	0	0	0	0	0	0	0	0	0	0	0	0	0	0	0	0	0	0	0	0	0	0	0	0	
296228	Precentral_R	6414	0	1794	13724	0	0	206	7720	0	0	220	5362	122	412	0	0	550	1282	1682	4550	0	0	170	0	0	0	0	0	412	1542	172	0	78	1604	1706	4224	184	6718	74	3476	0	100	0	2188	0	790	0	160	0	534	248	476	0	426	0	3748	2114	18940	0	80	72	1240	150	2642	572	0	0	3996	2310	3502	3806	11094	484	708	86	0	1006	19588	0	134	414	314	0	0	118	696	0	0	0	980	0	0	0	0	0	0	0	0	0	0	0	0	0	0	0	0	0	0	0	0	0	0	0	0	0	0	
778520	Frontal_Sup_L	6576	1794	0	17976	9150	0	53468	2766	2232	0	10570	1054	11204	954	1142	0	3890	86	70960	23190	0	0	39160	2020	3200	104	0	0	28072	226	17504	1950	3202	6640	320	144	4084	0	620	0	240	0	0	0	0	0	138	0	0	0	322	0	406	0	782	0	4712	172	0	0	2314	0	942	0	332	0	86	0	1326	0	11180	1508	25160	430	6084	0	4010	108	1452	0	1176	0	0	0	1632	0	0	0	490	0	0	0	0	0	0	0	0	0	0	0	0	0	0	0	0	0	0	0	0	0	0	0	0	0	0	0	
797608	Frontal_Sup_R	4792	13724	17976	0	0	10696	5278	36046	0	812	2820	9336	438	8748	90	2798	1068	2632	17962	69252	0	234	4350	37802	88	1316	0	186	3078	11026	2998	32542	828	27234	378	420	420	2970	0	1412	0	0	0	88	0	0	0	0	0	0	72	0	0	144	76	2190	3228	1210	0	0	712	0	228	0	340	0	0	112	702	0	13176	21694	1138	11312	140	2172	656	6212	390	0	546	0	0	0	342	0	0	0	0	174	0	0	0	0	0	0	0	0	0	0	0	0	0	0	0	0	0	0	0	0	0	0	0	0	0	0	
197356	Frontal_Sup_Orb_L	0	0	9150	0	0	0	1796	0	18186	0	258	0	1662	0	15374	0	0	0	998	0	2982	402	3454	0	4298	0	5916	208	14616	0	3992	198	0	0	0	0	0	0	162	0	496	0	0	0	0	0	0	0	0	0	0	0	0	0	0	0	0	0	0	0	0	0	0	0	0	0	0	0	0	0	1338	196	12038	184	0	0	0	0	0	0	0	0	774	0	0	0	0	0	0	0	0	0	0	0	0	0	0	0	0	0	0	0	0	0	0	0	0	0	0	0	0	0	0	0	0	0	
168144	Frontal_Sup_Orb_R	0	0	0	10696	0	0	0	3754	0	2728	0	726	0	852	0	4822	0	238	0	1974	256	3164	416	6282	0	9248	208	7790	0	2774	316	4252	0	0	0	0	0	0	0	0	0	0	0	0	0	0	0	0	0	0	0	0	0	0	0	0	0	0	0	0	0	0	0	0	0	0	0	0	0	0	424	9632	104	12734	0	682	0	0	0	0	0	0	0	0	0	0	0	0	0	0	0	0	0	0	0	0	0	0	0	0	0	0	0	0	0	0	0	0	0	0	0	0	0	0	0	0	
336128	Frontal_Mid_L	11266	206	53468	5278	1796	0	0	2020	3756	0	10542	3190	17964	2824	1908	118	458	0	5886	3002	0	0	11322	1068	0	0	0	0	9062	466	1804	1280	1122	1504	0	0	360	118	0	80	0	0	0	0	0	0	0	0	0	0	0	0	76	0	76	92	232	0	0	0	0	0	0	0	0	0	0	0	0	0	11460	1180	1336	102	126	0	186	254	504	0	0	0	0	0	452	0	0	0	120	0	0	0	0	0	0	0	0	0	0	0	0	0	0	0	0	0	0	0	0	0	0	0	0	0	0	0	
311492	Frontal_Mid_R	1742	7720	2766	36046	0	3754	2020	0	0	1058	2662	14126	642	16682	0	3586	438	272	2512	4514	0	0	470	8026	0	0	0	0	2780	3374	946	4878	0	3300	114	278	252	2646	0	1524	0	0	0	110	0	0	0	0	0	0	0	0	0	0	0	1834	1678	1068	0	0	190	200	178	362	100	0	0	106	0	0	11240	1376	358	1170	0	360	350	5254	206	0	228	0	0	0	154	0	0	0	0	96	0	0	0	0	0	0	0	0	0	0	0	0	0	0	0	0	0	0	0	0	0	0	0	0	0	0	
128548	Frontal_Mid_Orb_L	0	0	2232	0	18186	0	3756	0	0	0	370	0	4936	0	15378	0	0	0	426	0	552	0	330	0	912	0	2738	0	9216	0	356	0	0	0	0	0	0	0	0	0	326	0	0	0	0	0	0	0	0	0	0	0	0	0	0	0	0	0	0	0	0	0	0	0	0	0	0	0	0	0	142	0	4298	0	0	0	0	0	0	0	0	0	120	0	0	0	0	0	0	0	0	0	0	0	0	0	0	0	0	0	0	0	0	0	0	0	0	0	0	0	0	0	0	0	0	0	
21312	Frontal_Mid_Orb_R	0	0	0	812	0	2728	0	1058	0	0	0	0	0	282	0	3470	0	0	0	336	0	234	0	0	0	0	0	202	0	198	0	0	0	0	0	0	0	0	0	0	0	0	0	0	0	0	0	0	0	0	0	0	0	0	0	0	0	0	0	0	0	0	0	0	0	0	0	0	0	0	0	198	0	1138	0	0	0	0	0	0	0	0	0	0	0	0	0	0	0	0	0	0	0	0	0	0	0	0	0	0	0	0	0	0	0	0	0	0	0	0	0	0	0	0	0	0	
267656	Frontal_Inf_Oper_L	9854	220	10570	2820	258	0	10542	2662	370	0	0	2528	12922	3264	0	106	7544	0	3670	1704	0	0	1312	708	0	0	0	0	21582	580	2758	862	260	1146	112	0	1196	78	518	0	0	0	0	0	0	0	0	0	0	0	162	0	618	0	564	104	4090	0	0	0	2312	0	0	0	0	0	0	0	0	0	12406	742	3724	166	634	0	718	136	2934	0	1664	0	736	0	1560	0	0	0	412	0	0	0	0	0	0	0	0	0	0	0	0	0	0	0	0	0	0	0	0	0	0	0	0	0	0	0	
228628	Frontal_Inf_Oper_R	1332	5362	1054	9336	0	726	3190	14126	0	0	2528	0	558	15984	0	342	88	5064	696	4860	0	0	134	1366	0	0	0	0	1714	14562	472	2772	0	634	0	0	84	2298	0	1338	0	0	0	84	0	0	0	0	0	0	0	0	0	0	0	1976	502	644	0	0	0	192	0	342	0	0	0	0	0	0	7056	5036	102	3778	0	450	0	2904	134	0	0	124	0	132	106	0	0	0	0	132	0	0	0	0	0	0	0	0	0	0	0	0	0	0	0	0	0	0	0	0	0	0	0	0	0	0	
193916	Frontal_Inf_Tri_L	2192	122	11204	438	1662	0	17964	642	4936	0	12922	558	0	858	5574	0	494	0	1038	228	0	0	520	112	82	0	0	0	22314	74	2216	0	114	98	0	0	1056	0	422	0	0	0	0	0	0	0	0	0	0	0	90	0	288	0	258	0	552	0	0	0	228	0	0	0	0	0	0	0	0	0	1772	0	2200	0	494	0	372	0	1256	0	142	0	104	0	1072	0	0	0	290	0	0	0	0	0	0	0	0	0	0	0	0	0	0	0	0	0	0	0	0	0	0	0	0	0	0	0	
195616	Frontal_Inf_Tri_R	1290	412	954	8748	0	852	2824	16682	0	282	3264	15984	858	0	0	4190	104	154	642	2026	0	0	250	2602	0	0	0	0	2578	8874	1002	5270	0	1806	0	0	76	358	0	246	0	0	0	0	0	0	0	0	0	0	0	0	0	0	0	470	574	0	0	0	0	0	0	0	0	0	0	0	0	0	8774	2822	216	968	0	554	0	554	258	0	0	0	0	0	180	0	0	0	0	110	0	0	0	0	0	0	0	0	0	0	0	0	0	0	0	0	0	0	0	0	0	0	0	0	0	0	
135108	Frontal_Inf_Orb_L	0	0	1142	90	15374	0	1908	0	15378	0	0	0	5574	0	0	0	0	0	80	90	2594	396	0	80	264	0	2450	208	12080	0	1008	206	0	0	0	0	0	0	232	0	436	0	0	0	0	0	0	0	0	0	0	0	0	0	0	0	0	0	0	0	0	0	0	0	0	0	0	0	0	0	1010	184	5180	170	0	0	0	0	0	0	0	0	1420	0	0	0	0	0	0	0	0	0	0	0	0	0	0	0	0	0	0	0	0	0	0	0	0	0	0	0	0	0	0	0	0	0	
75180	Frontal_Inf_Orb_R	0	0	0	2798	0	4822	118	3586	0	3470	106	342	0	4190	0	0	0	566	0	162	0	1248	128	552	0	106	0	1272	0	6466	0	648	0	528	0	0	0	0	0	0	0	0	0	0	0	0	0	0	0	0	0	0	0	0	0	0	0	0	0	0	0	0	0	0	0	0	0	0	0	0	120	1220	0	2210	0	0	0	0	0	386	0	970	0	1576	0	0	0	0	0	0	0	0	0	0	0	0	0	0	0	0	0	0	0	0	0	0	0	0	0	0	0	0	0	0	0	0	
213812	Rolandic_Oper_L	4626	550	3890	1068	0	0	458	438	0	0	7544	88	494	104	0	0	0	0	1940	552	0	0	0	0	0	0	0	0	17128	90	74	0	200	82	570	0	418	0	0	0	0	0	80	0	116	0	0	0	514	0	4028	0	742	0	736	0	12506	0	506	0	5750	0	4150	0	7886	0	734	0	1144	0	4028	256	1084	76	346	0	364	0	4446	0	13434	0	862	0	2598	0	0	0	206	0	0	0	0	0	0	0	0	0	0	0	0	0	0	0	0	0	0	0	0	0	0	0	0	0	0	0	
147332	Rolandic_Oper_R	0	1282	86	2632	0	238	0	272	0	0	0	5064	0	154	0	566	0	0	142	2354	0	0	0	140	0	144	0	0	0	18178	0	150	0	0	0	160	0	2364	0	1964	0	0	0	796	0	0	0	0	0	114	0	180	0	842	0	3368	0	2398	0	0	0	566	0	2526	0	0	0	288	0	0	102	2600	0	5162	0	1874	0	2246	0	3814	0	5902	0	712	0	1872	0	0	0	2414	0	0	0	0	0	0	0	0	0	0	0	0	0	0	0	0	0	0	0	0	0	0	0	0	0	0	
494900	Supp_Motor_Area_L	3646	1682	70960	17962	998	0	5886	2512	426	0	3670	696	1038	642	80	0	1940	142	0	34616	0	0	6016	3402	282	0	0	0	8678	376	6200	3586	11096	13060	520	388	2966	0	200	0	0	0	0	0	0	0	128	0	0	0	208	0	252	0	594	0	3500	224	0	0	1380	0	628	0	290	0	90	82	4454	500	6412	1370	11426	374	6100	0	3090	0	620	0	712	0	0	0	1042	0	0	0	308	0	0	0	0	0	0	0	0	0	0	0	0	0	0	0	0	0	0	0	0	0	0	0	0	0	0	0	
644928	Supp_Motor_Area_R	5562	4550	23190	69252	0	1974	3002	4514	0	336	1704	4860	228	2026	90	162	552	2354	34616	0	0	224	512	14554	0	640	0	176	1620	4780	1642	17118	7760	46474	2326	4420	164	1860	0	1034	0	0	0	1154	0	490	0	0	0	0	100	0	0	552	0	1852	1388	730	0	0	264	0	0	0	252	0	134	2430	5080	7560	6094	16832	818	9346	100	1436	182	550	84	0	364	0	0	0	84	132	0	0	0	180	0	0	0	0	0	0	0	0	0	0	0	0	0	0	0	0	0	0	0	0	0	0	0	0	0	0	
93580	Olfactory_L	0	0	0	0	2982	256	0	0	552	0	0	0	0	0	2594	0	0	0	0	0	0	5994	0	0	270	0	2488	578	3214	0	3986	1986	0	0	0	0	184	0	440	0	1462	0	0	0	0	0	0	0	0	0	0	0	0	0	84	0	0	0	0	0	0	0	0	0	0	0	0	0	0	0	7652	5216	4408	1932	0	0	0	0	0	0	0	0	512	0	0	0	0	0	0	0	0	0	0	0	0	0	0	0	0	0	0	0	0	0	0	0	0	0	0	0	0	0	0	0	0	0	
101560	Olfactory_R	0	0	0	234	402	3164	0	0	0	234	0	0	0	0	396	1248	0	0	0	224	5994	0	0	0	0	2256	1174	5700	0	1088	2970	4180	0	0	0	0	0	172	0	136	0	538	0	0	0	0	0	0	0	0	0	0	0	0	0	150	0	0	0	0	0	0	0	0	0	0	0	0	0	0	6546	7898	2790	3096	0	0	0	0	0	0	0	0	0	190	0	0	0	0	0	0	0	0	0	0	0	0	0	0	0	0	0	0	0	0	0	0	0	0	0	0	0	0	0	0	0	0	
243636	Frontal_Sup_Medial_L	182	170	39160	4350	3454	416	11322	470	330	0	1312	134	520	250	0	128	0	0	6016	512	0	0	0	12932	4150	340	0	0	752	146	14694	9024	2788	6666	0	0	0	0	0	0	0	0	0	0	0	0	0	0	0	0	0	0	0	0	0	0	78	0	0	0	0	0	0	0	0	0	0	0	0	0	924	88	510	0	0	0	0	0	0	0	0	0	0	0	0	0	0	0	0	0	0	0	0	0	0	0	0	0	0	0	0	0	0	0	0	0	0	0	0	0	0	0	0	0	0	0	
325876	Frontal_Sup_Medial_R	282	0	2020	37802	0	6282	1068	8026	0	0	708	1366	112	2602	80	552	0	140	3402	14554	0	0	12932	0	0	4096	0	0	378	1982	2282	29224	206	24712	0	0	0	0	0	0	0	0	0	0	0	0	0	0	0	0	0	0	0	0	0	0	0	0	0	0	0	0	0	0	0	0	0	0	0	0	974	4558	0	2338	0	260	0	0	0	0	0	0	0	0	0	0	0	0	0	0	0	0	0	0	0	0	0	0	0	0	0	0	0	0	0	0	0	0	0	0	0	0	0	0	0	0	
47900	Frontal_Med_Orb_L	0	0	3200	88	4298	0	0	0	912	0	0	0	82	0	264	0	0	0	282	0	270	0	4150	0	0	268	1870	0	376	0	6412	0	0	0	0	0	0	0	0	0	0	0	0	0	0	0	0	0	0	0	0	0	0	0	0	0	0	0	0	0	0	0	0	0	0	0	0	0	0	0	598	0	880	0	0	0	0	0	0	0	0	0	0	0	0	0	0	0	0	0	0	0	0	0	0	0	0	0	0	0	0	0	0	0	0	0	0	0	0	0	0	0	0	0	0	0	
79120	Frontal_Med_Orb_R	0	0	104	1316	0	9248	0	0	0	0	0	0	0	0	0	106	0	144	0	640	0	2256	340	4096	268	0	0	4616	0	162	476	4410	0	0	0	0	0	0	0	0	0	0	0	0	0	0	0	0	0	0	0	0	0	0	0	0	0	0	0	0	0	0	0	0	0	0	0	0	0	0	80	6052	0	5246	0	0	0	0	0	0	0	0	0	0	0	0	0	0	0	0	0	0	0	0	0	0	0	0	0	0	0	0	0	0	0	0	0	0	0	0	0	0	0	0	0	0	
51176	Rectus_L	0	0	0	0	5916	208	0	0	2738	0	0	0	0	0	2450	0	0	0	0	0	2488	1174	0	0	1870	0	0	506	666	0	2638	562	0	0	0	0	0	0	0	0	0	0	0	0	0	0	0	0	0	0	0	0	0	0	0	0	0	0	0	0	0	0	0	0	0	0	0	0	0	0	1952	730	1084	606	0	0	0	0	0	0	0	0	0	0	0	0	0	0	0	0	0	0	0	0	0	0	0	0	0	0	0	0	0	0	0	0	0	0	0	0	0	0	0	0	0	0	
60368	Rectus_R	0	0	0	186	208	7790	0	0	0	202	0	0	0	0	208	1272	0	0	0	176	578	5700	0	0	0	4616	506	0	0	322	382	2246	0	0	0	0	0	0	0	0	0	0	0	0	0	0	0	0	0	0	0	0	0	0	0	0	0	0	0	0	0	0	0	0	0	0	0	0	0	0	586	2650	180	2376	0	0	0	0	0	0	0	0	0	0	0	0	0	0	0	0	0	0	0	0	0	0	0	0	0	0	0	0	0	0	0	0	0	0	0	0	0	0	0	0	0	0	
547112	Insula_L	4734	412	28072	3078	14616	0	9062	2780	9216	0	21582	1714	22314	2578	12080	0	17128	0	8678	1620	3214	0	752	378	376	0	666	0	0	316	3808	218	330	694	546	298	9694	110	1316	74	2994	0	138	0	0	0	276	0	450	0	2680	0	2754	0	4594	96	5298	0	0	0	672	0	1322	0	798	0	196	0	0	0	10878	538	21818	130	152	0	1122	230	12204	0	6184	0	3554	0	8142	0	0	0	3882	0	0	0	0	0	0	0	0	0	0	0	0	0	0	0	0	0	0	0	0	0	0	0	0	0	0	0	
347488	Insula_R	424	1542	226	11026	0	2774	466	3374	0	198	580	14562	74	8874	0	6466	90	18178	376	4780	0	1088	146	1982	0	162	0	322	316	0	410	4122	0	874	0	166	0	7276	0	5710	0	1252	0	1458	0	90	0	0	0	144	0	250	0	1680	0	11646	334	952	0	0	0	278	0	720	0	0	0	420	0	0	1586	7556	0	18602	0	1370	0	4204	0	4970	0	8324	0	2638	0	2916	0	0	0	5770	0	0	0	0	0	0	0	0	0	0	0	0	0	0	0	0	0	0	0	0	0	0	0	0	0	0	
238432	Cingulum_Ant_L	116	172	17504	2998	3992	316	1804	946	356	0	2758	472	2216	1002	1008	0	74	0	6200	1642	3986	2970	14694	2282	6412	476	2638	382	3808	410	0	10664	6326	2252	0	0	0	0	0	0	0	0	0	0	0	0	0	0	0	0	0	0	0	0	0	0	0	0	0	0	0	0	0	0	0	0	0	0	0	0	7946	3676	5136	1496	0	0	86	0	0	0	0	0	0	0	0	0	0	0	0	0	0	0	0	0	0	0	0	0	0	0	0	0	0	0	0	0	0	0	0	0	0	0	0	0	0	0	
404480	Cingulum_Ant_R	448	0	1950	32542	198	4252	1280	4878	0	0	862	2772	0	5270	206	648	0	150	3586	17118	1986	4180	9024	29224	0	4410	562	2246	218	4122	10664	0	1934	25962	0	0	0	0	0	0	0	0	0	0	0	0	0	0	0	0	0	0	0	0	0	0	0	0	0	0	0	0	0	0	0	0	0	0	0	0	3848	19922	874	6486	0	252	0	166	0	0	0	0	0	0	0	0	0	0	0	0	0	0	0	0	0	0	0	0	0	0	0	0	0	0	0	0	0	0	0	0	0	0	0	0	0	0	
138040	Cingulum_Mid_L	1982	78	3202	828	0	0	1122	0	0	0	260	0	114	0	0	0	200	0	11096	7760	0	0	2788	206	0	0	0	0	330	0	6326	1934	0	9794	3394	376	0	0	0	0	0	0	470	0	432	106	0	0	818	0	1648	0	72	0	92	0	1992	0	1104	0	728	0	288	0	374	0	2210	556	5422	414	100	0	0	0	0	0	0	0	0	0	136	0	0	0	268	0	0	0	0	0	0	0	0	0	0	0	0	0	0	0	0	0	0	0	0	0	0	0	0	0	0	0	0	0	0	0	
444772	Cingulum_Mid_R	766	1604	6640	27234	0	0	1504	3300	0	0	1146	634	98	1806	0	528	82	0	13060	46474	0	0	6666	24712	0	0	0	0	694	874	2252	25962	9794	0	1148	6422	0	0	0	0	0	0	178	3088	0	5820	0	0	0	2968	0	1600	0	0	0	0	126	1730	0	0	0	0	0	0	0	0	418	11870	956	7804	1692	512	0	0	0	0	0	0	0	0	0	0	0	0	0	82	0	0	0	142	0	0	0	0	0	0	0	0	0	0	0	0	0	0	0	0	0	0	0	0	0	0	0	0	0	0	
187856	Cingulum_Post_L	2426	1706	320	378	0	0	0	114	0	0	112	0	0	0	0	0	570	0	520	2326	0	0	0	0	0	0	0	0	546	0	0	0	3394	1148	0	13832	9218	3656	5888	538	0	0	3292	196	250	0	6282	124	370	0	3736	0	1292	72	3596	456	3368	76	0	0	1838	0	1620	150	1770	0	11278	1328	1936	360	0	0	82	0	0	0	0	628	0	0	900	0	0	0	2026	0	0	0	0	0	0	0	0	0	0	0	0	0	0	0	0	0	0	0	0	0	0	0	0	0	210	0	0	0	0	0	
163088	Cingulum_Post_R	934	4224	144	420	0	0	0	278	0	0	0	0	0	0	0	0	0	160	388	4420	0	0	0	0	0	0	0	0	298	166	0	0	376	6422	13832	0	5508	4848	2910	1332	0	0	424	4048	0	638	2106	1150	0	270	712	224	162	702	934	1172	134	1828	0	0	0	0	0	222	0	0	1034	12386	192	3670	0	0	0	0	0	0	0	1038	0	0	0	0	0	0	104	274	0	0	0	292	0	0	0	0	0	0	0	292	0	0	0	0	0	0	0	0	0	0	0	0	876	0	0	0	0	0	
232092	Hippocampus_L	534	184	4084	420	0	0	360	252	0	0	1196	84	1056	76	0	0	418	0	2966	164	184	0	0	0	0	0	0	0	9694	0	0	0	0	0	9218	5508	0	3612	14608	206	6328	0	2354	0	0	0	7594	138	76	0	1978	0	348	0	10718	0	274	0	0	0	0	0	0	0	0	0	3834	710	0	0	1072	132	6822	138	1108	0	3616	1522	844	0	2416	0	1390	0	1790	0	0	0	5704	0	0	0	0	0	0	0	124	0	0	0	0	0	0	0	0	0	0	0	0	0	192	0	0	0	0	0	
350300	Hippocampus_R	336	6718	0	2970	0	0	118	2646	0	0	78	2298	0	358	0	0	0	2364	0	1860	0	172	0	0	0	0	0	0	110	7276	0	0	0	0	3656	4848	3612	0	1624	29726	0	8716	0	3898	0	0	610	2488	0	0	0	0	0	2270	88	40774	0	270	0	0	0	116	0	474	0	0	200	3772	0	0	172	526	0	15004	0	734	78	13738	0	184	0	738	0	1582	0	1076	0	0	0	5178	0	540	0	0	0	0	0	348	0	548	0	0	0	0	0	0	0	0	0	0	258	0	0	0	0	0	
107120	ParaHippocampal_L	122	74	620	0	162	0	0	0	0	0	518	0	422	0	232	0	0	0	200	0	440	0	0	0	0	0	0	0	1316	0	0	0	0	0	5888	2910	14608	1624	0	124	474	0	1882	0	0	0	7024	0	0	0	1758	0	224	0	3578	0	0	0	0	0	0	0	0	0	0	0	3112	426	0	0	0	0	2752	0	354	0	786	992	0	0	0	0	316	0	0	0	0	0	212	0	0	0	0	0	86	0	226	0	0	0	0	0	0	0	0	0	0	0	0	0	98	0	0	0	0	0	
276708	ParaHippocampal_R	206	3476	0	1412	0	0	80	1524	0	0	0	1338	0	246	0	0	0	1964	0	1034	0	136	0	0	0	0	0	0	74	5710	0	0	0	0	538	1332	206	29726	124	0	0	7492	0	8058	0	0	0	3084	0	0	0	0	0	6186	0	35694	0	250	0	0	0	0	0	236	0	0	0	3098	0	0	146	268	0	6136	0	504	0	9430	0	286	0	826	0	3012	0	354	0	826	0	1914	0	248	0	0	0	0	0	538	0	554	0	0	0	0	0	0	0	0	0	0	88	0	0	0	0	0	
40056	Amygdala_L	0	0	240	0	496	0	0	0	326	0	0	0	0	0	436	0	0	0	0	0	1462	0	0	0	0	0	0	0	2994	0	0	0	0	0	0	0	6328	0	474	0	0	0	0	0	0	0	0	0	0	0	0	0	0	0	2670	0	0	0	0	0	0	0	0	0	0	0	0	0	0	0	78	0	1888	0	0	0	100	0	0	0	0	0	712	0	0	0	0	0	1824	0	0	0	0	0	0	0	0	0	0	0	0	0	0	0	0	0	0	0	0	0	0	0	0	0	0	0	
61816	Amygdala_R	0	100	0	0	0	0	0	0	0	0	0	0	0	0	0	0	0	0	0	0	0	538	0	0	0	0	0	0	0	1252	0	0	0	0	0	0	0	8716	0	7492	0	0	0	0	0	0	0	0	0	0	0	0	0	0	0	7490	0	0	0	0	0	0	0	0	0	0	0	0	0	0	0	206	0	1188	0	0	0	258	0	0	0	116	0	2692	0	0	0	228	0	544	0	88	0	0	0	0	0	0	0	0	0	0	0	0	0	0	0	0	0	0	0	0	0	0	0	0	
261936	Calcarine_L	0	0	0	0	0	0	0	0	0	0	0	0	0	0	0	0	80	0	0	0	0	0	0	0	0	0	0	0	138	0	0	0	470	178	3292	424	2354	0	1882	0	0	0	0	7136	16366	5634	11488	724	14498	5440	29310	2652	3628	0	3552	0	326	206	316	232	0	116	0	108	314	104	16856	998	0	0	0	0	0	0	0	0	0	0	78	0	0	0	0	0	1896	80	0	0	0	0	0	0	0	0	0	0	0	0	92	0	0	0	0	0	0	0	0	0	0	0	0	0	0	0	0	0	
332764	Calcarine_R	146	2188	0	88	0	0	0	110	0	0	0	84	0	0	0	0	0	796	0	1154	0	0	0	0	0	0	0	0	0	1458	0	0	0	3088	196	4048	0	3898	0	8058	0	0	7136	0	3824	25708	160	12432	0	21690	0	6034	0	9872	0	17434	0	1764	0	470	0	176	0	350	0	116	686	26790	144	1556	0	0	0	332	0	0	0	716	0	250	0	714	0	0	0	1332	0	0	0	1384	0	0	0	0	0	0	0	0	0	0	0	0	0	0	0	0	0	0	0	0	0	0	0	0	0	0	
137588	Cuneus_L	134	0	0	0	0	0	0	0	0	0	0	0	0	0	0	0	116	0	0	0	0	0	0	0	0	0	0	0	0	0	0	0	432	0	250	0	0	0	0	0	0	0	16366	3824	0	4878	1172	720	14330	1820	11580	0	1044	0	432	0	340	0	598	126	0	0	0	0	314	0	7510	1618	0	0	0	0	0	0	0	0	0	0	0	0	84	0	0	0	1106	0	0	0	0	0	0	0	0	0	0	0	0	0	0	0	0	0	0	0	0	0	0	0	0	0	0	0	0	0	0	0	
253404	Cuneus_R	0	790	0	0	0	0	0	0	0	0	0	0	0	0	0	0	0	0	0	490	0	0	0	0	0	0	0	0	0	90	0	0	106	5820	0	638	0	0	0	0	0	0	5634	25708	4878	0	76	7630	190	33064	0	9524	0	912	0	2298	0	1468	0	2172	0	294	0	120	0	206	2202	20356	0	1054	0	0	0	0	0	0	0	0	0	0	0	0	0	0	0	802	0	0	0	180	0	0	0	0	0	0	0	0	0	0	0	0	0	0	0	0	0	0	0	0	0	0	0	0	0	0	
234480	Lingual_L	0	0	138	0	0	0	0	0	0	0	0	0	0	0	0	0	0	0	128	0	0	0	0	0	0	0	0	0	276	0	0	0	0	0	6282	2106	7594	610	7024	0	0	0	11488	160	1172	76	0	1498	2800	0	12634	0	6622	0	13868	236	0	0	0	0	0	0	0	0	0	0	9070	224	0	0	0	0	0	0	0	0	250	296	0	0	106	0	0	0	234	0	0	0	268	0	3334	952	0	0	138	0	8968	1716	9248	1426	0	0	0	0	0	206	0	0	0	0	3812	1914	0	0	94	272	
203048	Lingual_R	0	160	0	0	0	0	0	0	0	0	0	0	0	0	0	0	0	0	0	0	0	0	0	0	0	0	0	0	0	0	0	0	0	0	124	1150	138	2488	0	3084	0	0	724	12432	720	7630	1498	0	0	8018	0	1686	0	2270	472	13128	0	0	0	0	0	0	0	0	0	0	0	5510	0	0	0	0	0	0	0	0	0	736	0	0	0	0	0	0	0	122	0	0	0	0	1196	5784	0	186	0	0	2648	7978	2534	8702	0	0	0	0	116	0	0	0	0	76	5676	3442	1096	0	0	0	
185760	Occipital_Sup_L	108	0	0	0	0	0	0	0	0	0	0	0	0	0	0	0	514	0	0	0	0	0	0	0	0	0	0	0	450	0	0	0	818	0	370	0	76	0	0	0	0	0	14498	0	14330	190	2800	0	0	0	31010	0	1522	0	622	0	404	0	8940	0	1158	0	212	0	1870	0	10302	366	0	0	0	0	0	0	0	0	0	0	410	0	306	0	0	0	1510	0	0	0	94	0	0	0	0	0	0	0	0	0	0	0	0	0	0	0	0	0	0	0	0	0	0	0	0	0	0	0	
252036	Occipital_Sup_R	0	534	0	0	0	0	0	0	0	0	0	0	0	0	0	0	0	114	0	0	0	0	0	0	0	0	0	0	0	144	0	0	0	2968	0	270	0	0	0	0	0	0	5440	21690	1820	33064	0	8018	0	0	0	19550	0	1196	0	2556	0	2664	0	4828	0	1192	0	746	0	2178	338	14200	0	222	0	0	0	0	0	0	0	0	0	0	0	290	0	0	0	1560	0	0	0	436	0	0	0	0	0	0	0	0	0	0	0	0	0	0	0	0	0	0	0	0	0	0	0	0	0	0	
406452	Occipital_Mid_L	258	248	322	72	0	0	0	0	0	0	162	0	90	0	0	0	4028	0	208	100	0	0	0	0	0	0	0	0	2680	0	0	0	1648	0	3736	712	1978	0	1758	0	0	0	29310	0	11580	0	12634	0	31010	0	0	0	17290	0	10002	0	1980	0	7752	0	5544	0	1020	0	13414	0	15466	0	262	0	176	0	114	0	0	0	0	0	3366	0	4206	0	0	0	15514	0	0	0	2876	0	376	0	0	0	0	0	150	0	588	110	0	0	0	0	0	0	0	0	0	0	250	236	0	0	0	0	
174964	Occipital_Mid_R	0	476	0	0	0	0	0	0	0	0	0	0	0	0	0	0	0	180	0	0	0	0	0	0	0	0	0	0	0	250	0	0	0	1600	0	224	0	0	0	0	0	0	2652	6034	0	9524	0	1686	0	19550	0	0	0	1784	0	1638	0	1416	0	1442	0	5934	0	3026	0	13884	94	5794	0	102	0	0	0	0	0	0	0	0	0	0	0	494	0	0	0	8586	0	0	0	1112	0	0	0	0	0	0	0	0	0	0	0	0	0	0	0	0	0	0	0	0	0	0	0	0	0	0	
141756	Occipital_Inf_L	408	0	406	0	0	0	76	0	0	0	618	0	288	0	0	0	742	0	252	0	0	0	0	0	0	0	0	0	2754	0	0	0	72	0	1292	162	348	0	224	0	0	0	3628	0	1044	0	6622	0	1522	0	17290	0	0	0	13356	0	900	0	0	0	112	0	0	0	0	0	2270	0	0	0	282	0	100	0	0	0	0	0	2802	0	258	0	0	0	4692	0	0	0	1832	0	894	188	0	0	0	0	1490	82	2464	304	0	0	0	0	0	0	0	0	0	0	506	598	0	0	0	0	
101792	Occipital_Inf_R	0	426	0	144	0	0	0	0	0	0	0	0	0	0	0	0	0	842	0	552	0	0	0	0	0	0	0	0	0	1680	0	0	0	0	72	702	0	2270	0	6186	0	0	0	9872	0	912	0	2270	0	1196	0	1784	0	0	0	14142	0	188	0	0	0	0	0	182	0	0	0	1796	0	0	0	0	0	588	0	0	0	106	0	228	0	716	0	0	0	522	0	0	0	2146	0	0	0	0	0	0	92	394	88	536	0	0	0	0	0	0	0	0	0	0	264	0	0	0	0	0	
344976	Fusiform_L	364	0	782	76	0	0	76	0	0	0	564	0	258	0	0	0	736	0	594	0	84	0	0	0	0	0	0	0	4594	0	0	0	92	0	3596	934	10718	88	3578	0	2670	0	3552	0	432	0	13868	472	622	0	10002	0	13356	0	0	238	846	0	0	0	106	0	0	0	0	0	3568	0	0	0	326	0	398	0	0	0	170	0	2600	0	3172	0	1588	0	8166	0	1310	0	15494	0	14692	462	180	0	306	0	15466	808	23962	848	0	0	0	0	0	196	0	0	0	0	3344	1884	0	0	0	250	
498488	Fusiform_R	228	3748	0	2190	0	0	92	1834	0	0	104	1976	0	470	0	0	0	3368	0	1852	0	150	0	0	0	0	0	0	96	11646	0	0	0	0	456	1172	0	40774	0	35694	0	7490	0	17434	0	2298	236	13128	0	2556	0	1638	0	14142	238	0	0	344	0	0	0	106	0	400	0	0	0	6188	0	0	228	656	0	12058	0	402	0	10886	0	486	0	2866	0	4684	0	2264	0	1498	0	15114	294	6020	0	94	0	0	636	6338	612	8814	0	0	0	0	0	0	0	0	0	0	1990	830	426	0	0	0	
310244	Postcentral_L	27414	2114	4712	3228	0	0	232	1678	0	0	4090	502	552	574	0	0	12506	0	3500	1388	0	0	78	0	0	0	0	0	5298	334	0	0	1992	126	3368	134	274	0	0	0	0	0	326	0	340	0	0	0	404	0	1980	0	900	0	846	0	0	0	5348	0	32146	0	8532	0	2870	0	2946	0	5986	0	7960	1062	362	162	188	0	1260	180	1530	0	4258	0	0	0	1274	0	0	0	168	0	0	0	0	0	0	0	0	0	0	0	0	0	0	0	0	0	0	0	0	0	0	0	0	0	0	0	
135204	Postcentral_R	0	18940	172	1210	0	0	0	1068	0	0	0	644	0	0	0	0	0	2398	224	730	0	0	0	0	0	0	0	0	0	952	0	0	0	1730	76	1828	0	270	0	250	0	0	206	1764	0	1468	0	0	0	2664	0	1416	0	188	0	344	0	0	0	2342	0	4044	0	11452	0	134	0	3738	0	4362	0	0	0	0	0	0	0	168	0	122	0	822	0	0	0	958	0	0	0	918	0	0	0	0	0	0	0	0	0	0	0	0	0	0	0	0	0	0	0	0	0	0	0	0	0	0	
94152	Parietal_Sup_L	0	0	0	0	0	0	0	0	0	0	0	0	0	0	0	0	506	0	0	0	0	0	0	0	0	0	0	0	0	0	0	0	1104	0	0	0	0	0	0	0	0	0	316	0	598	0	0	0	8940	0	7752	0	0	0	0	0	5348	0	0	0	7942	0	0	0	2382	0	10748	84	844	0	0	0	0	0	0	0	0	0	0	0	392	0	0	0	120	0	0	0	0	0	0	0	0	0	0	0	0	0	0	0	0	0	0	0	0	0	0	0	0	0	0	0	0	0	0	0	
38600	Parietal_Sup_R	0	80	0	0	0	0	0	0	0	0	0	0	0	0	0	0	0	0	0	0	0	0	0	0	0	0	0	0	0	0	0	0	0	0	0	0	0	0	0	0	0	0	232	470	126	2172	0	0	0	4828	0	1442	0	0	0	0	0	2342	0	0	0	1258	0	0	0	1290	166	4724	0	170	0	0	0	0	0	0	0	0	0	0	0	0	0	0	0	0	0	0	0	0	0	0	0	0	0	0	0	0	0	0	0	0	0	0	0	0	0	0	0	0	0	0	0	0	0	0	
224160	Parietal_Inf_L	10586	72	2314	712	0	0	0	190	0	0	2312	0	228	0	0	0	5750	0	1380	264	0	0	0	0	0	0	0	0	672	0	0	0	728	0	1838	0	0	0	0	0	0	0	0	0	0	0	0	0	1158	0	5544	0	112	0	106	0	32146	0	7942	0	0	0	13608	0	12874	0	3042	0	1460	0	1788	284	0	0	0	0	156	0	230	0	3486	0	0	0	1024	0	0	0	74	0	0	0	0	0	0	0	0	0	0	0	0	0	0	0	0	0	0	0	0	0	0	0	0	0	0	0	
69924	Parietal_Inf_R	0	1240	0	0	0	0	0	200	0	0	0	192	0	0	0	0	0	566	0	0	0	0	0	0	0	0	0	0	0	278	0	0	0	0	0	0	0	116	0	0	0	0	116	176	0	294	0	0	0	1192	0	5934	0	0	0	106	0	4044	0	1258	0	0	0	10096	0	8266	0	126	0	0	0	74	0	0	0	0	0	90	0	0	0	292	0	0	0	128	0	0	0	178	0	0	0	0	0	0	0	0	0	0	0	0	0	0	0	0	0	0	0	0	0	0	0	0	0	0	
108892	SupraMarginal_L	1484	150	942	228	0	0	0	178	0	0	0	0	0	0	0	0	4150	0	628	0	0	0	0	0	0	0	0	0	1322	0	0	0	288	0	1620	0	0	0	0	0	0	0	0	0	0	0	0	0	212	0	1020	0	0	0	0	0	8532	0	0	0	13608	0	0	0	6510	0	2070	0	512	0	992	148	0	0	0	0	0	0	728	0	7412	0	0	0	1636	0	0	0	76	0	0	0	0	0	0	0	0	0	0	0	0	0	0	0	0	0	0	0	0	0	0	0	0	0	0	0	
90652	SupraMarginal_R	218	2642	0	0	0	0	0	362	0	0	0	342	0	0	0	0	0	2526	0	0	0	0	0	0	0	0	0	0	0	720	0	0	0	0	150	222	0	474	0	236	0	0	108	350	0	120	0	0	0	746	0	3026	0	182	0	400	0	11452	0	0	0	10096	0	0	0	3472	0	236	0	0	0	98	0	0	0	0	0	170	0	258	0	2958	0	0	0	1280	0	0	0	2482	0	0	0	0	0	0	0	0	0	0	0	0	0	0	0	0	0	0	0	0	0	0	0	0	0	0	
155164	Angular_L	244	572	332	340	0	0	0	100	0	0	0	0	0	0	0	0	7886	0	290	252	0	0	0	0	0	0	0	0	798	0	0	0	374	0	1770	0	0	0	0	0	0	0	314	0	314	0	0	0	1870	0	13414	0	0	0	0	0	2870	0	2382	0	12874	0	6510	0	0	0	2800	0	994	0	518	0	0	0	0	0	0	0	428	0	10548	0	0	0	8676	0	0	0	112	0	0	0	0	0	0	0	0	0	0	0	0	0	0	0	0	0	0	0	0	0	0	0	0	0	0	0	
70668	Angular_R	0	0	0	0	0	0	0	0	0	0	0	0	0	0	0	0	0	0	0	0	0	0	0	0	0	0	0	0	0	0	0	0	0	0	0	0	0	0	0	0	0	0	104	116	0	206	0	0	0	2178	0	13884	0	0	0	0	0	134	0	1290	0	8266	0	3472	0	0	0	0	0	0	0	0	0	0	0	0	0	0	0	0	0	1630	0	0	0	3652	0	0	0	402	0	0	0	0	0	0	0	0	0	0	0	0	0	0	0	0	0	0	0	0	0	0	0	0	0	0	
250876	Precuneus_L	190	0	86	0	0	0	0	0	0	0	0	0	0	0	0	0	734	0	90	134	0	0	0	0	0	0	0	0	196	0	0	0	2210	418	11278	1034	3834	200	3112	0	0	0	16856	686	7510	2202	9070	0	10302	338	15466	94	2270	0	3568	0	2946	0	10748	166	3042	0	2070	0	2800	0	0	5962	1316	0	0	0	0	0	0	0	0	0	82	0	1128	0	0	0	3160	0	0	0	140	0	0	0	0	0	0	0	0	0	0	0	0	0	0	0	0	0	0	0	0	0	0	0	0	0	0	0	
307060	Precuneus_R	174	3996	0	112	0	0	0	106	0	0	0	0	0	0	0	0	0	288	82	2430	0	0	0	0	0	0	0	0	0	420	0	0	556	11870	1328	12386	710	3772	426	3098	0	0	998	26790	1618	20356	224	5510	366	14200	0	5794	0	1796	0	6188	0	3738	84	4724	0	126	0	236	0	0	5962	0	180	4724	0	0	0	250	0	0	0	954	0	84	0	556	0	0	0	2638	0	0	0	1962	0	0	0	0	0	0	0	804	0	0	0	0	0	0	0	0	0	0	0	0	914	0	0	0	0	0	
101644	Paracentral_Lobule_L	13666	2310	1326	702	0	0	0	0	0	0	0	0	0	0	0	0	1144	0	4454	5080	0	0	0	0	0	0	0	0	0	0	0	0	5422	956	1936	192	0	0	0	0	0	0	0	144	0	0	0	0	0	0	262	0	0	0	0	0	5986	0	844	0	1460	0	512	0	994	0	1316	180	0	524	274	150	98	0	0	0	0	0	0	0	890	0	0	0	0	0	0	0	0	0	0	0	0	0	0	0	0	0	0	0	0	0	0	0	0	0	0	0	0	0	0	0	0	0	0	0	
73776	Paracentral_Lobule_R	0	3502	0	0	0	0	0	0	0	0	0	0	0	0	0	0	0	0	500	7560	0	0	0	0	0	0	0	0	0	0	0	0	414	7804	360	3670	0	0	0	0	0	0	0	1556	0	1054	0	0	0	222	0	102	0	0	0	0	0	4362	0	170	0	0	0	0	0	0	0	4724	524	0	0	0	0	0	0	0	0	0	0	0	0	0	0	0	0	196	0	0	0	168	0	0	0	0	0	0	0	0	0	0	0	0	0	0	0	0	0	0	0	0	0	0	0	0	0	0	
425596	Caudate_L	10368	3806	11180	13176	1338	424	11460	11240	142	0	12406	7056	1772	8774	1010	120	4028	102	6412	6094	7652	6546	924	974	598	80	1952	586	10878	1586	7946	3848	100	1692	0	0	1072	172	0	146	78	0	0	0	0	0	0	0	0	0	176	0	282	0	326	228	7960	0	0	0	1788	0	992	0	518	0	0	0	274	0	0	10780	12420	3176	564	160	11222	542	1288	0	1342	0	0	0	850	0	0	0	94	78	0	0	0	0	0	0	0	0	0	0	0	0	0	0	0	0	0	0	0	0	0	0	0	0	0	0	
399224	Caudate_R	1098	11094	1508	21694	196	9632	1180	1376	0	198	742	5036	0	2822	184	1220	256	2600	1370	16832	5216	7898	88	4558	0	6052	730	2650	538	7556	3676	19922	0	512	0	0	132	526	0	268	0	206	0	0	0	0	0	0	0	0	0	0	0	0	0	656	1062	0	0	0	284	74	148	98	0	0	0	0	150	0	10780	0	2742	20764	0	2292	568	19788	142	0	152	108	0	0	110	0	0	0	0	128	0	0	0	0	0	0	0	0	0	0	0	0	0	0	0	0	0	0	0	0	0	0	0	0	0	0	
308228	Putamen_L	1356	484	25160	1138	12038	104	1336	358	4298	0	3724	102	2200	216	5180	0	1084	0	11426	818	4408	2790	510	0	880	0	1084	180	21818	0	5136	874	0	0	82	0	6822	0	2752	0	1888	0	0	0	0	0	0	0	0	0	114	0	100	0	398	0	362	0	0	0	0	0	0	0	0	0	0	0	98	0	12420	2742	0	1038	7360	0	5686	0	898	0	462	0	908	0	902	0	0	0	380	0	0	0	0	0	0	0	0	0	0	0	0	0	0	0	0	0	0	0	0	0	0	0	0	0	0	0	
337572	Putamen_R	166	708	430	11312	184	12734	102	1170	0	1138	166	3778	0	968	170	2210	76	5162	374	9346	1932	3096	0	2338	0	5246	606	2376	130	18602	1496	6486	0	0	0	0	138	15004	0	6136	0	1188	0	332	0	0	0	0	0	0	0	0	0	588	0	12058	162	0	0	0	0	0	0	0	0	0	0	250	0	0	3176	20764	1038	0	0	4420	462	5938	0	106	0	700	0	694	0	1418	0	0	0	1114	0	246	0	0	0	0	0	0	0	352	0	0	0	0	0	0	0	0	0	0	0	0	0	0	0	0	
50964	Pallidum_L	284	86	6084	140	0	0	126	0	0	0	634	0	494	0	0	0	346	0	6100	100	0	0	0	0	0	0	0	0	152	0	0	0	0	0	0	0	1108	0	354	0	0	0	0	0	0	0	0	0	0	0	0	0	0	0	0	0	188	0	0	0	0	0	0	0	0	0	0	0	0	0	564	0	7360	0	0	0	1362	0	0	0	0	0	0	0	0	0	0	0	0	0	0	0	0	0	0	0	0	0	0	0	0	0	0	0	0	0	0	0	0	0	0	0	0	0	0	0	
36744	Pallidum_R	0	0	0	2172	0	682	0	360	0	0	0	450	0	554	0	0	0	1874	0	1436	0	0	0	260	0	0	0	0	0	1370	0	252	0	0	0	0	0	734	0	504	0	0	0	0	0	0	0	0	0	0	0	0	0	0	0	402	0	0	0	0	0	0	0	0	0	0	0	0	0	0	160	2292	0	4420	0	0	0	176	0	0	0	190	0	0	0	0	0	0	0	0	0	0	0	0	0	0	0	0	0	84	0	0	0	0	0	0	0	0	0	0	0	0	0	0	0	0	
81972	Thalamus_L	2182	1006	4010	656	0	0	186	350	0	0	718	0	372	0	0	0	364	0	3090	182	0	0	0	0	0	0	0	0	1122	0	86	0	0	0	0	0	3616	78	786	0	100	0	0	0	0	0	250	0	0	0	0	0	0	0	170	0	1260	0	0	0	156	0	0	0	0	0	0	0	0	0	11222	568	5686	462	1362	0	0	946	0	0	0	0	0	0	0	0	0	0	0	0	0	0	0	0	0	0	0	0	0	0	0	0	0	0	0	0	0	0	0	0	0	0	0	0	0	0	
225864	Thalamus_R	258	19588	108	6212	0	0	254	5254	0	0	136	2904	0	554	0	0	0	2246	0	550	0	0	0	0	0	0	0	0	230	4204	0	166	0	0	628	1038	1522	13738	992	9430	0	258	0	716	0	0	296	736	0	0	0	0	0	106	0	10886	180	168	0	0	0	90	0	170	0	0	0	954	0	0	542	19788	0	5938	0	176	946	0	0	164	0	300	0	0	0	102	0	0	0	296	0	0	0	0	0	0	0	108	0	0	0	0	0	0	0	0	0	0	0	0	0	0	0	0	0	0	
105188	Heschl_L	1152	0	1452	390	0	0	504	206	0	0	2934	134	1256	258	0	0	4446	0	620	84	0	0	0	0	0	0	0	0	12204	0	0	0	0	0	0	0	844	0	0	0	0	0	78	0	0	0	0	0	410	0	3366	0	2802	0	2600	0	1530	0	0	0	230	0	728	0	428	0	82	0	0	0	1288	142	898	0	0	0	0	0	0	0	1918	0	0	0	7868	0	0	0	1742	0	0	0	0	0	0	0	0	0	0	0	0	0	0	0	0	0	0	0	0	0	0	0	0	0	0	0	
38648	Heschl_R	0	134	0	0	0	0	0	0	0	0	0	0	0	0	0	386	0	3814	0	0	0	0	0	0	0	0	0	0	0	4970	0	0	0	0	0	0	0	184	0	286	0	0	0	250	0	0	0	0	0	0	0	0	0	228	0	486	0	122	0	0	0	0	0	258	0	0	0	84	0	0	0	0	0	106	0	0	0	164	0	0	0	5118	0	1110	0	930	0	0	0	694	0	0	0	0	0	0	0	0	0	0	0	0	0	0	0	0	0	0	0	0	0	0	0	0	0	0	
209344	Temporal_Sup_L	300	414	1176	546	0	0	0	228	0	0	1664	0	142	0	0	0	13434	0	712	364	0	0	0	0	0	0	0	0	6184	0	0	0	136	0	900	0	2416	0	0	0	0	0	0	0	84	0	106	0	306	0	4206	0	258	0	3172	0	4258	0	392	0	3486	0	7412	0	10548	0	1128	0	890	0	1342	152	462	0	0	0	0	0	1918	0	0	0	5132	0	24860	0	0	0	5944	0	0	0	0	0	0	0	0	0	0	0	0	0	0	0	0	0	0	0	0	0	0	0	0	0	0	0	
119196	Temporal_Sup_R	0	314	0	0	0	0	0	0	0	0	0	124	0	0	0	970	0	5902	0	0	0	0	0	0	0	0	0	0	0	8324	0	0	0	0	0	0	0	738	0	826	0	116	0	714	0	0	0	0	0	290	0	494	0	716	0	2866	0	822	0	0	0	292	0	2958	0	1630	0	556	0	0	0	108	0	700	0	190	0	300	0	5118	0	0	0	3396	0	14534	0	218	0	6382	0	0	0	0	0	0	0	0	0	0	0	0	0	0	0	0	0	0	0	0	0	0	0	0	0	0	
65676	Temporal_Pole_Sup_L	0	0	0	0	774	0	0	0	120	0	736	0	104	0	1420	0	862	0	0	0	512	0	0	0	0	0	0	0	3554	0	0	0	0	0	0	0	1390	0	316	0	712	0	0	0	0	0	0	0	0	0	0	0	0	0	1588	0	0	0	0	0	0	0	0	0	0	0	0	0	0	0	0	0	908	0	0	0	0	0	0	0	5132	0	0	0	6532	0	4116	0	4062	0	0	0	0	0	0	0	0	0	0	0	0	0	0	0	0	0	0	0	0	0	0	0	0	0	0	0	
57400	Temporal_Pole_Sup_R	0	0	0	0	0	0	0	0	0	0	0	132	0	0	0	1576	0	712	0	0	0	190	0	0	0	0	0	0	0	2638	0	0	0	0	0	0	0	1582	0	3012	0	2692	0	0	0	0	0	0	0	0	0	0	0	0	0	4684	0	0	0	0	0	0	0	0	0	0	0	0	0	0	0	0	0	694	0	0	0	0	0	1110	0	3396	0	0	0	2690	0	1756	0	1836	0	0	0	0	0	0	0	0	0	0	0	0	0	0	0	0	0	0	0	0	0	0	0	0	0	0	
283588	Temporal_Mid_L	624	118	1632	342	0	0	452	154	0	0	1560	106	1072	180	0	0	2598	0	1042	84	0	0	0	0	0	0	0	0	8142	0	0	0	268	0	2026	104	1790	0	0	0	0	0	1896	0	1106	0	234	0	1510	0	15514	0	4692	0	8166	0	1274	0	120	0	1024	0	1636	0	8676	0	3160	0	0	0	850	110	902	0	0	0	0	0	7868	0	24860	0	6532	0	0	0	4060	0	25208	0	102	0	0	0	0	0	0	0	0	0	0	0	0	0	0	0	0	0	0	0	0	0	0	0	0	0	
132484	Temporal_Mid_R	0	696	0	0	0	0	0	0	0	0	0	0	0	0	0	0	0	1872	0	132	0	0	0	0	0	0	0	0	0	2916	0	0	0	82	0	274	0	1076	0	354	0	0	80	1332	0	802	0	122	0	1560	0	8586	0	522	0	2264	0	958	0	0	0	128	0	1280	0	3652	0	2638	0	196	0	0	0	1418	0	0	0	102	0	930	0	14534	0	2690	0	0	0	752	0	14294	0	0	0	0	0	0	0	0	0	0	0	0	0	0	0	0	0	0	0	0	0	0	0	0	0	0	
26624	Temporal_Pole_Mid_L	0	0	0	0	0	0	0	0	0	0	0	0	0	0	0	0	0	0	0	0	0	0	0	0	0	0	0	0	0	0	0	0	0	0	0	0	0	0	0	0	0	0	0	0	0	0	0	0	0	0	0	0	0	0	1310	0	0	0	0	0	0	0	0	0	0	0	0	0	0	0	0	0	0	0	0	0	0	0	0	0	0	0	4116	0	4060	0	0	0	3826	0	0	0	0	0	0	0	0	0	0	0	0	0	0	0	0	0	0	0	0	0	0	0	0	0	0	0	
11616	Temporal_Pole_Mid_R	0	0	0	0	0	0	0	0	0	0	0	0	0	0	0	0	0	0	0	0	0	0	0	0	0	0	0	0	0	0	0	0	0	0	0	0	0	0	0	826	0	228	0	0	0	0	0	0	0	0	0	0	0	0	0	1498	0	0	0	0	0	0	0	0	0	0	0	0	0	0	0	0	0	0	0	0	0	0	0	0	0	218	0	1756	0	752	0	0	0	530	0	0	0	0	0	0	0	0	0	0	0	0	0	0	0	0	0	0	0	0	0	0	0	0	0	0	
156596	Temporal_Inf_L	96	0	490	0	0	0	120	0	0	0	412	0	290	0	0	0	206	0	308	0	0	0	0	0	0	0	0	0	3882	0	0	0	0	0	0	0	5704	0	212	0	1824	0	0	0	0	0	268	0	94	0	2876	0	1832	0	15494	0	168	0	0	0	74	0	76	0	112	0	140	0	0	0	94	0	380	0	0	0	0	0	1742	0	5944	0	4062	0	25208	0	3826	0	0	0	1510	0	240	0	0	0	0	0	250	0	174	0	190	0	0	0	0	0	0	0	0	0	0	0	0	0	
139792	Temporal_Inf_R	0	980	0	174	0	0	0	96	0	0	0	132	0	110	0	0	0	2414	0	180	0	0	0	0	0	0	0	0	0	5770	0	0	0	142	0	292	0	5178	0	1914	0	544	0	1384	0	180	0	0	0	436	0	1112	0	2146	0	15114	0	918	0	0	0	178	0	2482	0	402	0	1962	0	168	78	128	0	1114	0	0	0	296	0	694	0	6382	0	1836	0	14294	0	530	0	0	0	136	0	0	0	0	0	0	0	0	0	0	0	0	0	0	0	0	0	0	0	0	0	0	0	0	
456648	Cerebelum_Crus1_L	0	0	0	0	0	0	0	0	0	0	0	0	0	0	0	0	0	0	0	0	0	0	0	0	0	0	0	0	0	0	0	0	0	0	0	0	0	0	0	0	0	0	0	0	0	0	3334	1196	0	0	376	0	894	0	14692	294	0	0	0	0	0	0	0	0	0	0	0	0	0	0	0	0	0	0	0	0	0	0	0	0	0	0	0	0	102	0	0	0	1510	0	0	7668	34284	6532	682	0	23160	1984	56404	5636	14382	1130	18640	2440	1424	1376	198	426	0	0	5776	7982	10552	2670	2182	398	
538744	Cerebelum_Crus1_R	0	0	0	0	0	0	0	0	0	0	0	0	0	0	0	0	0	0	0	0	0	0	0	0	0	0	0	0	0	0	0	0	0	0	0	0	0	540	0	248	0	88	0	0	0	0	952	5784	0	0	0	0	188	0	462	6020	0	0	0	0	0	0	0	0	0	0	0	0	0	0	0	0	0	246	0	0	0	0	0	0	0	0	0	0	0	0	0	0	0	136	7668	0	5446	42324	198	5714	3800	29418	5420	69306	1028	5228	938	27126	500	9176	0	1728	100	1734	8330	9832	13040	3182	3194	278	
330020	Cerebelum_Crus2_L	0	0	0	0	0	0	0	0	0	0	0	0	0	0	0	0	0	0	0	0	0	0	0	0	0	0	0	0	0	0	0	0	0	0	0	0	0	0	0	0	0	0	0	0	0	0	0	0	0	0	0	0	0	0	180	0	0	0	0	0	0	0	0	0	0	0	0	0	0	0	0	0	0	0	0	0	0	0	0	0	0	0	0	0	0	0	0	0	240	0	34284	5446	0	12288	0	0	910	0	5652	882	36014	2716	34522	3984	3248	744	1248	270	0	0	76	1780	14826	4294	1406	0	
362844	Cerebelum_Crus2_R	0	0	0	0	0	0	0	0	0	0	0	0	0	0	0	0	0	0	0	0	0	0	0	0	0	0	0	0	0	0	0	0	0	0	0	0	0	0	0	0	0	0	0	0	0	0	0	186	0	0	0	0	0	0	0	94	0	0	0	0	0	0	0	0	0	0	0	0	0	0	0	0	0	0	0	0	0	0	0	0	0	0	0	0	0	0	0	0	0	0	6532	42324	12288	0	0	284	90	630	954	11072	3350	22878	2868	41416	190	8400	0	1394	0	94	122	1544	17770	4678	2164	100	
20324	Cerebelum_3_L	0	0	0	0	0	0	0	0	0	0	0	0	0	0	0	0	0	0	0	0	0	0	0	0	0	0	0	0	0	0	0	0	0	0	0	0	0	0	86	0	0	0	0	0	0	0	138	0	0	0	0	0	0	0	306	0	0	0	0	0	0	0	0	0	0	0	0	0	0	0	0	0	0	0	0	0	0	0	0	0	0	0	0	0	0	0	0	0	0	0	682	198	0	0	0	0	4082	368	1650	252	0	0	0	0	386	0	0	0	566	594	854	0	0	0	0	0	
44380	Cerebelum_3_R	0	0	0	0	0	0	0	0	0	0	0	0	0	0	0	0	0	0	0	0	0	0	0	0	0	0	0	0	0	0	0	0	0	0	0	0	0	0	0	0	0	0	0	0	0	0	0	0	0	0	0	0	0	0	0	0	0	0	0	0	0	0	0	0	0	0	0	0	0	0	0	0	0	0	0	0	0	0	0	0	0	0	0	0	0	0	0	0	0	0	0	5714	0	284	0	0	0	6302	0	6976	0	0	0	310	0	200	0	0	250	2154	0	0	0	0	0	0	
309424	Cerebelum_4_5_L	0	0	0	0	0	0	0	0	0	0	0	0	0	0	0	0	0	0	0	0	0	0	0	0	0	0	0	0	0	0	0	0	0	0	0	0	124	0	226	0	0	0	0	0	0	0	8968	2648	0	0	150	0	1490	92	15466	636	0	0	0	0	0	0	0	0	0	0	0	0	0	0	0	0	0	0	0	0	0	0	0	0	0	0	0	0	0	0	0	0	0	0	23160	3800	910	90	4082	0	0	6790	41814	5596	1280	0	1304	112	5544	1944	630	0	198	994	17700	4436	0	330	1778	2420	
251488	Cerebelum_4_5_R	0	0	0	0	0	0	0	0	0	0	0	0	0	0	0	0	0	0	0	0	0	0	0	0	0	0	0	0	0	0	0	0	0	0	0	292	0	348	0	538	0	0	0	0	0	0	1716	7978	0	0	0	0	82	394	808	6338	0	0	0	0	0	0	0	0	0	0	0	804	0	0	0	0	0	0	0	0	0	108	0	0	0	0	0	0	0	0	0	0	0	0	1984	29418	0	630	368	6302	6790	0	4412	36656	192	0	102	816	1422	898	0	0	0	1392	12478	1318	82	134	168	776	
457080	Cerebelum_6_L	0	0	0	0	0	0	0	0	0	0	0	0	0	0	0	0	0	0	0	0	0	0	0	0	0	0	0	0	0	0	0	0	0	0	0	0	0	0	0	0	0	0	92	0	0	0	9248	2534	0	0	588	0	2464	88	23962	612	0	0	0	0	0	0	0	0	0	0	0	0	0	0	0	0	0	0	0	0	0	0	0	0	0	0	0	0	0	0	0	0	250	0	56404	5420	5652	954	1650	0	41814	4412	0	7536	5840	216	8228	2072	4018	3124	260	554	0	372	13514	12750	4584	3298	4234	1796	
442612	Cerebelum_6_R	0	0	0	0	0	0	0	0	0	0	0	0	0	0	0	0	0	0	0	0	0	0	0	0	0	0	0	0	0	0	0	0	0	0	0	0	0	548	0	554	0	0	0	0	0	0	1426	8702	0	0	110	0	304	536	848	8814	0	0	0	0	0	0	0	0	0	0	0	0	0	0	0	0	0	352	0	84	0	0	0	0	0	0	0	0	0	0	0	0	0	0	5636	69306	882	11072	252	6976	5596	36656	7536	0	440	0	500	7584	1062	5520	0	1316	108	1970	11768	12588	5826	2646	2608	1180	
247248	Cerebelum_7b_L	0	0	0	0	0	0	0	0	0	0	0	0	0	0	0	0	0	0	0	0	0	0	0	0	0	0	0	0	0	0	0	0	0	0	0	0	0	0	0	0	0	0	0	0	0	0	0	0	0	0	0	0	0	0	0	0	0	0	0	0	0	0	0	0	0	0	0	0	0	0	0	0	0	0	0	0	0	0	0	0	0	0	0	0	0	0	0	0	174	0	14382	1028	36014	3350	0	0	1280	192	5840	440	0	1926	33784	4110	4890	1024	1464	190	0	0	756	1126	5050	4824	1476	304	
138496	Cerebelum_7b_R	0	0	0	0	0	0	0	0	0	0	0	0	0	0	0	0	0	0	0	0	0	0	0	0	0	0	0	0	0	0	0	0	0	0	0	0	0	0	0	0	0	0	0	0	0	0	0	0	0	0	0	0	0	0	0	0	0	0	0	0	0	0	0	0	0	0	0	0	0	0	0	0	0	0	0	0	0	0	0	0	0	0	0	0	0	0	0	0	0	0	1130	5228	2716	22878	0	0	0	0	216	0	1926	0	2884	23516	0	2096	0	0	0	0	0	130	2530	3556	442	0	
315600	Cerebelum_8_L	0	0	0	0	0	0	0	0	0	0	0	0	0	0	0	0	0	0	0	0	0	0	0	0	0	0	0	0	0	0	0	0	0	0	0	0	0	0	0	0	0	0	0	0	0	0	0	0	0	0	0	0	0	0	0	0	0	0	0	0	0	0	0	0	0	0	0	0	0	0	0	0	0	0	0	0	0	0	0	0	0	0	0	0	0	0	0	0	190	0	18640	938	34522	2868	0	0	1304	102	8228	500	33784	2884	0	6352	18054	1890	5366	426	0	0	684	2020	5870	8950	3982	246	
322244	Cerebelum_8_R	0	0	0	0	0	0	0	0	0	0	0	0	0	0	0	0	0	0	0	0	0	0	0	0	0	0	0	0	0	0	0	0	0	0	0	0	0	0	0	0	0	0	0	0	0	0	0	0	0	0	0	0	0	0	0	0	0	0	0	0	0	0	0	0	0	0	0	0	0	0	0	0	0	0	0	0	0	0	0	0	0	0	0	0	0	0	0	0	0	0	2440	27126	3984	41416	0	310	112	816	2072	7584	4110	23516	6352	0	652	19478	0	1588	0	0	122	968	6012	8192	4140	132	
134604	Cerebelum_9_L	0	0	0	0	0	0	0	0	0	0	0	0	0	0	0	0	0	0	0	0	0	0	0	0	0	0	0	0	0	0	0	0	0	0	0	0	0	0	0	0	0	0	0	0	0	0	0	116	0	0	0	0	0	0	0	0	0	0	0	0	0	0	0	0	0	0	0	0	0	0	0	0	0	0	0	0	0	0	0	0	0	0	0	0	0	0	0	0	0	0	1424	500	3248	190	386	0	5544	1422	4018	1062	4890	0	18054	652	0	1582	7810	92	130	350	4616	3442	1062	2068	3400	1244	
172548	Cerebelum_9_R	0	0	0	0	0	0	0	0	0	0	0	0	0	0	0	0	0	0	0	0	0	0	0	0	0	0	0	0	0	0	0	0	0	0	0	0	0	0	0	0	0	0	0	0	0	0	206	0	0	0	0	0	0	0	196	0	0	0	0	0	0	0	0	0	0	0	0	0	0	0	0	0	0	0	0	0	0	0	0	0	0	0	0	0	0	0	0	0	0	0	1376	9176	744	8400	0	200	1944	898	3124	5520	1024	2096	1890	19478	1582	0	170	3236	142	244	2736	4788	2872	4030	7616	2586	
38436	Cerebelum_10_L	0	0	0	0	0	0	0	0	0	0	0	0	0	0	0	0	0	0	0	0	0	0	0	0	0	0	0	0	0	0	0	0	0	0	0	0	0	0	0	0	0	0	0	0	0	0	0	0	0	0	0	0	0	0	0	0	0	0	0	0	0	0	0	0	0	0	0	0	0	0	0	0	0	0	0	0	0	0	0	0	0	0	0	0	0	0	0	0	0	0	198	0	1248	0	0	0	630	0	260	0	1464	0	5366	0	7810	170	0	0	0	0	336	808	0	210	636	82	
30988	Cerebelum_10_R	0	0	0	0	0	0	0	0	0	0	0	0	0	0	0	0	0	0	0	0	0	0	0	0	0	0	0	0	0	0	0	0	0	0	0	0	0	0	0	0	0	0	0	0	0	0	0	0	0	0	0	0	0	0	0	0	0	0	0	0	0	0	0	0	0	0	0	0	0	0	0	0	0	0	0	0	0	0	0	0	0	0	0	0	0	0	0	0	0	0	426	1728	270	1394	0	0	0	0	554	1316	190	0	426	1588	92	3236	0	0	0	0	0	584	1054	1340	1296	0	
8800	Vermis_1_2	0	0	0	0	0	0	0	0	0	0	0	0	0	0	0	0	0	0	0	0	0	0	0	0	0	0	0	0	0	0	0	0	0	0	0	0	0	0	0	0	0	0	0	0	0	0	0	0	0	0	0	0	0	0	0	0	0	0	0	0	0	0	0	0	0	0	0	0	0	0	0	0	0	0	0	0	0	0	0	0	0	0	0	0	0	0	0	0	0	0	0	100	0	0	566	250	198	0	0	108	0	0	0	0	130	142	0	0	0	2690	216	0	0	0	0	0	
28436	Vermis_3	0	0	0	0	0	0	0	0	0	0	0	0	0	0	0	0	0	0	0	0	0	0	0	0	0	0	0	0	0	0	0	0	0	0	0	0	0	0	0	0	0	0	0	0	0	0	0	76	0	0	0	0	0	0	0	0	0	0	0	0	0	0	0	0	0	0	0	0	0	0	0	0	0	0	0	0	0	0	0	0	0	0	0	0	0	0	0	0	0	0	0	1734	0	94	594	2154	994	1392	372	1970	0	0	0	0	350	244	0	0	2690	0	1554	0	0	0	0	0	
226124	Vermis_4_5	0	0	0	0	0	0	0	0	0	0	0	0	0	0	0	0	0	0	0	0	0	0	0	0	0	0	0	0	0	0	0	0	0	0	210	876	192	258	98	88	0	0	0	0	0	0	3812	5676	0	0	250	0	506	264	3344	1990	0	0	0	0	0	0	0	0	0	0	0	914	0	0	0	0	0	0	0	0	0	0	0	0	0	0	0	0	0	0	0	0	0	0	5776	8330	76	122	854	0	17700	12478	13514	11768	756	0	684	122	4616	2736	336	0	216	1554	0	7188	0	282	1978	3498	
202532	Vermis_6	0	0	0	0	0	0	0	0	0	0	0	0	0	0	0	0	0	0	0	0	0	0	0	0	0	0	0	0	0	0	0	0	0	0	0	0	0	0	0	0	0	0	0	0	0	0	1914	3442	0	0	236	0	598	0	1884	830	0	0	0	0	0	0	0	0	0	0	0	0	0	0	0	0	0	0	0	0	0	0	0	0	0	0	0	0	0	0	0	0	0	0	7982	9832	1780	1544	0	0	4436	1318	12750	12588	1126	130	2020	968	3442	4788	808	584	0	0	7188	0	5830	3662	6212	3374	
220972	Vermis_7	0	0	0	0	0	0	0	0	0	0	0	0	0	0	0	0	0	0	0	0	0	0	0	0	0	0	0	0	0	0	0	0	0	0	0	0	0	0	0	0	0	0	0	0	0	0	0	1096	0	0	0	0	0	0	0	426	0	0	0	0	0	0	0	0	0	0	0	0	0	0	0	0	0	0	0	0	0	0	0	0	0	0	0	0	0	0	0	0	0	0	10552	13040	14826	17770	0	0	0	82	4584	5826	5050	2530	5870	6012	1062	2872	0	1054	0	0	0	5830	0	7434	4570	0	
