data	data	609268	447440	1.01004e+06	1.06775e+06	107616	72692	657084	286868	71676	21740	376136	292848	442684	136280	189124	70864	487548	242248	752232	714356	47500	51272	417448	410516	36524	80076	44500	50936	714252	325684	310996	568060	149016	470248	134864	148680	240784	282656	46424	140912	27540	43088	234952	314516	126348	357840	257408	357524	204884	301216	497436	189656	139004	84788	396072	465008	359080	179380	221468	92248	240060	76428	142092	74536	155948	82772	225668	361416	226028	213112	371664	604060	320684	260760	43812	10248	199488	253348	149840	21036	396204	92592	104204	84656	341116	121068	33548	30868	258288	150436	480820	477964	532128	399432	19228	53404	289972	215732	485332	451780	370360	180136	448232	326656	192384	100328	63504	5972	15980	32792	232812	237012	246028	124440	83840	19988	
data	data	Precentral_L	Precentral_R	Frontal_Sup_L	Frontal_Sup_R	Frontal_Sup_Orb_L	Frontal_Sup_Orb_R	Frontal_Mid_L	Frontal_Mid_R	Frontal_Mid_Orb_L	Frontal_Mid_Orb_R	Frontal_Inf_Oper_L	Frontal_Inf_Oper_R	Frontal_Inf_Tri_L	Frontal_Inf_Tri_R	Frontal_Inf_Orb_L	Frontal_Inf_Orb_R	Rolandic_Oper_L	Rolandic_Oper_R	Supp_Motor_Area_L	Supp_Motor_Area_R	Olfactory_L	Olfactory_R	Frontal_Sup_Medial_L	Frontal_Sup_Medial_R	Frontal_Med_Orb_L	Frontal_Med_Orb_R	Rectus_L	Rectus_R	Insula_L	Insula_R	Cingulum_Ant_L	Cingulum_Ant_R	Cingulum_Mid_L	Cingulum_Mid_R	Cingulum_Post_L	Cingulum_Post_R	Hippocampus_L	Hippocampus_R	ParaHippocampal_L	ParaHippocampal_R	Amygdala_L	Amygdala_R	Calcarine_L	Calcarine_R	Cuneus_L	Cuneus_R	Lingual_L	Lingual_R	Occipital_Sup_L	Occipital_Sup_R	Occipital_Mid_L	Occipital_Mid_R	Occipital_Inf_L	Occipital_Inf_R	Fusiform_L	Fusiform_R	Postcentral_L	Postcentral_R	Parietal_Sup_L	Parietal_Sup_R	Parietal_Inf_L	Parietal_Inf_R	SupraMarginal_L	SupraMarginal_R	Angular_L	Angular_R	Precuneus_L	Precuneus_R	Paracentral_Lobule_L	Paracentral_Lobule_R	Caudate_L	Caudate_R	Putamen_L	Putamen_R	Pallidum_L	Pallidum_R	Thalamus_L	Thalamus_R	Heschl_L	Heschl_R	Temporal_Sup_L	Temporal_Sup_R	Temporal_Pole_Sup_L	Temporal_Pole_Sup_R	Temporal_Mid_L	Temporal_Mid_R	Temporal_Pole_Mid_L	Temporal_Pole_Mid_R	Temporal_Inf_L	Temporal_Inf_R	Cerebelum_Crus1_L	Cerebelum_Crus1_R	Cerebelum_Crus2_L	Cerebelum_Crus2_R	Cerebelum_3_L	Cerebelum_3_R	Cerebelum_4_5_L	Cerebelum_4_5_R	Cerebelum_6_L	Cerebelum_6_R	Cerebelum_7b_L	Cerebelum_7b_R	Cerebelum_8_L	Cerebelum_8_R	Cerebelum_9_L	Cerebelum_9_R	Cerebelum_10_L	Cerebelum_10_R	Vermis_1_2	Vermis_3	Vermis_4_5	Vermis_6	Vermis_7	Vermis_8	Vermis_9	Vermis_10	
609268	Precentral_L	0	3486	26458	4254	0	0	25486	82	0	0	19404	0	5566	0	0	0	22502	0	9972	9458	0	0	292	100	0	0	0	0	15582	0	522	140	334	4672	3162	1836	7522	1930	200	164	0	0	892	0	0	0	308	0	362	0	3092	0	94	0	380	0	33984	0	2212	0	8206	0	1784	0	762	0	1290	1370	20684	4512	1884	6772	5518	0	1608	0	17824	6472	9794	0	9828	0	0	0	1038	0	0	0	840	0	0	0	0	0	0	0	0	0	0	0	0	0	0	0	0	0	0	0	0	0	0	0	0	0	0	0	
447440	Precentral_R	3486	0	6768	53034	0	0	710	15488	0	0	398	5970	1160	0	0	0	3428	3072	2132	4476	0	0	0	0	0	0	0	0	2914	3832	0	238	0	284	1452	2910	1880	9944	0	1494	0	0	480	2250	0	1010	0	414	0	584	0	170	0	394	0	2408	1846	19050	0	720	268	1672	0	2094	180	0	0	1920	2560	5930	3268	13656	3208	3370	654	666	2082	23258	976	80	1054	722	0	132	0	480	0	0	0	1094	0	0	0	0	0	0	0	0	0	0	0	0	0	0	0	0	0	0	0	0	0	0	0	0	0	0	
1.01004e+06	Frontal_Sup_L	26458	6768	0	15088	11910	0	79944	2200	5776	0	16694	1402	19308	844	9040	544	21448	1316	60658	11794	0	0	45248	8720	1688	212	1564	0	27976	1620	17562	7826	5732	4332	0	98	1506	126	0	0	0	0	0	0	0	0	0	0	0	0	0	0	0	0	124	0	11488	320	0	0	706	124	432	116	102	0	0	0	590	126	9442	13834	20126	1402	2932	0	3496	8972	4550	0	10084	0	244	316	0	0	0	0	92	0	0	0	0	0	0	0	0	0	0	0	0	0	0	0	0	0	0	0	0	0	0	0	0	0	0	0	
1.06775e+06	Frontal_Sup_R	4254	53034	15088	0	0	4146	4856	35962	136	826	5190	12688	5760	6408	878	2798	5484	16124	32400	65734	0	0	10606	39364	0	3454	0	416	7866	14178	3200	32604	1166	19502	1416	1982	1836	8014	0	1110	0	0	0	252	0	136	0	0	0	0	0	0	0	0	0	998	2044	3192	0	214	350	688	0	764	84	0	0	86	1788	144	8074	42422	3966	12536	896	480	2038	25620	1000	436	1830	1158	580	2614	0	422	0	0	0	584	0	0	0	0	0	0	0	0	0	0	0	0	0	0	0	0	0	0	0	0	0	0	0	0	0	0	
107616	Frontal_Sup_Orb_L	0	0	11910	0	0	0	766	0	7568	0	0	0	96	0	8824	0	0	0	0	0	454	0	3834	282	2788	0	4950	0	2966	0	3814	110	0	0	0	0	0	0	0	0	146	0	0	0	0	0	0	0	0	0	0	0	0	0	0	0	0	0	0	0	0	0	0	0	0	0	0	0	0	0	0	0	5300	0	0	0	0	0	0	0	0	0	0	0	0	0	0	0	0	0	0	0	0	0	0	0	0	0	0	0	0	0	0	0	0	0	0	0	0	0	0	0	0	0	0	0	
72692	Frontal_Sup_Orb_R	0	0	0	4146	0	0	0	364	0	2700	100	544	0	122	0	1160	0	0	0	0	276	448	0	2592	368	7378	208	5686	0	926	436	1856	0	0	0	0	0	0	0	0	0	0	0	0	0	0	0	0	0	0	0	0	0	0	0	0	0	0	0	0	0	0	0	0	0	0	0	0	0	0	428	3576	158	2874	0	0	0	0	0	0	0	0	0	0	0	0	0	0	0	0	0	0	0	0	0	0	0	0	0	0	0	0	0	0	0	0	0	0	0	0	0	0	0	0	0	0	
657084	Frontal_Mid_L	25486	710	79944	4856	766	0	0	476	4418	0	14996	1224	36924	186	10114	576	8568	676	22360	3784	0	0	19168	5140	0	82	0	0	26522	892	8940	5216	2772	3032	688	382	2118	302	92	0	0	0	0	0	0	0	0	0	0	0	0	0	0	0	104	0	2882	0	0	0	1252	0	706	0	174	0	0	0	102	156	4436	3450	9362	676	886	0	5052	342	3656	0	3294	0	238	134	86	0	0	0	144	0	0	0	0	0	0	0	0	0	0	0	0	0	0	0	0	0	0	0	0	0	0	0	0	0	0	0	
286868	Frontal_Mid_R	82	15488	2200	35962	0	364	476	0	0	1010	650	9480	710	12898	0	4810	582	4064	5736	6470	0	0	1140	2404	0	0	0	0	1050	8476	822	5488	0	3268	222	300	340	1728	0	398	0	0	0	0	0	0	0	0	0	0	0	0	0	0	0	482	0	2398	0	130	88	444	0	466	0	0	0	126	0	216	1738	3338	1088	3906	0	122	284	1418	0	0	180	88	0	112	0	0	0	0	0	192	0	0	0	0	0	0	0	0	0	0	0	0	0	0	0	0	0	0	0	0	0	0	0	0	0	0	
71676	Frontal_Mid_Orb_L	0	0	5776	136	7568	0	4418	0	0	0	0	0	2114	0	11768	0	0	0	106	0	0	0	0	100	0	0	890	0	1080	0	0	128	0	0	0	0	0	0	0	0	0	0	0	0	0	0	0	0	0	0	0	0	0	0	0	0	0	0	0	0	0	0	0	0	0	0	0	0	0	0	374	142	1238	0	0	0	0	0	0	0	0	0	0	0	0	0	0	0	0	0	0	0	0	0	0	0	0	0	0	0	0	0	0	0	0	0	0	0	0	0	0	0	0	0	0	0	
21740	Frontal_Mid_Orb_R	0	0	0	826	0	2700	0	1010	0	0	0	136	0	400	0	4232	0	0	0	0	0	0	0	0	0	0	0	154	0	748	0	0	0	0	0	0	0	0	0	0	0	0	0	0	0	0	0	0	0	0	0	0	0	0	0	0	0	0	0	0	0	0	0	0	0	0	0	0	0	0	0	166	0	498	0	0	0	0	0	0	0	0	0	0	0	0	0	0	0	0	0	0	0	0	0	0	0	0	0	0	0	0	0	0	0	0	0	0	0	0	0	0	0	0	0	0	
376136	Frontal_Inf_Oper_L	19404	398	16694	5190	0	100	14996	650	0	0	0	890	23110	0	566	0	16890	932	13540	1526	0	0	1378	2362	0	106	0	0	18966	1096	2122	4058	232	302	0	0	130	0	0	0	0	0	0	0	0	0	0	0	0	0	0	0	0	0	0	0	3552	82	0	0	138	0	694	0	0	0	0	0	252	0	16210	6498	3144	666	198	0	550	182	550	0	4810	0	4766	138	0	0	0	0	0	0	0	0	0	0	0	0	0	0	0	0	0	0	0	0	0	0	0	0	0	0	0	0	0	0	0	0	
292848	Frontal_Inf_Oper_R	0	5970	1402	12688	0	544	1224	9480	0	136	890	0	1442	9942	122	856	576	13718	9508	10482	0	0	2286	3276	0	524	0	0	1242	22346	1914	8524	580	7520	0	0	0	394	0	84	0	0	0	0	0	0	0	0	0	0	0	0	0	0	0	0	0	4530	0	0	0	0	0	0	0	0	0	0	0	0	1372	4542	402	6520	0	0	112	120	0	0	200	0	0	956	0	0	0	0	0	0	0	0	0	0	0	0	0	0	0	0	0	0	0	0	0	0	0	0	0	0	0	0	0	0	0	0	
442684	Frontal_Inf_Tri_L	5566	1160	19308	5760	96	0	36924	710	2114	0	23110	1442	0	0	18032	198	2902	486	12796	2032	0	0	2756	2434	0	0	0	0	38600	998	3364	4026	0	944	0	0	120	0	0	0	0	0	0	0	0	0	0	0	0	0	0	0	0	0	0	0	250	262	0	94	92	94	0	80	0	0	0	0	122	0	15472	7606	6736	542	0	0	106	0	162	0	1488	0	2262	96	0	0	0	0	0	0	0	0	0	0	0	0	0	0	0	0	0	0	0	0	0	0	0	0	0	0	0	0	0	0	0	0	
136280	Frontal_Inf_Tri_R	0	0	844	6408	0	122	186	12898	0	400	0	9942	0	0	0	6942	0	234	2174	2546	0	0	1728	1894	0	0	0	0	0	9520	1182	6130	0	2548	0	0	0	0	0	0	0	0	0	0	0	0	0	0	0	0	0	0	0	0	0	0	0	0	0	0	0	0	0	0	0	0	0	0	0	0	0	1842	0	600	0	0	0	0	0	0	0	0	0	0	0	0	0	0	0	0	0	0	0	0	0	0	0	0	0	0	0	0	0	0	0	0	0	0	0	0	0	0	0	0	0	0	
189124	Frontal_Inf_Orb_L	0	0	9040	878	8824	0	10114	0	11768	0	566	122	18032	0	0	0	160	96	860	348	582	0	380	568	0	0	744	0	18006	88	854	952	0	0	0	0	0	0	82	0	158	0	0	0	0	0	0	0	0	0	0	0	0	0	0	0	0	0	0	0	0	0	0	0	0	0	0	0	0	0	2154	1278	6156	266	0	0	0	0	0	0	80	0	1406	0	0	0	0	0	0	0	0	0	0	0	0	0	0	0	0	0	0	0	0	0	0	0	0	0	0	0	0	0	0	0	0	0	
70864	Frontal_Inf_Orb_R	0	0	544	2798	0	1160	576	4810	0	4232	0	856	198	6942	0	0	0	0	1144	1172	0	0	188	120	0	0	0	528	144	6194	82	246	0	1112	0	0	0	0	0	0	0	0	0	0	0	0	0	0	0	0	0	0	0	0	0	0	0	0	0	0	0	0	0	0	0	0	0	0	0	0	0	1654	0	652	0	0	0	0	0	0	0	0	0	80	0	0	0	0	0	0	0	0	0	0	0	0	0	0	0	0	0	0	0	0	0	0	0	0	0	0	0	0	0	0	0	0	
487548	Rolandic_Oper_L	22502	3428	21448	5484	0	0	8568	582	0	0	16890	576	2902	0	160	0	0	776	7756	1204	0	0	396	864	0	0	0	0	31862	896	272	1570	0	184	0	0	2816	0	156	0	0	0	216	0	0	0	0	0	218	0	4812	0	518	0	552	0	13592	0	2566	0	1954	0	5968	0	112	0	270	0	486	0	9442	6112	3700	592	930	0	7466	3262	6702	0	31158	0	3932	100	5488	0	0	0	2334	0	0	0	0	0	0	0	0	0	0	0	0	0	0	0	0	0	0	0	0	0	0	0	0	0	0	0	
242248	Rolandic_Oper_R	0	3072	1316	16124	0	0	676	4064	0	0	932	13718	486	234	96	0	776	0	5430	14856	0	0	794	1382	0	0	0	0	830	20498	470	2672	162	2468	0	0	0	1678	0	286	0	0	0	0	0	0	0	0	0	0	0	0	0	0	0	0	0	4642	0	0	0	0	0	1964	0	0	0	218	96	248	1064	2788	408	6594	0	606	204	100	0	1290	208	2644	0	5030	0	0	0	0	0	0	0	0	0	0	0	0	0	0	0	0	0	0	0	0	0	0	0	0	0	0	0	0	0	0	0	0	
752232	Supp_Motor_Area_L	9972	2132	60658	32400	0	0	22360	5736	106	0	13540	9508	12796	2174	860	1144	7756	5430	0	61172	0	0	12162	5896	0	82	0	0	8786	5280	6010	12126	13028	31664	130	134	234	96	0	0	0	0	0	0	0	0	0	0	0	0	0	0	0	0	84	0	2302	710	0	0	0	114	0	116	0	0	114	0	5224	208	4554	6556	5310	1484	158	0	238	520	858	0	3202	82	158	752	0	0	0	0	0	0	0	0	0	0	0	0	0	0	0	0	0	0	0	0	0	0	0	0	0	0	0	0	0	0	0	0	
714356	Supp_Motor_Area_R	9458	4476	11794	65734	0	0	3784	6470	0	0	1526	10482	2032	2546	348	1172	1204	14856	61172	0	0	0	3084	6634	0	0	0	0	2936	9632	3866	14244	6244	47310	402	1886	82	552	0	252	0	0	0	260	0	98	0	86	0	0	0	0	0	0	0	606	632	1252	0	90	306	250	0	366	90	0	0	756	14268	16326	1240	14874	836	3244	334	306	206	1150	84	346	758	852	0	2992	0	106	0	0	0	286	0	0	0	0	0	0	0	0	0	0	0	0	0	0	0	0	0	0	0	0	0	0	0	0	0	0	
47500	Olfactory_L	0	0	0	0	454	276	0	0	0	0	0	0	0	0	582	0	0	0	0	0	0	5200	0	0	194	100	1878	1090	918	0	2318	1764	0	0	0	0	0	0	134	0	282	0	0	0	0	0	0	0	0	0	0	0	0	0	0	0	0	0	0	0	0	0	0	0	0	0	0	0	0	0	5070	2384	916	0	0	0	0	0	0	0	0	0	190	0	0	0	0	0	0	0	0	0	0	0	0	0	0	0	0	0	0	0	0	0	0	0	0	0	0	0	0	0	0	0	0	0	
51272	Olfactory_R	0	0	0	0	0	448	0	0	0	0	0	0	0	0	0	0	0	0	0	0	5200	0	0	0	0	152	1694	1784	0	1244	2328	1960	0	0	0	0	0	0	0	0	0	530	0	0	0	0	0	0	0	0	0	0	0	0	0	0	0	0	0	0	0	0	0	0	0	0	0	0	0	0	5720	3320	822	434	0	0	0	0	0	0	0	0	0	0	0	0	0	0	0	0	0	0	0	0	0	0	0	0	0	0	0	0	0	0	0	0	0	0	0	0	0	0	0	0	0	0	
417448	Frontal_Sup_Medial_L	292	0	45248	10606	3834	0	19168	1140	0	0	1378	2286	2756	1728	380	188	396	794	12162	3084	0	0	0	24600	3478	400	868	0	2052	386	22230	21568	6676	9602	0	0	0	0	0	0	0	0	0	0	0	0	0	0	0	0	0	0	0	0	0	0	0	0	0	0	0	0	0	0	0	0	0	0	0	0	2566	5668	1604	1334	0	0	0	0	0	0	124	0	0	128	0	0	0	0	0	0	0	0	0	0	0	0	0	0	0	0	0	0	0	0	0	0	0	0	0	0	0	0	0	0	0	0	
410516	Frontal_Sup_Medial_R	100	0	8720	39364	282	2592	5140	2404	100	0	2362	3276	2434	1894	568	120	864	1382	5896	6634	0	0	24600	0	516	5122	0	1318	2384	1446	7006	36410	560	16452	0	0	0	0	0	0	0	0	0	0	0	0	0	0	0	0	0	0	0	0	0	0	0	0	0	0	0	0	0	0	0	0	0	0	0	0	4048	13262	1204	6042	0	0	0	0	0	0	328	0	196	232	0	0	0	0	0	0	0	0	0	0	0	0	0	0	0	0	0	0	0	0	0	0	0	0	0	0	0	0	0	0	0	0	
36524	Frontal_Med_Orb_L	0	0	1688	0	2788	368	0	0	0	0	0	0	0	0	0	0	0	0	0	0	194	0	3478	516	0	1308	1480	0	0	0	4668	582	0	0	0	0	0	0	0	0	0	0	0	0	0	0	0	0	0	0	0	0	0	0	0	0	0	0	0	0	0	0	0	0	0	0	0	0	0	0	164	464	564	0	0	0	0	0	0	0	0	0	0	0	0	0	0	0	0	0	0	0	0	0	0	0	0	0	0	0	0	0	0	0	0	0	0	0	0	0	0	0	0	0	0	0	
80076	Frontal_Med_Orb_R	0	0	212	3454	0	7378	82	0	0	0	106	524	0	0	0	0	0	0	82	0	100	152	400	5122	1308	0	84	6388	80	604	1782	5366	0	0	0	0	0	0	0	0	0	0	0	0	0	0	0	0	0	0	0	0	0	0	0	0	0	0	0	0	0	0	0	0	0	0	0	0	0	0	290	4378	180	1966	0	0	0	0	0	0	0	0	0	0	0	0	0	0	0	0	0	0	0	0	0	0	0	0	0	0	0	0	0	0	0	0	0	0	0	0	0	0	0	0	0	0	
44500	Rectus_L	0	0	1564	0	4950	208	0	0	890	0	0	0	0	0	744	0	0	0	0	0	1878	1694	868	0	1480	84	0	820	142	0	2960	790	0	0	0	0	0	0	0	0	0	0	0	0	0	0	0	0	0	0	0	0	0	0	0	0	0	0	0	0	0	0	0	0	0	0	0	0	0	0	1604	426	1148	0	0	0	0	0	0	0	0	0	0	0	0	0	0	0	0	0	0	0	0	0	0	0	0	0	0	0	0	0	0	0	0	0	0	0	0	0	0	0	0	0	0	0	
50936	Rectus_R	0	0	0	416	0	5686	0	0	0	154	0	0	0	0	0	528	0	0	0	0	1090	1784	0	1318	0	6388	820	0	0	704	1000	2378	0	0	0	0	0	0	0	0	0	0	0	0	0	0	0	0	0	0	0	0	0	0	0	0	0	0	0	0	0	0	0	0	0	0	0	0	0	0	852	1820	210	320	0	0	0	0	0	0	0	0	0	0	0	0	0	0	0	0	0	0	0	0	0	0	0	0	0	0	0	0	0	0	0	0	0	0	0	0	0	0	0	0	0	0	
714252	Insula_L	15582	2914	27976	7866	2966	0	26522	1050	1080	0	18966	1242	38600	0	18006	144	31862	830	8786	2936	918	0	2052	2384	0	80	142	0	0	1172	3562	3904	0	710	1098	494	13150	446	944	84	1806	0	240	0	0	0	106	0	0	0	408	0	158	0	3080	0	5380	268	502	0	422	126	224	112	0	0	586	120	370	0	18148	7634	26952	884	800	0	8524	710	11280	0	16828	0	7318	154	2394	0	0	0	3124	0	0	0	0	0	0	0	0	0	0	0	0	0	0	0	0	0	0	0	0	0	0	0	0	0	0	0	
325684	Insula_R	0	3832	1620	14178	0	926	892	8476	0	748	1096	22346	998	9520	88	6194	896	20498	5280	9632	0	1244	386	1446	0	604	0	704	1172	0	738	3276	0	1182	132	206	222	4398	0	686	0	1320	0	0	0	0	0	0	0	0	0	0	0	0	0	738	0	2646	0	0	0	0	0	770	0	0	0	0	0	0	1730	5630	518	19440	0	514	478	376	0	774	260	1254	0	2068	0	266	0	0	0	444	0	0	0	0	0	0	0	0	0	0	0	0	0	0	0	0	0	0	0	0	0	0	0	0	0	0	
310996	Cingulum_Ant_L	522	0	17562	3200	3814	436	8940	822	0	0	2122	1914	3364	1182	854	82	272	470	6010	3866	2318	2328	22230	7006	4668	1782	2960	1000	3562	738	0	22236	3264	5924	260	0	0	0	0	0	0	0	0	0	0	0	0	0	0	0	0	0	0	0	0	0	0	0	0	0	0	0	0	0	0	0	210	0	0	0	5496	6022	6422	1536	0	0	0	0	0	0	104	0	0	0	0	0	0	0	0	0	0	0	0	0	0	0	0	0	0	0	0	0	0	0	0	0	0	0	0	0	0	0	0	0	0	0	
568060	Cingulum_Ant_R	140	238	7826	32604	110	1856	5216	5488	128	0	4058	8524	4026	6130	952	246	1570	2672	12126	14244	1764	1960	21568	36410	582	5366	790	2378	3904	3276	22236	0	2292	23520	0	0	0	0	0	0	0	0	0	0	0	0	0	0	0	0	0	0	0	0	0	0	0	228	0	0	0	0	0	0	0	0	0	0	0	0	8078	27680	2296	10088	0	0	114	106	0	0	500	0	360	380	0	0	0	0	0	0	0	0	0	0	0	0	0	0	0	0	0	0	0	0	0	0	0	0	0	0	0	0	0	0	0	0	
149016	Cingulum_Mid_L	334	0	5732	1166	0	0	2772	0	0	0	232	580	0	0	0	0	0	162	13028	6244	0	0	6676	560	0	0	0	0	0	0	3264	2292	0	8642	4660	550	0	0	0	0	0	0	846	0	1948	142	0	0	368	0	1624	0	0	0	0	0	402	0	222	0	0	0	0	0	0	0	4686	780	5800	328	0	246	0	0	0	0	0	0	0	0	0	0	0	0	222	0	0	0	0	0	0	0	0	0	0	0	0	0	0	0	0	0	0	0	0	0	0	0	0	0	0	0	0	0	0	0	
470248	Cingulum_Mid_R	4672	284	4332	19502	0	0	3032	3268	0	0	302	7520	944	2548	0	1112	184	2468	31664	47310	0	0	9602	16452	0	0	0	0	710	1182	5924	23520	8642	0	1028	5412	0	0	0	0	0	0	0	522	0	404	0	256	0	0	0	0	0	94	0	130	148	1082	0	0	0	0	0	0	0	0	0	4274	9612	11494	518	3974	0	466	0	0	0	0	0	0	120	0	0	416	0	0	0	0	0	0	0	0	0	0	0	0	0	0	0	0	0	0	0	0	0	0	0	0	0	0	0	0	0	0	0	0	
134864	Cingulum_Post_L	3162	1452	0	1416	0	0	688	222	0	0	0	0	0	0	0	0	0	0	130	402	0	0	0	0	0	0	0	0	1098	132	260	0	4660	1028	0	8062	8676	3924	0	422	0	0	5258	114	1152	0	2012	110	0	0	356	0	0	0	196	198	1518	0	0	0	186	0	0	0	0	0	8578	1266	5198	534	0	0	0	0	0	0	2514	286	1918	0	0	0	0	0	86	0	0	0	218	0	0	0	0	0	0	0	0	0	0	0	0	0	0	0	0	0	0	0	0	0	0	0	0	0	0	0	
148680	Cingulum_Post_R	1836	2910	98	1982	0	0	382	300	0	0	0	0	0	0	0	0	0	0	134	1886	0	0	0	0	0	0	0	0	494	206	0	0	550	5412	8062	0	4850	9016	0	2236	0	0	0	850	0	360	0	3622	0	0	0	0	0	132	0	4220	82	1656	0	0	0	0	0	0	0	0	110	9072	940	4084	80	218	0	0	0	0	4410	1794	488	182	0	234	0	0	0	0	0	0	0	1244	0	0	0	0	0	0	0	0	0	0	0	0	0	0	0	0	0	0	0	0	208	0	0	0	0	0	
240784	Hippocampus_L	7522	1880	1506	1836	0	0	2118	340	0	0	130	0	120	0	0	0	2816	0	234	82	0	0	0	0	0	0	0	0	13150	222	0	0	0	0	8676	4850	0	4776	6500	328	6180	0	3236	0	0	0	3440	136	0	0	334	0	0	0	10246	216	2014	0	180	0	624	0	0	0	0	0	4550	594	0	0	476	114	4242	0	714	0	7446	1150	3942	90	3336	0	1478	0	732	0	204	0	7428	0	0	0	0	0	0	0	96	0	108	0	0	0	0	0	0	0	0	0	0	0	0	0	0	0	0	0	
282656	Hippocampus_R	1930	9944	126	8014	0	0	302	1728	0	0	0	394	0	0	0	0	0	1678	96	552	0	0	0	0	0	0	0	0	446	4398	0	0	0	0	3924	9016	4776	0	0	21036	0	7578	0	936	0	0	0	3758	0	0	0	0	0	0	0	24484	112	352	0	0	0	0	0	0	0	0	0	5834	0	414	154	252	0	8816	0	110	4996	4596	376	1100	0	2070	0	1352	0	598	0	102	0	4776	0	0	0	0	0	0	0	0	0	0	0	0	0	0	0	0	0	0	0	0	202	0	0	0	0	0	
46424	ParaHippocampal_L	200	0	0	0	0	0	92	0	0	0	0	0	0	0	82	0	156	0	0	0	134	0	0	0	0	0	0	0	944	0	0	0	0	0	0	0	6500	0	0	0	800	0	128	0	0	0	1818	168	0	0	102	0	0	0	5868	0	0	0	0	0	0	0	0	0	0	0	440	0	0	0	0	0	270	0	0	0	272	0	0	0	104	0	382	0	0	0	272	0	530	0	496	0	116	0	224	536	984	0	798	0	126	0	102	0	0	0	0	0	180	388	0	0	0	0	0	0	
140912	ParaHippocampal_R	164	1494	0	1110	0	0	0	398	0	0	0	84	0	0	0	0	0	286	0	252	0	0	0	0	0	0	0	0	84	686	0	0	0	0	422	2236	328	21036	0	0	0	3928	0	1208	0	0	0	3380	0	0	0	0	0	0	0	17098	0	0	0	0	0	0	0	0	0	0	0	3320	0	272	0	100	0	2792	0	0	136	890	80	570	0	1752	0	2204	0	512	0	1248	0	2100	0	0	0	0	0	0	0	194	0	92	0	0	0	0	0	0	0	0	0	0	0	0	0	0	0	0	
27540	Amygdala_L	0	0	0	0	146	0	0	0	0	0	0	0	0	0	158	0	0	0	0	0	282	0	0	0	0	0	0	0	1806	0	0	0	0	0	0	0	6180	0	800	0	0	0	0	0	0	0	0	0	0	0	0	0	0	0	2068	0	0	0	0	0	0	0	0	0	0	0	0	0	0	0	0	0	100	0	0	0	0	0	0	0	0	0	950	0	0	0	116	0	1164	0	0	0	0	0	0	0	0	0	0	0	0	0	0	0	0	0	0	0	0	0	0	0	0	0	0	0	
43088	Amygdala_R	0	0	0	0	0	0	0	0	0	0	0	0	0	0	0	0	0	0	0	0	0	530	0	0	0	0	0	0	0	1320	0	0	0	0	0	0	0	7578	0	3928	0	0	0	0	0	0	0	0	0	0	0	0	0	0	0	4338	0	0	0	0	0	0	0	0	0	0	0	0	0	0	0	0	0	2162	0	0	0	0	0	0	0	0	0	1594	0	0	0	94	0	0	0	0	0	0	0	0	0	0	0	0	0	0	0	0	0	0	0	0	0	0	0	0	0	0	0	0	
234952	Calcarine_L	892	480	0	0	0	0	0	0	0	0	0	0	0	0	0	0	216	0	0	0	0	0	0	0	0	0	0	0	240	0	0	0	846	0	5258	0	3236	0	128	0	0	0	0	8906	12066	6792	10284	1116	8002	918	13016	250	3980	0	4386	84	668	746	288	0	96	0	0	0	0	198	17282	1066	1506	834	0	0	0	0	0	0	0	0	552	0	396	360	0	0	4592	2278	0	0	4684	834	0	0	0	0	0	0	0	0	0	0	0	0	0	0	0	0	0	0	0	0	0	0	0	0	0	0	
314516	Calcarine_R	0	2250	0	252	0	0	0	0	0	0	0	0	0	0	0	0	0	0	0	260	0	0	0	0	0	0	0	0	0	0	0	0	0	522	114	850	0	936	0	1208	0	0	8906	0	1228	33150	1286	20218	0	21226	0	7504	0	4882	0	12444	0	3252	0	910	0	240	0	194	0	808	938	20306	88	3358	0	0	0	0	0	0	0	0	0	0	0	758	0	0	0	6002	0	0	0	2910	0	0	0	0	0	0	0	0	0	0	0	0	0	0	0	0	0	0	0	0	258	0	0	0	0	0	
126348	Cuneus_L	0	0	0	0	0	0	0	0	0	0	0	0	0	0	0	0	0	0	0	0	0	0	0	0	0	0	0	0	0	0	0	0	1948	0	1152	0	0	0	0	0	0	0	12066	1228	0	3544	1666	0	15744	674	8042	0	1034	0	876	0	190	0	1376	160	0	0	0	0	0	0	9810	884	1484	0	0	0	0	0	0	0	0	0	0	0	136	0	0	0	1010	0	0	0	150	0	0	0	0	0	0	0	0	0	0	0	0	0	0	0	0	0	0	0	0	0	0	0	0	0	0	0	
357840	Cuneus_R	0	1010	0	136	0	0	0	0	0	0	0	0	0	0	0	0	0	0	0	98	0	0	0	0	0	0	0	0	0	0	0	0	142	404	0	360	0	0	0	0	0	0	6792	33150	3544	0	222	12334	0	38276	0	11068	0	948	0	5332	0	2842	0	8138	0	542	0	304	0	1342	2256	32030	100	7660	0	0	0	0	0	0	0	0	0	0	0	1312	0	0	0	5882	0	0	0	2696	0	0	0	0	0	0	0	0	0	0	0	0	0	0	0	0	0	0	0	0	0	0	0	0	0	0	
257408	Lingual_L	308	0	0	0	0	0	0	0	0	0	0	0	0	0	0	0	0	0	0	0	0	0	0	0	0	0	0	0	106	0	0	0	0	0	2012	0	3440	0	1818	0	0	0	10284	1286	1666	222	0	2814	4984	246	16722	0	8118	188	18672	980	0	0	0	0	0	0	0	0	0	0	4330	0	0	0	0	0	0	0	0	0	290	0	232	0	0	0	0	0	750	0	0	0	1198	0	7918	1488	1434	218	0	0	8498	1874	14528	2420	1038	0	1312	0	592	0	0	0	0	0	3956	2190	572	0	0	0	
357524	Lingual_R	0	414	0	0	0	0	0	0	0	0	0	0	0	0	0	0	0	0	0	86	0	0	0	0	0	0	0	0	0	0	0	0	0	256	110	3622	136	3758	168	3380	0	0	1116	20218	0	12334	2814	0	0	15424	0	7994	140	6422	1028	28442	0	466	0	1096	0	0	0	0	0	102	110	14354	0	1948	0	86	0	0	0	0	0	112	0	0	0	0	0	0	0	636	0	0	0	934	2360	4980	910	1144	106	616	3304	4576	5256	9810	630	0	742	0	992	0	350	0	0	188	4622	8176	2208	86	0	0	
204884	Occipital_Sup_L	362	0	0	0	0	0	0	0	0	0	0	0	0	0	0	0	218	0	0	0	0	0	0	0	0	0	0	0	0	0	0	0	368	0	0	0	0	0	0	0	0	0	8002	0	15744	0	4984	0	0	0	30228	0	1678	0	1814	0	2392	0	16166	0	4392	0	1148	0	1998	0	8788	0	1140	0	0	0	0	0	0	0	0	0	0	0	492	0	0	0	1932	0	0	0	596	0	0	0	0	0	0	0	0	0	0	0	0	0	0	0	0	0	0	0	0	0	0	0	0	0	0	0	
301216	Occipital_Sup_R	0	584	0	0	0	0	0	0	0	0	0	0	0	0	0	0	0	0	0	0	0	0	0	0	0	0	0	0	0	0	0	0	0	0	0	0	0	0	0	0	0	0	918	21226	674	38276	246	15424	0	0	0	19614	0	1316	0	6948	0	1862	0	9198	0	1188	0	128	0	3572	1054	21312	0	5074	0	0	0	0	0	0	0	0	0	0	0	386	0	0	0	400	0	0	0	1208	0	0	0	0	0	0	0	0	0	0	0	0	0	0	0	0	0	0	0	0	0	0	0	0	0	0	
497436	Occipital_Mid_L	3092	0	0	0	0	0	0	0	0	0	0	0	0	0	0	0	4812	0	0	0	0	0	0	0	0	0	0	0	408	0	0	0	1624	0	356	0	334	0	102	0	0	0	13016	0	8042	0	16722	0	30228	0	0	0	18638	0	11468	0	10952	0	30714	0	20730	0	6736	0	20028	0	10934	0	5550	0	0	0	0	0	0	0	0	0	0	0	6022	0	0	0	23450	0	0	0	4580	0	0	0	0	0	0	0	0	0	180	0	0	0	0	0	0	0	0	0	0	0	0	0	0	0	0	0	
189656	Occipital_Mid_R	0	170	0	0	0	0	0	0	0	0	0	0	0	0	0	0	0	0	0	0	0	0	0	0	0	0	0	0	0	0	0	0	0	0	0	0	0	0	0	0	0	0	250	7504	0	11068	0	7994	0	19614	0	0	0	3940	0	6902	0	438	0	4572	0	2076	0	100	0	9148	114	7152	0	2828	0	0	0	0	0	0	0	0	0	0	0	366	0	0	0	7140	0	0	0	3098	0	0	0	0	0	0	0	0	0	146	0	0	0	0	0	0	0	0	0	0	0	208	0	0	0	0	
139004	Occipital_Inf_L	94	0	0	0	0	0	0	0	0	0	0	0	0	0	0	0	518	0	0	0	0	0	0	0	0	0	0	0	158	0	0	0	0	0	0	0	0	0	0	0	0	0	3980	0	1034	0	8118	140	1678	0	18638	0	0	0	11978	0	300	0	290	0	262	0	274	0	350	0	1296	0	134	0	0	0	0	0	0	0	0	0	82	0	708	0	0	0	8170	0	0	0	7776	0	702	130	0	0	0	0	686	268	1100	170	0	0	0	0	0	0	0	0	0	0	468	0	0	0	0	0	
84788	Occipital_Inf_R	0	394	0	0	0	0	0	0	0	0	0	0	0	0	0	0	0	0	0	0	0	0	0	0	0	0	0	0	0	0	0	0	0	94	0	132	0	0	0	0	0	0	0	4882	0	948	188	6422	0	1316	0	3940	0	0	102	9622	0	166	0	0	0	0	0	0	0	0	0	1128	0	690	0	0	0	0	0	0	0	0	0	0	0	96	0	0	0	294	0	0	0	2076	182	486	170	374	0	0	626	328	1086	2256	130	0	186	0	550	0	322	0	0	0	556	2224	428	0	0	0	
396072	Fusiform_L	380	0	124	0	0	0	104	0	0	0	0	0	0	0	0	0	552	0	84	0	0	0	0	0	0	0	0	0	3080	0	0	0	0	0	196	0	10246	0	5868	0	2068	0	4386	0	876	0	18672	1028	1814	0	11468	0	11978	102	0	620	502	0	312	0	490	0	216	0	596	0	2880	0	136	0	0	0	880	0	0	0	122	0	1084	0	1164	0	1448	0	3746	0	1040	0	12230	0	22502	1082	7376	170	292	0	13550	1278	32856	1708	2810	0	5466	0	1480	0	940	0	0	0	3328	1950	756	0	0	0	
465008	Fusiform_R	0	2408	0	998	0	0	0	482	0	0	0	0	0	0	0	0	0	0	0	606	0	0	0	0	0	0	0	0	0	738	0	0	0	130	198	4220	216	24484	0	17098	0	4338	84	12444	0	5332	980	28442	0	6948	0	6902	0	9622	620	0	0	226	0	176	0	160	0	128	0	200	0	10280	124	2564	0	0	0	898	0	0	198	716	0	1316	0	2822	0	4718	0	1846	0	3800	0	11426	1390	14320	574	3484	0	0	1422	4544	3258	18244	236	458	324	1980	736	0	350	0	0	0	2740	7340	2124	92	0	0	
359080	Postcentral_L	33984	1846	11488	2044	0	0	2882	0	0	0	3552	0	250	0	0	0	13592	0	2302	632	0	0	0	0	0	0	0	0	5380	0	0	0	402	148	1518	82	2014	112	0	0	0	0	668	0	190	0	0	0	2392	0	10952	0	300	0	502	0	0	0	10560	0	20476	0	5978	0	1782	0	5748	130	8350	146	220	5194	438	0	294	0	1526	5064	5888	0	7428	0	0	0	1986	0	0	0	1100	0	0	0	0	0	0	0	0	0	0	0	0	0	0	0	0	0	0	0	0	0	0	0	0	0	0	0	
179380	Postcentral_R	0	19050	320	3192	0	0	0	2398	0	0	82	4530	262	0	0	0	0	4642	710	1252	0	0	0	0	0	0	0	0	268	2646	0	228	0	1082	0	1656	0	352	0	0	0	0	746	3252	0	2842	0	466	0	1862	0	438	0	166	0	226	0	0	0	3684	0	5370	0	9420	0	250	0	5648	88	7056	378	952	334	2392	0	130	0	232	0	0	0	540	0	90	0	286	0	0	0	172	0	0	0	0	0	0	0	0	0	0	0	0	0	0	0	0	0	0	0	0	0	0	0	0	0	0	
221468	Parietal_Sup_L	2212	0	0	0	0	0	0	0	0	0	0	0	0	0	0	0	2566	0	0	0	0	0	0	0	0	0	0	0	502	0	0	0	222	0	0	0	180	0	0	0	0	0	288	0	1376	0	0	0	16166	0	30714	0	290	0	312	0	10560	0	0	0	16040	0	4804	0	7880	0	9874	0	1692	0	0	0	0	0	0	0	0	0	0	0	2834	0	0	0	1558	0	0	0	664	0	0	0	0	0	0	0	0	0	0	0	0	0	0	0	0	0	0	0	0	0	0	0	0	0	0	0	
92248	Parietal_Sup_R	0	720	0	214	0	0	0	130	0	0	0	0	94	0	0	0	0	0	0	90	0	0	0	0	0	0	0	0	0	0	0	0	0	0	0	0	0	0	0	0	0	0	0	910	160	8138	0	1096	0	9198	0	4572	0	0	0	176	0	3684	0	0	0	2092	0	338	0	3796	0	9584	0	478	128	0	140	0	0	0	0	0	0	0	0	386	0	0	0	0	0	0	0	0	0	0	0	0	0	0	0	0	0	0	0	0	0	0	0	0	0	0	0	0	0	0	0	0	0	0	
240060	Parietal_Inf_L	8206	268	706	350	0	0	1252	88	0	0	138	0	92	0	0	0	1954	0	0	306	0	0	0	0	0	0	0	0	422	0	0	0	0	0	186	0	624	0	0	0	0	0	96	0	0	0	0	0	4392	0	20730	0	262	0	490	0	20476	0	16040	0	0	0	10448	0	17694	0	1444	0	3238	0	92	0	0	0	0	0	326	0	0	0	2378	0	0	0	5624	0	0	0	1708	0	0	0	0	0	0	0	0	0	0	0	0	0	0	0	0	0	0	0	0	0	0	0	0	0	0	0	
76428	Parietal_Inf_R	0	1672	124	688	0	0	0	444	0	0	0	0	94	0	0	0	0	0	114	250	0	0	0	0	0	0	0	0	126	0	0	0	0	0	0	0	0	0	0	0	0	0	0	240	0	542	0	0	0	1188	0	2076	0	0	0	160	0	5370	0	2092	0	0	0	8212	0	11352	0	460	0	272	196	86	124	0	0	0	0	96	0	0	0	134	0	0	0	560	0	0	0	1542	0	0	0	0	0	0	0	0	0	0	0	0	0	0	0	0	0	0	0	0	0	0	0	0	0	0	
142092	SupraMarginal_L	1784	0	432	0	0	0	706	0	0	0	694	0	0	0	0	0	5968	0	0	0	0	0	0	0	0	0	0	0	224	0	0	0	0	0	0	0	0	0	0	0	0	0	0	0	0	0	0	0	1148	0	6736	0	274	0	216	0	5978	0	4804	0	10448	0	0	0	8248	0	128	0	190	0	0	294	0	0	0	0	0	294	116	0	11482	0	0	0	9224	0	0	0	1658	0	0	0	0	0	0	0	0	0	0	0	0	0	0	0	0	0	0	0	0	0	0	0	0	0	0	0	
74536	SupraMarginal_R	0	2094	116	764	0	0	0	466	0	0	0	0	80	0	0	0	0	1964	116	366	0	0	0	0	0	0	0	0	112	770	0	0	0	0	0	0	0	0	0	0	0	0	0	194	0	304	0	0	0	128	0	100	0	0	0	128	0	9420	0	338	0	8212	0	0	0	2158	0	626	336	1404	162	0	102	0	0	0	0	0	0	124	0	3252	0	0	0	294	0	0	0	3138	0	0	0	0	0	0	0	0	0	0	0	0	0	0	0	0	0	0	0	0	0	0	0	0	0	0	
155948	Angular_L	762	180	102	84	0	0	174	0	0	0	0	0	0	0	0	0	112	0	0	90	0	0	0	0	0	0	0	0	0	0	0	0	0	0	0	0	0	0	0	0	0	0	0	0	0	0	0	0	1998	0	20028	0	350	0	596	0	1782	0	7880	0	17694	0	8248	0	0	0	206	0	184	0	0	0	0	0	0	0	0	0	0	0	2358	0	0	0	12420	0	0	0	2726	0	0	0	0	0	0	0	0	0	0	0	0	0	0	0	0	0	0	0	0	0	0	0	0	0	0	0	
82772	Angular_R	0	0	0	0	0	0	0	0	0	0	0	0	0	0	0	0	0	0	0	0	0	0	0	0	0	0	0	0	0	0	0	0	0	0	0	0	0	0	0	0	0	0	198	808	0	1342	0	102	0	3572	0	9148	0	0	0	200	0	250	0	3796	0	11352	0	2158	0	0	0	910	0	300	0	0	0	0	0	0	0	0	0	0	0	986	0	0	0	4360	0	0	0	1904	0	0	0	0	0	0	0	0	0	0	0	0	0	0	0	0	0	0	0	0	0	0	0	0	0	0	
225668	Precuneus_L	1290	0	0	0	0	0	0	0	0	0	0	0	0	0	0	0	270	0	114	0	0	0	0	0	0	0	0	0	586	0	210	0	4686	0	8578	110	4550	0	440	0	0	0	17282	938	9810	2256	4330	110	8788	1054	10934	114	1296	0	2880	0	5748	0	9874	0	1444	0	128	0	206	0	0	2990	6692	0	0	0	0	0	0	0	0	0	618	0	476	0	0	0	1484	0	0	0	2548	0	0	0	0	0	0	0	0	0	0	0	0	0	0	0	0	0	0	0	0	0	0	0	0	0	0	0	
361416	Precuneus_R	1370	1920	0	86	0	0	0	126	0	0	0	0	0	0	0	0	0	218	0	756	0	0	0	0	0	0	0	0	120	0	0	0	780	4274	1266	9072	594	5834	0	3320	0	0	1066	20306	884	32030	0	14354	0	21312	0	7152	0	1128	0	10280	130	5648	0	9584	0	460	0	626	0	910	2990	0	772	13924	0	0	0	0	0	0	1158	382	96	90	0	1256	0	0	0	1506	0	0	0	2454	0	0	0	0	0	0	0	0	0	0	0	0	0	0	0	0	0	0	0	0	474	0	0	0	0	0	
226028	Paracentral_Lobule_L	20684	2560	590	1788	0	0	102	0	0	0	252	0	122	0	0	0	486	96	5224	14268	0	0	0	0	0	0	0	0	370	0	0	0	5800	9612	5198	940	0	0	0	0	0	0	1506	88	1484	100	0	0	1140	0	5550	0	134	0	136	124	8350	88	1692	0	3238	0	190	336	184	0	6692	772	0	9764	150	914	310	0	0	0	0	404	0	0	342	148	0	0	860	0	0	0	136	90	0	0	0	0	0	0	0	0	0	0	0	0	0	0	0	0	0	0	0	0	0	0	0	0	0	0	
213112	Paracentral_Lobule_R	4512	5930	126	144	0	0	156	216	0	0	0	0	0	0	0	0	0	248	208	16326	0	0	0	0	0	0	0	0	0	0	0	0	328	11494	534	4084	0	414	0	272	0	0	834	3358	0	7660	0	1948	0	5074	0	2828	0	690	0	2564	146	7056	0	478	0	272	0	1404	0	300	0	13924	9764	0	80	210	0	0	0	0	0	0	0	86	0	1068	0	0	0	464	0	0	0	1356	0	0	0	0	0	0	0	0	0	0	0	0	0	0	0	0	0	0	0	0	0	0	0	0	0	0	
371664	Caudate_L	1884	3268	9442	8074	0	428	4436	1738	374	0	16210	1372	15472	0	2154	0	9442	1064	4554	1240	5070	5720	2566	4048	164	290	1604	852	18148	1730	5496	8078	0	518	0	80	476	154	0	0	0	0	0	0	0	0	0	0	0	0	0	0	0	0	0	0	220	378	0	128	92	196	0	162	0	0	0	0	150	80	0	13752	15226	1494	2266	0	8930	572	122	0	3346	0	2452	120	0	0	0	0	0	0	0	0	0	0	0	0	0	0	0	0	0	0	0	0	0	0	0	0	0	0	0	0	0	0	0	0	
604060	Caudate_R	6772	13656	13834	42422	0	3576	3450	3338	142	166	6498	4542	7606	1842	1278	1654	6112	2788	6556	14874	2384	3320	5668	13262	464	4378	426	1820	7634	5630	6022	27680	246	3974	0	218	114	252	0	100	0	0	0	0	0	0	0	86	0	0	0	0	0	0	0	0	5194	952	0	0	0	86	294	0	0	0	0	0	914	210	13752	0	3824	18560	422	1094	636	26120	1504	84	2712	88	702	98	0	0	0	0	0	0	0	0	0	0	0	0	0	0	0	0	0	0	0	0	0	0	0	0	0	0	0	0	0	0	0	0	
320684	Putamen_L	5518	3208	20126	3966	5300	158	9362	1088	1238	0	3144	402	6736	0	6156	0	3700	408	5310	836	916	822	1604	1204	564	180	1148	210	26952	518	6422	2296	0	0	0	0	4242	0	270	0	100	0	0	0	0	0	0	0	0	0	0	0	0	0	880	0	438	334	0	140	0	124	0	102	0	0	0	0	310	0	15226	3824	0	732	5766	0	3184	674	308	0	2394	0	1524	0	0	0	0	0	278	0	0	0	0	0	0	0	0	0	0	0	0	0	0	0	0	0	0	0	0	0	0	0	0	0	0	0	
260760	Putamen_R	0	3370	1402	12536	0	2874	676	3906	0	498	666	6520	542	600	266	652	592	6594	1484	3244	0	434	1334	6042	0	1966	0	320	884	19440	1536	10088	0	466	0	0	0	8816	0	2792	0	2162	0	0	0	0	0	0	0	0	0	0	0	0	0	898	0	2392	0	0	0	0	0	0	0	0	0	0	0	0	1494	18560	732	0	0	1096	282	982	0	138	186	312	0	606	0	0	0	0	0	0	0	0	0	0	0	0	0	0	0	0	0	0	0	0	0	0	0	0	0	0	0	0	0	0	0	0	
43812	Pallidum_L	1608	654	2932	896	0	0	886	0	0	0	198	0	0	0	0	0	930	0	158	334	0	0	0	0	0	0	0	0	800	0	0	0	0	0	0	0	714	0	0	0	0	0	0	0	0	0	0	0	0	0	0	0	0	0	0	0	294	0	0	0	0	0	0	0	0	0	0	0	0	0	2266	422	5766	0	0	0	1772	414	140	0	722	0	0	0	0	0	0	0	0	0	0	0	0	0	0	0	0	0	0	0	0	0	0	0	0	0	0	0	0	0	0	0	0	0	0	0	
10248	Pallidum_R	0	666	0	480	0	0	0	122	0	0	0	0	0	0	0	0	0	606	0	306	0	0	0	0	0	0	0	0	0	514	0	0	0	0	0	0	0	110	0	0	0	0	0	0	0	0	0	0	0	0	0	0	0	0	0	0	0	130	0	0	0	0	0	0	0	0	0	0	0	0	0	1094	0	1096	0	0	0	0	0	0	0	0	0	0	0	0	0	0	0	0	0	0	0	0	0	0	0	0	0	0	0	0	0	0	0	0	0	0	0	0	0	0	0	0	0	0	
199488	Thalamus_L	17824	2082	3496	2038	0	0	5052	284	0	0	550	112	106	0	0	0	7466	204	238	206	0	0	0	0	0	0	0	0	8524	478	0	114	0	0	2514	4410	7446	4996	272	136	0	0	0	0	0	0	290	0	0	0	0	0	0	0	122	198	1526	0	0	0	326	0	0	0	0	0	0	1158	0	0	8930	636	3184	282	1772	0	0	5806	1056	0	5150	0	0	0	464	0	0	0	296	0	0	0	0	0	0	0	0	0	0	0	0	0	0	0	0	0	0	0	0	0	0	0	0	0	0	0	
253348	Thalamus_R	6472	23258	8972	25620	0	0	342	1418	0	0	182	120	0	0	0	0	3262	100	520	1150	0	0	0	0	0	0	0	0	710	376	0	106	0	0	286	1794	1150	4596	0	890	0	0	0	0	0	0	0	112	0	0	0	0	0	0	0	716	5064	232	0	0	0	96	294	0	0	0	0	382	404	0	572	26120	674	982	414	0	5806	0	1462	0	1638	116	0	0	0	0	0	0	0	266	0	0	0	0	0	0	0	0	0	0	0	0	0	0	0	0	0	0	0	0	0	0	0	0	0	0	
149840	Heschl_L	9794	976	4550	1000	0	0	3656	0	0	0	550	0	162	0	0	0	6702	0	858	84	0	0	0	0	0	0	0	0	11280	0	0	0	0	0	1918	488	3942	376	0	80	0	0	552	0	0	0	232	0	0	0	0	0	82	0	1084	0	5888	0	0	0	0	0	116	0	0	0	618	96	0	0	122	1504	308	0	140	0	1056	1462	0	0	6632	0	0	0	4032	0	0	0	4580	0	0	0	0	0	0	0	0	0	0	0	0	0	0	0	0	0	0	0	0	0	0	0	0	0	0	0	
21036	Heschl_R	0	80	0	436	0	0	0	0	0	0	0	0	0	0	0	0	0	1290	0	346	0	0	0	0	0	0	0	0	0	774	0	0	0	0	0	182	90	1100	0	570	0	0	0	0	0	0	0	0	0	0	0	0	0	0	0	1316	0	0	0	0	0	0	0	124	0	0	0	90	0	86	0	84	0	138	0	0	0	0	0	0	0	3260	0	0	0	82	0	0	0	470	0	0	0	0	0	0	0	0	0	0	0	0	0	0	0	0	0	0	0	0	0	0	0	0	0	0	
396204	Temporal_Sup_L	9828	1054	10084	1830	0	0	3294	180	0	0	4810	200	1488	0	80	0	31158	208	3202	758	0	0	124	328	0	0	0	0	16828	260	104	500	0	120	0	0	3336	0	104	0	0	0	396	0	136	0	0	0	492	0	6022	0	708	0	1164	0	7428	0	2834	0	2378	0	11482	0	2358	0	476	0	342	0	3346	2712	2394	186	722	0	5150	1638	6632	0	0	0	3674	0	31172	0	0	0	14382	0	0	0	0	0	0	0	0	0	0	0	0	0	0	0	0	0	0	0	0	0	0	0	0	0	0	0	
92592	Temporal_Sup_R	0	722	0	1158	0	0	0	88	0	0	0	0	0	0	0	0	0	2644	82	852	0	0	0	0	0	0	0	0	0	1254	0	0	0	0	0	234	0	2070	0	1752	0	0	360	758	0	1312	0	0	0	386	0	366	0	96	0	2822	0	540	0	386	0	134	0	3252	0	986	0	1256	148	1068	0	88	0	312	0	0	0	116	0	3260	0	0	0	2694	0	7268	0	530	0	7302	0	0	0	0	0	0	0	0	0	0	0	0	0	0	0	0	0	0	0	0	0	0	0	0	0	0	
104204	Temporal_Pole_Sup_L	0	0	244	580	0	0	238	0	0	0	4766	0	2262	0	1406	0	3932	0	158	0	190	0	0	196	0	0	0	0	7318	0	0	360	0	0	0	0	1478	0	382	0	950	0	0	0	0	0	0	0	0	0	0	0	0	0	1448	0	0	0	0	0	0	0	0	0	0	0	0	0	0	0	2452	702	1524	0	0	0	0	0	0	0	3674	0	0	0	6848	0	5456	0	5538	0	0	0	0	0	0	0	0	0	0	0	0	0	0	0	0	0	0	0	0	0	0	0	0	0	0	0	
84656	Temporal_Pole_Sup_R	0	132	316	2614	0	0	134	112	0	0	138	956	96	0	0	80	100	5030	752	2992	0	0	128	232	0	0	0	0	154	2068	0	380	0	416	0	0	0	1352	0	2204	0	1594	0	0	0	0	0	0	0	0	0	0	0	0	0	4718	0	90	0	0	0	0	0	0	0	0	0	0	0	0	120	98	0	606	0	0	0	0	0	0	0	2694	0	0	0	3614	0	5720	0	2688	0	0	0	0	0	0	0	0	0	0	0	0	0	0	0	0	0	0	0	0	0	0	0	0	0	0	
341116	Temporal_Mid_L	1038	0	0	0	0	0	86	0	0	0	0	0	0	0	0	0	5488	0	0	0	0	0	0	0	0	0	0	0	2394	0	0	0	222	0	86	0	732	0	0	0	0	0	4592	0	1010	0	750	0	1932	0	23450	0	8170	0	3746	0	1986	0	1558	0	5624	0	9224	0	12420	0	1484	0	860	0	0	0	0	0	0	0	464	0	4032	0	31172	0	6848	0	0	0	5072	0	36118	0	0	0	0	0	0	0	0	0	0	0	0	0	0	0	0	0	0	0	0	0	0	0	0	0	0	0	
121068	Temporal_Mid_R	0	480	0	422	0	0	0	0	0	0	0	0	0	0	0	0	0	0	0	106	0	0	0	0	0	0	0	0	0	266	0	0	0	0	0	0	0	598	0	512	0	0	2278	6002	0	5882	0	636	0	400	0	7140	0	294	0	1846	0	286	0	0	0	560	0	294	0	4360	0	1506	0	464	0	0	0	0	0	0	0	0	0	82	0	7268	0	3614	0	0	0	2142	0	13096	0	0	0	0	0	0	0	0	0	0	0	0	0	0	0	0	0	0	0	0	0	0	0	0	0	0	
33548	Temporal_Pole_Mid_L	0	0	0	0	0	0	0	0	0	0	0	0	0	0	0	0	0	0	0	0	0	0	0	0	0	0	0	0	0	0	0	0	0	0	0	0	204	0	272	0	116	0	0	0	0	0	0	0	0	0	0	0	0	0	1040	0	0	0	0	0	0	0	0	0	0	0	0	0	0	0	0	0	0	0	0	0	0	0	0	0	0	0	5456	0	5072	0	0	0	4614	0	0	0	0	0	0	0	0	0	0	0	0	0	0	0	0	0	0	0	0	0	0	0	0	0	0	0	
30868	Temporal_Pole_Mid_R	0	0	0	0	0	0	0	0	0	0	0	0	0	0	0	0	0	0	0	0	0	0	0	0	0	0	0	0	0	0	0	0	0	0	0	0	0	102	0	1248	0	94	0	0	0	0	0	0	0	0	0	0	0	0	0	3800	0	0	0	0	0	0	0	0	0	0	0	0	0	0	0	0	0	0	0	0	0	0	0	0	0	530	0	5720	0	2142	0	0	0	1798	0	0	0	0	0	0	0	0	0	0	0	0	0	0	0	0	0	0	0	0	0	0	0	0	0	0	
258288	Temporal_Inf_L	840	0	92	0	0	0	144	0	0	0	0	0	0	0	0	0	2334	0	0	0	0	0	0	0	0	0	0	0	3124	0	0	0	0	0	218	0	7428	0	530	0	1164	0	4684	0	150	0	1198	0	596	0	4580	0	7776	0	12230	0	1100	0	664	0	1708	0	1658	0	2726	0	2548	0	136	0	0	0	278	0	0	0	296	0	4580	0	14382	0	5538	0	36118	0	4614	0	0	0	2628	0	1108	0	0	0	0	0	290	0	874	0	810	0	0	0	0	0	0	0	0	0	0	0	0	0	
150436	Temporal_Inf_R	0	1094	0	584	0	0	0	192	0	0	0	0	0	0	0	0	0	0	0	286	0	0	0	0	0	0	0	0	0	444	0	0	0	0	0	1244	0	4776	0	2100	0	0	834	2910	0	2696	0	934	0	1208	0	3098	0	2076	0	11426	0	172	0	0	0	1542	0	3138	0	1904	0	2454	90	1356	0	0	0	0	0	0	0	266	0	470	0	7302	0	2688	0	13096	0	1798	0	0	0	2334	0	354	0	0	0	0	0	0	0	0	0	352	0	0	0	0	0	0	0	0	0	0	0	0	
480820	Cerebelum_Crus1_L	0	0	0	0	0	0	0	0	0	0	0	0	0	0	0	0	0	0	0	0	0	0	0	0	0	0	0	0	0	0	0	0	0	0	0	0	0	0	496	0	0	0	0	0	0	0	7918	2360	0	0	0	0	702	182	22502	1390	0	0	0	0	0	0	0	0	0	0	0	0	0	0	0	0	0	0	0	0	0	0	0	0	0	0	0	0	0	0	0	0	2628	0	0	3242	45222	2072	538	144	14626	1656	52294	4290	17830	206	27098	914	8144	360	2372	0	112	260	3910	7278	7412	1258	840	154	
477964	Cerebelum_Crus1_R	0	0	0	0	0	0	0	0	0	0	0	0	0	0	0	0	0	0	0	0	0	0	0	0	0	0	0	0	0	0	0	0	0	0	0	0	0	0	0	0	0	0	0	0	0	0	1488	4980	0	0	0	0	130	486	1082	14320	0	0	0	0	0	0	0	0	0	0	0	0	0	0	0	0	0	0	0	0	0	0	0	0	0	0	0	0	0	0	0	0	0	2334	3242	0	2148	44820	106	2166	3188	17592	3978	56346	504	12932	544	27250	474	1382	0	0	118	412	9400	12338	12156	1760	1306	0	
532128	Cerebelum_Crus2_L	0	0	0	0	0	0	0	0	0	0	0	0	0	0	0	0	0	0	0	0	0	0	0	0	0	0	0	0	0	0	0	0	0	0	0	0	0	0	116	0	0	0	0	0	0	0	1434	910	0	0	0	0	0	170	7376	574	0	0	0	0	0	0	0	0	0	0	0	0	0	0	0	0	0	0	0	0	0	0	0	0	0	0	0	0	0	0	0	0	1108	0	45222	2148	0	9658	172	700	6108	2158	17570	2592	56968	4076	55410	5952	13534	1912	5416	0	0	274	2438	3068	11332	5188	2370	110	
399432	Cerebelum_Crus2_R	0	0	0	0	0	0	0	0	0	0	0	0	0	0	0	0	0	0	0	0	0	0	0	0	0	0	0	0	0	0	0	0	0	0	0	0	0	0	0	0	0	0	0	0	0	0	218	1144	0	0	0	0	0	374	170	3484	0	0	0	0	0	0	0	0	0	0	0	0	0	0	0	0	0	0	0	0	0	0	0	0	0	0	0	0	0	0	0	0	0	354	2072	44820	9658	0	0	1300	244	4770	1668	19456	4298	29076	3192	42488	452	2264	0	0	0	282	1166	5676	14614	4400	2076	0	
19228	Cerebelum_3_L	0	0	0	0	0	0	0	0	0	0	0	0	0	0	0	0	0	0	0	0	0	0	0	0	0	0	0	0	0	0	0	0	0	0	0	0	0	0	224	0	0	0	0	0	0	0	0	106	0	0	0	0	0	0	292	0	0	0	0	0	0	0	0	0	0	0	0	0	0	0	0	0	0	0	0	0	0	0	0	0	0	0	0	0	0	0	0	0	0	0	538	106	172	0	0	642	4058	82	818	114	0	0	132	0	622	0	0	0	358	1074	276	0	0	0	0	0	
53404	Cerebelum_3_R	0	0	0	0	0	0	0	0	0	0	0	0	0	0	0	0	0	0	0	0	0	0	0	0	0	0	0	0	0	0	0	0	0	0	0	0	0	0	536	0	0	0	0	0	0	0	0	616	0	0	0	0	0	0	0	0	0	0	0	0	0	0	0	0	0	0	0	0	0	0	0	0	0	0	0	0	0	0	0	0	0	0	0	0	0	0	0	0	0	0	144	2166	700	1300	642	0	660	5512	0	4284	196	0	106	894	0	1172	0	0	378	2374	1388	110	1196	1114	1214	0	
289972	Cerebelum_4_5_L	0	0	0	0	0	0	0	0	0	0	0	0	0	0	0	0	0	0	0	0	0	0	0	0	0	0	0	0	0	0	0	0	0	0	0	0	96	0	984	0	0	0	0	0	0	0	8498	3304	0	0	0	0	686	626	13550	1422	0	0	0	0	0	0	0	0	0	0	0	0	0	0	0	0	0	0	0	0	0	0	0	0	0	0	0	0	0	0	0	0	0	0	14626	3188	6108	244	4058	660	0	5446	32948	5060	4612	0	6444	0	6542	452	556	0	672	1566	16500	3910	244	398	726	860	
215732	Cerebelum_4_5_R	0	0	0	0	0	0	0	0	0	0	0	0	0	0	0	0	0	0	0	0	0	0	0	0	0	0	0	0	0	0	0	0	0	0	0	0	0	0	0	194	0	0	0	0	0	0	1874	4576	0	0	0	0	268	328	1278	4544	0	0	0	0	0	0	0	0	0	0	0	0	0	0	0	0	0	0	0	0	0	0	0	0	0	0	0	0	0	0	0	0	0	0	1656	17592	2158	4770	82	5512	5446	0	3426	26660	1210	450	956	3156	368	1212	0	0	0	450	14866	308	1812	1382	1332	0	
485332	Cerebelum_6_L	0	0	0	0	0	0	0	0	0	0	0	0	0	0	0	0	0	0	0	0	0	0	0	0	0	0	0	0	0	0	0	0	0	0	0	0	108	0	798	0	0	0	0	0	0	0	14528	5256	0	0	180	0	1100	1086	32856	3258	0	0	0	0	0	0	0	0	0	0	0	0	0	0	0	0	0	0	0	0	0	0	0	0	0	0	0	0	0	0	0	0	290	0	52294	3978	17570	1668	818	0	32948	3426	0	6882	8322	142	13692	476	7708	230	2272	0	128	276	11380	11740	5610	786	516	344	
451780	Cerebelum_6_R	0	0	0	0	0	0	0	0	0	0	0	0	0	0	0	0	0	0	0	0	0	0	0	0	0	0	0	0	0	0	0	0	0	0	0	0	0	0	0	92	0	0	0	0	0	0	2420	9810	0	0	0	146	170	2256	1708	18244	0	0	0	0	0	0	0	0	0	0	0	0	0	0	0	0	0	0	0	0	0	0	0	0	0	0	0	0	0	0	0	0	0	0	4290	56346	2592	19456	114	4284	5060	26660	6882	0	1038	2364	1156	10188	1332	1232	362	80	148	460	13752	17270	12498	2128	1352	0	
370360	Cerebelum_7b_L	0	0	0	0	0	0	0	0	0	0	0	0	0	0	0	0	0	0	0	0	0	0	0	0	0	0	0	0	0	0	0	0	0	0	0	0	0	0	126	0	0	0	0	0	0	0	1038	630	0	0	0	0	0	130	2810	236	0	0	0	0	0	0	0	0	0	0	0	0	0	0	0	0	0	0	0	0	0	0	0	0	0	0	0	0	0	0	0	0	874	0	17830	504	56968	4298	0	196	4612	1210	8322	1038	0	2308	49162	3624	11812	964	2934	0	0	0	1754	994	5692	4030	1084	0	
180136	Cerebelum_7b_R	0	0	0	0	0	0	0	0	0	0	0	0	0	0	0	0	0	0	0	0	0	0	0	0	0	0	0	0	0	0	0	0	0	0	0	0	0	0	0	0	0	0	0	0	0	0	0	0	0	0	0	0	0	0	0	458	0	0	0	0	0	0	0	0	0	0	0	0	0	0	0	0	0	0	0	0	0	0	0	0	0	0	0	0	0	0	0	0	0	0	206	12932	4076	29076	0	0	0	450	142	2364	2308	0	1686	30312	0	1178	0	0	0	0	0	240	2768	1872	0	0	
448232	Cerebelum_8_L	0	0	0	0	0	0	0	0	0	0	0	0	0	0	0	0	0	0	0	0	0	0	0	0	0	0	0	0	0	0	0	0	0	0	0	0	0	0	102	0	0	0	0	0	0	0	1312	742	0	0	0	0	0	186	5466	324	0	0	0	0	0	0	0	0	0	0	0	0	0	0	0	0	0	0	0	0	0	0	0	0	0	0	0	0	0	0	0	0	810	0	27098	544	55410	3192	132	106	6444	956	13692	1156	49162	1686	0	4768	24290	1428	7432	0	0	0	1870	1562	4924	6868	2272	182	
326656	Cerebelum_8_R	0	0	0	0	0	0	0	0	0	0	0	0	0	0	0	0	0	0	0	0	0	0	0	0	0	0	0	0	0	0	0	0	0	0	0	0	0	0	0	0	0	0	0	0	0	0	0	0	0	0	0	0	0	0	0	1980	0	0	0	0	0	0	0	0	0	0	0	0	0	0	0	0	0	0	0	0	0	0	0	0	0	0	0	0	0	0	0	0	0	352	914	27250	5952	42488	0	894	0	3156	476	10188	3624	30312	4768	0	144	14314	0	1226	0	160	670	618	6498	5660	1684	0	
192384	Cerebelum_9_L	0	0	0	0	0	0	0	0	0	0	0	0	0	0	0	0	0	0	0	0	0	0	0	0	0	0	0	0	0	0	0	0	0	0	0	0	0	0	0	0	0	0	0	0	0	0	592	992	0	0	0	0	0	550	1480	736	0	0	0	0	0	0	0	0	0	0	0	0	0	0	0	0	0	0	0	0	0	0	0	0	0	0	0	0	0	0	0	0	0	0	8144	474	13534	452	622	0	6542	368	7708	1332	11812	0	24290	144	0	500	7944	0	0	0	2270	2660	974	848	966	258	
100328	Cerebelum_9_R	0	0	0	0	0	0	0	0	0	0	0	0	0	0	0	0	0	0	0	0	0	0	0	0	0	0	0	0	0	0	0	0	0	0	0	0	0	0	0	0	0	0	0	0	0	0	0	0	0	0	0	0	0	0	0	0	0	0	0	0	0	0	0	0	0	0	0	0	0	0	0	0	0	0	0	0	0	0	0	0	0	0	0	0	0	0	0	0	0	0	360	1382	1912	2264	0	1172	452	1212	230	1232	964	1178	1428	14314	500	0	0	1680	470	912	2124	2020	3520	4908	4958	972	
63504	Cerebelum_10_L	0	0	0	0	0	0	0	0	0	0	0	0	0	0	0	0	0	0	0	0	0	0	0	0	0	0	0	0	0	0	0	0	0	0	0	0	0	0	0	0	0	0	0	0	0	0	0	350	0	0	0	0	0	322	940	350	0	0	0	0	0	0	0	0	0	0	0	0	0	0	0	0	0	0	0	0	0	0	0	0	0	0	0	0	0	0	0	0	0	0	2372	0	5416	0	0	0	556	0	2272	362	2934	0	7432	0	7944	0	0	0	0	0	0	502	0	0	0	0	
5972	Cerebelum_10_R	0	0	0	0	0	0	0	0	0	0	0	0	0	0	0	0	0	0	0	0	0	0	0	0	0	0	0	0	0	0	0	0	0	0	0	0	0	0	0	0	0	0	0	0	0	0	0	0	0	0	0	0	0	0	0	0	0	0	0	0	0	0	0	0	0	0	0	0	0	0	0	0	0	0	0	0	0	0	0	0	0	0	0	0	0	0	0	0	0	0	0	0	0	0	0	0	0	0	0	80	0	0	0	1226	0	1680	0	0	0	0	0	0	0	0	0	0	
15980	Vermis_1_2	0	0	0	0	0	0	0	0	0	0	0	0	0	0	0	0	0	0	0	0	0	0	0	0	0	0	0	0	0	0	0	0	0	0	0	0	0	0	180	0	0	0	0	0	0	0	0	0	0	0	0	0	0	0	0	0	0	0	0	0	0	0	0	0	0	0	0	0	0	0	0	0	0	0	0	0	0	0	0	0	0	0	0	0	0	0	0	0	0	0	112	118	0	0	358	378	672	0	128	148	0	0	0	0	0	470	0	0	0	3458	814	120	280	382	372	0	
32792	Vermis_3	0	0	0	0	0	0	0	0	0	0	0	0	0	0	0	0	0	0	0	0	0	0	0	0	0	0	0	0	0	0	0	0	0	0	0	0	0	0	388	0	0	0	0	0	0	0	0	188	0	0	0	0	0	0	0	0	0	0	0	0	0	0	0	0	0	0	0	0	0	0	0	0	0	0	0	0	0	0	0	0	0	0	0	0	0	0	0	0	0	0	260	412	274	282	1074	2374	1566	450	276	460	0	0	0	160	0	912	0	0	3458	0	1464	226	650	772	750	0	
232812	Vermis_4_5	0	0	0	0	0	0	0	0	0	0	0	0	0	0	0	0	0	0	0	0	0	0	0	0	0	0	0	0	0	0	0	0	0	0	0	208	0	202	0	0	0	0	0	258	0	0	3956	4622	0	0	0	0	468	556	3328	2740	0	0	0	0	0	0	0	0	0	0	0	474	0	0	0	0	0	0	0	0	0	0	0	0	0	0	0	0	0	0	0	0	0	0	3910	9400	2438	1166	276	1388	16500	14866	11380	13752	1754	0	1870	670	2270	2124	0	0	814	1464	0	5646	1072	1736	2710	2388	
237012	Vermis_6	0	0	0	0	0	0	0	0	0	0	0	0	0	0	0	0	0	0	0	0	0	0	0	0	0	0	0	0	0	0	0	0	0	0	0	0	0	0	0	0	0	0	0	0	0	0	2190	8176	0	0	0	208	0	2224	1950	7340	0	0	0	0	0	0	0	0	0	0	0	0	0	0	0	0	0	0	0	0	0	0	0	0	0	0	0	0	0	0	0	0	0	0	7278	12338	3068	5676	0	110	3910	308	11740	17270	994	240	1562	618	2660	2020	502	0	120	226	5646	0	12308	2560	2886	2378	
