data	data	553648	248148	1.17564e+06	1.2026e+06	235016	183580	662424	320704	153832	62056	299636	208848	306104	205852	223056	184804	287228	160188	709536	1.0722e+06	103636	134276	579624	657740	49648	194080	80080	99624	710724	479776	584616	687880	261456	672508	144988	146804	386844	468092	118388	399824	50688	65940	230260	277484	99292	232304	534156	427328	155132	357940	431052	283292	214512	196252	676672	694384	375460	245924	128728	84456	262980	83976	161756	103932	207456	161004	263688	333004	140624	247484	422016	630720	630896	550128	181336	37272	146432	175804	138848	33588	285524	153076	132768	90288	406828	222720	45000	33192	440692	314296	677592	608832	336596	504748	76936	96368	548572	428304	714864	564916	290312	191492	385592	398492	206108	150280	35716	16020	43600	81960	521356	411012	408000	236776	132664	51992	
data	data	Precentral_L	Precentral_R	Frontal_Sup_L	Frontal_Sup_R	Frontal_Sup_Orb_L	Frontal_Sup_Orb_R	Frontal_Mid_L	Frontal_Mid_R	Frontal_Mid_Orb_L	Frontal_Mid_Orb_R	Frontal_Inf_Oper_L	Frontal_Inf_Oper_R	Frontal_Inf_Tri_L	Frontal_Inf_Tri_R	Frontal_Inf_Orb_L	Frontal_Inf_Orb_R	Rolandic_Oper_L	Rolandic_Oper_R	Supp_Motor_Area_L	Supp_Motor_Area_R	Olfactory_L	Olfactory_R	Frontal_Sup_Medial_L	Frontal_Sup_Medial_R	Frontal_Med_Orb_L	Frontal_Med_Orb_R	Rectus_L	Rectus_R	Insula_L	Insula_R	Cingulum_Ant_L	Cingulum_Ant_R	Cingulum_Mid_L	Cingulum_Mid_R	Cingulum_Post_L	Cingulum_Post_R	Hippocampus_L	Hippocampus_R	ParaHippocampal_L	ParaHippocampal_R	Amygdala_L	Amygdala_R	Calcarine_L	Calcarine_R	Cuneus_L	Cuneus_R	Lingual_L	Lingual_R	Occipital_Sup_L	Occipital_Sup_R	Occipital_Mid_L	Occipital_Mid_R	Occipital_Inf_L	Occipital_Inf_R	Fusiform_L	Fusiform_R	Postcentral_L	Postcentral_R	Parietal_Sup_L	Parietal_Sup_R	Parietal_Inf_L	Parietal_Inf_R	SupraMarginal_L	SupraMarginal_R	Angular_L	Angular_R	Precuneus_L	Precuneus_R	Paracentral_Lobule_L	Paracentral_Lobule_R	Caudate_L	Caudate_R	Putamen_L	Putamen_R	Pallidum_L	Pallidum_R	Thalamus_L	Thalamus_R	Heschl_L	Heschl_R	Temporal_Sup_L	Temporal_Sup_R	Temporal_Pole_Sup_L	Temporal_Pole_Sup_R	Temporal_Mid_L	Temporal_Mid_R	Temporal_Pole_Mid_L	Temporal_Pole_Mid_R	Temporal_Inf_L	Temporal_Inf_R	Cerebelum_Crus1_L	Cerebelum_Crus1_R	Cerebelum_Crus2_L	Cerebelum_Crus2_R	Cerebelum_3_L	Cerebelum_3_R	Cerebelum_4_5_L	Cerebelum_4_5_R	Cerebelum_6_L	Cerebelum_6_R	Cerebelum_7b_L	Cerebelum_7b_R	Cerebelum_8_L	Cerebelum_8_R	Cerebelum_9_L	Cerebelum_9_R	Cerebelum_10_L	Cerebelum_10_R	Vermis_1_2	Vermis_3	Vermis_4_5	Vermis_6	Vermis_7	Vermis_8	Vermis_9	Vermis_10	
553648	Precentral_L	0	764	12276	1734	0	0	35392	424	0	0	18592	0	2954	0	0	0	14582	0	5806	3946	0	0	230	206	0	0	0	0	16860	0	666	168	106	2224	3158	1740	12894	1754	1836	438	0	0	598	194	320	170	312	0	570	216	6870	148	2320	0	6376	206	40506	0	1210	0	5870	0	1590	0	2562	0	1488	322	6776	1584	2360	310	13254	170	9684	0	8650	888	6274	0	4302	0	512	0	5660	0	0	0	5802	0	0	0	0	0	0	0	0	0	0	0	0	0	0	0	0	0	0	0	0	0	0	0	0	0	0	0	
248148	Precentral_R	764	0	1132	7998	0	0	0	11504	0	0	0	5252	0	0	0	0	0	2666	1080	3172	0	0	0	0	0	0	0	0	0	4364	0	110	0	1440	0	502	0	6528	0	5856	0	0	0	1708	0	400	0	288	0	1258	0	1016	0	3914	0	10566	286	19824	0	120	0	510	0	2182	0	1194	0	1308	568	4328	112	602	0	3854	0	590	0	802	0	1188	0	2418	0	0	0	3698	0	0	0	8764	0	208	0	0	0	0	0	0	0	0	0	0	0	0	0	0	0	0	0	0	0	0	0	0	0	0	
1.17564e+06	Frontal_Sup_L	12276	1132	0	25632	10608	710	63934	1050	3410	262	15070	576	17560	1488	7184	1634	6534	310	78858	40072	120	0	61382	25424	866	726	0	106	36910	2058	34168	13918	12682	19838	362	100	6586	322	344	260	0	0	0	0	0	0	0	0	0	0	0	0	0	0	3706	200	958	0	0	0	0	0	0	0	0	0	0	0	1556	0	14962	5392	34208	2184	11326	0	2260	208	804	0	1744	0	1094	0	492	0	0	0	2144	0	0	0	0	0	0	0	0	110	0	0	0	0	0	0	0	0	0	0	0	0	0	0	0	0	0	0	
1.2026e+06	Frontal_Sup_R	1734	7998	25632	0	226	5230	6072	43248	0	874	534	9320	610	18842	108	9346	138	7448	22310	95360	186	264	15898	50636	0	5318	0	332	1212	26976	10568	48534	5008	25446	542	458	336	11186	0	7800	0	434	0	0	0	0	0	248	0	0	0	0	0	0	0	4482	158	772	0	0	0	0	0	0	0	0	0	0	1844	154	10312	49746	3538	28680	1274	2716	1614	25576	0	464	0	1482	0	250	0	434	0	0	0	590	0	0	0	0	0	0	0	802	0	0	0	0	0	0	0	0	0	0	0	0	0	0	0	0	0	0	
235016	Frontal_Sup_Orb_L	0	0	10608	226	0	262	3038	0	18580	0	396	0	3622	0	10768	0	0	0	1448	184	2286	212	5196	808	4990	1428	9410	204	8304	0	10366	1352	114	0	0	0	0	0	0	0	0	0	0	0	0	0	0	0	0	0	0	0	0	0	0	0	0	0	0	0	0	0	0	0	0	0	0	0	0	0	8118	816	14432	152	0	0	0	0	0	0	0	0	188	0	0	0	0	0	0	0	0	0	0	0	0	0	0	0	0	0	0	0	0	0	0	0	0	0	0	0	0	0	0	0	0	0	
183580	Frontal_Sup_Orb_R	0	0	710	5230	262	0	0	866	108	7526	0	0	0	0	0	2946	0	0	276	2050	1250	4378	342	5372	586	12164	1528	10690	198	496	2370	9672	0	578	0	0	0	0	0	0	0	0	0	0	0	0	0	0	0	0	0	0	0	0	0	0	0	0	0	0	0	0	0	0	0	0	0	0	0	0	2448	11512	1268	5416	0	0	0	1548	0	0	0	0	0	0	0	0	0	0	0	0	0	0	0	0	0	0	0	0	0	0	0	0	0	0	0	0	0	0	0	0	0	0	0	0	0	0	
662424	Frontal_Mid_L	35392	0	63934	6072	3038	0	0	158	3580	0	21390	0	41020	642	9802	502	3916	0	14438	7932	0	0	19964	8944	0	0	0	0	21004	670	9706	2138	5684	3016	600	370	5410	558	116	188	0	0	0	0	0	0	0	0	0	0	132	0	112	0	700	0	6730	0	0	0	240	0	162	0	0	0	0	0	410	256	2526	410	10184	126	7758	0	7100	502	1660	0	746	0	264	0	188	0	0	0	822	0	0	0	0	0	0	0	0	0	0	0	0	0	0	0	0	0	0	0	0	0	0	0	0	0	0	0	
320704	Frontal_Mid_R	424	11504	1050	43248	0	866	158	0	0	2060	0	8866	0	21314	0	5906	0	4898	844	4066	0	0	370	3890	0	0	0	0	0	13706	170	2338	0	800	114	96	134	5600	0	3334	0	140	0	0	0	0	0	194	0	0	0	0	0	0	0	2826	140	1066	0	0	0	0	0	0	0	0	0	0	0	0	318	3018	106	11800	0	1786	228	1118	0	334	0	714	0	0	0	206	0	0	0	416	0	0	0	0	0	0	0	186	0	0	0	0	0	0	0	0	0	0	0	0	0	0	0	0	0	0	
153832	Frontal_Mid_Orb_L	0	0	3410	0	18580	108	3580	0	0	0	98	0	2718	0	16702	0	0	0	352	0	1118	112	292	302	492	418	6488	0	4838	0	3148	762	0	0	0	0	0	0	0	0	0	0	0	0	0	0	0	0	0	0	0	0	0	0	0	0	0	0	0	0	0	0	0	0	0	0	0	0	0	0	5130	444	7442	102	0	0	0	0	0	0	0	0	280	0	0	0	0	0	0	0	0	0	0	0	0	0	0	0	0	0	0	0	0	0	0	0	0	0	0	0	0	0	0	0	0	0	
62056	Frontal_Mid_Orb_R	0	0	262	874	0	7526	0	2060	0	0	0	0	0	156	0	4786	0	0	0	632	196	644	0	702	0	1730	338	2616	0	276	452	876	0	164	0	0	0	0	0	0	0	0	0	0	0	0	0	0	0	0	0	0	0	0	0	0	0	0	0	0	0	0	0	0	0	0	0	0	0	0	670	3142	280	2130	0	0	0	516	0	0	0	0	0	0	0	0	0	0	0	0	0	0	0	0	0	0	0	0	0	0	0	0	0	0	0	0	0	0	0	0	0	0	0	0	0	0	
299636	Frontal_Inf_Oper_L	18592	0	15070	534	396	0	21390	0	98	0	0	0	19192	0	1610	0	14678	0	6560	708	0	0	2216	960	0	0	0	0	17622	0	2372	320	280	126	0	0	3576	0	0	0	0	0	0	0	0	0	0	0	0	0	0	0	0	0	272	0	6948	0	0	0	0	0	142	0	0	0	0	0	0	0	644	250	3604	178	510	0	164	0	1874	0	4948	0	3302	0	356	0	0	0	326	0	0	0	0	0	0	0	0	0	0	0	0	0	0	0	0	0	0	0	0	0	0	0	0	0	0	0	
208848	Frontal_Inf_Oper_R	0	5252	576	9320	0	0	0	8866	0	0	0	0	0	11412	0	2406	0	8366	192	5498	0	0	0	970	0	0	0	0	0	16478	154	1164	0	390	0	0	0	4098	0	3690	0	0	0	0	0	0	0	102	0	0	0	0	0	100	0	3346	0	2446	0	0	0	0	0	0	0	0	0	0	0	0	800	4956	0	8576	0	366	0	170	0	646	0	1068	0	1098	0	286	0	0	0	1416	0	0	0	0	0	0	0	216	0	0	0	0	0	0	0	0	0	0	0	0	0	0	0	0	0	0	
306104	Frontal_Inf_Tri_L	2954	0	17560	610	3622	0	41020	0	2718	0	19192	0	0	0	17126	0	2812	0	2540	842	0	0	3872	1248	0	0	0	0	24246	0	3696	266	544	122	0	0	174	0	0	0	0	0	0	0	0	0	0	0	0	0	0	0	0	0	0	0	762	0	0	0	0	0	0	0	0	0	0	0	0	0	1012	250	1668	0	0	0	0	0	138	0	1834	0	2084	0	140	0	0	0	0	0	0	0	0	0	0	0	0	0	0	0	0	0	0	0	0	0	0	0	0	0	0	0	0	0	0	0	
205852	Frontal_Inf_Tri_R	0	0	1488	18842	0	0	642	21314	0	156	0	11412	0	0	0	9506	0	858	992	2972	0	0	1382	4466	0	0	0	0	0	17880	254	1744	300	1394	0	0	0	540	0	482	0	0	0	0	0	0	0	0	0	0	0	0	0	0	0	130	0	0	0	0	0	0	0	0	0	0	0	0	0	0	458	2432	0	2028	0	140	0	172	0	0	0	462	0	354	0	0	0	0	0	0	0	0	0	0	0	0	0	126	0	0	0	0	0	0	0	0	0	0	0	0	0	0	0	0	0	0	
223056	Frontal_Inf_Orb_L	0	0	7184	108	10768	0	9802	0	16702	0	1610	0	17126	0	0	0	368	0	864	136	1746	122	712	248	156	0	2416	0	22322	0	1504	252	0	0	0	0	244	0	0	0	248	0	0	0	0	0	0	0	0	0	0	0	0	0	154	0	0	0	0	0	0	0	0	0	0	0	0	0	0	0	1820	174	10454	0	0	0	0	0	0	0	478	0	2982	0	492	0	150	0	186	0	0	0	0	0	0	0	0	0	0	0	0	0	0	0	0	0	0	0	0	0	0	0	0	0	0	0	
184804	Frontal_Inf_Orb_R	0	0	1634	9346	0	2946	502	5906	0	4786	0	2406	0	9506	0	0	0	1558	758	4420	146	2078	1724	3852	0	318	0	1850	0	17554	148	808	344	2068	0	0	0	398	0	414	0	194	0	0	0	0	0	0	0	0	0	0	0	0	0	184	0	0	0	0	0	0	0	0	0	0	0	0	0	0	444	5054	156	7534	0	0	0	150	0	0	0	734	0	2048	0	282	0	0	0	152	0	0	0	0	0	0	0	0	0	0	0	0	0	0	0	0	0	0	0	0	0	0	0	0	0	0	
287228	Rolandic_Oper_L	14582	0	6534	138	0	0	3916	0	0	0	14678	0	2812	0	368	0	0	0	4516	98	0	0	152	160	0	0	0	0	19728	0	258	116	0	0	358	0	3012	0	112	0	0	0	170	0	0	0	0	0	128	0	1242	0	224	0	1400	0	16290	0	100	0	2516	0	6616	0	1588	0	316	0	0	0	344	170	1514	144	100	0	0	0	10242	0	16622	0	4090	0	5980	0	0	0	2280	0	0	0	0	0	0	0	0	0	0	0	0	0	0	0	0	0	0	0	0	0	0	0	0	0	0	0	
160188	Rolandic_Oper_R	0	2666	310	7448	0	0	0	4898	0	0	0	8366	0	858	0	1558	0	0	0	4962	0	0	0	0	0	0	0	0	0	16306	0	0	0	346	0	0	0	1706	0	1252	0	0	0	0	0	0	0	0	0	554	0	328	0	0	0	738	0	4808	0	0	0	374	0	3072	0	744	0	274	0	0	302	2396	0	5642	0	168	0	0	0	3098	0	4436	0	1038	0	870	0	0	0	576	0	0	0	0	0	0	0	0	0	0	0	0	0	0	0	0	0	0	0	0	0	0	0	0	0	0	
709536	Supp_Motor_Area_L	5806	1080	78858	22310	1448	276	14438	844	352	0	6560	192	2540	992	864	758	4516	0	0	54342	0	0	12454	12536	0	160	0	0	17808	1174	11192	9124	15078	26996	1450	218	3162	350	144	318	0	0	0	0	0	0	0	0	0	0	138	0	0	0	2534	280	334	142	0	0	0	0	0	0	0	0	0	0	5628	3096	7250	2618	16732	736	2444	0	656	120	98	0	1500	0	852	0	514	0	0	0	652	0	0	0	0	0	0	0	0	104	0	0	0	0	0	0	0	0	0	0	0	0	0	0	0	0	0	0	
1.0722e+06	Supp_Motor_Area_R	3946	3172	40072	95360	184	2050	7932	4066	0	632	708	5498	842	2972	136	4420	98	4962	54342	0	170	176	7042	22702	0	2484	0	328	1074	10320	6014	24336	13260	57296	1870	4066	0	5660	0	4408	0	120	0	1958	0	1126	0	368	0	6130	0	5410	0	1562	0	3760	170	6526	0	262	0	590	0	176	0	1638	0	3630	6588	25032	9860	32312	4624	16018	1746	1306	332	7682	0	172	0	668	0	204	0	948	0	0	0	2022	0	0	0	0	0	0	0	562	0	0	0	0	0	0	0	0	0	0	0	0	0	0	0	0	0	0	
103636	Olfactory_L	0	0	120	186	2286	1250	0	0	1118	196	0	0	0	0	1746	146	0	0	0	170	0	6126	0	278	674	622	2190	1454	1562	0	5108	2690	0	0	0	0	174	0	280	0	378	0	0	0	0	0	0	0	0	0	0	0	0	0	108	0	0	0	0	0	0	0	0	0	0	0	0	0	0	0	8886	5054	6822	1670	420	0	0	0	0	0	0	0	104	0	0	0	0	0	0	0	0	0	0	0	0	0	0	0	0	0	0	0	0	0	0	0	0	0	0	0	0	0	0	0	0	0	
134276	Olfactory_R	0	0	0	264	212	4378	0	0	112	644	0	0	0	0	122	2078	0	0	0	176	6126	0	0	476	0	3232	472	6296	250	2668	3658	4998	0	0	0	0	0	258	0	162	0	822	0	0	0	0	0	0	0	0	0	0	0	0	0	0	0	0	0	0	0	0	0	0	0	0	0	0	0	0	8290	9454	7084	3034	1044	624	0	100	0	0	0	0	0	104	0	0	0	0	0	0	0	0	0	0	0	0	0	0	0	0	0	0	0	0	0	0	0	0	0	0	0	0	0	0	0	0	
579624	Frontal_Sup_Medial_L	230	0	61382	15898	5196	342	19964	370	292	0	2216	0	3872	1382	712	1724	152	0	12454	7042	0	0	0	38846	2284	2222	290	0	6556	1400	42892	19254	13212	13920	340	0	214	0	0	0	0	0	0	0	0	0	0	0	0	0	0	0	0	0	0	0	0	0	0	0	0	0	0	0	0	0	0	0	0	0	3728	1938	8572	484	0	0	300	132	0	0	0	0	0	0	0	0	0	0	0	0	0	0	0	0	0	0	0	0	0	0	0	0	0	0	0	0	0	0	0	0	0	0	0	0	0	0	
657740	Frontal_Sup_Medial_R	206	0	25424	50636	808	5372	8944	3890	302	702	960	970	1248	4466	248	3852	160	0	12536	22702	278	476	38846	0	1224	13058	190	760	1708	5672	19646	45934	5282	19098	138	0	0	190	0	176	0	0	0	0	0	0	0	0	0	0	0	0	0	0	0	0	0	0	0	0	0	0	0	0	0	0	0	0	0	0	4436	16242	1872	8782	0	0	448	988	0	0	0	0	0	0	0	0	0	0	0	0	0	0	0	0	0	0	0	0	0	0	0	0	0	0	0	0	0	0	0	0	0	0	0	0	0	0	
49648	Frontal_Med_Orb_L	0	0	866	0	4990	586	0	0	492	0	0	0	0	0	156	0	0	0	0	0	674	0	2284	1224	0	2990	2464	550	0	0	4822	454	0	0	0	0	0	0	0	0	0	0	0	0	0	0	0	0	0	0	0	0	0	0	0	0	0	0	0	0	0	0	0	0	0	0	0	0	0	0	1086	98	1088	0	0	0	0	0	0	0	0	0	0	0	0	0	0	0	0	0	0	0	0	0	0	0	0	0	0	0	0	0	0	0	0	0	0	0	0	0	0	0	0	0	0	0	
194080	Frontal_Med_Orb_R	0	0	726	5318	1428	12164	0	0	418	1730	0	0	0	0	0	318	0	0	160	2484	622	3232	2222	13058	2990	0	1414	7798	0	610	6024	14020	0	664	0	0	0	0	0	0	0	0	0	0	0	0	0	0	0	0	0	0	0	0	0	0	0	0	0	0	0	0	0	0	0	0	0	0	0	0	1688	10232	948	6560	0	0	0	212	0	0	0	0	0	0	0	0	0	0	0	0	0	0	0	0	0	0	0	0	0	0	0	0	0	0	0	0	0	0	0	0	0	0	0	0	0	0	
80080	Rectus_L	0	0	0	0	9410	1528	0	0	6488	338	0	0	0	0	2416	0	0	0	0	0	2190	472	290	190	2464	1414	0	1966	510	0	2714	678	0	0	0	0	0	0	0	0	0	0	0	0	0	0	0	0	0	0	0	0	0	0	0	0	0	0	0	0	0	0	0	0	0	0	0	0	0	0	3820	140	3012	0	0	0	0	0	0	0	0	0	0	0	0	0	0	0	0	0	0	0	0	0	0	0	0	0	0	0	0	0	0	0	0	0	0	0	0	0	0	0	0	0	0	0	
99624	Rectus_R	0	0	106	332	204	10690	0	0	0	2616	0	0	0	0	0	1850	0	0	0	328	1454	6296	0	760	550	7798	1966	0	0	742	1326	4388	0	0	0	0	0	0	0	0	0	0	0	0	0	0	0	0	0	0	0	0	0	0	0	0	0	0	0	0	0	0	0	0	0	0	0	0	0	0	1332	4050	1182	1842	0	0	0	0	0	0	0	0	0	0	0	0	0	0	0	0	0	0	0	0	0	0	0	0	0	0	0	0	0	0	0	0	0	0	0	0	0	0	0	0	0	0	
710724	Insula_L	16860	0	36910	1212	8304	198	21004	0	4838	0	17622	0	24246	0	22322	0	19728	0	17808	1074	1562	250	6556	1708	0	0	510	0	0	0	8398	1066	430	164	1466	508	25368	516	1634	0	1794	0	440	0	0	0	382	0	180	0	1954	0	564	0	13094	0	10514	0	236	0	620	0	1174	0	816	0	684	0	0	0	4680	1446	26452	224	1556	0	1338	198	9790	0	11226	0	7562	0	4812	0	464	0	10590	0	152	0	0	0	0	0	0	0	158	0	0	0	0	0	0	0	0	0	0	0	0	0	0	0	0	0	
479776	Insula_R	0	4364	2058	26976	0	496	670	13706	0	276	0	16478	0	17880	0	17554	0	16306	1174	10320	0	2668	1400	5672	0	610	0	742	0	0	342	3300	354	1910	0	0	0	11176	0	7792	0	2172	0	0	0	264	0	464	0	376	0	0	0	256	0	7668	0	1212	0	356	0	0	0	104	0	0	0	1184	0	330	1240	8372	0	26474	0	148	0	330	0	3146	0	9704	0	4394	0	3854	0	334	0	2782	0	0	0	0	0	0	0	500	0	0	0	0	0	0	0	0	0	0	0	0	0	0	0	0	0	0	
584616	Cingulum_Ant_L	666	0	34168	10568	10366	2370	9706	170	3148	452	2372	154	3696	254	1504	148	258	0	11192	6014	5108	3658	42892	19646	4822	6024	2714	1326	8398	342	0	31938	11122	10604	1766	0	278	0	0	0	0	0	0	0	0	0	0	0	0	0	0	0	0	0	0	0	206	0	0	0	0	0	0	0	0	0	134	0	0	292	16198	7964	15620	2828	134	136	430	414	0	0	0	0	0	0	0	0	0	0	108	0	0	0	0	0	0	0	0	0	0	0	0	0	0	0	0	0	0	0	0	0	0	0	0	0	0	0	
687880	Cingulum_Ant_R	168	110	13918	48534	1352	9672	2138	2338	762	876	320	1164	266	1744	252	808	116	0	9124	24336	2690	4998	19254	45934	454	14020	678	4388	1066	3300	31938	0	7218	28132	410	0	0	372	0	336	0	0	0	0	0	0	0	0	0	0	0	0	0	0	0	0	0	0	0	0	0	0	0	0	0	0	0	0	0	0	10596	29512	4540	12076	0	162	638	2844	0	0	0	284	0	0	0	0	0	0	0	0	0	0	0	0	0	0	0	102	0	0	0	0	0	0	0	0	0	0	0	0	0	0	0	0	0	0	
261456	Cingulum_Mid_L	106	0	12682	5008	114	0	5684	0	0	0	280	0	544	300	0	344	0	0	15078	13260	0	0	13212	5282	0	0	0	0	430	354	11122	7218	0	21354	6994	408	0	0	0	0	0	0	0	0	0	278	0	0	336	228	1018	0	0	0	0	0	0	0	418	0	0	0	0	0	0	0	2236	1138	2872	1400	148	0	456	0	198	0	0	0	0	0	0	0	0	0	228	0	0	0	0	0	0	0	0	0	0	0	0	0	0	0	0	0	0	0	0	0	0	0	0	0	0	0	0	0	0	0	
672508	Cingulum_Mid_R	2224	1440	19838	25446	0	578	3016	800	0	164	126	390	122	1394	0	2068	0	346	26996	57296	0	0	13920	19098	0	664	0	0	164	1910	10604	28132	21354	0	3212	6244	0	710	0	710	0	0	0	3272	0	3636	0	518	0	7474	0	5972	0	1508	0	1738	0	5744	0	288	0	730	0	282	0	2014	618	8754	4892	23440	4982	4434	922	2162	616	0	0	166	0	0	0	404	0	0	0	1106	0	0	0	1616	0	0	0	0	0	0	0	0	0	0	0	0	0	0	0	0	0	0	0	0	0	0	0	0	0	0	
144988	Cingulum_Post_L	3158	0	362	542	0	0	600	114	0	0	0	0	0	0	0	0	358	0	1450	1870	0	0	340	138	0	0	0	0	1466	0	1766	410	6994	3212	0	6270	6696	3276	1766	608	0	0	4258	0	244	0	1904	598	532	0	1548	0	604	0	1748	224	942	0	254	0	0	0	0	0	0	0	5640	492	3570	1056	0	0	804	0	794	0	1210	1112	1554	0	126	0	0	0	594	0	0	0	764	0	0	0	0	0	0	0	0	0	0	0	0	0	0	0	0	0	0	0	0	0	526	0	0	0	0	0	
146804	Cingulum_Post_R	1740	502	100	458	0	0	370	96	0	0	0	0	0	0	0	0	0	0	218	4066	0	0	0	0	0	0	0	0	508	0	0	0	408	6244	6270	0	3074	7938	368	3758	0	0	0	2814	0	928	292	3466	0	1060	0	806	0	332	0	4192	324	236	0	0	0	0	0	0	0	128	792	8174	914	3334	0	0	546	0	544	0	2900	2048	664	0	0	0	0	0	0	236	0	0	0	1556	0	0	0	0	0	0	0	0	0	0	0	0	0	0	0	0	0	0	0	0	998	0	0	0	0	0	
386844	Hippocampus_L	12894	0	6586	336	0	0	5410	134	0	0	3576	0	174	0	244	0	3012	0	3162	0	174	0	214	0	0	0	0	0	25368	0	278	0	0	0	6696	3074	0	3108	15906	618	8178	0	3472	0	0	0	5696	518	0	0	624	0	772	0	22666	170	5036	0	0	0	234	0	442	0	104	0	4782	296	494	0	270	0	12344	0	4010	0	4562	1292	5394	0	4282	0	1568	0	1344	0	640	0	11726	0	340	0	0	0	0	0	384	0	372	0	0	0	0	0	0	0	0	0	0	0	446	0	0	0	0	0	
468092	Hippocampus_R	1754	6528	322	11186	0	0	558	5600	0	0	0	4098	0	540	0	398	0	1706	350	5660	0	258	0	190	0	0	0	0	516	11176	0	372	0	710	3276	7938	3108	0	272	49854	0	10266	0	1732	0	142	0	6144	0	410	0	278	0	884	0	39896	342	988	0	0	0	0	0	0	0	0	0	5786	166	928	238	1272	688	20898	644	368	2688	5700	664	240	0	1290	0	1726	0	2502	0	146	0	6218	0	218	0	0	0	0	0	3114	0	356	0	0	0	0	0	0	0	0	0	0	744	0	0	0	0	0	
118388	ParaHippocampal_L	1836	0	344	0	0	0	116	0	0	0	0	0	0	0	0	0	112	0	144	0	280	0	0	0	0	0	0	0	1634	0	0	0	0	0	1766	368	15906	272	0	0	4672	0	2192	0	0	0	5658	140	0	0	548	0	574	0	9758	0	288	0	0	0	0	0	0	0	0	0	3392	0	128	0	0	0	1312	0	358	0	1812	0	114	0	148	0	794	0	160	0	860	0	1788	0	246	0	0	0	0	0	896	0	456	0	0	0	0	0	0	0	0	0	0	0	122	0	0	0	0	0	
399824	ParaHippocampal_R	438	5856	260	7800	0	0	188	3334	0	0	0	3690	0	482	0	414	0	1252	318	4408	0	162	0	176	0	0	0	0	0	7792	0	336	0	710	608	3758	618	49854	0	0	0	8616	0	2012	0	0	0	6384	0	408	0	280	0	1036	0	37868	0	1020	0	0	0	0	0	0	0	0	0	5016	152	976	214	1208	154	15886	126	362	986	3340	0	156	0	990	0	3454	0	1594	0	1316	0	4814	0	1014	0	582	0	0	0	5022	0	1510	0	0	0	660	0	0	0	112	0	0	190	0	0	0	0	0	
50688	Amygdala_L	0	0	0	0	0	0	0	0	0	0	0	0	0	0	248	0	0	0	0	0	378	0	0	0	0	0	0	0	1794	0	0	0	0	0	0	0	8178	0	4672	0	0	0	0	0	0	0	0	0	0	0	0	0	0	0	4546	0	0	0	0	0	0	0	0	0	0	0	0	0	0	0	0	0	3054	0	0	0	302	0	0	0	0	0	652	0	110	0	494	0	916	0	0	0	0	0	0	0	0	0	0	0	0	0	0	0	0	0	0	0	0	0	0	0	0	0	0	0	
65940	Amygdala_R	0	0	0	434	0	0	0	140	0	0	0	0	0	0	0	194	0	0	0	120	0	822	0	0	0	0	0	0	0	2172	0	0	0	0	0	0	0	10266	0	8616	0	0	0	0	0	0	0	0	0	0	0	0	0	0	0	5308	0	0	0	0	0	0	0	0	0	0	0	0	0	0	0	0	0	1832	0	0	0	138	0	0	0	0	0	2516	0	0	0	154	0	258	0	0	0	0	0	0	0	0	0	0	0	0	0	0	0	0	0	0	0	0	0	0	0	0	0	0	
230260	Calcarine_L	598	0	0	0	0	0	0	0	0	0	0	0	0	0	0	0	170	0	0	0	0	0	0	0	0	0	0	0	440	0	0	0	0	0	4258	0	3472	0	2192	0	0	0	0	2676	5990	1998	15288	3166	7924	312	12952	0	6098	624	6870	250	300	0	468	0	0	0	0	0	144	0	11594	252	0	0	0	0	0	0	0	0	0	0	412	0	0	0	0	0	2236	0	0	0	2570	0	2774	1430	252	198	200	0	4462	1356	4066	1014	0	0	0	0	0	0	0	0	0	0	4652	1194	278	0	0	0	
277484	Calcarine_R	194	1708	0	0	0	0	0	0	0	0	0	0	0	0	0	0	0	0	0	1958	0	0	0	0	0	0	0	0	0	0	0	0	0	3272	0	2814	0	1732	0	2012	0	0	2676	0	3044	20856	210	15622	0	17886	0	11458	0	9046	0	11380	0	1534	0	852	0	210	0	0	0	1170	492	18992	208	3536	0	0	0	0	0	0	0	0	0	0	0	200	0	0	0	2270	0	0	0	3202	0	208	0	0	0	0	0	0	0	0	0	0	0	0	0	0	0	0	0	0	0	0	0	0	0	0	
99292	Cuneus_L	320	0	0	0	0	0	0	0	0	0	0	0	0	0	0	0	0	0	0	0	0	0	0	0	0	0	0	0	0	0	0	0	0	0	244	0	0	0	0	0	0	0	5990	3044	0	4996	216	312	9996	1378	5774	176	754	0	1354	98	0	0	1144	0	0	0	0	0	0	0	9048	2242	0	0	0	0	0	0	0	0	0	0	0	0	0	0	0	0	1884	0	0	0	676	0	0	0	0	0	0	0	0	0	0	0	0	0	0	0	0	0	0	0	0	0	0	0	0	0	0	0	
232304	Cuneus_R	170	400	0	0	0	0	0	0	0	0	0	0	0	0	0	0	0	0	0	1126	0	0	0	0	0	0	0	0	0	264	0	0	278	3636	0	928	0	142	0	0	0	0	1998	20856	4996	0	0	5412	124	23164	0	9980	0	3870	0	4792	0	1406	0	3366	0	166	0	98	0	768	3156	19658	242	2664	0	0	0	0	0	0	0	0	0	0	0	224	0	0	0	1300	0	0	0	968	0	0	0	0	0	0	0	0	0	0	0	0	0	0	0	0	0	0	0	0	0	0	0	0	0	0	
534156	Lingual_L	312	0	0	0	0	0	0	0	0	0	0	0	0	0	0	0	0	0	0	0	0	0	0	0	0	0	0	0	382	0	0	0	0	0	1904	292	5696	0	5658	0	0	0	15288	210	216	0	0	7432	4510	0	16736	0	13980	980	30892	2330	120	0	0	0	104	0	0	0	158	0	6762	0	0	0	0	0	0	0	0	0	1664	0	0	0	106	0	0	0	1196	0	0	0	1330	0	21712	6986	1268	2798	212	372	24872	8218	32564	9508	158	592	664	1486	160	154	0	0	0	174	18770	12092	4452	1246	260	102	
427328	Lingual_R	0	288	0	248	0	0	0	194	0	0	0	102	0	0	0	0	0	0	0	368	0	0	0	0	0	0	0	0	0	464	0	0	0	518	598	3466	518	6144	140	6384	0	0	3166	15622	312	5412	7432	0	0	4106	160	4398	950	7678	3660	25242	0	132	0	138	0	0	0	0	0	0	994	10232	0	386	0	0	0	1156	0	0	106	232	0	0	0	154	0	0	0	414	0	0	96	1070	3904	17286	302	2748	106	372	7382	12880	8256	18834	0	0	0	230	0	0	0	0	0	0	15600	10124	2960	0	0	0	
155132	Occipital_Sup_L	570	0	0	0	0	0	0	0	0	0	0	0	0	0	0	0	128	0	0	0	0	0	0	0	0	0	0	0	180	0	0	0	336	0	532	0	0	0	0	0	0	0	7924	0	9996	124	4510	0	0	0	25866	0	1518	0	1972	0	792	0	7374	0	818	0	138	0	656	0	11034	366	800	0	0	0	0	0	0	0	0	0	108	0	0	0	0	0	1436	0	0	0	388	0	0	0	0	0	0	0	0	0	0	0	0	0	0	0	0	0	0	0	0	0	0	0	0	0	0	0	
357940	Occipital_Sup_R	216	1258	0	0	0	0	0	0	0	0	0	0	0	0	0	0	0	554	0	6130	0	0	0	0	0	0	0	0	0	376	0	0	228	7474	0	1060	0	410	0	408	0	0	312	17886	1378	23164	0	4106	0	0	0	32134	0	7914	0	6850	0	7988	0	6802	0	3060	0	950	0	8846	370	13200	564	8806	0	0	0	0	0	0	0	0	0	118	0	1724	0	0	0	5064	0	0	0	9194	0	426	0	0	0	0	0	0	0	0	0	0	0	0	0	0	0	0	0	0	0	0	0	0	0	0	
431052	Occipital_Mid_L	6870	0	0	0	0	0	132	0	0	0	0	0	0	0	0	0	1242	0	138	0	0	0	0	0	0	0	0	0	1954	0	0	0	1018	0	1548	0	624	0	548	0	0	0	12952	0	5774	0	16736	160	25866	0	0	0	21408	0	12260	0	6602	0	15118	0	9962	0	1930	0	15254	0	19932	306	5628	0	0	0	116	0	0	0	0	0	672	0	1474	0	0	0	19778	0	0	0	8338	0	0	118	0	116	0	0	0	0	436	0	0	0	0	0	0	0	0	0	0	0	122	266	128	0	0	0	
283292	Occipital_Mid_R	148	1016	0	0	0	0	0	0	0	0	0	0	0	0	0	0	0	328	0	5410	0	0	0	0	0	0	0	0	0	0	0	0	0	5972	0	806	0	278	0	280	0	0	0	11458	176	9980	0	4398	0	32134	0	0	0	5638	0	6182	0	4888	0	3170	0	2914	0	614	0	15242	0	5942	140	6596	0	0	0	0	0	0	0	0	0	0	0	856	0	0	0	9138	0	0	0	7770	0	172	0	0	0	0	0	0	0	0	0	0	0	0	0	0	0	0	0	0	0	0	0	0	0	0	
214512	Occipital_Inf_L	2320	0	0	0	0	0	112	0	0	0	0	0	0	0	0	0	224	0	0	0	0	0	0	0	0	0	0	0	564	0	0	0	0	0	604	0	772	0	574	0	0	0	6098	0	754	0	13980	950	1518	0	21408	0	0	178	22144	238	358	0	0	0	704	0	108	0	1110	0	2664	0	566	0	0	0	0	0	0	0	0	0	392	0	304	0	0	0	6810	0	0	0	9642	0	1578	602	0	446	0	0	1398	156	4666	276	0	0	0	0	0	0	0	0	0	0	1192	1360	486	0	0	0	
196252	Occipital_Inf_R	0	3914	0	0	0	0	0	0	0	0	0	100	0	0	0	0	0	0	0	1562	0	0	0	0	0	0	0	0	0	256	0	0	0	1508	0	332	0	884	0	1036	0	0	624	9046	0	3870	980	7678	0	7914	0	5638	178	0	370	18424	0	2484	0	158	0	312	0	0	0	680	128	5278	166	2812	0	0	0	280	0	0	0	0	0	0	0	208	0	0	0	2648	0	0	0	10082	266	1102	0	446	0	0	718	246	920	796	0	0	0	0	0	0	0	0	0	0	1322	2176	584	0	0	0	
676672	Fusiform_L	6376	0	3706	0	0	0	700	0	0	0	272	0	0	0	154	0	1400	0	2534	0	108	0	0	0	0	0	0	0	13094	0	0	0	0	0	1748	0	22666	0	9758	0	4546	0	6870	0	1354	0	30892	3660	1972	0	12260	0	22144	370	0	550	1006	0	124	0	1070	0	178	0	1590	0	4898	0	1234	0	132	0	5200	0	232	0	936	0	2072	0	4830	0	4168	0	8796	0	1962	0	34820	0	28016	2872	1828	1178	96	254	19166	4136	38724	3496	650	182	870	528	398	0	0	0	0	96	9914	3700	1408	332	110	0	
694384	Fusiform_R	206	10566	200	4482	0	0	0	2826	0	0	0	3346	0	130	0	184	0	738	280	3760	0	0	0	0	0	0	0	0	0	7668	0	0	0	1738	224	4192	170	39896	0	37868	0	5308	250	11380	98	4792	2330	25242	0	6850	0	6182	238	18424	550	0	0	3378	0	168	0	372	0	0	0	766	130	10094	232	2752	128	490	0	12642	0	162	278	1292	0	154	0	2090	0	6088	0	4932	0	1862	0	23602	528	22086	160	3446	0	836	1740	10570	1420	23198	0	0	0	1768	0	104	0	296	0	0	4024	4192	1094	0	0	0	
375460	Postcentral_L	40506	286	958	158	0	0	6730	140	0	0	6948	0	762	0	0	0	16290	0	334	170	0	0	0	0	0	0	0	0	10514	0	206	0	0	0	942	324	5036	342	288	0	0	0	300	0	0	0	120	0	792	0	6602	0	358	0	1006	0	0	0	9208	0	26136	0	14434	0	4682	0	3488	0	3980	0	1300	108	3570	0	1430	0	856	0	7054	0	7698	0	472	0	2036	0	0	0	1166	0	0	0	0	0	0	0	0	0	0	0	0	0	0	0	0	0	0	0	0	0	0	0	0	0	0	0	
245924	Postcentral_R	0	19824	0	772	0	0	0	1066	0	0	0	2446	0	0	0	0	0	4808	142	6526	0	0	0	0	0	0	0	0	0	1212	0	0	0	5744	0	236	0	988	0	1020	0	0	0	1534	0	1406	0	132	0	7988	0	4888	0	2484	0	3378	0	0	0	6522	0	4750	0	10302	0	4118	304	6792	566	10408	0	0	0	480	0	0	0	0	0	610	0	1752	0	0	0	3636	0	0	0	5998	0	130	0	0	0	0	0	0	0	0	0	0	0	0	0	0	0	0	0	0	0	0	0	0	0	0	
128728	Parietal_Sup_L	1210	0	0	0	0	0	0	0	0	0	0	0	0	0	0	0	100	0	0	0	0	0	0	0	0	0	0	0	236	0	0	0	418	0	254	0	0	0	0	0	0	0	468	0	1144	0	0	0	7374	0	15118	0	0	0	124	0	9208	0	0	0	10394	0	218	0	3484	0	10958	238	3146	0	0	0	0	0	0	0	0	0	0	0	0	0	0	0	110	0	0	0	162	0	0	0	0	0	0	0	0	0	0	0	0	0	0	0	0	0	0	0	0	0	0	0	0	0	0	0	
84456	Parietal_Sup_R	0	120	0	0	0	0	0	0	0	0	0	0	0	0	0	0	0	0	0	262	0	0	0	0	0	0	0	0	0	356	0	0	0	288	0	0	0	0	0	0	0	0	0	852	0	3366	0	138	0	6802	0	3170	0	158	0	168	0	6522	0	0	0	3314	0	980	0	3976	1140	8282	0	746	0	0	0	0	0	0	0	0	0	526	0	300	0	0	0	236	0	0	0	526	0	0	0	0	0	0	0	0	0	0	0	0	0	0	0	0	0	0	0	0	0	0	0	0	0	0	
262980	Parietal_Inf_L	5870	0	0	0	0	0	240	0	0	0	0	0	0	0	0	0	2516	0	0	0	0	0	0	0	0	0	0	0	620	0	0	0	0	0	0	0	234	0	0	0	0	0	0	0	0	0	104	0	818	0	9962	0	704	0	1070	0	26136	0	10394	0	0	0	16452	0	25536	0	3020	0	1726	0	0	0	186	0	118	0	0	0	546	0	3864	0	0	0	12648	0	0	0	8726	0	0	0	0	0	0	0	0	0	0	0	0	0	0	0	0	0	0	0	0	0	0	0	0	0	0	0	
83976	Parietal_Inf_R	0	510	0	0	0	0	0	0	0	0	0	0	0	0	0	0	0	374	0	590	0	0	0	0	0	0	0	0	0	0	0	0	0	730	0	0	0	0	0	0	0	0	0	210	0	166	0	0	0	3060	0	2914	0	312	0	372	0	4750	0	3314	0	0	0	9396	0	9810	0	474	0	606	0	0	0	0	0	0	0	0	0	0	0	558	0	0	0	846	0	0	0	2996	0	0	0	0	0	0	0	0	0	0	0	0	0	0	0	0	0	0	0	0	0	0	0	0	0	0	
161756	SupraMarginal_L	1590	0	0	0	0	0	162	0	0	0	142	0	0	0	0	0	6616	0	0	0	0	0	0	0	0	0	0	0	1174	0	0	0	0	0	0	0	442	0	0	0	0	0	0	0	0	0	0	0	138	0	1930	0	108	0	178	0	14434	0	218	0	16452	0	0	0	8408	0	450	0	0	0	0	0	0	0	0	0	0	0	1612	0	12010	0	0	0	9676	0	0	0	5138	0	0	0	0	0	0	0	0	0	0	0	0	0	0	0	0	0	0	0	0	0	0	0	0	0	0	0	
103932	SupraMarginal_R	0	2182	0	0	0	0	0	0	0	0	0	0	0	0	0	0	0	3072	0	176	0	0	0	0	0	0	0	0	0	104	0	0	0	282	0	0	0	0	0	0	0	0	0	0	0	98	0	0	0	950	0	614	0	0	0	0	0	10302	0	980	0	9396	0	0	0	9020	0	470	0	178	0	0	0	0	0	0	0	0	0	0	0	5652	0	0	0	3194	0	0	0	5296	0	0	0	0	0	0	0	0	0	0	0	0	0	0	0	0	0	0	0	0	0	0	0	0	0	0	
207456	Angular_L	2562	0	0	0	0	0	0	0	0	0	0	0	0	0	0	0	1588	0	0	0	0	0	0	0	0	0	0	0	816	0	0	0	0	0	0	0	104	0	0	0	0	0	144	0	0	0	158	0	656	0	15254	0	1110	0	1590	0	4682	0	3484	0	25536	0	8408	0	0	0	2660	0	1326	0	0	0	114	0	0	0	0	0	252	0	3790	0	0	0	18012	0	0	0	11482	0	0	0	0	0	0	0	0	0	0	0	0	0	0	0	0	0	0	0	0	0	0	0	0	0	0	0	
161004	Angular_R	0	1194	0	0	0	0	0	0	0	0	0	0	0	0	0	0	0	744	0	1638	0	0	0	0	0	0	0	0	0	0	0	0	0	2014	0	128	0	0	0	0	0	0	0	1170	0	768	0	0	0	8846	0	15242	0	680	0	766	0	4118	0	3976	0	9810	0	9020	0	0	0	1374	0	1770	0	0	0	0	0	0	0	0	0	0	0	2532	0	0	0	9342	0	0	0	5370	0	0	0	0	0	0	0	0	0	0	0	0	0	0	0	0	0	0	0	0	0	0	0	0	0	0	
263688	Precuneus_L	1488	0	0	0	0	0	0	0	0	0	0	0	0	0	0	0	316	0	0	0	0	0	0	0	0	0	0	0	684	0	134	0	2236	618	5640	792	4782	0	3392	0	0	0	11594	492	9048	3156	6762	994	11034	370	19932	0	2664	128	4898	130	3488	304	10958	1140	3020	0	450	0	2660	0	0	8534	3030	392	0	0	0	0	0	0	152	0	236	118	150	0	0	0	2692	0	0	0	2112	0	0	0	0	0	0	0	134	0	136	0	0	0	0	0	0	0	0	0	0	0	854	0	0	0	0	0	
333004	Precuneus_R	322	1308	0	0	0	0	0	0	0	0	0	0	0	0	0	0	0	274	0	3630	0	0	0	0	0	0	0	0	0	1184	0	0	1138	8754	492	8174	296	5786	0	5016	0	0	252	18992	2242	19658	0	10232	366	13200	306	5942	0	5278	0	10094	0	6792	238	8282	0	474	0	470	0	1374	8534	0	752	7506	0	0	0	0	0	0	128	0	0	1088	0	1070	0	0	0	1742	0	0	0	3586	0	220	0	0	0	0	0	598	0	0	0	0	0	0	0	0	0	0	0	0	712	0	0	0	0	0	
140624	Paracentral_Lobule_L	6776	568	1556	1844	0	0	410	0	0	0	0	0	0	0	0	0	0	0	5628	6588	0	0	0	0	0	0	0	0	0	0	0	0	2872	4892	3570	914	494	166	128	152	0	0	0	208	0	242	0	0	800	564	5628	140	566	166	1234	232	3980	566	3146	0	1726	0	0	0	1326	0	3030	752	0	3762	0	0	800	0	378	0	944	0	0	0	0	0	0	0	2424	0	0	0	1140	0	0	0	0	0	0	0	0	0	0	0	0	0	0	0	0	0	0	0	0	0	0	0	0	0	0	0	
247484	Paracentral_Lobule_R	1584	4328	0	154	0	0	256	0	0	0	0	0	0	0	0	0	0	0	3096	25032	0	0	0	0	0	0	0	0	0	330	292	0	1400	23440	1056	3334	0	928	0	976	0	0	0	3536	0	2664	0	386	0	8806	0	6596	0	2812	0	2752	0	10408	0	746	0	606	0	178	0	1770	392	7506	3762	0	0	0	214	0	190	0	0	0	0	204	0	314	0	0	0	1080	0	0	0	2614	0	0	0	0	0	0	0	0	0	0	0	0	0	0	0	0	0	0	0	0	0	0	0	0	0	0	
422016	Caudate_L	2360	112	14962	10312	8118	2448	2526	318	5130	670	644	800	1012	458	1820	444	344	302	7250	9860	8886	8290	3728	4436	1086	1688	3820	1332	4680	1240	16198	10596	148	4982	0	0	270	238	0	214	0	0	0	0	0	0	0	0	0	0	0	0	0	0	132	128	1300	0	0	0	0	0	0	0	0	0	0	0	0	0	0	21872	27278	7338	3872	1248	5182	936	0	0	0	0	0	0	0	0	0	0	0	0	0	0	0	0	0	0	0	0	0	0	0	0	0	0	0	0	0	0	0	0	0	0	0	0	0	0	
630720	Caudate_R	310	602	5392	49746	816	11512	410	3018	444	3142	250	4956	250	2432	174	5054	170	2396	2618	32312	5054	9454	1938	16242	98	10232	140	4050	1446	8372	7964	29512	0	4434	0	0	0	1272	0	1208	0	0	0	0	0	0	0	0	0	0	0	0	0	0	0	490	108	0	0	0	0	0	0	0	0	0	0	0	0	0	21872	0	11020	30978	1578	3080	1190	17124	0	0	0	0	0	274	0	0	0	0	0	0	0	0	0	0	0	0	0	226	0	0	0	0	0	0	0	0	0	0	0	0	0	0	0	0	0	0	
630896	Putamen_L	13254	0	34208	3538	14432	1268	10184	106	7442	280	3604	0	1668	0	10454	156	1514	0	16732	4624	6822	7084	8572	1872	1088	948	3012	1182	26452	0	15620	4540	456	922	804	546	12344	688	1312	154	3054	0	0	0	0	0	0	0	0	0	116	0	0	0	5200	0	3570	0	0	0	186	0	0	0	114	0	0	0	800	214	27278	11020	0	3702	27504	662	7636	1046	882	0	834	0	1520	0	420	0	0	0	1808	0	0	0	0	0	0	0	0	0	0	0	0	0	0	0	0	0	0	0	0	0	0	0	0	0	0	0	
550128	Putamen_R	170	3854	2184	28680	152	5416	126	11800	102	2130	178	8576	0	2028	0	7534	144	5642	736	16018	1670	3034	484	8782	0	6560	0	1842	224	26474	2828	12076	0	2162	0	0	0	20898	0	15886	0	1832	0	0	0	0	0	1156	0	0	0	0	0	280	0	12642	0	480	0	0	0	0	0	0	0	0	0	0	0	0	7338	30978	3702	0	436	4338	0	1610	0	690	0	4278	0	1342	0	1634	0	0	0	1868	0	0	0	0	0	0	0	1958	0	112	0	0	0	0	0	0	0	0	0	0	0	0	0	0	0	0	
181336	Pallidum_L	9684	0	11326	1274	0	0	7758	0	0	0	510	0	0	0	0	0	100	0	2444	1746	420	1044	0	0	0	0	0	0	1556	0	134	0	198	616	794	544	4010	644	358	126	0	0	0	0	0	0	0	0	0	0	0	0	0	0	232	0	1430	0	0	0	118	0	0	0	0	0	0	0	378	190	3872	1578	27504	436	0	274	7698	658	806	0	0	0	0	0	0	0	0	0	208	0	0	0	0	0	0	0	0	0	0	0	0	0	0	0	0	0	0	0	0	0	0	0	0	0	0	0	
37272	Pallidum_R	0	590	0	2716	0	0	0	1786	0	0	0	366	0	140	0	0	0	168	0	1306	0	624	0	0	0	0	0	0	0	148	136	162	0	0	0	0	0	368	0	362	0	0	0	0	0	0	0	0	0	0	0	0	0	0	0	162	0	0	0	0	0	0	0	0	0	0	0	0	0	0	1248	3080	662	4338	274	0	0	0	0	0	0	0	0	0	0	0	0	0	0	0	0	0	0	0	0	0	0	0	0	0	0	0	0	0	0	0	0	0	0	0	0	0	0	0	0	0	
146432	Thalamus_L	8650	0	2260	1614	0	0	7100	228	0	0	164	0	0	0	0	0	0	0	656	332	0	0	300	448	0	0	0	0	1338	0	430	638	0	0	1210	2900	4562	2688	1812	986	302	0	0	0	0	0	1664	106	0	0	0	0	0	0	936	278	856	0	0	0	0	0	0	0	0	0	152	128	944	0	5182	1190	7636	0	7698	0	0	6202	946	0	246	0	0	0	0	0	0	0	178	0	0	0	0	0	0	0	256	0	0	0	0	0	0	0	0	0	0	0	0	0	0	0	0	0	0	0	
175804	Thalamus_R	888	802	208	25576	0	1548	502	1118	0	516	0	170	0	172	0	150	0	0	120	7682	0	100	132	988	0	212	0	0	198	330	414	2844	0	166	1112	2048	1292	5700	0	3340	0	138	0	0	0	0	0	232	0	0	0	0	0	0	0	1292	0	0	0	0	0	0	0	0	0	0	0	0	0	0	936	17124	1046	1610	658	0	6202	0	0	0	0	0	0	0	0	240	0	0	0	96	0	0	0	0	0	0	0	0	0	0	0	0	0	0	0	0	0	0	0	0	0	0	0	0	0	0	
138848	Heschl_L	6274	0	804	0	0	0	1660	0	0	0	1874	0	138	0	0	0	10242	0	98	0	0	0	0	0	0	0	0	0	9790	0	0	0	0	0	1554	664	5394	664	114	0	0	0	412	0	0	0	0	0	108	0	672	0	392	0	2072	0	7054	0	0	0	546	0	1612	0	252	0	236	0	0	0	0	0	882	0	806	0	946	0	0	0	7186	0	514	0	3452	0	0	0	3012	0	0	0	0	0	0	0	0	0	0	0	0	0	0	0	0	0	0	0	0	0	0	0	0	0	0	0	
33588	Heschl_R	0	1188	0	464	0	0	0	334	0	0	0	646	0	0	0	0	0	3098	0	172	0	0	0	0	0	0	0	0	0	3146	0	0	0	0	0	0	0	240	0	156	0	0	0	0	0	0	0	0	0	118	0	0	0	0	0	154	0	610	0	526	0	0	0	0	0	0	118	1088	0	204	0	0	0	690	0	0	0	0	0	0	0	2900	0	0	0	942	0	0	0	0	0	0	0	0	0	0	0	0	0	0	0	0	0	0	0	0	0	0	0	0	0	0	0	0	0	0	
285524	Temporal_Sup_L	4302	0	1744	0	0	0	746	0	0	0	4948	0	1834	0	478	0	16622	0	1500	0	0	0	0	0	0	0	0	0	11226	0	0	0	0	0	126	0	4282	0	148	0	0	0	0	0	0	0	106	0	0	0	1474	0	304	0	4830	0	7698	0	0	0	3864	0	12010	0	3790	0	150	0	0	0	0	0	834	0	0	0	246	0	7186	0	0	0	9630	0	27556	0	226	0	14750	0	152	0	0	0	0	0	0	0	0	0	0	0	0	0	0	0	0	0	0	0	0	0	0	0	0	0	
153076	Temporal_Sup_R	0	2418	0	1482	0	0	0	714	0	0	0	1068	0	462	0	734	0	4436	0	668	0	0	0	0	0	0	0	0	0	9704	0	284	0	404	0	0	0	1290	0	990	0	0	0	200	0	224	0	154	0	1724	0	856	0	208	0	2090	0	1752	0	300	0	558	0	5652	0	2532	0	1070	0	314	0	0	0	4278	0	0	0	0	0	2900	0	0	0	5358	0	15208	0	1330	0	4880	0	296	0	0	0	0	0	0	0	0	0	0	0	0	0	0	0	0	0	0	0	0	0	0	0	0	
132768	Temporal_Pole_Sup_L	512	0	1094	0	188	0	264	0	280	0	3302	0	2084	0	2982	0	4090	0	852	0	104	0	0	0	0	0	0	0	7562	0	0	0	0	0	0	0	1568	0	794	0	652	0	0	0	0	0	0	0	0	0	0	0	0	0	4168	0	472	0	0	0	0	0	0	0	0	0	0	0	0	0	0	0	1520	0	0	0	0	0	514	0	9630	0	0	0	11350	0	5462	0	6940	0	0	0	0	0	0	0	0	0	0	0	0	0	0	0	0	0	0	0	0	0	0	0	0	0	0	0	
90288	Temporal_Pole_Sup_R	0	0	0	250	0	0	0	0	0	0	0	1098	0	354	0	2048	0	1038	0	204	0	104	0	0	0	0	0	0	0	4394	0	0	0	0	0	0	0	1726	0	3454	0	2516	0	0	0	0	0	0	0	0	0	0	0	0	0	6088	0	0	0	0	0	0	0	0	0	0	0	0	0	0	0	274	0	1342	0	0	0	0	0	0	0	5358	0	0	0	4006	0	5652	0	5238	0	0	0	0	0	0	0	0	0	0	0	0	0	0	0	0	0	0	0	0	0	0	0	0	0	0	
406828	Temporal_Mid_L	5660	0	492	0	0	0	188	0	0	0	356	0	140	0	492	0	5980	0	514	0	0	0	0	0	0	0	0	0	4812	0	0	0	228	0	594	0	1344	0	160	0	110	0	2236	0	1884	0	1196	0	1436	0	19778	0	6810	0	8796	0	2036	0	110	0	12648	0	9676	0	18012	0	2692	0	2424	0	0	0	420	0	0	0	0	0	3452	0	27556	0	11350	0	0	0	5936	0	43896	0	0	0	0	0	0	0	0	0	0	0	0	0	0	0	0	0	0	0	0	0	0	0	0	0	0	0	
222720	Temporal_Mid_R	0	3698	0	434	0	0	0	206	0	0	0	286	0	0	0	282	0	870	0	948	0	0	0	0	0	0	0	0	0	3854	0	0	0	1106	0	236	0	2502	0	1594	0	0	0	2270	0	1300	0	414	0	5064	0	9138	0	2648	0	4932	0	3636	0	236	0	846	0	3194	0	9342	0	1742	0	1080	0	0	0	1634	0	0	0	240	0	942	0	15208	0	4006	0	0	0	3218	0	23092	0	1162	0	0	0	0	0	0	0	0	0	0	0	0	0	0	0	0	0	0	0	0	0	0	0	0	
45000	Temporal_Pole_Mid_L	0	0	0	0	0	0	0	0	0	0	0	0	0	0	150	0	0	0	0	0	0	0	0	0	0	0	0	0	464	0	0	0	0	0	0	0	640	0	860	0	494	0	0	0	0	0	0	0	0	0	0	0	0	0	1962	0	0	0	0	0	0	0	0	0	0	0	0	0	0	0	0	0	0	0	0	0	0	0	0	0	226	0	5462	0	5936	0	0	0	6306	0	0	0	0	0	0	0	0	0	0	0	0	0	0	0	0	0	0	0	0	0	0	0	0	0	0	0	
33192	Temporal_Pole_Mid_R	0	0	0	0	0	0	0	0	0	0	0	0	0	0	0	0	0	0	0	0	0	0	0	0	0	0	0	0	0	334	0	0	0	0	0	0	0	146	0	1316	0	154	0	0	0	0	0	0	0	0	0	0	0	0	0	1862	0	0	0	0	0	0	0	0	0	0	0	0	0	0	0	0	0	0	0	0	0	0	0	0	0	1330	0	5652	0	3218	0	0	0	2584	0	0	0	0	0	0	0	0	0	0	0	0	0	0	0	0	0	0	0	0	0	0	0	0	0	0	
440692	Temporal_Inf_L	5802	0	2144	0	0	0	822	0	0	0	326	0	0	0	186	0	2280	0	652	0	0	0	0	0	0	0	0	0	10590	0	108	0	0	0	764	0	11726	0	1788	0	916	0	2570	0	676	0	1330	96	388	0	8338	0	9642	0	34820	0	1166	0	162	0	8726	0	5138	0	11482	0	2112	0	1140	0	0	0	1808	0	208	0	178	0	3012	0	14750	0	6940	0	43896	0	6306	0	0	0	8198	0	3142	0	0	0	974	0	3218	0	1062	0	572	0	0	0	0	0	0	0	192	0	0	0	0	0	
314296	Temporal_Inf_R	0	8764	0	590	0	0	0	416	0	0	0	1416	0	0	0	152	0	576	0	2022	0	0	0	0	0	0	0	0	0	2782	0	0	0	1616	0	1556	0	6218	0	4814	0	258	0	3202	0	968	0	1070	0	9194	0	7770	0	10082	0	23602	0	5998	0	526	0	2996	0	5296	0	5370	0	3586	0	2614	0	0	0	1868	0	0	0	96	0	0	0	4880	0	5238	0	23092	0	2584	0	0	0	4768	0	652	0	0	0	98	0	418	0	0	0	0	0	0	0	0	0	0	0	0	0	0	0	0	
677592	Cerebelum_Crus1_L	0	0	0	0	0	0	0	0	0	0	0	0	0	0	0	0	0	0	0	0	0	0	0	0	0	0	0	0	152	0	0	0	0	0	0	0	340	0	246	0	0	0	2774	0	0	0	21712	3904	0	0	0	0	1578	266	28016	528	0	0	0	0	0	0	0	0	0	0	0	0	0	0	0	0	0	0	0	0	0	0	0	0	152	0	0	0	0	0	0	0	8198	0	0	9362	39648	12208	1058	480	24794	7138	61822	8144	19416	2636	19116	6350	3310	230	758	0	0	420	17180	15132	14532	6186	704	306	
608832	Cerebelum_Crus1_R	0	208	0	0	0	0	0	0	0	0	0	0	0	0	0	0	0	0	0	0	0	0	0	0	0	0	0	0	0	0	0	0	0	0	0	0	0	218	0	1014	0	0	1430	208	0	0	6986	17286	0	426	118	172	602	1102	2872	22086	0	130	0	0	0	0	0	0	0	0	0	220	0	0	0	0	0	0	0	0	0	0	0	0	0	296	0	0	0	1162	0	0	0	4768	9362	0	3666	42996	560	4240	8332	25328	10744	65820	1292	4198	2382	11932	166	646	0	450	0	412	14328	19442	15378	922	216	300	
336596	Cerebelum_Crus2_L	0	0	0	0	0	0	0	0	0	0	0	0	0	0	0	0	0	0	0	0	0	0	0	0	0	0	0	0	0	0	0	0	0	0	0	0	0	0	0	0	0	0	252	0	0	0	1268	302	0	0	0	0	0	0	1828	160	0	0	0	0	0	0	0	0	0	0	0	0	0	0	0	0	0	0	0	0	0	0	0	0	0	0	0	0	0	0	0	0	3142	0	39648	3666	0	9284	166	0	2280	198	10898	2004	35314	1380	28884	2846	6336	0	442	0	0	0	856	5110	7778	4128	0	128	
504748	Cerebelum_Crus2_R	0	0	0	0	0	0	0	0	0	0	0	0	0	0	0	0	0	0	0	0	0	0	0	0	0	0	0	0	0	0	0	0	0	0	0	0	0	0	0	582	0	0	198	0	0	0	2798	2748	0	0	116	0	446	446	1178	3446	0	0	0	0	0	0	0	0	0	0	0	0	0	0	0	0	0	0	0	0	0	0	0	0	0	0	0	0	0	0	0	0	0	652	12208	42996	9284	0	696	2686	3926	6374	7840	19010	6574	25010	8260	34792	1706	3982	0	522	104	558	3820	12048	25638	9364	2138	228	
76936	Cerebelum_3_L	0	0	0	0	0	0	0	0	0	0	0	0	0	0	0	0	0	0	0	0	0	0	0	0	0	0	0	0	0	0	0	0	0	0	0	0	0	0	0	0	0	0	200	0	0	0	212	106	0	0	0	0	0	0	96	0	0	0	0	0	0	0	0	0	0	0	0	0	0	0	0	0	0	0	0	0	0	0	0	0	0	0	0	0	0	0	0	0	0	0	1058	560	166	696	0	830	10148	342	2696	216	108	0	704	438	2078	260	100	0	2674	5176	3076	1914	1828	1340	1012	434	
96368	Cerebelum_3_R	0	0	0	0	0	0	0	0	0	0	0	0	0	0	0	0	0	0	0	0	0	0	0	0	0	0	0	0	0	0	0	0	0	0	0	0	0	0	0	0	0	0	0	0	0	0	372	372	0	0	0	0	0	0	254	836	0	0	0	0	0	0	0	0	0	0	0	0	0	0	0	0	0	0	0	0	0	0	0	0	0	0	0	0	0	0	0	0	0	0	480	4240	0	2686	830	0	1798	9570	778	6654	0	310	320	1892	126	3094	0	0	1874	5780	2392	254	930	1104	1112	126	
548572	Cerebelum_4_5_L	0	0	0	0	0	0	0	0	0	0	0	0	0	0	0	0	0	0	0	0	0	0	0	0	0	0	0	0	0	0	0	0	0	0	0	0	384	0	896	0	0	0	4462	0	0	0	24872	7382	0	0	0	0	1398	718	19166	1740	0	0	0	0	0	0	0	0	0	0	134	0	0	0	0	0	0	0	0	0	256	0	0	0	0	0	0	0	0	0	0	0	974	0	24794	8332	2280	3926	10148	1798	0	15846	44958	12996	814	1048	3428	3204	4852	946	1054	0	2242	4624	37392	11702	7090	4180	2474	1776	
428304	Cerebelum_4_5_R	0	0	110	802	0	0	0	186	0	0	0	216	0	126	0	0	0	0	104	562	0	0	0	0	0	0	0	0	0	500	0	102	0	0	0	0	0	3114	0	5022	0	0	1356	0	0	0	8218	12880	0	0	0	0	156	246	4136	10570	0	0	0	0	0	0	0	0	0	0	0	598	0	0	0	226	0	1958	0	0	0	0	0	0	0	0	0	0	0	0	0	0	0	98	7138	25328	198	6374	342	9570	15846	0	10444	40056	100	1078	550	5320	282	2324	0	718	98	2220	26248	3004	2274	1760	1432	162	
714864	Cerebelum_6_L	0	0	0	0	0	0	0	0	0	0	0	0	0	0	0	0	0	0	0	0	0	0	0	0	0	0	0	0	158	0	0	0	0	0	0	0	372	0	456	0	0	0	4066	0	0	0	32564	8256	0	0	436	0	4666	920	38724	1420	0	0	0	0	0	0	0	0	0	0	136	0	0	0	0	0	0	0	0	0	0	0	0	0	0	0	0	0	0	0	0	0	3218	0	61822	10744	10898	7840	2696	778	44958	10444	0	11084	4210	1606	7928	4094	4106	756	868	0	316	894	28354	25020	13022	4444	2492	2666	
564916	Cerebelum_6_R	0	0	0	0	0	0	0	0	0	0	0	0	0	0	0	0	0	0	0	0	0	0	0	0	0	0	0	0	0	0	0	0	0	0	0	0	0	356	0	1510	0	0	1014	0	0	0	9508	18834	0	0	0	0	276	796	3496	23198	0	0	0	0	0	0	0	0	0	0	0	0	0	0	0	0	0	112	0	0	0	0	0	0	0	0	0	0	0	0	0	0	0	418	8144	65820	2004	19010	216	6654	12996	40056	11084	0	0	568	222	6608	188	752	0	988	0	772	22524	17214	6278	274	240	328	
290312	Cerebelum_7b_L	0	0	0	0	0	0	0	0	0	0	0	0	0	0	0	0	0	0	0	0	0	0	0	0	0	0	0	0	0	0	0	0	0	0	0	0	0	0	0	0	0	0	0	0	0	0	158	0	0	0	0	0	0	0	650	0	0	0	0	0	0	0	0	0	0	0	0	0	0	0	0	0	0	0	0	0	0	0	0	0	0	0	0	0	0	0	0	0	1062	0	19416	1292	35314	6574	108	0	814	100	4210	0	0	1680	37838	5518	12330	284	1390	0	0	0	304	2088	7404	6106	516	0	
191492	Cerebelum_7b_R	0	0	0	0	0	0	0	0	0	0	0	0	0	0	0	0	0	0	0	0	0	0	0	0	0	0	0	0	0	0	0	0	0	0	0	0	0	0	0	0	0	0	0	0	0	0	592	0	0	0	0	0	0	0	182	0	0	0	0	0	0	0	0	0	0	0	0	0	0	0	0	0	0	0	0	0	0	0	0	0	0	0	0	0	0	0	0	0	0	0	2636	4198	1380	25010	0	310	1048	1078	1606	568	1680	0	2314	27978	1498	8214	0	170	0	192	1380	1126	7112	3792	1682	0	
385592	Cerebelum_8_L	0	0	0	0	0	0	0	0	0	0	0	0	0	0	0	0	0	0	0	0	0	0	0	0	0	0	0	0	0	0	0	0	0	0	0	0	0	0	0	0	0	0	0	0	0	0	664	0	0	0	0	0	0	0	870	0	0	0	0	0	0	0	0	0	0	0	0	0	0	0	0	0	0	0	0	0	0	0	0	0	0	0	0	0	0	0	0	0	572	0	19116	2382	28884	8260	704	320	3428	550	7928	222	37838	2314	0	9642	26940	2346	4080	0	118	348	1506	5168	12364	11006	4478	748	
398492	Cerebelum_8_R	0	0	0	0	0	0	0	0	0	0	0	0	0	0	0	0	0	0	0	0	0	0	0	0	0	0	0	0	0	0	0	0	0	0	0	0	0	0	0	660	0	0	0	0	0	0	1486	230	0	0	0	0	0	0	528	1768	0	0	0	0	0	0	0	0	0	0	0	0	0	0	0	0	0	0	0	0	0	0	0	0	0	0	0	0	0	0	0	0	0	0	6350	11932	2846	34792	438	1892	3204	5320	4094	6608	5518	27978	9642	0	5760	22900	134	2414	404	1288	4274	3190	12346	13582	7136	532	
206108	Cerebelum_9_L	0	0	0	0	0	0	0	0	0	0	0	0	0	0	0	0	0	0	0	0	0	0	0	0	0	0	0	0	0	0	0	0	0	0	0	0	0	0	0	0	0	0	0	0	0	0	160	0	0	0	0	0	0	0	398	0	0	0	0	0	0	0	0	0	0	0	0	0	0	0	0	0	0	0	0	0	0	0	0	0	0	0	0	0	0	0	0	0	0	0	3310	166	6336	1706	2078	126	4852	282	4106	188	12330	1498	26940	5760	0	4986	6546	0	172	214	1046	2102	4468	5484	5884	1916	
150280	Cerebelum_9_R	0	0	0	0	0	0	0	0	0	0	0	0	0	0	0	0	0	0	0	0	0	0	0	0	0	0	0	0	0	0	0	0	0	0	0	0	0	0	0	0	0	0	0	0	0	0	154	0	0	0	0	0	0	0	0	104	0	0	0	0	0	0	0	0	0	0	0	0	0	0	0	0	0	0	0	0	0	0	0	0	0	0	0	0	0	0	0	0	0	0	230	646	0	3982	260	3094	946	2324	756	752	284	8214	2346	22900	4986	0	336	2340	1528	1766	1840	728	2480	3896	7140	1108	
35716	Cerebelum_10_L	0	0	0	0	0	0	0	0	0	0	0	0	0	0	0	0	0	0	0	0	0	0	0	0	0	0	0	0	0	0	0	0	0	0	0	0	0	0	0	0	0	0	0	0	0	0	0	0	0	0	0	0	0	0	0	0	0	0	0	0	0	0	0	0	0	0	0	0	0	0	0	0	0	0	0	0	0	0	0	0	0	0	0	0	0	0	0	0	0	0	758	0	442	0	100	0	1054	0	868	0	1390	0	4080	134	6546	336	0	0	0	0	130	548	440	356	284	392	
16020	Cerebelum_10_R	0	0	0	0	0	0	0	0	0	0	0	0	0	0	0	0	0	0	0	0	0	0	0	0	0	0	0	0	0	0	0	0	0	0	0	0	0	0	0	112	0	0	0	0	0	0	0	0	0	0	0	0	0	0	0	296	0	0	0	0	0	0	0	0	0	0	0	0	0	0	0	0	0	0	0	0	0	0	0	0	0	0	0	0	0	0	0	0	0	0	0	450	0	522	0	0	0	718	0	988	0	170	0	2414	0	2340	0	0	0	0	0	0	0	0	0	0	
