data	data	482996	159296	769028	769664	88360	64296	348864	220660	61328	29824	178152	274328	197804	146376	169764	110140	243892	148060	791324	922396	68688	82324	221324	175644	23768	67552	43812	46600	566680	440516	170592	233808	173644	395856	93480	110060	209164	226732	84708	153064	26160	53548	269268	348372	239396	336840	249088	345412	233256	340640	554232	270988	125448	129908	304668	347712	278864	186216	179820	189332	281932	206788	144420	131856	245480	201588	393396	505052	177396	138640	158624	412408	363680	323576	70060	20432	154060	192600	93800	40804	248040	109464	99464	84652	347860	217476	54808	34352	304964	228392	576832	541544	394076	341508	57480	68980	372916	317828	596464	518552	242832	153732	322132	284740	120044	143240	12596	20444	8556	69096	282920	265748	272208	159508	106328	69600	
data	data	Precentral_L	Precentral_R	Frontal_Sup_L	Frontal_Sup_R	Frontal_Sup_Orb_L	Frontal_Sup_Orb_R	Frontal_Mid_L	Frontal_Mid_R	Frontal_Mid_Orb_L	Frontal_Mid_Orb_R	Frontal_Inf_Oper_L	Frontal_Inf_Oper_R	Frontal_Inf_Tri_L	Frontal_Inf_Tri_R	Frontal_Inf_Orb_L	Frontal_Inf_Orb_R	Rolandic_Oper_L	Rolandic_Oper_R	Supp_Motor_Area_L	Supp_Motor_Area_R	Olfactory_L	Olfactory_R	Frontal_Sup_Medial_L	Frontal_Sup_Medial_R	Frontal_Med_Orb_L	Frontal_Med_Orb_R	Rectus_L	Rectus_R	Insula_L	Insula_R	Cingulum_Ant_L	Cingulum_Ant_R	Cingulum_Mid_L	Cingulum_Mid_R	Cingulum_Post_L	Cingulum_Post_R	Hippocampus_L	Hippocampus_R	ParaHippocampal_L	ParaHippocampal_R	Amygdala_L	Amygdala_R	Calcarine_L	Calcarine_R	Cuneus_L	Cuneus_R	Lingual_L	Lingual_R	Occipital_Sup_L	Occipital_Sup_R	Occipital_Mid_L	Occipital_Mid_R	Occipital_Inf_L	Occipital_Inf_R	Fusiform_L	Fusiform_R	Postcentral_L	Postcentral_R	Parietal_Sup_L	Parietal_Sup_R	Parietal_Inf_L	Parietal_Inf_R	SupraMarginal_L	SupraMarginal_R	Angular_L	Angular_R	Precuneus_L	Precuneus_R	Paracentral_Lobule_L	Paracentral_Lobule_R	Caudate_L	Caudate_R	Putamen_L	Putamen_R	Pallidum_L	Pallidum_R	Thalamus_L	Thalamus_R	Heschl_L	Heschl_R	Temporal_Sup_L	Temporal_Sup_R	Temporal_Pole_Sup_L	Temporal_Pole_Sup_R	Temporal_Mid_L	Temporal_Mid_R	Temporal_Pole_Mid_L	Temporal_Pole_Mid_R	Temporal_Inf_L	Temporal_Inf_R	Cerebelum_Crus1_L	Cerebelum_Crus1_R	Cerebelum_Crus2_L	Cerebelum_Crus2_R	Cerebelum_3_L	Cerebelum_3_R	Cerebelum_4_5_L	Cerebelum_4_5_R	Cerebelum_6_L	Cerebelum_6_R	Cerebelum_7b_L	Cerebelum_7b_R	Cerebelum_8_L	Cerebelum_8_R	Cerebelum_9_L	Cerebelum_9_R	Cerebelum_10_L	Cerebelum_10_R	Vermis_1_2	Vermis_3	Vermis_4_5	Vermis_6	Vermis_7	Vermis_8	Vermis_9	Vermis_10	
482996	Precentral_L	0	0	34160	1314	0	0	9414	0	0	0	9296	0	1078	0	0	0	11870	0	38776	4268	0	0	138	0	0	0	0	0	10218	0	0	0	846	1158	270	0	8568	0	250	0	0	0	0	0	0	0	0	472	0	0	5624	0	202	0	194	0	29064	0	4718	0	9086	0	2692	0	5588	0	700	0	14874	0	0	862	11238	0	2216	0	9674	804	5144	0	3948	0	806	0	1486	0	0	0	482	0	0	0	0	0	0	0	0	0	0	0	0	0	0	0	0	0	0	0	0	0	0	0	0	0	0	0	
159296	Precentral_R	0	0	0	8148	0	0	0	5574	0	0	0	11678	0	926	0	0	0	1762	126	9380	0	0	0	0	0	0	0	0	322	3542	0	0	0	428	0	0	0	1636	0	0	0	0	0	384	0	0	0	132	0	348	0	308	0	228	0	144	0	15948	0	670	0	966	0	1834	0	440	0	872	102	3324	636	128	736	3308	678	0	0	1916	0	0	0	340	0	0	0	968	0	0	0	1716	0	0	0	0	0	0	0	0	0	0	0	0	0	0	0	0	0	0	0	0	0	0	0	0	0	0	
769028	Frontal_Sup_L	34160	0	0	5398	3864	0	51830	838	1556	0	13542	870	10106	292	4418	248	13126	380	82718	10786	0	0	34902	1590	198	0	0	0	31052	1046	10208	1580	4212	2156	202	0	6988	0	256	0	0	0	0	0	0	0	0	482	0	0	532	0	0	0	182	0	6904	0	742	0	1234	0	0	0	646	0	208	0	4564	0	904	3366	19636	636	2482	0	4574	736	1776	0	4040	0	1856	182	0	0	0	0	310	0	0	0	0	0	0	0	0	0	0	0	0	0	0	0	0	0	0	0	0	0	0	0	0	0	0	0	
769664	Frontal_Sup_R	1314	8148	5398	0	0	1980	1480	19782	0	818	182	18630	920	7984	540	3042	0	12666	10076	89088	0	340	5778	23150	0	1648	0	466	3720	26608	1360	18726	604	13112	0	0	136	5560	0	452	0	0	0	0	0	0	0	0	0	0	0	0	0	0	0	160	118	3024	0	132	0	0	0	102	0	106	0	162	230	0	2224	28630	1966	22690	714	2008	7032	27584	0	640	0	606	0	2996	0	0	0	0	0	0	0	0	0	0	0	0	0	0	0	0	0	0	0	0	0	0	0	0	0	0	0	0	0	0	0	0	
88360	Frontal_Sup_Orb_L	0	0	3864	0	0	0	600	0	8434	0	0	0	532	0	7286	0	0	0	290	0	1464	512	2562	0	2638	0	4940	0	2694	0	3406	166	0	0	0	0	0	0	0	0	124	0	0	0	0	0	0	0	0	0	0	0	0	0	0	0	0	0	0	0	0	0	0	0	0	0	0	0	0	0	1256	382	3030	0	0	0	0	0	0	0	0	0	0	0	0	0	0	0	0	0	0	0	0	0	0	0	0	0	0	0	0	0	0	0	0	0	0	0	0	0	0	0	0	0	0	0	
64296	Frontal_Sup_Orb_R	0	0	0	1980	0	0	0	1930	0	3660	0	0	0	0	0	2776	0	0	0	0	92	1638	442	1914	0	6114	376	5736	0	572	220	1924	0	0	0	0	0	0	0	0	0	0	0	0	0	0	0	0	0	0	0	0	0	0	0	0	0	0	0	0	0	0	0	0	0	0	0	0	0	0	94	1630	0	1050	0	0	0	0	0	0	0	0	0	0	0	0	0	0	0	0	0	0	0	0	0	0	0	0	0	0	0	0	0	0	0	0	0	0	0	0	0	0	0	0	0	0	
348864	Frontal_Mid_L	9414	0	51830	1480	600	0	0	890	1504	0	10432	370	21734	324	5820	906	1644	140	8902	1744	0	0	14948	492	0	0	0	0	18050	406	4680	422	1226	328	0	0	742	0	0	0	0	0	0	0	0	0	0	0	0	0	146	0	0	0	0	0	1530	0	196	0	530	0	0	0	214	0	0	0	196	0	2320	3490	4902	232	0	0	298	156	684	0	184	0	326	0	0	0	0	0	0	0	0	0	0	0	0	0	0	0	0	0	0	0	0	0	0	0	0	0	0	0	0	0	0	0	0	0	
220660	Frontal_Mid_R	0	5574	838	19782	0	1930	890	0	0	1610	0	8254	650	11604	338	3888	0	1368	3166	11308	0	0	94	1304	0	154	0	0	2808	6580	610	2392	292	3770	0	0	0	1074	0	0	0	0	0	0	0	0	0	0	0	0	0	0	0	0	0	0	0	946	0	0	0	0	0	366	0	0	0	0	0	0	2188	7314	1796	6006	506	0	0	318	0	0	0	0	0	612	0	0	0	0	0	0	0	0	0	0	0	0	0	0	0	0	0	0	0	0	0	0	0	0	0	0	0	0	0	0	0	0	
61328	Frontal_Mid_Orb_L	0	0	1556	0	8434	0	1504	0	0	0	0	0	1012	0	10482	0	0	0	0	0	570	0	542	0	648	0	1844	0	2006	0	446	0	0	0	0	0	0	0	104	0	100	0	0	0	0	0	0	0	0	0	0	0	0	0	0	0	0	0	0	0	0	0	0	0	0	0	0	0	0	0	126	228	902	0	0	0	0	0	0	0	0	0	160	0	0	0	0	0	0	0	0	0	0	0	0	0	0	0	0	0	0	0	0	0	0	0	0	0	0	0	0	0	0	0	0	0	
29824	Frontal_Mid_Orb_R	0	0	0	818	0	3660	0	1610	0	0	0	0	0	270	0	4830	0	0	0	0	0	0	0	0	0	164	0	872	0	638	0	0	0	0	0	0	0	0	0	0	0	0	0	0	0	0	0	0	0	0	0	0	0	0	0	0	0	0	0	0	0	0	0	0	0	0	0	0	0	0	0	778	0	1272	0	0	0	0	0	0	0	0	0	0	0	0	0	0	0	0	0	0	0	0	0	0	0	0	0	0	0	0	0	0	0	0	0	0	0	0	0	0	0	0	0	0	
178152	Frontal_Inf_Oper_L	9296	0	13542	182	0	0	10432	0	0	0	0	0	8712	0	398	0	10110	0	11698	346	0	0	524	0	0	0	0	0	13660	0	0	0	0	150	0	0	252	0	0	0	0	0	0	0	0	0	0	0	0	0	0	0	0	0	0	0	2458	0	0	0	376	0	0	0	0	0	0	0	0	0	0	106	618	0	0	0	0	0	744	0	3064	0	2408	0	0	0	0	0	0	0	0	0	0	0	0	0	0	0	0	0	0	0	0	0	0	0	0	0	0	0	0	0	0	0	0	0	
274328	Frontal_Inf_Oper_R	0	11678	870	18630	0	0	370	8254	0	0	0	0	94	8724	94	386	0	8276	2742	16538	0	0	174	414	0	0	0	0	1326	30048	160	566	0	2002	0	0	0	2636	0	0	0	0	0	0	0	0	0	0	0	228	0	194	0	0	0	0	0	3532	0	422	0	304	0	704	0	322	0	432	0	128	1392	2938	618	8166	0	140	0	90	0	0	0	252	0	3082	0	92	0	0	0	146	0	0	0	0	0	0	0	0	0	0	0	0	0	0	0	0	0	0	0	0	0	0	0	0	0	0	
197804	Frontal_Inf_Tri_L	1078	0	10106	920	532	0	21734	650	1012	0	8712	94	0	166	15558	430	514	0	3574	1428	0	0	2288	0	0	0	0	0	20718	118	2540	90	832	568	0	0	0	0	0	0	0	0	0	0	0	0	0	0	0	0	0	0	0	0	0	0	0	0	0	0	0	0	0	0	0	0	0	0	0	0	742	1412	2184	0	0	0	0	144	0	0	122	0	636	0	0	0	0	0	0	0	0	0	0	0	0	0	0	0	0	0	0	0	0	0	0	0	0	0	0	0	0	0	0	0	0	0	
146376	Frontal_Inf_Tri_R	0	926	292	7984	0	0	324	11604	0	270	0	8724	166	0	128	3336	0	234	2708	8922	0	0	174	892	0	0	0	0	976	12166	458	1332	0	4410	0	0	0	286	0	0	0	0	0	0	0	0	0	0	0	0	0	0	0	0	0	0	0	0	0	0	0	0	0	0	0	0	0	0	0	0	812	2978	790	2154	0	0	0	0	0	0	0	0	0	142	0	0	0	0	0	0	0	0	0	0	0	0	0	0	0	0	0	0	0	0	0	0	0	0	0	0	0	0	0	0	0	0	
169764	Frontal_Inf_Orb_L	0	0	4418	540	7286	0	5820	338	10482	0	398	94	15558	128	0	144	0	0	574	662	2192	280	1274	0	0	0	820	0	20110	114	1314	0	530	0	0	0	0	0	250	0	188	0	0	0	0	0	0	0	0	0	0	0	0	0	0	0	0	0	0	0	0	0	0	0	0	0	0	0	0	0	1414	1560	7232	128	0	0	0	0	0	0	0	0	1034	0	0	0	0	0	0	0	0	0	0	0	0	0	0	0	0	0	0	0	0	0	0	0	0	0	0	0	0	0	0	0	0	0	
110140	Frontal_Inf_Orb_R	0	0	248	3042	0	2776	906	3888	0	4830	0	386	430	3336	144	0	0	0	290	1868	0	1718	0	218	0	0	0	1636	1558	10544	272	682	0	484	0	0	0	0	0	212	0	426	0	0	0	0	0	0	0	0	0	0	0	0	0	0	0	0	0	0	0	0	0	0	0	0	0	0	0	0	2228	6186	724	5658	162	0	0	0	0	0	0	0	0	218	0	0	0	0	0	0	0	0	0	0	0	0	0	0	0	0	0	0	0	0	0	0	0	0	0	0	0	0	0	0	0	0	
243892	Rolandic_Oper_L	11870	0	13126	0	0	0	1644	0	0	0	10110	0	514	0	0	0	0	0	12930	350	0	0	186	0	0	0	0	0	18010	0	0	0	0	94	0	0	600	0	0	0	0	0	122	0	0	0	0	0	0	0	1574	0	992	0	832	0	13962	0	148	0	644	0	2990	0	1190	0	444	0	446	0	0	0	1006	0	0	0	218	0	7012	0	11982	0	1514	0	4642	0	0	0	2794	0	0	0	0	0	0	0	0	0	0	0	0	0	0	0	0	0	0	0	0	0	0	0	0	0	0	0	
148060	Rolandic_Oper_R	0	1762	380	12666	0	0	140	1368	0	0	0	8276	0	234	0	0	0	0	944	11716	0	0	0	0	0	0	0	0	198	14418	0	0	0	0	0	0	0	788	0	0	0	0	0	0	0	0	0	0	0	0	0	0	0	0	0	368	0	4652	0	156	0	452	0	2548	0	134	0	116	0	0	0	158	0	1402	0	134	0	0	0	2600	0	3566	0	4044	0	220	0	0	0	590	0	0	0	0	0	0	0	0	0	0	0	0	0	0	0	0	0	0	0	0	0	0	0	0	0	0	
791324	Supp_Motor_Area_L	38776	126	82718	10076	290	0	8902	3166	0	0	11698	2742	3574	2708	574	290	12930	944	0	42248	0	0	2948	1958	0	0	0	0	25558	3158	3236	6274	10856	19982	546	256	6760	150	236	0	0	0	0	0	0	0	0	478	0	0	490	0	0	0	182	0	8092	408	512	0	1146	0	90	0	474	0	226	642	17788	1232	1812	4564	24002	1606	5930	0	12760	1674	1410	0	3800	0	1820	538	0	0	0	0	306	0	0	0	0	0	0	0	0	0	0	0	0	0	0	0	0	0	0	0	0	0	0	0	0	0	0	0	
922396	Supp_Motor_Area_R	4268	9380	10786	89088	0	0	1744	11308	0	0	346	16538	1428	8922	662	1868	350	11716	42248	0	0	0	760	4318	0	0	0	0	5156	23764	1050	7726	6062	41956	554	1798	660	4708	0	418	0	0	0	1460	0	454	0	272	0	480	0	724	0	636	0	300	510	6732	0	368	94	432	0	126	0	684	158	5896	6596	18224	3000	29714	8048	19746	4464	2470	12762	20796	0	660	110	572	0	2516	0	1020	0	0	0	1592	0	0	0	0	0	0	0	0	0	0	0	0	0	0	0	0	0	0	0	0	0	0	0	0	0	0	
68688	Olfactory_L	0	0	0	0	1464	92	0	0	570	0	0	0	0	0	2192	0	0	0	0	0	0	5016	0	0	418	1052	1896	374	2426	0	2670	1726	0	0	0	0	0	0	534	0	248	0	0	0	0	0	0	0	0	0	0	0	0	0	0	0	0	0	0	0	0	0	0	0	0	0	0	0	0	0	6330	2624	3038	498	288	0	0	0	0	0	0	0	888	0	0	0	0	0	0	0	0	0	0	0	0	0	0	0	0	0	0	0	0	0	0	0	0	0	0	0	0	0	0	0	0	0	
82324	Olfactory_R	0	0	0	340	512	1638	0	0	0	0	0	0	0	0	280	1718	0	0	0	0	5016	0	0	110	232	3318	1422	3012	0	2170	1840	4204	0	0	0	0	0	0	0	320	0	170	0	0	0	0	0	0	0	0	0	0	0	0	0	0	0	0	0	0	0	0	0	0	0	0	0	0	0	0	5700	5282	2664	738	204	0	0	0	0	0	0	0	0	272	0	0	0	0	0	0	0	0	0	0	0	0	0	0	0	0	0	0	0	0	0	0	0	0	0	0	0	0	0	0	0	0	
221324	Frontal_Sup_Medial_L	138	0	34902	5778	2562	442	14948	94	542	0	524	174	2288	174	1274	0	186	0	2948	760	0	0	0	12538	738	1104	0	0	2184	204	9650	6886	3612	4916	0	0	0	0	0	0	0	0	0	0	0	0	0	0	0	0	0	0	0	0	0	0	0	0	0	0	0	0	0	0	0	0	0	0	0	0	100	390	606	0	0	0	0	0	0	0	0	0	0	0	0	0	0	0	0	0	0	0	0	0	0	0	0	0	0	0	0	0	0	0	0	0	0	0	0	0	0	0	0	0	0	0	
175644	Frontal_Sup_Medial_R	0	0	1590	23150	0	1914	492	1304	0	0	0	414	0	892	0	218	0	0	1958	4318	0	110	12538	0	236	4162	0	160	0	662	2402	15766	406	11026	0	0	0	162	0	0	0	0	0	0	0	0	0	0	0	0	0	0	0	0	0	0	0	0	0	0	0	0	0	0	0	0	0	0	0	0	0	3132	0	810	0	0	0	0	0	0	0	0	0	0	0	0	0	0	0	0	0	0	0	0	0	0	0	0	0	0	0	0	0	0	0	0	0	0	0	0	0	0	0	0	0	0	
23768	Frontal_Med_Orb_L	0	0	198	0	2638	0	0	0	648	0	0	0	0	0	0	0	0	0	0	0	418	232	738	236	0	830	1528	172	0	0	3032	612	0	0	0	0	0	0	0	0	0	0	0	0	0	0	0	0	0	0	0	0	0	0	0	0	0	0	0	0	0	0	0	0	0	0	0	0	0	0	262	118	222	0	0	0	0	0	0	0	0	0	0	0	0	0	0	0	0	0	0	0	0	0	0	0	0	0	0	0	0	0	0	0	0	0	0	0	0	0	0	0	0	0	0	0	
67552	Frontal_Med_Orb_R	0	0	0	1648	0	6114	0	154	0	164	0	0	0	0	0	0	0	0	0	0	1052	3318	1104	4162	830	0	500	4670	0	0	2304	5068	0	0	0	0	0	0	0	0	0	0	0	0	0	0	0	0	0	0	0	0	0	0	0	0	0	0	0	0	0	0	0	0	0	0	0	0	0	0	652	1460	332	244	0	0	0	0	0	0	0	0	0	0	0	0	0	0	0	0	0	0	0	0	0	0	0	0	0	0	0	0	0	0	0	0	0	0	0	0	0	0	0	0	0	0	
43812	Rectus_L	0	0	0	0	4940	376	0	0	1844	0	0	0	0	0	820	0	0	0	0	0	1896	1422	0	0	1528	500	0	682	240	0	2220	486	0	0	0	0	0	0	0	0	0	0	0	0	0	0	0	0	0	0	0	0	0	0	0	0	0	0	0	0	0	0	0	0	0	0	0	0	0	0	2564	624	1584	180	0	0	0	0	0	0	0	0	0	0	0	0	0	0	0	0	0	0	0	0	0	0	0	0	0	0	0	0	0	0	0	0	0	0	0	0	0	0	0	0	0	0	
46600	Rectus_R	0	0	0	466	0	5736	0	0	0	872	0	0	0	0	0	1636	0	0	0	0	374	3012	0	160	172	4670	682	0	0	1020	252	1478	0	0	0	0	0	0	0	0	0	0	0	0	0	0	0	0	0	0	0	0	0	0	0	0	0	0	0	0	0	0	0	0	0	0	0	0	0	0	298	1642	156	674	0	0	0	0	0	0	0	0	0	0	0	0	0	0	0	0	0	0	0	0	0	0	0	0	0	0	0	0	0	0	0	0	0	0	0	0	0	0	0	0	0	0	
566680	Insula_L	10218	322	31052	3720	2694	0	18050	2808	2006	0	13660	1326	20718	976	20110	1558	18010	198	25558	5156	2426	0	2184	0	0	0	240	0	0	1426	3400	208	1416	1008	0	0	12230	126	1490	0	1594	0	0	0	0	0	0	0	0	0	1102	0	502	0	1984	0	4224	106	100	0	486	0	166	0	752	0	256	0	558	0	5350	7966	24482	2028	0	0	476	368	8526	0	7380	0	3400	0	3228	0	148	0	3864	0	0	0	0	0	0	0	0	0	0	0	0	0	0	0	0	0	0	0	0	0	0	0	0	0	0	0	
440516	Insula_R	0	3542	1046	26608	0	572	406	6580	0	638	0	30048	118	12166	114	10544	0	14418	3158	23764	0	2170	204	662	0	0	0	1020	1426	0	318	958	0	2586	0	0	0	8718	0	1148	0	1270	0	0	0	0	0	0	0	184	0	180	0	138	0	2720	0	1736	0	536	0	566	0	590	0	390	0	542	0	112	1140	4354	738	27024	0	160	0	1284	0	4582	0	7330	0	3952	0	3484	0	0	0	4314	0	0	0	0	0	0	0	0	0	0	0	0	0	0	0	0	0	0	0	0	0	0	0	0	0	0	
170592	Cingulum_Ant_L	0	0	10208	1360	3406	220	4680	610	446	0	0	160	2540	458	1314	272	0	0	3236	1050	2670	1840	9650	2402	3032	2304	2220	252	3400	318	0	10482	5410	2276	522	0	0	0	0	0	0	0	0	0	0	0	0	0	0	0	0	0	0	0	0	0	0	0	0	0	0	0	0	0	0	0	246	0	0	0	4058	1386	2482	292	94	0	0	0	0	0	0	0	0	0	0	0	0	0	0	0	0	0	0	0	0	0	0	0	0	0	0	0	0	0	0	0	0	0	0	0	0	0	0	0	0	0	
233808	Cingulum_Ant_R	0	0	1580	18726	166	1924	422	2392	0	0	0	566	90	1332	0	682	0	0	6274	7726	1726	4204	6886	15766	612	5068	486	1478	208	958	10482	0	954	15770	112	0	0	126	0	0	0	0	0	0	0	0	0	0	0	0	0	0	0	0	0	0	0	0	0	0	0	0	0	0	0	0	0	0	0	0	2202	6530	610	846	0	0	0	0	0	0	0	0	0	0	0	0	0	0	0	0	0	0	0	0	0	0	0	0	0	0	0	0	0	0	0	0	0	0	0	0	0	0	0	0	0	0	
173644	Cingulum_Mid_L	846	0	4212	604	0	0	1226	292	0	0	0	0	832	0	530	0	0	0	10856	6062	0	0	3612	406	0	0	0	0	1416	0	5410	954	0	10922	4166	1752	308	0	0	0	0	0	488	442	1068	564	0	272	800	388	2600	220	0	0	0	0	430	0	1356	168	310	0	0	0	210	0	9806	6456	2872	408	124	298	1318	0	998	0	184	0	0	0	124	0	0	0	512	0	0	0	0	0	0	0	0	0	0	0	0	0	0	0	0	0	0	0	0	0	0	0	0	0	0	0	0	0	0	0	
395856	Cingulum_Mid_R	1158	428	2156	13112	0	0	328	3770	0	0	150	2002	568	4410	0	484	94	0	19982	41956	0	0	4916	11026	0	0	0	0	1008	2586	2276	15770	10922	0	1700	6470	0	186	0	0	0	0	0	3164	0	1862	0	1004	130	1070	364	760	0	450	0	0	0	2060	0	504	0	504	0	0	0	766	1902	12370	4888	12720	234	1428	442	866	302	0	1086	644	0	0	0	0	0	0	106	410	0	0	0	434	0	0	0	0	0	0	0	0	0	0	0	0	0	0	0	0	0	0	0	0	0	0	0	0	0	0	
93480	Cingulum_Post_L	270	0	202	0	0	0	0	0	0	0	0	0	0	0	0	0	0	0	546	554	0	0	0	0	0	0	0	0	0	0	522	112	4166	1700	0	5618	3912	1678	0	0	0	0	4610	0	2456	166	432	0	570	0	3188	0	616	0	260	0	0	0	0	0	234	0	0	0	234	0	9088	1022	716	226	0	0	0	0	0	0	240	0	0	0	480	0	0	0	2236	0	0	0	476	210	0	0	0	0	0	0	0	0	0	0	0	0	0	0	0	0	0	0	0	0	0	0	0	0	0	0	
110060	Cingulum_Post_R	0	0	0	0	0	0	0	0	0	0	0	0	0	0	0	0	0	0	256	1798	0	0	0	0	0	0	0	0	0	0	0	0	1752	6470	5618	0	1036	3324	482	720	0	0	0	2906	0	1342	746	5178	0	716	212	564	0	1224	0	536	0	0	0	168	0	204	0	0	0	242	2354	12022	534	1678	0	0	0	0	0	0	210	234	0	0	0	0	0	0	0	414	0	0	0	1902	0	0	0	0	0	0	0	0	0	0	0	0	0	0	0	0	0	0	0	0	188	0	0	0	0	0	
209164	Hippocampus_L	8568	0	6988	136	0	0	742	0	0	0	252	0	0	0	0	0	600	0	6760	660	0	0	0	0	0	0	0	0	12230	0	0	0	308	0	3912	1036	0	524	6376	354	5298	0	3016	0	1318	0	770	1036	0	0	1346	0	112	0	7342	152	318	0	0	0	208	0	0	0	124	0	3602	520	1630	0	0	0	10966	0	848	0	2064	0	3470	0	1906	0	354	0	676	0	0	0	7300	0	312	0	0	0	0	0	122	0	144	0	0	0	0	0	0	0	0	0	0	182	0	0	0	0	0	0	
226732	Hippocampus_R	0	1636	0	5560	0	0	0	1074	0	0	0	2636	0	286	0	0	0	788	150	4708	0	0	0	162	0	0	0	0	126	8718	0	126	0	186	1678	3324	524	0	158	17320	0	9198	0	0	0	0	120	1004	0	0	0	0	0	90	0	15182	0	388	0	276	0	524	0	322	0	288	420	1620	0	332	98	0	0	15098	0	566	0	3408	0	1730	0	2934	0	830	0	1998	0	192	0	6764	0	0	0	0	0	0	0	508	0	316	0	0	0	0	0	0	0	0	0	0	0	0	0	0	0	0	
84708	ParaHippocampal_L	250	0	256	0	0	0	0	0	104	0	0	0	0	0	250	0	0	0	236	0	534	0	0	0	0	0	0	0	1490	0	0	0	0	0	0	482	6376	158	0	332	1694	0	378	0	0	0	5786	654	0	0	1342	0	4042	0	8378	140	0	0	0	0	0	0	0	0	0	0	1066	420	0	0	0	0	822	0	0	0	0	0	140	0	0	0	848	0	100	0	296	0	1454	0	746	0	110	0	362	0	1666	0	1142	0	0	0	0	0	0	0	0	0	0	300	0	0	0	0	0	0	
153064	ParaHippocampal_R	0	0	0	452	0	0	0	0	0	0	0	0	0	0	0	212	0	0	0	418	0	320	0	0	0	0	0	0	0	1148	0	0	0	0	0	720	354	17320	332	0	0	8530	0	0	0	0	532	5766	0	0	0	0	0	192	0	17786	0	0	0	0	0	0	0	0	0	0	350	1878	0	0	0	0	0	1688	0	228	0	762	0	198	0	156	0	2798	0	126	0	1896	0	2056	0	1622	0	912	194	152	148	4464	0	2514	0	0	0	146	0	0	0	0	0	0	162	0	0	0	0	0	
26160	Amygdala_L	0	0	0	0	124	0	0	0	100	0	0	0	0	0	188	0	0	0	0	0	248	0	0	0	0	0	0	0	1594	0	0	0	0	0	0	0	5298	0	1694	0	0	0	0	0	0	0	0	228	0	0	0	0	0	0	2018	0	0	0	0	0	0	0	0	0	0	0	0	0	0	0	0	0	536	0	0	0	0	0	0	0	0	0	300	0	0	0	0	0	752	0	0	0	0	0	0	0	0	0	0	0	0	0	0	0	0	0	0	0	0	0	0	0	0	0	0	0	
53548	Amygdala_R	0	0	0	0	0	0	0	0	0	0	0	0	0	0	0	426	0	0	0	0	0	170	0	0	0	0	0	0	0	1270	0	0	0	0	0	0	0	9198	0	8530	0	0	0	0	0	0	0	0	0	0	0	0	0	0	0	4074	0	0	0	0	0	0	0	0	0	0	0	0	0	0	0	0	0	758	0	0	0	0	0	0	0	0	0	1708	0	0	0	502	0	138	0	0	0	0	0	0	0	0	0	0	0	0	0	0	0	0	0	0	0	0	0	0	0	0	0	0	
269268	Calcarine_L	0	0	0	0	0	0	0	0	0	0	0	0	0	0	0	0	122	0	0	0	0	0	0	0	0	0	0	0	0	0	0	0	488	0	4610	0	3016	0	378	0	0	0	0	11840	19248	8648	12246	4478	13316	4532	20958	714	3530	346	2028	412	0	0	0	104	156	0	0	0	246	0	16500	2112	0	0	0	0	0	0	0	0	0	0	0	0	410	0	0	0	2514	0	0	0	1154	0	0	0	0	0	0	0	126	0	244	0	0	0	0	0	0	0	0	0	0	0	158	0	0	0	0	0	
348372	Calcarine_R	0	384	0	0	0	0	0	0	0	0	0	0	0	0	0	0	0	0	0	1460	0	0	0	0	0	0	0	0	0	0	0	0	442	3164	0	2906	0	0	0	0	0	0	11840	0	8330	29628	1172	17882	296	22092	258	13976	0	9534	0	4430	0	1222	0	914	0	496	0	102	0	1500	3696	30296	110	2210	0	0	0	0	0	0	0	0	0	0	0	0	0	0	0	3300	0	0	0	2546	0	0	0	0	0	0	0	0	0	0	0	0	0	0	0	0	0	0	0	0	0	0	0	0	0	0	
239396	Cuneus_L	0	0	0	0	0	0	0	0	0	0	0	0	0	0	0	0	0	0	0	0	0	0	0	0	0	0	0	0	0	0	0	0	1068	0	2456	0	1318	0	0	0	0	0	19248	8330	0	12818	760	804	22996	5454	17042	314	130	0	0	0	0	0	1630	132	516	0	94	0	758	0	18770	3214	0	0	0	0	0	0	0	0	0	0	0	0	0	0	0	0	1704	0	0	0	142	0	0	0	0	0	0	0	0	0	0	0	0	0	0	0	0	0	0	0	0	0	0	0	0	0	0	0	
336840	Cuneus_R	0	0	0	0	0	0	0	0	0	0	0	0	0	0	0	0	0	0	0	454	0	0	0	0	0	0	0	0	0	0	0	0	564	1862	166	1342	0	0	0	0	0	0	8648	29628	12818	0	242	5438	1178	36654	1010	9638	0	2384	0	924	0	350	410	8470	132	362	0	0	132	1708	11802	30894	0	496	0	0	0	100	0	0	0	0	0	0	0	0	0	0	0	442	0	0	0	172	0	0	0	0	0	0	0	0	0	0	0	0	0	0	0	0	0	0	0	0	0	0	0	0	0	0	
249088	Lingual_L	0	0	0	0	0	0	0	0	0	0	0	0	0	0	0	0	0	0	0	0	0	0	0	0	0	0	0	0	0	0	0	0	0	0	432	746	770	120	5786	532	0	0	12246	1172	760	242	0	3450	1716	146	11562	136	9456	464	15842	1746	0	0	0	0	0	0	0	0	0	0	3138	802	0	0	0	0	0	0	0	0	0	0	0	0	0	0	0	0	100	0	0	0	472	0	12568	1470	1292	0	266	0	12026	1044	15458	2048	0	0	134	0	0	0	0	0	0	0	2788	3122	492	0	0	0	
345412	Lingual_R	472	132	482	0	0	0	0	0	0	0	0	0	0	0	0	0	0	0	478	272	0	0	0	0	0	0	0	0	0	0	0	0	272	1004	0	5178	1036	1004	654	5766	228	0	4478	17882	804	5438	3450	0	0	5058	0	3000	122	10922	940	22280	0	0	0	136	0	164	0	0	0	230	476	14156	0	388	0	0	526	0	430	0	0	0	0	0	0	0	0	0	0	772	0	0	102	2598	3050	8440	240	0	636	484	4286	9936	6558	10292	0	0	110	0	0	306	0	0	0	378	8976	6482	610	0	302	290	
233256	Occipital_Sup_L	0	0	0	0	0	0	0	0	0	0	0	0	0	0	0	0	0	0	0	0	0	0	0	0	0	0	0	0	0	0	0	0	800	130	570	0	0	0	0	0	0	0	13316	296	22996	1178	1716	0	0	332	36310	0	310	0	0	0	0	0	10412	0	4586	0	0	0	2928	0	17042	2898	174	0	0	0	0	0	0	0	0	0	0	0	0	0	0	0	634	0	0	0	0	0	0	0	0	0	0	0	0	0	0	0	0	0	0	0	0	0	0	0	0	0	0	0	0	0	0	0	
340640	Occipital_Sup_R	0	348	0	0	0	0	0	0	0	0	0	228	0	0	0	0	0	0	0	480	0	0	0	0	0	0	0	0	0	184	0	0	388	1070	0	716	0	0	0	0	0	0	4532	22092	5454	36654	146	5058	332	0	322	30532	0	3190	0	1824	0	1366	220	11582	0	3642	0	506	0	11664	4288	20070	0	500	0	0	0	196	0	0	0	0	0	0	0	0	0	0	0	2346	0	0	0	390	0	0	0	0	0	0	0	0	0	0	0	0	0	0	0	0	0	0	0	0	0	0	0	0	0	0	
554232	Occipital_Mid_L	5624	0	532	0	0	0	146	0	0	0	0	0	0	0	0	0	1574	0	490	0	0	0	0	0	0	0	0	0	1102	0	0	0	2600	364	3188	212	1346	0	1342	0	0	0	20958	258	17042	1010	11562	0	36310	322	0	0	17696	0	4144	0	5158	0	16228	0	24008	0	6158	0	32368	0	26960	4694	1794	0	0	0	0	0	0	0	0	0	926	0	2574	0	0	0	21394	0	0	0	7032	0	0	0	0	0	0	0	0	0	0	0	0	0	0	0	0	0	0	0	0	0	0	0	0	0	0	0	
270988	Occipital_Mid_R	0	308	0	0	0	0	0	0	0	0	0	194	0	0	0	0	0	0	0	724	0	0	0	0	0	0	0	0	0	180	0	0	220	760	0	564	0	0	0	0	0	0	714	13976	314	9638	136	3000	0	30532	0	0	0	7892	0	2094	0	590	0	5190	0	6654	0	534	0	22468	1100	11292	0	732	0	0	0	186	0	0	0	0	0	0	0	174	0	0	0	13482	0	0	0	1846	0	0	0	0	0	0	0	0	0	0	0	0	0	0	0	0	0	0	0	0	0	0	0	0	0	0	
125448	Occipital_Inf_L	202	0	0	0	0	0	0	0	0	0	0	0	0	0	0	0	992	0	0	0	0	0	0	0	0	0	0	0	502	0	0	0	0	0	616	0	112	0	4042	0	0	0	3530	0	130	0	9456	122	310	0	17696	0	0	0	11546	0	0	0	0	0	0	0	98	0	182	0	1828	0	252	0	0	0	0	0	0	0	0	0	708	0	602	0	0	0	3556	0	0	0	4548	0	292	0	0	0	0	0	456	132	584	0	0	0	0	0	0	0	0	0	0	0	230	0	0	0	0	0	
129908	Occipital_Inf_R	0	228	0	0	0	0	0	0	0	0	0	0	0	0	0	0	0	0	0	636	0	0	0	0	0	0	0	0	0	138	0	0	0	450	0	1224	0	90	0	192	0	0	346	9534	0	2384	464	10922	0	3190	0	7892	0	0	0	11862	0	0	0	0	0	104	0	0	0	240	164	5188	0	490	0	0	0	0	0	0	0	0	0	166	0	0	0	0	0	1786	0	0	0	4946	0	206	0	0	0	0	0	0	566	780	0	0	0	0	0	0	0	0	0	0	0	766	0	0	0	0	
304668	Fusiform_L	194	0	182	0	0	0	0	0	0	0	0	0	0	0	0	0	832	0	182	0	0	0	0	0	0	0	0	0	1984	0	0	0	0	0	260	0	7342	0	8378	0	2018	0	2028	0	0	0	15842	940	0	0	4144	0	11546	0	0	124	0	0	0	0	0	0	0	0	0	0	686	0	140	0	0	0	518	0	0	0	0	0	1446	0	2752	0	1828	0	2562	0	1720	0	18556	0	22238	408	1080	0	0	0	12262	832	24720	514	418	0	492	0	186	0	0	0	0	0	1686	846	448	0	0	0	
347712	Fusiform_R	0	144	0	160	0	0	0	0	0	0	0	0	0	0	0	0	0	368	0	300	0	0	0	0	0	0	0	0	0	2720	0	0	0	0	0	536	152	15182	140	17786	0	4074	412	4430	0	924	1746	22280	0	1824	0	2094	0	11862	124	0	0	0	0	128	0	384	0	298	0	186	166	3176	0	120	0	0	0	2054	0	132	0	412	0	600	0	1866	0	5260	0	2792	0	2568	0	16500	656	13462	0	732	0	432	1354	9888	2622	15608	0	0	0	0	0	0	0	0	0	0	2440	2762	0	0	0	0	
278864	Postcentral_L	29064	0	6904	118	0	0	1530	0	0	0	2458	0	0	0	0	0	13962	0	8092	510	0	0	0	0	0	0	0	0	4224	0	0	0	430	0	0	0	318	0	0	0	0	0	0	0	0	0	0	0	0	0	5158	0	0	0	0	0	0	0	8578	0	23112	0	10598	0	6070	0	3044	372	4780	0	0	0	274	0	0	0	98	0	2508	0	4010	0	116	0	2588	0	0	0	516	0	0	0	0	0	0	0	0	0	0	0	0	0	0	0	0	0	0	0	0	0	0	0	0	0	0	0	
186216	Postcentral_R	0	15948	0	3024	0	0	0	946	0	0	0	3532	0	0	0	0	0	4652	408	6732	0	0	0	0	0	0	0	0	106	1736	0	0	0	2060	0	0	0	388	0	0	0	0	0	1222	0	350	0	0	0	1366	0	590	0	0	0	0	0	0	0	10656	0	9028	0	10474	0	1934	0	6572	314	6462	124	152	0	1416	0	0	0	492	0	0	0	434	0	0	0	614	0	0	0	1376	0	0	0	0	0	0	0	0	0	0	0	0	0	0	0	0	0	0	0	0	0	0	0	0	0	0	
179820	Parietal_Sup_L	4718	0	742	0	0	0	196	0	0	0	0	0	0	0	0	0	148	0	512	0	0	0	0	0	0	0	0	0	100	0	0	0	1356	0	0	0	0	0	0	0	0	0	0	0	1630	410	0	0	10412	220	16228	0	0	0	0	0	8578	0	0	0	17374	0	1654	0	6572	0	14436	3190	802	0	0	0	92	0	0	0	0	0	0	0	0	0	0	0	386	0	0	0	154	0	0	0	0	0	0	0	0	0	0	0	0	0	0	0	0	0	0	0	0	0	0	0	0	0	0	0	
189332	Parietal_Sup_R	0	670	0	132	0	0	0	0	0	0	0	422	0	0	0	0	0	156	0	368	0	0	0	0	0	0	0	0	0	536	0	0	168	504	0	168	0	276	0	0	0	0	104	914	132	8470	0	136	0	11582	0	5190	0	0	0	128	0	10656	0	0	0	19072	0	2908	0	13194	748	14190	0	850	0	0	0	1396	0	0	0	0	0	102	0	104	0	0	0	636	0	0	0	754	0	0	0	0	0	0	0	0	0	0	0	0	0	0	0	0	0	0	0	0	0	0	0	0	0	0	
281932	Parietal_Inf_L	9086	0	1234	0	0	0	530	0	0	0	376	0	0	0	0	0	644	0	1146	94	0	0	0	0	0	0	0	0	486	0	0	0	310	0	234	0	208	0	0	0	0	0	156	0	516	132	0	0	4586	0	24008	0	0	0	0	0	23112	0	17374	0	0	0	17316	0	27830	0	4756	682	502	0	0	0	144	0	0	0	0	0	238	0	770	0	0	0	3162	0	0	0	1334	0	0	0	0	0	0	0	0	0	0	0	0	0	0	0	0	0	0	0	0	0	0	0	0	0	0	0	
206788	Parietal_Inf_R	0	966	0	0	0	0	0	0	0	0	0	304	0	0	0	0	0	452	0	432	0	0	0	0	0	0	0	0	0	566	0	0	0	504	0	204	0	524	0	0	0	0	0	496	0	362	0	164	0	3642	0	6654	0	104	0	384	0	9028	0	19072	0	0	0	18928	0	21106	0	1876	0	876	0	0	0	480	0	0	0	0	0	244	0	2228	0	0	0	7752	0	0	0	6046	0	0	0	0	0	0	0	0	0	0	0	0	0	0	0	0	0	0	0	0	0	0	0	0	0	0	
144420	SupraMarginal_L	2692	0	0	0	0	0	0	0	0	0	0	0	0	0	0	0	2990	0	90	0	0	0	0	0	0	0	0	0	166	0	0	0	0	0	0	0	0	0	0	0	0	0	0	0	94	0	0	0	0	0	6158	0	98	0	0	0	10598	0	1654	0	17316	0	0	0	12756	0	338	0	1184	0	0	0	0	0	0	0	0	0	0	0	6220	0	0	0	7816	0	0	0	2040	0	0	0	0	0	0	0	0	0	0	0	0	0	0	0	0	0	0	0	0	0	0	0	0	0	0	0	
131856	SupraMarginal_R	0	1834	0	102	0	0	0	366	0	0	0	704	0	0	0	0	0	2548	0	126	0	0	0	0	0	0	0	0	0	590	0	0	0	0	0	0	0	322	0	0	0	0	0	102	0	0	0	0	0	506	0	534	0	0	0	298	0	10474	0	2908	0	18928	0	0	0	4492	0	680	0	0	0	0	0	112	0	0	0	102	0	228	0	5496	0	0	0	7054	0	0	0	7422	0	0	0	0	0	0	0	0	0	0	0	0	0	0	0	0	0	0	0	0	0	0	0	0	0	0	
245480	Angular_L	5588	0	646	0	0	0	214	0	0	0	0	0	0	0	0	0	1190	0	474	0	0	0	0	0	0	0	0	0	752	0	0	0	210	0	234	0	124	0	0	0	0	0	246	0	758	132	0	0	2928	0	32368	0	182	0	0	0	6070	0	6572	0	27830	0	12756	0	0	0	4142	632	394	0	0	0	0	0	0	0	0	0	242	0	3558	0	0	0	11972	0	0	0	2526	0	0	0	0	0	0	0	0	0	0	0	0	0	0	0	0	0	0	0	0	0	0	0	0	0	0	0	
201588	Angular_R	0	440	0	106	0	0	0	0	0	0	0	322	0	0	0	0	0	134	0	684	0	0	0	0	0	0	0	0	0	390	0	0	0	766	0	242	0	288	0	0	0	0	0	1500	0	1708	0	230	0	11664	0	22468	0	240	0	186	0	1934	0	13194	0	21106	0	4492	0	0	94	5084	0	1170	0	0	0	322	0	0	0	0	0	110	0	674	0	0	0	8640	0	0	0	2606	0	0	0	0	0	0	0	0	0	0	0	0	0	0	0	0	0	0	0	0	0	0	0	0	0	0	
393396	Precuneus_L	700	0	208	0	0	0	0	0	0	0	0	0	0	0	0	0	444	0	226	158	0	0	0	0	0	0	0	0	256	0	246	0	9806	1902	9088	2354	3602	420	1066	350	0	0	16500	3696	18770	11802	3138	476	17042	4288	26960	1100	1828	164	686	166	3044	0	14436	748	4756	0	338	0	4142	94	0	21588	2686	128	0	0	0	0	0	0	254	0	166	0	634	0	0	0	4486	0	0	0	1520	118	0	0	0	0	0	0	0	0	0	0	0	0	0	0	0	0	0	0	0	0	118	0	0	0	0	0	
505052	Precuneus_R	0	872	0	162	0	0	0	0	0	0	0	432	0	0	0	0	0	116	642	5896	0	0	0	0	0	0	0	0	0	542	0	0	6456	12370	1022	12022	520	1620	420	1878	0	0	2112	30296	3214	30894	802	14156	2898	20070	4694	11292	0	5188	0	3176	372	6572	3190	14190	682	1876	0	680	632	5084	21588	0	1688	9168	0	260	0	1460	0	0	168	606	0	0	0	0	0	0	364	5466	0	0	0	3936	0	0	0	0	0	0	0	246	0	0	0	0	0	0	0	0	0	0	0	0	536	0	0	0	0	0	
177396	Paracentral_Lobule_L	14874	102	4564	230	0	0	196	0	0	0	0	0	0	0	0	0	446	0	17788	6596	0	0	0	0	0	0	0	0	558	0	0	0	2872	4888	716	534	1630	0	0	0	0	0	0	110	0	0	0	0	174	0	1794	0	252	0	140	0	4780	314	802	0	502	0	1184	0	394	0	2686	1688	0	2962	0	362	992	0	0	0	9726	510	322	0	660	0	0	0	1804	0	0	0	546	0	0	0	0	0	0	0	0	0	0	0	0	0	0	0	0	0	0	0	0	0	0	0	0	0	0	0	
138640	Paracentral_Lobule_R	0	3324	0	0	0	0	0	0	0	0	0	128	0	0	0	0	0	0	1232	18224	0	0	0	0	0	0	0	0	0	112	0	0	408	12720	226	1678	0	332	0	0	0	0	0	2210	0	496	0	388	0	500	0	732	0	490	0	120	0	6462	0	850	0	876	0	0	0	1170	128	9168	2962	0	0	442	0	254	0	0	250	920	0	0	0	0	0	0	0	1126	0	0	0	1392	0	0	0	0	0	0	0	0	0	0	0	0	0	0	0	0	0	0	0	0	0	0	0	0	0	0	
158624	Caudate_L	0	636	904	2224	1256	94	2320	2188	126	0	0	1392	742	812	1414	2228	0	0	1812	3000	6330	5700	100	0	262	652	2564	298	5350	1140	4058	2202	124	234	0	0	0	98	0	0	0	0	0	0	0	0	0	0	0	0	0	0	0	0	0	0	0	124	0	0	0	0	0	0	0	0	0	0	0	0	0	12410	9982	1710	1090	0	2108	1628	0	0	0	0	0	0	0	0	0	0	0	0	0	0	0	0	0	0	0	0	0	0	0	0	0	0	0	0	0	0	0	0	0	0	0	0	0	0	
412408	Caudate_R	862	128	3366	28630	382	1630	3490	7314	228	778	106	2938	1412	2978	1560	6186	0	158	4564	29714	2624	5282	390	3132	118	1460	624	1642	7966	4354	1386	6530	298	1428	0	0	0	0	0	0	0	0	0	0	0	0	0	0	0	0	0	0	0	0	0	0	0	152	0	0	0	0	0	0	0	0	0	260	362	442	12410	0	11890	17248	1292	1582	4004	22904	0	0	0	0	0	0	0	0	0	0	0	0	0	0	0	0	0	0	0	0	0	0	0	0	0	0	0	0	0	0	0	0	0	0	0	0	0	0	
363680	Putamen_L	11238	736	19636	1966	3030	0	4902	1796	902	0	618	618	2184	790	7232	724	1006	0	24002	8048	3038	2664	606	0	222	332	1584	156	24482	738	2482	610	1318	442	0	0	10966	0	822	0	536	0	0	0	0	0	0	526	0	0	0	0	0	0	518	0	274	0	92	0	144	0	0	0	0	0	0	0	992	0	9982	11890	0	1904	10288	0	2712	110	492	0	598	0	158	0	0	0	0	0	734	0	0	0	0	0	0	0	0	0	0	0	0	0	0	0	0	0	0	0	0	0	0	0	0	0	0	0	
323576	Putamen_R	0	3308	636	22690	0	1050	232	6006	0	1272	0	8166	0	2154	128	5658	0	1402	1606	19746	498	738	0	810	0	244	180	674	2028	27024	292	846	0	866	0	0	0	15098	0	1688	0	758	0	0	0	100	0	0	0	196	0	186	0	0	0	2054	0	1416	0	1396	0	480	0	112	0	322	0	1460	0	254	1710	17248	1904	0	0	2656	0	1406	0	0	0	1176	0	98	0	272	0	0	0	1278	0	0	0	0	0	0	0	144	0	122	0	0	0	0	0	0	0	0	0	0	0	0	0	0	0	0	
70060	Pallidum_L	2216	678	2482	714	0	0	0	506	0	0	0	0	0	0	0	162	0	0	5930	4464	288	204	0	0	0	0	0	0	0	0	94	0	998	302	0	0	848	0	0	0	0	0	0	0	0	0	0	430	0	0	0	0	0	0	0	0	0	0	0	0	0	0	0	0	0	0	0	0	0	0	1090	1292	10288	0	0	0	1724	320	0	0	0	0	0	0	0	0	0	0	0	0	0	0	0	0	0	0	0	0	0	0	0	0	0	0	0	0	0	0	0	0	0	0	0	0	0	0	
20432	Pallidum_R	0	0	0	2008	0	0	0	0	0	0	0	140	0	0	0	0	0	134	0	2470	0	0	0	0	0	0	0	0	0	160	0	0	0	0	0	0	0	566	0	228	0	0	0	0	0	0	0	0	0	0	0	0	0	0	0	132	0	0	0	0	0	0	0	0	0	0	0	0	0	0	0	1582	0	2656	0	0	0	140	0	0	0	0	0	0	0	0	0	0	0	0	0	0	0	0	0	0	0	0	0	0	0	0	0	0	0	0	0	0	0	0	0	0	0	0	0	0	
154060	Thalamus_L	9674	0	4574	7032	0	0	298	0	0	0	0	0	0	0	0	0	218	0	12760	12762	0	0	0	0	0	0	0	0	476	0	0	0	184	1086	240	210	2064	0	0	0	0	0	0	0	0	0	0	0	0	0	0	0	0	0	0	0	98	0	0	0	0	0	0	0	0	0	254	168	9726	250	2108	4004	2712	0	1724	0	0	4182	128	0	98	0	0	0	0	0	0	0	0	0	0	0	0	0	0	0	0	0	0	0	0	0	0	0	0	0	0	0	0	0	0	0	0	0	0	0	
192600	Thalamus_R	804	1916	736	27584	0	0	156	318	0	0	0	90	144	0	0	0	0	0	1674	20796	0	0	0	0	0	0	0	0	368	1284	0	0	0	644	0	234	0	3408	0	762	0	0	0	0	0	0	0	0	0	0	0	0	0	0	0	412	0	492	0	0	0	0	0	102	0	0	0	606	510	920	1628	22904	110	1406	320	140	4182	0	0	314	0	580	0	0	0	550	0	0	0	206	0	0	0	0	0	0	0	0	0	0	0	0	0	0	0	0	0	0	0	0	0	0	0	0	0	0	
93800	Heschl_L	5144	0	1776	0	0	0	684	0	0	0	744	0	0	0	0	0	7012	0	1410	0	0	0	0	0	0	0	0	0	8526	0	0	0	0	0	0	0	3470	0	140	0	0	0	0	0	0	0	0	0	0	0	926	0	708	0	1446	0	2508	0	0	0	238	0	0	0	242	0	166	0	322	0	0	0	492	0	0	0	128	0	0	0	4502	0	0	0	2830	0	0	0	3370	0	116	0	0	0	0	0	0	0	0	0	0	0	0	0	0	0	0	0	0	0	0	0	0	0	0	0	
40804	Heschl_R	0	0	0	640	0	0	0	0	0	0	0	0	0	0	0	0	0	2600	0	660	0	0	0	0	0	0	0	0	0	4582	0	0	0	0	0	0	0	1730	0	198	0	0	0	0	0	0	0	0	0	0	0	0	0	166	0	600	0	0	0	102	0	244	0	228	0	110	0	0	0	0	0	0	0	0	0	0	0	314	0	0	0	4512	0	0	0	1610	0	0	0	2106	0	0	0	0	0	0	0	0	0	0	0	0	0	0	0	0	0	0	0	0	0	0	0	0	0	0	
248040	Temporal_Sup_L	3948	0	4040	0	0	0	184	0	0	0	3064	0	122	0	0	0	11982	0	3800	110	0	0	0	0	0	0	0	0	7380	0	0	0	124	0	480	0	1906	0	0	0	0	0	410	0	0	0	0	0	0	0	2574	0	602	0	2752	0	4010	0	0	0	770	0	6220	0	3558	0	634	0	660	0	0	0	598	0	0	0	98	0	4502	0	0	0	4014	0	32516	0	1072	0	21890	0	0	0	0	0	0	0	0	0	0	0	0	0	0	0	0	0	0	0	0	0	0	0	0	0	0	0	
109464	Temporal_Sup_R	0	340	0	606	0	0	0	0	0	0	0	252	0	0	0	0	0	3566	0	572	0	0	0	0	0	0	0	0	0	7330	0	0	0	0	0	0	0	2934	0	156	0	0	0	0	0	0	0	0	0	0	0	174	0	0	0	1866	0	434	0	104	0	2228	0	5496	0	674	0	0	0	0	0	0	0	1176	0	0	0	580	0	4512	0	0	0	2476	0	12750	0	204	0	6302	0	0	0	0	0	0	0	0	0	0	0	0	0	0	0	0	0	0	0	0	0	0	0	0	0	0	
99464	Temporal_Pole_Sup_L	806	0	1856	0	0	0	326	0	160	0	2408	0	636	0	1034	0	1514	0	1820	0	888	0	0	0	0	0	0	0	3400	0	0	0	0	0	0	0	354	0	848	0	300	0	0	0	0	0	0	0	0	0	0	0	0	0	1828	0	116	0	0	0	0	0	0	0	0	0	0	0	0	0	0	0	158	0	0	0	0	0	0	0	4014	0	0	0	9808	0	8588	0	8870	0	0	0	0	0	0	0	0	0	0	0	0	0	0	0	0	0	0	0	0	0	0	0	0	0	0	0	
84652	Temporal_Pole_Sup_R	0	0	182	2996	0	0	0	612	0	0	0	3082	0	142	0	218	0	4044	538	2516	0	272	0	0	0	0	0	0	0	3952	0	0	0	0	0	0	0	830	0	2798	0	1708	0	0	0	0	0	0	0	0	0	0	0	0	0	5260	0	0	0	0	0	0	0	0	0	0	0	0	0	0	0	0	0	98	0	0	0	0	0	0	0	2476	0	0	0	1894	0	4646	0	4062	0	0	0	0	0	0	0	0	0	0	0	0	0	0	0	0	0	0	0	0	0	0	0	0	0	0	
347860	Temporal_Mid_L	1486	0	0	0	0	0	0	0	0	0	0	0	0	0	0	0	4642	0	0	0	0	0	0	0	0	0	0	0	3228	0	0	0	512	106	2236	0	676	0	100	0	0	0	2514	0	1704	0	100	0	634	0	21394	0	3556	0	2562	0	2588	0	386	0	3162	0	7816	0	11972	0	4486	364	1804	0	0	0	0	0	0	0	0	0	2830	0	32516	0	9808	0	0	0	8160	0	42588	0	0	0	0	0	0	0	0	0	0	0	0	0	0	0	0	0	0	0	0	0	0	0	0	0	0	0	
217476	Temporal_Mid_R	0	968	0	0	0	0	0	0	0	0	0	92	0	0	0	0	0	220	0	1020	0	0	0	0	0	0	0	0	0	3484	0	0	0	410	0	414	0	1998	0	126	0	0	0	3300	0	442	0	772	0	2346	0	13482	0	1786	0	2792	0	614	0	636	0	7752	0	7054	0	8640	0	5466	0	1126	0	0	0	272	0	0	0	550	0	1610	0	12750	0	1894	0	0	0	3300	0	23422	0	0	0	0	0	0	0	0	0	0	0	0	0	0	0	0	0	0	0	0	0	0	0	0	0	0	
54808	Temporal_Pole_Mid_L	0	0	0	0	0	0	0	0	0	0	0	0	0	0	0	0	0	0	0	0	0	0	0	0	0	0	0	0	148	0	0	0	0	0	0	0	0	0	296	0	0	0	0	0	0	0	0	0	0	0	0	0	0	0	1720	0	0	0	0	0	0	0	0	0	0	0	0	0	0	0	0	0	0	0	0	0	0	0	0	0	1072	0	8588	0	8160	0	0	0	7420	0	0	0	0	0	0	0	0	0	0	0	0	0	0	0	0	0	0	0	0	0	0	0	0	0	0	0	
34352	Temporal_Pole_Mid_R	0	0	0	0	0	0	0	0	0	0	0	0	0	0	0	0	0	0	0	0	0	0	0	0	0	0	0	0	0	0	0	0	0	0	0	0	0	192	0	1896	0	502	0	0	0	0	0	0	0	0	0	0	0	0	0	2568	0	0	0	0	0	0	0	0	0	0	0	0	0	0	0	0	0	0	0	0	0	0	0	0	0	204	0	4646	0	3300	0	0	0	3868	0	0	0	0	0	0	0	0	0	0	0	0	0	0	0	0	0	0	0	0	0	0	0	0	0	0	
304964	Temporal_Inf_L	482	0	310	0	0	0	0	0	0	0	0	0	0	0	0	0	2794	0	306	0	0	0	0	0	0	0	0	0	3864	0	0	0	0	0	476	0	7300	0	1454	0	752	0	1154	0	142	0	472	102	0	0	7032	0	4548	0	18556	0	516	0	154	0	1334	0	2040	0	2526	0	1520	0	546	0	0	0	734	0	0	0	0	0	3370	0	21890	0	8870	0	42588	0	7420	0	0	0	4988	0	454	0	0	0	808	0	2980	0	0	0	0	0	0	0	0	0	0	0	0	0	0	0	0	0	
228392	Temporal_Inf_R	0	1716	0	0	0	0	0	0	0	0	0	146	0	0	0	0	0	590	0	1592	0	0	0	0	0	0	0	0	0	4314	0	0	0	434	210	1902	0	6764	0	2056	0	138	0	2546	0	172	0	2598	0	390	0	1846	0	4946	0	16500	0	1376	0	754	0	6046	0	7422	0	2606	118	3936	0	1392	0	0	0	1278	0	0	0	206	0	2106	0	6302	0	4062	0	23422	0	3868	0	0	0	442	0	0	0	0	0	0	0	0	0	0	0	0	0	0	0	0	0	0	0	0	0	0	0	0	
576832	Cerebelum_Crus1_L	0	0	0	0	0	0	0	0	0	0	0	0	0	0	0	0	0	0	0	0	0	0	0	0	0	0	0	0	0	0	0	0	0	0	0	0	312	0	746	0	0	0	0	0	0	0	12568	3050	0	0	0	0	292	0	22238	656	0	0	0	0	0	0	0	0	0	0	0	0	0	0	0	0	0	0	0	0	0	0	116	0	0	0	0	0	0	0	0	0	4988	0	0	9706	43986	8410	1122	252	25652	3730	64842	9816	12174	3584	11018	3320	1130	1658	0	0	0	992	6584	13792	15544	2878	1786	1474	
541544	Cerebelum_Crus1_R	0	0	0	0	0	0	0	0	0	0	0	0	0	0	0	0	0	0	0	0	0	0	0	0	0	0	0	0	0	0	0	0	0	0	0	0	0	0	0	1622	0	0	0	0	0	0	1470	8440	0	0	0	0	0	206	408	13462	0	0	0	0	0	0	0	0	0	0	0	0	0	0	0	0	0	0	0	0	0	0	0	0	0	0	0	0	0	0	0	0	0	442	9706	0	4804	37230	620	3198	5720	29606	12936	65062	644	5682	1974	13740	530	3060	0	1226	0	1418	14832	14800	11802	3600	1690	842	
394076	Cerebelum_Crus2_L	0	0	0	0	0	0	0	0	0	0	0	0	0	0	0	0	0	0	0	0	0	0	0	0	0	0	0	0	0	0	0	0	0	0	0	0	0	0	110	0	0	0	0	0	0	0	1292	240	0	0	0	0	0	0	1080	0	0	0	0	0	0	0	0	0	0	0	0	0	0	0	0	0	0	0	0	0	0	0	0	0	0	0	0	0	0	0	0	0	454	0	43986	4804	0	11572	578	694	4824	1346	16712	4386	31726	5438	27962	5074	3404	1296	472	0	0	698	2852	5286	13574	4722	1404	1052	
341508	Cerebelum_Crus2_R	0	0	0	0	0	0	0	0	0	0	0	0	0	0	0	0	0	0	0	0	0	0	0	0	0	0	0	0	0	0	0	0	0	0	0	0	0	0	0	912	0	0	0	0	0	0	0	0	0	0	0	0	0	0	0	732	0	0	0	0	0	0	0	0	0	0	0	0	0	0	0	0	0	0	0	0	0	0	0	0	0	0	0	0	0	0	0	0	0	0	8410	37230	11572	0	0	3044	690	3922	2448	13576	4222	21228	3452	29272	104	3624	0	1578	0	1016	1252	2156	13020	5290	1562	442	
57480	Cerebelum_3_L	0	0	0	0	0	0	0	0	0	0	0	0	0	0	0	0	0	0	0	0	0	0	0	0	0	0	0	0	0	0	0	0	0	0	0	0	0	0	362	194	0	0	0	0	0	0	266	636	0	0	0	0	0	0	0	0	0	0	0	0	0	0	0	0	0	0	0	0	0	0	0	0	0	0	0	0	0	0	0	0	0	0	0	0	0	0	0	0	0	0	1122	620	578	0	0	336	8290	902	3604	902	164	0	890	130	1150	106	0	0	1138	2982	1974	876	738	360	182	238	
68980	Cerebelum_3_R	0	0	0	0	0	0	0	0	0	0	0	0	0	0	0	0	0	0	0	0	0	0	0	0	0	0	0	0	0	0	0	0	0	0	0	0	0	0	0	152	0	0	0	0	0	0	0	484	0	0	0	0	0	0	0	432	0	0	0	0	0	0	0	0	0	0	0	0	0	0	0	0	0	0	0	0	0	0	0	0	0	0	0	0	0	0	0	0	0	0	252	3198	694	3044	336	0	1040	5758	934	4848	92	746	854	2980	0	1434	0	0	242	2716	1730	134	478	970	942	0	
372916	Cerebelum_4_5_L	0	0	0	0	0	0	0	0	0	0	0	0	0	0	0	0	0	0	0	0	0	0	0	0	0	0	0	0	0	0	0	0	0	0	0	0	122	0	1666	148	0	0	126	0	0	0	12026	4286	0	0	0	0	456	0	12262	1354	0	0	0	0	0	0	0	0	0	0	0	0	0	0	0	0	0	0	0	0	0	0	0	0	0	0	0	0	0	0	0	0	808	0	25652	5720	4824	690	8290	1040	0	8106	45992	7154	1980	0	7256	582	4778	488	254	0	214	3644	17198	3904	2260	1074	900	1204	
317828	Cerebelum_4_5_R	0	0	0	0	0	0	0	0	0	0	0	0	0	0	0	0	0	0	0	0	0	0	0	0	0	0	0	0	0	0	0	0	0	0	0	0	0	508	0	4464	0	0	0	0	0	0	1044	9936	0	0	0	0	132	0	832	9888	0	0	0	0	0	0	0	0	0	0	0	246	0	0	0	0	0	144	0	0	0	0	0	0	0	0	0	0	0	0	0	0	0	0	3730	29606	1346	3922	902	5758	8106	0	8060	38340	0	626	794	2344	556	958	0	162	0	1948	18296	3694	1550	406	316	300	
596464	Cerebelum_6_L	0	0	0	0	0	0	0	0	0	0	0	0	0	0	0	0	0	0	0	0	0	0	0	0	0	0	0	0	0	0	0	0	0	0	0	0	144	0	1142	0	0	0	244	0	0	0	15458	6558	0	0	0	0	584	566	24720	2622	0	0	0	0	0	0	0	0	0	0	0	0	0	0	0	0	0	0	0	0	0	0	0	0	0	0	0	0	0	0	0	0	2980	0	64842	12936	16712	2448	3604	934	45992	8060	0	15468	4100	146	8500	1066	3066	1434	0	0	0	3012	16544	19566	9276	1870	1878	1760	
518552	Cerebelum_6_R	0	0	0	0	0	0	0	0	0	0	0	0	0	0	0	0	0	0	0	0	0	0	0	0	0	0	0	0	0	0	0	0	0	0	0	0	0	316	0	2514	0	0	0	0	0	0	2048	10292	0	0	0	0	0	780	514	15608	0	0	0	0	0	0	0	0	0	0	0	0	0	0	0	0	0	122	0	0	0	0	0	0	0	0	0	0	0	0	0	0	0	0	9816	65062	4386	13576	902	4848	7154	38340	15468	0	500	652	1896	4458	904	2898	0	1020	0	1682	17918	18846	10764	2424	1890	1678	
242832	Cerebelum_7b_L	0	0	0	0	0	0	0	0	0	0	0	0	0	0	0	0	0	0	0	0	0	0	0	0	0	0	0	0	0	0	0	0	0	0	0	0	0	0	0	0	0	0	0	0	0	0	0	0	0	0	0	0	0	0	418	0	0	0	0	0	0	0	0	0	0	0	0	0	0	0	0	0	0	0	0	0	0	0	0	0	0	0	0	0	0	0	0	0	0	0	12174	644	31726	4222	164	92	1980	0	4100	500	0	2996	36054	3722	7740	744	426	0	0	354	358	1054	5084	5216	982	666	
153732	Cerebelum_7b_R	0	0	0	0	0	0	0	0	0	0	0	0	0	0	0	0	0	0	0	0	0	0	0	0	0	0	0	0	0	0	0	0	0	0	0	0	0	0	0	0	0	0	0	0	0	0	0	0	0	0	0	0	0	0	0	0	0	0	0	0	0	0	0	0	0	0	0	0	0	0	0	0	0	0	0	0	0	0	0	0	0	0	0	0	0	0	0	0	0	0	3584	5682	5438	21228	0	746	0	626	146	652	2996	0	1812	20820	0	3404	0	796	0	264	134	248	5288	2552	450	0	
322132	Cerebelum_8_L	0	0	0	0	0	0	0	0	0	0	0	0	0	0	0	0	0	0	0	0	0	0	0	0	0	0	0	0	0	0	0	0	0	0	0	0	0	0	0	0	0	0	0	0	0	0	134	110	0	0	0	0	0	0	492	0	0	0	0	0	0	0	0	0	0	0	0	0	0	0	0	0	0	0	0	0	0	0	0	0	0	0	0	0	0	0	0	0	0	0	11018	1974	27962	3452	890	854	7256	794	8500	1896	36054	1812	0	6784	19528	1724	2098	0	0	1252	3296	1676	5766	10044	3754	1946	
284740	Cerebelum_8_R	0	0	0	0	0	0	0	0	0	0	0	0	0	0	0	0	0	0	0	0	0	0	0	0	0	0	0	0	0	0	0	0	0	0	0	0	0	0	0	146	0	0	0	0	0	0	0	0	0	0	0	0	0	0	0	0	0	0	0	0	0	0	0	0	0	0	0	0	0	0	0	0	0	0	0	0	0	0	0	0	0	0	0	0	0	0	0	0	0	0	3320	13740	5074	29272	130	2980	582	2344	1066	4458	3722	20820	6784	0	580	19440	0	2968	0	1138	858	1172	5764	11058	4056	898	
120044	Cerebelum_9_L	0	0	0	0	0	0	0	0	0	0	0	0	0	0	0	0	0	0	0	0	0	0	0	0	0	0	0	0	0	0	0	0	0	0	0	0	0	0	0	0	0	0	0	0	0	0	0	0	0	0	0	0	0	0	186	0	0	0	0	0	0	0	0	0	0	0	0	0	0	0	0	0	0	0	0	0	0	0	0	0	0	0	0	0	0	0	0	0	0	0	1130	530	3404	104	1150	0	4778	556	3066	904	7740	0	19528	580	0	2270	3048	0	0	530	1478	1764	1996	1854	2288	1138	
143240	Cerebelum_9_R	0	0	0	0	0	0	0	0	0	0	0	0	0	0	0	0	0	0	0	0	0	0	0	0	0	0	0	0	0	0	0	0	0	0	0	0	0	0	0	0	0	0	0	0	0	0	0	306	0	0	0	0	0	0	0	0	0	0	0	0	0	0	0	0	0	0	0	0	0	0	0	0	0	0	0	0	0	0	0	0	0	0	0	0	0	0	0	0	0	0	1658	3060	1296	3624	106	1434	488	958	1434	2898	744	3404	1724	19440	2270	0	0	2376	0	960	934	2670	3756	4620	7888	3572	
12596	Cerebelum_10_L	0	0	0	0	0	0	0	0	0	0	0	0	0	0	0	0	0	0	0	0	0	0	0	0	0	0	0	0	0	0	0	0	0	0	0	0	0	0	0	0	0	0	0	0	0	0	0	0	0	0	0	0	0	0	0	0	0	0	0	0	0	0	0	0	0	0	0	0	0	0	0	0	0	0	0	0	0	0	0	0	0	0	0	0	0	0	0	0	0	0	0	0	472	0	0	0	254	0	0	0	426	0	2098	0	3048	0	0	0	0	0	0	0	0	0	0	0	
20444	Cerebelum_10_R	0	0	0	0	0	0	0	0	0	0	0	0	0	0	0	0	0	0	0	0	0	0	0	0	0	0	0	0	0	0	0	0	0	0	0	0	0	0	0	0	0	0	0	0	0	0	0	0	0	0	0	0	0	0	0	0	0	0	0	0	0	0	0	0	0	0	0	0	0	0	0	0	0	0	0	0	0	0	0	0	0	0	0	0	0	0	0	0	0	0	0	1226	0	1578	0	0	0	162	0	1020	0	796	0	2968	0	2376	0	0	0	0	0	0	0	96	0	0	
8556	Vermis_1_2	0	0	0	0	0	0	0	0	0	0	0	0	0	0	0	0	0	0	0	0	0	0	0	0	0	0	0	0	0	0	0	0	0	0	0	0	0	0	0	0	0	0	0	0	0	0	0	0	0	0	0	0	0	0	0	0	0	0	0	0	0	0	0	0	0	0	0	0	0	0	0	0	0	0	0	0	0	0	0	0	0	0	0	0	0	0	0	0	0	0	0	0	0	0	1138	242	214	0	0	0	0	0	0	0	0	0	0	0	0	2538	146	0	0	0	0	0	
69096	Vermis_3	0	0	0	0	0	0	0	0	0	0	0	0	0	0	0	0	0	0	0	0	0	0	0	0	0	0	0	0	0	0	0	0	0	0	0	0	182	0	300	0	0	0	0	0	0	0	0	378	0	0	0	0	0	0	0	0	0	0	0	0	0	0	0	0	0	0	0	0	0	0	0	0	0	0	0	0	0	0	0	0	0	0	0	0	0	0	0	0	0	0	992	1418	698	1016	2982	2716	3644	1948	3012	1682	354	264	1252	1138	530	960	0	0	2538	0	3668	486	660	758	852	120	
282920	Vermis_4_5	0	0	0	0	0	0	0	0	0	0	0	0	0	0	0	0	0	0	0	0	0	0	0	0	0	0	0	0	0	0	0	0	0	0	0	188	0	0	0	162	0	0	158	0	0	0	2788	8976	0	0	0	0	230	0	1686	2440	0	0	0	0	0	0	0	0	0	0	118	536	0	0	0	0	0	0	0	0	0	0	0	0	0	0	0	0	0	0	0	0	0	0	6584	14832	2852	1252	1974	1730	17198	18296	16544	17918	358	134	3296	858	1478	934	0	0	146	3668	0	8578	1942	644	1006	1956	
265748	Vermis_6	0	0	0	0	0	0	0	0	0	0	0	0	0	0	0	0	0	0	0	0	0	0	0	0	0	0	0	0	0	0	0	0	0	0	0	0	0	0	0	0	0	0	0	0	0	0	3122	6482	0	0	0	0	0	766	846	2762	0	0	0	0	0	0	0	0	0	0	0	0	0	0	0	0	0	0	0	0	0	0	0	0	0	0	0	0	0	0	0	0	0	0	13792	14800	5286	2156	876	134	3904	3694	19566	18846	1054	248	1676	1172	1764	2670	0	0	0	486	8578	0	9970	1924	2794	3506	
272208	Vermis_7	0	0	0	0	0	0	0	0	0	0	0	0	0	0	0	0	0	0	0	0	0	0	0	0	0	0	0	0	0	0	0	0	0	0	0	0	0	0	0	0	0	0	0	0	0	0	492	610	0	0	0	0	0	0	448	0	0	0	0	0	0	0	0	0	0	0	0	0	0	0	0	0	0	0	0	0	0	0	0	0	0	0	0	0	0	0	0	0	0	0	15544	11802	13574	13020	738	478	2260	1550	9276	10764	5084	5288	5766	5764	1996	3756	0	0	0	660	1942	9970	0	7176	4640	3506	
