data	data	248880	188932	808916	679532	144436	67908	364512	172180	79828	13068	191252	168776	182704	108136	137172	143068	261924	190592	608176	628856	160136	166360	232168	267648	34036	113660	85376	134832	580820	468608	265320	456944	115724	495372	139924	133164	261412	277904	93096	160180	56168	80768	245564	242232	181372	278628	253248	244448	193184	315492	585544	194732	212472	67264	325316	353464	301932	212232	214960	73876	186432	80760	129444	97760	155912	122776	371988	431468	139384	256784	339384	433124	416844	336356	69012	25864	156064	180240	58376	30132	192740	171828	79844	89852	336116	196216	18220	53520	289964	171112	429268	391624	287860	300868	26856	48604	247184	234624	442596	404636	253332	119464	303396	303384	140192	184792	21844	37000	16864	31652	208608	184844	170820	110432	86468	46252	
data	data	Precentral_L	Precentral_R	Frontal_Sup_L	Frontal_Sup_R	Frontal_Sup_Orb_L	Frontal_Sup_Orb_R	Frontal_Mid_L	Frontal_Mid_R	Frontal_Mid_Orb_L	Frontal_Mid_Orb_R	Frontal_Inf_Oper_L	Frontal_Inf_Oper_R	Frontal_Inf_Tri_L	Frontal_Inf_Tri_R	Frontal_Inf_Orb_L	Frontal_Inf_Orb_R	Rolandic_Oper_L	Rolandic_Oper_R	Supp_Motor_Area_L	Supp_Motor_Area_R	Olfactory_L	Olfactory_R	Frontal_Sup_Medial_L	Frontal_Sup_Medial_R	Frontal_Med_Orb_L	Frontal_Med_Orb_R	Rectus_L	Rectus_R	Insula_L	Insula_R	Cingulum_Ant_L	Cingulum_Ant_R	Cingulum_Mid_L	Cingulum_Mid_R	Cingulum_Post_L	Cingulum_Post_R	Hippocampus_L	Hippocampus_R	ParaHippocampal_L	ParaHippocampal_R	Amygdala_L	Amygdala_R	Calcarine_L	Calcarine_R	Cuneus_L	Cuneus_R	Lingual_L	Lingual_R	Occipital_Sup_L	Occipital_Sup_R	Occipital_Mid_L	Occipital_Mid_R	Occipital_Inf_L	Occipital_Inf_R	Fusiform_L	Fusiform_R	Postcentral_L	Postcentral_R	Parietal_Sup_L	Parietal_Sup_R	Parietal_Inf_L	Parietal_Inf_R	SupraMarginal_L	SupraMarginal_R	Angular_L	Angular_R	Precuneus_L	Precuneus_R	Paracentral_Lobule_L	Paracentral_Lobule_R	Caudate_L	Caudate_R	Putamen_L	Putamen_R	Pallidum_L	Pallidum_R	Thalamus_L	Thalamus_R	Heschl_L	Heschl_R	Temporal_Sup_L	Temporal_Sup_R	Temporal_Pole_Sup_L	Temporal_Pole_Sup_R	Temporal_Mid_L	Temporal_Mid_R	Temporal_Pole_Mid_L	Temporal_Pole_Mid_R	Temporal_Inf_L	Temporal_Inf_R	Cerebelum_Crus1_L	Cerebelum_Crus1_R	Cerebelum_Crus2_L	Cerebelum_Crus2_R	Cerebelum_3_L	Cerebelum_3_R	Cerebelum_4_5_L	Cerebelum_4_5_R	Cerebelum_6_L	Cerebelum_6_R	Cerebelum_7b_L	Cerebelum_7b_R	Cerebelum_8_L	Cerebelum_8_R	Cerebelum_9_L	Cerebelum_9_R	Cerebelum_10_L	Cerebelum_10_R	Vermis_1_2	Vermis_3	Vermis_4_5	Vermis_6	Vermis_7	Vermis_8	Vermis_9	Vermis_10	
248880	Precentral_L	0	864	13770	1282	0	0	17086	448	0	0	8174	0	1416	0	0	0	7088	86	7114	1608	0	0	0	0	0	0	0	0	5120	120	0	0	0	708	2412	1694	3880	982	104	212	0	0	0	0	0	0	0	152	0	94	946	0	810	0	0	230	18210	0	492	0	4728	0	850	0	1096	0	104	486	7430	444	630	862	3260	72	166	0	5412	678	512	0	676	0	0	0	1072	0	0	0	860	0	0	0	0	0	0	0	0	0	0	0	0	0	0	0	0	0	0	0	0	0	0	0	0	0	0	0	
188932	Precentral_R	864	0	640	12488	0	0	312	6690	0	0	70	2706	0	88	0	0	94	922	4694	18508	0	0	0	0	0	0	0	0	154	536	78	94	628	5338	382	348	160	1916	0	384	0	0	0	76	0	498	0	80	118	626	732	82	0	290	0	1838	166	7012	550	96	0	802	0	1806	0	290	564	1026	3650	4564	1520	1186	1058	840	1228	332	972	2798	0	0	0	220	0	0	0	250	0	0	0	1102	0	0	0	0	0	0	0	0	0	0	0	0	0	0	0	0	0	0	0	0	0	0	0	0	0	0	
808916	Frontal_Sup_L	13770	640	0	8898	8246	0	61038	1020	4322	0	12118	844	12734	0	5418	108	13474	3058	64268	11982	242	0	30704	2660	2142	0	860	0	30980	3724	9790	3178	2616	2874	1880	1626	9684	964	494	194	0	0	0	0	0	0	0	144	0	0	178	0	130	0	272	192	5662	0	342	0	1804	0	752	0	650	0	182	456	3362	0	6852	6950	32408	1702	4346	84	7202	1420	986	0	280	186	580	0	246	0	0	0	258	0	0	0	0	0	0	0	102	0	0	0	0	0	0	0	0	0	0	0	0	180	0	0	0	0	0	0	
679532	Frontal_Sup_R	1282	12488	8898	0	0	3282	466	27636	0	470	288	11038	70	7508	0	9926	112	10740	16398	54028	656	1258	3986	24206	0	2926	0	1796	504	27026	1748	27682	2314	20810	78	422	370	2034	0	262	0	0	0	0	0	0	0	0	0	0	0	0	0	0	0	136	72	1006	0	0	0	0	0	168	0	0	0	0	1084	0	5028	15868	2144	10584	1032	1446	1934	13234	0	0	0	3322	0	0	0	0	0	0	0	0	0	0	0	0	0	0	0	0	0	0	0	0	0	0	0	0	0	0	0	0	0	0	0	0	0	0	
144436	Frontal_Sup_Orb_L	0	0	8246	0	0	0	2606	0	10890	0	0	0	1870	0	12080	0	0	0	178	0	5338	158	2818	0	2478	0	8946	0	8144	0	2324	94	0	0	0	0	92	0	288	0	548	0	0	0	0	0	0	0	0	0	0	0	0	0	0	0	0	0	0	0	0	0	0	0	0	0	0	0	0	0	832	0	3444	0	0	0	0	0	0	0	0	0	730	0	0	0	114	0	0	0	0	0	0	0	0	0	0	0	0	0	0	0	0	0	0	0	0	0	0	0	0	0	0	0	0	0	
67908	Frontal_Sup_Orb_R	0	0	0	3282	0	0	0	408	0	1600	0	0	0	126	0	3746	0	0	0	0	908	2630	0	1926	80	6326	0	7834	0	976	114	672	0	0	0	0	0	0	0	0	0	0	0	0	0	0	0	0	0	0	0	0	0	0	0	0	0	0	0	0	0	0	0	0	0	0	0	0	0	0	910	1734	0	682	0	0	0	0	0	0	0	0	0	0	0	0	0	0	0	0	0	0	0	0	0	0	0	0	0	0	0	0	0	0	0	0	0	0	0	0	0	0	0	0	0	0	
364512	Frontal_Mid_L	17086	312	61038	466	2606	0	0	260	3230	0	8292	0	23316	0	4454	0	4396	380	7954	622	0	0	8078	426	0	0	0	0	16700	504	1160	340	648	272	134	0	2500	66	100	0	0	0	0	0	0	0	0	0	0	0	0	0	0	0	130	0	2688	0	110	0	2666	0	180	0	178	0	66	0	136	0	1426	1146	6476	276	112	0	330	270	504	0	70	0	70	0	82	0	0	0	0	0	0	0	0	0	0	0	0	0	0	0	0	0	0	0	0	0	0	0	0	0	0	0	0	0	0	0	
172180	Frontal_Mid_R	448	6690	1020	27636	0	408	260	0	0	432	104	8482	0	10822	0	2538	70	1146	1308	2936	0	0	200	696	0	0	0	0	146	5438	0	848	0	890	0	378	100	1600	0	110	0	0	0	0	0	0	0	0	0	0	0	0	0	0	0	96	0	328	0	0	0	0	0	118	0	0	0	0	222	0	1034	856	414	2744	204	200	850	3990	0	0	0	328	0	0	0	0	0	0	0	0	0	0	0	0	0	0	0	0	0	0	0	0	0	0	0	0	0	0	0	0	0	0	0	0	0	0	
79828	Frontal_Mid_Orb_L	0	0	4322	0	10890	0	3230	0	0	0	0	0	2284	0	11434	0	0	0	0	0	978	0	0	0	0	0	2206	0	3548	0	96	0	0	0	0	0	0	0	0	0	80	0	0	0	0	0	0	0	0	0	0	0	0	0	0	0	0	0	0	0	0	0	0	0	0	0	0	0	0	0	88	0	520	0	0	0	0	0	0	0	0	0	238	0	0	0	0	0	0	0	0	0	0	0	0	0	0	0	0	0	0	0	0	0	0	0	0	0	0	0	0	0	0	0	0	0	
13068	Frontal_Mid_Orb_R	0	0	0	470	0	1600	0	432	0	0	0	0	0	0	0	4032	0	0	0	0	0	0	0	0	0	0	0	0	0	0	0	0	0	0	0	0	0	0	0	0	0	0	0	0	0	0	0	0	0	0	0	0	0	0	0	0	0	0	0	0	0	0	0	0	0	0	0	0	0	0	0	0	0	0	0	0	0	0	0	0	0	0	0	0	0	0	0	0	0	0	0	0	0	0	0	0	0	0	0	0	0	0	0	0	0	0	0	0	0	0	0	0	0	0	0	0	
191252	Frontal_Inf_Oper_L	8174	70	12118	288	0	0	8292	104	0	0	0	80	10640	0	68	0	12532	132	7348	218	0	0	446	132	0	0	0	0	21934	208	664	194	132	68	0	0	1296	0	102	0	0	0	0	0	0	0	0	0	0	0	0	0	0	0	0	0	3284	0	0	0	184	0	0	0	0	0	0	0	0	0	1066	322	4254	0	0	0	0	0	330	0	246	0	700	0	0	0	0	0	0	0	0	0	0	0	0	0	0	0	0	0	0	0	0	0	0	0	0	0	0	0	0	0	0	0	0	0	
168776	Frontal_Inf_Oper_R	0	2706	844	11038	0	0	0	8482	0	0	80	0	0	6046	0	772	0	12610	1978	5178	0	0	302	200	0	0	0	0	172	17994	672	1878	182	2158	0	0	0	390	0	0	0	0	0	0	0	0	0	0	0	0	0	0	0	0	0	0	0	554	0	0	0	0	0	72	0	0	0	0	0	0	684	1382	122	2370	0	464	0	1054	0	96	0	3604	0	304	0	0	0	0	0	0	0	0	0	0	0	0	0	0	0	0	0	0	0	0	0	0	0	0	0	0	0	0	0	0	0	0	
182704	Frontal_Inf_Tri_L	1416	0	12734	70	1870	0	23316	0	2284	0	10640	0	0	0	6866	0	1404	102	1860	88	68	0	1562	130	0	0	0	0	20548	106	2154	74	66	0	0	0	84	0	0	0	0	0	0	0	0	0	0	0	0	0	0	0	0	0	0	0	358	0	0	0	0	0	0	0	0	0	0	0	0	0	738	138	2494	0	0	0	0	0	0	0	0	0	182	0	0	0	0	0	0	0	0	0	0	0	0	0	0	0	0	0	0	0	0	0	0	0	0	0	0	0	0	0	0	0	0	0	
108136	Frontal_Inf_Tri_R	0	88	0	7508	0	126	0	10822	0	0	0	6046	0	0	0	8968	0	1760	116	188	0	208	0	1968	0	0	0	216	0	10192	106	1372	0	156	0	0	0	0	0	0	0	0	0	0	0	0	0	0	0	0	0	0	0	0	0	0	0	0	0	0	0	0	0	0	0	0	0	0	0	0	178	1090	0	2844	0	0	0	0	0	0	0	116	0	0	0	0	0	0	0	0	0	0	0	0	0	0	0	0	0	0	0	0	0	0	0	0	0	0	0	0	0	0	0	0	0	0	
137172	Frontal_Inf_Orb_L	0	0	5418	0	12080	0	4454	0	11434	0	68	0	6866	0	0	0	252	0	148	0	3374	0	518	0	0	0	2604	0	13938	0	382	0	0	0	0	0	0	0	202	0	326	0	0	0	0	0	0	0	0	0	0	0	0	0	0	0	0	0	0	0	0	0	0	0	0	0	0	0	0	0	448	0	1420	0	0	0	0	0	0	0	1370	0	2926	0	114	0	176	0	68	0	0	0	0	0	0	0	0	0	0	0	0	0	0	0	0	0	0	0	0	0	0	0	0	0	0	0	
143068	Frontal_Inf_Orb_R	0	0	108	9926	0	3746	0	2538	0	4032	0	772	0	8968	0	0	0	728	240	372	284	1858	152	5066	0	890	0	1662	0	12820	290	3416	0	428	0	0	0	138	0	66	0	262	0	0	0	0	0	0	0	0	0	0	0	0	0	786	0	0	0	0	0	0	0	0	0	0	0	0	0	0	490	2504	78	4546	0	0	0	0	0	0	0	938	0	3022	0	78	0	206	0	124	0	0	0	0	0	0	0	0	0	0	0	0	0	0	0	0	0	0	0	0	0	0	0	0	0	0	
261924	Rolandic_Oper_L	7088	94	13474	112	0	0	4396	70	0	0	12532	0	1404	0	252	0	0	0	8320	74	0	0	348	0	0	0	0	0	30634	80	122	0	0	0	136	70	1988	68	106	0	0	0	0	0	0	0	0	0	122	0	756	0	404	0	74	0	18144	0	1274	0	3092	0	3356	0	778	0	772	0	158	0	308	102	2912	0	226	0	682	0	5646	0	5880	0	870	0	2914	0	0	0	1124	0	0	0	0	0	0	0	0	0	0	0	0	0	0	0	0	0	0	0	0	0	0	0	0	0	0	0	
190592	Rolandic_Oper_R	86	922	3058	10740	0	0	380	1146	0	0	132	12610	102	1760	0	728	0	0	3422	5572	0	0	144	138	0	0	0	0	268	22030	334	930	212	1108	0	86	0	692	0	0	0	0	0	94	0	342	0	0	0	462	0	0	0	0	0	76	0	1906	0	0	88	0	0	2630	0	0	116	890	0	604	1468	4590	696	3412	0	508	0	1502	0	972	0	7916	0	358	0	66	0	0	0	0	0	0	0	0	0	0	0	0	0	0	0	0	0	0	0	0	0	0	0	0	0	0	0	0	0	0	
608176	Supp_Motor_Area_L	7114	4694	64268	16398	178	0	7954	1308	0	0	7348	1978	1860	116	148	240	8320	3422	0	45416	0	0	5906	3976	0	0	0	0	12746	5174	2710	7296	8732	24680	2578	844	4170	558	380	68	0	0	0	124	0	580	0	0	0	802	0	82	0	0	0	122	3176	280	164	0	192	0	596	0	212	0	126	1260	6764	832	2000	4348	15912	1662	4572	0	7206	914	368	0	244	232	466	0	0	0	0	0	0	84	0	0	0	0	0	0	68	0	0	0	0	0	0	0	0	0	0	0	0	120	0	0	0	0	0	0	
628856	Supp_Motor_Area_R	1608	18508	11982	54028	0	0	622	2936	0	0	218	5178	88	188	0	372	74	5572	45416	0	0	0	2256	6292	0	0	0	0	328	11220	1274	13346	5370	51284	1242	2260	262	380	0	0	0	0	0	330	0	1410	0	66	0	2422	340	330	0	308	0	612	0	4692	348	630	0	204	0	372	0	232	526	3168	4964	13810	3164	11242	2388	4602	1958	1248	1242	9382	0	0	0	874	0	0	0	468	0	0	0	792	0	0	0	0	0	0	0	0	0	0	0	0	0	0	0	0	0	0	0	0	0	0	0	0	0	0	
160136	Olfactory_L	0	0	242	656	5338	908	0	0	978	0	0	0	68	0	3374	284	0	0	0	0	0	10012	144	972	878	2650	6360	4552	7230	1056	5948	4942	0	0	0	0	620	0	826	0	1422	0	0	0	0	0	0	0	0	0	0	0	0	0	196	0	0	0	0	0	0	0	0	0	0	0	0	0	0	0	11016	4638	3036	1024	0	0	0	0	0	0	0	0	628	0	0	0	70	0	0	0	0	0	0	0	0	0	0	0	0	0	0	0	0	0	0	0	0	0	0	0	0	0	0	0	0	0	
166360	Olfactory_R	0	0	0	1258	158	2630	0	0	0	0	0	0	0	208	0	1858	0	0	0	0	10012	0	0	1846	274	5476	2400	11000	1564	3788	4114	7216	0	0	0	0	0	80	66	112	0	240	0	0	0	0	0	0	0	0	0	0	0	0	0	0	0	0	0	0	0	0	0	0	0	0	0	0	0	0	12084	9466	2996	4334	0	0	0	0	0	0	0	0	0	0	0	0	0	0	0	0	0	0	0	0	0	0	0	0	0	0	0	0	0	0	0	0	0	0	0	0	0	0	0	0	0	0	
232168	Frontal_Sup_Medial_L	0	0	30704	3986	2818	0	8078	200	0	0	446	302	1562	0	518	152	348	144	5906	2256	144	0	0	12578	2612	130	844	0	2656	488	14016	10318	3086	6776	0	0	0	0	0	0	0	0	0	0	0	0	0	0	0	0	0	0	0	0	0	0	0	0	0	0	0	0	0	0	0	0	0	0	0	0	558	936	3208	314	0	0	0	0	0	0	0	0	0	0	0	0	0	0	0	0	0	0	0	0	0	0	0	0	0	0	0	0	0	0	0	0	0	0	0	0	0	0	0	0	0	0	
267648	Frontal_Sup_Medial_R	0	0	2660	24206	0	1926	426	696	0	0	132	200	130	1968	0	5066	0	138	3976	6292	972	1846	12578	0	180	4910	0	2648	306	4346	4020	23104	326	13134	0	0	0	0	0	0	0	0	0	0	0	0	0	0	0	0	0	0	0	0	0	0	0	0	0	0	0	0	0	0	0	0	0	0	0	0	2430	8118	692	6398	0	0	0	0	0	0	0	0	0	0	0	0	0	0	0	0	0	0	0	0	0	0	0	0	0	0	0	0	0	0	0	0	0	0	0	0	0	0	0	0	0	0	
34036	Frontal_Med_Orb_L	0	0	2142	0	2478	80	0	0	0	0	0	0	0	0	0	0	0	0	0	0	878	274	2612	180	0	362	2890	262	88	0	3932	414	0	0	0	0	0	0	0	0	0	0	0	0	0	0	0	0	0	0	0	0	0	0	0	0	0	0	0	0	0	0	0	0	0	0	0	0	0	0	426	0	0	0	0	0	0	0	0	0	0	0	0	0	0	0	0	0	0	0	0	0	0	0	0	0	0	0	0	0	0	0	0	0	0	0	0	0	0	0	0	0	0	0	0	0	
113660	Frontal_Med_Orb_R	0	0	0	2926	0	6326	0	0	0	0	0	0	0	0	0	890	0	0	0	0	2650	5476	130	4910	362	0	570	11302	182	1604	3120	7434	0	0	0	0	0	0	0	0	0	0	0	0	0	0	0	0	0	0	0	0	0	0	0	0	0	0	0	0	0	0	0	0	0	0	0	0	0	0	2288	4030	520	2110	0	0	0	0	0	0	0	0	0	0	0	0	0	0	0	0	0	0	0	0	0	0	0	0	0	0	0	0	0	0	0	0	0	0	0	0	0	0	0	0	0	0	
85376	Rectus_L	0	0	860	0	8946	0	0	0	2206	0	0	0	0	0	2604	0	0	0	0	0	6360	2400	844	0	2890	570	0	974	2724	0	5724	1764	0	0	0	0	0	0	0	0	262	0	0	0	0	0	0	0	0	0	0	0	0	0	0	0	0	0	0	0	0	0	0	0	0	0	0	0	0	0	2520	126	760	0	0	0	0	0	0	0	0	0	154	0	0	0	0	0	0	0	0	0	0	0	0	0	0	0	0	0	0	0	0	0	0	0	0	0	0	0	0	0	0	0	0	0	
134832	Rectus_R	0	0	0	1796	0	7834	0	0	0	0	0	0	0	216	0	1662	0	0	0	0	4552	11000	0	2648	262	11302	974	0	432	2152	2394	6836	0	0	0	0	0	0	0	0	0	0	0	0	0	0	0	0	0	0	0	0	0	0	0	0	0	0	0	0	0	0	0	0	0	0	0	0	0	0	4094	5238	1178	2846	0	0	0	0	0	0	0	0	0	0	0	0	0	0	0	0	0	0	0	0	0	0	0	0	0	0	0	0	0	0	0	0	0	0	0	0	0	0	0	0	0	0	
580820	Insula_L	5120	154	30980	504	8144	0	16700	146	3548	0	21934	172	20548	0	13938	0	30634	268	12746	328	7230	1564	2656	306	88	182	2724	432	0	522	5860	1548	224	98	214	118	17708	102	3044	0	5024	0	0	0	0	0	0	0	80	0	690	0	464	0	3912	0	4934	0	152	0	830	0	358	0	152	0	296	0	108	0	4878	996	23520	238	110	0	1472	68	5884	0	8988	0	3418	0	6938	0	170	0	6032	0	0	0	0	0	0	0	70	0	0	0	0	0	0	0	0	0	0	0	0	144	0	0	0	0	0	0	
468608	Insula_R	120	536	3724	27026	0	976	504	5438	0	0	208	17994	106	10192	0	12820	80	22030	5174	11220	1056	3788	488	4346	0	1604	0	2152	522	0	1884	8180	534	3566	0	126	74	5006	0	628	0	866	0	0	0	80	0	0	0	106	0	0	0	0	0	2296	0	606	0	0	116	66	0	722	0	70	0	192	0	138	5448	12942	1676	24646	0	472	130	3494	0	3738	0	14946	0	3126	0	3880	0	238	0	2208	0	0	0	0	0	0	0	0	0	0	0	0	0	0	0	0	0	0	0	0	0	0	0	0	0	0	
265320	Cingulum_Ant_L	0	78	9790	1748	2324	114	1160	0	96	0	664	672	2154	106	382	290	122	334	2710	1274	5948	4114	14016	4020	3932	3120	5724	2394	5860	1884	0	18844	4540	2264	758	0	0	0	0	0	0	0	0	0	0	0	0	0	0	0	0	0	0	0	0	0	0	0	0	0	0	0	0	0	0	0	0	0	166	0	12232	4912	10464	3122	0	0	168	88	0	0	0	72	0	0	0	0	0	0	0	0	0	0	0	0	0	0	0	0	0	0	0	0	0	0	0	0	0	0	0	0	0	0	0	0	0	0	
456944	Cingulum_Ant_R	0	94	3178	27682	94	672	340	848	0	0	194	1878	74	1372	0	3416	0	930	7296	13346	4942	7216	10318	23104	414	7434	1764	6836	1548	8180	18844	0	3752	20898	0	0	0	0	0	0	0	0	0	0	0	0	0	0	0	0	0	0	0	0	0	0	0	0	0	0	0	0	0	0	0	0	0	0	0	0	7482	24086	2666	17076	0	0	106	274	0	0	0	118	0	0	0	0	0	0	0	0	0	0	0	0	0	0	0	0	0	0	0	0	0	0	0	0	0	0	0	0	0	0	0	0	0	0	
115724	Cingulum_Mid_L	0	628	2616	2314	0	0	648	0	0	0	132	182	66	0	0	0	0	212	8732	5370	0	0	3086	326	0	0	0	0	224	534	4540	3752	0	9686	3236	434	0	0	0	0	0	0	0	0	0	0	0	0	608	0	1310	0	76	0	0	158	78	68	902	0	0	0	0	0	0	0	2766	484	3522	172	66	238	374	72	0	0	0	0	0	0	0	0	0	0	104	0	0	0	74	72	0	0	0	0	0	0	0	0	0	0	0	0	0	0	0	0	0	0	0	0	0	0	0	0	0	0	
495372	Cingulum_Mid_R	708	5338	2874	20810	0	0	272	890	0	0	68	2158	0	156	0	428	0	1108	24680	51284	0	0	6776	13134	0	0	0	0	98	3566	2264	20898	9686	0	1298	4230	0	84	0	0	0	0	0	1930	0	4892	0	186	0	8822	308	1578	0	486	0	958	0	8884	328	870	0	244	0	206	0	364	1132	13968	3256	20146	562	1414	74	1316	0	0	0	80	0	0	0	350	0	0	0	1284	0	0	0	1240	0	0	0	0	0	0	0	0	0	0	0	0	0	0	0	0	0	0	0	0	0	0	0	0	0	0	
139924	Cingulum_Post_L	2412	382	1880	78	0	0	134	0	0	0	0	0	0	0	0	0	136	0	2578	1242	0	0	0	0	0	0	0	0	214	0	758	0	3236	1298	0	7394	5986	2864	1478	644	0	0	3312	0	2942	0	578	466	1224	86	3372	0	572	0	76	1104	168	96	1212	0	116	0	266	74	278	0	8530	1736	3328	940	0	0	242	0	0	0	3524	404	0	0	0	0	0	0	1440	0	0	0	862	300	0	0	0	0	0	0	0	0	0	0	0	0	0	0	0	0	0	0	0	0	0	0	0	0	0	0	
133164	Cingulum_Post_R	1694	348	1626	422	0	0	0	378	0	0	0	0	0	0	0	0	70	86	844	2260	0	0	0	0	0	0	0	0	118	126	0	0	434	4230	7394	0	2904	5682	0	998	0	0	0	2144	0	702	0	1954	0	680	0	616	0	1012	0	3712	0	770	0	0	0	68	0	378	0	164	230	9402	1344	2914	314	134	104	86	66	0	4902	1712	0	0	0	276	0	0	0	986	0	0	0	2298	0	0	0	0	0	0	0	0	0	0	0	0	0	0	0	0	0	0	0	0	0	0	0	0	0	0	
261412	Hippocampus_L	3880	160	9684	370	92	0	2500	100	0	0	1296	0	84	0	0	0	1988	0	4170	262	620	0	0	0	0	0	0	0	17708	74	0	0	0	0	5986	2904	0	1468	13734	196	9572	0	1480	0	124	0	2352	240	0	0	174	0	236	0	13030	116	1444	0	0	0	500	0	0	0	0	0	2766	790	786	0	150	78	13972	0	942	0	5308	194	1722	0	1518	0	384	0	790	0	90	0	4194	0	142	0	0	0	70	0	0	0	0	0	0	0	0	0	0	0	0	0	0	266	0	0	0	0	0	0	
277904	Hippocampus_R	982	1916	964	2034	0	0	66	1600	0	0	0	390	0	0	0	138	68	692	558	380	0	80	0	0	0	0	0	0	102	5006	0	0	0	84	2864	5682	1468	0	0	25186	0	11802	0	476	0	118	0	2968	0	154	0	0	0	116	0	26730	0	536	0	0	0	66	0	742	0	232	0	3410	814	130	208	240	90	10174	68	1096	2864	6630	0	192	0	2482	0	2126	0	1996	0	538	0	8612	0	184	0	0	0	890	0	1024	0	984	0	0	0	0	0	0	0	0	0	0	0	0	0	0	0	0	
93096	ParaHippocampal_L	104	0	494	0	288	0	100	0	0	0	102	0	0	0	202	0	106	0	380	0	826	66	0	0	0	0	0	0	3044	0	0	0	0	0	1478	0	13734	0	0	0	5378	0	932	0	66	0	3568	0	0	0	594	0	762	0	7322	0	66	0	0	0	0	0	0	0	0	0	1754	0	0	0	106	0	2166	0	236	0	116	0	0	0	112	0	666	0	154	0	136	0	946	0	72	0	0	0	114	0	102	0	74	0	0	0	0	0	0	0	0	0	0	182	0	0	0	0	0	0	
160180	ParaHippocampal_R	212	384	194	262	0	0	0	110	0	0	0	0	0	0	0	66	0	0	68	0	0	112	0	0	0	0	0	0	0	628	0	0	0	0	644	998	196	25186	0	0	0	10546	0	84	0	0	0	2216	0	0	0	0	0	0	0	20830	0	0	0	0	0	0	0	0	0	0	0	688	146	0	0	0	0	2450	0	556	398	1388	0	0	0	516	0	4776	0	334	0	1838	0	1682	0	150	0	0	0	894	0	1178	0	360	0	0	0	0	0	0	0	0	0	0	0	0	0	0	0	0	
56168	Amygdala_L	0	0	0	0	548	0	0	0	80	0	0	0	0	0	326	0	0	0	0	0	1422	0	0	0	0	0	262	0	5024	0	0	0	0	0	0	0	9572	0	5378	0	0	0	0	0	0	0	0	0	0	0	0	0	0	0	3540	0	0	0	0	0	0	0	0	0	0	0	0	0	0	0	0	0	1080	0	0	0	0	0	0	0	0	0	300	0	0	0	0	0	552	0	0	0	0	0	0	0	0	0	0	0	0	0	0	0	0	0	0	0	0	0	0	0	0	0	0	0	
80768	Amygdala_R	0	0	0	0	0	0	0	0	0	0	0	0	0	0	0	262	0	0	0	0	0	240	0	0	0	0	0	0	0	866	0	0	0	0	0	0	0	11802	0	10546	0	0	0	0	0	0	0	0	0	0	0	0	0	0	0	7578	0	0	0	0	0	0	0	0	0	0	0	0	0	0	0	104	0	2284	0	0	0	66	0	0	0	0	0	4412	0	0	0	488	0	278	0	0	0	0	0	798	0	660	0	0	0	0	0	0	0	0	0	0	0	0	0	0	0	0	0	0	
245564	Calcarine_L	0	0	0	0	0	0	0	0	0	0	0	0	0	0	0	0	0	0	0	0	0	0	0	0	0	0	0	0	0	0	0	0	0	0	3312	0	1480	0	932	0	0	0	0	5334	14444	3306	13736	1962	10358	656	31846	108	10982	0	4030	0	0	0	680	0	0	0	326	0	372	0	15008	132	158	0	0	0	0	0	0	0	0	0	0	0	0	0	0	0	1498	0	0	0	788	0	1006	0	0	0	0	0	68	0	110	0	0	0	0	0	0	0	0	0	0	0	150	0	0	0	0	0	
242232	Calcarine_R	0	76	0	0	0	0	0	0	0	0	0	0	0	0	0	0	0	94	124	330	0	0	0	0	0	0	0	0	0	0	0	0	0	1930	0	2144	0	476	0	84	0	0	5334	0	3748	19582	2116	17796	484	13038	72	13914	0	4716	0	6604	0	1238	0	0	0	0	0	0	0	0	84	18702	0	1616	0	0	0	0	0	0	0	0	0	0	0	0	0	0	0	3740	0	0	0	2822	0	128	0	0	0	0	0	0	0	124	0	0	0	0	0	0	0	0	0	0	0	0	0	0	0	0	
181372	Cuneus_L	0	0	0	0	0	0	0	0	0	0	0	0	0	0	0	0	0	0	0	0	0	0	0	0	0	0	0	0	0	0	0	0	0	0	2942	0	124	0	66	0	0	0	14444	3748	0	4532	382	0	17926	798	18848	144	1992	0	212	0	0	0	598	0	0	0	736	0	832	0	14934	414	100	0	0	0	0	0	0	0	0	0	0	0	0	0	0	0	4096	0	0	0	2818	0	0	0	0	0	0	0	0	0	0	0	0	0	0	0	0	0	0	0	0	0	0	0	0	0	0	0	
278628	Cuneus_R	0	498	0	0	0	0	0	0	0	0	0	0	0	0	0	0	0	342	580	1410	0	0	0	0	0	0	0	0	0	80	0	0	0	4892	0	702	0	118	0	0	0	0	3306	19582	4532	0	274	3116	462	33442	72	12862	0	322	0	430	0	4606	0	1902	0	216	0	598	0	1226	5492	26336	260	8290	0	0	0	0	0	0	0	0	0	98	0	750	0	0	0	1842	0	0	0	676	0	0	0	0	0	0	0	0	0	0	0	0	0	0	0	0	0	0	0	0	0	0	0	0	0	0	
253248	Lingual_L	0	0	0	0	0	0	0	0	0	0	0	0	0	0	0	0	0	0	0	0	0	0	0	0	0	0	0	0	0	0	0	0	0	0	578	0	2352	0	3568	0	0	0	13736	2116	382	274	0	4902	1402	180	17972	92	13028	0	16720	778	0	0	0	0	0	0	0	0	0	0	5508	0	0	0	0	0	222	0	0	0	0	66	0	0	0	0	0	0	146	0	0	0	664	0	6018	736	90	0	100	0	11028	716	12090	1462	0	0	0	0	166	342	0	0	0	72	5528	2920	270	0	0	400	
244448	Lingual_R	152	80	144	0	0	0	0	0	0	0	0	0	0	0	0	0	0	0	0	66	0	0	0	0	0	0	0	0	0	0	0	0	0	186	466	1954	240	2968	0	2216	0	0	1962	17796	0	3116	4902	0	0	3792	0	4854	0	5278	1204	15104	0	134	0	0	0	0	0	0	0	0	0	5158	102	176	0	0	0	134	0	0	394	636	0	0	0	0	0	0	0	170	0	0	0	630	2460	2828	0	226	0	0	2676	7986	7000	6702	0	0	78	0	348	136	104	90	0	154	8554	7768	756	178	166	0	
193184	Occipital_Sup_L	0	118	0	0	0	0	0	0	0	0	0	0	0	0	0	0	122	0	0	0	0	0	0	0	0	0	0	0	80	0	0	0	608	0	1224	0	0	0	0	0	0	0	10358	484	17926	462	1402	0	0	0	31456	0	1916	0	162	0	1068	0	7830	0	0	0	0	0	74	0	18250	78	896	72	0	0	0	0	0	0	0	0	0	0	0	0	0	0	952	0	0	0	1054	0	0	0	0	0	0	0	0	0	0	0	0	0	0	0	0	0	0	0	0	0	0	0	0	0	0	0	
315492	Occipital_Sup_R	94	626	0	0	0	0	0	0	0	0	0	0	0	0	0	0	0	462	802	2422	0	0	0	0	0	0	0	0	0	106	0	0	0	8822	86	680	0	154	0	0	0	0	656	13038	798	33442	180	3792	0	0	0	20326	0	358	0	568	0	11758	0	4042	0	700	0	802	0	3334	2568	26098	360	15664	0	0	0	0	0	0	0	0	0	144	0	1224	0	0	0	3058	0	0	0	582	0	0	0	0	0	0	0	0	0	0	0	0	0	0	0	0	0	0	0	0	0	0	0	0	0	0	
585544	Occipital_Mid_L	946	732	178	0	0	0	0	0	0	0	0	0	0	0	0	0	756	0	0	340	0	0	0	0	0	0	0	0	690	0	0	0	1310	308	3372	0	174	0	594	0	0	0	31846	72	18848	72	17972	0	31456	0	0	0	32652	0	8902	0	8322	0	21064	0	10712	0	6720	0	15738	0	31212	78	4192	378	0	0	0	0	0	0	0	0	180	0	1946	0	0	0	24290	0	0	0	14544	0	1788	0	0	0	0	0	0	0	298	0	0	0	0	0	0	0	0	0	0	0	0	90	0	0	0	0	
194732	Occipital_Mid_R	0	82	0	0	0	0	0	0	0	0	0	0	0	0	0	0	0	0	82	330	0	0	0	0	0	0	0	0	0	0	0	0	0	1578	0	616	0	0	0	0	0	0	108	13914	144	12862	92	4854	0	20326	0	0	0	1950	0	1388	0	1064	0	930	0	1906	0	404	0	8902	866	10120	0	2598	0	0	0	0	0	0	0	0	0	94	0	1082	0	0	0	10320	0	0	0	754	0	0	0	0	0	0	0	0	0	0	0	0	0	0	0	0	0	0	0	0	0	0	0	0	0	0	
212472	Occipital_Inf_L	810	0	130	0	0	0	0	0	0	0	0	0	0	0	0	0	404	0	0	0	0	0	0	0	0	0	0	0	464	0	0	0	76	0	572	0	236	0	762	0	0	0	10982	0	1992	0	13028	0	1916	0	32652	0	0	0	10430	0	292	0	0	0	0	0	204	0	212	0	6348	0	440	0	0	0	0	0	0	0	0	0	792	0	580	0	0	0	9322	0	0	0	11286	0	1938	0	0	0	0	0	0	0	286	0	0	0	0	0	0	0	0	0	0	0	0	82	0	0	0	0	
67264	Occipital_Inf_R	0	290	0	0	0	0	0	0	0	0	0	0	0	0	0	0	0	0	0	308	0	0	0	0	0	0	0	0	0	0	0	0	0	486	0	1012	0	116	0	0	0	0	0	4716	0	322	0	5278	0	358	0	1950	0	0	0	8380	0	288	0	0	0	0	0	0	0	0	0	2956	0	610	0	0	0	0	0	0	0	0	0	0	0	0	0	0	0	704	0	0	0	5166	0	468	0	0	0	0	0	0	0	124	0	0	0	0	0	0	0	0	0	0	0	100	0	0	0	0	
325316	Fusiform_L	0	0	272	0	0	0	130	0	0	0	0	0	0	0	0	0	74	0	0	0	196	0	0	0	0	0	0	0	3912	0	0	0	0	0	76	0	13030	0	7322	0	3540	0	4030	0	212	0	16720	1204	162	0	8902	0	10430	0	0	116	0	0	0	0	0	0	0	0	0	0	1250	0	0	0	0	0	1358	0	0	0	0	0	220	0	1884	0	4402	0	2328	0	1178	0	10942	0	18882	296	940	0	204	0	14564	842	25716	580	624	0	718	0	406	164	322	0	0	0	2528	1656	140	0	0	186	
353464	Fusiform_R	230	1838	192	136	0	0	0	96	0	0	0	0	0	0	0	786	0	76	122	612	0	0	0	0	0	0	0	0	0	2296	0	0	158	958	1104	3712	116	26730	0	20830	0	7578	0	6604	0	430	778	15104	0	568	0	1388	0	8380	116	0	0	454	0	0	0	0	0	176	0	80	0	4542	180	900	0	0	0	3228	0	168	330	1704	0	0	0	978	0	6560	0	2048	0	3116	0	18444	480	5510	0	110	0	68	160	6968	2054	10758	0	0	0	0	0	86	0	0	0	122	3006	3060	298	106	100	0	
301932	Postcentral_L	18210	166	5662	72	0	0	2688	0	0	0	3284	0	358	0	0	0	18144	0	3176	0	0	0	0	0	0	0	0	0	4934	0	0	0	78	0	168	0	1444	0	66	0	0	0	0	0	0	0	0	0	1068	0	8322	0	292	0	0	0	0	0	15652	0	25244	0	9124	0	7964	0	6530	0	3110	0	244	282	1916	0	70	0	140	176	1910	0	5412	0	0	0	3096	0	0	0	1964	0	0	0	0	0	0	0	0	0	0	0	0	0	0	0	0	0	0	0	0	0	0	0	0	0	0	0	
212232	Postcentral_R	0	7012	0	1006	0	0	0	328	0	0	0	554	0	0	0	0	0	1906	280	4692	0	0	0	0	0	0	0	0	0	606	0	0	68	8884	96	770	0	536	0	0	0	0	0	1238	0	4606	0	134	0	11758	0	1064	0	288	0	454	0	0	0	4834	0	5770	0	9488	0	2718	730	16186	154	16588	0	0	0	206	68	0	0	476	0	100	0	772	0	0	0	1102	0	0	0	644	0	0	0	0	0	0	0	0	0	0	0	0	0	0	0	0	0	0	0	0	0	0	0	0	0	0	
214960	Parietal_Sup_L	492	550	342	0	0	0	110	0	0	0	0	0	0	0	0	0	1274	0	164	348	0	0	0	0	0	0	0	0	152	0	0	0	902	328	1212	0	0	0	0	0	0	0	680	0	598	0	0	0	7830	0	21064	0	0	0	0	0	15652	0	0	0	13068	0	4650	0	8500	0	17906	82	2828	382	0	0	0	0	0	0	0	0	96	0	2772	0	0	0	3138	0	0	0	2360	0	0	0	0	0	0	0	0	0	0	0	0	0	0	0	0	0	0	0	0	0	0	0	0	0	0	0	
73876	Parietal_Sup_R	0	96	0	0	0	0	0	0	0	0	0	0	0	0	0	0	0	0	0	630	0	0	0	0	0	0	0	0	0	0	0	0	0	870	0	0	0	0	0	0	0	0	0	0	0	1902	0	0	0	4042	0	930	0	0	0	0	0	4834	0	0	0	6334	0	858	0	5480	986	7408	0	1252	0	0	0	0	0	0	0	0	0	0	0	454	0	0	0	646	0	0	0	216	0	0	0	0	0	0	0	0	0	0	0	0	0	0	0	0	0	0	0	0	0	0	0	0	0	0	
186432	Parietal_Inf_L	4728	0	1804	0	0	0	2666	0	0	0	184	0	0	0	0	0	3092	88	192	0	0	0	0	0	0	0	0	0	830	116	0	0	0	0	116	0	500	0	0	0	0	0	0	0	0	0	0	0	0	0	10712	0	0	0	0	0	25244	0	13068	0	0	0	8970	0	11728	0	868	0	520	0	246	154	966	0	0	0	0	0	108	0	2630	0	0	0	2300	0	0	0	1386	0	0	0	0	0	0	0	0	0	0	0	0	0	0	0	0	0	0	0	0	0	0	0	0	0	0	0	
80760	Parietal_Inf_R	0	802	0	0	0	0	0	0	0	0	0	0	0	0	0	0	0	0	0	204	0	0	0	0	0	0	0	0	0	66	0	0	0	244	0	68	0	66	0	0	0	0	0	0	0	216	0	0	0	700	0	1906	0	0	0	0	0	5770	0	6334	0	0	0	7280	0	11634	136	1742	0	670	0	0	0	0	0	0	0	90	0	0	0	972	0	0	0	1270	0	0	0	210	0	0	0	0	0	0	0	0	0	0	0	0	0	0	0	0	0	0	0	0	0	0	0	0	0	0	
129444	SupraMarginal_L	850	0	752	0	0	0	180	0	0	0	0	0	0	0	0	0	3356	0	596	0	0	0	0	0	0	0	0	0	358	0	0	0	0	0	266	0	0	0	0	0	0	0	326	0	736	0	0	0	0	0	6720	0	204	0	0	0	9124	0	4650	0	8970	0	0	0	13262	0	1916	0	332	0	0	0	0	0	0	0	0	0	74	0	4382	0	0	0	4696	0	0	0	2972	0	0	0	0	0	0	0	0	0	0	0	0	0	0	0	0	0	0	0	0	0	0	0	0	0	0	0	
97760	SupraMarginal_R	0	1806	0	168	0	0	0	118	0	0	0	72	0	0	0	0	0	2630	0	372	0	0	0	0	0	0	0	0	0	722	0	0	0	206	74	378	0	742	0	0	0	0	0	0	0	598	0	0	0	802	0	404	0	0	0	176	0	9488	0	858	0	7280	0	0	0	9074	364	3288	0	838	0	0	0	110	0	0	0	196	0	472	0	5752	0	0	0	1892	0	0	0	0	0	0	0	0	0	0	0	0	0	0	0	0	0	0	0	0	0	0	0	0	0	0	0	0	0	0	
155912	Angular_L	1096	0	650	0	0	0	178	0	0	0	0	0	0	0	0	0	778	0	212	0	0	0	0	0	0	0	0	0	152	0	0	0	0	0	278	0	0	0	0	0	0	0	372	0	832	0	0	0	74	0	15738	0	212	0	0	0	7964	0	8500	0	11728	0	13262	0	0	0	2342	0	488	0	0	0	0	0	0	0	0	0	0	0	2610	0	0	0	7012	0	0	0	3478	0	0	0	0	0	0	0	0	0	0	0	0	0	0	0	0	0	0	0	0	0	0	0	0	0	0	0	
122776	Angular_R	0	290	0	0	0	0	0	0	0	0	0	0	0	0	0	0	0	0	0	232	0	0	0	0	0	0	0	0	0	70	0	0	0	364	0	164	0	232	0	0	0	0	0	0	0	1226	0	0	0	3334	0	8902	0	0	0	80	0	2718	0	5480	0	11634	0	9074	0	0	292	3362	0	1422	0	0	0	0	0	0	0	0	0	186	0	5050	0	0	0	6954	0	0	0	322	0	0	0	0	0	0	0	0	0	0	0	0	0	0	0	0	0	0	0	0	0	0	0	0	0	0	
371988	Precuneus_L	104	564	182	0	0	0	66	0	0	0	0	0	0	0	0	0	772	116	126	526	0	0	0	0	0	0	0	0	296	0	0	0	2766	1132	8530	230	2766	0	1754	0	0	0	15008	84	14934	5492	5508	0	18250	2568	31212	866	6348	0	1250	0	6530	730	17906	986	868	136	1916	364	2342	292	0	10980	5044	3848	0	0	0	0	0	0	0	0	190	0	504	174	0	0	6448	490	0	0	4400	298	98	0	0	0	0	0	0	0	0	0	0	0	0	0	0	0	0	0	0	0	0	0	0	0	0	0	
431468	Precuneus_R	486	1026	456	0	0	0	0	0	0	0	0	0	0	0	0	0	0	890	1260	3168	0	0	0	0	0	0	0	0	0	192	0	0	484	13968	1736	9402	790	3410	0	688	0	0	132	18702	414	26336	0	5158	78	26098	78	10120	0	2956	0	4542	0	16186	82	7408	0	1742	0	3288	0	3362	10980	0	644	21212	0	0	0	0	0	0	680	180	0	162	0	2130	0	0	0	8342	0	0	0	6766	0	0	0	0	0	0	0	0	0	0	0	0	0	0	0	0	0	0	0	0	0	0	0	0	0	0	
139384	Paracentral_Lobule_L	7430	3650	3362	1084	0	0	136	222	0	0	0	0	0	0	0	0	158	0	6764	4964	0	0	0	0	0	0	0	0	108	0	166	0	3522	3256	3328	1344	786	814	0	146	0	0	158	0	100	260	0	102	896	360	4192	0	440	0	0	180	3110	154	2828	0	520	0	332	0	488	0	5044	644	0	1840	234	0	316	0	0	0	3502	280	0	0	326	0	0	0	1402	0	0	0	744	0	0	0	0	0	0	0	0	0	0	0	0	0	0	0	0	0	0	0	0	0	0	0	0	0	0	0	
256784	Paracentral_Lobule_R	444	4564	0	0	0	0	0	0	0	0	0	0	0	0	0	0	0	604	832	13810	0	0	0	0	0	0	0	0	0	138	0	0	172	20146	940	2914	0	130	0	0	0	0	0	1616	0	8290	0	176	72	15664	378	2598	0	610	0	900	0	16588	382	1252	0	670	0	838	0	1422	3848	21212	1840	0	118	0	0	84	0	0	0	82	0	96	0	858	0	0	0	2360	0	0	0	1744	0	0	0	0	0	0	0	0	0	0	0	0	0	0	0	0	0	0	0	0	0	0	0	0	0	0	
339384	Caudate_L	630	1520	6852	5028	832	910	1426	1034	88	0	1066	684	738	178	448	490	308	1468	2000	3164	11016	12084	558	2430	426	2288	2520	4094	4878	5448	12232	7482	66	562	0	314	150	208	106	0	0	0	0	0	0	0	0	0	0	0	0	0	0	0	0	0	244	0	0	0	246	0	0	0	0	0	0	0	234	118	0	25896	23600	6886	2742	286	10750	2738	0	0	0	130	96	0	0	0	0	0	0	0	0	0	0	0	0	0	0	0	0	0	0	0	0	0	0	0	0	0	0	0	0	0	0	0	0	0	
433124	Caudate_R	862	1186	6950	15868	0	1734	1146	856	0	0	322	1382	138	1090	0	2504	102	4590	4348	11242	4638	9466	936	8118	0	4030	126	5238	996	12942	4912	24086	238	1414	0	134	78	240	0	0	0	104	0	0	0	0	0	0	0	0	0	0	0	0	0	0	282	0	0	0	154	0	0	0	0	0	0	0	0	0	25896	0	8132	28228	1684	2128	2722	14996	0	78	0	246	0	0	0	0	0	0	0	0	0	0	0	0	0	0	0	0	0	0	0	0	0	0	0	0	0	0	0	0	0	0	0	0	0	0	
416844	Putamen_L	3260	1058	32408	2144	3444	0	6476	414	520	0	4254	122	2494	0	1420	78	2912	696	15912	2388	3036	2996	3208	692	0	520	760	1178	23520	1676	10464	2666	374	74	242	104	13972	90	2166	0	1080	0	0	0	0	0	222	0	0	0	0	0	0	0	1358	0	1916	0	0	0	966	0	0	0	0	0	0	0	316	0	23600	8132	0	1814	10990	0	7066	1872	414	0	154	0	170	0	0	0	0	0	292	0	0	0	0	0	0	0	92	0	0	0	0	0	0	0	0	0	0	0	0	230	0	0	0	0	0	0	
336356	Putamen_R	72	840	1702	10584	0	682	276	2744	0	0	0	2370	0	2844	0	4546	0	3412	1662	4602	1024	4334	314	6398	0	2110	0	2846	238	24646	3122	17076	72	1316	0	86	0	10174	0	2450	0	2284	0	0	0	0	0	134	0	0	0	0	0	0	0	3228	0	206	0	0	0	0	0	110	0	0	0	0	0	84	6886	28228	1814	0	0	3554	156	6206	0	0	0	400	0	1092	0	154	0	102	0	886	0	0	0	0	0	0	0	0	0	112	0	0	0	0	0	0	0	0	0	0	0	0	0	0	0	0	
69012	Pallidum_L	166	1228	4346	1032	0	0	112	204	0	0	0	0	0	0	0	0	226	0	4572	1958	0	0	0	0	0	0	0	0	110	0	0	0	0	0	0	66	942	68	236	0	0	0	0	0	0	0	0	0	0	0	0	0	0	0	0	0	70	68	0	0	0	0	0	0	0	0	0	0	0	0	2742	1684	10990	0	0	0	2044	1642	0	0	0	0	0	0	0	0	0	0	0	0	0	0	0	0	0	0	0	0	0	0	0	0	0	0	0	0	0	0	0	0	0	0	0	0	0	0	
25864	Pallidum_R	0	332	84	1446	0	0	0	200	0	0	0	464	0	0	0	0	0	508	0	1248	0	0	0	0	0	0	0	0	0	472	0	0	0	0	0	0	0	1096	0	556	0	0	0	0	0	0	0	0	0	0	0	0	0	0	0	168	0	0	0	0	0	0	0	0	0	0	0	0	0	0	286	2128	0	3554	0	0	0	390	0	0	0	0	0	0	0	0	0	0	0	0	0	0	0	0	0	0	0	0	0	0	0	0	0	0	0	0	0	0	0	0	0	0	0	0	0	0	
156064	Thalamus_L	5412	972	7202	1934	0	0	330	850	0	0	0	0	0	0	0	0	682	0	7206	1242	0	0	0	0	0	0	0	0	1472	130	168	106	0	0	3524	4902	5308	2864	116	398	0	0	0	0	0	0	0	394	0	0	0	0	0	0	0	330	140	0	0	0	0	0	0	0	0	0	0	680	3502	0	10750	2722	7066	156	2044	0	0	4822	0	0	0	0	0	0	0	0	0	0	0	0	0	0	0	0	0	0	184	0	0	0	0	0	0	0	0	0	0	0	0	424	0	0	0	0	0	0	
180240	Thalamus_R	678	2798	1420	13234	0	0	270	3990	0	0	0	1054	0	0	0	0	0	1502	914	9382	0	0	0	0	0	0	0	0	68	3494	88	274	0	80	404	1712	194	6630	0	1388	0	66	0	0	0	0	66	636	0	0	0	0	0	0	0	1704	176	476	0	0	0	90	0	196	0	0	0	180	280	82	2738	14996	1872	6206	1642	390	4822	0	0	0	0	354	0	76	0	1294	0	78	0	2058	0	0	0	0	0	0	68	0	0	0	0	0	0	0	0	0	0	0	0	0	0	0	0	0	0	0	
58376	Heschl_L	512	0	986	0	0	0	504	0	0	0	330	0	0	0	0	0	5646	0	368	0	0	0	0	0	0	0	0	0	5884	0	0	0	0	0	0	0	1722	0	0	0	0	0	0	0	0	0	0	0	0	0	180	0	792	0	220	0	1910	0	96	0	108	0	74	0	0	0	190	0	0	0	0	0	414	0	0	0	0	0	0	0	4466	0	0	0	3442	0	0	0	1344	0	0	0	0	0	0	0	0	0	0	0	0	0	0	0	0	0	0	0	0	0	0	0	0	0	0	0	
30132	Heschl_R	0	0	0	0	0	0	0	0	0	0	0	96	0	0	0	0	0	972	0	0	0	0	0	0	0	0	0	0	0	3738	0	0	0	0	0	0	0	192	0	0	0	0	0	0	0	98	0	0	0	144	0	94	0	0	0	0	0	100	0	0	0	0	0	472	0	186	0	162	0	96	0	78	0	0	0	0	0	0	0	0	0	6962	0	0	0	1676	0	0	0	0	0	0	0	0	0	0	0	0	0	0	0	0	0	0	0	0	0	0	0	0	0	0	0	0	0	0	
192740	Temporal_Sup_L	676	0	280	0	0	0	70	0	0	0	246	0	0	0	1370	0	5880	0	244	0	0	0	0	0	0	0	0	0	8988	0	0	0	0	0	0	0	1518	0	112	0	0	0	0	0	0	0	0	0	0	0	1946	0	580	0	1884	0	5412	0	2772	0	2630	0	4382	0	2610	0	504	0	326	0	0	0	154	0	0	0	0	0	4466	0	0	0	5606	0	27580	0	110	0	15922	0	102	0	0	0	0	0	0	0	0	0	0	0	0	0	0	0	0	0	0	0	0	0	0	0	0	0	
171828	Temporal_Sup_R	0	220	186	3322	0	0	0	328	0	0	0	3604	0	116	0	938	0	7916	232	874	0	0	0	0	0	0	0	0	0	14946	72	118	0	350	0	276	0	2482	0	516	0	0	0	0	0	750	0	0	0	1224	0	1082	0	0	0	978	0	772	0	454	0	972	0	5752	0	5050	174	2130	0	858	130	246	0	400	0	0	0	354	0	6962	0	0	0	4042	0	14234	0	1552	0	1302	0	0	0	0	0	0	0	0	0	0	0	0	0	0	0	0	0	0	0	0	0	0	0	0	0	0	
79844	Temporal_Pole_Sup_L	0	0	580	0	730	0	70	0	238	0	700	0	182	0	2926	0	870	0	466	0	628	0	0	0	0	0	154	0	3418	0	0	0	0	0	0	0	384	0	666	0	300	0	0	0	0	0	0	0	0	0	0	0	0	0	4402	0	0	0	0	0	0	0	0	0	0	0	0	0	0	0	96	0	170	0	0	0	0	0	0	0	5606	0	0	0	7062	0	3022	0	7252	0	0	0	0	0	0	0	0	0	0	0	0	0	0	0	0	0	0	0	0	0	0	0	0	0	0	0	
89852	Temporal_Pole_Sup_R	0	0	0	0	0	0	0	0	0	0	0	304	0	0	0	3022	0	358	0	0	0	0	0	0	0	0	0	0	0	3126	0	0	0	0	0	0	0	2126	0	4776	0	4412	0	0	0	0	0	0	0	0	0	0	0	0	0	6560	0	0	0	0	0	0	0	0	0	0	0	0	0	0	0	0	0	1092	0	0	0	76	0	0	0	4042	0	0	0	4556	0	8338	0	2138	0	0	0	0	0	0	0	0	0	0	0	0	0	0	0	0	0	0	0	0	0	0	0	0	0	0	
336116	Temporal_Mid_L	1072	0	246	0	0	0	82	0	0	0	0	0	0	0	114	0	2914	0	0	0	0	0	0	0	0	0	0	0	6938	0	0	0	104	0	1440	0	790	0	154	0	0	0	1498	0	4096	0	146	0	952	0	24290	0	9322	0	2328	0	3096	0	3138	0	2300	0	4696	0	7012	0	6448	0	1402	0	0	0	0	0	0	0	0	0	3442	0	27580	0	7062	0	0	0	2712	0	42518	0	166	0	0	0	0	0	0	0	0	0	0	0	0	0	0	0	0	0	0	0	0	0	0	0	0	0	
196216	Temporal_Mid_R	0	250	0	0	0	0	0	0	0	0	0	0	0	0	0	78	0	66	0	468	0	0	0	0	0	0	0	0	0	3880	0	0	0	1284	0	986	0	1996	0	334	0	0	0	3740	0	1842	0	170	0	3058	0	10320	0	704	0	2048	0	1102	0	646	0	1270	0	1892	0	6954	490	8342	0	2360	0	0	0	154	0	0	0	1294	0	1676	0	14234	0	4556	0	0	0	5892	0	16022	0	0	0	0	0	0	0	0	0	0	0	0	0	0	0	0	0	0	0	0	0	0	0	0	0	0	
18220	Temporal_Pole_Mid_L	0	0	0	0	114	0	0	0	0	0	0	0	0	0	176	0	0	0	0	0	70	0	0	0	0	0	0	0	170	0	0	0	0	0	0	0	90	0	136	0	0	0	0	0	0	0	0	0	0	0	0	0	0	0	1178	0	0	0	0	0	0	0	0	0	0	0	0	0	0	0	0	0	0	0	0	0	0	0	0	0	110	0	3022	0	2712	0	0	0	1332	0	0	0	0	0	0	0	0	0	0	0	0	0	0	0	0	0	0	0	0	0	0	0	0	0	0	0	
53520	Temporal_Pole_Mid_R	0	0	0	0	0	0	0	0	0	0	0	0	0	0	0	206	0	0	0	0	0	0	0	0	0	0	0	0	0	238	0	0	0	0	0	0	0	538	0	1838	0	488	0	0	0	0	0	0	0	0	0	0	0	0	0	3116	0	0	0	0	0	0	0	0	0	0	0	0	0	0	0	0	0	102	0	0	0	78	0	0	0	1552	0	8338	0	5892	0	0	0	4374	0	0	0	0	0	0	0	0	0	0	0	0	0	0	0	0	0	0	0	0	0	0	0	0	0	0	
289964	Temporal_Inf_L	860	0	258	0	0	0	0	0	0	0	0	0	0	0	68	0	1124	0	0	0	0	0	0	0	0	0	0	0	6032	0	0	0	74	0	862	0	4194	0	946	0	552	0	788	0	2818	0	664	0	1054	0	14544	0	11286	0	10942	0	1964	0	2360	0	1386	0	2972	0	3478	0	4400	0	744	0	0	0	292	0	0	0	0	0	1344	0	15922	0	7252	0	42518	0	1332	0	0	0	1530	0	0	0	0	0	0	0	422	0	0	0	0	0	0	0	0	0	0	0	0	0	0	0	0	0	
171112	Temporal_Inf_R	0	1102	0	0	0	0	0	0	0	0	0	0	0	0	0	124	0	0	84	792	0	0	0	0	0	0	0	0	0	2208	0	0	72	1240	300	2298	0	8612	0	1682	0	278	0	2822	0	676	0	630	0	582	0	754	0	5166	0	18444	0	644	0	216	0	210	0	0	0	322	298	6766	0	1744	0	0	0	886	0	0	0	2058	0	0	0	1302	0	2138	0	16022	0	4374	0	0	0	522	0	0	0	0	0	0	0	188	0	0	0	0	0	0	0	0	0	0	0	0	0	0	0	0	
429268	Cerebelum_Crus1_L	0	0	0	0	0	0	0	0	0	0	0	0	0	0	0	0	0	0	0	0	0	0	0	0	0	0	0	0	0	0	0	0	0	0	0	0	142	0	72	0	0	0	1006	0	0	0	6018	2460	0	0	1788	0	1938	0	18882	480	0	0	0	0	0	0	0	0	0	0	98	0	0	0	0	0	0	0	0	0	0	0	0	0	102	0	0	0	166	0	0	0	1530	0	0	6034	26840	4644	786	0	14408	2232	53594	5778	15310	464	19468	2140	4424	1030	1058	196	0	0	3146	5756	10202	1626	654	162	
391624	Cerebelum_Crus1_R	0	0	0	0	0	0	0	0	0	0	0	0	0	0	0	0	0	0	0	0	0	0	0	0	0	0	0	0	0	0	0	0	0	0	0	0	0	184	0	150	0	0	0	128	0	0	736	2828	0	0	0	0	0	468	296	5510	0	0	0	0	0	0	0	0	0	0	0	0	0	0	0	0	0	0	0	0	0	0	0	0	0	0	0	0	0	0	0	0	0	522	6034	0	1622	31478	0	3826	352	18870	4462	53700	524	3526	800	22826	252	9144	0	1932	120	298	2424	7818	10300	2658	1886	138	
287860	Cerebelum_Crus2_L	0	0	0	0	0	0	0	0	0	0	0	0	0	0	0	0	0	0	0	0	0	0	0	0	0	0	0	0	0	0	0	0	0	0	0	0	0	0	0	0	0	0	0	0	0	0	90	0	0	0	0	0	0	0	940	0	0	0	0	0	0	0	0	0	0	0	0	0	0	0	0	0	0	0	0	0	0	0	0	0	0	0	0	0	0	0	0	0	0	0	26840	1622	0	4942	0	0	290	0	7940	646	38972	2246	37484	2520	7716	308	112	0	0	0	0	176	6544	4458	84	0	
300868	Cerebelum_Crus2_R	0	0	0	0	0	0	0	0	0	0	0	0	0	0	0	0	0	0	0	0	0	0	0	0	0	0	0	0	0	0	0	0	0	0	0	0	0	0	0	0	0	0	0	0	0	0	0	226	0	0	0	0	0	0	0	110	0	0	0	0	0	0	0	0	0	0	0	0	0	0	0	0	0	0	0	0	0	0	0	0	0	0	0	0	0	0	0	0	0	0	4644	31478	4942	0	0	252	0	1708	1290	13716	2186	23200	1108	41294	198	8570	0	442	0	0	254	1276	9392	3426	654	68	
26856	Cerebelum_3_L	0	0	0	0	0	0	0	0	0	0	0	0	0	0	0	0	0	0	0	0	0	0	0	0	0	0	0	0	0	0	0	0	0	0	0	0	70	0	114	0	0	0	0	0	0	0	100	0	0	0	0	0	0	0	204	0	0	0	0	0	0	0	0	0	0	0	0	0	0	0	0	0	0	0	0	0	0	0	0	0	0	0	0	0	0	0	0	0	0	0	786	0	0	0	0	114	4826	720	1488	678	0	0	0	0	1142	144	164	0	710	1008	1160	0	0	0	0	0	
48604	Cerebelum_3_R	0	0	0	0	0	0	0	0	0	0	0	0	0	0	0	0	0	0	0	0	0	0	0	0	0	0	0	0	0	0	0	0	0	0	0	0	0	890	0	894	0	798	0	0	0	0	0	0	0	0	0	0	0	0	0	68	0	0	0	0	0	0	0	0	0	0	0	0	0	0	0	0	0	0	0	0	0	0	0	0	0	0	0	0	0	0	0	0	0	0	0	3826	0	252	114	0	276	6670	86	6164	0	0	0	190	0	558	0	0	562	2040	840	74	0	0	0	0	
247184	Cerebelum_4_5_L	0	0	102	0	0	0	0	0	0	0	0	0	0	0	0	0	0	0	68	0	0	0	0	0	0	0	0	0	70	0	0	0	0	0	0	0	0	0	102	0	0	0	68	0	0	0	11028	2676	0	0	0	0	0	0	14564	160	0	0	0	0	0	0	0	0	0	0	0	0	0	0	0	0	92	0	0	0	184	68	0	0	0	0	0	0	0	0	0	0	0	0	14408	352	290	0	4826	276	0	4436	29520	2782	70	0	268	104	5594	3320	1096	1544	590	1212	14172	3548	0	0	2546	3456	
234624	Cerebelum_4_5_R	0	0	0	0	0	0	0	0	0	0	0	0	0	0	0	0	0	0	0	0	0	0	0	0	0	0	0	0	0	0	0	0	0	0	0	0	0	1024	0	1178	0	660	0	0	0	0	716	7986	0	0	0	0	0	0	842	6968	0	0	0	0	0	0	0	0	0	0	0	0	0	0	0	0	0	0	0	0	0	0	0	0	0	0	0	0	0	0	0	0	0	0	2232	18870	0	1708	720	6670	4436	0	4334	30498	0	0	86	886	772	2598	214	650	812	1760	14836	4080	314	80	522	860	
442596	Cerebelum_6_L	0	0	0	0	0	0	0	0	0	0	0	0	0	0	0	0	0	0	0	0	0	0	0	0	0	0	0	0	0	0	0	0	0	0	0	0	0	0	74	0	0	0	110	0	0	0	12090	7000	0	0	298	0	286	0	25716	2054	0	0	0	0	0	0	0	0	0	0	0	0	0	0	0	0	0	0	0	0	0	0	0	0	0	0	0	0	0	0	0	0	422	0	53594	4462	7940	1290	1488	86	29520	4334	0	7176	7988	0	11656	770	3960	2754	2080	834	0	78	10380	12920	5102	966	2228	1642	
404636	Cerebelum_6_R	0	0	0	0	0	0	0	0	0	0	0	0	0	0	0	0	0	0	0	0	0	0	0	0	0	0	0	0	0	0	0	0	0	0	0	0	0	984	0	360	0	0	0	124	0	0	1462	6702	0	0	0	0	0	124	580	10758	0	0	0	0	0	0	0	0	0	0	0	0	0	0	0	0	0	112	0	0	0	0	0	0	0	0	0	0	0	0	0	0	0	188	5778	53700	646	13716	678	6164	2782	30498	7176	0	194	1008	358	10330	532	7138	66	2612	572	1508	9428	11320	8368	3064	3016	272	
253332	Cerebelum_7b_L	0	0	0	0	0	0	0	0	0	0	0	0	0	0	0	0	0	0	0	0	0	0	0	0	0	0	0	0	0	0	0	0	0	0	0	0	0	0	0	0	0	0	0	0	0	0	0	0	0	0	0	0	0	0	624	0	0	0	0	0	0	0	0	0	0	0	0	0	0	0	0	0	0	0	0	0	0	0	0	0	0	0	0	0	0	0	0	0	0	0	15310	524	38972	2186	0	0	70	0	7988	194	0	1234	40214	2560	6898	388	406	0	0	0	0	0	4128	4970	0	0	
119464	Cerebelum_7b_R	0	0	0	0	0	0	0	0	0	0	0	0	0	0	0	0	0	0	0	0	0	0	0	0	0	0	0	0	0	0	0	0	0	0	0	0	0	0	0	0	0	0	0	0	0	0	0	0	0	0	0	0	0	0	0	0	0	0	0	0	0	0	0	0	0	0	0	0	0	0	0	0	0	0	0	0	0	0	0	0	0	0	0	0	0	0	0	0	0	0	464	3526	2246	23200	0	0	0	0	0	1008	1234	0	258	23626	0	1284	0	0	0	0	0	0	1152	1734	0	0	
303396	Cerebelum_8_L	0	0	0	0	0	0	0	0	0	0	0	0	0	0	0	0	0	0	0	0	0	0	0	0	0	0	0	0	0	0	0	0	0	0	0	0	0	0	0	0	0	0	0	0	0	0	0	78	0	0	0	0	0	0	718	0	0	0	0	0	0	0	0	0	0	0	0	0	0	0	0	0	0	0	0	0	0	0	0	0	0	0	0	0	0	0	0	0	0	0	19468	800	37484	1108	0	0	268	86	11656	358	40214	258	0	5786	18044	1324	1032	0	0	0	204	74	4380	6968	1390	0	
303384	Cerebelum_8_R	0	0	0	0	0	0	0	0	0	0	0	0	0	0	0	0	0	0	0	0	0	0	0	0	0	0	0	0	0	0	0	0	0	0	0	0	0	0	0	0	0	0	0	0	0	0	0	0	0	0	0	0	0	0	0	0	0	0	0	0	0	0	0	0	0	0	0	0	0	0	0	0	0	0	0	0	0	0	0	0	0	0	0	0	0	0	0	0	0	0	2140	22826	2520	41294	0	190	104	886	770	10330	2560	23626	5786	0	988	20444	0	188	0	0	136	218	6730	8204	1600	152	
140192	Cerebelum_9_L	0	0	0	0	0	0	0	0	0	0	0	0	0	0	0	0	0	0	0	0	0	0	0	0	0	0	0	0	0	0	0	0	0	0	0	0	0	0	0	0	0	0	0	0	0	0	166	348	0	0	0	0	0	0	406	0	0	0	0	0	0	0	0	0	0	0	0	0	0	0	0	0	0	0	0	0	0	0	0	0	0	0	0	0	0	0	0	0	0	0	4424	252	7716	198	1142	0	5594	772	3960	532	6898	0	18044	988	0	3256	3250	884	0	0	2758	1892	442	1162	3466	1546	
184792	Cerebelum_9_R	0	0	0	0	0	0	0	0	0	0	0	0	0	0	0	0	0	0	0	0	0	0	0	0	0	0	0	0	0	0	0	0	0	0	0	0	0	0	0	0	0	0	0	0	0	0	342	136	0	0	0	0	0	0	164	86	0	0	0	0	0	0	0	0	0	0	0	0	0	0	0	0	0	0	0	0	0	0	0	0	0	0	0	0	0	0	0	0	0	0	1030	9144	308	8570	144	558	3320	2598	2754	7138	388	1284	1324	20444	3256	0	110	2618	698	714	4728	4202	3076	3144	6674	3444	
21844	Cerebelum_10_L	0	0	0	0	0	0	0	0	0	0	0	0	0	0	0	0	0	0	0	0	0	0	0	0	0	0	0	0	0	0	0	0	0	0	0	0	0	0	0	0	0	0	0	0	0	0	0	104	0	0	0	0	0	0	322	0	0	0	0	0	0	0	0	0	0	0	0	0	0	0	0	0	0	0	0	0	0	0	0	0	0	0	0	0	0	0	0	0	0	0	1058	0	112	0	164	0	1096	214	2080	66	406	0	1032	0	3250	110	0	0	0	0	570	112	0	0	94	132	
37000	Cerebelum_10_R	0	0	0	0	0	0	0	0	0	0	0	0	0	0	0	0	0	0	0	0	0	0	0	0	0	0	0	0	0	0	0	0	0	0	0	0	0	0	0	0	0	0	0	0	0	0	0	90	0	0	0	0	0	0	0	0	0	0	0	0	0	0	0	0	0	0	0	0	0	0	0	0	0	0	0	0	0	0	0	0	0	0	0	0	0	0	0	0	0	0	196	1932	0	442	0	0	1544	650	834	2612	0	0	0	188	884	2618	0	0	0	0	1784	1744	0	0	1612	1370	
16864	Vermis_1_2	0	0	0	0	0	0	0	0	0	0	0	0	0	0	0	0	0	0	0	0	0	0	0	0	0	0	0	0	0	0	0	0	0	0	0	0	0	0	0	0	0	0	0	0	0	0	0	0	0	0	0	0	0	0	0	0	0	0	0	0	0	0	0	0	0	0	0	0	0	0	0	0	0	0	0	0	0	0	0	0	0	0	0	0	0	0	0	0	0	0	0	120	0	0	710	562	590	812	0	572	0	0	0	0	0	698	0	0	0	3332	1036	0	0	0	0	0	
31652	Vermis_3	0	0	180	0	0	0	0	0	0	0	0	0	0	0	0	0	0	0	120	0	0	0	0	0	0	0	0	0	144	0	0	0	0	0	0	0	266	0	182	0	0	0	0	0	0	0	72	154	0	0	0	0	0	0	0	122	0	0	0	0	0	0	0	0	0	0	0	0	0	0	0	0	230	0	0	0	424	0	0	0	0	0	0	0	0	0	0	0	0	0	0	298	0	0	1008	2040	1212	1760	78	1508	0	0	0	0	0	714	0	0	3332	0	1982	0	0	0	0	0	
208608	Vermis_4_5	0	0	0	0	0	0	0	0	0	0	0	0	0	0	0	0	0	0	0	0	0	0	0	0	0	0	0	0	0	0	0	0	0	0	0	0	0	0	0	0	0	0	150	0	0	0	5528	8554	0	0	0	0	0	0	2528	3006	0	0	0	0	0	0	0	0	0	0	0	0	0	0	0	0	0	0	0	0	0	0	0	0	0	0	0	0	0	0	0	0	0	0	3146	2424	0	254	1160	840	14172	14836	10380	9428	0	0	204	136	2758	4728	570	1784	1036	1982	0	7690	358	78	2700	3874	
184844	Vermis_6	0	0	0	0	0	0	0	0	0	0	0	0	0	0	0	0	0	0	0	0	0	0	0	0	0	0	0	0	0	0	0	0	0	0	0	0	0	0	0	0	0	0	0	0	0	0	2920	7768	0	0	90	0	82	100	1656	3060	0	0	0	0	0	0	0	0	0	0	0	0	0	0	0	0	0	0	0	0	0	0	0	0	0	0	0	0	0	0	0	0	0	0	5756	7818	176	1276	0	74	3548	4080	12920	11320	0	0	74	218	1892	4202	112	1744	0	0	7690	0	4498	1634	5040	2674	
170820	Vermis_7	0	0	0	0	0	0	0	0	0	0	0	0	0	0	0	0	0	0	0	0	0	0	0	0	0	0	0	0	0	0	0	0	0	0	0	0	0	0	0	0	0	0	0	0	0	0	270	756	0	0	0	0	0	0	140	298	0	0	0	0	0	0	0	0	0	0	0	0	0	0	0	0	0	0	0	0	0	0	0	0	0	0	0	0	0	0	0	0	0	0	10202	10300	6544	9392	0	0	0	314	5102	8368	4128	1152	4380	6730	442	3076	0	0	0	0	358	4498	0	6756	2204	0	
