data	data	363136	260300	944348	985648	143548	137596	499508	281708	127968	35364	258576	246596	342932	287120	198284	143008	258992	130668	650684	799908	77296	92676	325796	337348	34220	93460	22928	78704	570476	446292	388936	512124	173564	575544	119572	136084	203348	284684	94224	147080	29828	47200	217244	320068	187280	387852	279340	281024	180060	312272	505008	232452	167184	72328	304084	402372	220284	131984	137484	130376	220796	107064	146480	118752	168512	172764	252264	403772	240912	232360	410984	362884	391564	292032	39728	22944	130540	183232	71812	35808	222176	165076	71156	71852	392660	237700	15800	32312	277616	227580	432648	383012	254192	237716	29856	37524	244992	219076	393068	400164	199888	146116	284432	333764	105444	169268	51752	37868	22296	47332	193756	273600	257820	155156	107900	69224	
data	data	Precentral_L	Precentral_R	Frontal_Sup_L	Frontal_Sup_R	Frontal_Sup_Orb_L	Frontal_Sup_Orb_R	Frontal_Mid_L	Frontal_Mid_R	Frontal_Mid_Orb_L	Frontal_Mid_Orb_R	Frontal_Inf_Oper_L	Frontal_Inf_Oper_R	Frontal_Inf_Tri_L	Frontal_Inf_Tri_R	Frontal_Inf_Orb_L	Frontal_Inf_Orb_R	Rolandic_Oper_L	Rolandic_Oper_R	Supp_Motor_Area_L	Supp_Motor_Area_R	Olfactory_L	Olfactory_R	Frontal_Sup_Medial_L	Frontal_Sup_Medial_R	Frontal_Med_Orb_L	Frontal_Med_Orb_R	Rectus_L	Rectus_R	Insula_L	Insula_R	Cingulum_Ant_L	Cingulum_Ant_R	Cingulum_Mid_L	Cingulum_Mid_R	Cingulum_Post_L	Cingulum_Post_R	Hippocampus_L	Hippocampus_R	ParaHippocampal_L	ParaHippocampal_R	Amygdala_L	Amygdala_R	Calcarine_L	Calcarine_R	Cuneus_L	Cuneus_R	Lingual_L	Lingual_R	Occipital_Sup_L	Occipital_Sup_R	Occipital_Mid_L	Occipital_Mid_R	Occipital_Inf_L	Occipital_Inf_R	Fusiform_L	Fusiform_R	Postcentral_L	Postcentral_R	Parietal_Sup_L	Parietal_Sup_R	Parietal_Inf_L	Parietal_Inf_R	SupraMarginal_L	SupraMarginal_R	Angular_L	Angular_R	Precuneus_L	Precuneus_R	Paracentral_Lobule_L	Paracentral_Lobule_R	Caudate_L	Caudate_R	Putamen_L	Putamen_R	Pallidum_L	Pallidum_R	Thalamus_L	Thalamus_R	Heschl_L	Heschl_R	Temporal_Sup_L	Temporal_Sup_R	Temporal_Pole_Sup_L	Temporal_Pole_Sup_R	Temporal_Mid_L	Temporal_Mid_R	Temporal_Pole_Mid_L	Temporal_Pole_Mid_R	Temporal_Inf_L	Temporal_Inf_R	Cerebelum_Crus1_L	Cerebelum_Crus1_R	Cerebelum_Crus2_L	Cerebelum_Crus2_R	Cerebelum_3_L	Cerebelum_3_R	Cerebelum_4_5_L	Cerebelum_4_5_R	Cerebelum_6_L	Cerebelum_6_R	Cerebelum_7b_L	Cerebelum_7b_R	Cerebelum_8_L	Cerebelum_8_R	Cerebelum_9_L	Cerebelum_9_R	Cerebelum_10_L	Cerebelum_10_R	Vermis_1_2	Vermis_3	Vermis_4_5	Vermis_6	Vermis_7	Vermis_8	Vermis_9	Vermis_10	
363136	Precentral_L	0	5648	11518	4754	0	0	18084	110	0	0	10012	0	2094	0	0	0	9972	0	3994	8056	0	0	0	0	0	0	0	0	9980	0	98	0	2446	3530	3780	246	1874	0	272	0	0	0	186	0	486	106	190	0	0	0	4606	0	1766	0	1244	0	19906	0	786	0	5118	0	2096	0	1214	0	1618	282	24862	558	1926	868	1926	0	368	0	4056	610	2884	0	3040	0	0	0	3254	120	0	0	1024	0	0	0	0	0	0	0	0	0	0	0	0	0	0	0	0	0	0	0	0	0	0	0	0	0	0	0	
260300	Precentral_R	5648	0	2460	27894	0	0	406	6892	0	0	0	6064	0	178	0	0	0	3326	6010	17786	0	0	0	0	0	0	0	0	136	3332	0	0	462	3408	482	706	166	1390	0	156	0	0	0	160	0	152	0	0	0	102	0	0	0	0	0	304	94	7662	0	0	0	468	0	1120	0	98	0	416	9288	2308	438	4714	112	1488	0	196	1542	7186	0	910	0	786	0	0	0	1786	0	0	0	1918	0	0	0	0	0	0	0	0	0	0	0	0	0	0	0	0	0	0	0	0	0	0	0	0	0	0	
944348	Frontal_Sup_L	11518	2460	0	21704	10558	0	59038	2262	4996	0	15356	1204	24478	1452	7582	0	10992	0	85012	27978	0	0	38896	4682	2040	884	0	0	29958	1368	16850	5022	6086	10102	222	0	2546	470	530	0	0	0	0	0	0	0	0	0	0	0	0	0	0	0	398	0	3428	0	0	0	440	0	1020	0	94	0	0	0	1400	0	12988	1508	24360	310	4990	0	7312	732	1414	0	3808	0	226	0	498	0	0	0	1002	0	0	0	0	0	0	0	0	0	0	0	0	0	0	0	0	0	0	0	0	0	0	0	0	0	0	0	
985648	Frontal_Sup_R	4754	27894	21704	0	126	3554	9190	35676	0	120	844	9446	402	16166	254	6296	1196	5898	26744	75838	0	0	9816	36434	0	2948	0	290	2010	22210	8062	35054	2530	33200	208	312	528	2206	86	176	0	0	0	0	0	0	0	0	0	0	0	0	0	0	0	318	90	1360	0	0	0	0	0	174	0	0	0	0	6720	156	10802	23898	2040	14236	0	1048	2036	24718	0	204	0	1084	168	330	0	568	0	0	0	702	0	0	0	0	0	0	0	0	0	0	0	0	0	0	0	0	0	0	0	0	0	0	0	0	0	0	
143548	Frontal_Sup_Orb_L	0	0	10558	126	0	360	4436	0	14904	0	158	0	5078	0	8440	136	0	0	646	100	890	526	3614	0	1834	268	2660	390	3882	0	3058	588	0	0	0	0	0	0	0	0	142	0	0	0	0	0	0	0	0	0	0	0	0	0	0	0	0	0	0	0	0	0	0	0	0	0	0	0	0	0	1446	144	7292	0	0	0	0	0	0	0	0	0	98	0	0	0	0	0	0	0	0	0	0	0	0	0	0	0	0	0	0	0	0	0	0	0	0	0	0	0	0	0	0	0	0	0	
137596	Frontal_Sup_Orb_R	0	0	0	3554	360	0	0	4722	0	7478	0	332	0	1168	0	5662	0	0	0	0	1902	2276	1024	4432	288	9450	508	9282	0	1606	2340	3934	0	92	0	0	0	0	0	0	0	0	0	0	0	0	0	0	0	0	0	0	0	0	0	0	0	0	0	0	0	0	0	0	0	0	0	0	0	0	1824	3018	1362	2026	0	0	0	0	0	0	0	0	0	158	0	0	0	0	0	0	0	0	0	0	0	0	0	0	0	0	0	0	0	0	0	0	0	0	0	0	0	0	0	0	0	0	
499508	Frontal_Mid_L	18084	406	59038	9190	4436	0	0	336	8096	0	10640	154	31718	216	9062	0	12630	0	8616	8338	0	0	16158	1338	168	110	0	0	16530	174	3798	550	590	3648	132	146	1162	0	292	0	96	0	0	0	0	0	0	0	0	0	0	0	0	0	182	0	1716	0	0	0	520	0	408	0	0	0	0	0	166	0	8656	192	2600	0	392	0	5880	344	1008	0	1288	0	252	0	114	0	0	0	184	0	0	0	0	0	0	0	0	0	0	0	0	0	0	0	0	0	0	0	0	0	0	0	0	0	0	0	
281708	Frontal_Mid_R	110	6892	2262	35676	0	4722	336	0	0	3048	0	6428	0	17454	0	6840	0	4576	3086	5036	0	0	360	4120	0	176	0	0	0	12484	1026	5622	302	3044	0	0	0	744	0	140	0	0	0	0	0	0	0	0	0	0	0	0	0	0	0	234	0	950	0	0	0	0	0	100	0	0	0	0	0	0	1612	4158	598	7992	0	126	0	0	0	0	0	510	0	0	0	90	0	0	0	0	0	0	0	0	0	0	0	0	0	0	0	0	0	0	0	0	0	0	0	0	0	0	0	0	0	0	
127968	Frontal_Mid_Orb_L	0	0	4996	0	14904	0	8096	0	0	0	206	0	9040	0	16812	0	0	0	212	0	0	0	626	0	308	0	1232	0	2746	0	1102	0	0	0	0	0	0	0	0	0	0	0	0	0	0	0	0	0	0	0	0	0	0	0	0	0	0	0	0	0	0	0	0	0	0	0	0	0	0	0	316	0	3032	0	0	0	0	0	0	0	0	0	356	0	0	0	0	0	0	0	0	0	0	0	0	0	0	0	0	0	0	0	0	0	0	0	0	0	0	0	0	0	0	0	0	0	
35364	Frontal_Mid_Orb_R	0	0	0	120	0	7478	0	3048	0	0	0	0	0	1040	0	2976	0	0	0	0	0	0	0	0	0	532	0	1600	0	100	0	106	0	0	0	0	0	0	0	0	0	0	0	0	0	0	0	0	0	0	0	0	0	0	0	0	0	0	0	0	0	0	0	0	0	0	0	0	0	0	0	318	0	364	0	0	0	0	0	0	0	0	0	0	0	0	0	0	0	0	0	0	0	0	0	0	0	0	0	0	0	0	0	0	0	0	0	0	0	0	0	0	0	0	0	0	
258576	Frontal_Inf_Oper_L	10012	0	15356	844	158	0	10640	0	206	0	0	3432	15942	1798	1692	0	14528	154	10984	552	0	0	634	342	0	0	0	0	20232	2564	1972	1390	0	324	0	0	122	0	0	0	0	0	0	0	0	0	0	0	0	0	0	0	0	0	0	0	3034	0	0	0	1342	0	798	0	292	0	0	0	0	0	4770	642	554	98	0	0	0	0	360	0	1076	0	2220	0	90	0	0	0	134	0	0	0	0	0	0	0	0	0	0	0	0	0	0	0	0	0	0	0	0	0	0	0	0	0	0	0	
246596	Frontal_Inf_Oper_R	0	6064	1204	9446	0	332	154	6428	0	0	3432	0	348	14338	188	2324	2812	4066	996	9094	0	0	94	1204	0	0	0	0	3834	22918	3198	6550	0	3864	0	0	0	306	0	0	0	0	0	0	0	0	0	0	0	0	0	0	0	0	0	0	0	1504	0	0	0	0	0	0	0	0	0	0	0	0	8400	3594	1274	3854	0	0	0	110	0	118	0	340	440	470	0	0	0	0	0	0	0	0	0	0	0	0	0	0	0	0	0	0	0	0	0	0	0	0	0	0	0	0	0	0	0	0	
342932	Frontal_Inf_Tri_L	2094	0	24478	402	5078	0	31718	0	9040	0	15942	348	0	440	23522	0	2084	0	9548	262	0	0	4874	332	384	178	0	0	26706	522	7460	1346	154	110	0	0	0	0	0	0	0	0	0	0	0	0	0	0	0	0	0	0	0	0	0	0	96	0	0	0	0	0	0	0	0	0	0	0	0	0	1102	202	1658	0	0	0	0	0	0	0	212	0	1174	0	0	0	0	0	0	0	0	0	0	0	0	0	0	0	0	0	0	0	0	0	0	0	0	0	0	0	0	0	0	0	0	0	
287120	Frontal_Inf_Tri_R	0	178	1452	16166	0	1168	216	17454	0	1040	1798	14338	440	0	258	9036	1668	280	4226	9750	0	0	1382	9360	0	0	0	0	2204	18316	3208	11876	508	6840	0	0	0	0	0	0	0	0	0	0	0	0	0	0	0	0	0	0	0	0	0	0	0	90	0	0	0	0	0	0	0	0	0	0	0	0	5404	2076	1096	1586	0	0	0	0	0	0	0	0	146	0	0	0	0	0	0	0	0	0	0	0	0	0	0	0	0	0	0	0	0	0	0	0	0	0	0	0	0	0	0	0	0	0	
198284	Frontal_Inf_Orb_L	0	0	7582	254	8440	0	9062	0	16812	0	1692	188	23522	258	0	0	960	0	2064	196	324	0	1108	190	0	0	88	0	15146	268	1136	360	0	0	0	0	0	0	0	0	88	0	0	0	0	0	0	0	0	0	0	0	0	0	0	0	0	0	0	0	0	0	0	0	0	0	0	0	0	0	588	0	4118	0	0	0	0	0	0	0	1372	0	3326	0	0	0	0	0	0	0	0	0	0	0	0	0	0	0	0	0	0	0	0	0	0	0	0	0	0	0	0	0	0	0	0	0	
143008	Frontal_Inf_Orb_R	0	0	0	6296	136	5662	0	6840	0	2976	0	2324	0	9036	0	0	0	0	1372	1172	624	1144	428	4114	0	282	182	1416	0	12248	442	4180	312	1820	0	0	0	0	0	144	0	0	0	0	0	0	0	0	0	0	0	0	0	0	0	0	0	0	0	0	0	0	0	0	0	0	0	0	0	0	664	1964	432	3506	0	0	0	0	0	0	0	0	0	1788	0	0	0	0	0	0	0	0	0	0	0	0	0	0	0	0	0	0	0	0	0	0	0	0	0	0	0	0	0	0	0	0	
258992	Rolandic_Oper_L	9972	0	10992	1196	0	0	12630	0	0	0	14528	2812	2084	1668	960	0	0	88	4370	1010	0	0	130	290	0	0	0	0	25402	1910	448	686	404	646	0	0	392	0	142	0	0	0	0	0	0	0	0	0	98	0	2640	0	284	0	136	0	6990	0	468	0	1124	0	4672	0	698	0	394	0	990	0	2868	220	572	0	0	0	390	0	2380	0	7502	0	1766	0	1660	0	0	0	884	0	0	0	0	0	0	0	0	0	0	0	0	0	0	0	0	0	0	0	0	0	0	0	0	0	0	0	
130668	Rolandic_Oper_R	0	3326	0	5898	0	0	0	4576	0	0	154	4066	0	280	0	0	88	0	0	2962	0	0	0	0	0	0	0	0	156	14394	0	0	0	924	0	0	0	856	0	220	0	0	0	0	0	0	0	0	0	0	0	0	0	0	0	136	0	2476	0	0	0	570	0	4864	0	966	0	132	0	114	376	644	0	1916	0	0	0	396	0	2048	0	8532	0	1588	0	2168	0	0	0	508	0	0	0	0	0	0	0	0	0	0	0	0	0	0	0	0	0	0	0	0	0	0	0	0	0	0	
650684	Supp_Motor_Area_L	3994	6010	85012	26744	646	0	8616	3086	212	0	10984	996	9548	4226	2064	1372	4370	0	0	39052	0	0	5398	4702	118	0	0	0	17088	1860	8186	5386	12254	16116	1142	0	1582	174	252	0	124	0	0	0	0	0	0	0	0	0	0	0	0	0	286	0	276	0	0	0	248	0	138	0	0	0	0	246	7436	0	8696	1170	14704	144	2496	0	4952	214	306	0	1634	0	122	0	128	0	0	0	832	0	0	0	0	0	0	0	0	0	0	0	0	0	0	0	0	0	0	0	0	0	0	0	0	0	0	0	
799908	Supp_Motor_Area_R	8056	17786	27978	75838	100	0	8338	5036	0	0	552	9094	262	9750	196	1172	1010	2962	39052	0	0	0	880	4900	0	0	0	0	2258	9612	2724	10034	6990	57924	1820	6558	386	602	0	166	0	0	0	736	0	2520	0	242	0	1082	0	548	0	0	0	272	98	844	0	454	0	168	0	158	0	1010	250	5384	12298	16828	9420	11286	2486	5812	194	1502	1026	7650	152	340	114	596	0	212	0	3106	0	0	0	1130	0	0	0	0	0	0	0	0	0	0	0	0	0	0	0	0	0	0	0	0	0	0	0	0	0	0	
77296	Olfactory_L	0	0	0	0	890	1902	0	0	0	0	0	0	0	0	324	624	0	0	0	0	0	6044	0	0	144	0	956	2188	936	98	2928	2546	0	0	0	0	134	0	0	0	454	0	0	0	0	0	0	0	0	0	0	0	0	0	0	0	0	0	0	0	0	0	0	0	0	0	0	0	0	0	6640	4972	5024	1316	140	0	0	0	0	0	102	0	200	0	0	0	0	0	86	0	0	0	0	0	0	0	0	0	0	0	0	0	0	0	0	0	0	0	0	0	0	0	0	0	0	0	
92676	Olfactory_R	0	0	0	0	526	2276	0	0	0	0	0	0	0	0	0	1144	0	0	0	0	6044	0	0	0	0	150	746	2960	0	1550	2502	2542	0	0	0	0	0	0	0	348	0	388	0	0	0	0	0	0	0	0	0	0	0	0	0	0	0	0	0	0	0	0	0	0	0	0	0	0	0	0	7822	7848	5216	3148	534	332	0	0	0	0	0	0	0	262	0	0	0	0	0	0	0	0	0	0	0	0	0	0	0	0	0	0	0	0	0	0	0	0	0	0	0	0	0	0	0	0	
325796	Frontal_Sup_Medial_L	0	0	38896	9816	3614	1024	16158	360	626	0	634	94	4874	1382	1108	428	130	0	5398	880	0	0	0	20732	3488	3364	0	0	3286	512	18538	11422	4168	10682	0	0	0	0	0	0	0	0	0	0	0	0	0	0	0	0	0	0	0	0	0	0	0	0	0	0	0	0	0	0	0	0	0	0	0	0	518	0	766	0	0	0	0	0	0	0	0	0	0	0	0	0	0	0	0	0	0	0	0	0	0	0	0	0	0	0	0	0	0	0	0	0	0	0	0	0	0	0	0	0	0	0	
337348	Frontal_Sup_Medial_R	0	0	4682	36434	0	4432	1338	4120	0	0	342	1204	332	9360	190	4114	290	0	4702	4900	0	0	20732	0	216	7928	0	594	558	6170	7476	25928	536	15908	0	0	0	0	0	0	0	0	0	0	0	0	0	0	0	0	0	0	0	0	0	0	0	0	0	0	0	0	0	0	0	0	0	0	0	0	1052	1770	212	3024	0	0	0	0	0	0	0	0	130	0	0	0	0	0	0	0	0	0	0	0	0	0	0	0	0	0	0	0	0	0	0	0	0	0	0	0	0	0	0	0	0	0	
34220	Frontal_Med_Orb_L	0	0	2040	0	1834	288	168	0	308	0	0	0	384	0	0	0	0	0	118	0	144	0	3488	216	0	2180	1020	370	408	0	3366	290	0	0	0	0	0	0	0	0	0	0	0	0	0	0	0	0	0	0	0	0	0	0	0	0	0	0	0	0	0	0	0	0	0	0	0	0	0	0	136	0	352	0	0	0	0	0	0	0	0	0	0	0	0	0	0	0	0	0	0	0	0	0	0	0	0	0	0	0	0	0	0	0	0	0	0	0	0	0	0	0	0	0	0	0	
93460	Frontal_Med_Orb_R	0	0	884	2948	268	9450	110	176	0	532	0	0	178	0	0	282	0	0	0	0	0	150	3364	7928	2180	0	106	7094	184	222	2680	5094	0	144	0	0	0	0	0	0	0	0	0	0	0	0	0	0	0	0	0	0	0	0	0	0	0	0	0	0	0	0	0	0	0	0	0	0	0	0	0	1670	0	1086	0	0	0	0	0	0	0	0	0	0	0	0	0	0	0	0	0	0	0	0	0	0	0	0	0	0	0	0	0	0	0	0	0	0	0	0	0	0	0	0	0	0	
22928	Rectus_L	0	0	0	0	2660	508	0	0	1232	0	0	0	0	0	88	182	0	0	0	0	956	746	0	0	1020	106	0	578	0	0	1394	716	0	0	0	0	0	0	0	0	0	0	0	0	0	0	0	0	0	0	0	0	0	0	0	0	0	0	0	0	0	0	0	0	0	0	0	0	0	0	846	154	278	0	0	0	0	0	0	0	0	0	0	0	0	0	0	0	0	0	0	0	0	0	0	0	0	0	0	0	0	0	0	0	0	0	0	0	0	0	0	0	0	0	0	0	
78704	Rectus_R	0	0	0	290	390	9282	0	0	0	1600	0	0	0	0	0	1416	0	0	0	0	2188	2960	0	594	370	7094	578	0	0	910	1576	3696	0	0	0	0	0	0	0	0	0	0	0	0	0	0	0	0	0	0	0	0	0	0	0	0	0	0	0	0	0	0	0	0	0	0	0	0	0	0	1982	1904	1554	692	0	0	0	0	0	0	0	0	0	276	0	0	0	0	0	0	0	0	0	0	0	0	0	0	0	0	0	0	0	0	0	0	0	0	0	0	0	0	0	0	0	0	
570476	Insula_L	9980	136	29958	2010	3882	0	16530	0	2746	0	20232	3834	26706	2204	15146	0	25402	156	17088	2258	936	0	3286	558	408	184	0	0	0	3218	9978	2852	466	1308	276	316	6912	136	1790	0	930	0	0	0	0	0	120	0	0	0	1234	0	342	0	2704	0	3022	0	300	0	798	0	2136	0	304	0	256	0	712	0	6368	868	17244	122	90	0	2422	286	7944	0	12410	0	3378	0	4168	0	0	0	6188	0	0	0	0	0	0	0	0	0	0	0	0	0	0	0	0	0	0	0	0	0	0	0	0	0	0	0	
446292	Insula_R	0	3332	1368	22210	0	1606	174	12484	0	100	2564	22918	522	18316	268	12248	1910	14394	1860	9612	98	1550	512	6170	0	222	0	910	3218	0	4936	13066	0	2420	0	0	0	5136	0	1558	0	982	0	114	0	0	0	0	0	0	0	0	0	380	0	2226	0	658	0	0	0	0	0	204	0	0	0	124	0	174	8332	6956	1740	23084	0	204	0	664	0	2260	0	3636	412	3098	0	670	0	0	0	1546	0	0	0	0	0	0	0	0	0	0	0	0	0	0	0	0	0	0	0	0	0	0	0	0	0	0	
388936	Cingulum_Ant_L	98	0	16850	8062	3058	2340	3798	1026	1102	0	1972	3198	7460	3208	1136	442	448	0	8186	2724	2928	2502	18538	7476	3366	2680	1394	1576	9978	4936	0	25692	6116	3294	0	0	0	0	0	0	0	0	0	0	0	0	0	0	0	0	0	0	0	0	0	0	98	0	0	0	0	0	0	0	0	0	0	0	0	0	14890	7608	13656	2322	0	0	0	170	0	0	0	0	140	0	0	0	0	0	0	0	0	0	0	0	0	0	0	0	0	0	0	0	0	0	0	0	0	0	0	0	0	0	0	0	0	0	
512124	Cingulum_Ant_R	0	0	5022	35054	588	3934	550	5622	0	106	1390	6550	1346	11876	360	4180	686	0	5386	10034	2546	2542	11422	25928	290	5094	716	3696	2852	13066	25692	0	5206	22732	0	0	0	114	0	0	0	0	0	0	0	0	0	0	0	0	0	0	0	0	0	0	0	0	0	0	0	0	0	0	0	0	0	0	0	0	9006	18878	4102	8818	0	0	0	428	0	0	0	0	250	0	0	0	0	0	0	0	0	0	0	0	0	0	0	0	0	0	0	0	0	0	0	0	0	0	0	0	0	0	0	0	0	0	
173564	Cingulum_Mid_L	2446	462	6086	2530	0	0	590	302	0	0	0	0	154	508	0	312	404	0	12254	6990	0	0	4168	536	0	0	0	0	466	0	6116	5206	0	14250	3254	668	0	0	0	0	0	0	0	0	398	0	0	0	534	0	3446	0	0	0	0	0	180	0	1588	0	162	0	184	0	426	0	3452	480	5006	682	248	0	412	0	0	0	0	0	0	0	330	0	0	0	1188	0	0	0	364	0	0	0	0	0	0	0	0	0	0	0	0	0	0	0	0	0	0	0	0	0	0	0	0	0	0	0	
575544	Cingulum_Mid_R	3530	3408	10102	33200	0	92	3648	3044	0	0	324	3864	110	6840	0	1820	646	924	16116	57924	0	0	10682	15908	0	144	0	0	1308	2420	3294	22732	14250	0	1938	7250	0	196	0	194	0	0	0	2526	0	4772	0	464	0	2022	0	866	0	0	0	270	0	1438	0	882	0	120	0	0	0	1020	524	11052	6960	20980	1682	166	896	454	138	0	0	0	116	94	0	222	0	148	0	2950	0	0	0	1102	0	0	0	0	0	0	0	0	0	0	0	0	0	0	0	0	0	0	0	0	0	0	0	0	0	0	
119572	Cingulum_Post_L	3780	482	222	208	0	0	132	0	0	0	0	0	0	0	0	0	0	0	1142	1820	0	0	0	0	0	0	0	0	276	0	0	0	3254	1938	0	8662	6432	4074	2734	1214	0	0	2370	394	160	222	1646	486	0	0	290	0	588	0	970	0	0	0	0	0	0	0	0	0	0	0	5040	2928	4328	458	0	0	198	0	0	0	764	2230	222	0	0	0	0	0	0	0	0	0	122	0	0	0	0	0	0	0	0	0	0	0	0	0	0	0	0	0	0	0	0	0	0	0	0	0	0	0	
136084	Cingulum_Post_R	246	706	0	312	0	0	146	0	0	0	0	0	0	0	0	0	0	0	0	6558	0	0	0	0	0	0	0	0	316	0	0	0	668	7250	8662	0	4954	6968	2038	2174	0	0	88	2312	0	308	290	2622	0	102	0	110	0	0	106	542	0	0	0	0	0	0	0	0	0	0	606	9220	770	5042	0	0	128	0	0	0	1218	2656	276	0	0	0	0	0	0	154	0	0	0	158	0	0	0	0	0	0	0	0	0	0	0	0	0	0	0	0	0	0	0	0	336	0	0	0	0	0	
203348	Hippocampus_L	1874	166	2546	528	0	0	1162	0	0	0	122	0	0	0	0	0	392	0	1582	386	134	0	0	0	0	0	0	0	6912	0	0	0	0	0	6432	4954	0	4232	14136	1236	4710	0	1728	0	0	0	3664	288	0	0	472	0	618	0	11450	0	154	0	0	0	0	0	0	0	0	0	2938	760	0	0	388	0	7880	178	184	0	2754	2858	1156	0	1826	0	158	0	1930	0	0	0	8668	0	0	0	0	0	0	0	0	0	118	0	0	0	0	0	0	0	0	0	0	0	0	0	0	0	0	0	
284684	Hippocampus_R	0	1390	470	2206	0	0	0	744	0	0	0	306	0	0	0	0	0	856	174	602	0	0	0	0	0	0	0	0	136	5136	0	114	0	196	4074	6968	4232	0	1890	18474	0	7926	0	2962	0	92	342	5100	0	0	0	204	0	2512	110	22504	0	738	0	0	0	152	0	852	0	0	258	4924	0	260	126	1086	212	9632	0	1090	1038	5690	88	1916	0	5674	0	198	0	3630	0	0	0	14338	0	0	0	0	0	0	0	546	0	0	0	0	0	0	0	0	0	0	0	0	174	0	0	0	0	0	
94224	ParaHippocampal_L	272	0	530	86	0	0	292	0	0	0	0	0	0	0	0	0	142	0	252	0	0	0	0	0	0	0	0	0	1790	0	0	0	0	0	2734	2038	14136	1890	0	586	978	0	876	0	0	0	3930	208	0	0	144	0	148	0	6980	0	0	0	0	0	0	0	0	0	0	0	1680	294	0	0	102	0	2250	0	0	0	1240	1022	0	0	302	0	188	0	188	0	0	0	1834	0	0	0	0	0	0	0	0	0	0	0	0	0	0	0	0	0	0	0	0	0	0	0	0	0	0	0	
147080	ParaHippocampal_R	0	156	0	176	0	0	0	140	0	0	0	0	0	0	0	144	0	220	0	166	0	348	0	0	0	0	0	0	0	1558	0	0	0	194	1214	2174	1236	18474	586	0	0	4738	0	1548	0	136	154	3988	0	196	0	0	0	1390	0	15732	0	294	0	0	0	94	0	542	0	0	0	1966	0	258	0	0	0	1250	0	152	230	1572	0	566	0	1764	0	2804	0	630	0	2550	0	3256	0	0	0	0	0	0	0	944	0	0	0	0	0	0	0	0	0	0	0	0	0	0	0	0	0	0	
29828	Amygdala_L	0	0	0	0	142	0	96	0	0	0	0	0	0	0	88	0	0	0	124	0	454	0	0	0	0	0	0	0	930	0	0	0	0	0	0	0	4710	0	978	0	0	0	0	0	0	0	0	0	0	0	0	0	0	0	3210	0	0	0	0	0	0	0	0	0	0	0	0	0	0	0	88	0	1956	0	0	0	266	0	0	0	86	0	132	0	0	0	0	0	1654	0	0	0	0	0	0	0	0	0	0	0	0	0	0	0	0	0	0	0	0	0	0	0	0	0	0	0	
47200	Amygdala_R	0	0	0	0	0	0	0	0	0	0	0	0	0	0	0	0	0	0	0	0	0	388	0	0	0	0	0	0	0	982	0	0	0	0	0	0	0	7926	0	4738	0	0	0	0	0	0	0	0	0	0	0	0	0	0	0	5128	0	0	0	0	0	0	0	0	0	0	0	0	0	0	0	86	0	1100	0	0	0	104	0	0	0	0	0	1406	0	0	0	704	0	1038	0	0	0	0	0	0	0	0	0	0	0	0	0	0	0	0	0	0	0	0	0	0	0	0	0	0	
217244	Calcarine_L	186	0	0	0	0	0	0	0	0	0	0	0	0	0	0	0	0	0	0	0	0	0	0	0	0	0	0	0	0	0	0	0	0	0	2370	88	1728	0	876	0	0	0	0	8634	14796	5224	14450	3148	8380	1660	19608	394	7268	0	2836	0	0	0	0	0	0	0	0	0	0	0	13188	740	514	0	0	0	0	0	0	0	0	0	0	0	0	0	0	0	1758	0	0	0	176	0	150	0	0	0	0	0	92	0	358	0	0	0	0	0	0	0	0	0	0	0	0	0	0	0	0	0	
320068	Calcarine_R	0	160	0	0	0	0	0	0	0	0	0	0	0	0	0	0	0	0	0	736	0	0	0	0	0	0	0	0	0	114	0	0	0	2526	394	2312	0	2962	0	1548	0	0	8634	0	6868	30154	1234	24194	1230	19200	200	14984	0	6376	0	7458	0	102	0	0	0	0	0	0	0	132	602	17910	260	3896	0	0	0	0	0	0	0	0	0	0	0	0	0	0	0	1956	0	0	0	2642	0	0	0	0	0	0	0	0	0	506	0	0	0	0	0	98	0	0	0	0	0	272	160	116	98	0	
187280	Cuneus_L	486	0	0	0	0	0	0	0	0	0	0	0	0	0	0	0	0	0	0	0	0	0	0	0	0	0	0	0	0	0	0	0	398	0	160	0	0	0	0	0	0	0	14796	6868	0	9454	2654	86	20312	2018	15316	400	3108	0	646	0	0	0	1884	0	142	0	0	0	0	0	12534	1204	720	0	0	0	0	0	0	0	0	0	0	0	0	0	0	0	454	0	0	0	0	0	0	0	0	0	0	0	0	0	0	0	0	0	0	0	0	0	0	0	0	0	0	0	0	0	0	0	
387852	Cuneus_R	106	152	0	0	0	0	0	0	0	0	0	0	0	0	0	0	0	0	0	2520	0	0	0	0	0	0	0	0	0	0	0	0	0	4772	222	308	0	92	0	136	0	0	5224	30154	9454	0	528	6480	1770	43594	390	16362	0	164	0	882	0	2552	0	7574	0	1014	0	0	0	2174	4802	37274	576	13100	0	0	0	0	0	0	0	0	0	0	0	0	0	0	0	970	0	0	0	580	0	0	0	0	0	0	0	0	0	0	0	0	0	0	0	0	0	0	0	0	0	0	0	0	0	0	
279340	Lingual_L	190	0	0	0	0	0	0	0	0	0	0	0	0	0	0	0	0	0	0	0	0	0	0	0	0	0	0	0	120	0	0	0	0	0	1646	290	3664	342	3930	154	0	0	14450	1234	2654	528	0	1838	2130	320	12342	144	9374	0	17762	374	0	0	0	0	0	0	0	0	0	0	7114	104	380	0	0	0	262	0	0	0	804	138	0	0	0	0	0	0	1080	0	0	0	188	0	8416	1522	744	282	174	0	13908	522	16852	1720	310	0	536	168	118	620	118	0	108	416	2512	3846	2262	140	92	728	
281024	Lingual_R	0	0	0	0	0	0	0	0	0	0	0	0	0	0	0	0	0	0	0	242	0	0	0	0	0	0	0	0	0	0	0	0	0	464	486	2622	288	5100	208	3988	0	0	3148	24194	86	6480	1838	0	0	6830	0	6172	0	4064	206	17380	0	0	0	0	0	0	0	0	0	0	0	7100	0	618	0	0	0	0	0	0	86	582	0	0	0	0	0	0	0	870	0	0	0	1640	1404	3878	272	708	0	0	2058	6136	2088	8220	0	0	370	602	344	980	222	186	0	0	5306	7942	2480	920	948	756	
180060	Occipital_Sup_L	0	0	0	0	0	0	0	0	0	0	0	0	0	0	0	0	98	0	0	0	0	0	0	0	0	0	0	0	0	0	0	0	534	0	0	0	0	0	0	0	0	0	8380	1230	20312	1770	2130	0	0	280	27248	0	2326	0	294	0	0	0	8446	0	1556	0	0	0	170	0	12986	230	244	0	0	0	0	0	0	0	0	0	0	0	0	0	0	0	1692	0	0	0	104	0	0	0	0	0	0	0	0	0	0	0	0	0	0	0	0	0	0	0	0	0	0	0	0	0	0	0	
312272	Occipital_Sup_R	0	102	0	0	0	0	0	0	0	0	0	0	0	0	0	0	0	0	0	1082	0	0	0	0	0	0	0	0	0	0	0	0	0	2022	0	102	0	0	0	196	0	0	1660	19200	2018	43594	320	6830	280	0	0	24576	0	412	0	1376	0	986	0	10256	0	1444	0	0	0	4512	2924	23052	136	6788	0	0	0	0	0	0	0	0	0	0	0	0	0	0	0	1618	0	0	0	540	0	0	0	0	0	0	0	0	0	110	0	0	0	0	0	0	0	0	0	0	0	0	0	0	0	0	
505008	Occipital_Mid_L	4606	0	0	0	0	0	0	0	0	0	0	0	0	0	0	0	2640	0	0	0	0	0	0	0	0	0	0	0	1234	0	0	0	3446	0	290	0	472	0	144	0	0	0	19608	200	15316	390	12342	0	27248	0	0	0	26064	0	8240	0	6490	0	14244	0	16762	0	1562	0	20522	0	15424	0	10348	0	0	0	166	0	0	0	134	0	940	0	2964	0	0	0	33406	0	0	0	6034	0	340	0	0	0	0	0	258	0	670	0	0	0	0	0	0	0	0	0	0	0	0	0	0	0	0	0	
232452	Occipital_Mid_R	0	0	0	0	0	0	0	0	0	0	0	0	0	0	0	0	0	0	0	548	0	0	0	0	0	0	0	0	0	0	0	0	0	866	0	110	0	204	0	0	0	0	394	14984	400	16362	144	6172	0	24576	0	0	0	3336	0	1620	0	464	0	6164	0	4118	0	0	0	12622	786	9562	0	2124	0	0	0	0	0	0	0	0	0	0	0	250	0	0	0	9618	0	0	0	802	0	0	0	0	0	0	0	0	0	0	0	0	0	0	0	0	0	0	0	0	0	0	0	0	0	0	
167184	Occipital_Inf_L	1766	0	0	0	0	0	0	0	0	0	0	0	0	0	0	0	284	0	0	0	0	0	0	0	0	0	0	0	342	0	0	0	0	0	588	0	618	0	148	0	0	0	7268	0	3108	0	9374	0	2326	0	26064	0	0	0	14264	0	298	0	0	0	350	0	0	0	502	0	2316	0	1056	0	0	0	124	0	0	0	0	0	650	0	266	0	0	0	5612	0	0	0	2602	0	1020	0	206	0	0	0	414	0	1684	0	0	0	0	0	0	0	0	0	0	0	0	228	114	0	0	0	
72328	Occipital_Inf_R	0	0	0	0	0	0	0	0	0	0	0	0	0	0	0	0	0	0	0	0	0	0	0	0	0	0	0	0	0	380	0	0	0	0	0	0	0	2512	0	1390	0	0	0	6376	0	164	0	4064	0	412	0	3336	0	0	0	8332	0	0	0	0	0	0	0	0	0	0	0	458	0	0	0	0	0	348	0	0	0	0	0	0	0	418	0	0	0	1128	0	0	0	4052	0	0	0	0	0	0	0	222	0	802	0	0	0	130	0	186	0	0	0	0	148	556	346	230	174	0	
304084	Fusiform_L	1244	0	398	0	0	0	182	0	0	0	0	0	0	0	0	0	136	0	286	0	0	0	0	0	0	0	0	0	2704	0	0	0	0	0	970	106	11450	110	6980	0	3210	0	2836	0	646	0	17762	206	294	0	8240	0	14264	0	0	114	158	0	0	0	170	0	0	0	108	0	1380	0	532	0	0	0	3478	0	0	0	416	0	1002	0	1850	0	874	0	4412	0	452	0	12790	0	13744	532	436	0	0	0	10900	122	21218	612	0	0	92	0	0	498	0	0	0	0	924	1738	948	0	0	518	
402372	Fusiform_R	0	304	0	318	0	0	0	234	0	0	0	0	0	0	0	0	0	136	0	272	0	0	0	0	0	0	0	0	0	2226	0	0	0	270	0	542	0	22504	0	15732	0	5128	0	7458	0	882	374	17380	0	1376	0	1620	0	8332	114	0	0	214	0	0	0	0	0	418	0	152	0	2006	0	358	0	0	0	3316	0	148	0	622	0	916	0	2158	0	3790	0	1704	0	1608	0	15160	788	16186	0	252	0	926	1488	16834	1264	24190	0	0	172	526	294	1382	196	546	0	568	7846	5340	1264	972	1122	1258	
220284	Postcentral_L	19906	94	3428	90	0	0	1716	0	0	0	3034	0	96	0	0	0	6990	0	276	98	0	0	0	0	0	0	0	0	3022	0	98	0	180	0	0	0	154	0	0	0	0	0	0	0	0	0	0	0	0	0	6490	0	298	0	158	0	0	0	6260	0	22506	0	11350	0	1924	0	978	0	5822	0	1034	0	518	0	172	0	2992	0	848	0	4228	0	0	0	3728	0	0	0	1654	0	0	0	0	0	0	0	0	0	0	0	0	0	0	0	0	0	0	0	0	0	0	0	0	0	0	0	
131984	Postcentral_R	0	7662	0	1360	0	0	0	950	0	0	0	1504	0	90	0	0	0	2476	0	844	0	0	0	0	0	0	0	0	0	658	0	0	0	1438	0	0	0	738	0	294	0	0	0	102	0	2552	0	0	0	986	0	464	0	0	0	214	0	0	0	6618	0	6622	0	13140	0	116	140	6732	0	6490	0	0	0	384	0	0	0	0	0	536	0	1310	0	0	0	788	0	0	0	784	0	0	0	0	0	0	0	0	0	0	0	0	0	0	0	0	0	0	0	0	0	0	0	0	0	0	
137484	Parietal_Sup_L	786	0	0	0	0	0	0	0	0	0	0	0	0	0	0	0	468	0	0	0	0	0	0	0	0	0	0	0	300	0	0	0	1588	0	0	0	0	0	0	0	0	0	0	0	1884	0	0	0	8446	0	14244	0	0	0	0	0	6260	0	0	0	11672	0	670	0	2546	0	10960	138	2436	0	0	0	0	0	0	0	0	0	0	0	1682	0	0	0	2956	0	0	0	1706	0	0	0	0	0	0	0	0	0	0	0	0	0	0	0	0	0	0	0	0	0	0	0	0	0	0	0	
130376	Parietal_Sup_R	0	0	0	0	0	0	0	0	0	0	0	0	0	0	0	0	0	0	0	454	0	0	0	0	0	0	0	0	0	0	0	0	0	882	0	0	0	0	0	0	0	0	0	0	0	7574	0	0	0	10256	0	6164	0	0	0	0	0	6618	0	0	0	7372	0	632	0	8648	274	13680	0	2270	0	0	0	0	0	0	0	0	0	0	0	0	0	0	0	162	0	0	0	202	0	0	0	0	0	0	0	0	0	0	0	0	0	0	0	0	0	0	0	0	0	0	0	0	0	0	
220796	Parietal_Inf_L	5118	0	440	0	0	0	520	0	0	0	1342	0	0	0	0	0	1124	0	248	0	0	0	0	0	0	0	0	0	798	0	0	0	162	0	0	0	0	0	0	0	0	0	0	0	142	0	0	0	1556	0	16762	0	350	0	170	0	22506	0	11672	0	0	0	12598	0	17572	0	522	0	2124	0	194	0	164	0	0	0	208	0	112	0	2902	0	0	0	6832	0	0	0	4260	0	0	0	0	0	0	0	0	0	0	0	0	0	0	0	0	0	0	0	0	0	0	0	0	0	0	0	
107064	Parietal_Inf_R	0	468	0	0	0	0	0	0	0	0	0	0	0	0	0	0	0	570	0	168	0	0	0	0	0	0	0	0	0	0	0	0	0	120	0	0	0	152	0	94	0	0	0	0	0	1014	0	0	0	1444	0	4118	0	0	0	0	0	6622	0	7372	0	0	0	8990	0	15898	202	2586	0	386	0	0	0	0	0	0	0	0	0	0	0	996	0	0	0	1658	0	0	0	674	0	0	0	0	0	0	0	0	0	0	0	0	0	0	0	0	0	0	0	0	0	0	0	0	0	0	
146480	SupraMarginal_L	2096	0	1020	0	0	0	408	0	0	0	798	0	0	0	0	0	4672	0	138	0	0	0	0	0	0	0	0	0	2136	0	0	0	184	0	0	0	0	0	0	0	0	0	0	0	0	0	0	0	0	0	1562	0	0	0	0	0	11350	0	670	0	12598	0	0	0	10938	0	386	0	0	0	496	0	0	0	0	0	0	0	452	0	8480	0	0	0	10904	0	0	0	3952	0	0	0	0	0	0	0	0	0	0	0	0	0	0	0	0	0	0	0	0	0	0	0	0	0	0	0	
118752	SupraMarginal_R	0	1120	0	174	0	0	0	100	0	0	0	0	0	0	0	0	0	4864	0	158	0	0	0	0	0	0	0	0	0	204	0	0	0	0	0	0	0	852	0	542	0	0	0	0	0	0	0	0	0	0	0	0	0	0	0	418	0	13140	0	632	0	8990	0	0	0	10116	0	0	0	118	0	0	0	0	0	0	0	0	0	124	0	9792	0	0	0	5432	0	0	0	2600	0	0	0	0	0	0	0	0	0	0	0	0	0	0	0	0	0	0	0	0	0	0	0	0	0	0	
168512	Angular_L	1214	0	94	0	0	0	0	0	0	0	292	0	0	0	0	0	698	0	0	0	0	0	0	0	0	0	0	0	304	0	0	0	426	0	0	0	0	0	0	0	0	0	0	0	0	0	0	0	170	0	20522	0	502	0	108	0	1924	0	2546	0	17572	0	10938	0	0	0	358	0	1670	0	0	0	0	0	0	0	0	0	108	0	2312	0	0	0	16328	0	0	0	6170	0	0	0	0	0	0	0	0	0	0	0	0	0	0	0	0	0	0	0	0	0	0	0	0	0	0	0	
172764	Angular_R	0	98	0	0	0	0	0	0	0	0	0	0	0	0	0	0	0	966	0	1010	0	0	0	0	0	0	0	0	0	0	0	0	0	1020	0	0	0	0	0	0	0	0	0	132	0	2174	0	0	0	4512	0	12622	0	0	0	152	0	116	0	8648	0	15898	0	10116	0	0	418	3872	0	1198	0	0	0	0	0	0	0	0	0	0	0	6750	0	0	0	12426	0	0	0	4254	0	0	0	0	0	0	0	0	0	0	0	0	0	0	0	0	0	0	0	0	0	0	0	0	0	0	
252264	Precuneus_L	1618	0	0	0	0	0	0	0	0	0	0	0	0	0	0	0	394	0	0	250	0	0	0	0	0	0	0	0	256	0	0	0	3452	524	5040	606	2938	258	1680	0	0	0	13188	602	12534	4802	7114	0	12986	2924	15424	786	2316	0	1380	0	978	140	10960	274	522	202	386	0	358	418	0	9836	3626	1674	0	0	0	0	0	0	200	0	0	0	604	0	0	0	3392	218	0	0	1046	226	0	0	0	0	0	0	0	0	0	0	0	0	0	0	0	0	0	0	0	0	0	0	0	0	0	0	
403772	Precuneus_R	282	416	0	0	0	0	0	0	0	0	0	0	0	0	0	0	0	132	246	5384	0	0	0	0	0	0	0	0	0	124	0	0	480	11052	2928	9220	760	4924	294	1966	0	0	740	17910	1204	37274	104	7100	230	23052	0	9562	0	458	0	2006	0	6732	138	13680	0	2586	0	0	0	3872	9836	0	1138	21396	0	0	0	0	0	0	112	212	0	86	0	0	0	0	0	1670	0	0	0	2058	0	0	0	0	0	0	0	0	0	0	0	0	0	0	0	0	0	0	0	0	522	0	0	0	0	0	
240912	Paracentral_Lobule_L	24862	9288	1400	6720	0	0	166	0	0	0	0	0	0	0	0	0	990	0	7436	12298	0	0	0	0	0	0	0	0	712	0	0	0	5006	6960	4328	770	0	0	0	0	0	0	514	260	720	576	380	0	244	136	10348	0	1056	0	532	0	5822	0	2436	0	2124	0	0	0	1670	0	3626	1138	0	2270	0	400	0	0	0	0	0	214	0	0	144	0	0	0	4036	248	0	0	540	86	0	0	0	0	0	0	0	0	0	0	0	0	0	0	0	0	0	0	0	0	0	0	0	0	0	0	
232360	Paracentral_Lobule_R	558	2308	0	156	0	0	0	0	0	0	0	0	0	0	0	0	0	114	0	16828	0	0	0	0	0	0	0	0	0	174	0	0	682	20980	458	5042	0	260	0	258	0	0	0	3896	0	13100	0	618	0	6788	0	2124	0	0	0	358	0	6490	0	2270	0	386	0	118	0	1198	1674	21396	2270	0	0	0	0	0	0	0	0	0	0	408	0	282	0	0	0	3676	0	0	0	1310	0	0	0	0	0	0	0	0	0	0	0	0	0	0	0	0	0	0	0	0	0	0	0	0	0	0	
410984	Caudate_L	1926	438	12988	10802	1446	1824	8656	1612	316	0	4770	8400	1102	5404	588	664	2868	376	8696	9420	6640	7822	518	1052	136	0	846	1982	6368	8332	14890	9006	248	1682	0	0	388	126	102	0	88	0	0	0	0	0	0	0	0	0	0	0	0	0	0	0	1034	0	0	0	194	0	496	0	0	0	0	0	0	0	0	18486	24888	7028	1786	960	6772	314	0	0	256	0	756	0	0	0	0	0	0	0	0	0	0	0	0	0	0	0	0	0	0	0	0	0	0	0	0	0	0	0	0	0	0	0	0	0	
362884	Caudate_R	868	4714	1508	23898	144	3018	192	4158	0	318	642	3594	202	2076	0	1964	220	644	1170	11286	4972	7848	0	1770	0	1670	154	1904	868	6956	7608	18878	0	166	0	0	0	1086	0	0	0	86	0	0	0	0	0	0	0	0	0	0	0	0	0	0	0	0	0	0	0	0	0	0	0	0	0	0	400	0	18486	0	9118	18018	890	2078	944	16716	0	0	0	0	100	110	0	0	0	0	0	0	0	0	0	0	0	0	0	0	0	0	0	0	0	0	0	0	0	0	0	0	0	0	0	0	0	0	
391564	Putamen_L	1926	112	24360	2040	7292	1362	2600	598	3032	0	554	1274	1658	1096	4118	432	572	0	14704	2486	5024	5216	766	212	352	0	278	1554	17244	1740	13656	4102	412	896	198	128	7880	212	2250	0	1956	0	0	0	0	0	262	0	0	0	166	0	124	0	3478	0	518	0	0	0	164	0	0	0	0	0	0	0	0	0	24888	9118	0	4300	5302	96	4090	302	540	0	2212	0	178	0	1172	0	0	0	4580	0	0	0	0	0	0	0	0	0	0	0	0	0	0	0	0	0	0	0	0	0	0	0	0	0	0	0	
292032	Putamen_R	0	1488	310	14236	0	2026	0	7992	0	364	98	3854	0	1586	0	3506	0	1916	144	5812	1316	3148	0	3024	0	1086	0	692	122	23084	2322	8818	0	454	0	0	178	9632	0	1250	0	1100	0	0	0	0	0	0	0	0	0	0	0	348	0	3316	0	384	0	0	0	0	0	0	0	0	0	0	0	0	7028	18018	4300	0	686	3396	0	2896	0	370	0	1840	0	886	0	796	0	0	0	2194	0	0	0	0	0	0	0	0	0	0	0	0	0	0	0	0	0	0	0	0	0	0	0	0	0	0	
39728	Pallidum_L	368	0	4990	0	0	0	392	0	0	0	0	0	0	0	0	0	0	0	2496	194	140	534	0	0	0	0	0	0	90	0	0	0	0	138	0	0	184	0	0	0	0	0	0	0	0	0	0	0	0	0	0	0	0	0	0	0	172	0	0	0	0	0	0	0	0	0	0	0	0	0	1786	890	5302	686	0	0	1416	86	0	0	0	0	0	0	0	0	0	0	0	0	0	0	0	0	0	0	0	0	0	0	0	0	0	0	0	0	0	0	0	0	0	0	0	0	0	0	
22944	Pallidum_R	0	196	0	1048	0	0	0	126	0	0	0	0	0	0	0	0	0	0	0	1502	0	332	0	0	0	0	0	0	0	204	0	0	0	0	0	0	0	1090	0	152	0	0	0	0	0	0	0	0	0	0	0	0	0	0	0	148	0	0	0	0	0	0	0	0	0	0	0	0	0	0	960	2078	96	3396	0	0	0	144	0	0	0	0	0	0	0	0	0	0	0	0	0	0	0	0	0	0	0	0	0	0	0	0	0	0	0	0	0	0	0	0	0	0	0	0	0	0	
130540	Thalamus_L	4056	1542	7312	2036	0	0	5880	0	0	0	0	0	0	0	0	0	390	0	4952	1026	0	0	0	0	0	0	0	0	2422	0	0	0	0	0	764	1218	2754	1038	1240	230	266	0	0	0	0	0	804	86	0	0	134	0	0	0	416	0	2992	0	0	0	208	0	0	0	0	0	200	112	0	0	6772	944	4090	0	1416	0	0	7826	802	0	530	0	0	0	502	0	0	0	310	0	0	0	0	0	0	0	0	0	0	0	0	0	0	0	0	0	0	0	0	0	0	0	0	0	0	0	
183232	Thalamus_R	610	7186	732	24718	0	0	344	0	0	0	0	110	0	0	0	0	0	396	214	7650	0	0	0	0	0	0	0	0	286	664	170	428	0	0	2230	2656	2858	5690	1022	1572	0	104	0	0	0	0	138	582	0	0	0	0	0	0	0	622	0	0	0	0	0	0	0	0	0	0	0	212	214	0	314	16716	302	2896	86	144	7826	0	90	0	0	354	0	0	0	876	0	0	0	604	0	0	0	0	0	0	0	0	0	0	0	0	0	0	0	0	0	0	0	0	0	0	0	0	0	0	
71812	Heschl_L	2884	0	1414	0	0	0	1008	0	0	0	360	0	0	0	0	0	2380	0	306	152	0	0	0	0	0	0	0	0	7944	0	0	0	0	116	222	276	1156	88	0	0	0	0	0	0	0	0	0	0	0	0	940	0	650	0	1002	0	848	0	0	0	112	0	452	0	108	0	0	0	0	0	0	0	540	0	0	0	802	90	0	0	4866	0	0	0	5062	0	0	0	2128	0	0	0	0	0	0	0	0	0	0	0	0	0	0	0	0	0	0	0	0	0	0	0	0	0	0	0	
35808	Heschl_R	0	910	0	204	0	0	0	0	0	0	0	118	0	0	0	0	0	2048	0	340	0	0	0	0	0	0	0	0	0	2260	0	0	0	94	0	0	0	1916	0	566	0	0	0	0	0	0	0	0	0	0	0	0	0	0	0	916	0	536	0	0	0	0	0	124	0	0	0	86	0	408	0	0	0	370	0	0	0	0	0	0	0	4896	0	204	0	706	0	0	0	1202	0	0	0	0	0	0	0	0	0	0	0	0	0	0	0	0	0	0	0	0	0	0	0	0	0	0	
222176	Temporal_Sup_L	3040	0	3808	0	0	0	1288	0	0	0	1076	0	212	0	1372	0	7502	0	1634	114	102	0	0	0	0	0	0	0	12410	0	0	0	330	0	0	0	1826	0	302	0	86	0	0	0	0	0	0	0	0	0	2964	0	266	0	1850	0	4228	0	1682	0	2902	0	8480	0	2312	0	604	0	144	0	256	0	2212	0	0	0	530	0	4866	0	0	0	4548	0	25382	0	0	0	12760	0	0	0	0	0	0	0	0	0	0	0	0	0	0	0	0	0	0	0	0	0	0	0	0	0	0	0	
165076	Temporal_Sup_R	0	786	0	1084	0	0	0	510	0	0	0	340	0	0	0	0	0	8532	0	596	0	0	0	0	0	0	0	0	0	3636	0	0	0	222	0	0	0	5674	0	1764	0	0	0	0	0	0	0	0	0	0	0	250	0	418	0	2158	0	1310	0	0	0	996	0	9792	0	6750	0	0	0	282	0	0	0	1840	0	0	0	354	0	4896	0	0	0	3600	0	19038	0	600	0	7110	0	0	0	0	0	0	0	0	0	0	0	0	0	0	0	0	0	0	0	0	0	0	0	0	0	0	
71156	Temporal_Pole_Sup_L	0	0	226	168	98	0	252	0	356	0	2220	440	1174	146	3326	0	1766	0	122	0	200	0	0	130	0	0	0	0	3378	412	140	250	0	0	0	0	158	0	188	0	132	0	0	0	0	0	0	0	0	0	0	0	0	0	874	0	0	0	0	0	0	0	0	0	0	0	0	0	0	0	756	100	178	0	0	0	0	0	0	0	4548	0	0	0	6254	0	1934	0	5652	0	0	0	0	0	0	0	0	0	0	0	0	0	0	0	0	0	0	0	0	0	0	0	0	0	0	0	
71852	Temporal_Pole_Sup_R	0	0	0	330	0	158	0	0	0	0	0	470	0	0	0	1788	0	1588	0	212	0	262	0	0	0	0	0	276	0	3098	0	0	0	148	0	0	0	198	0	2804	0	1406	0	0	0	0	0	0	0	0	0	0	0	0	0	3790	0	0	0	0	0	0	0	0	0	0	0	0	0	0	0	110	0	886	0	0	0	0	0	204	0	3600	0	0	0	3188	0	6416	0	4994	0	0	0	0	0	0	0	0	0	0	0	0	0	0	0	0	0	0	0	0	0	0	0	0	0	0	
392660	Temporal_Mid_L	3254	0	498	0	0	0	114	0	0	0	90	0	0	0	0	0	1660	0	128	0	0	0	0	0	0	0	0	0	4168	0	0	0	1188	0	0	0	1930	0	188	0	0	0	1758	0	454	0	1080	0	1692	0	33406	0	5612	0	4412	0	3728	0	2956	0	6832	0	10904	0	16328	0	3392	0	4036	0	0	0	1172	0	0	0	502	0	5062	0	25382	0	6254	0	0	0	2778	0	45260	0	112	0	0	0	0	0	0	0	0	0	0	0	0	0	0	0	0	0	0	0	0	0	0	0	0	0	
237700	Temporal_Mid_R	120	1786	0	568	0	0	0	90	0	0	0	0	0	0	0	0	0	2168	0	3106	0	0	0	0	0	0	0	0	0	670	0	0	0	2950	0	154	0	3630	0	630	0	0	0	1956	0	970	0	870	0	1618	0	9618	0	1128	0	1704	0	788	0	162	0	1658	0	5432	0	12426	218	1670	248	3676	0	0	0	796	0	0	0	876	0	706	0	19038	0	3188	0	0	0	2488	0	31744	0	0	0	0	0	0	0	0	0	0	0	0	0	0	0	0	0	0	0	0	0	0	0	0	0	0	
15800	Temporal_Pole_Mid_L	0	0	0	0	0	0	0	0	0	0	0	0	0	0	0	0	0	0	0	0	0	0	0	0	0	0	0	0	0	0	0	0	0	0	0	0	0	0	0	0	0	0	0	0	0	0	0	0	0	0	0	0	0	0	452	0	0	0	0	0	0	0	0	0	0	0	0	0	0	0	0	0	0	0	0	0	0	0	0	0	0	0	1934	0	2778	0	0	0	2736	0	0	0	0	0	0	0	0	0	0	0	0	0	0	0	0	0	0	0	0	0	0	0	0	0	0	0	
32312	Temporal_Pole_Mid_R	0	0	0	0	0	0	0	0	0	0	0	0	0	0	0	0	0	0	0	0	0	0	0	0	0	0	0	0	0	0	0	0	0	0	0	0	0	0	0	2550	0	704	0	0	0	0	0	0	0	0	0	0	0	0	0	1608	0	0	0	0	0	0	0	0	0	0	0	0	0	0	0	0	0	0	0	0	0	0	0	0	0	600	0	6416	0	2488	0	0	0	1790	0	0	0	0	0	0	0	0	0	0	0	0	0	0	0	0	0	0	0	0	0	0	0	0	0	0	
277616	Temporal_Inf_L	1024	0	1002	0	0	0	184	0	0	0	134	0	0	0	0	0	884	0	832	0	86	0	0	0	0	0	0	0	6188	0	0	0	364	0	122	0	8668	0	1834	0	1654	0	176	0	0	0	188	0	104	0	6034	0	2602	0	12790	0	1654	0	1706	0	4260	0	3952	0	6170	0	1046	0	540	0	0	0	4580	0	0	0	310	0	2128	0	12760	0	5652	0	45260	0	2736	0	0	0	958	0	0	0	0	0	0	0	226	0	0	0	0	0	0	0	0	0	0	0	0	0	0	0	0	0	
227580	Temporal_Inf_R	0	1918	0	702	0	0	0	0	0	0	0	0	0	0	0	0	0	508	0	1130	0	0	0	0	0	0	0	0	0	1546	0	0	0	1102	0	158	0	14338	0	3256	0	1038	0	2642	0	580	0	1640	0	540	0	802	0	4052	0	15160	0	784	0	202	0	674	0	2600	0	4254	226	2058	86	1310	0	0	0	2194	0	0	0	604	0	1202	0	7110	0	4994	0	31744	0	1790	0	0	0	570	0	0	0	0	0	0	0	276	0	0	0	0	0	0	0	0	0	0	0	0	0	0	0	0	
432648	Cerebelum_Crus1_L	0	0	0	0	0	0	0	0	0	0	0	0	0	0	0	0	0	0	0	0	0	0	0	0	0	0	0	0	0	0	0	0	0	0	0	0	0	0	0	0	0	0	150	0	0	0	8416	1404	0	0	340	0	1020	0	13744	788	0	0	0	0	0	0	0	0	0	0	0	0	0	0	0	0	0	0	0	0	0	0	0	0	0	0	0	0	112	0	0	0	958	0	0	3148	26922	1194	188	0	17968	1016	50680	3566	13084	194	19412	3378	4004	2524	5442	0	210	246	3222	10616	14038	4344	2748	1248	
383012	Cerebelum_Crus1_R	0	0	0	0	0	0	0	0	0	0	0	0	0	0	0	0	0	0	0	0	0	0	0	0	0	0	0	0	0	0	0	0	0	0	0	0	0	0	0	0	0	0	0	0	0	0	1522	3878	0	0	0	0	0	0	532	16186	0	0	0	0	0	0	0	0	0	0	0	0	0	0	0	0	0	0	0	0	0	0	0	0	0	0	0	0	0	0	0	0	0	570	3148	0	2170	27054	0	2618	718	17092	3880	48046	0	8142	154	21896	0	3556	0	2140	0	774	4510	10270	10046	1242	864	498	
254192	Cerebelum_Crus2_L	0	0	0	0	0	0	0	0	0	0	0	0	0	0	0	0	0	0	0	0	0	0	0	0	0	0	0	0	0	0	0	0	0	0	0	0	0	0	0	0	0	0	0	0	0	0	744	272	0	0	0	0	206	0	436	0	0	0	0	0	0	0	0	0	0	0	0	0	0	0	0	0	0	0	0	0	0	0	0	0	0	0	0	0	0	0	0	0	0	0	26922	2170	0	2632	0	0	584	0	3602	1940	29988	1848	29036	4902	4920	844	150	0	0	0	138	2864	7190	4740	828	140	
237716	Cerebelum_Crus2_R	0	0	0	0	0	0	0	0	0	0	0	0	0	0	0	0	0	0	0	0	0	0	0	0	0	0	0	0	0	0	0	0	0	0	0	0	0	0	0	0	0	0	0	0	0	0	282	708	0	0	0	0	0	0	0	252	0	0	0	0	0	0	0	0	0	0	0	0	0	0	0	0	0	0	0	0	0	0	0	0	0	0	0	0	0	0	0	0	0	0	1194	27054	2632	0	0	0	88	0	782	4380	1092	27402	2062	33562	526	4850	0	426	0	0	0	1626	6818	2282	840	0	
29856	Cerebelum_3_L	0	0	0	0	0	0	0	0	0	0	0	0	0	0	0	0	0	0	0	0	0	0	0	0	0	0	0	0	0	0	0	0	0	0	0	0	0	0	0	0	0	0	0	0	0	0	174	0	0	0	0	0	0	0	0	0	0	0	0	0	0	0	0	0	0	0	0	0	0	0	0	0	0	0	0	0	0	0	0	0	0	0	0	0	0	0	0	0	0	0	188	0	0	0	0	140	7668	0	318	0	0	0	0	0	696	98	0	0	1466	2036	2144	0	0	0	0	0	
37524	Cerebelum_3_R	0	0	0	0	0	0	0	0	0	0	0	0	0	0	0	0	0	0	0	0	0	0	0	0	0	0	0	0	0	0	0	0	0	0	0	0	0	0	0	0	0	0	0	0	0	0	0	0	0	0	0	0	0	0	0	926	0	0	0	0	0	0	0	0	0	0	0	0	0	0	0	0	0	0	0	0	0	0	0	0	0	0	0	0	0	0	0	0	0	0	0	2618	0	0	140	0	362	5306	0	3674	0	0	0	0	0	160	0	0	156	4166	1254	0	0	0	0	0	
244992	Cerebelum_4_5_L	0	0	0	0	0	0	0	0	0	0	0	0	0	0	0	0	0	0	0	0	0	0	0	0	0	0	0	0	0	0	0	0	0	0	0	0	0	0	0	0	0	0	92	0	0	0	13908	2058	0	0	258	0	414	0	10900	1488	0	0	0	0	0	0	0	0	0	0	0	0	0	0	0	0	0	0	0	0	0	0	0	0	0	0	0	0	0	0	0	0	0	0	17968	718	584	88	7668	362	0	2934	29578	1874	874	0	1746	98	1860	1550	1236	0	1398	2550	11918	4120	1570	94	380	2210	
219076	Cerebelum_4_5_R	0	0	0	0	0	0	0	0	0	0	0	0	0	0	0	0	0	0	0	0	0	0	0	0	0	0	0	0	0	0	0	0	0	0	0	0	0	546	0	944	0	0	0	0	0	0	522	6136	0	0	0	0	0	222	122	16834	0	0	0	0	0	0	0	0	0	0	0	0	0	0	0	0	0	0	0	0	0	0	0	0	0	0	0	0	0	0	0	0	0	0	1016	17092	0	0	0	5306	2934	0	1652	27108	0	0	224	1372	360	1620	252	1334	0	2110	13744	3850	622	642	968	2006	
393068	Cerebelum_6_L	0	0	0	0	0	0	0	0	0	0	0	0	0	0	0	0	0	0	0	0	0	0	0	0	0	0	0	0	0	0	0	0	0	0	0	0	118	0	0	0	0	0	358	0	0	0	16852	2088	0	0	670	0	1684	0	21218	1264	0	0	0	0	0	0	0	0	0	0	0	0	0	0	0	0	0	0	0	0	0	0	0	0	0	0	0	0	0	0	0	0	226	0	50680	3880	3602	782	318	0	29578	1652	0	5012	3810	0	7140	1362	1930	1776	5776	120	348	432	5710	14264	10422	1248	924	1290	
400164	Cerebelum_6_R	0	0	0	0	0	0	0	0	0	0	0	0	0	0	0	0	0	0	0	0	0	0	0	0	0	0	0	0	0	0	0	0	0	0	0	0	0	0	0	0	0	0	0	506	0	0	1720	8220	0	110	0	0	0	802	612	24190	0	0	0	0	0	0	0	0	0	0	0	0	0	0	0	0	0	0	0	0	0	0	0	0	0	0	0	0	0	0	0	0	0	276	3566	48046	1940	4380	0	3674	1874	27108	5012	0	0	680	152	10486	356	5146	298	5760	0	882	10414	16194	10370	2640	2580	2088	
199888	Cerebelum_7b_L	0	0	0	0	0	0	0	0	0	0	0	0	0	0	0	0	0	0	0	0	0	0	0	0	0	0	0	0	0	0	0	0	0	0	0	0	0	0	0	0	0	0	0	0	0	0	310	0	0	0	0	0	0	0	0	0	0	0	0	0	0	0	0	0	0	0	0	0	0	0	0	0	0	0	0	0	0	0	0	0	0	0	0	0	0	0	0	0	0	0	13084	0	29988	1092	0	0	874	0	3810	0	0	1630	32990	3804	4800	288	1292	0	0	0	0	176	1506	4006	294	0	
146116	Cerebelum_7b_R	0	0	0	0	0	0	0	0	0	0	0	0	0	0	0	0	0	0	0	0	0	0	0	0	0	0	0	0	0	0	0	0	0	0	0	0	0	0	0	0	0	0	0	0	0	0	0	0	0	0	0	0	0	0	0	0	0	0	0	0	0	0	0	0	0	0	0	0	0	0	0	0	0	0	0	0	0	0	0	0	0	0	0	0	0	0	0	0	0	0	194	8142	1848	27402	0	0	0	0	0	680	1630	0	1456	26782	0	1650	0	0	0	0	0	0	1014	2260	0	0	
284432	Cerebelum_8_L	0	0	0	0	0	0	0	0	0	0	0	0	0	0	0	0	0	0	0	0	0	0	0	0	0	0	0	0	0	0	0	0	0	0	0	0	0	0	0	0	0	0	0	0	0	0	536	370	0	0	0	0	0	0	92	172	0	0	0	0	0	0	0	0	0	0	0	0	0	0	0	0	0	0	0	0	0	0	0	0	0	0	0	0	0	0	0	0	0	0	19412	154	29036	2062	0	0	1746	224	7140	152	32990	1456	0	7370	16092	2320	2324	0	0	0	556	1036	4440	8520	3434	582	
333764	Cerebelum_8_R	0	0	0	0	0	0	0	0	0	0	0	0	0	0	0	0	0	0	0	0	0	0	0	0	0	0	0	0	0	0	0	0	0	0	0	0	0	0	0	0	0	0	0	0	0	0	168	602	0	0	0	0	0	130	0	526	0	0	0	0	0	0	0	0	0	0	0	0	0	0	0	0	0	0	0	0	0	0	0	0	0	0	0	0	0	0	0	0	0	0	3378	21896	4902	33562	0	0	98	1372	1362	10486	3804	26782	7370	0	1932	15790	620	2996	0	0	956	3440	9520	10552	4196	442	
105444	Cerebelum_9_L	0	0	0	0	0	0	0	0	0	0	0	0	0	0	0	0	0	0	0	0	0	0	0	0	0	0	0	0	0	0	0	0	0	0	0	0	0	0	0	0	0	0	0	0	0	0	118	344	0	0	0	0	0	0	0	294	0	0	0	0	0	0	0	0	0	0	0	0	0	0	0	0	0	0	0	0	0	0	0	0	0	0	0	0	0	0	0	0	0	0	4004	0	4920	526	696	0	1860	360	1930	356	4800	0	16092	1932	0	1516	2436	0	0	132	1354	1402	1790	2488	2476	896	
169268	Cerebelum_9_R	0	0	0	0	0	0	0	0	0	0	0	0	0	0	0	0	0	0	0	0	0	0	0	0	0	0	0	0	0	0	0	0	0	0	0	0	0	0	0	0	0	0	0	98	0	0	620	980	0	0	0	0	0	186	498	1382	0	0	0	0	0	0	0	0	0	0	0	0	0	0	0	0	0	0	0	0	0	0	0	0	0	0	0	0	0	0	0	0	0	0	2524	3556	844	4850	98	160	1550	1620	1776	5146	288	1650	2320	15790	1516	0	470	1844	248	430	2988	6790	6280	5944	7840	4348	
51752	Cerebelum_10_L	0	0	0	0	0	0	0	0	0	0	0	0	0	0	0	0	0	0	0	0	0	0	0	0	0	0	0	0	0	0	0	0	0	0	0	0	0	0	0	0	0	0	0	0	0	0	118	222	0	0	0	0	0	0	0	196	0	0	0	0	0	0	0	0	0	0	0	0	0	0	0	0	0	0	0	0	0	0	0	0	0	0	0	0	0	0	0	0	0	0	5442	0	150	0	0	0	1236	252	5776	298	1292	0	2324	620	2436	470	0	0	0	0	452	1396	1646	716	586	248	
37868	Cerebelum_10_R	0	0	0	0	0	0	0	0	0	0	0	0	0	0	0	0	0	0	0	0	0	0	0	0	0	0	0	0	0	0	0	0	0	0	0	0	0	0	0	0	0	0	0	0	0	0	0	186	0	0	0	0	0	0	0	546	0	0	0	0	0	0	0	0	0	0	0	0	0	0	0	0	0	0	0	0	0	0	0	0	0	0	0	0	0	0	0	0	0	0	0	2140	0	426	0	0	0	1334	120	5760	0	0	0	2996	0	1844	0	0	0	0	558	930	798	278	656	362	
22296	Vermis_1_2	0	0	0	0	0	0	0	0	0	0	0	0	0	0	0	0	0	0	0	0	0	0	0	0	0	0	0	0	0	0	0	0	0	0	0	0	0	0	0	0	0	0	0	0	0	0	108	0	0	0	0	0	0	0	0	0	0	0	0	0	0	0	0	0	0	0	0	0	0	0	0	0	0	0	0	0	0	0	0	0	0	0	0	0	0	0	0	0	0	0	210	0	0	0	1466	156	1398	0	348	0	0	0	0	0	0	248	0	0	0	5628	1494	0	92	0	0	0	
47332	Vermis_3	0	0	0	0	0	0	0	0	0	0	0	0	0	0	0	0	0	0	0	0	0	0	0	0	0	0	0	0	0	0	0	0	0	0	0	0	0	0	0	0	0	0	0	0	0	0	416	0	0	0	0	0	0	0	0	568	0	0	0	0	0	0	0	0	0	0	0	0	0	0	0	0	0	0	0	0	0	0	0	0	0	0	0	0	0	0	0	0	0	0	246	774	0	0	2036	4166	2550	2110	432	882	0	0	0	0	132	430	0	0	5628	0	3074	116	106	0	0	0	
193756	Vermis_4_5	0	0	0	0	0	0	0	0	0	0	0	0	0	0	0	0	0	0	0	0	0	0	0	0	0	0	0	0	0	0	0	0	0	0	0	336	0	174	0	0	0	0	0	0	0	0	2512	5306	0	0	0	0	0	148	924	7846	0	0	0	0	0	0	0	0	0	0	0	522	0	0	0	0	0	0	0	0	0	0	0	0	0	0	0	0	0	0	0	0	0	0	3222	4510	138	0	2144	1254	11918	13744	5710	10414	0	0	556	956	1354	2988	452	558	1494	3074	0	7274	1014	700	1388	4248	
273600	Vermis_6	0	0	0	0	0	0	0	0	0	0	0	0	0	0	0	0	0	0	0	0	0	0	0	0	0	0	0	0	0	0	0	0	0	0	0	0	0	0	0	0	0	0	0	272	0	0	3846	7942	0	0	0	0	228	556	1738	5340	0	0	0	0	0	0	0	0	0	0	0	0	0	0	0	0	0	0	0	0	0	0	0	0	0	0	0	0	0	0	0	0	0	0	10616	10270	2864	1626	0	0	4120	3850	14264	16194	176	0	1036	3440	1402	6790	1396	930	0	116	7274	0	15842	4664	4812	5196	
257820	Vermis_7	0	0	0	0	0	0	0	0	0	0	0	0	0	0	0	0	0	0	0	0	0	0	0	0	0	0	0	0	0	0	0	0	0	0	0	0	0	0	0	0	0	0	0	160	0	0	2262	2480	0	0	0	0	114	346	948	1264	0	0	0	0	0	0	0	0	0	0	0	0	0	0	0	0	0	0	0	0	0	0	0	0	0	0	0	0	0	0	0	0	0	0	14038	10046	7190	6818	0	0	1570	622	10422	10370	1506	1014	4440	9520	1790	6280	1646	798	92	106	1014	15842	0	9226	5708	1278	
