data	data	406380	339288	750772	1.06298e+06	191572	114780	384976	208652	131244	20108	457136	237364	417804	202384	199288	102032	265956	110924	606504	857020	112824	105552	343428	365176	18116	79884	85124	104380	780248	402772	422320	642020	167252	655108	95404	129968	219964	230504	52656	157296	34732	65084	291956	374308	203988	334996	356400	365112	266004	384156	613744	259088	203468	192344	406604	461100	299900	173156	305624	123948	298756	139716	105700	96680	118432	156320	303240	384248	209804	188208	507760	645740	344752	330808	32964	26904	102136	149152	55112	34896	232308	127788	142040	42340	320308	252904	25804	28248	323292	242552	473716	381284	231720	269660	67880	87796	404888	294636	554956	433048	231836	160524	258664	218176	117476	139792	28200	8312	47520	109388	277692	255720	231336	180960	147144	50032	
data	data	Precentral_L	Precentral_R	Frontal_Sup_L	Frontal_Sup_R	Frontal_Sup_Orb_L	Frontal_Sup_Orb_R	Frontal_Mid_L	Frontal_Mid_R	Frontal_Mid_Orb_L	Frontal_Mid_Orb_R	Frontal_Inf_Oper_L	Frontal_Inf_Oper_R	Frontal_Inf_Tri_L	Frontal_Inf_Tri_R	Frontal_Inf_Orb_L	Frontal_Inf_Orb_R	Rolandic_Oper_L	Rolandic_Oper_R	Supp_Motor_Area_L	Supp_Motor_Area_R	Olfactory_L	Olfactory_R	Frontal_Sup_Medial_L	Frontal_Sup_Medial_R	Frontal_Med_Orb_L	Frontal_Med_Orb_R	Rectus_L	Rectus_R	Insula_L	Insula_R	Cingulum_Ant_L	Cingulum_Ant_R	Cingulum_Mid_L	Cingulum_Mid_R	Cingulum_Post_L	Cingulum_Post_R	Hippocampus_L	Hippocampus_R	ParaHippocampal_L	ParaHippocampal_R	Amygdala_L	Amygdala_R	Calcarine_L	Calcarine_R	Cuneus_L	Cuneus_R	Lingual_L	Lingual_R	Occipital_Sup_L	Occipital_Sup_R	Occipital_Mid_L	Occipital_Mid_R	Occipital_Inf_L	Occipital_Inf_R	Fusiform_L	Fusiform_R	Postcentral_L	Postcentral_R	Parietal_Sup_L	Parietal_Sup_R	Parietal_Inf_L	Parietal_Inf_R	SupraMarginal_L	SupraMarginal_R	Angular_L	Angular_R	Precuneus_L	Precuneus_R	Paracentral_Lobule_L	Paracentral_Lobule_R	Caudate_L	Caudate_R	Putamen_L	Putamen_R	Pallidum_L	Pallidum_R	Thalamus_L	Thalamus_R	Heschl_L	Heschl_R	Temporal_Sup_L	Temporal_Sup_R	Temporal_Pole_Sup_L	Temporal_Pole_Sup_R	Temporal_Mid_L	Temporal_Mid_R	Temporal_Pole_Mid_L	Temporal_Pole_Mid_R	Temporal_Inf_L	Temporal_Inf_R	Cerebelum_Crus1_L	Cerebelum_Crus1_R	Cerebelum_Crus2_L	Cerebelum_Crus2_R	Cerebelum_3_L	Cerebelum_3_R	Cerebelum_4_5_L	Cerebelum_4_5_R	Cerebelum_6_L	Cerebelum_6_R	Cerebelum_7b_L	Cerebelum_7b_R	Cerebelum_8_L	Cerebelum_8_R	Cerebelum_9_L	Cerebelum_9_R	Cerebelum_10_L	Cerebelum_10_R	Vermis_1_2	Vermis_3	Vermis_4_5	Vermis_6	Vermis_7	Vermis_8	Vermis_9	Vermis_10	
406380	Precentral_L	0	6060	8692	3410	0	0	19718	506	0	0	12474	0	2812	0	0	0	6836	0	4978	8578	0	0	98	0	0	0	0	0	10204	0	0	90	434	5898	140	0	5264	0	0	0	0	0	86	0	0	0	0	0	0	0	706	0	88	0	828	0	29040	412	370	0	5512	0	3222	82	1230	0	98	0	22766	2154	5310	552	7252	130	1762	122	19266	146	1836	0	2222	0	470	0	232	0	0	0	1104	0	0	0	0	0	0	0	0	0	0	0	0	0	0	0	0	0	0	0	0	0	0	0	0	0	0	0	
339288	Precentral_R	6060	0	276	31862	0	0	190	4694	0	0	100	8500	0	326	0	0	866	2420	3532	9472	0	0	0	84	0	0	0	0	410	2620	0	440	426	4706	98	94	156	5062	0	610	0	86	0	708	0	294	0	0	0	1456	0	352	0	346	0	614	2780	17182	0	622	0	1578	0	5594	0	312	0	1908	4362	6384	472	13466	276	3386	150	238	0	22190	434	0	86	576	0	0	0	338	0	0	0	450	0	0	0	0	0	0	0	0	0	0	0	0	0	0	0	0	0	0	0	0	0	0	0	0	0	0	
750772	Frontal_Sup_L	8692	276	0	11716	7588	0	57650	900	2988	0	16164	710	24736	600	6346	0	5010	0	59724	14090	0	0	41258	2830	528	110	0	0	30174	764	20864	3546	8504	2190	106	0	1196	0	0	0	0	0	0	0	0	0	0	0	0	0	146	0	0	0	178	0	2370	0	0	0	0	0	170	0	130	0	0	0	336	0	14668	5586	15070	388	1432	0	414	364	508	0	2268	0	1830	0	0	0	0	0	268	0	0	0	0	0	0	0	0	0	0	0	0	0	0	0	0	0	0	0	0	0	0	0	0	0	0	0	
1.06298e+06	Frontal_Sup_R	3410	31862	11716	0	0	3228	1120	27088	0	128	8304	12560	4792	11256	614	4870	1632	2834	24522	78956	0	0	11952	39366	0	2352	0	0	8938	18298	20356	49870	2370	43624	0	154	88	2402	0	328	0	80	0	0	0	0	0	0	0	0	0	0	0	0	0	258	262	490	0	0	0	0	0	108	0	0	0	0	4614	146	13360	43292	2960	15116	0	1166	100	18662	0	0	726	0	1068	90	0	0	0	0	0	0	0	0	0	0	0	0	0	0	0	0	0	0	0	0	0	0	0	0	0	0	0	0	0	0	0	0	
191572	Frontal_Sup_Orb_L	0	0	7588	0	0	818	1814	0	18756	0	826	0	3510	0	15378	0	138	0	318	0	3516	1160	4146	0	2234	0	7178	858	11758	0	4134	92	0	0	0	0	0	0	86	0	150	0	0	0	0	0	0	0	0	0	0	0	0	0	0	0	0	0	0	0	0	0	0	0	0	0	0	0	0	0	1706	440	8084	0	0	0	0	0	0	0	0	0	922	0	0	0	176	0	0	0	0	0	0	0	0	0	0	0	0	0	0	0	0	0	0	0	0	0	0	0	0	0	0	0	0	0	
114780	Frontal_Sup_Orb_R	0	0	0	3228	818	0	0	148	568	2072	0	0	0	872	464	5260	0	0	0	124	2320	4138	342	5368	82	6046	1630	9310	398	2332	190	3914	0	0	0	0	0	0	0	0	0	0	0	0	0	0	0	0	0	0	0	0	0	0	0	0	0	0	0	0	0	0	0	0	0	0	0	0	0	0	2250	2430	222	2864	0	0	0	0	0	0	0	0	0	0	0	0	0	0	0	0	0	0	0	0	0	0	0	0	0	0	0	0	0	0	0	0	0	0	0	0	0	0	0	0	0	0	
384976	Frontal_Mid_L	19718	190	57650	1120	1814	0	0	0	2510	0	13054	252	26386	234	3522	0	3270	0	4918	806	0	0	12624	536	0	0	0	0	14212	248	4734	722	4676	324	0	0	2234	0	0	0	0	0	0	0	0	0	0	0	0	0	240	0	0	0	370	0	2662	0	0	0	440	0	444	0	0	0	0	0	0	0	2686	1498	3698	0	568	0	526	0	396	0	1482	0	890	0	102	0	0	0	732	0	0	0	0	0	0	0	0	0	0	0	0	0	0	0	0	0	0	0	0	0	0	0	0	0	0	0	
208652	Frontal_Mid_R	506	4694	900	27088	0	148	0	0	0	824	594	7876	0	11540	0	1294	684	612	968	7642	0	0	1216	4088	0	0	0	0	712	3874	3614	6282	100	8920	0	0	0	120	0	0	0	0	0	0	0	0	0	0	0	0	0	0	0	0	0	0	480	434	0	0	0	0	0	98	0	0	0	0	0	0	2068	2238	494	2728	0	90	0	340	0	0	472	0	588	0	0	0	0	0	0	0	0	0	0	0	0	0	0	0	0	0	0	0	0	0	0	0	0	0	0	0	0	0	0	0	0	0	
131244	Frontal_Mid_Orb_L	0	0	2988	0	18756	568	2510	0	0	0	598	0	3088	0	15990	0	0	0	164	0	1368	686	0	0	98	0	3940	584	6888	0	286	0	0	0	0	0	0	0	0	0	0	0	0	0	0	0	0	0	0	0	0	0	0	0	0	0	0	0	0	0	0	0	0	0	0	0	0	0	0	0	892	232	5440	0	0	0	0	0	0	0	0	0	546	0	0	0	0	0	0	0	0	0	0	0	0	0	0	0	0	0	0	0	0	0	0	0	0	0	0	0	0	0	0	0	0	0	
20108	Frontal_Mid_Orb_R	0	0	0	128	0	2072	0	824	0	0	0	0	0	648	0	5136	0	0	0	0	0	94	0	0	0	0	0	430	0	568	0	0	0	0	0	0	0	0	0	0	0	0	0	0	0	0	0	0	0	0	0	0	0	0	0	0	0	0	0	0	0	0	0	0	0	0	0	0	0	0	0	0	0	154	0	0	0	0	0	0	0	0	0	0	0	0	0	0	0	0	0	0	0	0	0	0	0	0	0	0	0	0	0	0	0	0	0	0	0	0	0	0	0	0	0	0	
457136	Frontal_Inf_Oper_L	12474	100	16164	8304	826	0	13054	594	598	0	0	2444	26060	1386	2050	0	12312	264	9904	7108	0	0	1046	1808	0	0	124	0	43562	2622	3024	4090	112	0	0	0	1614	0	0	0	0	0	0	0	0	0	0	0	0	0	0	0	0	0	210	0	3300	0	0	0	0	0	362	0	0	0	0	0	0	0	20032	14754	4328	992	236	0	0	0	240	0	6310	0	5644	0	132	0	0	0	384	0	0	0	0	0	0	0	0	0	0	0	0	0	0	0	0	0	0	0	0	0	0	0	0	0	0	0	
237364	Frontal_Inf_Oper_R	0	8500	710	12560	0	0	252	7876	0	0	2444	0	2072	11280	278	484	134	4842	2346	9392	0	0	490	744	0	0	0	0	2520	21146	1104	6532	0	1742	0	0	0	290	0	0	0	0	0	0	0	0	0	0	0	0	0	0	0	0	0	0	0	1624	0	0	0	170	0	266	0	0	0	0	0	0	2580	9250	182	6054	0	100	0	600	0	0	0	0	0	118	0	0	0	0	0	0	0	0	0	0	0	0	0	0	0	0	0	0	0	0	0	0	0	0	0	0	0	0	0	0	0	0	
417804	Frontal_Inf_Tri_L	2812	0	24736	4792	3510	0	26386	0	3088	0	26060	2072	0	1320	15796	0	834	150	7494	5450	0	0	3552	456	0	0	120	0	46368	2136	4148	962	208	0	0	0	88	0	0	0	0	0	0	0	0	0	0	0	0	0	0	0	0	0	0	0	300	0	0	0	0	0	0	0	0	0	0	0	0	0	12378	10820	1180	332	0	0	0	0	0	0	240	0	1114	0	0	0	0	0	0	0	0	0	0	0	0	0	0	0	0	0	0	0	0	0	0	0	0	0	0	0	0	0	0	0	0	0	
202384	Frontal_Inf_Tri_R	0	326	600	11256	0	872	234	11540	0	648	1386	11280	1320	0	264	6810	0	168	670	4928	0	0	874	3622	0	0	0	0	1402	16896	1086	9736	136	4246	0	0	0	0	0	0	0	0	0	0	0	0	0	0	0	0	0	0	0	0	0	0	0	0	0	0	0	0	0	0	0	0	0	0	0	0	1398	6042	0	3452	0	0	0	0	0	0	0	0	0	0	0	0	0	0	0	0	0	0	0	0	0	0	0	0	0	0	0	0	0	0	0	0	0	0	0	0	0	0	0	0	0	0	
199288	Frontal_Inf_Orb_L	0	0	6346	614	15378	464	3522	0	15990	0	2050	278	15796	264	0	0	104	0	422	498	2732	604	290	128	0	0	2954	482	18908	290	774	200	0	0	0	0	256	0	158	0	300	0	0	0	0	0	0	0	0	0	0	0	0	0	0	0	0	0	0	0	0	0	0	0	0	0	0	0	0	0	2164	1222	3656	0	0	0	0	0	0	0	0	0	2620	0	0	0	180	0	0	0	0	0	0	0	0	0	0	0	0	0	0	0	0	0	0	0	0	0	0	0	0	0	0	0	0	0	
102032	Frontal_Inf_Orb_R	0	0	0	4870	0	5260	0	1294	0	5136	0	484	0	6810	0	0	0	0	318	2222	0	1388	100	2156	0	220	0	1412	0	10164	128	2762	0	1382	0	0	0	80	0	0	0	0	0	0	0	0	0	0	0	0	0	0	0	0	0	0	0	0	0	0	0	0	0	0	0	0	0	0	0	0	0	2850	0	1896	0	0	0	0	0	0	0	0	0	84	0	0	0	0	0	0	0	0	0	0	0	0	0	0	0	0	0	0	0	0	0	0	0	0	0	0	0	0	0	0	0	0	
265956	Rolandic_Oper_L	6836	866	5010	1632	138	0	3270	684	0	0	12312	134	834	0	104	0	0	0	3656	798	0	0	254	346	0	0	0	0	21274	160	254	1500	0	0	0	0	2564	0	0	0	0	0	344	0	0	0	0	0	144	0	4832	0	980	0	942	0	10592	0	1070	0	1100	0	2092	0	504	0	0	0	0	0	5708	1848	4848	206	292	0	222	0	3158	0	13548	0	5662	0	7158	0	0	0	5102	0	0	0	0	0	0	0	0	0	0	0	0	0	0	0	0	0	0	0	0	0	0	0	0	0	0	0	
110924	Rolandic_Oper_R	0	2420	0	2834	0	0	0	612	0	0	264	4842	150	168	0	0	0	0	376	3518	0	0	0	136	0	0	0	0	274	10440	0	1022	0	184	0	0	0	1130	0	346	0	0	0	84	0	0	0	0	0	192	0	0	0	300	0	390	0	1782	0	294	0	0	0	1834	0	0	0	384	0	284	226	2862	0	6838	0	1468	0	96	0	2966	0	5588	0	184	0	224	0	0	0	750	0	0	0	0	0	0	0	0	0	0	0	0	0	0	0	0	0	0	0	0	0	0	0	0	0	0	
606504	Supp_Motor_Area_L	4978	3532	59724	24522	318	0	4918	968	164	0	9904	2346	7494	670	422	318	3656	376	0	53716	0	0	5248	854	0	0	0	0	16422	3186	9434	6618	12666	21384	516	622	454	0	0	0	0	0	0	0	0	0	0	0	0	0	0	0	0	0	0	0	1756	200	0	0	0	0	0	152	0	0	210	82	6060	452	12252	8320	10882	2844	1016	198	98	98	208	0	1604	0	1278	0	0	0	0	0	112	0	0	0	0	0	0	0	0	0	0	0	0	0	0	0	0	0	0	0	0	0	0	0	0	0	0	0	
857020	Supp_Motor_Area_R	8578	9472	14090	78956	0	124	806	7642	0	0	7108	9392	5450	4928	498	2222	798	3518	53716	0	0	0	1368	7498	0	88	0	0	7632	11938	6246	20130	6244	59692	1446	2558	0	490	0	166	0	0	0	0	0	0	0	0	0	0	0	0	0	536	0	328	1662	698	0	0	0	170	0	210	0	0	0	282	16526	12660	12412	30790	3812	9218	82	1554	278	2496	0	128	318	260	454	0	0	136	0	0	0	706	0	0	0	0	0	0	0	0	0	0	0	0	0	0	0	0	0	0	0	0	0	0	0	0	0	0	
112824	Olfactory_L	0	0	0	0	3516	2320	0	0	1368	0	0	0	0	0	2732	0	0	0	0	0	0	7712	0	0	244	758	6412	4874	2902	0	2294	2878	0	0	0	0	544	0	1162	0	1112	0	0	0	0	0	0	0	0	0	0	0	0	0	464	0	0	0	0	0	0	0	0	0	0	0	0	0	0	0	9220	2058	1958	0	0	0	0	0	0	0	0	0	1884	0	0	0	0	0	0	0	0	0	0	0	0	0	0	0	0	0	0	0	0	0	0	0	0	0	0	0	0	0	0	0	0	0	
105552	Olfactory_R	0	0	0	0	1160	4138	0	0	686	94	0	0	0	0	604	1388	0	0	0	0	7712	0	0	196	0	1244	4272	7846	500	2288	1974	3318	0	0	0	0	0	166	0	214	0	804	0	0	0	0	0	0	0	0	0	0	0	0	0	114	0	0	0	0	0	0	0	0	0	0	0	0	0	0	8696	3256	1908	0	0	0	0	0	0	0	0	0	0	198	0	0	0	0	0	0	0	0	0	0	0	0	0	0	0	0	0	0	0	0	0	0	0	0	0	0	0	0	0	0	0	0	
343428	Frontal_Sup_Medial_L	98	0	41258	11952	4146	342	12624	1216	0	0	1046	490	3552	874	290	100	254	0	5248	1368	0	0	0	19286	2266	1728	0	0	3690	1024	24172	12724	6584	12942	0	0	0	0	0	0	0	0	0	0	0	0	0	0	0	0	0	0	0	0	0	0	0	0	0	0	0	0	0	0	0	0	0	0	0	0	222	294	1596	120	0	0	0	0	0	0	126	0	82	0	0	0	0	0	0	0	0	0	0	0	0	0	0	0	0	0	0	0	0	0	0	0	0	0	0	0	0	0	0	0	0	0	
365176	Frontal_Sup_Medial_R	0	84	2830	39366	0	5368	536	4088	0	0	1808	744	456	3622	128	2156	346	136	854	7498	0	196	19286	0	408	6038	0	556	1980	5168	10882	28870	92	17900	0	0	82	80	0	0	0	0	0	0	0	0	0	0	0	0	0	0	0	0	0	0	0	0	0	0	0	0	0	0	0	0	0	0	0	0	2390	10002	214	8194	0	0	0	0	0	0	0	0	230	0	0	0	0	0	0	0	0	0	0	0	0	0	0	0	0	0	0	0	0	0	0	0	0	0	0	0	0	0	0	0	0	0	
18116	Frontal_Med_Orb_L	0	0	528	0	2234	82	0	0	98	0	0	0	0	0	0	0	0	0	0	0	244	0	2266	408	0	458	748	110	0	0	1708	0	0	0	0	0	0	0	0	0	0	0	0	0	0	0	0	0	0	0	0	0	0	0	0	0	0	0	0	0	0	0	0	0	0	0	0	0	0	0	174	0	0	0	0	0	0	0	0	0	0	0	0	0	0	0	0	0	0	0	0	0	0	0	0	0	0	0	0	0	0	0	0	0	0	0	0	0	0	0	0	0	0	0	0	0	
79884	Frontal_Med_Orb_R	0	0	110	2352	0	6046	0	0	0	0	0	0	0	0	0	220	0	0	0	88	758	1244	1728	6038	458	0	452	6516	0	220	1058	6736	0	0	0	0	0	0	0	0	0	0	0	0	0	0	0	0	0	0	0	0	0	0	0	0	0	0	0	0	0	0	0	0	0	0	0	0	0	0	764	2144	184	2826	0	0	0	0	0	0	0	0	0	0	0	0	0	0	0	0	0	0	0	0	0	0	0	0	0	0	0	0	0	0	0	0	0	0	0	0	0	0	0	0	0	0	
85124	Rectus_L	0	0	0	0	7178	1630	0	0	3940	0	124	0	120	0	2954	0	0	0	0	0	6412	4272	0	0	748	452	0	2960	1898	0	1660	1166	0	0	0	0	0	0	0	0	0	0	0	0	0	0	0	0	0	0	0	0	0	0	0	0	0	0	0	0	0	0	0	0	0	0	0	0	0	0	5154	496	1254	0	0	0	0	0	0	0	0	0	144	0	0	0	0	0	0	0	0	0	0	0	0	0	0	0	0	0	0	0	0	0	0	0	0	0	0	0	0	0	0	0	0	0	
104380	Rectus_R	0	0	0	0	858	9310	0	0	584	430	0	0	0	0	482	1412	0	0	0	0	4874	7846	0	556	110	6516	2960	0	408	470	1446	4762	0	0	0	0	0	0	0	0	0	0	0	0	0	0	0	0	0	0	0	0	0	0	0	0	0	0	0	0	0	0	0	0	0	0	0	0	0	0	4896	2294	1014	962	0	0	0	0	0	0	0	0	0	0	0	0	0	0	0	0	0	0	0	0	0	0	0	0	0	0	0	0	0	0	0	0	0	0	0	0	0	0	0	0	0	0	
780248	Insula_L	10204	410	30174	8938	11758	398	14212	712	6888	0	43562	2520	46368	1402	18908	0	21274	274	16422	7632	2902	500	3690	1980	0	0	1898	408	0	2730	5978	4430	172	106	0	0	12992	0	958	0	1830	0	134	0	0	0	0	0	0	0	626	0	224	0	2736	0	7020	0	80	0	126	0	1324	0	0	0	0	0	0	0	24416	15680	22278	1078	298	0	590	0	5780	0	10540	0	9244	0	564	0	250	0	4506	0	0	0	0	0	0	0	0	0	0	0	0	0	0	0	0	0	0	0	0	0	0	0	0	0	0	0	
402772	Insula_R	0	2620	764	18298	0	2332	248	3874	0	568	2622	21146	2136	16896	290	10164	160	10440	3186	11938	0	2288	1024	5168	0	220	0	470	2730	0	1140	13098	176	3432	0	0	0	5736	0	2618	0	2020	0	98	0	0	0	0	0	138	0	228	0	722	0	3838	0	214	0	126	0	0	0	84	0	0	0	346	0	108	2708	12610	142	21622	0	364	0	292	0	2210	0	4100	0	364	0	984	0	100	0	2186	0	0	0	0	0	0	0	0	0	0	0	0	0	0	0	0	0	0	0	0	0	0	0	0	0	0	
422320	Cingulum_Ant_L	0	0	20864	20356	4134	190	4734	3614	286	0	3024	1104	4148	1086	774	128	254	0	9434	6246	2294	1974	24172	10882	1708	1058	1660	1446	5978	1140	0	27972	7696	20458	596	0	118	0	0	0	0	0	0	0	0	0	0	0	0	0	0	0	0	0	0	0	0	0	0	0	0	0	0	0	0	0	0	0	0	0	7768	5002	7538	958	0	0	0	0	0	0	130	0	150	0	0	0	0	0	86	0	0	0	0	0	0	0	0	0	0	0	0	0	0	0	0	0	0	0	0	0	0	0	0	0	0	0	
642020	Cingulum_Ant_R	90	440	3546	49870	92	3914	722	6282	0	0	4090	6532	962	9736	200	2762	1500	1022	6618	20130	2878	3318	12724	28870	0	6736	1166	4762	4430	13098	27972	0	4114	28172	0	308	178	400	0	82	0	0	0	0	0	0	0	0	0	0	0	0	0	0	0	0	0	0	0	0	0	0	0	0	0	0	0	0	0	0	9630	32718	1702	17502	0	96	0	940	0	0	206	0	500	0	0	0	0	0	0	0	0	0	0	0	0	0	0	0	0	0	0	0	0	0	0	0	0	0	0	0	0	0	0	0	0	0	
167252	Cingulum_Mid_L	434	426	8504	2370	0	0	4676	100	0	0	112	0	208	136	0	0	0	0	12666	6244	0	0	6584	92	0	0	0	0	172	176	7696	4114	0	11866	4282	1628	0	0	0	0	0	0	660	0	1934	88	0	0	198	98	1190	0	446	0	0	0	0	0	220	0	238	0	0	0	0	0	3430	354	1514	190	0	0	0	0	0	0	136	0	0	0	0	0	0	0	0	0	0	0	444	0	0	0	0	0	0	0	0	0	0	0	0	0	0	0	0	0	0	0	0	0	0	0	0	0	0	0	
655108	Cingulum_Mid_R	5898	4706	2190	43624	0	0	324	8920	0	0	0	1742	0	4246	0	1382	0	184	21384	59692	0	0	12942	17900	0	0	0	0	106	3432	20458	28172	11866	0	2964	9398	0	424	0	364	0	0	0	1450	0	1510	0	0	0	2396	0	298	0	1944	0	1048	1684	3788	0	464	0	332	0	446	0	238	868	8746	14282	19522	114	1622	0	1638	0	0	0	90	0	0	0	602	0	0	0	454	0	0	0	1700	0	0	0	0	0	0	0	0	0	0	0	0	0	0	0	0	0	0	0	0	0	0	0	0	0	0	
95404	Cingulum_Post_L	140	98	106	0	0	0	0	0	0	0	0	0	0	0	0	0	0	0	516	1446	0	0	0	0	0	0	0	0	0	0	596	0	4282	2964	0	11170	2422	2302	232	1190	0	0	2292	0	656	0	1066	524	170	0	644	0	304	0	270	158	1586	192	234	0	268	0	0	0	0	0	5308	2188	1544	1932	0	0	0	0	0	0	424	140	0	0	0	0	0	0	124	0	0	0	126	0	0	0	0	0	0	0	88	0	0	0	0	0	0	0	0	0	0	0	0	0	0	0	0	0	0	0	
129968	Cingulum_Post_R	0	94	0	154	0	0	0	0	0	0	0	0	0	0	0	0	0	0	622	2558	0	0	0	0	0	0	0	0	0	0	0	308	1628	9398	11170	0	2138	3016	496	1966	0	0	422	2670	0	898	1224	1026	0	608	0	0	86	816	254	612	1152	348	0	302	0	0	0	0	0	0	3114	12350	758	3630	0	0	0	0	0	0	86	268	0	0	0	0	0	0	0	0	0	0	0	656	0	0	0	0	0	0	156	0	0	0	0	0	0	0	0	0	0	0	0	0	0	0	0	0	0	0	
219964	Hippocampus_L	5264	156	1196	88	0	0	2234	0	0	0	1614	0	88	0	256	0	2564	0	454	0	544	0	0	82	0	0	0	0	12992	0	118	178	0	0	2422	2138	0	2132	5696	1248	6232	0	838	0	0	0	1472	566	0	0	274	0	322	0	13308	162	2634	0	0	0	178	0	96	0	0	0	1916	1322	136	0	768	204	12062	0	484	0	3832	1042	3222	0	2546	0	916	0	1402	0	0	0	12094	0	82	0	0	0	0	0	304	0	104	0	0	0	0	0	0	0	0	0	0	0	0	0	0	0	0	0	
230504	Hippocampus_R	0	5062	0	2402	0	0	0	120	0	0	0	290	0	0	0	80	0	1130	0	490	0	166	0	80	0	0	0	0	0	5736	0	400	0	424	2302	3016	2132	0	468	18420	0	10948	124	366	0	0	1014	1396	0	0	0	804	0	3582	184	21838	0	144	0	0	0	98	0	120	0	100	1302	2616	0	328	0	344	0	10762	0	618	412	3848	0	254	0	1346	0	1474	0	866	0	510	0	6692	0	136	0	0	0	0	0	164	0	144	0	0	0	0	0	0	0	0	0	0	0	0	0	0	0	0	
52656	ParaHippocampal_L	0	0	0	0	86	0	0	0	0	0	0	0	0	0	158	0	0	0	0	0	1162	0	0	0	0	0	0	0	958	0	0	0	0	0	232	496	5696	468	0	598	2126	0	146	0	0	0	2194	472	0	0	152	0	732	0	4874	118	0	0	0	0	0	0	0	0	0	0	878	552	0	0	0	0	136	0	0	0	342	260	0	0	0	0	1112	0	0	0	232	0	238	0	246	0	0	0	92	0	778	0	462	0	0	0	0	0	120	0	0	0	0	212	0	0	0	0	0	0	
157296	ParaHippocampal_R	0	610	0	328	0	0	0	0	0	0	0	0	0	0	0	0	0	346	0	166	0	214	0	0	0	0	0	0	0	2618	0	82	0	364	1190	1966	1248	18420	598	0	0	4964	118	482	0	0	1330	3292	0	0	0	800	0	3366	246	16592	0	98	0	0	0	0	0	0	0	0	1538	3314	0	362	0	96	0	3964	0	214	188	1844	0	0	0	306	0	2512	0	108	0	974	0	2240	0	194	0	0	0	142	164	826	0	224	0	0	0	0	0	0	0	0	0	0	0	0	0	0	0	0	
34732	Amygdala_L	0	0	0	0	150	0	0	0	0	0	0	0	0	0	300	0	0	0	0	0	1112	0	0	0	0	0	0	0	1830	0	0	0	0	0	0	0	6232	0	2126	0	0	0	0	0	0	0	0	0	0	0	0	0	0	0	3462	0	0	0	0	0	0	0	0	0	0	0	0	0	0	0	0	0	338	0	0	0	0	0	0	0	0	0	934	0	0	0	0	0	882	0	0	0	0	0	0	0	0	0	0	0	0	0	0	0	0	0	0	0	0	0	0	0	0	0	0	0	
65084	Amygdala_R	0	86	0	80	0	0	0	0	0	0	0	0	0	0	0	0	0	0	0	0	0	804	0	0	0	0	0	0	0	2020	0	0	0	0	0	0	0	10948	0	4964	0	0	0	0	0	0	0	0	0	0	0	0	0	0	0	6318	0	0	0	0	0	0	0	0	0	0	0	0	0	0	0	82	0	2292	0	0	0	0	0	0	0	0	0	2658	0	120	0	530	0	1640	0	0	0	0	0	0	0	0	0	0	0	0	0	0	0	0	0	0	0	0	0	0	0	0	0	0	
291956	Calcarine_L	86	0	0	0	0	0	0	0	0	0	0	0	0	0	0	0	344	0	0	0	0	0	0	0	0	0	0	0	134	0	0	0	660	0	2292	422	838	124	146	118	0	0	0	9348	15396	5814	19156	4222	10146	2378	33358	682	9902	744	5244	952	284	0	1396	0	1254	0	204	0	170	0	15616	474	202	0	0	0	0	0	0	0	0	0	0	0	246	0	0	0	1944	0	0	0	1378	0	94	0	0	0	0	0	210	0	0	0	0	0	0	0	0	0	0	0	0	0	0	0	0	0	0	0	
374308	Calcarine_R	0	708	0	0	0	0	0	0	0	0	0	0	0	0	0	0	0	84	0	0	0	0	0	0	0	0	0	0	0	98	0	0	0	1450	0	2670	0	366	0	482	0	0	9348	0	4098	31058	3962	23344	352	27612	0	20532	0	11042	0	11354	0	1954	0	2066	0	380	0	102	0	560	726	19458	0	1620	0	0	0	0	0	0	0	0	0	0	0	144	0	0	0	6756	0	0	0	4706	0	122	0	0	0	0	0	0	0	0	0	0	0	0	0	0	0	0	0	0	0	0	0	0	0	0	
203988	Cuneus_L	0	0	0	0	0	0	0	0	0	0	0	0	0	0	0	0	0	0	0	0	0	0	0	0	0	0	0	0	0	0	0	0	1934	0	656	0	0	0	0	0	0	0	15396	4098	0	6032	1934	230	25664	990	16658	430	1960	0	646	0	348	0	5658	0	810	0	0	0	102	0	16056	790	258	0	0	0	0	0	0	0	0	0	0	0	0	0	0	0	210	0	0	0	1134	0	0	0	0	0	0	0	0	0	0	0	0	0	0	0	0	0	0	0	0	0	0	0	0	0	0	0	
334996	Cuneus_R	0	294	0	0	0	0	0	0	0	0	0	0	0	0	0	0	0	0	0	0	0	0	0	0	0	0	0	0	0	0	0	0	88	1510	0	898	0	0	0	0	0	0	5814	31058	6032	0	1114	7570	646	43970	92	11334	0	2612	0	2870	0	1830	0	7372	0	530	0	0	0	572	5336	28670	0	2116	0	0	0	0	0	0	0	0	0	0	0	260	0	0	0	3420	0	0	0	1490	0	0	0	0	0	0	0	0	0	0	0	0	0	0	0	0	0	0	0	0	0	0	0	0	0	0	
356400	Lingual_L	0	0	0	0	0	0	0	0	0	0	0	0	0	0	0	0	0	0	0	0	0	0	0	0	0	0	0	0	0	0	0	0	0	0	1066	1224	1472	1014	2194	1330	0	0	19156	3962	1934	1114	0	9524	2664	658	15508	188	11688	1294	19104	2976	0	0	140	0	152	0	0	0	0	0	4900	1442	0	0	0	0	0	0	0	0	228	484	0	0	0	0	0	0	184	0	0	0	260	0	9762	1640	188	0	268	336	17194	4366	19522	4312	180	0	154	0	104	0	0	0	98	562	6208	5616	1606	0	98	126	
365112	Lingual_R	0	0	0	0	0	0	0	0	0	0	0	0	0	0	0	0	0	0	0	0	0	0	0	0	0	0	0	0	0	0	0	0	0	0	524	1026	566	1396	472	3292	0	0	4222	23344	230	7570	9524	0	0	8714	0	3832	246	11134	1634	22628	0	0	0	0	0	0	0	0	0	0	902	3750	0	0	0	0	0	196	0	0	0	380	0	0	0	0	0	0	0	362	0	0	0	862	3110	4632	120	0	696	726	9294	12700	9220	12796	0	0	0	0	168	246	0	0	526	796	11572	7384	954	136	392	282	
266004	Occipital_Sup_L	0	0	0	0	0	0	0	0	0	0	0	0	0	0	0	0	144	0	0	0	0	0	0	0	0	0	0	0	0	0	0	0	198	0	170	0	0	0	0	0	0	0	10146	352	25664	646	2664	0	0	0	37964	0	2550	0	552	0	714	0	22306	0	8894	0	92	0	266	0	13582	162	172	0	0	0	0	0	0	0	0	0	0	0	0	0	0	0	4154	0	0	0	1610	0	0	0	0	0	0	0	0	0	0	0	0	0	0	0	0	0	0	0	0	0	0	0	0	0	0	0	
384156	Occipital_Sup_R	0	1456	0	0	0	0	0	0	0	0	0	0	0	0	0	0	0	192	0	0	0	0	0	0	0	0	0	0	0	138	0	0	98	2396	0	608	0	0	0	0	0	0	2378	27612	990	43970	658	8714	0	0	0	23414	0	3326	0	3532	0	4656	0	13154	0	2566	0	240	0	5414	2578	29530	0	5928	0	0	0	0	0	0	0	0	0	0	0	896	0	0	0	5466	0	0	0	2076	0	92	0	0	0	0	0	0	0	0	0	0	0	0	0	0	0	0	0	0	0	0	0	0	0	0	
613744	Occipital_Mid_L	706	0	146	0	0	0	240	0	0	0	0	0	0	0	0	0	4832	0	0	0	0	0	0	0	0	0	0	0	626	0	0	0	1190	0	644	0	274	0	152	0	0	0	33358	0	16658	92	15508	0	37964	0	0	0	30010	0	11724	0	4072	0	39072	0	28698	0	2664	0	19218	0	17968	0	1906	0	0	0	102	0	0	0	114	0	926	0	1574	0	0	0	24076	0	0	0	11606	0	334	0	0	0	0	0	208	0	210	0	0	0	0	0	0	0	0	0	0	0	0	0	0	0	0	0	
259088	Occipital_Mid_R	0	352	0	0	0	0	0	0	0	0	0	0	0	0	0	0	0	0	0	0	0	0	0	0	0	0	0	0	0	228	0	0	0	298	0	0	0	804	0	800	0	0	682	20532	430	11334	188	3832	0	23414	0	0	0	7264	0	4092	0	564	0	3368	0	5618	0	104	0	16966	414	7860	0	782	0	0	0	0	0	0	0	0	0	0	0	462	0	0	0	14368	0	0	0	4788	0	0	0	0	0	0	0	0	0	0	0	0	0	0	0	0	0	0	0	0	0	0	0	0	0	0	
203468	Occipital_Inf_L	88	0	0	0	0	0	0	0	0	0	0	0	0	0	0	0	980	0	0	0	0	0	0	0	0	0	0	0	224	0	0	0	446	0	304	86	322	0	732	0	0	0	9902	0	1960	0	11688	246	2550	0	30010	0	0	0	15164	0	648	0	1636	0	1452	0	490	0	158	0	4626	86	236	0	0	0	0	0	0	0	0	0	626	0	396	0	0	0	3198	0	0	0	10092	0	658	0	0	0	0	0	892	280	976	92	0	0	0	0	0	0	0	0	0	0	390	100	0	0	0	0	
192344	Occipital_Inf_R	0	346	0	0	0	0	0	0	0	0	0	0	0	0	0	0	0	300	0	536	0	0	0	0	0	0	0	0	0	722	0	0	0	1944	0	816	0	3582	0	3366	0	0	744	11042	0	2612	1294	11134	0	3326	0	7264	0	0	0	21476	0	406	0	0	0	0	0	0	0	0	0	3196	0	1976	0	0	0	84	0	0	0	0	0	80	0	494	0	0	0	2236	0	0	0	10666	110	576	0	0	0	0	360	462	654	2282	0	0	0	0	0	0	0	0	0	0	438	1386	262	0	0	0	
406604	Fusiform_L	828	0	178	0	0	0	370	0	0	0	210	0	0	0	0	0	942	0	0	0	464	0	0	0	0	0	0	0	2736	0	0	0	0	0	270	254	13308	184	4874	246	3462	0	5244	0	646	0	19104	1634	552	0	11724	0	15164	0	0	392	618	0	218	0	250	0	236	0	0	0	2084	256	144	0	94	0	2782	0	0	0	1552	0	812	0	1294	0	2870	0	2938	0	1160	0	15234	0	25158	550	508	0	634	204	16510	1738	32798	1410	870	0	1132	0	624	0	0	0	146	380	3084	1602	474	0	152	0	
461100	Fusiform_R	0	614	0	258	0	0	0	0	0	0	0	0	0	0	0	0	0	390	0	328	0	114	0	0	0	0	0	0	0	3838	0	0	0	1048	158	612	162	21838	118	16592	0	6318	952	11354	0	2870	2976	22628	0	3532	0	4092	0	21476	392	0	0	240	0	0	0	0	0	0	0	0	272	2348	0	1076	0	0	0	3778	0	178	0	750	0	0	0	2048	0	4760	0	1998	0	3134	0	16536	1184	17096	0	104	180	1062	3122	11404	2938	23950	0	0	0	0	0	234	0	0	0	246	4738	3160	818	190	246	100	
299900	Postcentral_L	29040	2780	2370	262	0	0	2662	480	0	0	3300	0	300	0	0	0	10592	0	1756	1662	0	0	0	0	0	0	0	0	7020	0	0	0	0	1684	1586	1152	2634	0	0	0	0	0	284	0	348	0	0	0	714	0	4072	0	648	0	618	0	0	380	11076	0	22156	0	10722	0	988	0	5200	0	6536	1136	2068	0	3362	0	812	0	2782	0	1844	0	2782	0	92	0	640	0	0	0	1410	0	0	0	0	0	0	0	0	0	0	0	0	0	0	0	0	0	0	0	0	0	0	0	0	0	0	0	
173156	Postcentral_R	412	17182	0	490	0	0	0	434	0	0	0	1624	0	0	0	0	0	1782	200	698	0	0	0	0	0	0	0	0	0	214	0	0	0	3788	192	348	0	144	0	98	0	0	0	1954	0	1830	0	0	0	4656	0	564	0	406	0	240	380	0	0	4356	0	7040	0	16182	0	1468	0	8742	0	7996	0	92	0	324	0	100	0	0	0	158	0	934	0	0	0	842	0	0	0	708	0	0	0	0	0	0	0	0	0	0	0	0	0	0	0	0	0	0	0	0	0	0	0	0	0	0	
305624	Parietal_Sup_L	370	0	0	0	0	0	0	0	0	0	0	0	0	0	0	0	1070	0	0	0	0	0	0	0	0	0	0	0	80	0	0	0	220	0	234	0	0	0	0	0	0	0	1396	0	5658	0	140	0	22306	0	39072	0	1636	0	218	0	11076	0	0	0	27978	0	1512	0	3870	0	19232	0	3134	0	0	0	100	0	0	0	82	0	88	0	696	0	0	0	10260	0	0	0	2384	0	0	0	0	0	0	0	0	0	0	0	0	0	0	0	0	0	0	0	0	0	0	0	0	0	0	0	
123948	Parietal_Sup_R	0	622	0	0	0	0	0	0	0	0	0	0	0	0	0	0	0	294	0	0	0	0	0	0	0	0	0	0	0	126	0	0	0	464	0	302	0	0	0	0	0	0	0	2066	0	7372	0	0	0	13154	0	3368	0	0	0	0	0	4356	0	0	0	2934	0	692	0	3690	1580	16348	0	1778	0	0	0	0	0	0	0	0	0	86	0	448	0	0	0	1638	0	0	0	656	0	0	0	0	0	0	0	0	0	0	0	0	0	0	0	0	0	0	0	0	0	0	0	0	0	0	
298756	Parietal_Inf_L	5512	0	0	0	0	0	440	0	0	0	0	0	0	0	0	0	1100	0	0	0	0	0	0	0	0	0	0	0	126	0	0	0	238	0	268	0	178	0	0	0	0	0	1254	0	810	0	152	0	8894	0	28698	0	1452	0	250	0	22156	0	27978	0	0	0	14390	0	16310	0	4576	0	2420	0	0	0	114	0	0	0	186	0	0	0	662	0	0	0	8878	0	0	0	2336	0	0	0	0	0	0	0	0	0	0	0	0	0	0	0	0	0	0	0	0	0	0	0	0	0	0	0	
139716	Parietal_Inf_R	0	1578	0	0	0	0	0	0	0	0	0	170	0	0	0	0	0	0	0	170	0	0	0	0	0	0	0	0	0	0	0	0	0	332	0	0	0	98	0	0	0	0	0	380	0	530	0	0	0	2566	0	5618	0	0	0	0	0	7040	0	2934	0	0	0	7756	0	23320	0	1038	0	462	0	0	0	108	0	0	0	0	0	0	0	1660	0	0	0	10760	0	0	0	3338	0	0	0	0	0	0	0	0	0	0	0	0	0	0	0	0	0	0	0	0	0	0	0	0	0	0	
105700	SupraMarginal_L	3222	0	170	0	0	0	444	0	0	0	362	0	0	0	0	0	2092	0	0	0	0	0	0	0	0	0	0	0	1324	0	0	0	0	0	0	0	96	0	0	0	0	0	204	0	0	0	0	0	92	0	2664	0	490	0	236	0	10722	0	1512	0	14390	0	0	0	4124	0	82	0	0	0	148	0	274	0	212	0	160	0	332	0	4494	0	0	0	3892	0	0	0	1112	0	0	0	0	0	0	0	0	0	0	0	0	0	0	0	0	0	0	0	0	0	0	0	0	0	0	0	
96680	SupraMarginal_R	82	5594	0	108	0	0	0	98	0	0	0	266	0	0	0	0	0	1834	152	210	0	0	0	0	0	0	0	0	0	84	0	0	0	446	0	0	0	120	0	0	0	0	0	102	0	0	0	0	0	240	0	104	0	0	0	0	0	16182	0	692	0	7756	0	0	0	2412	0	238	0	350	0	0	0	0	0	0	0	0	0	660	0	4626	0	0	0	3536	0	0	0	2448	0	0	0	0	0	0	0	0	0	0	0	0	0	0	0	0	0	0	0	0	0	0	0	0	0	0	
118432	Angular_L	1230	0	130	0	0	0	0	0	0	0	0	0	0	0	0	0	504	0	0	0	0	0	0	0	0	0	0	0	0	0	0	0	0	0	0	0	0	0	0	0	0	0	170	0	102	0	0	0	266	0	19218	0	158	0	0	0	988	0	3870	0	16310	0	4124	0	0	0	248	0	124	0	0	0	234	0	140	0	0	0	0	0	466	0	0	0	8670	0	0	0	2264	0	0	0	0	0	0	0	0	0	0	0	0	0	0	0	0	0	0	0	0	0	0	0	0	0	0	0	
156320	Angular_R	0	312	0	0	0	0	0	0	0	0	0	0	0	0	0	0	0	0	0	0	0	0	0	0	0	0	0	0	0	0	0	0	0	238	0	0	0	100	0	0	0	0	0	560	0	572	0	0	0	5414	0	16966	0	0	0	0	0	1468	0	3690	0	23320	0	2412	0	0	0	964	0	546	0	0	0	0	0	0	0	0	0	0	0	2452	0	0	0	14606	0	0	0	4540	0	0	0	0	0	0	0	0	0	0	0	0	0	0	0	0	0	0	0	0	0	0	0	0	0	0	
303240	Precuneus_L	98	0	0	0	0	0	0	0	0	0	0	0	0	0	0	0	0	0	210	0	0	0	0	0	0	0	0	0	0	0	0	0	3430	868	5308	3114	1916	1302	878	1538	0	0	15616	726	16056	5336	4900	902	13582	2578	17968	414	4626	0	2084	272	5200	0	19232	1580	4576	0	82	0	248	0	0	10430	1980	630	0	0	0	0	0	0	82	0	0	0	0	0	0	0	1020	0	0	0	2572	0	0	0	0	0	0	0	266	0	0	0	0	0	0	0	0	0	0	0	0	0	0	0	0	0	0	0	
384248	Precuneus_R	0	1908	0	0	0	0	0	0	0	0	0	0	0	0	0	0	0	384	82	282	0	0	0	0	0	0	0	0	0	346	0	0	354	8746	2188	12350	1322	2616	552	3314	0	0	474	19458	790	28670	1442	3750	162	29530	0	7860	86	3196	256	2348	0	8742	0	16348	0	1038	0	238	0	964	10430	0	0	10660	0	0	0	134	0	0	0	246	0	144	0	1040	0	0	0	5206	0	0	0	4018	0	0	0	0	0	0	156	206	0	0	0	0	0	0	0	0	0	0	0	0	88	0	0	0	0	0	
209804	Paracentral_Lobule_L	22766	4362	336	4614	0	0	0	0	0	0	0	0	0	0	0	0	0	0	6060	16526	0	0	0	0	0	0	0	0	0	0	0	0	1514	14282	1544	758	136	0	0	0	0	0	202	0	258	0	0	0	172	0	1906	0	236	0	144	0	6536	0	3134	0	2420	0	0	0	124	0	1980	0	0	5902	790	418	0	0	0	0	7050	144	0	0	0	0	0	0	308	0	0	0	280	0	0	0	0	0	0	0	0	0	0	0	0	0	0	0	0	0	0	0	0	0	0	0	0	0	0	0	
188208	Paracentral_Lobule_R	2154	6384	0	146	0	0	0	0	0	0	0	0	0	0	0	0	0	284	452	12660	0	0	0	0	0	0	0	0	0	108	0	0	190	19522	1932	3630	0	328	0	362	0	0	0	1620	0	2116	0	0	0	5928	0	782	0	1976	0	1076	1136	7996	0	1778	0	462	0	350	0	546	630	10660	5902	0	0	0	0	0	0	0	0	0	0	0	0	846	0	0	0	478	0	0	0	1670	0	0	0	0	0	0	0	0	0	0	0	0	0	0	0	0	0	0	0	0	0	0	0	0	0	0	
507760	Caudate_L	5310	472	14668	13360	1706	2250	2686	2068	892	0	20032	2580	12378	1398	2164	0	5708	226	12252	12412	9220	8696	222	2390	174	764	5154	4896	24416	2708	7768	9630	0	114	0	0	768	0	0	0	0	0	0	0	0	0	0	0	0	0	0	0	0	0	94	0	2068	0	0	0	0	0	148	0	0	0	0	0	790	0	0	25754	18938	1542	1794	80	6100	348	226	0	3108	0	3252	0	0	0	0	0	156	0	0	0	0	0	0	0	0	0	0	0	0	0	0	0	0	0	0	0	0	0	0	0	0	0	0	0	
645740	Caudate_R	552	13466	5586	43292	440	2430	1498	2238	232	0	14754	9250	10820	6042	1222	2850	1848	2862	8320	30790	2058	3256	294	10002	0	2144	496	2294	15680	12610	5002	32718	0	1622	0	0	204	344	0	96	0	82	0	0	0	0	0	0	0	0	0	0	0	0	0	0	0	92	0	0	0	0	0	0	0	0	0	0	418	0	25754	0	6120	22608	0	2184	238	15850	0	528	318	452	830	84	0	0	0	0	0	0	0	0	0	0	0	0	0	0	0	0	0	0	0	0	0	0	0	0	0	0	0	0	0	0	0	0	
344752	Putamen_L	7252	276	15070	2960	8084	222	3698	494	5440	0	4328	182	1180	0	3656	0	4848	0	10882	3812	1958	1908	1596	214	0	184	1254	1014	22278	142	7538	1702	0	0	0	0	12062	0	136	0	338	0	0	0	0	0	0	0	0	0	102	0	0	0	2782	0	3362	0	100	0	114	0	274	0	234	0	0	0	0	0	18938	6120	0	328	4800	0	1502	0	738	0	2936	0	854	0	88	0	0	0	4396	0	0	0	0	0	0	0	0	0	0	0	0	0	0	0	0	0	0	0	0	0	0	0	0	0	0	0	
330808	Putamen_R	130	3386	388	15116	0	2864	0	2728	0	154	992	6054	332	3452	0	1896	206	6838	2844	9218	0	0	120	8194	0	2826	0	962	1078	21622	958	17502	0	1638	0	0	0	10762	0	3964	0	2292	0	0	0	0	0	196	0	0	0	0	0	84	0	3778	0	324	0	0	0	108	0	0	0	0	0	134	0	0	1542	22608	328	0	0	3810	0	1700	0	782	0	886	108	0	0	0	0	0	0	500	0	0	0	0	0	0	0	0	0	0	0	0	0	0	0	0	0	0	0	0	0	0	0	0	0	0	
32964	Pallidum_L	1762	150	1432	0	0	0	568	0	0	0	236	0	0	0	0	0	292	0	1016	82	0	0	0	0	0	0	0	0	298	0	0	0	0	0	0	0	484	0	0	0	0	0	0	0	0	0	0	0	0	0	0	0	0	0	0	0	812	0	0	0	0	0	212	0	140	0	0	0	0	0	1794	0	4800	0	0	0	2284	0	120	0	0	0	0	0	0	0	0	0	0	0	0	0	0	0	0	0	0	0	0	0	0	0	0	0	0	0	0	0	0	0	0	0	0	0	0	0	
26904	Pallidum_R	122	238	0	1166	0	0	0	90	0	0	0	100	0	0	0	0	0	1468	198	1554	0	0	0	0	0	0	0	0	0	364	0	96	0	0	0	0	0	618	0	214	0	0	0	0	0	0	0	0	0	0	0	0	0	0	0	178	0	100	0	0	0	0	0	0	0	0	0	0	0	0	80	2184	0	3810	0	0	0	0	0	448	0	424	0	0	0	0	0	0	0	0	0	0	0	0	0	0	0	0	0	0	0	0	0	0	0	0	0	0	0	0	0	0	0	0	0	0	
102136	Thalamus_L	19266	0	414	100	0	0	526	0	0	0	0	0	0	0	0	0	222	0	98	278	0	0	0	0	0	0	0	0	590	0	0	0	136	0	424	86	3832	412	342	188	0	0	0	0	0	0	228	0	0	0	114	0	0	0	1552	0	2782	0	82	0	186	0	160	0	0	0	82	0	7050	0	6100	238	1502	0	2284	0	0	958	0	0	140	0	124	0	0	0	0	0	572	0	0	0	0	0	0	0	0	0	0	0	0	0	0	0	0	0	0	0	0	0	0	0	0	0	0	0	
149152	Thalamus_R	146	22190	364	18662	0	0	0	340	0	0	0	600	0	0	0	0	0	96	98	2496	0	0	0	0	0	0	0	0	0	292	0	940	0	90	140	268	1042	3848	260	1844	0	0	0	0	0	0	484	380	0	0	0	0	0	0	0	750	0	0	0	0	0	0	0	0	0	0	0	246	144	0	348	15850	0	1700	0	0	958	0	0	0	0	0	0	0	0	0	0	0	0	0	0	0	0	0	0	0	0	0	0	0	0	0	0	0	0	0	0	0	0	0	0	0	0	0	0	0	
55112	Heschl_L	1836	434	508	0	0	0	396	0	0	0	240	0	0	0	0	0	3158	0	208	0	0	0	0	0	0	0	0	0	5780	0	0	0	0	0	0	0	3222	0	0	0	0	0	0	0	0	0	0	0	0	0	926	0	626	0	812	0	1844	0	88	0	0	0	332	0	0	0	0	0	0	0	226	0	738	0	120	0	0	0	0	0	1384	0	0	0	2104	0	0	0	2574	0	0	0	0	0	0	0	0	0	0	0	0	0	0	0	0	0	0	0	0	0	0	0	0	0	0	0	
34896	Heschl_R	0	0	0	0	0	0	0	0	0	0	0	0	0	0	0	0	0	2966	0	128	0	0	0	0	0	0	0	0	0	2210	0	0	0	0	0	0	0	254	0	0	0	0	0	0	0	0	0	0	0	0	0	0	0	80	0	0	0	158	0	86	0	0	0	660	0	0	0	144	0	0	0	528	0	782	0	448	0	0	0	0	0	7064	0	0	0	1504	0	0	0	436	0	0	0	0	0	0	0	0	0	0	0	0	0	0	0	0	0	0	0	0	0	0	0	0	0	0	
232308	Temporal_Sup_L	2222	86	2268	726	0	0	1482	472	0	0	6310	0	240	0	0	0	13548	0	1604	318	0	0	126	0	0	0	0	0	10540	0	130	206	0	0	0	0	2546	0	0	0	0	0	246	0	0	0	0	0	0	0	1574	0	396	0	1294	0	2782	0	696	0	662	0	4494	0	466	0	0	0	0	0	3108	318	2936	0	0	0	140	0	1384	0	0	0	7870	0	26424	0	260	0	18280	0	0	0	0	0	0	0	0	0	0	0	0	0	0	0	0	0	0	0	0	0	0	0	0	0	0	0	
127788	Temporal_Sup_R	0	576	0	0	0	0	0	0	0	0	0	0	0	0	0	0	0	5588	0	260	0	0	0	0	0	0	0	0	0	4100	0	0	0	602	0	0	0	1346	0	306	0	0	0	144	0	260	0	0	0	896	0	462	0	494	0	2048	0	934	0	448	0	1660	0	4626	0	2452	0	1040	0	846	0	452	0	886	0	424	0	0	0	7064	0	0	0	1656	0	15774	0	670	0	7880	0	0	0	0	0	0	0	0	0	0	0	0	0	0	0	0	0	0	0	0	0	0	0	0	0	0	
142040	Temporal_Pole_Sup_L	470	0	1830	1068	922	0	890	588	546	0	5644	0	1114	0	2620	0	5662	0	1278	454	1884	0	82	230	0	0	144	0	9244	0	150	500	0	0	0	0	916	0	1112	0	934	0	0	0	0	0	0	0	0	0	0	0	0	0	2870	0	92	0	0	0	0	0	0	0	0	0	0	0	0	0	3252	830	854	108	0	0	124	0	0	0	7870	0	0	0	6434	0	3662	0	6642	0	0	0	0	0	0	0	0	0	0	0	0	0	0	0	0	0	0	0	0	0	0	0	0	0	0	0	
42340	Temporal_Pole_Sup_R	0	0	0	90	0	0	0	0	0	0	0	118	0	0	0	84	0	184	0	0	0	198	0	0	0	0	0	0	0	364	0	0	0	0	0	0	0	1474	0	2512	0	2658	0	0	0	0	0	0	0	0	0	0	0	0	0	4760	0	0	0	0	0	0	0	0	0	0	0	0	0	0	0	84	0	0	0	0	0	0	0	0	0	1656	0	0	0	1458	0	3400	0	2130	0	0	0	0	0	0	0	0	0	0	0	0	0	0	0	0	0	0	0	0	0	0	0	0	0	0	
320308	Temporal_Mid_L	232	0	0	0	0	0	102	0	0	0	132	0	0	0	0	0	7158	0	0	0	0	0	0	0	0	0	0	0	564	0	0	0	0	0	124	0	1402	0	0	0	0	0	1944	0	210	0	184	0	4154	0	24076	0	3198	0	2938	0	640	0	10260	0	8878	0	3892	0	8670	0	1020	0	308	0	0	0	88	0	0	0	0	0	2104	0	26424	0	6434	0	0	0	3610	0	41408	0	0	0	0	0	0	0	0	0	0	0	0	0	0	0	0	0	0	0	0	0	0	0	0	0	0	0	
252904	Temporal_Mid_R	0	338	0	0	0	0	0	0	0	0	0	0	0	0	0	0	0	224	0	136	0	0	0	0	0	0	0	0	0	984	0	0	0	454	0	0	0	866	0	108	0	120	0	6756	0	3420	0	362	0	5466	0	14368	0	2236	0	1998	0	842	0	1638	0	10760	0	3536	0	14606	0	5206	0	478	0	0	0	0	0	0	0	0	0	1504	0	15774	0	1458	0	0	0	2170	0	30644	0	0	0	0	0	0	0	0	0	0	0	0	0	0	0	0	0	0	0	0	0	0	0	0	0	0	
25804	Temporal_Pole_Mid_L	0	0	0	0	176	0	0	0	0	0	0	0	0	0	180	0	0	0	0	0	0	0	0	0	0	0	0	0	250	0	0	0	0	0	0	0	0	0	232	0	0	0	0	0	0	0	0	0	0	0	0	0	0	0	1160	0	0	0	0	0	0	0	0	0	0	0	0	0	0	0	0	0	0	0	0	0	0	0	0	0	260	0	3662	0	3610	0	0	0	3372	0	0	0	0	0	0	0	0	0	0	0	0	0	0	0	0	0	0	0	0	0	0	0	0	0	0	0	
28248	Temporal_Pole_Mid_R	0	0	0	0	0	0	0	0	0	0	0	0	0	0	0	0	0	0	0	0	0	0	0	0	0	0	0	0	0	100	0	0	0	0	0	0	0	510	0	974	0	530	0	0	0	0	0	0	0	0	0	0	0	0	0	3134	0	0	0	0	0	0	0	0	0	0	0	0	0	0	0	0	0	0	0	0	0	0	0	0	0	670	0	3400	0	2170	0	0	0	2636	0	0	0	0	0	0	0	0	0	0	0	0	0	0	0	0	0	0	0	0	0	0	0	0	0	0	
323292	Temporal_Inf_L	1104	0	268	0	0	0	732	0	0	0	384	0	0	0	0	0	5102	0	112	0	0	0	0	0	0	0	0	0	4506	0	86	0	444	0	126	0	12094	0	238	0	882	0	1378	0	1134	0	260	0	1610	0	11606	0	10092	0	15234	0	1410	0	2384	0	2336	0	1112	0	2264	0	2572	0	280	0	156	0	4396	0	0	0	572	0	2574	0	18280	0	6642	0	41408	0	3372	0	0	0	2962	0	258	0	0	0	244	0	450	0	230	0	352	0	0	0	0	0	0	0	0	0	0	0	0	0	
242552	Temporal_Inf_R	0	450	0	0	0	0	0	0	0	0	0	0	0	0	0	0	0	750	0	706	0	0	0	0	0	0	0	0	0	2186	0	0	0	1700	0	656	0	6692	0	2240	0	1640	0	4706	0	1490	0	862	0	2076	0	4788	0	10666	0	16536	0	708	0	656	0	3338	0	2448	0	4540	0	4018	0	1670	0	0	0	500	0	0	0	0	0	436	0	7880	0	2130	0	30644	0	2636	0	0	0	1410	0	0	0	0	0	0	0	118	0	0	0	0	0	0	0	0	0	0	0	0	0	0	0	0	
473716	Cerebelum_Crus1_L	0	0	0	0	0	0	0	0	0	0	0	0	0	0	0	0	0	0	0	0	0	0	0	0	0	0	0	0	0	0	0	0	0	0	0	0	82	0	246	0	0	0	94	0	0	0	9762	3110	0	0	334	0	658	110	25158	1184	0	0	0	0	0	0	0	0	0	0	0	0	0	0	0	0	0	0	0	0	0	0	0	0	0	0	0	0	0	0	0	0	2962	0	0	6238	26196	2448	1492	1240	23872	4268	56384	7498	13202	166	11186	106	2362	1430	588	0	1312	2514	8094	8964	7822	2014	2738	1024	
381284	Cerebelum_Crus1_R	0	0	0	0	0	0	0	0	0	0	0	0	0	0	0	0	0	0	0	0	0	0	0	0	0	0	0	0	0	0	0	0	0	0	0	0	0	136	0	194	0	0	0	122	0	0	1640	4632	0	92	0	0	0	576	550	17096	0	0	0	0	0	0	0	0	0	0	0	0	0	0	0	0	0	0	0	0	0	0	0	0	0	0	0	0	0	0	0	0	0	1410	6238	0	4836	29730	102	1578	1724	11020	6364	43306	2970	11134	2192	14428	0	1884	0	130	146	594	3426	6214	11880	2500	1432	366	
231720	Cerebelum_Crus2_L	0	0	0	0	0	0	0	0	0	0	0	0	0	0	0	0	0	0	0	0	0	0	0	0	0	0	0	0	0	0	0	0	0	0	0	0	0	0	0	0	0	0	0	0	0	0	188	120	0	0	0	0	0	0	508	0	0	0	0	0	0	0	0	0	0	0	0	0	0	0	0	0	0	0	0	0	0	0	0	0	0	0	0	0	0	0	0	0	258	0	26196	4836	0	9444	130	0	596	96	3564	886	25626	4112	19434	2296	590	122	372	0	0	100	128	1364	9784	4470	504	136	
269660	Cerebelum_Crus2_R	0	0	0	0	0	0	0	0	0	0	0	0	0	0	0	0	0	0	0	0	0	0	0	0	0	0	0	0	0	0	0	0	0	0	0	0	0	0	0	0	0	0	0	0	0	0	0	0	0	0	0	0	0	0	0	104	0	0	0	0	0	0	0	0	0	0	0	0	0	0	0	0	0	0	0	0	0	0	0	0	0	0	0	0	0	0	0	0	0	0	2448	29730	9444	0	0	530	104	960	846	6086	8464	20360	6564	21230	352	1980	0	330	0	336	442	1158	14070	6858	2096	338	
67880	Cerebelum_3_L	0	0	0	0	0	0	0	0	0	0	0	0	0	0	0	0	0	0	0	0	0	0	0	0	0	0	0	0	0	0	0	0	0	0	0	0	0	0	92	0	0	0	0	0	0	0	268	696	0	0	0	0	0	0	634	180	0	0	0	0	0	0	0	0	0	0	0	0	0	0	0	0	0	0	0	0	0	0	0	0	0	0	0	0	0	0	0	0	0	0	1492	102	130	0	0	596	8414	922	4248	618	126	0	322	0	2482	876	0	0	1560	2520	2480	2044	384	682	1290	782	
87796	Cerebelum_3_R	0	0	0	0	0	0	0	0	0	0	0	0	0	0	0	0	0	0	0	0	0	0	0	0	0	0	0	0	0	0	0	0	0	0	0	0	0	0	0	142	0	0	0	0	0	0	336	726	0	0	0	0	0	0	204	1062	0	0	0	0	0	0	0	0	0	0	0	0	0	0	0	0	0	0	0	0	0	0	0	0	0	0	0	0	0	0	0	0	0	0	1240	1578	0	530	596	0	1650	6990	2374	6506	0	222	0	650	298	2688	0	0	790	5128	2146	2670	1008	1674	2690	0	
404888	Cerebelum_4_5_L	0	0	0	0	0	0	0	0	0	0	0	0	0	0	0	0	0	0	0	0	0	0	0	0	0	0	0	0	0	0	0	0	0	0	88	156	304	0	778	164	0	0	210	0	0	0	17194	9294	0	0	208	0	892	360	16510	3122	0	0	0	0	0	0	0	0	0	0	266	156	0	0	0	0	0	0	0	0	0	0	0	0	0	0	0	0	0	0	0	0	244	0	23872	1724	596	104	8414	1650	0	12214	42900	7222	678	0	1390	104	5952	1906	126	0	2866	4934	21110	7916	536	1094	2708	2482	
294636	Cerebelum_4_5_R	0	0	0	0	0	0	0	0	0	0	0	0	0	0	0	0	0	0	0	0	0	0	0	0	0	0	0	0	0	0	0	0	0	0	0	0	0	164	0	826	0	0	0	0	0	0	4366	12700	0	0	0	0	280	462	1738	11404	0	0	0	0	0	0	0	0	0	0	0	206	0	0	0	0	0	0	0	0	0	0	0	0	0	0	0	0	0	0	0	0	0	0	4268	11020	96	960	922	6990	12214	0	9564	29968	0	488	0	1188	308	3000	0	102	698	3680	19246	4260	1244	1904	2702	350	
554956	Cerebelum_6_L	0	0	0	0	0	0	0	0	0	0	0	0	0	0	0	0	0	0	0	0	0	0	0	0	0	0	0	0	0	0	0	0	0	0	0	0	104	0	462	0	0	0	0	0	0	0	19522	9220	0	0	210	0	976	654	32798	2938	0	0	0	0	0	0	0	0	0	0	0	0	0	0	0	0	0	0	0	0	0	0	0	0	0	0	0	0	0	0	0	0	450	0	56384	6364	3564	846	4248	2374	42900	9564	0	12444	3444	0	3922	148	4388	2534	214	0	2368	4782	16026	18238	6622	2524	4214	2032	
433048	Cerebelum_6_R	0	0	0	0	0	0	0	0	0	0	0	0	0	0	0	0	0	0	0	0	0	0	0	0	0	0	0	0	0	0	0	0	0	0	0	0	0	144	0	224	0	0	0	0	0	0	4312	12796	0	0	0	0	92	2282	1410	23950	0	0	0	0	0	0	0	0	0	0	0	0	0	0	0	0	0	0	0	0	0	0	0	0	0	0	0	0	0	0	0	0	0	118	7498	43306	886	6086	618	6506	7222	29968	12444	0	478	2280	576	4784	216	3098	0	520	378	2924	13274	13324	7868	3120	3374	448	
231836	Cerebelum_7b_L	0	0	0	0	0	0	0	0	0	0	0	0	0	0	0	0	0	0	0	0	0	0	0	0	0	0	0	0	0	0	0	0	0	0	0	0	0	0	0	0	0	0	0	0	0	0	180	0	0	0	0	0	0	0	870	0	0	0	0	0	0	0	0	0	0	0	0	0	0	0	0	0	0	0	0	0	0	0	0	0	0	0	0	0	0	0	0	0	230	0	13202	2970	25626	8464	126	0	678	0	3444	478	0	4726	31954	4058	2426	142	1366	0	0	0	0	312	7756	6426	484	0	
160524	Cerebelum_7b_R	0	0	0	0	0	0	0	0	0	0	0	0	0	0	0	0	0	0	0	0	0	0	0	0	0	0	0	0	0	0	0	0	0	0	0	0	0	0	0	0	0	0	0	0	0	0	0	0	0	0	0	0	0	0	0	0	0	0	0	0	0	0	0	0	0	0	0	0	0	0	0	0	0	0	0	0	0	0	0	0	0	0	0	0	0	0	0	0	0	0	166	11134	4112	20360	0	222	0	488	0	2280	4726	0	4752	18884	126	1630	0	92	0	140	274	206	3624	5860	1050	136	
258664	Cerebelum_8_L	0	0	0	0	0	0	0	0	0	0	0	0	0	0	0	0	0	0	0	0	0	0	0	0	0	0	0	0	0	0	0	0	0	0	0	0	0	0	0	0	0	0	0	0	0	0	154	0	0	0	0	0	0	0	1132	0	0	0	0	0	0	0	0	0	0	0	0	0	0	0	0	0	0	0	0	0	0	0	0	0	0	0	0	0	0	0	0	0	352	0	11186	2192	19434	6564	322	0	1390	0	3922	576	31954	4752	0	5096	17238	684	5342	0	0	0	0	456	5926	8726	1788	146	
218176	Cerebelum_8_R	0	0	0	0	0	0	0	0	0	0	0	0	0	0	0	0	0	0	0	0	0	0	0	0	0	0	0	0	0	0	0	0	0	0	0	0	0	0	0	0	0	0	0	0	0	0	0	0	0	0	0	0	0	0	0	0	0	0	0	0	0	0	0	0	0	0	0	0	0	0	0	0	0	0	0	0	0	0	0	0	0	0	0	0	0	0	0	0	0	0	106	14428	2296	21230	0	650	104	1188	148	4784	4058	18884	5096	0	510	14952	0	1264	0	398	394	652	6006	8172	3398	370	
117476	Cerebelum_9_L	0	0	0	0	0	0	0	0	0	0	0	0	0	0	0	0	0	0	0	0	0	0	0	0	0	0	0	0	0	0	0	0	0	0	0	0	0	0	120	0	0	0	0	0	0	0	104	168	0	0	0	0	0	0	624	0	0	0	0	0	0	0	0	0	0	0	0	0	0	0	0	0	0	0	0	0	0	0	0	0	0	0	0	0	0	0	0	0	0	0	2362	0	590	352	2482	298	5952	308	4388	216	2426	126	17238	510	0	1946	6092	0	240	692	1140	2524	950	2282	3310	1298	
139792	Cerebelum_9_R	0	0	0	0	0	0	0	0	0	0	0	0	0	0	0	0	0	0	0	0	0	0	0	0	0	0	0	0	0	0	0	0	0	0	0	0	0	0	0	0	0	0	0	0	0	0	0	246	0	0	0	0	0	0	0	234	0	0	0	0	0	0	0	0	0	0	0	0	0	0	0	0	0	0	0	0	0	0	0	0	0	0	0	0	0	0	0	0	0	0	1430	1884	122	1980	876	2688	1906	3000	2534	3098	142	1630	684	14952	1946	0	0	1266	1106	3004	1900	4270	2972	5536	8412	2078	
28200	Cerebelum_10_L	0	0	0	0	0	0	0	0	0	0	0	0	0	0	0	0	0	0	0	0	0	0	0	0	0	0	0	0	0	0	0	0	0	0	0	0	0	0	0	0	0	0	0	0	0	0	0	0	0	0	0	0	0	0	0	0	0	0	0	0	0	0	0	0	0	0	0	0	0	0	0	0	0	0	0	0	0	0	0	0	0	0	0	0	0	0	0	0	0	0	588	0	372	0	0	0	126	0	214	0	1366	0	5342	0	6092	0	0	0	0	0	0	0	0	0	0	0	
8312	Cerebelum_10_R	0	0	0	0	0	0	0	0	0	0	0	0	0	0	0	0	0	0	0	0	0	0	0	0	0	0	0	0	0	0	0	0	0	0	0	0	0	0	0	0	0	0	0	0	0	0	0	0	0	0	0	0	0	0	0	0	0	0	0	0	0	0	0	0	0	0	0	0	0	0	0	0	0	0	0	0	0	0	0	0	0	0	0	0	0	0	0	0	0	0	0	130	0	330	0	0	0	102	0	520	0	92	0	1264	0	1266	0	0	0	0	0	96	156	90	110	0	
47520	Vermis_1_2	0	0	0	0	0	0	0	0	0	0	0	0	0	0	0	0	0	0	0	0	0	0	0	0	0	0	0	0	0	0	0	0	0	0	0	0	0	0	0	0	0	0	0	0	0	0	98	526	0	0	0	0	0	0	146	0	0	0	0	0	0	0	0	0	0	0	0	0	0	0	0	0	0	0	0	0	0	0	0	0	0	0	0	0	0	0	0	0	0	0	1312	146	0	0	1560	790	2866	698	2368	378	0	0	0	0	240	1106	0	0	0	5114	2676	1208	242	684	1216	386	
109388	Vermis_3	0	0	0	0	0	0	0	0	0	0	0	0	0	0	0	0	0	0	0	0	0	0	0	0	0	0	0	0	0	0	0	0	0	0	0	0	0	0	212	0	0	0	0	0	0	0	562	796	0	0	0	0	0	0	380	246	0	0	0	0	0	0	0	0	0	0	0	0	0	0	0	0	0	0	0	0	0	0	0	0	0	0	0	0	0	0	0	0	0	0	2514	594	100	336	2520	5128	4934	3680	4782	2924	0	140	0	398	692	3004	0	0	5114	0	5314	3736	906	1958	3350	374	
277692	Vermis_4_5	0	0	0	0	0	0	0	0	0	0	0	0	0	0	0	0	0	0	0	0	0	0	0	0	0	0	0	0	0	0	0	0	0	0	0	0	0	0	0	0	0	0	0	0	0	0	6208	11572	0	0	0	0	390	438	3084	4738	0	0	0	0	0	0	0	0	0	0	0	88	0	0	0	0	0	0	0	0	0	0	0	0	0	0	0	0	0	0	0	0	0	0	8094	3426	128	442	2480	2146	21110	19246	16026	13274	0	274	0	394	1140	1900	0	0	2676	5314	0	7946	392	942	2602	2376	
255720	Vermis_6	0	0	0	0	0	0	0	0	0	0	0	0	0	0	0	0	0	0	0	0	0	0	0	0	0	0	0	0	0	0	0	0	0	0	0	0	0	0	0	0	0	0	0	0	0	0	5616	7384	0	0	0	0	100	1386	1602	3160	0	0	0	0	0	0	0	0	0	0	0	0	0	0	0	0	0	0	0	0	0	0	0	0	0	0	0	0	0	0	0	0	0	0	8964	6214	1364	1158	2044	2670	7916	4260	18238	13324	312	206	456	652	2524	4270	0	96	1208	3736	7946	0	6970	3864	6502	3718	
