data	data	483128	166620	1.0333e+06	908372	270828	104104	668788	378856	215048	61848	256320	277424	371012	143324	274632	77472	216032	161592	634736	784500	72516	91028	469304	499980	65124	131644	56848	53912	668312	363680	446912	614000	265956	555180	107336	148032	230144	316964	78052	247988	34404	55604	283360	439068	224636	431364	184496	358596	186748	490908	499280	435740	157892	127248	428532	452036	286376	173296	185584	188788	187840	89228	145772	96704	118328	123960	315600	446708	183728	158188	336728	423956	395516	391592	65264	32288	95312	127948	138076	33104	296372	95432	89780	74104	322836	161704	45756	34192	329628	124860	438204	475540	260268	309792	42552	80920	296900	360724	432792	492200	214732	110248	266176	288968	108464	187708	9588	4176	63736	92096	320468	314180	255964	185012	151284	56200	
data	data	Precentral_L	Precentral_R	Frontal_Sup_L	Frontal_Sup_R	Frontal_Sup_Orb_L	Frontal_Sup_Orb_R	Frontal_Mid_L	Frontal_Mid_R	Frontal_Mid_Orb_L	Frontal_Mid_Orb_R	Frontal_Inf_Oper_L	Frontal_Inf_Oper_R	Frontal_Inf_Tri_L	Frontal_Inf_Tri_R	Frontal_Inf_Orb_L	Frontal_Inf_Orb_R	Rolandic_Oper_L	Rolandic_Oper_R	Supp_Motor_Area_L	Supp_Motor_Area_R	Olfactory_L	Olfactory_R	Frontal_Sup_Medial_L	Frontal_Sup_Medial_R	Frontal_Med_Orb_L	Frontal_Med_Orb_R	Rectus_L	Rectus_R	Insula_L	Insula_R	Cingulum_Ant_L	Cingulum_Ant_R	Cingulum_Mid_L	Cingulum_Mid_R	Cingulum_Post_L	Cingulum_Post_R	Hippocampus_L	Hippocampus_R	ParaHippocampal_L	ParaHippocampal_R	Amygdala_L	Amygdala_R	Calcarine_L	Calcarine_R	Cuneus_L	Cuneus_R	Lingual_L	Lingual_R	Occipital_Sup_L	Occipital_Sup_R	Occipital_Mid_L	Occipital_Mid_R	Occipital_Inf_L	Occipital_Inf_R	Fusiform_L	Fusiform_R	Postcentral_L	Postcentral_R	Parietal_Sup_L	Parietal_Sup_R	Parietal_Inf_L	Parietal_Inf_R	SupraMarginal_L	SupraMarginal_R	Angular_L	Angular_R	Precuneus_L	Precuneus_R	Paracentral_Lobule_L	Paracentral_Lobule_R	Caudate_L	Caudate_R	Putamen_L	Putamen_R	Pallidum_L	Pallidum_R	Thalamus_L	Thalamus_R	Heschl_L	Heschl_R	Temporal_Sup_L	Temporal_Sup_R	Temporal_Pole_Sup_L	Temporal_Pole_Sup_R	Temporal_Mid_L	Temporal_Mid_R	Temporal_Pole_Mid_L	Temporal_Pole_Mid_R	Temporal_Inf_L	Temporal_Inf_R	Cerebelum_Crus1_L	Cerebelum_Crus1_R	Cerebelum_Crus2_L	Cerebelum_Crus2_R	Cerebelum_3_L	Cerebelum_3_R	Cerebelum_4_5_L	Cerebelum_4_5_R	Cerebelum_6_L	Cerebelum_6_R	Cerebelum_7b_L	Cerebelum_7b_R	Cerebelum_8_L	Cerebelum_8_R	Cerebelum_9_L	Cerebelum_9_R	Cerebelum_10_L	Cerebelum_10_R	Vermis_1_2	Vermis_3	Vermis_4_5	Vermis_6	Vermis_7	Vermis_8	Vermis_9	Vermis_10	
483128	Precentral_L	0	1064	13276	1864	496	0	21100	272	512	0	16738	0	2754	0	558	0	11262	1310	10844	17012	0	0	496	974	0	0	0	0	14604	286	808	1270	1128	8206	2626	918	6830	782	504	98	0	0	302	0	184	0	0	0	0	0	1060	0	130	0	1776	86	28574	442	1282	0	3644	0	2048	108	138	0	790	0	14218	5922	5856	2030	6638	1072	3272	686	7312	1096	6226	482	5442	226	0	0	632	0	0	0	1298	0	0	0	0	0	0	0	0	0	0	0	0	0	0	0	0	0	0	0	0	0	0	0	0	0	0	0	
166620	Precentral_R	1064	0	566	4332	0	0	226	8700	0	0	0	8374	0	574	0	0	0	2642	562	628	0	0	0	190	0	110	0	0	0	2740	84	240	0	812	0	572	0	1522	0	232	0	0	0	498	0	760	0	228	0	1170	0	3448	0	1218	0	746	540	16812	0	2162	0	1226	0	1692	0	1220	0	3050	114	8654	288	378	0	1680	0	0	0	978	0	304	0	796	0	0	0	948	0	0	0	230	0	0	0	0	0	0	0	0	0	0	0	0	0	0	0	0	0	0	0	0	0	0	0	0	0	0	
1.0333e+06	Frontal_Sup_L	13276	566	0	19272	19154	0	79050	4158	12642	0	6710	886	23138	0	15884	0	3806	312	66864	20704	0	0	49466	14502	2030	462	388	0	33798	1064	20108	10576	11494	9780	128	190	4162	946	188	202	0	0	0	0	0	0	0	0	0	0	0	0	0	0	176	192	496	266	0	0	0	0	0	0	0	0	0	0	2468	0	19110	1320	31898	548	4838	176	5230	388	348	0	2122	0	856	194	0	0	0	0	118	0	0	0	0	0	0	0	0	0	0	0	0	0	0	0	0	0	0	0	0	0	0	0	0	0	0	0	
908372	Frontal_Sup_R	1864	4332	19272	0	202	4964	6120	46670	196	3226	808	15530	650	3806	368	2588	554	7516	16968	65664	0	0	13894	47502	422	4120	0	92	1934	19926	16076	45308	5870	28686	0	0	584	2868	0	1104	0	0	0	0	0	84	0	140	0	162	90	562	0	0	0	956	202	1156	88	212	0	268	0	438	0	88	94	140	390	0	6968	20776	1316	17162	0	568	132	7104	282	204	162	166	0	3766	0	0	0	0	0	82	0	218	0	102	0	0	0	184	0	240	0	0	0	0	0	0	0	0	0	0	0	0	0	0	0	0	
270828	Frontal_Sup_Orb_L	496	0	19154	202	0	0	11114	126	23618	0	1936	0	9480	0	19262	0	296	0	2260	178	1088	358	4274	254	6198	1108	6346	720	11488	0	4962	310	210	0	0	0	0	0	0	0	0	0	0	0	0	0	0	0	0	0	0	0	0	0	0	0	0	0	0	0	0	0	0	0	0	0	0	0	0	0	1328	240	7806	0	0	0	0	0	0	0	238	0	364	0	0	0	0	0	0	0	0	0	0	0	0	0	0	0	0	0	0	0	0	0	0	0	0	0	0	0	0	0	0	0	0	0	
104104	Frontal_Sup_Orb_R	0	0	0	4964	0	0	130	2494	0	7126	0	0	0	154	0	2296	0	0	0	2764	94	520	124	3690	218	7930	194	5834	0	560	282	3634	0	176	0	0	0	0	0	0	0	0	0	0	0	0	0	0	0	0	0	0	0	0	0	0	0	0	0	0	0	0	0	0	0	0	0	0	0	0	312	5370	0	3186	0	0	0	0	0	0	0	0	0	0	0	0	0	0	0	0	0	0	0	0	0	0	0	0	0	0	0	0	0	0	0	0	0	0	0	0	0	0	0	0	0	0	
668788	Frontal_Mid_L	21100	226	79050	6120	11114	130	0	1230	13102	92	12816	146	45736	92	15218	0	2396	836	12758	5896	0	0	15602	6486	0	0	0	0	28260	306	9728	6520	6958	4418	392	452	3822	624	286	0	0	0	0	0	0	0	0	0	0	0	222	0	0	0	200	0	242	0	220	0	0	0	0	0	0	0	220	0	544	0	4874	1862	6580	448	110	150	2616	600	1424	296	1086	116	584	0	0	0	0	0	88	0	0	0	0	0	0	0	0	0	0	0	0	0	0	0	0	0	0	0	0	0	0	0	0	0	0	0	
378856	Frontal_Mid_R	272	8700	4158	46670	126	2494	1230	0	140	3818	114	16660	540	18164	342	4756	0	4282	3714	7668	0	0	1280	8442	0	186	0	0	1108	13252	916	3962	1462	8494	0	0	132	848	0	254	0	0	0	156	0	352	0	0	0	552	0	1578	0	0	0	344	0	3550	0	1336	0	1424	0	2118	0	430	0	540	0	82	3102	1706	390	5206	0	0	0	220	0	108	0	0	0	2050	0	0	0	0	0	0	0	0	0	0	0	0	0	0	0	0	0	0	0	0	0	0	0	0	0	0	0	0	0	0	0	0	
215048	Frontal_Mid_Orb_L	512	0	12642	196	23618	0	13102	140	0	0	1934	0	10804	0	22860	0	302	0	2270	192	202	0	262	0	922	82	2440	0	11560	0	422	102	208	0	0	0	0	0	0	0	0	0	0	0	0	0	0	0	0	0	0	0	0	0	0	0	0	0	0	0	0	0	0	0	0	0	0	0	0	0	248	0	1520	0	0	0	0	0	0	0	244	0	740	0	0	0	0	0	0	0	0	0	0	0	0	0	0	0	0	0	0	0	0	0	0	0	0	0	0	0	0	0	0	0	0	0	
61848	Frontal_Mid_Orb_R	0	0	0	3226	0	7126	92	3818	0	0	0	224	0	628	0	4320	0	0	0	1534	0	0	0	1860	0	936	0	724	0	868	0	708	0	124	0	0	0	0	0	0	0	0	0	0	0	0	0	0	0	0	0	0	0	0	0	0	0	0	0	0	0	0	0	0	0	0	0	0	0	0	96	2454	0	2186	0	0	0	0	0	0	0	0	0	0	0	0	0	0	0	0	0	0	0	0	0	0	0	0	0	0	0	0	0	0	0	0	0	0	0	0	0	0	0	0	0	0	
256320	Frontal_Inf_Oper_L	16738	0	6710	808	1936	0	12816	114	1934	0	0	0	15974	0	2802	0	12934	0	964	198	0	0	1004	744	0	0	0	0	22798	0	1228	1036	874	274	0	0	836	0	0	0	0	0	0	0	0	0	0	0	0	0	188	0	0	0	122	0	6460	0	424	0	718	0	932	0	96	0	0	0	0	0	760	0	2722	0	0	0	150	0	3008	0	6816	0	2910	0	0	0	0	0	132	0	0	0	0	0	0	0	0	0	0	0	0	0	0	0	0	0	0	0	0	0	0	0	0	0	0	0	
277424	Frontal_Inf_Oper_R	0	8374	886	15530	0	0	146	16660	0	224	0	0	0	14378	0	438	0	11762	604	6540	80	0	152	754	0	0	0	0	86	30796	120	436	172	1200	0	0	0	998	0	250	0	0	0	448	0	1164	0	0	0	1588	0	2300	0	116	0	472	0	1592	0	1840	0	722	0	800	0	296	0	1722	0	272	1026	976	108	7306	0	0	0	104	0	380	0	360	0	4360	0	0	0	0	0	174	0	0	0	0	0	0	0	0	0	0	0	0	0	0	0	0	0	0	0	0	0	0	0	0	0	0	
371012	Frontal_Inf_Tri_L	2754	0	23138	650	9480	0	45736	540	10804	0	15974	0	0	0	20280	0	1538	0	4728	400	0	0	2960	358	0	0	0	0	33772	82	728	920	3210	916	0	0	94	0	0	0	0	0	0	0	0	0	0	0	0	0	0	0	0	0	0	0	608	0	0	0	0	0	0	0	0	0	0	0	0	0	798	0	3192	0	0	0	0	0	172	0	794	0	880	0	0	0	0	0	0	0	0	0	0	0	0	0	0	0	0	0	0	0	0	0	0	0	0	0	0	0	0	0	0	0	0	0	
143324	Frontal_Inf_Tri_R	0	574	0	3806	0	154	92	18164	0	628	0	14378	0	0	0	5606	0	1378	334	1880	0	0	150	392	0	0	0	0	0	12262	0	224	154	1564	0	0	0	488	0	0	0	0	0	208	0	538	0	0	0	748	0	736	0	96	0	208	0	216	0	614	0	0	0	0	0	0	0	818	0	124	156	184	0	4458	0	0	0	0	0	0	0	0	0	248	0	0	0	0	0	82	0	0	0	0	0	0	0	0	0	0	0	0	0	0	0	0	0	0	0	0	0	0	0	0	0	0	
274632	Frontal_Inf_Orb_L	558	0	15884	368	19262	0	15218	342	22860	0	2802	0	20280	0	0	0	402	0	3016	280	1162	0	680	132	0	0	256	0	23716	0	230	234	626	220	0	0	278	0	0	0	92	0	0	0	0	0	0	0	0	0	0	0	0	0	0	0	0	0	0	0	0	0	0	0	0	0	0	0	0	0	392	0	5770	0	0	0	0	0	0	0	340	0	1916	0	0	0	0	0	0	0	0	0	0	0	0	0	0	0	0	0	0	0	0	0	0	0	0	0	0	0	0	0	0	0	0	0	
77472	Frontal_Inf_Orb_R	0	0	0	2588	0	2296	0	4756	0	4320	0	438	0	5606	0	0	0	0	152	902	0	646	258	356	0	172	0	284	0	8576	0	136	538	2000	0	0	0	406	0	274	0	180	0	0	0	0	0	0	0	0	0	0	0	0	0	156	0	0	0	0	0	0	0	0	0	0	0	0	0	0	0	698	0	2652	0	0	0	0	0	0	0	0	0	210	0	136	0	0	0	0	0	0	0	0	0	0	0	0	0	0	0	0	0	0	0	0	0	0	0	0	0	0	0	0	0	0	
216032	Rolandic_Oper_L	11262	0	3806	554	296	0	2396	0	302	0	12934	0	1538	0	402	0	0	0	1506	0	0	0	496	526	0	0	0	0	18208	0	748	606	98	0	0	0	1096	0	0	0	0	0	84	0	0	0	0	0	0	0	738	0	0	0	550	0	14342	0	1760	0	2732	0	4914	0	100	0	254	0	0	0	396	0	1220	0	0	0	146	0	5900	0	13396	0	2048	0	1176	0	0	0	1486	0	0	0	0	0	0	0	0	0	0	0	0	0	0	0	0	0	0	0	0	0	0	0	0	0	0	0	
161592	Rolandic_Oper_R	1310	2642	312	7516	0	0	836	4282	0	0	0	11762	0	1378	0	0	0	0	126	5608	0	0	0	462	0	0	0	0	0	16084	0	422	0	268	0	0	0	772	0	0	0	0	0	318	0	856	0	0	0	1032	0	894	0	134	0	304	0	3846	0	956	0	162	0	2474	0	0	0	982	0	0	728	486	0	2178	0	0	0	96	0	3032	0	4088	0	4354	0	0	0	0	0	96	0	0	0	0	0	0	0	0	0	0	0	0	0	0	0	0	0	0	0	0	0	0	0	0	0	0	
634736	Supp_Motor_Area_L	10844	562	66864	16968	2260	0	12758	3714	2270	0	964	604	4728	334	3016	152	1506	126	0	43936	0	0	11290	5494	0	0	0	0	14532	800	6478	4732	9102	21500	394	528	3494	720	0	164	0	0	0	0	0	0	0	0	0	0	0	0	0	0	112	166	482	250	0	0	0	0	0	0	0	0	0	0	12542	270	14196	1508	23034	964	5140	180	5702	210	302	0	1020	0	348	0	0	0	0	0	108	0	0	0	0	0	0	0	0	0	0	0	0	0	0	0	0	0	0	0	0	0	0	0	0	0	0	0	
784500	Supp_Motor_Area_R	17012	628	20704	65664	178	2764	5896	7668	192	1534	198	6540	400	1880	280	902	0	5608	43936	0	0	0	3414	12676	0	2072	0	0	714	9098	7972	20198	7988	44778	388	2972	284	2868	0	868	0	0	0	0	0	0	0	146	0	0	0	220	0	0	0	1026	248	1058	0	218	0	298	0	256	0	0	0	376	13766	13386	6024	27950	652	14794	500	1784	658	7056	0	1114	0	668	0	1078	0	0	0	0	0	82	0	186	0	80	0	0	0	150	0	202	0	0	0	0	0	0	0	0	0	0	0	0	0	0	0	0	
72516	Olfactory_L	0	0	0	0	1088	94	0	0	202	0	0	80	0	0	1162	0	0	0	0	0	0	4928	0	0	178	194	1732	862	2236	84	2944	2164	0	0	0	0	434	0	556	0	352	0	0	0	0	0	0	0	0	0	0	0	0	0	0	0	0	0	0	0	0	0	0	0	0	0	0	0	0	0	6014	4110	4794	1828	0	0	0	0	0	0	0	0	222	0	0	0	0	0	0	0	0	0	0	0	0	0	0	0	0	0	0	0	0	0	0	0	0	0	0	0	0	0	0	0	0	0	
91028	Olfactory_R	0	0	0	0	358	520	0	0	0	0	0	0	0	0	0	646	0	0	0	0	4928	0	0	0	140	1010	1478	1896	0	1728	3018	3136	0	0	0	0	0	252	0	188	0	368	0	0	0	0	0	0	0	0	0	0	0	0	0	0	0	0	0	0	0	0	0	0	0	0	0	0	0	0	7512	7974	4986	3506	726	1062	0	82	0	0	0	0	0	0	0	0	0	0	0	0	0	0	0	0	0	0	0	0	0	0	0	0	0	0	0	0	0	0	0	0	0	0	0	0	0	0	
469304	Frontal_Sup_Medial_L	496	0	49466	13894	4274	124	15602	1280	262	0	1004	152	2960	150	680	258	496	0	11290	3414	0	0	0	28144	4022	1614	458	134	4572	408	27330	22076	14152	18582	0	0	138	0	0	0	0	0	0	0	0	0	0	0	0	0	0	0	0	0	0	0	0	0	0	0	0	0	0	0	0	0	0	0	0	0	2328	480	4100	204	0	0	0	0	0	0	108	0	0	0	0	0	0	0	0	0	0	0	0	0	0	0	0	0	0	0	0	0	0	0	0	0	0	0	0	0	0	0	0	0	0	0	
499980	Frontal_Sup_Medial_R	974	190	14502	47502	254	3690	6486	8442	0	1860	744	754	358	392	132	356	526	462	5494	12676	0	0	28144	0	1920	8572	94	516	1228	1338	15756	39290	4956	21250	0	0	494	0	0	0	0	0	0	0	0	0	0	0	0	0	90	0	0	0	0	0	0	0	88	0	0	0	0	0	0	0	90	0	0	0	2276	10464	930	6174	0	0	0	0	260	124	142	0	0	0	0	0	0	0	0	0	0	0	0	0	0	0	0	0	0	0	0	0	0	0	0	0	0	0	0	0	0	0	0	0	0	0	
65124	Frontal_Med_Orb_L	0	0	2030	422	6198	218	0	0	922	0	0	0	0	0	0	0	0	0	0	0	178	140	4022	1920	0	4040	3160	888	0	0	6328	1082	0	0	0	0	0	0	0	0	0	0	0	0	0	0	0	0	0	0	0	0	0	0	0	0	0	0	0	0	0	0	0	0	0	0	0	0	0	0	364	162	372	116	0	0	0	0	0	0	0	0	0	0	0	0	0	0	0	0	0	0	0	0	0	0	0	0	0	0	0	0	0	0	0	0	0	0	0	0	0	0	0	0	0	0	
131644	Frontal_Med_Orb_R	0	110	462	4120	1108	7930	0	186	82	936	0	0	0	0	0	172	0	0	0	2072	194	1010	1614	8572	4040	0	400	7130	0	82	3484	7738	0	0	0	0	0	0	0	0	0	0	0	0	0	0	0	0	0	0	0	0	0	0	0	0	0	0	0	0	0	0	0	0	0	0	0	0	0	0	310	8022	0	6048	0	0	0	0	0	0	0	0	0	0	0	0	0	0	0	0	0	0	0	0	0	0	0	0	0	0	0	0	0	0	0	0	0	0	0	0	0	0	0	0	0	0	
56848	Rectus_L	0	0	388	0	6346	194	0	0	2440	0	0	0	0	0	256	0	0	0	0	0	1732	1478	458	94	3160	400	0	1388	0	0	3506	746	0	0	0	0	0	0	0	0	0	0	0	0	0	0	0	0	0	0	0	0	0	0	0	0	0	0	0	0	0	0	0	0	0	0	0	0	0	0	2472	1008	1996	362	0	0	0	0	0	0	0	0	0	0	0	0	0	0	0	0	0	0	0	0	0	0	0	0	0	0	0	0	0	0	0	0	0	0	0	0	0	0	0	0	0	0	
53912	Rectus_R	0	0	0	92	720	5834	0	0	0	724	0	0	0	0	0	284	0	0	0	0	862	1896	134	516	888	7130	1388	0	0	376	506	1700	0	0	0	0	0	0	0	0	0	0	0	0	0	0	0	0	0	0	0	0	0	0	0	0	0	0	0	0	0	0	0	0	0	0	0	0	0	0	862	1854	348	842	0	0	0	0	0	0	0	0	0	0	0	0	0	0	0	0	0	0	0	0	0	0	0	0	0	0	0	0	0	0	0	0	0	0	0	0	0	0	0	0	0	0	
668312	Insula_L	14604	0	33798	1934	11488	0	28260	1108	11560	0	22798	86	33772	0	23716	0	18208	0	14532	714	2236	0	4572	1228	0	0	0	0	0	96	1902	1674	3412	618	380	458	12012	402	1134	0	744	0	134	0	0	0	0	0	0	0	542	0	0	0	2822	0	12204	0	3764	0	4566	0	1186	0	160	0	310	0	192	0	2780	250	23526	0	0	0	836	462	8340	0	12208	0	6860	0	1104	0	690	0	3774	0	0	0	0	0	0	0	0	0	0	0	0	0	0	0	0	0	0	0	0	0	0	0	0	0	0	0	
363680	Insula_R	286	2740	1064	19926	0	560	306	13252	0	868	0	30796	82	12262	0	8576	0	16084	800	9098	84	1728	408	1338	0	82	0	376	96	0	238	1360	662	2742	0	0	0	5404	0	2174	0	848	0	216	0	510	0	0	0	642	0	842	0	416	0	4046	0	1202	0	484	0	140	0	0	0	0	0	532	0	92	1288	2438	118	22956	0	0	0	896	0	1356	0	2084	0	4488	0	636	0	0	0	1502	0	174	0	0	0	0	0	344	0	198	0	0	0	0	0	0	0	0	0	0	0	0	0	0	0	0	
446912	Cingulum_Ant_L	808	84	20108	16076	4962	282	9728	916	422	0	1228	120	728	0	230	0	748	0	6478	7972	2944	3018	27330	15756	6328	3484	3506	506	1902	238	0	35834	7638	11008	0	0	172	694	0	148	0	0	0	0	0	0	0	0	0	0	0	0	0	0	0	480	0	104	0	0	0	0	0	0	0	0	0	82	0	0	8800	8702	9094	4210	0	106	0	0	0	0	200	144	0	0	0	0	0	0	0	138	0	0	0	0	0	0	0	0	0	0	0	0	0	0	0	0	0	0	0	0	0	0	0	0	0	0	
614000	Cingulum_Ant_R	1270	240	10576	45308	310	3634	6520	3962	102	708	1036	436	920	224	234	136	606	422	4732	20198	2164	3136	22076	39290	1082	7738	746	1700	1674	1360	35834	0	9794	26360	0	100	534	1074	0	224	0	0	0	0	0	0	0	0	0	0	92	108	0	82	0	664	0	220	90	0	0	100	0	110	0	0	98	142	0	0	5658	26750	3328	11734	0	0	104	208	264	172	180	230	0	0	0	0	0	0	0	206	0	0	0	0	0	0	0	0	0	0	0	0	0	0	0	0	0	0	0	0	0	0	0	0	0	0	
265956	Cingulum_Mid_L	1128	0	11494	5870	210	0	6958	1462	208	0	874	172	3210	154	626	538	98	0	9102	7988	0	0	14152	4956	0	0	0	0	3412	662	7638	9794	0	23262	4036	808	0	0	0	0	0	0	726	0	864	0	0	0	90	0	1154	0	0	0	128	0	566	0	114	0	0	0	0	0	0	0	2628	438	5438	0	494	260	640	234	0	0	0	0	88	0	0	0	0	0	194	0	0	0	110	0	0	0	0	0	0	0	0	0	0	0	0	0	0	0	0	0	0	0	0	0	0	0	0	0	0	0	
555180	Cingulum_Mid_R	8206	812	9780	28686	0	176	4418	8494	0	124	274	1200	916	1564	220	2000	0	268	21500	44778	0	0	18582	21250	0	0	0	0	618	2742	11008	26360	23262	0	834	7478	0	530	0	136	0	0	0	346	0	290	0	352	0	170	0	236	0	188	0	338	0	942	0	0	0	0	0	0	0	0	350	3900	10538	10172	496	842	154	1968	0	0	0	0	0	0	0	0	0	92	0	0	0	0	0	0	0	0	0	0	0	0	0	0	0	0	0	0	0	0	0	0	0	0	0	0	0	0	0	0	0	0	
107336	Cingulum_Post_L	2626	0	128	0	0	0	392	0	0	0	0	0	0	0	0	0	0	0	394	388	0	0	0	0	0	0	0	0	380	0	0	0	4036	834	0	6426	3964	3032	1794	322	0	0	3706	116	1132	0	1026	0	188	0	1062	0	192	0	1678	110	858	0	110	0	0	0	0	0	0	0	6214	988	4334	312	90	486	152	0	0	0	102	3670	800	0	490	0	0	0	350	0	0	0	786	0	0	0	0	0	0	0	0	0	0	0	0	0	0	0	0	0	0	0	0	0	0	0	0	0	0	0	
148032	Cingulum_Post_R	918	572	190	0	0	0	452	0	0	0	0	0	0	0	0	0	0	0	528	2972	0	0	0	0	0	0	0	0	458	0	0	100	808	7478	6426	0	3092	8582	1188	4094	0	0	106	2660	86	760	226	2992	0	278	0	206	0	622	258	2826	0	872	0	0	0	0	0	0	0	0	1094	10124	956	5352	84	524	190	158	0	0	364	4508	396	0	0	0	0	0	0	0	0	0	0	84	0	0	0	0	0	0	0	88	0	0	0	0	0	0	0	0	0	0	0	0	344	0	0	0	0	0	
230144	Hippocampus_L	6830	0	4162	584	0	0	3822	132	0	0	836	0	94	0	278	0	1096	0	3494	284	434	0	138	494	0	0	0	0	12012	0	172	534	0	0	3964	3092	0	2690	11162	402	6330	0	1158	0	0	0	2122	0	0	0	0	0	0	0	9362	104	1618	0	274	0	144	0	0	0	0	0	2400	228	578	0	1536	448	6696	0	410	0	3260	3270	3546	0	3116	0	2632	0	614	0	1188	0	7332	0	0	0	0	0	0	0	0	0	0	0	0	0	0	0	0	0	0	0	0	0	0	0	0	0	0	0	
316964	Hippocampus_R	782	1522	946	2868	0	0	624	848	0	0	0	998	0	488	0	406	0	772	720	2868	0	252	0	0	0	0	0	0	402	5404	694	1074	0	530	3032	8582	2690	0	1052	26968	0	8290	0	2422	0	356	214	4818	0	366	0	688	0	940	224	26444	0	648	0	126	0	0	0	0	0	0	570	6876	0	1246	1196	1524	238	14540	0	614	150	5536	372	208	0	776	0	862	0	614	0	442	0	5432	0	1216	0	504	0	0	0	3120	0	1450	0	0	0	320	0	0	0	0	0	0	522	0	0	96	0	0	
78052	ParaHippocampal_L	504	0	188	0	0	0	286	0	0	0	0	0	0	0	0	0	0	0	0	0	556	0	0	0	0	0	0	0	1134	0	0	0	0	0	1794	1188	11162	1052	0	372	2542	0	606	0	0	0	2358	0	0	0	0	0	216	0	6166	90	0	0	0	0	0	0	0	0	0	0	1720	226	0	0	0	0	714	0	0	0	340	1212	94	0	270	0	812	0	0	0	808	0	1292	0	434	0	0	0	0	0	378	0	512	0	0	0	0	0	0	0	0	0	0	0	0	0	0	0	0	0	
247988	ParaHippocampal_R	98	232	202	1104	0	0	0	254	0	0	0	250	0	0	0	274	0	0	164	868	0	188	0	0	0	0	0	0	0	2174	148	224	0	136	322	4094	402	26968	372	0	0	7126	0	2224	0	182	0	5216	0	146	0	210	0	516	86	21740	0	226	0	0	0	0	0	0	0	0	278	5490	0	126	304	298	0	6090	0	452	0	1596	0	0	0	164	0	1850	0	194	0	1624	0	2054	0	3396	0	2072	0	322	0	7636	0	4302	0	96	0	2282	0	1404	0	0	0	200	722	626	1360	1570	1232	108	
34404	Amygdala_L	0	0	0	0	0	0	0	0	0	0	0	0	0	0	92	0	0	0	0	0	352	0	0	0	0	0	0	0	744	0	0	0	0	0	0	0	6330	0	2542	0	0	0	0	0	0	0	0	0	0	0	0	0	0	0	2932	0	0	0	0	0	0	0	0	0	0	0	0	0	0	0	102	0	684	0	0	0	180	0	0	0	0	0	708	0	148	0	660	0	1728	0	0	0	0	0	0	0	0	0	0	0	0	0	0	0	0	0	0	0	0	0	0	0	0	0	0	0	
55604	Amygdala_R	0	0	0	0	0	0	0	0	0	0	0	0	0	0	0	180	0	0	0	0	0	368	0	0	0	0	0	0	0	848	0	0	0	0	0	0	0	8290	0	7126	0	0	0	0	0	0	0	0	0	0	0	0	0	0	0	5026	0	0	0	0	0	0	0	0	0	0	0	0	0	0	0	142	0	2138	0	198	0	246	0	0	0	0	0	1602	0	0	0	758	0	516	0	0	0	0	0	0	0	250	0	114	0	0	0	0	0	0	0	0	0	0	0	0	0	0	0	0	
283360	Calcarine_L	302	0	0	0	0	0	0	0	0	0	0	0	0	0	0	0	84	0	0	0	0	0	0	0	0	0	0	0	134	0	0	0	726	0	3706	106	1158	0	606	0	0	0	0	7618	17696	4672	11332	2756	10094	1540	28728	162	8588	0	8006	0	150	0	792	0	278	0	0	0	340	0	17968	984	396	0	0	0	0	0	0	0	0	0	1596	0	1516	0	0	0	5280	0	0	0	3916	0	102	0	0	0	0	0	96	0	150	0	0	0	0	0	0	0	0	0	0	0	102	0	0	0	0	0	
439068	Calcarine_R	0	498	0	0	0	0	0	156	0	0	0	448	0	208	0	0	0	318	0	0	0	0	0	0	0	0	0	0	0	216	0	0	0	346	116	2660	0	2422	0	2224	0	0	7618	0	7970	38770	1218	32912	144	38458	80	23010	0	6612	0	7362	0	876	0	4334	0	346	0	954	0	482	3086	28570	0	520	0	0	0	82	0	0	0	0	0	130	0	508	0	0	0	3786	0	0	0	356	0	88	0	0	0	0	0	148	92	174	0	0	0	0	0	0	0	0	0	0	910	326	0	0	0	0	
224636	Cuneus_L	184	0	0	0	0	0	0	0	0	0	0	0	0	0	0	0	0	0	0	0	0	0	0	0	0	0	0	0	0	0	0	0	864	0	1132	86	0	0	0	0	0	0	17696	7970	0	9964	1434	1940	21556	2296	18532	192	1842	0	1164	0	122	0	2538	0	236	0	0	0	238	0	16814	1656	358	0	0	0	0	0	0	0	0	0	0	0	0	0	0	0	2626	0	0	0	878	0	0	0	0	0	0	0	0	0	0	0	0	0	0	0	0	0	0	0	0	0	0	0	0	0	0	0	
431364	Cuneus_R	0	760	0	84	0	0	0	352	0	0	0	1164	0	538	0	0	0	856	0	0	0	0	0	0	0	0	0	0	0	510	0	0	0	290	0	760	0	356	0	182	0	0	4672	38770	9964	0	262	10674	302	54620	158	25520	0	2708	0	1372	0	1652	0	11794	0	884	0	2300	0	1054	5802	33860	0	512	0	0	0	144	0	0	0	0	0	314	0	1050	0	0	0	926	0	0	0	374	0	0	0	0	0	0	0	0	0	0	0	0	0	0	0	0	0	0	0	0	142	0	0	0	0	0	
184496	Lingual_L	0	0	0	0	0	0	0	0	0	0	0	0	0	0	0	0	0	0	0	0	0	0	0	0	0	0	0	0	0	0	0	0	0	0	1026	226	2122	214	2358	0	0	0	11332	1218	1434	262	0	2162	2938	362	12274	0	6822	0	11602	184	0	0	0	0	0	0	0	0	0	0	2844	222	0	0	0	0	0	0	0	0	0	206	192	0	144	0	0	0	294	0	0	0	334	0	5422	122	84	0	114	112	8972	436	9302	340	0	0	140	0	0	170	0	0	186	248	3872	1362	194	0	112	288	
358596	Lingual_R	0	228	0	140	0	0	0	0	0	0	0	0	0	0	0	0	0	0	0	146	0	0	0	0	0	0	0	0	0	0	0	0	0	352	0	2992	0	4818	0	5216	0	0	2756	32912	1940	10674	2162	0	0	14942	0	9554	0	8734	606	18512	0	274	0	524	0	0	0	118	0	166	604	15114	0	380	0	0	0	0	0	0	0	408	0	0	0	124	0	0	0	1284	0	0	0	148	2748	4256	610	200	96	100	1684	4916	4954	7232	0	0	80	0	0	0	0	0	0	90	6784	8684	1036	0	0	0	
186748	Occipital_Sup_L	0	0	0	0	0	0	0	0	0	0	0	0	0	0	0	0	0	0	0	0	0	0	0	0	0	0	0	0	0	0	0	0	90	0	188	0	0	0	0	0	0	0	10094	144	21556	302	2938	0	0	0	30010	0	1576	0	1192	0	328	0	8128	0	1192	0	0	0	838	0	12868	328	100	0	0	0	0	0	0	0	0	0	0	0	0	0	0	0	1312	0	0	0	190	0	0	0	0	0	0	0	0	0	0	0	0	0	0	0	0	0	0	0	0	0	0	0	0	0	0	0	
490908	Occipital_Sup_R	0	1170	0	162	0	0	0	552	0	0	0	1588	0	748	0	0	0	1032	0	0	0	0	0	0	0	0	0	0	0	642	0	0	0	170	0	278	0	366	0	146	0	0	1540	38458	2296	54620	362	14942	0	0	0	47088	0	4754	0	3468	0	2292	0	15324	0	1770	0	3062	0	4780	3384	34166	0	358	0	136	0	264	0	0	0	0	0	346	0	1516	0	0	0	2836	0	0	0	504	0	0	0	0	0	0	0	0	0	0	0	0	0	0	0	0	0	0	0	0	142	192	0	0	0	0	
499280	Occipital_Mid_L	1060	0	0	90	0	0	222	0	0	0	188	0	0	0	0	0	738	0	0	0	0	0	0	90	0	0	0	0	542	0	0	92	1154	0	1062	0	0	0	0	0	0	0	28728	80	18532	158	12274	0	30010	0	0	0	23282	0	11840	0	5996	0	20672	0	15240	0	3616	0	15744	0	24108	286	1094	0	104	0	0	0	0	0	0	0	618	0	2804	0	0	0	23906	0	0	0	4926	0	132	0	0	0	0	0	84	0	168	0	0	0	0	0	0	0	0	0	0	0	0	0	0	0	0	0	
435740	Occipital_Mid_R	0	3448	0	562	0	0	0	1578	0	0	0	2300	0	736	0	0	0	894	0	220	0	0	0	0	0	0	0	0	0	842	0	108	0	236	0	206	0	688	0	210	0	0	162	23010	192	25520	0	9554	0	47088	0	0	0	6424	0	4242	0	3416	0	10148	0	5514	0	4220	0	19200	860	20458	0	1270	0	162	0	502	0	0	0	0	0	368	0	4682	0	0	0	16796	0	0	0	2054	0	0	0	0	0	0	0	0	0	0	0	0	0	0	0	0	0	0	0	0	0	0	0	0	0	0	
157892	Occipital_Inf_L	130	0	0	0	0	0	0	0	0	0	0	0	0	0	0	0	0	0	0	0	0	0	0	0	0	0	0	0	0	0	0	0	0	0	192	0	0	0	216	0	0	0	8588	0	1842	0	6822	0	1576	0	23282	0	0	0	16582	0	638	0	874	0	266	0	0	0	554	0	3058	0	164	0	0	0	0	0	0	0	0	0	186	0	314	0	0	0	5898	0	0	0	6784	0	366	0	0	0	0	0	164	0	364	0	0	0	0	0	0	0	0	0	0	0	86	0	0	0	0	0	
127248	Occipital_Inf_R	0	1218	0	0	0	0	0	0	0	0	0	116	0	96	0	0	0	134	0	0	0	0	0	0	0	0	0	0	0	416	0	82	0	188	0	622	0	940	0	516	0	0	0	6612	0	2708	0	8734	0	4754	0	6424	0	0	0	11254	0	3766	0	540	0	0	0	0	0	82	0	4888	0	1714	0	204	0	574	0	0	0	0	0	0	0	244	0	0	0	1160	0	0	0	3930	0	0	0	0	0	0	0	110	92	468	0	0	0	0	0	0	0	0	0	0	462	576	0	0	0	0	
428532	Fusiform_L	1776	0	176	0	0	0	200	0	0	0	122	0	0	0	0	0	550	0	112	0	0	0	0	0	0	0	0	0	2822	0	0	0	128	0	1678	258	9362	224	6166	86	2932	0	8006	0	1164	0	11602	606	1192	0	11840	0	16582	0	0	96	708	0	712	0	122	0	0	0	260	0	6764	0	584	0	0	0	654	0	0	0	0	244	6014	0	10284	0	1652	0	9544	0	2534	0	36062	0	17280	84	3014	0	292	0	11958	182	23600	200	0	0	208	0	226	0	0	0	0	0	2032	1038	158	176	0	0	
452036	Fusiform_R	86	746	192	956	0	0	0	344	0	0	0	472	0	208	0	156	0	304	166	1026	0	0	0	0	0	0	0	0	0	4046	480	664	0	338	110	2826	104	26444	90	21740	0	5026	0	7362	0	1372	184	18512	0	3468	0	4242	0	11254	96	0	0	822	0	120	0	0	0	0	0	202	0	4878	0	1582	306	848	0	6444	0	222	0	488	0	350	0	1448	0	3392	0	2550	0	4088	0	13976	766	14098	0	1932	0	458	834	14108	1588	18632	0	94	0	2132	0	1234	0	0	314	408	5972	4878	1432	1020	1150	238	
286376	Postcentral_L	28574	540	496	202	0	0	242	0	0	0	6460	0	608	0	0	0	14342	0	482	248	0	0	0	0	0	0	0	0	12204	0	0	0	566	0	858	0	1618	0	0	0	0	0	150	0	122	0	0	0	328	0	5996	0	638	0	708	0	0	152	10942	0	20060	0	10370	0	864	0	4060	0	4434	0	380	94	282	88	90	0	216	0	4860	0	6708	0	0	0	3046	0	0	0	1160	0	0	0	0	0	0	0	0	0	0	0	0	0	0	0	0	0	0	0	0	0	0	0	0	0	0	0	
173296	Postcentral_R	442	16812	266	1156	0	0	0	3550	0	0	0	1592	0	216	0	0	0	3846	250	1058	0	0	0	0	0	0	0	0	0	1202	104	220	0	942	0	872	0	648	0	226	0	0	0	876	0	1652	0	274	0	2292	0	3416	0	3766	0	822	152	0	0	7978	0	3670	0	7248	0	1136	0	5116	0	11006	214	404	0	834	0	0	0	0	0	194	0	974	0	0	0	978	0	0	0	244	0	0	0	0	0	0	0	0	0	0	0	0	0	0	0	0	0	0	0	0	0	0	0	0	0	0	
185584	Parietal_Sup_L	1282	0	0	88	0	0	220	0	0	0	424	0	0	0	0	0	1760	0	0	0	0	0	0	88	0	0	0	0	3764	0	0	90	114	0	110	0	274	0	0	0	0	0	792	0	2538	0	0	0	8128	0	20672	0	874	0	712	0	10942	0	0	0	10912	0	3270	0	2898	0	13294	0	670	0	100	0	0	0	0	0	0	0	564	0	2662	0	0	0	3130	0	0	0	2420	0	0	0	0	0	0	0	0	0	0	0	0	0	0	0	0	0	0	0	0	0	0	0	0	0	0	0	
188788	Parietal_Sup_R	0	2162	0	212	0	0	0	1336	0	0	0	1840	0	614	0	0	0	956	0	218	0	0	0	0	0	0	0	0	0	484	0	0	0	0	0	0	0	126	0	0	0	0	0	4334	0	11794	0	524	0	15324	0	10148	0	540	0	120	0	7978	0	0	0	6944	0	4530	0	3630	514	16302	0	1716	0	112	0	90	0	0	0	0	0	306	0	934	0	0	0	396	0	0	0	210	0	0	0	0	0	0	0	0	0	0	0	0	0	0	0	0	0	0	0	0	0	0	0	0	0	0	
187840	Parietal_Inf_L	3644	0	0	0	0	0	0	0	0	0	718	0	0	0	0	0	2732	0	0	0	0	0	0	0	0	0	0	0	4566	0	0	0	0	0	0	0	144	0	0	0	0	0	278	0	236	0	0	0	1192	0	15240	0	266	0	122	0	20060	0	10912	0	0	0	12796	0	12802	0	1472	0	310	0	0	0	0	0	0	0	0	0	482	0	1672	0	0	0	3364	0	0	0	912	0	0	0	0	0	0	0	0	0	0	0	0	0	0	0	0	0	0	0	0	0	0	0	0	0	0	0	
89228	Parietal_Inf_R	0	1226	0	268	0	0	0	1424	0	0	0	722	0	0	0	0	0	162	0	298	0	0	0	0	0	0	0	0	0	140	0	100	0	0	0	0	0	0	0	0	0	0	0	346	0	884	0	0	0	1770	0	5514	0	0	0	0	0	3670	0	6944	0	0	0	8428	0	11016	0	1074	0	390	0	150	0	0	0	0	0	0	0	0	0	0	0	0	0	88	0	0	0	0	0	0	0	0	0	0	0	0	0	0	0	0	0	0	0	0	0	0	0	0	0	0	0	0	0	0	
145772	SupraMarginal_L	2048	0	0	0	0	0	0	0	0	0	932	0	0	0	0	0	4914	0	0	0	0	0	0	0	0	0	0	0	1186	0	0	0	0	0	0	0	0	0	0	0	0	0	0	0	0	0	0	0	0	0	3616	0	0	0	0	0	10370	0	3270	0	12796	0	0	0	6076	0	354	0	0	0	0	0	0	0	0	0	0	0	500	0	13496	0	0	0	10912	0	0	0	2416	0	0	0	0	0	0	0	0	0	0	0	0	0	0	0	0	0	0	0	0	0	0	0	0	0	0	0	
96704	SupraMarginal_R	108	1692	0	438	0	0	0	2118	0	0	0	800	0	0	0	0	0	2474	0	256	0	0	0	0	0	0	0	0	0	0	0	110	0	0	0	0	0	0	0	0	0	0	0	954	0	2300	0	118	0	3062	0	4220	0	0	0	0	0	7248	0	4530	0	8428	0	0	0	3694	106	2328	0	352	88	174	0	0	0	0	0	0	0	0	0	2244	0	0	0	510	0	0	0	0	0	0	0	0	0	0	0	0	0	0	0	0	0	0	0	0	0	0	0	0	0	0	0	0	0	0	
118328	Angular_L	138	0	0	0	0	0	0	0	0	0	96	0	0	0	0	0	100	0	0	0	0	0	0	0	0	0	0	0	160	0	0	0	0	0	0	0	0	0	0	0	0	0	340	0	238	0	0	0	838	0	15744	0	554	0	260	0	864	0	2898	0	12802	0	6076	0	0	0	720	0	172	0	0	0	0	0	0	0	0	0	0	0	3884	0	0	0	11034	0	0	0	2246	0	0	0	0	0	0	0	0	0	0	0	0	0	0	0	0	0	0	0	0	0	0	0	0	0	0	0	
123960	Angular_R	0	1220	0	88	0	0	0	430	0	0	0	296	0	0	0	0	0	0	0	0	0	0	0	0	0	0	0	0	0	0	0	0	0	0	0	0	0	0	0	0	0	0	0	482	0	1054	0	166	0	4780	0	19200	0	82	0	202	0	1136	0	3630	0	11016	0	3694	0	0	0	864	0	844	0	0	0	0	0	0	0	0	0	0	0	4108	0	0	0	8020	0	0	0	668	0	0	0	0	0	0	0	0	0	0	0	0	0	0	0	0	0	0	0	0	0	0	0	0	0	0	
315600	Precuneus_L	790	0	0	94	0	0	220	0	0	0	0	0	0	0	0	0	254	0	0	0	0	0	0	90	0	0	0	0	310	0	0	98	2628	350	6214	1094	2400	570	1720	278	0	0	17968	3086	16814	5802	2844	604	12868	3384	24108	860	3058	0	6764	0	4060	0	13294	514	1472	0	354	106	720	0	0	5632	3234	0	108	0	0	0	0	0	0	516	1732	0	1860	0	0	0	4384	0	0	0	4544	0	0	0	0	0	0	0	0	0	0	0	0	0	0	0	0	0	0	0	0	0	0	0	0	0	0	0	
446708	Precuneus_R	0	3050	0	140	0	0	0	540	0	0	0	1722	0	818	0	0	0	982	0	376	0	0	0	0	0	0	0	0	0	532	82	142	438	3900	988	10124	228	6876	226	5490	0	0	984	28570	1656	33860	222	15114	328	34166	286	20458	0	4888	0	4878	0	5116	0	16302	0	1074	0	2328	0	864	5632	0	0	4334	0	238	0	272	0	0	0	286	0	320	0	1008	0	0	0	1530	0	0	0	442	0	0	0	0	0	0	0	368	0	0	0	0	0	0	0	0	0	0	0	0	1176	0	0	0	0	0	
183728	Paracentral_Lobule_L	14218	114	2468	390	0	0	544	0	0	0	0	0	0	0	0	0	0	0	12542	13766	0	0	0	0	0	0	0	0	192	0	0	0	5438	10538	4334	956	578	0	0	0	0	0	396	0	358	0	0	0	100	0	1094	0	164	0	584	0	4434	0	670	0	310	0	0	0	172	0	3234	0	0	5602	1354	160	670	0	838	0	3868	0	178	0	208	0	0	0	1038	0	0	0	354	0	0	0	0	0	0	0	0	0	0	0	0	0	0	0	0	0	0	0	0	0	0	0	0	0	0	0	
158188	Paracentral_Lobule_R	5922	8654	0	0	0	0	0	82	0	0	0	272	0	124	0	0	0	0	270	13386	0	0	0	0	0	0	0	0	0	92	0	0	0	10172	312	5352	0	1246	0	126	0	0	0	520	0	512	0	380	0	358	0	1270	0	1714	0	1582	0	11006	0	1716	0	390	0	352	0	844	0	4334	5602	0	248	136	0	0	0	0	122	164	0	0	0	582	0	0	0	980	0	0	0	272	0	0	0	0	0	0	0	0	0	0	0	0	0	0	0	0	0	0	0	0	0	0	0	0	0	0	
336728	Caudate_L	5856	288	19110	6968	1328	312	4874	3102	248	96	760	1026	798	156	392	0	396	728	14196	6024	6014	7512	2328	2276	364	310	2472	862	2780	1288	8800	5658	494	496	90	84	1536	1196	0	304	102	0	0	0	0	0	0	0	0	0	104	0	0	0	0	306	380	214	100	0	0	0	0	88	0	0	108	0	1354	248	0	13362	19586	3936	5282	2138	7962	764	378	160	96	0	0	174	0	0	0	0	0	0	0	0	0	0	0	0	0	0	0	0	0	0	0	0	0	0	0	0	0	0	0	0	0	0	0	0	
423956	Caudate_R	2030	378	1320	20776	240	5370	1862	1706	0	2454	0	976	0	184	0	698	0	486	1508	27950	4110	7974	480	10464	162	8022	1008	1854	250	2438	8702	26750	260	842	486	524	448	1524	0	298	0	142	0	0	0	0	0	0	0	136	0	162	0	204	0	848	94	404	0	112	0	150	0	174	0	0	0	238	160	136	13362	0	5964	23644	1648	3346	352	15136	172	118	0	248	0	148	0	86	0	0	0	260	0	0	0	0	0	0	0	0	0	0	0	0	0	0	0	0	0	0	0	0	0	0	0	0	0	0	
395516	Putamen_L	6638	0	31898	1316	7806	0	6580	390	1520	0	2722	108	3192	0	5770	0	1220	0	23034	652	4794	4986	4100	930	372	0	1996	348	23526	118	9094	3328	640	154	152	190	6696	238	714	0	684	0	0	0	0	0	0	0	0	0	0	0	0	0	654	0	282	0	0	0	0	0	0	0	0	0	0	0	670	0	19586	5964	0	2060	6034	1270	1476	234	386	0	1230	0	1414	0	0	0	0	0	592	0	0	0	0	0	0	0	0	0	0	0	0	0	0	0	0	0	0	0	0	0	0	0	0	0	0	0	
391592	Putamen_R	1072	1680	548	17162	0	3186	448	5206	0	2186	0	7306	0	4458	0	2652	0	2178	964	14794	1828	3506	204	6174	116	6048	362	842	0	22956	4210	11734	234	1968	0	158	0	14540	0	6090	0	2138	0	82	0	144	0	0	0	264	0	502	0	574	0	6444	88	834	0	90	0	0	0	0	0	0	0	272	0	0	3936	23644	2060	0	150	2280	0	2058	0	190	0	576	0	302	0	262	0	0	0	1186	0	672	0	298	0	0	0	1002	0	730	0	0	0	208	0	0	0	0	0	0	0	0	0	0	0	0	
65264	Pallidum_L	3272	0	4838	0	0	0	110	0	0	0	0	0	0	0	0	0	0	0	5140	500	0	726	0	0	0	0	0	0	0	0	0	0	0	0	0	0	410	0	0	0	0	0	0	0	0	0	0	0	0	0	0	0	0	0	0	0	90	0	0	0	0	0	0	0	0	0	0	0	838	0	5282	1648	6034	150	0	792	2802	0	0	0	0	0	0	0	0	0	0	0	0	0	0	0	0	0	0	0	0	0	0	0	0	0	0	0	0	0	0	0	0	0	0	0	0	0	0	0	
32288	Pallidum_R	686	0	176	568	0	0	150	0	0	0	0	0	0	0	0	0	0	0	180	1784	0	1062	0	0	0	0	0	0	0	0	106	0	0	0	0	0	0	614	0	452	0	198	0	0	0	0	0	0	0	0	0	0	0	0	0	222	0	0	0	0	0	0	0	0	0	0	0	0	0	0	2138	3346	1270	2280	792	0	0	120	0	0	0	0	0	0	0	0	0	0	0	0	0	0	0	0	0	0	0	0	0	0	0	0	0	0	0	0	0	0	0	0	0	0	0	0	0	0	
95312	Thalamus_L	7312	0	5230	132	0	0	2616	0	0	0	150	0	0	0	0	0	146	0	5702	658	0	0	0	0	0	0	0	0	836	0	0	104	0	0	102	364	3260	150	340	0	180	0	0	0	0	0	0	0	0	0	0	0	0	0	0	0	216	0	0	0	0	0	0	0	0	0	0	0	3868	122	7962	352	1476	0	2802	0	0	3416	160	0	0	0	0	0	0	0	0	0	0	0	0	0	0	0	0	0	0	0	0	0	0	0	0	0	0	0	0	0	0	0	0	0	0	0	0	0	
127948	Thalamus_R	1096	978	388	7104	0	0	600	220	0	0	0	104	0	0	0	0	0	96	210	7056	0	82	0	0	0	0	0	0	462	896	0	208	0	0	3670	4508	3270	5536	1212	1596	0	246	0	0	0	0	206	408	0	0	0	0	0	0	244	488	0	0	0	0	0	0	0	0	0	0	516	286	0	164	764	15136	234	2058	0	120	3416	0	396	0	0	0	0	0	0	0	0	0	0	0	0	0	0	0	0	0	0	0	0	0	0	0	0	0	0	0	0	0	0	0	0	0	0	0	0	0	
138076	Heschl_L	6226	0	348	282	0	0	1424	0	0	0	3008	0	172	0	0	0	5900	0	302	0	0	0	0	260	0	0	0	0	8340	0	0	264	88	0	800	396	3546	372	94	0	0	0	1596	0	0	0	192	0	0	0	618	0	186	0	6014	0	4860	0	564	0	482	0	500	0	0	0	1732	0	178	0	378	172	386	0	0	0	160	396	0	0	10330	0	0	0	1586	0	0	0	6886	0	0	0	0	0	0	0	0	0	0	0	0	0	0	0	0	0	0	0	0	0	0	0	0	0	0	0	
33104	Heschl_R	482	304	0	204	0	0	296	108	0	0	0	380	0	0	0	0	0	3032	0	1114	0	0	0	124	0	0	0	0	0	1356	0	172	0	0	0	0	0	208	0	0	0	0	0	130	0	314	0	0	0	346	0	368	0	0	0	350	0	194	0	306	0	0	0	0	0	0	0	320	0	0	160	118	0	190	0	0	0	0	0	0	0	4844	0	0	0	792	0	0	0	340	0	0	0	0	0	0	0	0	0	0	0	0	0	0	0	0	0	0	0	0	0	0	0	0	0	0	
296372	Temporal_Sup_L	5442	0	2122	162	238	0	1086	0	244	0	6816	0	794	0	340	0	13396	0	1020	0	0	0	108	142	0	0	0	0	12208	0	200	180	0	0	490	0	3116	0	270	0	0	0	1516	0	0	0	144	0	0	0	2804	0	314	0	10284	0	6708	0	2662	0	1672	0	13496	0	3884	0	1860	0	208	0	96	0	1230	0	0	0	0	0	10330	0	0	0	4872	0	19710	0	558	0	17362	0	0	0	0	0	0	0	0	0	102	0	0	0	0	0	0	0	0	0	0	0	0	0	0	0	0	0	
95432	Temporal_Sup_R	226	796	0	166	0	0	116	0	0	0	0	360	0	0	0	0	0	4088	0	668	0	0	0	0	0	0	0	0	0	2084	144	230	0	0	0	0	0	776	0	164	0	0	0	508	0	1050	0	124	0	1516	0	4682	0	244	0	1448	0	974	0	934	0	0	0	2244	0	4108	0	1008	0	582	0	248	0	576	0	0	0	0	0	4844	0	0	0	756	0	10102	0	0	0	1950	0	0	0	0	0	0	0	0	0	0	0	0	0	0	0	0	0	0	0	0	0	0	0	0	0	0	
89780	Temporal_Pole_Sup_L	0	0	856	0	364	0	584	0	740	0	2910	0	880	0	1916	0	2048	0	348	0	222	0	0	0	0	0	0	0	6860	0	0	0	0	0	0	0	2632	0	812	0	708	0	0	0	0	0	0	0	0	0	0	0	0	0	1652	0	0	0	0	0	0	0	0	0	0	0	0	0	0	0	0	0	1414	0	0	0	0	0	0	0	4872	0	0	0	5274	0	4334	0	5464	0	0	0	0	0	0	0	0	0	0	0	0	0	0	0	0	0	0	0	0	0	0	0	0	0	0	0	
74104	Temporal_Pole_Sup_R	0	0	194	3766	0	0	0	2050	0	0	0	4360	0	248	0	210	0	4354	0	1078	0	0	0	0	0	0	0	0	0	4488	0	0	0	92	0	0	0	862	0	1850	0	1602	0	0	0	0	0	0	0	0	0	0	0	0	0	3392	0	0	0	0	0	0	0	0	0	0	0	0	0	0	174	148	0	302	0	0	0	0	0	0	0	756	0	0	0	2072	0	3820	0	1114	0	0	0	0	0	0	0	120	0	0	0	0	0	0	0	0	0	0	0	0	0	0	0	0	0	0	
322836	Temporal_Mid_L	632	0	0	0	0	0	0	0	0	0	0	0	0	0	0	0	1176	0	0	0	0	0	0	0	0	0	0	0	1104	0	0	0	194	0	350	0	614	0	0	0	148	0	5280	0	2626	0	294	0	1312	0	23906	0	5898	0	9544	0	3046	0	3130	0	3364	0	10912	0	11034	0	4384	0	1038	0	0	0	0	0	0	0	0	0	1586	0	19710	0	5274	0	0	0	6156	0	38494	0	0	0	0	0	0	0	0	0	212	0	0	0	0	0	0	0	0	0	0	0	0	0	0	0	0	0	
161704	Temporal_Mid_R	0	948	0	0	0	0	0	0	0	0	0	0	0	0	0	136	0	0	0	0	0	0	0	0	0	0	0	0	0	636	0	0	0	0	0	0	0	614	0	194	0	0	0	3786	0	926	0	1284	0	2836	0	16796	0	1160	0	2550	0	978	0	396	0	88	0	510	0	8020	0	1530	0	980	0	86	0	262	0	0	0	0	0	792	0	10102	0	2072	0	0	0	3376	0	19794	0	0	0	0	0	0	0	0	0	0	0	0	0	0	0	0	0	0	0	0	0	0	0	0	0	0	
45756	Temporal_Pole_Mid_L	0	0	0	0	0	0	0	0	0	0	0	0	0	0	0	0	0	0	0	0	0	0	0	0	0	0	0	0	690	0	0	0	0	0	0	0	1188	0	808	0	660	0	0	0	0	0	0	0	0	0	0	0	0	0	2534	0	0	0	0	0	0	0	0	0	0	0	0	0	0	0	0	0	0	0	0	0	0	0	0	0	558	0	4334	0	6156	0	0	0	5950	0	0	0	0	0	0	0	0	0	0	0	0	0	0	0	0	0	0	0	0	0	0	0	0	0	0	0	
34192	Temporal_Pole_Mid_R	0	0	0	0	0	0	0	0	0	0	0	0	0	0	0	0	0	0	0	0	0	0	0	0	0	0	0	0	0	0	0	0	0	0	0	0	0	442	0	1624	0	758	0	0	0	0	0	0	0	0	0	0	0	0	0	4088	0	0	0	0	0	0	0	0	0	0	0	0	0	0	0	0	0	0	0	0	0	0	0	0	0	0	0	3820	0	3376	0	0	0	2988	0	0	0	0	0	0	0	0	0	0	0	0	0	0	0	0	0	0	0	0	0	0	0	0	0	0	
329628	Temporal_Inf_L	1298	0	118	0	0	0	88	0	0	0	132	0	0	0	0	0	1486	0	108	0	0	0	0	0	0	0	0	0	3774	0	0	0	110	0	786	0	7332	0	1292	0	1728	0	3916	0	878	0	334	0	190	0	4926	0	6784	0	36062	0	1160	0	2420	0	912	0	2416	0	2246	0	4544	0	354	0	0	0	592	0	0	0	0	0	6886	0	17362	0	5464	0	38494	0	5950	0	0	0	2444	0	446	0	0	0	264	0	1518	0	0	0	0	0	0	0	0	0	0	0	0	0	0	0	0	0	
124860	Temporal_Inf_R	0	230	0	82	0	0	0	0	0	0	0	174	0	82	0	0	0	96	0	82	0	0	0	0	0	0	0	0	0	1502	138	206	0	0	0	84	0	5432	0	2054	0	516	0	356	0	374	0	148	0	504	0	2054	0	3930	0	13976	0	244	0	210	0	0	0	0	0	668	0	442	0	272	0	260	0	1186	0	0	0	0	0	340	0	1950	0	1114	0	19794	0	2988	0	0	0	650	0	0	0	0	0	176	0	116	0	0	0	0	0	0	0	0	0	0	0	0	0	0	0	0	
438204	Cerebelum_Crus1_L	0	0	0	0	0	0	0	0	0	0	0	0	0	0	0	0	0	0	0	0	0	0	0	0	0	0	0	0	0	0	0	0	0	0	0	0	0	0	434	0	0	0	102	0	0	0	5422	2748	0	0	132	0	366	0	17280	766	0	0	0	0	0	0	0	0	0	0	0	0	0	0	0	0	0	0	0	0	0	0	0	0	0	0	0	0	0	0	0	0	2444	0	0	4390	35854	3984	2040	196	26286	1174	57392	4132	11804	212	14326	478	1328	196	98	0	104	184	8316	8802	7088	558	180	286	
475540	Cerebelum_Crus1_R	0	0	0	218	0	0	0	0	0	0	0	0	0	0	0	0	0	0	0	186	0	0	0	0	0	0	0	0	0	174	0	0	0	0	0	0	0	1216	0	3396	0	0	0	88	0	0	122	4256	0	0	0	0	0	0	84	14098	0	0	0	0	0	0	0	0	0	0	0	0	0	0	0	0	0	672	0	0	0	0	0	0	0	0	0	0	0	0	0	0	0	650	4390	0	2202	27546	146	5308	1236	30610	4170	57868	1456	2622	1848	14344	328	4964	0	0	1934	2946	12468	16316	11188	3174	4358	1188	
260268	Cerebelum_Crus2_L	0	0	0	0	0	0	0	0	0	0	0	0	0	0	0	0	0	0	0	0	0	0	0	0	0	0	0	0	0	0	0	0	0	0	0	0	0	0	0	0	0	0	0	0	0	0	84	610	0	0	0	0	0	0	3014	0	0	0	0	0	0	0	0	0	0	0	0	0	0	0	0	0	0	0	0	0	0	0	0	0	0	0	0	0	0	0	0	0	446	0	35854	2202	0	8060	378	0	2574	168	11980	1734	25560	1168	21658	322	1838	0	106	0	0	0	420	2588	8148	1132	90	0	
309792	Cerebelum_Crus2_R	0	0	0	102	0	0	0	0	0	0	0	0	0	0	0	0	0	0	0	80	0	0	0	0	0	0	0	0	0	0	0	0	0	0	0	0	0	504	0	2072	0	0	0	0	0	0	0	200	0	0	0	0	0	0	0	1932	0	0	0	0	0	0	0	0	0	0	0	0	0	0	0	0	0	298	0	0	0	0	0	0	0	0	0	0	0	0	0	0	0	0	3984	27546	8060	0	106	1414	378	5844	1646	13520	8386	15580	8094	24628	1186	2420	0	0	114	418	328	3326	13674	7568	1344	144	
42552	Cerebelum_3_L	0	0	0	0	0	0	0	0	0	0	0	0	0	0	0	0	0	0	0	0	0	0	0	0	0	0	0	0	0	0	0	0	0	0	0	0	0	0	0	0	0	0	0	0	0	0	114	96	0	0	0	0	0	0	292	0	0	0	0	0	0	0	0	0	0	0	0	0	0	0	0	0	0	0	0	0	0	0	0	0	0	0	0	0	0	0	0	0	0	0	2040	146	378	106	0	0	7348	94	3262	140	0	0	434	82	1756	80	0	0	744	1268	1514	652	320	178	140	92	
80920	Cerebelum_3_R	0	0	0	0	0	0	0	0	0	0	0	0	0	0	0	0	0	0	0	0	0	0	0	0	0	0	0	0	0	0	0	0	0	0	0	0	0	0	0	322	0	0	0	0	0	0	112	100	0	0	0	0	0	0	0	458	0	0	0	0	0	0	0	0	0	0	0	0	0	0	0	0	0	0	0	0	0	0	0	0	0	0	0	0	0	0	0	0	0	0	196	5308	0	1414	0	0	376	6812	210	6404	0	0	0	2582	0	1894	0	0	880	2806	2166	1790	2382	2236	1908	104	
296900	Cerebelum_4_5_L	0	0	0	0	0	0	0	0	0	0	0	0	0	0	0	0	0	0	0	0	0	0	0	0	0	0	0	0	0	0	0	0	0	0	0	0	0	0	378	0	0	0	96	0	0	0	8972	1684	0	0	84	0	164	0	11958	834	0	0	0	0	0	0	0	0	0	0	0	0	0	0	0	0	0	0	0	0	0	0	0	0	0	0	0	0	0	0	0	0	264	0	26286	1236	2574	378	7348	376	0	2806	41786	2062	604	0	2196	354	4590	1034	478	0	704	1118	17440	5222	1082	1102	1308	1932	
360724	Cerebelum_4_5_R	0	0	0	184	0	0	0	0	0	0	0	0	0	0	0	0	0	0	0	150	0	0	0	0	0	0	0	0	0	344	0	0	0	0	0	88	0	3120	0	7636	0	250	0	148	0	0	436	4916	0	0	0	0	0	110	182	14108	0	0	0	0	0	0	0	0	0	0	0	368	0	0	0	0	0	1002	0	0	0	0	0	0	0	0	0	120	0	0	0	0	0	176	1174	30610	168	5844	94	6812	2806	0	2926	40712	0	116	154	6230	146	4980	0	0	1936	3150	17640	7474	3826	4112	4900	1214	
432792	Cerebelum_6_L	0	0	0	0	0	0	0	0	0	0	0	0	0	0	0	0	0	0	0	0	0	0	0	0	0	0	0	0	0	0	0	0	0	0	0	0	0	0	512	0	0	0	150	92	0	0	9302	4954	0	0	168	0	364	92	23600	1588	0	0	0	0	0	0	0	0	0	0	0	0	0	0	0	0	0	0	0	0	0	0	0	0	102	0	0	0	212	0	0	0	1518	0	57392	4170	11980	1646	3262	210	41786	2926	0	5050	2072	0	4536	730	2330	524	270	0	180	326	14522	13586	4070	884	456	834	
492200	Cerebelum_6_R	0	0	0	240	0	0	0	0	0	0	0	0	0	0	0	0	0	0	0	202	0	0	0	0	0	0	0	0	0	198	0	0	0	0	0	0	0	1450	0	4302	0	114	0	174	0	0	340	7232	0	0	0	0	0	468	200	18632	0	0	0	0	0	0	0	0	0	0	0	0	0	0	0	0	0	730	0	0	0	0	0	0	0	0	0	0	0	0	0	0	0	116	4132	57868	1734	13520	140	6404	2062	40712	5050	0	796	656	766	10228	118	6074	0	82	2304	3594	19136	18910	8042	3132	4828	1414	
214732	Cerebelum_7b_L	0	0	0	0	0	0	0	0	0	0	0	0	0	0	0	0	0	0	0	0	0	0	0	0	0	0	0	0	0	0	0	0	0	0	0	0	0	0	0	0	0	0	0	0	0	0	0	0	0	0	0	0	0	0	0	0	0	0	0	0	0	0	0	0	0	0	0	0	0	0	0	0	0	0	0	0	0	0	0	0	0	0	0	0	0	0	0	0	0	0	11804	1456	25560	8386	0	0	604	0	2072	796	0	3230	32696	2582	4134	0	216	0	0	0	120	974	7750	4828	158	0	
110248	Cerebelum_7b_R	0	0	0	0	0	0	0	0	0	0	0	0	0	0	0	0	0	0	0	0	0	0	0	0	0	0	0	0	0	0	0	0	0	0	0	0	0	0	0	96	0	0	0	0	0	0	0	0	0	0	0	0	0	0	0	94	0	0	0	0	0	0	0	0	0	0	0	0	0	0	0	0	0	0	0	0	0	0	0	0	0	0	0	0	0	0	0	0	0	0	212	2622	1168	15580	0	0	0	116	0	656	3230	0	3108	17306	286	3772	0	0	0	0	0	280	2010	3948	484	156	
266176	Cerebelum_8_L	0	0	0	0	0	0	0	0	0	0	0	0	0	0	0	0	0	0	0	0	0	0	0	0	0	0	0	0	0	0	0	0	0	0	0	0	0	0	0	0	0	0	0	0	0	0	140	80	0	0	0	0	0	0	208	0	0	0	0	0	0	0	0	0	0	0	0	0	0	0	0	0	0	0	0	0	0	0	0	0	0	0	0	0	0	0	0	0	0	0	14326	1848	21658	8094	434	0	2196	154	4536	766	32696	3108	0	4428	15940	470	1056	0	0	0	644	2194	8798	7954	1360	0	
288968	Cerebelum_8_R	0	0	0	0	0	0	0	0	0	0	0	0	0	0	0	0	0	0	0	0	0	0	0	0	0	0	0	0	0	0	0	0	0	0	0	0	0	320	0	2282	0	0	0	0	0	0	0	0	0	0	0	0	0	0	0	2132	0	0	0	0	0	0	0	0	0	0	0	0	0	0	0	0	0	208	0	0	0	0	0	0	0	0	0	0	0	0	0	0	0	0	478	14344	322	24628	82	2582	354	6230	730	10228	2582	17306	4428	0	2150	19712	0	538	312	1044	1206	3328	9000	11924	4876	1158	
108464	Cerebelum_9_L	0	0	0	0	0	0	0	0	0	0	0	0	0	0	0	0	0	0	0	0	0	0	0	0	0	0	0	0	0	0	0	0	0	0	0	0	0	0	0	0	0	0	0	0	0	0	0	0	0	0	0	0	0	0	226	0	0	0	0	0	0	0	0	0	0	0	0	0	0	0	0	0	0	0	0	0	0	0	0	0	0	0	0	0	0	0	0	0	0	0	1328	328	1838	1186	1756	0	4590	146	2330	118	4134	286	15940	2150	0	1390	2216	0	0	0	990	1844	3164	4488	3006	778	
187708	Cerebelum_9_R	0	0	0	0	0	0	0	0	0	0	0	0	0	0	0	0	0	0	0	0	0	0	0	0	0	0	0	0	0	0	0	0	0	0	0	0	0	0	0	1404	0	0	0	0	0	0	170	0	0	0	0	0	0	0	0	1234	0	0	0	0	0	0	0	0	0	0	0	0	0	0	0	0	0	0	0	0	0	0	0	0	0	0	0	0	0	0	0	0	0	0	196	4964	0	2420	80	1894	1034	4980	524	6074	0	3772	470	19712	1390	0	0	1058	3350	4176	4894	6886	4126	5924	9964	3158	
9588	Cerebelum_10_L	0	0	0	0	0	0	0	0	0	0	0	0	0	0	0	0	0	0	0	0	0	0	0	0	0	0	0	0	0	0	0	0	0	0	0	0	0	0	0	0	0	0	0	0	0	0	0	0	0	0	0	0	0	0	0	0	0	0	0	0	0	0	0	0	0	0	0	0	0	0	0	0	0	0	0	0	0	0	0	0	0	0	0	0	0	0	0	0	0	0	98	0	106	0	0	0	478	0	270	0	216	0	1056	0	2216	0	0	0	0	0	0	0	0	180	174	0	
4176	Cerebelum_10_R	0	0	0	0	0	0	0	0	0	0	0	0	0	0	0	0	0	0	0	0	0	0	0	0	0	0	0	0	0	0	0	0	0	0	0	0	0	0	0	0	0	0	0	0	0	0	0	0	0	0	0	0	0	0	0	0	0	0	0	0	0	0	0	0	0	0	0	0	0	0	0	0	0	0	0	0	0	0	0	0	0	0	0	0	0	0	0	0	0	0	0	0	0	0	0	0	0	0	0	82	0	0	0	538	0	1058	0	0	0	0	0	0	0	258	152	0	
63736	Vermis_1_2	0	0	0	0	0	0	0	0	0	0	0	0	0	0	0	0	0	0	0	0	0	0	0	0	0	0	0	0	0	0	0	0	0	0	0	0	0	0	0	0	0	0	0	0	0	0	186	0	0	0	0	0	0	0	0	314	0	0	0	0	0	0	0	0	0	0	0	0	0	0	0	0	0	0	0	0	0	0	0	0	0	0	0	0	0	0	0	0	0	0	104	1934	0	114	744	880	704	1936	180	2304	0	0	0	312	0	3350	0	0	0	7382	4586	2770	376	402	2562	728	
92096	Vermis_3	0	0	0	0	0	0	0	0	0	0	0	0	0	0	0	0	0	0	0	0	0	0	0	0	0	0	0	0	0	0	0	0	0	0	0	0	0	0	0	200	0	0	0	0	0	0	248	90	0	0	0	0	0	0	0	408	0	0	0	0	0	0	0	0	0	0	0	0	0	0	0	0	0	0	0	0	0	0	0	0	0	0	0	0	0	0	0	0	0	0	184	2946	0	418	1268	2806	1118	3150	326	3594	0	0	0	1044	0	4176	0	0	7382	0	6396	3664	1268	1212	3358	792	
