data	data	506612	239892	1.09194e+06	984316	189220	175756	587108	289752	100600	43604	311448	263804	319732	195248	176728	132288	326632	254124	695056	1.01676e+06	56676	86168	536428	565332	64008	107892	34644	31936	694120	514736	426516	623492	175848	591400	202116	186660	310780	325852	156692	203644	31932	66496	271788	490664	180180	425524	416748	411168	259428	386924	695296	338796	252836	242180	501272	431664	408884	209672	215708	164952	347980	186312	153416	125700	166976	246140	335604	586392	277376	219408	321032	334640	374388	286976	73676	38780	50776	208720	144280	68636	245228	194400	87844	74996	453868	216796	38244	45004	317828	244584	424876	364160	272720	204176	17492	39948	245936	233828	427368	393372	226068	118368	237184	210664	78860	65232	15868	11232	12480	42484	207344	151848	142176	123808	47560	15364	
data	data	Precentral_L	Precentral_R	Frontal_Sup_L	Frontal_Sup_R	Frontal_Sup_Orb_L	Frontal_Sup_Orb_R	Frontal_Mid_L	Frontal_Mid_R	Frontal_Mid_Orb_L	Frontal_Mid_Orb_R	Frontal_Inf_Oper_L	Frontal_Inf_Oper_R	Frontal_Inf_Tri_L	Frontal_Inf_Tri_R	Frontal_Inf_Orb_L	Frontal_Inf_Orb_R	Rolandic_Oper_L	Rolandic_Oper_R	Supp_Motor_Area_L	Supp_Motor_Area_R	Olfactory_L	Olfactory_R	Frontal_Sup_Medial_L	Frontal_Sup_Medial_R	Frontal_Med_Orb_L	Frontal_Med_Orb_R	Rectus_L	Rectus_R	Insula_L	Insula_R	Cingulum_Ant_L	Cingulum_Ant_R	Cingulum_Mid_L	Cingulum_Mid_R	Cingulum_Post_L	Cingulum_Post_R	Hippocampus_L	Hippocampus_R	ParaHippocampal_L	ParaHippocampal_R	Amygdala_L	Amygdala_R	Calcarine_L	Calcarine_R	Cuneus_L	Cuneus_R	Lingual_L	Lingual_R	Occipital_Sup_L	Occipital_Sup_R	Occipital_Mid_L	Occipital_Mid_R	Occipital_Inf_L	Occipital_Inf_R	Fusiform_L	Fusiform_R	Postcentral_L	Postcentral_R	Parietal_Sup_L	Parietal_Sup_R	Parietal_Inf_L	Parietal_Inf_R	SupraMarginal_L	SupraMarginal_R	Angular_L	Angular_R	Precuneus_L	Precuneus_R	Paracentral_Lobule_L	Paracentral_Lobule_R	Caudate_L	Caudate_R	Putamen_L	Putamen_R	Pallidum_L	Pallidum_R	Thalamus_L	Thalamus_R	Heschl_L	Heschl_R	Temporal_Sup_L	Temporal_Sup_R	Temporal_Pole_Sup_L	Temporal_Pole_Sup_R	Temporal_Mid_L	Temporal_Mid_R	Temporal_Pole_Mid_L	Temporal_Pole_Mid_R	Temporal_Inf_L	Temporal_Inf_R	Cerebelum_Crus1_L	Cerebelum_Crus1_R	Cerebelum_Crus2_L	Cerebelum_Crus2_R	Cerebelum_3_L	Cerebelum_3_R	Cerebelum_4_5_L	Cerebelum_4_5_R	Cerebelum_6_L	Cerebelum_6_R	Cerebelum_7b_L	Cerebelum_7b_R	Cerebelum_8_L	Cerebelum_8_R	Cerebelum_9_L	Cerebelum_9_R	Cerebelum_10_L	Cerebelum_10_R	Vermis_1_2	Vermis_3	Vermis_4_5	Vermis_6	Vermis_7	Vermis_8	Vermis_9	Vermis_10	
506612	Precentral_L	0	3898	16886	4146	0	0	17906	1448	0	0	16694	304	5112	0	0	0	14152	0	5932	12708	0	0	338	0	0	0	0	0	8374	312	392	320	450	3810	3716	1994	3976	1588	1412	270	0	0	1308	0	282	0	102	140	868	0	14068	0	2580	258	930	352	28972	374	1474	0	7618	0	1038	138	1628	0	1278	124	25108	1824	1190	1650	592	182	206	0	3798	5564	4246	0	4824	0	0	0	12278	198	0	0	1758	218	0	0	0	0	0	0	0	0	0	0	0	0	0	0	0	0	0	0	0	0	0	0	0	0	0	0	
239892	Precentral_R	3898	0	1916	9428	0	0	1598	10154	0	0	564	11160	480	354	0	0	0	3130	364	4898	0	0	0	164	0	0	0	0	362	4988	0	0	0	1662	326	332	172	3114	0	262	0	0	0	1490	108	408	0	286	0	264	0	586	0	5002	126	3478	636	20682	0	240	548	1036	214	2820	0	1334	0	1352	2316	2666	968	382	614	1090	0	0	300	766	0	1428	0	2430	0	0	0	1822	0	0	120	5108	0	0	0	0	0	0	0	0	0	0	0	0	0	0	0	0	0	0	0	0	0	0	0	0	0	0	
1.09194e+06	Frontal_Sup_L	16886	1916	0	17140	14172	358	81914	2614	1654	0	18144	1012	22512	710	6936	472	15716	758	69928	19586	0	260	60324	16310	1006	276	328	0	45292	1288	24972	15142	5824	11198	272	244	7172	294	1992	0	0	0	0	0	0	0	104	0	0	0	466	0	456	0	1910	0	5896	0	148	0	1528	0	2720	0	170	0	118	0	706	0	9354	852	20324	346	1310	188	3910	472	2240	0	3456	0	1872	0	1398	0	0	0	1402	0	0	0	0	0	0	0	0	0	0	0	0	0	0	0	0	0	0	0	0	0	0	0	0	0	0	0	
984316	Frontal_Sup_R	4146	9428	17140	0	284	9290	2090	38050	0	1364	388	15296	314	15288	114	5014	182	15188	18574	98138	0	216	7940	48118	0	2788	0	0	2254	30672	5972	34308	2714	19030	510	276	920	6118	162	1190	0	0	0	246	0	208	0	610	0	0	0	0	0	396	338	1416	454	1340	0	156	304	164	150	158	0	510	148	400	2820	0	7850	20220	3204	14930	316	2134	104	15510	0	1382	0	1990	0	310	0	262	0	0	236	416	0	0	0	0	0	0	0	0	0	0	0	0	0	0	0	0	0	0	0	0	0	0	0	0	0	0	
189220	Frontal_Sup_Orb_L	0	0	14172	284	0	0	5270	272	12770	0	928	0	4218	0	10198	0	0	0	1298	154	1506	0	5220	666	6110	1334	3956	208	9976	0	3108	814	0	350	0	0	0	0	0	0	218	0	0	0	0	0	0	0	0	0	0	0	0	0	0	0	0	0	0	0	0	0	0	0	0	0	0	0	0	0	1746	0	9670	0	0	0	0	0	0	0	0	0	164	0	0	0	0	0	0	0	0	0	0	0	0	0	0	0	0	0	0	0	0	0	0	0	0	0	0	0	0	0	0	0	0	0	
175756	Frontal_Sup_Orb_R	0	0	358	9290	0	0	0	1014	0	4814	0	1986	0	1838	0	5000	0	738	546	3826	306	1020	616	10704	120	8838	0	4332	0	4744	1024	9302	0	622	0	0	0	0	0	0	0	0	0	0	0	0	0	0	0	0	0	0	0	0	0	0	0	0	0	0	0	0	0	0	0	0	0	0	0	0	616	6960	296	8968	0	0	0	0	0	0	0	0	0	0	0	0	0	0	0	0	0	0	0	0	0	0	0	0	0	0	0	0	0	0	0	0	0	0	0	0	0	0	0	0	0	0	
587108	Frontal_Mid_L	17906	1598	81914	2090	5270	0	0	1574	3536	0	18976	148	44270	0	9394	150	7182	130	11082	1398	0	0	23940	3898	0	0	0	0	28078	224	8162	3382	2140	3048	0	0	2602	0	626	0	0	0	0	0	0	0	0	0	0	0	198	0	150	0	302	0	1286	134	0	0	112	0	0	0	0	0	0	0	0	0	2920	112	2716	0	0	0	498	344	850	0	406	0	470	0	228	0	0	0	110	0	0	0	0	0	0	0	0	0	0	0	0	0	0	0	0	0	0	0	0	0	0	0	0	0	0	0	
289752	Frontal_Mid_R	1448	10154	2614	38050	272	1014	1574	0	0	1956	700	10502	722	15638	154	5006	0	3452	1238	5132	0	0	592	5788	0	0	0	0	1988	8802	562	2800	292	1480	130	0	312	2214	0	456	0	0	0	174	0	254	0	0	0	0	0	0	0	462	230	492	564	646	0	216	784	220	342	162	0	622	0	416	142	0	4832	366	2684	2290	142	144	0	870	0	498	0	888	0	110	0	368	0	0	214	702	0	0	0	0	0	0	0	0	0	0	0	0	0	0	0	0	0	0	0	0	0	0	0	0	0	0	
100600	Frontal_Mid_Orb_L	0	0	1654	0	12770	0	3536	0	0	0	120	0	2938	0	15666	0	0	0	232	0	348	0	508	0	2364	730	1608	0	3674	0	288	0	0	0	0	0	0	0	0	0	0	0	0	0	0	0	0	0	0	0	0	0	0	0	0	0	0	0	0	0	0	0	0	0	0	0	0	0	0	0	220	0	3320	0	0	0	0	0	0	0	0	0	324	0	0	0	0	0	0	0	0	0	0	0	0	0	0	0	0	0	0	0	0	0	0	0	0	0	0	0	0	0	0	0	0	0	
43604	Frontal_Mid_Orb_R	0	0	0	1364	0	4814	0	1956	0	0	0	0	0	892	0	7672	0	0	0	680	0	212	0	636	0	0	0	136	0	1304	0	0	0	0	0	0	0	0	0	0	0	0	0	0	0	0	0	0	0	0	0	0	0	0	0	0	0	0	0	0	0	0	0	0	0	0	0	0	0	0	0	764	0	1372	0	0	0	0	0	0	0	0	0	0	0	0	0	0	0	0	0	0	0	0	0	0	0	0	0	0	0	0	0	0	0	0	0	0	0	0	0	0	0	0	0	0	
311448	Frontal_Inf_Oper_L	16694	564	18144	388	928	0	18976	700	120	0	0	0	22404	0	838	0	14768	0	6724	212	0	0	3032	258	0	0	0	0	24902	0	1136	426	0	0	0	0	630	0	0	0	0	0	0	0	0	0	0	0	0	0	988	0	154	0	0	0	8758	0	438	0	1330	0	680	0	696	0	0	0	0	0	1050	0	2052	0	0	0	0	0	1496	0	2896	0	2422	0	738	0	0	0	182	0	0	0	0	0	0	0	0	0	0	0	0	0	0	0	0	0	0	0	0	0	0	0	0	0	0	0	
263804	Frontal_Inf_Oper_R	304	11160	1012	15296	0	1986	148	10502	0	0	0	0	0	15022	0	348	0	10446	710	8844	0	0	588	5202	0	424	0	0	266	19976	660	5276	0	760	0	0	0	1364	0	244	0	0	0	156	0	152	0	0	0	0	0	106	0	702	0	518	164	6140	0	122	128	182	120	554	0	1216	0	344	0	112	1556	1748	126	2644	0	0	210	414	0	690	0	1524	0	496	0	388	0	0	0	852	0	0	0	0	0	0	0	0	0	0	0	0	0	0	0	0	0	0	0	0	0	0	0	0	0	0	
319732	Frontal_Inf_Tri_L	5112	480	22512	314	4218	0	44270	722	2938	0	22404	0	0	0	14678	0	3482	0	4178	150	0	0	3218	128	0	0	264	0	22444	0	534	314	110	102	0	0	406	0	0	0	0	0	0	0	0	0	0	0	0	0	130	0	0	0	0	0	886	0	0	0	0	0	118	0	0	0	0	0	0	0	1060	0	1352	0	0	0	0	0	376	0	524	0	2256	0	186	0	0	0	0	0	0	0	0	0	0	0	0	0	0	0	0	0	0	0	0	0	0	0	0	0	0	0	0	0	0	0	
195248	Frontal_Inf_Tri_R	0	354	710	15288	0	1838	0	15638	0	892	0	15022	0	0	0	4470	0	3296	870	6470	0	0	1038	6268	0	182	0	0	228	14864	658	5560	0	1780	0	0	0	0	0	0	0	0	0	0	0	0	0	0	0	0	0	0	0	0	0	0	0	0	0	0	0	0	0	0	0	0	0	0	0	0	566	328	0	798	0	0	0	0	0	0	0	204	0	302	0	0	0	0	0	0	0	0	0	0	0	0	0	0	0	0	0	0	0	0	0	0	0	0	0	0	0	0	0	0	0	0	
176728	Frontal_Inf_Orb_L	0	0	6936	114	10198	0	9394	154	15666	0	838	0	14678	0	0	0	0	0	1898	0	1562	0	1446	0	0	0	1054	0	15146	0	0	0	0	0	0	0	222	0	122	0	204	0	0	0	0	0	0	0	0	0	0	0	0	0	158	0	0	0	0	0	0	0	0	0	0	0	0	0	0	0	772	0	4882	0	0	0	0	0	0	0	268	0	2332	0	116	0	0	0	204	0	0	0	0	0	0	0	0	0	0	0	0	0	0	0	0	0	0	0	0	0	0	0	0	0	0	0	
132288	Frontal_Inf_Orb_R	0	0	472	5014	0	5000	150	5006	0	7672	0	348	0	4470	0	0	0	0	1480	3298	0	1480	2132	4270	0	0	0	432	0	11308	606	2778	344	4368	0	0	0	124	0	0	0	0	0	0	0	0	0	0	0	0	0	0	0	0	0	0	0	0	0	0	0	0	0	0	0	0	0	0	0	0	0	964	0	2904	0	0	0	0	0	0	0	0	0	1524	0	0	0	0	0	0	0	0	0	0	0	0	0	0	0	0	0	0	0	0	0	0	0	0	0	0	0	0	0	0	0	0	
326632	Rolandic_Oper_L	14152	0	15716	182	0	0	7182	0	0	0	14768	0	3482	0	0	0	0	0	9872	194	0	0	1324	152	0	0	0	0	29374	0	436	166	0	0	0	0	510	0	0	0	0	0	178	0	0	0	0	0	140	0	3156	0	1118	0	438	0	14290	0	900	0	3180	0	4784	0	1252	0	226	0	932	0	272	0	1278	0	0	0	0	0	8632	0	13132	0	2304	0	5980	0	0	0	3614	0	0	0	0	0	0	0	0	0	0	0	0	0	0	0	0	0	0	0	0	0	0	0	0	0	0	0	
254124	Rolandic_Oper_R	0	3130	758	15188	0	738	130	3452	0	0	0	10446	0	3296	0	0	0	0	444	11160	0	0	424	2434	0	160	0	0	352	23258	400	3062	0	890	0	0	114	702	0	0	0	0	0	292	0	448	0	0	0	0	0	180	0	426	0	312	0	6546	0	400	0	450	0	5486	0	1300	0	880	0	0	1518	1044	296	2064	0	0	0	310	0	7848	0	13420	0	596	0	1704	0	0	0	1004	0	0	0	0	0	0	0	0	0	0	0	0	0	0	0	0	0	0	0	0	0	0	0	0	0	0	
695056	Supp_Motor_Area_L	5932	364	69928	18574	1298	546	11082	1238	232	0	6724	710	4178	870	1898	1480	9872	444	0	41016	0	1544	19874	6648	114	124	0	0	22474	1664	10798	10348	11952	16646	1952	1190	2340	652	0	176	0	0	0	112	308	120	0	182	0	0	568	0	556	0	1030	168	4656	0	174	0	1436	0	3048	0	156	0	750	500	3768	1644	7938	2460	17150	790	4600	946	508	348	1974	0	2688	0	672	104	1534	0	0	0	1758	0	0	0	0	0	0	0	0	0	0	0	0	0	0	0	0	0	0	0	0	0	0	0	0	0	0	0	
1.01676e+06	Supp_Motor_Area_R	12708	4898	19586	98138	154	3826	1398	5132	0	680	212	8844	150	6470	0	3298	194	11160	41016	0	0	238	5958	21018	0	1930	0	0	1960	20064	4396	22110	8806	48924	2950	8218	1002	4284	156	1118	0	0	0	4736	0	946	0	1432	0	212	482	2128	216	2960	240	1858	510	1262	0	0	154	0	0	0	0	0	412	4912	16344	24030	5936	21682	2798	13324	1120	2090	456	18594	0	1186	0	1900	0	260	464	2270	0	0	236	2236	0	0	0	0	0	0	0	0	0	0	0	0	0	0	0	0	0	0	0	0	0	0	0	0	0	0	
56676	Olfactory_L	0	0	0	0	1506	306	0	0	348	0	0	0	0	0	1562	0	0	0	0	0	0	2624	0	0	944	152	410	338	2442	0	2836	938	0	0	0	0	158	0	232	0	526	0	0	0	0	0	0	0	0	0	0	0	0	0	176	0	0	0	0	0	0	0	0	0	0	0	0	0	0	0	5702	1660	3702	724	712	0	0	0	0	0	0	0	340	0	0	0	0	0	0	0	0	0	0	0	0	0	0	0	0	0	0	0	0	0	0	0	0	0	0	0	0	0	0	0	0	0	
86168	Olfactory_R	0	0	260	216	0	1020	0	0	0	212	0	0	0	0	0	1480	0	0	1544	238	2624	0	0	0	0	1114	0	1466	0	1996	3698	3634	0	0	0	0	0	276	0	144	0	114	0	0	0	0	0	0	0	0	0	0	0	0	0	110	0	0	0	0	0	0	0	0	0	0	0	0	0	0	5510	6314	4236	2606	2560	1396	0	196	0	0	0	0	0	120	0	0	0	0	0	0	0	0	0	0	0	0	0	0	0	0	0	0	0	0	0	0	0	0	0	0	0	0	0	0	0	0	
536428	Frontal_Sup_Medial_L	338	0	60324	7940	5220	616	23940	592	508	0	3032	588	3218	1038	1446	2132	1324	424	19874	5958	0	0	0	34200	2924	1418	344	0	7116	1924	27538	24244	5540	17676	0	0	0	0	0	0	0	0	0	0	0	0	0	0	0	0	0	0	0	0	0	0	0	0	0	0	0	0	0	0	0	0	0	0	0	0	3022	0	3258	0	0	0	0	0	0	0	132	0	142	224	0	0	0	0	0	0	0	0	0	0	0	0	0	0	0	0	0	0	0	0	0	0	0	0	0	0	0	0	0	0	0	0	
565332	Frontal_Sup_Medial_R	0	164	16310	48118	666	10704	3898	5788	0	636	258	5202	128	6268	0	4270	152	2434	6648	21018	0	0	34200	0	542	6164	100	106	1228	10014	14650	41854	2180	25832	0	0	196	0	0	0	0	0	0	0	0	0	0	0	0	0	0	0	0	0	0	0	0	0	0	0	0	0	0	0	0	0	0	0	0	0	2170	4888	1308	4114	0	0	0	124	0	0	0	0	0	334	0	0	0	0	0	0	0	0	0	0	0	0	0	0	0	0	0	0	0	0	0	0	0	0	0	0	0	0	0	0	0	0	
64008	Frontal_Med_Orb_L	0	0	1006	0	6110	120	0	0	2364	0	0	0	0	0	0	0	0	0	114	0	944	0	2924	542	0	1988	3150	122	102	0	5722	808	0	0	0	0	0	0	0	0	0	0	0	0	0	0	0	0	0	0	0	0	0	0	0	0	0	0	0	0	0	0	0	0	0	0	0	0	0	0	2762	0	3226	0	0	0	0	0	0	0	0	0	0	0	0	0	0	0	0	0	0	0	0	0	0	0	0	0	0	0	0	0	0	0	0	0	0	0	0	0	0	0	0	0	0	0	
107892	Frontal_Med_Orb_R	0	0	276	2788	1334	8838	0	0	730	0	0	424	0	182	0	0	0	160	124	1930	152	1114	1418	6164	1988	0	174	3314	0	642	2416	7596	0	140	0	0	0	0	0	0	0	0	0	0	0	0	0	0	0	0	0	0	0	0	0	0	0	0	0	0	0	0	0	0	0	0	0	0	0	0	286	6962	166	4628	0	0	0	0	0	0	0	0	0	0	0	0	0	0	0	0	0	0	0	0	0	0	0	0	0	0	0	0	0	0	0	0	0	0	0	0	0	0	0	0	0	0	
34644	Rectus_L	0	0	328	0	3956	0	0	0	1608	0	0	0	264	0	1054	0	0	0	0	0	410	0	344	100	3150	174	0	170	618	0	1490	142	0	0	0	0	0	0	0	0	0	0	0	0	0	0	0	0	0	0	0	0	0	0	0	0	0	0	0	0	0	0	0	0	0	0	0	0	0	0	1220	0	2294	0	0	0	0	0	0	0	0	0	0	0	0	0	0	0	0	0	0	0	0	0	0	0	0	0	0	0	0	0	0	0	0	0	0	0	0	0	0	0	0	0	0	0	
31936	Rectus_R	0	0	0	0	208	4332	0	0	0	136	0	0	0	0	0	432	0	0	0	0	338	1466	0	106	122	3314	170	0	0	602	332	1044	0	0	0	0	0	0	0	0	0	0	0	0	0	0	0	0	0	0	0	0	0	0	0	0	0	0	0	0	0	0	0	0	0	0	0	0	0	0	356	1420	286	1304	0	0	0	0	0	0	0	0	0	0	0	0	0	0	0	0	0	0	0	0	0	0	0	0	0	0	0	0	0	0	0	0	0	0	0	0	0	0	0	0	0	0	
694120	Insula_L	8374	362	45292	2254	9976	0	28078	1988	3674	0	24902	266	22444	228	15146	0	29374	352	22474	1960	2442	0	7116	1228	102	0	618	0	0	404	2146	1274	1286	990	144	0	10874	150	322	0	1042	0	296	0	0	0	0	0	252	0	4230	0	2582	0	6474	0	7562	0	1112	0	2324	0	2890	0	1456	0	422	0	1042	0	7346	362	16114	128	0	0	130	0	8900	0	11060	0	4904	0	8952	0	108	0	11132	0	0	0	0	0	0	0	0	0	0	0	0	0	0	0	0	0	0	0	0	0	0	0	0	0	0	0	
514736	Insula_R	312	4988	1288	30672	0	4744	224	8802	0	1304	0	19976	0	14864	0	11308	0	23258	1664	20064	0	1996	1924	10014	0	642	0	602	404	0	1268	9318	330	3628	0	0	144	5408	0	1596	0	252	0	1780	0	1310	0	138	0	300	0	738	0	3216	0	3600	0	2678	0	800	0	828	0	304	0	1704	0	3078	256	590	1402	2488	350	18974	0	0	0	1260	0	4316	0	9588	0	4206	0	4696	0	0	0	7774	0	0	0	0	0	0	0	0	0	0	0	0	0	0	0	0	0	0	0	0	0	0	0	0	0	0	
426516	Cingulum_Ant_L	392	0	24972	5972	3108	1024	8162	562	288	0	1136	660	534	658	0	606	436	400	10798	4396	2836	3698	27538	14650	5722	2416	1490	332	2146	1268	0	29218	9594	10272	0	0	176	142	0	0	0	0	0	0	0	0	0	0	0	0	0	0	0	0	0	0	106	0	0	0	0	0	0	0	0	0	0	0	0	0	14182	5670	11464	2874	2502	858	0	0	0	0	0	0	0	0	0	0	0	0	0	0	0	0	0	0	0	0	0	0	0	0	0	0	0	0	0	0	0	0	0	0	0	0	0	0	0	0	
623492	Cingulum_Ant_R	320	0	15142	34308	814	9302	3382	2800	0	0	426	5276	314	5560	0	2778	166	3062	10348	22110	938	3634	24244	41854	808	7596	142	1044	1274	9318	29218	0	3020	31636	136	376	192	180	0	0	0	0	0	0	0	0	0	0	0	0	0	0	0	0	0	0	0	0	0	0	0	0	0	0	0	0	0	0	0	0	6492	17884	4664	7682	2060	862	0	0	0	0	0	124	0	260	0	0	0	0	0	0	0	0	0	0	0	0	0	0	0	0	0	0	0	0	0	0	0	0	0	0	0	0	0	0	0	0	
175848	Cingulum_Mid_L	450	0	5824	2714	0	0	2140	292	0	0	0	0	110	0	0	344	0	0	11952	8806	0	0	5540	2180	0	0	0	0	1286	330	9594	3020	0	12188	5250	628	0	0	0	0	0	0	0	0	1234	126	0	0	2230	0	1224	0	0	0	0	0	150	0	954	0	0	0	0	0	0	0	4852	552	2366	120	174	0	548	0	400	0	176	0	0	0	0	0	0	0	170	0	0	0	0	0	0	0	0	0	0	0	0	0	0	0	0	0	0	0	0	0	0	0	0	0	0	0	0	0	0	0	
591400	Cingulum_Mid_R	3810	1662	11198	19030	350	622	3048	1480	0	0	0	760	102	1780	0	4368	0	890	16646	48924	0	0	17676	25832	0	140	0	0	990	3628	10272	31636	12188	0	3004	10252	112	250	0	0	0	0	0	6064	142	3016	0	1600	248	672	524	1942	180	2652	0	694	180	2134	0	0	0	0	0	0	0	0	1328	11502	8374	18952	574	336	728	114	460	0	0	0	0	0	0	0	0	456	384	958	0	0	0	836	0	0	0	0	0	0	0	0	0	0	0	0	0	0	0	0	0	0	0	0	0	0	0	0	0	0	
202116	Cingulum_Post_L	3716	326	272	510	0	0	0	130	0	0	0	0	0	0	0	0	0	0	1952	2950	0	0	0	0	0	0	0	0	144	0	0	136	5250	3004	0	12064	5480	3824	4194	1276	0	0	4224	330	3154	128	1416	1208	1004	0	6056	0	2402	0	1464	738	428	0	248	0	134	0	0	0	110	0	11188	3228	5078	1858	0	214	156	0	154	0	0	5792	0	0	0	0	0	0	4666	0	0	0	318	0	0	0	0	0	0	0	0	134	0	0	0	0	0	0	0	0	0	0	0	0	0	0	0	0	0	0	
186660	Cingulum_Post_R	1994	332	244	276	0	0	0	0	0	0	0	0	0	0	0	0	0	0	1190	8218	0	0	0	0	0	0	0	0	0	0	0	376	628	10252	12064	0	1988	5984	1614	1748	0	0	226	3222	1082	1032	168	5360	248	0	748	124	710	2860	482	3044	132	468	0	0	0	0	0	0	0	0	2844	11590	1282	5860	0	0	0	0	0	0	0	3236	0	0	0	0	0	0	858	0	0	0	114	240	0	0	0	0	0	0	0	166	0	0	0	0	0	0	0	0	0	0	0	0	326	0	0	0	0	0	
310780	Hippocampus_L	3976	172	7172	920	0	0	2602	312	0	0	630	0	406	0	222	0	510	114	2340	1002	158	0	0	196	0	0	0	0	10874	144	176	192	0	112	5480	1988	0	1382	20156	530	5956	0	1642	0	0	0	7428	706	0	0	3498	0	3408	0	26290	0	230	0	0	0	0	0	130	0	0	0	4150	980	428	0	1648	244	5772	156	138	0	1964	4578	2746	0	772	0	1614	0	398	0	142	0	13184	0	2262	0	0	0	0	0	408	140	2480	0	0	0	0	0	0	0	0	0	0	132	0	0	0	0	0	0	
325852	Hippocampus_R	1588	3114	294	6118	0	0	0	2214	0	0	0	1364	0	0	0	124	0	702	652	4284	0	276	0	0	0	0	0	0	150	5408	142	180	0	250	3824	5984	1382	0	1230	24932	0	8678	0	1736	0	106	110	6290	0	0	0	0	0	5164	326	31966	0	536	0	0	0	126	0	534	0	0	934	4292	1654	284	606	454	518	7350	342	592	1394	5464	0	404	0	1784	0	1834	0	2788	0	1162	0	9258	0	0	0	0	0	0	0	1274	0	336	0	0	0	0	0	0	0	0	0	110	308	0	0	0	0	0	
156692	ParaHippocampal_L	1412	0	1992	162	0	0	626	0	0	0	0	0	0	0	122	0	0	0	0	156	232	0	0	0	0	0	0	0	322	0	0	0	0	0	4194	1614	20156	1230	0	532	882	0	1358	0	0	0	7442	714	0	0	2388	0	1972	0	12604	0	0	0	0	0	0	0	0	0	0	0	3498	956	230	0	114	0	942	0	0	0	1146	2844	0	0	0	0	494	0	0	0	0	0	866	0	2286	0	0	0	390	0	1462	144	2608	0	0	0	0	0	0	0	0	0	0	256	0	0	0	0	0	0	
203644	ParaHippocampal_R	270	262	0	1190	0	0	0	456	0	0	0	244	0	0	0	0	0	0	176	1118	0	144	0	0	0	0	0	0	0	1596	0	0	0	0	1276	1748	530	24932	532	0	0	7934	0	1184	0	0	210	8008	0	0	0	0	0	1790	316	22922	0	100	0	0	0	0	0	0	0	0	570	2330	528	0	0	0	0	2826	0	416	0	2490	0	174	0	282	0	2228	0	902	0	1478	0	2394	0	1512	0	104	0	152	142	3856	0	2098	0	0	0	130	0	0	0	0	0	0	272	0	0	0	0	0	
31932	Amygdala_L	0	0	0	0	218	0	0	0	0	0	0	0	0	0	204	0	0	0	0	0	526	0	0	0	0	0	0	0	1042	0	0	0	0	0	0	0	5956	0	882	0	0	0	0	0	0	0	0	0	0	0	0	0	0	0	3082	0	0	0	0	0	0	0	0	0	0	0	0	0	0	0	0	0	242	0	0	0	0	0	0	0	0	0	1216	0	0	0	136	0	2236	0	112	0	0	0	0	0	0	0	114	0	0	0	0	0	0	0	0	0	0	0	0	0	0	0	0	0	
66496	Amygdala_R	0	0	0	0	0	0	0	0	0	0	0	0	0	0	0	0	0	0	0	0	0	114	0	0	0	0	0	0	0	252	0	0	0	0	0	0	0	8678	0	7934	0	0	0	0	0	0	0	0	0	0	0	0	0	0	0	8176	0	0	0	0	0	0	0	0	0	0	0	0	0	0	0	0	0	1666	0	0	0	0	0	0	0	0	0	2822	0	444	0	1080	0	1982	0	0	0	0	0	0	0	100	0	0	0	0	0	0	0	0	0	0	0	0	0	0	0	0	0	0	
271788	Calcarine_L	1308	0	0	0	0	0	0	0	0	0	0	0	0	0	0	0	178	0	0	0	0	0	0	0	0	0	0	0	296	0	0	0	0	0	4224	226	1642	0	1358	0	0	0	0	10898	12320	6726	18414	6026	11890	2914	23184	1174	5522	118	1550	440	1166	0	216	0	220	0	0	0	160	0	10740	2112	2026	0	0	0	0	0	0	0	0	0	156	0	0	0	0	0	2532	0	0	0	106	0	100	916	0	0	0	0	194	1430	240	1142	0	0	0	0	0	0	0	0	0	0	1774	256	0	0	0	0	
490664	Calcarine_R	0	1490	0	246	0	0	0	174	0	0	0	156	0	0	0	0	0	292	112	4736	0	0	0	0	0	0	0	0	0	1780	0	0	0	6064	330	3222	0	1736	0	1184	0	0	10898	0	4808	30980	4426	33668	660	24774	138	22556	0	16782	0	8682	0	5824	0	658	0	660	0	158	0	560	1852	35488	248	9126	0	0	0	0	0	0	0	0	0	660	0	586	0	0	0	2894	0	0	0	4588	0	168	0	0	0	0	0	488	240	382	0	0	0	0	0	0	0	0	0	0	602	256	0	0	0	0	
180180	Cuneus_L	282	108	0	0	0	0	0	0	0	0	0	0	0	0	0	0	0	0	308	0	0	0	0	0	0	0	0	0	0	0	0	0	1234	142	3154	1082	0	0	0	0	0	0	12320	4808	0	7654	2944	494	20828	2126	7430	504	1364	0	420	0	408	0	838	128	0	0	0	0	0	0	15004	4662	1568	0	0	0	0	0	0	0	0	0	0	0	0	0	0	0	280	0	0	0	0	0	0	0	0	0	0	0	0	0	0	0	0	0	0	0	0	0	0	0	0	0	0	0	0	0	0	0	
425524	Cuneus_R	0	408	0	208	0	0	0	254	0	0	0	152	0	0	0	0	0	448	120	946	0	0	0	0	0	0	0	0	0	1310	0	0	126	3016	128	1032	0	106	0	0	0	0	6726	30980	7654	0	1998	6648	1502	43806	282	21124	0	2456	0	410	0	1930	0	7508	0	8892	0	380	0	7508	7970	41754	0	2544	0	0	0	0	0	0	0	0	0	226	0	140	0	0	0	1084	0	0	0	986	0	0	0	0	0	0	0	0	0	0	0	0	0	0	0	0	0	0	0	0	0	0	0	0	0	0	
416748	Lingual_L	102	0	104	0	0	0	0	0	0	0	0	0	0	0	0	0	0	0	0	0	0	0	0	0	0	0	0	0	0	0	0	0	0	0	1416	168	7428	110	7442	210	0	0	18414	4426	2944	1998	0	7656	7630	712	23354	444	14610	458	25232	2468	0	0	0	0	0	0	0	0	0	0	4790	596	0	0	0	0	162	0	0	0	296	768	0	0	0	0	0	0	0	0	0	0	396	0	10804	2358	2412	230	0	0	13244	2816	21142	4890	0	0	0	0	114	190	0	0	0	186	7344	5092	2488	234	348	148	
411168	Lingual_R	140	286	0	610	0	0	0	0	0	0	0	0	0	0	0	0	0	0	182	1432	0	0	0	0	0	0	0	0	0	138	0	0	0	1600	1208	5360	706	6290	714	8008	0	0	6026	33668	494	6648	7656	0	142	7482	170	6662	242	6876	2284	21814	0	1106	0	0	0	0	0	0	0	0	1204	17874	436	1818	0	0	0	0	0	0	0	1070	0	108	0	118	0	0	0	294	0	0	0	816	2440	4364	534	164	0	126	1772	9700	5704	11392	0	0	0	0	130	0	0	0	0	0	6870	7576	3130	0	0	0	
259428	Occipital_Sup_L	868	0	0	0	0	0	0	0	0	0	0	0	0	0	0	0	140	0	0	0	0	0	0	0	0	0	0	0	252	0	0	0	2230	248	1004	248	0	0	0	0	0	0	11890	660	20828	1502	7630	142	0	134	33220	0	4358	0	706	0	4058	0	12574	0	5182	0	0	0	966	0	15014	1208	2672	0	0	0	0	0	0	0	0	0	310	0	0	0	0	0	1368	0	0	0	302	0	0	0	0	0	0	0	0	0	0	0	0	0	0	0	0	0	0	0	0	0	0	0	0	0	0	0	
386924	Occipital_Sup_R	0	264	0	0	0	0	0	0	0	0	0	0	0	0	0	0	0	0	0	212	0	0	0	0	0	0	0	0	0	300	0	0	0	672	0	0	0	0	0	0	0	0	2914	24774	2126	43806	712	7482	134	0	0	33814	0	1188	0	400	0	1488	0	14190	0	10390	0	454	0	13794	4056	27740	0	750	0	0	0	0	0	0	0	0	0	0	0	0	0	0	0	1122	0	0	0	458	0	108	0	0	0	0	0	0	0	114	0	0	0	0	0	0	0	0	0	0	0	0	0	0	0	0	
695296	Occipital_Mid_L	14068	0	466	0	0	0	198	0	0	0	988	0	130	0	0	0	3156	0	568	482	0	0	0	0	0	0	0	0	4230	0	0	0	1224	524	6056	748	3498	0	2388	0	0	0	23184	138	7430	282	23354	170	33220	0	0	0	32616	0	14908	0	16732	0	22560	0	27460	0	582	0	25356	0	14734	0	13536	444	0	0	0	0	0	0	0	178	4290	0	1458	0	0	0	35472	0	0	0	7968	0	612	0	176	0	0	0	546	0	934	138	0	0	0	0	0	0	0	0	0	0	162	158	126	0	0	0	
338796	Occipital_Mid_R	0	586	0	0	0	0	0	0	0	0	0	106	0	0	0	0	0	180	0	2128	0	0	0	0	0	0	0	0	0	738	0	0	0	1942	0	124	0	0	0	0	0	0	1174	22556	504	21124	444	6662	0	33814	0	0	0	10130	0	1216	0	2120	0	6636	0	6938	0	366	0	16338	1888	16742	0	3144	0	0	0	0	0	0	0	0	0	186	0	786	0	0	0	8954	0	0	0	1652	0	106	0	0	0	0	0	0	0	114	0	0	0	0	0	0	0	0	0	0	0	0	0	0	0	0	
252836	Occipital_Inf_L	2580	0	456	0	0	0	150	0	0	0	154	0	0	0	0	0	1118	0	556	216	0	0	0	0	0	0	0	0	2582	0	0	0	0	180	2402	710	3408	0	1972	0	0	0	5522	0	1364	0	14610	242	4358	0	32616	0	0	0	18820	0	1384	0	222	0	388	0	180	0	628	0	1442	0	1888	198	0	0	328	0	0	0	0	140	3276	0	206	0	0	0	10076	0	0	0	4236	0	2178	0	492	0	0	0	1406	0	2758	230	0	0	0	0	0	0	0	0	0	0	368	210	168	0	0	0	
242180	Occipital_Inf_R	258	5002	0	396	0	0	0	462	0	0	0	702	0	0	0	0	0	426	0	2960	0	0	0	0	0	0	0	0	0	3216	0	0	0	2652	0	2860	0	5164	0	1790	0	0	118	16782	0	2456	458	6876	0	1188	0	10130	0	0	156	16446	0	1902	0	520	0	200	0	104	0	766	0	9808	380	3690	0	0	0	128	0	0	0	0	0	534	0	660	0	0	0	4702	0	0	0	12588	134	362	0	0	0	0	0	332	508	1262	0	0	0	0	0	0	0	0	0	0	450	1046	516	0	0	0	
501272	Fusiform_L	930	126	1910	338	0	0	302	230	0	0	0	0	0	0	158	0	438	0	1030	240	176	0	0	0	0	0	0	0	6474	0	0	0	0	0	1464	482	26290	326	12604	316	3082	0	1550	0	420	0	25232	2284	706	0	14908	0	18820	156	0	1158	260	0	0	0	112	0	108	0	0	0	1636	240	212	0	1010	0	3848	0	0	0	566	1394	2796	0	910	0	1912	0	1674	0	1242	0	17620	0	26332	1980	2804	398	0	0	15126	694	35124	3090	0	0	0	0	0	0	0	0	0	148	2004	2848	2398	0	0	0	
431664	Fusiform_R	352	3478	0	1416	0	0	0	492	0	0	0	518	0	0	0	0	0	312	168	1858	0	110	0	0	0	0	0	0	0	3600	0	0	0	694	738	3044	0	31966	0	22922	0	8176	440	8682	0	410	2468	21814	0	400	0	1216	0	16446	1158	0	0	532	0	0	0	128	0	488	0	180	176	5106	610	990	0	0	0	3152	0	346	0	1684	0	316	0	1588	0	3758	0	2478	0	3662	0	14444	1090	6040	208	150	0	0	1096	8526	3100	12224	0	0	0	120	0	0	0	0	0	0	5000	4234	1528	0	0	0	
408884	Postcentral_L	28972	636	5896	454	0	0	1286	564	0	0	8758	164	886	0	0	0	14290	0	4656	510	0	0	0	0	0	0	0	0	7562	0	106	0	150	180	428	132	230	0	0	0	0	0	1166	0	408	0	0	0	4058	0	16732	0	1384	0	260	0	0	162	13614	0	33290	0	15708	0	5230	0	3822	0	5346	0	438	0	146	0	0	0	0	0	5170	0	10672	0	0	0	7952	0	0	0	3024	0	0	0	0	0	0	0	0	0	0	0	0	0	0	0	0	0	0	0	0	0	0	0	0	0	0	0	
209672	Postcentral_R	374	20682	0	1340	0	0	134	646	0	0	0	6140	0	0	0	0	0	6546	0	1262	0	0	0	0	0	0	0	0	0	2678	0	0	0	2134	0	468	0	536	0	100	0	0	0	5824	0	1930	0	1106	0	1488	0	2120	0	1902	0	532	162	0	0	4474	0	4616	0	13632	0	2504	378	8634	0	5830	0	0	0	444	0	0	0	172	0	1084	0	3144	0	0	0	600	0	0	0	1220	0	0	0	0	0	0	0	0	0	0	0	0	0	0	0	0	0	0	0	0	0	0	0	0	0	0	
215708	Parietal_Sup_L	1474	0	148	0	0	0	0	0	0	0	438	0	0	0	0	0	900	0	174	0	0	0	0	0	0	0	0	0	1112	0	0	0	954	0	248	0	0	0	0	0	0	0	216	0	838	0	0	0	12574	0	22560	0	222	0	0	0	13614	0	0	0	20598	0	114	0	5130	0	14940	0	4112	0	0	0	0	0	0	0	0	0	1008	0	590	0	0	0	3842	0	0	0	2048	0	0	0	0	0	0	0	0	0	0	0	0	0	0	0	0	0	0	0	0	0	0	0	0	0	0	0	
164952	Parietal_Sup_R	0	240	0	156	0	0	0	216	0	0	0	122	0	0	0	0	0	400	0	0	0	0	0	0	0	0	0	0	0	800	0	0	0	0	0	0	0	0	0	0	0	0	0	658	128	7508	0	0	0	14190	0	6636	0	520	0	0	0	4474	0	0	0	13290	0	1402	0	14922	1178	13954	0	420	0	0	0	0	0	0	0	0	0	144	0	114	0	0	0	632	0	0	0	372	0	0	0	0	0	0	0	0	0	0	0	0	0	0	0	0	0	0	0	0	0	0	0	0	0	0	
347980	Parietal_Inf_L	7618	548	1528	304	0	0	112	784	0	0	1330	128	0	0	0	0	3180	0	1436	154	0	0	0	0	0	0	0	0	2324	0	0	0	0	0	134	0	0	0	0	0	0	0	220	0	0	0	0	0	5182	0	27460	0	388	0	112	0	33290	0	20598	0	0	0	17480	0	20672	0	4170	0	2722	0	214	0	0	0	0	0	0	0	2350	0	4888	0	0	0	10626	0	0	0	4038	0	0	0	0	0	0	0	0	0	0	0	0	0	0	0	0	0	0	0	0	0	0	0	0	0	0	0	
186312	Parietal_Inf_R	0	1036	0	164	0	0	0	220	0	0	0	182	0	0	0	0	0	450	0	0	0	0	0	0	0	0	0	0	0	828	0	0	0	0	0	0	0	126	0	0	0	0	0	660	0	8892	0	0	0	10390	0	6938	0	200	0	128	0	4616	0	13290	0	0	0	8946	0	21494	380	11364	0	472	0	0	0	0	0	0	0	0	0	156	0	696	0	0	0	1036	0	0	0	492	0	0	0	0	0	0	0	0	0	0	0	0	0	0	0	0	0	0	0	0	0	0	0	0	0	0	
153416	SupraMarginal_L	1038	214	2720	150	0	0	0	342	0	0	680	120	118	0	0	0	4784	0	3048	0	0	0	0	0	0	0	0	0	2890	0	0	0	0	0	0	0	130	0	0	0	0	0	0	0	0	0	0	0	0	0	582	0	180	0	108	0	15708	0	114	0	17480	0	0	0	3746	0	0	0	144	0	0	0	0	0	0	0	0	0	1256	0	11406	0	0	0	8112	0	0	0	1638	0	0	0	0	0	0	0	0	0	0	0	0	0	0	0	0	0	0	0	0	0	0	0	0	0	0	0	
125700	SupraMarginal_R	138	2820	0	158	0	0	0	162	0	0	0	554	0	0	0	0	0	5486	0	0	0	0	0	0	0	0	0	0	0	304	0	0	0	0	0	0	0	534	0	0	0	0	0	158	0	380	0	0	0	454	0	366	0	104	0	488	0	13632	0	1402	0	8946	0	0	0	8494	0	628	0	224	0	0	0	0	0	0	0	0	0	654	0	9844	0	0	0	4950	0	0	0	1970	0	0	0	0	0	0	0	0	0	0	0	0	0	0	0	0	0	0	0	0	0	0	0	0	0	0	
166976	Angular_L	1628	0	170	0	0	0	0	0	0	0	696	0	0	0	0	0	1252	0	156	0	0	0	0	0	0	0	0	0	1456	0	0	0	0	0	110	0	0	0	0	0	0	0	160	0	0	0	0	0	966	0	25356	0	628	0	0	0	5230	0	5130	0	20672	0	3746	0	0	0	266	0	632	0	0	0	0	0	0	0	0	0	756	0	1640	0	0	0	9510	0	0	0	3328	0	0	0	0	0	0	0	0	0	0	0	0	0	0	0	0	0	0	0	0	0	0	0	0	0	0	0	
246140	Angular_R	0	1334	0	510	0	0	0	622	0	0	0	1216	0	0	0	0	0	1300	0	0	0	0	0	0	0	0	0	0	0	1704	0	0	0	0	0	0	0	0	0	0	0	0	0	560	0	7508	0	0	0	13794	0	16338	0	766	0	180	0	2504	0	14922	0	21494	0	8494	0	0	506	10140	0	584	0	0	0	0	0	0	0	0	0	426	0	7908	0	0	0	9184	0	0	0	1076	0	0	0	0	0	0	0	0	0	0	0	0	0	0	0	0	0	0	0	0	0	0	0	0	0	0	
335604	Precuneus_L	1278	0	118	148	0	0	0	0	0	0	0	0	0	0	0	0	226	0	750	412	0	0	0	0	0	0	0	0	422	0	0	0	4852	1328	11188	2844	4150	934	3498	570	0	0	10740	1852	15004	7970	4790	1204	15014	4056	14734	1888	1442	0	1636	176	3822	378	14940	1178	4170	380	0	0	266	506	0	18296	5086	630	0	0	0	0	0	0	0	382	640	0	0	0	0	0	3160	0	0	0	630	0	0	0	0	0	0	0	0	114	0	0	0	0	0	0	0	0	0	0	0	0	0	0	0	0	0	0	
586392	Precuneus_R	124	1352	0	400	0	0	0	416	0	0	0	344	0	0	0	0	0	880	500	4912	0	0	0	0	0	0	0	0	0	3078	0	0	552	11502	3228	11590	980	4292	956	2330	0	0	2112	35488	4662	41754	596	17874	1208	27740	0	16742	0	9808	240	5106	0	8634	0	13954	0	11364	0	628	0	10140	18296	0	454	10662	0	0	0	0	0	0	0	110	0	920	0	536	0	0	0	2712	0	0	0	3358	0	0	0	0	0	0	0	218	0	0	0	0	0	0	0	0	0	0	0	0	444	0	0	0	0	0	
277376	Paracentral_Lobule_L	25108	2316	706	2820	0	0	0	142	0	0	0	0	0	0	0	0	932	0	3768	16344	0	0	0	0	0	0	0	0	1042	256	0	0	2366	8374	5078	1282	428	1654	230	528	0	0	2026	248	1568	0	0	436	2672	0	13536	0	1888	380	212	610	5346	0	4112	0	2722	0	144	0	632	0	5086	454	0	4574	0	1450	290	114	232	0	110	5476	794	0	0	0	0	0	8832	210	0	0	928	232	0	0	0	0	0	0	0	0	0	0	0	0	0	0	0	0	0	0	0	0	0	0	0	0	0	0	
219408	Paracentral_Lobule_R	1824	2666	0	0	0	0	0	0	0	0	0	112	0	0	0	0	0	0	1644	24030	0	0	0	0	0	0	0	0	0	590	0	0	120	18952	1858	5860	0	284	0	0	0	0	0	9126	0	2544	0	1818	0	750	444	3144	198	3690	0	990	0	5830	0	420	0	472	0	224	0	584	630	10662	4574	0	0	0	0	0	0	0	0	0	0	208	0	360	0	0	444	2238	0	0	0	2414	0	0	0	0	0	0	0	0	0	0	0	0	0	0	0	0	0	0	0	0	0	0	0	0	0	0	
321032	Caudate_L	1190	968	9354	7850	1746	616	2920	4832	220	0	1050	1556	1060	566	772	0	272	1518	7938	5936	5702	5510	3022	2170	2762	286	1220	356	7346	1402	14182	6492	174	574	0	0	1648	606	114	0	0	0	0	0	0	0	0	0	0	0	0	0	0	0	1010	0	438	0	0	0	214	0	0	0	0	0	0	0	0	0	0	13042	25652	3986	4862	1886	3976	190	0	0	146	112	156	116	0	0	0	0	800	0	0	0	0	0	0	0	0	0	0	0	0	0	0	0	0	0	0	0	0	0	0	0	0	0	0	0	
334640	Caudate_R	1650	382	852	20220	0	6960	112	366	0	764	0	1748	0	328	0	964	0	1044	2460	21682	1660	6314	0	4888	0	6962	0	1420	362	2488	5670	17884	0	336	214	0	244	454	0	0	0	0	0	0	0	0	0	0	0	0	0	0	0	0	0	0	0	0	0	0	0	0	0	0	0	0	0	0	1450	0	13042	0	5012	17536	2964	2912	120	15752	0	0	0	0	0	104	0	0	0	0	0	0	0	0	0	0	0	0	0	0	0	0	0	0	0	0	0	0	0	0	0	0	0	0	0	0	0	0	
374388	Putamen_L	592	614	20324	3204	9670	296	2716	2684	3320	0	2052	126	1352	0	4882	0	1278	296	17150	2798	3702	4236	3258	1308	3226	166	2294	286	16114	350	11464	4664	548	728	156	0	5772	518	942	0	242	0	0	0	0	0	162	0	0	0	0	0	328	0	3848	0	146	0	0	0	0	0	0	0	0	0	0	0	290	0	25652	5012	0	2334	8614	1372	1566	108	0	0	332	0	998	0	120	0	0	0	2870	0	114	0	0	0	0	0	0	0	0	0	0	0	0	0	0	0	0	0	0	0	0	0	0	0	0	0	
286976	Putamen_R	182	1090	346	14930	0	8968	0	2290	0	1372	0	2644	0	798	0	2904	0	2064	790	13324	724	2606	0	4114	0	4628	0	1304	128	18974	2874	7682	0	114	0	0	156	7350	0	2826	0	1666	0	0	0	0	0	0	0	0	0	0	0	128	0	3152	0	444	0	0	0	0	0	0	0	0	0	0	114	0	3986	17536	2334	0	1412	2400	0	2414	0	168	0	352	0	1604	0	0	0	0	0	596	0	0	0	0	0	0	0	0	0	0	0	0	0	0	0	0	0	0	0	0	0	0	0	0	0	0	
73676	Pallidum_L	206	0	1310	316	0	0	0	142	0	0	0	0	0	0	0	0	0	0	4600	1120	712	2560	0	0	0	0	0	0	0	0	2502	2060	400	460	154	0	138	342	0	0	0	0	0	0	0	0	0	0	0	0	0	0	0	0	0	0	0	0	0	0	0	0	0	0	0	0	0	0	232	0	4862	2964	8614	1412	0	848	884	0	0	0	0	0	0	0	0	0	0	0	0	0	0	0	0	0	0	0	0	0	0	0	0	0	0	0	0	0	0	0	0	0	0	0	0	0	0	0	
38780	Pallidum_R	0	0	188	2134	0	0	0	144	0	0	0	0	0	0	0	0	0	0	946	2090	0	1396	0	0	0	0	0	0	0	0	858	862	0	0	0	0	0	592	0	416	0	0	0	0	0	0	0	0	0	0	0	0	0	0	0	346	0	0	0	0	0	0	0	0	0	0	0	0	0	0	1886	2912	1372	2400	848	0	0	0	0	0	0	0	0	0	0	0	0	0	0	0	0	0	0	0	0	0	0	0	0	0	0	0	0	0	0	0	0	0	0	0	0	0	0	0	0	0	
50776	Thalamus_L	3798	300	3910	104	0	0	498	0	0	0	0	210	0	0	0	0	0	0	508	456	0	0	0	0	0	0	0	0	130	0	0	0	176	0	0	0	1964	1394	1146	0	0	0	0	0	0	0	296	0	0	0	0	0	0	0	566	0	0	0	0	0	0	0	0	0	0	0	0	0	110	0	3976	120	1566	0	884	0	0	3276	0	0	0	0	0	0	0	0	0	0	0	0	0	0	0	0	0	0	0	0	0	0	0	0	0	0	0	0	0	0	0	0	0	0	0	0	0	0	
208720	Thalamus_R	5564	766	472	15510	0	0	344	870	0	0	0	414	0	0	0	0	0	310	348	18594	0	196	0	124	0	0	0	0	0	1260	0	0	0	0	5792	3236	4578	5464	2844	2490	0	0	0	0	0	0	768	1070	0	0	178	0	140	0	1394	1684	0	172	0	0	0	0	0	0	0	0	382	110	5476	0	190	15752	108	2414	0	0	3276	0	0	0	0	316	0	0	0	682	0	0	0	826	0	0	0	0	0	0	0	246	0	0	0	0	0	0	0	0	0	0	0	0	0	0	0	0	0	0	
144280	Heschl_L	4246	0	2240	0	0	0	850	0	0	0	1496	0	376	0	0	0	8632	0	1974	0	0	0	0	0	0	0	0	0	8900	0	0	0	0	0	0	0	2746	0	0	0	0	0	156	0	0	0	0	0	310	0	4290	0	3276	0	2796	0	5170	0	1008	0	2350	0	1256	0	756	0	640	0	794	0	0	0	0	0	0	0	0	0	0	0	5184	0	0	0	7812	0	0	0	4882	0	0	0	0	0	0	0	0	0	0	0	0	0	0	0	0	0	0	0	0	0	0	0	0	0	0	0	
68636	Heschl_R	0	1428	0	1382	0	0	0	498	0	0	0	690	0	0	0	0	0	7848	0	1186	0	0	0	0	0	0	0	0	0	4316	0	0	0	0	0	0	0	404	0	174	0	0	0	660	0	226	0	108	0	0	0	186	0	534	0	316	0	1084	0	144	0	156	0	654	0	426	0	920	0	208	0	0	0	168	0	0	0	0	0	0	0	7294	0	0	0	1550	0	0	0	1758	0	0	0	0	0	0	0	0	0	0	0	0	0	0	0	0	0	0	0	0	0	0	0	0	0	0	
245228	Temporal_Sup_L	4824	0	3456	0	0	0	406	0	0	0	2896	0	524	0	268	0	13132	0	2688	0	0	0	132	0	0	0	0	0	11060	0	0	0	0	0	0	0	772	0	0	0	0	0	0	0	0	0	0	0	0	0	1458	0	206	0	910	0	10672	0	590	0	4888	0	11406	0	1640	0	0	0	0	0	146	0	332	0	0	0	0	0	5184	0	0	0	4732	0	26358	0	294	0	13640	0	0	0	0	0	0	0	0	0	0	0	0	0	0	0	0	0	0	0	0	0	0	0	0	0	0	0	
194400	Temporal_Sup_R	0	2430	0	1990	0	0	0	888	0	0	0	1524	0	204	0	0	0	13420	0	1900	0	0	0	0	0	0	0	0	0	9588	0	124	0	0	0	0	0	1784	0	282	0	0	0	586	0	140	0	118	0	0	0	786	0	660	0	1588	0	3144	0	114	0	696	0	9844	0	7908	0	536	0	360	112	0	0	352	0	0	0	316	0	7294	0	0	0	3670	0	18220	0	276	0	6346	0	0	0	0	0	0	0	0	0	0	0	0	0	0	0	0	0	0	0	0	0	0	0	0	0	0	
87844	Temporal_Pole_Sup_L	0	0	1872	0	164	0	470	0	324	0	2422	0	2256	0	2332	0	2304	0	672	0	340	0	142	0	0	0	0	0	4904	0	0	0	0	0	0	0	1614	0	494	0	1216	0	0	0	0	0	0	0	0	0	0	0	0	0	1912	0	0	0	0	0	0	0	0	0	0	0	0	0	0	0	156	0	998	0	0	0	0	0	0	0	4732	0	0	0	5634	0	3638	0	5030	0	148	0	0	0	0	0	0	0	148	0	0	0	0	0	0	0	0	0	0	0	0	0	0	0	0	0	
74996	Temporal_Pole_Sup_R	0	0	0	310	0	0	0	110	0	0	0	496	0	302	0	1524	0	596	104	260	0	120	224	334	0	0	0	0	0	4206	0	260	0	456	0	0	0	1834	0	2228	0	2822	0	0	0	0	0	0	0	0	0	0	0	0	0	3758	0	0	0	0	0	0	0	0	0	0	0	0	0	0	116	104	0	1604	0	0	0	0	0	0	0	3670	0	0	0	1800	0	5680	0	4580	0	0	0	0	0	0	0	0	0	0	0	0	0	0	0	0	0	0	0	0	0	0	0	0	0	0	
453868	Temporal_Mid_L	12278	0	1398	0	0	0	228	0	0	0	738	0	186	0	116	0	5980	0	1534	464	0	0	0	0	0	0	0	0	8952	0	0	0	170	384	4666	858	398	0	0	0	0	0	2532	0	280	0	0	0	1368	0	35472	0	10076	0	1674	0	7952	0	3842	0	10626	0	8112	0	9510	0	3160	0	8832	444	0	0	120	0	0	0	0	0	7812	0	26358	0	5634	0	0	0	7112	0	37668	0	0	0	0	0	0	0	0	0	0	0	0	0	0	0	0	0	0	0	0	0	0	0	0	0	0	0	
216796	Temporal_Mid_R	198	1822	0	262	0	0	0	368	0	0	0	388	0	0	0	0	0	1704	0	2270	0	0	0	0	0	0	0	0	0	4696	0	0	0	958	0	0	0	2788	0	902	0	444	0	2894	0	1084	0	294	0	1122	0	8954	0	4702	0	2478	0	600	0	632	0	1036	0	4950	0	9184	0	2712	210	2238	0	0	0	0	0	0	0	682	0	1550	0	18220	0	1800	0	0	0	3460	0	22796	0	0	0	0	0	0	0	0	0	0	0	0	0	0	0	0	0	0	0	0	0	0	0	0	0	0	
38244	Temporal_Pole_Mid_L	0	0	0	0	0	0	0	0	0	0	0	0	0	0	0	0	0	0	0	0	0	0	0	0	0	0	0	0	108	0	0	0	0	0	0	0	142	0	0	0	136	0	0	0	0	0	0	0	0	0	0	0	0	0	1242	0	0	0	0	0	0	0	0	0	0	0	0	0	0	0	0	0	0	0	0	0	0	0	0	0	294	0	3638	0	7112	0	0	0	6450	0	0	0	0	0	0	0	0	0	0	0	0	0	0	0	0	0	0	0	0	0	0	0	0	0	0	0	
45004	Temporal_Pole_Mid_R	0	0	0	0	0	0	0	0	0	0	0	0	0	0	0	0	0	0	0	0	0	0	0	0	0	0	0	0	0	0	0	0	0	0	0	0	0	1162	0	1478	0	1080	0	0	0	0	0	0	0	0	0	0	0	0	0	3662	0	0	0	0	0	0	0	0	0	0	0	0	0	0	0	0	0	0	0	0	0	0	0	0	0	276	0	5680	0	3460	0	0	0	5704	0	0	0	0	0	0	0	0	0	0	0	0	0	0	0	0	0	0	0	0	0	0	0	0	0	0	
317828	Temporal_Inf_L	1758	120	1402	236	0	0	110	214	0	0	182	0	0	0	204	0	3614	0	1758	236	0	0	0	0	0	0	0	0	11132	0	0	0	0	0	318	114	13184	0	866	0	2236	0	106	0	0	0	396	0	302	0	7968	0	4236	0	17620	0	3024	0	2048	0	4038	0	1638	0	3328	0	630	0	928	0	800	0	2870	0	0	0	0	0	4882	0	13640	0	5030	0	37668	0	6450	0	0	0	2234	0	0	0	0	0	0	0	1394	0	0	0	0	0	0	0	0	0	0	0	0	0	0	0	0	0	
244584	Temporal_Inf_R	218	5108	0	416	0	0	0	702	0	0	0	852	0	0	0	0	0	1004	0	2236	0	0	0	0	0	0	0	0	0	7774	0	0	0	836	0	240	0	9258	0	2394	0	1982	0	4588	0	986	0	816	0	458	0	1652	0	12588	0	14444	0	1220	0	372	0	492	0	1970	0	1076	0	3358	232	2414	0	0	0	596	0	0	0	826	0	1758	0	6346	0	4580	0	22796	0	5704	0	0	0	0	0	0	0	0	0	0	0	0	0	0	0	0	0	0	0	0	0	0	0	0	0	0	0	0	
424876	Cerebelum_Crus1_L	0	0	0	0	0	0	0	0	0	0	0	0	0	0	0	0	0	0	0	0	0	0	0	0	0	0	0	0	0	0	0	0	0	0	0	0	2262	0	2286	0	112	0	100	0	0	0	10804	2440	0	0	612	0	2178	134	26332	1090	0	0	0	0	0	0	0	0	0	0	0	0	0	0	0	0	114	0	0	0	0	0	0	0	0	0	148	0	0	0	0	0	2234	0	0	3046	27412	1238	228	0	17424	702	52674	4262	15122	0	18760	1124	4360	0	1672	0	0	140	1836	5064	5568	818	142	0	
364160	Cerebelum_Crus1_R	0	0	0	0	0	0	0	0	0	0	0	0	0	0	0	0	0	0	0	0	0	0	0	0	0	0	0	0	0	0	0	0	0	0	0	0	0	0	0	1512	0	0	916	168	0	0	2358	4364	0	108	0	106	0	362	1980	6040	0	0	0	0	0	0	0	0	0	0	0	0	0	0	0	0	0	0	0	0	0	0	0	0	0	0	0	0	0	0	0	0	0	0	3046	0	1038	22130	0	4074	3816	21958	4646	51010	108	3472	150	12658	374	2538	0	1074	0	1870	10852	6626	6934	3248	1960	584	
272720	Cerebelum_Crus2_L	0	0	0	0	0	0	0	0	0	0	0	0	0	0	0	0	0	0	0	0	0	0	0	0	0	0	0	0	0	0	0	0	0	0	0	0	0	0	0	0	0	0	0	0	0	0	2412	534	0	0	176	0	492	0	2804	208	0	0	0	0	0	0	0	0	0	0	0	0	0	0	0	0	0	0	0	0	0	0	0	0	0	0	0	0	0	0	0	0	0	0	27412	1038	0	6078	0	0	508	0	3744	952	34118	3722	29132	5684	4554	274	0	0	0	0	0	870	5436	6034	178	0	
204176	Cerebelum_Crus2_R	0	0	0	0	0	0	0	0	0	0	0	0	0	0	0	0	0	0	0	0	0	0	0	0	0	0	0	0	0	0	0	0	0	0	0	0	0	0	0	104	0	0	0	0	0	0	230	164	0	0	0	0	0	0	398	150	0	0	0	0	0	0	0	0	0	0	0	0	0	0	0	0	0	0	0	0	0	0	0	0	0	0	0	0	0	0	0	0	0	0	1238	22130	6078	0	0	286	0	786	706	4050	4496	20336	3242	24874	0	2002	0	0	0	0	0	472	5592	4284	290	180	
17492	Cerebelum_3_L	0	0	0	0	0	0	0	0	0	0	0	0	0	0	0	0	0	0	0	0	0	0	0	0	0	0	0	0	0	0	0	0	0	0	0	0	0	0	390	0	0	0	0	0	0	0	0	0	0	0	0	0	0	0	0	0	0	0	0	0	0	0	0	0	0	0	0	0	0	0	0	0	0	0	0	0	0	0	0	0	0	0	0	0	0	0	0	0	0	0	228	0	0	0	0	174	4596	204	456	0	0	0	0	0	404	0	0	0	430	1592	272	0	0	0	0	0	
39948	Cerebelum_3_R	0	0	0	0	0	0	0	0	0	0	0	0	0	0	0	0	0	0	0	0	0	0	0	0	0	0	0	0	0	0	0	0	0	0	0	0	0	0	0	152	0	0	0	0	0	0	0	126	0	0	0	0	0	0	0	0	0	0	0	0	0	0	0	0	0	0	0	0	0	0	0	0	0	0	0	0	0	0	0	0	0	0	0	0	0	0	0	0	0	0	0	4074	0	286	174	0	544	4936	110	4864	0	0	0	300	128	418	0	0	194	2658	1010	0	0	0	0	0	
245936	Cerebelum_4_5_L	0	0	0	0	0	0	0	0	0	0	0	0	0	0	0	0	0	0	0	0	0	0	0	0	0	0	0	0	0	0	0	0	0	0	0	0	408	0	1462	142	0	0	194	0	0	0	13244	1772	0	0	546	0	1406	0	15126	1096	0	0	0	0	0	0	0	0	0	0	0	0	0	0	0	0	0	0	0	0	0	0	0	0	0	0	0	0	0	0	0	0	0	0	17424	3816	508	0	4596	544	0	4234	31280	4748	174	0	206	0	1784	398	0	0	0	1468	11532	3332	0	522	768	238	
233828	Cerebelum_4_5_R	0	0	0	0	0	0	0	0	0	0	0	0	0	0	0	0	0	0	0	0	0	0	0	0	0	0	0	0	0	0	0	0	0	0	134	166	140	1274	144	3856	0	100	1430	488	0	0	2816	9700	0	0	0	0	0	332	694	8526	0	0	0	0	0	0	0	0	0	0	114	218	0	0	0	0	0	0	0	0	0	246	0	0	0	0	0	0	0	0	0	0	0	0	702	21958	0	786	204	4936	4234	0	3034	28412	0	0	0	1026	466	300	0	0	0	2240	15758	1900	206	144	230	0	
427368	Cerebelum_6_L	0	0	0	0	0	0	0	0	0	0	0	0	0	0	0	0	0	0	0	0	0	0	0	0	0	0	0	0	0	0	0	0	0	0	0	0	2480	0	2608	0	114	0	240	240	0	0	21142	5704	0	0	934	0	2758	508	35124	3100	0	0	0	0	0	0	0	0	0	0	0	0	0	0	0	0	0	0	0	0	0	0	0	0	0	0	148	0	0	0	0	0	1394	0	52674	4646	3744	706	456	110	31280	3034	0	7978	3526	0	3316	422	1702	0	1550	0	0	322	8582	8444	4222	178	192	106	
393372	Cerebelum_6_R	0	0	0	0	0	0	0	0	0	0	0	0	0	0	0	0	0	0	0	0	0	0	0	0	0	0	0	0	0	0	0	0	0	0	0	0	0	336	0	2098	0	0	1142	382	0	0	4890	11392	0	114	138	114	230	1262	3090	12224	0	0	0	0	0	0	0	0	0	0	0	0	0	0	0	0	0	0	0	0	0	0	0	0	0	0	0	0	0	0	0	0	0	0	4262	51010	952	4050	0	4864	4748	28412	7978	0	0	108	0	5130	456	2678	0	1254	112	2248	15364	12080	7562	3110	2310	586	
226068	Cerebelum_7b_L	0	0	0	0	0	0	0	0	0	0	0	0	0	0	0	0	0	0	0	0	0	0	0	0	0	0	0	0	0	0	0	0	0	0	0	0	0	0	0	0	0	0	0	0	0	0	0	0	0	0	0	0	0	0	0	0	0	0	0	0	0	0	0	0	0	0	0	0	0	0	0	0	0	0	0	0	0	0	0	0	0	0	0	0	0	0	0	0	0	0	15122	108	34118	4496	0	0	174	0	3526	0	0	3882	30750	5302	5216	166	844	0	0	0	0	0	2570	6632	128	0	
118368	Cerebelum_7b_R	0	0	0	0	0	0	0	0	0	0	0	0	0	0	0	0	0	0	0	0	0	0	0	0	0	0	0	0	0	0	0	0	0	0	0	0	0	0	0	0	0	0	0	0	0	0	0	0	0	0	0	0	0	0	0	0	0	0	0	0	0	0	0	0	0	0	0	0	0	0	0	0	0	0	0	0	0	0	0	0	0	0	0	0	0	0	0	0	0	0	0	3472	3722	20336	0	0	0	0	0	108	3882	0	3332	18118	0	900	0	0	0	0	0	0	1564	3750	0	0	
237184	Cerebelum_8_L	0	0	0	0	0	0	0	0	0	0	0	0	0	0	0	0	0	0	0	0	0	0	0	0	0	0	0	0	0	0	0	0	0	0	0	0	0	0	0	0	0	0	0	0	0	0	0	0	0	0	0	0	0	0	0	0	0	0	0	0	0	0	0	0	0	0	0	0	0	0	0	0	0	0	0	0	0	0	0	0	0	0	0	0	0	0	0	0	0	0	18760	150	29132	3242	0	0	206	0	3316	0	30750	3332	0	5828	11096	606	1282	0	0	0	0	0	2230	7602	1060	0	
210664	Cerebelum_8_R	0	0	0	0	0	0	0	0	0	0	0	0	0	0	0	0	0	0	0	0	0	0	0	0	0	0	0	0	0	0	0	0	0	0	0	0	0	0	0	130	0	0	0	0	0	0	0	0	0	0	0	0	0	0	0	120	0	0	0	0	0	0	0	0	0	0	0	0	0	0	0	0	0	0	0	0	0	0	0	0	0	0	0	0	0	0	0	0	0	0	1124	12658	5684	24874	0	300	0	1026	422	5130	5302	18118	5828	0	0	9858	0	960	0	0	0	486	4798	7800	714	0	
78860	Cerebelum_9_L	0	0	0	0	0	0	0	0	0	0	0	0	0	0	0	0	0	0	0	0	0	0	0	0	0	0	0	0	0	0	0	0	0	0	0	0	0	0	0	0	0	0	0	0	0	0	114	130	0	0	0	0	0	0	0	0	0	0	0	0	0	0	0	0	0	0	0	0	0	0	0	0	0	0	0	0	0	0	0	0	0	0	0	0	0	0	0	0	0	0	4360	374	4554	0	404	128	1784	466	1702	456	5216	0	11096	0	0	358	2586	0	0	176	1338	828	164	1070	1784	342	
65232	Cerebelum_9_R	0	0	0	0	0	0	0	0	0	0	0	0	0	0	0	0	0	0	0	0	0	0	0	0	0	0	0	0	0	0	0	0	0	0	0	0	0	0	0	0	0	0	0	0	0	0	190	0	0	0	0	0	0	0	0	0	0	0	0	0	0	0	0	0	0	0	0	0	0	0	0	0	0	0	0	0	0	0	0	0	0	0	0	0	0	0	0	0	0	0	0	2538	274	2002	0	418	398	300	0	2678	166	900	606	9858	358	0	0	1170	230	648	662	536	1008	2982	3612	1082	
15868	Cerebelum_10_L	0	0	0	0	0	0	0	0	0	0	0	0	0	0	0	0	0	0	0	0	0	0	0	0	0	0	0	0	0	0	0	0	0	0	0	0	0	0	0	0	0	0	0	0	0	0	0	0	0	0	0	0	0	0	0	0	0	0	0	0	0	0	0	0	0	0	0	0	0	0	0	0	0	0	0	0	0	0	0	0	0	0	0	0	0	0	0	0	0	0	1672	0	0	0	0	0	0	0	1550	0	844	0	1282	0	2586	0	0	0	0	0	0	0	0	0	0	0	
11232	Cerebelum_10_R	0	0	0	0	0	0	0	0	0	0	0	0	0	0	0	0	0	0	0	0	0	0	0	0	0	0	0	0	0	0	0	0	0	0	0	0	0	0	0	0	0	0	0	0	0	0	0	0	0	0	0	0	0	0	0	0	0	0	0	0	0	0	0	0	0	0	0	0	0	0	0	0	0	0	0	0	0	0	0	0	0	0	0	0	0	0	0	0	0	0	0	1074	0	0	0	0	0	0	0	1254	0	0	0	960	0	1170	0	0	0	0	0	0	168	652	338	0	
12480	Vermis_1_2	0	0	0	0	0	0	0	0	0	0	0	0	0	0	0	0	0	0	0	0	0	0	0	0	0	0	0	0	0	0	0	0	0	0	0	0	0	0	0	0	0	0	0	0	0	0	0	0	0	0	0	0	0	0	0	0	0	0	0	0	0	0	0	0	0	0	0	0	0	0	0	0	0	0	0	0	0	0	0	0	0	0	0	0	0	0	0	0	0	0	0	0	0	0	430	194	0	0	0	112	0	0	0	0	0	230	0	0	0	4760	514	0	0	0	0	0	
42484	Vermis_3	0	0	0	0	0	0	0	0	0	0	0	0	0	0	0	0	0	0	0	0	0	0	0	0	0	0	0	0	0	0	0	0	0	0	0	0	132	110	256	0	0	0	0	0	0	0	186	0	0	0	0	0	0	0	148	0	0	0	0	0	0	0	0	0	0	0	0	0	0	0	0	0	0	0	0	0	0	0	0	0	0	0	0	0	0	0	0	0	0	0	140	1870	0	0	1592	2658	1468	2240	322	2248	0	0	0	0	176	648	0	0	4760	0	2288	0	0	0	0	0	
