data	data	331840	251044	692908	683288	77728	54216	376072	147904	57260	17684	256656	164424	278460	162568	153256	70772	249860	81316	538516	657132	55612	60792	179780	223436	5636	43932	17392	27512	661420	297700	119364	352512	148408	449668	125728	166432	304884	322204	89468	197652	37012	72860	231484	425664	176232	403944	326720	376492	175112	405456	550088	248680	211416	88260	398292	356540	216416	226736	139576	111608	218288	103344	101656	112140	145564	141372	285780	399080	190396	227920	212656	221560	250092	288620	38504	11160	115096	215104	116804	23712	231560	86040	92348	22208	356100	194024	20528	7144	347188	157884	553864	510684	414764	439980	61980	57096	305784	229308	573296	473352	297316	262636	351640	433520	167552	135424	35316	20544	29864	68388	198404	230012	276520	138860	67808	30088	
data	data	Precentral_L	Precentral_R	Frontal_Sup_L	Frontal_Sup_R	Frontal_Sup_Orb_L	Frontal_Sup_Orb_R	Frontal_Mid_L	Frontal_Mid_R	Frontal_Mid_Orb_L	Frontal_Mid_Orb_R	Frontal_Inf_Oper_L	Frontal_Inf_Oper_R	Frontal_Inf_Tri_L	Frontal_Inf_Tri_R	Frontal_Inf_Orb_L	Frontal_Inf_Orb_R	Rolandic_Oper_L	Rolandic_Oper_R	Supp_Motor_Area_L	Supp_Motor_Area_R	Olfactory_L	Olfactory_R	Frontal_Sup_Medial_L	Frontal_Sup_Medial_R	Frontal_Med_Orb_L	Frontal_Med_Orb_R	Rectus_L	Rectus_R	Insula_L	Insula_R	Cingulum_Ant_L	Cingulum_Ant_R	Cingulum_Mid_L	Cingulum_Mid_R	Cingulum_Post_L	Cingulum_Post_R	Hippocampus_L	Hippocampus_R	ParaHippocampal_L	ParaHippocampal_R	Amygdala_L	Amygdala_R	Calcarine_L	Calcarine_R	Cuneus_L	Cuneus_R	Lingual_L	Lingual_R	Occipital_Sup_L	Occipital_Sup_R	Occipital_Mid_L	Occipital_Mid_R	Occipital_Inf_L	Occipital_Inf_R	Fusiform_L	Fusiform_R	Postcentral_L	Postcentral_R	Parietal_Sup_L	Parietal_Sup_R	Parietal_Inf_L	Parietal_Inf_R	SupraMarginal_L	SupraMarginal_R	Angular_L	Angular_R	Precuneus_L	Precuneus_R	Paracentral_Lobule_L	Paracentral_Lobule_R	Caudate_L	Caudate_R	Putamen_L	Putamen_R	Pallidum_L	Pallidum_R	Thalamus_L	Thalamus_R	Heschl_L	Heschl_R	Temporal_Sup_L	Temporal_Sup_R	Temporal_Pole_Sup_L	Temporal_Pole_Sup_R	Temporal_Mid_L	Temporal_Mid_R	Temporal_Pole_Mid_L	Temporal_Pole_Mid_R	Temporal_Inf_L	Temporal_Inf_R	Cerebelum_Crus1_L	Cerebelum_Crus1_R	Cerebelum_Crus2_L	Cerebelum_Crus2_R	Cerebelum_3_L	Cerebelum_3_R	Cerebelum_4_5_L	Cerebelum_4_5_R	Cerebelum_6_L	Cerebelum_6_R	Cerebelum_7b_L	Cerebelum_7b_R	Cerebelum_8_L	Cerebelum_8_R	Cerebelum_9_L	Cerebelum_9_R	Cerebelum_10_L	Cerebelum_10_R	Vermis_1_2	Vermis_3	Vermis_4_5	Vermis_6	Vermis_7	Vermis_8	Vermis_9	Vermis_10	
331840	Precentral_L	0	2988	12122	3102	0	0	20704	1198	0	0	7978	340	1942	0	0	0	8402	0	7118	2908	0	0	0	0	0	0	0	0	17600	96	0	460	410	818	1476	1316	11940	1806	428	510	0	0	0	0	0	0	70	424	0	0	1816	0	394	0	450	278	21422	228	450	0	2892	0	968	0	698	0	252	0	2356	110	512	1018	3278	684	480	168	3962	3950	8880	0	2738	0	0	0	910	0	0	0	870	0	0	0	0	0	0	0	0	0	0	0	0	0	0	0	0	0	0	0	0	0	0	0	0	0	0	0	
251044	Precentral_R	2988	0	504	15504	0	0	586	1946	0	0	0	4524	0	352	0	0	0	1580	836	9408	0	0	0	0	0	0	0	0	540	8940	0	0	0	6170	436	640	1282	8152	0	402	0	0	0	618	0	260	0	1024	0	488	0	294	0	142	72	3002	1628	21796	0	180	98	958	0	1376	0	220	0	538	2512	6348	220	608	412	1162	0	0	2142	6780	114	592	0	2446	0	0	0	2516	0	0	172	2014	0	0	0	0	0	0	0	0	0	0	0	0	0	0	0	0	0	0	0	0	0	0	0	0	0	0	
692908	Frontal_Sup_L	12122	504	0	9242	4672	0	53050	1134	4746	0	14794	246	18996	212	9986	0	13384	168	69330	15626	0	0	29580	776	0	0	0	0	33882	666	7998	5860	1506	4070	0	0	1198	250	74	0	108	0	0	0	0	0	0	0	0	0	0	0	0	0	102	0	4180	0	0	0	0	0	0	0	0	0	0	0	414	136	2136	490	7794	2012	4028	74	5276	310	1786	0	2652	0	810	0	0	0	0	0	74	0	0	0	0	0	0	0	0	0	0	0	0	0	0	0	0	0	0	0	0	0	0	0	0	0	0	0	
683288	Frontal_Sup_R	3102	15504	9242	0	0	2454	2634	16374	0	84	1648	9142	1448	11438	532	2212	1138	1814	12328	55670	0	0	6124	32666	0	2348	0	82	4860	9210	1992	36078	1076	20930	1076	1096	2308	8166	82	1634	0	0	0	0	0	0	0	336	0	0	0	0	0	0	102	994	406	1886	0	0	0	80	0	92	0	0	0	0	2328	328	2554	10088	1174	17344	152	620	2876	21360	244	0	848	282	834	0	0	74	0	0	150	0	0	0	0	0	0	0	0	0	0	0	0	0	0	0	0	0	0	0	0	0	0	0	0	0	0	0	
77728	Frontal_Sup_Orb_L	0	0	4672	0	0	0	708	100	7346	0	0	0	1912	0	8460	0	0	0	0	0	1616	0	1146	0	1212	0	2692	0	4064	0	678	0	0	0	0	0	0	0	0	0	0	0	0	0	0	0	0	0	0	0	0	0	0	0	0	0	0	0	0	0	0	0	0	0	0	0	0	0	0	0	850	0	3100	0	0	0	0	0	0	0	0	0	308	0	0	0	0	0	0	0	0	0	0	0	0	0	0	0	0	0	0	0	0	0	0	0	0	0	0	0	0	0	0	0	0	0	
54216	Frontal_Sup_Orb_R	0	0	0	2454	0	0	0	0	0	2572	0	0	0	0	0	3126	0	0	0	380	0	1218	0	1794	0	4422	0	4494	0	1474	0	516	0	0	0	0	0	0	0	0	0	98	0	0	0	0	0	0	0	0	0	0	0	0	0	0	0	0	0	0	0	0	0	0	0	0	0	0	0	0	0	1896	0	2664	0	0	0	0	0	0	0	0	0	0	0	0	0	0	0	0	0	0	0	0	0	0	0	0	0	0	0	0	0	0	0	0	0	0	0	0	0	0	0	0	0	0	
376072	Frontal_Mid_L	20704	586	53050	2634	708	0	0	1094	1270	0	7592	384	21272	0	3594	0	3734	0	12538	3008	0	0	10980	270	0	0	0	0	15392	98	2246	1032	0	590	218	156	2688	386	210	124	0	0	0	0	0	0	0	94	0	0	80	0	0	0	78	0	2362	0	0	0	264	0	0	0	70	0	0	0	130	0	1494	482	3214	296	2292	0	7096	1036	1002	0	1366	0	0	0	0	0	0	0	122	0	0	0	0	0	0	0	0	0	0	0	0	0	0	0	0	0	0	0	0	0	0	0	0	0	0	0	
147904	Frontal_Mid_R	1198	1946	1134	16374	100	0	1094	0	0	644	2238	5150	538	8250	612	2994	1650	290	1134	3206	0	0	498	2374	0	0	0	0	3876	3800	166	2008	132	1864	0	0	0	670	0	288	0	0	0	0	0	0	0	0	0	0	0	0	0	0	0	140	412	326	0	0	0	0	0	0	0	0	0	0	0	0	3340	612	1002	1452	0	0	0	94	0	0	1194	0	1152	0	0	0	0	0	0	0	0	0	0	0	0	0	0	0	0	0	0	0	0	0	0	0	0	0	0	0	0	0	0	0	0	0	
57260	Frontal_Mid_Orb_L	0	0	4746	0	7346	0	1270	0	0	0	0	0	2072	0	9440	0	0	0	0	0	0	0	0	0	210	0	442	0	2352	0	0	0	0	0	0	0	0	0	0	0	0	0	0	0	0	0	0	0	0	0	0	0	0	0	0	0	0	0	0	0	0	0	0	0	0	0	0	0	0	0	0	0	752	0	0	0	0	0	0	0	0	0	0	0	0	0	0	0	0	0	0	0	0	0	0	0	0	0	0	0	0	0	0	0	0	0	0	0	0	0	0	0	0	0	0	0	
17684	Frontal_Mid_Orb_R	0	0	0	84	0	2572	0	644	0	0	0	0	0	520	0	3350	0	0	0	0	0	272	0	0	0	138	0	600	0	278	0	0	0	0	0	0	0	0	0	0	0	0	0	0	0	0	0	0	0	0	0	0	0	0	0	0	0	0	0	0	0	0	0	0	0	0	0	0	0	0	0	194	0	190	0	0	0	0	0	0	0	0	0	0	0	0	0	0	0	0	0	0	0	0	0	0	0	0	0	0	0	0	0	0	0	0	0	0	0	0	0	0	0	0	0	0	
256656	Frontal_Inf_Oper_L	7978	0	14794	1648	0	0	7592	2238	0	0	0	1636	16566	2638	184	0	13034	98	12472	1136	0	0	72	392	0	0	0	0	21838	744	418	826	0	0	0	0	0	0	0	0	0	0	0	0	0	0	0	0	0	0	0	0	0	0	0	0	2336	0	0	0	136	0	0	0	0	0	0	0	0	0	6924	182	1058	264	86	0	0	92	898	0	5546	0	4502	0	0	0	0	0	0	0	0	0	0	0	0	0	0	0	0	0	0	0	0	0	0	0	0	0	0	0	0	0	0	0	0	0	
164424	Frontal_Inf_Oper_R	340	4524	246	9142	0	0	384	5150	0	0	1636	0	1582	11826	84	0	228	4308	450	10790	0	0	0	1154	0	0	0	0	2066	14022	0	1040	0	480	0	0	0	1290	0	614	0	82	0	0	0	0	0	0	0	0	0	0	0	0	0	224	70	3446	0	0	0	0	0	0	0	0	0	0	0	0	1358	440	188	3278	0	0	0	0	0	524	114	692	118	322	0	0	0	0	0	0	0	0	0	0	0	0	0	0	0	0	0	0	0	0	0	0	0	0	0	0	0	0	0	0	0	0	
278460	Frontal_Inf_Tri_L	1942	0	18996	1448	1912	0	21272	538	2072	0	16566	1582	0	3054	11932	0	392	126	5768	1460	0	0	948	302	0	0	0	0	30552	1088	2870	2306	0	222	0	0	78	76	0	0	134	0	0	0	0	0	0	0	0	0	0	0	0	0	0	0	0	0	0	0	0	0	0	0	0	0	0	0	0	0	5120	198	5968	230	0	0	0	78	0	0	0	0	0	0	0	0	0	0	0	0	0	0	0	0	0	0	0	0	0	0	0	0	0	0	0	0	0	0	0	0	0	0	0	0	0	0	
162568	Frontal_Inf_Tri_R	0	352	212	11438	0	0	0	8250	0	520	2638	11826	3054	0	0	4562	0	242	358	6832	0	0	72	2672	0	0	0	0	3110	13698	134	3950	0	1134	0	0	0	498	0	136	0	0	0	0	0	0	0	0	0	0	0	0	0	0	0	0	0	352	0	0	0	0	0	0	0	0	0	0	0	0	3238	468	216	1322	0	0	0	0	0	0	0	0	0	0	0	0	0	0	0	0	0	0	0	0	0	0	0	0	0	0	0	0	0	0	0	0	0	0	0	0	0	0	0	0	0	0	
153256	Frontal_Inf_Orb_L	0	0	9986	532	8460	0	3594	612	9440	0	184	84	11932	0	0	0	0	0	396	136	1116	0	204	160	0	0	1082	0	15946	0	256	178	0	0	0	0	166	0	74	0	374	0	0	0	0	0	0	0	0	0	0	0	0	0	78	0	0	0	0	0	0	0	0	0	0	0	0	0	0	0	1484	76	9526	0	0	0	0	0	0	0	0	0	552	0	0	0	0	0	0	0	0	0	0	0	0	0	0	0	0	0	0	0	0	0	0	0	0	0	0	0	0	0	0	0	0	0	
70772	Frontal_Inf_Orb_R	0	0	0	2212	0	3126	0	2994	0	3350	0	0	0	4562	0	0	0	0	0	240	0	2110	110	540	0	0	0	1386	0	8472	0	1370	0	462	0	0	0	254	0	236	0	408	0	0	0	0	0	0	0	0	0	0	0	0	0	0	0	0	0	0	0	0	0	0	0	0	0	0	0	0	0	1002	0	2332	0	0	0	220	0	0	0	0	0	0	0	0	0	0	0	0	0	0	0	0	0	0	0	0	0	0	0	0	0	0	0	0	0	0	0	0	0	0	0	0	0	0	
249860	Rolandic_Oper_L	8402	0	13384	1138	0	0	3734	1650	0	0	13034	228	392	0	0	0	0	0	9556	660	0	0	0	214	0	0	0	0	25254	0	0	318	204	0	0	0	132	0	0	0	0	0	0	0	0	0	0	0	0	0	952	0	130	0	108	0	8092	0	390	0	1188	0	1808	0	550	0	176	0	216	0	2702	198	244	316	350	0	118	0	7346	0	12870	0	4332	0	2674	0	0	0	1870	0	0	0	0	0	0	0	0	0	0	0	0	0	0	0	0	0	0	0	0	0	0	0	0	0	0	0	
81316	Rolandic_Oper_R	0	1580	168	1814	0	0	0	290	0	0	98	4308	126	242	0	0	0	0	330	3724	0	0	0	0	0	0	0	0	400	11344	0	266	0	0	0	0	0	114	0	0	0	0	0	0	0	0	0	0	0	0	0	0	0	0	0	0	0	4488	0	0	0	0	0	2430	0	0	0	0	0	0	286	476	146	896	0	0	0	0	0	2762	0	4054	0	316	0	0	0	0	0	0	0	0	0	0	0	0	0	0	0	0	0	0	0	0	0	0	0	0	0	0	0	0	0	0	0	0	
538516	Supp_Motor_Area_L	7118	836	69330	12328	0	0	12538	1134	0	0	12472	450	5768	358	396	0	9556	330	0	35970	0	0	4408	708	0	0	0	0	15500	1198	3526	6496	11462	14982	216	74	674	1056	0	278	0	0	0	0	0	0	0	0	0	0	0	0	0	0	204	164	1798	266	0	0	0	144	0	144	0	0	0	0	12998	3146	2198	1128	4262	3704	2214	464	2014	1150	1026	0	2148	0	752	0	0	0	0	0	172	0	0	0	0	0	0	0	0	0	0	0	0	0	0	0	0	0	0	0	0	0	0	0	0	0	0	0	
657132	Supp_Motor_Area_R	2908	9408	15626	55670	0	380	3008	3206	0	0	1136	10790	1460	6832	136	240	660	3724	35970	0	0	0	774	7672	0	0	0	0	3532	10982	1240	20898	6798	48476	192	862	128	3038	0	696	0	0	0	314	0	0	0	184	0	446	0	80	0	0	0	746	476	6702	0	72	0	114	0	104	0	116	174	702	14736	21398	1220	5514	626	11930	440	1196	228	1600	0	176	532	760	526	268	0	522	0	0	0	222	0	0	0	0	0	0	0	0	0	0	0	0	0	0	0	0	0	0	0	0	0	0	0	0	0	0	
55612	Olfactory_L	0	0	0	0	1616	0	0	0	0	0	0	0	0	0	1116	0	0	0	0	0	0	4246	0	0	0	0	1034	0	2312	0	2088	1038	0	0	0	0	120	0	0	0	490	0	0	0	0	0	0	0	0	0	0	0	0	0	122	0	0	0	0	0	0	0	0	0	0	0	0	0	0	0	6314	3730	2784	594	0	0	0	0	0	0	0	0	202	0	0	0	0	0	0	0	0	0	0	0	0	0	0	0	0	0	0	0	0	0	0	0	0	0	0	0	0	0	0	0	0	0	
60792	Olfactory_R	0	0	0	0	0	1218	0	0	0	272	0	0	0	0	0	2110	0	0	0	0	4246	0	0	0	0	358	0	1560	136	2366	1396	1898	0	0	0	0	0	174	0	452	70	804	0	0	0	0	0	0	0	0	0	0	0	0	0	0	0	0	0	0	0	0	0	0	0	0	0	0	0	0	4762	5182	2336	946	0	0	0	0	0	0	0	0	0	110	0	0	0	0	0	0	0	0	0	0	0	0	0	0	0	0	0	0	0	0	0	0	0	0	0	0	0	0	0	0	0	0	
179780	Frontal_Sup_Medial_L	0	0	29580	6124	1146	0	10980	498	0	0	72	0	948	72	204	110	0	0	4408	774	0	0	0	10204	416	0	116	0	1104	74	8806	5826	1000	5060	0	0	0	0	0	0	0	0	0	0	0	0	0	0	0	0	0	0	0	0	0	0	0	0	0	0	0	0	0	0	0	0	0	0	0	0	736	0	1632	0	0	0	0	0	0	0	0	0	0	0	0	0	0	0	0	0	0	0	0	0	0	0	0	0	0	0	0	0	0	0	0	0	0	0	0	0	0	0	0	0	0	0	
223436	Frontal_Sup_Medial_R	0	0	776	32666	0	1794	270	2374	0	0	392	1154	302	2672	160	540	214	0	708	7672	0	0	10204	0	0	3474	0	112	1026	1898	1150	19092	100	10054	0	0	0	0	0	0	0	0	0	0	0	0	0	0	0	0	0	0	0	0	0	0	0	0	0	0	0	0	0	0	0	0	0	0	0	0	1170	5918	212	5260	0	0	0	118	0	0	118	0	118	0	0	0	0	0	0	0	0	0	0	0	0	0	0	0	0	0	0	0	0	0	0	0	0	0	0	0	0	0	0	0	0	0	
5636	Frontal_Med_Orb_L	0	0	0	0	1212	0	0	0	210	0	0	0	0	0	0	0	0	0	0	0	0	0	416	0	0	138	614	0	0	0	228	0	0	0	0	0	0	0	0	0	0	0	0	0	0	0	0	0	0	0	0	0	0	0	0	0	0	0	0	0	0	0	0	0	0	0	0	0	0	0	0	0	0	0	0	0	0	0	0	0	0	0	0	0	0	0	0	0	0	0	0	0	0	0	0	0	0	0	0	0	0	0	0	0	0	0	0	0	0	0	0	0	0	0	0	0	
43932	Frontal_Med_Orb_R	0	0	0	2348	0	4422	0	0	0	138	0	0	0	0	0	0	0	0	0	0	0	358	0	3474	138	0	0	3052	0	0	198	2036	0	0	0	0	0	0	0	0	0	0	0	0	0	0	0	0	0	0	0	0	0	0	0	0	0	0	0	0	0	0	0	0	0	0	0	0	0	0	0	2772	0	3030	0	0	0	0	0	0	0	0	0	0	0	0	0	0	0	0	0	0	0	0	0	0	0	0	0	0	0	0	0	0	0	0	0	0	0	0	0	0	0	0	0	0	
17392	Rectus_L	0	0	0	0	2692	0	0	0	442	0	0	0	0	0	1082	0	0	0	0	0	1034	0	116	0	614	0	0	0	432	0	920	0	0	0	0	0	0	0	0	0	0	0	0	0	0	0	0	0	0	0	0	0	0	0	0	0	0	0	0	0	0	0	0	0	0	0	0	0	0	0	630	0	654	0	0	0	0	0	0	0	0	0	80	0	0	0	0	0	0	0	0	0	0	0	0	0	0	0	0	0	0	0	0	0	0	0	0	0	0	0	0	0	0	0	0	0	
27512	Rectus_R	0	0	0	82	0	4494	0	0	0	600	0	0	0	0	0	1386	0	0	0	0	0	1560	0	112	0	3052	0	0	0	726	98	414	0	0	0	0	0	0	0	0	0	70	0	0	0	0	0	0	0	0	0	0	0	0	0	0	0	0	0	0	0	0	0	0	0	0	0	0	0	0	0	702	0	460	0	0	0	0	0	0	0	0	0	0	0	0	0	0	0	0	0	0	0	0	0	0	0	0	0	0	0	0	0	0	0	0	0	0	0	0	0	0	0	0	0	0	
661420	Insula_L	17600	540	33882	4860	4064	0	15392	3876	2352	0	21838	2066	30552	3110	15946	0	25254	400	15500	3532	2312	136	1104	1026	0	0	432	0	0	1730	3516	4220	1468	512	416	228	14302	786	730	192	2522	0	0	0	0	0	0	92	0	0	1744	0	852	0	3664	76	4882	120	578	0	1080	0	156	0	588	0	236	0	374	0	14014	3026	21066	4090	818	0	1496	882	11224	0	10616	0	5168	0	1908	0	0	0	5564	0	0	0	0	0	0	0	0	0	0	0	0	0	0	0	0	0	0	0	0	0	0	0	0	0	0	0	
297700	Insula_R	96	8940	666	9210	0	1474	98	3800	0	278	744	14022	1088	13698	0	8472	0	11344	1198	10982	0	2366	74	1898	0	0	0	726	1730	0	98	3458	0	840	0	0	284	8490	0	2964	0	3848	0	86	0	0	0	186	0	0	0	0	0	102	0	3050	0	5364	0	0	0	100	0	386	0	74	0	0	0	538	1414	1636	714	14986	0	0	0	352	0	1300	0	2204	0	516	0	896	0	0	0	2060	0	0	0	0	0	0	0	0	0	0	0	0	0	0	0	0	0	0	0	0	0	0	0	0	0	0	
119364	Cingulum_Ant_L	0	0	7998	1992	678	0	2246	166	0	0	418	0	2870	134	256	0	0	0	3526	1240	2088	1396	8806	1150	228	198	920	98	3516	98	0	6822	1554	1992	0	0	0	0	0	0	0	0	0	0	0	0	0	0	0	0	0	0	0	0	0	0	0	0	0	0	0	0	0	0	0	0	0	0	0	0	3724	1470	3724	374	0	0	0	0	0	0	0	0	0	0	0	0	0	0	0	0	0	0	0	0	0	0	0	0	0	0	0	0	0	0	0	0	0	0	0	0	0	0	0	0	0	0	
352512	Cingulum_Ant_R	460	0	5860	36078	0	516	1032	2008	0	0	826	1040	2306	3950	178	1370	318	266	6496	20898	1038	1898	5826	19092	0	2036	0	414	4220	3458	6822	0	1308	19856	0	0	0	186	0	0	0	0	0	0	0	0	0	0	0	0	0	0	0	0	0	0	0	0	0	0	0	0	0	0	0	0	0	0	0	0	3520	12932	1240	7512	0	0	72	736	0	0	212	90	186	0	0	0	0	0	0	0	0	0	0	0	0	0	0	0	0	0	0	0	0	0	0	0	0	0	0	0	0	0	0	0	0	0	
148408	Cingulum_Mid_L	410	0	1506	1076	0	0	0	132	0	0	0	0	0	0	0	0	204	0	11462	6798	0	0	1000	100	0	0	0	0	1468	0	1554	1308	0	10674	3174	924	288	0	0	0	0	0	452	190	500	282	86	0	276	104	4480	0	292	0	270	0	740	0	1456	0	442	0	0	0	472	0	8232	1232	4024	1080	686	0	1956	0	706	0	0	0	0	0	436	0	0	0	2522	0	0	0	1210	0	0	0	0	0	0	0	0	0	0	0	0	0	0	0	0	0	0	0	0	0	0	0	0	0	0	0	
449668	Cingulum_Mid_R	818	6170	4070	20930	0	0	590	1864	0	0	0	480	222	1134	0	462	0	0	14982	48476	0	0	5060	10054	0	0	0	0	512	840	1992	19856	10674	0	1608	6886	0	898	0	0	0	0	0	3484	0	3134	0	392	0	2906	0	250	0	0	0	480	0	7296	0	248	0	148	0	438	0	206	1566	9258	10806	21728	114	952	108	604	128	0	0	186	0	134	0	484	0	0	0	764	0	0	0	442	0	0	0	0	0	0	0	0	0	0	0	0	0	0	0	0	0	0	0	0	0	0	0	0	0	0	
125728	Cingulum_Post_L	1476	436	0	1076	0	0	218	0	0	0	0	0	0	0	0	0	0	0	216	192	0	0	0	0	0	0	0	0	416	0	0	0	3174	1608	0	9594	6714	5586	1728	2574	0	0	3338	0	1610	0	1912	2132	478	0	786	0	600	0	500	950	78	74	0	0	0	0	0	0	0	0	5430	1332	2016	150	0	0	0	158	0	0	0	5118	564	0	78	0	0	0	200	0	0	0	254	0	98	0	0	0	0	0	0	0	0	0	0	0	0	0	0	0	0	0	0	0	0	0	0	0	0	0	
166432	Cingulum_Post_R	1316	640	0	1096	0	0	156	0	0	0	0	0	0	0	0	0	0	0	74	862	0	0	0	0	0	0	0	0	228	0	0	0	924	6886	9594	0	4578	7278	686	3080	0	0	0	6508	0	2480	0	4070	0	1740	0	76	0	0	178	1558	0	1842	0	0	0	0	0	0	0	136	1624	13684	342	3428	0	0	0	158	0	0	134	4840	402	0	0	0	0	0	0	546	0	0	0	186	0	0	0	0	0	0	0	398	0	0	0	0	0	0	0	0	0	0	0	0	1488	0	0	0	0	0	
304884	Hippocampus_L	11940	1282	1198	2308	0	0	2688	0	0	0	0	0	78	0	166	0	132	0	674	128	120	0	0	0	0	0	0	0	14302	284	0	0	288	0	6714	4578	0	5842	13064	2924	6242	0	2414	0	360	0	6160	3800	0	0	412	0	484	0	13538	958	532	0	0	0	0	0	0	0	0	0	4626	1316	520	0	750	706	9932	962	504	0	4598	6970	4374	0	2672	0	106	0	754	0	0	0	9678	0	164	0	0	0	0	0	0	80	120	0	0	0	0	0	0	0	0	0	0	0	0	0	0	0	0	0	
322204	Hippocampus_R	1806	8152	250	8166	0	0	386	670	0	0	0	1290	76	498	0	254	0	114	1056	3038	0	174	0	0	0	0	0	0	786	8490	0	186	0	898	5586	7278	5842	0	1000	26178	0	12334	0	390	0	70	0	7050	0	0	0	0	0	96	234	20508	74	516	0	0	0	0	0	0	0	0	596	3512	540	406	138	452	294	14260	0	414	1120	9886	616	0	112	136	0	0	0	366	0	0	0	1946	0	278	0	0	0	0	0	1488	0	124	0	0	0	0	0	0	0	0	0	0	972	0	0	0	0	0	
89468	ParaHippocampal_L	428	0	74	82	0	0	210	0	0	0	0	0	0	0	74	0	0	0	0	0	0	0	0	0	0	0	0	0	730	0	0	0	0	0	1728	686	13064	1000	0	716	2294	0	1174	0	102	0	5768	1438	0	0	284	0	214	0	5750	160	0	0	0	0	0	0	0	0	0	0	2762	554	0	0	0	0	2440	0	0	0	590	844	0	0	160	0	164	0	0	0	0	0	1244	0	0	0	0	0	0	0	0	0	0	0	0	0	0	0	0	0	0	0	0	0	0	0	0	0	0	0	
197652	ParaHippocampal_R	510	402	0	1634	0	0	124	288	0	0	0	614	0	136	0	236	0	0	278	696	0	452	0	0	0	0	0	0	192	2964	0	0	0	0	2574	3080	2924	26178	716	0	0	8856	0	476	0	0	0	9488	0	0	0	0	0	0	136	16914	0	82	0	0	0	0	0	0	0	0	386	2910	108	0	0	74	100	5918	0	340	470	4144	110	0	0	0	0	1112	0	0	0	138	0	352	0	202	0	0	0	0	0	1820	0	220	0	0	0	0	0	0	0	0	0	0	472	0	0	0	0	0	
37012	Amygdala_L	0	0	108	0	0	0	0	0	0	0	0	0	134	0	374	0	0	0	0	0	490	70	0	0	0	0	0	0	2522	0	0	0	0	0	0	0	6242	0	2294	0	0	0	0	0	0	0	0	368	0	0	0	0	0	0	3694	0	0	0	0	0	0	0	0	0	0	0	0	0	0	0	90	70	698	0	0	0	0	0	0	0	0	0	140	0	0	0	0	0	1212	0	0	0	0	0	0	0	0	0	0	0	0	0	0	0	0	0	0	0	0	0	0	0	0	0	0	0	
72860	Amygdala_R	0	0	0	0	0	98	0	0	0	0	0	82	0	0	0	408	0	0	0	0	0	804	0	0	0	0	0	70	0	3848	0	0	0	0	0	0	0	12334	0	8856	0	0	0	0	0	0	0	0	0	0	0	0	0	0	0	5986	0	0	0	0	0	0	0	0	0	0	0	0	0	0	0	0	0	2800	0	0	0	0	0	0	0	0	0	994	0	0	0	0	0	150	0	0	0	0	0	0	0	0	0	0	0	0	0	0	0	0	0	0	0	0	0	0	0	0	0	0	
231484	Calcarine_L	0	0	0	0	0	0	0	0	0	0	0	0	0	0	0	0	0	0	0	0	0	0	0	0	0	0	0	0	0	0	0	0	452	0	3338	0	2414	0	1174	0	0	0	0	7834	15758	7550	13872	2138	11792	2756	19228	1032	4054	120	986	0	0	0	152	0	116	0	0	0	154	0	14084	930	0	0	0	0	0	0	0	0	0	0	0	0	0	0	0	0	2936	158	0	0	2132	128	178	0	0	0	0	0	0	0	204	0	0	0	0	0	0	0	0	0	0	0	0	72	0	0	0	0	
425664	Calcarine_R	0	618	0	0	0	0	0	0	0	0	0	0	0	0	0	0	0	0	0	314	0	0	0	0	0	0	0	0	0	86	0	0	190	3484	0	6508	0	390	0	476	0	0	7834	0	5908	43460	562	20208	0	36452	0	18282	0	5448	0	4284	0	2042	0	2716	0	324	0	296	0	2176	2374	32770	114	3784	0	0	0	0	0	0	0	0	0	0	0	0	0	0	0	5728	0	0	0	5808	0	0	0	0	0	0	0	0	0	0	0	0	0	0	0	0	0	0	0	0	196	0	0	0	0	0	
176232	Cuneus_L	0	0	0	0	0	0	0	0	0	0	0	0	0	0	0	0	0	0	0	0	0	0	0	0	0	0	0	0	0	0	0	0	500	0	1610	0	360	0	102	0	0	0	15758	5908	0	10092	1202	188	19420	3170	8988	1170	576	0	74	0	0	0	2934	160	84	0	0	0	70	0	11768	2280	84	0	0	0	0	0	0	0	0	0	0	0	0	0	0	0	948	0	0	0	670	0	0	0	0	0	0	0	0	0	0	0	0	0	0	0	0	0	0	0	0	0	0	0	0	0	0	0	
403944	Cuneus_R	0	260	0	0	0	0	0	0	0	0	0	0	0	0	0	0	0	0	0	0	0	0	0	0	0	0	0	0	0	0	0	0	282	3134	0	2480	0	70	0	0	0	0	7550	43460	10092	0	0	5042	270	47172	0	16352	0	506	0	552	0	1744	0	6232	0	146	0	86	0	2528	5086	36218	0	4668	0	0	0	0	0	0	0	0	0	0	0	0	0	0	0	4728	0	0	0	3242	0	0	0	0	0	0	0	0	0	0	0	0	0	0	0	0	0	0	0	0	72	0	0	0	0	0	
326720	Lingual_L	70	0	0	0	0	0	0	0	0	0	0	0	0	0	0	0	0	0	0	0	0	0	0	0	0	0	0	0	0	0	0	0	86	0	1912	0	6160	0	5768	0	0	0	13872	562	1202	0	0	3242	3226	0	22260	0	14646	194	19844	646	0	0	0	0	0	0	0	0	0	0	7044	0	0	0	0	0	282	0	0	0	518	72	0	0	0	0	0	0	308	0	0	0	630	0	7980	1712	516	118	454	214	10944	1462	20256	2826	0	0	86	0	84	418	0	0	102	336	6214	4640	1814	174	162	304	
376492	Lingual_R	424	1024	0	336	0	0	94	0	0	0	0	0	0	0	0	0	0	0	0	184	0	0	0	0	0	0	0	0	92	186	0	0	0	392	2132	4070	3800	7050	1438	9488	368	0	2138	20208	188	5042	3242	0	0	7110	194	5076	214	8224	726	23206	0	278	0	486	0	0	0	0	0	418	514	7356	76	438	0	0	880	94	0	0	436	3480	0	0	0	0	0	0	0	1198	0	0	184	2462	1212	6768	134	118	810	254	2448	9532	5686	13910	0	0	202	0	2152	330	398	0	128	316	7704	9916	720	0	182	380	
175112	Occipital_Sup_L	0	0	0	0	0	0	0	0	0	0	0	0	0	0	0	0	0	0	0	0	0	0	0	0	0	0	0	0	0	0	0	0	276	0	478	0	0	0	0	0	0	0	11792	0	19420	270	3226	0	0	0	28806	0	1114	0	244	0	608	0	8752	0	1400	0	0	0	0	0	9482	818	668	0	0	0	0	0	0	0	0	0	0	0	0	0	0	0	126	0	0	0	0	0	0	0	0	0	0	0	0	0	76	0	0	0	0	0	0	0	0	0	0	0	0	0	0	0	0	0	
405456	Occipital_Sup_R	0	488	0	0	0	0	0	0	0	0	0	0	0	0	0	0	0	0	0	446	0	0	0	0	0	0	0	0	0	0	0	0	104	2906	0	1740	0	0	0	0	0	0	2756	36452	3170	47172	0	7110	0	0	0	29478	0	726	0	406	0	1526	0	8412	0	1494	0	1320	0	10802	2282	25834	0	4484	0	0	0	0	0	0	0	0	0	0	0	560	0	0	0	8346	0	0	0	4714	0	0	0	0	0	0	0	0	0	0	0	0	0	0	0	0	0	0	0	0	0	0	0	0	0	0	
550088	Occipital_Mid_L	1816	0	0	0	0	0	80	0	0	0	0	0	0	0	0	0	952	0	0	0	0	0	0	0	0	0	0	0	1744	0	0	0	4480	0	786	0	412	0	284	0	0	0	19228	0	8988	0	22260	194	28806	0	0	0	29496	0	11418	0	4620	0	13966	0	18018	0	986	0	22860	0	14710	256	5132	0	0	0	0	0	0	0	0	70	706	0	2528	0	0	0	38138	0	0	0	17220	0	290	442	0	0	0	0	0	0	2212	490	0	0	0	0	0	0	0	0	0	0	90	856	510	0	0	0	
248680	Occipital_Mid_R	0	294	0	0	0	0	0	0	0	0	0	0	0	0	0	0	0	0	0	80	0	0	0	0	0	0	0	0	0	0	0	0	0	250	0	76	0	0	0	0	0	0	1032	18282	1170	16352	0	5076	0	29478	0	0	0	4478	0	1196	0	596	0	2922	0	1094	0	530	0	14316	250	6724	0	684	0	0	0	0	0	0	0	0	0	0	0	330	0	0	0	17016	0	0	0	2114	0	0	0	0	0	0	0	0	0	0	0	0	0	0	0	0	0	0	0	0	0	0	0	0	0	0	
211416	Occipital_Inf_L	394	0	0	0	0	0	0	0	0	0	0	0	0	0	0	0	130	0	0	0	0	0	0	0	0	0	0	0	852	0	0	0	292	0	600	0	484	0	214	0	0	0	4054	0	576	0	14646	214	1114	0	29496	0	0	0	16198	0	678	0	532	0	1056	0	340	0	714	0	2426	0	862	0	0	0	0	0	0	0	0	0	806	0	620	0	0	0	8694	0	0	0	11880	0	1628	592	94	0	0	0	100	0	2964	648	0	0	0	0	0	0	0	0	0	0	0	1082	728	0	0	0	
88260	Occipital_Inf_R	0	142	0	0	0	0	0	0	0	0	0	0	0	0	0	0	0	0	0	0	0	0	0	0	0	0	0	0	0	102	0	0	0	0	0	0	0	96	0	0	0	0	120	5448	0	506	194	8224	0	726	0	4478	0	0	0	9752	0	0	0	0	0	0	0	0	0	90	0	440	0	0	0	0	0	0	0	0	0	0	0	0	0	0	0	0	0	810	0	0	0	4100	0	688	0	0	0	0	332	1380	588	2632	0	0	0	0	428	0	136	0	0	0	1404	1222	92	0	0	0	
398292	Fusiform_L	450	72	102	102	0	0	78	0	0	0	0	0	0	0	78	0	108	0	204	0	122	0	0	0	0	0	0	0	3664	0	0	0	270	0	500	178	13538	234	5750	136	3694	0	986	0	74	0	19844	726	244	0	11418	0	16198	0	0	0	296	0	132	0	482	0	236	0	236	0	1388	140	264	0	286	0	2720	98	0	0	340	164	910	0	3504	0	2964	0	3072	0	1292	0	20136	0	26396	640	3576	0	256	0	13134	72	31298	720	802	0	1468	0	210	0	162	0	0	0	860	1392	730	0	0	0	
356540	Fusiform_R	278	3002	0	994	0	0	0	140	0	0	0	224	0	0	0	0	0	0	164	746	0	0	0	0	0	0	0	0	76	3050	0	0	0	480	950	1558	958	20508	160	16914	0	5986	0	4284	0	552	646	23206	0	406	0	1196	0	9752	0	0	0	472	0	102	0	138	0	408	0	154	0	1962	98	492	0	0	0	3804	0	100	254	1572	0	0	0	856	0	2294	0	1378	0	406	0	13480	140	13412	0	2154	132	314	682	8784	1602	16432	0	486	0	1978	858	70	232	0	0	130	3252	2976	436	0	0	0	
216416	Postcentral_L	21422	1628	4180	406	0	0	2362	412	0	0	2336	70	0	0	0	0	8092	0	1798	476	0	0	0	0	0	0	0	0	4882	0	0	0	740	0	78	0	532	74	0	0	0	0	0	0	0	0	0	0	608	0	4620	0	678	0	296	0	0	174	5640	0	17340	0	7518	0	1112	0	2242	0	6916	0	0	0	0	462	0	196	0	356	3036	0	4438	0	0	0	1842	0	0	0	1246	0	0	0	0	0	0	0	0	0	0	0	0	0	0	0	0	0	0	0	0	0	0	0	0	0	0	0	
226736	Postcentral_R	228	21796	0	1886	0	0	0	326	0	0	0	3446	0	352	0	0	0	4488	266	6702	0	0	0	0	0	0	0	0	120	5364	0	0	0	7296	74	1842	0	516	0	82	0	0	0	2042	0	1744	0	278	0	1526	0	596	0	0	0	472	174	0	0	4546	0	6480	0	12054	0	1654	0	4610	858	14478	0	0	0	834	0	0	0	96	0	784	0	3036	0	0	0	1660	0	0	0	662	0	0	0	0	0	0	0	0	0	0	0	0	0	0	0	0	0	0	0	0	0	0	0	0	0	0	
139576	Parietal_Sup_L	450	0	0	0	0	0	0	0	0	0	0	0	0	0	0	0	390	0	0	0	0	0	0	0	0	0	0	0	578	0	0	0	1456	0	0	0	0	0	0	0	0	0	152	0	2934	0	0	0	8752	0	13966	0	532	0	132	0	5640	0	0	0	9840	0	202	0	1056	0	15122	680	2598	0	0	0	0	0	0	0	0	0	0	0	878	0	0	0	3056	0	0	0	1374	0	0	0	0	0	0	0	0	0	0	0	0	0	0	0	0	0	0	0	0	0	0	0	0	0	0	0	
111608	Parietal_Sup_R	0	180	0	0	0	0	0	0	0	0	0	0	0	0	0	0	0	0	0	72	0	0	0	0	0	0	0	0	0	0	0	0	0	248	0	0	0	0	0	0	0	0	0	2716	160	6232	0	486	0	8412	0	2922	0	0	0	102	0	4546	0	0	0	7728	0	1814	0	6720	376	8704	0	2592	0	0	0	0	0	0	0	0	0	0	0	0	0	0	0	1062	0	0	0	732	0	0	0	0	0	0	0	0	0	0	0	0	0	0	0	0	0	0	0	0	0	0	0	0	0	0	
218288	Parietal_Inf_L	2892	98	0	0	0	0	264	0	0	0	136	0	0	0	0	0	1188	0	0	0	0	0	0	0	0	0	0	0	1080	0	0	0	442	0	0	0	0	0	0	0	0	0	116	0	84	0	0	0	1400	0	18018	0	1056	0	482	0	17340	0	9840	0	0	0	14452	0	21398	0	1532	0	1968	0	0	0	0	0	0	0	0	80	158	0	2912	0	0	0	7584	0	0	0	4624	0	0	0	0	0	0	0	0	0	0	0	0	0	0	0	0	0	0	0	0	0	0	0	0	0	0	0	
103344	Parietal_Inf_R	0	958	0	80	0	0	0	0	0	0	0	0	0	0	0	0	0	0	144	114	0	0	0	0	0	0	0	0	0	100	0	0	0	148	0	0	0	0	0	0	0	0	0	324	0	146	0	0	0	1494	0	1094	0	0	0	138	0	6480	0	7728	0	0	0	17340	0	10150	0	216	144	184	0	0	0	0	0	0	0	0	0	0	0	582	0	0	0	2866	0	0	0	1242	0	0	0	0	0	0	0	0	0	0	0	0	0	0	0	0	0	0	0	0	0	0	0	0	0	0	
101656	SupraMarginal_L	968	0	0	0	0	0	0	0	0	0	0	0	0	0	0	0	1808	0	0	0	0	0	0	0	0	0	0	0	156	0	0	0	0	0	0	0	0	0	0	0	0	0	0	0	0	0	0	0	0	0	986	0	340	0	236	0	7518	0	202	0	14452	0	0	0	7098	0	128	0	306	0	0	0	0	0	0	0	0	0	74	0	7588	0	0	0	6304	0	0	0	2664	0	0	0	0	0	0	0	0	0	0	0	0	0	0	0	0	0	0	0	0	0	0	0	0	0	0	0	
112140	SupraMarginal_R	0	1376	0	92	0	0	0	0	0	0	0	0	0	0	0	0	0	2430	144	104	0	0	0	0	0	0	0	0	0	386	0	0	0	438	0	0	0	0	0	0	0	0	0	296	0	86	0	0	0	1320	0	530	0	0	0	408	0	12054	0	1814	0	17340	0	0	0	6158	0	196	144	504	0	0	0	0	0	0	0	0	0	190	0	5312	0	0	0	3158	0	0	0	1590	0	0	0	0	0	0	0	0	0	0	0	0	0	0	0	0	0	0	0	0	0	0	0	0	0	0	
145564	Angular_L	698	0	0	0	0	0	70	0	0	0	0	0	0	0	0	0	550	0	0	0	0	0	0	0	0	0	0	0	588	0	0	0	472	0	0	0	0	0	0	0	0	0	154	0	70	0	0	0	0	0	22860	0	714	0	236	0	1112	0	1056	0	21398	0	7098	0	0	0	616	0	132	0	0	0	0	0	0	0	0	0	96	0	1868	0	0	0	10208	0	0	0	2786	0	0	0	0	0	0	0	0	0	0	0	0	0	0	0	0	0	0	0	0	0	0	0	0	0	0	0	
141372	Angular_R	0	220	0	0	0	0	0	0	0	0	0	0	0	0	0	0	0	0	0	116	0	0	0	0	0	0	0	0	0	74	0	0	0	206	0	136	0	0	0	0	0	0	0	2176	0	2528	0	418	0	10802	0	14316	0	90	0	154	0	1654	0	6720	0	10150	0	6158	0	0	124	2222	0	510	0	0	0	0	0	0	0	0	0	0	0	2240	0	0	0	8558	0	0	0	1114	0	0	0	0	0	0	0	0	0	0	0	0	0	0	0	0	0	0	0	0	0	0	0	0	0	0	
285780	Precuneus_L	252	0	0	0	0	0	0	0	0	0	0	0	0	0	0	0	176	0	0	174	0	0	0	0	0	0	0	0	236	0	0	0	8232	1566	5430	1624	4626	596	2762	386	0	0	14084	2374	11768	5086	7044	514	9482	2282	14710	250	2426	0	1388	0	2242	0	15122	376	1532	0	128	0	616	124	0	10266	3502	356	0	0	0	0	0	0	0	394	78	0	668	0	0	0	6120	174	0	0	3462	86	176	0	0	0	0	0	0	0	0	0	0	0	0	0	0	0	0	0	0	0	0	0	0	0	0	0	
399080	Precuneus_R	0	538	0	0	0	0	0	0	0	0	0	0	0	0	0	0	0	0	0	702	0	0	0	0	0	0	0	0	0	0	0	0	1232	9258	1332	13684	1316	3512	554	2910	0	0	930	32770	2280	36218	0	7356	818	25834	256	6724	0	440	140	1962	0	4610	680	8704	0	216	0	196	0	2222	10266	0	222	9418	0	0	0	0	0	0	0	1298	0	0	0	122	0	0	0	5102	0	0	0	3374	0	0	0	0	0	0	0	656	0	0	0	0	0	0	0	0	0	0	0	0	1688	0	0	0	0	0	
190396	Paracentral_Lobule_L	2356	2512	414	2328	0	0	130	0	0	0	0	0	0	0	0	0	216	0	12998	14736	0	0	0	0	0	0	0	0	374	0	0	0	4024	10806	2016	342	520	540	0	108	0	0	0	114	84	0	0	76	668	0	5132	0	862	0	264	98	6916	858	2598	0	1968	144	306	144	132	0	3502	222	0	8672	394	360	124	82	0	0	2456	1584	234	0	248	0	0	0	1452	0	0	0	1084	0	0	0	0	0	0	0	0	0	0	0	0	0	0	0	0	0	0	0	0	0	0	0	0	0	0	0	
227920	Paracentral_Lobule_R	110	6348	136	328	0	0	0	0	0	0	0	0	0	0	0	0	0	0	3146	21398	0	0	0	0	0	0	0	0	0	538	0	0	1080	21728	150	3428	0	406	0	0	0	0	0	3784	0	4668	0	438	0	4484	0	684	0	0	0	492	0	14478	0	2592	0	184	0	504	0	510	356	9418	8672	0	0	560	0	0	0	0	142	384	0	158	0	600	0	0	0	1424	0	0	0	632	0	0	0	0	0	0	0	0	0	0	0	0	0	0	0	0	0	0	0	0	0	0	0	0	0	0	
212656	Caudate_L	512	220	2136	2554	850	0	1494	3340	0	0	6924	1358	5120	3238	1484	0	2702	286	2198	1220	6314	4762	736	1170	0	0	630	0	14014	1414	3724	3520	686	114	0	0	750	138	0	0	90	0	0	0	0	0	0	0	0	0	0	0	0	0	286	0	0	0	0	0	0	0	0	0	0	0	0	0	394	0	0	6530	9856	2858	1102	0	6644	232	0	0	2182	0	2298	0	0	0	0	0	248	0	0	0	0	0	0	0	0	0	0	0	0	0	0	0	0	0	0	0	0	0	0	0	0	0	0	0	
221560	Caudate_R	1018	608	490	10088	0	1896	482	612	0	194	182	440	198	468	76	1002	198	476	1128	5514	3730	5182	0	5918	0	2772	0	702	3026	1636	1470	12932	0	952	0	0	706	452	0	74	70	0	0	0	0	0	0	0	0	0	0	0	0	0	0	0	0	0	0	0	0	0	0	0	0	0	0	0	360	560	6530	0	3688	15624	0	588	1218	17162	0	0	288	0	70	0	0	0	0	0	0	0	0	0	0	0	0	0	0	0	0	0	0	0	0	0	0	0	0	0	0	0	0	0	0	0	0	0	
250092	Putamen_L	3278	412	7794	1174	3100	0	3214	1002	752	0	1058	188	5968	216	9526	0	244	146	4262	626	2784	2336	1632	212	0	0	654	0	21066	714	3724	1240	1956	108	0	0	9932	294	2440	100	698	0	0	0	0	0	282	880	0	0	0	0	0	0	2720	0	0	0	0	0	0	0	0	0	0	0	0	0	124	0	9856	3688	0	2510	3834	0	5170	654	0	0	228	0	86	0	0	0	0	0	2164	0	0	0	0	0	0	0	0	0	0	0	0	0	0	0	0	0	0	0	0	0	0	0	0	0	0	0	
288620	Putamen_R	684	1162	2012	17344	0	2664	296	1452	0	190	264	3278	230	1322	0	2332	316	896	3704	11930	594	946	0	5260	0	3030	0	460	4090	14986	374	7512	0	604	158	158	962	14260	0	5918	0	2800	0	0	0	0	0	94	0	0	0	0	0	0	98	3804	462	834	0	0	0	0	0	0	0	0	0	0	82	0	2858	15624	2510	0	136	1420	264	2714	0	0	542	118	136	0	0	0	0	0	74	272	0	0	0	0	0	0	0	80	0	0	0	0	0	0	0	0	0	0	0	0	0	0	0	0	0	0	
38504	Pallidum_L	480	0	4028	152	0	0	2292	0	0	0	86	0	0	0	0	0	350	0	2214	440	0	0	0	0	0	0	0	0	818	0	0	0	706	128	0	0	504	0	0	0	0	0	0	0	0	0	0	0	0	0	0	0	0	0	0	0	0	0	0	0	0	0	0	0	0	0	0	0	0	0	1102	0	3834	136	0	0	1892	0	0	0	90	0	0	0	0	0	0	0	0	0	0	0	0	0	0	0	0	0	0	0	0	0	0	0	0	0	0	0	0	0	0	0	0	0	0	0	
11160	Pallidum_R	168	0	74	620	0	0	0	0	0	0	0	0	0	0	0	0	0	0	464	1196	0	0	0	0	0	0	0	0	0	0	0	0	0	0	0	0	0	414	0	340	0	0	0	0	0	0	0	0	0	0	0	0	0	0	0	100	196	0	0	0	0	0	0	0	0	0	0	0	0	0	0	588	0	1420	0	0	0	0	0	0	0	0	0	0	0	0	0	0	0	0	0	0	0	0	0	0	0	0	0	0	0	0	0	0	0	0	0	0	0	0	0	0	0	0	0	0	
115096	Thalamus_L	3962	2142	5276	2876	0	0	7096	0	0	0	0	0	0	0	0	0	118	0	2014	228	0	0	0	0	0	0	0	0	1496	0	0	72	0	0	0	134	4598	1120	590	470	0	0	0	0	0	0	518	436	0	0	0	0	0	0	340	254	0	0	0	0	0	0	0	0	0	0	0	0	2456	142	6644	1218	5170	264	1892	0	0	5230	96	0	212	0	0	0	162	0	0	0	322	0	0	0	0	0	0	0	0	0	0	0	0	0	0	0	0	0	0	0	0	0	0	0	0	0	0	0	
215104	Thalamus_R	3950	6780	310	21360	0	0	1036	94	0	0	92	0	78	0	0	220	0	0	1150	1600	0	0	0	118	0	0	0	0	882	352	0	736	0	186	5118	4840	6970	9886	844	4144	0	0	0	0	0	0	72	3480	0	0	70	0	0	0	164	1572	356	96	0	0	80	0	0	0	0	0	394	1298	1584	384	232	17162	654	2714	0	0	5230	0	850	0	138	0	0	0	0	0	0	0	80	0	0	0	0	0	0	0	0	196	0	0	0	0	0	0	0	0	0	0	0	0	0	0	0	0	0	0	
116804	Heschl_L	8880	114	1786	244	0	0	1002	0	0	0	898	0	0	0	0	0	7346	0	1026	0	0	0	0	0	0	0	0	0	11224	0	0	0	0	0	564	402	4374	616	0	110	0	0	0	0	0	0	0	0	0	0	706	0	806	0	910	0	3036	0	0	0	158	0	74	0	96	0	78	0	234	0	0	0	0	0	0	0	96	850	0	0	4002	0	0	0	4346	0	0	0	4350	0	74	0	0	0	0	0	0	0	0	0	0	0	0	0	0	0	0	0	0	0	0	0	0	0	0	0	
23712	Heschl_R	0	592	0	0	0	0	0	0	0	0	0	524	0	0	0	0	0	2762	0	176	0	0	0	0	0	0	0	0	0	1300	0	0	0	134	0	0	0	0	0	0	0	0	0	0	0	0	0	0	0	0	0	0	0	0	0	0	0	784	0	0	0	0	0	190	0	0	0	0	0	158	0	0	0	0	0	0	0	0	0	0	0	4192	0	0	0	1044	0	0	0	0	0	0	0	0	0	0	0	0	0	0	0	0	0	0	0	0	0	0	0	0	0	0	0	0	0	0	
231560	Temporal_Sup_L	2738	0	2652	848	0	0	1366	1194	0	0	5546	114	0	0	0	0	12870	0	2148	532	0	0	0	118	0	0	0	0	10616	0	0	212	436	0	78	0	2672	112	160	0	0	0	0	0	0	0	0	0	0	0	2528	0	620	0	3504	0	4438	0	878	0	2912	0	7588	0	1868	0	668	0	248	0	2182	288	228	542	90	0	212	138	4002	0	0	0	4980	0	20706	0	0	0	12564	0	104	0	0	0	0	0	0	0	80	0	0	0	0	0	0	0	0	0	0	0	0	0	0	0	0	0	
86040	Temporal_Sup_R	0	2446	0	282	0	0	0	0	0	0	0	692	0	0	0	0	0	4054	0	760	0	0	0	0	0	0	0	0	0	2204	0	90	0	484	0	0	0	136	0	0	0	0	0	0	0	0	0	0	0	560	0	330	0	0	0	856	0	3036	0	0	0	582	0	5312	0	2240	0	122	0	600	0	0	0	118	0	0	0	0	0	4192	0	0	0	1684	0	9066	0	102	0	3072	0	0	0	0	0	0	0	0	0	0	0	0	0	0	0	0	0	0	0	0	0	0	0	0	0	0	
92348	Temporal_Pole_Sup_L	0	0	810	834	308	0	0	1152	0	0	4502	118	0	0	552	0	4332	0	752	526	202	0	0	118	0	0	80	0	5168	0	0	186	0	0	0	0	106	0	164	0	140	0	0	0	0	0	0	0	0	0	0	0	0	0	2964	0	0	0	0	0	0	0	0	0	0	0	0	0	0	0	2298	70	86	136	0	0	0	0	0	0	4980	0	0	0	6270	0	2932	0	6388	0	0	0	0	0	0	0	0	0	0	0	0	0	0	0	0	0	0	0	0	0	0	0	0	0	0	0	
22208	Temporal_Pole_Sup_R	0	0	0	0	0	0	0	0	0	0	0	322	0	0	0	0	0	316	0	268	0	110	0	0	0	0	0	0	0	516	0	0	0	0	0	0	0	0	0	1112	0	994	0	0	0	0	0	0	0	0	0	0	0	0	0	2294	0	0	0	0	0	0	0	0	0	0	0	0	0	0	0	0	0	0	0	0	0	0	0	0	0	1684	0	0	0	664	0	1812	0	1012	0	0	0	0	0	0	0	0	0	0	0	0	0	0	0	0	0	0	0	0	0	0	0	0	0	0	
356100	Temporal_Mid_L	910	0	0	0	0	0	0	0	0	0	0	0	0	0	0	0	2674	0	0	0	0	0	0	0	0	0	0	0	1908	0	0	0	2522	0	200	0	754	0	0	0	0	0	2936	0	948	0	308	0	126	0	38138	0	8694	0	3072	0	1842	0	3056	0	7584	0	6304	0	10208	0	6120	0	1452	0	0	0	0	0	0	0	162	0	4346	0	20706	0	6270	0	0	0	3228	0	43582	0	0	0	0	0	0	0	0	0	0	0	0	0	0	0	0	0	0	0	0	0	0	0	0	0	0	0	
194024	Temporal_Mid_R	0	2516	0	74	0	0	0	0	0	0	0	0	0	0	0	0	0	0	0	522	0	0	0	0	0	0	0	0	0	896	0	0	0	764	0	546	0	366	0	0	0	0	158	5728	0	4728	0	1198	0	8346	0	17016	0	810	0	1378	0	1660	0	1062	0	2866	0	3158	0	8558	174	5102	0	1424	0	0	0	0	0	0	0	0	0	1044	0	9066	0	664	0	0	0	622	0	16566	0	0	0	0	0	0	0	0	0	0	0	0	0	0	0	0	0	0	0	0	0	0	0	0	0	0	
20528	Temporal_Pole_Mid_L	0	0	0	0	0	0	0	0	0	0	0	0	0	0	0	0	0	0	0	0	0	0	0	0	0	0	0	0	0	0	0	0	0	0	0	0	0	0	0	0	0	0	0	0	0	0	0	0	0	0	0	0	0	0	1292	0	0	0	0	0	0	0	0	0	0	0	0	0	0	0	0	0	0	0	0	0	0	0	0	0	0	0	2932	0	3228	0	0	0	2812	0	0	0	0	0	0	0	0	0	0	0	0	0	0	0	0	0	0	0	0	0	0	0	0	0	0	0	
7144	Temporal_Pole_Mid_R	0	0	0	0	0	0	0	0	0	0	0	0	0	0	0	0	0	0	0	0	0	0	0	0	0	0	0	0	0	0	0	0	0	0	0	0	0	0	0	138	0	0	0	0	0	0	0	0	0	0	0	0	0	0	0	406	0	0	0	0	0	0	0	0	0	0	0	0	0	0	0	0	0	0	0	0	0	0	0	0	0	102	0	1812	0	622	0	0	0	492	0	0	0	0	0	0	0	0	0	0	0	0	0	0	0	0	0	0	0	0	0	0	0	0	0	0	
347188	Temporal_Inf_L	870	172	74	150	0	0	122	0	0	0	0	0	0	0	0	0	1870	0	172	0	0	0	0	0	0	0	0	0	5564	0	0	0	1210	0	254	0	9678	0	1244	0	1212	0	2132	0	670	0	630	184	0	0	17220	0	11880	0	20136	0	1246	0	1374	0	4624	0	2664	0	2786	0	3462	0	1084	0	248	0	2164	74	0	0	322	80	4350	0	12564	0	6388	0	43582	0	2812	0	0	0	4448	0	458	0	202	0	470	0	1628	0	364	0	684	0	72	0	0	0	0	0	0	0	0	0	0	0	
157884	Temporal_Inf_R	0	2014	0	0	0	0	0	0	0	0	0	0	0	0	0	0	0	0	0	222	0	0	0	0	0	0	0	0	0	2060	0	0	0	442	0	186	0	1946	0	352	0	150	128	5808	0	3242	0	2462	0	4714	0	2114	0	4100	0	13480	0	662	0	732	0	1242	0	1590	0	1114	86	3374	0	632	0	0	0	272	0	0	0	0	0	0	0	3072	0	1012	0	16566	0	492	0	0	0	3118	0	278	0	0	0	0	0	138	0	350	0	720	0	0	0	0	0	0	0	72	0	0	0	0	
553864	Cerebelum_Crus1_L	0	0	0	0	0	0	0	0	0	0	0	0	0	0	0	0	0	0	0	0	0	0	0	0	0	0	0	0	0	0	0	0	0	0	98	0	164	0	0	0	0	0	178	0	0	0	7980	1212	0	0	290	0	1628	0	26396	140	0	0	0	0	0	0	0	0	0	0	176	0	0	0	0	0	0	0	0	0	0	0	74	0	104	0	0	0	0	0	0	0	4448	0	0	5714	44092	6592	4182	538	27870	836	66912	4492	15200	2006	18974	3884	4580	706	1716	118	770	2082	3772	5956	10662	1208	904	278	
510684	Cerebelum_Crus1_R	0	0	0	0	0	0	0	0	0	0	0	0	0	0	0	0	0	0	0	0	0	0	0	0	0	0	0	0	0	0	0	0	0	0	0	0	0	278	0	202	0	0	0	0	0	0	1712	6768	0	0	442	0	592	688	640	13412	0	0	0	0	0	0	0	0	0	0	0	0	0	0	0	0	0	0	0	0	0	0	0	0	0	0	0	0	0	0	0	0	0	3118	5714	0	3200	41086	0	4222	502	20864	5360	61030	1216	10118	1030	35688	770	4924	0	1058	568	2224	2410	10452	12234	1384	1304	132	
414764	Cerebelum_Crus2_L	0	0	0	0	0	0	0	0	0	0	0	0	0	0	0	0	0	0	0	0	0	0	0	0	0	0	0	0	0	0	0	0	0	0	0	0	0	0	0	0	0	0	0	0	0	0	516	134	0	0	0	0	94	0	3576	0	0	0	0	0	0	0	0	0	0	0	0	0	0	0	0	0	0	0	0	0	0	0	0	0	0	0	0	0	0	0	0	0	458	0	44092	3200	0	16430	1606	186	8526	342	18242	1420	34910	7316	30764	4484	4420	654	1184	164	332	716	1368	1510	16544	3138	858	198	
439980	Cerebelum_Crus2_R	0	0	0	0	0	0	0	0	0	0	0	0	0	0	0	0	0	0	0	0	0	0	0	0	0	0	0	0	0	0	0	0	0	0	0	0	0	0	0	0	0	0	0	0	0	0	118	118	0	0	0	0	0	0	0	2154	0	0	0	0	0	0	0	0	0	0	0	0	0	0	0	0	0	0	0	0	0	0	0	0	0	0	0	0	0	0	0	0	0	278	6592	41086	16430	0	0	534	0	3576	1810	15654	7538	33408	4704	48772	894	6126	0	370	0	94	0	2710	21738	4450	836	0	
61980	Cerebelum_3_L	0	0	0	0	0	0	0	0	0	0	0	0	0	0	0	0	0	0	0	0	0	0	0	0	0	0	0	0	0	0	0	0	0	0	0	0	0	0	0	0	0	0	0	0	0	0	454	810	0	0	0	0	0	0	256	132	0	0	0	0	0	0	0	0	0	0	0	0	0	0	0	0	0	0	0	0	0	0	0	0	0	0	0	0	0	0	0	0	202	0	4182	0	1606	0	0	100	8356	368	5998	496	628	0	412	0	1822	0	74	0	994	1544	1888	668	0	0	0	0	
57096	Cerebelum_3_R	0	0	0	0	0	0	0	0	0	0	0	0	0	0	0	0	0	0	0	0	0	0	0	0	0	0	0	0	0	0	0	0	0	0	0	0	0	0	0	0	0	0	0	0	0	0	214	254	0	0	0	0	0	0	0	314	0	0	0	0	0	0	0	0	0	0	0	0	0	0	0	0	0	0	0	0	0	0	0	0	0	0	0	0	0	0	0	0	0	0	538	4222	186	534	100	0	874	5622	810	5718	0	0	0	604	100	238	0	0	922	4198	2008	980	0	0	112	0	
305784	Cerebelum_4_5_L	0	0	0	0	0	0	0	0	0	0	0	0	0	0	0	0	0	0	0	0	0	0	0	0	0	0	0	0	0	0	0	0	0	0	0	0	0	0	0	0	0	0	0	0	0	0	10944	2448	0	0	0	0	100	332	13134	682	0	0	0	0	0	0	0	0	0	0	0	0	0	0	0	0	0	0	0	0	0	0	0	0	0	0	0	0	0	0	0	0	470	0	27870	502	8526	0	8356	874	0	3306	40324	2472	1658	0	1428	0	5766	676	162	0	1442	3520	13572	2462	0	0	542	1324	
229308	Cerebelum_4_5_R	0	0	0	0	0	0	0	0	0	0	0	0	0	0	0	0	0	0	0	0	0	0	0	0	0	0	0	0	0	0	0	0	0	0	0	398	80	1488	0	1820	0	0	0	0	0	0	1462	9532	0	0	0	0	0	1380	72	8784	0	0	0	0	0	0	0	0	0	0	0	656	0	0	0	0	0	80	0	0	0	196	0	0	0	0	0	0	0	0	0	0	0	0	836	20864	342	3576	368	5622	3306	0	2078	28476	0	326	72	3728	714	740	0	0	388	2722	11630	1772	442	0	126	578	
573296	Cerebelum_6_L	0	0	0	0	0	0	0	0	0	0	0	0	0	0	0	0	0	0	0	0	0	0	0	0	0	0	0	0	0	0	0	0	0	0	0	0	120	0	0	0	0	0	204	0	0	0	20256	5686	76	0	2212	0	2964	588	31298	1602	0	0	0	0	0	0	0	0	0	0	0	0	0	0	0	0	0	0	0	0	0	0	0	0	80	0	0	0	0	0	0	0	1628	0	66912	5360	18242	1810	5998	810	40324	2078	0	9650	6000	316	8628	2076	8644	1384	1848	154	916	2440	10936	15170	6380	1430	1412	1016	
473352	Cerebelum_6_R	0	0	0	0	0	0	0	0	0	0	0	0	0	0	0	0	0	0	0	0	0	0	0	0	0	0	0	0	0	0	0	0	0	0	0	0	0	124	0	220	0	0	0	0	0	0	2826	13910	0	0	490	0	648	2632	720	16432	0	0	0	0	0	0	0	0	0	0	0	0	0	0	0	0	0	0	0	0	0	0	0	0	0	0	0	0	0	0	0	0	0	138	4492	61030	1420	15654	496	5718	2472	28476	9650	0	578	3444	786	16150	3032	3262	562	994	1066	3200	7864	16480	8296	1276	1518	620	
297316	Cerebelum_7b_L	0	0	0	0	0	0	0	0	0	0	0	0	0	0	0	0	0	0	0	0	0	0	0	0	0	0	0	0	0	0	0	0	0	0	0	0	0	0	0	0	0	0	0	0	0	0	0	0	0	0	0	0	0	0	802	0	0	0	0	0	0	0	0	0	0	0	0	0	0	0	0	0	0	0	0	0	0	0	0	0	0	0	0	0	0	0	0	0	364	0	15200	1216	34910	7538	628	0	1658	0	6000	578	0	7390	40284	7756	6118	566	1230	126	0	0	0	510	7936	7268	580	0	
262636	Cerebelum_7b_R	0	0	0	0	0	0	0	0	0	0	0	0	0	0	0	0	0	0	0	0	0	0	0	0	0	0	0	0	0	0	0	0	0	0	0	0	0	0	0	0	0	0	0	0	0	0	0	0	0	0	0	0	0	0	0	486	0	0	0	0	0	0	0	0	0	0	0	0	0	0	0	0	0	0	0	0	0	0	0	0	0	0	0	0	0	0	0	0	0	350	2006	10118	7316	33408	0	0	0	326	316	3444	7390	0	5934	36228	636	5696	0	184	0	0	0	344	9848	6806	482	0	
351640	Cerebelum_8_L	0	0	0	0	0	0	0	0	0	0	0	0	0	0	0	0	0	0	0	0	0	0	0	0	0	0	0	0	0	0	0	0	0	0	0	0	0	0	0	0	0	0	0	0	0	0	86	202	0	0	0	0	0	0	1468	0	0	0	0	0	0	0	0	0	0	0	0	0	0	0	0	0	0	0	0	0	0	0	0	0	0	0	0	0	0	0	0	0	684	0	18974	1030	30764	4704	412	0	1428	72	8628	786	40284	5934	0	9476	20798	2796	3518	512	0	88	310	1554	6788	11202	3034	288	
433520	Cerebelum_8_R	0	0	0	0	0	0	0	0	0	0	0	0	0	0	0	0	0	0	0	0	0	0	0	0	0	0	0	0	0	0	0	0	0	0	0	0	0	0	0	0	0	0	0	0	0	0	0	0	0	0	0	0	0	0	0	1978	0	0	0	0	0	0	0	0	0	0	0	0	0	0	0	0	0	0	0	0	0	0	0	0	0	0	0	0	0	0	0	0	0	720	3884	35688	4484	48772	0	604	0	3728	2076	16150	7756	36228	9476	0	2096	15468	146	1278	0	246	82	2558	12346	9234	1762	0	
167552	Cerebelum_9_L	0	0	0	0	0	0	0	0	0	0	0	0	0	0	0	0	0	0	0	0	0	0	0	0	0	0	0	0	0	0	0	0	0	0	0	0	0	0	0	0	0	0	0	0	0	0	84	2152	0	0	0	0	0	428	210	858	0	0	0	0	0	0	0	0	0	0	0	0	0	0	0	0	0	0	0	0	0	0	0	0	0	0	0	0	0	0	0	0	72	0	4580	770	4420	894	1822	100	5766	714	8644	3032	6118	636	20798	2096	0	1170	5342	112	88	134	2612	4510	1450	1968	1508	688	
135424	Cerebelum_9_R	0	0	0	0	0	0	0	0	0	0	0	0	0	0	0	0	0	0	0	0	0	0	0	0	0	0	0	0	0	0	0	0	0	0	0	0	0	0	0	0	0	0	0	0	0	0	418	330	0	0	0	0	0	0	0	70	0	0	0	0	0	0	0	0	0	0	0	0	0	0	0	0	0	0	0	0	0	0	0	0	0	0	0	0	0	0	0	0	0	0	706	4924	654	6126	0	238	676	740	1384	3262	566	5696	2796	15468	1170	0	0	2244	406	280	1768	3298	2168	4884	5504	1936	
35316	Cerebelum_10_L	0	0	0	0	0	0	0	0	0	0	0	0	0	0	0	0	0	0	0	0	0	0	0	0	0	0	0	0	0	0	0	0	0	0	0	0	0	0	0	0	0	0	0	0	0	0	0	398	0	0	0	0	0	136	162	232	0	0	0	0	0	0	0	0	0	0	0	0	0	0	0	0	0	0	0	0	0	0	0	0	0	0	0	0	0	0	0	0	0	0	1716	0	1184	0	74	0	162	0	1848	562	1230	0	3518	146	5342	0	0	0	0	0	102	680	166	0	0	0	
20544	Cerebelum_10_R	0	0	0	0	0	0	0	0	0	0	0	0	0	0	0	0	0	0	0	0	0	0	0	0	0	0	0	0	0	0	0	0	0	0	0	0	0	0	0	0	0	0	0	0	0	0	0	0	0	0	0	0	0	0	0	0	0	0	0	0	0	0	0	0	0	0	0	0	0	0	0	0	0	0	0	0	0	0	0	0	0	0	0	0	0	0	0	0	0	0	118	1058	164	370	0	0	0	0	154	994	126	184	512	1278	112	2244	0	0	0	0	0	162	712	1036	1048	0	
29864	Vermis_1_2	0	0	0	0	0	0	0	0	0	0	0	0	0	0	0	0	0	0	0	0	0	0	0	0	0	0	0	0	0	0	0	0	0	0	0	0	0	0	0	0	0	0	0	0	0	0	102	128	0	0	0	0	0	0	0	0	0	0	0	0	0	0	0	0	0	0	0	0	0	0	0	0	0	0	0	0	0	0	0	0	0	0	0	0	0	0	0	0	0	0	770	568	332	0	994	922	1442	388	916	1066	0	0	0	0	88	406	0	0	0	4088	1504	728	0	94	224	172	
68388	Vermis_3	0	0	0	0	0	0	0	0	0	0	0	0	0	0	0	0	0	0	0	0	0	0	0	0	0	0	0	0	0	0	0	0	0	0	0	0	0	0	0	0	0	0	0	0	0	0	336	316	0	0	0	0	0	0	0	130	0	0	0	0	0	0	0	0	0	0	0	0	0	0	0	0	0	0	0	0	0	0	0	0	0	0	0	0	0	0	0	0	0	0	2082	2224	716	94	1544	4198	3520	2722	2440	3200	0	0	88	246	134	280	0	0	4088	0	4398	1098	0	70	158	112	
198404	Vermis_4_5	0	0	0	0	0	0	0	0	0	0	0	0	0	0	0	0	0	0	0	0	0	0	0	0	0	0	0	0	0	0	0	0	0	0	0	1488	0	972	0	472	0	0	0	196	0	72	6214	7704	0	0	90	0	0	1404	860	3252	0	0	0	0	0	0	0	0	0	0	0	1688	0	0	0	0	0	0	0	0	0	0	0	0	0	0	0	0	0	0	0	0	0	0	3772	2410	1368	0	1888	2008	13572	11630	10936	7864	0	0	310	82	2612	1768	102	0	1504	4398	0	5214	106	86	744	2416	
230012	Vermis_6	0	0	0	0	0	0	0	0	0	0	0	0	0	0	0	0	0	0	0	0	0	0	0	0	0	0	0	0	0	0	0	0	0	0	0	0	0	0	0	0	0	0	72	0	0	0	4640	9916	0	0	856	0	1082	1222	1392	2976	0	0	0	0	0	0	0	0	0	0	0	0	0	0	0	0	0	0	0	0	0	0	0	0	0	0	0	0	0	0	0	0	0	72	5956	10452	1510	2710	668	980	2462	1772	15170	16480	510	344	1554	2558	4510	3298	680	162	728	1098	5214	0	6674	1864	2562	2862	
276520	Vermis_7	0	0	0	0	0	0	0	0	0	0	0	0	0	0	0	0	0	0	0	0	0	0	0	0	0	0	0	0	0	0	0	0	0	0	0	0	0	0	0	0	0	0	0	0	0	0	1814	720	0	0	510	0	728	92	730	436	0	0	0	0	0	0	0	0	0	0	0	0	0	0	0	0	0	0	0	0	0	0	0	0	0	0	0	0	0	0	0	0	0	0	10662	12234	16544	21738	0	0	0	442	6380	8296	7936	9848	6788	12346	1450	2168	166	712	0	0	106	6674	0	6324	2182	234	
