data	data	491436	292368	808248	889660	166452	53904	477376	266308	94576	17744	384068	327132	334116	172188	159096	53200	253692	150488	700524	714240	63564	63612	423988	530240	29240	93068	71076	50680	555836	370236	298256	635232	148496	568304	150156	164680	171556	234824	37024	90260	25372	54680	183888	281104	164528	238720	248004	206312	178612	261304	477232	138360	142488	26384	271348	298352	182972	223340	135936	110924	220376	87784	107892	111816	144744	67220	274740	310088	203892	238540	286536	425352	243644	261028	48812	32260	129080	146928	73744	18380	235184	67228	104392	49356	290096	167188	24992	39380	238736	193080	354348	374396	252200	253136	29176	30532	258044	146000	382404	352612	192948	88116	225052	227188	70972	106644	7812	1904	19600	32572	226280	204568	169144	93700	83032	14200	
data	data	Precentral_L	Precentral_R	Frontal_Sup_L	Frontal_Sup_R	Frontal_Sup_Orb_L	Frontal_Sup_Orb_R	Frontal_Mid_L	Frontal_Mid_R	Frontal_Mid_Orb_L	Frontal_Mid_Orb_R	Frontal_Inf_Oper_L	Frontal_Inf_Oper_R	Frontal_Inf_Tri_L	Frontal_Inf_Tri_R	Frontal_Inf_Orb_L	Frontal_Inf_Orb_R	Rolandic_Oper_L	Rolandic_Oper_R	Supp_Motor_Area_L	Supp_Motor_Area_R	Olfactory_L	Olfactory_R	Frontal_Sup_Medial_L	Frontal_Sup_Medial_R	Frontal_Med_Orb_L	Frontal_Med_Orb_R	Rectus_L	Rectus_R	Insula_L	Insula_R	Cingulum_Ant_L	Cingulum_Ant_R	Cingulum_Mid_L	Cingulum_Mid_R	Cingulum_Post_L	Cingulum_Post_R	Hippocampus_L	Hippocampus_R	ParaHippocampal_L	ParaHippocampal_R	Amygdala_L	Amygdala_R	Calcarine_L	Calcarine_R	Cuneus_L	Cuneus_R	Lingual_L	Lingual_R	Occipital_Sup_L	Occipital_Sup_R	Occipital_Mid_L	Occipital_Mid_R	Occipital_Inf_L	Occipital_Inf_R	Fusiform_L	Fusiform_R	Postcentral_L	Postcentral_R	Parietal_Sup_L	Parietal_Sup_R	Parietal_Inf_L	Parietal_Inf_R	SupraMarginal_L	SupraMarginal_R	Angular_L	Angular_R	Precuneus_L	Precuneus_R	Paracentral_Lobule_L	Paracentral_Lobule_R	Caudate_L	Caudate_R	Putamen_L	Putamen_R	Pallidum_L	Pallidum_R	Thalamus_L	Thalamus_R	Heschl_L	Heschl_R	Temporal_Sup_L	Temporal_Sup_R	Temporal_Pole_Sup_L	Temporal_Pole_Sup_R	Temporal_Mid_L	Temporal_Mid_R	Temporal_Pole_Mid_L	Temporal_Pole_Mid_R	Temporal_Inf_L	Temporal_Inf_R	Cerebelum_Crus1_L	Cerebelum_Crus1_R	Cerebelum_Crus2_L	Cerebelum_Crus2_R	Cerebelum_3_L	Cerebelum_3_R	Cerebelum_4_5_L	Cerebelum_4_5_R	Cerebelum_6_L	Cerebelum_6_R	Cerebelum_7b_L	Cerebelum_7b_R	Cerebelum_8_L	Cerebelum_8_R	Cerebelum_9_L	Cerebelum_9_R	Cerebelum_10_L	Cerebelum_10_R	Vermis_1_2	Vermis_3	Vermis_4_5	Vermis_6	Vermis_7	Vermis_8	Vermis_9	Vermis_10	
491436	Precentral_L	0	7940	9514	530	0	0	18910	0	0	0	23124	354	1822	0	0	0	12272	0	10654	14078	0	0	280	0	0	0	0	0	10164	398	932	0	1188	6508	5436	964	8192	638	134	0	0	0	0	0	0	0	0	0	0	0	252	0	0	0	374	0	23908	696	0	0	3364	0	1866	0	462	0	228	298	25522	4756	3688	724	6920	84	5470	0	21118	512	5792	0	3526	0	1640	0	300	0	0	0	186	0	0	0	0	0	0	0	0	0	0	0	0	0	0	0	0	0	0	0	0	0	0	0	0	0	0	0	
292368	Precentral_R	7940	0	2206	15840	0	0	380	4792	0	0	518	5022	0	434	0	0	0	3792	5262	15466	0	0	0	0	0	0	0	0	0	1984	0	0	134	4560	568	918	0	5334	0	562	0	0	0	0	0	0	0	0	0	0	0	0	0	0	0	672	252	11736	0	134	98	804	0	1632	0	0	0	414	9034	4590	3282	11370	0	2354	522	688	1932	20220	0	0	0	150	0	0	0	0	0	0	0	588	0	0	0	0	0	0	0	0	0	0	0	0	0	0	0	0	0	0	0	0	0	0	0	0	0	0	
808248	Frontal_Sup_L	9514	2206	0	15166	7276	0	65580	176	2318	0	13412	1096	21418	0	3948	0	8646	1040	77832	8900	0	0	41734	12072	732	776	98	0	27078	1564	17758	11084	3998	2824	0	0	690	580	0	88	0	0	0	0	0	0	0	0	0	0	0	0	0	0	0	0	2838	1610	0	0	0	504	0	672	0	0	0	0	614	94	7370	4886	17034	1144	2552	172	506	536	262	0	2348	0	1378	0	0	0	0	0	0	0	0	0	0	0	0	0	0	0	0	0	0	0	0	0	0	0	0	0	0	0	0	0	0	0	0	0	
889660	Frontal_Sup_R	530	15840	15166	0	0	3046	2482	42512	0	136	328	16754	814	11248	0	1330	0	11868	19514	36340	0	0	19156	57602	0	4212	0	116	728	20344	4294	59566	3920	30134	0	0	0	1124	0	80	0	0	0	0	0	0	0	0	0	0	0	0	0	0	0	0	0	768	0	0	0	0	0	0	0	0	0	0	370	0	1384	31624	0	17626	0	1088	0	11186	0	202	0	390	0	1008	0	0	0	0	0	0	0	0	0	0	0	0	0	0	0	0	0	0	0	0	0	0	0	0	0	0	0	0	0	0	0	0	
166452	Frontal_Sup_Orb_L	0	0	7276	0	0	0	2304	0	14608	0	548	0	1914	0	11808	0	138	0	390	0	1892	824	2708	0	4492	0	7144	286	9480	0	6506	434	0	0	0	0	136	0	0	0	138	0	0	0	0	0	0	0	0	0	0	0	0	0	0	0	0	0	0	0	0	0	0	0	0	0	0	0	0	0	1190	454	7812	0	0	0	0	0	0	0	0	0	744	0	0	0	0	0	0	0	0	0	0	0	0	0	0	0	0	0	0	0	0	0	0	0	0	0	0	0	0	0	0	0	0	0	
53904	Frontal_Sup_Orb_R	0	0	0	3046	0	0	0	0	0	2072	0	0	0	0	0	1494	0	0	0	90	96	282	0	2608	90	6050	88	5314	0	408	0	270	0	0	0	0	0	0	0	0	0	0	0	0	0	0	0	0	0	0	0	0	0	0	0	0	0	0	0	0	0	0	0	0	0	0	0	0	0	0	96	1084	0	3864	0	0	0	0	0	0	0	0	0	0	0	0	0	0	0	0	0	0	0	0	0	0	0	0	0	0	0	0	0	0	0	0	0	0	0	0	0	0	0	0	0	0	
477376	Frontal_Mid_L	18910	380	65580	2482	2304	0	0	0	2224	0	23532	768	36704	0	4072	0	3430	182	12708	1752	0	0	18788	3396	0	0	0	0	18764	634	5702	2040	2358	1656	0	0	274	0	0	0	0	0	0	0	0	0	0	0	0	0	0	0	0	0	0	0	1840	0	0	0	0	0	0	0	0	0	0	0	506	0	562	498	1894	262	1016	0	354	80	180	0	1802	0	1054	0	0	0	0	0	0	0	0	0	0	0	0	0	0	0	0	0	0	0	0	0	0	0	0	0	0	0	0	0	0	0	0	0	
266308	Frontal_Mid_R	0	4792	176	42512	0	0	0	0	0	968	0	13858	0	19068	0	2032	0	7752	1556	5788	0	0	1304	6174	0	148	0	0	0	7026	108	3186	0	6218	0	0	0	524	0	0	0	0	0	0	0	0	0	0	0	0	0	0	0	0	0	0	0	640	0	0	0	0	0	0	0	0	0	0	0	0	0	1600	0	5270	0	734	0	614	0	144	0	354	0	608	0	0	0	0	0	0	0	0	0	0	0	0	0	0	0	0	0	0	0	0	0	0	0	0	0	0	0	0	0	0	0	0	
94576	Frontal_Mid_Orb_L	0	0	2318	0	14608	0	2224	0	0	0	0	0	2024	0	12274	0	0	0	0	0	158	148	0	0	366	0	3258	0	5042	0	786	0	0	0	0	0	0	0	0	0	0	0	0	0	0	0	0	0	0	0	0	0	0	0	0	0	0	0	0	0	0	0	0	0	0	0	0	0	0	0	432	178	3392	0	0	0	0	0	0	0	0	0	80	0	0	0	0	0	0	0	0	0	0	0	0	0	0	0	0	0	0	0	0	0	0	0	0	0	0	0	0	0	0	0	0	0	
17744	Frontal_Mid_Orb_R	0	0	0	136	0	2072	0	968	0	0	0	0	0	1228	0	3032	0	0	0	0	0	0	0	136	0	358	0	88	0	170	0	0	0	0	0	0	0	0	0	0	0	0	0	0	0	0	0	0	0	0	0	0	0	0	0	0	0	0	0	0	0	0	0	0	0	0	0	0	0	0	0	84	0	600	0	0	0	0	0	0	0	0	0	0	0	0	0	0	0	0	0	0	0	0	0	0	0	0	0	0	0	0	0	0	0	0	0	0	0	0	0	0	0	0	0	0	
384068	Frontal_Inf_Oper_L	23124	518	13412	328	548	0	23532	0	0	0	0	9768	18288	0	922	0	12984	178	10024	1742	0	0	1346	442	0	0	0	0	20184	8624	1548	134	0	238	0	0	806	660	0	0	0	0	0	0	0	0	0	0	0	0	0	0	0	0	0	0	4462	0	0	0	0	0	0	0	0	0	0	84	110	124	13202	2884	4472	1432	2784	0	514	92	600	0	6268	0	5656	0	0	0	0	0	0	0	0	0	0	0	0	0	0	0	0	0	0	0	0	0	0	0	0	0	0	0	0	0	0	0	0	0	
327132	Frontal_Inf_Oper_R	354	5022	1096	16754	0	0	768	13858	0	0	9768	0	3956	11214	0	810	1190	5146	3614	11998	0	0	430	5832	0	148	0	0	3272	28678	538	9412	0	7568	0	0	0	290	0	156	0	0	0	0	0	0	0	0	0	0	0	0	0	0	0	124	0	1036	0	0	0	0	0	0	0	0	0	0	0	0	7712	7598	188	2048	0	0	0	200	0	0	746	82	620	1340	0	0	0	0	0	0	0	0	0	0	0	0	0	0	0	0	0	0	0	0	0	0	0	0	0	0	0	0	0	0	0	0	
334116	Frontal_Inf_Tri_L	1822	0	21418	814	1914	0	36704	0	2024	0	18288	3956	0	0	11172	0	192	0	6402	570	0	0	7022	1304	0	0	0	0	33094	3050	5456	632	970	154	0	0	84	0	0	0	0	0	0	0	0	0	0	0	0	0	0	0	0	0	0	0	0	0	0	0	0	0	0	0	0	0	0	0	0	0	6390	838	1736	78	0	0	0	0	0	0	0	0	974	0	0	0	0	0	0	0	0	0	0	0	0	0	0	0	0	0	0	0	0	0	0	0	0	0	0	0	0	0	0	0	0	0	
172188	Frontal_Inf_Tri_R	0	434	0	11248	0	0	0	19068	0	1228	0	11214	0	0	0	7278	0	266	1506	6400	0	0	806	4634	0	0	0	0	0	9516	0	4588	0	6434	0	0	0	0	0	0	0	0	0	0	0	0	0	0	0	0	0	0	0	0	0	0	0	210	0	0	0	0	0	0	0	0	0	0	0	0	0	736	0	528	0	0	0	0	0	0	0	0	0	0	0	0	0	0	0	0	0	0	0	0	0	0	0	0	0	0	0	0	0	0	0	0	0	0	0	0	0	0	0	0	0	0	
159096	Frontal_Inf_Orb_L	0	0	3948	0	11808	0	4072	0	12274	0	922	0	11172	0	0	0	96	0	864	0	1230	350	620	204	0	0	1234	90	20924	0	938	140	0	0	0	0	200	0	0	0	134	0	0	0	0	0	0	0	0	0	0	0	0	0	0	0	0	0	0	0	0	0	0	0	0	0	0	0	0	0	626	224	5974	0	0	0	0	0	0	0	0	0	1504	0	0	0	0	0	0	0	0	0	0	0	0	0	0	0	0	0	0	0	0	0	0	0	0	0	0	0	0	0	0	0	0	0	
53200	Frontal_Inf_Orb_R	0	0	0	1330	0	1494	0	2032	0	3032	0	810	0	7278	0	0	0	0	274	306	0	130	0	672	0	350	0	360	0	5394	0	402	0	116	0	0	0	0	0	0	0	0	0	0	0	0	0	0	0	0	0	0	0	0	0	0	0	0	0	0	0	0	0	0	0	0	0	0	0	0	0	832	0	1788	0	0	0	0	0	0	0	0	0	0	0	0	0	0	0	0	0	0	0	0	0	0	0	0	0	0	0	0	0	0	0	0	0	0	0	0	0	0	0	0	0	0	
253692	Rolandic_Oper_L	12272	0	8646	0	138	0	3430	0	0	0	12984	1190	192	0	96	0	0	154	8112	0	0	0	0	0	0	0	0	0	20978	1192	112	0	126	0	0	0	1090	202	0	0	0	0	0	0	0	0	0	0	0	0	1524	0	112	0	1034	0	12078	0	420	0	924	0	1248	0	298	0	612	0	0	0	2814	790	4970	524	204	0	272	0	6510	0	12766	0	4270	0	1746	0	0	0	2816	0	0	0	0	0	0	0	0	0	0	0	0	0	0	0	0	0	0	0	0	0	0	0	0	0	0	0	
150488	Rolandic_Oper_R	0	3792	1040	11868	0	0	182	7752	0	0	178	5146	0	266	0	0	154	0	1292	4268	0	0	0	208	0	0	0	0	168	18030	0	390	0	598	0	96	0	860	0	138	0	0	0	0	0	0	0	0	0	0	0	0	0	0	0	148	0	4682	0	128	0	0	0	1884	0	0	0	0	0	470	400	782	78	4228	0	78	0	804	0	1372	138	2082	0	1440	0	0	0	0	0	104	0	0	0	0	0	0	0	0	0	0	0	0	0	0	0	0	0	0	0	0	0	0	0	0	0	0	
700524	Supp_Motor_Area_L	10654	5262	77832	19514	390	0	12708	1556	0	0	10024	3614	6402	1506	864	274	8112	1292	0	50528	0	0	5702	9270	0	420	0	0	12848	2954	7614	13546	6258	21676	446	866	610	852	0	130	0	0	0	0	0	0	0	0	0	0	0	0	0	0	0	104	2836	2066	0	0	0	636	0	896	0	0	0	0	7952	822	8076	9702	12728	1870	2700	1214	566	764	258	0	2056	0	1136	156	0	0	0	0	0	0	0	0	0	0	0	0	0	0	0	0	0	0	0	0	0	0	0	0	0	0	0	0	0	0	0	0	
714240	Supp_Motor_Area_R	14078	15466	8900	36340	0	90	1752	5788	0	0	1742	11998	570	6400	0	306	0	4268	50528	0	0	0	3000	14754	0	494	0	0	516	6304	2930	19698	4336	59284	1144	4986	0	1000	0	172	0	0	0	670	0	492	0	102	0	152	0	0	0	0	0	522	0	7834	0	826	92	296	80	1168	0	0	0	3170	17036	22878	3020	12286	0	2980	386	1436	1218	724	0	96	0	208	0	592	0	1122	0	0	0	766	0	0	0	0	0	0	0	0	0	0	0	0	0	0	0	0	0	0	0	0	124	0	0	0	0	0	
63564	Olfactory_L	0	0	0	0	1892	96	0	0	158	0	0	0	0	0	1230	0	0	0	0	0	0	5786	0	0	0	100	4598	2324	1634	0	2824	2042	0	0	0	0	0	0	162	0	158	0	0	0	0	0	0	0	0	0	0	0	0	0	0	0	0	0	0	0	0	0	0	0	0	0	0	0	0	0	6100	1802	418	0	0	0	0	0	0	0	0	0	458	0	0	0	0	0	0	0	0	0	0	0	0	0	0	0	0	0	0	0	0	0	0	0	0	0	0	0	0	0	0	0	0	0	
63612	Olfactory_R	0	0	0	0	824	282	0	0	148	0	0	0	0	0	350	130	0	0	0	0	5786	0	0	0	0	126	4150	2906	0	796	2456	2198	0	0	0	0	0	130	0	0	0	526	0	0	0	0	0	0	0	0	0	0	0	0	0	0	0	0	0	0	0	0	0	0	0	0	0	0	0	0	6908	3624	202	264	0	0	0	0	0	0	0	0	0	0	0	0	0	0	0	0	0	0	0	0	0	0	0	0	0	0	0	0	0	0	0	0	0	0	0	0	0	0	0	0	0	0	
423988	Frontal_Sup_Medial_L	280	0	41734	19156	2708	0	18788	1304	0	0	1346	430	7022	806	620	0	0	0	5702	3000	0	0	0	32614	2208	1528	106	0	6704	218	19698	21474	3192	17010	0	0	0	0	0	0	0	0	0	0	0	0	0	0	0	0	0	0	0	0	0	0	0	0	0	0	0	0	0	0	0	0	0	0	0	0	636	770	2294	646	0	0	0	0	0	0	0	0	0	0	0	0	0	0	0	0	0	0	0	0	0	0	0	0	0	0	0	0	0	0	0	0	0	0	0	0	0	0	0	0	0	0	
530240	Frontal_Sup_Medial_R	0	0	12072	57602	0	2608	3396	6174	0	136	442	5832	1304	4634	204	672	0	208	9270	14754	0	0	32614	0	108	6342	0	220	1584	5812	4560	43486	996	23294	0	0	0	0	0	0	0	0	0	0	0	0	0	0	0	0	0	0	0	0	0	0	0	0	0	0	0	0	0	0	0	0	0	0	0	0	1024	18094	262	7334	0	0	0	82	0	0	0	0	0	0	0	0	0	0	0	0	0	0	0	0	0	0	0	0	0	0	0	0	0	0	0	0	0	0	0	0	0	0	0	0	0	0	
29240	Frontal_Med_Orb_L	0	0	732	0	4492	90	0	0	366	0	0	0	0	0	0	0	0	0	0	0	0	0	2208	108	0	448	1280	0	0	0	4638	0	0	0	0	0	0	0	0	0	0	0	0	0	0	0	0	0	0	0	0	0	0	0	0	0	0	0	0	0	0	0	0	0	0	0	0	0	0	0	0	0	258	0	0	0	0	0	0	0	0	0	0	0	0	0	0	0	0	0	0	0	0	0	0	0	0	0	0	0	0	0	0	0	0	0	0	0	0	0	0	0	0	0	0	0	
93068	Frontal_Med_Orb_R	0	0	776	4212	0	6050	0	148	0	358	0	148	0	0	0	350	0	0	420	494	100	126	1528	6342	448	0	0	4326	0	258	900	6448	0	232	0	0	0	0	0	0	0	0	0	0	0	0	0	0	0	0	0	0	0	0	0	0	0	0	0	0	0	0	0	0	0	0	0	0	0	0	138	5746	0	6986	0	0	0	0	0	0	0	0	0	0	0	0	0	0	0	0	0	0	0	0	0	0	0	0	0	0	0	0	0	0	0	0	0	0	0	0	0	0	0	0	0	0	
71076	Rectus_L	0	0	98	0	7144	88	0	0	3258	0	0	0	0	0	1234	0	0	0	0	0	4598	4150	106	0	1280	0	0	1994	352	0	4054	1434	0	0	0	0	0	0	0	0	0	0	0	0	0	0	0	0	0	0	0	0	0	0	0	0	0	0	0	0	0	0	0	0	0	0	0	0	0	0	4076	1252	242	0	0	0	0	0	0	0	0	0	178	0	0	0	0	0	0	0	0	0	0	0	0	0	0	0	0	0	0	0	0	0	0	0	0	0	0	0	0	0	0	0	0	0	
50680	Rectus_R	0	0	0	116	286	5314	0	0	0	88	0	0	0	0	90	360	0	0	0	0	2324	2906	0	220	0	4326	1994	0	0	0	1238	2468	0	0	0	0	0	0	0	0	0	0	0	0	0	0	0	0	0	0	0	0	0	0	0	0	0	0	0	0	0	0	0	0	0	0	0	0	0	0	1856	1416	0	338	0	0	0	0	0	0	0	0	0	0	0	0	0	0	0	0	0	0	0	0	0	0	0	0	0	0	0	0	0	0	0	0	0	0	0	0	0	0	0	0	0	0	
555836	Insula_L	10164	0	27078	728	9480	0	18764	0	5042	0	20184	3272	33094	0	20924	0	20978	168	12848	516	1634	0	6704	1584	0	0	352	0	0	3008	6308	710	310	206	452	272	7256	496	504	0	1350	0	0	0	0	0	0	0	0	0	286	0	0	0	952	0	3514	0	78	0	356	0	232	0	0	0	130	0	138	0	9790	1634	17196	420	0	0	1796	202	5996	0	9712	0	6418	0	1962	0	100	0	2620	0	0	0	0	0	0	0	0	0	0	0	0	0	0	0	0	0	0	0	0	0	0	0	0	0	0	0	
370236	Insula_R	398	1984	1564	20344	0	408	634	7026	0	170	8624	28678	3050	9516	0	5394	1192	18030	2954	6304	0	796	218	5812	0	258	0	0	3008	0	424	10606	0	1332	0	80	0	2438	0	270	0	384	0	0	0	0	0	0	0	0	0	0	0	0	0	1092	0	536	0	0	0	0	0	178	0	0	0	80	0	78	7372	8954	184	13502	0	316	0	744	0	1800	748	2892	624	1896	0	1070	0	128	0	1028	0	0	0	0	0	0	0	0	0	0	0	0	0	0	0	0	0	0	0	0	0	0	0	0	0	0	
298256	Cingulum_Ant_L	932	0	17758	4294	6506	0	5702	108	786	0	1548	538	5456	0	938	0	112	0	7614	2930	2824	2456	19698	4560	4638	900	4054	1238	6308	424	0	16512	4530	5878	454	0	0	0	0	0	0	0	0	0	0	0	0	0	0	0	0	0	0	0	0	0	0	0	0	0	0	0	0	0	0	0	0	0	0	0	7720	3234	7196	1198	0	0	0	0	0	0	0	0	84	0	0	0	0	0	0	0	0	0	0	0	0	0	0	0	0	0	0	0	0	0	0	0	0	0	0	0	0	0	0	0	0	0	
635232	Cingulum_Ant_R	0	0	11084	59566	434	270	2040	3186	0	0	134	9412	632	4588	140	402	0	390	13546	19698	2042	2198	21474	43486	0	6448	1434	2468	710	10606	16512	0	4610	34034	0	0	0	124	0	0	0	0	0	0	0	0	0	0	0	0	0	0	0	0	0	0	0	0	0	0	0	0	0	0	0	0	0	0	0	0	3676	30776	368	10998	0	0	0	130	0	0	0	0	0	0	0	0	0	0	0	0	0	0	0	0	0	0	0	0	0	0	0	0	0	0	0	0	0	0	0	0	0	0	0	0	0	0	
148496	Cingulum_Mid_L	1188	134	3998	3920	0	0	2358	0	0	0	0	0	970	0	0	0	126	0	6258	4336	0	0	3192	996	0	0	0	0	310	0	4530	4610	0	9126	6490	856	0	0	0	0	0	0	356	0	916	136	0	0	1786	136	2116	0	78	0	156	0	1078	0	290	0	232	0	186	0	148	0	6392	374	5592	432	0	0	0	0	0	0	0	0	0	0	90	0	0	0	252	0	0	0	104	0	0	0	0	0	0	0	0	0	0	0	0	0	0	0	0	0	0	0	0	0	0	0	0	0	0	0	
568304	Cingulum_Mid_R	6508	4560	2824	30134	0	0	1656	6218	0	0	238	7568	154	6434	0	116	0	598	21676	59284	0	0	17010	23294	0	232	0	0	206	1332	5878	34034	9126	0	1174	6728	0	308	0	0	0	0	0	466	0	612	0	0	0	240	0	0	0	0	0	386	78	4254	0	410	0	0	0	316	0	0	532	3100	9136	14226	370	500	0	510	0	0	186	0	0	0	0	180	0	106	0	692	0	0	0	562	0	0	0	0	0	0	0	0	0	0	0	0	0	0	0	0	0	0	0	0	0	0	0	0	0	0	
150156	Cingulum_Post_L	5436	568	0	0	0	0	0	0	0	0	0	0	0	0	0	0	0	0	446	1144	0	0	0	0	0	0	0	0	452	0	454	0	6490	1174	0	9058	7058	4756	1802	438	0	0	3602	0	1182	0	798	468	142	0	544	0	116	0	944	152	1112	274	0	0	0	0	0	0	0	0	9146	1666	9230	1016	0	0	0	0	0	0	3190	1504	508	0	0	0	0	0	128	0	0	0	80	0	0	0	0	0	0	0	0	0	0	0	0	0	0	0	0	0	0	0	0	0	0	0	0	0	0	0	
164680	Cingulum_Post_R	964	918	0	0	0	0	0	0	0	0	0	0	0	0	0	0	0	96	866	4986	0	0	0	0	0	0	0	0	272	80	0	0	856	6728	9058	0	4186	8412	442	1290	0	0	0	2360	0	1072	92	2400	0	920	0	0	0	0	0	2328	0	1746	0	1270	0	0	0	318	0	0	1032	11888	1122	5248	0	0	0	0	0	0	4682	2446	390	0	0	290	0	0	0	110	0	0	0	2938	0	0	0	0	0	0	0	0	0	0	0	0	0	0	0	0	0	0	0	0	534	0	0	0	0	0	
171556	Hippocampus_L	8192	0	690	0	136	0	274	0	0	0	806	0	84	0	200	0	1090	0	610	0	0	0	0	0	0	0	0	0	7256	0	0	0	0	0	7058	4186	0	3214	6658	340	5256	0	1896	0	0	0	1086	474	0	0	0	0	0	0	6226	0	680	0	0	0	0	0	0	0	0	0	3060	1194	576	0	170	0	7274	0	0	0	5260	472	1714	0	766	0	540	0	438	0	334	0	7568	0	0	0	0	0	0	0	0	0	0	0	0	0	0	0	0	0	0	0	0	0	0	0	0	0	0	0	
234824	Hippocampus_R	638	5334	580	1124	0	0	0	524	0	0	660	290	0	0	0	0	202	860	852	1000	0	130	0	0	0	0	0	0	496	2438	0	124	0	308	4756	8412	3214	0	344	12266	0	7006	0	368	0	0	0	1866	0	0	0	0	0	0	0	20326	140	530	0	0	0	0	0	98	0	0	0	4008	462	858	680	742	0	8156	0	1064	3176	5260	314	544	106	966	132	518	0	752	0	1344	0	13330	0	0	0	0	0	0	0	0	0	0	0	0	0	0	0	0	0	0	0	0	114	0	0	0	0	0	
37024	ParaHippocampal_L	134	0	0	0	0	0	0	0	0	0	0	0	0	0	0	0	0	0	0	0	162	0	0	0	0	0	0	0	504	0	0	0	0	0	1802	442	6658	344	0	0	2022	0	860	0	0	0	914	0	0	0	0	0	0	0	2230	0	0	0	0	0	0	0	0	0	0	0	1436	140	0	0	0	0	114	0	0	0	274	0	0	0	0	0	126	0	0	0	0	0	244	0	0	0	0	0	0	0	106	0	0	0	0	0	0	0	0	0	0	0	0	0	0	0	0	0	0	0	
90260	ParaHippocampal_R	0	562	88	80	0	0	0	0	0	0	0	156	0	0	0	0	0	138	130	172	0	0	0	0	0	0	0	0	0	270	0	0	0	0	438	1290	340	12266	0	0	0	5204	0	718	0	0	0	1162	0	0	0	0	0	0	0	11720	0	152	0	0	0	0	0	0	0	0	0	1620	0	298	0	0	0	988	0	146	0	286	0	0	0	0	0	1764	0	0	0	1460	0	3598	0	0	0	0	0	0	0	84	0	0	0	0	0	0	0	0	0	0	0	0	0	0	0	0	0	0	
25372	Amygdala_L	0	0	0	0	138	0	0	0	0	0	0	0	0	0	134	0	0	0	0	0	158	0	0	0	0	0	0	0	1350	0	0	0	0	0	0	0	5256	0	2022	0	0	0	0	0	0	0	0	0	0	0	0	0	0	0	2272	0	0	0	0	0	0	0	0	0	0	0	0	0	0	0	0	0	228	0	0	0	0	0	0	0	0	0	340	0	116	0	90	0	582	0	0	0	0	0	0	0	0	0	0	0	0	0	0	0	0	0	0	0	0	0	0	0	0	0	0	0	
54680	Amygdala_R	0	0	0	0	0	0	0	0	0	0	0	0	0	0	0	0	0	0	0	0	0	526	0	0	0	0	0	0	0	384	0	0	0	0	0	0	0	7006	0	5204	0	0	0	0	0	0	0	0	0	0	0	0	0	0	0	5744	0	0	0	0	0	0	0	0	0	0	0	0	0	0	0	0	0	498	0	0	0	88	0	0	0	0	0	1874	0	244	0	2460	0	3312	0	0	0	0	0	0	0	0	0	0	0	0	0	0	0	0	0	0	0	0	0	0	0	0	0	0	
183888	Calcarine_L	0	0	0	0	0	0	0	0	0	0	0	0	0	0	0	0	0	0	0	0	0	0	0	0	0	0	0	0	0	0	0	0	356	0	3602	0	1896	0	860	0	0	0	0	2414	11278	1566	12268	958	10178	582	22464	0	4294	0	486	0	0	0	316	0	234	0	0	0	158	0	13126	120	0	0	0	0	0	0	0	0	0	0	0	0	0	0	0	0	1118	0	0	0	1786	0	148	0	0	0	0	0	402	0	254	0	0	0	0	0	122	0	0	0	0	0	458	244	122	0	0	134	
281104	Calcarine_R	0	0	0	0	0	0	0	0	0	0	0	0	0	0	0	0	0	0	0	670	0	0	0	0	0	0	0	0	0	0	0	0	0	466	0	2360	0	368	0	718	0	0	2414	0	3386	24800	1112	19936	0	23462	0	12348	0	2576	0	7440	0	1798	0	1646	0	652	0	926	0	1338	296	16238	0	2518	0	0	0	0	0	0	0	0	0	0	0	152	0	0	0	9710	0	0	0	2908	0	0	0	0	0	0	0	0	0	0	0	0	0	0	0	0	0	0	0	0	314	0	0	0	0	0	
164528	Cuneus_L	0	0	0	0	0	0	0	0	0	0	0	0	0	0	0	0	0	0	0	0	0	0	0	0	0	0	0	0	0	0	0	0	916	0	1182	0	0	0	0	0	0	0	11278	3386	0	4080	2892	968	21378	978	15928	0	798	0	188	0	0	0	1704	0	644	0	306	0	520	0	10282	762	0	0	0	0	0	0	0	0	0	0	0	0	134	0	0	0	2770	0	0	0	1170	0	0	0	0	0	0	0	0	0	0	0	0	0	0	0	0	0	0	0	0	0	0	0	0	0	0	0	
238720	Cuneus_R	0	0	0	0	0	0	0	0	0	0	0	0	0	0	0	0	0	0	0	492	0	0	0	0	0	0	0	0	0	0	0	0	136	612	0	1072	0	0	0	0	0	0	1566	24800	4080	0	406	5320	288	38084	0	7098	0	412	0	488	0	1638	0	5124	0	0	0	0	0	90	3532	20334	0	2772	0	0	0	0	0	0	0	0	0	0	0	0	0	0	0	612	0	0	0	404	0	0	0	0	0	0	0	0	0	0	0	0	0	0	0	0	0	0	0	0	0	0	0	0	0	0	
248004	Lingual_L	0	0	0	0	0	0	0	0	0	0	0	0	0	0	0	0	0	0	0	0	0	0	0	0	0	0	0	0	0	0	0	0	0	0	798	92	1086	0	914	0	0	0	12268	1112	2892	406	0	2284	4608	344	16530	0	8030	0	11638	954	0	0	0	0	0	0	0	0	0	0	3694	0	0	0	0	0	0	0	0	0	0	0	0	0	0	0	0	0	280	0	0	0	668	0	5386	2734	1300	314	328	456	11362	1890	12064	3906	0	0	0	0	466	1006	0	0	192	284	6346	4974	1192	126	590	488	
206312	Lingual_R	0	0	0	0	0	0	0	0	0	0	0	0	0	0	0	0	0	0	0	102	0	0	0	0	0	0	0	0	0	0	0	0	0	0	468	2400	474	1866	0	1162	0	0	958	19936	968	5320	2284	0	0	5836	0	1244	0	1852	758	15572	0	224	0	164	0	0	0	0	0	0	0	6348	0	362	0	0	0	0	0	0	78	0	0	0	0	0	0	0	0	222	0	0	0	640	1378	3242	1296	848	0	0	1128	2532	3090	7100	0	0	0	114	196	0	0	0	0	0	3414	6436	3144	0	0	0	
178612	Occipital_Sup_L	0	0	0	0	0	0	0	0	0	0	0	0	0	0	0	0	0	0	0	0	0	0	0	0	0	0	0	0	0	0	0	0	1786	0	142	0	0	0	0	0	0	0	10178	0	21378	288	4608	0	0	0	27386	0	1048	0	508	0	0	0	7768	0	1788	0	0	0	276	0	10816	0	0	0	0	0	0	0	0	0	0	0	0	0	0	0	0	0	812	0	0	0	524	0	0	0	0	0	0	0	0	0	0	0	0	0	0	0	0	0	0	0	0	0	0	0	0	0	0	0	
261304	Occipital_Sup_R	0	0	0	0	0	0	0	0	0	0	0	0	0	0	0	0	0	0	0	152	0	0	0	0	0	0	0	0	0	0	0	0	136	240	0	920	0	0	0	0	0	0	582	23462	978	38084	344	5836	0	0	0	20110	0	1314	0	932	0	2606	0	7114	0	0	0	0	0	894	2226	19284	0	3038	0	0	0	0	0	0	0	0	0	0	0	0	0	0	0	1794	0	0	0	510	0	0	0	0	0	0	0	0	0	0	0	0	0	0	0	0	0	0	0	0	96	0	0	0	0	0	
477232	Occipital_Mid_L	252	0	0	0	0	0	0	0	0	0	0	0	0	0	0	0	1524	0	0	0	0	0	0	0	0	0	0	0	286	0	0	0	2116	0	544	0	0	0	0	0	0	0	22464	0	15928	0	16530	0	27386	0	0	0	26040	0	7824	0	356	0	11914	0	18062	0	3404	0	20256	0	17064	0	860	0	0	0	0	0	0	0	0	0	394	0	2596	0	0	0	27596	0	0	0	14574	0	280	0	0	0	0	0	0	0	274	0	0	0	0	0	0	0	0	0	0	0	0	0	92	0	0	0	
138360	Occipital_Mid_R	0	0	0	0	0	0	0	0	0	0	0	0	0	0	0	0	0	0	0	0	0	0	0	0	0	0	0	0	0	0	0	0	0	0	0	0	0	0	0	0	0	0	0	12348	0	7098	0	1244	0	20110	0	0	0	2296	0	644	0	830	0	2266	0	794	0	102	0	4986	84	3512	0	600	0	0	0	0	0	0	0	0	0	0	0	210	0	0	0	11558	0	0	0	498	0	0	0	0	0	0	0	0	0	0	0	0	0	0	0	0	0	0	0	0	0	0	0	0	0	0	
142488	Occipital_Inf_L	0	0	0	0	0	0	0	0	0	0	0	0	0	0	0	0	112	0	0	0	0	0	0	0	0	0	0	0	0	0	0	0	78	0	116	0	0	0	0	0	0	0	4294	0	798	0	8030	0	1048	0	26040	0	0	0	9402	0	0	0	0	0	142	0	0	0	266	0	1986	0	0	0	0	0	0	0	0	0	0	0	94	0	742	0	0	0	5106	0	0	0	9410	0	822	154	306	112	0	0	278	0	1148	150	0	0	0	0	0	0	0	0	0	0	0	214	202	96	98	0	
26384	Occipital_Inf_R	0	0	0	0	0	0	0	0	0	0	0	0	0	0	0	0	0	0	0	0	0	0	0	0	0	0	0	0	0	0	0	0	0	0	0	0	0	0	0	0	0	0	0	2576	0	412	0	1852	0	1314	0	2296	0	0	0	2942	0	0	0	0	0	0	0	0	0	0	0	110	0	0	0	0	0	0	0	0	0	0	0	0	0	0	0	0	0	142	0	0	0	1156	0	0	0	0	0	0	0	0	0	148	0	0	0	0	0	0	0	0	0	0	0	146	98	0	0	0	
271348	Fusiform_L	374	0	0	0	0	0	0	0	0	0	0	0	0	0	0	0	1034	0	0	0	0	0	0	0	0	0	0	0	952	0	0	0	156	0	944	0	6226	0	2230	0	2272	0	486	0	188	0	11638	758	508	0	7824	0	9402	0	0	368	0	0	0	0	0	0	148	0	0	0	1064	0	0	0	0	0	120	0	0	0	0	0	2572	0	2550	0	1016	0	1786	0	950	0	11744	0	17804	2062	2190	684	418	0	10108	126	24120	2504	190	0	334	0	128	154	0	0	0	0	814	3716	2190	356	466	0	
298352	Fusiform_R	0	672	0	0	0	0	0	0	0	0	0	124	0	0	0	0	0	148	104	522	0	0	0	0	0	0	0	0	0	1092	0	0	0	386	152	2328	0	20326	0	11720	0	5744	0	7440	0	488	954	15572	0	932	0	644	0	2942	368	0	0	578	0	240	0	92	0	276	0	294	0	2648	0	1006	0	0	0	1636	0	108	0	446	0	596	0	1840	0	4118	0	994	0	5342	0	22442	850	7348	628	494	0	0	444	3034	1374	10570	0	0	0	152	0	0	0	0	0	0	2558	4336	2074	0	0	0	
182972	Postcentral_L	23908	252	2838	0	0	0	1840	0	0	0	4462	0	0	0	0	0	12078	0	2836	0	0	0	0	0	0	0	0	0	3514	0	0	0	1078	78	1112	0	680	140	0	0	0	0	0	0	0	0	0	0	0	0	356	0	0	0	0	0	0	0	3176	0	16138	0	6640	0	136	0	978	0	1184	0	0	0	1274	0	268	0	418	0	3048	0	2680	0	212	0	84	0	0	0	78	0	0	0	0	0	0	0	0	0	0	0	0	0	0	0	0	0	0	0	0	0	0	0	0	0	0	0	
223340	Postcentral_R	696	11736	1610	768	0	0	0	640	0	0	0	1036	0	210	0	0	0	4682	2066	7834	0	0	0	0	0	0	0	0	0	536	0	0	0	4254	274	1746	0	530	0	152	0	0	0	1798	0	1638	0	224	0	2606	0	830	0	0	0	578	0	0	0	6870	0	5822	0	11892	0	114	342	11300	716	21082	0	0	0	1242	0	564	98	300	0	156	0	570	0	0	0	2302	0	0	0	1556	0	0	0	0	0	0	0	0	0	0	0	0	0	0	0	0	0	0	0	0	300	0	0	0	0	0	
135936	Parietal_Sup_L	0	0	0	0	0	0	0	0	0	0	0	0	0	0	0	0	420	0	0	0	0	0	0	0	0	0	0	0	78	0	0	0	290	0	0	0	0	0	0	0	0	0	316	0	1704	0	0	0	7768	0	11914	0	0	0	0	0	3176	0	0	0	11508	0	1570	0	3152	0	23234	0	600	0	0	0	0	0	0	0	0	0	0	0	652	0	0	0	1288	0	0	0	298	0	0	0	0	0	0	0	0	0	0	0	0	0	0	0	0	0	0	0	0	0	0	0	0	0	0	0	
110924	Parietal_Sup_R	0	134	0	0	0	0	0	0	0	0	0	0	0	0	0	0	0	128	0	826	0	0	0	0	0	0	0	0	0	0	0	0	0	410	0	1270	0	0	0	0	0	0	0	1646	0	5124	0	164	0	7114	0	2266	0	0	0	240	0	6870	0	0	0	3068	0	1462	0	534	278	15286	0	2570	0	0	0	0	0	0	0	0	0	0	0	152	0	0	0	2818	0	0	0	3102	0	0	0	0	0	0	0	0	0	0	0	0	0	0	0	0	0	0	0	0	0	0	0	0	0	0	
220376	Parietal_Inf_L	3364	98	0	0	0	0	0	0	0	0	0	0	0	0	0	0	924	0	0	92	0	0	0	0	0	0	0	0	356	0	0	0	232	0	0	0	0	0	0	0	0	0	234	0	644	0	0	0	1788	0	18062	0	142	0	0	0	16138	0	11508	0	0	0	15206	0	24092	0	5790	0	568	80	0	0	0	0	0	0	0	0	136	0	1354	0	0	0	8642	0	0	0	738	0	0	0	0	0	0	0	0	0	0	0	0	0	0	0	0	0	0	0	0	0	0	0	0	0	0	0	
87784	Parietal_Inf_R	0	804	504	0	0	0	0	0	0	0	0	0	0	0	0	0	0	0	636	296	0	0	0	0	0	0	0	0	0	0	0	0	0	0	0	0	0	0	0	0	0	0	0	652	0	0	0	0	0	0	0	794	0	0	0	92	0	5822	0	3068	0	0	0	12500	0	11432	0	256	0	608	0	0	0	96	0	0	0	0	0	0	0	274	0	0	0	4354	0	0	0	1704	0	0	0	0	0	0	0	0	0	0	0	0	0	0	0	0	0	0	0	0	0	0	0	0	0	0	
107892	SupraMarginal_L	1866	0	0	0	0	0	0	0	0	0	0	0	0	0	0	0	1248	0	0	80	0	0	0	0	0	0	0	0	232	0	0	0	186	0	0	0	0	0	0	0	0	0	0	0	306	0	0	0	0	0	3404	0	0	0	148	0	6640	0	1570	0	15206	0	0	0	5372	0	1950	0	154	0	0	0	0	0	0	0	0	0	194	0	5808	0	0	0	9272	0	0	0	310	0	0	0	0	0	0	0	0	0	0	0	0	0	0	0	0	0	0	0	0	0	0	0	0	0	0	0	
111816	SupraMarginal_R	0	1632	672	0	0	0	0	0	0	0	0	0	0	0	0	0	0	1884	896	1168	0	0	0	0	0	0	0	0	0	178	0	0	0	316	0	318	0	98	0	0	0	0	0	926	0	0	0	0	0	0	0	102	0	0	0	276	0	11892	0	1462	0	12500	0	0	0	4240	0	300	0	3178	0	0	0	334	0	112	0	252	0	0	0	5620	0	0	0	6528	0	0	0	1024	0	0	0	0	0	0	0	0	0	0	0	0	0	0	0	0	0	0	0	0	0	0	0	0	0	0	
144744	Angular_L	462	0	0	0	0	0	0	0	0	0	0	0	0	0	0	0	298	0	0	0	0	0	0	0	0	0	0	0	0	0	0	0	148	0	0	0	0	0	0	0	0	0	158	0	520	0	0	0	276	0	20256	0	266	0	0	0	136	0	3152	0	24092	0	5372	0	0	0	2786	0	0	0	0	0	0	0	0	0	0	0	0	0	2388	0	0	0	11236	0	0	0	826	0	0	0	0	0	0	0	0	0	0	0	0	0	0	0	0	0	0	0	0	0	0	0	0	0	0	0	
67220	Angular_R	0	0	0	0	0	0	0	0	0	0	0	0	0	0	0	0	0	0	0	0	0	0	0	0	0	0	0	0	0	0	0	0	0	0	0	0	0	0	0	0	0	0	0	1338	0	90	0	0	0	894	0	4986	0	0	0	294	0	114	0	534	0	11432	0	4240	0	0	0	216	0	0	0	0	0	0	0	0	0	0	0	0	0	818	0	0	0	6788	0	0	0	1866	0	0	0	0	0	0	0	0	0	0	0	0	0	0	0	0	0	0	0	0	0	0	0	0	0	0	
274740	Precuneus_L	228	0	0	0	0	0	0	0	0	0	0	0	0	0	0	0	612	0	0	0	0	0	0	0	0	0	0	0	130	0	0	0	6392	532	9146	1032	3060	0	1436	0	0	0	13126	296	10282	3532	3694	0	10816	2226	17064	84	1986	0	1064	0	978	342	23234	278	5790	0	1950	0	2786	0	0	6134	2456	434	0	0	0	0	0	0	0	0	0	0	814	0	0	0	3306	0	0	0	2130	0	0	0	0	0	0	0	0	0	0	0	0	0	0	0	0	0	0	0	0	0	0	0	0	0	0	0	
310088	Precuneus_R	298	414	0	0	0	0	0	0	0	0	84	0	0	0	0	0	0	0	0	3170	0	0	0	0	0	0	0	0	0	80	0	0	374	3100	1666	11888	1194	4008	140	1620	0	0	120	16238	762	20334	0	6348	0	19284	0	3512	0	110	0	2648	0	11300	0	15286	0	256	0	300	0	216	6134	0	0	13024	0	0	0	0	0	0	458	0	0	0	0	278	0	0	0	3228	0	0	0	5060	0	0	0	0	0	0	0	0	0	0	0	0	0	0	0	0	0	0	0	0	2112	0	0	0	0	0	
203892	Paracentral_Lobule_L	25522	9034	614	370	0	0	506	0	0	0	110	0	0	0	0	0	0	0	7952	17036	0	0	0	0	0	0	0	0	138	0	0	0	5592	9136	9230	1122	576	462	0	0	0	0	0	0	0	0	0	0	0	0	860	0	0	0	0	0	1184	716	600	0	568	0	154	0	0	0	2456	0	0	5768	84	0	152	0	440	0	1262	222	0	0	0	0	0	0	80	0	0	0	0	0	0	0	0	0	0	0	0	0	0	0	0	0	0	0	0	0	0	0	0	0	0	0	0	0	0	0	
238540	Paracentral_Lobule_R	4756	4590	94	0	0	0	0	0	0	0	124	0	0	0	0	0	0	470	822	22878	0	0	0	0	0	0	0	0	0	78	0	0	432	14226	1016	5248	0	858	0	298	0	0	0	2518	0	2772	0	362	0	3038	0	600	0	0	0	1006	0	21082	0	2570	80	608	0	3178	0	0	434	13024	5768	0	1326	0	0	0	0	0	736	0	0	0	0	468	0	0	0	1842	0	0	0	1548	0	0	0	0	0	0	0	0	0	0	0	0	0	0	0	0	0	0	0	0	420	0	0	0	0	0	
286536	Caudate_L	3688	3282	7370	1384	1190	96	562	0	432	0	13202	7712	6390	0	626	0	2814	400	8076	3020	6100	6908	636	1024	0	138	4076	1856	9790	7372	7720	3676	0	370	0	0	170	680	0	0	0	0	0	0	0	0	0	0	0	0	0	0	0	0	0	0	0	0	0	0	0	0	0	0	0	0	0	0	84	1326	0	9720	8666	1760	1448	0	5138	0	0	0	1594	0	2772	0	0	0	0	0	0	0	0	0	0	0	0	0	0	0	0	0	0	0	0	0	0	0	0	0	0	0	0	0	0	0	0	0	
425352	Caudate_R	724	11370	4886	31624	454	1084	498	1600	178	84	2884	7598	838	736	224	832	790	782	9702	12286	1802	3624	770	18094	0	5746	1252	1416	1634	8954	3234	30776	0	500	0	0	0	742	0	0	0	0	0	0	0	0	0	0	0	0	0	0	0	0	0	0	0	0	0	0	0	0	0	0	0	0	0	0	0	0	9720	0	372	15780	0	2112	1264	14712	0	0	586	0	412	0	0	0	0	0	0	0	0	0	0	0	0	0	0	0	0	0	0	0	0	0	0	0	0	0	0	0	0	0	0	0	0	0	
243644	Putamen_L	6920	0	17034	0	7812	0	1894	0	3392	0	4472	188	1736	0	5974	0	4970	78	12728	0	418	202	2294	262	258	0	242	0	17196	184	7196	368	0	0	0	0	7274	0	114	0	228	0	0	0	0	0	0	0	0	0	0	0	0	0	120	0	1274	0	0	0	0	0	0	0	0	0	0	0	152	0	8666	372	0	0	4314	0	1562	0	82	0	970	0	646	0	0	0	0	0	230	0	0	0	0	0	0	0	0	0	0	0	0	0	0	0	0	0	0	0	0	0	0	0	0	0	0	0	
261028	Putamen_R	84	2354	1144	17626	0	3864	262	5270	0	600	1432	2048	78	528	0	1788	524	4228	1870	2980	0	264	646	7334	0	6986	0	338	420	13502	1198	10998	0	510	0	0	0	8156	0	988	0	498	0	0	0	0	0	0	0	0	0	0	0	0	0	1636	0	1242	0	0	0	96	0	334	0	0	0	0	0	0	1760	15780	0	0	0	5582	0	4330	0	0	232	0	272	220	0	0	0	128	0	384	0	0	0	0	0	0	0	0	0	0	0	0	0	0	0	0	0	0	0	0	0	0	0	0	0	0	
48812	Pallidum_L	5470	522	2552	0	0	0	1016	0	0	0	2784	0	0	0	0	0	204	0	2700	386	0	0	0	0	0	0	0	0	0	0	0	0	0	0	0	0	0	0	0	0	0	0	0	0	0	0	0	0	0	0	0	0	0	0	0	0	268	0	0	0	0	0	0	0	0	0	0	0	440	0	1448	0	4314	0	0	0	2302	0	0	0	0	0	0	0	0	0	0	0	0	0	0	0	0	0	0	0	0	0	0	0	0	0	0	0	0	0	0	0	0	0	0	0	0	0	0	0	
32260	Pallidum_R	0	688	172	1088	0	0	0	734	0	0	0	0	0	0	0	0	0	78	1214	1436	0	0	0	0	0	0	0	0	0	316	0	0	0	0	0	0	0	1064	0	146	0	0	0	0	0	0	0	0	0	0	0	0	0	0	0	108	0	564	0	0	0	0	0	112	0	0	0	0	0	0	0	2112	0	5582	0	0	0	716	0	0	0	0	0	0	0	0	0	0	0	0	0	0	0	0	0	0	0	0	0	0	0	0	0	0	0	0	0	0	0	0	0	0	0	0	0	0	
129080	Thalamus_L	21118	1932	506	0	0	0	354	0	0	0	514	0	0	0	0	0	272	0	566	1218	0	0	0	0	0	0	0	0	1796	0	0	0	0	186	3190	4682	5260	3176	274	0	0	0	0	0	0	0	0	78	0	0	0	0	0	0	0	0	418	98	0	0	0	0	0	0	0	0	0	458	1262	736	5138	1264	1562	0	2302	0	0	5296	722	0	0	0	0	0	0	0	0	0	162	0	0	0	0	0	0	0	0	0	0	0	0	0	0	0	0	0	0	0	0	0	0	0	0	0	0	0	
146928	Thalamus_R	512	20220	536	11186	0	0	80	614	0	0	92	200	0	0	0	0	0	804	764	724	0	0	0	82	0	0	0	0	202	744	0	130	0	0	1504	2446	472	5260	0	286	0	88	0	0	0	0	0	0	0	0	0	0	0	0	0	446	0	300	0	0	0	0	0	252	0	0	0	0	222	0	0	14712	0	4330	0	716	5296	0	244	0	0	0	0	0	0	0	0	0	0	0	0	0	0	0	0	0	0	0	0	0	0	0	0	0	0	0	0	0	0	0	0	0	0	0	0	0	
73744	Heschl_L	5792	0	262	0	0	0	180	0	0	0	600	0	0	0	0	0	6510	0	258	0	0	0	0	0	0	0	0	0	5996	0	0	0	0	0	508	390	1714	314	0	0	0	0	0	0	0	0	0	0	0	0	394	0	94	0	2572	0	3048	0	0	0	136	0	194	0	0	0	0	0	0	0	0	0	82	0	0	0	722	244	0	0	3162	0	0	0	898	0	0	0	2802	0	0	0	0	0	0	0	0	0	0	0	0	0	0	0	0	0	0	0	0	0	0	0	0	0	0	0	
18380	Heschl_R	0	0	0	202	0	0	0	144	0	0	0	0	0	0	0	0	0	1372	0	96	0	0	0	0	0	0	0	0	0	1800	0	0	0	0	0	0	0	544	0	0	0	0	0	0	0	0	0	0	0	0	0	0	0	0	0	596	0	156	0	0	0	0	0	0	0	0	0	0	0	0	0	0	0	0	0	0	0	0	0	0	0	3430	0	0	0	216	0	0	0	634	0	0	0	0	0	0	0	0	0	0	0	0	0	0	0	0	0	0	0	0	0	0	0	0	0	0	
235184	Temporal_Sup_L	3526	0	2348	0	0	0	1802	0	0	0	6268	746	0	0	0	0	12766	138	2056	0	0	0	0	0	0	0	0	0	9712	748	0	0	90	0	0	0	766	106	0	0	0	0	0	0	134	0	0	0	0	0	2596	0	742	0	2550	0	2680	0	652	0	1354	0	5808	0	2388	0	814	0	0	0	1594	586	970	232	0	0	0	0	3162	0	0	0	7142	0	25630	0	392	0	17094	0	0	0	0	0	0	0	0	0	0	0	0	0	0	0	0	0	0	0	0	0	0	0	0	0	0	0	
67228	Temporal_Sup_R	0	150	0	390	0	0	0	354	0	0	0	82	0	0	0	0	0	2082	0	208	0	0	0	0	0	0	0	0	0	2892	0	0	0	180	0	290	0	966	0	0	0	0	0	152	0	0	0	0	0	0	0	210	0	0	0	1840	0	570	0	152	0	274	0	5620	0	818	0	278	0	468	0	0	0	0	0	0	0	0	0	3430	0	0	0	2030	0	7172	0	194	0	2812	0	0	0	0	0	0	0	0	0	0	0	0	0	0	0	0	0	0	0	0	0	0	0	0	0	0	
104392	Temporal_Pole_Sup_L	1640	0	1378	0	744	0	1054	0	80	0	5656	620	974	0	1504	0	4270	0	1136	0	458	0	0	0	0	0	178	0	6418	624	84	0	0	0	0	0	540	132	126	0	340	0	0	0	0	0	0	0	0	0	0	0	0	0	1016	0	212	0	0	0	0	0	0	0	0	0	0	0	0	0	2772	412	646	272	0	0	0	0	0	0	7142	0	0	0	4672	0	3854	0	3242	0	0	0	0	0	0	0	0	0	0	0	0	0	0	0	0	0	0	0	0	0	0	0	0	0	0	0	
49356	Temporal_Pole_Sup_R	0	0	0	1008	0	0	0	608	0	0	0	1340	0	0	0	0	0	1440	156	592	0	0	0	0	0	0	0	0	0	1896	0	0	0	106	0	0	0	518	0	1764	0	1874	0	0	0	0	0	0	0	0	0	0	0	0	0	4118	0	0	0	0	0	0	0	0	0	0	0	0	0	0	0	0	0	220	0	0	0	0	0	0	0	2030	0	0	0	1778	0	2858	0	2372	0	0	0	0	0	0	0	0	0	0	0	0	0	0	0	0	0	0	0	0	0	0	0	0	0	0	
290096	Temporal_Mid_L	300	0	0	0	0	0	0	0	0	0	0	0	0	0	0	0	1746	0	0	0	0	0	0	0	0	0	0	0	1962	0	0	0	252	0	128	0	438	0	0	0	116	0	1118	0	2770	0	280	0	812	0	27596	0	5106	0	1786	0	84	0	1288	0	8642	0	9272	0	11236	0	3306	0	80	0	0	0	0	0	0	0	0	0	898	0	25630	0	4672	0	0	0	3678	0	31852	0	0	0	0	0	0	0	0	0	0	0	0	0	0	0	0	0	0	0	0	0	0	0	0	0	0	0	
167188	Temporal_Mid_R	0	0	0	0	0	0	0	0	0	0	0	0	0	0	0	0	0	0	0	1122	0	0	0	0	0	0	0	0	0	1070	0	0	0	692	0	110	0	752	0	0	0	244	0	9710	0	612	0	222	0	1794	0	11558	0	142	0	994	0	2302	0	2818	0	4354	0	6528	0	6788	0	3228	0	1842	0	0	0	0	0	0	0	0	0	216	0	7172	0	1778	0	0	0	1814	0	15732	0	0	0	0	0	0	0	0	0	0	0	0	0	0	0	0	0	0	0	0	0	0	0	0	0	0	
24992	Temporal_Pole_Mid_L	0	0	0	0	0	0	0	0	0	0	0	0	0	0	0	0	0	0	0	0	0	0	0	0	0	0	0	0	100	0	0	0	0	0	0	0	334	0	0	0	90	0	0	0	0	0	0	0	0	0	0	0	0	0	950	0	0	0	0	0	0	0	0	0	0	0	0	0	0	0	0	0	0	0	0	0	0	0	0	0	392	0	3854	0	3678	0	0	0	3098	0	0	0	0	0	0	0	0	0	0	0	0	0	0	0	0	0	0	0	0	0	0	0	0	0	0	0	
39380	Temporal_Pole_Mid_R	0	0	0	0	0	0	0	0	0	0	0	0	0	0	0	0	0	0	0	0	0	0	0	0	0	0	0	0	0	128	0	0	0	0	0	0	0	1344	0	1460	0	2460	0	0	0	0	0	0	0	0	0	0	0	0	0	5342	0	0	0	0	0	0	0	0	0	0	0	0	0	0	0	0	0	128	0	0	0	0	0	0	0	194	0	2858	0	1814	0	0	0	3962	0	0	0	0	0	0	0	0	0	0	0	0	0	0	0	0	0	0	0	0	0	0	0	0	0	0	
238736	Temporal_Inf_L	186	0	0	0	0	0	0	0	0	0	0	0	0	0	0	0	2816	0	0	0	0	0	0	0	0	0	0	0	2620	0	0	0	104	0	80	0	7568	0	244	0	582	0	1786	0	1170	0	668	0	524	0	14574	0	9410	0	11744	0	78	0	298	0	738	0	310	0	826	0	2130	0	0	0	0	0	230	0	0	0	162	0	2802	0	17094	0	3242	0	31852	0	3098	0	0	0	1400	0	338	0	0	0	0	0	286	0	142	0	266	0	0	0	0	0	0	0	0	0	0	0	0	0	
193080	Temporal_Inf_R	0	588	0	0	0	0	0	0	0	0	0	0	0	0	0	0	0	104	0	766	0	0	0	0	0	0	0	0	0	1028	0	0	0	562	0	2938	0	13330	0	3598	0	3312	0	2908	0	404	0	640	0	510	0	498	0	1156	0	22442	0	1556	0	3102	0	1704	0	1024	0	1866	0	5060	0	1548	0	0	0	384	0	0	0	0	0	634	0	2812	0	2372	0	15732	0	3962	0	0	0	0	0	0	0	0	0	0	0	0	0	0	0	0	0	0	0	0	0	0	0	0	0	0	0	0	
354348	Cerebelum_Crus1_L	0	0	0	0	0	0	0	0	0	0	0	0	0	0	0	0	0	0	0	0	0	0	0	0	0	0	0	0	0	0	0	0	0	0	0	0	0	0	0	0	0	0	148	0	0	0	5386	1378	0	0	280	0	822	0	17804	850	0	0	0	0	0	0	0	0	0	0	0	0	0	0	0	0	0	0	0	0	0	0	0	0	0	0	0	0	0	0	0	0	1400	0	0	4250	25226	2526	486	128	15588	386	49192	3998	11518	0	14922	456	1650	708	0	0	0	144	2000	5566	6942	1784	1636	0	
374396	Cerebelum_Crus1_R	0	0	0	0	0	0	0	0	0	0	0	0	0	0	0	0	0	0	0	0	0	0	0	0	0	0	0	0	0	0	0	0	0	0	0	0	0	0	0	0	0	0	0	0	0	0	2734	3242	0	0	0	0	154	0	2062	7348	0	0	0	0	0	0	0	0	0	0	0	0	0	0	0	0	0	0	0	0	0	0	0	0	0	0	0	0	0	0	0	0	0	0	4250	0	5326	28790	0	836	2582	15406	5328	52670	558	1288	714	18502	0	3276	0	0	0	0	9014	7640	12098	2530	850	0	
252200	Cerebelum_Crus2_L	0	0	0	0	0	0	0	0	0	0	0	0	0	0	0	0	0	0	0	0	0	0	0	0	0	0	0	0	0	0	0	0	0	0	0	0	0	0	0	0	0	0	0	0	0	0	1300	1296	0	0	0	0	306	0	2190	628	0	0	0	0	0	0	0	0	0	0	0	0	0	0	0	0	0	0	0	0	0	0	0	0	0	0	0	0	0	0	0	0	338	0	25226	5326	0	5776	0	0	178	0	4642	3122	32604	464	28104	1068	1818	110	0	0	0	0	108	2364	7560	1318	254	0	
253136	Cerebelum_Crus2_R	0	0	0	0	0	0	0	0	0	0	0	0	0	0	0	0	0	0	0	0	0	0	0	0	0	0	0	0	0	0	0	0	0	0	0	0	0	0	0	0	0	0	0	0	0	0	314	848	0	0	0	0	112	0	684	494	0	0	0	0	0	0	0	0	0	0	0	0	0	0	0	0	0	0	0	0	0	0	0	0	0	0	0	0	0	0	0	0	0	0	2526	28790	5776	0	0	100	822	1628	1548	10656	1104	18906	1066	30828	0	2326	0	0	0	0	2150	1812	10032	3372	674	0	
29176	Cerebelum_3_L	0	0	0	0	0	0	0	0	0	0	0	0	0	0	0	0	0	0	0	0	0	0	0	0	0	0	0	0	0	0	0	0	0	0	0	0	0	0	0	0	0	0	0	0	0	0	328	0	0	0	0	0	0	0	418	0	0	0	0	0	0	0	0	0	0	0	0	0	0	0	0	0	0	0	0	0	0	0	0	0	0	0	0	0	0	0	0	0	0	0	486	0	0	0	0	232	5744	322	1368	0	0	0	0	0	718	150	0	0	810	1646	2132	156	0	0	78	0	
30532	Cerebelum_3_R	0	0	0	0	0	0	0	0	0	0	0	0	0	0	0	0	0	0	0	0	0	0	0	0	0	0	0	0	0	0	0	0	0	0	0	0	0	0	0	0	0	0	0	0	0	0	456	0	0	0	0	0	0	0	0	0	0	0	0	0	0	0	0	0	0	0	0	0	0	0	0	0	0	0	0	0	0	0	0	0	0	0	0	0	0	0	0	0	0	0	128	836	0	100	232	0	1392	2506	594	1678	0	0	0	120	80	1258	0	0	382	1562	1920	1216	0	0	806	0	
258044	Cerebelum_4_5_L	0	0	0	0	0	0	0	0	0	0	0	0	0	0	0	0	0	0	0	0	0	0	0	0	0	0	0	0	0	0	0	0	0	0	0	0	0	0	106	0	0	0	402	0	0	0	11362	1128	0	0	0	0	278	0	10108	444	0	0	0	0	0	0	0	0	0	0	0	0	0	0	0	0	0	0	0	0	0	0	0	0	0	0	0	0	0	0	0	0	0	0	15588	2582	178	822	5744	1392	0	4018	30466	3846	352	0	778	280	3924	3408	606	84	1136	2158	16682	5580	440	984	2992	1154	
146000	Cerebelum_4_5_R	0	0	0	0	0	0	0	0	0	0	0	0	0	0	0	0	0	0	0	0	0	0	0	0	0	0	0	0	0	0	0	0	0	0	0	0	0	0	0	84	0	0	0	0	0	0	1890	2532	0	0	0	0	0	0	126	3034	0	0	0	0	0	0	0	0	0	0	0	0	0	0	0	0	0	0	0	0	0	0	0	0	0	0	0	0	0	0	0	0	0	0	386	15406	0	1628	322	2506	4018	0	1466	20792	0	0	0	956	326	1228	0	0	0	408	12528	1064	788	460	826	226	
382404	Cerebelum_6_L	0	0	0	0	0	0	0	0	0	0	0	0	0	0	0	0	0	0	0	0	0	0	0	0	0	0	0	0	0	0	0	0	0	0	0	0	0	0	0	0	0	0	254	0	0	0	12064	3090	0	0	274	0	1148	0	24120	1374	0	0	0	0	0	0	0	0	0	0	0	0	0	0	0	0	0	0	0	0	0	0	0	0	0	0	0	0	0	0	0	0	286	0	49192	5328	4642	1548	1368	594	30466	1466	0	7118	3880	0	5392	192	2476	2262	436	0	292	674	7858	12748	4900	2112	3478	170	
352612	Cerebelum_6_R	0	0	0	0	0	0	0	0	0	0	0	0	0	0	0	0	0	0	0	0	0	0	0	0	0	0	0	0	0	0	0	0	0	0	0	0	0	0	0	0	0	0	0	0	0	0	3906	7100	0	0	0	0	150	148	2504	10570	0	0	0	0	0	0	0	0	0	0	0	0	0	0	0	0	0	0	0	0	0	0	0	0	0	0	0	0	0	0	0	0	0	0	3998	52670	3122	10656	0	1678	3846	20792	7118	0	450	214	590	7406	0	1172	0	0	0	134	12406	12598	10012	2284	782	0	
192948	Cerebelum_7b_L	0	0	0	0	0	0	0	0	0	0	0	0	0	0	0	0	0	0	0	0	0	0	0	0	0	0	0	0	0	0	0	0	0	0	0	0	0	0	0	0	0	0	0	0	0	0	0	0	0	0	0	0	0	0	190	0	0	0	0	0	0	0	0	0	0	0	0	0	0	0	0	0	0	0	0	0	0	0	0	0	0	0	0	0	0	0	0	0	142	0	11518	558	32604	1104	0	0	352	0	3880	450	0	242	34100	2216	3044	424	452	0	0	0	170	126	1532	2894	476	0	
88116	Cerebelum_7b_R	0	0	0	0	0	0	0	0	0	0	0	0	0	0	0	0	0	0	0	0	0	0	0	0	0	0	0	0	0	0	0	0	0	0	0	0	0	0	0	0	0	0	0	0	0	0	0	0	0	0	0	0	0	0	0	0	0	0	0	0	0	0	0	0	0	0	0	0	0	0	0	0	0	0	0	0	0	0	0	0	0	0	0	0	0	0	0	0	0	0	0	1288	464	18906	0	0	0	0	0	214	242	0	308	20260	0	1278	0	0	0	0	0	0	176	632	290	0	
225052	Cerebelum_8_L	0	0	0	0	0	0	0	0	0	0	0	0	0	0	0	0	0	0	0	0	0	0	0	0	0	0	0	0	0	0	0	0	0	0	0	0	0	0	0	0	0	0	0	0	0	0	0	0	0	0	0	0	0	0	334	0	0	0	0	0	0	0	0	0	0	0	0	0	0	0	0	0	0	0	0	0	0	0	0	0	0	0	0	0	0	0	0	0	266	0	14922	714	28104	1066	0	0	778	0	5392	590	34100	308	0	3894	10738	1016	612	0	0	0	366	232	1940	5574	1580	0	
227188	Cerebelum_8_R	0	0	0	0	0	0	0	0	0	0	0	0	0	0	0	0	0	0	0	0	0	0	0	0	0	0	0	0	0	0	0	0	0	0	0	0	0	0	0	0	0	0	0	0	0	0	0	114	0	0	0	0	0	0	0	152	0	0	0	0	0	0	0	0	0	0	0	0	0	0	0	0	0	0	0	0	0	0	0	0	0	0	0	0	0	0	0	0	0	0	456	18502	1068	30828	0	120	280	956	192	7406	2216	20260	3894	0	102	12532	0	184	0	0	652	592	3842	6928	2318	0	
70972	Cerebelum_9_L	0	0	0	0	0	0	0	0	0	0	0	0	0	0	0	0	0	0	0	0	0	0	0	0	0	0	0	0	0	0	0	0	0	0	0	0	0	0	0	0	0	0	122	0	0	0	466	196	0	0	0	0	0	0	128	0	0	0	0	0	0	0	0	0	0	0	0	0	0	0	0	0	0	0	0	0	0	0	0	0	0	0	0	0	0	0	0	0	0	0	1650	0	1818	0	718	80	3924	326	2476	0	3044	0	10738	102	0	1320	1384	0	0	0	3036	1348	122	690	1418	380	
106644	Cerebelum_9_R	0	0	0	0	0	0	0	0	0	0	0	0	0	0	0	0	0	0	0	0	0	0	0	0	0	0	0	0	0	0	0	0	0	0	0	0	0	0	0	0	0	0	0	0	0	0	1006	0	0	0	0	0	0	0	154	0	0	0	0	0	0	0	0	0	0	0	0	0	0	0	0	0	0	0	0	0	0	0	0	0	0	0	0	0	0	0	0	0	0	0	708	3276	110	2326	150	1258	3408	1228	2262	1172	424	1278	1016	12532	1320	0	0	514	522	1080	4234	4762	618	1746	5372	846	
7812	Cerebelum_10_L	0	0	0	0	0	0	0	0	0	0	0	0	0	0	0	0	0	0	0	0	0	0	0	0	0	0	0	0	0	0	0	0	0	0	0	0	0	0	0	0	0	0	0	0	0	0	0	0	0	0	0	0	0	0	0	0	0	0	0	0	0	0	0	0	0	0	0	0	0	0	0	0	0	0	0	0	0	0	0	0	0	0	0	0	0	0	0	0	0	0	0	0	0	0	0	0	606	0	436	0	452	0	612	0	1384	0	0	0	0	0	332	84	0	0	0	0	
1904	Cerebelum_10_R	0	0	0	0	0	0	0	0	0	0	0	0	0	0	0	0	0	0	0	0	0	0	0	0	0	0	0	0	0	0	0	0	0	0	0	0	0	0	0	0	0	0	0	0	0	0	0	0	0	0	0	0	0	0	0	0	0	0	0	0	0	0	0	0	0	0	0	0	0	0	0	0	0	0	0	0	0	0	0	0	0	0	0	0	0	0	0	0	0	0	0	0	0	0	0	0	84	0	0	0	0	0	0	184	0	514	0	0	0	0	82	88	0	0	0	0	
19600	Vermis_1_2	0	0	0	0	0	0	0	0	0	0	0	0	0	0	0	0	0	0	0	0	0	0	0	0	0	0	0	0	0	0	0	0	0	0	0	0	0	0	0	0	0	0	0	0	0	0	192	0	0	0	0	0	0	0	0	0	0	0	0	0	0	0	0	0	0	0	0	0	0	0	0	0	0	0	0	0	0	0	0	0	0	0	0	0	0	0	0	0	0	0	0	0	0	0	810	382	1136	0	292	0	0	0	0	0	0	522	0	0	0	3644	2308	304	0	0	210	0	
32572	Vermis_3	0	0	0	0	0	0	0	0	0	0	0	0	0	0	0	0	0	0	0	0	0	0	0	0	0	0	0	0	0	0	0	0	0	0	0	0	0	0	0	0	0	0	0	0	0	0	284	0	0	0	0	0	0	0	0	0	0	0	0	0	0	0	0	0	0	0	0	0	0	0	0	0	0	0	0	0	0	0	0	0	0	0	0	0	0	0	0	0	0	0	144	0	0	0	1646	1562	2158	408	674	134	0	0	0	0	0	1080	0	0	3644	0	3138	746	0	0	668	0	
226280	Vermis_4_5	0	0	0	0	0	0	0	0	0	0	0	0	0	0	0	0	0	0	0	124	0	0	0	0	0	0	0	0	0	0	0	0	0	0	0	534	0	114	0	0	0	0	458	314	0	0	6346	3414	0	96	0	0	0	0	814	2558	0	300	0	0	0	0	0	0	0	0	0	2112	0	420	0	0	0	0	0	0	0	0	0	0	0	0	0	0	0	0	0	0	0	0	2000	9014	108	2150	2132	1920	16682	12528	7858	12406	170	0	366	652	3036	4234	332	82	2308	3138	0	7160	1086	1070	3266	1838	
204568	Vermis_6	0	0	0	0	0	0	0	0	0	0	0	0	0	0	0	0	0	0	0	0	0	0	0	0	0	0	0	0	0	0	0	0	0	0	0	0	0	0	0	0	0	0	244	0	0	0	4974	6436	0	0	0	0	214	146	3716	4336	0	0	0	0	0	0	0	0	0	0	0	0	0	0	0	0	0	0	0	0	0	0	0	0	0	0	0	0	0	0	0	0	0	0	5566	7640	2364	1812	156	1216	5580	1064	12748	12598	126	0	232	592	1348	4762	84	88	304	746	7160	0	6842	2480	5380	1330	
169144	Vermis_7	0	0	0	0	0	0	0	0	0	0	0	0	0	0	0	0	0	0	0	0	0	0	0	0	0	0	0	0	0	0	0	0	0	0	0	0	0	0	0	0	0	0	122	0	0	0	1192	3144	0	0	92	0	202	98	2190	2074	0	0	0	0	0	0	0	0	0	0	0	0	0	0	0	0	0	0	0	0	0	0	0	0	0	0	0	0	0	0	0	0	0	0	6942	12098	7560	10032	0	0	440	788	4900	10012	1532	176	1940	3842	122	618	0	0	0	0	1086	6842	0	4734	1794	0	
93700	Vermis_8	0	0	0	0	0	0	0	0	0	0	0	0	0	0	0	0	0	0	0	0	0	0	0	0	0	0	0	0	0	0	0	0	0	0	0	0	0	0	0	0	0	0	0	0	0	0	126	0	0	0	0	0	96	0	356	0	0	0	0	0	0	0	0	0	0	0	0	0	0	0	0	0	0	0	0	0	0	0	0	0	0	0	0	0	0	0	0	0	0	0	1784	2530	1318	3372	0	0	984	460	2112	2284	2894	632	5574	6928	690	1746	0	0	0	0	1070	2480	4734	0	4680	0	
83032	Vermis_9	0	0	0	0	0	0	0	0	0	0	0	0	0	0	0	0	0	0	0	0	0	0	0	0	0	0	0	0	0	0	0	0	0	0	0	0	0	0	0	0	0	0	0	0	0	0	590	0	0	0	0	0	98	0	466	0	0	0	0	0	0	0	0	0	0	0	0	0	0	0	0	0	0	0	0	0	0	0	0	0	0	0	0	0	0	0	0	0	0	0	1636	850	254	674	78	806	2992	826	3478	782	476	290	1580	2318	1418	5372	0	0	210	668	3266	5380	1794	4680	0	534	
14200	Vermis_10	0	0	0	0	0	0	0	0	0	0	0	0	0	0	0	0	0	0	0	0	0	0	0	0	0	0	0	0	0	0	0	0	0	0	0	0	0	0	0	0	0	0	134	0	0	0	488	0	0	0	0	0	0	0	0	0	0	0	0	0	0	0	0	0	0	0	0	0	0	0	0	0	0	0	0	0	0	0	0	0	0	0	0	0	0	0	0	0	0	0	0	0	0	0	0	0	1154	226	170	0	0	0	0	0	380	846	0	0	0	0	1838	1330	0	0	534	0	
