data	data	412548	369608	851656	724344	101440	70660	435048	246480	68828	19652	199340	159176	299224	125728	205180	96788	183436	113328	656620	685864	71440	80624	350896	283492	37660	88224	67612	81972	560388	334276	373992	447912	162884	491284	189328	210000	227360	335592	55380	214224	31420	52756	280164	484956	188984	485596	268680	358688	257236	471492	581096	301524	169588	137432	283384	537540	259356	303624	249704	101196	262524	91236	110436	82028	129324	132380	308600	473988	239588	235480	252344	329384	274252	310636	56696	23328	158628	199416	80440	32272	227556	158508	82860	51988	341876	209476	23176	13528	270020	211608	576976	501144	351180	309684	47040	82008	378184	331940	529860	551884	254044	154000	327900	319484	110532	150276	13720	16960	39352	96200	341084	249744	372744	206944	129388	36216	
data	data	Precentral_L	Precentral_R	Frontal_Sup_L	Frontal_Sup_R	Frontal_Sup_Orb_L	Frontal_Sup_Orb_R	Frontal_Mid_L	Frontal_Mid_R	Frontal_Mid_Orb_L	Frontal_Mid_Orb_R	Frontal_Inf_Oper_L	Frontal_Inf_Oper_R	Frontal_Inf_Tri_L	Frontal_Inf_Tri_R	Frontal_Inf_Orb_L	Frontal_Inf_Orb_R	Rolandic_Oper_L	Rolandic_Oper_R	Supp_Motor_Area_L	Supp_Motor_Area_R	Olfactory_L	Olfactory_R	Frontal_Sup_Medial_L	Frontal_Sup_Medial_R	Frontal_Med_Orb_L	Frontal_Med_Orb_R	Rectus_L	Rectus_R	Insula_L	Insula_R	Cingulum_Ant_L	Cingulum_Ant_R	Cingulum_Mid_L	Cingulum_Mid_R	Cingulum_Post_L	Cingulum_Post_R	Hippocampus_L	Hippocampus_R	ParaHippocampal_L	ParaHippocampal_R	Amygdala_L	Amygdala_R	Calcarine_L	Calcarine_R	Cuneus_L	Cuneus_R	Lingual_L	Lingual_R	Occipital_Sup_L	Occipital_Sup_R	Occipital_Mid_L	Occipital_Mid_R	Occipital_Inf_L	Occipital_Inf_R	Fusiform_L	Fusiform_R	Postcentral_L	Postcentral_R	Parietal_Sup_L	Parietal_Sup_R	Parietal_Inf_L	Parietal_Inf_R	SupraMarginal_L	SupraMarginal_R	Angular_L	Angular_R	Precuneus_L	Precuneus_R	Paracentral_Lobule_L	Paracentral_Lobule_R	Caudate_L	Caudate_R	Putamen_L	Putamen_R	Pallidum_L	Pallidum_R	Thalamus_L	Thalamus_R	Heschl_L	Heschl_R	Temporal_Sup_L	Temporal_Sup_R	Temporal_Pole_Sup_L	Temporal_Pole_Sup_R	Temporal_Mid_L	Temporal_Mid_R	Temporal_Pole_Mid_L	Temporal_Pole_Mid_R	Temporal_Inf_L	Temporal_Inf_R	Cerebelum_Crus1_L	Cerebelum_Crus1_R	Cerebelum_Crus2_L	Cerebelum_Crus2_R	Cerebelum_3_L	Cerebelum_3_R	Cerebelum_4_5_L	Cerebelum_4_5_R	Cerebelum_6_L	Cerebelum_6_R	Cerebelum_7b_L	Cerebelum_7b_R	Cerebelum_8_L	Cerebelum_8_R	Cerebelum_9_L	Cerebelum_9_R	Cerebelum_10_L	Cerebelum_10_R	Vermis_1_2	Vermis_3	Vermis_4_5	Vermis_6	Vermis_7	Vermis_8	Vermis_9	Vermis_10	
412548	Precentral_L	0	6334	20262	884	152	0	12524	296	114	0	13298	0	3920	0	2220	0	8418	0	15300	10468	0	0	962	0	0	0	0	0	10144	0	4476	1510	152	3032	3988	2042	5168	592	472	132	0	0	140	174	0	0	74	198	350	0	2676	0	0	0	68	0	23628	1438	3192	0	6664	0	1954	0	266	0	1562	476	7060	7268	3940	464	4510	178	2618	0	5442	992	1490	0	1590	0	376	0	408	0	0	0	218	0	0	0	0	0	0	0	0	0	0	0	0	0	0	0	0	0	0	0	0	0	0	0	0	0	0	0	
369608	Precentral_R	6334	0	4708	10854	0	0	512	13106	0	0	0	3364	0	162	0	68	0	2858	1550	15208	0	128	0	292	0	0	0	0	74	5154	90	506	202	1904	3562	5038	1936	8404	0	2402	0	0	0	286	0	622	0	254	0	1760	0	396	0	172	0	3702	166	21466	0	364	78	1386	0	3442	0	714	0	1682	6710	12534	2074	9308	866	3314	0	480	4686	17090	0	280	0	664	0	138	0	590	0	0	0	1022	0	0	0	0	0	0	0	0	0	142	0	0	0	0	0	0	0	0	0	0	0	0	0	0	0	0	
851656	Frontal_Sup_L	20262	4708	0	5754	5410	0	62012	448	4582	0	16170	206	18526	186	10670	136	10172	0	67430	12988	0	0	36022	1680	178	0	464	0	37122	250	26356	8514	5696	4798	270	184	3142	106	584	68	80	0	0	90	0	0	0	0	98	0	256	0	0	0	254	0	4426	116	164	0	430	0	460	0	0	0	182	132	1666	1626	10224	1450	20208	806	3912	0	4182	512	688	0	3980	0	2444	0	1188	0	0	0	1160	0	0	0	0	0	0	0	0	0	0	0	0	0	0	0	0	0	0	0	0	0	0	0	0	0	0	0	
724344	Frontal_Sup_R	884	10854	5754	0	0	3386	892	34624	0	734	116	15116	382	9480	0	3944	0	6536	15374	65202	0	396	13556	34786	0	3254	0	1114	700	15992	4762	32808	3564	30154	124	186	120	1062	0	490	0	0	0	0	0	0	0	0	0	0	0	0	0	0	0	356	0	280	0	0	0	0	0	0	0	0	0	0	2686	234	1774	16910	516	13620	0	1298	120	6688	0	0	0	716	0	628	0	0	0	0	0	0	0	0	0	0	0	0	0	0	0	0	0	0	0	0	0	0	0	0	0	0	0	0	0	0	0	0	
101440	Frontal_Sup_Orb_L	152	0	5410	0	0	0	898	0	8760	0	118	0	806	0	7382	0	0	0	152	0	1862	486	3152	0	4268	200	6642	198	2366	0	5804	292	0	0	0	0	0	0	224	0	132	0	0	0	0	0	0	0	0	0	0	0	0	0	0	0	0	0	0	0	0	0	0	0	0	0	0	0	0	0	508	156	752	0	0	0	0	0	0	0	0	0	0	0	0	0	0	0	0	0	0	0	0	0	0	0	0	0	0	0	0	0	0	0	0	0	0	0	0	0	0	0	0	0	0	0	
70660	Frontal_Sup_Orb_R	0	0	0	3386	0	0	0	842	0	1892	0	0	0	0	0	694	0	0	0	0	152	2186	250	3032	250	6240	130	7332	0	0	386	1574	0	0	0	0	0	0	0	0	0	0	0	0	0	0	0	0	0	0	0	0	0	0	0	0	0	0	0	0	0	0	0	0	0	0	0	0	0	0	162	3140	0	3606	0	0	0	76	0	0	0	0	0	0	0	0	0	0	0	0	0	0	0	0	0	0	0	0	0	0	0	0	0	0	0	0	0	0	0	0	0	0	0	0	0	0	
435048	Frontal_Mid_L	12524	512	62012	892	898	0	0	0	3690	0	6868	0	31208	0	14586	0	466	0	11074	2004	0	0	16944	908	0	0	0	0	23380	0	12054	2860	3152	1768	456	170	966	70	178	0	0	0	0	0	0	0	0	0	0	0	118	0	0	0	0	0	624	0	0	0	334	0	186	0	0	0	332	0	0	298	1098	512	2352	446	0	0	298	86	94	0	148	0	554	0	164	0	0	0	240	0	0	0	0	0	0	0	0	0	0	0	0	0	0	0	0	0	0	0	0	0	0	0	0	0	0	0	
246480	Frontal_Mid_R	296	13106	448	34624	0	842	0	0	0	1584	0	9742	0	11334	0	3056	0	5402	406	5174	0	302	726	1944	0	0	0	478	0	9930	180	1364	268	2910	306	588	258	1884	0	612	0	0	0	0	0	0	0	0	0	0	0	0	0	0	0	606	0	574	0	0	0	0	0	0	0	0	0	286	272	0	892	2616	682	6470	0	514	168	1378	0	0	0	706	0	312	0	0	0	0	0	0	0	0	0	0	0	0	0	0	0	0	0	0	0	0	0	0	0	0	0	0	0	0	0	0	0	0	
68828	Frontal_Mid_Orb_L	114	0	4582	0	8760	0	3690	0	0	0	164	0	2024	0	11072	0	0	0	284	0	0	0	0	0	202	0	864	0	1970	0	192	0	0	0	0	0	0	0	0	0	0	0	0	0	0	0	0	0	0	0	0	0	0	0	0	0	0	0	0	0	0	0	0	0	0	0	0	0	0	0	0	0	408	0	0	0	0	0	0	0	0	0	88	0	0	0	0	0	0	0	0	0	0	0	0	0	0	0	0	0	0	0	0	0	0	0	0	0	0	0	0	0	0	0	0	0	
19652	Frontal_Mid_Orb_R	0	0	0	734	0	1892	0	1584	0	0	0	0	0	308	0	3342	0	0	0	0	0	100	0	0	0	0	0	298	0	858	0	0	0	0	0	0	0	0	0	0	0	0	0	0	0	0	0	0	0	0	0	0	0	0	0	0	0	0	0	0	0	0	0	0	0	0	0	0	0	0	0	192	0	518	0	0	0	0	0	0	0	0	0	0	0	0	0	0	0	0	0	0	0	0	0	0	0	0	0	0	0	0	0	0	0	0	0	0	0	0	0	0	0	0	0	0	
199340	Frontal_Inf_Oper_L	13298	0	16170	116	118	0	6868	0	164	0	0	0	11140	0	1046	0	9730	0	6448	128	0	0	1324	94	0	0	0	0	18928	0	2114	258	98	104	70	0	184	0	0	0	0	0	0	0	0	0	0	0	0	0	0	0	0	0	0	0	4036	0	70	0	100	0	0	0	0	0	0	0	0	0	228	0	1524	0	0	0	0	0	434	0	762	0	4116	0	0	0	0	0	0	0	0	0	0	0	0	0	0	0	0	0	0	0	0	0	0	0	0	0	0	0	0	0	0	0	0	0	
159176	Frontal_Inf_Oper_R	0	3364	206	15116	0	0	0	9742	0	0	0	0	0	8102	0	0	0	6702	102	9622	0	0	90	116	0	0	0	0	0	14382	70	434	0	1508	0	0	0	352	0	242	0	0	0	0	0	0	0	0	0	0	0	0	0	0	0	202	0	1070	0	0	0	0	0	0	0	0	0	0	0	0	222	460	0	4872	0	302	0	824	0	0	0	478	0	1008	0	0	0	0	0	0	0	0	0	0	0	0	0	0	0	0	0	0	0	0	0	0	0	0	0	0	0	0	0	0	0	0	
299224	Frontal_Inf_Tri_L	3920	0	18526	382	806	0	31208	0	2024	0	11140	0	0	0	19506	0	1234	0	7198	100	0	0	2498	322	0	0	0	0	41750	0	2670	678	76	212	84	0	172	0	0	0	0	0	0	0	0	0	0	0	0	0	0	0	0	0	0	0	158	0	0	0	0	0	0	0	0	0	76	0	0	0	138	86	3292	0	0	0	0	0	0	0	0	0	1356	0	0	0	0	0	0	0	0	0	0	0	0	0	0	0	0	0	0	0	0	0	0	0	0	0	0	0	0	0	0	0	0	0	
125728	Frontal_Inf_Tri_R	0	162	186	9480	0	0	0	11334	0	308	0	8102	0	0	0	6340	0	186	1068	6890	0	0	0	258	0	0	0	0	0	12308	0	204	444	3254	0	0	0	0	0	0	0	0	0	0	0	0	0	0	0	0	0	0	0	0	0	0	0	0	0	0	0	0	0	0	0	0	0	0	0	0	120	122	0	2006	0	92	0	0	0	0	0	0	0	0	0	0	0	0	0	0	0	0	0	0	0	0	0	0	0	0	0	0	0	0	0	0	0	0	0	0	0	0	0	0	0	0	
205180	Frontal_Inf_Orb_L	2220	0	10670	0	7382	0	14586	0	11072	0	1046	0	19506	0	0	0	390	0	2250	0	2442	246	214	104	0	0	1174	0	20470	0	280	160	0	116	0	0	632	0	284	0	476	0	0	0	0	0	0	0	0	0	0	0	0	0	0	0	136	0	0	0	0	0	0	0	0	0	0	0	0	0	606	170	3890	0	0	0	0	0	0	0	118	0	1950	0	0	0	0	0	0	0	0	0	0	0	0	0	0	0	0	0	0	0	0	0	0	0	0	0	0	0	0	0	0	0	0	0	
96788	Frontal_Inf_Orb_R	0	68	136	3944	0	694	0	3056	0	3342	0	0	0	6340	0	0	0	0	536	2602	0	790	0	100	0	0	0	668	0	16060	98	348	226	1904	0	0	0	126	0	0	0	238	0	0	0	0	0	0	0	0	0	0	0	0	0	190	0	0	0	0	0	0	0	0	0	0	0	0	0	0	410	1060	74	3462	0	0	0	0	0	0	0	0	0	1036	0	406	0	228	0	252	0	0	0	0	0	0	0	0	0	0	0	0	0	0	0	0	0	0	0	0	0	0	0	0	0	0	
183436	Rolandic_Oper_L	8418	0	10172	0	0	0	466	0	0	0	9730	0	1234	0	390	0	0	0	5030	144	0	0	0	0	0	0	0	0	13876	0	804	182	104	0	92	0	586	0	0	0	0	0	162	0	68	0	0	0	190	0	3280	0	0	0	0	0	6424	0	2404	0	2624	0	4736	0	440	0	550	0	108	0	284	0	938	0	0	0	0	0	2674	0	7882	0	3792	0	1592	0	0	0	2342	0	0	0	0	0	0	0	0	0	0	0	0	0	0	0	0	0	0	0	0	0	0	0	0	0	0	0	
113328	Rolandic_Oper_R	0	2858	0	6536	0	0	0	5402	0	0	0	6702	0	186	0	0	0	0	0	1146	0	0	0	0	0	0	0	0	0	14376	0	0	0	0	0	0	0	232	0	166	0	0	0	96	0	420	0	0	0	738	0	326	0	0	0	162	0	2868	0	0	0	0	0	1330	0	212	0	296	0	0	150	576	0	2588	0	250	0	786	0	874	0	3980	0	1302	0	1452	0	0	0	654	0	0	0	0	0	0	0	0	0	0	0	0	0	0	0	0	0	0	0	0	0	0	0	0	0	0	
656620	Supp_Motor_Area_L	15300	1550	67430	15374	152	0	11074	406	284	0	6448	102	7198	1068	2250	536	5030	0	0	35500	0	0	9612	3032	0	0	0	0	19802	854	13486	7930	9896	22060	726	102	2892	0	280	0	80	0	0	0	0	0	0	0	0	0	116	0	0	0	208	0	3296	0	112	0	344	0	714	0	0	0	68	0	16260	1172	10750	554	16538	282	7156	0	3564	78	540	0	3728	0	384	0	1072	0	0	0	920	0	0	0	0	0	0	0	0	0	0	0	0	0	0	0	0	0	0	0	0	0	0	0	0	0	0	0	
685864	Supp_Motor_Area_R	10468	15208	12988	65202	0	0	2004	5174	0	0	128	9622	100	6890	0	2602	144	1146	35500	0	0	0	2228	7654	0	334	0	310	570	8088	1702	18514	6288	45470	2362	4044	568	214	88	70	0	0	76	0	0	0	0	0	96	0	88	0	0	0	0	0	400	4372	0	0	0	0	0	0	0	0	358	128	15986	24240	2304	14690	1034	6936	102	874	2148	3264	0	0	0	0	0	156	0	0	0	0	0	0	0	0	0	0	0	0	0	0	0	0	0	0	0	0	0	0	0	0	0	0	0	0	0	0	0	0	
71440	Olfactory_L	0	0	0	0	1862	152	0	0	0	0	0	0	0	0	2442	0	0	0	0	0	0	5020	0	0	486	450	4550	1594	2478	0	2566	1930	0	0	0	0	610	0	848	0	782	0	0	0	0	0	0	0	0	0	0	0	0	0	0	0	0	0	0	0	0	0	0	0	0	0	0	0	0	0	5348	2794	836	262	0	0	0	0	0	0	0	0	710	0	0	0	0	0	0	0	0	0	0	0	0	0	0	0	0	0	0	0	0	0	0	0	0	0	0	0	0	0	0	0	0	0	
80624	Olfactory_R	0	128	0	396	486	2186	0	302	0	100	0	0	0	0	246	790	0	0	0	0	5020	0	0	172	230	1270	3336	4656	0	1514	2064	2164	0	0	0	0	0	0	0	0	0	574	0	0	0	0	0	0	0	0	0	0	0	0	0	0	0	0	0	0	0	0	0	0	0	0	0	0	0	0	6284	6656	996	542	0	0	0	200	0	0	0	0	0	0	0	0	0	0	0	0	0	0	0	0	0	0	0	0	0	0	0	0	0	0	0	0	0	0	0	0	0	0	0	0	0	0	
350896	Frontal_Sup_Medial_L	962	0	36022	13556	3152	250	16944	726	0	0	1324	90	2498	0	214	0	0	0	9612	2228	0	0	0	19498	1580	750	230	0	2526	0	26124	16166	6058	11492	0	0	0	0	0	0	0	0	0	0	0	0	0	0	0	0	0	0	0	0	0	0	0	0	0	0	0	0	0	0	0	0	0	0	0	0	1304	254	1714	174	0	0	0	0	0	0	0	0	0	0	0	0	0	0	0	0	0	0	0	0	0	0	0	0	0	0	0	0	0	0	0	0	0	0	0	0	0	0	0	0	0	0	
283492	Frontal_Sup_Medial_R	0	292	1680	34786	0	3032	908	1944	0	0	94	116	322	258	104	100	0	0	3032	7654	0	172	19498	0	242	6800	0	1156	304	550	6042	23302	1920	14830	0	0	0	134	0	110	0	0	0	0	0	0	0	0	0	0	0	0	0	0	0	84	0	0	0	0	0	0	0	0	0	0	0	0	0	0	542	4858	108	5842	0	0	0	930	0	0	0	0	0	0	0	0	0	0	0	0	0	0	0	0	0	0	0	0	0	0	0	0	0	0	0	0	0	0	0	0	0	0	0	0	0	0	
37660	Frontal_Med_Orb_L	0	0	178	0	4268	250	0	0	202	0	0	0	0	0	0	0	0	0	0	0	486	230	1580	242	0	1532	2242	566	114	0	5010	360	0	0	0	0	0	0	0	0	0	0	0	0	0	0	0	0	0	0	0	0	0	0	0	0	0	0	0	0	0	0	0	0	0	0	0	0	0	0	476	226	600	268	0	0	0	0	0	0	0	0	0	0	0	0	0	0	0	0	0	0	0	0	0	0	0	0	0	0	0	0	0	0	0	0	0	0	0	0	0	0	0	0	0	0	
88224	Frontal_Med_Orb_R	0	0	0	3254	200	6240	0	0	0	0	0	0	0	0	0	0	0	0	0	334	450	1270	750	6800	1532	0	380	6552	0	0	2330	6206	0	0	0	0	0	0	0	0	0	0	0	0	0	0	0	0	0	0	0	0	0	0	0	0	0	0	0	0	0	0	0	0	0	0	0	0	0	0	320	3020	0	4226	0	0	0	248	0	0	0	0	0	0	0	0	0	0	0	0	0	0	0	0	0	0	0	0	0	0	0	0	0	0	0	0	0	0	0	0	0	0	0	0	0	0	
67612	Rectus_L	0	0	464	0	6642	130	0	0	864	0	0	0	0	0	1174	0	0	0	0	0	4550	3336	230	0	2242	380	0	1468	212	0	4916	1746	0	0	0	0	0	0	0	0	0	0	0	0	0	0	0	0	0	0	0	0	0	0	0	0	0	0	0	0	0	0	0	0	0	0	0	0	0	0	3302	1408	556	186	0	0	0	0	0	0	0	0	0	0	0	0	0	0	0	0	0	0	0	0	0	0	0	0	0	0	0	0	0	0	0	0	0	0	0	0	0	0	0	0	0	0	
81972	Rectus_R	0	0	0	1114	198	7332	0	478	0	298	0	0	0	0	0	668	0	0	0	310	1594	4656	0	1156	566	6552	1468	0	0	462	1638	3598	0	0	0	0	0	0	0	0	0	0	0	0	0	0	0	0	0	0	0	0	0	0	0	0	0	0	0	0	0	0	0	0	0	0	0	0	0	0	1126	4710	104	2958	0	0	0	0	0	0	0	0	0	0	0	0	0	0	0	0	0	0	0	0	0	0	0	0	0	0	0	0	0	0	0	0	0	0	0	0	0	0	0	0	0	0	
560388	Insula_L	10144	74	37122	700	2366	0	23380	0	1970	0	18928	0	41750	0	20470	0	13876	0	19802	570	2478	0	2526	304	114	0	212	0	0	0	4366	1220	248	376	738	260	8590	100	1448	0	1940	0	196	0	0	0	0	78	0	0	2624	0	0	0	1920	0	4790	0	3296	0	3366	0	590	0	0	0	904	88	158	0	954	310	19350	78	0	0	1514	0	3646	0	8324	0	6674	0	2094	0	0	0	3168	0	0	0	0	0	0	0	0	0	0	0	0	0	0	0	0	0	0	0	0	0	0	0	0	0	0	0	
334276	Insula_R	0	5154	250	15992	0	0	0	9930	0	858	0	14382	0	12308	0	16060	0	14376	854	8088	0	1514	0	550	0	0	0	462	0	0	126	428	224	3094	0	0	0	6724	0	3054	0	2456	0	108	0	588	0	80	0	652	0	330	0	0	0	3280	0	2928	0	86	0	70	0	0	0	96	0	558	0	0	622	1354	116	24958	0	240	0	1674	0	1956	0	5966	0	1622	0	1994	0	0	0	730	0	0	0	0	0	0	0	84	0	162	0	0	0	0	0	0	0	0	0	0	0	0	0	0	0	0	
373992	Cingulum_Ant_L	4476	90	26356	4762	5804	386	12054	180	192	0	2114	70	2670	0	280	98	804	0	13486	1702	2566	2064	26124	6042	5010	2330	4916	1638	4366	126	0	19036	6968	5116	116	0	162	0	0	0	0	0	0	0	0	0	0	0	0	0	0	0	0	0	0	0	280	0	0	0	0	0	0	0	0	0	0	0	0	0	10948	2962	9166	1118	0	0	102	0	0	0	234	0	82	0	0	0	0	0	0	0	0	0	0	0	0	0	0	0	0	0	0	0	0	0	0	0	0	0	0	0	0	0	0	0	0	0	
447912	Cingulum_Ant_R	1510	506	8514	32808	292	1574	2860	1364	0	0	258	434	678	204	160	348	182	0	7930	18514	1930	2164	16166	23302	360	6206	1746	3598	1220	428	19036	0	3800	23296	0	0	0	144	0	110	0	0	0	0	0	0	0	0	0	0	0	0	0	0	0	78	74	0	0	0	0	0	0	0	0	0	0	0	118	0	5774	20484	1698	12486	0	98	106	1398	0	0	0	0	0	0	0	0	0	0	0	0	0	0	0	0	0	0	0	0	0	0	0	0	0	0	0	0	0	0	0	0	0	0	0	0	0	0	
162884	Cingulum_Mid_L	152	202	5696	3564	0	0	3152	268	0	0	98	0	76	444	0	226	104	0	9896	6288	0	0	6058	1920	0	0	0	0	248	224	6968	3800	0	14232	2956	802	0	0	0	0	0	0	104	0	162	0	0	0	1018	0	848	0	114	0	0	0	498	500	278	0	0	0	0	0	0	0	3298	324	4922	1576	88	0	164	0	0	0	90	0	0	0	0	0	0	0	84	0	0	0	0	0	0	0	0	0	0	0	0	0	0	0	0	0	0	0	0	0	0	0	0	0	0	0	0	0	0	0	
491284	Cingulum_Mid_R	3032	1904	4798	30154	0	0	1768	2910	0	0	104	1508	212	3254	116	1904	0	0	22060	45470	0	0	11492	14830	0	0	0	0	376	3094	5116	23296	14232	0	868	7736	0	0	0	0	0	0	0	2086	0	984	0	300	0	416	0	382	0	232	0	0	102	5860	0	0	0	0	0	0	0	0	492	5140	12398	15662	178	222	242	512	0	0	0	0	0	0	0	0	0	0	0	96	0	0	0	104	0	0	0	0	0	0	0	0	0	0	0	0	0	0	0	0	0	0	0	0	0	0	0	0	0	0	
189328	Cingulum_Post_L	3988	3562	270	124	0	0	456	306	0	0	70	0	84	0	0	0	92	0	726	2362	0	0	0	0	0	0	0	0	738	0	116	0	2956	868	0	13996	8772	5642	314	664	0	0	4632	0	862	0	1612	1188	552	0	1728	0	110	0	108	230	848	1614	146	0	104	0	180	0	0	0	10486	1726	6754	2060	228	216	138	0	0	0	4082	5386	972	0	152	0	0	0	1462	0	0	0	74	0	0	0	0	0	0	0	0	238	0	0	0	0	0	0	0	0	0	0	0	0	670	0	0	0	0	0	
210000	Cingulum_Post_R	2042	5038	184	186	0	0	170	588	0	0	0	0	0	0	0	0	0	0	102	4044	0	0	0	0	0	0	0	0	260	0	0	0	802	7736	13996	0	6022	8868	234	1018	0	0	904	1170	98	244	362	3762	92	0	458	0	0	0	0	868	308	7580	0	0	0	0	0	0	0	0	2344	9472	1252	8776	224	558	0	80	0	0	5828	7356	322	0	0	0	0	0	448	0	0	0	0	0	0	0	0	0	0	0	0	350	0	102	0	0	0	0	0	0	0	0	0	0	752	0	0	0	0	0	
227360	Hippocampus_L	5168	1936	3142	120	0	0	966	258	0	0	184	0	172	0	632	0	586	0	2892	568	610	0	0	0	0	0	0	0	8590	0	162	0	0	0	8772	6022	0	4370	9514	480	6176	0	1128	0	0	0	2746	1190	0	0	694	0	74	0	7668	200	1274	78	442	0	524	0	158	0	0	0	5318	1320	1506	100	228	0	5214	0	1042	0	5352	3084	2230	0	2240	0	1692	0	824	0	0	0	5074	0	0	0	0	0	0	0	0	242	0	0	0	0	0	0	0	0	0	0	0	126	592	0	0	0	0	0	
335592	Hippocampus_R	592	8404	106	1062	0	0	70	1884	0	0	0	352	0	0	0	126	0	232	0	214	0	0	0	134	0	0	0	0	100	6724	0	144	0	0	5642	8868	4370	0	320	29656	0	7220	0	1212	0	3508	84	4722	0	4258	0	984	0	0	0	29574	0	2806	0	208	0	698	0	300	0	544	112	6792	0	506	110	436	0	9064	0	516	2770	6982	118	712	0	3714	0	1048	0	2388	0	0	0	3502	0	490	0	0	0	0	0	2028	0	1270	0	0	0	0	0	0	0	0	0	0	120	0	0	0	0	0	
55380	ParaHippocampal_L	472	0	584	0	224	0	178	0	0	0	0	0	0	0	284	0	0	0	280	88	848	0	0	0	0	0	0	0	1448	0	0	0	0	0	314	234	9514	320	0	0	1350	0	338	0	0	0	3476	188	0	0	82	0	0	0	2686	0	250	0	0	0	0	0	0	0	0	0	392	126	0	0	0	0	1138	0	0	0	712	0	0	0	224	0	326	0	0	0	142	0	190	0	144	0	0	0	0	0	564	0	426	0	0	0	0	0	0	0	0	0	0	148	0	0	0	0	0	0	
214224	ParaHippocampal_R	132	2402	68	490	0	0	0	612	0	0	0	242	0	0	0	0	0	166	0	70	0	0	0	110	0	0	0	0	0	3054	0	110	0	0	664	1018	480	29656	0	0	0	5196	0	704	0	3252	0	3904	0	3970	0	854	0	0	0	24434	0	1160	0	182	0	682	0	250	0	516	0	2698	0	236	92	308	0	4360	0	422	360	1736	0	538	0	2792	0	1180	0	1364	0	166	0	1772	0	516	0	0	0	96	0	3026	0	910	0	0	0	0	0	0	0	0	0	0	94	0	68	0	0	0	
31420	Amygdala_L	0	0	80	0	132	0	0	0	0	0	0	0	0	0	476	0	0	0	80	0	782	0	0	0	0	0	0	0	1940	0	0	0	0	0	0	0	6176	0	1350	0	0	0	0	0	0	0	0	0	0	0	0	0	0	0	2306	0	0	0	0	0	0	0	0	0	0	0	0	0	0	0	0	0	220	0	0	0	0	0	0	0	0	0	1086	0	0	0	0	0	1082	0	0	0	0	0	0	0	0	0	0	0	0	0	0	0	0	0	0	0	0	0	0	0	0	0	0	0	
52756	Amygdala_R	0	0	0	0	0	0	0	0	0	0	0	0	0	0	0	238	0	0	0	0	0	574	0	0	0	0	0	0	0	2456	0	0	0	0	0	0	0	7220	0	5196	0	0	0	0	0	0	0	0	0	0	0	0	0	0	0	5346	0	0	0	0	0	0	0	0	0	0	0	0	0	0	0	0	0	1332	0	0	0	0	0	0	0	0	0	2100	0	344	0	68	0	1504	0	0	0	0	0	0	0	0	0	0	0	0	0	0	0	0	0	0	0	0	0	0	0	0	0	0	
280164	Calcarine_L	140	0	0	0	0	0	0	0	0	0	0	0	0	0	0	0	162	0	0	76	0	0	0	0	0	0	0	0	196	0	0	0	104	0	4632	904	1128	0	338	0	0	0	0	11486	14668	6148	13530	3902	15066	1660	26514	372	8394	792	464	1954	256	0	648	0	146	0	596	0	0	0	14504	292	524	0	0	0	0	0	0	0	0	0	1278	0	352	0	0	0	5912	0	0	0	878	206	154	116	0	0	0	0	126	0	546	356	0	0	0	0	0	0	0	0	0	0	68	364	130	0	0	0	
484956	Calcarine_R	174	286	90	0	0	0	0	0	0	0	0	0	0	0	0	0	0	96	0	0	0	0	0	0	0	0	0	0	0	108	0	0	0	2086	0	1170	0	1212	0	704	0	0	11486	0	7106	40516	5656	21942	1076	27698	506	17480	250	13694	78	17960	0	7484	0	3098	0	500	0	98	0	376	2048	34366	144	1732	0	0	0	0	0	0	0	0	0	152	0	404	0	0	0	7258	0	0	0	9270	314	204	0	0	0	0	146	230	386	928	0	0	0	0	0	0	0	0	0	0	952	726	288	0	0	0	
188984	Cuneus_L	0	0	0	0	0	0	0	0	0	0	0	0	0	0	0	0	68	0	0	0	0	0	0	0	0	0	0	0	0	0	0	0	162	0	862	98	0	0	0	0	0	0	14668	7106	0	8544	1634	1012	30098	1840	11560	474	996	150	0	834	302	0	1704	0	0	0	112	0	0	0	8886	454	1092	0	0	0	0	0	0	0	0	0	132	0	96	0	0	0	1440	0	0	0	168	0	0	0	0	0	0	0	0	0	0	0	0	0	0	0	0	0	0	0	0	0	0	0	0	0	0	0	
485596	Cuneus_R	0	622	0	0	0	0	0	0	0	0	0	0	0	0	0	0	0	420	0	0	0	0	0	0	0	0	0	0	0	588	0	0	0	984	0	244	0	3508	0	3252	0	0	6148	40516	8544	0	2604	5414	1024	55222	308	19492	108	4576	0	11708	0	7584	0	7294	0	2864	0	662	0	2258	4168	40332	0	1722	0	0	0	282	0	0	0	0	0	680	0	1918	0	0	0	2602	0	0	0	4182	0	0	0	0	0	0	120	126	110	218	0	0	0	0	0	0	0	0	0	0	232	162	0	0	0	0	
268680	Lingual_L	74	0	0	0	0	0	0	0	0	0	0	0	0	0	0	0	0	0	0	0	0	0	0	0	0	0	0	0	0	0	0	0	0	0	1612	362	2746	84	3476	0	0	0	13530	5656	1634	2604	0	5174	1350	1122	13934	342	11934	414	15542	1270	0	0	0	0	0	0	0	0	0	0	3468	168	0	0	0	0	0	0	0	0	356	0	0	0	0	0	0	0	414	0	0	0	140	0	7520	864	174	0	536	138	13018	568	14336	1568	0	0	70	82	588	0	0	0	222	518	2730	3078	828	96	0	0	
358688	Lingual_R	198	254	0	0	0	0	0	0	0	0	0	0	0	0	0	0	0	0	0	0	0	0	0	0	0	0	0	0	78	80	0	0	0	300	1188	3762	1190	4722	188	3904	0	0	3902	21942	1012	5414	5174	0	160	5096	180	2954	340	3476	2294	24162	0	1754	0	156	0	90	0	0	0	0	396	8260	0	740	0	0	0	196	0	0	280	626	96	82	0	154	0	0	0	178	0	0	0	440	5584	5444	102	174	252	132	4512	10644	8768	12374	0	0	0	108	0	106	0	0	0	200	12828	9948	2468	160	122	0	
257236	Occipital_Sup_L	350	0	98	0	0	0	0	0	0	0	0	0	0	0	0	0	190	0	0	96	0	0	0	0	0	0	0	0	0	0	0	0	1018	0	552	92	0	0	0	0	0	0	15066	1076	30098	1024	1350	160	0	0	34916	0	2518	0	104	76	3364	0	11488	0	2066	0	174	0	1064	0	15596	0	1692	94	0	0	0	0	0	0	0	0	80	0	388	0	0	0	2586	0	0	0	1242	0	0	0	0	0	0	0	0	0	0	0	0	0	0	0	0	0	0	0	0	0	0	0	0	0	0	0	
471492	Occipital_Sup_R	0	1760	0	0	0	0	0	0	0	0	0	0	0	0	0	0	0	738	0	0	0	0	0	0	0	0	0	0	0	652	0	0	0	416	0	0	0	4258	0	3970	0	0	1660	27698	1840	55222	1122	5096	0	0	0	31940	0	4170	0	10564	0	8580	0	10510	0	4994	0	1186	0	8692	1052	34664	0	686	0	0	0	314	0	0	0	0	0	926	0	3334	0	0	0	3594	0	0	0	5830	0	0	0	0	0	0	70	76	0	0	0	0	0	0	0	0	0	0	0	0	132	0	0	0	0	0	
581096	Occipital_Mid_L	2676	0	256	0	0	0	118	0	0	0	0	0	0	0	0	0	3280	0	116	88	0	0	0	0	0	0	0	0	2624	0	0	0	848	0	1728	458	694	0	82	0	0	0	26514	506	11560	308	13934	180	34916	0	0	0	31486	0	5378	0	10022	0	27572	0	20138	0	3982	0	13456	0	20700	0	4302	82	0	0	230	0	0	0	192	0	2980	0	4912	0	0	0	29830	0	0	0	11926	0	2116	0	0	0	0	0	108	0	180	0	0	0	0	0	0	0	0	0	0	0	0	70	0	0	0	0	
301524	Occipital_Mid_R	0	396	0	0	0	0	0	0	0	0	0	0	0	0	0	0	0	326	0	0	0	0	0	0	0	0	0	0	0	330	0	0	0	382	0	0	0	984	0	854	0	0	372	17480	474	19492	342	2954	0	31940	0	0	0	8452	0	5184	0	5054	0	3350	0	3256	0	270	0	11968	250	15474	0	484	0	0	0	142	0	0	0	0	0	362	0	1186	0	0	0	13150	0	0	0	5854	0	0	0	0	0	0	0	0	0	0	0	0	0	0	0	0	0	0	0	0	0	0	0	0	0	0	
169588	Occipital_Inf_L	0	0	0	0	0	0	0	0	0	0	0	0	0	0	0	0	0	0	0	0	0	0	0	0	0	0	0	0	0	0	0	0	114	0	110	0	74	0	0	0	0	0	8394	250	996	108	11934	340	2518	0	31486	0	0	0	8406	226	74	0	706	0	0	0	132	0	0	0	2056	0	146	0	0	0	0	0	0	0	0	0	404	0	70	0	0	0	4196	0	0	0	4838	0	1632	0	0	0	0	0	2230	248	2334	168	0	0	0	0	0	0	0	0	0	0	604	0	0	0	0	0	
137432	Occipital_Inf_R	0	172	0	0	0	0	0	0	0	0	0	0	0	0	0	0	0	0	0	0	0	0	0	0	0	0	0	0	0	0	0	0	0	232	0	0	0	0	0	0	0	0	792	13694	150	4576	414	3476	0	4170	0	8452	0	0	116	9246	0	1068	0	164	0	0	0	0	0	0	196	3188	0	138	0	0	0	0	0	0	0	0	0	0	0	0	0	0	0	3872	0	0	0	7678	972	86	0	0	0	0	1018	1168	1022	1298	0	0	0	0	0	0	0	0	0	0	1216	142	0	0	0	0	
283384	Fusiform_L	68	0	254	0	0	0	0	0	0	0	0	0	0	0	0	0	0	0	208	0	0	0	0	0	0	0	0	0	1920	0	0	0	0	0	108	0	7668	0	2686	0	2306	0	464	78	0	0	15542	2294	104	0	5378	0	8406	116	0	1232	0	0	0	0	0	0	0	0	0	0	182	0	0	0	0	0	398	0	0	0	464	0	716	0	2810	0	884	0	1450	0	484	0	8558	0	16458	536	1400	0	952	0	18686	1210	27508	1476	452	0	1150	0	384	90	76	0	0	0	3480	2318	580	68	90	0	
537540	Fusiform_R	0	3702	0	356	0	0	0	606	0	0	0	202	0	0	0	190	0	162	0	0	0	0	0	84	0	0	0	0	0	3280	0	78	0	0	230	868	200	29574	0	24434	0	5346	1954	17960	834	11708	1270	24162	76	10564	0	5184	226	9246	1232	0	0	5476	0	530	0	854	0	320	0	636	0	7420	0	1188	86	278	0	4506	0	342	124	712	0	746	0	4250	0	5030	0	4164	0	1248	0	16302	3394	7968	138	300	0	130	3452	12234	4508	16080	0	0	0	166	0	0	0	0	0	0	7880	3490	1090	0	0	0	
259356	Postcentral_L	23628	166	4426	0	0	0	624	0	0	0	4036	0	158	0	136	0	6424	0	3296	400	0	0	0	0	0	0	0	0	4790	0	280	74	498	102	848	308	1274	0	250	0	0	0	256	0	302	0	0	0	3364	0	10022	0	74	0	0	0	0	218	13974	0	24216	0	7006	0	2802	0	4444	0	3904	280	148	0	804	0	0	0	512	0	1940	0	1942	0	140	0	956	0	0	0	656	0	0	0	0	0	0	0	0	0	0	0	0	0	0	0	0	0	0	0	0	0	0	0	0	0	0	0	
303624	Postcentral_R	1438	21466	116	280	0	0	0	574	0	0	0	1070	0	0	0	0	0	2868	0	4372	0	0	0	0	0	0	0	0	0	2928	0	0	500	5860	1614	7580	78	2806	0	1160	0	0	0	7484	0	7584	0	1754	0	8580	0	5054	0	1068	0	5476	218	0	0	3450	0	3930	0	7720	0	1760	406	16688	1722	14958	0	232	0	1352	0	0	70	512	0	554	0	1524	0	0	0	1824	0	0	0	3104	0	0	0	0	0	0	0	0	0	78	0	0	0	0	0	0	0	0	0	0	0	0	0	0	0	0	
249704	Parietal_Sup_L	3192	0	164	0	0	0	0	0	0	0	70	0	0	0	0	0	2404	0	112	0	0	0	0	0	0	0	0	0	3296	0	0	0	278	0	146	0	442	0	0	0	0	0	648	0	1704	0	0	0	11488	0	27572	0	706	0	0	0	13974	0	0	0	21688	0	1610	0	5224	0	17828	0	1718	0	0	0	290	0	0	0	128	0	858	0	2450	0	0	0	3354	0	0	0	3508	0	0	0	0	0	0	0	0	0	0	0	0	0	0	0	0	0	0	0	0	0	0	0	0	0	0	0	
101196	Parietal_Sup_R	0	364	0	0	0	0	0	0	0	0	0	0	0	0	0	0	0	0	0	0	0	0	0	0	0	0	0	0	0	86	0	0	0	0	0	0	0	208	0	182	0	0	0	3098	0	7294	0	156	0	10510	0	3350	0	164	0	530	0	3450	0	0	0	3714	0	740	0	3606	0	11698	0	818	0	0	0	0	0	0	0	0	0	0	0	100	0	0	0	122	0	0	0	408	0	0	0	0	0	0	0	0	0	0	0	0	0	0	0	0	0	0	0	0	0	0	0	0	0	0	
262524	Parietal_Inf_L	6664	78	430	0	0	0	334	0	0	0	100	0	0	0	0	0	2624	0	344	0	0	0	0	0	0	0	0	0	3366	0	0	0	0	0	104	0	524	0	0	0	0	0	146	0	0	0	0	0	2066	0	20138	0	0	0	0	0	24216	0	21688	0	0	0	9520	0	19624	0	2976	0	856	0	0	0	350	0	0	0	96	0	886	0	3758	0	0	0	8384	0	0	0	1990	0	0	0	0	0	0	0	0	0	0	0	0	0	0	0	0	0	0	0	0	0	0	0	0	0	0	0	
91236	Parietal_Inf_R	0	1386	0	0	0	0	0	0	0	0	0	0	0	0	0	0	0	0	0	0	0	0	0	0	0	0	0	0	0	70	0	0	0	0	0	0	0	698	0	682	0	0	0	500	0	2864	0	90	0	4994	0	3256	0	0	0	854	0	3930	0	3714	0	0	0	7810	0	8630	0	2648	0	0	0	0	0	0	0	0	0	0	0	126	0	1896	0	0	0	1244	0	0	0	226	0	0	0	0	0	0	0	0	0	0	0	0	0	0	0	0	0	0	0	0	0	0	0	0	0	0	
110436	SupraMarginal_L	1954	0	460	0	0	0	186	0	0	0	0	0	0	0	0	0	4736	0	714	0	0	0	0	0	0	0	0	0	590	0	0	0	0	0	180	0	158	0	0	0	0	0	596	0	112	0	0	0	174	0	3982	0	132	0	0	0	7006	0	1610	0	9520	0	0	0	4052	0	818	0	710	0	0	0	158	0	0	0	0	0	708	0	8638	0	0	0	5686	0	0	0	2338	0	0	0	0	0	0	0	0	0	0	0	0	0	0	0	0	0	0	0	0	0	0	0	0	0	0	0	
82028	SupraMarginal_R	0	3442	0	0	0	0	0	0	0	0	0	0	0	0	0	0	0	1330	0	0	0	0	0	0	0	0	0	0	0	0	0	0	0	0	0	0	0	300	0	250	0	0	0	98	0	662	0	0	0	1186	0	270	0	0	0	320	0	7720	0	740	0	7810	0	0	0	5394	0	764	0	0	0	0	0	0	0	0	0	0	0	110	0	7128	0	0	0	3054	0	0	0	436	0	0	0	0	0	0	0	0	0	0	0	0	0	0	0	0	0	0	0	0	0	0	0	0	0	0	
129324	Angular_L	266	0	0	0	0	0	0	0	0	0	0	0	0	0	0	0	440	0	0	0	0	0	0	0	0	0	0	0	0	0	0	0	0	0	0	0	0	0	0	0	0	0	0	0	0	0	0	0	1064	0	13456	0	0	0	0	0	2802	0	5224	0	19624	0	4052	0	0	0	2460	0	0	0	0	0	0	0	0	0	0	0	158	0	2192	0	0	0	11888	0	0	0	1036	0	0	0	0	0	0	0	0	0	0	0	0	0	0	0	0	0	0	0	0	0	0	0	0	0	0	0	
132380	Angular_R	0	714	0	0	0	0	0	0	0	0	0	0	0	0	0	0	0	212	0	0	0	0	0	0	0	0	0	0	0	96	0	0	0	0	0	0	0	544	0	516	0	0	0	376	0	2258	0	0	0	8692	0	11968	0	0	0	636	0	1760	0	3606	0	8630	0	5394	0	0	0	2576	0	0	0	0	0	0	0	0	0	0	0	152	0	6110	0	0	0	10752	0	0	0	1198	0	0	0	0	0	0	0	0	0	0	0	0	0	0	0	0	0	0	0	0	0	0	0	0	0	0	
308600	Precuneus_L	1562	0	182	0	0	0	332	0	0	0	0	0	76	0	0	0	550	0	68	358	0	0	0	0	0	0	0	0	904	0	0	0	3298	492	10486	2344	5318	112	392	0	0	0	14504	2048	8886	4168	3468	396	15596	1052	20700	250	2056	196	182	0	4444	406	17828	0	2976	0	818	0	2460	0	0	6112	6176	430	0	0	178	0	0	0	222	0	1544	0	1254	0	0	0	7154	0	0	0	2168	68	0	0	0	0	0	0	0	0	0	0	0	0	0	0	0	0	0	0	0	0	86	0	0	0	0	0	
473988	Precuneus_R	476	1682	132	0	0	0	0	286	0	0	0	0	0	0	0	0	0	296	0	128	0	0	0	0	0	0	0	0	88	558	0	0	324	5140	1726	9472	1320	6792	126	2698	0	0	292	34366	454	40332	168	8260	0	34664	0	15474	0	3188	0	7420	0	16688	0	11698	0	2648	0	764	0	2576	6112	0	504	6842	0	0	0	248	0	0	552	400	106	698	0	2106	0	0	0	2634	0	0	0	5276	0	0	0	0	0	0	0	428	0	136	0	0	0	0	0	0	0	0	0	0	716	0	0	0	0	0	
239588	Paracentral_Lobule_L	7060	6710	1666	2686	0	0	0	272	0	0	0	0	0	0	0	0	108	0	16260	15986	0	0	0	0	0	0	0	0	158	0	0	118	4922	12398	6754	1252	1506	0	0	0	0	0	524	144	1092	0	0	0	1692	0	4302	0	146	0	0	0	3904	1722	1718	0	856	0	710	0	0	0	6176	504	0	8808	1462	0	1072	0	2610	0	2634	0	126	0	116	0	0	0	1448	0	0	0	172	0	0	0	0	0	0	0	0	0	0	0	0	0	0	0	0	0	0	0	0	0	0	0	0	0	0	0	
235480	Paracentral_Lobule_R	7268	12534	1626	234	0	0	298	0	0	0	0	0	0	0	0	0	0	0	1172	24240	0	0	0	0	0	0	0	0	0	0	0	0	1576	15662	2060	8776	100	506	0	236	0	0	0	1732	0	1722	0	740	94	686	82	484	0	138	0	1188	280	14958	0	818	0	0	0	0	0	0	430	6842	8808	0	564	120	0	0	0	0	1216	420	0	0	0	0	0	0	0	0	0	0	0	130	0	0	0	0	0	0	0	0	0	0	0	0	0	0	0	0	0	0	0	0	0	0	0	0	0	0	
252344	Caudate_L	3940	2074	10224	1774	508	162	1098	892	0	0	228	222	138	120	606	410	284	150	10750	2304	5348	6284	1304	542	476	320	3302	1126	954	622	10948	5774	88	178	228	224	228	110	0	92	0	0	0	0	0	0	0	0	0	0	0	0	0	0	0	86	148	0	0	0	0	0	0	0	0	0	0	0	1462	564	0	16308	19226	1682	3482	0	7648	1454	0	0	0	0	80	0	0	0	0	0	0	0	0	0	0	0	0	0	0	0	0	0	0	0	0	0	0	0	0	0	0	0	0	0	0	0	0	0	
329384	Caudate_R	464	9308	1450	16910	156	3140	512	2616	0	192	0	460	86	122	170	1060	0	576	554	14690	2794	6656	254	4858	226	3020	1408	4710	310	1354	2962	20484	0	222	216	558	0	436	0	308	0	0	0	0	0	0	0	0	0	0	0	0	0	0	0	278	0	232	0	0	0	0	0	0	0	0	0	0	0	120	16308	0	2706	18840	98	2974	3456	16438	0	0	0	0	0	0	0	0	0	0	0	0	0	0	0	0	0	0	0	0	0	0	0	0	0	0	0	0	0	0	0	0	0	0	0	0	0	0	
274252	Putamen_L	4510	866	20208	516	752	0	2352	682	408	0	1524	0	3292	0	3890	74	938	0	16538	1034	836	996	1714	108	600	0	556	104	19350	116	9166	1698	164	242	138	0	5214	0	1138	0	220	0	0	0	0	0	0	0	0	0	230	0	0	0	398	0	804	0	290	0	350	0	158	0	0	0	178	0	1072	0	19226	2706	0	304	5692	0	2970	114	474	0	1212	0	828	0	0	0	0	0	176	0	0	0	0	0	0	0	0	0	0	0	0	0	0	0	0	0	0	0	0	0	0	0	0	0	0	0	
310636	Putamen_R	178	3314	806	13620	0	3606	446	6470	0	518	0	4872	0	2006	0	3462	0	2588	282	6936	262	542	174	5842	268	4226	186	2958	78	24958	1118	12486	0	512	0	80	0	9064	0	4360	0	1332	0	0	0	282	0	196	0	314	0	142	0	0	0	4506	0	1352	0	0	0	0	0	0	0	0	0	248	0	0	1682	18840	304	0	0	2876	0	3520	0	0	0	1412	0	338	0	790	0	0	0	672	0	0	0	0	0	0	0	102	0	192	0	0	0	0	0	0	0	0	0	0	0	0	0	0	0	0	
56696	Pallidum_L	2618	0	3912	0	0	0	0	0	0	0	0	0	0	0	0	0	0	0	7156	102	0	0	0	0	0	0	0	0	0	0	0	0	0	0	0	0	1042	0	0	0	0	0	0	0	0	0	0	0	0	0	0	0	0	0	0	0	0	0	0	0	0	0	0	0	0	0	0	0	2610	0	3482	98	5692	0	0	0	1636	0	0	0	0	0	0	0	0	0	0	0	0	0	0	0	0	0	0	0	0	0	0	0	0	0	0	0	0	0	0	0	0	0	0	0	0	0	0	0	
23328	Pallidum_R	0	480	0	1298	0	0	0	514	0	0	0	302	0	92	0	0	0	250	0	874	0	0	0	0	0	0	0	0	0	240	0	98	0	0	0	0	0	516	0	422	0	0	0	0	0	0	0	0	0	0	0	0	0	0	0	342	0	0	0	0	0	0	0	0	0	0	0	0	0	0	0	2974	0	2876	0	0	0	386	0	0	0	0	0	0	0	0	0	0	0	0	0	0	0	0	0	0	0	0	0	0	0	0	0	0	0	0	0	0	0	0	0	0	0	0	0	0	
158628	Thalamus_L	5442	4686	4182	120	0	0	298	168	0	0	0	0	0	0	0	0	0	0	3564	2148	0	0	0	0	0	0	0	0	1514	0	102	106	90	0	4082	5828	5352	2770	712	360	0	0	0	0	0	0	356	280	0	0	192	0	0	0	464	124	512	70	128	0	96	0	0	0	0	0	222	552	2634	1216	7648	3456	2970	0	1636	0	0	13530	334	0	296	0	0	0	276	0	0	0	706	0	0	0	0	0	0	0	0	92	0	0	0	0	0	0	0	0	0	0	0	0	0	0	0	0	0	0	
199416	Thalamus_R	992	17090	512	6688	0	76	86	1378	0	0	0	824	0	0	0	0	0	786	78	3264	0	200	0	930	0	248	0	0	0	1674	0	1398	0	0	5386	7356	3084	6982	0	1736	0	0	0	0	0	0	0	626	0	0	0	0	0	0	0	712	0	512	0	0	0	0	0	0	0	0	0	400	0	420	1454	16438	114	3520	0	386	13530	0	0	0	0	172	0	78	0	82	0	0	0	70	0	68	0	0	0	0	0	242	0	116	0	0	0	0	0	0	0	0	0	0	0	0	0	0	0	0	
80440	Heschl_L	1490	0	688	0	0	0	94	0	0	0	434	0	0	0	0	0	2674	0	540	0	0	0	0	0	0	0	0	0	3646	0	0	0	0	0	972	322	2230	118	0	0	0	0	1278	0	132	0	0	96	80	0	2980	0	404	0	716	0	1940	0	858	0	886	0	708	0	158	0	1544	106	126	0	0	0	474	0	0	0	334	0	0	0	5186	0	200	0	6340	0	0	0	2466	0	0	0	0	0	0	0	0	0	0	0	0	0	0	0	0	0	0	0	0	0	0	0	0	0	0	0	
32272	Heschl_R	0	280	0	0	0	0	0	0	0	0	0	0	0	0	0	0	0	874	0	0	0	0	0	0	0	0	0	0	0	1956	0	0	0	0	0	0	0	712	0	538	0	0	0	152	0	680	0	82	0	926	0	362	0	0	0	746	0	554	0	0	0	126	0	110	0	152	0	698	0	0	0	0	0	0	0	0	0	0	0	0	0	4810	0	0	0	1264	0	0	0	1114	0	0	0	0	0	0	0	0	0	0	0	0	0	0	0	0	0	0	0	0	0	0	0	0	0	0	
227556	Temporal_Sup_L	1590	0	3980	0	0	0	148	0	0	0	762	0	0	0	118	0	7882	0	3728	0	0	0	0	0	0	0	0	0	8324	0	234	0	0	0	152	0	2240	0	224	0	0	0	352	0	96	0	0	0	388	0	4912	0	70	0	2810	0	1942	0	2450	0	3758	0	8638	0	2192	0	1254	0	116	0	0	0	1212	0	0	0	296	0	5186	0	0	0	2652	0	25144	0	162	0	20766	0	0	0	0	0	0	0	0	0	0	0	0	0	0	0	0	0	0	0	0	0	0	0	0	0	0	0	
158508	Temporal_Sup_R	0	664	0	716	0	0	0	706	0	0	0	478	0	0	0	0	0	3980	0	0	0	0	0	0	0	0	0	0	0	5966	0	0	0	0	0	0	0	3714	0	2792	0	0	0	404	0	1918	0	154	0	3334	0	1186	0	0	0	4250	0	1524	0	100	0	1896	0	7128	0	6110	0	2106	0	0	0	0	0	1412	0	0	0	172	0	4810	0	0	0	1756	0	16102	0	280	0	5472	0	0	0	0	0	0	0	0	0	124	0	0	0	0	0	0	0	0	0	0	0	0	0	0	0	0	
82860	Temporal_Pole_Sup_L	376	0	2444	0	0	0	554	0	88	0	4116	0	1356	0	1950	0	3792	0	384	0	710	0	0	0	0	0	0	0	6674	0	82	0	0	0	0	0	1692	0	326	0	1086	0	0	0	0	0	0	0	0	0	0	0	0	0	884	0	140	0	0	0	0	0	0	0	0	0	0	0	0	0	80	0	828	0	0	0	0	0	200	0	2652	0	0	0	4108	0	3170	0	3738	0	0	0	0	0	0	0	0	0	0	0	0	0	0	0	0	0	0	0	0	0	0	0	0	0	0	0	
51988	Temporal_Pole_Sup_R	0	138	0	628	0	0	0	312	0	0	0	1008	0	0	0	1036	0	1302	0	156	0	0	0	0	0	0	0	0	0	1622	0	0	0	0	0	0	0	1048	0	1180	0	2100	0	0	0	0	0	0	0	0	0	0	0	0	0	5030	0	0	0	0	0	0	0	0	0	0	0	0	0	0	0	0	0	338	0	0	0	78	0	0	0	1756	0	0	0	2256	0	2510	0	3496	0	0	0	0	0	0	0	0	0	0	0	0	0	0	0	0	0	0	0	0	0	0	0	0	0	0	
341876	Temporal_Mid_L	408	0	1188	0	0	0	164	0	0	0	0	0	0	0	0	0	1592	0	1072	0	0	0	0	0	0	0	0	0	2094	0	0	0	84	0	1462	448	824	0	0	0	0	0	5912	0	1440	0	414	0	2586	0	29830	0	4196	0	1450	0	956	0	3354	0	8384	0	5686	0	11888	0	7154	0	1448	0	0	0	0	0	0	0	276	0	6340	0	25144	0	4108	0	0	0	3826	0	37210	0	0	0	0	0	0	0	0	0	0	0	0	0	0	0	0	0	0	0	0	0	0	0	0	0	0	0	
209476	Temporal_Mid_R	0	590	0	0	0	0	0	0	0	0	0	0	0	0	0	406	0	1452	0	0	0	0	0	0	0	0	0	0	0	1994	0	0	0	96	0	0	0	2388	0	1364	0	344	0	7258	0	2602	0	178	0	3594	0	13150	0	3872	0	4164	0	1824	0	122	0	1244	0	3054	0	10752	0	2634	0	0	0	0	0	790	0	0	0	82	0	1264	0	16102	0	2256	0	0	0	1030	0	20132	0	0	0	0	0	0	0	0	0	0	0	0	0	0	0	0	0	0	0	0	0	0	0	0	0	0	
23176	Temporal_Pole_Mid_L	0	0	0	0	0	0	0	0	0	0	0	0	0	0	0	0	0	0	0	0	0	0	0	0	0	0	0	0	0	0	0	0	0	0	0	0	0	0	142	0	0	0	0	0	0	0	0	0	0	0	0	0	0	0	484	0	0	0	0	0	0	0	0	0	0	0	0	0	0	0	0	0	0	0	0	0	0	0	0	0	162	0	3170	0	3826	0	0	0	3804	0	0	0	0	0	0	0	0	0	0	0	0	0	0	0	0	0	0	0	0	0	0	0	0	0	0	0	
13528	Temporal_Pole_Mid_R	0	0	0	0	0	0	0	0	0	0	0	0	0	0	0	228	0	0	0	0	0	0	0	0	0	0	0	0	0	0	0	0	0	0	0	0	0	0	0	166	0	68	0	0	0	0	0	0	0	0	0	0	0	0	0	1248	0	0	0	0	0	0	0	0	0	0	0	0	0	0	0	0	0	0	0	0	0	0	0	0	0	280	0	2510	0	1030	0	0	0	1234	0	0	0	0	0	0	0	0	0	0	0	0	0	0	0	0	0	0	0	0	0	0	0	0	0	0	
270020	Temporal_Inf_L	218	0	1160	0	0	0	240	0	0	0	0	0	0	0	0	0	2342	0	920	0	0	0	0	0	0	0	0	0	3168	0	0	0	0	0	74	0	5074	0	190	0	1082	0	878	0	168	0	140	0	1242	0	11926	0	4838	0	8558	0	656	0	3508	0	1990	0	2338	0	1036	0	2168	0	172	0	0	0	176	0	0	0	706	0	2466	0	20766	0	3738	0	37210	0	3804	0	0	0	5922	144	596	0	0	0	214	0	1978	118	1000	0	1662	0	0	0	0	0	0	0	0	224	200	0	0	0	
211608	Temporal_Inf_R	0	1022	0	0	0	0	0	0	0	0	0	0	0	0	0	252	0	654	0	0	0	0	0	0	0	0	0	0	0	730	0	0	0	104	0	0	0	3502	0	1772	0	1504	206	9270	0	4182	0	440	0	5830	0	5854	0	7678	0	16302	0	3104	0	408	0	226	0	436	0	1198	68	5276	0	130	0	0	0	672	0	0	0	70	0	1114	0	5472	0	3496	0	20132	0	1234	0	0	0	1784	0	620	0	0	0	120	0	734	0	108	0	100	0	0	0	0	0	0	0	0	0	0	0	0	
576976	Cerebelum_Crus1_L	0	0	0	0	0	0	0	0	0	0	0	0	0	0	0	0	0	0	0	0	0	0	0	0	0	0	0	0	0	0	0	0	0	0	0	0	0	0	144	0	0	0	154	314	0	0	7520	5584	0	0	2116	0	1632	972	16458	3394	0	0	0	0	0	0	0	0	0	0	0	0	0	0	0	0	0	0	0	0	0	0	0	0	0	0	0	0	0	0	0	0	5922	0	0	12476	36746	4530	1592	638	27630	5564	52448	14654	14224	2130	21154	1832	2950	808	922	0	606	1824	10110	11166	16960	2032	1014	268	
501144	Cerebelum_Crus1_R	0	0	0	0	0	0	0	0	0	0	0	0	0	0	0	0	0	0	0	0	0	0	0	0	0	0	0	0	0	0	0	0	0	0	0	0	0	490	0	516	0	0	116	204	0	0	864	5444	0	0	0	0	0	86	536	7968	0	0	0	0	0	0	0	0	0	0	0	0	0	0	0	0	0	0	0	0	0	68	0	0	0	0	0	0	0	0	0	0	144	1784	12476	0	9002	32988	206	3418	3696	25044	5858	56308	1524	2680	1348	18376	360	3008	0	446	998	3510	15000	11222	17890	3926	2648	420	
351180	Cerebelum_Crus2_L	0	0	0	0	0	0	0	0	0	0	0	0	0	0	0	0	0	0	0	0	0	0	0	0	0	0	0	0	0	0	0	0	0	0	0	0	0	0	0	0	0	0	0	0	0	0	174	102	0	0	0	0	0	0	1400	138	0	0	0	0	0	0	0	0	0	0	0	0	0	0	0	0	0	0	0	0	0	0	0	0	0	0	0	0	0	0	0	0	596	0	36746	9002	0	11918	306	244	2440	1036	6796	6082	28784	8576	27948	4094	778	332	0	0	114	374	836	1958	19430	4866	520	0	
309684	Cerebelum_Crus2_R	0	0	0	0	0	0	0	0	0	0	0	0	0	0	0	0	0	0	0	0	0	0	0	0	0	0	0	0	0	0	0	0	0	0	0	0	0	0	0	0	0	0	0	0	0	0	0	174	0	0	0	0	0	0	0	300	0	0	0	0	0	0	0	0	0	0	0	0	0	0	0	0	0	0	0	0	0	0	0	0	0	0	0	0	0	0	0	0	0	620	4530	32988	11918	0	0	1010	170	3152	366	8606	7146	22912	2748	31430	0	1958	0	1318	256	894	662	834	13902	6014	934	0	
47040	Cerebelum_3_L	0	0	0	0	0	0	0	0	0	0	0	0	0	0	0	0	0	0	0	0	0	0	0	0	0	0	0	0	0	0	0	0	0	0	0	0	0	0	0	0	0	0	0	0	0	0	536	252	0	0	0	0	0	0	952	0	0	0	0	0	0	0	0	0	0	0	0	0	0	0	0	0	0	0	0	0	0	0	0	0	0	0	0	0	0	0	0	0	0	0	1592	206	306	0	0	94	8712	112	3756	284	182	0	276	0	442	0	0	0	1154	3560	736	216	84	0	68	0	
82008	Cerebelum_3_R	0	0	0	0	0	0	0	0	0	0	0	0	0	0	0	0	0	0	0	0	0	0	0	0	0	0	0	0	0	0	0	0	0	0	0	0	0	0	0	96	0	0	0	0	0	0	138	132	0	0	0	0	0	0	0	130	0	0	0	0	0	0	0	0	0	0	0	0	0	0	0	0	0	0	0	0	0	0	0	0	0	0	0	0	0	0	0	0	0	0	638	3418	244	1010	94	0	1222	6214	846	8174	150	0	348	1478	0	1480	0	198	1034	4238	2584	476	2392	2202	2068	0	
378184	Cerebelum_4_5_L	0	0	0	0	0	0	0	0	0	0	0	0	0	0	0	0	0	0	0	0	0	0	0	0	0	0	0	0	0	0	0	0	0	0	0	0	0	0	564	0	0	0	126	146	0	120	13018	4512	0	70	108	0	2230	1018	18686	3452	0	0	0	0	0	0	0	0	0	0	0	0	0	0	0	0	0	0	0	0	0	0	0	0	0	0	0	0	0	0	0	0	214	0	27630	3696	2440	170	8712	1222	0	7052	46914	7720	1114	0	2768	292	4158	832	272	0	1262	4642	16770	3676	1208	772	840	666	
331940	Cerebelum_4_5_R	0	0	0	0	0	0	0	0	0	0	0	0	0	0	0	0	0	0	0	0	0	0	0	0	0	0	0	0	0	84	0	0	0	0	238	350	242	2028	0	3026	0	0	0	230	0	126	568	10644	0	76	0	0	248	1168	1210	12234	0	0	0	0	0	0	0	0	0	0	0	428	0	0	0	0	0	102	0	0	92	242	0	0	0	0	0	0	0	0	0	0	0	120	5564	25044	1036	3152	112	6214	7052	0	6336	38418	182	332	484	2950	600	996	0	368	250	2806	21016	3700	2858	1716	1184	144	
529860	Cerebelum_6_L	0	0	0	0	0	0	0	0	0	0	0	0	0	0	0	0	0	0	0	0	0	0	0	0	0	0	0	0	0	0	0	0	0	0	0	0	0	0	426	0	0	0	546	386	0	110	14336	8768	0	0	180	0	2334	1022	27508	4508	0	0	0	0	0	0	0	0	0	0	0	0	0	0	0	0	0	0	0	0	0	0	0	0	0	0	0	0	0	0	0	0	1978	0	52448	5858	6796	366	3756	846	46914	6336	0	11294	4448	154	8608	1496	4636	1634	1142	0	810	2230	15392	15256	8102	1950	1662	694	
551884	Cerebelum_6_R	0	142	0	0	0	0	0	0	0	0	0	0	0	0	0	0	0	0	0	0	0	0	0	0	0	0	0	0	0	162	0	0	0	0	0	102	0	1270	0	910	0	0	356	928	0	218	1568	12374	0	0	0	0	168	1298	1476	16080	0	78	0	0	0	0	0	0	0	0	0	136	0	0	0	0	0	192	0	0	0	116	0	0	0	124	0	0	0	0	0	0	118	734	14654	56308	6082	8606	284	8174	7720	38418	11294	0	1014	774	1332	7416	496	3238	0	1008	1332	4932	23608	15152	16672	4450	3944	484	
254044	Cerebelum_7b_L	0	0	0	0	0	0	0	0	0	0	0	0	0	0	0	0	0	0	0	0	0	0	0	0	0	0	0	0	0	0	0	0	0	0	0	0	0	0	0	0	0	0	0	0	0	0	0	0	0	0	0	0	0	0	452	0	0	0	0	0	0	0	0	0	0	0	0	0	0	0	0	0	0	0	0	0	0	0	0	0	0	0	0	0	0	0	0	0	1000	0	14224	1524	28784	7146	182	150	1114	182	4448	1014	0	5844	32696	5170	1340	404	258	0	144	160	314	1162	10802	7894	542	72	
154000	Cerebelum_7b_R	0	0	0	0	0	0	0	0	0	0	0	0	0	0	0	0	0	0	0	0	0	0	0	0	0	0	0	0	0	0	0	0	0	0	0	0	0	0	0	0	0	0	0	0	0	0	0	0	0	0	0	0	0	0	0	0	0	0	0	0	0	0	0	0	0	0	0	0	0	0	0	0	0	0	0	0	0	0	0	0	0	0	0	0	0	0	0	0	0	108	2130	2680	8576	22912	0	0	0	332	154	774	5844	0	1610	20138	0	554	0	486	0	0	0	196	7490	2874	142	0	
327900	Cerebelum_8_L	0	0	0	0	0	0	0	0	0	0	0	0	0	0	0	0	0	0	0	0	0	0	0	0	0	0	0	0	0	0	0	0	0	0	0	0	0	0	0	0	0	0	0	0	0	0	70	0	0	0	0	0	0	0	1150	0	0	0	0	0	0	0	0	0	0	0	0	0	0	0	0	0	0	0	0	0	0	0	0	0	0	0	0	0	0	0	0	0	1662	0	21154	1348	27948	2748	276	348	2768	484	8608	1332	32696	1610	0	6856	17292	3290	1114	0	200	466	930	1726	10180	12458	4716	520	
319484	Cerebelum_8_R	0	0	0	0	0	0	0	0	0	0	0	0	0	0	0	0	0	0	0	0	0	0	0	0	0	0	0	0	0	0	0	0	0	0	0	0	0	0	0	0	0	0	0	0	0	0	82	108	0	0	0	0	0	0	0	166	0	0	0	0	0	0	0	0	0	0	0	0	0	0	0	0	0	0	0	0	0	0	0	0	0	0	0	0	0	0	0	0	0	100	1832	18376	4094	31430	0	1478	292	2950	1496	7416	5170	20138	6856	0	1572	19654	0	2216	650	1668	752	1678	11318	12046	5386	818	
110532	Cerebelum_9_L	0	0	0	0	0	0	0	0	0	0	0	0	0	0	0	0	0	0	0	0	0	0	0	0	0	0	0	0	0	0	0	0	0	0	0	0	0	0	0	0	0	0	0	0	0	0	588	0	0	0	0	0	0	0	384	0	0	0	0	0	0	0	0	0	0	0	0	0	0	0	0	0	0	0	0	0	0	0	0	0	0	0	0	0	0	0	0	0	0	0	2950	360	778	0	442	0	4158	600	4636	496	1340	0	17292	1572	0	3458	2618	0	0	104	2274	1500	1092	2470	4514	1640	
150276	Cerebelum_9_R	0	0	0	0	0	0	0	0	0	0	0	0	0	0	0	0	0	0	0	0	0	0	0	0	0	0	0	0	0	0	0	0	0	0	0	0	0	0	0	0	0	0	0	0	0	0	0	106	0	0	0	0	0	0	90	0	0	0	0	0	0	0	0	0	0	0	0	0	0	0	0	0	0	0	0	0	0	0	0	0	0	0	0	0	0	0	0	0	0	0	808	3008	332	1958	0	1480	832	996	1634	3238	404	554	3290	19654	3458	0	0	1196	676	684	1708	3270	4370	6594	10672	4126	
13720	Cerebelum_10_L	0	0	0	0	0	0	0	0	0	0	0	0	0	0	0	0	0	0	0	0	0	0	0	0	0	0	0	0	0	0	0	0	0	0	0	0	0	0	0	0	0	0	0	0	0	0	0	0	0	0	0	0	0	0	76	0	0	0	0	0	0	0	0	0	0	0	0	0	0	0	0	0	0	0	0	0	0	0	0	0	0	0	0	0	0	0	0	0	0	0	922	0	0	0	0	0	272	0	1142	0	258	0	1114	0	2618	0	0	0	0	0	158	162	0	0	138	0	
16960	Cerebelum_10_R	0	0	0	0	0	0	0	0	0	0	0	0	0	0	0	0	0	0	0	0	0	0	0	0	0	0	0	0	0	0	0	0	0	0	0	0	0	0	0	0	0	0	0	0	0	0	0	0	0	0	0	0	0	0	0	0	0	0	0	0	0	0	0	0	0	0	0	0	0	0	0	0	0	0	0	0	0	0	0	0	0	0	0	0	0	0	0	0	0	0	0	446	0	1318	0	198	0	368	0	1008	0	486	0	2216	0	1196	0	0	102	112	138	124	140	396	232	0	
39352	Vermis_1_2	0	0	0	0	0	0	0	0	0	0	0	0	0	0	0	0	0	0	0	0	0	0	0	0	0	0	0	0	0	0	0	0	0	0	0	0	0	0	0	0	0	0	0	0	0	0	222	0	0	0	0	0	0	0	0	0	0	0	0	0	0	0	0	0	0	0	0	0	0	0	0	0	0	0	0	0	0	0	0	0	0	0	0	0	0	0	0	0	0	0	606	998	114	256	1154	1034	1262	250	810	1332	144	0	200	650	0	676	0	102	0	5540	1232	502	844	858	890	0	
96200	Vermis_3	0	0	0	0	0	0	0	0	0	0	0	0	0	0	0	0	0	0	0	0	0	0	0	0	0	0	0	0	0	0	0	0	0	0	0	0	126	0	148	0	0	0	0	0	0	0	518	200	0	0	0	0	0	0	0	0	0	0	0	0	0	0	0	0	0	0	0	0	0	0	0	0	0	0	0	0	0	0	0	0	0	0	0	0	0	0	0	0	0	0	1824	3510	374	894	3560	4238	4642	2806	2230	4932	160	0	466	1668	104	684	0	112	5540	0	3918	724	1950	1800	972	0	
341084	Vermis_4_5	0	0	0	0	0	0	0	0	0	0	0	0	0	0	0	0	0	0	0	0	0	0	0	0	0	0	0	0	0	0	0	0	0	0	670	752	592	120	0	94	0	0	68	952	0	232	2730	12828	0	132	0	0	604	1216	3480	7880	0	0	0	0	0	0	0	0	0	0	86	716	0	0	0	0	0	0	0	0	0	0	0	0	0	0	0	0	0	0	0	0	0	0	10110	15000	836	662	736	2584	16770	21016	15392	23608	314	0	930	752	2274	1708	158	138	1232	3918	0	12136	2610	1352	1514	1640	
