data	data	371460	214284	1.11545e+06	909244	141312	110812	589232	357112	90200	59772	293944	308284	292620	306892	188828	69960	188528	83800	669392	707880	124044	122324	409584	464192	54016	93364	92880	99788	683132	404820	423988	691868	140812	482660	138876	196200	222400	300176	96240	192544	28288	91400	245080	356684	121224	499108	258520	374868	159200	525944	389296	287140	101504	126920	356040	537052	198416	184012	91108	96944	202120	65768	100480	113912	144656	112232	239788	521684	104628	141184	498224	613056	472764	343996	51788	34088	127556	157692	74280	20860	160608	118448	74992	82548	227552	221020	33836	33336	199808	256000	443580	414068	294196	312320	41992	71780	327900	295284	474532	462024	238620	210900	249028	288896	112644	103596	34328	3948	27236	68772	310104	219192	239032	97756	64024	50172	
data	data	Precentral_L	Precentral_R	Frontal_Sup_L	Frontal_Sup_R	Frontal_Sup_Orb_L	Frontal_Sup_Orb_R	Frontal_Mid_L	Frontal_Mid_R	Frontal_Mid_Orb_L	Frontal_Mid_Orb_R	Frontal_Inf_Oper_L	Frontal_Inf_Oper_R	Frontal_Inf_Tri_L	Frontal_Inf_Tri_R	Frontal_Inf_Orb_L	Frontal_Inf_Orb_R	Rolandic_Oper_L	Rolandic_Oper_R	Supp_Motor_Area_L	Supp_Motor_Area_R	Olfactory_L	Olfactory_R	Frontal_Sup_Medial_L	Frontal_Sup_Medial_R	Frontal_Med_Orb_L	Frontal_Med_Orb_R	Rectus_L	Rectus_R	Insula_L	Insula_R	Cingulum_Ant_L	Cingulum_Ant_R	Cingulum_Mid_L	Cingulum_Mid_R	Cingulum_Post_L	Cingulum_Post_R	Hippocampus_L	Hippocampus_R	ParaHippocampal_L	ParaHippocampal_R	Amygdala_L	Amygdala_R	Calcarine_L	Calcarine_R	Cuneus_L	Cuneus_R	Lingual_L	Lingual_R	Occipital_Sup_L	Occipital_Sup_R	Occipital_Mid_L	Occipital_Mid_R	Occipital_Inf_L	Occipital_Inf_R	Fusiform_L	Fusiform_R	Postcentral_L	Postcentral_R	Parietal_Sup_L	Parietal_Sup_R	Parietal_Inf_L	Parietal_Inf_R	SupraMarginal_L	SupraMarginal_R	Angular_L	Angular_R	Precuneus_L	Precuneus_R	Paracentral_Lobule_L	Paracentral_Lobule_R	Caudate_L	Caudate_R	Putamen_L	Putamen_R	Pallidum_L	Pallidum_R	Thalamus_L	Thalamus_R	Heschl_L	Heschl_R	Temporal_Sup_L	Temporal_Sup_R	Temporal_Pole_Sup_L	Temporal_Pole_Sup_R	Temporal_Mid_L	Temporal_Mid_R	Temporal_Pole_Mid_L	Temporal_Pole_Mid_R	Temporal_Inf_L	Temporal_Inf_R	Cerebelum_Crus1_L	Cerebelum_Crus1_R	Cerebelum_Crus2_L	Cerebelum_Crus2_R	Cerebelum_3_L	Cerebelum_3_R	Cerebelum_4_5_L	Cerebelum_4_5_R	Cerebelum_6_L	Cerebelum_6_R	Cerebelum_7b_L	Cerebelum_7b_R	Cerebelum_8_L	Cerebelum_8_R	Cerebelum_9_L	Cerebelum_9_R	Cerebelum_10_L	Cerebelum_10_R	Vermis_1_2	Vermis_3	Vermis_4_5	Vermis_6	Vermis_7	Vermis_8	Vermis_9	Vermis_10	
371460	Precentral_L	0	1878	20094	5708	0	0	21746	2010	0	0	11578	664	2106	342	0	0	4792	112	13298	7002	0	0	140	256	0	0	0	0	8684	408	456	814	720	3160	7004	2036	2154	380	480	130	0	0	422	0	0	144	0	0	492	144	4724	0	0	0	330	112	19234	446	1026	0	6838	0	1374	216	3824	0	1654	260	7508	0	3424	3828	2146	542	120	0	2260	2200	1966	0	1376	0	0	0	826	0	0	0	142	0	0	0	0	0	0	0	0	0	0	0	0	0	0	0	0	0	0	0	0	0	0	0	0	0	0	0	
214284	Precentral_R	1878	0	2678	7642	0	0	1332	8438	0	0	174	5464	118	0	0	0	142	1158	1112	5578	0	0	0	0	0	0	0	0	530	1122	0	122	440	3040	928	3130	0	2836	0	2364	0	0	0	358	0	2564	0	0	0	2856	0	322	0	118	0	3464	1106	14930	0	958	0	2144	0	3166	0	442	272	3826	196	3592	3688	622	2196	1896	444	280	2252	620	0	0	0	396	0	0	0	1690	0	0	0	2518	0	0	0	0	0	0	0	0	0	0	0	0	0	0	0	0	0	0	0	0	0	0	0	0	0	0	
1.11545e+06	Frontal_Sup_L	20094	2678	0	22192	7906	0	91716	2468	6584	0	13906	504	19964	716	13154	0	4728	0	91438	29128	1320	536	42104	15944	810	0	906	254	30536	450	17096	7520	7310	11724	2568	3468	5906	620	1764	186	128	0	0	0	0	354	0	0	0	372	240	0	0	0	682	154	1902	750	0	0	292	256	0	510	120	0	230	436	2116	0	12370	2634	26936	406	6080	0	16714	1090	1892	0	1092	0	1306	0	240	0	0	0	122	102	0	0	0	0	0	0	0	0	0	0	0	0	0	0	0	0	0	0	0	0	0	0	0	0	0	0	
909244	Frontal_Sup_R	5708	7642	22192	0	0	1254	8384	45216	0	294	2612	16076	924	19776	0	1174	4220	1390	22222	56716	0	0	13708	39570	0	950	0	0	10322	15190	9024	38642	762	15408	478	816	1862	3158	694	1046	0	0	0	106	0	134	0	0	0	150	0	0	0	0	600	800	1734	1228	0	0	0	0	0	470	0	106	0	274	314	0	8564	27148	13288	15654	1664	2384	326	7496	1314	0	1600	456	0	0	0	876	0	0	0	506	0	0	0	0	0	0	0	0	0	0	0	0	0	0	0	0	0	0	0	0	0	0	0	0	0	0	
141312	Frontal_Sup_Orb_L	0	0	7906	0	0	180	1654	0	11208	0	0	0	192	0	12354	0	0	0	0	0	4038	1106	1908	0	6828	216	6984	530	3582	0	6368	462	0	0	0	0	0	0	0	0	108	0	0	0	0	0	0	0	0	0	0	0	0	0	0	0	0	0	0	0	0	0	0	0	0	0	0	0	0	0	2328	152	968	0	0	0	0	0	0	0	0	0	1324	0	0	0	260	0	0	0	0	0	0	0	0	0	0	0	0	0	0	0	0	0	0	0	0	0	0	0	0	0	0	0	0	0	
110812	Frontal_Sup_Orb_R	0	0	0	1254	180	0	0	114	0	9388	0	274	0	278	184	4842	0	0	0	0	1340	3924	158	3578	126	6078	708	6740	0	3792	728	3350	0	0	0	0	0	260	0	110	0	528	0	0	0	0	0	0	0	0	0	0	0	0	0	0	0	0	0	0	0	0	0	0	0	0	0	0	0	0	1308	2028	358	3600	0	0	0	0	0	0	0	0	0	178	0	0	0	0	0	0	0	0	0	0	0	0	0	0	0	0	0	0	0	0	0	0	0	0	0	0	0	0	0	0	0	0	
589232	Frontal_Mid_L	21746	1332	91716	8384	1654	0	0	3410	3428	0	13370	980	34130	532	11172	0	832	190	16706	3240	170	0	15896	5114	0	0	0	0	17386	566	7850	2084	3304	1534	880	312	2512	0	938	0	0	0	0	0	0	92	0	0	0	96	190	0	0	0	412	0	610	334	0	0	402	0	0	126	210	0	136	134	0	0	5126	3276	8252	740	382	0	328	424	1352	0	94	0	532	0	0	0	0	0	0	0	0	0	0	0	0	0	0	0	0	0	0	0	0	0	0	0	0	0	0	0	0	0	0	0	0	0	
357112	Frontal_Mid_R	2010	8438	2468	45216	0	114	3410	0	0	928	1642	21836	872	25670	0	1710	0	162	2272	4690	0	0	1256	6180	0	0	0	0	3118	5922	1276	6814	0	1106	114	0	438	400	0	140	0	0	0	0	0	0	0	0	0	0	0	0	0	0	0	222	0	818	0	0	0	0	0	182	0	0	0	0	0	0	5526	7928	4308	7536	178	2176	384	590	506	0	0	0	0	0	0	0	0	0	0	0	0	0	0	0	0	0	0	0	0	0	0	0	0	0	0	0	0	0	0	0	0	0	0	0	0	0	
90200	Frontal_Mid_Orb_L	0	0	6584	0	11208	0	3428	0	0	0	0	0	800	0	15718	0	0	0	0	0	0	0	0	0	1816	0	1168	0	3038	0	620	0	0	0	0	0	0	0	0	0	0	0	0	0	0	0	0	0	0	0	0	0	0	0	0	0	0	0	0	0	0	0	0	0	0	0	0	0	0	0	0	0	608	0	0	0	0	0	0	0	0	0	112	0	0	0	0	0	0	0	0	0	0	0	0	0	0	0	0	0	0	0	0	0	0	0	0	0	0	0	0	0	0	0	0	0	
59772	Frontal_Mid_Orb_R	0	0	0	294	0	9388	0	928	0	0	0	0	0	812	0	6734	0	0	0	0	306	2100	0	302	0	426	154	1814	0	3132	0	0	0	0	0	0	0	260	0	110	0	524	0	0	0	0	0	0	0	0	0	0	0	0	0	0	0	0	0	0	0	0	0	0	0	0	0	0	0	0	306	436	132	1552	0	0	0	0	0	0	0	0	0	176	0	0	0	0	0	0	0	0	0	0	0	0	0	0	0	0	0	0	0	0	0	0	0	0	0	0	0	0	0	0	0	0	
293944	Frontal_Inf_Oper_L	11578	174	13906	2612	0	0	13370	1642	0	0	0	840	16312	468	0	0	8678	102	10774	1120	0	0	736	200	0	0	0	0	26888	486	3410	3314	0	0	0	0	474	0	0	0	0	0	0	0	0	0	0	0	0	0	0	0	0	0	150	0	816	0	0	0	136	0	0	0	156	0	0	0	0	0	11304	5018	5164	602	0	0	0	228	892	0	3408	0	2014	0	0	0	0	0	0	0	0	0	0	0	0	0	0	0	0	0	0	0	0	0	0	0	0	0	0	0	0	0	0	0	0	0	
308284	Frontal_Inf_Oper_R	664	5464	504	16076	0	274	980	21836	0	0	840	0	664	25658	0	0	150	4412	278	2806	0	0	846	5666	0	754	0	258	2202	17690	1798	9714	0	446	0	0	0	514	0	0	0	0	0	0	0	0	0	0	0	0	0	0	0	0	0	0	0	1340	0	0	0	0	0	0	0	0	0	0	0	0	3056	14484	2784	10032	0	370	122	1126	0	0	0	334	0	0	0	0	0	0	0	0	0	0	0	0	0	0	0	0	0	0	0	0	0	0	0	0	0	0	0	0	0	0	0	0	0	0	
292620	Frontal_Inf_Tri_L	2106	118	19964	924	192	0	34130	872	800	0	16312	664	0	354	10376	0	412	94	2658	556	0	0	1662	304	0	0	0	0	34002	372	3268	794	164	0	0	0	100	0	0	0	0	0	0	0	0	0	0	0	0	0	0	0	0	0	0	0	0	0	0	0	0	0	0	0	0	0	0	0	0	0	5556	1686	6306	194	0	0	0	0	566	0	116	0	688	0	0	0	0	0	0	0	0	0	0	0	0	0	0	0	0	0	0	0	0	0	0	0	0	0	0	0	0	0	0	0	0	0	
306892	Frontal_Inf_Tri_R	342	0	716	19776	0	278	532	25670	0	812	468	25658	354	0	0	6466	0	0	532	3730	0	0	946	6166	0	0	0	0	1424	20502	2564	13856	116	808	0	0	0	198	0	0	0	0	0	0	0	0	0	0	0	0	0	0	0	0	0	0	0	0	0	0	0	0	0	0	0	0	0	0	0	0	3628	11654	3030	3072	0	148	0	0	0	0	0	0	0	0	0	0	0	0	0	0	0	0	0	0	0	0	0	0	0	0	0	0	0	0	0	0	0	0	0	0	0	0	0	0	0	0	
188828	Frontal_Inf_Orb_L	0	0	13154	0	12354	184	11172	0	15718	0	0	0	10376	0	0	0	0	0	0	0	3844	1058	0	0	938	0	3384	572	12674	0	870	234	0	0	0	0	0	0	0	0	0	0	0	0	0	0	0	0	0	0	0	0	0	0	0	0	0	0	0	0	0	0	0	0	0	0	0	0	0	0	2258	158	2620	0	0	0	0	0	0	0	0	0	2544	0	0	0	302	0	0	0	0	0	0	0	0	0	0	0	0	0	0	0	0	0	0	0	0	0	0	0	0	0	0	0	0	0	
69960	Frontal_Inf_Orb_R	0	0	0	1174	0	4842	0	1710	0	6734	0	0	0	6466	0	0	0	0	0	0	142	1636	0	210	0	0	0	832	128	8036	0	368	0	0	0	0	0	0	0	370	0	0	0	0	0	0	0	0	0	0	0	0	0	0	0	0	0	0	0	0	0	0	0	0	0	0	0	0	0	0	244	870	184	242	0	0	0	0	0	0	0	270	0	522	0	0	0	0	0	0	0	0	0	0	0	0	0	0	0	0	0	0	0	0	0	0	0	0	0	0	0	0	0	0	0	0	
188528	Rolandic_Oper_L	4792	142	4728	4220	0	0	832	0	0	0	8678	150	412	0	0	0	0	0	3100	3270	0	0	318	0	0	0	0	0	19140	0	718	1220	0	0	0	0	778	0	104	0	0	0	160	0	0	0	0	0	0	0	3476	0	662	0	238	0	5596	132	0	0	696	0	1326	108	770	0	220	0	0	0	5794	1544	1792	264	0	0	0	98	3620	0	8736	0	406	0	3766	0	0	0	2258	0	0	0	0	0	0	0	0	0	0	0	0	0	0	0	0	0	0	0	0	0	0	0	0	0	0	0	
83800	Rolandic_Oper_R	112	1158	0	1390	0	0	190	162	0	0	102	4412	94	0	0	0	0	0	0	448	0	0	0	134	0	0	0	0	200	10708	152	328	0	110	0	116	0	542	0	0	0	0	0	0	0	124	0	0	0	126	0	0	0	0	0	0	0	1848	0	0	0	112	0	1324	0	0	0	134	0	0	340	3952	568	5830	196	476	0	2228	0	1422	0	2420	0	102	0	236	0	0	0	104	0	0	0	0	0	0	0	0	0	0	0	0	0	0	0	0	0	0	0	0	0	0	0	0	0	0	
669392	Supp_Motor_Area_L	13298	1112	91438	22222	0	0	16706	2272	0	0	10774	278	2658	532	0	0	3100	0	0	48124	0	0	5286	5540	0	0	0	0	13294	256	5316	8690	8656	23720	1448	3746	1450	480	210	126	0	0	0	0	0	0	0	0	0	0	0	0	0	0	0	0	898	324	0	0	0	148	0	248	0	0	166	0	7150	0	7056	1106	11650	206	3954	0	7960	476	1580	0	934	0	108	0	0	0	0	0	0	0	0	0	0	0	0	0	0	0	0	0	0	0	0	0	0	0	0	0	0	0	0	0	0	0	0	0	
707880	Supp_Motor_Area_R	7002	5578	29128	56716	0	0	3240	4690	0	0	1120	2806	556	3730	0	0	3270	448	48124	0	0	0	3946	10852	0	0	0	0	6344	1256	3444	16650	5292	49638	2072	15374	1284	2030	616	1230	0	0	0	1966	0	1742	0	486	0	1278	0	326	0	104	542	1324	1272	1768	0	0	0	0	0	200	0	0	104	6298	3910	8506	3920	7430	8534	2962	960	192	224	6522	562	0	1256	520	0	0	0	2762	0	0	0	1834	0	0	0	0	0	0	0	0	0	0	0	0	0	0	0	0	0	0	0	0	0	0	0	0	0	0	
124044	Olfactory_L	0	0	1320	0	4038	1340	170	0	0	306	0	0	0	0	3844	142	0	0	0	0	0	8122	0	0	1446	1126	7142	3620	3410	0	4132	2958	0	0	0	0	140	0	126	0	642	0	0	0	0	0	0	0	0	0	0	0	0	0	154	0	0	0	0	0	0	0	0	0	0	0	0	0	0	0	10104	2926	3054	0	0	0	0	0	0	0	0	0	1604	0	0	0	156	0	0	0	0	0	0	0	0	0	0	0	0	0	0	0	0	0	0	0	0	0	0	0	0	0	0	0	0	0	
122324	Olfactory_R	0	0	536	0	1106	3924	0	0	0	2100	0	0	0	0	1058	1636	0	0	0	0	8122	0	0	0	0	2710	3944	7122	0	2768	2796	4312	0	0	0	0	0	408	0	988	0	1330	0	0	0	0	0	0	0	0	0	0	0	0	0	0	0	0	0	0	0	0	0	0	0	0	0	0	0	0	8622	4048	3206	122	0	0	0	0	0	0	0	0	0	304	0	0	0	0	0	0	0	0	0	0	0	0	0	0	0	0	0	0	0	0	0	0	0	0	0	0	0	0	0	0	0	0	
409584	Frontal_Sup_Medial_L	140	0	42104	13708	1908	158	15896	1256	0	0	736	846	1662	946	0	0	318	0	5286	3946	0	0	0	36404	1604	440	0	0	2582	968	26752	22440	5628	11500	0	0	0	0	0	0	0	0	0	0	0	0	0	0	0	0	0	0	0	0	0	0	0	0	0	0	0	0	0	0	0	0	0	0	0	0	1548	3296	1240	1224	0	0	0	140	116	0	0	0	0	0	0	0	0	0	0	0	0	0	0	0	0	0	0	0	0	0	0	0	0	0	0	0	0	0	0	0	0	0	0	0	0	0	
464192	Frontal_Sup_Medial_R	256	0	15944	39570	0	3578	5114	6180	0	302	200	5666	304	6166	0	210	0	134	5540	10852	0	0	36404	0	218	4584	0	762	558	6696	11392	35274	2050	18324	0	0	0	0	0	0	0	0	0	0	0	0	0	0	0	0	0	0	0	0	0	0	0	0	0	0	0	0	0	0	0	0	0	0	0	0	514	7994	442	6752	0	0	0	116	0	0	0	0	0	0	0	0	0	0	0	0	0	0	0	0	0	0	0	0	0	0	0	0	0	0	0	0	0	0	0	0	0	0	0	0	0	0	
54016	Frontal_Med_Orb_L	0	0	810	0	6828	126	0	0	1816	0	0	0	0	0	938	0	0	0	0	0	1446	0	1604	218	0	962	3426	336	470	0	5618	650	0	0	0	0	0	0	0	0	0	0	0	0	0	0	0	0	0	0	0	0	0	0	0	0	0	0	0	0	0	0	0	0	0	0	0	0	0	0	986	198	162	0	0	0	0	0	0	0	0	0	312	0	0	0	102	0	0	0	0	0	0	0	0	0	0	0	0	0	0	0	0	0	0	0	0	0	0	0	0	0	0	0	0	0	
93364	Frontal_Med_Orb_R	0	0	0	950	216	6078	0	0	0	426	0	754	0	0	0	0	0	0	0	0	1126	2710	440	4584	962	0	948	9312	0	746	2330	8286	0	0	0	0	0	0	0	0	0	0	0	0	0	0	0	0	0	0	0	0	0	0	0	0	0	0	0	0	0	0	0	0	0	0	0	0	0	0	818	3078	302	2616	0	0	0	0	0	0	0	0	0	0	0	0	0	0	0	0	0	0	0	0	0	0	0	0	0	0	0	0	0	0	0	0	0	0	0	0	0	0	0	0	0	0	
92880	Rectus_L	0	0	906	0	6984	708	0	0	1168	154	0	0	0	0	3384	0	0	0	0	0	7142	3944	0	0	3426	948	0	2230	1330	0	4624	1956	0	0	0	0	0	0	0	0	0	0	0	0	0	0	0	0	0	0	0	0	0	0	0	0	0	0	0	0	0	0	0	0	0	0	0	0	0	0	5528	752	206	0	0	0	0	0	0	0	0	0	874	0	0	0	176	0	0	0	0	0	0	0	0	0	0	0	0	0	0	0	0	0	0	0	0	0	0	0	0	0	0	0	0	0	
99788	Rectus_R	0	0	254	0	530	6740	0	0	0	1814	0	258	0	0	572	832	0	0	0	0	3620	7122	0	762	336	9312	2230	0	0	620	1186	6416	0	0	0	0	0	0	0	0	0	108	0	0	0	0	0	0	0	0	0	0	0	0	0	0	0	0	0	0	0	0	0	0	0	0	0	0	0	0	3194	2284	1208	496	0	0	0	0	0	0	0	0	0	0	0	0	0	0	0	0	0	0	0	0	0	0	0	0	0	0	0	0	0	0	0	0	0	0	0	0	0	0	0	0	0	0	
683132	Insula_L	8684	530	30536	10322	3582	0	17386	3118	3038	0	26888	2202	34002	1424	12674	128	19140	200	13294	6344	3410	0	2582	558	470	0	1330	0	0	1552	7352	5254	136	0	710	140	8886	0	3316	0	1478	0	308	0	0	0	0	0	0	0	1402	0	328	0	5006	0	4254	146	630	0	2002	0	264	98	1510	0	594	0	0	0	21882	8416	30930	984	0	0	0	360	10204	0	9890	0	6528	0	2444	0	370	0	2350	0	0	0	0	0	0	0	0	0	0	0	0	0	0	0	0	0	0	0	0	0	0	0	0	0	0	0	
404820	Insula_R	408	1122	450	15190	0	3792	566	5922	0	3132	486	17690	372	20502	0	8036	0	10708	256	1256	0	2768	968	6696	0	746	0	620	1552	0	2620	14580	0	494	102	212	0	5688	0	2132	0	2594	0	0	0	0	0	0	0	0	0	0	0	0	0	2338	0	998	0	0	0	0	0	142	0	0	0	0	0	0	1860	23350	2212	22884	228	808	0	2644	0	2080	0	6292	0	1846	0	904	0	102	0	2062	0	0	0	0	0	0	0	0	0	0	0	0	0	0	0	0	0	0	0	0	0	0	0	0	0	0	
423988	Cingulum_Ant_L	456	0	17096	9024	6368	728	7850	1276	620	0	3410	1798	3268	2564	870	0	718	152	5316	3444	4132	2796	26752	11392	5618	2330	4624	1186	7352	2620	0	33084	3800	3750	198	0	104	0	0	0	0	0	0	0	0	0	0	0	0	0	0	0	0	0	0	0	0	0	0	0	0	0	0	0	0	0	0	0	0	0	12234	12270	7782	3696	0	124	0	234	668	0	174	0	116	0	0	0	0	0	0	0	0	0	0	0	0	0	0	0	0	0	0	0	0	0	0	0	0	0	0	0	0	0	0	0	0	0	
691868	Cingulum_Ant_R	814	122	7520	38642	462	3350	2084	6814	0	0	3314	9714	794	13856	234	368	1220	328	8690	16650	2958	4312	22440	35274	650	8286	1956	6416	5254	14580	33084	0	1904	18844	0	0	148	482	0	130	0	0	0	0	0	0	0	0	0	0	0	0	0	0	0	0	300	98	0	0	0	0	0	0	0	0	0	0	0	0	9854	41916	3248	16834	0	456	108	812	250	0	364	0	0	0	0	0	0	0	0	0	0	0	0	0	0	0	0	0	0	0	0	0	0	0	0	0	0	0	0	0	0	0	0	0	0	0	
140812	Cingulum_Mid_L	720	440	7310	762	0	0	3304	0	0	0	0	0	164	116	0	0	0	0	8656	5292	0	0	5628	2050	0	0	0	0	136	0	3800	1904	0	11294	2706	738	0	0	0	0	0	0	0	0	162	246	0	0	618	238	1082	154	0	0	0	0	112	0	482	0	106	0	0	0	146	0	4596	700	6280	280	0	0	0	0	0	0	0	0	0	0	0	0	0	0	184	0	0	0	0	0	0	0	0	0	0	0	0	0	0	0	0	0	0	0	0	0	0	0	0	0	0	0	0	0	0	0	
482660	Cingulum_Mid_R	3160	3040	11724	15408	0	0	1534	1106	0	0	0	446	0	808	0	0	0	110	23720	49638	0	0	11500	18324	0	0	0	0	0	494	3750	18844	11294	0	1542	13742	0	578	0	344	0	0	0	3486	0	6008	0	458	0	5036	0	1100	0	0	0	290	0	2702	0	520	0	298	0	0	0	196	2482	12526	2992	8344	112	786	174	584	0	0	0	964	0	0	0	0	0	0	0	666	0	0	0	500	0	0	0	0	0	0	0	0	0	0	0	0	0	0	0	0	0	0	0	0	0	0	0	0	0	0	
138876	Cingulum_Post_L	7004	928	2568	478	0	0	880	114	0	0	0	0	0	0	0	0	0	0	1448	2072	0	0	0	0	0	0	0	0	710	102	198	0	2706	1542	0	8524	5208	3588	1288	784	0	0	3020	172	652	114	594	0	186	0	344	0	0	0	352	592	910	0	0	0	192	0	476	0	0	0	7686	1898	6928	354	96	0	326	100	114	0	1974	1508	456	0	0	0	0	0	0	0	0	0	0	252	0	0	0	0	0	0	0	0	0	0	0	0	0	0	0	0	0	0	0	0	0	0	0	0	0	0	
196200	Cingulum_Post_R	2036	3130	3468	816	0	0	312	0	0	0	0	0	0	0	0	0	0	116	3746	15374	0	0	0	0	0	0	0	0	140	212	0	0	738	13742	8524	0	2520	8094	460	2480	0	0	0	858	0	646	0	1106	0	240	0	0	0	0	0	4112	0	704	0	0	0	0	0	0	0	0	1056	10216	1080	3780	92	718	112	586	0	0	2288	2574	144	132	0	226	0	0	0	228	0	0	0	1294	0	0	0	0	0	0	0	0	0	0	0	0	0	0	0	0	0	0	0	0	0	0	0	0	0	0	
222400	Hippocampus_L	2154	0	5906	1862	0	0	2512	438	0	0	474	0	100	0	0	0	778	0	1450	1284	140	0	0	0	0	0	0	0	8886	0	104	148	0	0	5208	2520	0	2156	13580	234	5054	0	1612	0	0	0	3964	118	0	0	0	0	114	0	14400	0	0	0	0	0	0	0	0	0	0	0	4610	458	0	0	782	484	10026	104	388	0	2642	528	1900	0	1870	0	2120	0	2596	0	668	0	5202	0	332	0	0	0	0	0	438	0	856	0	0	0	0	0	0	0	0	0	0	0	0	0	0	0	0	0	
300176	Hippocampus_R	380	2836	620	3158	0	260	0	400	0	260	0	514	0	198	0	0	0	542	480	2030	0	408	0	0	0	0	0	0	0	5688	0	482	0	578	3588	8094	2156	0	410	26926	0	13420	0	2316	0	0	0	4414	0	0	0	0	0	172	0	28548	0	164	0	0	0	0	0	0	0	0	388	8098	146	0	230	1766	464	6474	134	840	2128	5252	0	328	0	590	0	3674	0	270	0	348	0	8582	0	432	0	0	0	0	0	310	0	456	0	0	0	0	0	0	0	0	0	0	136	0	0	0	0	0	
96240	ParaHippocampal_L	480	0	1764	694	0	0	938	0	0	0	0	0	0	0	0	0	104	0	210	616	126	0	0	0	0	0	0	0	3316	0	0	0	0	0	1288	460	13580	410	0	0	1028	0	846	0	0	0	2326	138	0	0	92	0	254	0	8738	0	0	0	0	0	0	0	0	0	0	0	1608	0	0	0	218	110	4308	0	0	0	226	0	0	0	870	0	468	0	114	0	262	0	412	0	398	0	0	0	0	0	600	0	978	0	0	0	0	0	0	0	0	0	0	140	0	0	0	0	0	0	
192544	ParaHippocampal_R	130	2364	186	1046	0	110	0	140	0	110	0	0	0	0	0	370	0	0	126	1230	0	988	0	0	0	0	0	0	0	2132	0	130	0	344	784	2480	234	26926	0	0	0	10198	0	728	0	0	0	1182	0	0	0	0	0	198	0	23628	0	112	0	0	0	0	0	0	0	0	0	2458	0	0	0	886	0	2228	0	130	238	2054	0	136	0	192	0	3658	0	262	0	1474	0	4136	0	654	0	0	0	0	0	936	0	954	0	0	0	0	0	0	0	0	0	0	0	0	0	0	0	0	
28288	Amygdala_L	0	0	128	0	108	0	0	0	0	0	0	0	0	0	0	0	0	0	0	0	642	0	0	0	0	0	0	0	1478	0	0	0	0	0	0	0	5054	0	1028	0	0	0	0	0	0	0	0	0	0	0	0	0	0	0	2732	0	0	0	0	0	0	0	0	0	0	0	0	0	0	0	0	0	390	0	0	0	0	0	0	0	0	0	828	0	590	0	104	0	1062	0	0	0	0	0	0	0	0	0	0	0	0	0	0	0	0	0	0	0	0	0	0	0	0	0	0	0	
91400	Amygdala_R	0	0	0	0	0	528	0	0	0	524	0	0	0	0	0	0	0	0	0	0	0	1330	0	0	0	0	0	108	0	2594	0	0	0	0	0	0	0	13420	0	10198	0	0	0	0	0	0	0	0	0	0	0	0	0	0	0	8044	0	0	0	0	0	0	0	0	0	0	0	0	0	0	0	0	0	1858	0	0	0	0	0	0	0	0	0	4590	0	160	0	586	0	1502	0	128	0	0	0	0	0	0	0	130	0	0	0	0	0	0	0	0	0	0	0	0	0	0	0	0	
245080	Calcarine_L	422	0	0	0	0	0	0	0	0	0	0	0	0	0	0	0	160	0	0	0	0	0	0	0	0	0	0	0	308	0	0	0	0	0	3020	0	1612	0	846	0	0	0	0	9786	11856	6622	10696	3492	10886	4780	23012	3158	8940	152	3252	132	1214	0	0	0	0	0	430	0	0	0	13930	706	834	0	0	0	0	0	0	0	0	0	0	0	128	0	0	0	1768	0	0	0	398	0	0	0	0	0	0	0	0	0	0	0	0	0	0	0	0	0	0	0	0	0	0	0	0	0	0	0	
356684	Calcarine_R	0	358	0	106	0	0	0	0	0	0	0	0	0	0	0	0	0	0	0	1966	0	0	0	0	0	0	0	0	0	0	0	0	0	3486	172	858	0	2316	0	728	0	0	9786	0	2320	28310	2426	24744	146	28922	0	20946	0	5068	0	10330	0	234	0	0	0	0	0	0	0	172	1592	25108	0	1564	0	0	0	0	0	0	0	0	0	0	0	0	0	0	0	2972	0	0	0	3712	0	0	0	0	0	0	0	0	0	0	0	0	0	0	0	0	0	0	0	0	0	0	0	0	0	0	
121224	Cuneus_L	0	0	0	0	0	0	0	0	0	0	0	0	0	0	0	0	0	0	0	0	0	0	0	0	0	0	0	0	0	0	0	0	162	0	652	0	0	0	0	0	0	0	11856	2320	0	3694	1066	0	16266	1132	11106	630	2156	0	378	0	260	0	844	0	0	0	0	0	0	0	6522	688	704	0	0	0	0	0	0	0	0	0	0	0	0	0	0	0	176	0	0	0	0	0	0	0	0	0	0	0	0	0	0	0	0	0	0	0	0	0	0	0	0	0	0	0	0	0	0	0	
499108	Cuneus_R	144	2564	354	134	0	0	92	0	0	0	0	0	0	0	0	0	0	124	0	1742	0	0	0	0	0	0	0	0	0	0	0	0	246	6008	114	646	0	0	0	0	0	0	6622	28310	3694	0	1030	9352	360	62712	0	24980	0	2574	0	2978	0	6312	0	4530	0	1086	0	2508	0	4290	4958	42996	0	8860	0	0	0	0	0	0	0	0	0	0	0	1872	0	0	0	10704	0	0	0	6658	0	0	0	0	0	0	0	0	0	0	0	0	0	0	0	0	0	0	0	0	0	0	0	0	0	0	
258520	Lingual_L	0	0	0	0	0	0	0	0	0	0	0	0	0	0	0	0	0	0	0	0	0	0	0	0	0	0	0	0	0	0	0	0	0	0	594	0	3964	0	2326	0	0	0	10696	2426	1066	1030	0	3552	3044	1138	9900	1006	5756	450	20698	1648	0	0	0	0	0	0	0	0	0	0	3744	150	0	0	0	0	0	0	0	0	0	0	0	0	0	0	0	0	178	0	0	0	98	0	9316	1628	336	0	178	0	13056	3314	17420	2906	298	0	138	142	0	0	0	0	116	144	5420	1172	212	0	0	0	
374868	Lingual_R	0	0	0	0	0	0	0	0	0	0	0	0	0	0	0	0	0	0	0	486	0	0	0	0	0	0	0	0	0	0	0	0	0	458	0	1106	118	4414	138	1182	0	0	3492	24744	0	9352	3552	0	0	9440	0	7436	0	8668	734	26184	0	0	0	0	0	0	0	0	0	0	790	10532	0	446	0	0	0	0	0	0	0	0	0	0	0	0	0	0	0	278	0	0	0	532	1122	7870	0	396	0	540	6822	12460	4564	14750	0	0	0	516	250	336	0	0	0	100	12684	8090	1516	174	178	984	
159200	Occipital_Sup_L	492	0	0	0	0	0	0	0	0	0	0	0	0	0	0	0	0	0	0	0	0	0	0	0	0	0	0	0	0	0	0	0	618	0	186	0	0	0	0	0	0	0	10886	146	16266	360	3044	0	0	0	27362	0	2686	0	748	0	698	0	5826	0	1854	0	0	0	590	0	6392	0	660	0	0	0	0	0	0	0	0	0	0	0	106	0	0	0	514	0	0	0	166	0	0	0	0	0	0	0	0	0	0	0	0	0	0	0	0	0	0	0	0	0	0	0	0	0	0	0	
525944	Occipital_Sup_R	144	2856	372	150	0	0	96	0	0	0	0	0	0	0	0	0	0	126	0	1278	0	0	0	0	0	0	0	0	0	0	0	0	238	5036	0	240	0	0	0	0	0	0	4780	28922	1132	62712	1138	9440	0	0	0	34104	0	2918	0	3104	0	6346	0	10294	0	1776	0	2604	0	8522	3944	40870	0	8388	0	0	0	0	0	0	0	0	0	0	0	2144	0	0	0	12076	0	0	0	7222	0	0	0	0	0	0	0	0	0	0	0	0	0	0	0	0	0	0	0	0	0	0	0	0	0	0	
389296	Occipital_Mid_L	4724	0	240	0	0	0	190	0	0	0	0	0	0	0	0	0	3476	0	0	0	0	0	0	0	0	0	0	0	1402	0	0	0	1082	0	344	0	0	0	92	0	0	0	23012	0	11106	0	9900	0	27362	0	0	0	15792	0	5454	0	9968	0	10048	0	14914	0	1232	0	18754	0	13642	0	2810	0	0	0	0	0	0	0	0	0	396	0	1742	0	0	0	14292	0	0	0	2674	0	0	0	0	0	0	0	0	0	0	0	0	0	0	0	0	0	0	0	0	0	0	0	0	0	0	0	
287140	Occipital_Mid_R	0	322	0	0	0	0	0	0	0	0	0	0	0	0	0	0	0	0	0	326	0	0	0	0	0	0	0	0	0	0	0	0	154	1100	0	0	0	0	0	0	0	0	3158	20946	630	24980	1006	7436	0	34104	0	0	0	4302	0	3430	0	1144	0	2688	0	952	0	478	0	11848	980	10152	0	780	0	0	0	0	0	0	0	0	0	0	0	940	0	0	0	7810	0	0	0	3904	0	0	0	0	0	0	0	0	0	0	0	0	0	0	0	0	0	0	0	0	0	0	0	0	0	0	
101504	Occipital_Inf_L	0	0	0	0	0	0	0	0	0	0	0	0	0	0	0	0	662	0	0	0	0	0	0	0	0	0	0	0	328	0	0	0	0	0	0	0	114	0	254	0	0	0	8940	0	2156	0	5756	0	2686	0	15792	0	0	0	6834	0	134	0	0	0	0	0	0	0	0	0	1440	0	0	0	0	0	0	0	0	0	0	0	142	0	424	0	0	0	2478	0	0	0	2400	0	102	0	0	0	0	0	0	0	110	0	0	0	0	0	0	0	0	0	0	0	0	0	0	0	0	0	
126920	Occipital_Inf_R	0	118	0	0	0	0	0	0	0	0	0	0	0	0	0	0	0	0	0	104	0	0	0	0	0	0	0	0	0	0	0	0	0	0	0	0	0	172	0	198	0	0	152	5068	0	2574	450	8668	0	2918	0	4302	0	0	146	10988	0	0	0	0	0	0	0	0	0	0	0	1750	0	166	0	0	0	0	0	0	0	0	0	0	0	0	0	0	0	2568	0	0	0	4420	196	846	0	0	0	0	1672	2572	1152	4522	0	0	0	0	120	250	0	0	0	0	3686	2846	0	130	128	578	
356040	Fusiform_L	330	0	682	600	0	0	412	0	0	0	150	0	0	0	0	0	238	0	0	542	154	0	0	0	0	0	0	0	5006	0	0	0	0	0	352	0	14400	0	8738	0	2732	0	3252	0	378	0	20698	734	748	0	5454	0	6834	146	0	576	0	0	0	0	0	0	0	0	0	0	2414	0	0	0	204	0	3332	0	0	0	0	0	624	0	1746	0	1512	0	1776	0	1760	0	7332	0	26258	682	520	0	112	0	13598	1096	35618	1264	406	0	336	186	0	0	0	0	0	0	3044	824	220	0	0	0	
537052	Fusiform_R	112	3464	154	800	0	0	0	222	0	0	0	0	0	0	0	0	0	0	0	1324	0	0	0	0	0	0	0	0	0	2338	0	0	0	290	592	4112	0	28548	0	23628	0	8044	132	10330	0	2978	1648	26184	0	3104	0	3430	0	10988	576	0	0	196	0	0	0	0	0	0	0	0	0	8832	0	176	0	462	0	1140	0	0	0	1160	0	598	0	2200	0	8914	0	1458	0	3414	0	19070	642	19566	0	460	0	186	5414	14378	3484	25700	0	0	0	206	240	336	0	0	0	0	10714	5008	238	174	184	978	
198416	Postcentral_L	19234	1106	1902	1734	0	0	610	0	0	0	816	0	0	0	0	0	5596	0	898	1272	0	0	0	0	0	0	0	0	4254	0	0	300	112	0	910	0	0	0	0	0	0	0	1214	0	260	0	0	0	698	0	9968	0	134	0	0	0	0	406	6684	0	17862	116	7142	208	2834	0	2932	0	918	0	270	2206	144	0	0	0	0	1796	992	0	2598	0	0	0	824	0	0	0	258	0	0	0	0	0	0	0	0	0	0	0	0	0	0	0	0	0	0	0	0	0	0	0	0	0	0	0	
184012	Postcentral_R	446	14930	750	1228	0	0	334	818	0	0	0	1340	0	0	0	0	132	1848	324	1768	0	0	0	0	0	0	0	0	146	998	0	98	0	2702	0	704	0	164	0	112	0	0	0	234	0	6312	0	0	0	6346	0	1144	0	0	0	196	406	0	0	4644	0	5604	0	15358	0	3046	1150	8274	0	3602	1860	330	168	1700	260	428	1044	310	0	134	0	294	0	0	0	116	0	0	0	204	0	0	0	0	0	0	0	0	0	0	0	0	0	0	0	0	0	0	0	0	0	0	0	0	0	0	
91108	Parietal_Sup_L	1026	0	0	0	0	0	0	0	0	0	0	0	0	0	0	0	0	0	0	0	0	0	0	0	0	0	0	0	630	0	0	0	482	0	0	0	0	0	0	0	0	0	0	0	844	0	0	0	5826	0	10048	0	0	0	0	0	6684	0	0	0	9944	0	114	0	1140	0	8720	0	96	0	0	0	0	0	0	0	0	0	0	0	0	0	0	0	0	0	0	0	0	0	0	0	0	0	0	0	0	0	0	0	0	0	0	0	0	0	0	0	0	0	0	0	0	0	0	0	
96944	Parietal_Sup_R	0	958	0	0	0	0	0	0	0	0	0	0	0	0	0	0	0	0	0	0	0	0	0	0	0	0	0	0	0	0	0	0	0	520	0	0	0	0	0	0	0	0	0	0	0	4530	0	0	0	10294	0	2688	0	0	0	0	0	4644	0	0	0	4404	0	684	0	4600	262	9872	0	780	0	0	0	0	0	0	0	0	0	0	0	416	0	0	0	1860	0	0	0	1960	0	0	0	0	0	0	0	0	0	0	0	0	0	0	0	0	0	0	0	0	0	0	0	0	0	0	
202120	Parietal_Inf_L	6838	0	292	0	0	0	402	0	0	0	136	0	0	0	0	0	696	0	0	0	0	0	0	0	0	0	0	0	2002	0	0	0	106	0	192	0	0	0	0	0	0	0	0	0	0	0	0	0	1854	0	14914	0	0	0	0	0	17862	0	9944	0	0	0	13140	0	22616	0	1328	0	818	0	0	126	0	0	0	0	0	124	0	0	522	0	0	0	4012	0	0	0	3136	0	0	0	0	0	0	0	0	0	0	0	0	0	0	0	0	0	0	0	0	0	0	0	0	0	0	0	
65768	Parietal_Inf_R	0	2144	256	0	0	0	0	0	0	0	0	0	0	0	0	0	0	112	148	0	0	0	0	0	0	0	0	0	0	0	0	0	0	298	0	0	0	0	0	0	0	0	0	0	0	1086	0	0	0	1776	0	952	0	0	0	0	116	5604	0	4404	0	0	0	6922	0	5384	134	1234	0	286	0	0	0	112	98	0	0	0	0	0	0	246	0	0	0	260	0	0	0	1312	0	0	0	0	0	0	0	0	0	0	0	0	0	0	0	0	0	0	0	0	0	0	0	0	0	0	
100480	SupraMarginal_L	1374	0	0	0	0	0	0	0	0	0	0	0	0	0	0	0	1326	0	0	0	0	0	0	0	0	0	0	0	264	0	0	0	0	0	476	0	0	0	0	0	0	0	430	0	0	0	0	0	0	0	1232	0	0	0	0	0	7142	0	114	0	13140	0	0	0	7874	0	638	0	350	0	0	0	0	0	0	0	0	0	0	0	4900	0	0	0	7466	0	0	0	3514	0	0	0	0	0	0	0	0	0	0	0	0	0	0	0	0	0	0	0	0	0	0	0	0	0	0	0	
113912	SupraMarginal_R	216	3166	510	470	0	0	126	182	0	0	0	0	0	0	0	0	108	1324	248	200	0	0	0	0	0	0	0	0	98	142	0	0	0	0	0	0	0	0	0	0	0	0	0	0	0	2508	0	0	0	2604	0	478	0	0	0	0	208	15358	0	684	0	6922	0	0	0	5310	0	2620	0	1238	1230	0	0	714	156	0	658	0	0	152	0	4664	0	0	0	1702	0	0	0	2960	0	0	0	0	0	0	0	0	0	0	0	0	0	0	0	0	0	0	0	0	0	0	0	0	0	0	
144656	Angular_L	3824	0	120	0	0	0	210	0	0	0	156	0	0	0	0	0	770	0	0	0	0	0	0	0	0	0	0	0	1510	0	0	0	146	0	0	0	0	0	0	0	0	0	0	0	0	0	0	0	590	0	18754	0	0	0	0	0	2834	0	1140	0	22616	0	7874	0	0	0	746	0	1020	0	0	0	0	0	0	0	0	0	0	0	584	0	0	0	6246	0	0	0	3188	0	0	0	0	0	0	0	0	0	0	0	0	0	0	0	0	0	0	0	0	0	0	0	0	0	0	0	
112232	Angular_R	0	442	0	106	0	0	0	0	0	0	0	0	0	0	0	0	0	0	0	0	0	0	0	0	0	0	0	0	0	0	0	0	0	196	0	0	0	0	0	0	0	0	0	172	0	4290	0	0	0	8522	0	11848	0	0	0	0	0	3046	0	4600	0	5384	0	5310	0	0	118	4576	0	572	0	0	0	104	0	0	0	0	0	0	0	3248	0	0	0	2996	0	0	0	586	0	0	0	0	0	0	0	0	0	0	0	0	0	0	0	0	0	0	0	0	0	0	0	0	0	0	
239788	Precuneus_L	1654	272	230	0	0	0	136	0	0	0	0	0	0	0	0	0	220	0	166	104	0	0	0	0	0	0	0	0	594	0	0	0	4596	2482	7686	1056	4610	388	1608	0	0	0	13930	1592	6522	4958	3744	790	6392	3944	13642	980	1440	0	2414	0	2932	1150	8720	262	1328	134	638	0	746	118	0	9942	4444	544	0	0	0	0	0	0	98	0	314	0	192	0	0	0	1690	0	0	0	382	0	0	0	0	0	0	0	0	0	0	0	0	0	0	0	0	0	0	0	0	0	110	0	0	0	0	0	
521684	Precuneus_R	260	3826	436	274	0	0	134	0	0	0	0	0	0	0	0	0	0	134	0	6298	0	0	0	0	0	0	0	0	0	0	0	0	700	12526	1898	10216	458	8098	0	2458	0	0	706	25108	688	42996	150	10532	0	40870	0	10152	0	1750	0	8832	0	8274	0	9872	0	1234	0	2620	0	4576	9942	0	0	13964	0	0	0	0	0	0	528	0	0	96	0	2314	0	0	0	10202	0	0	0	7508	0	0	0	0	0	0	0	0	0	0	0	0	0	0	0	0	0	0	0	0	212	0	0	0	0	0	
104628	Paracentral_Lobule_L	7508	196	2116	314	0	0	0	0	0	0	0	0	0	0	0	0	0	0	7150	3910	0	0	0	0	0	0	0	0	0	0	0	0	6280	2992	6928	1080	0	146	0	0	0	0	834	0	704	0	0	0	660	0	2810	0	0	0	0	0	918	0	96	0	818	0	350	0	1020	0	4444	0	0	176	92	0	0	0	0	0	0	238	0	0	0	0	0	0	534	0	0	0	0	0	0	0	0	0	0	0	0	0	0	0	0	0	0	0	0	0	0	0	0	0	0	0	0	0	0	0	
141184	Paracentral_Lobule_R	0	3592	0	0	0	0	0	0	0	0	0	0	0	0	0	0	0	0	0	8506	0	0	0	0	0	0	0	0	0	0	0	0	280	8344	354	3780	0	0	0	0	0	0	0	1564	0	8860	0	446	0	8388	0	780	0	166	0	176	0	3602	0	780	0	286	0	1238	0	572	544	13964	176	0	0	0	0	0	0	0	0	0	0	0	0	686	0	0	0	2178	0	0	0	1330	0	0	0	0	0	0	0	0	0	0	0	0	0	0	0	0	0	0	0	0	0	0	0	0	0	0	
498224	Caudate_L	3424	3688	12370	8564	2328	1308	5126	5526	0	306	11304	3056	5556	3628	2258	244	5794	340	7056	3920	10104	8622	1548	514	986	818	5528	3194	21882	1860	12234	9854	0	112	96	92	782	230	218	0	0	0	0	0	0	0	0	0	0	0	0	0	0	0	204	0	270	1860	0	0	0	0	0	1230	0	0	0	0	92	0	0	26210	34340	3198	1610	242	9786	2008	754	0	2220	0	422	0	94	0	0	0	102	0	0	0	0	0	0	0	0	0	0	0	0	0	0	0	0	0	0	0	0	0	0	0	0	0	0	0	
613056	Caudate_R	3828	622	2634	27148	152	2028	3276	7928	0	436	5018	14484	1686	11654	158	870	1544	3952	1106	7430	2926	4048	3296	7994	198	3078	752	2284	8416	23350	12270	41916	0	786	0	718	484	1766	110	886	0	0	0	0	0	0	0	0	0	0	0	0	0	0	0	462	2206	330	0	0	126	0	0	0	0	0	0	0	0	0	26210	0	10880	28330	0	2606	1602	21108	272	0	518	412	122	112	0	0	0	0	0	0	0	0	0	0	0	0	0	0	0	0	0	0	0	0	0	0	0	0	0	0	0	0	0	0	0	0	
472764	Putamen_L	2146	2196	26936	13288	968	358	8252	4308	608	132	5164	2784	6306	3030	2620	184	1792	568	11650	8534	3054	3206	1240	442	162	302	206	1208	30930	2212	7782	3248	0	174	326	112	10026	464	4308	0	390	0	0	0	0	0	0	0	0	0	0	0	0	0	3332	0	144	168	0	0	0	0	0	0	0	0	0	0	0	0	34340	10880	0	2146	6754	0	2544	748	216	0	2472	0	1022	0	0	0	0	0	0	0	0	0	0	0	0	0	0	0	0	0	0	0	0	0	0	0	0	0	0	0	0	0	0	0	0	0	
343996	Putamen_R	542	1896	406	15654	0	3600	740	7536	0	1552	602	10032	194	3072	0	242	264	5830	206	2962	0	122	1224	6752	0	2616	0	496	984	22884	3696	16834	0	584	100	586	104	6474	0	2228	0	1858	0	0	0	0	0	0	0	0	0	0	0	0	0	1140	0	1700	0	0	0	112	0	714	0	104	0	0	0	0	3198	28330	2146	0	380	5384	150	4708	0	0	0	490	0	210	0	0	0	0	0	160	0	100	0	0	0	0	0	0	0	100	0	0	0	0	0	0	0	0	0	0	0	0	0	0	0	0	
51788	Pallidum_L	120	444	6080	1664	0	0	382	178	0	0	0	0	0	0	0	0	0	196	3954	960	0	0	0	0	0	0	0	0	0	228	0	0	0	0	114	0	388	134	0	0	0	0	0	0	0	0	0	0	0	0	0	0	0	0	0	0	0	260	0	0	0	98	0	156	0	0	0	0	0	0	1610	0	6754	380	0	0	1394	400	0	0	0	0	0	0	0	0	0	0	0	0	0	0	0	0	0	0	0	0	0	0	0	0	0	0	0	0	0	0	0	0	0	0	0	0	0	0	
34088	Pallidum_R	0	280	0	2384	0	0	0	2176	0	0	0	370	0	148	0	0	0	476	0	192	0	0	0	0	0	0	0	0	0	808	124	456	0	0	0	0	0	840	0	130	0	0	0	0	0	0	0	0	0	0	0	0	0	0	0	0	0	428	0	0	0	0	0	0	0	0	0	0	0	0	242	2606	0	5384	0	0	0	0	0	0	0	0	0	0	0	0	0	0	0	0	0	0	0	0	0	0	0	0	0	0	0	0	0	0	0	0	0	0	0	0	0	0	0	0	0	0	
127556	Thalamus_L	2260	2252	16714	326	0	0	328	384	0	0	0	122	0	0	0	0	0	0	7960	224	0	0	0	0	0	0	0	0	0	0	0	108	0	0	1974	2288	2642	2128	226	238	0	0	0	0	0	0	0	0	0	0	0	0	0	0	0	0	0	1044	0	0	0	0	0	658	0	0	98	528	0	0	9786	1602	2544	150	1394	0	0	5800	0	0	0	0	0	0	0	0	0	0	0	0	0	0	0	0	0	0	0	0	0	0	0	0	0	0	0	0	0	0	0	0	0	0	0	0	0	0	
157692	Thalamus_R	2200	620	1090	7496	0	0	424	590	0	0	228	1126	0	0	0	0	98	2228	476	6522	0	0	140	116	0	0	0	0	360	2644	234	812	0	964	1508	2574	528	5252	0	2054	0	0	0	0	0	0	0	0	0	0	0	0	0	0	0	1160	1796	310	0	0	124	0	0	0	0	0	0	0	238	0	2008	21108	748	4708	400	0	5800	0	0	162	0	0	0	0	0	0	0	0	0	0	0	0	0	0	0	0	0	0	0	0	0	0	0	0	0	0	0	0	0	0	0	0	0	0	0	0	
74280	Heschl_L	1966	0	1892	1314	0	0	1352	506	0	0	892	0	566	0	0	0	3620	0	1580	562	0	0	116	0	0	0	0	0	10204	0	668	250	0	0	456	144	1900	0	0	0	0	0	0	0	0	0	0	0	0	0	396	0	142	0	624	0	992	0	0	0	0	0	0	0	0	0	314	0	0	0	754	272	216	0	0	0	0	0	0	0	1768	0	0	0	1812	0	0	0	1862	0	0	0	0	0	0	0	0	0	0	0	0	0	0	0	0	0	0	0	0	0	0	0	0	0	0	0	
20860	Heschl_R	0	0	0	0	0	0	0	0	0	0	0	0	0	0	0	0	0	1422	0	0	0	0	0	0	0	0	0	0	0	2080	0	0	0	0	0	132	0	328	0	136	0	0	0	0	0	0	0	0	0	0	0	0	0	0	0	598	0	134	0	0	0	0	0	152	0	0	0	96	0	0	0	0	0	0	0	0	0	162	0	0	0	3168	0	0	0	1070	0	0	0	952	0	0	0	0	0	0	0	0	0	0	0	0	0	0	0	0	0	0	0	0	0	0	0	0	0	0	
160608	Temporal_Sup_L	1376	0	1092	1600	0	0	94	0	0	0	3408	0	116	0	0	0	8736	0	934	1256	0	0	0	0	0	0	0	0	9890	0	174	364	0	0	0	0	1870	0	870	0	0	0	128	0	0	0	0	0	106	0	1742	0	424	0	1746	0	2598	0	0	0	522	0	4900	0	584	0	192	0	0	0	2220	518	2472	0	0	0	0	0	1768	0	0	0	1264	0	16298	0	0	0	11042	0	0	0	0	0	0	0	0	0	0	0	0	0	0	0	0	0	0	0	0	0	0	0	0	0	0	0	
118448	Temporal_Sup_R	0	396	0	456	0	0	0	0	0	0	0	334	0	0	0	270	0	2420	0	520	0	0	0	0	0	0	0	0	0	6292	0	0	0	0	0	226	0	590	0	192	0	0	0	0	0	1872	0	0	0	2144	0	940	0	0	0	2200	0	294	0	416	0	246	0	4664	0	3248	0	2314	0	686	0	412	0	490	0	0	0	0	0	3168	0	0	0	3508	0	13518	0	1038	0	6370	0	0	0	0	0	0	0	0	0	0	0	0	0	0	0	0	0	0	0	0	0	0	0	0	0	0	
74992	Temporal_Pole_Sup_L	0	0	1306	0	1324	0	532	0	112	0	2014	0	688	0	2544	0	406	0	108	0	1604	0	0	0	312	0	874	0	6528	0	116	0	0	0	0	0	2120	0	468	0	828	0	0	0	0	0	0	0	0	0	0	0	0	0	1512	0	0	0	0	0	0	0	0	0	0	0	0	0	0	0	422	122	1022	0	0	0	0	0	0	0	1264	0	0	0	4354	0	3118	0	3798	0	0	0	0	0	0	0	0	0	0	0	0	0	0	0	0	0	0	0	0	0	0	0	0	0	0	0	
82548	Temporal_Pole_Sup_R	0	0	0	0	0	178	0	0	0	176	0	0	0	0	0	522	0	102	0	0	0	304	0	0	0	0	0	0	0	1846	0	0	0	0	0	0	0	3674	0	3658	0	4590	0	0	0	0	0	0	0	0	0	0	0	0	0	8914	0	0	0	0	0	0	0	0	0	0	0	0	0	0	0	112	0	210	0	0	0	0	0	0	0	3508	0	0	0	3314	0	4632	0	5534	0	0	0	0	0	0	0	0	0	0	0	0	0	0	0	0	0	0	0	0	0	0	0	0	0	0	
227552	Temporal_Mid_L	826	0	240	0	0	0	0	0	0	0	0	0	0	0	0	0	3766	0	0	0	0	0	0	0	0	0	0	0	2444	0	0	0	184	0	0	0	2596	0	114	0	590	0	1768	0	176	0	178	0	514	0	14292	0	2478	0	1776	0	824	0	0	0	4012	0	7466	0	6246	0	1690	0	534	0	94	0	0	0	0	0	0	0	1812	0	16298	0	4354	0	0	0	4204	0	34300	0	0	0	0	0	0	0	0	0	0	0	0	0	0	0	0	0	0	0	0	0	0	0	0	0	0	0	
221020	Temporal_Mid_R	0	1690	0	876	0	0	0	0	0	0	0	0	0	0	0	0	0	236	0	2762	0	0	0	0	0	0	0	0	0	904	0	0	0	666	0	228	0	270	0	262	0	160	0	2972	0	10704	0	278	0	12076	0	7810	0	2568	0	1458	0	116	0	1860	0	260	0	1702	0	2996	0	10202	0	2178	0	0	0	0	0	0	0	0	0	1070	0	13518	0	3314	0	0	0	2122	0	25252	0	0	0	0	0	0	0	0	0	0	0	0	0	0	0	0	0	0	0	0	0	0	0	0	0	0	
33836	Temporal_Pole_Mid_L	0	0	0	0	260	0	0	0	0	0	0	0	0	0	302	0	0	0	0	0	156	0	0	0	102	0	176	0	370	0	0	0	0	0	0	0	668	0	262	0	104	0	0	0	0	0	0	0	0	0	0	0	0	0	1760	0	0	0	0	0	0	0	0	0	0	0	0	0	0	0	0	0	0	0	0	0	0	0	0	0	0	0	3118	0	4204	0	0	0	5436	0	0	0	0	0	0	0	0	0	0	0	0	0	0	0	0	0	0	0	0	0	0	0	0	0	0	0	
33336	Temporal_Pole_Mid_R	0	0	0	0	0	0	0	0	0	0	0	0	0	0	0	0	0	0	0	0	0	0	0	0	0	0	0	0	0	102	0	0	0	0	0	0	0	348	0	1474	0	586	0	0	0	0	0	0	0	0	0	0	0	0	0	3414	0	0	0	0	0	0	0	0	0	0	0	0	0	0	0	0	0	0	0	0	0	0	0	0	0	1038	0	4632	0	2122	0	0	0	2952	0	0	0	0	0	0	0	0	0	0	0	0	0	0	0	0	0	0	0	0	0	0	0	0	0	0	
199808	Temporal_Inf_L	142	0	122	0	0	0	0	0	0	0	0	0	0	0	0	0	2258	0	0	0	0	0	0	0	0	0	0	0	2350	0	0	0	0	0	0	0	5202	0	412	0	1062	0	398	0	0	0	98	0	166	0	2674	0	2400	0	7332	0	258	0	0	0	3136	0	3514	0	3188	0	382	0	0	0	102	0	0	0	0	0	0	0	1862	0	11042	0	3798	0	34300	0	5436	0	0	0	4746	0	236	0	0	0	956	0	2332	0	0	0	0	0	0	0	0	0	0	0	0	0	0	0	0	0	
256000	Temporal_Inf_R	0	2518	102	506	0	0	0	0	0	0	0	0	0	0	0	0	0	104	0	1834	0	0	0	0	0	0	0	0	0	2062	0	0	0	500	252	1294	0	8582	0	4136	0	1502	0	3712	0	6658	0	532	0	7222	0	3904	0	4420	0	19070	0	204	0	1960	0	1312	0	2960	0	586	0	7508	0	1330	0	0	0	160	0	0	0	0	0	952	0	6370	0	5534	0	25252	0	2952	0	0	0	2010	0	0	0	0	0	0	0	0	0	0	0	0	0	0	0	0	0	0	0	0	0	0	0	0	
443580	Cerebelum_Crus1_L	0	0	0	0	0	0	0	0	0	0	0	0	0	0	0	0	0	0	0	0	0	0	0	0	0	0	0	0	0	0	0	0	0	0	0	0	332	0	398	0	0	0	0	0	0	0	9316	1122	0	0	0	0	102	196	26258	642	0	0	0	0	0	0	0	0	0	0	0	0	0	0	0	0	0	0	0	0	0	0	0	0	0	0	0	0	0	0	0	0	4746	0	0	2314	29926	5980	1252	602	18314	1374	54966	3700	14018	3662	11028	4470	1486	220	750	0	198	860	5736	6808	8626	1430	760	198	
414068	Cerebelum_Crus1_R	0	0	0	0	0	0	0	0	0	0	0	0	0	0	0	0	0	0	0	0	0	0	0	0	0	0	0	0	0	0	0	0	0	0	0	0	0	432	0	654	0	128	0	0	0	0	1628	7870	0	0	0	0	0	846	682	19566	0	0	0	0	0	0	0	0	0	0	0	0	0	0	0	0	0	100	0	0	0	0	0	0	0	0	0	0	0	0	0	0	0	2010	2314	0	256	28712	114	2576	4686	20500	5484	54192	0	8670	0	15148	0	1348	0	98	0	694	11452	9064	7644	166	0	0	
294196	Cerebelum_Crus2_L	0	0	0	0	0	0	0	0	0	0	0	0	0	0	0	0	0	0	0	0	0	0	0	0	0	0	0	0	0	0	0	0	0	0	0	0	0	0	0	0	0	0	0	0	0	0	336	0	0	0	0	0	0	0	520	0	0	0	0	0	0	0	0	0	0	0	0	0	0	0	0	0	0	0	0	0	0	0	0	0	0	0	0	0	0	0	0	0	236	0	29926	256	0	9278	334	268	1792	176	5148	318	32676	5338	28410	3620	8660	296	3144	0	0	270	656	2024	10282	2292	608	234	
312320	Cerebelum_Crus2_R	0	0	0	0	0	0	0	0	0	0	0	0	0	0	0	0	0	0	0	0	0	0	0	0	0	0	0	0	0	0	0	0	0	0	0	0	0	0	0	0	0	0	0	0	0	0	0	396	0	0	0	0	0	0	0	460	0	0	0	0	0	0	0	0	0	0	0	0	0	0	0	0	0	0	0	0	0	0	0	0	0	0	0	0	0	0	0	0	0	0	5980	28712	9278	0	0	266	230	804	2112	6650	4974	33504	2828	34306	0	4208	0	160	0	136	728	3324	16000	1012	92	0	
41992	Cerebelum_3_L	0	0	0	0	0	0	0	0	0	0	0	0	0	0	0	0	0	0	0	0	0	0	0	0	0	0	0	0	0	0	0	0	0	0	0	0	0	0	0	0	0	0	0	0	0	0	178	0	0	0	0	0	0	0	112	0	0	0	0	0	0	0	0	0	0	0	0	0	0	0	0	0	0	0	0	0	0	0	0	0	0	0	0	0	0	0	0	0	0	0	1252	114	334	0	0	144	5778	0	1738	202	260	0	1542	150	2956	308	154	0	1224	1826	538	424	494	504	420	344	
71780	Cerebelum_3_R	0	0	0	0	0	0	0	0	0	0	0	0	0	0	0	0	0	0	0	0	0	0	0	0	0	0	0	0	0	0	0	0	0	0	0	0	0	0	0	0	0	0	0	0	0	0	0	540	0	0	0	0	0	0	0	186	0	0	0	0	0	0	0	0	0	0	0	0	0	0	0	0	0	0	0	0	0	0	0	0	0	0	0	0	0	0	0	0	0	0	602	2576	268	266	144	0	482	6126	768	5462	174	0	324	1610	128	2208	0	0	1186	4804	1718	1150	1874	1506	1360	428	
327900	Cerebelum_4_5_L	0	0	0	0	0	0	0	0	0	0	0	0	0	0	0	0	0	0	0	0	0	0	0	0	0	0	0	0	0	0	0	0	0	0	0	0	438	0	600	0	0	0	0	0	0	0	13056	6822	0	0	0	0	0	1672	13598	5414	0	0	0	0	0	0	0	0	0	0	0	0	0	0	0	0	0	0	0	0	0	0	0	0	0	0	0	0	0	0	0	0	956	0	18314	4686	1792	230	5778	482	0	8656	35270	9498	1530	0	1958	888	3478	442	0	0	616	1620	18300	4296	1352	838	570	800	
295284	Cerebelum_4_5_R	0	0	0	0	0	0	0	0	0	0	0	0	0	0	0	0	0	0	0	0	0	0	0	0	0	0	0	0	0	0	0	0	0	0	0	0	0	310	0	936	0	0	0	0	0	0	3314	12460	0	0	0	0	0	2572	1096	14378	0	0	0	0	0	0	0	0	0	0	0	0	0	0	0	0	0	0	0	0	0	0	0	0	0	0	0	0	0	0	0	0	0	0	1374	20500	176	804	0	6126	8656	0	5148	35518	104	172	124	1614	268	662	0	0	0	2194	21900	2982	1788	710	586	1170	
474532	Cerebelum_6_L	0	0	0	0	0	0	0	0	0	0	0	0	0	0	0	0	0	0	0	0	0	0	0	0	0	0	0	0	0	0	0	0	0	0	0	0	856	0	978	0	0	0	0	0	0	0	17420	4564	0	0	0	0	110	1152	35618	3484	0	0	0	0	0	0	0	0	0	0	0	0	0	0	0	0	0	0	0	0	0	0	0	0	0	0	0	0	0	0	0	0	2332	0	54966	5484	5148	2112	1738	768	35270	5148	0	9908	2902	1258	2794	3986	1462	658	0	0	234	1070	14296	11122	6262	2052	1148	966	
462024	Cerebelum_6_R	0	0	0	0	0	0	0	0	0	0	0	0	0	0	0	0	0	0	0	0	0	0	0	0	0	0	0	0	0	0	0	0	0	0	0	0	0	456	0	954	0	130	0	0	0	0	2906	14750	0	0	0	0	0	4522	1264	25700	0	0	0	0	0	0	0	0	0	0	0	0	0	0	0	0	0	100	0	0	0	0	0	0	0	0	0	0	0	0	0	0	0	0	3700	54192	318	6650	202	5462	9498	35518	9908	0	100	1160	148	4824	394	522	0	0	0	1784	22668	14906	5844	590	606	1236	
238620	Cerebelum_7b_L	0	0	0	0	0	0	0	0	0	0	0	0	0	0	0	0	0	0	0	0	0	0	0	0	0	0	0	0	0	0	0	0	0	0	0	0	0	0	0	0	0	0	0	0	0	0	298	0	0	0	0	0	0	0	406	0	0	0	0	0	0	0	0	0	0	0	0	0	0	0	0	0	0	0	0	0	0	0	0	0	0	0	0	0	0	0	0	0	0	0	14018	0	32676	4974	260	174	1530	104	2902	100	0	4104	30898	3400	7972	420	2640	0	0	232	306	902	6722	3240	716	316	
210900	Cerebelum_7b_R	0	0	0	0	0	0	0	0	0	0	0	0	0	0	0	0	0	0	0	0	0	0	0	0	0	0	0	0	0	0	0	0	0	0	0	0	0	0	0	0	0	0	0	0	0	0	0	0	0	0	0	0	0	0	0	0	0	0	0	0	0	0	0	0	0	0	0	0	0	0	0	0	0	0	0	0	0	0	0	0	0	0	0	0	0	0	0	0	0	0	3662	8670	5338	33504	0	0	0	172	1258	1160	4104	0	2774	28872	0	4178	0	108	0	0	178	1840	8126	1506	0	0	
249028	Cerebelum_8_L	0	0	0	0	0	0	0	0	0	0	0	0	0	0	0	0	0	0	0	0	0	0	0	0	0	0	0	0	0	0	0	0	0	0	0	0	0	0	0	0	0	0	0	0	0	0	138	0	0	0	0	0	0	0	336	0	0	0	0	0	0	0	0	0	0	0	0	0	0	0	0	0	0	0	0	0	0	0	0	0	0	0	0	0	0	0	0	0	0	0	11028	0	28410	2828	1542	324	1958	124	2794	148	30898	2774	0	3846	15352	2032	4870	0	528	690	350	650	5180	5056	1912	746	
288896	Cerebelum_8_R	0	0	0	0	0	0	0	0	0	0	0	0	0	0	0	0	0	0	0	0	0	0	0	0	0	0	0	0	0	0	0	0	0	0	0	0	0	0	0	0	0	0	0	0	0	0	142	516	0	0	0	0	0	0	186	206	0	0	0	0	0	0	0	0	0	0	0	0	0	0	0	0	0	0	0	0	0	0	0	0	0	0	0	0	0	0	0	0	0	0	4470	15148	3620	34306	150	1610	888	1614	3986	4824	3400	28872	3846	0	570	11516	0	670	670	1136	1838	4476	10500	3612	1408	268	
112644	Cerebelum_9_L	0	0	0	0	0	0	0	0	0	0	0	0	0	0	0	0	0	0	0	0	0	0	0	0	0	0	0	0	0	0	0	0	0	0	0	0	0	0	0	0	0	0	0	0	0	0	0	250	0	0	0	0	0	120	0	240	0	0	0	0	0	0	0	0	0	0	0	0	0	0	0	0	0	0	0	0	0	0	0	0	0	0	0	0	0	0	0	0	0	0	1486	0	8660	0	2956	128	3478	268	1462	394	7972	0	15352	570	0	1154	5606	0	418	632	650	950	522	1030	1022	1002	
103596	Cerebelum_9_R	0	0	0	0	0	0	0	0	0	0	0	0	0	0	0	0	0	0	0	0	0	0	0	0	0	0	0	0	0	0	0	0	0	0	0	0	0	0	0	0	0	0	0	0	0	0	0	336	0	0	0	0	0	250	0	336	0	0	0	0	0	0	0	0	0	0	0	0	0	0	0	0	0	0	0	0	0	0	0	0	0	0	0	0	0	0	0	0	0	0	220	1348	296	4208	308	2208	442	662	658	522	420	4178	2032	11516	1154	0	0	938	1220	2054	754	1740	2456	4100	4660	2782	
34328	Cerebelum_10_L	0	0	0	0	0	0	0	0	0	0	0	0	0	0	0	0	0	0	0	0	0	0	0	0	0	0	0	0	0	0	0	0	0	0	0	0	0	0	0	0	0	0	0	0	0	0	0	0	0	0	0	0	0	0	0	0	0	0	0	0	0	0	0	0	0	0	0	0	0	0	0	0	0	0	0	0	0	0	0	0	0	0	0	0	0	0	0	0	0	0	750	0	3144	0	154	0	0	0	0	0	2640	0	4870	0	5606	0	0	0	0	0	0	0	0	0	0	0	
3948	Cerebelum_10_R	0	0	0	0	0	0	0	0	0	0	0	0	0	0	0	0	0	0	0	0	0	0	0	0	0	0	0	0	0	0	0	0	0	0	0	0	0	0	0	0	0	0	0	0	0	0	0	0	0	0	0	0	0	0	0	0	0	0	0	0	0	0	0	0	0	0	0	0	0	0	0	0	0	0	0	0	0	0	0	0	0	0	0	0	0	0	0	0	0	0	0	98	0	160	0	0	0	0	0	0	0	108	0	670	0	938	0	0	0	0	0	0	0	0	0	0	
27236	Vermis_1_2	0	0	0	0	0	0	0	0	0	0	0	0	0	0	0	0	0	0	0	0	0	0	0	0	0	0	0	0	0	0	0	0	0	0	0	0	0	0	0	0	0	0	0	0	0	0	116	0	0	0	0	0	0	0	0	0	0	0	0	0	0	0	0	0	0	0	0	0	0	0	0	0	0	0	0	0	0	0	0	0	0	0	0	0	0	0	0	0	0	0	198	0	0	0	1224	1186	616	0	234	0	0	0	528	670	418	1220	0	0	0	5038	646	126	370	424	604	0	
68772	Vermis_3	0	0	0	0	0	0	0	0	0	0	0	0	0	0	0	0	0	0	0	0	0	0	0	0	0	0	0	0	0	0	0	0	0	0	0	0	0	0	140	0	0	0	0	0	0	0	144	100	0	0	0	0	0	0	0	0	0	0	0	0	0	0	0	0	0	0	0	0	0	0	0	0	0	0	0	0	0	0	0	0	0	0	0	0	0	0	0	0	0	0	860	694	270	136	1826	4804	1620	2194	1070	1784	232	0	690	1136	632	2054	0	0	5038	0	2570	1084	1708	1590	1500	510	
310104	Vermis_4_5	0	0	0	0	0	0	0	0	0	0	0	0	0	0	0	0	0	0	0	0	0	0	0	0	0	0	0	0	0	0	0	0	0	0	0	0	0	136	0	0	0	0	0	0	0	0	5420	12684	0	0	0	0	0	3686	3044	10714	0	0	0	0	0	0	0	0	0	0	110	212	0	0	0	0	0	0	0	0	0	0	0	0	0	0	0	0	0	0	0	0	0	0	5736	11452	656	728	538	1718	18300	21900	14296	22668	306	178	350	1838	650	754	0	0	646	2570	0	8002	2280	1174	770	1536	
219192	Vermis_6	0	0	0	0	0	0	0	0	0	0	0	0	0	0	0	0	0	0	0	0	0	0	0	0	0	0	0	0	0	0	0	0	0	0	0	0	0	0	0	0	0	0	0	0	0	0	1172	8090	0	0	0	0	0	2846	824	5008	0	0	0	0	0	0	0	0	0	0	0	0	0	0	0	0	0	0	0	0	0	0	0	0	0	0	0	0	0	0	0	0	0	0	6808	9064	2024	3324	424	1150	4296	2982	11122	14906	902	1840	650	4476	950	1740	0	0	126	1084	8002	0	8544	2414	1976	2852	
