data	data	562348	280704	1.14144e+06	984560	180092	139808	446016	367604	71784	76312	245440	198188	224588	216604	131652	134096	464308	124368	944244	837356	86092	101392	348572	365604	42968	84664	28592	79852	803408	382172	203892	370084	179448	497356	150504	168000	336716	413208	113884	265208	41152	65248	265996	336180	186780	309680	282820	291908	272104	310564	635780	307152	221516	181928	561636	568320	477272	237560	309144	164896	226076	144128	100752	102360	208312	142248	440660	378980	269796	185836	375320	464264	392128	389416	62632	65700	160448	219720	181940	27352	306496	123044	63032	55776	291920	250472	18644	20956	345156	201580	431484	331316	378460	287080	52172	75232	297676	185204	419172	359812	239704	166640	295824	289720	131688	119892	36736	17448	23452	77512	183744	176580	215768	107272	79788	16580	
data	data	Precentral_L	Precentral_R	Frontal_Sup_L	Frontal_Sup_R	Frontal_Sup_Orb_L	Frontal_Sup_Orb_R	Frontal_Mid_L	Frontal_Mid_R	Frontal_Mid_Orb_L	Frontal_Mid_Orb_R	Frontal_Inf_Oper_L	Frontal_Inf_Oper_R	Frontal_Inf_Tri_L	Frontal_Inf_Tri_R	Frontal_Inf_Orb_L	Frontal_Inf_Orb_R	Rolandic_Oper_L	Rolandic_Oper_R	Supp_Motor_Area_L	Supp_Motor_Area_R	Olfactory_L	Olfactory_R	Frontal_Sup_Medial_L	Frontal_Sup_Medial_R	Frontal_Med_Orb_L	Frontal_Med_Orb_R	Rectus_L	Rectus_R	Insula_L	Insula_R	Cingulum_Ant_L	Cingulum_Ant_R	Cingulum_Mid_L	Cingulum_Mid_R	Cingulum_Post_L	Cingulum_Post_R	Hippocampus_L	Hippocampus_R	ParaHippocampal_L	ParaHippocampal_R	Amygdala_L	Amygdala_R	Calcarine_L	Calcarine_R	Cuneus_L	Cuneus_R	Lingual_L	Lingual_R	Occipital_Sup_L	Occipital_Sup_R	Occipital_Mid_L	Occipital_Mid_R	Occipital_Inf_L	Occipital_Inf_R	Fusiform_L	Fusiform_R	Postcentral_L	Postcentral_R	Parietal_Sup_L	Parietal_Sup_R	Parietal_Inf_L	Parietal_Inf_R	SupraMarginal_L	SupraMarginal_R	Angular_L	Angular_R	Precuneus_L	Precuneus_R	Paracentral_Lobule_L	Paracentral_Lobule_R	Caudate_L	Caudate_R	Putamen_L	Putamen_R	Pallidum_L	Pallidum_R	Thalamus_L	Thalamus_R	Heschl_L	Heschl_R	Temporal_Sup_L	Temporal_Sup_R	Temporal_Pole_Sup_L	Temporal_Pole_Sup_R	Temporal_Mid_L	Temporal_Mid_R	Temporal_Pole_Mid_L	Temporal_Pole_Mid_R	Temporal_Inf_L	Temporal_Inf_R	Cerebelum_Crus1_L	Cerebelum_Crus1_R	Cerebelum_Crus2_L	Cerebelum_Crus2_R	Cerebelum_3_L	Cerebelum_3_R	Cerebelum_4_5_L	Cerebelum_4_5_R	Cerebelum_6_L	Cerebelum_6_R	Cerebelum_7b_L	Cerebelum_7b_R	Cerebelum_8_L	Cerebelum_8_R	Cerebelum_9_L	Cerebelum_9_R	Cerebelum_10_L	Cerebelum_10_R	Vermis_1_2	Vermis_3	Vermis_4_5	Vermis_6	Vermis_7	Vermis_8	Vermis_9	Vermis_10	
562348	Precentral_L	0	5780	22472	5084	0	0	23214	786	0	0	12404	140	3278	0	0	0	18302	0	19456	12406	0	0	0	0	0	0	0	0	11530	180	240	0	222	4456	924	464	7936	470	766	0	0	0	1068	0	0	0	820	0	0	0	2510	0	4860	244	6504	376	37992	564	1988	0	5478	0	4450	0	1862	0	1424	0	23072	4424	1792	1786	1350	244	0	0	10492	2332	7388	0	4008	0	0	0	1200	0	0	0	2436	0	0	0	0	0	0	0	0	0	0	0	0	0	0	0	0	0	0	0	0	0	0	0	0	0	0	0	
280704	Precentral_R	5780	0	2190	17672	0	0	594	9068	0	0	0	7242	0	332	0	0	140	2878	2606	13570	0	0	0	0	0	0	0	0	348	2968	0	0	0	914	916	888	1506	8004	212	380	0	0	0	400	0	0	0	566	0	186	0	566	0	2222	274	5696	682	18890	0	274	126	384	0	2142	0	0	0	280	6184	5396	918	2474	196	428	0	0	774	6118	172	504	0	2472	0	0	0	884	0	0	166	2770	0	0	0	0	0	0	0	0	0	0	0	0	0	0	0	0	0	0	0	0	0	0	0	0	0	0	
1.14144e+06	Frontal_Sup_L	22472	2190	0	15256	10740	0	56678	6804	1300	0	19164	2238	19776	972	4898	0	20876	532	124640	23460	0	0	42486	5732	838	0	0	0	55114	1380	11646	4658	5496	10662	268	232	5524	688	1080	408	0	0	0	0	0	0	146	0	0	0	0	0	244	0	4844	426	14972	184	0	0	0	0	0	0	0	0	0	0	2078	0	18568	3570	19276	1588	4728	146	5348	750	5720	0	4978	0	646	0	274	0	0	0	4026	0	0	0	0	0	0	0	0	0	0	0	0	0	0	0	0	0	0	0	0	0	0	0	0	0	0	0	
984560	Frontal_Sup_R	5084	17672	15256	0	0	5520	2032	45756	0	1946	0	13022	0	22028	0	6282	530	7414	20644	80266	206	212	15516	42164	0	1716	0	480	1624	17248	5090	29052	2798	23944	1146	998	2026	8670	402	2640	0	0	0	0	0	0	0	230	0	0	0	0	0	794	294	3172	394	2860	0	0	0	0	0	244	0	0	0	0	5022	592	5530	26312	946	19994	188	3820	1036	19482	194	562	0	388	0	142	0	0	0	0	256	444	0	0	0	0	0	0	0	0	0	0	0	0	0	0	0	0	0	0	0	0	0	0	0	0	0	0	
180092	Frontal_Sup_Orb_L	0	0	10740	0	0	0	2934	452	11518	0	560	370	2500	134	11510	0	0	0	1034	0	1142	386	3070	0	5580	176	3788	0	12026	0	4028	272	0	0	0	0	0	0	0	0	0	0	0	0	0	0	0	0	0	0	0	0	0	0	0	0	0	0	0	0	0	0	0	0	0	0	0	0	0	0	3166	200	14210	0	0	0	0	0	0	0	0	0	250	0	0	0	0	0	0	0	0	0	0	0	0	0	0	0	0	0	0	0	0	0	0	0	0	0	0	0	0	0	0	0	0	0	
139808	Frontal_Sup_Orb_R	0	0	0	5520	0	0	0	4736	0	8232	0	0	0	864	0	7204	0	0	0	506	1374	1882	350	2944	254	8792	648	9102	0	1220	616	2256	0	0	0	0	0	0	0	0	0	0	0	0	0	0	0	0	0	0	0	0	0	0	0	0	0	0	0	0	0	0	0	0	0	0	0	0	0	0	1412	6550	1292	3918	232	0	0	0	0	0	0	0	0	0	0	0	0	0	0	0	0	0	0	0	0	0	0	0	0	0	0	0	0	0	0	0	0	0	0	0	0	0	0	0	0	0	
446016	Frontal_Mid_L	23214	594	56678	2032	2934	0	0	1854	1544	0	12480	1148	31076	444	4948	0	8888	0	12188	1806	0	0	10140	792	0	0	0	0	19612	264	2388	378	1910	862	0	0	1230	0	286	0	0	0	0	0	0	0	0	0	0	0	792	0	0	0	602	0	5694	0	204	0	430	0	0	0	0	0	240	0	1198	0	4648	804	404	216	0	0	3764	344	1850	0	1294	0	0	0	352	0	0	0	482	0	0	0	0	0	0	0	0	0	0	0	0	0	0	0	0	0	0	0	0	0	0	0	0	0	0	0	
367604	Frontal_Mid_R	786	9068	6804	45756	452	4736	1854	0	0	3928	0	7178	0	18626	0	10136	566	2856	8186	9988	0	0	1102	5154	0	0	0	0	2438	7136	722	2888	0	4742	234	220	284	3350	0	720	0	0	0	0	0	0	0	0	0	0	0	0	0	406	134	1174	268	1212	0	0	0	0	0	0	0	0	0	0	328	0	4906	7258	516	5590	0	670	0	802	0	312	0	0	0	0	0	0	0	0	0	316	0	0	0	0	0	0	0	0	0	0	0	0	0	0	0	0	0	0	0	0	0	0	0	0	0	0	
71784	Frontal_Mid_Orb_L	0	0	1300	0	11518	0	1544	0	0	0	0	0	1330	0	12382	0	0	0	0	0	268	144	0	0	180	0	1686	0	2102	0	0	0	0	0	0	0	0	0	0	0	0	0	0	0	0	0	0	0	0	0	0	0	0	0	0	0	0	0	0	0	0	0	0	0	0	0	0	0	0	0	324	0	3114	0	0	0	0	0	0	0	0	0	0	0	0	0	0	0	0	0	0	0	0	0	0	0	0	0	0	0	0	0	0	0	0	0	0	0	0	0	0	0	0	0	0	0	
76312	Frontal_Mid_Orb_R	0	0	0	1946	0	8232	0	3928	0	0	0	0	0	426	0	10718	0	0	0	244	354	380	0	0	0	468	0	1124	0	1476	0	0	0	0	0	0	0	0	0	0	0	0	0	0	0	0	0	0	0	0	0	0	0	0	0	0	0	0	0	0	0	0	0	0	0	0	0	0	0	0	412	3180	354	4766	148	0	0	0	0	0	0	0	0	0	0	0	0	0	0	0	0	0	0	0	0	0	0	0	0	0	0	0	0	0	0	0	0	0	0	0	0	0	0	0	0	0	
245440	Frontal_Inf_Oper_L	12404	0	19164	0	560	0	12480	0	0	0	0	0	14610	0	0	0	13820	0	15436	0	0	0	178	0	0	0	0	0	19160	0	362	0	0	0	0	0	440	0	0	0	0	0	0	0	0	0	0	0	0	0	136	0	0	0	618	0	3854	0	0	0	0	0	0	0	0	0	0	0	0	0	912	0	934	0	0	0	276	0	516	0	5090	0	968	0	0	0	0	0	802	0	0	0	0	0	0	0	0	0	0	0	0	0	0	0	0	0	0	0	0	0	0	0	0	0	0	0	
198188	Frontal_Inf_Oper_R	140	7242	2238	13022	370	0	1148	7178	0	0	0	0	0	8324	0	0	0	7382	2382	13776	0	0	170	602	0	0	0	0	1428	15866	0	140	0	796	0	0	0	902	0	406	0	0	0	0	0	0	0	0	0	0	0	0	0	166	0	942	0	2754	0	0	0	0	0	0	0	0	0	0	0	0	1782	4396	0	2952	0	0	0	752	0	242	0	652	0	494	0	0	0	0	0	450	0	0	0	0	0	0	0	0	0	0	0	0	0	0	0	0	0	0	0	0	0	0	0	0	0	0	
224588	Frontal_Inf_Tri_L	3278	0	19776	0	2500	0	31076	0	1330	0	14610	0	0	0	7914	0	1312	0	6386	0	0	0	1362	0	0	0	0	0	19328	0	432	0	0	0	0	0	0	0	0	0	0	0	0	0	0	0	0	0	0	0	0	0	0	0	152	0	1118	0	0	0	0	0	0	0	0	0	0	0	0	0	422	0	268	0	0	0	0	0	0	0	418	0	612	0	0	0	0	0	0	0	0	0	0	0	0	0	0	0	0	0	0	0	0	0	0	0	0	0	0	0	0	0	0	0	0	0	
216604	Frontal_Inf_Tri_R	0	332	972	22028	134	864	444	18626	0	426	0	8324	0	0	0	4646	0	798	4216	10208	0	0	702	6198	0	0	0	0	606	15114	502	3420	0	6186	0	0	0	0	0	0	0	0	0	0	0	0	0	0	0	0	0	0	0	0	0	0	0	0	0	0	0	0	0	0	0	0	0	0	0	0	896	1408	134	706	0	0	0	184	0	0	0	0	0	228	0	0	0	0	0	0	0	0	0	0	0	0	0	0	0	0	0	0	0	0	0	0	0	0	0	0	0	0	0	0	0	0	
131652	Frontal_Inf_Orb_L	0	0	4898	0	11510	0	4948	0	12382	0	0	0	7914	0	0	0	0	0	1978	0	1066	0	0	0	0	0	186	0	11160	0	146	0	152	0	0	0	134	0	0	0	1208	0	0	0	0	0	0	0	0	0	0	0	0	0	0	0	0	0	0	0	0	0	0	0	0	0	0	0	0	0	712	0	6384	0	0	0	0	0	0	0	0	0	1048	0	0	0	0	0	0	0	0	0	0	0	0	0	0	0	0	0	0	0	0	0	0	0	0	0	0	0	0	0	0	0	0	0	
134096	Frontal_Inf_Orb_R	0	0	0	6282	0	7204	0	10136	0	10718	0	0	0	4646	0	0	0	0	352	740	344	1298	194	1598	0	134	0	1678	0	6278	338	758	0	592	0	0	0	0	0	0	0	0	0	0	0	0	0	0	0	0	0	0	0	0	0	246	0	0	0	0	0	0	0	0	0	0	0	0	0	0	362	4004	296	7304	0	0	0	0	0	0	0	278	0	992	0	128	0	0	0	148	0	0	0	0	0	0	0	0	0	0	0	0	0	0	0	0	0	0	0	0	0	0	0	0	0	0	
464308	Rolandic_Oper_L	18302	140	20876	530	0	0	8888	566	0	0	13820	0	1312	0	0	0	0	0	17756	318	0	0	0	0	0	0	0	0	34424	152	0	0	0	0	312	158	2996	0	0	0	0	0	1122	0	0	0	692	0	250	0	6046	0	2804	0	6100	0	27000	0	2276	0	4072	0	3782	0	3362	0	1474	0	728	0	4752	0	412	0	596	0	4236	0	14750	0	17410	0	636	0	3304	0	0	0	5800	0	0	0	0	0	0	0	0	0	0	0	0	0	0	0	0	0	0	0	0	0	0	0	0	0	0	0	
124368	Rolandic_Oper_R	0	2878	532	7414	0	0	0	2856	0	0	0	7382	0	798	0	0	0	0	558	6790	0	0	0	0	0	0	0	0	0	11252	0	0	0	0	0	0	0	782	0	480	0	0	0	0	0	0	0	0	0	0	0	0	0	132	0	716	0	4510	0	0	0	0	0	2856	0	0	0	0	0	258	344	1512	0	2314	0	192	0	242	0	2584	0	4078	0	570	0	0	0	0	0	154	0	0	0	0	0	0	0	0	0	0	0	0	0	0	0	0	0	0	0	0	0	0	0	0	0	0	
944244	Supp_Motor_Area_L	19456	2606	124640	20644	1034	0	12188	8186	0	0	15436	2382	6386	4216	1978	352	17756	558	0	45142	0	0	6684	5268	0	0	0	0	39156	3264	4994	5474	6436	22044	452	250	6306	788	1174	454	0	0	0	0	0	0	164	0	0	0	0	0	238	0	4956	512	12006	192	0	0	0	0	0	0	0	0	0	0	8368	636	13404	3402	15688	1800	4732	170	5836	714	4030	0	4536	0	554	0	278	0	0	0	4202	0	0	0	0	0	0	0	0	0	0	0	0	0	0	0	0	0	0	0	0	0	0	0	0	0	0	0	
837356	Supp_Motor_Area_R	12406	13570	23460	80266	0	506	1806	9988	0	244	0	13776	0	10208	0	740	318	6790	45142	0	0	0	1508	9328	0	0	0	0	990	15260	686	6718	3906	40122	1918	1120	504	5316	156	1968	0	0	0	284	0	444	0	310	0	270	0	400	0	1158	256	3426	608	4754	0	0	134	0	0	372	0	0	164	942	21728	18398	3760	16748	1288	13500	702	3770	252	14544	140	308	0	558	0	160	0	156	0	0	138	286	0	0	0	0	0	0	0	0	0	0	0	0	0	0	0	0	0	0	0	0	0	0	0	0	0	0	
86092	Olfactory_L	0	0	0	206	1142	1374	0	0	268	354	0	0	0	0	1066	344	0	0	0	0	0	6532	0	0	272	628	742	2010	1510	0	2252	2142	0	0	0	0	0	0	0	0	344	0	0	0	0	0	0	0	0	0	0	0	0	0	0	0	0	0	0	0	0	0	0	0	0	0	0	0	0	0	7790	5356	6246	976	808	554	0	0	0	0	0	0	130	0	0	0	0	0	0	0	0	0	0	0	0	0	0	0	0	0	0	0	0	0	0	0	0	0	0	0	0	0	0	0	0	0	
101392	Olfactory_R	0	0	0	212	386	1882	0	0	144	380	0	0	0	0	0	1298	0	0	0	0	6532	0	0	0	154	1088	514	3042	0	1248	2090	2584	0	0	0	0	0	0	0	188	0	396	0	0	0	0	0	0	0	0	0	0	0	0	0	0	0	0	0	0	0	0	0	0	0	0	0	0	0	0	7892	9254	6180	2526	1232	1298	0	0	0	0	0	0	0	176	0	0	0	0	0	0	0	0	0	0	0	0	0	0	0	0	0	0	0	0	0	0	0	0	0	0	0	0	0	0	0	0	
348572	Frontal_Sup_Medial_L	0	0	42486	15516	3070	350	10140	1102	0	0	178	170	1362	702	0	194	0	0	6684	1508	0	0	0	24882	2004	480	0	134	5022	212	13552	15620	8830	13094	0	0	0	0	0	0	0	0	0	0	0	0	0	0	0	0	0	0	0	0	0	0	0	0	0	0	0	0	0	0	0	0	0	0	0	0	2316	940	3498	240	0	0	0	0	0	0	0	0	0	0	0	0	0	0	0	0	0	0	0	0	0	0	0	0	0	0	0	0	0	0	0	0	0	0	0	0	0	0	0	0	0	0	
365604	Frontal_Sup_Medial_R	0	0	5732	42164	0	2944	792	5154	0	0	0	602	0	6198	0	1598	0	0	5268	9328	0	0	24882	0	384	3642	150	948	0	2524	6560	30308	2432	21444	0	0	0	0	0	0	0	0	0	0	0	0	0	0	0	0	0	0	0	0	0	0	0	0	0	0	0	0	0	0	0	0	0	0	0	0	322	6200	142	2924	0	0	0	160	0	0	0	0	0	0	0	0	0	0	0	0	0	0	0	0	0	0	0	0	0	0	0	0	0	0	0	0	0	0	0	0	0	0	0	0	0	0	
42968	Frontal_Med_Orb_L	0	0	838	0	5580	254	0	0	180	0	0	0	0	0	0	0	0	0	0	0	272	154	2004	384	0	1818	1210	384	0	0	3858	1168	0	0	0	0	0	0	0	0	0	0	0	0	0	0	0	0	0	0	0	0	0	0	0	0	0	0	0	0	0	0	0	0	0	0	0	0	0	0	622	424	2334	0	0	0	0	0	0	0	0	0	0	0	0	0	0	0	0	0	0	0	0	0	0	0	0	0	0	0	0	0	0	0	0	0	0	0	0	0	0	0	0	0	0	0	
84664	Frontal_Med_Orb_R	0	0	0	1716	176	8792	0	0	0	468	0	0	0	0	0	134	0	0	0	0	628	1088	480	3642	1818	0	1104	7686	0	0	1248	5540	0	0	0	0	0	0	0	0	0	0	0	0	0	0	0	0	0	0	0	0	0	0	0	0	0	0	0	0	0	0	0	0	0	0	0	0	0	0	680	4614	842	1676	0	0	0	0	0	0	0	0	0	0	0	0	0	0	0	0	0	0	0	0	0	0	0	0	0	0	0	0	0	0	0	0	0	0	0	0	0	0	0	0	0	0	
28592	Rectus_L	0	0	0	0	3788	648	0	0	1686	0	0	0	0	0	186	0	0	0	0	0	742	514	0	150	1210	1104	0	1086	0	0	668	484	0	0	0	0	0	0	0	0	0	0	0	0	0	0	0	0	0	0	0	0	0	0	0	0	0	0	0	0	0	0	0	0	0	0	0	0	0	0	994	272	764	0	0	0	0	0	0	0	0	0	0	0	0	0	0	0	0	0	0	0	0	0	0	0	0	0	0	0	0	0	0	0	0	0	0	0	0	0	0	0	0	0	0	0	
79852	Rectus_R	0	0	0	480	0	9102	0	0	0	1124	0	0	0	0	0	1678	0	0	0	0	2010	3042	134	948	384	7686	1086	0	0	502	298	1760	0	0	0	0	0	0	0	0	0	0	0	0	0	0	0	0	0	0	0	0	0	0	0	0	0	0	0	0	0	0	0	0	0	0	0	0	0	0	1970	4272	1908	1208	334	0	0	0	0	0	0	0	0	0	0	0	0	0	0	0	0	0	0	0	0	0	0	0	0	0	0	0	0	0	0	0	0	0	0	0	0	0	0	0	0	0	
803408	Insula_L	11530	348	55114	1624	12026	0	19612	2438	2102	0	19160	1428	19328	606	11160	0	34424	0	39156	990	1510	0	5022	0	0	0	0	0	0	502	1710	422	540	336	636	440	15696	526	2254	320	1956	0	326	0	0	0	570	0	0	0	1368	0	2648	0	17700	332	12626	0	2178	0	3606	0	2130	0	1930	0	608	0	1262	0	18258	1832	19682	496	758	134	5836	332	10064	0	11768	0	3982	0	2612	0	0	0	15208	0	0	0	0	0	0	0	0	0	542	0	0	0	0	0	0	0	0	0	0	0	0	0	0	0	0	0	
382172	Insula_R	180	2968	1380	17248	0	1220	264	7136	0	1476	0	15866	0	15114	0	6278	152	11252	3264	15260	0	1248	212	2524	0	0	0	502	502	0	402	2966	0	3202	0	0	0	6512	0	3504	0	1030	0	0	0	0	0	196	0	0	0	0	0	1542	0	7288	0	1624	0	0	0	150	0	448	0	0	0	0	0	0	1736	11358	266	22568	0	312	0	2468	0	2810	0	7200	0	1290	0	1956	0	0	0	6212	0	0	0	0	0	0	0	0	0	0	0	0	0	0	0	0	0	0	0	0	0	0	0	0	0	0	
203892	Cingulum_Ant_L	240	0	11646	5090	4028	616	2388	722	0	0	362	0	432	502	146	338	0	0	4994	686	2252	2090	13552	6560	3858	1248	668	298	1710	402	0	14120	3562	2108	0	0	0	0	0	0	0	0	0	0	0	0	0	0	0	0	0	0	0	0	0	0	0	0	0	0	0	0	0	0	0	0	0	0	0	0	5774	2884	7872	642	0	156	0	0	0	0	0	0	0	0	0	0	0	0	0	0	0	0	0	0	0	0	0	0	0	0	0	0	0	0	0	0	0	0	0	0	0	0	0	0	0	0	
370084	Cingulum_Ant_R	0	0	4658	29052	272	2256	378	2888	0	0	0	140	0	3420	0	758	0	0	5474	6718	2142	2584	15620	30308	1168	5540	484	1760	422	2966	14120	0	5048	23898	0	0	0	0	0	0	0	0	0	0	0	0	0	0	0	0	0	0	0	0	0	0	0	0	0	0	0	0	0	0	0	0	0	0	0	0	3344	12198	2182	4972	0	0	0	272	0	0	0	0	0	0	0	0	0	0	0	0	0	0	0	0	0	0	0	0	0	0	0	0	0	0	0	0	0	0	0	0	0	0	0	0	0	0	
179448	Cingulum_Mid_L	222	0	5496	2798	0	0	1910	0	0	0	0	0	0	0	152	0	0	0	6436	3906	0	0	8830	2432	0	0	0	0	540	0	3562	5048	0	12742	2984	396	0	0	0	0	0	0	836	0	282	140	0	0	1372	0	7542	0	0	0	0	0	2380	200	3456	0	486	0	0	0	574	0	8766	880	4294	714	170	0	0	0	0	0	0	0	0	0	0	0	0	0	178	0	0	0	0	0	0	0	0	0	0	0	0	0	0	0	0	0	0	0	0	0	0	0	0	0	0	0	0	0	0	0	
497356	Cingulum_Mid_R	4456	914	10662	23944	0	0	862	4742	0	0	0	796	0	6186	0	592	0	0	22044	40122	0	0	13094	21444	0	0	0	0	336	3202	2108	23898	12742	0	2032	4746	0	148	0	0	0	0	0	1144	0	3224	0	0	0	1978	0	1802	0	0	0	158	364	3870	0	312	0	0	0	0	0	0	1356	7628	11182	13802	400	1018	0	910	0	0	0	0	0	0	0	0	0	0	0	460	0	0	0	0	0	0	0	0	0	0	0	0	0	0	0	0	0	0	0	0	0	0	0	0	0	0	0	0	0	0	
150504	Cingulum_Post_L	924	916	268	1146	0	0	0	234	0	0	0	0	0	0	0	0	312	0	452	1918	0	0	0	0	0	0	0	0	636	0	0	0	2984	2032	0	12026	3616	5852	1768	2152	0	0	2418	212	864	168	1348	266	902	0	850	0	1280	436	2026	2558	2938	1660	284	0	0	0	0	0	0	0	6290	1760	4992	2312	0	0	0	172	0	0	332	2920	154	0	210	0	0	0	210	0	0	0	250	0	0	0	0	0	0	0	204	0	0	0	0	0	0	0	0	0	0	0	0	0	0	0	0	0	0	0	
168000	Cingulum_Post_R	464	888	232	998	0	0	0	220	0	0	0	0	0	0	0	0	158	0	250	1120	0	0	0	0	0	0	0	0	440	0	0	0	396	4746	12026	0	2742	8304	1506	2686	0	0	282	4824	402	486	242	2344	410	368	176	442	468	1228	1314	5754	882	3894	0	242	0	182	0	0	0	0	2866	10604	428	2990	0	0	0	162	0	0	336	2844	134	0	0	0	0	0	0	166	0	0	0	626	0	0	0	0	0	0	0	0	0	0	0	0	0	0	0	0	0	0	0	0	1728	0	0	0	0	0	
336716	Hippocampus_L	7936	1506	5524	2026	0	0	1230	284	0	0	440	0	0	0	134	0	2996	0	6306	504	0	0	0	0	0	0	0	0	15696	0	0	0	0	0	3616	2742	0	3694	15916	1832	6504	0	508	0	0	0	2944	0	0	0	310	0	648	0	25896	1386	2826	0	0	0	236	0	252	0	0	0	990	0	2008	0	2418	678	9184	332	592	0	7676	4632	4154	0	1998	0	1068	0	1110	0	372	0	16016	0	0	0	0	0	0	0	550	0	688	0	0	0	0	0	0	0	0	0	0	0	0	0	0	0	0	0	
413208	Hippocampus_R	470	8004	688	8670	0	0	0	3350	0	0	0	902	0	0	0	0	0	782	788	5316	0	0	0	0	0	0	0	0	526	6512	0	0	0	148	5852	8304	3694	0	1834	34408	0	10778	0	1332	0	0	290	5522	0	0	0	712	134	7070	1134	41744	228	1156	0	0	0	0	0	360	0	0	578	3406	518	1202	386	2804	314	14470	0	2842	370	8568	0	442	0	1088	0	640	0	430	0	0	202	5486	0	0	0	0	0	200	0	822	0	0	0	0	0	0	0	0	0	0	0	0	1128	0	0	0	0	0	
113884	ParaHippocampal_L	766	212	1080	402	0	0	286	0	0	0	0	0	0	0	0	0	0	0	1174	156	0	0	0	0	0	0	0	0	2254	0	0	0	0	0	1768	1506	15916	1834	0	1008	2564	0	140	0	0	0	2814	184	0	0	0	0	0	0	9882	698	0	0	0	0	0	0	0	0	0	0	280	0	350	0	0	0	2370	0	0	0	2466	1532	0	0	0	0	380	0	0	0	378	0	2734	0	0	0	0	0	768	0	806	0	234	0	0	0	0	0	0	0	0	0	0	0	0	0	0	0	0	0	
265208	ParaHippocampal_R	0	380	408	2640	0	0	0	720	0	0	0	406	0	0	0	0	0	480	454	1968	0	188	0	0	0	0	0	0	320	3504	0	0	0	0	2152	2686	1832	34408	1008	0	0	9810	0	432	0	0	228	5782	0	0	0	0	0	2306	684	29512	0	0	0	0	0	0	0	0	0	0	0	1700	0	0	270	2296	210	9582	0	2718	232	4002	0	212	0	622	0	1044	0	0	0	238	0	2532	0	0	0	0	136	1196	0	1860	0	196	0	0	0	0	0	0	0	0	0	684	566	0	0	0	0	0	
41152	Amygdala_L	0	0	0	0	0	0	0	0	0	0	0	0	0	0	1208	0	0	0	0	0	344	0	0	0	0	0	0	0	1956	0	0	0	0	0	0	0	6504	0	2564	0	0	0	0	0	0	0	0	0	0	0	0	0	0	0	3616	0	0	0	0	0	0	0	0	0	0	0	0	0	0	0	298	0	1522	0	0	0	0	0	0	0	0	0	636	0	0	0	448	0	1480	0	0	0	0	0	0	0	0	0	0	0	0	0	0	0	0	0	0	0	0	0	0	0	0	0	0	0	
65248	Amygdala_R	0	0	0	0	0	0	0	0	0	0	0	0	0	0	0	0	0	0	0	0	0	396	0	0	0	0	0	0	0	1030	0	0	0	0	0	0	0	10778	0	9810	0	0	0	0	0	0	0	0	0	0	0	0	0	0	0	8036	0	0	0	0	0	0	0	0	0	0	0	0	0	0	0	0	0	936	0	0	0	0	0	0	0	0	0	1414	0	0	0	0	0	224	0	0	0	0	0	0	0	0	0	0	0	0	0	0	0	0	0	0	0	0	0	0	0	0	0	0	
265996	Calcarine_L	1068	0	0	0	0	0	0	0	0	0	0	0	0	0	0	0	1122	0	0	0	0	0	0	0	0	0	0	0	326	0	0	0	836	0	2418	282	508	0	140	0	0	0	0	7018	12656	3510	11924	2284	13370	1528	27118	656	9534	0	7148	0	942	0	1758	0	130	0	142	0	1808	0	19378	884	922	0	0	0	0	0	0	0	0	0	0	0	1292	0	0	0	1480	0	0	0	370	0	0	0	0	0	0	0	446	0	0	0	0	0	0	0	0	0	0	0	0	0	0	0	0	0	0	0	
336180	Calcarine_R	0	400	0	0	0	0	0	0	0	0	0	0	0	0	0	0	0	0	0	284	0	0	0	0	0	0	0	0	0	0	0	0	0	1144	212	4824	0	1332	0	432	0	0	7018	0	9004	26064	1536	21838	1364	19142	352	21456	0	8518	0	7806	0	1378	0	1042	0	276	0	0	0	0	1776	22064	0	1336	0	0	0	0	0	0	0	0	0	0	0	0	0	0	0	5908	0	0	0	1584	0	0	0	0	0	0	0	0	0	0	0	0	0	0	0	0	0	0	0	0	0	0	0	0	0	0	
186780	Cuneus_L	0	0	0	0	0	0	0	0	0	0	0	0	0	0	0	0	0	0	0	0	0	0	0	0	0	0	0	0	0	0	0	0	282	0	864	402	0	0	0	0	0	0	12656	9004	0	10686	896	1764	19136	3468	9656	1310	302	0	326	0	174	0	2978	200	0	0	0	0	138	0	14706	3820	234	0	0	0	0	0	0	0	0	0	0	0	0	0	0	0	388	0	0	0	0	0	0	0	0	0	0	0	0	0	0	0	0	0	0	0	0	0	0	0	0	0	0	0	0	0	0	0	
309680	Cuneus_R	0	0	0	0	0	0	0	0	0	0	0	0	0	0	0	0	0	0	0	444	0	0	0	0	0	0	0	0	0	0	0	0	140	3224	168	486	0	0	0	0	0	0	3510	26064	10686	0	832	4106	1296	38128	162	18436	0	770	0	456	0	1772	0	6564	0	200	0	0	0	220	4788	26102	0	2506	0	0	0	0	0	0	0	0	0	0	0	0	0	0	0	3780	0	0	0	0	0	0	0	0	0	0	0	0	0	0	0	0	0	0	0	0	0	0	0	0	0	0	0	0	0	0	
282820	Lingual_L	820	0	146	0	0	0	0	0	0	0	0	0	0	0	0	0	692	0	164	0	0	0	0	0	0	0	0	0	570	0	0	0	0	0	1348	242	2944	290	2814	228	0	0	11924	1536	896	832	0	3742	1814	500	9630	288	8780	0	23382	512	518	0	310	0	0	0	226	0	0	0	5806	0	368	0	0	0	0	0	0	0	532	202	162	0	542	0	0	0	690	0	0	0	792	0	9638	488	970	0	1158	290	14670	1408	14578	2708	434	0	606	0	244	0	0	0	0	600	5252	3890	234	0	0	0	
291908	Lingual_R	0	566	0	230	0	0	0	0	0	0	0	0	0	0	0	0	0	0	0	310	0	0	0	0	0	0	0	0	0	196	0	0	0	0	266	2344	0	5522	184	5782	0	0	2284	21838	1764	4106	3742	0	0	6252	0	8912	0	11172	492	23618	0	182	0	0	0	0	0	0	0	0	370	9042	0	272	0	0	0	270	0	250	0	680	0	0	0	0	0	0	0	792	0	0	0	1838	1782	2276	400	176	478	1330	2204	4274	3138	6298	0	0	0	0	0	0	0	0	0	770	3502	4552	1498	0	0	0	
272104	Occipital_Sup_L	0	0	0	0	0	0	0	0	0	0	0	0	0	0	0	0	250	0	0	0	0	0	0	0	0	0	0	0	0	0	0	0	1372	0	902	410	0	0	0	0	0	0	13370	1364	19136	1296	1814	0	0	0	39328	0	1974	0	418	0	1044	0	18430	0	3134	0	0	0	2658	0	24228	2782	316	0	0	0	0	0	0	0	0	0	0	0	298	0	0	0	1528	0	0	0	0	0	0	0	0	0	0	0	0	0	0	0	0	0	0	0	0	0	0	0	0	0	0	0	0	0	0	0	
310564	Occipital_Sup_R	0	186	0	0	0	0	0	0	0	0	0	0	0	0	0	0	0	0	0	270	0	0	0	0	0	0	0	0	0	0	0	0	0	1978	0	368	0	0	0	0	0	0	1528	19142	3468	38128	500	6252	0	0	0	30732	0	1202	0	678	0	1848	0	10846	0	1948	0	0	0	4110	2304	22970	0	1726	0	0	0	0	0	0	0	0	0	0	0	146	0	0	0	4630	0	0	0	322	0	0	0	0	0	0	0	0	0	0	0	0	0	0	0	0	0	0	0	0	0	0	0	0	0	0	
635780	Occipital_Mid_L	2510	0	0	0	0	0	792	0	0	0	136	0	0	0	0	0	6046	0	0	0	0	0	0	0	0	0	0	0	1368	0	0	0	7542	0	850	176	310	0	0	0	0	0	27118	352	9656	162	9630	0	39328	0	0	0	21686	0	6164	0	14202	144	35938	0	17044	0	1744	0	27456	0	40944	320	2988	182	0	0	138	0	0	0	0	0	684	0	10786	0	0	0	25380	0	0	0	6114	0	0	0	0	0	0	0	0	0	0	0	0	0	0	0	0	0	0	0	0	0	0	0	0	0	0	0	
307152	Occipital_Mid_R	0	566	0	0	0	0	0	0	0	0	0	0	0	0	0	0	0	0	0	400	0	0	0	0	0	0	0	0	0	0	0	0	0	1802	0	442	0	712	0	0	0	0	656	21456	1310	18436	288	8912	0	30732	0	0	0	8132	0	4678	0	1440	0	3744	0	1438	0	288	0	9136	1212	15594	0	1680	0	0	0	0	0	0	0	0	0	0	0	794	0	0	0	18906	0	0	0	822	0	0	0	0	0	0	0	0	0	0	0	0	0	0	0	0	0	0	0	0	0	0	0	0	0	0	
221516	Occipital_Inf_L	4860	0	244	0	0	0	0	0	0	0	0	0	0	0	0	0	2804	0	238	0	0	0	0	0	0	0	0	0	2648	0	0	0	0	0	1280	468	648	134	0	0	0	0	9534	0	302	0	8780	0	1974	0	21686	0	0	0	20412	0	3420	0	900	0	776	0	1000	0	1634	0	5304	0	1698	0	0	0	0	0	0	0	0	0	1552	0	3148	0	0	0	5890	0	0	0	8450	0	204	0	0	0	0	0	402	0	368	0	0	0	0	0	0	0	0	0	0	0	0	0	0	0	0	0	
181928	Occipital_Inf_R	244	2222	0	794	0	0	0	406	0	0	0	166	0	0	0	0	0	132	0	1158	0	0	0	0	0	0	0	0	0	1542	0	0	0	0	436	1228	0	7070	0	2306	0	0	0	8518	0	770	0	11172	0	1202	0	8132	0	0	0	23786	0	670	0	0	0	0	0	0	0	0	170	2680	330	840	0	0	0	1312	0	0	0	0	0	244	0	476	0	0	0	2528	0	0	0	8054	0	302	0	0	0	0	0	204	144	896	0	0	0	0	0	0	0	0	0	0	0	570	260	0	0	0	
561636	Fusiform_L	6504	274	4844	294	0	0	602	134	0	0	618	0	152	0	0	0	6100	0	4956	256	0	0	0	0	0	0	0	0	17700	0	0	0	0	0	2026	1314	25896	1134	9882	684	3616	0	7148	0	326	0	23382	492	418	0	6164	0	20412	0	0	614	4730	0	422	0	294	0	784	0	280	0	4536	0	1736	0	1772	242	5690	152	0	0	2408	642	6128	0	4988	0	1850	0	3264	0	390	0	26470	0	20138	260	2114	0	462	216	11644	536	25386	1300	422	0	616	0	150	0	0	0	0	266	2640	1812	136	0	0	0	
568320	Fusiform_R	376	5696	426	3172	0	0	0	1174	0	0	0	942	0	0	0	246	0	716	512	3426	0	0	0	0	0	0	0	0	332	7288	0	0	0	158	2558	5754	1386	41744	698	29512	0	8036	0	7806	0	456	512	23618	0	678	0	4678	0	23786	614	0	158	2730	0	0	0	0	0	188	0	0	322	6504	458	2320	334	2904	232	12298	0	1958	174	2808	0	618	0	2244	0	5290	0	2248	0	2290	0	20064	1162	10042	250	408	0	430	318	6978	1236	14422	0	0	0	322	0	0	0	0	0	0	2192	3052	906	0	0	0	
477272	Postcentral_L	37992	682	14972	394	0	0	5694	268	0	0	3854	0	1118	0	0	0	27000	0	12006	608	0	0	0	0	0	0	0	0	12626	0	0	0	2380	364	2938	882	2826	228	0	0	0	0	942	0	174	0	518	0	1044	0	14202	0	3420	0	4730	158	0	1426	11968	0	18426	0	8566	0	5126	0	6668	0	5422	1500	286	252	0	156	0	0	878	228	13234	0	6834	0	0	0	3256	0	0	0	2390	0	0	0	0	0	0	0	0	0	0	0	0	0	0	0	0	0	0	0	0	0	0	0	0	0	0	0	
237560	Postcentral_R	564	18890	184	2860	0	0	0	1212	0	0	0	2754	0	0	0	0	0	4510	192	4754	0	0	0	0	0	0	0	0	0	1624	0	0	200	3870	1660	3894	0	1156	0	0	0	0	0	1378	0	1772	0	182	0	1848	144	1440	0	670	0	2730	1426	0	0	8360	0	8398	0	12996	0	1518	302	6736	2956	10638	0	0	0	0	0	0	0	0	0	212	0	2610	0	0	0	1316	0	0	0	2824	0	0	0	0	0	0	0	0	0	0	0	0	0	0	0	0	0	0	0	0	0	0	0	0	0	0	
309144	Parietal_Sup_L	1988	0	0	0	0	0	204	0	0	0	0	0	0	0	0	0	2276	0	0	0	0	0	0	0	0	0	0	0	2178	0	0	0	3456	0	284	0	0	0	0	0	0	0	1758	0	2978	0	310	0	18430	0	35938	0	900	0	422	0	11968	0	0	0	17370	0	1034	0	12402	0	28176	0	666	0	0	0	0	0	0	0	0	0	576	0	3490	0	0	0	6222	0	0	0	1546	0	0	0	0	0	0	0	0	0	0	0	0	0	0	0	0	0	0	0	0	0	0	0	0	0	0	0	
164896	Parietal_Sup_R	0	274	0	0	0	0	0	0	0	0	0	0	0	0	0	0	0	0	0	0	0	0	0	0	0	0	0	0	0	0	0	0	0	312	0	242	0	0	0	0	0	0	0	1042	200	6564	0	0	0	10846	0	3744	0	0	0	0	0	8360	0	0	0	16378	0	2404	0	10112	346	13654	0	646	0	0	0	0	0	0	0	0	0	0	0	506	0	0	0	4730	0	0	0	2088	0	0	0	0	0	0	0	0	0	0	0	0	0	0	0	0	0	0	0	0	0	0	0	0	0	0	
226076	Parietal_Inf_L	5478	126	0	0	0	0	430	0	0	0	0	0	0	0	0	0	4072	0	0	134	0	0	0	0	0	0	0	0	3606	0	0	0	486	0	0	0	236	0	0	0	0	0	130	0	0	0	0	0	3134	0	17044	0	776	0	294	0	18426	0	17370	0	0	0	11632	0	17262	0	2054	0	0	0	0	282	0	0	0	0	0	170	1762	0	3020	0	0	0	3524	0	0	0	1590	0	0	0	0	0	0	0	0	0	0	0	0	0	0	0	0	0	0	0	0	0	0	0	0	0	0	0	
144128	Parietal_Inf_R	0	384	0	0	0	0	0	0	0	0	0	0	0	0	0	0	0	0	0	0	0	0	0	0	0	0	0	0	0	150	0	0	0	0	0	182	0	0	0	0	0	0	0	276	0	200	0	0	0	1948	0	1438	0	0	0	0	0	8398	0	16378	0	0	0	10000	0	17892	0	1568	0	0	0	0	0	0	0	0	0	0	0	0	0	1478	0	0	0	8804	0	0	0	2968	0	0	0	0	0	0	0	0	0	0	0	0	0	0	0	0	0	0	0	0	0	0	0	0	0	0	
100752	SupraMarginal_L	4450	0	0	0	0	0	0	0	0	0	0	0	0	0	0	0	3782	0	0	0	0	0	0	0	0	0	0	0	2130	0	0	0	0	0	0	0	252	0	0	0	0	0	142	0	0	0	226	0	0	0	1744	0	1000	0	784	0	8566	0	1034	0	11632	0	0	0	2552	0	1040	0	0	0	0	0	0	0	0	0	0	0	1278	0	7342	0	0	0	1918	0	0	0	504	0	0	0	0	0	0	0	0	0	0	0	0	0	0	0	0	0	0	0	0	0	0	0	0	0	0	0	
102360	SupraMarginal_R	0	2142	0	244	0	0	0	0	0	0	0	0	0	0	0	0	0	2856	0	372	0	0	0	0	0	0	0	0	0	448	0	0	0	0	0	0	0	360	0	0	0	0	0	0	0	0	0	0	0	0	0	288	0	0	0	188	0	12996	0	2404	0	10000	0	0	0	6818	0	0	0	288	0	0	0	0	0	0	0	0	0	0	0	4914	0	0	0	5628	0	0	0	1234	0	0	0	0	0	0	0	0	0	0	0	0	0	0	0	0	0	0	0	0	0	0	0	0	0	0	
208312	Angular_L	1862	0	0	0	0	0	0	0	0	0	0	0	0	0	0	0	3362	0	0	0	0	0	0	0	0	0	0	0	1930	0	0	0	574	0	0	0	0	0	0	0	0	0	1808	0	138	0	0	0	2658	0	27456	0	1634	0	280	0	5126	0	12402	0	17262	0	2552	0	0	0	4830	0	0	0	0	0	0	0	0	0	0	0	878	0	5818	0	0	0	10894	0	0	0	2692	0	0	0	0	0	0	0	0	0	0	0	0	0	0	0	0	0	0	0	0	0	0	0	0	0	0	0	
142248	Angular_R	0	0	0	0	0	0	0	0	0	0	0	0	0	0	0	0	0	0	0	0	0	0	0	0	0	0	0	0	0	0	0	0	0	0	0	0	0	0	0	0	0	0	0	0	0	220	0	0	0	4110	0	9136	0	0	0	0	0	1518	0	10112	0	17892	0	6818	0	0	0	818	0	0	0	0	0	0	0	0	0	0	0	0	0	3518	0	0	0	14182	0	0	0	2800	0	0	0	0	0	0	0	0	0	0	0	0	0	0	0	0	0	0	0	0	0	0	0	0	0	0	
440660	Precuneus_L	1424	0	0	0	0	0	240	0	0	0	0	0	0	0	0	0	1474	0	0	164	0	0	0	0	0	0	0	0	608	0	0	0	8766	1356	6290	2866	990	578	280	0	0	0	19378	1776	14706	4788	5806	370	24228	2304	40944	1212	5304	170	4536	322	6668	302	28176	346	2054	0	1040	0	4830	0	0	10984	3162	302	0	0	0	0	0	0	0	166	0	0	2912	0	0	0	5662	0	0	0	1342	0	170	0	0	0	0	0	1074	0	260	0	0	0	0	0	0	0	0	0	0	0	0	0	0	0	0	0	
378980	Precuneus_R	0	280	0	0	0	0	0	0	0	0	0	0	0	0	0	0	0	0	0	942	0	0	0	0	0	0	0	0	0	0	0	0	880	7628	1760	10604	0	3406	0	1700	0	0	884	22064	3820	26102	0	9042	2782	22970	320	15594	0	2680	0	6504	0	6736	0	13654	0	1568	0	0	0	818	10984	0	0	4662	0	0	0	0	0	0	0	364	0	0	0	144	0	0	0	6432	0	0	0	1778	0	0	0	0	0	0	0	670	0	0	0	0	0	0	0	0	0	0	0	0	1718	0	0	0	0	0	
269796	Paracentral_Lobule_L	23072	6184	2078	5022	0	0	1198	328	0	0	0	0	0	0	0	0	728	0	8368	21728	0	0	0	0	0	0	0	0	1262	0	0	0	4294	11182	4992	428	2008	518	350	0	0	0	922	0	234	0	368	0	316	0	2988	0	1698	330	1736	458	5422	2956	666	0	0	0	0	0	0	0	3162	0	0	11942	320	436	1948	0	0	0	3458	364	492	0	332	0	0	0	188	0	0	0	422	0	0	0	0	0	0	0	0	0	0	0	0	0	0	0	0	0	0	0	0	0	0	0	0	0	0	0	
185836	Paracentral_Lobule_R	4424	5396	0	592	0	0	0	0	0	0	0	0	0	0	0	0	0	258	636	18398	0	0	0	0	0	0	0	0	0	0	0	0	714	13802	2312	2990	0	1202	0	0	0	0	0	1336	0	2506	0	272	0	1726	182	1680	0	840	0	2320	1500	10638	0	646	0	0	0	288	0	0	302	4662	11942	0	0	0	0	0	0	0	0	0	0	0	0	216	0	0	0	750	0	0	0	388	0	0	0	0	0	0	0	0	0	0	0	0	0	0	0	0	0	0	0	0	0	0	0	0	0	0	
375320	Caudate_L	1792	918	18568	5530	3166	1412	4648	4906	324	412	912	1782	422	896	712	362	4752	344	13404	3760	7790	7892	2316	322	622	680	994	1970	18258	1736	5774	3344	170	400	0	0	2418	386	0	270	298	0	0	0	0	0	0	0	0	0	0	0	0	0	1772	334	286	0	0	0	0	0	0	0	0	0	0	0	320	0	0	13404	24100	3846	3416	1596	10106	520	0	0	1180	0	288	0	0	0	0	0	1830	0	0	0	0	0	0	0	0	0	0	0	0	0	0	0	0	0	0	0	0	0	0	0	0	0	0	0	
464264	Caudate_R	1786	2474	3570	26312	200	6550	804	7258	0	3180	0	4396	0	1408	0	4004	0	1512	3402	16748	5356	9254	940	6200	424	4614	272	4272	1832	11358	2884	12198	0	1018	0	0	678	2804	0	2296	0	0	0	0	0	0	0	0	0	0	0	0	0	0	242	2904	252	0	0	0	282	0	0	0	0	0	0	0	436	0	13404	0	8374	28694	1568	3466	962	19900	0	0	0	540	0	168	0	362	0	0	236	338	0	0	0	0	0	0	0	0	0	0	0	0	0	0	0	0	0	0	0	0	0	0	0	0	0	0	
392128	Putamen_L	1350	196	19276	946	14210	1292	404	516	3114	354	934	0	268	134	6384	296	412	0	15688	1288	6246	6180	3498	142	2334	842	764	1908	19682	266	7872	2182	0	0	0	0	9184	314	2370	210	1522	0	0	0	0	0	0	0	0	0	138	0	0	0	5690	232	0	0	0	0	0	0	0	0	0	0	0	0	1948	0	24100	8374	0	2826	8282	1372	2424	190	0	0	1036	0	2408	0	178	0	0	0	4288	0	0	0	0	0	0	0	0	0	0	0	0	0	0	0	0	0	0	0	0	0	0	0	0	0	0	0	
389416	Putamen_R	244	428	1588	19994	0	3918	216	5590	0	4766	0	2952	0	706	0	7304	0	2314	1800	13500	976	2526	240	2924	0	1676	0	1208	496	22568	642	4972	0	910	172	162	332	14470	0	9582	0	936	0	0	0	0	0	270	0	0	0	0	0	1312	152	12298	156	0	0	0	0	0	0	0	0	0	0	0	0	0	3846	28694	2826	0	372	6846	150	4120	0	0	0	1096	0	312	0	568	0	0	142	1436	0	0	0	0	0	0	0	0	0	0	0	0	0	0	0	0	0	0	0	0	0	0	0	0	0	0	
62632	Pallidum_L	0	0	4728	188	0	232	0	0	0	148	0	0	0	0	0	0	596	0	4732	702	808	1232	0	0	0	0	0	334	758	0	0	0	0	0	0	0	592	0	0	0	0	0	0	0	0	0	0	0	0	0	0	0	0	0	0	0	0	0	0	0	0	0	0	0	0	0	0	0	0	0	3416	1568	8282	372	0	580	1904	144	0	0	0	0	0	0	0	0	0	0	0	0	0	0	0	0	0	0	0	0	0	0	0	0	0	0	0	0	0	0	0	0	0	0	0	0	0	0	
65700	Pallidum_R	0	0	146	3820	0	0	0	670	0	0	0	0	0	0	0	0	0	192	170	3770	554	1298	0	0	0	0	0	0	134	312	156	0	0	0	0	0	0	2842	0	2718	0	0	0	0	0	0	0	250	0	0	0	0	0	0	0	1958	0	0	0	0	0	0	0	0	0	0	0	0	0	0	1596	3466	1372	6846	580	0	0	0	0	0	0	0	0	0	0	0	0	0	0	0	0	0	0	0	0	0	0	0	0	0	0	0	0	0	0	0	0	0	0	0	0	0	0	0	0	0	
160448	Thalamus_L	10492	774	5348	1036	0	0	3764	0	0	0	276	0	0	0	0	0	4236	0	5836	252	0	0	0	0	0	0	0	0	5836	0	0	0	0	0	332	336	7676	370	2466	232	0	0	0	0	0	0	532	0	0	0	0	0	0	0	2408	174	878	0	0	0	0	0	0	0	0	0	0	0	3458	0	10106	962	2424	150	1904	0	0	4814	1016	0	254	0	0	0	0	0	0	0	1882	0	0	0	0	0	0	0	0	0	0	0	0	0	0	0	0	0	0	0	0	0	0	0	0	0	0	0	
219720	Thalamus_R	2332	6118	750	19482	0	0	344	802	0	0	0	752	0	184	0	0	0	242	714	14544	0	0	0	160	0	0	0	0	332	2468	0	272	0	0	2920	2844	4632	8568	1532	4002	0	0	0	0	0	0	202	680	0	0	0	0	0	0	642	2808	228	0	0	0	170	0	0	0	0	0	166	364	364	0	520	19900	190	4120	144	0	4814	0	184	0	0	0	0	0	0	0	0	0	214	0	0	0	0	0	0	0	0	0	0	0	0	0	0	0	0	0	0	0	0	0	156	0	0	0	0	0	
181940	Heschl_L	7388	172	5720	194	0	0	1850	0	0	0	516	0	0	0	0	0	14750	0	4030	140	0	0	0	0	0	0	0	0	10064	0	0	0	0	0	154	134	4154	0	0	0	0	0	0	0	0	0	162	0	0	0	684	0	1552	0	6128	0	13234	0	576	0	1762	0	1278	0	878	0	0	0	492	0	0	0	0	0	0	0	1016	184	0	0	5146	0	0	0	2978	0	0	0	5634	0	0	0	0	0	0	0	0	0	0	0	0	0	0	0	0	0	0	0	0	0	0	0	0	0	0	0	
27352	Heschl_R	0	504	0	562	0	0	0	312	0	0	0	242	0	0	0	0	0	2584	0	308	0	0	0	0	0	0	0	0	0	2810	0	0	0	0	0	0	0	442	0	212	0	0	0	0	0	0	0	0	0	0	0	0	0	244	0	618	0	212	0	0	0	0	0	0	0	0	0	0	0	0	0	0	0	0	0	0	0	0	0	0	0	3626	0	0	0	208	0	0	0	792	0	0	0	0	0	0	0	0	0	0	0	0	0	0	0	0	0	0	0	0	0	0	0	0	0	0	
306496	Temporal_Sup_L	4008	0	4978	0	0	0	1294	0	0	0	5090	0	418	0	0	0	17410	0	4536	0	0	0	0	0	0	0	0	0	11768	0	0	0	0	0	210	0	1998	0	0	0	0	0	1292	0	0	0	542	0	298	0	10786	0	3148	0	4988	0	6834	0	3490	0	3020	0	7342	0	5818	0	2912	0	332	0	1180	0	1036	0	0	0	254	0	5146	0	0	0	2248	0	28402	0	0	0	12470	0	0	0	0	0	0	0	0	0	0	0	0	0	0	0	0	0	0	0	0	0	0	0	0	0	0	0	
123044	Temporal_Sup_R	0	2472	0	388	0	0	0	0	0	0	0	652	0	0	0	278	0	4078	0	558	0	0	0	0	0	0	0	0	0	7200	0	0	0	0	0	0	0	1088	0	622	0	0	0	0	0	0	0	0	0	146	0	794	0	476	0	2244	0	2610	0	506	0	1478	0	4914	0	3518	0	144	0	216	0	540	0	1096	0	0	0	0	0	3626	0	0	0	3102	0	13254	0	166	0	5356	0	0	0	0	0	0	0	0	0	0	0	0	0	0	0	0	0	0	0	0	0	0	0	0	0	0	
63032	Temporal_Pole_Sup_L	0	0	646	0	250	0	0	0	0	0	968	0	612	0	1048	0	636	0	554	0	130	0	0	0	0	0	0	0	3982	0	0	0	0	0	0	0	1068	0	380	0	636	0	0	0	0	0	0	0	0	0	0	0	0	0	1850	0	0	0	0	0	0	0	0	0	0	0	0	0	0	0	288	0	2408	0	0	0	0	0	0	0	2248	0	0	0	6090	0	2522	0	5200	0	0	0	0	0	0	0	0	0	0	0	0	0	0	0	0	0	0	0	0	0	0	0	0	0	0	0	
55776	Temporal_Pole_Sup_R	0	0	0	142	0	0	0	0	0	0	0	494	0	228	0	992	0	570	0	160	0	176	0	0	0	0	0	0	0	1290	0	0	0	0	0	0	0	640	0	1044	0	1414	0	0	0	0	0	0	0	0	0	0	0	0	0	5290	0	0	0	0	0	0	0	0	0	0	0	0	0	0	0	168	0	312	0	0	0	0	0	0	0	3102	0	0	0	4052	0	4222	0	3592	0	0	0	0	0	0	0	0	0	0	0	0	0	0	0	0	0	0	0	0	0	0	0	0	0	0	
291920	Temporal_Mid_L	1200	0	274	0	0	0	352	0	0	0	0	0	0	0	0	0	3304	0	278	0	0	0	0	0	0	0	0	0	2612	0	0	0	178	0	210	0	1110	0	0	0	0	0	1480	0	388	0	690	0	1528	0	25380	0	5890	0	3264	0	3256	0	6222	0	3524	0	1918	0	10894	0	5662	0	188	0	0	0	178	0	0	0	0	0	2978	0	28402	0	6090	0	0	0	2588	0	25922	0	0	0	0	0	0	0	0	0	0	0	0	0	0	0	0	0	0	0	0	0	0	0	0	0	0	0	
250472	Temporal_Mid_R	0	884	0	0	0	0	0	0	0	0	0	0	0	0	0	128	0	0	0	156	0	0	0	0	0	0	0	0	0	1956	0	0	0	460	0	166	0	430	0	0	0	0	0	5908	0	3780	0	792	0	4630	0	18906	0	2528	0	2248	0	1316	0	4730	0	8804	0	5628	0	14182	0	6432	0	750	0	362	0	568	0	0	0	0	0	208	0	13254	0	4052	0	0	0	1704	0	20274	0	0	0	0	0	0	0	0	0	0	0	0	0	0	0	0	0	0	0	0	0	0	0	0	0	0	
18644	Temporal_Pole_Mid_L	0	0	0	0	0	0	0	0	0	0	0	0	0	0	0	0	0	0	0	0	0	0	0	0	0	0	0	0	0	0	0	0	0	0	0	0	372	0	378	0	448	0	0	0	0	0	0	0	0	0	0	0	0	0	390	0	0	0	0	0	0	0	0	0	0	0	0	0	0	0	0	0	0	0	0	0	0	0	0	0	0	0	2522	0	2588	0	0	0	2624	0	0	0	0	0	0	0	0	0	0	0	0	0	0	0	0	0	0	0	0	0	0	0	0	0	0	0	
20956	Temporal_Pole_Mid_R	0	0	0	0	0	0	0	0	0	0	0	0	0	0	0	0	0	0	0	0	0	0	0	0	0	0	0	0	0	0	0	0	0	0	0	0	0	0	0	238	0	0	0	0	0	0	0	0	0	0	0	0	0	0	0	2290	0	0	0	0	0	0	0	0	0	0	0	0	0	0	0	0	0	0	0	0	0	0	0	0	0	166	0	4222	0	1704	0	0	0	1858	0	0	0	0	0	0	0	0	0	0	0	0	0	0	0	0	0	0	0	0	0	0	0	0	0	0	
345156	Temporal_Inf_L	2436	166	4026	256	0	0	482	0	0	0	802	0	0	0	0	0	5800	0	4202	138	0	0	0	0	0	0	0	0	15208	0	0	0	0	0	250	0	16016	202	2734	0	1480	0	370	0	0	0	792	0	0	0	6114	0	8450	0	26470	0	2390	0	1546	0	1590	0	504	0	2692	0	1342	0	422	0	1830	236	4288	142	0	0	1882	214	5634	0	12470	0	5200	0	25922	0	2624	0	0	0	2902	0	544	0	0	0	296	0	1514	0	0	0	0	0	0	0	0	0	0	0	0	0	0	0	0	0	
201580	Temporal_Inf_R	0	2770	0	444	0	0	0	316	0	0	0	450	0	0	0	148	0	154	0	286	0	0	0	0	0	0	0	0	0	6212	0	0	0	0	0	626	0	5486	0	2532	0	224	0	1584	0	0	0	1838	0	322	0	822	0	8054	0	20064	0	2824	0	2088	0	2968	0	1234	0	2800	0	1778	0	388	0	338	0	1436	0	0	0	0	0	792	0	5356	0	3592	0	20274	0	1858	0	0	0	732	0	0	0	0	0	0	0	0	0	0	0	0	0	0	0	0	0	0	0	0	0	0	0	0	
431484	Cerebelum_Crus1_L	0	0	0	0	0	0	0	0	0	0	0	0	0	0	0	0	0	0	0	0	0	0	0	0	0	0	0	0	0	0	0	0	0	0	0	0	0	0	0	0	0	0	0	0	0	0	9638	1782	0	0	0	0	204	0	20138	1162	0	0	0	0	0	0	0	0	0	0	170	0	0	0	0	0	0	0	0	0	0	0	0	0	0	0	0	0	0	0	0	0	2902	0	0	4328	35490	3838	1624	292	18540	934	51458	6434	10304	1452	15590	3500	3744	388	1394	0	152	498	3750	7926	6424	860	626	200	
331316	Cerebelum_Crus1_R	0	0	0	0	0	0	0	0	0	0	0	0	0	0	0	0	0	0	0	0	0	0	0	0	0	0	0	0	0	0	0	0	0	0	0	0	0	0	0	0	0	0	0	0	0	0	488	2276	0	0	0	0	0	302	260	10042	0	0	0	0	0	0	0	0	0	0	0	0	0	0	0	0	0	0	0	0	0	0	0	0	0	0	0	0	0	0	0	0	0	732	4328	0	1956	24278	0	3460	2660	15568	4752	46576	766	6092	900	14192	0	2066	0	326	318	2942	5960	7198	5242	1164	814	0	
378460	Cerebelum_Crus2_L	0	0	0	0	0	0	0	0	0	0	0	0	0	0	0	0	0	0	0	0	0	0	0	0	0	0	0	0	0	0	0	0	0	0	0	0	0	0	0	0	0	0	0	0	0	0	970	400	0	0	0	0	0	0	2114	250	0	0	0	0	0	0	0	0	0	0	0	0	0	0	0	0	0	0	0	0	0	0	0	0	0	0	0	0	0	0	0	0	544	0	35490	1956	0	11608	642	130	4180	570	11312	2164	34250	6144	33344	8008	8002	1034	2418	246	0	268	1438	2374	13976	3740	1426	232	
287080	Cerebelum_Crus2_R	0	0	0	0	0	0	0	0	0	0	0	0	0	0	0	0	0	0	0	0	0	0	0	0	0	0	0	0	0	0	0	0	0	0	0	0	0	0	0	0	0	0	0	0	0	0	0	176	0	0	0	0	0	0	0	408	0	0	0	0	0	0	0	0	0	0	0	0	0	0	0	0	0	0	0	0	0	0	0	0	0	0	0	0	0	0	0	0	0	0	3838	24278	11608	0	240	726	908	1270	2190	6318	3960	23902	3686	33692	1390	4516	194	426	188	738	312	1378	13726	2426	1046	0	
52172	Cerebelum_3_L	0	0	0	0	0	0	0	0	0	0	0	0	0	0	0	0	0	0	0	0	0	0	0	0	0	0	0	0	0	0	0	0	0	0	0	0	0	0	768	136	0	0	0	0	0	0	1158	478	0	0	0	0	0	0	462	0	0	0	0	0	0	0	0	0	0	0	0	0	0	0	0	0	0	0	0	0	0	0	0	0	0	0	0	0	0	0	0	0	0	0	1624	0	642	240	0	248	7910	182	3856	238	394	144	762	246	1766	234	0	0	390	1070	1046	1196	398	188	310	0	
75232	Cerebelum_3_R	0	0	0	0	0	0	0	0	0	0	0	0	0	0	0	0	0	0	0	0	0	0	0	0	0	0	0	0	0	0	0	0	0	0	0	0	0	200	0	1196	0	0	0	0	0	0	290	1330	0	0	0	0	0	0	216	430	0	0	0	0	0	0	0	0	0	0	0	0	0	0	0	0	0	0	0	0	0	0	0	0	0	0	0	0	0	0	0	0	0	0	292	3460	130	726	248	0	1006	6438	608	7520	0	0	0	656	146	750	0	0	1038	6684	998	868	900	744	742	0	
297676	Cerebelum_4_5_L	0	0	0	0	0	0	0	0	0	0	0	0	0	0	0	0	0	0	0	0	0	0	0	0	0	0	0	0	0	0	0	0	0	0	204	0	550	0	806	0	0	0	446	0	0	0	14670	2204	0	0	0	0	402	0	11644	318	0	0	0	0	0	0	0	0	0	0	1074	0	0	0	0	0	0	0	0	0	0	0	0	0	0	0	0	0	0	0	0	0	296	0	18540	2660	4180	908	7910	1006	0	4314	32096	5384	2998	304	4728	930	4056	842	182	0	742	2354	12126	5696	1586	934	1102	646	
185204	Cerebelum_4_5_R	0	0	0	0	0	0	0	0	0	0	0	0	0	0	0	0	0	0	0	0	0	0	0	0	0	0	0	0	0	0	0	0	0	0	0	0	0	822	0	1860	0	0	0	0	0	0	1408	4274	0	0	0	0	0	204	536	6978	0	0	0	0	0	0	0	0	0	0	0	670	0	0	0	0	0	0	0	0	0	0	0	0	0	0	0	0	0	0	0	0	0	0	934	15568	570	1270	182	6438	4314	0	2366	27512	504	0	536	1036	0	364	0	464	192	2612	8848	470	708	492	470	0	
419172	Cerebelum_6_L	0	0	0	0	0	0	0	0	0	0	0	0	0	0	0	0	0	0	0	0	0	0	0	0	0	0	0	0	542	0	0	0	0	0	0	0	688	0	234	0	0	0	0	0	0	0	14578	3138	0	0	0	0	368	144	25386	1236	0	0	0	0	0	0	0	0	0	0	260	0	0	0	0	0	0	0	0	0	0	0	0	0	0	0	0	0	0	0	0	0	1514	0	51458	4752	11312	2190	3856	608	32096	2366	0	8364	5056	746	7292	1922	3012	458	376	0	352	1100	8530	10906	3368	494	608	276	
359812	Cerebelum_6_R	0	0	0	0	0	0	0	0	0	0	0	0	0	0	0	0	0	0	0	0	0	0	0	0	0	0	0	0	0	0	0	0	0	0	0	0	0	0	0	196	0	0	0	0	0	0	2708	6298	0	0	0	0	0	896	1300	14422	0	0	0	0	0	0	0	0	0	0	0	0	0	0	0	0	0	0	0	0	0	0	0	0	0	0	0	0	0	0	0	0	0	0	6434	46576	2164	6318	238	7520	5384	27512	8364	0	808	1168	974	4982	246	870	0	498	472	4334	10324	11832	5130	1002	936	0	
239704	Cerebelum_7b_L	0	0	0	0	0	0	0	0	0	0	0	0	0	0	0	0	0	0	0	0	0	0	0	0	0	0	0	0	0	0	0	0	0	0	0	0	0	0	0	0	0	0	0	0	0	0	434	0	0	0	0	0	0	0	422	0	0	0	0	0	0	0	0	0	0	0	0	0	0	0	0	0	0	0	0	0	0	0	0	0	0	0	0	0	0	0	0	0	0	0	10304	766	34250	3960	394	0	2998	504	5056	808	0	3418	32020	3786	6280	664	2120	218	0	0	1140	556	5210	3768	776	0	
166640	Cerebelum_7b_R	0	0	0	0	0	0	0	0	0	0	0	0	0	0	0	0	0	0	0	0	0	0	0	0	0	0	0	0	0	0	0	0	0	0	0	0	0	0	0	0	0	0	0	0	0	0	0	0	0	0	0	0	0	0	0	0	0	0	0	0	0	0	0	0	0	0	0	0	0	0	0	0	0	0	0	0	0	0	0	0	0	0	0	0	0	0	0	0	0	0	1452	6092	6144	23902	144	0	304	0	746	1168	3418	0	2216	24186	380	4356	0	0	0	0	0	484	5420	2446	462	0	
295824	Cerebelum_8_L	0	0	0	0	0	0	0	0	0	0	0	0	0	0	0	0	0	0	0	0	0	0	0	0	0	0	0	0	0	0	0	0	0	0	0	0	0	0	0	0	0	0	0	0	0	0	606	0	0	0	0	0	0	0	616	0	0	0	0	0	0	0	0	0	0	0	0	0	0	0	0	0	0	0	0	0	0	0	0	0	0	0	0	0	0	0	0	0	0	0	15590	900	33344	3686	762	0	4728	536	7292	974	32020	2216	0	4976	16880	1330	4976	364	0	126	1298	812	6542	5408	1930	0	
289720	Cerebelum_8_R	0	0	0	0	0	0	0	0	0	0	0	0	0	0	0	0	0	0	0	0	0	0	0	0	0	0	0	0	0	0	0	0	0	0	0	0	0	0	0	0	0	0	0	0	0	0	0	0	0	0	0	0	0	0	0	322	0	0	0	0	0	0	0	0	0	0	0	0	0	0	0	0	0	0	0	0	0	0	0	0	0	0	0	0	0	0	0	0	0	0	3500	14192	8008	33692	246	656	930	1036	1922	4982	3786	24186	4976	0	1654	18956	204	1044	170	698	366	940	10940	4662	2498	294	
131688	Cerebelum_9_L	0	0	0	0	0	0	0	0	0	0	0	0	0	0	0	0	0	0	0	0	0	0	0	0	0	0	0	0	0	0	0	0	0	0	0	0	0	0	0	0	0	0	0	0	0	0	244	0	0	0	0	0	0	0	150	0	0	0	0	0	0	0	0	0	0	0	0	0	0	0	0	0	0	0	0	0	0	0	0	0	0	0	0	0	0	0	0	0	0	0	3744	0	8002	1390	1766	146	4056	0	3012	246	6280	380	16880	1654	0	756	5810	0	158	310	1168	1954	3210	1888	2032	608	
119892	Cerebelum_9_R	0	0	0	0	0	0	0	0	0	0	0	0	0	0	0	0	0	0	0	0	0	0	0	0	0	0	0	0	0	0	0	0	0	0	0	0	0	0	0	0	0	0	0	0	0	0	0	0	0	0	0	0	0	0	0	0	0	0	0	0	0	0	0	0	0	0	0	0	0	0	0	0	0	0	0	0	0	0	0	0	0	0	0	0	0	0	0	0	0	0	388	2066	1034	4516	234	750	842	364	458	870	664	4356	1330	18956	756	0	0	2160	610	1058	1046	1852	3300	4972	6126	1238	
36736	Cerebelum_10_L	0	0	0	0	0	0	0	0	0	0	0	0	0	0	0	0	0	0	0	0	0	0	0	0	0	0	0	0	0	0	0	0	0	0	0	0	0	0	0	0	0	0	0	0	0	0	0	0	0	0	0	0	0	0	0	0	0	0	0	0	0	0	0	0	0	0	0	0	0	0	0	0	0	0	0	0	0	0	0	0	0	0	0	0	0	0	0	0	0	0	1394	0	2418	194	0	0	182	0	376	0	2120	0	4976	204	5810	0	0	0	0	0	0	0	492	202	0	0	
17448	Cerebelum_10_R	0	0	0	0	0	0	0	0	0	0	0	0	0	0	0	0	0	0	0	0	0	0	0	0	0	0	0	0	0	0	0	0	0	0	0	0	0	0	0	0	0	0	0	0	0	0	0	0	0	0	0	0	0	0	0	0	0	0	0	0	0	0	0	0	0	0	0	0	0	0	0	0	0	0	0	0	0	0	0	0	0	0	0	0	0	0	0	0	0	0	0	326	246	426	0	0	0	464	0	498	218	0	364	1044	0	2160	0	0	0	0	0	0	776	1008	1194	0	
23452	Vermis_1_2	0	0	0	0	0	0	0	0	0	0	0	0	0	0	0	0	0	0	0	0	0	0	0	0	0	0	0	0	0	0	0	0	0	0	0	0	0	0	0	0	0	0	0	0	0	0	0	0	0	0	0	0	0	0	0	0	0	0	0	0	0	0	0	0	0	0	0	0	0	0	0	0	0	0	0	0	0	0	0	0	0	0	0	0	0	0	0	0	0	0	152	318	0	188	390	1038	742	192	352	472	0	0	0	170	158	610	0	0	0	3360	1250	652	514	496	672	0	
77512	Vermis_3	0	0	0	0	0	0	0	0	0	0	0	0	0	0	0	0	0	0	0	0	0	0	0	0	0	0	0	0	0	0	0	0	0	0	0	0	0	0	0	684	0	0	0	0	0	0	600	770	0	0	0	0	0	0	266	0	0	0	0	0	0	0	0	0	0	0	0	0	0	0	0	0	0	0	0	0	0	0	0	0	0	0	0	0	0	0	0	0	0	0	498	2942	268	738	1070	6684	2354	2612	1100	4334	0	0	126	698	310	1058	0	0	3360	0	3400	1542	1168	1030	1144	0	
183744	Vermis_4_5	0	0	0	0	0	0	0	0	0	0	0	0	0	0	0	0	0	0	0	0	0	0	0	0	0	0	0	0	0	0	0	0	0	0	0	1728	0	1128	0	566	0	0	0	0	0	0	5252	3502	0	0	0	0	0	0	2640	2192	0	0	0	0	0	0	0	0	0	0	0	1718	0	0	0	0	0	0	0	0	0	156	0	0	0	0	0	0	0	0	0	0	0	0	3750	5960	1438	312	1046	998	12126	8848	8530	10324	1140	0	1298	366	1168	1046	0	0	1250	3400	0	6184	688	868	1170	1080	
176580	Vermis_6	0	0	0	0	0	0	0	0	0	0	0	0	0	0	0	0	0	0	0	0	0	0	0	0	0	0	0	0	0	0	0	0	0	0	0	0	0	0	0	0	0	0	0	0	0	0	3890	4552	0	0	0	0	0	570	1812	3052	0	0	0	0	0	0	0	0	0	0	0	0	0	0	0	0	0	0	0	0	0	0	0	0	0	0	0	0	0	0	0	0	0	0	7926	7198	2374	1378	1196	868	5696	470	10906	11832	556	484	812	940	1954	1852	0	0	652	1542	6184	0	4398	1472	2394	1330	
