data	data	794024	336220	1.26492e+06	885900	265160	193260	560848	511896	174336	22528	335636	286016	338976	278856	247080	105528	213468	99344	1.21555e+06	777032	162816	149920	544580	580188	67392	108248	147352	130252	745320	578224	401032	595668	314276	711672	164052	191544	378960	323172	141132	169724	50424	45104	287240	250484	249868	269732	369988	287524	222848	248264	451124	174380	170416	97348	466944	334332	498348	352708	235396	157064	268228	88284	196760	106364	153680	129388	393188	356408	333056	259796	398760	455540	423204	510028	76976	20756	222856	187624	155108	46316	364408	163180	187020	54608	355348	172516	41136	10708	332520	228232	568812	402280	346556	329048	39132	54564	339296	241280	549744	386228	220964	94464	276032	194456	90796	100576	10564	11776	18896	43232	247440	218980	213412	131720	84628	29628	
data	data	Precentral_L	Precentral_R	Frontal_Sup_L	Frontal_Sup_R	Frontal_Sup_Orb_L	Frontal_Sup_Orb_R	Frontal_Mid_L	Frontal_Mid_R	Frontal_Mid_Orb_L	Frontal_Mid_Orb_R	Frontal_Inf_Oper_L	Frontal_Inf_Oper_R	Frontal_Inf_Tri_L	Frontal_Inf_Tri_R	Frontal_Inf_Orb_L	Frontal_Inf_Orb_R	Rolandic_Oper_L	Rolandic_Oper_R	Supp_Motor_Area_L	Supp_Motor_Area_R	Olfactory_L	Olfactory_R	Frontal_Sup_Medial_L	Frontal_Sup_Medial_R	Frontal_Med_Orb_L	Frontal_Med_Orb_R	Rectus_L	Rectus_R	Insula_L	Insula_R	Cingulum_Ant_L	Cingulum_Ant_R	Cingulum_Mid_L	Cingulum_Mid_R	Cingulum_Post_L	Cingulum_Post_R	Hippocampus_L	Hippocampus_R	ParaHippocampal_L	ParaHippocampal_R	Amygdala_L	Amygdala_R	Calcarine_L	Calcarine_R	Cuneus_L	Cuneus_R	Lingual_L	Lingual_R	Occipital_Sup_L	Occipital_Sup_R	Occipital_Mid_L	Occipital_Mid_R	Occipital_Inf_L	Occipital_Inf_R	Fusiform_L	Fusiform_R	Postcentral_L	Postcentral_R	Parietal_Sup_L	Parietal_Sup_R	Parietal_Inf_L	Parietal_Inf_R	SupraMarginal_L	SupraMarginal_R	Angular_L	Angular_R	Precuneus_L	Precuneus_R	Paracentral_Lobule_L	Paracentral_Lobule_R	Caudate_L	Caudate_R	Putamen_L	Putamen_R	Pallidum_L	Pallidum_R	Thalamus_L	Thalamus_R	Heschl_L	Heschl_R	Temporal_Sup_L	Temporal_Sup_R	Temporal_Pole_Sup_L	Temporal_Pole_Sup_R	Temporal_Mid_L	Temporal_Mid_R	Temporal_Pole_Mid_L	Temporal_Pole_Mid_R	Temporal_Inf_L	Temporal_Inf_R	Cerebelum_Crus1_L	Cerebelum_Crus1_R	Cerebelum_Crus2_L	Cerebelum_Crus2_R	Cerebelum_3_L	Cerebelum_3_R	Cerebelum_4_5_L	Cerebelum_4_5_R	Cerebelum_6_L	Cerebelum_6_R	Cerebelum_7b_L	Cerebelum_7b_R	Cerebelum_8_L	Cerebelum_8_R	Cerebelum_9_L	Cerebelum_9_R	Cerebelum_10_L	Cerebelum_10_R	Vermis_1_2	Vermis_3	Vermis_4_5	Vermis_6	Vermis_7	Vermis_8	Vermis_9	Vermis_10	
794024	Precentral_L	0	6114	40596	2766	118	200	18236	2232	114	0	15110	152	3332	0	224	0	9988	0	35948	15108	122	0	216	442	0	0	0	0	25672	254	1510	1234	926	7494	2740	3912	18218	3838	1446	824	856	0	386	0	312	0	452	0	0	0	0	0	0	0	1798	308	37132	4134	1496	0	6608	216	2346	350	134	0	654	336	20258	5818	16700	5496	22052	430	6248	0	21386	4542	7196	0	5162	0	1538	0	1354	0	196	0	1766	0	148	0	0	0	0	0	0	0	118	0	0	0	0	0	0	0	0	0	0	0	0	0	0	0	0	0	
336220	Precentral_R	6114	0	3548	2888	0	0	774	18260	0	0	408	9284	292	358	0	0	0	2120	6492	3810	0	0	114	248	0	0	0	0	466	6982	512	910	182	2524	784	1326	1320	11536	370	1820	0	0	0	410	0	312	0	276	0	0	0	0	0	0	0	2176	1160	19700	0	264	0	848	0	2350	0	338	130	538	5636	4666	3630	13398	536	5336	560	120	2504	14706	0	490	0	1600	0	0	0	798	0	0	0	2186	0	0	0	0	0	0	0	0	0	0	0	0	0	0	0	0	0	0	0	0	0	0	0	0	0	0	
1.26492e+06	Frontal_Sup_L	40596	3548	0	16958	9780	154	83808	8694	7394	0	22598	2396	25966	1806	6638	0	5406	210	112816	21592	558	0	52426	20450	2678	240	202	0	37874	3510	17246	9840	9758	15374	0	0	4956	284	754	126	870	0	0	0	0	0	0	0	0	0	0	0	0	0	1218	0	1282	402	0	0	192	0	0	0	0	0	0	0	7096	688	15854	5890	29014	2358	4788	0	2242	1286	622	0	5260	0	4254	0	1250	0	232	0	910	0	0	0	0	0	0	0	0	0	118	0	0	0	0	0	0	0	0	0	0	0	0	0	0	0	0	0	
885900	Frontal_Sup_R	2766	2888	16958	0	126	6914	6838	58432	0	676	1384	13004	1242	19700	0	2606	0	688	37354	47900	0	0	19044	49418	138	2076	0	0	1178	30362	8036	33144	6636	27290	0	0	0	1456	0	666	0	0	0	0	0	0	0	0	0	0	0	0	0	0	0	364	0	164	0	0	0	0	0	0	0	0	0	0	1100	0	3302	14556	484	22232	0	694	600	534	0	0	0	0	0	0	0	0	0	0	0	0	0	0	0	0	0	0	0	0	0	0	0	0	0	0	0	0	0	0	0	0	0	0	0	0	0	0	
265160	Frontal_Sup_Orb_L	118	0	9780	126	0	1006	2716	0	24112	0	274	0	3120	0	20620	138	0	0	2838	0	6366	3036	5140	456	4942	322	10612	1950	9264	0	6658	1356	0	0	0	0	198	0	0	0	0	0	0	0	0	0	0	0	0	0	0	0	0	0	0	0	0	0	0	0	0	0	0	0	0	0	0	0	0	0	4778	1672	9810	260	0	0	0	0	0	0	0	0	912	0	0	0	0	0	0	0	0	0	0	0	0	0	0	0	0	0	0	0	0	0	0	0	0	0	0	0	0	0	0	0	0	0	
193260	Frontal_Sup_Orb_R	200	0	154	6914	1006	0	140	2774	296	4052	0	212	0	1292	862	9276	0	0	434	1240	2204	5300	0	4694	0	7332	2030	12262	116	6396	136	4580	0	0	0	0	0	0	0	0	0	406	0	0	0	0	0	0	0	0	0	0	0	0	0	0	0	0	0	0	0	0	0	0	0	0	0	0	0	0	2524	8752	314	10732	0	0	0	0	0	0	0	0	0	0	0	0	0	0	0	0	0	0	0	0	0	0	0	0	0	0	0	0	0	0	0	0	0	0	0	0	0	0	0	0	0	0	
560848	Frontal_Mid_L	18236	774	83808	6838	2716	140	0	3178	5668	0	12276	856	33698	1342	3776	0	626	0	21990	4974	0	0	20224	5926	0	116	0	0	11062	1696	10664	3348	3656	4466	0	0	1404	0	0	0	0	0	0	0	0	0	0	0	0	0	0	0	0	0	234	0	530	394	0	0	0	0	0	0	0	0	0	0	214	222	4204	2664	2580	862	798	0	2168	0	244	0	1332	0	298	0	0	0	0	0	222	0	0	0	0	0	0	0	0	0	0	0	0	0	0	0	0	0	0	0	0	0	0	0	0	0	0	0	
511896	Frontal_Mid_R	2232	18260	8694	58432	0	2774	3178	0	0	1224	1470	12194	836	17192	0	2212	156	1182	15970	11008	0	0	4782	10950	0	460	0	0	934	20254	1576	9058	2370	8538	0	0	136	1912	0	798	0	0	0	0	0	0	0	0	0	0	0	0	0	0	0	500	0	1416	0	0	0	0	0	0	0	0	0	0	0	0	4706	12872	572	14964	0	662	362	862	0	0	0	250	0	0	0	0	0	0	0	0	0	0	0	0	0	0	0	0	0	0	0	0	0	0	0	0	0	0	0	0	0	0	0	0	0	0	
174336	Frontal_Mid_Orb_L	114	0	7394	0	24112	296	5668	0	0	0	158	0	5224	0	19548	0	0	0	1546	0	1296	926	1806	126	752	0	3490	596	5520	0	2350	434	0	0	0	0	0	0	0	0	0	0	0	0	0	0	0	0	0	0	0	0	0	0	0	0	0	0	0	0	0	0	0	0	0	0	0	0	0	0	1364	760	3146	0	0	0	0	0	0	0	0	0	542	0	0	0	0	0	0	0	0	0	0	0	0	0	0	0	0	0	0	0	0	0	0	0	0	0	0	0	0	0	0	0	0	0	
22528	Frontal_Mid_Orb_R	0	0	0	676	0	4052	0	1224	0	0	0	0	0	240	0	4222	0	0	0	0	0	0	0	0	0	0	0	374	0	310	0	0	0	0	0	0	0	0	0	0	0	0	0	0	0	0	0	0	0	0	0	0	0	0	0	0	0	0	0	0	0	0	0	0	0	0	0	0	0	0	0	0	0	166	0	0	0	0	0	0	0	0	0	0	0	0	0	0	0	0	0	0	0	0	0	0	0	0	0	0	0	0	0	0	0	0	0	0	0	0	0	0	0	0	0	0	
335636	Frontal_Inf_Oper_L	15110	408	22598	1384	274	0	12276	1470	158	0	0	352	21960	400	1280	0	9560	0	21418	1456	0	0	632	186	0	0	0	0	28896	792	1036	272	378	166	0	0	1414	0	0	0	0	0	0	0	0	0	0	0	0	0	0	0	0	0	278	0	3614	0	0	0	0	0	0	0	0	0	0	0	0	0	2672	1044	3016	118	210	0	700	260	1642	0	5116	0	3980	0	990	0	0	0	302	0	0	0	0	0	0	0	0	0	0	0	0	0	0	0	0	0	0	0	0	0	0	0	0	0	0	0	
286016	Frontal_Inf_Oper_R	152	9284	2396	13004	0	212	856	12194	0	0	352	0	230	18114	0	2608	0	3396	5738	7768	0	0	2984	6742	0	0	0	0	302	23324	814	4596	588	4108	0	0	0	1824	0	494	0	0	0	0	0	0	0	0	0	0	0	0	0	0	0	740	0	3002	0	0	0	0	0	158	0	0	0	0	0	0	172	1286	0	13562	0	0	338	494	0	190	0	600	0	244	0	0	0	0	0	142	0	0	0	0	0	0	0	0	0	0	0	0	0	0	0	0	0	0	0	0	0	0	0	0	0	0	
338976	Frontal_Inf_Tri_L	3332	292	25966	1242	3120	0	33698	836	5224	0	21960	230	0	198	12416	0	1152	0	15376	1200	120	0	2170	500	148	0	0	0	27358	470	2184	588	1122	466	0	0	216	0	0	0	0	0	0	0	0	0	0	0	0	0	0	0	0	0	0	0	424	0	0	0	0	0	0	0	0	0	0	0	0	0	1892	1604	1304	166	0	0	206	270	128	0	1000	0	910	0	0	0	0	0	0	0	0	0	0	0	0	0	0	0	0	0	0	0	0	0	0	0	0	0	0	0	0	0	0	0	0	0	
278856	Frontal_Inf_Tri_R	0	358	1806	19700	0	1292	1342	17192	0	240	400	18114	198	0	0	4426	0	0	3728	5452	0	0	3774	10058	0	0	0	0	0	22990	1160	7978	704	5442	0	0	0	918	0	340	0	0	0	0	0	0	0	0	0	0	0	0	0	0	0	572	0	116	0	0	0	0	0	0	0	0	0	0	0	0	0	1598	0	8934	0	0	0	218	0	0	0	256	0	0	0	0	0	0	0	122	0	0	0	0	0	0	0	0	0	0	0	0	0	0	0	0	0	0	0	0	0	0	0	0	0	0	
247080	Frontal_Inf_Orb_L	224	0	6638	0	20620	862	3776	0	19548	0	1280	0	12416	0	0	0	0	0	3558	0	6382	2654	0	0	0	150	4966	1732	17354	0	848	820	0	0	0	0	920	0	606	0	586	0	0	0	0	0	0	0	0	0	0	0	0	0	258	0	0	0	0	0	0	0	0	0	0	0	0	0	0	0	4544	1660	4326	140	0	0	0	0	0	0	288	0	5822	0	122	0	244	0	196	0	0	0	0	0	0	0	0	0	0	0	0	0	0	0	0	0	0	0	0	0	0	0	0	0	0	0	
105528	Frontal_Inf_Orb_R	0	0	0	2606	138	9276	0	2212	0	4222	0	2608	0	4426	0	0	0	0	202	718	402	3064	0	634	0	0	400	3412	0	10982	0	750	0	210	0	0	0	184	0	422	0	572	0	0	0	0	0	0	0	0	0	0	0	0	0	0	0	0	0	0	0	0	0	0	0	0	0	0	0	0	376	1896	0	2572	0	0	0	0	0	0	0	0	0	480	0	0	0	0	0	0	0	0	0	0	0	0	0	0	0	0	0	0	0	0	0	0	0	0	0	0	0	0	0	0	0	0	
213468	Rolandic_Oper_L	9988	0	5406	0	0	0	626	156	0	0	9560	0	1152	0	0	0	0	0	6168	136	0	0	0	0	0	0	0	0	20176	0	0	0	192	0	0	0	1820	0	0	0	0	0	0	0	124	0	0	0	0	0	666	0	380	0	702	0	10846	0	272	0	672	0	2918	0	372	0	172	0	0	0	580	0	1606	0	654	0	610	0	8534	0	13980	0	3386	0	3740	0	0	0	1140	0	0	0	0	0	0	0	0	0	0	0	0	0	0	0	0	0	0	0	0	0	0	0	0	0	0	0	
99344	Rolandic_Oper_R	0	2120	210	688	0	0	0	1182	0	0	0	3396	0	0	0	0	0	0	570	892	0	0	0	0	0	0	0	0	0	8950	0	0	0	0	0	0	0	958	0	260	0	0	0	0	0	0	0	0	0	0	0	0	0	0	0	402	0	5492	0	0	0	0	0	3492	0	116	0	0	0	972	0	1356	0	5950	0	1420	0	0	0	3192	0	6360	0	1154	0	288	0	0	0	252	0	0	0	0	0	0	0	0	0	0	0	0	0	0	0	0	0	0	0	0	0	0	0	0	0	0	
1.21555e+06	Supp_Motor_Area_L	35948	6492	112816	37354	2838	434	21990	15970	1546	0	21418	5738	15376	3728	3558	202	6168	570	0	65282	466	0	17858	13582	0	142	170	0	30636	7348	8236	13070	24210	36872	886	408	3424	2480	642	1032	848	0	0	0	0	0	0	0	0	0	0	0	0	0	948	480	1074	1150	0	0	0	0	0	0	0	0	268	0	13894	3452	12616	7886	21700	6258	1142	0	1428	3816	534	0	4802	0	4512	0	1246	0	210	0	622	0	0	0	0	0	0	0	0	0	0	0	0	0	0	0	0	0	0	0	0	0	0	0	0	0	0	0	
777032	Supp_Motor_Area_R	15108	3810	21592	47900	0	1240	4974	11008	0	0	1456	7768	1200	5452	0	718	136	892	65282	0	0	0	5568	17682	0	504	0	0	1438	15978	3660	14220	18738	57412	1356	2792	180	132	0	0	0	0	334	284	172	0	0	184	212	0	328	0	0	0	0	0	184	5386	0	0	0	0	0	0	0	0	482	1248	18824	16648	1408	4236	644	8924	416	0	406	0	0	0	0	0	0	0	0	0	0	0	0	0	0	0	0	0	0	0	0	0	0	0	0	0	0	0	0	0	0	0	0	0	0	0	0	0	0	0	
162816	Olfactory_L	122	0	558	0	6366	2204	0	0	1296	0	0	0	120	0	6382	402	0	0	466	0	0	8960	0	0	1028	358	10498	4884	6568	194	4002	3274	0	0	0	0	1574	0	1612	0	1080	0	0	0	0	0	0	0	0	0	0	0	0	0	544	0	0	0	0	0	0	0	0	0	0	0	0	0	0	0	11242	2998	2334	402	0	0	0	0	0	0	0	0	1764	0	0	0	0	0	176	0	0	0	0	0	0	0	0	0	0	0	0	0	0	0	0	0	0	0	0	0	0	0	0	0	0	0	
149920	Olfactory_R	0	0	0	0	3036	5300	0	0	926	0	0	0	0	0	2654	3064	0	0	0	0	8960	0	0	0	866	950	7966	8888	156	3594	2872	4164	0	0	0	0	0	266	0	638	0	1352	0	0	0	0	0	0	0	0	0	0	0	0	0	0	0	0	0	0	0	0	0	0	0	0	0	0	0	0	9772	5772	2258	1052	0	0	0	0	0	0	0	0	0	454	0	0	0	0	0	0	0	0	0	0	0	0	0	0	0	0	0	0	0	0	0	0	0	0	0	0	0	0	0	0	0	0	
544580	Frontal_Sup_Medial_L	216	114	52426	19044	5140	0	20224	4782	1806	0	632	2984	2170	3774	0	0	0	0	17858	5568	0	0	0	36800	4806	768	0	0	1432	5672	24908	19444	10564	21856	0	0	0	0	0	0	0	0	0	0	0	0	0	0	0	0	0	0	0	0	0	0	0	0	0	0	0	0	0	0	0	0	0	0	0	0	1088	302	4470	2628	0	0	238	0	0	0	576	0	0	0	0	0	0	0	0	0	0	0	0	0	0	0	0	0	0	0	0	0	0	0	0	0	0	0	0	0	0	0	0	0	0	0	
580188	Frontal_Sup_Medial_R	442	248	20450	49418	456	4694	5926	10950	126	0	186	6742	500	10058	0	634	0	0	13582	17682	0	0	36800	0	1748	6140	0	0	418	11462	11572	33408	2632	23040	0	0	0	0	0	0	0	0	0	0	0	0	0	0	0	0	0	0	0	0	0	0	0	0	0	0	0	0	0	0	0	0	0	0	0	0	1176	8866	216	9962	0	0	446	0	0	0	114	0	0	0	0	0	0	0	0	0	0	0	0	0	0	0	0	0	0	0	0	0	0	0	0	0	0	0	0	0	0	0	0	0	0	0	
67392	Frontal_Med_Orb_L	0	0	2678	138	4942	0	0	0	752	0	0	0	148	0	0	0	0	0	0	0	1028	866	4806	1748	0	1152	3660	574	166	0	6538	1814	0	0	0	0	0	0	0	0	0	0	0	0	0	0	0	0	0	0	0	0	0	0	0	0	0	0	0	0	0	0	0	0	0	0	0	0	0	0	712	476	1498	0	0	0	0	0	0	0	0	0	0	0	0	0	0	0	0	0	0	0	0	0	0	0	0	0	0	0	0	0	0	0	0	0	0	0	0	0	0	0	0	0	0	0	
108248	Frontal_Med_Orb_R	0	0	240	2076	322	7332	116	460	0	0	0	0	0	0	150	0	0	0	142	504	358	950	768	6140	1152	0	888	5416	0	114	2702	9422	0	0	0	0	0	0	0	0	0	0	0	0	0	0	0	0	0	0	0	0	0	0	0	0	0	0	0	0	0	0	0	0	0	0	0	0	0	0	396	7888	0	6588	0	0	0	0	0	0	0	0	0	0	0	0	0	0	0	0	0	0	0	0	0	0	0	0	0	0	0	0	0	0	0	0	0	0	0	0	0	0	0	0	0	0	
147352	Rectus_L	0	0	202	0	10612	2030	0	0	3490	0	0	0	0	0	4966	400	0	0	170	0	10498	7966	0	0	3660	888	0	5100	1908	228	4884	3084	0	0	0	0	248	0	146	0	0	0	0	0	0	0	0	0	0	0	0	0	0	0	0	0	0	0	0	0	0	0	0	0	0	0	0	0	0	0	8620	2350	1762	274	0	0	0	0	0	0	0	0	190	0	0	0	0	0	0	0	0	0	0	0	0	0	0	0	0	0	0	0	0	0	0	0	0	0	0	0	0	0	0	0	0	0	
130252	Rectus_R	0	0	0	0	1950	12262	0	0	596	374	0	0	0	0	1732	3412	0	0	0	0	4884	8888	0	0	574	5416	5100	0	0	2562	1648	4470	0	0	0	0	0	0	0	0	0	430	0	0	0	0	0	0	0	0	0	0	0	0	0	0	0	0	0	0	0	0	0	0	0	0	0	0	0	0	4030	3674	456	2668	0	0	0	0	0	0	0	0	0	0	0	0	0	0	0	0	0	0	0	0	0	0	0	0	0	0	0	0	0	0	0	0	0	0	0	0	0	0	0	0	0	0	
745320	Insula_L	25672	466	37874	1178	9264	116	11062	934	5520	0	28896	302	27358	0	17354	0	20176	0	30636	1438	6568	156	1432	418	166	0	1908	0	0	398	2200	676	856	318	272	284	19088	176	3846	0	2952	0	0	0	0	0	0	0	0	0	266	0	460	0	6824	0	9470	0	0	0	434	0	1314	0	0	0	0	0	944	140	3410	1638	21178	176	148	0	4772	224	11132	0	21466	0	15392	0	5676	0	714	0	5904	0	360	0	148	0	0	0	144	0	366	0	0	0	0	0	0	0	0	0	0	0	0	0	0	0	0	0	
578224	Insula_R	254	6982	3510	30362	0	6396	1696	20254	0	310	792	23324	470	22990	0	10982	0	8950	7348	15978	194	3594	5672	11462	0	114	228	2562	398	0	1704	10216	1400	9608	0	0	0	5062	0	1908	0	1416	0	0	0	0	0	0	0	0	0	0	0	0	0	2752	0	3314	0	0	0	0	0	140	0	0	0	0	0	144	460	5334	0	37166	0	246	318	2628	0	3816	0	7188	0	3922	0	3862	0	196	0	1490	0	0	0	0	0	0	0	0	0	0	0	0	0	0	0	0	0	0	0	0	0	0	0	0	0	0	
401032	Cingulum_Ant_L	1510	512	17246	8036	6658	136	10664	1576	2350	0	1036	814	2184	1160	848	0	0	0	8236	3660	4002	2872	24908	11572	6538	2702	4884	1648	2200	1704	0	29268	9766	6530	0	0	0	0	0	0	0	0	0	0	0	0	0	0	0	0	0	0	0	0	0	0	0	0	0	0	0	0	0	0	0	0	0	0	118	0	7184	6112	8682	2612	0	0	0	344	0	0	244	0	0	0	0	0	0	0	0	0	0	0	0	0	0	0	0	0	0	0	0	0	0	0	0	0	0	0	0	0	0	0	0	0	0	0	
595668	Cingulum_Ant_R	1234	910	9840	33144	1356	4580	3348	9058	434	0	272	4596	588	7978	820	750	0	0	13070	14220	3274	4164	19444	33408	1814	9422	3084	4470	676	10216	29268	0	10214	24924	0	0	0	0	0	0	0	0	0	0	0	0	0	0	0	0	0	0	0	0	0	0	0	0	0	0	0	0	0	0	0	0	0	0	188	0	4196	19484	1106	11918	0	0	0	366	0	0	0	0	0	0	0	0	0	0	0	0	0	0	0	0	0	0	0	0	0	0	0	0	0	0	0	0	0	0	0	0	0	0	0	0	0	0	
314276	Cingulum_Mid_L	926	182	9758	6636	0	0	3656	2370	0	0	378	588	1122	704	0	0	192	0	24210	18738	0	0	10564	2632	0	0	0	0	856	1400	9766	10214	0	30024	3566	1140	0	0	0	0	0	0	488	0	334	0	0	0	0	0	280	0	0	0	0	0	1074	828	0	0	0	0	0	0	0	0	3974	752	6234	2196	0	0	216	760	0	0	0	0	0	0	380	0	0	0	0	0	0	0	0	0	0	0	0	0	0	0	0	0	0	0	0	0	0	0	0	0	0	0	0	0	0	0	0	0	0	0	
711672	Cingulum_Mid_R	7494	2524	15374	27290	0	0	4466	8538	0	0	166	4108	466	5442	0	210	0	0	36872	57412	0	0	21856	23040	0	0	0	0	318	9608	6530	24924	30024	0	3076	6088	118	0	0	0	0	0	540	486	256	0	0	274	380	0	576	0	122	0	140	0	164	8318	198	0	0	0	0	152	0	0	780	3372	17764	18380	622	260	496	5368	386	0	308	0	0	146	0	280	0	0	0	124	0	0	0	0	0	0	0	0	0	0	0	0	0	0	0	0	0	0	0	0	0	0	0	0	0	0	0	0	0	0	
164052	Cingulum_Post_L	2740	784	0	0	0	0	0	0	0	0	0	0	0	0	0	0	0	0	886	1356	0	0	0	0	0	0	0	0	272	0	0	0	3566	3076	0	12830	8476	4730	3604	684	0	0	2206	0	1444	0	1680	210	626	0	982	0	0	0	1164	238	4380	3268	536	0	164	0	0	0	0	0	5782	1446	6342	2858	0	0	0	0	0	0	2502	556	1116	0	402	0	0	0	406	0	0	0	386	0	162	0	0	0	0	0	0	0	166	0	0	0	0	0	0	0	0	0	0	0	0	0	0	0	0	0	
191544	Cingulum_Post_R	3912	1326	0	0	0	0	0	0	0	0	0	0	0	0	0	0	0	0	408	2792	0	0	0	0	0	0	0	0	284	0	0	0	1140	6088	12830	0	7372	9900	2434	2676	0	0	0	1358	0	192	0	2448	0	0	0	0	0	0	544	1864	2034	4856	0	0	0	0	0	0	0	0	736	9422	3216	5186	0	0	0	0	0	0	5444	2818	1162	0	374	0	0	0	428	0	0	0	400	512	0	0	0	0	0	0	0	560	0	0	0	0	0	0	0	0	0	0	0	0	1056	0	0	0	0	0	
378960	Hippocampus_L	18218	1320	4956	0	198	0	1404	136	0	0	1414	0	216	0	920	0	1820	0	3424	180	1574	0	0	0	0	0	248	0	19088	0	0	0	0	118	8476	7372	0	6242	18104	1008	7608	0	2362	0	0	0	3244	288	0	0	0	0	208	0	17490	354	5030	0	0	0	248	0	340	0	168	0	2662	588	676	0	764	220	8408	0	0	0	11314	1828	5592	0	4092	0	2014	0	4378	0	120	0	9244	0	1308	0	0	0	0	0	748	0	1472	0	0	0	0	0	0	0	0	0	0	154	122	0	0	0	0	0	
323172	Hippocampus_R	3838	11536	284	1456	0	0	0	1912	0	0	0	1824	0	918	0	184	0	958	2480	132	0	266	0	0	0	0	0	0	176	5062	0	0	0	0	4730	9900	6242	0	2270	24460	0	6536	0	368	0	0	0	3642	0	0	0	0	0	0	452	22692	1954	1186	0	0	0	0	0	156	0	0	0	5072	0	472	212	268	0	12496	0	0	6308	8956	778	568	298	1030	0	1316	270	356	0	0	316	1802	0	418	0	160	0	156	0	2722	0	648	0	0	0	0	0	156	0	0	0	0	1194	0	0	0	0	0	
141132	ParaHippocampal_L	1446	370	754	0	0	0	0	0	0	0	0	0	0	0	606	0	0	0	642	0	1612	0	0	0	0	0	146	0	3846	0	0	0	0	0	3604	2434	18104	2270	0	380	4264	0	1716	0	0	0	3092	148	0	0	122	0	264	0	8994	0	192	0	0	0	0	0	0	0	0	0	1892	272	0	0	116	0	1340	0	0	0	1972	764	0	0	316	0	1402	0	0	0	302	0	784	0	1414	0	0	0	542	0	2170	0	1996	0	0	0	0	0	0	0	0	0	0	150	128	0	0	0	0	0	
169724	ParaHippocampal_R	824	1820	126	666	0	0	0	798	0	0	0	494	0	340	0	422	0	260	1032	0	0	638	0	0	0	0	0	0	0	1908	0	0	0	0	684	2676	1008	24460	380	0	0	5608	0	560	0	0	0	3632	0	0	0	0	0	0	0	12672	438	0	0	0	0	0	0	0	0	0	0	2868	0	0	196	0	0	4906	0	0	1454	3806	0	244	0	230	0	1848	0	164	0	460	0	630	0	348	0	154	0	818	0	3654	0	654	0	0	0	0	0	250	0	0	0	0	732	0	0	0	0	0	
50424	Amygdala_L	856	0	870	0	0	0	0	0	0	0	0	0	0	0	586	0	0	0	848	0	1080	0	0	0	0	0	0	0	2952	0	0	0	0	0	0	0	7608	0	4264	0	0	0	0	0	0	0	0	0	0	0	0	0	0	0	2682	0	0	0	0	0	0	0	0	0	0	0	0	0	0	0	0	0	1374	0	0	0	0	0	0	0	0	0	1598	0	0	0	136	0	358	0	0	0	0	0	0	0	0	0	0	0	0	0	0	0	0	0	0	0	0	0	0	0	0	0	0	0	
45104	Amygdala_R	0	0	0	0	0	406	0	0	0	0	0	0	0	0	0	572	0	0	0	0	0	1352	0	0	0	0	0	430	0	1416	0	0	0	0	0	0	0	6536	0	5608	0	0	0	0	0	0	0	0	0	0	0	0	0	0	0	2884	0	0	0	0	0	0	0	0	0	0	0	0	0	0	350	0	0	644	0	0	0	0	0	0	0	0	0	2202	0	0	0	152	0	0	0	0	0	0	0	0	0	0	0	0	0	0	0	0	0	0	0	0	0	0	0	0	0	0	0	0	
287240	Calcarine_L	386	0	0	0	0	0	0	0	0	0	0	0	0	0	0	0	0	0	0	334	0	0	0	0	0	0	0	0	0	0	0	0	488	540	2206	0	2362	0	1716	0	0	0	0	3862	19150	1636	17918	1582	11634	786	19870	402	7136	250	6794	178	4074	384	2432	0	1764	0	278	0	1108	0	20632	216	1692	700	0	0	0	0	0	0	0	0	0	0	154	0	0	0	1324	0	0	0	1114	0	1630	0	0	0	0	0	2580	0	2994	0	0	0	0	0	0	0	0	0	0	0	1184	130	0	0	0	0	
250484	Calcarine_R	0	410	0	0	0	0	0	0	0	0	0	0	0	0	0	0	0	0	0	284	0	0	0	0	0	0	0	0	0	0	0	0	0	486	0	1358	0	368	0	560	0	0	3862	0	1952	21750	1004	19118	0	14374	0	6382	0	7206	0	8168	0	4010	0	2474	0	248	0	244	0	290	1190	20724	162	1498	0	0	0	0	0	0	0	0	0	0	0	180	0	0	0	1318	0	0	0	5460	0	0	0	0	0	0	0	162	0	0	0	0	0	0	0	0	0	0	0	0	0	0	0	0	0	0	
249868	Cuneus_L	312	0	0	0	0	0	0	0	0	0	0	0	0	0	0	0	124	0	0	172	0	0	0	0	0	0	0	0	0	0	0	0	334	256	1444	0	0	0	0	0	0	0	19150	1952	0	4964	4754	160	20588	1456	18584	0	2128	0	2022	0	7378	162	7660	0	2388	0	256	0	1150	0	21822	1484	1852	296	0	0	0	0	0	0	0	0	0	0	284	0	0	0	1184	0	0	0	618	0	0	0	0	0	0	0	0	0	0	0	0	0	0	0	0	0	0	0	0	0	0	0	0	0	0	0	
269732	Cuneus_R	0	312	0	0	0	0	0	0	0	0	0	0	0	0	0	0	0	0	0	0	0	0	0	0	0	0	0	0	0	0	0	0	0	0	0	192	0	0	0	0	0	0	1636	21750	4964	0	0	4666	0	30840	0	10614	0	5708	0	2748	0	2164	0	9576	0	216	0	184	0	482	6952	24546	0	274	0	0	0	0	0	0	0	0	0	0	0	0	0	0	0	966	0	0	0	6076	0	0	0	0	0	0	0	0	0	0	0	0	0	0	0	0	0	0	0	0	0	0	0	0	0	0	
369988	Lingual_L	452	0	0	0	0	0	0	0	0	0	0	0	0	0	0	0	0	0	0	0	0	0	0	0	0	0	0	0	0	0	0	0	0	0	1680	0	3244	0	3092	0	0	0	17918	1004	4754	0	0	3156	2902	0	14820	0	10338	0	18632	494	2758	0	1228	0	1108	0	160	0	546	0	9104	0	472	0	0	0	0	0	0	0	200	0	126	0	156	0	0	0	754	0	0	0	390	0	20694	1284	1094	708	430	0	18298	722	29556	1716	160	0	174	0	0	0	0	0	0	0	6166	2948	1418	0	0	138	
287524	Lingual_R	0	276	0	0	0	0	0	0	0	0	0	0	0	0	0	0	0	0	0	184	0	0	0	0	0	0	0	0	0	0	0	0	0	274	210	2448	288	3642	148	3632	0	0	1582	19118	160	4666	3156	0	0	3548	0	1792	0	3848	982	15100	0	1490	0	304	0	0	0	0	0	0	0	13790	0	1180	0	0	0	0	0	0	180	162	0	0	0	0	0	0	0	276	0	0	0	2766	5022	8034	744	1566	0	400	2490	5812	6834	11388	0	0	0	0	0	0	0	0	0	116	5252	10038	864	0	0	0	
222848	Occipital_Sup_L	0	0	0	0	0	0	0	0	0	0	0	0	0	0	0	0	0	0	0	212	0	0	0	0	0	0	0	0	0	0	0	0	0	380	626	0	0	0	0	0	0	0	11634	0	20588	0	2902	0	0	0	31638	0	1046	0	526	0	5174	216	13528	0	3478	0	210	0	1288	0	15524	0	624	466	0	0	0	0	0	0	0	0	0	0	274	0	0	0	686	0	0	0	404	0	0	0	0	0	0	0	0	0	0	0	0	0	0	0	0	0	0	0	0	0	0	0	0	0	0	0	
248264	Occipital_Sup_R	0	0	0	0	0	0	0	0	0	0	0	0	0	0	0	0	0	0	0	0	0	0	0	0	0	0	0	0	0	0	0	0	0	0	0	0	0	0	0	0	0	0	786	14374	1456	30840	0	3548	0	0	0	17034	0	6942	0	2880	0	794	0	12268	0	1110	0	196	0	3300	4348	17028	0	0	0	0	0	0	0	0	0	0	0	0	0	0	0	0	0	966	0	0	0	6262	0	0	0	0	0	0	0	0	0	0	0	0	0	0	0	0	0	0	0	0	0	0	0	0	0	0	
451124	Occipital_Mid_L	0	0	0	0	0	0	0	0	0	0	0	0	0	0	0	0	666	0	0	328	0	0	0	0	0	0	0	0	266	0	0	0	280	576	982	0	0	0	122	0	0	0	19870	0	18584	0	14820	0	31638	0	0	0	22106	0	9930	0	11712	332	16390	0	9248	0	2240	0	11154	0	22778	0	2584	702	0	0	0	0	0	0	0	0	926	0	1860	0	0	0	16864	0	0	0	5328	0	606	0	146	0	0	0	144	0	2380	0	0	0	0	0	0	0	0	0	0	0	0	0	0	0	0	0	
174380	Occipital_Mid_R	0	0	0	0	0	0	0	0	0	0	0	0	0	0	0	0	0	0	0	0	0	0	0	0	0	0	0	0	0	0	0	0	0	0	0	0	0	0	0	0	0	0	402	6382	0	10614	0	1792	0	17034	0	0	0	7260	0	2568	0	1412	0	3886	0	3808	0	278	0	11442	1574	6550	0	0	0	0	0	0	0	0	0	0	0	0	0	610	0	0	0	5938	0	0	0	5640	0	0	0	0	0	0	0	0	0	0	0	0	0	0	0	0	0	0	0	0	0	0	0	0	0	0	
170416	Occipital_Inf_L	0	0	0	0	0	0	0	0	0	0	0	0	0	0	0	0	380	0	0	0	0	0	0	0	0	0	0	0	460	0	0	0	0	122	0	0	208	0	264	0	0	0	7136	0	2128	0	10338	0	1046	0	22106	0	0	0	16686	0	1508	0	818	0	824	0	904	0	208	0	3122	0	752	150	0	0	0	0	0	0	0	0	1686	0	1062	0	0	0	2202	0	0	0	4126	0	1918	160	218	0	0	0	212	0	3986	140	0	0	0	0	0	0	0	0	0	0	0	182	156	0	0	0	
97348	Occipital_Inf_R	0	0	0	0	0	0	0	0	0	0	0	0	0	0	0	0	0	0	0	0	0	0	0	0	0	0	0	0	0	0	0	0	0	0	0	0	0	0	0	0	0	0	250	7206	0	5708	0	3848	0	6942	0	7260	0	0	0	4556	0	180	0	1066	0	562	0	0	0	726	380	3110	0	0	0	0	0	0	0	0	0	0	0	0	0	0	0	0	0	718	0	0	0	5170	120	0	0	0	0	0	0	0	162	332	0	0	0	0	0	0	0	0	0	0	134	244	0	0	0	0	
466944	Fusiform_L	1798	0	1218	0	0	0	234	0	0	0	278	0	0	0	258	0	702	0	948	0	544	0	0	0	0	0	0	0	6824	0	0	0	0	140	1164	544	17490	452	8994	0	2682	0	6794	0	2022	0	18632	982	526	0	9930	0	16686	0	0	260	1770	0	728	0	1004	0	984	0	452	0	3522	0	632	176	152	0	1816	0	0	0	638	0	3228	0	5106	0	5000	0	6082	0	2012	0	22958	0	23292	338	2186	296	146	0	14702	298	30178	544	538	0	432	116	336	0	298	0	0	0	2008	1082	320	0	0	0	
334332	Fusiform_R	308	2176	0	364	0	0	0	500	0	0	0	740	0	572	0	0	0	402	480	0	0	0	0	0	0	0	0	0	0	2752	0	0	0	0	238	1864	354	22692	0	12672	0	2884	178	8168	0	2748	494	15100	0	2880	0	2568	0	4556	260	0	204	3428	0	292	0	0	0	266	0	324	0	5762	0	1778	0	186	0	5062	0	0	562	1672	0	914	0	1964	0	3614	0	1922	0	778	0	12254	1260	11628	0	904	0	548	556	6800	1708	13338	0	0	0	0	0	140	0	0	0	0	1488	1864	0	0	0	0	
498348	Postcentral_L	37132	1160	1282	0	0	0	530	0	0	0	3614	0	424	0	0	0	10846	0	1074	184	0	0	0	0	0	0	0	0	9470	0	0	0	1074	164	4380	2034	5030	1954	192	438	0	0	4074	0	7378	0	2758	0	5174	0	11712	0	1508	0	1770	204	0	280	21762	0	31794	0	16884	0	2964	0	14776	288	8144	188	2042	292	3018	0	3470	0	4844	1862	5360	0	8656	0	268	0	4106	0	0	0	2616	0	0	0	0	0	0	0	0	0	0	0	0	0	0	0	0	0	0	0	0	0	0	0	0	0	0	0	
352708	Postcentral_R	4134	19700	402	164	0	0	394	1416	0	0	0	3002	0	116	0	0	0	5492	1150	5386	0	0	0	0	0	0	0	0	0	3314	0	0	828	8318	3268	4856	0	1186	0	0	0	0	384	4010	162	2164	0	1490	216	794	332	1412	0	180	0	3428	280	0	118	7332	0	7052	0	15268	0	2008	674	6220	11136	28312	238	852	240	1790	180	120	526	260	0	888	0	4612	0	0	0	3114	0	0	0	7436	0	0	0	0	0	0	0	0	0	0	0	0	0	0	0	0	0	0	0	0	0	0	0	0	0	0	
235396	Parietal_Sup_L	1496	0	0	0	0	0	0	0	0	0	0	0	0	0	0	0	272	0	0	0	0	0	0	0	0	0	0	0	0	0	0	0	0	198	536	0	0	0	0	0	0	0	2432	0	7660	0	1228	0	13528	0	16390	0	818	0	728	0	21762	118	0	0	21096	0	5720	0	3082	0	16548	0	668	242	0	0	0	0	0	0	0	0	142	0	948	0	0	0	1024	0	0	0	1062	0	0	0	0	0	0	0	0	0	0	0	0	0	0	0	0	0	0	0	0	0	0	0	0	0	0	0	
157064	Parietal_Sup_R	0	264	0	0	0	0	0	0	0	0	0	0	0	0	0	0	0	0	0	0	0	0	0	0	0	0	0	0	0	0	0	0	0	0	0	0	0	0	0	0	0	0	0	2474	0	9576	0	304	0	12268	0	3886	0	1066	0	292	0	7332	0	0	0	6046	0	1994	0	3416	4756	19164	0	172	0	0	0	0	0	0	0	0	0	0	0	398	0	0	0	452	0	0	0	4672	0	0	0	0	0	0	0	0	0	0	0	0	0	0	0	0	0	0	0	0	0	0	0	0	0	0	
268228	Parietal_Inf_L	6608	0	192	0	0	0	0	0	0	0	0	0	0	0	0	0	672	0	0	0	0	0	0	0	0	0	0	0	434	0	0	0	0	0	164	0	248	0	0	0	0	0	1764	0	2388	0	1108	0	3478	0	9248	0	824	0	1004	0	31794	0	21096	0	0	0	18782	0	16198	0	4002	0	276	0	168	0	0	0	174	0	182	0	624	0	1934	0	0	0	5080	0	0	0	5672	0	0	0	0	0	0	0	0	0	0	0	0	0	0	0	0	0	0	0	0	0	0	0	0	0	0	0	
88284	Parietal_Inf_R	216	848	0	0	0	0	0	0	0	0	0	0	0	0	0	0	0	0	0	0	0	0	0	0	0	0	0	0	0	0	0	0	0	0	0	0	0	0	0	0	0	0	0	248	0	216	0	0	0	1110	0	3808	0	562	0	0	0	7052	0	6046	0	0	0	7100	0	10234	0	1804	136	978	132	0	0	0	0	0	206	0	0	0	0	732	0	0	0	1534	0	0	0	1180	0	0	0	0	0	0	0	0	0	0	0	0	0	0	0	0	0	0	0	0	0	0	0	0	0	0	
196760	SupraMarginal_L	2346	0	0	0	0	0	0	0	0	0	0	0	0	0	0	0	2918	0	0	0	0	0	0	0	0	0	0	0	1314	0	0	0	0	0	0	0	340	0	0	0	0	0	278	0	256	0	160	0	210	0	2240	0	904	0	984	0	16884	0	5720	0	18782	0	0	0	8734	0	442	0	0	0	0	0	170	0	122	0	208	0	2352	0	14976	0	0	0	11038	0	0	0	7002	0	0	0	0	0	0	0	0	0	0	0	0	0	0	0	0	0	0	0	0	0	0	0	0	0	0	0	
106364	SupraMarginal_R	350	2350	0	0	0	0	0	0	0	0	0	158	0	0	0	0	0	3492	0	0	0	0	0	0	0	0	0	0	0	140	0	0	0	152	0	0	0	156	0	0	0	0	0	244	0	184	0	0	0	196	0	278	0	0	0	266	0	15268	0	1994	0	7100	0	0	0	3320	0	422	228	3678	174	136	0	0	0	0	326	0	0	150	0	7838	0	0	0	3236	0	0	0	1346	0	0	0	0	0	0	0	0	0	0	0	0	0	0	0	0	0	0	0	0	0	0	0	0	0	0	
153680	Angular_L	134	0	0	0	0	0	0	0	0	0	0	0	0	0	0	0	372	0	0	0	0	0	0	0	0	0	0	0	0	0	0	0	0	0	0	0	168	0	0	0	0	0	1108	0	1150	0	546	0	1288	0	11154	0	208	0	452	0	2964	0	3082	0	16198	0	8734	0	0	0	1732	0	0	0	0	0	0	0	0	0	0	0	158	0	5588	0	0	0	13090	0	0	0	8714	0	0	0	0	0	0	0	0	0	0	0	0	0	0	0	0	0	0	0	0	0	0	0	0	0	0	0	
129388	Angular_R	0	338	0	0	0	0	0	0	0	0	0	0	0	0	0	0	0	116	0	0	0	0	0	0	0	0	0	0	0	0	0	0	0	0	0	0	0	0	0	0	0	0	0	290	0	482	0	0	0	3300	0	11442	0	726	0	324	0	2008	0	3416	0	10234	0	3320	0	0	0	1330	0	0	0	0	0	0	0	0	0	0	0	0	0	6632	0	0	0	15820	0	0	0	4916	0	0	0	0	0	0	0	0	0	0	0	0	0	0	0	0	0	0	0	0	0	0	0	0	0	0	
393188	Precuneus_L	654	130	0	0	0	0	0	0	0	0	0	0	0	0	0	0	172	0	268	482	0	0	0	0	0	0	0	0	0	0	0	0	3974	780	5782	736	2662	0	1892	0	0	0	20632	1190	21822	6952	9104	0	15524	4348	22778	1574	3122	380	3522	0	14776	674	16548	4756	4002	0	442	0	1732	0	0	11272	7908	838	0	0	0	0	0	0	0	0	132	0	474	0	0	0	1926	0	0	0	1170	1128	158	0	0	0	0	0	0	0	178	0	0	0	0	0	0	0	0	0	0	0	0	0	0	0	0	0	
356408	Precuneus_R	336	538	0	0	0	0	0	0	0	0	0	0	0	0	0	0	0	0	0	1248	0	0	0	0	0	0	0	0	0	0	0	0	752	3372	1446	9422	588	5072	272	2868	0	0	216	20724	1484	24546	0	13790	0	17028	0	6550	0	3110	0	5762	288	6220	0	19164	0	1804	0	422	0	1330	11272	0	520	3106	0	0	0	0	0	0	728	0	0	0	0	178	0	0	0	1082	0	0	0	8922	0	464	0	114	0	0	0	1692	0	526	0	0	0	0	0	0	0	0	0	0	1248	0	0	0	0	0	
333056	Paracentral_Lobule_L	20258	5636	7096	1100	0	0	214	0	0	0	0	0	0	0	0	0	0	0	13894	18824	0	0	0	0	0	0	0	0	944	0	118	188	6234	17764	6342	3216	676	0	0	0	0	0	1692	162	1852	0	472	0	624	0	2584	0	752	0	632	0	8144	11136	668	0	276	136	0	228	0	0	7908	520	0	16676	1326	156	3108	0	2024	0	1388	132	0	0	176	0	0	0	940	0	0	0	312	0	0	0	0	0	0	0	0	0	0	0	0	0	0	0	0	0	0	0	0	0	0	0	0	0	0	0	
259796	Paracentral_Lobule_R	5818	4666	688	0	0	0	222	0	0	0	0	0	0	0	0	0	0	972	3452	16648	0	0	0	0	0	0	0	0	140	144	0	0	2196	18380	2858	5186	0	472	0	0	0	0	700	1498	296	274	0	1180	466	0	702	0	150	0	176	1778	188	28312	242	172	0	978	0	3678	0	0	838	3106	16676	0	152	128	358	0	250	0	124	116	0	380	0	1690	0	0	0	536	0	0	0	2912	0	0	0	0	0	0	0	0	0	0	0	0	0	0	0	0	0	0	0	0	0	0	0	0	0	0	
398760	Caudate_L	16700	3630	15854	3302	4778	2524	4204	4706	1364	0	2672	172	1892	0	4544	376	580	0	12616	1408	11242	9772	1088	1176	712	396	8620	4030	3410	460	7184	4196	0	622	0	0	764	212	116	196	0	350	0	0	0	0	0	0	0	0	0	0	0	0	152	0	2042	238	0	0	168	132	0	174	0	0	0	0	1326	152	0	17724	18734	2972	4488	144	12236	2450	126	0	0	0	254	0	0	0	0	0	0	0	0	0	0	0	0	0	0	0	0	0	0	0	0	0	0	0	0	0	0	0	0	0	0	0	0	0	
455540	Caudate_R	5496	13398	5890	14556	1672	8752	2664	12872	760	0	1044	1286	1604	1598	1660	1896	0	1356	7886	4236	2998	5772	302	8866	476	7888	2350	3674	1638	5334	6112	19484	0	260	0	0	220	268	0	0	0	0	0	0	0	0	0	0	0	0	0	0	0	0	0	186	292	852	0	0	0	0	0	136	0	0	0	0	156	128	17724	0	4686	23284	148	2336	1092	21466	0	484	0	262	0	0	0	0	0	0	0	270	0	0	0	0	0	0	0	0	0	0	0	0	0	0	0	0	0	0	0	0	0	0	0	0	0	0	
423204	Putamen_L	22052	536	29014	484	9810	314	2580	572	3146	0	3016	0	1304	0	4326	0	1606	0	21700	644	2334	2258	4470	216	1498	0	1762	456	21178	0	8682	1106	216	496	0	0	8408	0	1340	0	1374	0	0	0	0	0	0	0	0	0	0	0	0	0	1816	0	3018	240	0	0	0	0	170	0	0	0	0	0	3108	358	18734	4686	0	1396	9674	0	2334	0	414	0	3162	0	3328	0	672	0	248	0	1220	0	0	0	0	0	0	0	0	0	126	0	0	0	0	0	0	0	0	0	0	0	0	0	0	0	0	0	
510028	Putamen_R	430	5336	2358	22232	260	10732	862	14964	0	166	118	13562	166	8934	140	2572	0	5950	6258	8924	402	1052	2628	9962	0	6588	274	2668	176	37166	2612	11918	760	5368	0	0	0	12496	0	4906	0	644	0	0	0	0	0	0	0	0	0	0	0	0	0	5062	0	1790	0	0	0	0	0	0	0	0	0	0	0	0	2972	23284	1396	0	0	2844	304	5010	0	952	0	3514	0	2398	0	1208	0	0	0	480	0	0	0	0	0	0	0	216	0	0	0	0	0	0	0	0	0	0	0	0	0	0	0	0	0	0	
76976	Pallidum_L	6248	560	4788	0	0	0	798	0	0	0	210	0	0	0	0	0	654	0	1142	416	0	0	0	0	0	0	0	0	148	0	0	0	0	386	0	0	0	0	0	0	0	0	0	0	0	0	0	0	0	0	0	0	0	0	0	0	3470	180	0	0	174	0	122	0	0	0	0	0	2024	250	4488	148	9674	0	0	0	2306	0	164	0	138	0	0	0	0	0	0	0	0	0	0	0	0	0	0	0	0	0	0	0	0	0	0	0	0	0	0	0	0	0	0	0	0	0	0	0	
20756	Pallidum_R	0	120	0	694	0	0	0	662	0	0	0	0	0	0	0	0	0	1420	0	0	0	0	0	0	0	0	0	0	0	246	0	0	0	0	0	0	0	0	0	0	0	0	0	0	0	0	0	0	0	0	0	0	0	0	0	0	0	120	0	0	0	0	0	0	0	0	0	0	0	0	144	2336	0	2844	0	0	0	1044	0	442	0	306	0	0	0	0	0	0	0	0	0	0	0	0	0	0	0	0	0	0	0	0	0	0	0	0	0	0	0	0	0	0	0	0	0	0	
222856	Thalamus_L	21386	2504	2242	600	0	0	2168	362	0	0	700	338	206	0	0	0	610	0	1428	406	0	0	238	446	0	0	0	0	4772	318	0	0	0	308	2502	5444	11314	6308	1972	1454	0	0	0	0	0	0	200	180	0	0	0	0	0	0	638	562	4844	526	0	0	182	206	208	326	0	0	0	728	1388	124	12236	1092	2334	304	2306	0	0	10360	926	0	840	0	0	0	1856	0	0	0	1036	0	0	0	0	0	0	0	0	0	0	0	0	0	0	0	0	0	0	0	0	0	0	0	0	0	0	0	
187624	Thalamus_R	4542	14706	1286	534	0	0	0	862	0	0	260	494	270	218	0	0	0	0	3816	0	0	0	0	0	0	0	0	0	224	2628	344	366	0	0	556	2818	1828	8956	764	3806	0	0	0	0	0	0	0	162	0	0	0	0	0	0	0	1672	1862	260	0	0	0	0	0	0	0	0	0	0	132	116	2450	21466	0	5010	0	1044	10360	0	0	0	0	0	0	0	0	0	0	0	0	0	0	0	0	0	0	0	0	0	0	0	0	0	0	0	0	0	0	0	0	0	0	0	0	0	0	0	
155108	Heschl_L	7196	0	622	0	0	0	244	0	0	0	1642	0	128	0	0	0	8534	0	534	0	0	0	0	0	0	0	0	0	11132	0	0	0	0	0	1116	1162	5592	778	0	0	0	0	0	0	0	0	126	0	0	0	926	0	1686	0	3228	0	5360	0	142	0	624	0	2352	0	158	0	132	0	0	0	126	0	414	0	164	0	926	0	0	0	11670	0	148	0	6332	0	0	0	3972	0	178	0	0	0	0	0	0	0	210	0	0	0	0	0	0	0	0	0	0	0	0	0	0	0	0	0	
46316	Heschl_R	0	490	0	0	0	0	0	0	0	0	0	190	0	0	0	0	0	3192	0	0	0	0	0	0	0	0	0	0	0	3816	0	0	0	146	0	0	0	568	0	244	0	0	0	0	0	0	0	0	0	0	0	0	0	0	0	914	0	888	0	0	0	0	0	150	0	0	0	0	0	380	0	484	0	952	0	442	0	0	0	0	0	5718	0	0	0	3136	0	0	0	1448	0	0	0	0	0	0	0	0	0	0	0	0	0	0	0	0	0	0	0	0	0	0	0	0	0	0	
364408	Temporal_Sup_L	5162	0	5260	0	0	0	1332	0	0	0	5116	0	1000	0	288	0	13980	0	4802	0	0	0	576	114	0	0	0	0	21466	0	244	0	380	0	402	374	4092	298	316	0	0	0	154	0	284	0	156	0	274	0	1860	0	1062	0	5106	0	8656	0	948	0	1934	0	14976	0	5588	0	474	0	176	0	0	0	3162	0	138	0	840	0	11670	0	0	0	9576	0	32964	0	282	0	16194	0	276	0	0	0	0	0	0	0	252	0	0	0	0	0	0	0	0	0	0	0	0	0	0	0	0	0	
163180	Temporal_Sup_R	0	1600	0	0	0	0	0	250	0	0	0	600	0	256	0	0	0	6360	0	0	0	0	0	0	0	0	0	0	0	7188	0	0	0	280	0	0	0	1030	0	230	0	0	0	180	0	0	0	0	0	0	0	610	0	0	0	1964	0	4612	0	398	0	732	0	7838	0	6632	0	178	0	1690	0	262	0	3514	0	306	0	0	0	5718	0	0	0	2094	0	21190	0	234	0	5644	0	0	0	0	0	0	0	0	0	0	0	0	0	0	0	0	0	0	0	0	0	0	0	0	0	0	
187020	Temporal_Pole_Sup_L	1538	0	4254	0	912	0	298	0	542	0	3980	0	910	0	5822	0	3386	0	4512	0	1764	0	0	0	0	0	190	0	15392	0	0	0	0	0	0	0	2014	0	1402	0	1598	0	0	0	0	0	0	0	0	0	0	0	0	0	5000	0	268	0	0	0	0	0	0	0	0	0	0	0	0	0	254	0	3328	0	0	0	0	0	148	0	9576	0	0	0	10846	0	5730	0	9846	0	0	0	0	0	0	0	0	0	0	0	0	0	0	0	0	0	0	0	0	0	0	0	0	0	0	0	
54608	Temporal_Pole_Sup_R	0	0	0	0	0	0	0	0	0	0	0	244	0	0	0	480	0	1154	0	0	0	454	0	0	0	0	0	0	0	3922	0	0	0	0	0	0	0	1316	0	1848	0	2202	0	0	0	0	0	0	0	0	0	0	0	0	0	3614	0	0	0	0	0	0	0	0	0	0	0	0	0	0	0	0	0	2398	0	0	0	0	0	0	0	2094	0	0	0	2328	0	2110	0	3140	0	0	0	0	0	0	0	0	0	0	0	0	0	0	0	0	0	0	0	0	0	0	0	0	0	0	
355348	Temporal_Mid_L	1354	0	1250	0	0	0	0	0	0	0	990	0	0	0	122	0	3740	0	1246	0	0	0	0	0	0	0	0	0	5676	0	0	0	0	0	406	428	4378	270	0	0	0	0	1324	0	1184	0	754	0	686	0	16864	0	2202	0	6082	0	4106	0	1024	0	5080	0	11038	0	13090	0	1926	0	940	0	0	0	672	0	0	0	1856	0	6332	0	32964	0	10846	0	0	0	4842	0	33606	0	208	0	0	0	0	0	0	0	188	0	0	0	0	0	0	0	0	0	0	0	0	0	0	0	0	0	
172516	Temporal_Mid_R	0	798	0	0	0	0	0	0	0	0	0	0	0	0	0	0	0	288	0	0	0	0	0	0	0	0	0	0	0	3862	0	0	0	124	0	0	0	356	0	164	0	0	0	1318	0	966	0	276	0	966	0	5938	0	718	0	1922	0	3114	0	452	0	1534	0	3236	0	15820	0	1082	0	536	0	0	0	1208	0	0	0	0	0	3136	0	21190	0	2328	0	0	0	1048	0	13878	0	0	0	0	0	0	0	0	0	0	0	0	0	0	0	0	0	0	0	0	0	0	0	0	0	0	
41136	Temporal_Pole_Mid_L	196	0	232	0	0	0	0	0	0	0	0	0	0	0	244	0	0	0	210	0	0	0	0	0	0	0	0	0	714	0	0	0	0	0	0	0	120	0	302	0	136	0	0	0	0	0	0	0	0	0	0	0	0	0	2012	0	0	0	0	0	0	0	0	0	0	0	0	0	0	0	0	0	248	0	0	0	0	0	0	0	282	0	5730	0	4842	0	0	0	5300	0	0	0	0	0	0	0	0	0	0	0	0	0	0	0	0	0	0	0	0	0	0	0	0	0	0	0	
10708	Temporal_Pole_Mid_R	0	0	0	0	0	0	0	0	0	0	0	0	0	0	0	0	0	0	0	0	0	0	0	0	0	0	0	0	0	196	0	0	0	0	0	0	0	0	0	460	0	152	0	0	0	0	0	0	0	0	0	0	0	0	0	778	0	0	0	0	0	0	0	0	0	0	0	0	0	0	0	0	0	0	0	0	0	0	0	0	0	234	0	2110	0	1048	0	0	0	376	0	0	0	0	0	0	0	0	0	0	0	0	0	0	0	0	0	0	0	0	0	0	0	0	0	0	
332520	Temporal_Inf_L	1766	0	910	0	0	0	222	0	0	0	302	0	0	0	196	0	1140	0	622	0	176	0	0	0	0	0	0	0	5904	0	0	0	0	0	386	400	9244	316	784	0	358	0	1114	0	618	0	390	0	404	0	5328	0	4126	0	22958	0	2616	0	1062	0	5672	0	7002	0	8714	0	1170	0	312	0	0	0	1220	0	0	0	1036	0	3972	0	16194	0	9846	0	33606	0	5300	0	0	0	4942	0	2100	0	0	0	544	0	2860	0	252	0	0	0	0	0	0	0	0	0	176	0	0	0	0	0	
228232	Temporal_Inf_R	0	2186	0	0	0	0	0	0	0	0	0	142	0	122	0	0	0	252	0	0	0	0	0	0	0	0	0	0	0	1490	0	0	0	0	0	512	0	1802	0	630	0	0	0	5460	0	6076	0	2766	0	6262	0	5640	0	5170	0	12254	0	7436	0	4672	0	1180	0	1346	0	4916	1128	8922	0	2912	0	270	0	480	0	0	0	0	0	1448	0	5644	0	3140	0	13878	0	376	0	0	0	3386	0	734	0	0	0	428	0	1056	0	0	0	0	0	0	0	0	0	0	0	0	0	0	0	0	
568812	Cerebelum_Crus1_L	148	0	0	0	0	0	0	0	0	0	0	0	0	0	0	0	0	0	0	0	0	0	0	0	0	0	0	0	360	0	0	0	0	0	162	0	1308	0	1414	0	0	0	1630	0	0	0	20694	5022	0	0	606	0	1918	120	23292	1260	0	0	0	0	0	0	0	0	0	0	158	0	0	0	0	0	0	0	0	0	0	0	178	0	276	0	0	0	208	0	0	0	4942	0	0	9434	39274	5826	944	526	26662	2272	61264	8690	11176	0	12092	1884	1672	782	226	0	202	800	11508	11972	9872	1752	1618	262	
402280	Cerebelum_Crus1_R	0	0	0	0	0	0	0	0	0	0	0	0	0	0	0	0	0	0	0	0	0	0	0	0	0	0	0	0	0	0	0	0	0	0	0	0	0	418	0	348	0	0	0	0	0	0	1284	8034	0	0	0	0	160	0	338	11628	0	0	0	0	0	0	0	0	0	0	0	464	0	0	0	0	0	0	0	0	0	0	0	0	0	0	0	0	0	0	0	0	0	3386	9434	0	6234	35172	0	2324	2220	22680	5754	51480	1200	3324	1092	7280	0	326	0	200	0	0	5650	11016	8982	510	202	0	
346556	Cerebelum_Crus2_L	0	0	0	0	0	0	0	0	0	0	0	0	0	0	0	0	0	0	0	0	0	0	0	0	0	0	0	0	148	0	0	0	0	0	0	0	0	0	0	0	0	0	0	0	0	0	1094	744	0	0	146	0	218	0	2186	0	0	0	0	0	0	0	0	0	0	0	0	0	0	0	0	0	0	0	0	0	0	0	0	0	0	0	0	0	0	0	0	0	2100	0	39274	6234	0	14646	204	314	1986	644	7900	2350	29166	2544	26760	5390	3568	844	204	0	0	340	984	2974	15126	4080	1110	0	
329048	Cerebelum_Crus2_R	0	0	0	0	0	0	0	0	0	0	0	0	0	0	0	0	0	0	0	0	0	0	0	0	0	0	0	0	0	0	0	0	0	0	0	0	0	160	0	154	0	0	0	0	0	0	708	1566	0	0	0	0	0	0	296	904	0	0	0	0	0	0	0	0	0	0	0	114	0	0	0	0	0	0	0	0	0	0	0	0	0	0	0	0	0	0	0	0	0	734	5826	35172	14646	0	178	714	1090	8294	2552	17192	6512	15028	6352	19260	254	2222	0	342	0	0	2054	3010	14884	3946	360	0	
39132	Cerebelum_3_L	0	0	0	0	0	0	0	0	0	0	0	0	0	0	0	0	0	0	0	0	0	0	0	0	0	0	0	0	0	0	0	0	0	0	0	0	0	0	542	0	0	0	0	0	0	0	430	0	0	0	0	0	0	0	146	0	0	0	0	0	0	0	0	0	0	0	0	0	0	0	0	0	0	0	0	0	0	0	0	0	0	0	0	0	0	0	0	0	0	0	944	0	204	178	0	114	5348	136	1718	392	148	0	900	304	1556	338	0	0	772	1388	914	780	802	756	554	202	
54564	Cerebelum_3_R	0	0	0	0	0	0	0	0	0	0	0	0	0	0	0	0	0	0	0	0	0	0	0	0	0	0	0	0	0	0	0	0	0	0	0	0	0	156	0	818	0	0	0	0	0	0	0	400	0	0	0	0	0	0	0	548	0	0	0	0	0	0	0	0	0	0	0	0	0	0	0	0	0	0	0	0	0	0	0	0	0	0	0	0	0	0	0	0	0	0	526	2324	314	714	114	0	262	5822	392	2824	0	0	686	808	0	2286	0	190	584	3564	604	0	944	998	1404	0	
339296	Cerebelum_4_5_L	0	0	0	0	0	0	0	0	0	0	0	0	0	0	0	0	0	0	0	0	0	0	0	0	0	0	0	0	144	0	0	0	0	0	0	0	748	0	2170	0	0	0	2580	0	0	0	18298	2490	0	0	144	0	212	0	14702	556	0	0	0	0	0	0	0	0	0	0	0	0	0	0	0	0	0	0	0	0	0	0	0	0	0	0	0	0	0	0	0	0	544	0	26662	2220	1986	1090	5348	262	0	2782	39930	5054	2072	0	3724	898	3128	912	478	0	216	828	18250	5304	1596	1612	1458	1250	
241280	Cerebelum_4_5_R	0	0	0	0	0	0	0	0	0	0	0	0	0	0	0	0	0	0	0	0	0	0	0	0	0	0	0	0	0	0	0	0	0	0	0	560	0	2722	0	3654	0	0	0	162	0	0	722	5812	0	0	0	0	0	0	298	6800	0	0	0	0	0	0	0	0	0	0	0	1692	0	0	0	0	0	216	0	0	0	0	0	0	0	0	0	0	0	0	0	0	0	428	2272	22680	644	8294	136	5822	2782	0	3518	28966	256	0	884	1506	0	2886	0	516	0	778	9308	2432	1194	968	1732	0	
549744	Cerebelum_6_L	118	0	118	0	0	0	0	0	0	0	0	0	0	0	0	0	0	0	0	0	0	0	0	0	0	0	0	0	366	0	0	0	0	0	166	0	1472	0	1996	0	0	0	2994	0	0	0	29556	6834	0	0	2380	0	3986	162	30178	1708	0	0	0	0	0	0	0	0	0	0	178	0	0	0	0	0	126	0	0	0	0	0	210	0	252	0	0	0	188	0	0	0	2860	0	61264	5754	7900	2552	1718	392	39930	3518	0	10036	2798	0	3184	1146	2126	818	296	0	292	834	18636	16414	4416	2136	1962	902	
386228	Cerebelum_6_R	0	0	0	0	0	0	0	0	0	0	0	0	0	0	0	0	0	0	0	0	0	0	0	0	0	0	0	0	0	0	0	0	0	0	0	0	0	648	0	654	0	0	0	0	0	0	1716	11388	0	0	0	0	140	332	544	13338	0	0	0	0	0	0	0	0	0	0	0	526	0	0	0	0	0	0	0	0	0	0	0	0	0	0	0	0	0	0	0	0	0	1056	8690	51480	2350	17192	392	2824	5054	28966	10036	0	764	0	930	1572	328	310	0	428	0	0	10358	15314	4678	646	460	0	
220964	Cerebelum_7b_L	0	0	0	0	0	0	0	0	0	0	0	0	0	0	0	0	0	0	0	0	0	0	0	0	0	0	0	0	0	0	0	0	0	0	0	0	0	0	0	0	0	0	0	0	0	0	160	0	0	0	0	0	0	0	538	0	0	0	0	0	0	0	0	0	0	0	0	0	0	0	0	0	0	0	0	0	0	0	0	0	0	0	0	0	0	0	0	0	252	0	11176	1200	29166	6512	148	0	2072	256	2798	764	0	2422	30326	5100	4208	646	386	0	0	0	1338	392	4772	5200	650	0	
94464	Cerebelum_7b_R	0	0	0	0	0	0	0	0	0	0	0	0	0	0	0	0	0	0	0	0	0	0	0	0	0	0	0	0	0	0	0	0	0	0	0	0	0	0	0	0	0	0	0	0	0	0	0	0	0	0	0	0	0	0	0	0	0	0	0	0	0	0	0	0	0	0	0	0	0	0	0	0	0	0	0	0	0	0	0	0	0	0	0	0	0	0	0	0	0	0	0	3324	2544	15028	0	0	0	0	0	0	2422	0	2290	14606	0	2386	0	286	0	0	0	0	1722	2470	154	0	
276032	Cerebelum_8_L	0	0	0	0	0	0	0	0	0	0	0	0	0	0	0	0	0	0	0	0	0	0	0	0	0	0	0	0	0	0	0	0	0	0	0	0	0	0	0	0	0	0	0	0	0	0	174	0	0	0	0	0	0	0	432	0	0	0	0	0	0	0	0	0	0	0	0	0	0	0	0	0	0	0	0	0	0	0	0	0	0	0	0	0	0	0	0	0	0	0	12092	1092	26760	6352	900	686	3724	884	3184	930	30326	2290	0	7512	14168	2548	1032	0	230	652	2012	744	6858	8936	3232	266	
194456	Cerebelum_8_R	0	0	0	0	0	0	0	0	0	0	0	0	0	0	0	0	0	0	0	0	0	0	0	0	0	0	0	0	0	0	0	0	0	0	0	0	0	0	0	0	0	0	0	0	0	0	0	0	0	0	0	0	0	0	116	0	0	0	0	0	0	0	0	0	0	0	0	0	0	0	0	0	0	0	0	0	0	0	0	0	0	0	0	0	0	0	0	0	0	0	1884	7280	5390	19260	304	808	898	1506	1146	1572	5100	14606	7512	0	470	11532	0	1788	0	530	968	390	6326	6122	1720	0	
90796	Cerebelum_9_L	0	0	0	0	0	0	0	0	0	0	0	0	0	0	0	0	0	0	0	0	0	0	0	0	0	0	0	0	0	0	0	0	0	0	0	0	0	0	0	0	0	0	0	0	0	0	0	0	0	0	0	0	0	0	336	0	0	0	0	0	0	0	0	0	0	0	0	0	0	0	0	0	0	0	0	0	0	0	0	0	0	0	0	0	0	0	0	0	0	0	1672	0	3568	254	1556	0	3128	0	2126	328	4208	0	14168	470	0	1064	2362	0	204	266	886	1850	1486	2208	2212	1046	
100576	Cerebelum_9_R	0	0	0	0	0	0	0	0	0	0	0	0	0	0	0	0	0	0	0	0	0	0	0	0	0	0	0	0	0	0	0	0	0	0	0	0	0	156	0	250	0	0	0	0	0	0	0	0	0	0	0	0	0	0	0	140	0	0	0	0	0	0	0	0	0	0	0	0	0	0	0	0	0	0	0	0	0	0	0	0	0	0	0	0	0	0	0	0	0	0	782	326	844	2222	338	2286	912	2886	818	310	646	2386	2548	11532	1064	0	0	2000	698	1970	1728	876	2350	3810	5022	1388	
10564	Cerebelum_10_L	0	0	0	0	0	0	0	0	0	0	0	0	0	0	0	0	0	0	0	0	0	0	0	0	0	0	0	0	0	0	0	0	0	0	0	0	0	0	0	0	0	0	0	0	0	0	0	0	0	0	0	0	0	0	298	0	0	0	0	0	0	0	0	0	0	0	0	0	0	0	0	0	0	0	0	0	0	0	0	0	0	0	0	0	0	0	0	0	0	0	226	0	204	0	0	0	478	0	296	0	386	0	1032	0	2362	0	0	0	0	0	0	0	0	0	0	0	
11776	Cerebelum_10_R	0	0	0	0	0	0	0	0	0	0	0	0	0	0	0	0	0	0	0	0	0	0	0	0	0	0	0	0	0	0	0	0	0	0	0	0	0	0	0	0	0	0	0	0	0	0	0	0	0	0	0	0	0	0	0	0	0	0	0	0	0	0	0	0	0	0	0	0	0	0	0	0	0	0	0	0	0	0	0	0	0	0	0	0	0	0	0	0	0	0	0	200	0	342	0	190	0	516	0	428	0	286	0	1788	0	2000	0	0	0	138	0	0	0	0	0	0	
18896	Vermis_1_2	0	0	0	0	0	0	0	0	0	0	0	0	0	0	0	0	0	0	0	0	0	0	0	0	0	0	0	0	0	0	0	0	0	0	0	0	0	0	0	0	0	0	0	0	0	0	0	0	0	0	0	0	0	0	0	0	0	0	0	0	0	0	0	0	0	0	0	0	0	0	0	0	0	0	0	0	0	0	0	0	0	0	0	0	0	0	0	0	0	0	202	0	0	0	772	584	216	0	292	0	0	0	230	0	204	698	0	0	0	4212	328	114	484	512	600	0	
43232	Vermis_3	0	0	0	0	0	0	0	0	0	0	0	0	0	0	0	0	0	0	0	0	0	0	0	0	0	0	0	0	0	0	0	0	0	0	0	0	154	0	150	0	0	0	0	0	0	0	0	116	0	0	0	0	0	0	0	0	0	0	0	0	0	0	0	0	0	0	0	0	0	0	0	0	0	0	0	0	0	0	0	0	0	0	0	0	0	0	0	0	0	0	800	0	340	0	1388	3564	828	778	834	0	0	0	652	530	266	1970	0	138	4212	0	1254	236	948	988	1470	0	
