data	data	723708	289708	986296	898352	258444	133548	589984	283460	108980	34180	309732	241108	388732	260620	235060	70300	241848	94404	517280	792760	79016	66844	394936	526064	49684	201292	77372	69484	600168	357236	343848	640180	157084	464152	65184	85112	193644	202040	56020	88756	30400	55036	120680	232288	118512	160600	179708	221148	113780	190432	369380	143212	124172	68552	358432	311580	316504	242712	143840	59684	187936	98996	113648	96660	181180	133708	267420	218300	460416	207340	340500	501236	413836	270016	46592	20520	104396	117952	85780	13536	173936	92008	134188	43628	216028	137500	15060	15588	212660	123908	347268	408164	173080	211164	12116	61096	224044	270988	339640	407848	90628	32080	104416	128812	43996	49552	8044	4716	10940	52100	207248	137888	120844	60984	44560	28248	
data	data	Precentral_L	Precentral_R	Frontal_Sup_L	Frontal_Sup_R	Frontal_Sup_Orb_L	Frontal_Sup_Orb_R	Frontal_Mid_L	Frontal_Mid_R	Frontal_Mid_Orb_L	Frontal_Mid_Orb_R	Frontal_Inf_Oper_L	Frontal_Inf_Oper_R	Frontal_Inf_Tri_L	Frontal_Inf_Tri_R	Frontal_Inf_Orb_L	Frontal_Inf_Orb_R	Rolandic_Oper_L	Rolandic_Oper_R	Supp_Motor_Area_L	Supp_Motor_Area_R	Olfactory_L	Olfactory_R	Frontal_Sup_Medial_L	Frontal_Sup_Medial_R	Frontal_Med_Orb_L	Frontal_Med_Orb_R	Rectus_L	Rectus_R	Insula_L	Insula_R	Cingulum_Ant_L	Cingulum_Ant_R	Cingulum_Mid_L	Cingulum_Mid_R	Cingulum_Post_L	Cingulum_Post_R	Hippocampus_L	Hippocampus_R	ParaHippocampal_L	ParaHippocampal_R	Amygdala_L	Amygdala_R	Calcarine_L	Calcarine_R	Cuneus_L	Cuneus_R	Lingual_L	Lingual_R	Occipital_Sup_L	Occipital_Sup_R	Occipital_Mid_L	Occipital_Mid_R	Occipital_Inf_L	Occipital_Inf_R	Fusiform_L	Fusiform_R	Postcentral_L	Postcentral_R	Parietal_Sup_L	Parietal_Sup_R	Parietal_Inf_L	Parietal_Inf_R	SupraMarginal_L	SupraMarginal_R	Angular_L	Angular_R	Precuneus_L	Precuneus_R	Paracentral_Lobule_L	Paracentral_Lobule_R	Caudate_L	Caudate_R	Putamen_L	Putamen_R	Pallidum_L	Pallidum_R	Thalamus_L	Thalamus_R	Heschl_L	Heschl_R	Temporal_Sup_L	Temporal_Sup_R	Temporal_Pole_Sup_L	Temporal_Pole_Sup_R	Temporal_Mid_L	Temporal_Mid_R	Temporal_Pole_Mid_L	Temporal_Pole_Mid_R	Temporal_Inf_L	Temporal_Inf_R	Cerebelum_Crus1_L	Cerebelum_Crus1_R	Cerebelum_Crus2_L	Cerebelum_Crus2_R	Cerebelum_3_L	Cerebelum_3_R	Cerebelum_4_5_L	Cerebelum_4_5_R	Cerebelum_6_L	Cerebelum_6_R	Cerebelum_7b_L	Cerebelum_7b_R	Cerebelum_8_L	Cerebelum_8_R	Cerebelum_9_L	Cerebelum_9_R	Cerebelum_10_L	Cerebelum_10_R	Vermis_1_2	Vermis_3	Vermis_4_5	Vermis_6	Vermis_7	Vermis_8	Vermis_9	Vermis_10	
723708	Precentral_L	0	4926	28996	2628	1040	0	16522	852	252	0	15338	406	4184	0	678	0	14652	0	13736	23272	0	0	1176	0	0	0	0	0	15650	106	1552	108	2170	13442	1794	1116	10084	674	1236	0	0	0	0	0	120	0	0	0	0	0	3502	0	212	0	914	0	30284	5400	2144	0	2752	0	518	0	960	0	3302	0	50872	12250	10186	356	21138	560	4154	0	21228	1012	3750	0	4088	186	3402	0	780	0	0	0	1194	0	0	0	0	0	0	0	0	0	0	0	0	0	0	0	0	0	0	0	0	0	0	0	0	0	0	0	
289708	Precentral_R	4926	0	1166	5084	0	0	416	12056	0	0	1728	16498	922	1230	0	0	888	2298	1124	11526	0	0	0	0	0	0	0	0	1036	2726	160	268	0	688	216	1082	226	6346	0	402	0	0	0	502	0	272	0	0	0	510	0	0	0	270	0	1026	758	20302	0	136	0	270	0	992	0	300	0	1678	3610	8336	5528	7792	1814	2912	294	432	952	12198	0	300	142	194	158	0	0	164	0	0	0	0	0	0	0	0	0	0	0	0	0	0	0	0	0	0	0	0	0	0	0	0	0	0	0	0	0	0	
986296	Frontal_Sup_L	28996	1166	0	3998	20322	0	103664	1396	4888	0	21800	706	30480	0	14338	0	10490	0	65914	3254	0	0	42012	7668	490	140	188	0	32526	358	19962	5022	7726	3064	0	0	3360	138	576	0	0	0	0	0	0	0	0	0	0	0	104	0	0	0	256	0	374	610	0	0	0	0	0	0	0	0	0	0	13204	0	7140	2778	22732	524	1708	0	166	244	720	0	2760	0	4396	0	376	0	0	0	414	0	0	0	0	0	0	0	0	0	0	0	0	0	0	0	0	0	0	0	0	0	0	0	0	0	0	0	
898352	Frontal_Sup_R	2628	5084	3998	0	0	6782	1350	43082	0	132	610	12124	778	26918	0	3372	188	1626	6942	73458	0	206	15206	55936	190	10784	0	1230	910	18504	7480	56938	3150	34660	0	0	0	1004	0	114	0	0	0	0	0	0	0	0	0	0	0	0	0	0	0	0	118	758	0	0	0	0	0	114	0	0	0	136	4016	0	2432	30852	416	10514	0	1854	128	2296	0	0	0	0	158	0	0	0	0	0	0	0	0	0	0	0	0	0	0	0	0	0	0	0	0	0	0	0	0	0	0	0	0	0	0	0	0	0	
258444	Frontal_Sup_Orb_L	1040	0	20322	0	0	0	6498	0	16548	0	1546	0	6936	0	21028	0	412	0	1090	0	2974	742	4798	0	3346	0	6468	0	14516	0	3590	0	0	0	0	0	0	0	190	0	508	0	0	0	0	0	0	0	0	0	0	0	0	0	0	0	0	0	0	0	0	0	0	0	0	0	0	0	1092	0	2214	396	10888	0	0	0	0	0	0	0	114	0	1966	0	0	0	0	0	0	0	0	0	0	0	0	0	0	0	0	0	0	0	0	0	0	0	0	0	0	0	0	0	0	0	0	0	
133548	Frontal_Sup_Orb_R	0	0	0	6782	0	0	0	3364	0	4546	0	1028	0	3622	0	2730	0	0	214	1970	0	726	0	6588	0	10090	112	7642	0	4160	206	4956	0	0	0	0	0	138	0	0	0	0	0	0	0	0	0	0	0	0	0	0	0	0	0	0	0	0	0	0	0	0	0	0	0	0	0	0	0	0	0	5378	0	2522	0	0	0	0	0	0	0	0	0	0	0	0	0	0	0	0	0	0	0	0	0	0	0	0	0	0	0	0	0	0	0	0	0	0	0	0	0	0	0	0	0	0	
589984	Frontal_Mid_L	16522	416	103664	1350	6498	0	0	356	3396	0	12790	144	42990	0	9800	0	1080	0	25496	1224	0	0	15114	1794	0	0	0	0	14500	0	10144	1886	6104	1936	0	0	1400	0	370	0	0	0	0	0	0	0	0	0	0	0	130	0	0	0	0	0	880	180	122	0	422	0	0	0	0	0	116	0	2944	0	4906	1000	3522	214	434	0	0	200	314	0	138	0	496	0	0	0	0	0	0	0	0	0	0	0	0	0	0	0	0	0	0	0	0	0	0	0	0	0	0	0	0	0	0	0	0	0	
283460	Frontal_Mid_R	852	12056	1396	43082	0	3364	356	0	0	3104	1796	12620	860	18778	0	2678	994	348	2266	7750	0	0	1718	4260	0	192	0	0	1026	4066	284	2466	172	4274	0	0	0	212	0	0	0	0	0	0	0	0	0	0	0	0	0	0	0	0	0	0	138	456	0	0	0	0	0	0	0	0	0	0	1278	0	4482	3044	540	250	0	0	0	264	0	0	162	0	146	0	0	0	0	0	0	0	0	0	0	0	0	0	0	0	0	0	0	0	0	0	0	0	0	0	0	0	0	0	0	0	0	0	
108980	Frontal_Mid_Orb_L	252	0	4888	0	16548	0	3396	0	0	0	174	0	2384	0	15488	0	0	0	222	0	570	0	1398	0	204	0	1970	0	2220	0	886	0	0	0	0	0	0	0	0	0	346	0	0	0	0	0	0	0	0	0	0	0	0	0	0	0	0	0	0	0	0	0	0	0	0	0	0	0	278	0	272	0	1760	0	0	0	0	0	0	0	0	0	1234	0	0	0	0	0	0	0	0	0	0	0	0	0	0	0	0	0	0	0	0	0	0	0	0	0	0	0	0	0	0	0	0	0	
34180	Frontal_Mid_Orb_R	0	0	0	132	0	4546	0	3104	0	0	0	0	0	2122	0	5744	0	0	0	0	0	0	0	0	0	0	0	400	0	1042	0	0	0	0	0	0	0	0	0	0	0	0	0	0	0	0	0	0	0	0	0	0	0	0	0	0	0	0	0	0	0	0	0	0	0	0	0	0	0	0	0	0	0	0	0	0	0	0	0	0	0	0	0	0	0	0	0	0	0	0	0	0	0	0	0	0	0	0	0	0	0	0	0	0	0	0	0	0	0	0	0	0	0	0	0	0	
309732	Frontal_Inf_Oper_L	15338	1728	21800	610	1546	0	12790	1796	174	0	0	1902	13682	0	1814	0	14140	222	15884	336	0	0	648	354	0	190	0	0	18870	378	288	470	0	0	0	0	244	0	0	0	0	0	0	0	0	0	0	0	0	0	0	0	0	0	0	0	1860	172	0	0	0	0	0	0	0	0	0	0	2054	0	7192	4698	3994	146	130	0	0	0	292	0	3372	0	5752	0	0	0	0	0	0	0	0	0	0	0	0	0	0	0	0	0	0	0	0	0	0	0	0	0	0	0	0	0	0	0	0	0	
241108	Frontal_Inf_Oper_R	406	16498	706	12124	0	1028	144	12620	0	0	1902	0	638	11674	0	0	984	4324	944	5650	0	0	244	4068	208	1518	0	0	740	16240	1028	7920	120	238	0	0	0	642	0	0	0	0	0	0	0	104	0	0	0	0	0	0	0	0	0	0	132	2270	0	0	0	0	0	312	0	0	0	334	348	0	2956	6980	250	3650	0	0	0	0	0	280	158	0	172	0	0	0	0	0	0	0	0	0	0	0	0	0	0	0	0	0	0	0	0	0	0	0	0	0	0	0	0	0	0	0	0	0	
388732	Frontal_Inf_Tri_L	4184	922	30480	778	6936	0	42990	860	2384	0	13682	638	0	0	15550	0	2182	0	10152	378	0	0	698	298	0	0	0	0	29130	262	2626	1026	198	0	0	0	0	174	0	0	0	0	0	0	0	0	0	0	0	0	0	0	0	0	0	0	0	258	0	0	0	0	0	0	0	0	0	0	2302	0	11724	4584	6300	688	0	0	0	246	0	0	274	0	1462	0	0	0	0	0	0	0	0	0	0	0	0	0	0	0	0	0	0	0	0	0	0	0	0	0	0	0	0	0	0	0	0	0	
260620	Frontal_Inf_Tri_R	0	1230	0	26918	0	3622	0	18778	0	2122	0	11674	0	0	0	5914	0	432	400	8860	0	0	144	8100	0	1830	0	0	0	18016	1280	10880	0	3432	0	0	0	0	0	0	0	0	0	0	0	0	0	0	0	0	0	0	0	0	0	0	0	276	0	0	0	0	0	0	0	0	0	0	0	0	0	4828	0	1574	0	0	0	0	0	0	0	0	0	0	0	0	0	0	0	0	0	0	0	0	0	0	0	0	0	0	0	0	0	0	0	0	0	0	0	0	0	0	0	0	0	0	
235060	Frontal_Inf_Orb_L	678	0	14338	0	21028	0	9800	0	15488	0	1814	0	15550	0	0	0	278	0	982	0	2122	0	700	0	0	0	1246	0	17560	0	428	0	0	0	0	0	0	0	150	0	472	0	0	0	0	0	0	0	0	0	0	0	0	0	0	0	0	0	0	0	0	0	0	0	0	0	0	0	778	0	1050	404	7166	0	0	0	0	0	0	0	0	0	5498	0	0	0	0	0	0	0	0	0	0	0	0	0	0	0	0	0	0	0	0	0	0	0	0	0	0	0	0	0	0	0	0	0	
70300	Frontal_Inf_Orb_R	0	0	0	3372	0	2730	0	2678	0	5744	0	0	0	5914	0	0	0	0	0	254	0	108	0	2000	0	370	0	122	0	7468	0	1646	0	0	0	0	0	0	0	0	0	0	0	0	0	0	0	0	0	0	0	0	0	0	0	0	0	0	0	0	0	0	0	0	0	0	0	0	0	0	0	968	0	1776	0	0	0	0	0	0	0	0	0	0	0	0	0	0	0	0	0	0	0	0	0	0	0	0	0	0	0	0	0	0	0	0	0	0	0	0	0	0	0	0	0	0	
241848	Rolandic_Oper_L	14652	888	10490	188	412	0	1080	994	0	0	14140	984	2182	0	278	0	0	0	4944	460	0	0	188	0	0	0	0	0	16356	112	140	0	138	0	0	0	1228	0	0	0	0	0	0	0	0	0	0	0	0	0	1270	0	650	0	1660	0	8824	0	180	0	0	0	3556	0	442	0	692	0	2140	0	2102	1040	2924	0	554	0	168	0	5824	0	9776	0	4612	0	2784	0	0	0	1872	0	0	0	0	0	0	0	0	0	0	0	0	0	0	0	0	0	0	0	0	0	0	0	0	0	0	0	
94404	Rolandic_Oper_R	0	2298	0	1626	0	0	0	348	0	0	222	4324	0	432	0	0	0	0	0	2572	0	0	0	246	0	108	0	0	0	11622	0	940	0	0	0	0	0	1176	0	156	0	0	0	848	0	242	0	104	0	0	0	0	0	132	0	502	0	3336	0	118	0	176	0	3908	0	0	0	1452	0	0	378	2000	0	2648	0	388	0	0	0	1564	0	2776	0	362	0	198	0	0	0	0	0	0	0	0	0	0	0	0	0	0	0	0	0	0	0	0	0	0	0	0	0	0	0	0	0	0	
517280	Supp_Motor_Area_L	13736	1124	65914	6942	1090	214	25496	2266	222	0	15884	944	10152	400	982	0	4944	0	0	22178	0	0	8658	1924	0	602	0	0	10112	976	5562	3686	4950	6998	156	0	1648	0	370	0	0	0	0	0	0	0	0	0	0	0	200	0	0	0	0	0	712	964	0	0	0	0	170	0	0	0	260	0	20526	238	3956	3776	4878	1166	1180	0	130	108	658	0	998	0	590	0	0	0	0	0	0	0	0	0	0	0	0	0	0	0	0	0	0	0	0	0	0	0	0	0	0	0	0	0	0	0	0	0	
792760	Supp_Motor_Area_R	23272	11526	3254	73458	0	1970	1224	7750	0	0	336	5650	378	8860	0	254	460	2572	22178	0	0	0	3016	14156	0	4496	0	0	516	9572	5986	27782	4844	46016	228	780	108	1164	0	122	0	0	0	0	0	0	0	0	0	0	0	0	0	0	0	0	608	6746	0	0	0	0	0	162	0	0	0	624	26718	21192	1170	30342	206	13326	0	2270	508	9682	0	122	0	304	336	136	0	0	0	0	0	0	0	0	0	0	0	0	0	0	0	0	0	0	0	0	0	0	0	0	0	0	0	0	0	0	0	0	
79016	Olfactory_L	0	0	0	0	2974	0	0	0	570	0	0	0	0	0	2122	0	0	0	0	0	0	5230	0	0	1302	202	5258	976	2476	0	2600	1918	0	0	0	0	212	0	584	0	550	0	0	0	0	0	0	0	0	0	0	0	0	0	0	0	0	0	0	0	0	0	0	0	0	0	0	0	0	0	7554	2378	2288	0	0	0	0	0	0	0	0	0	314	0	0	0	0	0	0	0	0	0	0	0	0	0	0	0	0	0	0	0	0	0	0	0	0	0	0	0	0	0	0	0	0	0	
66844	Olfactory_R	0	0	0	206	742	726	0	0	0	0	0	0	0	0	0	108	0	0	0	0	5230	0	0	198	618	1064	3500	2654	0	1206	2122	2702	0	0	0	0	0	0	0	0	0	496	0	0	0	0	0	0	0	0	0	0	0	0	0	0	0	0	0	0	0	0	0	0	0	0	0	0	0	0	6150	3588	1820	188	0	0	0	0	0	0	0	0	0	104	0	0	0	0	0	0	0	0	0	0	0	0	0	0	0	0	0	0	0	0	0	0	0	0	0	0	0	0	0	0	0	0	
394936	Frontal_Sup_Medial_L	1176	0	42012	15206	4798	0	15114	1718	1398	0	648	244	698	144	700	0	188	0	8658	3016	0	0	0	28496	2280	0	426	0	1404	216	23446	14868	7236	14228	0	0	0	0	0	0	0	0	0	0	0	0	0	0	0	0	0	0	0	0	0	0	0	0	0	0	0	0	0	0	0	0	0	0	1578	0	1838	280	5210	0	0	0	0	0	0	0	0	0	244	0	0	0	0	0	0	0	0	0	0	0	0	0	0	0	0	0	0	0	0	0	0	0	0	0	0	0	0	0	0	0	0	0	
526064	Frontal_Sup_Medial_R	0	0	7668	55936	0	6588	1794	4260	0	0	354	4068	298	8100	0	2000	0	246	1924	14156	0	198	28496	0	630	14248	0	1474	406	10872	7602	44734	1982	20142	0	0	0	208	0	0	0	0	0	0	0	0	0	0	0	0	0	0	0	0	0	0	0	0	0	0	0	0	0	0	0	0	0	0	0	0	586	17530	0	6426	0	0	0	0	0	0	0	0	106	0	0	0	0	0	0	0	0	0	0	0	0	0	0	0	0	0	0	0	0	0	0	0	0	0	0	0	0	0	0	0	0	0	
49684	Frontal_Med_Orb_L	0	0	490	190	3346	0	0	0	204	0	0	208	0	0	0	0	0	0	0	0	1302	618	2280	630	0	908	3718	208	0	170	5620	912	0	0	0	0	0	0	0	0	0	0	0	0	0	0	0	0	0	0	0	0	0	0	0	0	0	0	0	0	0	0	0	0	0	0	0	0	0	0	2060	354	1624	0	0	0	0	0	0	0	0	0	0	0	0	0	0	0	0	0	0	0	0	0	0	0	0	0	0	0	0	0	0	0	0	0	0	0	0	0	0	0	0	0	0	0	
201292	Frontal_Med_Orb_R	0	0	140	10784	0	10090	0	192	0	0	190	1518	0	1830	0	370	0	108	602	4496	202	1064	0	14248	908	0	300	9132	114	4104	1494	15824	0	398	0	0	0	154	0	0	0	0	0	0	0	0	0	0	0	0	0	0	0	0	0	0	0	0	0	0	0	0	0	0	0	0	0	0	0	0	466	12270	112	9536	0	0	0	0	0	0	0	0	0	0	0	0	0	0	0	0	0	0	0	0	0	0	0	0	0	0	0	0	0	0	0	0	0	0	0	0	0	0	0	0	0	0	
77372	Rectus_L	0	0	188	0	6468	112	0	0	1970	0	0	0	0	0	1246	0	0	0	0	0	5258	3500	426	0	3718	300	0	1646	488	0	2818	1254	0	0	0	0	0	0	120	0	0	0	0	0	0	0	0	0	0	0	0	0	0	0	0	0	0	0	0	0	0	0	0	0	0	0	0	0	0	0	5758	1382	2034	0	0	0	0	0	0	0	0	0	0	0	0	0	0	0	0	0	0	0	0	0	0	0	0	0	0	0	0	0	0	0	0	0	0	0	0	0	0	0	0	0	0	0	
69484	Rectus_R	0	0	0	1230	0	7642	0	0	0	400	0	0	0	0	0	122	0	0	0	0	976	2654	0	1474	208	9132	1646	0	0	498	612	3506	0	0	0	0	0	0	0	0	0	0	0	0	0	0	0	0	0	0	0	0	0	0	0	0	0	0	0	0	0	0	0	0	0	0	0	0	0	0	926	2470	360	886	0	0	0	0	0	0	0	0	0	0	0	0	0	0	0	0	0	0	0	0	0	0	0	0	0	0	0	0	0	0	0	0	0	0	0	0	0	0	0	0	0	0	
600168	Insula_L	15650	1036	32526	910	14516	0	14500	1026	2220	0	18870	740	29130	0	17560	0	16356	0	10112	516	2476	0	1404	406	0	114	488	0	0	226	2124	944	138	0	0	0	13904	0	722	0	2144	0	0	0	0	0	0	0	0	0	636	0	444	0	3504	0	5086	298	158	0	0	0	576	0	0	0	440	0	8204	0	11082	5794	26782	208	0	0	308	142	8250	0	7888	0	11590	0	2746	0	0	0	5190	0	0	0	0	0	0	0	0	0	0	0	0	0	0	0	0	0	0	0	0	0	0	0	0	0	0	0	
357236	Insula_R	106	2726	358	18504	0	4160	0	4066	0	1042	378	16240	262	18016	0	7468	112	11622	976	9572	0	1206	216	10872	170	4104	0	498	226	0	1644	15346	0	348	0	0	0	4136	0	928	0	512	0	174	0	0	0	0	0	0	0	0	0	0	0	1370	0	1090	0	0	0	0	0	232	0	0	0	284	132	0	876	11602	250	19258	0	124	0	252	0	580	0	3116	0	1844	0	1016	0	0	0	604	0	0	0	0	0	0	0	0	0	0	0	0	0	0	0	0	0	0	0	0	0	0	0	0	0	0	
343848	Cingulum_Ant_L	1552	160	19962	7480	3590	206	10144	284	886	0	288	1028	2626	1280	428	0	140	0	5562	5986	2600	2122	23446	7602	5620	1494	2818	612	2124	1644	0	22688	6720	4556	0	0	0	0	0	0	0	0	0	0	0	0	0	0	0	0	0	0	0	0	0	0	0	0	0	0	0	0	0	0	0	0	0	0	1792	0	9488	3202	11466	220	0	0	0	0	0	0	0	0	108	0	0	0	0	0	0	0	0	0	0	0	0	0	0	0	0	0	0	0	0	0	0	0	0	0	0	0	0	0	0	0	0	0	
640180	Cingulum_Ant_R	108	268	5022	56938	0	4956	1886	2466	0	0	470	7920	1026	10880	0	1646	0	940	3686	27782	1918	2702	14868	44734	912	15824	1254	3506	944	15346	22688	0	2454	22898	0	0	0	712	0	0	0	0	0	0	0	0	0	0	0	0	0	0	0	0	0	0	0	0	0	0	0	0	0	0	0	0	0	0	206	0	4440	27684	940	9920	0	0	0	0	0	0	0	0	146	0	0	0	0	0	0	0	0	0	0	0	0	0	0	0	0	0	0	0	0	0	0	0	0	0	0	0	0	0	0	0	0	0	
157084	Cingulum_Mid_L	2170	0	7726	3150	0	0	6104	172	0	0	0	120	198	0	0	0	138	0	4950	4844	0	0	7236	1982	0	0	0	0	138	0	6720	2454	0	10536	3076	156	152	0	0	0	0	0	108	0	164	0	0	0	188	0	676	0	0	0	0	0	1270	544	220	0	488	0	348	0	574	0	4360	1002	4646	1298	212	160	0	0	0	0	262	0	0	0	0	0	0	0	0	0	0	0	0	0	0	0	0	0	0	0	0	0	0	0	0	0	0	0	0	0	0	0	0	0	0	0	0	0	0	0	
464152	Cingulum_Mid_R	13442	688	3064	34660	0	0	1936	4274	0	0	0	238	0	3432	0	0	0	0	6998	46016	0	0	14228	20142	0	398	0	0	0	348	4556	22898	10536	0	498	1932	104	226	0	0	0	0	0	454	0	326	0	0	0	228	0	0	0	0	0	0	382	6290	0	0	0	0	0	0	0	144	0	2868	10954	18048	0	1108	0	434	0	0	0	0	0	0	0	226	0	0	0	0	0	0	0	0	0	0	0	0	0	0	0	0	0	0	0	0	0	0	0	0	0	0	0	0	0	0	0	0	0	0	
65184	Cingulum_Post_L	1794	216	0	0	0	0	0	0	0	0	0	0	0	0	0	0	0	0	156	228	0	0	0	0	0	0	0	0	0	0	0	0	3076	498	0	5042	2414	1090	1110	0	0	0	710	0	2652	0	410	0	646	0	308	0	0	0	300	0	4030	510	0	0	0	0	0	0	0	0	5686	234	974	380	0	0	0	0	0	0	0	128	0	0	0	0	0	0	0	0	0	0	0	0	0	0	0	0	0	0	0	0	0	0	0	0	0	0	0	0	0	0	0	0	0	0	0	0	0	0	
85112	Cingulum_Post_R	1116	1082	0	0	0	0	0	0	0	0	0	0	0	0	0	0	0	0	0	780	0	0	0	0	0	0	0	0	0	0	0	0	156	1932	5042	0	2502	3858	494	194	0	0	0	1462	0	402	0	2386	0	322	0	0	0	294	0	1372	1076	4890	0	0	144	0	0	0	0	110	122	7896	208	3508	0	0	0	0	0	0	310	466	0	0	0	0	0	0	0	126	0	0	0	122	0	0	0	0	0	0	0	0	0	0	0	0	0	0	0	0	0	0	0	0	184	0	0	0	0	0	
193644	Hippocampus_L	10084	226	3360	0	0	0	1400	0	0	0	244	0	0	0	0	0	1228	0	1648	108	212	0	0	0	0	0	0	0	13904	0	0	0	152	104	2414	2502	0	1978	8424	148	5618	0	256	0	0	0	898	0	0	0	142	0	138	0	8018	0	3288	126	0	0	0	0	238	0	0	0	892	114	1012	126	0	0	9038	0	862	0	3148	554	3734	0	2166	0	954	0	362	0	0	0	7002	0	0	0	0	0	0	0	0	0	0	0	0	0	0	0	0	0	0	0	0	0	0	0	0	0	0	0	
202040	Hippocampus_R	674	6346	138	1004	0	138	0	212	0	0	0	642	174	0	0	0	0	1176	0	1164	0	0	0	208	0	154	0	0	0	4136	0	712	0	226	1090	3858	1978	0	426	14664	0	10550	0	146	0	0	0	668	0	0	0	0	0	0	0	16454	168	1764	0	0	0	0	0	162	0	0	0	1912	186	506	338	476	232	12404	0	128	816	4166	0	0	0	138	0	972	0	1282	0	262	0	7056	0	212	0	0	0	0	0	470	0	222	0	0	0	0	0	0	0	0	0	0	210	0	0	0	0	0	
56020	ParaHippocampal_L	1236	0	576	0	190	0	370	0	0	0	0	0	0	0	150	0	0	0	370	0	584	0	0	0	0	0	120	0	722	0	0	0	0	0	1110	494	8424	426	0	0	1374	0	164	0	0	0	2216	0	0	0	420	0	346	0	3516	0	242	0	0	0	0	0	0	0	0	0	840	0	0	0	222	0	2114	0	0	0	178	0	378	0	0	0	0	0	0	0	0	0	1228	0	0	0	0	0	0	0	0	0	0	0	0	0	0	0	0	0	0	0	0	0	0	0	0	0	0	0	
88756	ParaHippocampal_R	0	402	0	114	0	0	0	0	0	0	0	0	0	0	0	0	0	156	0	122	0	0	0	0	0	0	0	0	0	928	0	0	0	0	0	194	148	14664	0	0	0	5534	0	0	0	0	0	1288	0	0	0	0	0	0	0	11442	0	0	0	0	0	0	0	0	0	0	0	266	0	0	0	0	0	2186	0	0	142	630	0	0	0	0	0	764	0	338	0	846	0	3386	0	144	0	0	0	0	0	524	0	160	0	0	0	0	0	0	0	0	0	0	0	0	0	0	0	0	
30400	Amygdala_L	0	0	0	0	508	0	0	0	346	0	0	0	0	0	472	0	0	0	0	0	550	0	0	0	0	0	0	0	2144	0	0	0	0	0	0	0	5618	0	1374	0	0	0	0	0	0	0	0	0	0	0	0	0	0	0	2448	0	0	0	0	0	0	0	0	0	0	0	0	0	0	0	0	0	136	0	0	0	0	0	0	0	0	0	394	0	0	0	106	0	1104	0	0	0	0	0	0	0	0	0	0	0	0	0	0	0	0	0	0	0	0	0	0	0	0	0	0	0	
55036	Amygdala_R	0	0	0	0	0	0	0	0	0	0	0	0	0	0	0	0	0	0	0	0	0	496	0	0	0	0	0	0	0	512	0	0	0	0	0	0	0	10550	0	5534	0	0	0	0	0	0	0	0	0	0	0	0	0	0	0	4698	0	0	0	0	0	0	0	0	0	0	0	0	0	0	0	0	0	1878	0	0	0	0	0	0	0	0	0	1972	0	0	0	548	0	1100	0	0	0	0	0	0	0	230	0	0	0	0	0	0	0	0	0	0	0	0	0	0	0	0	0	0	
120680	Calcarine_L	0	0	0	0	0	0	0	0	0	0	0	0	0	0	0	0	0	0	0	0	0	0	0	0	0	0	0	0	0	0	0	0	108	0	710	0	256	0	164	0	0	0	0	2456	11994	1650	4604	1086	6724	1242	12286	362	3104	136	1358	304	250	0	0	0	0	0	0	0	138	0	10388	0	116	0	0	0	0	0	0	0	0	0	0	0	0	0	0	0	554	0	0	0	350	0	0	0	0	0	0	0	0	0	0	0	0	0	0	0	0	0	0	0	0	0	0	0	0	0	0	0	
232288	Calcarine_R	0	502	0	0	0	0	0	0	0	0	0	0	0	0	0	0	0	848	0	0	0	0	0	0	0	0	0	0	0	174	0	0	0	454	0	1462	0	146	0	0	0	0	2456	0	688	19546	124	13604	0	14856	0	8704	0	6306	0	8388	0	4154	0	1980	0	1082	0	1200	0	1320	290	22310	0	1242	120	0	0	218	0	0	0	0	0	0	0	420	0	0	0	3242	0	0	0	308	0	0	0	0	0	0	0	0	0	0	0	0	0	0	0	0	0	0	0	0	0	0	0	0	0	0	
118512	Cuneus_L	120	0	0	0	0	0	0	0	0	0	0	0	0	0	0	0	0	0	0	0	0	0	0	0	0	0	0	0	0	0	0	0	164	0	2652	0	0	0	0	0	0	0	11994	688	0	2924	730	0	12292	316	7402	0	1530	0	1422	0	1330	0	1178	0	0	0	0	0	164	0	12128	448	698	0	0	0	0	0	0	0	0	0	0	0	0	0	0	0	368	0	0	0	708	0	0	0	0	0	0	0	0	0	0	0	0	0	0	0	0	0	0	0	0	0	0	0	0	0	0	0	
160600	Cuneus_R	0	272	0	0	0	0	0	0	0	0	0	104	0	0	0	0	0	242	0	0	0	0	0	0	0	0	0	0	0	0	0	0	0	326	0	402	0	0	0	0	0	0	1650	19546	2924	0	0	3146	0	20284	0	6720	0	2154	0	2848	0	1424	0	1842	0	742	0	690	0	1316	542	12036	0	356	0	0	0	0	0	0	0	0	0	0	0	0	0	0	0	734	0	0	0	0	0	0	0	0	0	0	0	0	0	0	0	0	0	0	0	0	0	0	0	0	0	0	0	0	0	0	
179708	Lingual_L	0	0	0	0	0	0	0	0	0	0	0	0	0	0	0	0	0	0	0	0	0	0	0	0	0	0	0	0	0	0	0	0	0	0	410	0	898	0	2216	0	0	0	4604	124	730	0	0	734	1612	0	12848	0	6670	0	15412	112	0	0	0	0	0	0	0	0	0	0	1628	0	0	0	0	0	0	0	0	0	0	0	0	0	0	0	0	0	0	0	0	0	814	0	8142	320	248	0	0	0	13114	0	15032	458	170	0	0	0	0	0	0	0	0	144	2592	702	120	0	0	0	
221148	Lingual_R	0	0	0	0	0	0	0	0	0	0	0	0	0	0	0	0	0	104	0	0	0	0	0	0	0	0	0	0	0	0	0	0	0	0	0	2386	0	668	0	1288	0	0	1086	13604	0	3146	734	0	0	3032	0	2814	0	2974	480	16032	0	978	0	0	0	0	0	0	0	466	0	5446	0	182	0	0	0	0	0	0	0	280	0	0	0	0	0	0	0	1142	0	0	0	156	1198	8132	0	800	0	0	2558	8870	3520	9948	0	0	0	0	0	0	0	0	0	0	8660	6952	2938	0	0	0	
113780	Occipital_Sup_L	0	0	0	0	0	0	0	0	0	0	0	0	0	0	0	0	0	0	0	0	0	0	0	0	0	0	0	0	0	0	0	0	188	0	646	0	0	0	0	0	0	0	6724	0	12292	0	1612	0	0	0	18512	0	440	0	286	0	842	0	4774	0	110	0	0	0	174	0	9358	0	202	0	0	0	0	0	0	0	0	0	0	0	0	0	0	0	536	0	0	0	194	0	0	0	0	0	0	0	0	0	0	0	0	0	0	0	0	0	0	0	0	0	0	0	0	0	0	0	
190432	Occipital_Sup_R	0	510	0	0	0	0	0	0	0	0	0	0	0	0	0	0	0	0	0	0	0	0	0	0	0	0	0	0	0	0	0	0	0	228	0	322	0	0	0	0	0	0	1242	14856	316	20284	0	3032	0	0	0	15348	0	2300	0	3716	0	1574	0	4102	0	5470	0	1496	0	7900	124	9268	0	550	0	0	0	0	0	0	0	0	0	0	0	216	0	0	0	1526	0	0	0	836	0	0	0	0	0	0	0	0	0	0	0	0	0	0	0	0	0	0	0	0	0	0	0	0	0	0	
369380	Occipital_Mid_L	3502	0	104	0	0	0	130	0	0	0	0	0	0	0	0	0	1270	0	200	0	0	0	0	0	0	0	0	0	636	0	0	0	676	0	308	0	142	0	420	0	0	0	12286	0	7402	0	12848	0	18512	0	0	0	16736	0	5022	0	9818	0	13558	0	12466	0	2106	0	20818	0	24272	0	1042	0	0	0	0	0	0	0	146	0	628	0	978	0	0	0	16462	0	0	0	2202	0	0	0	0	0	0	0	0	0	0	0	0	0	0	0	0	0	0	0	0	0	0	0	0	0	0	0	
143212	Occipital_Mid_R	0	0	0	0	0	0	0	0	0	0	0	0	0	0	0	0	0	0	0	0	0	0	0	0	0	0	0	0	0	0	0	0	0	0	0	0	0	0	0	0	0	0	362	8704	0	6720	0	2814	0	15348	0	0	0	2930	0	1222	0	252	0	1336	0	6442	0	140	0	14890	0	1138	0	0	0	0	0	0	0	0	0	0	0	0	0	566	0	0	0	6906	0	0	0	1836	0	0	0	0	0	0	0	0	0	0	0	0	0	0	0	0	0	0	0	0	0	0	0	0	0	0	
124172	Occipital_Inf_L	212	0	0	0	0	0	0	0	0	0	0	0	0	0	0	0	650	0	0	0	0	0	0	0	0	0	0	0	444	0	0	0	0	0	0	0	138	0	346	0	0	0	3104	0	1530	0	6670	0	440	0	16736	0	0	0	14500	0	790	0	132	0	216	0	186	0	1112	0	2328	0	0	0	0	0	0	0	0	0	0	0	818	0	638	0	0	0	5600	0	0	0	5204	0	120	0	0	0	0	0	0	0	172	0	0	0	0	0	0	0	0	0	0	0	0	0	0	0	0	0	
68552	Occipital_Inf_R	0	270	0	0	0	0	0	0	0	0	0	0	0	0	0	0	0	132	0	0	0	0	0	0	0	0	0	0	0	0	0	0	0	0	0	294	0	0	0	0	0	0	136	6306	0	2154	0	2974	0	2300	0	2930	0	0	0	9416	0	496	0	0	0	0	0	0	0	0	0	2322	0	156	0	0	0	0	0	0	0	0	0	0	0	0	0	0	0	868	0	0	0	3412	0	0	0	0	0	0	0	0	0	110	0	0	0	0	0	0	0	0	0	0	0	0	0	0	0	0	
358432	Fusiform_L	914	0	256	0	0	0	0	0	0	0	0	0	0	0	0	0	1660	0	0	0	0	0	0	0	0	0	0	0	3504	0	0	0	0	0	300	0	8018	0	3516	0	2448	0	1358	0	1422	0	15412	480	286	0	5022	0	14500	0	0	104	2182	0	170	0	594	0	3260	0	2778	0	2690	0	190	0	0	0	738	0	0	0	0	0	3088	0	5238	0	218	0	5046	0	230	0	23732	0	23122	0	3726	0	138	0	11898	0	28464	158	118	0	0	0	0	0	0	0	0	0	1446	674	118	0	0	0	
311580	Fusiform_R	0	1026	0	0	0	0	0	0	0	0	0	0	0	0	0	0	0	502	0	0	0	0	0	0	0	0	0	0	0	1370	0	0	0	0	0	1372	0	16454	0	11442	0	4698	304	8388	0	2848	112	16032	0	3716	0	1222	0	9416	104	0	0	1018	0	0	0	0	0	0	0	0	0	2872	0	188	0	0	0	1726	0	0	0	0	0	316	0	666	0	1984	0	3262	0	1200	0	13280	354	14288	0	1532	0	174	1080	7864	1150	15696	0	0	0	416	0	0	0	0	0	0	4042	2406	1270	0	0	0	
316504	Postcentral_L	30284	758	374	118	0	0	880	138	0	0	1860	132	0	0	0	0	8824	0	712	608	0	0	0	0	0	0	0	0	5086	0	0	0	1270	382	4030	1076	3288	168	242	0	0	0	250	0	1330	0	0	0	842	0	9818	0	790	0	2182	0	0	1366	9668	0	20746	0	10368	0	6756	0	10628	0	5966	652	476	194	1396	0	454	0	2336	314	3862	0	2888	0	0	0	2942	0	0	0	1798	0	0	0	0	0	0	0	0	0	0	0	0	0	0	0	0	0	0	0	0	0	0	0	0	0	0	0	
242712	Postcentral_R	5400	20302	610	758	0	0	180	456	0	0	172	2270	258	276	0	0	0	3336	964	6746	0	0	0	0	0	0	0	0	298	1090	0	0	544	6290	510	4890	126	1764	0	0	0	0	0	4154	0	1424	0	978	0	1574	0	252	0	496	0	1018	1366	0	0	3764	166	4086	0	9062	0	1182	0	9054	3558	15272	1338	600	706	1818	188	228	136	148	0	240	0	696	0	0	0	366	0	0	0	246	0	0	0	0	0	0	0	0	0	0	0	0	0	0	0	0	0	0	0	0	0	0	0	0	0	0	
143840	Parietal_Sup_L	2144	0	0	0	0	0	122	0	0	0	0	0	0	0	0	0	180	0	0	0	0	0	0	0	0	0	0	0	158	0	0	0	220	0	0	0	0	0	0	0	0	0	0	0	1178	0	0	0	4774	0	13558	0	132	0	170	0	9668	0	0	0	11778	0	1288	0	6908	0	18454	0	934	0	0	0	0	0	0	0	0	0	0	0	0	0	0	0	108	0	0	0	146	0	0	0	0	0	0	0	0	0	0	0	0	0	0	0	0	0	0	0	0	0	0	0	0	0	0	0	
59684	Parietal_Sup_R	0	136	0	0	0	0	0	0	0	0	0	0	0	0	0	0	0	118	0	0	0	0	0	0	0	0	0	0	0	0	0	0	0	0	0	0	0	0	0	0	0	0	0	1980	0	1842	0	0	0	4102	0	1336	0	0	0	0	0	3764	0	0	0	5500	0	1372	0	3028	208	5884	0	572	0	0	0	0	0	0	0	0	0	0	0	0	0	0	0	0	0	0	0	0	0	0	0	0	0	0	0	0	0	0	0	0	0	0	0	0	0	0	0	0	0	0	0	0	0	0	
187936	Parietal_Inf_L	2752	0	0	0	0	0	422	0	0	0	0	0	0	0	0	0	0	0	0	0	0	0	0	0	0	0	0	0	0	0	0	0	488	0	0	144	0	0	0	0	0	0	0	0	0	0	0	0	110	0	12466	0	216	0	594	0	20746	166	11778	0	0	0	11498	0	22148	0	6284	0	974	0	0	0	0	0	0	0	598	0	0	0	0	0	0	0	1802	0	0	0	782	0	0	0	0	0	0	0	0	0	0	0	0	0	0	0	0	0	0	0	0	0	0	0	0	0	0	0	
98996	Parietal_Inf_R	0	270	0	0	0	0	0	0	0	0	0	0	0	0	0	0	0	176	0	0	0	0	0	0	0	0	0	0	0	0	0	0	0	0	0	0	0	0	0	0	0	0	0	1082	0	742	0	0	0	5470	0	6442	0	0	0	0	0	4086	0	5500	0	0	0	9186	0	12394	0	3216	0	0	0	0	0	0	0	0	0	0	0	0	0	226	0	0	0	450	0	0	0	258	0	0	0	0	0	0	0	0	0	0	0	0	0	0	0	0	0	0	0	0	0	0	0	0	0	0	
113648	SupraMarginal_L	518	0	0	0	0	0	0	0	0	0	0	0	0	0	0	0	3556	0	170	0	0	0	0	0	0	0	0	0	576	0	0	0	348	0	0	0	238	0	0	0	0	0	0	0	0	0	0	0	0	0	2106	0	186	0	3260	0	10368	0	1288	0	11498	0	0	0	9432	0	1668	0	194	0	0	0	0	0	0	0	500	0	360	0	5552	0	0	0	2974	0	0	0	2032	0	0	0	0	0	0	0	0	0	0	0	0	0	0	0	0	0	0	0	0	0	0	0	0	0	0	0	
96660	SupraMarginal_R	0	992	0	114	0	0	0	0	0	0	0	312	0	0	0	0	0	3908	0	162	0	0	0	0	0	0	0	0	0	232	0	0	0	0	0	0	0	162	0	0	0	0	0	1200	0	690	0	0	0	1496	0	140	0	0	0	0	0	9062	0	1372	0	9186	0	0	0	7228	0	3472	0	190	180	120	0	0	0	0	0	0	0	176	0	6056	0	0	0	1526	0	0	0	354	0	0	0	0	0	0	0	0	0	0	0	0	0	0	0	0	0	0	0	0	0	0	0	0	0	0	
181180	Angular_L	960	0	0	0	0	0	0	0	0	0	0	0	0	0	0	0	442	0	0	0	0	0	0	0	0	0	0	0	0	0	0	0	574	0	0	0	0	0	0	0	0	0	138	0	164	0	0	0	174	0	20818	0	1112	0	2778	0	6756	0	6908	0	22148	0	9432	0	0	0	5586	0	302	0	0	0	0	0	0	0	266	0	0	0	1984	0	0	0	7122	0	0	0	2926	0	0	0	0	0	0	0	0	0	0	0	0	0	0	0	0	0	0	0	0	0	0	0	0	0	0	0	
133708	Angular_R	0	300	0	0	0	0	0	0	0	0	0	0	0	0	0	0	0	0	0	0	0	0	0	0	0	0	0	0	0	0	0	0	0	144	0	110	0	0	0	0	0	0	0	1320	0	1316	0	466	0	7900	0	14890	0	0	0	0	0	1182	0	3028	0	12394	0	7228	0	0	0	3524	0	182	0	0	0	0	0	0	0	0	0	0	0	5982	0	0	0	6162	0	0	0	726	0	0	0	0	0	0	0	0	0	0	0	0	0	0	0	0	0	0	0	0	0	0	0	0	0	0	
267420	Precuneus_L	3302	0	0	0	0	0	116	0	0	0	0	0	0	0	0	0	692	0	260	0	0	0	0	0	0	0	0	0	440	0	0	0	4360	0	5686	122	892	0	840	0	0	0	10388	290	12128	542	1628	0	9358	124	24272	0	2328	0	2690	0	10628	0	18454	208	6284	0	1668	0	5586	0	0	2174	4346	0	0	0	0	0	0	0	276	0	314	0	372	0	0	0	1230	0	0	0	1712	0	0	0	0	0	0	0	0	0	0	0	0	0	0	0	0	0	0	0	0	0	0	0	0	0	0	0	
218300	Precuneus_R	0	1678	0	136	0	0	0	0	0	0	0	334	0	0	0	0	0	1452	0	624	0	0	0	0	0	0	0	0	0	284	0	0	1002	2868	234	7896	114	1912	0	266	0	0	0	22310	448	12036	0	5446	0	9268	0	1138	0	2322	0	2872	0	9054	0	5884	0	3216	0	3472	0	3524	2174	0	0	3682	166	0	0	434	0	0	0	388	0	0	0	596	0	0	0	994	0	0	0	564	0	0	0	0	0	0	0	0	0	0	0	0	0	0	0	0	0	0	0	0	362	0	0	0	0	0	
460416	Paracentral_Lobule_L	50872	3610	13204	4016	1092	0	2944	1278	278	0	2054	348	2302	0	778	0	2140	0	20526	26718	0	0	1578	0	0	0	0	0	8204	132	1792	206	4646	10954	974	208	1012	186	0	0	0	0	116	0	698	0	0	0	202	0	1042	0	0	0	190	0	5966	3558	934	0	974	0	194	0	302	0	4346	0	0	8514	8708	534	16036	318	3008	0	7888	298	0	0	1670	0	1260	0	926	0	0	0	474	0	0	0	0	0	0	0	0	0	0	0	0	0	0	0	0	0	0	0	0	0	0	0	0	0	0	0	
207340	Paracentral_Lobule_R	12250	8336	0	0	0	0	0	0	0	0	0	0	0	0	0	0	0	0	238	21192	0	0	0	0	0	0	0	0	0	0	0	0	1298	18048	380	3508	126	506	0	0	0	0	0	1242	0	356	0	182	0	550	0	0	0	156	0	188	652	15272	0	572	0	0	0	190	0	182	0	3682	8514	0	138	1624	0	0	0	0	300	3092	0	146	0	438	0	0	0	206	0	0	0	106	0	0	0	0	0	0	0	0	0	0	0	0	0	0	0	0	0	0	0	0	0	0	0	0	0	0	
340500	Caudate_L	10186	5528	7140	2432	2214	0	4906	4482	272	0	7192	2956	11724	0	1050	0	2102	378	3956	1170	7554	6150	1838	586	2060	466	5758	926	11082	876	9488	4440	212	0	0	0	0	338	222	0	0	0	0	120	0	0	0	0	0	0	0	0	0	0	0	0	476	1338	0	0	0	0	0	180	0	0	0	166	8708	138	0	10072	17618	1216	1456	108	6306	570	0	0	540	0	1554	0	0	0	0	0	0	0	0	0	0	0	0	0	0	0	0	0	0	0	0	0	0	0	0	0	0	0	0	0	0	0	0	0	
501236	Caudate_R	356	7792	2778	30852	396	5378	1000	3044	0	0	4698	6980	4584	4828	404	968	1040	2000	3776	30342	2378	3588	280	17530	354	12270	1382	2470	5794	11602	3202	27684	160	1108	0	0	0	476	0	0	0	0	0	0	0	0	0	0	0	0	0	0	0	0	0	0	194	600	0	0	0	0	0	120	0	0	0	0	534	1624	10072	0	1332	15834	0	2262	0	15228	0	0	282	0	1042	0	0	0	0	0	0	0	0	0	0	0	0	0	0	0	0	0	0	0	0	0	0	0	0	0	0	0	0	0	0	0	0	0	
413836	Putamen_L	21138	1814	22732	416	10888	0	3522	540	1760	0	3994	250	6300	0	7166	0	2924	0	4878	206	2288	1820	5210	0	1624	112	2034	360	26782	250	11466	940	0	0	0	0	9038	232	2114	0	136	0	0	0	0	0	0	0	0	0	0	0	0	0	738	0	1396	706	0	0	0	0	0	0	0	0	0	0	16036	0	17618	1332	0	796	6466	0	684	230	296	0	2334	0	3662	0	770	0	0	0	920	0	0	0	0	0	0	0	0	0	0	0	0	0	0	0	0	0	0	0	0	0	0	0	0	0	0	0	
270016	Putamen_R	560	2912	524	10514	0	2522	214	250	0	0	146	3650	688	1574	0	1776	0	2648	1166	13326	0	188	0	6426	0	9536	0	886	208	19258	220	9920	0	434	0	0	0	12404	0	2186	0	1878	0	218	0	0	0	0	0	0	0	0	0	0	0	1726	0	1818	0	0	0	0	0	0	0	0	0	434	318	0	1216	15834	796	0	0	2322	0	3394	0	0	0	346	0	332	0	0	0	0	0	240	0	0	0	0	0	0	0	0	0	0	0	0	0	0	0	0	0	0	0	0	0	0	0	0	0	0	
46592	Pallidum_L	4154	294	1708	0	0	0	434	0	0	0	130	0	0	0	0	0	554	0	1180	0	0	0	0	0	0	0	0	0	0	0	0	0	0	0	0	0	862	0	0	0	0	0	0	0	0	0	0	0	0	0	0	0	0	0	0	0	454	188	0	0	0	0	0	0	0	0	0	0	3008	0	1456	0	6466	0	0	0	2016	0	0	0	204	0	188	0	0	0	0	0	0	0	0	0	0	0	0	0	0	0	0	0	0	0	0	0	0	0	0	0	0	0	0	0	0	0	0	0	
20520	Pallidum_R	0	432	0	1854	0	0	0	0	0	0	0	0	0	0	0	0	0	388	0	2270	0	0	0	0	0	0	0	0	0	124	0	0	0	0	0	0	0	128	0	0	0	0	0	0	0	0	0	0	0	0	0	0	0	0	0	0	0	228	0	0	0	0	0	0	0	0	0	0	0	0	108	2262	0	2322	0	0	0	144	0	0	0	0	0	0	0	0	0	0	0	0	0	0	0	0	0	0	0	0	0	0	0	0	0	0	0	0	0	0	0	0	0	0	0	0	0	0	
104396	Thalamus_L	21228	952	166	128	0	0	0	0	0	0	0	0	0	0	0	0	168	0	130	508	0	0	0	0	0	0	0	0	308	0	0	0	262	0	0	310	3148	816	178	142	0	0	0	0	0	0	0	0	0	0	146	0	0	0	0	0	2336	136	0	0	598	0	500	0	266	0	276	0	7888	300	6306	0	684	0	2016	0	0	2302	0	0	0	0	0	0	0	0	0	0	0	0	0	0	0	0	0	0	0	0	0	0	0	0	0	0	0	0	0	0	0	0	0	0	0	0	0	0	
117952	Thalamus_R	1012	12198	244	2296	0	0	200	264	0	0	0	0	246	0	0	0	0	0	108	9682	0	0	0	0	0	0	0	0	142	252	0	0	0	0	128	466	554	4166	0	630	0	0	0	0	0	0	0	280	0	0	0	0	0	0	0	0	314	148	0	0	0	0	0	0	0	0	0	388	298	3092	570	15228	230	3394	0	144	2302	0	0	0	0	0	0	0	0	0	0	0	0	0	0	0	0	0	0	0	0	0	0	0	0	0	0	0	0	0	0	0	0	0	0	0	0	0	0	0	
85780	Heschl_L	3750	0	720	0	0	0	314	0	0	0	292	0	0	0	0	0	5824	0	658	0	0	0	0	0	0	0	0	0	8250	0	0	0	0	0	0	0	3734	0	378	0	0	0	0	0	0	0	0	0	0	0	628	0	818	0	3088	0	3862	0	0	0	0	0	360	0	0	0	314	0	0	0	0	0	296	0	0	0	0	0	0	0	3700	0	0	0	2856	0	0	0	3048	0	0	0	0	0	0	0	0	0	0	0	0	0	0	0	0	0	0	0	0	0	0	0	0	0	0	0	
13536	Heschl_R	0	300	0	0	0	0	0	0	0	0	0	280	0	0	0	0	0	1564	0	122	0	0	0	0	0	0	0	0	0	580	0	0	0	0	0	0	0	0	0	0	0	0	0	0	0	0	0	0	0	0	0	0	0	0	0	316	0	240	0	0	0	0	0	176	0	0	0	0	0	146	0	0	0	0	0	0	0	0	0	0	0	2288	0	0	0	404	0	0	0	352	0	0	0	0	0	0	0	0	0	0	0	0	0	0	0	0	0	0	0	0	0	0	0	0	0	0	
173936	Temporal_Sup_L	4088	142	2760	0	114	0	138	162	0	0	3372	158	274	0	0	0	9776	0	998	0	0	0	0	0	0	0	0	0	7888	0	0	0	0	0	0	0	2166	0	0	0	0	0	0	0	0	0	0	0	0	0	978	0	638	0	5238	0	2888	0	0	0	0	0	5552	0	1984	0	372	0	1670	0	540	282	2334	0	204	0	0	0	3700	0	0	0	5794	0	16582	0	446	0	5730	0	0	0	0	0	0	0	0	0	0	0	0	0	0	0	0	0	0	0	0	0	0	0	0	0	0	0	
92008	Temporal_Sup_R	186	194	0	0	0	0	0	0	0	0	0	0	0	0	0	0	0	2776	0	304	0	0	0	0	0	0	0	0	0	3116	0	0	0	226	0	0	0	138	0	0	0	0	0	420	0	0	0	0	0	216	0	566	0	0	0	666	0	696	0	0	0	226	0	6056	0	5982	0	596	0	438	0	0	0	346	0	0	0	0	0	2288	0	0	0	5792	0	13072	0	646	0	1058	0	0	0	0	0	0	0	0	0	0	0	0	0	0	0	0	0	0	0	0	0	0	0	0	0	0	
134188	Temporal_Pole_Sup_L	3402	158	4396	158	1966	0	496	146	1234	0	5752	172	1462	0	5498	0	4612	0	590	336	314	0	244	106	0	0	0	0	11590	0	108	146	0	0	0	0	954	0	0	0	394	0	0	0	0	0	0	0	0	0	0	0	0	0	218	0	0	0	0	0	0	0	0	0	0	0	0	0	1260	0	1554	1042	3662	0	188	0	0	0	0	0	5794	0	0	0	5480	0	1472	0	2190	0	0	0	0	0	0	0	0	0	0	0	0	0	0	0	0	0	0	0	0	0	0	0	0	0	0	0	
43628	Temporal_Pole_Sup_R	0	0	0	0	0	0	0	0	0	0	0	0	0	0	0	0	0	362	0	136	0	104	0	0	0	0	0	0	0	1844	0	0	0	0	0	0	0	972	0	764	0	1972	0	0	0	0	0	0	0	0	0	0	0	0	0	1984	0	0	0	0	0	0	0	0	0	0	0	0	0	0	0	0	0	332	0	0	0	0	0	0	0	5792	0	0	0	3008	0	1940	0	2604	0	0	0	0	0	0	0	0	0	0	0	0	0	0	0	0	0	0	0	0	0	0	0	0	0	0	
216028	Temporal_Mid_L	780	0	376	0	0	0	0	0	0	0	0	0	0	0	0	0	2784	0	0	0	0	0	0	0	0	0	0	0	2746	0	0	0	0	0	0	0	362	0	0	0	0	0	554	0	368	0	0	0	536	0	16462	0	5600	0	5046	0	2942	0	108	0	1802	0	2974	0	7122	0	1230	0	926	0	0	0	770	0	0	0	0	0	2856	0	16582	0	5480	0	0	0	3122	0	26486	0	0	0	0	0	0	0	0	0	0	0	0	0	0	0	0	0	0	0	0	0	0	0	0	0	0	0	
137500	Temporal_Mid_R	0	164	0	0	0	0	0	0	0	0	0	0	0	0	0	0	0	198	0	0	0	0	0	0	0	0	0	0	0	1016	0	0	0	0	0	126	0	1282	0	338	0	0	0	3242	0	734	0	1142	0	1526	0	6906	0	868	0	3262	0	366	0	0	0	450	0	1526	0	6162	0	994	0	206	0	0	0	0	0	0	0	0	0	404	0	13072	0	3008	0	0	0	736	0	21022	0	0	0	0	0	0	0	0	0	0	0	0	0	0	0	0	0	0	0	0	0	0	0	0	0	0	
15060	Temporal_Pole_Mid_L	0	0	0	0	0	0	0	0	0	0	0	0	0	0	0	0	0	0	0	0	0	0	0	0	0	0	0	0	0	0	0	0	0	0	0	0	0	0	0	0	106	0	0	0	0	0	0	0	0	0	0	0	0	0	230	0	0	0	0	0	0	0	0	0	0	0	0	0	0	0	0	0	0	0	0	0	0	0	0	0	446	0	1472	0	3122	0	0	0	2154	0	0	0	0	0	0	0	0	0	0	0	0	0	0	0	0	0	0	0	0	0	0	0	0	0	0	0	
15588	Temporal_Pole_Mid_R	0	0	0	0	0	0	0	0	0	0	0	0	0	0	0	0	0	0	0	0	0	0	0	0	0	0	0	0	0	0	0	0	0	0	0	0	0	262	0	846	0	548	0	0	0	0	0	0	0	0	0	0	0	0	0	1200	0	0	0	0	0	0	0	0	0	0	0	0	0	0	0	0	0	0	0	0	0	0	0	0	0	646	0	1940	0	736	0	0	0	1616	0	0	0	0	0	0	0	0	0	0	0	0	0	0	0	0	0	0	0	0	0	0	0	0	0	0	
212660	Temporal_Inf_L	1194	0	414	0	0	0	0	0	0	0	0	0	0	0	0	0	1872	0	0	0	0	0	0	0	0	0	0	0	5190	0	0	0	0	0	0	0	7002	0	1228	0	1104	0	350	0	708	0	814	0	194	0	2202	0	5204	0	23732	0	1798	0	146	0	782	0	2032	0	2926	0	1712	0	474	0	0	0	920	0	0	0	0	0	3048	0	5730	0	2190	0	26486	0	2154	0	0	0	2496	0	1536	0	0	0	0	0	692	0	0	0	0	0	0	0	0	0	0	0	0	0	0	0	0	0	
123908	Temporal_Inf_R	0	0	0	0	0	0	0	0	0	0	0	0	0	0	0	0	0	0	0	0	0	0	0	0	0	0	0	0	0	604	0	0	0	0	0	122	0	7056	0	3386	0	1100	0	308	0	0	0	156	0	836	0	1836	0	3412	0	13280	0	246	0	0	0	258	0	354	0	726	0	564	0	106	0	0	0	240	0	0	0	0	0	352	0	1058	0	2604	0	21022	0	1616	0	0	0	416	0	0	0	0	0	192	0	104	0	0	0	0	0	0	0	0	0	0	0	0	0	0	0	0	
347268	Cerebelum_Crus1_L	0	0	0	0	0	0	0	0	0	0	0	0	0	0	0	0	0	0	0	0	0	0	0	0	0	0	0	0	0	0	0	0	0	0	0	0	0	0	0	0	0	0	0	0	0	0	8142	1198	0	0	0	0	120	0	23122	354	0	0	0	0	0	0	0	0	0	0	0	0	0	0	0	0	0	0	0	0	0	0	0	0	0	0	0	0	0	0	0	0	2496	0	0	3088	36564	2090	300	0	16962	594	50160	2096	7666	0	7082	192	534	0	0	0	0	0	2412	3844	4258	360	0	0	
408164	Cerebelum_Crus1_R	0	0	0	0	0	0	0	0	0	0	0	0	0	0	0	0	0	0	0	0	0	0	0	0	0	0	0	0	0	0	0	0	0	0	0	0	0	212	0	144	0	0	0	0	0	0	320	8132	0	0	0	0	0	0	0	14288	0	0	0	0	0	0	0	0	0	0	0	0	0	0	0	0	0	0	0	0	0	0	0	0	0	0	0	0	0	0	0	0	0	416	3088	0	1124	34632	0	4560	1830	27112	1842	59980	390	1124	228	9960	0	0	0	0	0	2812	11420	10264	9486	372	202	144	
173080	Cerebelum_Crus2_L	0	0	0	0	0	0	0	0	0	0	0	0	0	0	0	0	0	0	0	0	0	0	0	0	0	0	0	0	0	0	0	0	0	0	0	0	0	0	0	0	0	0	0	0	0	0	248	0	0	0	0	0	0	0	3726	0	0	0	0	0	0	0	0	0	0	0	0	0	0	0	0	0	0	0	0	0	0	0	0	0	0	0	0	0	0	0	0	0	1536	0	36564	1124	0	2208	0	0	2080	0	10206	198	14306	0	10604	118	0	0	0	0	0	0	0	290	2706	626	0	0	
211164	Cerebelum_Crus2_R	0	0	0	0	0	0	0	0	0	0	0	0	0	0	0	0	0	0	0	0	0	0	0	0	0	0	0	0	0	0	0	0	0	0	0	0	0	0	0	0	0	0	0	0	0	0	0	800	0	0	0	0	0	0	0	1532	0	0	0	0	0	0	0	0	0	0	0	0	0	0	0	0	0	0	0	0	0	0	0	0	0	0	0	0	0	0	0	0	0	0	2090	34632	2208	0	0	3080	162	9784	324	18302	998	7872	434	13292	0	202	0	0	0	672	1684	1628	4616	1134	136	0	
12116	Cerebelum_3_L	0	0	0	0	0	0	0	0	0	0	0	0	0	0	0	0	0	0	0	0	0	0	0	0	0	0	0	0	0	0	0	0	0	0	0	0	0	0	0	0	0	0	0	0	0	0	0	0	0	0	0	0	0	0	138	0	0	0	0	0	0	0	0	0	0	0	0	0	0	0	0	0	0	0	0	0	0	0	0	0	0	0	0	0	0	0	0	0	0	0	300	0	0	0	0	0	3636	0	626	0	0	0	0	0	474	0	0	0	334	318	0	0	108	124	0	0	
61096	Cerebelum_3_R	0	0	0	0	0	0	0	0	0	0	0	0	0	0	0	0	0	0	0	0	0	0	0	0	0	0	0	0	0	0	0	0	0	0	0	0	0	0	0	0	0	0	0	0	0	0	0	0	0	0	0	0	0	0	0	174	0	0	0	0	0	0	0	0	0	0	0	0	0	0	0	0	0	0	0	0	0	0	0	0	0	0	0	0	0	0	0	0	0	0	0	4560	0	3080	0	0	230	7076	0	5640	0	0	0	684	0	356	0	0	374	4854	2230	130	466	444	250	0	
224044	Cerebelum_4_5_L	0	0	0	0	0	0	0	0	0	0	0	0	0	0	0	0	0	0	0	0	0	0	0	0	0	0	0	0	0	0	0	0	0	0	0	0	0	0	0	0	0	0	0	0	0	0	13114	2558	0	0	0	0	0	0	11898	1080	0	0	0	0	0	0	0	0	0	0	0	0	0	0	0	0	0	0	0	0	0	0	0	0	0	0	0	0	0	0	0	0	0	0	16962	1830	2080	162	3636	230	0	2606	32342	2672	436	0	1012	328	2452	204	0	0	404	1014	11160	1734	294	630	624	560	
270988	Cerebelum_4_5_R	0	0	0	0	0	0	0	0	0	0	0	0	0	0	0	0	0	0	0	0	0	0	0	0	0	0	0	0	0	0	0	0	0	0	0	0	0	470	0	524	0	230	0	0	0	0	0	8870	0	0	0	0	0	0	0	7864	0	0	0	0	0	0	0	0	0	0	0	0	0	0	0	0	0	0	0	0	0	0	0	0	0	0	0	0	0	0	0	0	0	192	594	27112	0	9784	0	7076	2606	0	2434	37136	0	226	0	3280	0	320	0	0	0	5782	16904	2726	788	400	176	0	
339640	Cerebelum_6_L	0	0	0	0	0	0	0	0	0	0	0	0	0	0	0	0	0	0	0	0	0	0	0	0	0	0	0	0	0	0	0	0	0	0	0	0	0	0	0	0	0	0	0	0	0	0	15032	3520	0	0	0	0	172	0	28464	1150	0	0	0	0	0	0	0	0	0	0	0	0	0	0	0	0	0	0	0	0	0	0	0	0	0	0	0	0	0	0	0	0	692	0	50160	1842	10206	324	626	0	32342	2434	0	2572	1934	0	1446	0	1272	0	0	0	0	178	7444	5130	1414	480	446	540	
407848	Cerebelum_6_R	0	0	0	0	0	0	0	0	0	0	0	0	0	0	0	0	0	0	0	0	0	0	0	0	0	0	0	0	0	0	0	0	0	0	0	0	0	222	0	160	0	0	0	0	0	0	458	9948	0	0	0	0	0	110	158	15696	0	0	0	0	0	0	0	0	0	0	0	0	0	0	0	0	0	0	0	0	0	0	0	0	0	0	0	0	0	0	0	0	0	104	2096	59980	198	18302	0	5640	2672	37136	2572	0	0	262	124	6588	132	214	0	150	0	3934	16612	11712	7860	394	284	206	
90628	Cerebelum_7b_L	0	0	0	0	0	0	0	0	0	0	0	0	0	0	0	0	0	0	0	0	0	0	0	0	0	0	0	0	0	0	0	0	0	0	0	0	0	0	0	0	0	0	0	0	0	0	170	0	0	0	0	0	0	0	118	0	0	0	0	0	0	0	0	0	0	0	0	0	0	0	0	0	0	0	0	0	0	0	0	0	0	0	0	0	0	0	0	0	0	0	7666	390	14306	998	0	0	436	0	1934	0	0	0	14538	394	546	0	0	0	0	0	136	356	1856	1336	134	0	
32080	Cerebelum_7b_R	0	0	0	0	0	0	0	0	0	0	0	0	0	0	0	0	0	0	0	0	0	0	0	0	0	0	0	0	0	0	0	0	0	0	0	0	0	0	0	0	0	0	0	0	0	0	0	0	0	0	0	0	0	0	0	0	0	0	0	0	0	0	0	0	0	0	0	0	0	0	0	0	0	0	0	0	0	0	0	0	0	0	0	0	0	0	0	0	0	0	0	1124	0	7872	0	0	0	226	0	262	0	0	0	6176	0	168	0	0	0	0	0	0	0	212	0	0	
104416	Cerebelum_8_L	0	0	0	0	0	0	0	0	0	0	0	0	0	0	0	0	0	0	0	0	0	0	0	0	0	0	0	0	0	0	0	0	0	0	0	0	0	0	0	0	0	0	0	0	0	0	0	0	0	0	0	0	0	0	0	0	0	0	0	0	0	0	0	0	0	0	0	0	0	0	0	0	0	0	0	0	0	0	0	0	0	0	0	0	0	0	0	0	0	0	7082	228	10604	434	0	0	1012	0	1446	124	14538	0	0	870	7066	404	1376	0	0	0	178	658	1682	3122	1050	334	
128812	Cerebelum_8_R	0	0	0	0	0	0	0	0	0	0	0	0	0	0	0	0	0	0	0	0	0	0	0	0	0	0	0	0	0	0	0	0	0	0	0	0	0	0	0	0	0	0	0	0	0	0	0	0	0	0	0	0	0	0	0	416	0	0	0	0	0	0	0	0	0	0	0	0	0	0	0	0	0	0	0	0	0	0	0	0	0	0	0	0	0	0	0	0	0	0	192	9960	118	13292	0	684	328	3280	0	6588	394	6176	870	0	0	13062	0	804	0	308	1296	338	1278	3366	1656	0	
43996	Cerebelum_9_L	0	0	0	0	0	0	0	0	0	0	0	0	0	0	0	0	0	0	0	0	0	0	0	0	0	0	0	0	0	0	0	0	0	0	0	0	0	0	0	0	0	0	0	0	0	0	0	0	0	0	0	0	0	0	0	0	0	0	0	0	0	0	0	0	0	0	0	0	0	0	0	0	0	0	0	0	0	0	0	0	0	0	0	0	0	0	0	0	0	0	534	0	0	0	474	0	2452	0	1272	132	546	0	7066	0	0	584	2646	0	0	0	246	436	1058	1824	1596	1132	
49552	Cerebelum_9_R	0	0	0	0	0	0	0	0	0	0	0	0	0	0	0	0	0	0	0	0	0	0	0	0	0	0	0	0	0	0	0	0	0	0	0	0	0	0	0	0	0	0	0	0	0	0	0	0	0	0	0	0	0	0	0	0	0	0	0	0	0	0	0	0	0	0	0	0	0	0	0	0	0	0	0	0	0	0	0	0	0	0	0	0	0	0	0	0	0	0	0	0	0	202	0	356	204	320	0	214	0	168	404	13062	584	0	0	1404	0	324	268	234	514	2418	2972	1128	
8044	Cerebelum_10_L	0	0	0	0	0	0	0	0	0	0	0	0	0	0	0	0	0	0	0	0	0	0	0	0	0	0	0	0	0	0	0	0	0	0	0	0	0	0	0	0	0	0	0	0	0	0	0	0	0	0	0	0	0	0	0	0	0	0	0	0	0	0	0	0	0	0	0	0	0	0	0	0	0	0	0	0	0	0	0	0	0	0	0	0	0	0	0	0	0	0	0	0	0	0	0	0	0	0	0	0	0	0	1376	0	2646	0	0	0	0	0	0	0	0	0	0	0	
4716	Cerebelum_10_R	0	0	0	0	0	0	0	0	0	0	0	0	0	0	0	0	0	0	0	0	0	0	0	0	0	0	0	0	0	0	0	0	0	0	0	0	0	0	0	0	0	0	0	0	0	0	0	0	0	0	0	0	0	0	0	0	0	0	0	0	0	0	0	0	0	0	0	0	0	0	0	0	0	0	0	0	0	0	0	0	0	0	0	0	0	0	0	0	0	0	0	0	0	0	0	0	0	0	0	150	0	0	0	804	0	1404	0	0	0	0	0	0	0	0	0	0	
10940	Vermis_1_2	0	0	0	0	0	0	0	0	0	0	0	0	0	0	0	0	0	0	0	0	0	0	0	0	0	0	0	0	0	0	0	0	0	0	0	0	0	0	0	0	0	0	0	0	0	0	0	0	0	0	0	0	0	0	0	0	0	0	0	0	0	0	0	0	0	0	0	0	0	0	0	0	0	0	0	0	0	0	0	0	0	0	0	0	0	0	0	0	0	0	0	0	0	0	334	374	404	0	0	0	0	0	0	0	0	0	0	0	0	2506	564	128	234	248	360	318	
52100	Vermis_3	0	0	0	0	0	0	0	0	0	0	0	0	0	0	0	0	0	0	0	0	0	0	0	0	0	0	0	0	0	0	0	0	0	0	0	0	0	0	0	0	0	0	0	0	0	0	144	0	0	0	0	0	0	0	0	0	0	0	0	0	0	0	0	0	0	0	0	0	0	0	0	0	0	0	0	0	0	0	0	0	0	0	0	0	0	0	0	0	0	0	0	2812	0	672	318	4854	1014	5782	178	3934	0	0	0	308	0	324	0	0	2506	0	2708	0	0	222	274	0	
207248	Vermis_4_5	0	0	0	0	0	0	0	0	0	0	0	0	0	0	0	0	0	0	0	0	0	0	0	0	0	0	0	0	0	0	0	0	0	0	0	184	0	210	0	0	0	0	0	0	0	0	2592	8660	0	0	0	0	0	0	1446	4042	0	0	0	0	0	0	0	0	0	0	0	362	0	0	0	0	0	0	0	0	0	0	0	0	0	0	0	0	0	0	0	0	0	0	2412	11420	0	1684	0	2230	11160	16904	7444	16612	136	0	178	1296	246	268	0	0	564	2708	0	6354	1950	1006	978	578	
137888	Vermis_6	0	0	0	0	0	0	0	0	0	0	0	0	0	0	0	0	0	0	0	0	0	0	0	0	0	0	0	0	0	0	0	0	0	0	0	0	0	0	0	0	0	0	0	0	0	0	702	6952	0	0	0	0	0	0	674	2406	0	0	0	0	0	0	0	0	0	0	0	0	0	0	0	0	0	0	0	0	0	0	0	0	0	0	0	0	0	0	0	0	0	0	3844	10264	290	1628	0	130	1734	2726	5130	11712	356	0	658	338	436	234	0	0	128	0	6354	0	8284	862	1304	1798	
120844	Vermis_7	0	0	0	0	0	0	0	0	0	0	0	0	0	0	0	0	0	0	0	0	0	0	0	0	0	0	0	0	0	0	0	0	0	0	0	0	0	0	0	0	0	0	0	0	0	0	120	2938	0	0	0	0	0	0	118	1270	0	0	0	0	0	0	0	0	0	0	0	0	0	0	0	0	0	0	0	0	0	0	0	0	0	0	0	0	0	0	0	0	0	0	4258	9486	2706	4616	108	466	294	788	1414	7860	1856	0	1682	1278	1058	514	0	0	234	0	1950	8284	0	3486	1888	1750	
60984	Vermis_8	0	0	0	0	0	0	0	0	0	0	0	0	0	0	0	0	0	0	0	0	0	0	0	0	0	0	0	0	0	0	0	0	0	0	0	0	0	0	0	0	0	0	0	0	0	0	0	0	0	0	0	0	0	0	0	0	0	0	0	0	0	0	0	0	0	0	0	0	0	0	0	0	0	0	0	0	0	0	0	0	0	0	0	0	0	0	0	0	0	0	360	372	626	1134	124	444	630	400	480	394	1336	212	3122	3366	1824	2418	0	0	248	222	1006	862	3486	0	4870	2556	
44560	Vermis_9	0	0	0	0	0	0	0	0	0	0	0	0	0	0	0	0	0	0	0	0	0	0	0	0	0	0	0	0	0	0	0	0	0	0	0	0	0	0	0	0	0	0	0	0	0	0	0	0	0	0	0	0	0	0	0	0	0	0	0	0	0	0	0	0	0	0	0	0	0	0	0	0	0	0	0	0	0	0	0	0	0	0	0	0	0	0	0	0	0	0	0	202	0	136	0	250	624	176	446	284	134	0	1050	1656	1596	2972	0	0	360	274	978	1304	1888	4870	0	3080	
28248	Vermis_10	0	0	0	0	0	0	0	0	0	0	0	0	0	0	0	0	0	0	0	0	0	0	0	0	0	0	0	0	0	0	0	0	0	0	0	0	0	0	0	0	0	0	0	0	0	0	0	0	0	0	0	0	0	0	0	0	0	0	0	0	0	0	0	0	0	0	0	0	0	0	0	0	0	0	0	0	0	0	0	0	0	0	0	0	0	0	0	0	0	0	0	144	0	0	0	0	560	0	540	206	0	0	334	0	1132	1128	0	0	318	0	578	1798	1750	2556	3080	0	
