data	data	452904	163616	1.03273e+06	794320	185152	123112	466320	182728	118404	32152	157256	146940	268864	142568	175484	89464	174348	100672	637884	650044	73516	78612	409532	314780	35636	81356	64044	62772	581012	308556	314840	480568	129988	427868	211200	183472	238908	258120	57752	158496	49756	60736	293852	355156	238976	347220	293380	321424	222844	331120	481664	292276	135340	101036	356680	331676	215500	198968	134552	196876	185880	118080	111696	74304	105924	81992	294416	377156	131532	100620	261872	322652	364684	239936	69440	15964	154368	186560	76404	29508	186524	90328	83004	60516	285744	178612	45560	26460	292496	146724	480380	392128	231772	315608	23112	61040	266192	231948	455560	385068	241976	136860	310524	277136	81252	125092	17304	16228	34356	75416	243208	235384	301768	137940	131828	56792	
data	data	Precentral_L	Precentral_R	Frontal_Sup_L	Frontal_Sup_R	Frontal_Sup_Orb_L	Frontal_Sup_Orb_R	Frontal_Mid_L	Frontal_Mid_R	Frontal_Mid_Orb_L	Frontal_Mid_Orb_R	Frontal_Inf_Oper_L	Frontal_Inf_Oper_R	Frontal_Inf_Tri_L	Frontal_Inf_Tri_R	Frontal_Inf_Orb_L	Frontal_Inf_Orb_R	Rolandic_Oper_L	Rolandic_Oper_R	Supp_Motor_Area_L	Supp_Motor_Area_R	Olfactory_L	Olfactory_R	Frontal_Sup_Medial_L	Frontal_Sup_Medial_R	Frontal_Med_Orb_L	Frontal_Med_Orb_R	Rectus_L	Rectus_R	Insula_L	Insula_R	Cingulum_Ant_L	Cingulum_Ant_R	Cingulum_Mid_L	Cingulum_Mid_R	Cingulum_Post_L	Cingulum_Post_R	Hippocampus_L	Hippocampus_R	ParaHippocampal_L	ParaHippocampal_R	Amygdala_L	Amygdala_R	Calcarine_L	Calcarine_R	Cuneus_L	Cuneus_R	Lingual_L	Lingual_R	Occipital_Sup_L	Occipital_Sup_R	Occipital_Mid_L	Occipital_Mid_R	Occipital_Inf_L	Occipital_Inf_R	Fusiform_L	Fusiform_R	Postcentral_L	Postcentral_R	Parietal_Sup_L	Parietal_Sup_R	Parietal_Inf_L	Parietal_Inf_R	SupraMarginal_L	SupraMarginal_R	Angular_L	Angular_R	Precuneus_L	Precuneus_R	Paracentral_Lobule_L	Paracentral_Lobule_R	Caudate_L	Caudate_R	Putamen_L	Putamen_R	Pallidum_L	Pallidum_R	Thalamus_L	Thalamus_R	Heschl_L	Heschl_R	Temporal_Sup_L	Temporal_Sup_R	Temporal_Pole_Sup_L	Temporal_Pole_Sup_R	Temporal_Mid_L	Temporal_Mid_R	Temporal_Pole_Mid_L	Temporal_Pole_Mid_R	Temporal_Inf_L	Temporal_Inf_R	Cerebelum_Crus1_L	Cerebelum_Crus1_R	Cerebelum_Crus2_L	Cerebelum_Crus2_R	Cerebelum_3_L	Cerebelum_3_R	Cerebelum_4_5_L	Cerebelum_4_5_R	Cerebelum_6_L	Cerebelum_6_R	Cerebelum_7b_L	Cerebelum_7b_R	Cerebelum_8_L	Cerebelum_8_R	Cerebelum_9_L	Cerebelum_9_R	Cerebelum_10_L	Cerebelum_10_R	Vermis_1_2	Vermis_3	Vermis_4_5	Vermis_6	Vermis_7	Vermis_8	Vermis_9	Vermis_10	
452904	Precentral_L	0	2162	34180	10114	0	0	24954	136	0	0	8208	1042	380	690	0	0	6754	0	19218	8954	0	0	0	0	0	0	0	0	9328	120	104	126	1518	878	7240	3256	5020	1948	124	412	0	0	502	0	226	0	106	272	0	0	2756	264	646	0	972	0	20062	158	920	100	6234	0	2938	0	262	222	2116	250	10446	112	5242	1438	6106	322	2066	168	5950	2244	1486	0	1130	0	0	0	1958	84	0	0	1726	102	0	0	0	0	0	0	0	0	0	0	0	0	0	0	0	0	0	0	0	0	0	0	0	0	0	0	
163616	Precentral_R	2162	0	2350	4188	0	0	400	4336	0	0	0	7378	0	0	0	0	0	662	1032	3896	0	0	0	0	0	0	0	0	0	3532	0	90	98	2822	1374	3244	640	4618	0	634	0	0	0	876	0	808	0	298	0	146	0	700	0	1218	0	3086	160	10072	0	178	110	170	0	960	0	0	0	3332	0	4378	1158	242	122	948	0	0	1072	6014	0	154	0	224	0	0	0	738	0	0	0	1188	0	0	0	0	0	0	0	0	0	0	0	0	0	0	0	0	0	0	0	0	0	0	0	0	0	0	
1.03273e+06	Frontal_Sup_L	34180	2350	0	22814	11850	138	58048	158	3918	0	9480	670	24410	490	5242	0	8078	136	83848	27720	106	0	42724	1504	1740	234	924	0	43240	240	20864	3700	5252	5500	5764	588	5794	0	312	0	396	0	598	0	216	0	118	0	0	0	400	352	180	0	1094	0	4750	376	424	154	3096	0	1060	0	0	368	1780	0	6448	0	8862	2090	31964	230	6574	178	3992	464	3940	0	1322	0	780	0	794	110	0	0	1042	196	0	0	0	0	0	0	0	0	0	0	0	0	0	0	0	0	0	0	0	0	0	0	0	0	0	0	
794320	Frontal_Sup_R	10114	4188	22814	0	0	5228	5250	26370	0	834	1020	8120	1044	5288	0	2664	670	9124	20586	58042	0	0	15150	31768	0	2378	0	0	1770	15076	4392	34326	1228	15908	1126	576	460	1338	0	310	0	0	320	0	968	344	0	180	250	264	312	514	0	368	0	424	3926	1598	100	464	670	214	0	576	0	232	648	382	232	326	6218	27916	1740	18442	384	2716	1158	17644	92	0	116	0	0	0	0	0	0	0	158	102	0	0	0	0	0	0	0	0	0	0	0	0	0	0	0	0	0	0	0	0	0	0	0	0	0	0	
185152	Frontal_Sup_Orb_L	0	0	11850	0	0	188	1128	0	13652	0	304	0	2782	0	11076	0	128	0	1244	0	2772	552	3796	0	4076	432	8622	186	9648	0	5890	622	0	0	0	0	134	0	422	0	680	0	0	0	0	0	0	0	0	0	0	0	0	0	0	0	0	0	0	0	0	0	0	0	0	0	0	0	0	0	4084	260	7558	0	0	0	0	0	0	0	0	0	490	0	0	0	0	0	0	0	0	0	0	0	0	0	0	0	0	0	0	0	0	0	0	0	0	0	0	0	0	0	0	0	0	0	
123112	Frontal_Sup_Orb_R	0	0	138	5228	188	0	0	940	0	4740	0	0	0	292	0	3680	0	0	0	0	1092	3224	2174	6752	580	9372	170	7842	0	756	730	4456	0	0	0	0	0	0	0	0	0	0	0	0	0	0	0	0	0	0	0	0	0	0	0	0	0	0	0	0	0	0	0	0	0	0	0	0	0	0	1086	4748	672	2696	0	0	0	0	0	0	0	0	0	0	0	0	0	0	0	0	0	0	0	0	0	0	0	0	0	0	0	0	0	0	0	0	0	0	0	0	0	0	0	0	0	0	
466320	Frontal_Mid_L	24954	400	58048	5250	1128	0	0	0	2122	0	9004	160	35950	0	3842	0	5716	0	5466	3170	0	0	14686	220	0	0	0	0	23150	86	3796	302	800	450	2322	2296	2826	1356	176	272	0	0	0	0	0	0	0	214	0	0	0	464	0	0	760	0	2274	194	182	162	2294	0	928	0	0	520	376	238	0	94	3384	378	4102	134	238	0	3332	1620	2316	0	222	0	0	0	98	128	0	0	360	200	0	0	0	0	0	0	0	0	0	0	0	0	0	0	0	0	0	0	0	0	0	0	0	0	0	0	
182728	Frontal_Mid_R	136	4336	158	26370	0	940	0	0	0	1130	0	6786	0	7682	0	2464	0	1864	662	6012	0	0	2686	6344	0	0	0	0	0	3326	1116	7358	0	6190	248	350	114	682	0	0	0	0	0	0	0	0	0	0	0	0	0	0	0	0	0	0	0	254	0	0	0	0	0	0	0	0	0	0	0	0	0	1244	0	1594	0	0	160	1158	0	0	0	0	0	0	0	0	0	0	0	0	0	0	0	0	0	0	0	0	0	0	0	0	0	0	0	0	0	0	0	0	0	0	0	0	0	0	
118404	Frontal_Mid_Orb_L	0	0	3918	0	13652	0	2122	0	0	0	102	0	2954	0	15852	0	0	0	528	0	502	194	262	0	502	0	3468	0	6060	0	1400	216	0	0	0	0	0	0	0	0	110	0	0	0	0	0	0	0	0	0	0	0	0	0	0	0	0	0	0	0	0	0	0	0	0	0	0	0	0	0	1624	104	5430	0	0	0	0	0	0	0	0	0	202	0	0	0	0	0	0	0	0	0	0	0	0	0	0	0	0	0	0	0	0	0	0	0	0	0	0	0	0	0	0	0	0	0	
32152	Frontal_Mid_Orb_R	0	0	0	834	0	4740	0	1130	0	0	0	0	0	198	0	4824	0	0	0	0	0	0	0	376	0	226	0	396	0	570	0	500	0	0	0	0	0	0	0	0	0	0	0	0	0	0	0	0	0	0	0	0	0	0	0	0	0	0	0	0	0	0	0	0	0	0	0	0	0	0	0	1060	0	1222	0	0	0	0	0	0	0	0	0	0	0	0	0	0	0	0	0	0	0	0	0	0	0	0	0	0	0	0	0	0	0	0	0	0	0	0	0	0	0	0	0	0	
157256	Frontal_Inf_Oper_L	8208	0	9480	1020	304	0	9004	0	102	0	0	1822	8152	1628	376	0	7824	0	5008	744	0	0	674	0	0	0	0	0	11374	0	2184	436	0	0	0	0	142	0	0	0	0	0	0	0	0	0	0	0	0	0	0	0	0	0	0	0	2432	0	0	0	0	0	0	0	0	0	0	0	0	0	2912	2140	958	232	0	0	0	0	266	0	696	0	510	0	0	0	0	0	0	0	0	0	0	0	0	0	0	0	0	0	0	0	0	0	0	0	0	0	0	0	0	0	0	0	0	0	
146940	Frontal_Inf_Oper_R	1042	7378	670	8120	0	0	160	6786	0	0	1822	0	0	8156	0	112	248	3464	1082	6498	0	0	108	1208	0	0	0	0	210	6864	476	1810	0	3070	186	254	86	1352	0	272	0	0	0	0	0	0	0	0	0	0	0	0	0	0	0	234	544	1782	0	0	0	0	0	280	0	0	0	0	0	0	920	1036	200	2674	0	0	252	3918	0	196	0	0	0	0	0	0	0	0	0	0	0	0	0	0	0	0	0	0	0	0	0	0	0	0	0	0	0	0	0	0	0	0	0	0	0	0	
268864	Frontal_Inf_Tri_L	380	0	24410	1044	2782	0	35950	0	2954	0	8152	0	0	0	12374	0	630	0	3662	954	0	0	7676	224	134	0	0	0	24484	0	5580	378	678	0	0	0	0	0	0	0	0	0	0	0	0	0	0	0	0	0	0	0	0	0	0	0	84	0	0	0	0	0	0	0	0	0	0	0	0	0	374	0	1372	0	0	0	0	0	0	0	0	0	156	0	0	0	0	0	0	0	0	0	0	0	0	0	0	0	0	0	0	0	0	0	0	0	0	0	0	0	0	0	0	0	0	0	
142568	Frontal_Inf_Tri_R	690	0	490	5288	0	292	0	7682	0	198	1628	8156	0	0	0	3308	208	0	1266	4636	0	0	1104	4246	0	0	0	0	190	12590	1968	9134	0	4380	0	0	0	0	0	0	0	0	0	0	0	0	0	0	0	0	0	0	0	0	0	0	178	0	0	0	0	0	0	0	0	0	0	0	0	0	214	1664	0	1774	0	0	0	0	0	0	0	0	0	0	0	0	0	0	0	0	0	0	0	0	0	0	0	0	0	0	0	0	0	0	0	0	0	0	0	0	0	0	0	0	0	0	
175484	Frontal_Inf_Orb_L	0	0	5242	0	11076	0	3842	0	15852	0	376	0	12374	0	0	0	0	0	654	0	3096	210	470	0	0	0	2400	0	16420	0	822	172	202	0	0	0	0	0	444	0	670	0	0	0	0	0	0	0	0	0	0	0	0	0	0	0	0	0	0	0	0	0	0	0	0	0	0	0	0	0	2366	158	9104	0	0	0	0	0	0	0	0	0	1792	0	0	0	0	0	0	0	0	0	0	0	0	0	0	0	0	0	0	0	0	0	0	0	0	0	0	0	0	0	0	0	0	0	
89464	Frontal_Inf_Orb_R	0	0	0	2664	0	3680	0	2464	0	4824	0	112	0	3308	0	0	0	0	0	804	86	1476	218	544	0	0	0	1648	0	11292	360	2254	0	582	0	0	0	316	0	212	0	424	0	0	0	0	0	0	0	0	0	0	0	0	0	0	0	0	0	0	0	0	0	0	0	0	0	0	0	0	0	2728	0	4274	0	0	0	0	0	0	0	208	0	254	0	0	0	0	0	0	0	0	0	0	0	0	0	0	0	0	0	0	0	0	0	0	0	0	0	0	0	0	0	0	0	0	
174348	Rolandic_Oper_L	6754	0	8078	670	128	0	5716	0	0	0	7824	248	630	208	0	0	0	0	5646	576	0	0	0	0	0	0	0	0	22970	0	368	130	0	0	0	0	306	0	0	0	0	0	0	0	0	0	0	0	0	0	1404	0	0	0	154	0	6878	0	976	0	1014	0	3496	0	0	0	272	0	316	0	1880	1034	822	0	0	0	0	0	1518	0	5992	0	498	0	468	0	0	0	200	0	0	0	0	0	0	0	0	0	0	0	0	0	0	0	0	0	0	0	0	0	0	0	0	0	0	0	
100672	Rolandic_Oper_R	0	662	136	9124	0	0	0	1864	0	0	0	3464	0	0	0	0	0	0	138	2928	0	0	0	0	0	0	0	0	0	14496	0	170	0	176	0	0	0	878	0	194	0	0	0	0	0	140	0	0	0	224	0	260	0	232	0	628	0	2982	0	416	0	0	0	3018	0	0	0	110	0	0	86	680	0	2090	0	0	0	542	0	1792	0	1870	0	174	0	334	0	0	0	528	0	0	0	0	0	0	0	0	0	0	0	0	0	0	0	0	0	0	0	0	0	0	0	0	0	0	
637884	Supp_Motor_Area_L	19218	1032	83848	20586	1244	0	5466	662	528	0	5008	1082	3662	1266	654	0	5646	138	0	43074	0	0	5866	3198	0	0	138	0	16280	468	8970	6756	8024	18142	4120	238	2362	0	0	0	186	0	270	0	254	0	0	0	0	0	166	0	0	0	194	0	1996	164	0	0	718	0	84	0	0	0	1038	0	7616	0	6364	1492	18336	170	5544	0	2492	212	1782	0	1060	0	404	0	210	0	0	0	514	0	0	0	0	0	0	0	0	0	0	0	0	0	0	0	0	0	0	0	0	0	0	0	0	0	0	0	
650044	Supp_Motor_Area_R	8954	3896	27720	58042	0	0	3170	6012	0	0	744	6498	954	4636	0	804	576	2928	43074	0	0	0	4166	9932	0	0	0	0	2042	5948	4432	17468	7172	48076	1778	5756	258	342	0	0	0	0	546	866	1342	456	152	506	312	276	362	844	92	1088	88	784	2670	480	104	116	236	0	0	102	0	0	1040	3262	2820	7470	3600	10938	1570	3608	378	188	328	1778	128	0	242	0	100	0	0	206	0	0	282	284	0	0	0	0	0	0	0	0	0	0	0	0	0	0	0	0	0	0	0	0	0	0	0	0	0	0	
73516	Olfactory_L	0	0	106	0	2772	1092	0	0	502	0	0	0	0	0	3096	86	0	0	0	0	0	4800	0	0	0	330	2368	1496	2232	230	2292	936	0	0	0	0	0	0	772	0	798	0	0	0	0	0	0	0	0	0	0	0	0	0	0	0	0	0	0	0	0	0	0	0	0	0	0	0	0	0	7154	2396	2240	0	0	0	0	0	0	0	0	0	1060	0	0	0	0	0	0	0	0	0	0	0	0	0	0	0	0	0	0	0	0	0	0	0	0	0	0	0	0	0	0	0	0	0	
78612	Olfactory_R	0	0	0	0	552	3224	0	0	194	0	0	0	0	0	210	1476	0	0	0	0	4800	0	0	0	0	1194	748	4560	0	2306	2148	2466	0	0	0	0	0	496	0	326	0	1118	0	0	0	0	0	0	0	0	0	0	0	0	0	84	0	0	0	0	0	0	0	0	0	0	0	0	0	0	5770	5298	1926	318	0	0	0	0	0	0	0	0	0	92	0	0	0	0	0	0	0	0	0	0	0	0	0	0	0	0	0	0	0	0	0	0	0	0	0	0	0	0	0	0	0	0	
409532	Frontal_Sup_Medial_L	0	0	42724	15150	3796	2174	14686	2686	262	0	674	108	7676	1104	470	218	0	0	5866	4166	0	0	0	25212	3138	1896	94	0	8092	814	20522	20440	3088	15722	0	0	0	0	0	0	0	0	0	0	0	0	0	0	0	0	0	0	0	0	0	0	0	0	0	0	0	0	0	0	0	0	0	0	0	0	508	748	2564	168	0	0	0	0	0	0	0	0	0	0	0	0	0	0	0	0	0	0	0	0	0	0	0	0	0	0	0	0	0	0	0	0	0	0	0	0	0	0	0	0	0	0	
314780	Frontal_Sup_Medial_R	0	0	1504	31768	0	6752	220	6344	0	376	0	1208	224	4246	0	544	0	0	3198	9932	0	0	25212	0	244	5784	0	326	284	3008	3074	24928	284	19468	0	0	0	0	0	0	0	0	0	0	0	0	0	0	0	0	0	0	0	0	0	0	0	0	0	0	0	0	0	0	0	0	0	0	0	0	126	4228	92	3908	0	0	0	108	0	0	0	0	0	0	0	0	0	0	0	0	0	0	0	0	0	0	0	0	0	0	0	0	0	0	0	0	0	0	0	0	0	0	0	0	0	0	
35636	Frontal_Med_Orb_L	0	0	1740	0	4076	580	0	0	502	0	0	0	134	0	0	0	0	0	0	0	0	0	3138	244	0	1266	938	218	198	0	4384	186	0	0	0	0	0	0	0	0	0	0	0	0	0	0	0	0	0	0	0	0	0	0	0	0	0	0	0	0	0	0	0	0	0	0	0	0	0	0	118	0	96	0	0	0	0	0	0	0	0	0	0	0	0	0	0	0	0	0	0	0	0	0	0	0	0	0	0	0	0	0	0	0	0	0	0	0	0	0	0	0	0	0	0	0	
81356	Frontal_Med_Orb_R	0	0	234	2378	432	9372	0	0	0	226	0	0	0	0	0	0	0	0	0	0	330	1194	1896	5784	1266	0	242	4960	0	0	1498	5474	0	0	0	0	0	0	0	0	0	0	0	0	0	0	0	0	0	0	0	0	0	0	0	0	0	0	0	0	0	0	0	0	0	0	0	0	0	0	390	2926	0	2076	0	0	0	0	0	0	0	0	0	0	0	0	0	0	0	0	0	0	0	0	0	0	0	0	0	0	0	0	0	0	0	0	0	0	0	0	0	0	0	0	0	0	
64044	Rectus_L	0	0	924	0	8622	170	0	0	3468	0	0	0	0	0	2400	0	0	0	138	0	2368	748	94	0	938	242	0	330	1646	0	2670	512	0	0	0	0	0	0	0	0	146	0	0	0	0	0	0	0	0	0	0	0	0	0	0	0	0	0	0	0	0	0	0	0	0	0	0	0	0	0	3818	286	2502	0	0	0	0	0	0	0	0	0	0	0	0	0	0	0	0	0	0	0	0	0	0	0	0	0	0	0	0	0	0	0	0	0	0	0	0	0	0	0	0	0	0	0	
62772	Rectus_R	0	0	0	0	186	7842	0	0	0	396	0	0	0	0	0	1648	0	0	0	0	1496	4560	0	326	218	4960	330	0	0	874	670	1748	0	0	0	0	0	100	0	0	0	94	0	0	0	0	0	0	0	0	0	0	0	0	0	0	0	0	0	0	0	0	0	0	0	0	0	0	0	0	1432	2976	770	760	0	0	0	0	0	0	0	0	0	0	0	0	0	0	0	0	0	0	0	0	0	0	0	0	0	0	0	0	0	0	0	0	0	0	0	0	0	0	0	0	0	0	
581012	Insula_L	9328	0	43240	1770	9648	0	23150	0	6060	0	11374	210	24484	190	16420	0	22970	0	16280	2042	2232	0	8092	284	198	0	1646	0	0	0	8524	828	492	276	590	0	7990	0	1288	0	2318	0	110	0	0	0	0	0	0	0	540	0	0	0	3364	0	3784	130	202	0	2044	0	2498	0	0	0	398	0	1356	0	4232	952	25234	106	0	0	1620	0	8136	0	5532	0	5132	0	892	0	0	0	2320	0	0	0	0	0	0	0	0	0	0	0	0	0	0	0	0	0	0	0	0	0	0	0	0	0	0	0	
308556	Insula_R	120	3532	240	15076	0	756	86	3326	0	570	0	6864	0	12590	0	11292	0	14496	468	5948	230	2306	814	3008	0	0	0	874	0	0	1878	8628	0	2204	304	366	0	7156	0	2792	0	2328	0	0	0	84	0	0	0	86	0	224	0	500	0	3814	0	1306	0	134	0	0	0	288	0	0	0	256	0	0	280	2922	0	17752	0	94	150	2504	0	3624	0	6518	0	1354	0	2152	0	0	0	1984	0	0	0	0	0	0	0	0	0	0	0	0	0	0	0	0	0	0	0	0	0	0	0	0	0	0	
314840	Cingulum_Ant_L	104	0	20864	4392	5890	730	3796	1116	1400	0	2184	476	5580	1968	822	360	368	0	8970	4432	2292	2148	20522	3074	4384	1498	2670	670	8524	1878	0	18534	4300	2530	0	0	0	0	0	0	0	0	0	0	0	0	0	0	0	0	0	0	0	0	0	0	0	0	0	0	0	0	0	0	0	0	0	0	0	0	10272	4352	5676	552	0	0	92	0	0	0	0	0	0	0	0	0	0	0	0	0	0	0	0	0	0	0	0	0	0	0	0	0	0	0	0	0	0	0	0	0	0	0	0	0	0	0	
480568	Cingulum_Ant_R	126	90	3700	34326	622	4456	302	7358	216	500	436	1810	378	9134	172	2254	130	170	6756	17468	936	2466	20440	24928	186	5474	512	1748	828	8628	18534	0	1402	23566	0	0	0	118	0	0	0	0	0	0	0	0	0	0	0	0	0	0	0	0	0	0	0	0	0	0	0	0	0	0	0	0	0	0	0	0	4318	23784	1002	10218	0	0	0	792	0	0	0	0	0	0	0	0	0	0	0	0	0	0	0	0	0	0	0	0	0	0	0	0	0	0	0	0	0	0	0	0	0	0	0	0	0	0	
129988	Cingulum_Mid_L	1518	98	5252	1228	0	0	800	0	0	0	0	0	678	0	202	0	0	0	8024	7172	0	0	3088	284	0	0	0	0	492	0	4300	1402	0	8058	4114	792	0	0	0	0	0	0	1168	0	3088	0	356	0	770	0	868	0	188	0	98	0	478	0	286	0	136	0	0	0	0	0	5158	524	4000	374	0	0	0	0	0	0	0	0	0	0	0	0	0	0	0	0	0	0	0	0	0	0	0	0	0	0	0	0	0	0	0	0	0	0	0	0	0	0	0	0	0	0	0	0	0	0	
427868	Cingulum_Mid_R	878	2822	5500	15908	0	0	450	6190	0	0	0	3070	0	4380	0	582	0	176	18142	48076	0	0	15722	19468	0	0	0	0	276	2204	2530	23566	8058	0	1112	6902	0	196	0	0	0	0	0	1624	0	860	0	722	0	802	0	630	0	730	0	556	0	554	0	186	0	112	0	0	0	0	656	7764	1660	7244	0	2072	94	836	0	0	0	266	0	0	0	0	0	0	0	158	0	0	0	200	0	0	0	0	0	0	0	0	0	0	0	0	0	0	0	0	0	0	0	0	0	0	0	0	0	0	
211200	Cingulum_Post_L	7240	1374	5764	1126	0	0	2322	248	0	0	0	186	0	0	0	0	0	0	4120	1778	0	0	0	0	0	0	0	0	590	304	0	0	4114	1112	0	9236	8894	4334	754	820	0	0	5226	0	2240	0	3620	584	120	0	1078	0	282	0	1540	806	338	0	94	0	206	0	0	0	132	0	12028	1954	6996	86	0	0	384	88	204	0	5728	4102	1234	0	366	0	0	0	576	0	0	0	1272	0	0	0	0	0	0	0	0	0	0	0	0	0	0	0	0	0	0	0	0	0	0	0	0	0	0	0	
183472	Cingulum_Post_R	3256	3244	588	576	0	0	2296	350	0	0	0	254	0	0	0	0	0	0	238	5756	0	0	0	0	0	0	0	0	0	366	0	0	792	6902	9236	0	2222	8760	0	2830	0	0	0	1744	0	762	0	3890	0	156	0	118	0	712	0	3054	0	936	0	152	0	88	0	0	0	0	1340	12842	308	3978	0	0	366	0	358	0	5740	6458	0	118	0	154	0	0	0	0	0	0	0	272	0	0	0	0	0	0	0	212	0	0	0	0	0	0	0	0	0	0	0	0	312	0	0	0	0	0	
238908	Hippocampus_L	5020	640	5794	460	134	0	2826	114	0	0	142	86	0	0	0	0	306	0	2362	258	0	0	0	0	0	0	0	0	7990	0	0	0	0	0	8894	2222	0	2138	9038	328	7196	0	2502	0	136	0	3540	206	0	0	182	0	244	0	16776	0	150	0	0	0	0	0	0	0	0	0	5994	120	844	0	120	0	7018	0	1826	0	5248	1768	2366	0	1890	0	1434	0	426	0	118	0	10394	0	116	0	0	0	0	0	0	0	88	0	0	0	0	0	0	0	0	0	0	0	0	0	0	0	0	0	
258120	Hippocampus_R	1948	4618	0	1338	0	0	1356	682	0	0	0	1352	0	0	0	316	0	878	0	342	0	496	0	0	0	0	0	100	0	7156	0	118	0	196	4334	8760	2138	0	0	23298	0	9736	0	868	0	102	0	3840	0	92	0	116	0	238	0	22206	0	432	0	108	0	0	0	156	0	0	0	4570	0	0	168	144	0	8730	0	156	3772	8794	0	1004	0	1038	0	634	0	456	0	188	0	1106	0	0	0	0	0	0	0	672	0	0	0	0	0	0	0	0	0	0	0	0	308	0	0	0	0	0	
57752	ParaHippocampal_L	124	0	312	0	422	0	176	0	0	0	0	0	0	0	444	0	0	0	0	0	772	0	0	0	0	0	0	0	1288	0	0	0	0	0	754	0	9038	0	0	0	3700	0	328	0	0	0	1276	0	0	0	120	0	258	0	5408	0	0	0	0	0	0	0	0	0	0	0	912	0	0	0	0	0	900	0	0	0	486	0	0	0	0	0	710	0	0	0	494	0	346	0	0	0	0	0	0	0	324	0	284	0	0	0	0	0	0	0	0	0	0	0	0	0	0	0	0	0	
158496	ParaHippocampal_R	412	634	0	310	0	0	272	0	0	0	0	272	0	0	0	212	0	194	0	0	0	326	0	0	0	0	0	0	0	2792	0	0	0	0	820	2830	328	23298	0	0	0	6126	0	862	0	0	0	4210	0	0	0	0	0	428	0	18226	0	0	0	0	0	0	0	0	0	0	0	3956	0	0	0	0	0	4026	0	128	548	1784	0	330	0	370	0	1924	0	184	0	1374	0	478	0	0	0	0	0	0	0	1176	0	132	0	0	0	0	0	0	0	0	0	0	286	0	0	0	0	0	
49756	Amygdala_L	0	0	396	0	680	0	0	0	110	0	0	0	0	0	670	0	0	0	186	0	798	0	0	0	0	0	146	0	2318	0	0	0	0	0	0	0	7196	0	3700	0	0	0	0	0	0	0	0	0	0	0	0	0	0	0	4580	0	0	0	0	0	0	0	0	0	0	0	0	0	0	0	90	0	1144	0	0	0	0	0	0	0	0	0	974	0	0	0	262	0	1628	0	0	0	0	0	0	0	0	0	0	0	0	0	0	0	0	0	0	0	0	0	0	0	0	0	0	0	
60736	Amygdala_R	0	0	0	0	0	0	0	0	0	0	0	0	0	0	0	424	0	0	0	0	0	1118	0	0	0	0	0	94	0	2328	0	0	0	0	0	0	0	9736	0	6126	0	0	0	0	0	0	0	0	0	0	0	0	0	0	0	6586	0	0	0	0	0	0	0	0	0	0	0	0	0	0	0	0	0	860	0	0	0	0	0	0	0	0	0	1810	0	0	0	472	0	730	0	0	0	0	0	0	0	84	0	0	0	0	0	0	0	0	0	0	0	0	0	0	0	0	0	0	
293852	Calcarine_L	502	0	598	320	0	0	0	0	0	0	0	0	0	0	0	0	0	0	270	546	0	0	0	0	0	0	0	0	110	0	0	0	1168	0	5226	0	2502	0	328	0	0	0	0	9760	19684	7108	17346	2794	14744	1200	24246	260	8986	0	4360	128	200	0	208	0	130	0	0	0	0	0	18332	312	1022	0	0	0	0	0	0	0	0	0	148	0	0	0	0	0	2400	222	0	0	1672	94	0	0	0	0	0	0	0	0	0	0	0	0	0	0	0	0	0	0	0	0	0	0	0	0	0	0	
355156	Calcarine_R	0	876	0	0	0	0	0	0	0	0	0	0	0	0	0	0	0	0	0	866	0	0	0	0	0	0	0	0	0	0	0	0	0	1624	0	1744	0	868	0	862	0	0	9760	0	3580	34502	2540	26502	0	25070	0	15706	0	5410	0	8472	0	2302	0	3568	0	514	0	0	0	0	886	24262	0	1514	0	0	0	0	0	0	0	0	0	0	0	0	0	0	0	4520	0	0	0	1488	0	0	0	0	0	0	0	0	0	0	0	0	0	0	0	0	0	0	0	0	142	0	0	0	0	0	
238976	Cuneus_L	226	0	216	968	0	0	0	0	0	0	0	0	0	0	0	0	0	0	254	1342	0	0	0	0	0	0	0	0	0	0	0	0	3088	0	2240	0	136	0	0	0	0	0	19684	3580	0	7064	3754	232	29776	2368	19710	94	2554	0	1134	0	554	0	1864	832	396	0	0	0	216	0	13692	1294	1384	0	0	0	0	0	0	0	0	0	0	0	0	0	0	0	372	0	0	0	464	0	0	0	0	0	0	0	0	0	0	0	0	0	0	0	0	0	0	0	0	0	0	0	0	0	0	0	
347220	Cuneus_R	0	808	0	344	0	0	0	0	0	0	0	0	0	0	0	0	0	140	0	456	0	0	0	0	0	0	0	0	0	84	0	0	0	860	0	762	0	102	0	0	0	0	7108	34502	7064	0	754	7578	0	43168	0	17482	0	1150	0	1238	0	6488	0	11442	0	2196	0	158	0	84	1888	21540	0	2188	0	0	0	110	0	0	0	184	0	0	0	0	0	0	0	2462	0	0	0	1156	0	0	0	0	0	0	0	0	0	0	0	0	0	0	0	0	0	0	0	0	114	0	0	0	0	0	
293380	Lingual_L	106	0	118	0	0	0	0	0	0	0	0	0	0	0	0	0	0	0	0	152	0	0	0	0	0	0	0	0	0	0	0	0	356	0	3620	0	3540	0	1276	0	0	0	17346	2540	3754	754	0	3912	4294	110	11720	0	7142	0	18404	476	90	0	0	0	0	0	0	0	0	0	7486	0	232	0	0	0	0	0	0	0	122	0	0	0	0	0	0	0	262	0	0	0	310	0	12736	2392	560	1384	0	0	8216	856	19082	2254	102	0	494	0	0	0	0	0	0	0	3446	4352	2448	0	124	122	
321424	Lingual_R	272	298	0	180	0	0	214	0	0	0	0	0	0	0	0	0	0	0	0	506	0	0	0	0	0	0	0	0	0	0	0	0	0	722	584	3890	206	3840	0	4210	0	0	2794	26502	232	7578	3912	0	0	7490	0	5064	0	7832	636	16796	0	172	0	432	0	0	0	0	0	0	0	11066	0	398	0	0	0	0	0	0	290	414	0	0	0	0	0	0	0	544	0	0	0	780	1836	7524	152	832	0	154	2210	5514	5462	10988	0	0	204	228	0	256	0	0	0	152	5968	8096	2464	172	384	262	
222844	Occipital_Sup_L	0	0	0	250	0	0	0	0	0	0	0	0	0	0	0	0	0	0	0	312	0	0	0	0	0	0	0	0	0	0	0	0	770	0	120	0	0	0	0	0	0	0	14744	0	29776	0	4294	0	0	0	35370	0	1908	0	1264	0	306	0	10318	0	1586	0	0	0	154	0	9342	0	274	0	0	0	0	0	0	0	0	0	0	0	0	0	0	0	276	0	0	0	358	0	0	0	0	0	0	0	0	0	0	0	0	0	0	0	0	0	0	0	0	0	0	0	0	0	0	0	
331120	Occipital_Sup_R	0	146	0	264	0	0	0	0	0	0	0	0	0	0	0	0	0	224	0	276	0	0	0	0	0	0	0	0	0	86	0	0	0	802	0	156	0	92	0	0	0	0	1200	25070	2368	43168	110	7490	0	0	0	27322	0	1876	0	1290	0	6486	0	17824	0	4472	0	458	0	3368	612	14650	0	1260	0	0	0	110	0	0	0	0	0	0	0	252	0	0	0	2292	0	0	0	1836	0	0	0	0	0	0	0	0	0	0	0	0	0	0	0	0	0	0	0	0	0	0	0	0	0	0	
481664	Occipital_Mid_L	2756	0	400	312	0	0	0	0	0	0	0	0	0	0	0	0	1404	0	166	362	0	0	0	0	0	0	0	0	540	0	0	0	868	0	1078	0	182	0	120	0	0	0	24246	0	19710	0	11720	0	35370	0	0	0	20822	0	7110	0	7886	0	18740	0	11602	0	1056	0	17454	0	17260	0	3010	0	0	0	0	0	0	0	0	0	252	0	3698	0	0	0	23728	0	0	0	8980	0	0	0	0	0	0	0	0	0	0	0	0	0	0	0	0	0	0	0	0	0	0	0	0	0	0	0	
292276	Occipital_Mid_R	264	700	352	514	0	0	464	0	0	0	0	0	0	0	0	0	0	260	0	844	0	0	0	0	0	0	0	0	0	224	0	0	0	630	0	118	0	116	0	0	0	0	260	15706	94	17482	0	5064	0	27322	0	0	0	6640	0	2590	0	3888	0	7066	0	7412	0	916	0	10466	0	11080	0	876	0	0	0	266	0	0	0	160	0	0	0	630	0	0	0	19410	0	0	0	4324	0	0	0	0	0	0	0	0	0	0	0	0	0	0	0	0	0	0	0	0	0	0	0	0	0	0	
135340	Occipital_Inf_L	646	0	180	0	0	0	0	0	0	0	0	0	0	0	0	0	0	0	0	92	0	0	0	0	0	0	0	0	0	0	0	0	188	0	282	0	244	0	258	0	0	0	8986	0	2554	0	7142	0	1908	0	20822	0	0	0	9150	0	0	0	0	0	0	0	0	0	0	0	2962	0	344	0	0	0	0	0	0	0	0	0	0	0	366	0	0	0	3254	0	0	0	6526	0	620	0	0	0	0	0	0	0	1046	0	0	0	0	0	0	0	0	0	0	0	0	0	100	0	0	0	
101036	Occipital_Inf_R	0	1218	0	368	0	0	0	0	0	0	0	0	0	0	0	0	0	232	0	1088	0	0	0	0	0	0	0	0	0	500	0	0	0	730	0	712	0	238	0	428	0	0	0	5410	0	1150	0	7832	0	1876	0	6640	0	0	0	9366	0	172	0	0	0	0	0	0	0	0	0	3810	0	550	0	0	0	0	0	0	0	104	0	98	0	92	0	0	0	2358	0	0	0	5546	0	0	0	0	0	0	0	0	0	0	0	0	0	0	0	0	0	0	0	0	0	0	0	0	0	0	
356680	Fusiform_L	972	0	1094	0	0	0	760	0	0	0	0	0	0	0	0	0	154	0	194	88	0	0	0	0	0	0	0	0	3364	0	0	0	98	0	1540	0	16776	0	5408	0	4580	0	4360	0	1134	0	18404	636	1264	0	7110	0	9150	0	0	0	0	0	0	0	0	0	0	0	0	0	2700	0	178	0	0	0	2146	0	0	0	724	0	1518	0	3464	0	2560	0	3228	0	2512	0	20792	0	21860	548	674	550	96	0	7854	146	25682	438	226	0	292	0	154	0	0	0	0	0	816	1320	776	0	0	0	
331676	Fusiform_R	0	3086	0	424	0	0	0	0	0	0	0	234	0	0	0	0	0	628	0	784	0	84	0	0	0	0	0	0	0	3814	0	0	0	556	806	3054	0	22206	0	18226	0	6586	128	8472	0	1238	476	16796	0	1290	0	2590	0	9366	0	0	0	462	0	86	0	0	0	0	0	0	0	5568	0	222	0	0	0	2824	0	0	0	960	0	664	0	1152	0	6298	0	1072	0	3614	0	11340	256	9140	0	120	0	156	448	4972	904	10744	0	0	0	0	0	120	0	0	0	0	1616	1556	378	86	132	104	
215500	Postcentral_L	20062	160	4750	3926	0	0	2274	0	0	0	2432	544	84	178	0	0	6878	0	1996	2670	0	0	0	0	0	0	0	0	3784	0	0	0	478	0	338	0	150	0	0	0	0	0	200	0	554	0	90	0	306	0	7886	0	0	0	0	0	0	0	5670	0	16508	0	12046	0	730	0	5830	0	2620	0	544	356	144	112	0	0	352	0	838	0	2050	0	0	0	210	0	0	0	0	0	0	0	0	0	0	0	0	0	0	0	0	0	0	0	0	0	0	0	0	0	0	0	0	0	0	0	
198968	Postcentral_R	158	10072	376	1598	0	0	194	254	0	0	0	1782	0	0	0	0	0	2982	164	480	0	0	0	0	0	0	0	0	130	1306	0	0	0	554	0	936	0	432	0	0	0	0	0	2302	0	6488	0	172	0	6486	0	3888	0	172	0	462	0	0	0	16214	0	6920	0	10228	0	414	174	13088	0	4702	690	0	0	392	0	0	0	184	0	154	0	974	0	0	0	2598	0	0	0	1364	0	0	0	0	0	0	0	0	0	0	0	0	0	0	0	0	0	0	0	0	0	0	0	0	0	0	
134552	Parietal_Sup_L	920	0	424	100	0	0	182	0	0	0	0	0	0	0	0	0	976	0	0	104	0	0	0	0	0	0	0	0	202	0	0	0	286	0	94	0	0	0	0	0	0	0	208	0	1864	0	0	0	10318	0	18740	0	0	0	0	0	5670	0	0	0	8026	0	608	0	2340	0	12366	0	970	0	0	0	0	0	0	0	0	0	90	0	1928	0	0	0	860	0	0	0	0	0	0	0	0	0	0	0	0	0	0	0	0	0	0	0	0	0	0	0	0	0	0	0	0	0	0	0	
196876	Parietal_Sup_R	100	178	154	464	0	0	162	0	0	0	0	0	0	0	0	0	0	416	0	116	0	0	0	0	0	0	0	0	0	134	0	0	0	186	0	152	0	108	0	0	0	0	0	3568	832	11442	0	432	0	17824	0	7066	0	0	0	86	0	16214	0	0	0	13098	0	3004	0	3884	254	12892	0	1538	0	0	0	132	0	0	0	0	0	0	0	1076	0	0	0	1696	0	0	0	1230	0	0	0	0	0	0	0	0	0	0	0	0	0	0	0	0	0	0	0	0	0	0	0	0	0	0	
185880	Parietal_Inf_L	6234	110	3096	670	0	0	2294	0	0	0	0	0	0	0	0	0	1014	0	718	236	0	0	0	0	0	0	0	0	2044	0	0	0	136	0	206	0	0	0	0	0	0	0	130	0	396	0	0	0	1586	0	11602	0	0	0	0	0	16508	0	8026	0	0	0	15920	0	12392	0	2224	0	1140	0	380	0	0	130	0	94	0	0	282	0	1588	0	0	0	2492	0	0	0	1292	0	0	0	0	0	0	0	0	0	0	0	0	0	0	0	0	0	0	0	0	0	0	0	0	0	0	0	
118080	Parietal_Inf_R	0	170	0	214	0	0	0	0	0	0	0	0	0	0	0	0	0	0	0	0	0	0	0	0	0	0	0	0	0	0	0	0	0	112	0	88	0	0	0	0	0	0	0	514	0	2196	0	0	0	4472	0	7412	0	0	0	0	0	6920	0	13098	0	0	0	6188	0	9974	116	4782	0	162	0	0	0	0	0	0	0	0	0	0	0	134	0	0	0	1280	0	0	0	1208	0	0	0	0	0	0	0	0	0	0	0	0	0	0	0	0	0	0	0	0	0	0	0	0	0	0	
111696	SupraMarginal_L	2938	0	1060	0	0	0	928	0	0	0	0	0	0	0	0	0	3496	0	84	0	0	0	0	0	0	0	0	0	2498	0	0	0	0	0	0	0	0	0	0	0	0	0	0	0	0	0	0	0	0	0	1056	0	0	0	0	0	12046	0	608	0	15920	0	0	0	4096	0	126	0	0	0	0	0	0	0	0	0	0	0	260	0	5686	0	0	0	4648	0	0	0	398	0	0	0	0	0	0	0	0	0	0	0	0	0	0	0	0	0	0	0	0	0	0	0	0	0	0	0	
74304	SupraMarginal_R	0	960	0	576	0	0	0	0	0	0	0	280	0	0	0	0	0	3018	0	102	0	0	0	0	0	0	0	0	0	288	0	0	0	0	0	0	0	156	0	0	0	0	0	0	0	158	0	0	0	458	0	916	0	0	0	0	0	10228	0	3004	0	6188	0	0	0	3870	0	116	0	0	0	0	0	0	0	0	0	0	0	104	0	2972	0	0	0	1046	0	0	0	2712	0	0	0	0	0	0	0	0	0	0	0	0	0	0	0	0	0	0	0	0	0	0	0	0	0	0	
105924	Angular_L	262	0	0	0	0	0	0	0	0	0	0	0	0	0	0	0	0	0	0	0	0	0	0	0	0	0	0	0	0	0	0	0	0	0	132	0	0	0	0	0	0	0	0	0	216	0	0	0	154	0	17454	0	0	0	0	0	730	0	2340	0	12392	0	4096	0	0	0	456	0	234	0	0	0	0	0	0	0	0	0	0	0	2796	0	0	0	9802	0	0	0	1898	0	0	0	0	0	0	0	0	0	0	0	0	0	0	0	0	0	0	0	0	0	0	0	0	0	0	0	
81992	Angular_R	222	0	368	232	0	0	520	0	0	0	0	0	0	0	0	0	0	0	0	0	0	0	0	0	0	0	0	0	0	0	0	0	0	0	0	0	0	0	0	0	0	0	0	0	0	84	0	0	0	3368	0	10466	0	0	0	0	0	414	0	3884	0	9974	0	3870	0	0	0	0	0	0	0	0	0	0	0	0	0	0	0	0	0	1840	0	0	0	4478	0	0	0	1276	0	0	0	0	0	0	0	0	0	0	0	0	0	0	0	0	0	0	0	0	0	0	0	0	0	0	
294416	Precuneus_L	2116	0	1780	648	0	0	376	0	0	0	0	0	0	0	0	0	272	0	1038	1040	0	0	0	0	0	0	0	0	398	0	0	0	5158	656	12028	1340	5994	0	912	0	0	0	18332	886	13692	1888	7486	0	9342	612	17260	0	2962	0	2700	0	5830	174	12366	254	2224	116	126	0	456	0	0	4796	5662	518	0	0	0	0	0	0	200	0	664	0	1230	0	0	0	2410	0	0	0	1266	0	0	0	0	0	0	0	0	0	0	0	0	0	0	0	0	0	0	0	0	0	0	0	0	0	0	0	
377156	Precuneus_R	250	3332	0	382	0	0	238	0	0	0	0	0	0	0	0	0	0	110	0	3262	0	0	0	0	0	0	0	0	0	256	0	0	524	7764	1954	12842	120	4570	0	3956	0	0	312	24262	1294	21540	0	11066	0	14650	0	11080	0	3810	0	5568	0	13088	0	12892	0	4782	0	116	0	0	4796	0	0	11650	0	0	0	132	0	0	360	718	0	0	0	0	0	0	0	4636	0	0	0	1124	0	0	0	0	0	0	0	384	0	0	0	0	0	0	0	0	0	0	0	0	758	0	0	0	0	0	
131532	Paracentral_Lobule_L	10446	0	6448	232	0	0	0	0	0	0	0	0	0	0	0	0	316	0	7616	2820	0	0	0	0	0	0	0	0	1356	0	0	0	4000	1660	6996	308	844	0	0	0	0	0	1022	0	1384	0	232	0	274	0	3010	0	344	0	178	0	2620	0	970	0	1140	0	0	0	234	0	5662	0	0	670	0	0	1486	0	398	0	610	0	540	0	158	0	0	0	1250	0	0	0	542	0	0	0	0	0	0	0	0	0	0	0	0	0	0	0	0	0	0	0	0	0	0	0	0	0	0	0	
100620	Paracentral_Lobule_R	112	4378	0	326	0	0	94	0	0	0	0	0	0	0	0	0	0	0	0	7470	0	0	0	0	0	0	0	0	0	0	0	0	374	7244	86	3978	0	0	0	0	0	0	0	1514	0	2188	0	398	0	1260	0	876	0	550	0	222	0	4702	0	1538	0	162	0	0	0	0	518	11650	670	0	0	0	0	0	0	0	0	0	0	0	0	0	0	0	0	0	0	0	0	0	0	0	0	0	0	0	0	0	0	0	0	0	0	0	0	0	0	0	0	0	0	0	0	0	0	0	
261872	Caudate_L	5242	1158	8862	6218	4084	1086	3384	0	1624	0	2912	920	374	214	2366	0	1880	86	6364	3600	7154	5770	508	126	118	390	3818	1432	4232	280	10272	4318	0	0	0	0	120	168	0	0	90	0	0	0	0	0	0	0	0	0	0	0	0	0	0	0	544	690	0	0	380	0	0	0	0	0	0	0	0	0	0	12662	14784	600	1868	176	8546	588	330	0	124	0	156	0	0	0	0	0	318	0	0	0	0	0	0	0	0	0	0	0	0	0	0	0	0	0	0	0	0	0	0	0	0	0	0	0	
322652	Caudate_R	1438	242	2090	27916	260	4748	378	1244	104	1060	2140	1036	0	1664	158	2728	1034	680	1492	10938	2396	5298	748	4228	0	2926	286	2976	952	2922	4352	23784	0	2072	0	0	0	144	0	0	0	0	0	0	0	0	0	0	0	0	0	0	0	0	0	0	356	0	0	0	0	0	0	0	0	0	0	0	0	0	12662	0	2288	17062	88	1742	930	11648	116	0	0	0	0	0	0	0	0	0	0	0	0	0	0	0	0	0	0	0	0	0	0	0	0	0	0	0	0	0	0	0	0	0	0	0	0	0	
364684	Putamen_L	6106	122	31964	1740	7558	672	4102	0	5430	0	958	200	1372	0	9104	0	822	0	18336	1570	2240	1926	2564	92	96	0	2502	770	25234	0	5676	1002	0	94	384	366	7018	0	900	0	1144	0	0	0	0	0	0	0	0	0	0	0	0	0	2146	0	144	0	0	0	0	0	0	0	0	0	0	0	1486	0	14784	2288	0	0	10420	0	4270	422	284	0	1040	0	986	0	392	0	0	0	1616	0	0	0	0	0	0	0	0	0	0	0	0	0	0	0	0	0	0	0	0	0	0	0	0	0	0	0	
239936	Putamen_R	322	948	230	18442	0	2696	134	1594	0	1222	232	2674	0	1774	0	4274	0	2090	170	3608	0	318	168	3908	0	2076	0	760	106	17752	552	10218	0	836	88	0	0	8730	0	4026	0	860	0	0	0	110	0	0	0	110	0	266	0	0	0	2824	112	392	0	132	130	0	0	0	0	0	0	132	0	0	600	17062	0	0	0	2342	0	4650	0	0	0	0	0	0	0	144	0	0	0	0	0	0	0	0	0	0	0	154	0	0	0	0	0	0	0	0	0	0	0	0	0	0	0	0	0	0	
69440	Pallidum_L	2066	0	6574	384	0	0	238	0	0	0	0	0	0	0	0	0	0	0	5544	378	0	0	0	0	0	0	0	0	0	0	0	0	0	0	204	358	1826	0	0	0	0	0	0	0	0	0	0	0	0	0	0	0	0	0	0	0	0	0	0	0	0	0	0	0	0	0	0	0	398	0	1868	88	10420	0	0	0	3866	396	0	0	0	0	0	0	0	0	0	0	112	0	0	0	0	0	0	0	0	0	0	0	0	0	0	0	0	0	0	0	0	0	0	0	0	0	0	0	
15964	Pallidum_R	168	0	178	2716	0	0	0	0	0	0	0	0	0	0	0	0	0	0	0	188	0	0	0	0	0	0	0	0	0	94	0	0	0	0	0	0	0	156	0	128	0	0	0	0	0	0	0	0	0	0	0	0	0	0	0	0	0	0	0	0	94	0	0	0	0	0	0	0	0	0	176	1742	0	2342	0	0	0	0	0	0	0	0	0	0	0	0	0	0	0	0	0	0	0	0	0	0	0	0	0	0	0	0	0	0	0	0	0	0	0	0	0	0	0	0	0	0	
154368	Thalamus_L	5950	1072	3992	1158	0	0	3332	160	0	0	0	252	0	0	0	0	0	0	2492	328	0	0	0	0	0	0	0	0	1620	150	92	0	0	0	5728	5740	5248	3772	486	548	0	0	0	0	0	0	122	290	0	0	0	0	0	0	724	0	352	0	0	0	0	0	0	0	0	0	200	360	610	0	8546	930	4270	0	3866	0	0	10578	1010	0	214	0	0	0	296	0	0	0	2696	0	0	0	0	0	0	0	0	0	0	0	0	0	0	0	0	0	0	0	0	0	0	0	0	0	0	0	
186560	Thalamus_R	2244	6014	464	17644	0	0	1620	1158	0	0	0	3918	0	0	0	0	0	542	212	1778	0	0	0	108	0	0	0	0	0	2504	0	792	0	266	4102	6458	1768	8794	0	1784	0	0	0	0	0	184	0	414	0	0	0	160	0	104	0	960	0	184	0	0	0	0	0	0	0	0	0	718	0	0	588	11648	422	4650	396	0	10578	0	0	0	0	0	0	0	0	104	0	0	0	0	0	0	0	0	0	0	0	0	0	0	0	0	0	0	0	0	0	0	0	0	0	0	0	0	0	0	
76404	Heschl_L	1486	0	3940	92	0	0	2316	0	0	0	266	0	0	0	0	0	1518	0	1782	128	0	0	0	0	0	0	0	0	8136	0	0	0	0	0	1234	0	2366	0	0	0	0	0	148	0	0	0	0	0	0	0	252	0	0	0	1518	0	838	0	90	0	282	0	260	0	0	0	664	0	540	0	330	116	284	0	0	0	1010	0	0	0	4204	0	0	0	2568	0	0	0	1834	0	0	0	0	0	0	0	0	0	0	0	0	0	0	0	0	0	0	0	0	0	0	0	0	0	0	0	
29508	Heschl_R	0	154	0	0	0	0	0	0	0	0	0	196	0	0	0	0	0	1792	0	0	0	0	0	0	0	0	0	0	0	3624	0	0	0	0	0	118	0	1004	0	330	0	0	0	0	0	0	0	0	0	0	0	0	0	98	0	664	0	154	0	0	0	0	0	104	0	0	0	0	0	0	0	0	0	0	0	0	0	0	0	0	0	5376	0	212	0	682	0	0	0	246	0	0	0	0	0	0	0	0	0	0	0	0	0	0	0	0	0	0	0	0	0	0	0	0	0	0	
186524	Temporal_Sup_L	1130	0	1322	116	0	0	222	0	0	0	696	0	0	0	0	0	5992	0	1060	242	0	0	0	0	0	0	0	0	5532	0	0	0	0	0	366	0	1890	0	0	0	0	0	0	0	0	0	0	0	0	0	3698	0	366	0	3464	0	2050	0	1928	0	1588	0	5686	0	2796	0	1230	0	158	0	124	0	1040	0	0	0	214	0	4204	0	0	0	3424	0	27728	0	0	0	14850	0	146	0	0	0	0	0	0	0	0	0	0	0	0	0	0	0	0	0	0	0	0	0	0	0	0	0	
90328	Temporal_Sup_R	0	224	0	0	0	0	0	0	0	0	0	0	0	0	0	208	0	1870	0	0	0	0	0	0	0	0	0	0	0	6518	0	0	0	0	0	154	0	1038	0	370	0	0	0	0	0	0	0	0	0	252	0	630	0	92	0	1152	0	974	0	1076	0	134	0	2972	0	1840	0	0	0	0	0	0	0	0	0	0	0	0	0	5376	0	0	0	6072	0	11064	0	452	0	2696	0	0	0	0	0	0	0	0	0	0	0	0	0	0	0	0	0	0	0	0	0	0	0	0	0	0	
83004	Temporal_Pole_Sup_L	0	0	780	0	490	0	0	0	202	0	510	0	156	0	1792	0	498	0	404	100	1060	0	0	0	0	0	0	0	5132	0	0	0	0	0	0	0	1434	0	710	0	974	0	0	0	0	0	0	0	0	0	0	0	0	0	2560	0	0	0	0	0	0	0	0	0	0	0	0	0	0	0	156	0	986	0	0	0	0	0	0	0	3424	0	0	0	7006	0	5762	0	7366	0	0	0	0	0	0	0	0	0	0	0	0	0	0	0	0	0	0	0	0	0	0	0	0	0	0	0	
60516	Temporal_Pole_Sup_R	0	0	0	0	0	0	0	0	0	0	0	0	0	0	0	254	0	174	0	0	0	92	0	0	0	0	0	0	0	1354	0	0	0	0	0	0	0	634	0	1924	0	1810	0	0	0	0	0	0	0	0	0	0	0	0	0	6298	0	0	0	0	0	0	0	0	0	0	0	0	0	0	0	0	0	0	0	0	0	0	0	212	0	6072	0	0	0	3090	0	3996	0	4348	0	0	0	0	0	0	0	0	0	0	0	0	0	0	0	0	0	0	0	0	0	0	0	0	0	0	
285744	Temporal_Mid_L	1958	0	794	0	0	0	98	0	0	0	0	0	0	0	0	0	468	0	210	0	0	0	0	0	0	0	0	0	892	0	0	0	0	0	576	0	426	0	0	0	0	0	2400	0	372	0	262	0	276	0	23728	0	3254	0	3228	0	210	0	860	0	2492	0	4648	0	9802	0	2410	0	1250	0	0	0	392	0	0	0	296	0	2568	0	27728	0	7006	0	0	0	5848	0	38206	0	214	0	0	0	0	0	0	0	0	0	0	0	0	0	0	0	0	0	0	0	0	0	0	0	0	0	
178612	Temporal_Mid_R	84	738	110	0	0	0	128	0	0	0	0	0	0	0	0	0	0	334	0	206	0	0	0	0	0	0	0	0	0	2152	0	0	0	158	0	0	0	456	0	184	0	0	222	4520	0	2462	0	544	0	2292	0	19410	0	2358	0	1072	0	2598	0	1696	0	1280	0	1046	0	4478	0	4636	0	0	0	0	0	144	0	0	0	104	0	682	0	11064	0	3090	0	0	0	628	0	20430	0	0	0	0	0	0	0	0	0	0	0	0	0	0	0	0	0	0	0	0	0	0	0	0	0	0	
45560	Temporal_Pole_Mid_L	0	0	0	0	0	0	0	0	0	0	0	0	0	0	0	0	0	0	0	0	0	0	0	0	0	0	0	0	0	0	0	0	0	0	0	0	118	0	494	0	262	0	0	0	0	0	0	0	0	0	0	0	0	0	2512	0	0	0	0	0	0	0	0	0	0	0	0	0	0	0	0	0	0	0	0	0	0	0	0	0	0	0	5762	0	5848	0	0	0	7784	0	0	0	0	0	0	0	0	0	0	0	0	0	0	0	0	0	0	0	0	0	0	0	0	0	0	0	
26460	Temporal_Pole_Mid_R	0	0	0	0	0	0	0	0	0	0	0	0	0	0	0	0	0	0	0	0	0	0	0	0	0	0	0	0	0	0	0	0	0	0	0	0	0	188	0	1374	0	472	0	0	0	0	0	0	0	0	0	0	0	0	0	3614	0	0	0	0	0	0	0	0	0	0	0	0	0	0	0	0	0	0	0	0	0	0	0	0	0	452	0	3996	0	628	0	0	0	2506	0	0	0	0	0	0	0	0	0	0	0	0	0	0	0	0	0	0	0	0	0	0	0	0	0	0	
292496	Temporal_Inf_L	1726	0	1042	158	0	0	360	0	0	0	0	0	0	0	0	0	200	0	514	282	0	0	0	0	0	0	0	0	2320	0	0	0	0	0	1272	0	10394	0	346	0	1628	0	1672	0	464	0	310	0	358	0	8980	0	6526	0	20792	0	0	0	0	0	1292	0	398	0	1898	0	1266	0	542	0	318	0	1616	0	112	0	2696	0	1834	0	14850	0	7366	0	38206	0	7784	0	0	0	4352	0	536	0	0	0	260	0	1578	0	0	0	0	0	0	0	0	0	0	0	0	0	0	0	0	0	
146724	Temporal_Inf_R	102	1188	196	102	0	0	200	0	0	0	0	0	0	0	0	0	0	528	0	284	0	0	0	0	0	0	0	0	0	1984	0	0	0	200	0	272	0	1106	0	478	0	730	94	1488	0	1156	0	780	0	1836	0	4324	0	5546	0	11340	0	1364	0	1230	0	1208	0	2712	0	1276	0	1124	0	0	0	0	0	0	0	0	0	0	0	246	0	2696	0	4348	0	20430	0	2506	0	0	0	288	0	0	0	0	0	0	0	0	0	0	0	0	0	0	0	0	0	0	0	0	0	0	0	0	
480380	Cerebelum_Crus1_L	0	0	0	0	0	0	0	0	0	0	0	0	0	0	0	0	0	0	0	0	0	0	0	0	0	0	0	0	0	0	0	0	0	0	0	0	116	0	0	0	0	0	0	0	0	0	12736	1836	0	0	0	0	620	0	21860	256	0	0	0	0	0	0	0	0	0	0	0	0	0	0	0	0	0	0	0	0	0	0	0	0	146	0	0	0	214	0	0	0	4352	0	0	4668	30728	8960	776	158	19614	2158	56988	5748	14512	3200	15814	4040	564	376	110	0	100	298	6838	7500	12698	826	1016	364	
392128	Cerebelum_Crus1_R	0	0	0	0	0	0	0	0	0	0	0	0	0	0	0	0	0	0	0	0	0	0	0	0	0	0	0	0	0	0	0	0	0	0	0	0	0	0	0	0	0	0	0	0	0	0	2392	7524	0	0	0	0	0	0	548	9140	0	0	0	0	0	0	0	0	0	0	0	0	0	0	0	0	0	0	0	0	0	0	0	0	0	0	0	0	0	0	0	0	0	288	4668	0	686	26920	0	1756	3512	17426	7940	45332	280	3478	640	12848	0	2024	0	886	478	1562	10804	15130	13038	2622	2900	1242	
231772	Cerebelum_Crus2_L	0	0	0	0	0	0	0	0	0	0	0	0	0	0	0	0	0	0	0	0	0	0	0	0	0	0	0	0	0	0	0	0	0	0	0	0	0	0	0	0	0	0	0	0	0	0	560	152	0	0	0	0	0	0	674	0	0	0	0	0	0	0	0	0	0	0	0	0	0	0	0	0	0	0	0	0	0	0	0	0	0	0	0	0	0	0	0	0	536	0	30728	686	0	7028	174	0	1634	0	3836	882	30456	4058	21896	2274	730	0	0	0	0	0	656	1058	7058	810	0	0	
315608	Cerebelum_Crus2_R	0	0	0	0	0	0	0	0	0	0	0	0	0	0	0	0	0	0	0	0	0	0	0	0	0	0	0	0	0	0	0	0	0	0	0	0	0	0	0	0	0	0	0	0	0	0	1384	832	0	0	0	0	0	0	550	120	0	0	0	0	0	0	0	0	0	0	0	0	0	0	0	0	0	0	0	0	0	0	0	0	0	0	0	0	0	0	0	0	0	0	8960	26920	7028	0	116	680	1086	1132	4898	5440	7768	18028	8594	26200	290	1542	162	564	312	854	930	6040	20504	3684	2242	944	
23112	Cerebelum_3_L	0	0	0	0	0	0	0	0	0	0	0	0	0	0	0	0	0	0	0	0	0	0	0	0	0	0	0	0	0	0	0	0	0	0	0	0	0	0	0	0	0	0	0	0	0	0	0	0	0	0	0	0	0	0	96	0	0	0	0	0	0	0	0	0	0	0	0	0	0	0	0	0	0	0	0	0	0	0	0	0	0	0	0	0	0	0	0	0	0	0	776	0	174	116	0	0	4264	0	918	0	276	0	782	88	1592	0	164	0	606	1046	344	0	222	0	92	0	
61040	Cerebelum_3_R	0	0	0	0	0	0	0	0	0	0	0	0	0	0	0	0	0	0	0	0	0	0	0	0	0	0	0	0	0	0	0	0	0	0	0	0	0	0	0	0	0	0	0	0	0	0	0	154	0	0	0	0	0	0	0	156	0	0	0	0	0	0	0	0	0	0	0	0	0	0	0	0	0	0	0	0	0	0	0	0	0	0	0	0	0	0	0	0	0	0	158	1756	0	680	0	0	182	6720	254	3574	0	0	98	1800	0	2056	0	0	1328	5220	1756	694	742	1234	1724	234	
266192	Cerebelum_4_5_L	0	0	0	0	0	0	0	0	0	0	0	0	0	0	0	0	0	0	0	0	0	0	0	0	0	0	0	0	0	0	0	0	0	0	0	0	0	0	324	0	0	0	0	0	0	0	8216	2210	0	0	0	0	0	0	7854	448	0	0	0	0	0	0	0	0	0	0	0	0	0	0	0	0	0	0	0	0	0	0	0	0	0	0	0	0	0	0	0	0	260	0	19614	3512	1634	1086	4264	182	0	4774	29732	6876	2670	174	6908	1180	4020	422	906	0	416	1260	15362	3276	2176	834	1530	976	
231948	Cerebelum_4_5_R	0	0	0	0	0	0	0	0	0	0	0	0	0	0	0	0	0	0	0	0	0	0	0	0	0	0	0	0	0	0	0	0	0	0	0	212	0	672	0	1176	0	84	0	0	0	0	856	5514	0	0	0	0	0	0	146	4972	0	0	0	0	0	0	0	0	0	0	0	384	0	0	0	0	0	154	0	0	0	0	0	0	0	0	0	0	0	0	0	0	0	0	2158	17426	0	1132	0	6720	4774	0	4012	29140	116	118	694	3074	0	1990	0	378	0	3702	17086	2976	2304	1400	2304	300	
455560	Cerebelum_6_L	0	0	0	0	0	0	0	0	0	0	0	0	0	0	0	0	0	0	0	0	0	0	0	0	0	0	0	0	0	0	0	0	0	0	0	0	88	0	284	0	0	0	0	0	0	0	19082	5462	0	0	0	0	1046	0	25682	904	0	0	0	0	0	0	0	0	0	0	0	0	0	0	0	0	0	0	0	0	0	0	0	0	0	0	0	0	0	0	0	0	1578	0	56988	7940	3836	4898	918	254	29732	4012	0	10114	4228	622	6616	2436	1044	664	282	0	312	650	11716	13444	9112	1322	1760	754	
385068	Cerebelum_6_R	0	0	0	0	0	0	0	0	0	0	0	0	0	0	0	0	0	0	0	0	0	0	0	0	0	0	0	0	0	0	0	0	0	0	0	0	0	0	0	132	0	0	0	0	0	0	2254	10988	0	0	0	0	0	0	438	10744	0	0	0	0	0	0	0	0	0	0	0	0	0	0	0	0	0	0	0	0	0	0	0	0	0	0	0	0	0	0	0	0	0	0	5748	45332	882	5440	0	3574	6876	29140	10114	0	638	154	1410	5160	0	1812	0	996	360	1994	18888	15488	9352	1752	2164	704	
241976	Cerebelum_7b_L	0	0	0	0	0	0	0	0	0	0	0	0	0	0	0	0	0	0	0	0	0	0	0	0	0	0	0	0	0	0	0	0	0	0	0	0	0	0	0	0	0	0	0	0	0	0	102	0	0	0	0	0	0	0	226	0	0	0	0	0	0	0	0	0	0	0	0	0	0	0	0	0	0	0	0	0	0	0	0	0	0	0	0	0	0	0	0	0	0	0	14512	280	30456	7768	276	0	2670	116	4228	638	0	5394	34660	4092	2048	112	420	0	0	0	974	236	8870	2714	196	0	
136860	Cerebelum_7b_R	0	0	0	0	0	0	0	0	0	0	0	0	0	0	0	0	0	0	0	0	0	0	0	0	0	0	0	0	0	0	0	0	0	0	0	0	0	0	0	0	0	0	0	0	0	0	0	0	0	0	0	0	0	0	0	0	0	0	0	0	0	0	0	0	0	0	0	0	0	0	0	0	0	0	0	0	0	0	0	0	0	0	0	0	0	0	0	0	0	0	3200	3478	4058	18028	0	0	174	118	622	154	5394	0	5158	18230	0	336	0	96	0	0	104	300	6750	1868	250	112	
310524	Cerebelum_8_L	0	0	0	0	0	0	0	0	0	0	0	0	0	0	0	0	0	0	0	0	0	0	0	0	0	0	0	0	0	0	0	0	0	0	0	0	0	0	0	0	0	0	0	0	0	0	494	204	0	0	0	0	0	0	292	0	0	0	0	0	0	0	0	0	0	0	0	0	0	0	0	0	0	0	0	0	0	0	0	0	0	0	0	0	0	0	0	0	0	0	15814	640	21896	8594	782	98	6908	694	6616	1410	34660	5158	0	6914	18254	1044	1922	0	0	130	2872	804	10988	5774	1996	304	
277136	Cerebelum_8_R	0	0	0	0	0	0	0	0	0	0	0	0	0	0	0	0	0	0	0	0	0	0	0	0	0	0	0	0	0	0	0	0	0	0	0	0	0	0	0	0	0	0	0	0	0	0	0	228	0	0	0	0	0	0	0	0	0	0	0	0	0	0	0	0	0	0	0	0	0	0	0	0	0	0	0	0	0	0	0	0	0	0	0	0	0	0	0	0	0	0	4040	12848	2274	26200	88	1800	1180	3074	2436	5160	4092	18230	6914	0	742	15204	168	2336	516	1734	1834	1636	9842	9346	5264	1382	
81252	Cerebelum_9_L	0	0	0	0	0	0	0	0	0	0	0	0	0	0	0	0	0	0	0	0	0	0	0	0	0	0	0	0	0	0	0	0	0	0	0	0	0	0	0	0	0	0	0	0	0	0	0	0	0	0	0	0	0	0	154	0	0	0	0	0	0	0	0	0	0	0	0	0	0	0	0	0	0	0	0	0	0	0	0	0	0	0	0	0	0	0	0	0	0	0	564	0	730	290	1592	0	4020	0	1044	0	2048	0	18254	742	0	1638	4022	0	0	114	306	92	560	1606	2460	390	
125092	Cerebelum_9_R	0	0	0	0	0	0	0	0	0	0	0	0	0	0	0	0	0	0	0	0	0	0	0	0	0	0	0	0	0	0	0	0	0	0	0	0	0	0	0	0	0	0	0	0	0	0	0	256	0	0	0	0	0	0	0	120	0	0	0	0	0	0	0	0	0	0	0	0	0	0	0	0	0	0	0	0	0	0	0	0	0	0	0	0	0	0	0	0	0	0	376	2024	0	1542	0	2056	422	1990	664	1812	112	336	1044	15204	1638	0	0	1516	1692	3178	1190	2558	2538	7472	9196	3610	
17304	Cerebelum_10_L	0	0	0	0	0	0	0	0	0	0	0	0	0	0	0	0	0	0	0	0	0	0	0	0	0	0	0	0	0	0	0	0	0	0	0	0	0	0	0	0	0	0	0	0	0	0	0	0	0	0	0	0	0	0	0	0	0	0	0	0	0	0	0	0	0	0	0	0	0	0	0	0	0	0	0	0	0	0	0	0	0	0	0	0	0	0	0	0	0	0	110	0	0	162	164	0	906	0	282	0	420	0	1922	168	4022	0	0	0	0	0	0	0	252	88	156	0	
16228	Cerebelum_10_R	0	0	0	0	0	0	0	0	0	0	0	0	0	0	0	0	0	0	0	0	0	0	0	0	0	0	0	0	0	0	0	0	0	0	0	0	0	0	0	0	0	0	0	0	0	0	0	0	0	0	0	0	0	0	0	0	0	0	0	0	0	0	0	0	0	0	0	0	0	0	0	0	0	0	0	0	0	0	0	0	0	0	0	0	0	0	0	0	0	0	0	886	0	564	0	0	0	378	0	996	0	96	0	2336	0	1516	0	0	0	0	150	84	0	574	410	124	
34356	Vermis_1_2	0	0	0	0	0	0	0	0	0	0	0	0	0	0	0	0	0	0	0	0	0	0	0	0	0	0	0	0	0	0	0	0	0	0	0	0	0	0	0	0	0	0	0	0	0	0	0	0	0	0	0	0	0	0	0	0	0	0	0	0	0	0	0	0	0	0	0	0	0	0	0	0	0	0	0	0	0	0	0	0	0	0	0	0	0	0	0	0	0	0	100	478	0	312	606	1328	416	0	312	360	0	0	0	516	0	1692	0	0	0	6220	604	576	544	972	1344	798	
75416	Vermis_3	0	0	0	0	0	0	0	0	0	0	0	0	0	0	0	0	0	0	0	0	0	0	0	0	0	0	0	0	0	0	0	0	0	0	0	0	0	0	0	0	0	0	0	0	0	0	0	152	0	0	0	0	0	0	0	0	0	0	0	0	0	0	0	0	0	0	0	0	0	0	0	0	0	0	0	0	0	0	0	0	0	0	0	0	0	0	0	0	0	0	298	1562	0	854	1046	5220	1260	3702	650	1994	0	0	130	1734	114	3178	0	0	6220	0	1836	1364	1202	1708	2660	824	
243208	Vermis_4_5	0	0	0	0	0	0	0	0	0	0	0	0	0	0	0	0	0	0	0	0	0	0	0	0	0	0	0	0	0	0	0	0	0	0	0	312	0	308	0	286	0	0	0	142	0	114	3446	5968	0	0	0	0	0	0	816	1616	0	0	0	0	0	0	0	0	0	0	0	758	0	0	0	0	0	0	0	0	0	0	0	0	0	0	0	0	0	0	0	0	0	0	6838	10804	656	930	344	1756	15362	17086	11716	18888	974	104	2872	1834	306	1190	0	150	604	1836	0	5924	2586	1292	2428	1358	
235384	Vermis_6	0	0	0	0	0	0	0	0	0	0	0	0	0	0	0	0	0	0	0	0	0	0	0	0	0	0	0	0	0	0	0	0	0	0	0	0	0	0	0	0	0	0	0	0	0	0	4352	8096	0	0	0	0	0	0	1320	1556	0	0	0	0	0	0	0	0	0	0	0	0	0	0	0	0	0	0	0	0	0	0	0	0	0	0	0	0	0	0	0	0	0	0	7500	15130	1058	6040	0	694	3276	2976	13444	15488	236	300	804	1636	92	2558	0	84	576	1364	5924	0	13524	2034	4442	3188	
301768	Vermis_7	0	0	0	0	0	0	0	0	0	0	0	0	0	0	0	0	0	0	0	0	0	0	0	0	0	0	0	0	0	0	0	0	0	0	0	0	0	0	0	0	0	0	0	0	0	0	2448	2464	0	0	0	0	100	0	776	378	0	0	0	0	0	0	0	0	0	0	0	0	0	0	0	0	0	0	0	0	0	0	0	0	0	0	0	0	0	0	0	0	0	0	12698	13038	7058	20504	222	742	2176	2304	9112	9352	8870	6750	10988	9842	560	2538	252	0	544	1202	2586	13524	0	4994	3388	1474	
