data	data	825908	381968	1.07777e+06	625940	213540	79308	608432	279700	88948	13316	290732	267872	339332	137140	246856	58972	245684	141440	843132	587956	171976	159388	361348	419048	52388	150860	145876	155356	686840	429488	373928	618940	124436	504680	274536	179284	300628	498160	106324	333568	92632	127640	310448	427888	173440	433612	284960	339080	299428	374456	550016	213288	129856	116804	466828	624376	382924	294060	198672	134172	218392	105152	153520	93884	144548	141296	388648	577444	353036	309744	377412	435784	331440	469076	57060	26712	163184	118816	80436	48068	194576	118964	100180	33880	344024	188868	21164	25680	347056	179472	699964	623688	371780	464740	65056	82052	448332	368048	742184	537112	210960	177684	295856	327952	158832	164596	24376	16932	54792	97892	444176	433572	340692	187900	119304	64272	
data	data	Precentral_L	Precentral_R	Frontal_Sup_L	Frontal_Sup_R	Frontal_Sup_Orb_L	Frontal_Sup_Orb_R	Frontal_Mid_L	Frontal_Mid_R	Frontal_Mid_Orb_L	Frontal_Mid_Orb_R	Frontal_Inf_Oper_L	Frontal_Inf_Oper_R	Frontal_Inf_Tri_L	Frontal_Inf_Tri_R	Frontal_Inf_Orb_L	Frontal_Inf_Orb_R	Rolandic_Oper_L	Rolandic_Oper_R	Supp_Motor_Area_L	Supp_Motor_Area_R	Olfactory_L	Olfactory_R	Frontal_Sup_Medial_L	Frontal_Sup_Medial_R	Frontal_Med_Orb_L	Frontal_Med_Orb_R	Rectus_L	Rectus_R	Insula_L	Insula_R	Cingulum_Ant_L	Cingulum_Ant_R	Cingulum_Mid_L	Cingulum_Mid_R	Cingulum_Post_L	Cingulum_Post_R	Hippocampus_L	Hippocampus_R	ParaHippocampal_L	ParaHippocampal_R	Amygdala_L	Amygdala_R	Calcarine_L	Calcarine_R	Cuneus_L	Cuneus_R	Lingual_L	Lingual_R	Occipital_Sup_L	Occipital_Sup_R	Occipital_Mid_L	Occipital_Mid_R	Occipital_Inf_L	Occipital_Inf_R	Fusiform_L	Fusiform_R	Postcentral_L	Postcentral_R	Parietal_Sup_L	Parietal_Sup_R	Parietal_Inf_L	Parietal_Inf_R	SupraMarginal_L	SupraMarginal_R	Angular_L	Angular_R	Precuneus_L	Precuneus_R	Paracentral_Lobule_L	Paracentral_Lobule_R	Caudate_L	Caudate_R	Putamen_L	Putamen_R	Pallidum_L	Pallidum_R	Thalamus_L	Thalamus_R	Heschl_L	Heschl_R	Temporal_Sup_L	Temporal_Sup_R	Temporal_Pole_Sup_L	Temporal_Pole_Sup_R	Temporal_Mid_L	Temporal_Mid_R	Temporal_Pole_Mid_L	Temporal_Pole_Mid_R	Temporal_Inf_L	Temporal_Inf_R	Cerebelum_Crus1_L	Cerebelum_Crus1_R	Cerebelum_Crus2_L	Cerebelum_Crus2_R	Cerebelum_3_L	Cerebelum_3_R	Cerebelum_4_5_L	Cerebelum_4_5_R	Cerebelum_6_L	Cerebelum_6_R	Cerebelum_7b_L	Cerebelum_7b_R	Cerebelum_8_L	Cerebelum_8_R	Cerebelum_9_L	Cerebelum_9_R	Cerebelum_10_L	Cerebelum_10_R	Vermis_1_2	Vermis_3	Vermis_4_5	Vermis_6	Vermis_7	Vermis_8	Vermis_9	Vermis_10	
825908	Precentral_L	0	12608	45430	2050	0	0	19580	772	0	0	13764	250	3618	0	0	0	12198	0	46012	13566	0	0	104	0	0	236	0	0	11894	286	360	1012	470	10556	7232	7884	9342	5030	1094	2426	0	0	734	1978	256	418	230	342	526	258	1016	442	302	602	1642	2404	37684	7066	1704	0	3264	184	1146	128	0	0	2002	3852	37628	11688	21110	3680	16694	584	4514	154	13850	1626	2178	0	1010	0	190	0	700	252	0	0	890	0	0	0	0	0	0	0	0	0	0	0	0	0	0	0	0	0	0	0	0	0	252	0	0	0	0	0	
381968	Precentral_R	12608	0	8960	3234	0	0	2402	15426	0	0	648	13302	0	968	0	0	518	2350	11412	7684	0	0	110	0	0	0	0	0	860	3998	886	408	290	2826	260	318	528	6754	0	3058	0	348	172	340	0	1352	0	364	332	1422	496	340	0	122	226	5408	1936	16778	160	474	1770	1506	1784	2600	0	310	482	2336	7862	14796	4972	4016	1686	4844	676	282	524	7296	130	788	0	534	0	0	98	584	0	0	168	862	0	0	0	0	0	0	0	0	0	0	0	0	0	0	0	0	0	0	0	0	0	0	0	0	0	0	
1.07777e+06	Frontal_Sup_L	45430	8960	0	8726	15032	0	79740	3622	7464	0	13648	612	19338	0	13866	0	6644	224	95778	16204	2236	146	42756	13204	2572	502	3690	126	30440	500	19908	9740	4120	9800	0	0	3090	3352	488	1100	1302	0	0	0	0	0	0	0	0	0	0	0	104	0	858	1760	3714	366	128	0	134	0	0	0	0	0	0	126	750	690	12302	4240	18798	1338	3570	562	628	982	604	0	774	0	888	0	498	0	0	0	712	0	0	0	0	0	0	0	0	0	0	0	0	0	0	0	0	0	0	0	0	0	0	0	0	0	0	0	
625940	Frontal_Sup_R	2050	3234	8726	0	0	5546	3198	30430	0	144	568	12060	152	5748	0	1058	208	4370	9496	33008	300	1432	12014	43478	274	8876	284	4334	206	12132	7732	35320	1686	16794	0	0	0	7366	0	5802	0	1582	0	0	0	0	0	0	0	0	0	0	0	0	0	1044	0	774	0	0	0	0	0	0	0	0	0	0	0	156	916	8982	0	18208	0	882	0	410	0	0	0	216	0	0	0	0	0	0	0	0	0	0	0	0	0	0	0	1774	0	0	0	0	0	0	0	0	0	0	0	0	0	0	0	0	0	0	
213540	Frontal_Sup_Orb_L	0	0	15032	0	0	0	4230	0	10804	0	126	0	2004	0	14540	0	0	0	572	0	6122	1792	6018	612	5922	278	11860	976	8936	128	6760	1406	0	0	0	0	0	0	144	0	2048	236	0	0	0	0	0	0	0	0	0	0	0	0	0	0	0	0	0	0	0	0	0	0	0	0	0	0	0	0	2534	946	1192	308	0	0	0	0	0	0	0	0	1244	0	0	0	0	0	0	0	0	0	0	0	0	0	0	0	0	0	0	0	0	0	0	0	0	0	0	0	0	0	0	0	0	0	
79308	Frontal_Sup_Orb_R	0	0	0	5546	0	0	0	1734	0	1418	0	0	0	256	0	2816	0	0	0	170	376	1644	102	2580	0	6114	166	7868	0	522	446	4416	0	200	0	0	0	0	0	0	0	0	0	0	0	0	0	0	0	0	0	0	0	0	0	0	0	0	0	0	0	0	0	0	0	0	0	0	0	0	374	1522	124	1260	0	0	0	0	0	0	0	0	0	0	0	0	0	0	0	0	0	0	0	0	0	0	0	0	0	0	0	0	0	0	0	0	0	0	0	0	0	0	0	0	0	0	
608432	Frontal_Mid_L	19580	2402	79740	3198	4230	0	0	1242	4778	0	14602	1048	36502	0	12170	0	2112	0	18044	722	1584	96	19702	6046	700	670	1402	0	22822	1074	9438	6722	826	2798	636	102	350	648	0	190	898	0	0	0	0	0	0	0	816	0	966	0	0	0	0	242	1984	148	370	0	0	0	0	0	198	0	712	0	864	452	8114	5886	3046	470	0	0	1246	510	242	0	166	0	486	0	122	0	0	0	102	0	0	0	0	0	0	0	0	0	0	0	0	0	0	0	0	0	0	0	0	0	0	0	0	0	0	0	
279700	Frontal_Mid_R	772	15426	3622	30430	0	1734	1242	0	0	846	470	11414	0	12650	0	2180	280	992	3592	3414	0	1330	1300	6186	0	202	0	1464	134	6084	1550	4722	374	4426	0	0	0	4440	0	2764	0	1352	0	0	0	0	0	0	0	0	0	0	0	0	0	1370	0	712	0	0	0	0	0	0	0	0	0	0	0	0	1504	1574	0	7310	0	140	0	1234	0	0	0	106	0	0	0	0	0	0	0	0	0	0	0	0	0	0	0	508	0	0	0	0	0	0	0	0	0	0	0	0	0	0	0	0	0	0	
88948	Frontal_Mid_Orb_L	0	0	7464	0	10804	0	4778	0	0	0	0	0	2274	0	12554	0	0	0	0	0	252	0	104	0	560	0	1354	0	3568	0	440	0	0	0	0	0	0	0	0	0	132	0	0	0	0	0	0	0	0	0	0	0	0	0	0	0	0	0	0	0	0	0	0	0	0	0	0	0	0	0	0	0	190	0	0	0	0	0	0	0	0	0	0	0	0	0	0	0	0	0	0	0	0	0	0	0	0	0	0	0	0	0	0	0	0	0	0	0	0	0	0	0	0	0	0	0	
13316	Frontal_Mid_Orb_R	0	0	0	144	0	1418	0	846	0	0	0	0	0	504	0	3642	0	0	0	0	0	0	0	0	0	0	0	104	0	0	0	0	0	0	0	0	0	0	0	0	0	0	0	0	0	0	0	0	0	0	0	0	0	0	0	0	0	0	0	0	0	0	0	0	0	0	0	0	0	0	0	0	0	0	0	0	0	0	0	0	0	0	0	0	0	0	0	0	0	0	0	0	0	0	0	0	0	0	0	0	0	0	0	0	0	0	0	0	0	0	0	0	0	0	0	0	
290732	Frontal_Inf_Oper_L	13764	648	13648	568	126	0	14602	470	0	0	0	1182	20208	0	548	0	9814	0	12070	644	0	0	528	212	0	520	0	0	22290	1196	1938	3528	0	0	0	0	1164	0	0	0	0	0	0	0	0	0	0	0	0	0	0	0	0	0	976	0	1514	0	0	0	0	0	0	0	0	0	0	0	0	0	6978	6322	2394	708	0	0	0	0	342	0	1658	0	3828	0	224	0	0	0	754	0	0	0	0	0	0	0	0	0	0	0	0	0	0	0	0	0	0	0	0	0	0	0	0	0	0	0	
267872	Frontal_Inf_Oper_R	250	13302	612	12060	0	0	1048	11414	0	0	1182	0	832	9410	0	468	0	8214	2702	9830	0	0	202	2582	0	0	0	0	614	24366	816	3952	482	3714	0	0	0	4282	0	2634	0	272	0	0	0	0	0	0	0	0	0	0	0	0	0	1688	0	1952	0	0	0	0	0	0	0	0	0	0	0	0	284	3940	0	9576	0	304	0	766	0	0	0	186	0	0	0	0	0	0	0	0	0	0	0	0	0	0	0	0	0	0	0	0	0	0	0	0	0	0	0	0	0	0	0	0	0	0	
339332	Frontal_Inf_Tri_L	3618	0	19338	152	2004	0	36502	0	2274	0	20208	832	0	0	17178	0	542	0	6868	560	604	0	2340	154	0	250	490	0	34650	830	4512	2378	188	0	0	0	0	0	0	0	316	0	0	0	0	0	0	0	0	0	0	0	0	0	0	0	0	0	0	0	0	0	0	0	0	0	0	0	0	0	4106	4776	2500	342	0	0	0	0	0	0	0	0	1154	0	0	0	0	0	0	0	0	0	0	0	0	0	0	0	0	0	0	0	0	0	0	0	0	0	0	0	0	0	0	0	0	0	
137140	Frontal_Inf_Tri_R	0	968	0	5748	0	256	0	12650	0	504	0	9410	0	0	0	4784	0	612	284	798	0	0	362	2308	0	0	0	0	0	15426	474	5138	258	1588	0	0	0	674	0	462	0	0	0	0	0	0	0	0	0	0	0	0	0	0	0	296	0	0	0	0	0	0	0	0	0	0	0	0	0	0	0	1910	0	3660	0	0	0	0	0	0	0	0	0	0	0	0	0	0	0	0	0	0	0	0	0	0	0	0	0	0	0	0	0	0	0	0	0	0	0	0	0	0	0	0	0	0	
246856	Frontal_Inf_Orb_L	0	0	13866	0	14540	0	12170	0	12554	0	548	0	17178	0	0	0	0	0	1454	0	5034	984	606	120	500	0	3964	650	25996	144	1926	374	158	98	0	0	362	0	898	0	1724	0	0	0	0	0	0	0	0	0	0	0	0	0	116	0	0	0	0	0	0	0	0	0	0	0	0	0	0	0	1878	326	1668	0	0	0	0	0	0	0	0	0	3592	0	0	0	0	0	0	0	0	0	0	0	0	0	0	0	0	0	0	0	0	0	0	0	0	0	0	0	0	0	0	0	0	0	
58972	Frontal_Inf_Orb_R	0	0	0	1058	0	2816	0	2180	0	3642	0	468	0	4784	0	0	0	0	198	244	0	430	434	806	0	0	0	434	0	7232	120	658	0	988	0	0	0	358	0	366	0	276	0	0	0	0	0	0	0	0	0	0	0	0	0	0	0	0	0	0	0	0	0	0	0	0	0	0	0	0	0	904	0	962	0	0	0	0	0	0	0	0	0	0	0	0	0	0	0	0	0	0	0	0	0	0	0	128	0	0	0	0	0	0	0	0	0	0	0	0	0	0	0	0	0	0	
245684	Rolandic_Oper_L	12198	518	6644	208	0	0	2112	280	0	0	9814	0	542	0	0	0	0	0	6856	0	0	0	0	0	0	0	0	0	19172	0	0	166	0	0	810	0	5384	0	268	0	148	0	378	0	0	0	0	0	356	0	2008	0	742	0	3938	0	12134	0	514	0	368	0	1314	0	440	0	1104	0	110	256	1564	322	5936	0	698	0	628	0	6194	0	9482	0	1086	0	3736	0	0	0	4414	0	0	0	0	0	0	0	0	0	0	0	0	0	0	0	0	0	0	0	0	0	0	0	0	0	0	0	
141440	Rolandic_Oper_R	0	2350	224	4370	0	0	0	992	0	0	0	8214	0	612	0	0	0	0	316	5044	0	0	0	0	0	0	0	0	0	15544	0	268	0	0	0	0	0	3124	0	1658	0	0	0	0	0	116	0	172	0	126	0	0	0	0	0	2460	0	3200	0	104	0	0	0	1194	0	0	0	294	0	152	0	764	0	4556	0	108	0	632	0	4438	0	5044	0	266	0	2570	0	0	0	1808	0	0	0	0	0	0	0	0	0	0	0	0	0	0	0	0	0	0	0	0	0	0	0	0	0	0	
843132	Supp_Motor_Area_L	46012	11412	95778	9496	572	0	18044	3592	0	0	12070	2702	6868	284	1454	198	6856	316	0	44890	210	0	7414	4448	0	538	204	0	14614	2114	7400	8622	7040	25538	0	192	3244	4548	462	1984	130	220	0	106	0	116	0	168	0	0	0	0	0	0	574	2228	2094	324	102	0	118	0	0	0	0	0	0	264	10362	4124	10422	6076	16774	3620	4956	638	4692	1556	496	0	724	0	562	0	240	112	0	0	352	0	0	0	0	0	0	0	0	300	0	0	0	0	0	0	0	0	0	0	0	0	0	0	0	0	0	0	
587956	Supp_Motor_Area_R	13566	7684	16204	33008	0	170	722	3414	0	0	644	9830	560	798	0	244	0	5044	44890	0	0	0	1418	8570	0	1316	0	200	822	9706	2914	14802	6668	35732	0	496	258	5302	0	3660	0	696	0	176	0	292	0	122	0	0	0	0	0	0	132	770	202	1610	0	0	0	0	0	0	0	0	124	796	8508	13166	734	18844	888	13128	220	1622	186	1370	0	336	0	364	0	0	0	0	0	0	0	0	0	0	0	0	0	0	0	1050	0	0	0	0	0	0	0	0	0	0	0	0	0	0	0	0	0	0	
171976	Olfactory_L	0	0	2236	300	6122	376	1584	0	252	0	0	0	604	0	5034	0	0	0	210	0	0	8368	266	328	1082	822	9606	5672	7362	660	4278	2608	0	0	0	0	954	236	2070	248	5192	662	0	0	0	0	0	0	0	0	0	0	0	0	550	0	0	0	0	0	0	0	0	0	0	0	0	0	0	0	8764	2942	3360	818	0	0	0	0	0	0	0	0	2198	0	0	0	0	0	0	0	0	0	0	0	0	0	0	224	0	0	0	0	0	0	0	0	0	0	0	0	0	0	0	0	0	0	
159388	Olfactory_R	0	0	146	1432	1792	1644	96	1330	0	0	0	0	0	0	984	430	0	0	0	0	8368	0	0	1000	232	1440	5422	9494	1322	4682	3128	3866	0	0	0	0	0	2276	238	2036	1014	3630	0	0	0	0	0	0	0	0	0	0	0	0	0	0	0	0	0	0	0	0	0	0	0	0	0	0	0	0	9000	7412	3142	2720	0	0	0	0	0	0	0	0	158	0	0	0	0	0	0	0	0	0	0	0	0	0	0	1260	0	0	0	0	0	0	0	0	0	0	0	0	0	0	0	0	0	0	
361348	Frontal_Sup_Medial_L	104	110	42756	12014	6018	102	19702	1300	104	0	528	202	2340	362	606	434	0	0	7414	1418	266	0	0	24946	2092	220	2460	0	3256	0	20164	13996	3666	12132	0	0	0	0	0	0	148	0	0	0	0	0	0	0	0	0	0	0	0	0	0	0	0	0	0	0	0	0	0	0	0	0	0	0	0	0	420	130	874	188	0	0	0	0	0	0	0	0	202	0	0	0	0	0	0	0	0	0	0	0	0	0	0	0	0	0	0	0	0	0	0	0	0	0	0	0	0	0	0	0	0	0	
419048	Frontal_Sup_Medial_R	0	0	13204	43478	612	2580	6046	6186	0	0	212	2582	154	2308	120	806	0	0	4448	8570	328	1000	24946	0	768	10246	436	2456	250	2644	10676	34756	1384	17394	0	0	0	666	0	610	0	912	0	0	0	0	0	0	0	0	0	0	0	0	0	0	0	0	0	0	0	0	0	0	0	0	0	0	0	0	242	3866	0	4260	0	0	0	0	0	0	0	0	0	0	0	0	0	0	0	0	0	0	0	0	0	0	0	378	0	0	0	0	0	0	0	0	0	0	0	0	0	0	0	0	0	0	
52388	Frontal_Med_Orb_L	0	0	2572	274	5922	0	700	0	560	0	0	0	0	0	500	0	0	0	0	0	1082	232	2092	768	0	1744	2892	216	336	0	4558	1246	0	0	0	0	0	0	0	0	0	0	0	0	0	0	0	0	0	0	0	0	0	0	0	0	0	0	0	0	0	0	0	0	0	0	0	0	0	0	500	0	0	0	0	0	0	0	0	0	0	0	0	0	0	0	0	0	0	0	0	0	0	0	0	0	0	0	0	0	0	0	0	0	0	0	0	0	0	0	0	0	0	0	0	0	
150860	Frontal_Med_Orb_R	236	0	502	8876	278	6114	670	202	0	0	520	0	250	0	0	0	0	0	538	1316	822	1440	220	10246	1744	0	598	7700	374	306	5160	16708	0	214	0	0	0	168	0	146	0	574	0	0	0	0	0	0	0	0	0	0	0	0	0	0	0	0	0	0	0	0	0	0	0	0	0	0	0	0	420	5384	0	3584	0	0	0	0	0	0	0	0	0	0	0	0	0	0	0	0	0	0	0	0	0	0	0	120	0	0	0	0	0	0	0	0	0	0	0	0	0	0	0	0	0	0	
145876	Rectus_L	0	0	3690	284	11860	166	1402	0	1354	0	0	0	490	0	3964	0	0	0	204	0	9606	5422	2460	436	2892	598	0	3350	3922	398	5994	3018	0	0	0	0	0	118	0	118	2170	474	0	0	0	0	0	0	0	0	0	0	0	0	0	0	0	0	0	0	0	0	0	0	0	0	0	0	0	0	4658	1950	464	738	0	0	0	0	0	0	0	0	628	0	0	0	0	0	0	0	0	0	0	0	0	0	0	110	0	0	0	0	0	0	0	0	0	0	0	0	0	0	0	0	0	0	
155356	Rectus_R	0	0	126	4334	976	7868	0	1464	0	104	0	0	0	0	650	434	0	0	0	200	5672	9494	0	2456	216	7700	3350	0	986	1128	2182	7826	0	0	0	0	0	962	220	960	904	2292	0	0	0	0	0	0	0	0	0	0	0	0	0	0	0	0	0	0	0	0	0	0	0	0	0	0	0	0	4950	4420	2122	2852	0	0	0	0	0	0	0	0	0	0	0	0	0	0	0	0	0	0	0	0	0	0	0	830	0	0	0	0	0	0	0	0	0	0	0	0	0	0	0	0	0	0	
686840	Insula_L	11894	860	30440	206	8936	0	22822	134	3568	0	22290	614	34650	0	25996	0	19172	0	14614	822	7362	1322	3256	250	336	374	3922	986	0	728	6556	2662	330	152	194	0	16280	0	1854	0	6966	0	368	0	0	0	0	0	0	0	0	0	934	0	10130	0	5786	0	0	0	0	0	116	0	0	0	220	0	142	584	8912	4980	19308	436	374	0	2338	0	7436	0	8486	0	9136	0	3858	0	0	0	9208	0	0	0	0	0	0	0	0	0	120	0	0	0	0	0	0	0	0	0	0	0	0	0	0	0	0	0	
429488	Insula_R	286	3998	500	12132	128	522	1074	6084	0	0	1196	24366	830	15426	144	7232	0	15544	2114	9706	660	4682	0	2644	0	306	398	1128	728	0	890	6696	292	2088	0	0	0	16536	0	6706	0	1126	0	0	0	0	0	106	0	0	0	0	0	0	0	10904	0	890	0	0	0	0	0	128	0	0	0	0	0	0	610	5450	272	22814	0	328	0	1042	0	3690	0	7134	0	378	0	5988	0	0	0	8094	0	106	0	0	0	0	0	506	0	142	0	0	0	0	0	0	0	0	0	0	0	0	0	0	0	0	
373928	Cingulum_Ant_L	360	886	19908	7732	6760	446	9438	1550	440	0	1938	816	4512	474	1926	120	0	0	7400	2914	4278	3128	20164	10676	4558	5160	5994	2182	6556	890	0	27240	5300	6908	0	0	0	316	0	252	212	466	0	0	0	0	0	0	0	0	0	0	0	0	0	0	0	0	0	0	0	0	0	0	0	0	0	0	0	0	4796	3394	4076	1900	0	0	0	0	0	0	206	0	462	0	0	0	0	0	100	0	0	0	0	0	0	0	0	130	0	0	0	0	0	0	0	0	0	0	0	0	0	0	0	0	0	0	
618940	Cingulum_Ant_R	1012	408	9740	35320	1406	4416	6722	4722	0	0	3528	3952	2378	5138	374	658	166	268	8622	14802	2608	3866	13996	34756	1246	16708	3018	7826	2662	6696	27240	0	4962	20686	0	0	0	1024	0	746	0	1550	0	0	0	0	0	0	0	0	0	0	0	0	0	0	0	0	0	0	0	0	0	0	0	0	0	0	0	0	2754	32984	1144	18510	0	0	0	312	0	0	0	0	122	0	0	0	0	0	0	0	0	0	0	0	0	0	0	422	0	0	0	0	0	0	0	0	0	0	0	0	0	0	0	0	0	0	
124436	Cingulum_Mid_L	470	290	4120	1686	0	0	826	374	0	0	0	482	188	258	158	0	0	0	7040	6668	0	0	3666	1384	0	0	0	0	330	292	5300	4962	0	14564	818	544	0	146	0	124	0	0	0	0	118	284	0	0	0	0	356	0	0	0	0	0	104	280	0	0	0	0	0	0	0	0	1744	1112	2064	1260	0	0	0	206	0	0	0	0	0	0	0	0	0	0	0	0	0	0	0	0	0	0	0	0	0	0	0	0	0	0	0	0	0	0	0	0	0	0	0	0	0	0	0	0	0	0	
504680	Cingulum_Mid_R	10556	2826	9800	16794	0	200	2798	4426	0	0	0	3714	0	1588	98	988	0	0	25538	35732	0	0	12132	17394	0	214	0	0	152	2088	6908	20686	14564	0	1560	4402	0	1250	0	988	0	182	0	4000	0	2862	0	318	0	480	0	438	0	848	0	294	836	3686	0	0	0	0	0	0	0	146	712	10918	10482	13854	350	1466	340	1778	106	0	0	250	0	0	0	0	0	0	0	0	0	0	0	0	0	0	0	0	0	0	0	382	0	0	0	0	0	0	0	0	0	0	0	0	216	0	0	0	0	0	
274536	Cingulum_Post_L	7232	260	0	0	0	0	636	0	0	0	0	0	0	0	0	0	810	0	0	0	0	0	0	0	0	0	0	0	194	0	0	0	818	1560	0	10478	5336	2246	2338	1128	0	0	5604	292	3386	478	1728	102	12566	116	6026	132	172	0	418	2104	7980	2752	4652	0	2582	250	2596	0	2504	0	26918	2372	8278	590	168	0	0	0	0	0	1944	0	190	0	2392	0	0	0	2884	0	0	0	1456	0	0	0	0	0	0	0	0	0	0	0	0	0	0	0	0	0	0	0	0	0	600	0	0	0	0	0	
179284	Cingulum_Post_R	7884	318	0	0	0	0	102	0	0	0	0	0	0	0	0	0	0	0	192	496	0	0	0	0	0	0	0	0	0	0	0	0	544	4402	10478	0	2320	5700	142	2814	0	0	0	1868	0	1562	0	2748	0	230	0	340	0	262	0	5646	1812	4990	0	0	0	266	0	0	0	0	662	12040	7894	1394	464	0	0	0	0	0	4950	894	0	0	0	0	0	0	0	184	0	0	0	0	0	0	0	0	0	0	0	204	0	0	0	0	0	0	0	0	0	0	0	0	5840	0	0	0	0	0	
300628	Hippocampus_L	9342	528	3090	0	0	0	350	0	0	0	1164	0	0	0	362	0	5384	0	3244	258	954	0	0	0	0	0	0	0	16280	0	0	0	0	0	5336	2320	0	1160	14376	574	8910	0	3094	0	0	0	3960	102	0	0	0	0	116	0	19362	214	3326	0	0	0	0	0	0	0	0	0	3736	514	3792	524	786	0	10278	0	1358	0	5356	0	2800	0	3266	0	2036	0	442	0	0	0	9748	0	252	0	106	0	0	294	324	0	296	0	0	0	0	0	0	0	0	0	158	266	176	0	0	0	0	0	
498160	Hippocampus_R	5030	6754	3352	7366	0	0	648	4440	0	0	0	4282	0	674	0	358	0	3124	4548	5302	236	2276	0	666	0	168	118	962	0	16536	316	1024	146	1250	2246	5700	1160	0	0	41952	0	14908	0	0	0	0	0	1382	0	0	0	0	0	0	0	38632	236	598	0	0	108	0	0	126	0	0	0	2268	3210	190	1974	2220	240	28186	0	1992	3494	5438	0	510	0	1332	0	862	0	2234	0	460	0	9288	0	614	0	0	0	0	0	6354	0	788	0	0	0	0	0	242	0	0	0	0	560	0	0	0	0	0	
106324	ParaHippocampal_L	1094	0	488	0	144	0	0	0	0	0	0	0	0	0	898	0	268	0	462	0	2070	238	0	0	0	0	0	220	1854	0	0	0	0	0	2338	142	14376	0	0	0	2832	0	1714	0	0	0	3334	0	0	0	0	0	162	0	8106	0	130	0	0	0	0	0	0	0	0	0	2042	0	162	0	686	0	1782	0	204	0	1130	0	128	0	334	0	1534	0	120	0	0	0	802	0	410	0	168	0	0	342	886	0	558	0	0	0	142	0	214	0	0	0	268	380	0	0	0	0	0	0	
333568	ParaHippocampal_R	2426	3058	1100	5802	0	0	190	2764	0	0	0	2634	0	462	0	366	0	1658	1984	3660	248	2036	0	610	0	146	118	960	0	6706	252	746	124	988	1128	2814	574	41952	0	0	0	7538	0	338	0	0	0	2628	0	0	0	0	0	0	0	22690	0	340	0	0	0	0	0	0	0	0	0	1958	1764	100	846	1500	222	19328	0	1680	1800	1966	0	0	0	394	0	800	0	744	0	1058	0	1460	0	1200	0	0	0	110	0	8180	0	1558	0	0	0	162	0	492	0	104	0	0	318	0	0	0	0	0	
92632	Amygdala_L	0	0	1302	0	2048	0	898	0	132	0	0	0	316	0	1724	0	148	0	130	0	5192	1014	148	0	0	0	2170	904	6966	0	212	0	0	0	0	0	8910	0	2832	0	0	0	0	0	0	0	0	0	0	0	0	0	0	0	4132	0	0	0	0	0	0	0	0	0	0	0	0	0	0	0	1444	278	1798	0	0	0	0	0	0	0	546	0	1282	0	0	0	0	0	1790	0	0	0	0	0	0	0	0	0	0	0	0	0	0	0	0	0	0	0	0	0	0	0	0	0	0	0	
127640	Amygdala_R	0	348	0	1582	236	0	0	1352	0	0	0	272	0	0	0	276	0	0	220	696	662	3630	0	912	0	574	474	2292	0	1126	466	1550	0	182	0	0	0	14908	0	7538	0	0	0	0	0	0	0	0	0	0	0	0	0	0	0	6376	0	0	0	0	0	0	0	0	0	0	0	0	0	0	1332	2746	486	7162	0	0	0	0	0	0	0	0	0	1424	0	0	0	1128	0	2084	0	0	0	0	0	0	0	1786	0	0	0	0	0	0	0	0	0	0	0	0	0	0	0	0	0	0	
310448	Calcarine_L	734	172	0	0	0	0	0	0	0	0	0	0	0	0	0	0	378	0	0	0	0	0	0	0	0	0	0	0	368	0	0	0	0	0	5604	0	3094	0	1714	0	0	0	0	9948	17194	7214	16006	2098	13142	1454	33340	122	8904	0	3784	122	1456	0	186	0	0	0	0	0	98	0	15276	794	924	0	0	0	0	0	0	0	0	0	400	0	0	0	0	0	5154	0	0	0	3324	0	288	148	0	0	0	0	152	0	590	154	0	0	0	0	0	0	0	0	0	0	168	552	168	0	0	0	
427888	Calcarine_R	1978	340	0	0	0	0	0	0	0	0	0	0	0	0	0	0	0	0	106	176	0	0	0	0	0	0	0	0	0	0	0	0	0	4000	292	1868	0	0	0	338	0	0	9948	0	6494	34204	4304	24280	218	21448	270	11794	0	8610	0	14024	450	10798	0	5504	0	1716	0	164	0	888	1188	35120	2350	6362	114	0	130	0	0	0	0	0	0	0	0	0	0	0	0	1410	0	0	0	160	232	118	0	0	0	0	0	200	250	564	0	0	0	0	0	0	0	0	0	0	862	672	0	0	0	0	
173440	Cuneus_L	256	0	0	0	0	0	0	0	0	0	0	0	0	0	0	0	0	0	0	0	0	0	0	0	0	0	0	0	0	0	0	0	118	0	3386	0	0	0	0	0	0	0	17194	6494	0	8790	1200	0	18146	2486	12066	0	368	0	130	0	304	0	1674	0	0	0	0	0	120	0	9526	1798	878	0	0	0	0	0	0	0	0	0	0	0	0	0	0	0	1110	0	0	0	676	0	0	0	0	0	0	0	0	0	0	0	0	0	0	0	0	0	0	0	0	0	0	0	0	0	0	0	
433612	Cuneus_R	418	1352	0	0	0	0	0	0	0	0	0	0	0	0	0	0	0	116	116	292	0	0	0	0	0	0	0	0	0	0	0	0	284	2862	478	1562	0	0	0	0	0	0	7214	34204	8790	0	2154	4238	360	47530	432	12476	0	1954	0	2120	0	6056	108	8532	0	3662	0	3286	0	7060	4068	42270	364	8892	0	0	0	0	0	0	0	0	0	0	0	804	0	0	0	1616	0	0	0	338	0	0	0	0	0	0	0	0	0	180	0	0	0	0	0	0	0	0	0	0	418	200	0	0	0	0	
284960	Lingual_L	230	0	0	0	0	0	0	0	0	0	0	0	0	0	0	0	0	0	0	0	0	0	0	0	0	0	0	0	0	0	0	0	0	0	1728	0	3960	0	3334	0	0	0	16006	4304	1200	2154	0	4486	1752	474	11712	0	6536	0	16976	684	0	0	0	0	0	0	0	0	0	0	3546	936	150	0	0	0	0	0	0	0	452	0	0	0	0	0	0	0	0	0	0	0	166	0	12708	2918	936	434	0	0	11516	2142	15494	3128	0	0	0	0	0	0	0	0	0	0	6024	4934	1460	0	0	0	
339080	Lingual_R	342	364	0	0	0	0	0	0	0	0	0	0	0	0	0	0	0	172	168	122	0	0	0	0	0	0	0	0	0	106	0	0	0	318	102	2748	102	1382	0	2628	0	0	2098	24280	0	4238	4486	0	0	3924	212	3482	0	4534	338	29092	0	2234	0	236	0	114	0	0	0	0	160	14504	222	366	0	298	0	224	0	0	116	740	0	144	0	0	0	0	0	758	0	0	0	368	3576	10180	342	304	0	130	3032	10050	4072	13638	0	0	0	0	0	0	0	0	0	0	10452	7414	628	0	0	0	
299428	Occipital_Sup_L	526	332	0	0	0	0	816	0	0	0	0	0	0	0	0	0	356	0	0	0	0	0	0	0	0	0	0	0	0	0	0	0	0	0	12566	0	0	0	0	0	0	0	13142	218	18146	360	1752	0	0	0	40610	0	1122	0	196	0	5686	0	13654	0	3894	0	886	0	2942	0	20204	748	1032	248	0	0	0	0	0	0	0	0	0	0	888	0	0	0	7090	0	0	0	2300	0	0	0	0	0	0	0	0	0	0	0	0	0	0	0	0	0	0	0	0	0	0	0	0	0	0	0	
374456	Occipital_Sup_R	258	1422	0	0	0	0	0	0	0	0	0	0	0	0	0	0	0	126	0	0	0	0	0	0	0	0	0	0	0	0	0	0	0	480	116	230	0	0	0	0	0	0	1454	21448	2486	47530	474	3924	0	0	0	23014	0	1246	0	1980	0	4302	0	9962	0	5002	0	3470	0	12674	2000	32024	230	8024	0	0	0	0	0	0	0	0	0	0	0	1498	0	0	0	1514	0	0	0	340	0	0	0	0	0	0	0	0	0	0	0	0	0	0	0	0	0	0	0	0	0	0	0	0	0	0	
550016	Occipital_Mid_L	1016	496	0	0	0	0	966	0	0	0	0	0	0	0	0	0	2008	0	0	0	0	0	0	0	0	0	0	0	0	0	0	0	356	0	6026	0	0	0	0	0	0	0	33340	270	12066	432	11712	212	40610	0	0	0	19190	0	5810	0	10818	0	20916	0	15122	0	6394	0	17110	0	20662	920	2100	314	148	0	0	0	0	0	0	0	98	0	2476	0	0	0	29658	0	0	0	11006	0	542	178	0	0	0	0	0	0	950	176	0	0	0	0	0	0	0	0	0	0	0	710	200	0	0	0	
213288	Occipital_Mid_R	442	340	0	0	0	0	0	0	0	0	0	0	0	0	0	0	0	0	0	0	0	0	0	0	0	0	0	0	0	0	0	0	0	438	132	340	0	0	0	0	0	0	122	11794	0	12476	0	3482	0	23014	0	0	0	7312	0	2204	0	3482	0	3474	0	2102	0	314	0	14020	714	10146	428	1464	0	0	0	0	0	0	0	0	0	0	0	506	0	0	0	7208	0	0	0	396	0	0	0	0	0	0	0	0	0	146	0	0	0	0	0	0	0	0	0	0	0	148	0	0	0	0	
129856	Occipital_Inf_L	302	0	104	0	0	0	0	0	0	0	0	0	0	0	0	0	742	0	0	0	0	0	0	0	0	0	0	0	934	0	0	0	0	0	172	0	116	0	162	0	0	0	8904	0	368	0	6536	0	1122	0	19190	0	0	0	8868	0	1664	0	250	0	0	0	0	0	0	0	2226	0	216	0	0	0	170	0	98	0	0	0	902	0	184	0	0	0	4208	0	0	0	5178	0	698	0	0	0	0	0	604	0	578	0	0	0	0	0	0	0	0	0	0	0	432	0	0	0	0	0	
116804	Occipital_Inf_R	602	122	0	0	0	0	0	0	0	0	0	0	0	0	0	0	0	0	0	0	0	0	0	0	0	0	0	0	0	0	0	0	0	848	0	262	0	0	0	0	0	0	0	8610	0	1954	0	4534	0	1246	0	7312	0	0	0	6472	0	2630	0	430	0	998	0	0	0	596	120	4032	630	718	0	0	0	0	0	0	0	0	0	0	0	0	0	0	0	6026	0	0	0	4620	726	138	0	0	0	0	124	188	740	1578	0	0	0	0	0	0	0	0	0	0	662	1484	0	0	0	0	
466828	Fusiform_L	1642	226	858	0	0	0	0	0	0	0	976	0	0	0	116	0	3938	0	574	132	550	0	0	0	0	0	0	0	10130	0	0	0	0	0	418	0	19362	0	8106	0	4132	0	3784	0	130	0	16976	338	196	0	5810	0	8868	0	0	0	2074	0	0	0	0	0	0	0	0	0	1386	0	106	226	424	0	3892	0	130	0	738	0	3150	0	7466	0	1816	0	5022	0	424	0	24522	0	28906	1150	5012	366	214	0	15228	978	31084	1332	254	0	1640	180	1014	0	178	0	0	0	3982	2038	1000	220	0	0	
624376	Fusiform_R	2404	5408	1760	1044	0	0	242	1370	0	0	0	1688	0	296	0	0	0	2460	2228	770	0	0	0	0	0	0	0	0	0	10904	0	0	0	294	2104	5646	214	38632	0	22690	0	6376	122	14024	0	2120	684	29092	0	1980	0	2204	0	6472	0	0	346	4532	0	352	100	240	0	208	0	106	188	11814	1438	380	370	3972	0	8648	0	886	670	5658	0	2412	0	2028	0	2590	0	4748	0	2368	0	16880	1898	20870	176	2542	0	522	1460	10838	2050	24512	0	416	0	976	0	774	0	246	0	0	7486	3260	0	0	0	0	
382924	Postcentral_L	37684	1936	3714	0	0	0	1984	0	0	0	1514	0	0	0	0	0	12134	0	2094	202	0	0	0	0	0	0	0	0	5786	0	0	0	104	836	7980	1812	3326	236	130	0	0	0	1456	450	304	0	0	0	5686	0	10818	0	1664	0	2074	346	0	2938	9978	0	16540	0	10140	0	1336	0	13326	770	7172	1560	4864	370	3434	0	360	0	1182	264	3094	0	2032	0	0	0	4846	0	0	0	2986	0	0	0	0	0	0	0	0	0	0	0	0	0	0	0	0	0	0	0	0	0	0	0	0	0	0	0	
294060	Postcentral_R	7066	16778	366	774	0	0	148	712	0	0	0	1952	0	0	0	0	0	3200	324	1610	0	0	0	0	0	0	0	0	0	890	0	0	280	3686	2752	4990	0	598	0	340	0	0	0	10798	0	6056	0	2234	0	4302	0	3482	0	2630	0	4532	2938	0	0	5640	0	7522	0	8286	0	924	446	13326	9766	10614	236	96	0	488	0	0	0	344	0	154	0	814	0	0	0	2294	0	0	0	2022	0	0	0	0	0	0	0	0	0	0	0	0	0	0	0	0	0	0	0	0	620	0	0	0	0	0	
198672	Parietal_Sup_L	1704	160	128	0	0	0	370	0	0	0	0	0	0	0	0	0	514	0	102	0	0	0	0	0	0	0	0	0	0	0	0	0	0	0	4652	0	0	0	0	0	0	0	186	0	1674	108	0	0	13654	0	20916	0	250	0	0	0	9978	0	0	0	16624	0	3462	0	5836	0	14724	928	248	100	312	0	0	0	0	0	0	0	0	0	624	0	0	0	1696	0	0	0	386	0	0	0	0	0	0	0	0	0	0	0	0	0	0	0	0	0	0	0	0	0	0	0	0	0	0	0	
134172	Parietal_Sup_R	0	474	0	0	0	0	0	0	0	0	0	0	0	0	0	0	0	104	0	0	0	0	0	0	0	0	0	0	0	0	0	0	0	0	0	0	0	0	0	0	0	0	0	5504	0	8532	0	236	0	9962	0	3474	0	430	0	352	0	5640	0	0	0	4078	0	1670	0	4448	968	15958	0	5030	0	0	0	0	0	0	0	0	0	0	0	226	0	0	0	0	0	0	0	0	0	0	0	0	0	0	0	0	0	0	0	0	0	0	0	0	0	0	0	0	0	0	0	0	0	0	
218392	Parietal_Inf_L	3264	1770	134	0	0	0	0	0	0	0	0	0	0	0	0	0	368	0	118	0	0	0	0	0	0	0	0	0	0	0	0	0	0	0	2582	0	0	108	0	0	0	0	0	0	0	0	0	0	3894	0	15122	0	0	0	0	100	16540	0	16624	0	0	0	20906	0	14856	0	3580	0	0	170	1810	104	0	0	0	0	0	128	0	0	826	0	0	0	4824	0	0	0	1368	0	0	0	0	0	0	0	0	0	0	0	0	0	0	0	0	0	0	0	0	0	0	0	0	0	0	0	
105152	Parietal_Inf_R	184	1506	0	0	0	0	0	0	0	0	0	0	0	0	0	0	0	0	0	0	0	0	0	0	0	0	0	0	0	0	0	0	0	0	250	266	0	0	0	0	0	0	0	1716	0	3662	0	114	0	5002	0	2102	0	998	0	240	0	7522	0	4078	0	0	0	7004	0	10262	0	4320	180	1800	0	0	0	0	0	0	0	0	0	0	0	316	0	0	0	1054	0	0	0	0	0	0	0	0	0	0	0	0	0	0	0	0	0	0	0	0	0	0	0	0	0	0	0	0	0	0	
153520	SupraMarginal_L	1146	1784	0	0	0	0	0	0	0	0	0	0	0	0	0	0	1314	0	0	0	0	0	0	0	0	0	0	0	116	0	0	0	0	0	2596	0	0	0	0	0	0	0	0	0	0	0	0	0	886	0	6394	0	0	0	0	0	10140	0	3462	0	20906	0	0	0	10060	0	3120	0	0	0	484	100	0	0	0	0	0	112	0	0	4858	0	0	0	7242	0	0	0	2040	0	0	0	0	0	0	0	0	0	0	0	0	0	0	0	0	0	0	0	0	0	0	0	0	0	0	0	
93884	SupraMarginal_R	128	2600	0	0	0	0	0	0	0	0	0	0	0	0	0	0	0	1194	0	0	0	0	0	0	0	0	0	0	0	128	0	0	0	0	0	0	0	126	0	0	0	0	0	164	0	3286	0	0	0	3470	0	314	0	0	0	208	0	8286	0	1670	0	7004	0	0	0	2928	0	4216	122	2046	0	0	0	0	0	0	0	0	0	0	0	4028	0	0	0	4206	0	0	0	818	0	0	0	0	0	0	0	0	0	0	0	0	0	0	0	0	0	0	0	0	0	0	0	0	0	0	
144548	Angular_L	0	0	0	0	0	0	198	0	0	0	0	0	0	0	0	0	440	0	0	0	0	0	0	0	0	0	0	0	0	0	0	0	0	0	2504	0	0	0	0	0	0	0	98	0	120	0	0	0	2942	0	17110	0	0	0	0	0	1336	0	5836	0	14856	0	10060	0	0	0	3384	0	0	0	0	0	0	0	0	0	0	0	0	0	2702	0	0	0	8188	0	0	0	2500	0	0	0	0	0	0	0	0	0	0	0	0	0	0	0	0	0	0	0	0	0	0	0	0	0	0	0	
141296	Angular_R	0	310	0	0	0	0	0	0	0	0	0	0	0	0	0	0	0	0	0	0	0	0	0	0	0	0	0	0	0	0	0	0	0	146	0	0	0	0	0	0	0	0	0	888	0	7060	0	0	0	12674	0	14020	0	596	0	106	0	924	0	4448	0	10262	0	2928	0	0	436	7794	0	2022	0	0	0	0	0	0	0	0	0	0	0	1742	0	0	0	4292	0	0	0	0	0	0	0	0	0	0	0	0	0	0	0	0	0	0	0	0	0	0	0	0	0	0	0	0	0	0	
388648	Precuneus_L	2002	482	0	0	0	0	712	0	0	0	0	0	0	0	0	0	1104	0	0	124	0	0	0	0	0	0	0	0	220	0	0	0	1744	712	26918	662	3736	0	2042	0	0	0	15276	1188	9526	4068	3546	160	20204	2000	20662	714	2226	120	1386	188	13326	446	14724	968	3580	0	3120	0	3384	436	0	9986	7212	550	0	0	0	0	0	0	0	0	240	0	2906	0	0	0	7588	0	0	0	3864	0	0	0	0	0	0	0	120	0	0	0	0	0	0	0	0	0	0	0	0	0	152	0	0	0	0	0	
577444	Precuneus_R	3852	2336	126	0	0	0	0	0	0	0	0	0	0	0	0	0	0	294	264	796	0	0	0	0	0	0	0	0	0	0	0	0	1112	10918	2372	12040	514	2268	0	1958	0	0	794	35120	1798	42270	936	14504	748	32024	920	10146	0	4032	0	11814	770	13326	928	15958	0	4320	0	4216	0	7794	9986	0	4058	19082	302	0	156	0	0	0	1120	230	0	0	0	1276	0	0	100	2204	0	0	0	400	0	268	0	0	0	0	0	1332	0	490	0	0	0	0	0	0	0	0	0	0	6224	226	0	0	0	0	
353036	Paracentral_Lobule_L	37628	7862	750	0	0	0	864	0	0	0	0	0	0	0	0	0	110	0	10362	8508	0	0	0	0	0	0	0	0	142	0	0	0	2064	10482	8278	7894	3792	3210	162	1764	0	0	924	2350	878	364	150	222	1032	230	2100	428	216	630	106	1438	7172	9766	248	0	0	180	0	122	0	0	7212	4058	0	16046	1424	136	888	0	994	0	11256	508	0	0	0	0	0	0	754	248	0	0	318	0	0	0	0	0	0	0	0	0	0	0	0	0	0	0	0	0	0	0	0	0	248	0	0	0	0	0	
309744	Paracentral_Lobule_R	11688	14796	690	156	0	0	452	0	0	0	0	0	0	0	0	0	256	152	4124	13166	0	0	0	0	0	0	0	0	584	0	0	0	1260	13854	590	1394	524	190	0	100	0	0	0	6362	0	8892	0	366	248	8024	314	1464	0	718	226	380	1560	10614	100	5030	170	1800	0	2046	0	2022	550	19082	16046	0	538	154	1710	0	600	0	452	172	126	0	0	282	0	0	0	352	0	0	162	0	0	0	0	0	0	0	0	0	0	0	0	0	0	0	0	0	0	0	0	0	334	0	0	0	0	0	
377412	Caudate_L	21110	4972	12302	916	2534	374	8114	1504	0	0	6978	284	4106	0	1878	0	1564	0	10422	734	8764	9000	420	242	500	420	4658	4950	8912	610	4796	2754	0	350	168	464	786	1974	686	846	1444	1332	0	114	0	0	0	0	0	0	148	0	0	0	424	370	4864	236	312	0	1810	0	484	0	0	0	0	302	1424	538	0	11468	14122	2414	1802	0	13216	218	306	0	224	0	1082	0	100	0	0	0	340	0	0	0	0	0	0	0	0	520	0	0	0	0	0	0	0	0	0	0	0	0	0	0	0	0	0	0	
435784	Caudate_R	3680	4016	4240	8982	946	1522	5886	1574	0	0	6322	3940	4776	1910	326	904	322	764	6076	18844	2942	7412	130	3866	0	5384	1950	4420	4980	5450	3394	32984	0	1466	0	0	0	2220	0	1500	278	2746	0	0	0	0	0	298	0	0	0	0	0	0	0	3972	370	96	0	0	104	0	100	0	0	0	0	0	136	154	11468	0	3706	20852	0	1406	392	17568	0	0	0	0	148	0	0	0	0	0	0	0	0	0	0	0	0	0	0	970	0	0	0	0	0	0	0	0	0	0	0	0	0	0	0	0	0	0	
331440	Putamen_L	16694	1686	18798	0	1192	124	3046	0	190	0	2394	0	2500	0	1668	0	5936	0	16774	888	3360	3142	874	0	0	0	464	2122	19308	272	4076	1144	0	340	0	0	10278	240	1782	222	1798	486	0	130	0	0	0	0	0	0	0	0	170	0	3892	0	3434	0	0	0	0	0	0	0	0	0	0	156	888	1710	14122	3706	0	1062	5886	0	2602	0	962	0	1600	0	800	0	360	0	0	0	1974	0	140	0	0	0	0	0	0	174	154	0	0	0	0	0	0	0	0	0	0	0	0	0	0	0	0	0	
469076	Putamen_R	584	4844	1338	18208	308	1260	470	7310	0	0	708	9576	342	3660	0	962	0	4556	3620	13128	818	2720	188	4260	0	3584	738	2852	436	22814	1900	18510	206	1778	0	0	0	28186	0	19328	0	7162	0	0	0	0	0	224	0	0	0	0	0	0	0	8648	0	488	0	0	0	0	0	0	0	0	0	0	0	0	2414	20852	1062	0	0	2372	0	2600	0	100	0	1310	0	228	0	984	0	0	0	2042	0	0	0	0	0	124	0	4630	0	0	0	0	0	0	0	0	0	0	0	106	0	0	0	0	0	0	
57060	Pallidum_L	4514	676	3570	0	0	0	0	0	0	0	0	0	0	0	0	0	698	0	4956	220	0	0	0	0	0	0	0	0	374	0	0	0	0	106	0	0	1358	0	204	0	0	0	0	0	0	0	0	0	0	0	0	0	98	0	130	0	360	0	0	0	0	0	0	0	0	0	0	0	994	600	1802	0	5886	0	0	0	1572	0	412	0	0	0	0	0	0	0	0	0	0	0	0	0	0	0	0	0	0	0	0	0	0	0	0	0	0	0	0	0	0	0	0	0	0	0	0	0	
26712	Pallidum_R	154	282	562	882	0	0	0	140	0	0	0	304	0	0	0	0	0	108	638	1622	0	0	0	0	0	0	0	0	0	328	0	0	0	0	0	0	0	1992	0	1680	0	0	0	0	0	0	0	0	0	0	0	0	0	0	0	886	0	0	0	0	0	0	0	0	0	0	0	0	0	0	0	1406	0	2372	0	0	0	0	0	0	0	0	0	0	0	0	0	0	0	0	0	0	0	0	0	0	0	0	0	0	0	0	0	0	0	0	0	0	0	0	0	0	0	0	0	0	
163184	Thalamus_L	13850	524	628	0	0	0	1246	0	0	0	0	0	0	0	0	0	628	0	4692	186	0	0	0	0	0	0	0	0	2338	0	0	0	0	0	1944	4950	5356	3494	1130	1800	0	0	0	0	0	0	452	116	0	0	0	0	0	0	738	670	1182	0	0	0	0	0	0	0	0	0	0	1120	11256	452	13216	392	2602	0	1572	0	0	4198	250	0	192	0	0	0	0	0	0	0	418	0	0	0	0	0	0	0	0	0	0	0	0	0	0	0	0	0	0	0	0	0	0	0	0	0	0	0	
118816	Thalamus_R	1626	7296	982	410	0	0	510	1234	0	0	0	766	0	0	0	0	0	632	1556	1370	0	0	0	0	0	0	0	0	0	1042	0	312	0	250	0	894	0	5438	0	1966	0	0	0	0	0	0	0	740	0	0	0	0	0	0	0	5658	264	344	0	0	128	0	112	0	0	0	0	230	508	172	218	17568	0	2600	0	0	4198	0	0	0	0	0	0	0	0	0	0	0	0	0	0	0	0	0	0	138	0	0	0	0	0	0	0	0	0	0	0	0	102	144	0	0	0	0	0	0	
80436	Heschl_L	2178	130	604	0	0	0	242	0	0	0	342	0	0	0	0	0	6194	0	496	0	0	0	0	0	0	0	0	0	7436	0	0	0	0	0	190	0	2800	0	128	0	0	0	400	0	0	0	0	0	0	0	98	0	902	0	3150	0	3094	0	0	0	0	0	0	0	0	0	240	0	0	126	306	0	962	0	412	0	250	0	0	0	2730	0	0	0	2250	0	0	0	4558	0	0	0	0	0	0	0	0	0	0	0	0	0	0	0	0	0	0	0	0	0	0	0	0	0	0	0	
48068	Heschl_R	0	788	0	0	0	0	0	0	0	0	0	0	0	0	0	0	0	4438	0	336	0	0	0	0	0	0	0	0	0	3690	0	0	0	0	0	0	0	510	0	0	0	0	0	0	0	0	0	144	0	0	0	0	0	0	0	2412	0	154	0	0	0	0	0	0	0	0	0	0	0	0	0	0	0	100	0	0	0	0	0	0	0	5246	0	0	0	3486	0	0	0	2730	0	0	0	0	0	0	0	0	0	0	0	0	0	0	0	0	0	0	0	0	0	0	0	0	0	0	
194576	Temporal_Sup_L	1010	0	774	0	0	0	166	0	0	0	1658	0	0	0	0	0	9482	0	724	0	0	0	0	0	0	0	0	0	8486	0	206	0	0	0	2392	0	3266	0	334	0	546	0	0	0	0	0	0	0	888	0	2476	0	184	0	7466	0	2032	0	624	0	826	0	4858	0	2702	0	2906	0	0	0	224	0	1600	0	0	0	192	0	2730	0	0	0	772	0	22892	0	0	0	14770	0	0	0	0	0	0	0	0	0	102	0	0	0	0	0	0	0	0	0	0	0	0	0	0	0	0	0	
118964	Temporal_Sup_R	0	534	0	216	0	0	0	106	0	0	0	186	0	0	0	0	0	5044	0	364	0	0	0	0	0	0	0	0	0	7134	0	0	0	0	0	0	0	1332	0	394	0	0	0	0	0	804	0	0	0	1498	0	506	0	0	0	2028	0	814	0	226	0	316	0	4028	0	1742	0	1276	0	282	0	0	0	1310	0	0	0	0	0	5246	0	0	0	1306	0	17644	0	128	0	5018	0	0	0	0	0	0	0	0	0	0	0	0	0	0	0	0	0	0	0	0	0	0	0	0	0	0	
100180	Temporal_Pole_Sup_L	190	0	888	0	1244	0	486	0	0	0	3828	0	1154	0	3592	0	1086	0	562	0	2198	158	202	0	0	0	628	0	9136	0	462	122	0	0	0	0	2036	0	1534	0	1282	0	0	0	0	0	0	0	0	0	0	0	0	0	1816	0	0	0	0	0	0	0	0	0	0	0	0	0	0	0	1082	148	800	0	0	0	0	0	0	0	772	0	0	0	4880	0	3838	0	5966	0	0	0	0	0	0	0	0	0	0	0	0	0	0	0	0	0	0	0	0	0	0	0	0	0	0	0	
33880	Temporal_Pole_Sup_R	0	0	0	0	0	0	0	0	0	0	0	0	0	0	0	0	0	266	0	0	0	0	0	0	0	0	0	0	0	378	0	0	0	0	0	0	0	862	0	800	0	1424	0	0	0	0	0	0	0	0	0	0	0	0	0	2590	0	0	0	0	0	0	0	0	0	0	0	0	0	0	0	0	0	228	0	0	0	0	0	0	0	1306	0	0	0	2650	0	4128	0	2308	0	0	0	0	0	0	0	0	0	0	0	0	0	0	0	0	0	0	0	0	0	0	0	0	0	0	
344024	Temporal_Mid_L	700	98	498	0	0	0	122	0	0	0	224	0	0	0	0	0	3736	0	240	0	0	0	0	0	0	0	0	0	3858	0	0	0	0	0	2884	0	442	0	120	0	0	0	5154	0	1110	0	0	0	7090	0	29658	0	4208	0	5022	0	4846	0	1696	0	4824	0	7242	0	8188	0	7588	100	754	0	100	0	360	0	0	0	0	0	2250	0	22892	0	4880	0	0	0	2718	0	36944	0	852	0	226	0	0	0	0	0	388	0	0	0	0	0	0	0	0	0	0	0	0	0	0	0	0	0	
188868	Temporal_Mid_R	252	584	0	0	0	0	0	0	0	0	0	0	0	0	0	0	0	2570	112	0	0	0	0	0	0	0	0	0	0	5988	0	0	0	0	0	184	0	2234	0	744	0	0	0	1410	0	1616	0	758	0	1514	0	7208	0	6026	0	4748	0	2294	0	0	0	1054	0	4206	0	4292	0	2204	248	352	0	0	0	984	0	0	0	0	0	3486	0	17644	0	2650	0	0	0	1326	0	17746	0	0	0	0	0	0	0	0	0	0	0	0	0	0	0	0	0	0	0	0	0	0	0	0	0	0	
21164	Temporal_Pole_Mid_L	0	0	0	0	0	0	0	0	0	0	0	0	0	0	0	0	0	0	0	0	0	0	0	0	0	0	0	0	0	0	0	0	0	0	0	0	0	0	0	0	0	0	0	0	0	0	0	0	0	0	0	0	0	0	424	0	0	0	0	0	0	0	0	0	0	0	0	0	0	0	0	0	0	0	0	0	0	0	0	0	0	0	3838	0	2718	0	0	0	3602	0	0	0	0	0	0	0	0	0	0	0	0	0	0	0	0	0	0	0	0	0	0	0	0	0	0	0	
25680	Temporal_Pole_Mid_R	0	0	0	0	0	0	0	0	0	0	0	0	0	0	0	0	0	0	0	0	0	0	0	0	0	0	0	0	0	0	0	0	0	0	0	0	0	460	0	1058	0	1128	0	0	0	0	0	0	0	0	0	0	0	0	0	2368	0	0	0	0	0	0	0	0	0	0	0	0	0	0	0	0	0	0	0	0	0	0	0	0	0	128	0	4128	0	1326	0	0	0	2244	0	0	0	0	0	0	0	0	0	0	0	0	0	0	0	0	0	0	0	0	0	0	0	0	0	0	
347056	Temporal_Inf_L	890	168	712	0	0	0	102	0	0	0	754	0	0	0	0	0	4414	0	352	0	0	0	0	0	0	0	0	0	9208	0	100	0	0	0	1456	0	9748	0	802	0	1790	0	3324	0	676	0	166	0	2300	0	11006	0	5178	0	24522	0	2986	0	386	0	1368	0	2040	0	2500	0	3864	0	318	162	340	0	1974	0	0	0	418	0	4558	0	14770	0	5966	0	36944	0	3602	0	0	0	7382	0	2364	0	0	0	292	0	3144	0	346	0	136	0	0	0	0	0	0	0	0	0	0	0	0	0	
179472	Temporal_Inf_R	0	862	0	0	0	0	0	0	0	0	0	0	0	0	0	0	0	1808	0	0	0	0	0	0	0	0	0	0	0	8094	0	0	0	0	0	0	0	9288	0	1460	0	2084	0	160	0	338	0	368	0	340	0	396	0	4620	0	16880	0	2022	0	0	0	0	0	818	0	0	0	400	0	0	0	0	0	2042	0	0	0	0	0	2730	0	5018	0	2308	0	17746	0	2244	0	0	0	4942	0	930	0	0	0	220	0	1522	0	96	0	0	0	0	0	0	0	0	0	0	0	0	0	0	
699964	Cerebelum_Crus1_L	0	0	0	0	0	0	0	0	0	0	0	0	0	0	0	0	0	0	0	0	0	0	0	0	0	0	0	0	0	0	0	0	0	0	0	0	252	0	410	0	0	0	288	232	0	0	12708	3576	0	0	542	0	698	726	28906	1898	0	0	0	0	0	0	0	0	0	0	0	0	0	0	0	0	140	0	0	0	0	0	0	0	0	0	0	0	852	0	0	0	7382	0	0	14622	45072	9718	658	184	31560	5998	78776	13754	14310	1100	16578	1504	3046	0	564	0	0	0	16128	21120	14174	2370	136	0	
623688	Cerebelum_Crus1_R	0	0	0	0	0	0	0	0	0	0	0	0	0	0	0	0	0	0	0	0	0	0	0	0	0	0	0	0	0	106	0	0	0	0	0	0	0	614	0	1200	0	0	148	118	0	0	2918	10180	0	0	178	0	0	138	1150	20870	0	0	0	0	0	0	0	0	0	0	0	268	0	0	0	0	0	0	0	0	0	0	0	0	0	0	0	0	0	0	0	0	0	4942	14622	0	4392	42632	644	2918	6830	22102	17334	66374	764	8412	1480	15480	518	4740	0	1018	542	1118	15828	23560	13026	2116	1646	918	
371780	Cerebelum_Crus2_L	0	0	0	0	0	0	0	0	0	0	0	0	0	0	0	0	0	0	0	0	0	0	0	0	0	0	0	0	0	0	0	0	0	0	0	0	106	0	168	0	0	0	0	0	0	0	936	342	0	0	0	0	0	0	5012	176	0	0	0	0	0	0	0	0	0	0	0	0	0	0	0	0	0	0	0	0	0	0	0	0	0	0	0	0	226	0	0	0	2364	0	45072	4392	0	7980	360	0	6442	954	21270	2910	30658	1942	26752	1070	4298	0	252	0	0	0	1760	7044	10524	2766	114	0	
464740	Cerebelum_Crus2_R	0	0	0	0	0	0	0	0	0	0	0	0	0	0	0	0	0	0	0	0	0	0	0	0	0	0	0	0	0	0	0	0	0	0	0	0	0	0	0	0	0	0	0	0	0	0	434	304	0	0	0	0	0	0	366	2542	0	0	0	0	0	0	0	0	0	0	0	0	0	0	0	0	0	0	0	0	0	0	0	0	0	0	0	0	0	0	0	0	0	930	9718	42632	7980	0	1406	2576	5862	5424	12984	21616	3374	22950	4496	26028	1888	5642	0	716	944	1856	6852	14872	18142	6258	2318	1260	
65056	Cerebelum_3_L	0	0	0	0	0	0	0	0	0	0	0	0	0	0	0	0	0	0	0	0	0	0	0	0	0	0	0	0	0	0	0	0	0	0	0	0	0	0	0	0	0	0	0	0	0	0	0	0	0	0	0	0	0	0	214	0	0	0	0	0	0	0	0	0	0	0	0	0	0	0	0	0	0	0	0	0	0	0	0	0	0	0	0	0	0	0	0	0	0	0	658	644	360	1406	0	392	7056	130	2776	256	0	352	1288	1160	2770	468	0	0	1660	2128	1626	1814	1962	1620	1166	622	
82052	Cerebelum_3_R	0	0	0	0	0	0	0	0	0	0	0	0	0	0	0	0	0	0	0	0	0	0	0	0	0	0	0	0	0	0	0	0	0	0	0	0	294	0	342	110	0	0	0	0	0	0	0	130	0	0	0	0	0	0	0	522	0	0	0	0	0	0	0	0	0	0	0	0	0	0	0	0	0	124	0	0	0	138	0	0	0	0	0	0	0	0	0	0	0	0	184	2918	0	2576	392	0	1292	5902	1102	3790	0	378	148	3758	172	3512	0	0	756	3392	1918	1488	1374	1758	2440	116	
448332	Cerebelum_4_5_L	0	0	0	0	0	0	0	0	0	0	0	0	0	0	0	0	0	0	0	0	0	0	0	0	0	0	0	0	0	0	0	0	0	0	0	0	324	0	886	0	0	0	152	0	0	0	11516	3032	0	0	0	0	604	124	15228	1460	0	0	0	0	0	0	0	0	0	0	120	0	0	0	0	0	0	0	0	0	0	0	0	0	0	0	0	0	0	0	0	0	292	0	31560	6830	6442	5862	7056	1292	0	9242	42208	7692	614	672	4724	3224	7628	910	1058	0	1290	2132	24594	9674	7638	4882	2372	832	
368048	Cerebelum_4_5_R	0	0	0	1774	0	0	0	508	0	0	0	0	0	0	0	128	0	0	300	1050	224	1260	0	378	0	120	110	830	0	506	130	422	0	382	0	204	0	6354	0	8180	0	1786	0	200	0	0	2142	10050	0	0	0	0	0	188	978	10838	0	0	0	0	0	0	0	0	0	0	0	1332	0	0	520	970	174	4630	0	0	0	0	0	0	0	0	0	0	0	0	0	0	0	220	5998	22102	954	5424	130	5902	9242	0	7444	30266	0	570	252	4218	102	2186	0	286	0	560	19974	5070	3316	2286	854	0	
742184	Cerebelum_6_L	0	0	0	0	0	0	0	0	0	0	0	0	0	0	0	0	0	0	0	0	0	0	0	0	0	0	0	0	120	0	0	0	0	0	0	0	296	0	558	0	0	0	590	250	0	0	15494	4072	0	0	950	0	578	740	31084	2050	0	0	0	0	0	0	0	0	0	0	0	0	0	0	0	0	154	0	0	0	0	0	0	0	102	0	0	0	388	0	0	0	3144	0	78776	17334	21270	12984	2776	1102	42208	7444	0	15848	5060	1210	11736	4784	6030	578	876	0	882	1586	21422	29776	18862	5240	1944	794	
537112	Cerebelum_6_R	0	0	0	0	0	0	0	0	0	0	0	0	0	0	0	0	0	0	0	0	0	0	0	0	0	0	0	0	0	142	0	0	0	0	0	0	0	788	0	1558	0	0	154	564	0	180	3128	13638	0	0	176	146	0	1578	1332	24512	0	0	0	0	0	0	0	0	0	0	0	490	0	0	0	0	0	0	0	0	0	0	0	0	0	0	0	0	0	0	0	0	0	1522	13754	66374	2910	21616	256	3790	7692	30266	15848	0	144	1338	158	5030	198	978	0	710	0	0	18338	21894	6866	390	98	0	
210960	Cerebelum_7b_L	0	0	0	0	0	0	0	0	0	0	0	0	0	0	0	0	0	0	0	0	0	0	0	0	0	0	0	0	0	0	0	0	0	0	0	0	0	0	0	0	0	0	0	0	0	0	0	0	0	0	0	0	0	0	254	0	0	0	0	0	0	0	0	0	0	0	0	0	0	0	0	0	0	0	0	0	0	0	0	0	0	0	0	0	0	0	0	0	346	0	14310	764	30658	3374	0	0	614	0	5060	144	0	1604	30414	730	6296	0	850	0	0	0	216	1712	5100	3034	0	0	
177684	Cerebelum_7b_R	0	0	0	0	0	0	0	0	0	0	0	0	0	0	0	0	0	0	0	0	0	0	0	0	0	0	0	0	0	0	0	0	0	0	0	0	0	0	0	0	0	0	0	0	0	0	0	0	0	0	0	0	0	0	0	416	0	0	0	0	0	0	0	0	0	0	0	0	0	0	0	0	0	0	0	0	0	0	0	0	0	0	0	0	0	0	0	0	0	96	1100	8412	1942	22950	352	378	672	570	1210	1338	1604	0	1900	25586	558	7266	0	684	436	724	890	1156	3326	3558	960	758	
295856	Cerebelum_8_L	0	0	0	0	0	0	0	0	0	0	0	0	0	0	0	0	0	0	0	0	0	0	0	0	0	0	0	0	0	0	0	0	0	0	0	0	0	0	142	0	0	0	0	0	0	0	0	0	0	0	0	0	0	0	1640	0	0	0	0	0	0	0	0	0	0	0	0	0	0	0	0	0	0	0	0	0	0	0	0	0	0	0	0	0	0	0	0	0	136	0	16578	1480	26752	4496	1288	148	4724	252	11736	158	30414	1900	0	2052	21454	856	2990	0	286	466	1038	3334	6322	5492	1304	490	
327952	Cerebelum_8_R	0	0	0	0	0	0	0	0	0	0	0	0	0	0	0	0	0	0	0	0	0	0	0	0	0	0	0	0	0	0	0	0	0	0	0	0	0	0	0	162	0	0	0	0	0	0	0	0	0	0	0	0	0	0	180	976	0	0	0	0	0	0	0	0	0	0	0	0	0	0	0	0	0	0	0	0	0	0	0	0	0	0	0	0	0	0	0	0	0	0	1504	15480	1070	26028	1160	3758	3224	4218	4784	5030	730	25586	2052	0	1674	25582	148	2694	1656	4080	4434	5268	7186	7086	5590	2636	
158832	Cerebelum_9_L	0	0	0	0	0	0	0	0	0	0	0	0	0	0	0	0	0	0	0	0	0	0	0	0	0	0	0	0	0	0	0	0	0	0	0	0	0	0	214	0	0	0	0	0	0	0	0	0	0	0	0	0	0	0	1014	0	0	0	0	0	0	0	0	0	0	0	0	0	0	0	0	0	0	0	0	0	0	0	0	0	0	0	0	0	0	0	0	0	0	0	3046	518	4298	1888	2770	172	7628	102	6030	198	6296	558	21454	1674	0	1854	4776	0	1028	1364	1486	2072	2536	2774	2326	1340	
164596	Cerebelum_9_R	0	0	0	0	0	0	0	0	0	0	0	0	0	0	0	0	0	0	0	0	0	0	0	0	0	0	0	0	0	0	0	0	0	0	0	0	0	242	0	492	0	0	0	0	0	0	0	0	0	0	0	0	0	0	0	774	0	0	0	0	0	0	0	0	0	0	0	0	0	0	0	0	0	0	0	0	0	0	0	0	0	0	0	0	0	0	0	0	0	0	0	4740	0	5642	468	3512	910	2186	578	978	0	7266	856	25582	1854	0	496	2008	2174	4658	1484	978	1224	3340	6382	3474	
24376	Cerebelum_10_L	0	0	0	0	0	0	0	0	0	0	0	0	0	0	0	0	0	0	0	0	0	0	0	0	0	0	0	0	0	0	0	0	0	0	0	0	0	0	0	0	0	0	0	0	0	0	0	0	0	0	0	0	0	0	178	0	0	0	0	0	0	0	0	0	0	0	0	0	0	0	0	0	0	0	0	0	0	0	0	0	0	0	0	0	0	0	0	0	0	0	564	0	252	0	0	0	1058	0	876	0	850	0	2990	148	4776	496	0	0	0	0	0	0	0	0	0	0	
16932	Cerebelum_10_R	0	0	0	0	0	0	0	0	0	0	0	0	0	0	0	0	0	0	0	0	0	0	0	0	0	0	0	0	0	0	0	0	0	0	0	0	0	0	0	104	0	0	0	0	0	0	0	0	0	0	0	0	0	0	0	246	0	0	0	0	0	0	0	0	0	0	0	0	0	0	0	0	0	0	0	0	0	0	0	0	0	0	0	0	0	0	0	0	0	0	0	1018	0	716	0	0	0	286	0	710	0	684	0	2694	0	2008	0	0	0	0	0	0	0	0	0	0	
54792	Vermis_1_2	0	0	0	0	0	0	0	0	0	0	0	0	0	0	0	0	0	0	0	0	0	0	0	0	0	0	0	0	0	0	0	0	0	0	0	0	158	0	268	0	0	0	0	0	0	0	0	0	0	0	0	0	0	0	0	0	0	0	0	0	0	0	0	0	0	0	0	0	0	0	0	0	0	0	0	0	0	102	0	0	0	0	0	0	0	0	0	0	0	0	0	542	0	944	1660	756	1290	0	882	0	0	436	286	1656	1028	2174	0	0	0	5570	1612	746	1310	2008	2196	1772	
