data	data	422244	385408	894644	738680	119004	70416	314012	174820	68668	15768	265444	242216	235552	113348	120628	44000	235208	100216	883824	860500	67168	82352	234108	263340	24496	40728	35252	56016	495296	278240	222216	472852	108760	482596	217980	274072	250096	293920	111772	166232	51948	62728	358544	335908	274316	315744	398028	609752	258324	304308	595000	225796	180212	126332	525428	670784	355232	233272	207676	138712	262300	185856	145388	182508	129652	143320	357952	457696	221568	164692	263240	399124	329768	338088	88748	45328	146348	192840	109040	10320	249208	100608	61804	35056	354100	218652	22984	13436	249652	165884	575508	605300	523168	496216	116548	117168	462540	344632	637252	617388	368480	214268	503272	344876	182868	110380	27576	3584	20464	190204	471420	276728	306880	228992	89080	24992	
data	data	Precentral_L	Precentral_R	Frontal_Sup_L	Frontal_Sup_R	Frontal_Sup_Orb_L	Frontal_Sup_Orb_R	Frontal_Mid_L	Frontal_Mid_R	Frontal_Mid_Orb_L	Frontal_Mid_Orb_R	Frontal_Inf_Oper_L	Frontal_Inf_Oper_R	Frontal_Inf_Tri_L	Frontal_Inf_Tri_R	Frontal_Inf_Orb_L	Frontal_Inf_Orb_R	Rolandic_Oper_L	Rolandic_Oper_R	Supp_Motor_Area_L	Supp_Motor_Area_R	Olfactory_L	Olfactory_R	Frontal_Sup_Medial_L	Frontal_Sup_Medial_R	Frontal_Med_Orb_L	Frontal_Med_Orb_R	Rectus_L	Rectus_R	Insula_L	Insula_R	Cingulum_Ant_L	Cingulum_Ant_R	Cingulum_Mid_L	Cingulum_Mid_R	Cingulum_Post_L	Cingulum_Post_R	Hippocampus_L	Hippocampus_R	ParaHippocampal_L	ParaHippocampal_R	Amygdala_L	Amygdala_R	Calcarine_L	Calcarine_R	Cuneus_L	Cuneus_R	Lingual_L	Lingual_R	Occipital_Sup_L	Occipital_Sup_R	Occipital_Mid_L	Occipital_Mid_R	Occipital_Inf_L	Occipital_Inf_R	Fusiform_L	Fusiform_R	Postcentral_L	Postcentral_R	Parietal_Sup_L	Parietal_Sup_R	Parietal_Inf_L	Parietal_Inf_R	SupraMarginal_L	SupraMarginal_R	Angular_L	Angular_R	Precuneus_L	Precuneus_R	Paracentral_Lobule_L	Paracentral_Lobule_R	Caudate_L	Caudate_R	Putamen_L	Putamen_R	Pallidum_L	Pallidum_R	Thalamus_L	Thalamus_R	Heschl_L	Heschl_R	Temporal_Sup_L	Temporal_Sup_R	Temporal_Pole_Sup_L	Temporal_Pole_Sup_R	Temporal_Mid_L	Temporal_Mid_R	Temporal_Pole_Mid_L	Temporal_Pole_Mid_R	Temporal_Inf_L	Temporal_Inf_R	Cerebelum_Crus1_L	Cerebelum_Crus1_R	Cerebelum_Crus2_L	Cerebelum_Crus2_R	Cerebelum_3_L	Cerebelum_3_R	Cerebelum_4_5_L	Cerebelum_4_5_R	Cerebelum_6_L	Cerebelum_6_R	Cerebelum_7b_L	Cerebelum_7b_R	Cerebelum_8_L	Cerebelum_8_R	Cerebelum_9_L	Cerebelum_9_R	Cerebelum_10_L	Cerebelum_10_R	Vermis_1_2	Vermis_3	Vermis_4_5	Vermis_6	Vermis_7	Vermis_8	Vermis_9	Vermis_10	
422244	Precentral_L	0	7502	16712	3140	0	0	10026	0	0	0	14214	0	802	0	0	0	14362	0	18372	14154	0	0	0	0	0	0	0	0	10068	0	0	558	0	3126	6044	5832	2752	2020	0	0	0	0	480	0	0	0	0	864	0	0	868	0	0	0	464	1176	27096	1148	118	0	1242	556	780	566	190	0	1036	512	13076	4240	1726	958	1560	252	1386	0	3786	954	5874	0	7814	0	0	0	1458	0	0	0	408	0	0	0	0	0	0	0	0	558	0	0	0	0	0	0	0	0	0	0	0	0	292	0	0	0	0	0	
385408	Precentral_R	7502	0	3218	10004	0	0	616	8404	0	0	128	18582	0	0	0	0	1292	1828	5008	12808	0	0	0	0	0	0	0	0	456	8340	206	518	132	598	802	994	444	4854	0	1202	0	186	448	284	0	0	0	2510	0	0	222	0	0	668	0	6210	2250	21584	0	372	0	2282	0	3010	0	132	0	1516	3440	5016	3502	9264	2148	3846	590	830	2578	18770	980	338	1134	2698	0	0	0	3700	0	0	0	2972	0	0	0	0	0	0	0	1288	0	0	0	0	0	0	0	0	0	0	0	0	0	0	0	0	0	0	
894644	Frontal_Sup_L	16712	3218	0	10894	8000	0	56390	790	2828	0	21020	1252	21268	0	6246	144	10828	366	102244	15934	0	0	31342	2222	1064	0	0	0	26422	516	14214	4884	6102	3014	1182	148	2054	288	106	0	0	0	198	0	148	0	0	0	0	0	298	0	0	0	1668	106	8198	1316	0	0	404	1328	144	1382	0	0	222	0	1070	164	7290	4262	22824	2096	9642	106	1074	508	2230	0	5982	0	1124	0	604	0	0	0	1242	0	0	0	0	0	0	0	0	0	0	0	0	0	0	0	0	0	0	0	0	0	0	0	0	0	0	0	
738680	Frontal_Sup_R	3140	10004	10894	0	0	3574	176	23598	0	0	1062	15308	1024	10102	0	1664	300	6834	33062	83000	284	276	10104	32890	0	1418	0	464	1510	11234	3614	37214	720	21394	0	0	0	1152	0	322	0	0	110	0	0	0	0	0	0	0	0	0	0	0	0	480	412	1170	0	0	0	0	0	0	0	0	0	0	1188	266	1536	16286	1026	14842	516	570	268	2594	0	0	0	1234	0	504	0	0	0	0	0	0	0	0	0	0	0	0	0	0	0	0	0	0	0	0	0	0	0	0	0	0	0	0	0	0	0	0	
119004	Frontal_Sup_Orb_L	0	0	8000	0	0	0	1902	0	10090	0	352	0	3728	0	10268	0	0	0	800	0	1374	0	2300	0	2598	0	3302	0	6186	0	2050	0	0	0	0	0	0	0	0	0	318	0	0	0	0	0	0	0	0	0	0	0	0	0	0	0	0	0	0	0	0	0	0	0	0	0	0	0	0	0	318	0	5256	0	0	0	0	0	0	0	0	0	660	0	0	0	0	0	0	0	0	0	0	0	0	0	0	0	0	0	0	0	0	0	0	0	0	0	0	0	0	0	0	0	0	0	
70416	Frontal_Sup_Orb_R	0	0	0	3574	0	0	0	190	0	3460	0	0	0	408	0	634	0	0	0	784	558	1326	168	1926	0	4734	0	5780	0	676	176	2008	0	0	0	0	0	0	0	0	0	0	0	0	0	0	0	0	0	0	0	0	0	0	0	0	0	0	0	0	0	0	0	0	0	0	0	0	0	0	752	4212	358	3484	0	0	0	0	0	0	0	0	0	0	0	0	0	0	0	0	0	0	0	0	0	0	0	0	0	0	0	0	0	0	0	0	0	0	0	0	0	0	0	0	0	0	
314012	Frontal_Mid_L	10026	616	56390	176	1902	0	0	208	1176	0	7168	282	22928	0	3662	0	2450	122	11768	642	0	0	9922	204	0	0	0	0	7782	196	2192	1020	944	244	478	408	1142	138	0	0	0	0	120	0	0	0	0	0	0	0	0	0	0	0	214	0	1180	104	0	0	308	0	0	0	0	0	150	110	0	118	2366	1012	2146	232	774	0	1100	0	1236	0	1054	0	0	0	246	0	0	0	232	0	0	0	0	0	0	0	0	0	0	0	0	0	0	0	0	0	0	0	0	0	118	0	0	0	0	0	
174820	Frontal_Mid_R	0	8404	790	23598	0	190	208	0	0	0	190	6612	296	8490	0	1050	0	236	6512	12162	0	0	482	1700	0	0	0	0	246	1892	2216	5652	0	4492	0	0	0	0	0	0	0	0	0	0	0	0	0	0	0	0	0	0	0	0	0	0	0	474	0	0	0	194	0	198	0	0	0	0	0	0	226	410	0	490	0	0	0	0	0	0	0	0	0	0	0	0	0	0	0	0	0	0	0	0	0	0	0	0	0	0	0	0	0	0	0	0	0	0	0	0	0	0	0	0	0	0	
68668	Frontal_Mid_Orb_L	0	0	2828	0	10090	0	1176	0	0	0	142	0	1990	0	10322	0	0	0	258	0	0	0	0	0	0	0	1548	0	3214	0	0	0	0	0	0	0	0	0	0	0	0	0	0	0	0	0	0	0	0	0	0	0	0	0	0	0	0	0	0	0	0	0	0	0	0	0	0	0	0	0	0	0	2604	0	0	0	0	0	0	0	0	0	162	0	0	0	0	0	0	0	0	0	0	0	0	0	0	0	0	0	0	0	0	0	0	0	0	0	0	0	0	0	0	0	0	0	
15768	Frontal_Mid_Orb_R	0	0	0	0	0	3460	0	0	0	0	0	0	0	0	0	1052	0	0	0	0	0	0	0	0	0	1212	0	2010	0	0	0	0	0	0	0	0	0	0	0	0	0	0	0	0	0	0	0	0	0	0	0	0	0	0	0	0	0	0	0	0	0	0	0	0	0	0	0	0	0	0	0	0	0	150	0	0	0	0	0	0	0	0	0	0	0	0	0	0	0	0	0	0	0	0	0	0	0	0	0	0	0	0	0	0	0	0	0	0	0	0	0	0	0	0	0	0	
265444	Frontal_Inf_Oper_L	14214	128	21020	1062	352	0	7168	190	142	0	0	0	11004	0	178	376	12960	0	13600	154	0	0	248	750	0	0	0	0	17284	0	428	3116	0	0	152	0	702	0	0	0	0	0	0	0	0	0	0	0	0	0	128	0	0	0	424	0	7668	0	0	0	1006	0	304	0	0	0	160	0	130	0	2042	3828	1012	118	270	0	256	0	2114	0	6010	0	1252	0	366	0	0	0	406	0	0	0	0	0	0	0	0	0	0	0	0	0	0	0	0	0	0	0	0	0	0	0	0	0	0	0	
242216	Frontal_Inf_Oper_R	0	18582	1252	15308	0	0	282	6612	0	0	0	0	0	6172	0	0	0	4386	4834	14432	0	0	0	0	0	0	0	0	0	11922	126	536	0	1920	0	0	0	1084	0	282	0	0	0	0	0	0	0	862	0	0	0	0	0	250	0	2896	0	10534	0	0	0	674	0	772	0	0	0	642	0	0	558	132	0	6866	0	998	0	1318	0	248	0	2406	0	0	0	1946	0	0	0	1856	0	0	0	0	0	0	0	420	0	0	0	0	0	0	0	0	0	0	0	0	0	0	0	0	0	0	
235552	Frontal_Inf_Tri_L	802	0	21268	1024	3728	0	22928	296	1990	0	11004	0	0	0	8246	520	1606	0	6606	374	0	0	2576	486	450	0	0	0	20864	0	4194	2182	172	0	0	0	202	0	0	0	0	0	0	0	0	0	0	0	0	0	0	0	0	0	0	0	512	0	0	0	0	0	0	0	0	0	0	0	0	0	922	2122	1358	0	0	0	188	0	386	0	560	0	210	0	0	0	0	0	0	0	0	0	0	0	0	0	0	0	0	0	0	0	0	0	0	0	0	0	0	0	0	0	0	0	0	0	
113348	Frontal_Inf_Tri_R	0	0	0	10102	0	408	0	8490	0	0	0	6172	0	0	0	1854	0	274	3308	5640	0	0	0	2150	0	112	0	0	0	8836	314	3884	0	2506	0	0	0	0	0	0	0	0	0	0	0	0	0	0	0	0	0	0	0	0	0	0	0	0	0	0	0	0	0	0	0	0	0	0	0	0	0	676	0	1736	0	0	0	212	0	0	0	0	0	0	0	0	0	0	0	0	0	0	0	0	0	0	0	0	0	0	0	0	0	0	0	0	0	0	0	0	0	0	0	0	0	0	
120628	Frontal_Inf_Orb_L	0	0	6246	0	10268	0	3662	0	10322	0	178	0	8246	0	0	0	0	0	662	0	1532	0	284	0	0	0	194	0	10062	0	500	0	0	0	0	0	0	0	0	0	354	0	0	0	0	0	0	0	0	0	0	0	0	0	0	0	0	0	0	0	0	0	0	0	0	0	0	0	0	0	0	0	5958	0	0	0	0	0	0	0	0	0	1846	0	0	0	0	0	0	0	0	0	0	0	0	0	0	0	0	0	0	0	0	0	0	0	0	0	0	0	0	0	0	0	0	0	
44000	Frontal_Inf_Orb_R	0	0	144	1664	0	634	0	1050	0	1052	376	0	520	1854	0	0	0	0	378	1234	0	730	0	282	0	0	0	292	324	3592	414	1180	0	118	0	0	0	0	0	0	0	0	0	0	0	0	0	0	0	0	0	0	0	0	0	0	0	0	0	0	0	0	0	0	0	0	0	0	0	0	0	1120	0	5042	0	0	0	0	0	0	0	0	0	0	0	0	0	0	0	0	0	0	0	0	0	0	0	0	0	0	0	0	0	0	0	0	0	0	0	0	0	0	0	0	0	0	
235208	Rolandic_Oper_L	14362	1292	10828	300	0	0	2450	0	0	0	12960	0	1606	0	0	0	0	0	8914	436	0	0	0	0	0	0	0	0	16236	0	0	0	0	0	214	0	794	0	0	0	0	0	202	0	0	0	0	0	0	0	330	0	0	0	236	0	14356	222	490	0	564	228	2694	234	0	0	518	0	404	0	176	0	1182	0	530	0	0	0	7632	0	14454	0	1238	0	1074	0	0	0	256	0	0	0	0	0	0	0	0	0	0	0	0	0	0	0	0	0	0	0	0	0	192	0	0	0	0	0	
100216	Rolandic_Oper_R	0	1828	366	6834	0	0	122	236	0	0	0	4386	0	274	0	0	0	0	916	6450	0	0	0	0	0	0	0	0	0	10246	0	0	0	0	0	0	0	450	0	138	0	0	0	0	0	0	0	0	0	0	0	0	0	0	0	362	0	4202	0	0	0	0	0	1628	0	0	0	0	0	0	496	790	0	4474	0	656	0	842	0	664	0	3096	0	652	0	0	0	0	0	0	0	0	0	0	0	0	0	0	0	0	0	0	0	0	0	0	0	0	0	0	0	0	0	0	0	0	
883824	Supp_Motor_Area_L	18372	5008	102244	33062	800	0	11768	6512	258	0	13600	4834	6606	3308	662	378	8914	916	0	59988	0	0	2938	3852	0	0	0	0	18182	1316	7586	11822	10182	27874	1436	648	1988	314	0	0	106	0	138	0	700	0	0	0	126	0	348	0	0	0	1594	112	7310	1392	0	0	406	1404	134	1468	0	0	552	258	8690	954	7616	3880	19224	2290	6152	210	478	590	2164	0	5332	212	1078	0	430	0	0	0	1196	0	0	0	0	0	0	0	0	0	0	0	0	0	0	0	0	0	0	0	0	0	0	0	0	0	0	0	
860500	Supp_Motor_Area_R	14154	12808	15934	83000	0	784	642	12162	0	0	154	14432	374	5640	0	1234	436	6450	59988	0	128	130	2604	10990	0	0	0	180	758	7682	2502	23938	4676	51774	746	3874	494	1592	0	588	0	0	748	934	0	504	0	1620	0	0	256	0	0	0	0	1398	1766	1994	0	0	132	162	0	172	0	0	348	4240	12614	14372	3172	16614	1924	10932	1328	2702	3294	5988	0	0	0	1016	0	470	0	0	0	0	0	0	0	0	0	0	0	0	0	280	0	0	0	0	0	0	0	0	0	0	0	0	422	0	0	0	0	0	
67168	Olfactory_L	0	0	0	284	1374	558	0	0	0	0	0	0	0	0	1532	0	0	0	0	128	0	4194	0	0	292	218	1860	2062	2310	0	2482	2636	0	0	0	0	0	0	184	0	632	0	0	0	0	0	0	0	0	0	0	0	0	0	0	0	0	0	0	0	0	0	0	0	0	0	0	0	0	0	5434	2556	2780	1376	0	0	0	0	0	0	0	0	692	0	0	0	0	0	0	0	0	0	0	0	0	0	0	0	0	0	0	0	0	0	0	0	0	0	0	0	0	0	0	0	0	0	
82352	Olfactory_R	0	0	0	276	0	1326	0	0	0	0	0	0	0	0	0	730	0	0	0	130	4194	0	0	0	0	502	1396	3748	0	1460	1974	2984	0	0	0	0	0	222	0	244	0	568	0	0	0	0	0	0	0	0	0	0	0	0	0	128	0	0	0	0	0	0	0	0	0	0	0	0	0	0	6802	5814	3582	3954	362	780	0	0	0	0	0	0	0	0	0	0	0	0	0	0	0	0	0	0	0	0	0	0	0	0	0	0	0	0	0	0	0	0	0	0	0	0	0	0	0	0	
234108	Frontal_Sup_Medial_L	0	0	31342	10104	2300	168	9922	482	0	0	248	0	2576	0	284	0	0	0	2938	2604	0	0	0	14930	2056	324	0	0	2436	0	13380	9412	2542	6122	0	0	0	0	0	0	0	0	0	0	0	0	0	0	0	0	0	0	0	0	0	0	0	0	0	0	0	0	0	0	0	0	0	0	0	0	320	770	1548	246	0	0	0	0	0	0	0	0	0	0	0	0	0	0	0	0	0	0	0	0	0	0	0	0	0	0	0	0	0	0	0	0	0	0	0	0	0	0	0	0	0	0	
263340	Frontal_Sup_Medial_R	0	0	2222	32890	0	1926	204	1700	0	0	750	0	486	2150	0	282	0	0	3852	10990	0	0	14930	0	154	1812	0	0	964	1816	2882	27408	242	13096	0	0	0	0	0	0	0	0	0	0	0	0	0	0	0	0	0	0	0	0	0	0	0	0	0	0	0	0	0	0	0	0	0	0	0	0	342	6912	0	3660	0	0	0	0	0	0	0	0	0	0	0	0	0	0	0	0	0	0	0	0	0	0	0	0	0	0	0	0	0	0	0	0	0	0	0	0	0	0	0	0	0	0	
24496	Frontal_Med_Orb_L	0	0	1064	0	2598	0	0	0	0	0	0	0	450	0	0	0	0	0	0	0	292	0	2056	154	0	0	1276	0	520	0	2890	0	0	0	0	0	0	0	0	0	0	0	0	0	0	0	0	0	0	0	0	0	0	0	0	0	0	0	0	0	0	0	0	0	0	0	0	0	0	0	498	0	450	0	0	0	0	0	0	0	0	0	0	0	0	0	0	0	0	0	0	0	0	0	0	0	0	0	0	0	0	0	0	0	0	0	0	0	0	0	0	0	0	0	0	0	
40728	Frontal_Med_Orb_R	0	0	0	1418	0	4734	0	0	0	1212	0	0	0	112	0	0	0	0	0	0	218	502	324	1812	0	0	0	3460	0	120	454	1738	0	0	0	0	0	0	0	0	0	0	0	0	0	0	0	0	0	0	0	0	0	0	0	0	0	0	0	0	0	0	0	0	0	0	0	0	0	0	146	2114	0	2000	0	0	0	0	0	0	0	0	0	0	0	0	0	0	0	0	0	0	0	0	0	0	0	0	0	0	0	0	0	0	0	0	0	0	0	0	0	0	0	0	0	0	
35252	Rectus_L	0	0	0	0	3302	0	0	0	1548	0	0	0	0	0	194	0	0	0	0	0	1860	1396	0	0	1276	0	0	898	0	0	2130	1196	0	0	0	0	0	0	0	0	0	0	0	0	0	0	0	0	0	0	0	0	0	0	0	0	0	0	0	0	0	0	0	0	0	0	0	0	0	0	2148	404	1044	230	0	0	0	0	0	0	0	0	0	0	0	0	0	0	0	0	0	0	0	0	0	0	0	0	0	0	0	0	0	0	0	0	0	0	0	0	0	0	0	0	0	0	
56016	Rectus_R	0	0	0	464	0	5780	0	0	0	2010	0	0	0	0	0	292	0	0	0	180	2062	3748	0	0	0	3460	898	0	0	418	938	1788	0	0	0	0	0	0	0	0	0	156	0	0	0	0	0	0	0	0	0	0	0	0	0	0	0	0	0	0	0	0	0	0	0	0	0	0	0	0	2092	1554	920	1248	0	0	0	0	0	0	0	0	0	0	0	0	0	0	0	0	0	0	0	0	0	0	0	0	0	0	0	0	0	0	0	0	0	0	0	0	0	0	0	0	0	0	
495296	Insula_L	10068	456	26422	1510	6186	0	7782	246	3214	0	17284	0	20864	0	10062	324	16236	0	18182	758	2310	0	2436	964	520	0	0	0	0	0	5416	3194	146	110	1018	772	10520	416	866	0	2488	0	518	0	0	0	0	0	0	0	754	0	144	0	7292	0	5740	112	182	0	584	136	838	158	192	0	1056	108	528	0	2566	3546	12762	190	244	0	1742	420	8330	0	11608	0	4886	0	4778	0	136	0	6618	0	150	0	0	0	0	0	0	0	162	0	0	0	0	0	0	0	0	0	0	0	398	0	0	0	0	0	
278240	Insula_R	0	8340	516	11234	0	676	196	1892	0	0	0	11922	0	8836	0	3592	0	10246	1316	7682	0	1460	0	1816	0	120	0	418	0	0	170	2654	0	766	0	282	0	6462	0	2958	0	812	0	330	0	0	0	2166	0	0	0	0	0	300	0	7782	0	6034	0	0	0	294	0	1182	0	0	0	400	0	0	390	1876	0	18564	0	124	186	3748	0	496	0	3758	0	620	0	2744	0	0	0	3336	0	0	0	0	0	0	0	424	0	0	0	0	0	0	0	0	0	0	0	0	0	0	0	0	0	0	
222216	Cingulum_Ant_L	0	206	14214	3614	2050	176	2192	2216	0	0	428	126	4194	314	500	414	0	0	7586	2502	2482	1974	13380	2882	2890	454	2130	938	5416	170	0	15126	3314	2656	470	0	0	0	0	0	0	0	0	0	0	0	0	0	0	0	0	0	0	0	0	0	0	0	0	0	0	0	0	0	0	0	0	0	0	0	4750	3132	7306	906	0	0	0	0	0	0	0	0	0	0	0	0	0	0	0	0	0	0	0	0	0	0	0	0	0	0	0	0	0	0	0	0	0	0	0	0	0	0	0	0	0	0	
472852	Cingulum_Ant_R	558	518	4884	37214	0	2008	1020	5652	0	0	3116	536	2182	3884	0	1180	0	0	11822	23938	2636	2984	9412	27408	0	1738	1196	1788	3194	2654	15126	0	1184	22436	0	0	0	0	0	0	0	0	0	0	0	0	0	0	0	0	0	0	0	0	0	0	0	162	0	0	0	208	0	212	0	0	0	0	0	0	5866	26680	1832	9804	0	0	210	1184	0	0	0	0	0	0	0	0	0	0	0	0	0	0	0	0	0	0	0	0	0	0	0	0	0	0	0	0	0	0	0	0	0	0	0	0	0	0	
108760	Cingulum_Mid_L	0	132	6102	720	0	0	944	0	0	0	0	0	172	0	0	0	0	0	10182	4676	0	0	2542	242	0	0	0	0	146	0	3314	1184	0	7014	3772	646	0	0	0	0	0	0	668	104	2364	0	0	0	828	0	1256	0	0	0	0	0	112	0	248	0	0	0	0	0	0	0	3242	788	2142	474	0	0	236	0	0	0	130	0	0	0	0	0	0	0	0	0	0	0	0	0	0	0	0	0	0	0	0	0	0	0	0	0	0	0	0	0	0	0	0	0	0	0	0	0	0	0	
482596	Cingulum_Mid_R	3126	598	3014	21394	0	0	244	4492	0	0	0	1920	0	2506	0	118	0	0	27874	51774	0	0	6122	13096	0	0	0	0	110	766	2656	22436	7014	0	1524	9116	466	208	0	0	0	0	248	3366	0	1132	0	5422	0	182	0	0	0	0	0	1416	0	308	0	0	0	0	0	0	0	0	724	15294	6048	15162	1638	494	666	134	334	0	5160	932	0	0	0	0	0	0	0	112	0	0	0	0	0	0	0	0	0	0	0	182	0	0	0	0	0	0	0	0	0	0	0	0	1770	0	0	0	0	0	
217980	Cingulum_Post_L	6044	802	1182	0	0	0	478	0	0	0	152	0	0	0	0	0	214	0	1436	746	0	0	0	0	0	0	0	0	1018	0	470	0	3772	1524	0	20912	5116	4620	4238	132	0	0	4960	0	2594	164	3000	2980	756	108	1462	0	0	208	1756	4190	1974	2818	0	0	150	0	158	150	358	0	11858	3374	4240	646	0	0	0	0	0	0	0	516	174	0	0	0	0	0	976	180	0	0	1422	160	0	0	0	0	0	0	0	2024	0	0	0	0	0	0	0	0	0	0	0	0	2778	0	0	0	0	0	
274072	Cingulum_Post_R	5832	994	148	0	0	0	408	0	0	0	0	0	0	0	0	0	0	0	648	3874	0	0	0	0	0	0	0	0	772	282	0	0	646	9116	20912	0	5290	7528	3012	496	0	0	278	644	768	864	1594	9684	154	550	198	350	0	1484	326	6704	498	3808	0	0	0	0	0	184	0	0	2602	19882	2700	4176	514	114	208	0	0	0	3102	3274	386	0	0	0	0	0	528	438	0	0	494	590	0	0	0	0	0	0	0	2530	0	0	0	0	0	0	0	0	0	0	0	0	7452	0	0	0	0	0	
250096	Hippocampus_L	2752	444	2054	0	0	0	1142	0	0	0	702	0	202	0	0	0	794	0	1988	494	0	0	0	0	0	0	0	0	10520	0	0	0	0	466	5116	5290	0	4504	13746	120	9102	0	948	0	0	0	4014	990	0	0	0	0	0	0	15760	142	404	0	0	0	0	104	0	112	0	0	1542	1114	0	340	788	0	7682	0	1204	0	5122	2548	1326	0	1762	0	1734	0	2516	0	774	0	13882	0	0	0	0	0	0	0	200	104	122	0	0	0	0	0	0	0	0	0	0	0	378	0	0	0	0	0	
293920	Hippocampus_R	2020	4854	288	1152	0	0	138	0	0	0	0	1084	0	0	0	0	0	450	314	1592	0	222	0	0	0	0	0	0	416	6462	0	0	0	208	4620	7528	4504	0	2628	24410	0	9478	0	1130	0	0	1154	5750	0	0	0	0	0	280	146	28730	132	1184	0	0	0	126	0	566	0	0	0	3070	0	0	0	416	0	9702	0	962	2174	8658	358	214	0	1022	0	1304	298	926	0	132	412	2952	0	0	0	0	0	0	0	2250	0	340	0	0	0	0	0	0	0	0	0	0	204	0	0	0	0	0	
111772	ParaHippocampal_L	0	0	106	0	0	0	0	0	0	0	0	0	0	0	0	0	0	0	0	0	184	0	0	0	0	0	0	0	866	0	0	0	0	0	4238	3012	13746	2628	0	0	1980	0	1006	0	0	0	6662	1006	0	0	0	0	0	0	7268	0	0	0	0	0	0	0	0	0	0	0	2176	832	0	0	0	0	648	0	0	0	1552	992	0	0	214	0	180	0	0	0	340	0	3732	0	262	0	0	0	316	0	552	104	360	0	0	0	0	0	0	0	0	0	106	520	298	0	0	0	0	0	
166232	ParaHippocampal_R	0	1202	0	322	0	0	0	0	0	0	0	282	0	0	0	0	0	138	0	588	0	244	0	0	0	0	0	0	0	2958	0	0	0	0	132	496	120	24410	0	0	0	7608	0	902	0	0	0	6372	0	0	0	0	0	128	0	19160	0	280	0	0	0	0	0	0	0	0	0	944	0	0	0	154	0	5384	0	834	232	3506	0	108	0	278	0	1062	0	0	0	328	0	582	0	128	0	0	0	0	0	3938	0	296	0	0	0	0	0	0	0	0	0	0	0	0	0	0	0	0	
51948	Amygdala_L	0	0	0	0	318	0	0	0	0	0	0	0	0	0	354	0	0	0	106	0	632	0	0	0	0	0	0	0	2488	0	0	0	0	0	0	0	9102	0	1980	0	0	0	0	0	0	0	0	0	0	0	0	0	0	0	4146	0	0	0	0	0	0	0	0	0	0	0	0	0	0	0	0	0	1482	0	0	0	130	0	0	0	0	0	1094	0	378	0	654	0	3110	0	0	0	0	0	0	0	0	0	0	0	0	0	0	0	0	0	0	0	0	0	0	0	0	0	0	0	
62728	Amygdala_R	0	186	0	0	0	0	0	0	0	0	0	0	0	0	0	0	0	0	0	0	0	568	0	0	0	0	0	156	0	812	0	0	0	0	0	0	0	9478	0	7608	0	0	0	0	0	0	0	0	0	0	0	0	0	0	0	6904	0	0	0	0	0	0	0	0	0	0	0	0	0	0	0	206	0	1722	0	0	0	202	0	0	0	0	0	2252	0	0	0	274	0	996	0	0	0	0	0	0	0	0	0	0	0	0	0	0	0	0	0	0	0	0	0	0	0	0	0	0	
358544	Calcarine_L	480	448	198	110	0	0	120	0	0	0	0	0	0	0	0	0	202	0	138	748	0	0	0	0	0	0	0	0	518	0	0	0	668	248	4960	278	948	0	1006	0	0	0	0	14028	19016	9212	18284	4584	11710	6120	27056	312	5058	0	6840	508	998	0	1070	0	428	0	118	0	248	0	21974	2078	2344	540	202	0	0	0	0	0	1190	0	0	0	180	0	0	0	7914	0	0	0	1776	0	0	0	0	0	0	0	486	0	464	0	0	0	0	0	0	0	0	0	0	0	3464	0	0	0	0	0	
335908	Calcarine_R	0	284	0	0	0	0	0	0	0	0	0	0	0	0	0	0	0	0	0	934	0	0	0	0	0	0	0	0	0	330	0	0	104	3366	0	644	0	1130	0	902	0	0	14028	0	9364	25304	2726	33776	734	22672	254	5752	0	6016	0	13676	0	508	0	0	0	0	0	112	0	112	868	19878	0	1230	136	0	114	0	0	0	710	186	0	0	0	158	0	0	0	626	0	0	0	534	0	0	0	0	0	0	0	320	0	0	0	0	0	0	0	0	0	0	0	0	346	120	0	0	0	0	
274316	Cuneus_L	0	0	148	0	0	0	0	0	0	0	0	0	0	0	0	0	0	0	700	0	0	0	0	0	0	0	0	0	0	0	0	0	2364	0	2594	768	0	0	0	0	0	0	19016	9364	0	12716	3834	1896	26870	7848	17512	452	3028	0	1346	198	0	0	2146	0	0	0	0	0	0	0	15502	4646	1724	0	0	0	0	0	0	0	0	0	0	0	0	0	0	0	666	0	0	0	696	0	0	0	0	0	0	0	164	0	152	0	0	0	0	0	0	0	0	0	0	0	808	0	0	0	0	0	
315744	Cuneus_R	0	0	0	0	0	0	0	0	0	0	0	0	0	0	0	0	0	0	0	504	0	0	0	0	0	0	0	0	0	0	0	0	0	1132	164	864	0	0	0	0	0	0	9212	25304	12716	0	1492	10124	1118	41166	0	14494	0	2160	0	2722	0	520	0	4478	0	0	0	0	0	410	3390	20980	0	1028	0	0	0	0	0	0	0	0	0	0	0	0	0	0	0	2732	0	0	0	678	0	0	0	0	0	0	0	0	0	0	0	0	0	0	0	0	0	0	0	0	484	0	0	0	0	0	
398028	Lingual_L	0	0	0	0	0	0	0	0	0	0	0	0	0	0	0	0	0	0	0	0	0	0	0	0	0	0	0	0	0	0	0	0	0	0	3000	1594	4014	1154	6662	0	0	0	18284	2726	3834	1492	0	6262	4966	1554	16102	0	11560	210	30410	1262	0	0	220	0	0	0	0	0	0	0	7024	400	166	0	0	0	0	0	0	0	0	188	0	0	0	0	0	0	1256	0	0	0	2102	0	13128	1082	4062	512	0	0	15164	676	21748	2540	788	0	948	0	0	0	0	0	0	156	5372	5334	1062	0	0	0	
609752	Lingual_R	864	2510	0	0	0	0	0	0	0	0	0	862	0	0	0	0	0	0	0	1620	0	0	0	0	0	0	0	0	0	2166	0	0	0	5422	2980	9684	990	5750	1006	6372	0	0	4584	33776	1896	10124	6262	0	162	11116	1346	5200	1646	5918	5178	47904	0	1142	0	0	0	112	0	168	0	106	656	21704	310	3676	526	116	266	208	0	0	1860	1650	0	0	0	368	0	0	0	670	0	0	0	802	6308	12838	2920	1600	110	188	4334	13642	9928	18450	326	0	352	0	110	0	0	0	0	164	9772	10066	4090	0	0	0	
258324	Occipital_Sup_L	0	0	0	0	0	0	0	0	0	0	0	0	0	0	0	0	0	0	126	0	0	0	0	0	0	0	0	0	0	0	0	0	828	0	756	154	0	0	0	0	0	0	11710	734	26870	1118	4966	162	0	122	35404	0	5858	0	1950	0	542	0	13198	0	2278	0	194	0	0	0	16480	2166	758	0	0	0	0	0	0	0	0	0	0	0	0	0	0	0	1168	0	0	0	834	0	0	0	0	0	0	0	226	0	202	0	0	0	0	0	0	0	0	0	0	0	358	0	0	0	0	0	
304308	Occipital_Sup_R	0	0	0	0	0	0	0	0	0	0	0	0	0	0	0	0	0	0	0	0	0	0	0	0	0	0	0	0	0	0	0	0	0	182	108	550	0	0	0	0	0	0	6120	22672	7848	41166	1554	11116	122	0	0	25624	0	3750	0	3018	0	142	0	5714	0	516	0	168	0	3582	1066	12038	0	660	0	0	0	0	0	0	0	0	0	0	0	0	0	0	0	3276	0	0	0	970	0	0	0	0	0	0	0	0	0	0	0	0	0	0	0	0	0	0	0	0	192	0	0	0	0	0	
595000	Occipital_Mid_L	868	222	298	0	0	0	0	0	0	0	128	0	0	0	0	0	330	0	348	256	0	0	0	0	0	0	0	0	754	0	0	0	1256	0	1462	198	0	0	0	0	0	0	27056	254	17512	0	16102	1346	35404	0	0	0	23334	0	14168	0	9108	0	23940	0	18480	0	3062	0	15870	0	19286	312	7316	198	0	0	0	0	0	0	374	0	0	0	1816	0	0	0	38096	0	0	0	8188	0	480	0	136	0	0	0	2594	0	3326	164	0	0	0	0	0	0	0	0	0	0	2224	1234	0	0	0	0	
225796	Occipital_Mid_R	0	0	0	0	0	0	0	0	0	0	0	0	0	0	0	0	0	0	0	0	0	0	0	0	0	0	0	0	0	0	0	0	0	0	0	350	0	0	0	0	0	0	312	5752	452	14494	0	5200	0	25624	0	0	0	8074	0	3556	0	154	0	4228	0	4512	0	1148	0	13100	480	7092	0	228	0	0	0	0	0	0	0	0	0	0	0	580	0	0	0	14564	0	0	0	2852	0	0	0	0	0	0	0	0	0	0	0	0	0	0	0	0	0	0	0	0	146	0	0	0	0	0	
180212	Occipital_Inf_L	0	0	0	0	0	0	0	0	0	0	0	0	0	0	0	0	0	0	0	0	0	0	0	0	0	0	0	0	144	0	0	0	0	0	0	0	0	0	0	0	0	0	5058	0	3028	0	11560	1646	5858	0	23334	0	0	0	13614	142	0	0	752	0	0	0	0	0	0	0	1262	0	0	0	0	0	0	0	0	0	0	0	0	0	0	0	0	0	2628	0	0	0	4400	0	926	210	178	0	0	0	4290	288	5220	484	0	0	0	0	0	0	0	0	0	0	3406	1678	0	0	0	0	
126332	Occipital_Inf_R	0	668	0	0	0	0	0	0	0	0	0	250	0	0	0	0	0	0	0	0	0	0	0	0	0	0	0	0	0	300	0	0	0	0	208	1484	0	280	0	128	0	0	0	6016	0	2160	210	5918	0	3750	0	8074	0	0	226	7456	0	266	0	122	0	136	0	0	0	182	0	4488	0	250	0	0	0	0	0	0	0	0	0	0	0	0	0	0	0	5464	0	0	0	7998	528	866	368	128	0	0	186	608	514	1386	0	0	0	0	0	0	0	0	0	0	1170	714	664	0	0	0	
525428	Fusiform_L	464	0	1668	0	0	0	214	0	0	0	424	0	0	0	0	0	236	0	1594	0	0	0	0	0	0	0	0	0	7292	0	0	0	0	0	1756	326	15760	146	7268	0	4146	0	6840	0	1346	0	30410	5178	1950	0	14168	0	13614	226	0	1948	0	0	160	0	0	0	0	0	0	0	4850	138	0	0	0	0	2636	0	0	0	170	0	896	0	2244	0	1212	0	3506	0	1006	0	18226	0	28478	1270	3494	482	588	0	17430	910	38872	3050	392	0	634	0	0	0	0	0	0	0	7880	6476	740	0	0	0	
670784	Fusiform_R	1176	6210	106	480	0	0	0	0	0	0	0	2896	0	0	0	0	0	362	112	1398	0	128	0	0	0	0	0	0	0	7782	0	0	0	1416	4190	6704	142	28730	0	19160	0	6904	508	13676	198	2722	1262	47904	0	3018	0	3556	142	7456	1948	0	0	2760	0	0	0	126	0	194	0	0	132	9268	296	1006	0	0	0	5790	0	160	616	2368	0	178	0	922	0	3490	0	2002	0	1454	0	11776	5336	27726	2356	2394	1158	1544	2724	18704	6284	32692	444	242	782	1154	144	0	0	0	0	2190	6620	6980	2988	106	0	0	
355232	Postcentral_L	27096	2250	8198	412	0	0	1180	0	0	0	7668	0	512	0	0	0	14356	0	7310	1766	0	0	0	0	0	0	0	0	5740	0	0	0	112	0	1974	498	404	132	0	0	0	0	998	0	0	0	0	0	542	0	9108	0	0	0	0	0	0	306	10904	0	25624	218	11494	226	1346	0	8144	0	8718	0	0	154	520	0	258	0	0	0	6144	0	7770	0	0	0	5338	0	0	0	0	0	0	0	0	0	0	0	0	0	0	0	0	0	0	0	0	0	0	0	0	0	196	0	0	0	0	0	
233272	Postcentral_R	1148	21584	1316	1170	0	0	104	474	0	0	0	10534	0	0	0	0	222	4202	1392	1994	0	0	0	0	0	0	0	0	112	6034	0	162	0	308	2818	3808	0	1184	0	280	0	0	0	508	0	520	0	1142	0	142	0	154	0	266	0	2760	306	0	0	6208	0	12138	0	15728	0	754	0	4016	670	2056	378	0	282	2106	0	376	0	916	124	316	200	1568	0	0	0	1876	0	0	0	1836	0	0	0	0	0	0	0	330	0	0	0	0	0	0	0	0	0	0	0	0	114	0	0	0	0	0	
207676	Parietal_Sup_L	118	0	0	0	0	0	0	0	0	0	0	0	0	0	0	0	490	0	0	0	0	0	0	0	0	0	0	0	182	0	0	0	248	0	0	0	0	0	0	0	0	0	1070	0	2146	0	220	0	13198	0	23940	0	752	0	160	0	10904	0	0	0	17084	0	2788	0	2354	0	15490	238	5440	0	0	0	0	0	0	0	0	0	0	0	1212	0	0	0	5586	0	0	0	218	0	0	0	0	0	0	0	0	0	0	0	0	0	0	0	0	0	0	0	0	0	0	0	0	0	0	0	
138712	Parietal_Sup_R	0	372	0	0	0	0	0	0	0	0	0	0	0	0	0	0	0	0	0	0	0	0	0	0	0	0	0	0	0	0	0	0	0	0	0	0	0	0	0	0	0	0	0	0	0	4478	0	0	0	5714	0	4228	0	122	0	0	0	6208	0	0	0	12986	0	9752	0	11270	190	8536	0	704	0	0	0	0	0	0	0	0	0	0	0	976	0	0	0	3376	0	0	0	444	0	0	0	0	0	0	0	0	0	0	0	0	0	0	0	0	0	0	0	0	0	0	0	0	0	0	
262300	Parietal_Inf_L	1242	0	404	0	0	0	308	0	0	0	1006	0	0	0	0	0	564	0	406	132	0	0	0	0	0	0	0	0	584	0	0	0	0	0	150	0	0	0	0	0	0	0	428	0	0	0	0	0	2278	0	18480	0	0	0	0	0	25624	0	17084	0	0	0	22292	0	17424	0	4106	0	4448	0	0	0	0	0	0	0	0	0	124	0	4206	0	0	0	9860	0	0	0	0	0	0	0	0	0	0	0	0	0	0	0	0	0	0	0	0	0	0	0	0	0	0	0	0	0	0	0	
185856	Parietal_Inf_R	556	2282	1328	0	0	0	0	194	0	0	0	674	0	0	0	0	228	0	1404	162	0	0	0	0	0	0	0	0	136	294	0	208	0	0	0	0	104	126	0	0	0	0	0	0	0	0	0	112	0	516	0	4512	0	136	0	126	218	12138	0	12986	0	0	0	26812	0	16986	0	2484	0	334	202	0	220	496	0	104	118	134	116	0	200	1316	0	0	0	4282	0	0	0	684	0	0	0	0	0	0	0	0	0	0	0	0	0	0	0	0	0	0	0	0	0	0	0	0	0	0	
145388	SupraMarginal_L	780	0	144	0	0	0	0	0	0	0	304	0	0	0	0	0	2694	0	134	0	0	0	0	0	0	0	0	0	838	0	0	0	0	0	158	0	0	0	0	0	0	0	118	0	0	0	0	0	194	0	3062	0	0	0	0	0	11494	0	2788	0	22292	0	0	0	8498	0	610	0	770	0	0	0	0	0	0	0	0	0	330	0	7058	0	0	0	10258	0	0	0	170	0	0	0	0	0	0	0	0	0	0	0	0	0	0	0	0	0	0	0	0	0	0	0	0	0	0	0	
182508	SupraMarginal_R	566	3010	1382	0	0	0	0	198	0	0	0	772	0	0	0	0	234	1628	1468	172	0	0	0	0	0	0	0	0	158	1182	0	212	0	0	150	184	112	566	0	0	0	0	0	112	0	0	0	168	0	168	0	1148	0	0	0	194	226	15728	0	9752	0	26812	0	0	0	9970	0	2712	0	262	244	0	246	410	0	0	120	0	120	148	206	4450	0	0	0	5412	0	0	0	652	0	0	0	0	0	0	0	0	0	0	0	0	0	0	0	0	0	0	0	0	0	0	0	0	0	0	
129652	Angular_L	190	0	0	0	0	0	0	0	0	0	0	0	0	0	0	0	0	0	0	0	0	0	0	0	0	0	0	0	192	0	0	0	0	0	358	0	0	0	0	0	0	0	248	0	0	0	0	0	0	0	15870	0	0	0	0	0	1346	0	2354	0	17424	0	8498	0	0	0	866	0	1254	0	0	0	0	0	0	0	0	0	0	0	3360	0	0	0	12196	0	0	0	670	0	0	0	0	0	0	0	0	0	0	0	0	0	0	0	0	0	0	0	0	0	0	0	0	0	0	0	
143320	Angular_R	0	132	0	0	0	0	0	0	0	0	0	0	0	0	0	0	0	0	0	0	0	0	0	0	0	0	0	0	0	0	0	0	0	0	0	0	0	0	0	0	0	0	0	112	0	410	0	106	0	3582	0	13100	0	182	0	0	0	754	0	11270	0	16986	0	9970	0	0	0	2346	0	350	0	0	0	0	0	0	0	0	0	0	0	3618	0	0	0	8510	0	0	0	232	0	0	0	0	0	0	0	0	0	0	0	0	0	0	0	0	0	0	0	0	0	0	0	0	0	0	
357952	Precuneus_L	1036	0	222	0	0	0	150	0	0	0	160	0	0	0	0	0	518	0	552	348	0	0	0	0	0	0	0	0	1056	0	0	0	3242	724	11858	2602	1542	0	2176	0	0	0	21974	868	15502	3390	7024	656	16480	1066	19286	480	1262	0	4850	132	8144	0	15490	190	4106	0	610	0	866	0	0	8774	9544	170	0	0	0	0	0	0	422	0	116	0	520	0	0	0	5314	0	0	0	1414	0	116	0	0	0	0	0	222	0	218	0	0	0	0	0	0	0	0	0	0	0	3584	0	0	0	0	0	
457696	Precuneus_R	512	1516	0	0	0	0	110	0	0	0	0	642	0	0	0	0	0	0	258	4240	0	0	0	0	0	0	0	0	108	400	0	0	788	15294	3374	19882	1114	3070	832	944	0	0	2078	19878	4646	20980	400	21704	2166	12038	312	7092	0	4488	138	9268	0	4016	238	8536	0	2484	0	2712	0	2346	8774	0	448	9578	1312	264	468	0	0	0	4242	1090	0	0	0	2036	0	0	0	9536	0	0	146	3062	0	0	0	0	0	0	0	980	0	0	0	0	0	0	0	0	0	0	0	0	8308	0	0	0	0	0	
221568	Paracentral_Lobule_L	13076	3440	1070	1188	0	0	0	0	0	0	130	0	0	0	0	0	404	0	8690	12614	0	0	0	0	0	0	0	0	528	0	0	0	2142	6048	4240	2700	0	0	0	0	0	0	2344	0	1724	0	166	310	758	0	7316	0	0	0	0	296	8718	670	5440	0	4448	0	770	0	1254	0	9544	448	0	5636	108	0	144	0	414	0	512	0	0	0	534	0	0	0	2518	0	0	0	0	0	0	0	0	0	0	0	0	188	0	0	0	0	0	0	0	0	0	0	0	0	254	0	0	0	0	0	
164692	Paracentral_Lobule_R	4240	5016	164	266	0	0	118	0	0	0	0	0	0	0	0	0	0	0	954	14372	0	0	0	0	0	0	0	0	0	0	0	0	474	15162	646	4176	340	0	0	0	0	0	540	1230	0	1028	0	3676	0	660	198	228	0	250	0	1006	0	2056	0	704	0	334	0	262	0	350	170	9578	5636	0	1184	208	380	0	236	0	3736	656	0	0	0	0	0	0	0	318	0	0	0	168	0	0	0	0	0	0	0	212	0	0	0	0	0	0	0	0	0	0	0	0	1414	0	0	0	0	0	
263240	Caudate_L	1726	3502	7290	1536	318	752	2366	226	0	0	2042	558	922	0	0	0	176	496	7616	3172	5434	6802	320	342	498	146	2148	2092	2566	390	4750	5866	0	1638	0	514	788	0	0	0	0	0	202	136	0	0	0	526	0	0	0	0	0	0	0	0	0	378	0	0	0	202	0	244	0	0	0	1312	108	1184	0	19752	17154	5596	2666	2924	11346	724	0	0	0	0	0	0	0	0	0	0	0	0	0	0	0	0	0	0	0	0	0	0	0	0	0	0	0	0	0	0	0	0	174	0	0	0	0	0	
399124	Caudate_R	958	9264	4262	16286	0	4212	1012	410	0	0	3828	132	2122	676	0	1120	0	790	3880	16614	2556	5814	770	6912	0	2114	404	1554	3546	1876	3132	26680	0	494	0	114	0	416	0	154	0	206	0	0	0	0	0	116	0	0	0	0	0	0	0	0	154	0	0	0	0	0	0	0	0	0	0	264	0	208	19752	0	6970	24388	1020	4788	2666	16928	0	0	0	0	0	0	0	0	0	0	0	0	0	0	0	0	0	0	0	0	0	0	0	0	0	0	0	0	0	0	0	0	0	0	0	0	0	0	
329768	Putamen_L	1560	2148	22824	1026	5256	358	2146	0	2604	0	1012	0	1358	0	5958	0	1182	0	19224	1924	2780	3582	1548	0	450	0	1044	920	12762	0	7306	1832	236	666	0	208	7682	0	648	0	1482	0	0	114	0	0	0	266	0	0	0	0	0	0	2636	0	520	282	0	0	0	220	0	246	0	0	0	468	144	380	17154	6970	0	2784	13278	1144	1432	312	312	0	1216	0	1504	0	172	0	0	0	1462	0	0	0	0	0	0	0	0	0	0	0	0	0	0	0	0	0	0	0	0	0	142	0	0	0	0	0	
338088	Putamen_R	252	3846	2096	14842	0	3484	232	490	0	150	118	6866	0	1736	0	5042	0	4474	2290	10932	1376	3954	246	3660	0	2000	230	1248	190	18564	906	9804	0	134	0	0	0	9702	0	5384	0	1722	0	0	0	0	0	208	0	0	0	0	0	0	0	5790	0	2106	0	0	0	496	0	410	0	0	0	0	0	0	5596	24388	2784	0	126	3602	0	5008	0	0	0	1102	0	426	0	320	0	0	0	406	0	0	0	0	0	0	0	306	0	0	0	0	0	0	0	0	0	0	0	0	0	0	0	0	0	0	
88748	Pallidum_L	1386	590	9642	516	0	0	774	0	0	0	270	0	0	0	0	0	530	0	6152	1328	0	362	0	0	0	0	0	0	244	0	0	0	0	334	0	0	1204	0	0	0	0	0	0	0	0	0	0	0	0	0	0	0	0	0	0	0	258	0	0	0	0	0	0	0	0	0	0	0	414	236	2666	1020	13278	126	0	496	2082	140	188	0	138	0	0	0	0	0	0	0	0	0	0	0	0	0	0	0	0	0	0	0	0	0	0	0	0	0	0	0	0	0	0	0	0	0	0	0	
45328	Pallidum_R	0	830	106	570	0	0	0	0	0	0	0	998	0	0	0	0	0	656	210	2702	0	780	0	0	0	0	0	0	0	124	0	0	0	0	0	0	0	962	0	834	0	0	0	0	0	0	0	0	0	0	0	0	0	0	0	160	0	376	0	0	0	104	0	0	0	0	0	0	0	0	2924	4788	1144	3602	496	0	0	128	0	0	0	170	0	0	0	0	0	0	0	0	0	0	0	0	0	0	0	0	0	0	0	0	0	0	0	0	0	0	0	0	0	0	0	0	0	0	
146348	Thalamus_L	3786	2578	1074	268	0	0	1100	0	0	0	256	0	188	0	0	0	0	0	478	3294	0	0	0	0	0	0	0	0	1742	186	0	210	130	5160	0	3102	5122	2174	1552	232	130	0	1190	710	0	0	0	1860	0	0	374	0	0	0	170	616	0	0	0	0	0	118	0	120	0	0	422	4242	512	3736	11346	2666	1432	0	2082	0	0	6278	1378	0	116	0	0	0	162	0	0	0	188	0	0	0	0	0	0	0	0	0	0	0	0	0	0	0	0	0	0	0	0	0	694	0	0	0	0	0	
192840	Thalamus_R	954	18770	508	2594	0	0	0	0	0	0	0	1318	0	212	0	0	0	842	590	5988	0	0	0	0	0	0	0	0	420	3748	0	1184	0	932	516	3274	2548	8658	992	3506	0	202	0	186	0	0	188	1650	0	0	0	0	0	0	0	2368	0	916	0	0	0	134	0	0	0	0	0	1090	0	656	724	16928	312	5008	140	128	6278	0	314	0	0	260	0	0	250	120	0	0	228	0	0	0	0	0	0	0	0	670	0	0	0	0	0	0	0	0	0	0	0	0	116	0	0	0	0	0	
109040	Heschl_L	5874	980	2230	0	0	0	1236	0	0	0	2114	0	386	0	0	0	7632	0	2164	0	0	0	0	0	0	0	0	0	8330	0	0	0	0	0	174	386	1326	358	0	0	0	0	0	0	0	0	0	0	0	0	0	0	0	0	896	0	6144	124	0	0	124	116	330	120	0	0	116	0	0	0	0	0	312	0	188	0	1378	314	0	0	8222	0	0	0	2278	0	0	0	668	0	0	0	0	0	0	0	0	0	0	0	0	0	0	0	0	0	0	0	0	0	0	0	0	0	0	0	
10320	Heschl_R	0	338	0	0	0	0	0	0	0	0	0	248	0	0	0	0	0	664	0	0	0	0	0	0	0	0	0	0	0	496	0	0	0	0	0	0	0	214	0	108	0	0	0	0	0	0	0	0	0	0	0	0	0	0	0	178	0	316	0	0	0	0	0	148	0	0	0	0	0	0	0	0	0	0	0	0	0	0	0	0	0	2176	0	0	0	274	0	0	0	0	0	0	0	0	0	0	0	0	0	0	0	0	0	0	0	0	0	0	0	0	0	0	0	0	0	0	
249208	Temporal_Sup_L	7814	1134	5982	0	0	0	1054	0	0	0	6010	0	560	0	0	0	14454	0	5332	0	0	0	0	0	0	0	0	0	11608	0	0	0	0	0	0	0	1762	0	214	0	0	0	180	0	0	0	0	0	0	0	1816	0	0	0	2244	0	7770	200	1212	0	4206	200	7058	206	3360	0	520	0	534	0	0	0	1216	0	138	0	116	0	8222	0	0	0	3366	0	19522	0	0	0	6594	0	0	0	0	0	0	0	0	0	0	0	0	0	0	0	0	0	0	0	0	0	0	0	0	0	0	0	
100608	Temporal_Sup_R	0	2698	0	1234	0	0	0	0	0	0	0	2406	0	0	0	0	0	3096	212	1016	0	0	0	0	0	0	0	0	0	3758	0	0	0	0	0	0	0	1022	0	278	0	0	0	158	0	0	0	368	0	0	0	580	0	0	0	922	0	1568	0	976	0	1316	0	4450	0	3618	0	2036	0	0	0	0	0	1102	0	170	0	260	0	2176	0	0	0	1098	0	11352	0	0	0	2434	0	0	0	0	0	0	0	0	0	0	0	0	0	0	0	0	0	0	0	0	0	0	0	0	0	0	
61804	Temporal_Pole_Sup_L	0	0	1124	0	660	0	0	0	162	0	1252	0	210	0	1846	0	1238	0	1078	0	692	0	0	0	0	0	0	0	4886	0	0	0	0	0	0	0	1734	0	180	0	1094	0	0	0	0	0	0	0	0	0	0	0	0	0	1212	0	0	0	0	0	0	0	0	0	0	0	0	0	0	0	0	0	1504	0	0	0	0	0	0	0	3366	0	0	0	3792	0	1826	0	3046	0	0	0	0	0	0	0	0	0	0	0	0	0	0	0	0	0	0	0	0	0	0	0	0	0	0	0	
35056	Temporal_Pole_Sup_R	0	0	0	504	0	0	0	0	0	0	0	0	0	0	0	0	0	652	0	470	0	0	0	0	0	0	0	0	0	620	0	0	0	0	0	0	0	1304	0	1062	0	2252	0	0	0	0	0	0	0	0	0	0	0	0	0	3490	0	0	0	0	0	0	0	0	0	0	0	0	0	0	0	0	0	426	0	0	0	0	0	0	0	1098	0	0	0	1848	0	1834	0	1968	0	0	0	0	0	0	0	0	0	0	0	0	0	0	0	0	0	0	0	0	0	0	0	0	0	0	
354100	Temporal_Mid_L	1458	0	604	0	0	0	246	0	0	0	366	0	0	0	0	0	1074	0	430	0	0	0	0	0	0	0	0	0	4778	0	0	0	0	0	976	528	2516	298	0	0	378	0	7914	0	666	0	1256	0	1168	0	38096	0	2628	0	3506	0	5338	0	5586	0	9860	0	10258	0	12196	0	5314	0	2518	0	0	0	172	0	0	0	162	250	2278	0	19522	0	3792	0	0	0	3306	0	27480	0	0	0	0	0	0	0	0	0	0	0	0	0	0	0	0	0	0	0	0	0	132	0	0	0	0	0	
218652	Temporal_Mid_R	0	3700	0	0	0	0	0	0	0	0	0	1946	0	0	0	0	0	0	0	0	0	0	0	0	0	0	0	0	0	2744	0	0	0	112	180	438	0	926	0	0	0	0	0	626	0	2732	0	670	0	3276	0	14564	0	5464	0	2002	0	1876	0	3376	0	4282	0	5412	0	8510	0	9536	0	318	0	0	0	320	0	0	0	120	0	274	0	11352	0	1848	0	0	0	812	0	21802	0	0	0	0	0	0	0	0	0	0	0	0	0	0	0	0	0	0	0	0	108	0	0	0	0	0	
22984	Temporal_Pole_Mid_L	0	0	0	0	0	0	0	0	0	0	0	0	0	0	0	0	0	0	0	0	0	0	0	0	0	0	0	0	136	0	0	0	0	0	0	0	774	0	340	0	654	0	0	0	0	0	0	0	0	0	0	0	0	0	1006	0	0	0	0	0	0	0	0	0	0	0	0	0	0	0	0	0	0	0	0	0	0	0	0	0	0	0	1826	0	3306	0	0	0	3450	0	0	0	0	0	0	0	0	0	0	0	0	0	0	0	0	0	0	0	0	0	0	0	0	0	0	0	
13436	Temporal_Pole_Mid_R	0	0	0	0	0	0	0	0	0	0	0	0	0	0	0	0	0	0	0	0	0	0	0	0	0	0	0	0	0	0	0	0	0	0	0	0	0	132	0	328	0	274	0	0	0	0	0	0	0	0	0	0	0	0	0	1454	0	0	0	0	0	0	0	0	0	0	0	0	0	0	0	0	0	0	0	0	0	0	0	0	0	0	0	1834	0	812	0	0	0	1884	0	0	0	0	0	0	0	0	0	0	0	0	0	0	0	0	0	0	0	0	0	0	0	0	0	0	
249652	Temporal_Inf_L	408	0	1242	0	0	0	232	0	0	0	406	0	0	0	0	0	256	0	1196	0	0	0	0	0	0	0	0	0	6618	0	0	0	0	0	1422	494	13882	412	3732	0	3110	0	1776	0	696	0	2102	0	834	0	8188	0	4400	0	18226	0	0	0	218	0	0	0	170	0	670	0	1414	146	0	0	0	0	1462	0	0	0	188	228	668	0	6594	0	3046	0	27480	0	3450	0	0	0	4388	0	594	0	0	0	792	0	2860	0	236	0	462	0	0	0	0	0	0	0	128	0	0	0	0	0	
165884	Temporal_Inf_R	0	2972	0	0	0	0	0	0	0	0	0	1856	0	0	0	0	0	0	0	0	0	0	0	0	0	0	0	0	0	3336	0	0	0	0	160	590	0	2952	0	582	0	996	0	534	0	678	0	802	0	970	0	2852	0	7998	0	11776	0	1836	0	444	0	684	0	652	0	232	0	3062	0	168	0	0	0	406	0	0	0	0	0	0	0	2434	0	1968	0	21802	0	1884	0	0	156	4706	0	350	242	160	266	242	166	716	0	112	0	330	0	0	0	0	0	320	550	0	0	0	0	0	
575508	Cerebelum_Crus1_L	0	0	0	0	0	0	0	0	0	0	0	0	0	0	0	0	0	0	0	0	0	0	0	0	0	0	0	0	150	0	0	0	0	0	0	0	0	0	262	0	0	0	0	0	0	0	13128	6308	0	0	480	0	926	528	28478	5336	0	0	0	0	0	0	0	0	0	0	116	0	0	0	0	0	0	0	0	0	0	0	0	0	0	0	0	0	0	0	0	0	4388	156	0	8460	38528	3970	3484	1494	26180	1762	66910	11050	15642	0	20910	312	920	166	176	0	132	2866	7822	10710	5336	428	240	0	
605300	Cerebelum_Crus1_R	0	0	0	0	0	0	0	0	0	0	0	0	0	0	0	0	0	0	0	0	0	0	0	0	0	0	0	0	0	0	0	0	0	0	0	0	0	0	0	128	0	0	0	0	0	0	1082	12838	0	0	0	0	210	866	1270	27726	0	0	0	0	0	0	0	0	0	0	0	0	0	0	0	0	0	0	0	0	0	0	0	0	0	0	0	0	0	0	0	0	0	4706	8460	0	6852	36542	5240	5664	10784	22464	9146	61310	2376	5940	3334	17172	1326	448	0	0	126	10348	19940	10784	12790	2034	744	0	
523168	Cerebelum_Crus2_L	0	0	0	0	0	0	0	0	0	0	0	0	0	0	0	0	0	0	0	0	0	0	0	0	0	0	0	0	0	0	0	0	0	0	0	0	0	0	0	0	0	0	0	0	0	0	4062	2920	0	0	136	0	178	368	3494	2356	0	0	0	0	0	0	0	0	0	0	0	0	0	0	0	0	0	0	0	0	0	0	0	0	0	0	0	0	0	0	0	0	594	0	38528	6852	0	24728	714	572	6532	866	16150	5354	42444	7486	42758	6458	5998	778	1180	0	122	782	1656	4594	21454	10350	998	122	
496216	Cerebelum_Crus2_R	0	0	0	0	0	0	0	0	0	0	0	0	0	0	0	0	0	0	0	0	0	0	0	0	0	0	0	0	0	0	0	0	0	0	0	0	0	0	0	0	0	0	0	0	0	0	512	1600	0	0	0	0	0	128	482	2394	0	0	0	0	0	0	0	0	0	0	0	0	0	0	0	0	0	0	0	0	0	0	0	0	0	0	0	0	0	0	0	0	0	350	3970	36542	24728	0	1778	2920	2508	5374	2926	14192	11550	27392	13426	36856	3490	2380	0	0	252	5964	3828	5846	25348	9358	1898	116	
116548	Cerebelum_3_L	0	0	0	0	0	0	0	0	0	0	0	0	0	0	0	0	0	0	0	0	0	0	0	0	0	0	0	0	0	0	0	0	0	0	0	0	0	0	316	0	0	0	0	0	0	0	0	110	0	0	0	0	0	0	588	1158	0	0	0	0	0	0	0	0	0	0	0	0	0	0	0	0	0	0	0	0	0	0	0	0	0	0	0	0	0	0	0	0	0	242	3484	5240	714	1778	0	2240	10878	1334	4398	5596	592	0	2282	478	860	228	0	0	806	6336	6886	716	388	370	256	0	
117168	Cerebelum_3_R	0	0	0	0	0	0	0	0	0	0	0	0	0	0	0	0	0	0	0	0	0	0	0	0	0	0	0	0	0	0	0	0	0	0	0	0	0	0	0	0	0	0	0	0	0	0	0	188	0	0	0	0	0	0	0	1544	0	0	0	0	0	0	0	0	0	0	0	0	0	0	0	0	0	0	0	0	0	0	0	0	0	0	0	0	0	0	0	0	0	160	1494	5664	572	2920	2240	0	2522	6074	1806	7928	458	368	1640	2394	862	1014	0	0	468	8806	4694	646	1358	1730	1034	0	
462540	Cerebelum_4_5_L	0	0	0	0	0	0	0	0	0	0	0	0	0	0	0	0	0	0	0	0	0	0	0	0	0	0	0	0	0	0	0	0	0	0	0	0	200	0	552	0	0	0	486	0	164	0	15164	4334	226	0	2594	0	4290	186	17430	2724	0	0	0	0	0	0	0	0	0	0	222	0	0	0	0	0	0	0	0	0	0	0	0	0	0	0	0	0	0	0	0	0	792	266	26180	10784	6532	2508	10878	2522	0	6538	41416	13302	5616	170	9324	916	3492	300	334	0	556	5832	24668	7226	512	712	484	838	
344632	Cerebelum_4_5_R	558	1288	0	0	0	0	0	0	0	0	0	420	0	0	0	0	0	0	0	280	0	0	0	0	0	0	0	0	0	424	0	0	0	182	2024	2530	104	2250	104	3938	0	0	0	320	0	0	676	13642	0	0	0	0	288	608	910	18704	0	330	0	0	0	0	0	0	0	0	0	980	188	212	0	0	0	306	0	0	0	670	0	0	0	0	0	0	0	0	0	0	0	242	1762	22464	866	5374	1334	6074	6538	0	3236	32776	426	1090	1380	5720	1060	1750	0	0	182	7276	17254	674	864	894	1144	0	
637252	Cerebelum_6_L	0	0	0	0	0	0	0	0	0	0	0	0	0	0	0	0	0	0	0	0	0	0	0	0	0	0	0	0	162	0	0	0	0	0	0	0	122	0	360	0	0	0	464	0	152	0	21748	9928	202	0	3326	0	5220	514	38872	6284	0	0	0	0	0	0	0	0	0	0	218	0	0	0	0	0	0	0	0	0	0	0	0	0	0	0	0	0	0	0	0	0	2860	166	66910	9146	16150	2926	4398	1806	41416	3236	0	14838	9300	0	13138	362	3030	202	322	0	170	3390	16254	16982	2866	626	356	204	
617388	Cerebelum_6_R	0	0	0	0	0	0	0	0	0	0	0	0	0	0	0	0	0	0	0	0	0	0	0	0	0	0	0	0	0	0	0	0	0	0	0	0	0	340	0	296	0	0	0	0	0	0	2540	18450	0	0	164	0	484	1386	3050	32692	0	0	0	0	0	0	0	0	0	0	0	0	0	0	0	0	0	0	0	0	0	0	0	0	0	0	0	0	0	0	0	0	0	716	11050	61310	5354	14192	5596	7928	13302	32776	14838	0	1284	1694	3394	6444	2310	1244	0	0	132	9878	24830	17904	9966	2006	998	146	
368480	Cerebelum_7b_L	0	0	0	0	0	0	0	0	0	0	0	0	0	0	0	0	0	0	0	0	0	0	0	0	0	0	0	0	0	0	0	0	0	0	0	0	0	0	0	0	0	0	0	0	0	0	788	326	0	0	0	0	0	0	392	444	0	0	0	0	0	0	0	0	0	0	0	0	0	0	0	0	0	0	0	0	0	0	0	0	0	0	0	0	0	0	0	0	236	0	15642	2376	42444	11550	592	458	5616	426	9300	1284	0	8502	47396	5674	6666	0	1744	0	0	574	1350	480	8892	11088	0	0	
214268	Cerebelum_7b_R	0	0	0	0	0	0	0	0	0	0	0	0	0	0	0	0	0	0	0	0	0	0	0	0	0	0	0	0	0	0	0	0	0	0	0	0	0	0	0	0	0	0	0	0	0	0	0	0	0	0	0	0	0	0	0	242	0	0	0	0	0	0	0	0	0	0	0	0	0	0	0	0	0	0	0	0	0	0	0	0	0	0	0	0	0	0	0	0	0	112	0	5940	7486	27392	0	368	170	1090	0	1694	8502	0	9456	27822	562	1898	0	0	0	582	560	0	4380	8472	406	0	
503272	Cerebelum_8_L	0	0	0	0	0	0	0	0	0	0	0	0	0	0	0	0	0	0	0	0	0	0	0	0	0	0	0	0	0	0	0	0	0	0	0	0	0	0	0	0	0	0	0	0	0	0	948	352	0	0	0	0	0	0	634	782	0	0	0	0	0	0	0	0	0	0	0	0	0	0	0	0	0	0	0	0	0	0	0	0	0	0	0	0	0	0	0	0	462	0	20910	3334	42758	13426	2282	1640	9324	1380	13138	3394	47396	9456	0	10896	24296	2540	3912	0	248	2454	3062	720	10786	17174	3606	326	
344876	Cerebelum_8_R	0	0	0	0	0	0	0	0	0	0	0	0	0	0	0	0	0	0	0	0	0	0	0	0	0	0	0	0	0	0	0	0	0	0	0	0	0	0	0	0	0	0	0	0	0	0	0	0	0	0	0	0	0	0	0	1154	0	0	0	0	0	0	0	0	0	0	0	0	0	0	0	0	0	0	0	0	0	0	0	0	0	0	0	0	0	0	0	0	0	330	312	17172	6458	36856	478	2394	916	5720	362	6444	5674	27822	10896	0	3850	17390	0	434	258	4720	2166	0	6904	10986	2742	0	
182868	Cerebelum_9_L	0	0	0	0	0	0	0	0	0	0	0	0	0	0	0	0	0	0	0	0	0	0	0	0	0	0	0	0	0	0	0	0	0	0	0	0	0	0	0	0	0	0	0	0	0	0	0	110	0	0	0	0	0	0	0	144	0	0	0	0	0	0	0	0	0	0	0	0	0	0	0	0	0	0	0	0	0	0	0	0	0	0	0	0	0	0	0	0	0	0	920	1326	5998	3490	860	862	3492	1060	3030	2310	6666	562	24296	3850	0	3272	5994	0	308	1160	2158	3438	4262	5940	4628	1298	
110380	Cerebelum_9_R	0	0	0	0	0	0	0	0	0	0	0	0	0	0	0	0	0	0	0	0	0	0	0	0	0	0	0	0	0	0	0	0	0	0	0	0	0	0	0	0	0	0	0	0	0	0	0	0	0	0	0	0	0	0	0	0	0	0	0	0	0	0	0	0	0	0	0	0	0	0	0	0	0	0	0	0	0	0	0	0	0	0	0	0	0	0	0	0	0	0	166	448	778	2380	228	1014	300	1750	202	1244	0	1898	2540	17390	3272	0	0	1126	546	1388	960	1108	2286	5614	6958	1594	
27576	Cerebelum_10_L	0	0	0	0	0	0	0	0	0	0	0	0	0	0	0	0	0	0	0	0	0	0	0	0	0	0	0	0	0	0	0	0	0	0	0	0	0	0	0	0	0	0	0	0	0	0	0	0	0	0	0	0	0	0	0	0	0	0	0	0	0	0	0	0	0	0	0	0	0	0	0	0	0	0	0	0	0	0	0	0	0	0	0	0	0	0	0	0	0	0	176	0	1180	0	0	0	334	0	322	0	1744	0	3912	0	5994	0	0	0	0	0	0	0	0	0	126	0	
3584	Cerebelum_10_R	0	0	0	0	0	0	0	0	0	0	0	0	0	0	0	0	0	0	0	0	0	0	0	0	0	0	0	0	0	0	0	0	0	0	0	0	0	0	0	0	0	0	0	0	0	0	0	0	0	0	0	0	0	0	0	0	0	0	0	0	0	0	0	0	0	0	0	0	0	0	0	0	0	0	0	0	0	0	0	0	0	0	0	0	0	0	0	0	0	0	0	0	0	0	0	0	0	0	0	0	0	0	0	434	0	1126	0	0	0	0	0	0	0	104	128	0	
20464	Vermis_1_2	0	0	0	0	0	0	0	0	0	0	0	0	0	0	0	0	0	0	0	0	0	0	0	0	0	0	0	0	0	0	0	0	0	0	0	0	0	0	106	0	0	0	0	0	0	0	0	0	0	0	0	0	0	0	0	0	0	0	0	0	0	0	0	0	0	0	0	0	0	0	0	0	0	0	0	0	0	0	0	0	0	0	0	0	0	0	0	0	0	0	132	126	122	252	806	468	556	182	170	132	0	0	248	258	308	546	0	0	0	3066	1094	188	340	570	562	0	
190204	Vermis_3	0	0	0	0	0	0	0	0	0	0	0	0	0	0	0	0	0	0	0	0	0	0	0	0	0	0	0	0	0	0	0	0	0	0	0	0	0	0	520	0	0	0	0	0	0	0	156	164	0	0	0	0	0	0	0	2190	0	0	0	0	0	0	0	0	0	0	0	0	0	0	0	0	0	0	0	0	0	0	0	0	0	0	0	0	0	0	0	0	0	320	2866	10348	782	5964	6336	8806	5832	7276	3390	9878	574	582	2454	4720	1160	1388	0	0	3066	0	9894	1186	1738	2124	1388	0	
471420	Vermis_4_5	292	0	0	0	0	0	118	0	0	0	0	0	0	0	0	0	192	0	0	422	0	0	0	0	0	0	0	0	398	0	0	0	0	1770	2778	7452	378	204	298	0	0	0	3464	346	808	484	5372	9772	358	192	2224	146	3406	1170	7880	6620	196	114	0	0	0	0	0	0	0	0	3584	8308	254	1414	174	0	142	0	0	0	694	116	0	0	0	0	0	0	132	108	0	0	128	550	7822	19940	1656	3828	6886	4694	24668	17254	16254	24830	1350	560	3062	2166	2158	960	0	0	1094	9894	0	8572	1460	1864	1248	1032	
