data	data	587600	559908	1.05496e+06	1.02755e+06	193364	78844	555812	227544	63220	32096	241596	172296	220896	181000	140432	93056	259224	95468	800028	1.11893e+06	100532	117580	410464	458432	45400	92848	84080	122424	835032	307004	312504	546004	229684	763116	85692	152468	176916	242828	81012	116156	40960	46404	236616	297088	168888	325056	230132	279500	244572	276312	453372	159840	155216	45896	277836	377860	413568	376368	215604	188392	247740	68676	124352	102692	185292	95340	244552	386748	362952	413604	273140	361044	320728	298524	83768	45208	137352	183788	128872	18012	247660	92244	95004	33068	354728	166840	25300	9848	340776	185760	394428	343188	301136	268004	30708	83072	260612	202076	380440	345720	218360	107032	267632	244484	128080	131128	29324	5524	39708	69396	241476	228696	228396	123288	98624	35988	
data	data	Precentral_L	Precentral_R	Frontal_Sup_L	Frontal_Sup_R	Frontal_Sup_Orb_L	Frontal_Sup_Orb_R	Frontal_Mid_L	Frontal_Mid_R	Frontal_Mid_Orb_L	Frontal_Mid_Orb_R	Frontal_Inf_Oper_L	Frontal_Inf_Oper_R	Frontal_Inf_Tri_L	Frontal_Inf_Tri_R	Frontal_Inf_Orb_L	Frontal_Inf_Orb_R	Rolandic_Oper_L	Rolandic_Oper_R	Supp_Motor_Area_L	Supp_Motor_Area_R	Olfactory_L	Olfactory_R	Frontal_Sup_Medial_L	Frontal_Sup_Medial_R	Frontal_Med_Orb_L	Frontal_Med_Orb_R	Rectus_L	Rectus_R	Insula_L	Insula_R	Cingulum_Ant_L	Cingulum_Ant_R	Cingulum_Mid_L	Cingulum_Mid_R	Cingulum_Post_L	Cingulum_Post_R	Hippocampus_L	Hippocampus_R	ParaHippocampal_L	ParaHippocampal_R	Amygdala_L	Amygdala_R	Calcarine_L	Calcarine_R	Cuneus_L	Cuneus_R	Lingual_L	Lingual_R	Occipital_Sup_L	Occipital_Sup_R	Occipital_Mid_L	Occipital_Mid_R	Occipital_Inf_L	Occipital_Inf_R	Fusiform_L	Fusiform_R	Postcentral_L	Postcentral_R	Parietal_Sup_L	Parietal_Sup_R	Parietal_Inf_L	Parietal_Inf_R	SupraMarginal_L	SupraMarginal_R	Angular_L	Angular_R	Precuneus_L	Precuneus_R	Paracentral_Lobule_L	Paracentral_Lobule_R	Caudate_L	Caudate_R	Putamen_L	Putamen_R	Pallidum_L	Pallidum_R	Thalamus_L	Thalamus_R	Heschl_L	Heschl_R	Temporal_Sup_L	Temporal_Sup_R	Temporal_Pole_Sup_L	Temporal_Pole_Sup_R	Temporal_Mid_L	Temporal_Mid_R	Temporal_Pole_Mid_L	Temporal_Pole_Mid_R	Temporal_Inf_L	Temporal_Inf_R	Cerebelum_Crus1_L	Cerebelum_Crus1_R	Cerebelum_Crus2_L	Cerebelum_Crus2_R	Cerebelum_3_L	Cerebelum_3_R	Cerebelum_4_5_L	Cerebelum_4_5_R	Cerebelum_6_L	Cerebelum_6_R	Cerebelum_7b_L	Cerebelum_7b_R	Cerebelum_8_L	Cerebelum_8_R	Cerebelum_9_L	Cerebelum_9_R	Cerebelum_10_L	Cerebelum_10_R	Vermis_1_2	Vermis_3	Vermis_4_5	Vermis_6	Vermis_7	Vermis_8	Vermis_9	Vermis_10	
587600	Precentral_L	0	4502	14834	1882	0	0	21464	236	0	0	13612	0	1998	0	112	0	16604	0	15064	11532	0	0	194	0	0	0	0	0	28558	0	178	146	132	8436	1974	3454	3534	1194	380	386	0	0	816	400	210	0	0	120	154	0	560	0	0	0	408	268	36416	3514	622	0	3770	0	1398	0	1148	0	1420	1276	25060	10326	10648	96	13452	0	2772	0	5198	466	10256	0	6074	0	370	0	3142	0	0	0	3034	0	0	0	0	0	0	0	0	0	0	0	0	0	0	0	0	0	0	0	0	0	0	0	0	0	0	0	
559908	Precentral_R	4502	0	1148	26774	0	0	290	15252	0	0	750	5018	180	734	0	0	410	3486	5876	44170	0	0	0	476	0	0	0	0	2606	7022	0	608	2730	11404	606	2766	658	5812	94	538	0	0	0	314	0	864	0	0	0	570	0	158	0	0	0	2148	2440	19686	0	1184	0	3308	0	5246	0	330	748	2454	6744	29302	2886	13758	4806	6990	4668	1190	6204	17144	0	180	194	464	0	0	0	206	0	0	0	1858	0	0	0	0	0	0	0	0	0	0	0	0	0	0	0	0	0	0	0	0	0	0	0	0	0	0	
1.05496e+06	Frontal_Sup_L	14834	1148	0	30448	11782	0	86162	2494	3208	0	16428	192	15354	832	9056	0	10100	178	75412	30902	0	0	49162	17662	4310	0	0	0	54902	252	15280	10368	10256	22012	0	0	812	0	0	0	0	0	0	0	0	0	0	0	0	0	0	0	0	0	466	0	144	0	0	0	0	0	0	0	0	0	0	0	1044	0	8410	1448	15918	1588	304	224	0	0	164	0	1696	0	2078	0	0	0	0	0	448	0	0	0	0	0	0	0	0	0	0	0	0	0	0	0	0	0	0	0	0	0	0	0	0	0	0	0	
1.02755e+06	Frontal_Sup_R	1882	26774	30448	0	0	6230	7396	25030	0	2886	1382	10926	1128	12892	304	8024	688	3064	33248	82312	0	1198	11878	49760	0	5620	0	2318	13588	18044	5414	37258	3486	29804	0	360	0	4818	0	810	0	104	0	0	0	0	0	0	0	0	0	0	0	0	0	748	396	1736	0	98	0	270	0	490	0	0	110	712	208	1930	3518	22470	1988	13334	174	1604	316	23732	0	0	272	0	0	170	0	0	0	0	0	426	0	0	0	0	0	0	0	0	0	0	0	0	0	0	0	0	0	0	0	0	0	0	0	0	0	0	
193364	Frontal_Sup_Orb_L	0	0	11782	0	0	0	2422	0	13452	0	0	0	466	0	14254	0	0	0	90	0	5084	3308	5378	0	5704	472	7100	2866	5518	0	6990	2748	0	0	0	0	0	0	260	0	370	0	0	0	0	0	0	0	0	0	0	0	0	0	0	0	0	0	0	0	0	0	0	0	0	0	0	0	0	0	1734	578	4512	0	0	0	0	0	0	0	0	0	1594	0	0	0	0	0	0	0	0	0	0	0	0	0	0	0	0	0	0	0	0	0	0	0	0	0	0	0	0	0	0	0	0	0	
78844	Frontal_Sup_Orb_R	0	0	0	6230	0	0	0	496	0	3232	0	0	0	142	0	4540	0	0	0	294	0	2814	0	2496	0	7052	0	8670	0	1754	0	776	0	92	0	0	0	0	0	0	0	0	0	0	0	0	0	0	0	0	0	0	0	0	0	0	0	0	0	0	0	0	0	0	0	0	0	0	0	0	0	338	0	496	0	0	0	0	0	0	0	0	0	0	0	0	0	0	0	0	0	0	0	0	0	0	0	0	0	0	0	0	0	0	0	0	0	0	0	0	0	0	0	0	0	0	
555812	Frontal_Mid_L	21464	290	86162	7396	2422	0	0	530	3696	0	9296	162	30006	118	8312	0	3498	0	15700	6662	0	0	16922	2920	406	0	0	0	25260	102	5486	2712	5908	5104	0	328	108	314	0	98	0	0	0	0	0	0	0	0	0	0	0	0	0	0	0	0	648	0	0	0	90	0	156	0	188	0	0	0	0	0	8620	360	3958	264	152	114	858	226	516	0	198	0	176	0	0	0	0	0	0	0	0	0	0	0	0	0	0	0	0	0	0	0	0	0	0	0	0	0	0	0	0	0	0	0	0	0	
227544	Frontal_Mid_R	236	15252	2494	25030	0	496	530	0	0	2058	466	7788	258	16818	0	3570	0	620	4010	3018	0	0	238	2524	0	0	0	0	3952	6904	178	2536	0	2364	0	200	0	474	0	0	0	0	0	0	0	0	0	0	0	0	0	0	0	0	0	0	0	640	0	450	0	1084	0	1306	0	0	0	130	132	0	482	2216	282	2834	0	1358	158	686	0	0	0	0	0	0	0	0	0	0	0	0	0	0	0	0	0	0	0	0	0	0	0	0	0	0	0	0	0	0	0	0	0	0	0	0	0	0	
63220	Frontal_Mid_Orb_L	0	0	3208	0	13452	0	3696	0	0	0	0	0	428	0	10164	0	0	0	0	0	0	0	0	0	0	0	344	0	212	0	0	0	0	0	0	0	0	0	0	0	0	0	0	0	0	0	0	0	0	0	0	0	0	0	0	0	0	0	0	0	0	0	0	0	0	0	0	0	0	0	0	0	0	0	0	0	0	0	0	0	0	0	106	0	0	0	0	0	0	0	0	0	0	0	0	0	0	0	0	0	0	0	0	0	0	0	0	0	0	0	0	0	0	0	0	0	
32096	Frontal_Mid_Orb_R	0	0	0	2886	0	3232	0	2058	0	0	0	0	0	1174	0	5348	0	0	0	146	0	0	0	514	0	0	0	0	0	154	0	130	0	0	0	0	0	0	0	0	0	0	0	0	0	0	0	0	0	0	0	0	0	0	0	0	0	0	0	0	0	0	0	0	0	0	0	0	0	0	0	262	0	144	0	0	0	0	0	0	0	0	0	0	0	0	0	0	0	0	0	0	0	0	0	0	0	0	0	0	0	0	0	0	0	0	0	0	0	0	0	0	0	0	0	0	
241596	Frontal_Inf_Oper_L	13612	750	16428	1382	0	0	9296	466	0	0	0	0	11916	0	0	0	15842	0	10288	1608	0	0	0	0	0	0	0	0	24724	0	0	0	0	294	0	0	0	0	0	0	0	0	0	0	0	0	0	0	0	0	0	0	0	0	0	0	2386	0	0	0	0	0	226	0	0	0	0	0	122	214	1674	318	2006	0	204	0	296	0	1436	0	2250	0	3060	0	0	0	0	0	0	0	0	0	0	0	0	0	0	0	0	0	0	0	0	0	0	0	0	0	0	0	0	0	0	0	0	0	
172296	Frontal_Inf_Oper_R	0	5018	192	10926	0	0	162	7788	0	0	0	0	176	11800	0	780	0	6664	518	3776	0	0	0	630	0	0	0	0	1748	19080	158	2108	0	118	0	144	0	832	0	0	0	0	0	0	0	0	0	0	0	0	0	0	0	0	0	132	0	1326	0	0	0	0	0	0	0	0	0	0	0	0	244	2772	0	5912	0	756	114	806	0	0	0	0	0	1468	0	0	0	0	0	0	0	0	0	0	0	0	0	0	0	0	0	0	0	0	0	0	0	0	0	0	0	0	0	0	0	0	
220896	Frontal_Inf_Tri_L	1998	180	15354	1128	466	0	30006	258	428	0	11916	176	0	0	7212	0	986	0	5140	1166	0	0	616	0	126	0	0	0	23660	0	1194	400	0	106	0	0	0	0	0	0	0	0	0	0	0	0	0	0	0	0	0	0	0	0	0	0	190	0	0	0	0	0	0	0	0	0	0	0	0	0	3528	1210	2008	148	0	0	0	0	0	0	178	0	670	0	0	0	0	0	0	0	0	0	0	0	0	0	0	0	0	0	0	0	0	0	0	0	0	0	0	0	0	0	0	0	0	0	
181000	Frontal_Inf_Tri_R	0	734	832	12892	0	142	118	16818	0	1174	0	11800	0	0	0	6122	0	182	1212	3796	0	0	104	862	0	120	0	0	1268	20820	206	3052	0	1710	0	0	0	0	0	0	0	0	0	0	0	0	0	0	0	0	0	0	0	0	0	0	0	212	0	0	0	0	0	0	0	0	0	0	0	0	0	1640	0	3960	0	324	0	302	0	0	0	0	0	98	0	0	0	0	0	0	0	0	0	0	0	0	0	0	0	0	0	0	0	0	0	0	0	0	0	0	0	0	0	0	0	0	
140432	Frontal_Inf_Orb_L	112	0	9056	304	14254	0	8312	0	10164	0	0	0	7212	0	0	0	0	0	482	248	1412	0	362	0	134	0	1174	0	10722	0	376	0	0	0	0	0	0	0	288	0	218	0	0	0	0	0	0	0	0	0	0	0	0	0	0	0	0	0	0	0	0	0	0	0	0	0	0	0	0	0	244	0	1876	0	0	0	0	0	0	0	0	0	3266	0	0	0	0	0	0	0	0	0	0	0	0	0	0	0	0	0	0	0	0	0	0	0	0	0	0	0	0	0	0	0	0	0	
93056	Frontal_Inf_Orb_R	0	0	0	8024	0	4540	0	3570	0	5348	0	780	0	6122	0	0	0	0	128	1130	0	1328	0	2134	0	952	0	1394	0	6572	0	884	0	0	0	0	0	264	0	126	0	108	0	0	0	0	0	0	0	0	0	0	0	0	0	0	0	0	0	0	0	0	0	0	0	0	0	0	0	0	0	840	0	2284	0	0	0	0	0	0	0	0	0	0	0	0	0	0	0	0	0	0	0	0	0	0	0	0	0	0	0	0	0	0	0	0	0	0	0	0	0	0	0	0	0	0	
259224	Rolandic_Oper_L	16604	410	10100	688	0	0	3498	0	0	0	15842	0	986	0	0	0	0	0	4384	1044	0	0	0	0	0	0	0	0	25508	0	0	0	0	282	0	0	0	0	0	0	0	0	136	0	0	0	0	0	360	0	4308	0	162	0	0	0	10720	102	4090	0	1108	0	2126	0	436	0	310	0	182	328	834	0	1314	0	754	0	294	0	7930	0	11146	0	978	0	1574	0	0	0	1074	0	0	0	0	0	0	0	0	0	0	0	0	0	0	0	0	0	0	0	0	0	0	0	0	0	0	0	
95468	Rolandic_Oper_R	0	3486	178	3064	0	0	0	620	0	0	0	6664	0	182	0	0	0	0	242	2822	0	0	0	0	0	0	0	0	0	9536	0	0	0	94	0	0	0	530	0	0	0	0	0	0	0	108	0	0	0	0	0	0	0	0	0	144	0	6288	0	244	0	0	0	1836	0	0	0	230	0	0	0	2276	0	4114	0	1808	0	182	0	1352	0	858	0	876	0	0	0	0	0	0	0	0	0	0	0	0	0	0	0	0	0	0	0	0	0	0	0	0	0	0	0	0	0	0	0	0	
800028	Supp_Motor_Area_L	15064	5876	75412	33248	90	0	15700	4010	0	0	10288	518	5140	1212	482	128	4384	242	0	61772	0	0	6272	7690	0	126	0	0	37358	684	3978	12536	10066	36774	0	168	752	0	0	0	0	0	0	0	0	0	0	0	0	0	0	0	0	0	376	0	100	226	0	0	0	0	0	0	0	0	678	0	9034	1726	9290	7080	14456	3356	644	410	0	0	100	0	1532	0	658	0	0	0	0	0	378	0	0	0	0	0	0	0	0	0	0	0	0	0	0	0	0	0	0	0	0	0	0	0	0	0	0	0	
1.11893e+06	Supp_Motor_Area_R	11532	44170	30902	82312	0	294	6662	3018	0	146	1608	3776	1166	3796	248	1130	1044	2822	61772	0	0	0	4464	13322	0	398	0	0	15878	5904	3992	18498	10518	74986	574	3140	618	1862	88	180	0	0	0	1072	0	128	0	138	0	0	0	0	0	0	0	770	4892	12048	0	0	0	0	0	100	0	0	1518	3476	17512	42324	4508	22658	6314	7032	4020	1564	4996	11732	0	0	446	0	0	244	0	310	0	0	0	842	0	0	0	0	0	0	0	0	0	0	0	0	0	0	0	0	0	0	0	0	0	0	0	0	0	0	
100532	Olfactory_L	0	0	0	0	5084	0	0	0	0	0	0	0	0	0	1412	0	0	0	0	0	0	8136	0	0	282	738	7292	4966	2606	0	4152	4400	0	0	0	0	132	0	534	0	1144	0	0	0	0	0	0	0	0	0	0	0	0	0	0	0	0	0	0	0	0	0	0	0	0	0	0	0	0	0	6382	1998	96	0	0	0	0	0	0	0	198	0	714	0	0	0	0	0	0	0	0	0	0	0	0	0	0	0	0	0	0	0	0	0	0	0	0	0	0	0	0	0	0	0	0	0	
117580	Olfactory_R	0	0	0	1198	3308	2814	0	0	0	0	0	0	0	0	0	1328	0	0	0	0	8136	0	0	976	0	2056	6158	8682	0	2218	3640	5430	0	0	0	0	0	330	0	236	0	1480	0	0	0	0	0	0	0	0	0	0	0	0	0	0	0	0	0	0	0	0	0	0	0	0	0	0	0	0	6932	2826	0	1042	0	0	0	0	0	0	0	0	0	0	0	0	0	0	0	0	0	0	0	0	0	0	0	0	0	0	0	0	0	0	0	0	0	0	0	0	0	0	0	0	0	0	
410464	Frontal_Sup_Medial_L	194	0	49162	11878	5378	0	16922	238	0	0	0	0	616	104	362	0	0	0	6272	4464	0	0	0	35288	5210	210	0	0	2432	0	20096	12022	13776	16230	0	0	0	0	0	0	0	0	0	0	0	0	0	0	0	0	0	0	0	0	0	0	0	0	0	0	0	0	0	0	0	0	0	0	0	0	632	504	2710	424	0	108	0	0	0	0	0	0	0	0	0	0	0	0	0	0	0	0	0	0	0	0	0	0	0	0	0	0	0	0	0	0	0	0	0	0	0	0	0	0	0	0	
458432	Frontal_Sup_Medial_R	0	476	17662	49760	0	2496	2920	2524	0	514	0	630	0	862	0	2134	0	0	7690	13322	0	976	35288	0	0	5864	0	1950	1562	2128	8872	32416	3018	20158	0	0	0	110	0	0	0	0	0	0	0	0	0	0	0	0	0	0	0	0	0	0	0	0	0	0	0	0	0	0	0	0	0	0	0	0	250	7172	704	7470	0	154	0	134	0	0	0	0	0	0	0	0	0	0	0	0	0	0	0	0	0	0	0	0	0	0	0	0	0	0	0	0	0	0	0	0	0	0	0	0	0	0	
45400	Frontal_Med_Orb_L	0	0	4310	0	5704	0	406	0	0	0	0	0	126	0	134	0	0	0	0	0	282	0	5210	0	0	368	1080	132	368	0	3386	228	0	0	0	0	0	0	0	0	0	0	0	0	0	0	0	0	0	0	0	0	0	0	0	0	0	0	0	0	0	0	0	0	0	0	0	0	0	0	0	0	966	0	0	0	0	0	0	0	0	0	0	0	0	0	0	0	0	0	0	0	0	0	0	0	0	0	0	0	0	0	0	0	0	0	0	0	0	0	0	0	0	0	0	0	
92848	Frontal_Med_Orb_R	0	0	0	5620	472	7052	0	0	0	0	0	0	0	120	0	952	0	0	126	398	738	2056	210	5864	368	0	628	8294	0	996	978	6196	0	102	0	0	0	0	0	0	0	0	0	0	0	0	0	0	0	0	0	0	0	0	0	0	0	0	0	0	0	0	0	0	0	0	0	0	0	0	322	3258	0	1674	0	0	0	0	0	0	0	0	0	0	0	0	0	0	0	0	0	0	0	0	0	0	0	0	0	0	0	0	0	0	0	0	0	0	0	0	0	0	0	0	0	0	
84080	Rectus_L	0	0	0	0	7100	0	0	0	344	0	0	0	0	0	1174	0	0	0	0	0	7292	6158	0	0	1080	628	0	4030	384	0	4602	3208	0	0	0	0	0	0	0	0	0	0	0	0	0	0	0	0	0	0	0	0	0	0	0	0	0	0	0	0	0	0	0	0	0	0	0	0	0	0	4462	1278	196	0	0	0	0	0	0	0	0	0	104	0	0	0	0	0	0	0	0	0	0	0	0	0	0	0	0	0	0	0	0	0	0	0	0	0	0	0	0	0	0	0	0	0	
122424	Rectus_R	0	0	0	2318	2866	8670	0	0	0	0	0	0	0	0	0	1394	0	0	0	0	4966	8682	0	1950	132	8294	4030	0	0	860	2964	7280	0	0	0	0	0	0	0	0	0	88	0	0	0	0	0	0	0	0	0	0	0	0	0	0	0	0	0	0	0	0	0	0	0	0	0	0	0	0	2928	2670	0	1120	0	0	0	0	0	0	0	0	0	0	0	0	0	0	0	0	0	0	0	0	0	0	0	0	0	0	0	0	0	0	0	0	0	0	0	0	0	0	0	0	0	0	
835032	Insula_L	28558	2606	54902	13588	5518	0	25260	3952	212	0	24724	1748	23660	1268	10722	0	25508	0	37358	15878	2606	0	2432	1562	368	0	384	0	0	322	4526	6174	744	10970	664	394	8844	402	1404	164	4836	0	186	0	0	0	0	0	0	0	232	0	0	0	3430	0	8278	178	214	0	340	322	306	330	346	0	490	0	2136	796	11720	2244	18820	1156	148	350	2350	198	13556	0	11070	0	9180	0	2308	0	0	0	4574	0	0	0	0	0	0	0	0	0	0	0	0	0	0	0	0	0	0	0	0	0	0	0	0	0	0	0	
307004	Insula_R	0	7022	252	18044	0	1754	102	6904	0	154	0	19080	0	20820	0	6572	0	9536	684	5904	0	2218	0	2128	0	996	0	860	322	0	102	2152	0	200	0	480	0	6012	0	1324	0	2416	0	0	0	0	0	0	0	0	0	0	0	0	0	1862	0	2700	0	0	0	0	0	88	0	0	0	0	0	0	0	2594	0	21126	0	1086	320	1542	0	1030	0	1854	0	1756	0	266	0	0	0	1240	0	0	0	0	0	0	0	0	0	0	0	0	0	0	0	0	0	0	0	0	0	0	0	0	0	0	
312504	Cingulum_Ant_L	178	0	15280	5414	6990	0	5486	178	0	0	0	158	1194	206	376	0	0	0	3978	3992	4152	3640	20096	8872	3386	978	4602	2964	4526	102	0	25864	9408	8368	0	0	0	0	0	0	0	0	0	0	0	0	0	0	0	0	0	0	0	0	0	0	0	0	0	0	0	0	0	0	0	0	0	0	0	0	4142	2558	8138	1026	0	0	0	0	0	0	0	0	0	0	0	0	0	0	0	0	0	0	0	0	0	0	0	0	0	0	0	0	0	0	0	0	0	0	0	0	0	0	0	0	0	0	
546004	Cingulum_Ant_R	146	608	10368	37258	2748	776	2712	2536	0	130	0	2108	400	3052	0	884	0	0	12536	18498	4400	5430	12022	32416	228	6196	3208	7280	6174	2152	25864	0	5964	23350	0	0	0	112	0	0	0	0	0	0	0	0	0	0	0	0	0	0	0	0	0	0	0	0	0	0	0	0	0	0	0	0	0	0	0	0	3168	19940	2248	17622	0	300	0	168	0	0	0	0	0	0	0	0	0	0	0	0	0	0	0	0	0	0	0	0	0	0	0	0	0	0	0	0	0	0	0	0	0	0	0	0	0	0	
229684	Cingulum_Mid_L	132	2730	10256	3486	0	0	5908	0	0	0	0	0	0	0	0	0	0	0	10066	10518	0	0	13776	3018	0	0	0	0	744	0	9408	5964	0	19184	1348	720	0	0	0	0	0	0	472	0	1490	0	0	0	0	0	0	0	0	0	0	0	188	342	0	0	0	0	0	0	0	0	5308	1238	4644	2206	222	380	258	346	0	268	0	0	0	0	0	0	0	0	124	0	0	0	98	0	0	0	0	0	0	0	0	0	0	0	0	0	0	0	0	0	0	0	0	0	0	0	0	0	0	0	
763116	Cingulum_Mid_R	8436	11404	22012	29804	0	92	5104	2364	0	0	294	118	106	1710	0	0	282	94	36774	74986	0	0	16230	20158	0	102	0	0	10970	200	8368	23350	19184	0	812	4618	228	0	0	0	0	0	0	562	0	170	0	130	0	0	0	0	0	0	0	0	4094	8974	0	0	0	0	0	0	0	0	2102	5266	16976	31272	1450	3716	3618	1652	1924	0	1568	0	0	0	146	0	0	0	0	0	0	0	0	138	0	0	0	0	0	0	0	0	0	0	0	0	0	0	0	0	0	0	0	0	0	0	0	0	0	0	
85692	Cingulum_Post_L	1974	606	0	0	0	0	0	0	0	0	0	0	0	0	0	0	0	0	0	574	0	0	0	0	0	0	0	0	664	0	0	0	1348	812	0	4560	4286	1206	1322	552	0	0	2026	0	1068	0	130	0	302	0	0	0	0	0	578	296	4040	1262	160	0	0	0	0	0	0	0	5210	318	5722	1268	0	0	0	0	0	0	1164	0	938	0	0	0	0	0	170	0	0	0	290	0	0	0	0	0	0	0	0	0	0	0	0	0	0	0	0	0	0	0	0	0	0	0	0	0	0	0	
152468	Cingulum_Post_R	3454	2766	0	360	0	0	328	200	0	0	0	144	0	0	0	0	0	0	168	3140	0	0	0	0	0	0	0	0	394	480	0	0	720	4618	4560	0	1156	7148	0	2218	0	0	0	1578	0	140	0	1526	0	0	0	0	0	0	0	3234	1726	6496	0	0	0	0	0	0	0	0	750	8760	3196	6786	0	0	0	0	0	0	4698	2418	498	0	0	0	0	0	0	110	0	0	0	2148	0	0	0	0	0	0	0	0	0	0	0	0	0	0	0	0	0	0	0	0	316	0	0	0	0	0	
176916	Hippocampus_L	3534	658	812	0	0	0	108	0	0	0	0	0	0	0	0	0	0	0	752	618	132	0	0	0	0	0	0	0	8844	0	0	0	0	228	4286	1156	0	816	11140	458	5288	0	3212	0	0	0	3634	0	0	0	102	0	0	0	11224	0	798	0	0	0	0	0	0	0	0	0	3910	0	744	656	462	0	4140	0	506	0	4644	0	1524	0	3200	0	1700	0	364	0	0	0	8212	0	178	0	116	0	0	0	0	0	192	0	0	0	110	0	0	0	0	0	0	0	0	0	0	0	0	0	
242828	Hippocampus_R	1194	5812	0	4818	0	0	314	474	0	0	0	832	0	0	0	264	0	530	0	1862	0	330	0	110	0	0	0	0	402	6012	0	112	0	0	1206	7148	816	0	0	17314	0	7858	0	700	0	0	0	3208	0	0	0	0	0	0	0	23638	348	684	0	0	0	0	0	340	0	0	0	3726	272	622	0	276	0	7200	0	206	4242	5992	398	648	0	1162	0	210	0	198	0	0	0	7964	0	0	0	0	0	564	0	732	0	0	0	0	0	0	0	0	0	0	0	0	676	0	0	0	0	0	
81012	ParaHippocampal_L	380	94	0	0	260	0	0	0	0	0	0	0	0	0	288	0	0	0	0	88	534	0	0	0	0	0	0	0	1404	0	0	0	0	0	1322	0	11140	0	0	0	1458	0	828	0	0	0	4486	0	0	0	0	0	820	0	8206	0	0	0	0	0	0	0	0	0	0	0	1002	0	0	94	0	0	392	0	0	0	1930	0	0	0	298	0	1250	0	96	0	702	0	1180	0	432	0	168	0	144	0	506	0	646	0	90	0	110	0	0	0	0	0	0	0	158	0	0	0	0	0	
116156	ParaHippocampal_R	386	538	0	810	0	0	98	0	0	0	0	0	0	0	0	126	0	0	0	180	0	236	0	0	0	0	0	0	164	1324	0	0	0	0	552	2218	458	17314	0	0	0	5298	0	310	0	0	0	2508	0	0	0	0	0	0	0	11462	90	0	0	0	0	0	0	0	0	0	0	1094	0	0	0	0	0	1420	0	0	1880	2334	188	0	0	0	0	1270	0	94	0	360	0	1224	0	0	110	178	0	952	0	1876	0	142	0	0	108	224	0	0	0	0	0	272	0	0	160	120	0	0	
40960	Amygdala_L	0	0	0	0	370	0	0	0	0	0	0	0	0	0	218	0	0	0	0	0	1144	0	0	0	0	0	0	0	4836	0	0	0	0	0	0	0	5288	0	1458	0	0	0	0	0	0	0	0	0	0	0	0	0	0	0	2164	0	0	0	0	0	0	0	0	0	0	0	0	0	0	0	0	0	0	0	0	0	0	0	0	0	1946	0	1804	0	126	0	96	0	1030	0	0	0	0	0	0	0	0	0	0	0	0	0	0	0	0	0	0	0	0	0	0	0	0	0	0	0	
46404	Amygdala_R	0	0	0	104	0	0	0	0	0	0	0	0	0	0	0	108	0	0	0	0	0	1480	0	0	0	0	0	88	0	2416	0	0	0	0	0	0	0	7858	0	5298	0	0	0	0	0	0	0	0	0	0	0	0	0	0	0	3536	0	0	0	0	0	0	0	0	0	0	0	0	0	0	0	0	0	1222	0	0	0	0	0	0	0	0	0	866	0	0	0	0	0	226	0	0	0	0	0	0	0	0	0	0	0	0	0	0	0	0	0	0	0	0	0	0	0	0	0	0	
236616	Calcarine_L	816	0	0	0	0	0	0	0	0	0	0	0	0	0	0	0	136	0	0	0	0	0	0	0	0	0	0	0	186	0	0	0	472	0	2026	0	3212	0	828	0	0	0	0	5510	12242	1722	10798	2582	8086	294	15572	0	4130	0	1286	0	1972	0	210	0	2492	0	1036	0	2862	0	16638	0	1628	0	0	0	0	0	0	0	0	0	688	0	696	0	0	0	9760	0	0	0	10428	0	0	0	0	0	0	0	0	0	0	0	0	0	0	0	0	0	0	0	0	0	0	0	0	0	0	0	
297088	Calcarine_R	400	314	0	0	0	0	0	0	0	0	0	0	0	0	0	0	0	0	0	1072	0	0	0	0	0	0	0	0	0	0	0	0	0	562	0	1578	0	700	0	310	0	0	5510	0	5074	27076	2378	20172	0	16566	0	11796	0	4752	0	8954	228	2904	0	1640	0	0	0	0	0	1042	578	20106	430	1648	0	0	0	0	0	0	0	0	0	226	0	612	0	0	0	2898	0	0	0	9018	0	0	0	0	0	0	0	0	0	0	0	0	0	0	0	0	0	0	0	0	0	0	0	0	0	0	
168888	Cuneus_L	210	0	0	0	0	0	0	0	0	0	0	0	0	0	0	0	0	0	0	0	0	0	0	0	0	0	0	0	0	0	0	0	1490	0	1068	0	0	0	0	0	0	0	12242	5074	0	6752	3536	652	21190	2354	13636	586	912	0	458	0	376	0	680	0	0	0	0	0	0	0	8630	480	696	0	0	0	0	0	0	0	0	0	0	0	258	0	0	0	1748	0	0	0	1322	94	0	0	0	0	0	0	0	0	0	0	0	0	0	0	0	0	0	0	0	0	0	0	0	0	0	0	
325056	Cuneus_R	0	864	0	0	0	0	0	0	0	0	0	0	0	0	0	0	0	108	0	128	0	0	0	0	0	0	0	0	0	0	0	0	0	170	0	140	0	0	0	0	0	0	1722	27076	6752	0	186	6212	0	39632	0	11470	0	794	0	2156	0	8580	0	11506	0	0	0	338	0	1606	836	33046	0	262	0	0	0	0	0	0	0	0	0	0	0	998	0	0	0	5592	0	0	0	2354	0	0	0	0	0	0	0	0	0	0	0	0	0	0	0	0	0	0	0	0	0	0	0	0	0	0	
230132	Lingual_L	0	0	0	0	0	0	0	0	0	0	0	0	0	0	0	0	0	0	0	0	0	0	0	0	0	0	0	0	0	0	0	0	0	0	130	0	3634	0	4486	0	0	0	10798	2378	3536	186	0	3722	5292	162	20354	96	12090	0	14840	928	0	0	0	0	0	0	0	0	0	0	1754	0	0	0	0	0	0	0	0	0	512	0	0	0	0	0	0	0	140	0	0	0	298	0	3346	1504	114	0	330	134	7802	1602	6712	2064	0	0	0	90	0	0	0	0	0	150	4476	1280	126	0	0	0	
279500	Lingual_R	120	0	0	0	0	0	0	0	0	0	0	0	0	0	0	0	0	0	0	138	0	0	0	0	0	0	0	0	0	0	0	0	0	130	0	1526	0	3208	0	2508	0	0	2582	20172	652	6212	3722	0	0	5694	0	2748	0	4648	696	22308	0	228	0	142	0	0	0	0	0	350	194	5834	110	162	0	0	0	0	0	0	0	0	0	0	0	0	0	0	0	360	0	0	0	1580	3126	8444	368	278	0	624	1534	4870	4488	10606	128	0	180	202	0	208	0	0	0	334	6336	9612	1890	258	240	0	
244572	Occipital_Sup_L	154	0	0	0	0	0	0	0	0	0	0	0	0	0	0	0	360	0	0	0	0	0	0	0	0	0	0	0	0	0	0	0	0	0	302	0	0	0	0	0	0	0	8086	0	21190	0	5292	0	0	0	36106	0	2278	0	616	0	3046	0	16026	0	7172	0	804	0	1756	0	11198	182	1070	0	0	0	0	0	0	0	0	0	0	0	560	0	0	0	4340	0	0	0	1748	0	0	0	0	0	0	0	0	0	0	0	0	0	0	0	0	0	0	0	0	0	0	0	0	0	0	0	
276312	Occipital_Sup_R	0	570	0	0	0	0	0	0	0	0	0	0	0	0	0	0	0	0	0	0	0	0	0	0	0	0	0	0	0	0	0	0	0	0	0	0	0	0	0	0	0	0	294	16566	2354	39632	162	5694	0	0	0	14872	0	780	0	1718	0	7930	0	13504	0	294	0	108	0	3424	0	22736	0	0	0	0	0	0	0	0	0	0	0	0	0	878	0	0	0	5628	0	0	0	1012	0	0	0	0	0	0	0	0	0	0	0	0	0	0	0	0	0	0	0	0	0	0	0	0	0	0	
453372	Occipital_Mid_L	560	0	0	0	0	0	0	0	0	0	0	0	0	0	0	0	4308	0	0	0	0	0	0	0	0	0	0	0	232	0	0	0	0	0	0	0	102	0	0	0	0	0	15572	0	13636	0	20354	0	36106	0	0	0	25156	0	9900	0	5496	0	25430	0	17346	0	1324	0	15494	0	8168	0	1422	0	0	0	0	0	0	0	0	0	146	0	4240	0	0	0	14344	0	0	0	6854	0	320	0	0	0	0	0	0	0	176	0	0	0	0	0	0	0	0	0	0	0	0	0	0	0	0	0	
159840	Occipital_Mid_R	0	158	0	0	0	0	0	0	0	0	0	0	0	0	0	0	0	0	0	0	0	0	0	0	0	0	0	0	0	0	0	0	0	0	0	0	0	0	0	0	0	0	0	11796	586	11470	96	2748	0	14872	0	0	0	3378	0	1988	0	1062	0	3602	0	464	0	0	0	12172	0	5966	0	88	0	0	0	0	0	0	0	0	0	0	0	92	0	0	0	8420	0	0	0	962	0	0	0	0	0	0	0	0	0	0	0	0	0	0	0	0	0	0	0	0	0	0	0	0	0	0	
155216	Occipital_Inf_L	0	0	0	0	0	0	0	0	0	0	0	0	0	0	0	0	162	0	0	0	0	0	0	0	0	0	0	0	0	0	0	0	0	0	0	0	0	0	820	0	0	0	4130	0	912	0	12090	0	2278	0	25156	0	0	0	11886	0	772	0	828	0	546	0	0	0	0	0	1000	0	194	0	0	0	0	0	0	0	0	0	0	0	150	0	0	0	6392	0	0	0	9374	0	386	0	0	0	0	0	102	0	338	0	0	0	0	0	0	0	0	0	0	0	92	0	0	0	0	0	
45896	Occipital_Inf_R	0	0	0	0	0	0	0	0	0	0	0	0	0	0	0	0	0	0	0	0	0	0	0	0	0	0	0	0	0	0	0	0	0	0	0	0	0	0	0	0	0	0	0	4752	0	794	0	4648	0	780	0	3378	0	0	0	6032	0	0	0	210	0	0	0	0	0	102	0	310	0	0	0	0	0	0	0	0	0	0	0	0	0	0	0	0	0	432	0	0	0	1186	0	0	0	0	0	0	0	0	0	130	0	0	0	0	0	0	0	0	0	0	0	194	0	0	0	0	
277836	Fusiform_L	408	0	466	0	0	0	0	0	0	0	0	0	0	0	0	0	0	0	376	0	0	0	0	0	0	0	0	0	3430	0	0	0	0	0	578	0	11224	0	8206	0	2164	0	1286	0	458	0	14840	696	616	0	9900	0	11886	0	0	338	196	0	0	0	0	0	0	0	0	0	922	0	238	0	0	0	934	0	0	0	464	0	150	0	1434	0	1060	0	1552	0	486	0	13286	0	16408	350	1970	0	0	0	8020	318	18006	558	920	0	980	0	0	0	0	0	0	0	1980	1452	362	0	0	0	
377860	Fusiform_R	268	2148	0	748	0	0	0	0	0	0	0	132	0	0	0	0	0	144	0	770	0	0	0	0	0	0	0	0	0	1862	0	0	0	0	296	3234	0	23638	0	11462	0	3536	0	8954	0	2156	928	22308	0	1718	0	1988	0	6032	338	0	112	780	0	0	0	0	0	0	0	88	0	5256	142	820	0	0	0	1400	0	144	726	1694	0	826	0	4706	0	4246	0	1302	0	1458	0	20672	1224	12024	228	518	0	616	1014	7562	1876	14610	0	0	176	386	112	182	0	0	0	0	4964	4952	996	250	208	0	
413568	Postcentral_L	36416	2440	144	396	0	0	648	0	0	0	2386	0	190	0	0	0	10720	0	100	4892	0	0	0	0	0	0	0	0	8278	0	0	0	188	4094	4040	1726	798	348	0	90	0	0	1972	228	376	0	0	0	3046	0	5496	0	772	0	196	112	0	4600	10568	0	19930	0	10350	0	5054	0	5808	624	21254	6782	1664	0	1050	0	826	0	1132	0	6766	0	8620	0	140	0	6568	0	0	0	4956	0	0	0	0	0	0	0	0	0	0	0	0	0	0	0	0	0	0	0	0	0	0	0	0	0	0	0	
376368	Postcentral_R	3514	19686	0	1736	0	0	0	640	0	0	0	1326	0	212	0	0	102	6288	226	12048	0	0	0	0	0	0	0	0	178	2700	0	0	342	8974	1262	6496	0	684	0	0	0	0	0	2904	0	8580	0	228	0	7930	0	1062	0	0	0	780	4600	0	0	15348	0	3242	0	9600	0	1036	0	18278	9934	20444	548	1644	214	1742	608	1068	0	0	0	300	0	1690	0	0	0	6680	0	0	0	3310	0	0	0	0	0	0	0	0	0	0	0	0	0	0	0	0	0	0	0	0	0	0	0	0	0	0	
215604	Parietal_Sup_L	622	0	0	0	0	0	0	0	0	0	0	0	0	0	0	0	4090	0	0	0	0	0	0	0	0	0	0	0	214	0	0	0	0	0	160	0	0	0	0	0	0	0	210	0	680	0	0	0	16026	0	25430	0	828	0	0	0	10568	0	0	0	19662	0	1210	0	8364	0	9812	0	2134	0	0	0	0	0	0	0	0	0	98	0	3846	0	0	0	2584	0	0	0	1264	0	0	0	0	0	0	0	0	0	0	0	0	0	0	0	0	0	0	0	0	0	0	0	0	0	0	0	
188392	Parietal_Sup_R	0	1184	0	98	0	0	0	450	0	0	0	0	0	0	0	0	0	244	0	0	0	0	0	0	0	0	0	0	0	0	0	0	0	0	0	0	0	0	0	0	0	0	0	1640	0	11506	0	142	0	13504	0	3602	0	210	0	0	0	15348	0	0	0	6774	0	5520	0	5066	0	18642	0	0	0	0	0	0	0	0	0	0	0	0	0	1644	0	0	0	7154	0	0	0	1468	0	0	0	0	0	0	0	0	0	0	0	0	0	0	0	0	0	0	0	0	0	0	0	0	0	0	
247740	Parietal_Inf_L	3770	0	0	0	0	0	90	0	0	0	0	0	0	0	0	0	1108	0	0	0	0	0	0	0	0	0	0	0	340	0	0	0	0	0	0	0	0	0	0	0	0	0	2492	0	0	0	0	0	7172	0	17346	0	546	0	0	0	19930	0	19662	0	0	0	13734	0	20898	0	2864	0	2078	0	214	0	0	0	0	0	0	0	96	0	1358	0	0	0	5880	0	0	0	4292	0	0	0	0	0	0	0	0	0	0	0	0	0	0	0	0	0	0	0	0	0	0	0	0	0	0	0	
68676	Parietal_Inf_R	0	3308	0	270	0	0	0	1084	0	0	0	0	0	0	0	0	0	0	0	0	0	0	0	0	0	0	0	0	322	0	0	0	0	0	0	0	0	0	0	0	0	0	0	0	0	0	0	0	0	294	0	464	0	0	0	0	0	3242	0	6774	0	0	0	10318	0	6330	0	160	0	0	0	0	0	0	0	0	0	0	0	0	0	214	0	0	0	1344	0	0	0	214	0	0	0	0	0	0	0	0	0	0	0	0	0	0	0	0	0	0	0	0	0	0	0	0	0	0	
124352	SupraMarginal_L	1398	0	0	0	0	0	156	0	0	0	226	0	0	0	0	0	2126	0	0	0	0	0	0	0	0	0	0	0	306	0	0	0	0	0	0	0	0	0	0	0	0	0	1036	0	0	0	0	0	804	0	1324	0	0	0	0	0	10350	0	1210	0	13734	0	0	0	12616	0	678	0	180	0	128	0	0	0	0	0	0	0	246	0	3602	0	0	0	9556	0	0	0	2500	0	0	0	0	0	0	0	0	0	0	0	0	0	0	0	0	0	0	0	0	0	0	0	0	0	0	0	
102692	SupraMarginal_R	0	5246	0	490	0	0	0	1306	0	0	0	0	0	0	0	0	0	1836	0	100	0	0	0	0	0	0	0	0	330	88	0	0	0	0	0	0	0	340	0	0	0	0	0	0	0	338	0	0	0	108	0	0	0	0	0	0	0	9600	0	5520	0	10318	0	0	0	5332	0	980	0	0	0	134	0	0	0	0	0	0	0	0	0	3798	0	0	0	4916	0	0	0	566	0	0	0	0	0	0	0	0	0	0	0	0	0	0	0	0	0	0	0	0	0	0	0	0	0	0	
185292	Angular_L	1148	0	0	0	0	0	188	0	0	0	0	0	0	0	0	0	436	0	0	0	0	0	0	0	0	0	0	0	346	0	0	0	0	0	0	0	0	0	0	0	0	0	2862	0	0	0	0	0	1756	0	15494	0	0	0	0	0	5054	0	8364	0	20898	0	12616	0	0	0	2698	0	222	0	600	0	0	0	0	0	0	0	0	0	930	0	0	0	14232	0	0	0	4802	0	0	0	0	0	0	0	0	0	0	0	0	0	0	0	0	0	0	0	0	0	0	0	0	0	0	0	
95340	Angular_R	0	330	0	0	0	0	0	0	0	0	0	0	0	0	0	0	0	0	0	0	0	0	0	0	0	0	0	0	0	0	0	0	0	0	0	0	0	0	0	0	0	0	0	1042	0	1606	0	350	0	3424	0	12172	0	102	0	88	0	1036	0	5066	0	6330	0	5332	0	0	0	1824	0	0	0	0	0	0	0	0	0	0	0	0	0	1858	0	0	0	6268	0	0	0	842	0	0	0	0	0	0	0	0	0	0	0	0	0	0	0	0	0	0	0	0	0	0	0	0	0	0	
244552	Precuneus_L	1420	748	0	110	0	0	0	0	0	0	0	0	0	0	0	0	310	0	678	1518	0	0	0	0	0	0	0	0	490	0	0	0	5308	2102	5210	750	3910	0	1002	0	0	0	16638	578	8630	836	1754	194	11198	0	8168	0	1000	0	922	0	5808	0	9812	0	2864	0	678	0	2698	0	0	3662	6124	258	0	0	0	0	0	0	0	0	954	0	780	0	0	0	7122	0	0	0	8042	0	0	0	0	0	0	0	0	0	0	0	0	0	0	0	0	0	0	0	0	0	0	0	0	0	0	0	
386748	Precuneus_R	1276	2454	0	712	0	0	0	130	0	0	0	0	0	0	0	0	0	230	0	3476	0	0	0	0	0	0	0	0	0	0	0	0	1238	5266	318	8760	0	3726	0	1094	0	0	0	20106	480	33046	0	5834	182	22736	0	5966	0	310	0	5256	624	18278	0	18642	0	160	0	980	0	1824	3662	0	1552	5354	0	0	0	0	0	0	248	0	0	104	0	1596	0	0	0	8100	0	0	0	8418	0	0	0	0	0	116	0	336	0	0	0	0	0	0	0	0	0	0	0	100	684	0	0	0	0	0	
362952	Paracentral_Lobule_L	25060	6744	1044	208	0	0	0	132	0	0	122	0	0	0	0	0	182	0	9034	17512	0	0	0	0	0	0	0	0	2136	0	0	0	4644	16976	5722	3196	744	272	0	0	0	0	1628	430	696	0	0	110	1070	0	1422	0	194	0	238	142	21254	9934	2134	0	2078	0	180	0	222	0	6124	1552	0	21154	2986	0	4764	0	1208	0	542	0	304	0	1678	0	0	0	2786	0	0	0	2826	92	0	0	0	0	0	0	0	0	0	0	0	0	0	0	0	0	0	0	0	0	0	0	0	0	0	0	
413604	Paracentral_Lobule_R	10326	29302	0	1930	0	0	0	0	0	0	214	0	0	0	0	0	328	0	1726	42324	0	0	0	0	0	0	0	0	796	0	0	0	2206	31272	1268	6786	656	622	94	0	0	0	0	1648	0	262	0	162	0	0	0	88	0	0	0	820	6782	20444	0	0	0	0	0	0	0	0	258	5354	21154	0	2282	772	4378	0	4802	0	5786	0	0	0	180	0	0	0	0	334	0	0	0	1446	0	0	0	0	0	0	0	0	0	0	0	0	0	0	0	0	0	0	0	0	0	0	0	0	0	0	
273140	Caudate_L	10648	2886	8410	3518	1734	0	8620	482	0	0	1674	244	3528	0	244	0	834	0	9290	4508	6382	6932	632	250	0	322	4462	2928	11720	0	4142	3168	222	1450	0	0	462	0	0	0	0	0	0	0	0	0	0	0	0	0	0	0	0	0	0	0	1664	548	0	0	214	0	128	0	600	0	0	0	2986	2282	0	4958	13900	576	3150	100	5154	0	526	0	92	0	0	0	0	0	0	0	0	0	0	0	0	0	0	0	0	0	0	0	0	0	0	0	0	0	0	0	0	0	0	0	0	0	0	0	
361044	Caudate_R	96	13758	1448	22470	578	338	360	2216	0	262	318	2772	1210	1640	0	840	0	2276	7080	22658	1998	2826	504	7172	0	3258	1278	2670	2244	2594	2558	19940	380	3716	0	0	0	276	0	0	0	0	0	0	0	0	0	0	0	0	0	0	0	0	0	0	0	1644	0	0	0	0	0	134	0	0	0	0	0	772	4958	0	760	21036	0	4736	0	14382	0	262	0	104	0	0	0	0	0	0	0	0	0	0	0	0	0	0	0	0	0	0	0	0	0	0	0	0	0	0	0	0	0	0	0	0	0	0	
320728	Putamen_L	13452	4806	15918	1988	4512	0	3958	282	0	0	2006	0	2008	0	1876	0	1314	0	14456	6314	96	0	2710	704	966	0	196	0	18820	0	8138	2248	258	3618	0	0	4140	0	392	0	0	0	0	0	0	0	0	0	0	0	0	0	0	0	934	0	1050	214	0	0	0	0	0	0	0	0	0	0	4764	4378	13900	760	0	392	11722	0	3460	0	568	0	1116	0	1174	0	0	0	0	0	756	0	0	0	0	0	0	0	0	0	0	0	0	0	0	0	0	0	0	0	0	0	0	0	0	0	0	0	
298524	Putamen_R	0	6990	1588	13334	0	496	264	2834	0	144	0	5912	148	3960	0	2284	0	4114	3356	7032	0	1042	424	7470	0	1674	0	1120	1156	21126	1026	17622	346	1652	0	0	0	7200	0	1420	0	1222	0	0	0	0	0	0	0	0	0	0	0	0	0	1400	0	1742	0	0	0	0	0	0	0	0	0	0	0	0	576	21036	392	0	0	4504	0	1692	0	0	0	340	0	422	0	0	0	0	0	202	0	0	0	0	0	0	0	0	0	0	0	0	0	0	0	0	0	0	0	0	0	0	0	0	0	0	
83768	Pallidum_L	2772	4668	304	174	0	0	152	0	0	0	204	0	0	0	0	0	754	0	644	4020	0	0	0	0	0	0	0	0	148	0	0	0	0	1924	0	0	506	0	0	0	0	0	0	0	0	0	0	0	0	0	0	0	0	0	0	0	826	608	0	0	0	0	0	0	0	0	0	0	1208	4802	3150	0	11722	0	0	0	2802	0	252	0	244	0	0	0	0	0	0	0	0	0	0	0	0	0	0	0	0	0	0	0	0	0	0	0	0	0	0	0	0	0	0	0	0	0	0	0	
45208	Pallidum_R	0	1190	224	1604	0	0	114	1358	0	0	0	756	0	324	0	0	0	1808	410	1564	0	0	108	154	0	0	0	0	350	1086	0	300	268	0	0	0	0	206	0	0	0	0	0	0	0	0	0	0	0	0	0	0	0	0	0	144	0	1068	0	0	0	0	0	0	0	0	0	0	0	0	100	4736	0	4504	0	0	0	100	0	128	0	0	0	0	0	0	0	0	0	0	0	0	0	0	0	0	0	0	0	0	0	0	0	0	0	0	0	0	0	0	0	0	0	0	0	0	
137352	Thalamus_L	5198	6204	0	316	0	0	858	158	0	0	296	114	0	0	0	0	294	0	0	4996	0	0	0	0	0	0	0	0	2350	320	0	0	0	1568	1164	4698	4644	4242	1930	1880	0	0	0	0	0	0	512	0	0	0	0	0	0	0	464	726	1132	0	0	0	0	0	0	0	0	0	0	248	542	5786	5154	0	3460	0	2802	0	0	4998	1158	0	120	0	0	0	0	0	0	0	344	0	0	0	0	0	0	0	0	0	0	0	0	0	0	0	0	0	0	0	0	0	0	0	0	0	0	0	
183788	Thalamus_R	466	17144	0	23732	0	0	226	686	0	0	0	806	0	302	0	0	0	182	0	11732	0	0	0	134	0	0	0	0	198	1542	0	168	0	0	0	2418	0	5992	0	2334	0	0	0	0	0	0	0	0	0	0	0	0	0	0	0	1694	0	0	0	0	0	0	0	0	0	0	0	0	0	0	0	14382	0	1692	0	100	4998	0	0	0	0	108	0	0	0	0	0	0	0	858	0	0	0	0	0	0	0	0	0	0	0	0	0	0	0	0	0	0	0	0	0	0	0	0	0	0	
128872	Heschl_L	10256	0	164	0	0	0	516	0	0	0	1436	0	0	0	0	0	7930	0	100	0	0	0	0	0	0	0	0	0	13556	0	0	0	0	0	938	498	1524	398	0	188	0	0	688	0	0	0	0	0	0	0	146	0	0	0	150	0	6766	0	98	0	96	0	246	0	0	0	954	0	304	0	526	0	568	0	252	0	1158	0	0	0	7378	0	138	0	3780	0	0	0	3684	0	0	0	0	0	0	0	0	0	0	0	0	0	0	0	0	0	0	0	0	0	0	0	0	0	0	0	
18012	Heschl_R	0	180	0	0	0	0	0	0	0	0	0	0	0	0	0	0	0	1352	0	0	0	0	0	0	0	0	0	0	0	1030	0	0	0	0	0	0	0	648	0	0	0	0	0	226	0	0	0	0	0	0	0	0	0	0	0	826	0	300	0	0	0	0	0	0	0	0	0	104	0	0	0	262	0	0	0	128	0	0	0	0	0	2570	0	0	0	168	0	0	0	1212	0	0	0	0	0	0	0	0	0	0	0	0	0	0	0	0	0	0	0	0	0	0	0	0	0	0	
247660	Temporal_Sup_L	6074	194	1696	272	0	0	198	0	0	0	2250	0	178	0	0	0	11146	0	1532	446	198	0	0	0	0	0	0	0	11070	0	0	0	0	146	0	0	3200	0	298	0	1946	0	696	0	258	0	0	0	560	0	4240	0	150	0	1434	0	8620	0	3846	0	1358	0	3602	0	930	0	780	0	1678	180	92	0	1116	0	244	0	120	0	7378	0	0	0	3836	0	23758	0	0	0	18110	0	0	0	0	0	0	0	0	0	0	0	0	0	0	0	0	0	0	0	0	0	0	0	0	0	0	0	
92244	Temporal_Sup_R	0	464	0	0	0	0	0	0	0	0	0	0	0	0	0	0	0	858	0	0	0	0	0	0	0	0	0	0	0	1854	0	0	0	0	0	0	0	1162	0	0	0	0	0	612	0	998	0	0	0	878	0	92	0	0	0	4706	0	1690	0	1644	0	214	0	3798	0	1858	0	1596	0	0	0	104	0	340	0	0	0	108	0	2570	0	0	0	880	0	10578	0	168	0	8950	0	0	0	0	0	0	0	0	0	0	0	0	0	0	0	0	0	0	0	0	0	0	0	0	0	0	
95004	Temporal_Pole_Sup_L	370	0	2078	0	1594	0	176	0	106	0	3060	0	670	0	3266	0	978	0	658	0	714	0	0	0	0	0	104	0	9180	0	0	0	0	0	0	0	1700	0	1250	0	1804	0	0	0	0	0	0	0	0	0	0	0	0	0	1060	0	140	0	0	0	0	0	0	0	0	0	0	0	0	0	0	0	1174	0	0	0	0	0	138	0	3836	0	0	0	5386	0	4344	0	3716	0	0	0	0	0	0	0	0	0	0	0	0	0	0	0	0	0	0	0	0	0	0	0	0	0	0	0	
33068	Temporal_Pole_Sup_R	0	0	0	170	0	0	0	0	0	0	0	1468	0	98	0	0	0	876	0	244	0	0	0	0	0	0	0	0	0	1756	0	0	0	0	0	0	0	210	0	1270	0	866	0	0	0	0	0	0	0	0	0	0	0	0	0	4246	0	0	0	0	0	0	0	0	0	0	0	0	0	0	0	0	0	422	0	0	0	0	0	0	0	880	0	0	0	1386	0	2126	0	516	0	0	0	0	0	0	0	0	0	0	0	0	0	0	0	0	0	0	0	0	0	0	0	0	0	0	
354728	Temporal_Mid_L	3142	0	0	0	0	0	0	0	0	0	0	0	0	0	0	0	1574	0	0	0	0	0	0	0	0	0	0	0	2308	0	0	0	124	0	170	0	364	0	96	0	126	0	9760	0	1748	0	140	0	4340	0	14344	0	6392	0	1552	0	6568	0	2584	0	5880	0	9556	0	14232	0	7122	0	2786	0	0	0	0	0	0	0	0	0	3780	0	23758	0	5386	0	0	0	3568	0	45964	0	0	0	0	0	0	0	0	0	0	0	0	0	0	0	0	0	0	0	0	0	0	0	0	0	0	0	
166840	Temporal_Mid_R	0	206	0	0	0	0	0	0	0	0	0	0	0	0	0	0	0	0	0	310	0	0	0	0	0	0	0	0	0	266	0	0	0	0	0	110	0	198	0	94	0	0	0	2898	0	5592	0	360	0	5628	0	8420	0	432	0	1302	0	6680	0	7154	0	1344	0	4916	0	6268	0	8100	0	334	0	0	0	0	0	0	0	0	0	168	0	10578	0	1386	0	0	0	424	0	10252	0	0	0	0	0	0	0	0	0	0	0	0	0	0	0	0	0	0	0	0	0	0	0	0	0	0	
25300	Temporal_Pole_Mid_L	0	0	0	0	0	0	0	0	0	0	0	0	0	0	0	0	0	0	0	0	0	0	0	0	0	0	0	0	0	0	0	0	0	0	0	0	0	0	702	0	96	0	0	0	0	0	0	0	0	0	0	0	0	0	486	0	0	0	0	0	0	0	0	0	0	0	0	0	0	0	0	0	0	0	0	0	0	0	0	0	0	0	4344	0	3568	0	0	0	3454	0	0	0	0	0	0	0	0	0	0	0	0	0	0	0	0	0	0	0	0	0	0	0	0	0	0	0	
9848	Temporal_Pole_Mid_R	0	0	0	0	0	0	0	0	0	0	0	0	0	0	0	0	0	0	0	0	0	0	0	0	0	0	0	0	0	0	0	0	0	0	0	0	0	0	0	360	0	0	0	0	0	0	0	0	0	0	0	0	0	0	0	1458	0	0	0	0	0	0	0	0	0	0	0	0	0	0	0	0	0	0	0	0	0	0	0	0	0	168	0	2126	0	424	0	0	0	388	0	0	0	0	0	0	0	0	0	0	0	0	0	0	0	0	0	0	0	0	0	0	0	0	0	0	
340776	Temporal_Inf_L	3034	0	448	0	0	0	0	0	0	0	0	0	0	0	0	0	1074	0	378	0	0	0	0	0	0	0	0	0	4574	0	0	0	98	0	290	0	8212	0	1180	0	1030	0	10428	0	1322	0	298	0	1748	0	6854	0	9374	0	13286	0	4956	0	1264	0	4292	0	2500	0	4802	0	8042	0	2826	0	0	0	756	0	0	0	344	0	3684	0	18110	0	3716	0	45964	0	3454	0	0	0	1334	0	228	0	0	0	0	0	262	0	124	0	102	0	0	0	0	0	0	0	0	0	0	0	0	0	
185760	Temporal_Inf_R	0	1858	0	426	0	0	0	0	0	0	0	0	0	0	0	0	0	0	0	842	0	0	0	0	0	0	0	0	0	1240	0	0	0	138	0	2148	0	7964	0	1224	0	226	0	9018	94	2354	0	1580	0	1012	0	962	0	1186	0	20672	0	3310	0	1468	0	214	0	566	0	842	0	8418	92	1446	0	0	0	202	0	0	0	858	0	1212	0	8950	0	516	0	10252	0	388	0	0	0	1202	0	0	0	0	0	0	0	0	0	0	0	0	0	0	0	0	0	0	0	0	0	0	0	0	
394428	Cerebelum_Crus1_L	0	0	0	0	0	0	0	0	0	0	0	0	0	0	0	0	0	0	0	0	0	0	0	0	0	0	0	0	0	0	0	0	0	0	0	0	178	0	432	0	0	0	0	0	0	0	3346	3126	0	0	320	0	386	0	16408	1224	0	0	0	0	0	0	0	0	0	0	0	0	0	0	0	0	0	0	0	0	0	0	0	0	0	0	0	0	0	0	0	0	1334	0	0	1328	28726	1896	1000	1438	20628	1728	49652	2508	11418	0	12654	2100	3228	1806	648	0	304	874	4812	10346	8380	2482	2264	240	
343188	Cerebelum_Crus1_R	0	0	0	0	0	0	0	0	0	0	0	0	0	0	0	0	0	0	0	0	0	0	0	0	0	0	0	0	0	0	0	0	0	0	0	0	0	0	0	0	0	0	0	0	0	0	1504	8444	0	0	0	0	0	0	350	12024	0	0	0	0	0	0	0	0	0	0	0	0	0	0	0	0	0	0	0	0	0	0	0	0	0	0	0	0	0	0	0	0	0	1202	1328	0	588	27916	0	2530	2396	16076	2772	44856	252	5062	400	12630	148	1186	0	0	152	518	9606	10528	5876	1768	1320	162	
301136	Cerebelum_Crus2_L	0	0	0	0	0	0	0	0	0	0	0	0	0	0	0	0	0	0	0	0	0	0	0	0	0	0	0	0	0	0	0	0	0	0	0	0	116	0	168	110	0	0	0	0	0	0	114	368	0	0	0	0	0	0	1970	228	0	0	0	0	0	0	0	0	0	0	0	0	0	0	0	0	0	0	0	0	0	0	0	0	0	0	0	0	0	0	0	0	228	0	28726	588	0	9490	102	1076	1566	1472	5934	1442	30534	3520	28202	7684	6520	684	978	0	0	292	570	1638	12600	2906	742	0	
268004	Cerebelum_Crus2_R	0	0	0	0	0	0	0	0	0	0	0	0	0	0	0	0	0	0	0	0	0	0	0	0	0	0	0	0	0	0	0	0	0	0	0	0	0	0	0	178	0	0	0	0	0	0	0	278	0	0	0	0	0	0	0	518	0	0	0	0	0	0	0	0	0	0	0	0	0	0	0	0	0	0	0	0	0	0	0	0	0	0	0	0	0	0	0	0	0	0	1896	27916	9490	0	0	2286	284	2882	314	8258	6128	16566	7348	27872	2188	2690	388	0	120	446	860	818	11140	2492	646	0	
30708	Cerebelum_3_L	0	0	0	0	0	0	0	0	0	0	0	0	0	0	0	0	0	0	0	0	0	0	0	0	0	0	0	0	0	0	0	0	0	0	0	0	0	0	144	0	0	0	0	0	0	0	330	0	0	0	0	0	0	0	0	0	0	0	0	0	0	0	0	0	0	0	0	0	0	0	0	0	0	0	0	0	0	0	0	0	0	0	0	0	0	0	0	0	0	0	1000	0	102	0	0	492	5284	150	1404	0	0	0	88	0	358	440	98	0	1126	2064	846	430	206	394	398	0	
83072	Cerebelum_3_R	0	0	0	0	0	0	0	0	0	0	0	0	0	0	0	0	0	0	0	0	0	0	0	0	0	0	0	0	0	0	0	0	0	0	0	0	0	564	0	952	0	0	0	0	0	0	134	624	0	0	0	0	0	0	0	616	0	0	0	0	0	0	0	0	0	0	0	116	0	0	0	0	0	0	0	0	0	0	0	0	0	0	0	0	0	0	0	0	0	0	1438	2530	1076	2286	492	0	1024	4142	1108	3250	676	100	974	2650	434	2022	142	90	966	3578	1220	1808	2740	2004	1780	0	
260612	Cerebelum_4_5_L	0	0	0	0	0	0	0	0	0	0	0	0	0	0	0	0	0	0	0	0	0	0	0	0	0	0	0	0	0	0	0	0	0	0	0	0	0	0	506	0	0	0	0	0	0	0	7802	1534	0	0	0	0	102	0	8020	1014	0	0	0	0	0	0	0	0	0	0	0	0	0	0	0	0	0	0	0	0	0	0	0	0	0	0	0	0	0	0	0	0	0	0	20628	2396	1566	284	5284	1024	0	3160	33586	3392	624	0	746	396	3686	2720	682	120	1886	2894	16310	3432	1266	1332	2106	1808	
202076	Cerebelum_4_5_R	0	0	0	0	0	0	0	0	0	0	0	0	0	0	0	0	0	0	0	0	0	0	0	0	0	0	0	0	0	0	0	0	0	0	0	0	0	732	0	1876	0	0	0	0	0	0	1602	4870	0	0	0	0	0	0	318	7562	0	0	0	0	0	0	0	0	0	0	0	336	0	0	0	0	0	0	0	0	0	0	0	0	0	0	0	0	0	0	0	0	0	0	1728	16076	1472	2882	150	4142	3160	0	1946	24654	582	118	1350	3234	866	1062	202	124	0	650	12264	1294	2940	1634	1212	0	
380440	Cerebelum_6_L	0	0	0	0	0	0	0	0	0	0	0	0	0	0	0	0	0	0	0	0	0	0	0	0	0	0	0	0	0	0	0	0	0	0	0	0	192	0	646	0	0	0	0	0	0	0	6712	4488	0	0	176	0	338	0	18006	1876	0	0	0	0	0	0	0	0	0	0	0	0	0	0	0	0	0	0	0	0	0	0	0	0	0	0	0	0	0	0	0	0	262	0	49652	2772	5934	314	1404	1108	33586	1946	0	4518	4428	0	3378	398	3658	3350	828	88	1242	1940	11944	13898	3984	2368	3070	1716	
345720	Cerebelum_6_R	0	0	0	0	0	0	0	0	0	0	0	0	0	0	0	0	0	0	0	0	0	0	0	0	0	0	0	0	0	0	0	0	0	0	0	0	0	0	0	142	0	0	0	0	0	0	2064	10606	0	0	0	0	0	130	558	14610	0	0	0	0	0	0	0	0	0	0	0	0	0	0	0	0	0	0	0	0	0	0	0	0	0	0	0	0	0	0	0	0	0	0	2508	44856	1442	8258	0	3250	3392	24654	4518	0	626	710	1154	6264	644	1632	218	426	210	708	14120	13838	6870	2236	1724	492	
218360	Cerebelum_7b_L	0	0	0	0	0	0	0	0	0	0	0	0	0	0	0	0	0	0	0	0	0	0	0	0	0	0	0	0	0	0	0	0	0	0	0	0	0	0	90	0	0	0	0	0	0	0	0	128	0	0	0	0	0	0	920	0	0	0	0	0	0	0	0	0	0	0	0	0	0	0	0	0	0	0	0	0	0	0	0	0	0	0	0	0	0	0	0	0	124	0	11418	252	30534	6128	0	676	624	582	4428	626	0	3354	28030	4708	4510	498	714	0	0	210	272	700	6136	3268	250	0	
107032	Cerebelum_7b_R	0	0	0	0	0	0	0	0	0	0	0	0	0	0	0	0	0	0	0	0	0	0	0	0	0	0	0	0	0	0	0	0	0	0	0	0	0	0	0	0	0	0	0	0	0	0	0	0	0	0	0	0	0	0	0	0	0	0	0	0	0	0	0	0	0	0	0	0	0	0	0	0	0	0	0	0	0	0	0	0	0	0	0	0	0	0	0	0	0	0	0	5062	3520	16566	0	100	0	118	0	710	3354	0	2528	14834	0	2580	0	0	0	0	0	0	2864	1280	0	0	
267632	Cerebelum_8_L	0	0	0	0	0	0	0	0	0	0	0	0	0	0	0	0	0	0	0	0	0	0	0	0	0	0	0	0	0	0	0	0	0	0	0	0	110	0	110	108	0	0	0	0	0	0	0	180	0	0	0	0	0	0	980	176	0	0	0	0	0	0	0	0	0	0	0	0	0	0	0	0	0	0	0	0	0	0	0	0	0	0	0	0	0	0	0	0	102	0	12654	400	28202	7348	88	974	746	1350	3378	1154	28030	2528	0	7378	14224	1640	2304	0	114	318	526	902	9686	5942	2026	138	
244484	Cerebelum_8_R	0	0	0	0	0	0	0	0	0	0	0	0	0	0	0	0	0	0	0	0	0	0	0	0	0	0	0	0	0	0	0	0	0	0	0	0	0	0	0	224	0	0	0	0	0	0	90	202	0	0	0	0	0	0	0	386	0	0	0	0	0	0	0	0	0	0	0	0	0	0	0	0	0	0	0	0	0	0	0	0	0	0	0	0	0	0	0	0	0	0	2100	12630	7684	27872	0	2650	396	3234	398	6264	4708	14834	7378	0	2698	11016	448	268	240	648	1248	754	8606	3794	1472	0	
128080	Cerebelum_9_L	0	0	0	0	0	0	0	0	0	0	0	0	0	0	0	0	0	0	0	0	0	0	0	0	0	0	0	0	0	0	0	0	0	0	0	0	0	0	0	0	0	0	0	0	0	0	0	0	0	0	0	0	0	0	0	112	0	0	0	0	0	0	0	0	0	0	0	0	0	0	0	0	0	0	0	0	0	0	0	0	0	0	0	0	0	0	0	0	0	0	3228	148	6520	2188	358	434	3686	866	3658	644	4510	0	14224	2698	0	2224	4754	0	258	356	2102	2152	3576	1748	1998	1598	
131128	Cerebelum_9_R	0	0	0	0	0	0	0	0	0	0	0	0	0	0	0	0	0	0	0	0	0	0	0	0	0	0	0	0	0	0	0	0	0	0	0	0	0	0	0	0	0	0	0	0	0	0	0	208	0	0	0	0	0	0	0	182	0	0	0	0	0	0	0	0	0	0	0	0	0	0	0	0	0	0	0	0	0	0	0	0	0	0	0	0	0	0	0	0	0	0	1806	1186	684	2690	440	2022	2720	1062	3350	1632	498	2580	1640	11016	2224	0	344	1080	1544	2556	3008	5242	2998	4774	5998	2080	
29324	Cerebelum_10_L	0	0	0	0	0	0	0	0	0	0	0	0	0	0	0	0	0	0	0	0	0	0	0	0	0	0	0	0	0	0	0	0	0	0	0	0	0	0	0	0	0	0	0	0	0	0	0	0	0	0	0	0	0	0	0	0	0	0	0	0	0	0	0	0	0	0	0	0	0	0	0	0	0	0	0	0	0	0	0	0	0	0	0	0	0	0	0	0	0	0	648	0	978	388	98	142	682	202	828	218	714	0	2304	448	4754	344	0	0	136	148	436	432	442	0	92	228	
5524	Cerebelum_10_R	0	0	0	0	0	0	0	0	0	0	0	0	0	0	0	0	0	0	0	0	0	0	0	0	0	0	0	0	0	0	0	0	0	0	0	0	0	0	0	0	0	0	0	0	0	0	0	0	0	0	0	0	0	0	0	0	0	0	0	0	0	0	0	0	0	0	0	0	0	0	0	0	0	0	0	0	0	0	0	0	0	0	0	0	0	0	0	0	0	0	0	0	0	0	0	90	120	124	88	426	0	0	0	268	0	1080	0	0	162	236	168	0	0	0	0	0	
39708	Vermis_1_2	0	0	0	0	0	0	0	0	0	0	0	0	0	0	0	0	0	0	0	0	0	0	0	0	0	0	0	0	0	0	0	0	0	0	0	0	0	0	0	0	0	0	0	0	0	0	0	0	0	0	0	0	0	0	0	0	0	0	0	0	0	0	0	0	0	0	0	0	0	0	0	0	0	0	0	0	0	0	0	0	0	0	0	0	0	0	0	0	0	0	304	152	0	120	1126	966	1886	0	1242	210	0	0	114	240	258	1544	136	162	0	5964	2692	738	356	548	768	328	
69396	Vermis_3	0	0	0	0	0	0	0	0	0	0	0	0	0	0	0	0	0	0	0	0	0	0	0	0	0	0	0	0	0	0	0	0	0	0	0	0	0	0	0	272	0	0	0	0	0	0	150	334	0	0	0	0	0	0	0	0	0	0	0	0	0	0	0	0	0	0	0	100	0	0	0	0	0	0	0	0	0	0	0	0	0	0	0	0	0	0	0	0	0	0	874	518	292	446	2064	3578	2894	650	1940	708	210	0	318	648	356	2556	148	236	5964	0	3484	1526	1164	1352	1570	346	
241476	Vermis_4_5	0	0	0	0	0	0	0	0	0	0	0	0	0	0	0	0	0	0	0	0	0	0	0	0	0	0	0	0	0	0	0	0	0	0	0	316	0	676	158	0	0	0	0	0	0	0	4476	6336	0	0	0	0	92	0	1980	4964	0	0	0	0	0	0	0	0	0	0	0	684	0	0	0	0	0	0	0	0	0	0	0	0	0	0	0	0	0	0	0	0	0	0	4812	9606	570	860	846	1220	16310	12264	11944	14120	272	0	526	1248	2102	3008	436	168	2692	3484	0	6220	1522	1864	2188	2774	
228696	Vermis_6	0	0	0	0	0	0	0	0	0	0	0	0	0	0	0	0	0	0	0	0	0	0	0	0	0	0	0	0	0	0	0	0	0	0	0	0	0	0	0	0	0	0	0	0	0	0	1280	9612	0	0	0	0	0	194	1452	4952	0	0	0	0	0	0	0	0	0	0	0	0	0	0	0	0	0	0	0	0	0	0	0	0	0	0	0	0	0	0	0	0	0	0	10346	10528	1638	818	430	1808	3432	1294	13898	13838	700	0	902	754	2152	5242	432	0	738	1526	6220	0	6902	4054	5406	3800	
228396	Vermis_7	0	0	0	0	0	0	0	0	0	0	0	0	0	0	0	0	0	0	0	0	0	0	0	0	0	0	0	0	0	0	0	0	0	0	0	0	0	0	0	160	0	0	0	0	0	0	126	1890	0	0	0	0	0	0	362	996	0	0	0	0	0	0	0	0	0	0	0	0	0	0	0	0	0	0	0	0	0	0	0	0	0	0	0	0	0	0	0	0	0	0	8380	5876	12600	11140	206	2740	1266	2940	3984	6870	6136	2864	9686	8606	3576	2998	442	0	356	1164	1522	6902	0	6250	3996	164	
123288	Vermis_8	0	0	0	0	0	0	0	0	0	0	0	0	0	0	0	0	0	0	0	0	0	0	0	0	0	0	0	0	0	0	0	0	0	0	0	0	0	0	0	120	0	0	0	0	0	0	0	258	0	0	0	0	0	0	0	250	0	0	0	0	0	0	0	0	0	0	0	0	0	0	0	0	0	0	0	0	0	0	0	0	0	0	0	0	0	0	0	0	0	0	2482	1768	2906	2492	394	2004	1332	1634	2368	2236	3268	1280	5942	3794	1748	4774	0	0	548	1352	1864	4054	6250	0	6122	404	
