data	data	665440	409384	1.19043e+06	972940	152316	157912	482008	296496	105700	52952	490996	286736	404488	213456	244036	135640	301904	162132	853080	1.05921e+06	90344	117812	644116	500928	41472	102028	70056	81020	810944	453800	329132	439988	254268	746132	185844	252820	306740	301328	128984	200452	48036	74544	238248	305436	203688	420160	363136	361580	167004	354960	447356	329172	194680	133768	456876	439628	266896	271600	150600	247148	309188	238356	168528	176072	210592	196792	328880	543068	226988	234200	283400	424184	320532	404372	101096	60696	233028	192092	142540	63168	244452	171312	132732	84912	333232	315048	35984	27700	316384	265376	432564	404108	287908	294704	50156	65120	294816	237572	429144	394704	235976	135736	299168	288276	125128	140356	28844	20476	15416	72096	199624	143364	159748	121668	91632	33660	
data	data	Precentral_L	Precentral_R	Frontal_Sup_L	Frontal_Sup_R	Frontal_Sup_Orb_L	Frontal_Sup_Orb_R	Frontal_Mid_L	Frontal_Mid_R	Frontal_Mid_Orb_L	Frontal_Mid_Orb_R	Frontal_Inf_Oper_L	Frontal_Inf_Oper_R	Frontal_Inf_Tri_L	Frontal_Inf_Tri_R	Frontal_Inf_Orb_L	Frontal_Inf_Orb_R	Rolandic_Oper_L	Rolandic_Oper_R	Supp_Motor_Area_L	Supp_Motor_Area_R	Olfactory_L	Olfactory_R	Frontal_Sup_Medial_L	Frontal_Sup_Medial_R	Frontal_Med_Orb_L	Frontal_Med_Orb_R	Rectus_L	Rectus_R	Insula_L	Insula_R	Cingulum_Ant_L	Cingulum_Ant_R	Cingulum_Mid_L	Cingulum_Mid_R	Cingulum_Post_L	Cingulum_Post_R	Hippocampus_L	Hippocampus_R	ParaHippocampal_L	ParaHippocampal_R	Amygdala_L	Amygdala_R	Calcarine_L	Calcarine_R	Cuneus_L	Cuneus_R	Lingual_L	Lingual_R	Occipital_Sup_L	Occipital_Sup_R	Occipital_Mid_L	Occipital_Mid_R	Occipital_Inf_L	Occipital_Inf_R	Fusiform_L	Fusiform_R	Postcentral_L	Postcentral_R	Parietal_Sup_L	Parietal_Sup_R	Parietal_Inf_L	Parietal_Inf_R	SupraMarginal_L	SupraMarginal_R	Angular_L	Angular_R	Precuneus_L	Precuneus_R	Paracentral_Lobule_L	Paracentral_Lobule_R	Caudate_L	Caudate_R	Putamen_L	Putamen_R	Pallidum_L	Pallidum_R	Thalamus_L	Thalamus_R	Heschl_L	Heschl_R	Temporal_Sup_L	Temporal_Sup_R	Temporal_Pole_Sup_L	Temporal_Pole_Sup_R	Temporal_Mid_L	Temporal_Mid_R	Temporal_Pole_Mid_L	Temporal_Pole_Mid_R	Temporal_Inf_L	Temporal_Inf_R	Cerebelum_Crus1_L	Cerebelum_Crus1_R	Cerebelum_Crus2_L	Cerebelum_Crus2_R	Cerebelum_3_L	Cerebelum_3_R	Cerebelum_4_5_L	Cerebelum_4_5_R	Cerebelum_6_L	Cerebelum_6_R	Cerebelum_7b_L	Cerebelum_7b_R	Cerebelum_8_L	Cerebelum_8_R	Cerebelum_9_L	Cerebelum_9_R	Cerebelum_10_L	Cerebelum_10_R	Vermis_1_2	Vermis_3	Vermis_4_5	Vermis_6	Vermis_7	Vermis_8	Vermis_9	Vermis_10	
665440	Precentral_L	0	4174	34276	4748	0	0	23028	1296	0	0	29024	906	7214	0	92	0	14414	0	18380	11250	0	0	2942	1088	0	0	0	0	15466	790	702	0	502	5790	8714	6368	6146	2668	288	596	172	0	652	0	1016	0	152	990	234	0	1454	0	294	0	256	234	26956	0	0	0	7116	0	6694	0	2574	0	2588	836	21720	2378	5424	842	5526	0	4128	96	25782	1264	4018	0	5160	0	806	0	1224	0	0	0	844	204	0	0	0	0	0	0	0	0	0	0	0	0	0	0	0	0	0	0	0	0	224	0	0	0	0	0	
409384	Precentral_R	4174	0	3244	24212	0	0	232	12632	0	0	170	5908	0	486	0	0	108	1894	3456	13500	0	0	188	226	0	0	0	0	312	2238	0	270	370	4092	1622	3408	582	7910	0	818	0	0	0	152	0	1422	0	572	0	680	0	512	0	226	0	328	0	23202	0	3674	0	3626	0	4320	0	1240	830	3252	2628	5828	1062	13380	670	3544	788	590	4436	34084	0	300	0	368	0	0	0	574	0	0	0	352	0	0	0	0	0	0	0	0	0	0	0	0	0	0	0	0	0	0	0	0	0	0	0	0	0	0	
1.19043e+06	Frontal_Sup_L	34276	3244	0	17774	6744	0	69752	2392	3110	0	32552	3258	35744	488	12458	214	15550	0	84120	24660	0	0	59204	10752	644	0	234	0	52846	2966	15692	3794	4744	8690	350	300	3930	0	292	0	0	0	0	0	0	0	0	178	0	0	0	0	0	0	528	0	3556	0	0	0	892	0	1056	0	200	0	0	0	14634	254	11392	1062	20614	564	8554	188	8248	444	2284	0	3926	0	4486	0	398	0	216	0	766	0	0	0	0	0	0	0	0	0	0	0	0	0	0	0	0	0	0	0	0	0	0	0	0	0	0	0	
972940	Frontal_Sup_R	4748	24212	17774	0	0	5324	4238	37070	0	1950	2412	20692	1572	14022	274	5810	562	7838	17246	85490	0	0	21458	46914	0	2364	0	514	2734	21800	4368	23990	2004	23876	488	510	1070	3112	86	826	0	240	0	0	0	0	0	0	0	0	0	0	0	0	86	488	222	960	0	134	216	154	172	458	0	0	146	98	3194	560	5522	23784	1492	19718	706	4948	1018	11062	908	320	146	1036	254	926	0	0	0	0	0	154	0	0	0	0	0	0	0	0	0	0	0	0	0	0	0	0	0	0	0	0	0	0	0	0	0	0	
152316	Frontal_Sup_Orb_L	0	0	6744	0	0	244	838	0	14650	0	260	0	4060	0	15446	0	0	0	808	0	2240	810	2874	92	2476	0	6344	366	9512	0	1952	126	0	0	0	0	0	0	0	0	0	0	0	0	0	0	0	0	0	0	0	0	0	0	0	0	0	0	0	0	0	0	0	0	0	0	0	0	0	0	1892	464	3410	184	0	0	0	0	0	0	0	0	366	0	0	0	0	0	0	0	0	0	0	0	0	0	0	0	0	0	0	0	0	0	0	0	0	0	0	0	0	0	0	0	0	0	
157912	Frontal_Sup_Orb_R	0	0	0	5324	244	0	0	1450	154	6958	0	292	0	872	160	6152	0	0	0	3106	1004	3892	406	4656	236	8126	658	10326	0	2148	608	2322	0	0	0	0	0	0	0	0	0	0	0	0	0	0	0	0	0	0	0	0	0	0	0	0	0	0	0	0	0	0	0	0	0	0	0	0	0	0	936	7370	178	11378	0	0	0	0	0	0	0	0	0	0	0	0	0	0	0	0	0	0	0	0	0	0	0	0	0	0	0	0	0	0	0	0	0	0	0	0	0	0	0	0	0	0	
482008	Frontal_Mid_L	23028	232	69752	4238	838	0	0	2706	1714	0	17044	2432	30386	284	4328	0	2104	0	7122	4334	0	0	21532	4982	0	0	0	0	13148	2000	3786	1076	1024	3604	240	176	2352	0	100	0	88	0	0	0	0	0	0	122	0	0	0	0	0	0	0	0	1686	0	0	0	1122	0	468	0	166	0	0	0	100	0	1318	0	3676	134	1846	0	3784	86	804	0	486	0	324	0	138	0	0	0	94	0	0	0	0	0	0	0	0	0	0	0	0	0	0	0	0	0	0	0	0	0	0	0	0	0	0	0	
296496	Frontal_Mid_R	1296	12632	2392	37070	0	1450	2706	0	0	1598	822	10656	414	12404	272	2194	422	1126	2042	5896	0	0	2842	9992	0	0	0	0	2396	6286	356	1684	0	4436	182	0	920	820	0	332	0	0	0	0	0	0	0	0	0	0	0	0	0	0	0	90	0	694	0	100	172	92	178	0	0	0	140	0	0	0	4510	2492	1244	7032	450	668	754	2508	1112	94	90	0	190	0	0	0	0	0	0	0	0	0	0	0	0	0	0	0	0	0	0	0	0	0	0	0	0	0	0	0	0	0	0	0	0	0	
105700	Frontal_Mid_Orb_L	0	0	3110	0	14650	154	1714	0	0	0	130	0	3606	0	14398	0	0	0	272	0	684	590	330	0	426	0	4110	258	4536	0	384	0	0	0	0	0	0	0	0	0	0	0	0	0	0	0	0	0	0	0	0	0	0	0	0	0	0	0	0	0	0	0	0	0	0	0	0	0	0	0	1214	314	1848	122	0	0	0	0	0	0	0	0	0	0	0	0	0	0	0	0	0	0	0	0	0	0	0	0	0	0	0	0	0	0	0	0	0	0	0	0	0	0	0	0	0	0	
52952	Frontal_Mid_Orb_R	0	0	0	1950	0	6958	0	1598	0	0	0	254	0	880	0	5564	0	0	0	1248	0	162	0	442	0	384	0	1148	0	1424	0	206	0	100	0	0	0	96	0	0	0	0	0	0	0	0	0	0	0	0	0	0	0	0	0	0	0	0	0	0	0	0	0	0	0	0	0	0	0	0	0	748	0	3314	0	0	0	0	0	0	0	0	0	0	0	0	0	0	0	0	0	0	0	0	0	0	0	0	0	0	0	0	0	0	0	0	0	0	0	0	0	0	0	0	0	0	
490996	Frontal_Inf_Oper_L	29024	170	32552	2412	260	0	17044	822	130	0	0	1662	20530	0	1424	0	17534	0	17498	3022	0	0	8722	2126	0	0	0	0	40044	1552	1428	184	100	1500	140	132	1194	0	114	0	0	0	0	0	0	0	0	124	0	0	0	0	0	0	322	0	9690	0	0	0	3682	0	7486	0	816	0	0	0	0	0	2080	0	3594	228	778	0	448	166	1236	0	5498	0	6856	0	456	0	234	0	484	0	0	0	0	0	0	0	0	0	0	0	0	0	0	0	0	0	0	0	0	0	0	0	0	0	0	0	
286736	Frontal_Inf_Oper_R	906	5908	3258	20692	0	292	2432	10656	0	254	1662	0	1096	16692	0	1358	136	4900	1224	15574	0	0	4540	7138	0	0	0	0	690	22556	312	1912	130	6430	0	0	98	750	0	382	0	0	0	0	0	0	0	0	0	0	0	0	0	0	0	104	0	850	0	0	0	0	0	0	0	0	0	0	0	0	1300	866	248	5938	0	472	86	292	0	142	0	342	0	750	0	0	0	0	0	0	0	0	0	0	0	0	0	0	0	0	0	0	0	0	0	0	0	0	0	0	0	0	0	0	0	0	
404488	Frontal_Inf_Tri_L	7214	0	35744	1572	4060	0	30386	414	3606	0	20530	1096	0	0	23058	0	860	0	15084	2322	0	0	10734	1662	106	0	0	0	33040	1040	3156	320	726	1110	0	0	0	0	0	0	0	0	0	0	0	0	0	0	0	0	0	0	0	0	0	0	1512	0	0	0	0	0	0	0	0	0	0	0	0	0	852	0	1110	102	0	0	0	0	0	0	180	0	648	0	0	0	0	0	0	0	0	0	0	0	0	0	0	0	0	0	0	0	0	0	0	0	0	0	0	0	0	0	0	0	0	0	
213456	Frontal_Inf_Tri_R	0	486	488	14022	0	872	284	12404	0	880	0	16692	0	0	0	9022	0	394	1724	6906	0	0	2768	6980	0	0	0	0	0	16292	602	4894	566	5878	0	0	0	94	0	0	0	0	0	0	0	0	0	0	0	0	0	0	0	0	0	0	0	0	0	0	0	0	0	0	0	0	0	0	0	0	164	720	0	3404	0	0	0	0	0	0	0	0	0	192	0	0	0	0	0	0	0	0	0	0	0	0	0	0	0	0	0	0	0	0	0	0	0	0	0	0	0	0	0	0	0	0	
244036	Frontal_Inf_Orb_L	92	0	12458	274	15446	160	4328	272	14398	0	1424	0	23058	0	0	0	124	0	5242	340	2064	558	4204	0	340	0	1924	264	23724	0	2792	168	556	0	0	0	264	0	0	0	136	0	0	0	0	0	0	0	0	0	0	0	0	0	0	0	0	0	0	0	0	0	0	0	0	0	0	0	0	0	1716	296	3764	116	0	0	0	0	0	0	0	0	1424	0	0	0	92	0	0	0	0	0	0	0	0	0	0	0	0	0	0	0	0	0	0	0	0	0	0	0	0	0	0	0	0	0	
135640	Frontal_Inf_Orb_R	0	0	214	5810	0	6152	0	2194	0	5564	0	1358	0	9022	0	0	0	562	504	3294	0	2316	754	1820	0	364	0	2686	0	10052	250	1680	162	1146	0	0	0	190	0	158	0	216	0	0	0	0	0	0	0	0	0	0	0	0	0	0	0	0	0	0	0	0	0	0	0	0	0	0	0	0	296	2516	0	4068	0	0	0	0	0	118	0	1024	0	3156	0	174	0	0	0	0	0	0	0	0	0	0	0	0	0	0	0	0	0	0	0	0	0	0	0	0	0	0	0	0	0	0	
301904	Rolandic_Oper_L	14414	108	15550	562	0	0	2104	422	0	0	17534	136	860	0	124	0	0	0	12582	450	0	0	1132	136	0	0	0	0	29668	134	88	0	0	132	168	0	1528	0	92	0	0	0	0	0	0	0	0	0	0	0	982	0	610	0	260	0	8810	0	0	0	676	0	4802	0	1448	0	148	0	0	0	1020	0	1280	96	332	0	370	86	7366	0	14102	0	6436	0	2430	0	244	0	1530	0	0	0	0	0	0	0	0	0	0	0	0	0	0	0	0	0	0	0	0	0	0	0	0	0	0	0	
162132	Rolandic_Oper_R	0	1894	0	7838	0	0	0	1126	0	0	0	4900	0	394	0	562	0	0	0	6690	0	0	0	348	0	0	0	0	0	15196	0	0	0	260	0	0	0	2524	0	184	0	0	0	0	0	0	0	0	0	0	0	0	0	122	0	364	0	5782	0	470	0	754	0	5896	0	564	0	0	0	0	110	374	0	5136	0	678	0	298	0	7212	0	8598	0	1746	0	316	0	0	0	730	0	0	0	0	0	0	0	0	0	0	0	0	0	0	0	0	0	0	0	0	0	0	0	0	0	0	
853080	Supp_Motor_Area_L	18380	3456	84120	17246	808	0	7122	2042	272	0	17498	1224	15084	1724	5242	504	12582	0	0	49572	0	0	19364	3906	192	0	142	0	34114	1516	8524	6092	17182	25910	1630	2644	1776	0	298	0	0	0	0	112	0	0	0	444	0	0	0	212	0	0	506	0	2664	0	0	0	216	0	590	0	0	0	344	720	14136	2538	11508	2426	13508	754	2410	208	3344	590	1744	0	3114	0	3270	0	194	118	148	0	556	0	0	0	0	0	0	0	0	0	0	0	0	0	0	0	0	0	0	0	0	0	0	0	0	0	0	0	
1.05921e+06	Supp_Motor_Area_R	11250	13500	24660	85490	0	3106	4334	5896	0	1248	3022	15574	2322	6906	340	3294	450	6690	49572	0	0	0	9732	19312	0	1162	0	262	2202	19188	3980	15742	11894	68918	2916	11114	866	1410	0	510	0	220	0	842	0	458	0	2110	0	180	0	2356	0	556	0	602	272	2302	0	1278	134	1270	106	2324	0	284	640	5168	11962	21552	4458	26770	2176	16116	2138	6380	862	1504	208	318	126	1060	210	858	0	2756	0	0	0	2188	0	0	0	0	0	0	0	0	0	0	0	0	0	0	0	0	0	0	0	0	0	0	0	0	0	0	
90344	Olfactory_L	0	0	0	0	2240	1004	0	0	684	0	0	0	0	0	2064	0	0	0	0	0	0	6208	0	0	812	0	3116	1306	2408	0	3716	1656	0	0	0	0	442	0	380	0	520	0	0	0	0	0	0	0	0	0	0	0	0	0	0	0	0	0	0	0	0	0	0	0	0	0	0	0	0	0	7284	5372	2838	2776	0	0	0	0	0	0	0	0	346	0	0	0	0	0	0	0	0	0	0	0	0	0	0	0	0	0	0	0	0	0	0	0	0	0	0	0	0	0	0	0	0	0	
117812	Olfactory_R	0	0	0	0	810	3892	0	0	590	162	0	0	0	0	558	2316	0	0	0	0	6208	0	0	0	636	1650	2588	5954	0	2446	3354	3404	0	0	0	0	0	466	0	460	0	1016	0	0	0	0	0	0	0	0	0	0	0	0	0	0	0	0	0	0	0	0	0	0	0	0	0	0	0	0	6216	8094	2712	4032	140	142	0	0	0	0	0	0	0	1060	0	0	0	0	0	0	0	0	0	0	0	0	0	0	0	0	0	0	0	0	0	0	0	0	0	0	0	0	0	0	0	0	
644116	Frontal_Sup_Medial_L	2942	188	59204	21458	2874	406	21532	2842	330	0	8722	4540	10734	2768	4204	754	1132	0	19364	9732	0	0	0	35562	2128	640	358	0	11938	3582	27442	23420	10296	22836	0	338	0	0	0	0	0	0	0	0	0	0	0	0	0	0	0	0	0	0	0	0	250	0	0	0	0	0	0	0	0	0	0	0	0	144	3308	1694	2668	1190	0	0	0	112	0	0	426	0	0	0	0	0	0	0	0	0	0	0	0	0	0	0	0	0	0	0	0	0	0	0	0	0	0	0	0	0	0	0	0	0	0	0	
500928	Frontal_Sup_Medial_R	1088	226	10752	46914	92	4656	4982	9992	0	442	2126	7138	1662	6980	0	1820	136	348	3906	19312	0	0	35562	0	234	5648	0	816	566	6734	6694	27266	1896	25856	0	0	0	90	0	0	0	0	0	0	0	0	0	0	0	0	0	0	0	0	0	0	102	0	0	0	0	0	0	0	0	0	0	0	0	0	256	8540	0	7492	0	0	0	140	0	0	0	0	0	0	0	0	0	0	0	0	0	0	0	0	0	0	0	0	0	0	0	0	0	0	0	0	0	0	0	0	0	0	0	0	0	0	
41472	Frontal_Med_Orb_L	0	0	644	0	2476	236	0	0	426	0	0	0	106	0	340	0	0	0	192	0	812	636	2128	234	0	922	2110	104	482	0	5036	1186	172	0	0	0	0	0	0	0	0	0	0	0	0	0	0	0	0	0	0	0	0	0	0	0	0	0	0	0	0	0	0	0	0	0	0	0	0	0	676	624	740	454	0	0	0	0	0	0	0	0	0	0	0	0	0	0	0	0	0	0	0	0	0	0	0	0	0	0	0	0	0	0	0	0	0	0	0	0	0	0	0	0	0	0	
102028	Frontal_Med_Orb_R	0	0	0	2364	0	8126	0	0	0	384	0	0	0	0	0	364	0	0	0	1162	0	1650	640	5648	922	0	258	4310	0	0	1284	7100	0	0	0	0	0	0	0	0	0	0	0	0	0	0	0	0	0	0	0	0	0	0	0	0	0	0	0	0	0	0	0	0	0	0	0	0	0	0	0	8352	0	8450	0	0	0	0	0	0	0	0	0	0	0	0	0	0	0	0	0	0	0	0	0	0	0	0	0	0	0	0	0	0	0	0	0	0	0	0	0	0	0	0	0	0	
70056	Rectus_L	0	0	234	0	6344	658	0	0	4110	0	0	0	0	0	1924	0	0	0	142	0	3116	2588	358	0	2110	258	0	974	380	0	3312	982	158	0	0	0	0	0	0	0	0	0	0	0	0	0	0	0	0	0	0	0	0	0	0	0	0	0	0	0	0	0	0	0	0	0	0	0	0	0	3172	1992	1054	1162	0	0	0	0	0	0	0	0	0	0	0	0	0	0	0	0	0	0	0	0	0	0	0	0	0	0	0	0	0	0	0	0	0	0	0	0	0	0	0	0	0	0	
81020	Rectus_R	0	0	0	514	366	10326	0	0	258	1148	0	0	0	0	264	2686	0	0	0	262	1306	5954	0	816	104	4310	974	0	0	1558	402	1346	0	0	0	0	0	0	0	0	0	0	0	0	0	0	0	0	0	0	0	0	0	0	0	0	0	0	0	0	0	0	0	0	0	0	0	0	0	0	1264	3500	210	2568	0	0	0	0	0	0	0	0	0	374	0	0	0	0	0	0	0	0	0	0	0	0	0	0	0	0	0	0	0	0	0	0	0	0	0	0	0	0	0	0	0	0	
810944	Insula_L	15466	312	52846	2734	9512	0	13148	2396	4536	0	40044	690	33040	0	23724	0	29668	0	34114	2202	2408	0	11938	566	482	0	380	0	0	408	4970	354	1014	428	1098	670	13902	134	2526	0	2132	0	128	0	0	0	122	570	0	0	572	0	774	0	5192	0	6552	0	0	0	1950	0	5308	0	1160	0	474	96	0	0	5358	0	16054	516	760	102	1976	288	12646	0	12856	0	9766	0	5828	0	936	0	7308	0	0	0	0	0	0	0	88	0	96	0	0	0	0	0	0	0	0	0	0	0	154	0	0	0	0	0	
453800	Insula_R	790	2238	2966	21800	0	2148	2000	6286	0	1424	1552	22556	1040	16292	0	10052	134	15196	1516	19188	0	2446	3582	6734	0	0	0	1558	408	0	406	2426	348	6838	132	136	0	8844	0	3138	0	2566	0	0	0	0	0	172	0	0	0	0	0	178	0	6272	0	930	0	0	0	196	0	654	0	0	0	0	0	0	446	1540	0	20248	0	630	128	1702	0	3562	0	9068	0	5472	0	2182	0	166	0	6014	0	184	0	0	0	0	0	134	0	282	0	0	0	0	0	0	0	0	0	0	0	0	0	0	0	0	
329132	Cingulum_Ant_L	702	0	15692	4368	1952	608	3786	356	384	0	1428	312	3156	602	2792	250	88	0	8524	3980	3716	3354	27442	6694	5036	1284	3312	402	4970	406	0	20504	10798	5316	532	108	102	0	0	0	0	0	0	0	0	0	0	0	0	0	0	0	0	0	0	0	0	0	0	0	0	0	0	0	0	0	0	0	0	0	6390	5518	5652	3964	86	0	0	0	0	0	0	0	0	0	0	0	0	0	0	0	0	0	0	0	0	0	0	0	0	0	0	0	0	0	0	0	0	0	0	0	0	0	0	0	0	0	
439988	Cingulum_Ant_R	0	270	3794	23990	126	2322	1076	1684	0	206	184	1912	320	4894	168	1680	0	0	6092	15742	1656	3404	23420	27266	1186	7100	982	1346	354	2426	20504	0	8248	25170	112	1360	0	0	0	0	0	0	0	0	0	0	0	0	0	0	0	0	0	0	0	0	0	0	0	0	0	0	0	0	0	0	106	0	0	126	1638	17898	762	10080	0	0	0	390	0	0	0	0	0	0	0	0	0	0	0	0	0	0	0	0	0	0	0	0	0	0	0	0	0	0	0	0	0	0	0	0	0	0	0	0	0	0	
254268	Cingulum_Mid_L	502	370	4744	2004	0	0	1024	0	0	0	100	130	726	566	556	162	0	0	17182	11894	0	0	10296	1896	172	0	158	0	1014	348	10798	8248	0	20292	3714	2866	0	0	0	0	0	0	356	170	834	764	140	166	1208	458	3304	394	98	0	0	0	650	200	686	0	430	0	0	0	474	0	6348	1738	5078	1380	296	378	286	150	0	0	0	0	0	0	0	0	0	0	1058	240	0	0	0	88	0	0	0	0	0	0	0	0	0	0	0	0	0	0	0	0	0	0	0	0	0	0	0	0	0	0	
746132	Cingulum_Mid_R	5790	4092	8690	23876	0	0	3604	4436	0	100	1500	6430	1110	5878	0	1146	132	260	25910	68918	0	0	22836	25856	0	0	0	0	428	6838	5316	25170	20292	0	3696	17528	224	124	0	0	0	0	0	1962	0	3296	0	3776	0	1180	0	3338	0	654	0	368	86	3198	0	972	0	1292	0	1606	0	448	2252	12450	7582	21258	800	4790	774	1548	1260	1732	228	114	0	0	0	128	0	0	0	3428	0	0	0	2366	0	0	0	0	0	0	0	0	0	0	0	0	0	0	0	0	0	0	0	0	0	0	0	0	0	0	
185844	Cingulum_Post_L	8714	1622	350	488	0	0	240	182	0	0	140	0	0	0	0	0	168	0	1630	2916	0	0	0	0	0	0	0	0	1098	132	532	112	3714	3696	0	13588	5732	4288	1854	958	0	0	1958	0	206	116	1774	2184	528	0	394	0	206	0	454	428	1018	0	0	0	134	0	0	0	138	0	9002	3232	5958	2222	324	0	0	0	0	0	5858	1246	1470	0	206	0	0	0	124	0	0	0	388	354	0	0	0	0	0	0	118	124	0	0	0	0	0	0	0	0	0	0	0	0	604	0	0	0	0	0	
252820	Cingulum_Post_R	6368	3408	300	510	0	0	176	0	0	0	132	0	0	0	0	0	0	0	2644	11114	0	0	338	0	0	0	0	0	670	136	108	1360	2866	17528	13588	0	2660	6078	528	1392	0	0	0	1274	0	1086	168	7824	0	0	0	306	0	96	92	664	88	874	0	0	0	0	0	0	0	0	1970	12584	2094	9522	158	132	0	0	0	0	8888	3502	932	0	164	0	0	0	88	368	0	0	106	418	0	0	0	0	0	0	0	334	0	0	0	0	0	0	0	0	0	0	0	0	774	0	0	0	0	0	
306740	Hippocampus_L	6146	582	3930	1070	0	0	2352	920	0	0	1194	98	0	0	264	0	1528	0	1776	866	442	0	0	0	0	0	0	0	13902	0	102	0	0	224	5732	2660	0	790	18014	328	8932	0	1426	0	0	0	4048	1664	0	0	120	0	892	0	15700	112	1030	0	0	0	132	0	158	0	98	0	3742	438	458	0	1950	0	11584	216	3498	112	5570	348	4840	0	2092	0	2774	0	3842	0	856	0	11480	0	380	0	0	0	232	0	728	0	514	0	0	0	0	0	0	0	0	0	0	102	382	0	0	0	0	0	
301328	Hippocampus_R	2668	7910	0	3112	0	0	0	820	0	96	0	750	0	94	0	190	0	2524	0	1410	0	466	0	90	0	0	0	0	134	8844	0	0	0	124	4288	6078	790	0	0	25762	0	9454	0	272	0	0	0	5150	0	0	0	0	0	212	0	23018	0	158	0	506	0	600	0	1356	0	260	0	2972	0	0	138	330	0	9088	0	838	4220	4854	88	770	0	2508	0	1692	0	1148	0	100	0	11384	0	638	0	0	0	0	0	1486	0	1122	0	0	0	0	0	0	0	0	0	0	152	0	0	0	0	0	
128984	ParaHippocampal_L	288	0	292	86	0	0	100	0	0	0	114	0	0	0	0	0	92	0	298	0	380	0	0	0	0	0	0	0	2526	0	0	0	0	0	1854	528	18014	0	0	0	2834	0	842	0	0	0	4568	494	0	0	288	0	2092	0	11476	0	126	0	0	0	0	0	144	0	100	0	1840	0	0	0	0	0	2382	86	222	0	1066	0	120	0	270	0	736	0	532	0	238	0	4234	0	1068	0	148	0	454	0	1586	0	1670	0	0	0	90	0	0	0	0	0	0	214	0	0	0	0	0	0	
200452	ParaHippocampal_R	596	818	0	826	0	0	0	332	0	0	0	382	0	0	0	158	0	184	0	510	0	460	0	0	0	0	0	0	0	3138	0	0	0	0	958	1392	328	25762	0	0	0	6658	0	622	0	0	0	7872	0	0	0	100	0	1246	0	20868	0	0	0	98	0	106	0	132	0	0	0	2266	0	0	0	104	0	3892	0	562	812	1440	0	88	0	516	0	2344	0	1186	0	1346	0	6656	0	834	0	96	0	106	0	2694	0	1532	0	0	0	112	0	0	0	0	0	0	94	0	0	0	0	0	
48036	Amygdala_L	172	0	0	0	0	0	88	0	0	0	0	0	0	0	136	0	0	0	0	0	520	0	0	0	0	0	0	0	2132	0	0	0	0	0	0	0	8932	0	2834	0	0	0	0	0	0	0	0	0	0	0	0	0	0	0	3670	0	0	0	0	0	0	0	0	0	0	0	0	0	0	0	0	0	380	0	0	0	196	0	0	0	0	0	1878	0	806	0	378	0	1896	0	0	0	0	0	0	0	0	0	0	0	0	0	0	0	0	0	0	0	0	0	0	0	0	0	0	0	
74544	Amygdala_R	0	0	0	240	0	0	0	0	0	0	0	0	0	0	0	216	0	0	0	220	0	1016	0	0	0	0	0	0	0	2566	0	0	0	0	0	0	0	9454	0	6658	0	0	0	0	0	0	0	0	0	0	0	0	0	0	0	6850	0	0	0	0	0	0	0	0	0	0	0	0	0	0	0	110	0	2914	0	0	0	0	0	0	0	0	0	3838	0	130	0	668	0	2392	0	0	0	0	0	0	0	0	0	0	0	0	0	0	0	0	0	0	0	0	0	0	0	0	0	0	
238248	Calcarine_L	652	0	0	0	0	0	0	0	0	0	0	0	0	0	0	0	0	0	0	0	0	0	0	0	0	0	0	0	128	0	0	0	356	0	1958	0	1426	0	842	0	0	0	0	7752	11804	4908	15542	3682	9158	2654	27088	958	7966	654	3714	1108	338	0	514	0	500	0	0	0	374	0	9058	984	272	0	0	0	0	0	0	0	0	0	122	0	0	0	0	0	2844	116	0	0	908	0	0	0	0	0	0	0	272	0	214	0	0	0	0	0	0	0	0	0	0	0	104	154	0	0	0	0	
305436	Calcarine_R	0	152	0	0	0	0	0	0	0	0	0	0	0	0	0	0	0	0	112	842	0	0	0	0	0	0	0	0	0	0	0	0	170	1962	0	1274	0	272	0	622	0	0	7752	0	10076	24152	2414	18946	0	15980	0	18952	0	8128	0	6802	0	930	0	0	0	0	0	0	0	0	1370	22576	106	1884	0	0	0	0	0	0	0	0	0	0	0	0	0	0	0	5532	0	0	0	1348	0	0	0	0	0	0	0	94	0	0	0	0	0	0	0	0	0	0	0	0	270	0	0	0	0	0	
203688	Cuneus_L	1016	0	0	0	0	0	0	0	0	0	0	0	0	0	0	0	0	0	0	0	0	0	0	0	0	0	0	0	0	0	0	0	834	0	206	0	0	0	0	0	0	0	11804	10076	0	14366	1316	1110	16756	7970	12290	3572	692	716	202	148	308	0	1348	0	540	0	0	0	400	0	11888	2610	710	0	0	0	0	0	0	0	0	0	0	0	0	0	0	0	624	230	0	0	112	0	0	0	0	0	0	0	0	0	0	0	0	0	0	0	0	0	0	0	0	0	0	0	0	0	0	0	
420160	Cuneus_R	0	1422	0	0	0	0	0	0	0	0	0	0	0	0	0	0	0	0	0	458	0	0	0	0	0	0	0	0	0	0	0	0	764	3296	116	1086	0	0	0	0	0	0	4908	24152	14366	0	660	3420	176	48036	124	22704	0	3068	0	636	0	3828	0	5020	0	2706	0	344	0	3536	9280	38976	0	2052	0	0	0	0	0	0	0	0	0	0	0	1034	0	0	0	11124	0	0	0	2788	0	0	0	0	0	0	0	0	0	0	0	0	0	0	0	0	0	0	0	0	0	0	0	0	0	0	
363136	Lingual_L	152	0	0	0	0	0	0	0	0	0	0	0	0	0	0	0	0	0	0	0	0	0	0	0	0	0	0	0	122	0	0	0	140	0	1774	168	4048	0	4568	0	0	0	15542	2414	1316	660	0	7732	2064	520	18220	338	16548	486	24310	3212	0	0	316	0	212	0	0	0	230	0	5224	358	0	0	0	0	0	0	0	0	530	0	142	0	0	0	0	0	272	0	0	0	2382	0	8270	2772	1604	478	0	102	11982	2708	19722	4686	192	0	88	0	0	316	0	0	0	158	6298	6210	1514	124	214	130	
361580	Lingual_R	990	572	178	0	0	0	122	0	0	0	124	0	0	0	0	0	0	0	444	2110	0	0	0	0	0	0	0	0	570	172	0	0	166	3776	2184	7824	1664	5150	494	7872	0	0	3682	18946	1110	3420	7732	0	0	3044	228	4110	334	6580	588	22262	0	1080	0	128	0	130	0	356	0	0	126	16680	288	3130	106	88	0	0	0	0	2108	564	756	0	156	0	0	0	88	2174	0	0	118	3460	602	3978	262	664	164	0	3140	7562	4654	8332	0	0	0	0	566	0	0	0	0	98	6736	5326	722	0	0	0	
167004	Occipital_Sup_L	234	0	0	0	0	0	0	0	0	0	0	0	0	0	0	0	0	0	0	0	0	0	0	0	0	0	0	0	0	0	0	0	1208	0	528	0	0	0	0	0	0	0	9158	0	16756	176	2064	0	0	0	27892	0	1680	0	596	0	0	0	7658	0	4508	0	0	0	710	0	8880	454	156	0	0	0	0	0	0	0	0	0	0	0	0	0	0	0	752	0	0	0	92	0	0	0	0	0	0	0	0	0	0	0	0	0	0	0	0	0	0	0	0	0	0	0	0	0	0	0	
354960	Occipital_Sup_R	0	680	0	0	0	0	0	0	0	0	0	0	0	0	0	0	0	0	0	180	0	0	0	0	0	0	0	0	0	0	0	0	458	1180	0	0	0	0	0	0	0	0	2654	15980	7970	48036	520	3044	0	0	0	27898	0	2630	0	474	0	2470	0	6796	0	3340	0	248	0	6762	5006	27816	0	768	0	0	0	0	0	0	0	0	0	0	0	1000	0	0	0	9358	0	0	0	2212	0	0	0	0	0	0	0	0	0	0	0	0	0	0	0	0	0	0	0	0	0	0	0	0	0	0	
447356	Occipital_Mid_L	1454	0	0	0	0	0	0	0	0	0	0	0	0	0	0	0	982	0	0	0	0	0	0	0	0	0	0	0	572	0	0	0	3304	0	394	0	120	0	288	0	0	0	27088	0	12290	124	18220	228	27892	0	0	0	19588	0	9804	0	1898	0	16402	90	17406	0	1570	0	18512	0	16042	998	442	0	0	0	0	0	0	0	0	0	480	0	862	0	0	0	19862	0	0	0	3982	0	152	0	0	0	0	0	626	0	1168	142	0	0	0	0	0	0	0	0	0	0	318	378	0	0	0	0	
329172	Occipital_Mid_R	0	512	0	0	0	0	0	0	0	0	0	0	0	0	0	0	0	0	212	2356	0	0	0	0	0	0	0	0	0	0	0	0	394	3338	0	306	0	0	0	100	0	0	958	18952	3572	22704	338	4110	0	27898	0	0	0	11190	0	2382	0	1550	0	3018	0	3002	0	180	0	14128	2476	18696	0	2126	0	384	0	0	0	224	0	0	0	0	0	180	0	0	0	15628	0	0	0	3672	0	0	0	0	0	0	0	0	0	0	0	0	0	0	0	0	0	0	0	0	0	0	0	0	0	0	
194680	Occipital_Inf_L	294	0	0	0	0	0	0	0	0	0	0	0	0	0	0	0	610	0	0	0	0	0	0	0	0	0	0	0	774	0	0	0	98	0	206	0	892	0	2092	0	0	0	7966	0	692	0	16548	334	1680	0	19588	0	0	0	19534	198	156	0	470	0	536	0	694	0	942	0	1548	0	0	0	0	0	0	0	0	0	116	0	846	0	718	0	0	0	3466	0	0	0	7212	0	780	210	102	0	0	0	2456	332	3384	384	0	0	0	0	0	0	0	0	0	0	1146	336	0	0	0	0	
133768	Occipital_Inf_R	0	226	0	0	0	0	0	0	0	0	0	0	0	0	0	0	0	122	0	556	0	0	0	0	0	0	0	0	0	178	0	0	0	654	0	96	0	212	0	1246	0	0	654	8128	716	3068	486	6580	0	2630	0	11190	0	0	0	8264	0	384	0	286	0	290	0	398	0	124	116	4310	0	564	0	0	0	0	0	0	0	0	0	0	0	0	0	0	0	8716	0	0	0	5686	0	0	0	0	0	0	0	198	110	358	0	0	0	0	0	0	0	0	0	0	96	242	0	0	0	0	
456876	Fusiform_L	256	0	528	86	0	0	0	0	0	0	322	0	0	0	0	0	260	0	506	0	0	0	0	0	0	0	0	0	5192	0	0	0	0	0	454	92	15700	0	11476	0	3670	0	3714	0	202	0	24310	588	596	0	9804	0	19534	0	0	342	126	0	400	0	160	0	206	0	252	0	1420	0	0	0	0	0	2188	0	0	0	358	0	560	0	2210	0	2334	0	3620	0	1034	0	21842	0	25974	370	2562	0	628	0	18470	490	37262	602	1014	0	2740	0	1020	0	202	0	0	208	1936	462	156	0	0	0	
439628	Fusiform_R	234	328	0	488	0	0	0	90	0	0	0	104	0	0	0	0	0	364	0	602	0	0	0	0	0	0	0	0	0	6272	0	0	0	368	428	664	112	23018	0	20868	0	6850	1108	6802	148	636	3212	22262	0	474	0	2382	198	8264	342	0	0	92	0	230	0	246	0	444	0	126	0	3392	0	192	0	152	0	2196	0	372	306	656	0	604	0	3370	0	4556	0	3926	0	2664	0	21998	460	15338	214	1010	0	564	2500	12716	2572	21250	102	144	120	836	698	216	0	0	0	196	4636	3054	648	132	144	124	
266896	Postcentral_L	26956	0	3556	222	0	0	1686	0	0	0	9690	0	1512	0	0	0	8810	0	2664	272	0	0	250	102	0	0	0	0	6552	0	0	0	650	86	1018	88	1030	0	126	0	0	0	338	0	308	0	0	0	0	0	1898	0	156	0	126	0	0	0	7256	160	25076	0	12182	0	2772	0	3964	706	1218	138	788	0	2000	0	566	0	532	0	2026	0	4094	0	110	0	1418	0	0	0	346	0	0	0	0	0	0	0	0	0	0	0	0	0	0	0	0	0	0	0	0	0	0	0	0	0	0	0	
271600	Postcentral_R	0	23202	0	960	0	0	0	694	0	0	0	850	0	0	0	0	0	5782	0	2302	0	0	0	0	0	0	0	0	0	930	0	0	200	3198	0	874	0	158	0	0	0	0	0	930	0	3828	0	1080	0	2470	0	1550	0	384	0	92	0	0	0	17028	0	16646	0	12868	0	4650	1412	9132	432	10388	0	430	0	514	0	164	0	0	0	1574	0	2804	0	136	0	6000	0	0	0	2138	0	0	0	0	0	0	0	0	0	0	0	0	0	0	0	0	0	0	0	0	0	0	0	0	0	0	
150600	Parietal_Sup_L	0	0	0	0	0	0	0	0	0	0	0	0	0	0	0	0	0	0	0	0	0	0	0	0	0	0	0	0	0	0	0	0	686	0	0	0	0	0	0	0	0	0	514	0	1348	0	316	0	7658	0	16402	0	470	0	400	0	7256	0	0	414	14732	0	0	0	4804	0	15008	1692	192	154	0	0	0	0	0	0	0	0	0	0	0	0	0	0	2830	0	0	0	424	0	0	0	0	0	0	0	0	0	0	0	0	0	0	0	0	0	0	0	0	0	0	0	0	0	0	0	
247148	Parietal_Sup_R	0	3674	0	134	0	0	0	100	0	0	0	0	0	0	0	0	0	470	0	1278	0	0	0	0	0	0	0	0	0	0	0	0	0	972	0	0	0	506	0	98	0	0	0	0	0	5020	0	128	0	6796	90	3018	0	286	0	230	160	17028	414	0	0	27628	0	9090	0	13772	3304	14272	0	2434	0	282	0	0	0	110	0	0	0	958	0	2010	0	0	0	5734	0	0	0	3578	0	0	0	0	0	0	0	0	0	0	0	0	0	0	0	0	0	0	0	0	0	0	0	0	0	0	
309188	Parietal_Inf_L	7116	0	892	216	0	0	1122	172	0	0	3682	0	0	0	0	0	676	0	216	134	0	0	0	0	0	0	0	0	1950	0	0	0	430	0	134	0	132	0	0	0	0	0	500	0	540	0	212	0	4508	0	17406	0	536	0	160	0	25076	0	14732	0	0	0	17722	0	30804	0	3432	152	190	0	304	0	0	0	0	0	86	0	662	0	2282	0	0	0	13382	0	0	0	5036	0	0	0	0	0	0	0	0	0	0	0	0	0	0	0	0	0	0	0	0	0	0	0	0	0	0	0	
238356	Parietal_Inf_R	0	3626	0	154	0	0	0	92	0	0	0	0	0	0	0	0	0	754	0	1270	0	0	0	0	0	0	0	0	0	196	0	0	0	1292	0	0	0	600	0	106	0	0	0	0	0	2706	0	130	0	3340	0	3002	0	290	0	246	0	16646	0	27628	0	0	0	15412	0	19134	728	3094	0	934	0	632	0	0	0	276	0	0	0	1518	0	3772	0	0	0	7426	0	0	0	4174	0	0	0	0	0	0	0	0	0	0	0	0	0	0	0	0	0	0	0	0	0	0	0	0	0	0	
168528	SupraMarginal_L	6694	0	1056	172	0	0	468	178	0	0	7486	0	0	0	0	0	4802	0	590	106	0	0	0	0	0	0	0	0	5308	0	0	0	0	0	0	0	158	0	144	0	0	0	0	0	0	0	0	0	0	0	1570	0	694	0	206	0	12182	0	0	0	17722	0	0	0	8772	0	0	0	0	0	300	0	132	0	0	0	0	0	780	0	7306	0	0	0	6188	0	0	0	1250	0	0	0	0	0	0	0	0	0	0	0	0	0	0	0	0	0	0	0	0	0	0	0	0	0	0	0	
176072	SupraMarginal_R	0	4320	0	458	0	0	0	0	0	0	0	0	0	0	0	0	0	5896	0	2324	0	0	0	0	0	0	0	0	0	654	0	0	0	1606	0	0	0	1356	0	132	0	0	0	0	0	344	0	356	0	248	0	180	0	398	0	444	0	12868	0	9090	0	15412	0	0	0	12164	114	470	0	368	0	838	0	96	0	412	0	0	0	2266	0	9524	0	0	0	3080	0	0	0	2618	0	0	0	0	0	0	0	0	0	0	0	0	0	0	0	0	0	0	0	0	0	0	0	0	0	0	
210592	Angular_L	2574	0	200	0	0	0	166	0	0	0	816	0	0	0	0	0	1448	0	0	0	0	0	0	0	0	0	0	0	1160	0	0	0	474	0	138	0	98	0	100	0	0	0	374	0	400	0	230	0	710	0	18512	0	942	0	252	0	2772	0	4804	0	30804	0	8772	0	0	0	1888	0	0	0	0	0	0	0	0	0	0	0	908	0	3058	0	0	0	17624	0	0	0	6072	0	0	0	0	0	0	0	0	0	0	0	0	0	0	0	0	0	0	0	0	0	0	0	0	0	0	0	
196792	Angular_R	0	1240	0	0	0	0	0	0	0	0	0	0	0	0	0	0	0	564	0	284	0	0	0	0	0	0	0	0	0	0	0	0	0	448	0	0	0	260	0	0	0	0	0	0	0	3536	0	0	0	6762	0	14128	0	124	0	126	0	4650	0	13772	0	19134	0	12164	0	0	602	3558	0	442	0	0	0	0	0	0	0	0	0	886	0	5766	0	0	0	8350	0	0	0	1600	0	0	0	0	0	0	0	0	0	0	0	0	0	0	0	0	0	0	0	0	0	0	0	0	0	0	
328880	Precuneus_L	2588	830	0	146	0	0	0	140	0	0	0	0	0	0	0	0	148	0	344	640	0	0	0	0	0	0	0	0	474	0	0	106	6348	2252	9002	1970	3742	0	1840	0	0	0	9058	1370	11888	9280	5224	126	8880	5006	16042	2476	1548	116	1420	0	3964	1412	15008	3304	3432	728	0	114	1888	602	0	19182	3338	1476	196	0	0	0	0	0	106	0	552	0	114	0	0	0	2924	1174	0	0	1188	542	0	0	0	0	0	0	192	0	0	0	0	0	0	0	0	0	0	0	0	0	0	0	0	0	0	0	
543068	Precuneus_R	836	3252	0	98	0	0	0	0	0	0	0	0	0	0	0	0	0	0	720	5168	0	0	0	0	0	0	0	0	96	0	0	0	1738	12450	3232	12584	438	2972	0	2266	0	0	984	22576	2610	38976	358	16680	454	27816	998	18696	0	4310	0	3392	706	9132	1692	14272	152	3094	0	470	0	3558	19182	0	848	12806	0	220	0	0	0	0	980	226	126	0	0	1046	0	0	254	14446	0	0	0	3604	0	0	0	0	0	0	0	436	0	0	0	0	0	0	0	0	0	0	0	0	584	0	0	0	0	0	
226988	Paracentral_Lobule_L	21720	2628	14634	3194	0	0	100	0	0	0	0	0	0	0	0	0	0	0	14136	11962	0	0	0	0	0	0	0	0	0	0	0	0	5078	7582	5958	2094	458	0	0	0	0	0	272	106	710	0	0	288	156	0	442	0	0	0	0	0	1218	432	192	0	190	0	0	0	0	0	3338	848	0	4018	2106	806	780	0	1948	0	5756	192	0	0	0	0	0	0	152	0	0	0	0	0	0	0	0	0	0	0	0	0	0	0	0	0	0	0	0	0	0	0	0	0	0	0	0	0	0	0	
234200	Paracentral_Lobule_R	2378	5828	254	560	0	0	0	0	0	0	0	0	0	0	0	0	0	0	2538	21552	0	0	144	0	0	0	0	0	0	0	0	126	1380	21258	2222	9522	0	0	0	0	0	0	0	1884	0	2052	0	3130	0	768	0	2126	0	564	0	192	138	10388	154	2434	0	934	0	368	0	442	1476	12806	4018	0	400	1116	274	122	328	228	0	0	0	0	0	0	0	0	0	2394	0	0	0	602	0	0	0	0	0	0	0	0	0	0	0	0	0	0	0	0	0	0	0	0	0	0	0	0	0	0	
283400	Caudate_L	5424	1062	11392	5522	1892	936	1318	4510	1214	0	2080	1300	852	164	1716	296	1020	110	11508	4458	7284	6216	3308	256	676	0	3172	1264	5358	446	6390	1638	296	800	324	158	1950	138	0	0	0	0	0	0	0	0	0	106	0	0	0	0	0	0	0	0	788	0	0	0	304	0	300	0	0	0	196	0	2106	400	0	8210	16420	3374	3596	398	5636	902	1886	0	196	0	434	0	0	0	0	0	0	0	0	0	0	0	0	0	0	0	0	0	0	0	0	0	0	0	0	0	0	0	0	0	0	0	0	0	
424184	Caudate_R	842	13380	1062	23784	464	7370	0	2492	314	748	0	866	0	720	296	2516	0	374	2426	26770	5372	8094	1694	8540	624	8352	1992	3500	0	1540	5518	17898	378	4790	0	132	0	330	0	104	0	110	0	0	0	0	0	88	0	0	0	384	0	0	0	152	0	430	0	282	0	632	0	838	0	0	0	220	806	1116	8210	0	3770	21936	148	4632	1070	12800	0	0	0	0	0	0	0	628	0	0	0	558	0	0	0	0	0	0	0	0	0	0	0	0	0	0	0	0	0	0	0	0	0	0	0	0	0	0	
320532	Putamen_L	5526	670	20614	1492	3410	178	3676	1244	1848	0	3594	248	1110	0	3764	0	1280	0	13508	2176	2838	2712	2668	0	740	0	1054	210	16054	0	5652	762	286	774	0	0	11584	0	2382	0	380	0	0	0	0	0	0	0	0	0	0	0	0	0	2188	0	2000	0	0	0	0	0	132	0	0	0	0	0	780	274	16420	3770	0	1860	13368	174	3318	232	160	0	656	0	664	0	382	0	118	0	1336	0	0	0	0	0	0	0	0	0	0	0	0	0	0	0	0	0	0	0	0	0	0	0	0	0	0	0	
404372	Putamen_R	0	3544	564	19718	184	11378	134	7032	122	3314	228	5938	102	3404	116	4068	96	5136	754	16116	2776	4032	1190	7492	454	8450	1162	2568	516	20248	3964	10080	150	1548	0	0	216	9088	86	3892	0	2914	0	0	0	0	0	0	0	0	0	0	0	0	0	2196	0	514	0	0	0	0	0	96	0	0	0	0	0	122	3374	21936	1860	0	214	3792	126	2052	132	544	0	470	0	754	0	258	0	0	0	736	0	0	0	0	0	0	0	0	0	236	0	0	0	0	0	0	0	0	0	0	0	0	0	0	0	0	
101096	Pallidum_L	4128	788	8554	706	0	0	1846	450	0	0	778	0	0	0	0	0	332	0	2410	2138	0	140	0	0	0	0	0	0	760	0	86	0	0	1260	0	0	3498	0	222	0	0	0	0	0	0	0	0	0	0	0	0	0	0	0	0	0	566	0	0	0	0	0	0	0	0	0	0	0	1948	328	3596	148	13368	214	0	0	2148	136	0	0	0	0	0	0	0	0	0	0	0	0	0	0	0	0	0	0	0	0	0	0	0	0	0	0	0	0	0	0	0	0	0	0	0	0	0	0	
60696	Pallidum_R	96	590	188	4948	0	0	0	668	0	0	0	472	0	0	0	0	0	678	208	6380	0	142	0	0	0	0	0	0	102	630	0	0	0	1732	0	0	112	838	0	562	0	0	0	0	0	0	0	0	0	0	0	224	0	0	0	372	0	164	0	110	0	276	0	412	0	0	0	0	0	228	398	4632	174	3792	0	0	0	408	0	0	0	0	0	0	0	422	0	0	0	390	0	0	0	0	0	0	0	0	0	0	0	0	0	0	0	0	0	0	0	0	0	0	0	0	0	0	
233028	Thalamus_L	25782	4436	8248	1018	0	0	3784	754	0	0	448	86	0	0	0	0	370	0	3344	862	0	0	0	0	0	0	0	0	1976	128	0	0	0	228	5858	8888	5570	4220	1066	812	196	0	0	0	0	0	530	2108	0	0	0	0	116	0	358	306	532	0	0	0	86	0	0	0	0	0	106	980	5756	0	5636	1070	3318	126	2148	0	0	10544	2064	0	802	0	0	0	440	0	0	0	506	260	0	0	0	0	0	0	0	186	0	0	0	0	0	0	0	0	0	0	0	0	462	0	0	0	0	0	
192092	Thalamus_R	1264	34084	444	11062	0	0	86	2508	0	0	166	292	0	0	0	0	86	298	590	1504	0	0	112	140	0	0	0	0	288	1702	0	390	0	114	1246	3502	348	4854	0	1440	0	0	0	0	0	0	0	564	0	0	0	0	0	0	0	656	0	0	0	0	0	0	0	0	0	0	0	226	192	0	902	12800	232	2052	136	408	10544	0	0	138	0	130	0	0	0	0	0	0	0	546	0	0	0	0	0	0	0	0	0	0	0	0	0	0	0	0	0	0	0	0	0	0	0	0	0	0	
142540	Heschl_L	4018	0	2284	908	0	0	804	1112	0	0	1236	0	0	0	0	0	7366	0	1744	208	0	0	0	0	0	0	0	0	12646	0	0	0	0	0	1470	932	4840	88	120	0	0	0	122	0	0	0	142	756	0	0	480	0	846	0	560	0	2026	0	0	0	662	0	780	0	908	0	552	126	0	0	1886	0	160	132	0	0	2064	0	0	0	8500	0	116	0	4902	0	0	0	5538	0	0	0	0	0	0	0	0	0	0	0	0	0	0	0	0	0	0	0	0	0	236	0	0	0	0	0	
63168	Heschl_R	0	300	0	320	0	0	0	94	0	0	0	142	0	0	0	118	0	7212	0	318	0	0	0	0	0	0	0	0	0	3562	0	0	0	0	0	0	0	770	0	88	0	0	0	0	0	0	0	0	0	0	0	0	0	0	0	604	0	1574	0	958	0	1518	0	2266	0	886	0	0	0	0	0	0	0	544	0	0	0	138	0	0	0	7156	0	340	0	934	0	0	0	1742	0	0	0	0	0	0	0	0	0	0	0	0	0	0	0	0	0	0	0	0	0	0	0	0	0	0	
244452	Temporal_Sup_L	5160	0	3926	146	0	0	486	90	0	0	5498	0	180	0	0	0	14102	0	3114	126	0	0	426	0	0	0	0	0	12856	0	0	0	0	0	206	164	2092	0	270	0	0	0	0	0	0	0	0	156	0	0	862	0	718	0	2210	0	4094	0	0	0	2282	0	7306	0	3058	0	114	0	0	0	196	0	656	0	0	0	802	0	8500	0	0	0	4678	0	22728	0	162	0	14862	0	0	0	0	0	0	0	0	0	0	0	0	0	0	0	0	0	0	0	0	0	0	0	0	0	0	0	
171312	Temporal_Sup_R	0	368	0	1036	0	0	0	0	0	0	0	342	0	0	0	1024	0	8598	0	1060	0	0	0	0	0	0	0	0	0	9068	0	0	0	128	0	0	0	2508	0	516	0	0	0	0	0	1034	0	0	0	1000	0	180	0	0	0	3370	0	2804	0	2010	0	3772	0	9524	0	5766	0	1046	0	0	0	0	0	470	0	0	0	130	0	7156	0	0	0	3728	0	12896	0	414	0	5466	0	104	0	0	0	0	0	0	0	138	0	0	0	0	0	0	0	0	0	0	0	0	0	0	0	0	
132732	Temporal_Pole_Sup_L	806	0	4486	254	366	0	324	190	0	0	6856	0	648	0	1424	0	6436	0	3270	210	346	0	0	0	0	0	0	0	9766	0	0	0	0	0	0	0	2774	0	736	0	1878	0	0	0	0	0	0	0	0	0	0	0	0	0	2334	0	110	0	0	0	0	0	0	0	0	0	0	0	0	0	434	0	664	0	0	0	0	0	116	0	4678	0	0	0	6520	0	3976	0	6764	0	0	0	0	0	0	0	0	0	0	0	0	0	0	0	0	0	0	0	0	0	0	0	0	0	0	0	
84912	Temporal_Pole_Sup_R	0	0	0	926	0	0	0	0	0	0	0	750	0	192	0	3156	0	1746	0	858	0	1060	0	0	0	0	0	374	0	5472	0	0	0	0	0	0	0	1692	0	2344	0	3838	0	0	0	0	0	0	0	0	0	0	0	0	0	4556	0	136	0	0	0	0	0	0	0	0	0	0	0	0	0	0	0	754	0	0	0	0	0	340	0	3728	0	0	0	2080	0	4762	0	3692	0	0	0	0	0	0	0	0	0	0	0	0	0	0	0	0	0	0	0	0	0	0	0	0	0	0	
333232	Temporal_Mid_L	1224	0	398	0	0	0	138	0	0	0	456	0	0	0	0	0	2430	0	194	0	0	0	0	0	0	0	0	0	5828	0	0	0	1058	0	124	88	3842	0	532	0	806	0	2844	0	624	0	272	88	752	0	19862	0	3466	0	3620	0	1418	0	2830	0	13382	0	6188	0	17624	0	2924	254	152	0	0	0	382	0	0	0	440	0	4902	0	22728	0	6520	0	0	0	4568	0	33658	0	0	0	0	0	0	0	0	0	0	0	0	0	0	0	0	0	0	0	0	0	0	0	0	0	0	0	
315048	Temporal_Mid_R	0	574	0	0	0	0	0	0	0	0	0	0	0	0	0	174	0	316	118	2756	0	0	0	0	0	0	0	0	0	2182	0	0	240	3428	0	368	0	1148	0	1186	0	130	116	5532	230	11124	0	2174	0	9358	0	15628	0	8716	0	3926	0	6000	0	5734	0	7426	0	3080	0	8350	1174	14446	0	2394	0	628	0	258	0	422	0	0	0	934	0	12896	0	2080	0	0	0	1112	0	21166	0	0	0	0	0	0	0	0	0	0	0	0	0	0	0	0	0	0	0	0	0	0	0	0	0	0	
35984	Temporal_Pole_Mid_L	0	0	216	0	0	0	0	0	0	0	234	0	0	0	92	0	244	0	148	0	0	0	0	0	0	0	0	0	936	0	0	0	0	0	0	0	856	0	238	0	378	0	0	0	0	0	0	0	0	0	0	0	0	0	1034	0	0	0	0	0	0	0	0	0	0	0	0	0	0	0	0	0	118	0	0	0	0	0	0	0	162	0	3976	0	4568	0	0	0	4792	0	0	0	0	0	0	0	0	0	0	0	0	0	0	0	0	0	0	0	0	0	0	0	0	0	0	0	
27700	Temporal_Pole_Mid_R	0	0	0	0	0	0	0	0	0	0	0	0	0	0	0	0	0	0	0	0	0	0	0	0	0	0	0	0	0	166	0	0	0	0	0	0	0	100	0	1346	0	668	0	0	0	0	0	0	0	0	0	0	0	0	0	2664	0	0	0	0	0	0	0	0	0	0	0	0	0	0	0	0	0	0	0	0	0	0	0	0	0	414	0	4762	0	1112	0	0	0	2618	0	0	0	0	0	0	0	0	0	0	0	0	0	0	0	0	0	0	0	0	0	0	0	0	0	0	
316384	Temporal_Inf_L	844	0	766	0	0	0	94	0	0	0	484	0	0	0	0	0	1530	0	556	0	0	0	0	0	0	0	0	0	7308	0	0	0	0	0	388	106	11480	0	4234	0	1896	0	908	0	112	0	2382	118	92	0	3982	0	7212	0	21842	0	346	0	424	0	5036	0	1250	0	6072	0	1188	0	0	0	0	0	1336	0	0	0	506	0	5538	0	14862	0	6764	0	33658	0	4792	0	0	0	4334	0	290	0	102	0	1292	0	2634	0	224	0	700	0	186	0	0	0	0	138	186	0	0	0	0	0	
265376	Temporal_Inf_R	204	352	0	154	0	0	0	0	0	0	0	0	0	0	0	0	0	730	0	2188	0	0	0	0	0	0	0	0	0	6014	0	0	88	2366	354	418	0	11384	0	6656	0	2392	0	1348	0	2788	0	3460	0	2212	0	3672	0	5686	0	21998	0	2138	0	3578	0	4174	0	2618	0	1600	542	3604	0	602	0	558	0	736	0	390	260	546	0	1742	0	5466	0	3692	0	21166	0	2618	0	0	0	990	0	0	0	0	0	756	0	302	0	0	0	146	0	0	0	0	0	0	0	0	0	0	0	0	
432564	Cerebelum_Crus1_L	0	0	0	0	0	0	0	0	0	0	0	0	0	0	0	0	0	0	0	0	0	0	0	0	0	0	0	0	0	0	0	0	0	0	0	0	380	0	1068	0	0	0	0	0	0	0	8270	602	0	0	152	0	780	0	25974	460	0	0	0	0	0	0	0	0	0	0	0	0	0	0	0	0	0	0	0	0	0	0	0	0	0	0	0	0	0	0	0	0	4334	0	0	1842	34614	2446	1710	302	17632	1106	47512	2118	17700	692	23038	2190	5968	696	1546	0	0	1194	2724	2372	5106	830	676	248	
404108	Cerebelum_Crus1_R	0	0	0	0	0	0	0	0	0	0	0	0	0	0	0	0	0	0	0	0	0	0	0	0	0	0	0	0	0	184	0	0	0	0	0	0	0	638	0	834	0	0	0	0	0	0	2772	3978	0	0	0	0	210	0	370	15338	0	0	0	0	0	0	0	0	0	0	0	0	0	0	0	0	0	0	0	0	0	0	0	0	0	104	0	0	0	0	0	0	0	990	1842	0	652	29322	808	4896	4028	19848	4824	53270	380	3788	656	20382	1004	3526	0	578	258	2904	9592	7438	4736	962	728	214	
287908	Cerebelum_Crus2_L	0	0	0	0	0	0	0	0	0	0	0	0	0	0	0	0	0	0	0	0	0	0	0	0	0	0	0	0	0	0	0	0	0	0	0	0	0	0	148	0	0	0	0	0	0	0	1604	262	0	0	0	0	102	0	2562	214	0	0	0	0	0	0	0	0	0	0	0	0	0	0	0	0	0	0	0	0	0	0	0	0	0	0	0	0	0	0	0	0	290	0	34614	652	0	8174	680	270	3242	418	9060	688	28880	3838	24314	4196	2558	996	584	94	0	468	394	1298	9526	2700	912	216	
294704	Cerebelum_Crus2_R	0	0	0	0	0	0	0	0	0	0	0	0	0	0	0	0	0	0	0	0	0	0	0	0	0	0	0	0	0	0	0	0	0	0	0	0	0	0	0	96	0	0	0	0	0	0	478	664	0	0	0	0	0	0	0	1010	0	0	0	0	0	0	0	0	0	0	0	0	0	0	0	0	0	0	0	0	0	0	0	0	0	0	0	0	0	0	0	0	0	0	2446	29322	8174	0	158	866	522	2666	1068	9998	6368	20440	4176	33550	434	4122	0	1182	0	706	1146	2580	10130	3772	1278	0	
50156	Cerebelum_3_L	0	0	0	0	0	0	0	0	0	0	0	0	0	0	0	0	0	0	0	0	0	0	0	0	0	0	0	0	0	0	0	0	0	0	0	0	232	0	454	0	0	0	0	0	0	0	0	164	0	0	0	0	0	0	628	0	0	0	0	0	0	0	0	0	0	0	0	0	0	0	0	0	0	0	0	0	0	0	0	0	0	0	0	0	0	0	0	0	102	0	1710	808	680	158	0	364	5866	340	2384	884	252	0	1230	0	2272	96	244	0	746	3814	890	206	298	154	102	0	
65120	Cerebelum_3_R	0	0	0	0	0	0	0	0	0	0	0	0	0	0	0	0	0	0	0	0	0	0	0	0	0	0	0	0	0	0	0	0	0	0	0	0	0	0	0	106	0	0	0	0	0	0	102	0	0	0	0	0	0	0	0	564	0	0	0	0	0	0	0	0	0	0	0	0	0	0	0	0	0	0	0	0	0	0	0	0	0	0	0	0	0	0	0	0	0	0	302	4896	270	866	364	0	414	5310	156	7820	234	166	284	782	136	1412	0	0	568	4872	726	372	550	662	626	0	
294816	Cerebelum_4_5_L	0	0	0	0	0	0	0	0	0	0	0	0	0	0	0	0	0	0	0	0	0	0	0	0	0	0	0	0	88	0	0	0	0	0	118	0	728	0	1586	0	0	0	272	0	0	0	11982	3140	0	0	626	0	2456	0	18470	2500	0	0	0	0	0	0	0	0	0	0	192	0	0	0	0	0	0	0	0	0	0	0	0	0	0	0	0	0	0	0	0	0	1292	0	17632	4028	3242	522	5866	414	0	4712	33054	5710	1988	0	2884	208	3872	758	290	0	182	2442	11884	2356	470	294	564	586	
237572	Cerebelum_4_5_R	0	0	0	0	0	0	0	0	0	0	0	0	0	0	0	0	0	0	0	0	0	0	0	0	0	0	0	0	0	134	0	0	0	0	124	334	0	1486	0	2694	0	0	0	94	0	0	2708	7562	0	0	0	0	332	198	490	12716	0	0	0	0	0	0	0	0	0	0	0	436	0	0	0	0	0	0	0	0	186	0	0	0	0	0	0	0	0	0	0	0	0	756	1106	19848	418	2666	340	5310	4712	0	2638	29970	326	548	344	1988	900	764	0	0	0	1422	11326	1692	1000	572	516	130	
429144	Cerebelum_6_L	0	0	0	0	0	0	0	0	0	0	0	0	0	0	0	0	0	0	0	0	0	0	0	0	0	0	0	0	96	0	0	0	0	0	0	0	514	0	1670	0	0	0	214	0	0	0	19722	4654	0	0	1168	0	3384	110	37262	2572	0	0	0	0	0	0	0	0	0	0	0	0	0	0	0	0	0	0	0	0	0	0	0	0	0	0	0	0	0	0	0	0	2634	0	47512	4824	9060	1068	2384	156	33054	2638	0	6916	4422	0	5450	234	2744	206	668	0	120	1162	7860	7724	2060	146	164	0	
394704	Cerebelum_6_R	0	0	0	0	0	0	0	0	0	0	0	0	0	0	0	0	0	0	0	0	0	0	0	0	0	0	0	0	0	282	0	0	0	0	0	0	0	1122	0	1532	0	0	0	0	0	0	4686	8332	0	0	142	0	384	358	602	21250	0	0	0	0	0	0	0	0	0	0	0	0	0	0	0	0	0	236	0	0	0	0	0	0	0	138	0	0	0	0	0	0	0	302	2118	53270	688	9998	884	7820	5710	29970	6916	0	426	336	714	3644	1268	1220	0	398	272	3362	13062	9560	4328	978	790	254	
235976	Cerebelum_7b_L	0	0	0	0	0	0	0	0	0	0	0	0	0	0	0	0	0	0	0	0	0	0	0	0	0	0	0	0	0	0	0	0	0	0	0	0	0	0	0	0	0	0	0	0	0	0	192	0	0	0	0	0	0	0	1014	102	0	0	0	0	0	0	0	0	0	0	0	0	0	0	0	0	0	0	0	0	0	0	0	0	0	0	0	0	0	0	0	0	224	0	17700	380	28880	6368	252	234	1988	326	4422	426	0	4548	28624	4820	1346	872	976	86	0	356	334	636	7506	4394	838	144	
135736	Cerebelum_7b_R	0	0	0	0	0	0	0	0	0	0	0	0	0	0	0	0	0	0	0	0	0	0	0	0	0	0	0	0	0	0	0	0	0	0	0	0	0	0	0	0	0	0	0	0	0	0	0	0	0	0	0	0	0	0	0	144	0	0	0	0	0	0	0	0	0	0	0	0	0	0	0	0	0	0	0	0	0	0	0	0	0	0	0	0	0	0	0	0	0	0	692	3788	3838	20440	0	166	0	548	0	336	4548	0	3526	19132	114	1798	0	458	0	140	0	0	3720	3720	760	0	
299168	Cerebelum_8_L	0	0	0	0	0	0	0	0	0	0	0	0	0	0	0	0	0	0	0	0	0	0	0	0	0	0	0	0	0	0	0	0	0	0	0	0	0	0	90	0	0	0	0	0	0	0	88	0	0	0	0	0	0	0	2740	120	0	0	0	0	0	0	0	0	0	0	0	0	0	0	0	0	0	0	0	0	0	0	0	0	0	0	0	0	0	0	0	0	700	0	23038	656	24314	4176	1230	284	2884	344	5450	714	28624	3526	0	5532	20168	1968	4110	106	0	548	658	892	5624	7188	2954	858	
288276	Cerebelum_8_R	0	0	0	0	0	0	0	0	0	0	0	0	0	0	0	0	0	0	0	0	0	0	0	0	0	0	0	0	0	0	0	0	0	0	0	0	0	0	0	112	0	0	0	0	0	0	0	0	0	0	0	0	0	0	0	836	0	0	0	0	0	0	0	0	0	0	0	0	0	0	0	0	0	0	0	0	0	0	0	0	0	0	0	0	0	0	0	0	0	146	2190	20382	4196	33550	0	782	208	1988	234	3644	4820	19132	5532	0	602	20512	0	2950	0	808	476	472	5932	8338	5368	928	
125128	Cerebelum_9_L	0	0	0	0	0	0	0	0	0	0	0	0	0	0	0	0	0	0	0	0	0	0	0	0	0	0	0	0	0	0	0	0	0	0	0	0	0	0	0	0	0	0	0	0	0	0	0	566	0	0	0	0	0	0	1020	698	0	0	0	0	0	0	0	0	0	0	0	0	0	0	0	0	0	0	0	0	0	0	0	0	0	0	0	0	0	0	0	0	186	0	5968	1004	2558	434	2272	136	3872	900	2744	1268	1346	114	20168	602	0	1190	5802	0	0	528	1280	1660	1266	1648	2454	880	
140356	Cerebelum_9_R	0	0	0	0	0	0	0	0	0	0	0	0	0	0	0	0	0	0	0	0	0	0	0	0	0	0	0	0	0	0	0	0	0	0	0	0	0	0	0	0	0	0	0	0	0	0	316	0	0	0	0	0	0	0	0	216	0	0	0	0	0	0	0	0	0	0	0	0	0	0	0	0	0	0	0	0	0	0	0	0	0	0	0	0	0	0	0	0	0	0	696	3526	996	4122	96	1412	758	764	206	1220	872	1798	1968	20512	1190	0	0	2952	188	1290	1660	1790	2182	6926	9490	3032	
28844	Cerebelum_10_L	0	0	0	0	0	0	0	0	0	0	0	0	0	0	0	0	0	0	0	0	0	0	0	0	0	0	0	0	0	0	0	0	0	0	0	0	0	0	0	0	0	0	0	0	0	0	0	0	0	0	0	0	0	0	202	0	0	0	0	0	0	0	0	0	0	0	0	0	0	0	0	0	0	0	0	0	0	0	0	0	0	0	0	0	0	0	0	0	0	0	1546	0	584	0	244	0	290	0	668	0	976	0	4110	0	5802	0	0	0	0	0	0	0	0	0	0	0	
20476	Cerebelum_10_R	0	0	0	0	0	0	0	0	0	0	0	0	0	0	0	0	0	0	0	0	0	0	0	0	0	0	0	0	0	0	0	0	0	0	0	0	0	0	0	0	0	0	0	0	0	0	0	0	0	0	0	0	0	0	0	0	0	0	0	0	0	0	0	0	0	0	0	0	0	0	0	0	0	0	0	0	0	0	0	0	0	0	0	0	0	0	0	0	0	0	0	578	94	1182	0	0	0	0	0	398	86	458	106	2950	0	2952	0	0	0	0	0	0	144	496	706	88	
15416	Vermis_1_2	0	0	0	0	0	0	0	0	0	0	0	0	0	0	0	0	0	0	0	0	0	0	0	0	0	0	0	0	0	0	0	0	0	0	0	0	0	0	0	0	0	0	0	0	0	0	0	0	0	0	0	0	0	0	0	0	0	0	0	0	0	0	0	0	0	0	0	0	0	0	0	0	0	0	0	0	0	0	0	0	0	0	0	0	0	0	0	0	0	0	0	258	0	0	746	568	182	0	120	272	0	0	0	0	0	188	0	0	0	4254	548	120	0	92	200	160	
