data	data	529552	252800	997768	807000	141556	83712	517268	252004	75888	53264	321472	217676	333116	203340	171352	107864	207568	150084	815048	718192	71748	98680	447416	428388	44144	110020	48056	77888	683972	429700	424004	594828	181792	593820	208964	271680	348896	420796	57716	147828	36496	69520	169716	257460	128792	277276	279484	234912	156176	272296	426160	191584	192756	92024	441500	381432	252408	241180	146404	74772	201528	101312	84132	74852	165840	135060	260984	432336	323248	101804	304256	386400	417080	368560	87388	20960	297652	284256	103452	47648	188160	131080	62548	53708	276784	185772	33568	29796	287852	191604	424380	325644	230144	229028	32220	29736	263296	179740	403984	326748	169560	92732	234120	193076	64016	63568	13064	6524	15368	34716	181692	154408	130736	69608	38604	13220	
data	data	Precentral_L	Precentral_R	Frontal_Sup_L	Frontal_Sup_R	Frontal_Sup_Orb_L	Frontal_Sup_Orb_R	Frontal_Mid_L	Frontal_Mid_R	Frontal_Mid_Orb_L	Frontal_Mid_Orb_R	Frontal_Inf_Oper_L	Frontal_Inf_Oper_R	Frontal_Inf_Tri_L	Frontal_Inf_Tri_R	Frontal_Inf_Orb_L	Frontal_Inf_Orb_R	Rolandic_Oper_L	Rolandic_Oper_R	Supp_Motor_Area_L	Supp_Motor_Area_R	Olfactory_L	Olfactory_R	Frontal_Sup_Medial_L	Frontal_Sup_Medial_R	Frontal_Med_Orb_L	Frontal_Med_Orb_R	Rectus_L	Rectus_R	Insula_L	Insula_R	Cingulum_Ant_L	Cingulum_Ant_R	Cingulum_Mid_L	Cingulum_Mid_R	Cingulum_Post_L	Cingulum_Post_R	Hippocampus_L	Hippocampus_R	ParaHippocampal_L	ParaHippocampal_R	Amygdala_L	Amygdala_R	Calcarine_L	Calcarine_R	Cuneus_L	Cuneus_R	Lingual_L	Lingual_R	Occipital_Sup_L	Occipital_Sup_R	Occipital_Mid_L	Occipital_Mid_R	Occipital_Inf_L	Occipital_Inf_R	Fusiform_L	Fusiform_R	Postcentral_L	Postcentral_R	Parietal_Sup_L	Parietal_Sup_R	Parietal_Inf_L	Parietal_Inf_R	SupraMarginal_L	SupraMarginal_R	Angular_L	Angular_R	Precuneus_L	Precuneus_R	Paracentral_Lobule_L	Paracentral_Lobule_R	Caudate_L	Caudate_R	Putamen_L	Putamen_R	Pallidum_L	Pallidum_R	Thalamus_L	Thalamus_R	Heschl_L	Heschl_R	Temporal_Sup_L	Temporal_Sup_R	Temporal_Pole_Sup_L	Temporal_Pole_Sup_R	Temporal_Mid_L	Temporal_Mid_R	Temporal_Pole_Mid_L	Temporal_Pole_Mid_R	Temporal_Inf_L	Temporal_Inf_R	Cerebelum_Crus1_L	Cerebelum_Crus1_R	Cerebelum_Crus2_L	Cerebelum_Crus2_R	Cerebelum_3_L	Cerebelum_3_R	Cerebelum_4_5_L	Cerebelum_4_5_R	Cerebelum_6_L	Cerebelum_6_R	Cerebelum_7b_L	Cerebelum_7b_R	Cerebelum_8_L	Cerebelum_8_R	Cerebelum_9_L	Cerebelum_9_R	Cerebelum_10_L	Cerebelum_10_R	Vermis_1_2	Vermis_3	Vermis_4_5	Vermis_6	Vermis_7	Vermis_8	Vermis_9	Vermis_10	
529552	Precentral_L	0	106	31688	570	0	0	22282	0	0	0	15662	0	1842	0	0	0	4920	0	25568	3466	0	0	226	0	0	0	0	0	10516	0	1994	246	284	918	5154	3080	12338	2402	174	0	0	0	126	0	368	0	114	104	180	0	2862	0	494	0	496	0	27738	0	958	0	2440	0	296	0	292	0	2072	634	31888	0	6284	902	12600	0	7458	0	14274	2056	3250	0	580	0	0	0	1832	0	0	0	1042	0	0	0	0	0	0	0	0	0	0	0	0	0	0	0	0	0	0	0	0	0	0	0	0	0	0	0	
252800	Precentral_R	106	0	200	16274	0	0	0	12286	0	0	0	11934	0	1840	0	234	0	3486	1528	7074	0	0	0	470	0	0	0	0	0	2536	554	3186	98	950	570	4422	104	2196	0	124	0	0	0	864	0	750	0	0	0	2046	0	972	0	132	0	310	0	20536	0	256	0	1770	0	1028	0	1746	0	6036	1482	2196	714	2730	0	3322	0	1022	2218	3190	0	194	0	572	0	0	0	1484	0	0	0	456	0	0	0	0	0	0	0	0	0	0	0	0	0	0	0	0	0	0	0	0	202	0	0	0	0	0	
997768	Frontal_Sup_L	31688	200	0	5688	9840	0	75956	182	3642	0	15590	164	18820	332	9438	0	4490	0	92884	13046	196	170	41082	8856	738	108	0	98	27974	420	21146	6314	5830	11276	860	708	4394	634	0	0	0	0	126	0	226	0	0	0	0	0	0	0	0	0	540	0	906	144	0	0	0	0	0	0	0	0	306	280	20944	0	18962	3390	19302	414	6226	0	11294	636	326	0	1138	0	148	0	0	0	0	0	812	0	0	0	0	0	0	0	0	0	0	0	0	0	0	0	0	0	0	0	0	0	0	0	0	0	0	0	
807000	Frontal_Sup_R	570	16274	5688	0	0	4326	2440	29248	0	1842	904	6372	400	7996	0	2998	0	9300	7478	56008	0	0	14502	42118	130	4790	0	318	1248	20060	4668	38596	1098	24598	1704	4642	824	9516	0	1308	0	168	0	184	0	0	0	202	0	0	0	0	0	0	130	588	0	2498	0	0	0	168	0	0	0	0	0	538	3384	0	2726	20932	696	24634	0	1266	4876	16664	0	120	0	828	0	0	0	496	0	0	202	236	0	0	0	0	0	0	0	0	0	0	0	0	0	0	0	0	0	0	0	0	0	0	0	0	0	0	
141556	Frontal_Sup_Orb_L	0	0	9840	0	0	0	4014	0	10580	0	166	0	1612	0	8788	0	0	0	0	0	2206	128	5190	164	4946	156	5600	126	5942	0	6388	112	96	154	0	0	0	0	0	0	166	0	0	0	0	0	0	0	0	0	0	0	0	0	0	0	0	0	0	0	0	0	0	0	0	0	0	0	0	0	910	0	2934	0	0	0	0	0	0	0	0	0	560	0	0	0	0	0	0	0	0	0	0	0	0	0	0	0	0	0	0	0	0	0	0	0	0	0	0	0	0	0	0	0	0	0	
83712	Frontal_Sup_Orb_R	0	0	0	4326	0	0	0	614	0	7082	0	104	0	642	0	4110	0	0	0	150	0	1680	0	2766	0	6428	0	6168	0	1116	94	916	0	0	0	0	0	0	0	0	0	134	0	0	0	0	0	0	0	0	0	0	0	0	0	0	0	0	0	0	0	0	0	0	0	0	0	0	0	0	110	2262	0	3154	0	0	0	0	0	0	0	0	0	0	0	0	0	0	0	0	0	0	0	0	0	0	0	0	0	0	0	0	0	0	0	0	0	0	0	0	0	0	0	0	0	0	
517268	Frontal_Mid_L	22282	0	75956	2440	4014	0	0	0	5370	0	18786	0	37332	110	8736	0	916	0	15032	1678	0	0	15826	4188	0	0	0	0	18754	120	8762	1854	834	4782	0	0	966	0	0	0	0	0	0	0	0	0	0	0	0	0	0	0	0	0	0	0	586	0	0	0	0	0	0	0	0	0	0	0	458	0	3006	894	4006	0	536	0	124	0	132	0	154	0	0	0	0	0	0	0	0	0	0	0	0	0	0	0	0	0	0	0	0	0	0	0	0	0	0	0	0	0	0	0	0	0	0	0	
252004	Frontal_Mid_R	0	12286	182	29248	0	614	0	0	0	1330	0	12270	0	15036	0	3994	0	2386	372	3468	0	0	1290	5164	0	172	0	0	0	8278	1180	13672	162	4154	0	0	0	1186	0	128	0	0	0	0	0	0	0	0	0	0	0	0	0	0	0	144	0	1516	0	0	0	0	0	0	0	0	0	0	0	0	0	2114	0	4324	0	1158	0	0	0	0	0	174	0	0	0	0	0	0	0	0	0	0	0	0	0	0	0	0	0	0	0	0	0	0	0	0	0	0	0	0	0	0	0	0	0	0	
75888	Frontal_Mid_Orb_L	0	0	3642	0	10580	0	5370	0	0	0	96	0	3554	0	11038	0	0	0	0	0	0	0	252	0	328	0	194	0	1678	0	636	0	0	0	0	0	0	0	0	0	0	0	0	0	0	0	0	0	0	0	0	0	0	0	0	0	0	0	0	0	0	0	0	0	0	0	0	0	0	0	0	0	576	0	0	0	0	0	0	0	0	0	0	0	0	0	0	0	0	0	0	0	0	0	0	0	0	0	0	0	0	0	0	0	0	0	0	0	0	0	0	0	0	0	0	0	
53264	Frontal_Mid_Orb_R	0	0	0	1842	0	7082	0	1330	0	0	0	94	0	1498	0	8334	0	0	0	0	0	0	0	732	0	808	0	424	0	1930	0	242	0	230	0	0	0	172	0	0	0	0	0	0	0	0	0	0	0	0	0	0	0	0	0	0	0	0	0	0	0	0	0	0	0	0	0	0	0	0	0	0	0	1914	0	0	0	0	0	0	0	0	0	0	0	0	0	0	0	0	0	0	0	0	0	0	0	0	0	0	0	0	0	0	0	0	0	0	0	0	0	0	0	0	0	0	
321472	Frontal_Inf_Oper_L	15662	0	15590	904	166	0	18786	0	96	0	0	0	18450	0	2466	0	12448	0	13156	1904	0	0	1170	512	0	0	0	0	27140	0	6084	1280	0	310	236	330	520	328	0	0	0	0	0	0	0	0	0	0	0	0	0	0	0	0	154	0	2406	0	0	0	0	0	0	0	0	0	0	112	0	0	4278	2088	11130	112	0	0	306	260	260	0	1530	0	296	0	0	0	0	0	266	0	0	0	0	0	0	0	0	0	0	0	0	0	0	0	0	0	0	0	0	0	0	0	0	0	0	0	
217676	Frontal_Inf_Oper_R	0	11934	164	6372	0	104	0	12270	0	94	0	0	0	13690	0	884	0	7658	556	4318	0	0	324	2926	0	212	0	0	0	16284	1632	12856	372	2750	0	0	0	118	0	0	0	0	0	0	0	0	0	0	0	0	0	0	0	0	0	0	0	3856	0	0	0	114	0	0	0	0	0	0	0	0	192	3512	98	4318	0	0	0	0	0	0	0	1038	0	192	0	0	0	0	0	0	0	0	0	0	0	0	0	0	0	0	0	0	0	0	0	0	0	0	0	0	0	0	0	0	0	0	
333116	Frontal_Inf_Tri_L	1842	0	18820	400	1612	0	37332	0	3554	0	18450	0	0	0	13774	0	678	0	6316	638	0	0	4784	882	0	0	0	0	38940	0	8530	2016	348	454	0	0	0	0	0	0	0	0	0	0	0	0	0	0	0	0	0	0	0	0	0	0	0	0	0	0	0	0	0	0	0	0	0	0	0	0	1444	388	5356	0	0	0	0	0	0	0	0	0	0	0	0	0	0	0	0	0	0	0	0	0	0	0	0	0	0	0	0	0	0	0	0	0	0	0	0	0	0	0	0	0	0	0	
203340	Frontal_Inf_Tri_R	0	1840	332	7996	0	642	110	15036	0	1498	0	13690	0	0	0	8062	0	288	910	3042	0	0	1590	3858	0	122	0	0	0	27022	726	5710	632	5122	0	0	0	0	0	0	0	0	0	0	0	0	0	0	0	0	0	0	0	0	0	0	0	182	0	0	0	0	0	0	0	0	0	0	0	0	136	724	0	2400	0	0	0	0	0	0	0	0	0	0	0	0	0	0	0	0	0	0	0	0	0	0	0	0	0	0	0	0	0	0	0	0	0	0	0	0	0	0	0	0	0	0	
171352	Frontal_Inf_Orb_L	0	0	9438	0	8788	0	8736	0	11038	0	2466	0	13774	0	0	0	150	0	570	0	1522	0	1462	98	0	0	1180	0	19076	0	1966	152	128	0	0	0	0	0	0	0	296	0	0	0	0	0	0	0	0	0	0	0	0	0	176	0	0	0	0	0	0	0	0	0	0	0	0	0	0	0	588	0	2846	0	0	0	0	0	0	0	0	0	1226	0	0	0	0	0	0	0	0	0	0	0	0	0	0	0	0	0	0	0	0	0	0	0	0	0	0	0	0	0	0	0	0	0	
107864	Frontal_Inf_Orb_R	0	234	0	2998	0	4110	0	3994	0	8334	0	884	0	8062	0	0	0	0	0	198	0	2418	150	806	0	136	0	1806	0	12904	0	646	0	460	0	0	0	228	0	258	0	476	0	0	0	0	0	0	0	0	0	0	0	0	0	0	0	0	0	0	0	0	0	0	0	0	0	0	0	0	0	412	0	3320	0	0	0	0	0	0	0	168	0	930	0	0	0	0	0	0	0	0	0	0	0	0	0	0	0	0	0	0	0	0	0	0	0	0	0	0	0	0	0	0	0	0	
207568	Rolandic_Oper_L	4920	0	4490	0	0	0	916	0	0	0	12448	0	678	0	150	0	0	0	5344	114	0	0	0	0	0	0	0	0	19228	0	916	0	102	0	2004	2012	2484	1970	0	0	0	0	0	0	0	0	146	0	0	0	3062	0	1742	0	1374	0	4616	0	332	0	368	0	1468	0	202	0	824	390	494	0	522	0	4960	0	102	0	1840	1446	5888	0	9096	0	1314	0	3350	0	0	0	2472	0	0	0	0	0	0	0	0	0	0	0	0	0	0	0	0	0	0	0	0	0	0	0	0	0	0	0	
150084	Rolandic_Oper_R	0	3486	0	9300	0	0	0	2386	0	0	0	7658	0	288	0	0	0	0	0	7442	0	0	0	168	0	0	0	0	0	18576	0	314	0	176	0	0	0	2212	0	0	0	0	0	0	0	0	0	0	0	144	0	0	0	0	0	0	0	5302	0	0	0	216	0	2210	0	120	0	246	0	0	0	356	0	5260	0	258	0	172	0	3020	0	4496	0	458	0	472	0	150	0	156	0	0	0	0	0	0	0	0	0	0	0	0	0	0	0	0	0	0	0	0	0	0	0	0	0	0	
815048	Supp_Motor_Area_L	25568	1528	92884	7478	0	0	15032	372	0	0	13156	556	6316	910	570	0	5344	0	0	41290	104	170	5690	2486	0	0	0	98	14176	1018	8338	8112	13116	22602	3718	1704	3908	948	0	0	0	0	160	0	292	0	0	0	0	0	0	0	0	0	690	0	1028	286	0	0	0	0	0	0	0	0	384	542	31826	456	21394	4828	19846	868	7698	0	15540	2528	276	0	1016	0	0	0	0	0	0	0	674	0	0	0	0	0	0	0	0	0	0	0	0	0	0	0	0	0	0	0	0	0	0	0	0	0	0	0	
718192	Supp_Motor_Area_R	3466	7074	13046	56008	0	150	1678	3468	0	0	1904	4318	638	3042	0	198	114	7442	41290	0	0	0	846	4856	0	234	0	0	1596	13024	2816	15454	5526	38678	1618	9028	642	6822	0	934	0	166	0	434	0	1016	0	196	0	730	0	404	0	0	102	620	0	2898	0	0	0	276	0	398	0	314	218	3284	9364	7098	4766	34274	966	14044	0	1244	2482	25438	0	236	0	1020	0	102	0	698	0	0	142	256	0	0	0	0	0	0	0	0	0	0	0	0	0	0	0	0	0	0	0	0	0	0	0	0	0	0	
71748	Olfactory_L	0	0	196	0	2206	0	0	0	0	0	0	0	0	0	1522	0	0	0	104	0	0	4656	0	0	346	0	3270	1496	3232	0	2250	978	0	0	0	0	588	0	368	0	1698	0	0	0	0	0	0	0	0	0	0	0	0	0	632	0	0	0	0	0	0	0	0	0	0	0	0	0	0	0	5844	3330	2264	290	0	0	0	0	0	0	0	0	604	0	0	0	0	0	0	0	0	0	0	0	0	0	0	0	0	0	0	0	0	0	0	0	0	0	0	0	0	0	0	0	0	0	
98680	Olfactory_R	0	0	170	0	128	1680	0	0	0	0	0	0	0	0	0	2418	0	0	170	0	4656	0	0	0	0	990	1574	5462	102	3358	1864	2778	0	0	0	0	0	882	0	948	0	2542	0	0	0	0	0	0	0	0	0	0	0	0	0	668	0	0	0	0	0	0	0	0	0	0	0	0	0	0	6564	7374	3106	1140	0	94	0	0	0	0	0	112	0	414	0	0	0	0	0	146	0	0	0	0	0	0	0	0	0	0	0	0	0	0	0	0	0	0	0	0	0	0	0	0	0	0	
447416	Frontal_Sup_Medial_L	226	0	41082	14502	5190	0	15826	1290	252	0	1170	324	4784	1590	1462	150	0	0	5690	846	0	0	0	32340	4036	2564	274	0	6690	1766	27600	21690	6226	20920	0	0	0	0	0	0	0	0	0	0	0	0	0	0	0	0	0	0	0	0	0	0	0	0	0	0	0	0	0	0	0	0	0	0	0	0	1424	516	2416	862	0	0	0	0	0	0	0	0	0	0	0	0	0	0	0	0	0	0	0	0	0	0	0	0	0	0	0	0	0	0	0	0	0	0	0	0	0	0	0	0	0	0	
428388	Frontal_Sup_Medial_R	0	470	8856	42118	164	2766	4188	5164	0	732	512	2926	882	3858	98	806	0	168	2486	4856	0	0	32340	0	962	8360	0	310	1142	6344	6732	36594	1248	21732	0	0	0	0	0	0	0	0	0	0	0	0	0	0	0	0	0	0	0	0	0	0	0	158	0	0	0	0	0	0	0	0	0	0	0	0	200	7060	420	9346	0	0	0	0	0	0	0	196	0	0	0	0	0	0	0	0	0	0	0	0	0	0	0	0	0	0	0	0	0	0	0	0	0	0	0	0	0	0	0	0	0	0	
44144	Frontal_Med_Orb_L	0	0	738	130	4946	0	0	0	328	0	0	0	0	0	0	0	0	0	0	0	346	0	4036	962	0	1974	2466	178	0	0	5244	156	0	0	0	0	0	0	0	0	0	0	0	0	0	0	0	0	0	0	0	0	0	0	0	0	0	0	0	0	0	0	0	0	0	0	0	0	0	0	296	104	168	0	0	0	0	0	0	0	0	0	0	0	0	0	0	0	0	0	0	0	0	0	0	0	0	0	0	0	0	0	0	0	0	0	0	0	0	0	0	0	0	0	0	0	
110020	Frontal_Med_Orb_R	0	0	108	4790	156	6428	0	172	0	808	0	212	0	122	0	136	0	0	0	234	0	990	2564	8360	1974	0	258	7466	0	626	1662	7190	0	284	0	0	0	0	0	0	0	0	0	0	0	0	0	0	0	0	0	0	0	0	0	0	0	0	0	0	0	0	0	0	0	0	0	0	0	0	0	5462	0	5008	0	0	0	0	0	0	0	0	0	0	0	0	0	0	0	0	0	0	0	0	0	0	0	0	0	0	0	0	0	0	0	0	0	0	0	0	0	0	0	0	0	0	
48056	Rectus_L	0	0	0	0	5600	0	0	0	194	0	0	0	0	0	1180	0	0	0	0	0	3270	1574	274	0	2466	258	0	798	666	0	3398	170	0	0	0	0	0	0	0	0	0	0	0	0	0	0	0	0	0	0	0	0	0	0	0	0	0	0	0	0	0	0	0	0	0	0	0	0	0	0	2426	872	778	0	0	0	0	0	0	0	0	0	104	0	0	0	0	0	0	0	0	0	0	0	0	0	0	0	0	0	0	0	0	0	0	0	0	0	0	0	0	0	0	0	0	0	
77888	Rectus_R	0	0	98	318	126	6168	0	0	0	424	0	0	0	0	0	1806	0	0	98	0	1496	5462	0	310	178	7466	798	0	0	1342	848	3544	0	0	0	0	0	0	0	0	0	272	0	0	0	0	0	0	0	0	0	0	0	0	0	0	0	0	0	0	0	0	0	0	0	0	0	0	0	0	1540	4010	480	2034	0	0	0	0	0	0	0	0	0	126	0	0	0	0	0	0	0	0	0	0	0	0	0	0	0	0	0	0	0	0	0	0	0	0	0	0	0	0	0	0	0	0	
683972	Insula_L	10516	0	27974	1248	5942	0	18754	0	1678	0	27140	0	38940	0	19076	0	19228	0	14176	1596	3232	102	6690	1142	0	0	666	0	0	0	13472	2648	518	562	5410	6442	15706	5816	1234	0	1590	0	0	0	0	0	0	0	0	0	382	0	0	0	6942	0	4316	0	176	0	186	0	96	0	0	0	186	2010	988	0	5242	1694	29334	122	0	0	5920	4842	6400	0	9308	0	3048	0	1888	0	234	0	6608	0	166	0	0	0	0	0	138	0	262	0	0	0	0	0	0	0	0	0	0	0	0	0	0	0	0	0	
429700	Insula_R	0	2536	420	20060	0	1116	120	8278	0	1930	0	16284	0	27022	0	12904	0	18576	1018	13024	0	3358	1766	6344	0	626	0	1342	0	0	700	7424	654	5482	0	0	0	8506	0	2066	0	2394	0	0	0	0	0	0	0	0	0	0	0	268	0	2596	0	2490	0	0	0	114	0	148	0	0	0	0	0	0	156	3464	0	24752	0	140	0	350	0	3618	0	6836	0	2438	0	1628	0	212	0	1690	0	0	0	0	0	0	0	0	0	0	0	0	0	0	0	0	0	0	0	0	0	0	0	0	0	0	
424004	Cingulum_Ant_L	1994	554	21146	4668	6388	94	8762	1180	636	0	6084	1632	8530	726	1966	0	916	0	8338	2816	2250	1864	27600	6732	5244	1662	3398	848	13472	700	0	23548	8570	8572	228	0	0	0	0	0	0	0	0	0	0	0	0	0	0	0	0	0	0	0	0	0	0	1022	0	0	0	0	0	0	0	0	0	0	0	0	12524	3644	12010	1684	0	0	0	0	0	0	0	0	0	0	0	0	0	0	0	0	0	0	0	0	0	0	0	0	0	0	0	0	0	0	0	0	0	0	0	0	0	0	0	0	0	0	
594828	Cingulum_Ant_R	246	3186	6314	38596	112	916	1854	13672	0	242	1280	12856	2016	5710	152	646	0	314	8112	15454	978	2778	21690	36594	156	7190	170	3544	2648	7424	23548	0	4772	33386	0	0	0	206	0	0	0	0	0	0	0	0	0	0	0	0	0	0	0	0	0	0	0	3312	0	0	0	0	0	0	0	0	0	0	0	0	2092	19512	1906	13618	0	0	0	0	0	0	0	212	0	0	0	0	0	0	0	0	0	0	0	0	0	0	0	0	0	0	0	0	0	0	0	0	0	0	0	0	0	0	0	0	0	0	
181792	Cingulum_Mid_L	284	98	5830	1098	96	0	834	162	0	0	0	372	348	632	128	0	102	0	13116	5526	0	0	6226	1248	0	0	0	0	518	654	8570	4772	0	18926	6606	1330	0	0	0	0	0	0	0	136	218	162	0	0	346	276	106	128	0	0	0	0	368	592	0	0	0	0	0	0	0	182	3100	1424	4468	1476	0	130	0	308	0	0	0	0	0	0	0	0	0	0	0	0	0	0	0	0	0	0	0	0	0	0	0	0	0	0	0	0	0	0	0	0	0	0	0	0	0	0	0	0	0	0	
593820	Cingulum_Mid_R	918	950	11276	24598	154	0	4782	4154	0	230	310	2750	454	5122	0	460	0	176	22602	38678	0	0	20920	21732	0	284	0	0	562	5482	8572	33386	18926	0	1084	6966	0	0	0	0	0	0	0	1458	0	4480	0	0	0	4620	0	1436	0	154	0	0	0	4756	0	1124	0	1136	0	496	0	1648	598	13696	3438	10910	354	3096	110	2584	0	0	0	0	0	0	0	580	0	0	0	3106	0	0	0	1274	0	0	0	0	0	0	0	0	0	0	0	0	0	0	0	0	0	0	0	0	328	0	0	0	0	0	
208964	Cingulum_Post_L	5154	570	860	1704	0	0	0	0	0	0	236	0	0	0	0	0	2004	0	3718	1618	0	0	0	0	0	0	0	0	5410	0	228	0	6606	1084	0	13418	10966	8942	630	178	0	0	1812	0	812	0	1408	118	702	0	398	0	138	0	454	0	1530	0	0	0	0	0	0	0	0	0	5076	2862	7406	276	0	0	928	0	0	0	7044	7142	1218	0	450	0	0	0	340	0	0	0	1042	0	0	0	0	0	0	0	0	0	0	0	0	0	0	0	0	0	0	0	0	0	0	0	0	0	0	0	
271680	Cingulum_Post_R	3080	4422	708	4642	0	0	0	0	0	0	330	0	0	0	0	0	2012	0	1704	9028	0	0	0	0	0	0	0	0	6442	0	0	0	1330	6966	13418	0	10702	13632	204	600	0	0	0	2104	0	1122	0	1416	0	96	0	0	132	0	900	294	1558	1630	0	0	0	0	0	0	0	0	402	11962	1488	4804	0	0	1414	0	0	0	11410	10842	1192	0	790	0	0	0	608	0	0	0	1886	0	0	0	0	0	0	0	0	0	0	0	0	0	0	0	0	0	0	0	0	0	570	0	0	0	0	0	
348896	Hippocampus_L	12338	104	4394	824	0	0	966	0	0	0	520	0	0	0	0	0	2484	0	3908	642	588	0	0	0	0	0	0	0	15706	0	0	0	0	0	10966	10702	0	9240	8938	218	6028	0	1592	0	0	0	2906	784	0	0	0	0	230	0	17408	0	3324	0	0	0	0	0	0	0	0	0	2828	2212	3380	0	0	0	10576	0	2554	0	9322	7002	2604	0	3642	0	1502	0	1874	0	218	0	10306	0	400	0	0	0	0	0	372	0	674	0	0	0	0	0	0	0	0	0	0	172	0	0	0	0	0	0	
420796	Hippocampus_R	2402	2196	634	9516	0	0	0	1186	0	172	328	118	0	0	0	228	1970	2212	948	6822	0	882	0	0	0	0	0	0	5816	8506	0	206	0	0	8942	13632	9240	0	210	20768	0	8898	0	1114	0	0	0	3258	0	0	0	0	108	1700	840	24260	1214	1158	0	0	0	0	0	0	0	0	0	6170	742	0	0	262	1300	16096	0	166	10222	12846	744	1396	776	1484	0	1696	588	1344	0	436	1812	11798	0	0	0	0	0	0	0	702	0	0	0	0	0	0	0	0	0	0	0	0	334	0	0	0	0	0	
57716	ParaHippocampal_L	174	0	0	0	0	0	0	0	0	0	0	0	0	0	0	0	0	0	0	0	368	0	0	0	0	0	0	0	1234	0	0	0	0	0	630	204	8938	210	0	0	1488	0	554	0	0	0	3306	418	0	0	0	0	452	0	5146	0	102	0	0	0	0	0	0	0	0	0	1114	132	0	0	0	0	840	0	0	0	538	0	0	0	174	0	310	0	0	0	218	0	708	0	224	0	0	0	0	0	682	0	512	0	0	0	0	0	0	0	0	0	0	182	0	0	0	0	0	0	
147828	ParaHippocampal_R	0	124	0	1308	0	0	0	128	0	0	0	0	0	0	0	258	0	0	0	934	0	948	0	0	0	0	0	0	0	2066	0	0	0	0	178	600	218	20768	0	0	0	6880	0	1034	0	0	0	3360	0	0	0	0	0	1264	0	16804	0	0	0	0	0	0	0	0	0	0	0	1126	0	0	0	0	0	4320	0	100	136	926	0	772	0	538	0	1844	0	404	0	776	0	4448	0	0	0	0	0	0	0	1410	0	0	0	0	0	0	0	0	0	0	0	0	242	0	0	0	0	0	
36496	Amygdala_L	0	0	0	0	166	0	0	0	0	0	0	0	0	0	296	0	0	0	0	0	1698	0	0	0	0	0	0	0	1590	0	0	0	0	0	0	0	6028	0	1488	0	0	0	0	0	0	0	0	0	0	0	0	0	0	0	4164	0	0	0	0	0	0	0	0	0	0	0	0	0	0	0	0	0	492	0	0	0	0	0	0	0	0	0	1036	0	106	0	0	0	1184	0	0	0	0	0	0	0	0	0	0	0	0	0	0	0	0	0	0	0	0	0	0	0	0	0	0	0	
69520	Amygdala_R	0	0	0	168	0	134	0	0	0	0	0	0	0	0	0	476	0	0	0	166	0	2542	0	0	0	0	0	272	0	2394	0	0	0	0	0	0	0	8898	0	6880	0	0	0	0	0	0	0	0	0	0	0	0	0	0	0	6972	0	0	0	0	0	0	0	0	0	0	0	0	0	0	0	0	0	1854	0	0	0	0	0	0	0	180	0	2156	0	0	0	470	0	1070	0	0	0	0	0	0	0	128	0	0	0	0	0	0	0	0	0	0	0	0	0	0	0	0	0	0	
169716	Calcarine_L	126	0	126	0	0	0	0	0	0	0	0	0	0	0	0	0	0	0	160	0	0	0	0	0	0	0	0	0	0	0	0	0	0	0	1812	0	1592	0	554	0	0	0	0	8620	8600	5270	9768	3854	8018	3142	12256	780	5340	488	2596	664	0	0	0	0	0	0	0	0	0	0	8884	460	266	0	0	0	0	0	0	0	0	0	0	0	0	0	0	0	482	0	0	0	568	0	0	132	0	0	0	0	0	0	172	128	0	0	0	0	0	0	0	0	0	0	0	0	0	0	0	0	
257460	Calcarine_R	0	864	0	184	0	0	0	0	0	0	0	0	0	0	0	0	0	0	0	434	0	0	0	0	0	0	0	0	0	0	0	0	136	1458	0	2104	0	1114	0	1034	0	0	8620	0	1886	23230	2262	18158	202	14334	0	13304	0	6950	0	7048	0	1376	0	0	0	0	0	278	0	228	582	15814	0	1162	0	0	0	0	0	0	0	112	0	0	0	0	0	0	0	2682	0	0	0	1580	0	500	0	0	0	0	0	0	0	766	0	0	0	0	0	0	0	0	0	0	328	0	0	0	0	0	
128792	Cuneus_L	368	0	226	0	0	0	0	0	0	0	0	0	0	0	0	0	0	0	292	0	0	0	0	0	0	0	0	0	0	0	0	0	218	0	812	0	0	0	0	0	0	0	8600	1886	0	3922	1832	0	19052	1270	8350	598	1668	0	580	0	416	0	852	0	0	0	0	0	0	0	9788	2652	438	0	0	0	0	0	0	0	0	0	0	0	0	0	0	0	300	0	0	0	276	0	0	0	0	0	0	0	0	0	0	0	0	0	0	0	0	0	0	0	0	0	0	0	0	0	0	0	
277276	Cuneus_R	0	750	0	0	0	0	0	0	0	0	0	0	0	0	0	0	0	0	0	1016	0	0	0	0	0	0	0	0	0	0	0	0	162	4480	0	1122	0	0	0	0	0	0	5270	23230	3922	0	840	4810	806	33814	0	9710	0	1238	0	2496	0	1912	706	2782	0	144	0	264	0	780	7172	27320	0	1338	0	0	0	0	0	0	0	0	0	0	0	0	0	0	0	1596	0	0	0	302	0	308	0	0	0	0	0	0	0	348	0	0	0	0	0	0	0	0	0	0	0	0	0	0	0	0	
279484	Lingual_L	114	0	0	0	0	0	0	0	0	0	0	0	0	0	0	0	146	0	0	0	0	0	0	0	0	0	0	0	0	0	0	0	0	0	1408	0	2906	0	3306	0	0	0	9768	2262	1832	840	0	4784	2864	860	14320	264	13610	108	21396	576	220	0	0	0	0	0	0	0	0	0	4258	0	98	0	0	0	0	0	0	0	182	0	142	0	142	0	0	0	324	0	0	0	470	0	8472	2514	536	1344	334	0	9124	1684	15392	3216	140	0	312	150	166	0	0	0	0	0	2814	5322	1022	0	0	0	
234912	Lingual_R	104	0	0	202	0	0	0	0	0	0	0	0	0	0	0	0	0	0	0	196	0	0	0	0	0	0	0	0	0	0	0	0	0	0	118	1416	784	3258	418	3360	0	0	3854	18158	0	4810	4784	0	0	5050	328	2378	0	4000	1606	12388	0	118	0	0	0	0	0	0	0	0	126	5326	0	0	0	0	204	0	0	0	96	334	0	0	0	0	0	0	0	108	0	0	0	652	1920	4612	190	584	308	544	3680	6002	4612	9470	0	0	254	0	0	0	0	0	0	244	5430	4682	596	0	0	152	
156176	Occipital_Sup_L	180	0	0	0	0	0	0	0	0	0	0	0	0	0	0	0	0	0	0	0	0	0	0	0	0	0	0	0	0	0	0	0	346	0	702	0	0	0	0	0	0	0	8018	202	19052	806	2864	0	0	200	23608	120	1964	0	752	0	520	0	4038	0	2216	0	102	0	1088	0	8492	1326	134	0	0	0	0	0	0	0	0	0	0	0	0	0	0	0	880	0	0	0	478	0	0	0	0	0	0	0	0	0	0	0	0	0	0	0	0	0	0	0	0	0	0	0	0	0	0	0	
272296	Occipital_Sup_R	0	2046	0	0	0	0	0	0	0	0	0	0	0	0	0	0	0	144	0	730	0	0	0	0	0	0	0	0	0	0	0	0	276	4620	0	96	0	0	0	0	0	0	3142	14334	1270	33814	860	5050	200	0	0	20524	0	1422	0	1516	0	4362	156	4088	0	1092	0	548	0	7106	2388	20598	0	888	0	0	0	0	0	0	0	0	0	0	0	312	0	0	0	3452	0	0	0	440	0	334	0	0	0	0	0	0	0	340	0	0	0	0	0	0	0	0	0	0	0	0	0	0	0	0	
426160	Occipital_Mid_L	2862	0	0	0	0	0	0	0	0	0	0	0	0	0	0	0	3062	0	0	0	0	0	0	0	0	0	0	0	382	0	0	0	106	0	398	0	0	0	0	0	0	0	12256	0	8350	0	14320	328	23608	0	0	0	28344	0	11952	0	10128	0	16508	0	17124	0	1860	0	20422	0	13292	0	632	0	0	0	0	0	0	0	0	0	1766	0	2316	0	0	0	15124	0	0	0	4072	0	0	564	0	238	0	0	0	0	1482	516	0	0	0	0	0	0	0	0	0	0	0	842	226	0	0	0	
191584	Occipital_Mid_R	0	972	0	0	0	0	0	0	0	0	0	0	0	0	0	0	0	0	0	404	0	0	0	0	0	0	0	0	0	0	0	0	128	1436	0	0	0	0	0	0	0	0	780	13304	598	9710	264	2378	120	20524	0	0	0	4582	0	1492	0	1982	0	2044	0	3226	0	790	0	12996	300	6760	0	580	0	0	0	0	0	0	0	0	0	0	0	702	0	0	0	8518	0	0	0	730	0	242	0	0	0	0	0	0	0	230	0	0	0	0	0	0	0	0	0	0	0	0	0	0	0	0	
192756	Occipital_Inf_L	494	0	0	0	0	0	0	0	0	0	0	0	0	0	0	0	1742	0	0	0	0	0	0	0	0	0	0	0	0	0	0	0	0	0	138	132	230	108	452	0	0	0	5340	0	1668	0	13610	0	1964	0	28344	0	0	0	18340	0	874	0	258	0	356	0	346	0	478	0	1646	0	338	0	0	0	0	0	0	0	106	104	1818	0	1306	0	0	0	5842	0	0	0	8208	0	120	214	0	180	0	0	0	0	1050	0	0	0	0	0	0	0	0	0	0	0	0	332	240	0	0	0	
92024	Occipital_Inf_R	0	132	0	0	0	0	0	0	0	0	0	0	0	0	0	0	0	0	0	0	0	0	0	0	0	0	0	0	0	268	0	0	0	154	0	0	0	1700	0	1264	0	0	488	6950	0	1238	108	4000	0	1422	0	4582	0	0	0	9944	0	432	0	0	0	298	0	730	0	348	0	1308	0	0	0	0	0	0	0	0	0	0	0	276	0	616	0	0	0	2178	0	0	0	6554	0	338	0	0	0	0	0	0	0	476	0	0	0	0	0	0	0	0	0	0	0	208	0	0	0	0	
441500	Fusiform_L	496	0	540	130	0	0	0	0	0	0	154	0	0	0	176	0	1374	0	690	102	632	0	0	0	0	0	0	0	6942	0	0	0	0	0	454	900	17408	840	5146	0	4164	0	2596	0	580	0	21396	1606	752	0	11952	0	18340	0	0	354	536	0	0	0	380	0	462	0	568	0	1090	284	256	0	0	0	3416	0	0	0	1066	824	2494	0	3844	0	1724	0	3792	0	776	0	21594	0	20390	2346	1684	1264	426	0	12876	760	28568	2932	570	0	1020	0	0	0	0	0	0	0	1574	4692	818	0	0	0	
381432	Fusiform_R	0	310	0	588	0	0	0	144	0	0	0	0	0	0	0	0	0	0	0	620	0	668	0	0	0	0	0	0	0	2596	0	0	0	0	0	294	0	24260	0	16804	0	6972	664	7048	0	2496	576	12388	0	1516	0	1492	0	9944	354	0	0	692	0	0	0	0	0	208	0	0	0	1394	0	0	0	0	0	4034	0	0	0	160	0	926	0	1682	0	4388	0	2452	0	3492	0	22110	786	15462	0	496	166	1230	2036	9998	1418	19462	0	0	0	330	0	214	0	0	0	876	4380	2120	322	0	0	148	
252408	Postcentral_L	27738	0	906	0	0	0	586	0	0	0	2406	0	0	0	0	0	4616	0	1028	0	0	0	0	0	0	0	0	0	4316	0	0	0	368	0	1530	1558	3324	1214	102	0	0	0	0	0	416	0	220	0	520	0	10128	0	874	0	536	0	0	0	9266	0	17744	0	4922	0	3648	0	6050	288	4238	0	754	0	2828	0	436	0	2486	960	2522	0	3234	0	0	0	3176	0	0	0	1266	0	0	0	0	0	0	0	0	0	0	0	0	0	0	0	0	0	0	0	0	0	0	0	0	0	0	0	
241180	Postcentral_R	0	20536	144	2498	0	0	0	1516	0	0	0	3856	0	182	0	0	0	5302	286	2898	0	0	0	158	0	0	0	0	0	2490	1022	3312	592	4756	0	1630	0	1158	0	0	0	0	0	1376	0	1912	0	118	0	4362	0	1982	0	432	0	692	0	0	0	6306	0	10148	0	9662	0	3974	112	12204	0	5480	0	526	0	2282	0	130	0	0	0	628	0	1504	0	0	0	2998	0	0	0	1194	0	0	0	0	0	0	0	0	0	0	0	0	0	0	0	0	0	0	0	0	232	0	0	0	0	0	
146404	Parietal_Sup_L	958	0	0	0	0	0	0	0	0	0	0	0	0	0	0	0	332	0	0	0	0	0	0	0	0	0	0	0	176	0	0	0	0	0	0	0	0	0	0	0	0	0	0	0	852	706	0	0	4038	156	16508	0	258	0	0	0	9266	0	0	0	16792	0	524	0	6304	0	14004	1048	0	0	0	0	0	0	0	0	0	0	0	0	308	0	0	0	662	0	0	0	310	0	0	0	0	0	0	0	0	0	0	0	0	0	0	0	0	0	0	0	0	0	0	0	0	0	0	0	
74772	Parietal_Sup_R	0	256	0	0	0	0	0	0	0	0	0	0	0	0	0	0	0	0	0	0	0	0	0	0	0	0	0	0	0	0	0	0	0	1124	0	0	0	0	0	0	0	0	0	0	0	2782	0	0	0	4088	0	2044	0	0	0	0	0	6306	0	0	0	5260	0	442	0	4836	1508	8304	0	436	0	0	0	0	0	0	0	0	0	0	0	0	0	0	0	0	0	0	0	0	0	0	0	0	0	0	0	0	0	0	0	0	0	0	0	0	0	0	0	0	0	0	0	0	0	0	
201528	Parietal_Inf_L	2440	0	0	0	0	0	0	0	0	0	0	0	0	0	0	0	368	0	0	0	0	0	0	0	0	0	0	0	186	0	0	0	0	0	0	0	0	0	0	0	0	0	0	0	0	0	0	0	2216	0	17124	0	356	0	380	0	17744	0	16792	0	0	0	8478	0	21756	0	4986	0	114	0	0	0	0	0	0	0	0	0	370	0	1558	0	0	0	4008	0	0	0	1888	0	0	0	0	0	0	0	0	0	0	0	0	0	0	0	0	0	0	0	0	0	0	0	0	0	0	0	
101312	Parietal_Inf_R	0	1770	0	168	0	0	0	0	0	0	0	114	0	0	0	0	0	216	0	276	0	0	0	0	0	0	0	0	0	114	0	0	0	1136	0	0	0	0	0	0	0	0	0	0	0	144	0	0	0	1092	0	3226	0	298	0	0	0	10148	0	5260	0	0	0	8488	0	12914	0	3642	0	614	0	0	0	112	0	0	0	0	0	0	0	204	0	0	0	564	0	0	0	156	0	0	0	0	0	0	0	0	0	0	0	0	0	0	0	0	0	0	0	0	0	0	0	0	0	0	
84132	SupraMarginal_L	296	0	0	0	0	0	0	0	0	0	0	0	0	0	0	0	1468	0	0	0	0	0	0	0	0	0	0	0	96	0	0	0	0	0	0	0	0	0	0	0	0	0	0	0	0	0	0	0	102	0	1860	0	346	0	462	0	4922	0	524	0	8478	0	0	0	7128	0	924	0	0	0	0	0	0	0	0	0	0	0	612	0	6134	0	0	0	6804	0	0	0	1910	0	0	0	0	0	0	0	0	0	0	0	0	0	0	0	0	0	0	0	0	0	0	0	0	0	0	0	
74852	SupraMarginal_R	0	1028	0	0	0	0	0	0	0	0	0	0	0	0	0	0	0	2210	0	398	0	0	0	0	0	0	0	0	0	148	0	0	0	496	0	0	0	0	0	0	0	0	0	278	0	264	0	0	0	548	0	790	0	730	0	208	0	9662	0	442	0	8488	0	0	0	4092	0	1648	0	280	0	0	0	0	0	0	0	0	0	312	0	2812	0	0	0	1366	0	0	0	1226	0	0	0	0	0	0	0	0	0	0	0	0	0	0	0	0	0	0	0	0	0	0	0	0	0	0	
165840	Angular_L	292	0	0	0	0	0	0	0	0	0	0	0	0	0	0	0	202	0	0	0	0	0	0	0	0	0	0	0	0	0	0	0	0	0	0	0	0	0	0	0	0	0	0	0	0	0	0	0	1088	0	20422	0	478	0	568	0	3648	0	6304	0	21756	0	7128	0	0	0	2736	0	0	0	0	0	0	0	0	0	0	0	430	0	3684	0	0	0	11490	0	0	0	2694	0	0	0	0	0	0	0	0	0	0	0	0	0	0	0	0	0	0	0	0	0	0	0	0	0	0	0	
135060	Angular_R	0	1746	0	0	0	0	0	0	0	0	0	0	0	0	0	0	0	120	0	314	0	0	0	0	0	0	0	0	0	0	0	0	182	1648	0	0	0	0	0	0	0	0	0	228	0	780	0	0	0	7106	0	12996	0	348	0	0	0	3974	0	4836	0	12914	0	4092	0	0	0	5132	0	662	0	0	0	0	0	0	0	0	0	0	0	3664	0	0	0	5960	0	0	0	828	0	0	0	0	0	0	0	0	0	0	0	0	0	0	0	0	0	0	0	0	0	0	0	0	0	0	
260984	Precuneus_L	2072	0	306	0	0	0	0	0	0	0	0	0	0	0	0	0	824	0	384	218	0	0	0	0	0	0	0	0	186	0	0	0	3100	598	5076	402	2828	0	1114	0	0	0	8884	582	9788	7172	4258	126	8492	2388	13292	300	1646	0	1090	0	6050	112	14004	1508	4986	0	924	0	2736	0	0	14214	2682	304	0	0	0	0	0	0	0	0	370	0	754	0	0	0	3884	0	0	0	2732	0	0	0	0	0	0	0	106	0	0	0	0	0	0	0	0	0	0	0	0	0	0	0	0	0	0	0	
432336	Precuneus_R	634	6036	280	538	0	0	0	0	0	0	112	0	0	0	0	0	390	246	542	3284	0	0	0	0	0	0	0	0	2010	0	0	0	1424	13696	2862	11962	2212	6170	132	1126	0	0	460	15814	2652	27320	0	5326	1326	20598	0	6760	0	1308	284	1394	288	12204	1048	8304	0	3642	0	1648	0	5132	14214	0	312	10194	0	0	454	0	0	0	3470	3300	130	0	462	1236	0	0	276	7252	0	0	780	3076	0	0	0	0	0	0	0	0	0	0	0	0	0	0	0	0	0	0	0	0	1848	0	0	0	0	0	
323248	Paracentral_Lobule_L	31888	1482	20944	3384	0	0	458	0	0	0	0	0	0	0	0	0	494	0	31826	9364	0	0	0	0	0	0	0	0	988	0	0	0	4468	3438	7406	1488	3380	742	0	0	0	0	266	0	438	0	98	0	134	0	632	0	338	0	256	0	4238	0	0	0	114	0	0	0	0	0	2682	312	0	182	2752	450	3602	0	4374	0	15378	2182	188	0	120	0	0	0	678	0	0	0	460	0	0	0	0	0	0	0	0	0	0	0	0	0	0	0	0	0	0	0	0	0	0	0	0	0	0	0	
101804	Paracentral_Lobule_R	0	2196	0	0	0	0	0	0	0	0	0	0	0	0	0	0	0	0	456	7098	0	0	0	0	0	0	0	0	0	0	0	0	1476	10910	276	4804	0	0	0	0	0	0	0	1162	0	1338	0	0	0	888	0	580	0	0	0	0	0	5480	0	436	0	614	0	280	0	662	304	10194	182	0	0	0	0	0	0	0	0	0	0	0	0	288	0	0	0	746	0	0	0	218	0	0	0	0	0	0	0	0	0	0	0	0	0	0	0	0	0	0	0	0	314	0	0	0	0	0	
304256	Caudate_L	6284	714	18962	2726	910	110	3006	0	0	0	4278	192	1444	136	588	0	522	0	21394	4766	5844	6564	1424	200	296	0	2426	1540	5242	156	12524	2092	0	354	0	0	0	0	0	0	0	0	0	0	0	0	0	0	0	0	0	0	0	0	0	0	754	0	0	0	0	0	0	0	0	0	0	0	2752	0	0	12106	22780	1056	4092	120	3468	306	0	0	0	0	0	0	0	0	0	0	0	0	0	0	0	0	0	0	0	0	0	0	0	0	0	0	0	0	0	0	0	0	0	0	0	0	0	0	
386400	Caudate_R	902	2730	3390	20932	0	2262	894	2114	0	0	2088	3512	388	724	0	412	0	356	4828	34274	3330	7374	516	7060	104	5462	872	4010	1694	3464	3644	19512	130	3096	0	0	0	262	0	0	0	0	0	0	0	0	0	0	0	0	0	0	0	0	0	0	0	526	0	0	0	0	0	0	0	0	0	0	450	0	12106	0	4358	17154	140	1922	548	15486	0	0	0	174	0	0	0	0	0	0	0	0	0	0	0	0	0	0	0	0	0	0	0	0	0	0	0	0	0	0	0	0	0	0	0	0	0	0	
417080	Putamen_L	12600	0	19302	696	2934	0	4006	0	576	0	11130	98	5356	0	2846	0	4960	0	19846	966	2264	3106	2416	420	168	0	778	480	29334	0	12010	1906	0	110	928	1414	10576	1300	840	0	492	0	0	0	0	0	0	204	0	0	0	0	0	0	3416	0	2828	0	0	0	0	0	0	0	0	0	0	454	3602	0	22780	4358	0	336	8710	0	2740	1176	240	0	1074	0	252	0	132	0	0	0	2036	0	130	0	0	0	0	0	0	0	214	0	0	0	0	0	0	0	0	0	0	0	0	0	0	0	0	0	
368560	Putamen_R	0	3322	414	24634	0	3154	0	4324	0	1914	112	4318	0	2400	0	3320	0	5260	868	14044	290	1140	862	9346	0	5008	0	2034	122	24752	1684	13618	308	2584	0	0	0	16096	0	4320	0	1854	0	0	0	0	0	0	0	0	0	0	0	0	0	4034	0	2282	0	0	0	112	0	0	0	0	0	0	0	0	1056	17154	336	0	0	2690	0	1182	0	496	0	840	0	196	0	0	0	0	0	1704	0	0	0	0	0	0	0	96	0	0	0	0	0	0	0	0	0	0	0	0	0	0	0	0	0	0	
87388	Pallidum_L	7458	0	6226	0	0	0	536	0	0	0	0	0	0	0	0	0	102	0	7698	0	0	0	0	0	0	0	0	0	0	0	0	0	0	0	0	0	2554	0	0	0	0	0	0	0	0	0	0	0	0	0	0	0	0	0	0	0	436	0	0	0	0	0	0	0	0	0	0	0	4374	0	4092	140	8710	0	0	0	1368	0	0	0	0	0	0	0	0	0	0	0	0	0	0	0	0	0	0	0	0	0	0	0	0	0	0	0	0	0	0	0	0	0	0	0	0	0	0	0	
20960	Pallidum_R	0	1022	0	1266	0	0	0	1158	0	0	0	0	0	0	0	0	0	258	0	1244	0	94	0	0	0	0	0	0	0	140	0	0	0	0	0	0	0	166	0	100	0	0	0	0	0	0	0	0	0	0	0	0	0	0	0	0	0	130	0	0	0	0	0	0	0	0	0	0	0	0	120	1922	0	2690	0	0	0	170	0	0	0	0	0	0	0	0	0	0	0	0	0	0	0	0	0	0	0	0	0	0	0	0	0	0	0	0	0	0	0	0	0	0	0	0	0	0	
297652	Thalamus_L	14274	2218	11294	4876	0	0	124	0	0	0	306	0	0	0	0	0	1840	0	15540	2482	0	0	0	0	0	0	0	0	5920	0	0	0	0	0	7044	11410	9322	10222	538	136	0	0	0	0	0	0	182	96	0	0	0	0	106	0	1066	0	2486	0	0	0	0	0	0	0	0	0	0	3470	15378	0	3468	548	2740	0	1368	0	0	15758	444	0	992	0	0	0	774	0	0	0	2404	0	0	0	0	0	0	0	0	0	0	0	0	0	0	0	0	0	0	0	0	0	0	0	0	0	0	0	
284256	Thalamus_R	2056	3190	636	16664	0	0	0	0	0	0	260	0	0	0	0	0	1446	172	2528	25438	0	0	0	0	0	0	0	0	4842	350	0	0	0	0	7142	10842	7002	12846	0	926	0	0	0	112	0	0	0	334	0	0	0	0	104	0	824	160	960	0	0	0	0	0	0	0	0	0	0	3300	2182	0	306	15486	1176	1182	0	170	15758	0	512	0	754	0	0	0	578	0	0	0	1786	0	0	0	0	0	0	0	0	104	0	0	0	0	0	0	0	0	0	0	0	0	0	0	0	0	0	0	
103452	Heschl_L	3250	0	326	0	0	0	132	0	0	0	260	0	0	0	0	0	5888	0	276	0	0	0	0	0	0	0	0	0	6400	0	0	0	0	0	1218	1192	2604	744	0	0	0	0	0	0	0	0	142	0	0	0	1766	0	1818	0	2494	0	2522	0	0	0	370	0	612	0	430	0	370	130	188	0	0	0	240	0	0	0	444	512	0	0	6232	0	0	0	5388	0	0	0	5778	0	0	0	0	0	0	0	0	0	0	0	0	0	0	0	0	0	0	0	0	0	0	0	0	0	0	0	
47648	Heschl_R	0	194	0	120	0	0	0	0	0	0	0	0	0	0	0	0	0	3020	0	236	0	0	0	0	0	0	0	0	0	3618	0	0	0	0	0	0	0	1396	0	772	0	0	0	0	0	0	0	0	0	0	0	0	0	276	0	926	0	628	0	0	0	0	0	312	0	0	0	0	0	0	0	0	0	496	0	0	0	0	0	0	0	7366	0	142	0	3114	0	0	0	1208	0	0	0	0	0	0	0	0	0	0	0	0	0	0	0	0	0	0	0	0	0	0	0	0	0	0	
188160	Temporal_Sup_L	580	0	1138	0	0	0	154	0	0	0	1530	0	0	0	0	0	9096	0	1016	0	0	0	0	0	0	0	0	0	9308	0	0	0	0	0	450	790	3642	776	174	0	0	0	0	0	0	0	142	0	0	0	2316	0	1306	0	3844	0	3234	0	308	0	1558	0	6134	0	3684	0	754	462	120	0	0	0	1074	0	0	0	992	754	6232	0	0	0	2874	0	19784	0	138	0	9716	0	0	0	0	0	0	0	0	0	0	0	0	0	0	0	0	0	0	0	0	0	0	0	0	0	0	0	
131080	Temporal_Sup_R	0	572	0	828	0	0	0	174	0	0	0	1038	0	0	0	168	0	4496	0	1020	0	112	0	196	0	0	0	0	0	6836	0	212	0	580	0	0	0	1484	0	538	0	180	0	0	0	0	0	0	0	312	0	702	0	616	0	1682	0	1504	0	0	0	204	0	2812	0	3664	0	1236	0	288	0	174	0	840	0	0	0	0	0	7366	0	0	0	3304	0	17602	0	672	0	4128	0	0	0	0	0	0	0	0	0	0	0	0	0	0	0	0	0	0	0	0	0	0	0	0	0	0	
62548	Temporal_Pole_Sup_L	0	0	148	0	560	0	0	0	0	0	296	0	0	0	1226	0	1314	0	0	0	604	0	0	0	0	0	104	0	3048	0	0	0	0	0	0	0	1502	0	310	0	1036	0	0	0	0	0	0	0	0	0	0	0	0	0	1724	0	0	0	0	0	0	0	0	0	0	0	0	0	0	0	0	0	252	0	0	0	0	0	0	0	2874	0	0	0	5914	0	4714	0	5648	0	0	0	0	0	0	0	0	0	0	0	0	0	0	0	0	0	0	0	0	0	0	0	0	0	0	0	
53708	Temporal_Pole_Sup_R	0	0	0	0	0	0	0	0	0	0	0	192	0	0	0	930	0	458	0	102	0	414	0	0	0	0	0	126	0	2438	0	0	0	0	0	0	0	1696	0	1844	0	2156	0	0	0	0	0	0	0	0	0	0	0	0	0	4388	0	0	0	0	0	0	0	0	0	0	0	0	0	0	0	0	0	196	0	0	0	0	0	142	0	3304	0	0	0	1742	0	3494	0	3232	0	0	0	0	0	0	0	0	0	0	0	0	0	0	0	0	0	0	0	0	0	0	0	0	0	0	
276784	Temporal_Mid_L	1832	0	0	0	0	0	0	0	0	0	0	0	0	0	0	0	3350	0	0	0	0	0	0	0	0	0	0	0	1888	0	0	0	0	0	340	608	1874	588	0	0	106	0	482	0	300	0	324	0	880	0	15124	0	5842	0	3792	0	3176	0	662	0	4008	0	6804	0	11490	0	3884	276	678	0	0	0	132	0	0	0	774	578	5388	0	19784	0	5914	0	0	0	5398	0	32116	0	0	0	0	0	0	0	0	0	0	0	0	0	0	0	0	0	0	0	0	0	0	0	0	0	0	0	
185772	Temporal_Mid_R	0	1484	0	496	0	0	0	0	0	0	0	0	0	0	0	0	0	472	0	698	0	0	0	0	0	0	0	0	0	1628	0	0	0	3106	0	0	0	1344	0	404	0	0	0	2682	0	1596	0	108	0	3452	0	8518	0	2178	0	2452	0	2998	0	0	0	564	0	1366	0	5960	0	7252	0	746	0	0	0	0	0	0	0	0	0	3114	0	17602	0	1742	0	0	0	1596	0	19328	0	0	0	0	0	0	0	0	0	0	0	0	0	0	0	0	0	0	0	0	0	0	0	0	0	0	
33568	Temporal_Pole_Mid_L	0	0	0	0	0	0	0	0	0	0	0	0	0	0	0	0	0	0	0	0	0	0	0	0	0	0	0	0	234	0	0	0	0	0	0	0	218	0	218	0	0	0	0	0	0	0	0	0	0	0	0	0	0	0	776	0	0	0	0	0	0	0	0	0	0	0	0	0	0	0	0	0	0	0	0	0	0	0	0	0	138	0	4714	0	5398	0	0	0	5088	0	0	0	0	0	0	0	0	0	0	0	0	0	0	0	0	0	0	0	0	0	0	0	0	0	0	0	
29796	Temporal_Pole_Mid_R	0	0	0	0	0	0	0	0	0	0	0	0	0	0	0	0	0	150	0	0	0	0	0	0	0	0	0	0	0	212	0	0	0	0	0	0	0	436	0	776	0	470	0	0	0	0	0	0	0	0	0	0	0	0	0	3492	0	0	0	0	0	0	0	0	0	0	0	0	0	0	0	0	0	0	0	0	0	0	0	0	0	672	0	3494	0	1596	0	0	0	3600	0	0	0	0	0	0	0	0	0	0	0	0	0	0	0	0	0	0	0	0	0	0	0	0	0	0	
287852	Temporal_Inf_L	1042	0	812	202	0	0	0	0	0	0	266	0	0	0	0	0	2472	0	674	142	0	0	0	0	0	0	0	0	6608	0	0	0	0	0	1042	1886	10306	1812	708	0	1184	0	568	0	276	0	470	0	478	0	4072	0	8208	0	21594	0	1266	0	310	0	1888	0	1910	0	2694	0	2732	780	460	0	0	0	2036	0	0	0	2404	1786	5778	0	9716	0	5648	0	32116	0	5088	0	0	0	1680	0	154	0	0	0	108	0	550	0	0	0	0	0	0	0	0	0	0	0	0	0	0	0	0	0	
191604	Temporal_Inf_R	0	456	0	236	0	0	0	0	0	0	0	0	0	0	0	0	0	156	0	256	0	146	0	0	0	0	0	0	0	1690	0	0	0	1274	0	0	0	11798	0	4448	0	1070	0	1580	0	302	0	652	0	440	0	730	0	6554	0	22110	0	1194	0	0	0	156	0	1226	0	828	0	3076	0	218	0	0	0	1704	0	0	0	0	0	1208	0	4128	0	3232	0	19328	0	3600	0	0	0	1540	0	132	0	0	0	126	0	208	0	0	0	0	0	0	0	0	0	0	0	0	0	0	0	0	
424380	Cerebelum_Crus1_L	0	0	0	0	0	0	0	0	0	0	0	0	0	0	0	0	0	0	0	0	0	0	0	0	0	0	0	0	166	0	0	0	0	0	0	0	400	0	224	0	0	0	0	0	0	0	8472	1920	0	0	0	0	120	0	20390	786	0	0	0	0	0	0	0	0	0	0	0	0	0	0	0	0	130	0	0	0	0	0	0	0	0	0	0	0	0	0	0	0	1680	0	0	2198	34930	1680	844	0	22822	1564	52562	4062	17500	126	21818	672	1676	342	264	0	208	210	4324	5992	2974	722	412	0	
325644	Cerebelum_Crus1_R	0	0	0	0	0	0	0	0	0	0	0	0	0	0	0	0	0	0	0	0	0	0	0	0	0	0	0	0	0	0	0	0	0	0	0	0	0	0	0	0	0	0	132	500	0	308	2514	4612	0	334	564	242	214	338	2346	15462	0	0	0	0	0	0	0	0	0	0	0	0	0	0	0	0	0	0	0	0	0	0	0	0	0	0	0	0	0	0	0	0	0	1540	2198	0	184	26342	336	1334	2246	10942	5242	39906	0	5536	324	16730	118	990	0	248	0	1294	5948	6996	5368	762	672	0	
230144	Cerebelum_Crus2_L	0	0	0	0	0	0	0	0	0	0	0	0	0	0	0	0	0	0	0	0	0	0	0	0	0	0	0	0	0	0	0	0	0	0	0	0	0	0	0	0	0	0	0	0	0	0	536	190	0	0	0	0	0	0	1684	0	0	0	0	0	0	0	0	0	0	0	0	0	0	0	0	0	0	0	0	0	0	0	0	0	0	0	0	0	0	0	0	0	154	0	34930	184	0	3772	140	0	722	0	7716	428	29020	1958	23776	1628	1106	222	192	0	0	0	202	1210	3284	1726	292	0	
229028	Cerebelum_Crus2_R	0	0	0	0	0	0	0	0	0	0	0	0	0	0	0	0	0	0	0	0	0	0	0	0	0	0	0	0	0	0	0	0	0	0	0	0	0	0	0	0	0	0	0	0	0	0	1344	584	0	0	238	0	180	0	1264	496	0	0	0	0	0	0	0	0	0	0	0	0	0	0	0	0	0	0	0	0	0	0	0	0	0	0	0	0	0	0	0	0	0	132	1680	26342	3772	0	146	0	160	256	2828	6150	1276	17424	2176	27520	652	1618	0	104	0	0	0	3792	11426	2442	512	0	
32220	Cerebelum_3_L	0	0	0	0	0	0	0	0	0	0	0	0	0	0	0	0	0	0	0	0	0	0	0	0	0	0	0	0	0	0	0	0	0	0	0	0	0	0	0	0	0	0	0	0	0	0	334	308	0	0	0	0	0	0	426	166	0	0	0	0	0	0	0	0	0	0	0	0	0	0	0	0	0	0	0	0	0	0	0	0	0	0	0	0	0	0	0	0	0	0	844	336	140	146	0	0	6550	724	1532	538	0	0	104	154	322	0	0	0	638	880	1794	0	174	0	0	0	
29736	Cerebelum_3_R	0	0	0	0	0	0	0	0	0	0	0	0	0	0	0	0	0	0	0	0	0	0	0	0	0	0	0	0	0	0	0	0	0	0	0	0	0	0	0	0	0	0	0	0	0	0	0	544	0	0	0	0	0	0	0	1230	0	0	0	0	0	0	0	0	0	0	0	0	0	0	0	0	0	0	0	0	0	0	0	0	0	0	0	0	0	0	0	0	0	0	0	1334	0	0	0	0	202	4634	0	3662	0	0	0	0	0	0	0	0	320	1606	1336	0	0	0	0	0	
263296	Cerebelum_4_5_L	0	0	0	0	0	0	0	0	0	0	0	0	0	0	0	0	0	0	0	0	0	0	0	0	0	0	0	0	138	0	0	0	0	0	0	0	372	0	682	0	0	0	0	0	0	0	9124	3680	0	0	0	0	0	0	12876	2036	0	0	0	0	0	0	0	0	0	0	106	0	0	0	0	0	0	0	0	0	0	0	0	0	0	0	0	0	0	0	0	0	108	0	22822	2246	722	160	6550	202	0	6322	32400	5036	948	0	2612	144	1370	382	690	0	1016	1356	13820	2626	226	0	224	652	
179740	Cerebelum_4_5_R	0	0	0	0	0	0	0	0	0	0	0	0	0	0	0	0	0	0	0	0	0	0	0	0	0	0	0	0	0	0	0	0	0	0	0	0	0	702	0	1410	0	128	0	0	0	0	1684	6002	0	0	0	0	0	0	760	9998	0	0	0	0	0	0	0	0	0	0	0	0	0	0	0	0	0	96	0	0	0	104	0	0	0	0	0	0	0	0	0	0	0	126	1564	10942	0	256	724	4634	6322	0	3148	22418	120	0	356	324	102	476	0	160	236	2086	12674	1194	422	162	210	330	
403984	Cerebelum_6_L	0	0	0	0	0	0	0	0	0	0	0	0	0	0	0	0	0	0	0	0	0	0	0	0	0	0	0	0	262	0	0	0	0	0	0	0	674	0	512	0	0	0	172	0	0	0	15392	4612	0	0	1482	0	1050	0	28568	1418	0	0	0	0	0	0	0	0	0	0	0	0	0	0	0	0	214	0	0	0	0	0	0	0	0	0	0	0	0	0	0	0	550	0	52562	5242	7716	2828	1532	0	32400	3148	0	8364	2728	0	5722	358	1392	278	408	0	336	344	7132	11522	2654	180	240	0	
326748	Cerebelum_6_R	0	0	0	0	0	0	0	0	0	0	0	0	0	0	0	0	0	0	0	0	0	0	0	0	0	0	0	0	0	0	0	0	0	0	0	0	0	0	0	0	0	0	128	766	0	348	3216	9470	0	340	516	230	0	476	2932	19462	0	0	0	0	0	0	0	0	0	0	0	0	0	0	0	0	0	0	0	0	0	0	0	0	0	0	0	0	0	0	0	0	0	208	4062	39906	428	6150	538	3662	5036	22418	8364	0	156	792	534	3566	356	1174	0	364	168	1710	10712	10300	3376	632	732	146	
169560	Cerebelum_7b_L	0	0	0	0	0	0	0	0	0	0	0	0	0	0	0	0	0	0	0	0	0	0	0	0	0	0	0	0	0	0	0	0	0	0	0	0	0	0	0	0	0	0	0	0	0	0	140	0	0	0	0	0	0	0	570	0	0	0	0	0	0	0	0	0	0	0	0	0	0	0	0	0	0	0	0	0	0	0	0	0	0	0	0	0	0	0	0	0	0	0	17500	0	29020	1276	0	0	948	120	2728	156	0	666	24044	1636	822	134	172	0	0	0	298	246	1876	2268	160	0	
92732	Cerebelum_7b_R	0	0	0	0	0	0	0	0	0	0	0	0	0	0	0	0	0	0	0	0	0	0	0	0	0	0	0	0	0	0	0	0	0	0	0	0	0	0	0	0	0	0	0	0	0	0	0	0	0	0	0	0	0	0	0	0	0	0	0	0	0	0	0	0	0	0	0	0	0	0	0	0	0	0	0	0	0	0	0	0	0	0	0	0	0	0	0	0	0	0	126	5536	1958	17424	0	0	0	0	0	792	666	0	744	13522	96	698	0	0	0	0	0	0	3944	860	0	0	
234120	Cerebelum_8_L	0	0	0	0	0	0	0	0	0	0	0	0	0	0	0	0	0	0	0	0	0	0	0	0	0	0	0	0	0	0	0	0	0	0	0	0	0	0	0	0	0	0	0	0	0	0	312	254	0	0	0	0	0	0	1020	0	0	0	0	0	0	0	0	0	0	0	0	0	0	0	0	0	0	0	0	0	0	0	0	0	0	0	0	0	0	0	0	0	0	0	21818	324	23776	2176	104	0	2612	356	5722	534	24044	744	0	4730	11986	1214	1408	0	196	198	1186	582	4218	6308	1238	0	
193076	Cerebelum_8_R	0	0	0	0	0	0	0	0	0	0	0	0	0	0	0	0	0	0	0	0	0	0	0	0	0	0	0	0	0	0	0	0	0	0	0	0	0	0	0	0	0	0	0	0	0	0	150	0	0	0	0	0	0	0	0	330	0	0	0	0	0	0	0	0	0	0	0	0	0	0	0	0	0	0	0	0	0	0	0	0	0	0	0	0	0	0	0	0	0	0	672	16730	1628	27520	154	0	144	324	358	3566	1636	13522	4730	0	986	9452	0	242	0	0	0	262	7910	5318	904	0	
64016	Cerebelum_9_L	0	0	0	0	0	0	0	0	0	0	0	0	0	0	0	0	0	0	0	0	0	0	0	0	0	0	0	0	0	0	0	0	0	0	0	0	0	0	0	0	0	0	0	0	0	0	166	0	0	0	0	0	0	0	0	0	0	0	0	0	0	0	0	0	0	0	0	0	0	0	0	0	0	0	0	0	0	0	0	0	0	0	0	0	0	0	0	0	0	0	1676	118	1106	652	322	0	1370	102	1392	356	822	96	11986	986	0	978	3084	0	0	0	1042	1298	1406	1594	1136	320	
63568	Cerebelum_9_R	0	0	0	0	0	0	0	0	0	0	0	0	0	0	0	0	0	0	0	0	0	0	0	0	0	0	0	0	0	0	0	0	0	0	0	0	0	0	0	0	0	0	0	0	0	0	0	0	0	0	0	0	0	0	0	214	0	0	0	0	0	0	0	0	0	0	0	0	0	0	0	0	0	0	0	0	0	0	0	0	0	0	0	0	0	0	0	0	0	0	342	990	222	1618	0	0	382	476	278	1174	134	698	1214	9452	978	0	0	940	0	0	864	1572	2108	3068	4028	1032	
13064	Cerebelum_10_L	0	0	0	0	0	0	0	0	0	0	0	0	0	0	0	0	0	0	0	0	0	0	0	0	0	0	0	0	0	0	0	0	0	0	0	0	0	0	0	0	0	0	0	0	0	0	0	0	0	0	0	0	0	0	0	0	0	0	0	0	0	0	0	0	0	0	0	0	0	0	0	0	0	0	0	0	0	0	0	0	0	0	0	0	0	0	0	0	0	0	264	0	192	0	0	0	690	0	408	0	172	0	1408	0	3084	0	0	0	0	0	0	0	112	106	96	0	
6524	Cerebelum_10_R	0	0	0	0	0	0	0	0	0	0	0	0	0	0	0	0	0	0	0	0	0	0	0	0	0	0	0	0	0	0	0	0	0	0	0	0	0	0	0	0	0	0	0	0	0	0	0	0	0	0	0	0	0	0	0	0	0	0	0	0	0	0	0	0	0	0	0	0	0	0	0	0	0	0	0	0	0	0	0	0	0	0	0	0	0	0	0	0	0	0	0	248	0	104	0	0	0	160	0	364	0	0	0	242	0	940	0	0	0	0	0	0	386	404	414	0	
15368	Vermis_1_2	0	0	0	0	0	0	0	0	0	0	0	0	0	0	0	0	0	0	0	0	0	0	0	0	0	0	0	0	0	0	0	0	0	0	0	0	0	0	0	0	0	0	0	0	0	0	0	0	0	0	0	0	0	0	0	0	0	0	0	0	0	0	0	0	0	0	0	0	0	0	0	0	0	0	0	0	0	0	0	0	0	0	0	0	0	0	0	0	0	0	208	0	0	0	638	320	1016	236	336	168	0	0	196	0	0	0	0	0	0	3240	1326	0	0	0	0	0	
34716	Vermis_3	0	0	0	0	0	0	0	0	0	0	0	0	0	0	0	0	0	0	0	0	0	0	0	0	0	0	0	0	0	0	0	0	0	0	0	0	172	0	182	0	0	0	0	0	0	0	0	244	0	0	0	0	0	0	0	876	0	0	0	0	0	0	0	0	0	0	0	0	0	0	0	0	0	0	0	0	0	0	0	0	0	0	0	0	0	0	0	0	0	0	210	1294	0	0	880	1606	1356	2086	344	1710	0	0	198	0	0	0	0	0	3240	0	2960	0	0	0	0	0	
181692	Vermis_4_5	0	202	0	0	0	0	0	0	0	0	0	0	0	0	0	0	0	0	0	0	0	0	0	0	0	0	0	0	0	0	0	0	0	328	0	570	0	334	0	242	0	0	0	328	0	0	2814	5430	0	0	0	0	0	0	1574	4380	0	232	0	0	0	0	0	0	0	0	0	1848	0	314	0	0	0	0	0	0	0	0	0	0	0	0	0	0	0	0	0	0	0	0	4324	5948	202	0	1794	1336	13820	12674	7132	10712	298	0	1186	0	1042	864	0	0	1326	2960	0	4454	148	100	580	1350	
154408	Vermis_6	0	0	0	0	0	0	0	0	0	0	0	0	0	0	0	0	0	0	0	0	0	0	0	0	0	0	0	0	0	0	0	0	0	0	0	0	0	0	0	0	0	0	0	0	0	0	5322	4682	0	0	842	0	332	208	4692	2120	0	0	0	0	0	0	0	0	0	0	0	0	0	0	0	0	0	0	0	0	0	0	0	0	0	0	0	0	0	0	0	0	0	0	5992	6996	1210	3792	0	0	2626	1194	11522	10300	246	0	582	262	1298	1572	0	0	0	0	4454	0	3684	442	1284	1550	
130736	Vermis_7	0	0	0	0	0	0	0	0	0	0	0	0	0	0	0	0	0	0	0	0	0	0	0	0	0	0	0	0	0	0	0	0	0	0	0	0	0	0	0	0	0	0	0	0	0	0	1022	596	0	0	226	0	240	0	818	322	0	0	0	0	0	0	0	0	0	0	0	0	0	0	0	0	0	0	0	0	0	0	0	0	0	0	0	0	0	0	0	0	0	0	2974	5368	3284	11426	174	0	226	422	2654	3376	1876	3944	4218	7910	1406	2108	112	386	0	0	148	3684	0	4292	2156	0	
