data	data	697328	428188	1.09692e+06	846664	236124	136548	646632	374952	110340	40932	309756	357196	345904	373400	189324	103376	311412	157204	779216	728736	133568	146752	422820	315528	78368	147528	78204	101588	830620	587872	548916	592588	264788	503560	209892	266204	522316	450984	280232	208860	80604	89720	250044	279324	128856	296004	484416	341028	168176	342488	594164	262156	237928	175872	661404	431612	321296	138068	116888	62736	227860	99948	197220	113400	157048	140604	283144	370640	168728	149472	485668	542096	526788	397532	120932	59384	319424	344856	151736	30592	298616	138776	114916	78296	488356	266304	41460	42488	405468	315364	463148	348520	388668	335016	29400	75448	324640	205056	483620	384596	308716	212520	349460	324680	172360	191680	26492	11048	33864	90344	259296	248856	267724	242156	160460	18460	
data	data	Precentral_L	Precentral_R	Frontal_Sup_L	Frontal_Sup_R	Frontal_Sup_Orb_L	Frontal_Sup_Orb_R	Frontal_Mid_L	Frontal_Mid_R	Frontal_Mid_Orb_L	Frontal_Mid_Orb_R	Frontal_Inf_Oper_L	Frontal_Inf_Oper_R	Frontal_Inf_Tri_L	Frontal_Inf_Tri_R	Frontal_Inf_Orb_L	Frontal_Inf_Orb_R	Rolandic_Oper_L	Rolandic_Oper_R	Supp_Motor_Area_L	Supp_Motor_Area_R	Olfactory_L	Olfactory_R	Frontal_Sup_Medial_L	Frontal_Sup_Medial_R	Frontal_Med_Orb_L	Frontal_Med_Orb_R	Rectus_L	Rectus_R	Insula_L	Insula_R	Cingulum_Ant_L	Cingulum_Ant_R	Cingulum_Mid_L	Cingulum_Mid_R	Cingulum_Post_L	Cingulum_Post_R	Hippocampus_L	Hippocampus_R	ParaHippocampal_L	ParaHippocampal_R	Amygdala_L	Amygdala_R	Calcarine_L	Calcarine_R	Cuneus_L	Cuneus_R	Lingual_L	Lingual_R	Occipital_Sup_L	Occipital_Sup_R	Occipital_Mid_L	Occipital_Mid_R	Occipital_Inf_L	Occipital_Inf_R	Fusiform_L	Fusiform_R	Postcentral_L	Postcentral_R	Parietal_Sup_L	Parietal_Sup_R	Parietal_Inf_L	Parietal_Inf_R	SupraMarginal_L	SupraMarginal_R	Angular_L	Angular_R	Precuneus_L	Precuneus_R	Paracentral_Lobule_L	Paracentral_Lobule_R	Caudate_L	Caudate_R	Putamen_L	Putamen_R	Pallidum_L	Pallidum_R	Thalamus_L	Thalamus_R	Heschl_L	Heschl_R	Temporal_Sup_L	Temporal_Sup_R	Temporal_Pole_Sup_L	Temporal_Pole_Sup_R	Temporal_Mid_L	Temporal_Mid_R	Temporal_Pole_Mid_L	Temporal_Pole_Mid_R	Temporal_Inf_L	Temporal_Inf_R	Cerebelum_Crus1_L	Cerebelum_Crus1_R	Cerebelum_Crus2_L	Cerebelum_Crus2_R	Cerebelum_3_L	Cerebelum_3_R	Cerebelum_4_5_L	Cerebelum_4_5_R	Cerebelum_6_L	Cerebelum_6_R	Cerebelum_7b_L	Cerebelum_7b_R	Cerebelum_8_L	Cerebelum_8_R	Cerebelum_9_L	Cerebelum_9_R	Cerebelum_10_L	Cerebelum_10_R	Vermis_1_2	Vermis_3	Vermis_4_5	Vermis_6	Vermis_7	Vermis_8	Vermis_9	Vermis_10	
697328	Precentral_L	0	18886	38008	11068	0	0	39842	5782	0	0	20986	8410	4534	6976	0	0	7534	274	28204	10054	0	0	622	0	0	0	0	0	6720	7730	562	594	1028	4426	5312	4276	5072	4114	1378	0	0	0	300	0	0	0	1502	326	172	0	4500	0	944	98	2080	142	31580	620	0	0	2682	0	1482	300	1192	0	1066	370	9356	2362	9654	1592	3186	136	2278	0	9288	4724	2254	0	1808	0	0	0	6636	528	0	0	2700	414	0	0	0	0	0	0	0	0	0	0	0	0	0	0	0	0	0	0	0	0	0	0	0	0	0	0	
428188	Precentral_R	18886	0	6740	22378	0	0	5608	18958	0	0	1258	7910	180	1562	0	0	1056	1358	6658	8530	0	0	490	136	0	0	0	0	2978	3100	1088	994	500	1744	1772	4096	2808	2414	1202	138	0	0	98	1032	0	972	1000	600	0	2198	320	1638	0	990	504	670	3414	11246	0	0	344	804	410	2444	0	378	372	3076	1624	9370	5802	8728	2854	2202	1624	330	6620	11974	294	144	306	832	0	0	524	1616	0	0	234	1964	0	0	0	0	0	0	0	0	0	0	0	0	0	0	0	0	0	0	0	0	0	0	0	0	0	0	
1.09692e+06	Frontal_Sup_L	38008	6740	0	9162	10680	0	78434	3542	4098	0	14758	5626	26398	4634	4000	0	5598	418	96204	16370	0	0	48176	2866	1366	0	0	0	32548	4650	17038	5464	4928	6932	2414	2502	6142	1962	1902	0	242	0	212	0	0	0	1314	282	0	0	1730	0	580	0	2456	0	4126	140	0	0	252	0	750	0	300	0	740	156	4820	338	11638	2102	20926	390	5184	0	10178	2518	2618	0	2560	0	1130	0	3914	502	0	0	2464	340	0	0	0	0	0	0	0	0	0	0	0	0	0	0	0	0	0	0	0	0	0	0	0	0	0	0	
846664	Frontal_Sup_R	11068	22378	9162	0	0	5568	4122	41986	0	1322	1560	10400	218	14952	0	2222	1166	3654	11348	60114	0	144	10004	32492	0	2178	0	588	2460	15930	9332	28878	4254	23022	1432	2794	2158	5118	1300	976	0	0	0	0	0	0	886	632	0	0	0	0	0	120	440	1256	3514	572	0	0	0	0	0	0	0	0	168	256	600	0	4902	24032	1664	12432	922	2280	5246	16766	268	0	202	218	0	0	122	478	0	0	0	1056	0	0	0	0	0	0	0	0	0	0	0	0	0	0	0	0	0	0	0	0	0	0	0	0	0	0	
236124	Frontal_Sup_Orb_L	0	0	10680	0	0	0	5786	0	13068	0	104	0	5846	0	18088	0	0	0	204	0	3968	850	5506	0	8934	328	8814	180	12804	0	6340	402	0	0	0	0	264	0	168	0	782	0	0	0	0	0	0	0	0	0	0	0	0	0	0	0	0	0	0	0	0	0	0	0	0	0	0	0	0	0	4132	912	6926	522	816	0	0	0	0	0	0	0	1532	0	0	0	106	0	0	0	0	0	0	0	0	0	0	0	0	0	0	0	0	0	0	0	0	0	0	0	0	0	0	0	0	0	
136548	Frontal_Sup_Orb_R	0	0	0	5568	0	0	0	2514	0	5778	0	596	0	2992	0	10184	0	0	0	0	184	2944	446	4884	106	9542	170	9548	0	5034	240	2856	0	148	0	0	0	0	0	0	0	0	0	0	0	0	0	0	0	0	0	0	0	0	0	0	0	0	0	0	0	0	0	0	0	0	0	0	0	0	0	2618	0	1818	0	0	0	0	0	0	0	0	0	104	0	0	0	0	0	0	0	0	0	0	0	0	0	0	0	0	0	0	0	0	0	0	0	0	0	0	0	0	0	0	0	0	
646632	Frontal_Mid_L	39842	5608	78434	4122	5786	0	0	5190	5856	0	12588	14352	34398	11694	3412	0	912	0	14980	2914	0	0	16606	508	0	0	0	0	11696	11226	4544	1134	1018	812	1318	1754	1766	2204	380	0	0	0	0	0	0	0	304	0	0	0	176	0	0	0	240	0	1782	140	0	0	0	0	210	0	0	0	102	142	186	0	11910	2616	2094	114	1426	0	1660	2460	488	0	420	0	858	0	704	0	0	0	230	0	0	0	0	0	0	0	0	0	0	0	0	0	0	0	0	0	0	0	0	0	0	0	0	0	0	0	
374952	Frontal_Mid_R	5782	18958	3542	41986	0	2514	5190	0	0	1964	1304	14672	164	19506	0	2796	746	1096	3454	8320	0	0	1336	5644	0	284	0	208	2392	8502	4760	8884	526	3342	110	210	374	582	0	0	0	0	0	0	0	0	0	0	0	0	0	0	0	0	0	0	320	196	0	0	0	0	0	0	0	0	0	0	0	0	5148	5370	1622	4142	190	428	214	514	184	0	0	0	0	0	0	0	0	0	0	0	0	0	0	0	0	0	0	0	0	0	0	0	0	0	0	0	0	0	0	0	0	0	0	0	0	0	
110340	Frontal_Mid_Orb_L	0	0	4098	0	13068	0	5856	0	0	0	0	0	5440	0	13710	0	0	0	0	0	702	228	124	0	1624	0	2810	0	2620	0	820	0	0	0	0	0	0	0	0	0	0	0	0	0	0	0	0	0	0	0	0	0	0	0	0	0	0	0	0	0	0	0	0	0	0	0	0	0	0	0	814	268	1704	154	186	0	0	0	0	0	0	0	944	0	0	0	0	0	0	0	0	0	0	0	0	0	0	0	0	0	0	0	0	0	0	0	0	0	0	0	0	0	0	0	0	0	
40932	Frontal_Mid_Orb_R	0	0	0	1322	0	5778	0	1964	0	0	0	0	0	1418	0	8214	0	0	0	0	0	0	0	0	0	280	0	392	0	784	0	0	0	0	0	0	0	0	0	0	0	0	0	0	0	0	0	0	0	0	0	0	0	0	0	0	0	0	0	0	0	0	0	0	0	0	0	0	0	0	0	114	0	200	0	0	0	0	0	0	0	0	0	0	0	0	0	0	0	0	0	0	0	0	0	0	0	0	0	0	0	0	0	0	0	0	0	0	0	0	0	0	0	0	0	0	
309756	Frontal_Inf_Oper_L	20986	1258	14758	1560	104	0	12588	1304	0	0	0	2342	16540	1282	0	0	12180	0	12178	1416	0	0	850	0	0	0	0	0	19126	1680	4938	596	376	0	0	0	784	0	228	0	0	0	0	0	0	0	0	0	0	0	238	0	0	0	540	0	7960	0	0	0	0	0	794	0	0	0	0	0	0	0	4636	1684	3464	0	416	0	266	0	2122	0	3516	0	580	0	938	0	0	0	650	0	0	0	0	0	0	0	0	0	0	0	0	0	0	0	0	0	0	0	0	0	0	0	0	0	0	0	
357196	Frontal_Inf_Oper_R	8410	7910	5626	10400	0	596	14352	14672	0	0	2342	0	386	30164	0	862	268	4232	2432	6390	0	0	768	2176	0	600	0	0	1460	26646	1488	5774	170	960	0	0	180	582	0	188	0	0	0	0	0	0	0	0	0	0	0	0	0	0	0	206	212	1542	0	0	0	0	0	0	0	0	0	0	0	0	10706	10810	512	3020	178	332	0	290	0	158	0	366	0	232	0	0	0	0	0	0	0	0	0	0	0	0	0	0	0	0	0	0	0	0	0	0	0	0	0	0	0	0	0	0	0	0	
345904	Frontal_Inf_Tri_L	4534	180	26398	218	5846	0	34398	164	5440	0	16540	386	0	570	6404	0	2344	0	8578	460	0	0	7076	174	312	0	0	0	27948	548	10324	626	796	192	0	0	164	0	0	0	0	0	0	0	0	0	0	0	0	0	0	0	0	0	166	0	1086	0	0	0	0	0	0	0	0	0	0	0	0	0	2736	852	2978	250	424	0	0	0	378	0	1300	0	1742	0	228	0	0	0	192	0	0	0	0	0	0	0	0	0	0	0	0	0	0	0	0	0	0	0	0	0	0	0	0	0	0	0	
373400	Frontal_Inf_Tri_R	6976	1562	4634	14952	0	2992	11694	19506	0	1418	1282	30164	570	0	0	5584	192	466	2062	2534	0	264	1760	8638	0	2882	0	778	1786	28322	3336	13208	298	2258	0	0	0	164	0	0	0	0	0	0	0	0	0	0	0	0	0	0	0	0	0	0	122	0	0	0	0	0	0	0	0	0	0	0	0	0	8552	5396	432	1718	0	198	0	0	0	0	0	0	0	0	0	0	0	0	0	0	0	0	0	0	0	0	0	0	0	0	0	0	0	0	0	0	0	0	0	0	0	0	0	0	0	0	
189324	Frontal_Inf_Orb_L	0	0	4000	0	18088	0	3412	0	13710	0	0	0	6404	0	0	0	0	0	124	0	4214	970	478	0	826	232	2438	144	15296	0	2200	310	0	0	0	0	490	0	342	0	962	0	0	0	0	0	0	0	0	0	0	0	0	0	146	0	0	0	0	0	0	0	0	0	0	0	0	0	0	0	3926	912	7346	484	756	0	0	0	0	0	0	0	5788	0	108	0	362	0	194	0	0	0	0	0	0	0	0	0	0	0	0	0	0	0	0	0	0	0	0	0	0	0	0	0	0	0	
103376	Frontal_Inf_Orb_R	0	0	0	2222	0	10184	0	2796	0	8214	0	862	0	5584	0	0	0	0	0	0	190	2132	0	536	0	2100	0	4140	0	9164	0	548	0	0	0	0	0	0	0	0	0	0	0	0	0	0	0	0	0	0	0	0	0	0	0	0	0	0	0	0	0	0	0	0	0	0	0	0	0	0	0	1360	0	1158	0	0	0	0	0	0	0	0	0	392	0	0	0	0	0	106	0	0	0	0	0	0	0	0	0	0	0	0	0	0	0	0	0	0	0	0	0	0	0	0	0	0	
311412	Rolandic_Oper_L	7534	1056	5598	1166	0	0	912	746	0	0	12180	268	2344	192	0	0	0	176	5400	1258	0	0	180	0	0	0	0	0	31280	368	1682	100	296	0	1622	712	3706	696	652	0	0	0	246	0	0	0	578	0	0	0	1280	0	378	0	1234	0	8182	184	0	0	888	0	9776	158	1140	0	666	0	648	0	1444	374	5792	0	1188	0	2350	758	10088	0	15804	0	2848	0	7434	0	0	0	2144	0	0	0	0	0	0	0	0	0	0	0	0	0	0	0	0	0	0	0	0	0	0	0	0	0	0	0	
157204	Rolandic_Oper_R	274	1358	418	3654	0	0	0	1096	0	0	0	4232	0	466	0	0	176	0	478	3418	0	0	118	0	0	0	0	0	198	14538	368	690	0	524	380	846	382	2798	140	266	0	0	0	492	0	640	0	312	0	972	0	474	0	964	0	986	118	3196	0	0	0	700	0	5836	0	152	0	2118	0	364	158	3752	254	6756	0	1354	206	2810	0	2726	0	3224	0	452	0	1110	0	0	0	1658	0	0	0	0	0	0	0	0	0	0	0	0	0	0	0	0	0	0	0	0	0	0	0	0	0	0	
779216	Supp_Motor_Area_L	28204	6658	96204	11348	204	0	14980	3454	0	0	12178	2432	8578	2062	124	0	5400	478	0	27252	0	0	7746	1390	0	0	0	0	18882	2270	6948	4962	13122	13978	2976	2582	5886	1908	1900	0	318	0	144	0	0	0	1270	356	0	0	1524	0	506	0	2194	0	3182	162	0	0	264	0	738	0	288	0	1174	178	8808	760	10674	1498	17210	378	5504	0	15554	2390	2484	0	1856	0	160	0	3276	536	0	0	1758	358	0	0	0	0	0	0	0	0	0	0	0	0	0	0	0	0	0	0	0	0	0	0	0	0	0	0	
728736	Supp_Motor_Area_R	10054	8530	16370	60114	0	0	2914	8320	0	0	1416	6390	460	2534	0	0	1258	3418	27252	0	0	218	2788	5078	0	252	0	0	2796	9836	7244	16020	7918	38642	2968	6790	1682	5970	684	1134	0	0	0	784	0	1168	524	854	0	1808	0	908	0	296	324	1408	1968	2502	0	0	110	0	142	438	0	298	422	3562	1888	15564	2482	24306	2042	12060	354	2316	1886	20618	434	0	314	560	0	0	232	1018	0	0	102	1626	0	0	0	0	0	0	0	0	0	0	0	0	0	0	0	0	0	0	0	0	0	0	0	0	0	0	
133568	Olfactory_L	0	0	0	0	3968	184	0	0	702	0	0	0	0	0	4214	190	0	0	0	0	0	7160	98	0	1406	764	2630	1298	4368	410	4946	1818	0	0	0	0	784	0	1270	0	1460	0	0	0	0	0	0	0	0	0	0	0	0	0	396	0	0	0	0	0	0	0	0	0	0	0	0	0	0	0	11366	5468	7318	3000	1080	0	146	0	0	0	0	0	340	0	0	0	0	0	0	0	0	0	0	0	0	0	0	0	0	0	0	0	0	0	0	0	0	0	0	0	0	0	0	0	0	0	
146752	Olfactory_R	0	0	0	144	850	2944	0	0	228	0	0	0	0	264	970	2132	0	0	0	218	7160	0	0	264	230	4560	476	7336	1136	2836	2856	4436	0	0	0	0	0	0	380	648	168	1250	0	0	0	0	0	0	0	0	0	0	0	0	0	208	0	0	0	0	0	0	0	0	0	0	0	0	0	0	8102	12854	5312	3462	1110	288	114	178	0	0	0	0	0	262	0	0	0	0	0	0	0	0	0	0	0	0	0	0	0	0	0	0	0	0	0	0	0	0	0	0	0	0	0	0	0	0	
422820	Frontal_Sup_Medial_L	622	490	48176	10004	5506	446	16606	1336	124	0	850	768	7076	1760	478	0	180	118	7746	2788	98	0	0	17984	3876	974	564	0	7548	1282	26098	19922	8354	13620	0	0	0	0	0	0	0	0	0	0	0	0	0	0	0	0	0	0	0	0	0	0	0	0	0	0	0	0	0	0	0	0	0	0	0	0	1810	938	2478	452	114	0	224	0	0	0	0	0	0	0	0	0	0	0	0	0	0	0	0	0	0	0	0	0	0	0	0	0	0	0	0	0	0	0	0	0	0	0	0	0	0	0	
315528	Frontal_Sup_Medial_R	0	136	2866	32492	0	4884	508	5644	0	0	0	2176	174	8638	0	536	0	0	1390	5078	0	264	17984	0	628	10106	0	662	192	6356	6272	27416	1308	18532	0	0	0	0	0	0	0	0	0	0	0	0	0	0	0	0	0	0	0	0	0	0	0	0	0	0	0	0	0	0	0	0	0	0	0	0	168	1494	150	1482	0	228	0	0	0	0	0	0	0	0	0	0	0	0	0	0	0	0	0	0	0	0	0	0	0	0	0	0	0	0	0	0	0	0	0	0	0	0	0	0	0	0	
78368	Frontal_Med_Orb_L	0	0	1366	0	8934	106	0	0	1624	0	0	0	312	0	826	0	0	0	0	0	1406	230	3876	628	0	1920	6204	610	520	0	7132	228	0	0	0	0	0	0	0	0	0	0	0	0	0	0	0	0	0	0	0	0	0	0	0	0	0	0	0	0	0	0	0	0	0	0	0	0	0	0	1518	292	1176	102	174	0	0	0	0	0	0	0	0	0	0	0	0	0	0	0	0	0	0	0	0	0	0	0	0	0	0	0	0	0	0	0	0	0	0	0	0	0	0	0	0	0	
147528	Frontal_Med_Orb_R	0	0	0	2178	328	9542	0	284	0	280	0	600	0	2882	232	2100	0	0	0	252	764	4560	974	10106	1920	0	1264	8820	0	4598	3448	9632	0	0	0	0	0	0	0	0	0	0	0	0	0	0	0	0	0	0	0	0	0	0	0	0	0	0	0	0	0	0	0	0	0	0	0	0	0	0	688	4736	286	3108	0	182	0	0	0	0	0	0	0	0	0	0	0	0	0	0	0	0	0	0	0	0	0	0	0	0	0	0	0	0	0	0	0	0	0	0	0	0	0	0	0	0	
78204	Rectus_L	0	0	0	0	8814	170	0	0	2810	0	0	0	0	0	2438	0	0	0	0	0	2630	476	564	0	6204	1264	0	1278	930	0	5178	354	0	0	0	0	0	0	0	0	98	0	0	0	0	0	0	0	0	0	0	0	0	0	0	0	0	0	0	0	0	0	0	0	0	0	0	0	0	0	3154	570	1800	254	116	0	0	0	0	0	0	0	0	0	0	0	0	0	0	0	0	0	0	0	0	0	0	0	0	0	0	0	0	0	0	0	0	0	0	0	0	0	0	0	0	0	
101588	Rectus_R	0	0	0	588	180	9548	0	208	0	392	0	0	0	778	144	4140	0	0	0	0	1298	7336	0	662	610	8820	1278	0	174	2146	1024	2362	0	0	0	0	0	0	0	0	0	124	0	0	0	0	0	0	0	0	0	0	0	0	0	0	0	0	0	0	0	0	0	0	0	0	0	0	0	0	792	5348	550	2292	0	0	0	0	0	0	0	0	0	0	0	0	0	0	0	0	0	0	0	0	0	0	0	0	0	0	0	0	0	0	0	0	0	0	0	0	0	0	0	0	0	0	
830620	Insula_L	6720	2978	32548	2460	12804	0	11696	2392	2620	0	19126	1460	27948	1786	15296	0	31280	198	18882	2796	4368	1136	7548	192	520	0	930	174	0	1742	18864	1836	1130	292	1254	1192	15472	1070	4546	0	4550	0	450	0	0	0	1288	0	0	0	3454	0	1242	0	11090	0	5464	0	0	0	388	0	5972	0	2238	0	1130	0	1114	0	11912	4042	33278	1066	2736	0	4036	1612	13478	0	17182	0	4394	0	14356	0	632	0	12784	0	166	0	0	0	0	0	0	0	0	0	0	0	0	0	0	0	0	0	0	0	0	0	0	0	0	0	
587872	Insula_R	7730	3100	4650	15930	0	5034	11226	8502	0	784	1680	26646	548	28322	0	9164	368	14538	2270	9836	410	2836	1282	6356	0	4598	0	2146	1742	0	3730	12804	288	1524	336	790	460	8516	202	2606	0	3342	0	864	0	516	166	374	0	604	0	584	0	1818	120	4844	198	446	0	0	0	0	0	330	0	0	0	1858	0	376	10734	19736	1260	21470	348	792	280	1614	0	2714	0	7202	0	2456	0	3106	0	344	0	4486	0	0	0	0	0	0	0	0	0	0	0	0	0	0	0	0	0	0	0	0	0	0	0	0	0	0	
548916	Cingulum_Ant_L	562	1088	17038	9332	6340	240	4544	4760	820	0	4938	1488	10324	3336	2200	0	1682	368	6948	7244	4946	2856	26098	6272	7132	3448	5178	1024	18864	3730	0	38838	12330	11558	0	0	330	0	194	0	152	0	0	0	0	0	0	0	0	0	0	0	0	0	284	0	258	0	0	0	0	0	0	0	0	0	0	0	0	0	12308	11304	13726	6374	1670	602	148	0	204	0	754	0	200	0	134	0	0	0	290	0	0	0	0	0	0	0	0	0	0	0	0	0	0	0	0	0	0	0	0	0	0	0	0	0	0	0	
592588	Cingulum_Ant_R	594	994	5464	28878	402	2856	1134	8884	0	0	596	5774	626	13208	310	548	100	690	4962	16020	1818	4436	19922	27416	228	9632	354	2362	1836	12804	38838	0	10352	32532	216	272	0	144	0	0	0	0	0	0	0	0	0	0	0	0	0	0	0	0	0	0	0	0	0	0	0	0	0	0	0	0	0	0	166	0	3486	20846	2062	12860	0	1574	0	98	0	0	0	0	0	0	0	0	0	0	0	0	0	0	0	0	0	0	0	0	0	0	0	0	0	0	0	0	0	0	0	0	0	0	0	0	0	0	
264788	Cingulum_Mid_L	1028	500	4928	4254	0	0	1018	526	0	0	376	170	796	298	0	0	296	0	13122	7918	0	0	8354	1308	0	0	0	0	1130	288	12330	10352	0	17942	4504	742	0	0	0	0	0	0	282	0	482	0	0	0	516	0	7492	0	138	0	228	0	3484	0	4968	0	4256	0	0	0	306	0	6786	1068	8450	740	264	0	132	0	0	0	0	0	0	0	0	0	0	0	424	0	0	0	198	0	0	0	0	0	0	0	0	0	0	0	0	0	0	0	0	0	0	0	0	0	0	0	0	0	0	0	
503560	Cingulum_Mid_R	4426	1744	6932	23022	0	148	812	3342	0	0	0	960	192	2258	0	0	0	524	13978	38642	0	0	13620	18532	0	0	0	0	292	1524	11558	32532	17942	0	1772	5676	0	534	0	0	0	0	0	1120	0	5162	0	442	0	5570	0	2486	0	122	0	0	464	2774	0	388	0	1718	0	290	0	2220	1416	12614	1206	10046	236	604	156	492	0	188	0	146	0	0	0	170	0	0	0	510	0	0	0	278	0	0	0	0	0	0	0	0	0	0	0	0	0	0	0	0	0	0	0	0	0	0	0	0	0	0	
209892	Cingulum_Post_L	5312	1772	2414	1432	0	0	1318	110	0	0	0	0	0	0	0	0	1622	380	2976	2968	0	0	0	0	0	0	0	0	1254	336	0	216	4504	1772	0	11178	8744	7022	2458	430	0	0	1890	0	524	0	3356	196	0	0	2474	0	528	0	1916	298	1050	250	652	0	258	122	610	280	0	180	6348	638	2750	1464	0	0	242	306	0	0	4640	6538	1382	0	1796	152	0	0	2702	1246	0	0	728	1212	0	0	0	0	0	0	0	0	0	0	0	0	0	0	0	0	0	0	0	0	0	0	0	0	0	0	
266204	Cingulum_Post_R	4276	4096	2502	2794	0	0	1754	210	0	0	0	0	0	0	0	0	712	846	2582	6790	0	0	0	0	0	0	0	0	1192	790	0	272	742	5676	11178	0	7504	12472	2728	2106	0	0	0	2432	0	1394	2298	1402	0	1680	0	1310	0	872	1050	1332	704	1382	0	0	0	160	498	458	0	470	1316	8368	334	5000	220	192	366	490	0	106	7886	10360	1228	446	1154	668	0	0	768	2396	0	0	0	2996	0	0	0	0	0	0	0	0	0	0	0	0	0	0	0	0	0	0	0	0	144	0	0	0	0	0	
522316	Hippocampus_L	5072	2808	6142	2158	264	0	1766	374	0	0	784	180	164	0	490	0	3706	382	5886	1682	784	0	0	0	0	0	0	0	15472	460	330	0	0	0	8744	7504	0	6802	33018	536	10880	0	3180	0	164	0	12786	696	0	0	1888	0	1412	0	30736	294	2038	148	0	0	132	144	2210	350	0	200	6662	432	164	0	1296	332	17374	412	2020	0	11254	8456	4046	0	6344	186	1096	0	8410	1520	106	0	15538	1348	466	0	0	0	0	0	170	0	180	0	0	0	0	0	0	0	0	0	0	580	0	0	0	0	0	0	
450984	Hippocampus_R	4114	2414	1962	5118	0	0	2204	582	0	0	0	582	0	164	0	0	696	2798	1908	5970	0	0	0	0	0	0	0	0	1070	8516	0	144	0	534	7022	12472	6802	0	2608	26190	0	12174	0	3186	0	548	2066	5228	0	632	0	362	0	3636	930	26850	514	722	0	0	0	238	464	1200	0	370	188	6812	188	668	184	1178	322	17000	0	1498	6142	10792	902	646	910	2170	0	550	518	6272	0	106	0	13262	0	254	0	0	0	0	0	1148	0	482	0	0	0	0	0	0	0	0	0	0	310	0	0	0	0	0	
280232	ParaHippocampal_L	1378	1202	1902	1300	168	0	380	0	0	0	228	0	0	0	342	0	652	140	1900	684	1270	380	0	0	0	0	0	0	4546	202	194	0	0	0	2458	2728	33018	2608	0	452	6520	0	1246	0	0	0	10888	868	104	0	1370	0	1442	0	23698	234	390	0	0	0	0	0	492	162	106	0	2730	282	0	0	952	288	6652	204	536	0	4952	4350	270	0	822	100	872	0	1736	824	578	0	5178	660	548	0	0	0	214	0	500	0	538	0	0	0	0	0	0	0	0	0	104	574	0	0	0	0	0	0	
208860	ParaHippocampal_R	0	138	0	976	0	0	0	0	0	0	0	188	0	0	0	0	0	266	0	1134	0	648	0	0	0	0	0	0	0	2606	0	0	0	0	430	2106	536	26190	452	0	0	10438	0	1726	0	0	314	5800	0	0	0	120	0	1298	132	22860	0	0	0	0	0	0	0	0	0	0	0	3398	0	0	0	420	0	6324	0	1202	338	1352	0	0	0	724	0	2052	0	840	0	464	0	3200	0	860	0	0	0	100	0	3188	0	1368	0	0	0	0	0	0	0	0	0	0	242	0	0	0	0	0	
80604	Amygdala_L	0	0	242	0	782	0	0	0	0	0	0	0	0	0	962	0	0	0	318	0	1460	168	0	0	0	0	98	0	4550	0	152	0	0	0	0	0	10880	0	6520	0	0	0	0	0	0	0	0	0	0	0	0	0	0	0	8636	0	0	0	0	0	0	0	0	0	0	0	0	0	0	0	672	124	1402	0	264	0	252	0	0	0	0	0	1198	0	0	0	256	0	1366	0	0	0	0	0	0	0	0	0	0	0	0	0	0	0	0	0	0	0	0	0	0	0	0	0	0	0	
89720	Amygdala_R	0	0	0	0	0	0	0	0	0	0	0	0	0	0	0	0	0	0	0	0	0	1250	0	0	0	0	0	124	0	3342	0	0	0	0	0	0	0	12174	0	10438	0	0	0	0	0	0	0	0	0	0	0	0	0	0	0	8998	0	0	0	0	0	0	0	0	0	0	0	0	0	0	0	134	0	2864	0	0	0	0	0	0	0	0	0	2748	0	0	0	398	0	2036	0	0	0	0	0	0	0	200	0	154	0	0	0	0	0	0	0	0	0	0	0	0	0	0	0	0	
250044	Calcarine_L	300	98	212	0	0	0	0	0	0	0	0	0	0	0	0	0	246	0	144	0	0	0	0	0	0	0	0	0	450	0	0	0	282	0	1890	0	3180	0	1246	0	0	0	0	4388	11266	3434	19758	2218	11030	1276	26238	170	6764	176	4840	546	120	0	0	0	0	0	0	0	116	0	11200	218	226	0	0	0	0	0	0	0	166	0	566	0	338	0	0	0	2738	0	0	0	1316	0	152	0	0	0	0	120	1378	854	1186	744	0	0	0	0	0	110	0	0	0	112	2104	754	0	208	144	0	
279324	Calcarine_R	0	1032	0	0	0	0	0	0	0	0	0	0	0	0	0	0	0	492	0	784	0	0	0	0	0	0	0	0	0	864	0	0	0	1120	0	2432	0	3186	0	1726	0	0	4388	0	2574	20256	2364	21568	348	16762	480	11946	0	10114	0	5748	0	392	0	0	0	0	0	0	0	148	558	17684	0	1198	0	0	0	0	0	0	0	0	0	0	0	0	0	0	0	1886	0	0	0	7584	0	0	0	0	0	0	0	110	406	212	0	0	0	0	0	0	0	0	0	0	158	848	294	0	0	0	
128856	Cuneus_L	0	0	0	0	0	0	0	0	0	0	0	0	0	0	0	0	0	0	0	0	0	0	0	0	0	0	0	0	0	0	0	0	482	0	524	0	164	0	0	0	0	0	11266	2574	0	4868	1542	386	14344	908	9862	186	2002	0	1954	0	0	0	1408	0	0	0	0	0	108	0	7232	716	426	0	0	0	0	0	0	0	0	0	104	0	132	0	0	0	2244	0	0	0	996	0	0	0	0	0	0	0	0	0	0	0	0	0	0	0	0	0	0	0	0	0	0	0	0	0	0	0	
296004	Cuneus_R	0	972	0	0	0	0	0	0	0	0	0	0	0	0	0	0	0	640	0	1168	0	0	0	0	0	0	0	0	0	516	0	0	0	5162	0	1394	0	548	0	0	0	0	3434	20256	4868	0	1276	8402	1074	33896	210	14610	0	3536	0	3318	0	1354	0	2038	0	2218	0	428	0	3280	3102	22868	0	1974	0	0	0	0	0	0	0	0	0	0	0	336	0	0	0	2478	0	0	0	1778	0	0	0	0	0	0	0	0	216	0	0	0	0	0	0	0	0	0	0	0	0	460	192	0	0	0	
484416	Lingual_L	1502	1000	1314	886	0	0	304	0	0	0	0	0	0	0	0	0	578	0	1270	524	0	0	0	0	0	0	0	0	1288	166	0	0	0	0	3356	2298	12786	2066	10888	314	0	0	19758	2364	1542	1276	0	9300	2886	1152	26026	316	13652	704	24618	2662	396	0	0	0	0	0	240	146	0	0	8678	366	270	0	174	108	540	156	0	0	5040	3458	646	0	390	0	0	0	2102	640	0	0	994	544	3440	766	218	544	0	774	12720	2658	18886	5372	0	0	0	0	474	578	184	0	392	1050	10428	9612	1134	620	544	130	
341028	Lingual_R	326	600	282	632	0	0	0	0	0	0	0	0	0	0	0	0	0	312	356	854	0	0	0	0	0	0	0	0	0	374	0	0	0	442	196	1402	696	5228	868	5800	0	0	2218	21568	386	8402	9300	0	0	8656	566	5256	112	8206	1964	20162	0	192	0	0	0	0	0	0	0	0	160	6946	0	364	144	0	208	634	0	0	708	1894	0	0	0	142	0	0	0	576	0	0	0	2474	1578	1830	242	364	106	344	2024	6404	6450	10348	0	0	0	114	176	432	110	0	0	440	6348	9856	2458	714	570	0	
168176	Occipital_Sup_L	172	0	0	0	0	0	0	0	0	0	0	0	0	0	0	0	0	0	0	0	0	0	0	0	0	0	0	0	0	0	0	0	516	0	0	0	0	0	104	0	0	0	11030	348	14344	1074	2886	0	0	0	22834	0	4218	0	3254	0	0	0	6420	0	852	0	0	0	262	0	10308	1068	322	0	0	0	0	0	0	0	0	0	0	0	0	0	0	0	3086	0	0	0	990	0	0	0	0	0	0	0	0	0	0	0	0	0	0	0	0	0	0	0	0	0	0	0	0	0	0	0	
342488	Occipital_Sup_R	0	2198	0	0	0	0	0	0	0	0	0	0	0	0	0	0	0	972	0	1808	0	0	0	0	0	0	0	0	0	604	0	0	0	5570	0	1680	0	632	0	0	0	0	1276	16762	908	33896	1152	8656	0	0	262	27738	0	4366	0	3802	0	3000	0	5008	0	3730	0	738	0	7306	1338	23034	0	3408	0	0	0	0	0	0	0	180	0	0	0	776	0	0	0	6818	0	0	0	3498	0	0	0	0	0	0	0	0	0	0	0	0	0	0	0	0	0	0	0	0	0	128	0	0	0	0	
594164	Occipital_Mid_L	4500	320	1730	0	0	0	176	0	0	0	238	0	0	0	0	0	1280	0	1524	0	0	0	0	0	0	0	0	0	3454	0	0	0	7492	0	2474	0	1888	0	1370	0	0	0	26238	480	9862	210	26026	566	22834	262	0	0	30542	0	22116	0	8560	0	12468	0	15970	0	944	0	16082	0	19010	574	9382	0	0	0	174	0	0	0	296	0	1428	0	1648	0	0	0	28054	0	0	0	10172	0	372	0	0	0	0	0	2574	106	2922	120	0	0	0	0	0	0	0	0	0	0	458	186	0	0	0	0	
262156	Occipital_Mid_R	0	1638	0	0	0	0	0	0	0	0	0	0	0	0	0	0	0	474	0	908	0	0	0	0	0	0	0	0	0	584	0	0	0	2486	0	1310	0	362	0	120	0	0	170	11946	186	14610	316	5256	0	27738	0	0	0	9766	0	3160	0	706	0	3020	0	3658	0	344	0	10732	464	12148	0	1772	0	0	0	0	0	0	0	0	0	0	0	324	0	0	0	10090	0	0	0	6790	0	0	0	0	0	0	0	0	0	0	0	0	0	0	0	0	0	0	0	0	0	0	0	0	0	0	
237928	Occipital_Inf_L	944	0	580	0	0	0	0	0	0	0	0	0	0	0	0	0	378	0	506	0	0	0	0	0	0	0	0	0	1242	0	0	0	138	0	528	0	1412	0	1442	0	0	0	6764	0	2002	0	13652	112	4218	0	30542	0	0	0	24092	0	328	0	0	0	0	0	162	0	122	0	2586	0	398	0	0	0	0	0	0	0	172	0	368	0	792	0	0	0	7878	0	0	0	6204	0	1562	0	0	0	0	0	3488	118	5126	258	0	0	0	0	0	0	0	0	0	0	566	284	0	0	0	0	
175872	Occipital_Inf_R	98	990	0	120	0	0	0	0	0	0	0	0	0	0	0	0	0	964	0	296	0	0	0	0	0	0	0	0	0	1818	0	0	0	122	0	872	0	3636	0	1298	0	0	176	10114	0	3536	704	8206	0	4366	0	9766	0	0	218	16224	0	0	0	0	0	0	0	114	0	0	0	5396	0	280	0	0	0	334	0	0	0	0	0	296	0	276	0	0	0	1292	0	0	0	11454	266	110	0	0	0	0	0	856	626	1730	0	0	0	0	0	0	0	0	0	0	600	782	0	0	0	0	
661404	Fusiform_L	2080	504	2456	440	0	0	240	0	0	0	540	0	166	0	146	0	1234	0	2194	324	396	0	0	0	0	0	0	0	11090	120	284	0	228	0	1916	1050	30736	930	23698	132	8636	0	4840	0	1954	0	24618	1964	3254	0	22116	0	24092	218	0	826	574	0	0	0	0	0	320	0	190	0	4588	102	506	0	466	138	6480	0	410	0	2220	1650	704	0	4808	0	4302	0	12236	298	2750	0	31480	210	18812	514	490	422	156	110	19020	790	33654	2102	0	0	0	0	0	194	0	0	0	272	2158	2988	732	226	208	0	
431612	Fusiform_R	142	670	0	1256	0	0	0	0	0	0	0	206	0	0	0	0	0	986	0	1408	0	208	0	0	0	0	0	0	0	4844	0	0	0	0	298	1332	294	26850	234	22860	0	8998	546	5748	0	3318	2662	20162	0	3802	0	3160	0	16224	826	0	0	0	0	0	0	0	0	248	0	0	0	2276	0	120	0	394	0	7368	0	788	230	720	0	322	0	2092	0	3940	0	2962	0	2010	0	15812	882	7814	0	132	0	380	338	11946	2338	17372	0	0	0	0	0	158	0	0	0	0	3536	3348	764	280	202	0	
321296	Postcentral_L	31580	3414	4126	3514	0	0	1782	320	0	0	7960	212	1086	122	0	0	8182	118	3182	1968	0	0	0	0	0	0	0	0	5464	198	258	0	3484	464	1050	704	2038	514	390	0	0	0	120	0	0	0	396	0	0	0	8560	0	328	0	574	0	0	478	7306	0	21214	0	10756	338	3052	0	2646	120	6312	248	438	182	1960	0	666	0	3184	548	3220	0	3508	0	0	0	1608	114	0	0	514	128	0	0	0	0	0	0	0	0	0	0	0	0	0	0	0	0	0	0	0	0	0	0	0	0	0	0	
138068	Postcentral_R	620	11246	140	572	0	0	140	196	0	0	0	1542	0	0	0	0	184	3196	162	2502	0	0	0	0	0	0	0	0	0	446	0	0	0	2774	250	1382	148	722	0	0	0	0	0	392	0	1354	0	192	0	3000	0	706	0	0	0	0	478	0	0	4232	0	3868	142	12304	0	756	136	5016	0	6398	120	438	0	636	0	0	138	1462	0	198	0	276	0	0	0	340	0	0	0	230	0	0	0	0	0	0	0	0	0	0	0	0	0	0	0	0	0	0	0	0	0	0	0	0	0	0	
116888	Parietal_Sup_L	0	0	0	0	0	0	0	0	0	0	0	0	0	0	0	0	0	0	0	0	0	0	0	0	0	0	0	0	0	0	0	0	4968	0	652	0	0	0	0	0	0	0	0	0	1408	0	0	0	6420	0	12468	0	0	0	0	0	7306	0	0	0	11592	0	0	0	798	0	9956	132	2744	0	0	0	0	0	0	0	0	0	0	0	0	0	0	0	0	0	0	0	0	0	0	0	0	0	0	0	0	0	0	0	0	0	0	0	0	0	0	0	0	0	0	0	0	0	0	0	
62736	Parietal_Sup_R	0	0	0	0	0	0	0	0	0	0	0	0	0	0	0	0	0	0	0	0	0	0	0	0	0	0	0	0	0	0	0	0	0	388	0	0	0	0	0	0	0	0	0	0	0	2038	0	0	0	5008	0	3020	0	0	0	0	0	4232	0	0	0	4486	0	0	0	5084	478	6490	0	144	0	0	0	0	0	0	0	0	0	0	0	0	0	0	0	0	0	0	0	0	0	0	0	0	0	0	0	0	0	0	0	0	0	0	0	0	0	0	0	0	0	0	0	0	0	0	
227860	Parietal_Inf_L	2682	344	252	0	0	0	0	0	0	0	0	0	0	0	0	0	888	0	264	110	0	0	0	0	0	0	0	0	388	0	0	0	4256	0	258	0	132	0	0	0	0	0	0	0	0	0	0	0	852	0	15970	0	0	0	0	0	21214	0	11592	0	0	0	15458	0	18128	0	2672	0	3988	112	0	0	106	0	0	0	438	0	102	0	1430	0	0	0	7096	0	0	0	5198	0	0	0	0	0	0	0	0	0	0	0	0	0	0	0	0	0	0	0	0	0	0	0	0	0	0	0	
99948	Parietal_Inf_R	0	804	0	0	0	0	0	0	0	0	0	0	0	0	0	0	0	700	0	0	0	0	0	0	0	0	0	0	0	0	0	0	0	1718	122	160	144	238	0	0	0	0	0	0	0	2218	0	0	0	3730	0	3658	0	0	0	0	0	3868	0	4486	0	0	0	7982	0	13358	0	3156	0	300	0	0	0	0	0	0	0	398	0	0	0	218	0	0	0	1474	0	0	0	1242	0	0	0	0	0	0	0	0	0	0	0	0	0	0	0	0	0	0	0	0	0	0	0	0	0	0	
197220	SupraMarginal_L	1482	410	750	0	0	0	210	0	0	0	794	0	0	0	0	0	9776	0	738	142	0	0	0	0	0	0	0	0	5972	0	0	0	0	0	610	498	2210	464	492	0	0	0	0	0	0	0	240	0	0	0	944	0	162	0	320	0	10756	142	0	0	15458	0	0	126	8202	0	154	0	554	0	0	0	2968	0	276	0	3412	510	1678	0	11442	0	0	0	10734	0	0	0	5882	0	0	0	0	0	0	0	0	0	0	0	0	0	0	0	0	0	0	0	0	102	0	0	0	0	0	0	
113400	SupraMarginal_R	300	2444	0	0	0	0	0	0	0	0	0	0	0	0	0	0	158	5836	0	438	0	0	0	0	0	0	0	0	0	330	0	0	0	290	280	458	350	1200	162	0	0	0	0	0	0	428	146	0	0	738	0	344	0	114	0	248	338	12304	0	0	0	7982	126	0	0	6896	0	676	0	386	0	304	0	406	0	0	292	1948	0	516	0	2736	0	0	0	4636	0	0	0	2890	0	0	0	0	0	0	0	0	0	0	0	0	0	0	0	0	0	0	0	0	0	0	0	0	0	0	
157048	Angular_L	1192	0	300	0	0	0	0	0	0	0	0	0	0	0	0	0	1140	0	288	0	0	0	0	0	0	0	0	0	2238	0	0	0	306	0	0	0	0	0	106	0	0	0	116	0	108	0	0	0	262	0	16082	0	122	0	190	0	3052	0	798	0	18128	0	8202	0	0	0	1118	0	4440	0	0	0	0	0	0	0	0	0	252	0	2304	0	0	0	11970	0	0	0	5810	0	0	0	0	0	0	0	0	0	0	0	0	0	0	0	0	0	0	0	0	0	0	0	0	0	0	0	
140604	Angular_R	0	378	0	0	0	0	0	0	0	0	0	0	0	0	0	0	0	152	0	298	0	0	0	0	0	0	0	0	0	0	0	0	0	2220	180	470	200	370	0	0	0	0	0	148	0	3280	0	0	0	7306	0	10732	0	0	0	0	0	756	0	5084	0	13358	0	6896	0	0	0	4206	0	566	0	0	0	0	0	0	148	294	0	0	0	2200	0	0	0	7934	0	0	0	3126	0	0	0	0	0	0	0	0	0	0	0	0	0	0	0	0	0	0	0	0	0	0	0	0	0	0	
283144	Precuneus_L	1066	372	740	168	0	0	102	0	0	0	0	0	0	0	0	0	666	0	1174	422	0	0	0	0	0	0	0	0	1130	0	0	0	6786	1416	6348	1316	6662	188	2730	0	0	0	11200	558	7232	3102	8678	160	10308	1338	19010	464	2586	0	4588	0	2646	136	9956	478	2672	0	154	0	1118	0	0	7626	6174	370	0	0	0	0	0	0	706	290	1390	0	530	0	0	0	4378	0	0	0	2108	0	0	0	0	0	0	0	180	0	150	0	0	0	0	0	0	0	0	0	0	0	0	0	0	0	0	0	
370640	Precuneus_R	370	3076	156	256	0	0	142	0	0	0	0	0	0	0	0	0	0	2118	178	3562	0	0	0	0	0	0	0	0	0	1858	0	0	1068	12614	638	8368	432	6812	282	3398	0	0	218	17684	716	22868	366	6946	1068	23034	574	12148	0	5396	102	2276	120	5016	132	6490	0	3156	0	676	0	4206	7626	0	0	6670	98	0	0	122	0	110	386	958	0	378	0	492	0	0	0	3108	0	0	0	6330	0	0	0	0	0	0	0	200	0	0	0	0	0	0	0	0	0	0	0	0	322	0	0	0	0	0	
168728	Paracentral_Lobule_L	9356	1624	4820	600	0	0	186	0	0	0	0	0	0	0	0	0	648	0	8808	1888	0	0	0	0	0	0	0	0	1114	0	0	166	8450	1206	2750	334	164	188	0	0	0	0	226	0	426	0	270	0	322	0	9382	0	398	0	506	0	6312	0	2744	0	3988	0	554	0	4440	0	6174	0	0	1100	0	0	0	0	0	0	1044	382	174	0	694	0	0	0	2272	0	0	0	654	0	0	0	0	0	0	0	0	0	0	0	0	0	0	0	0	0	0	0	0	0	0	0	0	0	0	0	
149472	Paracentral_Lobule_R	2362	9370	338	0	0	0	0	0	0	0	0	0	0	0	0	0	0	364	760	15564	0	0	0	0	0	0	0	0	0	376	0	0	740	10046	1464	5000	0	668	0	0	0	0	0	1198	0	1974	0	364	0	3408	0	1772	0	280	0	120	248	6398	0	144	112	300	0	386	0	566	370	6670	1100	0	0	0	0	0	0	0	0	154	0	0	0	438	0	0	0	826	0	0	0	856	0	0	0	0	0	0	0	0	0	0	0	0	0	0	0	0	0	0	0	0	0	0	0	0	0	0	
485668	Caudate_L	9654	5802	11638	4902	4132	0	11910	5148	814	0	4636	10706	2736	8552	3926	0	1444	158	10674	2482	11366	8102	1810	168	1518	688	3154	792	11912	10734	12308	3486	264	236	0	220	1296	184	952	0	672	0	0	0	0	0	174	144	0	0	0	0	0	0	466	0	438	120	0	0	0	0	0	0	0	0	0	98	0	0	0	16926	27678	5824	7706	1000	10332	1492	430	0	436	0	120	0	106	0	0	0	168	0	0	0	0	0	0	0	0	0	0	0	0	0	0	0	0	0	0	0	0	0	0	0	0	0	0	0	
542096	Caudate_R	1592	8728	2102	24032	912	2618	2616	5370	268	114	1684	10810	852	5396	912	1360	374	3752	1498	24306	5468	12854	938	1494	292	4736	570	5348	4042	19736	11304	20846	0	604	0	192	332	1178	288	420	124	134	0	0	0	0	108	0	0	0	0	0	0	0	138	394	182	438	0	0	0	0	0	304	0	0	0	0	0	0	16926	0	8580	25762	1620	5724	2470	17458	0	0	0	338	0	138	0	116	0	0	0	156	0	0	0	0	0	0	0	0	0	0	0	0	0	0	0	0	0	0	0	0	0	0	0	0	0	0	
526788	Putamen_L	3186	2854	20926	1664	6926	0	2094	1622	1704	0	3464	512	2978	432	7346	0	5792	254	17210	2042	7318	5312	2478	150	1176	286	1800	550	33278	1260	13726	2062	132	156	242	366	17374	322	6652	0	1402	0	0	0	0	0	540	208	0	0	174	0	0	0	6480	0	1960	0	0	0	106	0	2968	0	0	0	0	0	0	0	27678	8580	0	4680	13984	154	7394	794	1354	0	3486	0	562	0	686	0	0	0	4368	0	0	0	0	0	0	0	0	0	0	0	0	0	0	0	0	0	0	0	0	190	0	0	0	0	0	0	
397532	Putamen_R	136	2202	390	12432	522	1818	114	4142	154	200	0	3020	250	1718	484	1158	0	6756	378	12060	3000	3462	452	1482	102	3108	254	2292	1066	21470	6374	12860	0	492	306	490	412	17000	204	6324	0	2864	0	0	0	0	156	634	0	0	0	0	0	334	0	7368	0	636	0	0	0	0	0	406	0	0	0	122	0	0	5824	25762	4680	0	1028	7614	330	2578	0	448	0	1372	0	220	0	2352	0	0	0	4690	0	0	0	0	0	0	0	144	0	120	0	0	0	0	0	0	0	0	0	0	0	0	0	0	0	0	
120932	Pallidum_L	2278	1624	5184	922	816	0	1426	190	186	0	416	178	424	0	756	0	1188	0	5504	354	1080	1110	114	0	174	0	116	0	2736	348	1670	0	0	0	0	0	2020	0	536	0	264	0	0	0	0	0	0	0	0	0	0	0	0	0	410	0	666	0	0	0	0	0	276	0	0	0	0	0	0	0	7706	1620	13984	1028	0	0	2728	0	260	0	174	0	0	0	0	0	0	0	0	0	0	0	0	0	0	0	0	0	0	0	0	0	0	0	0	0	0	0	0	0	0	0	0	0	0	0	
59384	Pallidum_R	0	330	0	2280	0	0	0	428	0	0	0	332	0	198	0	0	0	1354	0	2316	0	288	0	228	0	182	0	0	0	792	602	1574	0	188	0	106	0	1498	0	1202	0	0	0	0	0	0	0	0	0	0	0	0	0	0	0	788	0	0	0	0	0	0	0	0	0	0	0	110	0	0	1000	5724	154	7614	0	0	0	124	0	280	0	0	0	0	0	0	0	0	0	0	0	0	0	0	0	0	0	0	0	0	0	0	0	0	0	0	0	0	0	0	0	0	0	0	0	0	
319424	Thalamus_L	9288	6620	10178	5246	0	0	1660	214	0	0	266	0	0	0	0	0	2350	206	15554	1886	146	114	224	0	0	0	0	0	4036	280	148	0	0	0	4640	7886	11254	6142	4952	338	252	0	166	0	0	0	5040	708	0	0	296	0	172	0	2220	230	3184	138	0	0	438	0	3412	292	0	148	706	386	1044	0	10332	2470	7394	330	2728	0	0	13854	1480	0	2512	170	0	0	1602	2174	0	0	726	1480	0	0	0	0	0	0	0	0	0	0	0	0	0	0	0	0	0	0	0	0	0	0	0	0	0	0	
344856	Thalamus_R	4724	11974	2518	16766	0	0	2460	514	0	0	0	290	0	0	0	0	758	2810	2390	20618	0	178	0	0	0	0	0	0	1612	1614	0	98	0	146	6538	10360	8456	10792	4350	1352	0	0	0	0	0	0	3458	1894	0	180	0	0	0	0	1650	720	548	1462	0	0	0	398	510	1948	0	294	290	958	382	154	1492	17458	794	2578	0	124	13854	0	1236	422	1260	656	0	0	820	3130	0	0	148	2292	0	0	0	0	0	0	0	0	0	0	0	0	0	0	0	0	0	0	0	0	0	0	0	0	0	0	
151736	Heschl_L	2254	294	2618	268	0	0	488	184	0	0	2122	0	378	0	0	0	10088	0	2484	434	0	0	0	0	0	0	0	0	13478	0	204	0	0	0	1382	1228	4046	902	270	0	0	0	566	0	104	0	646	0	0	0	1428	0	368	0	704	0	3220	0	0	0	102	0	1678	0	252	0	1390	0	174	0	430	0	1354	0	260	0	1480	1236	0	0	8634	0	328	0	6560	204	0	0	1488	140	0	0	0	0	0	0	0	0	0	0	0	0	0	0	0	0	0	0	0	0	0	0	0	0	0	0	
30592	Heschl_R	0	144	0	0	0	0	0	0	0	0	0	158	0	0	0	0	0	2726	0	0	0	0	0	0	0	0	0	0	0	2714	0	0	0	0	0	446	0	646	0	0	0	0	0	0	0	0	0	0	0	0	0	0	0	296	0	322	0	198	0	0	0	0	0	516	0	0	0	378	0	0	0	0	0	448	0	280	0	422	0	0	0	4074	0	286	0	772	0	0	0	470	0	0	0	0	0	0	0	0	0	0	0	0	0	0	0	0	0	0	0	0	0	0	0	0	0	0	
298616	Temporal_Sup_L	1808	306	2560	202	0	0	420	0	0	0	3516	0	1300	0	0	0	15804	0	1856	314	0	0	0	0	0	0	0	0	17182	0	754	0	0	0	1796	1154	6344	910	822	0	0	0	338	0	132	0	390	0	0	0	1648	0	792	0	4808	0	3508	0	0	0	1430	0	11442	0	2304	0	530	0	694	0	436	0	3486	0	174	0	2512	1260	8634	0	0	0	6392	0	28768	198	184	0	12054	146	0	0	0	0	0	0	0	0	0	0	0	0	0	0	0	0	0	0	0	0	0	0	0	0	0	0	
138776	Temporal_Sup_R	0	832	0	218	0	0	0	0	0	0	0	366	0	0	0	0	0	3224	0	560	0	0	0	0	0	0	0	0	0	7202	0	0	0	170	152	668	186	2170	100	724	0	0	0	0	0	336	0	142	0	776	0	324	0	276	0	2092	0	276	0	0	0	218	0	2736	0	2200	0	492	0	438	0	338	0	1372	0	0	170	656	0	4074	0	0	0	6990	0	18708	0	2700	0	7502	0	0	0	0	0	0	0	0	0	0	0	0	0	0	0	0	0	0	0	0	0	0	0	0	0	0	
114916	Temporal_Pole_Sup_L	0	0	1130	0	1532	0	858	0	944	0	580	0	1742	0	5788	0	2848	0	160	0	340	0	0	0	0	0	0	0	4394	0	200	0	0	0	0	0	1096	0	872	0	1198	0	0	0	0	0	0	0	0	0	0	0	0	0	4302	0	0	0	0	0	0	0	0	0	0	0	0	0	0	0	120	0	562	0	0	0	0	0	328	0	6392	0	0	0	7750	0	6266	0	8056	0	0	0	0	0	0	0	0	0	0	0	0	0	0	0	0	0	0	0	0	0	0	0	0	0	0	0	
78296	Temporal_Pole_Sup_R	0	0	0	0	0	104	0	0	0	0	0	232	0	0	0	392	0	452	0	0	0	262	0	0	0	0	0	0	0	2456	0	0	0	0	0	0	0	550	0	2052	0	2748	0	0	0	0	0	0	0	0	0	0	0	0	0	3940	0	0	0	0	0	0	0	0	0	0	0	0	0	0	0	138	0	220	0	0	0	0	0	286	0	6990	0	0	0	6054	0	6818	0	5454	0	0	0	0	0	0	0	0	0	0	0	0	0	0	0	0	0	0	0	0	0	0	0	0	0	0	
488356	Temporal_Mid_L	6636	524	3914	122	0	0	704	0	0	0	938	0	228	0	108	0	7434	0	3276	232	0	0	0	0	0	0	0	0	14356	0	134	0	424	0	2702	768	8410	518	1736	0	0	0	2738	0	2244	0	2102	0	3086	0	28054	0	7878	0	12236	0	1608	0	0	0	7096	0	10734	0	11970	0	4378	0	2272	0	106	0	686	0	0	0	1602	820	6560	0	28768	0	7750	0	0	0	4040	0	44082	0	204	0	0	0	0	0	0	0	0	0	0	0	0	0	0	0	0	0	0	0	0	0	0	0	0	0	
266304	Temporal_Mid_R	528	1616	502	478	0	0	0	0	0	0	0	0	0	0	0	0	0	1110	536	1018	0	0	0	0	0	0	0	0	0	3106	0	0	0	510	1246	2396	1520	6272	824	840	0	0	0	1886	0	2478	640	576	0	6818	0	10090	0	1292	298	2962	114	340	0	0	0	1474	0	4636	0	7934	0	3108	0	826	0	116	0	2352	0	0	2174	3130	204	772	198	18708	0	6054	0	0	0	4658	0	26812	0	0	0	0	0	0	0	0	0	0	0	0	0	0	0	0	0	0	0	0	0	0	0	0	0	0	
41460	Temporal_Pole_Mid_L	0	0	0	0	106	0	0	0	0	0	0	0	0	0	362	0	0	0	0	0	0	0	0	0	0	0	0	0	632	0	0	0	0	0	0	0	106	0	578	0	256	0	0	0	0	0	0	0	0	0	0	0	0	0	2750	0	0	0	0	0	0	0	0	0	0	0	0	0	0	0	0	0	0	0	0	0	0	0	0	0	184	0	6266	0	4040	0	0	0	5450	0	0	0	0	0	0	0	0	0	0	0	0	0	0	0	0	0	0	0	0	0	0	0	0	0	0	0	
42488	Temporal_Pole_Mid_R	0	0	0	0	0	0	0	0	0	0	0	0	0	0	0	0	0	0	0	0	0	0	0	0	0	0	0	0	0	344	0	0	0	0	0	0	0	106	0	464	0	398	0	0	0	0	0	0	0	0	0	0	0	0	0	2010	0	0	0	0	0	0	0	0	0	0	0	0	0	0	0	0	0	0	0	0	0	0	0	0	0	2700	0	6818	0	4658	0	0	0	3746	0	0	0	0	0	0	0	0	0	0	0	0	0	0	0	0	0	0	0	0	0	0	0	0	0	0	
405468	Temporal_Inf_L	2700	234	2464	0	0	0	230	0	0	0	650	0	192	0	194	0	2144	0	1758	102	0	0	0	0	0	0	0	0	12784	0	290	0	198	0	728	0	15538	0	5178	0	1366	0	1316	0	996	0	994	0	990	0	10172	0	6204	0	31480	0	514	0	0	0	5198	0	5882	0	5810	0	2108	0	654	0	168	0	4368	0	0	0	726	148	1488	0	12054	0	8056	0	44082	0	5450	0	0	0	3992	0	1032	0	0	0	118	0	1266	0	146	0	456	0	116	0	0	0	0	0	0	0	0	0	0	0	
315364	Temporal_Inf_R	414	1964	340	1056	0	0	0	0	0	0	0	0	0	0	0	106	0	1658	358	1626	0	0	0	0	0	0	0	0	0	4486	0	0	0	278	1212	2996	1348	13262	660	3200	0	2036	0	7584	0	1778	544	2474	0	3498	0	6790	0	11454	210	15812	128	230	0	0	0	1242	0	2890	0	3126	0	6330	0	856	0	156	0	4690	0	0	1480	2292	140	470	146	7502	0	5454	0	26812	0	3746	0	0	0	2100	0	0	0	0	0	108	0	480	0	0	0	160	0	0	0	0	0	0	0	0	0	0	0	0	
463148	Cerebelum_Crus1_L	0	0	0	0	0	0	0	0	0	0	0	0	0	0	0	0	0	0	0	0	0	0	0	0	0	0	0	0	166	0	0	0	0	0	0	0	466	0	548	0	0	0	152	0	0	0	3440	1578	0	0	372	0	1562	266	18812	882	0	0	0	0	0	0	0	0	0	0	0	0	0	0	0	0	0	0	0	0	0	0	0	0	0	0	0	0	204	0	0	0	3992	0	0	1974	35358	2618	1426	224	15252	416	55178	2500	17824	718	27360	1818	8840	2066	206	0	0	412	2410	6962	7138	4830	3604	0	
348520	Cerebelum_Crus1_R	0	0	0	0	0	0	0	0	0	0	0	0	0	0	0	0	0	0	0	0	0	0	0	0	0	0	0	0	0	0	0	0	0	0	0	0	0	254	0	860	0	0	0	0	0	0	766	1830	0	0	0	0	0	110	514	7814	0	0	0	0	0	0	0	0	0	0	0	0	0	0	0	0	0	0	0	0	0	0	0	0	0	0	0	0	0	0	0	0	0	2100	1974	0	2112	25466	0	2918	388	16566	1816	47478	796	7282	924	19898	162	5256	0	394	0	1010	1768	4168	9790	5828	4018	0	
388668	Cerebelum_Crus2_L	0	0	0	0	0	0	0	0	0	0	0	0	0	0	0	0	0	0	0	0	0	0	0	0	0	0	0	0	0	0	0	0	0	0	0	0	0	0	0	0	0	0	0	0	0	0	218	242	0	0	0	0	0	0	490	0	0	0	0	0	0	0	0	0	0	0	0	0	0	0	0	0	0	0	0	0	0	0	0	0	0	0	0	0	0	0	0	0	1032	0	35358	2112	0	14890	0	0	188	0	7370	696	39126	7868	37834	8914	9946	1980	0	0	0	0	0	868	14314	8200	2688	0	
335016	Cerebelum_Crus2_R	0	0	0	0	0	0	0	0	0	0	0	0	0	0	0	0	0	0	0	0	0	0	0	0	0	0	0	0	0	0	0	0	0	0	0	0	0	0	0	0	0	0	0	0	0	0	544	364	0	0	0	0	0	0	422	132	0	0	0	0	0	0	0	0	0	0	0	0	0	0	0	0	0	0	0	0	0	0	0	0	0	0	0	0	0	0	0	0	0	0	2618	25466	14890	0	0	0	112	0	1472	5638	4614	32206	2330	36282	408	9332	0	316	0	0	144	2360	17762	7168	2928	0	
29400	Cerebelum_3_L	0	0	0	0	0	0	0	0	0	0	0	0	0	0	0	0	0	0	0	0	0	0	0	0	0	0	0	0	0	0	0	0	0	0	0	0	0	0	214	0	0	0	0	0	0	0	0	106	0	0	0	0	0	0	156	0	0	0	0	0	0	0	0	0	0	0	0	0	0	0	0	0	0	0	0	0	0	0	0	0	0	0	0	0	0	0	0	0	0	0	1426	0	0	0	0	132	5522	108	1776	0	0	0	0	0	314	0	106	0	1248	2464	1020	108	0	0	0	0	
75448	Cerebelum_3_R	0	0	0	0	0	0	0	0	0	0	0	0	0	0	0	0	0	0	0	0	0	0	0	0	0	0	0	0	0	0	0	0	0	0	0	0	0	0	0	100	0	0	120	0	0	0	774	344	0	0	0	0	0	0	110	380	0	0	0	0	0	0	0	0	0	0	0	0	0	0	0	0	0	0	0	0	0	0	0	0	0	0	0	0	0	0	0	0	0	0	224	2918	0	0	132	0	3286	4900	864	5312	0	0	0	294	990	1050	574	0	1040	5356	4050	2746	0	952	968	240	
324640	Cerebelum_4_5_L	0	0	0	0	0	0	0	0	0	0	0	0	0	0	0	0	0	0	0	0	0	0	0	0	0	0	0	0	0	0	0	0	0	0	0	0	170	0	500	0	0	0	1378	0	0	0	12720	2024	0	0	2574	0	3488	0	19020	338	0	0	0	0	0	0	0	0	0	0	180	0	0	0	0	0	0	0	0	0	0	0	0	0	0	0	0	0	0	0	0	0	118	0	15252	388	188	112	5522	3286	0	3854	33662	3372	700	0	938	268	5352	2508	2140	282	2444	6078	19986	7208	130	1944	2688	1508	
205056	Cerebelum_4_5_R	0	0	0	0	0	0	0	0	0	0	0	0	0	0	0	0	0	0	0	0	0	0	0	0	0	0	0	0	0	0	0	0	0	0	0	0	0	1148	0	3188	0	200	854	110	0	0	2658	6404	0	0	106	0	118	856	790	11946	0	0	0	0	0	0	0	0	0	0	0	200	0	0	0	0	0	144	0	0	0	0	0	0	0	0	0	0	0	0	0	0	0	108	416	16566	0	0	108	4900	3854	0	2256	29286	0	0	0	336	186	374	0	0	238	2712	11010	890	0	290	276	0	
483620	Cerebelum_6_L	0	0	0	0	0	0	0	0	0	0	0	0	0	0	0	0	0	0	0	0	0	0	0	0	0	0	0	0	0	0	0	0	0	0	0	0	180	0	538	0	0	0	1186	406	0	216	18886	6450	0	0	2922	0	5126	626	33654	2338	0	0	0	0	0	0	0	0	0	0	150	0	0	0	0	0	0	0	0	0	0	0	0	0	0	0	0	0	0	0	0	0	1266	0	55178	1816	7370	1472	1776	864	33662	2256	0	6440	6488	0	8632	452	3446	1778	1004	114	382	1442	10318	13782	3858	2622	2476	238	
384596	Cerebelum_6_R	0	0	0	0	0	0	0	0	0	0	0	0	0	0	0	0	0	0	0	0	0	0	0	0	0	0	0	0	0	0	0	0	0	0	0	0	0	482	0	1368	0	154	744	212	0	0	5372	10348	0	0	120	0	258	1730	2102	17372	0	0	0	0	0	0	0	0	0	0	0	0	0	0	0	0	0	120	0	0	0	0	0	0	0	0	0	0	0	0	0	0	0	480	2500	47478	696	5638	0	5312	3372	29286	6440	0	158	1316	278	6826	182	3470	0	404	266	2648	10444	9400	7226	4746	3350	0	
308716	Cerebelum_7b_L	0	0	0	0	0	0	0	0	0	0	0	0	0	0	0	0	0	0	0	0	0	0	0	0	0	0	0	0	0	0	0	0	0	0	0	0	0	0	0	0	0	0	0	0	0	0	0	0	0	0	0	0	0	0	0	0	0	0	0	0	0	0	0	0	0	0	0	0	0	0	0	0	0	0	0	0	0	0	0	0	0	0	0	0	0	0	0	0	146	0	17824	796	39126	4614	0	0	700	0	6488	158	0	5380	41874	7116	9872	1568	732	0	0	0	534	254	6006	9348	1822	0	
212520	Cerebelum_7b_R	0	0	0	0	0	0	0	0	0	0	0	0	0	0	0	0	0	0	0	0	0	0	0	0	0	0	0	0	0	0	0	0	0	0	0	0	0	0	0	0	0	0	0	0	0	0	0	0	0	0	0	0	0	0	0	0	0	0	0	0	0	0	0	0	0	0	0	0	0	0	0	0	0	0	0	0	0	0	0	0	0	0	0	0	0	0	0	0	0	0	718	7282	7868	32206	0	0	0	0	0	1316	5380	0	2770	30482	0	4804	0	0	0	0	0	0	8124	5156	154	0	
349460	Cerebelum_8_L	0	0	0	0	0	0	0	0	0	0	0	0	0	0	0	0	0	0	0	0	0	0	0	0	0	0	0	0	0	0	0	0	0	0	0	0	0	0	0	0	0	0	0	0	0	0	0	0	0	0	0	0	0	0	0	0	0	0	0	0	0	0	0	0	0	0	0	0	0	0	0	0	0	0	0	0	0	0	0	0	0	0	0	0	0	0	0	0	456	0	27360	924	37834	2330	0	0	938	0	8632	278	41874	2770	0	5796	21928	3056	1218	0	0	98	618	538	4878	9526	3678	0	
324680	Cerebelum_8_R	0	0	0	0	0	0	0	0	0	0	0	0	0	0	0	0	0	0	0	0	0	0	0	0	0	0	0	0	0	0	0	0	0	0	0	0	0	0	0	0	0	0	0	0	0	0	0	114	0	0	0	0	0	0	0	0	0	0	0	0	0	0	0	0	0	0	0	0	0	0	0	0	0	0	0	0	0	0	0	0	0	0	0	0	0	0	0	0	0	160	1818	19898	8914	36282	0	294	268	336	452	6826	7116	30482	5796	0	1104	16136	0	432	0	302	514	412	11798	9814	2936	136	
172360	Cerebelum_9_L	0	0	0	0	0	0	0	0	0	0	0	0	0	0	0	0	0	0	0	0	0	0	0	0	0	0	0	0	0	0	0	0	0	0	0	0	0	0	0	0	0	0	0	0	0	0	474	176	0	0	0	0	0	0	0	0	0	0	0	0	0	0	0	0	0	0	0	0	0	0	0	0	0	0	0	0	0	0	0	0	0	0	0	0	0	0	0	0	116	0	8840	162	9946	408	314	990	5352	186	3446	182	9872	0	21928	1104	0	2408	3586	0	336	888	4444	2540	1896	2622	3046	918	
191680	Cerebelum_9_R	0	0	0	0	0	0	0	0	0	0	0	0	0	0	0	0	0	0	0	0	0	0	0	0	0	0	0	0	0	0	0	0	0	0	0	0	0	0	0	0	0	0	110	0	0	0	578	432	0	0	0	0	0	0	194	158	0	0	0	0	0	0	0	0	0	0	0	0	0	0	0	0	0	0	0	0	0	0	0	0	0	0	0	0	0	0	0	0	0	0	2066	5256	1980	9332	0	1050	2508	374	1778	3470	1568	4804	3056	16136	2408	0	132	1132	534	1186	3304	5386	6264	9704	9710	1230	
