data	data	517236	203724	934448	759348	159692	133400	488472	214520	68616	23136	333984	136688	276568	200836	132116	89736	359160	125100	766196	905888	112600	124276	317700	279648	35676	128408	61396	77360	647068	366916	331108	391132	210348	675032	230720	218720	303172	295908	181516	217964	63976	65976	306684	312468	282896	417012	280508	343424	228568	400596	591308	216556	265804	112292	561808	506632	318120	188732	183332	113228	308940	175932	155728	175916	149200	161452	319808	571408	202480	249572	277632	395000	344964	324736	71508	47824	110560	161096	91572	52220	274056	174708	172248	58464	487784	338452	46260	41876	463272	280508	556452	522264	308504	360184	65388	93496	288408	204672	481640	437168	265892	202044	371680	393248	142552	177748	24524	12524	22204	79912	217960	262448	290048	148696	131568	34220	
data	data	Precentral_L	Precentral_R	Frontal_Sup_L	Frontal_Sup_R	Frontal_Sup_Orb_L	Frontal_Sup_Orb_R	Frontal_Mid_L	Frontal_Mid_R	Frontal_Mid_Orb_L	Frontal_Mid_Orb_R	Frontal_Inf_Oper_L	Frontal_Inf_Oper_R	Frontal_Inf_Tri_L	Frontal_Inf_Tri_R	Frontal_Inf_Orb_L	Frontal_Inf_Orb_R	Rolandic_Oper_L	Rolandic_Oper_R	Supp_Motor_Area_L	Supp_Motor_Area_R	Olfactory_L	Olfactory_R	Frontal_Sup_Medial_L	Frontal_Sup_Medial_R	Frontal_Med_Orb_L	Frontal_Med_Orb_R	Rectus_L	Rectus_R	Insula_L	Insula_R	Cingulum_Ant_L	Cingulum_Ant_R	Cingulum_Mid_L	Cingulum_Mid_R	Cingulum_Post_L	Cingulum_Post_R	Hippocampus_L	Hippocampus_R	ParaHippocampal_L	ParaHippocampal_R	Amygdala_L	Amygdala_R	Calcarine_L	Calcarine_R	Cuneus_L	Cuneus_R	Lingual_L	Lingual_R	Occipital_Sup_L	Occipital_Sup_R	Occipital_Mid_L	Occipital_Mid_R	Occipital_Inf_L	Occipital_Inf_R	Fusiform_L	Fusiform_R	Postcentral_L	Postcentral_R	Parietal_Sup_L	Parietal_Sup_R	Parietal_Inf_L	Parietal_Inf_R	SupraMarginal_L	SupraMarginal_R	Angular_L	Angular_R	Precuneus_L	Precuneus_R	Paracentral_Lobule_L	Paracentral_Lobule_R	Caudate_L	Caudate_R	Putamen_L	Putamen_R	Pallidum_L	Pallidum_R	Thalamus_L	Thalamus_R	Heschl_L	Heschl_R	Temporal_Sup_L	Temporal_Sup_R	Temporal_Pole_Sup_L	Temporal_Pole_Sup_R	Temporal_Mid_L	Temporal_Mid_R	Temporal_Pole_Mid_L	Temporal_Pole_Mid_R	Temporal_Inf_L	Temporal_Inf_R	Cerebelum_Crus1_L	Cerebelum_Crus1_R	Cerebelum_Crus2_L	Cerebelum_Crus2_R	Cerebelum_3_L	Cerebelum_3_R	Cerebelum_4_5_L	Cerebelum_4_5_R	Cerebelum_6_L	Cerebelum_6_R	Cerebelum_7b_L	Cerebelum_7b_R	Cerebelum_8_L	Cerebelum_8_R	Cerebelum_9_L	Cerebelum_9_R	Cerebelum_10_L	Cerebelum_10_R	Vermis_1_2	Vermis_3	Vermis_4_5	Vermis_6	Vermis_7	Vermis_8	Vermis_9	Vermis_10	
517236	Precentral_L	0	3294	19438	510	0	0	13914	802	0	0	16758	0	3058	0	0	0	16358	1260	15128	6610	0	0	224	0	0	0	0	0	14280	0	396	284	1372	1894	3766	468	5518	0	1326	0	0	0	680	0	348	162	466	0	704	0	4926	0	3996	0	3792	0	32288	462	148	114	1656	152	924	408	190	0	1854	166	18730	1950	1620	7526	4512	0	3660	0	15804	4986	2852	116	4956	148	2992	0	3190	0	0	0	5264	0	218	0	0	0	0	0	0	0	0	0	0	0	0	0	0	0	0	0	0	0	0	0	0	0	0	0	
203724	Precentral_R	3294	0	596	6776	0	0	334	6070	0	0	246	3012	0	176	0	0	372	1228	196	4994	0	0	0	0	0	0	0	0	396	2304	0	112	0	2784	3434	2386	3372	6044	1552	2512	0	0	0	176	0	188	342	454	0	784	0	0	0	904	646	4744	664	7690	0	1810	0	3114	0	3642	0	292	104	2344	768	3950	198	570	0	1018	0	300	566	9584	0	270	0	608	0	0	0	1090	0	0	0	2342	0	262	0	0	0	0	0	0	0	248	0	0	0	0	0	0	0	0	0	0	0	0	0	0	0	0	
934448	Frontal_Sup_L	19438	596	0	9672	6386	0	63484	1136	1742	0	18132	1118	24474	1944	3526	258	14816	0	95124	16624	0	0	36584	114	704	0	0	0	34914	220	18892	1460	7590	7430	0	0	3958	0	260	0	0	0	0	0	0	0	0	0	0	0	158	0	0	0	1528	0	9144	136	0	0	134	0	272	0	0	0	0	0	2222	108	9494	4360	23334	0	8878	0	6280	108	964	0	3918	0	3392	0	502	0	0	0	1696	0	0	0	0	0	0	0	0	0	0	0	0	0	0	0	0	0	0	0	0	0	0	0	0	0	0	0	
759348	Frontal_Sup_R	510	6776	9672	0	0	5318	4836	26666	0	196	274	14110	0	12552	0	2004	202	12302	18134	78004	0	210	8076	32668	0	6816	0	230	434	19170	3618	28786	444	22726	622	554	602	5286	318	1916	0	120	0	0	0	0	0	0	0	0	0	0	0	0	160	1484	132	732	0	0	0	136	0	230	0	0	0	128	134	0	7366	13346	620	17298	0	4012	96	5042	0	1560	0	2346	0	480	0	0	0	0	0	220	0	0	0	0	0	0	0	0	0	0	0	0	0	0	0	0	0	0	0	0	0	0	0	0	0	0	
159692	Frontal_Sup_Orb_L	0	0	6386	0	0	0	2148	0	11308	0	1028	0	1956	0	13002	0	0	0	1426	0	2800	264	3918	0	4246	0	7546	0	11674	0	3458	0	0	0	0	0	0	0	0	0	162	0	0	0	0	0	0	0	0	0	0	0	0	0	0	0	0	0	0	0	0	0	0	0	0	0	0	0	0	0	1892	242	6262	0	0	0	0	0	0	0	0	0	128	0	0	0	0	0	0	0	0	0	0	0	0	0	0	0	0	0	0	0	0	0	0	0	0	0	0	0	0	0	0	0	0	0	
133400	Frontal_Sup_Orb_R	0	0	0	5318	0	0	0	372	0	2606	0	0	0	518	0	2730	0	0	0	3342	1186	3852	0	5282	0	9864	590	8202	0	1770	260	5366	0	162	0	0	0	0	0	0	0	0	0	0	0	0	0	0	0	0	0	0	0	0	0	0	0	0	0	0	0	0	0	0	0	0	0	0	0	0	1256	7422	1052	5550	0	0	0	0	0	0	0	0	0	0	0	0	0	0	0	0	0	0	0	0	0	0	0	0	0	0	0	0	0	0	0	0	0	0	0	0	0	0	0	0	0	0	
488472	Frontal_Mid_L	13914	334	63484	4836	2148	0	0	652	1674	0	18718	348	29938	818	5118	128	12026	0	14092	4668	0	0	17418	0	0	0	0	0	20566	114	6092	462	916	1280	0	0	1456	0	0	0	0	0	0	0	0	0	0	0	0	0	0	0	0	0	0	0	2478	0	0	0	0	0	0	0	0	0	0	0	320	114	4322	872	1724	0	450	0	2804	136	136	0	4186	0	5494	0	0	0	0	0	0	0	0	0	0	0	0	0	0	0	0	0	0	0	0	0	0	0	0	0	0	0	0	0	0	0	0	0	
214520	Frontal_Mid_R	802	6070	1136	26666	0	372	652	0	0	440	256	5950	0	17766	0	1238	274	554	2494	10246	0	0	398	4614	0	130	0	0	316	3976	710	3770	0	6590	96	96	0	926	0	454	0	0	0	0	0	0	0	0	0	0	0	0	0	0	0	538	188	0	0	178	0	242	0	276	0	0	0	0	0	134	2478	1562	146	3826	0	366	0	334	0	0	0	0	0	0	0	0	0	0	0	0	0	0	0	0	0	0	0	0	0	0	0	0	0	0	0	0	0	0	0	0	0	0	0	0	0	0	
68616	Frontal_Mid_Orb_L	0	0	1742	0	11308	0	1674	0	0	0	0	0	1968	0	9814	0	0	0	96	0	0	0	166	0	1138	0	2316	0	2186	0	182	0	0	0	0	0	0	0	0	0	0	0	0	0	0	0	0	0	0	0	0	0	0	0	0	0	0	0	0	0	0	0	0	0	0	0	0	0	0	0	130	0	1588	0	0	0	0	0	0	0	0	0	0	0	0	0	0	0	0	0	0	0	0	0	0	0	0	0	0	0	0	0	0	0	0	0	0	0	0	0	0	0	0	0	0	0	
23136	Frontal_Mid_Orb_R	0	0	0	196	0	2606	0	440	0	0	0	0	0	1136	0	3942	0	0	0	174	0	164	0	0	0	136	0	504	0	692	0	0	0	0	0	0	0	0	0	0	0	0	0	0	0	0	0	0	0	0	0	0	0	0	0	0	0	0	0	0	0	0	0	0	0	0	0	0	0	0	0	638	0	940	0	0	0	0	0	0	0	0	0	0	0	0	0	0	0	0	0	0	0	0	0	0	0	0	0	0	0	0	0	0	0	0	0	0	0	0	0	0	0	0	0	0	
333984	Frontal_Inf_Oper_L	16758	246	18132	274	1028	0	18718	256	0	0	0	0	15622	446	284	0	18576	0	8418	468	0	0	5190	0	162	0	0	0	26890	246	6176	492	0	332	0	0	808	0	0	0	0	0	0	0	0	0	0	0	0	0	0	0	0	0	162	0	6974	0	0	0	0	0	0	0	0	0	0	0	0	0	2314	216	1596	0	530	0	738	0	532	0	6678	0	7338	0	0	0	0	0	392	0	0	0	0	0	0	0	0	0	0	0	0	0	0	0	0	0	0	0	0	0	0	0	0	0	0	0	
136688	Frontal_Inf_Oper_R	0	3012	1118	14110	0	0	348	5950	0	0	0	0	0	10336	0	604	0	2758	1028	11262	0	0	0	344	0	0	0	0	0	10254	0	1126	0	1102	0	0	0	0	0	0	0	0	0	0	0	0	0	0	0	0	0	0	0	0	0	0	0	178	0	0	0	0	0	0	0	0	0	0	0	0	642	1722	0	1010	0	0	0	0	0	208	0	388	0	844	0	0	0	0	0	0	0	0	0	0	0	0	0	0	0	0	0	0	0	0	0	0	0	0	0	0	0	0	0	0	0	0	
276568	Frontal_Inf_Tri_L	3058	0	24474	0	1956	0	29938	0	1968	0	15622	0	0	124	8604	0	1368	0	10760	0	0	0	11460	0	140	0	0	0	18878	0	6348	100	678	124	0	0	170	0	0	0	0	0	0	0	0	0	0	0	0	0	0	0	0	0	0	0	764	0	0	0	0	0	0	0	0	0	0	0	0	0	608	0	342	0	0	0	178	0	0	0	348	0	274	0	0	0	0	0	0	0	0	0	0	0	0	0	0	0	0	0	0	0	0	0	0	0	0	0	0	0	0	0	0	0	0	0	
200836	Frontal_Inf_Tri_R	0	176	1944	12552	0	518	818	17766	0	1136	446	10336	124	0	0	6476	0	170	2996	10138	0	0	408	2096	0	206	0	0	460	11348	666	5382	0	5918	0	0	0	270	0	0	0	0	0	0	0	0	0	0	0	0	0	0	0	0	0	0	0	0	0	0	0	0	0	0	0	0	0	0	0	0	2030	2992	0	3046	0	0	0	0	0	0	0	0	0	0	0	0	0	0	0	0	0	0	0	0	0	0	0	0	0	0	0	0	0	0	0	0	0	0	0	0	0	0	0	0	0	0	
132116	Frontal_Inf_Orb_L	0	0	3526	0	13002	0	5118	0	9814	0	284	0	8604	0	0	0	0	0	316	0	2720	254	988	0	432	0	2960	0	9166	0	1000	0	332	0	0	0	288	0	178	0	416	0	0	0	0	0	0	0	0	0	0	0	0	0	134	0	0	0	0	0	0	0	0	0	0	0	0	0	0	0	1614	242	3996	0	0	0	0	0	0	0	0	0	674	0	0	0	0	0	0	0	0	0	0	0	0	0	0	0	0	0	0	0	0	0	0	0	0	0	0	0	0	0	0	0	0	0	
89736	Frontal_Inf_Orb_R	0	0	258	2004	0	2730	128	1238	0	3942	0	604	0	6476	0	0	0	0	136	930	274	1142	180	748	0	0	0	2244	0	11640	258	2066	0	446	0	0	0	0	0	0	0	0	0	0	0	0	0	0	0	0	0	0	0	0	0	0	0	0	0	0	0	0	0	0	0	0	0	0	0	0	552	2712	170	3708	0	0	0	118	0	0	0	0	0	164	0	0	0	0	0	0	0	0	0	0	0	0	0	0	0	0	0	0	0	0	0	0	0	0	0	0	0	0	0	0	0	0	
359160	Rolandic_Oper_L	16358	372	14816	202	0	0	12026	274	0	0	18576	0	1368	0	0	0	0	0	9876	1658	0	0	686	0	0	0	0	0	31126	0	1474	312	0	1104	232	100	1080	0	0	0	0	0	154	0	0	0	0	0	0	0	896	0	154	0	408	0	16058	0	398	0	2570	0	5352	0	168	0	162	0	112	0	266	978	1550	0	370	0	450	0	5626	0	16888	0	8288	0	3194	0	0	0	3898	0	0	0	0	0	0	0	0	0	0	0	0	0	0	0	0	0	0	0	0	0	0	0	0	0	0	0	
125100	Rolandic_Oper_R	1260	1228	0	12302	0	0	0	554	0	0	0	2758	0	170	0	0	0	0	0	11680	0	0	0	0	0	0	0	0	0	11964	0	0	0	416	0	0	0	174	0	0	0	0	0	0	0	0	0	0	0	202	0	0	0	0	0	98	408	2472	0	98	0	268	0	2786	0	200	0	370	0	148	0	0	0	1748	0	0	0	0	0	4066	0	5816	0	458	0	606	0	0	0	300	0	0	0	0	0	0	0	0	0	0	0	0	0	0	0	0	0	0	0	0	0	0	0	0	0	0	
766196	Supp_Motor_Area_L	15128	196	95124	18134	1426	0	14092	2494	96	0	8418	1028	10760	2996	316	136	9876	0	0	38524	0	0	8466	4580	0	0	0	0	19860	270	13262	6274	13550	32008	946	148	3276	0	270	0	0	0	0	0	0	0	0	0	0	0	118	0	0	0	1624	0	8228	0	0	0	124	0	272	0	0	0	224	0	4654	228	6824	4142	21356	280	6362	0	902	0	842	0	2130	0	906	0	488	0	0	0	1740	0	0	0	0	0	0	0	0	0	0	0	0	0	0	0	0	0	0	0	0	0	0	0	0	0	0	0	
905888	Supp_Motor_Area_R	6610	4994	16624	78004	0	3342	4668	10246	0	174	468	11262	0	10138	0	930	1658	11680	38524	0	0	130	1016	11970	0	2530	0	182	1494	16900	3574	14656	6928	59628	3612	6428	96	4852	0	1936	0	1028	160	398	114	246	0	462	0	0	0	0	0	226	0	2174	1018	3350	0	0	0	112	216	260	0	0	420	1714	6184	23628	7632	24230	3096	24920	0	5122	152	5416	142	1488	142	2246	0	534	0	0	0	0	0	642	0	114	0	0	0	0	0	0	0	104	0	0	0	0	0	0	0	0	0	0	0	0	0	0	0	0	
112600	Olfactory_L	0	0	0	0	2800	1186	0	0	0	0	0	0	0	0	2720	274	0	0	0	0	0	6708	0	0	558	464	3058	1536	4018	276	2880	1358	0	0	0	0	590	0	658	0	1020	0	0	0	0	0	0	0	0	0	0	0	0	0	392	0	0	0	0	0	0	0	0	0	0	0	0	0	0	0	10444	5242	6604	2514	136	218	0	0	0	0	0	0	646	0	0	0	0	0	0	0	0	0	0	0	0	0	0	0	0	0	0	0	0	0	0	0	0	0	0	0	0	0	0	0	0	0	
124276	Olfactory_R	0	0	0	210	264	3852	0	0	0	164	0	0	0	0	254	1142	0	0	0	130	6708	0	0	172	0	3972	388	6378	154	3200	1950	4240	0	0	0	0	0	508	0	332	0	940	0	0	0	0	0	0	0	0	0	0	0	0	0	128	0	0	0	0	0	0	0	0	0	0	0	0	0	0	7428	8530	6302	4238	220	226	0	0	0	0	0	0	0	108	0	0	0	0	0	0	0	0	0	0	0	0	0	0	0	0	0	0	0	0	0	0	0	0	0	0	0	0	0	0	0	0	
317700	Frontal_Sup_Medial_L	224	0	36584	8076	3918	0	17418	398	166	0	5190	0	11460	408	988	180	686	0	8466	1016	0	0	0	10924	1712	746	0	0	9244	198	18192	8620	1912	6668	0	0	0	0	0	0	0	0	0	0	0	0	0	0	0	0	0	0	0	0	0	0	0	0	0	0	0	0	0	0	0	0	0	0	0	0	1196	466	3506	0	0	0	0	0	0	0	138	0	150	0	0	0	0	0	0	0	0	0	0	0	0	0	0	0	0	0	0	0	0	0	0	0	0	0	0	0	0	0	0	0	0	0	
279648	Frontal_Sup_Medial_R	0	0	114	32668	0	5282	0	4614	0	0	0	344	0	2096	0	748	0	0	4580	11970	0	172	10924	0	204	10444	0	172	0	1708	3336	27046	0	13528	0	0	0	0	0	0	0	0	0	0	0	0	0	0	0	0	0	0	0	0	0	0	0	0	0	0	0	0	0	0	0	0	0	0	0	0	400	7202	0	2272	0	0	0	0	0	0	0	0	0	0	0	0	0	0	0	0	0	0	0	0	0	0	0	0	0	0	0	0	0	0	0	0	0	0	0	0	0	0	0	0	0	0	
35676	Frontal_Med_Orb_L	0	0	704	0	4246	0	0	0	1138	0	162	0	140	0	432	0	0	0	0	0	558	0	1712	204	0	512	2926	0	446	0	3354	116	0	0	0	0	0	0	0	0	0	0	0	0	0	0	0	0	0	0	0	0	0	0	0	0	0	0	0	0	0	0	0	0	0	0	0	0	0	0	636	0	552	0	0	0	0	0	0	0	0	0	0	0	0	0	0	0	0	0	0	0	0	0	0	0	0	0	0	0	0	0	0	0	0	0	0	0	0	0	0	0	0	0	0	0	
128408	Frontal_Med_Orb_R	0	0	0	6816	0	9864	0	130	0	136	0	0	0	206	0	0	0	0	0	2530	464	3972	746	10444	512	0	862	5264	0	366	1298	10892	0	790	0	0	0	0	0	0	0	0	0	0	0	0	0	0	0	0	0	0	0	0	0	0	0	0	0	0	0	0	0	0	0	0	0	0	0	0	484	5434	324	2670	0	0	0	0	0	0	0	0	0	0	0	0	0	0	0	0	0	0	0	0	0	0	0	0	0	0	0	0	0	0	0	0	0	0	0	0	0	0	0	0	0	0	
61396	Rectus_L	0	0	0	0	7546	590	0	0	2316	0	0	0	0	0	2960	0	0	0	0	0	3058	388	0	0	2926	862	0	996	1846	0	2844	184	0	0	0	0	0	0	0	0	0	0	0	0	0	0	0	0	0	0	0	0	0	0	0	0	0	0	0	0	0	0	0	0	0	0	0	0	0	0	2822	336	914	110	0	0	0	0	0	0	0	0	0	0	0	0	0	0	0	0	0	0	0	0	0	0	0	0	0	0	0	0	0	0	0	0	0	0	0	0	0	0	0	0	0	0	
77360	Rectus_R	0	0	0	230	0	8202	0	0	0	504	0	0	0	0	0	2244	0	0	0	182	1536	6378	0	172	0	5264	996	0	0	2188	420	1998	0	0	0	0	0	0	0	0	0	0	0	0	0	0	0	0	0	0	0	0	0	0	0	0	0	0	0	0	0	0	0	0	0	0	0	0	0	0	1398	3248	1254	2466	0	0	0	0	0	0	0	0	0	0	0	0	0	0	0	0	0	0	0	0	0	0	0	0	0	0	0	0	0	0	0	0	0	0	0	0	0	0	0	0	0	0	
647068	Insula_L	14280	396	34914	434	11674	0	20566	316	2186	0	26890	0	18878	460	9166	0	31126	0	19860	1494	4018	154	9244	0	446	0	1846	0	0	252	9648	460	0	866	750	364	9708	0	1170	0	1474	0	236	0	0	0	0	0	0	0	1158	0	376	0	5826	0	6296	0	384	0	1730	0	1394	0	142	0	260	0	230	130	4290	1290	16506	0	240	0	680	128	4942	0	15668	0	11368	0	6026	0	454	0	10740	0	0	0	0	0	0	0	0	0	0	0	0	0	0	0	0	0	0	0	0	0	0	0	0	0	0	0	
366916	Insula_R	0	2304	220	19170	0	1770	114	3976	0	692	246	10254	0	11348	0	11640	0	11964	270	16900	276	3200	198	1708	0	366	0	2188	252	0	378	3896	0	1854	120	156	102	4220	0	1658	0	1174	0	0	0	0	0	0	0	134	0	0	0	0	0	5080	0	346	0	166	0	520	0	1188	0	146	0	346	0	120	1112	4390	216	23506	0	130	0	500	0	5618	0	11752	0	3230	0	6112	0	534	0	5698	0	0	0	0	0	0	0	0	0	0	0	0	0	0	0	0	0	0	0	0	0	0	0	0	0	0	
331108	Cingulum_Ant_L	396	0	18892	3618	3458	260	6092	710	182	0	6176	0	6348	666	1000	258	1474	0	13262	3574	2880	1950	18192	3336	3354	1298	2844	420	9648	378	0	14892	6926	3924	0	0	0	0	0	0	0	0	0	0	0	0	0	0	0	0	0	0	0	0	0	0	96	0	0	0	0	0	0	0	0	0	0	0	0	0	11290	4900	10960	1136	0	0	0	0	0	0	390	0	374	0	0	0	0	0	0	0	0	0	0	0	0	0	0	0	0	0	0	0	0	0	0	0	0	0	0	0	0	0	0	0	0	0	
391132	Cingulum_Ant_R	284	112	1460	28786	0	5366	462	3770	0	0	492	1126	100	5382	0	2066	312	0	6274	14656	1358	4240	8620	27046	116	10892	184	1998	460	3896	14892	0	756	18186	0	0	0	112	0	0	0	0	0	0	0	0	0	0	0	0	0	0	0	0	0	0	334	0	0	0	0	0	0	0	0	0	0	0	0	0	6180	19214	2786	3420	0	0	0	0	0	0	116	0	112	0	0	0	0	0	0	0	0	0	0	0	0	0	0	0	0	0	0	0	0	0	0	0	0	0	0	0	0	0	0	0	0	0	
210348	Cingulum_Mid_L	1372	0	7590	444	0	0	916	0	0	0	0	0	678	0	332	0	0	0	13550	6928	0	0	1912	0	0	0	0	0	0	0	6926	756	0	13870	9168	3052	0	0	0	0	0	0	1424	270	5278	330	0	164	2730	0	1700	0	124	0	0	0	224	480	538	0	394	0	0	0	182	0	8372	2280	8206	3912	0	0	0	0	0	0	0	0	0	0	0	0	0	0	668	0	0	0	404	0	0	0	0	0	0	0	0	0	0	0	0	0	0	0	0	0	0	0	0	0	0	0	0	0	0	0	
675032	Cingulum_Mid_R	1894	2784	7430	22726	0	162	1280	6590	0	0	332	1102	124	5918	0	446	1104	416	32008	59628	0	0	6668	13528	0	790	0	0	866	1854	3924	18186	13870	0	3358	10794	0	928	0	386	0	458	0	3550	142	14704	0	2066	0	15100	0	2928	0	800	0	1166	462	3470	0	178	0	684	108	322	0	904	690	26736	2244	18898	886	3042	548	2850	0	300	0	220	112	0	0	750	0	0	0	9614	0	0	0	4488	0	0	0	0	0	0	0	0	0	0	0	0	0	0	0	0	0	0	0	0	0	0	0	0	0	0	
230720	Cingulum_Post_L	3766	3434	0	622	0	0	0	96	0	0	0	0	0	0	0	0	232	0	946	3612	0	0	0	0	0	0	0	0	750	120	0	0	9168	3358	0	14440	7330	5128	3924	1420	0	0	4924	0	4962	978	1884	142	1608	0	1270	0	1632	0	4448	1114	602	324	334	0	148	0	0	0	130	0	13216	2076	7752	2814	0	0	0	0	0	0	424	3772	500	0	0	0	0	0	424	0	0	0	1536	0	0	0	0	0	0	0	0	0	0	0	0	0	0	0	0	0	0	0	0	0	0	0	0	0	0	0	
218720	Cingulum_Post_R	468	2386	0	554	0	0	0	96	0	0	0	0	0	0	0	0	100	0	148	6428	0	0	0	0	0	0	0	0	364	156	0	0	3052	10794	14440	0	4812	7580	2400	3110	0	0	448	3618	608	2024	424	5152	304	304	194	392	246	720	1814	4368	168	1980	0	0	0	0	0	0	0	0	1978	12350	888	8010	0	0	0	0	0	0	126	2792	188	0	0	0	0	0	0	272	0	0	0	1304	0	260	0	0	0	0	0	0	0	278	0	0	0	0	0	0	0	0	0	0	1262	0	0	0	0	0	
303172	Hippocampus_L	5518	3372	3958	602	0	0	1456	0	0	0	808	0	170	0	288	0	1080	0	3276	96	590	0	0	0	0	0	0	0	9708	102	0	0	0	0	7330	4812	0	4324	21630	1164	10770	0	1010	0	0	0	3206	0	0	0	0	0	150	0	21332	734	1178	0	0	0	0	0	0	0	0	0	2338	380	0	0	164	198	6408	0	532	0	6808	5454	1402	0	1162	0	2536	0	948	0	752	0	12354	0	220	0	0	0	0	0	606	0	660	0	0	0	0	0	0	0	0	0	0	0	0	0	0	0	0	0	
295908	Hippocampus_R	0	6044	0	5286	0	0	0	926	0	0	0	0	0	270	0	0	0	174	0	4852	0	508	0	0	0	0	0	0	0	4220	0	112	0	928	5128	7580	4324	0	2166	28848	0	8196	130	470	0	0	752	4092	0	0	0	0	0	0	1072	26946	0	214	0	0	0	0	0	0	0	0	772	4286	0	866	180	348	0	12032	0	2212	162	5872	0	448	0	638	0	710	0	474	0	370	0	3142	0	262	0	0	0	0	0	672	0	414	0	0	0	0	0	0	0	0	0	0	856	0	0	0	0	0	
181516	ParaHippocampal_L	1326	1552	260	318	0	0	0	0	0	0	0	0	0	0	178	0	0	0	270	0	658	0	0	0	0	0	0	0	1170	0	0	0	0	0	3924	2400	21630	2166	0	484	6220	0	596	0	0	0	3664	0	0	0	0	0	320	0	18150	258	0	0	0	0	0	0	0	0	0	0	1642	0	0	0	0	0	598	0	0	0	3238	2648	106	0	0	0	1192	0	526	0	528	0	4990	0	1352	0	540	0	436	290	3416	0	2486	0	504	0	534	0	0	0	0	0	0	188	0	0	0	0	0	0	
217964	ParaHippocampal_R	0	2512	0	1916	0	0	0	454	0	0	0	0	0	0	0	0	0	0	0	1936	0	332	0	0	0	0	0	0	0	1658	0	0	0	386	1420	3110	1164	28848	484	0	0	7384	0	748	0	0	680	7134	0	0	0	0	0	0	218	25020	0	152	0	0	0	0	0	0	0	0	472	3830	0	400	0	188	0	4348	0	1574	0	2706	0	180	0	114	0	1604	0	0	0	2404	0	442	0	422	0	0	96	362	108	2570	0	928	0	0	0	0	0	114	0	0	0	0	564	0	0	0	0	0	
63976	Amygdala_L	0	0	0	0	162	0	0	0	0	0	0	0	0	0	416	0	0	0	0	0	1020	0	0	0	0	0	0	0	1474	0	0	0	0	0	0	0	10770	0	6220	0	0	0	0	0	0	0	0	0	0	0	0	0	0	0	6230	0	0	0	0	0	0	0	0	0	0	0	0	0	0	0	0	0	540	0	0	0	218	0	0	0	0	0	1850	0	464	0	636	0	1988	0	0	0	0	0	0	0	0	0	0	0	0	0	0	0	0	0	0	0	0	0	0	0	0	0	0	0	
65976	Amygdala_R	0	0	0	120	0	0	0	0	0	0	0	0	0	0	0	0	0	0	0	1028	0	940	0	0	0	0	0	0	0	1174	0	0	0	458	0	0	0	8196	0	7384	0	0	0	0	0	0	0	0	0	0	0	0	0	0	0	5790	0	0	0	0	0	0	0	0	0	0	0	0	0	0	0	210	0	3028	0	152	0	0	0	0	0	0	0	2198	0	0	0	1936	0	374	0	0	0	0	0	0	0	0	0	0	0	0	0	0	0	0	0	0	0	0	0	0	0	0	0	0	
306684	Calcarine_L	680	0	0	0	0	0	0	0	0	0	0	0	0	0	0	0	154	0	0	160	0	0	0	0	0	0	0	0	236	0	0	0	1424	0	4924	448	1010	130	596	0	0	0	0	8612	21752	6780	14584	3170	10614	4308	25974	1164	8392	124	7042	708	796	0	100	0	104	0	0	0	160	0	15856	1932	2818	168	0	0	0	0	0	0	106	0	606	0	0	0	0	0	4330	0	0	0	2986	0	394	0	0	0	0	0	0	0	0	0	0	0	0	0	0	0	0	0	0	0	0	0	0	0	0	0	
312468	Calcarine_R	0	176	0	0	0	0	0	0	0	0	0	0	0	0	0	0	0	0	0	398	0	0	0	0	0	0	0	0	0	0	0	0	270	3550	0	3618	0	470	0	748	0	0	8612	0	8552	22376	1164	22400	170	16440	206	11034	0	8706	0	8050	0	2758	0	0	0	0	0	0	0	368	2936	22834	194	3570	0	0	0	0	0	0	0	0	0	0	0	0	0	0	0	1430	0	0	0	4514	0	0	0	0	0	0	0	112	0	358	0	0	0	0	0	0	0	0	0	0	220	0	0	0	0	0	
282896	Cuneus_L	348	0	0	0	0	0	0	0	0	0	0	0	0	0	0	0	0	0	0	114	0	0	0	0	0	0	0	0	0	0	0	0	5278	142	4962	608	0	0	0	0	0	0	21752	8552	0	13152	1798	1024	25156	6550	15674	1304	812	0	530	304	750	0	2282	0	808	0	0	0	594	0	19522	4198	3386	126	0	0	0	0	0	0	0	0	0	0	0	0	0	0	1352	0	0	0	370	0	0	0	0	0	0	0	0	0	0	0	0	0	0	0	0	0	0	0	0	0	0	0	0	0	0	0	
417012	Cuneus_R	162	188	0	0	0	0	0	0	0	0	0	0	0	0	0	0	0	0	0	246	0	0	0	0	0	0	0	0	0	0	0	0	330	14704	978	2024	0	0	0	0	0	0	6780	22376	13152	0	290	2974	596	44996	256	12046	0	784	0	1004	0	1958	0	2746	0	1346	0	178	0	3214	9934	45042	246	2322	0	0	0	0	0	0	0	0	0	0	0	1006	0	0	0	12234	0	0	0	4284	0	0	0	0	0	0	0	0	0	110	0	0	0	0	0	0	0	0	0	0	0	0	0	0	0	0	
280508	Lingual_L	466	342	0	0	0	0	0	0	0	0	0	0	0	0	0	0	0	0	0	0	0	0	0	0	0	0	0	0	0	0	0	0	0	0	1884	424	3206	752	3664	680	0	0	14584	1164	1798	290	0	3280	1254	102	12058	0	8850	100	17868	1632	112	0	0	0	0	0	0	0	0	0	6500	272	500	0	0	0	0	0	0	0	650	860	190	0	0	0	0	0	694	0	0	0	1052	0	8088	3046	534	752	374	368	10426	2270	12604	3636	116	350	186	536	314	162	0	0	0	244	5956	3530	1100	0	194	240	
343424	Lingual_R	0	454	0	0	0	0	0	0	0	0	0	0	0	0	0	0	0	0	0	462	0	0	0	0	0	0	0	0	0	0	0	0	164	2066	142	5152	0	4092	0	7134	0	0	3170	22400	1024	2974	3280	0	0	3604	98	4848	0	8664	340	30384	0	1090	0	0	0	0	0	0	0	0	354	14016	146	2026	0	0	0	0	0	0	0	394	0	0	0	0	0	0	0	380	0	0	0	3380	990	10166	0	288	150	896	1164	8536	2056	13454	0	0	0	214	0	112	0	0	0	128	6234	4494	592	0	0	0	
228568	Occipital_Sup_L	704	0	0	0	0	0	0	0	0	0	0	0	0	0	0	0	0	0	0	0	0	0	0	0	0	0	0	0	0	0	0	0	2730	0	1608	304	0	0	0	0	0	0	10614	170	25156	596	1254	0	0	106	30466	0	1244	0	480	0	1640	0	12860	0	4968	0	0	0	1776	0	12082	938	1542	0	0	0	0	0	0	0	0	0	0	0	134	0	0	0	2202	0	0	0	710	0	0	0	0	0	0	0	0	0	0	0	0	0	0	0	0	0	0	0	0	0	0	0	0	0	0	0	
400596	Occipital_Sup_R	0	784	0	0	0	0	0	0	0	0	0	0	0	0	0	0	0	202	0	0	0	0	0	0	0	0	0	0	0	134	0	0	0	15100	0	304	0	0	0	0	0	0	4308	16440	6550	44996	102	3604	106	0	114	23890	0	924	0	1446	0	1602	0	3698	0	3072	0	330	0	8546	2922	35874	0	2994	0	0	0	0	0	0	0	0	0	0	0	1180	0	0	0	14962	0	0	0	5912	0	0	0	0	0	0	0	0	0	202	0	0	0	0	0	0	0	0	0	0	0	0	0	0	0	0	
591308	Occipital_Mid_L	4926	0	158	0	0	0	0	0	0	0	0	0	0	0	0	0	896	0	118	0	0	0	0	0	0	0	0	0	1158	0	0	0	1700	0	1270	194	0	0	0	0	0	0	25974	206	15674	256	12058	98	30466	114	0	0	34542	0	22130	0	4370	0	21534	0	21550	0	1560	0	21578	0	10350	144	5288	0	0	106	0	0	0	0	0	0	966	0	1242	0	0	0	37836	0	0	0	14896	0	2296	0	0	0	0	0	0	0	0	0	0	0	0	0	0	0	0	0	0	0	0	0	0	0	0	0	
216556	Occipital_Mid_R	0	0	0	0	0	0	0	0	0	0	0	0	0	0	0	0	0	0	0	0	0	0	0	0	0	0	0	0	0	0	0	0	0	2928	0	392	0	0	0	0	0	0	1164	11034	1304	12046	0	4848	0	23890	0	0	0	3400	0	2754	0	1674	0	1802	0	3670	0	0	0	14554	728	9430	0	1878	0	0	0	0	0	0	0	0	0	0	0	146	0	0	0	9748	0	0	0	700	0	0	0	0	0	0	0	0	0	188	0	0	0	0	0	0	0	0	0	0	0	0	0	0	0	0	
265804	Occipital_Inf_L	3996	0	0	0	0	0	0	0	0	0	0	0	0	0	0	0	154	0	0	0	0	0	0	0	0	0	0	0	376	0	0	0	124	0	1632	246	150	0	320	0	0	0	8392	0	812	0	8850	0	1244	0	34542	0	0	0	26074	0	1020	0	688	0	1482	0	894	0	3812	0	2488	0	2330	0	0	0	0	0	0	0	0	0	740	0	574	0	0	0	16392	0	0	0	12174	0	2802	0	0	0	0	0	140	0	454	0	0	0	0	0	0	0	0	0	0	0	0	0	0	0	0	0	
112292	Occipital_Inf_R	0	904	0	0	0	0	0	0	0	0	0	0	0	0	0	0	0	0	0	226	0	0	0	0	0	0	0	0	0	0	0	0	0	800	0	720	0	0	0	0	0	0	124	8706	0	784	100	8664	0	924	0	3400	0	0	0	10424	0	1430	0	0	0	236	0	0	0	208	0	4410	0	1520	0	0	0	0	0	0	0	0	0	0	0	0	0	0	0	2406	0	0	0	9246	0	222	0	0	0	0	0	0	0	412	0	0	0	0	0	0	0	0	0	0	0	280	0	0	0	0	
561808	Fusiform_L	3792	646	1528	160	0	0	0	0	0	0	162	0	0	0	134	0	408	0	1624	0	392	0	0	0	0	0	0	0	5826	0	0	0	0	0	4448	1814	21332	1072	18150	218	6230	0	7042	0	530	0	17868	340	480	0	22130	0	26074	0	0	424	796	0	420	0	892	0	686	0	1774	0	2726	0	1768	0	0	0	2208	0	0	0	976	1144	1992	0	1964	0	4970	0	13024	0	2494	0	26802	0	20280	726	3676	306	736	118	13172	208	23284	768	1990	172	3756	270	862	0	0	0	0	144	1252	1304	420	0	0	0	
506632	Fusiform_R	0	4744	0	1484	0	0	0	538	0	0	0	0	0	0	0	0	0	98	0	2174	0	128	0	0	0	0	0	0	0	5080	0	0	0	1166	1114	4368	734	26946	258	25020	0	5790	708	8050	304	1004	1632	30384	0	1446	0	2754	0	10424	424	0	0	934	0	0	0	184	0	192	0	202	348	6770	0	1762	190	158	0	4518	0	1164	0	2104	0	550	0	1428	0	3412	0	3126	0	3060	0	19126	798	18078	0	550	0	1258	596	10448	1582	23686	0	186	0	1270	0	454	0	146	0	150	3110	3754	786	200	264	0	
318120	Postcentral_L	32288	664	9144	132	0	0	2478	188	0	0	6974	0	764	0	0	0	16058	408	8228	1018	0	0	0	0	0	0	0	0	6296	0	96	334	224	462	602	168	1178	0	0	0	0	0	796	0	750	0	112	0	1640	0	4370	0	1020	0	796	0	0	96	6340	0	17996	0	12108	0	682	0	3068	0	4066	124	112	2726	716	0	360	0	400	170	2466	0	6006	0	154	0	2042	0	0	0	2240	0	0	0	0	0	0	0	0	0	0	0	0	0	0	0	0	0	0	0	0	0	0	0	0	0	0	0	
188732	Postcentral_R	462	7690	136	732	0	0	0	0	0	0	0	178	0	0	0	0	0	2472	0	3350	0	0	0	0	0	0	0	0	0	346	0	0	480	3470	324	1980	0	214	0	152	0	0	0	2758	0	1958	0	1090	0	1602	0	1674	0	1430	0	934	96	0	0	8162	0	9798	0	14526	0	1036	0	9796	0	12282	0	0	0	0	0	0	0	0	0	156	0	1042	0	0	0	2318	0	0	0	1722	0	0	0	0	0	0	0	0	0	0	0	0	0	0	0	0	0	0	0	0	0	0	0	0	0	0	
183332	Parietal_Sup_L	148	0	0	0	0	0	0	0	0	0	0	0	0	0	0	0	398	0	0	0	0	0	0	0	0	0	0	0	384	0	0	0	538	0	334	0	0	0	0	0	0	0	100	0	2282	0	0	0	12860	0	21534	0	688	0	420	0	6340	0	0	0	21530	0	140	0	4326	0	7934	0	1310	0	0	0	0	0	0	0	0	0	414	0	368	0	0	0	5530	0	0	0	4088	0	0	0	0	0	0	0	0	0	0	0	0	0	0	0	0	0	0	0	0	0	0	0	0	0	0	0	
113228	Parietal_Sup_R	114	1810	0	0	0	0	0	178	0	0	0	0	0	0	0	0	0	98	0	0	0	0	0	0	0	0	0	0	0	166	0	0	0	178	0	0	0	0	0	0	0	0	0	0	0	2746	0	0	0	3698	0	1802	0	0	0	0	0	8162	0	0	0	12468	0	10070	0	4652	1182	7730	0	122	0	0	0	0	0	0	0	0	0	0	0	382	0	0	0	678	0	0	0	378	0	0	0	0	0	0	0	0	0	0	0	0	0	0	0	0	0	0	0	0	0	0	0	0	0	0	
308940	Parietal_Inf_L	1656	0	134	0	0	0	0	0	0	0	0	0	0	0	0	0	2570	0	124	0	0	0	0	0	0	0	0	0	1730	0	0	0	394	0	148	0	0	0	0	0	0	0	104	0	808	0	0	0	4968	0	21550	0	1482	0	892	0	17996	0	21530	0	0	0	22576	0	17124	0	2620	0	2264	0	0	0	0	0	0	0	0	0	1300	0	4498	0	0	0	17380	0	0	0	10622	0	0	0	0	0	0	0	0	0	0	0	0	0	0	0	0	0	0	0	0	0	0	0	0	0	0	0	
175932	Parietal_Inf_R	152	3114	0	136	0	0	0	242	0	0	0	0	0	0	0	0	0	268	0	112	0	0	0	0	0	0	0	0	0	520	0	0	0	684	0	0	0	0	0	0	0	0	0	0	0	1346	0	0	0	3072	0	3670	0	236	0	184	0	9798	0	12468	0	0	0	24800	0	15302	0	2828	0	456	0	0	0	0	0	0	0	0	0	130	0	1936	0	0	0	4914	0	0	0	1598	0	0	0	0	0	0	0	0	0	0	0	0	0	0	0	0	0	0	0	0	0	0	0	0	0	0	
155728	SupraMarginal_L	924	0	272	0	0	0	0	0	0	0	0	0	0	0	0	0	5352	0	272	216	0	0	0	0	0	0	0	0	1394	0	0	0	0	108	0	0	0	0	0	0	0	0	0	0	0	0	0	0	0	0	1560	0	894	0	686	0	12108	0	140	0	22576	0	0	0	4974	0	0	0	0	0	0	304	0	0	0	0	0	0	1128	0	8866	0	0	0	11164	0	0	0	4926	0	0	0	0	0	0	0	0	0	0	0	0	0	0	0	0	0	0	0	0	0	0	0	0	0	0	0	
175916	SupraMarginal_R	408	3642	0	230	0	0	0	276	0	0	0	0	0	0	0	0	0	2786	0	260	0	0	0	0	0	0	0	0	0	1188	0	0	0	322	0	0	0	0	0	0	0	0	0	0	0	178	0	0	0	330	0	0	0	0	0	192	0	14526	0	10070	0	24800	0	0	0	9920	0	542	0	260	0	0	0	0	0	0	0	0	0	224	0	8464	0	0	0	5838	0	0	0	3502	0	0	0	0	0	0	0	0	0	0	0	0	0	0	0	0	0	0	0	0	0	0	0	0	0	0	
149200	Angular_L	190	0	0	0	0	0	0	0	0	0	0	0	0	0	0	0	168	0	0	0	0	0	0	0	0	0	0	0	142	0	0	0	182	0	130	0	0	0	0	0	0	0	160	0	594	0	0	0	1776	0	21578	0	3812	0	1774	0	682	0	4326	0	17124	0	4974	0	0	0	400	0	308	0	0	0	0	0	0	0	0	0	212	0	1324	0	0	0	12422	0	0	0	2070	0	252	0	0	0	0	0	0	0	0	0	0	0	0	0	0	0	0	0	0	0	0	0	0	0	0	0	
161452	Angular_R	0	292	0	0	0	0	0	0	0	0	0	0	0	0	0	0	0	200	0	0	0	0	0	0	0	0	0	0	0	146	0	0	0	904	0	0	0	0	0	0	0	0	0	368	0	3214	0	0	0	8546	0	14554	0	208	0	202	0	1036	0	4652	0	15302	0	9920	0	0	0	3662	0	372	0	0	0	0	0	0	0	0	0	0	0	5222	0	0	0	10702	0	0	0	1224	0	0	0	0	0	0	0	0	0	0	0	0	0	0	0	0	0	0	0	0	0	0	0	0	0	0	
319808	Precuneus_L	1854	104	0	0	0	0	0	0	0	0	0	0	0	0	0	0	162	0	224	420	0	0	0	0	0	0	0	0	260	0	0	0	8372	690	13216	1978	2338	772	1642	472	0	0	15856	2936	19522	9934	6500	354	12082	2922	10350	728	2488	0	2726	348	3068	0	7934	1182	2620	0	0	0	400	0	0	12434	7162	536	0	0	0	0	0	0	434	176	574	0	0	0	0	0	1298	0	0	0	2714	0	122	0	0	0	0	0	0	0	0	0	0	0	0	0	0	0	0	0	0	0	0	0	0	0	0	0	
571408	Precuneus_R	166	2344	0	128	0	0	0	0	0	0	0	0	0	0	0	0	0	370	0	1714	0	0	0	0	0	0	0	0	0	346	0	0	2280	26736	2076	12350	380	4286	0	3830	0	0	1932	22834	4198	45042	272	14016	938	35874	144	9430	0	4410	0	6770	0	9796	0	7730	0	2828	0	542	0	3662	12434	0	692	14018	0	0	0	0	0	0	0	148	0	0	0	1298	0	0	0	17178	0	0	0	10362	0	182	0	0	0	0	0	488	0	246	0	0	0	0	0	0	0	0	0	0	1234	0	0	0	0	0	
202480	Paracentral_Lobule_L	18730	768	2222	134	0	0	320	0	0	0	0	0	0	0	0	0	112	0	4654	6184	0	0	0	0	0	0	0	0	230	0	0	0	8206	2244	7752	888	0	0	0	0	0	0	2818	194	3386	246	500	146	1542	0	5288	0	2330	0	1768	0	4066	0	1310	0	2264	0	0	0	308	0	7162	692	0	3476	204	1942	136	0	730	0	648	2416	268	0	142	0	0	0	2690	0	0	0	1912	0	212	0	0	0	0	0	0	0	0	0	0	0	0	0	0	0	0	0	0	0	0	0	0	0	0	0	
249572	Paracentral_Lobule_R	1950	3950	108	0	0	0	114	134	0	0	0	0	0	0	0	0	0	148	228	23628	0	0	0	0	0	0	0	0	130	120	0	0	3912	18898	2814	8010	0	866	0	400	0	0	168	3570	126	2322	0	2026	0	2994	0	1878	0	1520	0	1762	124	12282	0	122	0	456	0	260	0	372	536	14018	3476	0	0	3348	0	0	0	0	0	3620	0	0	0	148	0	0	0	1958	0	0	0	2044	0	128	0	0	0	0	0	0	0	118	0	0	0	0	0	0	0	0	0	0	0	0	0	0	0	0	
277632	Caudate_L	1620	198	9494	7366	1892	1256	4322	2478	130	0	2314	642	608	2030	1614	552	266	0	6824	7632	10444	7428	1196	400	636	484	2822	1398	4290	1112	11290	6180	0	886	0	0	164	180	0	0	0	0	0	0	0	0	0	0	0	0	0	0	0	0	0	190	112	0	0	0	0	0	0	0	0	0	0	0	204	0	0	10956	17396	3108	2028	228	3736	514	0	0	0	0	96	0	0	0	0	0	0	100	0	0	0	0	0	0	0	0	0	0	0	0	0	0	0	0	0	0	0	0	0	0	0	0	0	0	
395000	Caudate_R	7526	570	4360	13346	242	7422	872	1562	0	638	216	1722	0	2992	242	2712	978	0	4142	24230	5242	8530	466	7202	0	5434	336	3248	1290	4390	4900	19214	0	3042	0	0	198	348	0	188	0	210	0	0	0	0	0	0	0	0	106	0	0	0	0	158	2726	0	0	0	0	0	304	0	0	0	0	0	1942	3348	10956	0	7542	14746	514	2112	512	14294	120	0	110	0	0	0	0	0	0	0	0	0	0	0	0	0	0	0	0	0	0	0	0	0	0	0	0	0	0	0	0	0	0	0	0	0	0	0	
344964	Putamen_L	4512	0	23334	620	6262	1052	1724	146	1588	0	1596	0	342	0	3996	170	1550	0	21356	3096	6604	6302	3506	0	552	324	914	1254	16506	216	10960	2786	0	548	0	0	6408	0	598	0	540	0	0	0	0	0	0	0	0	0	0	0	0	0	2208	0	716	0	0	0	0	0	0	0	0	0	0	0	136	0	17396	7542	0	2718	8474	266	412	110	0	0	242	0	1192	0	100	0	0	0	1608	0	0	0	0	0	0	0	0	0	0	0	0	0	0	0	0	0	0	0	0	0	0	0	0	0	0	0	
324736	Putamen_R	0	1018	0	17298	0	5550	0	3826	0	940	0	1010	0	3046	0	3708	0	1748	280	24920	2514	4238	0	2272	0	2670	110	2466	0	23506	1136	3420	0	2850	0	0	0	12032	0	4348	0	3028	0	0	0	0	0	0	0	0	0	0	0	0	0	4518	0	0	0	0	0	0	0	0	0	0	0	0	0	0	3108	14746	2718	0	0	5530	0	1146	0	0	0	672	0	428	0	224	0	220	0	1124	0	0	0	0	0	0	0	0	0	0	0	0	0	0	0	0	0	0	0	0	0	0	0	0	0	0	
71508	Pallidum_L	3660	0	8878	0	0	0	450	0	0	0	530	0	0	0	0	0	370	0	6362	0	136	220	0	0	0	0	0	0	240	0	0	0	0	0	0	0	532	0	0	0	0	0	0	0	0	0	0	0	0	0	0	0	0	0	0	0	360	0	0	0	0	0	0	0	0	0	0	0	730	0	2028	514	8474	0	0	0	2270	0	0	0	0	0	0	0	0	0	0	0	0	0	0	0	0	0	0	0	0	0	0	0	0	0	0	0	0	0	0	0	0	0	0	0	0	0	0	0	
47824	Pallidum_R	0	300	0	4012	0	0	0	366	0	0	0	0	0	0	0	0	0	0	0	5122	218	226	0	0	0	0	0	0	0	130	0	0	0	300	0	0	0	2212	0	1574	0	152	0	0	0	0	0	0	0	0	0	0	0	0	0	1164	0	0	0	0	0	0	0	0	0	0	0	0	0	0	228	2112	266	5530	0	0	0	0	0	0	0	0	0	0	0	0	0	0	0	0	0	0	0	0	0	0	0	0	0	0	0	0	0	0	0	0	0	0	0	0	0	0	0	0	0	0	
110560	Thalamus_L	15804	566	6280	96	0	0	2804	0	0	0	738	0	178	0	0	0	450	0	902	152	0	0	0	0	0	0	0	0	680	0	0	0	0	0	424	126	6808	162	3238	0	218	0	106	0	0	0	650	0	0	0	0	0	0	0	976	0	400	0	0	0	0	0	0	0	0	0	434	0	648	0	3736	512	412	0	2270	0	0	3202	282	0	204	0	108	0	0	0	0	0	1714	0	0	0	0	0	0	0	0	0	0	0	0	0	0	0	0	0	0	0	0	0	0	0	0	0	0	0	
161096	Thalamus_R	4986	9584	108	5042	0	0	136	334	0	0	0	0	0	0	0	118	0	0	0	5416	0	0	0	0	0	0	0	0	128	500	0	0	0	220	3772	2792	5454	5872	2648	2706	0	0	0	0	0	0	860	394	0	0	0	0	0	0	1144	2104	170	0	0	0	0	0	0	0	0	0	176	148	2416	3620	514	14294	110	1146	0	0	3202	0	160	0	0	0	0	0	0	0	0	0	116	158	0	0	0	0	0	0	0	0	0	0	0	0	0	0	0	0	0	0	0	0	0	0	0	0	0	0	
91572	Heschl_L	2852	0	964	0	0	0	136	0	0	0	532	0	0	0	0	0	5626	0	842	142	0	0	0	0	0	0	0	0	4942	0	0	0	0	112	500	188	1402	0	106	0	0	0	606	0	0	0	190	0	0	0	966	0	740	0	1992	0	2466	0	414	0	1300	0	1128	0	212	0	574	0	268	0	0	120	0	0	0	0	282	160	0	0	4818	0	0	0	4824	0	0	0	6382	0	0	0	0	0	0	0	0	0	0	0	0	0	0	0	0	0	0	0	0	0	0	0	0	0	0	0	
52220	Heschl_R	116	270	0	1560	0	0	0	0	0	0	0	208	0	0	0	0	0	4066	0	1488	0	0	0	0	0	0	0	0	0	5618	0	0	0	0	0	0	0	448	0	180	0	0	0	0	0	0	0	0	0	0	0	0	0	0	0	550	0	156	0	0	0	130	0	224	0	0	0	0	0	0	0	0	0	0	0	0	0	0	0	0	0	6404	0	326	0	3150	0	0	0	1216	0	0	0	0	0	0	0	0	0	0	0	0	0	0	0	0	0	0	0	0	0	0	0	0	0	0	
274056	Temporal_Sup_L	4956	0	3918	0	0	0	4186	0	0	0	6678	0	348	0	0	0	16888	0	2130	142	0	0	138	0	0	0	0	0	15668	0	390	116	0	0	0	0	1162	0	0	0	0	0	0	0	0	0	0	0	134	0	1242	0	574	0	1964	0	6006	0	368	0	4498	0	8866	0	1324	0	0	0	142	0	0	110	242	0	0	0	204	0	4818	0	0	0	8914	0	23914	0	206	0	16782	0	0	0	0	0	0	0	0	0	0	0	0	0	0	0	0	0	0	0	0	0	0	0	0	0	0	0	
174708	Temporal_Sup_R	148	608	0	2346	0	0	0	0	0	0	0	388	0	0	0	0	0	5816	0	2246	0	0	0	0	0	0	0	0	0	11752	0	0	0	750	0	0	0	638	0	114	0	0	0	0	0	1006	0	0	0	1180	0	146	0	0	0	1428	0	1042	0	382	0	1936	0	8464	0	5222	0	1298	0	148	0	0	0	672	0	0	0	0	0	6404	0	0	0	3016	0	20780	0	816	0	8608	0	0	0	0	0	0	0	0	0	0	0	0	0	0	0	0	0	0	0	0	0	0	0	0	0	0	
172248	Temporal_Pole_Sup_L	2992	0	3392	0	128	0	5494	0	0	0	7338	0	274	0	674	0	8288	0	906	0	646	0	150	0	0	0	0	0	11368	0	374	112	0	0	0	0	2536	0	1192	0	1850	0	0	0	0	0	0	0	0	0	0	0	0	0	4970	0	154	0	0	0	0	0	0	0	0	0	0	0	0	0	96	0	1192	0	0	0	108	0	0	0	8914	0	0	0	9202	0	6026	0	7748	0	0	0	0	0	0	0	0	0	0	0	0	0	0	0	0	0	0	0	0	0	0	0	0	0	0	0	
58464	Temporal_Pole_Sup_R	0	0	0	480	0	0	0	0	0	0	0	844	0	0	0	164	0	458	0	534	0	108	0	0	0	0	0	0	0	3230	0	0	0	0	0	0	0	710	0	1604	0	2198	0	0	0	0	0	0	0	0	0	0	0	0	0	3412	0	0	0	0	0	0	0	0	0	0	0	0	0	0	0	0	0	428	0	0	0	0	0	326	0	3016	0	0	0	3256	0	5886	0	2578	0	0	0	0	0	0	0	0	0	0	0	0	0	0	0	0	0	0	0	0	0	0	0	0	0	0	
487784	Temporal_Mid_L	3190	0	502	0	0	0	0	0	0	0	0	0	0	0	0	0	3194	0	488	0	0	0	0	0	0	0	0	0	6026	0	0	0	668	0	424	0	948	0	526	0	464	0	4330	0	1352	0	694	0	2202	0	37836	0	16392	0	13024	0	2042	0	5530	0	17380	0	11164	0	12422	0	1298	0	2690	0	0	0	100	0	0	0	0	0	4824	0	23914	0	9202	0	0	0	6138	0	53758	0	1170	0	0	0	0	0	0	0	0	0	0	0	0	0	0	0	0	0	0	0	0	0	0	0	0	0	
338452	Temporal_Mid_R	0	1090	0	0	0	0	0	0	0	0	0	0	0	0	0	0	0	606	0	0	0	0	0	0	0	0	0	0	0	6112	0	0	0	9614	0	272	0	474	0	0	0	0	0	1430	0	12234	0	380	0	14962	0	9748	0	2406	0	3126	0	2318	0	678	0	4914	0	5838	0	10702	0	17178	0	1958	0	0	0	224	0	0	0	0	0	3150	0	20780	0	3256	0	0	0	3030	0	32746	0	0	0	0	0	0	0	0	0	0	0	0	0	0	0	0	0	0	0	0	0	0	0	0	0	0	
46260	Temporal_Pole_Mid_L	0	0	0	0	0	0	0	0	0	0	0	0	0	0	0	0	0	0	0	0	0	0	0	0	0	0	0	0	454	0	0	0	0	0	0	0	752	0	528	0	636	0	0	0	0	0	0	0	0	0	0	0	0	0	2494	0	0	0	0	0	0	0	0	0	0	0	0	0	0	0	0	0	0	0	0	0	0	0	0	0	206	0	6026	0	6138	0	0	0	5896	0	0	0	0	0	0	0	0	0	0	0	0	0	0	0	0	0	0	0	0	0	0	0	0	0	0	0	
41876	Temporal_Pole_Mid_R	0	0	0	0	0	0	0	0	0	0	0	0	0	0	0	0	0	0	0	0	0	0	0	0	0	0	0	0	0	534	0	0	0	0	0	0	0	370	0	2404	0	1936	0	0	0	0	0	0	0	0	0	0	0	0	0	3060	0	0	0	0	0	0	0	0	0	0	0	0	0	0	0	0	0	220	0	0	0	0	0	0	0	816	0	5886	0	3030	0	0	0	2682	0	0	0	0	0	0	0	0	0	0	0	0	0	0	0	0	0	0	0	0	0	0	0	0	0	0	
463272	Temporal_Inf_L	5264	0	1696	0	0	0	0	0	0	0	392	0	0	0	0	0	3898	0	1740	0	0	0	0	0	0	0	0	0	10740	0	0	0	404	0	1536	0	12354	0	4990	0	1988	0	2986	0	370	0	1052	0	710	0	14896	0	12174	0	26802	0	2240	0	4088	0	10622	0	4926	0	2070	0	2714	0	1912	0	0	0	1608	0	0	0	1714	116	6382	0	16782	0	7748	0	53758	0	5896	0	0	0	1998	0	644	0	0	0	518	0	1158	0	296	0	454	0	0	0	0	0	0	0	0	0	0	0	0	0	
280508	Temporal_Inf_R	0	2342	0	220	0	0	0	0	0	0	0	0	0	0	0	0	0	300	0	642	0	0	0	0	0	0	0	0	0	5698	0	0	0	4488	0	1304	0	3142	0	442	0	374	0	4514	0	4284	0	3380	0	5912	0	700	0	9246	0	19126	0	1722	0	378	0	1598	0	3502	0	1224	0	10362	0	2044	100	0	0	1124	0	0	0	158	0	1216	0	8608	0	2578	0	32746	0	2682	0	0	0	2020	0	194	0	192	0	350	0	876	0	0	0	466	0	0	0	0	0	0	0	0	0	0	0	0	
556452	Cerebelum_Crus1_L	218	0	0	0	0	0	0	0	0	0	0	0	0	0	0	0	0	0	0	0	0	0	0	0	0	0	0	0	0	0	0	0	0	0	0	0	220	0	1352	0	0	0	394	0	0	0	8088	990	0	0	2296	0	2802	0	20280	798	0	0	0	0	0	0	0	0	252	0	122	0	212	0	0	0	0	0	0	0	0	0	0	0	0	0	0	0	1170	0	0	0	1998	0	0	7736	38674	7466	3112	1224	21776	1210	52306	5234	20264	4818	28846	6228	6518	1070	838	0	162	1268	5680	9500	9650	1092	1424	938	
522264	Cerebelum_Crus1_R	0	262	0	0	0	0	0	0	0	0	0	0	0	0	0	0	0	0	0	114	0	0	0	0	0	0	0	0	0	0	0	0	0	0	0	260	0	262	0	422	0	0	0	0	0	0	3046	10166	0	0	0	0	0	222	726	18078	0	0	0	0	0	0	0	0	0	0	0	182	0	128	0	0	0	0	0	0	0	0	0	0	0	0	0	0	0	0	0	0	0	2020	7736	0	2394	35940	236	2846	2670	13366	8272	48572	1590	9884	3020	32514	1742	5486	458	236	300	1546	9386	14510	14180	4114	3768	478	
308504	Cerebelum_Crus2_L	0	0	0	0	0	0	0	0	0	0	0	0	0	0	0	0	0	0	0	0	0	0	0	0	0	0	0	0	0	0	0	0	0	0	0	0	0	0	540	0	0	0	0	0	0	0	534	0	0	0	0	0	0	0	3676	0	0	0	0	0	0	0	0	0	0	0	0	0	0	0	0	0	0	0	0	0	0	0	0	0	0	0	0	0	0	0	0	0	644	0	38674	2394	0	7042	172	0	2406	196	8302	482	33374	5334	32398	4306	2356	112	338	0	0	0	218	948	7138	2668	0	0	
360184	Cerebelum_Crus2_R	0	0	0	0	0	0	0	0	0	0	0	0	0	0	0	0	0	0	0	0	0	0	0	0	0	0	0	0	0	0	0	0	0	0	0	0	0	0	0	0	0	0	0	0	0	0	752	288	0	0	0	0	0	0	306	550	0	0	0	0	0	0	0	0	0	0	0	0	0	0	0	0	0	0	0	0	0	0	0	0	0	0	0	0	0	0	0	0	0	194	7466	35940	7042	0	0	478	184	552	4308	5202	6520	26994	7206	42032	1854	4926	402	0	0	318	362	4818	15284	4582	1344	188	
65388	Cerebelum_3_L	0	0	0	0	0	0	0	0	0	0	0	0	0	0	0	0	0	0	0	0	0	0	0	0	0	0	0	0	0	0	0	0	0	0	0	0	0	0	436	96	0	0	0	0	0	0	374	150	0	0	0	0	0	0	736	0	0	0	0	0	0	0	0	0	0	0	0	0	0	0	0	0	0	0	0	0	0	0	0	0	0	0	0	0	0	0	0	0	0	0	3112	236	172	0	0	1208	9140	168	4520	518	0	0	370	0	1268	466	172	0	1884	4314	1902	470	308	274	400	0	
93496	Cerebelum_3_R	0	0	0	0	0	0	0	0	0	0	0	0	0	0	0	0	0	0	0	0	0	0	0	0	0	0	0	0	0	0	0	0	0	0	0	0	0	0	290	362	0	0	0	0	0	0	368	896	0	0	0	0	0	0	118	1258	0	0	0	0	0	0	0	0	0	0	0	0	0	0	0	0	0	0	0	0	0	0	0	0	0	0	0	0	0	0	0	0	0	192	1224	2846	0	478	1208	0	2008	6602	1690	6348	0	0	174	538	178	2820	0	0	256	5168	2986	2604	1938	1646	2552	0	
288408	Cerebelum_4_5_L	0	0	0	0	0	0	0	0	0	0	0	0	0	0	0	0	0	0	0	0	0	0	0	0	0	0	0	0	0	0	0	0	0	0	0	0	606	0	3416	108	0	0	0	0	0	0	10426	1164	0	0	0	0	140	0	13172	596	0	0	0	0	0	0	0	0	0	0	0	0	0	0	0	0	0	0	0	0	0	0	0	0	0	0	0	0	0	0	0	0	518	0	21776	2670	2406	184	9140	2008	0	2262	32218	4462	1552	0	3666	266	4360	1188	288	0	724	3460	13536	3870	582	426	1274	1740	
204672	Cerebelum_4_5_R	0	0	0	0	0	0	0	0	0	0	0	0	0	0	0	0	0	0	0	0	0	0	0	0	0	0	0	0	0	0	0	0	0	0	0	0	0	672	0	2570	0	0	0	112	0	0	2270	8536	0	0	0	0	0	0	208	10448	0	0	0	0	0	0	0	0	0	0	0	488	0	0	0	0	0	0	0	0	0	0	0	0	0	0	0	0	0	0	0	0	0	350	1210	13366	196	552	168	6602	2262	0	1626	25674	0	0	280	1044	114	2594	0	286	0	1622	11736	2284	1676	1278	1988	124	
481640	Cerebelum_6_L	0	0	0	0	0	0	0	0	0	0	0	0	0	0	0	0	0	0	0	0	0	0	0	0	0	0	0	0	0	0	0	0	0	0	0	0	660	0	2486	0	0	0	0	0	0	0	12604	2056	0	0	0	0	454	0	23284	1582	0	0	0	0	0	0	0	0	0	0	0	0	0	0	0	0	0	0	0	0	0	0	0	0	0	0	0	0	0	0	0	0	1158	0	52306	8272	8302	4308	4520	1690	32218	1626	0	8420	5890	1942	12158	4516	8300	2058	1072	0	214	1692	8626	15722	7746	594	2252	2092	
437168	Cerebelum_6_R	0	248	0	0	0	0	0	0	0	0	0	0	0	0	0	0	0	0	0	104	0	0	0	0	0	0	0	0	0	0	0	0	0	0	0	278	0	414	0	928	0	0	0	358	0	110	3636	13454	0	202	0	188	0	412	768	23686	0	0	0	0	0	0	0	0	0	0	0	246	0	118	0	0	0	0	0	0	0	0	0	0	0	0	0	0	0	0	0	0	0	876	5234	48572	482	5202	518	6348	4462	25674	8420	0	160	1240	780	8460	692	5474	0	372	406	3082	13916	16140	7764	4138	4626	396	
265892	Cerebelum_7b_L	0	0	0	0	0	0	0	0	0	0	0	0	0	0	0	0	0	0	0	0	0	0	0	0	0	0	0	0	0	0	0	0	0	0	0	0	0	0	504	0	0	0	0	0	0	0	116	0	0	0	0	0	0	0	1990	0	0	0	0	0	0	0	0	0	0	0	0	0	0	0	0	0	0	0	0	0	0	0	0	0	0	0	0	0	0	0	0	0	296	0	20264	1590	33374	6520	0	0	1552	0	5890	160	0	4232	33238	5586	3832	636	798	108	0	0	108	614	6768	4236	534	0	
202044	Cerebelum_7b_R	0	0	0	0	0	0	0	0	0	0	0	0	0	0	0	0	0	0	0	0	0	0	0	0	0	0	0	0	0	0	0	0	0	0	0	0	0	0	0	0	0	0	0	0	0	0	350	0	0	0	0	0	0	0	172	186	0	0	0	0	0	0	0	0	0	0	0	0	0	0	0	0	0	0	0	0	0	0	0	0	0	0	0	0	0	0	0	0	0	0	4818	9884	5334	26994	0	0	0	0	1942	1240	4232	0	3410	24942	982	3952	268	0	0	0	0	1522	8000	2320	370	104	
371680	Cerebelum_8_L	0	0	0	0	0	0	0	0	0	0	0	0	0	0	0	0	0	0	0	0	0	0	0	0	0	0	0	0	0	0	0	0	0	0	0	0	0	0	534	0	0	0	0	0	0	0	186	0	0	0	0	0	0	0	3756	0	0	0	0	0	0	0	0	0	0	0	0	0	0	0	0	0	0	0	0	0	0	0	0	0	0	0	0	0	0	0	0	0	454	0	28846	3020	32398	7206	370	174	3666	280	12158	780	33238	3410	0	9930	19018	2250	2072	144	0	108	474	2630	9184	7148	2162	244	
393248	Cerebelum_8_R	0	0	0	0	0	0	0	0	0	0	0	0	0	0	0	0	0	0	0	0	0	0	0	0	0	0	0	0	0	0	0	0	0	0	0	0	0	0	0	0	0	0	0	0	0	0	536	214	0	0	0	0	0	0	270	1270	0	0	0	0	0	0	0	0	0	0	0	0	0	0	0	0	0	0	0	0	0	0	0	0	0	0	0	0	0	0	0	0	0	466	6228	32514	4306	42032	0	538	266	1044	4516	8460	5586	24942	9930	0	2790	17028	620	792	166	492	528	4372	14724	7950	3736	308	
142552	Cerebelum_9_L	0	0	0	0	0	0	0	0	0	0	0	0	0	0	0	0	0	0	0	0	0	0	0	0	0	0	0	0	0	0	0	0	0	0	0	0	0	0	0	0	0	0	0	0	0	0	314	0	0	0	0	0	0	0	862	0	0	0	0	0	0	0	0	0	0	0	0	0	0	0	0	0	0	0	0	0	0	0	0	0	0	0	0	0	0	0	0	0	0	0	6518	1742	2356	1854	1268	178	4360	114	8300	692	3832	982	19018	2790	0	1786	3774	0	0	136	1018	2346	2886	1114	1976	1060	
177748	Cerebelum_9_R	0	0	0	0	0	0	0	0	0	0	0	0	0	0	0	0	0	0	0	0	0	0	0	0	0	0	0	0	0	0	0	0	0	0	0	0	0	0	0	114	0	0	0	0	0	0	162	112	0	0	0	0	0	0	0	454	0	0	0	0	0	0	0	0	0	0	0	0	0	0	0	0	0	0	0	0	0	0	0	0	0	0	0	0	0	0	0	0	0	0	1070	5486	112	4926	466	2820	1188	2594	2058	5474	636	3952	2250	17028	1786	0	0	2030	554	1918	1980	4748	5554	7440	10662	1300	
24524	Cerebelum_10_L	0	0	0	0	0	0	0	0	0	0	0	0	0	0	0	0	0	0	0	0	0	0	0	0	0	0	0	0	0	0	0	0	0	0	0	0	0	0	0	0	0	0	0	0	0	0	0	0	0	0	0	0	0	0	0	0	0	0	0	0	0	0	0	0	0	0	0	0	0	0	0	0	0	0	0	0	0	0	0	0	0	0	0	0	0	0	0	0	0	0	838	458	338	402	172	0	288	0	1072	0	798	268	2072	620	3774	0	0	0	0	0	0	318	680	164	0	0	
12524	Cerebelum_10_R	0	0	0	0	0	0	0	0	0	0	0	0	0	0	0	0	0	0	0	0	0	0	0	0	0	0	0	0	0	0	0	0	0	0	0	0	0	0	0	0	0	0	0	0	0	0	0	0	0	0	0	0	0	0	0	146	0	0	0	0	0	0	0	0	0	0	0	0	0	0	0	0	0	0	0	0	0	0	0	0	0	0	0	0	0	0	0	0	0	0	0	236	0	0	0	0	0	286	0	372	108	0	144	792	0	2030	0	0	0	0	0	138	186	590	1234	0	
22204	Vermis_1_2	0	0	0	0	0	0	0	0	0	0	0	0	0	0	0	0	0	0	0	0	0	0	0	0	0	0	0	0	0	0	0	0	0	0	0	0	0	0	0	0	0	0	0	0	0	0	0	0	0	0	0	0	0	0	0	0	0	0	0	0	0	0	0	0	0	0	0	0	0	0	0	0	0	0	0	0	0	0	0	0	0	0	0	0	0	0	0	0	0	0	162	300	0	0	1884	256	724	0	214	406	0	0	0	166	0	554	0	0	0	3662	866	430	376	384	718	0	
79912	Vermis_3	0	0	0	0	0	0	0	0	0	0	0	0	0	0	0	0	0	0	0	0	0	0	0	0	0	0	0	0	0	0	0	0	0	0	0	0	0	0	188	0	0	0	0	0	0	0	244	128	0	0	0	0	0	0	144	150	0	0	0	0	0	0	0	0	0	0	0	0	0	0	0	0	0	0	0	0	0	0	0	0	0	0	0	0	0	0	0	0	0	0	1268	1546	0	318	4314	5168	3460	1622	1692	3082	0	0	108	492	136	1918	0	0	3662	0	3606	2196	1414	1238	1862	0	
217960	Vermis_4_5	0	0	0	0	0	0	0	0	0	0	0	0	0	0	0	0	0	0	0	0	0	0	0	0	0	0	0	0	0	0	0	0	0	0	0	1262	0	856	0	564	0	0	0	220	0	0	5956	6234	0	0	0	0	0	0	1252	3110	0	0	0	0	0	0	0	0	0	0	0	1234	0	0	0	0	0	0	0	0	0	0	0	0	0	0	0	0	0	0	0	0	0	0	5680	9386	218	362	1902	2986	13536	11736	8626	13916	108	0	474	528	1018	1980	0	0	866	3606	0	5232	1292	1026	2250	1564	
