data	data	533432	281600	928776	804708	106180	82388	564384	367876	95612	44048	311320	193744	327200	220704	172952	92440	246368	126148	805892	704524	98152	156692	370088	418276	44664	144148	46316	117144	686324	355876	338588	452176	176632	432956	115912	142708	351300	447116	160344	367904	92564	74052	349556	380624	317412	276520	407764	401928	324280	303792	570616	175728	182840	179624	579420	670120	289720	184588	222384	123220	237508	107584	117376	79952	176432	110384	385284	386228	223988	168664	355708	483156	356684	470540	41768	37484	151612	107520	124172	21340	235436	108384	156612	64888	332460	192900	20880	29220	361552	199108	666796	489912	310740	453696	107108	143420	461800	446072	598792	537092	244424	181200	451288	344664	193244	196148	41088	22544	83192	126388	425236	227856	393728	273588	151316	57824	
data	data	Precentral_L	Precentral_R	Frontal_Sup_L	Frontal_Sup_R	Frontal_Sup_Orb_L	Frontal_Sup_Orb_R	Frontal_Mid_L	Frontal_Mid_R	Frontal_Mid_Orb_L	Frontal_Mid_Orb_R	Frontal_Inf_Oper_L	Frontal_Inf_Oper_R	Frontal_Inf_Tri_L	Frontal_Inf_Tri_R	Frontal_Inf_Orb_L	Frontal_Inf_Orb_R	Rolandic_Oper_L	Rolandic_Oper_R	Supp_Motor_Area_L	Supp_Motor_Area_R	Olfactory_L	Olfactory_R	Frontal_Sup_Medial_L	Frontal_Sup_Medial_R	Frontal_Med_Orb_L	Frontal_Med_Orb_R	Rectus_L	Rectus_R	Insula_L	Insula_R	Cingulum_Ant_L	Cingulum_Ant_R	Cingulum_Mid_L	Cingulum_Mid_R	Cingulum_Post_L	Cingulum_Post_R	Hippocampus_L	Hippocampus_R	ParaHippocampal_L	ParaHippocampal_R	Amygdala_L	Amygdala_R	Calcarine_L	Calcarine_R	Cuneus_L	Cuneus_R	Lingual_L	Lingual_R	Occipital_Sup_L	Occipital_Sup_R	Occipital_Mid_L	Occipital_Mid_R	Occipital_Inf_L	Occipital_Inf_R	Fusiform_L	Fusiform_R	Postcentral_L	Postcentral_R	Parietal_Sup_L	Parietal_Sup_R	Parietal_Inf_L	Parietal_Inf_R	SupraMarginal_L	SupraMarginal_R	Angular_L	Angular_R	Precuneus_L	Precuneus_R	Paracentral_Lobule_L	Paracentral_Lobule_R	Caudate_L	Caudate_R	Putamen_L	Putamen_R	Pallidum_L	Pallidum_R	Thalamus_L	Thalamus_R	Heschl_L	Heschl_R	Temporal_Sup_L	Temporal_Sup_R	Temporal_Pole_Sup_L	Temporal_Pole_Sup_R	Temporal_Mid_L	Temporal_Mid_R	Temporal_Pole_Mid_L	Temporal_Pole_Mid_R	Temporal_Inf_L	Temporal_Inf_R	Cerebelum_Crus1_L	Cerebelum_Crus1_R	Cerebelum_Crus2_L	Cerebelum_Crus2_R	Cerebelum_3_L	Cerebelum_3_R	Cerebelum_4_5_L	Cerebelum_4_5_R	Cerebelum_6_L	Cerebelum_6_R	Cerebelum_7b_L	Cerebelum_7b_R	Cerebelum_8_L	Cerebelum_8_R	Cerebelum_9_L	Cerebelum_9_R	Cerebelum_10_L	Cerebelum_10_R	Vermis_1_2	Vermis_3	Vermis_4_5	Vermis_6	Vermis_7	Vermis_8	Vermis_9	Vermis_10	
533432	Precentral_L	0	6300	21016	1066	0	0	25084	746	0	0	14640	132	5612	90	118	0	11242	0	17772	9076	0	0	220	0	0	0	0	0	14256	110	388	80	422	3558	636	766	11786	2322	1312	612	112	0	0	0	0	0	432	0	160	0	1098	0	0	0	2610	954	24832	556	2128	0	3018	0	0	0	456	0	174	200	19464	6538	12662	3834	9740	82	1538	0	14306	1866	3672	0	3942	0	1696	0	312	0	0	0	718	0	80	0	0	0	0	0	92	0	82	0	0	0	0	0	0	0	0	0	0	0	0	0	0	0	0	0	
281600	Precentral_R	6300	0	5080	6962	0	0	1378	9220	0	0	186	4818	120	0	0	0	588	1444	7642	15632	0	0	0	0	0	0	0	0	372	1070	100	0	180	1050	366	1706	246	8324	0	4360	0	0	0	200	0	166	0	112	0	498	0	90	0	316	0	4616	1430	14572	122	534	112	656	0	272	0	0	0	1722	5132	10702	2038	5408	254	1940	136	448	2122	8082	186	118	126	444	0	0	0	202	0	0	0	810	0	90	0	0	0	0	0	0	0	0	0	0	0	0	0	0	0	0	0	0	0	0	0	0	0	0	
928776	Frontal_Sup_L	21016	5080	0	8062	9216	248	74076	4502	6572	0	14772	740	25802	616	12332	0	4662	80	72216	8764	1178	558	39034	13290	2376	1048	548	350	38748	628	17674	9916	4976	5478	0	124	4048	1480	698	542	632	0	0	0	0	82	0	0	0	142	588	0	0	0	790	500	2378	852	590	110	390	258	0	0	88	0	214	194	2222	258	9982	4080	15552	1146	2166	96	1354	372	1276	0	2774	0	3598	0	134	0	0	0	120	0	0	0	0	0	0	0	0	0	0	0	0	0	0	0	0	0	0	0	0	0	0	0	0	0	0	0	
804708	Frontal_Sup_R	1066	6962	8062	0	0	4696	1510	40074	0	1166	330	11486	324	14838	0	2102	0	3490	25322	55504	110	2322	13848	42202	152	8174	0	5502	670	16042	4616	29930	1818	20748	112	334	240	7758	92	6682	114	122	0	0	0	0	0	100	0	78	96	0	0	0	0	3694	274	370	120	0	114	0	0	0	0	0	0	216	436	0	2548	23912	848	26300	0	2494	112	1484	80	100	0	0	0	250	0	0	0	0	0	80	0	0	0	0	0	0	0	128	0	0	0	0	0	0	0	0	0	0	0	0	0	0	0	0	0	0	
106180	Frontal_Sup_Orb_L	0	0	9216	0	0	0	1216	0	7674	0	108	0	966	0	7604	0	0	0	112	0	2452	280	3536	236	3748	434	2848	122	4356	0	4414	386	0	0	0	0	0	0	280	0	868	0	0	0	0	0	0	0	0	0	0	0	0	0	0	0	0	0	0	0	0	0	0	0	0	0	0	0	0	0	406	308	808	0	0	0	0	0	0	0	0	0	712	0	0	0	0	0	0	0	0	0	0	0	0	0	0	0	0	0	0	0	0	0	0	0	0	0	0	0	0	0	0	0	0	0	
82388	Frontal_Sup_Orb_R	0	0	248	4696	0	0	0	422	0	2546	0	0	0	0	0	1822	0	0	0	0	136	2032	758	5166	114	8614	126	8574	0	448	776	2318	0	0	0	0	0	0	0	0	0	0	0	0	0	0	0	0	0	0	0	0	0	0	0	0	0	0	0	0	0	0	0	0	0	0	0	0	0	0	0	1990	0	408	0	0	0	0	0	0	0	0	0	0	0	0	0	0	0	0	0	0	0	0	0	0	0	0	0	0	0	0	0	0	0	0	0	0	0	0	0	0	0	0	0	0	
564384	Frontal_Mid_L	25084	1378	74076	1510	1216	0	0	1244	4064	0	13644	390	39492	250	6802	0	3652	0	17672	2908	76	0	8526	1876	0	0	0	0	25502	178	4706	1800	2774	2184	0	0	4702	294	586	182	0	0	0	0	0	0	78	0	150	0	1494	0	0	0	858	128	1632	130	1714	0	1644	0	82	0	364	0	346	0	1724	124	6578	2046	4964	288	442	0	3238	250	2084	0	2424	0	1946	0	356	0	0	0	340	0	0	0	0	0	0	0	0	0	0	0	0	0	0	0	0	0	0	0	0	0	0	0	0	0	0	0	
367876	Frontal_Mid_R	746	9220	4502	40074	0	422	1244	0	0	2092	492	15042	518	23074	0	3418	0	2154	7176	8090	0	78	2038	6108	0	0	0	206	906	10852	832	3400	450	4542	0	0	128	2708	0	2302	0	0	0	0	0	0	0	0	0	0	148	0	0	0	0	1650	110	486	196	0	172	0	0	0	0	0	0	0	0	0	3626	10026	1094	11474	0	928	122	470	80	0	0	0	0	542	0	0	0	0	0	0	0	0	0	0	0	0	0	0	0	0	0	0	0	0	0	0	0	0	0	0	0	0	0	0	0	0	
95612	Frontal_Mid_Orb_L	0	0	6572	0	7674	0	4064	0	0	0	316	0	4314	0	13804	0	0	0	276	0	146	0	330	0	540	0	730	0	6630	0	482	0	0	0	0	0	122	0	0	0	158	0	0	0	0	0	0	0	0	0	0	0	0	0	0	0	0	0	0	0	0	0	0	0	0	0	0	0	0	0	0	0	726	0	0	0	0	0	0	0	0	0	922	0	0	0	0	0	0	0	0	0	0	0	0	0	0	0	0	0	0	0	0	0	0	0	0	0	0	0	0	0	0	0	0	0	
44048	Frontal_Mid_Orb_R	0	0	0	1166	0	2546	0	2092	0	0	0	0	0	370	0	6540	0	0	0	128	0	630	0	292	0	600	0	1386	0	876	0	0	0	0	0	0	0	0	0	80	0	170	0	0	0	0	0	0	0	0	0	0	0	0	0	0	0	0	0	0	0	0	0	0	0	0	0	0	0	0	96	2036	80	2936	0	0	0	0	0	0	0	0	0	0	0	0	0	0	0	0	0	0	0	0	0	0	0	0	0	0	0	0	0	0	0	0	0	0	0	0	0	0	0	0	0	0	
311320	Frontal_Inf_Oper_L	14640	186	14772	330	108	0	13644	492	316	0	0	168	24824	168	1296	0	10788	0	10440	136	0	0	326	0	0	0	0	0	28712	146	2682	524	0	0	0	0	2466	0	86	0	0	0	0	0	0	0	0	0	0	0	300	0	0	0	614	0	4846	0	590	0	544	0	0	0	0	0	0	0	0	0	1318	776	1902	0	0	0	654	0	2822	0	7782	0	5736	0	172	0	0	0	354	0	0	0	0	0	0	0	0	0	0	0	0	0	0	0	0	0	0	0	0	0	0	0	0	0	0	0	
193744	Frontal_Inf_Oper_R	132	4818	740	11486	0	0	390	15042	0	0	168	0	166	12266	0	238	0	6138	6374	8810	0	0	130	448	0	0	0	0	258	12756	494	1128	138	822	0	0	0	1174	0	924	0	0	0	0	0	0	0	0	0	0	0	0	0	0	0	794	0	3834	0	0	0	0	0	0	0	0	0	0	0	0	1210	826	240	3064	0	114	0	112	0	106	0	228	0	1220	0	0	0	0	0	0	0	0	0	0	0	0	0	0	0	84	0	0	0	0	0	0	0	0	0	0	0	0	0	0	0	0	
327200	Frontal_Inf_Tri_L	5612	120	25802	324	966	0	39492	518	4314	0	24824	166	0	164	10968	0	1588	0	6856	110	110	0	416	0	92	0	0	0	29174	130	3532	550	78	0	0	0	250	0	0	0	76	0	0	0	0	0	0	0	0	0	176	0	0	0	0	0	1604	0	198	0	92	0	0	0	0	0	0	0	0	0	1058	736	1648	0	0	0	0	0	96	0	668	0	1092	0	0	0	0	0	0	0	0	0	0	0	0	0	0	0	0	0	0	0	0	0	0	0	0	0	0	0	0	0	0	0	0	0	
220704	Frontal_Inf_Tri_R	90	0	616	14838	0	0	250	23074	0	370	168	12266	164	0	0	3114	0	926	4420	9402	0	0	1084	2820	0	0	0	0	226	18064	264	1556	352	3200	0	88	0	288	0	262	0	0	0	0	0	0	0	0	0	0	0	0	0	0	0	172	0	0	0	0	0	0	0	0	0	0	0	0	0	0	1498	4398	856	5214	0	102	0	0	0	0	0	0	0	210	0	0	0	0	0	0	0	0	0	0	0	0	0	0	0	0	0	0	0	0	0	0	0	0	0	0	0	0	0	0	0	0	
172952	Frontal_Inf_Orb_L	118	0	12332	0	7604	0	6802	0	13804	0	1296	0	10968	0	0	0	0	0	1134	0	1406	116	584	0	224	0	352	0	20266	0	1254	76	0	0	0	0	236	0	254	0	666	0	0	0	0	0	0	0	0	0	0	0	0	0	0	0	0	0	0	0	0	0	0	0	0	0	0	0	0	0	332	206	1944	0	0	0	0	0	0	0	0	0	4502	0	0	0	0	0	0	0	0	0	0	0	0	0	0	0	0	0	0	0	0	0	0	0	0	0	0	0	0	0	0	0	0	0	
92440	Frontal_Inf_Orb_R	0	0	0	2102	0	1822	0	3418	0	6540	0	238	0	3114	0	0	0	84	192	628	0	1874	0	196	0	88	0	1778	0	9044	0	124	0	0	0	0	0	188	0	256	76	330	0	0	0	0	0	0	0	0	0	0	0	0	0	0	0	0	0	0	0	0	0	0	0	0	0	0	0	0	272	4948	142	7356	0	0	0	0	0	0	0	574	0	836	0	0	0	0	0	0	0	0	0	0	0	0	0	0	0	0	0	0	0	0	0	0	0	0	0	0	0	0	0	0	0	0	
246368	Rolandic_Oper_L	11242	588	4662	0	0	0	3652	0	0	0	10788	0	1588	0	0	0	0	0	4642	470	0	0	88	0	0	0	0	0	18442	0	108	0	80	0	88	0	5802	0	226	0	0	0	234	0	218	0	214	0	132	0	2334	0	222	0	3436	0	11726	0	1044	0	1444	0	3102	0	670	0	1006	0	156	420	688	230	1686	0	0	0	704	0	7516	0	14358	0	5180	0	1236	0	0	0	1794	0	472	0	0	0	0	0	106	0	390	0	0	0	0	0	0	0	0	0	0	0	0	0	0	0	0	0	
126148	Rolandic_Oper_R	0	1444	80	3490	0	0	0	2154	0	0	0	6138	0	926	0	84	0	0	3088	3956	0	0	0	0	0	0	0	0	0	11800	0	0	0	0	0	0	0	2146	0	1304	0	0	0	0	0	0	0	0	0	106	0	0	0	0	0	1620	0	5422	0	0	0	260	0	4714	0	0	0	0	0	0	144	212	0	3286	0	146	0	86	0	2880	0	5606	0	1500	0	378	0	0	0	104	0	0	0	0	0	0	0	0	0	0	0	0	0	0	0	0	0	0	0	0	0	0	0	0	0	0	
805892	Supp_Motor_Area_L	17772	7642	72216	25322	112	0	17672	7176	276	0	10440	6374	6856	4420	1134	192	4642	3088	0	48590	0	0	10008	5084	0	0	0	0	17214	6864	7480	8750	11390	17988	398	934	1708	3546	200	2324	142	0	0	0	0	96	0	0	0	176	160	0	0	86	388	1994	3736	1316	194	182	176	682	0	0	84	0	280	464	11882	1872	13410	6940	14328	5574	2384	194	1864	578	746	0	2302	0	2248	460	80	0	0	0	0	116	0	0	0	0	0	0	0	0	0	0	0	0	0	0	0	0	0	0	0	0	0	0	0	0	0	0	
704524	Supp_Motor_Area_R	9076	15632	8764	55504	0	0	2908	8090	0	128	136	8810	110	9402	0	628	470	3956	48590	0	0	0	4372	7330	0	0	0	98	474	12318	3552	12276	6836	35716	272	1832	316	5624	102	4704	0	100	0	78	0	128	0	114	0	82	0	0	0	0	0	2674	1486	982	94	0	84	130	0	0	0	0	290	1622	14346	21596	1846	17014	286	16718	76	572	1456	1490	154	0	86	0	0	540	0	0	0	0	0	84	0	0	0	0	0	0	0	108	0	0	0	0	0	0	0	0	0	0	0	0	0	0	0	0	0	0	
98152	Olfactory_L	0	0	1178	110	2452	136	76	0	146	0	0	0	110	0	1406	0	0	0	0	0	0	6236	158	106	268	306	3598	276	3116	84	3598	1842	0	0	0	0	0	0	2772	0	3570	0	0	0	0	0	0	0	0	0	0	0	0	0	0	0	0	0	0	0	0	0	0	0	0	0	0	0	0	0	6244	4298	5646	210	0	0	0	0	0	0	0	0	1134	0	0	0	0	0	0	0	0	0	0	0	0	0	0	0	0	0	0	0	0	0	0	0	0	0	0	0	0	0	0	0	0	0	
156692	Olfactory_R	0	0	558	2322	280	2032	0	78	0	630	0	0	0	0	116	1874	0	0	0	0	6236	0	356	2354	188	3896	2314	5242	594	2542	4016	7152	0	0	0	0	0	160	1168	308	2018	746	0	0	0	0	0	0	0	0	0	0	0	0	0	0	0	0	0	0	0	0	0	0	0	0	0	0	0	0	8034	13366	7124	1728	512	0	0	0	0	0	0	0	294	108	0	0	0	0	0	0	0	0	0	0	0	0	0	0	0	0	0	0	0	0	0	0	0	0	0	0	0	0	0	0	0	0	
370088	Frontal_Sup_Medial_L	220	0	39034	13848	3536	758	8526	2038	330	0	326	130	416	1084	584	0	88	0	10008	4372	158	356	0	30564	3344	2866	148	748	2250	676	20486	18156	5134	11810	0	0	0	0	0	0	96	0	0	0	0	0	0	0	0	0	0	0	0	0	0	0	0	0	0	0	0	0	0	0	0	0	0	0	0	0	404	922	1142	316	0	0	0	0	0	0	0	0	170	0	0	0	0	0	0	0	0	0	0	0	0	0	0	0	0	0	0	0	0	0	0	0	0	0	0	0	0	0	0	0	0	0	
418276	Frontal_Sup_Medial_R	0	0	13290	42202	236	5166	1876	6108	0	292	0	448	0	2820	0	196	0	0	5084	7330	106	2354	30564	0	624	12840	0	6244	102	1724	7314	28692	2298	17170	0	106	0	0	0	0	90	0	0	0	0	0	0	0	0	0	0	0	0	0	0	0	0	0	0	0	0	0	0	0	0	0	0	0	0	0	350	8778	204	4452	0	78	0	0	0	0	0	0	0	0	0	0	0	0	0	0	0	0	0	0	0	0	0	0	0	0	0	0	0	0	0	0	0	0	0	0	0	0	0	0	0	0	
44664	Frontal_Med_Orb_L	0	0	2376	152	3748	114	0	0	540	0	0	0	92	0	224	0	0	0	0	0	268	188	3344	624	0	1432	1662	322	418	0	5754	578	0	0	0	0	0	0	0	0	0	0	0	0	0	0	0	0	0	0	0	0	0	0	0	0	0	0	0	0	0	0	0	0	0	0	0	0	0	0	214	196	86	0	0	0	0	0	0	0	0	0	0	0	0	0	0	0	0	0	0	0	0	0	0	0	0	0	0	0	0	0	0	0	0	0	0	0	0	0	0	0	0	0	0	0	
144148	Frontal_Med_Orb_R	0	0	1048	8174	434	8614	0	0	0	600	0	0	0	0	0	88	0	0	0	0	306	3896	2866	12840	1432	0	266	11100	0	118	4572	10346	0	0	0	0	0	0	0	0	0	0	0	0	0	0	0	0	0	0	0	0	0	0	0	0	0	0	0	0	0	0	0	0	0	0	0	0	0	0	320	4358	140	556	0	0	0	0	0	0	0	0	0	0	0	0	0	0	0	0	0	0	0	0	0	0	0	0	0	0	0	0	0	0	0	0	0	0	0	0	0	0	0	0	0	0	
46316	Rectus_L	0	0	548	0	2848	126	0	0	730	0	0	0	0	0	352	0	0	0	0	0	3598	2314	148	0	1662	266	0	262	282	0	2952	870	0	0	0	0	0	0	242	0	816	0	0	0	0	0	0	0	0	0	0	0	0	0	0	0	0	0	0	0	0	0	0	0	0	0	0	0	0	0	1836	2010	1100	90	0	0	0	0	0	0	0	0	106	0	0	0	0	0	0	0	0	0	0	0	0	0	0	0	0	0	0	0	0	0	0	0	0	0	0	0	0	0	0	0	0	0	
117144	Rectus_R	0	0	350	5502	122	8574	0	206	0	1386	0	0	0	0	0	1778	0	0	0	98	276	5242	748	6244	322	11100	262	0	0	882	1356	6072	0	0	0	0	0	0	0	0	0	0	0	0	0	0	0	0	0	0	0	0	0	0	0	0	0	0	0	0	0	0	0	0	0	0	0	0	0	0	166	6742	112	1032	0	0	0	0	0	0	0	0	0	0	0	0	0	0	0	0	0	0	0	0	0	0	0	0	0	0	0	0	0	0	0	0	0	0	0	0	0	0	0	0	0	0	
686324	Insula_L	14256	372	38748	670	4356	0	25502	906	6630	0	28712	258	29174	226	20266	0	18442	0	17214	474	3116	594	2250	102	418	0	282	0	0	192	8282	1600	638	256	0	0	19650	180	2410	128	4092	0	136	0	144	0	188	0	130	0	1968	0	180	0	7950	82	8838	0	1802	0	1540	0	1522	0	226	0	516	0	220	136	4608	2046	16218	282	0	0	2782	98	8814	0	12722	0	12406	0	2170	0	0	0	4484	0	146	0	0	0	0	0	252	0	160	0	0	0	0	0	0	0	0	0	0	0	0	0	0	0	0	0	
355876	Insula_R	110	1070	628	16042	0	448	178	10852	0	876	146	12756	130	18064	0	9044	0	11800	6864	12318	84	2542	676	1724	0	118	0	882	192	0	200	1488	142	2434	0	0	0	8910	0	5690	0	3170	0	0	0	0	0	0	0	0	0	0	0	0	0	6992	0	2290	0	78	0	84	0	700	0	0	0	82	0	0	844	2254	364	22242	0	544	98	132	0	1018	0	3908	0	2554	0	2070	0	162	0	1218	0	140	0	0	0	110	0	322	0	154	0	0	0	0	0	0	0	0	0	0	0	0	0	0	0	0	
338588	Cingulum_Ant_L	388	100	17674	4616	4414	776	4706	832	482	0	2682	494	3532	264	1254	0	108	0	7480	3552	3598	4016	20486	7314	5754	4572	2952	1356	8282	200	0	24428	4860	4072	0	0	0	0	522	0	1274	0	0	0	0	0	0	0	0	0	0	0	0	0	0	0	0	0	0	0	0	0	0	0	0	0	0	0	120	0	7100	5868	7792	1016	0	0	0	0	0	0	0	0	358	0	0	0	0	0	0	0	0	0	0	0	0	0	0	0	0	0	0	0	0	0	0	0	0	0	0	0	0	0	0	0	0	0	
452176	Cingulum_Ant_R	80	0	9916	29930	386	2318	1800	3400	0	0	524	1128	550	1556	76	124	0	0	8750	12276	1842	7152	18156	28692	578	10346	870	6072	1600	1488	24428	0	4288	18338	0	104	0	0	242	0	622	0	0	0	0	0	0	0	0	0	0	0	0	0	0	0	0	0	0	0	0	0	0	0	0	0	0	0	0	0	2176	17306	2762	5968	0	166	0	0	0	0	0	0	78	0	0	0	0	0	0	0	0	0	0	0	0	0	0	0	0	0	0	0	0	0	0	0	0	0	0	0	0	0	0	0	0	0	
176632	Cingulum_Mid_L	422	180	4976	1818	0	0	2774	450	0	0	0	138	78	352	0	0	80	0	11390	6836	0	0	5134	2298	0	0	0	0	638	142	4860	4288	0	16940	4758	2342	0	158	0	0	0	0	372	0	740	0	0	0	802	0	660	0	0	0	0	0	320	126	82	0	122	0	0	0	124	0	5576	1904	3938	1568	356	228	204	0	0	0	0	0	0	0	0	0	0	0	142	0	0	0	0	0	0	0	0	0	0	0	0	0	0	0	0	0	0	0	0	0	0	0	0	0	0	0	0	0	0	0	
432956	Cingulum_Mid_R	3558	1050	5478	20748	0	0	2184	4542	0	0	0	822	0	3200	0	0	0	0	17988	35716	0	0	11810	17170	0	0	0	0	256	2434	4072	18338	16940	0	2660	7454	0	188	0	108	0	0	146	324	302	436	0	190	270	264	150	0	0	0	0	118	0	2012	0	82	0	162	0	214	0	0	2644	7310	10108	12574	378	178	150	1356	0	0	154	0	0	0	0	158	0	0	0	0	0	0	0	82	0	0	0	0	0	0	0	0	0	0	0	0	0	0	0	0	0	0	0	0	0	0	0	0	0	0	
115912	Cingulum_Post_L	636	366	0	112	0	0	0	0	0	0	0	0	0	0	0	0	88	0	398	272	0	0	0	0	0	0	0	0	0	0	0	0	4758	2660	0	7832	2110	2870	846	1178	0	0	2324	0	2308	0	1590	134	866	0	866	0	272	264	2934	2432	2334	338	132	0	0	0	0	0	0	0	9506	2810	2304	312	0	0	0	0	0	0	0	0	412	0	0	0	0	0	352	0	0	0	844	220	0	142	0	0	0	0	0	0	0	0	0	0	0	0	0	0	0	0	0	0	134	0	0	0	0	0	
142708	Cingulum_Post_R	766	1706	124	334	0	0	0	0	0	0	0	0	0	88	0	0	0	0	934	1832	0	0	0	106	0	0	0	0	0	0	0	104	2342	7454	7832	0	1578	5106	584	2018	0	0	0	1226	128	702	0	1858	0	460	0	0	0	1506	162	7868	662	2674	0	0	0	0	0	0	0	0	1418	13146	774	2500	88	0	0	156	0	0	518	190	0	0	0	0	0	0	0	90	0	0	96	1212	0	572	0	0	0	0	0	0	0	0	0	0	0	0	0	0	0	0	0	0	440	0	0	0	0	0	
351300	Hippocampus_L	11786	246	4048	240	0	0	4702	128	122	0	2466	0	250	0	236	0	5802	0	1708	316	0	0	0	0	0	0	0	0	19650	0	0	0	0	0	2110	1578	0	1188	17710	360	8596	0	1142	0	0	0	4954	0	0	0	178	0	0	0	21510	290	5420	0	162	0	230	0	1074	0	0	0	2790	434	1128	158	2486	354	12518	148	1132	0	7588	330	7090	0	4246	0	2092	0	1240	0	84	0	10948	0	432	0	0	0	0	0	1008	0	860	0	164	0	108	0	0	0	110	0	0	0	0	0	0	0	0	0	
447116	Hippocampus_R	2322	8324	1480	7758	0	0	294	2708	0	0	0	1174	0	288	0	188	0	2146	3546	5624	0	160	0	0	0	0	0	0	180	8910	0	0	158	188	2870	5106	1188	0	538	47928	0	11320	0	172	0	0	0	3690	0	78	0	0	0	156	128	41668	534	2378	0	0	148	0	0	0	0	0	0	3484	1978	816	268	2870	0	27306	0	2528	474	7978	0	282	0	672	0	1560	0	374	0	352	102	3508	0	1250	0	464	0	322	0	2094	0	1286	0	0	0	106	0	0	0	0	0	0	134	0	0	0	0	0	
160344	ParaHippocampal_L	1312	0	698	92	280	0	586	0	0	0	86	0	0	0	254	0	226	0	200	102	2772	1168	0	0	0	0	242	0	2410	0	522	242	0	0	846	584	17710	538	0	268	5440	0	998	0	0	0	6334	0	0	0	90	0	0	0	11934	188	286	0	0	0	0	0	0	0	0	0	2890	342	202	0	2134	852	4668	176	0	0	1552	88	710	0	246	0	1158	0	164	0	550	0	2984	0	710	0	82	0	392	0	2138	0	1266	0	122	0	0	0	130	0	208	0	0	0	0	0	0	0	0	0	
367904	ParaHippocampal_R	612	4360	542	6682	0	0	182	2302	0	80	0	924	0	262	0	256	0	1304	2324	4704	0	308	0	0	0	0	0	0	128	5690	0	0	0	108	1178	2018	360	47928	268	0	0	7780	0	978	0	0	0	5542	0	180	0	182	0	462	0	36676	248	1430	0	0	0	0	0	0	0	0	0	2298	404	290	218	728	0	21850	0	2154	210	3856	0	228	0	620	0	1956	0	598	0	1012	0	1814	0	2292	0	706	0	592	0	3228	0	2564	0	0	0	220	0	0	0	116	0	0	0	0	0	0	0	0	
92564	Amygdala_L	112	0	632	114	868	0	0	0	158	0	0	0	76	0	666	76	0	0	142	0	3570	2018	96	90	0	0	816	0	4092	0	1274	622	0	0	0	0	8596	0	5440	0	0	0	0	0	0	0	0	0	0	0	0	0	0	0	3524	0	0	0	0	0	0	0	0	0	0	0	0	0	0	0	2280	1786	5998	386	0	0	0	0	0	0	0	0	1388	0	94	0	344	0	1024	0	0	0	0	0	0	0	0	0	0	0	0	0	0	0	0	0	0	0	0	0	0	0	0	0	0	0	
74052	Amygdala_R	0	0	0	122	0	0	0	0	0	170	0	0	0	0	0	330	0	0	0	100	0	746	0	0	0	0	0	0	0	3170	0	0	0	0	0	0	0	11320	0	7780	0	0	0	0	0	0	0	0	0	0	0	0	0	0	0	5822	0	0	0	0	0	0	0	0	0	0	0	0	0	0	0	0	94	2898	0	452	0	0	0	0	0	0	0	2514	0	0	0	494	0	576	0	0	0	0	0	208	0	230	0	0	0	0	0	0	0	0	0	0	0	0	0	0	0	0	0	0	
349556	Calcarine_L	0	0	0	0	0	0	0	0	0	0	0	0	0	0	0	0	234	0	0	0	0	0	0	0	0	0	0	0	136	0	0	0	372	146	2324	0	1142	0	998	0	0	0	0	11722	31356	4804	16088	5998	16684	1666	28422	326	4794	714	7274	1456	406	0	778	0	136	0	108	0	120	0	21714	984	274	0	0	0	0	0	0	0	0	0	332	0	198	0	0	0	4290	0	0	0	2584	260	742	462	0	0	0	0	882	810	598	416	0	0	0	0	0	0	0	0	0	0	1784	162	82	0	0	0	
380624	Calcarine_R	0	200	0	0	0	0	0	0	0	0	0	0	0	0	0	0	0	0	0	78	0	0	0	0	0	0	0	0	0	0	0	0	0	324	0	1226	0	172	0	978	0	0	11722	0	12146	33532	1294	28712	706	24792	298	9016	0	12138	0	12742	0	560	0	3056	0	448	0	160	0	1484	2346	25360	0	152	0	0	0	0	0	0	0	0	0	0	0	128	0	0	0	1466	0	0	0	4350	0	474	0	0	0	0	0	0	0	0	0	0	0	0	0	0	0	0	0	0	252	0	0	0	0	0	
317412	Cuneus_L	0	0	0	0	0	0	0	0	0	0	0	0	0	0	0	0	218	0	0	0	0	0	0	0	0	0	0	0	144	0	0	0	740	302	2308	128	0	0	0	0	0	0	31356	12146	0	9942	5076	2742	27308	2692	24704	496	4446	1168	3424	1282	294	0	1758	0	170	0	90	0	132	0	17072	2728	344	0	0	0	0	0	0	0	0	0	0	0	170	0	0	0	3304	0	0	0	1376	416	94	0	0	0	0	0	0	0	0	0	0	0	0	0	0	0	0	0	0	0	136	0	0	0	0	0	
276520	Cuneus_R	0	166	82	0	0	0	0	0	0	0	0	0	0	0	0	0	0	0	96	128	0	0	0	0	0	0	0	0	0	0	0	0	0	436	0	702	0	0	0	0	0	0	4804	33532	9942	0	202	6740	800	31590	820	3424	0	5266	0	2860	0	448	250	5462	170	834	0	0	174	280	5230	19948	0	196	0	0	0	0	0	0	0	0	0	0	0	0	0	0	84	738	0	0	0	2458	0	186	0	0	0	0	0	0	0	0	0	0	0	0	0	0	0	0	0	0	212	0	0	0	0	0	
407764	Lingual_L	432	0	0	0	0	0	78	0	0	0	0	0	0	0	0	0	214	0	0	0	0	0	0	0	0	0	0	0	188	0	0	0	0	0	1590	0	4954	0	6334	0	0	0	16088	1294	5076	202	0	4084	4920	192	11588	0	7530	148	33110	824	296	0	124	0	0	0	0	0	0	0	11546	0	0	0	82	0	134	0	0	0	530	0	768	0	154	0	0	0	660	0	0	0	2648	0	26324	1250	3686	416	290	90	12792	1342	25136	2048	300	0	922	374	180	174	0	0	166	204	7230	2990	1408	404	234	134	
401928	Lingual_R	0	112	0	100	0	0	0	0	0	0	0	0	0	0	0	0	0	0	0	114	0	0	0	0	0	0	0	0	0	0	0	0	0	190	134	1858	0	3690	0	5542	0	0	5998	28712	2742	6740	4084	0	0	5322	0	2316	76	9194	1698	27360	0	424	0	494	0	0	0	0	0	82	804	14536	0	92	0	0	0	224	0	0	0	918	0	0	0	0	0	0	0	902	0	0	0	1500	2996	12996	326	1652	256	1298	5480	10338	5760	13396	148	0	706	454	272	316	0	0	332	418	11148	4080	1804	390	350	90	
324280	Occipital_Sup_L	160	0	0	0	0	0	150	0	0	0	0	0	0	0	0	0	132	0	0	0	0	0	0	0	0	0	0	0	130	0	0	0	802	270	866	0	0	0	0	0	0	0	16684	706	27308	800	4920	0	0	250	47390	0	9618	232	4840	0	1356	0	16084	0	5046	0	606	0	3936	0	11164	830	168	0	0	0	0	0	0	0	0	0	0	0	180	0	0	0	6112	0	0	0	1132	170	98	0	0	0	0	0	0	0	0	0	0	0	0	0	0	0	0	0	0	0	0	0	0	0	0	0	
303792	Occipital_Sup_R	0	498	142	78	0	0	0	0	0	0	0	0	0	0	0	0	0	106	176	82	0	0	0	0	0	0	0	0	0	0	0	0	0	264	0	460	0	78	0	180	0	0	1666	24792	2692	31590	192	5322	250	0	586	21682	0	7008	0	3768	0	2436	224	10104	170	2802	0	864	174	5214	2388	13752	0	198	0	0	0	0	0	0	0	0	0	0	0	666	0	0	82	6180	0	0	0	4896	0	134	0	0	0	0	0	0	0	0	0	0	0	0	0	0	0	0	0	0	0	0	0	0	0	0	
570616	Occipital_Mid_L	1098	0	588	96	0	0	1494	148	0	0	300	0	176	0	0	0	2334	0	160	0	0	0	0	0	0	0	0	0	1968	0	0	0	660	150	866	0	178	0	90	0	0	0	28422	298	24704	820	11588	0	47390	586	0	0	23562	400	10622	0	4068	0	22108	0	18588	0	3502	0	21496	0	23562	1932	228	0	734	496	0	0	0	0	0	0	146	0	1998	0	0	0	21116	0	0	0	6016	212	408	0	0	0	0	0	0	0	0	0	0	0	0	0	0	0	0	0	0	0	0	0	0	0	0	0	
175728	Occipital_Mid_R	0	90	0	0	0	0	0	0	0	0	0	0	0	0	0	0	0	0	0	0	0	0	0	0	0	0	0	0	0	0	0	0	0	0	0	0	0	0	0	182	0	0	326	9016	496	3424	0	2316	0	21682	0	0	0	6652	0	2394	0	664	0	4016	0	4078	0	206	0	15636	0	3336	0	0	0	0	0	0	0	0	0	0	0	0	0	790	0	0	0	10604	0	0	0	1798	0	158	0	0	0	0	0	0	0	0	0	0	0	0	0	0	0	0	0	0	0	0	0	0	0	0	
182840	Occipital_Inf_L	0	0	0	0	0	0	0	0	0	0	0	0	0	0	0	0	222	0	0	0	0	0	0	0	0	0	0	0	180	0	0	0	0	0	272	0	0	0	0	0	0	0	4794	0	4446	0	7530	76	9618	0	23562	0	0	0	13326	0	318	0	1960	0	676	0	338	0	276	0	2356	0	0	0	0	0	0	0	0	0	0	0	192	0	154	0	0	0	8228	0	0	0	11390	0	1330	0	0	0	0	0	80	0	0	0	0	0	0	0	0	0	0	0	0	0	96	0	0	0	0	0	
179624	Occipital_Inf_R	0	316	0	0	0	0	0	0	0	0	0	0	0	0	0	0	0	0	86	0	0	0	0	0	0	0	0	0	0	0	0	0	0	0	264	1506	0	156	0	462	0	0	714	12138	1168	5266	148	9194	232	7008	400	6652	0	0	0	15398	254	394	128	730	80	88	0	0	82	286	1044	6066	0	0	0	0	0	0	0	0	0	0	0	0	0	90	0	0	0	5054	0	0	0	10160	166	1656	0	0	0	0	320	576	316	274	0	0	0	0	0	0	0	0	0	0	662	182	96	0	0	0	
579420	Fusiform_L	2610	0	790	0	0	0	858	0	0	0	614	0	0	0	0	0	3436	0	388	0	0	0	0	0	0	0	0	0	7950	0	0	0	0	0	2934	162	21510	128	11934	0	3524	0	7274	0	3424	0	33110	1698	4840	0	10622	0	13326	0	0	252	3176	0	1262	0	934	0	668	0	322	0	11236	144	250	0	714	0	3674	0	0	0	1042	0	4112	0	4458	0	3104	0	6968	0	1330	0	30516	0	30832	474	2004	256	270	0	11578	568	26776	686	1914	76	2450	212	240	0	400	0	0	0	3684	1084	620	214	78	0	
670120	Fusiform_R	954	4616	500	3694	0	0	128	1650	0	0	0	794	0	172	0	0	0	1620	1994	2674	0	0	0	0	0	0	0	0	82	6992	0	0	0	118	2432	7868	290	41668	188	36676	0	5822	1456	12742	1282	2860	824	27360	0	3768	0	2394	0	15398	252	0	842	2022	0	426	0	234	0	358	0	88	230	10546	628	306	104	522	0	17288	0	916	164	2440	0	574	0	1464	0	3442	0	1808	0	2228	0	14202	620	25886	0	4134	90	1358	1534	13606	1734	23314	82	0	504	2204	0	708	0	646	0	0	4694	1972	984	702	188	0	
289720	Postcentral_L	24832	1430	2378	274	0	0	1632	110	0	0	4846	0	1604	0	0	0	11726	0	3736	1486	0	0	0	0	0	0	0	0	8838	0	0	0	320	0	2334	662	5420	534	286	248	0	0	406	0	294	0	296	0	1356	0	4068	0	318	254	3176	842	0	0	11998	0	15848	0	5950	0	2416	0	3150	166	1560	1026	1400	1854	2488	0	186	0	1472	1240	3174	0	3804	0	202	0	1288	0	0	0	1538	96	108	94	0	0	0	0	0	0	96	0	0	0	0	0	0	0	0	0	0	0	0	0	0	0	0	0	
184588	Postcentral_R	556	14572	852	370	0	0	130	486	0	0	0	3834	0	0	0	0	0	5422	1316	982	0	0	0	0	0	0	0	0	0	2290	0	0	126	2012	338	2674	0	2378	0	1430	0	0	0	560	0	448	0	424	0	2436	0	664	0	394	0	2022	0	0	0	8508	0	7276	0	10428	0	302	214	7104	612	4392	386	204	0	2186	0	0	592	326	0	446	0	1314	0	0	0	396	0	0	0	680	0	100	0	0	0	0	0	0	0	112	0	0	0	0	0	0	0	0	0	0	0	0	0	0	0	0	
222384	Parietal_Sup_L	2128	122	590	120	0	0	1714	196	0	0	590	0	198	0	0	0	1044	0	194	94	0	0	0	0	0	0	0	0	1802	0	0	0	82	0	132	0	162	0	0	0	0	0	778	0	1758	250	124	0	16084	224	22108	0	1960	128	1262	0	11998	0	0	0	17148	0	1414	0	5780	0	12332	668	130	0	846	532	0	0	0	0	0	0	210	0	1374	0	0	0	3906	0	0	0	1010	0	0	0	0	0	0	0	0	0	0	0	0	0	0	0	0	0	0	0	0	0	0	0	0	0	0	0	
123220	Parietal_Sup_R	0	534	110	0	0	0	0	0	0	0	0	0	0	0	0	0	0	0	182	0	0	0	0	0	0	0	0	0	0	78	0	0	0	82	0	0	0	0	0	0	0	0	0	3056	0	5462	0	494	0	10104	0	4016	0	730	0	426	0	8508	0	0	0	11542	0	1988	0	4472	424	7968	0	0	0	0	0	0	0	0	0	0	0	0	0	150	0	0	0	792	0	0	0	492	0	0	0	0	0	0	0	0	0	0	0	0	0	0	0	0	0	0	0	0	0	0	0	0	0	0	
237508	Parietal_Inf_L	3018	112	390	114	0	0	1644	172	0	0	544	0	92	0	0	0	1444	0	176	84	0	0	0	0	0	0	0	0	1540	0	0	0	122	0	0	0	230	148	0	0	0	0	136	0	170	170	0	0	5046	170	18588	0	676	80	934	0	15848	0	17148	0	0	0	10860	0	23170	0	2522	702	124	0	740	404	0	0	0	0	82	0	302	0	1882	0	0	0	6732	0	0	0	2438	0	0	0	0	0	0	0	0	0	0	0	0	0	0	0	0	0	0	0	0	0	0	0	0	0	0	0	
107584	Parietal_Inf_R	0	656	258	0	0	0	0	0	0	0	0	0	0	0	0	0	0	260	682	130	0	0	0	0	0	0	0	0	0	84	0	0	0	162	0	0	0	0	0	0	0	0	0	448	0	834	0	0	0	2802	0	4078	0	88	0	234	0	7276	0	11542	0	0	0	9368	0	9854	248	2338	0	0	86	0	0	0	0	0	0	0	0	0	0	668	0	0	0	1220	0	0	0	476	0	0	0	0	0	0	0	0	0	0	0	0	0	0	0	0	0	0	0	0	0	0	0	0	0	0	
117376	SupraMarginal_L	0	0	0	0	0	0	82	0	0	0	0	0	0	0	0	0	3102	0	0	0	0	0	0	0	0	0	0	0	1522	0	0	0	0	0	0	0	1074	0	0	0	0	0	108	0	90	0	0	0	606	0	3502	0	338	0	668	0	5950	0	1414	0	10860	0	0	0	9362	0	996	232	0	0	0	0	0	0	0	0	0	0	1634	0	3668	0	0	0	9042	0	0	0	4438	0	0	0	0	0	0	0	0	0	0	0	0	0	0	0	0	0	0	0	0	0	0	0	0	0	0	0	
79952	SupraMarginal_R	0	272	0	0	0	0	0	0	0	0	0	0	0	0	0	0	0	4714	0	0	0	0	0	0	0	0	0	0	0	700	0	0	0	214	0	0	0	0	0	0	0	0	0	160	0	0	0	0	0	864	0	206	0	0	0	358	0	10428	0	1988	0	9368	0	0	0	2782	0	716	0	0	0	0	0	0	0	0	0	0	0	380	0	4728	0	0	0	1672	0	0	0	426	0	0	0	0	0	0	0	0	0	0	0	0	0	0	0	0	0	0	0	0	0	0	0	0	0	0	
176432	Angular_L	456	0	88	0	0	0	364	0	0	0	0	0	0	0	0	0	670	0	84	0	0	0	0	0	0	0	0	0	226	0	0	0	124	0	0	0	0	0	0	0	0	0	120	0	132	174	0	0	3936	174	21496	0	276	82	322	0	2416	0	5780	0	23170	0	9362	0	0	0	3020	804	94	0	350	172	0	0	0	0	0	0	92	0	1444	0	0	0	10534	0	0	0	2254	0	0	0	0	0	0	0	0	0	0	0	0	0	0	0	0	0	0	0	0	0	0	0	0	0	0	0	
110384	Angular_R	0	0	0	0	0	0	0	0	0	0	0	0	0	0	0	0	0	0	0	0	0	0	0	0	0	0	0	0	0	0	0	0	0	0	0	0	0	0	0	0	0	0	0	1484	0	280	0	82	0	5214	0	15636	0	286	0	88	0	302	0	4472	0	9854	0	2782	0	0	106	1376	0	0	0	0	0	0	0	0	0	0	0	0	0	2522	0	0	0	9872	0	0	0	836	0	0	0	0	0	0	0	0	0	0	0	0	0	0	0	0	0	0	0	0	0	0	0	0	0	0	
385284	Precuneus_L	174	0	214	0	0	0	346	0	0	0	0	0	0	0	0	0	1006	0	280	290	0	0	0	0	0	0	0	0	516	0	0	0	5576	2644	9506	1418	2790	0	2890	0	0	0	21714	2346	17072	5230	11546	804	11164	2388	23562	0	2356	1044	11236	230	3150	214	12332	424	2522	248	996	0	3020	106	0	15458	2728	340	166	144	0	0	0	0	0	0	540	0	902	368	0	0	3266	722	0	0	3818	726	864	0	0	0	0	0	160	0	706	0	0	0	0	0	0	0	0	0	0	0	380	0	0	0	0	0	
386228	Precuneus_R	200	1722	194	216	0	0	0	0	0	0	0	0	0	0	0	0	0	0	464	1622	0	0	0	0	0	0	0	0	0	82	0	0	1904	7310	2810	13146	434	3484	342	2298	0	0	984	25360	2728	19948	0	14536	830	13752	1932	3336	0	6066	144	10546	166	7104	668	7968	702	2338	232	716	804	1376	15458	0	308	4328	0	0	0	188	0	0	226	444	0	0	0	1456	0	0	182	3888	0	0	146	5080	0	718	0	82	0	0	0	626	0	214	0	0	0	0	0	0	0	0	0	0	1306	0	0	0	0	0	
223988	Paracentral_Lobule_L	19464	5132	2222	436	0	0	1724	0	0	0	0	0	0	0	0	0	156	0	11882	14346	0	0	0	0	0	0	0	0	220	0	120	0	3938	10108	2304	774	1128	1978	202	404	0	0	274	0	344	0	0	0	168	0	228	0	0	0	250	628	1560	612	130	0	124	0	0	0	94	0	2728	308	0	9834	5990	300	1238	0	1342	0	9096	122	0	0	0	0	0	0	0	0	0	0	86	0	0	0	0	0	0	0	0	0	0	0	0	0	0	0	0	0	0	0	0	0	0	0	0	0	0	0	
168664	Paracentral_Lobule_R	6538	10702	258	0	0	0	124	0	0	0	0	0	0	0	0	0	420	0	1872	21596	0	0	0	0	0	0	0	0	136	0	0	0	1568	12574	312	2500	158	816	0	290	0	0	0	152	0	196	0	92	0	198	0	0	0	0	0	306	1026	4392	0	0	0	0	0	0	0	0	340	4328	9834	0	1086	410	96	0	90	0	1344	366	114	0	0	0	0	0	0	0	0	0	0	98	0	0	0	0	0	0	0	0	0	0	0	0	0	0	0	0	0	0	0	0	0	0	0	0	0	0	
355708	Caudate_L	12662	2038	9982	2548	406	0	6578	3626	0	96	1318	1210	1058	1498	332	272	688	144	13410	1846	6244	8034	404	350	214	320	1836	166	4608	844	7100	2176	356	378	0	88	2486	268	2134	218	2280	0	0	0	0	0	82	0	0	0	734	0	0	0	714	104	1400	386	846	0	740	86	0	0	350	0	166	0	5990	1086	0	17308	25644	1918	3462	0	14546	86	390	0	418	0	526	0	164	0	0	0	492	0	0	0	0	0	0	0	0	0	0	0	0	0	0	0	0	0	0	0	0	0	0	0	0	0	0	0	
483156	Caudate_R	3834	5408	4080	23912	308	1990	2046	10026	0	2036	776	826	736	4398	206	4948	230	212	6940	17014	4298	13366	922	8778	196	4358	2010	6742	2046	2254	5868	17306	228	178	0	0	354	2870	852	728	1786	0	0	0	0	0	0	0	0	0	496	0	0	0	0	522	1854	204	532	0	404	0	0	0	172	0	144	0	300	410	17308	0	9086	23490	446	2368	414	17644	198	0	144	0	232	0	144	0	0	0	0	0	0	0	0	0	0	0	0	0	0	0	0	0	0	0	0	0	0	0	0	0	0	0	0	0	0	0	
356684	Putamen_L	9740	254	15552	848	808	0	4964	1094	726	80	1902	240	1648	856	1944	142	1686	0	14328	286	5646	7124	1142	204	86	140	1100	112	16218	364	7792	2762	204	150	0	0	12518	0	4668	0	5998	94	0	0	0	0	134	0	0	0	0	0	0	0	3674	0	2488	0	0	0	0	0	0	0	0	0	0	0	1238	96	25644	9086	0	1052	5204	0	2046	0	164	0	826	0	1866	0	0	0	0	0	1118	0	0	0	0	0	0	0	110	0	176	0	0	0	0	0	0	0	0	0	0	0	0	0	0	0	0	0	
470540	Putamen_R	82	1940	1146	26300	0	408	288	11474	0	2936	0	3064	0	5214	0	7356	0	3286	5574	16718	210	1728	316	4452	0	556	90	1032	282	22242	1016	5968	0	1356	0	156	148	27306	176	21850	386	2898	0	0	0	0	0	224	0	0	0	0	0	0	0	17288	0	2186	0	0	0	0	0	0	0	0	0	188	0	0	1918	23490	1052	0	0	4442	0	1534	0	0	0	640	0	212	0	136	0	0	0	522	0	1072	0	440	0	0	0	758	0	1116	0	0	0	98	0	0	0	0	0	0	0	0	0	0	0	0	
41768	Pallidum_L	1538	136	2166	0	0	0	442	0	0	0	0	0	0	0	0	0	0	0	2384	76	0	512	0	0	0	0	0	0	0	0	0	0	0	0	0	0	1132	0	0	0	0	0	0	0	0	0	0	0	0	0	0	0	0	0	0	0	186	0	0	0	0	0	0	0	0	0	0	0	1342	90	3462	446	5204	0	0	0	1768	0	0	0	0	0	0	0	0	0	0	0	0	0	0	0	0	0	0	0	0	0	0	0	0	0	0	0	0	0	0	0	0	0	0	0	0	0	0	0	
37484	Pallidum_R	0	448	96	2494	0	0	0	928	0	0	0	114	0	102	0	0	0	146	194	572	0	0	0	78	0	0	0	0	0	544	0	166	0	0	0	0	0	2528	0	2154	0	452	0	0	0	0	0	0	0	0	0	0	0	0	0	916	0	0	0	0	0	0	0	0	0	0	0	0	0	0	0	2368	0	4442	0	0	0	0	0	0	0	0	0	0	0	0	0	0	0	0	0	0	0	0	0	0	0	0	0	0	0	0	0	0	0	0	0	0	0	0	0	0	0	0	0	0	
151612	Thalamus_L	14306	2122	1354	112	0	0	3238	122	0	0	654	0	0	0	0	0	704	0	1864	1456	0	0	0	0	0	0	0	0	2782	98	0	0	0	154	0	518	7588	474	1552	210	0	0	0	0	0	0	530	0	0	0	0	0	0	0	1042	164	1472	592	0	0	82	0	0	0	0	0	0	226	9096	1344	14546	414	2046	0	1768	0	0	956	1108	0	430	0	0	0	0	0	0	0	682	0	0	0	0	0	0	0	0	0	0	0	0	0	0	0	0	0	0	0	0	0	0	0	0	0	0	0	
107520	Thalamus_R	1866	8082	372	1484	0	0	250	470	0	0	0	112	0	0	0	0	0	86	578	1490	0	0	0	0	0	0	0	0	98	132	0	0	0	0	0	190	330	7978	88	3856	0	0	0	0	0	0	0	918	0	0	0	0	0	0	0	2440	1240	326	0	0	0	0	0	0	0	0	0	444	122	366	86	17644	0	1534	0	0	956	0	80	0	0	0	0	0	0	0	0	0	0	0	0	0	0	0	0	0	0	142	0	0	0	0	0	0	0	0	0	0	0	0	0	0	0	0	0	0	
124172	Heschl_L	3672	186	1276	80	0	0	2084	80	0	0	2822	0	96	0	0	0	7516	0	746	154	0	0	0	0	0	0	0	0	8814	0	0	0	0	0	412	0	7090	0	710	0	0	0	332	0	0	0	768	0	0	0	146	0	192	0	4112	0	3174	0	210	0	302	0	1634	0	92	0	540	0	0	114	390	198	164	0	0	0	1108	80	0	0	5992	0	140	0	1652	0	0	0	3142	0	908	0	0	0	0	0	84	0	746	0	0	0	128	0	0	0	0	0	0	0	0	0	0	0	0	0	
21340	Heschl_R	0	118	0	100	0	0	0	0	0	0	0	106	0	0	0	0	0	2880	0	0	0	0	0	0	0	0	0	0	0	1018	0	0	0	0	0	0	0	282	0	228	0	0	0	0	0	0	0	0	0	0	0	0	0	0	0	574	0	446	0	0	0	0	0	380	0	0	0	0	0	0	0	0	0	0	0	0	0	0	0	0	0	3778	0	0	0	508	0	0	0	252	0	0	0	0	0	0	0	0	0	0	0	0	0	0	0	0	0	0	0	0	0	0	0	0	0	0	
235436	Temporal_Sup_L	3942	126	2774	0	0	0	2424	0	0	0	7782	0	668	0	0	0	14358	0	2302	86	0	0	0	0	0	0	0	0	12722	0	0	0	0	0	0	0	4246	0	246	0	0	0	198	0	170	0	154	0	180	0	1998	0	154	0	4458	0	3804	0	1374	0	1882	0	3668	0	1444	0	902	0	0	0	418	144	826	0	0	0	430	0	5992	0	0	0	8632	0	17598	0	0	0	11540	0	0	0	0	0	0	0	76	0	0	0	0	0	0	0	0	0	0	0	0	0	0	0	0	0	0	0	
108384	Temporal_Sup_R	0	444	0	0	0	0	0	0	0	0	0	228	0	0	0	574	0	5606	0	0	0	0	0	0	0	0	0	0	0	3908	0	0	0	158	0	0	0	672	0	620	0	0	0	128	0	0	0	0	0	666	0	790	0	90	0	1464	0	1314	0	150	0	668	0	4728	0	2522	368	1456	0	0	0	0	0	640	0	0	0	0	0	3778	0	0	0	2086	0	17714	0	216	0	3204	0	0	0	0	0	0	0	0	0	0	0	0	0	0	0	0	0	0	0	0	0	0	0	0	0	0	
156612	Temporal_Pole_Sup_L	1696	0	3598	0	712	0	1946	0	922	0	5736	0	1092	0	4502	0	5180	0	2248	0	1134	294	170	0	0	0	106	0	12406	0	358	78	0	0	0	0	2092	0	1158	0	1388	0	0	0	0	0	0	0	0	0	0	0	0	0	3104	0	202	0	0	0	0	0	0	0	0	0	0	0	0	0	526	232	1866	0	0	0	0	0	140	0	8632	0	0	0	7654	0	3408	0	5726	0	0	0	0	0	0	0	0	0	0	0	0	0	0	0	0	0	0	0	0	0	0	0	0	0	0	0	
64888	Temporal_Pole_Sup_R	0	0	0	250	0	0	0	542	0	0	0	1220	0	210	0	836	0	1500	460	540	0	108	0	0	0	0	0	0	0	2554	0	0	0	0	0	0	0	1560	0	1956	0	2514	0	0	0	0	0	0	0	0	0	0	0	0	0	3442	0	0	0	0	0	0	0	0	0	0	0	0	0	0	0	0	0	212	0	0	0	0	0	0	0	2086	0	0	0	2780	0	5348	0	4326	0	0	0	0	0	0	0	0	0	0	0	0	0	0	0	0	0	0	0	0	0	0	0	0	0	0	
332460	Temporal_Mid_L	312	0	134	0	0	0	356	0	0	0	172	0	0	0	0	0	1236	0	80	0	0	0	0	0	0	0	0	0	2170	0	0	0	142	0	352	0	1240	0	164	0	94	0	4290	0	3304	84	660	0	6112	82	21116	0	8228	0	6968	0	1288	0	3906	0	6732	0	9042	0	10534	0	3266	182	0	0	164	144	0	0	0	0	0	0	1652	0	17598	0	7654	0	0	0	2206	0	44436	0	130	0	0	0	0	0	0	0	0	0	0	0	0	0	0	0	0	0	0	0	0	0	0	0	0	0	
192900	Temporal_Mid_R	0	202	0	0	0	0	0	0	0	0	0	0	0	0	0	0	0	378	0	0	0	0	0	0	0	0	0	0	0	2070	0	0	0	0	0	90	0	374	0	598	0	0	0	1466	0	738	0	902	0	6180	0	10604	0	5054	0	1808	0	396	0	792	0	1220	0	1672	0	9872	722	3888	0	0	0	0	0	136	0	0	0	0	0	508	0	17714	0	2780	0	0	0	1252	0	25034	0	0	0	0	0	0	0	0	0	0	0	0	0	0	0	0	0	0	0	0	0	0	0	0	0	0	
20880	Temporal_Pole_Mid_L	0	0	0	0	0	0	0	0	0	0	0	0	0	0	0	0	0	0	0	0	0	0	0	0	0	0	0	0	0	0	0	0	0	0	0	0	84	0	550	0	344	0	0	0	0	0	0	0	0	0	0	0	0	0	1330	0	0	0	0	0	0	0	0	0	0	0	0	0	0	0	0	0	0	0	0	0	0	0	0	0	0	0	3408	0	2206	0	0	0	2518	0	0	0	0	0	0	0	0	0	0	0	0	0	0	0	0	0	0	0	0	0	0	0	0	0	0	0	
29220	Temporal_Pole_Mid_R	0	0	0	0	0	0	0	0	0	0	0	0	0	0	0	0	0	0	0	0	0	0	0	0	0	0	0	0	0	162	0	0	0	0	0	0	0	352	0	1012	0	494	0	0	0	0	0	0	0	0	0	0	0	0	0	2228	0	0	0	0	0	0	0	0	0	0	0	0	0	0	0	0	0	0	0	0	0	0	0	0	0	216	0	5348	0	1252	0	0	0	3546	0	0	0	0	0	0	0	0	0	0	0	0	0	0	0	0	0	0	0	0	0	0	0	0	0	0	
361552	Temporal_Inf_L	718	0	120	0	0	0	340	0	0	0	354	0	0	0	0	0	1794	0	0	0	0	0	0	0	0	0	0	0	4484	0	0	0	0	0	844	96	10948	102	2984	0	1024	0	2584	0	1376	0	2648	0	1132	0	6016	0	11390	0	30516	0	1538	0	1010	0	2438	0	4438	0	2254	0	3818	146	86	0	492	0	1118	0	0	0	682	0	3142	0	11540	0	5726	0	44436	0	2518	0	0	0	6740	0	1000	0	0	0	932	0	4442	0	1140	0	1670	0	0	0	0	0	0	0	0	0	0	0	0	0	
199108	Temporal_Inf_R	0	810	0	80	0	0	0	0	0	0	0	0	0	0	0	0	0	104	116	84	0	0	0	0	0	0	0	0	0	1218	0	0	0	82	220	1212	0	3508	0	1814	0	576	260	4350	416	2458	0	1500	170	4896	212	1798	0	10160	0	14202	96	680	0	492	0	476	0	426	0	836	726	5080	0	98	0	0	0	522	0	0	0	0	0	252	0	3204	0	4326	0	25034	0	3546	0	0	0	2724	0	388	0	0	0	120	0	282	0	0	0	0	0	0	0	0	0	0	0	0	0	0	0	0	
666796	Cerebelum_Crus1_L	80	0	0	0	0	0	0	0	0	0	0	0	0	0	0	0	472	0	0	0	0	0	0	0	0	0	0	0	146	0	0	0	0	0	0	0	432	0	710	0	0	0	742	0	94	0	26324	2996	98	0	408	0	1330	166	30832	620	108	0	0	0	0	0	0	0	0	0	864	0	0	0	0	0	0	0	0	0	0	0	908	0	0	0	0	0	130	0	0	0	6740	0	0	5058	34466	8344	2200	1254	24138	8160	60852	9196	14722	2858	22242	5582	3236	1636	916	0	1730	2228	14610	10372	15974	6442	1980	1002	
489912	Cerebelum_Crus1_R	0	90	0	0	0	0	0	0	0	0	0	0	0	0	0	0	0	0	0	0	0	0	0	0	0	0	0	0	0	140	0	0	0	0	142	572	0	1250	0	2292	0	0	462	474	0	186	1250	12996	0	134	0	158	0	1656	474	25886	94	100	0	0	0	0	0	0	0	0	0	718	0	0	0	0	0	1072	0	0	0	0	0	0	0	0	0	0	0	0	0	0	0	2724	5058	0	2838	39590	282	7778	3950	27628	6808	54608	912	5318	1352	9554	274	476	0	494	224	420	9716	7314	6174	872	300	146	
310740	Cerebelum_Crus2_L	0	0	0	0	0	0	0	0	0	0	0	0	0	0	0	0	0	0	0	0	0	0	0	0	0	0	0	0	0	0	0	0	0	0	0	0	0	0	82	0	0	0	0	0	0	0	3686	326	0	0	0	0	0	0	2004	0	0	0	0	0	0	0	0	0	0	0	0	0	0	0	0	0	0	0	0	0	0	0	0	0	0	0	0	0	0	0	0	0	1000	0	34466	2838	0	6140	394	500	4358	1298	19056	2504	26948	2840	23522	2586	1876	488	278	0	312	394	2070	3008	7546	4312	538	0	
453696	Cerebelum_Crus2_R	0	0	0	0	0	0	0	0	0	0	0	0	0	0	0	0	0	0	0	0	0	0	0	0	0	0	0	0	0	0	0	0	0	0	0	0	0	464	0	706	0	0	0	0	0	0	416	1652	0	0	0	0	0	0	256	4134	0	0	0	0	0	0	0	0	0	0	0	82	0	0	0	0	0	440	0	0	0	0	0	0	0	0	0	0	0	0	0	0	0	388	8344	39590	6140	0	346	6076	3800	16304	5060	23590	4130	25078	9252	28372	1894	4840	298	556	670	1168	5416	2438	14520	8886	1316	226	
107108	Cerebelum_3_L	0	0	0	0	0	0	0	0	0	0	0	0	0	0	0	0	0	0	0	0	0	0	0	0	0	0	0	0	0	0	0	0	0	0	0	0	0	0	392	0	0	0	0	0	0	0	290	256	0	0	0	0	0	0	270	90	0	0	0	0	0	0	0	0	0	0	0	0	0	0	0	0	0	0	0	0	0	0	0	0	0	0	0	0	0	0	0	0	0	0	2200	282	394	346	0	1112	9562	1360	2698	1572	170	138	2832	810	4604	2140	116	0	2578	3868	3904	1856	3096	2938	2610	1070	
143420	Cerebelum_3_R	0	0	0	0	0	0	0	0	0	0	0	0	0	0	0	0	0	0	0	0	0	0	0	0	0	0	0	0	0	110	0	0	0	0	0	0	0	322	0	592	0	208	0	0	0	0	90	1298	0	0	0	0	0	0	0	1358	0	0	0	0	0	0	0	0	0	0	0	0	0	0	0	0	0	0	0	0	0	0	0	0	0	0	0	0	0	0	0	0	0	0	1254	7778	500	6076	1112	0	2040	11594	1014	8908	382	358	2052	2904	1566	3662	0	0	892	4404	1902	472	2570	3112	2736	444	
461800	Cerebelum_4_5_L	92	0	0	0	0	0	0	0	0	0	0	0	0	0	0	0	106	0	0	0	0	0	0	0	0	0	0	0	252	0	0	0	0	0	0	0	1008	0	2138	0	0	0	882	0	0	0	12792	5480	0	0	0	0	80	320	11578	1534	0	0	0	0	0	0	0	0	0	0	160	0	0	0	0	0	110	0	0	0	0	0	84	0	76	0	0	0	0	0	0	0	932	0	24138	3950	4358	3800	9562	2040	0	8532	34630	8498	2564	990	9696	4140	8198	4182	1230	0	3464	5144	21938	7840	10448	7034	5156	1744	
446072	Cerebelum_4_5_R	0	0	0	128	0	0	0	0	0	0	0	0	0	0	0	0	0	0	0	108	0	0	0	0	0	0	0	0	0	322	0	0	0	0	0	0	0	2094	0	3228	0	230	810	0	0	0	1342	10338	0	0	0	0	0	576	568	13606	0	0	0	0	0	0	0	0	0	0	0	626	0	0	0	0	0	758	0	0	0	142	0	0	0	0	0	0	0	0	0	0	0	120	8160	27628	1298	16304	1360	11594	8532	0	7858	37832	986	460	5542	8030	1898	3184	406	994	1528	2486	18450	5400	9914	4762	2592	842	
598792	Cerebelum_6_L	82	0	0	0	0	0	0	0	0	0	0	0	0	0	0	0	390	0	0	0	0	0	0	0	0	0	0	0	160	0	0	0	0	0	0	0	860	0	1266	0	0	0	598	0	0	0	25136	5760	0	0	0	0	0	316	26776	1734	96	0	0	0	0	0	0	0	0	0	706	0	0	0	0	0	176	0	0	0	0	0	746	0	0	0	0	0	0	0	0	0	4442	0	60852	6808	19056	5060	2698	1014	34630	7858	0	10820	8226	888	12492	3832	2182	1484	1558	0	1330	1752	17824	12084	11276	3782	1796	850	
537092	Cerebelum_6_R	0	0	0	0	0	0	0	0	0	0	0	84	0	0	0	0	0	0	0	0	0	0	0	0	0	0	0	0	0	154	0	0	0	0	0	0	0	1286	0	2564	0	0	416	0	0	0	2048	13396	0	0	0	0	0	274	686	23314	0	112	0	0	0	0	0	0	0	0	0	214	0	0	0	0	0	1116	0	0	0	0	0	0	0	0	0	0	0	0	0	0	0	282	9196	54608	2504	23590	1572	8908	8498	37832	10820	0	782	752	3324	6444	1518	1748	276	1080	1374	1798	17676	13640	9822	2586	1354	898	
244424	Cerebelum_7b_L	0	0	0	0	0	0	0	0	0	0	0	0	0	0	0	0	0	0	0	0	0	0	0	0	0	0	0	0	0	0	0	0	0	0	0	0	164	0	122	0	0	0	0	0	0	0	300	148	0	0	0	0	0	0	1914	82	0	0	0	0	0	0	0	0	0	0	0	0	0	0	0	0	0	0	0	0	0	0	0	0	0	0	0	0	0	0	0	0	1140	0	14722	912	26948	4130	170	382	2564	986	8226	782	0	2004	32864	2552	5056	774	1546	0	348	402	1272	982	5462	4130	942	186	
181200	Cerebelum_7b_R	0	0	0	0	0	0	0	0	0	0	0	0	0	0	0	0	0	0	0	0	0	0	0	0	0	0	0	0	0	0	0	0	0	0	0	0	0	0	0	0	0	0	0	0	0	0	0	0	0	0	0	0	0	0	76	0	0	0	0	0	0	0	0	0	0	0	0	0	0	0	0	0	0	0	0	0	0	0	0	0	0	0	0	0	0	0	0	0	0	0	2858	5318	2840	25078	138	358	990	460	888	752	2004	0	3694	24462	1410	6032	86	404	260	332	634	76	5640	5234	498	78	
451288	Cerebelum_8_L	0	0	0	0	0	0	0	0	0	0	0	0	0	0	0	0	0	0	0	0	0	0	0	0	0	0	0	0	0	0	0	0	0	0	0	0	108	0	0	0	0	0	0	0	0	0	922	706	0	0	0	0	0	0	2450	504	0	0	0	0	0	0	0	0	0	0	0	0	0	0	0	0	0	0	0	0	0	0	128	0	0	0	0	0	0	0	0	0	1670	0	22242	1352	23522	9252	2832	2052	9696	5542	12492	3324	32864	3694	0	9044	23548	4246	4906	0	1536	2732	6794	3456	15126	13000	4958	946	
344664	Cerebelum_8_R	0	0	0	0	0	0	0	0	0	0	0	0	0	0	0	0	0	0	0	0	0	0	0	0	0	0	0	0	0	0	0	0	0	0	0	0	0	106	0	220	0	0	0	0	0	0	374	454	0	0	0	0	0	0	212	2204	0	0	0	0	0	0	0	0	0	0	0	0	0	0	0	0	0	98	0	0	0	0	0	0	0	0	0	0	0	0	0	0	0	0	5582	9554	2586	28372	810	2904	4140	8030	3832	6444	2552	24462	9044	0	1692	18810	414	3436	1394	1934	4568	1120	12200	10934	3200	650	
193244	Cerebelum_9_L	0	0	0	0	0	0	0	0	0	0	0	0	0	0	0	0	0	0	0	0	0	0	0	0	0	0	0	0	0	0	0	0	0	0	0	0	0	0	130	0	0	0	0	0	0	0	180	272	0	0	0	0	0	0	240	0	0	0	0	0	0	0	0	0	0	0	0	0	0	0	0	0	0	0	0	0	0	0	0	0	0	0	0	0	0	0	0	0	0	0	3236	274	1876	1894	4604	1566	8198	1898	2182	1518	5056	1410	23548	1692	0	4662	5698	0	1758	2950	3512	1568	4598	6198	4854	1050	
196148	Cerebelum_9_R	0	0	0	0	0	0	0	0	0	0	0	0	0	0	0	0	0	0	0	0	0	0	0	0	0	0	0	0	0	0	0	0	0	0	0	0	0	0	0	0	0	0	0	0	0	0	174	316	0	0	0	0	0	0	0	708	0	0	0	0	0	0	0	0	0	0	0	0	0	0	0	0	0	0	0	0	0	0	0	0	0	0	0	0	0	0	0	0	0	0	1636	476	488	4840	2140	3662	4182	3184	1484	1748	774	6032	4246	18810	4662	0	116	3390	2376	4530	3498	1056	4766	7888	8582	2310	
41088	Cerebelum_10_L	0	0	0	0	0	0	0	0	0	0	0	0	0	0	0	0	0	0	0	0	0	0	0	0	0	0	0	0	0	0	0	0	0	0	0	0	110	0	208	0	0	0	0	0	0	0	0	0	0	0	0	0	0	0	400	0	0	0	0	0	0	0	0	0	0	0	0	0	0	0	0	0	0	0	0	0	0	0	0	0	0	0	0	0	0	0	0	0	0	0	916	0	278	298	116	0	1230	406	1558	276	1546	86	4906	414	5698	116	0	0	0	0	436	242	736	436	132	0	
22544	Cerebelum_10_R	0	0	0	0	0	0	0	0	0	0	0	0	0	0	0	0	0	0	0	0	0	0	0	0	0	0	0	0	0	0	0	0	0	0	0	0	0	0	0	116	0	0	0	0	0	0	0	0	0	0	0	0	0	0	0	646	0	0	0	0	0	0	0	0	0	0	0	0	0	0	0	0	0	0	0	0	0	0	0	0	0	0	0	0	0	0	0	0	0	0	0	494	0	556	0	0	0	994	0	1080	0	404	0	3436	0	3390	0	0	0	0	0	0	0	156	0	0	
