data	data	676640	546192	796808	649048	80720	80876	414792	176396	55260	30456	258444	109324	213028	145316	116320	105428	181684	90672	711548	814000	67272	79076	279572	243672	24032	59864	37936	50948	565028	365140	294560	332968	131960	575760	158176	237396	287328	462440	62336	351372	27856	65988	311040	455456	338032	376452	345584	405740	315168	318536	557604	247996	154236	121788	478680	761812	364636	580664	202704	85024	250728	96992	155060	104248	177052	184912	408576	672652	445244	573248	239752	349568	247720	391744	27016	27272	152980	155152	93788	28668	204212	172108	68556	62048	294616	343272	13200	20324	289276	313656	532844	500912	361204	367652	36972	62188	357588	344312	541916	509824	301152	162108	413964	422004	128908	203824	24552	9632	32768	72020	322164	242276	336204	247320	147436	67032	
data	data	Precentral_L	Precentral_R	Frontal_Sup_L	Frontal_Sup_R	Frontal_Sup_Orb_L	Frontal_Sup_Orb_R	Frontal_Mid_L	Frontal_Mid_R	Frontal_Mid_Orb_L	Frontal_Mid_Orb_R	Frontal_Inf_Oper_L	Frontal_Inf_Oper_R	Frontal_Inf_Tri_L	Frontal_Inf_Tri_R	Frontal_Inf_Orb_L	Frontal_Inf_Orb_R	Rolandic_Oper_L	Rolandic_Oper_R	Supp_Motor_Area_L	Supp_Motor_Area_R	Olfactory_L	Olfactory_R	Frontal_Sup_Medial_L	Frontal_Sup_Medial_R	Frontal_Med_Orb_L	Frontal_Med_Orb_R	Rectus_L	Rectus_R	Insula_L	Insula_R	Cingulum_Ant_L	Cingulum_Ant_R	Cingulum_Mid_L	Cingulum_Mid_R	Cingulum_Post_L	Cingulum_Post_R	Hippocampus_L	Hippocampus_R	ParaHippocampal_L	ParaHippocampal_R	Amygdala_L	Amygdala_R	Calcarine_L	Calcarine_R	Cuneus_L	Cuneus_R	Lingual_L	Lingual_R	Occipital_Sup_L	Occipital_Sup_R	Occipital_Mid_L	Occipital_Mid_R	Occipital_Inf_L	Occipital_Inf_R	Fusiform_L	Fusiform_R	Postcentral_L	Postcentral_R	Parietal_Sup_L	Parietal_Sup_R	Parietal_Inf_L	Parietal_Inf_R	SupraMarginal_L	SupraMarginal_R	Angular_L	Angular_R	Precuneus_L	Precuneus_R	Paracentral_Lobule_L	Paracentral_Lobule_R	Caudate_L	Caudate_R	Putamen_L	Putamen_R	Pallidum_L	Pallidum_R	Thalamus_L	Thalamus_R	Heschl_L	Heschl_R	Temporal_Sup_L	Temporal_Sup_R	Temporal_Pole_Sup_L	Temporal_Pole_Sup_R	Temporal_Mid_L	Temporal_Mid_R	Temporal_Pole_Mid_L	Temporal_Pole_Mid_R	Temporal_Inf_L	Temporal_Inf_R	Cerebelum_Crus1_L	Cerebelum_Crus1_R	Cerebelum_Crus2_L	Cerebelum_Crus2_R	Cerebelum_3_L	Cerebelum_3_R	Cerebelum_4_5_L	Cerebelum_4_5_R	Cerebelum_6_L	Cerebelum_6_R	Cerebelum_7b_L	Cerebelum_7b_R	Cerebelum_8_L	Cerebelum_8_R	Cerebelum_9_L	Cerebelum_9_R	Cerebelum_10_L	Cerebelum_10_R	Vermis_1_2	Vermis_3	Vermis_4_5	Vermis_6	Vermis_7	Vermis_8	Vermis_9	Vermis_10	
676640	Precentral_L	0	20022	18720	1148	186	0	24852	0	0	0	25506	0	10230	0	636	0	7166	0	7590	16904	0	0	1254	0	0	0	0	0	18870	0	1012	0	346	15326	1610	3770	4476	1716	306	400	0	0	494	2656	606	1402	102	366	150	780	2304	566	780	258	994	620	28322	16694	2936	124	5998	224	2364	212	2056	1150	1034	12082	15558	20382	4558	856	4050	140	348	188	6004	1268	4316	0	1848	1228	132	0	1402	4104	0	0	2462	2020	0	0	0	0	0	0	0	0	0	0	0	0	0	0	0	0	0	0	0	0	136	0	0	0	0	0	
546192	Precentral_R	20022	0	4344	8256	0	0	1242	4190	0	0	0	3676	0	1446	0	86	168	582	3166	21582	0	0	0	0	0	0	0	0	1636	2944	0	470	194	18672	1516	5354	584	6972	0	3602	0	0	0	4224	0	1762	0	880	0	1166	0	990	0	434	242	6512	552	39990	0	214	0	786	0	2908	0	1500	188	14874	14212	34468	1022	4014	1456	1096	0	120	862	10094	0	1208	126	4626	0	0	0	5786	0	0	0	5930	0	150	0	0	0	0	0	0	0	0	0	0	0	0	0	0	0	0	0	0	0	0	0	0	0	0	
796808	Frontal_Sup_L	18720	4344	0	14380	4278	0	61558	500	2874	0	18228	0	13712	86	4972	0	8232	0	77538	12180	0	0	37984	1242	274	0	0	0	29060	160	18702	1548	1474	820	170	812	2288	710	146	352	0	0	0	0	0	0	0	0	0	0	0	0	0	0	1040	248	1546	230	0	0	0	0	0	0	0	0	0	0	17074	854	8536	3052	15376	990	1100	762	4898	1642	178	0	1398	0	1122	0	0	0	0	0	760	0	0	0	0	0	0	0	96	0	158	0	0	0	0	0	0	0	0	0	0	0	0	0	0	0	0	0	
649048	Frontal_Sup_R	1148	8256	14380	0	0	3738	2660	22438	0	174	294	2578	368	7736	78	3204	0	822	30416	56034	0	324	8212	30844	0	2866	0	668	1224	13242	4766	27360	1206	19386	110	170	270	3952	0	3002	0	0	0	188	0	0	0	0	0	0	0	0	0	0	78	2406	0	1108	0	0	0	0	0	182	0	0	0	296	2306	104	2406	15852	800	17150	134	1294	320	7260	0	0	0	228	0	84	0	100	0	0	0	158	0	0	0	0	0	0	0	144	0	0	0	0	0	0	0	0	0	0	0	0	0	0	0	0	0	0	
80720	Frontal_Sup_Orb_L	186	0	4278	0	0	0	1910	0	8142	0	236	0	1702	0	11332	0	0	0	86	0	756	164	1538	0	2108	132	1710	0	3028	0	2206	0	0	0	0	0	0	0	0	0	0	0	0	0	0	0	0	0	0	0	0	0	0	0	0	0	0	0	0	0	0	0	0	0	0	0	0	0	0	0	252	0	500	0	0	0	0	0	0	0	0	0	94	0	0	0	0	0	0	0	0	0	0	0	0	0	0	0	0	0	0	0	0	0	0	0	0	0	0	0	0	0	0	0	0	0	
80876	Frontal_Sup_Orb_R	0	0	0	3738	0	0	0	1214	0	5224	0	0	0	220	0	2942	0	0	0	0	158	1088	0	3002	220	6682	130	5526	0	764	756	1720	0	0	0	0	0	0	0	0	0	0	0	0	0	0	0	0	0	0	0	0	0	0	0	0	0	0	0	0	0	0	0	0	0	0	0	0	0	0	94	3852	0	3108	0	0	0	0	0	0	0	0	0	0	0	0	0	0	0	0	0	0	0	0	0	0	0	0	0	0	0	0	0	0	0	0	0	0	0	0	0	0	0	0	0	0	
414792	Frontal_Mid_L	24852	1242	61558	2660	1910	0	0	106	3250	0	19102	0	25728	0	5718	0	2560	0	16192	864	0	0	11756	0	0	0	0	0	12108	82	4092	86	408	104	136	408	328	310	0	146	0	0	0	0	0	0	0	0	0	0	0	0	0	0	0	100	914	104	0	0	0	0	0	0	0	0	0	0	168	260	3524	610	1990	422	152	648	1844	522	234	0	118	0	80	0	0	0	0	0	0	0	0	0	0	0	0	0	0	0	0	0	0	0	0	0	0	0	0	0	0	0	0	0	0	0	0	0	
176396	Frontal_Mid_R	0	4190	500	22438	0	1214	106	0	0	1454	0	6134	0	12772	0	4676	0	174	2060	4158	0	0	378	2894	0	0	0	0	134	8580	292	3050	0	1450	0	0	0	1066	0	630	0	0	0	0	0	0	0	0	0	0	0	0	0	0	0	464	0	394	0	0	0	0	0	0	0	0	0	92	314	0	320	2756	156	3016	0	98	0	2132	0	0	0	0	0	0	0	0	0	0	0	106	0	0	0	0	0	0	0	0	0	0	0	0	0	0	0	0	0	0	0	0	0	0	0	0	0	0	
55260	Frontal_Mid_Orb_L	0	0	2874	0	8142	0	3250	0	0	0	0	0	2574	0	9946	0	0	0	0	0	0	0	0	0	0	0	162	0	550	0	0	0	0	0	0	0	0	0	0	0	0	0	0	0	0	0	0	0	0	0	0	0	0	0	0	0	0	0	0	0	0	0	0	0	0	0	0	0	0	0	0	0	132	0	0	0	0	0	0	0	0	0	0	0	0	0	0	0	0	0	0	0	0	0	0	0	0	0	0	0	0	0	0	0	0	0	0	0	0	0	0	0	0	0	0	0	
30456	Frontal_Mid_Orb_R	0	0	0	174	0	5224	0	1454	0	0	0	0	0	484	0	4358	0	0	0	0	0	148	0	0	0	614	0	934	0	202	0	0	0	0	0	0	0	0	0	0	0	0	0	0	0	0	0	0	0	0	0	0	0	0	0	0	0	0	0	0	0	0	0	0	0	0	0	0	0	0	0	596	0	1040	0	0	0	0	0	0	0	0	0	0	0	0	0	0	0	0	0	0	0	0	0	0	0	0	0	0	0	0	0	0	0	0	0	0	0	0	0	0	0	0	0	0	
258444	Frontal_Inf_Oper_L	25506	0	18228	294	236	0	19102	0	0	0	0	0	17384	0	1080	0	8786	0	11276	0	0	0	1642	0	0	0	0	0	16010	0	996	0	0	0	0	78	364	0	0	0	0	0	0	0	0	0	0	0	0	0	0	0	0	0	0	0	2246	0	0	0	0	0	0	0	0	0	0	0	330	0	598	154	1094	0	0	0	0	0	812	0	1676	0	1330	0	0	0	0	0	0	0	0	0	0	0	0	0	0	0	0	0	0	0	0	0	0	0	0	0	0	0	0	0	0	0	0	0	
109324	Frontal_Inf_Oper_R	0	3676	0	2578	0	0	0	6134	0	0	0	0	0	8054	0	260	0	5084	296	924	0	0	0	134	0	0	0	0	0	11816	0	844	0	210	0	0	0	2626	0	2402	0	0	0	0	0	0	0	0	0	0	0	0	0	0	0	2086	0	1020	0	0	0	0	0	242	0	0	0	0	0	0	98	78	0	4460	0	222	0	0	0	132	0	288	0	684	0	0	0	0	0	0	0	0	0	0	0	0	0	314	0	0	0	0	0	0	0	0	0	0	0	0	0	0	0	0	0	0	
213028	Frontal_Inf_Tri_L	10230	0	13712	368	1702	0	25728	0	2574	0	17384	0	0	0	8180	0	838	0	3452	82	0	0	2910	0	0	0	0	0	14948	0	2982	0	0	0	0	0	0	0	0	0	0	0	0	0	0	0	0	0	0	0	0	0	0	0	0	0	0	0	0	0	0	0	0	0	0	0	0	0	0	0	332	208	114	0	0	0	0	0	80	0	194	0	496	0	0	0	0	0	0	0	0	0	0	0	0	0	0	0	0	0	0	0	0	0	0	0	0	0	0	0	0	0	0	0	0	0	
145316	Frontal_Inf_Tri_R	0	1446	86	7736	0	220	0	12772	0	484	0	8054	0	0	0	5536	0	230	1608	2496	0	0	0	1810	0	0	0	0	0	19196	186	3390	0	740	0	0	0	98	0	86	0	0	0	0	0	0	0	0	0	0	0	0	0	0	0	0	0	96	0	0	0	0	0	0	0	0	0	0	0	0	218	2778	152	2940	0	116	0	184	0	0	0	0	0	0	0	0	0	0	0	0	0	0	0	0	0	0	0	0	0	0	0	0	0	0	0	0	0	0	0	0	0	0	0	0	0	0	
116320	Frontal_Inf_Orb_L	636	0	4972	78	11332	0	5718	0	9946	0	1080	0	8180	0	0	0	0	0	214	0	840	0	1260	0	320	0	186	0	7536	0	3026	0	0	0	0	0	184	0	0	0	100	0	0	0	0	0	0	0	0	0	0	0	0	0	0	0	0	0	0	0	0	0	0	0	0	0	0	0	0	0	150	0	1578	0	0	0	0	0	0	0	0	0	824	0	0	0	0	0	0	0	0	0	0	0	0	0	0	0	0	0	0	0	0	0	0	0	0	0	0	0	0	0	0	0	0	0	
105428	Frontal_Inf_Orb_R	0	86	0	3204	0	2942	0	4676	0	4358	0	260	0	5536	0	0	0	150	334	984	120	2628	0	426	0	0	0	1962	0	11174	336	434	0	114	0	0	0	98	0	318	0	176	0	0	0	0	0	0	0	0	0	0	0	0	0	572	0	0	0	0	0	0	0	0	0	0	0	0	0	0	166	3708	0	5026	0	96	0	150	0	0	0	0	0	1692	0	410	0	164	0	414	0	0	0	0	0	0	0	0	0	0	0	0	0	0	0	0	0	0	0	0	0	0	0	0	0	0	
181684	Rolandic_Oper_L	7166	168	8232	0	0	0	2560	0	0	0	8786	0	838	0	0	0	0	0	6248	0	0	0	0	0	0	0	0	0	18056	0	0	0	0	0	0	0	308	0	0	0	0	0	0	0	0	0	0	0	0	0	398	0	88	0	240	0	12026	0	286	0	3678	0	5068	0	84	0	0	0	934	0	108	0	948	0	0	0	0	0	3486	0	8430	0	1362	0	920	0	0	0	424	0	0	0	0	0	0	0	0	0	0	0	0	0	0	0	0	0	0	0	0	0	0	0	0	0	0	0	
90672	Rolandic_Oper_R	0	582	0	822	0	0	0	174	0	0	0	5084	0	230	0	150	0	0	0	840	0	0	0	0	0	0	0	0	0	9802	0	0	0	0	0	0	0	3004	0	2356	0	0	0	0	0	0	0	0	0	0	0	0	0	0	0	2124	0	4536	0	0	0	0	0	4428	0	0	0	0	0	0	0	0	0	4740	0	0	0	0	0	2598	0	2368	0	1018	0	0	0	0	0	184	0	0	0	0	0	0	0	296	0	0	0	0	0	0	0	0	0	0	0	0	0	0	0	0	0	0	
711548	Supp_Motor_Area_L	7590	3166	77538	30416	86	0	16192	2060	0	0	11276	296	3452	1608	214	334	6248	0	0	48040	0	0	11064	5338	0	0	0	0	17820	2280	12760	10588	6894	22384	518	260	1658	238	98	172	0	0	0	0	0	0	0	0	0	0	0	0	0	0	878	122	1226	252	0	0	0	0	0	0	0	0	500	0	27914	1898	3666	1692	9506	1098	934	284	1454	568	100	0	1220	0	1014	0	0	0	0	0	706	0	0	0	0	0	0	0	0	0	154	0	0	0	0	0	0	0	0	0	0	0	0	0	0	0	0	0	
814000	Supp_Motor_Area_R	16904	21582	12180	56034	0	0	864	4158	0	0	0	924	82	2496	0	984	0	840	48040	0	0	0	2994	7756	0	0	0	0	1062	6096	3500	16004	2966	49968	1198	4160	110	6622	0	5286	0	0	0	2400	0	1256	0	378	0	736	0	578	0	240	0	5156	540	18562	0	110	0	156	0	196	0	754	234	9060	24478	28310	2090	12480	1134	13756	120	1042	182	3878	0	118	0	1012	0	80	0	2768	0	0	0	1996	0	0	0	0	0	0	0	298	0	92	0	0	0	0	0	0	0	0	0	0	0	0	0	0	0	0	
67272	Olfactory_L	0	0	0	0	756	158	0	0	0	0	0	0	0	0	840	120	0	0	0	0	0	5700	0	0	510	0	3264	554	1964	0	3164	1930	0	0	0	0	752	0	296	0	574	0	0	0	0	0	0	0	0	0	0	0	0	0	308	0	0	0	0	0	0	0	0	0	0	0	0	0	0	0	5808	3678	2072	628	0	0	0	0	0	0	0	0	560	0	0	0	0	0	0	0	0	0	0	0	0	0	0	0	0	0	0	0	0	0	0	0	0	0	0	0	0	0	0	0	0	0	
79076	Olfactory_R	0	0	0	324	164	1088	0	0	0	148	0	0	0	0	0	2628	0	0	0	0	5700	0	0	0	0	292	2504	3088	0	4240	2520	1870	0	0	0	0	0	200	0	98	0	1354	0	0	0	0	0	0	0	0	0	0	0	0	0	0	0	0	0	0	0	0	0	0	0	0	0	0	0	0	5192	4630	1896	1350	0	0	0	0	0	0	0	0	0	252	0	0	0	0	0	0	0	0	0	0	0	0	0	0	0	0	0	0	0	0	0	0	0	0	0	0	0	0	0	0	0	0	
279572	Frontal_Sup_Medial_L	1254	0	37984	8212	1538	0	11756	378	0	0	1642	0	2910	0	1260	0	0	0	11064	2994	0	0	0	13560	1120	88	0	0	3720	332	17406	8802	3112	7388	0	0	0	0	0	0	0	0	0	0	0	0	0	0	0	0	0	0	0	0	0	0	0	0	0	0	0	0	0	0	0	0	0	0	126	0	1326	398	1246	86	0	84	0	0	0	0	0	0	0	0	0	0	0	0	0	0	0	0	0	0	0	0	0	0	0	0	0	0	0	0	0	0	0	0	0	0	0	0	0	0	0	0	
243672	Frontal_Sup_Medial_R	0	0	1242	30844	0	3002	0	2894	0	0	0	134	0	1810	0	426	0	0	5338	7756	0	0	13560	0	114	3830	0	764	0	3106	4034	20626	720	11084	0	0	0	0	0	0	0	0	0	0	0	0	0	0	0	0	0	0	0	0	0	0	0	0	0	0	0	0	0	0	0	0	0	0	0	0	0	6182	0	4370	0	0	0	0	0	0	0	0	0	0	0	0	0	0	0	0	0	0	0	0	0	0	0	0	0	0	0	0	0	0	0	0	0	0	0	0	0	0	0	0	0	0	
24032	Frontal_Med_Orb_L	0	0	274	0	2108	220	0	0	0	0	0	0	0	0	320	0	0	0	0	0	510	0	1120	114	0	708	1220	80	226	0	3544	790	0	0	0	0	0	0	0	0	0	0	0	0	0	0	0	0	0	0	0	0	0	0	0	0	0	0	0	0	0	0	0	0	0	0	0	0	0	0	444	90	248	0	0	0	0	0	0	0	0	0	0	0	0	0	0	0	0	0	0	0	0	0	0	0	0	0	0	0	0	0	0	0	0	0	0	0	0	0	0	0	0	0	0	0	
59864	Frontal_Med_Orb_R	0	0	0	2866	132	6682	0	0	0	614	0	0	0	0	0	0	0	0	0	0	0	292	88	3830	708	0	0	4530	0	0	1146	2940	0	0	0	0	0	0	0	0	0	0	0	0	0	0	0	0	0	0	0	0	0	0	0	0	0	0	0	0	0	0	0	0	0	0	0	0	0	0	0	4142	0	1962	0	0	0	0	0	0	0	0	0	0	0	0	0	0	0	0	0	0	0	0	0	0	0	0	0	0	0	0	0	0	0	0	0	0	0	0	0	0	0	0	0	0	
37936	Rectus_L	0	0	0	0	1710	130	0	0	162	0	0	0	0	0	186	0	0	0	0	0	3264	2504	0	0	1220	0	0	392	122	0	3282	1346	0	0	0	0	0	0	0	0	0	0	0	0	0	0	0	0	0	0	0	0	0	0	0	0	0	0	0	0	0	0	0	0	0	0	0	0	0	0	2044	1688	802	116	0	0	0	0	0	0	0	0	0	0	0	0	0	0	0	0	0	0	0	0	0	0	0	0	0	0	0	0	0	0	0	0	0	0	0	0	0	0	0	0	0	0	
50948	Rectus_R	0	0	0	668	0	5526	0	0	0	934	0	0	0	0	0	1962	0	0	0	0	554	3088	0	764	80	4530	392	0	0	1958	878	1646	0	0	0	0	0	0	0	0	0	0	0	0	0	0	0	0	0	0	0	0	0	0	0	0	0	0	0	0	0	0	0	0	0	0	0	0	0	0	256	1464	0	774	0	0	0	0	0	0	0	0	0	0	0	0	0	0	0	0	0	0	0	0	0	0	0	0	0	0	0	0	0	0	0	0	0	0	0	0	0	0	0	0	0	0	
565028	Insula_L	18870	1636	29060	1224	3028	0	12108	134	550	0	16010	0	14948	0	7536	0	18056	0	17820	1062	1964	0	3720	0	226	0	122	0	0	138	7190	138	0	0	494	696	12382	202	1300	86	1946	0	494	0	480	0	0	0	140	0	1594	0	898	0	7618	0	12706	84	802	0	4606	0	3452	0	2918	0	582	128	5886	362	5244	1268	18660	124	646	0	3380	420	11020	0	7992	0	5620	0	3066	0	140	0	8364	0	148	0	0	0	0	0	600	0	344	0	0	0	0	0	0	0	0	0	0	0	82	0	0	0	0	0	
365140	Insula_R	0	2944	160	13242	0	764	82	8580	0	202	0	11816	0	19196	0	11174	0	9802	2280	6096	0	4240	332	3106	0	0	0	1958	138	0	588	3854	0	1148	0	362	0	10546	0	6438	0	2618	0	0	0	0	0	0	0	0	0	0	0	0	0	8718	0	3630	0	0	0	90	0	792	0	148	0	254	0	478	532	4804	204	21742	0	312	414	1240	0	1806	0	6046	0	2594	0	3016	0	196	0	3120	0	118	0	0	0	0	0	510	0	140	0	0	0	0	0	0	0	0	0	0	0	0	0	0	0	0	
294560	Cingulum_Ant_L	1012	0	18702	4766	2206	756	4092	292	0	0	996	0	2982	186	3026	336	0	0	12760	3500	3164	2520	17406	4034	3544	1146	3282	878	7190	588	0	16220	4888	3636	0	0	0	0	0	0	0	0	0	0	0	0	0	0	0	0	0	0	0	0	0	0	0	0	0	0	0	0	0	0	0	0	0	0	236	0	7654	4090	10040	886	0	176	0	0	0	0	0	0	90	0	0	0	0	0	0	0	0	0	0	0	0	0	0	0	0	0	0	0	0	0	0	0	0	0	0	0	0	0	0	0	0	0	
332968	Cingulum_Ant_R	0	470	1548	27360	0	1720	86	3050	0	0	0	844	0	3390	0	434	0	0	10588	16004	1930	1870	8802	20626	790	2940	1346	1646	138	3854	16220	0	1938	18512	0	0	0	0	0	0	0	0	0	0	0	0	0	0	0	0	0	0	0	0	0	0	0	208	0	0	0	0	0	0	0	0	0	0	0	0	1880	11092	1324	5874	0	0	0	0	0	0	0	0	0	0	0	0	0	0	0	0	0	0	0	0	0	0	0	0	0	0	0	0	0	0	0	0	0	0	0	0	0	0	0	0	0	0	
131960	Cingulum_Mid_L	346	194	1474	1206	0	0	408	0	0	0	0	0	0	0	0	0	0	0	6894	2966	0	0	3112	720	0	0	0	0	0	0	4888	1938	0	11524	5380	652	0	0	0	0	0	0	222	0	406	174	0	0	860	0	1304	0	198	0	0	0	660	124	278	0	0	0	0	0	0	0	8526	1674	5434	832	0	0	0	0	0	0	0	0	0	0	186	0	0	0	2974	0	0	0	426	0	0	0	0	0	0	0	0	0	0	0	0	0	0	0	0	0	0	0	0	0	0	0	0	0	0	0	
575760	Cingulum_Mid_R	15326	18672	820	19386	0	0	104	1450	0	0	0	210	0	740	0	114	0	0	22384	49968	0	0	7388	11084	0	0	0	0	0	1148	3636	18512	11524	0	3554	7356	0	1040	0	448	0	0	0	3072	0	2174	0	378	0	764	0	654	0	340	0	1382	250	18534	0	146	0	118	0	166	0	958	1328	14760	13702	26518	108	144	0	332	0	0	0	0	0	0	0	1050	0	0	0	3782	0	0	0	2356	0	0	0	0	0	0	0	0	0	0	0	0	0	0	0	0	0	0	0	0	0	0	0	0	0	0	
158176	Cingulum_Post_L	1610	1516	170	110	0	0	136	0	0	0	0	0	0	0	0	0	0	0	518	1198	0	0	0	0	0	0	0	0	494	0	0	0	5380	3554	0	11886	7786	2282	304	772	0	0	2720	234	1438	0	1182	534	1068	0	448	0	368	0	900	390	2008	1510	260	0	0	0	0	0	0	0	8710	3684	7136	1620	212	0	0	0	0	0	3110	470	1118	0	162	0	0	0	240	0	0	0	730	0	0	0	0	0	0	0	102	130	106	0	0	0	0	0	0	0	0	0	0	0	782	0	0	0	0	0	
237396	Cingulum_Post_R	3770	5354	812	170	0	0	408	0	0	0	78	0	0	0	0	0	0	0	260	4160	0	0	0	0	0	0	0	0	696	362	0	0	652	7356	11886	0	5142	8506	128	2928	0	0	88	1310	0	1240	0	2104	0	758	90	858	88	92	176	3828	418	7938	0	178	0	154	0	0	0	634	3088	14324	1446	10066	508	0	256	0	0	0	6720	3098	1102	0	158	262	0	0	174	864	0	0	408	2032	0	112	0	0	0	0	0	146	0	0	0	0	0	0	0	0	0	0	0	0	1312	0	0	0	0	0	
287328	Hippocampus_L	4476	584	2288	270	0	0	328	0	0	0	364	0	0	0	184	0	308	0	1658	110	752	0	0	0	0	0	0	0	12382	0	0	0	0	0	7786	5142	0	1864	9364	580	5446	0	7646	0	3800	0	4200	510	302	0	2118	0	1380	0	18630	208	2242	80	0	0	302	0	270	0	114	0	8862	1056	2082	0	1996	244	5744	0	520	0	4360	450	3518	0	2124	0	2830	0	1776	0	280	0	8052	0	328	0	0	0	0	0	1718	132	1292	0	0	0	0	0	0	0	0	0	0	0	612	0	0	0	0	0	
462440	Hippocampus_R	1716	6972	710	3952	0	0	310	1066	0	0	0	2626	0	98	0	98	0	3004	238	6622	0	200	0	0	0	0	0	0	202	10546	0	0	0	1040	2282	8506	1864	0	0	45816	0	9642	0	5720	0	514	0	5850	0	0	0	146	0	240	0	40412	0	3948	0	0	0	0	0	274	0	204	308	10458	286	2236	588	3484	432	19672	0	1038	5428	6324	86	294	0	1218	0	1922	0	1486	0	312	0	5068	0	852	0	122	0	0	0	3076	0	900	0	0	0	272	0	0	0	0	0	0	540	0	0	0	0	0	
62336	ParaHippocampal_L	306	0	146	0	0	0	0	0	0	0	0	0	0	0	0	0	0	0	98	0	296	0	0	0	0	0	0	0	1300	0	0	0	0	0	304	128	9364	0	0	0	1248	0	190	0	0	0	3034	0	0	0	0	0	102	0	7712	0	178	0	0	0	0	0	0	0	0	0	486	0	98	0	0	0	886	0	0	0	222	0	0	0	324	0	674	0	148	0	146	0	1090	0	372	0	0	0	408	84	1052	0	662	0	0	0	0	0	0	0	0	0	0	110	0	0	0	0	0	0	
351372	ParaHippocampal_R	400	3602	352	3002	0	0	146	630	0	0	0	2402	0	86	0	318	0	2356	172	5286	0	98	0	0	0	0	0	0	86	6438	0	0	0	448	772	2928	580	45816	0	0	0	7844	0	1260	0	98	0	3274	0	0	0	0	0	0	0	38466	0	1554	0	0	0	0	0	0	0	0	262	3466	136	928	502	2982	326	16682	0	916	1594	2736	0	172	0	524	0	3436	0	274	0	1546	0	1784	98	922	0	156	0	164	0	4392	0	1166	0	0	82	400	0	376	0	0	0	0	166	0	262	384	438	0	
27856	Amygdala_L	0	0	0	0	0	0	0	0	0	0	0	0	0	0	100	0	0	0	0	0	574	0	0	0	0	0	0	0	1946	0	0	0	0	0	0	0	5446	0	1248	0	0	0	0	0	0	0	0	0	0	0	0	0	0	0	2522	0	0	0	0	0	0	0	0	0	0	0	0	0	0	0	108	0	92	0	0	0	0	0	0	0	0	0	1068	0	0	0	160	0	664	0	0	0	0	0	0	0	0	0	0	0	0	0	0	0	0	0	0	0	0	0	0	0	0	0	0	0	
65988	Amygdala_R	0	0	0	0	0	0	0	0	0	0	0	0	0	0	0	176	0	0	0	0	0	1354	0	0	0	0	0	0	0	2618	0	0	0	0	0	0	0	9642	0	7844	0	0	0	0	0	0	0	0	0	0	0	0	0	0	0	5806	0	0	0	0	0	0	0	0	0	0	0	0	0	0	0	108	0	1742	0	0	0	0	0	0	0	0	0	2378	0	0	0	362	0	710	0	0	0	0	0	0	0	254	0	0	0	0	0	0	0	0	0	0	0	0	0	0	0	0	0	0	
311040	Calcarine_L	494	0	0	0	0	0	0	0	0	0	0	0	0	0	0	0	0	0	0	0	0	0	0	0	0	0	0	0	494	0	0	0	222	0	2720	88	7646	0	190	0	0	0	0	9406	24782	5610	18944	2536	12832	1952	18558	212	3966	208	7352	254	1368	0	352	0	324	0	290	0	200	0	21104	732	1346	0	0	0	0	0	0	0	0	0	288	0	138	0	0	0	1772	0	0	0	2734	0	260	512	0	0	0	0	1354	506	1066	564	0	0	0	0	0	0	0	0	0	0	1506	416	0	0	0	222	
455456	Calcarine_R	2656	4224	0	188	0	0	0	0	0	0	0	0	0	0	0	0	0	0	0	2400	0	0	0	0	0	0	0	0	0	0	0	0	0	3072	234	1310	0	5720	0	1260	0	0	9406	0	9950	34750	3006	22004	748	23666	158	9670	0	7680	316	9380	0	9798	0	1002	0	978	0	124	0	1198	3150	35452	1154	7496	0	138	0	432	0	0	0	0	0	0	0	0	0	0	0	4340	0	0	0	6784	198	656	178	0	0	0	312	566	418	504	0	0	0	0	0	0	0	0	0	0	798	254	0	0	0	0	
338032	Cuneus_L	606	0	0	0	0	0	0	0	0	0	0	0	0	0	0	0	0	0	0	0	0	0	0	0	0	0	0	0	480	0	0	0	406	0	1438	0	3800	0	0	0	0	0	24782	9950	0	10378	5134	606	32726	3698	25482	220	2622	90	3402	168	2072	0	4404	0	436	0	400	0	804	0	25502	2612	2112	0	0	0	0	0	0	0	0	0	160	0	126	0	0	0	2622	0	0	0	1452	0	0	0	0	0	0	0	0	0	326	0	0	0	0	0	0	0	0	0	0	0	0	0	0	0	0	0	
376452	Cuneus_R	1402	1762	0	0	0	0	0	0	0	0	0	0	0	0	0	0	0	0	0	1256	0	0	0	0	0	0	0	0	0	0	0	0	174	2174	0	1240	0	514	0	98	0	0	5610	34750	10378	0	1342	7332	620	39302	166	14308	0	4274	198	5210	0	4042	0	3820	0	600	0	0	0	980	4712	25980	712	6862	0	0	0	0	0	0	0	0	0	0	0	0	0	0	0	4502	0	0	0	2782	78	0	0	0	0	0	184	198	194	0	0	0	0	0	0	0	0	0	0	0	362	108	0	0	0	0	
345584	Lingual_L	102	0	0	0	0	0	0	0	0	0	0	0	0	0	0	0	0	0	0	0	0	0	0	0	0	0	0	0	0	0	0	0	0	0	1182	0	4200	0	3034	0	0	0	18944	3006	5134	1342	0	5786	6596	1456	15450	472	7210	554	26882	1544	144	0	286	0	0	0	0	0	0	0	7386	264	166	0	0	0	0	0	0	0	0	0	0	0	0	0	0	0	212	0	0	0	728	0	6994	2032	624	86	0	140	15950	4218	14264	2728	130	0	396	110	0	126	0	0	0	140	9256	2538	316	0	90	574	
405740	Lingual_R	366	880	0	0	0	0	0	0	0	0	0	0	0	0	0	0	0	0	0	378	0	0	0	0	0	0	0	0	0	0	0	0	0	378	534	2104	510	5850	0	3274	0	0	2536	22004	606	7332	5786	0	94	9194	0	5202	200	7086	2788	27370	0	890	0	0	0	0	0	0	0	190	324	12810	176	804	0	96	0	162	0	0	188	96	0	0	0	0	0	0	0	886	0	0	0	1220	4638	7136	984	824	304	204	5734	13302	8098	11914	144	0	620	128	214	190	0	0	0	246	12612	10254	2460	198	180	172	
315168	Occipital_Sup_L	150	0	0	0	0	0	0	0	0	0	0	0	0	0	0	0	0	0	0	0	0	0	0	0	0	0	0	0	140	0	0	0	860	0	1068	0	302	0	0	0	0	0	12832	748	32726	620	6596	94	0	0	43864	0	2358	0	2678	0	844	0	13932	0	1944	0	166	0	3422	0	24782	1850	1292	0	0	0	0	0	0	0	0	0	0	0	154	0	0	0	3342	0	0	0	708	0	0	0	0	0	0	0	0	0	112	0	0	0	0	0	0	0	0	0	0	0	0	0	0	0	0	0	
318536	Occipital_Sup_R	780	1166	0	0	0	0	0	0	0	0	0	0	0	0	0	0	0	0	0	736	0	0	0	0	0	0	0	0	0	0	0	0	0	764	0	758	0	0	0	0	0	0	1952	23666	3698	39302	1456	9194	0	0	0	24900	0	5786	228	6234	0	2664	0	4456	0	1150	0	0	0	4658	1244	12984	484	3910	0	0	0	0	0	0	0	0	0	0	0	0	0	0	0	3762	0	0	0	1484	140	98	126	0	0	0	224	240	284	226	0	0	0	0	0	0	0	0	0	0	316	198	0	0	0	0	
557604	Occipital_Mid_L	2304	0	0	0	0	0	0	0	0	0	0	0	0	0	0	0	398	0	0	0	0	0	0	0	0	0	0	0	1594	0	0	0	1304	0	448	90	2118	0	0	0	0	0	18558	158	25482	166	15450	0	43864	0	0	0	21798	0	10960	0	12250	0	19530	0	14998	0	1620	0	21768	0	19510	670	6440	0	0	0	0	0	0	0	0	0	546	0	876	0	0	0	26090	0	0	0	8786	0	222	0	0	0	0	0	202	0	456	0	0	0	0	0	0	0	0	0	0	0	146	0	0	0	0	0	
247996	Occipital_Mid_R	566	990	0	0	0	0	0	0	0	0	0	0	0	0	0	0	0	0	0	578	0	0	0	0	0	0	0	0	0	0	0	0	0	654	0	858	0	146	0	0	0	0	212	9670	220	14308	472	5202	0	24900	0	0	0	7516	180	3744	0	2390	0	3266	0	3016	0	0	0	13792	168	7690	396	2314	0	0	0	0	0	0	0	0	0	0	0	538	0	0	0	16234	0	0	0	2892	96	0	88	0	0	0	178	198	192	0	0	0	0	0	0	0	0	0	0	0	226	108	0	0	0	0	
154236	Occipital_Inf_L	780	0	0	0	0	0	0	0	0	0	0	0	0	0	0	0	88	0	0	0	0	0	0	0	0	0	0	0	898	0	0	0	198	0	368	88	1380	0	102	0	0	0	3966	0	2622	0	7210	200	2358	0	21798	0	0	0	11848	88	846	0	320	0	266	0	246	0	980	0	3500	92	636	0	0	0	0	0	0	0	0	0	334	0	154	0	0	0	4926	0	0	0	7922	0	414	0	0	0	0	0	484	150	1090	0	0	0	0	0	0	0	0	0	0	0	432	334	0	0	0	0	
121788	Occipital_Inf_R	258	434	0	0	0	0	0	0	0	0	0	0	0	0	0	0	0	0	0	240	0	0	0	0	0	0	0	0	0	0	0	0	0	340	0	92	0	240	0	0	0	0	208	7680	90	4274	554	7086	0	5786	0	7516	0	0	0	7860	0	862	0	118	0	0	0	0	0	136	0	3532	126	1012	0	0	0	0	0	0	0	0	0	0	0	0	0	0	0	3090	0	0	0	7456	82	244	0	0	0	0	0	126	118	570	0	0	0	0	0	0	0	0	0	0	118	382	264	0	0	0	
478680	Fusiform_L	994	242	1040	78	0	0	0	0	0	0	0	0	0	0	0	0	240	0	878	0	308	0	0	0	0	0	0	0	7618	0	0	0	0	0	900	176	18630	0	7712	0	2522	0	7352	316	3402	198	26882	2788	2678	228	10960	180	11848	0	0	1132	1096	0	298	0	170	0	136	0	92	0	4932	130	1206	0	326	0	1256	0	0	0	306	0	1402	0	3464	0	2866	0	2144	0	1626	0	17634	0	22862	506	2500	0	248	0	16976	2254	33856	838	624	0	1540	0	312	164	0	0	0	0	4796	2506	542	174	166	90	
761812	Fusiform_R	620	6512	248	2406	0	0	100	464	0	0	0	2086	0	0	0	572	0	2124	122	5156	0	0	0	0	0	0	0	0	0	8718	0	0	0	1382	390	3828	208	40412	0	38466	0	5806	254	9380	168	5210	1544	27370	0	6234	0	3744	88	7860	1132	0	0	5028	0	724	0	2950	0	2816	0	2048	418	9284	172	3252	352	2236	226	13236	0	700	966	2090	0	286	0	4094	0	4174	0	6812	0	2430	0	29380	2832	21362	488	1404	244	1082	3380	19596	4790	27642	110	202	414	1236	268	562	0	0	0	216	8590	6968	1956	552	606	128	
364636	Postcentral_L	28322	552	1546	0	0	0	914	0	0	0	2246	0	0	0	0	0	12026	0	1226	540	0	0	0	0	0	0	0	0	12706	0	0	0	660	250	2008	418	2242	0	178	0	0	0	1368	0	2072	0	144	0	844	0	12250	0	846	0	1096	0	0	534	13920	0	23858	0	12280	0	6998	0	4522	194	11102	584	1778	0	1370	0	412	0	1876	0	4628	0	5002	0	0	0	5988	0	0	0	2714	0	0	0	0	0	0	0	0	0	0	0	0	0	0	0	0	0	0	0	0	0	104	0	0	0	0	0	
580664	Postcentral_R	16694	39990	230	1108	0	0	104	394	0	0	0	1020	0	96	0	0	0	4536	252	18562	0	0	0	0	0	0	0	0	84	3630	0	208	124	18534	1510	7938	80	3948	0	1554	0	0	0	9798	0	4042	0	890	0	2664	0	2390	0	862	0	5028	534	0	0	3192	0	4154	0	13216	0	2978	350	33186	8690	47900	262	236	102	1260	0	132	88	354	0	918	0	5412	0	0	0	12314	0	0	0	8784	0	0	0	0	0	0	0	0	0	0	0	0	0	0	0	0	0	0	0	0	0	0	0	0	0	0	
202704	Parietal_Sup_L	2936	0	0	0	0	0	0	0	0	0	0	0	0	0	0	0	286	0	0	0	0	0	0	0	0	0	0	0	802	0	0	0	278	0	260	0	0	0	0	0	0	0	352	0	4404	0	286	0	13932	0	19530	0	320	0	298	0	13920	0	0	0	15860	0	1694	0	7416	0	15134	1060	1368	0	0	0	0	0	0	0	0	0	290	0	150	0	0	0	384	0	0	0	392	0	0	0	0	0	0	0	0	0	0	0	0	0	0	0	0	0	0	0	0	0	0	0	0	0	0	0	
85024	Parietal_Sup_R	124	214	0	0	0	0	0	0	0	0	0	0	0	0	0	0	0	0	0	110	0	0	0	0	0	0	0	0	0	0	0	0	0	146	0	178	0	0	0	0	0	0	0	1002	0	3820	0	0	0	4456	0	3266	0	118	0	724	0	3192	0	0	0	5440	0	0	0	5360	692	10512	0	1868	0	0	0	0	0	0	0	0	0	0	0	162	0	0	0	306	0	0	0	822	0	0	0	0	0	0	0	0	0	0	0	0	0	0	0	0	0	0	0	0	0	0	0	0	0	0	
250728	Parietal_Inf_L	5998	0	0	0	0	0	0	0	0	0	0	0	0	0	0	0	3678	0	0	0	0	0	0	0	0	0	0	0	4606	0	0	0	0	0	0	0	302	0	0	0	0	0	324	0	436	0	0	0	1944	0	14998	0	266	0	170	0	23858	0	15860	0	0	0	20370	0	20858	0	1356	0	454	0	0	0	0	0	0	0	0	0	2332	0	3486	0	0	0	1958	0	0	0	2110	0	0	0	0	0	0	0	0	0	0	0	0	0	0	0	0	0	0	0	0	0	0	0	0	0	0	0	
96992	Parietal_Inf_R	224	786	0	0	0	0	0	0	0	0	0	0	0	0	0	0	0	0	0	156	0	0	0	0	0	0	0	0	0	90	0	0	0	118	0	154	0	0	0	0	0	0	0	978	0	600	0	0	0	1150	0	3016	0	0	0	2950	0	4154	0	5440	0	0	0	7088	0	14382	0	2192	0	670	0	0	0	0	0	0	0	0	0	0	0	692	0	0	0	562	0	0	0	3094	0	0	0	0	0	0	0	0	0	0	0	0	0	0	0	0	0	0	0	0	0	0	0	0	0	0	
155060	SupraMarginal_L	2364	0	0	0	0	0	0	0	0	0	0	0	0	0	0	0	5068	0	0	0	0	0	0	0	0	0	0	0	3452	0	0	0	0	0	0	0	270	0	0	0	0	0	290	0	400	0	0	0	166	0	1620	0	246	0	136	0	12280	0	1694	0	20370	0	0	0	8320	0	456	0	376	0	0	0	0	0	0	0	0	0	1426	0	9990	0	0	0	5872	0	0	0	2734	0	0	0	0	0	0	0	0	0	0	0	0	0	0	0	0	0	0	0	0	0	0	0	0	0	0	0	
104248	SupraMarginal_R	212	2908	0	182	0	0	0	0	0	0	0	242	0	0	0	0	0	4428	0	196	0	0	0	0	0	0	0	0	0	792	0	0	0	166	0	0	0	274	0	0	0	0	0	124	0	0	0	0	0	0	0	0	0	0	0	2816	0	13216	0	0	0	7088	0	0	0	5740	0	604	0	1472	0	124	0	98	0	0	0	0	0	186	0	6306	0	0	0	2048	0	0	0	2902	0	0	0	0	0	0	0	0	0	0	0	0	0	0	0	0	0	0	0	0	0	0	0	0	0	0	
177052	Angular_L	2056	0	0	0	0	0	0	0	0	0	0	0	0	0	0	0	84	0	0	0	0	0	0	0	0	0	0	0	2918	0	0	0	0	0	0	0	114	0	0	0	0	0	200	0	804	0	0	0	3422	0	21768	0	980	0	92	0	6998	0	7416	0	20858	0	8320	0	0	0	1436	0	928	0	0	0	0	0	0	0	0	0	1746	0	982	0	0	0	6984	0	0	0	420	0	0	0	0	0	0	0	0	0	0	0	0	0	0	0	0	0	0	0	0	0	0	0	0	0	0	0	
184912	Angular_R	1150	1500	0	0	0	0	0	0	0	0	0	0	0	0	0	0	0	0	0	754	0	0	0	0	0	0	0	0	0	148	0	0	0	958	0	634	0	204	0	0	0	0	0	1198	0	980	0	190	0	4658	0	13792	0	136	0	2048	0	2978	0	5360	0	14382	0	5740	0	0	0	4440	200	2636	0	0	0	0	0	0	0	0	0	0	0	7212	0	0	0	16946	0	0	0	4212	0	0	0	0	0	0	0	0	0	0	0	0	0	0	0	0	0	0	0	0	0	0	0	0	0	0	
408576	Precuneus_L	1034	188	0	0	0	0	0	0	0	0	0	0	0	0	0	0	0	0	500	234	0	0	0	0	0	0	0	0	582	0	0	0	8526	1328	8710	3088	8862	308	486	262	0	0	21104	3150	25502	4712	7386	324	24782	1244	19510	168	3500	0	4932	418	4522	350	15134	692	1356	0	456	0	1436	0	0	12980	5252	1562	0	0	0	0	0	0	0	0	346	0	310	0	0	0	5088	0	0	0	2924	106	0	0	0	0	0	0	200	0	496	0	0	0	0	0	0	0	0	0	0	0	238	0	0	0	0	0	
672652	Precuneus_R	12082	14874	0	296	0	0	0	92	0	0	0	0	0	0	0	0	0	0	0	9060	0	0	0	0	0	0	0	0	128	254	0	0	1674	14760	3684	14324	1056	10458	0	3466	0	0	732	35452	2612	25980	264	12810	1850	12984	670	7690	92	3532	130	9284	194	33186	1060	10512	0	2192	0	604	0	4440	12980	0	2858	35590	0	162	0	524	0	0	538	116	268	192	0	2802	0	0	0	13924	0	0	0	10988	0	368	0	0	0	0	0	752	0	116	0	0	0	0	0	0	0	0	0	0	1670	0	0	0	0	0	
445244	Paracentral_Lobule_L	15558	14212	17074	2306	0	0	168	314	0	0	330	0	0	0	0	0	934	0	27914	24478	0	0	126	0	0	0	0	0	5886	0	236	0	5434	13702	7136	1446	2082	286	98	136	0	0	1346	1154	2112	712	166	176	1292	484	6440	396	636	126	1206	172	11102	8690	1368	0	454	0	376	0	928	200	5252	2858	0	14782	2638	972	5032	306	802	0	576	394	214	0	796	0	0	0	6016	294	0	0	1842	286	0	0	0	0	0	0	0	0	170	0	0	0	0	0	0	0	0	0	0	0	0	0	0	0	0	0	
573248	Paracentral_Lobule_R	20382	34468	854	104	0	0	260	0	0	0	0	0	0	0	0	0	0	0	1898	28310	0	0	0	0	0	0	0	0	362	478	0	0	832	26518	1620	10066	0	2236	0	928	0	0	0	7496	0	6862	0	804	0	3910	0	2314	0	1012	0	3252	584	47900	0	1868	0	670	0	1472	0	2636	1562	35590	14782	0	204	0	316	0	0	0	0	0	0	472	0	4202	0	0	0	11882	0	0	0	7518	0	0	0	0	0	0	0	0	0	0	0	0	0	0	0	0	0	0	0	0	0	0	0	0	0	0	
239752	Caudate_L	4558	1022	8536	2406	252	94	3524	320	0	0	598	98	332	218	150	166	108	0	3666	2090	5808	5192	1326	0	444	0	2044	256	5244	532	7654	1880	0	108	212	508	1996	588	0	502	108	0	0	0	0	0	0	0	0	0	0	0	0	0	326	352	1778	262	0	0	0	0	0	0	0	0	0	0	2638	204	0	14324	14672	3344	2584	374	14388	1780	0	0	138	0	172	0	0	0	0	0	0	0	0	0	0	0	0	0	0	0	0	0	0	0	0	0	0	0	0	0	0	0	0	0	0	0	0	0	
349568	Caudate_R	856	4014	3052	15852	0	3852	610	2756	0	596	154	78	208	2778	0	3708	0	0	1692	12480	3678	4630	398	6182	90	4142	1688	1464	1268	4804	4090	11092	0	144	0	0	244	3484	0	2982	0	108	0	138	0	0	0	96	0	0	0	0	0	0	0	2236	0	236	0	0	0	0	0	124	0	0	0	162	972	0	14324	0	5364	26606	0	1714	1346	17678	0	0	0	0	0	88	0	0	0	0	0	160	0	0	0	0	0	0	0	246	0	120	0	0	0	0	0	0	0	0	0	0	0	0	0	0	0	0	
247720	Putamen_L	4050	1456	15376	800	500	0	1990	156	132	0	1094	0	114	152	1578	0	948	0	9506	1134	2072	1896	1246	0	248	0	802	0	18660	204	10040	1324	0	0	0	256	5744	432	886	326	92	0	0	0	0	0	0	0	0	0	0	0	0	0	1256	226	1370	102	0	0	0	0	0	0	0	0	0	0	5032	316	14672	5364	0	2148	3928	0	3470	352	0	0	506	0	1254	0	98	0	0	0	318	0	0	0	0	0	0	0	234	0	0	0	0	0	0	0	0	0	0	0	0	0	0	0	0	0	0	0	
391744	Putamen_R	140	1096	990	17150	0	3108	422	3016	0	1040	0	4460	0	2940	0	5026	0	4740	1098	13756	628	1350	86	4370	0	1962	116	774	124	21742	886	5874	0	332	0	0	0	19672	0	16682	0	1742	0	432	0	0	0	162	0	0	0	0	0	0	0	13236	0	1260	0	0	0	0	0	98	0	0	0	524	306	0	3344	26606	2148	0	0	3320	0	2590	0	0	0	1186	0	1100	0	428	0	98	0	644	0	382	0	96	0	0	0	1722	0	662	0	0	0	206	0	0	0	0	0	0	0	0	0	0	0	0	
27016	Pallidum_L	348	0	1100	134	0	0	152	0	0	0	0	0	0	0	0	0	0	0	934	120	0	0	0	0	0	0	0	0	646	0	0	0	0	0	0	0	520	0	0	0	0	0	0	0	0	0	0	0	0	0	0	0	0	0	0	0	412	0	0	0	0	0	0	0	0	0	0	0	802	0	2584	0	3928	0	0	0	1662	0	0	0	0	0	166	0	0	0	0	0	0	0	0	0	0	0	0	0	0	0	0	0	0	0	0	0	0	0	0	0	0	0	0	0	0	0	0	0	
27272	Pallidum_R	188	120	762	1294	0	0	648	98	0	0	0	222	0	116	0	96	0	0	284	1042	0	0	84	0	0	0	0	0	0	312	176	0	0	0	0	0	0	1038	0	916	0	0	0	0	0	0	0	0	0	0	0	0	0	0	0	700	0	132	0	0	0	0	0	0	0	0	0	0	0	0	374	1714	0	3320	0	0	0	0	0	0	0	0	0	0	0	0	0	0	0	0	0	0	0	0	0	0	0	0	0	0	0	0	0	0	0	0	0	0	0	0	0	0	0	0	0	0	
152980	Thalamus_L	6004	862	4898	320	0	0	1844	0	0	0	0	0	0	0	0	0	0	0	1454	182	0	0	0	0	0	0	0	0	3380	414	0	0	0	0	3110	6720	4360	5428	222	1594	0	0	0	0	0	0	0	188	0	0	0	0	0	0	306	966	1876	88	0	0	0	0	0	0	0	0	0	538	576	0	14388	1346	3470	0	1662	0	0	8632	162	0	448	102	200	0	234	0	0	0	412	0	0	0	0	0	0	0	0	0	0	0	0	0	0	0	0	0	0	0	0	0	104	0	0	0	0	0	
155152	Thalamus_R	1268	10094	1642	7260	0	0	522	2132	0	0	0	0	0	184	0	150	0	0	568	3878	0	0	0	0	0	0	0	0	420	1240	0	0	0	0	470	3098	450	6324	0	2736	0	0	0	0	0	0	0	96	0	0	0	0	0	0	0	2090	0	354	0	0	0	0	0	0	0	0	0	116	394	0	1780	17678	352	2590	0	0	8632	0	0	186	0	560	0	0	0	90	0	0	0	222	0	0	0	0	0	0	0	0	0	0	0	0	0	0	0	0	0	0	0	0	0	0	0	0	0	0	
93788	Heschl_L	4316	0	178	0	0	0	234	0	0	0	812	0	80	0	0	0	3486	0	100	0	0	0	0	0	0	0	0	0	11020	0	0	0	0	0	1118	1102	3518	86	0	0	0	0	288	0	160	0	0	0	0	0	546	0	334	0	1402	0	4628	0	290	0	2332	0	1426	0	1746	0	346	268	214	0	0	0	0	0	0	0	162	0	0	0	2698	0	0	0	1170	0	0	0	2636	0	0	0	0	0	0	0	0	0	0	0	0	0	0	0	0	0	0	0	0	0	198	0	0	0	0	0	
28668	Heschl_R	0	1208	0	0	0	0	0	0	0	0	0	132	0	0	0	0	0	2598	0	118	0	0	0	0	0	0	0	0	0	1806	0	0	0	0	0	0	0	294	0	172	0	0	0	0	0	0	0	0	0	0	0	0	0	0	0	286	0	918	0	0	0	0	0	186	0	0	0	192	0	472	0	0	0	0	0	0	0	186	0	0	0	5330	0	0	0	268	0	0	0	168	0	0	0	0	0	0	0	0	0	0	0	0	0	0	0	0	0	0	0	0	0	0	0	0	0	0	
204212	Temporal_Sup_L	1848	126	1398	0	0	0	118	0	0	0	1676	0	194	0	0	0	8430	0	1220	0	0	0	0	0	0	0	0	0	7992	0	0	0	186	0	162	158	2124	0	324	0	0	0	138	0	126	0	0	0	154	0	876	0	154	0	3464	0	5002	0	150	0	3486	0	9990	0	982	0	310	0	796	0	138	0	506	0	0	0	448	0	2698	0	0	0	4276	0	26448	0	0	0	15372	0	78	0	0	0	0	0	368	0	190	0	0	0	0	0	0	0	0	0	0	0	0	0	0	0	0	0	
172108	Temporal_Sup_R	1228	4626	0	228	0	0	0	0	0	0	0	288	0	0	0	0	0	2368	0	1012	0	0	0	0	0	0	0	0	0	6046	0	0	0	1050	0	262	0	1218	0	524	0	0	0	0	0	0	0	0	0	0	0	538	0	0	0	4094	0	5412	0	162	0	692	0	6306	0	7212	0	2802	0	4202	0	0	0	1186	0	0	102	560	0	5330	0	0	0	3362	0	19662	0	130	0	5452	0	0	0	0	0	0	0	0	0	0	0	0	0	0	0	0	0	0	0	0	0	0	0	0	0	0	
68556	Temporal_Pole_Sup_L	132	0	1122	0	94	0	80	0	0	0	1330	0	496	0	824	0	1362	0	1014	0	560	0	0	0	0	0	0	0	5620	0	90	0	0	0	0	0	2830	0	674	0	1068	0	0	0	0	0	0	0	0	0	0	0	0	0	2866	0	0	0	0	0	0	0	0	0	0	0	0	0	0	0	172	0	1254	0	166	0	200	0	0	0	4276	0	0	0	3254	0	1488	0	3132	0	0	0	0	0	0	0	174	0	0	0	0	0	0	0	0	0	0	0	0	0	0	0	0	0	0	0	
62048	Temporal_Pole_Sup_R	0	0	0	84	0	0	0	0	0	0	0	684	0	0	0	1692	0	1018	0	80	0	252	0	0	0	0	0	0	0	2594	0	0	0	0	0	0	0	1922	0	3436	0	2378	0	0	0	0	0	0	0	0	0	0	0	0	0	4174	0	0	0	0	0	0	0	0	0	0	0	0	0	0	0	88	0	1100	0	0	0	0	0	0	0	3362	0	0	0	3324	0	2664	0	2000	0	0	0	0	0	0	0	172	0	0	0	0	0	0	0	0	0	0	0	0	0	0	0	0	0	0	
294616	Temporal_Mid_L	1402	0	0	0	0	0	0	0	0	0	0	0	0	0	0	0	920	0	0	0	0	0	0	0	0	0	0	0	3066	0	0	0	2974	0	240	174	1776	0	148	0	0	0	1772	0	2622	0	212	0	3342	0	26090	0	4926	0	2144	0	5988	0	384	0	1958	0	5872	0	6984	0	5088	0	6016	0	0	0	98	0	0	0	234	0	1170	0	26448	0	3254	0	0	0	1030	0	30864	0	112	0	0	0	0	0	0	0	0	0	0	0	0	0	0	0	0	0	0	0	0	0	0	0	0	0	
343272	Temporal_Mid_R	4104	5786	0	100	0	0	0	0	0	0	0	0	0	0	0	410	0	0	0	2768	0	0	0	0	0	0	0	0	0	3016	0	0	0	3782	0	864	0	1486	0	274	0	0	0	4340	0	4502	0	886	0	3762	0	16234	0	3090	0	6812	0	12314	0	306	0	562	0	2048	0	16946	0	13924	294	11882	0	0	0	428	0	0	0	90	0	268	0	19662	0	3324	0	0	0	1236	0	26136	0	0	0	0	0	0	0	0	0	0	0	0	0	0	0	0	0	0	0	0	0	0	0	0	0	0	
13200	Temporal_Pole_Mid_L	0	0	0	0	0	0	0	0	0	0	0	0	0	0	0	0	0	0	0	0	0	0	0	0	0	0	0	0	140	0	0	0	0	0	0	0	280	0	146	0	160	0	0	0	0	0	0	0	0	0	0	0	0	0	1626	0	0	0	0	0	0	0	0	0	0	0	0	0	0	0	0	0	0	0	0	0	0	0	0	0	0	0	1488	0	1030	0	0	0	1730	0	0	0	0	0	0	0	0	0	0	0	0	0	0	0	0	0	0	0	0	0	0	0	0	0	0	0	
20324	Temporal_Pole_Mid_R	0	0	0	0	0	0	0	0	0	0	0	0	0	0	0	164	0	0	0	0	0	0	0	0	0	0	0	0	0	196	0	0	0	0	0	0	0	312	0	1546	0	362	0	0	0	0	0	0	0	0	0	0	0	0	0	2430	0	0	0	0	0	0	0	0	0	0	0	0	0	0	0	0	0	98	0	0	0	0	0	0	0	130	0	2664	0	1236	0	0	0	1024	0	0	0	0	0	0	0	0	0	0	0	0	0	0	0	0	0	0	0	0	0	0	0	0	0	0	
289276	Temporal_Inf_L	2462	0	760	0	0	0	0	0	0	0	0	0	0	0	0	0	424	0	706	0	0	0	0	0	0	0	0	0	8364	0	0	0	426	0	730	408	8052	0	1090	0	664	0	2734	0	1452	0	728	0	708	0	8786	0	7922	0	17634	0	2714	0	392	0	2110	0	2734	0	420	0	2924	0	1842	0	0	0	318	0	0	0	412	0	2636	0	15372	0	3132	0	30864	0	1730	0	0	0	5182	0	1614	0	0	0	582	0	2438	0	1362	0	1690	0	120	0	0	0	0	0	0	0	0	0	0	0	
313656	Temporal_Inf_R	2020	5930	0	158	0	0	0	106	0	0	0	0	0	0	0	414	0	184	0	1996	0	0	0	0	0	0	0	0	0	3120	0	0	0	2356	0	2032	0	5068	0	1784	0	710	0	6784	0	2782	0	1220	0	1484	0	2892	0	7456	0	29380	0	8784	0	822	0	3094	0	2902	0	4212	106	10988	286	7518	0	160	0	644	0	0	0	222	0	168	0	5452	0	2000	0	26136	0	1024	0	0	0	3414	0	194	0	0	0	0	0	742	0	0	0	84	0	0	0	0	0	0	0	0	0	0	0	0	
532844	Cerebelum_Crus1_L	0	0	0	0	0	0	0	0	0	0	0	0	0	0	0	0	0	0	0	0	0	0	0	0	0	0	0	0	148	0	0	0	0	0	0	0	328	0	372	98	0	0	260	198	0	78	6994	4638	0	140	222	96	414	82	22862	2832	0	0	0	0	0	0	0	0	0	0	0	0	0	0	0	0	0	0	0	0	0	0	0	0	78	0	0	0	112	0	0	0	5182	0	0	4848	38256	3372	468	472	17378	3266	62110	6482	15792	402	25450	3182	2860	2926	366	270	306	628	5920	9602	9612	3404	2678	1238	
500912	Cerebelum_Crus1_R	0	150	0	0	0	0	0	0	0	0	0	0	0	0	0	0	0	0	0	0	0	0	0	0	0	0	0	0	0	118	0	0	0	0	0	112	0	852	0	922	0	0	512	656	0	0	2032	7136	0	98	0	0	0	244	506	21362	0	0	0	0	0	0	0	0	0	0	0	368	0	0	0	0	0	382	0	0	0	0	0	0	0	0	0	0	0	0	0	0	0	3414	4848	0	2790	33382	310	1842	5134	18890	4284	60378	726	6620	1206	23490	132	3754	0	0	778	1786	11494	8970	14340	2538	2434	1466	
361204	Cerebelum_Crus2_L	0	0	0	0	0	0	0	0	0	0	0	0	0	0	0	0	0	0	0	0	0	0	0	0	0	0	0	0	0	0	0	0	0	0	0	0	0	0	0	0	0	0	0	178	0	0	624	984	0	126	0	88	0	0	2500	488	0	0	0	0	0	0	0	0	0	0	0	0	0	0	0	0	0	0	0	0	0	0	0	0	0	0	0	0	0	0	0	0	1614	0	38256	2790	0	9396	0	92	1546	314	11626	2540	37576	3722	32338	7148	1630	876	112	0	0	136	440	2682	14268	5480	720	312	
367652	Cerebelum_Crus2_R	0	0	0	0	0	0	0	0	0	0	0	0	0	0	0	0	0	0	0	0	0	0	0	0	0	0	0	0	0	0	0	0	0	0	0	0	0	122	0	156	0	0	0	0	0	0	86	824	0	0	0	0	0	0	0	1404	0	0	0	0	0	0	0	0	0	0	0	0	0	0	0	0	0	96	0	0	0	0	0	0	0	0	0	0	0	0	0	0	0	194	3372	33382	9396	0	114	734	494	1324	1670	13254	7414	24842	4720	42914	260	5850	0	0	422	912	1224	3568	17374	5628	1526	550	
36972	Cerebelum_3_L	0	0	0	0	0	0	0	0	0	0	0	0	0	0	0	0	0	0	0	0	0	0	0	0	0	0	0	0	0	0	0	0	0	0	0	0	0	0	408	0	0	0	0	0	0	0	0	304	0	0	0	0	0	0	248	244	0	0	0	0	0	0	0	0	0	0	0	0	0	0	0	0	0	0	0	0	0	0	0	0	0	0	0	0	0	0	0	0	0	0	468	310	0	114	0	394	5746	570	1702	558	0	0	316	202	392	232	0	0	838	2606	1594	616	210	134	156	124	
62188	Cerebelum_3_R	0	0	0	0	0	0	0	0	0	0	0	0	0	0	0	0	0	0	0	0	0	0	0	0	0	0	0	0	0	0	0	0	0	0	0	0	0	0	84	164	0	0	0	0	0	0	140	204	0	0	0	0	0	0	0	1082	0	0	0	0	0	0	0	0	0	0	0	0	0	0	0	0	0	0	0	0	0	0	0	0	0	0	0	0	0	0	0	0	0	0	472	1842	92	734	394	0	1210	5056	608	4054	0	0	202	1310	86	1212	0	0	1328	4114	2032	558	1486	1346	1168	116	
357588	Cerebelum_4_5_L	0	0	96	0	0	0	0	0	0	0	0	0	0	0	0	0	0	0	0	0	0	0	0	0	0	0	0	0	600	0	0	0	0	0	102	0	1718	0	1052	0	0	0	1354	312	0	184	15950	5734	0	224	202	178	484	0	16976	3380	0	0	0	0	0	0	0	0	0	0	200	0	0	0	0	0	234	0	0	0	0	0	0	0	368	0	174	0	0	0	0	0	582	0	17378	5134	1546	494	5746	1210	0	9372	34760	7500	1658	0	4766	692	2776	1002	712	0	484	2942	19972	6326	836	586	948	1850	
344312	Cerebelum_4_5_R	0	0	0	144	0	0	0	0	0	0	0	314	0	0	0	0	0	296	0	298	0	0	0	0	0	0	0	0	0	510	0	0	0	0	130	146	132	3076	0	4392	0	254	506	566	0	198	4218	13302	0	240	0	198	150	126	2254	19596	0	0	0	0	0	0	0	0	0	0	0	752	0	0	0	246	0	1722	0	0	0	0	0	0	0	0	0	172	0	0	0	0	0	0	3266	18890	314	1324	570	5056	9372	0	6628	31198	310	88	1492	2278	748	2204	184	0	400	2092	19944	5078	2090	2084	2248	360	
541916	Cerebelum_6_L	0	0	158	0	0	0	0	0	0	0	0	0	0	0	0	0	0	0	154	0	0	0	0	0	0	0	0	0	344	0	0	0	0	0	106	0	1292	0	662	0	0	0	1066	418	326	194	14264	8098	112	284	456	192	1090	118	33856	4790	0	0	0	0	0	0	0	0	0	0	496	0	170	0	0	0	0	0	0	0	0	0	0	0	190	0	0	0	0	0	0	0	2438	0	62110	4284	11626	1670	1702	608	34760	6628	0	7636	6770	92	14598	1928	3274	2554	494	202	324	1046	11948	13156	5708	2744	2384	1438	
509824	Cerebelum_6_R	0	0	0	0	0	0	0	0	0	0	0	0	0	0	0	0	0	0	0	92	0	0	0	0	0	0	0	0	0	140	0	0	0	0	0	0	0	900	0	1166	0	0	564	504	0	0	2728	11914	0	226	0	0	0	570	838	27642	0	0	0	0	0	0	0	0	0	0	0	116	0	0	0	120	0	662	0	0	0	0	0	0	0	0	0	0	0	0	0	0	0	742	6482	60378	2540	13254	558	4054	7500	31198	7636	0	598	2138	1544	10986	498	3818	0	94	938	2316	16128	13464	12438	2946	3036	1446	
301152	Cerebelum_7b_L	0	0	0	0	0	0	0	0	0	0	0	0	0	0	0	0	0	0	0	0	0	0	0	0	0	0	0	0	0	0	0	0	0	0	0	0	0	0	0	0	0	0	0	0	0	0	130	144	0	0	0	0	0	0	624	110	0	0	0	0	0	0	0	0	0	0	0	0	0	0	0	0	0	0	0	0	0	0	0	0	0	0	0	0	0	0	0	0	1362	0	15792	726	37576	7414	0	0	1658	310	6770	598	0	2818	37718	9630	3274	880	574	0	0	104	412	1040	11402	8406	748	356	
162108	Cerebelum_7b_R	0	0	0	0	0	0	0	0	0	0	0	0	0	0	0	0	0	0	0	0	0	0	0	0	0	0	0	0	0	0	0	0	0	0	0	0	0	0	0	0	0	0	0	0	0	0	0	0	0	0	0	0	0	0	0	202	0	0	0	0	0	0	0	0	0	0	0	0	0	0	0	0	0	0	0	0	0	0	0	0	0	0	0	0	0	0	0	0	0	0	402	6620	3722	24842	0	0	0	88	92	2138	2818	0	1250	26246	192	4268	0	0	0	0	84	114	3634	3886	456	0	
413964	Cerebelum_8_L	0	0	0	0	0	0	0	0	0	0	0	0	0	0	0	0	0	0	0	0	0	0	0	0	0	0	0	0	0	0	0	0	0	0	0	0	0	0	0	82	0	0	0	0	0	0	396	620	0	0	0	0	0	0	1540	414	0	0	0	0	0	0	0	0	0	0	0	0	0	0	0	0	0	0	0	0	0	0	0	0	0	0	0	0	0	0	0	0	1690	0	25450	1206	32338	4720	316	202	4766	1492	14598	1544	37718	1250	0	13608	19948	4428	2254	158	216	424	2106	2260	9968	15884	3844	1542	
422004	Cerebelum_8_R	0	0	0	0	0	0	0	0	0	0	0	0	0	0	0	0	0	0	0	0	0	0	0	0	0	0	0	0	0	0	0	0	0	0	0	0	0	272	0	400	0	0	0	0	0	0	110	128	0	0	0	0	0	0	0	1236	0	0	0	0	0	0	0	0	0	0	0	0	0	0	0	0	0	206	0	0	0	0	0	0	0	0	0	0	0	0	0	0	0	84	3182	23490	7148	42914	202	1310	692	2278	1928	10986	9630	26246	13608	0	2910	19804	162	622	404	1284	1484	1100	16660	16850	3574	98	
128908	Cerebelum_9_L	0	0	0	0	0	0	0	0	0	0	0	0	0	0	0	0	0	0	0	0	0	0	0	0	0	0	0	0	0	0	0	0	0	0	0	0	0	0	0	0	0	0	0	0	0	0	0	214	0	0	0	0	0	0	312	268	0	0	0	0	0	0	0	0	0	0	0	0	0	0	0	0	0	0	0	0	0	0	0	0	0	0	0	0	0	0	0	0	120	0	2860	132	1630	260	392	86	2776	748	3274	498	3274	192	19948	2910	0	4130	4484	178	0	114	550	856	1544	5972	5176	1556	
203824	Cerebelum_9_R	0	0	0	0	0	0	0	0	0	0	0	0	0	0	0	0	0	0	0	0	0	0	0	0	0	0	0	0	0	0	0	0	0	0	0	0	0	0	0	376	0	0	0	0	0	0	126	190	0	0	0	0	0	0	164	562	0	0	0	0	0	0	0	0	0	0	0	0	0	0	0	0	0	0	0	0	0	0	0	0	0	0	0	0	0	0	0	0	0	0	2926	3754	876	5850	232	1212	1002	2204	2554	3818	880	4268	4428	19804	4130	0	896	1532	1190	1530	1290	1930	6258	11994	12324	3612	
24552	Cerebelum_10_L	0	0	0	0	0	0	0	0	0	0	0	0	0	0	0	0	0	0	0	0	0	0	0	0	0	0	0	0	0	0	0	0	0	0	0	0	0	0	0	0	0	0	0	0	0	0	0	0	0	0	0	0	0	0	0	0	0	0	0	0	0	0	0	0	0	0	0	0	0	0	0	0	0	0	0	0	0	0	0	0	0	0	0	0	0	0	0	0	0	0	366	0	112	0	0	0	712	184	494	0	574	0	2254	162	4484	896	0	82	0	0	0	0	0	414	1372	170	
9632	Cerebelum_10_R	0	0	0	0	0	0	0	0	0	0	0	0	0	0	0	0	0	0	0	0	0	0	0	0	0	0	0	0	0	0	0	0	0	0	0	0	0	0	0	0	0	0	0	0	0	0	0	0	0	0	0	0	0	0	0	0	0	0	0	0	0	0	0	0	0	0	0	0	0	0	0	0	0	0	0	0	0	0	0	0	0	0	0	0	0	0	0	0	0	0	270	0	0	0	0	0	0	0	202	94	0	0	158	622	178	1532	82	0	0	0	0	0	386	616	676	0	
32768	Vermis_1_2	0	0	0	0	0	0	0	0	0	0	0	0	0	0	0	0	0	0	0	0	0	0	0	0	0	0	0	0	0	0	0	0	0	0	0	0	0	0	0	0	0	0	0	0	0	0	0	0	0	0	0	0	0	0	0	0	0	0	0	0	0	0	0	0	0	0	0	0	0	0	0	0	0	0	0	0	0	0	0	0	0	0	0	0	0	0	0	0	0	0	306	778	0	422	838	1328	484	400	324	938	0	0	216	404	0	1190	0	0	0	4358	678	328	916	988	1098	390	
72020	Vermis_3	0	0	0	0	0	0	0	0	0	0	0	0	0	0	0	0	0	0	0	0	0	0	0	0	0	0	0	0	0	0	0	0	0	0	0	0	0	0	110	0	0	0	0	0	0	0	140	246	0	0	0	0	0	0	0	216	0	0	0	0	0	0	0	0	0	0	0	0	0	0	0	0	0	0	0	0	0	0	0	0	0	0	0	0	0	0	0	0	0	0	628	1786	136	912	2606	4114	2942	2092	1046	2316	104	0	424	1284	114	1530	0	0	4358	0	3040	712	1818	1540	1450	346	
