data	data	393224	121428	1.13225e+06	910884	210896	144156	547828	187276	80196	33844	339204	184256	291716	107316	162124	73904	440984	123412	714892	773132	115544	98132	383216	427712	27436	114872	37524	42700	802928	368324	338068	471256	180340	488024	257616	203188	317240	315324	173588	197280	41600	66676	277636	317576	151308	312280	327776	402724	125216	338964	478188	249992	131764	81016	408644	445936	356656	208188	125476	64036	222720	72372	167540	133632	189984	133996	348864	414960	98960	167984	366208	512960	361880	364828	69764	30932	236376	196144	80052	39020	271240	135440	80664	65084	301608	228084	12292	19508	241588	197828	519920	379296	390496	341052	23548	48904	350192	282488	480660	423004	394204	254212	472044	398588	168132	181820	22112	14012	13264	45436	273904	193876	227844	155780	90944	18036	
data	data	Precentral_L	Precentral_R	Frontal_Sup_L	Frontal_Sup_R	Frontal_Sup_Orb_L	Frontal_Sup_Orb_R	Frontal_Mid_L	Frontal_Mid_R	Frontal_Mid_Orb_L	Frontal_Mid_Orb_R	Frontal_Inf_Oper_L	Frontal_Inf_Oper_R	Frontal_Inf_Tri_L	Frontal_Inf_Tri_R	Frontal_Inf_Orb_L	Frontal_Inf_Orb_R	Rolandic_Oper_L	Rolandic_Oper_R	Supp_Motor_Area_L	Supp_Motor_Area_R	Olfactory_L	Olfactory_R	Frontal_Sup_Medial_L	Frontal_Sup_Medial_R	Frontal_Med_Orb_L	Frontal_Med_Orb_R	Rectus_L	Rectus_R	Insula_L	Insula_R	Cingulum_Ant_L	Cingulum_Ant_R	Cingulum_Mid_L	Cingulum_Mid_R	Cingulum_Post_L	Cingulum_Post_R	Hippocampus_L	Hippocampus_R	ParaHippocampal_L	ParaHippocampal_R	Amygdala_L	Amygdala_R	Calcarine_L	Calcarine_R	Cuneus_L	Cuneus_R	Lingual_L	Lingual_R	Occipital_Sup_L	Occipital_Sup_R	Occipital_Mid_L	Occipital_Mid_R	Occipital_Inf_L	Occipital_Inf_R	Fusiform_L	Fusiform_R	Postcentral_L	Postcentral_R	Parietal_Sup_L	Parietal_Sup_R	Parietal_Inf_L	Parietal_Inf_R	SupraMarginal_L	SupraMarginal_R	Angular_L	Angular_R	Precuneus_L	Precuneus_R	Paracentral_Lobule_L	Paracentral_Lobule_R	Caudate_L	Caudate_R	Putamen_L	Putamen_R	Pallidum_L	Pallidum_R	Thalamus_L	Thalamus_R	Heschl_L	Heschl_R	Temporal_Sup_L	Temporal_Sup_R	Temporal_Pole_Sup_L	Temporal_Pole_Sup_R	Temporal_Mid_L	Temporal_Mid_R	Temporal_Pole_Mid_L	Temporal_Pole_Mid_R	Temporal_Inf_L	Temporal_Inf_R	Cerebelum_Crus1_L	Cerebelum_Crus1_R	Cerebelum_Crus2_L	Cerebelum_Crus2_R	Cerebelum_3_L	Cerebelum_3_R	Cerebelum_4_5_L	Cerebelum_4_5_R	Cerebelum_6_L	Cerebelum_6_R	Cerebelum_7b_L	Cerebelum_7b_R	Cerebelum_8_L	Cerebelum_8_R	Cerebelum_9_L	Cerebelum_9_R	Cerebelum_10_L	Cerebelum_10_R	Vermis_1_2	Vermis_3	Vermis_4_5	Vermis_6	Vermis_7	Vermis_8	Vermis_9	Vermis_10	
393224	Precentral_L	0	302	11498	2594	0	0	20458	0	0	0	23064	192	3884	0	0	0	21164	172	2278	2506	0	168	298	574	0	0	0	0	19168	302	484	642	378	240	3596	2570	1114	1338	0	414	0	0	424	0	290	0	0	0	0	0	3326	0	190	0	0	0	32432	0	274	0	5200	0	3588	0	4640	0	864	0	3660	106	1736	1114	1908	164	1162	0	2466	1502	3394	0	7676	0	164	0	728	0	0	0	206	0	0	0	0	0	0	0	0	0	0	0	0	0	0	0	0	0	0	0	0	0	0	0	0	0	0	0	
121428	Precentral_R	302	0	350	5736	0	0	0	7274	0	0	116	5172	0	0	0	0	120	1100	152	3010	0	0	0	0	0	0	0	0	154	2238	0	0	0	602	222	506	0	2276	0	0	0	0	0	332	0	516	0	0	0	1164	0	386	0	0	0	276	152	14064	0	144	0	498	0	1826	0	254	0	956	0	4028	248	1012	0	802	0	0	254	1136	0	406	0	424	0	0	0	1608	0	0	0	898	0	0	0	0	0	0	0	0	0	0	0	0	0	0	0	0	0	0	0	0	0	0	0	0	0	0	
1.13225e+06	Frontal_Sup_L	11498	350	0	24392	14702	194	66340	318	758	0	9094	1504	20482	564	4982	160	19934	424	95592	34110	0	0	45882	8592	1466	156	0	0	45774	2258	13930	6704	6054	7704	3428	2586	5874	1042	386	436	0	0	138	0	102	0	0	428	0	0	872	0	102	0	492	0	4332	0	0	0	634	0	2482	0	1346	0	386	320	1278	136	21728	6532	25004	1444	8450	130	22472	1014	3234	0	3684	0	984	0	226	0	0	0	506	0	0	0	0	0	0	0	0	0	0	0	0	0	0	0	0	0	0	0	0	0	0	0	0	0	0	0	
910884	Frontal_Sup_R	2594	5736	24392	0	200	6456	3206	30344	0	608	1394	12074	262	5378	0	1710	3202	12092	26612	66904	0	0	7578	41820	0	4384	0	144	3942	24392	6964	29406	2744	25504	1170	1418	536	4258	0	368	0	0	0	0	0	122	0	0	0	188	0	0	0	0	0	362	2324	1550	0	0	126	574	134	1456	184	150	0	406	472	602	6780	29360	1164	21960	100	2706	3144	18194	294	2014	716	1050	0	0	0	666	0	0	0	852	0	0	0	0	0	0	0	0	0	0	0	0	0	0	0	0	0	0	0	0	0	0	0	0	0	0	
210896	Frontal_Sup_Orb_L	0	0	14702	200	0	0	5216	0	12908	0	192	0	8012	0	17464	0	202	0	1900	464	986	0	8676	592	3088	0	3066	0	12670	0	2932	676	342	152	0	0	202	0	0	0	0	0	0	0	0	0	0	0	0	0	0	0	0	0	0	0	0	0	0	0	0	0	0	0	0	0	0	0	0	0	254	434	8386	0	0	0	0	0	0	0	0	0	1732	0	0	0	0	0	0	0	0	0	0	0	0	0	0	0	0	0	0	0	0	0	0	0	0	0	0	0	0	0	0	0	0	0	
144156	Frontal_Sup_Orb_R	0	0	194	6456	0	0	132	1494	0	4250	0	214	0	470	0	2610	0	254	144	2212	0	496	368	7118	0	10808	0	4290	0	1100	2008	5670	0	1104	0	0	0	0	0	0	0	0	0	0	0	0	0	0	0	0	0	0	0	0	0	0	0	0	0	0	0	0	0	0	0	0	0	0	0	0	178	10028	0	10480	0	0	0	0	0	0	0	0	0	0	0	0	0	0	0	0	0	0	0	0	0	0	0	0	0	0	0	0	0	0	0	0	0	0	0	0	0	0	0	0	0	0	
547828	Frontal_Mid_L	20458	0	66340	3206	5216	132	0	258	2172	0	13750	110	29208	0	5074	0	16346	0	6748	2592	0	142	14274	2240	318	0	0	0	33290	166	4370	2684	976	596	790	836	1404	510	0	266	0	0	0	0	0	0	0	194	0	0	470	0	0	0	170	0	3112	0	0	0	202	0	338	0	740	0	0	0	0	0	9392	3574	8802	254	2602	0	3508	284	1732	0	2836	0	908	0	108	0	0	0	216	0	0	0	0	0	0	0	0	0	0	0	0	0	0	0	0	0	0	0	0	0	0	0	0	0	0	0	
187276	Frontal_Mid_R	0	7274	318	30344	0	1494	258	0	0	670	0	9156	0	6554	0	2824	186	2310	180	1250	0	0	196	7752	0	196	0	0	206	7282	200	1668	0	3426	0	0	0	1020	0	0	0	0	0	0	0	0	0	0	0	0	0	0	0	0	0	0	0	302	0	0	0	0	0	164	0	0	0	0	0	0	710	786	0	4254	0	0	494	1208	0	828	0	128	0	0	0	0	0	0	0	0	0	0	0	0	0	0	0	0	0	0	0	0	0	0	0	0	0	0	0	0	0	0	0	0	0	0	
80196	Frontal_Mid_Orb_L	0	0	758	0	12908	0	2172	0	0	0	0	0	1588	0	11522	0	0	0	180	0	450	0	0	0	138	0	1770	0	2956	0	124	0	0	0	0	0	0	0	0	0	0	0	0	0	0	0	0	0	0	0	0	0	0	0	0	0	0	0	0	0	0	0	0	0	0	0	0	0	0	0	0	0	5156	0	0	0	0	0	0	0	0	0	376	0	0	0	0	0	0	0	0	0	0	0	0	0	0	0	0	0	0	0	0	0	0	0	0	0	0	0	0	0	0	0	0	0	
33844	Frontal_Mid_Orb_R	0	0	0	608	0	4250	0	670	0	0	0	0	0	350	0	4648	0	0	0	0	0	0	0	0	0	704	0	410	0	1084	0	0	0	0	0	0	0	0	0	0	0	0	0	0	0	0	0	0	0	0	0	0	0	0	0	0	0	0	0	0	0	0	0	0	0	0	0	0	0	0	0	1500	0	2698	0	0	0	0	0	0	0	0	0	0	0	0	0	0	0	0	0	0	0	0	0	0	0	0	0	0	0	0	0	0	0	0	0	0	0	0	0	0	0	0	0	0	
339204	Frontal_Inf_Oper_L	23064	116	9094	1394	192	0	13750	0	0	0	0	286	9926	0	358	0	27362	0	6072	5360	0	0	694	456	0	0	0	0	31592	332	556	188	132	290	1542	2116	806	1330	0	448	0	0	0	0	0	0	0	0	0	0	576	0	128	0	0	0	10008	0	0	0	624	0	1314	0	704	0	0	0	0	0	532	474	1008	0	0	0	2276	1526	1758	0	10144	0	788	0	286	0	0	0	0	0	0	0	0	0	0	0	0	0	0	0	0	0	0	0	0	0	0	0	0	0	0	0	0	0	0	0	
184256	Frontal_Inf_Oper_R	192	5172	1504	12074	0	214	110	9156	0	0	286	0	120	9610	0	564	228	5540	2314	9176	0	0	164	3276	0	134	0	0	458	14640	276	1310	0	2596	0	124	0	760	0	0	0	0	0	0	0	0	0	0	0	0	0	0	0	0	0	0	210	1932	0	0	0	100	0	646	0	0	0	0	0	0	434	2030	0	3796	0	154	234	942	0	496	0	836	0	320	0	0	0	0	0	0	0	0	0	0	0	0	0	0	0	0	0	0	0	0	0	0	0	0	0	0	0	0	0	0	0	0	
291716	Frontal_Inf_Tri_L	3884	0	20482	262	8012	0	29208	0	1588	0	9926	120	0	0	13182	0	2670	0	6538	956	0	0	9538	624	0	0	0	0	30824	122	840	170	156	262	0	0	230	0	0	0	0	0	0	0	0	0	0	0	0	0	0	0	0	0	0	0	1018	0	0	0	0	0	0	0	0	0	0	0	0	0	210	166	1082	0	0	0	0	0	0	0	756	0	3032	0	0	0	0	0	0	0	0	0	0	0	0	0	0	0	0	0	0	0	0	0	0	0	0	0	0	0	0	0	0	0	0	0	
107316	Frontal_Inf_Tri_R	0	0	564	5378	0	470	0	6554	0	350	0	9610	0	0	0	5734	0	562	1046	3216	0	0	102	1994	0	0	0	0	118	12078	130	1242	0	2094	0	0	0	0	0	0	0	0	0	0	0	0	0	0	0	0	0	0	0	0	0	0	0	0	0	0	0	0	0	0	0	0	0	0	0	0	0	828	0	1588	0	0	0	0	0	0	0	0	0	0	0	0	0	0	0	0	0	0	0	0	0	0	0	0	0	0	0	0	0	0	0	0	0	0	0	0	0	0	0	0	0	0	
162124	Frontal_Inf_Orb_L	0	0	4982	0	17464	0	5074	0	11522	0	358	0	13182	0	0	0	292	0	906	136	1544	0	1100	0	0	0	120	0	14218	0	134	0	0	0	0	0	506	0	676	0	378	0	0	0	0	0	0	0	0	0	0	0	0	0	112	0	0	0	0	0	0	0	0	0	0	0	0	0	0	0	120	0	4034	0	0	0	0	0	0	0	0	0	4204	0	0	0	0	0	0	0	0	0	0	0	0	0	0	0	0	0	0	0	0	0	0	0	0	0	0	0	0	0	0	0	0	0	
73904	Frontal_Inf_Orb_R	0	0	160	1710	0	2610	0	2824	0	4648	0	564	0	5734	0	0	0	114	116	336	0	102	0	436	0	116	0	262	0	9324	0	614	0	504	0	0	0	0	0	0	0	0	0	0	0	0	0	0	0	0	0	0	0	0	0	0	0	0	0	0	0	0	0	0	0	0	0	0	0	0	0	1220	0	3066	0	0	0	0	0	0	0	946	0	1288	0	258	0	0	0	0	0	0	0	0	0	0	0	0	0	0	0	0	0	0	0	0	0	0	0	0	0	0	0	0	0	0	
440984	Rolandic_Oper_L	21164	120	19934	3202	202	0	16346	186	0	0	27362	228	2670	0	292	0	0	0	7592	5384	0	0	312	296	0	0	0	0	41686	300	1448	216	144	428	1654	2192	1034	1378	0	466	0	0	0	0	0	0	0	0	0	0	1118	0	152	0	0	0	15294	0	0	0	1614	0	5796	0	2558	0	150	100	178	0	4896	1570	4456	270	244	0	3410	1932	2888	0	15272	0	754	0	1338	0	0	0	266	0	0	0	0	0	0	0	0	0	0	0	0	0	0	0	0	0	0	0	0	0	0	0	0	0	0	0	
123412	Rolandic_Oper_R	172	1100	424	12092	0	254	0	2310	0	0	0	5540	0	562	0	114	0	0	508	6138	0	0	0	824	0	104	0	0	98	12228	0	658	0	126	0	0	0	1172	0	0	0	0	0	0	0	0	0	0	0	0	0	0	0	0	0	0	0	2166	0	0	0	214	0	2042	0	0	0	0	0	0	140	636	0	3074	0	0	0	560	0	4392	0	3514	0	328	0	114	0	0	0	102	0	0	0	0	0	0	0	0	0	0	0	0	0	0	0	0	0	0	0	0	0	0	0	0	0	0	
714892	Supp_Motor_Area_L	2278	152	95592	26612	1900	144	6748	180	180	0	6072	2314	6538	1046	906	116	7592	508	0	47840	0	0	17008	6194	0	110	0	0	17062	3036	5186	4756	13044	15394	4838	950	1740	140	110	0	0	0	110	0	0	128	0	0	0	122	206	0	0	0	0	0	2846	0	138	0	98	0	2226	0	102	0	754	556	3924	872	11022	3894	9326	1070	5936	0	15070	366	192	0	1818	0	384	0	0	0	0	0	0	0	0	0	0	0	0	0	0	0	0	0	0	0	0	0	0	0	0	0	0	0	0	0	0	0	0	0	
773132	Supp_Motor_Area_R	2506	3010	34110	66904	464	2212	2592	1250	0	0	5360	9176	956	3216	136	336	5384	6138	47840	0	0	0	2512	13994	0	1392	0	0	9286	11466	5772	13746	7030	40176	2244	5820	546	1166	0	308	0	0	0	1514	0	1456	0	326	0	1838	0	828	0	0	0	236	2056	3848	0	0	112	352	160	656	110	1300	138	5952	1380	18136	3610	13668	1186	6594	0	1170	1808	3604	396	432	1476	702	278	0	0	3816	0	0	0	380	0	0	0	0	0	0	0	0	0	0	0	0	0	0	0	0	0	0	0	0	0	0	0	0	0	0	
115544	Olfactory_L	0	0	0	0	986	0	0	0	450	0	0	0	0	0	1544	0	0	0	0	0	0	7880	0	0	254	0	2776	926	2312	0	5388	3894	0	0	0	0	1122	0	1814	0	1416	0	0	0	0	0	0	0	0	0	0	0	0	0	276	0	0	0	0	0	0	0	0	0	0	0	0	0	0	0	9436	8080	5402	3182	152	0	0	0	0	0	0	0	482	0	0	0	0	0	0	0	0	0	0	0	0	0	0	0	0	0	0	0	0	0	0	0	0	0	0	0	0	0	0	0	0	0	
98132	Olfactory_R	168	0	0	0	0	496	142	0	0	0	0	0	0	0	0	102	0	0	0	0	7880	0	0	0	0	748	1758	2192	0	1532	3972	3370	0	0	0	0	0	0	0	104	0	492	0	0	0	0	0	0	0	0	0	0	0	0	0	0	0	0	0	0	0	0	0	0	0	0	0	0	0	0	8698	8538	5210	2594	854	216	0	0	0	0	0	0	0	0	0	0	0	0	0	0	0	0	0	0	0	0	0	0	0	0	0	0	0	0	0	0	0	0	0	0	0	0	0	0	0	0	
383216	Frontal_Sup_Medial_L	298	0	45882	7578	8676	368	14274	196	0	0	694	164	9538	102	1100	0	312	0	17008	2512	0	0	0	19354	2720	780	0	0	9336	228	18256	12376	7188	10064	0	0	192	0	0	0	0	0	0	0	0	0	0	0	0	0	0	0	0	0	0	0	0	0	0	0	0	0	0	0	0	0	0	0	0	0	186	646	1210	0	0	0	0	0	0	0	142	0	132	0	0	0	0	0	96	0	0	0	0	0	0	0	0	0	0	0	0	0	0	0	0	0	0	0	0	0	0	0	0	0	0	0	
427712	Frontal_Sup_Medial_R	574	0	8592	41820	592	7118	2240	7752	0	0	456	3276	624	1994	0	436	296	824	6194	13994	0	0	19354	0	0	7480	0	0	1600	3898	10794	32614	1522	23070	0	0	0	0	0	0	0	0	0	0	0	0	0	0	0	0	0	0	0	0	0	0	0	0	0	0	0	0	0	0	0	0	0	0	0	0	1972	11114	204	3078	0	0	96	0	0	278	0	0	0	0	0	0	0	0	0	0	0	0	0	0	0	0	0	0	0	0	0	0	0	0	0	0	0	0	0	0	0	0	0	0	0	0	
27436	Frontal_Med_Orb_L	0	0	1466	0	3088	0	318	0	138	0	0	0	0	0	0	0	0	0	0	0	254	0	2720	0	0	422	1102	0	0	0	2334	352	0	0	0	0	0	0	0	0	0	0	0	0	0	0	0	0	0	0	0	0	0	0	0	0	0	0	0	0	0	0	0	0	0	0	0	0	0	0	344	244	772	164	0	0	0	0	0	0	0	0	0	0	0	0	0	0	0	0	0	0	0	0	0	0	0	0	0	0	0	0	0	0	0	0	0	0	0	0	0	0	0	0	0	0	
114872	Frontal_Med_Orb_R	0	0	156	4384	0	10808	0	196	0	704	0	134	0	0	0	116	0	104	110	1392	0	748	780	7480	422	0	0	3136	0	356	3096	7420	0	428	0	0	0	0	0	0	0	0	0	0	0	0	0	0	0	0	0	0	0	0	0	0	0	0	0	0	0	0	0	0	0	0	0	0	0	0	142	8922	0	6402	0	0	0	0	0	0	0	0	0	0	0	0	0	0	0	0	0	0	0	0	0	0	0	0	0	0	0	0	0	0	0	0	0	0	0	0	0	0	0	0	0	0	
37524	Rectus_L	0	0	0	0	3066	0	0	0	1770	0	0	0	0	0	120	0	0	0	0	0	2776	1758	0	0	1102	0	0	770	0	0	1468	718	0	0	0	0	0	0	0	0	0	0	0	0	0	0	0	0	0	0	0	0	0	0	0	0	0	0	0	0	0	0	0	0	0	0	0	0	0	0	1924	1438	1420	432	0	0	0	0	0	0	0	0	0	0	0	0	0	0	0	0	0	0	0	0	0	0	0	0	0	0	0	0	0	0	0	0	0	0	0	0	0	0	0	0	0	0	
42700	Rectus_R	0	0	0	144	0	4290	0	0	0	410	0	0	0	0	0	262	0	0	0	0	926	2192	0	0	0	3136	770	0	0	326	814	1860	0	0	0	0	0	0	0	0	0	0	0	0	0	0	0	0	0	0	0	0	0	0	0	0	0	0	0	0	0	0	0	0	0	0	0	0	0	0	830	3284	200	1906	0	0	0	0	0	0	0	0	0	0	0	0	0	0	0	0	0	0	0	0	0	0	0	0	0	0	0	0	0	0	0	0	0	0	0	0	0	0	0	0	0	0	
802928	Insula_L	19168	154	45774	3942	12670	0	33290	206	2956	0	31592	458	30824	118	14218	0	41686	98	17062	9286	2312	0	9336	1600	0	0	0	0	0	580	4390	644	518	952	2326	2604	10250	1612	2332	506	3162	0	134	0	0	0	176	810	0	0	1770	0	218	0	3450	0	10522	0	122	0	1834	0	3536	0	3674	0	276	206	208	0	6968	2324	17438	412	442	0	4800	1956	7648	0	15418	0	3764	0	2496	0	0	0	4236	0	0	0	0	0	0	0	0	0	0	0	0	0	0	0	0	0	0	0	0	0	0	0	0	0	0	0	
368324	Insula_R	302	2238	2258	24392	0	1100	166	7282	0	1084	332	14640	122	12078	0	9324	300	12228	3036	11466	0	1532	228	3898	0	356	0	326	580	0	370	2970	0	3306	170	294	0	6154	0	410	0	590	0	176	0	0	0	0	0	242	0	262	0	0	0	1622	246	1312	0	0	0	728	0	1568	0	792	0	256	0	438	782	3704	186	26848	0	816	492	2198	0	2996	120	7678	0	1760	0	2994	0	0	0	2414	0	0	0	0	0	0	0	0	0	0	0	0	0	0	0	0	0	0	0	0	0	0	0	0	0	0	
338068	Cingulum_Ant_L	484	0	13930	6964	2932	2008	4370	200	124	0	556	276	840	130	134	0	1448	0	5186	5772	5388	3972	18256	10794	2334	3096	1468	814	4390	370	0	23512	5500	6784	0	0	340	0	0	0	0	0	0	0	0	0	0	0	0	0	0	0	0	0	120	0	0	0	0	0	0	0	0	0	0	0	0	0	0	0	9944	10974	10062	5184	0	172	0	0	0	0	0	0	0	0	0	0	0	0	206	0	0	0	0	0	0	0	0	0	0	0	0	0	0	0	0	0	0	0	0	0	0	0	0	0	0	0	
471256	Cingulum_Ant_R	642	0	6704	29406	676	5670	2684	1668	0	0	188	1310	170	1242	0	614	216	658	4756	13746	3894	3370	12376	32614	352	7420	718	1860	644	2970	23512	0	2182	21356	0	0	0	0	0	0	0	0	0	0	0	0	0	0	0	0	0	0	0	0	0	0	0	0	0	0	0	0	0	0	0	0	0	0	0	0	7740	28594	3460	11628	0	324	0	0	0	264	0	0	0	0	0	0	0	0	0	0	0	0	0	0	0	0	0	0	0	0	0	0	0	0	0	0	0	0	0	0	0	0	0	0	0	0	
180340	Cingulum_Mid_L	378	0	6054	2744	342	0	976	0	0	0	132	0	156	0	0	0	144	0	13044	7030	0	0	7188	1522	0	0	0	0	518	0	5500	2182	0	14428	5668	728	470	0	414	0	0	0	1134	0	472	212	0	0	216	194	2218	0	0	0	294	0	590	98	896	0	486	0	0	0	346	0	5880	1284	4932	658	0	196	184	0	0	0	0	0	0	0	0	0	0	0	122	0	0	0	140	0	0	0	0	0	0	0	0	0	0	0	0	0	0	0	0	0	0	0	0	0	0	0	0	0	0	0	
488024	Cingulum_Mid_R	240	602	7704	25504	152	1104	596	3426	0	0	290	2596	262	2094	0	504	428	126	15394	40176	0	0	10064	23070	0	428	0	0	952	3306	6784	21356	14428	0	2180	5882	156	168	0	0	0	0	0	1072	0	6324	0	700	0	6174	0	924	0	0	0	456	0	4028	0	672	0	244	0	0	0	242	1722	13952	1298	10638	196	3570	348	466	0	0	354	0	0	0	0	0	0	0	0	660	0	0	0	0	0	0	0	0	0	0	0	0	0	0	0	0	0	0	0	0	0	0	0	0	0	0	0	0	0	0	
257616	Cingulum_Post_L	3596	222	3428	1170	0	0	790	0	0	0	1542	0	0	0	0	0	1654	0	4838	2244	0	0	0	0	0	0	0	0	2326	170	0	0	5668	2180	0	12570	11926	5270	6692	2636	0	0	7102	172	1140	252	2740	186	564	130	3922	0	528	0	2610	468	3164	120	1918	0	774	0	150	0	602	0	12566	3000	5430	562	116	0	610	0	0	0	3252	1364	998	0	1370	126	0	0	1900	118	0	0	1308	624	0	0	0	0	0	0	0	0	0	0	0	0	0	0	0	0	0	0	0	0	0	0	0	0	0	0	
203188	Cingulum_Post_R	2570	506	2586	1418	0	0	836	0	0	0	2116	124	0	0	0	0	2192	0	950	5820	0	0	0	0	0	0	0	0	2604	294	0	0	728	5882	12570	0	5466	9746	836	4530	0	0	0	2164	0	658	138	2084	0	628	0	124	0	0	0	1074	1790	608	0	0	0	0	198	0	182	0	1344	9462	652	4022	110	0	618	0	0	0	5620	3090	734	0	1816	314	0	0	0	422	0	0	0	1506	0	0	0	0	0	0	0	0	0	0	0	0	0	0	0	0	0	0	0	0	462	0	0	0	0	0	
317240	Hippocampus_L	1114	0	5874	536	202	0	1404	0	0	0	806	0	230	0	506	0	1034	0	1740	546	1122	0	192	0	0	0	0	0	10250	0	340	0	470	156	11926	5466	0	3758	18016	2632	7246	0	7464	0	786	0	7836	3890	0	0	4176	0	1120	0	13654	100	1802	0	1654	0	694	0	0	0	310	0	8810	948	704	0	354	112	6888	164	590	0	4334	462	2212	0	2172	0	904	0	2564	0	0	0	8350	0	0	0	0	0	0	0	0	0	0	0	0	0	0	0	0	0	0	0	0	0	0	0	0	0	0	0	
315324	Hippocampus_R	1338	2276	1042	4258	0	0	510	1020	0	0	1330	760	0	0	0	0	1378	1172	140	1166	0	0	0	0	0	0	0	0	1612	6154	0	0	0	168	5270	9746	3758	0	338	26478	0	7938	0	1952	0	100	0	4304	0	188	0	262	0	454	0	21244	1106	994	0	0	0	272	106	1002	0	262	128	4834	0	458	0	436	464	6258	0	1312	4670	8532	326	726	1160	1882	0	396	0	3370	0	0	0	10598	0	0	0	0	0	0	0	1540	0	106	0	0	0	0	0	0	0	0	0	0	368	0	0	0	0	0	
173588	ParaHippocampal_L	0	0	386	0	0	0	0	0	0	0	0	0	0	0	676	0	0	0	110	0	1814	0	0	0	0	0	0	0	2332	0	0	0	414	0	6692	836	18016	338	0	268	3034	0	5978	0	662	0	8586	2404	0	0	3368	0	1204	0	9100	0	1192	0	1458	0	558	0	0	0	258	0	7408	280	660	0	0	0	1318	0	0	0	434	0	0	0	192	0	860	0	2320	0	150	0	2978	0	0	0	0	0	0	200	0	0	0	0	0	0	0	0	0	0	0	0	0	310	0	0	0	0	0	0	
197280	ParaHippocampal_R	414	0	436	368	0	0	266	0	0	0	448	0	0	0	0	0	466	0	0	308	0	104	0	0	0	0	0	0	506	410	0	0	0	0	2636	4530	2632	26478	268	0	0	8246	0	1324	0	0	0	5062	0	112	0	184	0	536	0	18128	324	0	0	0	0	0	0	0	0	0	0	3532	0	0	0	0	130	2256	0	1124	1812	3712	100	0	346	138	0	4470	0	156	0	894	0	1582	0	0	0	0	0	0	0	3698	0	174	0	0	0	0	0	0	0	0	0	0	330	0	0	0	0	0	
41600	Amygdala_L	0	0	0	0	0	0	0	0	0	0	0	0	0	0	378	0	0	0	0	0	1416	0	0	0	0	0	0	0	3162	0	0	0	0	0	0	0	7246	0	3034	0	0	0	0	0	0	0	0	0	0	0	0	0	0	0	2624	0	0	0	0	0	0	0	0	0	0	0	0	0	0	0	0	0	950	0	0	0	0	0	0	0	154	0	920	0	0	0	0	0	916	0	0	0	0	0	0	0	0	0	0	0	0	0	0	0	0	0	0	0	0	0	0	0	0	0	0	0	
66676	Amygdala_R	0	0	0	0	0	0	0	0	0	0	0	0	0	0	0	0	0	0	0	0	0	492	0	0	0	0	0	0	0	590	0	0	0	0	0	0	0	7938	0	8246	0	0	0	0	0	0	0	0	0	0	0	0	0	0	0	8042	0	0	0	0	0	0	0	0	0	0	0	0	0	0	0	0	0	508	0	0	0	140	0	0	0	0	0	4476	0	0	0	112	0	1790	0	0	0	0	0	0	0	1004	0	0	0	0	0	0	0	0	0	0	0	0	0	0	0	0	0	0	
277636	Calcarine_L	424	0	138	0	0	0	0	0	0	0	0	0	0	0	0	0	0	0	110	0	0	0	0	0	0	0	0	0	134	0	0	0	1134	0	7102	0	7464	0	5978	0	0	0	0	4704	14868	3818	12854	1896	8222	1326	20950	176	1486	0	2754	144	3500	0	2658	0	1484	0	0	0	1554	0	23476	272	2458	0	0	0	0	0	0	0	0	0	166	0	156	0	0	0	6248	0	0	0	1164	0	0	0	0	0	0	0	0	0	0	0	0	0	0	0	0	0	0	0	0	0	0	0	0	0	0	0	
317576	Calcarine_R	0	332	0	0	0	0	0	0	0	0	0	0	0	0	0	0	0	0	0	1514	0	0	0	0	0	0	0	0	0	176	0	0	0	1072	172	2164	0	1952	0	1324	0	0	4704	0	4236	25250	1366	26048	0	21154	0	12654	0	4346	0	9330	0	1704	0	612	0	0	0	120	0	834	1090	25564	0	2850	0	0	0	0	0	0	0	276	0	0	0	196	0	0	0	4450	0	0	0	2370	0	0	0	0	0	0	0	478	0	0	0	0	0	0	0	0	0	0	0	0	450	0	0	0	0	0	
151308	Cuneus_L	290	0	102	0	0	0	0	0	0	0	0	0	0	0	0	0	0	0	0	0	0	0	0	0	0	0	0	0	0	0	0	0	472	0	1140	0	786	0	662	0	0	0	14868	4236	0	7016	1790	384	12142	2080	9346	202	104	0	200	174	1054	0	968	0	358	0	0	0	670	0	13210	1394	910	0	0	0	0	0	0	0	0	0	0	0	0	0	0	0	1096	0	0	0	0	0	0	0	0	0	0	0	0	0	0	0	0	0	0	0	0	0	0	0	0	0	0	0	0	0	0	0	
312280	Cuneus_R	0	516	0	122	0	0	0	0	0	0	0	0	0	0	0	0	0	0	128	1456	0	0	0	0	0	0	0	0	0	0	0	0	212	6324	252	658	0	100	0	0	0	0	3818	25250	7016	0	256	9492	0	37494	0	8846	0	702	0	4562	0	7598	202	3224	0	444	0	0	0	406	3344	27252	0	4546	0	0	0	0	0	0	0	0	0	0	0	0	0	0	0	1434	0	0	0	288	0	0	0	0	0	0	0	0	0	0	0	0	0	0	0	0	0	0	0	0	198	0	0	0	0	0	
327776	Lingual_L	0	0	0	0	0	0	0	0	0	0	0	0	0	0	0	0	0	0	0	0	0	0	0	0	0	0	0	0	176	0	0	0	0	0	2740	138	7836	0	8586	0	0	0	12854	1366	1790	256	0	5290	1832	240	22286	0	11748	0	23918	1226	388	0	178	0	106	0	0	0	174	0	9802	0	316	0	0	0	164	0	0	0	160	0	248	0	180	0	0	0	3588	0	0	0	1262	0	5680	356	426	0	0	0	8984	3384	13732	2812	0	0	154	0	296	110	160	0	0	224	5698	2550	474	0	0	0	
402724	Lingual_R	0	0	428	0	0	0	194	0	0	0	0	0	0	0	0	0	0	0	0	326	0	0	0	0	0	0	0	0	810	0	0	0	0	700	186	2084	3890	4304	2404	5062	0	0	1896	26048	384	9492	5290	0	0	11316	0	12980	158	5760	2416	29760	0	354	0	204	0	148	0	0	0	0	242	11742	0	368	0	0	630	0	0	102	206	602	0	0	140	0	0	0	0	2028	0	0	690	3144	2826	2972	500	384	232	0	5080	8544	7004	8984	324	0	1006	0	538	0	0	0	0	168	7400	6918	1994	0	0	0	
125216	Occipital_Sup_L	0	0	0	0	0	0	0	0	0	0	0	0	0	0	0	0	0	0	0	0	0	0	0	0	0	0	0	0	0	0	0	0	216	0	564	0	0	0	0	0	0	0	8222	0	12142	0	1832	0	0	0	20658	0	272	0	152	0	466	0	5206	0	326	0	0	0	770	0	10130	626	482	0	0	0	0	0	0	0	0	0	0	0	0	0	0	0	544	0	0	0	0	0	0	0	0	0	0	0	0	0	0	0	0	0	0	0	0	0	0	0	0	0	0	0	0	0	0	0	
338964	Occipital_Sup_R	0	1164	0	188	0	0	0	0	0	0	0	0	0	0	0	0	0	0	122	1838	0	0	0	0	0	0	0	0	0	242	0	0	194	6174	130	628	0	188	0	112	0	0	1326	21154	2080	37494	240	11316	0	0	0	19092	0	1024	0	5994	0	9778	208	6082	0	2760	0	1892	0	5548	1248	22938	0	4812	0	0	0	0	0	0	0	132	0	96	0	642	0	0	0	2092	0	0	0	554	0	0	0	0	0	0	0	0	0	0	0	0	0	0	0	0	0	0	0	0	0	0	0	0	0	0	
478188	Occipital_Mid_L	3326	0	872	0	0	0	470	0	0	0	576	0	0	0	0	0	1118	0	206	0	0	0	0	0	0	0	0	0	1770	0	0	0	2218	0	3922	0	4176	0	3368	0	0	0	20950	0	9346	0	22286	0	20658	0	0	0	16812	0	11544	0	10268	0	13674	0	18062	0	1768	0	22230	0	20154	412	4348	0	0	0	160	0	0	0	0	0	1700	0	1346	0	0	0	18364	0	0	0	2636	0	134	0	0	0	0	0	0	0	220	0	0	0	0	0	0	0	0	0	0	0	0	0	0	0	0	0	
249992	Occipital_Mid_R	0	386	0	0	0	0	0	0	0	0	0	0	0	0	0	0	0	0	0	828	0	0	0	0	0	0	0	0	0	262	0	0	0	924	0	124	0	262	0	184	0	0	176	12654	202	8846	0	12980	0	19092	0	0	0	5618	0	10276	0	1346	0	462	0	2120	0	3902	0	15134	0	7476	0	1490	0	0	0	0	0	0	0	136	0	0	0	3034	0	0	0	13004	0	0	0	3910	0	0	0	0	0	0	0	168	0	0	0	0	0	0	0	0	0	0	0	0	0	0	0	0	0	0	
131764	Occipital_Inf_L	190	0	102	0	0	0	0	0	0	0	128	0	0	0	0	0	152	0	0	0	0	0	0	0	0	0	0	0	218	0	0	0	0	0	528	0	1120	0	1204	0	0	0	1486	0	104	0	11748	158	272	0	16812	0	0	0	17682	0	0	0	0	0	0	0	0	0	0	0	1152	0	0	0	0	0	114	0	0	0	0	0	560	0	268	0	0	0	2554	0	0	0	3564	0	1020	0	0	0	0	0	1806	186	2414	0	0	0	0	0	0	0	0	0	0	0	340	0	0	0	0	0	
81016	Occipital_Inf_R	0	0	0	0	0	0	0	0	0	0	0	0	0	0	0	0	0	0	0	0	0	0	0	0	0	0	0	0	0	0	0	0	0	0	0	0	0	454	0	536	0	0	0	4346	0	702	0	5760	0	1024	0	5618	0	0	0	8736	0	0	0	0	0	0	0	0	0	0	0	1610	0	0	0	0	0	0	0	0	0	0	0	0	0	0	0	0	0	1128	0	0	0	5006	254	604	144	0	0	0	232	410	392	1696	0	0	142	0	0	0	0	0	0	0	378	920	416	0	0	0	
408644	Fusiform_L	0	0	492	0	0	0	170	0	0	0	0	0	0	0	112	0	0	0	0	0	276	0	0	0	0	0	0	0	3450	0	120	0	294	0	2610	0	13654	0	9100	0	2624	0	2754	0	200	0	23918	2416	152	0	11544	0	17682	0	0	252	186	0	252	0	0	0	0	0	0	0	3122	0	206	0	100	0	1188	0	0	0	116	0	250	0	3518	0	3392	0	4440	0	830	0	20708	0	18926	226	412	0	252	0	16922	1382	27798	1606	474	0	496	0	282	0	0	0	0	256	3158	1830	174	0	0	0	
445936	Fusiform_R	0	276	0	362	0	0	0	0	0	0	0	0	0	0	0	0	0	0	0	236	0	0	0	0	0	0	0	0	0	1622	0	0	0	456	468	1074	100	21244	0	18128	0	8042	144	9330	174	4562	1226	29760	0	5994	0	10276	0	8736	252	0	0	422	0	204	0	192	0	0	0	0	126	4752	0	166	0	0	0	1950	0	174	134	864	0	196	0	1148	0	7554	0	4152	0	1842	0	20012	1252	8254	292	226	116	244	3668	12896	3282	15434	116	0	372	0	262	0	0	0	0	426	6064	2538	1176	0	0	0	
356656	Postcentral_L	32432	152	4332	2324	0	0	3112	0	0	0	10008	210	1018	0	0	0	15294	0	2846	2056	0	0	0	0	0	0	0	0	10522	246	0	0	590	0	3164	1790	1802	1106	1192	324	0	0	3500	0	1054	0	388	0	466	0	10268	0	0	0	186	0	0	0	7388	0	17494	0	9742	0	4470	0	4716	0	6922	0	990	340	446	102	0	0	1790	1310	1972	0	9160	0	108	0	700	0	0	0	296	0	0	0	0	0	0	0	0	0	0	0	0	0	0	0	0	0	0	0	0	0	0	0	0	0	0	0	
208188	Postcentral_R	0	14064	0	1550	0	0	0	302	0	0	0	1932	0	0	0	0	0	2166	0	3848	0	0	0	0	0	0	0	0	0	1312	0	0	98	4028	120	608	0	994	0	0	0	0	0	1704	0	7598	0	354	0	9778	0	1346	0	0	0	422	0	0	0	6066	0	5084	0	11048	0	1304	1384	12930	0	9742	0	0	0	456	0	0	0	278	0	172	0	526	0	0	0	2348	0	0	0	532	0	0	0	0	0	0	0	0	0	0	0	0	0	0	0	0	0	0	0	0	0	0	0	0	0	0	
125476	Parietal_Sup_L	274	0	0	0	0	0	0	0	0	0	0	0	0	0	0	0	0	0	138	0	0	0	0	0	0	0	0	0	122	0	0	0	896	0	1918	0	1654	0	1458	0	0	0	2658	0	968	202	178	0	5206	208	13674	0	0	0	252	0	7388	0	0	196	10136	0	176	0	1080	0	11274	890	1792	0	0	0	0	0	0	0	0	0	0	0	0	0	0	0	0	0	0	0	0	0	0	0	0	0	0	0	0	0	0	0	0	0	0	0	0	0	0	0	0	0	0	0	0	0	0	0	
64036	Parietal_Sup_R	0	144	0	0	0	0	0	0	0	0	0	0	0	0	0	0	0	0	0	0	0	0	0	0	0	0	0	0	0	0	0	0	0	672	0	0	0	0	0	0	0	0	0	612	0	3224	0	204	0	6082	0	462	0	0	0	204	0	6066	196	0	0	2678	0	288	0	1912	1336	7292	0	646	0	0	0	0	0	0	0	0	0	0	0	0	0	0	0	0	0	0	0	0	0	0	0	0	0	0	0	0	0	0	0	0	0	0	0	0	0	0	0	0	0	0	0	0	0	0	
222720	Parietal_Inf_L	5200	0	634	126	0	0	202	0	0	0	624	0	0	0	0	0	1614	0	98	112	0	0	0	0	0	0	0	0	1834	0	0	0	486	0	774	0	694	0	558	0	0	0	1484	0	358	0	106	0	326	0	18062	0	0	0	0	0	17494	0	10136	0	0	0	18248	0	19174	0	2156	0	694	0	0	0	0	0	0	0	0	0	132	0	1770	0	0	0	5516	0	0	0	2748	0	0	0	0	0	0	0	0	0	0	0	0	0	0	0	0	0	0	0	0	0	0	0	0	0	0	0	
72372	Parietal_Inf_R	0	498	0	574	0	0	0	0	0	0	0	100	0	0	0	0	0	214	0	352	0	0	0	0	0	0	0	0	0	728	0	0	0	244	0	0	0	272	0	0	0	0	0	0	0	444	0	148	0	2760	0	2120	0	0	0	192	0	5084	0	2678	0	0	0	9382	0	9226	196	742	0	0	0	0	0	0	0	0	0	0	0	0	0	122	0	0	0	0	0	0	0	110	0	0	0	0	0	0	0	0	0	0	0	0	0	0	0	0	0	0	0	0	0	0	0	0	0	0	
167540	SupraMarginal_L	3588	0	2482	134	0	0	338	0	0	0	1314	0	0	0	0	0	5796	0	2226	160	0	0	0	0	0	0	0	0	3536	0	0	0	0	0	150	198	0	106	0	0	0	0	0	0	0	0	0	0	0	0	1768	0	0	0	0	0	9742	0	176	0	18248	0	0	0	11168	0	104	0	146	0	0	0	0	0	0	0	228	142	156	0	7592	0	0	0	10924	0	0	0	3348	0	0	0	0	0	0	0	0	0	0	0	0	0	0	0	0	0	0	0	0	0	0	0	0	0	0	0	
133632	SupraMarginal_R	0	1826	0	1456	0	0	0	164	0	0	0	646	0	0	0	0	0	2042	0	656	0	0	0	0	0	0	0	0	0	1568	0	0	0	0	0	0	0	1002	0	0	0	0	0	120	0	0	0	0	0	1892	0	3902	0	0	0	0	0	11048	0	288	0	9382	0	0	0	12982	0	252	0	220	0	0	0	322	0	0	0	180	0	436	0	10104	0	0	0	5660	0	0	0	668	0	0	0	0	0	0	0	0	0	0	0	0	0	0	0	0	0	0	0	0	0	0	0	0	0	0	
189984	Angular_L	4640	0	1346	184	0	0	740	0	0	0	704	0	0	0	0	0	2558	0	102	110	0	0	0	0	0	0	0	0	3674	0	0	0	346	0	602	182	310	0	258	0	0	0	1554	0	670	0	174	0	770	0	22230	0	0	0	0	0	4470	0	1080	0	19174	0	11168	0	0	0	1916	0	1438	0	0	0	128	0	0	0	0	0	232	0	2646	0	0	0	9148	0	0	0	2438	0	0	0	0	0	0	0	0	0	0	0	0	0	0	0	0	0	0	0	0	0	0	0	0	0	0	0	
133996	Angular_R	0	254	0	150	0	0	0	0	0	0	0	0	0	0	0	0	0	0	0	1300	0	0	0	0	0	0	0	0	0	792	0	0	0	242	0	0	0	262	0	0	0	0	0	834	0	406	0	0	0	5548	0	15134	0	0	0	0	0	1304	0	1912	0	9226	0	12982	0	0	0	1250	0	1378	0	0	0	0	0	0	0	0	0	0	0	5472	0	0	0	7964	0	0	0	588	0	0	0	0	0	0	0	0	0	0	0	0	0	0	0	0	0	0	0	0	0	0	0	0	0	0	
348864	Precuneus_L	864	0	386	0	0	0	0	0	0	0	0	0	0	0	0	0	150	0	754	138	0	0	0	0	0	0	0	0	276	0	0	0	5880	1722	12566	1344	8810	128	7408	0	0	0	23476	1090	13210	3344	9802	242	10130	1248	20154	0	1152	0	3122	126	4716	1384	11274	1336	2156	196	104	0	1916	0	0	11284	3646	128	0	0	0	0	0	0	0	0	370	0	190	0	0	0	6788	0	0	0	1422	0	0	0	0	0	0	0	0	0	0	0	0	0	0	0	0	0	0	0	0	0	0	0	0	0	0	0	
414960	Precuneus_R	0	956	320	406	0	0	0	0	0	0	0	0	0	0	0	0	100	0	556	5952	0	0	0	0	0	0	0	0	206	256	0	0	1284	13952	3000	9462	948	4834	280	3532	0	0	272	25564	1394	27252	0	11742	626	22938	412	7476	0	1610	0	4752	0	12930	890	7292	0	742	0	252	0	1250	11284	0	186	11752	0	0	0	0	0	0	316	482	156	114	0	412	0	0	0	4602	0	0	0	2638	0	0	0	0	0	0	0	780	0	0	0	0	0	0	0	0	0	0	0	0	1320	0	0	0	0	0	
98960	Paracentral_Lobule_L	3660	0	1278	472	0	0	0	0	0	0	0	0	0	0	0	0	178	0	3924	1380	0	0	0	0	0	0	0	0	208	0	0	0	4932	1298	5430	652	704	0	660	0	0	0	2458	0	910	0	316	0	482	0	4348	0	0	0	206	0	6922	0	1792	0	694	0	146	0	1438	0	3646	186	0	482	0	0	0	0	0	0	0	0	0	0	148	0	0	0	332	0	0	0	198	0	0	0	0	0	0	0	0	0	0	0	0	0	0	0	0	0	0	0	0	0	0	0	0	0	0	0	
167984	Paracentral_Lobule_R	106	4028	136	602	0	0	0	0	0	0	0	0	0	0	0	0	0	0	872	18136	0	0	0	0	0	0	0	0	0	438	0	0	658	10638	562	4022	0	458	0	0	0	0	0	2850	0	4546	0	368	0	4812	0	1490	0	0	0	166	0	9742	0	646	0	0	0	220	0	1378	128	11752	482	0	0	0	0	0	0	0	0	0	0	0	0	240	0	0	0	4228	0	0	0	288	0	0	0	0	0	0	0	0	0	0	0	0	0	0	0	0	0	0	0	0	0	0	0	0	0	0	
366208	Caudate_L	1736	248	21728	6780	254	178	9392	710	0	0	532	434	210	0	120	0	4896	140	11022	3610	9436	8698	186	1972	344	142	1924	830	6968	782	9944	7740	0	196	116	110	354	0	0	0	0	0	0	0	0	0	0	0	0	0	0	0	0	0	100	0	990	0	0	0	0	0	0	0	0	0	0	0	0	0	0	26388	20232	6876	3210	952	9562	2228	158	0	508	0	0	0	0	0	0	0	168	0	0	0	0	0	0	0	0	0	0	0	0	0	0	0	0	0	0	0	0	0	0	0	0	0	0	0	
512960	Caudate_R	1114	1012	6532	29360	434	10028	3574	786	0	1500	474	2030	166	828	0	1220	1570	636	3894	13668	8080	8538	646	11114	244	8922	1438	3284	2324	3704	10974	28594	196	3570	0	0	112	436	0	0	0	0	0	0	0	0	0	0	0	0	0	0	0	0	0	0	340	0	0	0	0	0	0	0	0	0	0	0	0	0	26388	0	9014	24826	972	2172	4458	16880	0	152	276	0	0	0	0	0	0	0	0	0	0	0	0	0	0	0	0	0	0	0	0	0	0	0	0	0	0	0	0	0	0	0	0	0	0	0	
361880	Putamen_L	1908	0	25004	1164	8386	0	8802	0	5156	0	1008	0	1082	0	4034	0	4456	0	9326	1186	5402	5210	1210	204	772	0	1420	200	17438	186	10062	3460	184	348	610	618	6888	464	1318	130	950	0	0	0	0	0	164	630	0	0	160	0	114	0	1188	0	446	0	0	0	0	0	0	0	128	0	0	0	0	0	20232	9014	0	4236	8328	508	4896	310	118	0	548	0	0	0	130	0	0	0	1204	0	0	0	0	0	0	0	0	0	0	0	0	0	0	0	0	0	0	0	0	0	0	0	0	0	0	0	
364828	Putamen_R	164	802	1444	21960	0	10480	254	4254	0	2698	0	3796	0	1588	0	3066	270	3074	1070	6594	3182	2594	0	3078	164	6402	432	1906	412	26848	5184	11628	0	466	0	0	164	6258	0	2256	0	508	0	0	0	0	0	0	0	0	0	0	0	0	0	1950	102	456	0	0	0	0	0	322	0	0	0	0	0	0	6876	24826	4236	0	142	3142	302	5992	0	392	0	174	0	100	0	0	0	0	0	310	0	0	0	0	0	0	0	96	0	0	0	0	0	0	0	0	0	0	0	0	0	0	0	0	0	0	
69764	Pallidum_L	1162	0	8450	100	0	0	2602	0	0	0	0	0	0	0	0	0	244	0	5936	0	152	854	0	0	0	0	0	0	442	0	0	0	0	0	0	0	590	0	0	0	0	0	0	0	0	0	0	0	0	0	0	0	0	0	0	0	0	0	0	0	0	0	0	0	0	0	0	0	0	0	3210	972	8328	142	0	104	1594	0	0	0	0	0	0	0	0	0	0	0	0	0	0	0	0	0	0	0	0	0	0	0	0	0	0	0	0	0	0	0	0	0	0	0	0	0	0	0	
30932	Pallidum_R	0	0	130	2706	0	0	0	0	0	0	0	154	0	0	0	0	0	0	0	1170	0	216	0	0	0	0	0	0	0	816	172	324	0	0	0	0	0	1312	0	1124	0	0	0	0	0	0	0	102	0	0	0	0	0	0	0	174	0	0	0	0	0	0	0	0	0	0	0	0	0	0	952	2172	508	3142	104	0	0	188	0	0	0	0	0	0	0	0	0	0	0	0	0	0	0	0	0	0	0	0	0	0	0	0	0	0	0	0	0	0	0	0	0	0	0	0	0	0	
236376	Thalamus_L	2466	254	22472	3144	0	0	3508	494	0	0	2276	234	0	0	0	0	3410	0	15070	1808	0	0	0	96	0	0	0	0	4800	492	0	0	0	354	3252	5620	4334	4670	434	1812	0	0	0	0	0	0	160	206	0	0	0	0	0	0	116	134	1790	0	0	0	0	0	228	0	0	0	0	316	0	0	9562	4458	4896	302	1594	0	0	10360	670	0	1822	252	0	0	0	202	0	0	0	120	0	0	0	0	0	0	0	0	0	0	0	0	0	0	0	0	0	0	0	0	0	0	0	0	0	0	
196144	Thalamus_R	1502	1136	1014	18194	0	0	284	1208	0	0	1526	942	0	0	0	0	1932	560	366	3604	0	0	0	0	0	0	0	0	1956	2198	0	0	0	0	1364	3090	462	8532	0	3712	0	140	0	276	0	0	0	602	0	132	0	136	0	0	0	864	1310	278	0	0	0	0	142	180	0	0	0	482	0	0	2228	16880	310	5992	0	188	10360	0	0	0	1236	804	0	0	0	942	0	0	0	734	0	0	0	0	0	0	0	274	0	0	0	0	0	0	0	0	0	0	0	0	0	0	0	0	0	0	
80052	Heschl_L	3394	0	3234	294	0	0	1732	0	0	0	1758	0	0	0	0	0	2888	0	192	396	0	0	0	0	0	0	0	0	7648	0	0	0	0	0	998	734	2212	326	0	100	0	0	166	0	0	0	248	0	0	0	1700	0	560	0	250	0	1972	0	0	0	132	0	156	0	232	0	370	156	0	0	158	0	118	0	0	0	670	0	0	0	2496	0	0	0	3796	0	0	0	940	0	0	0	0	0	0	0	0	0	0	0	0	0	0	0	0	0	0	0	0	0	0	0	0	0	0	0	
39020	Heschl_R	0	406	0	2014	0	0	0	828	0	0	0	496	0	0	0	0	0	4392	0	432	0	0	0	278	0	0	0	0	0	2996	0	264	0	0	0	0	0	726	0	0	0	0	0	0	0	0	0	0	0	96	0	0	0	0	0	196	0	172	0	0	0	0	0	436	0	0	0	114	0	0	0	152	0	392	0	0	0	0	0	0	0	3878	0	0	0	690	0	0	0	552	0	0	0	0	0	0	0	0	0	0	0	0	0	0	0	0	0	0	0	0	0	0	0	0	0	0	
271240	Temporal_Sup_L	7676	0	3684	716	0	0	2836	0	0	0	10144	0	756	0	0	0	15272	0	1818	1476	0	0	142	0	0	0	0	0	15418	120	0	0	0	0	1370	1816	2172	1160	192	346	154	0	156	0	0	0	180	140	0	0	1346	0	268	0	3518	0	9160	0	0	0	1770	0	7592	0	2646	0	190	0	148	0	508	276	548	0	0	0	1822	1236	2496	0	0	0	2538	0	21382	0	0	0	10432	0	0	0	0	0	0	0	0	0	0	0	0	0	0	0	0	0	0	0	0	0	0	0	0	0	0	0	
135440	Temporal_Sup_R	0	424	0	1050	0	0	0	128	0	0	0	836	0	0	0	946	0	3514	0	702	0	0	0	0	0	0	0	0	0	7678	0	0	0	0	126	314	0	1882	0	138	0	0	0	196	0	0	0	0	0	642	0	3034	0	0	0	1148	0	526	0	0	0	122	0	10104	0	5472	0	412	0	240	0	0	0	174	0	0	252	804	0	3878	0	0	0	2542	0	17390	0	322	0	2724	0	0	0	0	0	0	0	0	0	0	0	0	0	0	0	0	0	0	0	0	0	0	0	0	0	0	
80664	Temporal_Pole_Sup_L	164	0	984	0	1732	0	908	0	376	0	788	0	3032	0	4204	0	754	0	384	278	482	0	132	0	0	0	0	0	3764	0	0	0	0	0	0	0	904	0	860	0	920	0	0	0	0	0	0	0	0	0	0	0	0	0	3392	0	108	0	0	0	0	0	0	0	0	0	0	0	0	0	0	0	0	0	0	0	0	0	0	0	2538	0	0	0	4734	0	1634	0	7260	0	0	0	0	0	0	0	0	0	0	0	0	0	0	0	0	0	0	0	0	0	0	0	0	0	0	0	
65084	Temporal_Pole_Sup_R	0	0	0	0	0	0	0	0	0	0	0	320	0	0	0	1288	0	328	0	0	0	0	0	0	0	0	0	0	0	1760	0	0	0	0	0	0	0	396	0	4470	0	4476	0	0	0	0	0	0	0	0	0	0	0	0	0	7554	0	0	0	0	0	0	0	0	0	0	0	0	0	0	0	0	0	100	0	0	0	0	0	0	0	2542	0	0	0	1402	0	3300	0	4204	0	0	0	0	0	0	0	402	0	0	0	0	0	0	0	0	0	0	0	0	0	0	0	0	0	0	
301608	Temporal_Mid_L	728	0	226	0	0	0	108	0	0	0	286	0	0	0	0	0	1338	0	0	0	0	0	0	0	0	0	0	0	2496	0	0	0	122	0	1900	0	2564	0	2320	0	0	0	6248	0	1096	0	3588	0	544	0	18364	0	2554	0	4440	0	700	0	0	0	5516	0	10924	0	9148	0	6788	0	332	0	0	0	130	0	0	0	0	0	3796	0	21382	0	4734	0	0	0	1622	0	36708	0	102	0	0	0	0	0	0	0	0	0	0	0	0	0	0	0	0	0	0	0	0	0	0	0	0	0	
228084	Temporal_Mid_R	0	1608	0	666	0	0	0	0	0	0	0	0	0	0	0	258	0	114	0	3816	0	0	0	0	0	0	0	0	0	2994	0	0	0	660	118	422	0	3370	0	156	0	0	0	4450	0	1434	0	2028	0	2092	0	13004	0	1128	0	4152	0	2348	0	0	0	0	0	5660	0	7964	0	4602	0	4228	0	0	0	0	0	0	202	942	0	690	0	17390	0	1402	0	0	0	1120	0	24908	0	0	0	0	0	0	0	116	0	0	0	0	0	0	0	0	0	0	0	0	0	0	0	0	0	0	
12292	Temporal_Pole_Mid_L	0	0	0	0	0	0	0	0	0	0	0	0	0	0	0	0	0	0	0	0	0	0	0	0	0	0	0	0	0	0	0	0	0	0	0	0	0	0	150	0	0	0	0	0	0	0	0	0	0	0	0	0	0	0	830	0	0	0	0	0	0	0	0	0	0	0	0	0	0	0	0	0	0	0	0	0	0	0	0	0	0	0	1634	0	1622	0	0	0	1910	0	0	0	0	0	0	0	0	0	0	0	0	0	0	0	0	0	0	0	0	0	0	0	0	0	0	0	
19508	Temporal_Pole_Mid_R	0	0	0	0	0	0	0	0	0	0	0	0	0	0	0	0	0	0	0	0	0	0	0	0	0	0	0	0	0	0	0	0	0	0	0	0	0	0	0	894	0	112	0	0	0	0	0	0	0	0	0	0	0	0	0	1842	0	0	0	0	0	0	0	0	0	0	0	0	0	0	0	0	0	0	0	0	0	0	0	0	0	322	0	3300	0	1120	0	0	0	2164	0	0	0	0	0	0	0	0	0	0	0	0	0	0	0	0	0	0	0	0	0	0	0	0	0	0	
241588	Temporal_Inf_L	206	0	506	0	0	0	216	0	0	0	0	0	0	0	0	0	266	0	0	0	0	0	96	0	0	0	0	0	4236	0	206	0	140	0	1308	0	8350	0	2978	0	916	0	1164	0	0	0	1262	690	0	0	2636	0	3564	0	20708	0	296	0	0	0	2748	0	3348	0	2438	0	1422	0	198	0	168	0	1204	0	0	0	0	0	940	0	10432	0	7260	0	36708	0	1910	0	0	0	2062	0	0	0	0	0	0	0	212	0	0	0	0	0	0	0	0	0	0	0	0	0	0	0	0	0	
197828	Temporal_Inf_R	0	898	0	852	0	0	0	0	0	0	0	0	0	0	0	0	0	102	0	380	0	0	0	0	0	0	0	0	0	2414	0	0	0	0	624	1506	0	10598	0	1582	0	1790	0	2370	0	288	0	3144	0	554	0	3910	0	5006	0	20012	0	532	0	0	0	110	0	668	0	588	0	2638	0	288	0	0	0	310	0	0	120	734	0	552	0	2724	0	4204	0	24908	0	2164	0	0	0	1780	0	0	0	0	0	202	0	236	0	0	0	126	0	0	0	0	0	0	0	0	0	0	0	0	
519920	Cerebelum_Crus1_L	0	0	0	0	0	0	0	0	0	0	0	0	0	0	0	0	0	0	0	0	0	0	0	0	0	0	0	0	0	0	0	0	0	0	0	0	0	0	0	0	0	0	0	0	0	0	5680	2826	0	0	134	0	1020	254	18926	1252	0	0	0	0	0	0	0	0	0	0	0	0	0	0	0	0	0	0	0	0	0	0	0	0	0	0	0	0	102	0	0	0	2062	0	0	2550	40360	3422	588	0	20348	2242	54322	4506	31944	1246	34986	2812	6204	954	1192	0	0	186	5018	4602	7358	1794	1070	0	
379296	Cerebelum_Crus1_R	0	0	0	0	0	0	0	0	0	0	0	0	0	0	0	0	0	0	0	0	0	0	0	0	0	0	0	0	0	0	0	0	0	0	0	0	0	0	0	0	0	0	0	0	0	0	356	2972	0	0	0	0	0	604	226	8254	0	0	0	0	0	0	0	0	0	0	0	0	0	0	0	0	0	0	0	0	0	0	0	0	0	0	0	0	0	0	0	0	0	1780	2550	0	1874	28106	0	4262	1162	16398	3332	54128	1104	9164	2032	23300	344	5538	0	704	0	1772	2600	7480	7352	1508	746	0	
390496	Cerebelum_Crus2_L	0	0	0	0	0	0	0	0	0	0	0	0	0	0	0	0	0	0	0	0	0	0	0	0	0	0	0	0	0	0	0	0	0	0	0	0	0	0	0	0	0	0	0	0	0	0	426	500	0	0	0	0	0	144	412	292	0	0	0	0	0	0	0	0	0	0	0	0	0	0	0	0	0	0	0	0	0	0	0	0	0	0	0	0	0	0	0	0	0	0	40360	1874	0	12390	0	0	474	0	5332	1372	46112	9244	42506	9150	4590	1336	134	0	0	0	296	1346	11566	4500	892	0	
341052	Cerebelum_Crus2_R	0	0	0	0	0	0	0	0	0	0	0	0	0	0	0	0	0	0	0	0	0	0	0	0	0	0	0	0	0	0	0	0	0	0	0	0	0	0	0	0	0	0	0	0	0	0	0	384	0	0	0	0	0	0	0	226	0	0	0	0	0	0	0	0	0	0	0	0	0	0	0	0	0	0	0	0	0	0	0	0	0	0	0	0	0	0	0	0	0	0	3422	28106	12390	0	0	0	190	144	870	5314	6166	34244	8026	41716	658	6940	0	372	0	0	228	1092	14322	4616	1100	0	
23548	Cerebelum_3_L	0	0	0	0	0	0	0	0	0	0	0	0	0	0	0	0	0	0	0	0	0	0	0	0	0	0	0	0	0	0	0	0	0	0	0	0	0	0	0	0	0	0	0	0	0	0	0	232	0	0	0	0	0	0	252	116	0	0	0	0	0	0	0	0	0	0	0	0	0	0	0	0	0	0	0	0	0	0	0	0	0	0	0	0	0	0	0	0	0	0	588	0	0	0	0	120	4682	258	1098	186	0	0	0	0	2104	0	116	0	502	834	686	0	0	0	0	0	
48904	Cerebelum_3_R	0	0	0	0	0	0	0	0	0	0	0	0	0	0	0	0	0	0	0	0	0	0	0	0	0	0	0	0	0	0	0	0	0	0	0	0	0	0	200	0	0	0	0	0	0	0	0	0	0	0	0	0	0	0	0	244	0	0	0	0	0	0	0	0	0	0	0	0	0	0	0	0	0	0	0	0	0	0	0	0	0	0	0	0	0	0	0	0	0	0	0	4262	0	0	120	0	426	6538	214	6626	0	0	0	0	0	368	0	0	1002	3574	780	98	0	0	0	0	
350192	Cerebelum_4_5_L	0	0	0	0	0	0	0	0	0	0	0	0	0	0	0	0	0	0	0	0	0	0	0	0	0	0	0	0	0	0	0	0	0	0	0	0	0	0	0	0	0	0	0	0	0	0	8984	5080	0	0	0	0	1806	232	16922	3668	0	0	0	0	0	0	0	0	0	0	0	0	0	0	0	0	0	0	0	0	0	0	0	0	0	0	0	0	0	0	0	0	0	0	20348	1162	474	190	4682	426	0	12472	40904	7602	882	0	1336	354	6046	2738	878	424	376	1466	24268	6672	582	640	2418	1064	
282488	Cerebelum_4_5_R	0	0	0	0	0	0	0	0	0	0	0	0	0	0	0	0	0	0	0	0	0	0	0	0	0	0	0	0	0	0	0	0	0	0	0	0	0	1540	0	3698	0	1004	0	478	0	0	3384	8544	0	0	0	168	186	410	1382	12896	0	0	0	0	0	0	0	0	0	0	0	780	0	0	0	0	0	96	0	0	0	274	0	0	0	0	0	402	0	116	0	0	0	202	2242	16398	0	144	258	6538	12472	0	8418	29954	124	0	214	386	1740	1154	378	138	254	3476	17758	2512	102	0	550	474	
480660	Cerebelum_6_L	0	0	0	0	0	0	0	0	0	0	0	0	0	0	0	0	0	0	0	0	0	0	0	0	0	0	0	0	0	0	0	0	0	0	0	0	0	0	0	0	0	0	0	0	0	0	13732	7004	0	0	220	0	2414	392	27798	3282	0	0	0	0	0	0	0	0	0	0	0	0	0	0	0	0	0	0	0	0	0	0	0	0	0	0	0	0	0	0	0	0	212	0	54322	3332	5332	870	1098	214	40904	8418	0	10320	8050	0	10152	370	3788	1692	1488	174	174	590	16674	11606	3410	544	1240	514	
423004	Cerebelum_6_R	0	0	0	0	0	0	0	0	0	0	0	0	0	0	0	0	0	0	0	0	0	0	0	0	0	0	0	0	0	0	0	0	0	0	0	0	0	106	0	174	0	0	0	0	0	0	2812	8984	0	0	0	0	0	1696	1606	15434	0	0	0	0	0	0	0	0	0	0	0	0	0	0	0	0	0	0	0	0	0	0	0	0	0	0	0	0	0	0	0	0	0	236	4506	54128	1372	5314	186	6626	7602	29954	10320	0	882	2312	2410	9930	1836	3080	128	752	232	3442	13450	13690	5940	972	868	522	
394204	Cerebelum_7b_L	0	0	0	0	0	0	0	0	0	0	0	0	0	0	0	0	0	0	0	0	0	0	0	0	0	0	0	0	0	0	0	0	0	0	0	0	0	0	0	0	0	0	0	0	0	0	0	324	0	0	0	0	0	0	474	116	0	0	0	0	0	0	0	0	0	0	0	0	0	0	0	0	0	0	0	0	0	0	0	0	0	0	0	0	0	0	0	0	0	0	31944	1104	46112	6166	0	0	882	124	8050	882	0	6594	55674	8844	8268	2356	956	0	0	0	460	812	6986	8694	1280	0	
254212	Cerebelum_7b_R	0	0	0	0	0	0	0	0	0	0	0	0	0	0	0	0	0	0	0	0	0	0	0	0	0	0	0	0	0	0	0	0	0	0	0	0	0	0	0	0	0	0	0	0	0	0	0	0	0	0	0	0	0	0	0	0	0	0	0	0	0	0	0	0	0	0	0	0	0	0	0	0	0	0	0	0	0	0	0	0	0	0	0	0	0	0	0	0	0	0	1246	9164	9244	34244	0	0	0	0	0	2312	6594	0	7684	37914	368	4564	0	0	0	0	0	0	7068	6130	574	0	
472044	Cerebelum_8_L	0	0	0	0	0	0	0	0	0	0	0	0	0	0	0	0	0	0	0	0	0	0	0	0	0	0	0	0	0	0	0	0	0	0	0	0	0	0	0	0	0	0	0	0	0	0	154	1006	0	0	0	0	0	142	496	372	0	0	0	0	0	0	0	0	0	0	0	0	0	0	0	0	0	0	0	0	0	0	0	0	0	0	0	0	0	0	0	0	0	0	34986	2032	42506	8026	0	0	1336	214	10152	2410	55674	7684	0	13246	18106	5126	1140	0	0	0	1010	2438	10544	13546	3676	0	
398588	Cerebelum_8_R	0	0	0	0	0	0	0	0	0	0	0	0	0	0	0	0	0	0	0	0	0	0	0	0	0	0	0	0	0	0	0	0	0	0	0	0	0	0	0	0	0	0	0	0	0	0	0	0	0	0	0	0	0	0	0	0	0	0	0	0	0	0	0	0	0	0	0	0	0	0	0	0	0	0	0	0	0	0	0	0	0	0	0	0	0	0	0	0	0	126	2812	23300	9150	41716	0	0	354	386	370	9930	8844	37914	13246	0	1660	21804	0	474	0	0	482	668	11536	11240	3096	186	
168132	Cerebelum_9_L	0	0	0	0	0	0	0	0	0	0	0	0	0	0	0	0	0	0	0	0	0	0	0	0	0	0	0	0	0	0	0	0	0	0	0	0	0	0	0	0	0	0	0	0	0	0	296	538	0	0	0	0	0	0	282	262	0	0	0	0	0	0	0	0	0	0	0	0	0	0	0	0	0	0	0	0	0	0	0	0	0	0	0	0	0	0	0	0	0	0	6204	344	4590	658	2104	0	6046	1740	3788	1836	8268	368	18106	1660	0	5038	3592	0	138	494	4800	3678	2064	2908	3918	346	
181820	Cerebelum_9_R	0	0	0	0	0	0	0	0	0	0	0	0	0	0	0	0	0	0	0	0	0	0	0	0	0	0	0	0	0	0	0	0	0	0	0	0	0	0	0	0	0	0	0	0	0	0	110	0	0	0	0	0	0	0	0	0	0	0	0	0	0	0	0	0	0	0	0	0	0	0	0	0	0	0	0	0	0	0	0	0	0	0	0	0	0	0	0	0	0	0	954	5538	1336	6940	0	368	2738	1154	1692	3080	2356	4564	5126	21804	5038	0	0	2364	422	258	3382	3550	3496	5790	7364	1486	
22112	Cerebelum_10_L	0	0	0	0	0	0	0	0	0	0	0	0	0	0	0	0	0	0	0	0	0	0	0	0	0	0	0	0	0	0	0	0	0	0	0	0	0	0	0	0	0	0	0	0	0	0	160	0	0	0	0	0	0	0	0	0	0	0	0	0	0	0	0	0	0	0	0	0	0	0	0	0	0	0	0	0	0	0	0	0	0	0	0	0	0	0	0	0	0	0	1192	0	134	0	116	0	878	378	1488	128	956	0	1140	0	3592	0	0	0	0	0	564	330	0	0	0	0	
14012	Cerebelum_10_R	0	0	0	0	0	0	0	0	0	0	0	0	0	0	0	0	0	0	0	0	0	0	0	0	0	0	0	0	0	0	0	0	0	0	0	0	0	0	0	0	0	0	0	0	0	0	0	0	0	0	0	0	0	0	0	0	0	0	0	0	0	0	0	0	0	0	0	0	0	0	0	0	0	0	0	0	0	0	0	0	0	0	0	0	0	0	0	0	0	0	0	704	0	372	0	0	424	138	174	752	0	0	0	474	0	2364	0	0	0	0	444	470	0	0	482	208	
13264	Vermis_1_2	0	0	0	0	0	0	0	0	0	0	0	0	0	0	0	0	0	0	0	0	0	0	0	0	0	0	0	0	0	0	0	0	0	0	0	0	0	0	0	0	0	0	0	0	0	0	0	0	0	0	0	0	0	0	0	0	0	0	0	0	0	0	0	0	0	0	0	0	0	0	0	0	0	0	0	0	0	0	0	0	0	0	0	0	0	0	0	0	0	0	0	0	0	0	502	1002	376	254	174	232	0	0	0	0	138	422	0	0	0	3024	508	0	0	0	0	0	
45436	Vermis_3	0	0	0	0	0	0	0	0	0	0	0	0	0	0	0	0	0	0	0	0	0	0	0	0	0	0	0	0	0	0	0	0	0	0	0	0	0	0	310	0	0	0	0	0	0	0	224	168	0	0	0	0	0	0	256	426	0	0	0	0	0	0	0	0	0	0	0	0	0	0	0	0	0	0	0	0	0	0	0	0	0	0	0	0	0	0	0	0	0	0	186	1772	0	0	834	3574	1466	3476	590	3442	0	0	0	0	494	258	0	0	3024	0	2218	0	0	0	0	0	
273904	Vermis_4_5	0	0	0	0	0	0	0	0	0	0	0	0	0	0	0	0	0	0	0	0	0	0	0	0	0	0	0	0	0	0	0	0	0	0	0	462	0	368	0	330	0	0	0	450	0	198	5698	7400	0	0	0	0	340	378	3158	6064	0	0	0	0	0	0	0	0	0	0	0	1320	0	0	0	0	0	0	0	0	0	0	0	0	0	0	0	0	0	0	0	0	0	0	5018	2600	296	228	686	780	24268	17758	16674	13450	460	0	1010	482	4800	3382	564	444	508	2218	0	8736	908	876	2790	1850	
