data	data	448696	272304	892996	1.05198e+06	231680	218232	719292	419188	86200	46828	130236	125960	235156	133516	171840	116116	173060	104792	521952	951284	100236	140452	393980	422508	41672	175520	65048	84284	495084	302088	389428	526036	216540	412512	166108	181388	363116	337660	218452	197152	48020	65692	176060	234668	137904	231464	244804	231740	144580	275980	365576	215336	139940	65136	423736	418752	211804	154240	83304	50004	192476	62632	115832	95004	113032	70300	252484	400952	92504	113172	315620	433940	442328	357816	79988	45700	185344	283040	96440	23960	178200	150216	100360	76396	316012	291876	60816	28756	274220	215984	445008	325068	344076	310976	32080	41552	266232	180008	489292	404340	271720	186352	302612	306884	80460	126360	12632	7004	19304	72332	236820	232408	266212	161124	70168	9780	
data	data	Precentral_L	Precentral_R	Frontal_Sup_L	Frontal_Sup_R	Frontal_Sup_Orb_L	Frontal_Sup_Orb_R	Frontal_Mid_L	Frontal_Mid_R	Frontal_Mid_Orb_L	Frontal_Mid_Orb_R	Frontal_Inf_Oper_L	Frontal_Inf_Oper_R	Frontal_Inf_Tri_L	Frontal_Inf_Tri_R	Frontal_Inf_Orb_L	Frontal_Inf_Orb_R	Rolandic_Oper_L	Rolandic_Oper_R	Supp_Motor_Area_L	Supp_Motor_Area_R	Olfactory_L	Olfactory_R	Frontal_Sup_Medial_L	Frontal_Sup_Medial_R	Frontal_Med_Orb_L	Frontal_Med_Orb_R	Rectus_L	Rectus_R	Insula_L	Insula_R	Cingulum_Ant_L	Cingulum_Ant_R	Cingulum_Mid_L	Cingulum_Mid_R	Cingulum_Post_L	Cingulum_Post_R	Hippocampus_L	Hippocampus_R	ParaHippocampal_L	ParaHippocampal_R	Amygdala_L	Amygdala_R	Calcarine_L	Calcarine_R	Cuneus_L	Cuneus_R	Lingual_L	Lingual_R	Occipital_Sup_L	Occipital_Sup_R	Occipital_Mid_L	Occipital_Mid_R	Occipital_Inf_L	Occipital_Inf_R	Fusiform_L	Fusiform_R	Postcentral_L	Postcentral_R	Parietal_Sup_L	Parietal_Sup_R	Parietal_Inf_L	Parietal_Inf_R	SupraMarginal_L	SupraMarginal_R	Angular_L	Angular_R	Precuneus_L	Precuneus_R	Paracentral_Lobule_L	Paracentral_Lobule_R	Caudate_L	Caudate_R	Putamen_L	Putamen_R	Pallidum_L	Pallidum_R	Thalamus_L	Thalamus_R	Heschl_L	Heschl_R	Temporal_Sup_L	Temporal_Sup_R	Temporal_Pole_Sup_L	Temporal_Pole_Sup_R	Temporal_Mid_L	Temporal_Mid_R	Temporal_Pole_Mid_L	Temporal_Pole_Mid_R	Temporal_Inf_L	Temporal_Inf_R	Cerebelum_Crus1_L	Cerebelum_Crus1_R	Cerebelum_Crus2_L	Cerebelum_Crus2_R	Cerebelum_3_L	Cerebelum_3_R	Cerebelum_4_5_L	Cerebelum_4_5_R	Cerebelum_6_L	Cerebelum_6_R	Cerebelum_7b_L	Cerebelum_7b_R	Cerebelum_8_L	Cerebelum_8_R	Cerebelum_9_L	Cerebelum_9_R	Cerebelum_10_L	Cerebelum_10_R	Vermis_1_2	Vermis_3	Vermis_4_5	Vermis_6	Vermis_7	Vermis_8	Vermis_9	Vermis_10	
448696	Precentral_L	0	3358	17906	5974	1250	150	44304	2740	0	0	11174	0	3114	0	336	0	7498	0	5084	4012	0	464	3218	962	0	214	0	0	17846	160	3490	1070	4692	914	2206	176	7360	138	1598	0	0	0	0	0	148	0	1064	0	314	0	1888	0	1114	0	434	0	25136	0	174	0	3384	0	788	0	0	0	330	164	4762	0	7972	2444	10940	316	1752	280	2566	536	2288	0	946	0	0	0	1642	0	0	0	1558	0	0	0	0	0	0	0	0	0	0	0	0	0	0	0	0	0	0	0	0	0	0	0	0	0	0	0	
272304	Precentral_R	3358	0	1014	20128	0	0	622	10656	0	0	0	3138	0	388	0	0	0	1212	906	20786	0	0	0	0	0	0	0	0	0	1304	0	0	132	4202	352	2908	186	2052	0	258	0	0	0	214	0	1972	0	0	0	2984	0	630	0	0	0	454	2454	16596	0	0	0	290	0	2246	0	290	0	8556	0	3570	1002	1436	144	1414	0	224	518	1872	0	218	0	2750	0	0	0	9708	0	0	0	3008	0	0	0	0	0	0	0	0	0	0	0	0	0	0	0	0	0	0	0	0	0	0	0	0	0	0	
892996	Frontal_Sup_L	17906	1014	0	21254	18448	176	75500	2188	2550	0	854	0	15654	0	7378	0	282	0	69928	27214	0	504	53060	10536	1744	214	0	0	13082	0	20250	7128	10628	5996	1638	284	2834	248	816	0	0	0	0	0	0	0	240	0	192	0	0	0	0	0	146	0	476	0	0	0	0	0	0	0	0	0	198	0	1930	0	13768	2556	16408	330	4802	186	14464	1494	0	0	0	0	0	0	0	0	0	0	0	0	0	0	0	0	0	0	0	0	0	0	0	0	0	0	0	0	0	0	0	0	0	0	0	0	0	0	
1.05198e+06	Frontal_Sup_R	5974	20128	21254	0	0	9800	7976	47664	0	276	0	3192	0	6336	0	1182	0	4760	18140	123520	0	228	10088	41306	0	5588	0	132	300	11152	6070	30772	2724	19622	1806	3266	2350	8134	1828	878	0	0	0	0	0	722	422	304	0	1850	0	274	0	0	438	1130	498	2108	0	0	0	230	0	1242	0	348	0	3222	0	426	4762	23648	774	13550	246	2736	3220	29138	0	416	0	3720	0	0	0	10702	0	0	0	3420	0	0	0	0	0	0	0	0	0	0	0	0	0	0	0	0	0	0	0	0	0	0	0	0	0	0	
231680	Frontal_Sup_Orb_L	1250	0	18448	0	0	0	11372	0	12882	0	268	0	5406	0	13914	0	0	0	266	0	1192	0	7498	352	4680	0	6720	0	9848	0	6578	374	0	148	0	0	0	0	176	0	160	0	0	0	0	0	0	0	0	0	0	0	0	0	0	0	0	0	0	0	0	0	0	0	0	0	0	0	0	0	1178	0	11780	0	0	0	0	0	0	0	0	0	1350	0	0	0	0	0	0	0	0	0	0	0	0	0	0	0	0	0	0	0	0	0	0	0	0	0	0	0	0	0	0	0	0	0	
218232	Frontal_Sup_Orb_R	150	0	176	9800	0	0	0	7014	0	8056	0	1392	0	1850	0	6800	0	578	160	434	144	2804	150	10408	262	13494	1742	8820	0	4302	694	11296	0	338	0	0	0	0	0	0	0	0	0	0	0	0	0	0	0	0	0	0	0	0	0	0	0	0	0	0	0	0	0	0	0	0	0	0	0	0	250	13154	0	4848	0	0	0	0	0	0	0	0	0	0	0	0	0	0	0	0	0	0	0	0	0	0	0	0	0	0	0	0	0	0	0	0	0	0	0	0	0	0	0	0	0	0	
719292	Frontal_Mid_L	44304	622	75500	7976	11372	0	0	2028	5148	0	12122	0	34184	0	7858	0	4268	0	7266	6910	1932	510	24998	3140	0	134	400	0	35008	0	10748	1912	320	748	0	0	4942	0	1112	0	184	0	0	0	0	0	238	0	0	0	0	0	0	0	318	0	672	0	0	0	0	0	0	0	0	0	0	142	0	0	21360	2810	23320	366	1532	284	1494	214	626	0	304	0	320	0	0	0	0	0	0	0	0	0	0	0	0	0	0	0	0	0	0	0	0	0	0	0	0	0	0	0	0	0	0	0	0	0	
419188	Frontal_Mid_R	2740	10656	2188	47664	0	7014	2028	0	0	1606	0	10370	0	17664	0	4540	0	4174	2374	7694	0	0	1280	17036	0	5012	0	302	0	14440	2796	16044	264	3024	0	0	126	996	0	0	0	0	0	0	0	0	0	0	0	0	0	0	0	0	0	0	1540	884	0	0	0	0	0	310	0	0	0	0	0	0	1926	9058	0	10920	0	792	320	1480	0	0	0	332	0	0	0	0	0	0	0	0	0	0	0	0	0	0	0	0	0	0	0	0	0	0	0	0	0	0	0	0	0	0	0	0	0	0	
86200	Frontal_Mid_Orb_L	0	0	2550	0	12882	0	5148	0	0	0	0	0	3696	0	9964	0	0	0	0	0	218	0	322	0	456	0	1362	0	2408	0	622	0	0	0	0	0	0	0	0	0	0	0	0	0	0	0	0	0	0	0	0	0	0	0	0	0	0	0	0	0	0	0	0	0	0	0	0	0	0	0	236	0	3236	0	0	0	0	0	0	0	0	0	0	0	0	0	0	0	0	0	0	0	0	0	0	0	0	0	0	0	0	0	0	0	0	0	0	0	0	0	0	0	0	0	0	0	
46828	Frontal_Mid_Orb_R	0	0	0	276	0	8056	0	1606	0	0	0	0	0	1262	0	6472	0	0	0	0	0	0	0	240	0	608	0	560	0	1290	0	0	0	0	0	0	0	0	0	0	0	0	0	0	0	0	0	0	0	0	0	0	0	0	0	0	0	0	0	0	0	0	0	0	0	0	0	0	0	0	0	1610	0	1434	0	0	0	0	0	0	0	0	0	0	0	0	0	0	0	0	0	0	0	0	0	0	0	0	0	0	0	0	0	0	0	0	0	0	0	0	0	0	0	0	0	0	
130236	Frontal_Inf_Oper_L	11174	0	854	0	268	0	12122	0	0	0	0	0	10030	0	234	0	8922	0	0	0	0	0	0	0	0	0	0	0	14356	0	0	0	0	0	0	0	744	0	192	0	0	0	0	0	0	0	0	0	0	0	0	0	0	0	0	0	2204	0	0	0	0	0	0	0	0	0	0	0	0	0	0	0	1830	0	0	0	0	0	724	0	850	0	440	0	174	0	0	0	0	0	0	0	0	0	0	0	0	0	0	0	0	0	0	0	0	0	0	0	0	0	0	0	0	0	0	0	
125960	Frontal_Inf_Oper_R	0	3138	0	3192	0	1392	0	10370	0	0	0	0	0	8584	0	406	0	5540	0	664	0	0	0	1376	0	296	0	0	0	14628	0	1590	0	0	0	0	0	484	0	0	0	0	0	0	0	0	0	0	0	0	0	0	0	0	0	0	0	1278	0	0	0	0	0	0	0	0	0	0	0	0	0	1254	0	6646	0	652	0	278	0	0	0	880	0	332	0	0	0	0	0	0	0	0	0	0	0	0	0	0	0	0	0	0	0	0	0	0	0	0	0	0	0	0	0	0	0	0	
235156	Frontal_Inf_Tri_L	3114	0	15654	0	5406	0	34184	0	3696	0	10030	0	0	0	14600	0	1268	0	0	0	0	0	3108	176	0	0	0	0	23454	0	1598	176	140	0	0	0	0	0	0	0	0	0	0	0	0	0	0	0	0	0	0	0	0	0	0	0	184	0	0	0	0	0	0	0	0	0	0	0	0	0	0	0	454	0	0	0	0	0	0	0	126	0	210	0	0	0	0	0	0	0	0	0	0	0	0	0	0	0	0	0	0	0	0	0	0	0	0	0	0	0	0	0	0	0	0	0	
133516	Frontal_Inf_Tri_R	0	388	0	6336	0	1850	0	17664	0	1262	0	8584	0	0	0	5332	0	382	0	226	0	0	0	2640	0	642	0	0	0	15494	154	2410	0	388	0	0	0	0	0	0	0	0	0	0	0	0	0	0	0	0	0	0	0	0	0	0	0	0	0	0	0	0	0	0	0	0	0	0	0	0	0	1134	0	1872	0	0	0	0	0	0	0	0	0	0	0	0	0	0	0	0	0	0	0	0	0	0	0	0	0	0	0	0	0	0	0	0	0	0	0	0	0	0	0	0	0	0	
171840	Frontal_Inf_Orb_L	336	0	7378	0	13914	0	7858	0	9964	0	234	0	14600	0	0	0	0	0	0	0	1336	0	1732	0	0	0	1728	0	15466	0	1296	132	0	0	0	0	206	0	348	0	326	0	0	0	0	0	0	0	0	0	0	0	0	0	288	0	0	0	0	0	0	0	0	0	0	0	0	0	0	0	514	0	6236	0	0	0	0	0	0	0	0	0	2028	0	0	0	0	0	0	0	0	0	0	0	0	0	0	0	0	0	0	0	0	0	0	0	0	0	0	0	0	0	0	0	0	0	
116116	Frontal_Inf_Orb_R	0	0	0	1182	0	6800	0	4540	0	6472	0	406	0	5332	0	0	0	956	0	0	0	1874	0	394	0	1756	0	3708	0	11126	0	1004	0	0	0	0	0	0	0	0	0	0	0	0	0	0	0	0	0	0	0	0	0	0	0	0	0	0	0	0	0	0	0	0	0	0	0	0	0	0	0	3994	0	4600	0	0	0	0	0	0	0	1158	0	2756	0	0	0	0	0	0	0	0	0	0	0	0	0	0	0	0	0	0	0	0	0	0	0	0	0	0	0	0	0	0	0	0	
173060	Rolandic_Oper_L	7498	0	282	0	0	0	4268	0	0	0	8922	0	1268	0	0	0	0	0	0	0	0	0	0	0	0	0	0	0	17614	0	0	0	168	0	0	0	1166	0	432	0	0	0	0	0	0	0	428	0	0	0	2886	0	1106	0	336	0	8094	0	0	0	1548	0	3660	0	940	0	126	0	268	0	0	0	2150	0	384	0	160	0	6328	0	7982	0	1750	0	4564	0	0	0	2202	0	0	0	0	0	0	0	0	0	0	0	0	0	0	0	0	0	0	0	0	0	0	0	0	0	0	0	
104792	Rolandic_Oper_R	0	1212	0	4760	0	578	0	4174	0	0	0	5540	0	382	0	956	0	0	0	3734	0	0	0	762	0	158	0	0	0	12072	0	828	0	0	0	0	0	620	0	0	0	0	0	0	0	0	0	0	0	0	0	0	0	0	0	0	0	2990	0	0	0	0	0	3756	0	0	0	0	0	0	0	434	0	2784	0	318	0	516	0	1164	0	3250	0	1188	0	220	0	0	0	0	0	0	0	0	0	0	0	0	0	0	0	0	0	0	0	0	0	0	0	0	0	0	0	0	0	0	
521952	Supp_Motor_Area_L	5084	906	69928	18140	266	160	7266	2374	0	0	0	0	0	0	0	0	0	0	0	41062	0	500	7808	5138	0	164	0	0	314	0	8334	6918	13896	13218	302	310	2692	250	762	0	0	0	0	0	0	0	188	0	0	0	0	0	0	0	136	0	566	0	0	0	0	0	0	0	0	0	0	0	3064	0	10716	2068	11248	338	5802	200	20248	610	0	0	0	0	0	0	0	0	0	0	0	0	0	0	0	0	0	0	0	0	0	0	0	0	0	0	0	0	0	0	0	0	0	0	0	0	0	0	
951284	Supp_Motor_Area_R	4012	20786	27214	123520	0	434	6910	7694	0	0	0	664	0	226	0	0	0	3734	41062	0	0	254	3560	12458	0	428	0	0	218	3954	4130	9984	10668	41220	2606	8220	2350	8076	1804	922	0	0	0	1362	0	2762	422	382	0	3780	0	1490	0	0	434	1286	698	3304	0	0	0	220	0	1050	0	362	0	10552	1918	12670	4566	16260	844	9312	282	2536	3178	28832	0	422	0	3862	0	0	0	11664	0	0	0	4084	0	0	0	0	0	0	0	0	0	0	0	0	0	0	0	0	0	0	0	0	0	0	0	0	0	0	
100236	Olfactory_L	0	0	0	0	1192	144	1932	0	218	0	0	0	0	0	1336	0	0	0	0	0	0	5056	0	0	384	252	1796	184	3458	0	3232	1568	0	0	0	0	822	0	1044	0	1500	0	0	0	0	0	0	0	0	0	0	0	0	0	940	0	0	0	0	0	0	0	0	0	0	0	0	0	0	0	7588	4626	8340	1990	1336	0	0	0	0	0	0	0	1056	0	0	0	0	0	124	0	0	0	0	0	0	0	0	0	0	0	0	0	0	0	0	0	0	0	0	0	0	0	0	0	0	0	
140452	Olfactory_R	464	0	504	228	0	2804	510	0	0	0	0	0	0	0	0	1874	0	0	500	254	5056	0	0	0	0	3332	160	5044	0	2042	4118	6264	0	0	0	0	0	0	0	0	0	0	0	0	0	0	0	0	0	0	0	0	0	0	0	0	0	0	0	0	0	0	0	0	0	0	0	0	0	0	8736	11906	6974	5428	2380	1648	0	0	0	0	0	0	0	0	0	0	0	0	0	0	0	0	0	0	0	0	0	0	0	0	0	0	0	0	0	0	0	0	0	0	0	0	0	0	0	0	
393980	Frontal_Sup_Medial_L	3218	0	53060	10088	7498	150	24998	1280	322	0	0	0	3108	0	1732	0	0	0	7808	3560	0	0	0	20482	2392	212	0	0	3100	0	23290	14580	4426	9140	0	0	0	0	0	0	0	0	0	0	0	0	0	0	0	0	0	0	0	0	0	0	0	0	0	0	0	0	0	0	0	0	0	0	0	0	678	144	1724	0	0	0	0	0	0	0	0	0	0	0	0	0	0	0	0	0	0	0	0	0	0	0	0	0	0	0	0	0	0	0	0	0	0	0	0	0	0	0	0	0	0	0	
422508	Frontal_Sup_Medial_R	962	0	10536	41306	352	10408	3140	17036	0	240	0	1376	176	2640	0	394	0	762	5138	12458	0	0	20482	0	0	11704	142	674	174	3724	9712	31078	622	13684	0	0	0	0	0	0	0	0	0	0	0	0	0	0	0	0	0	0	0	0	0	0	0	0	0	0	0	0	0	0	0	0	0	0	0	0	796	9820	0	1718	0	0	0	0	0	0	0	0	0	0	0	0	0	0	0	0	0	0	0	0	0	0	0	0	0	0	0	0	0	0	0	0	0	0	0	0	0	0	0	0	0	0	
41672	Frontal_Med_Orb_L	0	0	1744	0	4680	262	0	0	456	0	0	0	0	0	0	0	0	0	0	0	384	0	2392	0	0	866	3660	312	0	0	4324	476	0	0	0	0	0	0	0	0	0	0	0	0	0	0	0	0	0	0	0	0	0	0	0	0	0	0	0	0	0	0	0	0	0	0	0	0	0	0	378	0	902	0	0	0	0	0	0	0	0	0	0	0	0	0	0	0	0	0	0	0	0	0	0	0	0	0	0	0	0	0	0	0	0	0	0	0	0	0	0	0	0	0	0	0	
175520	Frontal_Med_Orb_R	214	0	214	5588	0	13494	134	5012	0	608	0	296	0	642	0	1756	0	158	164	428	252	3332	212	11704	866	0	2072	8696	0	812	2422	13976	0	238	0	0	0	0	0	0	0	0	0	0	0	0	0	0	0	0	0	0	0	0	0	0	0	0	0	0	0	0	0	0	0	0	0	0	0	0	260	9944	0	4266	0	0	0	0	0	0	0	0	0	0	0	0	0	0	0	0	0	0	0	0	0	0	0	0	0	0	0	0	0	0	0	0	0	0	0	0	0	0	0	0	0	0	
65048	Rectus_L	0	0	0	0	6720	1742	400	0	1362	0	0	0	0	0	1728	0	0	0	0	0	1796	160	0	142	3660	2072	0	2204	1002	0	2990	318	0	0	0	0	0	0	0	0	0	0	0	0	0	0	0	0	0	0	0	0	0	0	0	0	0	0	0	0	0	0	0	0	0	0	0	0	0	0	2190	230	3462	0	0	0	0	0	0	0	0	0	346	0	0	0	0	0	0	0	0	0	0	0	0	0	0	0	0	0	0	0	0	0	0	0	0	0	0	0	0	0	0	0	0	0	
84284	Rectus_R	0	0	0	132	0	8820	0	302	0	560	0	0	0	0	0	3708	0	0	0	0	184	5044	0	674	312	8696	2204	0	0	1986	420	3410	0	0	0	0	0	0	0	0	0	0	0	0	0	0	0	0	0	0	0	0	0	0	0	0	0	0	0	0	0	0	0	0	0	0	0	0	0	0	194	3286	176	2034	0	0	0	0	0	0	0	0	0	0	0	0	0	0	0	0	0	0	0	0	0	0	0	0	0	0	0	0	0	0	0	0	0	0	0	0	0	0	0	0	0	0	
495084	Insula_L	17846	0	13082	300	9848	0	35008	0	2408	0	14356	0	23454	0	15466	0	17614	0	314	218	3458	0	3100	174	0	0	1002	0	0	0	1840	202	164	132	0	148	12286	0	3906	0	1654	0	0	0	0	0	1124	0	0	0	2130	0	1568	0	5394	0	5496	0	0	0	1588	0	808	0	272	0	0	0	226	0	1276	0	23306	0	0	0	744	270	7734	0	4926	0	2808	0	2736	0	0	0	7156	0	0	0	0	0	0	0	0	0	0	0	0	0	0	0	0	0	0	0	0	0	0	0	0	0	0	0	
302088	Insula_R	160	1304	0	11152	0	4302	0	14440	0	1290	0	14628	0	15494	0	11126	0	12072	0	3954	0	2042	0	3724	0	812	0	1986	0	0	240	3176	0	402	0	0	0	3170	0	1384	0	1464	0	0	0	0	0	0	0	0	0	0	0	0	0	1632	0	1060	0	0	0	0	0	620	0	0	0	0	0	0	158	4204	0	21016	0	198	0	698	0	1308	0	6630	0	3032	0	1498	0	0	0	668	0	0	0	0	0	0	0	0	0	0	0	0	0	0	0	0	0	0	0	0	0	0	0	0	0	0	
389428	Cingulum_Ant_L	3490	0	20250	6070	6578	694	10748	2796	622	0	0	0	1598	154	1296	0	0	0	8334	4130	3232	4118	23290	9712	4324	2422	2990	420	1840	240	0	26590	9316	7648	0	0	0	0	0	0	0	0	0	0	0	0	0	0	0	0	0	0	0	0	0	0	0	0	0	0	0	0	0	0	0	0	0	0	0	0	8864	7230	9926	4580	452	760	0	0	0	0	0	0	0	0	0	0	0	0	0	0	0	0	0	0	0	0	0	0	0	0	0	0	0	0	0	0	0	0	0	0	0	0	0	0	0	0	
526036	Cingulum_Ant_R	1070	0	7128	30772	374	11296	1912	16044	0	0	0	1590	176	2410	132	1004	0	828	6918	9984	1568	6264	14580	31078	476	13976	318	3410	202	3176	26590	0	5698	23756	0	0	0	174	0	0	0	0	0	0	0	0	0	0	0	0	0	0	0	0	0	0	0	0	0	0	0	0	0	0	0	0	0	0	0	0	5138	22048	2710	8792	278	1148	0	0	0	0	0	0	0	0	0	0	0	0	0	0	0	0	0	0	0	0	0	0	0	0	0	0	0	0	0	0	0	0	0	0	0	0	0	0	0	0	
216540	Cingulum_Mid_L	4692	132	10628	2724	0	0	320	264	0	0	0	0	140	0	0	0	168	0	13896	10668	0	0	4426	622	0	0	0	0	164	0	9316	5698	0	16660	3544	216	0	0	0	0	0	0	286	0	740	0	0	0	1872	0	1748	0	0	0	0	0	0	0	992	0	1280	0	592	0	1178	0	2572	1544	8304	1426	0	0	0	0	0	0	0	0	0	0	228	0	0	0	1060	0	0	0	170	0	0	0	0	0	0	0	0	0	0	0	0	0	0	0	0	0	0	0	0	0	0	0	0	0	0	0	
412512	Cingulum_Mid_R	914	4202	5996	19622	148	338	748	3024	0	0	0	0	0	388	0	0	0	0	13218	41220	0	0	9140	13684	0	238	0	0	132	402	7648	23756	16660	0	1368	4412	0	212	0	0	0	0	0	1392	0	2502	0	0	182	2116	0	1378	0	0	0	128	0	1134	0	0	0	0	0	300	0	0	622	13192	1042	10256	984	288	0	0	0	0	0	150	0	0	0	644	0	0	0	1546	0	0	0	930	0	0	0	0	0	0	0	0	0	0	0	0	0	0	0	0	0	0	0	0	0	0	0	0	0	0	
166108	Cingulum_Post_L	2206	352	1638	1806	0	0	0	0	0	0	0	0	0	0	0	0	0	0	302	2606	0	0	0	0	0	0	0	0	0	0	0	0	3544	1368	0	11454	9724	5972	5116	242	0	0	3840	134	1146	168	3542	248	822	162	1002	0	272	0	916	210	268	0	416	0	578	0	260	0	386	0	7048	2324	960	688	150	0	238	388	156	0	2568	5746	0	0	0	0	0	0	394	468	0	0	184	532	0	0	0	0	0	0	128	0	0	0	0	0	0	0	0	0	0	0	0	0	382	0	0	0	0	0	
181388	Cingulum_Post_R	176	2908	284	3266	0	0	0	0	0	0	0	0	0	0	0	0	0	0	310	8220	0	0	0	0	0	0	0	0	148	0	0	0	216	4412	11454	0	7528	8330	4554	654	0	0	0	508	0	2962	770	1362	0	3148	0	680	0	0	744	518	290	618	0	0	0	0	0	0	0	0	1920	9374	0	2582	0	0	130	446	0	0	2738	6050	0	0	0	188	0	0	0	1228	0	0	0	1190	0	0	0	0	0	0	0	0	0	0	0	0	0	0	0	0	0	0	0	0	788	0	0	0	0	0	
363116	Hippocampus_L	7360	186	2834	2350	0	0	4942	126	0	0	744	0	0	0	206	0	1166	0	2692	2350	822	0	0	0	0	0	0	0	12286	0	0	0	0	0	9724	7528	0	5760	26606	220	6750	0	1608	0	0	146	5730	242	0	0	638	0	1632	0	15178	184	2066	0	0	0	574	0	818	0	0	0	3282	1320	0	0	0	0	10470	420	1078	0	6870	6992	5662	0	4044	0	916	0	6002	410	192	0	9288	488	0	0	0	0	124	0	532	0	0	0	0	0	0	0	0	0	0	0	0	0	0	0	0	0	0	0	
337660	Hippocampus_R	138	2052	248	8134	0	0	0	996	0	0	0	484	0	0	0	0	0	620	250	8076	0	0	0	0	0	0	0	0	0	3170	0	174	0	212	5972	8330	5760	0	3132	23248	0	9840	0	424	0	1154	412	2034	0	1098	0	162	0	230	620	25552	246	1048	0	0	0	0	0	1036	0	0	942	4716	0	272	0	0	0	11290	0	240	1856	8972	0	332	0	4032	0	544	0	7822	0	0	0	11844	0	0	0	0	0	0	0	446	0	326	0	0	0	0	0	0	0	0	0	0	344	0	0	0	0	0	
218452	ParaHippocampal_L	1598	0	816	1828	176	0	1112	0	0	0	192	0	0	0	348	0	432	0	762	1804	1044	0	0	0	0	0	0	0	3906	0	0	0	0	0	5116	4554	26606	3132	0	142	3254	0	552	0	0	0	6250	0	0	0	0	0	340	0	12016	0	526	0	0	0	270	0	732	0	0	0	1438	216	0	0	0	0	4212	258	314	0	3788	4778	2920	0	2982	0	1772	0	3126	194	812	0	3842	230	0	0	0	0	204	0	632	0	0	0	0	0	0	0	0	0	0	0	0	0	0	0	0	0	0	0	
197152	ParaHippocampal_R	0	258	0	878	0	0	0	0	0	0	0	0	0	0	0	0	0	0	0	922	0	0	0	0	0	0	0	0	0	1384	0	0	0	0	242	654	220	23248	142	0	0	8940	0	490	0	298	0	4608	0	286	0	0	0	1820	0	26738	0	0	0	0	0	0	0	0	0	0	0	2422	0	0	0	0	0	4224	0	192	128	1156	0	0	0	1516	0	3558	0	3348	0	1522	0	7710	0	0	0	0	0	0	0	1314	0	358	0	0	0	0	0	0	0	0	0	0	0	0	0	0	0	0	
48020	Amygdala_L	0	0	0	0	160	0	184	0	0	0	0	0	0	0	326	0	0	0	0	0	1500	0	0	0	0	0	0	0	1654	0	0	0	0	0	0	0	6750	0	3254	0	0	0	0	0	0	0	0	0	0	0	0	0	0	0	5768	0	0	0	0	0	0	0	0	0	0	0	0	0	0	0	188	0	928	0	0	0	0	0	0	0	0	0	1146	0	0	0	288	0	1864	0	0	0	0	0	0	0	0	0	0	0	0	0	0	0	0	0	0	0	0	0	0	0	0	0	0	0	
65692	Amygdala_R	0	0	0	0	0	0	0	0	0	0	0	0	0	0	0	0	0	0	0	0	0	0	0	0	0	0	0	0	0	1464	0	0	0	0	0	0	0	9840	0	8940	0	0	0	0	0	0	0	0	0	0	0	0	0	0	0	7252	0	0	0	0	0	0	0	0	0	0	0	0	0	0	0	0	0	1240	0	0	0	0	0	0	0	0	0	2864	0	0	0	750	0	240	0	0	0	0	0	0	0	256	0	0	0	0	0	0	0	0	0	0	0	0	0	0	0	0	0	0	
176060	Calcarine_L	0	0	0	0	0	0	0	0	0	0	0	0	0	0	0	0	0	0	0	0	0	0	0	0	0	0	0	0	0	0	0	0	286	0	3840	0	1608	0	552	0	0	0	0	3180	10926	2232	14104	452	6726	1832	16280	972	3202	0	1394	0	140	0	0	0	198	0	158	0	160	0	15248	390	1494	0	0	0	0	0	0	0	0	0	0	0	0	0	0	0	1180	0	0	0	538	0	0	0	0	0	0	0	0	0	194	0	0	0	0	0	0	0	0	0	0	0	744	0	0	0	0	0	
234668	Calcarine_R	0	214	0	0	0	0	0	0	0	0	0	0	0	0	0	0	0	0	0	1362	0	0	0	0	0	0	0	0	0	0	0	0	0	1392	134	508	0	424	0	490	0	0	3180	0	2962	16712	2216	18224	0	16456	0	17912	0	6158	0	5426	0	264	0	0	0	0	0	0	0	256	234	13378	0	1474	0	0	0	0	0	0	0	0	0	0	0	0	0	0	0	6250	0	0	0	1462	0	0	0	0	0	0	0	0	0	246	0	0	0	0	0	0	0	0	0	0	0	0	0	0	0	0	
137904	Cuneus_L	148	0	0	0	0	0	0	0	0	0	0	0	0	0	0	0	0	0	0	0	0	0	0	0	0	0	0	0	0	0	0	0	740	0	1146	0	0	0	0	0	0	0	10926	2962	0	3986	674	0	15572	3002	9048	416	798	0	156	0	0	0	1468	0	220	0	162	0	138	0	12064	1290	2358	0	0	0	0	0	0	0	0	0	0	0	0	0	0	0	936	0	0	0	560	0	0	0	0	0	0	0	0	0	0	0	0	0	0	0	0	0	0	0	0	0	182	0	0	0	0	0	
231464	Cuneus_R	0	1972	0	722	0	0	0	0	0	0	0	0	0	0	0	0	0	0	0	2762	0	0	0	0	0	0	0	0	0	0	0	0	0	2502	168	2962	146	1154	0	298	0	0	2232	16712	3986	0	198	1120	710	30546	0	11210	0	802	0	802	0	1048	410	608	0	0	0	0	0	0	4704	20716	0	2090	0	0	0	0	0	0	0	428	0	0	0	248	0	0	0	2656	0	0	0	1820	0	0	0	0	0	0	0	0	0	0	0	0	0	0	0	0	0	0	0	0	0	0	0	0	0	0	
244804	Lingual_L	1064	0	240	422	0	0	238	0	0	0	0	0	0	0	0	0	428	0	188	422	0	0	0	0	0	0	0	0	1124	0	0	0	0	0	3542	770	5730	412	6250	0	0	0	14104	2216	674	198	0	4278	1572	126	14378	826	9558	556	15984	900	504	0	0	0	0	0	238	0	0	0	6628	0	126	0	0	0	388	0	0	0	762	1150	722	0	494	0	0	0	1188	0	0	0	1808	0	1932	528	0	0	0	0	3932	966	7178	1834	0	0	0	0	0	0	0	0	0	0	2414	2826	584	0	0	0	
231740	Lingual_R	0	0	0	304	0	0	0	0	0	0	0	0	0	0	0	0	0	0	0	382	0	0	0	0	0	0	0	0	0	0	0	0	0	0	248	1362	242	2034	0	4608	0	0	452	18224	0	1120	4278	0	0	1628	288	6758	274	6092	1914	15592	0	0	0	0	0	0	0	0	0	236	222	5144	0	0	0	0	0	578	0	0	0	474	0	0	0	178	0	0	0	3526	0	0	0	2830	3004	2400	698	0	0	0	1034	2910	5792	9638	0	0	332	0	0	0	0	0	0	0	2946	7896	232	0	0	0	
144580	Occipital_Sup_L	314	0	192	0	0	0	0	0	0	0	0	0	0	0	0	0	0	0	0	0	0	0	0	0	0	0	0	0	0	0	0	0	1872	182	822	0	0	0	0	0	0	0	6726	0	15572	710	1572	0	0	710	21720	0	1220	0	0	0	0	0	5630	0	922	0	0	0	234	0	10804	1320	850	0	0	0	0	0	0	0	0	0	0	0	0	0	0	0	650	0	0	0	268	0	0	0	0	0	0	0	0	0	0	0	0	0	0	0	0	0	0	0	0	0	0	0	0	0	0	0	
275980	Occipital_Sup_R	0	2984	0	1850	0	0	0	0	0	0	0	0	0	0	0	0	0	0	0	3780	0	0	0	0	0	0	0	0	0	0	0	0	0	2116	162	3148	0	1098	0	286	0	0	1832	16456	3002	30546	126	1628	710	0	0	20362	0	694	0	870	0	1460	304	2274	0	1010	0	238	0	2048	4818	26532	0	1974	0	0	0	0	0	0	0	402	0	0	0	388	0	0	0	2856	0	0	0	2036	0	0	0	0	0	0	0	0	0	0	0	0	0	0	0	0	0	0	0	0	0	0	0	0	0	0	
365576	Occipital_Mid_L	1888	0	0	0	0	0	0	0	0	0	0	0	0	0	0	0	2886	0	0	0	0	0	0	0	0	0	0	0	2130	0	0	0	1748	0	1002	0	638	0	0	0	0	0	16280	0	9048	0	14378	288	21720	0	0	0	21022	0	8074	0	1386	0	4154	0	11052	0	2954	0	17192	0	11072	0	2216	0	0	0	0	0	0	0	0	0	1608	0	2048	0	0	0	19306	0	0	0	6022	0	162	0	0	0	0	0	344	0	916	268	0	0	0	0	0	0	0	0	0	0	654	332	0	0	0	0	
215336	Occipital_Mid_R	0	630	0	274	0	0	0	0	0	0	0	0	0	0	0	0	0	0	0	1490	0	0	0	0	0	0	0	0	0	0	0	0	0	1378	0	680	0	162	0	0	0	0	972	17912	416	11210	826	6758	0	20362	0	0	0	5354	0	1596	0	632	0	726	0	4564	0	174	0	9258	1094	11074	0	1244	0	0	0	0	0	0	0	0	0	0	0	170	0	0	0	7758	0	0	0	774	0	0	0	0	0	0	0	0	0	180	0	0	0	0	0	0	0	0	0	0	0	0	0	0	0	0	
139940	Occipital_Inf_L	1114	0	0	0	0	0	0	0	0	0	0	0	0	0	0	0	1106	0	0	0	0	0	0	0	0	0	0	0	1568	0	0	0	0	0	272	0	1632	0	340	0	0	0	3202	0	798	0	9558	274	1220	0	21022	0	0	0	9384	0	556	0	0	0	442	0	1146	0	0	0	1636	0	0	0	0	0	0	0	0	0	0	0	2198	0	1050	0	0	0	2960	0	0	0	5884	0	368	0	0	0	0	0	330	0	968	298	0	0	0	0	0	0	0	0	0	0	292	352	0	0	0	0	
65136	Occipital_Inf_R	0	0	0	0	0	0	0	0	0	0	0	0	0	0	0	0	0	0	0	0	0	0	0	0	0	0	0	0	0	0	0	0	0	0	0	0	0	230	0	1820	0	0	0	6158	0	802	556	6092	0	694	0	5354	0	0	0	3754	0	0	0	0	0	0	0	0	0	0	0	1172	0	0	0	0	0	0	0	0	0	0	0	0	0	128	0	0	0	1380	0	0	0	3912	0	0	0	0	0	0	0	0	0	388	0	0	0	0	0	0	0	0	0	0	0	128	0	0	0	0	
423736	Fusiform_L	434	0	146	438	0	0	318	0	0	0	0	0	0	0	288	0	336	0	136	434	940	0	0	0	0	0	0	0	5394	0	0	0	0	0	916	744	15178	620	12016	0	5768	0	1394	0	156	0	15984	1914	0	0	8074	0	9384	0	0	1248	258	0	0	0	0	0	124	0	0	0	338	0	0	0	0	0	2196	0	0	0	1124	1114	450	0	2680	0	4720	0	8368	0	5314	0	27860	0	15794	724	0	0	0	0	13968	1208	28450	4594	0	0	0	0	0	164	0	0	0	0	4608	4700	484	368	0	0	
418752	Fusiform_R	0	454	0	1130	0	0	0	0	0	0	0	0	0	0	0	0	0	0	0	1286	0	0	0	0	0	0	0	0	0	1632	0	0	0	128	210	518	184	25552	0	26738	0	7252	0	5426	0	802	900	15592	0	870	0	1596	0	3754	1248	0	0	0	0	0	0	0	0	130	0	0	0	2388	0	128	0	0	0	5548	0	0	0	1074	0	0	0	2868	0	6072	0	8974	0	2254	0	17986	2102	6026	592	0	0	1092	1672	12926	3978	24146	0	0	252	210	0	190	0	0	0	1128	6778	5410	0	0	0	180	
211804	Postcentral_L	25136	2454	476	498	0	0	672	1540	0	0	2204	0	184	0	0	0	8094	0	566	698	0	0	0	0	0	0	0	0	5496	0	0	0	0	0	268	290	2066	246	526	0	0	0	140	0	0	0	504	0	0	0	1386	0	556	0	258	0	0	0	4880	0	19892	0	7156	0	204	0	2218	0	2668	0	1060	138	2508	0	402	0	2438	520	3418	0	2344	0	190	0	804	0	0	0	666	138	0	0	0	0	0	0	0	0	0	0	0	0	0	0	0	0	0	0	0	0	0	0	0	0	0	0	
154240	Postcentral_R	0	16596	0	2108	0	0	0	884	0	0	0	1278	0	0	0	0	0	2990	0	3304	0	0	0	0	0	0	0	0	0	1060	0	0	0	1134	0	618	0	1048	0	0	0	0	0	264	0	1048	0	0	0	1460	0	632	0	0	0	0	0	0	0	4678	0	5388	0	15786	0	152	0	8704	402	4400	0	0	0	940	0	0	0	780	0	192	0	274	0	0	0	574	0	0	0	426	0	0	0	0	0	0	0	0	0	0	0	0	0	0	0	0	0	0	0	0	0	0	0	0	0	0	
83304	Parietal_Sup_L	174	0	0	0	0	0	0	0	0	0	0	0	0	0	0	0	0	0	0	0	0	0	0	0	0	0	0	0	0	0	0	0	992	0	416	0	0	0	0	0	0	0	0	0	1468	410	0	0	5630	304	4154	0	0	0	0	0	4880	0	0	0	7298	0	0	0	1136	0	12010	1110	1670	0	0	0	0	0	0	0	0	0	0	0	0	0	0	0	0	0	0	0	0	0	0	0	0	0	0	0	0	0	0	0	0	0	0	0	0	0	0	0	0	0	0	0	0	0	0	0	
50004	Parietal_Sup_R	0	0	0	0	0	0	0	0	0	0	0	0	0	0	0	0	0	0	0	0	0	0	0	0	0	0	0	0	0	0	0	0	0	0	0	0	0	0	0	0	0	0	0	0	0	608	0	0	0	2274	0	726	0	0	0	0	0	4678	0	0	0	3776	0	0	0	2844	1816	7636	0	644	0	0	0	0	0	0	0	0	0	0	0	0	0	0	0	0	0	0	0	0	0	0	0	0	0	0	0	0	0	0	0	0	0	0	0	0	0	0	0	0	0	0	0	0	0	0	
192476	Parietal_Inf_L	3384	0	0	0	0	0	0	0	0	0	0	0	0	0	0	0	1548	0	0	0	0	0	0	0	0	0	0	0	1588	0	0	0	1280	0	578	0	574	0	270	0	0	0	198	0	220	0	0	0	922	0	11052	0	442	0	0	0	19892	0	7298	0	0	0	16842	0	17184	0	2032	0	2058	0	0	0	446	0	0	0	296	0	514	0	3182	0	0	0	3322	0	0	0	1116	0	0	0	0	0	0	0	0	0	0	0	0	0	0	0	0	0	0	0	0	0	0	0	0	0	0	0	
62632	Parietal_Inf_R	0	290	0	230	0	0	0	0	0	0	0	0	0	0	0	0	0	0	0	220	0	0	0	0	0	0	0	0	0	0	0	0	0	0	0	0	0	0	0	0	0	0	0	0	0	0	0	0	0	1010	0	4564	0	0	0	0	0	5388	0	3776	0	0	0	4156	0	10134	0	960	0	150	0	0	0	216	0	0	0	222	0	0	0	0	0	0	0	0	0	0	0	0	0	0	0	0	0	0	0	0	0	0	0	0	0	0	0	0	0	0	0	0	0	0	0	0	0	0	
115832	SupraMarginal_L	788	0	0	0	0	0	0	0	0	0	0	0	0	0	0	0	3660	0	0	0	0	0	0	0	0	0	0	0	808	0	0	0	592	0	260	0	818	0	732	0	0	0	158	0	162	0	238	0	0	0	2954	0	1146	0	124	0	7156	0	0	0	16842	0	0	0	4182	0	282	0	436	0	0	0	154	0	0	0	0	0	428	0	8662	0	0	0	5470	0	0	0	1864	0	0	0	0	0	0	0	0	0	0	0	0	0	0	0	0	0	0	0	0	0	0	0	0	0	0	0	
95004	SupraMarginal_R	0	2246	0	1242	0	0	0	310	0	0	0	0	0	0	0	0	0	3756	0	1050	0	0	0	0	0	0	0	0	0	620	0	0	0	300	0	0	0	1036	0	0	0	0	0	0	0	0	0	0	0	238	0	174	0	0	0	130	0	15786	0	0	0	4156	0	0	0	2520	0	1032	0	138	0	0	0	588	0	0	0	572	0	1682	0	7558	0	0	0	1792	0	0	0	576	0	0	0	0	0	0	0	0	0	0	0	0	0	0	0	0	0	0	0	0	0	0	0	0	0	0	
113032	Angular_L	0	0	0	0	0	0	0	0	0	0	0	0	0	0	0	0	940	0	0	0	0	0	0	0	0	0	0	0	272	0	0	0	1178	0	386	0	0	0	0	0	0	0	160	0	138	0	0	0	234	0	17192	0	0	0	0	0	204	0	1136	0	17184	0	4182	0	0	0	498	0	794	0	0	0	0	0	0	0	0	0	0	0	2702	0	0	0	8484	0	0	0	832	0	0	0	0	0	0	0	0	0	0	0	0	0	0	0	0	0	0	0	0	0	0	0	0	0	0	0	
70300	Angular_R	0	290	0	348	0	0	0	0	0	0	0	0	0	0	0	0	0	0	0	362	0	0	0	0	0	0	0	0	0	0	0	0	0	0	0	0	0	0	0	0	0	0	0	256	0	0	0	236	0	2048	0	9258	0	0	0	0	0	152	0	2844	0	10134	0	2520	0	0	0	254	0	0	0	0	0	0	0	0	0	0	0	236	0	2812	0	0	0	3216	0	0	0	184	0	0	0	0	0	0	0	0	0	0	0	0	0	0	0	0	0	0	0	0	0	0	0	0	0	0	
252484	Precuneus_L	330	0	198	0	0	0	0	0	0	0	0	0	0	0	0	0	126	0	0	0	0	0	0	0	0	0	0	0	0	0	0	0	2572	622	7048	1920	3282	942	1438	0	0	0	15248	234	12064	4704	6628	222	10804	4818	11072	1094	1636	0	338	0	2218	0	12010	1816	2032	0	282	0	498	0	0	12140	4570	0	0	0	0	0	0	0	0	170	0	0	0	0	0	0	1592	0	0	0	860	0	0	0	0	0	0	0	0	0	0	0	0	0	0	0	0	0	0	0	0	0	714	0	0	0	0	0	
400952	Precuneus_R	164	8556	0	3222	0	0	142	0	0	0	0	0	0	0	0	0	0	0	0	10552	0	0	0	0	0	0	0	0	0	0	0	0	1544	13192	2324	9374	1320	4716	216	2422	0	0	390	13378	1290	20716	0	5144	1320	26532	0	11074	0	1172	0	2388	0	8704	1110	7636	0	960	0	1032	0	254	12140	0	910	8534	0	0	0	186	0	0	0	1050	0	0	0	1366	0	0	0	8682	0	0	0	5724	0	0	0	0	0	0	0	0	0	0	0	0	0	0	0	0	0	0	0	0	1040	0	0	0	0	0	
92504	Paracentral_Lobule_L	4762	0	1930	0	0	0	0	0	0	0	0	0	0	0	0	0	268	0	3064	1918	0	0	0	0	0	0	0	0	226	0	0	0	8304	1042	960	0	0	0	0	0	0	0	1494	0	2358	0	126	0	850	0	2216	0	0	0	0	0	2668	402	1670	0	2058	0	436	0	794	0	4570	910	0	1990	0	0	0	0	0	0	0	0	0	0	242	0	0	0	794	0	0	0	200	0	0	0	0	0	0	0	0	0	0	0	0	0	0	0	0	0	0	0	0	0	0	0	0	0	0	0	
113172	Paracentral_Lobule_R	0	3570	0	426	0	0	0	0	0	0	0	0	0	0	0	0	0	0	0	12670	0	0	0	0	0	0	0	0	0	0	0	0	1426	10256	688	2582	0	272	0	0	0	0	0	1474	0	2090	0	0	0	1974	0	1244	0	0	0	128	0	4400	0	644	0	150	0	138	0	0	0	8534	1990	0	0	0	0	0	0	0	0	0	0	0	0	304	0	0	0	968	0	0	0	658	0	0	0	0	0	0	0	0	0	0	0	0	0	0	0	0	0	0	0	0	0	0	0	0	0	0	
315620	Caudate_L	7972	1002	13768	4762	1178	250	21360	1926	236	0	0	0	0	0	514	0	0	0	10716	4566	7588	8736	678	796	378	260	2190	194	1276	158	8864	5138	0	984	150	0	0	0	0	0	188	0	0	0	0	0	0	0	0	0	0	0	0	0	0	0	1060	0	0	0	0	0	0	0	0	0	0	0	0	0	0	14468	20758	4818	3584	1984	4838	472	0	0	0	0	0	0	0	0	0	0	0	0	0	0	0	0	0	0	0	0	0	0	0	0	0	0	0	0	0	0	0	0	0	0	0	0	0	0	
433940	Caudate_R	2444	1436	2556	23648	0	13154	2810	9058	0	1610	0	1254	0	1134	0	3994	0	434	2068	16260	4626	11906	144	9820	0	9944	230	3286	0	4204	7230	22048	0	288	0	0	0	0	0	0	0	0	0	0	0	0	0	0	0	0	0	0	0	0	0	0	138	0	0	0	0	0	0	0	0	0	0	0	0	0	14468	0	8182	20126	2672	2986	806	11878	0	0	0	0	0	128	0	0	0	0	0	0	0	0	0	0	0	0	0	0	0	0	0	0	0	0	0	0	0	0	0	0	0	0	0	0	0	0	
442328	Putamen_L	10940	144	16408	774	11780	0	23320	0	3236	0	1830	0	454	0	6236	0	2150	0	11248	844	8340	6974	1724	0	902	0	3462	176	23306	0	9926	2710	0	0	238	130	10470	0	4212	0	928	0	0	0	0	0	388	0	0	0	0	0	0	0	2196	0	2508	0	0	0	446	0	154	0	0	0	0	0	0	0	20758	8182	0	3368	10190	1042	5510	242	456	0	224	0	1220	0	0	0	0	0	1418	0	0	0	0	0	0	0	0	0	0	0	0	0	0	0	0	0	0	0	0	0	0	0	0	0	0	0	
357816	Putamen_R	316	1414	330	13550	0	4848	366	10920	0	1434	0	6646	0	1872	0	4600	0	2784	338	9312	1990	5428	0	1718	0	4266	0	2034	0	21016	4580	8792	0	0	388	446	420	11290	258	4224	0	1240	0	0	0	0	0	578	0	0	0	0	0	0	0	5548	0	940	0	0	0	216	0	588	0	0	0	186	0	0	4818	20126	3368	0	570	3938	226	7808	0	0	0	404	0	430	0	846	0	0	0	1498	0	0	0	0	0	0	0	0	0	0	0	0	0	0	0	0	0	0	0	0	0	0	0	0	0	0	
79988	Pallidum_L	1752	0	4802	246	0	0	1532	0	0	0	0	0	0	0	0	0	384	0	5802	282	1336	2380	0	0	0	0	0	0	0	0	452	278	0	0	156	0	1078	0	314	0	0	0	0	0	0	0	0	0	0	0	0	0	0	0	0	0	402	0	0	0	0	0	0	0	0	0	0	0	0	0	3584	2672	10190	570	0	506	1276	0	0	0	0	0	0	0	0	0	0	0	0	0	0	0	0	0	0	0	0	0	0	0	0	0	0	0	0	0	0	0	0	0	0	0	0	0	0	0	
45700	Pallidum_R	280	224	186	2736	0	0	284	792	0	0	0	652	0	0	0	0	0	318	200	2536	0	1648	0	0	0	0	0	0	0	198	760	1148	0	0	0	0	0	240	0	192	0	0	0	0	0	0	0	0	0	0	0	0	0	0	0	0	0	0	0	0	0	0	0	0	0	0	0	0	0	0	1984	2986	1042	3938	506	0	0	0	0	0	0	0	0	0	0	0	0	0	0	0	0	0	0	0	0	0	0	0	0	0	0	0	0	0	0	0	0	0	0	0	0	0	0	0	0	0	
185344	Thalamus_L	2566	518	14464	3220	0	0	1494	320	0	0	0	0	0	0	0	0	160	0	20248	3178	0	0	0	0	0	0	0	0	744	0	0	0	0	0	2568	2738	6870	1856	3788	128	0	0	0	0	0	0	762	0	0	0	0	0	0	0	1124	0	2438	0	0	0	296	0	0	0	0	0	0	0	0	0	4838	806	5510	226	1276	0	0	10018	0	0	0	0	0	0	0	176	0	0	0	210	0	0	0	0	0	0	132	0	0	0	0	0	0	0	0	0	0	0	0	0	0	0	0	0	0	0	
283040	Thalamus_R	536	1872	1494	29138	0	0	214	1480	0	0	0	278	0	0	0	0	0	516	610	28832	0	0	0	0	0	0	0	0	270	698	0	0	0	150	5746	6050	6992	8972	4778	1156	0	0	0	0	0	428	1150	474	0	402	0	0	0	0	1114	1074	520	780	0	0	0	222	0	572	0	0	170	1050	0	0	472	11878	242	7808	0	0	10018	0	0	0	0	272	0	0	0	1378	0	0	0	1566	0	0	0	0	0	0	148	0	0	0	0	0	0	0	0	0	0	0	0	0	0	0	0	0	0	0	
96440	Heschl_L	2288	0	0	0	0	0	626	0	0	0	724	0	0	0	0	0	6328	0	0	0	0	0	0	0	0	0	0	0	7734	0	0	0	0	0	0	0	5662	0	2920	0	0	0	0	0	0	0	722	0	0	0	1608	0	2198	0	450	0	3418	0	0	0	514	0	428	0	0	0	0	0	0	0	0	0	456	0	0	0	0	0	0	0	5142	0	190	0	4394	0	0	0	2418	0	0	0	0	0	0	0	0	0	0	0	0	0	0	0	0	0	0	0	0	0	0	0	0	0	0	0	
23960	Heschl_R	0	218	0	416	0	0	0	0	0	0	0	0	0	0	0	0	0	1164	0	422	0	0	0	0	0	0	0	0	0	1308	0	0	0	0	0	0	0	332	0	0	0	0	0	0	0	0	0	0	0	0	0	0	0	0	0	0	0	192	0	0	0	0	0	1682	0	236	0	0	0	0	0	0	0	0	0	0	0	0	0	0	0	5306	0	0	0	704	0	0	0	0	0	0	0	0	0	0	0	0	0	0	0	0	0	0	0	0	0	0	0	0	0	0	0	0	0	0	
178200	Temporal_Sup_L	946	0	0	0	0	0	304	0	0	0	850	0	126	0	0	0	7982	0	0	0	0	0	0	0	0	0	0	0	4926	0	0	0	228	0	0	0	4044	0	2982	0	0	0	0	0	0	0	494	0	0	0	2048	0	1050	0	2680	0	2344	0	0	0	3182	0	8662	0	2702	0	0	0	242	0	0	0	224	0	0	0	0	0	5142	0	0	0	5550	0	25528	0	876	0	5988	0	0	0	0	0	0	0	0	0	0	0	0	0	0	0	0	0	0	0	0	0	0	0	0	0	0	0	
150216	Temporal_Sup_R	0	2750	0	3720	0	0	0	332	0	0	0	880	0	0	0	1158	0	3250	0	3862	0	0	0	0	0	0	0	0	0	6630	0	0	0	644	0	188	0	4032	0	1516	0	0	0	0	0	248	0	178	0	388	0	170	0	128	0	2868	0	274	0	0	0	0	0	7558	0	2812	0	1366	0	304	0	0	0	404	0	0	0	272	0	5306	0	0	0	4632	0	14800	0	648	0	3790	0	0	0	0	0	0	0	0	0	0	0	0	0	0	0	0	0	0	0	0	0	0	0	0	0	0	
100360	Temporal_Pole_Sup_L	0	0	0	0	1350	0	320	0	0	0	440	0	210	0	2028	0	1750	0	0	0	1056	0	0	0	0	0	346	0	2808	0	0	0	0	0	0	0	916	0	1772	0	1146	0	0	0	0	0	0	0	0	0	0	0	0	0	4720	0	190	0	0	0	0	0	0	0	0	0	0	0	0	0	0	0	1220	0	0	0	0	0	190	0	5550	0	0	0	9386	0	8200	0	6582	0	0	0	0	0	0	0	0	0	0	0	0	0	0	0	0	0	0	0	0	0	0	0	0	0	0	0	
76396	Temporal_Pole_Sup_R	0	0	0	0	0	0	0	0	0	0	0	332	0	0	0	2756	0	1188	0	0	0	0	0	0	0	0	0	0	0	3032	0	0	0	0	0	0	0	544	0	3558	0	2864	0	0	0	0	0	0	0	0	0	0	0	0	0	6072	0	0	0	0	0	0	0	0	0	0	0	0	0	0	0	128	0	430	0	0	0	0	0	0	0	4632	0	0	0	4310	0	5914	0	2280	0	0	0	0	0	0	0	158	0	0	0	0	0	0	0	0	0	0	0	0	0	0	0	0	0	0	
316012	Temporal_Mid_L	1642	0	0	0	0	0	0	0	0	0	174	0	0	0	0	0	4564	0	0	0	0	0	0	0	0	0	0	0	2736	0	0	0	1060	0	394	0	6002	0	3126	0	0	0	1180	0	936	0	1188	0	650	0	19306	0	2960	0	8368	0	804	0	0	0	3322	0	5470	0	8484	0	1592	0	794	0	0	0	0	0	0	0	0	0	4394	0	25528	0	9386	0	0	0	7798	0	36148	0	0	0	0	0	0	0	0	0	0	0	0	0	0	0	0	0	0	0	0	0	0	0	0	0	0	0	
291876	Temporal_Mid_R	0	9708	0	10702	0	0	0	0	0	0	0	0	0	0	0	0	0	220	0	11664	0	0	0	0	0	0	0	0	0	1498	0	0	0	1546	468	1228	410	7822	194	3348	0	0	0	6250	0	2656	0	3526	0	2856	0	7758	0	1380	0	8974	0	574	0	0	0	0	0	1792	0	3216	0	8682	0	968	0	0	0	846	0	0	176	1378	0	704	0	14800	0	4310	0	0	0	1898	0	24386	0	0	0	0	0	0	0	0	0	0	0	0	0	0	0	0	0	0	0	0	0	0	0	0	0	0	
60816	Temporal_Pole_Mid_L	0	0	0	0	0	0	0	0	0	0	0	0	0	0	0	0	0	0	0	0	0	0	0	0	0	0	0	0	0	0	0	0	0	0	0	0	192	0	812	0	288	0	0	0	0	0	0	0	0	0	0	0	0	0	5314	0	0	0	0	0	0	0	0	0	0	0	0	0	0	0	0	0	0	0	0	0	0	0	0	0	876	0	8200	0	7798	0	0	0	6928	0	0	0	0	0	0	0	0	0	0	0	0	0	0	0	0	0	0	0	0	0	0	0	0	0	0	0	
28756	Temporal_Pole_Mid_R	0	0	0	0	0	0	0	0	0	0	0	0	0	0	0	0	0	0	0	0	0	0	0	0	0	0	0	0	0	0	0	0	0	0	0	0	0	0	0	1522	0	750	0	0	0	0	0	0	0	0	0	0	0	0	0	2254	0	0	0	0	0	0	0	0	0	0	0	0	0	0	0	0	0	0	0	0	0	0	0	0	0	648	0	5914	0	1898	0	0	0	1392	0	0	0	0	0	0	0	0	0	0	0	0	0	0	0	0	0	0	0	0	0	0	0	0	0	0	
274220	Temporal_Inf_L	1558	0	0	0	0	0	0	0	0	0	0	0	0	0	0	0	2202	0	0	0	124	0	0	0	0	0	0	0	7156	0	0	0	170	0	184	0	9288	0	3842	0	1864	0	538	0	560	0	1808	0	268	0	6022	0	5884	0	27860	0	666	0	0	0	1116	0	1864	0	832	0	860	0	200	0	0	0	1418	0	0	0	0	0	2418	0	5988	0	6582	0	36148	0	6928	0	0	0	1638	0	0	0	0	0	210	0	914	0	0	0	0	0	0	0	0	0	0	0	0	0	0	0	0	0	
215984	Temporal_Inf_R	0	3008	0	3420	0	0	0	0	0	0	0	0	0	0	0	0	0	0	0	4084	0	0	0	0	0	0	0	0	0	668	0	0	0	930	532	1190	488	11844	230	7710	0	240	0	1462	0	1820	0	2830	0	2036	0	774	0	3912	0	17986	138	426	0	0	0	0	0	576	0	184	0	5724	0	658	0	0	0	1498	0	0	210	1566	0	0	0	3790	0	2280	0	24386	0	1392	0	0	0	0	0	0	0	0	0	0	0	0	0	0	0	0	0	0	0	0	0	0	0	0	0	0	0	0	
445008	Cerebelum_Crus1_L	0	0	0	0	0	0	0	0	0	0	0	0	0	0	0	0	0	0	0	0	0	0	0	0	0	0	0	0	0	0	0	0	0	0	0	0	0	0	0	0	0	0	0	0	0	0	1932	3004	0	0	162	0	368	0	15794	2102	0	0	0	0	0	0	0	0	0	0	0	0	0	0	0	0	0	0	0	0	0	0	0	0	0	0	0	0	0	0	0	0	1638	0	0	4138	31362	6398	1126	0	18574	1042	59166	7250	12866	1922	18074	3964	1616	310	0	0	140	1164	4178	9470	10358	3090	1296	0	
325068	Cerebelum_Crus1_R	0	0	0	0	0	0	0	0	0	0	0	0	0	0	0	0	0	0	0	0	0	0	0	0	0	0	0	0	0	0	0	0	0	0	0	0	0	0	0	0	0	0	0	0	0	0	528	2400	0	0	0	0	0	0	724	6026	0	0	0	0	0	0	0	0	0	0	0	0	0	0	0	0	0	0	0	0	0	0	0	0	0	0	0	0	0	0	0	0	0	0	4138	0	3074	24392	0	956	0	5194	4820	38188	854	4734	1504	26674	820	7404	0	362	0	558	350	10294	14710	2394	1436	0	
344076	Cerebelum_Crus2_L	0	0	0	0	0	0	0	0	0	0	0	0	0	0	0	0	0	0	0	0	0	0	0	0	0	0	0	0	0	0	0	0	0	0	0	0	0	0	0	0	0	0	0	0	0	0	0	698	0	0	0	0	0	0	0	592	0	0	0	0	0	0	0	0	0	0	0	0	0	0	0	0	0	0	0	0	0	0	0	0	0	0	0	0	0	0	0	0	0	0	31362	3074	0	15272	0	0	424	142	6710	1666	36588	6886	33392	5276	2342	234	0	0	0	0	280	3376	15674	6758	1292	0	
310976	Cerebelum_Crus2_R	0	0	0	0	0	0	0	0	0	0	0	0	0	0	0	0	0	0	0	0	0	0	0	0	0	0	0	0	0	0	0	0	0	0	0	0	0	0	0	0	0	0	0	0	0	0	0	0	0	0	0	0	0	0	0	0	0	0	0	0	0	0	0	0	0	0	0	0	0	0	0	0	0	0	0	0	0	0	0	0	0	0	0	0	0	0	0	0	0	0	6398	24392	15272	0	0	0	0	0	568	1734	6864	29058	3108	35508	238	7766	0	0	0	0	0	706	18912	4566	398	0	
32080	Cerebelum_3_L	0	0	0	0	0	0	0	0	0	0	0	0	0	0	0	0	0	0	0	0	0	0	0	0	0	0	0	0	0	0	0	0	0	0	0	0	124	0	204	0	0	0	0	0	0	0	0	0	0	0	0	0	0	0	0	0	0	0	0	0	0	0	0	0	0	0	0	0	0	0	0	0	0	0	0	0	0	0	0	0	0	0	0	0	0	0	0	0	0	0	1126	0	0	0	0	0	5618	128	1846	144	0	0	180	0	950	148	390	0	768	2652	1762	0	0	0	0	0	
41552	Cerebelum_3_R	0	0	0	0	0	0	0	0	0	0	0	0	0	0	0	0	0	0	0	0	0	0	0	0	0	0	0	0	0	0	0	0	0	0	0	0	0	0	0	0	0	0	0	0	0	0	0	0	0	0	0	0	0	0	0	1092	0	0	0	0	0	0	0	0	0	0	0	0	0	0	0	0	0	0	0	0	0	0	0	0	0	0	0	0	0	0	0	0	0	0	0	956	0	0	0	0	206	5630	0	6142	0	0	0	0	0	948	0	0	468	4522	812	0	0	0	0	0	
266232	Cerebelum_4_5_L	0	0	0	0	0	0	0	0	0	0	0	0	0	0	0	0	0	0	0	0	0	0	0	0	0	0	0	0	0	0	0	0	0	0	128	0	532	0	632	0	0	0	0	0	0	0	3932	1034	0	0	344	0	330	0	13968	1672	0	0	0	0	0	0	0	0	0	0	0	0	0	0	0	0	0	0	0	0	132	148	0	0	0	0	0	0	0	0	0	0	210	0	18574	0	424	0	5618	206	0	5284	38166	3672	1584	0	2974	0	4358	700	1120	0	566	3828	19968	1672	0	666	482	192	
180008	Cerebelum_4_5_R	0	0	0	0	0	0	0	0	0	0	0	0	0	0	0	0	0	0	0	0	0	0	0	0	0	0	0	0	0	0	0	0	0	0	0	0	0	446	0	1314	0	256	0	0	0	0	966	2910	0	0	0	0	0	0	1208	12926	0	0	0	0	0	0	0	0	0	0	0	0	0	0	0	0	0	0	0	0	0	0	0	0	0	0	0	158	0	0	0	0	0	0	1042	5194	142	0	128	5630	5284	0	4172	26278	0	0	660	0	540	402	156	138	0	3192	14226	1446	0	266	416	508	
489292	Cerebelum_6_L	0	0	0	0	0	0	0	0	0	0	0	0	0	0	0	0	0	0	0	0	0	0	0	0	0	0	0	0	0	0	0	0	0	0	0	0	0	0	0	0	0	0	194	0	0	0	7178	5792	0	0	916	0	968	0	28450	3978	0	0	0	0	0	0	0	0	0	0	0	0	0	0	0	0	0	0	0	0	0	0	0	0	0	0	0	0	0	0	0	0	914	0	59166	4820	6710	568	1846	0	38166	4172	0	14752	7204	0	9140	528	1246	866	314	0	358	2122	15488	17490	5260	3574	2326	140	
404340	Cerebelum_6_R	0	0	0	0	0	0	0	0	0	0	0	0	0	0	0	0	0	0	0	0	0	0	0	0	0	0	0	0	0	0	0	0	0	0	0	0	0	326	0	358	0	0	0	246	0	0	1834	9638	0	0	268	180	298	388	4594	24146	0	0	0	0	0	0	0	0	0	0	0	0	0	0	0	0	0	0	0	0	0	0	0	0	0	0	0	0	0	0	0	0	0	0	7250	38188	1666	1734	144	6142	3672	26278	14752	0	160	356	1010	5788	256	1766	0	1026	134	3776	13074	21296	7148	2400	1406	472	
271720	Cerebelum_7b_L	0	0	0	0	0	0	0	0	0	0	0	0	0	0	0	0	0	0	0	0	0	0	0	0	0	0	0	0	0	0	0	0	0	0	0	0	0	0	0	0	0	0	0	0	0	0	0	0	0	0	0	0	0	0	0	0	0	0	0	0	0	0	0	0	0	0	0	0	0	0	0	0	0	0	0	0	0	0	0	0	0	0	0	0	0	0	0	0	0	0	12866	854	36588	6864	0	0	1584	0	7204	160	0	5316	33216	4720	1652	270	0	0	0	0	1306	1216	11326	8932	1786	0	
186352	Cerebelum_7b_R	0	0	0	0	0	0	0	0	0	0	0	0	0	0	0	0	0	0	0	0	0	0	0	0	0	0	0	0	0	0	0	0	0	0	0	0	0	0	0	0	0	0	0	0	0	0	0	0	0	0	0	0	0	0	0	0	0	0	0	0	0	0	0	0	0	0	0	0	0	0	0	0	0	0	0	0	0	0	0	0	0	0	0	0	0	0	0	0	0	0	1922	4734	6886	29058	0	0	0	0	0	356	5316	0	1968	26050	0	5310	0	0	0	0	0	0	6962	4614	0	0	
302612	Cerebelum_8_L	0	0	0	0	0	0	0	0	0	0	0	0	0	0	0	0	0	0	0	0	0	0	0	0	0	0	0	0	0	0	0	0	0	0	0	0	0	0	0	0	0	0	0	0	0	0	0	332	0	0	0	0	0	0	0	252	0	0	0	0	0	0	0	0	0	0	0	0	0	0	0	0	0	0	0	0	0	0	0	0	0	0	0	0	0	0	0	0	0	0	18074	1504	33392	3108	180	0	2974	660	9140	1010	33216	1968	0	4980	12978	918	1024	0	0	0	2336	2138	7830	10350	2942	0	
306884	Cerebelum_8_R	0	0	0	0	0	0	0	0	0	0	0	0	0	0	0	0	0	0	0	0	0	0	0	0	0	0	0	0	0	0	0	0	0	0	0	0	0	0	0	0	0	0	0	0	0	0	0	0	0	0	0	0	0	0	0	210	0	0	0	0	0	0	0	0	0	0	0	0	0	0	0	0	0	0	0	0	0	0	0	0	0	0	0	0	0	0	0	0	0	0	3964	26674	5276	35508	0	0	0	0	528	5788	4720	26050	4980	0	898	19802	0	242	0	0	0	740	10202	6688	1172	0	
80460	Cerebelum_9_L	0	0	0	0	0	0	0	0	0	0	0	0	0	0	0	0	0	0	0	0	0	0	0	0	0	0	0	0	0	0	0	0	0	0	0	0	0	0	0	0	0	0	0	0	0	0	0	0	0	0	0	0	0	0	0	0	0	0	0	0	0	0	0	0	0	0	0	0	0	0	0	0	0	0	0	0	0	0	0	0	0	0	0	0	0	0	0	0	0	0	1616	820	2342	238	950	0	4358	540	1246	256	1652	0	12978	898	0	1498	2184	0	174	1272	3928	698	214	974	1034	360	
126360	Cerebelum_9_R	0	0	0	0	0	0	0	0	0	0	0	0	0	0	0	0	0	0	0	0	0	0	0	0	0	0	0	0	0	0	0	0	0	0	0	0	0	0	0	0	0	0	0	0	0	0	0	0	0	0	0	0	0	0	164	190	0	0	0	0	0	0	0	0	0	0	0	0	0	0	0	0	0	0	0	0	0	0	0	0	0	0	0	0	0	0	0	0	0	0	310	7404	234	7766	148	948	700	402	866	1766	270	5310	918	19802	1498	0	0	872	1366	1934	2164	1514	1054	1862	2752	966	
12632	Cerebelum_10_L	0	0	0	0	0	0	0	0	0	0	0	0	0	0	0	0	0	0	0	0	0	0	0	0	0	0	0	0	0	0	0	0	0	0	0	0	0	0	0	0	0	0	0	0	0	0	0	0	0	0	0	0	0	0	0	0	0	0	0	0	0	0	0	0	0	0	0	0	0	0	0	0	0	0	0	0	0	0	0	0	0	0	0	0	0	0	0	0	0	0	0	0	0	0	390	0	1120	156	314	0	0	0	1024	0	2184	0	0	0	0	324	804	0	0	0	0	0	
7004	Cerebelum_10_R	0	0	0	0	0	0	0	0	0	0	0	0	0	0	0	0	0	0	0	0	0	0	0	0	0	0	0	0	0	0	0	0	0	0	0	0	0	0	0	0	0	0	0	0	0	0	0	0	0	0	0	0	0	0	0	0	0	0	0	0	0	0	0	0	0	0	0	0	0	0	0	0	0	0	0	0	0	0	0	0	0	0	0	0	0	0	0	0	0	0	0	362	0	0	0	0	0	138	0	1026	0	0	0	242	0	872	0	0	0	0	354	340	0	0	168	0	
19304	Vermis_1_2	0	0	0	0	0	0	0	0	0	0	0	0	0	0	0	0	0	0	0	0	0	0	0	0	0	0	0	0	0	0	0	0	0	0	0	0	0	0	0	0	0	0	0	0	0	0	0	0	0	0	0	0	0	0	0	0	0	0	0	0	0	0	0	0	0	0	0	0	0	0	0	0	0	0	0	0	0	0	0	0	0	0	0	0	0	0	0	0	0	0	140	0	0	0	768	468	566	0	358	134	0	0	0	0	174	1366	0	0	0	4326	1352	0	0	0	0	0	
72332	Vermis_3	0	0	0	0	0	0	0	0	0	0	0	0	0	0	0	0	0	0	0	0	0	0	0	0	0	0	0	0	0	0	0	0	0	0	0	0	0	0	0	0	0	0	0	0	0	0	0	0	0	0	0	0	0	0	0	1128	0	0	0	0	0	0	0	0	0	0	0	0	0	0	0	0	0	0	0	0	0	0	0	0	0	0	0	0	0	0	0	0	0	0	1164	558	0	0	2652	4522	3828	3192	2122	3776	0	0	0	0	1272	1934	324	0	4326	0	5368	0	0	0	0	0	
236820	Vermis_4_5	0	0	0	0	0	0	0	0	0	0	0	0	0	0	0	0	0	0	0	0	0	0	0	0	0	0	0	0	0	0	0	0	0	0	382	788	0	344	0	0	0	0	744	0	182	0	2414	2946	0	0	654	0	292	0	4608	6778	0	0	0	0	0	0	0	0	0	0	714	1040	0	0	0	0	0	0	0	0	0	0	0	0	0	0	0	0	0	0	0	0	0	0	4178	350	280	0	1762	812	19968	14226	15488	13074	1306	0	2336	0	3928	2164	804	354	1352	5368	0	5028	0	1094	1466	1186	
232408	Vermis_6	0	0	0	0	0	0	0	0	0	0	0	0	0	0	0	0	0	0	0	0	0	0	0	0	0	0	0	0	0	0	0	0	0	0	0	0	0	0	0	0	0	0	0	0	0	0	2826	7896	0	0	332	0	352	128	4700	5410	0	0	0	0	0	0	0	0	0	0	0	0	0	0	0	0	0	0	0	0	0	0	0	0	0	0	0	0	0	0	0	0	0	0	9470	10294	3376	706	0	0	1672	1446	17490	21296	1216	0	2138	740	698	1514	0	340	0	0	5028	0	7256	4940	4318	622	
266212	Vermis_7	0	0	0	0	0	0	0	0	0	0	0	0	0	0	0	0	0	0	0	0	0	0	0	0	0	0	0	0	0	0	0	0	0	0	0	0	0	0	0	0	0	0	0	0	0	0	584	232	0	0	0	0	0	0	484	0	0	0	0	0	0	0	0	0	0	0	0	0	0	0	0	0	0	0	0	0	0	0	0	0	0	0	0	0	0	0	0	0	0	0	10358	14710	15674	18912	0	0	0	0	5260	7148	11326	6962	7830	10202	214	1054	0	0	0	0	0	7256	0	10898	4002	0	
161124	Vermis_8	0	0	0	0	0	0	0	0	0	0	0	0	0	0	0	0	0	0	0	0	0	0	0	0	0	0	0	0	0	0	0	0	0	0	0	0	0	0	0	0	0	0	0	0	0	0	0	0	0	0	0	0	0	0	368	0	0	0	0	0	0	0	0	0	0	0	0	0	0	0	0	0	0	0	0	0	0	0	0	0	0	0	0	0	0	0	0	0	0	0	3090	2394	6758	4566	0	0	666	266	3574	2400	8932	4614	10350	6688	974	1862	0	0	0	0	1094	4940	10898	0	6128	0	
70168	Vermis_9	0	0	0	0	0	0	0	0	0	0	0	0	0	0	0	0	0	0	0	0	0	0	0	0	0	0	0	0	0	0	0	0	0	0	0	0	0	0	0	0	0	0	0	0	0	0	0	0	0	0	0	0	0	0	0	0	0	0	0	0	0	0	0	0	0	0	0	0	0	0	0	0	0	0	0	0	0	0	0	0	0	0	0	0	0	0	0	0	0	0	1296	1436	1292	398	0	0	482	416	2326	1406	1786	0	2942	1172	1034	2752	0	168	0	0	1466	4318	4002	6128	0	264	
