data	data	433984	217000	791584	919496	203612	205668	370360	186400	118288	27104	167784	356636	187928	171828	155900	154000	163124	301508	552892	852928	67940	79668	314016	385244	20092	108724	38228	45832	515660	508052	264148	358720	206352	627036	100360	105976	299232	322296	88468	201752	27020	55488	182488	279408	198340	245852	338064	297136	180952	289908	402608	218596	151264	98612	364828	417360	242324	178024	77604	56384	150692	75548	88748	97036	98672	90976	165244	304856	181576	67840	244692	536060	395340	499644	70256	49792	113588	190436	58764	19148	132996	107352	81820	146540	229528	181992	27508	49588	210408	199788	605884	473856	454776	345240	43312	68380	342312	212924	509788	450936	319864	178800	422492	325508	149152	163552	28240	29528	24396	82388	281212	273056	358232	165348	141608	45156	
data	data	Precentral_L	Precentral_R	Frontal_Sup_L	Frontal_Sup_R	Frontal_Sup_Orb_L	Frontal_Sup_Orb_R	Frontal_Mid_L	Frontal_Mid_R	Frontal_Mid_Orb_L	Frontal_Mid_Orb_R	Frontal_Inf_Oper_L	Frontal_Inf_Oper_R	Frontal_Inf_Tri_L	Frontal_Inf_Tri_R	Frontal_Inf_Orb_L	Frontal_Inf_Orb_R	Rolandic_Oper_L	Rolandic_Oper_R	Supp_Motor_Area_L	Supp_Motor_Area_R	Olfactory_L	Olfactory_R	Frontal_Sup_Medial_L	Frontal_Sup_Medial_R	Frontal_Med_Orb_L	Frontal_Med_Orb_R	Rectus_L	Rectus_R	Insula_L	Insula_R	Cingulum_Ant_L	Cingulum_Ant_R	Cingulum_Mid_L	Cingulum_Mid_R	Cingulum_Post_L	Cingulum_Post_R	Hippocampus_L	Hippocampus_R	ParaHippocampal_L	ParaHippocampal_R	Amygdala_L	Amygdala_R	Calcarine_L	Calcarine_R	Cuneus_L	Cuneus_R	Lingual_L	Lingual_R	Occipital_Sup_L	Occipital_Sup_R	Occipital_Mid_L	Occipital_Mid_R	Occipital_Inf_L	Occipital_Inf_R	Fusiform_L	Fusiform_R	Postcentral_L	Postcentral_R	Parietal_Sup_L	Parietal_Sup_R	Parietal_Inf_L	Parietal_Inf_R	SupraMarginal_L	SupraMarginal_R	Angular_L	Angular_R	Precuneus_L	Precuneus_R	Paracentral_Lobule_L	Paracentral_Lobule_R	Caudate_L	Caudate_R	Putamen_L	Putamen_R	Pallidum_L	Pallidum_R	Thalamus_L	Thalamus_R	Heschl_L	Heschl_R	Temporal_Sup_L	Temporal_Sup_R	Temporal_Pole_Sup_L	Temporal_Pole_Sup_R	Temporal_Mid_L	Temporal_Mid_R	Temporal_Pole_Mid_L	Temporal_Pole_Mid_R	Temporal_Inf_L	Temporal_Inf_R	Cerebelum_Crus1_L	Cerebelum_Crus1_R	Cerebelum_Crus2_L	Cerebelum_Crus2_R	Cerebelum_3_L	Cerebelum_3_R	Cerebelum_4_5_L	Cerebelum_4_5_R	Cerebelum_6_L	Cerebelum_6_R	Cerebelum_7b_L	Cerebelum_7b_R	Cerebelum_8_L	Cerebelum_8_R	Cerebelum_9_L	Cerebelum_9_R	Cerebelum_10_L	Cerebelum_10_R	Vermis_1_2	Vermis_3	Vermis_4_5	Vermis_6	Vermis_7	Vermis_8	Vermis_9	Vermis_10	
433984	Precentral_L	0	3538	16832	7194	96	86	15624	0	0	0	11612	1548	1772	226	0	0	9224	258	6450	10768	0	0	104	0	0	0	0	0	8888	2722	100	88	2530	1746	1894	142	5946	828	600	462	0	0	914	0	1932	0	236	132	788	0	9520	0	336	0	2128	102	27718	208	874	0	3924	0	902	0	1862	0	1444	252	7598	1308	3816	6480	9036	4258	3622	0	2212	6304	2318	0	784	0	556	0	2244	0	0	0	1906	0	0	0	0	0	0	0	0	0	0	0	0	0	0	0	0	0	0	0	0	0	0	0	0	0	0	0	
217000	Precentral_R	3538	0	1226	10460	0	0	0	6044	0	0	0	10018	0	854	0	0	0	4900	558	13646	0	0	0	472	0	0	0	0	0	1984	0	0	478	1864	410	2000	0	5108	0	2568	0	0	0	116	0	120	0	136	0	142	0	828	0	506	0	3132	0	15624	0	202	0	714	0	4466	0	0	0	4086	232	2668	230	258	0	1394	0	0	0	458	0	178	0	1150	0	0	0	1588	0	0	0	4144	0	0	0	0	0	0	0	0	0	0	0	0	0	0	0	0	0	0	0	0	0	0	0	0	0	0	
791584	Frontal_Sup_L	16832	1226	0	6586	14748	536	60894	1714	2440	0	6960	1518	9736	230	4540	250	4078	674	52270	14514	0	0	40426	4816	330	126	0	0	30510	1872	15592	5986	8960	9080	404	160	5146	1290	540	342	0	0	0	0	0	0	0	0	0	0	620	0	0	0	288	0	2048	244	0	0	360	0	144	122	128	0	0	0	1700	0	8916	7034	28862	3776	6814	178	1492	2250	0	0	2284	0	2586	248	110	0	0	0	262	0	0	0	0	0	0	0	0	0	0	0	0	0	0	0	0	0	0	0	0	0	0	0	0	0	0	0	
919496	Frontal_Sup_R	7194	10460	6586	0	446	15484	814	20230	0	320	0	20282	234	8186	112	8356	0	16758	8494	79656	0	82	5894	41038	0	5354	0	154	1292	23160	3784	25880	1698	37564	482	1432	1622	11046	318	3792	0	0	0	0	0	0	0	270	0	0	0	0	0	0	174	450	96	3986	0	0	0	0	0	1176	0	0	0	420	1654	0	2620	27126	1624	21994	0	4344	634	19696	150	196	124	180	0	3846	0	196	0	0	248	340	0	0	0	0	0	0	0	0	0	0	0	0	0	0	0	0	0	0	0	0	0	0	0	0	0	0	
203612	Frontal_Sup_Orb_L	96	0	14748	446	0	0	1566	0	15288	0	790	292	1982	0	11392	140	0	96	1874	910	1558	252	6498	220	3284	80	4540	0	13540	330	6454	178	132	876	0	0	0	0	108	0	0	0	0	0	0	0	0	0	0	0	0	0	0	0	0	0	0	0	0	0	0	0	0	0	0	0	0	0	0	0	2642	720	10104	152	0	0	0	0	0	0	0	0	518	0	0	0	0	0	0	0	0	0	0	0	0	0	0	0	0	0	0	0	0	0	0	0	0	0	0	0	0	0	0	0	0	0	
205668	Frontal_Sup_Orb_R	86	0	536	15484	0	0	0	1728	0	3326	0	378	0	386	0	2232	0	196	724	2640	0	1968	634	10074	256	12956	118	7350	104	1278	524	10440	144	2770	0	0	0	0	0	0	0	0	0	0	0	0	0	0	0	0	0	0	0	0	0	0	0	0	0	0	0	0	0	0	0	0	0	0	0	0	514	15334	102	9066	0	476	0	834	0	0	0	0	0	176	0	0	0	0	0	0	0	0	0	0	0	0	0	0	0	0	0	0	0	0	0	0	0	0	0	0	0	0	0	0	0	0	
370360	Frontal_Mid_L	15624	0	60894	814	1566	0	0	0	6764	0	9508	782	22548	132	4290	0	882	100	8794	1040	0	0	16914	932	0	0	0	0	11086	1084	5002	762	3740	1958	82	100	1222	0	168	0	0	0	0	0	0	0	0	0	0	0	0	0	0	0	114	0	408	0	0	0	0	0	0	0	0	0	0	0	0	0	1226	1330	2078	1436	440	0	848	0	0	0	120	0	278	0	0	0	0	0	114	0	0	0	0	0	0	0	0	0	0	0	0	0	0	0	0	0	0	0	0	0	0	0	0	0	0	0	
186400	Frontal_Mid_R	0	6044	1714	20230	0	1728	0	0	0	866	0	9188	0	11776	0	3050	0	7724	1224	5398	0	0	82	3256	0	0	0	0	0	10326	84	360	0	2082	0	0	0	1076	0	0	0	0	0	0	0	0	0	0	0	0	0	0	0	0	0	0	0	932	0	0	0	0	0	666	0	0	0	0	0	0	530	0	106	1292	0	546	0	0	0	0	0	0	0	2920	0	0	0	0	0	0	0	0	0	0	0	0	0	0	0	0	0	0	0	0	0	0	0	0	0	0	0	0	0	0	0	0	
118288	Frontal_Mid_Orb_L	0	0	2440	0	15288	0	6764	0	0	0	110	0	5382	0	13738	0	0	0	238	0	596	174	212	0	258	0	2522	0	5060	0	844	0	0	0	0	0	0	0	0	0	0	0	0	0	0	0	0	0	0	0	0	0	0	0	0	0	0	0	0	0	0	0	0	0	0	0	0	0	0	0	610	174	4458	0	0	0	0	0	0	0	0	0	276	0	0	0	0	0	0	0	0	0	0	0	0	0	0	0	0	0	0	0	0	0	0	0	0	0	0	0	0	0	0	0	0	0	
27104	Frontal_Mid_Orb_R	0	0	0	320	0	3326	0	866	0	0	0	0	0	146	0	4146	0	0	0	80	0	176	0	0	0	0	0	834	0	508	0	0	0	0	0	0	0	0	0	0	0	0	0	0	0	0	0	0	0	0	0	0	0	0	0	0	0	0	0	0	0	0	0	0	0	0	0	0	0	0	0	1082	0	1836	0	232	0	0	0	0	0	0	0	0	0	0	0	0	0	0	0	0	0	0	0	0	0	0	0	0	0	0	0	0	0	0	0	0	0	0	0	0	0	0	0	0	
167784	Frontal_Inf_Oper_L	11612	0	6960	0	790	0	9508	0	110	0	0	180	9456	0	2936	0	8180	132	3158	152	0	0	1082	0	0	0	0	0	13858	260	2648	86	560	142	0	0	254	0	0	0	0	0	0	0	0	0	0	0	0	0	0	0	0	0	0	0	4728	0	0	0	0	0	0	0	0	0	0	0	0	0	562	114	1166	120	0	0	0	0	198	0	1234	0	3610	96	0	0	0	0	0	0	0	0	0	0	0	0	0	0	0	0	0	0	0	0	0	0	0	0	0	0	0	0	0	0	0	0	
356636	Frontal_Inf_Oper_R	1548	10018	1518	20282	292	378	782	9188	0	0	180	0	82	7186	0	1058	136	24102	826	13540	0	0	0	2226	0	132	0	0	1168	30018	260	1024	0	3480	0	126	1076	3362	0	818	0	0	0	0	0	0	0	0	0	0	0	0	0	0	204	696	664	8256	0	0	0	0	0	2684	0	0	0	302	0	0	3136	4280	1700	9072	0	362	0	1082	124	0	128	332	82	8602	0	462	0	0	346	998	0	0	0	0	0	0	0	0	0	0	0	0	0	0	0	0	0	0	0	0	0	0	0	0	0	0	
187928	Frontal_Inf_Tri_L	1772	0	9736	234	1982	0	22548	0	5382	0	9456	82	0	0	10852	0	832	0	3414	440	0	0	1578	0	0	0	0	0	16456	92	2540	284	2328	480	0	0	288	0	0	0	0	0	0	0	0	0	0	0	0	0	0	0	0	0	0	0	662	0	0	0	0	0	0	0	0	0	0	0	0	0	326	0	1552	0	0	0	0	0	0	0	120	0	528	0	0	0	0	0	0	0	0	0	0	0	0	0	0	0	0	0	0	0	0	0	0	0	0	0	0	0	0	0	0	0	0	0	
171828	Frontal_Inf_Tri_R	226	854	230	8186	0	386	132	11776	0	146	0	7186	0	0	0	15104	130	770	764	6730	0	0	324	4530	0	80	0	0	376	11798	128	726	0	4842	0	0	1016	430	0	0	0	0	0	0	0	0	0	0	0	0	0	0	0	0	206	0	92	242	0	0	0	0	0	0	0	0	0	0	0	0	1078	2380	1242	2822	0	0	0	0	142	0	110	0	0	378	0	0	0	0	352	0	0	0	0	0	0	0	0	0	0	0	0	0	0	0	0	0	0	0	0	0	0	0	0	0	0	0	
155900	Frontal_Inf_Orb_L	0	0	4540	112	11392	0	4290	0	13738	0	2936	0	10852	0	0	0	194	0	1618	428	1878	0	190	0	0	0	528	0	16258	0	132	0	844	464	0	0	306	0	146	0	90	0	0	0	0	0	0	0	0	0	0	0	0	0	0	0	0	0	0	0	0	0	0	0	0	0	0	0	0	0	672	104	4874	0	0	0	0	0	0	0	108	0	1256	0	0	0	0	0	0	0	0	0	0	0	0	0	0	0	0	0	0	0	0	0	0	0	0	0	0	0	0	0	0	0	0	0	
154000	Frontal_Inf_Orb_R	0	0	250	8356	140	2232	0	3050	0	4146	0	1058	0	15104	0	0	0	476	1378	7792	0	1290	370	3932	0	94	0	432	254	10658	0	314	0	7600	0	0	114	172	0	0	0	0	0	0	0	0	0	0	0	0	0	0	0	0	0	0	0	0	0	0	0	0	0	0	0	0	0	0	0	0	484	3230	142	3384	0	154	0	0	0	0	0	0	0	394	0	0	0	0	0	0	0	0	0	0	0	0	0	0	0	0	0	0	0	0	0	0	0	0	0	0	0	0	0	0	0	0	
163124	Rolandic_Oper_L	9224	0	4078	0	0	0	882	0	0	0	8180	136	832	130	194	0	0	0	1586	106	0	0	124	0	0	0	0	0	17584	566	342	0	0	172	112	0	1938	0	0	0	0	0	0	0	0	0	0	0	0	0	800	0	0	0	332	0	13382	0	0	0	1600	0	2096	0	330	0	0	0	0	0	192	864	1598	888	0	0	0	0	4394	0	4734	0	2372	0	364	0	0	0	1430	0	0	0	0	0	0	0	0	0	0	0	0	0	0	0	0	0	0	0	0	0	0	0	0	0	0	0	
301508	Rolandic_Oper_R	258	4900	674	16758	96	196	100	7724	0	0	132	24102	0	770	0	476	0	0	358	8136	0	0	0	1726	0	0	0	0	504	32394	202	634	0	654	0	142	128	3840	0	836	0	0	0	0	0	0	0	0	0	0	0	0	0	0	0	734	0	10402	0	0	0	214	0	3016	0	506	0	240	0	0	2014	816	526	9108	0	506	0	694	0	2554	0	2492	0	8862	0	1298	0	0	0	1032	0	0	0	0	0	0	0	0	0	0	0	0	0	0	0	0	0	0	0	0	0	0	0	0	0	0	
552892	Supp_Motor_Area_L	6450	558	52270	8494	1874	724	8794	1224	238	0	3158	826	3414	764	1618	1378	1586	358	0	37442	0	0	9798	4482	0	184	0	0	11696	1176	6410	6770	16042	25878	348	182	2148	1276	80	500	0	0	0	0	98	0	0	0	134	0	154	0	0	0	168	0	1750	440	0	0	170	0	134	454	0	0	0	0	16938	0	5030	5358	7532	2934	6070	388	6966	1180	0	0	600	0	1354	182	88	0	0	0	184	0	0	0	0	0	0	0	0	0	0	0	0	0	0	0	0	0	0	0	0	0	0	0	0	0	0	0	
852928	Supp_Motor_Area_R	10768	13646	14514	79656	910	2640	1040	5398	0	80	152	13540	440	6730	428	7792	106	8136	37442	0	0	0	1022	15468	0	626	0	0	2282	15706	3222	9516	8886	63226	524	1704	1742	5268	82	954	0	0	0	546	0	384	0	588	0	330	80	354	0	154	208	566	106	4048	0	98	0	368	0	1128	0	0	0	7624	5266	9158	3422	19574	2352	19048	166	3556	82	9766	172	208	170	578	0	1046	0	486	0	0	366	820	0	0	0	0	0	0	0	0	0	0	0	0	0	0	0	0	0	0	0	0	0	0	0	0	0	0	
67940	Olfactory_L	0	0	0	0	1558	0	0	0	596	0	0	0	0	0	1878	0	0	0	0	0	0	5574	0	0	96	80	2162	444	2772	0	1608	860	0	0	0	0	170	0	486	0	220	0	0	0	0	0	0	0	0	0	0	0	0	0	0	0	0	0	0	0	0	0	0	0	0	0	0	0	0	0	6904	5384	1936	936	0	0	0	0	0	0	0	0	306	0	0	0	0	0	0	0	0	0	0	0	0	0	0	0	0	0	0	0	0	0	0	0	0	0	0	0	0	0	0	0	0	0	
79668	Olfactory_R	0	0	0	82	252	1968	0	0	174	176	0	0	0	0	0	1290	0	0	0	0	5574	0	0	80	0	1334	1614	2662	0	2868	1422	1510	0	0	0	0	0	194	0	98	0	760	0	0	0	0	0	0	0	0	0	0	0	0	0	0	0	0	0	0	0	0	0	0	0	0	0	0	0	0	5860	7888	1538	2380	0	110	0	0	0	0	0	0	0	0	0	0	0	0	0	0	0	0	0	0	0	0	0	0	0	0	0	0	0	0	0	0	0	0	0	0	0	0	0	0	0	0	
314016	Frontal_Sup_Medial_L	104	0	40426	5894	6498	634	16914	82	212	0	1082	0	1578	324	190	370	124	0	9798	1022	0	0	0	17220	1268	776	0	0	2472	222	20100	11332	6556	10096	0	0	296	0	0	0	0	0	0	0	0	0	0	0	0	0	0	0	0	0	0	0	0	0	0	0	0	0	0	0	0	0	0	0	0	0	242	204	812	160	0	0	0	0	0	0	0	0	0	0	0	0	0	0	0	0	0	0	0	0	0	0	0	0	0	0	0	0	0	0	0	0	0	0	0	0	0	0	0	0	0	0	
385244	Frontal_Sup_Medial_R	0	472	4816	41038	220	10074	932	3256	0	0	0	2226	0	4530	0	3932	0	1726	4482	15468	0	80	17220	0	152	7650	0	114	0	3954	4490	25550	424	27412	0	0	0	162	0	0	0	0	0	0	0	0	0	0	0	0	0	0	0	0	0	0	0	0	0	0	0	0	0	0	0	0	0	0	0	0	236	5824	0	4692	0	360	0	172	0	0	0	0	0	958	0	0	0	0	0	0	0	0	0	0	0	0	0	0	0	0	0	0	0	0	0	0	0	0	0	0	0	0	0	0	0	0	
20092	Frontal_Med_Orb_L	0	0	330	0	3284	256	0	0	258	0	0	0	0	0	0	0	0	0	0	0	96	0	1268	152	0	794	1398	0	0	0	1978	0	0	0	0	0	0	0	0	0	0	0	0	0	0	0	0	0	0	0	0	0	0	0	0	0	0	0	0	0	0	0	0	0	0	0	0	0	0	0	140	0	92	0	0	0	0	0	0	0	0	0	0	0	0	0	0	0	0	0	0	0	0	0	0	0	0	0	0	0	0	0	0	0	0	0	0	0	0	0	0	0	0	0	0	0	
108724	Frontal_Med_Orb_R	0	0	126	5354	80	12956	0	0	0	0	0	132	0	80	0	94	0	0	184	626	80	1334	776	7650	794	0	152	3952	0	0	898	6404	0	1022	0	0	0	0	0	0	0	0	0	0	0	0	0	0	0	0	0	0	0	0	0	0	0	0	0	0	0	0	0	0	0	0	0	0	0	0	126	7576	0	3860	0	106	0	0	0	0	0	0	0	0	0	0	0	0	0	0	0	0	0	0	0	0	0	0	0	0	0	0	0	0	0	0	0	0	0	0	0	0	0	0	0	0	
38228	Rectus_L	0	0	0	0	4540	118	0	0	2522	0	0	0	0	0	528	0	0	0	0	0	2162	1614	0	0	1398	152	0	454	126	0	840	198	0	0	0	0	0	0	0	0	0	0	0	0	0	0	0	0	0	0	0	0	0	0	0	0	0	0	0	0	0	0	0	0	0	0	0	0	0	0	2160	1388	914	0	0	0	0	0	0	0	0	0	0	0	0	0	0	0	0	0	0	0	0	0	0	0	0	0	0	0	0	0	0	0	0	0	0	0	0	0	0	0	0	0	0	0	
45832	Rectus_R	0	0	0	154	0	7350	0	0	0	834	0	0	0	0	0	432	0	0	0	0	444	2662	0	114	0	3952	454	0	0	732	204	1050	0	0	0	0	0	0	0	0	0	90	0	0	0	0	0	0	0	0	0	0	0	0	0	0	0	0	0	0	0	0	0	0	0	0	0	0	0	0	430	3084	190	740	0	0	0	0	0	0	0	0	0	0	0	0	0	0	0	0	0	0	0	0	0	0	0	0	0	0	0	0	0	0	0	0	0	0	0	0	0	0	0	0	0	0	
515660	Insula_L	8888	0	30510	1292	13540	104	11086	0	5060	0	13858	1168	16456	376	16258	254	17584	504	11696	2282	2772	0	2472	0	0	0	126	0	0	2280	4198	432	1416	2382	472	0	13356	94	562	0	582	0	0	0	0	0	0	0	0	0	642	0	0	0	2182	0	8790	0	0	0	1696	0	1694	0	296	0	200	0	0	0	5440	3168	25626	2768	0	0	210	0	6416	0	5352	0	8208	270	492	0	0	0	2320	0	0	0	0	0	0	0	0	0	0	0	0	0	0	0	0	0	0	0	0	0	0	0	0	0	0	0	
508052	Insula_R	2722	1984	1872	23160	330	1278	1084	10326	0	508	260	30018	92	11798	0	10658	566	32394	1176	15706	0	2868	222	3954	0	0	0	732	2280	0	324	968	96	4870	0	122	2334	6622	186	2228	0	580	0	0	0	0	0	0	0	0	0	0	0	0	204	4468	1502	1750	0	0	88	0	0	762	0	130	0	280	0	0	3208	10962	4132	27560	158	222	0	812	402	1684	178	3674	94	8872	0	2342	0	138	340	5746	0	0	0	0	0	0	0	0	0	0	0	0	0	0	0	0	0	0	0	0	0	0	0	0	0	0	
264148	Cingulum_Ant_L	100	0	15592	3784	6454	524	5002	84	844	0	2648	260	2540	128	132	0	342	202	6410	3222	1608	1422	20100	4490	1978	898	840	204	4198	324	0	16264	6764	5910	0	0	2276	0	0	0	0	0	0	0	0	0	0	0	0	0	0	0	0	0	0	0	0	0	0	0	0	0	0	0	0	0	0	0	0	0	5878	2596	7138	622	0	0	0	0	0	0	80	0	118	98	0	0	0	0	0	0	0	0	0	0	0	0	0	0	0	0	0	0	0	0	0	0	0	0	0	0	0	0	0	0	0	0	
358720	Cingulum_Ant_R	88	0	5986	25880	178	10440	762	360	0	0	86	1024	284	726	0	314	0	634	6770	9516	860	1510	11332	25550	0	6404	198	1050	432	968	16264	0	3408	25814	0	0	224	0	0	0	0	0	0	0	0	0	0	0	0	0	0	0	0	0	0	0	0	0	0	0	0	0	0	0	0	0	0	0	0	0	3464	10692	2888	4588	0	272	0	0	0	0	0	0	0	394	0	0	0	0	0	0	0	0	0	0	0	0	0	0	0	0	0	0	0	0	0	0	0	0	0	0	0	0	0	0	0	0	
206352	Cingulum_Mid_L	2530	478	8960	1698	132	144	3740	0	0	0	560	0	2328	0	844	0	0	0	16042	8886	0	0	6556	424	0	0	0	0	1416	96	6764	3408	0	13372	6128	1006	612	80	0	0	0	0	174	90	900	0	0	88	950	0	472	0	0	0	242	0	0	100	266	0	0	0	0	0	0	0	2576	1042	5770	1144	170	274	462	102	198	0	1278	566	0	0	0	0	0	0	108	0	0	0	0	0	0	0	0	0	0	0	0	0	0	0	0	0	0	0	0	0	0	0	0	0	0	0	0	0	0	0	
627036	Cingulum_Mid_R	1746	1864	9080	37564	876	2770	1958	2082	0	0	142	3480	480	4842	464	7600	172	654	25878	63226	0	0	10096	27412	0	1022	0	0	2382	4870	5910	25814	13372	0	288	2790	2580	490	108	138	0	0	0	1536	0	1812	0	830	0	1084	0	708	0	304	424	454	132	252	0	0	0	98	0	200	0	0	146	11584	1862	5160	3954	6838	3176	6736	122	106	154	728	222	0	240	586	0	238	102	496	0	0	712	372	0	0	0	0	0	0	0	0	0	0	0	0	0	0	0	0	0	0	0	0	0	0	0	0	0	0	
100360	Cingulum_Post_L	1894	410	404	482	0	0	82	0	0	0	0	0	0	0	0	0	112	0	348	524	0	0	0	0	0	0	0	0	472	0	0	0	6128	288	0	5258	5088	740	3060	462	0	0	854	0	980	0	934	116	0	0	322	0	102	0	1760	0	322	80	0	0	0	0	0	0	0	0	6294	704	4458	114	166	618	310	126	282	0	3486	1922	320	0	0	0	0	0	0	0	0	0	158	0	0	0	0	0	0	0	0	0	0	0	0	0	0	0	0	0	0	0	0	0	0	0	0	0	0	0	
105976	Cingulum_Post_R	142	2000	160	1432	0	0	100	0	0	0	0	126	0	0	0	0	0	142	182	1704	0	0	0	0	0	0	0	0	0	122	0	0	1006	2790	5258	0	3074	6144	1642	3106	0	0	0	720	0	502	214	1756	0	432	0	136	0	112	610	1788	0	0	0	0	0	0	0	0	0	0	694	6936	150	352	0	574	0	230	0	0	2834	4904	0	0	0	80	0	0	0	162	0	0	190	350	0	0	0	0	0	0	0	0	0	0	0	0	0	0	0	0	0	0	0	0	132	0	0	0	0	0	
299232	Hippocampus_L	5946	0	5146	1622	0	0	1222	0	0	0	254	1076	288	1016	306	114	1938	128	2148	1742	170	0	296	0	0	0	0	0	13356	2334	2276	224	612	2580	5088	3074	0	796	11624	484	5552	0	680	0	274	0	2082	0	142	0	858	0	0	0	12508	0	2126	0	0	0	388	0	118	0	156	0	3822	246	2370	0	2026	6648	14160	6096	440	0	7024	1558	3214	0	1926	0	1016	0	666	0	102	0	7558	0	0	0	0	0	0	0	0	0	0	0	0	0	0	0	0	0	0	0	0	0	0	0	0	0	0	0	
322296	Hippocampus_R	828	5108	1290	11046	0	0	0	1076	0	0	0	3362	0	430	0	172	0	3840	1276	5268	0	194	0	162	0	0	0	0	94	6622	0	0	80	490	740	6144	796	0	288	29466	0	8780	0	1524	0	116	90	4850	0	0	0	0	0	118	144	20854	0	1834	0	0	0	0	0	198	0	0	246	5846	1020	0	328	2182	248	15412	0	2898	158	5910	0	134	0	344	0	1710	0	238	0	1034	0	5422	0	124	0	0	0	0	0	180	0	218	0	0	0	0	0	0	0	0	0	0	216	0	0	0	0	0	
88468	ParaHippocampal_L	600	0	540	318	108	0	168	0	0	0	0	0	0	0	146	0	0	0	80	82	486	0	0	0	0	0	0	0	562	186	0	0	0	108	3060	1642	11624	288	0	152	1146	0	886	0	0	0	3842	0	0	0	328	0	276	0	7128	0	98	0	0	0	0	0	0	0	0	0	3318	86	164	0	80	700	1226	400	0	0	2130	682	0	0	0	0	360	0	0	0	148	0	470	0	0	0	0	0	0	0	340	0	138	0	0	0	0	0	0	0	0	0	0	138	0	0	0	0	0	0	
201752	ParaHippocampal_R	462	2568	342	3792	0	0	0	0	0	0	0	818	0	0	0	0	0	836	500	954	0	98	0	0	0	0	0	0	0	2228	0	0	0	138	462	3106	484	29466	152	0	0	5508	0	920	0	96	0	7212	0	0	0	114	0	168	88	19220	0	620	0	0	0	0	0	0	0	0	210	4330	492	0	0	876	0	2396	0	536	116	3146	0	0	0	330	0	1666	0	282	0	1186	0	1984	0	414	0	0	0	0	0	1556	0	856	0	0	0	0	0	0	0	0	0	0	148	0	0	0	0	0	
27020	Amygdala_L	0	0	0	0	0	0	0	0	0	0	0	0	0	0	90	0	0	0	0	0	220	0	0	0	0	0	0	0	582	0	0	0	0	0	0	0	5552	0	1146	0	0	0	0	0	0	0	0	0	0	0	0	0	0	0	3324	0	0	0	0	0	0	0	0	0	0	0	0	0	0	0	0	0	174	0	0	0	0	0	0	0	0	0	736	0	0	0	150	0	1536	0	0	0	0	0	0	0	0	0	0	0	0	0	0	0	0	0	0	0	0	0	0	0	0	0	0	0	
55488	Amygdala_R	0	0	0	0	0	0	0	0	0	0	0	0	0	0	0	0	0	0	0	0	0	760	0	0	0	0	0	90	0	580	0	0	0	0	0	0	0	8780	0	5508	0	0	0	0	0	0	0	0	0	0	0	0	0	0	0	5592	0	0	0	0	0	0	0	0	0	0	0	0	0	0	0	0	0	1060	0	0	0	0	0	0	0	0	0	2268	0	0	0	1440	0	1666	0	0	0	0	0	0	0	0	0	0	0	0	0	0	0	0	0	0	0	0	0	0	0	0	0	0	
182488	Calcarine_L	914	0	0	0	0	0	0	0	0	0	0	0	0	0	0	0	0	0	0	0	0	0	0	0	0	0	0	0	0	0	0	0	174	0	854	0	680	0	886	0	0	0	0	6532	18716	4012	9644	1030	9326	2762	13862	580	3892	0	4138	192	136	0	146	0	206	0	0	0	578	0	7980	0	2058	0	0	0	0	0	0	0	0	0	0	0	0	0	0	0	1062	0	0	0	884	0	0	0	0	0	0	0	0	0	0	0	0	0	0	0	0	0	0	0	0	0	0	0	0	0	0	0	
279408	Calcarine_R	0	116	0	0	0	0	0	0	0	0	0	0	0	0	0	0	0	0	0	546	0	0	0	0	0	0	0	0	0	0	0	0	90	1536	0	720	0	1524	0	920	0	0	6532	0	5646	25832	1036	19740	0	27122	0	10748	0	2850	0	11852	0	98	0	0	0	104	0	0	0	108	1180	17830	0	398	0	0	0	0	0	0	0	0	0	0	0	186	0	0	0	1170	0	0	0	1636	0	0	0	0	0	0	0	0	0	0	0	0	0	0	0	0	0	0	0	0	184	0	0	0	0	0	
198340	Cuneus_L	1932	0	0	0	0	0	0	0	0	0	0	0	0	0	0	0	0	0	98	0	0	0	0	0	0	0	0	0	0	0	0	0	900	0	980	0	274	0	0	0	0	0	18716	5646	0	7270	5718	282	21980	2964	14372	0	1300	0	2060	424	0	0	992	0	202	0	0	0	262	0	8078	236	2532	0	0	0	108	0	0	0	120	0	0	0	0	0	0	0	484	0	0	0	272	0	0	0	0	0	0	0	216	0	330	82	0	0	0	0	0	0	0	0	0	0	206	134	0	0	0	0	
245852	Cuneus_R	0	120	0	0	0	0	0	0	0	0	0	0	0	0	0	0	0	0	0	384	0	0	0	0	0	0	0	0	0	0	0	0	0	1812	0	502	0	116	0	96	0	0	4012	25832	7270	0	252	4846	0	35814	0	8500	0	1794	0	4538	0	88	0	386	0	82	0	0	0	226	3768	19416	0	380	0	0	0	0	0	0	0	0	0	0	0	200	0	0	0	1262	0	0	0	1230	0	0	0	0	0	0	0	0	0	0	0	0	0	0	0	0	0	0	0	0	0	0	0	0	0	0	
338064	Lingual_L	236	0	0	0	0	0	0	0	0	0	0	0	0	0	0	0	0	0	0	0	0	0	0	0	0	0	0	0	0	0	0	0	0	0	934	214	2082	90	3842	0	0	0	9644	1036	5718	252	0	5950	4778	392	14140	204	5298	1120	16572	2554	0	0	236	0	0	0	0	0	108	0	3438	0	640	0	0	0	0	0	0	0	180	110	0	0	0	0	0	0	176	0	0	0	166	0	11308	4262	1400	482	212	166	18600	3758	20824	7996	0	0	146	162	158	110	0	0	88	394	9694	7228	1786	0	148	0	
297136	Lingual_R	132	136	0	270	0	0	0	0	0	0	0	0	0	0	0	0	0	0	0	588	0	0	0	0	0	0	0	0	0	0	0	0	88	830	116	1756	0	4850	0	7212	0	0	1030	19740	282	4846	5950	0	166	9446	366	7604	170	4760	644	17636	0	0	0	0	0	0	0	0	0	0	0	8414	0	298	0	140	0	0	0	0	0	470	0	0	0	0	0	0	0	568	0	0	0	544	2316	5446	584	244	182	294	3100	4182	5470	11922	0	0	0	0	408	0	0	0	0	94	6486	7726	1062	0	0	0	
180952	Occipital_Sup_L	788	0	0	0	0	0	0	0	0	0	0	0	0	0	0	0	0	0	134	0	0	0	0	0	0	0	0	0	0	0	0	0	950	0	0	0	142	0	0	0	0	0	9326	0	21980	0	4778	166	0	0	27108	0	1928	0	2720	0	274	0	7118	0	2654	0	0	0	244	0	7468	0	682	0	0	0	0	0	0	0	0	0	0	0	0	0	0	0	680	0	0	0	328	0	0	0	0	0	0	0	226	0	346	84	0	0	0	0	0	0	0	0	0	0	214	138	0	0	0	0	
289908	Occipital_Sup_R	0	142	0	0	0	0	0	0	0	0	0	0	0	0	0	0	0	0	0	330	0	0	0	0	0	0	0	0	0	0	0	0	0	1084	0	432	0	0	0	0	0	0	2762	27122	2964	35814	392	9446	0	0	0	24156	0	2302	0	5106	0	1384	0	5204	0	1262	0	0	0	2562	2530	16792	0	508	0	0	0	0	0	0	0	0	0	0	0	160	0	0	0	1670	0	0	0	830	0	0	0	0	0	0	0	0	0	0	0	0	0	0	0	0	0	0	0	0	0	0	0	0	0	0	
402608	Occipital_Mid_L	9520	0	620	0	0	0	0	0	0	0	0	0	0	0	0	0	800	0	154	80	0	0	0	0	0	0	0	0	642	0	0	0	472	0	322	0	858	0	328	0	0	0	13862	0	14372	0	14140	366	27108	0	0	0	23758	0	16594	0	2998	0	4916	0	10242	0	228	0	15728	0	3794	0	4340	0	0	0	894	0	444	0	606	0	604	0	658	0	0	0	21482	0	0	0	7576	0	160	0	0	0	0	0	660	0	904	196	0	0	0	0	0	0	0	0	0	0	550	328	0	0	0	0	
218596	Occipital_Mid_R	0	828	0	0	0	0	0	0	0	0	0	0	0	0	0	0	0	0	0	354	0	0	0	0	0	0	0	0	0	0	0	0	0	708	0	136	0	0	0	114	0	0	580	10748	0	8500	204	7604	0	24156	0	0	0	5586	0	3814	0	172	0	3156	0	7510	0	88	0	14486	158	4406	0	322	0	0	0	0	0	0	0	0	0	0	0	1044	0	0	0	11998	0	0	0	2626	0	0	0	0	0	0	0	0	0	0	0	0	0	0	0	0	0	0	0	0	0	0	0	0	0	0	
151264	Occipital_Inf_L	336	0	0	0	0	0	0	0	0	0	0	0	0	0	0	0	0	0	0	0	0	0	0	0	0	0	0	0	0	0	0	0	0	0	102	0	0	0	276	0	0	0	3892	0	1300	0	5298	170	1928	0	23758	0	0	0	16992	0	0	0	250	0	96	0	0	0	1686	0	1092	0	162	0	0	0	0	0	0	0	0	0	0	0	0	0	0	0	5714	0	0	0	8362	0	600	0	106	0	0	0	998	0	1402	90	0	0	0	0	0	0	0	0	0	0	632	282	108	0	0	0	
98612	Occipital_Inf_R	0	506	0	0	0	0	0	0	0	0	0	0	0	0	0	0	0	0	0	154	0	0	0	0	0	0	0	0	0	0	0	0	0	304	0	112	0	118	0	168	0	0	0	2850	0	1794	1120	4760	0	2302	0	5586	0	0	162	11128	0	0	0	0	0	0	0	0	0	0	0	2506	0	0	0	0	0	0	0	0	0	0	0	0	0	160	0	0	0	2534	0	0	0	4848	298	1438	0	0	0	0	204	148	1086	2732	0	0	0	0	0	0	0	0	0	0	674	1472	142	0	0	0	
364828	Fusiform_L	2128	0	288	174	0	0	114	0	0	0	0	204	0	206	0	0	332	0	168	208	0	0	0	0	0	0	0	0	2182	204	0	0	242	424	1760	610	12508	144	7128	88	3324	0	4138	0	2060	0	16572	644	2720	0	16594	0	16992	162	0	238	268	0	410	0	170	0	0	0	324	0	2950	0	214	0	238	1026	1466	954	0	0	444	238	1884	0	1524	0	900	0	4026	0	506	0	17388	0	14886	524	2392	110	0	0	9294	0	20238	852	968	0	2022	0	326	0	128	0	0	0	1010	1680	498	0	0	0	
417360	Fusiform_R	102	3132	0	450	0	0	0	0	0	0	0	696	0	0	0	0	0	734	0	566	0	0	0	0	0	0	0	0	0	4468	0	0	0	454	0	1788	0	20854	0	19220	0	5592	192	11852	424	4538	2554	17636	0	5106	0	3814	0	11128	238	0	0	560	0	0	0	0	0	0	0	0	580	4938	0	0	0	184	0	3012	0	196	0	476	0	0	0	1798	0	6250	0	1882	0	4492	0	16928	808	13844	236	532	0	212	1034	6788	1966	18028	0	172	0	730	0	0	0	0	0	0	3778	3186	532	0	0	0	
242324	Postcentral_L	27718	0	2048	96	0	0	408	0	0	0	4728	664	662	92	0	0	13382	0	1750	106	0	0	0	0	0	0	0	0	8790	1502	0	0	0	132	322	0	2126	0	98	0	0	0	136	0	0	0	0	0	274	0	2998	0	0	0	268	0	0	0	5370	0	18714	0	11870	0	306	0	1312	0	1308	0	1570	1160	3442	1850	220	0	0	0	2708	0	2442	0	0	0	246	0	0	0	344	0	0	0	0	0	0	0	0	0	0	0	0	0	0	0	0	0	0	0	0	0	0	0	0	0	0	0	
178024	Postcentral_R	208	15624	244	3986	0	0	0	932	0	0	0	8256	0	242	0	0	0	10402	440	4048	0	0	0	0	0	0	0	0	0	1750	0	0	100	252	80	0	0	1834	0	620	0	0	0	98	0	88	0	0	0	1384	0	172	0	0	0	560	0	0	0	5836	0	3348	0	12542	0	574	0	5712	430	2902	0	210	0	2808	0	214	0	358	0	240	0	868	0	0	0	828	0	0	0	822	0	0	0	0	0	0	0	0	0	0	0	0	0	0	0	0	0	0	0	0	0	0	0	0	0	0	
77604	Parietal_Sup_L	874	0	0	0	0	0	0	0	0	0	0	0	0	0	0	0	0	0	0	0	0	0	0	0	0	0	0	0	0	0	0	0	266	0	0	0	0	0	0	0	0	0	146	0	992	0	236	0	7118	0	4916	0	250	0	410	0	5370	0	0	0	8682	0	0	0	246	0	8170	0	1028	0	0	0	0	0	0	0	0	0	0	0	0	0	0	0	98	0	0	0	0	0	0	0	0	0	0	0	0	0	0	0	0	0	0	0	0	0	0	0	0	0	0	0	0	0	0	0	
56384	Parietal_Sup_R	0	202	0	0	0	0	0	0	0	0	0	0	0	0	0	0	0	0	0	98	0	0	0	0	0	0	0	0	0	0	0	0	0	0	0	0	0	0	0	0	0	0	0	0	0	386	0	0	0	5204	0	3156	0	0	0	0	0	5836	0	0	0	6044	0	0	0	2898	100	3696	0	188	0	0	0	0	0	0	0	0	0	0	0	252	0	0	0	132	0	0	0	0	0	0	0	0	0	0	0	0	0	0	0	0	0	0	0	0	0	0	0	0	0	0	0	0	0	0	
150692	Parietal_Inf_L	3924	0	360	0	0	0	0	0	0	0	0	0	0	0	0	0	1600	0	170	0	0	0	0	0	0	0	0	0	1696	88	0	0	0	0	0	0	388	0	0	0	0	0	206	0	202	0	0	0	2654	0	10242	0	96	0	170	0	18714	0	8682	0	0	0	11442	0	10188	0	988	0	914	0	0	0	490	108	176	0	226	0	244	0	210	0	0	0	922	0	0	0	246	0	0	0	0	0	0	0	0	0	0	0	0	0	0	0	0	0	0	0	0	0	0	0	0	0	0	0	
75548	Parietal_Inf_R	0	714	0	0	0	0	0	0	0	0	0	0	0	0	0	0	0	214	0	368	0	0	0	0	0	0	0	0	0	0	0	0	0	98	0	0	0	0	0	0	0	0	0	104	0	82	0	0	0	1262	0	7510	0	0	0	0	0	3348	0	6044	0	0	0	5666	0	9664	0	1228	0	400	0	0	0	0	0	0	0	0	0	0	0	352	0	0	0	588	0	0	0	132	0	0	0	0	0	0	0	0	0	0	0	0	0	0	0	0	0	0	0	0	0	0	0	0	0	0	
88748	SupraMarginal_L	902	0	144	0	0	0	0	0	0	0	0	0	0	0	0	0	2096	0	134	0	0	0	0	0	0	0	0	0	1694	0	0	0	0	0	0	0	118	0	0	0	0	0	0	0	0	0	0	0	0	0	228	0	0	0	0	0	11870	0	0	0	11442	0	0	0	4264	0	0	0	0	0	0	0	112	0	0	0	0	0	210	0	4976	0	0	0	5798	0	0	0	386	0	0	0	0	0	0	0	0	0	0	0	0	0	0	0	0	0	0	0	0	0	0	0	0	0	0	0	
97036	SupraMarginal_R	0	4466	122	1176	0	0	0	666	0	0	0	2684	0	0	0	0	0	3016	454	1128	0	0	0	0	0	0	0	0	0	762	0	0	0	200	0	0	0	198	0	0	0	0	0	0	0	0	0	0	0	0	0	88	0	0	0	0	0	12542	0	0	0	5666	0	0	0	3618	0	540	406	136	0	0	0	108	0	0	0	0	0	162	0	6516	0	0	0	2990	0	0	0	874	0	0	0	0	0	0	0	0	0	0	0	0	0	0	0	0	0	0	0	0	0	0	0	0	0	0	
98672	Angular_L	1862	0	128	0	0	0	0	0	0	0	0	0	0	0	0	0	330	0	0	0	0	0	0	0	0	0	0	0	296	0	0	0	0	0	0	0	156	0	0	0	0	0	578	0	262	0	108	0	244	0	15728	0	1686	0	324	0	306	0	246	0	10188	0	4264	0	0	0	168	0	266	0	0	0	198	0	0	0	0	0	126	0	378	0	0	0	9202	0	0	0	2292	0	0	0	0	0	0	0	0	0	0	0	0	0	0	0	0	0	0	0	0	0	0	0	0	0	0	0	
90976	Angular_R	0	0	0	0	0	0	0	0	0	0	0	0	0	0	0	0	0	506	0	0	0	0	0	0	0	0	0	0	0	130	0	0	0	0	0	0	0	0	0	0	0	0	0	108	0	226	0	0	0	2562	0	14486	0	0	0	0	0	574	0	2898	0	9664	0	3618	0	0	0	464	0	0	0	0	0	0	0	0	0	0	0	168	0	3378	0	0	0	6502	0	0	0	204	0	0	0	0	0	0	0	0	0	0	0	0	0	0	0	0	0	0	0	0	0	0	0	0	0	0	
165244	Precuneus_L	1444	0	0	0	0	0	0	0	0	0	0	0	0	0	0	0	0	0	0	0	0	0	0	0	0	0	0	0	200	0	0	0	2576	146	6294	694	3822	246	3318	210	0	0	7980	1180	8078	3768	3438	0	7468	2530	3794	158	1092	0	2950	580	1312	0	8170	100	988	0	0	0	168	0	0	5110	3138	164	0	100	108	0	0	0	164	364	176	0	0	0	0	0	390	0	0	0	204	0	0	0	0	0	0	0	0	0	0	0	0	0	0	0	0	0	0	0	0	0	0	0	0	0	0	0	
304856	Precuneus_R	252	4086	0	420	0	0	0	0	0	0	0	302	0	0	0	0	0	240	0	7624	0	0	0	0	0	0	0	0	0	280	0	0	1042	11584	704	6936	246	5846	86	4330	0	0	0	17830	236	19416	0	8414	0	16792	0	4406	0	2506	0	4938	0	5712	0	3696	0	1228	0	540	0	464	5110	0	428	7614	0	0	0	0	0	0	0	852	0	0	0	1436	0	0	0	2614	0	0	0	3546	0	84	0	0	0	0	0	190	0	0	0	0	0	0	0	0	0	0	0	0	398	0	0	0	0	0	
181576	Paracentral_Lobule_L	7598	232	1700	1654	0	0	0	0	0	0	0	0	0	0	0	0	0	0	16938	5266	0	0	0	0	0	0	0	0	0	0	0	0	5770	1862	4458	150	2370	1020	164	492	0	0	2058	0	2532	0	640	0	682	0	4340	0	162	0	214	0	1308	430	1028	0	914	0	0	406	266	0	3138	428	0	354	2258	880	1026	118	3510	0	11878	2006	0	0	0	0	0	0	450	0	0	0	88	0	0	0	0	0	0	0	0	0	0	0	0	0	0	0	0	0	0	0	0	0	0	0	0	0	0	0	
67840	Paracentral_Lobule_R	1308	2668	0	0	0	0	0	0	0	0	0	0	0	0	0	0	0	0	0	9158	0	0	0	0	0	0	0	0	0	0	0	0	1144	5160	114	352	0	0	0	0	0	0	0	398	0	380	0	298	0	508	0	322	0	0	0	0	0	2902	0	188	0	400	0	136	0	0	164	7614	354	0	0	0	0	0	0	0	0	0	0	0	0	220	0	0	0	132	0	0	0	0	0	0	0	0	0	0	0	0	0	0	0	0	0	0	0	0	0	0	0	0	0	0	0	0	0	0	
244692	Caudate_L	3816	230	8916	2620	2642	514	1226	530	610	0	562	3136	326	1078	672	484	192	2014	5030	3422	6904	5860	242	236	140	126	2160	430	5440	3208	5878	3464	170	3954	166	0	2026	328	80	0	0	0	0	0	0	0	0	0	0	0	0	0	0	0	238	0	1570	0	0	0	0	0	0	0	0	0	0	0	2258	0	0	13952	10396	6476	1300	158	4786	426	218	0	160	0	294	868	0	0	0	0	414	0	0	0	0	0	0	0	0	0	0	0	0	0	0	0	0	0	0	0	0	0	0	0	0	0	0	0	
536060	Caudate_R	6480	258	7034	27126	720	15334	1330	0	174	1082	114	4280	0	2380	104	3230	864	816	5358	19574	5384	7888	204	5824	0	7576	1388	3084	3168	10962	2596	10692	274	6838	618	574	6648	2182	700	876	0	0	0	0	0	0	0	140	0	0	0	0	0	0	1026	184	1160	210	0	0	0	0	0	0	0	0	100	0	880	0	13952	0	9944	38524	366	2718	894	20532	842	0	516	0	0	450	220	0	0	0	1638	0	0	0	0	0	0	0	0	0	0	0	0	0	0	0	0	0	0	0	0	0	0	0	0	0	0	0	
395340	Putamen_L	9036	0	28862	1624	10104	102	2078	106	4458	0	1166	1700	1552	1242	4874	142	1598	526	7532	2352	1936	1538	812	0	92	0	914	190	25626	4132	7138	2888	462	3176	310	0	14160	248	1226	0	174	0	0	0	108	0	0	0	0	0	894	0	0	0	1466	0	3442	0	0	0	490	0	112	0	198	0	108	0	1026	0	10396	9944	0	8390	8224	0	1116	150	236	0	2334	0	2462	226	318	0	0	0	1954	0	0	0	0	0	0	0	0	0	0	0	0	0	0	0	0	0	0	0	0	0	0	0	0	0	0	0	
499644	Putamen_R	4258	1394	3776	21994	152	9066	1436	1292	0	1836	120	9072	0	2822	0	3384	888	9108	2934	19048	936	2380	160	4692	0	3860	0	740	2768	27560	622	4588	102	6736	126	230	6096	15412	400	2396	0	1060	0	0	0	0	0	0	0	0	0	0	0	0	954	3012	1850	2808	0	0	108	0	0	108	0	0	0	0	118	0	6476	38524	8390	0	350	6258	288	2254	856	540	520	0	0	774	220	0	0	0	1602	368	0	0	0	0	0	0	0	0	0	0	0	0	0	0	0	0	0	0	0	0	0	0	0	0	0	0	
70256	Pallidum_L	3622	0	6814	0	0	0	440	0	0	0	0	0	0	0	0	0	0	0	6070	166	0	0	0	0	0	0	0	0	0	158	0	0	198	122	282	0	440	0	0	0	0	0	0	0	0	0	0	0	0	0	444	0	0	0	0	0	220	0	0	0	176	0	0	0	0	0	0	0	3510	0	1300	366	8224	350	0	0	2226	0	0	0	0	0	0	0	0	0	0	0	0	0	0	0	0	0	0	0	0	0	0	0	0	0	0	0	0	0	0	0	0	0	0	0	0	0	0	0	
49792	Pallidum_R	0	0	178	4344	0	476	0	546	0	232	0	362	0	0	0	154	0	506	388	3556	0	110	0	360	0	106	0	0	0	222	0	272	0	106	0	0	0	2898	0	536	0	0	0	0	0	0	0	0	0	0	0	0	0	0	0	196	0	214	0	0	0	0	0	0	0	0	0	0	0	0	158	2718	0	6258	0	0	0	0	0	0	0	0	0	0	0	0	0	0	0	0	0	0	0	0	0	0	0	0	0	0	0	0	0	0	0	0	0	0	0	0	0	0	0	0	0	0	
113588	Thalamus_L	2212	0	1492	634	0	0	848	0	0	0	0	0	0	0	0	0	0	0	6966	82	0	0	0	0	0	0	0	0	210	0	0	0	1278	154	3486	2834	7024	158	2130	116	0	0	0	0	120	0	180	0	0	0	606	0	0	0	444	0	0	0	0	0	226	0	0	0	0	0	164	0	11878	0	4786	894	1116	288	2226	0	0	4096	0	0	0	0	0	0	0	0	0	0	146	0	0	0	0	0	0	0	0	0	0	0	0	0	0	0	0	0	0	0	0	0	0	0	0	0	0	0	
190436	Thalamus_R	6304	458	2250	19696	0	834	0	0	0	0	0	1082	0	0	0	0	0	694	1180	9766	0	0	0	172	0	0	0	0	0	812	0	0	566	728	1922	4904	1558	5910	682	3146	0	0	0	0	0	0	110	470	0	0	0	0	0	0	238	476	0	358	0	0	0	0	0	0	0	0	364	852	2006	0	426	20532	150	2254	0	0	4096	0	0	0	0	0	0	0	0	0	0	0	100	122	0	0	0	0	0	0	0	0	0	0	0	0	0	0	0	0	0	0	0	0	0	0	0	0	0	0	
58764	Heschl_L	2318	0	0	150	0	0	0	0	0	0	198	124	0	142	0	0	4394	0	0	172	0	0	0	0	0	0	0	0	6416	402	0	0	0	222	320	0	3214	0	0	0	0	0	0	0	0	0	0	0	0	0	604	0	0	0	1884	0	2708	0	0	0	244	0	210	0	126	0	176	0	0	0	218	842	236	856	0	0	0	0	0	0	1350	0	0	0	694	0	0	0	1162	0	0	0	0	0	0	0	0	0	0	0	0	0	0	0	0	0	0	0	0	0	0	0	0	0	0	0	
19148	Heschl_R	0	178	0	196	0	0	0	0	0	0	0	0	0	0	0	0	0	2554	0	208	0	0	0	0	0	0	0	0	0	1684	0	0	0	0	0	0	0	134	0	0	0	0	0	0	0	0	0	0	0	0	0	0	0	0	0	0	0	240	0	0	0	0	0	162	0	168	0	0	0	0	0	0	0	540	0	0	0	0	0	0	0	2400	0	0	0	934	0	0	0	176	0	0	0	0	0	0	0	0	0	0	0	0	0	0	0	0	0	0	0	0	0	0	0	0	0	0	
132996	Temporal_Sup_L	784	0	2284	124	0	0	120	0	0	0	1234	128	120	110	108	0	4734	0	600	170	0	0	0	0	0	0	0	0	5352	178	80	0	0	240	0	0	1926	0	0	0	0	0	0	0	0	0	0	0	0	0	658	0	0	0	1524	0	2442	0	0	0	210	0	4976	0	378	0	0	0	0	0	160	516	2334	520	0	0	0	0	1350	0	0	0	3348	0	21900	0	126	0	7764	0	0	0	0	0	0	0	0	0	0	0	0	0	0	0	0	0	0	0	0	0	0	0	0	0	0	0	
107352	Temporal_Sup_R	0	1150	0	180	0	0	0	0	0	0	0	332	0	0	0	0	0	2492	0	578	0	0	0	0	0	0	0	0	0	3674	0	0	0	586	0	80	0	344	0	330	0	0	0	186	0	200	0	0	0	160	0	1044	0	160	0	1798	0	868	0	252	0	352	0	6516	0	3378	0	1436	0	220	0	0	0	0	0	0	0	0	0	2400	0	0	0	1180	0	17752	0	262	0	5766	0	0	0	0	0	0	0	0	0	0	0	0	0	0	0	0	0	0	0	0	0	0	0	0	0	0	
81820	Temporal_Pole_Sup_L	556	0	2586	0	518	0	278	0	276	0	3610	82	528	0	1256	0	2372	0	1354	0	306	0	0	0	0	0	0	0	8208	94	118	0	0	0	0	0	1016	0	360	0	736	0	0	0	0	0	0	0	0	0	0	0	0	0	900	0	0	0	0	0	0	0	0	0	0	0	0	0	0	0	294	0	2462	0	0	0	0	0	0	0	3348	0	0	0	4468	0	3598	0	1586	0	0	0	0	0	0	0	0	0	0	0	0	0	0	0	0	0	0	0	0	0	0	0	0	0	0	0	
146540	Temporal_Pole_Sup_R	0	0	248	3846	0	176	0	2920	0	0	96	8602	0	378	0	394	0	8862	182	1046	0	0	0	958	0	0	0	0	270	8872	98	394	0	238	0	0	0	1710	0	1666	0	2268	0	0	0	0	0	0	0	0	0	0	0	0	0	6250	0	0	0	0	0	0	0	0	0	0	0	0	0	0	868	450	226	774	0	0	0	0	0	0	0	1180	0	0	0	4526	0	8590	0	7182	0	0	0	0	0	0	0	0	0	0	0	0	0	0	0	0	0	0	0	0	0	0	0	0	0	0	
229528	Temporal_Mid_L	2244	0	110	0	0	0	0	0	0	0	0	0	0	0	0	0	364	0	88	0	0	0	0	0	0	0	0	0	492	0	0	0	108	102	0	0	666	0	0	0	0	0	1062	0	484	0	176	0	680	0	21482	0	5714	0	4026	0	246	0	98	0	922	0	5798	0	9202	0	390	0	450	0	0	220	318	220	0	0	0	0	694	0	21900	0	4468	0	0	0	5702	0	26338	0	0	0	0	0	0	0	0	0	0	0	0	0	0	0	0	0	0	0	0	0	0	0	0	0	0	0	
181992	Temporal_Mid_R	0	1588	0	196	0	0	0	0	0	0	0	462	0	0	0	0	0	1298	0	486	0	0	0	0	0	0	0	0	0	2342	0	0	0	496	0	162	0	238	0	282	0	0	0	1170	0	1262	0	568	0	1670	0	11998	0	2534	0	1882	0	828	0	132	0	588	0	2990	0	6502	0	2614	0	132	0	0	0	0	0	0	0	0	0	934	0	17752	0	4526	0	0	0	2668	0	22696	0	0	0	0	0	0	0	0	0	0	0	0	0	0	0	0	0	0	0	0	0	0	0	0	0	0	
27508	Temporal_Pole_Mid_L	0	0	0	0	0	0	0	0	0	0	0	0	0	0	0	0	0	0	0	0	0	0	0	0	0	0	0	0	0	0	0	0	0	0	0	0	102	0	148	0	150	0	0	0	0	0	0	0	0	0	0	0	0	0	506	0	0	0	0	0	0	0	0	0	0	0	0	0	0	0	0	0	0	0	0	0	0	0	0	0	126	0	3598	0	5702	0	0	0	3422	0	0	0	0	0	0	0	0	0	0	0	0	0	0	0	0	0	0	0	0	0	0	0	0	0	0	0	
49588	Temporal_Pole_Mid_R	0	0	0	0	0	0	0	0	0	0	0	0	0	0	0	0	0	0	0	0	0	0	0	0	0	0	0	0	0	138	0	0	0	0	0	0	0	1034	0	1186	0	1440	0	0	0	0	0	0	0	0	0	0	0	0	0	4492	0	0	0	0	0	0	0	0	0	0	0	0	0	0	0	0	0	0	0	0	0	0	0	0	0	262	0	8590	0	2668	0	0	0	4984	0	0	0	0	0	0	0	0	0	0	0	0	0	0	0	0	0	0	0	0	0	0	0	0	0	0	
210408	Temporal_Inf_L	1906	0	262	248	0	0	114	0	0	0	0	346	0	352	0	0	1430	0	184	366	0	0	0	0	0	0	0	0	2320	340	0	0	0	712	158	190	7558	0	470	0	1536	0	884	0	272	0	166	0	328	0	7576	0	8362	0	17388	0	344	0	0	0	246	0	386	0	2292	0	204	0	88	0	414	1638	1954	1602	0	0	146	100	1162	0	7764	0	1586	0	26338	0	3422	0	0	0	958	0	254	0	0	0	200	0	314	0	136	0	188	0	0	0	0	0	0	0	0	0	0	0	0	0	
199788	Temporal_Inf_R	0	4144	0	340	0	0	0	0	0	0	0	998	0	0	0	0	0	1032	0	820	0	0	0	0	0	0	0	0	0	5746	0	0	0	372	0	350	0	5422	0	1984	0	1666	0	1636	0	1230	0	544	0	830	0	2626	0	4848	0	16928	0	822	0	0	0	132	0	874	0	204	0	3546	0	0	0	0	0	368	0	0	0	122	0	176	0	5766	0	7182	0	22696	0	4984	0	0	0	1120	0	174	0	0	0	0	0	0	0	0	0	128	0	0	0	0	0	0	0	0	84	0	0	0	
605884	Cerebelum_Crus1_L	0	0	0	0	0	0	0	0	0	0	0	0	0	0	0	0	0	0	0	0	0	0	0	0	0	0	0	0	0	0	0	0	0	0	0	0	0	0	0	0	0	0	0	0	0	0	11308	2316	0	0	160	0	600	298	14886	808	0	0	0	0	0	0	0	0	0	0	0	0	0	0	0	0	0	0	0	0	0	0	0	0	0	0	0	0	0	0	0	0	958	0	0	8340	42850	8204	658	1454	28972	1686	60912	8312	17504	2274	26280	5018	4844	3280	1406	926	368	1834	8172	13332	18172	2690	3364	756	
473856	Cerebelum_Crus1_R	0	0	0	0	0	0	0	0	0	0	0	0	0	0	0	0	0	0	0	0	0	0	0	0	0	0	0	0	0	0	0	0	0	0	0	0	0	124	0	414	0	0	0	0	0	0	4262	5446	0	0	0	0	0	1438	524	13844	0	0	0	0	0	0	0	0	0	0	0	84	0	0	0	0	0	0	0	0	0	0	0	0	0	0	0	0	0	0	0	0	0	1120	8340	0	6270	33232	0	1624	2756	19528	5372	54932	840	7124	1312	24984	160	2978	0	966	0	1056	10008	9066	14138	2350	2388	248	
454776	Cerebelum_Crus2_L	0	0	0	0	0	0	0	0	0	0	0	0	0	0	0	0	0	0	0	0	0	0	0	0	0	0	0	0	0	0	0	0	0	0	0	0	0	0	0	0	0	0	0	0	0	0	1400	584	0	0	0	0	106	0	2392	236	0	0	0	0	0	0	0	0	0	0	0	0	0	0	0	0	0	0	0	0	0	0	0	0	0	0	0	0	0	0	0	0	254	0	42850	6270	0	16188	160	346	2118	424	9174	3098	42868	7896	43658	5300	6158	1088	1354	220	0	404	1094	4460	21648	4360	1028	252	
345240	Cerebelum_Crus2_R	0	0	0	0	0	0	0	0	0	0	0	0	0	0	0	0	0	0	0	0	0	0	0	0	0	0	0	0	0	0	0	0	0	0	0	0	0	0	0	0	0	0	0	0	0	0	482	244	0	0	0	0	0	0	110	532	0	0	0	0	0	0	0	0	0	0	0	0	0	0	0	0	0	0	0	0	0	0	0	0	0	0	0	0	0	0	0	0	0	174	8204	33232	16188	0	0	388	152	780	1052	5930	9524	23520	8644	32922	116	2094	0	578	0	284	276	1680	20186	3886	1238	204	
43312	Cerebelum_3_L	0	0	0	0	0	0	0	0	0	0	0	0	0	0	0	0	0	0	0	0	0	0	0	0	0	0	0	0	0	0	0	0	0	0	0	0	0	0	0	0	0	0	0	0	0	0	212	182	0	0	0	0	0	0	0	0	0	0	0	0	0	0	0	0	0	0	0	0	0	0	0	0	0	0	0	0	0	0	0	0	0	0	0	0	0	0	0	0	0	0	658	0	160	0	0	272	7606	0	2248	272	0	0	0	0	1812	392	102	0	806	2724	2342	940	0	80	422	426	
68380	Cerebelum_3_R	0	0	0	0	0	0	0	0	0	0	0	0	0	0	0	0	0	0	0	0	0	0	0	0	0	0	0	0	0	0	0	0	0	0	0	0	0	0	0	0	0	0	0	0	0	0	166	294	0	0	0	0	0	0	0	212	0	0	0	0	0	0	0	0	0	0	0	0	0	0	0	0	0	0	0	0	0	0	0	0	0	0	0	0	0	0	0	0	0	0	1454	1624	346	388	272	0	742	4174	1468	3874	0	0	136	730	188	2296	0	102	838	4806	1558	2220	1516	1632	2300	854	
342312	Cerebelum_4_5_L	0	0	0	0	0	0	0	0	0	0	0	0	0	0	0	0	0	0	0	0	0	0	0	0	0	0	0	0	0	0	0	0	0	0	0	0	0	0	340	0	0	0	0	0	216	0	18600	3100	226	0	660	0	998	204	9294	1034	0	0	0	0	0	0	0	0	0	0	0	0	0	0	0	0	0	0	0	0	0	0	0	0	0	0	0	0	0	0	0	0	200	0	28972	2756	2118	152	7606	742	0	3816	43344	5360	1474	0	1984	372	5272	882	326	0	1008	3188	19472	4440	370	172	1122	1336	
212924	Cerebelum_4_5_R	0	0	0	0	0	0	0	0	0	0	0	0	0	0	0	0	0	0	0	0	0	0	0	0	0	0	0	0	0	0	0	0	0	0	0	0	0	180	0	1556	0	0	0	0	0	0	3758	4182	0	0	0	0	0	148	0	6788	0	0	0	0	0	0	0	0	0	0	0	190	0	0	0	0	0	0	0	0	0	0	0	0	0	0	0	0	0	0	0	0	0	0	1686	19528	424	780	0	4174	3816	0	1932	28744	0	168	100	2064	188	1622	0	166	272	1834	14616	1846	1722	1538	1810	630	
509788	Cerebelum_6_L	0	0	0	0	0	0	0	0	0	0	0	0	0	0	0	0	0	0	0	0	0	0	0	0	0	0	0	0	0	0	0	0	0	0	0	0	0	0	138	0	0	0	0	0	330	0	20824	5470	346	0	904	0	1402	1086	20238	1966	0	0	0	0	0	0	0	0	0	0	0	0	0	0	0	0	0	0	0	0	0	0	0	0	0	0	0	0	0	0	0	0	314	0	60912	5372	9174	1052	2248	1468	43344	1932	0	10294	4008	116	6652	922	5626	2502	908	404	550	2206	14314	17042	4688	1796	3150	1196	
450936	Cerebelum_6_R	0	0	0	0	0	0	0	0	0	0	0	0	0	0	0	0	0	0	0	0	0	0	0	0	0	0	0	0	0	0	0	0	0	0	0	0	0	218	0	856	0	0	0	0	82	0	7996	11922	84	0	196	0	90	2732	852	18028	0	0	0	0	0	0	0	0	0	0	0	0	0	0	0	0	0	0	0	0	0	0	0	0	0	0	0	0	0	0	0	0	0	0	8312	54932	3098	5930	272	3874	5360	28744	10294	0	240	1298	884	8740	482	2026	0	764	344	2078	16600	15514	7524	2246	2486	370	
319864	Cerebelum_7b_L	0	0	0	0	0	0	0	0	0	0	0	0	0	0	0	0	0	0	0	0	0	0	0	0	0	0	0	0	0	0	0	0	0	0	0	0	0	0	0	0	0	0	0	0	0	0	0	0	0	0	0	0	0	0	968	0	0	0	0	0	0	0	0	0	0	0	0	0	0	0	0	0	0	0	0	0	0	0	0	0	0	0	0	0	0	0	0	0	136	0	17504	840	42868	9524	0	0	1474	0	4008	240	0	7274	43978	5972	5584	530	646	0	0	0	442	584	11658	5302	400	0	
178800	Cerebelum_7b_R	0	0	0	0	0	0	0	0	0	0	0	0	0	0	0	0	0	0	0	0	0	0	0	0	0	0	0	0	0	0	0	0	0	0	0	0	0	0	0	0	0	0	0	0	0	0	0	0	0	0	0	0	0	0	0	172	0	0	0	0	0	0	0	0	0	0	0	0	0	0	0	0	0	0	0	0	0	0	0	0	0	0	0	0	0	0	0	0	0	0	2274	7124	7896	23520	0	0	0	168	116	1298	7274	0	6444	20124	0	860	0	0	0	0	0	272	7772	3934	152	0	
422492	Cerebelum_8_L	0	0	0	0	0	0	0	0	0	0	0	0	0	0	0	0	0	0	0	0	0	0	0	0	0	0	0	0	0	0	0	0	0	0	0	0	0	0	0	0	0	0	0	0	0	0	146	0	0	0	0	0	0	0	2022	0	0	0	0	0	0	0	0	0	0	0	0	0	0	0	0	0	0	0	0	0	0	0	0	0	0	0	0	0	0	0	0	0	188	0	26280	1312	43658	8644	0	136	1984	100	6652	884	43978	6444	0	11660	20490	4028	3120	742	0	168	698	1354	14034	8894	3480	150	
325508	Cerebelum_8_R	0	0	0	0	0	0	0	0	0	0	0	0	0	0	0	0	0	0	0	0	0	0	0	0	0	0	0	0	0	0	0	0	0	0	0	0	0	0	0	0	0	0	0	0	0	0	162	0	0	0	0	0	0	0	0	730	0	0	0	0	0	0	0	0	0	0	0	0	0	0	0	0	0	0	0	0	0	0	0	0	0	0	0	0	0	0	0	0	0	128	5018	24984	5300	32922	0	730	372	2064	922	8740	5972	20124	11660	0	1276	14280	116	1400	0	586	670	1564	11744	7446	3388	456	
149152	Cerebelum_9_L	0	0	0	0	0	0	0	0	0	0	0	0	0	0	0	0	0	0	0	0	0	0	0	0	0	0	0	0	0	0	0	0	0	0	0	0	0	0	0	0	0	0	0	0	0	0	158	408	0	0	0	0	0	0	326	0	0	0	0	0	0	0	0	0	0	0	0	0	0	0	0	0	0	0	0	0	0	0	0	0	0	0	0	0	0	0	0	0	0	0	4844	160	6158	116	1812	188	5272	188	5626	482	5584	0	20490	1276	0	2460	5340	132	0	458	2882	2456	1668	2146	3010	936	
163552	Cerebelum_9_R	0	0	0	0	0	0	0	0	0	0	0	0	0	0	0	0	0	0	0	0	0	0	0	0	0	0	0	0	0	0	0	0	0	0	0	0	0	0	0	0	0	0	0	0	0	0	110	0	0	0	0	0	0	0	0	0	0	0	0	0	0	0	0	0	0	0	0	0	0	0	0	0	0	0	0	0	0	0	0	0	0	0	0	0	0	0	0	0	0	0	3280	2978	1088	2094	392	2296	882	1622	2502	2026	530	860	4028	14280	2460	0	102	2772	300	2196	2372	4874	7040	7930	9918	2844	
28240	Cerebelum_10_L	0	0	0	0	0	0	0	0	0	0	0	0	0	0	0	0	0	0	0	0	0	0	0	0	0	0	0	0	0	0	0	0	0	0	0	0	0	0	0	0	0	0	0	0	0	0	0	0	0	0	0	0	0	0	128	0	0	0	0	0	0	0	0	0	0	0	0	0	0	0	0	0	0	0	0	0	0	0	0	0	0	0	0	0	0	0	0	0	0	0	1406	0	1354	0	102	0	326	0	908	0	646	0	3120	116	5340	102	0	0	0	0	0	0	264	104	204	0	
29528	Cerebelum_10_R	0	0	0	0	0	0	0	0	0	0	0	0	0	0	0	0	0	0	0	0	0	0	0	0	0	0	0	0	0	0	0	0	0	0	0	0	0	0	0	0	0	0	0	0	0	0	0	0	0	0	0	0	0	0	0	0	0	0	0	0	0	0	0	0	0	0	0	0	0	0	0	0	0	0	0	0	0	0	0	0	0	0	0	0	0	0	0	0	0	0	926	966	220	578	0	102	0	166	404	764	0	0	742	1400	132	2772	0	0	0	0	0	504	1886	1566	1636	0	
24396	Vermis_1_2	0	0	0	0	0	0	0	0	0	0	0	0	0	0	0	0	0	0	0	0	0	0	0	0	0	0	0	0	0	0	0	0	0	0	0	0	0	0	0	0	0	0	0	0	0	0	88	0	0	0	0	0	0	0	0	0	0	0	0	0	0	0	0	0	0	0	0	0	0	0	0	0	0	0	0	0	0	0	0	0	0	0	0	0	0	0	0	0	0	0	368	0	0	0	806	838	1008	272	550	344	0	0	0	0	0	300	0	0	0	5020	1482	500	112	116	302	92	
82388	Vermis_3	0	0	0	0	0	0	0	0	0	0	0	0	0	0	0	0	0	0	0	0	0	0	0	0	0	0	0	0	0	0	0	0	0	0	0	0	0	0	138	0	0	0	0	0	0	0	394	94	0	0	0	0	0	0	0	0	0	0	0	0	0	0	0	0	0	0	0	0	0	0	0	0	0	0	0	0	0	0	0	0	0	0	0	0	0	0	0	0	0	0	1834	1056	404	284	2724	4806	3188	1834	2206	2078	0	0	168	586	458	2196	0	0	5020	0	3314	2610	1274	1458	2230	840	
281212	Vermis_4_5	0	0	0	0	0	0	0	0	0	0	0	0	0	0	0	0	0	0	0	0	0	0	0	0	0	0	0	0	0	0	0	0	0	0	0	132	0	216	0	148	0	0	0	184	206	0	9694	6486	214	0	550	0	632	674	1010	3778	0	0	0	0	0	0	0	0	0	0	0	398	0	0	0	0	0	0	0	0	0	0	0	0	0	0	0	0	0	0	0	0	0	0	8172	10008	1094	276	2342	1558	19472	14616	14314	16600	442	0	698	670	2882	2372	0	0	1482	3314	0	9068	1180	736	2426	2562	
273056	Vermis_6	0	0	0	0	0	0	0	0	0	0	0	0	0	0	0	0	0	0	0	0	0	0	0	0	0	0	0	0	0	0	0	0	0	0	0	0	0	0	0	0	0	0	0	0	134	0	7228	7726	138	0	328	0	282	1472	1680	3186	0	0	0	0	0	0	0	0	0	0	0	0	0	0	0	0	0	0	0	0	0	0	0	0	0	0	0	0	0	0	0	0	0	0	13332	9066	4460	1680	940	2220	4440	1846	17042	15514	584	272	1354	1564	2456	4874	0	504	500	2610	9068	0	8248	2880	5362	3538	
