data	data	403796	272188	809540	774248	142832	112104	490136	368396	106668	47128	221436	270904	264876	213904	213416	85832	235040	150576	594212	668584	124512	109948	379244	341984	35272	109520	96168	96908	698976	310028	293992	383916	171248	392652	99048	104128	230432	289012	103180	157700	51588	57028	238872	414900	181908	221768	319152	338544	198036	337968	418028	275808	166148	111056	404984	350084	263044	179124	106532	79892	177776	103492	94668	131540	132108	124480	242120	390868	188896	197344	489384	464288	421476	395544	60780	31452	140596	153676	98268	42940	200788	166668	109120	28936	315536	199480	23812	6608	222524	181672	447920	455020	338768	280168	56696	69076	281072	203292	434656	400612	264828	105680	369764	280364	124776	126600	21724	3004	46112	70856	202916	196648	247836	149980	101840	25340	
data	data	Precentral_L	Precentral_R	Frontal_Sup_L	Frontal_Sup_R	Frontal_Sup_Orb_L	Frontal_Sup_Orb_R	Frontal_Mid_L	Frontal_Mid_R	Frontal_Mid_Orb_L	Frontal_Mid_Orb_R	Frontal_Inf_Oper_L	Frontal_Inf_Oper_R	Frontal_Inf_Tri_L	Frontal_Inf_Tri_R	Frontal_Inf_Orb_L	Frontal_Inf_Orb_R	Rolandic_Oper_L	Rolandic_Oper_R	Supp_Motor_Area_L	Supp_Motor_Area_R	Olfactory_L	Olfactory_R	Frontal_Sup_Medial_L	Frontal_Sup_Medial_R	Frontal_Med_Orb_L	Frontal_Med_Orb_R	Rectus_L	Rectus_R	Insula_L	Insula_R	Cingulum_Ant_L	Cingulum_Ant_R	Cingulum_Mid_L	Cingulum_Mid_R	Cingulum_Post_L	Cingulum_Post_R	Hippocampus_L	Hippocampus_R	ParaHippocampal_L	ParaHippocampal_R	Amygdala_L	Amygdala_R	Calcarine_L	Calcarine_R	Cuneus_L	Cuneus_R	Lingual_L	Lingual_R	Occipital_Sup_L	Occipital_Sup_R	Occipital_Mid_L	Occipital_Mid_R	Occipital_Inf_L	Occipital_Inf_R	Fusiform_L	Fusiform_R	Postcentral_L	Postcentral_R	Parietal_Sup_L	Parietal_Sup_R	Parietal_Inf_L	Parietal_Inf_R	SupraMarginal_L	SupraMarginal_R	Angular_L	Angular_R	Precuneus_L	Precuneus_R	Paracentral_Lobule_L	Paracentral_Lobule_R	Caudate_L	Caudate_R	Putamen_L	Putamen_R	Pallidum_L	Pallidum_R	Thalamus_L	Thalamus_R	Heschl_L	Heschl_R	Temporal_Sup_L	Temporal_Sup_R	Temporal_Pole_Sup_L	Temporal_Pole_Sup_R	Temporal_Mid_L	Temporal_Mid_R	Temporal_Pole_Mid_L	Temporal_Pole_Mid_R	Temporal_Inf_L	Temporal_Inf_R	Cerebelum_Crus1_L	Cerebelum_Crus1_R	Cerebelum_Crus2_L	Cerebelum_Crus2_R	Cerebelum_3_L	Cerebelum_3_R	Cerebelum_4_5_L	Cerebelum_4_5_R	Cerebelum_6_L	Cerebelum_6_R	Cerebelum_7b_L	Cerebelum_7b_R	Cerebelum_8_L	Cerebelum_8_R	Cerebelum_9_L	Cerebelum_9_R	Cerebelum_10_L	Cerebelum_10_R	Vermis_1_2	Vermis_3	Vermis_4_5	Vermis_6	Vermis_7	Vermis_8	Vermis_9	Vermis_10	
403796	Precentral_L	0	11086	10724	6464	0	0	19074	2890	0	0	11874	1128	1978	120	0	0	5254	954	3944	7844	0	0	0	114	0	0	0	0	8918	356	0	256	214	1000	2320	1076	2094	2154	0	0	0	0	460	0	354	0	202	0	0	0	316	0	234	0	112	0	23258	2390	0	0	3950	164	1158	1686	0	0	342	0	23052	3096	6968	4894	4592	826	926	628	8644	3636	4772	108	808	104	0	0	1690	0	0	0	692	0	0	0	0	0	0	0	0	0	0	0	0	0	0	0	0	0	0	0	0	0	0	0	0	0	0	0	
272188	Precentral_R	11086	0	4194	14608	0	0	3284	9444	0	0	218	7518	120	350	74	0	1248	900	4246	5472	0	0	502	0	0	0	0	0	854	488	0	0	322	1178	1360	1314	224	1790	0	102	0	0	0	812	0	0	0	264	0	536	0	308	0	172	0	186	2262	12562	0	288	340	1148	98	2706	0	178	80	1276	8686	11336	7078	1134	570	576	230	138	1756	5402	76	0	146	902	0	0	0	2880	0	0	0	1072	0	0	0	0	0	0	0	0	0	0	0	0	0	0	0	0	0	0	0	0	0	0	0	0	0	0	
809540	Frontal_Sup_L	10724	4194	0	11278	7106	136	72522	7110	4952	0	4384	2120	13348	2074	6770	504	2922	732	66522	17096	172	172	38234	4230	718	272	598	0	23792	1762	12160	5462	6512	5006	96	0	3002	590	182	108	0	0	78	0	0	0	0	0	0	0	140	0	0	0	1320	210	952	812	0	0	180	0	0	276	0	0	0	0	4540	0	10948	3632	29700	2246	4714	138	3258	338	202	0	1486	564	914	0	232	0	0	0	328	0	0	0	0	0	0	0	0	0	0	0	0	0	0	0	0	0	0	0	0	0	0	0	0	0	0	0	
774248	Frontal_Sup_R	6464	14608	11278	0	0	6692	2602	48192	92	1428	870	11726	694	12696	330	5210	394	3118	20360	53162	74	90	12268	33896	146	3532	76	320	2038	7070	7172	23958	1922	11570	264	324	220	3380	0	1066	0	0	0	302	0	0	0	204	0	0	0	0	0	0	0	1088	618	1364	0	112	372	342	124	868	0	0	0	392	2942	676	5012	22600	1080	22946	232	2526	2036	9110	88	0	74	1166	110	0	0	1088	0	0	0	350	0	0	0	0	0	0	0	0	0	0	0	0	0	0	0	0	0	0	0	0	0	0	0	0	0	0	
142832	Frontal_Sup_Orb_L	0	0	7106	0	0	268	728	0	13390	0	0	0	318	0	10696	0	0	0	618	0	2662	1298	4622	132	2478	328	7224	554	5268	0	2570	340	0	0	0	0	0	0	0	0	0	0	0	0	0	0	0	0	0	0	0	0	0	0	0	0	0	0	0	0	0	0	0	0	0	0	0	0	0	0	2354	576	6924	0	0	0	0	0	0	0	0	0	962	0	0	0	0	0	0	0	0	0	0	0	0	0	0	0	0	0	0	0	0	0	0	0	0	0	0	0	0	0	0	0	0	0	
112104	Frontal_Sup_Orb_R	0	0	136	6692	268	0	0	1472	0	3392	0	212	0	464	258	3422	0	0	122	196	722	2186	416	2502	408	6936	560	9240	110	948	250	388	0	0	0	0	0	0	0	0	0	0	0	0	0	0	0	0	0	0	0	0	0	0	0	0	0	0	0	0	0	0	0	0	0	0	0	0	0	0	1262	5678	240	7484	0	0	0	88	0	0	0	0	0	0	0	0	0	0	0	0	0	0	0	0	0	0	0	0	0	0	0	0	0	0	0	0	0	0	0	0	0	0	0	0	0	0	
490136	Frontal_Mid_L	19074	3284	72522	2602	728	0	0	3792	1564	0	9230	1790	25968	1088	3768	166	1848	540	8458	2634	0	0	15212	1230	0	0	0	0	15292	1174	2676	1562	3248	874	156	132	3174	332	94	0	0	0	108	0	78	0	0	0	0	0	0	0	0	0	1176	0	1756	482	0	0	536	0	164	78	0	0	80	0	252	0	8530	2296	13170	1866	4412	0	1454	202	2174	0	682	382	168	0	402	0	0	0	408	0	0	0	0	0	0	0	0	0	0	0	0	0	0	0	0	0	0	0	0	0	0	0	0	0	0	0	
368396	Frontal_Mid_R	2890	9444	7110	48192	0	1472	3792	0	126	1750	344	15124	558	18940	434	3404	248	662	12138	12114	0	0	2354	5786	0	0	0	0	1678	3986	1394	3846	298	3636	0	0	0	1362	0	128	0	0	0	0	0	0	0	0	0	0	0	0	0	0	0	162	162	1886	0	0	156	424	110	1056	0	0	0	0	402	0	5218	4754	388	4442	0	0	134	1062	140	0	104	388	0	0	0	0	0	0	0	0	0	0	0	0	0	0	0	0	0	0	0	0	0	0	0	0	0	0	0	0	0	0	0	0	0	0	
106668	Frontal_Mid_Orb_L	0	0	4952	92	13390	0	1564	126	0	0	0	106	696	0	14504	0	0	0	1272	0	236	138	1226	0	266	0	1896	0	6028	0	612	0	448	110	0	0	0	0	0	0	0	0	0	0	0	0	0	0	0	0	0	0	0	0	0	0	0	0	0	0	0	0	0	0	0	0	0	0	0	0	850	222	3960	0	0	0	0	0	0	0	0	0	640	0	0	0	0	0	0	0	0	0	0	0	0	0	0	0	0	0	0	0	0	0	0	0	0	0	0	0	0	0	0	0	0	0	
47128	Frontal_Mid_Orb_R	0	0	0	1428	0	3392	0	1750	0	0	0	0	0	720	0	6962	0	0	0	0	122	822	0	0	0	0	0	1880	0	2386	0	0	0	0	0	0	0	0	0	0	0	0	0	0	0	0	0	0	0	0	0	0	0	0	0	0	0	0	0	0	0	0	0	0	0	0	0	0	0	0	188	908	0	3006	0	0	0	0	0	0	0	0	0	0	0	0	0	0	0	0	0	0	0	0	0	0	0	0	0	0	0	0	0	0	0	0	0	0	0	0	0	0	0	0	0	0	
221436	Frontal_Inf_Oper_L	11874	218	4384	870	0	0	9230	344	0	0	0	3780	16286	510	298	0	8872	1292	3608	982	0	0	120	180	0	0	0	0	17200	2412	316	214	358	270	0	0	382	106	0	0	0	0	0	0	0	0	0	0	0	0	0	0	0	0	96	0	4434	76	0	0	0	0	0	0	0	0	0	0	0	0	10110	2280	1738	992	0	0	278	130	934	0	998	310	4036	112	0	0	0	0	88	0	0	0	0	0	0	0	0	0	0	0	0	0	0	0	0	0	0	0	0	0	0	0	0	0	0	0	
270904	Frontal_Inf_Oper_R	1128	7518	2120	11726	0	212	1790	15124	106	0	3780	0	1936	18536	464	370	1344	3724	4720	8190	0	0	1488	2020	0	0	0	0	4268	15884	636	870	152	3064	0	0	0	272	0	0	0	0	0	0	0	0	0	0	0	0	0	0	0	0	0	0	0	2130	0	0	0	0	0	82	0	0	0	0	142	0	8940	7994	688	1986	0	74	170	0	0	76	232	268	788	440	0	0	0	0	0	0	0	0	0	0	0	0	0	0	0	0	0	0	0	0	0	0	0	0	0	0	0	0	0	0	0	0	
264876	Frontal_Inf_Tri_L	1978	120	13348	694	318	0	25968	558	696	0	16286	1936	0	1434	13338	0	1310	200	2920	394	0	0	4106	644	0	0	0	0	28056	570	3078	936	1876	496	0	0	74	0	0	0	0	0	0	0	0	0	0	0	0	0	0	0	0	0	0	0	394	0	0	0	0	0	0	0	0	0	0	0	0	0	6178	1226	2092	368	0	0	0	0	0	0	96	82	668	0	0	0	0	0	0	0	0	0	0	0	0	0	0	0	0	0	0	0	0	0	0	0	0	0	0	0	0	0	0	0	0	0	
213904	Frontal_Inf_Tri_R	120	350	2074	12696	0	464	1088	18940	0	720	510	18536	1434	0	816	6288	0	78	4202	5628	0	0	1316	2282	0	0	0	0	2314	10804	1346	2212	148	2716	0	0	0	74	0	0	0	0	0	0	0	0	0	0	0	0	0	0	0	0	0	0	0	0	0	0	0	0	0	0	0	0	0	0	0	0	4184	4484	308	820	0	0	0	0	0	0	0	0	0	0	0	0	0	0	0	0	0	0	0	0	0	0	0	0	0	0	0	0	0	0	0	0	0	0	0	0	0	0	0	0	0	0	
213416	Frontal_Inf_Orb_L	0	74	6770	330	10696	258	3768	434	14504	0	298	464	13338	816	0	0	0	0	2052	138	3030	900	1398	218	0	266	2132	392	23550	164	918	420	848	184	0	0	622	0	102	0	482	0	0	0	0	0	0	0	0	0	0	0	0	0	298	0	0	0	0	0	0	0	0	0	0	0	0	0	0	0	3638	962	9710	110	0	0	0	0	0	0	0	0	2424	0	0	0	0	0	0	0	0	0	0	0	0	0	0	0	0	0	0	0	0	0	0	0	0	0	0	0	0	0	0	0	0	0	
85832	Frontal_Inf_Orb_R	0	0	504	5210	0	3422	166	3404	0	6962	0	370	0	6288	0	0	84	0	508	144	0	810	0	102	0	0	0	738	248	7420	0	178	0	0	0	0	0	0	0	0	0	0	0	0	0	0	0	0	0	0	0	0	0	0	0	0	0	0	0	0	0	0	0	0	0	0	0	0	0	0	956	3196	258	1614	0	0	0	82	0	0	0	0	0	252	0	0	0	0	0	0	0	0	0	0	0	0	0	0	0	0	0	0	0	0	0	0	0	0	0	0	0	0	0	0	0	0	
235040	Rolandic_Oper_L	5254	1248	2922	394	0	0	1848	248	0	0	8872	1344	1310	0	0	84	0	768	1888	378	0	0	0	0	0	0	0	0	27136	1560	94	82	124	0	98	0	964	90	0	0	0	0	518	0	308	0	266	0	0	0	944	0	338	0	366	0	9292	272	0	0	652	0	3078	0	158	0	378	0	108	0	5444	1248	2890	694	768	158	2508	504	5458	0	11510	116	4012	90	5580	0	0	0	3156	0	0	0	0	0	0	0	0	0	0	0	0	0	0	0	0	0	0	0	0	0	0	0	0	0	0	0	
150576	Rolandic_Oper_R	954	900	732	3118	0	0	540	662	0	0	1292	3724	200	78	0	0	768	0	748	3256	0	0	0	0	0	0	0	0	1510	14786	116	0	0	156	0	530	0	3216	0	638	0	0	0	754	0	0	0	140	0	234	0	0	0	0	0	1106	468	2012	0	0	0	0	0	3700	0	0	0	894	140	274	3524	2360	884	4194	134	524	224	448	0	3400	166	10094	474	388	0	306	0	0	0	522	0	0	0	0	0	0	0	0	0	0	0	0	0	0	0	0	0	0	0	0	0	0	0	0	0	0	
594212	Supp_Motor_Area_L	3944	4246	66522	20360	618	122	8458	12138	1272	0	3608	4720	2920	4202	2052	508	1888	748	0	48468	112	112	8046	4092	0	0	186	0	10062	1612	6486	5844	12262	20636	268	0	732	760	0	228	0	0	0	0	0	0	0	0	0	0	0	0	0	0	202	336	326	524	0	0	120	0	0	264	0	0	0	0	5986	978	5382	4072	13014	2526	1194	266	1028	286	100	0	1018	482	770	0	0	0	0	0	0	0	0	0	0	0	0	0	0	0	0	0	0	0	0	0	0	0	0	0	0	0	0	0	0	0	0	0	
668584	Supp_Motor_Area_R	7844	5472	17096	53162	0	196	2634	12114	0	0	982	8190	394	5628	138	144	378	3256	48468	0	0	104	2328	6706	0	0	0	0	1302	4402	2120	4790	8244	35512	820	2008	0	2042	0	962	0	0	0	1292	0	396	0	612	0	1448	0	608	0	114	0	1170	602	6912	0	128	132	410	108	1096	0	390	756	6142	9362	17972	3656	19016	1328	9532	226	2064	398	8736	0	0	0	1060	190	0	0	448	0	0	0	552	0	0	0	0	0	0	0	0	0	0	0	0	0	0	0	0	0	0	0	0	0	0	0	0	0	0	
124512	Olfactory_L	0	0	172	74	2662	722	0	0	236	122	0	0	0	0	3030	0	0	0	112	0	0	8352	0	114	228	1080	6672	3454	3590	0	3430	3742	0	0	0	0	1578	0	952	0	1904	0	0	0	0	0	0	0	0	0	0	0	0	0	1348	0	0	0	0	0	0	0	0	0	0	0	0	0	0	0	10604	2742	3158	412	0	0	0	0	0	0	390	0	1262	0	0	0	0	0	114	0	0	0	0	0	0	0	0	0	0	0	0	0	0	0	0	0	0	0	0	0	0	0	0	0	0	0	
109948	Olfactory_R	0	0	172	90	1298	2186	0	0	138	822	0	0	0	0	900	810	0	0	112	104	8352	0	0	142	124	1218	5368	4986	154	1528	1896	2630	0	0	0	0	0	378	0	448	0	792	0	0	0	0	0	0	0	0	0	0	0	0	0	106	0	0	0	0	0	0	0	0	0	0	0	0	0	0	9760	5528	2738	1258	0	0	0	632	0	0	0	0	0	304	0	0	0	0	0	0	0	0	0	0	0	0	0	0	0	0	0	0	0	0	0	0	0	0	0	0	0	0	0	0	0	0	
379244	Frontal_Sup_Medial_L	0	502	38234	12268	4622	416	15212	2354	1226	0	120	1488	4106	1316	1398	0	0	0	8046	2328	0	0	0	21428	2098	1204	604	0	7052	502	17290	13816	6646	10134	0	0	0	0	0	0	0	0	0	0	0	0	0	0	0	0	0	0	0	0	0	0	0	0	0	0	0	0	0	0	0	0	0	0	0	0	5092	2508	5942	1670	0	0	0	0	0	0	0	0	0	0	0	0	0	0	0	0	0	0	0	0	0	0	0	0	0	0	0	0	0	0	0	0	0	0	0	0	0	0	0	0	0	0	
341984	Frontal_Sup_Medial_R	114	0	4230	33896	132	2502	1230	5786	0	0	180	2020	644	2282	218	102	0	0	4092	6706	114	142	21428	0	650	8060	156	692	1180	556	10562	28622	950	12868	0	0	0	0	0	0	0	0	0	0	0	0	0	0	0	0	0	0	0	0	0	0	0	0	0	0	0	0	0	0	0	0	0	0	0	0	798	10168	320	9422	0	0	0	170	0	0	0	0	0	0	0	0	0	0	0	0	0	0	0	0	0	0	0	0	0	0	0	0	0	0	0	0	0	0	0	0	0	0	0	0	0	0	
35272	Frontal_Med_Orb_L	0	0	718	146	2478	408	0	0	266	0	0	0	0	0	0	0	0	0	0	0	228	124	2098	650	0	1654	2226	460	0	0	4256	488	0	0	0	0	0	0	0	0	0	0	0	0	0	0	0	0	0	0	0	0	0	0	0	0	0	0	0	0	0	0	0	0	0	0	0	0	0	0	588	94	754	0	0	0	0	0	0	0	0	0	0	0	0	0	0	0	0	0	0	0	0	0	0	0	0	0	0	0	0	0	0	0	0	0	0	0	0	0	0	0	0	0	0	0	
109520	Frontal_Med_Orb_R	0	0	272	3532	328	6936	0	0	0	0	0	0	0	0	266	0	0	0	0	0	1080	1218	1204	8060	1654	0	1236	6494	0	0	2670	7792	0	0	0	0	0	0	0	0	0	0	0	0	0	0	0	0	0	0	0	0	0	0	0	0	0	0	0	0	0	0	0	0	0	0	0	0	0	0	998	5848	142	5030	0	0	0	0	0	0	0	0	0	0	0	0	0	0	0	0	0	0	0	0	0	0	0	0	0	0	0	0	0	0	0	0	0	0	0	0	0	0	0	0	0	0	
96168	Rectus_L	0	0	598	76	7224	560	0	0	1896	0	0	0	0	0	2132	0	0	0	186	0	6672	5368	604	156	2226	1236	0	2740	498	0	3036	2316	0	0	0	0	0	0	0	0	0	0	0	0	0	0	0	0	0	0	0	0	0	0	0	0	0	0	0	0	0	0	0	0	0	0	0	0	0	0	6342	1336	2772	110	0	0	0	0	0	0	0	0	0	0	0	0	0	0	0	0	0	0	0	0	0	0	0	0	0	0	0	0	0	0	0	0	0	0	0	0	0	0	0	0	0	0	
96908	Rectus_R	0	0	0	320	554	9240	0	0	0	1880	0	0	0	0	392	738	0	0	0	0	3454	4986	0	692	460	6494	2740	0	0	570	1556	3436	0	0	0	0	0	0	0	0	0	0	0	0	0	0	0	0	0	0	0	0	0	0	0	0	0	0	0	0	0	0	0	0	0	0	0	0	0	0	3222	4252	612	2766	0	0	0	90	0	0	0	0	0	0	0	0	0	0	0	0	0	0	0	0	0	0	0	0	0	0	0	0	0	0	0	0	0	0	0	0	0	0	0	0	0	0	
698976	Insula_L	8918	854	23792	2038	5268	110	15292	1678	6028	0	17200	4268	28056	2314	23550	248	27136	1510	10062	1302	3590	154	7052	1180	0	0	498	0	0	3052	4736	1642	3328	1014	452	248	9854	292	584	80	2200	0	590	0	362	0	276	0	0	0	340	0	440	0	4876	0	7914	160	0	0	2276	0	1216	0	0	0	402	0	96	0	16516	4084	30618	1468	468	0	7650	734	13192	0	16090	342	7864	144	6420	0	136	0	5234	0	0	0	0	0	0	0	0	0	0	0	0	0	0	0	0	0	0	0	0	0	0	0	0	0	0	0	
310028	Insula_R	356	488	1762	7070	0	948	1174	3986	0	2386	2412	15884	570	10804	164	7420	1560	14786	1612	4402	0	1528	502	556	0	0	0	570	3052	0	504	994	110	518	0	192	0	7394	0	2334	0	1150	0	604	0	0	0	90	0	192	0	0	0	0	0	3024	162	432	0	0	0	0	0	298	0	0	0	580	0	134	5306	9648	540	18692	100	282	404	1174	0	3096	220	7540	950	922	0	1698	0	0	0	1510	0	0	0	0	0	0	0	228	0	0	0	0	0	0	0	0	0	0	0	0	0	0	0	0	0	0	
293992	Cingulum_Ant_L	0	0	12160	7172	2570	250	2676	1394	612	0	316	636	3078	1346	918	0	94	116	6486	2120	3430	1896	17290	10562	4256	2670	3036	1556	4736	504	0	25494	5332	6242	0	0	0	0	0	0	0	0	0	0	0	0	0	0	0	0	0	0	0	0	0	0	0	0	0	0	0	0	0	0	0	0	0	0	0	0	7784	2954	5744	1480	0	0	0	0	0	0	0	0	86	0	0	0	0	0	0	0	0	0	0	0	0	0	0	0	0	0	0	0	0	0	0	0	0	0	0	0	0	0	0	0	0	0	
383916	Cingulum_Ant_R	256	0	5462	23958	340	388	1562	3846	0	0	214	870	936	2212	420	178	82	0	5844	4790	3742	2630	13816	28622	488	7792	2316	3436	1642	994	25494	0	2890	15020	0	0	0	0	0	0	0	0	0	0	0	0	0	0	0	0	0	0	0	0	0	0	0	0	0	0	0	0	0	0	0	0	0	0	0	0	5690	14316	1026	10542	0	0	0	144	0	0	0	0	0	0	0	0	0	0	0	0	0	0	0	0	0	0	0	0	0	0	0	0	0	0	0	0	0	0	0	0	0	0	0	0	0	0	
171248	Cingulum_Mid_L	214	322	6512	1922	0	0	3248	298	448	0	358	152	1876	148	848	0	124	0	12262	8244	0	0	6646	950	0	0	0	0	3328	110	5332	2890	0	14922	2706	244	0	0	0	0	0	0	148	98	112	104	0	0	910	114	1038	0	0	0	0	0	436	106	350	0	0	0	0	0	0	0	2594	644	2080	368	596	112	1516	102	0	0	0	0	0	0	0	0	0	0	92	0	0	0	0	0	0	0	0	0	0	0	0	0	0	0	0	0	0	0	0	0	0	0	0	0	0	0	0	0	0	0	
392652	Cingulum_Mid_R	1000	1178	5006	11570	0	0	874	3636	110	0	270	3064	496	2716	184	0	0	156	20636	35512	0	0	10134	12868	0	0	0	0	1014	518	6242	15020	14922	0	1618	2686	0	260	0	150	0	0	0	1836	0	1574	0	690	0	2398	0	888	0	168	0	170	0	5466	0	94	0	220	0	508	0	320	1850	8854	2710	11368	504	1442	292	1776	0	76	0	0	0	0	0	164	0	0	0	688	0	0	0	430	0	0	0	0	0	0	0	0	0	0	0	0	0	0	0	0	0	0	0	0	0	0	0	0	0	0	
99048	Cingulum_Post_L	2320	1360	96	264	0	0	156	0	0	0	0	0	0	0	0	0	98	0	268	820	0	0	0	0	0	0	0	0	452	0	0	0	2706	1618	0	7934	2940	3762	1684	428	0	0	1338	0	638	0	1820	344	80	0	250	0	806	0	1158	124	2548	0	0	0	0	0	0	0	0	0	4450	924	2590	1564	104	132	0	0	0	0	970	1070	108	0	0	0	0	0	1130	0	0	0	470	0	0	0	0	0	0	0	0	0	0	0	0	0	0	0	0	0	0	0	0	0	0	0	0	0	0	0	
104128	Cingulum_Post_R	1076	1314	0	324	0	0	132	0	0	0	0	0	0	0	0	0	0	530	0	2008	0	0	0	0	0	0	0	0	248	192	0	0	244	2686	7934	0	3460	6628	1510	624	0	0	0	676	0	158	1032	942	0	938	0	354	0	0	124	646	284	1222	0	0	0	76	0	304	0	194	786	6214	530	2684	0	0	0	102	0	0	1152	1684	186	78	0	726	0	0	0	1178	0	0	0	884	0	0	0	0	0	0	0	0	0	0	0	0	0	0	0	0	0	0	0	0	0	0	0	0	0	0	
230432	Hippocampus_L	2094	224	3002	220	0	0	3174	0	0	0	382	0	74	0	622	0	964	0	732	0	1578	0	0	0	0	0	0	0	9854	0	0	0	0	0	2940	3460	0	3598	13702	676	8024	0	478	0	0	0	3736	848	0	0	0	0	120	0	16786	146	632	0	0	0	232	0	0	0	0	0	1250	554	158	0	1248	358	8874	138	486	0	5734	1896	2808	0	2928	0	2096	0	1594	0	348	0	6324	0	0	0	0	0	0	0	124	0	0	0	0	0	0	0	0	0	0	0	0	0	0	0	0	0	0	0	
289012	Hippocampus_R	2154	1790	590	3380	0	0	332	1362	0	0	106	272	0	74	0	0	90	3216	760	2042	0	378	0	0	0	0	0	0	292	7394	0	0	0	260	3762	6628	3598	0	1778	24372	0	9588	0	602	0	0	1150	2310	0	0	0	0	0	186	166	20880	678	708	0	0	0	0	0	756	0	0	280	3026	1044	240	506	218	146	14272	0	454	1386	4170	190	1270	0	5158	0	422	0	3972	0	0	0	5114	0	0	0	0	0	0	0	984	0	0	0	0	0	0	0	0	0	0	0	0	0	0	0	0	0	0	
103180	ParaHippocampal_L	0	0	182	0	0	0	94	0	0	0	0	0	0	0	102	0	0	0	0	0	952	0	0	0	0	0	0	0	584	0	0	0	0	0	1684	1510	13702	1778	0	404	3404	0	658	0	0	0	4868	616	0	0	328	0	1106	0	10814	80	0	0	0	0	0	0	0	0	0	0	1108	224	0	0	80	0	954	0	0	0	1286	780	0	0	114	0	448	0	0	0	220	0	1538	0	310	0	0	0	696	0	422	0	424	0	0	0	0	0	0	0	0	0	0	120	0	0	0	0	0	0	
157700	ParaHippocampal_R	0	102	108	1066	0	0	0	128	0	0	0	0	0	0	0	0	0	638	228	962	0	448	0	0	0	0	0	0	80	2334	0	0	0	150	428	624	676	24372	404	0	0	8620	0	476	0	0	182	2252	0	0	0	0	0	176	0	18934	0	0	0	0	0	0	0	0	0	0	0	1026	0	0	98	0	0	8020	0	394	164	1008	0	324	0	444	0	500	0	102	0	0	0	1880	0	0	0	0	0	0	0	1502	0	0	0	0	0	0	0	0	0	0	0	0	0	0	0	0	0	0	
51588	Amygdala_L	0	0	0	0	0	0	0	0	0	0	0	0	0	0	482	0	0	0	0	0	1904	0	0	0	0	0	0	0	2200	0	0	0	0	0	0	0	8024	0	3404	0	0	0	0	0	0	0	0	0	0	0	0	0	0	0	5196	0	0	0	0	0	0	0	0	0	0	0	0	0	0	0	0	0	298	0	0	0	0	0	0	0	782	0	1676	0	516	0	234	0	1078	0	0	0	0	0	0	0	0	0	0	0	0	0	0	0	0	0	0	0	0	0	0	0	0	0	0	0	
57028	Amygdala_R	0	0	0	0	0	0	0	0	0	0	0	0	0	0	0	0	0	0	0	0	0	792	0	0	0	0	0	0	0	1150	0	0	0	0	0	0	0	9588	0	8620	0	0	0	0	0	0	0	0	0	0	0	0	0	0	0	5226	0	0	0	0	0	0	0	0	0	0	0	0	0	0	0	0	0	1522	0	0	0	0	0	0	0	0	0	908	0	0	0	0	0	480	0	0	0	0	0	0	0	228	0	0	0	0	0	0	0	0	0	0	0	0	0	0	0	0	0	0	
238872	Calcarine_L	460	0	78	0	0	0	108	0	0	0	0	0	0	0	0	0	518	0	0	0	0	0	0	0	0	0	0	0	590	0	0	0	148	0	1338	0	478	0	658	0	0	0	0	6906	14336	4392	19554	2272	8390	3176	22332	836	6262	0	2424	0	436	0	1386	0	146	0	0	0	256	0	12070	220	608	0	0	0	0	0	0	0	0	0	266	0	114	0	0	0	6090	0	0	0	1738	0	0	0	0	0	0	0	102	0	600	0	0	0	0	0	0	0	0	0	0	0	0	148	0	0	0	0	
414900	Calcarine_R	0	812	0	302	0	0	0	0	0	0	0	0	0	0	0	0	0	754	0	1292	0	0	0	0	0	0	0	0	0	604	0	0	98	1836	0	676	0	602	0	476	0	0	6906	0	3016	22924	3296	29436	860	28974	0	23000	0	10860	0	7392	0	2434	0	198	0	782	0	1762	0	660	896	35650	0	3596	0	0	0	108	0	0	0	0	0	254	0	990	0	0	0	7736	0	0	0	6994	0	0	0	0	0	0	0	348	0	246	0	0	0	0	0	0	0	0	0	0	590	90	0	0	0	0	
181908	Cuneus_L	354	0	0	0	0	0	78	0	0	0	0	0	0	0	0	0	308	0	0	0	0	0	0	0	0	0	0	0	362	0	0	0	112	0	638	0	0	0	0	0	0	0	14336	3016	0	4748	6032	398	20356	1818	15688	120	1998	0	708	0	430	0	1452	0	224	0	0	0	468	0	11076	1070	448	0	0	0	0	0	0	0	0	0	162	0	0	0	0	0	3730	0	0	0	642	0	0	0	0	0	0	0	0	0	182	0	0	0	0	0	0	0	0	0	0	0	0	0	0	0	0	0	
221768	Cuneus_R	0	0	0	0	0	0	0	0	0	0	0	0	0	0	0	0	0	0	0	396	0	0	0	0	0	0	0	0	0	0	0	0	104	1574	0	158	0	0	0	0	0	0	4392	22924	4748	0	2208	5714	1210	27842	98	9488	0	1580	0	252	0	130	0	428	0	0	0	0	0	368	5270	17754	0	636	0	0	0	0	0	0	0	0	0	0	0	0	0	0	0	1888	0	0	0	1722	0	0	0	0	0	0	0	0	0	0	0	0	0	0	0	0	0	0	0	0	0	0	0	0	0	0	
319152	Lingual_L	202	0	0	0	0	0	0	0	0	0	0	0	0	0	0	0	266	0	0	0	0	0	0	0	0	0	0	0	276	0	0	0	0	0	1820	1032	3736	1150	4868	182	0	0	19554	3296	6032	2208	0	4466	2878	2870	17512	1070	11214	0	19268	298	304	0	912	0	0	0	0	0	134	0	7978	260	350	0	0	0	0	0	0	0	802	474	0	0	0	0	0	0	2770	0	0	0	1358	0	6226	598	340	0	134	76	8646	416	16218	898	160	0	312	0	0	0	0	0	0	98	2268	3296	350	0	0	0	
338544	Lingual_R	0	264	0	204	0	0	0	0	0	0	0	0	0	0	0	0	0	140	0	612	0	0	0	0	0	0	0	0	0	90	0	0	0	690	344	942	848	2310	616	2252	0	0	2272	29436	398	5714	4466	0	118	12990	186	12994	408	6758	1780	17086	0	1016	0	76	0	384	0	664	0	196	412	12942	0	1424	0	0	0	0	0	0	0	378	0	0	0	146	0	0	0	1102	0	0	0	798	2210	5206	78	0	0	0	1926	7148	4700	10988	0	0	142	122	0	0	0	0	0	0	6064	6942	290	0	0	0	
198036	Occipital_Sup_L	0	0	0	0	0	0	0	0	0	0	0	0	0	0	0	0	0	0	0	0	0	0	0	0	0	0	0	0	0	0	0	0	910	0	80	0	0	0	0	0	0	0	8390	860	20356	1210	2878	118	0	166	30454	0	1316	0	612	0	828	0	8674	0	3328	0	394	0	2780	0	12256	504	274	0	0	0	0	0	0	0	0	0	0	0	126	0	0	0	1960	0	0	0	360	0	0	0	0	0	0	0	0	0	184	0	0	0	0	0	0	0	0	0	0	0	0	0	0	0	0	0	
337968	Occipital_Sup_R	0	536	0	0	0	0	0	0	0	0	0	0	0	0	0	0	0	234	0	1448	0	0	0	0	0	0	0	0	0	192	0	0	114	2398	0	938	0	0	0	0	0	0	3176	28974	1818	27842	2870	12990	166	0	0	28184	0	2396	0	424	0	3374	0	7756	0	4004	0	760	0	8136	1462	20128	0	4362	0	0	0	0	0	0	0	0	0	0	0	118	0	0	0	2490	0	0	0	1608	0	0	0	0	0	0	0	0	0	86	0	0	0	0	0	0	0	0	0	0	0	0	0	0	0	0	
418028	Occipital_Mid_L	316	0	140	0	0	0	0	0	0	0	0	0	0	0	0	0	944	0	0	0	0	0	0	0	0	0	0	0	340	0	0	0	1038	0	250	0	0	0	328	0	0	0	22332	0	15688	98	17512	186	30454	0	0	0	20590	0	8192	0	5764	0	11982	0	11506	0	1454	0	19030	0	13874	0	1596	0	0	0	0	0	0	0	0	0	0	0	1058	0	0	0	18790	0	0	0	2660	0	294	0	0	0	0	0	392	0	1888	0	0	0	0	0	0	0	0	0	0	0	128	190	0	0	0	0	
275808	Occipital_Mid_R	0	308	0	0	0	0	0	0	0	0	0	0	0	0	0	0	0	0	0	608	0	0	0	0	0	0	0	0	0	0	0	0	0	888	0	354	0	0	0	0	0	0	836	23000	120	9488	1070	12994	0	28184	0	0	0	5834	0	564	0	932	0	3620	0	5408	0	838	0	15658	652	10634	0	1962	0	0	0	0	0	0	0	0	0	0	0	262	0	0	0	11694	0	0	0	1872	0	0	0	0	0	0	0	0	0	124	0	0	0	0	0	0	0	0	0	0	0	0	0	0	0	0	
166148	Occipital_Inf_L	234	0	0	0	0	0	0	0	0	0	0	0	0	0	0	0	338	0	0	0	0	0	0	0	0	0	0	0	440	0	0	0	0	0	806	0	120	0	1106	0	0	0	6262	0	1998	0	11214	408	1316	0	20590	0	0	0	14662	0	548	0	90	0	74	0	0	0	234	0	2644	0	332	0	0	0	0	0	0	0	0	0	216	0	236	0	0	0	6892	0	0	0	4724	0	1336	0	98	0	0	0	1128	0	4024	78	0	0	0	0	0	0	0	0	0	0	448	478	0	0	0	0	
111056	Occipital_Inf_R	0	172	0	0	0	0	0	0	0	0	0	0	0	0	0	0	0	0	0	114	0	0	0	0	0	0	0	0	0	0	0	0	0	168	0	0	0	186	0	176	0	0	0	10860	0	1580	0	6758	0	2396	0	5834	0	0	0	8504	0	86	0	0	0	0	0	0	0	0	0	6208	0	336	0	0	0	0	0	0	0	0	0	146	0	586	0	0	0	1444	0	0	0	6988	0	348	0	0	0	0	0	292	0	1538	0	0	0	0	0	0	0	0	0	0	168	640	0	0	0	0	
404984	Fusiform_L	112	0	1320	0	0	0	1176	0	0	0	96	0	0	0	298	0	366	0	202	0	1348	0	0	0	0	0	0	0	4876	0	0	0	0	0	1158	124	16786	166	10814	0	5196	0	2424	0	708	0	19268	1780	612	0	8192	0	14662	0	0	112	284	0	0	0	0	0	0	0	0	0	1692	0	204	0	92	0	3246	0	0	0	584	0	280	0	2870	0	2142	0	3914	0	1042	0	17342	0	20086	224	1918	0	576	0	13672	424	31916	332	786	0	2260	0	238	0	0	0	0	0	2344	1982	246	0	0	0	
350084	Fusiform_R	0	186	210	1088	0	0	0	162	0	0	0	0	0	0	0	0	0	1106	336	1170	0	106	0	0	0	0	0	0	0	3024	0	0	0	170	124	646	146	20880	80	18934	0	5226	0	7392	0	252	298	17086	0	424	0	564	0	8504	112	0	0	78	0	0	0	0	0	0	0	0	0	4232	0	170	86	90	0	9434	0	208	0	564	0	596	0	1374	0	2236	0	1182	0	1036	0	10030	598	15464	0	434	0	328	224	8752	896	20302	0	0	122	736	0	190	0	0	0	0	3100	4086	268	0	0	0	
263044	Postcentral_L	23258	2262	952	618	0	0	1756	162	0	0	4434	0	394	0	0	0	9292	468	326	602	0	0	0	0	0	0	0	0	7914	162	0	0	436	0	2548	284	632	678	0	0	0	0	436	0	430	0	304	0	828	0	5764	0	548	0	284	0	0	676	5684	0	20464	0	5744	82	3566	0	2394	0	6764	134	4192	1036	2388	242	912	282	2034	896	2732	112	2844	0	0	0	2056	0	0	0	368	0	0	0	0	0	0	0	0	0	148	0	0	0	0	0	0	0	0	0	0	0	0	0	0	0	0	0	
179124	Postcentral_R	2390	12562	812	1364	0	0	482	1886	0	0	76	2130	0	0	0	0	272	2012	524	6912	0	0	0	0	0	0	0	0	160	432	0	0	106	5466	0	1222	0	708	0	0	0	0	0	2434	0	130	0	1016	0	3374	0	932	0	86	0	78	676	0	0	3342	0	3474	0	10284	0	660	80	7238	1614	10062	1440	274	358	774	0	120	0	208	0	0	0	482	0	0	0	512	0	0	0	398	0	0	0	0	0	0	0	0	0	0	0	0	0	0	0	0	0	0	0	0	0	0	0	0	0	0	
106532	Parietal_Sup_L	0	0	0	0	0	0	0	0	0	0	0	0	0	0	0	0	0	0	0	0	0	0	0	0	0	0	0	0	0	0	0	0	350	0	0	0	0	0	0	0	0	0	1386	0	1452	0	912	0	8674	0	11982	0	90	0	0	0	5684	0	0	0	7296	0	126	0	2806	0	11824	0	92	0	0	0	0	0	0	0	0	0	0	0	0	0	0	0	518	0	0	0	74	0	0	0	0	0	0	0	0	0	0	0	0	0	0	0	0	0	0	0	0	0	0	0	0	0	0	0	
79892	Parietal_Sup_R	0	288	0	112	0	0	0	0	0	0	0	0	0	0	0	0	0	0	0	128	0	0	0	0	0	0	0	0	0	0	0	0	0	94	0	0	0	0	0	0	0	0	0	198	0	428	0	76	0	7756	0	3620	0	0	0	0	0	3342	0	0	0	7162	0	2954	0	7276	474	5174	0	666	0	0	0	0	0	0	0	0	0	0	0	0	0	0	0	116	0	0	0	82	0	0	0	0	0	0	0	0	0	0	0	0	0	0	0	0	0	0	0	0	0	0	0	0	0	0	
177776	Parietal_Inf_L	3950	340	180	372	0	0	536	156	0	0	0	0	0	0	0	0	652	0	120	132	0	0	0	0	0	0	0	0	2276	0	0	0	0	0	0	0	232	0	0	0	0	0	146	0	224	0	0	0	3328	0	11506	0	74	0	0	0	20464	0	7296	0	0	0	13050	0	15442	0	1766	0	256	0	608	212	596	0	0	0	584	186	490	0	1248	0	0	0	2214	0	0	0	252	0	0	0	0	0	0	0	0	0	0	0	0	0	0	0	0	0	0	0	0	0	0	0	0	0	0	0	
103492	Parietal_Inf_R	164	1148	0	342	0	0	0	424	0	0	0	0	0	0	0	0	0	0	0	410	0	0	0	0	0	0	0	0	0	0	0	0	0	220	0	76	0	0	0	0	0	0	0	782	0	0	0	384	0	4004	0	5408	0	0	0	0	0	3474	0	7162	0	0	0	11256	0	11528	0	1376	128	724	0	0	0	0	0	0	0	0	0	0	0	550	0	0	0	1434	0	0	0	752	0	0	0	0	0	0	0	0	0	0	0	0	0	0	0	0	0	0	0	0	0	0	0	0	0	0	
94668	SupraMarginal_L	1158	98	0	124	0	0	164	110	0	0	0	0	0	0	0	0	3078	0	0	108	0	0	0	0	0	0	0	0	1216	0	0	0	0	0	0	0	0	0	0	0	0	0	0	0	0	0	0	0	394	0	1454	0	0	0	0	0	5744	0	126	0	13050	0	0	0	5748	0	138	0	166	0	226	0	86	0	0	0	0	0	286	0	7186	0	0	0	5962	0	0	0	712	0	0	0	0	0	0	0	0	0	0	0	0	0	0	0	0	0	0	0	0	0	0	0	0	0	0	0	
131540	SupraMarginal_R	1686	2706	276	868	0	0	78	1056	0	0	0	82	0	0	0	0	0	3700	264	1096	0	0	0	0	0	0	0	0	0	298	0	0	0	508	0	304	0	756	0	0	0	0	0	1762	0	0	0	664	0	760	0	838	0	0	0	0	82	10284	0	2954	0	11256	0	0	0	6406	0	2394	1368	1558	256	0	0	210	0	0	0	82	0	262	0	5890	0	0	0	3452	0	0	0	1614	0	0	0	0	0	0	0	0	0	0	0	0	0	0	0	0	0	0	0	0	0	0	0	0	0	0	
132108	Angular_L	0	0	0	0	0	0	0	0	0	0	0	0	0	0	0	0	158	0	0	0	0	0	0	0	0	0	0	0	0	0	0	0	0	0	0	0	0	0	0	0	0	0	256	0	468	0	134	0	2780	0	19030	0	234	0	0	0	3566	0	2806	0	15442	0	5748	0	0	0	1216	0	128	0	0	0	0	0	0	0	0	0	0	0	3034	0	0	0	10294	0	0	0	760	0	0	0	0	0	0	0	0	0	0	0	0	0	0	0	0	0	0	0	0	0	0	0	0	0	0	0	
124480	Angular_R	0	178	0	0	0	0	0	0	0	0	0	0	0	0	0	0	0	0	0	390	0	0	0	0	0	0	0	0	0	0	0	0	0	320	0	194	0	0	0	0	0	0	0	660	0	368	0	196	0	8136	0	15658	0	0	0	0	0	660	0	7276	0	11528	0	6406	0	0	0	1020	0	684	0	0	0	0	0	0	0	0	0	0	0	2118	0	0	0	5184	0	0	0	1264	0	0	0	0	0	0	0	0	0	0	0	0	0	0	0	0	0	0	0	0	0	0	0	0	0	0	
242120	Precuneus_L	342	80	0	0	0	0	80	0	0	0	0	0	0	0	0	0	378	0	0	756	0	0	0	0	0	0	0	0	402	0	0	0	2594	1850	4450	786	1250	280	1108	0	0	0	12070	896	11076	5270	7978	412	12256	1462	13874	652	2644	0	1692	0	2394	80	11824	474	1766	0	138	0	1216	0	0	9402	1678	744	0	0	0	0	0	0	0	0	254	0	170	0	0	0	4720	130	0	0	1128	0	0	0	0	0	0	0	80	0	224	0	0	0	0	0	0	0	0	0	0	0	0	0	0	0	0	0	
390868	Precuneus_R	0	1276	0	392	0	0	0	0	0	0	0	0	0	0	0	0	0	894	0	6142	0	0	0	0	0	0	0	0	0	580	0	0	644	8854	924	6214	554	3026	224	1026	0	0	220	35650	1070	17754	260	12942	504	20128	0	10634	0	6208	0	4232	0	7238	0	5174	0	1376	0	2394	0	1020	9402	0	130	10980	0	0	0	164	0	0	0	246	0	258	0	1074	0	0	0	8020	0	0	0	7078	0	0	0	0	0	0	0	114	0	0	0	0	0	0	0	0	0	0	0	0	414	0	0	0	0	0	
188896	Paracentral_Lobule_L	23052	8686	4540	2942	0	0	252	402	0	0	0	142	0	0	0	0	108	140	5986	9362	0	0	0	0	0	0	0	0	96	0	0	0	2080	2710	2590	530	158	1044	0	0	0	0	608	0	448	0	350	0	274	0	1596	0	332	0	204	0	6764	1614	92	0	256	128	166	1368	128	0	1678	130	0	5244	248	2332	110	0	0	340	2118	1258	0	0	118	0	0	0	1350	0	0	0	264	0	0	0	0	0	0	0	0	0	110	0	0	0	0	0	0	0	0	0	0	0	0	0	0	0	0	0	
197344	Paracentral_Lobule_R	3096	11336	0	676	0	0	0	0	0	0	0	0	0	0	0	0	0	274	978	17972	0	0	0	0	0	0	0	0	0	134	0	0	368	11368	1564	2684	0	240	0	0	0	0	0	3596	0	636	0	1424	0	4362	0	1962	0	336	0	170	134	10062	0	666	0	724	0	1558	0	684	744	10980	5244	0	0	172	0	0	0	0	0	176	0	0	0	678	0	0	0	2350	0	0	0	1324	0	0	0	0	0	0	0	0	0	0	0	0	0	0	0	0	0	0	0	0	0	0	0	0	0	0	
489384	Caudate_L	6968	7078	10948	5012	2354	1262	8530	5218	850	188	10110	8940	6178	4184	3638	956	5444	3524	5382	3656	10604	9760	5092	798	588	998	6342	3222	16516	5306	7784	5690	596	504	104	0	1248	506	80	98	0	0	0	0	0	0	0	0	0	0	0	0	0	0	92	86	4192	1440	0	0	608	0	226	256	0	0	0	0	248	0	0	15794	21972	3720	3522	322	8940	2744	330	268	768	586	2144	178	0	0	0	0	0	0	0	0	0	0	0	0	0	0	0	0	0	0	0	0	0	0	0	0	0	0	0	0	0	0	0	0	
464288	Caudate_R	4894	1134	3632	22600	576	5678	2296	4754	222	908	2280	7994	1226	4484	962	3196	1248	2360	4072	19016	2742	5528	2508	10168	94	5848	1336	4252	4084	9648	2954	14316	112	1442	132	0	358	218	0	0	0	0	0	0	0	0	0	0	0	0	0	0	0	0	0	90	1036	274	0	0	212	0	0	0	0	0	0	0	2332	172	15794	0	2880	25688	370	3426	928	18520	90	136	138	338	258	190	0	0	0	0	0	0	0	0	0	0	0	0	0	0	0	0	0	0	0	0	0	0	0	0	0	0	0	0	0	0	0	0	
421476	Putamen_L	4592	570	29700	1080	6924	240	13170	388	3960	0	1738	688	2092	308	9710	258	2890	884	13014	1328	3158	2738	5942	320	754	142	2772	612	30618	540	5744	1026	1516	292	0	0	8874	146	954	0	298	0	0	0	0	0	0	0	0	0	0	0	0	0	3246	0	2388	358	0	0	596	0	86	0	0	0	0	0	110	0	21972	2880	0	1118	8984	0	2282	144	572	96	3548	130	1236	0	300	0	0	0	712	0	0	0	0	0	0	0	0	0	0	0	0	0	0	0	0	0	0	0	0	0	0	0	0	0	0	0	
395544	Putamen_R	826	576	2246	22946	0	7484	1866	4442	0	3006	992	1986	368	820	110	1614	694	4194	2526	9532	412	1258	1670	9422	0	5030	110	2766	1468	18692	1480	10542	102	1776	0	102	138	14272	0	8020	0	1522	0	108	0	0	0	0	0	0	0	0	0	0	0	9434	242	774	0	0	0	0	0	210	0	0	0	164	0	0	3720	25688	1118	0	94	3050	370	2264	0	294	100	1670	312	136	0	718	0	0	0	1716	0	0	0	0	0	0	0	580	0	0	0	0	0	0	0	0	0	0	0	0	0	0	0	0	0	0	
60780	Pallidum_L	926	230	4714	232	0	0	4412	0	0	0	0	0	0	0	0	0	768	134	1194	226	0	0	0	0	0	0	0	0	468	100	0	0	0	0	0	0	486	0	0	0	0	0	0	0	0	0	0	0	0	0	0	0	0	0	0	0	912	0	0	0	0	0	0	0	0	0	0	0	0	0	3522	370	8984	94	0	0	2114	148	112	0	244	0	0	0	0	0	0	0	0	0	0	0	0	0	0	0	0	0	0	0	0	0	0	0	0	0	0	0	0	0	0	0	0	0	0	0	
31452	Pallidum_R	628	138	138	2526	0	0	0	0	0	0	0	74	0	0	0	0	158	524	266	2064	0	0	0	0	0	0	0	0	0	282	0	0	0	76	0	0	0	454	0	394	0	0	0	0	0	0	0	0	0	0	0	0	0	0	0	208	282	120	0	0	0	0	0	0	0	0	0	0	340	0	322	3426	0	3050	0	0	0	256	0	0	0	0	0	0	0	0	0	0	0	0	0	0	0	0	0	0	0	0	0	0	0	0	0	0	0	0	0	0	0	0	0	0	0	0	0	0	
140596	Thalamus_L	8644	1756	3258	2036	0	0	1454	134	0	0	278	170	0	0	0	0	2508	224	1028	398	0	0	0	0	0	0	0	0	7650	404	0	0	0	0	970	1152	5734	1386	1286	164	0	0	0	0	0	0	802	0	0	0	0	0	0	0	584	0	2034	0	0	0	584	0	0	0	0	0	0	0	2118	0	8940	928	2282	370	2114	0	0	4592	2270	0	1080	0	0	0	316	0	0	0	650	0	0	0	0	0	0	0	0	0	0	0	0	0	0	0	0	0	0	0	0	0	0	0	0	0	0	0	
153676	Thalamus_R	3636	5402	338	9110	0	88	202	1062	0	0	130	0	0	0	0	82	504	448	286	8736	0	632	0	170	0	0	0	90	734	1174	0	144	0	0	1070	1684	1896	4170	780	1008	0	0	0	0	0	0	474	378	0	0	0	0	0	0	0	564	896	208	0	0	186	0	0	82	0	0	0	246	1258	176	2744	18520	144	2264	148	256	4592	0	126	0	0	0	0	0	0	0	0	0	0	0	0	0	0	0	0	0	0	0	0	0	0	0	0	0	0	0	0	0	0	0	0	0	0	0	0	0	
98268	Heschl_L	4772	76	202	88	0	0	2174	140	0	0	934	0	0	0	0	0	5458	0	100	0	0	0	0	0	0	0	0	0	13192	0	0	0	0	0	108	186	2808	190	0	0	0	0	266	0	162	0	0	0	0	0	0	0	216	0	280	0	2732	0	0	0	490	0	286	0	0	0	254	0	0	0	330	90	572	0	112	0	2270	126	0	0	5500	0	0	0	2992	0	0	0	2028	0	0	0	0	0	0	0	0	0	0	0	0	0	0	0	0	0	0	0	0	0	0	0	0	0	0	0	
42940	Heschl_R	108	0	0	0	0	0	0	0	0	0	0	76	0	0	0	0	0	3400	0	0	0	0	0	0	0	0	0	0	0	3096	0	0	0	0	0	78	0	1270	0	324	0	0	0	254	0	0	0	0	0	0	0	0	0	146	0	596	112	0	0	0	0	0	0	262	0	0	0	258	0	0	268	136	96	294	0	0	0	0	0	0	0	7602	0	128	0	1012	0	0	0	1954	0	0	0	0	0	0	0	0	0	0	0	0	0	0	0	0	0	0	0	0	0	0	0	0	0	0	
200788	Temporal_Sup_L	808	146	1486	74	0	0	682	104	0	0	998	232	96	0	0	0	11510	166	1018	0	390	0	0	0	0	0	0	0	16090	220	0	0	0	0	0	0	2928	0	114	0	782	0	114	0	0	0	0	0	126	0	1058	0	236	0	2870	0	2844	0	0	0	1248	0	7186	0	3034	0	170	0	118	0	768	138	3548	100	244	0	1080	0	5500	0	0	0	4326	0	21430	0	0	0	6412	0	0	0	0	0	0	0	0	0	0	0	0	0	0	0	0	0	0	0	0	0	0	0	0	0	0	0	
166668	Temporal_Sup_R	104	902	564	1166	0	0	382	388	0	0	310	268	82	0	0	0	116	10094	482	1060	0	0	0	0	0	0	0	0	342	7540	0	0	0	164	0	726	0	5158	0	444	0	0	0	990	0	0	0	146	0	118	0	262	0	586	0	1374	0	482	0	0	0	550	0	5890	0	2118	0	1074	0	678	586	338	130	1670	0	0	0	0	0	7602	0	0	86	2546	0	16328	0	78	0	9410	0	0	0	0	0	0	0	0	0	0	0	0	0	0	0	0	0	0	0	0	0	0	0	0	0	0	
109120	Temporal_Pole_Sup_L	0	0	914	110	962	0	168	0	640	0	4036	788	668	0	2424	0	4012	474	770	190	1262	0	0	0	0	0	0	0	7864	950	86	0	0	0	0	0	2096	0	448	0	1676	0	0	0	0	0	0	0	0	0	0	0	0	0	2142	0	0	0	0	0	0	0	0	0	0	0	0	0	0	0	2144	258	1236	312	0	0	0	0	0	0	4326	86	0	0	5992	0	3390	0	4136	0	0	0	0	0	0	0	0	0	0	0	0	0	0	0	0	0	0	0	0	0	0	0	0	0	0	0	
28936	Temporal_Pole_Sup_R	0	0	0	0	0	0	0	0	0	0	112	440	0	0	0	252	90	388	0	0	0	304	0	0	0	0	0	0	144	922	0	0	0	0	0	0	0	422	0	500	0	908	0	0	0	0	0	0	0	0	0	0	0	0	0	2236	0	0	0	0	0	0	0	0	0	0	0	0	0	0	178	190	0	136	0	0	0	0	0	128	0	2546	0	0	0	1740	0	960	0	1872	0	0	0	0	0	0	0	0	0	0	0	0	0	0	0	0	0	0	0	0	0	0	0	0	0	0	
315536	Temporal_Mid_L	1690	0	232	0	0	0	402	0	0	0	0	0	0	0	0	0	5580	0	0	0	0	0	0	0	0	0	0	0	6420	0	0	0	92	0	1130	0	1594	0	0	0	516	0	6090	0	3730	0	2770	0	1960	0	18790	0	6892	0	3914	0	2056	0	518	0	2214	0	5962	0	10294	0	4720	0	1350	0	0	0	300	0	0	0	316	0	2992	0	21430	0	5992	0	0	0	3398	0	34344	0	0	0	0	0	0	0	0	0	80	0	0	0	0	0	0	0	0	0	0	0	0	0	0	0	0	0	
199480	Temporal_Mid_R	0	2880	0	1088	0	0	0	0	0	0	0	0	0	0	0	0	0	306	0	448	0	0	0	0	0	0	0	0	0	1698	0	0	0	688	0	1178	0	3972	0	102	0	0	0	7736	0	1888	0	1102	0	2490	0	11694	0	1444	0	1182	0	512	0	116	0	1434	0	3452	0	5184	130	8020	0	2350	0	0	0	718	0	0	0	0	0	1012	0	16328	0	1740	0	0	0	496	0	18352	0	0	0	0	0	0	0	0	0	0	0	0	0	0	0	0	0	0	0	0	0	0	0	0	0	0	
23812	Temporal_Pole_Mid_L	0	0	0	0	0	0	0	0	0	0	0	0	0	0	0	0	0	0	0	0	0	0	0	0	0	0	0	0	136	0	0	0	0	0	0	0	348	0	220	0	234	0	0	0	0	0	0	0	0	0	0	0	0	0	1042	0	0	0	0	0	0	0	0	0	0	0	0	0	0	0	0	0	0	0	0	0	0	0	0	0	0	0	3390	0	3398	0	0	0	3138	0	0	0	0	0	0	0	0	0	0	0	0	0	0	0	0	0	0	0	0	0	0	0	0	0	0	0	
6608	Temporal_Pole_Mid_R	0	0	0	0	0	0	0	0	0	0	0	0	0	0	0	0	0	0	0	0	0	0	0	0	0	0	0	0	0	0	0	0	0	0	0	0	0	0	0	0	0	0	0	0	0	0	0	0	0	0	0	0	0	0	0	1036	0	0	0	0	0	0	0	0	0	0	0	0	0	0	0	0	0	0	0	0	0	0	0	0	0	78	0	960	0	496	0	0	0	734	0	0	0	0	0	0	0	0	0	0	0	0	0	0	0	0	0	0	0	0	0	0	0	0	0	0	
222524	Temporal_Inf_L	692	0	328	0	0	0	408	0	0	0	88	0	0	0	0	0	3156	0	0	0	114	0	0	0	0	0	0	0	5234	0	0	0	0	0	470	0	6324	0	1538	0	1078	0	1738	0	642	0	1358	0	360	0	2660	0	4724	0	17342	0	368	0	74	0	252	0	712	0	760	0	1128	0	264	0	0	0	712	0	0	0	650	0	2028	0	6412	0	4136	0	34344	0	3138	0	0	0	4562	0	738	0	0	0	218	0	1228	0	494	0	790	0	0	0	0	0	0	0	0	0	0	0	0	0	
181672	Temporal_Inf_R	0	1072	0	350	0	0	0	0	0	0	0	0	0	0	0	0	0	522	0	552	0	0	0	0	0	0	0	0	0	1510	0	0	0	430	0	884	0	5114	0	1880	0	480	0	6994	0	1722	0	798	0	1608	0	1872	0	6988	0	10030	0	398	0	82	0	752	0	1614	0	1264	0	7078	0	1324	0	0	0	1716	0	0	0	0	0	1954	0	9410	0	1872	0	18352	0	734	0	0	0	1218	0	120	0	0	0	0	0	0	0	0	0	142	0	0	0	0	0	0	0	0	0	0	0	0	
447920	Cerebelum_Crus1_L	0	0	0	0	0	0	0	0	0	0	0	0	0	0	0	0	0	0	0	0	0	0	0	0	0	0	0	0	0	0	0	0	0	0	0	0	0	0	310	0	0	0	0	0	0	0	6226	2210	0	0	294	0	1336	0	20086	598	0	0	0	0	0	0	0	0	0	0	0	0	0	0	0	0	0	0	0	0	0	0	0	0	0	0	0	0	0	0	0	0	4562	0	0	5300	29540	2662	2148	522	21440	1164	51954	5942	14352	204	25512	1976	2628	648	528	0	424	512	5164	7646	5974	880	834	384	
455020	Cerebelum_Crus1_R	0	0	0	0	0	0	0	0	0	0	0	0	0	0	0	0	0	0	0	0	0	0	0	0	0	0	0	0	0	0	0	0	0	0	0	0	0	0	0	0	0	0	0	0	0	0	598	5206	0	0	0	0	0	348	224	15464	0	0	0	0	0	0	0	0	0	0	0	0	0	0	0	0	0	0	0	0	0	0	0	0	0	0	0	0	0	0	0	0	0	1218	5300	0	5352	29318	464	3944	2470	17664	4762	54804	1792	3328	2702	21054	748	4716	0	0	936	2364	7750	10458	15368	5322	3674	162	
338768	Cerebelum_Crus2_L	0	0	0	0	0	0	0	0	0	0	0	0	0	0	0	0	0	0	0	0	0	0	0	0	0	0	0	0	0	0	0	0	0	0	0	0	0	0	0	0	0	0	0	0	0	0	340	78	0	0	0	0	98	0	1918	0	0	0	0	0	0	0	0	0	0	0	0	0	0	0	0	0	0	0	0	0	0	0	0	0	0	0	0	0	0	0	0	0	738	0	29540	5352	0	15366	330	182	1958	130	4804	1214	34980	3542	37330	6166	2382	154	1008	0	76	136	536	1060	16358	3376	232	0	
280168	Cerebelum_Crus2_R	0	0	0	0	0	0	0	0	0	0	0	0	0	0	0	0	0	0	0	0	0	0	0	0	0	0	0	0	0	0	0	0	0	0	0	0	0	0	0	0	0	0	0	0	0	0	0	0	0	0	0	0	0	0	0	434	0	0	0	0	0	0	0	0	0	0	0	0	0	0	0	0	0	0	0	0	0	0	0	0	0	0	0	0	0	0	0	0	0	120	2662	29318	15366	0	0	820	330	1460	266	5128	6034	16286	4452	31440	108	1916	0	0	144	430	844	436	17960	3480	650	0	
56696	Cerebelum_3_L	0	0	0	0	0	0	0	0	0	0	0	0	0	0	0	0	0	0	0	0	0	0	0	0	0	0	0	0	0	0	0	0	0	0	0	0	0	0	696	0	0	0	0	0	0	0	134	0	0	0	0	0	0	0	576	0	0	0	0	0	0	0	0	0	0	0	0	0	0	0	0	0	0	0	0	0	0	0	0	0	0	0	0	0	0	0	0	0	0	0	2148	464	330	0	0	324	7286	0	3924	696	316	0	1004	104	2424	332	244	0	1506	2184	1496	1084	396	318	362	0	
69076	Cerebelum_3_R	0	0	0	0	0	0	0	0	0	0	0	0	0	0	0	0	0	0	0	0	0	0	0	0	0	0	0	0	0	0	0	0	0	0	0	0	0	0	0	0	0	0	0	0	0	0	76	0	0	0	0	0	0	0	0	328	0	0	0	0	0	0	0	0	0	0	0	0	0	0	0	0	0	0	0	0	0	0	0	0	0	0	0	0	0	0	0	0	0	0	522	3944	182	820	324	0	964	4926	616	4900	0	0	180	822	470	1284	0	0	1566	3216	2244	1064	2074	2048	1852	116	
281072	Cerebelum_4_5_L	0	0	0	0	0	0	0	0	0	0	0	0	0	0	0	0	0	0	0	0	0	0	0	0	0	0	0	0	0	0	0	0	0	0	0	0	124	0	422	0	0	0	102	0	0	0	8646	1926	0	0	392	0	1128	0	13672	224	0	0	0	0	0	0	0	0	0	0	80	0	0	0	0	0	0	0	0	0	0	0	0	0	0	0	0	0	0	0	0	0	218	0	21440	2470	1958	330	7286	964	0	2628	34690	3692	1336	0	4612	560	5264	1232	152	0	1514	2292	13316	3932	954	804	1162	1014	
203292	Cerebelum_4_5_R	0	0	0	0	0	0	0	0	0	0	0	0	0	0	0	0	0	0	0	0	0	0	0	0	0	0	0	0	0	228	0	0	0	0	0	0	0	984	0	1502	0	228	0	348	0	0	416	7148	0	0	0	0	0	292	424	8752	0	0	0	0	0	0	0	0	0	0	0	114	0	0	0	0	0	580	0	0	0	0	0	0	0	0	0	0	0	0	0	0	0	0	1164	17664	130	1460	0	4926	2628	0	1960	24512	90	84	452	2094	420	1562	0	0	0	2522	12210	1680	1986	1698	1388	0	
434656	Cerebelum_6_L	0	0	0	0	0	0	0	0	0	0	0	0	0	0	0	0	0	0	0	0	0	0	0	0	0	0	0	0	0	0	0	0	0	0	0	0	0	0	424	0	0	0	600	0	182	0	16218	4700	184	0	1888	0	4024	0	31916	896	148	0	0	0	0	0	0	0	0	0	224	0	110	0	0	0	0	0	0	0	0	0	0	0	0	0	0	0	80	0	0	0	1228	0	51954	4762	4804	266	3924	616	34690	1960	0	7060	3016	0	8388	638	3528	836	374	0	560	658	9752	12450	2398	728	798	346	
400612	Cerebelum_6_R	0	0	0	0	0	0	0	0	0	0	0	0	0	0	0	0	0	0	0	0	0	0	0	0	0	0	0	0	0	0	0	0	0	0	0	0	0	0	0	0	0	0	0	246	0	0	898	10988	0	86	0	124	78	1538	332	20302	0	0	0	0	0	0	0	0	0	0	0	0	0	0	0	0	0	0	0	0	0	0	0	0	0	0	0	0	0	0	0	0	0	0	5942	54804	1214	5128	696	4900	3692	24512	7060	0	418	340	1658	6246	1264	3278	0	0	908	2678	10598	15354	8342	3594	2832	256	
264828	Cerebelum_7b_L	0	0	0	0	0	0	0	0	0	0	0	0	0	0	0	0	0	0	0	0	0	0	0	0	0	0	0	0	0	0	0	0	0	0	0	0	0	0	0	0	0	0	0	0	0	0	160	0	0	0	0	0	0	0	786	0	0	0	0	0	0	0	0	0	0	0	0	0	0	0	0	0	0	0	0	0	0	0	0	0	0	0	0	0	0	0	0	0	494	0	14352	1792	34980	6034	316	0	1336	90	3016	418	0	1750	42482	5976	4526	432	1292	0	0	0	114	154	6174	5270	470	0	
105680	Cerebelum_7b_R	0	0	0	0	0	0	0	0	0	0	0	0	0	0	0	0	0	0	0	0	0	0	0	0	0	0	0	0	0	0	0	0	0	0	0	0	0	0	0	0	0	0	0	0	0	0	0	0	0	0	0	0	0	0	0	0	0	0	0	0	0	0	0	0	0	0	0	0	0	0	0	0	0	0	0	0	0	0	0	0	0	0	0	0	0	0	0	0	0	0	204	3328	3542	16286	0	0	0	84	0	340	1750	0	1510	19722	0	1638	0	0	0	0	0	0	3186	1250	0	0	
369764	Cerebelum_8_L	0	0	0	0	0	0	0	0	0	0	0	0	0	0	0	0	0	0	0	0	0	0	0	0	0	0	0	0	0	0	0	0	0	0	0	0	0	0	0	0	0	0	0	0	0	0	312	142	0	0	0	0	0	0	2260	122	0	0	0	0	0	0	0	0	0	0	0	0	0	0	0	0	0	0	0	0	0	0	0	0	0	0	0	0	0	0	0	0	790	0	25512	2702	37330	4452	1004	180	4612	452	8388	1658	42482	1510	0	8292	17160	2322	2678	0	108	118	740	1370	6494	8580	2994	118	
280364	Cerebelum_8_R	0	0	0	0	0	0	0	0	0	0	0	0	0	0	0	0	0	0	0	0	0	0	0	0	0	0	0	0	0	0	0	0	0	0	0	0	0	0	0	0	0	0	0	0	0	0	0	122	0	0	0	0	0	0	0	736	0	0	0	0	0	0	0	0	0	0	0	0	0	0	0	0	0	0	0	0	0	0	0	0	0	0	0	0	0	0	0	0	0	142	1976	21054	6166	31440	104	822	560	2094	638	6246	5976	19722	8292	0	756	12988	0	104	84	270	994	586	8570	7498	2168	74	
124776	Cerebelum_9_L	0	0	0	0	0	0	0	0	0	0	0	0	0	0	0	0	0	0	0	0	0	0	0	0	0	0	0	0	0	0	0	0	0	0	0	0	0	0	0	0	0	0	0	0	0	0	0	0	0	0	0	0	0	0	238	0	0	0	0	0	0	0	0	0	0	0	0	0	0	0	0	0	0	0	0	0	0	0	0	0	0	0	0	0	0	0	0	0	0	0	2628	748	2382	108	2424	470	5264	420	3528	1264	4526	0	17160	756	0	2204	4586	0	694	748	2034	2780	1582	2038	2800	1006	
126600	Cerebelum_9_R	0	0	0	0	0	0	0	0	0	0	0	0	0	0	0	0	0	0	0	0	0	0	0	0	0	0	0	0	0	0	0	0	0	0	0	0	0	0	0	0	0	0	0	0	0	0	0	0	0	0	0	0	0	0	0	190	0	0	0	0	0	0	0	0	0	0	0	0	0	0	0	0	0	0	0	0	0	0	0	0	0	0	0	0	0	0	0	0	0	0	648	4716	154	1916	332	1284	1232	1562	836	3278	432	1638	2322	12988	2204	0	0	1278	1664	1550	1538	2218	4386	6156	7096	1682	
21724	Cerebelum_10_L	0	0	0	0	0	0	0	0	0	0	0	0	0	0	0	0	0	0	0	0	0	0	0	0	0	0	0	0	0	0	0	0	0	0	0	0	0	0	0	0	0	0	0	0	0	0	0	0	0	0	0	0	0	0	0	0	0	0	0	0	0	0	0	0	0	0	0	0	0	0	0	0	0	0	0	0	0	0	0	0	0	0	0	0	0	0	0	0	0	0	528	0	1008	0	244	0	152	0	374	0	1292	0	2678	0	4586	0	0	0	0	0	0	0	0	0	0	0	
3004	Cerebelum_10_R	0	0	0	0	0	0	0	0	0	0	0	0	0	0	0	0	0	0	0	0	0	0	0	0	0	0	0	0	0	0	0	0	0	0	0	0	0	0	0	0	0	0	0	0	0	0	0	0	0	0	0	0	0	0	0	0	0	0	0	0	0	0	0	0	0	0	0	0	0	0	0	0	0	0	0	0	0	0	0	0	0	0	0	0	0	0	0	0	0	0	0	0	0	0	0	0	0	0	0	0	0	0	0	104	0	1278	0	0	0	0	0	0	0	0	120	0	
46112	Vermis_1_2	0	0	0	0	0	0	0	0	0	0	0	0	0	0	0	0	0	0	0	0	0	0	0	0	0	0	0	0	0	0	0	0	0	0	0	0	0	0	0	0	0	0	0	0	0	0	0	0	0	0	0	0	0	0	0	0	0	0	0	0	0	0	0	0	0	0	0	0	0	0	0	0	0	0	0	0	0	0	0	0	0	0	0	0	0	0	0	0	0	0	424	936	76	144	1506	1566	1514	0	560	908	0	0	108	84	694	1664	0	0	0	5170	1976	1114	1114	1350	1716	432	
70856	Vermis_3	0	0	0	0	0	0	0	0	0	0	0	0	0	0	0	0	0	0	0	0	0	0	0	0	0	0	0	0	0	0	0	0	0	0	0	0	0	0	120	0	0	0	0	0	0	0	98	0	0	0	0	0	0	0	0	0	0	0	0	0	0	0	0	0	0	0	0	0	0	0	0	0	0	0	0	0	0	0	0	0	0	0	0	0	0	0	0	0	0	0	512	2364	136	430	2184	3216	2292	2522	658	2678	0	0	118	270	748	1550	0	0	5170	0	3702	1366	1400	1648	1822	424	
