data	data	422312	182896	1.11995e+06	854136	142648	131924	405400	321104	99348	13692	234500	233244	258220	141876	189072	63564	221816	113696	953500	896968	95064	103472	230752	281844	40216	68508	56504	65092	576628	313720	248324	302988	105788	497144	303932	326320	390492	448840	165804	121892	53932	48956	210292	329196	185128	304852	309556	254308	203100	321060	586068	263332	198988	62028	349548	344564	295044	177836	88452	56164	279744	79468	139724	125912	258276	91528	272032	399400	222388	139432	305896	380188	371240	382232	44196	40064	352516	357100	165780	29744	274636	117288	96876	64440	520636	244332	29040	26000	396792	261620	383360	360672	377100	349912	22664	56400	241760	200440	396844	404868	262044	231892	302100	341812	104484	114924	36372	25624	13576	40532	233548	232684	263996	134724	86392	18476	
data	data	Precentral_L	Precentral_R	Frontal_Sup_L	Frontal_Sup_R	Frontal_Sup_Orb_L	Frontal_Sup_Orb_R	Frontal_Mid_L	Frontal_Mid_R	Frontal_Mid_Orb_L	Frontal_Mid_Orb_R	Frontal_Inf_Oper_L	Frontal_Inf_Oper_R	Frontal_Inf_Tri_L	Frontal_Inf_Tri_R	Frontal_Inf_Orb_L	Frontal_Inf_Orb_R	Rolandic_Oper_L	Rolandic_Oper_R	Supp_Motor_Area_L	Supp_Motor_Area_R	Olfactory_L	Olfactory_R	Frontal_Sup_Medial_L	Frontal_Sup_Medial_R	Frontal_Med_Orb_L	Frontal_Med_Orb_R	Rectus_L	Rectus_R	Insula_L	Insula_R	Cingulum_Ant_L	Cingulum_Ant_R	Cingulum_Mid_L	Cingulum_Mid_R	Cingulum_Post_L	Cingulum_Post_R	Hippocampus_L	Hippocampus_R	ParaHippocampal_L	ParaHippocampal_R	Amygdala_L	Amygdala_R	Calcarine_L	Calcarine_R	Cuneus_L	Cuneus_R	Lingual_L	Lingual_R	Occipital_Sup_L	Occipital_Sup_R	Occipital_Mid_L	Occipital_Mid_R	Occipital_Inf_L	Occipital_Inf_R	Fusiform_L	Fusiform_R	Postcentral_L	Postcentral_R	Parietal_Sup_L	Parietal_Sup_R	Parietal_Inf_L	Parietal_Inf_R	SupraMarginal_L	SupraMarginal_R	Angular_L	Angular_R	Precuneus_L	Precuneus_R	Paracentral_Lobule_L	Paracentral_Lobule_R	Caudate_L	Caudate_R	Putamen_L	Putamen_R	Pallidum_L	Pallidum_R	Thalamus_L	Thalamus_R	Heschl_L	Heschl_R	Temporal_Sup_L	Temporal_Sup_R	Temporal_Pole_Sup_L	Temporal_Pole_Sup_R	Temporal_Mid_L	Temporal_Mid_R	Temporal_Pole_Mid_L	Temporal_Pole_Mid_R	Temporal_Inf_L	Temporal_Inf_R	Cerebelum_Crus1_L	Cerebelum_Crus1_R	Cerebelum_Crus2_L	Cerebelum_Crus2_R	Cerebelum_3_L	Cerebelum_3_R	Cerebelum_4_5_L	Cerebelum_4_5_R	Cerebelum_6_L	Cerebelum_6_R	Cerebelum_7b_L	Cerebelum_7b_R	Cerebelum_8_L	Cerebelum_8_R	Cerebelum_9_L	Cerebelum_9_R	Cerebelum_10_L	Cerebelum_10_R	Vermis_1_2	Vermis_3	Vermis_4_5	Vermis_6	Vermis_7	Vermis_8	Vermis_9	Vermis_10	
422312	Precentral_L	0	1320	31824	738	0	0	21104	242	0	0	17554	0	3422	0	0	0	8866	0	21124	1708	0	0	198	0	0	0	0	0	7358	0	146	0	944	458	1816	1592	2716	1186	568	0	0	0	0	0	182	0	166	0	136	0	3440	0	662	0	0	0	28600	0	0	0	2850	0	694	0	1722	0	336	0	20050	0	2502	516	814	0	0	0	4880	1388	3566	0	4784	0	0	0	6006	0	0	0	2978	0	0	0	0	0	0	0	0	0	0	0	0	0	0	0	0	0	0	0	0	0	0	0	0	0	0	0	
182896	Precentral_R	1320	0	892	3964	0	0	0	13296	0	0	0	6626	0	0	0	0	0	2332	1940	4884	0	0	0	0	0	0	0	0	0	3620	0	0	158	1676	0	1536	0	6328	0	0	0	0	0	122	0	0	0	152	0	122	0	0	0	0	0	278	0	13224	0	0	0	1756	0	3532	0	0	0	860	1818	3110	186	488	0	1616	0	0	0	1142	0	726	0	1924	0	0	0	3454	0	0	0	8366	0	0	0	0	0	0	0	0	0	0	0	0	0	0	0	0	0	0	0	0	0	0	0	0	0	0	
1.11995e+06	Frontal_Sup_L	31824	892	0	14088	5620	0	63944	2242	3366	0	16476	1290	21292	674	5168	172	7064	368	121352	23012	128	0	32812	342	850	0	182	0	33812	1172	11954	1652	3040	8166	6014	6684	8864	4582	1900	0	0	0	0	0	0	0	166	0	0	0	870	0	0	0	344	0	18708	0	0	0	3498	0	788	0	1984	0	638	0	7958	0	13918	3650	26080	370	4578	0	19552	6560	4764	0	2616	0	816	0	572	0	0	0	546	0	0	0	0	0	0	0	0	0	0	0	0	0	0	0	0	0	0	0	0	0	0	0	0	0	0	0	
854136	Frontal_Sup_R	738	3964	14088	0	0	6446	398	33906	0	190	596	10074	0	6874	0	1176	830	9532	18104	86730	0	646	5618	30684	182	3064	0	1194	2650	16990	2826	19022	182	16622	4412	5598	3366	12652	820	534	0	0	0	0	0	0	320	0	0	0	0	0	0	0	146	536	354	4374	0	0	0	646	0	1996	144	0	410	894	596	370	5282	20874	2470	26708	0	2776	5684	20974	728	824	942	2740	0	0	712	2004	0	0	368	2488	0	0	0	0	0	0	0	0	0	0	0	0	0	0	0	0	0	0	0	0	0	0	0	0	0	0	
142648	Frontal_Sup_Orb_L	0	0	5620	0	0	0	1674	0	11728	0	520	0	2206	0	10352	0	0	0	868	0	2456	486	2776	0	4542	0	7250	0	6238	0	3692	414	0	0	0	0	0	0	0	0	202	0	0	0	0	0	0	0	0	0	0	0	0	0	0	0	0	0	0	0	0	0	0	0	0	0	0	0	0	0	2660	542	5880	424	0	0	0	0	0	0	0	0	794	0	0	0	0	0	0	0	0	0	0	0	0	0	0	0	0	0	0	0	0	0	0	0	0	0	0	0	0	0	0	0	0	0	
131924	Frontal_Sup_Orb_R	0	0	0	6446	0	0	0	1710	0	3218	0	122	0	746	0	5262	0	0	356	1096	0	2684	0	7198	422	8056	0	8312	0	936	1126	4802	0	464	0	0	0	0	0	0	0	0	0	0	0	0	0	0	0	0	0	0	0	0	0	0	0	0	0	0	0	0	0	0	0	0	0	0	0	0	386	8066	0	4124	0	0	0	0	0	0	0	0	0	430	0	0	0	0	0	0	0	0	0	0	0	0	0	0	0	0	0	0	0	0	0	0	0	0	0	0	0	0	0	0	0	0	
405400	Frontal_Mid_L	21104	0	63944	398	1674	0	0	0	2258	0	12712	0	30752	0	7512	0	1428	0	12646	444	0	0	13336	0	0	0	0	0	14658	0	2148	0	294	256	430	338	1182	334	0	0	0	0	0	0	0	0	0	0	0	0	204	0	0	0	0	0	8208	0	0	0	1610	0	286	0	478	0	0	0	0	0	390	0	1206	0	0	0	416	340	1052	0	298	0	218	0	146	0	0	0	0	0	0	0	0	0	0	0	0	0	0	0	0	0	0	0	0	0	0	0	0	0	0	0	0	0	0	0	
321104	Frontal_Mid_R	242	13296	2242	33906	0	1710	0	0	0	432	756	15330	0	18560	0	1640	504	6460	2680	5988	0	158	764	6032	0	0	0	450	798	11696	1700	4502	0	2980	0	156	0	3546	0	0	0	0	0	0	0	0	0	0	0	0	0	0	0	0	0	232	0	1972	0	0	0	354	0	516	0	0	0	188	0	0	1704	4398	962	6430	0	156	214	1028	0	624	190	1434	0	0	0	1386	0	0	0	2236	0	0	0	0	0	0	0	0	0	0	0	0	0	0	0	0	0	0	0	0	0	0	0	0	0	0	
99348	Frontal_Mid_Orb_L	0	0	3366	0	11728	0	2258	0	0	0	296	0	3684	0	11958	0	0	0	448	0	712	350	272	0	1396	0	3200	0	4062	0	1690	300	0	0	0	0	0	0	0	0	0	0	0	0	0	0	0	0	0	0	0	0	0	0	0	0	0	0	0	0	0	0	0	0	0	0	0	0	0	0	1176	386	2094	298	0	0	0	0	0	0	0	0	0	0	0	0	0	0	0	0	0	0	0	0	0	0	0	0	0	0	0	0	0	0	0	0	0	0	0	0	0	0	0	0	0	0	
13692	Frontal_Mid_Orb_R	0	0	0	190	0	3218	0	432	0	0	0	0	0	0	0	2656	0	0	0	0	0	0	0	0	0	0	0	178	0	0	0	0	0	0	0	0	0	0	0	0	0	0	0	0	0	0	0	0	0	0	0	0	0	0	0	0	0	0	0	0	0	0	0	0	0	0	0	0	0	0	0	172	0	0	0	0	0	0	0	0	0	0	0	0	0	0	0	0	0	0	0	0	0	0	0	0	0	0	0	0	0	0	0	0	0	0	0	0	0	0	0	0	0	0	0	0	
234500	Frontal_Inf_Oper_L	17554	0	16476	596	520	0	12712	756	296	0	0	194	14482	184	706	0	7054	0	9484	714	0	0	448	134	0	0	0	0	12650	204	3252	0	0	530	126	126	282	136	166	0	0	0	0	0	0	0	0	0	0	0	556	0	0	0	0	0	6456	0	0	0	1904	0	0	0	1494	0	0	0	0	0	1538	274	744	0	0	0	204	126	596	0	2888	0	548	0	140	0	0	0	0	0	0	0	0	0	0	0	0	0	0	0	0	0	0	0	0	0	0	0	0	0	0	0	0	0	0	0	
233244	Frontal_Inf_Oper_R	0	6626	1290	10074	0	122	0	15330	0	0	194	0	0	12106	0	154	124	6960	2092	8250	0	0	222	2466	0	0	0	0	258	19228	838	3776	0	3876	0	146	0	2724	0	0	0	0	0	0	0	0	0	0	0	0	0	0	0	0	0	228	0	1948	0	0	0	716	0	892	0	0	0	144	0	140	3496	1986	0	4218	0	0	0	124	0	614	0	2040	0	0	0	1258	0	0	0	1962	0	0	0	0	0	0	0	0	0	0	0	0	0	0	0	0	0	0	0	0	0	0	0	0	0	0	
258220	Frontal_Inf_Tri_L	3422	0	21292	0	2206	0	30752	0	3684	0	14482	0	0	0	16030	0	480	0	5048	254	0	0	1580	0	0	0	0	0	23904	0	2962	0	0	242	0	0	0	0	0	0	0	0	0	0	0	0	0	0	0	0	0	0	0	0	0	0	422	0	0	0	348	0	0	0	248	0	0	0	0	0	174	0	1240	0	0	0	0	0	0	0	0	0	340	0	0	0	0	0	0	0	0	0	0	0	0	0	0	0	0	0	0	0	0	0	0	0	0	0	0	0	0	0	0	0	0	0	
141876	Frontal_Inf_Tri_R	0	0	674	6874	0	746	0	18560	0	0	184	12106	0	0	0	1714	0	658	830	2896	0	0	454	3402	0	0	0	326	232	7186	1266	6374	0	2620	0	0	0	0	0	0	0	0	0	0	0	0	0	0	0	0	0	0	0	0	0	0	0	0	0	0	0	0	0	0	0	0	0	0	0	0	540	1504	0	1792	0	0	0	0	0	0	0	0	0	0	0	0	0	0	0	0	0	0	0	0	0	0	0	0	0	0	0	0	0	0	0	0	0	0	0	0	0	0	0	0	0	0	
189072	Frontal_Inf_Orb_L	0	0	5168	0	10352	0	7512	0	11958	0	706	0	16030	0	0	0	0	0	944	284	2512	450	234	0	600	0	3272	0	16692	0	2090	378	0	276	0	0	322	0	152	0	472	0	0	0	0	0	0	0	0	0	0	0	0	0	246	0	0	0	0	0	0	0	0	0	0	0	0	0	0	0	2500	502	7604	390	0	0	0	0	0	0	0	0	2890	0	0	0	0	0	0	0	0	0	0	0	0	0	0	0	0	0	0	0	0	0	0	0	0	0	0	0	0	0	0	0	0	0	
63564	Frontal_Inf_Orb_R	0	0	172	1176	0	5262	0	1640	0	2656	0	154	0	1714	0	0	0	0	324	600	0	1464	0	0	0	0	0	2382	132	4156	0	336	0	328	0	0	0	0	0	0	0	0	0	0	0	0	0	0	0	0	0	0	0	0	0	0	0	0	0	0	0	0	0	0	0	0	0	0	0	0	390	3988	0	3666	0	0	190	414	0	0	0	0	0	638	0	0	0	0	0	0	0	0	0	0	0	0	0	0	0	0	0	0	0	0	0	0	0	0	0	0	0	0	0	0	0	0	
221816	Rolandic_Oper_L	8866	0	7064	830	0	0	1428	504	0	0	7054	124	480	0	0	0	0	0	7090	696	0	0	0	0	0	0	0	0	19306	148	176	0	0	388	706	670	1274	658	762	0	0	0	0	0	0	0	0	0	0	0	942	0	0	0	0	0	8798	0	0	0	1532	0	2642	0	1742	0	148	0	1882	0	1802	286	588	0	0	0	1078	670	8524	0	14182	0	652	0	5936	0	0	0	1280	0	0	0	0	0	0	0	0	0	0	0	0	0	0	0	0	0	0	0	0	0	0	0	0	0	0	0	
113696	Rolandic_Oper_R	0	2332	368	9532	0	0	0	6460	0	0	0	6960	0	658	0	0	0	0	610	6314	0	0	0	462	0	0	0	0	0	7580	0	0	0	1248	0	0	0	740	0	0	0	0	0	0	0	0	0	0	0	0	0	0	0	0	0	0	0	4122	0	0	0	364	0	1580	0	0	0	0	0	0	708	0	0	972	0	0	0	0	0	2194	0	3186	0	132	0	150	0	0	0	176	0	0	0	0	0	0	0	0	0	0	0	0	0	0	0	0	0	0	0	0	0	0	0	0	0	0	
953500	Supp_Motor_Area_L	21124	1940	121352	18104	868	356	12646	2680	448	0	9484	2092	5048	830	944	324	7090	610	0	51892	128	0	4590	1186	0	0	0	202	19226	2138	4984	2654	7408	26214	5918	6474	6474	4388	1934	0	0	0	0	0	0	0	176	0	200	0	1036	0	0	0	318	0	10252	0	0	0	1596	0	612	0	1430	0	732	0	17836	178	15102	4426	26952	904	6746	0	22452	6304	3122	0	2628	228	748	0	536	0	0	0	486	0	0	0	0	0	0	0	0	0	0	0	0	0	0	0	0	0	0	0	0	0	0	0	0	0	0	0	
896968	Supp_Motor_Area_R	1708	4884	23012	86730	0	1096	444	5988	0	0	714	8250	254	2896	284	600	696	6314	51892	0	0	274	1780	13486	0	0	0	786	2138	13206	2524	9144	6150	53414	3066	7426	3010	10948	844	494	0	0	0	578	0	958	320	0	0	1308	0	590	0	0	138	572	224	4772	0	0	0	650	122	2004	146	0	396	5314	6130	12420	4976	18442	1954	22150	0	2850	4040	23128	526	456	694	2106	0	0	528	2604	0	0	280	2656	0	0	0	0	0	0	0	0	0	0	0	0	0	0	0	0	0	0	0	0	0	0	0	0	0	0	
95064	Olfactory_L	0	0	128	0	2456	0	0	0	712	0	0	0	0	0	2512	0	0	0	128	0	0	4944	0	0	382	0	1936	0	2978	0	3864	1678	0	0	0	0	842	0	622	0	1312	0	0	0	0	0	0	0	0	0	0	0	0	0	560	0	0	0	0	0	0	0	0	0	0	0	0	0	0	0	8326	4716	5692	2466	234	508	0	0	0	0	0	0	536	0	0	0	0	0	0	0	0	0	0	0	0	0	0	0	0	0	0	0	0	0	0	0	0	0	0	0	0	0	0	0	0	0	
103472	Olfactory_R	0	0	0	646	486	2684	0	158	350	0	0	0	0	0	450	1464	0	0	0	274	4944	0	0	452	186	1602	484	3266	0	1706	3528	3460	0	0	0	0	0	0	0	190	0	388	0	0	0	0	0	0	0	0	0	0	0	0	0	0	0	0	0	0	0	0	0	0	0	0	0	0	0	0	5928	9048	4406	4078	300	1082	0	0	0	0	0	0	0	176	0	0	0	0	0	0	0	0	0	0	0	0	0	0	0	0	0	0	0	0	0	0	0	0	0	0	0	0	0	0	0	0	
230752	Frontal_Sup_Medial_L	198	0	32812	5618	2776	0	13336	764	272	0	448	222	1580	454	234	0	0	0	4590	1780	0	0	0	10956	1888	0	374	0	1254	0	13904	7746	4386	8222	0	0	0	0	0	0	0	0	0	0	0	0	0	0	0	0	0	0	0	0	0	0	0	0	0	0	0	0	0	0	0	0	0	0	0	0	386	0	1176	0	0	0	0	0	0	0	0	0	0	0	0	0	0	0	0	0	0	0	0	0	0	0	0	0	0	0	0	0	0	0	0	0	0	0	0	0	0	0	0	0	0	0	
281844	Frontal_Sup_Medial_R	0	0	342	30684	0	7198	0	6032	0	0	134	2466	0	3402	0	0	0	462	1186	13486	0	452	10956	0	846	5994	0	1118	0	888	4466	23196	0	19092	0	0	0	0	0	0	0	0	0	0	0	0	0	0	0	0	0	0	0	0	0	0	0	0	0	0	0	0	0	0	0	0	0	0	0	0	198	5000	0	3324	0	0	0	0	0	0	0	0	0	0	0	0	0	0	0	0	0	0	0	0	0	0	0	0	0	0	0	0	0	0	0	0	0	0	0	0	0	0	0	0	0	0	
40216	Frontal_Med_Orb_L	0	0	850	182	4542	422	0	0	1396	0	0	0	0	0	600	0	0	0	0	0	382	186	1888	846	0	1216	2118	148	136	0	3038	422	0	0	0	0	0	0	0	0	0	0	0	0	0	0	0	0	0	0	0	0	0	0	0	0	0	0	0	0	0	0	0	0	0	0	0	0	0	0	564	178	994	0	0	0	0	0	0	0	0	0	0	0	0	0	0	0	0	0	0	0	0	0	0	0	0	0	0	0	0	0	0	0	0	0	0	0	0	0	0	0	0	0	0	0	
68508	Frontal_Med_Orb_R	0	0	0	3064	0	8056	0	0	0	0	0	0	0	0	0	0	0	0	0	0	0	1602	0	5994	1216	0	130	4366	0	0	1402	4000	0	0	0	0	0	0	0	0	0	0	0	0	0	0	0	0	0	0	0	0	0	0	0	0	0	0	0	0	0	0	0	0	0	0	0	0	0	0	0	3366	0	1058	0	0	0	0	0	0	0	0	0	0	0	0	0	0	0	0	0	0	0	0	0	0	0	0	0	0	0	0	0	0	0	0	0	0	0	0	0	0	0	0	0	0	
56504	Rectus_L	0	0	182	0	7250	0	0	0	3200	0	0	0	0	0	3272	0	0	0	0	0	1936	484	374	0	2118	130	0	0	882	0	3234	450	0	0	0	0	0	0	0	0	0	0	0	0	0	0	0	0	0	0	0	0	0	0	0	0	0	0	0	0	0	0	0	0	0	0	0	0	0	0	2260	528	1394	406	0	0	0	0	0	0	0	0	152	0	0	0	0	0	0	0	0	0	0	0	0	0	0	0	0	0	0	0	0	0	0	0	0	0	0	0	0	0	0	0	0	0	
65092	Rectus_R	0	0	0	1194	0	8312	0	450	0	178	0	0	0	326	0	2382	0	0	202	786	0	3266	0	1118	148	4366	0	0	0	774	472	938	0	188	0	0	0	0	0	0	0	0	0	0	0	0	0	0	0	0	0	0	0	0	0	0	0	0	0	0	0	0	0	0	0	0	0	0	0	0	346	4716	0	1938	0	0	0	0	0	0	0	0	0	446	0	0	0	0	0	0	0	0	0	0	0	0	0	0	0	0	0	0	0	0	0	0	0	0	0	0	0	0	0	0	0	0	
576628	Insula_L	7358	0	33812	2650	6238	0	14658	798	4062	0	12650	258	23904	232	16692	132	19306	0	19226	2138	2978	0	1254	0	136	0	882	0	0	346	1492	0	0	1078	3884	3414	9932	2838	3306	0	2786	0	0	0	0	0	0	0	0	0	900	0	0	0	2880	0	6254	0	0	0	1714	0	1518	0	1798	0	968	0	292	0	4298	376	21082	0	266	0	5002	3362	11778	0	11746	0	6304	0	4580	0	0	0	4756	0	0	0	0	0	0	0	0	0	0	0	0	0	0	0	0	0	0	0	0	0	0	0	0	0	0	0	
313720	Insula_R	0	3620	1172	16990	0	936	0	11696	0	0	204	19228	0	7186	0	4156	148	7580	2138	13206	0	1706	0	888	0	0	0	774	346	0	380	2124	0	2674	0	0	0	7536	0	898	0	332	0	0	0	0	0	0	0	0	0	0	0	0	0	1512	0	468	0	0	0	602	0	790	0	0	0	186	0	0	3948	2692	128	23208	0	0	0	620	0	2728	0	5888	0	1420	0	2806	0	0	0	3946	0	0	0	0	0	0	0	0	0	0	0	0	0	0	0	0	0	0	0	0	0	0	0	0	0	0	
248324	Cingulum_Ant_L	146	0	11954	2826	3692	1126	2148	1700	1690	0	3252	838	2962	1266	2090	0	176	0	4984	2524	3864	3528	13904	4466	3038	1402	3234	472	1492	380	0	12184	4464	4044	0	0	0	0	0	0	0	0	0	0	0	0	0	0	0	0	0	0	0	0	0	0	0	0	0	0	0	0	0	0	0	0	0	0	0	0	9374	4260	7540	2746	0	396	0	0	0	0	0	0	0	0	0	0	0	0	0	0	0	0	0	0	0	0	0	0	0	0	0	0	0	0	0	0	0	0	0	0	0	0	0	0	0	0	
302988	Cingulum_Ant_R	0	0	1652	19022	414	4802	0	4502	300	0	0	3776	0	6374	378	336	0	0	2654	9144	1678	3460	7746	23196	422	4000	450	938	0	2124	12184	0	1278	18768	0	0	0	0	0	0	0	0	0	0	0	0	0	0	0	0	0	0	0	0	0	0	0	0	0	0	0	0	0	0	0	0	0	0	0	0	2710	11250	1590	6018	0	160	0	168	0	0	0	0	0	0	0	0	0	0	0	0	0	0	0	0	0	0	0	0	0	0	0	0	0	0	0	0	0	0	0	0	0	0	0	0	0	0	
105788	Cingulum_Mid_L	944	158	3040	182	0	0	294	0	0	0	0	0	0	0	0	0	0	0	7408	6150	0	0	4386	0	0	0	0	0	0	0	4464	1278	0	9254	1172	368	0	0	0	0	0	0	0	0	204	190	0	0	1608	158	1666	0	0	0	0	0	0	0	770	0	0	0	0	0	0	0	2154	796	4494	1756	0	0	0	0	0	0	0	0	0	0	0	0	0	0	0	0	0	0	0	0	0	0	0	0	0	0	0	0	0	0	0	0	0	0	0	0	0	0	0	0	0	0	0	0	0	0	
497144	Cingulum_Mid_R	458	1676	8166	16622	0	464	256	2980	0	0	530	3876	242	2620	276	328	388	1248	26214	53414	0	0	8222	19092	0	0	0	188	1078	2674	4044	18768	9254	0	1596	5960	0	476	0	0	0	0	0	2508	0	3966	0	486	268	3778	282	2166	0	0	0	142	0	1588	0	0	0	0	0	0	0	0	740	14616	4614	12364	2488	1838	1148	1436	0	0	0	0	0	0	196	360	0	0	0	1886	0	0	0	592	0	0	0	0	0	0	0	0	0	0	0	0	0	0	0	0	0	0	0	0	0	0	0	0	0	0	
303932	Cingulum_Post_L	1816	0	6014	4412	0	0	430	0	0	0	126	0	0	0	0	0	706	0	5918	3066	0	0	0	0	0	0	0	0	3884	0	0	0	1172	1596	0	16588	16076	11392	4632	244	0	0	1238	232	3314	464	2978	204	1620	194	2354	146	760	0	920	0	660	0	0	0	230	0	274	0	378	0	9740	3202	2556	0	200	1976	724	578	0	0	14088	12630	3238	0	2652	0	0	0	3802	152	0	0	2202	188	0	0	0	0	0	0	0	0	0	0	0	0	0	0	0	0	0	0	0	0	0	0	0	0	0	0	
326320	Cingulum_Post_R	1592	1536	6684	5598	0	0	338	156	0	0	126	146	0	0	0	0	670	0	6474	7426	0	0	0	0	0	0	0	0	3414	0	0	0	368	5960	16588	0	9846	16592	1728	1542	0	0	0	3514	0	704	366	3544	0	230	0	196	0	314	482	1018	630	444	0	0	0	0	132	0	0	0	1004	10540	2528	2826	262	2826	1038	790	0	0	15706	15998	1796	0	2014	0	0	0	2120	1660	0	0	918	2776	0	0	0	0	0	0	0	0	0	0	0	0	0	0	0	0	0	0	0	0	0	0	0	0	0	0	
390492	Hippocampus_L	2716	0	8864	3366	0	0	1182	0	0	0	282	0	0	0	322	0	1274	0	6474	3010	842	0	0	0	0	0	0	0	9932	0	0	0	0	0	16076	9846	0	8004	22900	250	7882	0	1046	0	786	0	5312	400	142	0	1270	0	966	0	12020	0	832	0	0	0	426	0	358	0	636	0	7614	1436	1962	0	180	1486	5404	828	144	0	11248	9628	5326	0	3692	0	1934	0	5918	0	150	0	10880	0	0	0	0	0	0	0	0	0	0	0	0	0	0	0	0	0	0	0	0	0	0	0	0	0	0	0	
448840	Hippocampus_R	1186	6328	4582	12652	0	0	334	3546	0	0	136	2724	0	0	0	0	658	740	4388	10948	0	0	0	0	0	0	0	0	2838	7536	0	0	0	476	11392	16592	8004	0	1436	16072	0	8146	0	1094	0	0	476	3358	0	0	0	0	0	288	450	18810	554	1042	0	0	0	190	134	208	0	0	662	5292	1220	364	0	1936	600	15514	0	992	11380	15644	1574	304	1730	1670	0	162	2038	1822	0	0	890	13308	0	0	0	0	0	0	0	0	0	0	0	0	0	0	0	0	0	0	0	0	0	0	0	0	0	0	
165804	ParaHippocampal_L	568	0	1900	820	0	0	0	0	0	0	166	0	0	0	152	0	762	0	1934	844	622	0	0	0	0	0	0	0	3306	0	0	0	0	0	4632	1728	22900	1436	0	214	3804	0	886	0	712	0	6026	328	128	0	1106	0	364	0	7772	0	212	0	0	0	0	0	0	0	0	0	4026	972	234	0	0	0	3770	454	0	0	2470	2244	0	0	542	0	824	0	856	0	0	0	2818	0	0	0	0	0	194	0	0	0	0	0	0	0	0	0	0	0	0	0	0	176	0	0	0	0	0	0	
121892	ParaHippocampal_R	0	0	0	534	0	0	0	0	0	0	0	0	0	0	0	0	0	0	0	494	0	190	0	0	0	0	0	0	0	898	0	0	0	0	244	1542	250	16072	214	0	0	5152	0	1344	0	0	0	3604	0	0	0	0	0	806	0	13800	0	0	0	0	0	0	0	0	0	0	0	3848	0	0	0	0	0	1824	0	562	188	670	0	0	0	428	0	1942	0	316	0	1568	0	4456	0	0	0	0	0	0	0	0	0	0	0	0	0	0	0	0	0	0	0	0	0	0	0	0	0	0	
53932	Amygdala_L	0	0	0	0	202	0	0	0	0	0	0	0	0	0	472	0	0	0	0	0	1312	0	0	0	0	0	0	0	2786	0	0	0	0	0	0	0	7882	0	3804	0	0	0	0	0	0	0	0	0	0	0	0	0	0	0	4760	0	0	0	0	0	0	0	0	0	0	0	0	0	0	0	326	0	1448	0	122	0	0	0	0	0	0	0	1672	0	392	0	148	0	1640	0	0	0	0	0	0	0	0	0	0	0	0	0	0	0	0	0	0	0	0	0	0	0	0	0	0	0	
48956	Amygdala_R	0	0	0	0	0	0	0	0	0	0	0	0	0	0	0	0	0	0	0	0	0	388	0	0	0	0	0	0	0	332	0	0	0	0	0	0	0	8146	0	5152	0	0	0	0	0	0	0	0	0	0	0	0	0	0	0	6770	0	0	0	0	0	0	0	0	0	0	0	0	0	0	0	0	0	1432	0	0	0	0	0	0	0	0	0	1294	0	0	0	378	0	586	0	0	0	0	0	0	0	0	0	0	0	0	0	0	0	0	0	0	0	0	0	0	0	0	0	0	
210292	Calcarine_L	0	0	0	0	0	0	0	0	0	0	0	0	0	0	0	0	0	0	0	0	0	0	0	0	0	0	0	0	0	0	0	0	0	0	1238	0	1046	0	886	0	0	0	0	8806	13104	6140	13986	2970	7714	2722	24436	932	3528	274	564	0	0	0	0	0	0	0	0	0	0	0	11132	132	786	0	0	0	0	0	0	0	0	0	0	0	0	0	0	0	2940	196	0	0	1614	0	0	0	0	0	0	0	0	0	0	0	0	0	0	0	0	0	0	0	0	0	0	0	0	0	0	0	
329196	Calcarine_R	0	122	0	0	0	0	0	0	0	0	0	0	0	0	0	0	0	0	0	578	0	0	0	0	0	0	0	0	0	0	0	0	0	2508	232	3514	0	1094	0	1344	0	0	8806	0	3434	28716	1190	19976	0	23878	0	18430	0	5036	0	3958	0	1624	0	140	0	178	0	0	0	416	704	24278	0	2562	0	0	0	0	0	0	0	0	0	0	0	0	0	0	0	7286	0	0	0	3580	0	0	0	0	0	0	0	0	180	276	0	0	0	0	0	0	0	0	0	0	256	302	0	0	0	0	
185128	Cuneus_L	182	0	0	0	0	0	0	0	0	0	0	0	0	0	0	0	0	0	0	0	0	0	0	0	0	0	0	0	0	0	0	0	204	0	3314	0	786	0	712	0	0	0	13104	3434	0	5556	4390	0	18450	1660	20028	370	1820	0	224	0	0	0	910	0	0	0	0	0	0	0	11332	768	994	0	0	0	0	0	0	0	0	0	0	0	0	0	0	0	2618	0	0	0	1708	0	0	0	0	0	0	0	0	0	0	0	0	0	0	0	0	0	0	0	0	0	0	0	0	0	0	0	
304852	Cuneus_R	0	0	0	0	0	0	0	0	0	0	0	0	0	0	0	0	0	0	0	958	0	0	0	0	0	0	0	0	0	0	0	0	190	3966	464	704	0	0	0	0	0	0	6140	28716	5556	0	262	4412	324	41926	316	22076	0	670	0	420	0	378	0	2476	0	276	0	0	0	872	2612	24048	0	1450	0	0	0	0	0	0	0	0	0	0	0	0	0	0	0	2904	0	0	0	310	0	0	0	0	0	0	0	0	0	0	0	0	0	0	0	0	0	0	0	0	0	0	0	0	0	0	
309556	Lingual_L	166	0	166	320	0	0	0	0	0	0	0	0	0	0	0	0	0	0	176	320	0	0	0	0	0	0	0	0	0	0	0	0	0	0	2978	366	5312	476	6026	0	0	0	13986	1190	4390	262	0	3436	2116	232	24264	182	14778	0	13906	2344	0	0	0	0	0	0	0	0	0	0	9474	138	504	0	0	0	236	208	0	0	494	696	224	0	200	0	0	0	3832	0	0	0	4096	0	3756	1182	316	0	210	0	4426	696	10566	3548	0	0	0	170	0	338	0	208	0	248	2982	6546	1380	366	346	0	
254308	Lingual_R	0	152	0	0	0	0	0	0	0	0	0	0	0	0	0	0	0	0	0	0	0	0	0	0	0	0	0	0	0	0	0	0	0	486	204	3544	400	3358	328	3604	0	0	2970	19976	0	4412	3436	0	0	5296	0	5200	0	5864	178	17140	0	0	0	0	0	0	0	0	0	0	0	8900	0	174	0	0	0	0	0	0	0	0	0	0	0	0	0	0	0	1400	0	0	0	2302	362	3728	0	394	0	168	1382	4366	3704	9290	0	0	200	0	156	0	0	134	0	204	5216	6222	2304	0	0	0	
203100	Occipital_Sup_L	136	0	0	0	0	0	0	0	0	0	0	0	0	0	0	0	0	0	200	0	0	0	0	0	0	0	0	0	0	0	0	0	1608	268	1620	0	142	0	128	0	0	0	7714	0	18450	324	2116	0	0	274	37042	234	3086	0	0	0	0	0	7928	0	1304	0	0	0	0	0	12920	458	1496	0	0	0	0	0	0	0	0	0	0	0	0	0	0	0	2300	0	0	0	1802	0	0	0	0	0	0	0	0	0	0	0	0	0	0	0	0	0	0	0	0	0	0	0	0	0	0	0	
321060	Occipital_Sup_R	0	122	0	0	0	0	0	0	0	0	0	0	0	0	0	0	0	0	0	1308	0	0	0	0	0	0	0	0	0	0	0	0	158	3778	194	230	0	0	0	0	0	0	2722	23878	1660	41926	232	5296	274	0	274	30502	0	1380	0	510	0	3414	0	7862	0	1210	0	0	0	4642	1128	21876	0	2586	0	0	0	0	0	0	0	0	0	0	0	0	0	0	0	2996	0	0	0	372	0	0	0	0	0	0	0	0	0	0	0	0	0	0	0	0	0	0	0	0	0	0	0	0	0	0	
586068	Occipital_Mid_L	3440	0	870	0	0	0	204	0	0	0	556	0	0	0	0	0	942	0	1036	0	0	0	0	0	0	0	0	0	900	0	0	0	1666	282	2354	0	1270	0	1106	0	0	0	24436	0	20028	316	24264	0	37042	274	0	234	30342	0	7840	0	1766	0	8180	0	18638	0	3900	0	25092	0	18068	414	4194	0	0	0	0	0	0	0	146	0	2082	0	2036	0	0	0	33906	0	0	0	14486	0	0	0	0	0	0	0	128	0	464	0	0	0	0	0	0	0	0	0	0	0	0	132	0	0	0	0	
263332	Occipital_Mid_R	0	0	0	0	0	0	0	0	0	0	0	0	0	0	0	0	0	0	0	590	0	0	0	0	0	0	0	0	0	0	0	0	0	2166	146	196	0	0	0	0	0	0	932	18430	370	22076	182	5200	234	30502	234	0	0	3506	0	722	0	128	0	2048	0	2246	0	960	0	10390	926	15632	0	658	0	0	0	0	0	0	0	0	0	0	0	422	0	0	0	11496	0	0	0	1274	0	0	0	0	0	0	0	0	0	0	0	0	0	0	0	0	0	0	0	0	0	0	0	0	0	0	
198988	Occipital_Inf_L	662	0	0	0	0	0	0	0	0	0	0	0	0	0	0	0	0	0	0	0	0	0	0	0	0	0	0	0	0	0	0	0	0	0	760	0	966	0	364	0	0	0	3528	0	1820	0	14778	0	3086	0	30342	0	0	0	11258	0	0	0	316	0	438	0	128	0	618	0	2768	0	378	0	0	0	0	0	0	0	256	0	0	0	362	0	0	0	8334	0	0	0	12396	0	438	0	0	0	0	0	1316	208	2556	284	0	0	0	0	0	0	0	0	0	0	688	446	0	0	0	0	
62028	Occipital_Inf_R	0	0	0	0	0	0	0	0	0	0	0	0	0	0	0	0	0	0	0	0	0	0	0	0	0	0	0	0	0	0	0	0	0	0	0	314	0	288	0	806	0	0	274	5036	0	670	0	5864	0	1380	0	3506	0	0	0	5470	0	0	0	0	0	0	0	0	0	0	0	1266	0	0	0	0	0	0	0	0	0	0	0	0	0	0	0	0	0	612	0	0	0	2878	0	830	0	0	0	0	0	0	0	972	0	0	0	0	0	0	0	0	0	0	0	190	658	0	0	0	
349548	Fusiform_L	0	0	344	146	0	0	0	0	0	0	0	0	0	0	246	0	0	0	318	138	560	0	0	0	0	0	0	0	2880	0	0	0	0	0	920	482	12020	450	7772	0	4760	0	564	0	224	0	13906	178	0	0	7840	0	11258	0	0	166	0	0	0	0	0	0	0	0	0	0	1528	0	0	0	0	0	1424	0	0	0	772	514	124	0	1720	0	4762	0	4638	0	1784	0	18442	0	18258	814	3478	0	692	0	12128	468	28002	922	1332	0	1990	132	0	0	0	0	0	0	1678	2196	1804	0	0	0	
344564	Fusiform_R	0	278	0	536	0	0	0	232	0	0	0	228	0	0	0	0	0	0	0	572	0	0	0	0	0	0	0	0	0	1512	0	0	0	142	0	1018	0	18810	0	13800	0	6770	0	3958	0	420	2344	17140	0	510	0	722	0	5470	166	0	0	0	0	0	0	0	0	0	0	0	0	3330	0	0	0	0	0	5074	0	178	0	474	0	0	0	420	0	7526	0	1386	0	2486	0	17534	486	11042	166	1138	0	966	572	8130	3270	19284	0	172	0	894	0	0	0	0	0	652	4420	5568	2486	0	0	0	
295044	Postcentral_L	28600	0	18708	354	0	0	8208	0	0	0	6456	0	422	0	0	0	8798	0	10252	224	0	0	0	0	0	0	0	0	6254	0	0	0	0	0	660	630	832	554	212	0	0	0	0	0	0	0	0	0	0	0	1766	0	0	0	0	0	0	0	3500	0	21958	0	8736	0	3904	0	902	0	1704	0	478	0	158	0	0	0	1004	630	4504	0	4456	0	0	0	1590	0	0	0	1068	0	0	0	0	0	0	0	0	0	0	0	0	0	0	0	0	0	0	0	0	0	0	0	0	0	0	0	
177836	Postcentral_R	0	13224	0	4374	0	0	0	1972	0	0	0	1948	0	0	0	0	0	4122	0	4772	0	0	0	0	0	0	0	0	0	468	0	0	0	1588	0	444	0	1042	0	0	0	0	0	1624	0	378	0	0	0	3414	0	128	0	0	0	0	0	0	0	4470	0	6306	0	12504	0	1904	0	8504	0	10750	0	0	0	244	0	0	0	0	0	0	0	546	0	0	0	1112	0	0	0	3080	0	0	0	0	0	0	0	0	0	0	0	0	0	0	0	0	0	0	0	0	0	0	0	0	0	0	
88452	Parietal_Sup_L	0	0	0	0	0	0	0	0	0	0	0	0	0	0	0	0	0	0	0	0	0	0	0	0	0	0	0	0	0	0	0	0	770	0	0	0	0	0	0	0	0	0	0	0	910	0	0	0	7928	0	8180	0	316	0	0	0	3500	0	0	0	6950	0	0	0	1818	0	11274	0	2132	0	0	0	0	0	0	0	0	0	0	0	0	0	0	0	132	0	0	0	316	0	0	0	0	0	0	0	0	0	0	0	0	0	0	0	0	0	0	0	0	0	0	0	0	0	0	0	
56164	Parietal_Sup_R	0	0	0	0	0	0	0	0	0	0	0	0	0	0	0	0	0	0	0	0	0	0	0	0	0	0	0	0	0	0	0	0	0	0	0	0	0	0	0	0	0	0	0	140	0	2476	0	0	0	7862	0	2048	0	0	0	0	0	4470	0	0	0	1310	0	504	0	2692	154	6052	0	374	0	0	0	0	0	0	0	0	0	0	0	0	0	0	0	0	0	0	0	0	0	0	0	0	0	0	0	0	0	0	0	0	0	0	0	0	0	0	0	0	0	0	0	0	0	0	
279744	Parietal_Inf_L	2850	0	3498	0	0	0	1610	0	0	0	1904	0	348	0	0	0	1532	0	1596	0	0	0	0	0	0	0	0	0	1714	0	0	0	0	0	230	0	426	0	0	0	0	0	0	0	0	0	0	0	1304	0	18638	0	438	0	0	0	21958	0	6950	0	0	0	13900	0	35956	0	684	0	2582	0	180	0	0	0	0	0	142	0	796	0	2178	0	0	0	13496	0	0	0	4962	0	0	0	0	0	0	0	0	0	0	0	0	0	0	0	0	0	0	0	0	0	0	0	0	0	0	0	
79468	Parietal_Inf_R	0	1756	0	646	0	0	0	354	0	0	0	716	0	0	0	0	0	364	0	650	0	0	0	0	0	0	0	0	0	602	0	0	0	0	0	0	0	190	0	0	0	0	0	178	0	276	0	0	0	1210	0	2246	0	0	0	0	0	6306	0	1310	0	0	0	14100	0	6304	0	578	0	226	0	0	0	0	0	0	0	0	0	278	0	174	0	0	0	488	0	0	0	782	0	0	0	0	0	0	0	0	0	0	0	0	0	0	0	0	0	0	0	0	0	0	0	0	0	0	
139724	SupraMarginal_L	694	0	788	0	0	0	286	0	0	0	0	0	0	0	0	0	2642	0	612	122	0	0	0	0	0	0	0	0	1518	0	0	0	0	0	274	132	358	134	0	0	0	0	0	0	0	0	0	0	0	0	3900	0	128	0	0	0	8736	0	0	0	13900	0	0	0	10672	0	0	0	574	0	0	0	0	0	0	0	224	132	804	0	8420	0	0	0	10044	0	0	0	4768	0	0	0	0	0	0	0	0	0	0	0	0	0	0	0	0	0	0	0	0	0	0	0	0	0	0	0	
125912	SupraMarginal_R	0	3532	0	1996	0	0	0	516	0	0	0	892	0	0	0	0	0	1580	0	2004	0	0	0	0	0	0	0	0	0	790	0	0	0	0	0	0	0	208	0	0	0	0	0	0	0	0	0	0	0	0	0	960	0	0	0	0	0	12504	0	504	0	14100	0	0	0	6498	0	292	0	0	0	0	0	0	0	0	0	0	0	540	0	6042	0	0	0	7378	0	0	0	2620	0	0	0	0	0	0	0	0	0	0	0	0	0	0	0	0	0	0	0	0	0	0	0	0	0	0	
258276	Angular_L	1722	0	1984	144	0	0	478	0	0	0	1494	0	248	0	0	0	1742	0	1430	146	0	0	0	0	0	0	0	0	1798	0	0	0	0	0	378	0	636	0	0	0	0	0	0	0	0	0	0	0	0	0	25092	0	618	0	0	0	3904	0	1818	0	35956	0	10672	0	0	0	392	0	1684	0	194	0	0	0	0	0	212	0	1012	0	3836	0	0	0	23416	0	0	0	8132	0	0	0	0	0	0	0	0	0	0	0	0	0	0	0	0	0	0	0	0	0	0	0	0	0	0	0	
91528	Angular_R	0	0	0	0	0	0	0	0	0	0	0	0	0	0	0	0	0	0	0	0	0	0	0	0	0	0	0	0	0	0	0	0	0	0	0	0	0	0	0	0	0	0	0	416	0	872	0	0	0	4642	0	10390	0	0	0	0	0	1904	0	2692	0	6304	0	6498	0	0	0	852	0	138	0	0	0	0	0	0	0	0	0	0	0	2578	0	0	0	6502	0	0	0	1976	0	0	0	0	0	0	0	0	0	0	0	0	0	0	0	0	0	0	0	0	0	0	0	0	0	0	
272032	Precuneus_L	336	0	638	410	0	0	0	0	0	0	0	0	0	0	0	0	148	0	732	396	0	0	0	0	0	0	0	0	968	0	0	0	2154	740	9740	1004	7614	662	4026	0	0	0	11132	704	11332	2612	9474	0	12920	1128	18068	926	2768	0	1528	0	902	0	11274	154	684	0	0	0	392	0	0	4936	2538	0	0	0	0	0	0	0	930	704	1416	0	764	0	0	0	5140	288	0	0	3734	0	0	0	0	0	0	0	0	0	0	0	0	0	0	0	0	0	0	0	0	0	0	0	0	0	0	0	
399400	Precuneus_R	0	860	0	894	0	0	0	188	0	0	0	144	0	0	0	0	0	0	0	5314	0	0	0	0	0	0	0	0	0	186	0	0	796	14616	3202	10540	1436	5292	972	3848	0	0	132	24278	768	24048	138	8900	458	21876	414	15632	0	1266	0	3330	0	8504	0	6052	0	578	0	292	0	852	4936	0	128	13396	0	0	0	266	0	0	1352	1584	0	0	0	204	0	0	0	7152	0	0	0	4702	0	0	0	0	0	0	0	0	0	0	0	0	0	0	0	0	0	0	0	0	174	0	0	0	0	0	
222388	Paracentral_Lobule_L	20050	1818	7958	596	0	0	0	0	0	0	0	0	0	0	0	0	1882	0	17836	6130	0	0	0	0	0	0	0	0	292	0	0	0	4494	4614	2556	2528	1962	1220	234	0	0	0	786	0	994	0	504	0	1496	0	4194	0	378	0	0	0	1704	0	2132	0	2582	0	574	0	1684	0	2538	128	0	820	1232	1212	152	0	0	0	2626	1996	786	0	2586	0	0	0	4052	0	0	0	1868	0	0	0	0	0	0	0	0	0	0	0	0	0	0	0	0	0	0	0	0	0	0	0	0	0	0	0	
139432	Paracentral_Lobule_R	0	3110	0	370	0	0	0	0	0	0	0	140	0	0	0	0	0	0	178	12420	0	0	0	0	0	0	0	0	0	0	0	0	1756	12364	0	2826	0	364	0	0	0	0	0	2562	0	1450	0	174	0	2586	0	658	0	0	0	0	0	10750	0	374	0	226	0	0	0	138	0	13396	820	0	0	0	0	0	0	0	0	0	0	0	0	0	0	0	0	1128	0	0	0	1926	0	0	0	0	0	0	0	0	0	0	0	0	0	0	0	0	0	0	0	0	0	0	0	0	0	0	
305896	Caudate_L	2502	186	13918	5282	2660	386	390	1704	1176	0	1538	3496	174	540	2500	390	1802	708	15102	4976	8326	5928	386	198	564	0	2260	346	4298	3948	9374	2710	0	2488	200	262	180	0	0	0	326	0	0	0	0	0	0	0	0	0	0	0	0	0	0	0	478	0	0	0	180	0	0	0	194	0	0	0	1232	0	0	13312	17278	3860	1504	1522	9924	664	164	0	1062	182	168	0	0	0	0	0	0	0	0	0	0	0	0	0	0	0	0	0	0	0	0	0	0	0	0	0	0	0	0	0	0	0	0	0	
380188	Caudate_R	516	488	3650	20874	542	8066	0	4398	386	172	274	1986	0	1504	502	3988	286	0	4426	18442	4716	9048	0	5000	178	3366	528	4716	376	2692	4260	11250	0	1838	1976	2826	1486	1936	0	0	0	0	0	0	0	0	0	0	0	0	0	0	0	0	0	0	0	0	0	0	0	0	0	0	0	0	0	0	1212	0	13312	0	5938	18862	482	2818	4020	16234	0	0	238	0	0	286	0	0	0	0	0	0	0	0	0	0	0	0	0	0	0	0	0	0	0	0	0	0	0	0	0	0	0	0	0	0	0	0	
371240	Putamen_L	814	0	26080	2470	5880	0	1206	962	2094	0	744	0	1240	0	7604	0	588	0	26952	1954	5692	4406	1176	0	994	0	1394	0	21082	128	7540	1590	0	1148	724	1038	5404	600	3770	0	1448	0	0	0	0	0	236	0	0	0	0	0	0	0	1424	0	158	0	0	0	0	0	0	0	0	0	0	0	152	0	17278	5938	0	2856	6090	1460	6036	1142	148	0	714	0	3942	0	432	0	0	0	892	0	0	0	0	0	0	0	0	0	0	0	0	0	0	0	0	0	0	0	0	0	0	0	0	0	0	0	
382232	Putamen_R	0	1616	370	26708	424	4124	0	6430	298	0	0	4218	0	1792	390	3666	0	972	904	22150	2466	4078	0	3324	0	1058	406	1938	0	23208	2746	6018	0	1436	578	790	828	15514	454	1824	0	1432	0	0	0	0	208	0	0	0	0	0	0	0	0	5074	0	244	0	0	0	0	0	0	0	0	0	266	0	0	3860	18862	2856	0	0	4346	592	5012	0	0	0	2182	0	390	0	992	0	0	0	4072	0	0	0	0	0	0	0	0	0	0	0	0	0	0	0	0	0	0	0	0	0	0	0	0	0	0	
44196	Pallidum_L	0	0	4578	0	0	0	0	0	0	0	0	0	0	0	0	0	0	0	6746	0	234	300	0	0	0	0	0	0	266	0	0	0	0	0	0	0	144	0	0	0	122	0	0	0	0	0	0	0	0	0	0	0	0	0	0	0	0	0	0	0	0	0	0	0	0	0	0	0	0	0	1504	482	6090	0	0	0	1632	0	0	0	0	0	0	0	0	0	0	0	0	0	0	0	0	0	0	0	0	0	0	0	0	0	0	0	0	0	0	0	0	0	0	0	0	0	0	0	
40064	Pallidum_R	0	0	0	2776	0	0	0	156	0	0	0	0	0	0	0	0	0	0	0	2850	508	1082	0	0	0	0	0	0	0	0	396	160	0	0	0	0	0	992	0	562	0	0	0	0	0	0	0	0	0	0	0	0	0	0	0	178	0	0	0	0	0	0	0	0	0	0	0	0	0	0	1522	2818	1460	4346	0	0	0	226	0	0	0	0	0	0	0	0	0	0	0	0	0	0	0	0	0	0	0	0	0	0	0	0	0	0	0	0	0	0	0	0	0	0	0	0	0	0	
352516	Thalamus_L	4880	0	19552	5684	0	0	416	214	0	0	204	0	0	0	0	190	1078	0	22452	4040	0	0	0	0	0	0	0	0	5002	0	0	0	0	0	14088	15706	11248	11380	2470	188	0	0	0	0	0	0	494	0	0	0	146	0	256	0	772	0	1004	0	0	0	142	0	224	0	212	0	930	1352	2626	0	9924	4020	6036	592	1632	0	0	18214	1696	0	2068	0	0	0	3198	0	0	0	1928	0	0	0	0	0	0	0	0	0	0	0	0	0	0	0	0	0	0	0	0	0	0	0	0	0	0	0	
357100	Thalamus_R	1388	1142	6560	20974	0	0	340	1028	0	0	126	124	0	0	0	414	670	0	6304	23128	0	0	0	0	0	0	0	0	3362	620	0	168	0	0	12630	15998	9628	15644	2244	670	0	0	0	0	0	0	696	0	0	0	0	0	0	0	514	474	630	0	0	0	0	0	132	0	0	0	704	1584	1996	0	664	16234	1142	5012	0	226	18214	0	1594	0	1798	306	0	0	2126	0	0	0	918	424	0	0	0	0	0	0	0	0	0	0	0	0	0	0	0	0	0	0	0	0	0	0	0	0	0	0	
165780	Heschl_L	3566	0	4764	728	0	0	1052	0	0	0	596	0	0	0	0	0	8524	0	3122	526	0	0	0	0	0	0	0	0	11778	0	0	0	0	0	3238	1796	5326	1574	0	0	0	0	0	0	0	0	224	0	0	0	2082	0	0	0	124	0	4504	0	0	0	796	0	804	0	1012	0	1416	0	786	0	164	0	148	0	0	0	1696	1594	0	0	9054	0	0	0	9136	0	0	0	2760	0	0	0	0	0	0	0	0	0	0	0	0	0	0	0	0	0	0	0	0	0	0	0	0	0	0	0	
29744	Heschl_R	0	726	0	824	0	0	0	624	0	0	0	614	0	0	0	0	0	2194	0	456	0	0	0	0	0	0	0	0	0	2728	0	0	0	0	0	0	0	304	0	0	0	0	0	0	0	0	0	0	0	0	0	0	0	0	0	0	0	0	0	0	0	278	0	540	0	0	0	0	0	0	0	0	0	0	0	0	0	0	0	0	0	4044	0	0	0	1540	0	0	0	0	0	0	0	0	0	0	0	0	0	0	0	0	0	0	0	0	0	0	0	0	0	0	0	0	0	0	
274636	Temporal_Sup_L	4784	0	2616	942	0	0	298	190	0	0	2888	0	0	0	0	0	14182	0	2628	694	0	0	0	0	0	0	0	0	11746	0	0	0	0	196	2652	2014	3692	1730	542	0	0	0	0	0	0	0	200	0	0	0	2036	0	362	0	1720	0	4456	0	0	0	2178	0	8420	0	3836	0	764	0	2586	0	1062	238	714	0	0	0	2068	1798	9054	0	0	0	2764	0	29444	0	0	0	11824	0	0	0	0	0	0	0	0	0	0	0	0	0	0	0	0	0	0	0	0	0	0	0	0	0	0	0	
117288	Temporal_Sup_R	0	1924	0	2740	0	0	0	1434	0	0	0	2040	0	0	0	0	0	3186	228	2106	0	0	0	0	0	0	0	0	0	5888	0	0	0	360	0	0	0	1670	0	428	0	0	0	0	0	0	0	0	0	0	0	422	0	0	0	420	0	546	0	0	0	174	0	6042	0	2578	0	204	0	0	182	0	0	2182	0	0	0	306	0	4044	0	0	0	4188	0	13568	0	682	0	1102	0	0	0	0	0	0	0	0	0	0	0	0	0	0	0	0	0	0	0	0	0	0	0	0	0	0	
96876	Temporal_Pole_Sup_L	0	0	816	0	794	0	218	0	0	0	548	0	340	0	2890	0	652	0	748	0	536	0	0	0	0	0	152	0	6304	0	0	0	0	0	0	0	1934	0	824	0	1672	0	0	0	0	0	0	0	0	0	0	0	0	0	4762	0	0	0	0	0	0	0	0	0	0	0	0	0	0	0	168	0	3942	0	0	0	0	0	0	0	2764	0	0	0	6850	0	4328	0	7196	0	0	0	0	0	0	0	0	0	0	0	0	0	0	0	0	0	0	0	0	0	0	0	0	0	0	0	
64440	Temporal_Pole_Sup_R	0	0	0	0	0	430	0	0	0	0	0	0	0	0	0	638	0	132	0	0	0	176	0	0	0	0	0	446	0	1420	0	0	0	0	0	0	0	162	0	1942	0	1294	0	0	0	0	0	0	0	0	0	0	0	0	0	7526	0	0	0	0	0	0	0	0	0	0	0	0	0	0	0	286	0	390	0	0	0	0	0	0	0	4188	0	0	0	3606	0	4288	0	5296	0	0	0	0	0	0	0	0	0	0	0	0	0	0	0	0	0	0	0	0	0	0	0	0	0	0	
520636	Temporal_Mid_L	6006	0	572	712	0	0	146	0	0	0	140	0	0	0	0	0	5936	0	536	528	0	0	0	0	0	0	0	0	4580	0	0	0	0	0	3802	2120	5918	2038	856	0	392	0	2940	0	2618	0	3832	0	2300	0	33906	0	8334	0	4638	0	1590	0	132	0	13496	0	10044	0	23416	0	5140	0	4052	0	0	0	432	0	0	0	3198	2126	9136	0	29444	0	6850	0	0	0	4384	0	54028	0	0	0	0	0	0	0	0	0	0	0	0	0	0	0	0	0	0	0	0	0	0	0	0	0	0	0	
244332	Temporal_Mid_R	0	3454	0	2004	0	0	0	1386	0	0	0	1258	0	0	0	0	0	150	0	2604	0	0	0	0	0	0	0	0	0	2806	0	0	0	1886	152	1660	0	1822	0	316	0	0	196	7286	0	2904	0	1400	0	2996	0	11496	0	612	0	1386	0	1112	0	0	0	488	0	7378	0	6502	288	7152	0	1128	0	0	0	992	0	0	0	0	0	1540	0	13568	0	3606	0	0	0	1712	0	28926	0	0	0	0	0	0	0	0	0	0	0	0	0	0	0	0	0	0	0	0	0	0	0	0	0	0	
29040	Temporal_Pole_Mid_L	0	0	0	0	0	0	0	0	0	0	0	0	0	0	0	0	0	0	0	0	0	0	0	0	0	0	0	0	0	0	0	0	0	0	0	0	150	0	0	0	148	0	0	0	0	0	0	0	0	0	0	0	0	0	1784	0	0	0	0	0	0	0	0	0	0	0	0	0	0	0	0	0	0	0	0	0	0	0	0	0	0	0	4328	0	4384	0	0	0	3726	0	0	0	0	0	0	0	0	0	0	0	0	0	0	0	0	0	0	0	0	0	0	0	0	0	0	0	
26000	Temporal_Pole_Mid_R	0	0	0	0	0	0	0	0	0	0	0	0	0	0	0	0	0	0	0	0	0	0	0	0	0	0	0	0	0	0	0	0	0	0	0	0	0	0	0	1568	0	378	0	0	0	0	0	0	0	0	0	0	0	0	0	2486	0	0	0	0	0	0	0	0	0	0	0	0	0	0	0	0	0	0	0	0	0	0	0	0	0	682	0	4288	0	1712	0	0	0	1886	0	0	0	0	0	0	0	0	0	0	0	0	0	0	0	0	0	0	0	0	0	0	0	0	0	0	
396792	Temporal_Inf_L	2978	0	546	368	0	0	0	0	0	0	0	0	0	0	0	0	1280	0	486	280	0	0	0	0	0	0	0	0	4756	0	0	0	0	0	2202	918	10880	890	2818	0	1640	0	1614	0	1708	0	4096	0	1802	0	14486	0	12396	0	18442	0	1068	0	316	0	4962	0	4768	0	8132	0	3734	0	1868	0	0	0	892	0	0	0	1928	918	2760	0	11824	0	7196	0	54028	0	3726	0	0	0	2914	0	736	0	0	0	0	0	682	0	494	0	864	0	0	0	0	0	0	0	0	0	0	0	0	0	
261620	Temporal_Inf_R	0	8366	0	2488	0	0	0	2236	0	0	0	1962	0	0	0	0	0	176	0	2656	0	0	0	0	0	0	0	0	0	3946	0	0	0	592	188	2776	0	13308	0	4456	0	586	0	3580	0	310	0	2302	0	372	0	1274	0	2878	0	17534	0	3080	0	0	0	782	0	2620	0	1976	0	4702	0	1926	0	0	0	4072	0	0	0	424	0	0	0	1102	0	5296	0	28926	0	1886	0	0	0	1174	0	0	0	0	0	0	0	230	0	198	0	430	0	0	0	0	0	0	0	0	0	0	0	0	
383360	Cerebelum_Crus1_L	0	0	0	0	0	0	0	0	0	0	0	0	0	0	0	0	0	0	0	0	0	0	0	0	0	0	0	0	0	0	0	0	0	0	0	0	0	0	0	0	0	0	0	0	0	0	3756	362	0	0	0	0	438	0	18258	486	0	0	0	0	0	0	0	0	0	0	0	0	0	0	0	0	0	0	0	0	0	0	0	0	0	0	0	0	0	0	0	0	2914	0	0	3818	33800	1656	372	0	10804	918	43724	2838	15640	430	22802	2062	2410	1010	1056	152	0	0	2260	4668	11724	1862	1460	0	
360672	Cerebelum_Crus1_R	0	0	0	0	0	0	0	0	0	0	0	0	0	0	0	0	0	0	0	0	0	0	0	0	0	0	0	0	0	0	0	0	0	0	0	0	0	0	0	0	0	0	0	0	0	0	1182	3728	0	0	0	0	0	830	814	11042	0	0	0	0	0	0	0	0	0	0	0	0	0	0	0	0	0	0	0	0	0	0	0	0	0	0	0	0	0	0	0	0	0	1174	3818	0	3262	33266	150	2562	1434	11504	2848	44032	0	13134	236	25916	166	848	0	382	176	936	4150	3802	8092	388	464	0	
377100	Cerebelum_Crus2_L	0	0	0	0	0	0	0	0	0	0	0	0	0	0	0	0	0	0	0	0	0	0	0	0	0	0	0	0	0	0	0	0	0	0	0	0	0	0	0	0	0	0	0	0	0	0	316	0	0	0	0	0	0	0	3478	166	0	0	0	0	0	0	0	0	0	0	0	0	0	0	0	0	0	0	0	0	0	0	0	0	0	0	0	0	0	0	0	0	736	0	33800	3262	0	18788	0	0	1220	152	9206	1120	32878	10390	30978	9996	2286	464	598	0	0	0	218	1480	21584	4608	826	0	
349912	Cerebelum_Crus2_R	0	0	0	0	0	0	0	0	0	0	0	0	0	0	0	0	0	0	0	0	0	0	0	0	0	0	0	0	0	0	0	0	0	0	0	0	0	0	0	0	0	0	0	0	0	0	0	394	0	0	0	0	0	0	0	1138	0	0	0	0	0	0	0	0	0	0	0	0	0	0	0	0	0	0	0	0	0	0	0	0	0	0	0	0	0	0	0	0	0	0	1656	33266	18788	0	0	698	444	3070	258	12786	7430	31512	3498	35900	148	1574	0	276	0	264	1502	730	15508	3796	320	0	
22664	Cerebelum_3_L	0	0	0	0	0	0	0	0	0	0	0	0	0	0	0	0	0	0	0	0	0	0	0	0	0	0	0	0	0	0	0	0	0	0	0	0	0	0	194	0	0	0	0	0	0	0	210	0	0	0	0	0	0	0	692	0	0	0	0	0	0	0	0	0	0	0	0	0	0	0	0	0	0	0	0	0	0	0	0	0	0	0	0	0	0	0	0	0	0	0	372	150	0	0	0	0	5018	270	1418	410	0	0	0	0	332	0	0	0	622	800	616	228	0	0	0	0	
56400	Cerebelum_3_R	0	0	0	0	0	0	0	0	0	0	0	0	0	0	0	0	0	0	0	0	0	0	0	0	0	0	0	0	0	0	0	0	0	0	0	0	0	0	0	0	0	0	0	0	0	0	0	168	0	0	0	0	0	0	0	966	0	0	0	0	0	0	0	0	0	0	0	0	0	0	0	0	0	0	0	0	0	0	0	0	0	0	0	0	0	0	0	0	0	0	0	2562	0	698	0	0	784	7202	140	6486	0	0	0	572	250	1196	0	0	488	2406	1530	1116	0	678	958	0	
241760	Cerebelum_4_5_L	0	0	0	0	0	0	0	0	0	0	0	0	0	0	0	0	0	0	0	0	0	0	0	0	0	0	0	0	0	0	0	0	0	0	0	0	0	0	0	0	0	0	0	0	0	0	4426	1382	0	0	128	0	1316	0	12128	572	0	0	0	0	0	0	0	0	0	0	0	0	0	0	0	0	0	0	0	0	0	0	0	0	0	0	0	0	0	0	0	0	0	0	10804	1434	1220	444	5018	784	0	5078	28326	5146	834	164	2316	472	4038	2428	1864	512	542	2056	14852	6294	1034	1526	2352	1390	
200440	Cerebelum_4_5_R	0	0	0	0	0	0	0	0	0	0	0	0	0	0	0	0	0	0	0	0	0	0	0	0	0	0	0	0	0	0	0	0	0	0	0	0	0	0	0	0	0	0	0	0	0	0	696	4366	0	0	0	0	208	0	468	8130	0	0	0	0	0	0	0	0	0	0	0	0	0	0	0	0	0	0	0	0	0	0	0	0	0	0	0	0	0	0	0	0	0	0	918	11504	152	3070	270	7202	5078	0	3056	26326	0	384	614	2422	630	1668	168	392	358	2546	13890	3188	178	766	1224	348	
396844	Cerebelum_6_L	0	0	0	0	0	0	0	0	0	0	0	0	0	0	0	0	0	0	0	0	0	0	0	0	0	0	0	0	0	0	0	0	0	0	0	0	0	0	0	0	0	0	0	180	0	0	10566	3704	0	0	464	0	2556	0	28002	3270	0	0	0	0	0	0	0	0	0	0	0	0	0	0	0	0	0	0	0	0	0	0	0	0	0	0	0	0	0	0	0	0	682	0	43724	2848	9206	258	1418	140	28326	3056	0	7568	6738	134	10558	642	2190	1168	1306	418	0	250	9712	12048	4800	1124	1100	266	
404868	Cerebelum_6_R	0	0	0	0	0	0	0	0	0	0	0	0	0	0	0	0	0	0	0	0	0	0	0	0	0	0	0	0	0	0	0	0	0	0	0	0	0	0	0	0	0	0	0	276	0	0	3548	9290	0	0	0	0	284	972	922	19284	0	0	0	0	0	0	0	0	0	0	0	0	0	0	0	0	0	0	0	0	0	0	0	0	0	0	0	0	0	0	0	0	0	230	2838	44032	1120	12786	410	6486	5146	26326	7568	0	0	5062	914	11808	1412	1098	270	1026	474	2440	15366	13252	5980	614	726	474	
262044	Cerebelum_7b_L	0	0	0	0	0	0	0	0	0	0	0	0	0	0	0	0	0	0	0	0	0	0	0	0	0	0	0	0	0	0	0	0	0	0	0	0	0	0	0	0	0	0	0	0	0	0	0	0	0	0	0	0	0	0	1332	0	0	0	0	0	0	0	0	0	0	0	0	0	0	0	0	0	0	0	0	0	0	0	0	0	0	0	0	0	0	0	0	0	494	0	15640	0	32878	7430	0	0	834	0	6738	0	0	5676	32906	6134	3766	444	844	0	0	0	494	354	8266	5998	658	136	
231892	Cerebelum_7b_R	0	0	0	0	0	0	0	0	0	0	0	0	0	0	0	0	0	0	0	0	0	0	0	0	0	0	0	0	0	0	0	0	0	0	0	0	0	0	0	0	0	0	0	0	0	0	0	0	0	0	0	0	0	0	0	172	0	0	0	0	0	0	0	0	0	0	0	0	0	0	0	0	0	0	0	0	0	0	0	0	0	0	0	0	0	0	0	0	0	198	430	13134	10390	31512	0	0	164	384	134	5062	5676	0	2638	32162	182	2086	0	0	0	0	402	480	7116	3484	140	0	
302100	Cerebelum_8_L	0	0	0	0	0	0	0	0	0	0	0	0	0	0	0	0	0	0	0	0	0	0	0	0	0	0	0	0	0	0	0	0	0	0	0	0	0	0	0	0	0	0	0	0	0	0	0	200	0	0	0	0	0	0	1990	0	0	0	0	0	0	0	0	0	0	0	0	0	0	0	0	0	0	0	0	0	0	0	0	0	0	0	0	0	0	0	0	0	864	0	22802	236	30978	3498	0	0	2316	614	10558	914	32906	2638	0	4684	14114	874	2876	132	0	0	1766	1586	6120	6382	1756	246	
341812	Cerebelum_8_R	0	0	0	0	0	0	0	0	0	0	0	0	0	0	0	0	0	0	0	0	0	0	0	0	0	0	0	0	0	0	0	0	0	0	0	0	0	0	0	0	0	0	0	0	0	0	170	0	0	0	0	0	0	0	132	894	0	0	0	0	0	0	0	0	0	0	0	0	0	0	0	0	0	0	0	0	0	0	0	0	0	0	0	0	0	0	0	0	0	430	2062	25916	9996	35900	0	572	472	2422	642	11808	6134	32162	4684	0	466	13732	0	692	0	256	1290	1376	10952	6290	1330	126	
104484	Cerebelum_9_L	0	0	0	0	0	0	0	0	0	0	0	0	0	0	0	0	0	0	0	0	0	0	0	0	0	0	0	0	0	0	0	0	0	0	0	0	0	0	0	0	0	0	0	0	0	0	0	156	0	0	0	0	0	0	0	0	0	0	0	0	0	0	0	0	0	0	0	0	0	0	0	0	0	0	0	0	0	0	0	0	0	0	0	0	0	0	0	0	0	0	2410	166	2286	148	332	250	4038	630	2190	1412	3766	182	14114	466	0	934	5888	0	0	0	3392	3764	1688	1756	1994	280	
114924	Cerebelum_9_R	0	0	0	0	0	0	0	0	0	0	0	0	0	0	0	0	0	0	0	0	0	0	0	0	0	0	0	0	0	0	0	0	0	0	0	0	0	0	0	0	0	0	0	0	0	0	338	0	0	0	0	0	0	0	0	0	0	0	0	0	0	0	0	0	0	0	0	0	0	0	0	0	0	0	0	0	0	0	0	0	0	0	0	0	0	0	0	0	0	0	1010	848	464	1574	0	1196	2428	1668	1168	1098	444	2086	874	13732	934	0	248	2290	304	558	3800	5542	2494	5204	5846	1314	
36372	Cerebelum_10_L	0	0	0	0	0	0	0	0	0	0	0	0	0	0	0	0	0	0	0	0	0	0	0	0	0	0	0	0	0	0	0	0	0	0	0	0	0	0	0	0	0	0	0	0	0	0	0	0	0	0	0	0	0	0	0	0	0	0	0	0	0	0	0	0	0	0	0	0	0	0	0	0	0	0	0	0	0	0	0	0	0	0	0	0	0	0	0	0	0	0	1056	0	598	0	0	0	1864	168	1306	270	844	0	2876	0	5888	248	0	0	0	0	1472	1218	0	0	378	0	
25624	Cerebelum_10_R	0	0	0	0	0	0	0	0	0	0	0	0	0	0	0	0	0	0	0	0	0	0	0	0	0	0	0	0	0	0	0	0	0	0	0	0	0	0	0	0	0	0	0	0	0	0	208	134	0	0	0	0	0	0	0	0	0	0	0	0	0	0	0	0	0	0	0	0	0	0	0	0	0	0	0	0	0	0	0	0	0	0	0	0	0	0	0	0	0	0	152	382	0	276	0	0	512	392	418	1026	0	0	132	692	0	2290	0	0	0	0	1356	1746	464	1232	1262	138	
13576	Vermis_1_2	0	0	0	0	0	0	0	0	0	0	0	0	0	0	0	0	0	0	0	0	0	0	0	0	0	0	0	0	0	0	0	0	0	0	0	0	0	0	0	0	0	0	0	0	0	0	0	0	0	0	0	0	0	0	0	0	0	0	0	0	0	0	0	0	0	0	0	0	0	0	0	0	0	0	0	0	0	0	0	0	0	0	0	0	0	0	0	0	0	0	0	176	0	0	622	488	542	358	0	474	0	0	0	0	0	304	0	0	0	3342	482	0	0	0	0	0	
40532	Vermis_3	0	0	0	0	0	0	0	0	0	0	0	0	0	0	0	0	0	0	0	0	0	0	0	0	0	0	0	0	0	0	0	0	0	0	0	0	0	0	176	0	0	0	0	0	0	0	248	204	0	0	0	0	0	0	0	652	0	0	0	0	0	0	0	0	0	0	0	0	0	0	0	0	0	0	0	0	0	0	0	0	0	0	0	0	0	0	0	0	0	0	0	936	0	264	800	2406	2056	2546	250	2440	0	0	0	256	0	558	0	0	3342	0	2018	430	0	316	368	0	
233548	Vermis_4_5	0	0	0	0	0	0	0	0	0	0	0	0	0	0	0	0	0	0	0	0	0	0	0	0	0	0	0	0	0	0	0	0	0	0	0	0	0	0	0	0	0	0	0	256	0	0	2982	5216	0	0	0	0	688	0	1678	4420	0	0	0	0	0	0	0	0	0	0	0	174	0	0	0	0	0	0	0	0	0	0	0	0	0	0	0	0	0	0	0	0	0	0	2260	4150	218	1502	616	1530	14852	13890	9712	15366	494	402	1766	1290	3392	3800	1472	1356	482	2018	0	12092	514	2672	3648	1866	
232684	Vermis_6	0	0	0	0	0	0	0	0	0	0	0	0	0	0	0	0	0	0	0	0	0	0	0	0	0	0	0	0	0	0	0	0	0	0	0	0	0	0	0	0	0	0	0	302	0	0	6546	6222	0	0	132	0	446	190	2196	5568	0	0	0	0	0	0	0	0	0	0	0	0	0	0	0	0	0	0	0	0	0	0	0	0	0	0	0	0	0	0	0	0	0	0	4668	3802	1480	730	228	1116	6294	3188	12048	13252	354	480	1586	1376	3764	5542	1218	1746	0	430	12092	0	7306	4844	5654	1542	
263996	Vermis_7	0	0	0	0	0	0	0	0	0	0	0	0	0	0	0	0	0	0	0	0	0	0	0	0	0	0	0	0	0	0	0	0	0	0	0	0	0	0	0	0	0	0	0	0	0	0	1380	2304	0	0	0	0	0	658	1804	2486	0	0	0	0	0	0	0	0	0	0	0	0	0	0	0	0	0	0	0	0	0	0	0	0	0	0	0	0	0	0	0	0	0	0	11724	8092	21584	15508	0	0	1034	178	4800	5980	8266	7116	6120	10952	1688	2494	0	464	0	0	514	7306	0	6476	3070	0	
