data	data	562948	195748	1.04346e+06	664552	231784	137744	438800	231356	70680	23332	314868	247524	282324	162556	180420	69980	261264	124900	917652	854284	103624	86824	420888	356276	38488	57432	67728	66668	594484	192540	348576	463328	175220	597632	149336	197200	220348	221992	58088	108428	34496	40612	224772	343704	178184	351820	205364	385672	157448	349268	418504	157204	115620	45772	327052	397396	285816	288660	161400	144068	269060	88948	92280	96140	135356	83824	221920	381300	295132	204184	398820	361628	286196	275208	56672	17988	213936	223460	58140	33012	200744	111880	66032	44652	323060	137896	23120	19816	213272	151364	471612	442364	343828	253244	50548	51364	222400	211908	401672	433924	239368	88752	291380	240224	88720	97268	16288	22048	16128	35132	197376	208468	162756	109060	77112	35696	
data	data	Precentral_L	Precentral_R	Frontal_Sup_L	Frontal_Sup_R	Frontal_Sup_Orb_L	Frontal_Sup_Orb_R	Frontal_Mid_L	Frontal_Mid_R	Frontal_Mid_Orb_L	Frontal_Mid_Orb_R	Frontal_Inf_Oper_L	Frontal_Inf_Oper_R	Frontal_Inf_Tri_L	Frontal_Inf_Tri_R	Frontal_Inf_Orb_L	Frontal_Inf_Orb_R	Rolandic_Oper_L	Rolandic_Oper_R	Supp_Motor_Area_L	Supp_Motor_Area_R	Olfactory_L	Olfactory_R	Frontal_Sup_Medial_L	Frontal_Sup_Medial_R	Frontal_Med_Orb_L	Frontal_Med_Orb_R	Rectus_L	Rectus_R	Insula_L	Insula_R	Cingulum_Ant_L	Cingulum_Ant_R	Cingulum_Mid_L	Cingulum_Mid_R	Cingulum_Post_L	Cingulum_Post_R	Hippocampus_L	Hippocampus_R	ParaHippocampal_L	ParaHippocampal_R	Amygdala_L	Amygdala_R	Calcarine_L	Calcarine_R	Cuneus_L	Cuneus_R	Lingual_L	Lingual_R	Occipital_Sup_L	Occipital_Sup_R	Occipital_Mid_L	Occipital_Mid_R	Occipital_Inf_L	Occipital_Inf_R	Fusiform_L	Fusiform_R	Postcentral_L	Postcentral_R	Parietal_Sup_L	Parietal_Sup_R	Parietal_Inf_L	Parietal_Inf_R	SupraMarginal_L	SupraMarginal_R	Angular_L	Angular_R	Precuneus_L	Precuneus_R	Paracentral_Lobule_L	Paracentral_Lobule_R	Caudate_L	Caudate_R	Putamen_L	Putamen_R	Pallidum_L	Pallidum_R	Thalamus_L	Thalamus_R	Heschl_L	Heschl_R	Temporal_Sup_L	Temporal_Sup_R	Temporal_Pole_Sup_L	Temporal_Pole_Sup_R	Temporal_Mid_L	Temporal_Mid_R	Temporal_Pole_Mid_L	Temporal_Pole_Mid_R	Temporal_Inf_L	Temporal_Inf_R	Cerebelum_Crus1_L	Cerebelum_Crus1_R	Cerebelum_Crus2_L	Cerebelum_Crus2_R	Cerebelum_3_L	Cerebelum_3_R	Cerebelum_4_5_L	Cerebelum_4_5_R	Cerebelum_6_L	Cerebelum_6_R	Cerebelum_7b_L	Cerebelum_7b_R	Cerebelum_8_L	Cerebelum_8_R	Cerebelum_9_L	Cerebelum_9_R	Cerebelum_10_L	Cerebelum_10_R	Vermis_1_2	Vermis_3	Vermis_4_5	Vermis_6	Vermis_7	Vermis_8	Vermis_9	Vermis_10	
562948	Precentral_L	0	2060	30346	4128	1364	256	23078	830	0	0	14168	472	1938	556	0	0	11282	0	24690	14796	0	0	594	386	248	0	144	0	10526	0	706	354	1882	10622	5684	3720	6174	1694	0	0	0	0	0	0	0	0	0	0	0	0	2166	0	384	0	578	0	23038	134	2342	0	5758	0	1350	0	122	0	1072	0	25746	1194	6362	2748	1728	0	1432	0	20570	7982	930	0	1680	0	0	0	1346	0	0	0	114	0	0	0	0	0	0	0	0	0	0	0	0	0	0	0	0	0	0	0	0	0	0	0	0	0	0	0	
195748	Precentral_R	2060	0	956	3880	0	0	468	7296	0	0	632	12354	0	0	0	0	696	1262	1002	3966	0	0	126	0	0	0	0	0	370	4114	0	0	0	1112	844	3214	0	2628	0	116	0	0	0	616	0	1336	0	970	0	382	0	148	0	0	0	1114	208	22382	0	942	0	284	0	326	0	200	0	4236	418	6666	1898	760	142	2888	0	0	270	710	0	350	0	1266	0	0	0	982	0	0	0	1284	0	0	0	0	0	0	0	0	0	0	0	0	0	0	0	0	0	0	0	0	0	0	0	0	0	0	
1.04346e+06	Frontal_Sup_L	30346	956	0	4804	12228	118	53914	1452	2838	0	17588	1348	20600	716	11400	152	12460	548	111838	22262	710	0	46200	3888	1758	0	690	0	32574	0	15388	2354	6708	6382	144	424	4330	360	160	0	424	0	0	0	0	0	0	0	0	0	0	0	0	0	340	0	5734	254	0	0	124	0	262	0	0	0	0	0	20770	116	15660	1516	22054	270	5684	0	16488	984	984	0	1966	0	318	0	0	0	0	0	142	0	0	0	0	0	0	0	0	0	0	0	0	0	0	0	0	0	0	0	0	0	0	0	0	0	0	0	
664552	Frontal_Sup_R	4128	3880	4804	0	0	9172	360	23086	0	0	546	13218	0	5400	0	830	470	8668	12808	61038	0	0	11788	39116	0	1880	0	340	854	7386	2014	30944	836	22278	0	0	0	2496	0	292	0	0	0	0	0	0	122	0	0	0	0	0	0	0	0	218	186	1634	0	168	0	0	0	0	0	0	0	0	3926	0	2432	23200	412	19986	0	2022	226	8850	0	0	0	122	0	140	0	0	0	0	0	0	0	0	0	0	0	0	0	0	0	0	0	0	0	0	0	0	0	0	0	0	0	0	0	0	0	0	
231784	Frontal_Sup_Orb_L	1364	0	12228	0	0	0	2876	0	8676	0	3628	0	2778	0	12232	0	2606	0	2552	306	3874	0	6558	132	3786	0	8084	0	16328	0	8952	206	390	0	0	0	0	0	0	0	226	0	0	0	0	0	0	0	0	0	0	0	0	0	0	0	0	0	0	0	0	0	0	0	0	0	0	0	0	0	11558	120	4504	0	0	0	0	0	0	0	174	0	1754	0	0	0	0	0	0	0	0	0	0	0	0	0	0	0	0	0	0	0	0	0	0	0	0	0	0	0	0	0	0	0	0	0	
137744	Frontal_Sup_Orb_R	256	0	118	9172	0	0	0	664	0	3668	152	330	0	604	0	4298	218	288	518	2222	782	2446	0	5410	360	5874	0	7986	292	2088	190	4184	0	0	0	0	0	0	0	0	0	0	0	0	0	0	0	0	0	0	0	0	0	0	0	0	0	0	0	0	0	0	0	0	0	0	0	0	0	0	1096	8098	380	6344	0	0	0	834	0	0	0	0	0	0	0	0	0	0	0	0	0	0	0	0	0	0	0	0	0	0	0	0	0	0	0	0	0	0	0	0	0	0	0	0	0	0	
438800	Frontal_Mid_L	23078	468	53914	360	2876	0	0	824	3622	0	20720	422	31038	538	7954	0	6186	0	9476	1248	0	0	18452	248	242	0	218	0	15640	0	3078	144	3996	534	642	632	1596	320	0	0	0	0	0	0	0	0	0	0	0	0	0	0	0	0	0	0	826	0	0	0	0	0	0	0	0	0	200	0	1392	0	3216	268	424	0	0	0	3208	752	216	0	432	0	0	0	0	0	0	0	0	0	0	0	0	0	0	0	0	0	0	0	0	0	0	0	0	0	0	0	0	0	0	0	0	0	0	0	
231356	Frontal_Mid_R	830	7296	1452	23086	0	664	824	0	0	1522	1194	10862	0	18440	0	1918	1152	1942	7212	10738	0	0	766	2752	0	0	0	0	328	3328	524	2782	0	8872	0	0	0	768	0	0	0	0	0	0	0	0	0	0	0	0	0	0	0	0	0	0	0	432	0	0	0	0	0	0	0	0	0	0	0	0	2608	918	0	2468	0	0	0	0	0	0	0	0	0	0	0	0	0	0	0	0	0	0	0	0	0	0	0	0	0	0	0	0	0	0	0	0	0	0	0	0	0	0	0	0	0	0	
70680	Frontal_Mid_Orb_L	0	0	2838	0	8676	0	3622	0	0	0	0	0	1172	0	11528	0	0	0	0	0	404	0	158	0	742	0	2530	0	1902	0	160	0	0	0	0	0	0	0	0	0	0	0	0	0	0	0	0	0	0	0	0	0	0	0	0	0	0	0	0	0	0	0	0	0	0	0	0	0	0	0	198	0	550	0	0	0	0	0	0	0	0	0	860	0	0	0	0	0	0	0	0	0	0	0	0	0	0	0	0	0	0	0	0	0	0	0	0	0	0	0	0	0	0	0	0	0	
23332	Frontal_Mid_Orb_R	0	0	0	0	0	3668	0	1522	0	0	0	0	0	980	0	3654	0	0	0	0	0	182	0	0	0	144	0	266	0	666	0	0	0	0	0	0	0	0	0	0	0	0	0	0	0	0	0	0	0	0	0	0	0	0	0	0	0	0	0	0	0	0	0	0	0	0	0	0	0	0	0	144	0	440	0	0	0	0	0	0	0	0	0	0	0	0	0	0	0	0	0	0	0	0	0	0	0	0	0	0	0	0	0	0	0	0	0	0	0	0	0	0	0	0	0	0	
314868	Frontal_Inf_Oper_L	14168	632	17588	546	3628	152	20720	1194	0	0	0	1172	17236	828	162	0	15160	0	13232	662	0	0	3792	670	470	0	970	0	18766	0	5054	658	1766	118	344	206	958	294	0	0	0	0	0	0	0	0	0	0	0	0	0	0	0	0	0	0	1642	0	0	0	0	0	0	0	0	0	0	0	0	0	8514	712	804	240	0	0	608	204	368	0	1926	0	1270	0	0	0	0	0	0	0	0	0	0	0	0	0	0	0	0	0	0	0	0	0	0	0	0	0	0	0	0	0	0	0	0	0	
247524	Frontal_Inf_Oper_R	472	12354	1348	13218	0	330	422	10862	0	0	1172	0	0	8224	0	190	880	11074	3114	15488	0	0	204	834	0	0	0	0	592	10734	292	2586	0	2506	0	0	0	2474	0	150	0	0	0	122	0	142	0	128	0	374	0	292	0	0	0	678	0	5152	0	514	0	182	0	154	0	0	0	346	0	0	2532	2098	0	7938	0	0	0	520	0	352	0	910	0	226	0	756	0	0	0	826	0	0	0	0	0	0	0	0	0	0	0	0	0	0	0	0	0	0	0	0	0	0	0	0	0	0	
282324	Frontal_Inf_Tri_L	1938	0	20600	0	2778	0	31038	0	1172	0	17236	0	0	204	10150	0	260	0	7036	532	0	0	7786	1180	216	0	616	0	21410	0	7982	960	3978	0	0	0	146	0	0	0	0	0	0	0	0	0	0	0	0	0	0	0	0	0	0	0	0	0	0	0	0	0	0	0	0	0	0	0	0	0	2534	0	1168	124	0	0	0	0	0	0	0	0	118	0	0	0	0	0	0	0	0	0	0	0	0	0	0	0	0	0	0	0	0	0	0	0	0	0	0	0	0	0	0	0	0	0	
162556	Frontal_Inf_Tri_R	556	0	716	5400	0	604	538	18440	0	980	828	8224	204	0	0	6564	276	158	4146	5536	0	0	402	2022	0	0	0	0	604	7730	798	5420	0	5068	0	0	0	0	0	0	0	0	0	0	0	0	0	0	0	0	0	0	0	0	0	0	0	0	0	0	0	0	0	0	0	0	0	0	0	0	1974	3076	0	806	0	0	0	208	0	0	0	0	0	0	0	0	0	0	0	0	0	0	0	0	0	0	0	0	0	0	0	0	0	0	0	0	0	0	0	0	0	0	0	0	0	0	
180420	Frontal_Inf_Orb_L	0	0	11400	0	12232	0	7954	0	11528	0	162	0	10150	0	0	0	0	0	116	0	4260	0	2120	0	112	0	2072	0	15260	0	2294	0	468	0	0	0	0	0	0	0	270	0	0	0	0	0	0	0	0	0	0	0	0	0	0	0	0	0	0	0	0	0	0	0	0	0	0	0	0	0	2550	0	3098	0	0	0	0	0	0	0	0	0	4164	0	0	0	0	0	0	0	0	0	0	0	0	0	0	0	0	0	0	0	0	0	0	0	0	0	0	0	0	0	0	0	0	0	
69980	Frontal_Inf_Orb_R	0	0	152	830	0	4298	0	1918	0	3654	0	190	0	6564	0	0	0	112	696	1576	0	1722	0	188	0	0	0	1268	0	6156	170	296	0	712	0	0	0	0	0	174	0	0	0	0	0	0	0	0	0	0	0	0	0	0	0	0	0	0	0	0	0	0	0	0	0	0	0	0	0	0	304	2210	0	1324	0	0	0	246	0	0	0	0	0	230	0	0	0	0	0	0	0	0	0	0	0	0	0	0	0	0	0	0	0	0	0	0	0	0	0	0	0	0	0	0	0	0	
261264	Rolandic_Oper_L	11282	696	12460	470	2606	218	6186	1152	0	0	15160	880	260	276	0	0	0	0	10780	460	0	0	420	320	364	0	316	0	22156	0	1446	268	428	0	294	116	1610	132	0	0	0	0	0	0	0	0	0	0	0	0	748	0	410	0	1618	0	5964	0	234	0	1324	0	1766	0	292	0	198	0	0	0	7056	634	632	0	0	0	508	120	2858	0	9318	0	432	0	3142	0	0	0	2622	0	0	0	0	0	0	0	0	0	0	0	0	0	0	0	0	0	0	0	0	0	0	0	0	0	0	0	
124900	Rolandic_Oper_R	0	1262	548	8668	0	288	0	1942	0	0	0	11074	0	158	0	112	0	0	628	9722	0	0	0	580	0	0	0	0	0	10222	0	730	0	190	0	0	0	1042	0	0	0	0	0	0	0	0	0	172	0	0	0	0	0	0	0	738	0	2226	0	0	0	0	0	2754	0	0	0	0	0	0	0	1338	0	3882	0	488	0	336	0	1584	0	1494	0	272	0	0	0	0	0	0	0	0	0	0	0	0	0	0	0	0	0	0	0	0	0	0	0	0	0	0	0	0	0	0	0	0	
917652	Supp_Motor_Area_L	24690	1002	111838	12808	2552	518	9476	7212	0	0	13232	3114	7036	4146	116	696	10780	628	0	56950	0	0	10048	4918	136	0	338	0	18898	220	7860	7592	8978	30898	400	1766	4642	430	174	0	242	0	0	0	0	0	0	0	0	0	0	0	0	0	464	0	6534	276	0	0	160	0	330	0	0	0	174	0	19190	760	16052	2532	22958	608	7990	0	12152	408	1606	0	1988	0	0	0	122	0	0	0	188	0	0	0	0	0	0	0	0	0	0	0	0	0	0	0	0	0	0	0	0	0	0	0	0	0	0	0	
854284	Supp_Motor_Area_R	14796	3966	22262	61038	306	2222	1248	10738	0	0	662	15488	532	5536	0	1576	460	9722	56950	0	0	0	1426	8230	0	0	0	0	2164	6588	3478	12744	5366	60416	2960	8162	472	2616	196	338	0	0	0	172	0	398	294	0	0	0	0	166	0	0	0	346	1210	2852	0	160	0	0	0	0	0	0	234	2672	11806	11300	4796	28384	2184	13834	204	2718	1260	18770	238	146	0	148	0	192	0	0	0	0	0	0	0	0	0	0	0	0	0	0	0	0	0	0	0	0	0	0	0	0	0	0	0	0	0	0	0	0	
103624	Olfactory_L	0	0	710	0	3874	782	0	0	404	0	0	0	0	0	4260	0	0	0	0	0	0	5920	144	0	264	456	3428	1830	4740	0	3292	2824	0	0	0	0	500	0	0	0	1244	0	0	0	0	0	0	0	0	0	0	0	0	0	264	0	0	0	0	0	0	0	0	0	0	0	0	0	0	0	10082	1644	4288	240	0	0	0	0	0	0	0	0	622	0	0	0	0	0	0	0	0	0	0	0	0	0	0	0	0	0	0	0	0	0	0	0	0	0	0	0	0	0	0	0	0	0	
86824	Olfactory_R	0	0	0	0	0	2446	0	0	0	182	0	0	0	0	0	1722	0	0	0	0	5920	0	0	0	0	830	178	4406	132	2024	2510	4042	0	0	0	0	0	0	0	298	0	310	0	0	0	0	0	0	0	0	0	0	0	0	0	0	0	0	0	0	0	0	0	0	0	0	0	0	0	0	7778	4996	4278	1068	0	0	0	0	0	0	0	0	0	292	0	0	0	0	0	0	0	0	0	0	0	0	0	0	0	0	0	0	0	0	0	0	0	0	0	0	0	0	0	0	0	0	
420888	Frontal_Sup_Medial_L	594	126	46200	11788	6558	0	18452	766	158	0	3792	204	7786	402	2120	0	420	0	10048	1426	144	0	0	23726	1842	402	322	0	7060	0	21986	19336	7070	14464	0	172	0	0	0	0	0	0	0	0	0	0	0	0	0	0	0	0	0	0	0	0	0	0	0	0	0	0	0	0	0	0	0	0	0	0	1476	0	1604	0	0	0	0	0	0	0	0	0	0	0	0	0	0	0	0	0	0	0	0	0	0	0	0	0	0	0	0	0	0	0	0	0	0	0	0	0	0	0	0	0	0	0	
356276	Frontal_Sup_Medial_R	386	0	3888	39116	132	5410	248	2752	0	0	670	834	1180	2022	0	188	320	580	4918	8230	0	0	23726	0	0	3360	0	596	826	626	7056	33256	532	17416	0	0	0	0	0	0	0	0	0	0	0	0	0	0	0	0	0	0	0	0	0	0	0	0	0	0	0	0	0	0	0	0	0	0	0	0	776	10594	0	6560	0	0	0	1940	0	0	0	0	0	0	0	0	0	0	0	0	0	0	0	0	0	0	0	0	0	0	0	0	0	0	0	0	0	0	0	0	0	0	0	0	0	0	
38488	Frontal_Med_Orb_L	248	0	1758	0	3786	360	242	0	742	0	470	0	216	0	112	0	364	0	136	0	264	0	1842	0	0	724	1480	198	974	0	3320	0	0	0	0	0	0	0	0	0	0	0	0	0	0	0	0	0	0	0	0	0	0	0	0	0	0	0	0	0	0	0	0	0	0	0	0	0	0	0	1640	0	368	0	0	0	0	0	0	0	0	0	0	0	0	0	0	0	0	0	0	0	0	0	0	0	0	0	0	0	0	0	0	0	0	0	0	0	0	0	0	0	0	0	0	0	
57432	Frontal_Med_Orb_R	0	0	0	1880	0	5874	0	0	0	144	0	0	0	0	0	0	0	0	0	0	456	830	402	3360	724	0	0	5656	0	0	938	3508	0	0	0	0	0	0	0	0	0	0	0	0	0	0	0	0	0	0	0	0	0	0	0	0	0	0	0	0	0	0	0	0	0	0	0	0	0	0	302	2682	194	1766	0	0	0	0	0	0	0	0	0	0	0	0	0	0	0	0	0	0	0	0	0	0	0	0	0	0	0	0	0	0	0	0	0	0	0	0	0	0	0	0	0	0	
67728	Rectus_L	144	0	690	0	8084	0	218	0	2530	0	970	0	616	0	2072	0	316	0	338	0	3428	178	322	0	1480	0	0	0	2390	0	4424	116	0	0	0	0	0	0	0	0	0	0	0	0	0	0	0	0	0	0	0	0	0	0	0	0	0	0	0	0	0	0	0	0	0	0	0	0	0	0	4238	0	882	0	0	0	0	0	0	0	0	0	428	0	0	0	0	0	0	0	0	0	0	0	0	0	0	0	0	0	0	0	0	0	0	0	0	0	0	0	0	0	0	0	0	0	
66668	Rectus_R	0	0	0	340	0	7986	0	0	0	266	0	0	0	0	0	1268	0	0	0	0	1830	4406	0	596	198	5656	0	0	0	894	740	2676	0	0	0	0	0	0	0	0	0	0	0	0	0	0	0	0	0	0	0	0	0	0	0	0	0	0	0	0	0	0	0	0	0	0	0	0	0	0	1584	2892	924	1078	0	0	0	0	0	0	0	0	0	0	0	0	0	0	0	0	0	0	0	0	0	0	0	0	0	0	0	0	0	0	0	0	0	0	0	0	0	0	0	0	0	0	
594484	Insula_L	10526	370	32574	854	16328	292	15640	328	1902	0	18766	592	21410	604	15260	0	22156	0	18898	2164	4740	132	7060	826	974	0	2390	0	0	0	12218	738	3092	234	1240	552	10808	544	1238	0	1850	0	0	0	0	0	160	0	0	0	208	0	152	0	4222	0	1734	0	0	0	272	0	922	0	0	0	614	0	0	0	19536	940	16564	0	0	0	2334	598	4944	0	10050	0	3992	0	720	0	0	0	1980	0	0	0	0	0	0	0	0	0	0	0	0	0	0	0	0	0	0	0	0	0	0	0	0	0	0	0	
192540	Insula_R	0	4114	0	7386	0	2088	0	3328	0	666	0	10734	0	7730	0	6156	0	10222	220	6588	0	2024	0	626	0	0	0	894	0	0	380	1912	0	344	0	158	0	3860	0	768	0	996	0	0	0	0	0	138	0	0	0	0	0	0	0	2002	0	2880	0	0	0	0	0	0	0	0	0	126	0	0	0	1166	0	13116	0	0	0	478	0	846	0	2156	0	1090	0	382	0	0	0	696	0	0	0	0	0	0	0	0	0	0	0	0	0	0	0	0	0	0	0	0	0	0	0	0	0	0	
348576	Cingulum_Ant_L	706	0	15388	2014	8952	190	3078	524	160	0	5054	292	7982	798	2294	170	1446	0	7860	3478	3292	2510	21986	7056	3320	938	4424	740	12218	380	0	18794	7058	4514	448	0	0	0	0	0	0	0	0	0	0	0	0	0	0	0	0	0	0	0	0	0	0	0	0	0	0	0	0	0	0	0	0	0	0	0	13354	2994	8196	1162	0	0	0	0	0	0	198	0	320	0	0	0	0	0	0	0	0	0	0	0	0	0	0	0	0	0	0	0	0	0	0	0	0	0	0	0	0	0	0	0	0	0	
463328	Cingulum_Ant_R	354	0	2354	30944	206	4184	144	2782	0	0	658	2586	960	5420	0	296	268	730	7592	12744	2824	4042	19336	33256	0	3508	116	2676	738	1912	18794	0	3232	27802	112	206	0	290	0	0	0	0	0	0	0	0	0	0	0	0	0	0	0	0	0	0	0	0	0	0	0	0	0	0	0	0	0	0	0	0	4632	19256	2158	12344	0	0	0	2208	0	0	0	0	0	0	0	0	0	0	0	0	0	0	0	0	0	0	0	0	0	0	0	0	0	0	0	0	0	0	0	0	0	0	0	0	0	0	
175220	Cingulum_Mid_L	1882	0	6708	836	390	0	3996	0	0	0	1766	0	3978	0	468	0	428	0	8978	5366	0	0	7070	532	0	0	0	0	3092	0	7058	3232	0	12646	3688	3316	0	0	0	0	0	0	320	0	150	204	0	0	250	0	728	0	0	0	0	0	0	0	0	0	0	0	0	0	0	0	2492	1148	6164	606	0	0	118	0	0	0	0	0	0	0	0	0	0	0	0	0	0	0	0	0	0	0	0	0	0	0	0	0	0	0	0	0	0	0	0	0	0	0	0	0	0	0	0	0	0	0	
597632	Cingulum_Mid_R	10622	1112	6382	22278	0	0	534	8872	0	0	118	2506	0	5068	0	712	0	190	30898	60416	0	0	14464	17416	0	0	0	0	234	344	4514	27802	12646	0	2782	12194	0	184	0	0	0	0	0	624	0	1692	0	440	0	212	0	504	0	0	0	0	166	2532	0	200	0	182	0	0	0	0	1134	11714	8846	14842	792	4714	0	670	0	0	428	6364	0	0	0	0	0	0	0	160	0	0	0	312	0	0	0	0	0	0	0	0	0	0	0	0	0	0	0	0	0	0	0	0	0	0	0	0	0	0	
149336	Cingulum_Post_L	5684	844	144	0	0	0	642	0	0	0	344	0	0	0	0	0	294	0	400	2960	0	0	0	0	0	0	0	0	1240	0	448	112	3688	2782	0	9608	7960	3064	1168	0	0	0	2418	0	2182	0	574	0	998	0	1008	0	0	0	782	0	212	424	0	0	0	0	0	0	0	0	7918	1224	3828	2278	0	432	0	0	0	0	2292	4342	922	0	0	0	0	0	678	0	0	0	774	0	0	0	0	0	0	0	0	0	0	0	0	0	0	0	0	0	0	0	0	0	0	0	0	0	0	0	
197200	Cingulum_Post_R	3720	3214	424	0	0	0	632	0	0	0	206	0	0	0	0	0	116	0	1766	8162	0	0	172	0	0	0	0	0	552	158	0	206	3316	12194	9608	0	4068	6672	324	1030	0	0	0	1162	0	446	0	2478	0	0	0	136	0	0	402	440	0	3124	0	0	0	0	0	0	0	0	826	9476	1316	9524	126	404	0	0	0	0	3898	7302	348	0	0	0	0	0	0	0	0	0	350	0	0	0	0	0	0	0	0	0	0	0	0	0	0	0	0	0	0	0	0	0	302	0	0	0	0	0	
220348	Hippocampus_L	6174	0	4330	0	0	0	1596	0	0	0	958	0	146	0	0	0	1610	0	4642	472	500	0	0	0	0	0	0	0	10808	0	0	0	0	0	7960	4068	0	3244	8780	0	4982	0	1714	0	0	0	2348	0	0	0	0	0	204	0	8996	0	936	0	180	0	260	0	0	0	0	0	5178	152	654	0	264	0	6112	0	782	0	5018	4038	3096	0	2004	0	1240	0	1102	0	420	0	5206	0	0	0	0	0	0	0	0	0	0	0	0	0	0	0	0	0	0	0	0	0	0	0	0	0	0	0	
221992	Hippocampus_R	1694	2628	360	2496	0	0	320	768	0	0	294	2474	0	0	0	0	132	1042	430	2616	0	0	0	0	0	0	0	0	544	3860	0	290	0	184	3064	6672	3244	0	380	16712	0	5692	0	196	0	0	352	5044	0	0	0	0	0	0	398	15000	0	1232	0	0	0	0	0	132	0	0	296	4884	0	0	192	178	150	10810	0	340	1144	7460	326	384	0	1606	0	916	0	308	0	0	348	2280	0	0	0	0	0	0	0	124	0	336	0	0	0	0	0	0	0	0	0	0	664	0	0	0	0	0	
58088	ParaHippocampal_L	0	0	160	0	0	0	0	0	0	0	0	0	0	0	0	0	0	0	174	196	0	0	0	0	0	0	0	0	1238	0	0	0	0	0	1168	324	8780	380	0	0	2302	0	628	0	0	0	1446	0	0	0	0	0	0	0	5616	0	0	0	0	0	0	0	0	0	0	0	1292	126	0	0	0	0	890	0	0	0	334	528	0	0	598	0	952	0	260	0	586	0	950	0	0	0	0	0	0	0	116	0	0	0	0	0	0	0	0	0	0	0	0	0	0	0	0	0	0	0	
108428	ParaHippocampal_R	0	116	0	292	0	0	0	0	0	0	0	150	0	0	0	174	0	0	0	338	0	298	0	0	0	0	0	0	0	768	0	0	0	0	0	1030	0	16712	0	0	0	5128	0	264	0	0	0	5596	0	0	0	0	0	0	0	11738	0	0	0	0	0	0	0	0	0	0	0	3864	0	0	0	0	0	1604	0	316	0	1434	0	0	0	0	0	2008	0	0	0	1044	0	226	0	0	0	0	0	0	0	320	0	214	0	0	0	0	0	0	0	0	0	0	580	0	0	0	0	0	
34496	Amygdala_L	0	0	424	0	226	0	0	0	0	0	0	0	0	0	270	0	0	0	242	0	1244	0	0	0	0	0	0	0	1850	0	0	0	0	0	0	0	4982	0	2302	0	0	0	0	0	0	0	0	0	0	0	0	0	0	0	2598	0	0	0	0	0	0	0	0	0	0	0	0	0	0	0	234	0	854	0	0	0	0	0	0	0	594	0	530	0	234	0	0	0	664	0	0	0	0	0	0	0	0	0	0	0	0	0	0	0	0	0	0	0	0	0	0	0	0	0	0	0	
40612	Amygdala_R	0	0	0	0	0	0	0	0	0	0	0	0	0	0	0	0	0	0	0	0	0	310	0	0	0	0	0	0	0	996	0	0	0	0	0	0	0	5692	0	5128	0	0	0	0	0	0	0	0	0	0	0	0	0	0	0	4376	0	0	0	0	0	0	0	0	0	0	0	0	0	0	0	0	0	632	0	0	0	0	0	0	0	0	0	2348	0	0	0	570	0	254	0	0	0	0	0	0	0	0	0	0	0	0	0	0	0	0	0	0	0	0	0	0	0	0	0	0	
224772	Calcarine_L	0	0	0	0	0	0	0	0	0	0	0	0	0	0	0	0	0	0	0	0	0	0	0	0	0	0	0	0	0	0	0	0	320	0	2418	0	1714	0	628	0	0	0	0	10192	16730	6378	7696	2468	9152	2010	21334	0	4466	0	2616	324	784	0	472	0	338	0	0	0	218	0	13704	340	1108	0	0	0	0	0	0	0	0	0	0	0	0	0	0	0	3860	0	0	0	732	0	438	116	248	0	0	0	528	152	520	126	0	0	0	0	0	0	0	0	0	0	256	0	0	0	0	0	
343704	Calcarine_R	0	616	0	0	0	0	0	0	0	0	0	122	0	0	0	0	0	0	0	172	0	0	0	0	0	0	0	0	0	0	0	0	0	624	0	1162	0	196	0	264	0	0	10192	0	6034	36982	4702	22136	0	32984	0	8836	0	2204	0	14112	0	4170	0	1160	0	370	0	748	0	636	1384	18004	0	1020	0	0	0	0	0	0	0	0	0	0	0	320	0	0	0	1384	0	0	0	1318	0	0	0	0	0	0	0	0	0	0	0	0	0	0	0	0	0	0	0	0	0	0	0	0	0	0	
178184	Cuneus_L	0	0	0	0	0	0	0	0	0	0	0	0	0	0	0	0	0	0	0	0	0	0	0	0	0	0	0	0	0	0	0	0	150	0	2182	0	0	0	0	0	0	0	16730	6034	0	7736	1882	254	20176	1522	14118	134	1484	0	484	0	252	0	362	0	136	0	0	0	172	0	10328	952	1100	0	0	0	0	0	0	0	0	0	0	0	0	0	0	0	2354	0	0	0	550	0	0	0	0	0	0	0	0	0	0	0	0	0	0	0	0	0	0	0	0	0	0	0	0	0	0	0	
351820	Cuneus_R	0	1336	0	0	0	0	0	0	0	0	0	142	0	0	0	0	0	0	0	398	0	0	0	0	0	0	0	0	0	0	0	0	204	1692	0	446	0	0	0	0	0	0	6378	36982	7736	0	1724	8316	0	41414	0	6728	0	1190	0	7396	0	8896	0	5950	0	492	0	612	0	420	2992	24250	146	6748	0	0	0	0	0	0	0	0	0	0	0	258	0	0	0	1128	0	0	0	1936	0	0	0	0	0	0	0	0	0	0	0	0	0	0	0	0	0	0	0	0	0	0	0	0	0	0	
205364	Lingual_L	0	0	0	122	0	0	0	0	0	0	0	0	0	0	0	0	0	0	0	294	0	0	0	0	0	0	0	0	160	0	0	0	0	0	574	0	2348	352	1446	0	0	0	7696	4702	1882	1724	0	5706	1562	1308	9986	136	3568	0	9768	1386	0	0	0	0	0	0	0	0	0	0	3068	118	0	0	0	0	0	0	0	0	730	370	0	0	0	0	0	0	0	0	0	0	158	0	11132	708	2868	0	246	0	7418	210	14406	858	486	0	148	0	0	146	0	0	0	0	1592	2566	164	0	140	430	
385672	Lingual_R	0	970	0	0	0	0	0	0	0	0	0	128	0	0	0	0	0	172	0	0	0	0	0	0	0	0	0	0	0	138	0	0	0	440	0	2478	0	5044	0	5596	0	0	2468	22136	254	8316	5706	0	0	9278	0	1538	0	1672	824	26364	0	3188	0	598	0	0	0	228	0	0	0	13748	0	1108	0	0	0	0	0	0	0	630	0	0	0	0	0	0	0	258	0	0	0	406	4412	15326	1258	1068	848	280	2026	8712	6724	17854	234	0	494	190	166	0	0	0	0	200	7182	10362	1666	148	0	0	
157448	Occipital_Sup_L	0	0	0	0	0	0	0	0	0	0	0	0	0	0	0	0	0	0	0	0	0	0	0	0	0	0	0	0	0	0	0	0	250	0	998	0	0	0	0	0	0	0	9152	0	20176	0	1562	0	0	0	25860	0	3390	0	986	0	132	0	2982	0	176	0	0	0	176	0	10738	190	292	0	0	0	0	0	0	0	0	0	0	0	0	0	0	0	1352	0	0	0	312	0	0	0	0	0	0	0	0	0	0	0	0	0	0	0	0	0	0	0	0	0	0	0	0	0	0	0	
349268	Occipital_Sup_R	0	382	0	0	0	0	0	0	0	0	0	374	0	0	0	0	0	0	0	0	0	0	0	0	0	0	0	0	0	0	0	0	0	212	0	0	0	0	0	0	0	0	2010	32984	1522	41414	1308	9278	0	0	0	18442	0	2042	0	9262	0	6198	0	9604	0	3224	0	1374	0	6436	1620	16604	0	4296	0	0	0	0	0	0	0	0	0	0	0	662	0	0	0	2380	0	0	0	3006	0	0	0	0	0	0	0	0	0	0	0	0	0	0	0	0	0	0	0	0	0	0	0	0	0	0	
418504	Occipital_Mid_L	2166	0	0	0	0	0	0	0	0	0	0	0	0	0	0	0	748	0	0	0	0	0	0	0	0	0	0	0	208	0	0	0	728	0	1008	0	0	0	0	0	0	0	21334	0	14118	0	9986	0	25860	0	0	0	20896	0	9902	0	6736	0	11892	0	14410	0	956	0	14234	0	13482	0	5130	0	0	0	0	0	0	0	0	0	276	0	1378	0	0	0	28322	0	0	0	5246	0	0	0	0	0	0	0	0	0	236	0	0	0	0	0	0	0	0	0	0	0	0	0	0	0	0	0	
157204	Occipital_Mid_R	0	148	0	0	0	0	0	0	0	0	0	292	0	0	0	0	0	0	0	166	0	0	0	0	0	0	0	0	0	0	0	0	0	504	0	136	0	0	0	0	0	0	0	8836	134	6728	136	1538	0	18442	0	0	0	5074	0	1884	0	2616	0	1472	0	3750	0	2042	0	11046	122	2322	0	614	0	0	0	0	0	0	0	0	0	0	0	806	0	0	0	7752	0	0	0	2042	0	0	0	0	0	0	0	0	0	0	0	0	0	0	0	0	0	0	0	0	0	0	0	0	0	0	
115620	Occipital_Inf_L	384	0	0	0	0	0	0	0	0	0	0	0	0	0	0	0	410	0	0	0	0	0	0	0	0	0	0	0	152	0	0	0	0	0	0	0	204	0	0	0	0	0	4466	0	1484	0	3568	0	3390	0	20896	0	0	0	11980	0	580	0	764	0	632	0	1290	0	214	0	836	0	352	0	0	0	0	0	0	0	0	0	222	0	1132	0	0	0	2562	0	0	0	1974	0	0	0	0	0	0	0	0	0	318	0	0	0	0	0	0	0	0	0	0	0	0	0	0	0	0	0	
45772	Occipital_Inf_R	0	0	0	0	0	0	0	0	0	0	0	0	0	0	0	0	0	0	0	0	0	0	0	0	0	0	0	0	0	0	0	0	0	0	0	0	0	0	0	0	0	0	0	2204	0	1190	0	1672	0	2042	0	5074	0	0	0	3094	0	262	0	190	0	0	0	410	0	0	0	818	0	198	0	0	0	0	0	0	0	0	0	0	0	0	0	0	0	1140	0	0	0	3406	0	230	0	0	0	0	0	0	130	446	0	0	0	0	0	0	0	0	0	0	0	380	0	0	0	0	
327052	Fusiform_L	578	0	340	0	0	0	0	0	0	0	0	0	0	0	0	0	1618	0	464	0	264	0	0	0	0	0	0	0	4222	0	0	0	0	0	782	402	8996	398	5616	0	2598	0	2616	0	484	0	9768	824	986	0	9902	0	11980	0	0	314	758	0	318	0	868	0	1978	0	246	0	1044	0	220	0	0	0	758	0	0	0	752	406	1746	0	6482	0	3670	0	5784	0	2404	0	18458	0	18956	288	2708	0	712	0	6632	0	21828	328	1354	0	594	0	0	0	0	0	0	0	0	1082	0	0	0	0	
397396	Fusiform_R	0	1114	0	218	0	0	0	0	0	0	0	678	0	0	0	0	0	738	0	346	0	0	0	0	0	0	0	0	0	2002	0	0	0	0	0	440	0	15000	0	11738	0	4376	324	14112	0	7396	1386	26364	0	9262	0	1884	0	3094	314	0	0	2742	0	628	0	0	0	346	0	170	0	6352	0	514	0	0	0	1208	0	0	0	500	0	770	0	4326	0	5292	0	2646	0	2358	0	9088	1956	16170	804	614	0	914	316	9260	2968	20296	0	0	126	308	0	0	0	0	0	0	2934	3812	494	0	0	0	
285816	Postcentral_L	23038	208	5734	186	0	0	826	0	0	0	1642	0	0	0	0	0	5964	0	6534	1210	0	0	0	0	0	0	0	0	1734	0	0	0	0	166	212	0	936	0	0	0	0	0	784	0	252	0	0	0	132	0	6736	0	580	0	758	0	0	0	15480	0	35976	0	7406	0	6842	0	2054	0	3234	0	362	0	650	0	154	0	460	228	998	0	2864	0	0	0	6560	0	0	0	2008	0	0	0	0	0	0	0	0	0	0	0	0	0	0	0	0	0	0	0	0	0	0	0	0	0	0	0	
288660	Postcentral_R	134	22382	254	1634	0	0	0	432	0	0	0	5152	0	0	0	0	0	2226	276	2852	0	0	0	0	0	0	0	0	0	2880	0	0	0	2532	424	3124	0	1232	0	0	0	0	0	4170	0	8896	0	3188	0	6198	0	2616	0	262	0	2742	0	0	0	12702	0	8802	0	7812	0	614	160	17958	0	12470	0	668	0	1120	0	0	0	394	0	506	0	1998	0	0	0	2268	0	0	0	3252	0	0	0	0	0	0	0	0	0	0	0	0	0	0	0	0	0	0	0	0	0	0	0	0	0	0	
161400	Parietal_Sup_L	2342	0	0	0	0	0	0	0	0	0	0	0	0	0	0	0	234	0	0	0	0	0	0	0	0	0	0	0	0	0	0	0	0	0	0	0	180	0	0	0	0	0	472	0	362	0	0	0	2982	0	11892	0	764	0	318	0	15480	0	0	0	20404	0	638	0	4532	0	8286	0	1804	0	0	0	318	0	0	0	0	0	0	0	1344	0	0	0	6972	0	0	0	1376	0	0	0	0	0	0	0	0	0	0	0	0	0	0	0	0	0	0	0	0	0	0	0	0	0	0	0	
144068	Parietal_Sup_R	0	942	0	168	0	0	0	0	0	0	0	514	0	0	0	0	0	0	0	160	0	0	0	0	0	0	0	0	0	0	0	0	0	200	0	0	0	0	0	0	0	0	0	1160	0	5950	0	598	0	9604	0	1472	0	190	0	628	0	12702	0	0	0	8752	0	2086	0	3570	1594	15028	0	4522	0	0	0	0	0	0	0	0	0	0	0	450	0	0	0	0	0	0	0	1744	0	0	0	0	0	0	0	0	0	0	0	0	0	0	0	0	0	0	0	0	0	0	0	0	0	0	
269060	Parietal_Inf_L	5758	0	124	0	0	0	0	0	0	0	0	0	0	0	0	0	1324	0	160	0	0	0	0	0	0	0	0	0	272	0	0	0	0	0	0	0	260	0	0	0	0	0	338	0	136	0	0	0	176	0	14410	0	632	0	868	0	35976	0	20404	0	0	0	9966	0	20058	0	848	0	1198	0	264	0	448	0	130	0	274	0	0	0	3704	0	0	0	13980	0	0	0	2822	0	0	0	0	0	0	0	0	0	0	0	0	0	0	0	0	0	0	0	0	0	0	0	0	0	0	0	
88948	Parietal_Inf_R	0	284	0	0	0	0	0	0	0	0	0	182	0	0	0	0	0	0	0	0	0	0	0	0	0	0	0	0	0	0	0	0	0	182	0	0	0	0	0	0	0	0	0	370	0	492	0	0	0	3224	0	3750	0	0	0	0	0	8802	0	8752	0	0	0	9210	0	5582	0	1532	0	212	0	0	0	0	0	0	0	0	0	0	0	326	0	0	0	522	0	0	0	1052	0	0	0	0	0	0	0	0	0	0	0	0	0	0	0	0	0	0	0	0	0	0	0	0	0	0	
92280	SupraMarginal_L	1350	0	262	0	0	0	0	0	0	0	0	0	0	0	0	0	1766	0	330	0	0	0	0	0	0	0	0	0	922	0	0	0	0	0	0	0	0	0	0	0	0	0	0	0	0	0	0	0	0	0	956	0	1290	0	1978	0	7406	0	638	0	9966	0	0	0	4626	0	0	0	0	0	0	0	120	0	0	0	0	0	0	0	8312	0	0	0	6036	0	0	0	182	0	0	0	0	0	0	0	0	0	0	0	0	0	0	0	0	0	0	0	0	0	0	0	0	0	0	0	
96140	SupraMarginal_R	0	326	0	0	0	0	0	0	0	0	0	154	0	0	0	0	0	2754	0	0	0	0	0	0	0	0	0	0	0	0	0	0	0	0	0	0	0	132	0	0	0	0	0	748	0	612	0	228	0	1374	0	2042	0	410	0	346	0	7812	0	2086	0	9210	0	0	0	4228	0	658	0	236	0	0	0	0	0	0	0	0	0	386	0	7242	0	0	0	3472	0	0	0	3614	0	0	0	0	0	0	0	0	0	0	0	0	0	0	0	0	0	0	0	0	0	0	0	0	0	0	
135356	Angular_L	122	0	0	0	0	0	0	0	0	0	0	0	0	0	0	0	292	0	0	0	0	0	0	0	0	0	0	0	0	0	0	0	0	0	0	0	0	0	0	0	0	0	218	0	172	0	0	0	176	0	14234	0	214	0	246	0	6842	0	4532	0	20058	0	4626	0	0	0	284	0	164	0	0	0	0	0	0	0	0	0	0	0	2510	0	0	0	10502	0	0	0	2486	0	0	0	0	0	0	0	0	0	0	0	0	0	0	0	0	0	0	0	0	0	0	0	0	0	0	0	
83824	Angular_R	0	200	0	0	0	0	0	0	0	0	0	0	0	0	0	0	0	0	0	0	0	0	0	0	0	0	0	0	0	0	0	0	0	0	0	0	0	0	0	0	0	0	0	636	0	420	0	0	0	6436	0	11046	0	0	0	170	0	614	0	3570	0	5582	0	4228	0	0	0	412	0	354	0	0	0	0	0	0	0	0	0	0	0	2026	0	0	0	5046	0	0	0	1172	0	0	0	0	0	0	0	0	0	0	0	0	0	0	0	0	0	0	0	0	0	0	0	0	0	0	
221920	Precuneus_L	1072	0	0	0	0	0	200	0	0	0	0	0	0	0	0	0	198	0	174	234	0	0	0	0	0	0	0	0	614	0	0	0	2492	1134	7918	826	5178	296	1292	0	0	0	13704	1384	10328	2992	3068	0	10738	1620	13482	122	836	0	1044	0	2054	160	8286	1594	848	0	0	0	284	0	0	5464	4884	674	0	0	0	0	0	0	0	320	566	0	150	0	0	0	3714	0	0	0	1016	0	0	0	0	0	0	0	0	0	0	0	0	0	0	0	0	0	0	0	0	0	0	0	0	0	0	0	
381300	Precuneus_R	0	4236	0	0	0	0	0	0	0	0	0	346	0	0	0	0	0	0	0	2672	0	0	0	0	0	0	0	0	0	126	0	0	1148	11714	1224	9476	152	4884	126	3864	0	0	340	18004	952	24250	118	13748	190	16604	0	2322	0	818	0	6352	0	17958	0	15028	0	1532	0	658	0	412	5464	0	572	18830	0	0	0	0	0	0	0	1096	0	0	0	550	0	0	0	1382	0	0	0	2828	0	0	0	0	0	0	0	0	0	0	0	0	0	0	0	0	0	0	0	0	674	0	0	0	0	0	
295132	Paracentral_Lobule_L	25746	418	20770	3926	0	0	1392	0	0	0	0	0	0	0	0	0	0	0	19190	11806	0	0	0	0	0	0	0	0	0	0	0	0	6164	8846	3828	1316	654	0	0	0	0	0	1108	0	1100	146	0	0	292	0	5130	0	352	0	220	0	3234	0	1804	0	1198	0	0	0	164	0	4884	572	0	1656	1464	0	392	0	1436	0	15156	882	0	0	0	0	0	0	1992	0	0	0	328	0	0	0	0	0	0	0	0	0	0	0	0	0	0	0	0	0	0	0	0	0	0	0	0	0	0	0	
204184	Paracentral_Lobule_R	1194	6666	116	0	0	0	0	0	0	0	0	0	0	0	0	0	0	0	760	11300	0	0	0	0	0	0	0	0	0	0	0	0	606	14842	2278	9524	0	0	0	0	0	0	0	1020	0	6748	0	1108	0	4296	0	614	0	198	0	514	0	12470	0	4522	0	212	0	236	0	354	674	18830	1656	0	0	0	0	0	0	0	0	0	0	0	0	130	0	0	0	314	0	0	0	910	0	0	0	0	0	0	0	0	0	0	0	0	0	0	0	0	0	0	0	0	0	0	0	0	0	0	
398820	Caudate_L	6362	1898	15660	2432	11558	1096	3216	2608	198	0	8514	2532	2534	1974	2550	304	7056	0	16052	4796	10082	7778	1476	776	1640	302	4238	1584	19536	0	13354	4632	0	792	0	126	264	192	0	0	234	0	0	0	0	0	0	0	0	0	0	0	0	0	0	0	362	0	0	0	264	0	0	0	0	0	0	0	1464	0	0	9138	19662	1334	1468	0	5418	830	0	0	604	0	520	0	0	0	0	0	0	0	0	0	0	0	0	0	0	0	0	0	0	0	0	0	0	0	0	0	0	0	0	0	0	0	0	0	
361628	Caudate_R	2748	760	1516	23200	120	8098	268	918	0	144	712	2098	0	3076	0	2210	634	1338	2532	28384	1644	4996	0	10594	0	2682	0	2892	940	1166	2994	19256	0	4714	432	404	0	178	0	0	0	0	0	0	0	0	0	0	0	0	0	0	0	0	0	0	0	668	0	0	0	0	0	0	0	0	0	0	0	0	9138	0	2182	16684	0	1284	736	18474	0	0	0	0	0	0	0	0	0	0	0	0	0	0	0	0	0	0	0	0	0	0	0	0	0	0	0	0	0	0	0	0	0	0	0	0	0	0	
286196	Putamen_L	1728	142	22054	412	4504	380	424	0	550	0	804	0	1168	0	3098	0	632	0	22958	2184	4288	4278	1604	0	368	194	882	924	16564	0	8196	2158	118	0	0	0	6112	150	890	0	854	0	0	0	0	0	0	0	0	0	0	0	0	0	758	0	650	0	318	0	448	0	120	0	0	0	0	0	392	0	19662	2182	0	418	7152	0	1076	0	0	0	606	0	234	0	0	0	0	0	464	0	0	0	0	0	0	0	0	0	0	0	0	0	0	0	0	0	0	0	0	0	0	0	0	0	0	0	
275208	Putamen_R	0	2888	270	19986	0	6344	0	2468	0	440	240	7938	124	806	0	1324	0	3882	608	13834	240	1068	0	6560	0	1766	0	1078	0	13116	1162	12344	0	670	0	0	0	10810	0	1604	0	632	0	0	0	0	0	0	0	0	0	0	0	0	0	1208	0	1120	0	0	0	0	0	0	0	0	0	0	0	0	1334	16684	418	0	0	1826	0	1390	0	0	0	350	0	368	0	132	0	0	0	572	0	0	0	0	0	0	0	0	0	0	0	0	0	0	0	0	0	0	0	0	0	0	0	0	0	0	
56672	Pallidum_L	1432	0	5684	0	0	0	0	0	0	0	0	0	0	0	0	0	0	0	7990	204	0	0	0	0	0	0	0	0	0	0	0	0	0	0	0	0	782	0	0	0	0	0	0	0	0	0	0	0	0	0	0	0	0	0	0	0	154	0	0	0	130	0	0	0	0	0	0	0	1436	0	1468	0	7152	0	0	0	1904	0	0	0	0	0	0	0	0	0	0	0	0	0	0	0	0	0	0	0	0	0	0	0	0	0	0	0	0	0	0	0	0	0	0	0	0	0	0	0	
17988	Pallidum_R	0	0	0	2022	0	0	0	0	0	0	0	0	0	0	0	0	0	488	0	2718	0	0	0	0	0	0	0	0	0	0	0	0	0	0	0	0	0	340	0	316	0	0	0	0	0	0	0	0	0	0	0	0	0	0	0	0	0	0	0	0	0	0	0	0	0	0	0	0	0	0	0	1284	0	1826	0	0	0	0	0	0	0	0	0	0	0	0	0	0	0	0	0	0	0	0	0	0	0	0	0	0	0	0	0	0	0	0	0	0	0	0	0	0	0	0	0	0	
213936	Thalamus_L	20570	270	16488	226	0	0	3208	0	0	0	608	0	0	0	0	0	508	0	12152	1260	0	0	0	0	0	0	0	0	2334	0	0	0	0	428	2292	3898	5018	1144	334	0	0	0	0	0	0	0	730	0	0	0	0	0	0	0	752	0	460	0	0	0	274	0	0	0	0	0	0	0	15156	0	5418	736	1076	0	1904	0	0	7892	1062	0	152	0	0	0	0	0	0	0	618	0	0	0	0	0	0	0	0	0	0	0	0	0	0	0	0	0	0	0	0	0	0	0	0	0	0	0	
223460	Thalamus_R	7982	710	984	8850	0	834	752	0	0	0	204	520	0	208	0	246	120	336	408	18770	0	0	0	1940	0	0	0	0	598	478	0	2208	0	6364	4342	7302	4038	7460	528	1434	0	0	0	0	0	0	370	630	0	0	0	0	0	0	406	500	228	394	0	0	0	0	0	0	0	0	320	1096	882	0	830	18474	0	1390	0	0	7892	0	352	0	0	0	0	0	0	0	0	0	350	0	0	0	0	0	0	0	0	0	0	0	0	0	0	0	0	0	0	0	0	0	0	0	0	0	0	0	
58140	Heschl_L	930	0	984	0	0	0	216	0	0	0	368	0	0	0	0	0	2858	0	1606	238	0	0	0	0	0	0	0	0	4944	0	0	0	0	0	922	348	3096	326	0	0	0	0	0	0	0	0	0	0	0	0	276	0	222	0	1746	0	998	0	0	0	0	0	0	0	0	0	566	0	0	0	0	0	0	0	0	0	1062	352	0	0	2884	0	0	0	2456	0	0	0	1672	0	0	0	0	0	0	0	0	0	0	0	0	0	0	0	0	0	0	0	0	0	0	0	0	0	0	0	
33012	Heschl_R	0	350	0	0	0	0	0	0	0	0	0	352	0	0	0	0	0	1584	0	146	0	0	0	0	0	0	0	0	0	846	0	0	0	0	0	0	0	384	0	0	0	0	0	0	0	0	0	0	0	0	0	0	0	0	0	770	0	506	0	0	0	0	0	386	0	0	0	0	0	0	0	0	0	0	0	0	0	0	0	0	0	6966	0	0	0	2572	0	0	0	1644	0	0	0	0	0	0	0	0	0	0	0	0	0	0	0	0	0	0	0	0	0	0	0	0	0	0	
200744	Temporal_Sup_L	1680	0	1966	0	174	0	432	0	0	0	1926	0	0	0	0	0	9318	0	1988	0	0	0	0	0	0	0	0	0	10050	0	198	0	0	0	0	0	2004	0	598	0	594	0	0	0	0	0	0	0	0	0	1378	0	1132	0	6482	0	2864	0	1344	0	3704	0	8312	0	2510	0	150	0	0	0	604	0	606	0	0	0	152	0	2884	0	0	0	2154	0	21572	0	0	0	13450	0	0	0	0	0	0	0	0	0	146	0	0	0	0	0	0	0	0	0	0	0	0	0	0	0	0	0	
111880	Temporal_Sup_R	0	1266	0	122	0	0	0	0	0	0	0	910	0	0	0	0	0	1494	0	148	0	0	0	0	0	0	0	0	0	2156	0	0	0	0	0	0	0	1606	0	0	0	0	0	320	0	258	0	0	0	662	0	806	0	0	0	4326	0	1998	0	450	0	326	0	7242	0	2026	0	550	0	130	0	0	0	350	0	0	0	0	0	6966	0	0	0	2508	0	11676	0	0	0	7644	0	0	0	0	0	0	0	0	0	0	0	0	0	0	0	0	0	0	0	0	0	0	0	0	0	0	
66032	Temporal_Pole_Sup_L	0	0	318	0	1754	0	0	0	860	0	1270	0	118	0	4164	0	432	0	0	0	622	0	0	0	0	0	428	0	3992	0	320	0	0	0	0	0	1240	0	952	0	530	0	0	0	0	0	0	0	0	0	0	0	0	0	3670	0	0	0	0	0	0	0	0	0	0	0	0	0	0	0	520	0	234	0	0	0	0	0	0	0	2154	0	0	0	3734	0	2402	0	3302	0	0	0	0	0	0	0	0	0	0	0	0	0	0	0	0	0	0	0	0	0	0	0	0	0	0	0	
44652	Temporal_Pole_Sup_R	0	0	0	140	0	0	0	0	0	0	0	226	0	0	0	230	0	272	0	192	0	292	0	0	0	0	0	0	0	1090	0	0	0	0	0	0	0	916	0	2008	0	2348	0	0	0	0	0	0	0	0	0	0	0	0	0	5292	0	0	0	0	0	0	0	0	0	0	0	0	0	0	0	0	0	368	0	0	0	0	0	0	0	2508	0	0	0	1320	0	3626	0	1498	0	0	0	0	0	0	0	0	0	0	0	0	0	0	0	0	0	0	0	0	0	0	0	0	0	0	
323060	Temporal_Mid_L	1346	0	0	0	0	0	0	0	0	0	0	0	0	0	0	0	3142	0	122	0	0	0	0	0	0	0	0	0	720	0	0	0	0	0	678	0	1102	0	260	0	234	0	3860	0	2354	0	0	0	1352	0	28322	0	2562	0	5784	0	6560	0	6972	0	13980	0	6036	0	10502	0	3714	0	1992	0	0	0	0	0	0	0	0	0	2456	0	21572	0	3734	0	0	0	2514	0	29660	0	0	0	0	0	0	0	0	0	0	0	0	0	0	0	0	0	0	0	0	0	0	0	0	0	0	0	
137896	Temporal_Mid_R	0	982	0	0	0	0	0	0	0	0	0	756	0	0	0	0	0	0	0	0	0	0	0	0	0	0	0	0	0	382	0	0	0	160	0	0	0	308	0	0	0	0	0	1384	0	1128	0	258	0	2380	0	7752	0	1140	0	2646	0	2268	0	0	0	522	0	3472	0	5046	0	1382	0	314	0	0	0	132	0	0	0	0	0	2572	0	11676	0	1320	0	0	0	1136	0	19832	0	0	0	0	0	0	0	0	0	0	0	0	0	0	0	0	0	0	0	0	0	0	0	0	0	0	
23120	Temporal_Pole_Mid_L	0	0	0	0	0	0	0	0	0	0	0	0	0	0	0	0	0	0	0	0	0	0	0	0	0	0	0	0	0	0	0	0	0	0	0	0	420	0	586	0	0	0	0	0	0	0	0	0	0	0	0	0	0	0	2404	0	0	0	0	0	0	0	0	0	0	0	0	0	0	0	0	0	0	0	0	0	0	0	0	0	0	0	2402	0	2514	0	0	0	3234	0	0	0	0	0	0	0	0	0	0	0	0	0	0	0	0	0	0	0	0	0	0	0	0	0	0	0	
19816	Temporal_Pole_Mid_R	0	0	0	0	0	0	0	0	0	0	0	0	0	0	0	0	0	0	0	0	0	0	0	0	0	0	0	0	0	0	0	0	0	0	0	0	0	0	0	1044	0	570	0	0	0	0	0	0	0	0	0	0	0	0	0	2358	0	0	0	0	0	0	0	0	0	0	0	0	0	0	0	0	0	0	0	0	0	0	0	0	0	0	0	3626	0	1136	0	0	0	1174	0	0	0	0	0	0	0	0	0	0	0	0	0	0	0	0	0	0	0	0	0	0	0	0	0	0	
213272	Temporal_Inf_L	114	0	142	0	0	0	0	0	0	0	0	0	0	0	0	0	2622	0	188	0	0	0	0	0	0	0	0	0	1980	0	0	0	0	0	774	350	5206	348	950	0	664	0	732	0	550	0	158	0	312	0	5246	0	1974	0	18458	0	2008	0	1376	0	2822	0	182	0	2486	0	1016	0	328	0	0	0	464	0	0	0	618	350	1672	0	13450	0	3302	0	29660	0	3234	0	0	0	1862	0	350	0	0	0	0	0	498	0	190	0	0	0	0	0	0	0	0	0	0	0	0	0	0	0	
151364	Temporal_Inf_R	0	1284	0	0	0	0	0	0	0	0	0	826	0	0	0	0	0	0	0	0	0	0	0	0	0	0	0	0	0	696	0	0	0	312	0	0	0	2280	0	226	0	254	0	1318	0	1936	0	406	0	3006	0	2042	0	3406	0	9088	0	3252	0	1744	0	1052	0	3614	0	1172	0	2828	0	910	0	0	0	572	0	0	0	0	0	1644	0	7644	0	1498	0	19832	0	1174	0	0	0	1330	0	0	0	0	0	0	0	336	0	0	0	0	0	0	0	0	0	0	0	0	0	0	0	0	
471612	Cerebelum_Crus1_L	0	0	0	0	0	0	0	0	0	0	0	0	0	0	0	0	0	0	0	0	0	0	0	0	0	0	0	0	0	0	0	0	0	0	0	0	0	0	0	0	0	0	438	0	0	0	11132	4412	0	0	0	0	0	0	18956	1956	0	0	0	0	0	0	0	0	0	0	0	0	0	0	0	0	0	0	0	0	0	0	0	0	0	0	0	0	0	0	0	0	1862	0	0	3348	43462	3148	2862	180	21332	514	59482	3672	16934	956	17468	2212	1458	212	214	0	0	134	2824	8334	6834	972	358	140	
442364	Cerebelum_Crus1_R	0	0	0	0	0	0	0	0	0	0	0	0	0	0	0	0	0	0	0	0	0	0	0	0	0	0	0	0	0	0	0	0	0	0	0	0	0	0	0	0	0	0	116	0	0	0	708	15326	0	0	0	0	0	230	288	16170	0	0	0	0	0	0	0	0	0	0	0	0	0	0	0	0	0	0	0	0	0	0	0	0	0	0	0	0	0	0	0	0	0	1330	3348	0	2382	34856	330	2346	1302	20466	4414	60252	700	3586	1358	14250	242	1410	0	1376	116	942	12716	11756	6126	1338	1072	330	
343828	Cerebelum_Crus2_L	0	0	0	0	0	0	0	0	0	0	0	0	0	0	0	0	0	0	0	0	0	0	0	0	0	0	0	0	0	0	0	0	0	0	0	0	0	0	0	0	0	0	248	0	0	0	2868	1258	0	0	0	0	0	0	2708	804	0	0	0	0	0	0	0	0	0	0	0	0	0	0	0	0	0	0	0	0	0	0	0	0	0	0	0	0	0	0	0	0	350	0	43462	2382	0	5032	660	0	7148	286	17296	1954	38108	2346	27626	2376	912	152	202	0	0	0	1212	3386	7056	1864	218	0	
253244	Cerebelum_Crus2_R	0	0	0	0	0	0	0	0	0	0	0	0	0	0	0	0	0	0	0	0	0	0	0	0	0	0	0	0	0	0	0	0	0	0	0	0	0	0	0	0	0	0	0	0	0	0	0	1068	0	0	0	0	0	0	0	614	0	0	0	0	0	0	0	0	0	0	0	0	0	0	0	0	0	0	0	0	0	0	0	0	0	0	0	0	0	0	0	0	0	0	3148	34856	5032	0	0	1568	248	4036	412	14548	3422	12890	3192	22696	150	906	0	1394	0	214	2038	3038	9024	1408	602	118	
50548	Cerebelum_3_L	0	0	0	0	0	0	0	0	0	0	0	0	0	0	0	0	0	0	0	0	0	0	0	0	0	0	0	0	0	0	0	0	0	0	0	0	0	0	0	0	0	0	0	0	0	0	246	848	0	0	0	0	0	0	712	0	0	0	0	0	0	0	0	0	0	0	0	0	0	0	0	0	0	0	0	0	0	0	0	0	0	0	0	0	0	0	0	0	0	0	2862	330	660	0	0	0	7782	0	3808	416	138	0	1266	0	1644	0	0	0	410	1172	742	1526	586	126	0	0	
51364	Cerebelum_3_R	0	0	0	0	0	0	0	0	0	0	0	0	0	0	0	0	0	0	0	0	0	0	0	0	0	0	0	0	0	0	0	0	0	0	0	0	0	0	0	0	0	0	0	0	0	0	0	280	0	0	0	0	0	0	0	914	0	0	0	0	0	0	0	0	0	0	0	0	0	0	0	0	0	0	0	0	0	0	0	0	0	0	0	0	0	0	0	0	0	0	180	2346	0	1568	0	0	0	5268	0	4158	0	236	198	2768	0	568	0	0	340	2562	2114	174	458	826	724	0	
222400	Cerebelum_4_5_L	0	0	0	0	0	0	0	0	0	0	0	0	0	0	0	0	0	0	0	0	0	0	0	0	0	0	0	0	0	0	0	0	0	0	0	0	0	0	116	0	0	0	528	0	0	0	7418	2026	0	0	0	0	0	0	6632	316	0	0	0	0	0	0	0	0	0	0	0	0	0	0	0	0	0	0	0	0	0	0	0	0	0	0	0	0	0	0	0	0	0	0	21332	1302	7148	248	7782	0	0	1136	27622	1970	1968	0	3274	246	3128	310	0	0	354	682	8440	4306	1036	416	462	1002	
211908	Cerebelum_4_5_R	0	0	0	0	0	0	0	0	0	0	0	0	0	0	0	0	0	0	0	0	0	0	0	0	0	0	0	0	0	0	0	0	0	0	0	0	0	124	0	320	0	0	152	0	0	0	210	8712	0	0	0	0	0	0	0	9260	0	0	0	0	0	0	0	0	0	0	0	0	0	0	0	0	0	0	0	0	0	0	0	0	0	0	0	0	0	0	0	0	0	0	514	20466	286	4036	0	5268	1136	0	1512	31810	0	412	116	2358	0	662	0	166	0	1668	13606	1510	386	672	592	0	
401672	Cerebelum_6_L	0	0	0	0	0	0	0	0	0	0	0	0	0	0	0	0	0	0	0	0	0	0	0	0	0	0	0	0	0	0	0	0	0	0	0	0	0	0	0	0	0	0	520	0	0	0	14406	6724	0	0	236	0	318	130	21828	2968	0	0	0	0	0	0	0	0	0	0	0	0	0	0	0	0	0	0	0	0	0	0	0	0	146	0	0	0	0	0	0	0	498	0	59482	4414	17296	412	3808	0	27622	1512	0	5392	6118	0	5304	296	1696	166	0	0	0	0	5608	10464	2572	446	202	252	
433924	Cerebelum_6_R	0	0	0	0	0	0	0	0	0	0	0	0	0	0	0	0	0	0	0	0	0	0	0	0	0	0	0	0	0	0	0	0	0	0	0	0	0	336	0	214	0	0	126	0	0	0	858	17854	0	0	0	0	0	446	328	20296	0	0	0	0	0	0	0	0	0	0	0	0	0	0	0	0	0	0	0	0	0	0	0	0	0	0	0	0	0	0	0	0	0	336	3672	60252	1954	14548	416	4158	1970	31810	5392	0	618	1586	1492	7972	394	1464	0	1204	122	1056	15868	13080	4212	1384	1092	452	
239368	Cerebelum_7b_L	0	0	0	0	0	0	0	0	0	0	0	0	0	0	0	0	0	0	0	0	0	0	0	0	0	0	0	0	0	0	0	0	0	0	0	0	0	0	0	0	0	0	0	0	0	0	486	234	0	0	0	0	0	0	1354	0	0	0	0	0	0	0	0	0	0	0	0	0	0	0	0	0	0	0	0	0	0	0	0	0	0	0	0	0	0	0	0	0	190	0	16934	700	38108	3422	138	0	1968	0	6118	618	0	1968	32910	3068	1324	0	362	0	0	0	456	1044	5492	2790	0	0	
88752	Cerebelum_7b_R	0	0	0	0	0	0	0	0	0	0	0	0	0	0	0	0	0	0	0	0	0	0	0	0	0	0	0	0	0	0	0	0	0	0	0	0	0	0	0	0	0	0	0	0	0	0	0	0	0	0	0	0	0	0	0	0	0	0	0	0	0	0	0	0	0	0	0	0	0	0	0	0	0	0	0	0	0	0	0	0	0	0	0	0	0	0	0	0	0	0	956	3586	2346	12890	0	236	0	412	0	1586	1968	0	958	14098	0	602	0	624	0	0	148	0	2540	1226	200	0	
291380	Cerebelum_8_L	0	0	0	0	0	0	0	0	0	0	0	0	0	0	0	0	0	0	0	0	0	0	0	0	0	0	0	0	0	0	0	0	0	0	0	0	0	0	0	0	0	0	0	0	0	0	148	494	0	0	0	0	0	0	594	126	0	0	0	0	0	0	0	0	0	0	0	0	0	0	0	0	0	0	0	0	0	0	0	0	0	0	0	0	0	0	0	0	0	0	17468	1358	27626	3192	1266	198	3274	116	5304	1492	32910	958	0	5758	17200	1504	2922	0	0	0	828	3722	7696	6684	2102	750	
240224	Cerebelum_8_R	0	0	0	0	0	0	0	0	0	0	0	0	0	0	0	0	0	0	0	0	0	0	0	0	0	0	0	0	0	0	0	0	0	0	0	0	0	0	0	0	0	0	0	0	0	0	0	190	0	0	0	0	0	0	0	308	0	0	0	0	0	0	0	0	0	0	0	0	0	0	0	0	0	0	0	0	0	0	0	0	0	0	0	0	0	0	0	0	0	0	2212	14250	2376	22696	0	2768	246	2358	296	7972	3068	14098	5758	0	480	14890	0	3274	176	922	2398	1314	5136	8538	4116	272	
88720	Cerebelum_9_L	0	0	0	0	0	0	0	0	0	0	0	0	0	0	0	0	0	0	0	0	0	0	0	0	0	0	0	0	0	0	0	0	0	0	0	0	0	0	0	0	0	0	0	0	0	0	0	166	0	0	0	0	0	0	0	0	0	0	0	0	0	0	0	0	0	0	0	0	0	0	0	0	0	0	0	0	0	0	0	0	0	0	0	0	0	0	0	0	0	0	1458	242	912	150	1644	0	3128	0	1696	394	1324	0	17200	480	0	2186	4102	0	0	0	964	1498	956	2012	2470	1378	
97268	Cerebelum_9_R	0	0	0	0	0	0	0	0	0	0	0	0	0	0	0	0	0	0	0	0	0	0	0	0	0	0	0	0	0	0	0	0	0	0	0	0	0	0	0	0	0	0	0	0	0	0	146	0	0	0	0	0	0	0	0	0	0	0	0	0	0	0	0	0	0	0	0	0	0	0	0	0	0	0	0	0	0	0	0	0	0	0	0	0	0	0	0	0	0	0	212	1410	152	906	0	568	310	662	166	1464	0	602	1504	14890	2186	0	0	2248	434	666	674	1610	1924	5910	7184	2806	
16288	Cerebelum_10_L	0	0	0	0	0	0	0	0	0	0	0	0	0	0	0	0	0	0	0	0	0	0	0	0	0	0	0	0	0	0	0	0	0	0	0	0	0	0	0	0	0	0	0	0	0	0	0	0	0	0	0	0	0	0	0	0	0	0	0	0	0	0	0	0	0	0	0	0	0	0	0	0	0	0	0	0	0	0	0	0	0	0	0	0	0	0	0	0	0	0	214	0	202	0	0	0	0	0	0	0	362	0	2922	0	4102	0	0	0	0	0	0	0	142	200	0	0	
22048	Cerebelum_10_R	0	0	0	0	0	0	0	0	0	0	0	0	0	0	0	0	0	0	0	0	0	0	0	0	0	0	0	0	0	0	0	0	0	0	0	0	0	0	0	0	0	0	0	0	0	0	0	0	0	0	0	0	0	0	0	0	0	0	0	0	0	0	0	0	0	0	0	0	0	0	0	0	0	0	0	0	0	0	0	0	0	0	0	0	0	0	0	0	0	0	0	1376	0	1394	0	0	0	166	0	1204	0	624	0	3274	0	2248	0	0	0	0	0	0	114	318	306	0	
16128	Vermis_1_2	0	0	0	0	0	0	0	0	0	0	0	0	0	0	0	0	0	0	0	0	0	0	0	0	0	0	0	0	0	0	0	0	0	0	0	0	0	0	0	0	0	0	0	0	0	0	0	0	0	0	0	0	0	0	0	0	0	0	0	0	0	0	0	0	0	0	0	0	0	0	0	0	0	0	0	0	0	0	0	0	0	0	0	0	0	0	0	0	0	0	0	116	0	0	410	340	354	0	0	122	0	0	0	176	0	434	0	0	0	4018	1068	0	212	360	454	0	
35132	Vermis_3	0	0	0	0	0	0	0	0	0	0	0	0	0	0	0	0	0	0	0	0	0	0	0	0	0	0	0	0	0	0	0	0	0	0	0	0	0	0	0	0	0	0	0	0	0	0	0	200	0	0	0	0	0	0	0	0	0	0	0	0	0	0	0	0	0	0	0	0	0	0	0	0	0	0	0	0	0	0	0	0	0	0	0	0	0	0	0	0	0	0	134	942	0	214	1172	2562	682	1668	0	1056	0	0	0	922	0	666	0	0	4018	0	1532	0	310	714	774	0	
197376	Vermis_4_5	0	0	0	0	0	0	0	0	0	0	0	0	0	0	0	0	0	0	0	0	0	0	0	0	0	0	0	0	0	0	0	0	0	0	0	302	0	664	0	580	0	0	256	0	0	0	1592	7182	0	0	0	0	0	0	0	2934	0	0	0	0	0	0	0	0	0	0	0	674	0	0	0	0	0	0	0	0	0	0	0	0	0	0	0	0	0	0	0	0	0	0	2824	12716	1212	2038	742	2114	8440	13606	5608	15868	456	148	828	2398	964	674	0	0	1068	1532	0	5576	1618	1216	1274	1584	
208468	Vermis_6	0	0	0	0	0	0	0	0	0	0	0	0	0	0	0	0	0	0	0	0	0	0	0	0	0	0	0	0	0	0	0	0	0	0	0	0	0	0	0	0	0	0	0	0	0	0	2566	10362	0	0	0	0	0	380	1082	3812	0	0	0	0	0	0	0	0	0	0	0	0	0	0	0	0	0	0	0	0	0	0	0	0	0	0	0	0	0	0	0	0	0	0	8334	11756	3386	3038	1526	174	4306	1510	10464	13080	1044	0	3722	1314	1498	1610	0	0	0	0	5576	0	7474	1848	1918	2454	
162756	Vermis_7	0	0	0	0	0	0	0	0	0	0	0	0	0	0	0	0	0	0	0	0	0	0	0	0	0	0	0	0	0	0	0	0	0	0	0	0	0	0	0	0	0	0	0	0	0	0	164	1666	0	0	0	0	0	0	0	494	0	0	0	0	0	0	0	0	0	0	0	0	0	0	0	0	0	0	0	0	0	0	0	0	0	0	0	0	0	0	0	0	0	0	6834	6126	7056	9024	586	458	1036	386	2572	4212	5492	2540	7696	5136	956	1924	142	114	212	310	1618	7474	0	4080	2230	840	
109060	Vermis_8	0	0	0	0	0	0	0	0	0	0	0	0	0	0	0	0	0	0	0	0	0	0	0	0	0	0	0	0	0	0	0	0	0	0	0	0	0	0	0	0	0	0	0	0	0	0	0	148	0	0	0	0	0	0	0	0	0	0	0	0	0	0	0	0	0	0	0	0	0	0	0	0	0	0	0	0	0	0	0	0	0	0	0	0	0	0	0	0	0	0	972	1338	1864	1408	126	826	416	672	446	1384	2790	1226	6684	8538	2012	5910	200	318	360	714	1216	1848	4080	0	7030	2004	
