data	data	590044	282988	721244	630860	129888	79104	494772	225204	64320	38740	230536	188888	334112	128956	241112	93800	269816	128904	598160	701212	46368	59232	243920	276696	12612	59944	27400	58096	754840	339644	172044	469460	172328	409836	75188	120912	252420	275368	51736	153140	41576	63972	282108	305292	222592	267344	341676	382560	274536	286256	556304	271448	171240	73908	426744	483356	403456	268972	180860	140224	309776	130372	250312	101600	254304	196868	403756	387112	356580	391096	203312	400100	298356	295340	40120	18952	180600	198800	76676	42548	246404	139344	145168	49420	320032	253528	26120	33972	317420	153548	506668	490416	311572	319964	37884	73376	380900	321652	579076	479036	181228	125452	316564	308936	132232	111612	10656	2628	27296	46940	358328	247928	179288	154528	86240	22700	
data	data	Precentral_L	Precentral_R	Frontal_Sup_L	Frontal_Sup_R	Frontal_Sup_Orb_L	Frontal_Sup_Orb_R	Frontal_Mid_L	Frontal_Mid_R	Frontal_Mid_Orb_L	Frontal_Mid_Orb_R	Frontal_Inf_Oper_L	Frontal_Inf_Oper_R	Frontal_Inf_Tri_L	Frontal_Inf_Tri_R	Frontal_Inf_Orb_L	Frontal_Inf_Orb_R	Rolandic_Oper_L	Rolandic_Oper_R	Supp_Motor_Area_L	Supp_Motor_Area_R	Olfactory_L	Olfactory_R	Frontal_Sup_Medial_L	Frontal_Sup_Medial_R	Frontal_Med_Orb_L	Frontal_Med_Orb_R	Rectus_L	Rectus_R	Insula_L	Insula_R	Cingulum_Ant_L	Cingulum_Ant_R	Cingulum_Mid_L	Cingulum_Mid_R	Cingulum_Post_L	Cingulum_Post_R	Hippocampus_L	Hippocampus_R	ParaHippocampal_L	ParaHippocampal_R	Amygdala_L	Amygdala_R	Calcarine_L	Calcarine_R	Cuneus_L	Cuneus_R	Lingual_L	Lingual_R	Occipital_Sup_L	Occipital_Sup_R	Occipital_Mid_L	Occipital_Mid_R	Occipital_Inf_L	Occipital_Inf_R	Fusiform_L	Fusiform_R	Postcentral_L	Postcentral_R	Parietal_Sup_L	Parietal_Sup_R	Parietal_Inf_L	Parietal_Inf_R	SupraMarginal_L	SupraMarginal_R	Angular_L	Angular_R	Precuneus_L	Precuneus_R	Paracentral_Lobule_L	Paracentral_Lobule_R	Caudate_L	Caudate_R	Putamen_L	Putamen_R	Pallidum_L	Pallidum_R	Thalamus_L	Thalamus_R	Heschl_L	Heschl_R	Temporal_Sup_L	Temporal_Sup_R	Temporal_Pole_Sup_L	Temporal_Pole_Sup_R	Temporal_Mid_L	Temporal_Mid_R	Temporal_Pole_Mid_L	Temporal_Pole_Mid_R	Temporal_Inf_L	Temporal_Inf_R	Cerebelum_Crus1_L	Cerebelum_Crus1_R	Cerebelum_Crus2_L	Cerebelum_Crus2_R	Cerebelum_3_L	Cerebelum_3_R	Cerebelum_4_5_L	Cerebelum_4_5_R	Cerebelum_6_L	Cerebelum_6_R	Cerebelum_7b_L	Cerebelum_7b_R	Cerebelum_8_L	Cerebelum_8_R	Cerebelum_9_L	Cerebelum_9_R	Cerebelum_10_L	Cerebelum_10_R	Vermis_1_2	Vermis_3	Vermis_4_5	Vermis_6	Vermis_7	Vermis_8	Vermis_9	Vermis_10	
590044	Precentral_L	0	1432	7674	472	422	0	18268	0	98	0	9384	0	2134	0	204	0	11878	0	11404	9588	74	0	124	0	0	0	0	0	25254	0	292	502	1244	4804	0	318	13850	348	654	0	0	0	78	0	0	0	0	0	198	0	1066	0	520	0	1532	0	48672	80	1898	0	4292	0	1970	0	348	0	1150	0	36662	6530	2710	5460	14044	432	3652	0	26802	6062	1972	0	5586	0	1344	0	640	0	0	0	810	0	90	0	0	0	0	0	0	0	0	0	0	0	0	0	0	0	0	0	0	0	0	0	0	0	0	0	
282988	Precentral_R	1432	0	386	7810	0	0	234	7174	0	0	0	6284	200	604	170	0	70	5500	3102	10260	0	0	0	0	0	0	0	0	406	4354	0	128	112	348	0	0	66	6110	0	2174	0	68	0	0	0	0	0	104	0	106	0	0	0	180	0	3192	486	15348	0	516	0	998	0	1804	0	136	116	924	2362	20858	298	9416	714	3782	136	666	72	19476	0	648	0	1128	128	0	0	448	0	0	0	302	0	0	0	0	0	158	0	0	0	0	0	0	0	0	0	0	0	0	0	0	0	0	0	0	0	0	
721244	Frontal_Sup_L	7674	386	0	6210	10704	0	57542	0	2808	0	15170	0	22122	0	14722	0	8252	252	63838	15388	0	0	32090	1560	486	0	72	0	48436	314	10696	2888	2954	2060	0	0	526	270	0	0	0	0	0	0	0	0	0	0	0	0	0	0	0	0	0	0	0	0	0	0	0	0	0	0	0	0	0	0	2384	528	6934	3094	7412	670	1178	192	354	598	292	0	4368	0	5198	0	0	0	0	0	0	0	0	0	0	0	0	0	0	0	0	0	0	0	0	0	0	0	0	0	0	0	0	0	0	0	0	0	
630860	Frontal_Sup_R	472	7810	6210	0	0	5106	222	24288	0	2656	0	12430	2322	3528	2314	7374	0	8308	9684	50416	0	216	7330	32256	0	1880	0	1240	150	17194	2638	41992	280	17894	0	0	0	1844	0	1082	0	132	0	0	0	0	0	0	0	0	0	0	0	0	0	722	130	390	0	0	0	0	0	0	0	0	136	0	538	0	5868	16638	334	19914	0	414	124	160	0	422	0	170	0	202	0	0	0	0	0	0	0	0	0	0	0	0	0	0	0	0	0	0	0	0	0	0	0	0	0	0	0	0	0	0	0	0	
129888	Frontal_Sup_Orb_L	422	0	10704	0	0	0	926	0	8268	0	0	0	1188	0	7522	0	0	80	1424	646	452	86	4250	0	1702	0	2428	0	8686	86	3588	162	0	0	0	0	0	0	0	0	76	0	0	0	0	0	0	0	0	0	0	0	0	0	0	0	0	0	0	0	0	0	0	0	0	0	0	0	92	0	1508	438	10130	80	0	0	0	0	0	0	0	0	0	0	0	0	0	0	0	0	0	0	0	0	0	0	0	0	0	0	0	0	0	0	0	0	0	0	0	0	0	0	0	0	0	0	
79104	Frontal_Sup_Orb_R	0	0	0	5106	0	0	0	646	0	2428	0	84	0	278	0	1162	0	0	0	396	0	516	0	3736	86	6968	0	6218	0	544	0	3008	0	0	0	0	0	0	0	0	0	0	0	0	0	0	0	0	0	0	0	0	0	0	0	0	0	0	0	0	0	0	0	0	0	0	0	0	0	0	0	4962	0	3414	0	0	0	0	0	0	0	0	0	0	0	0	0	0	0	0	0	0	0	0	0	0	0	0	0	0	0	0	0	0	0	0	0	0	0	0	0	0	0	0	0	0	
494772	Frontal_Mid_L	18268	234	57542	222	926	0	0	0	3644	0	17368	0	35572	0	14730	0	11000	0	14206	966	0	0	9664	444	0	0	0	0	41768	0	1336	146	1154	368	0	0	1220	0	0	0	0	0	0	0	0	0	0	0	0	0	0	0	0	0	0	0	134	0	0	0	0	0	0	0	0	0	0	0	294	752	230	562	1634	112	944	0	394	674	340	0	6430	0	4108	0	0	0	0	0	0	0	0	0	0	0	0	0	0	0	0	0	0	0	0	0	0	0	0	0	0	0	0	0	0	0	0	0	
225204	Frontal_Mid_R	0	7174	0	24288	0	646	0	0	0	3096	0	14844	0	18766	0	11856	0	1872	0	1860	0	0	308	2040	0	0	0	0	0	15970	106	1520	0	396	0	0	0	544	0	174	0	0	0	0	0	0	0	0	0	0	0	0	0	0	0	118	0	186	0	0	0	0	0	0	0	0	0	0	0	0	124	1444	0	5038	0	232	0	0	0	0	0	0	0	0	0	0	0	0	0	0	0	0	0	0	0	0	0	0	0	0	0	0	0	0	0	0	0	0	0	0	0	0	0	0	0	0	
64320	Frontal_Mid_Orb_L	98	0	2808	0	8268	0	3644	0	0	0	0	0	2408	0	7960	0	0	0	256	138	0	0	0	0	0	0	0	0	1978	0	0	0	0	0	0	0	0	0	0	0	0	0	0	0	0	0	0	0	0	0	0	0	0	0	0	0	0	0	0	0	0	0	0	0	0	0	0	0	0	0	244	0	4358	0	0	0	0	0	0	0	0	0	0	0	0	0	0	0	0	0	0	0	0	0	0	0	0	0	0	0	0	0	0	0	0	0	0	0	0	0	0	0	0	0	0	0	
38740	Frontal_Mid_Orb_R	0	0	0	2656	0	2428	0	3096	0	0	0	0	0	912	0	5650	0	0	0	338	0	0	0	226	0	360	0	306	0	400	0	230	0	0	0	0	0	0	0	0	0	0	0	0	0	0	0	0	0	0	0	0	0	0	0	0	0	0	0	0	0	0	0	0	0	0	0	0	0	0	0	862	0	1906	0	0	0	0	0	0	0	0	0	0	0	0	0	0	0	0	0	0	0	0	0	0	0	0	0	0	0	0	0	0	0	0	0	0	0	0	0	0	0	0	0	0	
230536	Frontal_Inf_Oper_L	9384	0	15170	0	0	0	17368	0	0	0	0	0	11938	0	758	0	12990	0	6676	0	0	0	196	0	0	0	0	0	22558	0	280	0	0	0	0	0	240	0	0	0	0	0	0	0	0	0	0	0	0	0	0	0	0	0	0	0	2846	0	0	0	0	0	0	0	0	0	0	0	86	0	0	0	432	0	0	0	0	0	822	0	6112	0	7412	0	0	0	0	0	0	0	0	0	0	0	0	0	0	0	0	0	0	0	0	0	0	0	0	0	0	0	0	0	0	0	0	0	
188888	Frontal_Inf_Oper_R	0	6284	0	12430	0	84	0	14844	0	0	0	0	290	12246	288	450	0	3670	0	6192	0	0	0	824	0	0	0	0	0	25780	0	1854	0	492	0	0	0	344	0	156	0	0	0	0	0	0	0	0	0	0	0	0	0	0	0	148	0	304	0	0	0	0	0	0	0	0	0	0	0	0	1362	3966	130	2022	0	0	0	0	0	150	0	134	0	0	0	0	0	0	0	0	0	0	0	0	0	0	0	0	0	0	0	0	0	0	0	0	0	0	0	0	0	0	0	0	0	0	
334112	Frontal_Inf_Tri_L	2134	200	22122	2322	1188	0	35572	0	2408	0	11938	290	0	0	30156	0	2888	0	8570	2032	0	0	1246	318	0	0	0	0	28860	324	1012	646	0	0	0	0	94	0	0	0	0	0	0	0	0	0	0	0	0	0	0	0	0	0	0	0	0	0	0	0	0	0	0	0	0	0	0	0	110	0	5610	1296	2316	96	0	0	492	0	0	0	1582	0	1234	0	0	0	0	0	0	0	0	0	0	0	0	0	0	0	0	0	0	0	0	0	0	0	0	0	0	0	0	0	0	0	0	0	
128956	Frontal_Inf_Tri_R	0	604	0	3528	0	278	0	18766	0	912	0	12246	0	0	0	6362	0	616	0	920	0	0	0	742	0	0	0	0	0	14210	0	1446	0	358	0	0	0	256	0	134	0	0	0	0	0	0	0	0	0	0	0	0	0	0	0	120	0	0	0	0	0	0	0	0	0	0	0	0	0	0	328	1138	0	1514	0	0	0	0	0	0	0	0	0	0	0	0	0	0	0	0	0	0	0	0	0	0	0	0	0	0	0	0	0	0	0	0	0	0	0	0	0	0	0	0	0	0	
241112	Frontal_Inf_Orb_L	204	170	14722	2314	7522	0	14730	0	7960	0	758	288	30156	0	0	0	362	0	4312	2018	356	0	620	290	0	0	0	0	17966	322	648	642	0	0	0	0	0	0	0	0	108	0	0	0	0	0	0	0	0	0	0	0	0	0	0	0	0	0	0	0	0	0	0	0	0	0	0	0	114	0	5560	1290	5544	92	0	0	492	0	0	0	262	0	734	0	0	0	0	0	0	0	0	0	0	0	0	0	0	0	0	0	0	0	0	0	0	0	0	0	0	0	0	0	0	0	0	0	
93800	Frontal_Inf_Orb_R	0	0	0	7374	0	1162	0	11856	0	5650	0	450	0	6362	0	0	0	0	0	1636	0	432	0	372	0	0	0	252	0	5728	0	244	0	312	0	0	0	0	0	0	0	190	0	0	0	0	0	0	0	0	0	0	0	0	0	0	0	0	0	0	0	0	0	0	0	0	0	0	0	0	170	1158	0	3422	0	0	0	0	0	0	0	0	0	130	0	0	0	0	0	0	0	0	0	0	0	0	0	0	0	0	0	0	0	0	0	0	0	0	0	0	0	0	0	0	0	0	
269816	Rolandic_Oper_L	11878	70	8252	0	0	0	11000	0	0	0	12990	0	2888	0	362	0	0	0	1966	0	0	0	352	0	0	0	0	0	25818	0	570	0	654	0	0	0	2542	0	108	0	0	0	230	0	68	0	74	0	0	0	1458	0	616	0	2368	0	11348	0	688	0	1270	0	2952	0	384	0	1446	0	616	0	96	0	828	0	70	0	1070	140	6998	0	16120	0	4932	0	472	0	0	0	1128	0	86	0	0	0	0	0	0	0	0	0	0	0	0	0	0	0	0	0	0	0	0	0	0	0	0	0	
128904	Rolandic_Oper_R	0	5500	252	8308	80	0	0	1872	0	0	0	3670	0	616	0	0	0	0	212	4412	0	0	0	0	0	0	0	0	94	9074	0	456	0	0	0	0	0	564	0	168	0	0	0	0	0	0	0	0	0	0	0	0	0	0	0	118	0	6952	0	190	0	194	0	3886	0	240	0	922	0	2146	182	1336	128	2660	0	106	0	126	0	3282	0	6412	0	204	0	90	0	0	0	0	0	0	0	0	0	0	0	0	0	0	0	0	0	0	0	0	0	0	0	0	0	0	0	0	0	0	
598160	Supp_Motor_Area_L	11404	3102	63838	9684	1424	0	14206	0	256	0	6676	0	8570	0	4312	0	1966	212	0	38326	168	0	8166	3110	0	0	0	0	23504	234	8058	9026	5082	17012	0	156	1508	266	0	68	118	0	0	0	0	0	0	0	0	0	0	0	0	0	140	0	0	534	0	0	0	0	0	0	0	0	0	104	19348	6066	6924	5900	9392	1422	1800	188	112	1996	0	0	1384	0	3176	0	0	0	0	0	142	0	0	0	0	0	0	0	0	0	0	0	0	0	0	0	0	0	0	0	0	0	0	0	0	0	0	0	
701212	Supp_Motor_Area_R	9588	10260	15388	50416	646	396	966	1860	138	338	0	6192	2032	920	2018	1636	0	4412	38326	0	0	98	2576	9980	0	68	0	340	1740	7546	3492	30926	4736	37738	0	414	248	2758	0	688	0	80	0	0	0	0	0	0	0	0	0	0	0	0	0	560	214	2400	0	78	0	0	0	0	0	0	110	0	13616	26348	6898	23948	2402	13718	0	1782	502	7986	0	406	168	168	214	128	0	0	0	0	0	0	0	0	0	0	0	0	0	0	0	0	0	0	0	0	0	0	0	0	0	0	0	0	0	0	0	0	
46368	Olfactory_L	74	0	0	0	452	0	0	0	0	0	0	0	0	0	356	0	0	0	168	0	0	3886	0	0	74	564	1752	1024	1244	0	2424	2098	0	0	0	0	176	0	0	0	640	0	0	0	0	0	0	0	0	0	0	0	0	0	0	0	0	0	0	0	0	0	0	0	0	0	0	0	0	0	4386	2418	1448	0	0	0	0	0	0	0	0	0	0	0	0	0	0	0	0	0	0	0	0	0	0	0	0	0	0	0	0	0	0	0	0	0	0	0	0	0	0	0	0	0	0	0	
59232	Olfactory_R	0	0	0	216	86	516	0	0	0	0	0	0	0	0	0	432	0	0	0	98	3886	0	0	0	0	1348	1152	2830	0	2638	1558	2638	0	0	0	0	0	654	0	604	0	1310	0	0	0	0	0	0	0	0	0	0	0	0	0	0	0	0	0	0	0	0	0	0	0	0	0	0	0	0	4386	3996	1104	164	0	0	0	0	0	0	0	0	0	0	0	0	0	0	0	0	0	0	0	0	0	0	0	0	0	0	0	0	0	0	0	0	0	0	0	0	0	0	0	0	0	0	
243920	Frontal_Sup_Medial_L	124	0	32090	7330	4250	0	9664	308	0	0	196	0	1246	0	620	0	352	0	8166	2576	0	0	0	15332	1450	100	152	0	3212	0	10768	11602	2900	7442	0	0	0	0	0	0	0	0	0	0	0	0	0	0	0	0	0	0	0	0	0	0	0	0	0	0	0	0	0	0	0	0	0	0	0	0	474	106	1288	0	0	0	0	0	0	0	212	0	0	0	0	0	0	0	0	0	0	0	0	0	0	0	0	0	0	0	0	0	0	0	0	0	0	0	0	0	0	0	0	0	0	0	
276696	Frontal_Sup_Medial_R	0	0	1560	32256	0	3736	444	2040	0	226	0	824	318	742	290	372	0	0	3110	9980	0	0	15332	0	0	2404	0	240	0	1754	3526	32186	410	15554	0	0	0	0	0	0	0	0	0	0	0	0	0	0	0	0	0	0	0	0	0	0	0	0	0	0	0	0	0	0	0	0	0	0	0	0	1126	6194	72	3652	0	0	0	0	0	0	0	0	0	0	0	0	0	0	0	0	0	0	0	0	0	0	0	0	0	0	0	0	0	0	0	0	0	0	0	0	0	0	0	0	0	0	
12612	Frontal_Med_Orb_L	0	0	486	0	1702	86	0	0	0	0	0	0	0	0	0	0	0	0	0	0	74	0	1450	0	0	260	796	0	0	0	1316	0	0	0	0	0	0	0	0	0	0	0	0	0	0	0	0	0	0	0	0	0	0	0	0	0	0	0	0	0	0	0	0	0	0	0	0	0	0	0	0	0	136	0	0	0	0	0	0	0	0	0	0	0	0	0	0	0	0	0	0	0	0	0	0	0	0	0	0	0	0	0	0	0	0	0	0	0	0	0	0	0	0	0	0	0	
59944	Frontal_Med_Orb_R	0	0	0	1880	0	6968	0	0	0	360	0	0	0	0	0	0	0	0	0	68	564	1348	100	2404	260	0	302	6576	0	0	350	3846	0	0	0	0	0	0	0	0	0	0	0	0	0	0	0	0	0	0	0	0	0	0	0	0	0	0	0	0	0	0	0	0	0	0	0	0	0	0	450	3974	120	402	0	0	0	0	0	0	0	0	0	0	0	0	0	0	0	0	0	0	0	0	0	0	0	0	0	0	0	0	0	0	0	0	0	0	0	0	0	0	0	0	0	0	
27400	Rectus_L	0	0	72	0	2428	0	0	0	0	0	0	0	0	0	0	0	0	0	0	0	1752	1152	152	0	796	302	0	522	78	0	2452	884	0	0	0	0	0	0	0	0	0	0	0	0	0	0	0	0	0	0	0	0	0	0	0	0	0	0	0	0	0	0	0	0	0	0	0	0	0	0	1608	462	1040	0	0	0	0	0	0	0	0	0	0	0	0	0	0	0	0	0	0	0	0	0	0	0	0	0	0	0	0	0	0	0	0	0	0	0	0	0	0	0	0	0	0	0	
58096	Rectus_R	0	0	0	1240	0	6218	0	0	0	306	0	0	0	0	0	252	0	0	0	340	1024	2830	0	240	0	6576	522	0	0	674	578	2966	0	0	0	0	0	0	0	0	0	76	0	0	0	0	0	0	0	0	0	0	0	0	0	0	0	0	0	0	0	0	0	0	0	0	0	0	0	0	996	2908	264	1038	0	0	0	0	0	0	0	0	0	0	0	0	0	0	0	0	0	0	0	0	0	0	0	0	0	0	0	0	0	0	0	0	0	0	0	0	0	0	0	0	0	0	
754840	Insula_L	25254	406	48436	150	8686	0	41768	0	1978	0	22558	0	28860	0	17966	0	25818	94	23504	1740	1244	0	3212	0	0	0	78	0	0	102	4042	328	250	0	0	112	17948	150	220	0	1242	0	216	0	0	0	76	0	0	0	776	0	638	0	6858	0	11052	0	122	0	968	0	1502	0	144	0	762	0	3114	220	3338	844	22614	160	174	0	1882	846	7072	0	15524	0	14254	0	1266	0	0	0	6620	0	90	0	0	0	0	0	70	0	72	0	0	0	0	0	0	0	0	0	0	0	0	0	0	0	0	0	
339644	Insula_R	0	4354	314	17194	86	544	0	15970	0	400	0	25780	324	14210	322	5728	0	9074	234	7546	0	2638	0	1754	0	0	0	674	102	0	94	3492	0	674	0	0	0	8416	0	3520	0	2582	0	0	0	0	0	0	0	0	0	0	0	0	0	5634	0	4418	0	724	0	366	0	336	0	0	0	320	86	1724	1584	5666	180	15338	0	166	0	132	0	1444	0	3200	0	898	0	978	0	0	0	602	0	0	0	0	0	0	0	0	0	0	0	0	0	0	0	0	0	0	0	0	0	0	0	0	0	0	
172044	Cingulum_Ant_L	292	0	10696	2638	3588	0	1336	106	0	0	280	0	1012	0	648	0	570	0	8058	3492	2424	1558	10768	3526	1316	350	2452	578	4042	94	0	9566	1912	3008	0	0	0	0	0	0	0	0	0	0	0	0	0	0	0	0	0	0	0	0	0	0	0	0	0	0	0	0	0	0	0	0	0	0	120	144	4446	1132	4898	188	0	0	218	68	0	0	380	0	118	0	0	0	0	0	0	0	0	0	0	0	0	0	0	0	0	0	0	0	0	0	0	0	0	0	0	0	0	0	0	0	0	0	
469460	Cingulum_Ant_R	502	128	2888	41992	162	3008	146	1520	0	230	0	1854	646	1446	642	244	0	456	9026	30926	2098	2638	11602	32186	0	3846	884	2966	328	3492	9566	0	1258	27596	0	0	0	126	0	0	0	0	0	0	0	0	0	0	0	0	0	0	0	0	0	0	114	0	0	0	0	0	0	0	0	0	106	0	612	92	4376	23352	762	9754	0	298	104	758	0	0	0	0	0	0	0	0	0	0	0	0	0	0	0	0	0	0	0	0	0	0	0	0	0	0	0	0	0	0	0	0	0	0	0	0	0	0	
172328	Cingulum_Mid_L	1244	112	2954	280	0	0	1154	0	0	0	0	0	0	0	0	0	654	0	5082	4736	0	0	2900	410	0	0	0	0	250	0	1912	1258	0	9864	5250	890	256	0	0	0	0	0	2332	418	1396	328	330	104	1564	408	7200	344	124	0	826	70	2234	650	856	102	790	0	594	0	1344	0	13874	1586	3376	3708	0	0	0	0	0	0	0	0	124	0	580	0	0	0	412	166	0	0	1118	0	0	0	0	0	0	0	0	0	0	0	0	0	0	0	0	0	0	0	0	0	0	0	0	0	0	0	
409836	Cingulum_Mid_R	4804	348	2060	17894	0	0	368	396	0	0	0	492	0	358	0	312	0	0	17012	37738	0	0	7442	15554	0	0	0	0	0	674	3008	27596	9864	0	426	5498	140	1090	0	66	0	0	0	1150	0	1020	0	550	0	0	0	0	0	0	0	648	116	6370	0	0	0	0	0	0	0	0	1078	5768	11096	18654	240	2490	90	1350	126	0	98	934	0	0	0	0	0	0	0	0	0	0	0	0	0	0	0	0	0	0	0	0	0	0	0	0	0	0	0	0	0	0	0	0	0	0	0	0	0	0	
75188	Cingulum_Post_L	0	0	0	0	0	0	0	0	0	0	0	0	0	0	0	0	0	0	0	0	0	0	0	0	0	0	0	0	0	0	0	0	5250	426	0	6146	2378	2060	472	0	0	0	2502	88	836	92	1976	510	1064	0	418	0	198	0	858	480	696	174	312	0	0	0	0	0	86	0	7608	1272	1216	208	0	0	0	0	0	0	0	0	0	0	0	0	0	0	200	0	0	0	0	0	0	0	0	0	0	0	0	0	0	0	0	0	0	0	0	0	0	0	0	0	68	0	0	0	0	0	
120912	Cingulum_Post_R	318	0	0	0	0	0	0	0	0	0	0	0	0	0	0	0	0	0	156	414	0	0	0	0	0	0	0	0	112	0	0	0	890	5498	6146	0	1368	5518	472	190	0	0	416	2226	428	724	0	6516	366	70	78	160	0	388	192	3108	232	1716	0	0	0	0	0	0	0	0	1358	14632	266	3264	0	0	0	0	0	0	1116	1016	0	0	0	0	0	0	0	326	0	0	194	126	0	0	0	0	0	0	0	112	0	0	0	0	0	0	0	0	0	0	0	0	344	0	0	0	0	0	
252420	Hippocampus_L	13850	66	526	0	0	0	1220	0	0	0	240	0	94	0	0	0	2542	0	1508	248	176	0	0	0	0	0	0	0	17948	0	0	0	256	140	2378	1368	0	794	6868	0	7992	0	390	0	0	0	1380	244	0	0	216	0	0	0	11050	104	8374	124	128	0	574	0	682	0	82	0	2150	552	4028	184	100	0	11276	0	416	0	5678	796	3558	0	3308	0	2110	0	992	0	188	0	9202	0	0	0	0	0	0	0	0	0	0	0	0	0	0	0	0	0	0	0	0	0	110	0	0	0	0	0	
275368	Hippocampus_R	348	6110	270	1844	0	0	0	544	0	0	0	344	0	256	0	0	0	564	266	2758	0	654	0	0	0	0	0	0	150	8416	0	126	0	1090	2060	5518	794	0	370	21738	0	9800	0	112	0	0	0	2414	0	0	0	0	0	0	148	25476	316	5550	0	182	0	0	0	0	0	0	84	3058	714	3834	74	274	104	15414	0	604	1144	5376	0	278	0	1000	0	2032	0	1520	0	850	146	2262	0	0	0	0	0	228	0	308	0	0	0	0	0	0	0	0	0	0	0	0	162	0	0	0	0	0	
51736	ParaHippocampal_L	654	0	0	0	0	0	0	0	0	0	0	0	0	0	0	0	108	0	0	0	0	0	0	0	0	0	0	0	220	0	0	0	0	0	472	472	6868	370	0	74	1272	0	236	0	0	0	2324	192	0	0	0	0	0	0	5248	0	556	0	0	0	0	0	0	0	0	0	1396	368	420	66	0	0	314	0	0	0	1060	180	116	0	0	0	328	0	0	0	80	0	1196	0	122	0	0	0	238	388	86	0	124	0	0	0	0	0	0	0	0	0	118	202	0	0	0	0	0	0	
153140	ParaHippocampal_R	0	2174	0	1082	0	0	0	174	0	0	0	156	0	134	0	0	0	168	68	688	0	604	0	0	0	0	0	0	0	3520	0	0	0	66	0	190	0	21738	74	0	0	5798	0	922	0	0	0	2686	0	0	0	0	0	106	0	18536	0	1356	0	122	0	0	0	0	0	0	0	1612	0	384	0	72	0	7760	0	364	0	618	0	0	0	0	0	1672	0	782	0	1028	0	1064	0	0	0	0	0	246	0	606	0	0	0	0	0	0	0	0	0	0	0	0	0	0	0	0	0	0	
41576	Amygdala_L	0	0	0	0	76	0	0	0	0	0	0	0	0	0	108	0	0	0	118	0	640	0	0	0	0	0	0	0	1242	0	0	0	0	0	0	0	7992	0	1272	0	0	0	0	0	0	0	0	0	0	0	0	0	0	0	4384	0	0	0	0	0	0	0	0	0	0	0	0	0	0	0	0	0	420	0	0	0	0	0	0	0	0	0	1672	0	132	0	216	0	2516	0	0	0	0	0	0	0	0	0	0	0	0	0	0	0	0	0	0	0	0	0	0	0	0	0	0	0	
63972	Amygdala_R	0	68	0	132	0	0	0	0	0	0	0	0	0	0	0	190	0	0	0	80	0	1310	0	0	0	0	0	76	0	2582	0	0	0	0	0	0	0	9800	0	5798	0	0	0	0	0	0	0	0	0	0	0	0	0	0	0	5598	0	0	0	0	0	0	0	0	0	0	0	0	0	0	0	0	0	1388	0	0	0	80	0	0	0	0	0	2862	0	0	0	1370	0	652	0	0	0	0	0	0	0	0	0	0	0	0	0	0	0	0	0	0	0	0	0	0	0	0	0	0	
282108	Calcarine_L	78	0	0	0	0	0	0	0	0	0	0	0	0	0	0	0	230	0	0	0	0	0	0	0	0	0	0	0	216	0	0	0	2332	0	2502	416	390	0	236	0	0	0	0	8170	19402	3782	14448	5158	11518	1244	27752	504	5480	0	4542	492	390	0	1286	0	632	0	346	0	586	0	18602	964	394	0	0	0	0	0	0	0	0	0	232	0	0	0	0	0	2060	0	0	0	1712	0	346	0	0	0	0	0	1634	370	1354	0	0	0	0	0	0	0	0	0	0	0	1254	0	0	0	0	0	
305292	Calcarine_R	0	0	0	0	0	0	0	0	0	0	0	0	0	0	0	0	0	0	0	0	0	0	0	0	0	0	0	0	0	0	0	0	418	1150	88	2226	0	112	0	922	0	0	8170	0	6648	24580	2454	24758	830	24426	494	16866	0	2276	0	8718	0	148	0	1532	0	0	0	0	0	622	1432	20552	0	786	0	0	0	0	0	0	0	0	0	0	0	0	0	0	0	1714	0	0	0	326	0	0	0	0	0	0	0	80	0	0	0	0	0	0	0	0	0	0	0	0	318	0	0	0	0	0	
222592	Cuneus_L	0	0	0	0	0	0	0	0	0	0	0	0	0	0	0	0	68	0	0	0	0	0	0	0	0	0	0	0	0	0	0	0	1396	0	836	428	0	0	0	0	0	0	19402	6648	0	10546	2944	1370	20940	4890	14784	376	920	0	890	126	150	0	1974	0	468	0	104	0	208	0	17078	3630	106	0	0	0	0	0	0	0	0	0	0	0	0	0	0	0	700	0	0	0	314	0	0	0	0	0	0	0	0	0	0	0	0	0	0	0	0	0	0	0	0	0	0	0	0	0	0	0	
267344	Cuneus_R	0	0	0	0	0	0	0	0	0	0	0	0	0	0	0	0	0	0	0	0	0	0	0	0	0	0	0	0	0	0	0	0	328	1020	92	724	0	0	0	0	0	0	3782	24580	10546	0	388	7738	676	30166	100	11756	0	480	0	2778	0	284	0	4356	0	82	0	0	0	702	5036	24652	0	1036	0	0	0	0	0	0	0	0	0	0	0	0	0	0	0	2072	0	0	0	298	0	0	0	0	0	0	0	0	0	0	0	0	0	0	0	0	0	0	0	0	0	0	0	0	0	0	
341676	Lingual_L	0	0	0	0	0	0	0	0	0	0	0	0	0	0	0	0	74	0	0	0	0	0	0	0	0	0	0	0	76	0	0	0	330	0	1976	0	1380	0	2324	0	0	0	14448	2454	2944	388	0	5276	3790	106	13282	0	4566	0	19048	906	134	0	514	0	218	0	196	0	224	0	7576	0	0	0	0	0	0	0	0	0	0	0	80	0	0	0	0	0	218	0	0	0	418	0	15474	3570	3580	488	80	184	16642	3102	24692	4418	232	0	746	0	134	0	0	0	0	82	7578	5948	866	0	0	76	
382560	Lingual_R	0	104	0	0	0	0	0	0	0	0	0	0	0	0	0	0	0	0	0	0	0	0	0	0	0	0	0	0	0	0	0	0	104	550	510	6516	244	2414	192	2686	0	0	5158	24758	1370	7738	5276	0	402	10112	600	8618	506	4386	2670	21332	0	138	0	224	0	0	0	0	0	138	746	13308	0	336	0	0	0	0	0	0	180	184	0	0	0	0	0	0	0	434	0	0	74	112	6052	6634	378	398	102	70	5800	10336	8236	8912	138	0	296	136	162	66	0	0	174	0	12384	7748	812	74	0	252	
274536	Occipital_Sup_L	198	0	0	0	0	0	0	0	0	0	0	0	0	0	0	0	0	0	0	0	0	0	0	0	0	0	0	0	0	0	0	0	1564	0	1064	366	0	0	0	0	0	0	11518	830	20940	676	3790	402	0	0	39600	0	3478	0	2044	0	314	0	14884	0	2836	0	952	0	1396	0	21590	2738	0	0	0	0	0	0	0	0	0	0	0	0	0	0	0	0	4018	0	0	0	1918	0	0	0	0	0	0	0	72	0	80	0	0	0	0	0	0	0	0	0	0	0	0	0	0	0	0	0	
286256	Occipital_Sup_R	0	106	0	0	0	0	0	0	0	0	0	0	0	0	0	0	0	0	0	0	0	0	0	0	0	0	0	0	0	0	0	0	408	0	0	70	0	0	0	0	0	0	1244	24426	4890	30166	106	10112	0	0	0	29364	0	1528	0	4596	0	414	0	6758	0	292	0	0	0	5426	1528	16560	0	952	0	0	0	0	0	0	0	0	0	0	0	0	0	0	0	3784	0	0	0	398	0	0	0	0	0	0	0	0	0	0	0	0	0	0	0	0	0	0	0	0	0	0	0	0	0	0	
556304	Occipital_Mid_L	1066	0	0	0	0	0	0	0	0	0	0	0	0	0	0	0	1458	0	0	0	0	0	0	0	0	0	0	0	776	0	0	0	7200	0	418	78	216	0	0	0	0	0	27752	494	14784	100	13282	600	39600	0	0	0	26068	0	12980	0	4440	0	14194	0	13212	0	6700	0	20078	0	26488	1230	208	0	0	0	0	0	0	0	0	0	672	0	1628	0	0	0	24386	0	0	0	13738	0	236	0	0	0	0	0	1356	282	1430	0	0	0	0	0	0	0	0	0	0	0	1002	0	0	0	0	0	
271448	Occipital_Mid_R	0	0	0	0	0	0	0	0	0	0	0	0	0	0	0	0	0	0	0	0	0	0	0	0	0	0	0	0	0	0	0	0	344	0	0	160	0	0	0	0	0	0	504	16866	376	11756	0	8618	0	29364	0	0	0	7822	0	7692	0	180	0	3834	0	3312	0	562	0	13474	1114	9698	0	678	0	0	0	0	0	0	0	0	0	0	0	1244	0	0	0	15914	0	0	0	2212	0	0	0	0	0	0	0	0	0	0	0	0	0	0	0	0	0	0	0	0	0	0	0	0	0	0	
171240	Occipital_Inf_L	520	0	0	0	0	0	0	0	0	0	0	0	0	0	0	0	616	0	0	0	0	0	0	0	0	0	0	0	638	0	0	0	124	0	198	0	0	0	0	0	0	0	5480	0	920	0	4566	506	3478	0	26068	0	0	0	9552	0	1080	0	306	0	464	0	412	0	778	0	2688	510	0	0	0	0	0	0	0	0	0	0	674	0	0	0	0	0	7486	0	0	0	11162	0	352	0	0	0	0	0	2342	500	2482	0	0	0	0	0	0	0	0	0	0	0	1718	0	0	0	0	0	
73908	Occipital_Inf_R	0	180	0	0	0	0	0	0	0	0	0	0	0	0	0	0	0	0	0	0	0	0	0	0	0	0	0	0	0	0	0	0	0	0	0	388	0	0	0	106	0	0	0	2276	0	480	0	4386	0	1528	0	7822	0	0	0	10146	0	310	0	0	0	0	0	0	0	258	0	712	0	136	0	0	0	0	0	0	0	0	0	0	0	0	0	0	0	3682	0	0	0	4294	0	118	0	0	0	0	0	0	0	132	0	0	0	0	0	0	0	0	0	0	0	0	0	0	0	0	
426744	Fusiform_L	1532	0	0	0	0	0	0	0	0	0	0	0	0	0	0	0	2368	0	140	0	0	0	0	0	0	0	0	0	6858	0	0	0	826	0	858	192	11050	148	5248	0	4384	0	4542	0	890	0	19048	2670	2044	0	12980	0	9552	0	0	364	3786	0	848	0	680	0	750	0	470	0	3926	208	580	0	0	0	706	0	0	0	440	0	3554	0	2898	0	2288	0	3492	0	1084	0	17612	0	25518	974	2390	0	0	70	13860	2218	30026	1238	156	0	196	0	76	0	88	0	0	0	5652	1622	272	0	0	0	
483356	Fusiform_R	0	3192	0	722	0	0	0	118	0	0	0	148	0	120	0	0	0	118	0	560	0	0	0	0	0	0	0	0	0	5634	0	0	70	648	480	3108	104	25476	0	18536	0	5598	492	8718	126	2778	906	21332	0	4596	0	7692	0	10146	364	0	0	4862	0	634	0	300	0	0	0	1756	402	6778	390	2272	0	0	0	6812	0	0	0	144	0	406	0	1320	0	6074	0	9712	0	3340	0	14568	1508	15778	76	800	0	816	2110	9692	2002	16712	0	78	150	328	286	324	0	0	82	170	5450	3112	370	130	152	0	
403456	Postcentral_L	48672	486	0	130	0	0	134	0	0	0	2846	0	0	0	0	0	11348	0	0	214	0	0	0	0	0	0	0	0	11052	0	0	114	2234	116	696	232	8374	316	556	0	0	0	390	0	150	0	134	0	314	0	4440	0	1080	0	3786	0	0	622	10684	0	17278	0	12212	0	3148	0	8970	0	15034	420	728	492	7060	236	780	0	13900	1414	4180	0	3362	0	0	0	1842	0	0	0	1186	0	218	0	0	0	0	0	0	0	148	0	0	0	0	0	0	0	0	0	0	0	0	0	0	0	0	0	
268972	Postcentral_R	80	15348	0	390	0	0	0	186	0	0	0	304	0	0	0	0	0	6952	534	2400	0	0	0	0	0	0	0	0	0	4418	0	0	650	6370	174	1716	124	5550	0	1356	0	0	0	148	0	284	0	138	0	414	0	180	0	310	0	4862	622	0	0	11294	0	9180	0	12204	104	3152	502	6886	2980	23772	0	158	116	1402	128	0	0	216	0	2248	0	4554	0	0	0	1246	0	0	0	834	0	0	0	0	0	0	0	0	0	0	0	0	0	0	0	0	0	0	0	0	0	0	0	0	0	0	
180860	Parietal_Sup_L	1898	0	0	0	0	0	0	0	0	0	0	0	0	0	0	0	688	0	0	0	0	0	0	0	0	0	0	0	122	0	0	0	856	0	312	0	128	0	0	0	0	0	1286	0	1974	0	514	0	14884	0	14194	0	306	0	848	0	10684	0	0	0	13536	0	1696	0	7016	0	16406	290	124	0	0	0	126	0	0	0	0	0	0	0	550	0	0	0	1692	0	0	0	300	0	0	0	0	0	0	0	0	0	0	0	0	0	0	0	0	0	0	0	0	0	0	0	0	0	0	0	
140224	Parietal_Sup_R	0	516	0	0	0	0	0	0	0	0	0	0	0	0	0	0	0	190	0	78	0	0	0	0	0	0	0	0	0	724	0	0	102	0	0	0	0	182	0	122	0	0	0	1532	0	4356	0	224	0	6758	0	3834	0	0	0	634	0	11294	0	0	0	11928	0	1576	0	10564	744	9370	0	3420	0	0	0	438	0	0	0	0	0	0	0	208	0	0	0	1140	0	0	0	178	0	0	0	0	0	0	0	0	0	0	0	0	0	0	0	0	0	0	0	0	0	0	0	0	0	0	
309776	Parietal_Inf_L	4292	0	0	0	0	0	0	0	0	0	0	0	0	0	0	0	1270	0	0	0	0	0	0	0	0	0	0	0	968	0	0	0	790	0	0	0	574	0	0	0	0	0	632	0	468	0	218	0	2836	0	13212	0	464	0	680	0	17278	0	13536	0	0	0	35756	0	33620	0	4622	0	80	0	0	0	312	0	0	0	132	0	306	0	4150	0	0	0	13336	0	0	0	5356	0	0	0	0	0	0	0	0	0	0	0	0	0	0	0	0	0	0	0	0	0	0	0	0	0	0	0	
130372	Parietal_Inf_R	0	998	0	0	0	0	0	0	0	0	0	0	0	0	0	0	0	194	0	0	0	0	0	0	0	0	0	0	0	366	0	0	0	0	0	0	0	0	0	0	0	0	0	0	0	82	0	0	0	292	0	3312	0	0	0	300	0	9180	0	11928	0	0	0	10290	0	21358	0	1234	0	1614	0	0	0	118	0	0	0	0	0	264	0	1122	0	0	0	2274	0	0	0	260	0	0	0	0	0	0	0	0	0	0	0	0	0	0	0	0	0	0	0	0	0	0	0	0	0	0	
250312	SupraMarginal_L	1970	0	0	0	0	0	0	0	0	0	0	0	0	0	0	0	2952	0	0	0	0	0	0	0	0	0	0	0	1502	0	0	0	594	0	0	0	682	0	0	0	0	0	346	0	104	0	196	0	952	0	6700	0	412	0	750	0	12212	0	1696	0	35756	0	0	0	24452	0	3188	0	0	0	0	0	192	0	0	0	116	0	756	0	8674	0	0	0	15696	0	0	0	5258	0	0	0	0	0	0	0	0	0	0	0	0	0	0	0	0	0	0	0	0	0	0	0	0	0	0	0	
101600	SupraMarginal_R	0	1804	0	0	0	0	0	0	0	0	0	0	0	0	0	0	0	3886	0	0	0	0	0	0	0	0	0	0	0	336	0	0	0	0	0	0	0	0	0	0	0	0	0	0	0	0	0	0	0	0	0	562	0	0	0	0	0	12204	0	1576	0	10290	0	0	0	6266	0	870	0	1446	0	0	0	100	0	0	0	0	0	1788	0	7876	0	0	0	1722	0	0	0	74	0	0	0	0	0	0	0	0	0	0	0	0	0	0	0	0	0	0	0	0	0	0	0	0	0	0	
254304	Angular_L	348	0	0	0	0	0	0	0	0	0	0	0	0	0	0	0	384	0	0	0	0	0	0	0	0	0	0	0	144	0	0	0	1344	0	86	0	82	0	0	0	0	0	586	0	208	0	224	0	1396	0	20078	0	778	0	470	0	3148	104	7016	0	33620	0	24452	0	0	0	4082	0	0	0	0	0	0	0	0	0	0	0	72	0	4134	0	0	0	19022	0	0	0	5374	0	0	0	0	0	0	0	0	0	0	0	0	0	0	0	0	0	0	0	0	0	0	0	0	0	0	0	
196868	Angular_R	0	136	0	0	0	0	0	0	0	0	0	0	0	0	0	0	0	240	0	0	0	0	0	0	0	0	0	0	0	0	0	0	0	0	0	0	0	0	0	0	0	0	0	622	0	702	0	138	0	5426	0	13474	0	258	0	1756	0	3152	0	10564	0	21358	0	6266	0	0	210	3052	0	1400	0	0	0	84	0	0	0	0	0	0	0	7056	0	0	0	19720	0	0	0	2820	0	0	0	0	0	0	0	0	0	0	0	0	0	0	0	0	0	0	0	0	0	0	0	0	0	0	
403756	Precuneus_L	1150	116	0	136	0	0	0	0	0	0	0	0	0	0	0	0	1446	0	0	110	0	0	0	0	0	0	0	0	762	0	0	106	13874	1078	7608	1358	2150	84	1396	0	0	0	18602	1432	17078	5036	7576	746	21590	1528	26488	1114	2688	0	3926	402	8970	502	16406	744	4622	0	3188	0	4082	210	0	13190	2150	288	0	106	0	144	0	0	0	0	404	0	1532	0	0	0	2282	308	0	0	3034	0	70	0	0	0	0	0	0	0	0	0	0	0	0	0	0	0	0	0	0	0	66	0	0	0	0	0	
387112	Precuneus_R	0	924	0	0	0	0	0	0	0	0	0	0	0	0	0	0	0	922	104	0	0	0	0	0	0	0	0	0	0	320	0	0	1586	5768	1272	14632	552	3058	368	1612	0	0	964	20552	3630	24652	0	13308	2738	16560	1230	9698	510	712	208	6778	0	6886	290	9370	0	1234	0	870	0	3052	13190	0	218	11468	0	0	0	104	0	0	426	460	0	412	0	1084	0	0	90	7382	0	0	358	3180	0	0	0	0	0	0	0	418	0	0	0	0	0	0	0	0	0	0	0	0	406	0	0	0	0	0	
356580	Paracentral_Lobule_L	36662	2362	2384	538	92	0	294	0	0	0	86	0	110	0	114	0	616	0	19348	13616	0	0	0	0	0	0	0	0	3114	86	120	612	3376	11096	1216	266	4028	714	420	0	0	0	394	0	106	0	0	0	0	0	208	0	0	0	580	390	15034	2980	124	0	80	0	0	0	0	0	2150	218	0	12848	1866	5250	5880	400	2588	0	19622	5324	0	0	456	0	256	0	164	0	0	0	102	0	0	0	0	0	0	0	0	0	0	0	0	0	0	0	0	0	0	0	0	0	0	0	0	0	0	0	
391096	Paracentral_Lobule_R	6530	20858	528	0	0	0	752	0	0	0	0	0	0	0	0	0	0	2146	6066	26348	0	0	0	0	0	0	0	0	220	1724	144	92	3708	18654	208	3264	184	3834	66	384	0	0	0	786	0	1036	0	336	0	952	0	678	0	136	0	2272	420	23772	0	3420	0	1614	0	1446	0	1400	288	11468	12848	0	0	7818	184	264	156	0	256	19178	0	1576	0	2320	0	0	0	2946	0	0	0	2268	0	0	0	0	0	0	0	0	0	0	0	0	0	0	0	0	0	0	0	0	0	0	0	0	0	0	
203312	Caudate_L	2710	298	6934	5868	1508	0	230	124	244	0	0	1362	5610	328	5560	170	96	182	6924	6898	4386	4386	474	1126	0	450	1608	996	3338	1584	4446	4376	0	240	0	0	100	74	0	0	0	0	0	0	0	0	0	0	0	0	0	0	0	0	0	0	728	0	0	0	0	0	0	0	0	0	0	0	1866	0	0	10234	10612	678	582	88	3354	648	0	0	0	0	236	0	0	0	0	0	0	0	0	0	0	0	0	0	0	0	0	0	0	0	0	0	0	0	0	0	0	0	0	0	0	0	0	0	
400100	Caudate_R	5460	9416	3094	16638	438	4962	562	1444	0	862	0	3966	1296	1138	1290	1158	0	1336	5900	23948	2418	3996	106	6194	0	3974	462	2908	844	5666	1132	23352	0	2490	0	0	0	274	0	72	0	0	0	0	0	0	0	0	0	0	0	0	0	0	0	0	492	158	0	0	0	0	0	0	0	0	106	0	5250	7818	10234	0	1766	15290	86	1480	648	19926	0	0	0	0	0	0	0	0	0	0	0	0	0	0	0	0	0	0	0	0	0	0	0	0	0	0	0	0	0	0	0	0	0	0	0	0	0	0	
298356	Putamen_L	14044	714	7412	334	10130	0	1634	0	4358	0	432	130	2316	0	5544	0	828	128	9392	2402	1448	1104	1288	72	136	120	1040	264	22614	180	4898	762	0	90	0	0	11276	104	314	0	420	0	0	0	0	0	0	0	0	0	0	0	0	0	706	0	7060	116	126	0	312	0	192	0	0	0	0	0	5880	184	10612	1766	0	248	4848	0	3934	1060	302	0	1158	0	4246	0	0	0	0	0	500	0	0	0	0	0	0	0	0	0	0	0	0	0	0	0	0	0	0	0	0	0	0	0	0	0	0	0	
295340	Putamen_R	432	3782	670	19914	80	3414	112	5038	0	1906	0	2022	96	1514	92	3422	0	2660	1422	13718	0	164	0	3652	0	402	0	1038	160	15338	188	9754	0	1350	0	0	0	15414	0	7760	0	1388	0	0	0	0	0	0	0	0	0	0	0	0	0	6812	236	1402	0	438	0	118	0	100	0	84	144	104	400	264	678	15290	248	0	0	2896	0	298	0	0	0	106	0	424	0	168	0	0	0	558	0	0	0	0	0	0	0	0	0	0	0	0	0	0	0	0	0	0	0	0	0	0	0	0	0	0	
40120	Pallidum_L	3652	136	1178	0	0	0	944	0	0	0	0	0	0	0	0	0	70	0	1800	0	0	0	0	0	0	0	0	0	174	0	0	0	0	126	0	0	416	0	0	0	0	0	0	0	0	0	0	0	0	0	0	0	0	0	0	0	780	128	0	0	0	0	0	0	0	0	0	0	2588	156	582	86	4848	0	0	0	2316	80	0	0	0	0	0	0	0	0	0	0	0	0	0	0	0	0	0	0	0	0	0	0	0	0	0	0	0	0	0	0	0	0	0	0	0	0	0	0	
18952	Pallidum_R	0	666	192	414	0	0	0	232	0	0	0	0	0	0	0	0	0	106	188	1782	0	0	0	0	0	0	0	0	0	166	0	298	0	0	0	0	0	604	0	364	0	0	0	0	0	0	0	0	0	0	0	0	0	0	0	0	0	0	0	0	0	0	0	0	0	0	0	0	0	0	88	1480	0	2896	0	0	0	0	0	0	0	0	0	0	0	0	0	0	0	0	0	0	0	0	0	0	0	0	0	0	0	0	0	0	0	0	0	0	0	0	0	0	0	0	0	0	
180600	Thalamus_L	26802	72	354	124	0	0	394	0	0	0	0	0	492	0	492	0	1070	0	112	502	0	0	0	0	0	0	0	0	1882	0	218	104	0	98	0	1116	5678	1144	1060	0	0	0	0	0	0	0	0	180	0	0	0	0	0	0	440	0	13900	0	0	0	132	0	116	0	0	0	0	426	19622	256	3354	648	3934	0	2316	0	0	2336	468	0	0	0	0	0	0	0	0	0	388	0	0	0	0	0	0	0	0	0	0	0	0	0	0	0	0	0	0	0	0	0	70	0	0	0	0	0	
198800	Thalamus_R	6062	19476	598	160	0	0	674	0	0	0	0	0	0	0	0	0	140	126	1996	7986	0	0	0	0	0	0	0	0	846	132	68	758	0	934	0	1016	796	5376	180	618	0	80	0	0	0	0	0	184	0	0	0	0	0	0	0	144	1414	216	0	0	0	0	0	0	0	0	0	460	5324	19178	648	19926	1060	298	80	0	2336	0	0	0	110	0	0	0	0	0	0	0	0	0	0	0	0	0	0	0	0	0	0	0	0	0	0	0	0	0	0	0	0	0	0	0	0	0	0	0	
76676	Heschl_L	1972	0	292	0	0	0	340	0	0	0	822	0	0	0	0	0	6998	0	0	0	0	0	0	0	0	0	0	0	7072	0	0	0	124	0	0	0	3558	0	116	0	0	0	232	0	0	0	80	0	0	0	672	0	674	0	3554	0	4180	0	0	0	306	0	756	0	72	0	404	0	0	0	0	0	302	0	0	0	468	0	0	0	2296	0	454	0	268	0	0	0	2170	0	90	0	0	0	0	0	0	0	66	0	0	0	0	0	0	0	0	0	0	0	0	0	0	0	0	0	
42548	Heschl_R	0	648	0	422	0	0	0	0	0	0	0	150	0	0	0	0	0	3282	0	406	0	0	0	0	0	0	0	0	0	1444	0	0	0	0	0	0	0	278	0	0	0	0	0	0	0	0	0	0	0	0	0	0	0	0	0	406	0	2248	0	0	0	264	0	1788	0	0	0	412	0	1576	0	0	0	0	0	0	0	0	0	0	0	7430	0	0	0	444	0	0	0	76	0	0	0	0	0	0	0	0	0	0	0	0	0	0	0	0	0	0	0	0	0	0	0	0	0	0	
246404	Temporal_Sup_L	5586	0	4368	0	0	0	6430	0	0	0	6112	0	1582	0	262	0	16120	0	1384	168	0	0	212	0	0	0	0	0	15524	0	380	0	580	0	0	0	3308	0	0	0	0	0	0	0	0	0	0	0	0	0	1628	0	0	0	2898	0	3362	0	550	0	4150	0	8674	0	4134	0	1532	0	456	0	0	0	1158	0	0	0	0	110	2296	0	0	0	4016	0	15518	0	0	0	10704	0	0	0	0	0	0	0	0	0	0	0	0	0	0	0	0	0	0	0	0	0	0	0	0	0	0	0	
139344	Temporal_Sup_R	0	1128	0	170	0	0	0	0	0	0	0	134	0	0	0	0	0	6412	0	168	0	0	0	0	0	0	0	0	0	3200	0	0	0	0	0	0	0	1000	0	0	0	0	0	0	0	0	0	0	0	0	0	1244	0	0	0	1320	0	4554	0	208	0	1122	0	7876	0	7056	0	1084	0	2320	0	0	0	106	0	0	0	0	0	7430	0	0	0	1648	0	17156	0	112	0	4224	0	0	0	0	0	0	0	0	0	0	0	0	0	0	0	0	0	0	0	0	0	0	0	0	0	0	
145168	Temporal_Pole_Sup_L	1344	128	5198	0	0	0	4108	0	0	0	7412	0	1234	0	734	0	4932	0	3176	214	0	0	0	0	0	0	0	0	14254	0	118	0	0	0	0	0	2110	0	328	0	1672	0	0	0	0	0	0	0	0	0	0	0	0	0	2288	0	0	0	0	0	0	0	0	0	0	0	0	0	256	0	236	0	4246	0	0	0	0	0	454	0	4016	0	0	0	4456	0	4082	0	5588	0	0	0	0	0	0	0	0	0	0	0	0	0	0	0	0	0	0	0	0	0	0	0	0	0	0	0	
49420	Temporal_Pole_Sup_R	0	0	0	202	0	0	0	0	0	0	0	0	0	0	0	130	0	204	0	128	0	0	0	0	0	0	0	0	0	898	0	0	0	0	0	0	0	2032	0	1672	0	2862	0	0	0	0	0	0	0	0	0	0	0	0	0	6074	0	0	0	0	0	0	0	0	0	0	0	0	0	0	0	0	0	424	0	0	0	0	0	0	0	1648	0	0	0	816	0	5308	0	2312	0	0	0	0	0	0	0	0	0	0	0	0	0	0	0	0	0	0	0	0	0	0	0	0	0	0	
320032	Temporal_Mid_L	640	0	0	0	0	0	0	0	0	0	0	0	0	0	0	0	472	0	0	0	0	0	0	0	0	0	0	0	1266	0	0	0	412	0	200	0	992	0	0	0	132	0	2060	0	700	0	218	0	4018	0	24386	0	7486	0	3492	0	1842	0	1692	0	13336	0	15696	0	19022	0	2282	90	164	0	0	0	0	0	0	0	0	0	268	0	15518	0	4456	0	0	0	3464	0	35616	0	96	0	0	0	0	0	0	0	0	0	0	0	0	0	0	0	0	0	0	0	0	0	0	0	0	0	
253528	Temporal_Mid_R	0	448	0	0	0	0	0	0	0	0	0	0	0	0	0	0	0	90	0	0	0	0	0	0	0	0	0	0	0	978	0	0	166	0	0	326	0	1520	0	782	0	0	0	1714	0	2072	0	434	0	3784	0	15914	0	3682	0	9712	0	1246	0	1140	0	2274	0	1722	0	19720	308	7382	0	2946	0	0	0	168	0	0	0	0	0	444	0	17156	0	816	0	0	0	2462	0	27358	0	0	0	0	0	0	0	0	0	0	0	0	0	0	0	0	0	0	0	0	0	0	0	0	0	0	
26120	Temporal_Pole_Mid_L	0	0	0	0	0	0	0	0	0	0	0	0	0	0	0	0	0	0	0	0	0	0	0	0	0	0	0	0	0	0	0	0	0	0	0	0	188	0	80	0	216	0	0	0	0	0	0	0	0	0	0	0	0	0	1084	0	0	0	0	0	0	0	0	0	0	0	0	0	0	0	0	0	0	0	0	0	0	0	0	0	0	0	4082	0	3464	0	0	0	3946	0	0	0	0	0	0	0	0	0	0	0	0	0	0	0	0	0	0	0	0	0	0	0	0	0	0	0	
33972	Temporal_Pole_Mid_R	0	0	0	0	0	0	0	0	0	0	0	0	0	0	0	0	0	0	0	0	0	0	0	0	0	0	0	0	0	0	0	0	0	0	0	0	0	850	0	1028	0	1370	0	0	0	0	0	0	0	0	0	0	0	0	0	3340	0	0	0	0	0	0	0	0	0	0	0	0	0	0	0	0	0	0	0	0	0	0	0	0	0	112	0	5308	0	2462	0	0	0	2516	0	0	0	0	0	0	0	0	0	0	0	0	0	0	0	0	0	0	0	0	0	0	0	0	0	0	
317420	Temporal_Inf_L	810	0	0	0	0	0	0	0	0	0	0	0	0	0	0	0	1128	0	142	0	0	0	0	0	0	0	0	0	6620	0	0	0	1118	0	0	194	9202	146	1196	0	2516	0	1712	0	314	0	418	74	1918	0	13738	0	11162	0	17612	0	1186	0	300	0	5356	0	5258	0	5374	0	3034	358	102	0	0	0	500	0	0	0	388	0	2170	0	10704	0	5588	0	35616	0	3946	0	0	0	5016	0	924	0	0	0	624	0	2022	0	104	0	0	0	0	0	0	0	0	0	120	0	0	0	0	0	
153548	Temporal_Inf_R	0	302	0	0	0	0	0	0	0	0	0	0	0	0	0	0	0	0	0	0	0	0	0	0	0	0	0	0	0	602	0	0	0	0	0	126	0	2262	0	1064	0	652	0	326	0	298	0	112	0	398	0	2212	0	4294	0	14568	0	834	0	178	0	260	0	74	0	2820	0	3180	0	2268	0	0	0	558	0	0	0	0	0	76	0	4224	0	2312	0	27358	0	2516	0	0	0	1872	0	550	0	0	0	0	0	268	0	0	0	210	0	0	0	0	0	0	0	0	0	0	0	0	
506668	Cerebelum_Crus1_L	90	0	0	0	0	0	0	0	0	0	0	0	0	0	0	0	86	0	0	0	0	0	0	0	0	0	0	0	90	0	0	0	0	0	0	0	0	0	122	0	0	0	346	0	0	0	15474	6052	0	0	236	0	352	0	25518	1508	218	0	0	0	0	0	0	0	0	0	70	0	0	0	0	0	0	0	0	0	0	0	90	0	0	0	0	0	96	0	0	0	5016	0	0	6594	36020	2732	674	386	25086	5580	64224	8096	8022	328	8296	844	2438	84	148	0	84	114	11198	10462	5576	508	280	196	
490416	Cerebelum_Crus1_R	0	0	0	0	0	0	0	0	0	0	0	0	0	0	0	0	0	0	0	0	0	0	0	0	0	0	0	0	0	0	0	0	0	0	0	0	0	0	0	0	0	0	0	0	0	0	3570	6634	0	0	0	0	0	118	974	15778	0	0	0	0	0	0	0	0	0	0	0	0	0	0	0	0	0	0	0	0	0	0	0	0	0	0	0	0	0	0	0	0	0	1872	6594	0	2848	29914	686	2824	5264	21322	10068	59094	582	3198	4166	14518	2172	2798	0	0	1504	1824	15204	15724	8138	4972	2550	298	
311572	Cerebelum_Crus2_L	0	0	0	0	0	0	0	0	0	0	0	0	0	0	0	0	0	0	0	0	0	0	0	0	0	0	0	0	0	0	0	0	0	0	0	0	0	0	0	0	0	0	0	0	0	0	3580	378	0	0	0	0	0	0	2390	76	0	0	0	0	0	0	0	0	0	0	0	0	0	0	0	0	0	0	0	0	0	0	0	0	0	0	0	0	0	0	0	0	924	0	36020	2848	0	7878	648	136	2866	484	16734	2940	26080	3656	23306	5598	2648	242	150	0	0	144	1496	3364	8572	2248	252	128	
319964	Cerebelum_Crus2_R	0	0	0	0	0	0	0	0	0	0	0	0	0	0	0	0	0	0	0	0	0	0	0	0	0	0	0	0	0	0	0	0	0	0	0	0	0	0	0	0	0	0	0	0	0	0	488	398	0	0	0	0	0	0	0	800	0	0	0	0	0	0	0	0	0	0	0	0	0	0	0	0	0	0	0	0	0	0	0	0	0	0	0	0	0	0	0	0	0	550	2732	29914	7878	0	0	828	102	1116	1186	7420	3998	22848	8596	39726	1536	3568	0	0	76	364	564	2468	13520	6710	2424	172	
37884	Cerebelum_3_L	0	0	0	0	0	0	0	0	0	0	0	0	0	0	0	0	0	0	0	0	0	0	0	0	0	0	0	0	0	0	0	0	0	0	0	0	0	0	238	0	0	0	0	0	0	0	80	102	0	0	0	0	0	0	0	0	0	0	0	0	0	0	0	0	0	0	0	0	0	0	0	0	0	0	0	0	0	0	0	0	0	0	0	0	0	0	0	0	0	0	674	686	648	0	0	770	4842	860	2408	916	0	0	454	110	2278	94	100	0	1098	1042	1056	212	102	96	76	0	
73376	Cerebelum_3_R	0	158	0	0	0	0	0	0	0	0	0	0	0	0	0	0	0	0	0	0	0	0	0	0	0	0	0	0	0	0	0	0	0	0	0	0	0	228	388	246	0	0	0	0	0	0	184	70	0	0	0	0	0	0	70	816	0	0	0	0	0	0	0	0	0	0	0	0	0	0	0	0	0	0	0	0	0	0	0	0	0	0	0	0	0	0	0	0	0	0	386	2824	136	828	770	0	2168	6666	822	6082	0	68	372	688	188	1858	0	0	1140	3602	2976	0	768	978	1208	0	
380900	Cerebelum_4_5_L	0	0	0	0	0	0	0	0	0	0	0	0	0	0	0	0	0	0	0	0	0	0	0	0	0	0	0	0	70	0	0	0	0	0	0	0	0	0	86	0	0	0	1634	0	0	0	16642	5800	72	0	1356	0	2342	0	13860	2110	0	0	0	0	0	0	0	0	0	0	0	0	0	0	0	0	0	0	0	0	0	0	0	0	0	0	0	0	0	0	0	0	624	0	25086	5264	2866	102	4842	2168	0	9942	45452	6816	1686	0	4820	0	4016	286	552	0	506	1602	22024	5892	154	202	526	1050	
321652	Cerebelum_4_5_R	0	0	0	0	0	0	0	0	0	0	0	0	0	0	0	0	0	0	0	0	0	0	0	0	0	0	0	0	0	0	0	0	0	0	0	112	0	308	0	606	0	0	370	80	0	0	3102	10336	0	0	282	0	500	0	2218	9692	0	0	0	0	0	0	0	0	0	0	0	418	0	0	0	0	0	0	0	0	0	0	0	0	0	0	0	0	0	0	0	0	0	0	5580	21322	484	1116	860	6666	9942	0	8794	33948	194	0	922	1060	1138	2096	0	0	1764	2768	24360	5880	1268	1010	1386	244	
579076	Cerebelum_6_L	0	0	0	0	0	0	0	0	0	0	0	0	0	0	0	0	0	0	0	0	0	0	0	0	0	0	0	0	72	0	0	0	0	0	0	0	0	0	124	0	0	0	1354	0	0	0	24692	8236	80	0	1430	0	2482	0	30026	2002	148	0	0	0	0	0	0	0	0	0	0	0	0	0	0	0	0	0	0	0	0	0	66	0	0	0	0	0	0	0	0	0	2022	0	64224	10068	16734	1186	2408	822	45452	8794	0	12594	3036	0	6248	138	4694	140	760	0	112	638	19452	15684	3038	124	262	196	
479036	Cerebelum_6_R	0	0	0	0	0	0	0	0	0	0	0	0	0	0	0	0	0	0	0	0	0	0	0	0	0	0	0	0	0	0	0	0	0	0	0	0	0	0	0	0	0	0	0	0	0	0	4418	8912	0	0	0	0	0	132	1238	16712	0	0	0	0	0	0	0	0	0	0	0	0	0	0	0	0	0	0	0	0	0	0	0	0	0	0	0	0	0	0	0	0	0	268	8096	59094	2940	7420	916	6082	6816	33948	12594	0	458	460	1900	3922	1812	3680	0	0	2136	2508	20176	19702	6910	2938	2940	390	
181228	Cerebelum_7b_L	0	0	0	0	0	0	0	0	0	0	0	0	0	0	0	0	0	0	0	0	0	0	0	0	0	0	0	0	0	0	0	0	0	0	0	0	0	0	0	0	0	0	0	0	0	0	232	138	0	0	0	0	0	0	156	0	0	0	0	0	0	0	0	0	0	0	0	0	0	0	0	0	0	0	0	0	0	0	0	0	0	0	0	0	0	0	0	0	104	0	8022	582	26080	3998	0	0	1686	194	3036	458	0	2916	27660	5302	1142	244	70	0	0	0	670	406	3506	3916	96	0	
125452	Cerebelum_7b_R	0	0	0	0	0	0	0	0	0	0	0	0	0	0	0	0	0	0	0	0	0	0	0	0	0	0	0	0	0	0	0	0	0	0	0	0	0	0	0	0	0	0	0	0	0	0	0	0	0	0	0	0	0	0	0	78	0	0	0	0	0	0	0	0	0	0	0	0	0	0	0	0	0	0	0	0	0	0	0	0	0	0	0	0	0	0	0	0	0	0	328	3198	3656	22848	0	68	0	0	0	460	2916	0	3144	20720	0	334	0	0	0	0	0	84	2420	2404	68	0	
316564	Cerebelum_8_L	0	0	0	0	0	0	0	0	0	0	0	0	0	0	0	0	0	0	0	0	0	0	0	0	0	0	0	0	0	0	0	0	0	0	0	0	0	0	0	0	0	0	0	0	0	0	746	296	0	0	0	0	0	0	196	150	0	0	0	0	0	0	0	0	0	0	0	0	0	0	0	0	0	0	0	0	0	0	0	0	0	0	0	0	0	0	0	0	0	0	8296	4166	23306	8596	454	372	4820	922	6248	1900	27660	3144	0	15278	21040	2514	1300	0	0	226	2668	944	5870	14286	2784	100	
308936	Cerebelum_8_R	0	0	0	0	0	0	0	0	0	0	0	0	0	0	0	0	0	0	0	0	0	0	0	0	0	0	0	0	0	0	0	0	0	0	0	0	0	0	0	0	0	0	0	0	0	0	0	136	0	0	0	0	0	0	0	328	0	0	0	0	0	0	0	0	0	0	0	0	0	0	0	0	0	0	0	0	0	0	0	0	0	0	0	0	0	0	0	0	0	210	844	14518	5598	39726	110	688	0	1060	138	3922	5302	20720	15278	0	3798	15224	0	280	126	316	244	506	8050	13446	3650	250	
132232	Cerebelum_9_L	0	0	0	0	0	0	0	0	0	0	0	0	0	0	0	0	0	0	0	0	0	0	0	0	0	0	0	0	0	0	0	0	0	0	0	0	0	0	0	0	0	0	0	0	0	0	134	162	0	0	0	0	0	0	76	286	0	0	0	0	0	0	0	0	0	0	0	0	0	0	0	0	0	0	0	0	0	0	0	0	0	0	0	0	0	0	0	0	0	0	2438	2172	2648	1536	2278	188	4016	1138	4694	1812	1142	0	21040	3798	0	1942	2160	0	84	258	1232	2248	1082	4112	2900	540	
111612	Cerebelum_9_R	0	0	0	0	0	0	0	0	0	0	0	0	0	0	0	0	0	0	0	0	0	0	0	0	0	0	0	0	0	0	0	0	0	0	0	0	0	0	0	0	0	0	0	0	0	0	0	66	0	0	0	0	0	0	0	324	0	0	0	0	0	0	0	0	0	0	0	0	0	0	0	0	0	0	0	0	0	0	0	0	0	0	0	0	0	0	0	0	0	0	84	2798	242	3568	94	1858	286	2096	140	3680	244	334	2514	15224	1942	0	0	1034	516	1278	668	906	3386	5242	6584	698	
10656	Cerebelum_10_L	0	0	0	0	0	0	0	0	0	0	0	0	0	0	0	0	0	0	0	0	0	0	0	0	0	0	0	0	0	0	0	0	0	0	0	0	0	0	0	0	0	0	0	0	0	0	0	0	0	0	0	0	0	0	88	0	0	0	0	0	0	0	0	0	0	0	0	0	0	0	0	0	0	0	0	0	0	0	0	0	0	0	0	0	0	0	0	0	0	0	148	0	150	0	100	0	552	0	760	0	70	0	1300	0	2160	0	0	0	0	0	0	0	0	0	0	0	
2628	Cerebelum_10_R	0	0	0	0	0	0	0	0	0	0	0	0	0	0	0	0	0	0	0	0	0	0	0	0	0	0	0	0	0	0	0	0	0	0	0	0	0	0	0	0	0	0	0	0	0	0	0	0	0	0	0	0	0	0	0	0	0	0	0	0	0	0	0	0	0	0	0	0	0	0	0	0	0	0	0	0	0	0	0	0	0	0	0	0	0	0	0	0	0	0	0	0	0	0	0	0	0	0	0	0	0	0	0	280	0	1034	0	0	0	0	0	0	0	0	0	0	
27296	Vermis_1_2	0	0	0	0	0	0	0	0	0	0	0	0	0	0	0	0	0	0	0	0	0	0	0	0	0	0	0	0	0	0	0	0	0	0	0	0	0	0	118	0	0	0	0	0	0	0	0	174	0	0	0	0	0	0	0	82	0	0	0	0	0	0	0	0	0	0	0	0	0	0	0	0	0	0	0	0	0	0	0	0	0	0	0	0	0	0	0	0	0	0	84	1504	0	76	1098	1140	506	1764	112	2136	0	0	0	126	84	516	0	0	0	2098	954	264	122	242	448	0	
46940	Vermis_3	0	0	0	0	0	0	0	0	0	0	0	0	0	0	0	0	0	0	0	0	0	0	0	0	0	0	0	0	0	0	0	0	0	0	0	0	0	0	202	0	0	0	0	0	0	0	82	0	0	0	0	0	0	0	0	170	0	0	0	0	0	0	0	0	0	0	0	0	0	0	0	0	0	0	0	0	0	0	0	0	0	0	0	0	0	0	0	0	0	0	114	1824	144	364	1042	3602	1602	2768	638	2508	0	0	226	316	258	1278	0	0	2098	0	2108	0	500	708	918	0	
358328	Vermis_4_5	0	0	0	0	0	0	0	0	0	0	0	0	0	0	0	0	0	0	0	0	0	0	0	0	0	0	0	0	0	0	0	0	0	0	68	344	110	162	0	0	0	0	1254	318	0	0	7578	12384	0	0	1002	0	1718	0	5652	5450	0	0	0	0	0	0	0	0	0	0	66	406	0	0	0	0	0	0	0	0	70	0	0	0	0	0	0	0	0	0	0	0	120	0	11198	15204	1496	564	1056	2976	22024	24360	19452	20176	670	0	2668	244	1232	668	0	0	954	2108	0	10738	1128	518	1094	1934	
247928	Vermis_6	0	0	0	0	0	0	0	0	0	0	0	0	0	0	0	0	0	0	0	0	0	0	0	0	0	0	0	0	0	0	0	0	0	0	0	0	0	0	0	0	0	0	0	0	0	0	5948	7748	0	0	0	0	0	0	1622	3112	0	0	0	0	0	0	0	0	0	0	0	0	0	0	0	0	0	0	0	0	0	0	0	0	0	0	0	0	0	0	0	0	0	0	10462	15724	3364	2468	212	0	5892	5880	15684	19702	406	84	944	506	2248	906	0	0	264	0	10738	0	4452	1208	1984	2406	
179288	Vermis_7	0	0	0	0	0	0	0	0	0	0	0	0	0	0	0	0	0	0	0	0	0	0	0	0	0	0	0	0	0	0	0	0	0	0	0	0	0	0	0	0	0	0	0	0	0	0	866	812	0	0	0	0	0	0	272	370	0	0	0	0	0	0	0	0	0	0	0	0	0	0	0	0	0	0	0	0	0	0	0	0	0	0	0	0	0	0	0	0	0	0	5576	8138	8572	13520	102	768	154	1268	3038	6910	3506	2420	5870	8050	1082	3386	0	0	122	500	1128	4452	0	5256	3248	258	
