data	data	518992	516348	990368	844416	103568	96676	462020	296504	73908	34084	258856	304156	222460	111740	119252	90868	221368	162384	790372	854596	54884	77448	326228	428720	35408	129640	36484	57248	584500	352948	240632	486516	181672	552552	193304	213532	270084	447400	77364	284176	30204	63856	300004	309124	208680	299780	385836	337936	229452	231512	517160	213204	154884	74944	413248	579636	308988	329076	92912	75368	218380	101640	151420	97980	195532	139060	380116	553120	164632	141004	274180	411060	399072	438924	137336	56480	206724	163424	100236	38648	170452	170516	90168	95036	300052	252052	11744	43724	236320	234004	575792	444292	467640	405452	42648	51304	371144	263472	478404	426012	381624	231576	424620	409788	139108	125980	26888	10880	52900	70896	357764	203232	348832	255348	99204	29100	
data	data	Precentral_L	Precentral_R	Frontal_Sup_L	Frontal_Sup_R	Frontal_Sup_Orb_L	Frontal_Sup_Orb_R	Frontal_Mid_L	Frontal_Mid_R	Frontal_Mid_Orb_L	Frontal_Mid_Orb_R	Frontal_Inf_Oper_L	Frontal_Inf_Oper_R	Frontal_Inf_Tri_L	Frontal_Inf_Tri_R	Frontal_Inf_Orb_L	Frontal_Inf_Orb_R	Rolandic_Oper_L	Rolandic_Oper_R	Supp_Motor_Area_L	Supp_Motor_Area_R	Olfactory_L	Olfactory_R	Frontal_Sup_Medial_L	Frontal_Sup_Medial_R	Frontal_Med_Orb_L	Frontal_Med_Orb_R	Rectus_L	Rectus_R	Insula_L	Insula_R	Cingulum_Ant_L	Cingulum_Ant_R	Cingulum_Mid_L	Cingulum_Mid_R	Cingulum_Post_L	Cingulum_Post_R	Hippocampus_L	Hippocampus_R	ParaHippocampal_L	ParaHippocampal_R	Amygdala_L	Amygdala_R	Calcarine_L	Calcarine_R	Cuneus_L	Cuneus_R	Lingual_L	Lingual_R	Occipital_Sup_L	Occipital_Sup_R	Occipital_Mid_L	Occipital_Mid_R	Occipital_Inf_L	Occipital_Inf_R	Fusiform_L	Fusiform_R	Postcentral_L	Postcentral_R	Parietal_Sup_L	Parietal_Sup_R	Parietal_Inf_L	Parietal_Inf_R	SupraMarginal_L	SupraMarginal_R	Angular_L	Angular_R	Precuneus_L	Precuneus_R	Paracentral_Lobule_L	Paracentral_Lobule_R	Caudate_L	Caudate_R	Putamen_L	Putamen_R	Pallidum_L	Pallidum_R	Thalamus_L	Thalamus_R	Heschl_L	Heschl_R	Temporal_Sup_L	Temporal_Sup_R	Temporal_Pole_Sup_L	Temporal_Pole_Sup_R	Temporal_Mid_L	Temporal_Mid_R	Temporal_Pole_Mid_L	Temporal_Pole_Mid_R	Temporal_Inf_L	Temporal_Inf_R	Cerebelum_Crus1_L	Cerebelum_Crus1_R	Cerebelum_Crus2_L	Cerebelum_Crus2_R	Cerebelum_3_L	Cerebelum_3_R	Cerebelum_4_5_L	Cerebelum_4_5_R	Cerebelum_6_L	Cerebelum_6_R	Cerebelum_7b_L	Cerebelum_7b_R	Cerebelum_8_L	Cerebelum_8_R	Cerebelum_9_L	Cerebelum_9_R	Cerebelum_10_L	Cerebelum_10_R	Vermis_1_2	Vermis_3	Vermis_4_5	Vermis_6	Vermis_7	Vermis_8	Vermis_9	Vermis_10	
518992	Precentral_L	0	5716	14930	1430	0	0	12820	0	0	0	13626	0	3270	0	142	0	12074	0	10816	13206	0	0	100	0	0	0	0	0	16622	0	216	0	1132	6504	9992	3796	13116	216	1842	166	0	0	4218	0	1074	0	3044	344	612	0	5278	0	796	0	3094	0	32512	0	202	0	3462	0	2260	0	1090	0	5136	802	17758	284	3480	686	9240	0	2592	0	6538	220	4194	0	3680	0	798	0	750	0	0	0	510	0	0	0	0	0	0	0	2150	0	0	0	0	0	0	0	0	0	0	0	0	0	960	0	0	0	0	0	
516348	Precentral_R	5716	0	3306	16784	0	0	198	13128	0	0	0	28218	0	660	0	0	0	3768	3616	18362	0	0	0	0	0	0	0	0	0	8736	0	520	224	4176	484	7446	0	13884	0	4584	0	0	0	3322	0	1714	0	2220	0	0	0	180	0	128	0	10692	208	37266	0	394	0	1094	0	2056	0	434	0	9578	3228	7160	1332	4416	720	9906	850	1626	3528	12748	0	1358	0	2260	0	148	0	1086	0	0	0	3270	0	224	0	0	0	0	0	506	0	426	0	0	0	0	0	0	0	0	0	0	286	0	0	0	0	0	
990368	Frontal_Sup_L	14930	3306	0	14512	5722	0	65046	1592	4200	0	10622	1936	15380	110	5698	0	5674	1024	99394	27090	0	0	32400	4212	664	182	0	0	30084	1208	15008	7888	6100	7490	712	1086	4154	478	170	262	0	0	124	0	0	0	330	110	0	0	814	0	0	0	404	0	5234	618	228	0	884	0	338	0	136	0	522	534	1658	0	19824	5196	34678	1284	18610	354	10318	626	676	0	656	0	2566	0	0	0	0	0	0	0	0	0	0	0	0	0	0	0	0	0	0	0	0	0	0	0	0	0	0	0	128	0	0	0	0	0	
844416	Frontal_Sup_R	1430	16784	14512	0	0	5586	1942	35286	146	1322	768	8162	766	5764	174	4924	220	5202	21284	68512	0	158	12342	48430	0	7100	0	172	1170	9810	4404	41774	2582	29304	240	284	0	3552	0	1182	0	302	0	0	0	0	0	116	0	0	0	0	0	0	0	956	254	904	0	0	0	0	0	0	0	0	0	146	270	0	1268	29874	1228	17534	642	2430	696	9766	0	0	0	118	0	104	0	0	0	0	0	312	0	0	0	0	0	0	0	0	0	0	0	0	0	0	0	0	0	0	0	0	0	0	0	0	0	0	
103568	Frontal_Sup_Orb_L	0	0	5722	0	0	0	1528	0	8532	0	312	0	1518	0	6370	0	0	0	1822	0	1532	292	3222	0	2096	0	4008	0	5012	0	2424	100	0	0	0	0	0	0	0	0	0	0	0	0	0	0	0	0	0	0	0	0	0	0	0	0	0	0	0	0	0	0	0	0	0	0	0	0	0	0	776	0	6304	0	0	0	0	0	0	0	0	0	214	0	0	0	0	0	0	0	0	0	0	0	0	0	0	0	0	0	0	0	0	0	0	0	0	0	0	0	0	0	0	0	0	0	
96676	Frontal_Sup_Orb_R	0	0	0	5586	0	0	0	1940	0	6092	0	0	0	366	0	3448	0	0	0	982	342	1922	0	2970	0	7098	224	6798	0	1192	0	976	0	226	0	0	0	126	0	0	0	0	0	0	0	0	0	0	0	0	0	0	0	0	0	0	0	0	0	0	0	0	0	0	0	0	0	0	0	0	398	3424	300	3812	0	116	0	0	0	0	0	0	0	0	0	0	0	0	0	0	0	0	0	0	0	0	0	0	0	0	0	0	0	0	0	0	0	0	0	0	0	0	0	0	0	0	
462020	Frontal_Mid_L	12820	198	65046	1942	1528	0	0	286	4384	0	13702	166	24666	0	4984	0	6968	0	23592	1696	0	0	12878	1434	0	0	0	0	22504	0	5896	1458	2780	1034	152	0	1864	0	0	0	0	0	0	0	0	0	100	0	0	0	254	0	0	0	0	0	636	0	102	0	290	0	116	0	0	0	0	0	116	0	1068	510	7930	0	1940	0	1226	0	0	0	1368	0	3376	0	0	0	0	0	0	0	0	0	0	0	0	0	0	0	0	0	0	0	0	0	0	0	0	0	0	0	0	0	0	0	0	0	
296504	Frontal_Mid_R	0	13128	1592	35286	0	1940	286	0	0	1484	0	12136	0	15238	0	4924	0	4262	2780	10484	0	0	610	6492	0	340	0	0	0	9000	102	3214	182	5756	0	132	0	3120	0	768	0	0	0	0	0	0	0	0	0	0	0	0	0	0	0	378	0	1254	0	0	0	0	0	0	0	0	0	0	0	0	162	2916	0	8528	0	672	120	966	0	0	0	0	0	0	0	0	0	0	0	0	0	0	0	0	0	0	0	0	0	0	0	0	0	0	0	0	0	0	0	0	0	0	0	0	0	0	
73908	Frontal_Mid_Orb_L	0	0	4200	146	8532	0	4384	0	0	0	510	0	3276	0	9302	0	0	0	1184	168	0	0	128	0	0	0	274	0	3572	0	102	0	0	0	0	0	0	0	0	0	0	0	0	0	0	0	0	0	0	0	0	0	0	0	0	0	0	0	0	0	0	0	0	0	0	0	0	0	0	0	140	114	922	0	0	0	0	0	0	0	0	0	0	0	0	0	0	0	0	0	0	0	0	0	0	0	0	0	0	0	0	0	0	0	0	0	0	0	0	0	0	0	0	0	0	0	
34084	Frontal_Mid_Orb_R	0	0	0	1322	0	6092	0	1484	0	0	0	0	0	326	0	5690	0	0	0	260	0	0	0	0	0	0	0	0	0	128	0	0	0	0	0	0	0	0	0	0	0	0	0	0	0	0	0	0	0	0	0	0	0	0	0	0	0	0	0	0	0	0	0	0	0	0	0	0	0	0	0	450	0	1290	0	0	0	0	0	0	0	0	0	0	0	0	0	0	0	0	0	0	0	0	0	0	0	0	0	0	0	0	0	0	0	0	0	0	0	0	0	0	0	0	0	0	
258856	Frontal_Inf_Oper_L	13626	0	10622	768	312	0	13702	0	510	0	0	0	14342	0	1046	0	9496	0	6934	824	0	0	1170	0	0	0	0	0	23944	0	1036	124	220	0	0	0	2686	0	144	0	0	0	132	0	0	0	0	0	184	0	1240	0	0	0	444	0	4876	0	150	0	742	0	486	0	402	0	138	0	0	0	1898	2564	3806	0	578	0	0	0	1102	0	2804	0	6242	0	134	0	0	0	0	0	0	0	0	0	0	0	0	0	0	0	0	0	0	0	0	0	0	0	0	0	0	0	0	0	0	0	
304156	Frontal_Inf_Oper_R	0	28218	1936	8162	0	0	166	12136	0	0	0	0	0	7530	0	278	0	10076	2422	6370	0	0	0	486	0	122	0	0	0	15162	112	1358	266	406	0	696	0	6788	0	2532	0	0	0	360	0	144	0	180	0	0	0	0	0	0	0	5204	0	15564	0	0	0	326	0	462	0	0	0	714	0	0	304	3192	194	11848	0	1966	598	1404	0	408	0	1020	0	922	0	176	0	0	0	1708	0	0	0	0	0	0	0	0	0	162	0	0	0	0	0	0	0	0	0	0	0	0	0	0	0	0	
222460	Frontal_Inf_Tri_L	3270	0	15380	766	1518	0	24666	0	3276	0	14342	0	0	0	6948	0	1584	0	5924	920	0	0	918	0	0	0	0	0	23120	0	944	106	0	0	0	0	378	0	0	0	0	0	0	0	0	0	0	0	0	0	0	0	0	0	0	0	370	0	0	0	0	0	0	0	0	0	0	0	0	0	1214	1440	2500	0	0	0	0	0	0	0	460	0	1186	0	0	0	0	0	0	0	0	0	0	0	0	0	0	0	0	0	0	0	0	0	0	0	0	0	0	0	0	0	0	0	0	0	
111740	Frontal_Inf_Tri_R	0	660	110	5764	0	366	0	15238	0	326	0	7530	0	0	0	3976	0	1722	288	2724	0	0	100	904	0	144	0	0	0	6426	0	1500	0	1608	0	0	0	668	0	254	0	0	0	0	0	0	0	0	0	0	0	0	0	0	0	100	0	474	0	0	0	0	0	0	0	0	0	0	0	0	0	730	0	3504	0	356	0	0	0	0	0	104	0	294	0	0	0	0	0	0	0	0	0	0	0	0	0	0	0	0	0	0	0	0	0	0	0	0	0	0	0	0	0	0	0	0	
119252	Frontal_Inf_Orb_L	142	0	5698	174	6370	0	4984	0	9302	0	1046	0	6948	0	0	0	110	0	2714	194	1384	0	182	0	0	0	460	0	12800	0	0	0	0	0	0	0	0	0	308	0	0	0	0	0	0	0	0	0	0	0	0	0	0	0	0	0	0	0	0	0	0	0	0	0	0	0	0	0	0	0	158	166	5694	0	0	0	0	0	0	0	0	0	792	0	0	0	0	0	0	0	0	0	0	0	0	0	0	0	0	0	0	0	0	0	0	0	0	0	0	0	0	0	0	0	0	0	
90868	Frontal_Inf_Orb_R	0	0	0	4924	0	3448	0	4924	0	5690	0	278	0	3976	0	0	0	352	188	1686	0	1434	0	622	0	0	0	752	0	6488	0	174	0	716	0	0	0	556	0	168	0	0	0	0	0	0	0	0	0	0	0	0	0	0	0	164	0	0	0	0	0	0	0	0	0	0	0	0	0	0	0	966	0	4234	0	516	0	0	0	180	0	1346	0	1348	0	198	0	0	0	106	0	0	0	0	0	0	0	0	0	0	0	0	0	0	0	0	0	0	0	0	0	0	0	0	0	0	
221368	Rolandic_Oper_L	12074	0	5674	220	0	0	6968	0	0	0	9496	0	1584	0	110	0	0	0	3696	242	0	0	100	0	0	0	0	0	21834	0	270	132	0	0	0	0	2050	0	116	0	0	0	628	0	106	0	258	0	0	0	2800	0	872	0	1886	0	8500	0	0	0	562	0	2538	0	692	0	526	0	102	0	864	550	1422	0	426	0	130	0	6688	0	8626	0	4160	0	1292	0	0	0	2490	0	0	0	0	0	0	0	0	0	0	0	0	0	0	0	0	0	0	0	0	0	0	0	0	0	0	0	
162384	Rolandic_Oper_R	0	3768	1024	5202	0	0	0	4262	0	0	0	10076	0	1722	0	352	0	0	1536	4784	0	0	0	238	0	0	0	0	0	20338	0	410	392	294	0	0	0	998	0	290	0	0	0	0	0	0	0	0	0	0	0	0	0	0	0	296	0	4354	0	0	0	214	0	2452	0	0	0	108	0	330	0	1292	0	6244	0	1356	0	414	0	2818	0	3172	0	2456	0	0	0	0	0	0	0	0	0	0	0	0	0	0	0	0	0	0	0	0	0	0	0	0	0	0	0	0	0	0	0	0	
790372	Supp_Motor_Area_L	10816	3616	99394	21284	1822	0	23592	2780	1184	0	6934	2422	5924	288	2714	188	3696	1536	0	49498	0	0	9726	8414	0	696	0	0	18814	1832	6978	10674	9260	23442	3992	1192	1088	390	0	134	0	0	112	0	294	0	0	0	112	0	664	0	0	0	254	0	3676	612	0	0	328	0	136	0	110	0	1170	886	6830	168	15076	5464	13308	1582	3746	376	2904	576	446	0	490	0	1546	0	0	0	0	0	0	0	0	0	0	0	0	0	0	0	0	0	0	0	0	0	0	0	0	0	0	0	0	0	0	0	0	0	
854596	Supp_Motor_Area_R	13206	18362	27090	68512	0	982	1696	10484	168	260	824	6370	920	2724	194	1686	242	4784	49498	0	0	0	4186	26800	0	1670	0	0	1226	8186	2856	31326	5628	50840	1180	6608	118	1648	0	300	0	0	0	1012	0	796	0	1396	0	0	0	0	0	0	0	1990	0	1356	0	0	0	210	0	402	0	152	392	8864	7444	9550	1376	24460	2146	8978	1372	520	366	2470	0	258	0	146	0	0	0	0	0	0	0	196	0	0	0	0	0	0	0	500	0	0	0	0	0	0	0	0	0	0	0	0	372	0	0	0	0	0	
54884	Olfactory_L	0	0	0	0	1532	342	0	0	0	0	0	0	0	0	1384	0	0	0	0	0	0	3546	176	130	690	516	1546	656	2464	0	1750	930	0	0	0	0	132	0	1012	0	434	0	0	0	0	0	0	0	0	0	0	0	0	0	0	0	0	0	0	0	0	0	0	0	0	0	0	0	0	0	4666	1728	2332	614	0	0	0	0	0	0	0	0	862	0	0	0	0	0	0	0	0	0	0	0	0	0	0	0	0	0	0	0	0	0	0	0	0	0	0	0	0	0	0	0	0	0	
77448	Olfactory_R	0	0	0	158	292	1922	0	0	0	0	0	0	0	0	0	1434	0	0	0	0	3546	0	0	202	124	1186	836	2834	0	2988	1846	1706	0	0	0	0	0	0	0	0	0	642	0	0	0	0	0	0	0	0	0	0	0	0	0	0	0	0	0	0	0	0	0	0	0	0	0	0	0	0	6348	5874	3850	2354	0	224	0	358	0	0	0	0	0	0	0	0	0	0	0	0	0	0	0	0	0	0	0	0	0	0	0	0	0	0	0	0	0	0	0	0	0	0	0	0	0	0	
326228	Frontal_Sup_Medial_L	100	0	32400	12342	3222	0	12878	610	128	0	1170	0	918	100	182	0	100	0	9726	4186	176	0	0	18364	3260	938	540	0	2880	0	21114	15512	6150	8238	0	0	230	0	0	0	0	0	0	0	0	0	0	0	0	0	0	0	0	0	0	0	0	0	0	0	0	0	0	0	0	0	0	0	0	0	1136	642	5496	376	0	0	0	0	0	0	0	0	0	0	0	0	0	0	0	0	0	0	0	0	0	0	0	0	0	0	0	0	0	0	0	0	0	0	0	0	0	0	0	0	0	0	
428720	Frontal_Sup_Medial_R	0	0	4212	48430	0	2970	1434	6492	0	0	0	486	0	904	0	622	0	238	8414	26800	130	202	18364	0	320	10542	0	1250	148	614	2420	33416	654	24106	0	0	0	1098	0	194	0	0	0	0	0	0	0	0	0	0	0	0	0	0	0	0	0	0	0	0	0	0	0	0	0	0	0	0	0	0	202	9108	358	9978	0	254	0	0	0	0	0	0	0	0	0	0	0	0	0	0	0	0	0	0	0	0	0	0	0	0	0	0	0	0	0	0	0	0	0	0	0	0	0	0	0	0	
35408	Frontal_Med_Orb_L	0	0	664	0	2096	0	0	0	0	0	0	0	0	0	0	0	0	0	0	0	690	124	3260	320	0	676	2538	240	0	0	4104	154	0	0	0	0	0	0	0	0	0	0	0	0	0	0	0	0	0	0	0	0	0	0	0	0	0	0	0	0	0	0	0	0	0	0	0	0	0	0	1392	0	1446	0	0	0	0	0	0	0	0	0	0	0	0	0	0	0	0	0	0	0	0	0	0	0	0	0	0	0	0	0	0	0	0	0	0	0	0	0	0	0	0	0	0	0	
129640	Frontal_Med_Orb_R	0	0	182	7100	0	7098	0	340	0	0	0	122	0	144	0	0	0	0	696	1670	516	1186	938	10542	676	0	704	7930	0	234	338	9352	272	3440	0	0	0	302	0	0	0	0	0	0	0	0	0	0	0	0	0	0	0	0	0	0	0	0	0	0	0	0	0	0	0	0	0	0	0	0	496	5406	330	4660	0	146	0	0	0	0	0	0	0	0	0	0	0	0	0	0	0	0	0	0	0	0	0	0	0	0	0	0	0	0	0	0	0	0	0	0	0	0	0	0	0	0	
36484	Rectus_L	0	0	0	0	4008	224	0	0	274	0	0	0	0	0	460	0	0	0	0	0	1546	836	540	0	2538	704	0	740	388	0	2098	500	0	0	0	0	0	0	0	0	0	0	0	0	0	0	0	0	0	0	0	0	0	0	0	0	0	0	0	0	0	0	0	0	0	0	0	0	0	0	2078	238	1070	0	0	0	0	0	0	0	0	0	0	0	0	0	0	0	0	0	0	0	0	0	0	0	0	0	0	0	0	0	0	0	0	0	0	0	0	0	0	0	0	0	0	0	
57248	Rectus_R	0	0	0	172	0	6798	0	0	0	0	0	0	0	0	0	752	0	0	0	0	656	2834	0	1250	240	7930	740	0	0	1194	188	2246	0	0	0	0	0	0	0	0	0	0	0	0	0	0	0	0	0	0	0	0	0	0	0	0	0	0	0	0	0	0	0	0	0	0	0	0	0	0	698	1604	420	902	0	0	0	0	0	0	0	0	0	0	0	0	0	0	0	0	0	0	0	0	0	0	0	0	0	0	0	0	0	0	0	0	0	0	0	0	0	0	0	0	0	0	
584500	Insula_L	16622	0	30084	1170	5012	0	22504	0	3572	0	23944	0	23120	0	12800	0	21834	0	18814	1226	2464	0	2880	148	0	0	388	0	0	0	2224	914	520	0	100	0	15370	0	1696	0	2302	0	1240	0	118	0	602	0	200	0	7040	0	1804	0	6520	0	8080	0	142	0	884	0	1536	0	2534	0	770	0	114	0	2200	2362	15640	102	628	0	420	0	8206	0	5372	0	8358	0	2086	0	0	0	5464	0	0	0	0	0	0	0	0	0	0	0	0	0	0	0	0	0	0	0	0	0	120	0	0	0	0	0	
352948	Insula_R	0	8736	1208	9810	0	1192	0	9000	0	128	0	15162	0	6426	0	6488	0	20338	1832	8186	0	2988	0	614	0	234	0	1194	0	0	102	728	394	560	0	342	0	10630	0	3048	0	1380	0	142	0	0	0	0	0	0	0	0	0	0	0	6306	0	4966	0	0	0	0	0	318	0	0	0	320	0	492	0	1754	0	24348	0	1324	266	1678	0	2498	0	11120	0	4320	0	1956	0	152	0	2448	0	338	0	0	0	0	0	206	0	802	0	0	0	0	0	0	0	0	0	0	0	0	0	0	0	0	
240632	Cingulum_Ant_L	216	0	15008	4404	2424	0	5896	102	102	0	1036	112	944	0	0	0	270	0	6978	2856	1750	1846	21114	2420	4104	338	2098	188	2224	102	0	11446	8644	2916	1540	0	324	0	0	0	0	0	0	0	0	0	0	0	0	0	0	0	0	0	0	0	0	0	0	0	0	0	0	0	0	0	540	0	0	0	5324	2962	8654	1434	0	0	0	0	0	0	0	0	0	0	0	0	0	0	0	0	0	0	0	0	0	0	0	0	0	0	0	0	0	0	0	0	0	0	0	0	0	0	0	0	0	0	
486516	Cingulum_Ant_R	0	520	7888	41774	100	976	1458	3214	0	0	124	1358	106	1500	0	174	132	410	10674	31326	930	1706	15512	33416	154	9352	500	2246	914	728	11446	0	1588	27576	216	420	0	752	0	204	0	0	0	0	0	0	0	0	0	0	0	0	0	0	0	0	0	202	0	0	0	0	0	0	0	0	0	118	0	0	1704	19534	860	11234	0	212	0	0	0	0	0	0	0	0	0	0	0	0	0	0	0	0	0	0	0	0	0	0	0	0	0	0	0	0	0	0	0	0	0	0	0	0	0	0	0	0	
181672	Cingulum_Mid_L	1132	224	6100	2582	0	0	2780	182	0	0	220	266	0	0	0	0	0	392	9260	5628	0	0	6150	654	0	272	0	0	520	394	8644	1588	0	10018	6122	1642	192	0	0	0	0	0	980	0	2192	194	430	0	2538	0	2578	0	580	0	302	0	610	0	126	0	110	0	0	0	0	0	7756	2348	3110	310	0	110	202	0	0	0	0	0	0	0	0	0	0	0	1020	0	0	0	0	0	0	0	0	0	0	0	126	0	0	0	0	0	0	0	0	0	0	0	0	0	252	0	0	0	0	0	
552552	Cingulum_Mid_R	6504	4176	7490	29304	0	226	1034	5756	0	0	0	406	0	1608	0	716	0	294	23442	50840	0	0	8238	24106	0	3440	0	0	0	560	2916	27576	10018	0	2806	9338	0	506	0	0	0	0	0	1416	110	3758	0	1552	232	678	108	228	0	246	0	704	0	2202	0	0	0	0	0	0	0	0	2306	19938	3784	11906	0	1044	648	1558	654	0	0	0	0	0	0	140	0	0	0	444	0	0	0	418	0	0	0	0	0	0	0	568	0	0	0	0	0	0	0	0	0	0	0	0	334	0	0	0	0	0	
193304	Cingulum_Post_L	9992	484	712	240	0	0	152	0	0	0	0	0	0	0	0	0	0	0	3992	1180	0	0	0	0	0	0	0	0	100	0	1540	216	6122	2806	0	8364	4584	1406	1630	954	0	0	6018	0	2596	184	5052	456	894	0	144	0	0	0	318	266	620	0	0	0	0	0	0	0	0	0	11540	3948	8872	0	332	0	0	0	0	0	3834	262	150	0	0	0	0	0	0	0	0	0	0	0	0	0	0	0	0	0	3778	188	0	0	0	0	0	0	0	0	0	0	0	0	2726	0	0	0	0	0	
213532	Cingulum_Post_R	3796	7446	1086	284	0	0	0	132	0	0	0	696	0	0	0	0	0	0	1192	6608	0	0	0	0	0	0	0	0	0	342	0	420	1642	9338	8364	0	400	7384	0	4228	0	0	0	654	344	1596	0	3520	0	0	0	0	0	0	0	2016	0	754	0	0	0	0	0	0	0	0	1970	13636	2814	2738	1110	214	270	612	350	0	11028	4862	0	0	0	120	0	0	0	0	0	0	0	0	0	0	0	0	0	0	0	1356	0	138	0	0	0	0	0	0	0	0	0	0	3306	0	0	0	0	0	
270084	Hippocampus_L	13116	0	4154	0	0	0	1864	0	0	0	2686	0	378	0	0	0	2050	0	1088	118	132	0	230	0	0	0	0	0	15370	0	324	0	192	0	4584	400	0	0	10276	0	5988	0	3458	0	0	0	6232	104	0	0	798	0	0	0	13056	0	3636	0	0	0	0	0	238	0	0	0	3324	132	230	0	1326	186	8414	0	1446	0	5572	0	4568	0	2194	0	1282	0	2800	0	0	0	8392	0	780	0	0	0	0	0	2404	0	1156	0	0	0	0	0	0	0	0	0	0	0	364	0	0	0	0	0	
447400	Hippocampus_R	216	13884	478	3552	0	126	0	3120	0	0	0	6788	0	668	0	556	0	998	390	1648	0	0	0	1098	0	302	0	0	0	10630	0	752	0	506	1406	7384	0	0	0	38290	0	8870	0	480	0	0	0	3856	0	0	0	0	0	0	0	34578	0	6638	0	0	0	0	0	272	0	0	0	4794	0	102	506	780	176	18730	120	1822	5372	7834	0	852	0	4870	0	3862	0	4508	0	1584	0	10644	0	1540	0	198	0	0	0	2856	0	3900	0	0	0	132	0	124	0	0	116	106	410	0	0	146	130	0	
77364	ParaHippocampal_L	1842	0	170	0	0	0	0	0	0	0	144	0	0	0	308	0	116	0	0	0	1012	0	0	0	0	0	0	0	1696	0	0	0	0	0	1630	0	10276	0	0	0	1692	0	1558	0	0	0	4938	0	0	0	504	0	0	0	5224	0	276	0	0	0	0	0	0	0	0	0	1980	0	0	0	0	0	1014	0	0	0	572	0	118	0	0	0	640	0	0	0	0	0	180	0	382	0	0	0	0	0	1490	0	778	0	0	0	0	0	0	0	0	0	0	142	0	0	0	0	0	0	
284176	ParaHippocampal_R	166	4584	262	1182	0	0	0	768	0	0	0	2532	0	254	0	168	0	290	134	300	0	0	0	194	0	0	0	0	0	3048	0	204	0	0	954	4228	0	38290	0	0	0	7096	0	360	0	0	0	5248	0	0	0	0	0	0	0	25240	0	2432	0	0	0	0	0	0	0	0	0	3382	0	0	362	362	0	7258	0	1128	2994	5276	0	180	0	1672	0	3050	0	2100	0	1470	0	5030	0	852	0	210	0	0	0	4160	0	2972	0	0	0	192	0	218	0	0	166	148	482	0	0	256	234	0	
30204	Amygdala_L	0	0	0	0	0	0	0	0	0	0	0	0	0	0	0	0	0	0	0	0	434	0	0	0	0	0	0	0	2302	0	0	0	0	0	0	0	5988	0	1692	0	0	0	0	0	0	0	0	0	0	0	0	0	0	0	2374	0	0	0	0	0	0	0	0	0	0	0	0	0	0	0	0	0	490	0	0	0	132	0	0	0	0	0	922	0	0	0	0	0	768	0	0	0	0	0	0	0	0	0	0	0	0	0	0	0	0	0	0	0	0	0	0	0	0	0	0	0	
63856	Amygdala_R	0	0	0	302	0	0	0	0	0	0	0	0	0	0	0	0	0	0	0	0	0	642	0	0	0	0	0	0	0	1380	0	0	0	0	0	0	0	8870	0	7096	0	0	0	0	0	0	0	0	0	0	0	0	0	0	0	7060	0	0	0	0	0	0	0	0	0	0	0	0	0	0	0	124	0	408	0	0	0	448	0	0	0	0	0	2844	0	228	0	1232	0	1294	0	0	0	0	0	0	0	0	0	0	0	0	0	0	0	0	0	0	0	0	0	0	0	0	0	0	
300004	Calcarine_L	4218	0	124	0	0	0	0	0	0	0	132	0	0	0	0	0	628	0	112	0	0	0	0	0	0	0	0	0	1240	0	0	0	980	0	6018	0	3458	0	1558	0	0	0	0	2596	12754	1130	22148	876	11720	388	20904	104	5562	0	8112	0	5188	0	0	112	264	0	276	0	520	0	17752	428	3168	0	0	0	0	0	0	0	270	0	920	0	302	0	0	0	4508	0	0	0	550	0	180	0	0	0	0	0	5808	0	180	0	0	0	0	0	0	0	0	0	0	0	4814	0	0	0	0	0	
309124	Calcarine_R	0	3322	0	0	0	0	0	0	0	0	0	360	0	0	0	0	0	0	0	1012	0	0	0	0	0	0	0	0	0	142	0	0	0	1416	0	654	0	480	0	360	0	0	2596	0	2614	26186	268	23202	0	16548	0	9818	0	4452	0	11416	0	4672	0	1112	0	370	0	1288	0	1608	1168	24550	0	1336	0	0	0	244	0	0	0	0	0	0	0	202	0	0	0	7188	0	0	0	3562	0	192	0	0	0	0	0	770	106	260	0	0	0	0	0	0	0	0	0	0	754	224	110	0	0	0	
208680	Cuneus_L	1074	0	0	0	0	0	0	0	0	0	0	0	0	0	0	0	106	0	294	0	0	0	0	0	0	0	0	0	118	0	0	0	2192	110	2596	344	0	0	0	0	0	0	12754	2614	0	5560	2716	0	26250	1398	10582	358	668	0	444	0	2770	0	4062	218	466	0	0	0	126	0	16930	2958	2780	0	0	0	0	0	0	0	0	0	0	0	0	0	0	0	1860	0	0	0	102	0	0	0	0	0	0	0	356	0	0	0	0	0	0	0	0	0	0	0	0	0	1534	0	0	0	0	0	
299780	Cuneus_R	0	1714	0	0	0	0	0	0	0	0	0	144	0	0	0	0	0	0	0	796	0	0	0	0	0	0	0	0	0	0	0	0	194	3758	184	1596	0	0	0	0	0	0	1130	26186	5560	0	0	3286	250	34794	0	11612	0	1660	0	2288	0	4858	0	4376	0	1254	0	456	0	1210	4568	31232	0	2604	0	0	0	0	0	0	0	0	0	0	0	146	0	0	0	2792	0	0	0	948	0	0	0	0	0	0	0	0	0	0	0	0	0	0	0	0	0	0	0	0	294	0	0	0	0	0	
385836	Lingual_L	3044	0	330	0	0	0	100	0	0	0	0	0	0	0	0	0	258	0	0	0	0	0	0	0	0	0	0	0	602	0	0	0	430	0	5052	0	6232	0	4938	0	0	0	22148	268	2716	0	0	3060	4992	0	18844	0	7152	0	16644	0	2002	0	0	0	0	0	0	0	152	0	13496	0	1694	0	0	0	222	0	228	0	1330	0	460	0	0	0	0	0	794	0	0	0	126	0	11194	484	2058	284	0	0	22354	312	21036	842	338	0	744	410	192	0	0	0	0	0	9756	3918	1130	552	0	0	
337936	Lingual_R	344	2220	110	116	0	0	0	0	0	0	0	180	0	0	0	0	0	0	0	1396	0	0	0	0	0	0	0	0	0	0	0	0	0	1552	456	3520	104	3856	0	5248	0	0	876	23202	0	3286	3060	0	0	2856	0	3742	0	4480	202	21226	0	532	0	0	0	0	0	150	0	0	0	12364	0	1656	190	0	0	0	0	0	1012	1086	0	0	0	0	0	0	0	1192	0	0	0	756	2642	10692	1554	1740	0	0	1804	9596	4918	11716	0	0	288	244	0	0	0	0	0	0	7336	10158	4904	406	0	0	
229452	Occipital_Sup_L	612	0	0	0	0	0	0	0	0	0	184	0	0	0	0	0	0	0	112	0	0	0	0	0	0	0	0	0	200	0	0	0	2538	232	894	0	0	0	0	0	0	0	11720	0	26250	250	4992	0	0	0	31334	0	1622	0	1040	0	870	0	7922	0	3242	0	176	0	1094	0	14786	1298	582	0	0	0	0	0	0	0	0	0	0	0	0	0	0	0	2398	0	0	0	0	0	0	0	0	0	0	0	114	0	0	0	0	0	0	0	0	0	0	0	0	0	264	0	0	0	0	0	
231512	Occipital_Sup_R	0	0	0	0	0	0	0	0	0	0	0	0	0	0	0	0	0	0	0	0	0	0	0	0	0	0	0	0	0	0	0	0	0	678	0	0	0	0	0	0	0	0	388	16548	1398	34794	0	2856	0	0	0	19434	0	2342	0	2352	0	2440	0	4868	0	2636	0	330	0	4108	1540	16422	0	844	0	0	0	0	0	0	0	0	0	0	0	120	0	0	0	1406	0	0	0	252	0	0	0	0	0	0	0	0	0	0	0	0	0	0	0	0	0	0	0	0	0	0	0	0	0	0	
517160	Occipital_Mid_L	5278	0	814	0	0	0	254	0	0	0	1240	0	0	0	0	0	2800	0	664	0	0	0	0	0	0	0	0	0	7040	0	0	0	2578	108	144	0	798	0	504	0	0	0	20904	0	10582	0	18844	0	31334	0	0	0	20778	0	12472	0	7962	0	4964	0	19612	0	6326	0	30672	0	11702	476	678	0	0	0	198	0	0	0	0	0	1890	0	2042	0	0	0	24546	0	0	0	8074	0	392	0	0	0	0	0	670	0	644	0	0	0	0	0	0	0	0	0	0	0	596	0	0	0	0	0	
213204	Occipital_Mid_R	0	180	0	0	0	0	0	0	0	0	0	0	0	0	0	0	0	0	0	0	0	0	0	0	0	0	0	0	0	0	0	0	0	228	0	0	0	0	0	0	0	0	104	9818	358	11612	0	3742	0	19434	0	0	0	3642	0	3710	0	2188	0	1546	0	8648	0	1350	0	16104	194	7232	0	410	0	0	0	0	0	0	0	0	0	0	0	630	0	0	0	14216	0	0	0	1256	0	0	0	0	0	0	0	0	0	0	0	0	0	0	0	0	0	0	0	0	0	0	0	0	0	0	
154884	Occipital_Inf_L	796	0	0	0	0	0	0	0	0	0	0	0	0	0	0	0	872	0	0	0	0	0	0	0	0	0	0	0	1804	0	0	0	580	0	0	0	0	0	0	0	0	0	5562	0	668	0	7152	0	1622	0	20778	0	0	0	13118	0	1008	0	0	0	780	0	1176	0	1760	0	1816	198	212	0	0	0	0	0	0	0	0	0	650	0	388	0	0	0	5878	0	0	0	6614	0	560	0	0	0	0	0	1492	0	1602	0	0	0	0	0	0	0	0	0	0	0	356	0	0	0	0	0	
74944	Occipital_Inf_R	0	128	0	0	0	0	0	0	0	0	0	0	0	0	0	0	0	0	0	0	0	0	0	0	0	0	0	0	0	0	0	0	0	246	0	0	0	0	0	0	0	0	0	4452	0	1660	0	4480	0	2342	0	3642	0	0	0	8780	0	158	0	0	0	0	0	804	0	808	0	1746	0	292	0	0	0	0	0	0	0	0	0	0	0	252	0	0	0	2778	0	0	0	4904	0	0	0	0	0	0	0	0	0	0	0	0	0	0	0	0	0	0	0	0	0	0	0	0	0	0	
413248	Fusiform_L	3094	0	404	0	0	0	0	0	0	0	444	0	0	0	0	0	1886	0	254	0	0	0	0	0	0	0	0	0	6520	0	0	0	302	0	318	0	13056	0	5224	0	2374	0	8112	0	444	0	16644	202	1040	0	12472	0	13118	0	0	0	1868	0	0	0	698	0	1330	0	1878	0	4262	0	648	0	0	0	570	0	0	0	288	0	3540	0	2862	0	1482	0	7094	0	1276	0	18696	0	25850	0	1224	0	176	0	14512	0	29760	0	528	0	846	0	0	0	0	0	0	0	1074	254	0	0	0	0	
579636	Fusiform_R	0	10692	0	956	0	0	0	378	0	0	0	5204	0	100	0	164	0	296	0	1990	0	0	0	0	0	0	0	0	0	6306	0	0	0	704	266	2016	0	34578	0	25240	0	7060	0	11416	0	2288	0	21226	0	2352	0	3710	0	8780	0	0	0	6672	0	0	0	164	0	2384	0	156	0	7738	0	760	122	308	0	4998	0	480	1094	1762	0	260	0	5988	0	5520	0	7108	0	2904	0	26056	0	20468	0	1392	0	726	174	13266	134	27390	0	0	0	570	0	670	0	0	414	334	2258	412	0	744	670	0	
308988	Postcentral_L	32512	208	5234	254	0	0	636	0	0	0	4876	0	370	0	0	0	8500	0	3676	0	0	0	0	0	0	0	0	0	8080	0	0	0	610	0	620	0	3636	0	276	0	0	0	5188	0	2770	0	2002	0	870	0	7962	0	1008	0	1868	0	0	0	6320	0	18330	0	6316	0	2996	0	7716	0	3194	0	2342	0	1874	0	768	0	1628	0	4070	0	3418	0	0	0	1678	0	0	0	1058	0	0	0	0	0	0	0	528	0	0	0	0	0	0	0	0	0	0	0	0	0	1102	0	0	0	0	0	
329076	Postcentral_R	0	37266	618	904	0	0	0	1254	0	0	0	15564	0	474	0	0	0	4354	612	1356	0	0	0	0	0	0	0	0	0	4966	0	202	0	2202	0	754	0	6638	0	2432	0	0	0	4672	0	4858	0	532	0	2440	0	2188	0	158	0	6672	0	0	0	3658	0	3996	0	9852	0	896	376	19228	0	5996	168	770	0	6386	0	392	594	1080	0	1202	0	2626	0	0	0	3308	0	0	0	2502	0	132	0	0	0	0	0	0	0	260	0	0	0	0	0	0	0	0	0	0	0	0	0	0	0	0	
92912	Parietal_Sup_L	202	0	228	0	0	0	102	0	0	0	150	0	0	0	0	0	0	0	0	0	0	0	0	0	0	0	0	0	142	0	0	0	126	0	0	0	0	0	0	0	0	0	0	0	4062	0	0	0	7922	0	4964	0	0	0	0	0	6320	0	0	0	8260	0	0	0	1144	0	12150	318	266	0	0	0	0	0	0	0	0	0	0	0	0	0	0	0	0	0	0	0	100	0	0	0	0	0	0	0	0	0	0	0	0	0	0	0	0	0	0	0	0	0	0	0	0	0	0	0	
75368	Parietal_Sup_R	0	394	0	0	0	0	0	0	0	0	0	0	0	0	0	0	0	0	0	0	0	0	0	0	0	0	0	0	0	0	0	0	0	0	0	0	0	0	0	0	0	0	112	1112	218	4376	0	0	0	4868	0	1546	0	0	0	0	0	3658	0	0	0	5148	0	212	0	5084	2134	8322	0	400	0	0	0	0	0	0	0	0	0	0	0	0	0	0	0	100	0	0	0	0	0	0	0	0	0	0	0	0	0	0	0	0	0	0	0	0	0	0	0	0	0	0	0	0	0	0	
218380	Parietal_Inf_L	3462	0	884	0	0	0	290	0	0	0	742	0	0	0	0	0	562	0	328	0	0	0	0	0	0	0	0	0	884	0	0	0	110	0	0	0	0	0	0	0	0	0	264	0	466	0	0	0	3242	0	19612	0	780	0	698	0	18330	0	8260	0	0	0	17666	0	19504	0	3012	0	204	0	0	0	0	0	0	0	0	0	172	0	1508	0	0	0	6206	0	0	0	2004	0	0	0	0	0	0	0	0	0	0	0	0	0	0	0	0	0	0	0	0	0	0	0	0	0	0	0	
101640	Parietal_Inf_R	0	1094	0	0	0	0	0	0	0	0	0	326	0	0	0	0	0	214	0	210	0	0	0	0	0	0	0	0	0	0	0	0	0	0	0	0	0	0	0	0	0	0	0	370	0	1254	0	0	0	2636	0	8648	0	0	0	164	0	3996	0	5148	0	0	0	4560	0	17438	0	3564	0	630	0	0	0	0	0	0	0	0	0	0	0	0	0	0	0	568	0	0	0	0	0	0	0	0	0	0	0	0	0	0	0	0	0	0	0	0	0	0	0	0	0	0	0	0	0	0	
151420	SupraMarginal_L	2260	0	338	0	0	0	116	0	0	0	486	0	0	0	0	0	2538	0	136	0	0	0	0	0	0	0	0	0	1536	0	0	0	0	0	0	0	238	0	0	0	0	0	276	0	0	0	0	0	176	0	6326	0	1176	0	1330	0	6316	0	0	0	17666	0	0	0	11352	0	424	0	0	0	0	0	0	0	0	0	0	0	532	0	6496	0	0	0	10930	0	0	0	5062	0	0	0	0	0	0	0	0	0	0	0	0	0	0	0	0	0	0	0	0	0	0	0	0	0	0	0	
97980	SupraMarginal_R	0	2056	0	0	0	0	0	0	0	0	0	462	0	0	0	0	0	2452	0	402	0	0	0	0	0	0	0	0	0	318	0	0	0	0	0	0	0	272	0	0	0	0	0	1288	0	456	0	150	0	330	0	1350	0	804	0	2384	0	9852	0	212	0	4560	0	0	0	7048	0	2874	0	764	0	0	0	0	0	0	0	0	0	232	0	4734	0	0	0	4694	0	0	0	1296	0	0	0	0	0	0	0	0	0	0	0	0	0	0	0	0	0	0	0	0	0	0	0	0	0	0	
195532	Angular_L	1090	0	136	0	0	0	0	0	0	0	402	0	0	0	0	0	692	0	110	0	0	0	0	0	0	0	0	0	2534	0	0	0	0	0	0	0	0	0	0	0	0	0	520	0	126	0	152	0	1094	0	30672	0	1760	0	1878	0	2996	0	1144	0	19504	0	11352	0	0	0	1138	0	0	0	0	0	0	0	0	0	0	0	332	0	2080	0	0	0	12740	0	0	0	5314	0	0	0	0	0	0	0	0	0	0	0	0	0	0	0	0	0	0	0	0	0	0	0	0	0	0	0	
139060	Angular_R	0	434	0	0	0	0	0	0	0	0	0	0	0	0	0	0	0	0	0	152	0	0	0	0	0	0	0	0	0	0	0	0	0	0	0	0	0	0	0	0	0	0	0	1608	0	1210	0	0	0	4108	0	16104	0	808	0	156	0	896	0	5084	0	17438	0	7048	0	0	0	3820	0	670	0	0	0	0	0	0	0	0	0	0	0	1670	0	0	0	7180	0	0	0	1144	0	0	0	0	0	0	0	0	0	0	0	0	0	0	0	0	0	0	0	0	0	0	0	0	0	0	
380116	Precuneus_L	5136	0	522	0	0	0	0	0	0	0	138	0	0	0	0	0	526	0	1170	392	0	0	0	0	0	0	0	0	770	0	540	0	7756	2306	11540	1970	3324	0	1980	0	0	0	17752	1168	16930	4568	13496	0	14786	1540	11702	194	1816	0	4262	0	7716	376	12150	2134	3012	0	424	0	1138	0	0	13260	7522	276	0	0	0	0	0	0	234	0	534	0	210	0	0	0	3188	0	0	0	408	0	168	0	0	0	0	0	5744	0	438	0	0	0	0	0	0	0	0	0	0	0	4842	0	0	0	0	0	
553120	Precuneus_R	802	9578	534	146	0	0	0	0	0	0	0	714	0	0	0	0	0	108	886	8864	0	0	0	0	0	0	0	0	0	320	0	118	2348	19938	3948	13636	132	4794	0	3382	0	0	428	24550	2958	31232	0	12364	1298	16422	476	7232	198	1746	0	7738	0	19228	318	8322	0	3564	0	2874	0	3820	13260	0	970	17624	186	0	0	414	0	124	1104	1696	0	0	0	1824	0	0	0	13444	0	0	0	4766	0	0	0	0	0	0	0	2370	0	170	0	0	0	0	0	0	0	0	0	0	3592	0	0	0	0	0	
164632	Paracentral_Lobule_L	17758	3228	1658	270	0	0	116	0	0	0	0	0	0	0	0	0	102	0	6830	7444	0	0	0	0	0	0	0	0	114	0	0	0	3110	3784	8872	2814	230	0	0	0	0	0	3168	0	2780	0	1694	0	582	0	678	0	212	0	648	0	3194	0	266	0	204	0	0	0	0	0	7522	970	0	676	500	0	220	0	542	0	132	0	0	0	0	0	0	0	0	0	0	0	0	0	0	0	0	0	0	0	928	0	0	0	0	0	0	0	0	0	0	0	0	0	1070	0	0	0	0	0	
141004	Paracentral_Lobule_R	284	7160	0	0	0	0	0	0	0	0	0	0	0	0	0	0	0	330	168	9550	0	0	0	0	0	0	0	0	0	492	0	0	310	11906	0	2738	0	102	0	0	0	0	0	1336	0	2604	0	1656	0	844	0	410	0	292	0	760	0	5996	0	400	0	630	0	764	0	670	276	17624	676	0	0	0	0	0	0	0	0	0	0	196	0	428	0	0	0	572	0	0	0	468	0	0	0	0	0	0	0	572	0	0	0	0	0	0	0	0	0	0	0	0	288	0	0	0	0	0	
274180	Caudate_L	3480	1332	19824	1268	776	398	1068	162	140	0	1898	304	1214	0	158	0	864	0	15076	1376	4666	6348	1136	202	1392	496	2078	698	2200	0	5324	1704	0	0	332	1110	1326	506	0	362	0	0	0	0	0	0	0	190	0	0	0	0	0	0	0	122	2342	168	0	0	0	0	0	0	0	0	0	186	500	0	0	11580	19038	3124	6576	632	12224	762	168	0	0	0	134	0	0	0	0	0	0	0	0	0	0	0	0	0	0	0	0	0	0	0	0	0	0	0	0	0	0	0	126	0	0	0	0	0	
411060	Caudate_R	686	4416	5196	29874	0	3424	510	2916	114	450	2564	3192	1440	730	166	966	550	1292	5464	24460	1728	5874	642	9108	0	5406	238	1604	2362	1754	2962	19534	110	1044	0	214	186	780	0	362	0	124	0	0	0	0	0	0	0	0	0	0	0	0	0	308	0	770	0	0	0	0	0	0	0	0	0	0	0	0	11580	0	6836	22942	166	3180	1116	15712	0	150	0	130	198	0	0	0	0	0	0	0	0	0	0	0	0	0	0	0	0	0	0	0	0	0	0	0	0	0	0	0	0	0	0	0	0	0	
399072	Putamen_L	9240	720	34678	1228	6304	300	7930	0	922	0	3806	194	2500	0	5694	0	1422	0	13308	2146	2332	3850	5496	358	1446	330	1070	420	15640	0	8654	860	202	648	0	270	8414	176	1014	0	490	0	0	0	0	0	222	0	0	0	198	0	0	0	570	0	1874	0	0	0	0	0	0	0	0	0	0	0	220	0	19038	6836	0	1648	17864	0	7466	168	184	0	268	0	706	0	0	0	0	0	212	0	0	0	0	0	0	0	0	0	0	0	0	0	0	0	0	0	0	0	0	0	0	0	0	0	0	0	
438924	Putamen_R	0	9906	1284	17534	0	3812	0	8528	0	1290	0	11848	0	3504	0	4234	0	6244	1582	8978	614	2354	376	9978	0	4660	0	902	102	24348	1434	11234	0	1558	0	612	0	18730	0	7258	0	408	0	244	0	0	0	0	0	0	0	0	0	0	0	4998	0	6386	0	0	0	0	0	0	0	0	0	414	0	0	3124	22942	1648	0	0	7576	596	1366	0	320	0	2528	0	984	0	394	0	338	0	1476	0	178	0	0	0	0	0	180	0	458	0	0	0	0	0	0	0	0	0	0	0	0	0	0	0	0	
137336	Pallidum_L	2592	850	18610	642	0	0	1940	0	0	0	578	0	0	0	0	0	426	0	3746	1372	0	0	0	0	0	0	0	0	628	0	0	0	0	654	0	350	1446	120	0	0	0	0	0	0	0	0	228	0	0	0	0	0	0	0	0	0	768	0	0	0	0	0	0	0	0	0	0	0	542	0	6576	166	17864	0	0	0	8438	0	0	0	0	0	132	0	0	0	0	0	0	0	0	0	0	0	0	0	0	0	0	0	0	0	0	0	0	0	0	0	0	0	0	0	0	0	0	0	
56480	Pallidum_R	0	1626	354	2430	0	116	0	672	0	0	0	1966	0	356	0	516	0	1356	376	520	0	224	0	254	0	146	0	0	0	1324	0	212	0	0	0	0	0	1822	0	1128	0	0	0	0	0	0	0	0	0	0	0	0	0	0	0	480	0	392	0	0	0	0	0	0	0	0	0	124	0	0	632	3180	0	7576	0	0	0	118	0	0	0	124	0	100	0	0	0	0	0	116	0	0	0	0	0	0	0	0	0	0	0	0	0	0	0	0	0	0	0	0	0	0	0	0	0	0	
206724	Thalamus_L	6538	3528	10318	696	0	0	1226	120	0	0	0	598	0	0	0	0	130	0	2904	366	0	0	0	0	0	0	0	0	420	266	0	0	0	0	3834	11028	5572	5372	572	2994	132	0	270	0	0	0	1330	1012	0	0	0	0	0	0	288	1094	1628	594	0	0	0	0	0	0	0	0	234	1104	132	0	12224	1116	7466	596	8438	0	0	7482	0	0	0	100	0	0	0	0	0	0	0	0	0	0	0	0	0	0	408	188	0	0	0	0	0	0	0	0	0	0	0	0	1044	0	0	0	0	0	
163424	Thalamus_R	220	12748	626	9766	0	0	0	966	0	0	0	1404	0	0	0	0	0	414	576	2470	0	358	0	0	0	0	0	0	0	1678	0	0	0	0	262	4862	0	7834	0	5276	0	448	0	0	0	0	0	1086	0	0	0	0	0	0	0	1762	0	1080	0	0	0	0	0	0	0	0	0	1696	0	0	762	15712	168	1366	0	118	7482	0	0	0	0	224	0	0	0	0	0	0	0	0	0	0	0	0	0	0	0	218	0	0	0	0	0	0	0	0	0	0	0	0	130	0	0	0	0	0	
100236	Heschl_L	4194	0	676	0	0	0	0	0	0	0	1102	0	0	0	0	0	6688	0	446	0	0	0	0	0	0	0	0	0	8206	0	0	0	0	0	150	0	4568	0	118	0	0	0	920	0	0	0	460	0	0	0	1890	0	650	0	3540	0	4070	0	0	0	172	0	532	0	332	0	534	0	0	0	168	0	184	0	0	0	0	0	0	0	5148	0	0	0	2508	0	0	0	2758	0	0	0	0	0	0	0	104	0	0	0	0	0	0	0	0	0	0	0	0	0	0	0	0	0	0	0	
38648	Heschl_R	0	1358	0	0	0	0	0	0	0	0	0	408	0	0	0	180	0	2818	0	258	0	0	0	0	0	0	0	0	0	2498	0	0	0	0	0	0	0	852	0	180	0	0	0	0	0	0	0	0	0	0	0	0	0	0	0	260	0	1202	0	0	0	0	0	232	0	0	0	0	0	196	0	150	0	320	0	0	0	0	0	0	0	6868	0	930	0	614	0	0	0	0	0	0	0	0	0	0	0	0	0	0	0	0	0	0	0	0	0	0	0	0	0	0	0	0	0	0	
170452	Temporal_Sup_L	3680	0	656	0	0	0	1368	0	0	0	2804	0	460	0	0	0	8626	0	490	0	0	0	0	0	0	0	0	0	5372	0	0	0	0	0	0	0	2194	0	0	0	0	0	302	0	0	0	0	0	0	0	2042	0	388	0	2862	0	3418	0	0	0	1508	0	6496	0	2080	0	210	0	0	0	0	0	268	0	0	0	0	0	5148	0	0	0	4762	0	20262	0	0	0	9410	0	216	0	0	0	0	0	0	0	204	0	0	0	0	0	0	0	0	0	0	0	0	0	0	0	0	0	
170516	Temporal_Sup_R	0	2260	0	118	0	0	0	0	0	0	0	1020	0	104	0	1346	0	3172	0	146	0	0	0	0	0	0	0	0	0	11120	0	0	0	140	0	120	0	4870	0	1672	0	0	0	202	0	146	0	0	0	120	0	630	0	252	0	5988	0	2626	0	0	0	0	0	4734	0	1670	0	1824	0	428	0	130	0	2528	0	124	100	224	0	6868	0	0	0	7586	0	15504	0	1358	0	5254	0	166	0	0	0	0	0	244	0	464	0	0	0	0	0	0	0	0	0	0	0	0	0	0	0	0	
90168	Temporal_Pole_Sup_L	798	0	2566	0	214	0	3376	0	0	0	6242	0	1186	0	792	0	4160	0	1546	0	862	0	0	0	0	0	0	0	8358	0	0	0	0	0	0	0	1282	0	640	0	922	0	0	0	0	0	0	0	0	0	0	0	0	0	1482	0	0	0	0	0	0	0	0	0	0	0	0	0	0	0	134	198	706	0	132	0	0	0	0	0	4762	0	0	0	2428	0	526	0	1772	0	0	0	0	0	0	0	0	0	0	0	0	0	0	0	0	0	0	0	0	0	0	0	0	0	0	0	
95036	Temporal_Pole_Sup_R	0	148	0	104	0	0	0	0	0	0	0	922	0	294	0	1348	0	2456	0	0	0	0	0	0	0	0	0	0	0	4320	0	0	0	0	0	0	0	3862	0	3050	0	2844	0	0	0	0	0	0	0	0	0	0	0	0	0	5520	0	0	0	0	0	0	0	0	0	0	0	0	0	0	0	0	0	984	0	100	0	0	0	930	0	7586	0	0	0	2464	0	6360	0	4226	0	0	0	0	0	0	0	0	0	0	0	0	0	0	0	0	0	0	0	0	0	0	0	0	0	0	
300052	Temporal_Mid_L	750	0	0	0	0	0	0	0	0	0	134	0	0	0	0	0	1292	0	0	0	0	0	0	0	0	0	0	0	2086	0	0	0	1020	0	0	0	2800	0	0	0	0	0	4508	0	1860	0	794	0	2398	0	24546	0	5878	0	7094	0	1678	0	0	0	6206	0	10930	0	12740	0	3188	0	0	0	0	0	0	0	0	0	0	0	2508	0	20262	0	2428	0	0	0	2058	0	31760	0	376	0	0	0	0	0	0	0	412	0	0	0	0	0	0	0	0	0	0	0	320	0	0	0	0	0	
252052	Temporal_Mid_R	0	1086	0	0	0	0	0	0	0	0	0	176	0	0	0	198	0	0	0	0	0	0	0	0	0	0	0	0	0	1956	0	0	0	444	0	0	0	4508	0	2100	0	228	0	7188	0	2792	0	1192	0	1406	0	14216	0	2778	0	7108	0	3308	0	100	0	568	0	4694	0	7180	0	13444	0	572	0	0	0	394	0	0	0	0	0	614	0	15504	0	2464	0	0	0	3044	0	26330	0	0	0	0	0	0	0	170	0	264	0	0	0	0	0	0	0	0	0	0	0	0	0	0	0	0	
11744	Temporal_Pole_Mid_L	0	0	0	0	0	0	0	0	0	0	0	0	0	0	0	0	0	0	0	0	0	0	0	0	0	0	0	0	0	0	0	0	0	0	0	0	0	0	0	0	0	0	0	0	0	0	0	0	0	0	0	0	0	0	1276	0	0	0	0	0	0	0	0	0	0	0	0	0	0	0	0	0	0	0	0	0	0	0	0	0	0	0	526	0	2058	0	0	0	2012	0	0	0	0	0	0	0	0	0	0	0	0	0	0	0	0	0	0	0	0	0	0	0	0	0	0	0	
43724	Temporal_Pole_Mid_R	0	0	0	0	0	0	0	0	0	0	0	0	0	0	0	0	0	0	0	0	0	0	0	0	0	0	0	0	0	152	0	0	0	0	0	0	0	1584	0	1470	0	1232	0	0	0	0	0	0	0	0	0	0	0	0	0	2904	0	0	0	0	0	0	0	0	0	0	0	0	0	0	0	0	0	338	0	0	0	0	0	0	0	1358	0	6360	0	3044	0	0	0	3420	0	0	0	0	0	0	0	0	0	0	0	0	0	0	0	0	0	0	0	0	0	0	0	0	0	0	
236320	Temporal_Inf_L	510	0	0	0	0	0	0	0	0	0	0	0	0	0	0	0	2490	0	0	0	0	0	0	0	0	0	0	0	5464	0	0	0	0	0	0	0	8392	0	180	0	768	0	550	0	102	0	126	0	0	0	8074	0	6614	0	18696	0	1058	0	100	0	2004	0	5062	0	5314	0	408	0	0	0	0	0	212	0	0	0	0	0	2758	0	9410	0	1772	0	31760	0	2012	0	0	0	2418	0	380	0	0	0	0	0	1526	0	0	0	0	0	0	0	0	0	0	0	0	0	0	0	0	0	
234004	Temporal_Inf_R	0	3270	0	312	0	0	0	0	0	0	0	1708	0	0	0	106	0	0	0	196	0	0	0	0	0	0	0	0	0	2448	0	0	0	418	0	0	0	10644	0	5030	0	1294	0	3562	0	948	0	756	0	252	0	1256	0	4904	0	26056	0	2502	0	0	0	0	0	1296	0	1144	0	4766	0	468	0	0	0	1476	0	116	0	0	0	0	0	5254	0	4226	0	26330	0	3420	0	0	0	996	0	156	0	0	0	576	0	1116	0	0	0	0	0	0	0	0	0	0	0	0	0	0	0	0	
575792	Cerebelum_Crus1_L	0	0	0	0	0	0	0	0	0	0	0	0	0	0	0	0	0	0	0	0	0	0	0	0	0	0	0	0	0	0	0	0	0	0	0	0	780	0	382	0	0	0	180	0	0	0	11194	2642	0	0	392	0	560	0	25850	0	0	0	0	0	0	0	0	0	0	0	168	0	0	0	0	0	0	0	0	0	0	0	0	0	216	0	0	0	376	0	0	0	2418	0	0	2350	44964	5778	2114	370	33246	1126	66106	2582	16542	1504	19908	5588	3338	296	186	0	266	800	9112	8714	13650	3606	486	106	
444292	Cerebelum_Crus1_R	0	224	0	0	0	0	0	0	0	0	0	0	0	0	0	0	0	0	0	0	0	0	0	0	0	0	0	0	0	338	0	0	0	0	0	0	0	1540	0	852	0	0	0	192	0	0	484	10692	0	0	0	0	0	0	0	20468	0	132	0	0	0	0	0	0	0	0	0	0	0	0	0	0	0	178	0	0	0	0	0	0	0	166	0	0	0	0	0	0	0	996	2350	0	2134	37614	0	1764	1336	22794	2390	60362	186	7776	238	12278	0	1238	0	266	244	614	9470	10318	8912	1880	990	730	
467640	Cerebelum_Crus2_L	0	0	0	0	0	0	0	0	0	0	0	0	0	0	0	0	0	0	0	0	0	0	0	0	0	0	0	0	0	0	0	0	0	0	0	0	0	0	0	0	0	0	0	0	0	0	2058	1554	0	0	0	0	0	0	1224	0	0	0	0	0	0	0	0	0	0	0	0	0	0	0	0	0	0	0	0	0	0	0	0	0	0	0	0	0	0	0	0	0	380	0	44964	2134	0	17854	396	326	2424	826	11034	1956	41464	8966	38016	10642	6150	722	508	0	280	606	4192	5662	21484	7440	558	0	
405452	Cerebelum_Crus2_R	0	0	0	0	0	0	0	0	0	0	0	0	0	0	0	0	0	0	0	0	0	0	0	0	0	0	0	0	0	0	0	0	0	0	0	0	0	198	0	210	0	0	0	0	0	0	284	1740	0	0	0	0	0	0	0	1392	0	0	0	0	0	0	0	0	0	0	0	0	0	0	0	0	0	0	0	0	0	0	0	0	0	0	0	0	0	0	0	0	0	156	5778	37614	17854	0	0	458	682	2570	1330	12746	10844	29632	5810	36136	354	2366	0	380	206	498	4948	3110	18482	6092	756	100	
42648	Cerebelum_3_L	0	0	0	0	0	0	0	0	0	0	0	0	0	0	0	0	0	0	0	0	0	0	0	0	0	0	0	0	0	0	0	0	0	0	0	0	0	0	0	0	0	0	0	0	0	0	0	0	0	0	0	0	0	0	176	0	0	0	0	0	0	0	0	0	0	0	0	0	0	0	0	0	0	0	0	0	0	0	0	0	0	0	0	0	0	0	0	0	0	0	2114	0	396	0	0	302	5598	132	2050	124	250	0	1144	674	1648	308	242	0	1086	2334	1058	0	478	802	408	0	
51304	Cerebelum_3_R	0	0	0	0	0	0	0	0	0	0	0	0	0	0	0	0	0	0	0	0	0	0	0	0	0	0	0	0	0	0	0	0	0	0	0	0	0	0	0	0	0	0	0	0	0	0	0	0	0	0	0	0	0	0	0	726	0	0	0	0	0	0	0	0	0	0	0	0	0	0	0	0	0	0	0	0	0	0	0	0	0	0	0	0	0	0	0	0	0	0	370	1764	326	458	302	0	212	4224	0	3422	362	0	368	1526	0	1478	0	0	1482	3610	1204	0	570	1626	1622	0	
371144	Cerebelum_4_5_L	2150	0	0	0	0	0	0	0	0	0	0	0	0	0	0	0	0	0	0	0	0	0	0	0	0	0	0	0	0	0	0	0	126	0	3778	0	2404	0	1490	0	0	0	5808	0	356	0	22354	1804	114	0	670	0	1492	0	14512	174	528	0	0	0	0	0	0	0	0	0	5744	0	928	0	0	0	0	0	0	0	408	0	104	0	0	0	0	0	0	0	0	0	0	0	33246	1336	2424	682	5598	212	0	656	42332	1842	1404	302	3238	1470	2914	166	0	0	458	1548	12116	4316	1682	1832	480	374	
263472	Cerebelum_4_5_R	0	506	0	0	0	0	0	0	0	0	0	0	0	0	0	0	0	0	0	500	0	0	0	0	0	0	0	0	0	206	0	0	0	568	188	1356	0	2856	0	4160	0	0	0	770	0	0	312	9596	0	0	0	0	0	0	0	13266	0	0	0	0	0	0	0	0	0	0	0	2370	0	572	0	0	0	180	0	0	188	218	0	0	0	244	0	0	0	170	0	0	0	576	1126	22794	826	2570	132	4224	656	0	944	31158	648	346	1104	2816	426	1522	0	0	862	1468	11994	1098	1790	2754	1550	126	
478404	Cerebelum_6_L	0	0	0	0	0	0	0	0	0	0	0	0	0	0	0	0	0	0	0	0	0	0	0	0	0	0	0	0	0	0	0	0	0	0	0	0	1156	0	778	0	0	0	180	106	0	0	21036	4918	0	0	644	0	1602	0	29760	134	0	0	0	0	0	0	0	0	0	0	438	0	0	0	0	0	0	0	0	0	0	0	0	0	204	0	0	0	412	0	0	0	1526	0	66106	2390	11034	1330	2050	0	42332	944	0	2952	4846	268	7112	1466	2480	122	204	0	154	396	11036	11334	5032	2334	386	0	
426012	Cerebelum_6_R	0	426	0	0	0	0	0	0	0	0	0	162	0	0	0	0	0	0	0	0	0	0	0	0	0	0	0	0	0	802	0	0	0	0	0	138	0	3900	0	2972	0	0	0	260	0	0	842	11716	0	0	0	0	0	0	0	27390	0	260	0	0	0	0	0	0	0	0	0	170	0	0	0	0	0	458	0	0	0	0	0	0	0	464	0	0	0	264	0	0	0	1116	2582	60362	1956	12746	124	3422	1842	31158	2952	0	146	1180	314	3614	0	930	0	310	676	1242	13264	10532	7416	2654	1394	850	
381624	Cerebelum_7b_L	0	0	0	0	0	0	0	0	0	0	0	0	0	0	0	0	0	0	0	0	0	0	0	0	0	0	0	0	0	0	0	0	0	0	0	0	0	0	0	0	0	0	0	0	0	0	338	0	0	0	0	0	0	0	528	0	0	0	0	0	0	0	0	0	0	0	0	0	0	0	0	0	0	0	0	0	0	0	0	0	0	0	0	0	0	0	0	0	0	0	16542	186	41464	10844	250	362	1404	648	4846	146	0	9864	47370	11766	9810	2106	1534	0	446	652	3100	562	13014	11060	1704	266	
231576	Cerebelum_7b_R	0	0	0	0	0	0	0	0	0	0	0	0	0	0	0	0	0	0	0	0	0	0	0	0	0	0	0	0	0	0	0	0	0	0	0	0	0	0	0	0	0	0	0	0	0	0	0	0	0	0	0	0	0	0	0	0	0	0	0	0	0	0	0	0	0	0	0	0	0	0	0	0	0	0	0	0	0	0	0	0	0	0	0	0	0	0	0	0	0	0	1504	7776	8966	29632	0	0	302	346	268	1180	9864	0	5878	30364	166	2294	0	380	0	170	1352	170	7968	6710	498	0	
424620	Cerebelum_8_L	0	0	0	0	0	0	0	0	0	0	0	0	0	0	0	0	0	0	0	0	0	0	0	0	0	0	0	0	0	0	0	0	0	0	0	0	0	0	0	0	0	0	0	0	0	0	744	288	0	0	0	0	0	0	846	0	0	0	0	0	0	0	0	0	0	0	0	0	0	0	0	0	0	0	0	0	0	0	0	0	0	0	0	0	0	0	0	0	0	0	19908	238	38016	5810	1144	368	3238	1104	7112	314	47370	5878	0	12626	22612	3616	4010	0	730	940	4444	1520	11802	14108	3148	376	
409788	Cerebelum_8_R	0	0	0	0	0	0	0	0	0	0	0	0	0	0	0	0	0	0	0	0	0	0	0	0	0	0	0	0	0	0	0	0	0	0	0	0	0	132	0	192	0	0	0	0	0	0	410	244	0	0	0	0	0	0	0	570	0	0	0	0	0	0	0	0	0	0	0	0	0	0	0	0	0	0	0	0	0	0	0	0	0	0	0	0	0	0	0	0	0	0	5588	12278	10642	36136	674	1526	1470	2816	1466	3614	11766	30364	12626	0	2704	18734	480	1546	2878	3082	8726	872	13752	14780	4466	360	
139108	Cerebelum_9_L	0	0	0	0	0	0	0	0	0	0	0	0	0	0	0	0	0	0	0	0	0	0	0	0	0	0	0	0	0	0	0	0	0	0	0	0	0	0	0	0	0	0	0	0	0	0	192	0	0	0	0	0	0	0	0	0	0	0	0	0	0	0	0	0	0	0	0	0	0	0	0	0	0	0	0	0	0	0	0	0	0	0	0	0	0	0	0	0	0	0	3338	0	6150	354	1648	0	2914	426	2480	0	9810	166	22612	2704	0	1848	4870	0	120	140	2052	984	2394	2932	1214	206	
125980	Cerebelum_9_R	0	0	0	0	0	0	0	0	0	0	0	0	0	0	0	0	0	0	0	0	0	0	0	0	0	0	0	0	0	0	0	0	0	0	0	0	0	124	0	218	0	0	0	0	0	0	0	0	0	0	0	0	0	0	0	670	0	0	0	0	0	0	0	0	0	0	0	0	0	0	0	0	0	0	0	0	0	0	0	0	0	0	0	0	0	0	0	0	0	0	296	1238	722	2366	308	1478	166	1522	122	930	2106	2294	3616	18734	1848	0	484	2130	2434	1970	656	314	2004	5798	6930	1512	
26888	Cerebelum_10_L	0	0	0	0	0	0	0	0	0	0	0	0	0	0	0	0	0	0	0	0	0	0	0	0	0	0	0	0	0	0	0	0	0	0	0	0	0	0	0	0	0	0	0	0	0	0	0	0	0	0	0	0	0	0	0	0	0	0	0	0	0	0	0	0	0	0	0	0	0	0	0	0	0	0	0	0	0	0	0	0	0	0	0	0	0	0	0	0	0	0	186	0	508	0	242	0	0	0	204	0	1534	0	4010	480	4870	484	0	0	0	0	138	0	180	378	230	0	
10880	Cerebelum_10_R	0	0	0	0	0	0	0	0	0	0	0	0	0	0	0	0	0	0	0	0	0	0	0	0	0	0	0	0	0	0	0	0	0	0	0	0	0	0	0	0	0	0	0	0	0	0	0	0	0	0	0	0	0	0	0	0	0	0	0	0	0	0	0	0	0	0	0	0	0	0	0	0	0	0	0	0	0	0	0	0	0	0	0	0	0	0	0	0	0	0	0	266	0	380	0	0	0	0	0	310	0	380	0	1546	0	2130	0	0	0	0	0	0	0	122	306	0	
52900	Vermis_1_2	0	0	0	0	0	0	0	0	0	0	0	0	0	0	0	0	0	0	0	0	0	0	0	0	0	0	0	0	0	0	0	0	0	0	0	0	0	116	0	166	0	0	0	0	0	0	0	0	0	0	0	0	0	0	0	414	0	0	0	0	0	0	0	0	0	0	0	0	0	0	0	0	0	0	0	0	0	0	0	0	0	0	0	0	0	0	0	0	0	0	266	244	280	206	1086	1482	458	862	154	676	446	0	730	2878	120	2434	0	0	0	5146	1108	0	892	3266	2854	166	
70896	Vermis_3	0	0	0	0	0	0	0	0	0	0	0	0	0	0	0	0	0	0	0	0	0	0	0	0	0	0	0	0	0	0	0	0	0	0	0	0	0	106	142	148	0	0	0	0	0	0	0	0	0	0	0	0	0	0	0	334	0	0	0	0	0	0	0	0	0	0	0	0	0	0	0	0	0	0	0	0	0	0	0	0	0	0	0	0	0	0	0	0	0	0	800	614	606	498	2334	3610	1548	1468	396	1242	652	170	940	3082	140	1970	0	0	5146	0	2084	110	1362	3426	2520	0	
357764	Vermis_4_5	960	286	128	0	0	0	0	0	0	0	0	0	0	0	0	0	0	0	0	372	0	0	0	0	0	0	0	0	120	0	0	0	252	334	2726	3306	364	410	0	482	0	0	4814	754	1534	294	9756	7336	264	0	596	0	356	0	1074	2258	1102	0	0	0	0	0	0	0	0	0	4842	3592	1070	288	126	0	0	0	0	0	1044	130	0	0	0	0	0	0	320	0	0	0	0	0	9112	9470	4192	4948	1058	1204	12116	11994	11036	13264	3100	1352	4444	8726	2052	656	138	0	1108	2084	0	8488	7684	6564	1416	1386	
