data	data	478236	229980	806012	644248	180856	62372	454948	320236	53924	19324	238540	195932	298880	161404	175032	95996	226132	97800	698144	726844	97392	102804	248196	221336	21272	51888	55852	49392	629012	300700	295204	330744	122988	427400	226576	274432	368800	350684	103796	156328	43876	52688	231972	451388	166300	267632	432956	321020	225880	285376	490140	257856	114700	86132	443776	363512	182172	219940	130232	139716	222656	107660	110344	130580	158128	143932	312352	430672	271080	210232	203012	290720	317112	288108	46960	17112	236904	178164	92336	14112	232508	75372	65832	43892	295708	207800	15360	7960	269288	162088	488496	461752	327368	305212	34168	37488	375952	217888	537720	413212	211684	120740	315968	255260	161800	138360	52324	19168	16260	33436	233644	241316	166708	131956	88108	36912	
data	data	Precentral_L	Precentral_R	Frontal_Sup_L	Frontal_Sup_R	Frontal_Sup_Orb_L	Frontal_Sup_Orb_R	Frontal_Mid_L	Frontal_Mid_R	Frontal_Mid_Orb_L	Frontal_Mid_Orb_R	Frontal_Inf_Oper_L	Frontal_Inf_Oper_R	Frontal_Inf_Tri_L	Frontal_Inf_Tri_R	Frontal_Inf_Orb_L	Frontal_Inf_Orb_R	Rolandic_Oper_L	Rolandic_Oper_R	Supp_Motor_Area_L	Supp_Motor_Area_R	Olfactory_L	Olfactory_R	Frontal_Sup_Medial_L	Frontal_Sup_Medial_R	Frontal_Med_Orb_L	Frontal_Med_Orb_R	Rectus_L	Rectus_R	Insula_L	Insula_R	Cingulum_Ant_L	Cingulum_Ant_R	Cingulum_Mid_L	Cingulum_Mid_R	Cingulum_Post_L	Cingulum_Post_R	Hippocampus_L	Hippocampus_R	ParaHippocampal_L	ParaHippocampal_R	Amygdala_L	Amygdala_R	Calcarine_L	Calcarine_R	Cuneus_L	Cuneus_R	Lingual_L	Lingual_R	Occipital_Sup_L	Occipital_Sup_R	Occipital_Mid_L	Occipital_Mid_R	Occipital_Inf_L	Occipital_Inf_R	Fusiform_L	Fusiform_R	Postcentral_L	Postcentral_R	Parietal_Sup_L	Parietal_Sup_R	Parietal_Inf_L	Parietal_Inf_R	SupraMarginal_L	SupraMarginal_R	Angular_L	Angular_R	Precuneus_L	Precuneus_R	Paracentral_Lobule_L	Paracentral_Lobule_R	Caudate_L	Caudate_R	Putamen_L	Putamen_R	Pallidum_L	Pallidum_R	Thalamus_L	Thalamus_R	Heschl_L	Heschl_R	Temporal_Sup_L	Temporal_Sup_R	Temporal_Pole_Sup_L	Temporal_Pole_Sup_R	Temporal_Mid_L	Temporal_Mid_R	Temporal_Pole_Mid_L	Temporal_Pole_Mid_R	Temporal_Inf_L	Temporal_Inf_R	Cerebelum_Crus1_L	Cerebelum_Crus1_R	Cerebelum_Crus2_L	Cerebelum_Crus2_R	Cerebelum_3_L	Cerebelum_3_R	Cerebelum_4_5_L	Cerebelum_4_5_R	Cerebelum_6_L	Cerebelum_6_R	Cerebelum_7b_L	Cerebelum_7b_R	Cerebelum_8_L	Cerebelum_8_R	Cerebelum_9_L	Cerebelum_9_R	Cerebelum_10_L	Cerebelum_10_R	Vermis_1_2	Vermis_3	Vermis_4_5	Vermis_6	Vermis_7	Vermis_8	Vermis_9	Vermis_10	
478236	Precentral_L	0	2402	13040	1376	168	0	19262	576	0	0	10144	324	1218	0	122	0	10280	0	15140	4162	0	0	134	0	0	0	0	0	20394	284	208	0	580	1558	10960	8726	9762	6366	846	546	0	0	396	98	160	0	430	856	278	0	2940	0	308	0	1216	292	21438	106	252	0	2364	0	856	0	516	0	1798	872	21612	2000	2712	362	4766	354	1164	0	14616	3596	3456	0	3784	106	0	0	4694	126	0	0	1476	264	0	0	0	0	0	0	0	0	0	0	0	0	0	0	0	0	0	0	0	0	276	0	0	0	0	0	
229980	Precentral_R	2402	0	2392	7564	0	0	570	8252	0	0	0	5146	0	532	0	0	0	1562	3904	9330	0	0	0	108	0	0	0	0	132	2180	160	570	0	1368	1140	2342	206	7980	0	1290	0	0	0	4446	0	110	0	1510	0	0	0	164	0	428	0	3312	0	15326	0	104	0	160	0	1144	0	262	0	4788	2922	7458	1348	1508	0	602	118	0	3156	4232	0	322	0	1082	0	0	0	470	0	0	0	888	0	0	0	0	0	0	0	0	0	0	0	0	0	0	0	0	0	0	0	0	0	0	0	0	0	0	
806012	Frontal_Sup_L	13040	2392	0	10896	14296	0	56328	3296	964	0	14838	436	22174	200	8912	0	5378	90	79260	17782	764	0	33448	1026	464	0	0	0	36596	348	15822	1162	1692	2800	152	138	6442	612	1196	82	0	0	0	0	0	0	160	0	0	0	100	0	0	0	744	204	1354	460	0	0	242	0	120	0	0	0	112	0	4072	234	6292	994	17262	916	2360	96	5600	2378	2062	0	3050	0	490	0	160	84	0	0	288	146	0	0	0	0	0	0	0	0	0	0	0	0	0	0	0	0	0	0	0	0	0	0	0	0	0	0	
644248	Frontal_Sup_R	1376	7564	10896	0	0	2714	2224	36524	0	256	742	5268	718	3984	196	4048	0	7664	19216	66802	0	294	6400	24060	0	1982	0	572	730	13374	5570	28454	1106	15818	186	348	180	1988	0	678	0	0	0	0	0	0	0	0	0	0	0	0	0	0	0	672	0	886	0	0	0	92	0	166	0	0	0	128	678	0	2986	18344	282	16814	0	1806	266	5552	0	240	0	582	0	374	0	228	0	0	0	96	0	0	0	0	0	0	0	0	0	0	0	0	0	0	0	0	0	0	0	0	0	0	0	0	0	0	
180856	Frontal_Sup_Orb_L	168	0	14296	0	0	0	2530	0	10556	0	0	0	4080	0	15366	0	0	0	414	0	3468	496	4038	0	2676	0	5956	0	12122	0	5234	0	0	0	0	0	0	0	148	0	0	0	0	0	0	0	0	0	0	0	0	0	0	0	0	0	0	0	0	0	0	0	0	0	0	0	0	0	0	0	1884	230	6146	0	0	0	0	0	0	0	0	0	620	0	0	0	0	0	0	0	0	0	0	0	0	0	0	0	0	0	0	0	0	0	0	0	0	0	0	0	0	0	0	0	0	0	
62372	Frontal_Sup_Orb_R	0	0	0	2714	0	0	0	1888	0	2822	0	0	0	332	0	3136	0	0	0	132	310	1492	0	2536	0	4880	108	5070	0	1100	88	684	0	0	0	0	0	0	0	0	0	0	0	0	0	0	0	0	0	0	0	0	0	0	0	0	0	0	0	0	0	0	0	0	0	0	0	0	0	0	310	1310	150	2124	0	0	0	0	0	0	0	0	0	0	0	0	0	0	0	0	0	0	0	0	0	0	0	0	0	0	0	0	0	0	0	0	0	0	0	0	0	0	0	0	0	0	
454948	Frontal_Mid_L	19262	570	56328	2224	2530	0	0	1066	1614	0	21112	114	30070	110	7784	128	5478	0	18122	3040	0	0	12376	218	0	0	0	0	20688	0	8178	382	660	592	98	216	510	0	0	0	0	0	114	0	0	0	0	0	0	0	0	0	0	0	0	0	966	0	0	0	104	0	0	0	0	0	130	0	492	308	1752	1336	2598	0	0	0	2922	1094	696	0	1384	0	0	0	108	0	0	0	0	0	0	0	0	0	0	0	0	0	0	0	0	0	0	0	0	0	0	0	0	0	0	0	0	0	0	0	
320236	Frontal_Mid_R	576	8252	3296	36524	0	1888	1066	0	0	2740	690	9050	596	12540	182	11988	0	2024	8688	12728	0	314	892	4078	0	0	0	116	456	7826	3270	10140	82	5020	360	324	0	1542	0	86	0	0	0	0	0	0	0	0	0	0	0	0	0	0	0	134	0	284	0	0	0	0	0	86	0	0	0	0	268	0	1352	5078	316	4054	0	0	112	458	0	0	0	192	0	352	0	98	0	0	0	0	0	0	0	0	0	0	0	0	0	0	0	0	0	0	0	0	0	0	0	0	0	0	0	0	0	0	
53924	Frontal_Mid_Orb_L	0	0	964	0	10556	0	1614	0	0	0	0	0	1396	0	9342	0	0	0	0	0	128	0	0	0	0	0	2148	0	248	0	0	0	0	0	0	0	0	0	0	0	0	0	0	0	0	0	0	0	0	0	0	0	0	0	0	0	0	0	0	0	0	0	0	0	0	0	0	0	0	0	244	0	322	0	0	0	0	0	0	0	0	0	0	0	0	0	0	0	0	0	0	0	0	0	0	0	0	0	0	0	0	0	0	0	0	0	0	0	0	0	0	0	0	0	0	0	
19324	Frontal_Mid_Orb_R	0	0	0	256	0	2822	0	2740	0	0	0	0	0	504	0	3340	0	0	0	0	0	0	0	0	0	0	0	0	0	0	0	0	0	0	0	0	0	0	0	0	0	0	0	0	0	0	0	0	0	0	0	0	0	0	0	0	0	0	0	0	0	0	0	0	0	0	0	0	0	0	0	0	0	0	0	0	0	0	0	0	0	0	0	0	0	0	0	0	0	0	0	0	0	0	0	0	0	0	0	0	0	0	0	0	0	0	0	0	0	0	0	0	0	0	0	0	
238540	Frontal_Inf_Oper_L	10144	0	14838	742	0	0	21112	690	0	0	0	564	13608	592	0	154	10910	0	8852	172	0	0	500	192	0	0	0	0	17904	92	2530	398	0	0	0	0	712	0	0	0	0	0	0	0	0	0	0	0	0	0	0	0	0	0	158	0	3120	0	0	0	0	0	0	0	0	0	0	0	0	0	578	1508	1106	0	0	0	154	0	850	0	5812	0	1278	0	0	0	0	0	0	0	0	0	0	0	0	0	0	0	0	0	0	0	0	0	0	0	0	0	0	0	0	0	0	0	0	0	
195932	Frontal_Inf_Oper_R	324	5146	436	5268	0	0	114	9050	0	0	564	0	866	14474	0	934	0	4010	1492	4312	0	0	142	590	0	0	0	0	746	17730	1032	6312	0	1950	376	556	0	3564	0	1042	0	0	0	0	0	0	0	88	0	0	0	0	0	90	0	1104	0	1570	0	0	0	92	0	0	0	0	0	216	254	0	726	3028	552	6638	0	0	170	904	0	0	0	208	0	790	0	94	0	0	0	412	0	0	0	0	0	0	0	0	0	0	0	0	0	0	0	0	0	0	0	0	0	0	0	0	0	0	
298880	Frontal_Inf_Tri_L	1218	0	22174	718	4080	0	30070	596	1396	0	13608	866	0	840	14814	0	890	0	8096	238	0	0	3890	0	0	0	0	0	29912	154	6928	154	92	0	0	0	0	0	0	0	0	0	0	0	0	0	0	0	0	0	0	0	0	0	0	0	224	0	0	0	0	0	0	0	0	0	0	0	0	0	2038	1428	3112	0	0	0	106	0	92	0	854	0	852	0	0	0	0	0	0	0	0	0	0	0	0	0	0	0	0	0	0	0	0	0	0	0	0	0	0	0	0	0	0	0	0	0	
161404	Frontal_Inf_Tri_R	0	532	200	3984	0	332	110	12540	0	504	592	14474	840	0	0	4360	0	510	1478	3290	0	0	412	2534	0	0	0	0	726	12186	704	9040	0	3446	0	0	0	248	0	110	0	0	0	0	0	0	0	0	0	0	0	0	0	0	0	0	0	116	0	0	0	0	0	0	0	0	0	0	0	0	786	3868	564	2054	0	0	0	0	0	0	0	0	0	162	0	0	0	0	0	0	0	0	0	0	0	0	0	0	0	0	0	0	0	0	0	0	0	0	0	0	0	0	0	0	0	0	
175032	Frontal_Inf_Orb_L	122	0	8912	196	15366	0	7784	182	9342	0	0	0	14814	0	0	0	0	0	1448	0	2766	250	554	0	0	0	1908	0	14180	0	1676	0	0	0	0	0	0	0	196	0	0	0	0	0	0	0	0	0	0	0	0	0	0	0	0	0	0	0	0	0	0	0	0	0	0	0	0	0	0	0	1850	612	4378	0	0	0	0	0	0	0	0	0	980	0	0	0	0	0	0	0	0	0	0	0	0	0	0	0	0	0	0	0	0	0	0	0	0	0	0	0	0	0	0	0	0	0	
95996	Frontal_Inf_Orb_R	0	0	0	4048	0	3136	128	11988	0	3340	154	934	0	4360	0	0	0	0	102	914	230	1370	0	592	0	248	0	1344	0	7178	0	628	0	468	0	0	0	128	0	96	0	136	0	0	0	0	0	0	0	0	0	0	0	0	0	0	0	0	0	0	0	0	0	0	0	0	0	0	0	0	386	2796	302	2992	0	0	0	0	0	0	0	0	0	0	0	0	0	0	0	0	0	0	0	0	0	0	0	0	0	0	0	0	0	0	0	0	0	0	0	0	0	0	0	0	0	0	
226132	Rolandic_Oper_L	10280	0	5378	0	0	0	5478	0	0	0	10910	0	890	0	0	0	0	0	4014	236	0	0	0	0	0	0	0	0	25400	0	0	0	122	0	0	0	606	0	88	0	0	0	464	0	144	0	556	0	3320	0	5930	0	360	0	598	0	6908	0	850	0	2756	0	3734	0	942	0	1568	0	196	0	0	0	540	0	92	0	202	0	5574	0	11990	0	802	0	1502	0	0	0	636	0	0	0	0	0	0	0	0	0	0	0	0	0	0	0	0	0	0	0	0	0	0	0	0	0	0	0	
97800	Rolandic_Oper_R	0	1562	90	7664	0	0	0	2024	0	0	0	4010	0	510	0	0	0	0	226	6726	0	0	0	0	0	0	0	0	0	11498	0	182	0	726	128	902	0	1250	0	98	0	0	0	0	0	0	0	0	0	0	0	0	0	0	0	236	0	1882	0	208	0	428	0	1524	0	206	0	620	0	0	0	176	0	2204	0	106	0	214	0	1234	0	1322	0	862	0	0	0	0	0	82	0	0	0	0	0	0	0	0	0	0	0	0	0	0	0	0	0	0	0	0	0	0	0	0	0	0	
698144	Supp_Motor_Area_L	15140	3904	79260	19216	414	0	18122	8688	0	0	8852	1492	8096	1478	1448	102	4014	226	0	38992	0	0	3674	3442	0	0	0	0	21588	1020	8228	4266	4998	15600	462	260	9962	502	1256	80	0	0	0	0	0	0	370	122	0	0	112	0	162	0	1596	98	5384	518	0	0	392	0	370	0	0	0	158	0	7658	282	6962	990	20412	1238	7032	224	3660	1506	2066	0	2224	0	0	0	188	80	0	0	486	0	0	0	0	0	0	0	0	0	0	0	0	0	0	0	0	0	0	0	0	0	0	0	0	0	0	0	
726844	Supp_Motor_Area_R	4162	9330	17782	66802	0	132	3040	12728	0	0	172	4312	238	3290	0	914	236	6726	38992	0	0	0	286	4882	0	0	0	0	678	9548	2740	8318	6056	42808	1768	3900	176	2748	0	840	0	0	0	2996	0	0	0	1198	0	274	0	538	0	208	0	1788	0	5580	0	108	0	470	0	594	0	780	84	4842	8226	24316	3086	21752	84	10966	128	1822	1566	16266	0	288	124	784	0	0	0	564	0	0	0	386	0	0	0	0	0	0	0	0	0	0	0	0	0	0	0	0	0	0	0	0	0	0	0	0	0	0	
97392	Olfactory_L	0	0	764	0	3468	310	0	0	128	0	0	0	0	0	2766	230	0	0	0	0	0	7950	0	0	292	82	4030	976	3608	286	3428	1940	0	0	0	0	890	0	450	0	1102	0	0	0	0	0	0	0	0	0	0	0	0	0	530	0	0	0	0	0	0	0	0	0	0	0	0	0	0	0	7502	3624	3666	316	0	0	0	0	0	0	0	0	358	0	0	0	0	0	0	0	0	0	0	0	0	0	0	0	0	0	0	0	0	0	0	0	0	0	0	0	0	0	0	0	0	0	
102804	Olfactory_R	0	0	0	294	496	1492	0	314	0	0	0	0	0	0	250	1370	0	0	0	0	7950	0	0	0	224	1026	2850	3342	130	2828	3470	3054	0	0	0	0	0	202	0	288	92	536	0	0	0	0	0	0	0	0	0	0	0	0	0	96	0	0	0	0	0	0	0	0	0	0	0	0	0	0	8556	6604	4470	1286	82	0	0	0	0	0	0	0	0	100	0	0	0	0	0	0	0	0	0	0	0	0	0	0	0	0	0	0	0	0	0	0	0	0	0	0	0	0	0	0	0	0	
248196	Frontal_Sup_Medial_L	134	0	33448	6400	4038	0	12376	892	0	0	500	142	3890	412	554	0	0	0	3674	286	0	0	0	14694	1440	350	0	0	4166	0	16650	6782	2906	7002	0	0	0	0	0	0	0	0	0	0	0	0	0	0	0	0	0	0	0	0	0	0	0	0	0	0	0	0	0	0	0	0	0	0	0	0	166	306	2890	0	0	0	0	0	0	0	0	0	0	0	0	0	0	0	0	0	0	0	0	0	0	0	0	0	0	0	0	0	0	0	0	0	0	0	0	0	0	0	0	0	0	0	
221336	Frontal_Sup_Medial_R	0	108	1026	24060	0	2536	218	4078	0	0	192	590	0	2534	0	592	0	0	3442	4882	0	0	14694	0	336	4536	0	892	0	1458	4518	18838	300	11546	0	0	0	0	0	0	0	0	0	0	0	0	0	0	0	0	0	0	0	0	0	0	0	0	0	0	0	0	0	0	0	0	0	0	0	0	0	4784	128	4380	0	0	0	0	0	0	0	0	0	0	0	0	0	0	0	0	0	0	0	0	0	0	0	0	0	0	0	0	0	0	0	0	0	0	0	0	0	0	0	0	0	0	
21272	Frontal_Med_Orb_L	0	0	464	0	2676	0	0	0	0	0	0	0	0	0	0	0	0	0	0	0	292	224	1440	336	0	434	628	112	0	0	3046	588	0	0	0	0	0	0	0	0	0	0	0	0	0	0	0	0	0	0	0	0	0	0	0	0	0	0	0	0	0	0	0	0	0	0	0	0	0	0	154	0	242	0	0	0	0	0	0	0	0	0	0	0	0	0	0	0	0	0	0	0	0	0	0	0	0	0	0	0	0	0	0	0	0	0	0	0	0	0	0	0	0	0	0	0	
51888	Frontal_Med_Orb_R	0	0	0	1982	0	4880	0	0	0	0	0	0	0	0	0	248	0	0	0	0	82	1026	350	4536	434	0	0	4912	0	224	764	2580	0	0	0	0	0	0	0	0	0	0	0	0	0	0	0	0	0	0	0	0	0	0	0	0	0	0	0	0	0	0	0	0	0	0	0	0	0	0	0	1736	0	2190	0	0	0	0	0	0	0	0	0	0	0	0	0	0	0	0	0	0	0	0	0	0	0	0	0	0	0	0	0	0	0	0	0	0	0	0	0	0	0	0	0	0	
55852	Rectus_L	0	0	0	0	5956	108	0	0	2148	0	0	0	0	0	1908	0	0	0	0	0	4030	2850	0	0	628	0	0	492	578	0	3648	1420	0	0	0	0	0	0	0	0	0	0	0	0	0	0	0	0	0	0	0	0	0	0	0	0	0	0	0	0	0	0	0	0	0	0	0	0	0	0	2706	888	474	92	0	0	0	0	0	0	0	0	0	0	0	0	0	0	0	0	0	0	0	0	0	0	0	0	0	0	0	0	0	0	0	0	0	0	0	0	0	0	0	0	0	0	
49392	Rectus_R	0	0	0	572	0	5070	0	116	0	0	0	0	0	0	0	1344	0	0	0	0	976	3342	0	892	112	4912	492	0	0	1380	444	1730	0	0	0	0	0	0	0	0	0	0	0	0	0	0	0	0	0	0	0	0	0	0	0	0	0	0	0	0	0	0	0	0	0	0	0	0	0	0	590	1558	248	918	0	0	0	0	0	0	0	0	0	0	0	0	0	0	0	0	0	0	0	0	0	0	0	0	0	0	0	0	0	0	0	0	0	0	0	0	0	0	0	0	0	0	
629012	Insula_L	20394	132	36596	730	12122	0	20688	456	248	0	17904	746	29912	726	14180	0	25400	0	21588	678	3608	130	4166	0	0	0	578	0	0	220	7214	174	372	86	196	84	15954	0	1004	0	2090	0	740	0	110	0	588	0	1048	0	3278	0	256	0	4000	0	2750	0	698	0	2302	0	1436	0	512	0	2186	0	172	90	2752	1428	19624	0	0	0	810	100	7174	0	13032	0	5410	0	2018	0	0	0	3616	0	0	0	0	0	0	0	0	0	0	0	0	0	0	0	0	0	0	0	0	0	0	0	0	0	0	0	
300700	Insula_R	284	2180	348	13374	0	1100	0	7826	0	0	92	17730	154	12186	0	7178	0	11498	1020	9548	286	2828	0	1458	0	224	0	1380	220	0	238	3258	0	2078	470	1326	230	7152	0	2588	0	414	0	150	0	0	0	180	0	0	0	0	0	184	0	2596	0	690	0	0	0	108	0	348	0	108	0	826	242	158	574	4732	398	22376	0	0	294	562	0	1364	0	3016	0	1152	0	1018	0	0	0	606	0	0	0	0	0	0	0	0	0	0	0	0	0	0	0	0	0	0	0	0	0	0	0	0	0	0	
295204	Cingulum_Ant_L	208	160	15822	5570	5234	88	8178	3270	0	0	2530	1032	6928	704	1676	0	0	0	8228	2740	3428	3470	16650	4518	3046	764	3648	444	7214	238	0	18712	4908	3568	622	0	0	274	0	0	0	0	0	0	0	0	0	0	0	0	0	0	0	0	0	0	150	0	0	0	0	0	0	0	0	0	0	0	0	0	3238	1940	7790	426	0	0	0	186	0	0	0	0	0	0	0	0	0	0	0	0	0	0	0	0	0	0	0	0	0	0	0	0	0	0	0	0	0	0	0	0	0	0	0	0	0	0	
330744	Cingulum_Ant_R	0	570	1162	28454	0	684	382	10140	0	0	398	6312	154	9040	0	628	0	182	4266	8318	1940	3054	6782	18838	588	2580	1420	1730	174	3258	18712	0	2224	16436	0	0	0	372	0	0	0	0	0	0	0	0	0	0	0	0	0	0	0	0	0	80	0	0	0	0	0	0	0	0	0	0	0	0	0	0	968	8446	722	6144	0	0	0	214	0	0	0	0	0	0	0	0	0	0	0	0	0	0	0	0	0	0	0	0	0	0	0	0	0	0	0	0	0	0	0	0	0	0	0	0	0	0	
122988	Cingulum_Mid_L	580	0	1692	1106	0	0	660	82	0	0	0	0	92	0	0	0	122	0	4998	6056	0	0	2906	300	0	0	0	0	372	0	4908	2224	0	13494	5068	560	88	0	0	0	0	0	1256	0	560	0	196	0	0	0	1446	0	0	0	0	0	168	0	244	0	258	0	0	0	0	0	5420	454	5102	884	0	0	0	0	0	0	0	0	0	0	88	0	0	0	110	0	0	0	0	0	0	0	0	0	0	0	0	0	0	0	0	0	0	0	0	0	0	0	0	0	0	0	0	0	0	0	
427400	Cingulum_Mid_R	1558	1368	2800	15818	0	0	592	5020	0	0	0	1950	0	3446	0	468	0	726	15600	42808	0	0	7002	11546	0	0	0	0	86	2078	3568	16436	13494	0	2918	4806	0	536	0	122	0	0	0	6038	0	1490	0	1326	0	322	118	606	0	302	0	654	0	5358	0	94	0	326	0	310	0	620	2056	11310	5422	19220	514	502	0	528	0	0	492	102	0	0	0	112	0	0	0	542	0	0	0	590	0	0	0	0	0	0	0	0	0	0	0	0	0	0	0	0	0	0	0	0	0	0	0	0	0	0	
226576	Cingulum_Post_L	10960	1140	152	186	0	0	98	360	0	0	0	376	0	0	0	0	0	128	462	1768	0	0	0	0	0	0	0	0	196	470	622	0	5068	2918	0	15094	10544	6860	1474	782	0	0	5306	246	1390	0	4328	634	84	0	426	0	140	0	590	534	0	402	0	0	0	0	0	0	0	0	10500	3118	11708	1426	110	0	488	394	0	0	7978	2222	0	0	0	134	0	0	270	152	0	0	352	302	0	0	0	0	0	0	0	0	0	0	0	0	0	0	0	0	0	0	0	0	396	0	0	0	0	0	
274432	Cingulum_Post_R	8726	2342	138	348	0	0	216	324	0	0	0	556	0	0	0	0	0	902	260	3900	0	0	0	0	0	0	0	0	84	1326	0	0	560	4806	15094	0	4056	12074	630	1876	0	0	0	3760	286	482	638	4732	0	1126	0	2602	0	744	0	2760	0	2454	0	838	0	650	0	450	0	1570	1752	18850	8598	4000	228	0	320	656	0	0	12044	5254	0	0	0	158	0	0	0	1800	0	0	0	1242	0	0	0	0	0	0	0	0	0	0	0	0	0	0	0	0	0	0	0	0	1004	0	0	0	0	0	
368800	Hippocampus_L	9762	206	6442	180	0	0	510	0	0	0	712	0	0	0	0	0	606	0	9962	176	890	0	0	0	0	0	0	0	15954	230	0	0	88	0	10544	4056	0	2410	13282	316	7806	0	4988	104	296	0	9608	456	0	0	1388	0	856	0	18920	224	280	0	0	0	80	0	0	0	148	0	8398	534	4666	0	906	0	12236	394	888	0	5826	1150	2728	0	4458	106	2310	0	3726	144	0	0	13392	254	0	0	0	0	0	0	192	0	220	0	0	0	0	0	0	0	0	0	0	136	256	0	0	0	0	0	
350684	Hippocampus_R	6366	7980	612	1988	0	0	0	1542	0	0	0	3564	0	248	0	128	0	1250	502	2748	0	202	0	0	0	0	0	0	0	7152	274	372	0	536	6860	12074	2410	0	400	22756	0	7712	0	1608	0	0	430	3234	0	0	0	88	0	756	0	31338	0	1092	0	0	0	180	0	432	0	0	82	5438	5818	1380	458	572	118	12484	0	542	6880	5948	0	116	0	1348	0	928	0	1282	0	0	0	4418	0	0	0	0	0	0	0	252	0	0	0	0	0	0	0	0	0	0	0	0	444	0	0	0	0	0	
103796	ParaHippocampal_L	846	0	1196	0	148	0	0	0	0	0	0	0	0	0	196	0	88	0	1256	0	450	0	0	0	0	0	0	0	1004	0	0	0	0	0	1474	630	13282	400	0	0	2372	0	1526	0	0	0	6486	0	88	0	842	0	308	0	6734	0	0	0	0	0	0	0	0	0	0	0	2904	0	706	0	306	0	3708	86	242	0	736	222	0	0	148	0	932	0	264	0	80	0	1806	0	0	0	0	0	162	0	172	0	98	0	0	0	0	0	0	0	0	0	0	0	0	0	0	0	0	0	
156328	ParaHippocampal_R	546	1290	82	678	0	0	0	86	0	0	0	1042	0	110	0	96	0	98	80	840	0	288	0	0	0	0	0	0	0	2588	0	0	0	122	782	1876	316	22756	0	0	0	5608	0	392	0	0	0	1806	0	0	0	0	0	690	0	20674	0	92	0	0	0	0	0	0	0	0	0	1290	522	262	0	272	0	6118	0	414	704	642	0	0	0	324	0	1524	0	324	0	254	0	1568	0	0	0	0	0	0	0	770	0	0	0	0	0	0	0	0	0	0	0	0	238	0	0	0	0	0	
43876	Amygdala_L	0	0	0	0	0	0	0	0	0	0	0	0	0	0	0	0	0	0	0	0	1102	92	0	0	0	0	0	0	2090	0	0	0	0	0	0	0	7806	0	2372	0	0	0	0	0	0	0	0	0	0	0	0	0	0	0	4510	0	0	0	0	0	0	0	0	0	0	0	0	0	0	0	272	0	476	0	0	0	0	0	0	0	0	0	1616	0	0	0	0	0	1602	0	0	0	0	0	0	0	0	0	0	0	0	0	0	0	0	0	0	0	0	0	0	0	0	0	0	0	
52688	Amygdala_R	0	0	0	0	0	0	0	0	0	0	0	0	0	0	0	136	0	0	0	0	0	536	0	0	0	0	0	0	0	414	0	0	0	0	0	0	0	7712	0	5608	0	0	0	0	0	0	0	0	0	0	0	0	0	0	0	8046	0	0	0	0	0	0	0	0	0	0	0	0	0	0	0	100	0	960	0	0	0	96	0	0	0	0	0	2580	0	0	0	0	0	156	0	0	0	0	0	0	0	0	0	0	0	0	0	0	0	0	0	0	0	0	0	0	0	0	0	0	
231972	Calcarine_L	396	0	0	0	0	0	114	0	0	0	0	0	0	0	0	0	464	0	0	0	0	0	0	0	0	0	0	0	740	0	0	0	1256	0	5306	0	4988	0	1526	0	0	0	0	3916	12864	3810	14878	1572	8722	1436	18414	400	3184	82	3180	102	0	0	250	0	140	0	0	0	430	0	21354	436	108	0	0	0	0	0	0	0	0	0	436	0	126	0	0	0	2196	0	0	0	2258	0	106	0	0	0	0	0	0	0	412	0	0	0	0	0	0	0	0	0	0	0	194	190	0	0	0	0	
451388	Calcarine_R	98	4446	0	0	0	0	0	0	0	0	0	0	0	0	0	0	0	0	0	2996	0	0	0	0	0	0	0	0	0	150	0	0	0	6038	246	3760	104	1608	0	392	0	0	3916	0	4144	30264	1586	22118	642	24184	146	16952	0	7668	0	5722	0	11376	0	2778	0	4304	0	3634	0	2110	1548	41408	96	7076	0	0	0	0	0	0	112	0	0	0	0	156	0	0	0	6454	0	0	0	5954	0	0	0	0	0	0	0	294	0	268	0	0	0	0	0	0	0	0	0	0	856	90	0	0	0	0	
166300	Cuneus_L	160	0	0	0	0	0	0	0	0	0	0	0	0	0	0	0	144	0	0	0	0	0	0	0	0	0	0	0	110	0	0	0	560	0	1390	286	296	0	0	0	0	0	12864	4144	0	8474	2158	154	19650	2498	12254	222	430	0	374	0	0	0	1816	0	0	0	0	0	0	0	13358	830	290	0	0	0	0	0	0	0	0	0	82	0	0	0	0	0	490	0	0	0	116	0	0	0	0	0	0	0	0	0	0	0	0	0	0	0	0	0	0	0	0	0	0	0	0	0	0	0	
267632	Cuneus_R	0	110	0	0	0	0	0	0	0	0	0	0	0	0	0	0	0	0	0	0	0	0	0	0	0	0	0	0	0	0	0	0	0	1490	0	482	0	0	0	0	0	0	3810	30264	8474	0	882	3838	1308	34432	306	14344	0	2570	0	458	0	234	0	4710	0	192	0	178	0	2432	2952	15376	0	290	0	0	0	0	0	0	0	0	0	0	0	0	0	0	0	4004	0	0	0	592	0	0	0	0	0	0	0	0	0	0	0	0	0	0	0	0	0	0	0	0	88	0	0	0	0	0	
432956	Lingual_L	430	0	160	0	0	0	0	0	0	0	0	0	0	0	0	0	556	0	370	0	0	0	0	0	0	0	0	0	588	0	0	0	196	0	4328	638	9608	430	6486	0	0	0	14878	1586	2158	882	0	4832	3260	670	15844	100	7050	130	26394	878	270	0	0	0	644	0	248	0	980	0	11606	172	538	0	0	0	594	92	0	0	810	240	346	0	634	0	0	0	2772	0	0	0	2044	0	14724	1906	2016	344	284	318	22294	2304	25104	2936	0	0	82	84	806	796	0	0	98	360	8342	6550	1130	0	710	848	
321020	Lingual_R	856	1510	0	0	0	0	0	0	0	0	0	88	0	0	0	0	0	0	122	1198	0	0	0	0	0	0	0	0	0	180	0	0	0	1326	634	4732	456	3234	0	1806	0	0	1572	22118	154	3838	4832	0	0	5960	596	3676	344	4344	1844	14628	0	2712	0	546	0	254	0	292	0	1408	158	17054	622	2534	0	0	258	0	0	0	1526	398	0	0	0	0	0	0	0	830	0	0	0	774	2242	4106	892	1074	0	102	2386	6046	6296	7924	88	0	248	0	136	0	90	0	0	164	7150	9668	2484	0	0	0	
225880	Occipital_Sup_L	278	0	0	0	0	0	0	0	0	0	0	0	0	0	0	0	3320	0	0	0	0	0	0	0	0	0	0	0	1048	0	0	0	0	0	84	0	0	0	88	0	0	0	8722	642	19650	1308	3260	0	0	308	34926	0	790	0	852	0	342	0	8320	0	5688	0	2076	0	2960	0	11562	0	0	0	0	0	0	0	0	0	0	0	1416	0	1664	0	0	0	3550	0	0	0	0	0	0	0	0	0	0	0	0	0	86	0	0	0	0	0	0	0	0	0	0	0	0	0	0	0	0	0	
285376	Occipital_Sup_R	0	0	0	0	0	0	0	0	0	0	0	0	0	0	0	0	0	0	0	274	0	0	0	0	0	0	0	0	0	0	0	0	0	322	0	1126	0	0	0	0	0	0	1436	24184	2498	34432	670	5960	308	0	0	29354	0	2974	0	524	0	256	0	10986	0	530	0	312	0	10462	118	7740	0	400	0	0	0	0	0	0	0	0	0	0	0	220	0	0	0	6976	0	0	0	626	0	0	0	0	0	0	0	0	0	0	0	0	0	0	0	0	0	0	0	0	0	0	0	0	0	0	
490140	Occipital_Mid_L	2940	0	100	0	0	0	0	0	0	0	0	0	0	0	0	0	5930	0	112	0	0	0	0	0	0	0	0	0	3278	0	0	0	1446	118	426	0	1388	0	842	0	0	0	18414	146	12254	306	15844	596	34926	0	0	0	17446	0	6766	0	1422	0	13652	0	17000	0	2470	0	21660	0	17072	138	1148	0	0	0	0	0	0	0	0	0	3128	0	5028	0	0	0	27402	0	0	0	8454	0	202	0	0	0	0	0	388	0	1422	0	0	0	0	0	0	0	0	0	0	0	390	816	0	0	0	0	
257856	Occipital_Mid_R	0	164	0	0	0	0	0	0	0	0	0	0	0	0	0	0	0	0	0	538	0	0	0	0	0	0	0	0	0	0	0	0	0	606	0	2602	0	88	0	0	0	0	400	16952	222	14344	100	3676	0	29354	0	0	0	4866	0	826	0	438	0	8896	0	1984	0	268	0	14094	0	5770	0	780	0	0	0	0	0	0	0	0	0	0	0	234	0	0	0	18928	0	0	0	2714	0	0	0	0	0	0	0	84	0	0	0	0	0	0	0	0	0	0	0	0	0	0	0	0	0	0	
114700	Occipital_Inf_L	308	0	0	0	0	0	0	0	0	0	0	0	0	0	0	0	360	0	162	0	0	0	0	0	0	0	0	0	256	0	0	0	0	0	140	0	856	0	308	0	0	0	3184	0	430	0	7050	344	790	0	17446	0	0	0	8880	0	82	0	0	0	0	0	190	0	146	0	1852	0	0	0	0	0	110	0	0	0	0	0	184	0	966	0	0	0	2450	0	0	0	6362	0	436	0	0	0	0	0	986	124	1894	0	0	0	0	0	0	0	0	0	0	0	584	470	0	0	0	0	
86132	Occipital_Inf_R	0	428	0	0	0	0	0	0	0	0	0	90	0	0	0	0	0	0	0	208	0	0	0	0	0	0	0	0	0	184	0	0	0	302	0	744	0	756	0	690	0	0	82	7668	0	2570	130	4344	0	2974	0	4866	0	0	0	6374	0	154	0	0	0	130	0	150	0	212	0	1748	0	248	0	0	0	0	0	0	0	0	0	0	0	0	0	0	0	1554	0	0	0	4354	0	0	0	0	0	0	0	680	0	644	0	0	0	0	0	0	0	0	0	0	600	182	0	0	0	0	
443776	Fusiform_L	1216	0	744	0	0	0	0	0	0	0	158	0	0	0	0	0	598	0	1596	0	530	0	0	0	0	0	0	0	4000	0	0	0	0	0	590	0	18920	0	6734	0	4510	0	3180	0	374	0	26394	1844	852	0	6766	0	8880	0	0	124	150	0	0	0	600	0	460	0	774	0	3352	0	228	0	186	0	2332	0	0	0	0	0	914	0	4634	0	1514	0	4404	0	298	0	23048	0	27740	206	1278	108	148	0	20864	504	34004	880	0	0	100	0	0	0	0	0	0	0	1854	2780	518	0	0	0	
363512	Fusiform_R	292	3312	204	672	0	0	0	134	0	0	0	1104	0	0	0	0	0	236	98	1788	0	96	0	0	0	0	0	0	0	2596	0	80	0	654	534	2760	224	31338	0	20674	0	8046	102	5722	0	458	878	14628	0	524	0	826	0	6374	124	0	0	1112	0	0	0	420	0	1516	0	350	0	3904	288	1416	212	168	0	6950	0	198	350	530	0	0	0	914	0	3174	0	1426	0	598	0	10258	0	11730	0	96	0	0	1082	9652	716	14306	0	0	0	148	156	0	0	0	0	0	4412	1196	0	0	0	0	
182172	Postcentral_L	21438	0	1354	0	0	0	966	0	0	0	3120	0	224	0	0	0	6908	0	5384	0	0	0	0	0	0	0	0	0	2750	0	150	0	168	0	0	0	280	0	0	0	0	0	0	0	0	0	270	0	342	0	1422	0	82	0	150	0	0	0	6228	0	19486	0	7906	0	370	0	2116	0	1956	0	2186	0	146	0	0	0	0	0	1230	0	2394	0	0	0	1618	0	0	0	442	0	0	0	0	0	0	0	0	0	0	0	0	0	0	0	0	0	0	0	0	0	0	0	0	0	0	0	
219940	Postcentral_R	106	15326	460	886	0	0	0	284	0	0	0	1570	0	116	0	0	0	1882	518	5580	0	0	0	0	0	0	0	0	0	690	0	0	0	5358	402	2454	0	1092	0	92	0	0	0	11376	0	234	0	2712	0	256	0	438	0	154	0	1112	0	0	0	9392	0	7378	0	10238	0	1300	110	14560	140	8718	256	0	0	216	0	0	0	248	0	104	0	764	0	0	0	1952	0	0	0	1496	0	0	0	0	0	0	0	0	0	0	0	0	0	0	0	0	0	0	0	0	0	0	0	0	0	0	
130232	Parietal_Sup_L	252	0	0	0	0	0	0	0	0	0	0	0	0	0	0	0	850	0	0	0	0	0	0	0	0	0	0	0	698	0	0	0	244	0	0	0	0	0	0	0	0	0	250	0	1816	0	0	0	8320	0	13652	0	0	0	0	0	6228	0	0	0	15566	0	148	0	5206	0	9372	0	534	0	0	0	0	0	0	0	0	0	330	0	384	0	0	0	1266	0	0	0	0	0	0	0	0	0	0	0	0	0	0	0	0	0	0	0	0	0	0	0	0	0	0	0	0	0	0	0	
139716	Parietal_Sup_R	0	104	0	0	0	0	0	0	0	0	0	0	0	0	0	0	0	208	0	108	0	0	0	0	0	0	0	0	0	0	0	0	0	94	0	838	0	0	0	0	0	0	0	2778	0	4710	0	546	0	10986	0	8896	0	0	0	0	0	9392	0	0	0	9462	0	2678	0	7370	458	9024	0	222	0	0	0	0	0	0	0	0	0	0	0	0	0	0	0	1622	0	0	0	362	0	0	0	0	0	0	0	0	0	0	0	0	0	0	0	0	0	0	0	0	0	0	0	0	0	0	
222656	Parietal_Inf_L	2364	0	242	0	0	0	104	0	0	0	0	0	0	0	0	0	2756	0	392	0	0	0	0	0	0	0	0	0	2302	0	0	0	258	0	0	0	80	0	0	0	0	0	140	0	0	0	644	0	5688	0	17000	0	0	0	600	0	19486	0	15566	0	0	0	13562	0	18144	0	2222	0	990	0	0	0	0	0	0	0	0	0	746	0	1208	0	0	0	4342	0	0	0	2492	0	0	0	0	0	0	0	0	0	0	0	0	0	0	0	0	0	0	0	0	0	0	0	0	0	0	0	
107660	Parietal_Inf_R	0	160	0	92	0	0	0	0	0	0	0	92	0	0	0	0	0	428	0	470	0	0	0	0	0	0	0	0	0	108	0	0	0	326	0	650	0	180	0	0	0	0	0	4304	0	192	0	254	0	530	0	1984	0	130	0	420	0	7378	0	9462	0	0	0	10266	0	8648	0	4490	0	574	0	0	0	0	0	0	0	0	0	0	0	92	0	0	0	1224	0	0	0	1376	0	0	0	0	0	0	0	0	0	0	0	0	0	0	0	0	0	0	0	0	0	0	0	0	0	0	
110344	SupraMarginal_L	856	0	120	0	0	0	0	0	0	0	0	0	0	0	0	0	3734	0	370	0	0	0	0	0	0	0	0	0	1436	0	0	0	0	0	0	0	0	0	0	0	0	0	0	0	0	0	248	0	2076	0	2470	0	190	0	460	0	7906	0	148	0	13562	0	0	0	6532	0	266	0	90	0	0	0	0	0	0	0	0	0	334	0	4724	0	0	0	6388	0	0	0	3262	0	0	0	0	0	0	0	0	0	0	0	0	0	0	0	0	0	0	0	0	0	0	0	0	0	0	0	
130580	SupraMarginal_R	0	1144	0	166	0	0	0	86	0	0	0	0	0	0	0	0	0	1524	0	594	0	0	0	0	0	0	0	0	0	348	0	0	0	310	0	450	0	432	0	0	0	0	0	3634	0	178	0	292	0	312	0	268	0	150	0	1516	0	10238	0	2678	0	10266	0	0	0	5574	0	3532	0	586	0	0	0	104	0	0	0	142	0	454	0	6508	0	0	0	9006	0	0	0	4798	0	0	0	0	0	0	0	0	0	0	0	0	0	0	0	0	0	0	0	0	0	0	0	0	0	0	
158128	Angular_L	516	0	0	0	0	0	0	0	0	0	0	0	0	0	0	0	942	0	0	0	0	0	0	0	0	0	0	0	512	0	0	0	0	0	0	0	148	0	0	0	0	0	430	0	0	0	980	0	2960	0	21660	0	146	0	774	0	370	0	5206	0	18144	0	6532	0	0	0	652	0	142	0	0	0	0	0	0	0	0	0	630	0	2178	0	0	0	11790	0	0	0	4352	0	0	0	0	0	0	0	0	0	0	0	0	0	0	0	0	0	0	0	0	0	0	0	0	0	0	0	
143932	Angular_R	0	262	0	0	0	0	0	0	0	0	0	0	0	0	0	0	0	206	0	780	0	0	0	0	0	0	0	0	0	108	0	0	0	620	0	1570	0	0	0	0	0	0	0	2110	0	2432	0	1408	0	10462	0	14094	0	212	0	350	0	1300	0	7370	0	8648	0	5574	0	0	0	4102	0	1050	0	0	0	0	0	0	0	0	0	0	0	2108	0	0	0	6060	0	0	0	1140	0	0	0	0	0	0	0	0	0	0	0	0	0	0	0	0	0	0	0	0	0	0	0	0	0	0	
312352	Precuneus_L	1798	0	112	0	0	0	130	0	0	0	0	0	0	0	0	0	1568	0	158	84	0	0	0	0	0	0	0	0	2186	0	0	0	5420	2056	10500	1752	8398	82	2904	0	0	0	21354	1548	13358	2952	11606	158	11562	118	17072	0	1852	0	3352	0	2116	110	9372	458	2222	0	266	0	652	0	0	9188	2418	138	0	0	122	0	0	0	158	0	846	0	482	0	0	0	3404	0	0	0	1658	0	0	0	0	0	0	0	106	0	140	0	0	0	0	0	0	0	0	0	0	0	240	0	0	0	0	0	
430672	Precuneus_R	872	4788	0	128	0	0	0	0	0	0	0	216	0	0	0	0	0	620	0	4842	0	0	0	0	0	0	0	0	0	826	0	0	454	11310	3118	18850	534	5438	0	1290	0	0	436	41408	830	15376	172	17054	0	7740	138	5770	0	1748	0	3904	0	14560	0	9024	0	4490	0	3532	0	4102	9188	0	800	10326	0	0	82	196	0	0	854	292	0	0	0	186	0	0	0	4552	0	0	0	3522	0	0	0	0	0	0	0	118	0	108	0	0	0	0	0	0	0	0	0	0	1542	0	0	0	0	0	
271080	Paracentral_Lobule_L	21612	2922	4072	678	0	0	492	268	0	0	0	254	0	0	0	0	196	0	7658	8226	0	0	0	0	0	0	0	0	172	242	0	0	5102	5422	11708	8598	4666	5818	706	522	0	0	108	96	290	0	538	622	0	0	1148	0	0	0	228	288	1956	140	534	0	990	0	90	0	142	0	2418	800	0	4770	1394	0	3856	318	2908	0	16644	3498	176	0	186	106	0	0	1202	128	0	0	176	260	0	0	0	0	0	0	0	0	0	0	0	0	0	0	0	0	0	0	0	0	196	0	0	0	0	0	
210232	Paracentral_Lobule_R	2000	7458	234	0	0	0	308	0	0	0	0	0	0	0	0	0	0	0	282	24316	0	0	0	0	0	0	0	0	90	158	0	0	884	19220	1426	4000	0	1380	0	262	0	0	0	7076	0	290	0	2534	0	400	0	780	0	248	0	1416	0	8718	0	222	0	574	0	586	0	1050	138	10326	4770	0	1094	0	0	0	116	0	892	0	0	0	0	422	0	0	0	862	0	0	0	584	0	0	0	0	0	0	0	0	0	0	0	0	0	0	0	0	0	0	0	0	0	0	0	0	0	0	
203012	Caudate_L	2712	1348	6292	2986	1884	310	1752	1352	244	0	578	726	2038	786	1850	386	0	0	6962	3086	7502	8556	166	0	154	0	2706	590	2752	574	3238	968	0	514	110	228	906	458	306	0	272	0	0	0	0	0	0	0	0	0	0	0	0	0	186	212	2186	256	0	0	0	0	0	0	0	0	0	0	1394	1094	0	9702	9866	1520	904	0	7698	974	0	0	80	0	0	0	0	0	0	0	0	142	0	0	0	0	0	0	0	0	0	0	0	0	0	0	0	0	0	0	0	0	0	0	0	0	0	0	
290720	Caudate_R	362	1508	994	18344	230	1310	1336	5078	0	0	1508	3028	1428	3868	612	2796	0	176	990	21752	3624	6604	306	4784	0	1736	888	1558	1428	4732	1940	8446	0	502	0	0	0	572	0	272	0	100	0	0	0	0	0	0	0	0	0	0	0	0	0	168	0	0	0	0	0	0	0	0	0	0	0	0	0	0	9702	0	3572	14856	0	1282	668	12300	0	0	0	0	0	0	0	0	0	0	0	0	0	0	0	0	0	0	0	0	0	0	0	0	0	0	0	0	0	0	0	0	0	0	0	0	0	0	
317112	Putamen_L	4766	0	17262	282	6146	150	2598	316	322	0	1106	552	3112	564	4378	302	540	0	20412	84	3666	4470	2890	128	242	0	474	248	19624	398	7790	722	0	0	488	320	12236	118	3708	0	476	0	0	0	0	0	594	258	0	0	0	0	110	0	2332	0	146	0	0	0	0	0	0	0	0	0	122	82	3856	0	9866	3572	0	690	6484	0	3818	302	232	0	2000	0	1770	0	94	0	0	0	1338	0	0	0	0	0	0	0	0	0	0	0	0	0	0	0	0	0	0	0	0	0	0	0	0	0	0	0	
288108	Putamen_R	354	602	916	16814	0	2124	0	4054	0	0	0	6638	0	2054	0	2992	0	2204	1238	10966	316	1286	0	4380	0	2190	92	918	0	22376	426	6144	0	528	394	656	394	12484	86	6118	0	960	0	0	0	0	92	0	0	0	0	0	0	0	0	6950	0	216	0	0	0	0	0	104	0	0	0	196	318	0	1520	14856	690	0	0	1986	466	2586	0	104	0	600	0	622	0	502	0	0	0	1542	0	0	0	0	0	0	0	0	0	0	0	0	0	0	0	0	0	0	0	0	0	0	0	0	0	0	
46960	Pallidum_L	1164	118	2360	0	0	0	0	0	0	0	0	0	0	0	0	0	92	0	7032	128	0	82	0	0	0	0	0	0	0	0	0	0	0	0	0	0	888	0	242	0	0	0	0	0	0	0	0	0	0	0	0	0	0	0	0	0	0	0	0	0	0	0	0	0	0	0	0	0	2908	116	904	0	6484	0	0	0	962	0	0	0	0	0	0	0	0	0	0	0	0	0	0	0	0	0	0	0	0	0	0	0	0	0	0	0	0	0	0	0	0	0	0	0	0	0	0	0	
17112	Pallidum_R	0	0	96	1806	0	0	0	0	0	0	0	0	0	0	0	0	0	106	224	1822	0	0	0	0	0	0	0	0	0	0	0	0	0	0	0	0	0	542	0	414	0	0	0	0	0	0	0	0	0	0	0	0	0	0	0	198	0	0	0	0	0	0	0	0	0	0	0	0	0	0	0	1282	0	1986	0	0	0	80	0	0	0	0	0	0	0	0	0	0	0	0	0	0	0	0	0	0	0	0	0	0	0	0	0	0	0	0	0	0	0	0	0	0	0	0	0	0	
236904	Thalamus_L	14616	3156	5600	266	0	0	2922	112	0	0	154	170	106	0	0	0	202	0	3660	1566	0	0	0	0	0	0	0	0	810	294	0	0	0	492	7978	12044	5826	6880	736	704	0	0	0	112	0	0	810	1526	0	0	0	0	0	0	0	350	0	0	0	0	0	0	0	0	0	0	158	854	16644	892	7698	668	3818	466	962	0	0	13874	0	0	142	122	0	0	0	156	0	0	148	304	0	0	0	0	0	0	0	0	0	0	0	0	0	0	0	0	0	0	0	86	368	0	0	0	0	0	
178164	Thalamus_R	3596	4232	2378	5552	0	0	1094	458	0	0	0	904	0	0	0	0	0	214	1506	16266	0	0	0	0	0	0	0	0	100	562	186	214	0	102	2222	5254	1150	5948	222	642	0	96	0	0	0	0	240	398	0	0	0	0	0	0	0	530	0	248	0	0	0	0	0	142	0	0	0	292	3498	0	974	12300	302	2586	0	80	13874	0	0	0	0	102	0	0	0	172	0	0	0	446	0	0	0	0	0	0	0	0	0	0	0	0	0	0	0	0	0	0	0	0	0	0	0	0	0	0	
92336	Heschl_L	3456	0	2062	0	0	0	696	0	0	0	850	0	92	0	0	0	5574	0	2066	0	0	0	0	0	0	0	0	0	7174	0	0	0	0	0	0	0	2728	0	0	0	0	0	436	0	82	0	346	0	1416	0	3128	0	184	0	914	0	1230	0	330	0	746	0	334	0	630	0	846	0	176	0	0	0	232	0	0	0	0	0	0	0	7102	0	0	0	2134	0	0	0	1204	0	0	0	0	0	0	0	0	0	0	0	0	0	0	0	0	0	0	0	0	0	0	0	0	0	0	0	
14112	Heschl_R	0	322	0	240	0	0	0	0	0	0	0	0	0	0	0	0	0	1234	0	288	0	0	0	0	0	0	0	0	0	1364	0	0	0	0	0	0	0	116	0	0	0	0	0	0	0	0	0	0	0	0	0	0	0	0	0	0	0	104	0	0	0	0	0	454	0	0	0	0	0	0	0	0	0	104	0	0	0	0	0	0	0	2830	0	0	0	0	0	0	0	0	0	0	0	0	0	0	0	0	0	0	0	0	0	0	0	0	0	0	0	0	0	0	0	0	0	0	
232508	Temporal_Sup_L	3784	0	3050	0	0	0	1384	0	0	0	5812	0	854	0	0	0	11990	0	2224	124	0	0	0	0	0	0	0	0	13032	0	0	0	88	0	0	0	4458	0	148	0	0	0	126	0	0	0	634	0	1664	0	5028	0	966	0	4634	0	2394	0	384	0	1208	0	4724	0	2178	0	482	0	186	0	80	0	2000	0	0	0	142	0	7102	0	0	0	1994	0	22942	0	0	0	10438	0	0	0	0	0	0	0	0	0	0	0	0	0	0	0	0	0	0	0	0	0	0	0	0	0	0	0	
75372	Temporal_Sup_R	106	1082	0	582	0	0	0	192	0	0	0	208	0	0	0	0	0	1322	0	784	0	0	0	0	0	0	0	0	0	3016	0	0	0	112	134	158	106	1348	0	324	0	0	0	156	0	0	0	0	0	220	0	234	0	0	0	914	0	764	0	0	0	92	0	6508	0	2108	0	186	106	422	0	0	0	600	0	0	122	102	0	2830	0	0	0	1176	0	10514	0	0	0	1158	0	0	0	0	0	0	0	0	0	0	0	0	0	0	0	0	0	0	0	0	0	0	0	0	0	0	
65832	Temporal_Pole_Sup_L	0	0	490	0	620	0	0	0	0	0	1278	0	852	0	980	0	802	0	0	0	358	0	0	0	0	0	0	0	5410	0	0	0	0	0	0	0	2310	0	932	0	1616	0	0	0	0	0	0	0	0	0	0	0	0	0	1514	0	0	0	0	0	0	0	0	0	0	0	0	0	0	0	0	0	1770	0	0	0	0	0	0	0	1994	0	0	0	4436	0	2842	0	4712	0	0	0	0	0	0	0	0	0	0	0	0	0	0	0	0	0	0	0	0	0	0	0	0	0	0	0	
43892	Temporal_Pole_Sup_R	0	0	0	374	0	0	0	352	0	0	0	790	0	162	0	0	0	862	0	0	0	100	0	0	0	0	0	0	0	1152	0	0	0	0	0	0	0	928	0	1524	0	2580	0	0	0	0	0	0	0	0	0	0	0	0	0	3174	0	0	0	0	0	0	0	0	0	0	0	0	0	0	0	0	0	622	0	0	0	0	0	0	0	1176	0	0	0	1500	0	1498	0	5152	0	0	0	0	0	0	0	0	0	0	0	0	0	0	0	0	0	0	0	0	0	0	0	0	0	0	
295708	Temporal_Mid_L	4694	0	160	0	0	0	108	0	0	0	0	0	0	0	0	0	1502	0	188	0	0	0	0	0	0	0	0	0	2018	0	0	0	110	0	270	0	3726	0	264	0	0	0	2196	0	490	0	2772	0	3550	0	27402	0	2450	0	4404	0	1618	0	1266	0	4342	0	6388	0	11790	0	3404	0	1202	0	0	0	94	0	0	0	0	0	2134	0	22942	0	4436	0	0	0	2052	0	29882	0	0	0	0	0	0	0	0	0	0	0	0	0	0	0	0	0	0	0	0	0	0	0	0	0	0	0	
207800	Temporal_Mid_R	126	470	84	228	0	0	0	98	0	0	0	94	0	0	0	0	0	0	80	564	0	0	0	0	0	0	0	0	0	1018	0	0	0	542	152	1800	144	1282	0	324	0	0	0	6454	0	4004	0	830	0	6976	0	18928	0	1554	0	1426	0	1952	0	1622	0	1224	0	9006	0	6060	0	4552	128	862	0	0	0	502	0	0	156	172	0	0	0	10514	0	1500	0	0	0	416	0	18056	0	0	0	0	0	0	0	0	0	0	0	0	0	0	0	0	0	0	0	0	0	0	0	0	0	0	
15360	Temporal_Pole_Mid_L	0	0	0	0	0	0	0	0	0	0	0	0	0	0	0	0	0	0	0	0	0	0	0	0	0	0	0	0	0	0	0	0	0	0	0	0	0	0	80	0	0	0	0	0	0	0	0	0	0	0	0	0	0	0	298	0	0	0	0	0	0	0	0	0	0	0	0	0	0	0	0	0	0	0	0	0	0	0	0	0	0	0	2842	0	2052	0	0	0	2408	0	0	0	0	0	0	0	0	0	0	0	0	0	0	0	0	0	0	0	0	0	0	0	0	0	0	0	
7960	Temporal_Pole_Mid_R	0	0	0	0	0	0	0	0	0	0	0	0	0	0	0	0	0	0	0	0	0	0	0	0	0	0	0	0	0	0	0	0	0	0	0	0	0	0	0	254	0	0	0	0	0	0	0	0	0	0	0	0	0	0	0	598	0	0	0	0	0	0	0	0	0	0	0	0	0	0	0	0	0	0	0	0	0	0	0	0	0	0	0	1498	0	416	0	0	0	1214	0	0	0	0	0	0	0	0	0	0	0	0	0	0	0	0	0	0	0	0	0	0	0	0	0	0	
269288	Temporal_Inf_L	1476	0	288	0	0	0	0	0	0	0	0	0	0	0	0	0	636	0	486	0	0	0	0	0	0	0	0	0	3616	0	0	0	0	0	352	0	13392	0	1806	0	1602	0	2258	0	116	0	2044	0	0	0	8454	0	6362	0	23048	0	442	0	0	0	2492	0	3262	0	4352	0	1658	0	176	0	0	0	1338	0	0	0	148	0	1204	0	10438	0	4712	0	29882	0	2408	0	0	0	3646	0	1222	0	0	0	342	0	788	0	0	0	198	0	0	0	0	0	0	0	0	0	0	0	0	0	
162088	Temporal_Inf_R	264	888	146	96	0	0	0	0	0	0	0	412	0	0	0	0	0	82	0	386	0	0	0	0	0	0	0	0	0	606	0	0	0	590	302	1242	254	4418	0	1568	0	156	0	5954	0	592	0	774	0	626	0	2714	0	4354	0	10258	0	1496	0	362	0	1376	0	4798	0	1140	0	3522	260	584	142	0	0	1542	0	0	304	446	0	0	0	1158	0	5152	0	18056	0	1214	0	0	0	2168	0	218	0	0	0	0	0	118	0	0	0	306	0	0	0	0	0	0	0	0	0	0	0	0	
488496	Cerebelum_Crus1_L	0	0	0	0	0	0	0	0	0	0	0	0	0	0	0	0	0	0	0	0	0	0	0	0	0	0	0	0	0	0	0	0	0	0	0	0	0	0	0	0	0	0	106	0	0	0	14724	2242	0	0	202	0	436	0	27740	0	0	0	0	0	0	0	0	0	0	0	0	0	0	0	0	0	0	0	0	0	0	0	0	0	0	0	0	0	0	0	0	0	3646	0	0	2124	35120	1122	1172	0	32292	110	71380	2422	8426	210	19668	156	4796	256	3672	0	0	168	1484	5878	3350	646	596	104	
461752	Cerebelum_Crus1_R	0	0	0	0	0	0	0	0	0	0	0	0	0	0	0	0	0	0	0	0	0	0	0	0	0	0	0	0	0	0	0	0	0	0	0	0	0	0	0	0	0	0	0	0	0	0	1906	4106	0	0	0	0	0	0	206	11730	0	0	0	0	0	0	0	0	0	0	0	0	0	0	0	0	0	0	0	0	0	0	0	0	0	0	0	0	0	0	0	0	0	2168	2124	0	678	32074	550	2580	4112	24646	5808	66998	180	5518	760	21626	2254	4864	184	660	0	518	8408	13788	8642	2000	1686	102	
327368	Cerebelum_Crus2_L	0	0	0	0	0	0	0	0	0	0	0	0	0	0	0	0	0	0	0	0	0	0	0	0	0	0	0	0	0	0	0	0	0	0	0	0	0	0	0	0	0	0	0	0	0	0	2016	892	0	0	0	0	0	0	1278	0	0	0	0	0	0	0	0	0	0	0	0	0	0	0	0	0	0	0	0	0	0	0	0	0	0	0	0	0	0	0	0	0	1222	0	35120	678	0	6902	0	0	660	0	9198	566	36806	2704	38250	1536	6708	242	3346	0	0	0	82	1978	7948	4808	744	0	
305212	Cerebelum_Crus2_R	0	0	0	0	0	0	0	0	0	0	0	0	0	0	0	0	0	0	0	0	0	0	0	0	0	0	0	0	0	0	0	0	0	0	0	0	0	0	0	0	0	0	0	0	0	0	344	1074	0	0	0	0	0	0	108	96	0	0	0	0	0	0	0	0	0	0	0	0	0	0	0	0	0	0	0	0	0	0	0	0	0	0	0	0	0	0	0	0	0	218	1122	32074	6902	0	0	930	482	2116	1612	9952	2110	16074	2730	34474	920	9266	0	822	0	308	1258	3358	14402	6854	2616	384	
34168	Cerebelum_3_L	0	0	0	0	0	0	0	0	0	0	0	0	0	0	0	0	0	0	0	0	0	0	0	0	0	0	0	0	0	0	0	0	0	0	0	0	0	0	162	0	0	0	0	0	0	0	284	0	0	0	0	0	0	0	148	0	0	0	0	0	0	0	0	0	0	0	0	0	0	0	0	0	0	0	0	0	0	0	0	0	0	0	0	0	0	0	0	0	0	0	1172	550	0	0	0	0	5500	0	3494	578	0	0	98	0	1150	0	0	0	892	1598	654	684	120	0	0	0	
37488	Cerebelum_3_R	0	0	0	0	0	0	0	0	0	0	0	0	0	0	0	0	0	0	0	0	0	0	0	0	0	0	0	0	0	0	0	0	0	0	0	0	0	0	0	0	0	0	0	0	0	0	318	102	0	0	0	0	0	0	0	0	0	0	0	0	0	0	0	0	0	0	0	0	0	0	0	0	0	0	0	0	0	0	0	0	0	0	0	0	0	0	0	0	0	0	0	2580	0	930	0	0	520	4342	86	3402	0	0	0	248	0	440	0	0	726	2584	1236	530	134	0	314	252	
375952	Cerebelum_4_5_L	0	0	0	0	0	0	0	0	0	0	0	0	0	0	0	0	0	0	0	0	0	0	0	0	0	0	0	0	0	0	0	0	0	0	0	0	192	0	172	0	0	0	0	0	0	0	22294	2386	0	0	388	0	986	0	20864	1082	0	0	0	0	0	0	0	0	0	0	106	0	0	0	0	0	0	0	0	0	0	0	0	0	0	0	0	0	0	0	0	0	342	0	32292	4112	660	482	5500	520	0	3188	50162	5608	284	0	1130	198	5038	1758	220	120	494	1352	15698	6454	312	180	1514	1888	
217888	Cerebelum_4_5_R	0	0	0	0	0	0	0	0	0	0	0	0	0	0	0	0	0	0	0	0	0	0	0	0	0	0	0	0	0	0	0	0	0	0	0	0	0	252	0	770	0	0	0	294	0	0	2304	6046	0	0	0	84	124	680	504	9652	0	0	0	0	0	0	0	0	0	0	0	118	0	0	0	0	0	0	0	0	0	0	0	0	0	0	0	0	0	0	0	0	0	0	110	24646	0	2116	0	4342	3188	0	2530	32794	0	0	0	308	0	736	0	0	0	1102	13628	1916	130	0	310	260	
537720	Cerebelum_6_L	0	0	0	0	0	0	0	0	0	0	0	0	0	0	0	0	0	0	0	0	0	0	0	0	0	0	0	0	0	0	0	0	0	0	0	0	220	0	98	0	0	0	412	0	0	0	25104	6296	86	0	1422	0	1894	0	34004	716	0	0	0	0	0	0	0	0	0	0	140	0	0	0	0	0	0	0	0	0	0	0	0	0	0	0	0	0	0	0	0	0	788	0	71380	5808	9198	1612	3494	86	50162	2530	0	7608	2804	136	6156	156	6080	248	1632	0	120	602	9454	14302	3386	214	346	166	
413212	Cerebelum_6_R	0	0	0	0	0	0	0	0	0	0	0	0	0	0	0	0	0	0	0	0	0	0	0	0	0	0	0	0	0	0	0	0	0	0	0	0	0	0	0	0	0	0	0	268	0	0	2936	7924	0	0	0	0	0	644	880	14306	0	0	0	0	0	0	0	0	0	0	0	108	0	0	0	0	0	0	0	0	0	0	0	0	0	0	0	0	0	0	0	0	0	118	2422	66998	566	9952	578	3402	5608	32794	7608	0	188	390	752	4760	2440	1502	162	710	0	650	13820	16290	4970	1296	1440	124	
211684	Cerebelum_7b_L	0	0	0	0	0	0	0	0	0	0	0	0	0	0	0	0	0	0	0	0	0	0	0	0	0	0	0	0	0	0	0	0	0	0	0	0	0	0	0	0	0	0	0	0	0	0	0	88	0	0	0	0	0	0	0	0	0	0	0	0	0	0	0	0	0	0	0	0	0	0	0	0	0	0	0	0	0	0	0	0	0	0	0	0	0	0	0	0	0	0	8426	180	36806	2110	0	0	284	0	2804	188	0	2310	35272	2254	5198	108	916	0	0	0	0	312	3058	5114	414	0	
120740	Cerebelum_7b_R	0	0	0	0	0	0	0	0	0	0	0	0	0	0	0	0	0	0	0	0	0	0	0	0	0	0	0	0	0	0	0	0	0	0	0	0	0	0	0	0	0	0	0	0	0	0	0	0	0	0	0	0	0	0	0	0	0	0	0	0	0	0	0	0	0	0	0	0	0	0	0	0	0	0	0	0	0	0	0	0	0	0	0	0	0	0	0	0	0	0	210	5518	2704	16074	0	0	0	0	136	390	2310	0	2576	20426	148	2214	0	0	0	0	0	92	3222	4156	194	0	
315968	Cerebelum_8_L	0	0	0	0	0	0	0	0	0	0	0	0	0	0	0	0	0	0	0	0	0	0	0	0	0	0	0	0	0	0	0	0	0	0	0	0	0	0	0	0	0	0	0	0	0	0	82	248	0	0	0	0	0	0	100	0	0	0	0	0	0	0	0	0	0	0	0	0	0	0	0	0	0	0	0	0	0	0	0	0	0	0	0	0	0	0	0	0	198	0	19668	760	38250	2730	98	0	1130	0	6156	752	35272	2576	0	4066	23716	612	6646	0	0	0	264	1398	3494	7730	2038	0	
255260	Cerebelum_8_R	0	0	0	0	0	0	0	0	0	0	0	0	0	0	0	0	0	0	0	0	0	0	0	0	0	0	0	0	0	0	0	0	0	0	0	0	0	0	0	0	0	0	0	0	0	0	84	0	0	0	0	0	0	0	0	148	0	0	0	0	0	0	0	0	0	0	0	0	0	0	0	0	0	0	0	0	0	0	0	0	0	0	0	0	0	0	0	0	0	306	156	21626	1536	34474	0	248	198	308	156	4760	2254	20426	4066	0	1192	20394	330	632	0	0	298	686	1842	7788	3128	594	
161800	Cerebelum_9_L	0	0	0	0	0	0	0	0	0	0	0	0	0	0	0	0	0	0	0	0	0	0	0	0	0	0	0	0	0	0	0	0	0	0	0	0	0	0	0	0	0	0	0	0	0	0	806	136	0	0	0	0	0	0	0	156	0	0	0	0	0	0	0	0	0	0	0	0	0	0	0	0	0	0	0	0	0	0	0	0	0	0	0	0	0	0	0	0	0	0	4796	2254	6708	920	1150	0	5038	0	6080	2440	5198	148	23716	1192	0	782	7212	0	0	122	1934	3812	1520	1938	2432	410	
138360	Cerebelum_9_R	0	0	0	0	0	0	0	0	0	0	0	0	0	0	0	0	0	0	0	0	0	0	0	0	0	0	0	0	0	0	0	0	0	0	0	0	0	0	0	0	0	0	0	0	0	0	796	0	0	0	0	0	0	0	0	0	0	0	0	0	0	0	0	0	0	0	0	0	0	0	0	0	0	0	0	0	0	0	0	0	0	0	0	0	0	0	0	0	0	0	256	4864	242	9266	0	440	1758	736	248	1502	108	2214	612	20394	782	0	188	1832	136	210	2626	3180	2560	4812	6434	2984	
52324	Cerebelum_10_L	0	0	0	0	0	0	0	0	0	0	0	0	0	0	0	0	0	0	0	0	0	0	0	0	0	0	0	0	0	0	0	0	0	0	0	0	0	0	0	0	0	0	0	0	0	0	0	90	0	0	0	0	0	0	0	0	0	0	0	0	0	0	0	0	0	0	0	0	0	0	0	0	0	0	0	0	0	0	0	0	0	0	0	0	0	0	0	0	0	0	3672	184	3346	0	0	0	220	0	1632	162	916	0	6646	330	7212	188	0	0	0	0	0	346	194	554	470	0	
19168	Cerebelum_10_R	0	0	0	0	0	0	0	0	0	0	0	0	0	0	0	0	0	0	0	0	0	0	0	0	0	0	0	0	0	0	0	0	0	0	0	0	0	0	0	0	0	0	0	0	0	0	0	0	0	0	0	0	0	0	0	0	0	0	0	0	0	0	0	0	0	0	0	0	0	0	0	0	0	0	0	0	0	0	0	0	0	0	0	0	0	0	0	0	0	0	0	660	0	822	0	0	120	0	0	710	0	0	0	632	0	1832	0	0	0	0	172	526	996	1180	1458	476	
16260	Vermis_1_2	0	0	0	0	0	0	0	0	0	0	0	0	0	0	0	0	0	0	0	0	0	0	0	0	0	0	0	0	0	0	0	0	0	0	0	0	0	0	0	0	0	0	0	0	0	0	98	0	0	0	0	0	0	0	0	0	0	0	0	0	0	0	0	0	0	0	0	0	0	0	0	0	0	0	0	0	0	0	0	0	0	0	0	0	0	0	0	0	0	0	0	0	0	0	892	726	494	0	120	0	0	0	0	0	0	136	0	0	0	4338	1110	136	0	0	80	0	
33436	Vermis_3	0	0	0	0	0	0	0	0	0	0	0	0	0	0	0	0	0	0	0	0	0	0	0	0	0	0	0	0	0	0	0	0	0	0	0	0	136	0	0	0	0	0	0	0	0	0	360	164	0	0	0	0	0	0	0	0	0	0	0	0	0	0	0	0	0	0	0	0	0	0	0	0	0	0	0	0	86	0	0	0	0	0	0	0	0	0	0	0	0	0	168	518	0	308	1598	2584	1352	1102	602	650	0	0	0	0	122	210	0	0	4338	0	2074	254	0	0	92	0	
233644	Vermis_4_5	276	0	0	0	0	0	0	0	0	0	0	0	0	0	0	0	0	0	0	0	0	0	0	0	0	0	0	0	0	0	0	0	0	0	396	1004	256	444	0	238	0	0	194	856	0	88	8342	7150	0	0	390	0	584	600	1854	4412	0	0	0	0	0	0	0	0	0	0	240	1542	196	0	0	0	0	0	0	0	368	0	0	0	0	0	0	0	0	0	0	0	0	0	1484	8408	82	1258	654	1236	15698	13628	9454	13820	0	0	264	298	1934	2626	0	172	1110	2074	0	8410	0	292	1944	2546	
241316	Vermis_6	0	0	0	0	0	0	0	0	0	0	0	0	0	0	0	0	0	0	0	0	0	0	0	0	0	0	0	0	0	0	0	0	0	0	0	0	0	0	0	0	0	0	190	90	0	0	6550	9668	0	0	816	0	470	182	2780	1196	0	0	0	0	0	0	0	0	0	0	0	0	0	0	0	0	0	0	0	0	0	0	0	0	0	0	0	0	0	0	0	0	0	0	5878	13788	1978	3358	684	530	6454	1916	14302	16290	312	92	1398	686	3812	3180	346	526	136	254	8410	0	7412	1274	2986	2714	
