data	data	421412	181440	998864	640384	146788	89564	545396	198168	82228	46468	205500	194284	279572	182664	188288	93928	213916	138976	617732	713868	47484	41008	376932	393156	77548	85636	54188	67380	552728	314468	391340	454876	171540	538224	156128	193140	128396	185828	31948	74456	25272	35568	214048	301324	189164	313612	187476	188912	238636	340252	447024	261592	112692	66180	200012	217644	186732	124392	118444	106040	162752	81936	81180	85768	52688	101048	255176	336000	119868	123688	282832	348876	286800	329964	48188	15328	105992	125700	53620	30328	142436	74500	103356	33160	242992	169428	39856	18744	238920	146496	224020	200536	143372	152920	13644	14920	140712	82528	205836	196716	105268	31968	173108	144472	81764	95136	21188	20624	7876	12840	97144	92416	121120	80980	76260	18704	
data	data	Precentral_L	Precentral_R	Frontal_Sup_L	Frontal_Sup_R	Frontal_Sup_Orb_L	Frontal_Sup_Orb_R	Frontal_Mid_L	Frontal_Mid_R	Frontal_Mid_Orb_L	Frontal_Mid_Orb_R	Frontal_Inf_Oper_L	Frontal_Inf_Oper_R	Frontal_Inf_Tri_L	Frontal_Inf_Tri_R	Frontal_Inf_Orb_L	Frontal_Inf_Orb_R	Rolandic_Oper_L	Rolandic_Oper_R	Supp_Motor_Area_L	Supp_Motor_Area_R	Olfactory_L	Olfactory_R	Frontal_Sup_Medial_L	Frontal_Sup_Medial_R	Frontal_Med_Orb_L	Frontal_Med_Orb_R	Rectus_L	Rectus_R	Insula_L	Insula_R	Cingulum_Ant_L	Cingulum_Ant_R	Cingulum_Mid_L	Cingulum_Mid_R	Cingulum_Post_L	Cingulum_Post_R	Hippocampus_L	Hippocampus_R	ParaHippocampal_L	ParaHippocampal_R	Amygdala_L	Amygdala_R	Calcarine_L	Calcarine_R	Cuneus_L	Cuneus_R	Lingual_L	Lingual_R	Occipital_Sup_L	Occipital_Sup_R	Occipital_Mid_L	Occipital_Mid_R	Occipital_Inf_L	Occipital_Inf_R	Fusiform_L	Fusiform_R	Postcentral_L	Postcentral_R	Parietal_Sup_L	Parietal_Sup_R	Parietal_Inf_L	Parietal_Inf_R	SupraMarginal_L	SupraMarginal_R	Angular_L	Angular_R	Precuneus_L	Precuneus_R	Paracentral_Lobule_L	Paracentral_Lobule_R	Caudate_L	Caudate_R	Putamen_L	Putamen_R	Pallidum_L	Pallidum_R	Thalamus_L	Thalamus_R	Heschl_L	Heschl_R	Temporal_Sup_L	Temporal_Sup_R	Temporal_Pole_Sup_L	Temporal_Pole_Sup_R	Temporal_Mid_L	Temporal_Mid_R	Temporal_Pole_Mid_L	Temporal_Pole_Mid_R	Temporal_Inf_L	Temporal_Inf_R	Cerebelum_Crus1_L	Cerebelum_Crus1_R	Cerebelum_Crus2_L	Cerebelum_Crus2_R	Cerebelum_3_L	Cerebelum_3_R	Cerebelum_4_5_L	Cerebelum_4_5_R	Cerebelum_6_L	Cerebelum_6_R	Cerebelum_7b_L	Cerebelum_7b_R	Cerebelum_8_L	Cerebelum_8_R	Cerebelum_9_L	Cerebelum_9_R	Cerebelum_10_L	Cerebelum_10_R	Vermis_1_2	Vermis_3	Vermis_4_5	Vermis_6	Vermis_7	Vermis_8	Vermis_9	Vermis_10	
421412	Precentral_L	0	2996	25084	386	0	0	30078	120	0	0	13504	368	2406	312	0	0	11614	314	18042	6252	0	0	738	0	0	0	0	0	8624	638	904	300	260	1532	4594	2972	2692	308	100	0	0	0	172	0	0	0	202	0	380	0	520	0	384	0	458	0	20450	0	1138	0	3468	0	1836	0	0	0	614	232	8428	624	6522	432	5006	214	2450	0	17046	1196	1210	0	1712	0	446	0	158	0	0	0	270	0	0	0	0	0	0	0	0	0	0	0	0	0	0	0	0	0	0	0	0	0	0	0	0	0	0	0	
181440	Precentral_R	2996	0	486	8964	0	0	0	12154	0	0	0	6652	0	536	0	0	0	6350	1232	11458	0	0	0	208	0	0	0	0	0	3678	132	990	120	2116	2236	4656	0	1726	0	0	0	0	0	0	0	120	0	0	0	202	0	132	0	0	0	0	0	8126	0	448	0	1608	0	3382	0	0	0	738	1542	1938	716	1588	182	1404	102	0	0	692	0	222	0	0	0	0	0	0	0	0	0	888	0	0	0	0	0	0	0	0	0	0	0	0	0	0	0	0	0	0	0	0	0	0	0	0	0	0	
998864	Frontal_Sup_L	25084	486	0	6318	8514	0	85044	592	4058	0	11320	1098	26686	558	13274	182	11856	752	80330	15816	224	0	46358	8752	2740	140	1364	0	44872	1904	25634	7660	4756	7098	86	130	536	0	0	0	0	0	0	0	0	0	0	0	0	0	102	0	0	0	0	0	2576	0	222	0	1042	0	1682	0	0	0	0	88	540	246	12416	1030	21026	984	4616	0	4538	0	264	0	1814	0	2024	0	0	0	0	0	0	0	0	0	0	0	0	0	0	0	0	0	0	0	0	0	0	0	0	0	0	0	0	0	0	0	0	0	
640384	Frontal_Sup_R	386	8964	6318	0	98	5180	1320	30632	0	2030	136	6554	260	11318	0	3008	198	4926	5856	53354	0	0	10748	41328	0	3554	0	2618	438	12176	5964	26546	1568	24514	150	310	0	710	0	0	0	0	0	0	0	0	0	0	0	0	0	0	0	0	0	0	0	1944	0	180	0	1084	0	2482	0	0	0	160	0	142	4158	14728	1092	17696	0	1930	0	3346	0	88	0	0	0	0	0	0	0	0	0	0	0	0	0	0	0	0	0	0	0	0	0	0	0	0	0	0	0	0	0	0	0	0	0	0	0	0	
146788	Frontal_Sup_Orb_L	0	0	8514	98	0	0	938	0	11182	0	0	0	228	0	10894	0	0	0	760	0	826	0	6272	232	8582	232	6814	0	4780	0	8212	0	0	0	0	0	0	0	0	0	0	0	0	0	0	0	0	0	0	0	0	0	0	0	0	0	0	0	0	0	0	0	0	0	0	0	0	0	0	0	952	0	3604	0	0	0	0	0	0	0	0	0	274	0	0	0	0	0	0	0	0	0	0	0	0	0	0	0	0	0	0	0	0	0	0	0	0	0	0	0	0	0	0	0	0	0	
89564	Frontal_Sup_Orb_R	0	0	0	5180	0	0	0	1522	0	7588	0	306	0	268	0	4002	0	226	0	0	0	530	182	2864	0	6940	0	8984	0	958	348	582	0	0	0	0	0	0	0	0	0	0	0	0	0	0	0	0	0	0	0	0	0	0	0	0	0	0	0	0	0	0	0	0	0	0	0	0	0	0	0	1532	0	2770	0	0	0	0	0	0	0	0	0	0	0	0	0	0	0	0	0	0	0	0	0	0	0	0	0	0	0	0	0	0	0	0	0	0	0	0	0	0	0	0	0	0	
545396	Frontal_Mid_L	30078	0	85044	1320	938	0	0	0	5352	0	14870	300	39870	262	9016	0	5136	86	7204	1426	0	0	15920	1990	0	0	0	0	22122	498	7990	1700	2200	974	88	96	602	0	0	0	0	0	0	0	0	0	0	0	0	0	0	0	0	0	0	0	1132	0	0	0	0	0	0	0	0	0	0	0	0	0	3472	114	1302	138	1526	0	7990	214	324	0	722	0	682	0	0	0	0	0	0	0	0	0	0	0	0	0	0	0	0	0	0	0	0	0	0	0	0	0	0	0	0	0	0	0	0	0	
198168	Frontal_Mid_R	120	12154	592	30632	0	1522	0	0	0	1728	0	5810	0	17544	0	1790	0	2756	1024	5116	0	0	0	2562	0	0	0	0	96	7454	104	270	0	1224	0	0	0	0	0	0	0	0	0	0	0	0	0	0	0	0	0	0	0	0	0	0	0	584	0	0	0	0	0	0	0	0	0	0	0	0	2062	672	744	2230	0	86	0	98	0	110	0	0	0	0	0	0	0	0	0	0	0	0	0	0	0	0	0	0	0	0	0	0	0	0	0	0	0	0	0	0	0	0	0	0	0	0	
82228	Frontal_Mid_Orb_L	0	0	4058	0	11182	0	5352	0	0	0	0	0	1962	0	14886	0	0	0	0	0	0	0	0	0	606	0	698	0	1942	0	236	0	0	0	0	0	0	0	0	0	0	0	0	0	0	0	0	0	0	0	0	0	0	0	0	0	0	0	0	0	0	0	0	0	0	0	0	0	0	0	0	0	94	0	0	0	0	0	0	0	0	0	98	0	0	0	0	0	0	0	0	0	0	0	0	0	0	0	0	0	0	0	0	0	0	0	0	0	0	0	0	0	0	0	0	0	
46468	Frontal_Mid_Orb_R	0	0	0	2030	0	7588	0	1728	0	0	0	312	0	634	0	6858	0	106	0	0	0	0	0	284	0	0	0	590	0	800	0	0	0	0	0	0	0	0	0	0	0	0	0	0	0	0	0	0	0	0	0	0	0	0	0	0	0	0	0	0	0	0	0	0	0	0	0	0	0	0	0	1056	0	1248	0	0	0	0	0	0	0	0	0	0	0	0	0	0	0	0	0	0	0	0	0	0	0	0	0	0	0	0	0	0	0	0	0	0	0	0	0	0	0	0	0	0	
205500	Frontal_Inf_Oper_L	13504	0	11320	136	0	0	14870	0	0	0	0	196	11430	254	0	0	13262	0	5998	244	0	0	648	0	0	0	0	0	16208	376	2130	422	0	102	0	0	92	0	0	0	0	0	0	0	0	0	0	0	0	0	0	0	0	0	0	0	3412	0	0	0	96	0	0	0	0	0	0	0	0	0	1224	0	462	0	0	0	0	0	148	0	2982	0	3234	0	0	0	0	0	0	0	0	0	0	0	0	0	0	0	0	0	0	0	0	0	0	0	0	0	0	0	0	0	0	0	0	0	
194284	Frontal_Inf_Oper_R	368	6652	1098	6554	0	306	300	5810	0	312	196	0	0	12034	0	600	0	8658	1704	8272	0	0	98	2274	0	0	0	116	250	15648	356	2742	0	5248	0	0	0	420	0	0	0	0	0	0	0	0	0	0	0	0	0	0	0	0	0	0	0	382	0	0	0	0	0	0	0	0	0	0	0	0	3842	5108	644	6814	0	0	0	0	0	0	0	0	0	336	0	0	0	0	0	0	0	0	0	0	0	0	0	0	0	0	0	0	0	0	0	0	0	0	0	0	0	0	0	0	0	0	
279572	Frontal_Inf_Tri_L	2406	0	26686	260	228	0	39870	0	1962	0	11430	0	0	0	12832	0	872	0	1908	0	0	0	3298	406	0	0	0	0	32272	0	3056	498	236	298	0	0	0	0	0	0	0	0	0	0	0	0	0	0	0	0	0	0	0	0	0	0	0	0	0	0	0	0	0	0	0	0	0	0	0	0	0	0	232	0	0	0	0	0	0	0	156	0	880	0	0	0	0	0	0	0	0	0	0	0	0	0	0	0	0	0	0	0	0	0	0	0	0	0	0	0	0	0	0	0	0	0	
182664	Frontal_Inf_Tri_R	312	536	558	11318	0	268	262	17544	0	634	254	12034	0	0	0	7290	102	490	1640	6640	0	0	0	2724	0	0	0	0	284	13594	120	1006	0	4524	0	0	0	0	0	0	0	0	0	0	0	0	0	0	0	0	0	0	0	0	0	0	0	0	0	0	0	0	0	0	0	0	0	0	0	0	2780	3162	456	2800	0	0	0	0	0	0	0	0	0	0	0	0	0	0	0	0	0	0	0	0	0	0	0	0	0	0	0	0	0	0	0	0	0	0	0	0	0	0	0	0	0	0	
188288	Frontal_Inf_Orb_L	0	0	13274	0	10894	0	9016	0	14886	0	0	0	12832	0	0	0	148	0	1660	0	1000	0	478	0	450	0	1014	0	20870	0	888	0	0	0	0	0	0	0	100	0	0	0	0	0	0	0	0	0	0	0	0	0	0	0	0	0	0	0	0	0	0	0	0	0	0	0	0	0	0	0	164	0	3080	0	0	0	0	0	0	0	0	0	3390	0	0	0	0	0	0	0	0	0	0	0	0	0	0	0	0	0	0	0	0	0	0	0	0	0	0	0	0	0	0	0	0	0	
93928	Frontal_Inf_Orb_R	0	0	182	3008	0	4002	0	1790	0	6858	0	600	0	7290	0	0	0	174	230	962	0	214	0	530	0	0	0	360	0	10758	0	94	0	136	0	0	0	0	0	0	0	0	0	0	0	0	0	0	0	0	0	0	0	0	0	0	0	0	0	0	0	0	0	0	0	0	0	0	0	0	1298	5848	174	2456	0	0	0	0	0	0	0	0	0	0	0	0	0	0	0	0	0	0	0	0	0	0	0	0	0	0	0	0	0	0	0	0	0	0	0	0	0	0	0	0	0	0	
213916	Rolandic_Oper_L	11614	0	11856	198	0	0	5136	0	0	0	13262	0	872	102	148	0	0	0	8478	770	0	0	156	0	0	0	0	0	17332	180	414	116	0	102	0	0	746	0	0	0	0	0	0	0	0	0	0	0	120	0	2310	0	180	0	108	0	9076	0	1500	0	2628	0	2244	0	306	0	188	0	0	0	570	0	2000	0	534	0	504	0	1390	0	6702	0	3326	0	670	0	0	0	1120	0	0	0	0	0	0	0	0	0	0	0	0	0	0	0	0	0	0	0	0	0	0	0	0	0	0	0	
138976	Rolandic_Oper_R	314	6350	752	4926	0	226	86	2756	0	106	0	8658	0	490	0	174	0	0	856	6938	0	0	0	880	0	0	0	120	0	13642	236	2084	0	968	0	0	0	204	0	0	0	0	0	0	0	0	0	0	0	152	0	0	0	0	0	0	0	2326	0	128	0	306	0	1752	0	96	0	146	0	0	1206	3234	166	5420	0	0	0	0	0	2134	0	926	0	730	0	0	0	0	0	0	0	0	0	0	0	0	0	0	0	0	0	0	0	0	0	0	0	0	0	0	0	0	0	0	0	0	
617732	Supp_Motor_Area_L	18042	1232	80330	5856	760	0	7204	1024	0	0	5998	1704	1908	1640	1660	230	8478	856	0	34782	0	0	9858	6514	518	0	148	0	18348	2398	10732	8556	5550	19478	580	256	142	108	0	0	0	0	0	0	0	0	0	0	0	0	90	0	0	0	0	0	2176	0	208	0	1024	0	1676	0	0	0	0	276	5862	516	12394	1700	20040	1660	2782	0	510	0	180	0	1438	0	1444	0	0	0	0	0	0	0	0	0	0	0	0	0	0	0	0	0	0	0	0	0	0	0	0	0	0	0	0	0	0	0	0	0	
713868	Supp_Motor_Area_R	6252	11458	15816	53354	0	0	1426	5116	0	0	244	8272	0	6640	0	962	770	6938	34782	0	0	0	734	14184	0	0	0	0	890	9922	1194	12492	5868	57146	2530	11542	156	1110	0	0	0	0	0	322	0	354	0	0	0	416	0	344	0	0	0	0	124	2936	0	204	0	1034	0	2426	0	0	152	4824	11680	13358	4744	20160	1304	13364	0	2342	0	6566	0	184	92	0	0	0	0	104	0	0	0	102	0	0	0	0	0	0	0	0	0	0	0	0	0	0	0	0	0	0	0	0	0	0	0	0	0	0	
47484	Olfactory_L	0	0	224	0	826	0	0	0	0	0	0	0	0	0	1000	0	0	0	0	0	0	3534	100	0	406	126	1260	238	1782	0	2658	1986	0	0	0	0	0	0	404	0	210	0	0	0	0	0	0	0	0	0	0	0	0	0	0	0	0	0	0	0	0	0	0	0	0	0	0	0	0	0	4312	1942	1584	798	0	0	0	0	0	0	0	0	352	0	0	0	0	0	0	0	0	0	0	0	0	0	0	0	0	0	0	0	0	0	0	0	0	0	0	0	0	0	0	0	0	0	
41008	Olfactory_R	0	0	0	0	0	530	0	0	0	0	0	0	0	0	0	214	0	0	0	0	3534	0	0	0	0	466	882	1210	0	570	1616	1858	0	0	0	0	0	0	0	0	0	0	0	0	0	0	0	0	0	0	0	0	0	0	0	0	0	0	0	0	0	0	0	0	0	0	0	0	0	0	4496	3012	924	1192	0	0	0	0	0	0	0	0	0	0	0	0	0	0	0	0	0	0	0	0	0	0	0	0	0	0	0	0	0	0	0	0	0	0	0	0	0	0	0	0	0	0	
376932	Frontal_Sup_Medial_L	738	0	46358	10748	6272	182	15920	0	0	0	648	98	3298	0	478	0	156	0	9858	734	100	0	0	22164	5978	1306	888	0	4814	122	25748	14220	5080	8242	0	0	0	0	0	0	0	0	0	0	0	0	0	0	0	0	0	0	0	0	0	0	0	0	0	0	0	0	0	0	0	0	0	0	0	0	1020	256	2684	270	0	0	0	0	0	0	0	0	86	0	0	0	0	0	0	0	0	0	0	0	0	0	0	0	0	0	0	0	0	0	0	0	0	0	0	0	0	0	0	0	0	0	
393156	Frontal_Sup_Medial_R	0	208	8752	41328	232	2864	1990	2562	0	284	0	2274	406	2724	0	530	0	880	6514	14184	0	0	22164	0	484	6890	0	2926	310	2806	8768	28186	1694	18950	0	0	0	0	0	0	0	0	0	0	0	0	0	0	0	0	0	0	0	0	0	0	0	0	0	0	0	0	0	0	0	0	0	0	0	0	332	7288	188	9860	0	0	0	0	0	0	0	0	0	0	0	0	0	0	0	0	0	0	0	0	0	0	0	0	0	0	0	0	0	0	0	0	0	0	0	0	0	0	0	0	0	0	
77548	Frontal_Med_Orb_L	0	0	2740	0	8582	0	0	0	606	0	0	0	0	0	450	0	0	0	518	0	406	0	5978	484	0	1148	4348	102	1434	0	9910	98	0	0	0	0	0	0	0	0	0	0	0	0	0	0	0	0	0	0	0	0	0	0	0	0	0	0	0	0	0	0	0	0	0	0	0	0	0	0	572	0	1398	0	0	0	0	0	0	0	0	0	0	0	0	0	0	0	0	0	0	0	0	0	0	0	0	0	0	0	0	0	0	0	0	0	0	0	0	0	0	0	0	0	0	0	
85636	Frontal_Med_Orb_R	0	0	140	3554	232	6940	0	0	0	0	0	0	0	0	0	0	0	0	0	0	126	466	1306	6890	1148	0	106	8002	0	98	2676	5230	0	0	0	0	0	0	0	0	0	0	0	0	0	0	0	0	0	0	0	0	0	0	0	0	0	0	0	0	0	0	0	0	0	0	0	0	0	0	216	2186	0	3502	0	0	0	0	0	0	0	0	0	0	0	0	0	0	0	0	0	0	0	0	0	0	0	0	0	0	0	0	0	0	0	0	0	0	0	0	0	0	0	0	0	0	
54188	Rectus_L	0	0	1364	0	6814	0	0	0	698	0	0	0	0	0	1014	0	0	0	148	0	1260	882	888	0	4348	106	0	0	1426	0	4292	426	0	0	0	0	0	0	0	0	0	0	0	0	0	0	0	0	0	0	0	0	0	0	0	0	0	0	0	0	0	0	0	0	0	0	0	0	0	0	1470	0	1864	0	0	0	0	0	0	0	0	0	94	0	0	0	0	0	0	0	0	0	0	0	0	0	0	0	0	0	0	0	0	0	0	0	0	0	0	0	0	0	0	0	0	0	
67380	Rectus_R	0	0	0	2618	0	8984	0	0	0	590	0	116	0	0	0	360	0	120	0	0	238	1210	0	2926	102	8002	0	0	0	260	280	2304	0	0	0	0	0	0	0	0	0	0	0	0	0	0	0	0	0	0	0	0	0	0	0	0	0	0	0	0	0	0	0	0	0	0	0	0	0	0	338	1944	0	3298	0	0	0	0	0	0	0	0	0	0	0	0	0	0	0	0	0	0	0	0	0	0	0	0	0	0	0	0	0	0	0	0	0	0	0	0	0	0	0	0	0	0	
552728	Insula_L	8624	0	44872	438	4780	0	22122	96	1942	0	16208	250	32272	284	20870	0	17332	0	18348	890	1782	0	4814	310	1434	0	1426	0	0	428	7044	1036	252	498	0	0	3908	0	910	0	690	0	0	0	0	0	0	0	0	0	1186	0	366	0	1724	0	3470	0	780	0	2768	0	1358	0	0	0	300	0	0	0	2086	108	22088	0	710	0	1164	0	4106	0	7472	0	5938	0	2938	0	256	0	3686	0	0	0	0	0	0	0	0	0	0	0	0	0	0	0	0	0	0	0	0	0	0	0	0	0	0	0	
314468	Insula_R	638	3678	1904	12176	0	958	498	7454	0	800	376	15648	0	13594	0	10758	180	13642	2398	9922	0	570	122	2806	0	98	0	260	428	0	706	3854	0	3608	0	0	0	1804	0	292	0	154	0	0	0	0	0	0	0	112	0	0	0	0	0	380	0	524	0	0	0	0	0	126	0	0	0	116	0	0	6034	9158	1040	23956	0	0	0	590	0	1870	0	1880	118	1164	0	442	0	0	0	398	0	0	0	0	0	0	0	0	0	0	0	0	0	0	0	0	0	0	0	0	0	0	0	0	0	0	
391340	Cingulum_Ant_L	904	132	25634	5964	8212	348	7990	104	236	0	2130	356	3056	120	888	0	414	236	10732	1194	2658	1616	25748	8768	9910	2676	4292	280	7044	706	0	21398	6008	3334	1092	0	0	0	0	0	0	0	0	0	0	0	0	0	0	0	0	0	0	0	0	0	0	0	0	0	0	0	0	0	0	0	0	0	0	0	11916	3434	13436	2446	0	0	0	0	0	0	0	0	258	0	0	0	0	0	0	0	0	0	0	0	0	0	0	0	0	0	0	0	0	0	0	0	0	0	0	0	0	0	0	0	0	0	
454876	Cingulum_Ant_R	300	990	7660	26546	0	582	1700	270	0	0	422	2742	498	1006	0	94	116	2084	8556	12492	1986	1858	14220	28186	98	5230	426	2304	1036	3854	21398	0	5038	28050	0	0	0	0	0	0	0	0	0	0	0	0	0	0	0	0	0	0	0	0	0	0	0	0	0	0	0	0	0	0	0	0	0	0	0	0	4798	20982	2660	19106	0	0	0	0	0	150	0	0	0	0	0	0	0	0	0	0	0	0	0	0	0	0	0	0	0	0	0	0	0	0	0	0	0	0	0	0	0	0	0	0	0	0	
171540	Cingulum_Mid_L	260	120	4756	1568	0	0	2200	0	0	0	0	0	236	0	0	0	0	0	5550	5868	0	0	5080	1694	0	0	0	0	252	0	6008	5038	0	11764	5782	676	0	0	0	0	0	0	698	122	2888	128	598	0	4900	122	3284	100	0	0	0	0	648	0	728	0	176	0	0	0	0	0	8698	994	2262	620	0	0	0	0	0	0	0	0	0	0	208	0	0	0	1396	0	0	0	348	0	0	0	0	0	0	0	0	0	0	0	0	0	0	0	0	0	0	0	0	0	0	0	0	0	0	0	
538224	Cingulum_Mid_R	1532	2116	7098	24514	0	0	974	1224	0	0	102	5248	298	4524	0	136	102	968	19478	57146	0	0	8242	18950	0	0	0	0	498	3608	3334	28050	11764	0	2024	11892	0	340	0	0	0	0	0	1916	0	3752	0	0	0	3330	0	1574	0	0	0	0	0	2936	0	490	0	210	0	0	0	96	382	12604	3756	12114	1904	2926	408	5462	0	0	0	362	0	0	0	0	0	0	0	256	0	0	0	472	0	0	0	0	0	0	0	0	0	0	0	0	0	0	0	0	0	0	0	0	0	0	0	0	0	0	
156128	Cingulum_Post_L	4594	2236	86	150	0	0	88	0	0	0	0	0	0	0	0	0	0	0	580	2530	0	0	0	0	0	0	0	0	0	0	1092	0	5782	2024	0	11578	5546	4732	822	618	0	0	2312	0	3058	184	2064	0	2482	180	1066	120	0	0	0	0	1204	0	592	0	0	0	0	0	0	0	7292	1260	6152	538	0	1238	0	172	0	0	396	4968	328	0	0	0	0	0	0	0	0	0	0	0	0	0	0	0	0	0	0	0	0	0	0	0	0	0	0	0	0	0	0	0	0	0	0	0	0	0	
193140	Cingulum_Post_R	2972	4656	130	310	0	0	96	0	0	0	0	0	0	0	0	0	0	0	256	11542	0	0	0	0	0	0	0	0	0	0	0	0	676	11892	11578	0	4716	8548	826	1188	0	0	0	1774	0	162	0	2536	0	104	0	112	0	0	0	0	0	1480	0	0	0	0	0	0	0	0	1436	10986	1736	7754	0	1656	0	198	0	0	652	5834	328	0	0	0	0	0	0	0	0	0	0	218	0	0	0	0	0	0	0	0	0	0	0	0	0	0	0	0	0	0	0	0	218	0	0	0	0	0	
128396	Hippocampus_L	2692	0	536	0	0	0	602	0	0	0	92	0	0	0	0	0	746	0	142	156	0	0	0	0	0	0	0	0	3908	0	0	0	0	0	5546	4716	0	3378	4452	578	4706	0	848	0	96	0	1764	0	0	0	0	0	94	0	7238	0	618	0	0	0	246	0	152	0	0	0	1826	670	0	0	0	876	1330	160	382	0	2714	3510	1370	0	388	0	478	0	296	0	310	0	6436	0	0	0	0	0	0	0	146	0	0	0	0	0	0	0	0	0	0	0	0	0	0	0	0	0	0	0	
185828	Hippocampus_R	308	1726	0	710	0	0	0	0	0	0	0	420	0	0	0	0	0	204	108	1110	0	0	0	0	0	0	0	0	0	1804	0	0	0	340	4732	8548	3378	0	630	12970	0	6682	0	1230	0	0	0	3690	0	0	0	268	0	500	0	16708	0	320	0	0	0	0	0	0	0	0	708	5144	324	406	0	1308	0	4480	0	92	0	5428	126	726	0	1516	0	674	0	772	0	126	0	4290	0	0	0	0	0	0	0	192	0	0	0	0	0	0	0	0	0	0	0	0	216	0	0	0	0	0	
31948	ParaHippocampal_L	100	0	0	0	0	0	0	0	0	0	0	0	0	0	100	0	0	0	0	0	404	0	0	0	0	0	0	0	910	0	0	0	0	0	822	826	4452	630	0	0	960	0	0	0	0	0	756	0	0	0	94	0	112	0	1956	0	0	0	0	0	0	0	0	0	0	0	278	0	0	0	0	214	100	0	0	0	342	658	0	0	0	0	904	0	140	0	726	0	254	0	0	0	0	0	0	0	236	0	0	0	0	0	0	0	0	0	0	0	0	0	0	0	0	0	0	0	
74456	ParaHippocampal_R	0	0	0	0	0	0	0	0	0	0	0	0	0	0	0	0	0	0	0	0	0	0	0	0	0	0	0	0	0	292	0	0	0	0	618	1188	578	12970	0	0	0	3038	0	404	0	0	0	1970	0	0	0	176	0	306	0	9514	0	0	0	0	0	0	0	0	0	0	0	1282	0	0	0	0	0	410	0	0	0	464	0	0	0	338	0	1164	0	320	0	812	0	1246	0	0	0	0	0	0	138	0	0	0	0	0	0	0	0	0	0	0	0	0	0	0	0	0	0	0	
25272	Amygdala_L	0	0	0	0	0	0	0	0	0	0	0	0	0	0	0	0	0	0	0	0	210	0	0	0	0	0	0	0	690	0	0	0	0	0	0	0	4706	0	960	0	0	0	0	0	0	0	0	0	0	0	0	0	0	0	2742	0	0	0	0	0	0	0	0	0	0	0	0	0	0	0	100	0	164	0	0	0	0	0	0	0	0	0	424	0	86	0	394	0	2160	0	0	0	0	0	0	0	0	0	0	0	0	0	0	0	0	0	0	0	0	0	0	0	0	0	0	0	
35568	Amygdala_R	0	0	0	0	0	0	0	0	0	0	0	0	0	0	0	0	0	0	0	0	0	0	0	0	0	0	0	0	0	154	0	0	0	0	0	0	0	6682	0	3038	0	0	0	0	0	0	0	0	0	0	0	0	0	0	0	5644	0	0	0	0	0	0	0	0	0	0	0	0	0	0	0	0	0	270	0	0	0	106	0	0	0	0	0	1372	0	0	0	200	0	318	0	0	0	0	0	0	0	0	0	0	0	0	0	0	0	0	0	0	0	0	0	0	0	0	0	0	
214048	Calcarine_L	172	0	0	0	0	0	0	0	0	0	0	0	0	0	0	0	0	0	0	0	0	0	0	0	0	0	0	0	0	0	0	0	698	0	2312	0	848	0	0	0	0	0	0	4246	11660	2248	18670	1736	11712	474	24050	0	4894	0	3454	0	630	0	1068	0	590	0	0	0	0	0	11492	266	1378	0	0	0	0	0	0	0	0	0	0	0	0	0	0	0	1330	0	0	0	2334	0	0	0	0	0	0	0	134	0	428	0	0	0	0	0	0	0	0	0	0	0	0	200	0	0	0	0	
301324	Calcarine_R	0	0	0	0	0	0	0	0	0	0	0	0	0	0	0	0	0	0	0	322	0	0	0	0	0	0	0	0	0	0	0	0	122	1916	0	1774	0	1230	0	404	0	0	4246	0	6444	30846	254	23702	190	24190	0	16816	0	5864	0	4276	0	1552	0	100	0	0	0	132	0	196	724	17698	0	640	0	0	0	0	0	0	0	0	0	220	0	412	0	0	0	2734	0	0	0	2868	0	116	0	0	0	0	0	0	0	148	0	0	0	0	0	0	0	0	0	0	526	0	0	0	0	0	
189164	Cuneus_L	0	0	0	0	0	0	0	0	0	0	0	0	0	0	0	0	0	0	0	0	0	0	0	0	0	0	0	0	0	0	0	0	2888	0	3058	0	96	0	0	0	0	0	11660	6444	0	7376	4166	92	22022	2262	12746	0	1742	0	622	0	90	0	2862	0	734	0	0	0	0	0	14268	664	396	0	0	0	0	0	0	0	0	0	0	0	0	0	0	0	116	0	0	0	278	0	0	0	0	0	0	0	0	0	0	0	0	0	0	0	0	0	0	0	0	0	0	0	0	0	0	0	
313612	Cuneus_R	0	120	0	0	0	0	0	0	0	0	0	0	0	0	0	0	0	0	0	354	0	0	0	0	0	0	0	0	0	0	0	0	128	3752	184	162	0	0	0	0	0	0	2248	30846	7376	0	98	4930	252	46190	0	14692	0	1914	0	1242	0	2000	0	5146	0	1778	0	222	0	2344	3402	23944	0	738	0	0	0	0	0	0	0	0	0	0	0	0	0	0	0	1730	0	0	0	1014	0	0	0	0	0	0	0	0	0	0	0	0	0	0	0	0	0	0	0	0	0	0	0	0	0	0	
187476	Lingual_L	202	0	0	0	0	0	0	0	0	0	0	0	0	0	0	0	0	0	0	0	0	0	0	0	0	0	0	0	0	0	0	0	598	0	2064	0	1764	0	756	0	0	0	18670	254	4166	98	0	338	5422	0	17130	0	5278	0	10036	0	652	0	258	0	140	0	0	0	0	0	8604	0	1390	0	0	0	0	0	0	0	0	0	0	0	0	0	0	0	220	0	0	0	322	0	2592	0	0	0	0	0	4080	120	6618	380	0	0	260	0	0	0	0	0	0	0	516	684	126	0	0	0	
188912	Lingual_R	0	0	0	0	0	0	0	0	0	0	0	0	0	0	0	0	0	0	0	0	0	0	0	0	0	0	0	0	0	0	0	0	0	0	0	2536	0	3690	0	1970	0	0	1736	23702	92	4930	338	0	0	4996	0	5010	0	5908	0	11250	0	0	0	0	0	0	0	0	0	0	398	6570	0	0	0	0	0	0	0	0	0	130	0	0	0	338	0	0	0	2080	0	0	0	3606	266	1034	96	272	0	0	396	2824	620	3628	0	0	0	0	102	424	0	0	0	0	2044	1626	994	424	426	0	
238636	Occipital_Sup_L	380	0	0	0	0	0	0	0	0	0	0	0	0	0	0	0	120	0	0	0	0	0	0	0	0	0	0	0	0	0	0	0	4900	0	2482	0	0	0	0	0	0	0	11712	190	22022	252	5422	0	0	0	32702	0	1828	0	662	0	2162	0	10642	0	5126	0	0	0	106	0	14688	92	664	0	0	0	0	0	0	0	0	0	0	0	142	0	0	0	2168	0	0	0	856	0	0	0	0	0	0	0	0	0	0	0	0	0	0	0	0	0	0	0	0	0	0	0	0	0	0	0	
340252	Occipital_Sup_R	0	202	0	0	0	0	0	0	0	0	0	0	0	0	0	0	0	152	0	416	0	0	0	0	0	0	0	0	0	112	0	0	122	3330	180	104	0	0	0	0	0	0	474	24190	2262	46190	0	4996	0	0	0	27966	0	2100	0	1024	0	3056	0	8600	0	2758	0	1096	0	7130	1800	20512	0	1230	0	0	0	0	0	0	0	0	0	146	0	308	0	0	0	5930	0	0	0	3740	0	0	0	0	0	0	0	0	0	0	0	0	0	0	0	0	0	0	0	0	0	0	0	0	0	0	
447024	Occipital_Mid_L	520	0	102	0	0	0	0	0	0	0	0	0	0	0	0	0	2310	0	90	0	0	0	0	0	0	0	0	0	1186	0	0	0	3284	0	1066	0	0	0	94	0	0	0	24050	0	12746	0	17130	0	32702	0	0	0	19902	0	9180	0	4628	0	13264	0	14680	0	1458	0	10218	0	13772	0	1224	0	0	0	0	0	0	0	0	0	1676	0	1922	0	0	0	23198	0	0	0	12594	0	234	0	0	0	0	0	0	0	282	0	0	0	0	0	0	0	0	0	0	0	0	0	0	0	0	0	
261592	Occipital_Mid_R	0	132	0	0	0	0	0	0	0	0	0	0	0	0	0	0	0	0	0	344	0	0	0	0	0	0	0	0	0	0	0	0	100	1574	120	112	0	268	0	176	0	0	0	16816	0	14692	0	5010	0	27966	0	0	0	8152	0	1862	0	2746	0	4298	0	686	0	472	0	11658	318	10336	0	978	0	0	0	0	0	0	0	0	0	142	0	1320	0	0	0	17208	0	0	0	3310	0	0	0	0	0	0	0	0	0	0	0	0	0	0	0	0	0	0	0	0	0	0	0	0	0	0	
112692	Occipital_Inf_L	384	0	0	0	0	0	0	0	0	0	0	0	0	0	0	0	180	0	0	0	0	0	0	0	0	0	0	0	366	0	0	0	0	0	0	0	94	0	112	0	0	0	4894	0	1742	0	5278	0	1828	0	19902	0	0	0	7700	0	666	0	0	0	268	0	158	0	0	0	1442	0	218	0	0	0	0	0	0	0	0	0	914	0	94	0	0	0	3364	0	0	0	6308	0	120	0	0	0	0	0	0	0	314	0	0	0	0	0	0	0	0	0	0	0	0	0	0	0	0	0	
66180	Occipital_Inf_R	0	0	0	0	0	0	0	0	0	0	0	0	0	0	0	0	0	0	0	0	0	0	0	0	0	0	0	0	0	0	0	0	0	0	0	0	0	500	0	306	0	0	0	5864	0	1914	0	5908	0	2100	0	8152	0	0	0	5642	0	0	0	0	0	0	0	0	0	0	0	0	0	0	0	0	0	0	0	0	0	0	0	0	0	0	0	0	0	588	0	0	0	1706	0	172	0	0	0	0	0	0	0	238	0	0	0	0	0	0	0	0	0	0	0	0	0	0	0	0	
200012	Fusiform_L	458	0	0	0	0	0	0	0	0	0	0	0	0	0	0	0	108	0	0	0	0	0	0	0	0	0	0	0	1724	0	0	0	0	0	0	0	7238	0	1956	0	2742	0	3454	0	622	0	10036	0	662	0	9180	0	7700	0	0	0	288	0	92	0	0	0	0	0	0	0	614	0	0	0	0	0	0	0	0	0	0	0	1252	0	1170	0	3442	0	2928	0	2536	0	14400	0	9636	0	106	0	0	0	4320	0	12902	0	0	0	0	0	92	0	0	0	0	0	186	162	0	0	0	0	
217644	Fusiform_R	0	0	0	0	0	0	0	0	0	0	0	0	0	0	0	0	0	0	0	0	0	0	0	0	0	0	0	0	0	380	0	0	0	0	0	0	0	16708	0	9514	0	5644	0	4276	0	1242	0	11250	0	1024	0	1862	0	5642	0	0	0	0	0	0	0	0	0	0	0	0	0	1032	0	86	0	0	0	676	0	0	0	106	0	158	0	864	0	2870	0	1732	0	2932	0	11138	0	4982	0	268	0	0	244	5336	136	11948	0	0	0	182	0	744	0	0	0	0	2610	1126	756	682	672	0	
186732	Postcentral_L	20450	0	2576	0	0	0	1132	0	0	0	3412	0	0	0	0	0	9076	0	2176	124	0	0	0	0	0	0	0	0	3470	0	0	0	648	0	1204	0	618	0	0	0	0	0	630	0	90	0	652	0	2162	0	4628	0	666	0	288	0	0	0	5164	0	14116	0	8044	0	182	0	3586	0	3522	0	120	0	318	0	0	0	198	0	1232	0	1240	0	0	0	910	0	0	0	732	0	0	0	0	0	0	0	0	0	0	0	0	0	0	0	0	0	0	0	0	0	0	0	0	0	0	0	
124392	Postcentral_R	0	8126	0	1944	0	0	0	584	0	0	0	382	0	0	0	0	0	2326	0	2936	0	0	0	0	0	0	0	0	0	524	0	0	0	2936	0	1480	0	320	0	0	0	0	0	1552	0	2000	0	0	0	3056	0	2746	0	0	0	0	0	0	0	2850	0	4164	0	7166	0	0	140	7490	0	7582	0	164	0	0	0	0	0	160	0	272	0	0	0	0	0	464	0	0	0	832	0	0	0	0	0	0	0	0	0	0	0	0	0	0	0	0	0	0	0	0	0	0	0	0	0	0	
118444	Parietal_Sup_L	1138	0	222	0	0	0	0	0	0	0	0	0	0	0	0	0	1500	0	208	0	0	0	0	0	0	0	0	0	780	0	0	0	728	0	592	0	0	0	0	0	0	0	1068	0	2862	0	258	0	10642	0	13264	0	0	0	92	0	5164	0	0	0	9310	0	836	0	636	0	7964	0	242	0	0	0	0	0	0	0	0	0	0	0	828	0	0	0	658	0	0	0	230	0	0	0	0	0	0	0	0	0	0	0	0	0	0	0	0	0	0	0	0	0	0	0	0	0	0	0	
106040	Parietal_Sup_R	0	448	0	180	0	0	0	0	0	0	0	0	0	0	0	0	0	128	0	204	0	0	0	0	0	0	0	0	0	0	0	0	0	490	0	0	0	0	0	0	0	0	0	100	0	5146	0	0	0	8600	0	4298	0	0	0	0	0	2850	0	0	0	5776	0	3014	0	7324	1616	10212	0	114	0	0	0	0	0	0	0	0	0	0	0	0	0	0	0	1356	0	0	0	1164	0	0	0	0	0	0	0	0	0	0	0	0	0	0	0	0	0	0	0	0	0	0	0	0	0	0	
162752	Parietal_Inf_L	3468	0	1042	0	0	0	0	0	0	0	96	0	0	0	0	0	2628	0	1024	0	0	0	0	0	0	0	0	0	2768	0	0	0	176	0	0	0	246	0	0	0	0	0	590	0	734	0	140	0	5126	0	14680	0	268	0	0	0	14116	0	9310	0	0	0	10922	0	8990	0	610	0	0	0	0	0	0	0	0	0	0	0	924	0	1342	0	0	0	1494	0	0	0	682	0	0	0	0	0	0	0	0	0	0	0	0	0	0	0	0	0	0	0	0	0	0	0	0	0	0	0	
81936	Parietal_Inf_R	0	1608	0	1084	0	0	0	0	0	0	0	0	0	0	0	0	0	306	0	1034	0	0	0	0	0	0	0	0	0	0	0	0	0	210	0	0	0	0	0	0	0	0	0	0	0	1778	0	0	0	2758	0	686	0	0	0	0	0	4164	0	5776	0	0	0	13720	0	5146	106	2162	0	0	0	0	0	0	0	0	0	88	0	0	0	0	0	0	0	342	0	0	0	0	0	0	0	0	0	0	0	0	0	0	0	0	0	0	0	0	0	0	0	0	0	0	0	0	0	0	
81180	SupraMarginal_L	1836	0	1682	0	0	0	0	0	0	0	0	0	0	0	0	0	2244	0	1676	0	0	0	0	0	0	0	0	0	1358	0	0	0	0	0	0	0	152	0	0	0	0	0	0	0	0	0	0	0	0	0	1458	0	158	0	0	0	8044	0	836	0	10922	0	0	0	2296	0	0	0	0	0	0	0	0	0	0	0	0	0	1126	0	3928	0	0	0	2102	0	0	0	772	0	0	0	0	0	0	0	0	0	0	0	0	0	0	0	0	0	0	0	0	0	0	0	0	0	0	0	
85768	SupraMarginal_R	0	3382	0	2482	0	0	0	0	0	0	0	0	0	0	0	0	0	1752	0	2426	0	0	0	0	0	0	0	0	0	126	0	0	0	0	0	0	0	0	0	0	0	0	0	132	0	222	0	0	0	1096	0	472	0	0	0	0	0	7166	0	3014	0	13720	0	0	0	2308	0	346	0	0	0	164	0	0	0	0	0	0	0	120	0	1640	0	0	0	1402	0	0	0	914	0	0	0	0	0	0	0	0	0	0	0	0	0	0	0	0	0	0	0	0	0	0	0	0	0	0	
52688	Angular_L	0	0	0	0	0	0	0	0	0	0	0	0	0	0	0	0	306	0	0	0	0	0	0	0	0	0	0	0	0	0	0	0	0	0	0	0	0	0	0	0	0	0	0	0	0	0	0	0	106	0	10218	0	0	0	0	0	182	0	636	0	8990	0	2296	0	0	0	0	0	0	0	0	0	0	0	0	0	0	0	0	0	380	0	0	0	2840	0	0	0	390	0	0	0	0	0	0	0	0	0	0	0	0	0	0	0	0	0	0	0	0	0	0	0	0	0	0	0	
101048	Angular_R	0	0	0	0	0	0	0	0	0	0	0	0	0	0	0	0	0	96	0	0	0	0	0	0	0	0	0	0	0	0	0	0	0	96	0	0	0	0	0	0	0	0	0	196	0	2344	0	0	0	7130	0	11658	0	0	0	0	0	0	0	7324	0	5146	0	2308	0	0	324	2462	0	0	0	0	0	0	0	0	0	0	0	0	0	2252	0	0	0	7360	0	0	0	1828	0	0	0	0	0	0	0	0	0	0	0	0	0	0	0	0	0	0	0	0	0	0	0	0	0	0	
255176	Precuneus_L	614	0	0	0	0	0	0	0	0	0	0	0	0	0	0	0	188	0	0	152	0	0	0	0	0	0	0	0	300	0	0	0	8698	382	7292	1436	1826	708	278	0	0	0	11492	724	14268	3402	8604	398	14688	1800	13772	318	1442	0	614	0	3586	140	7964	1616	610	106	0	0	0	324	0	8684	4600	132	0	0	0	0	0	0	0	402	122	0	450	0	0	0	3598	254	0	0	1346	122	0	0	0	0	0	0	136	0	0	0	0	0	0	0	0	0	0	0	0	0	0	0	0	0	0	0	
336000	Precuneus_R	232	738	88	160	0	0	0	0	0	0	0	0	0	0	0	0	0	146	276	4824	0	0	0	0	0	0	0	0	0	116	0	0	994	12604	1260	10986	670	5144	0	1282	0	0	266	17698	664	23944	0	6570	92	20512	0	10336	0	0	0	1032	0	7490	0	10212	0	2162	0	346	0	2462	8684	0	596	6916	0	454	0	0	0	0	0	832	0	188	0	226	0	0	0	2272	0	0	0	3592	0	0	0	0	0	0	0	138	0	0	0	0	0	0	0	0	0	0	0	0	796	0	0	0	0	0	
119868	Paracentral_Lobule_L	8428	1542	540	0	0	0	0	0	0	0	0	0	0	0	0	0	0	0	5862	11680	0	0	0	0	0	0	0	0	0	0	0	0	2262	3756	6152	1736	0	324	0	0	0	0	1378	0	396	0	1390	0	664	0	1224	0	218	0	0	0	3522	0	242	0	0	0	0	0	0	0	4600	596	0	2200	176	416	0	0	0	0	0	270	0	0	0	0	0	0	200	0	0	0	160	0	0	0	0	0	0	0	0	0	0	0	0	0	0	0	0	0	0	0	0	0	0	0	0	0	0	0	
123688	Paracentral_Lobule_R	624	1938	246	142	0	0	0	0	0	0	0	0	0	0	0	0	0	0	516	13358	0	0	0	0	0	0	0	0	0	0	0	0	620	12114	538	7754	0	406	0	0	0	0	0	640	0	738	0	0	0	1230	0	978	0	0	0	86	0	7582	0	114	0	0	0	0	0	0	132	6916	2200	0	0	916	0	0	0	0	0	750	0	0	0	0	0	0	0	430	0	0	0	876	0	0	0	0	0	0	0	0	0	0	0	0	0	0	0	0	0	0	0	0	0	0	0	0	0	0	
282832	Caudate_L	6522	716	12416	4158	952	0	3472	2062	0	0	1224	3842	0	2780	164	1298	570	1206	12394	4744	4312	4496	1020	332	572	216	1470	338	2086	6034	11916	4798	0	1904	0	0	0	0	0	0	100	0	0	0	0	0	0	0	0	0	0	0	0	0	0	0	120	0	0	0	0	0	0	0	0	0	0	0	176	0	0	11152	21054	2230	2248	0	4980	848	0	0	172	0	322	0	0	0	0	0	0	0	0	0	0	0	0	0	0	0	0	0	0	0	0	0	0	0	0	0	0	0	0	0	0	0	0	0	
348876	Caudate_R	432	1588	1030	14728	0	1532	114	672	0	1056	0	5108	0	3162	0	5848	0	3234	1700	20160	1942	3012	256	7288	0	2186	0	1944	108	9158	3434	20982	0	2926	1238	1656	876	1308	214	0	0	0	0	0	0	0	0	0	0	0	0	0	0	0	0	0	0	164	0	0	0	0	0	164	0	0	0	454	416	916	11152	0	2108	23012	0	1546	112	15502	0	0	0	0	0	0	0	0	0	0	0	0	0	0	0	0	0	0	0	0	0	0	0	0	0	0	0	0	0	0	0	0	0	0	0	0	0	0	
286800	Putamen_L	5006	182	21026	1092	3604	0	1302	744	94	0	462	644	232	456	3080	174	2000	166	20040	1304	1584	924	2684	188	1398	0	1864	0	22088	1040	13436	2660	0	408	0	0	1330	0	100	0	164	0	0	0	0	0	0	0	0	0	0	0	0	0	0	0	318	0	0	0	0	0	0	0	0	0	0	0	0	0	21054	2108	0	526	5284	0	1214	0	0	0	654	0	530	0	114	0	0	0	122	0	0	0	0	0	0	0	0	0	0	0	0	0	0	0	0	0	0	0	0	0	0	0	0	0	0	0	
329964	Putamen_R	214	1404	984	17696	0	2770	138	2230	0	1248	0	6814	0	2800	0	2456	0	5420	1660	13364	798	1192	270	9860	0	3502	0	3298	0	23956	2446	19106	0	5462	172	198	160	4480	0	410	0	270	0	0	0	0	0	0	0	0	0	0	0	0	0	676	0	0	0	0	0	0	0	0	0	0	0	0	0	0	2230	23012	526	0	0	1446	0	1870	0	0	0	0	0	444	0	0	0	0	0	0	0	0	0	0	0	0	0	0	0	0	0	0	0	0	0	0	0	0	0	0	0	0	0	0	0	0	
48188	Pallidum_L	2450	102	4616	0	0	0	1526	0	0	0	0	0	0	0	0	0	534	0	2782	0	0	0	0	0	0	0	0	0	710	0	0	0	0	0	0	0	382	0	0	0	0	0	0	0	0	0	0	0	0	0	0	0	0	0	0	0	0	0	0	0	0	0	0	0	0	0	0	0	0	0	2248	0	5284	0	0	0	3320	140	0	0	0	0	0	0	0	0	0	0	0	0	0	0	0	0	0	0	0	0	0	0	0	0	0	0	0	0	0	0	0	0	0	0	0	0	0	0	
15328	Pallidum_R	0	0	0	1930	0	0	0	86	0	0	0	0	0	0	0	0	0	0	0	2342	0	0	0	0	0	0	0	0	0	0	0	0	0	0	0	0	0	92	0	0	0	0	0	0	0	0	0	0	0	0	0	0	0	0	0	0	0	0	0	0	0	0	0	0	0	0	0	0	0	0	0	1546	0	1446	0	0	0	222	0	0	0	0	0	0	0	0	0	0	0	0	0	0	0	0	0	0	0	0	0	0	0	0	0	0	0	0	0	0	0	0	0	0	0	0	0	0	
105992	Thalamus_L	17046	0	4538	0	0	0	7990	0	0	0	0	0	0	0	0	0	504	0	510	0	0	0	0	0	0	0	0	0	1164	0	0	0	0	0	396	652	2714	0	342	0	0	0	0	0	0	0	0	0	0	0	0	0	0	0	0	0	198	0	0	0	0	0	0	0	0	0	0	0	0	0	4980	112	1214	0	3320	0	0	6960	356	0	0	0	0	0	0	0	0	0	0	0	0	0	0	0	0	0	0	0	0	0	0	0	0	0	0	0	0	0	0	0	0	0	0	0	0	0	
125700	Thalamus_R	1196	692	0	3346	0	0	214	98	0	0	0	0	0	0	0	0	0	0	0	6566	0	0	0	0	0	0	0	0	0	590	0	0	0	362	4968	5834	3510	5428	658	464	0	106	0	0	0	0	0	130	0	0	0	0	0	0	0	106	0	160	0	0	0	88	0	0	0	0	402	832	270	750	848	15502	0	1870	140	222	6960	0	352	94	0	92	0	0	0	0	0	0	0	0	0	0	0	0	0	0	0	0	0	0	0	0	0	0	0	0	0	0	0	0	0	0	0	0	0	0	
53620	Heschl_L	1210	0	264	0	0	0	324	0	0	0	148	0	0	0	0	0	1390	0	180	0	0	0	0	0	0	0	0	0	4106	0	0	0	0	0	328	328	1370	126	0	0	0	0	0	0	0	0	0	0	0	0	1676	0	914	0	1252	0	1232	0	0	0	924	0	1126	0	0	0	122	0	0	0	0	0	0	0	0	0	356	352	0	0	2932	0	0	0	3474	0	0	0	2676	0	0	0	0	0	0	0	0	0	0	0	0	0	0	0	0	0	0	0	0	0	0	0	0	0	0	0	
30328	Heschl_R	0	222	0	88	0	0	0	110	0	0	0	0	0	0	0	0	0	2134	0	184	0	0	0	0	0	0	0	0	0	1870	0	150	0	0	0	0	0	726	0	0	0	0	0	220	0	0	0	0	0	146	0	142	0	0	0	158	0	272	0	0	0	0	0	120	0	0	0	188	0	0	0	0	0	0	0	0	0	94	0	0	0	7012	0	0	0	1058	0	0	0	270	0	0	0	0	0	0	0	0	0	0	0	0	0	0	0	0	0	0	0	0	0	0	0	0	0	0	
142436	Temporal_Sup_L	1712	0	1814	0	0	0	722	0	0	0	2982	0	156	0	0	0	6702	0	1438	92	0	0	0	0	0	0	0	0	7472	0	0	0	208	0	0	0	388	0	0	0	0	0	0	0	0	0	0	0	142	0	1922	0	94	0	1170	0	1240	0	828	0	1342	0	3928	0	380	0	450	0	0	0	172	0	654	0	0	0	0	0	2932	0	0	0	3542	0	17910	0	0	0	10826	0	0	0	0	0	0	0	0	0	0	0	0	0	0	0	0	0	0	0	0	0	0	0	0	0	0	0	
74500	Temporal_Sup_R	0	0	0	0	0	0	0	0	0	0	0	0	0	0	0	0	0	926	0	0	0	0	0	0	0	0	0	0	0	1880	0	0	0	0	0	0	0	1516	0	338	0	0	0	412	0	0	0	338	0	308	0	1320	0	0	0	864	0	0	0	0	0	0	0	1640	0	2252	0	226	0	0	0	0	0	0	0	0	0	92	0	7012	0	0	0	2012	0	12152	0	134	0	3828	0	0	0	0	0	0	0	0	0	0	0	0	0	0	0	0	0	0	0	0	0	0	0	0	0	0	
103356	Temporal_Pole_Sup_L	446	0	2024	0	274	0	682	0	98	0	3234	0	880	0	3390	0	3326	0	1444	0	352	0	86	0	0	0	94	0	5938	118	258	0	0	0	0	0	478	0	904	0	424	0	0	0	0	0	0	0	0	0	0	0	0	0	3442	0	0	0	0	0	0	0	0	0	0	0	0	0	0	0	322	0	530	0	0	0	0	0	0	0	3542	0	0	0	7316	0	4698	0	7378	0	0	0	0	0	0	0	0	0	0	0	0	0	0	0	0	0	0	0	0	0	0	0	0	0	0	0	
33160	Temporal_Pole_Sup_R	0	0	0	0	0	0	0	0	0	0	0	336	0	0	0	0	0	730	0	0	0	0	0	0	0	0	0	0	0	1164	0	0	0	0	0	0	0	674	0	1164	0	1372	0	0	0	0	0	0	0	0	0	0	0	0	0	2870	0	0	0	0	0	0	0	0	0	0	0	0	0	0	0	0	0	444	0	0	0	0	0	0	0	2012	0	0	0	1828	0	2784	0	1202	0	0	0	0	0	0	0	0	0	0	0	0	0	0	0	0	0	0	0	0	0	0	0	0	0	0	
242992	Temporal_Mid_L	158	0	0	0	0	0	0	0	0	0	0	0	0	0	0	0	670	0	0	0	0	0	0	0	0	0	0	0	2938	0	0	0	1396	0	0	0	296	0	140	0	86	0	1330	0	116	0	220	0	2168	0	23198	0	3364	0	2928	0	910	0	658	0	1494	0	2102	0	2840	0	3598	0	200	0	0	0	114	0	0	0	0	0	3474	0	17910	0	7316	0	0	0	5156	0	36716	0	0	0	0	0	0	0	0	0	0	0	0	0	0	0	0	0	0	0	0	0	0	0	0	0	0	0	
169428	Temporal_Mid_R	0	0	0	0	0	0	0	0	0	0	0	0	0	0	0	0	0	0	0	104	0	0	0	0	0	0	0	0	0	442	0	0	0	256	0	0	0	772	0	320	0	0	0	2734	0	1730	0	2080	0	5930	0	17208	0	588	0	1732	0	464	0	1356	0	342	0	1402	0	7360	254	2272	0	430	0	0	0	0	0	0	0	0	0	1058	0	12152	0	1828	0	0	0	814	0	21086	0	0	0	0	0	0	0	0	0	0	0	0	0	0	0	0	0	0	0	0	0	0	0	0	0	0	
39856	Temporal_Pole_Mid_L	0	0	0	0	0	0	0	0	0	0	0	0	0	0	0	0	0	0	0	0	0	0	0	0	0	0	0	0	256	0	0	0	0	0	0	0	310	0	726	0	394	0	0	0	0	0	0	0	0	0	0	0	0	0	2536	0	0	0	0	0	0	0	0	0	0	0	0	0	0	0	0	0	0	0	0	0	0	0	0	0	0	0	4698	0	5156	0	0	0	5852	0	0	0	0	0	0	0	0	0	0	0	0	0	0	0	0	0	0	0	0	0	0	0	0	0	0	0	
18744	Temporal_Pole_Mid_R	0	0	0	0	0	0	0	0	0	0	0	0	0	0	0	0	0	0	0	0	0	0	0	0	0	0	0	0	0	0	0	0	0	0	0	0	0	126	0	812	0	200	0	0	0	0	0	0	0	0	0	0	0	0	0	2932	0	0	0	0	0	0	0	0	0	0	0	0	0	0	0	0	0	0	0	0	0	0	0	0	0	134	0	2784	0	814	0	0	0	1570	0	0	0	0	0	0	0	0	0	0	0	0	0	0	0	0	0	0	0	0	0	0	0	0	0	0	
238920	Temporal_Inf_L	270	0	0	0	0	0	0	0	0	0	0	0	0	0	0	0	1120	0	0	0	0	0	0	0	0	0	0	0	3686	0	0	0	348	0	0	0	6436	0	254	0	2160	0	2334	0	278	0	322	0	856	0	12594	0	6308	0	14400	0	732	0	230	0	682	0	772	0	390	0	1346	0	160	0	0	0	122	0	0	0	0	0	2676	0	10826	0	7378	0	36716	0	5852	0	0	0	212	0	0	0	0	0	0	0	0	0	0	0	0	0	0	0	0	0	0	0	0	0	0	0	0	0	
146496	Temporal_Inf_R	0	888	0	0	0	0	0	0	0	0	0	0	0	0	0	0	0	0	0	102	0	0	0	0	0	0	0	0	0	398	0	0	0	472	0	218	0	4290	0	1246	0	318	0	2868	0	1014	0	3606	0	3740	0	3310	0	1706	0	11138	0	832	0	1164	0	0	0	914	0	1828	122	3592	0	876	0	0	0	0	0	0	0	0	0	270	0	3828	0	1202	0	21086	0	1570	0	0	0	456	0	0	0	0	0	0	0	194	0	0	0	0	0	0	0	0	0	0	0	0	0	0	0	0	
224020	Cerebelum_Crus1_L	0	0	0	0	0	0	0	0	0	0	0	0	0	0	0	0	0	0	0	0	0	0	0	0	0	0	0	0	0	0	0	0	0	0	0	0	0	0	0	0	0	0	0	0	0	0	2592	266	0	0	234	0	120	0	9636	0	0	0	0	0	0	0	0	0	0	0	0	0	0	0	0	0	0	0	0	0	0	0	0	0	0	0	0	0	0	0	0	0	212	0	0	1434	20904	1248	0	0	8268	132	33246	1672	6348	0	12844	714	1778	694	0	0	0	0	806	3550	3384	1042	714	172	
200536	Cerebelum_Crus1_R	0	0	0	0	0	0	0	0	0	0	0	0	0	0	0	0	0	0	0	0	0	0	0	0	0	0	0	0	0	0	0	0	0	0	0	0	0	0	0	0	0	0	0	116	0	0	0	1034	0	0	0	0	0	172	0	4982	0	0	0	0	0	0	0	0	0	0	0	0	0	0	0	0	0	0	0	0	0	0	0	0	0	0	0	0	0	0	0	0	0	456	1434	0	156	24898	0	88	146	2534	1550	25366	0	862	0	17666	0	2674	0	1246	0	0	992	3552	6828	1904	1612	0	
143372	Cerebelum_Crus2_L	0	0	0	0	0	0	0	0	0	0	0	0	0	0	0	0	0	0	0	0	0	0	0	0	0	0	0	0	0	0	0	0	0	0	0	0	0	0	0	0	0	0	0	0	0	0	0	96	0	0	0	0	0	0	106	0	0	0	0	0	0	0	0	0	0	0	0	0	0	0	0	0	0	0	0	0	0	0	0	0	0	0	0	0	0	0	0	0	0	0	20904	156	0	770	0	0	498	0	2258	254	22108	406	20254	562	398	116	0	0	0	0	0	684	1374	742	0	0	
152920	Cerebelum_Crus2_R	0	0	0	0	0	0	0	0	0	0	0	0	0	0	0	0	0	0	0	0	0	0	0	0	0	0	0	0	0	0	0	0	0	0	0	0	0	0	0	0	0	0	0	0	0	0	0	272	0	0	0	0	0	0	0	268	0	0	0	0	0	0	0	0	0	0	0	0	0	0	0	0	0	0	0	0	0	0	0	0	0	0	0	0	0	0	0	0	0	0	1248	24898	770	0	0	0	0	154	674	3470	274	6876	612	23324	0	2126	0	1014	0	0	92	1018	6000	2132	1238	0	
13644	Cerebelum_3_L	0	0	0	0	0	0	0	0	0	0	0	0	0	0	0	0	0	0	0	0	0	0	0	0	0	0	0	0	0	0	0	0	0	0	0	0	0	0	0	0	0	0	0	0	0	0	0	0	0	0	0	0	0	0	0	0	0	0	0	0	0	0	0	0	0	0	0	0	0	0	0	0	0	0	0	0	0	0	0	0	0	0	0	0	0	0	0	0	0	0	0	0	0	0	0	492	4626	0	0	0	0	0	0	0	172	0	0	0	324	1096	112	0	0	0	0	0	
14920	Cerebelum_3_R	0	0	0	0	0	0	0	0	0	0	0	0	0	0	0	0	0	0	0	0	0	0	0	0	0	0	0	0	0	0	0	0	0	0	0	0	0	0	0	0	0	0	0	0	0	0	0	0	0	0	0	0	0	0	0	0	0	0	0	0	0	0	0	0	0	0	0	0	0	0	0	0	0	0	0	0	0	0	0	0	0	0	0	0	0	0	0	0	0	0	0	88	0	0	492	0	724	1280	0	912	0	0	0	0	120	388	0	0	342	994	1040	310	160	194	416	0	
140712	Cerebelum_4_5_L	0	0	0	0	0	0	0	0	0	0	0	0	0	0	0	0	0	0	0	0	0	0	0	0	0	0	0	0	0	0	0	0	0	0	0	0	146	0	236	138	0	0	134	0	0	0	4080	396	0	0	0	0	0	0	4320	244	0	0	0	0	0	0	0	0	0	0	136	0	0	0	0	0	0	0	0	0	0	0	0	0	0	0	0	0	0	0	0	0	0	0	8268	146	498	0	4626	724	0	2468	19184	1492	676	0	3432	0	6030	704	114	0	244	702	7668	1438	346	434	768	564	
82528	Cerebelum_4_5_R	0	0	0	0	0	0	0	0	0	0	0	0	0	0	0	0	0	0	0	0	0	0	0	0	0	0	0	0	0	0	0	0	0	0	0	0	0	192	0	0	0	0	0	0	0	0	120	2824	0	0	0	0	0	0	0	5336	0	0	0	0	0	0	0	0	0	0	0	138	0	0	0	0	0	0	0	0	0	0	0	0	0	0	0	0	0	0	0	0	0	0	132	2534	0	154	0	1280	2468	0	988	11886	0	0	0	476	700	730	0	168	0	360	8456	906	536	344	442	94	
205836	Cerebelum_6_L	0	0	0	0	0	0	0	0	0	0	0	0	0	0	0	0	0	0	0	0	0	0	0	0	0	0	0	0	0	0	0	0	0	0	0	0	0	0	0	0	0	0	428	0	0	0	6618	620	0	0	282	0	314	0	12902	136	0	0	0	0	0	0	0	0	0	0	0	0	0	0	0	0	0	0	0	0	0	0	0	0	0	0	0	0	0	0	0	0	0	0	33246	1550	2258	674	0	0	19184	988	0	2638	1420	0	4018	0	3610	274	162	0	0	0	3424	5294	2336	262	280	0	
196716	Cerebelum_6_R	0	0	0	0	0	0	0	0	0	0	0	0	0	0	0	0	0	0	0	0	0	0	0	0	0	0	0	0	0	0	0	0	0	0	0	0	0	0	0	0	0	0	0	148	0	0	380	3628	0	0	0	0	0	238	0	11948	0	0	0	0	0	0	0	0	0	0	0	0	0	0	0	0	0	0	0	0	0	0	0	0	0	0	0	0	0	0	0	0	0	194	1672	25366	254	3470	0	912	1492	11886	2638	0	0	0	0	3684	440	3482	0	1120	164	244	6812	6264	6496	2750	2676	0	
105268	Cerebelum_7b_L	0	0	0	0	0	0	0	0	0	0	0	0	0	0	0	0	0	0	0	0	0	0	0	0	0	0	0	0	0	0	0	0	0	0	0	0	0	0	0	0	0	0	0	0	0	0	0	0	0	0	0	0	0	0	0	0	0	0	0	0	0	0	0	0	0	0	0	0	0	0	0	0	0	0	0	0	0	0	0	0	0	0	0	0	0	0	0	0	0	0	6348	0	22108	274	0	0	676	0	1420	0	0	0	19984	350	320	0	126	0	0	0	0	0	448	580	0	0	
31968	Cerebelum_7b_R	0	0	0	0	0	0	0	0	0	0	0	0	0	0	0	0	0	0	0	0	0	0	0	0	0	0	0	0	0	0	0	0	0	0	0	0	0	0	0	0	0	0	0	0	0	0	0	0	0	0	0	0	0	0	0	0	0	0	0	0	0	0	0	0	0	0	0	0	0	0	0	0	0	0	0	0	0	0	0	0	0	0	0	0	0	0	0	0	0	0	0	862	406	6876	0	0	0	0	0	0	0	0	110	6340	0	0	0	0	0	0	0	0	1074	316	0	0	
173108	Cerebelum_8_L	0	0	0	0	0	0	0	0	0	0	0	0	0	0	0	0	0	0	0	0	0	0	0	0	0	0	0	0	0	0	0	0	0	0	0	0	0	0	0	0	0	0	0	0	0	0	260	0	0	0	0	0	0	0	0	0	0	0	0	0	0	0	0	0	0	0	0	0	0	0	0	0	0	0	0	0	0	0	0	0	0	0	0	0	0	0	0	0	0	0	12844	0	20254	612	0	0	3432	0	4018	0	19984	110	0	1646	10816	1242	4536	0	0	0	266	142	1982	2704	1482	224	
144472	Cerebelum_8_R	0	0	0	0	0	0	0	0	0	0	0	0	0	0	0	0	0	0	0	0	0	0	0	0	0	0	0	0	0	0	0	0	0	0	0	0	0	0	0	0	0	0	0	0	0	0	0	0	0	0	0	0	0	0	0	182	0	0	0	0	0	0	0	0	0	0	0	0	0	0	0	0	0	0	0	0	0	0	0	0	0	0	0	0	0	0	0	0	0	0	714	17666	562	23324	0	0	0	476	0	3684	350	6340	1646	0	522	6836	198	2426	0	0	260	0	3584	2468	998	0	
81764	Cerebelum_9_L	0	0	0	0	0	0	0	0	0	0	0	0	0	0	0	0	0	0	0	0	0	0	0	0	0	0	0	0	0	0	0	0	0	0	0	0	0	0	0	0	0	0	0	0	0	0	0	102	0	0	0	0	0	0	92	0	0	0	0	0	0	0	0	0	0	0	0	0	0	0	0	0	0	0	0	0	0	0	0	0	0	0	0	0	0	0	0	0	0	0	1778	0	398	0	172	120	6030	700	3610	440	320	0	10816	522	0	1740	5168	0	0	0	2184	1562	1376	1426	1662	664	
95136	Cerebelum_9_R	0	0	0	0	0	0	0	0	0	0	0	0	0	0	0	0	0	0	0	0	0	0	0	0	0	0	0	0	0	0	0	0	0	0	0	0	0	0	0	0	0	0	0	0	0	0	0	424	0	0	0	0	0	0	0	744	0	0	0	0	0	0	0	0	0	0	0	0	0	0	0	0	0	0	0	0	0	0	0	0	0	0	0	0	0	0	0	0	0	0	694	2674	116	2126	0	388	704	730	274	3482	0	0	1242	6836	1740	0	290	2478	128	140	1454	2760	4590	5530	6586	1438	
21188	Cerebelum_10_L	0	0	0	0	0	0	0	0	0	0	0	0	0	0	0	0	0	0	0	0	0	0	0	0	0	0	0	0	0	0	0	0	0	0	0	0	0	0	0	0	0	0	0	0	0	0	0	0	0	0	0	0	0	0	0	0	0	0	0	0	0	0	0	0	0	0	0	0	0	0	0	0	0	0	0	0	0	0	0	0	0	0	0	0	0	0	0	0	0	0	0	0	0	0	0	0	114	0	162	0	126	0	4536	198	5168	290	0	0	0	0	0	0	0	0	0	0	
20624	Cerebelum_10_R	0	0	0	0	0	0	0	0	0	0	0	0	0	0	0	0	0	0	0	0	0	0	0	0	0	0	0	0	0	0	0	0	0	0	0	0	0	0	0	0	0	0	0	0	0	0	0	0	0	0	0	0	0	0	0	0	0	0	0	0	0	0	0	0	0	0	0	0	0	0	0	0	0	0	0	0	0	0	0	0	0	0	0	0	0	0	0	0	0	0	0	1246	0	1014	0	0	0	168	0	1120	0	0	0	2426	0	2478	0	0	0	0	100	0	774	454	532	0	
7876	Vermis_1_2	0	0	0	0	0	0	0	0	0	0	0	0	0	0	0	0	0	0	0	0	0	0	0	0	0	0	0	0	0	0	0	0	0	0	0	0	0	0	0	0	0	0	0	0	0	0	0	0	0	0	0	0	0	0	0	0	0	0	0	0	0	0	0	0	0	0	0	0	0	0	0	0	0	0	0	0	0	0	0	0	0	0	0	0	0	0	0	0	0	0	0	0	0	0	324	342	244	0	0	164	0	0	0	0	0	128	0	0	0	2344	192	96	0	0	104	0	
12840	Vermis_3	0	0	0	0	0	0	0	0	0	0	0	0	0	0	0	0	0	0	0	0	0	0	0	0	0	0	0	0	0	0	0	0	0	0	0	0	0	0	0	0	0	0	0	0	0	0	0	0	0	0	0	0	0	0	0	0	0	0	0	0	0	0	0	0	0	0	0	0	0	0	0	0	0	0	0	0	0	0	0	0	0	0	0	0	0	0	0	0	0	0	0	0	0	0	1096	994	702	360	0	244	0	0	0	0	0	140	0	0	2344	0	226	120	0	0	194	0	
97144	Vermis_4_5	0	0	0	0	0	0	0	0	0	0	0	0	0	0	0	0	0	0	0	0	0	0	0	0	0	0	0	0	0	0	0	0	0	0	0	218	0	216	0	0	0	0	0	526	0	0	516	2044	0	0	0	0	0	0	186	2610	0	0	0	0	0	0	0	0	0	0	0	796	0	0	0	0	0	0	0	0	0	0	0	0	0	0	0	0	0	0	0	0	0	0	806	992	0	92	112	1040	7668	8456	3424	6812	0	0	266	260	2184	1454	0	100	192	226	0	3102	564	750	1544	1416	
92416	Vermis_6	0	0	0	0	0	0	0	0	0	0	0	0	0	0	0	0	0	0	0	0	0	0	0	0	0	0	0	0	0	0	0	0	0	0	0	0	0	0	0	0	0	0	200	0	0	0	684	1626	0	0	0	0	0	0	162	1126	0	0	0	0	0	0	0	0	0	0	0	0	0	0	0	0	0	0	0	0	0	0	0	0	0	0	0	0	0	0	0	0	0	0	3550	3552	684	1018	0	310	1438	906	5294	6264	0	0	142	0	1562	2760	0	0	96	120	3102	0	5104	2026	2980	1502	
121120	Vermis_7	0	0	0	0	0	0	0	0	0	0	0	0	0	0	0	0	0	0	0	0	0	0	0	0	0	0	0	0	0	0	0	0	0	0	0	0	0	0	0	0	0	0	0	0	0	0	126	994	0	0	0	0	0	0	0	756	0	0	0	0	0	0	0	0	0	0	0	0	0	0	0	0	0	0	0	0	0	0	0	0	0	0	0	0	0	0	0	0	0	0	3384	6828	1374	6000	0	160	346	536	2336	6496	448	1074	1982	3584	1376	4590	0	774	0	0	564	5104	0	6110	4888	730	
80980	Vermis_8	0	0	0	0	0	0	0	0	0	0	0	0	0	0	0	0	0	0	0	0	0	0	0	0	0	0	0	0	0	0	0	0	0	0	0	0	0	0	0	0	0	0	0	0	0	0	0	424	0	0	0	0	0	0	0	682	0	0	0	0	0	0	0	0	0	0	0	0	0	0	0	0	0	0	0	0	0	0	0	0	0	0	0	0	0	0	0	0	0	0	1042	1904	742	2132	0	194	434	344	262	2750	580	316	2704	2468	1426	5530	0	454	0	0	750	2026	6110	0	6292	924	
76260	Vermis_9	0	0	0	0	0	0	0	0	0	0	0	0	0	0	0	0	0	0	0	0	0	0	0	0	0	0	0	0	0	0	0	0	0	0	0	0	0	0	0	0	0	0	0	0	0	0	0	426	0	0	0	0	0	0	0	672	0	0	0	0	0	0	0	0	0	0	0	0	0	0	0	0	0	0	0	0	0	0	0	0	0	0	0	0	0	0	0	0	0	0	714	1612	0	1238	0	416	768	442	280	2676	0	0	1482	998	1662	6586	0	532	104	194	1544	2980	4888	6292	0	1624	
18704	Vermis_10	0	0	0	0	0	0	0	0	0	0	0	0	0	0	0	0	0	0	0	0	0	0	0	0	0	0	0	0	0	0	0	0	0	0	0	0	0	0	0	0	0	0	0	0	0	0	0	0	0	0	0	0	0	0	0	0	0	0	0	0	0	0	0	0	0	0	0	0	0	0	0	0	0	0	0	0	0	0	0	0	0	0	0	0	0	0	0	0	0	0	172	0	0	0	0	0	564	94	0	0	0	0	224	0	664	1438	0	0	0	0	1416	1502	730	924	1624	0	
