data	data	584684	315052	946152	680840	163044	181024	836504	323344	138108	57996	263448	200812	333244	250420	209212	123108	280900	103724	410048	531408	86852	83668	473356	412064	53036	130596	55960	60860	673588	362280	468724	678920	169928	501328	168660	217136	257396	308800	52988	128792	29624	40160	163288	249664	162648	270856	167300	215512	189756	313488	566648	213504	193596	108076	310048	291732	380800	177868	227056	64292	279408	89268	128652	116880	136300	81640	194628	372592	156036	163284	318368	370292	279212	257744	41924	25964	128792	174364	66740	41652	238520	111592	111288	70720	307612	268812	27560	21888	234256	222832	354688	362552	349896	289244	11952	25652	187028	148968	330792	323816	218044	73336	259320	194984	43700	45336	6488	7988	11832	23152	117024	86072	141676	76296	42076	10540	
data	data	Precentral_L	Precentral_R	Frontal_Sup_L	Frontal_Sup_R	Frontal_Sup_Orb_L	Frontal_Sup_Orb_R	Frontal_Mid_L	Frontal_Mid_R	Frontal_Mid_Orb_L	Frontal_Mid_Orb_R	Frontal_Inf_Oper_L	Frontal_Inf_Oper_R	Frontal_Inf_Tri_L	Frontal_Inf_Tri_R	Frontal_Inf_Orb_L	Frontal_Inf_Orb_R	Rolandic_Oper_L	Rolandic_Oper_R	Supp_Motor_Area_L	Supp_Motor_Area_R	Olfactory_L	Olfactory_R	Frontal_Sup_Medial_L	Frontal_Sup_Medial_R	Frontal_Med_Orb_L	Frontal_Med_Orb_R	Rectus_L	Rectus_R	Insula_L	Insula_R	Cingulum_Ant_L	Cingulum_Ant_R	Cingulum_Mid_L	Cingulum_Mid_R	Cingulum_Post_L	Cingulum_Post_R	Hippocampus_L	Hippocampus_R	ParaHippocampal_L	ParaHippocampal_R	Amygdala_L	Amygdala_R	Calcarine_L	Calcarine_R	Cuneus_L	Cuneus_R	Lingual_L	Lingual_R	Occipital_Sup_L	Occipital_Sup_R	Occipital_Mid_L	Occipital_Mid_R	Occipital_Inf_L	Occipital_Inf_R	Fusiform_L	Fusiform_R	Postcentral_L	Postcentral_R	Parietal_Sup_L	Parietal_Sup_R	Parietal_Inf_L	Parietal_Inf_R	SupraMarginal_L	SupraMarginal_R	Angular_L	Angular_R	Precuneus_L	Precuneus_R	Paracentral_Lobule_L	Paracentral_Lobule_R	Caudate_L	Caudate_R	Putamen_L	Putamen_R	Pallidum_L	Pallidum_R	Thalamus_L	Thalamus_R	Heschl_L	Heschl_R	Temporal_Sup_L	Temporal_Sup_R	Temporal_Pole_Sup_L	Temporal_Pole_Sup_R	Temporal_Mid_L	Temporal_Mid_R	Temporal_Pole_Mid_L	Temporal_Pole_Mid_R	Temporal_Inf_L	Temporal_Inf_R	Cerebelum_Crus1_L	Cerebelum_Crus1_R	Cerebelum_Crus2_L	Cerebelum_Crus2_R	Cerebelum_3_L	Cerebelum_3_R	Cerebelum_4_5_L	Cerebelum_4_5_R	Cerebelum_6_L	Cerebelum_6_R	Cerebelum_7b_L	Cerebelum_7b_R	Cerebelum_8_L	Cerebelum_8_R	Cerebelum_9_L	Cerebelum_9_R	Cerebelum_10_L	Cerebelum_10_R	Vermis_1_2	Vermis_3	Vermis_4_5	Vermis_6	Vermis_7	Vermis_8	Vermis_9	Vermis_10	
584684	Precentral_L	0	10292	13924	1122	0	0	38490	236	0	0	17998	824	3096	578	0	0	20470	136	6408	10526	0	0	1550	246	0	0	0	0	18042	414	3588	812	1038	4614	5440	1956	6130	668	406	0	0	0	968	0	1774	0	306	0	264	0	9686	0	2130	0	1670	0	40606	0	4178	0	3344	0	1072	0	574	0	2036	148	10408	3870	5412	2176	8828	146	2262	0	5148	2234	3344	0	4108	0	1536	0	3878	0	0	0	1076	0	0	0	0	0	0	0	0	0	156	0	0	0	0	0	0	0	0	0	0	0	0	0	0	0	0	0	
315052	Precentral_R	10292	0	1300	12736	0	0	1768	12410	0	0	0	3946	0	280	0	0	0	2248	1524	8084	0	0	0	0	0	0	0	0	204	3934	436	1372	334	1622	3336	7982	2056	7144	192	1472	0	0	0	780	0	910	0	352	0	722	102	618	0	1380	0	566	434	12134	202	120	0	978	0	1456	0	120	0	3554	4532	7944	1194	9490	166	4218	0	2120	2092	14988	118	196	0	112	0	0	0	470	0	0	0	786	0	0	0	0	0	0	0	0	0	0	0	0	0	0	0	0	0	0	0	0	0	0	0	0	0	0	
946152	Frontal_Sup_L	13924	1300	0	17896	8738	414	100006	696	4900	0	6580	1374	20712	402	10592	136	4608	1506	48816	22248	120	0	56392	12788	1654	0	172	0	28354	1958	24912	11812	4388	10748	350	248	3172	236	102	0	0	0	0	0	0	0	0	0	0	0	894	0	216	734	324	0	4454	0	200	0	232	0	0	0	0	0	0	0	974	0	16360	4410	6384	490	1040	476	8702	428	292	198	1370	0	834	708	592	150	0	0	360	0	0	0	0	0	0	0	0	0	0	0	0	0	0	0	0	0	0	0	0	0	0	0	0	0	0	0	
680840	Frontal_Sup_R	1122	12736	17896	0	170	9140	7078	40692	0	2464	130	6420	474	16522	122	7530	0	574	13800	34406	0	0	12408	39106	242	4552	0	0	1184	8130	9582	46942	1388	21036	402	760	452	704	0	0	0	0	0	0	0	150	0	0	0	138	0	0	0	684	0	0	258	0	0	0	0	0	0	0	0	0	0	364	608	0	3612	5508	648	3968	0	752	1258	4132	0	0	0	0	0	0	0	176	0	0	0	0	0	0	0	0	0	0	0	0	0	0	0	0	0	0	0	0	0	0	0	0	0	0	0	0	0	0	
163044	Frontal_Sup_Orb_L	0	0	8738	170	0	300	860	0	13704	0	128	0	1378	0	8178	0	0	0	0	0	3464	708	6184	720	6284	608	6400	400	8796	0	4804	758	0	0	0	0	0	0	0	0	154	0	0	0	0	0	0	0	0	0	0	0	0	0	0	0	0	0	0	0	0	0	0	0	0	0	0	0	0	0	2468	266	5394	0	0	0	0	0	0	0	0	0	658	0	0	0	0	0	0	0	0	0	0	0	0	0	0	0	0	0	0	0	0	0	0	0	0	0	0	0	0	0	0	0	0	0	
181024	Frontal_Sup_Orb_R	0	0	414	9140	300	0	0	2490	172	8594	0	180	0	1318	0	8242	0	0	226	518	846	2010	982	9648	768	10682	384	5404	0	3702	2672	8238	0	626	0	0	0	0	0	0	0	0	0	0	0	0	0	0	0	0	0	0	0	0	0	0	0	0	0	0	0	0	0	0	0	0	0	0	0	0	834	4326	384	7412	0	0	0	0	0	0	0	0	0	0	0	0	0	0	0	0	0	0	0	0	0	0	0	0	0	0	0	0	0	0	0	0	0	0	0	0	0	0	0	0	0	0	
836504	Frontal_Mid_L	38490	1768	100006	7078	860	0	0	638	5346	0	17178	2076	39644	1328	10972	0	12056	588	12994	5808	0	0	27880	5060	0	0	0	0	35800	1202	15488	6752	882	6070	1638	1446	4196	784	204	0	0	0	102	0	0	0	180	0	0	0	3728	0	1220	278	950	0	10044	0	490	0	554	0	0	0	224	0	164	0	232	0	8216	3912	5168	194	766	266	6764	2302	784	0	2710	0	1606	266	2276	0	0	0	624	0	0	0	0	0	0	0	0	0	0	0	0	0	0	0	0	0	0	0	0	0	0	0	0	0	0	0	
323344	Frontal_Mid_R	236	12410	696	40692	0	2490	638	0	0	2630	174	12592	214	26778	0	8310	146	1174	598	1012	0	0	316	4006	0	528	0	0	294	12110	2016	14856	0	1140	0	150	0	928	0	338	0	0	0	0	0	0	0	0	0	0	0	0	0	314	0	0	148	0	0	0	0	0	0	0	0	0	0	0	272	0	698	3636	190	5730	136	310	224	2542	0	0	0	0	0	0	0	0	0	0	0	0	0	0	0	0	0	0	0	0	0	0	0	0	0	0	0	0	0	0	0	0	0	0	0	0	0	0	
138108	Frontal_Mid_Orb_L	0	0	4900	0	13704	172	5346	0	0	0	0	0	4526	0	20140	0	0	0	0	0	1676	342	382	0	1246	256	3596	198	7282	0	742	124	0	0	0	0	0	0	0	0	0	0	0	0	0	0	0	0	0	0	0	0	0	0	0	0	0	0	0	0	0	0	0	0	0	0	0	0	0	0	1284	0	2514	0	0	0	0	0	0	0	0	0	624	0	0	0	0	0	0	0	0	0	0	0	0	0	0	0	0	0	0	0	0	0	0	0	0	0	0	0	0	0	0	0	0	0	
57996	Frontal_Mid_Orb_R	0	0	0	2464	0	8594	0	2630	0	0	0	0	0	882	0	9412	0	0	0	104	230	282	0	170	0	646	102	728	0	798	0	292	0	182	0	0	0	0	0	0	0	0	0	0	0	0	0	0	0	0	0	0	0	0	0	0	0	0	0	0	0	0	0	0	0	0	0	0	0	0	232	356	118	776	0	0	0	0	0	0	0	0	0	0	0	0	0	0	0	0	0	0	0	0	0	0	0	0	0	0	0	0	0	0	0	0	0	0	0	0	0	0	0	0	0	0	
263448	Frontal_Inf_Oper_L	17998	0	6580	130	128	0	17178	174	0	0	0	670	16874	388	140	0	13716	0	714	118	0	0	1886	158	0	0	0	0	21680	200	2858	416	0	264	0	0	2600	0	0	0	0	0	0	0	0	0	0	0	0	0	1312	0	0	0	1428	0	4806	0	666	0	654	0	0	0	0	0	0	0	0	0	1000	370	1708	0	0	0	0	0	608	0	6710	0	5588	0	414	0	0	0	1590	0	0	0	0	0	0	0	0	0	0	0	0	0	0	0	0	0	0	0	0	0	0	0	0	0	0	0	
200812	Frontal_Inf_Oper_R	824	3946	1374	6420	0	180	2076	12592	0	0	670	0	860	19234	0	856	0	3878	860	208	0	0	142	700	0	134	0	0	1250	15436	3260	7194	0	418	0	0	0	686	0	142	0	0	0	0	0	0	0	0	0	0	0	0	0	0	0	0	0	844	0	0	0	0	0	0	0	0	0	0	0	0	3116	5844	140	4584	0	476	0	254	0	126	0	0	0	1682	0	0	0	0	0	0	0	0	0	0	0	0	0	0	0	0	0	0	0	0	0	0	0	0	0	0	0	0	0	0	0	0	
333244	Frontal_Inf_Tri_L	3096	0	20712	474	1378	0	39644	214	4526	0	16874	860	0	554	17502	0	2148	0	1870	230	0	0	5604	950	0	0	0	0	35822	396	4968	1276	156	884	0	0	356	0	0	0	0	0	0	0	0	0	0	0	0	0	156	0	0	0	140	0	544	0	0	0	0	0	0	0	0	0	0	0	0	0	910	394	1434	0	0	0	0	0	196	0	904	0	1256	0	0	0	0	0	194	0	0	0	0	0	0	0	0	0	0	0	0	0	0	0	0	0	0	0	0	0	0	0	0	0	0	0	
250420	Frontal_Inf_Tri_R	578	280	402	16522	0	1318	1328	26778	0	882	388	19234	554	0	0	6730	0	846	474	1038	0	0	374	4166	0	1270	0	0	654	15728	3986	14544	0	1730	0	0	0	0	0	0	0	0	0	0	0	0	0	0	0	0	0	0	0	0	0	0	0	0	0	0	0	0	0	0	0	0	0	0	0	0	1256	2458	0	1492	0	0	0	0	0	200	0	0	0	0	0	0	0	0	0	0	0	0	0	0	0	0	0	0	0	0	0	0	0	0	0	0	0	0	0	0	0	0	0	0	0	0	
209212	Frontal_Inf_Orb_L	0	0	10592	122	8178	0	10972	0	20140	0	140	0	17502	0	0	0	0	0	268	0	3070	0	1976	200	102	0	1208	0	20804	0	1308	342	0	0	0	0	460	0	108	0	632	0	0	0	0	0	0	0	0	0	0	0	0	0	172	0	0	0	0	0	0	0	0	0	0	0	0	0	0	0	750	0	3762	0	0	0	0	0	0	0	112	0	1686	0	0	0	0	0	0	0	0	0	0	0	0	0	0	0	0	0	0	0	0	0	0	0	0	0	0	0	0	0	0	0	0	0	
123108	Frontal_Inf_Orb_R	0	0	136	7530	0	8242	0	8310	0	9412	0	856	0	6730	0	0	0	0	132	358	0	440	244	1584	0	528	0	632	0	7610	702	3996	0	716	0	0	0	0	0	0	0	0	0	0	0	0	0	0	0	0	0	0	0	0	0	0	0	0	0	0	0	0	0	0	0	0	0	0	0	0	0	1188	0	2208	0	0	0	0	0	0	0	0	0	0	0	0	0	0	0	0	0	0	0	0	0	0	0	0	0	0	0	0	0	0	0	0	0	0	0	0	0	0	0	0	0	0	
280900	Rolandic_Oper_L	20470	0	4608	0	0	0	12056	146	0	0	13716	0	2148	0	0	0	0	0	622	0	0	0	390	0	0	0	0	0	23454	0	406	0	252	0	152	0	3212	0	0	0	0	0	0	0	0	0	0	0	0	0	3608	0	678	0	1526	0	13992	0	1072	0	1228	0	3486	0	0	0	510	0	182	0	162	0	1276	0	118	0	138	0	3382	0	16162	0	4328	0	3754	0	0	0	3216	0	0	0	0	0	0	0	0	0	0	0	0	0	0	0	0	0	0	0	0	0	0	0	0	0	0	0	
103724	Rolandic_Oper_R	136	2248	1506	574	0	0	588	1174	0	0	0	3878	0	846	0	0	0	0	448	250	0	0	0	108	0	0	0	0	0	14164	0	454	0	0	0	348	112	1714	0	310	0	0	0	0	0	0	0	0	0	204	0	286	0	0	0	116	0	2314	0	0	0	1256	0	2334	0	316	0	208	0	0	1584	1708	0	2114	0	484	0	194	0	3254	0	3250	0	2874	0	346	0	0	0	162	0	0	0	0	0	0	0	0	0	0	0	0	0	0	0	0	0	0	0	0	0	0	0	0	0	0	
410048	Supp_Motor_Area_L	6408	1524	48816	13800	0	226	12994	598	0	0	714	860	1870	474	268	132	622	448	0	38768	0	0	8302	3180	0	236	0	0	2452	584	6332	7102	6220	18052	310	114	184	0	0	0	0	0	0	0	0	0	0	0	0	0	194	0	0	352	0	0	1314	0	0	0	0	0	0	0	0	0	0	0	8994	0	7186	1838	398	148	0	242	2130	106	0	0	238	0	102	192	0	0	0	0	0	0	0	0	0	0	0	0	0	0	0	0	0	0	0	0	0	0	0	0	0	0	0	0	0	0	0	0	
531408	Supp_Motor_Area_R	10526	8084	22248	34406	0	518	5808	1012	0	104	118	208	230	1038	0	358	0	250	38768	0	0	0	1576	6120	0	436	0	0	392	506	2656	16262	5064	43762	2000	8440	292	244	0	0	0	0	0	954	0	1324	0	926	0	1300	106	0	0	134	0	0	270	688	122	0	0	0	0	0	0	0	0	5630	11342	14812	7546	2188	1118	598	162	132	4526	0	0	0	0	0	0	0	0	212	0	0	0	188	0	0	0	0	0	0	0	0	0	0	0	0	0	0	0	0	0	0	0	0	0	0	0	0	0	0	
86852	Olfactory_L	0	0	120	0	3464	846	0	0	1676	230	0	0	0	0	3070	0	0	0	0	0	0	4662	0	0	510	1124	3552	1794	2932	0	1872	1490	0	0	0	0	776	0	294	0	1120	0	0	0	0	0	0	0	0	0	0	0	0	0	314	0	0	0	0	0	0	0	0	0	0	0	0	0	0	0	6960	2790	3270	224	0	0	0	0	0	0	0	0	336	0	0	0	0	0	0	0	0	0	0	0	0	0	0	0	0	0	0	0	0	0	0	0	0	0	0	0	0	0	0	0	0	0	
83668	Olfactory_R	0	0	0	0	708	2010	0	0	342	282	0	0	0	0	0	440	0	0	0	0	4662	0	0	0	270	2614	1340	3916	140	1434	1766	2914	0	0	0	0	0	0	0	0	0	150	0	0	0	0	0	0	0	0	0	0	0	0	0	0	0	0	0	0	0	0	0	0	0	0	0	0	0	0	6440	7132	3346	1928	0	0	0	0	0	0	0	0	0	0	0	0	0	0	0	0	0	0	0	0	0	0	0	0	0	0	0	0	0	0	0	0	0	0	0	0	0	0	0	0	0	0	
473356	Frontal_Sup_Medial_L	1550	0	56392	12408	6184	982	27880	316	382	0	1886	142	5604	374	1976	244	390	0	8302	1576	0	0	0	27920	3154	280	0	0	10046	566	29062	17968	3048	15584	0	0	0	0	0	0	0	0	0	0	0	0	0	0	0	0	0	0	0	0	0	0	326	0	0	0	0	0	0	0	0	0	0	0	0	0	462	456	818	162	0	0	0	0	0	0	128	0	110	0	0	0	0	0	0	0	0	0	0	0	0	0	0	0	0	0	0	0	0	0	0	0	0	0	0	0	0	0	0	0	0	0	
412064	Frontal_Sup_Medial_R	246	0	12788	39106	720	9648	5060	4006	0	170	158	700	950	4166	200	1584	0	108	3180	6120	0	0	27920	0	792	7936	0	112	1690	5482	12986	33256	640	20652	0	0	0	0	0	0	0	0	0	0	0	0	0	0	0	0	0	0	0	0	0	0	0	0	0	0	0	0	0	0	0	0	0	0	0	0	110	1282	210	4054	0	0	0	0	0	0	0	0	0	0	0	0	0	0	0	0	0	0	0	0	0	0	0	0	0	0	0	0	0	0	0	0	0	0	0	0	0	0	0	0	0	0	
53036	Frontal_Med_Orb_L	0	0	1654	242	6284	768	0	0	1246	0	0	0	0	0	102	0	0	0	0	0	510	270	3154	792	0	2088	1674	426	692	0	4562	774	0	0	0	0	0	0	0	0	0	0	0	0	0	0	0	0	0	0	0	0	0	0	0	0	0	0	0	0	0	0	0	0	0	0	0	0	0	0	688	182	308	102	0	0	0	0	0	0	0	0	0	0	0	0	0	0	0	0	0	0	0	0	0	0	0	0	0	0	0	0	0	0	0	0	0	0	0	0	0	0	0	0	0	0	
130596	Frontal_Med_Orb_R	0	0	0	4552	608	10682	0	528	256	646	0	134	0	1270	0	528	0	0	236	436	1124	2614	280	7936	2088	0	926	5028	0	1436	3184	8564	0	466	0	0	0	0	0	0	0	0	0	0	0	0	0	0	0	0	0	0	0	0	0	0	0	0	0	0	0	0	0	0	0	0	0	0	0	0	1176	5462	650	4488	0	0	0	0	0	0	0	0	0	0	0	0	0	0	0	0	0	0	0	0	0	0	0	0	0	0	0	0	0	0	0	0	0	0	0	0	0	0	0	0	0	0	
55960	Rectus_L	0	0	172	0	6400	384	0	0	3596	102	0	0	0	0	1208	0	0	0	0	0	3552	1340	0	0	1674	926	0	1140	308	0	1234	620	0	0	0	0	0	0	0	0	0	0	0	0	0	0	0	0	0	0	0	0	0	0	0	0	0	0	0	0	0	0	0	0	0	0	0	0	0	0	3066	490	1768	0	0	0	0	0	0	0	0	0	0	0	0	0	0	0	0	0	0	0	0	0	0	0	0	0	0	0	0	0	0	0	0	0	0	0	0	0	0	0	0	0	0	0	
60860	Rectus_R	0	0	0	0	400	5404	0	0	198	728	0	0	0	0	0	632	0	0	0	0	1794	3916	0	112	426	5028	1140	0	0	574	648	1720	0	0	0	0	0	0	0	0	0	0	0	0	0	0	0	0	0	0	0	0	0	0	0	0	0	0	0	0	0	0	0	0	0	0	0	0	0	0	1712	3198	908	1892	0	0	0	0	0	0	0	0	0	0	0	0	0	0	0	0	0	0	0	0	0	0	0	0	0	0	0	0	0	0	0	0	0	0	0	0	0	0	0	0	0	0	
673588	Insula_L	18042	204	28354	1184	8796	0	35800	294	7282	0	21680	1250	35822	654	20804	0	23454	0	2452	392	2932	140	10046	1690	692	0	308	0	0	538	13996	2614	424	1756	730	358	12688	356	472	0	1298	0	212	0	0	0	136	0	0	0	2540	0	358	0	3894	0	10426	0	530	0	790	0	804	0	0	0	418	0	0	0	2976	1022	16648	0	472	0	882	268	6740	0	13472	0	7594	0	3956	0	0	0	5154	0	0	0	0	0	0	0	0	0	0	0	0	0	0	0	0	0	0	0	0	0	0	0	0	0	0	0	
362280	Insula_R	414	3934	1958	8130	0	3702	1202	12110	0	798	200	15436	396	15728	0	7610	0	14164	584	506	0	1434	566	5482	0	1436	0	574	538	0	4776	16142	0	832	146	566	160	7152	0	1202	0	340	0	0	0	0	0	0	0	168	0	244	0	232	0	1976	166	2088	0	0	0	286	0	788	0	172	0	246	0	0	2354	8908	114	20726	0	610	0	570	0	2800	0	3608	0	2916	0	2398	0	0	0	1552	0	0	0	0	0	0	0	0	0	0	0	0	0	0	0	0	0	0	0	0	0	0	0	0	0	0	
468724	Cingulum_Ant_L	3588	436	24912	9582	4804	2672	15488	2016	742	0	2858	3260	4968	3986	1308	702	406	0	6332	2656	1872	1766	29062	12986	4562	3184	1234	648	13996	4776	0	33056	4928	8252	0	0	0	0	0	0	0	0	0	0	0	0	0	0	0	0	0	0	0	110	0	0	454	0	0	0	0	0	0	0	0	0	0	0	0	0	4078	9400	6420	2302	0	0	0	130	0	0	178	0	252	0	0	0	0	0	0	0	0	0	0	0	0	0	0	0	0	0	0	0	0	0	0	0	0	0	0	0	0	0	0	0	0	0	
678920	Cingulum_Ant_R	812	1372	11812	46942	758	8238	6752	14856	124	292	416	7194	1276	14544	342	3996	0	454	7102	16262	1490	2914	17968	33256	774	8564	620	1720	2614	16142	33056	0	2822	29236	0	0	0	308	0	0	0	0	0	0	0	268	0	0	0	280	0	0	0	246	0	106	242	0	0	0	0	0	0	0	0	0	0	326	186	0	3482	23490	1922	11590	0	736	144	818	0	0	0	0	0	264	0	202	0	0	0	130	0	0	0	0	0	0	0	0	0	0	0	0	0	0	0	0	0	0	0	0	0	0	0	0	0	0	
169928	Cingulum_Mid_L	1038	334	4388	1388	0	0	882	0	0	0	0	0	156	0	0	0	252	0	6220	5064	0	0	3048	640	0	0	0	0	424	0	4928	2822	0	12114	4574	1096	176	0	0	0	0	0	0	328	492	0	0	366	1212	0	6670	0	156	0	146	0	4422	0	4478	0	3470	0	514	0	1446	0	3924	886	4902	548	362	0	394	0	0	0	0	0	0	0	290	0	0	0	414	0	0	0	0	0	0	0	0	0	0	0	0	0	0	0	0	0	0	0	0	0	0	0	0	0	0	0	0	0	0	0	
501328	Cingulum_Mid_R	4614	1622	10748	21036	0	626	6070	1140	0	182	264	418	884	1730	0	716	0	0	18052	43762	0	0	15584	20652	0	466	0	0	1756	832	8252	29236	12114	0	1740	9766	0	0	0	0	0	0	0	1952	0	3058	0	2268	0	2898	0	0	0	0	0	0	0	248	0	0	0	0	0	0	0	0	578	9948	6560	9354	510	274	220	0	0	0	362	0	0	0	0	0	0	0	0	172	0	0	0	0	0	0	0	0	0	0	0	0	0	0	0	0	0	0	0	0	0	0	0	0	0	0	0	0	0	0	
168660	Cingulum_Post_L	5440	3336	350	402	0	0	1638	0	0	0	0	0	0	0	0	0	152	0	310	2000	0	0	0	0	0	0	0	0	730	146	0	0	4574	1740	0	10382	9674	6962	890	0	0	0	1612	0	1524	0	632	0	682	0	1998	0	206	0	230	0	2170	136	1260	0	892	0	0	0	340	0	5434	646	6676	1334	388	122	458	0	154	0	1446	6568	696	0	0	0	0	0	0	0	0	0	0	0	0	0	0	0	0	0	0	0	0	0	0	0	0	0	0	0	0	0	0	0	0	0	0	0	0	0	
217136	Cingulum_Post_R	1956	7982	248	760	0	0	1446	150	0	0	0	0	0	0	0	0	0	348	114	8440	0	0	0	0	0	0	0	0	358	566	0	0	1096	9766	10382	0	7716	13216	658	434	0	0	134	2688	0	452	216	2726	0	168	0	180	0	168	0	298	542	1238	188	0	0	218	0	256	0	0	474	13232	870	8074	0	0	138	0	126	0	1942	7232	456	0	0	0	0	0	0	278	0	0	0	460	0	0	0	0	0	0	0	0	0	0	0	0	0	0	0	0	0	0	0	0	178	0	0	0	0	0	
257396	Hippocampus_L	6130	2056	3172	452	0	0	4196	0	0	0	2600	0	356	0	460	0	3212	112	184	292	776	0	0	0	0	0	0	0	12688	160	0	0	176	0	9674	7716	0	6706	4268	0	5016	0	596	0	0	0	990	0	0	0	466	0	208	0	9324	0	4350	142	144	0	386	0	224	0	0	0	1670	462	0	0	1560	714	8410	0	638	0	4016	6278	2404	0	3942	0	906	0	1588	0	118	0	8520	0	0	0	0	0	0	0	240	0	0	0	0	0	0	0	0	0	0	0	0	0	0	0	0	0	0	0	
308800	Hippocampus_R	668	7144	236	704	0	0	784	928	0	0	0	686	0	0	0	0	0	1714	0	244	0	0	0	0	0	0	0	0	356	7152	0	308	0	0	6962	13216	6706	0	630	19190	0	6106	134	1734	0	324	216	2578	0	586	0	664	0	1494	0	21754	380	2664	0	116	0	840	0	1498	0	394	434	4770	0	128	0	194	110	11330	0	166	774	7452	456	704	0	848	0	926	0	6310	0	440	0	9582	0	0	0	0	0	0	0	478	0	0	0	0	0	0	0	0	0	0	0	0	188	0	0	0	0	0	
52988	ParaHippocampal_L	406	192	102	0	0	0	204	0	0	0	0	0	0	0	108	0	0	0	0	0	294	0	0	0	0	0	0	0	472	0	0	0	0	0	890	658	4268	630	0	0	1458	0	608	0	0	0	3108	0	0	0	1550	0	1870	0	5668	0	352	0	0	0	0	0	0	0	0	0	456	0	134	0	0	0	476	0	0	0	112	588	0	0	122	0	310	0	250	0	436	0	314	0	0	0	0	0	0	0	348	0	0	0	0	0	0	0	0	0	0	0	0	110	0	0	0	0	0	0	
128792	ParaHippocampal_R	0	1472	0	0	0	0	0	338	0	0	0	142	0	0	0	0	0	310	0	0	0	0	0	0	0	0	0	0	0	1202	0	0	0	0	0	434	0	19190	0	0	0	3696	0	598	0	210	0	2212	0	394	0	394	0	2400	0	13528	0	960	0	0	0	330	0	824	0	324	0	1276	0	0	0	0	0	1848	0	0	0	750	0	300	0	620	0	1318	0	3396	0	998	0	4214	0	0	0	0	0	0	0	718	0	0	0	0	0	0	0	0	0	0	0	0	0	0	0	0	0	0	
29624	Amygdala_L	0	0	0	0	154	0	0	0	0	0	0	0	0	0	632	0	0	0	0	0	1120	0	0	0	0	0	0	0	1298	0	0	0	0	0	0	0	5016	0	1458	0	0	0	0	0	0	0	0	0	0	0	0	0	0	0	2444	0	0	0	0	0	0	0	0	0	0	0	0	0	0	0	0	0	784	0	0	0	0	0	0	0	0	0	560	0	200	0	168	0	978	0	0	0	0	0	0	0	0	0	0	0	0	0	0	0	0	0	0	0	0	0	0	0	0	0	0	0	
40160	Amygdala_R	0	0	0	0	0	0	0	0	0	0	0	0	0	0	0	0	0	0	0	0	0	150	0	0	0	0	0	0	0	340	0	0	0	0	0	0	0	6106	0	3696	0	0	0	0	0	0	0	0	0	0	0	0	0	0	0	5414	0	0	0	0	0	0	0	0	0	0	0	0	0	0	0	0	0	672	0	0	0	0	0	0	0	0	0	2484	0	0	0	1066	0	152	0	0	0	0	0	0	0	0	0	0	0	0	0	0	0	0	0	0	0	0	0	0	0	0	0	0	
163288	Calcarine_L	968	0	0	0	0	0	102	0	0	0	0	0	0	0	0	0	0	0	0	0	0	0	0	0	0	0	0	0	212	0	0	0	0	0	1612	134	596	134	608	0	0	0	0	4814	10748	2212	9238	2912	9642	1810	18582	378	5138	132	1730	146	768	0	0	0	0	0	0	0	0	0	6666	0	524	0	0	0	0	0	0	0	0	0	132	0	0	0	0	0	858	0	0	0	848	0	0	0	0	0	0	0	0	0	0	0	0	0	0	0	0	0	0	0	0	0	0	0	0	0	0	0	
249664	Calcarine_R	0	780	0	0	0	0	0	0	0	0	0	0	0	0	0	0	0	0	0	954	0	0	0	0	0	0	0	0	0	0	0	0	328	1952	0	2688	0	1734	0	598	0	0	4814	0	6428	18478	0	22856	0	14500	0	9312	0	5224	0	3480	0	2900	0	0	0	0	0	0	0	0	0	19682	0	3348	0	0	0	134	0	0	0	0	0	0	0	0	0	0	0	2556	0	0	0	2086	0	0	0	0	0	0	0	0	0	0	0	0	0	0	0	0	0	0	0	0	0	0	0	0	0	0	
162648	Cuneus_L	1774	0	0	0	0	0	0	0	0	0	0	0	0	0	0	0	0	0	0	0	0	0	0	0	0	0	0	0	0	0	0	0	492	0	1524	0	0	0	0	0	0	0	10748	6428	0	7722	1498	710	17424	2894	13656	702	3288	0	788	0	528	0	1814	0	0	0	0	0	540	0	7306	252	568	0	0	0	0	0	0	0	0	0	0	0	0	0	0	0	668	0	0	0	0	0	0	0	0	0	0	0	0	0	0	0	0	0	0	0	0	0	0	0	0	0	0	0	0	0	0	0	
270856	Cuneus_R	0	910	0	150	0	0	0	0	0	0	0	0	0	0	0	0	0	0	0	1324	0	0	0	0	0	0	0	0	0	0	0	268	0	3058	0	452	0	324	0	210	0	0	2212	18478	7722	0	0	2830	188	40494	162	14042	0	510	0	466	0	4396	0	2854	0	0	0	0	0	314	1746	24336	154	3326	0	0	0	0	0	0	0	0	0	0	0	214	0	0	0	3324	0	0	0	964	0	0	0	0	0	0	0	0	0	0	0	0	0	0	0	0	0	0	0	0	0	0	0	0	0	0	
167300	Lingual_L	306	0	0	0	0	0	180	0	0	0	0	0	0	0	0	0	0	0	0	0	0	0	0	0	0	0	0	0	136	0	0	0	0	0	632	216	990	216	3108	0	0	0	9238	0	1498	0	0	366	4226	0	12970	0	6386	0	11256	202	140	0	0	0	0	0	0	0	0	0	2074	0	142	0	0	0	0	0	0	0	0	154	0	0	0	0	0	0	286	0	0	0	0	0	5158	608	1232	224	0	0	6588	330	10968	618	0	0	212	0	0	0	0	0	0	0	1160	952	878	0	0	0	
215512	Lingual_R	0	352	0	0	0	0	0	0	0	0	0	0	0	0	0	0	0	0	0	926	0	0	0	0	0	0	0	0	0	0	0	0	366	2268	0	2726	0	2578	0	2212	0	0	2912	22856	710	2830	366	0	0	3480	0	3300	0	8030	0	12324	0	2274	0	0	0	0	0	0	0	0	0	14988	0	3052	0	0	0	0	0	0	0	0	0	0	0	0	0	0	0	636	0	0	0	1998	904	1342	638	0	0	0	302	2486	1056	4038	0	0	0	0	0	0	0	0	0	0	2268	2202	1336	0	0	0	
189756	Occipital_Sup_L	264	0	0	0	0	0	0	0	0	0	0	0	0	0	0	0	0	0	0	0	0	0	0	0	0	0	0	0	0	0	0	0	1212	0	682	0	0	0	0	0	0	0	9642	0	17424	188	4226	0	0	0	30306	0	4414	0	1184	0	262	0	9768	0	136	0	0	0	696	0	13598	0	0	0	0	0	0	0	0	0	0	0	0	0	0	0	0	0	724	0	0	0	0	0	0	0	0	0	0	0	0	0	152	0	0	0	0	0	0	0	0	0	0	0	0	0	0	0	0	0	
313488	Occipital_Sup_R	0	722	0	138	0	0	0	0	0	0	0	0	0	0	0	0	0	204	0	1300	0	0	0	0	0	0	0	0	0	168	0	280	0	2898	0	168	0	586	0	394	0	0	1810	14500	2894	40494	0	3480	0	0	0	30450	0	1062	0	1098	0	3848	0	5356	0	2740	0	112	0	6362	1618	23284	144	2558	0	0	0	0	0	0	0	0	0	108	0	452	0	0	0	5636	0	0	0	1880	0	0	0	0	0	0	0	0	0	0	0	0	0	0	0	0	0	0	0	0	0	0	0	0	0	0	
566648	Occipital_Mid_L	9686	102	894	0	0	0	3728	0	0	0	1312	0	156	0	0	0	3608	0	194	106	0	0	0	0	0	0	0	0	2540	0	0	0	6670	0	1998	0	466	0	1550	0	0	0	18582	0	13656	162	12970	0	30306	0	0	0	34402	0	12952	0	10180	0	23492	0	20824	0	1404	0	19464	0	15046	0	4554	0	702	0	1168	0	608	0	0	0	968	0	3330	0	270	0	17860	0	0	0	5490	0	0	0	0	0	0	0	0	0	1924	0	0	0	0	0	0	0	0	0	0	0	0	0	0	0	0	0	
213504	Occipital_Mid_R	0	618	0	0	0	0	0	0	0	0	0	0	0	0	0	0	0	286	0	0	0	0	0	0	0	0	0	0	0	244	0	0	0	0	0	180	0	664	0	394	0	0	378	9312	702	14042	0	3300	0	30450	0	0	0	3300	0	1560	0	864	0	1538	0	2632	0	412	0	8658	340	9204	0	186	0	0	0	0	0	0	0	0	0	126	0	966	0	0	0	14120	0	0	0	2276	0	0	0	0	0	0	0	0	0	0	0	0	0	0	0	0	0	0	0	0	0	0	0	0	0	0	
193596	Occipital_Inf_L	2130	0	216	0	0	0	1220	0	0	0	0	0	0	0	0	0	678	0	0	0	0	0	0	0	0	0	0	0	358	0	0	0	156	0	206	0	208	0	1870	0	0	0	5138	0	3288	0	6386	0	4414	0	34402	0	0	0	15066	0	1998	0	782	0	842	0	0	0	218	0	902	0	1524	0	0	0	136	0	0	0	0	0	382	0	566	0	0	0	4692	0	0	0	6190	0	154	0	0	0	0	0	0	0	2676	0	0	0	0	0	0	0	0	0	0	0	0	0	0	0	0	0	
108076	Occipital_Inf_R	0	1380	734	684	0	0	278	314	0	0	0	0	0	0	0	0	0	0	352	134	0	0	0	0	0	0	0	0	0	232	110	246	0	0	0	168	0	1494	0	2400	0	0	132	5224	0	510	0	8030	0	1062	0	3300	0	0	0	11896	0	784	0	0	0	0	0	0	0	0	0	3392	0	0	504	154	0	178	0	0	0	0	0	0	0	146	0	0	0	2768	0	0	0	7126	0	0	0	0	0	0	0	160	0	0	0	0	0	0	0	0	0	0	0	0	146	0	0	0	0	0	
310048	Fusiform_L	1670	0	324	0	0	0	950	0	0	0	1428	0	140	0	172	0	1526	0	0	0	314	0	0	0	0	0	0	0	3894	0	0	0	146	0	230	0	9324	0	5668	0	2444	0	1730	0	788	0	11256	0	1184	0	12952	0	15066	0	0	0	1746	0	180	0	186	0	0	0	0	0	894	0	1216	0	356	216	1530	0	0	0	0	0	626	0	3408	0	1918	0	3286	0	1120	0	14836	0	14610	216	5232	150	0	0	8226	0	21356	114	588	0	1230	0	0	0	0	0	0	0	356	0	222	0	0	0	
291732	Fusiform_R	0	566	0	0	0	0	0	0	0	0	0	0	0	0	0	0	0	116	0	0	0	0	0	0	0	0	0	0	0	1976	0	106	0	0	0	298	0	21754	0	13528	0	5414	146	3480	0	466	202	12324	0	1098	0	1560	0	11896	0	0	0	620	0	0	0	0	0	584	0	352	0	2382	0	140	0	0	0	2644	0	0	0	512	0	606	0	1360	0	4286	0	8638	0	1564	0	17086	662	6508	512	278	0	0	282	5176	492	10462	0	0	0	0	0	0	0	0	0	0	2644	1806	1340	0	0	0	
380800	Postcentral_L	40606	434	4454	258	0	0	10044	148	0	0	4806	0	544	0	0	0	13992	0	1314	270	0	0	326	0	0	0	0	0	10426	166	454	242	4422	0	2170	542	4350	380	352	0	0	0	768	0	528	0	140	0	262	0	10180	0	1998	0	1746	0	0	0	11620	0	19444	0	7274	0	4122	0	3538	0	2286	0	2118	640	7516	120	2264	0	1168	282	3400	0	4186	0	284	0	3048	0	0	0	560	0	0	0	0	0	0	0	0	0	208	0	0	0	0	0	0	0	0	0	0	0	0	0	0	0	0	0	
177868	Postcentral_R	0	12134	0	0	0	0	0	0	0	0	0	844	0	0	0	0	0	2314	0	688	0	0	0	0	0	0	0	0	0	2088	0	0	0	248	136	1238	142	2664	0	960	0	0	0	2900	0	4396	0	2274	0	3848	0	864	0	784	0	620	0	0	0	8044	0	8696	0	11378	0	446	0	12498	0	5324	0	0	0	0	0	0	0	662	0	0	0	324	0	0	0	1438	0	0	0	982	0	0	0	0	0	0	0	0	0	0	0	0	0	0	0	0	0	0	0	0	0	0	0	0	0	0	
227056	Parietal_Sup_L	4178	202	200	0	0	0	490	0	0	0	666	0	0	0	0	0	1072	0	0	122	0	0	0	0	0	0	0	0	530	0	0	0	4478	0	1260	188	144	0	0	0	0	0	0	0	1814	0	0	0	9768	0	23492	0	782	0	180	0	11620	0	0	0	24028	0	168	0	5354	0	15778	0	2112	142	102	0	278	0	240	0	0	0	328	0	976	0	0	0	1756	0	0	0	1080	0	0	0	0	0	0	0	0	0	0	0	0	0	0	0	0	0	0	0	0	0	0	0	0	0	0	0	
64292	Parietal_Sup_R	0	120	0	0	0	0	0	0	0	0	0	0	0	0	0	0	0	0	0	0	0	0	0	0	0	0	0	0	0	0	0	0	0	0	0	0	0	116	0	0	0	0	0	0	0	2854	0	0	0	5356	0	1538	0	0	0	0	0	8044	0	0	0	2412	0	796	0	1082	0	8602	0	204	0	0	0	0	0	0	0	0	0	0	0	104	0	0	0	680	0	0	0	238	0	0	0	0	0	0	0	0	0	0	0	0	0	0	0	0	0	0	0	0	0	0	0	0	0	0	
279408	Parietal_Inf_L	3344	0	232	0	0	0	554	0	0	0	654	0	0	0	0	0	1228	0	0	0	0	0	0	0	0	0	0	0	790	0	0	0	3470	0	892	0	386	0	0	0	0	0	0	0	0	0	0	0	136	0	20824	0	842	0	186	0	19444	0	24028	0	0	0	18304	0	21532	0	2318	0	270	0	284	0	826	0	634	0	0	0	446	0	2332	0	0	0	11910	0	0	0	3838	0	0	0	0	0	0	0	0	0	0	0	0	0	0	0	0	0	0	0	0	0	0	0	0	0	0	0	
89268	Parietal_Inf_R	0	978	0	0	0	0	0	0	0	0	0	0	0	0	0	0	0	1256	0	0	0	0	0	0	0	0	0	0	0	286	0	0	0	0	0	218	0	840	0	330	0	0	0	0	0	0	0	0	0	2740	0	2632	0	0	0	0	0	8696	0	2412	0	0	0	15614	0	7184	0	164	0	0	0	0	0	0	0	0	0	260	0	0	0	652	0	0	0	258	0	0	0	114	0	0	0	0	0	0	0	0	0	0	0	0	0	0	0	0	0	0	0	0	0	0	0	0	0	0	
128652	SupraMarginal_L	1072	0	0	0	0	0	0	0	0	0	0	0	0	0	0	0	3486	0	0	0	0	0	0	0	0	0	0	0	804	0	0	0	514	0	0	0	224	0	0	0	0	0	0	0	0	0	0	0	0	0	1404	0	0	0	0	0	7274	0	168	0	18304	0	0	0	4510	0	102	0	0	0	0	0	320	0	246	0	0	0	218	0	7792	0	0	0	14574	0	0	0	3314	0	0	0	0	0	0	0	0	0	0	0	0	0	0	0	0	0	0	0	0	0	0	0	0	0	0	0	
116880	SupraMarginal_R	0	1456	0	0	0	0	0	0	0	0	0	0	0	0	0	0	0	2334	0	0	0	0	0	0	0	0	0	0	0	788	0	0	0	0	0	256	0	1498	0	824	0	0	0	0	0	0	0	0	0	112	0	412	0	0	0	584	0	11378	0	796	0	15614	0	0	0	5294	0	0	0	0	0	0	0	0	0	0	0	262	0	564	0	6848	0	0	0	6492	0	0	0	2928	0	0	0	0	0	0	0	0	0	0	0	0	0	0	0	0	0	0	0	0	0	0	0	0	0	0	
136300	Angular_L	574	0	0	0	0	0	224	0	0	0	0	0	0	0	0	0	0	0	0	0	0	0	0	0	0	0	0	0	0	0	0	0	1446	0	340	0	0	0	0	0	0	0	0	0	540	0	0	0	696	0	19464	0	218	0	0	0	4122	0	5354	0	21532	0	4510	0	0	0	1046	0	398	0	0	0	0	0	0	0	0	0	0	0	1520	0	0	0	6006	0	0	0	160	0	0	0	0	0	0	0	0	0	0	0	0	0	0	0	0	0	0	0	0	0	0	0	0	0	0	0	
81640	Angular_R	0	120	0	0	0	0	0	0	0	0	0	0	0	0	0	0	0	316	0	0	0	0	0	0	0	0	0	0	0	172	0	0	0	0	0	0	0	394	0	324	0	0	0	0	0	314	0	0	0	6362	0	8658	0	0	0	352	0	446	0	1082	0	7184	0	5294	0	0	0	322	0	0	0	0	0	0	0	0	0	0	0	114	0	1896	0	0	0	5318	0	0	0	2152	0	0	0	0	0	0	0	0	0	0	0	0	0	0	0	0	0	0	0	0	0	0	0	0	0	0	
194628	Precuneus_L	2036	0	0	0	0	0	164	0	0	0	0	0	0	0	0	0	510	0	0	0	0	0	0	0	0	0	0	0	418	0	0	0	3924	578	5434	474	1670	434	456	0	0	0	6666	0	7306	1746	2074	0	13598	1618	15046	340	902	0	894	0	3538	0	15778	0	2318	0	102	0	1046	0	0	3098	2218	290	0	0	0	0	0	0	0	422	210	0	446	0	0	0	1050	0	0	0	510	0	0	0	0	0	0	0	0	0	0	0	0	0	0	0	0	0	0	0	0	0	0	0	0	0	0	0	
372592	Precuneus_R	148	3554	0	364	0	0	0	0	0	0	0	0	0	0	0	0	0	208	0	5630	0	0	0	0	0	0	0	0	0	246	0	326	886	9948	646	13232	462	4770	0	1276	0	0	0	19682	252	24336	0	14988	0	23284	0	9204	0	3392	0	2382	0	12498	0	8602	0	164	0	0	0	322	3098	0	364	13144	0	0	0	0	0	0	0	648	0	114	0	390	0	0	0	4682	0	0	0	2846	0	0	0	0	0	0	0	0	0	0	0	0	0	0	0	0	0	0	0	0	208	0	0	0	0	0	
156036	Paracentral_Lobule_L	10408	4532	974	608	0	0	232	272	0	0	0	0	0	0	0	0	182	0	8994	11342	0	0	0	0	0	0	0	0	0	0	0	186	4902	6560	6676	870	0	0	134	0	0	0	524	0	568	154	142	0	0	144	4554	0	1524	0	1216	0	2286	0	2112	0	270	0	0	0	398	0	2218	364	0	3026	518	0	0	0	0	0	0	0	0	0	0	0	0	0	852	0	0	0	146	0	0	0	0	0	0	0	0	0	130	0	0	0	0	0	0	0	0	0	0	0	0	0	0	0	0	0	
163284	Paracentral_Lobule_R	3870	7944	0	0	0	0	0	0	0	0	0	0	0	0	0	0	0	0	0	14812	0	0	0	0	0	0	0	0	0	0	0	0	548	9354	1334	8074	0	128	0	0	0	0	0	3348	0	3326	0	3052	0	2558	0	186	0	0	0	140	0	5324	142	204	0	0	0	0	0	0	290	13144	3026	0	298	0	0	0	0	0	0	0	0	0	0	0	0	0	0	278	0	0	0	262	0	0	0	0	0	0	0	0	0	0	0	0	0	0	0	0	0	0	0	0	0	0	0	0	0	0	
318368	Caudate_L	5412	1194	16360	3612	2468	834	8216	698	1284	232	1000	3116	910	1256	750	0	162	1584	7186	7546	6960	6440	462	110	688	1176	3066	1712	2976	2354	4078	3482	362	510	388	0	1560	0	0	0	0	0	0	0	0	0	0	0	0	0	702	0	0	504	356	0	2118	0	102	0	284	0	0	0	0	0	0	0	518	298	0	21058	15626	3832	1508	664	8304	678	0	174	402	0	162	628	568	0	0	0	554	0	0	0	0	0	0	0	0	0	0	0	0	0	0	0	0	0	0	0	0	0	0	0	0	0	0	0	
370292	Caudate_R	2176	9490	4410	5508	266	4326	3912	3636	0	356	370	5844	394	2458	0	1188	0	1708	1838	2188	2790	7132	456	1282	182	5462	490	3198	1022	8908	9400	23490	0	274	122	0	714	194	0	0	0	0	0	0	0	0	0	0	0	0	0	0	0	154	216	0	640	0	0	0	0	0	0	0	0	0	0	0	0	0	21058	0	8562	17606	0	3138	2360	14950	0	210	224	0	0	608	0	0	0	0	236	0	0	0	0	0	0	0	0	0	0	0	0	0	0	0	0	0	0	0	0	0	0	0	0	0	0	0	
279212	Putamen_L	8828	166	6384	648	5394	384	5168	190	2514	118	1708	140	1434	0	3762	0	1276	0	398	1118	3270	3346	818	210	308	650	1768	908	16648	114	6420	1922	394	220	458	138	8410	110	476	0	784	0	0	0	0	0	0	0	0	0	1168	0	136	0	1530	0	7516	0	278	0	826	0	320	0	0	0	0	0	0	0	15626	8562	0	2376	7086	0	1642	114	214	0	1536	0	1164	0	864	0	0	0	1646	0	0	0	0	0	0	0	0	0	0	0	0	0	0	0	0	0	0	0	0	0	0	0	0	0	0	0	
257744	Putamen_R	146	4218	490	3968	0	7412	194	5730	0	776	0	4584	0	1492	0	2208	0	2114	148	598	224	1928	162	4054	102	4488	0	1892	0	20726	2302	11590	0	0	0	0	0	11330	0	1848	0	672	0	134	0	0	0	0	0	0	0	0	0	178	0	2644	120	0	0	0	0	0	0	0	0	0	0	0	0	0	3832	17606	2376	0	0	2410	0	1576	0	150	0	0	0	480	0	924	0	0	0	1046	0	0	0	0	0	0	0	0	0	0	0	0	0	0	0	0	0	0	0	0	0	0	0	0	0	0	
41924	Pallidum_L	2262	0	1040	0	0	0	766	136	0	0	0	0	0	0	0	0	118	0	0	162	0	0	0	0	0	0	0	0	472	0	0	0	0	0	154	126	638	0	0	0	0	0	0	0	0	0	0	0	0	0	608	0	0	0	0	0	2264	0	240	0	634	0	246	0	0	0	0	0	0	0	1508	0	7086	0	0	0	1698	204	156	0	0	0	0	0	444	0	0	0	0	0	0	0	0	0	0	0	0	0	0	0	0	0	0	0	0	0	0	0	0	0	0	0	0	0	0	0	
25964	Pallidum_R	0	2120	476	752	0	0	266	310	0	0	0	476	0	0	0	0	0	484	242	132	0	0	0	0	0	0	0	0	0	610	0	736	0	0	0	0	0	166	0	0	0	0	0	0	0	0	0	0	0	0	0	0	0	0	0	0	0	0	0	0	0	0	0	0	0	0	0	0	0	0	664	3138	0	2410	0	0	0	0	0	0	0	0	0	0	0	0	0	0	0	0	0	0	0	0	0	0	0	0	0	0	0	0	0	0	0	0	0	0	0	0	0	0	0	0	0	0	
128792	Thalamus_L	5148	2092	8702	1258	0	0	6764	224	0	0	0	0	0	0	0	0	138	0	2130	4526	0	0	0	0	0	0	0	0	882	0	0	144	0	362	1446	1942	4016	774	112	0	0	0	0	0	0	0	0	0	0	0	0	0	0	0	0	0	1168	0	0	0	0	0	0	0	0	0	0	0	0	0	8304	2360	1642	0	1698	0	0	8186	378	0	0	0	0	0	0	0	0	0	0	0	0	0	0	0	0	0	0	0	0	0	0	0	0	0	0	0	0	0	0	0	0	0	0	0	0	0	
174364	Thalamus_R	2234	14988	428	4132	0	0	2302	2542	0	0	0	254	0	0	0	0	0	194	106	0	0	0	0	0	0	0	0	0	268	570	130	818	0	0	6568	7232	6278	7452	588	750	0	0	0	0	0	0	154	0	0	0	0	0	0	0	0	512	282	662	0	0	0	260	0	262	0	0	422	648	0	0	678	14950	114	1576	204	0	8186	0	332	0	0	0	0	0	0	0	0	0	0	106	0	0	0	0	0	0	0	0	0	0	0	0	0	0	0	0	0	0	0	0	0	0	0	0	0	0	
66740	Heschl_L	3344	118	292	0	0	0	784	0	0	0	608	0	196	0	0	0	3382	0	0	0	0	0	0	0	0	0	0	0	6740	0	0	0	0	0	696	456	2404	456	0	0	0	0	132	0	0	0	0	0	0	0	968	0	382	0	626	0	3400	0	328	0	446	0	218	0	0	0	210	0	0	0	0	0	214	0	156	0	378	332	0	0	3294	0	0	0	1916	0	0	0	894	0	0	0	0	0	0	0	0	0	0	0	0	0	0	0	0	0	0	0	0	0	0	0	0	0	0	0	
41652	Heschl_R	0	196	198	0	0	0	0	0	0	0	0	126	0	200	0	0	0	3254	0	0	0	0	0	0	0	0	0	0	0	2800	0	0	0	0	0	0	0	704	0	300	0	0	0	0	0	0	0	0	0	108	0	126	0	0	0	606	0	0	0	0	0	0	0	564	0	114	0	114	0	0	174	210	0	150	0	0	0	0	0	0	0	5548	0	0	0	3308	0	0	0	2026	0	0	0	0	0	0	0	0	0	0	0	0	0	0	0	0	0	0	0	0	0	0	0	0	0	0	
238520	Temporal_Sup_L	4108	0	1370	0	0	0	2710	0	0	0	6710	0	904	0	112	0	16162	0	238	0	0	0	128	0	0	0	0	0	13472	0	178	0	290	0	0	0	3942	0	122	0	0	0	0	0	0	0	0	0	0	0	3330	0	566	0	3408	0	4186	0	976	0	2332	0	7792	0	1520	0	446	0	0	0	402	224	1536	0	0	0	0	0	3294	0	0	0	6176	0	21602	0	0	0	11024	0	0	0	0	0	0	0	0	0	0	0	0	0	0	0	0	0	0	0	0	0	0	0	0	0	0	0	
111592	Temporal_Sup_R	0	112	0	0	0	0	0	0	0	0	0	0	0	0	0	0	0	3250	0	0	0	0	0	0	0	0	0	0	0	3608	0	0	0	0	0	0	0	848	0	620	0	0	0	0	0	214	0	0	0	452	0	966	0	146	0	1360	0	324	0	104	0	652	0	6848	0	1896	0	390	0	0	0	0	0	0	0	0	0	0	0	5548	0	0	0	2180	0	20316	0	0	0	5962	0	0	0	0	0	0	0	0	0	0	0	0	0	0	0	0	0	0	0	0	0	0	0	0	0	0	
111288	Temporal_Pole_Sup_L	1536	0	834	0	658	0	1606	0	624	0	5588	0	1256	0	1686	0	4328	0	102	0	336	0	110	0	0	0	0	0	7594	0	252	0	0	0	0	0	906	0	310	0	560	0	0	0	0	0	0	0	0	0	270	0	0	0	1918	0	284	0	0	0	0	0	0	0	0	0	0	0	0	0	162	0	1164	0	0	0	0	0	0	0	6176	0	0	0	6864	0	4286	0	6234	0	0	0	0	0	0	0	0	0	0	0	0	0	0	0	0	0	0	0	0	0	0	0	0	0	0	0	
70720	Temporal_Pole_Sup_R	0	0	708	0	0	0	266	0	0	0	0	1682	0	0	0	0	0	2874	192	0	0	0	0	0	0	0	0	0	0	2916	0	264	0	0	0	0	0	926	0	1318	0	2484	0	0	0	0	0	0	0	0	0	0	0	0	0	4286	0	0	0	0	0	0	0	0	0	0	0	0	0	0	628	608	0	480	0	0	0	0	0	0	0	2180	0	0	0	3986	0	3754	0	5808	0	0	0	0	0	0	0	0	0	0	0	0	0	0	0	0	0	0	0	0	0	0	0	0	0	0	
307612	Temporal_Mid_L	3878	0	592	0	0	0	2276	0	0	0	414	0	0	0	0	0	3754	0	0	0	0	0	0	0	0	0	0	0	3956	0	0	0	414	0	0	0	1588	0	250	0	200	0	858	0	668	0	286	0	724	0	17860	0	4692	0	3286	0	3048	0	1756	0	11910	0	14574	0	6006	0	1050	0	852	0	568	0	864	0	444	0	0	0	1916	0	21602	0	6864	0	0	0	4078	0	32578	0	0	0	0	0	0	0	0	0	0	0	0	0	0	0	0	0	0	0	0	0	0	0	0	0	0	0	
268812	Temporal_Mid_R	0	470	150	176	0	0	0	0	0	0	0	0	0	0	0	0	0	346	0	212	0	0	0	0	0	0	0	0	0	2398	0	202	0	172	0	278	0	6310	0	3396	0	0	0	2556	0	3324	0	636	0	5636	0	14120	0	2768	0	8638	0	1438	0	680	0	258	0	6492	0	5318	0	4682	0	278	0	0	0	924	0	0	0	0	0	3308	0	20316	0	3986	0	0	0	1136	0	33802	0	0	0	0	0	0	0	0	0	0	0	0	0	0	0	0	0	0	0	0	0	0	0	0	0	0	
27560	Temporal_Pole_Mid_L	0	0	0	0	0	0	0	0	0	0	0	0	0	0	0	0	0	0	0	0	0	0	0	0	0	0	0	0	0	0	0	0	0	0	0	0	118	0	436	0	168	0	0	0	0	0	0	0	0	0	0	0	0	0	1120	0	0	0	0	0	0	0	0	0	0	0	0	0	0	0	0	0	0	0	0	0	0	0	0	0	0	0	4286	0	4078	0	0	0	3574	0	0	0	0	0	0	0	0	0	0	0	0	0	0	0	0	0	0	0	0	0	0	0	0	0	0	0	
21888	Temporal_Pole_Mid_R	0	0	0	0	0	0	0	0	0	0	0	0	0	0	0	0	0	0	0	0	0	0	0	0	0	0	0	0	0	0	0	0	0	0	0	0	0	440	0	998	0	1066	0	0	0	0	0	0	0	0	0	0	0	0	0	1564	0	0	0	0	0	0	0	0	0	0	0	0	0	0	0	0	0	0	0	0	0	0	0	0	0	0	0	3754	0	1136	0	0	0	1986	0	0	0	0	0	0	0	0	0	0	0	0	0	0	0	0	0	0	0	0	0	0	0	0	0	0	
234256	Temporal_Inf_L	1076	0	360	0	0	0	624	0	0	0	1590	0	194	0	0	0	3216	0	0	0	0	0	0	0	0	0	0	0	5154	0	0	0	0	0	0	0	8520	0	314	0	978	0	848	0	0	0	0	0	0	0	5490	0	6190	0	14836	0	560	0	1080	0	3838	0	3314	0	160	0	510	0	146	0	554	236	1646	0	0	0	0	0	894	0	11024	0	6234	0	32578	0	3574	0	0	0	1106	0	106	0	0	0	0	0	178	0	0	0	0	0	0	0	0	0	0	0	0	0	0	0	0	0	
222832	Temporal_Inf_R	0	786	0	0	0	0	0	0	0	0	0	0	0	0	0	0	0	162	0	188	0	0	0	0	0	0	0	0	0	1552	0	130	0	0	0	460	0	9582	0	4214	0	152	0	2086	0	964	0	1998	0	1880	0	2276	0	7126	0	17086	0	982	0	238	0	114	0	2928	0	2152	0	2846	0	262	0	0	0	1046	0	0	0	106	0	2026	0	5962	0	5808	0	33802	0	1986	0	0	0	400	0	116	0	0	0	0	0	0	0	0	0	0	0	0	0	0	0	0	0	0	0	0	0	0	
354688	Cerebelum_Crus1_L	0	0	0	0	0	0	0	0	0	0	0	0	0	0	0	0	0	0	0	0	0	0	0	0	0	0	0	0	0	0	0	0	0	0	0	0	0	0	0	0	0	0	0	0	0	0	5158	904	0	0	0	0	154	0	14610	662	0	0	0	0	0	0	0	0	0	0	0	0	0	0	0	0	0	0	0	0	0	0	0	0	0	0	0	0	0	0	0	0	1106	0	0	3418	37466	1748	148	0	18418	170	47500	2438	12210	0	18862	0	1656	0	0	0	0	0	1250	2586	5264	864	752	0	
362552	Cerebelum_Crus1_R	0	0	0	0	0	0	0	0	0	0	0	0	0	0	0	0	0	0	0	0	0	0	0	0	0	0	0	0	0	0	0	0	0	0	0	0	0	0	0	0	0	0	0	0	0	0	608	1342	0	0	0	0	0	0	216	6508	0	0	0	0	0	0	0	0	0	0	0	0	0	0	0	0	0	0	0	0	0	0	0	0	0	0	0	0	0	0	0	0	0	400	3418	0	6488	38844	0	1920	614	17180	1888	48280	2322	3918	2144	21270	0	1100	0	902	0	512	4434	3144	10306	2264	1254	0	
349896	Cerebelum_Crus2_L	0	0	0	0	0	0	0	0	0	0	0	0	0	0	0	0	0	0	0	0	0	0	0	0	0	0	0	0	0	0	0	0	0	0	0	0	0	0	0	0	0	0	0	0	0	0	1232	638	0	0	0	0	0	0	5232	512	0	0	0	0	0	0	0	0	0	0	0	0	0	0	0	0	0	0	0	0	0	0	0	0	0	0	0	0	0	0	0	0	106	0	37466	6488	0	8708	0	0	7772	192	17792	3312	33496	1650	31876	1584	780	0	0	0	0	0	392	1386	9870	3758	706	0	
289244	Cerebelum_Crus2_R	0	0	0	0	0	0	0	0	0	0	0	0	0	0	0	0	0	0	0	0	0	0	0	0	0	0	0	0	0	0	0	0	0	0	0	0	0	0	0	0	0	0	0	0	0	0	224	0	0	0	0	0	0	0	150	278	0	0	0	0	0	0	0	0	0	0	0	0	0	0	0	0	0	0	0	0	0	0	0	0	0	0	0	0	0	0	0	0	0	116	1748	38844	8708	0	0	1132	270	4102	782	17404	5690	13586	3894	29678	0	1078	0	752	0	362	994	882	8648	4362	938	0	
11952	Cerebelum_3_L	0	0	0	0	0	0	0	0	0	0	0	0	0	0	0	0	0	0	0	0	0	0	0	0	0	0	0	0	0	0	0	0	0	0	0	0	0	0	0	0	0	0	0	0	0	0	0	0	0	0	0	0	0	0	0	0	0	0	0	0	0	0	0	0	0	0	0	0	0	0	0	0	0	0	0	0	0	0	0	0	0	0	0	0	0	0	0	0	0	0	148	0	0	0	0	0	3716	0	324	0	0	0	0	0	620	0	0	0	328	342	498	0	0	0	0	0	
25652	Cerebelum_3_R	0	0	0	0	0	0	0	0	0	0	0	0	0	0	0	0	0	0	0	0	0	0	0	0	0	0	0	0	0	0	0	0	0	0	0	0	0	0	0	0	0	0	0	0	0	0	0	0	0	0	0	0	0	0	0	0	0	0	0	0	0	0	0	0	0	0	0	0	0	0	0	0	0	0	0	0	0	0	0	0	0	0	0	0	0	0	0	0	0	0	0	1920	0	1132	0	0	0	2798	0	2856	0	0	0	632	0	0	0	0	292	2108	986	102	0	0	0	0	
187028	Cerebelum_4_5_L	0	0	0	0	0	0	0	0	0	0	0	0	0	0	0	0	0	0	0	0	0	0	0	0	0	0	0	0	0	0	0	0	0	0	0	0	240	0	348	0	0	0	0	0	0	0	6588	302	0	0	0	0	0	0	8226	282	0	0	0	0	0	0	0	0	0	0	0	0	0	0	0	0	0	0	0	0	0	0	0	0	0	0	0	0	0	0	0	0	0	0	18418	614	7772	270	3716	0	0	950	27226	1306	2278	0	4428	0	2042	144	480	0	108	316	5494	1272	238	0	276	180	
148968	Cerebelum_4_5_R	0	0	0	0	0	0	0	0	0	0	0	0	0	0	0	0	0	0	0	0	0	0	0	0	0	0	0	0	0	0	0	0	0	0	0	0	0	478	0	718	0	0	0	0	0	0	330	2486	0	0	0	0	0	160	0	5176	0	0	0	0	0	0	0	0	0	0	0	0	0	0	0	0	0	0	0	0	0	0	0	0	0	0	0	0	0	0	0	0	0	0	170	17180	192	4102	0	2798	950	0	376	24752	0	256	108	2426	0	194	0	0	268	1086	9464	658	156	0	0	0	
330792	Cerebelum_6_L	156	0	0	0	0	0	0	0	0	0	0	0	0	0	0	0	0	0	0	0	0	0	0	0	0	0	0	0	0	0	0	0	0	0	0	0	0	0	0	0	0	0	0	0	0	0	10968	1056	152	0	1924	0	2676	0	21356	492	208	0	0	0	0	0	0	0	0	0	0	0	130	0	0	0	0	0	0	0	0	0	0	0	0	0	0	0	0	0	0	0	178	0	47500	1888	17792	782	324	0	27226	376	0	2444	5528	0	9634	0	1512	280	366	0	0	0	2938	4248	2654	286	322	0	
323816	Cerebelum_6_R	0	0	0	0	0	0	0	0	0	0	0	0	0	0	0	0	0	0	0	0	0	0	0	0	0	0	0	0	0	0	0	0	0	0	0	0	0	0	0	0	0	0	0	0	0	0	618	4038	0	0	0	0	0	0	114	10462	0	0	0	0	0	0	0	0	0	0	0	0	0	0	0	0	0	0	0	0	0	0	0	0	0	0	0	0	0	0	0	0	0	0	2438	48280	3312	17404	0	2856	1306	24752	2444	0	1094	1206	1208	10706	110	1348	0	1126	226	1060	9066	6542	7258	1720	1214	0	
218044	Cerebelum_7b_L	0	0	0	0	0	0	0	0	0	0	0	0	0	0	0	0	0	0	0	0	0	0	0	0	0	0	0	0	0	0	0	0	0	0	0	0	0	0	0	0	0	0	0	0	0	0	0	0	0	0	0	0	0	0	588	0	0	0	0	0	0	0	0	0	0	0	0	0	0	0	0	0	0	0	0	0	0	0	0	0	0	0	0	0	0	0	0	0	0	0	12210	2322	33496	5690	0	0	2278	0	5528	1094	0	1512	32742	2132	624	0	0	0	0	0	206	146	4524	3930	0	0	
73336	Cerebelum_7b_R	0	0	0	0	0	0	0	0	0	0	0	0	0	0	0	0	0	0	0	0	0	0	0	0	0	0	0	0	0	0	0	0	0	0	0	0	0	0	0	0	0	0	0	0	0	0	0	0	0	0	0	0	0	0	0	0	0	0	0	0	0	0	0	0	0	0	0	0	0	0	0	0	0	0	0	0	0	0	0	0	0	0	0	0	0	0	0	0	0	0	0	3918	1650	13586	0	0	0	256	0	1206	1512	0	436	11792	0	536	0	0	0	0	0	0	820	956	0	0	
259320	Cerebelum_8_L	0	0	0	0	0	0	0	0	0	0	0	0	0	0	0	0	0	0	0	0	0	0	0	0	0	0	0	0	0	0	0	0	0	0	0	0	0	0	0	0	0	0	0	0	0	0	212	0	0	0	0	0	0	0	1230	0	0	0	0	0	0	0	0	0	0	0	0	0	0	0	0	0	0	0	0	0	0	0	0	0	0	0	0	0	0	0	0	0	0	0	18862	2144	31876	3894	0	0	4428	108	9634	1208	32742	436	0	2810	8334	358	596	0	0	0	502	240	3996	5104	946	0	
194984	Cerebelum_8_R	0	0	0	0	0	0	0	0	0	0	0	0	0	0	0	0	0	0	0	0	0	0	0	0	0	0	0	0	0	0	0	0	0	0	0	0	0	0	0	0	0	0	0	0	0	0	0	0	0	0	0	0	0	0	0	0	0	0	0	0	0	0	0	0	0	0	0	0	0	0	0	0	0	0	0	0	0	0	0	0	0	0	0	0	0	0	0	0	0	0	0	21270	1584	29678	0	632	0	2426	0	10706	2132	11792	2810	0	0	7068	0	474	0	240	570	0	1746	3642	722	0	
43700	Cerebelum_9_L	0	0	0	0	0	0	0	0	0	0	0	0	0	0	0	0	0	0	0	0	0	0	0	0	0	0	0	0	0	0	0	0	0	0	0	0	0	0	0	0	0	0	0	0	0	0	0	0	0	0	0	0	0	0	0	0	0	0	0	0	0	0	0	0	0	0	0	0	0	0	0	0	0	0	0	0	0	0	0	0	0	0	0	0	0	0	0	0	0	0	1656	0	780	0	620	0	2042	0	1512	110	624	0	8334	0	0	422	1578	0	0	0	1262	950	368	568	868	156	
45336	Cerebelum_9_R	0	0	0	0	0	0	0	0	0	0	0	0	0	0	0	0	0	0	0	0	0	0	0	0	0	0	0	0	0	0	0	0	0	0	0	0	0	0	0	0	0	0	0	0	0	0	0	0	0	0	0	0	0	0	0	0	0	0	0	0	0	0	0	0	0	0	0	0	0	0	0	0	0	0	0	0	0	0	0	0	0	0	0	0	0	0	0	0	0	0	0	1100	0	1078	0	0	144	194	280	1348	0	536	358	7068	422	0	0	318	198	266	1520	1966	726	1700	2614	832	
6488	Cerebelum_10_L	0	0	0	0	0	0	0	0	0	0	0	0	0	0	0	0	0	0	0	0	0	0	0	0	0	0	0	0	0	0	0	0	0	0	0	0	0	0	0	0	0	0	0	0	0	0	0	0	0	0	0	0	0	0	0	0	0	0	0	0	0	0	0	0	0	0	0	0	0	0	0	0	0	0	0	0	0	0	0	0	0	0	0	0	0	0	0	0	0	0	0	0	0	0	0	0	480	0	366	0	0	0	596	0	1578	0	0	0	0	0	224	0	0	0	0	0	
7988	Cerebelum_10_R	0	0	0	0	0	0	0	0	0	0	0	0	0	0	0	0	0	0	0	0	0	0	0	0	0	0	0	0	0	0	0	0	0	0	0	0	0	0	0	0	0	0	0	0	0	0	0	0	0	0	0	0	0	0	0	0	0	0	0	0	0	0	0	0	0	0	0	0	0	0	0	0	0	0	0	0	0	0	0	0	0	0	0	0	0	0	0	0	0	0	0	902	0	752	0	0	0	0	0	1126	0	0	0	474	0	318	0	0	0	0	120	200	0	0	102	0	
11832	Vermis_1_2	0	0	0	0	0	0	0	0	0	0	0	0	0	0	0	0	0	0	0	0	0	0	0	0	0	0	0	0	0	0	0	0	0	0	0	0	0	0	0	0	0	0	0	0	0	0	0	0	0	0	0	0	0	0	0	0	0	0	0	0	0	0	0	0	0	0	0	0	0	0	0	0	0	0	0	0	0	0	0	0	0	0	0	0	0	0	0	0	0	0	0	0	0	0	328	292	108	268	0	226	0	0	0	0	0	198	0	0	0	3086	1410	0	0	0	0	0	
23152	Vermis_3	0	0	0	0	0	0	0	0	0	0	0	0	0	0	0	0	0	0	0	0	0	0	0	0	0	0	0	0	0	0	0	0	0	0	0	0	0	0	110	0	0	0	0	0	0	0	0	0	0	0	0	0	0	0	0	0	0	0	0	0	0	0	0	0	0	0	0	0	0	0	0	0	0	0	0	0	0	0	0	0	0	0	0	0	0	0	0	0	0	0	0	512	0	362	342	2108	316	1086	0	1060	0	0	0	240	0	266	0	0	3086	0	1968	120	0	0	0	0	
117024	Vermis_4_5	0	0	0	0	0	0	0	0	0	0	0	0	0	0	0	0	0	0	0	0	0	0	0	0	0	0	0	0	0	0	0	0	0	0	0	178	0	188	0	0	0	0	0	0	0	0	1160	2268	0	0	0	0	0	146	356	2644	0	0	0	0	0	0	0	0	0	0	0	208	0	0	0	0	0	0	0	0	0	0	0	0	0	0	0	0	0	0	0	0	0	0	1250	4434	392	994	498	986	5494	9464	2938	9066	206	0	502	570	1262	1520	224	120	1410	1968	0	4668	0	234	1604	1560	
86072	Vermis_6	0	0	0	0	0	0	0	0	0	0	0	0	0	0	0	0	0	0	0	0	0	0	0	0	0	0	0	0	0	0	0	0	0	0	0	0	0	0	0	0	0	0	0	0	0	0	952	2202	0	0	0	0	0	0	0	1806	0	0	0	0	0	0	0	0	0	0	0	0	0	0	0	0	0	0	0	0	0	0	0	0	0	0	0	0	0	0	0	0	0	0	2586	3144	1386	882	0	102	1272	658	4248	6542	146	0	240	0	950	1966	0	200	0	120	4668	0	4010	988	2398	1570	
141676	Vermis_7	0	0	0	0	0	0	0	0	0	0	0	0	0	0	0	0	0	0	0	0	0	0	0	0	0	0	0	0	0	0	0	0	0	0	0	0	0	0	0	0	0	0	0	0	0	0	878	1336	0	0	0	0	0	0	222	1340	0	0	0	0	0	0	0	0	0	0	0	0	0	0	0	0	0	0	0	0	0	0	0	0	0	0	0	0	0	0	0	0	0	0	5264	10306	9870	8648	0	0	238	156	2654	7258	4524	820	3996	1746	368	726	0	0	0	0	0	4010	0	4312	2166	0	
76296	Vermis_8	0	0	0	0	0	0	0	0	0	0	0	0	0	0	0	0	0	0	0	0	0	0	0	0	0	0	0	0	0	0	0	0	0	0	0	0	0	0	0	0	0	0	0	0	0	0	0	0	0	0	0	0	0	0	0	0	0	0	0	0	0	0	0	0	0	0	0	0	0	0	0	0	0	0	0	0	0	0	0	0	0	0	0	0	0	0	0	0	0	0	864	2264	3758	4362	0	0	0	0	286	1720	3930	956	5104	3642	568	1700	0	0	0	0	234	988	4312	0	3322	138	
