data	data	533148	325184	910376	824064	125956	99008	493396	351860	86836	39652	231492	366484	350604	315724	193592	79008	194064	107144	876836	875536	81684	65052	365352	399900	43136	102384	79236	56784	562916	262520	321488	589708	156504	531460	114748	140524	201564	238992	71708	157568	26160	35800	192680	298292	154376	313864	270332	218728	201468	311204	535920	217880	226808	97004	414624	278160	294696	323684	145864	119716	219876	102252	91364	81648	159752	139472	258160	380728	327792	226100	314496	367380	330824	315828	39456	32644	156548	162884	48196	15148	267252	127792	87972	32804	328828	234228	18772	16852	310948	128896	330464	409596	223744	235384	20032	50716	273452	217700	348748	386560	118644	58028	154160	190964	65180	101696	8928	14844	13932	46276	238824	135424	169744	105540	91556	37328	
data	data	Precentral_L	Precentral_R	Frontal_Sup_L	Frontal_Sup_R	Frontal_Sup_Orb_L	Frontal_Sup_Orb_R	Frontal_Mid_L	Frontal_Mid_R	Frontal_Mid_Orb_L	Frontal_Mid_Orb_R	Frontal_Inf_Oper_L	Frontal_Inf_Oper_R	Frontal_Inf_Tri_L	Frontal_Inf_Tri_R	Frontal_Inf_Orb_L	Frontal_Inf_Orb_R	Rolandic_Oper_L	Rolandic_Oper_R	Supp_Motor_Area_L	Supp_Motor_Area_R	Olfactory_L	Olfactory_R	Frontal_Sup_Medial_L	Frontal_Sup_Medial_R	Frontal_Med_Orb_L	Frontal_Med_Orb_R	Rectus_L	Rectus_R	Insula_L	Insula_R	Cingulum_Ant_L	Cingulum_Ant_R	Cingulum_Mid_L	Cingulum_Mid_R	Cingulum_Post_L	Cingulum_Post_R	Hippocampus_L	Hippocampus_R	ParaHippocampal_L	ParaHippocampal_R	Amygdala_L	Amygdala_R	Calcarine_L	Calcarine_R	Cuneus_L	Cuneus_R	Lingual_L	Lingual_R	Occipital_Sup_L	Occipital_Sup_R	Occipital_Mid_L	Occipital_Mid_R	Occipital_Inf_L	Occipital_Inf_R	Fusiform_L	Fusiform_R	Postcentral_L	Postcentral_R	Parietal_Sup_L	Parietal_Sup_R	Parietal_Inf_L	Parietal_Inf_R	SupraMarginal_L	SupraMarginal_R	Angular_L	Angular_R	Precuneus_L	Precuneus_R	Paracentral_Lobule_L	Paracentral_Lobule_R	Caudate_L	Caudate_R	Putamen_L	Putamen_R	Pallidum_L	Pallidum_R	Thalamus_L	Thalamus_R	Heschl_L	Heschl_R	Temporal_Sup_L	Temporal_Sup_R	Temporal_Pole_Sup_L	Temporal_Pole_Sup_R	Temporal_Mid_L	Temporal_Mid_R	Temporal_Pole_Mid_L	Temporal_Pole_Mid_R	Temporal_Inf_L	Temporal_Inf_R	Cerebelum_Crus1_L	Cerebelum_Crus1_R	Cerebelum_Crus2_L	Cerebelum_Crus2_R	Cerebelum_3_L	Cerebelum_3_R	Cerebelum_4_5_L	Cerebelum_4_5_R	Cerebelum_6_L	Cerebelum_6_R	Cerebelum_7b_L	Cerebelum_7b_R	Cerebelum_8_L	Cerebelum_8_R	Cerebelum_9_L	Cerebelum_9_R	Cerebelum_10_L	Cerebelum_10_R	Vermis_1_2	Vermis_3	Vermis_4_5	Vermis_6	Vermis_7	Vermis_8	Vermis_9	Vermis_10	
533148	Precentral_L	0	1928	29010	3050	0	0	27560	1266	0	0	11954	3238	4360	752	240	194	9322	102	23860	7842	0	0	842	934	0	0	0	0	10094	444	1598	1874	220	1304	828	246	2982	374	0	190	0	0	156	0	420	0	0	0	922	0	5926	0	528	0	276	0	36456	160	4502	0	4478	0	734	0	286	0	1726	130	23684	4384	8572	2044	4578	1342	1408	138	12146	1030	642	0	1230	0	0	0	982	0	0	0	968	0	0	0	0	0	0	0	0	0	0	0	0	0	0	0	0	0	0	0	0	0	118	0	0	0	0	0	
325184	Precentral_R	1928	0	630	10656	0	0	464	15230	0	0	0	4368	270	508	220	0	0	2570	2190	6924	0	0	0	0	0	0	0	0	594	1740	0	488	0	500	716	2058	0	4336	0	868	0	0	0	2160	0	1092	0	436	0	3428	0	1864	0	1170	0	226	880	29962	0	1246	0	1124	0	700	0	1502	0	6280	3354	4708	2228	13244	1036	4952	0	2268	232	18218	0	0	178	302	140	0	0	2022	0	0	0	382	0	0	0	0	0	0	0	0	0	0	0	0	0	0	0	0	0	0	0	0	0	0	0	0	0	0	
910376	Frontal_Sup_L	29010	630	0	6054	9346	296	84400	1448	4972	0	15242	4780	29762	2002	8150	236	8862	0	76518	8352	752	0	42856	6022	1048	766	2048	0	28578	194	19344	7910	2154	4972	0	0	2204	134	0	0	0	0	0	0	0	0	0	0	0	0	164	0	0	0	286	0	5378	0	156	0	572	0	0	0	0	0	0	0	4372	0	6054	1298	13796	902	1526	200	3008	126	850	0	3860	0	1142	0	1144	0	0	0	1312	0	0	0	0	0	0	0	0	0	0	0	0	0	0	0	0	0	0	0	0	0	0	0	0	0	0	0	
824064	Frontal_Sup_R	3050	10656	6054	0	290	6974	1718	46068	0	658	360	22310	824	23906	580	2966	0	3776	13042	66204	0	0	10546	43830	146	5138	0	0	1416	7734	6494	42464	584	25686	0	0	0	3854	0	1004	0	0	0	0	0	0	0	0	0	0	0	0	0	0	0	390	1076	2612	0	0	0	0	0	0	0	0	0	344	1714	448	5732	18412	1126	10452	164	1450	1434	7756	0	148	130	158	154	0	0	0	0	0	0	0	0	0	0	0	0	0	0	0	0	0	0	0	0	0	0	0	0	0	0	0	0	0	0	0	0	0	
125956	Frontal_Sup_Orb_L	0	0	9346	290	0	94	1122	0	10308	0	0	0	818	0	5804	0	0	0	0	0	2538	0	6246	628	5266	410	9244	0	1772	0	6426	318	0	0	0	0	0	0	0	0	0	0	0	0	0	0	0	0	0	0	0	0	0	0	0	0	0	0	0	0	0	0	0	0	0	0	0	0	0	0	532	0	1660	0	0	0	0	0	0	0	0	0	156	0	0	0	0	0	0	0	0	0	0	0	0	0	0	0	0	0	0	0	0	0	0	0	0	0	0	0	0	0	0	0	0	0	
99008	Frontal_Sup_Orb_R	0	0	296	6974	94	0	0	2426	0	4772	0	0	0	382	0	2062	0	0	0	0	0	802	1726	6906	88	9484	0	5218	0	1770	746	3852	0	200	0	0	0	0	0	0	0	0	0	0	0	0	0	0	0	0	0	0	0	0	0	0	0	0	0	0	0	0	0	0	0	0	0	0	0	0	0	186	0	1520	0	0	0	0	0	0	0	0	0	0	0	0	0	0	0	0	0	0	0	0	0	0	0	0	0	0	0	0	0	0	0	0	0	0	0	0	0	0	0	0	0	0	
493396	Frontal_Mid_L	27560	464	84400	1718	1122	0	0	930	4736	0	9978	2926	40092	352	8004	216	366	0	13418	724	0	0	18846	1754	0	0	200	0	6170	342	6730	1612	268	820	0	0	0	0	0	0	0	0	0	0	0	0	0	0	102	0	322	0	0	0	0	0	2436	0	248	0	240	0	0	0	0	0	118	0	234	0	3782	962	2150	958	0	0	260	0	0	0	478	0	0	0	318	0	0	0	342	0	0	0	0	0	0	0	0	0	0	0	0	0	0	0	0	0	0	0	0	0	0	0	0	0	0	0	
351860	Frontal_Mid_R	1266	15230	1448	46068	0	2426	930	0	0	2974	0	12552	438	20746	344	2780	0	822	5900	17888	0	0	510	7760	0	334	0	0	806	4798	258	5534	204	7010	0	0	0	1214	0	350	0	0	0	0	0	0	0	0	0	0	0	0	0	0	0	122	562	464	0	0	0	0	0	0	0	0	0	124	0	0	2798	2480	850	5260	0	1490	188	842	0	0	0	0	160	0	0	0	0	0	0	0	0	0	0	0	0	0	0	0	0	0	0	0	0	0	0	0	0	0	0	0	0	0	0	0	0	0	
86836	Frontal_Mid_Orb_L	0	0	4972	0	10308	0	4736	0	0	0	0	0	3452	0	12412	0	0	0	0	0	670	0	90	0	824	0	2184	0	1082	0	494	0	0	0	0	0	0	0	0	0	0	0	0	0	0	0	0	0	0	0	0	0	0	0	0	0	0	0	0	0	0	0	0	0	0	0	0	0	0	0	138	0	1820	0	0	0	0	0	0	0	0	0	236	0	0	0	0	0	0	0	0	0	0	0	0	0	0	0	0	0	0	0	0	0	0	0	0	0	0	0	0	0	0	0	0	0	
39652	Frontal_Mid_Orb_R	0	0	0	658	0	4772	0	2974	0	0	0	0	0	1214	0	6542	0	0	0	0	0	252	0	90	0	0	0	176	0	1838	0	86	0	0	0	0	0	0	0	0	0	0	0	0	0	0	0	0	0	0	0	0	0	0	0	0	0	0	0	0	0	0	0	0	0	0	0	0	0	0	0	0	0	1224	0	0	0	0	0	0	0	0	0	0	0	0	0	0	0	0	0	0	0	0	0	0	0	0	0	0	0	0	0	0	0	0	0	0	0	0	0	0	0	0	0	0	
231492	Frontal_Inf_Oper_L	11954	0	15242	360	0	0	9978	0	0	0	0	400	17382	346	314	0	12678	0	10720	374	0	0	954	0	0	0	0	0	19148	0	1612	440	0	0	0	0	112	0	0	0	0	0	0	0	0	0	0	0	0	0	0	0	0	0	0	0	4526	0	0	0	0	0	0	0	0	0	0	0	0	0	90	352	188	0	0	0	0	0	822	0	4918	0	1862	0	722	0	0	0	252	0	0	0	0	0	0	0	0	0	0	0	0	0	0	0	0	0	0	0	0	0	0	0	0	0	0	0	
366484	Frontal_Inf_Oper_R	3238	4368	4780	22310	0	0	2926	12552	0	0	400	0	1482	25260	1144	804	0	4684	6012	22630	0	0	462	1556	94	0	0	0	1524	13582	4674	11362	88	5572	0	0	0	1538	0	312	0	0	0	0	0	0	0	0	0	0	0	0	0	0	0	166	702	2686	0	0	0	0	0	0	0	0	0	0	0	0	4766	8206	970	9860	0	844	188	1152	0	0	0	0	0	348	0	0	0	0	0	0	0	0	0	0	0	0	0	0	0	0	0	0	0	0	0	0	0	0	0	0	0	0	0	0	0	0	
350604	Frontal_Inf_Tri_L	4360	270	29762	824	818	0	40092	438	3452	0	17382	1482	0	344	21886	98	1724	0	9710	1148	178	0	2250	182	0	0	256	0	23304	100	1440	504	0	312	0	0	0	0	0	0	0	0	0	0	0	0	0	0	0	0	0	0	0	0	0	0	950	0	0	0	0	0	0	0	0	0	0	0	0	0	3858	900	4552	396	0	0	0	0	0	0	738	0	1256	0	186	0	0	0	150	0	0	0	0	0	0	0	0	0	0	0	0	0	0	0	0	0	0	0	0	0	0	0	0	0	0	0	
315724	Frontal_Inf_Tri_R	752	508	2002	23906	0	382	352	20746	0	1214	346	25260	344	0	192	5442	0	324	4814	19204	0	0	282	3066	94	0	0	0	560	10544	4426	12020	0	5660	0	0	0	304	0	236	0	0	0	0	0	0	0	0	0	0	0	0	0	0	0	106	376	0	0	0	0	0	0	0	0	0	0	0	0	0	1870	7324	562	4372	0	152	120	0	0	0	0	0	0	0	0	0	0	0	0	0	0	0	0	0	0	0	0	0	0	0	0	0	0	0	0	0	0	0	0	0	0	0	0	0	0	0	
193592	Frontal_Inf_Orb_L	240	220	8150	580	5804	0	8004	344	12412	0	314	1144	21886	192	0	0	0	0	1470	910	2524	0	290	132	0	0	2308	0	12006	0	326	320	0	252	0	0	290	0	0	0	222	0	0	0	0	0	0	0	0	0	0	0	0	0	126	0	0	0	0	0	0	0	0	0	0	0	0	0	0	0	4124	692	9406	362	0	0	0	0	0	0	244	0	1340	0	0	0	0	0	162	0	0	0	0	0	0	0	0	0	0	0	0	0	0	0	0	0	0	0	0	0	0	0	0	0	0	0	
79008	Frontal_Inf_Orb_R	194	0	236	2966	0	2062	216	2780	0	6542	0	804	98	5442	0	0	0	0	512	920	0	622	0	1390	0	462	0	162	278	6812	92	2018	0	1048	0	0	0	0	0	0	0	0	0	0	0	0	0	0	0	0	0	0	0	0	0	0	0	0	0	0	0	0	0	0	0	0	0	0	0	0	326	346	0	3048	0	0	0	0	0	0	0	0	0	128	0	0	0	0	0	0	0	0	0	0	0	0	0	0	0	0	0	0	0	0	0	0	0	0	0	0	0	0	0	0	0	0	
194064	Rolandic_Oper_L	9322	0	8862	0	0	0	366	0	0	0	12678	0	1724	0	0	0	0	0	9140	0	0	0	0	0	0	0	0	0	20074	0	110	0	0	0	0	0	2456	0	0	0	0	0	0	0	0	0	0	0	0	0	858	0	344	0	546	0	7780	0	0	0	176	0	2596	0	0	0	0	0	0	0	0	0	110	0	0	0	0	0	3968	0	11742	0	1096	0	2360	0	0	0	724	0	0	0	0	0	0	0	0	0	0	0	0	0	0	0	0	0	0	0	0	0	0	0	0	0	0	0	
107144	Rolandic_Oper_R	102	2570	0	3776	0	0	0	822	0	0	0	4684	0	324	0	0	0	0	0	4326	0	0	0	0	0	0	0	0	0	11132	0	110	0	274	0	0	0	3020	0	98	0	0	0	0	0	0	0	0	0	0	0	0	0	116	0	0	0	5758	0	0	0	88	0	2756	0	0	0	106	0	0	100	104	0	5948	0	866	0	1656	0	1838	0	2454	0	324	0	220	0	0	0	0	0	0	0	0	0	0	0	0	0	0	0	0	0	0	0	0	0	0	0	0	0	0	0	0	0	0	
876836	Supp_Motor_Area_L	23860	2190	76518	13042	0	0	13418	5900	0	0	10720	6012	9710	4814	1470	512	9140	0	0	46526	0	0	10192	6808	0	0	0	0	28146	314	11786	13114	10868	31900	188	128	3922	158	0	0	0	0	0	0	0	0	0	0	0	0	128	0	282	0	664	0	5864	0	102	0	686	0	0	0	0	0	0	0	27606	1744	8628	4246	16242	1832	5038	230	12638	302	858	0	5016	0	1132	0	1306	0	0	0	2518	0	0	0	0	0	0	0	0	0	0	0	0	0	0	0	0	0	0	0	0	0	0	0	0	0	0	0	
875536	Supp_Motor_Area_R	7842	6924	8352	66204	0	0	724	17888	0	0	374	22630	1148	19204	910	920	0	4326	46526	0	0	0	978	8660	94	0	0	0	1292	6396	5136	21088	7764	51772	738	3372	0	3716	0	966	0	0	0	942	0	414	0	128	0	374	0	642	0	470	0	418	1292	4616	0	0	0	0	0	0	0	158	0	1550	22768	26670	5506	27834	2210	12476	0	1250	90	10866	0	154	92	196	0	88	0	620	0	0	0	0	0	0	0	0	0	0	0	0	0	0	0	0	0	0	0	0	0	0	0	0	0	0	0	0	0	0	
81684	Olfactory_L	0	0	752	0	2538	0	0	0	670	0	0	0	178	0	2524	0	0	0	0	0	0	4306	0	0	676	258	5052	2066	2736	0	3168	2198	0	0	0	0	420	0	518	0	720	0	0	0	0	0	0	0	0	0	0	0	0	0	286	0	0	0	0	0	0	0	0	0	0	0	0	0	0	0	6952	914	2936	0	0	0	0	0	0	0	302	0	418	0	0	0	0	0	254	0	0	0	0	0	0	0	0	0	0	0	0	0	0	0	0	0	0	0	0	0	0	0	0	0	0	0	
65052	Olfactory_R	0	0	0	0	0	802	0	0	0	252	0	0	0	0	0	622	0	0	0	0	4306	0	0	0	0	426	1116	3954	0	1592	1378	2344	0	0	0	0	0	204	0	90	0	312	0	0	0	0	0	0	0	0	0	0	0	0	0	0	0	0	0	0	0	0	0	0	0	0	0	0	0	0	7816	3052	3978	282	0	0	0	0	0	0	0	0	0	0	0	0	0	0	0	0	0	0	0	0	0	0	0	0	0	0	0	0	0	0	0	0	0	0	0	0	0	0	0	0	0	0	
365352	Frontal_Sup_Medial_L	842	0	42856	10546	6246	1726	18846	510	90	0	954	462	2250	282	290	0	0	0	10192	978	0	0	0	23612	2394	3298	468	0	946	0	20472	16942	3370	11342	0	0	0	0	0	0	0	0	0	0	0	0	0	0	0	0	0	0	0	0	0	0	0	0	0	0	0	0	0	0	0	0	0	0	0	0	1104	336	1322	0	0	0	0	0	0	0	0	0	0	0	0	0	0	0	0	0	0	0	0	0	0	0	0	0	0	0	0	0	0	0	0	0	0	0	0	0	0	0	0	0	0	0	
399900	Frontal_Sup_Medial_R	934	0	6022	43830	628	6906	1754	7760	0	90	0	1556	182	3066	132	1390	0	0	6808	8660	0	0	23612	0	564	9080	0	624	162	2020	5660	35726	872	20818	0	0	0	0	0	0	0	0	0	0	0	0	0	0	0	0	0	0	0	0	0	0	252	0	0	0	0	0	0	0	0	0	0	0	0	0	2318	4236	192	2752	156	0	1188	0	0	0	0	0	0	0	0	0	0	0	0	0	0	0	0	0	0	0	0	0	0	0	0	0	0	0	0	0	0	0	0	0	0	0	0	0	0	0	
43136	Frontal_Med_Orb_L	0	0	1048	146	5266	88	0	0	824	0	0	94	0	94	0	0	0	0	0	94	676	0	2394	564	0	644	3130	0	0	0	5086	470	0	0	0	0	0	0	0	0	0	0	0	0	0	0	0	0	0	0	0	0	0	0	0	0	0	0	0	0	0	0	0	0	0	0	0	0	0	0	340	94	516	0	0	0	0	0	0	0	0	0	0	0	0	0	0	0	0	0	0	0	0	0	0	0	0	0	0	0	0	0	0	0	0	0	0	0	0	0	0	0	0	0	0	0	
102384	Frontal_Med_Orb_R	0	0	766	5138	410	9484	0	334	0	0	0	0	0	0	0	462	0	0	0	0	258	426	3298	9080	644	0	0	5518	0	464	2184	7222	0	152	0	0	0	0	0	0	0	0	0	0	0	0	0	0	0	0	0	0	0	0	0	0	0	0	0	0	0	0	0	0	0	0	0	0	0	0	254	1718	126	3254	0	0	0	0	0	0	0	0	0	0	0	0	0	0	0	0	0	0	0	0	0	0	0	0	0	0	0	0	0	0	0	0	0	0	0	0	0	0	0	0	0	0	
79236	Rectus_L	0	0	2048	0	9244	0	200	0	2184	0	0	0	256	0	2308	0	0	0	0	0	5052	1116	468	0	3130	0	0	938	634	0	5588	1322	0	0	0	0	0	0	0	0	0	0	0	0	0	0	0	0	0	0	0	0	0	0	0	0	0	0	0	0	0	0	0	0	0	0	0	0	0	0	2140	242	2748	0	0	0	0	0	0	0	0	0	0	0	0	0	0	0	0	0	0	0	0	0	0	0	0	0	0	0	0	0	0	0	0	0	0	0	0	0	0	0	0	0	0	0	
56784	Rectus_R	0	0	0	0	0	5218	0	0	0	176	0	0	0	0	0	162	0	0	0	0	2066	3954	0	624	0	5518	938	0	0	474	630	2896	0	0	0	0	0	0	0	0	0	0	0	0	0	0	0	0	0	0	0	0	0	0	0	0	0	0	0	0	0	0	0	0	0	0	0	0	0	0	2750	1076	978	932	0	0	0	0	0	0	0	0	0	0	0	0	0	0	0	0	0	0	0	0	0	0	0	0	0	0	0	0	0	0	0	0	0	0	0	0	0	0	0	0	0	0	
562916	Insula_L	10094	594	28578	1416	1772	0	6170	806	1082	0	19148	1524	23304	560	12006	278	20074	0	28146	1292	2736	0	946	162	0	0	634	0	0	120	916	742	0	198	0	0	13960	138	918	96	2196	0	0	0	0	0	0	0	0	0	976	0	1108	0	5676	0	4026	0	250	0	566	0	640	0	0	0	0	0	170	0	5260	898	20430	350	0	0	1720	294	5224	0	22680	0	7542	0	10018	0	140	0	12884	0	0	0	0	0	0	0	0	0	0	0	0	0	0	0	0	0	0	0	0	0	0	0	0	0	0	0	
262520	Insula_R	444	1740	194	7734	0	1770	342	4798	0	1838	0	13582	100	10544	0	6812	0	11132	314	6396	0	1592	0	2020	0	464	0	474	120	0	0	2242	0	1332	0	96	0	5928	0	2018	0	1136	0	0	0	0	0	0	0	0	0	0	0	224	0	3078	142	2728	0	0	0	118	0	1130	0	0	0	200	0	0	690	842	0	21088	0	310	172	736	0	1080	0	7698	0	1366	0	2834	0	100	0	1562	0	0	0	0	0	0	0	0	0	0	0	0	0	0	0	0	0	0	0	0	0	0	0	0	0	0	
321488	Cingulum_Ant_L	1598	0	19344	6494	6426	746	6730	258	494	0	1612	4674	1440	4426	326	92	110	0	11786	5136	3168	1378	20472	5660	5086	2184	5588	630	916	0	0	17754	3134	2762	0	0	0	0	0	0	0	0	0	0	0	0	0	0	0	0	0	0	0	0	0	0	438	0	0	0	0	0	0	0	0	0	0	0	0	0	7682	5248	6658	118	0	0	0	0	0	0	176	0	0	0	0	0	0	0	0	0	0	0	0	0	0	0	0	0	0	0	0	0	0	0	0	0	0	0	0	0	0	0	0	0	0	0	
589708	Cingulum_Ant_R	1874	488	7910	42464	318	3852	1612	5534	0	86	440	11362	504	12020	320	2018	0	110	13114	21088	2198	2344	16942	35726	470	7222	1322	2896	742	2242	17754	0	1658	26504	0	0	0	0	0	0	0	0	0	0	0	0	0	0	0	0	0	0	0	0	0	0	688	0	0	0	0	0	0	0	0	0	0	0	0	0	8466	24530	2778	13684	160	0	1320	0	0	0	94	0	0	0	0	0	0	0	0	0	0	0	0	0	0	0	0	0	0	0	0	0	0	0	0	0	0	0	0	0	0	0	0	0	0	0	
156504	Cingulum_Mid_L	220	0	2154	584	0	0	268	204	0	0	0	88	0	0	0	0	0	0	10868	7764	0	0	3370	872	0	0	0	0	0	0	3134	1658	0	12132	4976	1042	0	0	0	0	0	0	630	178	1772	196	0	0	2710	0	5122	0	96	0	0	0	464	204	690	0	200	0	0	0	628	0	8782	1092	2748	3024	0	0	0	0	0	0	0	0	0	0	0	0	0	0	382	0	0	0	0	0	0	0	0	0	0	0	0	0	0	0	0	0	0	0	0	0	0	0	0	0	0	0	0	0	0	0	
531460	Cingulum_Mid_R	1304	500	4972	25686	0	200	820	7010	0	0	0	5572	312	5660	252	1048	0	274	31900	51772	0	0	11342	20818	0	152	0	0	198	1332	2762	26504	12132	0	1462	6842	0	162	0	0	0	0	0	1864	0	2868	0	0	0	572	0	336	0	104	0	0	134	2738	0	1130	0	260	0	0	0	248	1538	7890	8208	13372	284	1420	0	930	0	124	0	0	0	0	0	172	0	0	0	422	0	0	0	128	0	0	0	0	0	0	0	0	0	0	0	0	0	0	0	0	0	0	0	0	0	0	0	0	0	0	
114748	Cingulum_Post_L	828	716	0	0	0	0	0	0	0	0	0	0	0	0	0	0	0	0	188	738	0	0	0	0	0	0	0	0	0	0	0	0	4976	1462	0	8174	1536	1104	834	236	0	0	3016	0	1622	124	378	0	1582	0	5532	0	198	0	726	0	1970	904	482	0	276	0	150	0	162	0	9422	1900	2950	1256	0	0	0	0	0	0	858	280	0	0	0	0	0	0	616	0	0	0	0	0	0	0	0	0	0	0	262	0	0	0	0	0	0	0	0	0	0	0	0	0	1916	0	0	0	0	0	
140524	Cingulum_Post_R	246	2058	0	0	0	0	0	0	0	0	0	0	0	0	0	0	0	0	128	3372	0	0	0	0	0	0	0	0	0	96	0	0	1042	6842	8174	0	1214	2026	818	692	0	0	0	2286	0	928	0	1722	0	440	0	398	0	1410	744	134	912	5690	0	0	0	146	0	192	0	258	914	13674	1616	5502	0	0	0	0	0	0	910	902	0	0	0	156	0	0	0	1586	0	0	0	1024	0	0	0	0	0	0	0	0	0	0	0	0	0	0	0	0	0	0	0	0	2010	0	0	0	0	0	
201564	Hippocampus_L	2982	0	2204	0	0	0	0	0	0	0	112	0	0	0	290	0	2456	0	3922	0	420	0	0	0	0	0	0	0	13960	0	0	0	0	0	1536	1214	0	1542	8232	862	5016	0	958	0	0	0	2754	274	0	0	622	0	558	0	15876	0	1012	0	0	0	116	0	364	0	0	0	1326	514	1620	0	316	0	7946	0	366	0	5554	1398	1906	0	2046	0	1276	0	444	0	0	0	6644	0	120	0	0	0	0	0	1584	108	0	0	0	0	0	0	0	0	0	0	0	0	332	0	0	0	0	0	
238992	Hippocampus_R	374	4336	134	3854	0	0	0	1214	0	0	0	1538	0	304	0	0	0	3020	158	3716	0	204	0	0	0	0	0	0	138	5928	0	0	0	162	1104	2026	1542	0	1200	21788	0	5720	0	120	0	0	0	2424	0	88	0	166	0	1122	1108	19842	250	3136	0	0	0	88	0	680	0	118	0	1550	0	0	626	128	124	10122	0	966	1488	6802	0	160	0	850	0	148	0	604	0	0	0	3828	0	362	0	0	0	526	0	2058	0	716	0	0	0	156	0	0	0	0	0	246	434	0	0	0	0	0	
71708	ParaHippocampal_L	0	0	0	0	0	0	0	0	0	0	0	0	0	0	0	0	0	0	0	0	518	0	0	0	0	0	0	0	918	0	0	0	0	0	834	818	8232	1200	0	732	920	0	302	0	0	0	3518	242	0	0	0	0	102	0	7732	0	0	0	0	0	0	0	0	0	0	0	564	472	0	0	172	0	492	0	0	0	2184	954	0	0	174	0	532	0	0	0	180	0	372	0	500	0	0	0	314	0	2164	0	586	0	0	0	0	0	0	0	0	0	0	0	126	0	0	0	0	0	
157568	ParaHippocampal_R	190	868	0	1004	0	0	0	350	0	0	0	312	0	236	0	0	0	98	0	966	0	90	0	0	0	0	0	0	96	2018	0	0	0	0	236	692	862	21788	732	0	0	2884	0	0	0	0	0	4314	0	0	0	0	0	426	714	17212	146	208	0	0	0	0	0	0	0	0	0	1194	0	0	362	0	86	3560	0	586	914	2784	0	0	0	164	0	1482	0	0	0	188	0	1058	0	1240	0	210	0	682	0	4332	0	1948	0	0	0	330	0	0	0	0	0	822	400	0	0	0	0	0	
26160	Amygdala_L	0	0	0	0	0	0	0	0	0	0	0	0	0	0	222	0	0	0	0	0	720	0	0	0	0	0	0	0	2196	0	0	0	0	0	0	0	5016	0	920	0	0	0	0	0	0	0	0	0	0	0	0	0	0	0	2356	0	0	0	0	0	0	0	0	0	0	0	0	0	0	0	0	0	214	0	0	0	0	0	0	0	142	0	1006	0	0	0	0	0	288	0	0	0	0	0	0	0	0	0	0	0	0	0	0	0	0	0	0	0	0	0	0	0	0	0	0	0	
35800	Amygdala_R	0	0	0	0	0	0	0	0	0	0	0	0	0	0	0	0	0	0	0	0	0	312	0	0	0	0	0	0	0	1136	0	0	0	0	0	0	0	5720	0	2884	0	0	0	0	0	0	0	0	0	0	0	0	0	0	0	4634	0	0	0	0	0	0	0	0	0	0	0	0	0	0	0	0	0	1260	0	0	0	196	0	0	0	0	0	1232	0	0	0	0	0	526	0	0	0	0	0	0	0	0	0	0	0	0	0	0	0	0	0	0	0	0	0	0	0	0	0	0	
192680	Calcarine_L	156	0	0	0	0	0	0	0	0	0	0	0	0	0	0	0	0	0	0	0	0	0	0	0	0	0	0	0	0	0	0	0	630	0	3016	0	958	0	302	0	0	0	0	4660	8602	3576	11708	1106	9358	1202	23408	0	5768	0	4582	98	130	0	194	0	214	0	0	0	478	0	10826	206	158	0	0	0	0	0	0	0	252	0	0	0	0	0	0	0	1366	0	0	0	0	0	0	184	0	0	0	0	1132	162	370	194	0	0	0	0	0	0	0	0	0	0	1344	0	0	0	0	0	
298292	Calcarine_R	0	2160	0	0	0	0	0	0	0	0	0	0	0	0	0	0	0	0	0	942	0	0	0	0	0	0	0	0	0	0	0	0	178	1864	0	2286	0	120	0	0	0	0	4660	0	5712	31336	1176	13880	0	24288	0	13954	0	4940	0	3722	0	5096	0	1226	0	840	0	142	0	1166	422	18824	176	3278	0	0	0	0	0	0	0	0	0	0	0	476	0	0	0	5480	0	0	0	802	0	0	0	0	0	0	0	0	0	0	0	0	0	0	0	0	0	0	0	0	0	0	0	0	0	0	
154376	Cuneus_L	420	0	0	0	0	0	0	0	0	0	0	0	0	0	0	0	0	0	0	0	0	0	0	0	0	0	0	0	0	0	0	0	1772	0	1622	0	0	0	0	0	0	0	8602	5712	0	7254	1330	502	18640	2084	11294	0	0	0	0	0	168	0	2532	0	390	0	0	0	510	0	11494	1830	468	0	0	0	0	0	0	0	0	0	0	0	0	0	0	0	564	0	0	0	0	0	0	0	0	0	0	0	0	0	0	0	0	0	0	0	0	0	0	0	0	0	0	0	0	0	0	0	
313864	Cuneus_R	0	1092	0	0	0	0	0	0	0	0	0	0	0	0	0	0	0	0	0	414	0	0	0	0	0	0	0	0	0	0	0	0	196	2868	124	928	0	0	0	0	0	0	3576	31336	7254	0	642	4292	108	37598	112	5344	0	276	0	342	0	8244	0	8214	0	1652	0	436	0	2674	4074	28332	236	4326	0	0	0	0	0	0	0	0	0	0	0	870	0	0	0	1230	0	0	0	142	0	0	0	0	0	0	0	0	0	0	0	0	0	0	0	0	0	0	0	0	0	0	0	0	0	0	
270332	Lingual_L	0	0	0	0	0	0	0	0	0	0	0	0	0	0	0	0	0	0	0	0	0	0	0	0	0	0	0	0	0	0	0	0	0	0	378	0	2754	0	3518	0	0	0	11708	1176	1330	642	0	3064	4730	178	19942	0	9684	90	16352	1286	0	0	0	0	0	0	0	0	0	0	3502	0	0	0	0	0	0	0	0	0	270	0	0	0	0	0	0	0	194	0	0	0	118	0	4382	3152	1204	188	246	0	13894	2370	12920	4012	0	0	0	0	0	154	0	0	0	0	7520	3024	520	0	148	516	
218728	Lingual_R	0	436	0	0	0	0	0	0	0	0	0	0	0	0	0	0	0	0	0	128	0	0	0	0	0	0	0	0	0	0	0	0	0	0	0	1722	274	2424	242	4314	0	0	1106	13880	502	4292	3064	0	0	6080	166	4298	236	4496	904	16308	0	346	0	0	0	0	0	0	0	116	0	5838	0	162	0	0	0	0	0	0	116	656	0	0	0	0	0	0	0	316	0	0	0	134	962	3508	118	0	0	498	2834	7086	2740	5988	0	0	0	0	0	0	0	0	0	738	8114	3428	794	0	0	0	
201468	Occipital_Sup_L	922	0	0	0	0	0	102	0	0	0	0	0	0	0	0	0	0	0	0	0	0	0	0	0	0	0	0	0	0	0	0	0	2710	0	1582	0	0	0	0	0	0	0	9358	0	18640	108	4730	0	0	0	34484	0	656	0	128	0	1404	0	9846	0	1016	0	0	0	606	0	12432	380	1428	0	0	0	0	0	0	0	0	0	0	0	0	0	0	0	202	0	0	0	0	0	0	0	0	0	0	0	0	0	0	0	0	0	0	0	0	0	0	0	0	0	0	0	0	0	0	0	
311204	Occipital_Sup_R	0	3428	0	0	0	0	0	0	0	0	0	0	0	0	0	0	0	0	0	374	0	0	0	0	0	0	0	0	0	0	0	0	0	572	0	440	0	88	0	0	0	0	1202	24288	2084	37598	178	6080	0	0	0	22564	0	2494	0	782	0	9148	0	7178	0	2118	0	210	0	9860	662	13536	0	2366	0	0	0	0	0	0	0	0	0	0	0	2938	0	0	0	4994	0	0	0	420	0	0	0	0	0	0	0	0	0	0	0	0	0	0	0	0	0	0	0	0	0	0	0	0	0	0	
535920	Occipital_Mid_L	5926	0	164	0	0	0	322	0	0	0	0	0	0	0	0	0	858	0	128	0	0	0	0	0	0	0	0	0	976	0	0	0	5122	0	5532	0	622	0	0	0	0	0	23408	0	11294	112	19942	166	34484	0	0	0	26252	0	13646	136	9150	0	16464	0	13986	0	2086	0	19484	0	20816	346	6000	0	0	0	0	0	0	0	0	0	718	0	590	0	0	0	21364	0	0	0	3180	0	114	350	0	0	0	0	1084	260	1286	408	0	0	0	0	0	0	0	0	0	0	1184	0	0	0	0	0	
217880	Occipital_Mid_R	0	1864	0	0	0	0	0	0	0	0	0	0	0	0	0	0	0	0	0	642	0	0	0	0	0	0	0	0	0	0	0	0	0	336	0	398	0	166	0	0	0	0	0	13954	0	5344	0	4298	0	22564	0	0	0	6696	0	1198	0	2216	0	1768	0	2968	0	288	0	15164	0	3696	0	1010	0	0	0	0	0	0	0	0	0	0	0	2984	0	0	0	18858	0	0	0	2528	0	0	0	0	0	0	0	0	0	0	0	0	0	0	0	0	0	0	0	0	0	0	0	0	0	0	
226808	Occipital_Inf_L	528	0	0	0	0	0	0	0	0	0	0	0	0	0	0	0	344	0	282	0	0	0	0	0	0	0	0	0	1108	0	0	0	96	0	198	0	558	0	102	0	0	0	5768	0	0	0	9684	236	656	0	26252	0	0	0	18648	166	1176	0	0	0	3256	0	2836	0	2234	0	1772	0	0	0	0	0	262	0	0	0	0	0	356	0	3392	0	0	0	5838	0	0	0	16284	0	1106	988	356	0	0	0	1748	576	3606	1082	0	0	0	0	0	0	0	0	0	0	1310	482	118	0	0	0	
97004	Occipital_Inf_R	0	1170	0	0	0	0	0	0	0	0	0	0	0	0	0	0	0	116	0	470	0	0	0	0	0	0	0	0	0	224	0	0	0	104	0	1410	0	1122	0	426	0	0	0	4940	0	276	90	4496	0	2494	0	6696	0	0	0	6328	0	1354	0	0	0	0	0	134	0	284	0	3738	0	1116	0	0	0	0	0	0	0	0	0	0	0	214	0	0	0	3156	0	0	0	6850	0	0	0	0	0	0	88	252	0	354	0	0	0	0	0	0	0	0	0	0	322	278	0	0	0	0	
414624	Fusiform_L	276	0	286	0	0	0	0	0	0	0	0	0	0	0	126	0	546	0	664	0	286	0	0	0	0	0	0	0	5676	0	0	0	0	0	726	744	15876	1108	7732	714	2356	0	4582	0	0	0	16352	904	128	0	13646	0	18648	0	0	540	142	0	0	0	1080	0	720	0	882	0	1990	434	0	0	142	0	2796	0	0	0	2200	994	1610	0	2850	0	3316	0	3506	0	756	0	18850	0	18596	2278	1674	102	168	0	14780	1130	25920	2776	0	0	0	0	0	0	0	0	0	0	3784	1688	232	0	0	0	
278160	Fusiform_R	0	226	0	390	0	0	0	122	0	0	0	166	0	106	0	0	0	0	0	418	0	0	0	0	0	0	0	0	0	3078	0	0	0	0	0	134	0	19842	0	17212	0	4634	98	3722	0	342	1286	16308	0	782	136	1198	166	6328	540	0	0	210	0	0	0	0	0	0	0	98	0	1240	0	100	0	0	0	3262	0	272	0	146	0	0	0	1768	0	3850	0	2746	0	1652	0	10226	376	9268	0	342	0	98	1524	5434	1494	12204	0	0	0	344	0	0	0	0	0	0	3104	1566	522	0	0	0	
294696	Postcentral_L	36456	880	5378	1076	0	0	2436	562	0	0	4526	702	950	376	0	0	7780	0	5864	1292	0	0	0	252	0	0	0	0	4026	142	438	688	464	134	1970	912	1012	250	0	146	0	0	130	0	168	0	0	0	1404	0	9150	0	1176	0	142	0	0	434	7900	0	15972	0	7392	0	488	0	3476	172	7780	374	4352	680	1052	422	134	0	804	90	562	0	1556	0	0	0	1528	0	0	0	1208	0	0	0	0	0	0	0	0	0	0	0	0	0	0	0	0	0	0	0	0	0	90	0	0	0	0	0	
323684	Postcentral_R	160	29962	0	2612	0	0	0	464	0	0	0	2686	0	0	0	0	0	5758	0	4616	0	0	0	0	0	0	0	0	0	2728	0	0	204	2738	904	5690	0	3136	0	208	0	0	0	5096	0	8244	0	346	0	9148	0	2216	0	1354	0	210	434	0	0	10374	0	8004	0	7772	0	3172	0	20136	1840	8718	0	0	0	3732	0	684	0	1780	0	0	0	1486	0	0	0	3808	0	0	0	1422	0	0	0	0	0	0	0	0	0	0	0	0	0	0	0	0	0	0	0	0	0	0	0	0	0	0	
145864	Parietal_Sup_L	4502	0	156	0	0	0	248	0	0	0	0	0	0	0	0	0	0	0	102	0	0	0	0	0	0	0	0	0	250	0	0	0	690	0	482	0	0	0	0	0	0	0	194	0	2532	0	0	0	9846	0	16464	0	0	0	0	0	7900	0	0	0	11906	0	0	0	1784	0	11938	0	3798	0	0	0	0	0	0	0	0	0	0	0	0	0	0	0	140	0	0	0	0	0	0	0	0	0	0	0	0	0	0	0	0	0	0	0	0	0	0	0	0	0	0	0	0	0	0	0	
119716	Parietal_Sup_R	0	1246	0	0	0	0	0	0	0	0	0	0	0	0	0	0	0	0	0	0	0	0	0	0	0	0	0	0	0	0	0	0	0	1130	0	0	0	0	0	0	0	0	0	1226	0	8214	0	0	0	7178	0	1768	0	0	0	0	0	10374	0	0	0	10038	0	1678	0	3246	454	11750	0	784	0	0	0	0	0	0	0	0	0	0	0	264	0	0	0	416	0	0	0	92	0	0	0	0	0	0	0	0	0	0	0	0	0	0	0	0	0	0	0	0	0	0	0	0	0	0	
219876	Parietal_Inf_L	4478	0	572	0	0	0	240	0	0	0	0	0	0	0	0	0	176	0	686	0	0	0	0	0	0	0	0	0	566	0	0	0	200	0	276	0	116	0	0	0	0	0	214	0	390	0	0	0	1016	0	13986	0	3256	0	1080	0	15972	0	11906	0	0	0	8880	0	23086	0	1258	0	1798	0	98	0	104	0	0	0	0	0	148	0	608	0	0	0	13520	0	0	0	5308	0	0	0	0	0	0	0	0	0	0	0	0	0	0	0	0	0	0	0	0	0	0	0	0	0	0	0	
102252	Parietal_Inf_R	0	1124	0	0	0	0	0	0	0	0	0	0	0	0	0	0	0	88	0	0	0	0	0	0	0	0	0	0	0	118	0	0	0	260	0	146	0	88	0	0	0	0	0	840	0	1652	0	0	0	2118	0	2968	0	0	0	0	0	8004	0	10038	0	0	0	7332	0	9290	0	4112	0	90	0	0	0	0	0	0	0	0	0	0	0	702	0	0	0	1708	0	0	0	448	0	0	0	0	0	0	0	0	0	0	0	0	0	0	0	0	0	0	0	0	0	0	0	0	0	0	
91364	SupraMarginal_L	734	0	0	0	0	0	0	0	0	0	0	0	0	0	0	0	2596	0	0	0	0	0	0	0	0	0	0	0	640	0	0	0	0	0	150	0	364	0	0	0	0	0	0	0	0	0	0	0	0	0	2086	0	2836	0	720	0	7392	0	0	0	8880	0	0	0	4260	0	142	0	162	0	0	0	0	0	0	0	0	0	174	0	6684	0	0	0	3904	0	0	0	3958	0	0	0	0	0	0	0	0	0	0	0	0	0	0	0	0	0	0	0	0	0	0	0	0	0	0	0	
81648	SupraMarginal_R	0	700	0	0	0	0	0	0	0	0	0	0	0	0	0	0	0	2756	0	0	0	0	0	0	0	0	0	0	0	1130	0	0	0	0	0	192	0	680	0	0	0	0	0	142	0	436	0	0	0	210	0	288	0	134	0	0	0	7772	0	1678	0	7332	0	0	0	4454	0	1210	0	0	0	0	0	0	0	0	0	0	0	274	0	6202	0	0	0	4324	0	0	0	910	0	0	0	0	0	0	0	0	0	0	0	0	0	0	0	0	0	0	0	0	0	0	0	0	0	0	
159752	Angular_L	286	0	0	0	0	0	0	0	0	0	0	0	0	0	0	0	0	0	0	0	0	0	0	0	0	0	0	0	0	0	0	0	628	0	162	0	0	0	0	0	0	0	478	0	510	0	0	0	606	0	19484	0	2234	0	882	0	488	0	1784	0	23086	0	4260	0	0	0	1042	0	196	0	0	0	0	0	0	0	0	0	0	0	1448	0	0	0	18220	0	0	0	4082	0	0	0	0	0	0	0	0	0	0	0	0	0	0	0	0	0	0	0	0	0	0	0	0	0	0	0	
139472	Angular_R	0	1502	0	0	0	0	0	0	0	0	0	0	0	0	0	0	0	0	0	158	0	0	0	0	0	0	0	0	0	0	0	0	0	248	0	258	0	118	0	0	0	0	0	1166	0	2674	0	116	0	9860	0	15164	0	284	0	98	0	3172	0	3246	0	9290	0	4454	0	0	0	3502	0	882	0	0	0	0	0	0	0	0	0	0	0	4954	0	0	0	8066	0	0	0	524	0	0	0	0	0	0	0	0	0	0	0	0	0	0	0	0	0	0	0	0	0	0	0	0	0	0	
258160	Precuneus_L	1726	0	0	0	0	0	118	0	0	0	0	0	0	0	0	0	0	0	0	0	0	0	0	0	0	0	0	0	0	0	0	0	8782	1538	9422	914	1326	0	564	0	0	0	10826	422	11494	4074	3502	0	12432	662	20816	0	1772	0	1990	0	3476	0	11938	454	1258	0	142	0	1042	0	0	9492	3638	550	0	0	0	0	0	0	274	0	0	0	0	0	0	0	1340	0	0	0	0	0	0	0	0	0	0	0	1304	0	102	0	0	0	0	0	0	0	0	0	0	0	1690	0	0	0	0	0	
380728	Precuneus_R	130	6280	0	344	0	0	0	124	0	0	0	0	0	0	0	0	0	106	0	1550	0	0	0	0	0	0	0	0	0	200	0	0	1092	7890	1900	13674	514	1550	472	1194	0	0	206	18824	1830	28332	0	5838	380	13536	346	3696	0	3738	434	1240	172	20136	0	11750	0	4112	0	1210	0	3502	9492	0	552	9768	104	0	0	0	0	0	484	732	0	0	0	1636	0	0	0	5768	0	0	0	2078	0	0	0	0	0	0	0	470	0	0	0	0	0	0	0	0	0	0	0	278	2700	0	0	0	0	0	
327792	Paracentral_Lobule_L	23684	3354	4372	1714	0	0	234	0	0	0	0	0	0	0	0	0	0	0	27606	22768	0	0	0	0	0	0	0	0	170	0	0	0	2748	8208	2950	1616	1620	0	0	0	0	0	158	176	468	236	0	0	1428	0	6000	0	0	0	0	0	7780	1840	3798	0	1798	0	162	0	196	0	3638	552	0	15872	850	274	2774	0	2588	0	11722	162	0	0	0	0	0	0	282	0	0	0	0	0	0	0	0	0	0	0	0	0	0	0	0	0	0	0	0	0	0	0	0	0	98	0	0	0	0	0	
226100	Paracentral_Lobule_R	4384	4708	0	448	0	0	0	0	0	0	0	0	0	0	0	0	0	0	1744	26670	0	0	0	0	0	0	0	0	0	0	0	0	3024	13372	1256	5502	0	0	0	0	0	0	0	3278	0	4326	0	162	0	2366	0	1010	0	1116	0	100	374	8718	0	784	0	90	0	0	0	882	550	9768	15872	0	0	546	0	0	0	0	0	384	0	0	0	332	0	0	0	1100	0	0	0	184	0	0	0	0	0	0	0	0	0	0	0	0	0	0	0	0	0	0	0	0	0	0	0	0	0	0	
314496	Caudate_L	8572	2228	6054	5732	532	0	3782	2798	138	0	90	4766	3858	1870	4124	326	0	100	8628	5506	6952	7816	1104	2318	340	254	2140	2750	5260	690	7682	8466	0	284	0	0	316	626	172	362	0	0	0	0	0	0	0	0	0	0	0	0	0	0	142	0	4352	0	0	0	98	0	0	0	0	0	0	104	850	0	0	11568	20094	3474	1522	246	5890	388	0	0	662	0	832	0	126	0	0	0	264	0	0	0	0	0	0	0	0	0	0	0	0	0	0	0	0	0	0	0	0	0	0	0	0	0	0	0	
367380	Caudate_R	2044	13244	1298	18412	0	186	962	2480	0	0	352	8206	900	7324	692	346	0	104	4246	27834	914	3052	336	4236	94	1718	242	1076	898	842	5248	24530	0	1420	0	0	0	128	0	0	0	0	0	0	0	0	0	0	0	0	0	0	0	0	0	0	680	0	0	0	0	0	0	0	0	0	0	0	274	546	11568	0	5686	15814	172	1362	1324	12814	0	0	86	0	0	0	0	0	0	0	0	0	0	0	0	0	0	0	0	0	0	0	0	0	0	0	0	0	0	0	0	0	0	0	0	0	0	0	
330824	Putamen_L	4578	1036	13796	1126	1660	0	2150	850	1820	0	188	970	4552	562	9406	0	110	0	16242	2210	2936	3978	1322	192	516	126	2748	978	20430	0	6658	2778	0	0	0	0	7946	124	492	86	214	0	0	0	0	0	0	0	0	0	0	0	262	0	2796	0	1052	0	0	0	104	0	0	0	0	0	0	0	2774	0	20094	5686	0	1156	4618	0	2646	540	0	0	3570	0	3022	0	994	0	0	0	3318	0	0	0	0	0	0	0	0	0	0	0	0	0	0	0	0	0	0	0	0	0	0	0	0	0	0	0	
315828	Putamen_R	1342	4952	902	10452	0	1520	958	5260	0	1224	0	9860	396	4372	362	3048	0	5948	1832	12476	0	282	0	2752	0	3254	0	932	350	21088	118	13684	0	930	0	0	0	10122	0	3560	0	1260	0	0	0	0	0	0	0	0	0	0	0	0	0	3262	422	3732	0	0	0	0	0	0	0	0	0	0	0	0	3474	15814	1156	0	0	2768	180	2788	0	306	0	372	0	214	0	190	0	0	0	0	0	0	0	0	0	0	0	0	0	0	0	0	0	0	0	0	0	0	0	0	0	0	0	0	0	0	
39456	Pallidum_L	1408	0	1526	164	0	0	0	0	0	0	0	0	0	0	0	0	0	0	5038	0	0	0	0	156	0	0	0	0	0	0	0	160	0	0	0	0	366	0	0	0	0	0	0	0	0	0	0	0	0	0	0	0	0	0	0	0	134	0	0	0	0	0	0	0	0	0	0	0	2588	0	1522	172	4618	0	0	0	1876	0	0	0	0	0	0	0	0	0	0	0	0	0	0	0	0	0	0	0	0	0	0	0	0	0	0	0	0	0	0	0	0	0	0	0	0	0	0	0	
32644	Pallidum_R	138	2268	200	1450	0	0	0	1490	0	0	0	844	0	152	0	0	0	866	230	1250	0	0	0	0	0	0	0	0	0	310	0	0	0	124	0	0	0	966	0	586	0	0	0	0	0	0	0	0	0	0	0	0	0	0	0	272	0	684	0	0	0	0	0	0	0	0	0	0	0	0	246	1362	0	2768	0	0	0	0	0	116	0	0	0	0	0	0	0	0	0	0	0	0	0	0	0	0	0	0	0	0	0	0	0	0	0	0	0	0	0	0	0	0	0	0	0	0	
156548	Thalamus_L	12146	232	3008	1434	0	0	260	188	0	0	0	188	0	120	0	0	0	0	12638	90	0	0	0	1188	0	0	0	0	1720	172	0	1320	0	0	858	910	5554	1488	2184	914	0	0	252	0	0	0	270	116	0	0	0	0	0	0	2200	0	804	0	0	0	0	0	0	0	0	0	274	484	11722	0	5890	1324	2646	180	1876	0	0	2930	0	0	0	0	0	0	0	0	0	0	240	0	0	0	0	0	0	0	226	126	0	0	0	0	0	0	0	0	0	0	0	0	102	0	0	0	0	0	
162884	Thalamus_R	1030	18218	126	7756	0	0	0	842	0	0	0	1152	0	0	0	0	0	1656	302	10866	0	0	0	0	0	0	0	0	294	736	0	0	0	0	280	902	1398	6802	954	2784	0	196	0	0	0	0	0	656	0	0	0	0	0	0	994	146	90	1780	0	0	0	0	0	0	0	0	0	732	162	384	388	12814	540	2788	0	0	2930	0	0	0	0	0	0	0	0	0	0	0	0	0	0	0	0	0	0	154	0	410	0	0	0	0	0	0	0	0	0	0	0	0	180	0	0	0	0	0	
48196	Heschl_L	642	0	850	0	0	0	0	0	0	0	822	0	0	0	0	0	3968	0	858	0	0	0	0	0	0	0	0	0	5224	0	0	0	0	0	0	0	1906	0	0	0	0	0	0	0	0	0	0	0	0	0	718	0	356	0	1610	0	562	0	0	0	148	0	174	0	0	0	0	0	0	0	0	0	0	0	0	0	0	0	0	0	4022	0	0	0	1064	0	0	0	1174	0	0	0	0	0	0	0	0	0	0	0	0	0	0	0	0	0	0	0	0	0	0	0	0	0	0	0	
15148	Heschl_R	0	0	0	148	0	0	0	0	0	0	0	0	0	0	0	0	0	1838	0	154	0	0	0	0	0	0	0	0	0	1080	0	0	0	0	0	0	0	160	0	0	0	0	0	0	0	0	0	0	0	0	0	0	0	0	0	0	0	0	0	0	0	0	0	274	0	0	0	0	0	0	0	0	0	306	0	116	0	0	0	0	0	2760	0	0	0	738	0	0	0	0	0	0	0	0	0	0	0	0	0	0	0	0	0	0	0	0	0	0	0	0	0	0	0	0	0	0	
267252	Temporal_Sup_L	1230	178	3860	130	0	0	478	0	0	0	4918	0	738	0	244	0	11742	0	5016	92	302	0	0	0	0	0	0	0	22680	0	176	94	0	0	0	0	2046	0	174	0	142	0	0	0	0	0	0	0	0	0	590	0	3392	0	2850	0	1556	0	0	0	608	0	6684	0	1448	0	0	0	0	0	662	86	3570	0	0	0	0	0	4022	0	0	0	3646	0	28350	0	118	0	21804	0	0	0	0	0	0	0	0	0	0	0	0	0	0	0	0	0	0	0	0	0	0	0	0	0	0	0	
127792	Temporal_Sup_R	0	302	0	158	0	0	0	0	0	0	0	0	0	0	0	0	0	2454	0	196	0	0	0	0	0	0	0	0	0	7698	0	0	0	172	0	156	0	850	0	164	0	0	0	476	0	870	0	0	0	2938	0	2984	0	214	0	1768	0	1486	0	264	0	702	0	6202	0	4954	0	1636	0	332	0	0	0	372	0	0	0	0	0	2760	0	0	0	1140	0	19366	0	270	0	3012	0	0	0	0	0	0	0	0	0	0	0	0	0	0	0	0	0	0	0	0	0	0	0	0	0	0	
87972	Temporal_Pole_Sup_L	0	140	1142	154	156	0	0	160	236	0	1862	0	1256	0	1340	0	1096	0	1132	0	418	0	0	0	0	0	0	0	7542	0	0	0	0	0	0	0	1276	0	532	0	1006	0	0	0	0	0	0	0	0	0	0	0	0	0	3316	0	0	0	0	0	0	0	0	0	0	0	0	0	0	0	832	0	3022	0	0	0	0	0	0	0	3646	0	0	0	5832	0	3348	0	4542	0	0	0	0	0	0	0	0	0	0	0	0	0	0	0	0	0	0	0	0	0	0	0	0	0	0	0	
32804	Temporal_Pole_Sup_R	0	0	0	0	0	0	0	0	0	0	0	348	0	0	0	128	0	324	0	88	0	0	0	0	0	0	0	0	0	1366	0	0	0	0	0	0	0	148	0	1482	0	1232	0	0	0	0	0	0	0	0	0	0	0	0	0	3850	0	0	0	0	0	0	0	0	0	0	0	0	0	0	0	0	0	214	0	0	0	0	0	0	0	1140	0	0	0	1656	0	2902	0	1524	0	0	0	0	0	0	0	0	0	0	0	0	0	0	0	0	0	0	0	0	0	0	0	0	0	0	
328828	Temporal_Mid_L	982	0	1144	0	0	0	318	0	0	0	722	0	186	0	0	0	2360	0	1306	0	0	0	0	0	0	0	0	0	10018	0	0	0	382	0	616	0	444	0	0	0	0	0	1366	0	564	0	194	0	202	0	21364	0	5838	0	3506	0	1528	0	140	0	13520	0	3904	0	18220	0	1340	0	282	0	126	0	994	0	0	0	0	0	1064	0	28350	0	5832	0	0	0	2722	0	34792	0	0	0	0	0	0	0	0	0	0	0	0	0	0	0	0	0	0	0	0	0	88	0	0	0	0	0	
234228	Temporal_Mid_R	0	2022	0	0	0	0	0	0	0	0	0	0	0	0	0	0	0	220	0	620	0	0	0	0	0	0	0	0	0	2834	0	0	0	422	0	1586	0	604	0	0	0	0	0	5480	0	1230	0	316	0	4994	0	18858	0	3156	0	2746	0	3808	0	416	0	1708	0	4324	0	8066	0	5768	0	1100	0	0	0	190	0	0	0	0	0	738	0	19366	0	1656	0	0	0	1984	0	22902	0	0	0	0	0	0	0	0	0	0	0	0	0	0	0	0	0	0	0	0	0	0	0	0	0	0	
18772	Temporal_Pole_Mid_L	0	0	0	0	0	0	0	0	0	0	0	0	0	0	0	0	0	0	0	0	0	0	0	0	0	0	0	0	140	0	0	0	0	0	0	0	0	0	180	0	0	0	0	0	0	0	0	0	0	0	0	0	0	0	756	0	0	0	0	0	0	0	0	0	0	0	0	0	0	0	0	0	0	0	0	0	0	0	0	0	118	0	3348	0	2722	0	0	0	2122	0	0	0	0	0	0	0	0	0	0	0	0	0	0	0	0	0	0	0	0	0	0	0	0	0	0	0	
16852	Temporal_Pole_Mid_R	0	0	0	0	0	0	0	0	0	0	0	0	0	0	0	0	0	0	0	0	0	0	0	0	0	0	0	0	0	100	0	0	0	0	0	0	0	0	0	188	0	0	0	0	0	0	0	0	0	0	0	0	0	0	0	1652	0	0	0	0	0	0	0	0	0	0	0	0	0	0	0	0	0	0	0	0	0	0	0	0	0	270	0	2902	0	1984	0	0	0	1330	0	0	0	0	0	0	0	0	0	0	0	0	0	0	0	0	0	0	0	0	0	0	0	0	0	0	
310948	Temporal_Inf_L	968	0	1312	0	0	0	342	0	0	0	252	0	150	0	162	0	724	0	2518	0	254	0	0	0	0	0	0	0	12884	0	0	0	0	0	0	0	6644	0	372	0	288	0	0	0	0	0	118	0	0	0	3180	0	16284	0	18850	0	1208	0	0	0	5308	0	3958	0	4082	0	0	0	0	0	264	0	3318	0	0	0	240	0	1174	0	21804	0	4542	0	34792	0	2122	0	0	0	4334	0	1288	0	0	0	184	0	1436	0	0	0	118	0	0	0	0	0	0	0	0	0	0	0	0	0	
128896	Temporal_Inf_R	0	382	0	0	0	0	0	0	0	0	0	0	0	0	0	0	0	0	0	0	0	0	0	0	0	0	0	0	0	1562	0	0	0	128	0	1024	0	3828	0	1058	0	526	0	802	0	142	0	134	0	420	0	2528	0	6850	0	10226	0	1422	0	92	0	448	0	910	0	524	0	2078	0	184	0	0	0	0	0	0	0	0	0	0	0	3012	0	1524	0	22902	0	1330	0	0	0	260	0	0	0	0	0	0	0	152	0	0	0	0	0	0	0	0	0	0	0	0	0	0	0	0	
330464	Cerebelum_Crus1_L	0	0	0	0	0	0	0	0	0	0	0	0	0	0	0	0	0	0	0	0	0	0	0	0	0	0	0	0	0	0	0	0	0	0	0	0	120	0	500	0	0	0	0	0	0	0	4382	962	0	0	114	0	1106	0	18596	376	0	0	0	0	0	0	0	0	0	0	0	0	0	0	0	0	0	0	0	0	0	0	0	0	0	0	0	0	0	0	0	0	4334	0	0	2492	30018	3928	664	0	18166	378	43896	2014	5768	650	9704	572	3642	230	642	0	0	0	2016	3612	5414	372	420	144	
409596	Cerebelum_Crus1_R	0	0	0	0	0	0	0	0	0	0	0	0	0	0	0	0	0	0	0	0	0	0	0	0	0	0	0	0	0	0	0	0	0	0	0	0	0	362	0	1240	0	0	184	0	0	0	3152	3508	0	0	350	0	988	0	2278	9268	0	0	0	0	0	0	0	0	0	0	0	0	0	0	0	0	0	0	0	0	0	0	0	0	0	0	0	0	0	0	0	0	0	260	2492	0	1142	23956	204	3280	4822	23074	5178	53428	118	1242	210	15652	408	5166	0	1080	408	2160	13096	8892	8996	3212	3666	1326	
223744	Cerebelum_Crus2_L	0	0	0	0	0	0	0	0	0	0	0	0	0	0	0	0	0	0	0	0	0	0	0	0	0	0	0	0	0	0	0	0	0	0	0	0	0	0	0	0	0	0	0	0	0	0	1204	118	0	0	0	0	356	0	1674	0	0	0	0	0	0	0	0	0	0	0	0	0	0	0	0	0	0	0	0	0	0	0	0	0	0	0	0	0	0	0	0	0	1288	0	30018	1142	0	7822	158	0	1754	0	8220	462	19684	1860	19440	930	2856	342	552	0	0	0	252	1624	8088	1346	538	144	
235384	Cerebelum_Crus2_R	0	0	0	0	0	0	0	0	0	0	0	0	0	0	0	0	0	0	0	0	0	0	0	0	0	0	0	0	0	0	0	0	0	0	0	0	0	0	0	210	0	0	0	0	0	0	188	0	0	0	0	0	0	0	102	342	0	0	0	0	0	0	0	0	0	0	0	0	0	0	0	0	0	0	0	0	0	0	0	0	0	0	0	0	0	0	0	0	0	0	3928	23956	7822	0	166	1284	328	1288	1102	7156	3378	8520	2302	22736	524	5710	0	1298	302	884	904	1872	11364	5034	4062	930	
20032	Cerebelum_3_L	0	0	0	0	0	0	0	0	0	0	0	0	0	0	0	0	0	0	0	0	0	0	0	0	0	0	0	0	0	0	0	0	0	0	0	0	0	0	314	0	0	0	0	0	0	0	246	0	0	0	0	0	0	0	168	0	0	0	0	0	0	0	0	0	0	0	0	0	0	0	0	0	0	0	0	0	0	0	0	0	0	0	0	0	0	0	0	0	0	0	664	204	158	166	0	126	3460	0	1000	272	0	0	0	188	362	0	0	0	716	1078	548	0	98	102	146	0	
50716	Cerebelum_3_R	0	0	0	0	0	0	0	0	0	0	0	0	0	0	0	0	0	0	0	0	0	0	0	0	0	0	0	0	0	0	0	0	0	0	0	0	0	526	0	682	0	0	0	0	0	0	0	498	0	0	0	0	0	0	0	98	0	0	0	0	0	0	0	0	0	0	0	0	0	0	0	0	0	0	0	0	0	154	0	0	0	0	0	0	0	0	0	0	0	0	0	3280	0	1284	126	0	152	3942	0	4852	0	0	0	1294	0	1100	0	0	308	2426	620	472	1084	1166	1172	122	
273452	Cerebelum_4_5_L	0	0	0	0	0	0	0	0	0	0	0	0	0	0	0	0	0	0	0	0	0	0	0	0	0	0	0	0	0	0	0	0	0	0	262	0	1584	0	2164	0	0	0	1132	0	0	0	13894	2834	0	0	1084	0	1748	88	14780	1524	0	0	0	0	0	0	0	0	0	0	1304	0	0	0	0	0	0	0	0	0	226	0	0	0	0	0	0	0	0	0	0	0	184	0	18166	4822	1754	328	3460	152	0	3820	32708	6222	0	0	164	280	2288	608	104	0	196	586	12282	3170	272	140	738	1658	
217700	Cerebelum_4_5_R	0	0	0	0	0	0	0	0	0	0	0	0	0	0	0	0	0	0	0	0	0	0	0	0	0	0	0	0	0	0	0	0	0	0	0	0	108	2058	0	4332	0	0	162	0	0	0	2370	7086	0	0	260	0	576	252	1130	5434	0	0	0	0	0	0	0	0	0	0	0	470	0	0	0	0	0	0	0	0	126	410	0	0	0	0	0	0	0	0	0	0	0	0	378	23074	0	1288	0	3942	3820	0	2544	29704	0	0	0	2522	202	612	0	282	0	2464	12012	434	348	138	174	138	
348748	Cerebelum_6_L	0	0	0	0	0	0	0	0	0	0	0	0	0	0	0	0	0	0	0	0	0	0	0	0	0	0	0	0	0	0	0	0	0	0	0	0	0	0	586	0	0	0	370	0	0	0	12920	2740	0	0	1286	0	3606	0	25920	1494	0	0	0	0	0	0	0	0	0	0	102	0	0	0	0	0	0	0	0	0	0	0	0	0	0	0	0	0	0	0	0	0	1436	0	43896	5178	8220	1102	1000	0	32708	2544	0	5680	1020	0	1514	336	3028	320	384	0	0	0	8056	5330	2164	478	626	330	
386560	Cerebelum_6_R	0	0	0	0	0	0	0	0	0	0	0	0	0	0	0	0	0	0	0	0	0	0	0	0	0	0	0	0	0	0	0	0	0	0	0	0	0	716	0	1948	0	0	194	0	0	0	4012	5988	0	0	408	0	1082	354	2776	12204	0	0	0	0	0	0	0	0	0	0	0	0	0	0	0	0	0	0	0	0	0	0	0	0	0	0	0	0	0	0	0	0	0	152	2014	53428	462	7156	272	4852	6222	29704	5680	0	0	254	0	7746	238	3492	0	684	388	2662	16636	9542	6128	2216	2592	1078	
118644	Cerebelum_7b_L	0	0	0	0	0	0	0	0	0	0	0	0	0	0	0	0	0	0	0	0	0	0	0	0	0	0	0	0	0	0	0	0	0	0	0	0	0	0	0	0	0	0	0	0	0	0	0	0	0	0	0	0	0	0	0	0	0	0	0	0	0	0	0	0	0	0	0	0	0	0	0	0	0	0	0	0	0	0	0	0	0	0	0	0	0	0	0	0	0	0	5768	118	19684	3378	0	0	0	0	1020	0	0	1280	19220	670	1590	256	284	0	0	0	0	206	3554	1868	426	0	
58028	Cerebelum_7b_R	0	0	0	0	0	0	0	0	0	0	0	0	0	0	0	0	0	0	0	0	0	0	0	0	0	0	0	0	0	0	0	0	0	0	0	0	0	0	0	0	0	0	0	0	0	0	0	0	0	0	0	0	0	0	0	0	0	0	0	0	0	0	0	0	0	0	0	0	0	0	0	0	0	0	0	0	0	0	0	0	0	0	0	0	0	0	0	0	0	0	650	1242	1860	8520	0	0	0	0	0	254	1280	0	1834	7274	342	704	0	140	0	0	0	0	2488	2102	324	0	
154160	Cerebelum_8_L	0	0	0	0	0	0	0	0	0	0	0	0	0	0	0	0	0	0	0	0	0	0	0	0	0	0	0	0	0	0	0	0	0	0	0	0	0	0	0	0	0	0	0	0	0	0	0	0	0	0	0	0	0	0	0	0	0	0	0	0	0	0	0	0	0	0	0	0	0	0	0	0	0	0	0	0	0	0	0	0	0	0	0	0	0	0	0	0	118	0	9704	210	19440	2302	0	0	164	0	1514	0	19220	1834	0	2624	6962	726	632	0	0	0	0	274	3732	5530	1968	126	
190964	Cerebelum_8_R	0	0	0	0	0	0	0	0	0	0	0	0	0	0	0	0	0	0	0	0	0	0	0	0	0	0	0	0	0	0	0	0	0	0	0	0	0	156	0	330	0	0	0	0	0	0	0	0	0	0	0	0	0	0	0	344	0	0	0	0	0	0	0	0	0	0	0	0	0	0	0	0	0	0	0	0	0	0	0	0	0	0	0	0	0	0	0	0	0	0	572	15652	930	22736	188	1294	280	2522	336	7746	670	7274	2624	0	1080	9698	0	2332	290	890	834	502	4978	5982	4280	962	
65180	Cerebelum_9_L	0	0	0	0	0	0	0	0	0	0	0	0	0	0	0	0	0	0	0	0	0	0	0	0	0	0	0	0	0	0	0	0	0	0	0	0	0	0	0	0	0	0	0	0	0	0	0	0	0	0	0	0	0	0	0	0	0	0	0	0	0	0	0	0	0	0	0	0	0	0	0	0	0	0	0	0	0	0	0	0	0	0	0	0	0	0	0	0	0	0	3642	408	2856	524	362	0	2288	202	3028	238	1590	342	6962	1080	0	734	1866	0	0	0	872	776	1496	1444	1182	698	
101696	Cerebelum_9_R	0	0	0	0	0	0	0	0	0	0	0	0	0	0	0	0	0	0	0	0	0	0	0	0	0	0	0	0	0	0	0	0	0	0	0	0	0	0	0	0	0	0	0	0	0	0	154	0	0	0	0	0	0	0	0	0	0	0	0	0	0	0	0	0	0	0	0	0	0	0	0	0	0	0	0	0	0	0	0	0	0	0	0	0	0	0	0	0	0	0	230	5166	342	5710	0	1100	608	612	320	3492	256	704	726	9698	734	0	0	1462	290	566	786	2272	3482	4610	5552	1976	
8928	Cerebelum_10_L	0	0	0	0	0	0	0	0	0	0	0	0	0	0	0	0	0	0	0	0	0	0	0	0	0	0	0	0	0	0	0	0	0	0	0	0	0	0	0	0	0	0	0	0	0	0	0	0	0	0	0	0	0	0	0	0	0	0	0	0	0	0	0	0	0	0	0	0	0	0	0	0	0	0	0	0	0	0	0	0	0	0	0	0	0	0	0	0	0	0	642	0	552	0	0	0	104	0	384	0	284	0	632	0	1866	0	0	0	0	0	0	0	0	0	0	0	
14844	Cerebelum_10_R	0	0	0	0	0	0	0	0	0	0	0	0	0	0	0	0	0	0	0	0	0	0	0	0	0	0	0	0	0	0	0	0	0	0	0	0	0	0	0	0	0	0	0	0	0	0	0	0	0	0	0	0	0	0	0	0	0	0	0	0	0	0	0	0	0	0	0	0	0	0	0	0	0	0	0	0	0	0	0	0	0	0	0	0	0	0	0	0	0	0	0	1080	0	1298	0	0	0	282	0	684	0	140	0	2332	0	1462	0	0	0	0	0	0	0	144	0	0	
13932	Vermis_1_2	0	0	0	0	0	0	0	0	0	0	0	0	0	0	0	0	0	0	0	0	0	0	0	0	0	0	0	0	0	0	0	0	0	0	0	0	0	0	0	0	0	0	0	0	0	0	0	0	0	0	0	0	0	0	0	0	0	0	0	0	0	0	0	0	0	0	0	0	0	0	0	0	0	0	0	0	0	0	0	0	0	0	0	0	0	0	0	0	0	0	0	408	0	302	716	308	196	0	0	388	0	0	0	290	0	290	0	0	0	2070	544	164	334	346	436	174	
46276	Vermis_3	0	0	0	0	0	0	0	0	0	0	0	0	0	0	0	0	0	0	0	0	0	0	0	0	0	0	0	0	0	0	0	0	0	0	0	0	0	246	0	822	0	0	0	0	0	0	0	738	0	0	0	0	0	0	0	0	0	0	0	0	0	0	0	0	0	0	0	278	0	0	0	0	0	0	0	0	0	0	0	0	0	0	0	0	0	0	0	0	0	0	0	2160	0	884	1078	2426	586	2464	0	2662	0	0	0	890	0	566	0	0	2070	0	2038	294	866	898	914	258	
238824	Vermis_4_5	118	0	0	0	0	0	0	0	0	0	0	0	0	0	0	0	0	0	0	0	0	0	0	0	0	0	0	0	0	0	0	0	0	0	1916	2010	332	434	126	400	0	0	1344	0	0	0	7520	8114	0	0	1184	0	1310	322	3784	3104	90	0	0	0	0	0	0	0	0	0	1690	2700	98	0	0	0	0	0	0	0	102	180	0	0	0	0	0	0	88	0	0	0	0	0	2016	13096	252	904	548	620	12282	12012	8056	16636	0	0	0	834	872	786	0	0	544	2038	0	6448	946	636	1134	1786	
135424	Vermis_6	0	0	0	0	0	0	0	0	0	0	0	0	0	0	0	0	0	0	0	0	0	0	0	0	0	0	0	0	0	0	0	0	0	0	0	0	0	0	0	0	0	0	0	0	0	0	3024	3428	0	0	0	0	482	278	1688	1566	0	0	0	0	0	0	0	0	0	0	0	0	0	0	0	0	0	0	0	0	0	0	0	0	0	0	0	0	0	0	0	0	0	0	3612	8892	1624	1872	0	472	3170	434	5330	9542	206	0	274	502	776	2272	0	0	164	294	6448	0	5492	1274	2296	2300	
169744	Vermis_7	0	0	0	0	0	0	0	0	0	0	0	0	0	0	0	0	0	0	0	0	0	0	0	0	0	0	0	0	0	0	0	0	0	0	0	0	0	0	0	0	0	0	0	0	0	0	520	794	0	0	0	0	118	0	232	522	0	0	0	0	0	0	0	0	0	0	0	0	0	0	0	0	0	0	0	0	0	0	0	0	0	0	0	0	0	0	0	0	0	0	5414	8996	8088	11364	98	1084	272	348	2164	6128	3554	2488	3732	4978	1496	3482	0	0	334	866	946	5492	0	6178	4228	956	
