data	data	430924	114480	868812	792012	207508	161812	469820	235296	109492	40224	210464	210880	230464	151384	234908	121184	234216	99112	665840	971052	100636	122384	360576	402336	34644	109072	53812	88444	645452	352288	375360	518128	206484	616360	164968	212500	353172	372528	182796	193508	58940	66836	239864	298896	186968	255392	373308	328840	224408	296084	466656	296788	154168	154396	416984	498100	204440	139444	161848	102124	229932	98944	105716	88012	154544	126416	327736	392024	280472	296072	344744	451004	417904	344996	86428	40664	254124	269200	154712	36064	277448	133968	88836	45664	354944	193248	26996	19060	263700	226664	625544	558328	440752	351748	64928	101084	426916	240144	688552	505240	284440	200336	317684	288636	128052	154260	24160	5752	53160	139896	296688	264944	237016	180560	100104	34328	
data	data	Precentral_L	Precentral_R	Frontal_Sup_L	Frontal_Sup_R	Frontal_Sup_Orb_L	Frontal_Sup_Orb_R	Frontal_Mid_L	Frontal_Mid_R	Frontal_Mid_Orb_L	Frontal_Mid_Orb_R	Frontal_Inf_Oper_L	Frontal_Inf_Oper_R	Frontal_Inf_Tri_L	Frontal_Inf_Tri_R	Frontal_Inf_Orb_L	Frontal_Inf_Orb_R	Rolandic_Oper_L	Rolandic_Oper_R	Supp_Motor_Area_L	Supp_Motor_Area_R	Olfactory_L	Olfactory_R	Frontal_Sup_Medial_L	Frontal_Sup_Medial_R	Frontal_Med_Orb_L	Frontal_Med_Orb_R	Rectus_L	Rectus_R	Insula_L	Insula_R	Cingulum_Ant_L	Cingulum_Ant_R	Cingulum_Mid_L	Cingulum_Mid_R	Cingulum_Post_L	Cingulum_Post_R	Hippocampus_L	Hippocampus_R	ParaHippocampal_L	ParaHippocampal_R	Amygdala_L	Amygdala_R	Calcarine_L	Calcarine_R	Cuneus_L	Cuneus_R	Lingual_L	Lingual_R	Occipital_Sup_L	Occipital_Sup_R	Occipital_Mid_L	Occipital_Mid_R	Occipital_Inf_L	Occipital_Inf_R	Fusiform_L	Fusiform_R	Postcentral_L	Postcentral_R	Parietal_Sup_L	Parietal_Sup_R	Parietal_Inf_L	Parietal_Inf_R	SupraMarginal_L	SupraMarginal_R	Angular_L	Angular_R	Precuneus_L	Precuneus_R	Paracentral_Lobule_L	Paracentral_Lobule_R	Caudate_L	Caudate_R	Putamen_L	Putamen_R	Pallidum_L	Pallidum_R	Thalamus_L	Thalamus_R	Heschl_L	Heschl_R	Temporal_Sup_L	Temporal_Sup_R	Temporal_Pole_Sup_L	Temporal_Pole_Sup_R	Temporal_Mid_L	Temporal_Mid_R	Temporal_Pole_Mid_L	Temporal_Pole_Mid_R	Temporal_Inf_L	Temporal_Inf_R	Cerebelum_Crus1_L	Cerebelum_Crus1_R	Cerebelum_Crus2_L	Cerebelum_Crus2_R	Cerebelum_3_L	Cerebelum_3_R	Cerebelum_4_5_L	Cerebelum_4_5_R	Cerebelum_6_L	Cerebelum_6_R	Cerebelum_7b_L	Cerebelum_7b_R	Cerebelum_8_L	Cerebelum_8_R	Cerebelum_9_L	Cerebelum_9_R	Cerebelum_10_L	Cerebelum_10_R	Vermis_1_2	Vermis_3	Vermis_4_5	Vermis_6	Vermis_7	Vermis_8	Vermis_9	Vermis_10	
430924	Precentral_L	0	278	12648	216	0	0	20380	374	0	0	9202	0	1400	0	0	0	9476	0	15334	2384	0	0	246	0	0	0	0	0	9670	0	986	0	262	1010	1366	474	7424	82	3006	0	0	0	1916	0	220	0	1506	0	1242	0	3858	0	572	0	0	0	27352	0	986	0	5170	0	4564	0	1150	0	2300	0	21362	748	2872	568	8308	0	4340	0	14212	960	6072	0	3492	0	0	0	3868	0	0	0	1024	0	0	0	0	0	0	0	0	0	0	0	0	0	0	0	0	0	0	0	0	582	0	0	0	0	0	0	
114480	Precentral_R	278	0	466	6220	0	0	98	5896	0	0	0	4964	0	0	0	0	0	474	774	3208	0	0	0	0	0	0	0	0	0	1562	0	0	0	818	0	1400	0	3916	0	132	0	0	0	644	0	268	0	828	0	686	0	304	0	250	0	274	0	9908	0	246	0	1456	0	2140	0	1054	0	2022	0	2268	792	446	0	420	0	0	0	1950	0	0	0	192	0	0	0	336	0	0	0	414	0	0	0	0	0	0	0	0	0	0	0	0	0	0	0	0	0	0	0	0	136	0	0	0	0	0	
868812	Frontal_Sup_L	12648	466	0	8706	10182	0	66640	4098	2706	0	12550	542	14672	198	11208	118	8382	106	77188	15764	1366	0	38166	4128	468	0	0	0	36876	354	20036	4944	4528	9066	0	92	4800	0	2080	0	388	0	0	0	0	0	90	0	0	0	254	0	0	0	1016	0	2972	252	0	0	488	0	400	0	110	0	0	0	1988	0	11104	1434	26124	490	4432	0	1138	106	928	0	4814	0	1826	0	322	0	0	0	554	0	0	0	0	0	0	0	0	0	0	0	0	0	0	0	0	0	0	0	0	98	0	0	0	0	0	0	
792012	Frontal_Sup_R	216	6220	8706	0	0	8324	930	31474	0	504	746	13518	354	9558	0	5244	186	8282	9282	67992	162	294	13258	43896	236	5322	0	646	528	23392	3260	39022	1126	26084	86	1198	98	5298	0	1196	0	0	0	0	0	0	0	1028	0	136	0	136	0	88	0	516	0	1432	0	0	0	114	0	476	0	86	0	1264	0	0	2280	21186	216	20280	0	1552	0	7700	0	0	114	100	0	0	0	308	0	0	0	192	0	0	0	0	0	0	0	0	0	0	0	0	0	0	0	0	0	0	0	0	164	0	0	0	0	0	
207508	Frontal_Sup_Orb_L	0	0	10182	0	0	476	1640	0	15048	0	148	0	1386	0	21006	0	0	0	972	0	4090	972	1822	0	3060	0	6712	500	12598	0	5636	330	0	0	0	0	216	0	0	0	278	0	0	0	0	0	0	0	0	0	0	0	0	0	0	0	0	0	0	0	0	0	0	0	0	0	0	0	0	0	4102	314	10516	224	0	0	0	0	0	0	0	0	1526	0	0	0	0	0	0	0	0	0	0	0	0	0	0	0	0	0	0	0	0	0	0	0	0	0	0	0	0	0	0	0	0	0	
161812	Frontal_Sup_Orb_R	0	0	0	8324	476	0	0	1314	236	5190	0	0	0	722	380	9156	0	0	0	428	2050	4702	542	5538	542	10610	590	10474	0	3674	718	2310	0	0	0	0	0	0	0	0	0	102	0	0	0	0	0	0	0	0	0	0	0	0	0	0	0	0	0	0	0	0	0	0	0	0	0	0	0	0	2142	3278	1490	5918	0	0	0	0	0	0	0	0	0	0	0	0	0	0	0	0	0	0	0	0	0	0	0	0	0	0	0	0	0	0	0	0	0	0	0	0	0	0	0	0	0	0	
469820	Frontal_Mid_L	20380	98	66640	930	1640	0	0	264	1872	0	14106	118	28966	0	7876	0	4142	96	12904	276	156	0	17876	1244	0	0	0	0	18058	142	9634	1664	3562	1250	0	0	1616	0	1058	0	0	0	0	0	0	0	140	0	192	0	514	0	88	0	100	0	3916	0	0	0	516	0	266	0	164	0	106	0	0	0	1466	102	3752	0	1130	0	882	0	1604	0	1672	0	190	0	778	0	0	0	454	0	0	0	0	0	0	0	0	0	0	0	0	0	0	0	0	0	0	0	0	310	0	0	0	0	0	0	
235296	Frontal_Mid_R	374	5896	4098	31474	0	1314	264	0	0	2410	1124	9556	148	9590	0	5282	156	1148	4260	8572	0	0	304	2768	0	0	0	0	396	4806	408	4540	440	4648	0	94	96	840	0	234	0	0	0	0	0	0	0	138	0	0	0	110	0	0	0	86	0	1404	0	0	0	0	0	138	0	0	0	96	0	0	4000	1790	210	2948	0	0	0	1104	0	0	82	0	0	0	0	210	0	0	0	92	0	0	0	0	0	0	0	0	0	0	0	0	0	0	0	0	0	0	0	0	0	0	0	0	0	0	
109492	Frontal_Mid_Orb_L	0	0	2706	0	15048	236	1872	0	0	0	0	0	942	0	17824	0	0	0	238	0	986	534	0	0	298	0	3102	246	5052	0	1064	202	0	0	0	0	0	0	0	0	0	0	0	0	0	0	0	0	0	0	0	0	0	0	0	0	0	0	0	0	0	0	0	0	0	0	0	0	0	0	1284	220	2206	156	0	0	0	0	0	0	0	0	530	0	0	0	0	0	0	0	0	0	0	0	0	0	0	0	0	0	0	0	0	0	0	0	0	0	0	0	0	0	0	0	0	0	
40224	Frontal_Mid_Orb_R	0	0	0	504	0	5190	0	2410	0	0	0	0	0	812	0	6720	0	0	0	0	248	460	0	0	0	0	0	1210	0	844	0	0	0	0	0	0	0	0	0	0	0	0	0	0	0	0	0	0	0	0	0	0	0	0	0	0	0	0	0	0	0	0	0	0	0	0	0	0	0	0	266	210	210	1028	0	0	0	0	0	0	0	0	0	0	0	0	0	0	0	0	0	0	0	0	0	0	0	0	0	0	0	0	0	0	0	0	0	0	0	0	0	0	0	0	0	0	
210464	Frontal_Inf_Oper_L	9202	0	12550	746	148	0	14106	1124	0	0	0	340	13014	0	454	0	8736	0	9222	116	0	0	1586	84	0	0	0	0	12490	0	6300	310	870	188	0	0	592	0	174	0	0	0	0	0	0	0	0	0	0	0	0	0	0	0	342	0	3620	0	0	0	326	0	290	0	0	0	0	0	0	0	1924	0	1062	0	0	0	350	0	750	0	2926	0	852	0	0	0	0	0	262	0	0	0	0	0	0	0	0	0	0	0	0	0	0	0	0	0	0	0	0	176	0	0	0	0	0	0	
210880	Frontal_Inf_Oper_R	0	4964	542	13518	0	0	118	9556	0	0	340	0	0	9142	0	86	0	5830	628	8346	0	0	478	4114	0	82	0	0	0	16854	984	7010	0	1522	0	0	0	536	0	258	0	0	0	0	0	0	0	0	0	0	0	0	0	0	0	156	0	2444	0	114	0	812	0	1036	0	862	0	0	0	0	4250	6182	150	3342	0	148	0	450	0	0	0	94	0	0	0	270	0	0	0	222	0	0	0	0	0	0	0	0	0	0	0	0	0	0	0	0	0	0	0	0	0	0	0	0	0	0	
230464	Frontal_Inf_Tri_L	1400	0	14672	354	1386	0	28966	148	942	0	13014	0	0	0	10936	0	378	0	2584	134	0	0	5634	170	0	0	0	0	19624	0	8904	632	2812	434	0	0	0	0	0	0	0	0	0	0	0	0	0	0	0	0	0	0	0	0	0	0	94	0	0	0	0	0	0	0	0	0	0	0	0	0	1182	0	610	0	0	0	0	0	0	0	0	0	222	0	0	0	0	0	0	0	0	0	0	0	0	0	0	0	0	0	0	0	0	0	0	0	0	0	0	0	0	0	0	0	0	0	
151384	Frontal_Inf_Tri_R	0	0	198	9558	0	722	0	9590	0	812	0	9142	0	0	0	8538	0	0	254	3890	0	0	286	4926	0	206	0	0	0	14242	610	6708	0	2552	0	0	0	0	0	0	0	0	0	0	0	0	0	0	0	0	0	0	0	0	0	0	0	0	0	0	0	0	0	0	0	0	0	0	0	0	498	2550	0	410	0	0	0	0	0	0	0	0	0	0	0	0	0	0	0	0	0	0	0	0	0	0	0	0	0	0	0	0	0	0	0	0	0	0	0	0	0	0	0	0	0	0	
234908	Frontal_Inf_Orb_L	0	0	11208	0	21006	380	7876	0	17824	0	454	0	10936	0	0	0	108	0	758	0	4060	830	1750	0	316	0	2540	390	17974	0	3474	500	238	128	0	0	290	0	104	0	192	0	0	0	0	0	0	0	0	0	0	0	0	0	0	0	0	0	0	0	0	0	0	0	0	0	0	0	0	0	3614	270	7182	182	0	0	0	0	0	0	0	0	2870	0	0	0	0	0	0	0	0	0	0	0	0	0	0	0	0	0	0	0	0	0	0	0	0	0	0	0	0	0	0	0	0	0	
121184	Frontal_Inf_Orb_R	0	0	118	5244	0	9156	0	5282	0	6720	0	86	0	8538	0	0	0	0	182	748	0	2818	0	1252	0	1200	0	2416	0	10016	0	1598	0	570	0	0	0	0	0	144	0	262	0	0	0	0	0	0	0	0	0	0	0	0	0	0	0	0	0	0	0	0	0	0	0	0	0	0	0	0	114	1802	0	1814	0	0	0	0	0	0	0	0	0	512	0	0	0	0	0	0	0	0	0	0	0	0	0	0	0	0	0	0	0	0	0	0	0	0	0	0	0	0	0	0	0	0	
234216	Rolandic_Oper_L	9476	0	8382	186	0	0	4142	156	0	0	8736	0	378	0	108	0	0	0	5348	348	0	0	96	0	0	0	0	0	22018	0	620	0	0	178	0	0	1470	0	294	0	0	0	772	0	0	0	0	0	0	0	2722	0	1058	0	528	0	6688	0	0	0	690	0	1940	0	658	0	372	0	118	0	644	0	2204	0	1020	0	378	0	9930	0	14478	0	1432	0	6750	0	0	0	2492	0	0	0	0	0	0	0	0	0	86	0	0	0	0	0	0	0	0	0	0	212	0	0	0	0	0	0	
99112	Rolandic_Oper_R	0	474	106	8282	0	0	96	1148	0	0	0	5830	0	0	0	0	0	0	108	6406	0	0	0	0	0	0	0	0	0	11992	0	0	0	132	0	368	0	1186	0	194	0	0	0	0	0	0	0	0	0	0	0	0	0	0	0	158	0	2218	0	0	0	0	0	2178	0	182	0	380	0	0	506	520	0	2652	0	110	84	914	0	954	0	1758	0	218	0	114	0	0	0	174	0	0	0	0	0	0	0	0	0	0	0	0	0	0	0	0	0	0	0	0	114	0	0	0	0	0	
665840	Supp_Motor_Area_L	15334	774	77188	9282	972	0	12904	4260	238	0	9222	628	2584	254	758	182	5348	108	0	38740	228	0	5044	2238	0	0	0	0	13142	458	7044	3642	10410	18560	5514	722	2122	0	676	0	0	0	0	0	416	0	0	0	0	0	136	0	0	0	738	0	2470	286	0	0	298	0	450	0	0	0	570	196	21198	4058	14328	3058	15982	822	5730	222	7760	822	500	0	3238	0	522	0	152	0	0	0	392	0	0	0	0	0	0	0	0	0	0	0	0	0	0	0	0	0	0	0	0	0	0	0	0	0	0	0	
971052	Supp_Motor_Area_R	2384	3208	15764	67992	0	428	276	8572	0	0	116	8346	134	3890	0	748	348	6406	38740	0	0	0	4178	16070	0	306	0	0	480	10336	2884	27956	12730	66368	5454	11552	582	5786	0	1032	0	0	600	1856	1516	1730	0	1358	942	1078	878	608	0	464	0	1026	0	2208	738	92	94	264	0	852	0	312	1572	5960	10806	34868	2510	38988	320	16292	0	4098	3552	24260	0	196	326	490	0	0	0	666	0	0	0	554	0	0	0	0	0	0	0	0	0	0	0	0	0	0	0	0	0	0	0	0	386	0	0	0	0	0	
100636	Olfactory_L	0	0	1366	162	4090	2050	156	0	986	248	0	0	0	0	4060	0	0	0	228	0	0	4596	0	0	438	412	1872	2130	5000	0	2328	1076	0	0	0	0	586	0	286	0	468	0	0	0	0	0	0	0	0	0	0	0	0	0	0	0	0	0	0	0	0	0	0	0	0	0	0	0	0	0	8240	2216	4750	1342	0	0	0	0	0	0	0	0	1232	0	0	0	0	0	0	0	0	0	0	0	0	0	0	0	0	0	0	0	0	0	0	0	0	0	0	0	0	0	0	0	0	0	
122384	Olfactory_R	0	0	0	294	972	4702	0	0	534	460	0	0	0	0	830	2818	0	0	0	0	4596	0	0	0	172	2012	1104	5546	82	1328	2754	2684	0	0	0	0	0	106	0	264	0	634	0	0	0	0	0	0	0	0	0	0	0	0	0	0	0	0	0	0	0	0	0	0	0	0	0	0	0	0	8356	9122	5734	3852	1066	1062	0	0	0	0	0	0	0	108	0	0	0	0	0	0	0	0	0	0	0	0	0	0	0	0	0	0	0	0	0	0	0	0	0	0	0	0	0	0	0	0	
360576	Frontal_Sup_Medial_L	246	0	38166	13258	1822	542	17876	304	0	0	1586	478	5634	286	1750	0	96	0	5044	4178	0	0	0	23100	1954	1126	0	0	6794	604	20734	13820	5512	10862	0	0	0	0	0	0	0	0	0	0	0	0	0	0	0	0	0	0	0	0	0	0	0	0	0	0	0	0	0	0	0	0	0	0	0	0	472	2144	1480	420	0	0	0	0	0	0	0	0	0	0	0	0	0	0	0	0	0	0	0	0	0	0	0	0	0	0	0	0	0	0	0	0	0	0	0	0	0	0	0	0	0	0	
402336	Frontal_Sup_Medial_R	0	0	4128	43896	0	5538	1244	2768	0	0	84	4114	170	4926	0	1252	0	0	2238	16070	0	0	23100	0	922	6854	0	312	214	8676	5280	32166	1586	14526	0	0	0	0	0	0	0	0	0	0	0	0	0	0	0	0	0	0	0	0	0	0	0	0	0	0	0	0	0	0	0	0	0	0	0	0	566	13492	104	6740	0	202	0	0	0	0	0	0	0	0	0	0	0	0	0	0	0	0	0	0	0	0	0	0	0	0	0	0	0	0	0	0	0	0	0	0	0	0	0	0	0	0	
34644	Frontal_Med_Orb_L	0	0	468	236	3060	542	0	0	298	0	0	0	0	0	316	0	0	0	0	0	438	172	1954	922	0	1690	1820	262	0	0	3598	0	0	0	0	0	0	0	0	0	0	0	0	0	0	0	0	0	0	0	0	0	0	0	0	0	0	0	0	0	0	0	0	0	0	0	0	0	0	0	888	0	658	0	0	0	0	0	0	0	0	0	0	0	0	0	0	0	0	0	0	0	0	0	0	0	0	0	0	0	0	0	0	0	0	0	0	0	0	0	0	0	0	0	0	0	
109072	Frontal_Med_Orb_R	0	0	0	5322	0	10610	0	0	0	0	0	82	0	206	0	1200	0	0	0	306	412	2012	1126	6854	1690	0	110	5990	0	1114	702	5648	0	0	0	0	0	0	0	0	0	0	0	0	0	0	0	0	0	0	0	0	0	0	0	0	0	0	0	0	0	0	0	0	0	0	0	0	0	0	464	3842	290	6556	0	0	0	0	0	0	0	0	0	0	0	0	0	0	0	0	0	0	0	0	0	0	0	0	0	0	0	0	0	0	0	0	0	0	0	0	0	0	0	0	0	0	
53812	Rectus_L	0	0	0	0	6712	590	0	0	3102	0	0	0	0	0	2540	0	0	0	0	0	1872	1104	0	0	1820	110	0	622	270	0	3038	344	0	0	0	0	0	0	0	0	0	0	0	0	0	0	0	0	0	0	0	0	0	0	0	0	0	0	0	0	0	0	0	0	0	0	0	0	0	0	2746	352	1470	214	0	0	0	0	0	0	0	0	0	0	0	0	0	0	0	0	0	0	0	0	0	0	0	0	0	0	0	0	0	0	0	0	0	0	0	0	0	0	0	0	0	0	
88444	Rectus_R	0	0	0	646	500	10474	0	0	246	1210	0	0	0	0	390	2416	0	0	0	0	2130	5546	0	312	262	5990	622	0	0	476	528	1854	0	0	0	0	0	0	0	0	0	0	0	0	0	0	0	0	0	0	0	0	0	0	0	0	0	0	0	0	0	0	0	0	0	0	0	0	0	0	2234	4122	1572	2598	94	0	0	0	0	0	0	0	0	0	0	0	0	0	0	0	0	0	0	0	0	0	0	0	0	0	0	0	0	0	0	0	0	0	0	0	0	0	0	0	0	0	
645452	Insula_L	9670	0	36876	528	12598	0	18058	396	5052	0	12490	0	19624	0	17974	0	22018	0	13142	480	5000	82	6794	214	0	0	270	0	0	0	14570	784	928	656	122	0	14618	0	3952	0	3360	0	1494	0	0	0	602	0	0	0	3060	0	1230	0	5182	0	2878	0	0	0	944	0	920	0	708	0	810	0	210	0	5730	0	23748	0	1476	0	4016	0	13264	0	15352	0	3892	0	8028	0	0	0	6908	0	210	0	0	0	116	0	100	0	318	0	0	0	0	0	0	0	0	0	0	1274	0	0	0	0	0	0	
352288	Insula_R	0	1562	354	23392	0	3674	142	4806	0	844	0	16854	0	14242	0	10016	0	11992	458	10336	0	1328	604	8676	0	1114	0	476	0	0	924	11490	0	1694	0	930	0	5680	0	1844	0	232	0	0	0	0	0	322	0	0	0	0	0	0	0	2764	0	1396	0	0	0	0	0	414	0	0	0	930	0	0	700	7206	0	16470	0	284	88	2298	0	1058	0	4150	0	750	0	1178	0	0	0	2118	0	0	0	0	0	0	0	116	0	0	0	0	0	0	0	0	0	0	0	0	238	0	0	0	0	0	
375360	Cingulum_Ant_L	986	0	20036	3260	5636	718	9634	408	1064	0	6300	984	8904	610	3474	0	620	0	7044	2884	2328	2754	20734	5280	3598	702	3038	528	14570	924	0	17296	8166	4636	0	0	202	0	0	0	0	0	0	0	0	0	0	0	0	0	0	0	0	0	136	0	192	0	0	0	0	0	0	0	0	0	0	0	0	0	12146	4640	9902	2804	0	0	88	0	0	0	370	0	0	0	0	0	0	0	84	0	0	0	0	0	0	0	0	0	0	0	0	0	0	0	0	0	0	0	0	0	0	0	0	0	0	0	
518128	Cingulum_Ant_R	0	0	4944	39022	330	2310	1664	4540	202	0	310	7010	632	6708	500	1598	0	0	3642	27956	1076	2684	13820	32166	0	5648	344	1854	784	11490	17296	0	2622	21368	0	0	0	0	0	0	0	0	0	0	0	0	0	0	0	0	0	0	0	0	0	0	0	0	0	0	0	0	0	0	0	0	0	0	0	0	4102	28034	1708	12306	0	394	0	0	0	0	0	0	0	0	0	0	0	0	0	0	0	0	0	0	0	0	0	0	0	0	0	0	0	0	0	0	0	0	0	0	0	0	0	0	0	0	
206484	Cingulum_Mid_L	262	0	4528	1126	0	0	3562	440	0	0	870	0	2812	0	238	0	0	0	10410	12730	0	0	5512	1586	0	0	0	0	928	0	8166	2622	0	18844	5742	1184	0	0	0	0	0	0	564	128	1138	530	0	0	3350	412	2718	198	0	0	0	0	0	0	1038	0	140	0	0	0	0	0	5100	1204	3264	990	370	294	132	0	0	0	110	0	0	0	0	0	0	0	0	0	0	0	0	0	0	0	0	0	0	0	0	0	0	0	0	0	0	0	0	0	0	0	0	0	0	0	0	0	0	0	
616360	Cingulum_Mid_R	1010	818	9066	26084	0	0	1250	4648	0	0	188	1522	434	2552	128	570	178	132	18560	66368	0	0	10862	14526	0	0	0	0	656	1694	4636	21368	18844	0	5380	12930	468	2982	0	88	0	0	516	3718	1410	5510	0	1018	904	3930	838	3402	0	584	0	882	0	630	720	98	0	112	0	126	0	138	2540	12736	7336	20826	448	2970	178	378	0	0	2482	4480	0	0	156	100	0	0	0	606	0	0	0	324	0	0	0	0	0	0	0	0	0	0	0	0	0	0	0	0	0	0	0	0	142	0	0	0	0	0	
164968	Cingulum_Post_L	1366	0	0	86	0	0	0	0	0	0	0	0	0	0	0	0	0	0	5514	5454	0	0	0	0	0	0	0	0	122	0	0	0	5742	5380	0	8606	6306	1512	548	0	0	0	5224	160	326	476	2802	130	0	402	284	320	0	0	246	0	210	0	0	0	100	0	0	0	0	0	8622	1348	8272	3458	0	166	0	0	0	0	3588	3192	1172	0	452	0	0	0	542	0	0	0	204	0	0	0	0	0	0	0	0	0	0	0	0	0	0	0	0	0	0	0	0	0	152	0	0	0	0	0	
212500	Cingulum_Post_R	474	1400	92	1198	0	0	0	94	0	0	0	0	0	0	0	0	0	368	722	11552	0	0	0	0	0	0	0	0	0	930	0	0	1184	12930	8606	0	1246	7196	0	732	0	0	0	1490	0	1752	0	4948	0	1248	0	1150	0	176	0	130	0	412	0	0	0	0	0	0	0	0	382	14872	3708	7786	356	534	0	0	0	0	6612	9596	0	174	0	0	0	0	0	244	0	0	0	156	0	0	0	0	0	0	0	0	0	0	0	0	0	0	0	0	0	0	0	0	1800	0	0	0	0	0	
353172	Hippocampus_L	7424	0	4800	98	216	0	1616	96	0	0	592	0	0	0	290	0	1470	0	2122	582	586	0	0	0	0	0	0	0	14618	0	202	0	0	468	6306	1246	0	1054	25450	0	11284	0	5368	0	138	0	10442	262	88	0	458	0	300	0	19948	0	542	0	0	0	292	0	114	0	0	0	8712	0	2862	528	234	0	11808	0	1174	0	5290	1144	3984	0	5126	0	980	0	1998	0	0	0	9438	0	636	0	0	0	640	0	1358	0	1206	0	0	0	0	0	90	0	0	0	0	906	0	0	0	0	0	0	
372528	Hippocampus_R	82	3916	0	5298	0	0	0	840	0	0	0	536	0	0	0	0	0	1186	0	5786	0	106	0	0	0	0	0	0	0	5680	0	0	0	2982	1512	7196	1054	0	0	31916	0	11546	0	4734	0	690	0	10878	0	860	0	898	0	916	0	27196	0	790	0	0	0	0	0	590	0	238	96	10846	204	3262	0	82	0	12936	0	1086	1726	9146	0	1156	0	2780	0	228	0	2482	0	0	0	7714	0	926	0	0	0	120	0	1784	0	792	0	0	0	0	0	0	0	0	0	156	1316	0	0	0	0	0	
182796	ParaHippocampal_L	3006	0	2080	0	0	0	1058	0	0	0	174	0	0	0	104	0	294	0	676	0	286	0	0	0	0	0	0	0	3952	0	0	0	0	0	548	0	25450	0	0	0	5304	0	1044	0	0	0	8348	186	0	0	296	0	448	0	14558	0	318	0	0	0	300	0	0	0	0	0	2938	0	1036	0	0	0	7474	0	270	0	1112	0	0	0	582	0	604	0	174	0	282	0	3130	0	888	0	0	0	432	0	1966	0	1558	0	0	0	90	0	126	0	0	0	0	306	0	0	0	0	0	0	
193508	ParaHippocampal_R	0	132	0	1196	0	0	0	234	0	0	0	258	0	0	0	144	0	194	0	1032	0	264	0	0	0	0	0	0	0	1844	0	0	0	88	0	732	0	31916	0	0	0	10692	0	2644	0	0	0	8414	0	142	0	190	0	380	0	17062	0	0	0	0	0	0	0	0	0	0	0	4638	0	172	0	0	0	5120	0	888	0	1706	0	114	0	544	0	522	0	246	0	170	0	1732	0	456	0	0	0	130	0	1878	0	516	0	0	0	0	0	0	0	0	0	124	240	0	0	0	0	0	
58940	Amygdala_L	0	0	388	0	278	0	0	0	0	0	0	0	0	0	192	0	0	0	0	0	468	0	0	0	0	0	0	0	3360	0	0	0	0	0	0	0	11284	0	5304	0	0	0	0	0	0	0	0	0	0	0	0	0	0	0	5636	0	0	0	0	0	0	0	0	0	0	0	0	0	0	0	0	0	276	0	0	0	0	0	0	0	274	0	668	0	0	0	0	0	1066	0	0	0	0	0	0	0	276	0	0	0	0	0	0	0	0	0	0	0	0	0	0	0	0	0	0	0	
66836	Amygdala_R	0	0	0	0	0	102	0	0	0	0	0	0	0	0	0	262	0	0	0	0	0	634	0	0	0	0	0	0	0	232	0	0	0	0	0	0	0	11546	0	10692	0	0	0	0	0	0	0	0	0	0	0	0	0	0	0	5672	0	0	0	0	0	0	0	0	0	0	0	0	0	0	0	140	0	1100	0	0	0	0	0	0	0	0	0	1784	0	0	0	152	0	844	0	0	0	0	0	0	0	258	0	0	0	0	0	0	0	0	0	0	0	0	0	0	0	0	0	0	
239864	Calcarine_L	1916	0	0	0	0	0	0	0	0	0	0	0	0	0	0	0	772	0	0	600	0	0	0	0	0	0	0	0	1494	0	0	0	564	516	5224	0	5368	0	1044	0	0	0	0	4182	12540	3022	12064	638	8978	982	22488	528	5012	148	896	182	458	0	262	0	244	0	0	0	276	0	15686	282	618	598	0	0	0	0	0	0	372	0	1664	0	894	0	0	0	4452	0	0	0	534	0	798	582	464	0	0	0	0	0	1384	306	0	0	0	0	0	0	0	0	0	0	0	486	414	0	0	0	
298896	Calcarine_R	0	644	0	0	0	0	0	0	0	0	0	0	0	0	0	0	0	0	0	1856	0	0	0	0	0	0	0	0	0	0	0	0	128	3718	160	1490	0	4734	0	2644	0	0	4182	0	4054	17002	1020	18390	84	11534	0	10618	0	14072	0	13650	0	2514	0	166	0	0	0	106	0	102	3020	20884	124	4838	0	0	0	0	0	0	0	0	0	310	0	178	0	0	0	3686	0	0	0	3540	0	0	0	0	0	0	0	0	0	0	0	0	0	0	0	0	0	0	0	0	0	0	0	0	0	0	
186968	Cuneus_L	220	0	0	0	0	0	0	0	0	0	0	0	0	0	0	0	0	0	416	1516	0	0	0	0	0	0	0	0	0	0	0	0	1138	1410	326	0	138	0	0	0	0	0	12540	4054	0	5862	2564	330	20718	1202	16002	170	2186	144	490	246	150	0	4076	0	400	0	0	0	288	0	13806	590	496	1516	0	0	0	0	0	0	86	0	0	0	0	0	0	0	404	0	0	0	0	0	0	0	0	0	0	0	0	0	0	0	0	0	0	0	0	0	0	0	0	0	0	0	0	0	0	0	
255392	Cuneus_R	0	268	0	0	0	0	0	0	0	0	0	0	0	0	0	0	0	0	0	1730	0	0	0	0	0	0	0	0	0	0	0	0	530	5510	476	1752	0	690	0	0	0	0	3022	17002	5862	0	482	2804	278	28596	98	14556	0	2626	0	2534	0	1614	0	2680	0	202	0	86	0	532	6470	22528	82	3850	0	0	0	0	0	0	0	0	0	0	0	130	0	0	0	540	0	0	0	166	0	0	0	0	0	0	0	0	0	0	0	0	0	0	0	0	0	0	0	0	0	0	0	0	0	0	
373308	Lingual_L	1506	0	90	0	0	0	140	0	0	0	0	0	0	0	0	0	0	0	0	0	0	0	0	0	0	0	0	0	602	0	0	0	0	0	2802	0	10442	0	8348	0	0	0	12064	1020	2564	482	0	4264	2536	248	15114	174	11406	0	19976	472	0	0	0	0	0	0	0	0	0	0	8060	0	698	0	0	0	384	0	0	0	2082	82	1374	0	490	0	0	0	374	0	0	0	1324	0	10464	3738	2544	340	82	0	14514	700	23196	4536	0	0	0	0	0	322	0	0	0	178	6724	7778	1670	90	178	482	
328840	Lingual_R	0	828	0	1028	0	0	0	138	0	0	0	0	0	0	0	0	0	0	0	1358	0	0	0	0	0	0	0	0	0	322	0	0	0	1018	130	4948	262	10878	186	8414	0	0	638	18390	330	2804	4264	0	0	4784	296	5234	300	9290	942	22040	0	298	0	0	0	0	0	0	0	0	750	14238	124	1262	0	126	0	280	0	0	186	2282	0	90	0	0	0	0	0	1064	0	0	0	1188	2548	2976	678	0	172	0	3794	5158	5496	9248	0	0	0	0	98	0	0	0	0	236	6792	5846	546	0	0	122	
224408	Occipital_Sup_L	1242	0	0	0	0	0	192	0	0	0	0	0	0	0	0	0	0	0	0	942	0	0	0	0	0	0	0	0	0	0	0	0	3350	904	0	0	88	0	0	0	0	0	8978	84	20718	278	2536	0	0	0	33240	0	2034	0	276	0	416	0	12676	0	2938	0	326	0	2002	0	17178	96	500	942	0	0	0	0	0	0	0	0	0	0	0	0	0	0	180	0	0	0	0	0	0	0	0	0	0	0	0	0	88	0	0	0	0	0	0	0	0	0	0	0	0	0	0	0	0	0	
296084	Occipital_Sup_R	0	686	0	136	0	0	0	0	0	0	0	0	0	0	0	0	0	0	0	1078	0	0	0	0	0	0	0	0	0	0	0	0	412	3930	402	1248	0	860	0	142	0	0	982	11534	1202	28596	248	4784	0	0	0	32454	0	3288	0	3300	0	1062	0	9646	0	5132	0	204	0	11548	3346	18182	0	2316	0	0	0	0	0	0	0	0	0	0	0	400	0	0	0	562	0	0	0	362	0	0	0	0	0	0	0	0	0	0	0	0	0	0	0	0	0	0	0	0	0	0	0	0	0	0	
466656	Occipital_Mid_L	3858	0	254	0	0	0	514	0	0	0	0	0	0	0	0	0	2722	0	136	878	0	0	0	0	0	0	0	0	3060	0	0	0	2718	838	284	0	458	0	296	0	0	0	22488	0	16002	98	15114	296	33240	0	0	0	18206	0	2466	0	2622	0	18214	0	15354	0	1364	0	16566	0	16182	0	1770	878	0	0	0	0	0	0	146	0	2350	0	1536	0	0	0	22858	0	0	0	1786	0	1234	734	634	0	0	0	94	0	2774	536	0	0	0	0	0	0	0	0	0	0	0	1146	624	0	0	0	
296788	Occipital_Mid_R	0	304	0	136	0	0	0	110	0	0	0	0	0	0	0	0	0	0	0	608	0	0	0	0	0	0	0	0	0	0	0	0	198	3402	320	1150	0	898	0	190	0	0	528	10618	170	14556	174	5234	0	32454	0	0	0	8294	0	5126	0	1248	0	8334	0	5726	0	362	0	14162	1098	11708	0	1188	0	0	0	0	0	0	0	0	0	716	0	2120	0	0	0	11748	0	0	0	5514	0	0	0	0	0	0	0	0	0	0	0	0	0	0	0	0	0	0	0	0	0	0	0	0	0	0	
154168	Occipital_Inf_L	572	0	0	0	0	0	88	0	0	0	0	0	0	0	0	0	1058	0	0	0	0	0	0	0	0	0	0	0	1230	0	0	0	0	0	0	0	300	0	448	0	0	0	5012	0	2186	0	11406	300	2034	0	18206	0	0	0	9332	0	156	0	226	0	334	0	120	0	514	0	1160	0	0	0	0	0	0	0	0	0	174	0	1186	0	1324	0	0	0	5134	0	0	0	6804	0	542	266	230	0	0	0	966	0	3534	278	0	0	0	0	0	0	0	0	0	0	430	1306	228	0	0	0	
154396	Occipital_Inf_R	0	250	0	88	0	0	0	0	0	0	0	0	0	0	0	0	0	0	0	464	0	0	0	0	0	0	0	0	0	0	0	0	0	584	0	176	0	916	0	380	0	0	148	14072	144	2626	0	9290	0	3288	0	8294	0	0	0	20204	0	570	0	0	0	0	0	0	0	0	440	3238	0	570	0	0	0	0	0	0	0	0	0	144	0	166	0	0	0	4682	0	0	0	5896	0	0	0	0	0	0	0	248	0	320	0	0	0	0	0	0	0	0	0	0	0	0	0	0	0	0	
416984	Fusiform_L	0	0	1016	0	0	0	100	0	0	0	342	0	0	0	0	0	528	0	738	0	0	0	0	0	0	0	0	0	5182	0	136	0	0	0	246	0	19948	0	14558	0	5636	0	896	0	490	0	19976	942	276	0	2466	0	9332	0	0	176	0	0	0	0	0	0	0	0	0	0	850	0	0	0	128	0	3836	0	88	0	624	0	104	0	3890	0	1302	0	1552	0	1126	0	17034	0	29148	518	1210	0	596	0	18456	402	38030	902	454	0	234	0	122	0	0	0	0	86	2802	1880	134	0	0	0	
498100	Fusiform_R	0	274	0	516	0	0	0	86	0	0	0	156	0	0	0	0	0	158	0	1026	0	0	0	0	0	0	0	0	0	2764	0	0	0	882	0	130	0	27196	0	17062	0	5672	182	13650	246	2534	472	22040	0	3300	0	5126	0	20204	176	0	0	324	0	0	0	0	0	0	0	88	708	3774	0	430	0	0	0	6072	0	620	0	586	0	342	0	3426	0	2896	0	4854	0	1032	0	18262	1560	26274	890	1766	0	2162	1040	11056	2288	27216	124	472	204	1182	0	132	0	0	0	740	2052	2626	0	0	0	0	
204440	Postcentral_L	27352	0	2972	0	0	0	3916	0	0	0	3620	0	94	0	0	0	6688	0	2470	0	0	0	0	0	0	0	0	0	2878	0	192	0	0	0	210	0	542	0	318	0	0	0	458	0	150	0	0	0	416	0	2622	0	156	0	0	0	0	0	4738	0	14606	0	10486	0	1000	0	2942	0	5240	0	186	0	350	0	356	0	568	0	1634	0	2246	0	0	0	2542	0	0	0	164	0	0	0	0	0	0	0	0	0	0	0	0	0	0	0	0	0	0	0	0	108	0	0	0	0	0	0	
139444	Postcentral_R	0	9908	252	1432	0	0	0	1404	0	0	0	2444	0	0	0	0	0	2218	286	2208	0	0	0	0	0	0	0	0	0	1396	0	0	0	630	0	412	0	790	0	0	0	0	0	2514	0	1614	0	298	0	1062	0	1248	0	570	0	324	0	0	0	3882	0	7086	0	9692	0	1408	0	5754	0	7134	272	232	0	384	0	0	0	380	0	238	0	624	0	0	0	818	0	0	0	808	0	0	0	0	0	0	0	0	0	0	0	0	0	0	0	0	0	0	0	0	0	0	0	0	0	0	
161848	Parietal_Sup_L	986	0	0	0	0	0	0	0	0	0	0	0	0	0	0	0	0	0	0	738	0	0	0	0	0	0	0	0	0	0	0	0	1038	720	0	0	0	0	0	0	0	0	262	0	4076	0	0	0	12676	0	18214	0	226	0	0	0	4738	0	0	0	13324	0	0	0	6072	0	14388	118	2364	738	0	0	0	0	0	0	92	0	0	0	0	0	0	0	154	0	0	0	0	0	0	0	0	0	0	0	0	0	0	0	0	0	0	0	0	0	0	0	0	0	0	0	0	0	0	0	
102124	Parietal_Sup_R	0	246	0	0	0	0	0	0	0	0	0	114	0	0	0	0	0	0	0	92	0	0	0	0	0	0	0	0	0	0	0	0	0	98	0	0	0	0	0	0	0	0	0	166	0	2680	0	0	0	9646	0	8334	0	0	0	0	0	3882	0	0	0	7952	0	1954	0	9682	330	5184	0	702	0	0	0	0	0	0	0	0	0	0	0	0	0	0	0	0	0	0	0	0	0	0	0	0	0	0	0	0	0	0	0	0	0	0	0	0	0	0	0	0	0	0	0	0	0	0	
229932	Parietal_Inf_L	5170	0	488	0	0	0	516	0	0	0	326	0	0	0	0	0	690	0	298	94	0	0	0	0	0	0	0	0	944	0	0	0	140	0	100	0	292	0	300	0	0	0	244	0	400	0	0	0	2938	0	15354	0	334	0	0	0	14606	0	13324	0	0	0	16182	0	22922	0	2704	0	2788	88	0	0	248	0	0	0	176	0	1324	0	2012	0	0	0	9376	0	0	0	588	0	0	0	0	0	0	0	0	0	0	0	0	0	0	0	0	0	0	0	0	0	0	0	0	0	0	0	
98944	Parietal_Inf_R	0	1456	0	114	0	0	0	0	0	0	0	812	0	0	0	0	0	0	0	264	0	0	0	0	0	0	0	0	0	0	0	0	0	112	0	0	0	0	0	0	0	0	0	0	0	202	0	0	0	5132	0	5726	0	0	0	0	0	7086	0	7952	0	0	0	8952	0	10650	0	394	0	248	0	0	0	0	0	0	0	0	0	0	0	104	0	0	0	154	0	0	0	114	0	0	0	0	0	0	0	0	0	0	0	0	0	0	0	0	0	0	0	0	0	0	0	0	0	0	
105716	SupraMarginal_L	4564	0	400	0	0	0	266	0	0	0	290	0	0	0	0	0	1940	0	450	0	0	0	0	0	0	0	0	0	920	0	0	0	0	0	0	0	114	0	0	0	0	0	0	0	0	0	0	0	326	0	1364	0	120	0	0	0	10486	0	0	0	16182	0	0	0	3404	0	102	0	364	0	0	0	0	0	0	0	0	0	546	0	4924	0	0	0	5666	0	0	0	430	0	0	0	0	0	0	0	0	0	0	0	0	0	0	0	0	0	0	0	0	0	0	0	0	0	0	0	
88012	SupraMarginal_R	0	2140	0	476	0	0	0	138	0	0	0	1036	0	0	0	0	0	2178	0	852	0	0	0	0	0	0	0	0	0	414	0	0	0	126	0	0	0	590	0	0	0	0	0	106	0	86	0	0	0	204	0	362	0	0	0	0	0	9692	0	1954	0	8952	0	0	0	5376	0	230	0	212	0	98	0	0	0	0	0	0	0	316	0	5380	0	0	0	1752	0	0	0	1336	0	0	0	0	0	0	0	0	0	0	0	0	0	0	0	0	0	0	0	0	0	0	0	0	0	0	
154544	Angular_L	1150	0	110	0	0	0	164	0	0	0	0	0	0	0	0	0	658	0	0	0	0	0	0	0	0	0	0	0	708	0	0	0	0	0	0	0	0	0	0	0	0	0	276	0	288	0	0	0	2002	0	16566	0	514	0	0	0	1000	0	6072	0	22922	0	3404	0	0	0	978	0	870	0	0	0	0	0	0	0	0	0	1254	0	1692	0	0	0	15178	0	0	0	1466	0	0	0	0	0	0	0	0	0	0	0	0	0	0	0	0	0	0	0	0	0	0	0	0	0	0	0	
126416	Angular_R	0	1054	0	86	0	0	0	0	0	0	0	862	0	0	0	0	0	182	0	312	0	0	0	0	0	0	0	0	0	0	0	0	0	138	0	0	0	238	0	0	0	0	0	102	0	532	0	0	0	11548	0	14162	0	0	0	88	0	1408	0	9682	0	10650	0	5376	0	0	0	1130	0	302	0	0	0	0	0	0	0	0	0	122	0	1924	0	0	0	1922	0	0	0	1388	0	0	0	0	0	0	0	0	0	0	0	0	0	0	0	0	0	0	0	0	0	0	0	0	0	0	
327736	Precuneus_L	2300	0	0	0	0	0	106	0	0	0	0	0	0	0	0	0	372	0	570	1572	0	0	0	0	0	0	0	0	810	0	0	0	5100	2540	8622	382	8712	96	2938	0	0	0	15686	3020	13806	6470	8060	750	17178	3346	16182	1098	1160	440	850	708	2942	0	14388	330	2704	0	102	0	978	0	0	7068	3540	2250	0	0	0	0	0	0	1080	86	1762	0	884	0	0	0	2510	0	0	0	370	0	0	0	0	0	0	0	0	0	0	0	0	0	0	0	0	0	0	0	0	0	0	0	0	0	0	0	
392024	Precuneus_R	0	2022	0	1264	0	0	0	96	0	0	0	0	0	0	0	0	0	380	196	5960	0	0	0	0	0	0	0	0	0	930	0	0	1204	12736	1348	14872	0	10846	0	4638	0	0	282	20884	590	22528	0	14238	96	18182	0	11708	0	3238	0	3774	0	5754	118	5184	0	394	0	230	0	1130	7068	0	696	13292	0	0	0	0	0	0	808	3826	0	236	0	420	0	0	0	1752	0	0	0	1136	0	0	0	0	0	0	0	0	0	0	0	0	0	0	0	0	0	0	0	0	1956	0	0	0	0	0	
280472	Paracentral_Lobule_L	21362	0	1988	0	0	0	0	0	0	0	0	0	0	0	0	0	118	0	21198	10806	0	0	0	0	0	0	0	0	210	0	0	0	3264	7336	8272	3708	2862	204	1036	0	0	0	618	124	496	82	698	124	500	0	1770	0	0	0	0	0	5240	0	2364	0	2788	0	364	0	870	0	3540	696	0	6802	3288	868	2532	0	1382	0	18670	2726	88	0	0	0	0	0	918	0	0	0	0	0	0	0	0	0	0	0	0	0	0	0	0	0	0	0	0	0	0	0	0	324	0	0	0	0	0	0	
296072	Paracentral_Lobule_R	748	2268	0	0	0	0	0	0	0	0	0	0	0	0	0	0	0	0	4058	34868	0	0	0	0	0	0	0	0	0	0	0	0	990	20826	3458	7786	528	3262	0	172	0	0	598	4838	1516	3850	0	1262	942	2316	878	1188	0	570	0	430	0	7134	738	702	88	248	0	212	0	302	2250	13292	6802	0	312	2756	0	0	0	0	3518	10630	0	0	0	360	0	0	0	626	0	0	0	374	0	0	0	0	0	0	0	0	0	0	0	0	0	0	0	0	0	0	0	0	340	0	0	0	0	0	
344744	Caudate_L	2872	792	11104	2280	4102	2142	1466	4000	1284	266	1924	4250	1182	498	3614	114	644	506	14328	2510	8240	8356	472	566	888	464	2746	2234	5730	700	12146	4102	370	448	0	356	234	0	0	0	0	0	0	0	0	0	0	0	0	0	0	0	0	0	128	0	186	272	0	0	0	0	0	0	0	0	0	0	3288	312	0	11058	20960	4512	3816	1256	13172	4572	0	0	532	0	270	0	0	0	0	0	108	0	0	0	0	0	0	0	0	0	0	0	0	0	0	0	0	0	0	0	0	0	0	0	0	0	0	0	
451004	Caudate_R	568	446	1434	21186	314	3278	102	1790	220	210	0	6182	0	2550	270	1802	0	520	3058	38988	2216	9122	2144	13492	0	3842	352	4122	0	7206	4640	28034	294	2970	166	534	0	82	0	0	0	140	0	0	0	0	0	126	0	0	0	0	0	0	0	0	0	232	0	0	0	0	0	98	0	0	0	0	868	2756	11058	0	4894	17662	1156	3914	3610	16854	0	0	0	0	0	0	0	0	0	0	0	0	0	0	0	0	0	0	0	0	0	0	0	0	0	0	0	0	0	0	0	0	0	0	0	0	0	0	
417904	Putamen_L	8308	0	26124	216	10516	1490	3752	210	2206	210	1062	150	610	0	7182	0	2204	0	15982	320	4750	5734	1480	104	658	290	1470	1572	23748	0	9902	1708	132	178	0	0	11808	0	7474	0	276	0	0	0	0	0	384	0	0	0	0	0	0	0	3836	0	350	0	0	0	248	0	0	0	0	0	0	0	2532	0	20960	4894	0	3064	9480	598	3516	0	716	0	2572	0	1260	0	146	0	0	0	1826	0	126	0	0	0	0	0	0	0	230	0	0	0	0	0	0	0	0	0	0	388	0	0	0	0	0	0	
344996	Putamen_R	0	420	490	20280	224	5918	0	2948	156	1028	0	3342	0	410	182	1814	0	2652	822	16292	1342	3852	420	6740	0	6556	214	2598	0	16470	2804	12306	0	378	0	0	0	12936	0	5120	0	1100	0	0	0	0	0	280	0	0	0	0	0	0	0	6072	0	384	0	0	0	0	0	0	0	0	0	0	0	0	4512	17662	3064	0	428	2992	192	4470	0	0	0	730	0	0	0	410	0	0	0	1352	0	0	0	0	0	0	0	136	0	0	0	0	0	0	0	0	0	0	0	0	0	0	0	0	0	0	
86428	Pallidum_L	4340	0	4432	0	0	0	1130	0	0	0	0	0	0	0	0	0	1020	0	5730	0	0	1066	0	0	0	0	0	94	1476	0	0	0	0	0	0	0	1174	0	270	0	0	0	0	0	0	0	0	0	0	0	0	0	0	0	88	0	356	0	0	0	0	0	0	0	0	0	0	0	1382	0	3816	1156	9480	428	0	306	4346	226	0	0	898	0	0	0	0	0	0	0	0	0	0	0	0	0	0	0	0	0	0	0	0	0	0	0	0	0	0	0	0	0	0	0	0	0	0	0	
40664	Pallidum_R	0	0	0	1552	0	0	0	0	0	0	0	148	0	0	0	0	0	110	222	4098	0	1062	0	202	0	0	0	0	0	284	0	394	0	0	0	0	0	1086	0	888	0	0	0	0	0	0	0	0	0	0	0	0	0	0	0	620	0	0	0	0	0	0	0	0	0	0	0	0	0	0	1256	3914	598	2992	306	0	0	600	0	0	0	0	0	0	0	0	0	0	0	0	0	0	0	0	0	0	0	0	0	0	0	0	0	0	0	0	0	0	0	0	0	0	0	0	0	0	
254124	Thalamus_L	14212	0	1138	0	0	0	882	0	0	0	350	0	0	0	0	0	378	84	7760	3552	0	0	0	0	0	0	0	0	4016	88	88	0	110	2482	3588	6612	5290	1726	1112	0	0	0	372	0	86	0	2082	186	0	0	146	0	174	0	624	0	568	0	92	0	176	0	0	0	0	0	1080	808	18670	3518	13172	3610	3516	192	4346	0	0	15380	1638	0	428	0	0	0	244	0	0	0	498	0	0	0	0	0	206	0	0	0	0	0	0	0	0	0	0	0	0	0	0	1782	0	0	0	0	0	0	
269200	Thalamus_R	960	1950	106	7700	0	0	0	1104	0	0	0	450	0	0	0	0	0	914	822	24260	0	0	0	0	0	0	0	0	0	2298	0	0	0	4480	3192	9596	1144	9146	0	1706	0	0	0	0	0	0	82	2282	0	0	0	0	0	0	0	586	0	380	0	0	0	0	0	0	0	0	86	3826	2726	10630	4572	16854	0	4470	226	600	15380	0	0	198	0	144	0	0	0	0	0	0	0	544	0	0	0	0	0	0	0	0	0	0	0	0	0	0	0	0	0	0	0	138	1048	0	0	0	0	0	
154712	Heschl_L	6072	0	928	0	0	0	1604	0	0	0	750	0	0	0	0	0	9930	0	500	0	0	0	0	0	0	0	0	0	13264	0	0	0	0	0	1172	0	3984	0	0	0	0	0	1664	0	0	0	1374	0	0	0	2350	0	1186	0	104	0	1634	0	0	0	1324	0	546	0	1254	0	1762	0	88	0	0	0	716	0	0	0	1638	0	0	0	7770	0	102	0	10302	0	0	0	4178	0	0	0	0	0	110	0	0	0	0	0	0	0	0	0	0	0	0	0	0	1050	0	0	0	0	0	0	
36064	Heschl_R	0	0	0	0	0	0	0	0	0	0	0	0	0	0	0	0	0	954	0	196	0	0	0	0	0	0	0	0	0	1058	0	0	0	0	0	174	0	1156	0	114	0	0	0	310	0	0	0	90	0	0	0	716	0	144	0	342	0	238	0	0	0	0	0	316	0	122	0	236	0	0	0	0	0	0	0	0	0	198	0	0	0	5320	0	0	0	3214	0	0	0	3134	0	0	0	0	0	0	0	0	0	0	0	0	0	0	0	0	0	0	0	0	0	0	0	0	0	0	
277448	Temporal_Sup_L	3492	0	4814	114	0	0	1672	82	0	0	2926	0	0	0	0	0	14478	0	3238	326	0	0	0	0	0	0	0	0	15352	0	370	0	0	156	452	0	5126	0	582	0	274	0	894	0	0	0	490	0	0	0	1536	0	1324	0	3890	0	2246	0	0	0	2012	0	4924	0	1692	0	884	0	0	0	532	0	2572	0	898	0	428	0	7770	0	0	0	6334	0	29604	0	126	0	16408	0	366	0	0	0	0	0	0	0	340	0	0	0	0	0	0	0	0	0	0	0	0	0	0	0	0	0	
133968	Temporal_Sup_R	0	192	0	100	0	0	0	0	0	0	0	94	0	0	0	0	0	1758	0	490	0	0	0	0	0	0	0	0	0	4150	0	0	0	100	0	0	0	2780	0	544	0	0	0	178	0	130	0	0	0	400	0	2120	0	166	0	3426	0	624	0	0	0	104	0	5380	0	1924	0	420	0	360	0	0	0	730	0	0	0	144	0	5320	0	0	0	4246	0	18236	0	1200	0	11442	0	0	0	0	0	0	0	226	0	0	0	0	0	0	0	0	0	0	0	0	0	0	0	0	0	0	
88836	Temporal_Pole_Sup_L	0	0	1826	0	1526	0	190	0	530	0	852	0	222	0	2870	0	1432	0	522	0	1232	0	0	0	0	0	0	0	3892	0	0	0	0	0	0	0	980	0	604	0	668	0	0	0	0	0	0	0	0	0	0	0	0	0	1302	0	0	0	0	0	0	0	0	0	0	0	0	0	0	0	270	0	1260	0	0	0	0	0	102	0	6334	0	0	0	9364	0	3520	0	4920	0	0	0	0	0	0	0	0	0	0	0	0	0	0	0	0	0	0	0	0	0	0	0	0	0	0	0	
45664	Temporal_Pole_Sup_R	0	0	0	0	0	0	0	0	0	0	0	0	0	0	0	512	0	218	0	0	0	108	0	0	0	0	0	0	0	750	0	0	0	0	0	0	0	228	0	522	0	1784	0	0	0	0	0	0	0	0	0	0	0	0	0	2896	0	0	0	0	0	0	0	0	0	0	0	0	0	0	0	0	0	0	0	0	0	0	0	0	0	4246	0	0	0	5016	0	2870	0	3682	0	0	0	0	0	0	0	0	0	0	0	0	0	0	0	0	0	0	0	0	0	0	0	0	0	0	
354944	Temporal_Mid_L	3868	0	322	0	0	0	778	0	0	0	0	0	0	0	0	0	6750	0	152	0	0	0	0	0	0	0	0	0	8028	0	0	0	0	0	542	0	1998	0	174	0	0	0	4452	0	404	0	374	0	180	0	22858	0	5134	0	1552	0	2542	0	154	0	9376	0	5666	0	15178	0	2510	0	918	0	0	0	146	0	0	0	244	0	10302	0	29604	0	9364	0	0	0	4204	0	29410	0	168	0	0	0	0	0	0	0	120	0	0	0	0	0	0	0	0	0	0	0	0	0	0	0	0	0	
193248	Temporal_Mid_R	0	336	0	308	0	0	0	210	0	0	0	270	0	0	0	0	0	114	0	666	0	0	0	0	0	0	0	0	0	1178	0	0	0	606	0	244	0	2482	0	246	0	0	0	3686	0	540	0	1064	0	562	0	11748	0	4682	0	4854	0	818	0	0	0	154	0	1752	0	1922	0	1752	0	626	0	0	0	410	0	0	0	0	0	3214	0	18236	0	5016	0	0	0	2598	0	26330	0	0	0	0	0	0	0	0	0	0	0	0	0	0	0	0	0	0	0	0	0	0	0	0	0	0	
26996	Temporal_Pole_Mid_L	0	0	0	0	0	0	0	0	0	0	0	0	0	0	0	0	0	0	0	0	0	0	0	0	0	0	0	0	0	0	0	0	0	0	0	0	0	0	282	0	0	0	0	0	0	0	0	0	0	0	0	0	0	0	1126	0	0	0	0	0	0	0	0	0	0	0	0	0	0	0	0	0	0	0	0	0	0	0	0	0	126	0	3520	0	4204	0	0	0	4240	0	0	0	0	0	0	0	0	0	0	0	0	0	0	0	0	0	0	0	0	0	0	0	0	0	0	0	
19060	Temporal_Pole_Mid_R	0	0	0	0	0	0	0	0	0	0	0	0	0	0	0	0	0	0	0	0	0	0	0	0	0	0	0	0	0	0	0	0	0	0	0	0	0	0	0	170	0	152	0	0	0	0	0	0	0	0	0	0	0	0	0	1032	0	0	0	0	0	0	0	0	0	0	0	0	0	0	0	0	0	0	0	0	0	0	0	0	0	1200	0	2870	0	2598	0	0	0	1508	0	0	0	0	0	0	0	0	0	0	0	0	0	0	0	0	0	0	0	0	0	0	0	0	0	0	
263700	Temporal_Inf_L	1024	0	554	0	0	0	454	0	0	0	262	0	0	0	0	0	2492	0	392	0	0	0	0	0	0	0	0	0	6908	0	84	0	0	0	204	0	9438	0	3130	0	1066	0	534	0	0	0	1324	0	0	0	1786	0	6804	0	17034	0	164	0	0	0	588	0	430	0	1466	0	370	0	0	0	108	0	1826	0	0	0	498	0	4178	0	16408	0	4920	0	29410	0	4240	0	0	0	6896	0	112	0	0	0	1284	0	5462	0	0	0	0	0	0	0	0	0	0	0	0	0	0	0	0	0	
226664	Temporal_Inf_R	0	414	0	192	0	0	0	92	0	0	0	222	0	0	0	0	0	174	0	554	0	0	0	0	0	0	0	0	0	2118	0	0	0	324	0	156	0	7714	0	1732	0	844	0	3540	0	166	0	1188	0	362	0	5514	0	5896	0	18262	0	808	0	0	0	114	0	1336	0	1388	0	1136	0	374	0	0	0	1352	0	0	0	544	0	3134	0	11442	0	3682	0	26330	0	1508	0	0	0	5982	0	1582	0	188	0	130	0	1518	0	644	0	532	0	0	0	0	0	144	0	0	0	0	0	0	
625544	Cerebelum_Crus1_L	0	0	0	0	0	0	0	0	0	0	0	0	0	0	0	0	0	0	0	0	0	0	0	0	0	0	0	0	210	0	0	0	0	0	0	0	636	0	888	0	0	0	798	0	0	0	10464	2548	0	0	1234	0	542	0	29148	1560	0	0	0	0	0	0	0	0	0	0	0	0	0	0	0	0	126	0	0	0	0	0	0	0	366	0	0	0	168	0	0	0	6896	0	0	14456	39260	4908	3612	266	41590	2492	80600	11418	9580	0	8592	132	2002	994	462	0	872	1952	10258	11882	9868	696	770	526	
558328	Cerebelum_Crus1_R	0	0	0	0	0	0	0	0	0	0	0	0	0	0	0	0	0	0	0	0	0	0	0	0	0	0	0	0	0	0	0	0	0	0	0	0	0	926	0	456	0	0	582	0	0	0	3738	2976	0	0	734	0	266	0	518	26274	0	0	0	0	0	0	0	0	0	0	0	0	0	0	0	0	0	0	0	0	0	0	0	0	0	0	0	0	0	0	0	0	0	5982	14456	0	8076	29568	418	7654	5318	24998	14282	65618	544	5972	518	13222	848	1466	0	82	466	5442	12810	14462	8652	880	796	164	
440752	Cerebelum_Crus2_L	0	0	0	0	0	0	0	0	0	0	0	0	0	0	0	0	0	0	0	0	0	0	0	0	0	0	0	0	0	0	0	0	0	0	0	0	0	0	0	0	0	0	464	0	0	0	2544	678	0	0	634	0	230	0	1210	890	0	0	0	0	0	0	0	0	0	0	0	0	0	0	0	0	0	0	0	0	0	0	0	0	0	0	0	0	0	0	0	0	112	0	39260	8076	0	15068	1290	88	6832	386	15922	4676	40310	4932	33646	2980	6364	776	1918	0	260	582	2124	5174	15704	6132	790	324	
351748	Cerebelum_Crus2_R	0	0	0	0	0	0	0	0	0	0	0	0	0	0	0	0	0	0	0	0	0	0	0	0	0	0	0	0	0	0	0	0	0	0	0	0	0	0	0	0	0	0	0	0	0	0	340	0	0	0	0	0	0	0	0	1766	0	0	0	0	0	0	0	0	0	0	0	0	0	0	0	0	0	0	0	0	0	0	0	0	0	0	0	0	0	0	0	0	0	1582	4908	29568	15068	0	250	1582	440	1058	2188	3758	9036	25120	7632	34468	210	4194	0	152	602	1352	584	1118	17264	8620	3014	0	
64928	Cerebelum_3_L	0	0	0	0	0	0	0	0	0	0	0	0	0	0	0	0	0	0	0	0	0	0	0	0	0	0	0	0	116	0	0	0	0	0	0	0	640	0	432	0	0	0	0	0	0	0	82	172	0	0	0	0	0	0	596	0	0	0	0	0	0	0	0	0	0	0	0	0	0	0	0	0	0	0	0	0	206	0	110	0	0	0	0	0	0	0	0	0	0	0	3612	418	1290	250	0	254	6268	244	3908	474	544	0	1192	126	2286	604	0	0	1730	3032	1138	830	854	490	390	176	
101084	Cerebelum_3_R	0	0	0	0	0	0	0	0	0	0	0	0	0	0	0	0	0	0	0	0	0	0	0	0	0	0	0	0	0	0	0	0	0	0	0	0	0	120	0	130	0	0	0	0	0	0	0	0	0	0	0	0	0	0	0	2162	0	0	0	0	0	0	0	0	0	0	0	0	0	0	0	0	0	0	0	0	0	0	0	0	0	0	0	0	0	0	0	0	0	188	266	7654	88	1582	254	0	194	8304	310	10416	0	304	108	1678	0	1748	0	0	1350	8200	1328	194	934	1474	1556	0	
426916	Cerebelum_4_5_L	0	0	0	0	0	0	0	0	0	0	0	0	0	0	0	0	0	0	0	0	0	0	0	0	0	0	0	0	100	0	0	0	0	0	0	0	1358	0	1966	0	276	0	0	0	0	0	14514	3794	0	0	94	0	966	0	18456	1040	0	0	0	0	0	0	0	0	0	0	0	0	0	0	0	0	0	0	0	0	0	0	0	0	0	0	0	0	0	0	0	0	1284	0	41590	5318	6832	440	6268	194	0	4050	56178	7570	790	0	1820	100	3166	1356	0	0	1218	2886	19832	6080	1034	684	812	1392	
240144	Cerebelum_4_5_R	0	0	0	0	0	0	0	0	0	0	0	0	0	0	0	0	0	0	0	0	0	0	0	0	0	0	0	0	0	116	0	0	0	0	0	0	0	1784	0	1878	0	258	0	0	0	0	700	5158	0	0	0	0	0	248	402	11056	0	0	0	0	0	0	0	0	0	0	0	0	0	0	0	0	0	136	0	0	0	0	0	0	0	226	0	0	0	0	0	0	0	130	2492	24998	386	1058	244	8304	4050	0	3264	33614	0	0	94	972	0	336	0	0	162	4280	12254	320	278	448	426	0	
688552	Cerebelum_6_L	0	0	0	0	0	0	0	0	0	0	0	0	0	0	0	0	86	0	0	0	0	0	0	0	0	0	0	0	318	0	0	0	0	0	0	0	1206	0	1558	0	0	0	1384	0	0	0	23196	5496	88	0	2774	0	3534	0	38030	2288	0	0	0	0	0	0	0	0	0	0	0	0	0	0	0	0	230	0	0	0	0	0	0	0	340	0	0	0	120	0	0	0	5462	0	80600	14282	15922	2188	3908	310	56178	3264	0	15602	2936	0	3450	182	3712	2570	206	0	1320	2474	16892	20468	6784	1586	1818	1514	
505240	Cerebelum_6_R	0	0	0	0	0	0	0	0	0	0	0	0	0	0	0	0	0	0	0	0	0	0	0	0	0	0	0	0	0	0	0	0	0	0	0	0	0	792	0	516	0	0	306	0	0	0	4536	9248	0	0	536	0	278	320	902	27216	0	0	0	0	0	0	0	0	0	0	0	0	0	0	0	0	0	0	0	0	0	0	0	0	0	0	0	0	0	0	0	0	0	1518	11418	65618	4676	3758	474	10416	7570	33614	15602	0	468	424	498	2368	956	894	0	0	436	5926	16552	18114	4772	912	714	272	
284440	Cerebelum_7b_L	0	0	0	0	0	0	0	0	0	0	0	0	0	0	0	0	0	0	0	0	0	0	0	0	0	0	0	0	0	0	0	0	0	0	0	0	0	0	0	0	0	0	0	0	0	0	0	0	0	0	0	0	0	0	454	124	0	0	0	0	0	0	0	0	0	0	0	0	0	0	0	0	0	0	0	0	0	0	0	0	0	0	0	0	0	0	0	0	0	0	9580	544	40310	9036	544	0	790	0	2936	468	0	6176	40138	4148	7172	534	1340	0	88	144	138	618	8318	7966	654	0	
200336	Cerebelum_7b_R	0	0	0	0	0	0	0	0	0	0	0	0	0	0	0	0	0	0	0	0	0	0	0	0	0	0	0	0	0	0	0	0	0	0	0	0	0	0	0	0	0	0	0	0	0	0	0	0	0	0	0	0	0	0	0	472	0	0	0	0	0	0	0	0	0	0	0	0	0	0	0	0	0	0	0	0	0	0	0	0	0	0	0	0	0	0	0	0	0	644	0	5972	4932	25120	0	304	0	0	0	424	6176	0	5922	31078	140	4388	0	176	258	368	154	0	4022	8396	1222	0	
317684	Cerebelum_8_L	0	0	0	0	0	0	0	0	0	0	0	0	0	0	0	0	0	0	0	0	0	0	0	0	0	0	0	0	0	0	0	0	0	0	0	0	0	0	90	0	0	0	0	0	0	0	0	0	0	0	0	0	0	0	234	204	0	0	0	0	0	0	0	0	0	0	0	0	0	0	0	0	0	0	0	0	0	0	0	0	0	0	0	0	0	0	0	0	0	0	8592	518	33646	7632	1192	108	1820	94	3450	498	40138	5922	0	6652	21498	1906	3998	0	130	238	234	618	6736	10388	2194	112	
288636	Cerebelum_8_R	0	0	0	0	0	0	0	0	0	0	0	0	0	0	0	0	0	0	0	0	0	0	0	0	0	0	0	0	0	0	0	0	0	0	0	0	0	0	0	0	0	0	0	0	0	0	0	0	0	0	0	0	0	0	0	1182	0	0	0	0	0	0	0	0	0	0	0	0	0	0	0	0	0	0	0	0	0	0	0	0	0	0	0	0	0	0	0	0	0	532	132	13222	2980	34468	126	1678	100	972	182	2368	4148	31078	6652	0	796	21556	0	574	748	1452	552	200	4012	10262	4346	0	
128052	Cerebelum_9_L	0	0	0	0	0	0	0	0	0	0	0	0	0	0	0	0	0	0	0	0	0	0	0	0	0	0	0	0	0	0	0	0	0	0	0	0	90	0	126	0	0	0	0	0	0	0	0	98	0	0	0	0	0	0	122	0	0	0	0	0	0	0	0	0	0	0	0	0	0	0	0	0	0	0	0	0	0	0	0	0	0	0	0	0	0	0	0	0	0	0	2002	848	6364	210	2286	0	3166	0	3712	956	7172	140	21498	796	0	1742	4156	0	390	570	750	1914	710	1704	1644	860	
154260	Cerebelum_9_R	0	0	0	0	0	0	0	0	0	0	0	0	0	0	0	0	0	0	0	0	0	0	0	0	0	0	0	0	0	0	0	0	0	0	0	0	0	0	0	0	0	0	0	0	0	0	322	0	0	0	0	0	0	0	0	132	0	0	0	0	0	0	0	0	0	0	0	0	0	0	0	0	0	0	0	0	0	0	0	0	0	0	0	0	0	0	0	0	0	0	994	1466	776	4194	604	1748	1356	336	2570	894	534	4388	1906	21556	1742	0	0	1508	2250	2880	2724	3472	2726	5874	8058	2120	
24160	Cerebelum_10_L	0	0	0	0	0	0	0	0	0	0	0	0	0	0	0	0	0	0	0	0	0	0	0	0	0	0	0	0	0	0	0	0	0	0	0	0	0	0	0	0	0	0	0	0	0	0	0	0	0	0	0	0	0	0	0	0	0	0	0	0	0	0	0	0	0	0	0	0	0	0	0	0	0	0	0	0	0	0	0	0	0	0	0	0	0	0	0	0	0	0	462	0	1918	0	0	0	0	0	206	0	1340	0	3998	0	4156	0	0	0	0	0	0	0	0	0	0	0	
5752	Cerebelum_10_R	0	0	0	0	0	0	0	0	0	0	0	0	0	0	0	0	0	0	0	0	0	0	0	0	0	0	0	0	0	0	0	0	0	0	0	0	0	0	0	0	0	0	0	0	0	0	0	0	0	0	0	0	0	0	0	0	0	0	0	0	0	0	0	0	0	0	0	0	0	0	0	0	0	0	0	0	0	0	0	0	0	0	0	0	0	0	0	0	0	0	0	82	0	152	0	0	0	0	0	0	0	176	0	574	0	1508	0	0	88	112	84	0	0	0	100	0	
53160	Vermis_1_2	0	0	0	0	0	0	0	0	0	0	0	0	0	0	0	0	0	0	0	0	0	0	0	0	0	0	0	0	0	0	0	0	0	0	0	0	0	0	0	0	0	0	0	0	0	0	0	0	0	0	0	0	0	0	0	0	0	0	0	0	0	0	0	0	0	0	0	0	0	0	0	0	0	0	0	0	0	0	0	0	0	0	0	0	0	0	0	0	0	0	872	466	260	602	1730	1350	1218	162	1320	436	88	258	130	748	390	2250	0	88	0	5874	2812	1070	1082	1534	1658	182	
139896	Vermis_3	582	0	98	0	0	0	310	0	0	0	176	0	0	0	0	0	212	0	0	0	0	0	0	0	0	0	0	0	1274	0	0	0	0	0	0	0	906	156	306	124	0	0	0	0	0	0	178	236	0	0	0	0	0	0	86	740	108	0	0	0	0	0	0	0	0	0	0	0	324	0	0	0	388	0	0	0	1782	138	1050	0	0	0	0	0	0	0	0	0	0	144	1952	5442	582	1352	3032	8200	2886	4280	2474	5926	144	368	238	1452	570	2880	0	112	5874	0	5200	1380	1656	2196	2242	192	
296688	Vermis_4_5	0	136	0	164	0	0	0	0	0	0	0	0	0	0	0	0	0	114	0	386	0	0	0	0	0	0	0	0	0	238	0	0	0	142	152	1800	0	1316	0	240	0	0	0	0	0	0	6724	6792	0	0	0	0	430	0	2802	2052	0	0	0	0	0	0	0	0	0	0	0	1956	0	340	0	0	0	0	0	0	0	1048	0	0	0	0	0	0	0	0	0	0	0	0	10258	12810	2124	584	1138	1328	19832	12254	16892	16552	138	154	234	552	750	2724	0	84	2812	5200	0	8412	1046	1506	1854	2274	
