data	data	506052	228156	953528	919948	131304	156496	500436	384700	80832	94944	174200	250392	259616	182324	213140	139968	279792	201316	716136	909320	90476	100832	334528	441340	43604	125204	49268	58684	689820	566872	355660	410272	162256	644348	165556	183436	320040	616428	179948	535316	41744	77116	318800	423492	169884	307868	423512	419808	244276	311028	518864	311820	128692	167684	434228	793764	364492	209040	148244	75496	279200	147316	148220	127344	152752	163780	281248	523860	221280	200116	444132	573504	380268	630016	68776	34120	238156	255372	87656	31648	167104	123632	117384	90192	360556	268272	31900	41640	286508	242336	486128	484144	300796	281228	56388	56756	369348	303736	537368	538612	234632	157752	341436	309664	204332	167424	35404	17972	33096	63392	267788	265964	171524	153080	151728	49000	
data	data	Precentral_L	Precentral_R	Frontal_Sup_L	Frontal_Sup_R	Frontal_Sup_Orb_L	Frontal_Sup_Orb_R	Frontal_Mid_L	Frontal_Mid_R	Frontal_Mid_Orb_L	Frontal_Mid_Orb_R	Frontal_Inf_Oper_L	Frontal_Inf_Oper_R	Frontal_Inf_Tri_L	Frontal_Inf_Tri_R	Frontal_Inf_Orb_L	Frontal_Inf_Orb_R	Rolandic_Oper_L	Rolandic_Oper_R	Supp_Motor_Area_L	Supp_Motor_Area_R	Olfactory_L	Olfactory_R	Frontal_Sup_Medial_L	Frontal_Sup_Medial_R	Frontal_Med_Orb_L	Frontal_Med_Orb_R	Rectus_L	Rectus_R	Insula_L	Insula_R	Cingulum_Ant_L	Cingulum_Ant_R	Cingulum_Mid_L	Cingulum_Mid_R	Cingulum_Post_L	Cingulum_Post_R	Hippocampus_L	Hippocampus_R	ParaHippocampal_L	ParaHippocampal_R	Amygdala_L	Amygdala_R	Calcarine_L	Calcarine_R	Cuneus_L	Cuneus_R	Lingual_L	Lingual_R	Occipital_Sup_L	Occipital_Sup_R	Occipital_Mid_L	Occipital_Mid_R	Occipital_Inf_L	Occipital_Inf_R	Fusiform_L	Fusiform_R	Postcentral_L	Postcentral_R	Parietal_Sup_L	Parietal_Sup_R	Parietal_Inf_L	Parietal_Inf_R	SupraMarginal_L	SupraMarginal_R	Angular_L	Angular_R	Precuneus_L	Precuneus_R	Paracentral_Lobule_L	Paracentral_Lobule_R	Caudate_L	Caudate_R	Putamen_L	Putamen_R	Pallidum_L	Pallidum_R	Thalamus_L	Thalamus_R	Heschl_L	Heschl_R	Temporal_Sup_L	Temporal_Sup_R	Temporal_Pole_Sup_L	Temporal_Pole_Sup_R	Temporal_Mid_L	Temporal_Mid_R	Temporal_Pole_Mid_L	Temporal_Pole_Mid_R	Temporal_Inf_L	Temporal_Inf_R	Cerebelum_Crus1_L	Cerebelum_Crus1_R	Cerebelum_Crus2_L	Cerebelum_Crus2_R	Cerebelum_3_L	Cerebelum_3_R	Cerebelum_4_5_L	Cerebelum_4_5_R	Cerebelum_6_L	Cerebelum_6_R	Cerebelum_7b_L	Cerebelum_7b_R	Cerebelum_8_L	Cerebelum_8_R	Cerebelum_9_L	Cerebelum_9_R	Cerebelum_10_L	Cerebelum_10_R	Vermis_1_2	Vermis_3	Vermis_4_5	Vermis_6	Vermis_7	Vermis_8	Vermis_9	Vermis_10	
506052	Precentral_L	0	4576	21412	2070	0	0	21884	600	0	0	10948	0	1772	0	0	0	13034	0	17502	8944	0	0	0	0	0	0	0	0	10600	0	0	0	562	4476	8618	3310	3606	3424	0	1792	0	0	112	0	174	0	0	388	270	0	3634	0	242	0	444	1390	36594	0	2456	0	6968	0	2274	0	302	0	900	0	22756	3408	1990	786	1202	460	346	0	8848	3978	2572	0	1302	0	0	0	5862	0	0	0	4000	238	0	0	0	0	0	0	0	0	0	0	0	0	0	0	0	0	0	0	0	0	0	0	0	0	0	0	
228156	Precentral_R	4576	0	1140	7816	0	0	570	9040	0	0	0	5050	0	568	0	0	142	3082	1444	6214	0	0	0	0	0	0	0	0	336	4058	0	0	470	2292	270	630	270	4390	0	3542	0	0	96	1380	166	442	0	826	92	286	0	578	0	772	0	5930	320	15792	0	0	0	246	0	840	0	112	176	2330	4782	6034	1002	1092	868	3358	702	260	746	2820	0	944	0	1590	0	0	0	1892	0	0	0	1442	0	0	0	0	0	0	0	0	0	262	0	0	0	0	0	0	0	0	0	0	0	0	0	0	0	0	
953528	Frontal_Sup_L	21412	1140	0	18486	5872	228	75712	4814	1924	0	8274	404	12662	342	6028	200	15312	102	91598	27606	0	0	37156	8110	1110	424	298	0	30604	714	16482	4796	5142	11316	422	436	2786	914	408	676	114	0	0	0	0	0	0	0	0	0	248	0	0	0	160	490	9406	0	184	0	656	0	358	0	0	0	0	0	1896	0	7376	3778	14178	1672	4262	164	9642	1298	3126	0	1174	0	1902	0	430	0	0	0	340	0	0	0	0	0	0	0	0	0	0	0	0	0	0	0	0	0	0	0	0	0	0	0	0	0	0	0	
919948	Frontal_Sup_R	2070	7816	18486	0	418	7422	8242	40238	108	1168	1990	13340	3860	7584	2400	3226	1064	10312	18390	60342	0	214	13046	42280	0	5522	0	456	7182	24198	6734	25646	1790	28442	350	508	1066	6670	390	4934	0	0	0	226	0	368	0	660	0	394	0	560	0	120	150	4798	364	842	0	296	0	102	0	0	0	0	140	608	1174	0	6494	21820	3702	23228	828	2196	1570	8150	116	298	246	104	600	626	0	144	0	0	120	304	0	0	0	0	0	0	0	104	0	618	0	0	0	0	0	0	0	0	0	0	0	0	0	0	0	0	
131304	Frontal_Sup_Orb_L	0	0	5872	418	0	444	1824	0	9002	0	0	0	1040	0	8396	0	0	0	224	380	2308	116	2560	192	4642	760	7304	0	3930	0	4396	212	0	214	0	0	228	0	0	0	164	0	0	0	0	0	0	0	0	0	0	0	0	0	0	0	0	0	0	0	0	0	0	0	0	0	0	0	0	0	2918	128	7528	94	108	0	0	0	0	0	0	0	250	0	0	0	0	0	0	0	0	0	0	0	0	0	0	0	0	0	0	0	0	0	0	0	0	0	0	0	0	0	0	0	0	0	
156496	Frontal_Sup_Orb_R	0	0	228	7422	444	0	0	2448	0	8172	0	98	0	622	0	5690	0	0	324	708	0	2738	640	6508	838	10632	178	8266	116	1574	1826	6338	0	246	0	0	0	0	0	0	0	0	0	0	0	0	0	0	0	0	0	0	0	0	0	0	0	0	0	0	0	0	0	0	0	0	0	0	0	0	264	7780	188	3960	0	0	0	0	0	0	0	0	0	0	0	0	0	0	0	0	0	0	0	0	0	0	0	0	0	0	0	0	0	0	0	0	0	0	0	0	0	0	0	0	0	0	
500436	Frontal_Mid_L	21884	570	75712	8242	1824	0	0	1088	2478	0	5200	0	22828	0	5936	0	5238	0	12798	7196	0	0	17802	3102	0	0	0	0	13536	0	6164	1242	1844	3686	1646	892	1732	1180	0	896	0	0	0	0	0	0	0	0	0	0	228	0	0	0	0	498	6772	0	128	0	1822	0	530	0	0	0	170	0	408	0	2578	846	2408	382	244	0	4192	1426	1682	0	462	0	204	0	220	0	0	0	174	128	0	0	0	0	0	0	0	0	0	0	0	0	0	0	0	0	0	0	0	0	0	0	0	0	0	0	
384700	Frontal_Mid_R	600	9040	4814	40238	0	2448	1088	0	0	3962	968	8632	2828	15554	1838	6262	556	4826	3912	5818	0	0	1664	7756	0	0	0	0	5036	12884	620	2960	0	4086	438	582	1638	3914	1018	2470	0	0	0	142	0	116	0	438	0	116	0	256	0	100	302	2758	98	524	0	0	0	0	0	0	0	0	0	242	0	0	5102	6208	2440	7252	826	1096	650	4286	0	226	0	0	246	0	0	0	0	0	0	172	0	0	0	0	0	0	0	0	0	304	0	0	0	0	0	0	0	0	0	0	0	0	0	0	0	0	
80832	Frontal_Mid_Orb_L	0	0	1924	108	9002	0	2478	0	0	0	0	0	1952	0	11892	0	0	0	106	94	478	136	0	0	274	0	3352	0	2292	0	482	0	0	0	0	0	0	0	0	0	0	0	0	0	0	0	0	0	0	0	0	0	0	0	0	0	0	0	0	0	0	0	0	0	0	0	0	0	0	0	1320	314	4080	132	0	0	0	0	0	0	0	0	0	0	0	0	0	0	0	0	0	0	0	0	0	0	0	0	0	0	0	0	0	0	0	0	0	0	0	0	0	0	0	0	0	0	
94944	Frontal_Mid_Orb_R	0	0	0	1168	0	8172	0	3962	0	0	0	0	0	1558	0	12506	0	0	454	980	0	1046	0	636	116	1298	0	3104	104	1904	184	474	0	304	0	0	0	0	0	0	0	0	0	0	0	0	0	0	0	0	0	0	0	0	0	0	0	0	0	0	0	0	0	0	0	0	0	0	0	0	280	4358	0	4864	0	0	0	0	0	0	0	0	0	0	0	0	0	0	0	0	0	0	0	0	0	0	0	0	0	0	0	0	0	0	0	0	0	0	0	0	0	0	0	0	0	0	
174200	Frontal_Inf_Oper_L	10948	0	8274	1990	0	0	5200	968	0	0	0	0	9018	0	112	0	10654	0	6118	514	0	0	164	0	0	0	0	0	13074	206	846	92	0	0	92	0	274	0	0	0	0	0	0	0	0	0	0	0	0	0	146	0	0	0	0	0	5418	0	108	0	1250	0	630	0	0	0	0	0	0	0	2330	2018	336	374	0	0	0	0	490	0	988	0	4362	0	106	0	0	0	0	0	0	0	0	0	0	0	0	0	0	0	0	0	0	0	0	0	0	0	0	0	0	0	0	0	0	0	
250392	Frontal_Inf_Oper_R	0	5050	404	13340	0	98	0	8632	0	0	0	0	114	13598	154	148	0	10202	1822	11044	0	0	224	3630	0	300	0	0	1228	25064	158	1448	0	4862	0	0	398	1548	362	1344	0	0	0	0	0	0	0	186	0	0	0	0	0	0	108	1390	0	2042	0	0	0	0	0	0	0	0	0	0	0	0	1354	3058	546	9244	0	102	106	420	0	0	0	192	0	1034	0	0	0	0	0	136	0	0	0	0	0	0	0	0	0	106	0	0	0	0	0	0	0	0	0	0	0	0	0	0	0	0	
259616	Frontal_Inf_Tri_L	1772	0	12662	3860	1040	0	22828	2828	1952	0	9018	114	0	0	19664	0	2184	0	2610	1108	0	0	834	182	0	0	0	0	23778	150	5574	1014	290	386	0	0	0	0	0	0	0	0	0	0	0	0	0	0	0	0	0	0	0	0	0	0	858	0	0	0	0	0	0	0	0	0	0	0	0	0	5332	4442	2666	256	0	0	0	0	0	0	558	0	1848	0	0	0	0	0	0	0	0	0	0	0	0	0	0	0	0	0	0	0	0	0	0	0	0	0	0	0	0	0	0	0	0	0	
182324	Frontal_Inf_Tri_R	0	568	342	7584	0	622	0	15554	0	1558	0	13598	0	0	0	5548	0	1066	540	6772	0	0	462	5926	0	354	0	0	102	17536	174	2390	0	4594	0	0	0	584	0	538	0	0	0	0	0	0	0	0	0	0	0	0	0	0	0	484	0	188	0	0	0	0	0	0	0	0	0	0	0	0	164	1404	0	2112	0	0	0	0	0	0	0	112	0	286	0	0	0	0	0	0	0	0	0	0	0	0	0	0	0	0	0	0	0	0	0	0	0	0	0	0	0	0	0	0	0	0	
213140	Frontal_Inf_Orb_L	0	0	6028	2400	8396	0	5936	1838	11892	0	112	154	19664	0	0	112	0	0	1628	1076	2288	192	256	124	228	0	2050	0	19200	100	2426	606	0	316	0	0	744	0	264	0	426	0	0	0	0	0	0	0	0	0	0	0	0	0	184	0	0	0	0	0	0	0	0	0	0	0	0	0	0	0	5548	3340	7726	396	0	0	0	0	0	0	150	0	670	0	0	0	100	0	0	0	0	0	0	0	0	0	0	0	0	0	0	0	0	0	0	0	0	0	0	0	0	0	0	0	0	0	
139968	Frontal_Inf_Orb_R	0	0	200	3226	0	5690	0	6262	0	12506	0	148	0	5548	112	0	0	0	860	2308	0	1340	198	1464	0	230	0	1480	306	8864	0	1038	0	1322	0	0	0	0	0	0	0	0	0	0	0	0	0	0	0	0	0	0	0	0	0	0	0	0	0	0	0	0	0	0	0	0	0	0	0	0	718	6454	176	7928	0	0	116	0	0	0	0	340	0	1004	0	146	0	0	0	0	0	0	0	0	0	0	0	0	0	0	0	0	0	0	0	0	0	0	0	0	0	0	0	0	0	0	
279792	Rolandic_Oper_L	13034	142	15312	1064	0	0	5238	556	0	0	10654	0	2184	0	0	0	0	0	11170	552	0	0	100	0	0	0	0	0	24448	234	214	0	0	0	634	0	340	106	0	0	0	0	0	0	0	0	0	0	0	0	2160	0	124	0	176	0	18686	0	1548	0	2246	0	2950	0	228	0	160	0	824	0	2262	1030	254	490	0	0	344	98	4176	0	6894	0	4022	0	3654	0	0	0	1588	0	0	0	0	0	0	0	0	0	0	0	0	0	0	0	0	0	0	0	0	0	0	0	0	0	0	0	
201316	Rolandic_Oper_R	0	3082	102	10312	0	0	0	4826	0	0	0	10202	0	1066	0	0	0	0	868	5450	0	0	0	1100	0	0	0	0	370	22768	0	0	0	1002	0	0	0	3052	0	1774	0	0	0	320	0	344	0	206	0	370	0	530	0	268	0	2730	0	6014	0	180	0	212	0	3562	0	0	0	680	0	110	422	1194	180	6966	0	108	122	510	0	3488	0	3408	0	1076	0	676	0	0	0	814	0	0	0	0	0	0	0	0	0	194	0	0	0	0	0	0	0	0	0	0	0	0	0	0	0	0	
716136	Supp_Motor_Area_L	17502	1444	91598	18390	224	324	12798	3912	106	454	6118	1822	2610	540	1628	860	11170	868	0	41904	0	0	5778	1952	0	0	0	0	23902	2208	5220	3796	10286	19134	560	386	2938	966	478	700	132	0	0	0	0	0	0	0	0	0	206	0	0	0	182	510	5662	0	154	0	546	0	294	0	0	0	0	0	5056	0	7020	5040	12388	4254	6200	148	10450	1396	2478	0	846	0	1730	100	372	0	0	0	328	0	0	0	0	0	0	0	0	0	0	0	0	0	0	0	0	0	0	0	0	0	0	0	0	0	0	0	
909320	Supp_Motor_Area_R	8944	6214	27606	60342	380	708	7196	5818	94	980	514	11044	1108	6772	1076	2308	552	5450	41904	0	0	170	4860	19130	0	246	0	0	2970	18404	4230	10056	7480	52752	1646	4144	850	7482	200	5924	0	178	0	848	0	636	0	682	0	712	0	2714	0	750	0	5666	0	1038	0	196	0	170	0	260	0	1068	0	2096	9784	19410	2906	22236	2242	19762	650	1370	2470	20602	0	0	0	358	288	464	0	2774	0	0	0	1846	0	0	0	0	0	0	0	364	0	566	0	0	0	0	0	0	0	0	0	0	0	0	0	0	0	0	
90476	Olfactory_L	0	0	0	0	2308	0	0	0	478	0	0	0	0	0	2288	0	0	0	0	0	0	5168	0	0	764	202	1212	0	2330	0	4622	1436	0	0	0	0	940	0	434	0	1054	0	0	0	0	0	0	0	0	0	0	0	0	0	318	0	0	0	0	0	0	0	0	0	0	0	0	0	0	0	8616	4830	6042	1818	186	0	0	0	0	0	0	0	192	0	0	0	0	0	0	0	0	0	0	0	0	0	0	0	0	0	0	0	0	0	0	0	0	0	0	0	0	0	0	0	0	0	
100832	Olfactory_R	0	0	0	214	116	2738	0	0	136	1046	0	0	0	0	192	1340	0	0	0	170	5168	0	0	198	0	2370	0	3822	0	3386	3252	3980	0	0	0	0	0	0	0	0	0	894	0	0	0	0	0	0	0	0	0	0	0	0	0	0	0	0	0	0	0	0	0	0	0	0	0	0	0	0	5904	7980	4462	2654	146	0	0	248	0	0	0	0	0	0	0	0	0	0	0	0	0	0	0	0	0	0	0	0	0	0	0	0	0	0	0	0	0	0	0	0	0	0	0	0	0	0	
334528	Frontal_Sup_Medial_L	0	0	37156	13046	2560	640	17802	1664	0	0	164	224	834	462	256	198	100	0	5778	4860	0	0	0	22974	1516	1304	98	0	852	830	17822	14446	4596	13934	0	0	0	0	0	0	0	0	0	0	0	0	0	0	0	0	0	0	0	0	0	0	0	0	0	0	0	0	0	0	0	0	0	0	0	0	594	730	1126	698	0	0	0	0	0	0	0	0	0	0	0	0	0	0	0	0	0	0	0	0	0	0	0	0	0	0	0	0	0	0	0	0	0	0	0	0	0	0	0	0	0	0	
441340	Frontal_Sup_Medial_R	0	0	8110	42280	192	6508	3102	7756	0	636	0	3630	182	5926	124	1464	0	1100	1952	19130	0	198	22974	0	392	9166	0	460	296	9356	8448	27110	656	21982	0	106	0	1076	0	1032	0	0	0	0	0	0	0	108	0	0	0	0	0	0	0	974	0	0	0	0	0	0	0	0	0	0	0	0	0	0	398	6004	198	7314	0	0	0	130	0	0	0	0	0	94	0	0	0	0	0	0	0	0	0	0	0	0	0	0	0	106	0	0	0	0	0	0	0	0	0	0	0	0	0	0	0	0	
43604	Frontal_Med_Orb_L	0	0	1110	0	4642	838	0	0	274	116	0	0	0	0	228	0	0	0	0	0	764	0	1516	392	0	1856	2684	340	0	0	4646	164	0	0	0	0	0	0	0	0	0	0	0	0	0	0	0	0	0	0	0	0	0	0	0	0	0	0	0	0	0	0	0	0	0	0	0	0	0	0	1288	0	944	0	0	0	0	0	0	0	0	0	0	0	0	0	0	0	0	0	0	0	0	0	0	0	0	0	0	0	0	0	0	0	0	0	0	0	0	0	0	0	0	0	0	0	
125204	Frontal_Med_Orb_R	0	0	424	5522	760	10632	0	0	0	1298	0	300	0	354	0	230	0	0	0	246	202	2370	1304	9166	1856	0	358	4754	0	604	4140	9678	0	282	0	0	0	0	0	0	0	0	0	0	0	0	0	0	0	0	0	0	0	0	0	0	0	0	0	0	0	0	0	0	0	0	0	0	0	0	206	5820	0	2096	0	0	0	0	0	0	0	0	0	0	0	0	0	0	0	0	0	0	0	0	0	0	0	0	0	0	0	0	0	0	0	0	0	0	0	0	0	0	0	0	0	0	
49268	Rectus_L	0	0	298	0	7304	178	0	0	3352	0	0	0	0	0	2050	0	0	0	0	0	1212	0	98	0	2684	358	0	118	950	0	2550	0	0	0	0	0	0	0	0	0	0	0	0	0	0	0	0	0	0	0	0	0	0	0	0	0	0	0	0	0	0	0	0	0	0	0	0	0	0	0	2110	0	1372	0	0	0	0	0	0	0	0	0	0	0	0	0	0	0	0	0	0	0	0	0	0	0	0	0	0	0	0	0	0	0	0	0	0	0	0	0	0	0	0	0	0	0	
58684	Rectus_R	0	0	0	456	0	8266	0	0	0	3104	0	0	0	0	0	1480	0	0	0	0	0	3822	0	460	340	4754	118	0	0	1622	186	1218	0	0	0	0	0	0	0	0	0	256	0	0	0	0	0	0	0	0	0	0	0	0	0	0	0	0	0	0	0	0	0	0	0	0	0	0	0	0	0	1984	0	1276	0	0	0	0	0	0	0	0	0	0	0	0	0	0	0	0	0	0	0	0	0	0	0	0	0	0	0	0	0	0	0	0	0	0	0	0	0	0	0	0	0	0	
689820	Insula_L	10600	336	30604	7182	3930	116	13536	5036	2292	104	13074	1228	23778	102	19200	306	24448	370	23902	2970	2330	0	852	296	0	0	950	0	0	1212	6674	1522	0	508	3212	730	12496	1280	5246	1026	1730	0	188	0	134	0	0	388	384	0	2548	0	350	0	5436	562	10106	0	1268	0	1414	0	570	0	0	0	1104	0	802	0	20484	9234	18860	2816	324	0	6548	1248	8872	0	7182	0	7272	116	5802	0	0	0	6862	0	226	0	0	0	0	0	442	0	190	0	0	0	0	0	0	0	0	0	0	0	0	0	0	0	0	0	
566872	Insula_R	0	4058	714	24198	0	1574	0	12884	0	1904	206	25064	150	17536	100	8864	234	22768	2208	18404	0	3386	830	9356	0	604	0	1622	1212	0	342	3954	0	9046	0	118	110	9118	0	6330	0	1978	0	1266	0	1030	0	610	0	1096	0	1432	0	796	0	9896	0	6946	0	618	0	336	0	328	0	174	0	2114	0	324	1550	7588	672	27684	0	164	322	1010	0	3570	0	10074	0	3850	0	5544	0	0	0	4688	0	0	0	0	0	0	0	326	0	556	0	0	0	0	0	0	0	0	0	0	0	0	0	0	0	0	
355660	Cingulum_Ant_L	0	0	16482	6734	4396	1826	6164	620	482	184	846	158	5574	174	2426	0	214	0	5220	4230	4622	3252	17822	8448	4646	4140	2550	186	6674	342	0	20676	7630	9284	914	0	0	0	0	0	0	0	0	0	0	0	0	0	0	0	0	0	0	0	0	0	0	0	0	0	0	0	0	0	0	0	0	0	0	0	12926	5264	9508	2730	190	94	0	0	0	0	0	0	202	0	0	0	0	0	0	0	0	0	0	0	0	0	0	0	0	0	0	0	0	0	0	0	0	0	0	0	0	0	0	0	0	0	
410272	Cingulum_Ant_R	0	0	4796	25646	212	6338	1242	2960	0	474	92	1448	1014	2390	606	1038	0	0	3796	10056	1436	3980	14446	27110	164	9678	0	1218	1522	3954	20676	0	3168	25308	0	0	0	312	0	304	0	0	0	0	0	0	0	0	0	0	0	0	0	0	0	274	0	0	0	0	0	0	0	0	0	0	0	0	0	0	4158	13874	2750	7970	186	212	208	0	0	0	0	0	0	120	0	0	0	0	0	0	0	0	0	0	0	0	0	0	0	0	0	0	0	0	0	0	0	0	0	0	0	0	0	0	0	0	
162256	Cingulum_Mid_L	562	470	5142	1790	0	0	1844	0	0	0	0	0	290	0	0	0	0	0	10286	7480	0	0	4596	656	0	0	0	0	0	0	7630	3168	0	14680	3588	476	0	0	0	0	0	0	586	208	2548	188	156	0	3128	144	886	0	0	0	0	0	0	0	0	0	0	0	0	0	0	0	5006	1104	4198	130	0	0	0	0	0	0	0	0	0	0	0	0	0	0	188	0	0	0	0	0	0	0	0	0	0	0	0	0	0	0	0	0	0	0	0	0	0	0	0	0	0	0	0	0	0	0	
644348	Cingulum_Mid_R	4476	2292	11316	28442	214	246	3686	4086	0	304	0	4862	386	4594	316	1322	0	1002	19134	52752	0	0	13934	21982	0	282	0	0	508	9046	9284	25308	14680	0	1654	5454	136	862	0	772	0	0	0	4496	0	3916	0	1970	0	3130	0	5194	0	1520	0	1956	0	4058	0	334	0	280	0	174	0	1178	2010	13234	5840	17296	380	1152	708	3540	0	0	0	116	0	0	0	194	0	128	0	4462	0	0	0	1576	0	0	0	0	0	0	0	0	0	0	0	0	0	0	0	0	0	0	0	0	0	0	0	0	0	0	
165556	Cingulum_Post_L	8618	270	422	350	0	0	1646	438	0	0	92	0	0	0	0	0	634	0	560	1646	0	0	0	0	0	0	0	0	3212	0	914	0	3588	1654	0	10026	7030	5114	2184	3380	0	0	1850	0	1082	498	1354	696	592	0	388	0	108	0	1196	2372	1186	0	132	0	130	0	0	0	0	0	5038	1668	4666	1016	0	0	0	510	0	0	1418	2570	1174	0	0	0	0	0	200	0	0	0	440	300	0	0	0	0	0	0	0	318	0	98	0	0	0	0	0	0	0	0	0	0	0	0	0	0	0	0	
183436	Cingulum_Post_R	3310	630	436	508	0	0	892	582	0	0	0	0	0	0	0	0	0	0	386	4144	0	0	0	106	0	0	0	0	730	118	0	0	476	5454	10026	0	5784	9014	1822	5830	0	0	0	2644	0	560	824	3318	0	0	0	766	0	904	180	7424	162	150	0	0	0	0	0	0	0	142	404	9756	1092	2324	0	0	0	736	0	0	2086	3042	786	0	0	0	0	0	0	1954	0	0	142	1286	0	158	0	0	0	0	0	444	0	186	0	0	0	0	0	0	0	0	0	0	0	0	0	0	0	0	
320040	Hippocampus_L	3606	270	2786	1066	228	0	1732	1638	0	0	274	398	0	0	744	0	340	0	2938	850	940	0	0	0	0	0	0	0	12496	110	0	0	0	136	7030	5784	0	6820	22540	3660	7588	0	1508	0	0	0	6252	1926	0	0	246	0	210	0	16004	1814	368	0	0	0	0	0	0	0	0	0	2908	678	0	0	4118	904	7100	790	622	0	9214	4636	1856	0	1364	0	2328	0	382	0	140	0	8082	310	414	0	0	0	0	0	774	484	518	0	0	0	0	0	0	0	0	0	0	96	0	0	0	0	0	0	
616428	Hippocampus_R	3424	4390	914	6670	0	0	1180	3914	0	0	0	1548	0	584	0	0	106	3052	966	7482	0	0	0	1076	0	0	0	0	1280	9118	0	312	0	862	5114	9014	6820	0	2460	65674	0	11648	0	1552	0	92	1002	9690	0	96	0	748	0	368	296	59584	160	1818	0	0	0	0	0	222	0	0	0	5722	626	424	480	4408	426	28748	0	1520	4992	8982	1024	298	0	902	0	2544	0	2398	0	530	152	10512	0	628	0	0	0	246	0	4754	0	4406	0	0	0	0	0	0	0	256	0	0	0	0	0	0	0	0	
179948	ParaHippocampal_L	0	0	408	390	0	0	0	1018	0	0	0	362	0	0	264	0	0	0	478	200	434	0	0	0	0	0	0	0	5246	0	0	0	0	0	2184	1822	22540	2460	0	1158	2736	0	1124	0	0	0	7490	1822	0	0	450	0	620	0	12514	480	0	0	0	0	0	0	0	0	0	0	2144	476	0	0	2494	440	4244	202	330	0	2936	744	0	0	116	0	1554	0	128	0	398	0	2874	0	904	0	94	0	194	0	1734	292	1344	0	0	0	0	0	0	0	0	0	0	132	0	0	0	0	0	0	
535316	ParaHippocampal_R	1792	3542	676	4934	0	0	896	2470	0	0	0	1344	0	538	0	0	0	1774	700	5924	0	0	0	1032	0	0	0	0	1026	6330	0	304	0	772	3380	5830	3660	65674	1158	0	0	9540	0	1428	0	0	518	9516	0	0	0	314	0	158	178	54638	136	1362	0	0	0	0	0	0	0	0	0	4364	556	340	418	4278	330	26610	0	1512	2474	4964	828	132	0	596	0	4382	0	1284	0	2350	102	6836	0	726	0	0	122	454	196	6514	0	4896	0	0	0	0	0	168	0	536	0	146	0	0	0	0	0	0	
41744	Amygdala_L	0	0	114	0	164	0	0	0	0	0	0	0	0	0	426	0	0	0	132	0	1054	0	0	0	0	0	0	0	1730	0	0	0	0	0	0	0	7588	0	2736	0	0	0	0	0	0	0	0	0	0	0	0	0	0	0	3508	0	0	0	0	0	0	0	0	0	0	0	0	0	0	0	234	0	432	0	0	0	362	0	0	0	0	0	1000	0	0	0	246	0	1146	0	0	0	0	0	0	0	0	0	0	0	0	0	0	0	0	0	0	0	0	0	0	0	0	0	0	0	
77116	Amygdala_R	0	0	0	0	0	0	0	0	0	0	0	0	0	0	0	0	0	0	0	178	0	894	0	0	0	0	0	256	0	1978	0	0	0	0	0	0	0	11648	0	9540	0	0	0	0	0	0	0	0	0	0	0	0	0	0	0	5924	0	0	0	0	0	0	0	0	0	0	0	0	0	0	0	376	0	1510	0	96	0	284	0	0	0	0	0	3448	0	0	0	832	0	454	0	0	0	0	0	0	0	968	0	0	0	0	0	0	0	0	0	172	0	0	0	0	0	0	0	0	
318800	Calcarine_L	112	96	0	0	0	0	0	0	0	0	0	0	0	0	0	0	0	0	0	0	0	0	0	0	0	0	0	0	188	0	0	0	586	0	1850	0	1508	0	1124	0	0	0	0	8516	12436	5984	23092	3058	14150	4004	28064	710	6192	0	8252	414	466	0	1566	0	0	0	0	0	0	0	16370	430	928	0	0	0	0	0	0	0	0	0	0	0	0	0	0	0	2858	0	0	0	1602	0	1878	950	0	0	124	0	3304	1632	2534	1388	0	0	0	0	0	0	0	0	0	0	3034	0	0	0	0	0	
423492	Calcarine_R	0	1380	0	226	0	0	0	142	0	0	0	0	0	0	0	0	0	320	0	848	0	0	0	0	0	0	0	0	0	1266	0	0	208	4496	0	2644	0	1552	0	1428	0	0	8516	0	3888	22154	1720	25550	278	19586	164	11260	0	19402	0	21984	0	3254	0	208	0	238	0	244	0	382	816	43564	0	4166	0	0	0	228	0	0	0	0	0	0	0	372	0	0	0	5222	0	0	0	4040	0	0	0	0	0	0	0	0	0	0	0	0	0	0	0	0	0	0	0	0	0	0	0	0	0	0	
169884	Cuneus_L	174	166	0	0	0	0	0	0	0	0	0	0	0	0	0	0	0	0	0	0	0	0	0	0	0	0	0	0	134	0	0	0	2548	0	1082	0	0	0	0	0	0	0	12436	3888	0	5862	1818	248	18720	1282	11322	314	1156	0	1214	0	1664	0	1596	0	802	0	0	0	106	0	11706	486	2310	0	0	0	0	0	0	0	0	0	0	0	0	0	0	0	2830	0	0	0	894	0	184	0	0	0	0	0	0	0	0	0	0	0	0	0	0	0	0	0	0	0	0	0	0	0	0	0	
307868	Cuneus_R	0	442	0	368	0	0	0	116	0	0	0	0	0	0	0	0	0	344	0	636	0	0	0	0	0	0	0	0	0	1030	0	0	188	3916	498	560	0	92	0	0	0	0	5984	22154	5862	0	1188	4990	442	39158	196	14526	0	1572	0	1752	0	2516	0	4794	0	3914	0	448	0	3330	3484	26634	0	2400	0	0	0	0	0	0	0	0	0	0	0	0	0	0	0	400	0	0	0	0	0	0	0	0	0	0	0	0	0	0	0	0	0	0	0	0	0	0	0	0	0	0	0	0	0	0	
423512	Lingual_L	0	0	0	0	0	0	0	0	0	0	0	0	0	0	0	0	0	0	0	0	0	0	0	0	0	0	0	0	0	0	0	0	156	0	1354	824	6252	1002	7490	518	0	0	23092	1720	1818	1188	0	4920	7894	1366	21302	444	10830	0	29662	514	186	0	1542	0	0	0	0	0	0	0	9444	442	260	0	0	0	0	0	0	0	1004	164	0	0	0	0	0	0	638	0	0	0	656	0	13364	1966	988	0	350	0	16334	3612	22092	3224	116	0	408	0	394	0	0	0	0	116	9146	2512	452	0	0	0	
419808	Lingual_R	388	826	0	660	0	0	0	438	0	0	0	186	0	0	0	0	0	206	0	682	0	0	0	108	0	0	0	0	388	610	0	0	0	1970	696	3318	1926	9690	1822	9516	0	0	3058	25550	248	4990	4920	0	0	6934	0	6502	96	5812	2408	27328	0	704	0	0	0	100	0	120	0	166	354	18082	334	1008	366	316	490	2922	140	0	266	378	0	0	0	98	0	0	0	1912	0	0	230	1430	2754	6540	306	0	268	428	5178	6590	7342	8654	156	0	398	0	948	316	126	0	208	252	9030	8390	276	0	402	650	
244276	Occipital_Sup_L	270	92	0	0	0	0	0	0	0	0	0	0	0	0	0	0	0	0	0	0	0	0	0	0	0	0	0	0	384	0	0	0	3128	0	592	0	0	0	0	0	0	0	14150	278	18720	442	7894	0	0	0	32844	0	3146	0	2096	0	3900	0	5696	0	1388	0	116	0	342	0	17696	0	3478	0	0	0	0	0	0	0	0	0	0	0	0	0	0	0	4306	0	0	0	1180	0	0	0	0	0	0	0	0	0	0	0	0	0	0	0	0	0	0	0	0	0	0	0	0	0	0	0	
311028	Occipital_Sup_R	0	286	0	394	0	0	0	116	0	0	0	0	0	0	0	0	0	370	0	712	0	0	0	0	0	0	0	0	0	1096	0	0	144	3130	0	0	0	96	0	0	0	0	4004	19586	1282	39158	1366	6934	0	0	0	23528	0	1460	0	1458	0	2778	0	7814	0	5074	0	508	0	5312	2642	23976	0	1826	0	0	0	0	0	0	0	0	0	0	0	0	0	0	0	464	0	0	0	0	0	0	0	0	0	0	0	0	0	0	0	0	0	0	0	0	0	0	0	0	0	0	0	0	0	0	
518864	Occipital_Mid_L	3634	0	248	0	0	0	228	0	0	0	146	0	0	0	0	0	2160	0	206	0	0	0	0	0	0	0	0	0	2548	0	0	0	886	0	388	0	246	0	450	0	0	0	28064	164	11322	196	21302	0	32844	0	0	0	18108	0	9630	0	8236	0	16708	0	23470	0	3218	0	20458	0	16324	0	3670	0	0	0	0	0	0	0	0	0	0	0	1274	0	0	0	23392	0	0	0	9584	0	110	0	0	0	0	0	0	0	218	0	0	0	0	0	0	0	0	0	0	0	0	0	0	0	0	0	
311820	Occipital_Mid_R	0	578	0	560	0	0	0	256	0	0	0	0	0	0	0	0	0	530	0	2714	0	0	0	0	0	0	0	0	0	1432	0	0	0	5194	0	766	0	748	0	314	0	0	710	11260	314	14526	444	6502	0	23528	0	0	0	4410	0	5246	0	2074	0	2002	0	8752	0	3624	0	14542	1624	15610	0	3910	0	0	0	294	0	0	0	290	0	124	0	1664	0	0	0	14230	0	0	0	7138	0	0	0	0	0	0	0	0	0	0	0	0	0	0	0	0	0	0	0	0	0	0	0	0	0	0	
128692	Occipital_Inf_L	242	0	0	0	0	0	0	0	0	0	0	0	0	0	0	0	124	0	0	0	0	0	0	0	0	0	0	0	350	0	0	0	0	0	108	0	210	0	620	0	0	0	6192	0	1156	0	10830	96	3146	0	18108	0	0	0	10890	0	202	0	0	0	0	0	0	0	0	0	3376	0	122	0	0	0	0	0	0	0	0	0	216	0	0	0	0	0	3286	0	0	0	3482	0	664	0	0	0	0	0	134	0	550	0	0	0	0	0	0	0	0	0	0	0	110	132	0	0	0	0	
167684	Occipital_Inf_R	0	772	0	120	0	0	0	100	0	0	0	0	0	0	0	0	0	268	0	750	0	0	0	0	0	0	0	0	0	796	0	0	0	1520	0	904	0	368	0	158	0	0	0	19402	0	1572	0	5812	0	1460	0	4410	0	0	0	15810	0	1236	0	112	0	0	0	406	0	0	0	16638	0	1510	0	0	0	0	0	0	0	0	0	0	0	384	0	0	0	2154	0	0	0	5776	0	310	0	0	0	0	0	0	0	756	0	0	0	0	0	0	0	0	0	0	0	338	0	0	0	0	
434228	Fusiform_L	444	0	160	150	0	0	0	302	0	0	0	108	0	0	184	0	176	0	182	0	318	0	0	0	0	0	0	0	5436	0	0	0	0	0	1196	180	16004	296	12514	178	3508	0	8252	0	1214	0	29662	2408	2096	0	9630	0	10890	0	0	134	358	0	332	0	0	0	0	0	0	0	5874	0	310	0	860	166	1370	94	0	0	1390	128	846	0	1438	0	2314	0	2282	0	704	0	15512	0	20022	686	1698	0	384	0	15252	1016	27906	1052	1322	0	1574	0	354	0	176	0	0	0	3922	1994	156	0	0	0	
793764	Fusiform_R	1390	5930	490	4798	0	0	498	2758	0	0	0	1390	0	484	0	0	0	2730	510	5666	0	0	0	974	0	0	0	0	562	9896	0	274	0	1956	2372	7424	1814	59584	480	54638	0	5924	414	21984	0	1752	514	27328	0	1458	0	5246	0	15810	134	0	0	2814	0	0	0	0	0	360	0	98	134	21458	680	1552	358	3482	234	24008	0	764	1244	2666	374	302	0	1554	0	6402	0	5312	0	3216	0	20948	376	10486	0	502	0	640	500	12474	980	18580	0	148	108	548	342	324	0	280	0	232	2454	2168	166	134	298	0	
364492	Postcentral_L	36594	320	9406	364	0	0	6772	98	0	0	5418	0	858	0	0	0	18686	0	5662	0	0	0	0	0	0	0	0	0	10106	0	0	0	0	0	1186	162	368	160	0	136	0	0	466	0	1664	0	186	0	3900	0	8236	0	202	0	358	0	0	0	9848	0	18540	0	10282	0	3024	0	4136	0	11322	0	526	212	0	128	0	0	324	178	2192	0	2682	0	0	0	4812	0	0	0	2732	0	0	0	0	0	0	0	0	0	0	0	0	0	0	0	0	0	0	0	0	0	0	0	0	0	0	0	
209040	Postcentral_R	0	15792	0	842	0	0	0	524	0	0	0	2042	0	188	0	0	0	6014	0	1038	0	0	0	0	0	0	0	0	0	6946	0	0	0	4058	0	150	0	1818	0	1362	0	0	0	3254	0	2516	0	704	0	2778	0	2074	0	1236	0	2814	0	0	0	4322	0	4098	0	11272	0	2250	0	8054	0	8280	0	0	0	2076	0	198	0	140	0	530	0	902	0	0	0	3832	0	0	0	2218	0	0	0	0	0	0	0	0	0	198	0	0	0	0	0	0	0	0	0	0	0	0	0	0	0	0	
148244	Parietal_Sup_L	2456	0	184	0	0	0	128	0	0	0	108	0	0	0	0	0	1548	0	154	0	0	0	0	0	0	0	0	0	1268	0	0	0	0	0	132	0	0	0	0	0	0	0	1566	0	1596	0	1542	0	5696	0	16708	0	0	0	332	0	9848	0	0	0	16246	0	928	0	3960	0	7144	0	1878	0	0	0	0	0	0	0	0	0	0	0	486	0	0	0	214	0	0	0	0	0	0	0	0	0	0	0	0	0	0	0	0	0	0	0	0	0	0	0	0	0	0	0	0	0	0	0	
75496	Parietal_Sup_R	0	0	0	296	0	0	0	0	0	0	0	0	0	0	0	0	0	180	0	196	0	0	0	0	0	0	0	0	0	618	0	0	0	334	0	0	0	0	0	0	0	0	0	208	0	4794	0	0	0	7814	0	2002	0	112	0	0	0	4322	0	0	0	4436	0	1148	0	3542	0	6492	0	1074	0	0	0	0	0	0	0	0	0	0	0	0	0	0	0	180	0	0	0	0	0	0	0	0	0	0	0	0	0	0	0	0	0	0	0	0	0	0	0	0	0	0	0	0	0	0	
279200	Parietal_Inf_L	6968	0	656	0	0	0	1822	0	0	0	1250	0	0	0	0	0	2246	0	546	0	0	0	0	0	0	0	0	0	1414	0	0	0	0	0	130	0	0	0	0	0	0	0	0	0	802	0	0	0	1388	0	23470	0	0	0	0	0	18540	0	16246	0	0	0	21656	0	25200	0	1376	0	2128	0	0	0	0	0	0	0	0	0	196	0	2508	0	0	0	9042	0	0	0	2016	0	0	0	0	0	0	0	0	0	0	0	0	0	0	0	0	0	0	0	0	0	0	0	0	0	0	0	
147316	Parietal_Inf_R	0	246	0	102	0	0	0	0	0	0	0	0	0	0	0	0	0	212	0	170	0	0	0	0	0	0	0	0	0	336	0	0	0	280	0	0	0	0	0	0	0	0	0	238	0	3914	0	100	0	5074	0	8752	0	0	0	0	0	4098	0	4436	0	0	0	14234	0	21244	144	3828	0	208	0	0	0	0	0	0	0	0	0	0	0	1042	0	0	0	3746	0	0	0	1254	0	0	0	0	0	0	0	0	0	0	0	0	0	0	0	0	0	0	0	0	0	0	0	0	0	0	
148220	SupraMarginal_L	2274	0	358	0	0	0	530	0	0	0	630	0	0	0	0	0	2950	0	294	0	0	0	0	0	0	0	0	0	570	0	0	0	0	0	0	0	0	0	0	0	0	0	0	0	0	0	0	0	116	0	3218	0	0	0	0	0	10282	0	928	0	21656	0	0	0	8106	0	146	0	406	0	0	0	0	0	0	0	0	0	170	0	8158	0	0	0	10710	0	0	0	2608	0	0	0	0	0	0	0	0	0	0	0	0	0	0	0	0	0	0	0	0	0	0	0	0	0	0	0	
127344	SupraMarginal_R	0	840	0	0	0	0	0	0	0	0	0	0	0	0	0	0	0	3562	0	260	0	0	0	0	0	0	0	0	0	328	0	0	0	174	0	0	0	222	0	0	0	0	0	244	0	448	0	120	0	508	0	3624	0	406	0	360	0	11272	0	1148	0	14234	0	0	0	11346	0	638	0	294	0	0	0	0	0	0	0	0	0	300	0	4526	0	0	0	5780	0	0	0	3038	0	0	0	0	0	0	0	0	0	0	0	0	0	0	0	0	0	0	0	0	0	0	0	0	0	0	
152752	Angular_L	302	0	0	0	0	0	0	0	0	0	0	0	0	0	0	0	228	0	0	0	0	0	0	0	0	0	0	0	0	0	0	0	0	0	0	0	0	0	0	0	0	0	0	0	106	0	0	0	342	0	20458	0	0	0	0	0	3024	0	3960	0	25200	0	8106	0	0	0	174	0	1302	0	0	0	0	0	0	0	0	0	0	0	1620	0	0	0	9930	0	0	0	1624	0	0	0	0	0	0	0	0	0	0	0	0	0	0	0	0	0	0	0	0	0	0	0	0	0	0	0	
163780	Angular_R	0	112	0	0	0	0	0	0	0	0	0	0	0	0	0	0	0	0	0	1068	0	0	0	0	0	0	0	0	0	174	0	0	0	1178	0	142	0	0	0	0	0	0	0	382	0	3330	0	166	0	5312	0	14542	0	0	0	98	0	2250	0	3542	0	21244	0	11346	0	0	102	3332	0	1116	0	0	0	0	0	0	0	0	0	0	0	2158	0	0	0	8236	0	0	0	2060	0	0	0	0	0	0	0	0	0	0	0	0	0	0	0	0	0	0	0	0	0	0	0	0	0	0	
281248	Precuneus_L	900	176	0	140	0	0	170	0	0	0	0	0	0	0	0	0	160	0	0	0	0	0	0	0	0	0	0	0	1104	0	0	0	5006	2010	5038	404	2908	0	2144	0	0	0	16370	816	11706	3484	9444	354	17696	2642	16324	1624	3376	0	5874	134	4136	0	7144	0	1376	144	146	0	174	102	0	6208	4034	96	0	0	0	0	0	0	0	0	170	0	0	0	0	0	4180	0	0	0	2102	0	354	0	0	0	0	0	0	106	0	0	0	0	0	0	0	0	0	0	0	0	148	0	0	0	0	0	
523860	Precuneus_R	0	2330	0	608	0	0	0	242	0	0	0	0	0	0	0	0	0	680	0	2096	0	0	0	0	0	0	0	0	0	2114	0	0	1104	13234	1668	9756	678	5722	476	4364	0	0	430	43564	486	26634	442	18082	0	23976	0	15610	0	16638	0	21458	0	8054	0	6492	0	3828	0	638	0	3332	6208	0	0	9226	0	0	0	692	0	0	0	0	0	0	0	486	0	0	0	6960	0	0	0	3622	0	0	0	0	0	0	0	0	0	0	0	0	0	0	0	0	0	0	0	0	0	0	0	0	0	0	
221280	Paracentral_Lobule_L	22756	4782	1896	1174	0	0	408	0	0	0	0	0	0	0	0	0	824	0	5056	9784	0	0	0	0	0	0	0	0	802	0	0	0	4198	5840	4666	1092	0	626	0	556	0	0	928	0	2310	0	260	334	3478	0	3670	0	122	0	310	680	11322	0	1878	0	2128	0	406	0	1302	0	4034	0	0	3848	260	322	0	0	0	0	210	392	112	0	298	0	0	0	4284	0	0	0	3292	0	0	0	0	0	0	0	0	0	0	0	0	0	0	0	0	0	0	0	0	0	0	0	0	0	0	0	
200116	Paracentral_Lobule_R	3408	6034	0	0	0	0	0	0	0	0	0	0	0	0	0	0	0	110	0	19410	0	0	0	0	0	0	0	0	0	324	0	0	130	17296	1016	2324	0	424	0	340	0	0	0	4166	0	2400	0	1008	0	1826	0	3910	0	1510	0	1552	0	8280	0	1074	0	208	0	294	0	1116	96	9226	3848	0	0	780	0	0	0	0	0	1090	0	0	0	422	0	0	0	4564	0	0	0	1872	0	0	0	0	0	0	0	0	0	0	0	0	0	0	0	0	0	0	0	0	0	0	0	0	0	0	
444132	Caudate_L	1990	1002	7376	6494	2918	264	2578	5102	1320	280	2330	1354	5332	164	5548	718	2262	422	7020	2906	8616	5904	594	398	1288	206	2110	0	20484	1550	12926	4158	0	380	0	0	4118	480	2494	418	234	0	0	0	0	0	0	366	0	0	0	0	0	0	860	358	526	0	0	0	0	0	0	0	0	0	0	0	260	0	0	28848	33378	6216	4906	344	14010	6008	0	0	650	0	1022	126	0	0	0	0	450	0	0	0	0	0	0	0	0	0	0	0	0	0	0	0	0	0	0	0	0	0	0	0	0	0	0	0	
573504	Caudate_R	786	1092	3778	21820	128	7780	846	6208	314	4358	2018	3058	4442	1404	3340	6454	1030	1194	5040	22236	4830	7980	730	6004	0	5820	0	1984	9234	7588	5264	13874	0	1152	0	0	904	4408	440	4278	0	376	0	0	0	0	0	316	0	0	0	0	0	0	166	3482	212	0	0	0	0	0	0	0	0	0	0	0	322	780	28848	0	11484	34300	1516	2184	6408	21500	0	0	396	0	720	610	0	0	0	0	178	0	0	0	0	0	0	0	0	710	0	428	0	0	0	0	0	0	0	0	0	0	0	0	0	0	0	0	
380268	Putamen_L	1202	868	14178	3702	7528	188	2408	2440	4080	0	336	546	2666	0	7726	176	254	180	12388	2242	6042	4462	1126	198	944	0	1372	0	18860	672	9508	2750	0	708	0	0	7100	426	4244	330	432	0	0	0	0	0	0	490	0	0	0	0	0	0	1370	234	0	0	0	0	0	0	0	0	0	0	0	0	0	0	33378	11484	0	3752	10398	202	4804	296	104	0	620	0	158	0	0	0	0	0	562	0	0	0	0	0	0	0	0	0	0	0	0	0	0	0	0	0	0	0	0	0	0	0	0	0	0	0	
630016	Putamen_R	460	3358	1672	23228	94	3960	382	7252	132	4864	374	9244	256	2112	396	7928	490	6966	4254	19762	1818	2654	698	7314	0	2096	0	1276	2816	27684	2730	7970	0	3540	510	736	790	28748	202	26610	0	1510	0	228	0	0	0	2922	0	0	0	294	0	0	94	24008	128	2076	0	0	0	0	0	0	0	0	0	692	0	0	6216	34300	3752	0	0	4216	1520	5430	102	124	122	428	186	1272	0	648	0	0	94	3818	0	144	0	0	0	0	0	2258	0	2926	0	0	0	0	0	0	0	124	0	0	0	0	0	0	0	0	
68776	Pallidum_L	346	702	4262	828	108	0	244	826	0	0	0	0	0	0	0	0	0	0	6200	650	186	146	0	0	0	0	0	0	324	0	190	186	0	0	0	0	622	0	330	0	0	0	0	0	0	0	0	140	0	0	0	0	0	0	0	0	0	0	0	0	0	0	0	0	0	0	0	0	0	0	4906	1516	10398	0	0	0	1128	150	0	0	0	0	0	0	0	0	0	0	0	0	0	0	0	0	0	0	0	0	0	0	0	0	0	0	0	0	0	0	0	0	0	0	0	0	0	0	
34120	Pallidum_R	0	260	164	2196	0	0	0	1096	0	0	0	102	0	0	0	0	0	108	148	1370	0	0	0	0	0	0	0	0	0	164	94	212	0	0	0	0	0	1520	0	1512	0	96	0	0	0	0	0	0	0	0	0	0	0	0	0	764	0	198	0	0	0	0	0	0	0	0	0	0	0	0	344	2184	202	4216	0	0	0	0	0	0	0	0	0	0	0	0	0	0	0	0	0	0	0	0	0	0	0	110	0	0	0	0	0	0	0	0	0	0	0	0	0	0	0	0	0	0	
238156	Thalamus_L	8848	746	9642	1570	0	0	4192	650	0	0	0	106	0	0	0	116	344	122	10450	2470	0	0	0	0	0	0	0	0	6548	322	0	208	0	0	1418	2086	9214	4992	2936	2474	362	0	0	0	0	0	1004	266	0	0	0	0	0	0	1390	1244	324	0	0	0	0	0	0	0	0	0	0	0	210	0	14010	6408	4804	1520	1128	0	0	13456	1708	0	158	0	0	0	98	0	0	0	1052	208	0	0	0	0	0	0	0	274	0	0	0	0	0	0	0	0	0	0	0	0	0	0	0	0	0	0	
255372	Thalamus_R	3978	2820	1298	8150	0	0	1426	4286	0	0	0	420	0	0	0	0	98	510	1396	20602	0	248	0	130	0	0	0	0	1248	1010	0	0	0	116	2570	3042	4636	8982	744	4964	0	284	0	0	0	0	164	378	0	0	0	290	0	0	128	2666	178	140	0	0	0	0	0	0	0	0	0	0	392	1090	6008	21500	296	5430	150	0	13456	0	960	0	0	0	0	0	0	322	0	0	0	822	0	0	0	0	0	0	0	358	0	0	0	0	0	0	0	0	0	0	0	0	0	0	0	0	0	0	
87656	Heschl_L	2572	0	3126	116	0	0	1682	0	0	0	490	0	0	0	0	0	4176	0	2478	0	0	0	0	0	0	0	0	0	8872	0	0	0	0	0	1174	786	1856	1024	0	828	0	0	0	0	0	0	0	0	0	0	0	0	216	0	846	374	2192	0	0	0	196	0	170	0	0	0	170	0	112	0	0	0	104	102	0	0	1708	960	0	0	2822	0	0	0	2926	0	0	0	1750	0	0	0	0	0	0	0	0	0	0	0	0	0	0	0	0	0	0	0	0	0	0	0	0	0	0	0	
31648	Heschl_R	0	944	0	298	0	0	0	226	0	0	0	0	0	0	0	0	0	3488	0	0	0	0	0	0	0	0	0	0	0	3570	0	0	0	0	0	0	0	298	0	132	0	0	0	0	0	0	0	0	0	0	0	124	0	0	0	302	0	530	0	0	0	0	0	300	0	0	0	0	0	0	0	0	0	124	0	0	0	0	0	0	0	4716	0	0	0	772	0	0	0	0	0	0	0	0	0	0	0	0	0	0	0	0	0	0	0	0	0	0	0	0	0	0	0	0	0	0	
167104	Temporal_Sup_L	1302	0	1174	246	0	0	462	0	0	0	988	0	558	0	150	0	6894	0	846	0	0	0	0	0	0	0	0	0	7182	0	0	0	0	0	0	0	1364	0	116	0	0	0	0	0	0	0	0	0	0	0	1274	0	0	0	1438	0	2682	0	486	0	2508	0	8158	0	1620	0	0	0	298	0	650	396	620	122	0	0	158	0	2822	0	0	0	5396	0	23312	0	112	0	10218	0	0	0	0	0	0	0	0	0	0	0	0	0	0	0	0	0	0	0	0	0	0	0	0	0	0	0	
123632	Temporal_Sup_R	0	1590	0	104	0	0	0	0	0	0	0	192	0	112	0	340	0	3408	0	358	0	0	0	0	0	0	0	0	0	10074	0	0	0	194	0	0	0	902	0	596	0	0	0	372	0	0	0	98	0	0	0	1664	0	384	0	1554	0	902	0	0	0	1042	0	4526	0	2158	0	486	0	422	0	0	0	428	0	0	0	0	0	4716	0	0	0	3934	0	17538	0	1020	0	2702	0	0	0	0	0	0	0	0	0	0	0	0	0	0	0	0	0	0	0	0	0	0	0	0	0	0	
117384	Temporal_Pole_Sup_L	0	0	1902	600	250	0	204	246	0	0	4362	0	1848	0	670	0	4022	0	1730	288	192	0	0	0	0	0	0	0	7272	0	202	0	0	0	0	0	2328	0	1554	0	1000	0	0	0	0	0	0	0	0	0	0	0	0	0	2314	0	0	0	0	0	0	0	0	0	0	0	0	0	0	0	1022	720	158	186	0	0	0	0	0	0	5396	0	0	0	7940	0	5452	0	6720	0	0	0	0	0	0	0	114	0	0	0	0	0	0	0	0	0	0	0	0	0	0	0	0	0	0	0	
90192	Temporal_Pole_Sup_R	0	0	0	626	0	0	0	0	0	0	0	1034	0	286	0	1004	0	1076	100	464	0	0	0	94	0	0	0	0	116	3850	0	120	0	128	0	0	0	2544	0	4382	0	3448	0	0	0	0	0	0	0	0	0	0	0	0	0	6402	0	0	0	0	0	0	0	0	0	0	0	0	0	0	126	610	0	1272	0	0	0	0	0	0	0	3934	0	0	0	4260	0	6628	0	2204	0	0	0	0	0	0	0	388	0	0	0	0	0	0	0	0	0	0	0	0	0	0	0	0	0	0	
360556	Temporal_Mid_L	5862	0	430	0	0	0	220	0	0	0	106	0	0	0	0	0	3654	0	372	0	0	0	0	0	0	0	0	0	5802	0	0	0	188	0	200	0	382	0	128	0	0	0	2858	0	2830	0	638	0	4306	0	23392	0	3286	0	2282	0	4812	0	214	0	9042	0	10710	0	9930	0	4180	0	4284	0	0	0	0	0	0	0	98	0	2926	0	23312	0	7940	0	0	0	4206	0	41422	0	266	0	0	0	0	0	0	0	0	0	0	0	0	0	0	0	0	0	0	0	0	0	0	0	0	0	
268272	Temporal_Mid_R	0	1892	0	144	0	0	0	0	0	0	0	0	0	0	0	146	0	676	0	2774	0	0	0	0	0	0	0	0	0	5544	0	0	0	4462	0	1954	0	2398	0	1284	0	0	0	5222	0	400	0	1912	0	464	0	14230	0	2154	0	5312	0	3832	0	180	0	3746	0	5780	0	8236	0	6960	0	4564	0	0	0	648	0	0	0	322	0	772	0	17538	0	4260	0	0	0	3578	0	22752	0	0	0	0	0	0	0	0	0	0	0	0	0	0	0	0	0	0	0	0	0	0	0	0	0	0	
31900	Temporal_Pole_Mid_L	0	0	0	0	0	0	0	0	0	0	0	0	0	0	100	0	0	0	0	0	0	0	0	0	0	0	0	0	0	0	0	0	0	0	0	0	140	0	398	0	246	0	0	0	0	0	0	0	0	0	0	0	0	0	704	0	0	0	0	0	0	0	0	0	0	0	0	0	0	0	0	0	0	0	0	0	0	0	0	0	112	0	5452	0	4206	0	0	0	4592	0	0	0	0	0	0	0	0	0	0	0	0	0	0	0	0	0	0	0	0	0	0	0	0	0	0	0	
41640	Temporal_Pole_Mid_R	0	0	0	0	0	0	0	0	0	0	0	0	0	0	0	0	0	0	0	0	0	0	0	0	0	0	0	0	0	0	0	0	0	0	0	0	0	530	0	2350	0	832	0	0	0	0	0	0	0	0	0	0	0	0	0	3216	0	0	0	0	0	0	0	0	0	0	0	0	0	0	0	0	0	0	0	0	0	0	0	0	0	1020	0	6628	0	3578	0	0	0	2666	0	0	0	0	0	0	0	0	0	0	0	0	0	0	0	0	0	0	0	0	0	0	0	0	0	0	
286508	Temporal_Inf_L	4000	0	340	120	0	0	174	0	0	0	0	0	0	0	0	0	1588	0	328	0	0	0	0	0	0	0	0	0	6862	0	0	0	0	0	440	142	8082	152	2874	102	1146	0	1602	0	894	0	656	230	1180	0	9584	0	3482	0	15512	0	2732	0	0	0	2016	0	2608	0	1624	0	2102	0	3292	0	450	178	562	94	0	0	1052	0	1750	0	10218	0	6720	0	41422	0	4592	0	0	0	1420	0	174	0	0	0	332	0	426	0	0	0	0	0	0	0	0	0	0	0	0	0	0	0	0	0	
242336	Temporal_Inf_R	238	1442	0	304	0	0	128	172	0	0	0	136	0	0	0	0	0	814	0	1846	0	0	0	0	0	0	0	0	0	4688	0	0	0	1576	300	1286	310	10512	0	6836	0	454	0	4040	0	0	0	1430	0	0	0	7138	0	5776	0	20948	0	2218	0	0	0	1254	0	3038	0	2060	0	3622	0	1872	0	0	0	3818	0	0	208	822	0	0	0	2702	0	2204	0	22752	0	2666	0	0	0	492	0	0	0	0	0	240	0	826	0	0	0	0	0	0	0	0	0	0	0	0	0	0	0	0	
486128	Cerebelum_Crus1_L	0	0	0	0	0	0	0	0	0	0	0	0	0	0	0	0	0	0	0	0	0	0	0	0	0	0	0	0	226	0	0	0	0	0	0	0	414	0	904	0	0	0	1878	0	184	0	13364	2754	0	0	110	0	664	0	20022	376	0	0	0	0	0	0	0	0	0	0	354	0	0	0	0	0	0	0	0	0	0	0	0	0	0	0	0	0	266	0	0	0	1420	0	0	5718	32720	1578	2682	126	25392	3432	54388	7840	11158	196	20510	1266	7084	586	2016	0	92	182	7404	8568	4586	1192	1056	356	
484144	Cerebelum_Crus1_R	0	0	0	0	0	0	0	0	0	0	0	0	0	0	0	0	0	0	0	0	0	0	0	0	0	0	0	0	0	0	0	0	0	0	0	158	0	628	0	726	0	0	950	0	0	0	1966	6540	0	0	0	0	0	310	686	10486	0	0	0	0	0	0	0	0	0	0	0	0	0	0	0	0	0	144	0	0	0	0	0	0	0	0	0	0	0	0	0	0	0	492	5718	0	1404	28126	586	3466	4630	18596	9874	57900	908	8224	3144	21052	2702	6308	192	334	804	3358	11344	13806	6954	4158	4852	546	
300796	Cerebelum_Crus2_L	0	0	0	0	0	0	0	0	0	0	0	0	0	0	0	0	0	0	0	0	0	0	0	0	0	0	0	0	0	0	0	0	0	0	0	0	0	0	94	0	0	0	0	0	0	0	988	306	0	0	0	0	0	0	1698	0	0	0	0	0	0	0	0	0	0	0	0	0	0	0	0	0	0	0	0	0	0	0	0	0	0	0	0	0	0	0	0	0	174	0	32720	1404	0	6218	768	0	2900	94	8168	1488	31332	3694	32064	3178	7504	548	1014	0	0	0	252	2248	6966	3492	850	236	
281228	Cerebelum_Crus2_R	0	0	0	0	0	0	0	0	0	0	0	0	0	0	0	0	0	0	0	0	0	0	0	0	0	0	0	0	0	0	0	0	0	0	0	0	0	0	0	0	0	0	0	0	0	0	0	0	0	0	0	0	0	0	0	502	0	0	0	0	0	0	0	0	0	0	0	0	0	0	0	0	0	0	0	0	0	0	0	0	0	0	0	0	0	0	0	0	0	0	1578	28126	6218	0	0	222	108	554	730	7780	4552	24008	4460	32522	728	5744	0	266	0	168	118	1428	10808	5682	3602	710	
56388	Cerebelum_3_L	0	0	0	0	0	0	0	0	0	0	0	0	0	0	0	0	0	0	0	0	0	0	0	0	0	0	0	0	0	0	0	0	0	0	0	0	0	0	194	122	0	0	124	0	0	0	350	268	0	0	0	0	0	0	384	0	0	0	0	0	0	0	0	0	0	0	0	0	0	0	0	0	0	0	0	0	0	0	0	0	0	0	0	0	0	0	0	0	0	0	2682	586	768	0	0	96	7676	360	3882	806	240	0	982	0	2504	160	208	0	1064	2336	962	942	0	124	282	92	
56756	Cerebelum_3_R	0	0	0	0	0	0	0	0	0	0	0	0	0	0	0	0	0	0	0	0	0	0	0	0	0	0	0	0	0	0	0	0	0	0	0	0	0	246	0	454	0	0	0	0	0	0	0	428	0	0	0	0	0	0	0	640	0	0	0	0	0	0	0	0	0	0	0	0	0	0	0	0	0	0	0	0	0	0	0	0	0	0	0	0	0	0	0	0	0	0	126	3466	0	222	96	0	156	5406	314	6786	0	0	0	386	230	1192	0	0	992	4236	434	802	188	702	876	0	
369348	Cerebelum_4_5_L	0	0	0	0	0	0	0	0	0	0	0	0	0	0	0	0	0	0	0	0	0	0	0	0	0	0	0	0	442	0	0	0	0	0	0	0	774	0	1734	196	0	0	3304	0	0	0	16334	5178	0	0	0	0	134	0	15252	500	0	0	0	0	0	0	0	0	0	0	0	0	0	0	0	0	0	0	0	0	0	0	0	0	0	0	114	0	0	0	0	0	332	0	25392	4630	2900	108	7676	156	0	7746	40058	7692	2036	0	4328	294	6866	550	1452	0	668	1772	17718	5322	490	118	1016	1392	
303736	Cerebelum_4_5_R	0	0	0	104	0	0	0	0	0	0	0	0	0	0	0	0	0	0	0	364	0	0	0	0	0	0	0	0	0	326	0	0	0	0	318	444	484	4754	292	6514	0	968	1632	0	0	0	3612	6590	0	0	0	0	0	0	1016	12474	0	0	0	0	0	0	0	0	0	0	106	0	0	0	0	710	0	2258	0	110	274	358	0	0	0	0	0	388	0	0	0	0	0	240	3432	18596	94	554	360	5406	7746	0	6240	32424	0	0	110	968	994	1494	0	684	426	2808	18026	3794	478	710	1562	626	
537368	Cerebelum_6_L	0	0	0	0	0	0	0	0	0	0	0	0	0	0	0	0	0	0	0	0	0	0	0	0	0	0	0	0	190	0	0	0	0	0	0	0	518	0	1344	0	0	0	2534	0	0	0	22092	7342	0	0	218	0	550	0	27906	980	0	0	0	0	0	0	0	0	0	0	0	0	0	0	0	0	0	0	0	0	0	0	0	0	0	0	0	0	0	0	0	0	426	0	54388	9874	8168	730	3882	314	40058	6240	0	13258	4784	0	10006	874	9706	1054	1902	0	502	446	14384	17178	3370	816	1916	734	
538612	Cerebelum_6_R	0	262	0	618	0	0	0	304	0	0	0	106	0	0	0	0	0	194	0	566	0	0	0	106	0	0	0	0	0	556	0	0	0	0	98	186	0	4406	0	4896	0	0	1388	0	0	0	3224	8654	0	0	0	0	0	756	1052	18580	0	198	0	0	0	0	0	0	0	0	0	0	0	0	0	428	0	2926	0	0	0	0	0	0	0	0	0	0	0	0	0	0	0	826	7840	57900	1488	7780	806	6786	7692	32424	13258	0	616	1748	2960	10140	3626	4956	312	742	1356	4600	16254	17884	7180	3910	6138	580	
234632	Cerebelum_7b_L	0	0	0	0	0	0	0	0	0	0	0	0	0	0	0	0	0	0	0	0	0	0	0	0	0	0	0	0	0	0	0	0	0	0	0	0	0	0	0	0	0	0	0	0	0	0	116	156	0	0	0	0	0	0	1322	0	0	0	0	0	0	0	0	0	0	0	0	0	0	0	0	0	0	0	0	0	0	0	0	0	0	0	0	0	0	0	0	0	0	0	11158	908	31332	4552	240	0	2036	0	4784	616	0	3882	32410	3986	6626	502	692	0	0	0	104	980	4944	5066	714	190	
157752	Cerebelum_7b_R	0	0	0	0	0	0	0	0	0	0	0	0	0	0	0	0	0	0	0	0	0	0	0	0	0	0	0	0	0	0	0	0	0	0	0	0	0	0	0	0	0	0	0	0	0	0	0	0	0	0	0	0	0	0	0	148	0	0	0	0	0	0	0	0	0	0	0	0	0	0	0	0	0	0	0	0	0	0	0	0	0	0	0	0	0	0	0	0	0	0	196	8224	3694	24008	0	0	0	0	0	1748	3882	0	2710	23958	118	2666	0	0	0	0	0	0	3778	3314	296	136	
341436	Cerebelum_8_L	0	0	0	0	0	0	0	0	0	0	0	0	0	0	0	0	0	0	0	0	0	0	0	0	0	0	0	0	0	0	0	0	0	0	0	0	0	0	0	0	0	0	0	0	0	0	408	398	0	0	0	0	0	0	1574	108	0	0	0	0	0	0	0	0	0	0	0	0	0	0	0	0	0	0	0	0	0	0	0	0	0	0	0	0	0	0	0	0	0	0	20510	3144	32064	4460	982	0	4328	110	10006	2960	32410	2710	0	7524	20866	1230	3530	0	0	0	240	4008	5456	8808	2514	370	
309664	Cerebelum_8_R	0	0	0	0	0	0	0	0	0	0	0	0	0	0	0	0	0	0	0	0	0	0	0	0	0	0	0	0	0	0	0	0	0	0	0	0	0	0	0	0	0	0	0	0	0	0	0	0	0	0	0	0	0	0	0	548	0	0	0	0	0	0	0	0	0	0	0	0	0	0	0	0	0	0	0	0	0	0	0	0	0	0	0	0	0	0	0	0	0	0	1266	21052	3178	32522	0	386	294	968	874	10140	3986	23958	7524	0	1984	19410	116	1370	0	262	200	1226	6962	9282	6068	1256	
204332	Cerebelum_9_L	0	0	0	0	0	0	0	0	0	0	0	0	0	0	0	0	0	0	0	0	0	0	0	0	0	0	0	0	0	0	0	0	0	0	0	0	0	0	0	0	0	0	0	0	0	0	394	948	0	0	0	0	0	0	354	342	0	0	0	0	0	0	0	0	0	0	0	0	0	0	0	0	0	0	0	0	0	0	0	0	0	0	0	0	0	0	0	0	0	0	7084	2702	7504	728	2504	230	6866	994	9706	3626	6626	118	20866	1984	0	3880	5106	0	484	278	2186	5862	1200	2624	5402	1568	
167424	Cerebelum_9_R	0	0	0	0	0	0	0	0	0	0	0	0	0	0	0	0	0	0	0	0	0	0	0	0	0	0	0	0	0	0	0	0	0	0	0	0	0	0	0	168	0	0	0	0	0	0	0	316	0	0	0	0	0	0	0	324	0	0	0	0	0	0	0	0	0	0	0	0	0	0	0	0	0	0	0	0	0	0	0	0	0	0	0	0	0	0	0	0	0	0	586	6308	548	5744	160	1192	550	1494	1054	4956	502	2666	1230	19410	3880	0	156	2676	696	832	926	4126	3260	5998	10564	3390	
35404	Cerebelum_10_L	0	0	0	0	0	0	0	0	0	0	0	0	0	0	0	0	0	0	0	0	0	0	0	0	0	0	0	0	0	0	0	0	0	0	0	0	0	0	0	0	0	0	0	0	0	0	0	126	0	0	0	0	0	0	176	0	0	0	0	0	0	0	0	0	0	0	0	0	0	0	0	0	0	0	0	0	0	0	0	0	0	0	0	0	0	0	0	0	0	0	2016	192	1014	0	208	0	1452	0	1902	312	692	0	3530	116	5106	156	0	0	0	0	0	542	162	0	0	0	
17972	Cerebelum_10_R	0	0	0	0	0	0	0	0	0	0	0	0	0	0	0	0	0	0	0	0	0	0	0	0	0	0	0	0	0	0	0	0	0	0	0	0	0	256	0	536	0	172	0	0	0	0	0	0	0	0	0	0	0	0	0	280	0	0	0	0	0	0	0	0	0	0	0	0	0	0	0	0	0	124	0	0	0	0	0	0	0	0	0	0	0	0	0	0	0	0	0	334	0	266	0	0	0	684	0	742	0	0	0	1370	0	2676	0	0	0	0	0	296	252	404	488	106	
33096	Vermis_1_2	0	0	0	0	0	0	0	0	0	0	0	0	0	0	0	0	0	0	0	0	0	0	0	0	0	0	0	0	0	0	0	0	0	0	0	0	0	0	0	0	0	0	0	0	0	0	0	208	0	0	0	0	0	0	0	0	0	0	0	0	0	0	0	0	0	0	0	0	0	0	0	0	0	0	0	0	0	0	0	0	0	0	0	0	0	0	0	0	0	0	92	804	0	0	1064	992	668	426	502	1356	0	0	0	0	484	696	0	0	0	4120	1346	1624	0	460	1338	368	
