data	data	545076	322592	824528	760504	111872	76928	468780	216408	48468	14032	199448	213648	268180	207240	124744	108996	168972	170876	810008	776236	75072	73488	370400	385384	14784	89508	46996	58484	532852	338140	288264	422296	184792	539764	142156	175252	228224	321736	73552	139396	35288	53988	208840	305044	117452	313056	208184	235396	224128	357296	426284	227312	217208	60864	333132	452772	282508	215056	138588	95496	290384	125892	152068	165104	129888	147804	232216	410188	207640	255408	320860	422756	252160	234988	57144	23464	202684	169788	101032	13116	177024	73048	64956	52728	306428	189168	9612	12388	236896	270616	526916	480372	403456	416676	52496	54440	300092	208232	396920	416484	264808	221140	416944	375184	162404	108016	11224	7852	39636	54308	202852	151888	334196	146988	87152	41252	
data	data	Precentral_L	Precentral_R	Frontal_Sup_L	Frontal_Sup_R	Frontal_Sup_Orb_L	Frontal_Sup_Orb_R	Frontal_Mid_L	Frontal_Mid_R	Frontal_Mid_Orb_L	Frontal_Mid_Orb_R	Frontal_Inf_Oper_L	Frontal_Inf_Oper_R	Frontal_Inf_Tri_L	Frontal_Inf_Tri_R	Frontal_Inf_Orb_L	Frontal_Inf_Orb_R	Rolandic_Oper_L	Rolandic_Oper_R	Supp_Motor_Area_L	Supp_Motor_Area_R	Olfactory_L	Olfactory_R	Frontal_Sup_Medial_L	Frontal_Sup_Medial_R	Frontal_Med_Orb_L	Frontal_Med_Orb_R	Rectus_L	Rectus_R	Insula_L	Insula_R	Cingulum_Ant_L	Cingulum_Ant_R	Cingulum_Mid_L	Cingulum_Mid_R	Cingulum_Post_L	Cingulum_Post_R	Hippocampus_L	Hippocampus_R	ParaHippocampal_L	ParaHippocampal_R	Amygdala_L	Amygdala_R	Calcarine_L	Calcarine_R	Cuneus_L	Cuneus_R	Lingual_L	Lingual_R	Occipital_Sup_L	Occipital_Sup_R	Occipital_Mid_L	Occipital_Mid_R	Occipital_Inf_L	Occipital_Inf_R	Fusiform_L	Fusiform_R	Postcentral_L	Postcentral_R	Parietal_Sup_L	Parietal_Sup_R	Parietal_Inf_L	Parietal_Inf_R	SupraMarginal_L	SupraMarginal_R	Angular_L	Angular_R	Precuneus_L	Precuneus_R	Paracentral_Lobule_L	Paracentral_Lobule_R	Caudate_L	Caudate_R	Putamen_L	Putamen_R	Pallidum_L	Pallidum_R	Thalamus_L	Thalamus_R	Heschl_L	Heschl_R	Temporal_Sup_L	Temporal_Sup_R	Temporal_Pole_Sup_L	Temporal_Pole_Sup_R	Temporal_Mid_L	Temporal_Mid_R	Temporal_Pole_Mid_L	Temporal_Pole_Mid_R	Temporal_Inf_L	Temporal_Inf_R	Cerebelum_Crus1_L	Cerebelum_Crus1_R	Cerebelum_Crus2_L	Cerebelum_Crus2_R	Cerebelum_3_L	Cerebelum_3_R	Cerebelum_4_5_L	Cerebelum_4_5_R	Cerebelum_6_L	Cerebelum_6_R	Cerebelum_7b_L	Cerebelum_7b_R	Cerebelum_8_L	Cerebelum_8_R	Cerebelum_9_L	Cerebelum_9_R	Cerebelum_10_L	Cerebelum_10_R	Vermis_1_2	Vermis_3	Vermis_4_5	Vermis_6	Vermis_7	Vermis_8	Vermis_9	Vermis_10	
545076	Precentral_L	0	1912	22080	2500	0	0	29196	390	0	0	12566	308	3022	0	0	0	9352	130	21034	5114	0	0	412	0	0	0	0	0	9318	210	1100	0	372	1876	8680	1594	7840	1200	272	272	0	0	374	0	134	0	142	0	138	0	1684	0	1920	0	1496	0	27724	150	120	0	9010	0	4014	0	1578	0	2990	0	23384	1196	14658	712	6628	92	3644	0	18310	952	6032	0	2380	0	0	0	1856	0	0	0	470	0	0	0	0	0	0	0	0	0	0	0	0	0	0	0	0	0	0	0	0	0	0	0	0	0	0	0	
322592	Precentral_R	1912	0	1588	14026	0	0	1380	7552	0	0	250	8124	0	1054	0	124	0	5156	4224	12082	0	0	0	152	0	0	0	0	142	2252	252	248	296	3620	668	3044	236	6094	0	1596	0	0	0	470	0	926	0	0	0	1884	0	540	0	140	0	3100	150	19874	0	744	0	3122	0	4438	0	478	100	3620	2432	11298	2990	8282	734	1794	532	216	2388	11348	0	298	0	280	0	0	0	1188	0	0	0	1858	0	0	0	0	0	0	0	0	0	0	0	0	0	0	0	0	0	0	0	0	0	0	0	0	0	0	
824528	Frontal_Sup_L	22080	1588	0	9536	5910	0	72592	5778	804	0	11936	586	26254	392	6490	0	7210	184	85776	7520	0	0	42378	3140	130	0	0	0	37824	428	14262	2056	3610	1330	306	0	1324	0	150	0	0	0	0	0	0	0	0	0	0	0	204	0	0	0	0	0	3994	270	0	0	2716	0	2128	0	414	0	142	0	2182	0	5896	1714	12084	122	2498	0	622	154	1528	0	2050	0	1264	0	510	0	0	0	198	0	0	0	0	0	0	0	0	0	0	0	0	0	0	0	0	0	0	0	0	0	0	0	0	0	0	0	
760504	Frontal_Sup_R	2500	14026	9536	0	0	2094	1322	30078	0	0	270	10038	126	15748	0	6652	0	7598	22690	68088	0	180	9540	40130	0	2358	0	286	354	17860	6338	29498	2908	20730	0	410	120	558	154	154	0	92	0	0	0	0	0	0	0	0	0	0	0	0	0	108	0	1214	0	0	112	0	0	0	0	0	0	0	3152	274	2528	29780	410	7390	158	1016	478	10596	0	0	0	182	0	418	0	0	0	0	0	0	0	0	0	0	0	0	0	0	0	0	0	0	0	0	0	0	0	0	0	0	0	0	0	0	0	0	
111872	Frontal_Sup_Orb_L	0	0	5910	0	0	0	1878	0	7928	0	0	0	3484	0	12740	0	0	0	0	0	840	0	2622	0	1568	0	3066	0	8558	0	2270	0	0	0	0	0	188	0	0	0	236	0	0	0	0	0	0	0	0	0	0	0	0	0	0	0	0	0	0	0	0	0	0	0	0	0	0	0	0	0	0	0	4074	0	0	0	0	0	0	0	0	0	574	0	0	0	0	0	0	0	0	0	0	0	0	0	0	0	0	0	0	0	0	0	0	0	0	0	0	0	0	0	0	0	0	0	
76928	Frontal_Sup_Orb_R	0	0	0	2094	0	0	0	1296	0	2640	0	0	0	1046	0	2698	0	0	198	526	0	742	560	5110	0	9456	0	5488	0	1114	174	2136	0	248	0	0	0	0	0	0	0	0	0	0	0	0	0	0	0	0	0	0	0	0	0	0	0	0	0	0	0	0	0	0	0	0	0	0	0	0	0	1468	0	1470	0	0	0	0	0	0	0	0	0	0	0	0	0	0	0	0	0	0	0	0	0	0	0	0	0	0	0	0	0	0	0	0	0	0	0	0	0	0	0	0	0	0	
468780	Frontal_Mid_L	29196	1380	72592	1322	1878	0	0	600	1096	0	3484	430	31414	96	5450	0	476	148	22638	680	0	0	13844	378	0	0	0	0	12684	250	3688	520	1816	136	384	286	1540	124	112	0	0	0	0	0	0	0	0	0	0	0	0	0	0	0	0	0	1380	516	0	0	1586	0	688	0	138	0	94	0	244	0	10640	1050	3442	124	540	0	3448	314	1168	0	194	0	0	0	182	0	0	0	0	0	0	0	0	0	0	0	0	0	0	0	0	0	0	0	0	0	0	0	0	0	0	0	0	0	0	0	
216408	Frontal_Mid_R	390	7552	5778	30078	0	1296	600	0	0	1110	0	9092	0	11978	0	3246	0	2656	5962	4044	0	0	476	4078	0	0	0	0	242	3570	1216	5028	0	454	0	0	0	166	0	0	0	0	0	0	0	0	0	0	0	0	0	0	0	0	0	0	100	884	0	0	108	0	0	0	0	0	0	0	0	0	1756	4930	0	784	0	242	0	388	0	0	0	0	0	0	0	0	0	0	0	0	0	0	0	0	0	0	0	0	0	0	0	0	0	0	0	0	0	0	0	0	0	0	0	0	0	0	
48468	Frontal_Mid_Orb_L	0	0	804	0	7928	0	1096	0	0	0	0	0	498	0	9342	0	0	0	0	0	0	0	140	0	0	0	1504	0	1946	0	176	0	0	0	0	0	0	0	0	0	0	0	0	0	0	0	0	0	0	0	0	0	0	0	0	0	0	0	0	0	0	0	0	0	0	0	0	0	0	0	0	0	660	0	0	0	0	0	0	0	0	0	140	0	0	0	0	0	0	0	0	0	0	0	0	0	0	0	0	0	0	0	0	0	0	0	0	0	0	0	0	0	0	0	0	0	
14032	Frontal_Mid_Orb_R	0	0	0	0	0	2640	0	1110	0	0	0	0	0	902	0	2364	0	0	0	0	0	0	0	0	0	0	0	0	0	0	0	0	0	0	0	0	0	0	0	0	0	0	0	0	0	0	0	0	0	0	0	0	0	0	0	0	0	0	0	0	0	0	0	0	0	0	0	0	0	0	0	0	0	0	0	0	0	0	0	0	0	0	0	0	0	0	0	0	0	0	0	0	0	0	0	0	0	0	0	0	0	0	0	0	0	0	0	0	0	0	0	0	0	0	0	0	
199448	Frontal_Inf_Oper_L	12566	250	11936	270	0	0	3484	0	0	0	0	0	11644	0	104	0	7778	0	10672	0	0	0	932	0	0	0	0	0	16946	0	1430	0	0	0	0	0	256	0	92	0	0	0	0	0	0	0	0	0	0	0	150	0	0	0	0	0	7608	0	0	0	2424	0	1536	0	416	0	0	0	0	0	3472	154	1694	0	0	0	0	0	1104	0	1016	0	1492	0	210	0	0	0	88	0	0	0	0	0	0	0	0	0	0	0	0	0	0	0	0	0	0	0	0	0	0	0	0	0	0	0	
213648	Frontal_Inf_Oper_R	308	8124	586	10038	0	0	430	9092	0	0	0	0	0	7360	0	836	0	14396	692	7424	0	0	0	916	0	0	0	0	0	19698	312	1480	0	292	0	0	0	1034	0	152	0	0	0	100	0	0	0	0	0	0	0	0	0	0	0	414	96	3486	0	0	0	0	0	0	0	0	0	108	0	0	1496	9234	0	6234	0	718	0	414	0	0	0	382	0	638	0	0	0	0	0	334	0	0	0	0	0	0	0	0	0	0	0	0	0	0	0	0	0	0	0	0	0	0	0	0	0	0	
268180	Frontal_Inf_Tri_L	3022	0	26254	126	3484	0	31414	0	498	0	11644	0	0	0	9570	0	1432	0	7582	98	0	0	4948	0	0	0	0	0	24690	0	3666	0	262	0	0	0	222	0	0	0	0	0	0	0	0	0	0	0	0	0	0	0	0	0	0	0	1412	0	0	0	0	0	0	0	0	0	0	0	0	0	362	96	2760	0	0	0	0	0	0	0	100	0	448	0	0	0	0	0	0	0	0	0	0	0	0	0	0	0	0	0	0	0	0	0	0	0	0	0	0	0	0	0	0	0	0	0	
207240	Frontal_Inf_Tri_R	0	1054	392	15748	0	1046	96	11978	0	902	0	7360	0	0	0	11762	0	1140	2376	7008	0	0	1094	8484	0	178	0	0	88	16932	198	4034	176	4370	0	0	0	0	0	0	0	0	0	0	0	0	0	0	0	0	0	0	0	0	0	0	0	394	0	0	0	0	0	0	0	0	0	0	0	0	690	5304	0	816	0	0	0	0	0	0	0	0	0	0	0	0	0	0	0	0	0	0	0	0	0	0	0	0	0	0	0	0	0	0	0	0	0	0	0	0	0	0	0	0	0	0	
124744	Frontal_Inf_Orb_L	0	0	6490	0	12740	0	5450	0	9342	0	104	0	9570	0	0	0	0	0	394	0	864	0	746	0	0	0	392	0	9270	0	444	0	0	0	0	0	444	0	0	0	448	0	0	0	0	0	0	0	0	0	0	0	0	0	100	0	0	0	0	0	0	0	0	0	0	0	0	0	0	0	0	0	4030	0	0	0	0	0	0	0	0	0	1398	0	0	0	0	0	146	0	0	0	0	0	0	0	0	0	0	0	0	0	0	0	0	0	0	0	0	0	0	0	0	0	0	0	
108996	Frontal_Inf_Orb_R	0	124	0	6652	0	2698	0	3246	0	2364	0	836	0	11762	0	0	0	0	998	3058	0	270	196	4090	0	148	0	500	0	10510	0	1338	0	1720	0	0	0	0	0	0	0	0	0	0	0	0	0	0	0	0	0	0	0	0	0	0	0	0	0	0	0	0	0	0	0	0	0	0	0	0	124	3050	0	814	0	0	0	0	0	0	0	0	0	0	0	0	0	0	0	0	0	0	0	0	0	0	0	0	0	0	0	0	0	0	0	0	0	0	0	0	0	0	0	0	0	0	
168972	Rolandic_Oper_L	9352	0	7210	0	0	0	476	0	0	0	7778	0	1432	0	0	0	0	0	8822	0	0	0	0	0	0	0	0	0	14948	0	168	0	0	0	0	0	1124	0	726	0	0	0	102	0	102	0	0	0	0	0	476	0	458	0	488	0	8554	0	124	0	696	0	2558	0	0	0	666	0	518	0	3556	0	414	0	0	0	0	0	4538	0	6982	0	584	0	652	0	0	0	982	0	0	0	0	0	0	0	0	0	0	0	0	0	0	0	0	0	0	0	0	0	0	0	0	0	0	0	
170876	Rolandic_Oper_R	130	5156	184	7598	0	0	148	2656	0	0	0	14396	0	1140	0	0	0	0	198	6408	0	0	0	230	0	0	0	0	0	17594	128	428	0	536	0	0	0	1380	0	96	0	0	0	144	0	0	0	0	0	0	0	0	0	0	0	658	0	4090	0	0	0	0	0	1204	0	110	0	238	0	450	734	8726	0	5614	0	1292	0	442	0	616	0	1554	0	650	0	0	0	0	0	510	0	0	0	0	0	0	0	0	0	0	0	0	0	0	0	0	0	0	0	0	0	0	0	0	0	0	
810008	Supp_Motor_Area_L	21034	4224	85776	22690	0	198	22638	5962	0	0	10672	692	7582	2376	394	998	8822	198	0	38750	0	0	11536	4850	0	202	0	0	28328	1920	7908	7170	10834	19920	908	946	2164	0	206	0	0	0	0	0	0	0	0	0	0	0	204	0	0	0	196	0	4952	182	0	0	2612	0	2992	0	428	0	94	0	13414	338	10604	3188	19102	1616	4802	0	2794	284	1244	0	3520	0	1416	0	568	0	0	0	556	0	0	0	0	0	0	0	0	0	0	0	0	0	0	0	0	0	0	0	0	0	0	0	0	0	0	0	
776236	Supp_Motor_Area_R	5114	12082	7520	68088	0	526	680	4044	0	0	0	7424	98	7008	0	3058	0	6408	38750	0	0	0	1876	11630	0	594	0	0	306	10924	4600	17766	8064	53604	1418	9200	0	1402	0	702	0	0	0	466	0	1196	0	534	0	2826	0	888	0	0	0	1620	0	7354	0	646	94	2038	0	2186	0	854	212	6524	9024	28106	5098	23424	336	4712	250	1116	2152	1382	0	0	0	290	0	398	0	562	0	0	0	944	0	0	0	0	0	0	0	0	0	0	0	0	0	0	0	0	0	0	0	0	0	0	0	0	0	0	
75072	Olfactory_L	0	0	0	0	840	0	0	0	0	0	0	0	0	0	864	0	0	0	0	0	0	6474	0	0	0	0	3818	1964	2308	0	2182	2210	0	0	0	0	536	0	338	0	1168	0	0	0	0	0	0	0	0	0	0	0	0	0	404	0	0	0	0	0	0	0	0	0	0	0	0	0	0	0	6666	4080	2938	280	0	0	0	0	0	0	0	0	336	0	0	0	0	0	130	0	0	0	0	0	0	0	0	0	0	0	0	0	0	0	0	0	0	0	0	0	0	0	0	0	0	0	
73488	Olfactory_R	0	0	0	180	0	742	0	0	0	0	0	0	0	0	0	270	0	0	0	0	6474	0	0	424	0	576	3062	3630	0	1010	2070	2636	0	0	0	0	0	96	0	206	0	918	0	0	0	0	0	0	0	0	0	0	0	0	0	128	0	0	0	0	0	0	0	0	0	0	0	0	0	0	6906	5072	1646	698	0	0	0	0	0	0	0	0	0	0	0	0	0	0	0	0	0	0	0	0	0	0	0	0	0	0	0	0	0	0	0	0	0	0	0	0	0	0	0	0	0	0	
370400	Frontal_Sup_Medial_L	412	0	42378	9540	2622	560	13844	476	140	0	932	0	4948	1094	746	196	0	0	11536	1876	0	0	0	23946	1556	768	504	0	10522	238	24248	13098	6150	8348	100	0	0	0	0	0	0	0	0	0	0	0	0	0	0	0	0	0	0	0	0	0	0	0	0	0	0	0	0	0	0	0	0	0	0	0	604	614	2866	338	0	0	0	0	0	0	0	0	0	0	0	0	0	0	0	0	0	0	0	0	0	0	0	0	0	0	0	0	0	0	0	0	0	0	0	0	0	0	0	0	0	0	
385384	Frontal_Sup_Medial_R	0	152	3140	40130	0	5110	378	4078	0	0	0	916	0	8484	0	4090	0	230	4850	11630	0	424	23946	0	0	7722	0	1176	264	7446	5454	30794	984	15962	0	0	0	0	0	0	0	0	0	0	0	0	0	0	0	0	0	0	0	0	0	0	0	0	0	0	0	0	0	0	0	0	0	0	0	0	226	8540	0	6566	0	0	0	0	0	0	0	0	0	0	0	0	0	0	0	0	0	0	0	0	0	0	0	0	0	0	0	0	0	0	0	0	0	0	0	0	0	0	0	0	0	0	
14784	Frontal_Med_Orb_L	0	0	130	0	1568	0	0	0	0	0	0	0	0	0	0	0	0	0	0	0	0	0	1556	0	0	174	1300	0	274	0	2026	136	0	0	0	0	0	0	0	0	0	0	0	0	0	0	0	0	0	0	0	0	0	0	0	0	0	0	0	0	0	0	0	0	0	0	0	0	0	0	0	0	228	0	0	0	0	0	0	0	0	0	0	0	0	0	0	0	0	0	0	0	0	0	0	0	0	0	0	0	0	0	0	0	0	0	0	0	0	0	0	0	0	0	0	0	
89508	Frontal_Med_Orb_R	0	0	0	2358	0	9456	0	0	0	0	0	0	0	178	0	148	0	0	202	594	0	576	768	7722	174	0	0	6594	0	1070	412	6782	0	254	0	0	0	0	0	0	0	0	0	0	0	0	0	0	0	0	0	0	0	0	0	0	0	0	0	0	0	0	0	0	0	0	0	0	0	0	0	3642	0	3824	0	0	0	0	0	0	0	0	0	0	0	0	0	0	0	0	0	0	0	0	0	0	0	0	0	0	0	0	0	0	0	0	0	0	0	0	0	0	0	0	0	0	
46996	Rectus_L	0	0	0	0	3066	0	0	0	1504	0	0	0	0	0	392	0	0	0	0	0	3818	3062	504	0	1300	0	0	1636	428	0	2232	1068	0	0	0	0	0	0	0	0	0	0	0	0	0	0	0	0	0	0	0	0	0	0	0	0	0	0	0	0	0	0	0	0	0	0	0	0	0	0	3026	1184	188	0	0	0	0	0	0	0	0	0	90	0	0	0	0	0	0	0	0	0	0	0	0	0	0	0	0	0	0	0	0	0	0	0	0	0	0	0	0	0	0	0	0	0	
58484	Rectus_R	0	0	0	286	0	5488	0	0	0	0	0	0	0	0	0	500	0	0	0	0	1964	3630	0	1176	0	6594	1636	0	0	288	508	2566	0	0	0	0	0	0	0	0	0	90	0	0	0	0	0	0	0	0	0	0	0	0	0	0	0	0	0	0	0	0	0	0	0	0	0	0	0	0	1652	2372	104	388	0	0	0	0	0	0	0	0	0	0	0	0	0	0	0	0	0	0	0	0	0	0	0	0	0	0	0	0	0	0	0	0	0	0	0	0	0	0	0	0	0	0	
532852	Insula_L	9318	142	37824	354	8558	0	12684	242	1946	0	16946	0	24690	88	9270	0	14948	0	28328	306	2308	0	10522	264	274	0	428	0	0	0	8752	0	804	0	482	0	13172	0	2552	0	2488	0	0	0	0	0	0	0	0	0	164	0	120	0	2358	0	3574	0	0	0	1306	0	2778	0	454	0	332	0	134	0	2992	596	18674	118	0	0	480	0	8576	0	6036	0	5058	0	1118	0	0	0	3868	0	0	0	0	0	0	0	0	0	0	0	0	0	0	0	0	0	0	0	0	0	0	0	0	0	0	0	
338140	Insula_R	210	2252	428	17860	0	1114	250	3570	0	0	0	19698	0	16932	0	10510	0	17594	1920	10924	0	1010	238	7446	0	1070	0	288	0	0	118	4286	0	2500	0	182	0	4340	0	802	0	1644	0	460	0	0	0	126	0	0	0	0	0	0	0	1680	0	1038	0	0	0	0	0	0	0	0	0	482	0	106	1316	9336	0	18410	0	262	110	1226	0	1126	0	2962	0	1324	0	520	0	0	0	1400	0	0	0	0	0	0	0	0	0	0	0	0	0	0	0	0	0	0	0	0	0	0	0	0	0	0	
288264	Cingulum_Ant_L	1100	252	14262	6338	2270	174	3688	1216	176	0	1430	312	3666	198	444	0	168	128	7908	4600	2182	2070	24248	5454	2026	412	2232	508	8752	118	0	18632	6916	6482	454	0	0	0	0	0	0	0	0	0	0	0	0	0	0	0	0	0	0	0	0	0	714	88	0	0	194	0	0	0	0	0	0	0	0	100	5854	2922	4808	532	0	0	0	0	0	0	0	0	104	0	0	0	0	0	0	0	0	0	0	0	0	0	0	0	0	0	0	0	0	0	0	0	0	0	0	0	0	0	0	0	0	0	
422296	Cingulum_Ant_R	0	248	2056	29498	0	2136	520	5028	0	0	0	1480	0	4034	0	1338	0	428	7170	17766	2210	2636	13098	30794	136	6782	1068	2566	0	4286	18632	0	4760	21798	0	208	0	0	0	0	0	0	0	0	0	0	0	0	0	0	0	0	0	0	0	0	0	138	0	0	0	0	0	0	0	0	0	0	0	0	2408	17784	256	9886	0	0	0	0	0	0	0	0	0	0	0	0	0	0	0	0	0	0	0	0	0	0	0	0	0	0	0	0	0	0	0	0	0	0	0	0	0	0	0	0	0	0	
184792	Cingulum_Mid_L	372	296	3610	2908	0	0	1816	0	0	0	0	0	262	176	0	0	0	0	10834	8064	0	0	6150	984	0	0	0	0	804	0	6916	4760	0	15008	5122	1670	0	0	0	0	0	0	256	336	436	1104	0	298	266	2470	1276	436	130	0	0	0	430	382	0	0	122	178	0	348	92	432	3020	3454	5616	962	0	0	0	0	0	0	0	0	0	0	0	0	0	0	460	140	0	0	0	0	0	0	0	0	0	0	0	0	0	0	0	0	0	0	0	0	0	0	0	0	0	0	0	0	0	0	
539764	Cingulum_Mid_R	1876	3620	1330	20730	0	248	136	454	0	0	0	292	0	4370	0	1720	0	536	19920	53604	0	0	8348	15962	0	254	0	0	0	2500	6482	21798	15008	0	1530	12658	0	596	0	156	0	0	0	1830	0	4154	0	1876	0	5900	0	1792	0	0	0	768	0	5974	0	678	0	2014	0	2146	0	1430	698	15578	5060	19632	1438	414	0	1256	100	108	746	0	0	0	0	134	0	0	0	1024	0	0	0	906	0	0	0	0	0	0	0	0	0	0	0	0	0	0	0	0	0	0	0	0	98	0	0	0	0	0	
142156	Cingulum_Post_L	8680	668	306	0	0	0	384	0	0	0	0	0	0	0	0	0	0	0	908	1418	0	0	100	0	0	0	0	0	482	0	454	0	5122	1530	0	6588	6132	3200	628	418	0	0	1618	0	730	184	722	0	0	92	0	0	0	0	234	0	528	0	0	0	0	0	0	0	0	0	7186	926	8442	922	830	154	0	0	228	0	6544	3024	896	0	300	0	0	0	0	0	0	0	500	0	0	0	0	0	0	0	0	0	0	0	0	0	0	0	0	0	0	0	0	0	0	0	0	0	0	0	
175252	Cingulum_Post_R	1594	3044	0	410	0	0	286	0	0	0	0	0	0	0	0	0	0	0	946	9200	0	0	0	0	0	0	0	0	0	182	0	208	1670	12658	6588	0	498	9032	0	1842	0	0	0	460	106	162	0	1140	0	0	0	0	0	0	0	422	0	1520	0	0	0	0	0	0	0	0	432	9282	748	7516	1246	238	0	0	294	0	8550	6226	0	166	0	260	0	0	0	0	0	0	0	206	0	0	0	0	0	0	0	0	0	0	0	0	0	0	0	0	0	0	0	0	494	0	0	0	0	0	
228224	Hippocampus_L	7840	236	1324	120	188	0	1540	0	0	0	256	0	222	0	444	0	1124	0	2164	0	536	0	0	0	0	0	0	0	13172	0	0	0	0	0	6132	498	0	822	12082	158	6238	0	1996	0	0	0	3928	0	0	0	0	0	186	0	15404	0	314	0	0	0	100	0	94	0	0	0	5368	0	692	0	368	0	5310	408	300	0	3558	288	3160	0	2886	0	880	0	1898	0	0	0	11778	0	100	0	0	0	0	0	0	0	0	0	0	0	0	0	0	0	0	0	0	0	0	0	0	0	0	0	
321736	Hippocampus_R	1200	6094	0	558	0	0	124	166	0	0	0	1034	0	0	0	0	0	1380	0	1402	0	96	0	0	0	0	0	0	0	4340	0	0	0	596	3200	9032	822	0	356	23180	0	8004	0	5066	0	498	0	5224	0	346	0	170	0	964	0	34042	0	646	0	0	0	0	0	512	0	0	0	8546	204	1696	196	324	168	9572	0	626	5432	6800	0	562	0	1036	0	380	0	786	0	0	154	14236	0	0	0	0	0	0	0	562	0	250	0	0	0	0	0	0	0	0	0	0	286	0	0	0	0	0	
73552	ParaHippocampal_L	272	0	150	154	0	0	112	0	0	0	92	0	0	0	0	0	726	0	206	0	338	0	0	0	0	0	0	0	2552	0	0	0	0	0	628	0	12082	356	0	0	1468	0	438	0	0	0	3152	0	0	0	0	0	0	0	6638	0	108	0	0	0	0	0	0	0	0	0	1040	0	0	0	0	0	908	474	0	0	212	284	88	0	366	0	238	0	304	0	298	0	2192	0	0	0	0	0	106	0	464	0	136	0	0	0	0	0	0	0	0	0	0	194	0	0	0	0	0	0	
139396	ParaHippocampal_R	272	1596	0	154	0	0	0	0	0	0	0	152	0	0	0	0	0	96	0	702	0	206	0	0	0	0	0	0	0	802	0	0	0	156	418	1842	158	23180	0	0	0	5790	0	628	0	0	0	3242	0	0	0	0	0	588	0	17098	0	128	0	0	0	0	0	0	0	0	0	2504	0	768	0	0	0	2622	0	550	880	1494	0	102	0	302	0	784	0	0	0	0	0	978	0	0	0	0	0	0	0	1392	0	114	0	0	0	0	0	0	0	0	0	0	0	0	0	0	0	0	
35288	Amygdala_L	0	0	0	0	236	0	0	0	0	0	0	0	0	0	448	0	0	0	0	0	1168	0	0	0	0	0	0	0	2488	0	0	0	0	0	0	0	6238	0	1468	0	0	0	0	0	0	0	0	0	0	0	0	0	0	0	3156	0	0	0	0	0	0	0	0	0	0	0	0	0	0	0	196	0	478	0	0	0	88	0	0	0	0	0	324	0	0	0	0	0	1356	0	0	0	0	0	0	0	0	0	0	0	0	0	0	0	0	0	0	0	0	0	0	0	0	0	0	0	
53988	Amygdala_R	0	0	0	92	0	0	0	0	0	0	0	0	0	0	0	0	0	0	0	0	0	918	0	0	0	0	0	90	0	1644	0	0	0	0	0	0	0	8004	0	5790	0	0	0	0	0	0	0	0	0	0	0	0	0	0	0	6758	0	0	0	0	0	0	0	0	0	0	0	0	0	0	0	0	0	1134	0	0	0	0	0	0	0	0	0	2030	0	0	0	0	0	534	0	0	0	0	0	0	0	0	0	0	0	0	0	0	0	0	0	0	0	0	0	0	0	0	0	0	
208840	Calcarine_L	374	0	0	0	0	0	0	0	0	0	0	0	0	0	0	0	102	0	0	0	0	0	0	0	0	0	0	0	0	0	0	0	256	0	1618	0	1996	0	438	0	0	0	0	3118	9184	1720	7332	1314	10608	380	24116	0	11154	0	5198	0	986	0	4042	0	456	0	0	0	0	0	14510	0	222	0	0	0	0	0	0	0	0	0	298	0	0	0	0	0	3170	0	0	0	1828	0	0	0	0	0	0	0	0	0	0	0	0	0	0	0	0	0	0	0	0	0	0	0	0	0	0	0	
305044	Calcarine_R	0	470	0	0	0	0	0	0	0	0	0	100	0	0	0	0	0	144	0	466	0	0	0	0	0	0	0	0	0	460	0	0	336	1830	0	460	0	5066	0	628	0	0	3118	0	2516	28878	758	23048	0	23962	0	12844	0	3634	0	11896	0	144	0	966	0	0	0	0	0	0	532	16678	0	710	0	0	0	0	0	0	0	376	0	0	0	0	0	0	0	3340	0	0	0	8812	0	0	0	0	0	0	0	0	0	350	0	0	0	0	0	0	0	0	0	0	0	0	0	0	0	0	
117452	Cuneus_L	134	0	0	0	0	0	0	0	0	0	0	0	0	0	0	0	102	0	0	0	0	0	0	0	0	0	0	0	0	0	0	0	436	0	730	106	0	0	0	0	0	0	9184	2516	0	3090	2014	728	14162	196	10772	104	4994	0	192	0	292	0	286	0	632	0	0	0	338	0	6092	870	0	0	0	0	0	0	0	0	0	0	0	0	0	0	0	0	602	0	0	0	154	0	0	0	0	0	0	0	0	0	0	0	0	0	0	0	0	0	0	0	0	0	0	0	0	0	0	0	
313056	Cuneus_R	0	926	0	0	0	0	0	0	0	0	0	0	0	0	0	0	0	0	0	1196	0	0	0	0	0	0	0	0	0	0	0	0	1104	4154	184	162	0	498	0	0	0	0	1720	28878	3090	0	110	7570	0	40486	0	14538	0	1516	0	2486	0	1184	0	4104	0	1014	0	1486	0	3624	2598	25908	0	2032	0	0	0	0	0	0	0	0	0	0	0	0	0	0	0	3900	0	0	0	2060	0	0	0	0	0	0	0	0	0	0	0	0	0	0	0	0	0	0	0	0	0	0	0	0	0	0	
208184	Lingual_L	142	0	0	0	0	0	0	0	0	0	0	0	0	0	0	0	0	0	0	0	0	0	0	0	0	0	0	0	0	0	0	0	0	0	722	0	3928	0	3152	0	0	0	7332	758	2014	110	0	920	2880	0	15252	0	11534	0	17818	210	150	0	0	0	0	0	0	0	0	0	2964	0	116	0	0	0	0	0	0	0	296	0	152	0	0	0	0	0	88	0	0	0	902	0	7670	1060	310	404	0	0	7362	394	10462	1272	110	0	132	0	0	0	0	0	0	162	1424	1354	536	0	0	0	
235396	Lingual_R	0	0	0	0	0	0	0	0	0	0	0	0	0	0	0	0	0	0	0	534	0	0	0	0	0	0	0	0	0	126	0	0	298	1876	0	1140	0	5224	0	3242	0	0	1314	23048	728	7570	920	0	0	8726	0	4374	0	4854	0	18220	0	148	0	0	0	0	0	0	0	0	0	9714	0	706	0	0	0	0	0	0	0	268	0	0	0	0	0	0	0	318	0	0	0	3666	1080	3954	166	206	88	236	904	2336	1176	5396	0	0	0	0	0	0	0	0	0	0	1714	3066	362	0	0	0	
224128	Occipital_Sup_L	138	0	0	0	0	0	0	0	0	0	0	0	0	0	0	0	0	0	0	0	0	0	0	0	0	0	0	0	0	0	0	0	266	0	0	0	0	0	0	0	0	0	10608	0	14162	0	2880	0	0	0	36482	0	4672	0	116	0	1858	0	15222	0	6822	0	0	0	2480	0	11266	98	0	0	0	0	0	0	0	0	0	0	0	0	228	0	0	0	4460	0	0	0	306	0	0	0	0	0	0	0	0	0	0	0	0	0	0	0	0	0	0	0	0	0	0	0	0	0	0	0	
357296	Occipital_Sup_R	0	1884	0	0	0	0	0	0	0	0	0	0	0	0	0	0	0	0	0	2826	0	0	0	0	0	0	0	0	0	0	0	0	2470	5900	92	0	0	346	0	0	0	0	380	23962	196	40486	0	8726	0	0	0	25192	0	2474	0	3006	0	2786	0	8198	0	2290	0	2810	0	6058	886	25684	0	4688	0	0	0	0	0	0	0	0	0	0	0	114	0	0	0	5000	0	0	0	2082	0	0	0	0	0	0	0	0	0	112	0	0	0	0	0	0	0	0	0	0	0	0	0	0	0	0	
426284	Occipital_Mid_L	1684	0	204	0	0	0	0	0	0	0	150	0	0	0	0	0	476	0	204	0	0	0	0	0	0	0	0	0	164	0	0	0	1276	0	0	0	0	0	0	0	0	0	24116	0	10772	0	15252	0	36482	0	0	0	27992	0	7154	0	6060	0	13102	0	12482	0	1378	0	12314	0	12040	0	224	0	0	0	0	0	0	0	0	0	1058	0	1128	0	0	0	21882	0	0	0	5334	0	104	0	0	0	0	0	0	0	110	0	0	0	0	0	0	0	0	0	0	0	0	0	0	0	0	0	
227312	Occipital_Mid_R	0	540	0	0	0	0	0	0	0	0	0	0	0	0	0	0	0	0	0	888	0	0	0	0	0	0	0	0	0	0	0	0	436	1792	0	0	0	170	0	0	0	0	0	12844	104	14538	0	4374	0	25192	0	0	0	3178	0	2302	0	678	0	2700	0	4594	0	1998	0	12844	356	9450	0	1342	0	0	0	0	0	0	0	0	0	0	0	1014	0	0	0	11306	0	0	0	1016	0	0	0	0	0	0	0	0	0	0	0	0	0	0	0	0	0	0	0	0	0	0	0	0	0	0	
217208	Occipital_Inf_L	1920	0	0	0	0	0	0	0	0	0	0	0	0	0	0	0	458	0	0	0	0	0	0	0	0	0	0	0	120	0	0	0	130	0	0	0	186	0	0	0	0	0	11154	0	4994	0	11534	0	4672	0	27992	0	0	0	18532	0	1178	0	0	0	1198	0	2070	0	0	0	2872	0	978	0	0	0	0	0	0	0	0	0	1832	0	456	0	0	0	9074	0	0	0	6574	0	316	0	0	0	0	0	0	0	364	0	0	0	0	0	0	0	0	0	0	0	0	0	0	0	0	0	
60864	Occipital_Inf_R	0	140	0	0	0	0	0	0	0	0	0	0	0	0	0	0	0	0	0	0	0	0	0	0	0	0	0	0	0	0	0	0	0	0	0	0	0	964	0	588	0	0	0	3634	0	1516	0	4854	0	2474	0	3178	0	0	0	6556	0	0	0	0	0	0	0	0	0	0	0	728	0	0	0	0	0	0	0	0	0	90	0	0	0	0	0	0	0	946	0	0	0	4544	0	104	0	0	0	0	0	0	0	116	0	0	0	0	0	0	0	0	0	0	0	0	0	0	0	0	
333132	Fusiform_L	1496	0	0	0	0	0	0	0	0	0	0	0	0	0	100	0	488	0	196	0	404	0	0	0	0	0	0	0	2358	0	0	0	0	0	234	0	15404	0	6638	0	3156	0	5198	0	192	0	17818	0	116	0	7154	0	18532	0	0	0	452	0	0	0	1048	0	1936	0	0	0	3158	0	830	0	0	0	388	0	0	0	560	0	2186	0	1598	0	708	0	4494	0	342	0	16008	0	17924	394	1332	318	340	0	8630	94	20864	452	444	0	450	0	0	0	0	0	0	0	830	912	390	0	0	0	
452772	Fusiform_R	0	3100	0	108	0	0	0	0	0	0	0	414	0	0	0	0	0	658	0	1620	0	128	0	0	0	0	0	0	0	1680	0	0	0	768	0	422	0	34042	0	17098	0	6758	0	11896	0	2486	210	18220	0	3006	0	2302	0	6556	0	0	0	466	0	0	0	0	0	546	0	0	0	8118	0	2144	0	210	0	3460	0	568	154	1668	0	218	0	486	0	4752	0	1814	0	504	0	28264	694	20418	208	2250	0	724	270	7198	796	22874	0	144	90	1270	0	0	0	0	0	0	1142	2802	662	0	0	0	
282508	Postcentral_L	27724	150	3994	0	0	0	1380	100	0	0	7608	96	1412	0	0	0	8554	0	4952	0	0	0	0	0	0	0	0	0	3574	0	714	0	430	0	528	0	314	0	108	0	0	0	986	0	292	0	150	0	1858	0	6060	0	1178	0	452	0	0	0	7648	0	24494	0	9686	0	1748	0	5478	0	2878	0	4820	86	326	0	0	0	646	0	2590	0	3350	0	0	0	3328	0	0	0	1562	0	0	0	0	0	0	0	0	0	0	0	0	0	0	0	0	0	0	0	0	0	0	0	0	0	0	0	
215056	Postcentral_R	150	19874	270	1214	0	0	516	884	0	0	0	3486	0	394	0	0	0	4090	182	7354	0	0	0	0	0	0	0	0	0	1038	88	138	382	5974	0	1520	0	646	0	128	0	0	0	144	0	1184	0	148	0	2786	0	678	0	0	0	466	0	0	0	7836	0	8566	0	11260	0	1160	120	6588	0	11254	722	3136	0	966	0	364	0	252	0	0	0	248	0	0	0	706	0	0	0	616	0	0	0	0	0	0	0	0	0	0	0	0	0	0	0	0	0	0	0	0	0	0	0	0	0	0	
138588	Parietal_Sup_L	120	0	0	0	0	0	0	0	0	0	0	0	0	0	0	0	124	0	0	0	0	0	0	0	0	0	0	0	0	0	0	0	0	0	0	0	0	0	0	0	0	0	4042	0	286	0	0	0	15222	0	13102	0	0	0	0	0	7648	0	0	0	12584	0	0	0	1822	0	11306	94	852	0	0	0	0	0	0	0	0	0	0	0	206	0	0	0	1736	0	0	0	150	0	0	0	0	0	0	0	0	0	0	0	0	0	0	0	0	0	0	0	0	0	0	0	0	0	0	0	
95496	Parietal_Sup_R	0	744	0	0	0	0	0	0	0	0	0	0	0	0	0	0	0	0	0	646	0	0	0	0	0	0	0	0	0	0	0	0	0	678	0	0	0	0	0	0	0	0	0	966	0	4104	0	0	0	8198	0	2700	0	0	0	0	0	7836	0	0	0	6782	0	3922	0	1536	0	7538	0	1356	0	0	0	0	0	0	0	0	0	0	0	0	0	0	0	592	0	0	0	150	0	0	0	0	0	0	0	0	0	0	0	0	0	0	0	0	0	0	0	0	0	0	0	0	0	0	
290384	Parietal_Inf_L	9010	0	2716	112	0	0	1586	108	0	0	2424	0	0	0	0	0	696	0	2612	94	0	0	0	0	0	0	0	0	1306	0	194	0	122	0	0	0	100	0	0	0	0	0	456	0	632	0	0	0	6822	0	12482	0	1198	0	1048	0	24494	0	12584	0	0	0	20410	0	21860	0	1734	0	854	0	3246	0	90	0	0	0	0	0	434	0	3864	0	0	0	9300	0	0	0	2604	0	0	0	0	0	0	0	0	0	0	0	0	0	0	0	0	0	0	0	0	0	0	0	0	0	0	0	
125892	Parietal_Inf_R	0	3122	0	0	0	0	0	0	0	0	0	0	0	0	0	0	0	0	0	2038	0	0	0	0	0	0	0	0	0	0	0	0	178	2014	0	0	0	0	0	0	0	0	0	0	0	1014	0	0	0	2290	0	4594	0	0	0	0	0	8566	0	6782	0	0	0	15684	0	9298	98	2002	0	3398	0	0	0	0	0	0	0	0	0	0	0	292	0	0	0	866	0	0	0	710	0	0	0	0	0	0	0	0	0	0	0	0	0	0	0	0	0	0	0	0	0	0	0	0	0	0	
152068	SupraMarginal_L	4014	0	2128	0	0	0	688	0	0	0	1536	0	0	0	0	0	2558	0	2992	0	0	0	0	0	0	0	0	0	2778	0	0	0	0	0	0	0	94	0	0	0	0	0	0	0	0	0	0	0	0	0	1378	0	2070	0	1936	0	9686	0	0	0	20410	0	0	0	4792	0	108	0	118	0	3470	0	96	0	0	0	0	0	736	0	5126	0	0	0	7274	0	0	0	2046	0	0	0	0	0	0	0	0	0	0	0	0	0	0	0	0	0	0	0	0	0	0	0	0	0	0	0	
165104	SupraMarginal_R	0	4438	0	0	0	0	0	0	0	0	0	0	0	0	0	0	0	1204	0	2186	0	0	0	0	0	0	0	0	0	0	0	0	348	2146	0	0	0	512	0	0	0	0	0	0	0	1486	0	0	0	2810	0	1998	0	0	0	546	0	11260	0	3922	0	15684	0	0	0	13102	138	2806	0	3556	94	220	0	0	0	0	0	0	0	0	0	3416	0	0	0	7094	0	0	0	3586	0	0	0	0	0	0	0	0	0	0	0	0	0	0	0	0	0	0	0	0	0	0	0	0	0	0	
129888	Angular_L	1578	0	414	0	0	0	138	0	0	0	416	0	0	0	0	0	0	0	428	0	0	0	0	0	0	0	0	0	454	0	0	0	92	0	0	0	0	0	0	0	0	0	0	0	338	0	0	0	2480	0	12314	0	0	0	0	0	1748	0	1822	0	21860	0	4792	0	0	0	846	0	218	0	458	0	0	0	0	0	0	0	110	0	2218	0	0	0	9682	0	0	0	2538	0	0	0	0	0	0	0	0	0	0	0	0	0	0	0	0	0	0	0	0	0	0	0	0	0	0	0	
147804	Angular_R	0	478	0	0	0	0	0	0	0	0	0	0	0	0	0	0	0	110	0	854	0	0	0	0	0	0	0	0	0	0	0	0	432	1430	0	0	0	0	0	0	0	0	0	0	0	3624	0	0	0	6058	0	12844	0	0	0	0	0	1160	0	1536	0	9298	0	13102	0	0	240	5156	0	1446	0	0	0	0	0	0	0	0	0	0	0	3122	0	0	0	9998	0	0	0	3014	0	0	0	0	0	0	0	0	0	0	0	0	0	0	0	0	0	0	0	0	0	0	0	0	0	0	
232216	Precuneus_L	2990	100	142	0	0	0	94	0	0	0	0	0	0	0	0	0	666	0	94	212	0	0	0	0	0	0	0	0	332	0	0	0	3020	698	7186	432	5368	0	1040	0	0	0	14510	532	6092	2598	2964	0	11266	886	12040	356	2872	0	3158	0	5478	120	11306	0	1734	98	108	138	846	240	0	4018	5694	212	0	0	0	0	0	0	340	0	886	0	770	0	0	0	3052	178	0	0	1100	142	0	0	0	0	0	0	0	0	0	0	0	0	0	0	0	0	0	0	0	0	0	0	0	0	0	0	
410188	Precuneus_R	0	3620	0	0	0	0	0	0	0	0	0	108	0	0	0	0	0	238	0	6524	0	0	0	0	0	0	0	0	0	482	0	0	3454	15578	926	9282	0	8546	0	2504	0	0	0	16678	870	25908	0	9714	98	25684	0	9450	0	728	0	8118	0	6588	94	7538	0	2002	0	2806	0	5156	4018	0	340	10550	134	0	0	0	0	0	448	458	0	0	0	306	0	0	0	6054	0	0	0	9310	0	0	0	0	0	0	0	0	0	0	0	0	0	0	0	0	0	0	0	0	782	0	0	0	0	0	
207640	Paracentral_Lobule_L	23384	2432	2182	3152	0	0	244	0	0	0	0	0	0	0	0	0	518	0	13414	9024	0	0	0	0	0	0	0	0	134	0	0	0	5616	5060	8442	748	692	204	0	0	0	0	222	0	0	0	116	0	0	0	224	0	978	0	830	0	2878	0	852	0	854	0	118	0	218	0	5694	340	0	2272	1028	0	1802	0	2994	0	5486	366	340	0	558	0	0	0	148	0	0	0	256	0	0	0	0	0	0	0	0	0	0	0	0	0	0	0	0	0	0	0	0	0	0	0	0	0	0	0	
255408	Paracentral_Lobule_R	1196	11298	0	274	0	0	0	0	0	0	0	0	0	0	0	0	0	450	338	28106	0	0	0	0	0	0	0	0	0	106	100	0	962	19632	922	7516	0	1696	0	768	0	0	0	710	0	2032	0	706	0	4688	0	1342	0	0	0	2144	0	11254	0	1356	0	3398	0	3556	0	1446	212	10550	2272	0	2810	184	0	462	180	100	1592	104	0	0	0	208	0	0	0	1258	0	0	0	1776	0	0	0	0	0	0	0	0	0	0	0	0	0	0	0	0	0	0	0	0	0	0	0	0	0	0	
320860	Caudate_L	14658	2990	5896	2528	0	0	10640	1756	0	0	3472	1496	362	690	0	124	3556	734	10604	5098	6666	6906	604	226	0	0	3026	1652	2992	1316	5854	2408	0	1438	830	1246	368	196	0	0	196	0	0	0	0	0	0	0	0	0	0	0	0	0	0	0	4820	722	0	0	3246	0	3470	94	458	0	0	134	1028	2810	0	11946	11630	1786	2248	170	11910	1086	824	0	866	0	0	0	496	0	0	0	158	0	0	0	0	0	0	0	0	0	0	0	0	0	0	0	0	0	0	0	0	0	0	0	0	0	0	0	
422756	Caudate_R	712	8282	1714	29780	0	1468	1050	4930	0	0	154	9234	96	5304	0	3050	0	8726	3188	23424	4080	5072	614	8540	0	3642	1184	2372	596	9336	2922	17784	0	414	154	238	0	324	0	0	0	0	0	0	0	0	0	0	0	0	0	0	0	0	0	210	86	3136	0	0	0	0	0	220	0	0	0	0	0	184	11946	0	2976	15784	108	2142	1110	14316	0	0	0	344	0	284	0	0	0	0	0	148	0	0	0	0	0	0	0	0	0	0	0	0	0	0	0	0	0	0	0	0	0	0	0	0	0	0	
252160	Putamen_L	6628	734	12084	410	4074	0	3442	0	660	0	1694	0	2760	0	4030	0	414	0	19102	336	2938	1646	2866	0	228	0	188	104	18674	0	4808	256	0	0	0	0	5310	168	908	0	478	0	0	0	0	0	0	0	0	0	0	0	0	0	388	0	326	0	0	0	90	0	96	0	0	0	0	0	1802	0	11630	2976	0	1222	6864	0	1172	120	116	0	1406	0	1998	0	198	0	0	0	736	0	0	0	0	0	0	0	0	0	0	0	0	0	0	0	0	0	0	0	0	0	0	0	0	0	0	0	
234988	Putamen_R	92	1794	122	7390	0	1470	124	784	0	0	0	6234	0	816	0	814	0	5614	1616	4712	280	698	338	6566	0	3824	0	388	118	18410	532	9886	0	1256	0	0	408	9572	474	2622	0	1134	0	0	0	0	0	0	0	0	0	0	0	0	0	3460	0	966	0	0	0	0	0	0	0	0	0	0	0	462	1786	15784	1222	0	0	2242	0	1322	0	0	0	228	0	0	0	104	0	0	158	1438	0	0	0	0	0	0	0	100	0	134	0	0	0	0	0	0	0	0	0	0	0	0	0	0	0	0	
57144	Pallidum_L	3644	532	2498	158	0	0	540	0	0	0	0	0	0	0	0	0	0	0	4802	250	0	0	0	0	0	0	0	0	0	0	0	0	0	100	228	294	300	0	0	0	0	0	0	0	0	0	0	0	0	0	0	0	0	0	0	0	0	0	0	0	0	0	0	0	0	0	0	0	2994	180	2248	108	6864	0	0	0	2730	102	0	0	0	0	0	0	0	0	0	0	0	0	0	0	0	0	0	0	0	0	0	0	0	0	0	0	0	0	0	0	0	0	0	0	0	0	0	0	
23464	Pallidum_R	0	216	0	1016	0	0	0	242	0	0	0	718	0	0	0	0	0	1292	0	1116	0	0	0	0	0	0	0	0	0	262	0	0	0	108	0	0	0	626	0	550	0	0	0	0	0	0	0	0	0	0	0	0	0	0	0	568	0	364	0	0	0	0	0	0	0	0	0	0	0	100	170	2142	0	2242	0	0	0	0	0	0	0	0	0	0	0	0	0	0	0	0	0	0	0	0	0	0	0	0	0	0	0	0	0	0	0	0	0	0	0	0	0	0	0	0	0	0	
202684	Thalamus_L	18310	2388	622	478	0	0	3448	0	0	0	0	0	0	0	0	0	0	0	2794	2152	0	0	0	0	0	0	0	0	480	110	0	0	0	746	6544	8550	3558	5432	212	880	88	0	0	0	0	0	296	0	0	0	0	0	0	0	560	154	646	0	0	0	0	0	0	0	0	0	340	448	5486	1592	11910	1110	1172	0	2730	0	0	15694	1170	86	226	148	0	0	0	0	0	0	626	156	0	0	0	0	0	0	0	0	0	0	0	0	0	0	0	0	0	0	0	0	0	0	0	0	0	0	
169788	Thalamus_R	952	11348	154	10596	0	0	314	388	0	0	0	414	0	0	0	0	0	442	284	1382	0	0	0	0	0	0	0	0	0	1226	0	0	0	0	3024	6226	288	6800	284	1494	0	0	0	376	0	0	0	268	0	0	0	0	0	90	0	1668	0	252	0	0	0	0	0	0	0	0	0	458	366	104	1086	14316	120	1322	102	0	15694	0	0	346	0	910	0	0	0	0	0	0	110	1690	0	0	0	0	0	0	0	0	0	0	0	0	0	0	0	0	0	0	0	0	0	0	0	0	0	0	
101032	Heschl_L	6032	0	1528	0	0	0	1168	0	0	0	1104	0	0	0	0	0	4538	0	1244	0	0	0	0	0	0	0	0	0	8576	0	0	0	0	0	896	0	3160	0	88	0	0	0	298	0	0	0	152	0	0	0	1058	0	1832	0	2186	0	2590	0	0	0	434	0	736	0	110	0	886	0	340	0	824	0	116	0	0	0	1170	0	0	0	3918	0	0	0	3610	0	0	0	1922	0	0	0	0	0	0	0	0	0	0	0	0	0	0	0	0	0	0	0	0	0	0	0	0	0	0	0	
13116	Heschl_R	0	298	0	0	0	0	0	0	0	0	0	0	0	0	0	0	0	616	0	0	0	0	0	0	0	0	0	0	0	1126	0	0	0	0	0	166	0	562	0	102	0	0	0	0	0	0	0	0	0	0	0	0	0	0	0	218	0	0	0	0	0	0	0	0	0	0	0	0	0	0	0	0	0	0	0	0	86	346	0	0	0	2054	0	0	0	782	0	0	0	202	0	0	0	0	0	0	0	0	0	0	0	0	0	0	0	0	0	0	0	0	0	0	0	0	0	0	
177024	Temporal_Sup_L	2380	0	2050	0	0	0	194	0	0	0	1016	0	100	0	0	0	6982	0	3520	0	0	0	0	0	0	0	0	0	6036	0	0	0	0	0	300	0	2886	0	366	0	0	0	0	0	0	0	0	0	228	0	1128	0	456	0	1598	0	3350	0	206	0	3864	0	5126	0	2218	0	770	0	558	0	866	0	1406	0	0	0	226	0	3918	0	0	0	3402	0	23768	0	0	0	9594	0	0	0	0	0	0	0	0	0	0	0	0	0	0	0	0	0	0	0	0	0	0	0	0	0	0	0	
73048	Temporal_Sup_R	0	280	0	182	0	0	0	0	0	0	0	382	0	0	0	0	0	1554	0	290	0	0	0	0	0	0	0	0	0	2962	0	0	0	134	0	260	0	1036	0	302	0	0	0	0	0	0	0	0	0	114	0	1014	0	0	0	486	0	248	0	0	0	292	0	3416	0	3122	0	306	0	208	0	344	0	228	0	0	148	910	0	2054	0	0	0	2886	0	10802	0	160	0	2404	0	0	0	0	0	0	0	0	0	0	0	0	0	0	0	0	0	0	0	0	0	0	0	0	0	0	
64956	Temporal_Pole_Sup_L	0	0	1264	0	574	0	0	0	140	0	1492	0	448	0	1398	0	584	0	1416	0	336	0	0	0	0	0	90	0	5058	0	104	0	0	0	0	0	880	0	238	0	324	0	0	0	0	0	0	0	0	0	0	0	0	0	708	0	0	0	0	0	0	0	0	0	0	0	0	0	0	0	0	0	1998	0	0	0	0	0	0	0	3402	0	0	0	5784	0	1146	0	5094	0	0	0	0	0	0	0	0	0	0	0	0	0	0	0	0	0	0	0	0	0	0	0	0	0	0	0	
52728	Temporal_Pole_Sup_R	0	0	0	418	0	0	0	0	0	0	0	638	0	0	0	0	0	650	0	398	0	0	0	0	0	0	0	0	0	1324	0	0	0	0	0	0	0	380	0	784	0	2030	0	0	0	0	0	0	0	0	0	0	0	0	0	4752	0	0	0	0	0	0	0	0	0	0	0	0	0	0	0	284	0	0	0	0	0	0	0	0	0	2886	0	0	0	2880	0	3032	0	5908	0	0	0	0	0	0	0	0	0	0	0	0	0	0	0	0	0	0	0	0	0	0	0	0	0	0	
306428	Temporal_Mid_L	1856	0	510	0	0	0	182	0	0	0	210	0	0	0	0	0	652	0	568	0	0	0	0	0	0	0	0	0	1118	0	0	0	460	0	0	0	1898	0	304	0	0	0	3170	0	602	0	88	0	4460	0	21882	0	9074	0	4494	0	3328	0	1736	0	9300	0	7274	0	9682	0	3052	0	148	0	496	0	198	0	0	0	0	0	3610	0	23768	0	5784	0	0	0	1700	0	31610	0	0	0	0	0	0	0	0	0	0	0	0	0	0	0	0	0	0	0	0	0	0	0	0	0	0	0	
189168	Temporal_Mid_R	0	1188	0	0	0	0	0	0	0	0	0	0	0	0	0	0	0	0	0	562	0	0	0	0	0	0	0	0	0	520	0	0	140	1024	0	0	0	786	0	0	0	0	0	3340	0	3900	0	318	0	5000	0	11306	0	946	0	1814	0	706	0	592	0	866	0	7094	0	9998	178	6054	0	1258	0	0	0	104	0	0	0	0	0	782	0	10802	0	2880	0	0	0	672	0	21754	0	0	0	0	0	0	0	0	0	0	0	0	0	0	0	0	0	0	0	0	0	0	0	0	0	0	
9612	Temporal_Pole_Mid_L	0	0	0	0	0	0	0	0	0	0	0	0	0	0	0	0	0	0	0	0	0	0	0	0	0	0	0	0	0	0	0	0	0	0	0	0	0	0	298	0	0	0	0	0	0	0	0	0	0	0	0	0	0	0	342	0	0	0	0	0	0	0	0	0	0	0	0	0	0	0	0	0	0	0	0	0	0	0	0	0	0	0	1146	0	1700	0	0	0	1320	0	0	0	0	0	0	0	0	0	0	0	0	0	0	0	0	0	0	0	0	0	0	0	0	0	0	0	
12388	Temporal_Pole_Mid_R	0	0	0	0	0	0	0	0	0	0	0	0	0	0	0	0	0	0	0	0	0	0	0	0	0	0	0	0	0	0	0	0	0	0	0	0	0	0	0	0	0	0	0	0	0	0	0	0	0	0	0	0	0	0	0	504	0	0	0	0	0	0	0	0	0	0	0	0	0	0	0	0	0	0	0	0	0	0	0	0	0	160	0	3032	0	672	0	0	0	1826	0	0	0	0	0	0	0	0	0	0	0	0	0	0	0	0	0	0	0	0	0	0	0	0	0	0	
236896	Temporal_Inf_L	470	0	198	0	0	0	0	0	0	0	88	0	0	0	146	0	982	0	556	0	130	0	0	0	0	0	0	0	3868	0	0	0	0	0	500	0	11778	154	2192	0	1356	0	1828	0	154	0	902	0	306	0	5334	0	6574	0	16008	0	1562	0	150	0	2604	0	2046	0	2538	0	1100	0	256	0	158	0	736	158	0	0	626	110	1922	0	9594	0	5094	0	31610	0	1320	0	0	0	1796	0	568	0	0	0	0	0	184	0	442	0	350	0	0	0	0	0	0	0	0	0	0	0	0	0	
270616	Temporal_Inf_R	0	1858	0	0	0	0	0	0	0	0	0	334	0	0	0	0	0	510	0	944	0	0	0	0	0	0	0	0	0	1400	0	0	0	906	0	206	0	14236	0	978	0	534	0	8812	0	2060	0	3666	0	2082	0	1016	0	4544	0	28264	0	616	0	150	0	710	0	3586	0	3014	142	9310	0	1776	0	148	0	1438	0	0	156	1690	0	202	0	2404	0	5908	0	21754	0	1826	0	0	0	5516	0	768	0	0	0	0	0	664	0	532	0	648	0	0	0	0	0	0	0	0	0	0	0	0	
526916	Cerebelum_Crus1_L	0	0	0	0	0	0	0	0	0	0	0	0	0	0	0	0	0	0	0	0	0	0	0	0	0	0	0	0	0	0	0	0	0	0	0	0	100	0	0	0	0	0	0	0	0	0	7670	1080	0	0	104	0	316	0	17924	694	0	0	0	0	0	0	0	0	0	0	0	0	0	0	0	0	0	0	0	0	0	0	0	0	0	0	0	0	0	0	0	0	1796	0	0	8182	44108	9330	1314	192	25620	1684	63914	8874	17232	2826	17504	7238	1320	246	0	0	164	154	1402	7442	14120	602	220	86	
480372	Cerebelum_Crus1_R	0	0	0	0	0	0	0	0	0	0	0	0	0	0	0	0	0	0	0	0	0	0	0	0	0	0	0	0	0	0	0	0	0	0	0	0	0	0	0	0	0	0	0	0	0	0	1060	3954	0	0	0	0	0	104	394	20418	0	0	0	0	0	0	0	0	0	0	0	0	0	0	0	0	0	0	0	0	0	0	0	0	0	0	0	0	0	0	0	0	0	5516	8182	0	6000	40234	312	1688	3158	18492	6888	58762	1190	10680	1062	20760	262	596	0	0	0	508	9480	9612	10478	304	92	0	
403456	Cerebelum_Crus2_L	0	0	0	0	0	0	0	0	0	0	0	0	0	0	0	0	0	0	0	0	0	0	0	0	0	0	0	0	0	0	0	0	0	0	0	0	0	0	0	0	0	0	0	0	0	0	310	166	0	0	0	0	0	0	1332	208	0	0	0	0	0	0	0	0	0	0	0	0	0	0	0	0	0	0	0	0	0	0	0	0	0	0	0	0	0	0	0	0	568	0	44108	6000	0	14454	242	0	2510	1198	12372	4710	39068	8040	31322	8892	3062	302	0	0	0	0	268	2032	17942	2458	164	0	
416676	Cerebelum_Crus2_R	0	0	0	0	0	0	0	0	0	0	0	0	0	0	0	0	0	0	0	0	0	0	0	0	0	0	0	0	0	0	0	0	0	0	0	0	0	0	0	0	0	0	0	0	0	0	404	206	0	0	0	0	0	0	318	2250	0	0	0	0	0	0	0	0	0	0	0	0	0	0	0	0	0	0	0	0	0	0	0	0	0	0	0	0	0	0	0	0	0	768	9330	40234	14454	0	162	356	810	2100	3912	11612	6236	33000	9114	40468	1664	2880	0	118	0	0	194	2520	20864	3860	504	0	
52496	Cerebelum_3_L	0	0	0	0	0	0	0	0	0	0	0	0	0	0	0	0	0	0	0	0	0	0	0	0	0	0	0	0	0	0	0	0	0	0	0	0	0	0	106	0	0	0	0	0	0	0	0	88	0	0	0	0	0	0	340	0	0	0	0	0	0	0	0	0	0	0	0	0	0	0	0	0	0	0	0	0	0	0	0	0	0	0	0	0	0	0	0	0	0	0	1314	312	242	162	0	456	7822	508	1666	570	0	0	1426	246	1718	132	0	0	1444	2422	3136	364	618	384	532	240	
54440	Cerebelum_3_R	0	0	0	0	0	0	0	0	0	0	0	0	0	0	0	0	0	0	0	0	0	0	0	0	0	0	0	0	0	0	0	0	0	0	0	0	0	0	0	0	0	0	0	0	0	0	0	236	0	0	0	0	0	0	0	724	0	0	0	0	0	0	0	0	0	0	0	0	0	0	0	0	0	0	0	0	0	0	0	0	0	0	0	0	0	0	0	0	0	0	192	1688	0	356	456	0	1522	4972	436	3808	0	0	884	202	616	548	0	0	848	2752	3654	574	682	938	832	300	
300092	Cerebelum_4_5_L	0	0	0	0	0	0	0	0	0	0	0	0	0	0	0	0	0	0	0	0	0	0	0	0	0	0	0	0	0	0	0	0	0	0	0	0	0	0	464	0	0	0	0	0	0	0	7362	904	0	0	0	0	0	0	8630	270	0	0	0	0	0	0	0	0	0	0	0	0	0	0	0	0	0	0	0	0	0	0	0	0	0	0	0	0	0	0	0	0	0	0	25620	3158	2510	810	7822	1522	0	4786	33472	5586	1184	158	5846	1306	5816	408	158	0	2234	2282	14570	4950	2546	1316	1994	2362	
208232	Cerebelum_4_5_R	0	0	0	0	0	0	0	0	0	0	0	0	0	0	0	0	0	0	0	0	0	0	0	0	0	0	0	0	0	0	0	0	0	0	0	0	0	562	0	1392	0	0	0	0	0	0	394	2336	0	0	0	0	0	0	94	7198	0	0	0	0	0	0	0	0	0	0	0	0	0	0	0	0	0	100	0	0	0	0	0	0	0	0	0	0	0	0	0	0	0	0	1684	18492	1198	2100	508	4972	4786	0	828	27878	324	0	1918	2482	764	1558	0	0	88	1382	15346	652	2496	1314	1098	172	
396920	Cerebelum_6_L	0	0	0	0	0	0	0	0	0	0	0	0	0	0	0	0	0	0	0	0	0	0	0	0	0	0	0	0	0	0	0	0	0	0	0	0	0	0	136	0	0	0	0	0	0	0	10462	1176	0	0	110	0	364	0	20864	796	0	0	0	0	0	0	0	0	0	0	0	0	0	0	0	0	0	0	0	0	0	0	0	0	0	0	0	0	0	0	0	0	184	0	63914	6888	12372	3912	1666	436	33472	828	0	7986	2842	120	4656	1510	1752	178	0	0	480	310	2970	9604	6872	538	666	396	
416484	Cerebelum_6_R	0	0	0	0	0	0	0	0	0	0	0	0	0	0	0	0	0	0	0	0	0	0	0	0	0	0	0	0	0	0	0	0	0	0	0	0	0	250	0	114	0	0	0	350	0	0	1272	5396	0	112	0	0	0	116	452	22874	0	0	0	0	0	0	0	0	0	0	0	0	0	0	0	0	0	134	0	0	0	0	0	0	0	0	0	0	0	0	0	0	0	664	8874	58762	4710	11612	570	3808	5586	27878	7986	0	686	300	1916	5434	750	560	0	118	96	742	13552	11540	9816	830	382	0	
264808	Cerebelum_7b_L	0	0	0	0	0	0	0	0	0	0	0	0	0	0	0	0	0	0	0	0	0	0	0	0	0	0	0	0	0	0	0	0	0	0	0	0	0	0	0	0	0	0	0	0	0	0	110	0	0	0	0	0	0	0	444	0	0	0	0	0	0	0	0	0	0	0	0	0	0	0	0	0	0	0	0	0	0	0	0	0	0	0	0	0	0	0	0	0	442	0	17232	1190	39068	6236	0	0	1184	324	2842	686	0	5276	35448	4634	5794	566	122	0	0	0	0	0	6934	3658	214	0	
221140	Cerebelum_7b_R	0	0	0	0	0	0	0	0	0	0	0	0	0	0	0	0	0	0	0	0	0	0	0	0	0	0	0	0	0	0	0	0	0	0	0	0	0	0	0	0	0	0	0	0	0	0	0	0	0	0	0	0	0	0	0	144	0	0	0	0	0	0	0	0	0	0	0	0	0	0	0	0	0	0	0	0	0	0	0	0	0	0	0	0	0	0	0	0	0	532	2826	10680	8040	33000	0	0	158	0	120	300	5276	0	5094	29104	292	3420	0	136	0	0	0	0	8846	2602	0	0	
416944	Cerebelum_8_L	0	0	0	0	0	0	0	0	0	0	0	0	0	0	0	0	0	0	0	0	0	0	0	0	0	0	0	0	0	0	0	0	0	0	0	0	0	0	0	0	0	0	0	0	0	0	132	0	0	0	0	0	0	0	450	90	0	0	0	0	0	0	0	0	0	0	0	0	0	0	0	0	0	0	0	0	0	0	0	0	0	0	0	0	0	0	0	0	350	0	17504	1062	31322	9114	1426	884	5846	1918	4656	1916	35448	5094	0	14038	27884	4726	2036	0	1408	1446	3246	464	16880	12648	5548	936	
375184	Cerebelum_8_R	0	0	0	0	0	0	0	0	0	0	0	0	0	0	0	0	0	0	0	0	0	0	0	0	0	0	0	0	0	0	0	0	0	0	0	0	0	0	0	0	0	0	0	0	0	0	0	0	0	0	0	0	0	0	0	1270	0	0	0	0	0	0	0	0	0	0	0	0	0	0	0	0	0	0	0	0	0	0	0	0	0	0	0	0	0	0	0	0	0	648	7238	20760	8892	40468	246	202	1306	2482	1510	5434	4634	29104	14038	0	3016	16644	0	1482	0	124	528	0	17232	8222	2112	0	
162404	Cerebelum_9_L	0	0	0	0	0	0	0	0	0	0	0	0	0	0	0	0	0	0	0	0	0	0	0	0	0	0	0	0	0	0	0	0	0	0	0	0	0	0	0	0	0	0	0	0	0	0	0	0	0	0	0	0	0	0	0	0	0	0	0	0	0	0	0	0	0	0	0	0	0	0	0	0	0	0	0	0	0	0	0	0	0	0	0	0	0	0	0	0	0	0	1320	262	3062	1664	1718	616	5816	764	1752	750	5794	292	27884	3016	0	2282	3206	0	1242	1272	3132	1340	4408	4810	3334	1466	
108016	Cerebelum_9_R	0	0	0	0	0	0	0	0	0	0	0	0	0	0	0	0	0	0	0	0	0	0	0	0	0	0	0	0	0	0	0	0	0	0	0	0	0	0	0	0	0	0	0	0	0	0	0	0	0	0	0	0	0	0	0	0	0	0	0	0	0	0	0	0	0	0	0	0	0	0	0	0	0	0	0	0	0	0	0	0	0	0	0	0	0	0	0	0	0	0	246	596	302	2880	132	548	408	1558	178	560	566	3420	4726	16644	2282	0	90	2072	190	524	1166	610	2624	5716	4472	1498	
11224	Cerebelum_10_L	0	0	0	0	0	0	0	0	0	0	0	0	0	0	0	0	0	0	0	0	0	0	0	0	0	0	0	0	0	0	0	0	0	0	0	0	0	0	0	0	0	0	0	0	0	0	0	0	0	0	0	0	0	0	0	0	0	0	0	0	0	0	0	0	0	0	0	0	0	0	0	0	0	0	0	0	0	0	0	0	0	0	0	0	0	0	0	0	0	0	0	0	0	0	0	0	158	0	0	0	122	0	2036	0	3206	90	0	0	0	0	0	0	0	0	0	0	
7852	Cerebelum_10_R	0	0	0	0	0	0	0	0	0	0	0	0	0	0	0	0	0	0	0	0	0	0	0	0	0	0	0	0	0	0	0	0	0	0	0	0	0	0	0	0	0	0	0	0	0	0	0	0	0	0	0	0	0	0	0	0	0	0	0	0	0	0	0	0	0	0	0	0	0	0	0	0	0	0	0	0	0	0	0	0	0	0	0	0	0	0	0	0	0	0	0	0	0	118	0	0	0	0	0	118	0	136	0	1482	0	2072	0	0	0	0	0	0	0	0	0	0	
39636	Vermis_1_2	0	0	0	0	0	0	0	0	0	0	0	0	0	0	0	0	0	0	0	0	0	0	0	0	0	0	0	0	0	0	0	0	0	0	0	0	0	0	0	0	0	0	0	0	0	0	0	0	0	0	0	0	0	0	0	0	0	0	0	0	0	0	0	0	0	0	0	0	0	0	0	0	0	0	0	0	0	0	0	0	0	0	0	0	0	0	0	0	0	0	164	0	0	0	1444	848	2234	88	480	96	0	0	1408	0	1242	190	0	0	0	3920	3104	828	920	1052	1206	594	
54308	Vermis_3	0	0	0	0	0	0	0	0	0	0	0	0	0	0	0	0	0	0	0	0	0	0	0	0	0	0	0	0	0	0	0	0	0	0	0	0	0	0	194	0	0	0	0	0	0	0	162	0	0	0	0	0	0	0	0	0	0	0	0	0	0	0	0	0	0	0	0	0	0	0	0	0	0	0	0	0	0	0	0	0	0	0	0	0	0	0	0	0	0	0	154	508	0	0	2422	2752	2282	1382	310	742	0	0	1446	124	1272	524	0	0	3920	0	4474	576	812	1076	1358	664	
202852	Vermis_4_5	0	0	0	0	0	0	0	0	0	0	0	0	0	0	0	0	0	0	0	0	0	0	0	0	0	0	0	0	0	0	0	0	0	98	0	494	0	286	0	0	0	0	0	0	0	0	1424	1714	0	0	0	0	0	0	830	1142	0	0	0	0	0	0	0	0	0	0	0	782	0	0	0	0	0	0	0	0	0	0	0	0	0	0	0	0	0	0	0	0	0	0	1402	9480	268	194	3136	3654	14570	15346	2970	13552	0	0	3246	528	3132	1166	0	0	3104	4474	0	4702	1818	2216	2868	2830	
151888	Vermis_6	0	0	0	0	0	0	0	0	0	0	0	0	0	0	0	0	0	0	0	0	0	0	0	0	0	0	0	0	0	0	0	0	0	0	0	0	0	0	0	0	0	0	0	0	0	0	1354	3066	0	0	0	0	0	0	912	2802	0	0	0	0	0	0	0	0	0	0	0	0	0	0	0	0	0	0	0	0	0	0	0	0	0	0	0	0	0	0	0	0	0	0	7442	9612	2032	2520	364	574	4950	652	9604	11540	0	0	464	0	1340	610	0	0	828	576	4702	0	4244	824	2258	2674	
334196	Vermis_7	0	0	0	0	0	0	0	0	0	0	0	0	0	0	0	0	0	0	0	0	0	0	0	0	0	0	0	0	0	0	0	0	0	0	0	0	0	0	0	0	0	0	0	0	0	0	536	362	0	0	0	0	0	0	390	662	0	0	0	0	0	0	0	0	0	0	0	0	0	0	0	0	0	0	0	0	0	0	0	0	0	0	0	0	0	0	0	0	0	0	14120	10478	17942	20864	618	682	2546	2496	6872	9816	6934	8846	16880	17232	4408	2624	0	0	920	812	1818	4244	0	9352	3690	954	
146988	Vermis_8	0	0	0	0	0	0	0	0	0	0	0	0	0	0	0	0	0	0	0	0	0	0	0	0	0	0	0	0	0	0	0	0	0	0	0	0	0	0	0	0	0	0	0	0	0	0	0	0	0	0	0	0	0	0	0	0	0	0	0	0	0	0	0	0	0	0	0	0	0	0	0	0	0	0	0	0	0	0	0	0	0	0	0	0	0	0	0	0	0	0	602	304	2458	3860	384	938	1316	1314	538	830	3658	2602	12648	8222	4810	5716	0	0	1052	1076	2216	824	9352	0	6676	2098	
