data	data	476684	379408	617984	624964	87260	74836	407580	332908	52860	32556	250764	194088	253020	183116	167656	113824	252608	146072	591916	566240	97424	95900	280128	231988	30768	56896	53128	64772	599792	385496	170860	300000	207160	531468	134896	198220	272460	424772	110860	296020	26004	72500	298888	406812	268308	383364	381688	307396	318076	352544	544748	235768	248520	65436	392744	457936	337192	207700	140560	128840	272948	119052	146404	142888	171476	146940	333904	433160	331600	256960	186960	403528	327124	335368	49276	30136	160780	187804	115504	50912	261444	162000	70772	54128	323536	219128	11816	14084	305300	216168	540756	576668	352328	325428	116492	215544	568488	448464	639136	603824	276836	168240	377848	326736	176480	157868	27516	20360	56812	262976	482308	371084	244488	172912	118456	84044	
data	data	Precentral_L	Precentral_R	Frontal_Sup_L	Frontal_Sup_R	Frontal_Sup_Orb_L	Frontal_Sup_Orb_R	Frontal_Mid_L	Frontal_Mid_R	Frontal_Mid_Orb_L	Frontal_Mid_Orb_R	Frontal_Inf_Oper_L	Frontal_Inf_Oper_R	Frontal_Inf_Tri_L	Frontal_Inf_Tri_R	Frontal_Inf_Orb_L	Frontal_Inf_Orb_R	Rolandic_Oper_L	Rolandic_Oper_R	Supp_Motor_Area_L	Supp_Motor_Area_R	Olfactory_L	Olfactory_R	Frontal_Sup_Medial_L	Frontal_Sup_Medial_R	Frontal_Med_Orb_L	Frontal_Med_Orb_R	Rectus_L	Rectus_R	Insula_L	Insula_R	Cingulum_Ant_L	Cingulum_Ant_R	Cingulum_Mid_L	Cingulum_Mid_R	Cingulum_Post_L	Cingulum_Post_R	Hippocampus_L	Hippocampus_R	ParaHippocampal_L	ParaHippocampal_R	Amygdala_L	Amygdala_R	Calcarine_L	Calcarine_R	Cuneus_L	Cuneus_R	Lingual_L	Lingual_R	Occipital_Sup_L	Occipital_Sup_R	Occipital_Mid_L	Occipital_Mid_R	Occipital_Inf_L	Occipital_Inf_R	Fusiform_L	Fusiform_R	Postcentral_L	Postcentral_R	Parietal_Sup_L	Parietal_Sup_R	Parietal_Inf_L	Parietal_Inf_R	SupraMarginal_L	SupraMarginal_R	Angular_L	Angular_R	Precuneus_L	Precuneus_R	Paracentral_Lobule_L	Paracentral_Lobule_R	Caudate_L	Caudate_R	Putamen_L	Putamen_R	Pallidum_L	Pallidum_R	Thalamus_L	Thalamus_R	Heschl_L	Heschl_R	Temporal_Sup_L	Temporal_Sup_R	Temporal_Pole_Sup_L	Temporal_Pole_Sup_R	Temporal_Mid_L	Temporal_Mid_R	Temporal_Pole_Mid_L	Temporal_Pole_Mid_R	Temporal_Inf_L	Temporal_Inf_R	Cerebelum_Crus1_L	Cerebelum_Crus1_R	Cerebelum_Crus2_L	Cerebelum_Crus2_R	Cerebelum_3_L	Cerebelum_3_R	Cerebelum_4_5_L	Cerebelum_4_5_R	Cerebelum_6_L	Cerebelum_6_R	Cerebelum_7b_L	Cerebelum_7b_R	Cerebelum_8_L	Cerebelum_8_R	Cerebelum_9_L	Cerebelum_9_R	Cerebelum_10_L	Cerebelum_10_R	Vermis_1_2	Vermis_3	Vermis_4_5	Vermis_6	Vermis_7	Vermis_8	Vermis_9	Vermis_10	
476684	Precentral_L	0	1616	17648	282	0	0	18280	134	0	0	12684	342	2732	260	0	0	12508	0	9146	2248	0	0	0	0	0	0	0	0	11368	424	0	0	2126	822	2690	968	9696	1118	1626	136	0	94	272	0	170	0	348	0	1308	0	3636	0	1316	0	1676	0	37898	0	1956	0	6082	0	2042	0	926	0	942	0	33590	868	1016	2424	6858	140	2402	86	6672	1810	4624	0	5642	0	178	0	1970	0	0	0	2542	0	0	0	0	0	0	0	0	0	0	0	0	0	0	0	0	0	0	0	0	0	0	0	0	0	0	0	
379408	Precentral_R	1616	0	104	29408	0	0	0	18976	0	0	0	5426	0	130	0	0	0	6378	1816	9560	0	0	0	0	0	0	0	0	270	3622	0	0	368	3516	1168	3834	2422	15978	288	2294	0	0	0	558	0	1328	0	404	0	5054	0	1416	0	532	0	1152	298	14384	0	2150	0	1972	0	3020	0	1288	270	3504	2738	7018	738	2532	680	4452	766	474	6198	13596	184	1292	0	1846	0	0	0	690	0	0	0	1996	0	0	0	0	0	0	0	0	0	0	0	0	0	0	0	0	0	0	0	0	0	0	0	0	0	0	
617984	Frontal_Sup_L	17648	104	0	1262	3720	0	57904	1702	1368	0	15856	1382	11294	868	4746	586	12256	448	41308	1338	292	0	30498	2472	640	0	216	0	32670	1910	6294	1400	3970	580	0	0	2980	140	440	114	0	0	0	0	0	0	0	0	92	0	214	0	0	0	346	0	7656	0	112	0	616	0	456	0	0	0	310	0	7376	0	1176	6396	14672	1340	460	0	990	1728	596	0	3800	0	1526	124	142	0	0	0	458	0	0	0	0	0	0	0	0	0	0	0	0	0	0	0	0	0	0	0	0	0	0	0	0	0	0	0	
624964	Frontal_Sup_R	282	29408	1262	0	0	6486	430	48032	0	2636	0	7248	0	4780	0	5162	0	3354	10786	35330	308	762	8944	29540	154	3916	210	2222	514	9420	2654	24548	566	19818	70	298	166	6670	0	1078	0	0	0	138	0	292	0	122	0	1202	0	384	0	410	0	1020	90	1780	0	488	0	300	0	424	0	382	80	946	940	624	1204	9094	748	13798	244	1132	3138	3936	0	320	0	456	0	452	0	210	0	0	0	1074	0	0	0	0	0	0	0	0	0	0	0	0	0	0	0	0	0	0	0	0	0	0	0	0	0	0	
87260	Frontal_Sup_Orb_L	0	0	3720	0	0	0	706	0	7852	0	0	0	210	0	8896	0	0	0	0	0	2474	268	1458	0	3232	0	3720	202	3618	0	2058	208	0	0	0	0	0	0	0	0	0	0	0	0	0	0	0	0	0	0	0	0	0	0	0	0	0	0	0	0	0	0	0	0	0	0	0	0	0	0	1532	90	2902	0	0	0	0	0	0	0	0	0	484	0	0	0	0	0	0	0	0	0	0	0	0	0	0	0	0	0	0	0	0	0	0	0	0	0	0	0	0	0	0	0	0	0	
74836	Frontal_Sup_Orb_R	0	0	0	6486	0	0	0	820	0	4706	0	0	0	112	0	3502	0	0	0	0	472	2108	278	1198	246	5152	244	6150	0	742	328	502	0	0	0	0	0	0	0	0	0	72	0	0	0	0	0	0	0	0	0	0	0	0	0	0	0	0	0	0	0	0	0	0	0	0	0	0	0	0	572	2378	186	1164	0	0	0	0	0	0	0	0	0	0	0	0	0	0	0	0	0	0	0	0	0	0	0	0	0	0	0	0	0	0	0	0	0	0	0	0	0	0	0	0	0	0	
407580	Frontal_Mid_L	18280	0	57904	430	706	0	0	230	1704	0	12436	458	31524	744	7722	160	1618	98	12428	188	0	0	13984	668	0	0	0	0	19356	942	2460	444	3576	0	0	0	810	0	0	0	0	0	0	0	0	0	0	0	0	0	76	0	0	0	0	0	3272	0	0	0	1166	0	92	0	0	0	0	0	2568	0	330	1770	3354	0	0	0	572	420	216	0	432	0	652	0	0	0	0	0	0	0	0	0	0	0	0	0	0	0	0	0	0	0	0	0	0	0	0	0	0	0	0	0	0	0	0	0	
332908	Frontal_Mid_R	134	18976	1702	48032	0	820	230	0	0	2978	114	7372	518	12324	564	6990	0	570	3056	5100	0	0	1050	3248	0	0	0	0	1740	6340	2146	7064	394	2906	0	118	164	3016	0	522	0	104	0	126	0	260	0	0	0	1128	0	358	0	410	0	714	0	1402	0	472	0	282	0	382	0	374	70	878	0	514	1574	7550	1482	6776	1132	0	0	356	0	224	0	422	0	0	0	208	0	0	0	1068	0	0	0	0	0	0	0	0	0	0	0	0	0	0	0	0	0	0	0	0	0	0	0	0	0	0	
52860	Frontal_Mid_Orb_L	0	0	1368	0	7852	0	1704	0	0	0	0	0	798	0	10596	0	0	0	0	0	188	86	0	0	236	0	498	0	962	0	570	0	0	0	0	0	0	0	0	0	0	0	0	0	0	0	0	0	0	0	0	0	0	0	0	0	0	0	0	0	0	0	0	0	0	0	0	0	0	0	206	0	548	0	0	0	0	0	0	0	0	0	818	0	0	0	0	0	0	0	0	0	0	0	0	0	0	0	0	0	0	0	0	0	0	0	0	0	0	0	0	0	0	0	0	0	
32556	Frontal_Mid_Orb_R	0	0	0	2636	0	4706	0	2978	0	0	0	0	0	210	0	5206	0	0	0	0	0	0	0	0	0	0	0	152	0	0	0	0	0	0	0	0	0	0	0	0	0	0	0	0	0	0	0	0	0	0	0	0	0	0	0	0	0	0	0	0	0	0	0	0	0	0	0	0	0	0	0	102	0	288	0	0	0	0	0	0	0	0	0	0	0	0	0	0	0	0	0	0	0	0	0	0	0	0	0	0	0	0	0	0	0	0	0	0	0	0	0	0	0	0	0	0	
250764	Frontal_Inf_Oper_L	12684	0	15856	0	0	0	12436	114	0	0	0	124	14660	222	304	0	19678	0	11536	288	0	0	124	0	0	0	0	0	18228	228	0	0	718	0	0	0	328	0	0	0	0	0	0	0	0	0	0	0	0	0	92	0	0	0	0	0	5272	0	0	0	0	0	0	0	0	0	184	0	604	0	202	458	570	0	0	0	112	196	1398	0	5486	0	3280	0	0	0	0	0	0	0	0	0	0	0	0	0	0	0	0	0	0	0	0	0	0	0	0	0	0	0	0	0	0	0	0	0	
194088	Frontal_Inf_Oper_R	342	5426	1382	7248	0	0	458	7372	0	0	124	0	278	10598	190	708	0	10082	3864	10720	0	0	208	138	0	0	0	0	582	18602	1222	2180	584	1002	0	0	0	1832	0	1022	0	0	0	0	0	0	0	0	0	0	0	0	0	0	0	910	0	1798	0	0	0	0	0	72	0	0	0	0	0	0	86	330	102	5358	0	0	0	0	0	738	0	630	0	856	0	0	0	0	0	0	0	0	0	0	0	0	0	0	0	0	0	0	0	0	0	0	0	0	0	0	0	0	0	0	0	0	
253020	Frontal_Inf_Tri_L	2732	0	11294	0	210	0	31524	518	798	0	14660	278	0	2166	15104	322	1668	0	5098	266	0	0	1386	0	0	0	0	0	26658	2048	534	102	1598	144	0	0	0	0	0	0	0	0	0	0	0	0	0	0	0	0	0	0	0	0	0	0	98	0	0	0	0	0	0	0	0	0	0	0	0	0	846	2348	2118	72	72	0	0	246	0	0	372	0	1230	0	0	0	0	0	0	0	0	0	0	0	0	0	0	0	0	0	0	0	0	0	0	0	0	0	0	0	0	0	0	0	0	0	
183116	Frontal_Inf_Tri_R	260	130	868	4780	0	112	744	12324	0	210	222	10598	2166	0	1688	4234	0	500	3974	5328	0	0	1440	586	0	0	0	0	2758	20026	1878	2060	808	2886	0	0	174	198	0	172	0	0	0	0	0	0	0	0	0	0	0	0	0	0	0	104	0	0	0	0	0	0	0	0	0	0	0	0	0	0	1300	5444	1200	2040	238	0	0	108	0	0	0	0	0	0	0	0	0	0	0	0	0	0	0	0	0	0	0	0	0	0	0	0	0	0	0	0	0	0	0	0	0	0	0	0	0	0	
167656	Frontal_Inf_Orb_L	0	0	4746	0	8896	0	7722	564	10596	0	304	190	15104	1688	0	244	0	0	1430	0	2600	74	642	0	398	0	2112	0	12874	1560	1076	0	116	0	0	0	622	0	384	0	0	0	0	0	0	0	0	0	0	0	0	0	0	0	124	0	0	0	0	0	0	0	0	0	0	0	0	0	0	0	2380	2068	3006	0	70	0	0	118	0	0	90	0	2030	0	0	0	0	0	0	0	0	0	0	0	0	0	0	0	0	0	0	0	0	0	0	0	0	0	0	0	0	0	0	0	0	0	
113824	Frontal_Inf_Orb_R	0	0	586	5162	0	3502	160	6990	0	5206	0	708	322	4234	244	0	0	0	790	1046	726	2852	0	0	0	0	88	2336	376	9376	480	310	274	168	0	0	0	0	0	314	0	122	0	0	0	0	0	0	0	0	0	0	0	0	0	0	0	0	0	0	0	0	0	0	0	0	0	0	0	0	956	4080	338	4768	0	0	0	0	0	0	0	0	0	398	0	0	0	0	0	0	0	0	0	0	0	0	0	0	0	0	0	0	0	0	0	0	0	0	0	0	0	0	0	0	0	0	
252608	Rolandic_Oper_L	12508	0	12256	0	0	0	1618	0	0	0	19678	0	1668	0	0	0	0	0	8996	76	0	0	0	0	0	0	0	0	19236	0	0	0	118	0	76	0	882	0	0	0	0	0	0	0	0	0	0	0	136	0	922	0	708	0	328	0	11538	0	88	0	1718	0	4448	0	396	0	296	0	1762	0	0	124	164	0	0	0	204	0	6766	0	14004	0	1432	0	1926	0	0	0	2232	0	0	0	0	0	0	0	0	0	0	0	0	0	0	0	0	0	0	0	0	0	0	0	0	0	0	0	
146072	Rolandic_Oper_R	0	6378	448	3354	0	0	98	570	0	0	0	10082	0	500	0	0	0	0	950	5590	0	0	0	0	0	0	0	0	156	12410	162	0	74	344	0	0	0	2012	0	386	0	0	0	0	0	0	0	0	0	1784	0	240	0	0	0	158	0	5766	0	204	0	600	0	4770	0	622	0	656	0	316	0	0	0	3484	0	114	0	0	0	2360	0	5366	0	1964	0	690	0	0	0	428	0	0	0	0	0	0	0	0	0	0	0	0	0	0	0	0	0	0	0	0	0	0	0	0	0	0	
591916	Supp_Motor_Area_L	9146	1816	41308	10786	0	0	12428	3056	0	0	11536	3864	5098	3974	1430	790	8996	950	0	27762	0	0	7242	3008	0	0	0	0	21540	5496	2406	5232	9844	17460	1358	722	5708	756	470	218	96	0	0	188	0	176	128	0	0	0	216	0	0	0	660	174	2364	0	0	0	98	0	0	0	0	0	356	348	20372	914	1536	11468	11710	4880	1416	0	6548	2268	762	0	2640	0	1358	232	106	0	0	0	544	0	0	0	0	0	0	0	0	0	0	0	0	0	0	0	0	0	0	0	0	0	0	0	0	0	0	0	
566240	Supp_Motor_Area_R	2248	9560	1338	35330	0	0	188	5100	0	0	288	10720	266	5328	0	1046	76	5590	27762	0	0	0	3612	6156	0	0	0	0	756	11294	1636	8806	6930	45680	330	3482	208	6736	0	2348	0	114	0	542	0	520	0	162	0	284	0	170	0	200	0	1732	198	820	0	90	0	0	0	0	0	0	0	1106	5260	17690	2378	13550	1468	14248	436	2052	2134	9946	0	82	0	482	0	1090	0	2064	0	0	0	1418	0	0	0	0	0	0	0	0	0	70	0	0	0	0	0	0	0	0	0	0	0	0	0	0	0	0	
97424	Olfactory_L	0	0	292	308	2474	472	0	0	188	0	0	0	0	0	2600	726	0	0	0	0	0	5660	98	0	994	432	4214	1616	3266	632	2858	2262	0	0	0	0	1168	0	1018	0	330	0	0	0	0	0	0	0	0	0	0	0	0	0	266	0	0	0	0	0	0	0	0	0	0	0	0	0	0	0	7506	3872	3268	1218	0	0	0	0	0	0	296	0	678	0	0	0	0	0	0	0	0	0	0	0	0	0	0	0	0	0	0	0	0	0	0	0	0	0	0	0	0	0	0	0	0	0	
95900	Olfactory_R	0	0	0	762	268	2108	0	0	86	0	0	0	0	0	74	2852	0	0	0	0	5660	0	0	0	290	668	1910	4106	0	3258	2124	3522	0	0	0	0	0	76	76	418	0	926	0	0	0	0	0	0	0	0	0	0	0	0	0	78	0	0	0	0	0	0	0	0	0	0	0	0	0	0	6214	6848	3590	1692	0	0	0	0	0	0	0	0	0	344	0	0	0	0	0	0	0	0	0	0	0	0	0	0	0	0	0	0	0	0	0	0	0	0	0	0	0	0	0	0	0	0	
280128	Frontal_Sup_Medial_L	0	0	30498	8944	1458	278	13984	1050	0	0	124	208	1386	1440	642	0	0	0	7242	3612	98	0	0	18880	1074	662	158	0	4066	316	9534	12874	5106	10942	0	0	0	0	0	0	0	0	0	0	0	0	0	0	0	0	0	0	0	0	0	0	0	0	0	0	0	0	0	0	0	0	0	0	0	0	140	150	5198	0	0	0	0	0	0	0	0	0	0	0	0	0	0	0	0	0	0	0	0	0	0	0	0	0	0	0	0	0	0	0	0	0	0	0	0	0	0	0	0	0	0	0	
231988	Frontal_Sup_Medial_R	0	0	2472	29540	0	1198	668	3248	0	0	0	138	0	586	0	0	0	0	3008	6156	0	0	18880	0	562	3662	0	168	102	166	1772	22522	430	15934	0	0	0	0	0	0	0	0	0	0	0	0	0	0	0	0	0	0	0	0	0	0	0	0	0	0	0	0	0	0	0	0	0	0	0	0	0	3024	102	1656	0	0	0	0	0	0	0	0	0	0	0	0	0	0	0	0	0	0	0	0	0	0	0	0	0	0	0	0	0	0	0	0	0	0	0	0	0	0	0	0	0	0	
30768	Frontal_Med_Orb_L	0	0	640	154	3232	246	0	0	236	0	0	0	0	0	398	0	0	0	0	0	994	290	1074	562	0	1146	1710	202	0	0	2528	560	0	0	0	0	0	0	0	0	0	0	0	0	0	0	0	0	0	0	0	0	0	0	0	0	0	0	0	0	0	0	0	0	0	0	0	0	0	0	526	288	486	112	0	0	0	0	0	0	0	0	0	0	0	0	0	0	0	0	0	0	0	0	0	0	0	0	0	0	0	0	0	0	0	0	0	0	0	0	0	0	0	0	0	0	
56896	Frontal_Med_Orb_R	0	0	0	3916	0	5152	0	0	0	0	0	0	0	0	0	0	0	0	0	0	432	668	662	3662	1146	0	300	4694	0	0	988	3404	0	0	0	0	0	0	0	0	0	0	0	0	0	0	0	0	0	0	0	0	0	0	0	0	0	0	0	0	0	0	0	0	0	0	0	0	0	0	230	2262	108	824	0	0	0	0	0	0	0	0	0	0	0	0	0	0	0	0	0	0	0	0	0	0	0	0	0	0	0	0	0	0	0	0	0	0	0	0	0	0	0	0	0	0	
53128	Rectus_L	0	0	216	210	3720	244	0	0	498	0	0	0	0	0	2112	88	0	0	0	0	4214	1910	158	0	1710	300	0	1050	172	0	2338	1042	0	0	0	0	0	0	0	0	0	0	0	0	0	0	0	0	0	0	0	0	0	0	0	0	0	0	0	0	0	0	0	0	0	0	0	0	0	0	3590	1022	1662	308	0	0	0	0	0	0	0	0	0	0	0	0	0	0	0	0	0	0	0	0	0	0	0	0	0	0	0	0	0	0	0	0	0	0	0	0	0	0	0	0	0	0	
64772	Rectus_R	0	0	0	2222	202	6150	0	0	0	152	0	0	0	0	0	2336	0	0	0	0	1616	4106	0	168	202	4694	1050	0	0	1310	550	1926	0	0	0	0	0	0	0	0	0	76	0	0	0	0	0	0	0	0	0	0	0	0	0	0	0	0	0	0	0	0	0	0	0	0	0	0	0	0	1662	2838	570	556	0	0	0	0	0	0	0	0	0	0	0	0	0	0	0	0	0	0	0	0	0	0	0	0	0	0	0	0	0	0	0	0	0	0	0	0	0	0	0	0	0	0	
599792	Insula_L	11368	270	32670	514	3618	0	19356	1740	962	0	18228	582	26658	2758	12874	376	19236	156	21540	756	3266	0	4066	102	0	0	172	0	0	2878	2038	176	1736	106	180	242	20754	268	2114	0	2360	0	106	0	0	0	136	0	202	0	1572	0	938	0	3558	0	4660	0	82	0	330	0	918	0	162	0	356	0	4732	0	4020	7916	21146	598	124	0	2926	2074	8162	0	8672	0	4580	84	2598	0	72	0	5052	0	0	0	0	0	0	0	0	0	0	0	0	0	0	0	0	0	0	0	0	0	0	0	0	0	0	0	
385496	Insula_R	424	3622	1910	9420	0	742	942	6340	0	0	228	18602	2048	20026	1560	9376	0	12410	5496	11294	632	3258	316	166	0	0	0	1310	2878	0	2656	1918	1228	1998	0	142	244	10300	0	4548	0	4140	0	214	0	90	0	74	0	388	0	342	0	420	0	4312	0	1934	0	0	0	0	0	168	0	74	0	174	0	216	1798	6426	1506	19706	144	88	0	154	0	1406	0	3702	0	4074	0	2262	0	0	0	2902	0	0	0	0	0	0	0	0	0	0	0	0	0	0	0	0	0	0	0	0	0	0	0	0	0	0	
170860	Cingulum_Ant_L	0	0	6294	2654	2058	328	2460	2146	570	0	0	1222	534	1878	1076	480	0	162	2406	1636	2858	2124	9534	1772	2528	988	2338	550	2038	2656	0	10724	4668	1744	0	0	0	0	0	0	0	0	0	0	0	0	0	0	0	0	0	0	0	0	0	0	0	0	0	0	0	0	0	0	0	0	0	0	0	0	3674	3776	5664	1276	0	0	86	528	0	0	0	0	0	0	0	0	0	0	0	0	0	0	0	0	0	0	0	0	0	0	0	0	0	0	0	0	0	0	0	0	0	0	0	0	0	0	
300000	Cingulum_Ant_R	0	0	1400	24548	208	502	444	7064	0	0	0	2180	102	2060	0	310	0	0	5232	8806	2262	3522	12874	22522	560	3404	1042	1926	176	1918	10724	0	2336	18880	0	0	0	0	0	0	0	0	0	0	0	0	0	0	0	0	0	0	0	0	0	0	0	0	0	0	0	0	0	0	0	0	0	0	0	0	2336	8074	1028	3560	0	0	0	0	0	0	0	0	0	0	0	0	0	0	0	0	0	0	0	0	0	0	0	0	0	0	0	0	0	0	0	0	0	0	0	0	0	0	0	0	0	0	
207160	Cingulum_Mid_L	2126	368	3970	566	0	0	3576	394	0	0	718	584	1598	808	116	274	118	74	9844	6930	0	0	5106	430	0	0	0	0	1736	1228	4668	2336	0	14706	5846	2488	0	76	0	0	0	0	134	714	1144	1638	102	0	890	1294	810	736	168	0	116	174	828	104	150	104	812	0	214	0	710	0	8804	3470	6084	1256	0	420	190	464	0	0	0	0	0	0	268	0	0	0	424	126	0	0	548	0	0	0	0	0	0	0	0	0	0	0	0	0	0	0	0	0	0	0	0	0	0	0	0	0	0	0	
531468	Cingulum_Mid_R	822	3516	580	19818	0	0	0	2906	0	0	0	1002	144	2886	0	168	0	344	17460	45680	0	0	10942	15934	0	0	0	0	106	1998	1744	18880	14706	0	3166	9826	0	1634	0	482	0	0	236	4562	346	7048	198	588	164	6312	0	1924	0	300	0	1136	72	6466	0	706	0	114	0	178	0	270	4476	16442	1894	25518	194	1084	0	1536	0	102	0	386	0	0	0	760	0	0	0	5254	0	0	0	2724	0	0	0	0	0	0	0	0	0	0	0	0	0	0	0	0	0	0	0	0	0	0	0	0	0	0	
134896	Cingulum_Post_L	2690	1168	0	70	0	0	0	0	0	0	0	0	0	0	0	0	76	0	1358	330	0	0	0	0	0	0	0	0	180	0	0	0	5846	3166	0	7744	2910	1646	386	226	0	0	3110	926	2640	976	2042	590	822	512	666	348	326	0	630	104	334	0	0	72	296	0	0	0	228	0	11600	5782	4596	292	0	0	0	114	0	0	74	1028	120	0	170	0	0	0	292	0	0	0	562	0	0	0	0	0	0	0	0	216	0	0	0	0	0	0	0	0	0	0	0	0	184	0	0	0	0	0	
198220	Cingulum_Post_R	968	3834	0	298	0	0	0	118	0	0	0	0	0	0	0	0	0	0	722	3482	0	0	0	0	0	0	0	0	242	142	0	0	2488	9826	7744	0	2748	8994	0	2844	0	0	508	5434	468	3128	332	5470	184	1244	0	714	0	330	0	658	132	702	0	98	0	0	0	0	0	0	2960	15970	1600	3940	102	422	118	308	0	0	2362	4886	192	0	0	90	0	0	0	714	0	0	0	316	0	0	0	0	0	0	0	576	0	0	0	0	0	0	0	0	0	0	0	0	702	0	0	0	0	0	
272460	Hippocampus_L	9696	2422	2980	166	0	0	810	164	0	0	328	0	0	174	622	0	882	0	5708	208	1168	0	0	0	0	0	0	0	20754	244	0	0	0	0	2910	2748	0	2954	12038	542	4874	214	664	0	0	0	2722	388	0	0	192	0	206	0	9230	80	1996	0	0	0	98	0	0	0	0	0	1974	396	8186	0	564	1484	9588	200	750	0	6734	2438	3962	0	1940	0	1016	0	832	0	0	0	7090	0	74	0	0	0	0	0	410	0	192	0	0	0	0	0	74	0	0	0	0	144	0	0	0	0	0	0	
424772	Hippocampus_R	1118	15978	140	6670	0	0	0	3016	0	0	0	1832	0	198	0	0	0	2012	756	6736	0	76	0	0	0	0	0	0	268	10300	0	0	76	1634	1646	8994	2954	0	592	41126	0	11858	0	1430	0	124	0	6602	0	96	0	200	0	676	0	27060	128	732	0	82	0	142	0	358	0	218	0	5962	1566	2000	0	270	322	21644	0	2402	1880	5058	188	1038	0	2670	0	416	0	1752	0	0	0	6874	0	114	0	0	0	174	70	1208	0	538	0	0	0	0	0	0	0	0	0	0	412	0	0	0	0	0	
110860	ParaHippocampal_L	1626	288	440	0	0	0	0	0	0	0	0	0	0	0	384	0	0	0	470	0	1018	76	0	0	0	0	0	0	2114	0	0	0	0	0	386	0	12038	592	0	468	2186	246	306	0	0	0	3388	852	0	0	122	0	534	0	8984	78	0	0	0	0	0	0	0	0	0	0	808	0	1192	0	80	230	2640	112	442	0	438	348	250	0	166	0	706	0	0	0	0	0	1082	0	1664	0	136	0	434	132	3376	0	2926	0	88	0	348	0	368	0	0	0	120	550	0	106	92	0	0	0	
296020	ParaHippocampal_R	136	2294	114	1078	0	0	0	522	0	0	0	1022	0	172	0	314	0	386	218	2348	0	418	0	0	0	0	0	0	0	4548	0	0	0	482	226	2844	542	41126	468	0	0	9912	0	840	0	0	0	6762	0	70	0	298	0	1248	0	26296	0	218	0	190	0	358	0	954	0	580	0	4466	94	428	0	220	172	9570	0	1994	0	672	0	1022	0	3024	0	1946	0	1634	0	1258	0	6298	0	606	0	262	0	870	158	3358	76	1726	0	0	0	256	0	206	0	0	0	90	408	0	0	126	86	0	
26004	Amygdala_L	0	0	0	0	0	0	0	0	0	0	0	0	0	0	0	0	0	0	96	0	330	0	0	0	0	0	0	0	2360	0	0	0	0	0	0	0	4874	0	2186	0	0	0	0	0	0	0	0	0	0	0	0	0	0	0	1850	0	0	0	0	0	0	0	0	0	0	0	0	0	0	0	0	0	540	0	0	0	0	0	0	0	0	0	426	0	0	0	0	0	340	0	0	0	0	0	0	0	0	0	0	0	0	0	0	0	0	0	0	0	0	0	0	0	0	0	0	0	
72500	Amygdala_R	94	0	0	0	0	72	0	104	0	0	0	0	0	0	0	122	0	0	0	114	0	926	0	0	0	0	0	76	0	4140	0	0	0	0	0	0	214	11858	246	9912	0	0	0	0	0	0	0	0	0	0	0	0	0	0	0	4686	0	0	0	0	0	0	0	0	0	0	0	0	0	0	0	70	130	1812	0	0	0	0	0	0	0	0	0	1120	0	0	0	202	0	98	0	0	0	0	0	166	0	88	0	0	0	0	0	0	0	0	0	0	0	0	0	0	0	0	0	0	
298888	Calcarine_L	272	0	0	0	0	0	0	0	0	0	0	0	0	0	0	0	0	0	0	0	0	0	0	0	0	0	0	0	106	0	0	0	134	236	3110	508	664	0	306	0	0	0	0	14466	18454	11940	25104	3776	13750	3414	22728	212	9632	0	2288	192	578	0	496	0	318	0	70	0	90	0	12454	2668	160	0	0	0	0	0	0	0	0	0	0	0	0	0	0	0	488	0	0	0	830	0	0	0	0	0	0	0	0	0	0	0	0	0	0	0	0	0	0	0	0	0	0	0	0	0	0	0	
406812	Calcarine_R	0	558	0	138	0	0	0	126	0	0	0	0	0	0	0	0	0	0	188	542	0	0	0	0	0	0	0	0	0	214	0	0	714	4562	926	5434	0	1430	0	840	0	0	14466	0	9884	41246	10046	21316	308	24662	88	10228	0	1996	0	11246	0	2062	0	212	0	0	0	0	0	0	3920	24980	0	6084	0	0	0	0	0	0	0	0	0	0	0	0	0	0	0	3922	0	0	0	500	0	0	0	0	0	0	0	82	0	0	0	0	0	0	0	0	0	0	0	0	344	142	0	0	0	0	
268308	Cuneus_L	170	0	0	0	0	0	0	0	0	0	0	0	0	0	0	0	0	0	0	0	0	0	0	0	0	0	0	0	0	0	0	0	1144	346	2640	468	0	0	0	0	0	0	18454	9884	0	11182	6668	1172	27760	3212	16750	642	3892	126	1002	82	782	0	1316	96	268	0	84	0	190	0	20340	3906	590	0	0	0	0	0	0	0	0	0	0	0	0	0	0	0	368	0	0	0	530	0	0	0	0	0	0	0	0	0	0	0	0	0	0	0	0	0	0	0	0	0	90	0	0	0	0	0	
383364	Cuneus_R	0	1328	0	292	0	0	0	260	0	0	0	0	0	0	0	0	0	0	176	520	0	0	0	0	0	0	0	0	0	90	0	0	1638	7048	976	3128	0	124	0	0	0	0	11940	41246	11182	0	7226	6644	224	35230	124	9526	0	732	0	3742	0	2128	0	2748	0	82	0	0	0	194	7222	28080	0	5784	0	0	0	0	0	0	0	0	0	0	0	0	0	0	0	1846	0	0	0	118	0	0	0	0	0	0	0	0	0	0	0	0	0	0	0	0	0	0	0	0	0	84	0	0	0	0	
381688	Lingual_L	348	0	0	0	0	0	0	0	0	0	0	0	0	0	0	0	0	0	128	0	0	0	0	0	0	0	0	0	136	0	0	0	102	198	2042	332	2722	0	3388	0	0	0	25104	10046	6668	7226	0	6006	7012	2500	18910	440	16700	76	23278	1750	194	0	160	0	188	0	0	0	0	0	7654	2456	222	114	0	0	116	0	0	0	196	0	132	0	114	0	0	0	272	0	0	0	1116	0	8242	1944	94	150	0	0	9712	450	13686	2468	0	0	0	0	0	0	0	0	0	0	1568	3782	702	0	0	0	
307396	Lingual_R	0	404	0	122	0	0	0	0	0	0	0	0	0	0	0	0	0	0	0	162	0	0	0	0	0	0	0	0	0	74	0	0	0	588	590	5470	388	6602	852	6762	0	0	3776	21316	1172	6644	6006	0	0	5966	0	4556	0	4370	210	25920	0	636	0	0	0	0	0	0	0	0	410	11140	0	1180	0	78	88	310	0	0	0	476	0	0	0	0	0	0	0	304	0	0	0	222	1540	6234	378	210	206	260	1906	6982	2148	7606	0	0	0	0	0	0	0	0	0	232	5314	3676	212	0	0	0	
318076	Occipital_Sup_L	1308	0	92	0	0	0	0	0	0	0	0	0	0	0	0	0	136	0	0	0	0	0	0	0	0	0	0	0	202	0	0	0	890	164	822	184	0	0	0	0	0	0	13750	308	27760	224	7012	0	0	0	46374	0	9854	0	1368	0	3238	0	14012	0	5608	0	140	0	4872	0	15814	822	804	0	0	0	0	0	0	0	0	0	148	0	240	0	0	0	1908	0	0	0	984	0	0	0	0	0	0	0	0	0	0	0	0	0	0	0	0	0	0	0	0	0	0	0	0	0	0	0	
352544	Occipital_Sup_R	0	5054	0	1202	0	0	0	1128	0	0	0	0	0	0	0	0	0	1784	0	284	0	0	0	0	0	0	0	0	0	388	0	0	1294	6312	512	1244	0	96	0	70	0	0	3414	24662	3212	35230	2500	5966	0	0	0	21610	0	1098	0	3898	0	5080	0	7160	0	3062	0	2552	0	7982	2634	15542	0	5888	0	0	0	0	0	0	0	0	0	142	0	1718	0	0	0	2268	0	0	0	1286	0	0	0	0	0	0	0	0	0	0	0	0	0	0	0	0	0	0	0	0	0	0	0	0	0	0	
544748	Occipital_Mid_L	3636	0	214	0	0	0	76	0	0	0	92	0	0	0	0	0	922	0	216	0	0	0	0	0	0	0	0	0	1572	0	0	0	810	0	666	0	192	0	122	0	0	0	22728	88	16750	124	18910	0	46374	0	0	0	35622	0	10256	0	7592	0	13064	0	18946	0	1962	0	19566	0	11420	0	1896	0	0	0	0	0	0	0	0	0	1754	0	2166	0	0	0	25812	0	0	0	8380	0	0	0	0	0	0	0	84	0	362	0	0	0	0	0	0	0	0	0	0	0	0	0	0	0	0	0	
235768	Occipital_Mid_R	0	1416	0	384	0	0	0	358	0	0	0	0	0	0	0	0	0	240	0	170	0	0	0	0	0	0	0	0	0	342	0	0	736	1924	348	714	0	200	0	298	0	0	212	10228	642	9526	440	4556	0	21610	0	0	0	3760	0	5176	0	1070	0	4042	0	3194	0	2600	0	20116	1036	4978	0	1014	0	0	0	0	0	0	0	0	0	128	0	3138	0	0	0	12032	0	0	0	1256	0	0	0	0	0	0	0	0	0	0	0	0	0	0	0	0	0	0	0	0	0	0	0	0	0	0	
248520	Occipital_Inf_L	1316	0	0	0	0	0	0	0	0	0	0	0	0	0	0	0	708	0	0	0	0	0	0	0	0	0	0	0	938	0	0	0	168	0	326	0	206	0	534	0	0	0	9632	0	3892	0	16700	0	9854	0	35622	0	0	0	14724	0	1586	0	1150	0	2334	0	376	0	204	0	3524	0	698	0	0	0	0	0	0	0	0	0	1088	0	1000	0	0	0	8092	0	0	0	8892	0	0	0	0	0	0	0	98	0	598	0	0	0	0	0	0	0	0	0	0	0	0	0	0	0	0	0	
65436	Occipital_Inf_R	0	532	0	410	0	0	0	410	0	0	0	0	0	0	0	0	0	0	0	200	0	0	0	0	0	0	0	0	0	420	0	0	0	300	0	330	0	676	0	1248	0	0	0	1996	126	732	76	4370	0	1098	0	3760	0	0	0	8850	0	0	0	0	0	0	0	0	0	0	0	400	0	358	0	0	0	0	0	0	0	0	0	424	0	204	0	0	0	932	0	0	0	4866	0	0	0	0	0	0	0	0	0	0	0	0	0	0	0	0	0	0	0	0	0	0	0	0	0	0	
392744	Fusiform_L	1676	0	346	0	0	0	0	0	0	0	0	0	0	0	124	0	328	0	660	0	266	0	0	0	0	0	0	0	3558	0	0	0	116	0	630	0	9230	0	8984	0	1850	0	2288	0	1002	0	23278	210	1368	0	10256	0	14724	0	0	78	614	0	0	0	896	0	638	0	326	0	2804	0	1580	0	0	144	1058	0	0	0	234	0	1058	0	2176	0	1930	0	4046	0	958	0	15390	0	24090	630	1458	412	294	0	16226	166	30762	664	488	0	1684	134	448	0	0	0	0	76	596	2552	868	0	0	0	
457936	Fusiform_R	0	1152	0	1020	0	0	0	714	0	0	0	910	0	104	0	0	0	158	174	1732	0	78	0	0	0	0	0	0	0	4312	0	0	174	1136	104	658	80	27060	78	26296	0	4686	192	11246	82	3742	1750	25920	0	3898	0	5176	0	8850	78	0	0	440	0	112	0	172	0	476	0	274	282	4076	0	1386	0	158	0	8692	0	1740	0	266	0	742	0	1980	0	2666	0	3240	0	722	0	14520	520	16216	158	476	0	350	1170	11004	868	18884	0	0	0	0	0	98	0	0	0	318	3138	2194	70	0	0	0	
337192	Postcentral_L	37898	298	7656	90	0	0	3272	0	0	0	5272	0	98	0	0	0	11538	0	2364	198	0	0	0	0	0	0	0	0	4660	0	0	0	828	72	334	132	1996	128	0	0	0	0	578	0	782	0	194	0	3238	0	7592	0	1586	0	614	0	0	0	7100	0	21754	0	9214	0	2816	0	3374	0	10728	0	82	762	792	0	70	0	1064	322	4096	0	9554	0	0	0	3492	0	0	0	1958	0	0	0	0	0	0	0	0	0	0	0	0	0	0	0	0	0	0	0	0	0	0	0	0	0	0	0	
207700	Postcentral_R	0	14384	0	1780	0	0	0	1402	0	0	0	1798	0	0	0	0	0	5766	0	820	0	0	0	0	0	0	0	0	0	1934	0	0	104	6466	0	702	0	732	0	218	0	0	0	2062	0	2128	0	636	0	5080	0	1070	0	0	0	440	0	0	0	7730	0	6098	0	10216	0	548	334	9130	0	12602	0	0	0	658	0	0	0	0	0	554	0	2772	0	0	0	3194	0	0	0	2492	0	0	0	0	0	0	0	0	0	0	0	0	0	0	0	0	0	0	0	0	0	0	0	0	0	0	
140560	Parietal_Sup_L	1956	0	112	0	0	0	0	0	0	0	0	0	0	0	0	0	88	0	0	0	0	0	0	0	0	0	0	0	82	0	0	0	150	0	0	0	0	0	0	0	0	0	496	0	1316	0	160	0	14012	0	13064	0	1150	0	0	0	7100	0	0	0	12184	0	778	0	6052	0	10438	114	562	0	0	0	0	0	0	0	0	0	0	0	104	0	0	0	222	0	0	0	140	0	0	0	0	0	0	0	0	0	0	0	0	0	0	0	0	0	0	0	0	0	0	0	0	0	0	0	
128840	Parietal_Sup_R	0	2150	0	488	0	0	0	472	0	0	0	0	0	0	0	0	0	204	0	90	0	0	0	0	0	0	0	0	0	0	0	0	104	706	72	98	0	82	0	190	0	0	0	212	96	2748	0	0	0	7160	0	4042	0	0	0	112	0	7730	0	0	0	11874	0	6496	0	5784	1542	9144	0	990	0	0	0	0	0	0	0	0	0	188	0	904	0	0	0	168	0	0	0	574	0	0	0	0	0	0	0	0	0	0	0	0	0	0	0	0	0	0	0	0	0	0	0	0	0	0	
272948	Parietal_Inf_L	6082	0	616	0	0	0	1166	0	0	0	0	0	0	0	0	0	1718	0	98	0	0	0	0	0	0	0	0	0	330	0	0	0	812	0	296	0	98	0	0	0	0	0	318	0	268	0	188	0	5608	0	18946	0	2334	0	896	0	21754	0	12184	0	0	0	16058	0	22632	0	1574	0	1180	0	0	0	0	0	0	0	0	0	790	0	3580	0	0	0	10370	0	0	0	6578	0	0	0	0	0	0	0	0	0	0	0	0	0	0	0	0	0	0	0	0	0	0	0	0	0	0	0	
119052	Parietal_Inf_R	0	1972	0	300	0	0	0	282	0	0	0	0	0	0	0	0	0	600	0	0	0	0	0	0	0	0	0	0	0	0	0	0	0	114	0	0	0	142	0	358	0	0	0	0	0	82	0	0	0	3062	0	3194	0	0	0	172	0	6098	0	11874	0	0	0	14688	0	12424	86	494	0	170	0	0	0	0	0	0	0	0	0	332	0	1694	0	0	0	356	0	0	0	1032	0	0	0	0	0	0	0	0	0	0	0	0	0	0	0	0	0	0	0	0	0	0	0	0	0	0	
146404	SupraMarginal_L	2042	0	456	0	0	0	92	0	0	0	0	0	0	0	0	0	4448	0	0	0	0	0	0	0	0	0	0	0	918	0	0	0	214	0	0	0	0	0	0	0	0	0	70	0	84	0	0	0	140	0	1962	0	376	0	638	0	9214	0	778	0	16058	0	0	0	10386	0	334	0	602	0	0	0	0	0	0	0	0	0	1806	0	8448	0	0	0	6894	0	0	0	7242	0	0	0	0	0	0	0	0	0	0	0	0	0	0	0	0	0	0	0	0	0	0	0	0	0	0	0	
142888	SupraMarginal_R	0	3020	0	424	0	0	0	382	0	0	0	72	0	0	0	0	0	4770	0	0	0	0	0	0	0	0	0	0	0	168	0	0	0	178	0	0	0	358	0	954	0	0	0	0	0	0	0	0	0	2552	0	2600	0	0	0	476	0	10216	0	6496	0	14688	0	0	0	8920	0	364	0	232	0	0	0	0	0	0	0	0	0	1732	0	7110	0	0	0	2328	0	0	0	3404	0	0	0	0	0	0	0	0	0	0	0	0	0	0	0	0	0	0	0	0	0	0	0	0	0	0	
171476	Angular_L	926	0	0	0	0	0	0	0	0	0	0	0	0	0	0	0	396	0	0	0	0	0	0	0	0	0	0	0	162	0	0	0	710	0	228	0	0	0	0	0	0	0	90	0	190	0	0	0	4872	0	19566	0	204	0	326	0	2816	0	6052	0	22632	0	10386	0	0	0	1176	0	522	0	0	0	0	0	0	0	0	0	476	0	1808	0	0	0	9370	0	0	0	2830	0	0	0	0	0	0	0	0	0	0	0	0	0	0	0	0	0	0	0	0	0	0	0	0	0	0	0	
146940	Angular_R	0	1288	0	382	0	0	0	374	0	0	0	0	0	0	0	0	0	622	0	0	0	0	0	0	0	0	0	0	0	74	0	0	0	270	0	0	0	218	0	580	0	0	0	0	0	194	0	0	0	7982	0	20116	0	0	0	274	0	548	0	5784	0	12424	0	8920	0	0	0	366	0	284	0	0	0	0	0	0	0	0	0	250	0	5606	0	0	0	5978	0	0	0	936	0	0	0	0	0	0	0	0	0	0	0	0	0	0	0	0	0	0	0	0	0	0	0	0	0	0	
333904	Precuneus_L	942	270	310	80	0	0	0	70	0	0	184	0	0	0	0	0	296	0	356	0	0	0	0	0	0	0	0	0	356	0	0	0	8804	4476	11600	2960	1974	0	808	0	0	0	12454	3920	20340	7222	7654	410	15814	2634	11420	1036	3524	0	2804	282	3374	334	10438	1542	1574	86	334	0	1176	0	0	17012	3016	890	0	0	0	0	0	0	0	0	70	0	530	0	0	0	1234	166	0	0	2046	0	0	0	0	0	0	0	0	0	0	0	0	0	0	0	0	0	0	0	0	0	130	0	0	0	0	0	
433160	Precuneus_R	0	3504	0	946	0	0	0	878	0	0	0	0	0	0	0	0	0	656	348	1106	0	0	0	0	0	0	0	0	0	174	0	0	3470	16442	5782	15970	396	5962	0	4466	0	0	2668	24980	3906	28080	2456	11140	822	15542	0	4978	0	400	0	4076	0	9130	114	9144	0	494	0	364	0	366	17012	0	148	13538	0	0	0	0	0	0	0	328	0	0	0	274	0	0	0	3754	0	0	0	952	0	0	0	0	0	0	0	718	0	0	0	0	0	0	0	0	0	0	0	0	962	134	0	0	0	0	
331600	Paracentral_Lobule_L	33590	2738	7376	940	0	0	2568	0	0	0	604	0	0	0	0	0	1762	0	20372	5260	0	0	0	0	0	0	0	0	4732	0	0	0	6084	1894	4596	1600	8186	1566	1192	94	0	0	160	0	590	0	222	0	804	0	1896	0	698	0	1580	0	10728	0	562	0	1180	0	602	0	522	0	3016	148	0	1538	1400	2670	9862	210	3380	104	11732	2606	1130	0	1110	0	0	0	668	0	0	0	1528	0	0	0	0	0	0	0	0	0	0	0	0	0	0	0	0	0	0	0	0	0	0	0	0	0	0	0	
256960	Paracentral_Lobule_R	868	7018	0	624	0	0	0	514	0	0	0	0	0	0	0	0	0	316	914	17690	0	0	0	0	0	0	0	0	0	216	0	0	1256	25518	292	3940	0	2000	0	428	0	0	0	6084	0	5784	114	1180	0	5888	0	1014	0	358	0	1386	0	12602	0	990	0	170	0	232	0	284	890	13538	1538	0	730	1114	0	0	0	0	654	724	0	106	0	1042	0	0	0	6356	0	0	0	4036	0	0	0	0	0	0	0	0	0	0	0	0	0	0	0	0	0	0	0	0	0	72	0	0	0	0	
186960	Caudate_L	1016	738	1176	1204	1532	572	330	1574	206	0	202	86	846	1300	2380	956	0	0	1536	2378	7506	6214	140	0	526	230	3590	1662	4020	1798	3674	2336	0	194	0	102	564	0	80	0	0	0	0	0	0	0	0	0	0	0	0	0	0	0	0	0	82	0	0	0	0	0	0	0	0	0	0	0	1400	730	0	12776	10854	1372	1412	0	10622	3290	0	0	170	0	104	0	0	0	0	0	0	0	0	0	0	0	0	0	0	0	0	0	0	0	0	0	0	0	0	0	0	0	0	0	0	0	0	0	
403528	Caudate_R	2424	2532	6396	9094	90	2378	1770	7550	0	102	458	330	2348	5444	2068	4080	124	0	11468	13550	3872	6848	150	3024	288	2262	1022	2838	7916	6426	3776	8074	420	1084	0	422	1484	270	230	220	0	70	0	0	0	0	0	78	0	0	0	0	0	0	144	158	762	0	0	0	0	0	0	0	0	0	0	0	2670	1114	12776	0	12514	18888	2158	974	2338	24216	0	0	0	0	72	0	0	0	0	0	0	0	0	0	0	0	0	0	0	0	0	0	0	0	0	0	0	0	0	0	0	0	0	0	0	0	0	0	
327124	Putamen_L	6858	680	14672	748	2902	186	3354	1482	548	0	570	102	2118	1200	3006	338	164	0	11710	1468	3268	3590	5198	102	486	108	1662	570	21146	1506	5664	1028	190	0	0	118	9588	322	2640	172	540	130	0	0	0	0	116	88	0	0	0	0	0	0	1058	0	792	0	0	0	0	0	0	0	0	0	0	0	9862	0	10854	12514	0	1420	7048	0	4822	3354	0	0	554	0	128	0	0	0	0	0	818	0	0	0	0	0	0	0	0	0	0	0	0	0	0	0	0	0	0	0	0	0	0	0	0	0	0	0	
335368	Putamen_R	140	4452	1340	13798	0	1164	0	6776	0	288	0	5358	72	2040	0	4768	0	3484	4880	14248	1218	1692	0	1656	112	824	308	556	598	19706	1276	3560	464	1536	114	308	200	21644	112	9570	0	1812	0	0	0	0	0	310	0	0	0	0	0	0	0	8692	0	658	0	0	0	0	0	0	0	0	0	0	210	0	1372	18888	1420	0	0	3116	0	620	0	0	0	184	0	202	0	136	0	0	0	1030	0	90	0	0	0	0	0	318	0	364	0	0	0	0	0	0	0	0	0	0	0	0	0	0	0	0	
49276	Pallidum_L	2402	766	460	244	0	0	0	1132	0	0	0	0	72	238	70	0	0	0	1416	436	0	0	0	0	0	0	0	0	124	144	0	0	0	0	0	0	750	0	442	0	0	0	0	0	0	0	0	0	0	0	0	0	0	0	0	0	70	0	0	0	0	0	0	0	0	0	0	0	3380	0	1412	2158	7048	0	0	0	1718	156	0	0	0	0	0	0	0	0	0	0	0	0	0	0	0	0	0	0	0	0	0	0	0	0	0	0	0	0	0	0	0	0	0	0	0	0	0	0	
30136	Pallidum_R	86	474	0	1132	0	0	0	0	0	0	0	0	0	0	0	0	0	114	0	2052	0	0	0	0	0	0	0	0	0	88	0	0	0	102	0	0	0	2402	0	1994	0	0	0	0	0	0	0	0	0	0	0	0	0	0	0	1740	0	0	0	0	0	0	0	0	0	0	0	0	104	0	0	974	0	3116	0	0	0	96	0	0	0	0	0	0	0	0	0	0	0	0	0	70	0	0	0	0	0	288	0	236	0	0	0	0	0	0	0	0	0	0	0	0	0	0	0	0	
160780	Thalamus_L	6672	6198	990	3138	0	0	572	0	0	0	112	0	0	0	0	0	204	0	6548	2134	0	0	0	0	0	0	0	0	2926	0	86	0	0	0	74	2362	6734	1880	438	0	0	0	0	0	0	0	196	0	0	0	0	0	0	0	234	0	1064	0	0	0	0	0	0	0	0	0	0	0	11732	654	10622	2338	4822	0	1718	0	0	4964	304	0	218	0	0	0	152	0	0	0	304	0	0	0	0	0	0	0	0	0	0	0	0	0	0	0	0	0	0	0	0	0	0	0	0	0	0	0	
187804	Thalamus_R	1810	13596	1728	3936	0	0	420	356	0	0	196	0	246	108	118	0	0	0	2268	9946	0	0	0	0	0	0	0	0	2074	154	528	0	0	386	1028	4886	2438	5058	348	672	0	0	0	0	0	0	0	476	0	0	0	0	0	0	0	266	322	0	0	0	0	0	0	0	0	0	0	328	2606	724	3290	24216	3354	620	156	96	4964	0	184	0	0	0	0	0	0	0	0	0	0	0	0	0	0	0	0	0	0	0	0	0	0	0	0	0	0	0	0	0	0	0	0	0	0	0	0	0	
115504	Heschl_L	4624	184	596	0	0	0	216	0	0	0	1398	0	0	0	0	0	6766	0	762	0	0	0	0	0	0	0	0	0	8162	0	0	0	0	0	120	192	3962	188	250	0	0	0	0	0	0	0	132	0	148	0	1754	0	1088	0	1058	0	4096	0	0	0	790	0	1806	0	476	0	70	0	1130	0	0	0	0	0	0	0	304	184	0	0	6654	0	0	0	5340	0	0	0	5302	0	0	0	0	0	0	0	0	0	0	0	0	0	0	0	0	0	0	0	0	0	0	0	0	0	0	0	
50912	Heschl_R	0	1292	0	320	0	0	0	224	0	0	0	738	0	0	0	0	0	2360	0	82	0	0	0	0	0	0	0	0	0	1406	0	0	0	0	0	0	0	1038	0	1022	0	0	0	0	0	0	0	0	0	142	0	128	0	424	0	742	0	554	0	188	0	332	0	1732	0	250	0	0	0	106	0	0	0	0	0	0	0	0	0	0	0	6280	0	0	0	848	0	0	0	5248	0	0	0	0	0	0	0	0	0	0	0	0	0	0	0	0	0	0	0	0	0	0	0	0	0	0	
261444	Temporal_Sup_L	5642	0	3800	0	0	0	432	0	0	0	5486	0	372	0	90	0	14004	0	2640	0	296	0	0	0	0	0	0	0	8672	0	0	0	268	0	170	0	1940	0	166	0	0	0	0	0	0	0	114	0	240	0	2166	0	1000	0	2176	0	9554	0	104	0	3580	0	8448	0	1808	0	530	0	1110	0	170	0	554	0	0	0	218	0	6654	0	0	0	3374	0	27262	0	0	0	17682	0	0	0	0	0	0	0	0	0	0	0	0	0	0	0	0	0	0	0	0	0	0	0	0	0	0	0	
162000	Temporal_Sup_R	0	1846	0	456	0	0	0	422	0	0	0	630	0	0	0	0	0	5366	0	482	0	0	0	0	0	0	0	0	0	3702	0	0	0	760	0	90	0	2670	0	3024	0	0	0	0	0	0	0	0	0	1718	0	3138	0	204	0	1980	0	2772	0	904	0	1694	0	7110	0	5606	0	274	0	1042	0	0	0	184	0	0	0	0	0	6280	0	0	0	3696	0	15968	0	186	0	8796	0	0	0	0	0	0	0	0	0	0	0	0	0	0	0	0	0	0	0	0	0	0	0	0	0	0	
70772	Temporal_Pole_Sup_L	178	0	1526	0	484	0	652	0	818	0	3280	0	1230	0	2030	0	1432	0	1358	0	678	0	0	0	0	0	0	0	4580	0	0	0	0	0	0	0	1016	0	706	0	426	0	0	0	0	0	0	0	0	0	0	0	0	0	1930	0	0	0	0	0	0	0	0	0	0	0	0	0	0	0	104	72	128	0	0	0	0	0	0	0	3374	0	0	0	4926	0	1530	0	2928	0	0	0	0	0	0	0	0	0	0	0	0	0	0	0	0	0	0	0	0	0	0	0	0	0	0	0	
54128	Temporal_Pole_Sup_R	0	0	124	452	0	0	0	0	0	0	0	856	0	0	0	398	0	1964	232	1090	0	344	0	0	0	0	0	0	84	4074	0	0	0	0	0	0	0	416	0	1946	0	1120	0	0	0	0	0	0	0	0	0	0	0	0	0	2666	0	0	0	0	0	0	0	0	0	0	0	0	0	0	0	0	0	202	0	0	0	0	0	0	0	3696	0	0	0	3392	0	2768	0	1240	0	0	0	0	0	0	0	0	0	0	0	0	0	0	0	0	0	0	0	0	0	0	0	0	0	0	
323536	Temporal_Mid_L	1970	0	142	0	0	0	0	0	0	0	0	0	0	0	0	0	1926	0	106	0	0	0	0	0	0	0	0	0	2598	0	0	0	424	0	292	0	832	0	0	0	0	0	488	0	368	0	272	0	1908	0	25812	0	8092	0	4046	0	3492	0	222	0	10370	0	6894	0	9370	0	1234	0	668	0	0	0	0	0	0	0	152	0	5340	0	27262	0	4926	0	0	0	1430	0	41132	0	0	0	0	0	0	0	0	0	0	0	0	0	0	0	0	0	0	0	0	0	0	0	0	0	0	0	
219128	Temporal_Mid_R	0	690	0	210	0	0	0	208	0	0	0	0	0	0	0	0	0	690	0	2064	0	0	0	0	0	0	0	0	0	2262	0	0	126	5254	0	714	0	1752	0	1634	0	0	0	3922	0	1846	0	304	0	2268	0	12032	0	932	0	3240	0	3194	0	168	0	356	0	2328	0	5978	166	3754	0	6356	0	0	0	136	0	0	0	0	0	848	0	15968	0	3392	0	0	0	1270	0	25502	0	0	0	0	0	0	0	0	0	0	0	0	0	0	0	0	0	0	0	0	0	0	0	0	0	0	
11816	Temporal_Pole_Mid_L	0	0	0	0	0	0	0	0	0	0	0	0	0	0	0	0	0	0	0	0	0	0	0	0	0	0	0	0	72	0	0	0	0	0	0	0	0	0	0	0	0	0	0	0	0	0	0	0	0	0	0	0	0	0	958	0	0	0	0	0	0	0	0	0	0	0	0	0	0	0	0	0	0	0	0	0	0	0	0	0	0	0	1530	0	1430	0	0	0	1918	0	0	0	0	0	0	0	0	0	0	0	0	0	0	0	0	0	0	0	0	0	0	0	0	0	0	0	
14084	Temporal_Pole_Mid_R	0	0	0	0	0	0	0	0	0	0	0	0	0	0	0	0	0	0	0	0	0	0	0	0	0	0	0	0	0	0	0	0	0	0	0	0	0	0	0	1258	0	202	0	0	0	0	0	0	0	0	0	0	0	0	0	722	0	0	0	0	0	0	0	0	0	0	0	0	0	0	0	0	0	0	0	0	0	0	0	0	0	186	0	2768	0	1270	0	0	0	636	0	0	0	0	0	0	0	0	0	0	0	0	0	0	0	0	0	0	0	0	0	0	0	0	0	0	
305300	Temporal_Inf_L	2542	0	458	0	0	0	0	0	0	0	0	0	0	0	0	0	2232	0	544	0	0	0	0	0	0	0	0	0	5052	0	0	0	548	0	562	0	7090	0	1082	0	340	0	830	0	530	0	1116	0	984	0	8380	0	8892	0	15390	0	1958	0	140	0	6578	0	7242	0	2830	0	2046	0	1528	0	0	0	818	0	0	0	304	0	5302	0	17682	0	2928	0	41132	0	1918	0	0	0	2874	0	0	0	0	0	168	0	630	0	0	0	0	0	0	0	0	0	0	0	0	0	0	0	0	0	
216168	Temporal_Inf_R	0	1996	0	1074	0	0	0	1068	0	0	0	0	0	0	0	0	0	428	0	1418	0	0	0	0	0	0	0	0	0	2902	0	0	0	2724	0	316	0	6874	0	6298	0	98	0	500	0	118	0	222	0	1286	0	1256	0	4866	0	14520	0	2492	0	574	0	1032	0	3404	0	936	0	952	0	4036	0	0	0	1030	0	0	0	0	0	5248	0	8796	0	1240	0	25502	0	636	0	0	0	2752	0	318	0	0	0	110	0	1062	0	0	0	0	0	0	0	0	0	0	0	0	0	0	0	0	
540756	Cerebelum_Crus1_L	0	0	0	0	0	0	0	0	0	0	0	0	0	0	0	0	0	0	0	0	0	0	0	0	0	0	0	0	0	0	0	0	0	0	0	0	74	0	1664	0	0	0	0	0	0	0	8242	1540	0	0	0	0	0	0	24090	520	0	0	0	0	0	0	0	0	0	0	0	0	0	0	0	0	0	0	0	0	0	0	0	0	0	0	0	0	0	0	0	0	2874	0	0	6850	36544	2954	2274	1634	36660	6224	65908	7238	13106	250	11612	756	2206	170	526	0	142	3120	13424	11562	6906	772	396	140	
576668	Cerebelum_Crus1_R	0	0	0	0	0	0	0	0	0	0	0	0	0	0	0	0	0	0	0	0	0	0	0	0	0	0	0	0	0	0	0	0	0	0	0	0	0	114	0	606	0	0	0	0	0	0	1944	6234	0	0	0	0	0	0	630	16216	0	0	0	0	0	0	0	0	0	0	0	0	0	0	0	0	0	90	0	70	0	0	0	0	0	0	0	0	0	0	0	0	0	2752	6850	0	2778	26682	1446	10472	15902	32526	12762	68676	782	2826	2928	10922	848	854	0	0	680	10264	26438	16100	5950	986	830	1176	
352328	Cerebelum_Crus2_L	0	0	0	0	0	0	0	0	0	0	0	0	0	0	0	0	0	0	0	0	0	0	0	0	0	0	0	0	0	0	0	0	0	0	0	0	0	0	136	0	0	0	0	0	0	0	94	378	0	0	0	0	0	0	1458	158	0	0	0	0	0	0	0	0	0	0	0	0	0	0	0	0	0	0	0	0	0	0	0	0	0	0	0	0	0	0	0	0	0	0	36544	2778	0	6006	1598	662	7990	1998	15076	2292	35488	2352	29050	1314	6134	132	1836	0	86	1774	3812	5950	9142	1510	324	92	
325428	Cerebelum_Crus2_R	0	0	0	0	0	0	0	0	0	0	0	0	0	0	0	0	0	0	0	0	0	0	0	0	0	0	0	0	0	0	0	0	0	0	0	0	0	0	0	262	0	0	0	0	0	0	150	210	0	0	0	0	0	0	412	476	0	0	0	0	0	0	0	0	0	0	0	0	0	0	0	0	0	0	0	0	0	0	0	0	0	0	0	0	0	0	0	0	0	318	2954	26682	6006	0	754	4412	3576	5972	5328	14620	6888	17268	8474	22900	862	1438	0	0	362	3956	4824	6350	12552	3534	428	746	
116492	Cerebelum_3_L	0	0	0	0	0	0	0	0	0	0	0	0	0	0	0	0	0	0	0	0	0	0	0	0	0	0	0	0	0	0	0	0	0	0	0	0	0	0	434	0	0	0	0	0	0	0	0	206	0	0	0	0	0	0	294	0	0	0	0	0	0	0	0	0	0	0	0	0	0	0	0	0	0	0	0	0	0	0	0	0	0	0	0	0	0	0	0	0	0	0	2274	1446	1598	754	0	1624	11382	852	4190	1450	900	118	3950	990	6198	952	0	0	1674	5114	4164	2544	952	1844	1430	912	
215544	Cerebelum_3_R	0	0	0	0	0	0	0	0	0	0	0	0	0	0	0	0	0	0	0	0	0	0	0	0	0	0	0	0	0	0	0	0	0	0	0	0	0	174	132	870	0	166	0	0	0	0	0	260	0	0	0	0	0	0	0	350	0	0	0	0	0	0	0	0	0	0	0	0	0	0	0	0	0	0	0	0	0	0	0	0	0	0	0	0	0	0	0	0	0	0	1634	10472	662	4412	1624	0	5642	13000	3788	11496	104	848	832	6594	466	6250	0	0	1700	14716	9730	2468	1674	3310	3290	1108	
568488	Cerebelum_4_5_L	0	0	0	0	0	0	0	0	0	0	0	0	0	0	0	0	0	0	0	0	0	0	0	0	0	0	0	0	0	0	0	0	0	0	0	0	410	70	3376	158	0	0	0	0	0	0	9712	1906	0	0	84	0	98	0	16226	1170	0	0	0	0	0	0	0	0	0	0	0	0	0	0	0	0	0	0	0	0	0	0	0	0	0	0	0	0	0	0	0	0	168	0	36660	15902	7990	3576	11382	5642	0	14874	54448	17380	1978	494	9108	3040	7600	1116	244	0	1666	11006	28110	9224	4190	2474	1636	1126	
448464	Cerebelum_4_5_R	0	0	0	0	0	0	0	0	0	0	0	0	0	0	0	0	0	0	0	0	0	0	0	0	0	0	0	0	0	0	0	0	0	0	216	576	0	1208	0	3358	0	88	0	82	0	0	450	6982	0	0	0	0	0	0	166	11004	0	0	0	0	0	0	0	0	0	0	0	718	0	0	0	0	0	318	0	288	0	0	0	0	0	0	0	0	0	0	0	0	0	110	6224	32526	1998	5972	852	13000	14874	0	9212	45064	92	1394	746	8940	520	5394	0	1692	518	10746	26668	5378	1536	2314	2078	930	
639136	Cerebelum_6_L	0	0	0	0	0	0	0	0	0	0	0	0	0	0	0	0	0	0	0	0	0	0	0	0	0	0	0	0	0	0	0	0	0	0	0	0	192	0	2926	76	0	0	0	0	0	0	13686	2148	0	0	362	0	598	0	30762	868	0	0	0	0	0	0	0	0	0	0	0	0	0	0	0	0	0	0	0	0	0	0	0	0	0	0	0	0	0	0	0	0	630	0	65908	12762	15076	5328	4190	3788	54448	9212	0	13214	4642	1144	11554	4122	2612	552	464	0	564	7118	19896	18148	9196	1882	998	502	
603824	Cerebelum_6_R	0	0	0	0	0	0	0	0	0	0	0	0	0	0	0	0	0	0	0	70	0	0	0	0	0	0	0	0	0	0	0	0	0	0	0	0	0	538	0	1726	0	0	0	0	0	0	2468	7606	0	0	0	0	0	0	664	18884	0	0	0	0	0	0	0	0	0	0	0	0	0	0	0	0	0	364	0	236	0	0	0	0	0	0	0	0	0	0	0	0	0	1062	7238	68676	2292	14620	1450	11496	17380	45064	13214	0	182	2314	2156	9140	808	4042	0	1794	766	11760	29964	16620	4064	1000	926	1328	
276836	Cerebelum_7b_L	0	0	0	0	0	0	0	0	0	0	0	0	0	0	0	0	0	0	0	0	0	0	0	0	0	0	0	0	0	0	0	0	0	0	0	0	0	0	88	0	0	0	0	0	0	0	0	0	0	0	0	0	0	0	488	0	0	0	0	0	0	0	0	0	0	0	0	0	0	0	0	0	0	0	0	0	0	0	0	0	0	0	0	0	0	0	0	0	0	0	13106	782	35488	6888	900	104	1978	92	4642	182	0	5064	36318	3184	9846	86	2786	0	0	234	166	3564	8256	3952	224	0	
168240	Cerebelum_7b_R	0	0	0	0	0	0	0	0	0	0	0	0	0	0	0	0	0	0	0	0	0	0	0	0	0	0	0	0	0	0	0	0	0	0	0	0	0	0	0	0	0	0	0	0	0	0	0	0	0	0	0	0	0	0	0	0	0	0	0	0	0	0	0	0	0	0	0	0	0	0	0	0	0	0	0	0	0	0	0	0	0	0	0	0	0	0	0	0	0	0	250	2826	2352	17268	118	848	494	1394	1144	2314	5064	0	5786	24580	274	5084	0	140	134	700	948	1566	4586	4998	720	532	
377848	Cerebelum_8_L	0	0	0	0	0	0	0	0	0	0	0	0	0	0	0	0	0	0	0	0	0	0	0	0	0	0	0	0	0	0	0	0	0	0	0	0	0	0	348	0	0	0	0	0	0	0	0	0	0	0	0	0	0	0	1684	0	0	0	0	0	0	0	0	0	0	0	0	0	0	0	0	0	0	0	0	0	0	0	0	0	0	0	0	0	0	0	0	0	0	0	11612	2928	29050	8474	3950	832	9108	746	11554	2156	36318	5786	0	7486	20822	350	3402	0	436	1582	2112	8486	11168	6660	1508	366	
326736	Cerebelum_8_R	0	0	0	0	0	0	0	0	0	0	0	0	0	0	0	0	0	0	0	0	0	0	0	0	0	0	0	0	0	0	0	0	0	0	0	0	0	0	0	256	0	0	0	0	0	0	0	0	0	0	0	0	0	0	134	0	0	0	0	0	0	0	0	0	0	0	0	0	0	0	0	0	0	0	0	0	0	0	0	0	0	0	0	0	0	0	0	0	0	0	756	10922	1314	22900	990	6594	3040	8940	4122	9140	3184	24580	7486	0	1654	16130	0	2492	688	4462	4870	6362	7770	8666	4164	1752	
176480	Cerebelum_9_L	0	0	0	0	0	0	0	0	0	0	0	0	0	0	0	0	0	0	0	0	0	0	0	0	0	0	0	0	0	0	0	0	0	0	0	0	74	0	368	0	0	0	0	0	0	0	0	0	0	0	0	0	0	0	448	0	0	0	0	0	0	0	0	0	0	0	0	0	0	0	0	0	0	0	0	0	0	0	0	0	0	0	0	0	0	0	0	0	0	0	2206	848	6134	862	6198	466	7600	520	2612	808	9846	274	20822	1654	0	1856	4500	0	616	1504	1684	3536	2344	3228	5286	1946	
157868	Cerebelum_9_R	0	0	0	0	0	0	0	0	0	0	0	0	0	0	0	0	0	0	0	0	0	0	0	0	0	0	0	0	0	0	0	0	0	0	0	0	0	0	0	206	0	0	0	0	0	0	0	0	0	0	0	0	0	0	0	98	0	0	0	0	0	0	0	0	0	0	0	0	0	0	0	0	0	0	0	0	0	0	0	0	0	0	0	0	0	0	0	0	0	0	170	854	132	1438	952	6250	1116	5394	552	4042	86	5084	350	16130	1856	0	0	4062	2292	5384	2794	2656	834	4236	8148	3818	
27516	Cerebelum_10_L	0	0	0	0	0	0	0	0	0	0	0	0	0	0	0	0	0	0	0	0	0	0	0	0	0	0	0	0	0	0	0	0	0	0	0	0	0	0	0	0	0	0	0	0	0	0	0	0	0	0	0	0	0	0	0	0	0	0	0	0	0	0	0	0	0	0	0	0	0	0	0	0	0	0	0	0	0	0	0	0	0	0	0	0	0	0	0	0	0	0	526	0	1836	0	0	0	244	0	464	0	2786	0	3402	0	4500	0	0	0	0	0	0	0	0	0	0	0	
20360	Cerebelum_10_R	0	0	0	0	0	0	0	0	0	0	0	0	0	0	0	0	0	0	0	0	0	0	0	0	0	0	0	0	0	0	0	0	0	0	0	0	0	0	0	0	0	0	0	0	0	0	0	0	0	0	0	0	0	0	0	0	0	0	0	0	0	0	0	0	0	0	0	0	0	0	0	0	0	0	0	0	0	0	0	0	0	0	0	0	0	0	0	0	0	0	0	0	0	0	0	0	0	1692	0	1794	0	140	0	2492	0	4062	0	0	0	0	0	0	0	0	0	0	
56812	Vermis_1_2	0	0	0	0	0	0	0	0	0	0	0	0	0	0	0	0	0	0	0	0	0	0	0	0	0	0	0	0	0	0	0	0	0	0	0	0	0	0	120	0	0	0	0	0	0	0	0	0	0	0	0	0	0	0	0	0	0	0	0	0	0	0	0	0	0	0	0	0	0	0	0	0	0	0	0	0	0	0	0	0	0	0	0	0	0	0	0	0	0	0	142	680	86	362	1674	1700	1666	518	564	766	0	134	436	688	616	2292	0	0	0	5768	2814	2096	466	1510	1290	2018	
262976	Vermis_3	0	0	0	0	0	0	0	0	0	0	0	0	0	0	0	0	0	0	0	0	0	0	0	0	0	0	0	0	0	0	0	0	0	0	0	0	144	0	550	90	0	0	0	0	0	0	0	232	0	0	0	0	0	0	76	318	0	0	0	0	0	0	0	0	0	0	0	0	0	0	0	0	0	0	0	0	0	0	0	0	0	0	0	0	0	0	0	0	0	0	3120	10264	1774	3956	5114	14716	11006	10746	7118	11760	234	700	1582	4462	1504	5384	0	0	5768	0	15152	4780	2338	3336	3148	2116	
