data	data	494148	248300	1.0118e+06	673668	151508	51856	537528	190084	62972	16324	226968	165996	230952	177048	147908	92060	273984	97504	894916	720048	104040	125024	367124	363152	56256	110620	88688	118976	609304	291192	243816	501020	123680	438052	131128	164204	245604	345968	58524	204072	38028	63176	310548	366052	200588	300184	266324	382684	235660	295908	501060	304472	188788	173184	421336	443136	315056	239740	146584	173160	233716	162840	144660	118420	149664	263924	307108	381784	267896	185104	309416	371344	341576	433056	47104	24384	202000	166320	176028	25632	309768	97136	124436	41700	363680	176716	24348	17968	343216	173468	458816	474308	348040	248028	36212	101732	362556	348960	472832	484956	220144	71908	290304	272788	142256	131520	19404	7524	34164	65764	350992	254440	183424	131960	124468	56652	
data	data	Precentral_L	Precentral_R	Frontal_Sup_L	Frontal_Sup_R	Frontal_Sup_Orb_L	Frontal_Sup_Orb_R	Frontal_Mid_L	Frontal_Mid_R	Frontal_Mid_Orb_L	Frontal_Mid_Orb_R	Frontal_Inf_Oper_L	Frontal_Inf_Oper_R	Frontal_Inf_Tri_L	Frontal_Inf_Tri_R	Frontal_Inf_Orb_L	Frontal_Inf_Orb_R	Rolandic_Oper_L	Rolandic_Oper_R	Supp_Motor_Area_L	Supp_Motor_Area_R	Olfactory_L	Olfactory_R	Frontal_Sup_Medial_L	Frontal_Sup_Medial_R	Frontal_Med_Orb_L	Frontal_Med_Orb_R	Rectus_L	Rectus_R	Insula_L	Insula_R	Cingulum_Ant_L	Cingulum_Ant_R	Cingulum_Mid_L	Cingulum_Mid_R	Cingulum_Post_L	Cingulum_Post_R	Hippocampus_L	Hippocampus_R	ParaHippocampal_L	ParaHippocampal_R	Amygdala_L	Amygdala_R	Calcarine_L	Calcarine_R	Cuneus_L	Cuneus_R	Lingual_L	Lingual_R	Occipital_Sup_L	Occipital_Sup_R	Occipital_Mid_L	Occipital_Mid_R	Occipital_Inf_L	Occipital_Inf_R	Fusiform_L	Fusiform_R	Postcentral_L	Postcentral_R	Parietal_Sup_L	Parietal_Sup_R	Parietal_Inf_L	Parietal_Inf_R	SupraMarginal_L	SupraMarginal_R	Angular_L	Angular_R	Precuneus_L	Precuneus_R	Paracentral_Lobule_L	Paracentral_Lobule_R	Caudate_L	Caudate_R	Putamen_L	Putamen_R	Pallidum_L	Pallidum_R	Thalamus_L	Thalamus_R	Heschl_L	Heschl_R	Temporal_Sup_L	Temporal_Sup_R	Temporal_Pole_Sup_L	Temporal_Pole_Sup_R	Temporal_Mid_L	Temporal_Mid_R	Temporal_Pole_Mid_L	Temporal_Pole_Mid_R	Temporal_Inf_L	Temporal_Inf_R	Cerebelum_Crus1_L	Cerebelum_Crus1_R	Cerebelum_Crus2_L	Cerebelum_Crus2_R	Cerebelum_3_L	Cerebelum_3_R	Cerebelum_4_5_L	Cerebelum_4_5_R	Cerebelum_6_L	Cerebelum_6_R	Cerebelum_7b_L	Cerebelum_7b_R	Cerebelum_8_L	Cerebelum_8_R	Cerebelum_9_L	Cerebelum_9_R	Cerebelum_10_L	Cerebelum_10_R	Vermis_1_2	Vermis_3	Vermis_4_5	Vermis_6	Vermis_7	Vermis_8	Vermis_9	Vermis_10	
494148	Precentral_L	0	9768	10674	2032	0	0	20978	164	0	0	12904	0	992	0	0	0	17054	0	6830	6982	0	0	170	0	0	0	0	0	15212	0	454	0	344	5050	4162	2356	9162	1094	596	330	0	0	1710	0	0	0	200	132	0	0	324	0	2062	0	2674	182	25770	328	0	0	1028	0	510	0	0	0	2304	626	15492	4194	3962	1070	7666	272	1444	368	19654	2112	10872	0	9242	0	182	0	1904	0	0	0	3482	0	0	0	0	0	0	0	0	0	0	0	0	0	0	0	0	0	0	0	0	0	0	0	0	0	0	0	
248300	Precentral_R	9768	0	5492	3004	0	0	952	5332	0	0	0	2720	0	764	0	0	0	1628	8662	2256	0	0	0	0	0	0	0	0	0	1386	0	346	200	1966	834	2906	194	8258	0	2200	0	144	0	252	0	224	0	666	0	172	0	204	0	478	0	1286	1276	10430	0	186	0	278	0	1664	0	330	0	776	8588	4400	1054	6482	198	3144	0	156	3368	18706	0	0	0	0	0	0	0	314	0	0	0	376	0	0	0	0	0	0	0	130	0	0	0	0	0	0	0	0	0	0	0	0	0	0	0	0	0	0	
1.0118e+06	Frontal_Sup_L	10674	5492	0	8766	10660	0	72660	2062	4044	0	13428	934	21460	1126	11278	160	9586	118	112926	18242	406	0	46218	6124	3228	988	602	0	39774	410	16006	5862	4396	4296	0	0	4020	0	0	0	0	0	0	0	0	0	0	0	0	0	0	0	0	0	3552	0	1028	274	0	0	0	0	0	0	0	0	0	0	1854	0	16018	1710	27748	454	2924	0	2246	0	918	0	4044	0	5032	0	0	0	0	0	2152	0	0	0	0	0	0	0	0	0	0	0	0	0	0	0	0	0	0	0	0	0	0	0	0	0	0	0	
673668	Frontal_Sup_R	2032	3004	8766	0	146	1794	738	19778	0	436	522	10228	384	9864	0	4272	0	4204	25012	65708	258	1354	8866	34796	340	3174	0	1372	856	11130	1916	33152	368	13216	0	0	0	8934	0	1360	0	172	0	0	0	0	0	0	0	0	0	0	0	0	0	0	312	192	0	0	0	0	0	0	0	0	0	0	730	124	2396	20672	440	30380	0	2214	0	124	0	0	0	134	360	604	0	0	0	0	0	0	0	0	0	0	0	0	0	0	0	0	0	0	0	0	0	0	0	0	0	0	0	0	0	0	0	0	
151508	Frontal_Sup_Orb_L	0	0	10660	146	0	0	514	0	8904	0	0	0	0	0	8194	0	0	0	602	0	3732	1986	6374	1414	4180	706	6638	1646	4074	0	7562	2772	0	0	0	0	0	0	0	0	0	0	0	0	0	0	0	0	0	0	0	0	0	0	0	0	0	0	0	0	0	0	0	0	0	0	0	0	0	0	1746	498	2360	0	0	0	0	0	0	0	0	0	1046	0	0	0	0	0	0	0	0	0	0	0	0	0	0	0	0	0	0	0	0	0	0	0	0	0	0	0	0	0	0	0	0	0	
51856	Frontal_Sup_Orb_R	0	0	0	1794	0	0	0	0	0	742	0	0	0	0	0	1630	0	0	0	0	644	2308	0	1804	0	4846	412	6876	0	1328	160	614	0	0	0	0	0	0	0	0	0	0	0	0	0	0	0	0	0	0	0	0	0	0	0	0	0	0	0	0	0	0	0	0	0	0	0	0	0	0	488	1454	0	828	0	0	0	0	0	0	0	0	0	0	0	0	0	0	0	0	0	0	0	0	0	0	0	0	0	0	0	0	0	0	0	0	0	0	0	0	0	0	0	0	0	0	
537528	Frontal_Mid_L	20978	952	72660	738	514	0	0	256	3304	0	13350	0	39890	0	10216	0	7454	0	25842	880	0	0	13162	594	298	0	0	0	21178	128	4648	916	5136	638	0	0	2022	0	0	0	0	0	0	0	0	0	0	0	0	0	0	0	0	0	1464	0	576	0	0	0	0	0	0	0	0	0	0	0	0	166	2758	682	6946	0	2590	0	2462	160	342	0	3050	0	922	0	0	0	0	0	892	0	0	0	0	0	0	0	0	0	0	0	0	0	0	0	0	0	0	0	0	0	0	0	0	0	0	0	
190084	Frontal_Mid_R	164	5332	2062	19778	0	0	256	0	0	1078	536	6380	310	14528	0	5744	0	1194	4856	4074	0	194	164	1550	156	338	0	0	904	4730	344	1986	0	146	0	0	0	3178	0	1400	0	0	0	0	0	0	0	0	0	0	0	0	0	0	0	290	0	240	0	0	0	0	0	0	0	0	0	0	0	0	1928	2136	1070	6146	0	1200	180	188	0	0	0	0	282	0	0	0	0	0	0	0	0	0	0	0	0	0	0	0	0	0	0	0	0	0	0	0	0	0	0	0	0	0	0	0	0	0	
62972	Frontal_Mid_Orb_L	0	0	4044	0	8904	0	3304	0	0	0	0	0	1082	0	9814	0	0	0	724	0	0	0	0	0	0	0	700	0	1672	0	0	0	0	0	0	0	0	0	0	0	0	0	0	0	0	0	0	0	0	0	0	0	0	0	0	0	0	0	0	0	0	0	0	0	0	0	0	0	0	0	0	0	924	0	0	0	0	0	0	0	0	0	318	0	0	0	0	0	0	0	0	0	0	0	0	0	0	0	0	0	0	0	0	0	0	0	0	0	0	0	0	0	0	0	0	0	
16324	Frontal_Mid_Orb_R	0	0	0	436	0	742	0	1078	0	0	0	0	0	740	0	3108	0	0	298	314	0	158	0	0	0	0	0	0	0	604	0	0	0	0	0	0	0	0	0	0	0	0	0	0	0	0	0	0	0	0	0	0	0	0	0	0	0	0	0	0	0	0	0	0	0	0	0	0	0	0	0	0	0	684	0	0	0	0	0	0	0	0	0	0	0	0	0	0	0	0	0	0	0	0	0	0	0	0	0	0	0	0	0	0	0	0	0	0	0	0	0	0	0	0	0	0	
226968	Frontal_Inf_Oper_L	12904	0	13428	522	0	0	13350	536	0	0	0	0	8546	222	336	0	15382	0	8886	0	0	0	124	358	0	0	0	0	15604	0	470	182	0	0	0	0	938	0	0	0	0	0	0	0	0	0	0	0	0	0	0	0	0	0	0	0	3940	0	0	0	0	0	0	0	0	0	0	0	0	0	896	0	1454	0	156	0	636	0	3208	0	5584	0	5822	0	0	0	0	0	0	0	0	0	0	0	0	0	0	0	0	0	0	0	0	0	0	0	0	0	0	0	0	0	0	0	0	0	
165996	Frontal_Inf_Oper_R	0	2720	934	10228	0	0	0	6380	0	0	0	0	0	11970	0	390	0	3930	2984	12348	0	0	998	2322	0	0	0	0	0	14090	0	626	0	2246	0	0	0	1270	0	442	0	0	0	0	0	0	0	0	0	0	0	0	0	0	0	0	0	512	0	0	0	0	0	0	0	0	0	0	0	0	498	720	0	6192	0	208	0	0	0	0	0	142	0	848	0	0	0	0	0	0	0	0	0	0	0	0	0	0	0	0	0	0	0	0	0	0	0	0	0	0	0	0	0	0	0	0	
230952	Frontal_Inf_Tri_L	992	0	21460	384	0	0	39890	310	1082	0	8546	0	0	146	9634	0	596	0	8890	0	0	0	1824	276	0	0	0	0	14500	0	514	180	2606	0	0	0	216	0	0	0	0	0	0	0	0	0	0	0	0	0	0	0	0	0	208	0	0	0	0	0	0	0	0	0	0	0	0	0	0	0	870	156	1202	0	0	0	0	0	0	0	0	0	994	0	0	0	0	0	0	0	0	0	0	0	0	0	0	0	0	0	0	0	0	0	0	0	0	0	0	0	0	0	0	0	0	0	
177048	Frontal_Inf_Tri_R	0	764	1126	9864	0	0	0	14528	0	740	222	11970	146	0	0	6804	0	320	2824	8258	0	0	1062	2496	0	0	0	0	306	14972	124	1312	0	2506	0	0	0	616	0	170	0	0	0	0	0	0	0	0	0	0	0	0	0	0	0	0	0	0	0	0	0	0	0	0	0	0	0	0	0	0	1426	832	838	4174	0	0	124	0	0	0	0	0	0	0	0	0	0	0	0	0	0	0	0	0	0	0	0	0	0	0	0	0	0	0	0	0	0	0	0	0	0	0	0	0	0	0	
147908	Frontal_Inf_Orb_L	0	0	11278	0	8194	0	10216	0	9814	0	336	0	9634	0	0	0	0	0	2656	0	1324	0	476	0	0	0	862	0	11842	0	188	122	744	0	0	0	230	0	0	0	288	0	0	0	0	0	0	0	0	0	0	0	0	0	0	0	0	0	0	0	0	0	0	0	0	0	0	0	0	0	620	126	2358	0	0	0	0	0	0	0	0	0	2646	0	0	0	0	0	0	0	0	0	0	0	0	0	0	0	0	0	0	0	0	0	0	0	0	0	0	0	0	0	0	0	0	0	
92060	Frontal_Inf_Orb_R	0	0	160	4272	0	1630	0	5744	0	3108	0	390	0	6804	0	0	0	0	464	696	738	2648	0	500	0	0	382	2138	176	9638	120	292	0	0	0	0	0	266	0	138	0	328	0	0	0	0	0	0	0	0	0	0	0	0	0	0	0	0	0	0	0	0	0	0	0	0	0	0	0	0	544	882	0	3972	0	0	0	0	0	0	0	0	0	0	0	0	0	0	0	0	0	0	0	0	0	0	0	0	0	0	0	0	0	0	0	0	0	0	0	0	0	0	0	0	0	0	
273984	Rolandic_Oper_L	17054	0	9586	0	0	0	7454	0	0	0	15382	0	596	0	0	0	0	0	6922	0	0	0	0	0	0	0	0	0	20278	0	0	0	0	0	0	0	1316	0	0	0	0	0	0	0	0	0	0	0	142	0	760	0	0	0	266	0	14304	0	276	0	1202	0	1850	0	0	0	858	0	0	0	760	0	1984	0	206	0	1040	0	11200	0	15796	0	4596	0	2190	0	0	0	974	0	0	0	0	0	0	0	0	0	0	0	0	0	0	0	0	0	0	0	0	0	0	0	0	0	0	0	
97504	Rolandic_Oper_R	0	1628	118	4204	0	0	0	1194	0	0	0	3930	0	320	0	0	0	0	138	3904	0	0	0	0	0	0	0	0	0	8874	0	1034	0	140	0	0	0	1424	0	118	0	0	0	164	0	182	0	0	0	158	0	294	0	272	0	116	0	4558	0	144	0	0	0	3912	0	128	0	192	0	152	156	918	0	2950	0	0	0	0	0	1656	0	4670	0	864	0	240	0	0	0	0	0	0	0	0	0	0	0	0	0	0	0	0	0	0	0	0	0	0	0	0	0	0	0	0	0	0	
894916	Supp_Motor_Area_L	6830	8662	112926	25012	602	0	25842	4856	724	298	8886	2984	8890	2824	2656	464	6922	138	0	57178	166	0	9466	2050	208	132	0	0	28020	1076	5988	11134	7492	28042	0	286	3146	1194	0	262	0	0	0	0	0	0	0	0	0	0	0	0	0	0	2694	0	1016	410	0	0	0	0	0	0	0	0	0	0	13488	2170	13762	1172	20726	2772	2844	140	2100	0	872	0	3068	0	3258	0	0	0	0	0	1610	0	0	0	0	0	0	0	0	0	0	0	0	0	0	0	0	0	0	0	0	0	0	0	0	0	0	0	
720048	Supp_Motor_Area_R	6982	2256	18242	65708	0	0	880	4074	0	314	0	12348	0	8258	0	696	0	3904	57178	0	0	0	3314	9104	502	1436	0	0	0	10320	1244	23240	4544	45438	578	2616	0	4290	0	1058	0	0	0	0	0	150	0	0	0	0	0	0	0	0	0	280	478	1902	0	0	0	0	0	0	0	0	0	1972	15034	14722	1690	18348	200	13864	0	1970	0	114	0	0	0	114	0	662	0	0	0	0	0	0	0	0	0	0	0	0	0	0	0	0	0	0	0	0	0	0	0	0	0	0	0	0	0	0	0	0	
104040	Olfactory_L	0	0	406	258	3732	644	0	0	0	0	0	0	0	0	1324	738	0	0	166	0	0	7756	0	262	0	812	6516	5064	3640	690	2852	3622	0	0	0	0	838	0	324	0	1224	0	0	0	0	0	0	0	0	0	0	0	0	0	402	0	0	0	0	0	0	0	0	0	0	0	0	0	0	0	6614	2336	388	424	0	0	0	0	0	0	0	0	988	0	0	0	0	0	0	0	0	0	0	0	0	0	0	0	0	0	0	0	0	0	0	0	0	0	0	0	0	0	0	0	0	0	
125024	Olfactory_R	0	0	0	1354	1986	2308	0	194	0	158	0	0	0	0	0	2648	0	0	0	0	7756	0	0	996	0	1230	6100	9586	0	3408	3170	4756	0	0	0	0	0	0	0	0	0	614	0	0	0	0	0	0	0	0	0	0	0	0	0	0	0	0	0	0	0	0	0	0	0	0	0	0	0	0	8172	5622	410	2044	0	0	0	0	0	0	0	0	0	0	0	0	0	0	0	0	0	0	0	0	0	0	0	0	0	0	0	0	0	0	0	0	0	0	0	0	0	0	0	0	0	0	
367124	Frontal_Sup_Medial_L	170	0	46218	8866	6374	0	13162	164	0	0	124	998	1824	1062	476	0	0	0	9466	3314	0	0	0	25258	3636	1768	262	0	888	1244	18194	15348	4730	5554	0	0	0	1048	0	0	0	0	0	0	0	0	0	0	0	0	0	0	0	0	0	0	0	0	0	0	0	0	0	0	0	0	0	0	0	0	1440	4248	3274	3822	0	0	170	460	0	0	0	0	0	0	0	0	0	0	0	0	0	0	0	0	0	0	0	0	0	0	0	0	0	0	0	0	0	0	0	0	0	0	0	0	0	0	
363152	Frontal_Sup_Medial_R	0	0	6124	34796	1414	1804	594	1550	0	0	358	2322	276	2496	0	500	0	0	2050	9104	262	996	25258	0	1464	7018	154	1424	744	4314	6106	29148	0	7832	0	0	0	3668	0	162	0	0	0	0	0	0	0	0	0	0	0	0	0	0	0	0	0	0	0	0	0	0	0	0	0	0	0	0	0	0	908	10438	278	17242	0	0	0	480	0	0	0	0	292	0	0	0	0	0	0	0	0	0	0	0	0	0	0	0	0	0	0	0	0	0	0	0	0	0	0	0	0	0	0	0	0	0	
56256	Frontal_Med_Orb_L	0	0	3228	340	4180	0	298	156	0	0	0	0	0	0	0	0	0	0	208	502	0	0	3636	1464	0	2496	1030	424	142	0	5024	2790	0	0	0	0	0	0	0	0	0	0	0	0	0	0	0	0	0	0	0	0	0	0	0	0	0	0	0	0	0	0	0	0	0	0	0	0	0	0	238	1326	456	190	0	0	0	0	0	0	0	0	0	0	0	0	0	0	0	0	0	0	0	0	0	0	0	0	0	0	0	0	0	0	0	0	0	0	0	0	0	0	0	0	0	0	
110620	Frontal_Med_Orb_R	0	0	988	3174	706	4846	0	338	0	0	0	0	0	0	0	0	0	0	132	1436	812	1230	1768	7018	2496	0	708	7832	0	122	3164	9992	0	0	0	0	0	0	0	0	0	0	0	0	0	0	0	0	0	0	0	0	0	0	0	0	0	0	0	0	0	0	0	0	0	0	0	0	0	0	748	5488	0	2312	0	0	0	0	0	0	0	0	0	0	0	0	0	0	0	0	0	0	0	0	0	0	0	0	0	0	0	0	0	0	0	0	0	0	0	0	0	0	0	0	0	0	
88688	Rectus_L	0	0	602	0	6638	412	0	0	700	0	0	0	0	0	862	382	0	0	0	0	6516	6100	262	154	1030	708	0	3976	294	402	4064	3052	0	0	0	0	0	0	0	0	0	0	0	0	0	0	0	0	0	0	0	0	0	0	0	0	0	0	0	0	0	0	0	0	0	0	0	0	0	0	5618	2204	246	122	0	0	0	0	0	0	0	0	0	0	0	0	0	0	0	0	0	0	0	0	0	0	0	0	0	0	0	0	0	0	0	0	0	0	0	0	0	0	0	0	0	0	
118976	Rectus_R	0	0	0	1372	1646	6876	0	0	0	0	0	0	0	0	0	2138	0	0	0	0	5064	9586	0	1424	424	7832	3976	0	0	1930	2816	6584	0	0	0	0	0	0	0	0	0	258	0	0	0	0	0	0	0	0	0	0	0	0	0	0	0	0	0	0	0	0	0	0	0	0	0	0	0	0	4036	2254	0	1272	0	0	0	0	0	0	0	0	0	0	0	0	0	0	0	0	0	0	0	0	0	0	0	0	0	0	0	0	0	0	0	0	0	0	0	0	0	0	0	0	0	0	
609304	Insula_L	15212	0	39774	856	4074	0	21178	904	1672	0	15604	0	14500	306	11842	176	20278	0	28020	0	3640	0	888	744	142	0	294	0	0	0	560	886	1040	0	360	0	10540	0	420	0	1624	0	242	0	0	0	0	0	0	0	174	0	780	0	8706	0	8048	0	274	0	978	0	1058	0	0	0	492	0	194	0	7670	556	23380	0	892	0	5194	0	14698	0	13320	0	10514	0	4278	0	0	0	7522	0	148	0	0	0	0	0	0	0	0	0	0	0	0	0	0	0	0	0	0	0	0	0	0	0	0	0	
291192	Insula_R	0	1386	410	11130	0	1328	128	4730	0	604	0	14090	0	14972	0	9638	0	8874	1076	10320	690	3408	1244	4314	0	122	402	1930	0	0	114	3910	0	3330	0	222	0	5542	0	1570	0	2132	0	144	0	0	0	0	0	0	0	0	0	346	0	2140	0	1428	0	0	0	0	0	148	0	0	0	242	0	364	1062	2640	124	22130	0	126	0	400	0	1466	0	2100	0	594	0	654	0	0	0	1872	0	0	0	0	0	0	0	0	0	0	0	0	0	0	0	0	0	0	0	0	0	0	0	0	0	0	
243816	Cingulum_Ant_L	454	0	16006	1916	7562	160	4648	344	0	0	470	0	514	124	188	120	0	0	5988	1244	2852	3170	18194	6106	5024	3164	4064	2816	560	114	0	12974	2242	1494	0	0	0	0	0	0	0	0	0	0	0	0	0	0	0	0	0	0	0	0	0	0	0	0	0	0	0	0	0	0	0	0	0	0	0	0	6568	2422	7756	924	394	0	1206	0	0	0	0	0	126	0	0	0	0	0	0	0	0	0	0	0	0	0	0	0	0	0	0	0	0	0	0	0	0	0	0	0	0	0	0	0	0	0	
501020	Cingulum_Ant_R	0	346	5862	33152	2772	614	916	1986	0	0	182	626	180	1312	122	292	0	1034	11134	23240	3622	4756	15348	29148	2790	9992	3052	6584	886	3910	12974	0	1184	15448	0	0	0	1280	0	424	0	0	0	0	0	0	0	0	0	0	0	0	0	0	0	0	0	0	0	0	0	0	0	0	0	0	0	0	0	0	5380	28542	508	17358	0	0	574	2980	0	0	0	0	0	0	0	0	0	0	0	0	0	0	0	0	0	0	0	0	0	0	0	0	0	0	0	0	0	0	0	0	0	0	0	0	0	0	
123680	Cingulum_Mid_L	344	200	4396	368	0	0	5136	0	0	0	0	0	2606	0	744	0	0	0	7492	4544	0	0	4730	0	0	0	0	0	1040	0	2242	1184	0	7542	6720	358	0	0	0	0	0	0	764	0	2470	0	0	0	284	0	274	0	0	0	0	0	190	328	0	0	0	0	0	0	0	0	3510	616	1988	1618	0	0	152	0	0	0	0	0	0	0	0	0	0	0	0	0	0	0	0	0	0	0	0	0	0	0	0	0	0	0	0	0	0	0	0	0	0	0	0	0	0	0	0	0	0	0	
438052	Cingulum_Mid_R	5050	1966	4296	13216	0	0	638	146	0	0	0	2246	0	2506	0	0	0	140	28042	45438	0	0	5554	7832	0	0	0	0	0	3330	1494	15448	7542	0	1916	10168	0	1240	0	574	0	0	0	1048	0	1304	0	940	0	0	0	118	0	632	0	876	332	6008	0	0	0	0	0	0	0	0	846	8872	15340	19712	0	146	0	3482	0	0	0	0	0	122	0	162	0	0	0	0	0	0	0	304	0	0	0	0	0	0	0	0	0	0	0	0	0	0	0	0	0	0	0	0	0	0	0	0	0	0	
131128	Cingulum_Post_L	4162	834	0	0	0	0	0	0	0	0	0	0	0	0	0	0	0	0	0	578	0	0	0	0	0	0	0	0	360	0	0	0	6720	1916	0	6654	4752	1310	1252	658	0	0	3918	0	654	258	1726	0	0	0	284	0	0	316	304	1108	3410	380	0	0	0	0	0	0	0	0	8486	1020	7334	960	0	0	0	0	0	0	2628	1526	700	114	0	260	0	0	0	332	0	0	0	412	0	0	0	0	0	0	238	0	0	0	0	0	0	0	0	0	0	0	0	0	0	0	0	0	0	0	
164204	Cingulum_Post_R	2356	2906	0	0	0	0	0	0	0	0	0	0	0	0	0	0	0	0	286	2616	0	0	0	0	0	0	0	0	0	222	0	0	358	10168	6654	0	582	5172	0	2684	0	0	0	712	0	206	0	3738	0	0	0	0	0	1224	0	3412	1654	3620	0	0	0	0	0	0	0	0	556	12518	3836	6334	504	0	0	0	0	0	2790	3536	0	372	0	614	0	0	0	642	0	0	0	1048	0	0	0	0	0	0	0	0	0	0	0	0	0	0	0	0	0	0	0	0	782	0	0	0	0	0	
245604	Hippocampus_L	9162	194	4020	0	0	0	2022	0	0	0	938	0	216	0	230	0	1316	0	3146	0	838	0	0	0	0	0	0	0	10540	0	0	0	0	0	4752	582	0	768	10778	344	6258	0	2168	0	0	0	3740	242	0	0	0	0	0	0	18990	182	1916	0	0	0	0	0	0	0	0	0	2368	0	228	0	780	0	9822	0	358	0	6922	604	3816	0	1244	0	1620	0	822	0	152	0	9930	0	122	0	0	0	0	0	334	0	0	0	0	0	0	0	0	0	0	0	136	202	0	0	0	0	0	0	
345968	Hippocampus_R	1094	8258	0	8934	0	0	0	3178	0	0	0	1270	0	616	0	266	0	1424	1194	4290	0	0	1048	3668	0	0	0	0	0	5542	0	1280	0	1240	1310	5172	768	0	180	28038	0	10212	0	1330	0	0	0	5390	0	0	0	0	0	0	0	22238	238	1756	0	0	0	0	0	318	0	0	0	5270	1070	164	192	152	0	25864	0	354	2248	7770	0	890	0	724	0	1044	0	1036	0	480	0	3206	0	0	0	0	0	0	0	1026	0	168	0	0	0	0	0	0	0	0	0	0	1074	0	0	0	0	0	
58524	ParaHippocampal_L	596	0	0	0	0	0	0	0	0	0	0	0	0	0	0	0	0	0	0	0	324	0	0	0	0	0	0	0	420	0	0	0	0	0	1252	0	10778	180	0	0	2644	0	1336	0	0	0	2540	234	0	0	0	0	0	0	3968	0	0	0	0	0	0	0	0	0	0	0	1358	0	0	0	0	0	510	0	0	0	758	0	132	0	0	0	308	0	0	0	236	0	196	0	122	0	0	0	328	0	446	0	144	0	0	0	0	0	0	0	0	0	186	266	0	0	0	0	0	0	
204072	ParaHippocampal_R	330	2200	0	1360	0	0	0	1400	0	0	0	442	0	170	0	138	0	118	262	1058	0	0	0	162	0	0	0	0	0	1570	0	424	0	574	658	2684	344	28038	0	0	0	5584	0	2172	0	0	0	5948	0	0	0	0	0	0	0	18234	118	956	0	0	0	0	0	0	0	0	0	5094	238	252	0	0	0	7524	0	128	952	4376	0	430	0	190	0	1398	0	206	0	1088	0	480	0	0	0	0	0	150	0	2874	0	390	0	0	0	346	0	522	0	0	0	0	454	0	0	0	0	0	
38028	Amygdala_L	0	0	0	0	0	0	0	0	0	0	0	0	0	0	288	0	0	0	0	0	1224	0	0	0	0	0	0	0	1624	0	0	0	0	0	0	0	6258	0	2644	0	0	0	0	0	0	0	0	0	0	0	0	0	0	0	2770	0	0	0	0	0	0	0	0	0	0	0	0	0	0	0	0	0	1052	0	0	0	0	0	0	0	0	0	1286	0	214	0	230	0	1424	0	0	0	0	0	0	0	0	0	0	0	0	0	0	0	0	0	0	0	0	0	0	0	0	0	0	0	
63176	Amygdala_R	0	144	0	172	0	0	0	0	0	0	0	0	0	0	0	328	0	0	0	0	0	614	0	0	0	0	0	258	0	2132	0	0	0	0	0	0	0	10212	0	5584	0	0	0	0	0	0	0	0	0	0	0	0	0	0	0	5186	0	0	0	0	0	0	0	0	0	0	0	0	0	0	0	332	0	3688	0	0	0	476	0	0	0	0	0	1844	0	0	0	618	0	0	0	0	0	0	0	0	0	0	0	0	0	0	0	0	0	0	0	0	0	0	0	0	0	0	0	0	
310548	Calcarine_L	1710	0	0	0	0	0	0	0	0	0	0	0	0	0	0	0	0	0	0	0	0	0	0	0	0	0	0	0	242	0	0	0	764	0	3918	0	2168	0	1336	0	0	0	0	9842	19612	6060	9166	2954	16826	2066	26556	646	13720	0	10518	0	1466	0	296	0	334	0	0	0	0	0	19904	120	666	0	0	0	0	0	0	0	0	0	0	0	122	0	0	0	1286	0	0	0	2318	0	406	0	0	0	0	0	252	0	0	0	0	0	0	0	0	0	0	0	0	0	0	0	0	0	0	0	
366052	Calcarine_R	0	252	0	0	0	0	0	0	0	0	0	0	0	0	0	0	0	164	0	0	0	0	0	0	0	0	0	0	0	144	0	0	0	1048	0	712	0	1330	0	2172	0	0	9842	0	5766	25020	2468	27338	992	21952	0	20678	0	12270	0	16078	0	2488	0	654	0	1072	0	784	0	1578	394	22060	0	880	0	0	0	0	0	0	0	0	0	0	0	212	0	0	0	1504	0	0	0	1470	0	0	0	0	0	0	0	776	0	0	0	0	0	0	0	0	0	0	0	0	928	0	0	0	0	0	
200588	Cuneus_L	0	0	0	0	0	0	0	0	0	0	0	0	0	0	0	0	0	0	0	0	0	0	0	0	0	0	0	0	0	0	0	0	2470	0	654	0	0	0	0	0	0	0	19612	5766	0	7718	2692	664	25430	1528	16208	678	2026	0	1264	0	446	0	1166	0	536	0	0	0	0	0	9480	924	360	0	0	0	0	0	0	0	0	0	0	0	0	0	0	0	396	0	0	0	276	0	0	0	0	0	0	0	0	0	0	0	0	0	0	0	0	0	0	0	0	0	0	0	0	0	0	0	
300184	Cuneus_R	0	224	0	0	0	0	0	0	0	0	0	0	0	0	0	0	0	182	0	150	0	0	0	0	0	0	0	0	0	0	0	0	0	1304	258	206	0	0	0	0	0	0	6060	25020	7718	0	162	3794	512	29758	0	18074	0	1536	0	0	0	2848	0	11240	0	1888	0	700	0	6228	5078	24540	0	1286	0	0	0	0	0	0	0	0	0	0	0	0	0	0	0	1124	0	0	0	202	0	0	0	0	0	0	0	0	0	0	0	0	0	0	0	0	0	0	0	0	0	0	0	0	0	0	
266324	Lingual_L	200	0	0	0	0	0	0	0	0	0	0	0	0	0	0	0	0	0	0	0	0	0	0	0	0	0	0	0	0	0	0	0	0	0	1726	0	3740	0	2540	0	0	0	9166	2468	2692	162	0	4510	2910	114	10222	0	4574	0	16730	1474	0	0	0	0	0	0	0	0	0	0	3364	0	0	0	0	0	0	0	0	0	340	0	188	0	0	0	0	0	0	0	0	0	0	0	11544	3484	612	0	314	128	14016	2314	18968	4006	218	0	300	174	0	0	0	0	0	0	4988	4760	216	0	0	0	
382684	Lingual_R	132	666	0	0	0	0	0	0	0	0	0	0	0	0	0	0	0	0	0	0	0	0	0	0	0	0	0	0	0	0	0	0	0	940	0	3738	242	5390	234	5948	0	0	2954	27338	664	3794	4510	0	396	8092	0	7636	0	5280	758	24136	0	738	0	0	0	0	0	0	0	0	342	14216	0	610	0	0	0	0	0	0	150	1148	0	0	0	0	0	0	0	0	0	0	0	254	2550	13306	124	0	0	138	4430	12286	5538	14816	0	0	0	0	0	0	0	0	0	0	11776	5786	122	0	0	164	
235660	Occipital_Sup_L	0	0	0	0	0	0	0	0	0	0	0	0	0	0	0	0	142	0	0	0	0	0	0	0	0	0	0	0	0	0	0	0	284	0	0	0	0	0	0	0	0	0	16826	992	25430	512	2910	396	0	216	35586	0	2814	0	1124	0	2070	0	10482	0	5394	0	704	0	210	0	8570	0	1478	0	0	0	0	0	0	0	0	0	0	0	362	0	0	0	874	0	0	0	454	0	0	0	0	0	0	0	0	0	0	0	0	0	0	0	0	0	0	0	0	0	0	0	0	0	0	0	
295908	Occipital_Sup_R	0	172	0	0	0	0	0	0	0	0	0	0	0	0	0	0	0	158	0	0	0	0	0	0	0	0	0	0	0	0	0	0	0	0	0	0	0	0	0	0	0	0	2066	21952	1528	29758	114	8092	216	0	0	31030	0	2278	0	2436	0	1856	0	16974	0	3044	0	628	0	13340	118	11400	0	0	0	0	0	0	0	0	0	0	0	0	0	0	0	0	0	794	0	0	0	0	0	0	0	0	0	0	0	0	0	0	0	0	0	0	0	0	0	0	0	0	0	0	0	0	0	0	
501060	Occipital_Mid_L	324	0	0	0	0	0	0	0	0	0	0	0	0	0	0	0	760	0	0	0	0	0	0	0	0	0	0	0	174	0	0	0	274	0	284	0	0	0	0	0	0	0	26556	0	16208	0	10222	0	35586	0	0	0	22138	0	9670	0	10822	0	18000	0	18940	0	3794	0	20232	0	19046	0	5330	0	0	0	0	0	0	0	0	0	136	0	3836	0	0	0	21470	0	0	0	6728	0	0	0	0	0	0	0	0	0	0	0	0	0	0	0	0	0	0	0	0	0	0	0	0	0	0	0	
304472	Occipital_Mid_R	0	204	0	0	0	0	0	0	0	0	0	0	0	0	0	0	0	294	0	0	0	0	0	0	0	0	0	0	0	0	0	0	0	118	0	0	0	0	0	0	0	0	646	20678	678	18074	0	7636	0	31030	0	0	0	6702	0	2620	0	3214	0	10156	0	4882	0	1252	0	22138	0	8892	0	176	0	0	0	0	0	0	0	0	0	0	0	1042	0	0	0	10660	0	0	0	1144	0	0	0	0	0	0	0	0	0	0	0	0	0	0	0	0	0	0	0	0	0	0	0	0	0	0	
188788	Occipital_Inf_L	2062	0	0	0	0	0	0	0	0	0	0	0	0	0	0	0	0	0	0	0	0	0	0	0	0	0	0	0	780	0	0	0	0	0	0	0	0	0	0	0	0	0	13720	0	2026	0	4574	0	2814	0	22138	0	0	0	17172	0	1706	0	230	0	520	0	430	0	502	0	3774	0	296	0	176	0	0	0	0	0	0	0	156	0	838	0	0	0	7558	0	0	0	11834	0	718	0	0	0	0	0	0	0	250	0	0	0	0	0	0	0	0	0	0	0	0	120	0	0	0	0	
173184	Occipital_Inf_R	0	478	0	0	0	0	0	0	0	0	0	0	0	0	0	0	0	272	0	0	0	0	0	0	0	0	0	0	0	346	0	0	0	632	316	1224	0	0	0	0	0	0	0	12270	0	1536	0	5280	0	2278	0	6702	0	0	0	9112	318	3372	0	538	0	4142	0	3918	0	5332	0	4270	0	920	0	0	0	0	0	0	0	0	0	0	0	2990	0	0	0	5862	0	0	0	12666	0	292	0	0	0	0	0	394	0	430	0	0	0	0	0	0	0	0	0	0	394	308	0	0	0	0	
421336	Fusiform_L	2674	0	3552	0	0	0	1464	0	0	0	0	0	208	0	0	0	266	0	2694	0	402	0	0	0	0	0	0	0	8706	0	0	0	0	0	304	0	18990	0	3968	0	2770	0	10518	0	1264	0	16730	758	1124	0	9670	0	17172	0	0	340	946	0	0	0	0	0	0	0	0	0	3638	0	130	0	628	0	5118	0	0	0	1160	0	1862	0	1894	0	2472	0	4596	0	1730	0	23540	0	18384	988	518	0	0	0	10970	538	22062	1090	318	0	432	0	0	0	0	0	0	0	2070	2010	0	0	0	0	
443136	Fusiform_R	182	1286	0	0	0	0	0	290	0	0	0	0	0	0	0	0	0	116	0	280	0	0	0	0	0	0	0	0	0	2140	0	0	0	876	1108	3412	182	22238	0	18234	0	5186	0	16078	0	0	1474	24136	0	2436	0	2620	0	9112	340	0	766	4262	0	0	0	0	0	0	0	114	164	10740	320	1750	0	0	0	3334	0	118	472	1802	0	806	0	1588	0	4122	0	1338	0	2624	0	9402	1234	17834	0	1204	0	164	2432	9910	3154	18334	0	0	0	1322	0	816	0	0	0	0	6280	3436	0	0	0	0	
315056	Postcentral_L	25770	1276	1028	312	0	0	576	0	0	0	3940	0	0	0	0	0	14304	0	1016	478	0	0	0	0	0	0	0	0	8048	0	0	0	190	332	3410	1654	1916	238	0	118	0	0	1466	0	446	0	0	0	2070	0	10822	0	1706	318	946	766	0	168	6602	0	17832	0	7958	0	320	0	8102	0	7264	292	1988	0	1430	0	0	0	1276	184	8938	0	7898	228	0	0	2102	304	0	0	1110	386	0	0	0	0	0	0	0	0	0	0	0	0	0	0	0	0	0	0	0	0	0	0	0	0	0	0	
239740	Postcentral_R	328	10430	274	192	0	0	0	240	0	0	0	512	0	0	0	0	0	4558	410	1902	0	0	0	0	0	0	0	0	0	1428	0	0	328	6008	380	3620	0	1756	0	956	0	0	0	2488	0	2848	0	738	0	1856	0	3214	0	3372	0	4262	168	0	0	6620	0	8152	0	15158	0	7296	128	8574	1786	10616	0	160	0	1062	0	0	0	0	0	864	0	2216	0	0	0	1952	0	0	0	3018	0	0	0	0	0	0	0	0	0	0	0	0	0	0	0	0	0	0	0	0	0	0	0	0	0	0	
146584	Parietal_Sup_L	0	0	0	0	0	0	0	0	0	0	0	0	0	0	0	0	276	0	0	0	0	0	0	0	0	0	0	0	274	0	0	0	0	0	0	0	0	0	0	0	0	0	296	0	1166	0	0	0	10482	0	18000	0	230	0	0	0	6602	0	0	0	12212	0	3058	0	2824	0	14556	0	1330	0	280	0	0	0	0	0	0	0	0	0	678	0	0	0	812	0	0	0	216	0	0	0	0	0	0	0	0	0	0	0	0	0	0	0	0	0	0	0	0	0	0	0	0	0	0	0	
173160	Parietal_Sup_R	0	186	0	0	0	0	0	0	0	0	0	0	0	0	0	0	0	144	0	0	0	0	0	0	0	0	0	0	0	0	0	0	0	0	0	0	0	0	0	0	0	0	0	654	0	11240	0	0	0	16974	0	10156	0	538	0	0	0	6620	0	0	0	7318	0	1876	0	14708	494	14736	0	524	0	0	0	0	0	0	0	0	0	0	0	0	0	0	0	412	0	0	0	0	0	0	0	0	0	0	0	0	0	0	0	0	0	0	0	0	0	0	0	0	0	0	0	0	0	0	
233716	Parietal_Inf_L	1028	0	0	0	0	0	0	0	0	0	0	0	0	0	0	0	1202	0	0	0	0	0	0	0	0	0	0	0	978	0	0	0	0	0	0	0	0	0	0	0	0	0	334	0	536	0	0	0	5394	0	18940	0	520	0	0	0	17832	0	12212	0	0	0	19650	0	16366	0	6030	0	690	0	1000	0	0	0	0	0	0	0	0	0	2426	0	0	0	10094	0	0	0	1626	0	0	0	0	0	0	0	0	0	0	0	0	0	0	0	0	0	0	0	0	0	0	0	0	0	0	0	
162840	Parietal_Inf_R	0	278	0	0	0	0	0	0	0	0	0	0	0	0	0	0	0	0	0	0	0	0	0	0	0	0	0	0	0	0	0	0	0	0	0	0	0	0	0	0	0	0	0	1072	0	1888	0	0	0	3044	0	4882	0	4142	0	0	0	8152	0	7318	0	0	0	10704	0	24884	0	3964	0	384	0	0	0	0	0	0	0	0	0	0	0	212	0	0	0	6808	0	0	0	3688	0	0	0	0	0	0	0	0	0	0	0	0	0	0	0	0	0	0	0	0	0	0	0	0	0	0	
144660	SupraMarginal_L	510	0	0	0	0	0	0	0	0	0	0	0	0	0	0	0	1850	0	0	0	0	0	0	0	0	0	0	0	1058	0	0	0	0	0	0	0	0	0	0	0	0	0	0	0	0	0	0	0	704	0	3794	0	430	0	0	0	7958	0	3058	0	19650	0	0	0	9018	0	2894	0	182	0	642	0	0	0	0	0	0	0	150	0	6172	0	0	0	11340	0	0	0	2920	0	0	0	0	0	0	0	0	0	0	0	0	0	0	0	0	0	0	0	0	0	0	0	0	0	0	0	
118420	SupraMarginal_R	0	1664	0	0	0	0	0	0	0	0	0	0	0	0	0	0	0	3912	0	0	0	0	0	0	0	0	0	0	0	148	0	0	0	0	0	0	0	318	0	0	0	0	0	784	0	700	0	0	0	628	0	1252	0	3918	0	0	0	15158	0	1876	0	10704	0	0	0	8240	0	1242	0	0	0	0	0	116	0	0	0	0	0	0	0	3618	0	0	0	2020	0	0	0	2912	0	0	0	0	0	0	0	0	0	0	0	0	0	0	0	0	0	0	0	0	0	0	0	0	0	0	
149664	Angular_L	0	0	0	0	0	0	0	0	0	0	0	0	0	0	0	0	0	0	0	0	0	0	0	0	0	0	0	0	0	0	0	0	0	0	0	0	0	0	0	0	0	0	0	0	0	0	0	0	210	0	20232	0	502	0	0	0	320	0	2824	0	16366	0	9018	0	0	0	2830	0	0	0	0	0	0	0	0	0	0	0	0	0	2900	0	0	0	17050	0	0	0	2580	0	0	0	0	0	0	0	0	0	0	0	0	0	0	0	0	0	0	0	0	0	0	0	0	0	0	0	
263924	Angular_R	0	330	0	0	0	0	0	0	0	0	0	0	0	0	0	0	0	128	0	0	0	0	0	0	0	0	0	0	0	0	0	0	0	0	0	0	0	0	0	0	0	0	0	1578	0	6228	0	0	0	13340	0	22138	0	5332	0	114	0	7296	0	14708	0	24884	0	8240	0	0	0	6148	0	402	0	0	0	0	0	0	0	0	0	0	0	3314	0	0	0	13330	0	0	0	4452	0	0	0	0	0	0	0	0	0	0	0	0	0	0	0	0	0	0	0	0	0	0	0	0	0	0	
307108	Precuneus_L	2304	0	0	0	0	0	0	0	0	0	0	0	0	0	0	0	858	0	0	0	0	0	0	0	0	0	0	0	492	0	0	0	3510	846	8486	556	2368	0	1358	0	0	0	19904	394	9480	5078	3364	342	8570	118	19046	0	3774	0	3638	164	8102	128	14556	494	6030	0	2894	0	2830	0	0	7440	11722	158	282	0	0	0	0	0	0	0	0	0	1224	0	0	0	1884	0	0	0	850	0	130	0	0	0	0	0	180	0	0	0	0	0	0	0	0	0	0	0	0	0	0	0	0	0	0	0	
381784	Precuneus_R	626	776	0	0	0	0	0	0	0	0	0	0	0	0	0	0	0	192	0	1972	0	0	0	0	0	0	0	0	0	242	0	0	616	8872	1020	12518	0	5270	0	5094	0	0	120	22060	924	24540	0	14216	0	11400	0	8892	0	4270	0	10740	0	8574	0	14736	0	3964	0	1242	0	6148	7440	0	840	7964	0	0	0	0	0	0	316	246	0	142	0	244	0	0	0	1206	0	0	0	1078	0	0	0	0	0	0	0	892	0	0	0	0	0	0	0	0	0	0	0	0	1500	0	0	0	0	0	
267896	Paracentral_Lobule_L	15492	8588	1854	730	0	0	0	0	0	0	0	0	0	0	0	0	0	0	13488	15034	0	0	0	0	0	0	0	0	194	0	0	0	1988	15340	7334	3836	228	1070	0	238	0	0	666	0	360	0	0	0	1478	0	5330	0	296	0	130	320	7264	1786	1330	0	690	0	182	0	0	0	11722	840	0	10178	306	306	0	0	0	0	2962	1382	172	0	0	0	0	0	712	0	0	0	0	122	0	0	0	0	0	0	0	0	0	0	0	0	0	0	0	0	0	0	0	0	0	0	0	0	0	0	
185104	Paracentral_Lobule_R	4194	4400	0	124	0	0	166	0	0	0	0	0	0	0	0	0	0	152	2170	14722	0	0	0	0	0	0	0	0	0	364	0	0	1618	19712	960	6334	0	164	0	252	0	0	0	880	0	1286	0	610	0	0	0	176	0	920	0	1750	292	10616	0	524	0	384	0	0	0	402	158	7964	10178	0	0	158	0	0	0	0	0	0	0	154	0	236	0	0	0	114	0	0	0	418	0	0	0	0	0	0	0	0	0	0	0	0	0	0	0	0	0	0	0	0	0	0	0	0	0	0	
309416	Caudate_L	3962	1054	16018	2396	1746	488	2758	1928	0	0	896	498	870	1426	620	544	760	156	13762	1690	6614	8172	1440	908	238	748	5618	4036	7670	1062	6568	5380	0	0	0	504	780	192	0	0	0	0	0	0	0	0	0	0	0	0	0	0	176	0	628	0	1988	0	280	0	1000	0	642	0	0	0	282	0	306	0	0	10638	16030	1472	2600	0	12976	1698	696	0	418	0	496	0	442	0	0	0	438	0	0	0	0	0	0	0	0	0	0	0	0	0	0	0	0	0	0	0	0	0	0	0	0	0	0	0	
371344	Caudate_R	1070	6482	1710	20672	498	1454	682	2136	0	0	0	720	156	832	126	882	0	918	1172	18348	2336	5622	4248	10438	1326	5488	2204	2254	556	2640	2422	28542	0	146	0	0	0	152	0	0	0	332	0	0	0	0	0	0	0	0	0	0	0	0	0	0	0	160	0	0	0	0	0	0	0	0	0	0	306	158	10638	0	1568	21120	0	2312	3370	19476	0	0	0	0	0	0	0	0	0	0	0	0	0	0	0	0	0	0	0	0	0	0	0	0	0	0	0	0	0	0	0	0	0	0	0	0	0	0	
341576	Putamen_L	7666	198	27748	440	2360	0	6946	1070	924	0	1454	0	1202	838	2358	0	1984	0	20726	200	388	410	3274	278	456	0	246	0	23380	124	7756	508	152	0	0	0	9822	0	510	0	1052	0	0	0	0	0	0	0	0	0	0	0	0	0	5118	0	1430	0	0	0	0	0	0	0	0	0	0	0	0	0	16030	1568	0	388	7352	0	5324	0	1110	0	1592	0	2234	0	308	0	0	0	3864	0	0	0	0	0	0	0	0	0	0	0	0	0	0	0	0	0	0	0	0	0	0	0	0	0	0	0	
433056	Putamen_R	272	3144	454	30380	0	828	0	6146	0	684	0	6192	0	4174	0	3972	0	2950	2772	13864	424	2044	3822	17242	190	2312	122	1272	0	22130	924	17358	0	3482	0	0	0	25864	0	7524	0	3688	0	0	0	0	0	0	0	0	0	0	0	0	0	3334	0	1062	0	0	0	0	0	116	0	0	0	0	0	0	1472	21120	388	0	0	2898	0	360	0	0	0	666	0	178	0	184	0	0	0	520	0	0	0	0	0	0	0	0	0	0	0	0	0	0	0	0	0	0	0	0	0	0	0	0	0	0	
47104	Pallidum_L	1444	0	2924	0	0	0	2590	0	0	0	156	0	0	0	0	0	206	0	2844	0	0	0	0	0	0	0	0	0	892	0	394	0	0	0	0	0	358	0	0	0	0	0	0	0	0	0	0	0	0	0	0	0	0	0	0	0	0	0	0	0	0	0	0	0	0	0	0	0	0	0	2600	0	7352	0	0	0	1792	0	0	0	0	0	0	0	0	0	0	0	0	0	0	0	0	0	0	0	0	0	0	0	0	0	0	0	0	0	0	0	0	0	0	0	0	0	0	0	
24384	Pallidum_R	368	156	0	2214	0	0	0	1200	0	0	0	208	0	0	0	0	0	0	140	1970	0	0	0	0	0	0	0	0	0	126	0	0	0	0	0	0	0	354	0	128	0	0	0	0	0	0	0	0	0	0	0	0	0	0	0	118	0	0	0	0	0	0	0	0	0	0	0	0	0	0	0	2312	0	2898	0	0	0	0	0	0	0	0	0	0	0	0	0	0	0	0	0	0	0	0	0	0	0	0	0	0	0	0	0	0	0	0	0	0	0	0	0	0	0	0	0	0	
202000	Thalamus_L	19654	3368	2246	0	0	0	2462	180	0	0	636	0	0	124	0	0	1040	0	2100	0	0	0	170	0	0	0	0	0	5194	0	1206	574	0	0	2628	2790	6922	2248	758	952	0	0	0	0	0	0	340	150	0	0	0	0	0	0	1160	472	1276	0	0	0	0	0	0	0	0	0	0	316	2962	0	12976	3370	5324	0	1792	0	0	12478	1410	0	762	0	0	0	0	0	0	0	960	0	0	0	0	0	0	0	0	0	0	0	0	0	0	0	0	0	0	0	0	0	0	0	0	0	0	0	
166320	Thalamus_R	2112	18706	0	124	0	0	160	188	0	0	0	0	0	0	0	0	0	0	0	114	0	0	460	480	0	0	0	0	0	400	0	2980	0	0	1526	3536	604	7770	0	4376	0	476	0	0	0	0	0	1148	0	0	0	0	0	0	0	1802	184	0	0	0	0	0	0	0	0	0	0	246	1382	0	1698	19476	0	360	0	0	12478	0	0	0	0	0	0	0	0	0	0	0	0	0	0	0	0	0	0	0	0	374	0	0	0	0	0	0	0	0	0	0	0	0	0	0	0	0	0	0	
176028	Heschl_L	10872	0	918	0	0	0	342	0	0	0	3208	0	0	0	0	0	11200	0	872	0	0	0	0	0	0	0	0	0	14698	0	0	0	0	0	700	0	3816	0	132	0	0	0	0	0	0	0	188	0	0	0	136	0	156	0	1862	0	8938	0	0	0	0	0	150	0	0	0	0	0	172	0	696	0	1110	0	0	0	1410	0	0	0	13578	0	0	0	7348	0	0	0	5512	0	0	0	0	0	0	0	0	0	0	0	0	0	0	0	0	0	0	0	0	0	0	0	0	0	0	0	
25632	Heschl_R	0	0	0	0	0	0	0	0	0	0	0	0	0	0	0	0	0	1656	0	0	0	0	0	0	0	0	0	0	0	1466	0	0	0	122	114	372	0	890	0	430	0	0	0	0	0	0	0	0	0	0	0	0	0	0	0	806	0	864	0	0	0	0	0	0	0	0	0	142	0	154	0	0	0	0	0	0	0	0	0	0	0	3724	0	0	0	996	0	0	0	1080	0	0	0	0	0	0	0	0	0	0	0	0	0	0	0	0	0	0	0	0	0	0	0	0	0	0	
309768	Temporal_Sup_L	9242	0	4044	0	0	0	3050	0	0	0	5584	0	0	0	0	0	15796	0	3068	0	0	0	0	0	0	0	0	0	13320	0	0	0	0	0	0	0	1244	0	0	0	0	0	122	0	0	0	0	0	362	0	3836	0	838	0	1894	0	7898	0	678	0	2426	0	6172	0	2900	0	1224	0	0	0	418	0	1592	0	0	0	762	0	13578	0	0	0	3252	0	32700	0	0	0	18884	0	0	0	0	0	0	0	0	0	0	0	0	0	0	0	0	0	0	0	0	0	0	0	0	0	0	0	
97136	Temporal_Sup_R	0	0	0	134	0	0	0	0	0	0	0	142	0	0	0	0	0	4670	0	114	0	0	0	0	0	0	0	0	0	2100	0	0	0	162	260	614	0	724	0	190	0	0	0	212	0	0	0	0	0	0	0	1042	0	2990	0	1588	228	2216	0	0	0	212	0	3618	0	3314	0	244	0	236	0	0	0	666	0	0	0	0	0	3724	0	0	0	2382	0	10462	0	0	0	6324	0	0	0	0	0	0	0	0	0	0	0	0	0	0	0	0	0	0	0	0	0	0	0	0	0	0	
124436	Temporal_Pole_Sup_L	182	0	5032	360	1046	0	922	282	318	0	5822	0	994	0	2646	0	4596	0	3258	0	988	0	0	292	0	0	0	0	10514	0	126	0	0	0	0	0	1620	0	308	0	1286	0	0	0	0	0	0	0	0	0	0	0	0	0	2472	0	0	0	0	0	0	0	0	0	0	0	0	0	0	0	496	0	2234	0	0	0	0	0	0	0	3252	0	0	0	5678	0	3828	0	3666	0	0	0	0	0	0	0	0	0	0	0	0	0	0	0	0	0	0	0	0	0	0	0	0	0	0	0	
41700	Temporal_Pole_Sup_R	0	0	0	604	0	0	0	0	0	0	0	848	0	0	0	0	0	864	0	662	0	0	0	0	0	0	0	0	0	594	0	0	0	0	0	0	0	1044	0	1398	0	1844	0	0	0	0	0	0	0	0	0	0	0	0	0	4122	0	0	0	0	0	0	0	0	0	0	0	0	0	0	0	0	0	178	0	0	0	0	0	0	0	2382	0	0	0	2072	0	3054	0	1184	0	0	0	0	0	0	0	0	0	0	0	0	0	0	0	0	0	0	0	0	0	0	0	0	0	0	
363680	Temporal_Mid_L	1904	0	0	0	0	0	0	0	0	0	0	0	0	0	0	0	2190	0	0	0	0	0	0	0	0	0	0	0	4278	0	0	0	0	0	0	0	822	0	0	0	214	0	1286	0	396	0	0	0	874	0	21470	0	7558	0	4596	0	2102	0	812	0	10094	0	11340	0	17050	0	1884	0	712	0	442	0	308	0	0	0	0	0	7348	0	32700	0	5678	0	0	0	2668	0	42874	0	240	0	0	0	0	0	0	0	0	0	0	0	0	0	0	0	0	0	0	0	0	0	0	0	0	0	
176716	Temporal_Mid_R	0	314	0	0	0	0	0	0	0	0	0	0	0	0	0	0	0	240	0	0	0	0	0	0	0	0	0	0	0	654	0	0	0	0	332	642	0	1036	0	206	0	0	0	1504	0	1124	0	0	0	794	0	10660	0	5862	0	1338	304	1952	0	412	0	6808	0	2020	0	13330	0	1206	0	114	0	0	0	184	0	0	0	0	0	996	0	10462	0	2072	0	0	0	358	0	23434	0	0	0	0	0	0	0	0	0	0	0	0	0	0	0	0	0	0	0	0	0	0	0	0	0	0	
24348	Temporal_Pole_Mid_L	0	0	0	0	0	0	0	0	0	0	0	0	0	0	0	0	0	0	0	0	0	0	0	0	0	0	0	0	0	0	0	0	0	0	0	0	152	0	236	0	230	0	0	0	0	0	0	0	0	0	0	0	0	0	1730	0	0	0	0	0	0	0	0	0	0	0	0	0	0	0	0	0	0	0	0	0	0	0	0	0	0	0	3828	0	2668	0	0	0	3330	0	0	0	0	0	0	0	0	0	0	0	0	0	0	0	0	0	0	0	0	0	0	0	0	0	0	0	
17968	Temporal_Pole_Mid_R	0	0	0	0	0	0	0	0	0	0	0	0	0	0	0	0	0	0	0	0	0	0	0	0	0	0	0	0	0	0	0	0	0	0	0	0	0	480	0	1088	0	618	0	0	0	0	0	0	0	0	0	0	0	0	0	2624	0	0	0	0	0	0	0	0	0	0	0	0	0	0	0	0	0	0	0	0	0	0	0	0	0	0	0	3054	0	358	0	0	0	762	0	0	0	0	0	0	0	0	0	0	0	0	0	0	0	0	0	0	0	0	0	0	0	0	0	0	
343216	Temporal_Inf_L	3482	0	2152	0	0	0	892	0	0	0	0	0	0	0	0	0	974	0	1610	0	0	0	0	0	0	0	0	0	7522	0	0	0	0	0	0	0	9930	0	196	0	1424	0	2318	0	276	0	0	0	454	0	6728	0	11834	0	23540	0	1110	0	216	0	1626	0	2920	0	2580	0	850	0	0	0	438	0	3864	0	0	0	960	0	5512	0	18884	0	3666	0	42874	0	3330	0	0	0	4748	0	636	0	0	0	840	0	2980	0	242	0	0	0	0	0	0	0	0	0	0	0	0	0	0	0	
173468	Temporal_Inf_R	0	376	0	0	0	0	0	0	0	0	0	0	0	0	0	0	0	0	0	0	0	0	0	0	0	0	0	0	0	1872	0	0	0	304	412	1048	0	3206	0	480	0	0	0	1470	0	202	0	254	0	0	0	1144	0	12666	0	9402	386	3018	0	0	0	3688	0	2912	0	4452	0	1078	122	418	0	0	0	520	0	0	0	0	0	1080	0	6324	0	1184	0	23434	0	762	0	0	0	2774	0	992	0	0	0	0	0	450	0	0	0	304	0	0	0	0	0	0	0	0	0	0	0	0	
458816	Cerebelum_Crus1_L	0	0	0	0	0	0	0	0	0	0	0	0	0	0	0	0	0	0	0	0	0	0	0	0	0	0	0	0	148	0	0	0	0	0	0	0	122	0	122	0	0	0	406	0	0	0	11544	2550	0	0	0	0	718	0	18384	1234	0	0	0	0	0	0	0	0	0	0	130	0	0	0	0	0	0	0	0	0	0	0	0	0	0	0	0	0	240	0	0	0	4748	0	0	5416	39064	1684	788	282	21824	4180	56862	5928	11440	0	14014	562	2562	0	324	0	0	0	8258	10772	4324	268	370	140	
474308	Cerebelum_Crus1_R	0	0	0	0	0	0	0	0	0	0	0	0	0	0	0	0	0	0	0	0	0	0	0	0	0	0	0	0	0	0	0	0	0	0	0	0	0	0	0	0	0	0	0	0	0	0	3484	13306	0	0	0	0	0	292	988	17834	0	0	0	0	0	0	0	0	0	0	0	0	0	0	0	0	0	0	0	0	0	0	0	0	0	0	0	0	0	0	0	0	0	2774	5416	0	4478	29814	0	2820	4020	21278	9620	61056	0	1402	126	15226	0	954	0	258	116	242	11592	18910	9600	468	628	452	
348040	Cerebelum_Crus2_L	0	0	0	0	0	0	0	0	0	0	0	0	0	0	0	0	0	0	0	0	0	0	0	0	0	0	0	0	0	0	0	0	0	0	0	0	0	0	0	0	0	0	0	0	0	0	612	124	0	0	0	0	0	0	518	0	0	0	0	0	0	0	0	0	0	0	0	0	0	0	0	0	0	0	0	0	0	0	0	0	0	0	0	0	0	0	0	0	636	0	39064	4478	0	9804	700	790	4814	1394	13168	3336	31418	2886	29362	4304	5740	324	458	0	240	394	2314	4574	9470	2204	724	170	
248028	Cerebelum_Crus2_R	0	0	0	0	0	0	0	0	0	0	0	0	0	0	0	0	0	0	0	0	0	0	0	0	0	0	0	0	0	0	0	0	0	0	0	0	0	0	0	0	0	0	0	0	0	0	0	0	0	0	0	0	0	0	0	1204	0	0	0	0	0	0	0	0	0	0	0	0	0	0	0	0	0	0	0	0	0	0	0	0	0	0	0	0	0	0	0	0	0	992	1684	29814	9804	0	0	1664	350	5136	762	12436	1802	10526	2960	22854	414	936	0	240	0	170	1420	2918	12562	2206	898	262	
36212	Cerebelum_3_L	0	0	0	0	0	0	0	0	0	0	0	0	0	0	0	0	0	0	0	0	0	0	0	0	0	0	0	0	0	0	0	0	0	0	0	0	0	0	328	0	0	0	0	0	0	0	314	0	0	0	0	0	0	0	0	0	0	0	0	0	0	0	0	0	0	0	0	0	0	0	0	0	0	0	0	0	0	0	0	0	0	0	0	0	0	0	0	0	0	0	788	0	700	0	0	198	6324	264	1076	124	424	0	730	0	1202	188	0	0	848	2312	1556	216	0	220	294	0	
101732	Cerebelum_3_R	0	0	0	0	0	0	0	0	0	0	0	0	0	0	0	0	0	0	0	0	0	0	0	0	0	0	0	0	0	0	0	0	0	0	0	0	0	0	0	150	0	0	0	0	0	0	128	138	0	0	0	0	0	0	0	164	0	0	0	0	0	0	0	0	0	0	0	0	0	0	0	0	0	0	0	0	0	0	0	0	0	0	0	0	0	0	0	0	0	0	282	2820	790	1664	198	0	2534	8136	328	4344	546	0	874	3664	628	3534	0	0	1720	3942	4076	522	728	3784	4368	804	
362556	Cerebelum_4_5_L	0	0	0	0	0	0	0	0	0	0	0	0	0	0	0	0	0	0	0	0	0	0	0	0	0	0	0	0	0	0	0	0	0	0	238	0	334	0	446	0	0	0	252	0	0	0	14016	4430	0	0	0	0	0	0	10970	2432	0	0	0	0	0	0	0	0	0	0	180	0	0	0	0	0	0	0	0	0	0	0	0	0	0	0	0	0	0	0	0	0	840	0	21824	4020	4814	350	6324	2534	0	9744	35842	6390	4162	0	5422	1032	6470	1270	264	0	1270	3394	21578	3878	1422	1964	2218	954	
348960	Cerebelum_4_5_R	0	130	0	0	0	0	0	0	0	0	0	0	0	0	0	0	0	0	0	0	0	0	0	0	0	0	0	0	0	0	0	0	0	0	0	0	0	1026	0	2874	0	0	0	776	0	0	2314	12286	0	0	0	0	0	394	538	9910	0	0	0	0	0	0	0	0	0	0	0	892	0	0	0	0	0	0	0	0	0	374	0	0	0	0	0	0	0	0	0	0	0	0	4180	21278	1394	5136	264	8136	9744	0	7670	32880	726	322	830	7790	464	3154	0	164	184	1610	24530	3490	2468	2726	3128	698	
472832	Cerebelum_6_L	0	0	0	0	0	0	0	0	0	0	0	0	0	0	0	0	0	0	0	0	0	0	0	0	0	0	0	0	0	0	0	0	0	0	0	0	0	0	144	0	0	0	0	0	0	0	18968	5538	0	0	0	0	250	0	22062	3154	0	0	0	0	0	0	0	0	0	0	0	0	0	0	0	0	0	0	0	0	0	0	0	0	0	0	0	0	0	0	0	0	2980	0	56862	9620	13168	762	1076	328	35842	7670	0	11936	3338	0	3054	568	1446	0	314	0	182	216	15434	17922	2620	278	364	320	
484956	Cerebelum_6_R	0	0	0	0	0	0	0	0	0	0	0	0	0	0	0	0	0	0	0	0	0	0	0	0	0	0	0	0	0	0	0	0	0	0	0	0	0	168	0	390	0	0	0	0	0	0	4006	14816	0	0	0	0	0	430	1090	18334	0	0	0	0	0	0	0	0	0	0	0	0	0	0	0	0	0	0	0	0	0	0	0	0	0	0	0	0	0	0	0	0	0	450	5928	61056	3336	12436	124	4344	6390	32880	11936	0	392	364	202	10296	0	1484	0	406	270	672	18676	22170	6902	368	1042	1120	
220144	Cerebelum_7b_L	0	0	0	0	0	0	0	0	0	0	0	0	0	0	0	0	0	0	0	0	0	0	0	0	0	0	0	0	0	0	0	0	0	0	0	0	0	0	0	0	0	0	0	0	0	0	218	0	0	0	0	0	0	0	318	0	0	0	0	0	0	0	0	0	0	0	0	0	0	0	0	0	0	0	0	0	0	0	0	0	0	0	0	0	0	0	0	0	242	0	11440	0	31418	1802	424	546	4162	726	3338	392	0	216	34206	1518	8574	228	1106	0	230	356	1782	560	3334	2378	558	0	
71908	Cerebelum_7b_R	0	0	0	0	0	0	0	0	0	0	0	0	0	0	0	0	0	0	0	0	0	0	0	0	0	0	0	0	0	0	0	0	0	0	0	0	0	0	0	0	0	0	0	0	0	0	0	0	0	0	0	0	0	0	0	0	0	0	0	0	0	0	0	0	0	0	0	0	0	0	0	0	0	0	0	0	0	0	0	0	0	0	0	0	0	0	0	0	0	0	0	1402	2886	10526	0	0	0	322	0	364	216	0	336	14112	0	2532	0	138	0	0	124	0	2572	424	0	0	
290304	Cerebelum_8_L	0	0	0	0	0	0	0	0	0	0	0	0	0	0	0	0	0	0	0	0	0	0	0	0	0	0	0	0	0	0	0	0	0	0	0	0	0	0	0	0	0	0	0	0	0	0	300	0	0	0	0	0	0	0	432	0	0	0	0	0	0	0	0	0	0	0	0	0	0	0	0	0	0	0	0	0	0	0	0	0	0	0	0	0	0	0	0	0	0	0	14014	126	29362	2960	730	874	5422	830	3054	202	34206	336	0	5098	21080	1702	2886	0	314	484	1888	602	5904	7300	3798	1248	
272788	Cerebelum_8_R	0	0	0	0	0	0	0	0	0	0	0	0	0	0	0	0	0	0	0	0	0	0	0	0	0	0	0	0	0	0	0	0	0	0	0	0	0	0	0	346	0	0	0	0	0	0	174	0	0	0	0	0	0	0	0	1322	0	0	0	0	0	0	0	0	0	0	0	0	0	0	0	0	0	0	0	0	0	0	0	0	0	0	0	0	0	0	0	0	0	304	562	15226	4304	22854	0	3664	1032	7790	568	10296	1518	14112	5098	0	1914	17668	0	1356	344	958	3284	1120	6622	7388	5444	1126	
142256	Cerebelum_9_L	0	0	0	0	0	0	0	0	0	0	0	0	0	0	0	0	0	0	0	0	0	0	0	0	0	0	0	0	0	0	0	0	0	0	0	0	0	0	0	0	0	0	0	0	0	0	0	0	0	0	0	0	0	0	0	0	0	0	0	0	0	0	0	0	0	0	0	0	0	0	0	0	0	0	0	0	0	0	0	0	0	0	0	0	0	0	0	0	0	0	2562	0	5740	414	1202	628	6470	464	1446	0	8574	0	21080	1914	0	2510	4350	0	154	888	1822	542	1886	3260	3702	1520	
131520	Cerebelum_9_R	0	0	0	0	0	0	0	0	0	0	0	0	0	0	0	0	0	0	0	0	0	0	0	0	0	0	0	0	0	0	0	0	0	0	0	0	0	0	0	522	0	0	0	0	0	0	0	0	0	0	0	0	0	0	0	816	0	0	0	0	0	0	0	0	0	0	0	0	0	0	0	0	0	0	0	0	0	0	0	0	0	0	0	0	0	0	0	0	0	0	0	954	324	936	188	3534	1270	3154	0	1484	228	2532	1702	17668	2510	0	0	1200	1092	2266	1940	1434	1712	6220	8400	3674	
19404	Cerebelum_10_L	0	0	0	0	0	0	0	0	0	0	0	0	0	0	0	0	0	0	0	0	0	0	0	0	0	0	0	0	0	0	0	0	0	0	0	0	0	0	0	0	0	0	0	0	0	0	0	0	0	0	0	0	0	0	0	0	0	0	0	0	0	0	0	0	0	0	0	0	0	0	0	0	0	0	0	0	0	0	0	0	0	0	0	0	0	0	0	0	0	0	324	0	458	0	0	0	264	0	314	0	1106	0	2886	0	4350	0	0	0	0	0	0	0	0	0	0	0	
7524	Cerebelum_10_R	0	0	0	0	0	0	0	0	0	0	0	0	0	0	0	0	0	0	0	0	0	0	0	0	0	0	0	0	0	0	0	0	0	0	0	0	0	0	0	0	0	0	0	0	0	0	0	0	0	0	0	0	0	0	0	0	0	0	0	0	0	0	0	0	0	0	0	0	0	0	0	0	0	0	0	0	0	0	0	0	0	0	0	0	0	0	0	0	0	0	0	258	0	240	0	0	0	164	0	406	0	138	0	1356	0	1200	0	0	0	0	0	0	0	0	0	0	
34164	Vermis_1_2	0	0	0	0	0	0	0	0	0	0	0	0	0	0	0	0	0	0	0	0	0	0	0	0	0	0	0	0	0	0	0	0	0	0	0	0	136	0	186	0	0	0	0	0	0	0	0	0	0	0	0	0	0	0	0	0	0	0	0	0	0	0	0	0	0	0	0	0	0	0	0	0	0	0	0	0	0	0	0	0	0	0	0	0	0	0	0	0	0	0	0	116	240	0	848	1720	1270	184	182	270	230	0	314	344	154	1092	0	0	0	5598	2002	370	222	556	782	266	
65764	Vermis_3	0	0	0	0	0	0	0	0	0	0	0	0	0	0	0	0	0	0	0	0	0	0	0	0	0	0	0	0	0	0	0	0	0	0	0	0	202	0	266	0	0	0	0	0	0	0	0	0	0	0	0	0	0	0	0	0	0	0	0	0	0	0	0	0	0	0	0	0	0	0	0	0	0	0	0	0	0	0	0	0	0	0	0	0	0	0	0	0	0	0	0	242	394	170	2312	3942	3394	1610	216	672	356	0	484	958	888	2266	0	0	5598	0	3502	328	374	1908	2288	512	
350992	Vermis_4_5	0	0	0	0	0	0	0	0	0	0	0	0	0	0	0	0	0	0	0	0	0	0	0	0	0	0	0	0	0	0	0	0	0	0	0	782	0	1074	0	454	0	0	0	928	0	0	4988	11776	0	0	0	0	0	394	2070	6280	0	0	0	0	0	0	0	0	0	0	0	1500	0	0	0	0	0	0	0	0	0	0	0	0	0	0	0	0	0	0	0	0	0	0	8258	11592	2314	1420	1556	4076	21578	24530	15434	18676	1782	124	1888	3284	1822	1940	0	0	2002	3502	0	7852	2752	3334	3718	1816	
254440	Vermis_6	0	0	0	0	0	0	0	0	0	0	0	0	0	0	0	0	0	0	0	0	0	0	0	0	0	0	0	0	0	0	0	0	0	0	0	0	0	0	0	0	0	0	0	0	0	0	4760	5786	0	0	0	0	120	308	2010	3436	0	0	0	0	0	0	0	0	0	0	0	0	0	0	0	0	0	0	0	0	0	0	0	0	0	0	0	0	0	0	0	0	0	0	10772	18910	4574	2918	216	522	3878	3490	17922	22170	560	0	602	1120	542	1434	0	0	370	328	7852	0	6462	1242	2002	2914	
183424	Vermis_7	0	0	0	0	0	0	0	0	0	0	0	0	0	0	0	0	0	0	0	0	0	0	0	0	0	0	0	0	0	0	0	0	0	0	0	0	0	0	0	0	0	0	0	0	0	0	216	122	0	0	0	0	0	0	0	0	0	0	0	0	0	0	0	0	0	0	0	0	0	0	0	0	0	0	0	0	0	0	0	0	0	0	0	0	0	0	0	0	0	0	4324	9600	9470	12562	0	728	1422	2468	2620	6902	3334	2572	5904	6622	1886	1712	0	0	222	374	2752	6462	0	4522	3114	1802	
131960	Vermis_8	0	0	0	0	0	0	0	0	0	0	0	0	0	0	0	0	0	0	0	0	0	0	0	0	0	0	0	0	0	0	0	0	0	0	0	0	0	0	0	0	0	0	0	0	0	0	0	0	0	0	0	0	0	0	0	0	0	0	0	0	0	0	0	0	0	0	0	0	0	0	0	0	0	0	0	0	0	0	0	0	0	0	0	0	0	0	0	0	0	0	268	468	2204	2206	220	3784	1964	2726	278	368	2378	424	7300	7388	3260	6220	0	0	556	1908	3334	1242	4522	0	9496	3466	
