data	data	674536	240324	928932	713964	143392	76024	505340	365248	71380	42048	189380	205260	211720	130624	210364	92160	212248	102052	827700	940380	117992	88424	302392	367000	28700	106080	65096	67380	572828	227432	287256	467444	161772	592856	120448	125812	241120	332080	76808	133852	32460	62380	174304	300900	142500	266248	171388	252664	192836	284584	424244	256456	145720	100600	289188	389044	193100	248204	120408	148520	148856	114240	92800	119648	97116	108672	295972	449004	189384	164224	233556	296508	350912	391772	55944	22584	185344	117576	64760	38368	167800	122532	72596	42176	308864	205180	36080	10612	200772	103772	497532	424468	292248	322192	25456	49952	222292	203776	422476	408888	237316	171308	278848	324060	99488	115472	22428	3168	29868	64972	198640	187276	281780	159496	63696	22468	
data	data	Precentral_L	Precentral_R	Frontal_Sup_L	Frontal_Sup_R	Frontal_Sup_Orb_L	Frontal_Sup_Orb_R	Frontal_Mid_L	Frontal_Mid_R	Frontal_Mid_Orb_L	Frontal_Mid_Orb_R	Frontal_Inf_Oper_L	Frontal_Inf_Oper_R	Frontal_Inf_Tri_L	Frontal_Inf_Tri_R	Frontal_Inf_Orb_L	Frontal_Inf_Orb_R	Rolandic_Oper_L	Rolandic_Oper_R	Supp_Motor_Area_L	Supp_Motor_Area_R	Olfactory_L	Olfactory_R	Frontal_Sup_Medial_L	Frontal_Sup_Medial_R	Frontal_Med_Orb_L	Frontal_Med_Orb_R	Rectus_L	Rectus_R	Insula_L	Insula_R	Cingulum_Ant_L	Cingulum_Ant_R	Cingulum_Mid_L	Cingulum_Mid_R	Cingulum_Post_L	Cingulum_Post_R	Hippocampus_L	Hippocampus_R	ParaHippocampal_L	ParaHippocampal_R	Amygdala_L	Amygdala_R	Calcarine_L	Calcarine_R	Cuneus_L	Cuneus_R	Lingual_L	Lingual_R	Occipital_Sup_L	Occipital_Sup_R	Occipital_Mid_L	Occipital_Mid_R	Occipital_Inf_L	Occipital_Inf_R	Fusiform_L	Fusiform_R	Postcentral_L	Postcentral_R	Parietal_Sup_L	Parietal_Sup_R	Parietal_Inf_L	Parietal_Inf_R	SupraMarginal_L	SupraMarginal_R	Angular_L	Angular_R	Precuneus_L	Precuneus_R	Paracentral_Lobule_L	Paracentral_Lobule_R	Caudate_L	Caudate_R	Putamen_L	Putamen_R	Pallidum_L	Pallidum_R	Thalamus_L	Thalamus_R	Heschl_L	Heschl_R	Temporal_Sup_L	Temporal_Sup_R	Temporal_Pole_Sup_L	Temporal_Pole_Sup_R	Temporal_Mid_L	Temporal_Mid_R	Temporal_Pole_Mid_L	Temporal_Pole_Mid_R	Temporal_Inf_L	Temporal_Inf_R	Cerebelum_Crus1_L	Cerebelum_Crus1_R	Cerebelum_Crus2_L	Cerebelum_Crus2_R	Cerebelum_3_L	Cerebelum_3_R	Cerebelum_4_5_L	Cerebelum_4_5_R	Cerebelum_6_L	Cerebelum_6_R	Cerebelum_7b_L	Cerebelum_7b_R	Cerebelum_8_L	Cerebelum_8_R	Cerebelum_9_L	Cerebelum_9_R	Cerebelum_10_L	Cerebelum_10_R	Vermis_1_2	Vermis_3	Vermis_4_5	Vermis_6	Vermis_7	Vermis_8	Vermis_9	Vermis_10	
674536	Precentral_L	0	4272	49696	1758	0	0	28796	1392	0	0	18452	1204	250	186	0	0	19178	0	43588	15778	0	0	830	130	0	0	0	0	19906	218	2546	674	330	8118	3696	1852	10824	568	1372	0	232	0	142	0	148	0	0	0	178	0	1358	0	318	0	250	0	18650	1496	274	0	1994	0	1024	0	668	0	502	0	10140	4014	8718	1432	20452	400	5452	116	14506	626	4244	0	2808	0	458	0	836	0	0	0	218	0	0	0	0	0	0	0	0	0	0	0	0	0	0	0	0	0	0	0	0	0	0	0	0	0	0	0	
240324	Precentral_R	4272	0	1542	7082	0	0	2684	10720	0	0	88	10568	0	422	0	0	90	1642	2586	21394	0	0	0	340	0	0	0	0	204	1574	0	442	170	5024	136	578	260	3628	0	0	0	0	0	298	0	832	0	0	0	668	0	200	0	0	0	1914	318	14756	0	284	150	1250	0	2352	112	0	0	2106	1922	4284	2730	1566	1022	1242	560	0	3030	2804	0	0	0	216	0	0	0	100	0	0	0	0	0	0	0	0	0	0	0	0	0	0	0	0	0	0	0	0	0	0	0	0	0	0	0	0	0	0	
928932	Frontal_Sup_L	49696	1542	0	6700	8976	0	66878	2014	2042	0	8614	1498	11448	168	8492	98	7572	0	87224	19054	1996	0	40856	1154	2444	0	460	0	34178	304	16744	3388	8268	3728	324	218	5300	376	1106	0	132	0	0	0	0	0	0	0	0	0	330	0	130	0	158	0	2658	212	0	0	324	0	202	0	122	0	0	0	3230	0	8300	1506	28292	434	5266	0	6104	328	596	0	1898	0	1232	0	152	0	0	0	0	0	0	0	0	0	0	0	0	0	0	0	0	0	0	0	0	0	0	0	0	0	0	0	0	0	0	0	
713964	Frontal_Sup_R	1758	7082	6700	0	0	2444	884	44054	0	874	0	5866	188	7014	196	918	0	4040	17986	65664	0	0	5266	40262	0	4106	0	534	360	9206	4172	35360	3478	27864	136	254	264	9004	0	1514	0	346	0	0	0	0	0	0	0	0	0	0	0	92	0	336	0	1930	0	0	0	186	0	394	0	0	0	0	202	0	3658	12582	390	22768	0	1516	266	4508	0	208	0	152	0	0	0	0	0	0	0	0	0	0	0	0	0	0	0	0	0	0	0	0	0	0	0	0	0	0	0	0	0	0	0	0	0	0	
143392	Frontal_Sup_Orb_L	0	0	8976	0	0	248	384	0	8612	0	0	0	218	0	12020	246	0	0	0	0	4658	1672	1822	0	2864	0	7428	706	10008	0	2052	0	0	0	0	0	0	0	126	0	0	0	0	0	0	0	0	0	0	0	0	0	0	0	0	0	0	0	0	0	0	0	0	0	0	0	0	0	0	0	2796	628	5634	0	0	0	0	0	0	0	0	0	598	0	0	0	0	0	0	0	0	0	0	0	0	0	0	0	0	0	0	0	0	0	0	0	0	0	0	0	0	0	0	0	0	0	
76024	Frontal_Sup_Orb_R	0	0	0	2444	248	0	0	1318	0	3586	0	0	0	0	192	4750	0	0	0	158	408	1666	0	2612	100	7136	324	7540	182	852	362	330	0	126	0	0	0	0	0	0	0	0	0	0	0	0	0	0	0	0	0	0	0	0	0	0	0	0	0	0	0	0	0	0	0	0	0	0	0	0	386	1592	0	1700	0	0	0	0	0	0	0	0	0	0	0	0	0	0	0	0	0	0	0	0	0	0	0	0	0	0	0	0	0	0	0	0	0	0	0	0	0	0	0	0	0	0	
505340	Frontal_Mid_L	28796	2684	66878	884	384	0	0	1656	2312	0	13230	2000	29834	340	8494	0	4514	0	10500	4592	766	0	16014	540	0	0	0	0	16208	102	5922	1354	6064	3160	1398	884	3824	242	562	0	0	0	88	0	0	0	0	0	0	0	788	0	234	0	0	0	1856	172	90	0	710	0	134	0	148	0	0	0	318	392	1056	270	3170	174	510	0	6256	184	1070	0	232	0	106	0	460	0	0	0	114	0	0	0	0	0	0	0	0	0	0	0	0	0	0	0	0	0	0	0	0	0	0	0	0	0	0	0	
365248	Frontal_Mid_R	1392	10720	2014	44054	0	1318	1656	0	0	2150	0	15638	0	15424	0	5178	110	1282	8194	19796	0	368	1522	11802	0	144	0	394	174	4692	1098	7336	756	10614	0	0	134	2492	0	712	0	128	0	0	0	0	0	0	0	0	0	0	0	0	0	152	232	1004	0	0	170	210	0	400	114	0	0	0	0	0	1856	374	464	5858	134	0	0	364	0	0	0	0	0	0	0	0	0	0	0	0	0	0	0	0	0	0	0	0	0	0	0	0	0	0	0	0	0	0	0	0	0	0	0	0	0	0	
71380	Frontal_Mid_Orb_L	0	0	2042	0	8612	0	2312	0	0	0	0	0	1360	0	12478	0	0	0	0	0	734	298	0	0	400	0	1846	124	3268	0	92	0	148	0	0	0	0	0	0	0	0	0	0	0	0	0	0	0	0	0	0	0	0	0	0	0	0	0	0	0	0	0	0	0	0	0	0	0	0	0	426	130	1118	0	0	0	0	0	0	0	0	0	302	0	0	0	0	0	0	0	0	0	0	0	0	0	0	0	0	0	0	0	0	0	0	0	0	0	0	0	0	0	0	0	0	0	
42048	Frontal_Mid_Orb_R	0	0	0	874	0	3586	0	2150	0	0	0	148	0	1296	0	8236	0	0	544	990	0	0	0	214	0	302	0	506	0	628	0	0	0	892	0	0	0	0	0	0	0	0	0	0	0	0	0	0	0	0	0	0	0	0	0	0	0	0	0	0	0	0	0	0	0	0	0	0	0	0	0	134	0	524	0	0	0	0	0	0	0	0	0	0	0	0	0	0	0	0	0	0	0	0	0	0	0	0	0	0	0	0	0	0	0	0	0	0	0	0	0	0	0	0	0	0	
189380	Frontal_Inf_Oper_L	18452	88	8614	0	0	0	13230	0	0	0	0	146	8998	0	212	0	14192	0	4958	134	0	0	1200	0	0	0	0	0	11644	0	1862	0	294	0	0	0	1104	0	446	0	0	0	0	0	0	0	0	0	0	0	156	0	0	0	0	0	3436	0	0	0	908	0	364	0	106	0	0	0	0	0	318	234	928	0	0	0	0	0	290	0	1822	0	554	0	0	0	0	0	0	0	0	0	0	0	0	0	0	0	0	0	0	0	0	0	0	0	0	0	0	0	0	0	0	0	0	0	
205260	Frontal_Inf_Oper_R	1204	10568	1498	5866	0	0	2000	15638	0	148	146	0	0	11534	0	428	0	5768	2260	5232	0	0	262	1504	0	0	0	0	228	10388	242	1046	0	1942	0	152	212	5132	0	932	0	96	0	0	0	0	0	0	0	0	0	0	0	0	0	372	132	2096	0	0	138	468	0	1010	0	0	0	210	0	0	3324	352	138	8256	0	0	92	1376	0	0	0	152	0	88	0	0	0	0	0	0	0	0	0	0	0	0	0	0	0	0	0	0	0	0	0	0	0	0	0	0	0	0	0	0	0	0	
211720	Frontal_Inf_Tri_L	250	0	11448	188	218	0	29834	0	1360	0	8998	0	0	0	16432	0	132	0	2454	0	220	0	3752	0	0	0	0	0	24322	0	3218	740	1654	232	0	0	0	0	0	0	0	0	0	0	0	0	0	0	0	0	0	0	0	0	0	0	0	0	0	0	0	0	0	0	0	0	0	0	0	0	0	0	182	0	0	0	0	0	0	0	0	0	226	0	0	0	0	0	0	0	0	0	0	0	0	0	0	0	0	0	0	0	0	0	0	0	0	0	0	0	0	0	0	0	0	0	
130624	Frontal_Inf_Tri_R	186	422	168	7014	0	0	340	15424	0	1296	0	11534	0	0	0	4198	0	272	1298	4808	0	0	390	1788	0	0	0	0	90	6042	0	502	0	2626	0	0	114	1762	0	616	0	0	0	0	0	0	0	0	0	0	0	0	0	0	0	88	90	0	0	0	152	0	0	0	0	0	0	0	0	0	0	182	174	3628	0	0	0	108	0	0	0	0	0	0	0	0	0	0	0	0	0	0	0	0	0	0	0	0	0	0	0	0	0	0	0	0	0	0	0	0	0	0	0	0	0	0	
210364	Frontal_Inf_Orb_L	0	0	8492	196	12020	192	8494	0	12478	0	212	0	16432	0	0	192	0	0	310	0	4032	1066	758	0	0	0	2798	442	23282	0	1192	576	1502	226	0	0	256	0	402	0	0	0	0	0	0	0	0	0	0	0	0	0	0	0	0	0	0	0	0	0	0	0	0	0	0	0	0	0	0	0	1778	456	4606	0	0	0	0	0	0	0	0	0	2792	0	0	0	0	0	0	0	0	0	0	0	0	0	0	0	0	0	0	0	0	0	0	0	0	0	0	0	0	0	0	0	0	0	
92160	Frontal_Inf_Orb_R	0	0	98	918	246	4750	0	5178	0	8236	0	428	0	4198	192	0	0	0	1082	1714	406	1986	0	972	0	0	300	2290	188	6020	0	118	0	1674	0	0	0	458	0	310	0	398	0	0	0	0	0	0	0	0	0	0	0	0	0	0	0	0	0	0	0	0	0	0	0	0	0	0	0	0	418	612	0	2550	0	0	0	0	0	0	0	146	0	194	0	0	0	0	0	0	0	0	0	0	0	0	0	0	0	0	0	0	0	0	0	0	0	0	0	0	0	0	0	0	0	0	
212248	Rolandic_Oper_L	19178	90	7572	0	0	0	4514	110	0	0	14192	0	132	0	0	0	0	0	4204	290	0	0	0	0	0	0	0	0	15498	0	154	0	0	0	94	0	1538	0	366	0	0	0	0	0	0	0	0	0	0	0	1964	0	748	0	252	0	8182	0	180	0	2290	0	3248	0	2250	0	118	0	0	0	216	300	974	0	182	0	310	0	3380	0	9748	0	670	0	2296	0	0	0	884	0	0	0	0	0	0	0	0	0	0	0	0	0	0	0	0	0	0	0	0	0	0	0	0	0	0	0	
102052	Rolandic_Oper_R	0	1642	0	4040	0	0	0	1282	0	0	0	5768	0	272	0	0	0	0	418	3130	0	0	0	360	0	0	0	0	0	11180	0	0	0	272	0	0	0	4038	0	0	0	0	0	0	0	0	0	0	0	0	0	0	0	0	0	612	0	1352	0	0	0	638	0	2916	0	236	0	96	0	0	0	104	0	3588	0	0	0	822	0	3686	0	3870	0	446	0	258	0	0	0	0	0	0	0	0	0	0	0	0	0	0	0	0	0	0	0	0	0	0	0	0	0	0	0	0	0	0	
827700	Supp_Motor_Area_L	43588	2586	87224	17986	0	0	10500	8194	0	544	4958	2260	2454	1298	310	1082	4204	418	0	53614	206	0	10112	5806	0	142	0	0	15104	992	7214	9972	9180	27566	882	234	4382	570	830	0	132	0	0	0	0	0	0	0	0	0	102	0	0	0	154	0	1950	320	0	0	182	0	102	0	0	0	0	0	17408	206	8872	2154	22740	1158	5978	206	14294	872	366	0	1788	0	454	0	0	0	0	0	0	0	0	0	0	0	0	0	0	0	0	0	0	0	0	0	0	0	0	0	0	0	0	0	0	0	0	0	
940380	Supp_Motor_Area_R	15778	21394	19054	65664	0	158	4592	19796	0	990	134	5232	0	4808	0	1714	290	3130	53614	0	0	0	3694	15166	0	656	0	192	908	6134	3932	24034	4452	71388	980	3596	456	6336	0	802	0	0	0	1356	0	592	0	444	0	134	0	298	0	268	0	592	186	7104	0	1404	164	1402	0	424	120	0	248	9042	9596	20360	5260	19198	670	15530	0	2734	4404	7300	0	490	302	614	0	0	0	456	0	0	0	152	0	0	0	0	0	0	0	0	0	0	0	0	0	0	0	0	0	0	0	0	272	0	0	0	0	0	
117992	Olfactory_L	0	0	1996	0	4658	408	766	0	734	0	0	0	220	0	4032	406	0	0	206	0	0	6068	360	0	294	152	3880	1368	7124	0	3164	1840	336	0	0	0	896	0	1686	0	946	0	0	0	0	0	0	0	0	0	0	0	0	0	234	0	0	0	0	0	0	0	0	0	0	0	0	0	0	0	7996	3006	3758	1144	0	0	0	0	0	0	150	0	1168	0	0	0	0	0	0	0	0	0	0	0	0	0	0	0	0	0	0	0	0	0	0	0	0	0	0	0	0	0	0	0	0	0	
88424	Olfactory_R	0	0	0	0	1672	1666	0	368	298	0	0	0	0	0	1066	1986	0	0	0	0	6068	0	0	96	156	528	2506	3590	750	936	1850	2194	0	0	0	0	0	0	0	0	0	242	0	0	0	0	0	0	0	0	0	0	0	0	0	0	0	0	0	0	0	0	0	0	0	0	0	0	0	0	7150	4986	4016	2088	0	0	0	0	0	0	0	0	0	0	0	0	0	0	0	0	0	0	0	0	0	0	0	0	0	0	0	0	0	0	0	0	0	0	0	0	0	0	0	0	0	0	
302392	Frontal_Sup_Medial_L	830	0	40856	5266	1822	0	16014	1522	0	0	1200	262	3752	390	758	0	0	0	10112	3694	360	0	0	12434	1930	598	100	0	5980	0	18998	8098	5944	7676	0	0	0	0	0	0	0	0	0	0	0	0	0	0	0	0	0	0	0	0	0	0	0	0	0	0	0	0	0	0	0	0	0	0	0	0	334	0	2266	0	0	0	0	0	0	0	0	0	0	0	0	0	0	0	0	0	0	0	0	0	0	0	0	0	0	0	0	0	0	0	0	0	0	0	0	0	0	0	0	0	0	0	
367000	Frontal_Sup_Medial_R	130	340	1154	40262	0	2612	540	11802	0	214	0	1504	0	1788	0	972	0	360	5806	15166	0	96	12434	0	154	8508	0	1122	0	758	5650	30290	1350	18232	0	0	0	478	0	0	0	0	0	0	0	0	0	0	0	0	0	0	0	0	0	0	0	0	0	0	0	0	0	0	0	0	0	0	0	0	260	9848	0	11448	0	0	0	222	0	0	0	0	0	0	0	0	0	0	0	0	0	0	0	0	0	0	0	0	0	0	0	0	0	0	0	0	0	0	0	0	0	0	0	0	0	0	
28700	Frontal_Med_Orb_L	0	0	2444	0	2864	100	0	0	400	0	0	0	0	0	0	0	0	0	0	0	294	156	1930	154	0	708	1280	158	590	0	2276	148	0	0	0	0	0	0	0	0	0	0	0	0	0	0	0	0	0	0	0	0	0	0	0	0	0	0	0	0	0	0	0	0	0	0	0	0	0	0	244	0	604	0	0	0	0	0	0	0	0	0	0	0	0	0	0	0	0	0	0	0	0	0	0	0	0	0	0	0	0	0	0	0	0	0	0	0	0	0	0	0	0	0	0	0	
106080	Frontal_Med_Orb_R	0	0	0	4106	0	7136	0	144	0	302	0	0	0	0	0	0	0	0	142	656	152	528	598	8508	708	0	230	6466	0	0	2324	8456	0	156	0	0	0	0	0	0	0	0	0	0	0	0	0	0	0	0	0	0	0	0	0	0	0	0	0	0	0	0	0	0	0	0	0	0	0	0	126	5850	94	6358	0	0	0	0	0	0	0	0	0	0	0	0	0	0	0	0	0	0	0	0	0	0	0	0	0	0	0	0	0	0	0	0	0	0	0	0	0	0	0	0	0	0	
65096	Rectus_L	0	0	460	0	7428	324	0	0	1846	0	0	0	0	0	2798	300	0	0	0	0	3880	2506	100	0	1280	230	0	1086	1744	0	1988	432	0	0	0	0	0	0	0	0	0	0	0	0	0	0	0	0	0	0	0	0	0	0	0	0	0	0	0	0	0	0	0	0	0	0	0	0	0	0	3856	974	1162	154	0	0	0	0	0	0	0	0	0	0	0	0	0	0	0	0	0	0	0	0	0	0	0	0	0	0	0	0	0	0	0	0	0	0	0	0	0	0	0	0	0	0	
67380	Rectus_R	0	0	0	534	706	7540	0	394	124	506	0	0	0	0	442	2290	0	0	0	192	1368	3590	0	1122	158	6466	1086	0	330	446	380	1458	0	104	0	0	0	0	0	0	0	0	0	0	0	0	0	0	0	0	0	0	0	0	0	0	0	0	0	0	0	0	0	0	0	0	0	0	0	0	1292	1562	380	1220	0	0	0	0	0	0	0	0	0	0	0	0	0	0	0	0	0	0	0	0	0	0	0	0	0	0	0	0	0	0	0	0	0	0	0	0	0	0	0	0	0	0	
572828	Insula_L	19906	204	34178	360	10008	182	16208	174	3268	0	11644	228	24322	90	23282	188	15498	0	15104	908	7124	750	5980	0	590	0	1744	330	0	0	8548	2056	1316	186	960	972	13494	280	3792	0	2194	0	0	0	0	0	0	0	0	0	676	0	354	0	2482	0	4852	0	0	0	1686	0	1732	0	336	0	0	0	0	0	1940	1188	19386	0	0	0	2246	102	6830	0	7404	0	6088	0	1626	0	0	0	1418	0	0	0	0	0	0	0	0	0	0	0	0	0	0	0	0	0	0	0	0	0	0	0	0	0	0	0	
227432	Insula_R	218	1574	304	9206	0	852	102	4692	0	628	0	10388	0	6042	0	6020	0	11180	992	6134	0	936	0	758	0	0	0	446	0	0	0	254	0	1020	154	298	264	11954	0	2610	0	2050	0	0	0	0	0	0	0	0	0	0	0	0	0	1142	0	940	0	0	0	108	0	294	0	0	0	202	0	0	242	562	0	19782	0	0	144	2360	0	1302	0	3188	0	3510	0	708	0	0	0	156	0	0	0	0	0	0	0	0	0	0	0	0	0	0	0	0	0	0	0	0	0	0	0	0	0	0	
287256	Cingulum_Ant_L	2546	0	16744	4172	2052	362	5922	1098	92	0	1862	242	3218	0	1192	0	154	0	7214	3932	3164	1850	18998	5650	2276	2324	1988	380	8548	0	0	18888	5326	4080	378	0	140	0	0	0	0	0	0	0	0	0	0	0	0	0	0	0	0	0	0	0	0	0	0	0	0	0	0	0	0	0	0	0	0	0	6220	2748	8346	1384	0	0	0	0	0	0	0	0	138	0	0	0	0	0	0	0	0	0	0	0	0	0	0	0	0	0	0	0	0	0	0	0	0	0	0	0	0	0	0	0	0	0	
467444	Cingulum_Ant_R	674	442	3388	35360	0	330	1354	7336	0	0	0	1046	740	502	576	118	0	0	9972	24034	1840	2194	8098	30290	148	8456	432	1458	2056	254	18888	0	4606	27878	0	0	0	570	0	0	0	0	0	0	0	0	0	0	0	0	0	0	0	0	0	0	0	88	0	0	0	0	0	0	0	0	0	0	0	0	3124	19782	1538	15768	0	0	0	382	0	0	0	0	0	0	0	0	0	0	0	0	0	0	0	0	0	0	0	0	0	0	0	0	0	0	0	0	0	0	0	0	0	0	0	0	0	0	
161772	Cingulum_Mid_L	330	170	8268	3478	0	0	6064	756	148	0	294	0	1654	0	1502	0	0	0	9180	4452	336	0	5944	1350	0	0	0	0	1316	0	5326	4606	0	11252	2664	718	0	0	0	0	0	0	302	0	168	0	0	0	204	0	142	0	0	148	0	0	0	0	242	0	0	0	0	0	0	0	4506	534	4592	146	0	0	0	0	0	0	94	0	0	0	0	0	0	0	0	0	0	0	0	0	0	0	0	0	0	0	0	0	0	0	0	0	0	0	0	0	0	0	0	0	0	0	0	0	0	0	
592856	Cingulum_Mid_R	8118	5024	3728	27864	0	126	3160	10614	0	892	0	1942	232	2626	226	1674	0	272	27566	71388	0	0	7676	18232	0	156	0	104	186	1020	4080	27878	11252	0	854	4862	0	184	0	0	0	0	0	2040	0	1618	0	406	0	614	0	664	0	770	0	482	0	3616	0	404	0	0	0	0	0	0	1610	11886	6468	17606	128	1488	0	924	0	0	2430	308	0	0	0	216	0	0	0	454	0	0	0	94	0	0	0	0	0	0	0	0	0	0	0	0	0	0	0	0	0	0	0	0	266	0	0	0	0	0	
120448	Cingulum_Post_L	3696	136	324	136	0	0	1398	0	0	0	0	0	0	0	0	0	94	0	882	980	0	0	0	0	0	0	0	0	960	154	378	0	2664	854	0	7694	6494	1924	626	142	0	0	3586	0	3494	0	928	0	750	0	1618	0	612	0	0	0	362	284	0	0	0	0	0	0	0	0	9114	1368	5608	762	0	0	0	0	0	0	364	430	866	0	0	0	0	0	336	0	0	0	112	0	0	0	0	0	0	0	0	0	0	0	0	0	0	0	0	0	0	0	0	0	94	0	0	0	0	0	
125812	Cingulum_Post_R	1852	578	218	254	0	0	884	0	0	0	0	152	0	0	0	0	0	0	234	3596	0	0	0	0	0	0	0	0	972	298	0	0	718	4862	7694	0	5068	6198	614	354	0	0	0	1156	0	310	260	2382	0	0	0	0	0	218	0	1858	0	1108	0	0	0	0	0	0	0	0	1422	8780	232	3166	0	140	0	116	0	0	2118	2306	874	0	0	0	0	0	0	0	0	0	0	182	0	0	0	0	0	0	0	0	0	0	0	0	0	0	0	0	0	0	0	0	1732	0	0	0	0	0	
241120	Hippocampus_L	10824	260	5300	264	0	0	3824	134	0	0	1104	212	0	114	256	0	1538	0	4382	456	896	0	0	0	0	0	0	0	13494	264	140	0	0	0	6494	5068	0	2820	11766	204	5256	0	2704	0	0	0	2040	128	0	0	88	0	0	0	8154	0	978	0	0	0	128	0	364	0	0	0	3442	274	502	0	232	266	8396	110	730	0	5400	1196	2452	0	2288	0	1774	0	0	0	118	0	3592	0	0	0	0	0	0	0	0	0	0	0	0	0	0	0	0	0	0	0	0	134	0	0	0	0	0	0	
332080	Hippocampus_R	568	3628	376	9004	0	0	242	2492	0	0	0	5132	0	1762	0	458	0	4038	570	6336	0	0	0	478	0	0	0	0	280	11954	0	570	0	184	1924	6198	2820	0	350	23490	0	11256	0	222	0	0	114	2976	0	0	0	0	0	0	0	19562	0	772	0	0	0	100	0	224	0	0	0	4034	0	184	380	1960	0	19378	0	662	1580	8802	266	1584	0	1842	0	1328	0	1420	0	0	0	2882	0	0	0	0	0	0	0	686	0	0	0	0	0	0	0	0	0	0	0	0	972	0	0	0	0	0	
76808	ParaHippocampal_L	1372	0	1106	0	126	0	562	0	0	0	446	0	0	0	402	0	366	0	830	0	1686	0	0	0	0	0	0	0	3792	0	0	0	0	0	626	614	11766	350	0	0	2228	0	0	0	0	0	1382	0	0	0	0	0	186	0	3984	0	0	0	0	0	0	0	0	0	0	0	0	0	0	0	160	0	2794	0	0	0	458	88	0	0	544	0	1428	0	0	0	248	0	860	0	0	0	0	0	0	0	0	0	0	0	0	0	0	0	0	0	0	0	0	0	0	0	0	0	0	0	
133852	ParaHippocampal_R	0	0	0	1514	0	0	0	712	0	0	0	932	0	616	0	310	0	0	0	802	0	0	0	0	0	0	0	0	0	2610	0	0	0	0	142	354	204	23490	0	0	0	7490	0	0	0	0	0	1272	0	0	0	0	0	0	0	12648	0	0	0	0	0	0	0	0	0	0	0	720	0	0	0	0	0	6718	0	122	0	816	0	0	0	330	0	2144	0	470	0	414	0	1482	0	0	0	0	0	0	0	614	0	0	0	0	0	0	0	0	0	0	0	0	0	0	0	0	0	0	
32460	Amygdala_L	232	0	132	0	0	0	0	0	0	0	0	0	0	0	0	0	0	0	132	0	946	0	0	0	0	0	0	0	2194	0	0	0	0	0	0	0	5256	0	2228	0	0	0	0	0	0	0	0	0	0	0	0	0	0	0	2492	0	0	0	0	0	0	0	0	0	0	0	0	0	0	0	0	0	646	0	0	0	0	0	0	0	0	0	1046	0	0	0	168	0	758	0	0	0	0	0	0	0	0	0	0	0	0	0	0	0	0	0	0	0	0	0	0	0	0	0	0	0	
62380	Amygdala_R	0	0	0	346	0	0	0	128	0	0	0	96	0	0	0	398	0	0	0	0	0	242	0	0	0	0	0	0	0	2050	0	0	0	0	0	0	0	11256	0	7490	0	0	0	0	0	0	0	0	0	0	0	0	0	0	0	4746	0	0	0	0	0	0	0	0	0	0	0	0	0	0	0	0	0	2726	0	0	0	0	0	0	0	0	0	1278	0	0	0	0	0	434	0	0	0	0	0	0	0	0	0	0	0	0	0	0	0	0	0	0	0	0	0	0	0	0	0	0	
174304	Calcarine_L	142	0	0	0	0	0	88	0	0	0	0	0	0	0	0	0	0	0	0	0	0	0	0	0	0	0	0	0	0	0	0	0	302	0	3586	0	2704	0	0	0	0	0	0	3624	9706	2384	9490	1052	7858	788	20542	366	5108	0	1296	134	1384	0	202	0	252	0	0	0	520	0	12948	206	836	0	0	0	0	0	0	0	0	0	0	0	98	0	0	0	1316	0	0	0	116	0	0	0	0	0	0	0	0	0	0	104	0	0	0	0	0	0	0	0	0	0	0	0	0	0	0	0	
300900	Calcarine_R	0	298	0	0	0	0	0	0	0	0	0	0	0	0	0	0	0	0	0	1356	0	0	0	0	0	0	0	0	0	0	0	0	0	2040	0	1156	0	222	0	0	0	0	3624	0	4390	29666	1052	15508	336	28790	0	15806	0	3484	0	4688	0	2168	0	2638	0	90	0	0	0	364	1860	22004	0	1434	0	0	0	0	0	0	0	0	0	0	0	114	0	0	0	6238	0	0	0	618	0	0	0	0	0	0	0	0	0	506	0	0	0	0	0	0	0	0	0	0	0	0	0	0	0	0	
142500	Cuneus_L	148	0	0	0	0	0	0	0	0	0	0	0	0	0	0	0	0	0	0	0	0	0	0	0	0	0	0	0	0	0	0	0	168	0	3494	0	0	0	0	0	0	0	9706	4390	0	5254	1764	442	17750	1620	9020	0	2508	0	172	0	0	0	1032	294	254	0	0	0	0	0	10822	1430	638	0	0	0	0	0	0	0	0	0	0	0	0	0	0	0	248	0	0	0	96	0	0	0	0	0	0	0	0	0	0	0	0	0	0	0	0	0	0	0	0	0	0	0	0	0	0	0	
266248	Cuneus_R	0	832	0	0	0	0	0	0	0	0	0	0	0	0	0	0	0	0	0	592	0	0	0	0	0	0	0	0	0	0	0	0	0	1618	0	310	0	0	0	0	0	0	2384	29666	5254	0	264	4172	1062	30576	0	8132	0	994	0	1594	0	5024	208	7068	0	120	0	0	0	720	3806	25616	0	1054	0	0	0	0	0	0	0	0	0	0	0	102	0	0	0	1716	0	0	0	240	0	0	0	0	0	0	0	0	0	0	0	0	0	0	0	0	0	0	0	0	0	0	0	0	0	0	
171388	Lingual_L	0	0	0	0	0	0	0	0	0	0	0	0	0	0	0	0	0	0	0	0	0	0	0	0	0	0	0	0	0	0	0	0	0	0	928	260	2040	114	1382	0	0	0	9490	1052	1764	264	0	1560	2688	214	9562	186	8364	148	12576	400	0	0	0	0	0	0	0	0	0	0	3196	0	0	0	0	0	0	0	0	0	130	0	0	0	0	0	0	0	170	0	0	0	302	0	4760	626	176	0	0	0	6306	0	9896	1098	0	0	0	0	0	0	0	0	0	0	1704	3348	990	0	0	0	
252664	Lingual_R	0	0	0	0	0	0	0	0	0	0	0	0	0	0	0	0	0	0	0	444	0	0	0	0	0	0	0	0	0	0	0	0	0	406	0	2382	128	2976	0	1272	0	0	1052	15508	442	4172	1560	0	0	9044	0	8686	0	4416	696	16978	0	200	0	266	0	0	0	0	0	0	0	9056	0	412	0	0	0	0	0	0	0	142	0	0	0	0	0	0	0	418	0	0	0	406	2078	5046	414	100	0	0	674	7280	3792	9822	0	0	0	0	0	0	0	0	0	88	6720	7194	2062	0	0	0	
192836	Occipital_Sup_L	178	0	0	0	0	0	0	0	0	0	0	0	0	0	0	0	0	0	0	0	0	0	0	0	0	0	0	0	0	0	0	0	204	0	750	0	0	0	0	0	0	0	7858	336	17750	1062	2688	0	0	142	28406	0	2918	0	162	0	1294	0	4030	268	3258	0	0	0	1408	0	17598	1298	436	0	0	0	0	0	0	0	0	0	0	0	0	0	0	0	3768	0	0	0	606	0	0	0	0	0	0	0	0	0	0	0	0	0	0	0	0	0	0	0	0	0	0	0	0	0	0	0	
284584	Occipital_Sup_R	0	668	0	0	0	0	0	0	0	0	0	0	0	0	0	0	0	0	0	134	0	0	0	0	0	0	0	0	0	0	0	0	0	614	0	0	0	0	0	0	0	0	788	28790	1620	30576	214	9044	142	0	0	24380	0	1130	0	2114	0	3686	0	8892	0	2036	0	0	0	4798	1684	18060	0	496	0	0	0	0	0	0	0	0	0	0	0	0	0	0	0	2000	0	0	0	116	0	0	0	0	0	0	0	0	0	310	0	0	0	0	0	0	0	0	0	0	0	0	0	0	0	0	
424244	Occipital_Mid_L	1358	0	330	0	0	0	788	0	0	0	156	0	0	0	0	0	1964	0	102	0	0	0	0	0	0	0	0	0	676	0	0	0	142	0	1618	0	88	0	0	0	0	0	20542	0	9020	0	9562	0	28406	0	0	0	22796	0	5384	0	5612	0	14580	0	11644	0	606	0	15072	0	22240	224	744	0	0	0	0	0	0	0	0	0	216	0	2000	0	0	0	29516	0	0	0	6302	0	0	0	0	0	0	0	154	0	166	0	0	0	0	0	0	0	0	0	0	0	114	0	0	0	0	0	
256456	Occipital_Mid_R	0	200	0	0	0	0	0	0	0	0	0	0	0	0	0	0	0	0	0	298	0	0	0	0	0	0	0	0	0	0	0	0	0	664	0	0	0	0	0	0	0	0	366	15806	0	8132	186	8686	0	24380	0	0	0	5688	0	8152	0	5294	0	5414	0	2990	0	0	0	14162	266	11172	0	650	0	0	0	0	0	0	0	0	0	0	0	124	0	0	0	13640	0	0	0	1560	0	0	0	0	0	0	0	0	0	398	0	0	0	0	0	0	0	0	0	0	0	0	0	0	0	0	
145720	Occipital_Inf_L	318	0	130	0	0	0	234	0	0	0	0	0	0	0	0	0	748	0	0	0	0	0	0	0	0	0	0	0	354	0	0	0	0	0	612	0	0	0	186	0	0	0	5108	0	2508	0	8364	0	2918	0	22796	0	0	0	11838	0	814	0	338	0	562	0	180	0	238	0	2738	0	0	0	0	0	0	0	0	0	0	0	692	0	366	0	0	0	3336	0	0	0	3398	0	286	0	0	0	0	0	1392	0	1824	0	0	0	0	0	0	0	0	0	0	0	582	0	0	0	0	0	
100600	Occipital_Inf_R	0	0	0	92	0	0	0	0	0	0	0	0	0	0	0	0	0	0	0	268	0	0	0	0	0	0	0	0	0	0	0	0	148	770	0	218	0	0	0	0	0	0	0	3484	0	994	148	4416	0	1130	0	5688	0	0	134	10998	0	1356	0	868	0	0	0	104	0	0	366	6432	0	468	0	0	0	0	0	0	0	0	0	0	0	530	0	0	0	2262	0	0	0	4206	252	316	0	0	0	0	0	718	502	1402	0	0	0	0	0	0	0	0	0	0	746	1010	274	0	0	0	
289188	Fusiform_L	250	0	158	0	0	0	0	0	0	0	0	0	0	0	0	0	252	0	154	0	234	0	0	0	0	0	0	0	2482	0	0	0	0	0	0	0	8154	0	3984	0	2492	0	1296	0	172	0	12576	696	162	0	5384	0	11838	134	0	246	0	0	0	0	0	0	0	0	0	0	614	0	0	0	0	0	982	0	0	0	0	0	820	0	3176	0	2942	0	5890	0	3706	0	15066	0	18476	258	472	0	88	0	11188	0	23282	614	1496	0	0	0	0	0	0	0	0	0	1892	2452	516	0	0	0	
389044	Fusiform_R	0	1914	0	336	0	0	0	152	0	0	0	372	0	88	0	0	0	612	0	592	0	0	0	0	0	0	0	0	0	1142	0	0	0	482	0	1858	0	19562	0	12648	0	4746	134	4688	0	1594	400	16978	0	2114	0	8152	0	10998	246	0	0	3390	0	2192	0	366	0	522	0	130	0	10102	0	1048	0	0	0	1372	0	0	0	286	0	1018	0	3788	0	3458	0	5180	0	1514	0	12450	872	15706	132	568	0	154	180	9356	2062	18358	0	0	0	520	0	0	0	0	0	0	4900	4116	974	0	0	0	
193100	Postcentral_L	18650	318	2658	0	0	0	1856	232	0	0	3436	132	0	90	0	0	8182	0	1950	186	0	0	0	0	0	0	0	0	4852	0	0	0	0	0	362	0	978	0	0	0	0	0	1384	0	0	0	0	0	1294	0	5612	0	814	0	0	0	0	0	4480	0	13272	0	10554	0	708	0	4356	0	1250	0	346	0	798	0	262	0	274	0	2446	0	2308	0	0	0	2510	0	0	0	0	0	0	0	0	0	0	0	0	0	0	0	0	0	0	0	0	0	0	0	0	0	0	0	0	0	0	0	
248204	Postcentral_R	1496	14756	212	1930	0	0	172	1004	0	0	0	2096	0	0	0	0	0	1352	320	7104	0	0	0	0	0	0	0	0	0	940	0	88	0	3616	284	1108	0	772	0	0	0	0	0	2168	0	5024	0	200	0	3686	0	5294	0	1356	0	3390	0	0	0	10530	0	6140	0	9588	0	942	0	23170	1584	8408	662	106	132	406	0	0	90	156	0	198	0	806	0	0	0	2098	0	0	0	718	0	0	0	0	0	0	0	0	0	0	0	0	0	0	0	0	0	0	0	0	0	0	0	0	0	0	
120408	Parietal_Sup_L	274	0	0	0	0	0	90	0	0	0	0	0	0	0	0	0	180	0	0	0	0	0	0	0	0	0	0	0	0	0	0	0	242	0	0	0	0	0	0	0	0	0	202	0	1032	208	0	0	4030	0	14580	0	338	0	0	0	4480	0	0	98	7420	0	0	0	712	0	12080	840	564	0	0	0	0	0	0	0	0	0	0	0	436	0	0	0	10700	0	0	0	1698	0	0	0	0	0	0	0	0	0	0	0	0	0	0	0	0	0	0	0	0	0	0	0	0	0	0	0	
148520	Parietal_Sup_R	0	284	0	0	0	0	0	0	0	0	0	0	0	0	0	0	0	0	0	1404	0	0	0	0	0	0	0	0	0	0	0	0	0	404	0	0	0	0	0	0	0	0	0	2638	294	7068	0	266	268	8892	0	5414	0	868	0	2192	0	10530	98	0	0	6978	0	2076	0	2804	714	18618	0	544	0	0	0	0	0	0	0	0	0	0	0	240	0	0	0	1318	0	0	0	348	0	0	0	0	0	0	0	0	0	0	0	0	0	0	0	0	0	0	0	0	0	0	0	0	0	0	
148856	Parietal_Inf_L	1994	150	324	0	0	0	710	170	0	0	908	138	0	152	0	0	2290	0	182	164	0	0	0	0	0	0	0	0	1686	0	0	0	0	0	0	0	128	0	0	0	0	0	252	0	254	0	0	0	3258	0	11644	0	562	0	0	0	13272	0	7420	0	0	0	10678	0	7610	0	784	0	0	0	362	0	0	0	0	0	0	0	100	0	1374	0	0	0	7090	0	0	0	772	0	0	0	0	0	0	0	0	0	0	0	0	0	0	0	0	0	0	0	0	0	0	0	0	0	0	0	
114240	Parietal_Inf_R	0	1250	0	186	0	0	0	210	0	0	0	468	0	0	0	0	0	638	0	1402	0	0	0	0	0	0	0	0	0	108	0	0	0	0	0	0	0	100	0	0	0	0	0	90	0	120	0	0	0	2036	0	2990	0	0	0	366	0	6140	0	6978	0	0	0	15008	0	10082	0	3198	0	0	0	0	0	130	0	0	0	0	0	444	0	1916	0	0	0	3142	0	0	0	118	0	0	0	0	0	0	0	0	0	0	0	0	0	0	0	0	0	0	0	0	0	0	0	0	0	0	
92800	SupraMarginal_L	1024	0	202	0	0	0	134	0	0	0	364	0	0	0	0	0	3248	0	102	0	0	0	0	0	0	0	0	0	1732	0	0	0	0	0	0	0	364	0	0	0	0	0	0	0	0	0	0	0	0	0	606	0	180	0	0	0	10554	0	0	0	10678	0	0	0	5076	0	0	0	0	0	0	0	138	0	0	0	0	0	724	0	5534	0	0	0	5220	0	0	0	520	0	0	0	0	0	0	0	0	0	0	0	0	0	0	0	0	0	0	0	0	0	0	0	0	0	0	0	
119648	SupraMarginal_R	0	2352	0	394	0	0	0	400	0	0	0	1010	0	0	0	0	0	2916	0	424	0	0	0	0	0	0	0	0	0	294	0	0	0	0	0	0	0	224	0	0	0	0	0	0	0	0	0	0	0	0	0	0	0	104	0	522	0	9588	0	2076	0	15008	0	0	0	6546	0	864	0	0	122	0	0	174	0	0	0	0	0	818	0	8996	0	0	0	6992	0	0	0	0	0	0	0	0	0	0	0	0	0	0	0	0	0	0	0	0	0	0	0	0	0	0	0	0	0	0	
97116	Angular_L	668	112	122	0	0	0	148	114	0	0	106	0	0	0	0	0	2250	0	0	120	0	0	0	0	0	0	0	0	336	0	0	0	0	0	0	0	0	0	0	0	0	0	520	0	0	0	0	0	1408	0	15072	0	238	0	0	0	708	0	712	0	7610	0	5076	0	0	0	2102	0	118	0	0	0	0	0	0	0	0	0	0	0	3062	0	0	0	7672	0	0	0	284	0	0	0	0	0	0	0	0	0	0	0	0	0	0	0	0	0	0	0	0	0	0	0	0	0	0	0	
108672	Angular_R	0	0	0	0	0	0	0	0	0	0	0	0	0	0	0	0	0	236	0	0	0	0	0	0	0	0	0	0	0	0	0	0	0	0	0	0	0	0	0	0	0	0	0	364	0	720	0	0	0	4798	0	14162	0	0	0	130	0	942	0	2804	0	10082	0	6546	0	0	0	1540	0	0	0	0	0	0	0	0	0	0	0	190	0	3260	0	0	0	8388	0	0	0	174	0	0	0	0	0	0	0	0	0	0	0	0	0	0	0	0	0	0	0	0	0	0	0	0	0	0	
295972	Precuneus_L	502	0	0	0	0	0	0	0	0	0	0	0	0	0	0	0	118	0	0	248	0	0	0	0	0	0	0	0	0	0	0	0	4506	1610	9114	1422	3442	0	0	0	0	0	12948	1860	10822	3806	3196	0	17598	1684	22240	266	2738	366	614	0	4356	0	12080	714	784	0	0	0	2102	0	0	11046	5662	198	0	0	0	0	0	0	0	0	0	0	288	0	0	0	8944	0	0	0	2712	0	0	0	0	0	0	0	0	0	0	0	0	0	0	0	0	0	0	0	0	0	0	0	0	0	0	0	
449004	Precuneus_R	0	2106	0	0	0	0	0	0	0	0	0	210	0	0	0	0	0	96	0	9042	0	0	0	0	0	0	0	0	0	202	0	0	534	11886	1368	8780	274	4034	0	720	0	0	206	22004	1430	25616	0	9056	1298	18060	224	11172	0	6432	0	10102	0	23170	840	18618	0	3198	0	864	0	1540	11046	0	188	9306	0	0	0	0	0	0	160	0	0	98	0	482	0	0	130	5602	0	0	126	2022	0	0	0	0	0	0	0	186	0	0	0	0	0	0	0	0	0	0	0	0	2074	0	0	0	0	0	
189384	Paracentral_Lobule_L	10140	1922	3230	202	0	0	318	0	0	0	0	0	0	0	0	0	0	0	17408	9596	0	0	0	0	0	0	0	0	0	0	0	0	4592	6468	5608	232	502	0	0	0	0	0	836	0	638	0	0	0	436	0	744	0	0	0	0	0	1250	1584	564	0	0	0	0	0	118	0	5662	188	0	5254	1256	206	658	0	1664	0	12632	296	0	0	0	0	0	0	488	0	0	0	0	0	0	0	0	0	0	0	0	0	0	0	0	0	0	0	0	0	0	0	0	0	0	0	0	0	0	0	
164224	Paracentral_Lobule_R	4014	4284	0	0	0	0	392	0	0	0	0	0	0	0	0	0	0	0	206	20360	0	0	0	0	0	0	0	0	0	0	0	0	146	17606	762	3166	0	184	0	0	0	0	0	1434	0	1054	0	412	0	496	0	650	0	468	0	1048	0	8408	0	544	0	0	0	0	0	0	198	9306	5254	0	0	0	0	0	0	0	540	0	0	0	0	240	0	0	0	536	0	0	0	146	0	0	0	0	0	0	0	0	0	0	0	0	0	0	0	0	0	0	0	0	258	0	0	0	0	0	
233556	Caudate_L	8718	2730	8300	3658	2796	386	1056	1856	426	0	318	3324	0	0	1778	418	216	0	8872	5260	7996	7150	334	260	244	126	3856	1292	1940	242	6220	3124	0	128	0	0	232	380	160	0	0	0	0	0	0	0	0	0	0	0	0	0	0	0	0	0	346	662	0	0	362	0	0	122	0	0	0	0	1256	0	0	8810	12418	3978	268	566	3356	838	0	0	0	0	0	0	0	0	0	0	0	0	0	0	0	0	0	0	0	0	0	0	0	0	0	0	0	0	0	0	0	0	0	0	0	0	0	0	
296508	Caudate_R	1432	1566	1506	12582	628	1592	270	374	130	134	234	352	0	182	456	612	300	104	2154	19198	3006	4986	0	9848	0	5850	974	1562	1188	562	2748	19782	0	1488	0	140	266	1960	0	0	0	0	0	0	0	0	0	0	0	0	0	0	0	0	0	0	0	106	0	0	0	0	0	0	0	0	0	0	206	0	8810	0	4106	21052	0	1922	1960	11626	0	0	300	0	0	0	0	0	0	0	0	0	0	0	0	0	0	0	0	0	0	0	0	0	0	0	0	0	0	0	0	0	0	0	0	0	0	0	
350912	Putamen_L	20452	1022	28292	390	5634	0	3170	464	1118	0	928	138	182	174	4606	0	974	0	22740	670	3758	4016	2266	0	604	94	1162	380	19386	0	8346	1538	0	0	0	0	8396	0	2794	0	646	0	0	0	0	0	0	0	0	0	0	0	0	0	982	0	798	132	0	0	0	0	138	0	0	0	0	0	658	0	12418	4106	0	1778	5052	100	2210	0	104	0	838	0	1486	0	0	0	0	0	316	0	0	0	0	0	0	0	0	0	0	0	0	0	0	0	0	0	0	0	0	0	0	0	0	0	0	0	
391772	Putamen_R	400	1242	434	22768	0	1700	174	5858	0	524	0	8256	0	3628	0	2550	0	3588	1158	15530	1144	2088	0	11448	0	6358	154	1220	0	19782	1384	15768	0	924	0	116	110	19378	0	6718	0	2726	0	0	0	0	0	0	0	0	0	0	0	0	0	1372	0	406	0	0	0	130	0	174	0	0	0	0	0	0	3978	21052	1778	0	0	3158	0	3894	0	322	0	494	0	1752	0	0	0	0	0	248	0	0	0	0	0	0	0	0	0	0	0	0	0	0	0	0	0	0	0	0	0	0	0	0	0	0	
55944	Pallidum_L	5452	560	5266	0	0	0	510	134	0	0	0	0	0	0	0	0	182	0	5978	0	0	0	0	0	0	0	0	0	0	0	0	0	0	0	0	0	730	0	0	0	0	0	0	0	0	0	0	0	0	0	0	0	0	0	0	0	262	0	0	0	0	0	0	0	0	0	0	0	1664	0	268	0	5052	0	0	0	1914	0	0	0	0	0	0	0	0	0	0	0	0	0	0	0	0	0	0	0	0	0	0	0	0	0	0	0	0	0	0	0	0	0	0	0	0	0	0	0	
22584	Pallidum_R	116	0	0	1516	0	0	0	0	0	0	0	0	0	0	0	0	0	0	206	2734	0	0	0	0	0	0	0	0	0	0	0	0	0	0	0	0	0	662	0	122	0	0	0	0	0	0	0	0	0	0	0	0	0	0	0	0	0	0	0	0	0	0	0	0	0	0	0	0	0	0	566	1922	100	3158	0	0	0	190	0	0	0	0	0	0	0	0	0	0	0	0	0	0	0	0	0	0	0	0	0	0	0	0	0	0	0	0	0	0	0	0	0	0	0	0	0	0	
185344	Thalamus_L	14506	3030	6104	266	0	0	6256	0	0	0	0	92	0	0	0	0	310	0	14294	4404	0	0	0	0	0	0	0	0	2246	144	0	0	94	2430	364	2118	5400	1580	458	0	0	0	0	0	0	0	130	0	0	0	0	0	0	0	0	0	274	90	0	0	0	0	0	0	0	0	0	160	12632	540	3356	1960	2210	0	1914	0	0	4770	282	0	150	0	0	0	0	0	0	0	108	0	0	0	0	0	0	0	0	0	0	0	0	0	0	0	0	0	0	0	0	0	0	0	0	0	0	0	
117576	Thalamus_R	626	2804	328	4508	0	0	184	364	0	0	0	1376	0	108	0	0	0	822	872	7300	0	0	0	222	0	0	0	0	102	2360	0	382	0	308	430	2306	1196	8802	88	816	0	0	0	0	0	0	0	142	0	0	0	0	0	0	0	286	0	156	0	0	0	0	0	0	0	0	0	0	296	0	838	11626	0	3894	0	190	4770	0	90	98	0	98	0	0	0	0	0	0	0	0	0	0	0	0	0	0	0	0	0	0	0	0	0	0	0	0	0	0	0	0	0	0	0	0	0	0	
64760	Heschl_L	4244	0	596	0	0	0	1070	0	0	0	290	0	0	0	0	0	3380	0	366	0	0	0	0	0	0	0	0	0	6830	0	0	0	0	0	866	874	2452	266	0	0	0	0	0	0	0	0	0	0	0	0	216	0	692	0	820	0	2446	0	0	0	100	0	724	0	0	0	0	0	0	0	0	0	104	0	0	0	282	90	0	0	3024	0	0	0	2028	0	0	0	620	0	0	0	0	0	0	0	0	0	0	0	0	0	0	0	0	0	0	0	0	0	0	0	0	0	0	0	
38368	Heschl_R	0	0	0	208	0	0	0	0	0	0	0	0	0	0	0	0	0	3686	0	490	0	0	0	0	0	0	0	0	0	1302	0	0	0	0	0	0	0	1584	0	0	0	0	0	0	0	0	0	0	0	0	0	0	0	0	0	1018	0	198	0	0	0	444	0	818	0	190	0	98	0	0	0	0	0	322	0	0	0	98	0	0	0	7058	0	0	0	1520	0	0	0	150	0	0	0	0	0	0	0	0	0	0	0	0	0	0	0	0	0	0	0	0	0	0	0	0	0	0	
167800	Temporal_Sup_L	2808	0	1898	0	0	0	232	0	0	0	1822	0	0	0	0	0	9748	0	1788	302	150	0	0	0	0	0	0	0	7404	0	0	0	0	0	0	0	2288	0	544	0	0	0	98	0	0	0	0	0	0	0	2000	0	366	0	3176	0	2308	0	436	0	1374	0	5534	0	3062	0	288	0	0	0	0	300	838	0	0	0	150	0	3024	0	0	0	2528	0	17778	0	0	0	11656	0	0	0	0	0	0	0	0	0	0	0	0	0	0	0	0	0	0	0	0	0	0	0	0	0	0	0	
122532	Temporal_Sup_R	0	216	0	152	0	0	0	0	0	0	0	152	0	0	0	146	0	3870	0	614	0	0	0	0	0	0	0	0	0	3188	0	0	0	216	0	0	0	1842	0	330	0	0	0	114	0	102	0	0	0	0	0	124	0	530	0	3788	0	806	0	240	0	1916	0	8996	0	3260	0	482	0	240	0	0	0	494	0	0	0	98	0	7058	0	0	0	3158	0	16956	0	244	0	1934	0	0	0	0	0	0	0	0	0	0	0	0	0	0	0	0	0	0	0	0	0	0	0	0	0	0	
72596	Temporal_Pole_Sup_L	458	0	1232	0	598	0	106	0	302	0	554	0	226	0	2792	0	670	0	454	0	1168	0	0	0	0	0	0	0	6088	0	138	0	0	0	0	0	1774	0	1428	0	1046	0	0	0	0	0	0	0	0	0	0	0	0	0	2942	0	0	0	0	0	0	0	0	0	0	0	0	0	0	0	0	0	1486	0	0	0	0	0	0	0	2528	0	0	0	3632	0	3498	0	3178	0	0	0	0	0	0	0	0	0	0	0	0	0	0	0	0	0	0	0	0	0	0	0	0	0	0	0	
42176	Temporal_Pole_Sup_R	0	0	0	0	0	0	0	0	0	0	0	88	0	0	0	194	0	446	0	0	0	0	0	0	0	0	0	0	0	3510	0	0	0	0	0	0	0	1328	0	2144	0	1278	0	0	0	0	0	0	0	0	0	0	0	0	0	3458	0	0	0	0	0	0	0	0	0	0	0	0	0	0	0	0	0	1752	0	0	0	0	0	0	0	3158	0	0	0	1548	0	2036	0	148	0	0	0	0	0	0	0	0	0	0	0	0	0	0	0	0	0	0	0	0	0	0	0	0	0	0	
308864	Temporal_Mid_L	836	0	152	0	0	0	460	0	0	0	0	0	0	0	0	0	2296	0	0	0	0	0	0	0	0	0	0	0	1626	0	0	0	0	0	336	0	0	0	0	0	0	0	1316	0	248	0	170	0	3768	0	29516	0	3336	0	5890	0	2510	0	10700	0	7090	0	5220	0	7672	0	8944	130	488	0	0	0	0	0	0	0	0	0	2028	0	17778	0	3632	0	0	0	4956	0	33334	0	0	0	0	0	0	0	0	0	0	0	0	0	0	0	0	0	0	0	0	0	0	0	0	0	0	0	
205180	Temporal_Mid_R	0	100	0	0	0	0	0	0	0	0	0	0	0	0	0	0	0	258	0	456	0	0	0	0	0	0	0	0	0	708	0	0	0	454	0	0	0	1420	0	470	0	0	0	6238	0	1716	0	418	0	2000	0	13640	0	2262	0	5180	0	2098	0	1318	0	3142	0	6992	0	8388	0	5602	0	536	0	0	0	0	0	0	0	0	0	1520	0	16956	0	1548	0	0	0	824	0	18346	0	0	0	0	0	0	0	0	0	0	0	0	0	0	0	0	0	0	0	0	0	0	0	0	0	0	
36080	Temporal_Pole_Mid_L	0	0	0	0	0	0	0	0	0	0	0	0	0	0	0	0	0	0	0	0	0	0	0	0	0	0	0	0	0	0	0	0	0	0	0	0	118	0	248	0	168	0	0	0	0	0	0	0	0	0	0	0	0	0	3706	0	0	0	0	0	0	0	0	0	0	0	0	0	0	0	0	0	0	0	0	0	0	0	0	0	0	0	3498	0	4956	0	0	0	5346	0	0	0	0	0	0	0	0	0	0	0	0	0	0	0	0	0	0	0	0	0	0	0	0	0	0	0	
10612	Temporal_Pole_Mid_R	0	0	0	0	0	0	0	0	0	0	0	0	0	0	0	0	0	0	0	0	0	0	0	0	0	0	0	0	0	0	0	0	0	0	0	0	0	0	0	414	0	0	0	0	0	0	0	0	0	0	0	0	0	0	0	1514	0	0	0	0	0	0	0	0	0	0	0	0	0	0	0	0	0	0	0	0	0	0	0	0	0	244	0	2036	0	824	0	0	0	274	0	0	0	0	0	0	0	0	0	0	0	0	0	0	0	0	0	0	0	0	0	0	0	0	0	0	
200772	Temporal_Inf_L	218	0	0	0	0	0	114	0	0	0	0	0	0	0	0	0	884	0	0	0	0	0	0	0	0	0	0	0	1418	0	0	0	0	0	112	0	3592	0	860	0	758	0	116	0	96	0	302	0	606	0	6302	0	3398	0	15066	0	0	0	1698	0	772	0	520	0	284	0	2712	126	0	0	0	0	316	0	0	0	108	0	620	0	11656	0	3178	0	33334	0	5346	0	0	0	3760	0	258	0	0	0	422	0	992	0	276	0	0	0	0	0	0	0	0	0	166	0	0	0	0	0	
103772	Temporal_Inf_R	0	0	0	0	0	0	0	0	0	0	0	0	0	0	0	0	0	0	0	152	0	0	0	0	0	0	0	0	0	156	0	0	0	94	0	182	0	2882	0	1482	0	434	0	618	0	240	0	406	0	116	0	1560	0	4206	0	12450	0	718	0	348	0	118	0	0	0	174	0	2022	0	146	0	0	0	248	0	0	0	0	0	150	0	1934	0	148	0	18346	0	274	0	0	0	2078	0	0	0	0	0	0	0	204	0	0	0	0	0	0	0	0	0	0	0	0	0	0	0	0	
497532	Cerebelum_Crus1_L	0	0	0	0	0	0	0	0	0	0	0	0	0	0	0	0	0	0	0	0	0	0	0	0	0	0	0	0	0	0	0	0	0	0	0	0	0	0	0	0	0	0	0	0	0	0	4760	2078	0	0	0	0	286	252	18476	872	0	0	0	0	0	0	0	0	0	0	0	0	0	0	0	0	0	0	0	0	0	0	0	0	0	0	0	0	0	0	0	0	3760	0	0	5032	36868	9342	708	0	26102	822	59330	3504	21326	4068	10482	5936	1348	438	262	0	88	172	6880	10364	12826	2000	216	168	
424468	Cerebelum_Crus1_R	0	0	0	0	0	0	0	0	0	0	0	0	0	0	0	0	0	0	0	0	0	0	0	0	0	0	0	0	0	0	0	0	0	0	0	0	0	0	0	0	0	0	0	0	0	0	626	5046	0	0	0	0	0	316	258	15706	0	0	0	0	0	0	0	0	0	0	0	0	0	0	0	0	0	0	0	0	0	0	0	0	0	0	0	0	0	0	0	0	0	2078	5032	0	2218	34120	0	2092	0	18804	4186	57906	600	8004	3042	21250	158	1824	0	0	610	1608	6670	7808	9148	2580	270	274	
292248	Cerebelum_Crus2_L	0	0	0	0	0	0	0	0	0	0	0	0	0	0	0	0	0	0	0	0	0	0	0	0	0	0	0	0	0	0	0	0	0	0	0	0	0	0	0	0	0	0	0	0	0	0	176	414	0	0	0	0	0	0	472	132	0	0	0	0	0	0	0	0	0	0	0	0	0	0	0	0	0	0	0	0	0	0	0	0	0	0	0	0	0	0	0	0	258	0	36868	2218	0	11438	226	0	1668	290	7346	872	30402	6818	17180	6944	630	424	0	0	0	0	910	2566	12894	4662	202	114	
322192	Cerebelum_Crus2_R	0	0	0	0	0	0	0	0	0	0	0	0	0	0	0	0	0	0	0	0	0	0	0	0	0	0	0	0	0	0	0	0	0	0	0	0	0	0	0	0	0	0	0	0	0	0	0	100	0	0	0	0	0	0	0	568	0	0	0	0	0	0	0	0	0	0	0	0	0	0	0	0	0	0	0	0	0	0	0	0	0	0	0	0	0	0	0	0	0	0	9342	34120	11438	0	0	384	0	1382	1888	14974	7048	18304	8396	25502	290	3380	0	0	144	362	674	1752	14512	6062	474	0	
25456	Cerebelum_3_L	0	0	0	0	0	0	0	0	0	0	0	0	0	0	0	0	0	0	0	0	0	0	0	0	0	0	0	0	0	0	0	0	0	0	0	0	0	0	0	0	0	0	0	0	0	0	0	0	0	0	0	0	0	0	88	0	0	0	0	0	0	0	0	0	0	0	0	0	0	0	0	0	0	0	0	0	0	0	0	0	0	0	0	0	0	0	0	0	0	0	708	0	226	0	0	0	6428	0	1078	0	150	0	174	0	694	106	0	0	504	1168	696	0	300	222	186	0	
49952	Cerebelum_3_R	0	0	0	0	0	0	0	0	0	0	0	0	0	0	0	0	0	0	0	0	0	0	0	0	0	0	0	0	0	0	0	0	0	0	0	0	0	0	0	0	0	0	0	0	0	0	0	0	0	0	0	0	0	0	0	154	0	0	0	0	0	0	0	0	0	0	0	0	0	0	0	0	0	0	0	0	0	0	0	0	0	0	0	0	0	0	0	0	0	0	0	2092	0	384	0	0	0	5620	398	5524	0	0	538	364	496	1032	0	0	784	5040	410	0	680	662	656	142	
222292	Cerebelum_4_5_L	0	0	0	0	0	0	0	0	0	0	0	0	0	0	0	0	0	0	0	0	0	0	0	0	0	0	0	0	0	0	0	0	0	0	0	0	0	0	0	0	0	0	0	0	0	0	6306	674	0	0	154	0	1392	0	11188	180	0	0	0	0	0	0	0	0	0	0	0	0	0	0	0	0	0	0	0	0	0	0	0	0	0	0	0	0	0	0	0	0	422	0	26102	0	1668	0	6428	0	0	358	35746	160	3616	0	1248	88	2382	174	0	0	226	798	9038	1254	480	460	368	236	
203776	Cerebelum_4_5_R	0	0	0	0	0	0	0	0	0	0	0	0	0	0	0	0	0	0	0	0	0	0	0	0	0	0	0	0	0	0	0	0	0	0	0	0	0	686	0	614	0	0	0	0	0	0	0	7280	0	0	0	0	0	718	0	9356	0	0	0	0	0	0	0	0	0	0	0	186	0	0	0	0	0	0	0	0	0	0	0	0	0	0	0	0	0	0	0	0	0	0	822	18804	290	1382	0	5620	358	0	2640	30472	0	148	0	934	0	170	0	0	214	3296	13176	3812	726	184	0	0	
422476	Cerebelum_6_L	0	0	0	0	0	0	0	0	0	0	0	0	0	0	0	0	0	0	0	0	0	0	0	0	0	0	0	0	0	0	0	0	0	0	0	0	0	0	0	0	0	0	0	0	0	0	9896	3792	0	0	166	0	1824	502	23282	2062	0	0	0	0	0	0	0	0	0	0	0	0	0	0	0	0	0	0	0	0	0	0	0	0	0	0	0	0	0	0	0	0	992	0	59330	4186	7346	1888	1078	398	35746	2640	0	5462	5972	234	3260	1874	1690	1140	0	0	372	694	11352	14782	6114	1520	1218	426	
408888	Cerebelum_6_R	0	0	0	0	0	0	0	0	0	0	0	0	0	0	0	0	0	0	0	0	0	0	0	0	0	0	0	0	0	0	0	0	0	0	0	0	0	0	0	0	0	0	104	506	0	0	1098	9822	0	310	0	398	0	1402	614	18358	0	0	0	0	0	0	0	0	0	0	0	0	0	0	0	0	0	0	0	0	0	0	0	0	0	0	0	0	0	0	0	0	0	204	3504	57906	872	14974	0	5524	160	30472	5462	0	118	1762	1214	11486	154	1482	0	0	798	3818	12150	11056	6868	1386	216	246	
237316	Cerebelum_7b_L	0	0	0	0	0	0	0	0	0	0	0	0	0	0	0	0	0	0	0	0	0	0	0	0	0	0	0	0	0	0	0	0	0	0	0	0	0	0	0	0	0	0	0	0	0	0	0	0	0	0	0	0	0	0	1496	0	0	0	0	0	0	0	0	0	0	0	0	0	0	0	0	0	0	0	0	0	0	0	0	0	0	0	0	0	0	0	0	0	276	0	21326	600	30402	7048	150	0	3616	0	5972	118	0	4402	22778	4864	1732	252	754	0	0	0	382	0	6868	5294	328	0	
171308	Cerebelum_7b_R	0	0	0	0	0	0	0	0	0	0	0	0	0	0	0	0	0	0	0	0	0	0	0	0	0	0	0	0	0	0	0	0	0	0	0	0	0	0	0	0	0	0	0	0	0	0	0	0	0	0	0	0	0	0	0	0	0	0	0	0	0	0	0	0	0	0	0	0	0	0	0	0	0	0	0	0	0	0	0	0	0	0	0	0	0	0	0	0	0	0	4068	8004	6818	18304	0	0	0	148	234	1762	4402	0	4048	22046	0	5736	0	0	0	0	0	208	6788	3088	0	0	
278848	Cerebelum_8_L	0	0	0	0	0	0	0	0	0	0	0	0	0	0	0	0	0	0	0	0	0	0	0	0	0	0	0	0	0	0	0	0	0	0	0	0	0	0	0	0	0	0	0	0	0	0	0	0	0	0	0	0	0	0	0	0	0	0	0	0	0	0	0	0	0	0	0	0	0	0	0	0	0	0	0	0	0	0	0	0	0	0	0	0	0	0	0	0	0	0	10482	3042	17180	8396	174	538	1248	0	3260	1214	22778	4048	0	10982	16442	3084	4072	0	448	760	218	1438	11678	13064	4226	652	
324060	Cerebelum_8_R	0	0	0	0	0	0	0	0	0	0	0	0	0	0	0	0	0	0	0	0	0	0	0	0	0	0	0	0	0	0	0	0	0	0	0	0	0	0	0	0	0	0	0	0	0	0	0	0	0	0	0	0	0	0	0	520	0	0	0	0	0	0	0	0	0	0	0	0	0	0	0	0	0	0	0	0	0	0	0	0	0	0	0	0	0	0	0	0	0	0	5936	21250	6944	25502	0	364	88	934	1874	11486	4864	22046	10982	0	1438	19780	0	368	354	584	504	1782	12374	10044	2012	0	
99488	Cerebelum_9_L	0	0	0	0	0	0	0	0	0	0	0	0	0	0	0	0	0	0	0	0	0	0	0	0	0	0	0	0	0	0	0	0	0	0	0	0	0	0	0	0	0	0	0	0	0	0	0	0	0	0	0	0	0	0	0	0	0	0	0	0	0	0	0	0	0	0	0	0	0	0	0	0	0	0	0	0	0	0	0	0	0	0	0	0	0	0	0	0	0	0	1348	158	630	290	694	496	2382	0	1690	154	1732	0	16442	1438	0	2388	6126	0	396	666	234	216	3822	4250	3392	800	
115472	Cerebelum_9_R	0	0	0	0	0	0	0	0	0	0	0	0	0	0	0	0	0	0	0	0	0	0	0	0	0	0	0	0	0	0	0	0	0	0	0	0	0	0	0	0	0	0	0	0	0	0	0	0	0	0	0	0	0	0	0	0	0	0	0	0	0	0	0	0	0	0	0	0	0	0	0	0	0	0	0	0	0	0	0	0	0	0	0	0	0	0	0	0	0	0	438	1824	424	3380	106	1032	174	170	1140	1482	252	5736	3084	19780	2388	0	0	1216	784	1398	140	722	3510	3624	3632	1300	
22428	Cerebelum_10_L	0	0	0	0	0	0	0	0	0	0	0	0	0	0	0	0	0	0	0	0	0	0	0	0	0	0	0	0	0	0	0	0	0	0	0	0	0	0	0	0	0	0	0	0	0	0	0	0	0	0	0	0	0	0	0	0	0	0	0	0	0	0	0	0	0	0	0	0	0	0	0	0	0	0	0	0	0	0	0	0	0	0	0	0	0	0	0	0	0	0	262	0	0	0	0	0	0	0	0	0	754	0	4072	0	6126	0	0	0	0	0	0	0	0	0	0	0	
3168	Cerebelum_10_R	0	0	0	0	0	0	0	0	0	0	0	0	0	0	0	0	0	0	0	0	0	0	0	0	0	0	0	0	0	0	0	0	0	0	0	0	0	0	0	0	0	0	0	0	0	0	0	0	0	0	0	0	0	0	0	0	0	0	0	0	0	0	0	0	0	0	0	0	0	0	0	0	0	0	0	0	0	0	0	0	0	0	0	0	0	0	0	0	0	0	0	0	0	0	0	0	0	0	0	0	0	0	0	368	0	1216	0	0	0	0	0	0	0	0	0	0	
29868	Vermis_1_2	0	0	0	0	0	0	0	0	0	0	0	0	0	0	0	0	0	0	0	0	0	0	0	0	0	0	0	0	0	0	0	0	0	0	0	0	0	0	0	0	0	0	0	0	0	0	0	0	0	0	0	0	0	0	0	0	0	0	0	0	0	0	0	0	0	0	0	0	0	0	0	0	0	0	0	0	0	0	0	0	0	0	0	0	0	0	0	0	0	0	88	610	0	144	504	784	226	214	372	798	0	0	448	354	396	784	0	0	0	4636	1438	314	1128	708	706	282	
64972	Vermis_3	0	0	0	0	0	0	0	0	0	0	0	0	0	0	0	0	0	0	0	0	0	0	0	0	0	0	0	0	0	0	0	0	0	0	0	0	134	0	0	0	0	0	0	0	0	0	0	88	0	0	0	0	0	0	0	0	0	0	0	0	0	0	0	0	0	0	0	0	0	0	0	0	0	0	0	0	0	0	0	0	0	0	0	0	0	0	0	0	0	0	172	1608	0	362	1168	5040	798	3296	694	3818	0	0	760	584	666	1398	0	0	4636	0	2748	422	1590	1092	1076	336	
198640	Vermis_4_5	0	0	0	0	0	0	0	0	0	0	0	0	0	0	0	0	0	0	0	272	0	0	0	0	0	0	0	0	0	0	0	0	0	266	94	1732	0	972	0	0	0	0	0	0	0	0	1704	6720	0	0	114	0	582	746	1892	4900	0	0	0	0	0	0	0	0	0	0	0	2074	0	258	0	0	0	0	0	0	0	0	0	0	0	0	0	0	0	0	0	0	166	0	6880	6670	910	674	696	410	9038	13176	11352	12150	382	0	218	504	234	140	0	0	1438	2748	0	6656	1130	498	342	582	
187276	Vermis_6	0	0	0	0	0	0	0	0	0	0	0	0	0	0	0	0	0	0	0	0	0	0	0	0	0	0	0	0	0	0	0	0	0	0	0	0	0	0	0	0	0	0	0	0	0	0	3348	7194	0	0	0	0	0	1010	2452	4116	0	0	0	0	0	0	0	0	0	0	0	0	0	0	0	0	0	0	0	0	0	0	0	0	0	0	0	0	0	0	0	0	0	0	10364	7808	2566	1752	0	0	1254	3812	14782	11056	0	208	1438	1782	216	722	0	0	314	422	6656	0	7068	1174	726	1398	
281780	Vermis_7	0	0	0	0	0	0	0	0	0	0	0	0	0	0	0	0	0	0	0	0	0	0	0	0	0	0	0	0	0	0	0	0	0	0	0	0	0	0	0	0	0	0	0	0	0	0	990	2062	0	0	0	0	0	274	516	974	0	0	0	0	0	0	0	0	0	0	0	0	0	0	0	0	0	0	0	0	0	0	0	0	0	0	0	0	0	0	0	0	0	0	12826	9148	12894	14512	300	680	480	726	6114	6868	6868	6788	11678	12374	3822	3510	0	0	1128	1590	1130	7068	0	9966	4420	1184	
159496	Vermis_8	0	0	0	0	0	0	0	0	0	0	0	0	0	0	0	0	0	0	0	0	0	0	0	0	0	0	0	0	0	0	0	0	0	0	0	0	0	0	0	0	0	0	0	0	0	0	0	0	0	0	0	0	0	0	0	0	0	0	0	0	0	0	0	0	0	0	0	0	0	0	0	0	0	0	0	0	0	0	0	0	0	0	0	0	0	0	0	0	0	0	2000	2580	4662	6062	222	662	460	184	1520	1386	5294	3088	13064	10044	4250	3624	0	0	708	1092	498	1174	9966	0	5648	1560	
