data	data	520360	427312	940156	848492	110188	52580	360640	255664	100000	7312	232932	164276	218320	92000	152880	54592	162712	122520	791708	839016	34072	57428	219272	409808	8840	47164	30196	34952	486932	253604	151216	469856	90464	438060	190532	276128	268884	354364	119888	269180	22180	50924	225872	288696	189980	265812	267064	381924	153280	270972	459040	194448	149896	111288	450260	493636	378588	279300	124872	57384	203396	79936	125100	115312	93560	113472	238924	385596	258184	265004	216356	345552	271444	274580	57568	28008	227236	286996	59000	11196	153544	95040	59592	49128	263424	252516	25800	24104	355596	313012	529364	540588	351676	375572	76012	73312	423408	275136	509264	492764	279340	168752	377112	344480	208288	239228	31432	41736	34468	77624	252624	227372	318908	199752	145892	73980	
data	data	Precentral_L	Precentral_R	Frontal_Sup_L	Frontal_Sup_R	Frontal_Sup_Orb_L	Frontal_Sup_Orb_R	Frontal_Mid_L	Frontal_Mid_R	Frontal_Mid_Orb_L	Frontal_Mid_Orb_R	Frontal_Inf_Oper_L	Frontal_Inf_Oper_R	Frontal_Inf_Tri_L	Frontal_Inf_Tri_R	Frontal_Inf_Orb_L	Frontal_Inf_Orb_R	Rolandic_Oper_L	Rolandic_Oper_R	Supp_Motor_Area_L	Supp_Motor_Area_R	Olfactory_L	Olfactory_R	Frontal_Sup_Medial_L	Frontal_Sup_Medial_R	Frontal_Med_Orb_L	Frontal_Med_Orb_R	Rectus_L	Rectus_R	Insula_L	Insula_R	Cingulum_Ant_L	Cingulum_Ant_R	Cingulum_Mid_L	Cingulum_Mid_R	Cingulum_Post_L	Cingulum_Post_R	Hippocampus_L	Hippocampus_R	ParaHippocampal_L	ParaHippocampal_R	Amygdala_L	Amygdala_R	Calcarine_L	Calcarine_R	Cuneus_L	Cuneus_R	Lingual_L	Lingual_R	Occipital_Sup_L	Occipital_Sup_R	Occipital_Mid_L	Occipital_Mid_R	Occipital_Inf_L	Occipital_Inf_R	Fusiform_L	Fusiform_R	Postcentral_L	Postcentral_R	Parietal_Sup_L	Parietal_Sup_R	Parietal_Inf_L	Parietal_Inf_R	SupraMarginal_L	SupraMarginal_R	Angular_L	Angular_R	Precuneus_L	Precuneus_R	Paracentral_Lobule_L	Paracentral_Lobule_R	Caudate_L	Caudate_R	Putamen_L	Putamen_R	Pallidum_L	Pallidum_R	Thalamus_L	Thalamus_R	Heschl_L	Heschl_R	Temporal_Sup_L	Temporal_Sup_R	Temporal_Pole_Sup_L	Temporal_Pole_Sup_R	Temporal_Mid_L	Temporal_Mid_R	Temporal_Pole_Mid_L	Temporal_Pole_Mid_R	Temporal_Inf_L	Temporal_Inf_R	Cerebelum_Crus1_L	Cerebelum_Crus1_R	Cerebelum_Crus2_L	Cerebelum_Crus2_R	Cerebelum_3_L	Cerebelum_3_R	Cerebelum_4_5_L	Cerebelum_4_5_R	Cerebelum_6_L	Cerebelum_6_R	Cerebelum_7b_L	Cerebelum_7b_R	Cerebelum_8_L	Cerebelum_8_R	Cerebelum_9_L	Cerebelum_9_R	Cerebelum_10_L	Cerebelum_10_R	Vermis_1_2	Vermis_3	Vermis_4_5	Vermis_6	Vermis_7	Vermis_8	Vermis_9	Vermis_10	
520360	Precentral_L	0	16598	22072	6106	0	0	14150	308	300	0	14202	0	4360	0	856	0	7202	164	14916	19044	0	0	0	164	0	0	0	0	11400	0	0	220	610	4860	2656	3248	4768	1968	424	1364	0	0	0	0	0	0	0	616	0	0	896	0	402	580	1146	1530	37012	3412	0	0	5032	0	2002	0	510	0	222	374	15432	10784	1582	400	3510	176	456	0	11044	1284	3170	0	2010	164	120	0	1180	0	0	0	1536	1310	0	0	0	0	0	0	328	0	0	0	0	0	0	0	0	0	0	0	0	0	0	0	0	0	0	0	
427312	Precentral_R	16598	0	7150	27260	0	0	924	11254	0	0	216	8012	174	150	132	0	184	5306	4872	21592	0	0	0	348	0	0	0	0	384	3796	0	196	0	1204	0	658	0	3362	0	556	0	0	0	382	0	356	0	1060	0	326	0	0	0	456	0	2442	3858	30056	0	560	982	1140	614	3172	0	156	0	1636	6930	11660	2520	6252	1140	2316	178	626	2202	9704	0	282	0	1288	0	0	0	2118	0	0	0	4916	0	0	0	0	0	0	0	0	0	0	0	0	0	0	0	0	0	0	0	0	0	0	0	0	0	0	
940156	Frontal_Sup_L	22072	7150	0	15208	8850	0	48202	7022	4302	0	14658	130	12420	0	6880	148	7388	138	111996	20568	0	0	29678	3318	1036	0	152	0	35628	126	15604	8184	2558	6952	618	730	2542	692	296	210	0	0	0	0	0	0	0	0	0	0	0	0	0	0	524	0	7908	1400	0	0	380	0	122	0	0	0	120	0	4600	0	12874	1598	19412	208	7000	0	13300	712	792	0	2256	0	1016	0	0	0	0	0	400	0	0	0	0	0	0	0	0	0	0	0	0	0	0	0	0	0	0	0	0	0	0	0	0	0	0	0	
848492	Frontal_Sup_R	6106	27260	15208	0	0	3068	2508	31904	0	254	266	14074	518	5972	0	4508	126	4692	21676	74406	0	0	8370	48012	0	1562	0	186	718	15222	2596	39582	1824	18636	0	332	0	3540	0	1216	0	0	0	0	0	0	0	246	0	0	0	0	0	0	0	1000	1842	2112	0	0	740	0	444	308	0	0	0	0	1526	140	2054	25512	956	11886	0	1284	1338	15430	0	172	0	816	0	0	0	508	0	0	0	1590	0	0	0	0	0	0	0	0	0	0	0	0	0	0	0	0	0	0	0	0	0	0	0	0	0	0	
110188	Frontal_Sup_Orb_L	0	0	8850	0	0	0	1730	0	10094	0	0	0	1852	0	10444	0	0	0	1680	0	512	0	2268	0	1190	0	2182	0	7910	0	1512	282	0	0	0	0	0	0	0	0	0	0	0	0	0	0	0	0	0	0	0	0	0	0	0	0	0	0	0	0	0	0	0	0	0	0	0	0	0	0	0	0	4472	0	0	0	0	0	0	0	0	0	116	0	0	0	0	0	0	0	0	0	0	0	0	0	0	0	0	0	0	0	0	0	0	0	0	0	0	0	0	0	0	0	0	0	
52580	Frontal_Sup_Orb_R	0	0	0	3068	0	0	0	1194	0	1422	0	0	0	146	0	1848	0	0	134	146	0	516	0	1898	0	5260	0	4016	0	508	0	820	0	0	0	0	0	0	0	0	0	0	0	0	0	0	0	0	0	0	0	0	0	0	0	0	0	0	0	0	0	0	0	0	0	0	0	0	0	0	0	2600	0	2714	0	0	0	0	0	0	0	0	0	0	0	0	0	0	0	0	0	0	0	0	0	0	0	0	0	0	0	0	0	0	0	0	0	0	0	0	0	0	0	0	0	0	
360640	Frontal_Mid_L	14150	924	48202	2508	1730	0	0	1646	4342	0	10114	0	29684	0	8328	0	1502	0	12068	1086	0	0	4862	818	0	0	0	0	17908	0	2660	1426	766	302	174	424	1502	314	346	244	0	0	0	0	0	0	0	0	0	0	0	0	0	0	800	0	1668	0	0	0	332	0	0	0	0	0	0	0	0	0	1656	986	1174	152	0	0	3492	266	372	0	498	0	246	0	0	0	0	0	436	0	0	0	0	0	0	0	212	0	0	0	0	0	0	0	0	0	0	0	0	0	0	0	0	0	0	0	
255664	Frontal_Mid_R	308	11254	7022	31904	0	1194	1646	0	0	382	144	7698	410	8900	0	2348	0	2410	5406	12402	0	0	386	9864	0	0	0	0	320	3966	206	5306	0	4370	0	202	0	592	0	314	0	0	0	0	0	0	0	0	0	0	0	0	0	0	0	126	0	564	0	0	0	0	0	0	0	0	0	0	0	0	2066	778	610	3300	0	270	176	664	0	0	0	204	0	0	0	0	0	0	0	120	0	0	0	0	0	0	0	0	0	0	0	0	0	0	0	0	0	0	0	0	0	0	0	0	0	0	
100000	Frontal_Mid_Orb_L	300	0	4302	0	10094	0	4342	0	0	0	414	0	6062	0	14110	0	0	0	1476	0	124	0	0	0	0	0	0	0	7606	0	0	0	0	0	0	0	0	0	0	0	0	0	0	0	0	0	0	0	0	0	0	0	0	0	0	0	0	0	0	0	0	0	0	0	0	0	0	0	0	0	0	0	1170	0	0	0	0	0	0	0	0	0	0	0	0	0	0	0	0	0	0	0	0	0	0	0	0	0	0	0	0	0	0	0	0	0	0	0	0	0	0	0	0	0	0	0	
7312	Frontal_Mid_Orb_R	0	0	0	254	0	1422	0	382	0	0	0	0	0	0	0	1598	0	0	0	0	0	0	0	0	0	0	0	0	0	0	0	0	0	0	0	0	0	0	0	0	0	0	0	0	0	0	0	0	0	0	0	0	0	0	0	0	0	0	0	0	0	0	0	0	0	0	0	0	0	0	0	0	0	0	0	0	0	0	0	0	0	0	0	0	0	0	0	0	0	0	0	0	0	0	0	0	0	0	0	0	0	0	0	0	0	0	0	0	0	0	0	0	0	0	0	0	
232932	Frontal_Inf_Oper_L	14202	216	14658	266	0	0	10114	144	414	0	0	0	12504	0	984	0	9532	0	8460	0	0	0	0	0	0	0	0	0	20324	0	0	0	0	0	458	370	1166	188	0	188	0	0	0	0	0	0	0	0	0	0	0	0	0	0	130	0	7996	0	0	0	676	0	254	0	0	0	0	0	0	0	1220	0	2462	0	192	0	1236	328	2084	0	3258	0	2248	0	0	0	0	0	194	0	0	0	0	0	0	0	0	0	0	0	0	0	0	0	0	0	0	0	0	0	0	0	0	0	0	0	
164276	Frontal_Inf_Oper_R	0	8012	130	14074	0	0	0	7698	0	0	0	0	0	3494	0	0	0	4792	1930	12156	0	0	120	2504	0	0	0	0	0	16106	0	866	0	832	0	0	0	552	0	200	0	0	0	0	0	0	0	0	0	0	0	0	0	0	0	214	0	2092	0	0	0	0	0	0	0	0	0	0	0	0	0	638	0	4432	0	346	0	564	0	140	0	134	0	0	0	0	0	0	0	112	0	0	0	0	0	0	0	0	0	0	0	0	0	0	0	0	0	0	0	0	0	0	0	0	0	0	
218320	Frontal_Inf_Tri_L	4360	174	12420	518	1852	0	29684	410	6062	0	12504	0	0	0	13314	0	1664	0	4834	152	0	0	126	0	0	0	0	0	16850	0	142	0	0	0	0	0	132	0	0	0	0	0	0	0	0	0	0	0	0	0	0	0	0	0	0	0	1718	0	0	0	0	0	0	0	0	0	0	0	0	0	0	0	1180	0	0	0	0	0	138	0	518	0	408	0	0	0	0	0	0	0	0	0	0	0	0	0	0	0	0	0	0	0	0	0	0	0	0	0	0	0	0	0	0	0	0	0	
92000	Frontal_Inf_Tri_R	0	150	0	5972	0	146	0	8900	0	0	0	3494	0	0	0	5092	0	144	422	2528	0	0	162	3936	0	0	0	0	0	7020	0	4942	0	886	0	0	0	0	0	0	0	0	0	0	0	0	0	0	0	0	0	0	0	0	0	0	0	0	0	0	0	0	0	0	0	0	0	0	0	0	0	246	0	1960	0	0	0	0	0	0	0	0	0	0	0	0	0	0	0	0	0	0	0	0	0	0	0	0	0	0	0	0	0	0	0	0	0	0	0	0	0	0	0	0	0	0	
152880	Frontal_Inf_Orb_L	856	132	6880	0	10444	0	8328	0	14110	0	984	0	13314	0	0	0	0	0	2438	0	602	0	0	0	0	0	0	0	15092	0	0	0	0	0	0	0	0	0	114	0	0	0	0	0	0	0	0	0	0	0	0	0	0	0	0	0	0	0	0	0	0	0	0	0	0	0	0	0	0	0	0	0	2724	0	0	0	0	0	0	0	0	0	422	0	0	0	0	0	0	0	0	0	0	0	0	0	0	0	0	0	0	0	0	0	0	0	0	0	0	0	0	0	0	0	0	0	
54592	Frontal_Inf_Orb_R	0	0	148	4508	0	1848	0	2348	0	1598	0	0	0	5092	0	0	0	0	302	872	0	816	0	1674	0	0	0	778	0	4070	0	1608	0	632	0	0	0	0	0	0	0	0	0	0	0	0	0	0	0	0	0	0	0	0	0	0	0	0	0	0	0	0	0	0	0	0	0	0	0	0	146	0	122	614	0	0	0	0	0	0	0	0	0	120	0	0	0	0	0	0	0	0	0	0	0	0	0	0	0	0	0	0	0	0	0	0	0	0	0	0	0	0	0	0	0	0	
162712	Rolandic_Oper_L	7202	184	7388	126	0	0	1502	0	0	0	9532	0	1664	0	0	0	0	0	6338	0	0	0	0	0	0	0	0	0	11638	0	0	0	0	0	334	340	580	174	0	174	0	0	0	0	116	0	0	0	0	0	1600	0	434	0	0	0	9628	0	188	0	1166	0	1972	0	330	0	128	0	216	0	806	0	814	0	134	0	898	276	2416	0	8046	0	1262	0	1970	0	0	0	1780	0	0	0	0	0	0	0	0	0	0	0	0	0	0	0	0	0	0	0	0	0	0	0	0	0	0	0	
122520	Rolandic_Oper_R	164	5306	138	4692	0	0	0	2410	0	0	0	4792	0	144	0	0	0	0	2896	4042	0	0	0	244	0	0	0	0	0	11032	0	0	0	0	268	722	352	2076	164	1348	0	0	0	0	0	0	0	156	0	0	0	0	0	0	190	510	0	3532	0	0	0	0	0	2744	0	0	0	238	0	0	0	360	0	3206	0	232	496	1732	0	962	0	4702	0	352	0	166	0	0	166	726	0	0	0	0	0	0	0	0	0	0	0	0	0	0	0	0	0	0	0	0	0	0	0	0	0	0	
791708	Supp_Motor_Area_L	14916	4872	111996	21676	1680	134	12068	5406	1476	0	8460	1930	4834	422	2438	302	6338	2896	0	47506	0	0	4258	2828	0	0	0	0	19192	4206	6726	11950	4482	17468	668	332	2280	686	258	454	0	0	0	0	0	0	0	0	0	0	0	0	0	0	438	162	7818	1734	0	0	380	0	126	0	0	0	136	0	4408	340	9888	6136	17558	4736	6912	200	5312	376	766	0	1920	230	780	0	0	0	0	0	360	0	0	0	0	0	0	0	0	0	0	0	0	0	0	0	0	0	0	0	0	0	0	0	0	0	0	0	
839016	Supp_Motor_Area_R	19044	21592	20568	74406	0	146	1086	12402	0	0	0	12156	152	2528	0	872	0	4042	47506	0	0	0	1008	19750	0	0	0	0	404	13878	2804	22194	2394	42964	442	2004	0	3790	0	1274	0	0	0	164	0	0	0	474	0	0	0	0	0	160	0	1420	2046	3026	0	0	298	0	218	0	0	0	0	1154	18420	19992	1530	16644	1650	6736	366	1696	404	10218	0	132	0	748	0	0	0	592	0	0	0	2014	0	0	0	0	0	0	0	0	0	0	0	0	0	0	0	0	0	0	0	0	0	0	0	0	0	0	
34072	Olfactory_L	0	0	0	0	512	0	0	0	124	0	0	0	0	0	602	0	0	0	0	0	0	3084	0	0	0	0	2544	538	1488	0	1426	808	0	0	0	0	578	0	180	0	502	0	0	0	0	0	0	0	0	0	0	0	0	0	0	0	0	0	0	0	0	0	0	0	0	0	0	0	0	0	3118	1232	176	0	0	0	0	0	0	0	0	0	124	0	0	0	0	0	0	0	0	0	0	0	0	0	0	0	0	0	0	0	0	0	0	0	0	0	0	0	0	0	0	0	0	0	
57428	Olfactory_R	0	0	0	0	0	516	0	0	0	0	0	0	0	0	0	816	0	0	0	0	3084	0	0	0	0	428	2776	2452	0	2202	1878	1924	0	0	0	0	0	0	0	0	0	0	0	0	0	0	0	0	0	0	0	0	0	0	0	0	0	0	0	0	0	0	0	0	0	0	0	0	0	0	5266	4684	2260	428	0	0	0	0	0	0	0	0	0	0	0	0	0	0	0	0	0	0	0	0	0	0	0	0	0	0	0	0	0	0	0	0	0	0	0	0	0	0	0	0	0	0	
219272	Frontal_Sup_Medial_L	0	0	29678	8370	2268	0	4862	386	0	0	0	120	126	162	0	0	0	0	4258	1008	0	0	0	17736	1280	922	120	0	676	0	11324	12578	3264	8560	0	0	0	0	0	0	0	0	0	0	0	0	0	0	0	0	0	0	0	0	0	0	0	0	0	0	0	0	0	0	0	0	0	0	0	0	0	318	1340	280	0	0	0	0	0	0	0	0	0	0	0	0	0	0	0	0	0	0	0	0	0	0	0	0	0	0	0	0	0	0	0	0	0	0	0	0	0	0	0	0	0	0	
409808	Frontal_Sup_Medial_R	164	348	3318	48012	0	1898	818	9864	0	0	0	2504	0	3936	0	1674	0	244	2828	19750	0	0	17736	0	0	3024	0	0	0	2692	1838	39594	2082	21050	0	0	0	208	0	178	0	0	0	0	0	0	0	0	0	0	0	0	0	0	0	0	0	112	0	0	0	0	0	0	0	0	0	0	0	0	1098	12944	220	6230	0	0	0	540	0	0	0	0	0	0	0	0	0	0	0	0	0	0	0	0	0	0	0	0	0	0	0	0	0	0	0	0	0	0	0	0	0	0	0	0	0	0	
8840	Frontal_Med_Orb_L	0	0	1036	0	1190	0	0	0	0	0	0	0	0	0	0	0	0	0	0	0	0	0	1280	0	0	0	536	0	0	0	378	0	0	0	0	0	0	0	0	0	0	0	0	0	0	0	0	0	0	0	0	0	0	0	0	0	0	0	0	0	0	0	0	0	0	0	0	0	0	0	0	0	0	0	0	0	0	0	0	0	0	0	0	0	0	0	0	0	0	0	0	0	0	0	0	0	0	0	0	0	0	0	0	0	0	0	0	0	0	0	0	0	0	0	0	0	
47164	Frontal_Med_Orb_R	0	0	0	1562	0	5260	0	0	0	0	0	0	0	0	0	0	0	0	0	0	0	428	922	3024	0	0	122	4530	0	0	220	2500	0	0	0	0	0	0	0	0	0	0	0	0	0	0	0	0	0	0	0	0	0	0	0	0	0	0	0	0	0	0	0	0	0	0	0	0	0	0	0	3350	0	1664	0	0	0	0	0	0	0	0	0	0	0	0	0	0	0	0	0	0	0	0	0	0	0	0	0	0	0	0	0	0	0	0	0	0	0	0	0	0	0	0	0	0	
30196	Rectus_L	0	0	152	0	2182	0	0	0	0	0	0	0	0	0	0	0	0	0	0	0	2544	2776	120	0	536	122	0	524	0	0	1756	842	0	0	0	0	0	0	0	0	0	0	0	0	0	0	0	0	0	0	0	0	0	0	0	0	0	0	0	0	0	0	0	0	0	0	0	0	0	0	2180	1248	116	0	0	0	0	0	0	0	0	0	0	0	0	0	0	0	0	0	0	0	0	0	0	0	0	0	0	0	0	0	0	0	0	0	0	0	0	0	0	0	0	0	0	0	
34952	Rectus_R	0	0	0	186	0	4016	0	0	0	0	0	0	0	0	0	778	0	0	0	0	538	2452	0	0	0	4530	524	0	0	1508	446	1232	0	0	0	0	0	0	0	0	0	0	0	0	0	0	0	0	0	0	0	0	0	0	0	0	0	0	0	0	0	0	0	0	0	0	0	0	0	0	570	270	178	248	0	0	0	0	0	0	0	0	0	0	0	0	0	0	0	0	0	0	0	0	0	0	0	0	0	0	0	0	0	0	0	0	0	0	0	0	0	0	0	0	0	0	
486932	Insula_L	11400	384	35628	718	7910	0	17908	320	7606	0	20324	0	16850	0	15092	0	11638	0	19192	404	1488	0	676	0	0	0	0	0	0	0	1278	130	0	0	1680	1262	9530	574	696	572	1608	0	0	0	0	0	0	0	0	0	582	0	0	0	4814	0	5076	0	0	0	738	0	472	0	212	0	0	0	332	0	2712	164	14264	0	276	0	2918	684	6728	0	5940	0	4814	0	1588	0	368	0	5916	0	0	0	0	0	0	0	0	0	0	0	0	0	0	0	0	0	0	0	0	0	0	0	0	0	0	0	
253604	Insula_R	0	3796	126	15222	0	508	0	3966	0	0	0	16106	0	7020	0	4070	0	11032	4206	13878	0	2202	0	2692	0	0	0	1508	0	0	0	2116	0	424	0	220	0	5040	0	1484	0	698	0	0	0	0	0	202	0	0	0	0	0	180	0	1752	0	1588	0	0	0	0	0	0	0	0	0	0	0	0	0	680	0	16220	0	0	316	2600	0	548	0	2572	0	422	0	968	0	0	0	2440	0	0	0	0	0	0	0	0	0	0	0	0	0	0	0	0	0	0	0	0	0	0	0	0	0	0	
151216	Cingulum_Ant_L	0	0	15604	2596	1512	0	2660	206	0	0	0	0	142	0	0	0	0	0	6726	2804	1426	1878	11324	1838	378	220	1756	446	1278	0	0	10704	1096	3404	0	0	0	0	0	0	0	0	0	0	0	0	0	0	0	0	0	0	0	0	0	0	0	0	0	0	0	0	0	0	0	0	0	0	0	0	2028	1578	3722	282	0	0	0	0	0	0	0	0	0	0	0	0	0	0	0	0	0	0	0	0	0	0	0	0	0	0	0	0	0	0	0	0	0	0	0	0	0	0	0	0	0	0	
469856	Cingulum_Ant_R	220	196	8184	39582	282	820	1426	5306	0	0	0	866	0	4942	0	1608	0	0	11950	22194	808	1924	12578	39594	0	2500	842	1232	130	2116	10704	0	3874	28552	0	0	0	190	0	176	0	0	0	0	0	0	0	0	0	0	0	0	0	0	0	0	0	0	0	0	0	0	0	0	0	0	0	0	0	0	2298	20898	850	7232	0	0	0	854	0	0	0	0	0	0	0	0	0	0	0	0	0	0	0	0	0	0	0	0	0	0	0	0	0	0	0	0	0	0	0	0	0	0	0	0	0	0	
90464	Cingulum_Mid_L	610	0	2558	1824	0	0	766	0	0	0	0	0	0	0	0	0	0	0	4482	2394	0	0	3264	2082	0	0	0	0	0	0	1096	3874	0	8048	2764	424	0	0	0	0	0	0	0	0	576	196	0	0	208	0	674	0	0	0	0	0	630	0	146	0	228	0	0	0	164	0	2974	270	4222	298	0	0	0	0	0	0	0	0	0	0	0	0	0	0	280	0	0	0	180	0	0	0	0	0	0	0	0	0	0	0	0	0	0	0	0	0	0	0	0	0	0	0	0	0	0	0	
438060	Cingulum_Mid_R	4860	1204	6952	18636	0	0	302	4370	0	0	0	832	0	886	0	632	0	0	17468	42964	0	0	8560	21050	0	0	0	0	0	424	3404	28552	8048	0	1574	5692	0	0	0	0	0	0	0	676	0	2110	0	298	0	842	0	128	0	0	0	0	684	4616	0	0	0	0	0	200	0	360	454	6622	11164	11826	0	1166	180	344	0	0	0	0	0	0	0	0	0	0	0	556	0	0	0	394	0	0	0	0	0	0	0	0	0	0	0	0	0	0	0	0	0	0	0	0	0	0	0	0	0	0	
190532	Cingulum_Post_L	2656	0	618	0	0	0	174	0	0	0	458	0	0	0	0	0	334	268	668	442	0	0	0	0	0	0	0	0	1680	0	0	0	2764	1574	0	16064	7354	3946	3918	3900	0	0	1682	732	248	0	1394	504	0	0	1044	0	1396	1548	4966	2350	2084	480	132	0	128	0	0	0	0	0	5460	3154	5846	704	0	0	0	0	0	0	2746	2974	958	0	274	240	0	0	372	402	0	0	3604	2026	0	0	0	0	0	0	754	0	0	0	0	0	0	0	0	0	0	0	0	0	246	0	0	0	0	0	
276128	Cingulum_Post_R	3248	658	730	332	0	0	424	202	0	0	370	0	0	0	0	0	340	722	332	2004	0	0	0	0	0	0	0	0	1262	220	0	0	424	5692	16064	0	7248	9820	2806	8624	0	0	0	3354	0	874	132	4526	0	626	0	416	0	2134	3656	3796	726	3124	0	0	0	0	0	122	0	218	1250	15134	5164	2722	314	0	0	282	0	0	7468	7304	628	0	272	682	0	0	164	1374	0	0	2986	3334	0	0	0	0	0	0	724	0	0	0	0	0	0	0	0	0	0	0	0	0	3036	0	0	0	0	0	
268884	Hippocampus_L	4768	0	2542	0	0	0	1502	0	0	0	1166	0	132	0	0	0	580	352	2280	0	578	0	0	0	0	0	0	0	9530	0	0	0	0	0	7354	7248	0	5066	11842	5028	4806	0	968	0	0	0	1706	446	0	0	128	0	0	0	21050	260	324	0	0	0	0	0	0	0	0	0	2386	1282	116	0	0	0	6078	0	378	0	6404	3868	1944	0	1706	310	1144	0	630	0	306	0	14606	0	422	0	0	0	0	0	2550	0	466	0	0	0	0	0	0	0	0	0	0	190	0	0	0	0	0	0	
354364	Hippocampus_R	1968	3362	692	3540	0	0	314	592	0	0	188	552	0	0	0	0	174	2076	686	3790	0	0	0	208	0	0	0	0	574	5040	0	190	0	0	3946	9820	5066	0	1950	29874	0	6334	0	520	0	0	164	3314	0	0	0	0	0	448	2540	24958	0	1224	0	0	0	0	0	0	0	0	184	4274	0	198	196	468	0	12500	0	864	6500	15830	296	258	188	2056	0	1018	146	1746	0	132	2040	10078	0	432	0	0	0	0	418	1260	0	1098	0	0	0	0	0	0	0	0	0	0	898	0	0	0	0	0	
119888	ParaHippocampal_L	424	0	296	0	0	0	346	0	0	0	0	0	0	0	114	0	0	164	258	0	180	0	0	0	0	0	0	0	696	0	0	0	0	0	3918	2806	11842	1950	0	1930	716	0	1316	0	0	0	2708	460	0	0	400	0	0	0	10444	0	0	0	0	0	0	0	0	0	0	0	2792	620	0	0	0	0	1274	0	0	0	1882	1386	0	0	0	144	1020	0	0	0	620	0	6572	0	0	0	0	0	0	0	2212	0	122	0	0	0	0	0	0	0	0	0	0	332	0	0	0	0	0	0	
269180	ParaHippocampal_R	1364	556	210	1216	0	0	244	314	0	0	188	200	0	0	0	0	174	1348	454	1274	0	0	0	178	0	0	0	0	572	1484	0	176	0	0	3900	8624	5028	29874	1930	0	0	6142	0	486	0	0	0	4370	0	0	0	0	0	0	2536	17728	0	128	0	0	0	0	0	0	0	0	184	4790	0	0	0	390	0	6124	0	610	5150	11500	296	0	186	1116	0	3286	146	626	0	1828	2040	1284	0	136	0	0	0	164	394	2192	0	490	0	0	0	0	0	0	0	0	0	0	960	0	0	0	0	0	
22180	Amygdala_L	0	0	0	0	0	0	0	0	0	0	0	0	0	0	0	0	0	0	0	0	502	0	0	0	0	0	0	0	1608	0	0	0	0	0	0	0	4806	0	716	0	0	0	0	0	0	0	0	0	0	0	0	0	0	0	1954	0	0	0	0	0	0	0	0	0	0	0	0	0	0	0	0	0	558	0	0	0	0	0	0	0	0	0	570	0	0	0	248	0	128	0	0	0	0	0	0	0	0	0	0	0	0	0	0	0	0	0	0	0	0	0	0	0	0	0	0	0	
50924	Amygdala_R	0	0	0	0	0	0	0	0	0	0	0	0	0	0	0	0	0	0	0	0	0	0	0	0	0	0	0	0	0	698	0	0	0	0	0	0	0	6334	0	6142	0	0	0	0	0	0	0	0	0	0	0	0	0	0	0	6220	0	0	0	0	0	0	0	0	0	0	0	0	0	0	0	0	0	1296	0	0	0	118	0	0	0	0	0	3520	0	0	0	518	0	616	0	0	0	0	0	0	0	0	0	0	0	0	0	0	0	0	0	0	0	0	0	0	0	0	0	0	
225872	Calcarine_L	0	0	0	0	0	0	0	0	0	0	0	0	0	0	0	0	0	0	0	0	0	0	0	0	0	0	0	0	0	0	0	0	0	0	1682	0	968	0	1316	0	0	0	0	7226	16792	1410	12834	4408	11630	1126	25780	826	6510	138	3038	168	180	0	856	0	150	0	0	0	0	0	12400	128	220	0	0	0	0	0	0	0	0	0	0	0	0	0	0	0	1084	0	0	0	868	0	0	0	0	0	0	0	304	118	328	0	0	0	0	0	0	0	0	0	0	0	206	242	0	0	0	0	
288696	Calcarine_R	0	382	0	0	0	0	0	0	0	0	0	0	0	0	0	0	0	0	0	164	0	0	0	0	0	0	0	0	0	0	0	0	0	676	732	3354	0	520	0	486	0	0	7226	0	4924	18986	1286	22720	0	15086	0	13056	0	5638	0	9032	0	1274	0	448	0	0	0	0	0	534	568	17520	404	1380	0	0	0	0	0	0	0	352	0	0	0	0	0	0	0	8062	0	0	0	8396	0	0	0	0	0	0	0	160	132	142	0	0	0	0	0	0	0	0	0	0	416	292	0	0	0	0	
189980	Cuneus_L	0	0	0	0	0	0	0	0	0	0	0	0	0	0	0	0	116	0	0	0	0	0	0	0	0	0	0	0	0	0	0	0	576	0	248	0	0	0	0	0	0	0	16792	4924	0	4830	1898	848	15336	700	17396	390	4366	0	206	0	902	0	1706	0	160	0	0	0	146	0	17704	272	804	0	0	0	0	0	0	0	0	0	0	0	0	0	0	0	3082	0	0	0	1588	0	0	0	0	0	0	0	0	0	0	0	0	0	0	0	0	0	0	0	0	0	0	0	0	0	0	0	
265812	Cuneus_R	0	356	0	0	0	0	0	0	0	0	0	0	0	0	0	0	0	0	0	0	0	0	0	0	0	0	0	0	0	0	0	0	196	2110	0	874	0	0	0	0	0	0	1410	18986	4830	0	0	3100	0	33290	0	14872	0	860	0	796	0	2170	0	2136	0	1808	0	1224	0	4114	1494	22862	124	6242	0	0	0	0	0	0	0	0	0	0	0	200	0	0	0	6526	0	0	0	2326	0	0	0	0	0	0	0	0	0	0	0	0	0	0	0	0	0	0	0	0	0	0	0	0	0	0	
267064	Lingual_L	0	0	0	0	0	0	0	0	0	0	0	0	0	0	0	0	0	0	0	0	0	0	0	0	0	0	0	0	0	0	0	0	0	0	1394	132	1706	164	2708	0	0	0	12834	1286	1898	0	0	5364	2038	0	12768	0	7310	460	16088	2482	0	0	0	0	0	0	0	0	0	0	2230	0	0	0	0	0	0	0	0	0	112	0	0	0	0	0	0	0	0	0	0	0	1038	0	5386	2114	508	350	710	0	15414	3486	15616	4302	0	0	0	0	0	0	0	0	168	234	5932	5368	1700	0	0	232	
381924	Lingual_R	616	1060	0	246	0	0	0	0	0	0	0	0	0	0	0	0	0	156	0	474	0	0	0	0	0	0	0	0	0	202	0	0	0	298	504	4526	446	3314	460	4370	0	0	4408	22720	848	3100	5364	0	0	4390	0	4518	0	6480	656	24802	0	780	0	0	0	0	0	0	0	0	138	12570	140	692	0	0	0	0	0	0	264	1746	0	0	0	158	0	0	0	942	0	0	0	6124	1772	5562	0	522	188	832	4696	9034	4606	13732	0	0	274	0	562	1478	0	854	0	154	9440	10308	5504	1566	1672	694	
153280	Occipital_Sup_L	0	0	0	0	0	0	0	0	0	0	0	0	0	0	0	0	0	0	0	0	0	0	0	0	0	0	0	0	0	0	0	0	208	0	0	0	0	0	0	0	0	0	11630	0	15336	0	2038	0	0	0	27904	0	806	0	146	0	0	0	8190	0	486	0	0	0	1506	0	8240	150	0	0	0	0	0	0	0	0	0	0	0	0	0	0	0	0	0	0	0	0	0	0	0	0	0	0	0	0	0	0	0	0	0	0	0	0	0	0	0	0	0	0	0	0	0	0	0	0	
270972	Occipital_Sup_R	0	326	0	0	0	0	0	0	0	0	0	0	0	0	0	0	0	0	0	0	0	0	0	0	0	0	0	0	0	0	0	0	0	842	0	626	0	0	0	0	0	0	1126	15086	700	33290	0	4390	0	0	0	22010	0	1066	0	736	0	4502	0	3982	0	3184	0	1550	0	7246	146	16580	124	6832	0	0	0	0	0	0	0	0	0	0	0	188	0	0	0	7894	0	0	0	3060	0	0	0	0	0	0	0	0	0	0	0	0	0	0	0	0	0	0	0	0	0	0	0	0	0	0	
459040	Occipital_Mid_L	896	0	0	0	0	0	0	0	0	0	0	0	0	0	0	0	1600	0	0	0	0	0	0	0	0	0	0	0	582	0	0	0	674	0	1044	0	128	0	400	0	0	0	25780	0	17396	0	12768	0	27904	0	0	0	22804	0	8648	0	11224	0	14378	0	14144	0	1226	0	18904	0	15468	0	3518	0	0	0	0	0	0	0	0	0	224	0	1140	0	0	0	20078	0	0	0	7460	0	0	0	0	0	0	0	342	0	510	0	0	0	0	0	0	0	0	0	0	0	142	138	0	0	0	0	
194448	Occipital_Mid_R	0	0	0	0	0	0	0	0	0	0	0	0	0	0	0	0	0	0	0	0	0	0	0	0	0	0	0	0	0	0	0	0	0	128	0	416	0	0	0	0	0	0	826	13056	390	14872	0	4518	0	22010	0	0	0	5216	0	3340	0	726	0	1902	0	2746	0	172	0	7900	0	4736	0	2396	0	0	0	0	0	0	0	0	0	0	0	122	0	0	0	9288	0	0	0	2148	0	0	0	0	0	0	0	0	0	126	0	0	0	0	0	0	0	0	0	0	0	190	0	0	0	0	
149896	Occipital_Inf_L	402	0	0	0	0	0	0	0	0	0	0	0	0	0	0	0	434	0	0	0	0	0	0	0	0	0	0	0	0	0	0	0	0	0	1396	0	0	0	0	0	0	0	6510	0	4366	0	7310	0	806	0	22804	0	0	0	8556	0	2004	0	0	0	444	0	128	0	156	0	5410	0	1504	0	0	0	0	0	0	0	0	0	140	0	506	0	0	0	3520	0	0	0	5804	0	378	0	0	0	0	0	832	0	1370	0	0	0	0	0	0	0	0	0	0	0	0	168	0	0	0	0	
111288	Occipital_Inf_R	580	456	0	0	0	0	0	0	0	0	0	0	0	0	0	0	0	0	0	160	0	0	0	0	0	0	0	0	0	180	0	0	0	0	1548	2134	0	448	0	0	0	0	138	5638	0	860	460	6480	0	1066	0	5216	0	0	0	11052	138	270	0	0	0	0	0	0	0	0	0	2752	230	196	0	0	0	0	0	0	0	116	0	0	0	0	0	0	0	2008	0	0	0	6388	0	628	0	0	0	0	124	1540	412	2436	0	0	0	0	0	0	0	0	0	0	832	826	332	0	0	0	
450260	Fusiform_L	1146	0	524	0	0	0	800	0	0	0	130	0	0	0	0	0	0	190	438	0	0	0	0	0	0	0	0	0	4814	0	0	0	0	0	4966	3656	21050	2540	10444	2536	1954	0	3038	0	206	0	16088	656	146	0	8648	0	8556	0	0	366	0	0	0	0	0	0	0	0	0	0	3516	754	0	0	0	0	2142	0	0	0	2432	1906	128	0	3658	166	2418	0	4350	0	2458	0	27568	0	22310	268	1640	0	0	0	18980	290	30996	306	870	0	1582	0	288	0	116	0	0	0	1178	1352	566	0	0	0	
493636	Fusiform_R	1530	2442	0	1000	0	0	0	126	0	0	0	214	0	0	0	0	0	510	162	1420	0	0	0	0	0	0	0	0	0	1752	0	0	0	0	2350	3796	260	24958	0	17728	0	6220	168	9032	0	796	2482	24802	0	736	0	3340	0	11052	366	0	288	874	0	0	0	0	0	0	0	0	0	6316	390	810	0	114	0	4806	0	302	350	4212	0	186	0	754	0	7170	0	2926	0	2516	118	23384	588	13994	0	642	0	222	2818	13448	1792	21948	0	0	0	620	156	878	0	374	0	0	7462	4966	2010	776	826	540	
378588	Postcentral_L	37012	3858	7908	1842	0	0	1668	0	0	0	7996	0	1718	0	0	0	9628	0	7818	2046	0	0	0	0	0	0	0	0	5076	0	0	0	630	684	2084	726	324	0	0	0	0	0	180	0	902	0	0	0	0	0	11224	0	2004	138	0	288	0	3018	9762	0	25120	0	13340	0	1492	0	6530	0	11992	1148	136	124	452	0	116	0	308	128	832	0	3534	0	0	0	3290	0	0	0	1948	270	0	0	0	0	0	0	0	0	0	0	0	0	0	0	0	0	0	0	0	0	0	0	0	0	0	0	
279300	Postcentral_R	3412	30056	1400	2112	0	0	0	564	0	0	0	2092	0	0	0	0	0	3532	1734	3026	0	0	0	112	0	0	0	0	0	1588	0	0	0	4616	480	3124	0	1224	0	128	0	0	0	1274	0	2170	0	780	0	4502	0	726	0	270	0	874	3018	0	0	4726	0	4920	0	13706	0	3896	0	9850	3126	12564	280	144	132	762	0	0	222	620	0	150	0	2276	0	0	0	4316	0	0	0	4920	0	0	0	0	0	0	0	0	0	0	0	0	0	0	0	0	0	0	0	0	226	0	0	0	0	0	
124872	Parietal_Sup_L	0	0	0	0	0	0	0	0	0	0	0	0	0	0	0	0	188	0	0	0	0	0	0	0	0	0	0	0	0	0	0	0	146	0	132	0	0	0	0	0	0	0	856	0	1706	0	0	0	8190	0	14378	0	0	0	0	0	9762	0	0	0	12088	0	512	0	154	0	11218	138	1108	0	0	0	0	0	0	0	0	0	0	0	252	0	0	0	836	0	0	0	772	0	0	0	0	0	0	0	0	0	0	0	0	0	0	0	0	0	0	0	0	0	0	0	0	0	0	0	
57384	Parietal_Sup_R	0	560	0	0	0	0	0	0	0	0	0	0	0	0	0	0	0	0	0	0	0	0	0	0	0	0	0	0	0	0	0	0	0	0	0	0	0	0	0	0	0	0	0	448	0	2136	0	0	0	3982	0	1902	0	0	0	0	0	4726	0	0	0	4040	0	2558	0	1160	324	6662	0	194	0	0	0	0	0	0	0	0	0	0	0	0	0	0	0	0	0	0	0	0	0	0	0	0	0	0	0	0	0	0	0	0	0	0	0	0	0	0	0	0	0	0	0	0	0	0	
203396	Parietal_Inf_L	5032	982	380	740	0	0	332	0	0	0	676	0	0	0	0	0	1166	0	380	298	0	0	0	0	0	0	0	0	738	0	0	0	228	0	128	0	0	0	0	0	0	0	150	0	160	0	0	0	486	0	14144	0	444	0	0	0	25120	0	12088	0	0	0	19922	0	6732	0	2064	0	948	0	0	0	0	0	0	0	0	0	0	0	1278	0	0	0	3972	0	0	0	3110	0	0	0	0	0	0	0	0	0	0	0	0	0	0	0	0	0	0	0	0	0	0	0	0	0	0	0	
79936	Parietal_Inf_R	0	1140	0	0	0	0	0	0	0	0	0	0	0	0	0	0	0	0	0	0	0	0	0	0	0	0	0	0	0	0	0	0	0	0	0	0	0	0	0	0	0	0	0	0	0	1808	0	0	0	3184	0	2746	0	0	0	0	0	4920	0	4040	0	0	0	10038	0	8172	0	2096	0	1334	0	0	0	0	0	0	0	0	0	0	0	0	0	0	0	348	0	0	0	142	0	0	0	0	0	0	0	0	0	0	0	0	0	0	0	0	0	0	0	0	0	0	0	0	0	0	
125100	SupraMarginal_L	2002	614	122	444	0	0	0	0	0	0	254	0	0	0	0	0	1972	0	126	218	0	0	0	0	0	0	0	0	472	0	0	0	0	0	0	0	0	0	0	0	0	0	0	0	0	0	0	0	0	0	1226	0	128	0	0	0	13340	0	512	0	19922	0	0	0	3004	0	0	0	350	0	0	0	0	0	0	0	0	0	0	0	6606	0	0	0	6458	0	0	0	4780	0	0	0	0	0	0	0	0	0	0	0	0	0	0	0	0	0	0	0	0	0	0	0	0	0	0	0	
115312	SupraMarginal_R	0	3172	0	308	0	0	0	0	0	0	0	0	0	0	0	0	0	2744	0	0	0	0	0	0	0	0	0	0	0	0	0	0	0	200	0	122	0	0	0	0	0	0	0	0	0	1224	0	0	0	1550	0	172	0	0	0	0	0	13706	0	2558	0	10038	0	0	0	6390	0	1568	0	1346	0	0	0	0	0	0	146	0	0	156	0	5340	0	0	0	4242	0	0	0	2674	0	0	0	0	0	0	0	0	0	0	0	0	0	0	0	0	0	0	0	0	0	0	0	0	0	0	
93560	Angular_L	510	0	0	0	0	0	0	0	0	0	0	0	0	0	0	0	330	0	0	0	0	0	0	0	0	0	0	0	212	0	0	0	164	0	0	0	0	0	0	0	0	0	0	0	146	0	0	0	1506	0	18904	0	156	0	0	0	1492	0	154	0	6732	0	3004	0	0	0	502	0	554	0	0	0	0	0	0	0	0	0	0	0	2060	0	0	0	8294	0	0	0	2060	0	0	0	0	0	0	0	0	0	0	0	0	0	0	0	0	0	0	0	0	0	0	0	0	0	0	0	
113472	Angular_R	0	156	0	0	0	0	0	0	0	0	0	0	0	0	0	0	0	0	0	0	0	0	0	0	0	0	0	0	0	0	0	0	0	360	0	218	0	0	0	0	0	0	0	534	0	4114	0	0	0	7246	0	7900	0	0	0	0	0	3896	0	1160	0	8172	0	6390	0	0	0	6614	0	3572	0	0	0	0	0	0	0	0	0	0	0	1064	0	0	0	4148	0	0	0	1192	0	0	0	0	0	0	0	0	0	0	0	0	0	0	0	0	0	0	0	0	0	0	0	0	0	0	
238924	Precuneus_L	222	0	120	0	0	0	0	0	0	0	0	0	0	0	0	0	128	0	136	0	0	0	0	0	0	0	0	0	0	0	0	0	2974	454	5460	1250	2386	184	2792	184	0	0	12400	568	17704	1494	2230	138	8240	146	15468	0	5410	0	3516	0	6530	0	11218	324	2064	0	0	0	502	0	0	2496	5222	0	0	0	0	0	0	0	0	0	0	0	0	0	0	0	2964	0	0	0	3840	0	0	0	0	0	0	0	532	0	0	0	0	0	0	0	0	0	0	0	0	0	166	0	0	0	0	0	
385596	Precuneus_R	374	1636	0	0	0	0	0	0	0	0	0	0	0	0	0	0	0	238	0	1154	0	0	0	0	0	0	0	0	0	0	0	0	270	6622	3154	15134	1282	4274	620	4790	0	0	128	17520	272	22862	0	12570	150	16580	0	4736	0	2752	754	6316	0	9850	138	6662	0	2096	0	1568	0	6614	2496	0	856	12126	0	0	0	0	0	0	968	2928	0	0	0	428	0	0	0	9404	0	0	644	7816	0	0	0	0	0	0	250	658	0	0	0	0	0	0	0	0	0	0	0	0	3108	0	0	0	0	0	
258184	Paracentral_Lobule_L	15432	6930	4600	1526	0	0	0	0	0	0	0	0	0	0	0	0	216	0	4408	18420	0	0	0	0	0	0	0	0	332	0	0	0	4222	11164	5846	5164	116	0	0	0	0	0	220	404	804	124	0	140	0	124	3518	0	1504	230	0	390	11992	3126	1108	0	948	0	350	0	554	0	5222	856	0	14712	0	0	0	0	0	0	914	0	0	0	220	0	0	0	1306	404	0	0	734	812	0	0	0	0	0	0	0	0	0	0	0	0	0	0	0	0	0	0	0	0	0	0	0	0	0	0	
265004	Paracentral_Lobule_R	10784	11660	0	140	0	0	0	0	0	0	0	0	0	0	0	0	0	0	340	19992	0	0	0	0	0	0	0	0	0	0	0	0	298	11826	704	2722	0	198	0	0	0	0	0	1380	0	6242	0	692	0	6832	0	2396	0	196	0	810	1148	12564	0	194	0	1334	0	1346	0	3572	0	12126	14712	0	0	0	0	0	0	0	0	0	0	0	0	672	0	0	0	4434	0	0	0	3062	0	0	0	0	0	0	0	0	0	0	0	0	0	0	0	0	0	0	0	0	126	0	0	0	0	0	
216356	Caudate_L	1582	2520	12874	2054	0	0	1656	2066	0	0	1220	0	0	0	0	146	806	0	9888	1530	3118	5266	0	1098	0	0	2180	570	2712	0	2028	2298	0	0	0	314	0	196	0	0	0	0	0	0	0	0	0	0	0	0	0	0	0	0	0	0	136	280	0	0	0	0	0	0	0	0	0	0	0	0	0	11594	19082	3014	3630	1194	12280	846	0	0	0	0	0	0	0	0	0	0	0	0	0	0	0	0	0	0	0	0	0	0	0	0	0	0	0	0	0	0	0	0	0	0	0	0	0	0	
345552	Caudate_R	400	6252	1598	25512	0	2600	986	778	0	0	0	638	0	246	0	0	0	360	6136	16644	1232	4684	318	12944	0	3350	1248	270	164	680	1578	20898	0	1166	0	0	0	468	0	390	0	0	0	0	0	0	0	0	0	0	0	0	0	0	0	114	124	144	0	0	0	0	0	0	0	0	0	0	0	0	11594	0	6694	20242	122	3122	1056	18024	0	0	0	0	0	0	0	0	0	0	0	0	0	0	0	0	0	0	0	0	0	0	0	0	0	0	0	0	0	0	0	0	0	0	0	0	0	0	
271444	Putamen_L	3510	1140	19412	956	4472	0	1174	610	1170	0	2462	0	1180	0	2724	122	814	0	17558	1650	176	2260	1340	220	0	0	116	178	14264	0	3722	850	0	180	0	0	6078	0	1274	0	558	0	0	0	0	0	0	0	0	0	0	0	0	0	2142	0	452	132	0	0	0	0	0	0	0	0	0	0	0	0	19082	6694	0	1986	6676	552	4104	232	150	0	260	0	1354	0	0	0	0	0	1622	0	0	0	0	0	0	0	114	0	0	0	0	0	0	0	0	0	0	0	0	0	0	0	0	0	0	0	
274580	Putamen_R	176	2316	208	11886	0	2714	152	3300	0	0	0	4432	0	1960	0	614	0	3206	4736	6736	0	428	280	6230	0	1664	0	248	0	16220	282	7232	0	344	0	282	0	12500	0	6124	0	1296	0	0	0	0	0	0	0	0	0	0	0	0	0	4806	0	762	0	0	0	0	0	0	0	0	0	0	0	0	3014	20242	1986	0	0	2706	312	4882	0	0	0	708	0	502	0	0	0	0	0	1032	0	134	0	0	0	0	0	268	0	370	0	0	0	0	0	0	0	0	0	0	0	0	0	0	0	0	
57568	Pallidum_L	456	178	7000	0	0	0	0	0	0	0	192	0	0	0	0	0	134	0	6912	366	0	0	0	0	0	0	0	0	276	0	0	0	0	0	0	0	378	0	0	0	0	0	0	0	0	0	0	0	0	0	0	0	0	0	0	0	116	0	0	0	0	0	0	0	0	0	0	0	0	0	3630	122	6676	0	0	0	2348	0	0	0	0	0	0	0	0	0	0	0	0	0	0	0	0	0	0	0	0	0	0	0	0	0	0	0	0	0	0	0	0	0	0	0	0	0	0	0	
28008	Pallidum_R	0	626	0	1284	0	0	0	270	0	0	0	346	0	0	0	0	0	232	200	1696	0	0	0	0	0	0	0	0	0	0	0	0	0	0	0	0	0	864	0	610	0	0	0	0	0	0	0	0	0	0	0	0	0	0	0	302	0	0	0	0	0	0	0	0	0	0	0	0	0	0	1194	3122	552	2706	0	0	0	0	0	0	0	0	0	0	0	0	0	0	0	0	0	0	0	0	0	0	0	0	0	0	0	0	0	0	0	0	0	0	0	0	0	0	0	0	0	0	
227236	Thalamus_L	11044	2202	13300	1338	0	0	3492	176	0	0	1236	0	0	0	0	0	898	496	5312	404	0	0	0	0	0	0	0	0	2918	316	0	0	0	0	2746	7468	6404	6500	1882	5150	0	0	0	0	0	0	112	264	0	0	0	0	0	0	2432	350	308	222	0	0	0	0	0	146	0	0	0	968	914	0	12280	1056	4104	312	2348	0	0	10664	212	0	214	472	0	0	138	0	0	0	1816	258	0	0	0	0	0	0	746	0	0	0	0	0	0	0	0	0	0	0	0	0	0	0	0	0	0	0	
286996	Thalamus_R	1284	9704	712	15430	0	0	266	664	0	0	328	564	0	0	0	0	276	1732	376	10218	0	0	0	540	0	0	0	0	684	2600	0	854	0	0	2974	7304	3868	15830	1386	11500	0	118	0	352	0	0	0	1746	0	0	0	0	0	116	1906	4212	128	620	0	0	0	0	0	0	0	0	0	2928	0	0	846	18024	232	4882	0	0	10664	0	258	0	160	1406	0	0	0	648	0	0	1506	1998	0	0	0	0	0	0	292	388	0	316	0	0	0	0	0	0	0	0	0	0	658	0	0	0	0	0	
59000	Heschl_L	3170	0	792	0	0	0	372	0	0	0	2084	0	138	0	0	0	2416	0	766	0	0	0	0	0	0	0	0	0	6728	0	0	0	0	0	958	628	1944	296	0	296	0	0	0	0	0	0	0	0	0	0	224	0	140	0	128	0	832	0	0	0	0	0	0	0	0	0	0	0	0	0	0	0	150	0	0	0	212	258	0	0	1416	0	0	0	2986	0	0	0	2566	0	0	0	0	0	0	0	0	0	0	0	0	0	0	0	0	0	0	0	0	0	0	0	0	0	0	0	
11196	Heschl_R	0	282	0	172	0	0	0	0	0	0	0	140	0	0	0	0	0	962	0	132	0	0	0	0	0	0	0	0	0	548	0	0	0	0	0	0	0	258	0	0	0	0	0	0	0	0	0	0	0	0	0	0	0	0	0	186	0	150	0	0	0	0	0	156	0	0	0	0	0	0	0	0	0	0	0	0	0	0	0	0	0	1986	0	180	0	170	0	0	0	276	0	0	0	0	0	0	0	0	0	0	0	0	0	0	0	0	0	0	0	0	0	0	0	0	0	0	
153544	Temporal_Sup_L	2010	0	2256	0	0	0	498	0	0	0	3258	0	518	0	0	0	8046	0	1920	0	0	0	0	0	0	0	0	0	5940	0	0	0	0	0	274	272	1706	188	0	186	0	0	0	0	0	0	0	0	0	0	1140	0	506	0	3658	0	3534	0	252	0	1278	0	6606	0	2060	0	0	0	220	0	0	0	260	0	0	0	214	160	1416	0	0	0	3010	0	16570	0	282	0	8534	0	0	0	0	0	0	0	0	0	0	0	0	0	0	0	0	0	0	0	0	0	0	0	0	0	0	0	
95040	Temporal_Sup_R	164	1288	0	816	0	0	0	204	0	0	0	134	0	0	0	0	0	4702	230	748	0	0	0	0	0	0	0	0	0	2572	0	0	0	0	240	682	310	2056	144	1116	0	0	0	0	0	200	0	158	0	188	0	122	0	0	166	754	0	2276	0	0	0	0	0	5340	0	1064	0	428	0	672	0	0	0	708	0	0	472	1406	0	1986	0	0	0	1158	0	9738	0	426	142	4710	0	0	0	0	0	0	0	0	0	0	0	0	0	0	0	0	0	0	0	0	0	0	0	0	0	0	
59592	Temporal_Pole_Sup_L	120	0	1016	0	116	0	246	0	0	0	2248	0	408	0	422	0	1262	0	780	0	124	0	0	0	0	0	0	0	4814	0	0	0	0	0	0	0	1144	0	1020	0	570	0	0	0	0	0	0	0	0	0	0	0	0	0	2418	0	0	0	0	0	0	0	0	0	0	0	0	0	0	0	0	0	1354	0	0	0	0	0	0	0	3010	0	0	0	2484	0	3818	0	2422	0	0	0	0	0	0	0	0	0	0	0	0	0	0	0	0	0	0	0	0	0	0	0	0	0	0	0	
49128	Temporal_Pole_Sup_R	0	0	0	0	0	0	0	0	0	0	0	0	0	0	0	120	0	352	0	0	0	0	0	0	0	0	0	0	0	422	0	0	0	0	0	0	0	1018	0	3286	0	3520	0	0	0	0	0	0	0	0	0	0	0	0	0	7170	0	0	0	0	0	0	0	0	0	0	0	0	0	0	0	0	0	502	0	0	0	0	0	180	0	1158	0	0	0	692	0	3460	0	2684	0	0	0	0	0	0	0	0	0	0	0	0	0	0	0	0	0	0	0	0	0	0	0	0	0	0	
263424	Temporal_Mid_L	1180	0	0	0	0	0	0	0	0	0	0	0	0	0	0	0	1970	0	0	0	0	0	0	0	0	0	0	0	1588	0	0	0	280	0	372	164	630	146	0	146	0	0	1084	0	3082	0	0	0	0	0	20078	0	3520	0	4350	0	3290	0	836	0	3972	0	6458	0	8294	0	2964	0	1306	0	0	0	0	0	0	0	138	0	2986	0	16570	0	2484	0	0	0	2582	0	40690	0	0	0	0	0	0	0	0	0	552	0	0	0	0	0	0	0	0	0	0	0	0	0	0	0	0	0	
252516	Temporal_Mid_R	0	2118	0	508	0	0	0	0	0	0	0	0	0	0	0	0	0	166	0	592	0	0	0	0	0	0	0	0	0	968	0	0	0	556	402	1374	0	1746	0	626	0	0	0	8062	0	6526	0	942	0	7894	0	9288	0	2008	0	2926	0	4316	0	0	0	348	0	4242	0	4148	0	9404	404	4434	0	0	0	0	0	0	0	648	0	170	0	9738	0	692	0	0	0	1664	0	39348	0	0	0	0	0	0	0	0	0	0	0	0	0	0	0	0	0	0	0	0	0	0	0	0	0	0	
25800	Temporal_Pole_Mid_L	0	0	0	0	0	0	0	0	0	0	0	0	0	0	0	0	0	0	0	0	0	0	0	0	0	0	0	0	368	0	0	0	0	0	0	0	306	0	620	0	248	0	0	0	0	0	0	0	0	0	0	0	0	0	2458	0	0	0	0	0	0	0	0	0	0	0	0	0	0	0	0	0	0	0	0	0	0	0	0	0	282	0	3818	0	2582	0	0	0	2218	0	0	0	0	0	0	0	0	0	0	0	0	0	0	0	0	0	0	0	0	0	0	0	0	0	0	0	
24104	Temporal_Pole_Mid_R	0	0	0	0	0	0	0	0	0	0	0	0	0	0	0	0	0	0	0	0	0	0	0	0	0	0	0	0	0	0	0	0	0	0	0	0	0	132	0	1828	0	518	0	0	0	0	0	0	0	0	0	0	0	0	0	2516	0	0	0	0	0	0	0	0	0	0	0	0	0	0	0	0	0	0	0	0	0	0	0	0	0	426	0	3460	0	1664	0	0	0	1508	0	0	0	0	0	0	0	0	0	0	0	0	0	0	0	0	0	0	0	0	0	0	0	0	0	0	
355596	Temporal_Inf_L	1536	0	400	0	0	0	436	0	0	0	194	0	0	0	0	0	1780	166	360	0	0	0	0	0	0	0	0	0	5916	0	0	0	180	0	3604	2986	14606	2040	6572	2040	128	0	868	0	1588	0	1038	0	0	0	7460	0	5804	0	27568	118	1948	0	772	0	3110	0	4780	0	2060	0	3840	644	734	0	0	0	1622	0	0	0	1816	1506	2566	0	8534	142	2422	0	40690	0	2218	0	0	0	3740	0	456	0	0	0	3022	0	3158	0	384	0	246	0	0	0	0	0	0	0	0	0	0	0	0	0	
313012	Temporal_Inf_R	1310	4916	0	1590	0	0	0	120	0	0	0	112	0	0	0	0	0	726	0	2014	0	0	0	0	0	0	0	0	0	2440	0	0	0	394	2026	3334	0	10078	0	1284	0	616	0	8396	0	2326	0	6124	0	3060	0	2148	0	6388	0	23384	270	4920	0	0	0	142	0	2674	0	1192	0	7816	812	3062	0	0	0	1032	0	0	258	1998	0	276	0	4710	0	2684	0	39348	0	1508	0	0	0	806	0	0	0	0	0	0	0	212	0	0	0	0	0	0	0	0	0	0	0	0	0	0	0	0	
529364	Cerebelum_Crus1_L	0	0	0	0	0	0	0	0	0	0	0	0	0	0	0	0	0	0	0	0	0	0	0	0	0	0	0	0	0	0	0	0	0	0	0	0	422	0	0	0	0	0	0	0	0	0	5386	1772	0	0	0	0	378	0	22310	588	0	0	0	0	0	0	0	0	0	0	0	0	0	0	0	0	0	0	0	0	0	0	0	0	0	0	0	0	0	0	0	0	3740	0	0	4584	30846	3644	5534	876	34384	994	69482	3164	14026	372	22132	752	10186	956	1996	256	1228	2266	3866	4300	9450	2016	2168	608	
540588	Cerebelum_Crus1_R	0	0	0	0	0	0	0	0	0	0	0	0	0	0	0	0	0	0	0	0	0	0	0	0	0	0	0	0	0	0	0	0	0	0	0	0	0	432	0	136	0	0	0	0	0	0	2114	5562	0	0	0	0	0	628	268	13994	0	0	0	0	0	0	0	0	0	0	0	0	0	0	0	0	0	134	0	0	0	0	0	0	0	0	0	0	0	0	0	0	0	806	4584	0	1780	36524	1114	6670	4596	28172	2910	66684	366	5602	968	28806	702	13194	0	978	1240	4374	10858	8412	11824	2682	2422	758	
351676	Cerebelum_Crus2_L	0	0	0	0	0	0	0	0	0	0	0	0	0	0	0	0	0	0	0	0	0	0	0	0	0	0	0	0	0	0	0	0	0	0	0	0	0	0	0	0	0	0	0	0	0	0	508	0	0	0	0	0	0	0	1640	0	0	0	0	0	0	0	0	0	0	0	0	0	0	0	0	0	0	0	0	0	0	0	0	0	0	0	0	0	0	0	0	0	456	0	30846	1780	0	13276	556	0	2148	0	5338	0	42802	4234	39378	2164	12608	0	756	0	0	0	0	358	13932	2598	460	0	
375572	Cerebelum_Crus2_R	0	0	0	0	0	0	0	0	0	0	0	0	0	0	0	0	0	0	0	0	0	0	0	0	0	0	0	0	0	0	0	0	0	0	0	0	0	0	0	0	0	0	0	0	0	0	350	522	0	0	0	0	0	0	0	642	0	0	0	0	0	0	0	0	0	0	0	0	0	0	0	0	0	0	0	0	0	0	0	0	0	0	0	0	0	0	0	0	0	0	3644	36524	13276	0	0	0	0	236	660	3640	7630	22960	6050	44394	2150	16342	0	0	0	0	0	1592	18514	4966	2572	1122	
76012	Cerebelum_3_L	0	0	0	0	0	0	0	0	0	0	0	0	0	0	0	0	0	0	0	0	0	0	0	0	0	0	0	0	0	0	0	0	0	0	0	0	0	0	0	0	0	0	0	0	0	0	710	188	0	0	0	0	0	0	0	0	0	0	0	0	0	0	0	0	0	0	0	0	0	0	0	0	0	0	0	0	0	0	0	0	0	0	0	0	0	0	0	0	0	0	5534	1114	556	0	0	888	11180	382	6474	1152	544	0	1140	0	824	182	146	0	1638	3632	1722	0	0	0	0	0	
73312	Cerebelum_3_R	0	0	0	0	0	0	0	0	0	0	0	0	0	0	0	0	0	0	0	0	0	0	0	0	0	0	0	0	0	0	0	0	0	0	0	0	0	0	0	164	0	0	0	0	0	0	0	832	0	0	0	0	0	0	0	222	0	0	0	0	0	0	0	0	0	0	0	0	0	0	0	0	0	0	0	0	0	0	0	0	0	0	0	0	0	0	0	0	0	0	876	6670	0	0	888	0	1046	7162	902	8666	0	0	0	0	0	496	0	0	1534	5778	460	294	154	230	282	0	
423408	Cerebelum_4_5_L	328	0	0	0	0	0	212	0	0	0	0	0	0	0	0	0	0	0	0	0	0	0	0	0	0	0	0	0	0	0	0	0	0	0	754	724	2550	418	2212	394	0	0	304	0	0	0	15414	4696	0	0	342	0	832	124	18980	2818	0	0	0	0	0	0	0	0	0	0	532	250	0	0	0	0	114	0	0	0	746	292	0	0	0	0	0	0	0	0	0	0	3022	0	34384	4596	2148	0	11180	1046	0	6282	46898	7658	1142	0	3196	0	3188	1390	576	0	1950	4110	17714	4448	340	296	1022	2082	
275136	Cerebelum_4_5_R	0	0	0	0	0	0	0	0	0	0	0	0	0	0	0	0	0	0	0	0	0	0	0	0	0	0	0	0	0	0	0	0	0	0	0	0	0	1260	0	2192	0	0	118	160	0	0	3486	9034	0	0	0	0	0	1540	290	13448	0	0	0	0	0	0	0	0	0	0	0	658	0	0	0	0	0	268	0	0	0	388	0	0	0	0	0	0	0	0	0	0	0	0	994	28172	0	236	382	7162	6282	0	1812	37538	0	0	0	438	128	502	0	0	352	2236	16118	1094	346	334	366	234	
509264	Cerebelum_6_L	0	0	0	0	0	0	0	0	0	0	0	0	0	0	0	0	0	0	0	0	0	0	0	0	0	0	0	0	0	0	0	0	0	0	0	0	466	0	122	0	0	0	328	132	0	0	15616	4606	0	0	510	0	1370	412	30996	1792	0	0	0	0	0	0	0	0	0	0	0	0	0	0	0	0	0	0	0	0	0	0	0	0	0	0	0	0	552	0	0	0	3158	0	69482	2910	5338	660	6474	902	46898	1812	0	5066	4428	0	9602	124	8610	1114	2842	336	1246	2336	6918	9500	4570	1234	1388	782	
492764	Cerebelum_6_R	0	0	0	0	0	0	0	0	0	0	0	0	0	0	0	0	0	0	0	0	0	0	0	0	0	0	0	0	0	0	0	0	0	0	0	0	0	1098	0	490	0	0	0	142	0	0	4302	13732	0	0	0	126	0	2436	306	21948	0	0	0	0	0	0	0	0	0	0	0	0	0	0	0	0	0	370	0	0	0	316	0	0	0	0	0	0	0	0	0	0	0	212	3164	66684	0	3640	1152	8666	7658	37538	5066	0	0	346	290	6106	500	4902	0	1794	1346	4724	17372	13240	8890	3442	3250	1134	
279340	Cerebelum_7b_L	0	0	0	0	0	0	0	0	0	0	0	0	0	0	0	0	0	0	0	0	0	0	0	0	0	0	0	0	0	0	0	0	0	0	0	0	0	0	0	0	0	0	0	0	0	0	0	0	0	0	0	0	0	0	870	0	0	0	0	0	0	0	0	0	0	0	0	0	0	0	0	0	0	0	0	0	0	0	0	0	0	0	0	0	0	0	0	0	384	0	14026	366	42802	7630	544	0	1142	0	4428	0	0	5040	37702	3270	9300	0	514	0	0	0	0	0	7710	3942	0	0	
168752	Cerebelum_7b_R	0	0	0	0	0	0	0	0	0	0	0	0	0	0	0	0	0	0	0	0	0	0	0	0	0	0	0	0	0	0	0	0	0	0	0	0	0	0	0	0	0	0	0	0	0	0	0	0	0	0	0	0	0	0	0	0	0	0	0	0	0	0	0	0	0	0	0	0	0	0	0	0	0	0	0	0	0	0	0	0	0	0	0	0	0	0	0	0	0	0	372	5602	4234	22960	0	0	0	0	0	346	5040	0	6258	23930	818	4146	0	0	0	0	0	0	4284	5850	536	0	
377112	Cerebelum_8_L	0	0	0	0	0	0	0	0	0	0	0	0	0	0	0	0	0	0	0	0	0	0	0	0	0	0	0	0	0	0	0	0	0	0	0	0	0	0	0	0	0	0	0	0	0	0	0	274	0	0	0	0	0	0	1582	0	0	0	0	0	0	0	0	0	0	0	0	0	0	0	0	0	0	0	0	0	0	0	0	0	0	0	0	0	0	0	0	0	246	0	22132	968	39378	6050	1140	0	3196	0	9602	290	37702	6258	0	7180	28110	684	3338	0	0	0	120	374	8344	9182	2234	172	
344480	Cerebelum_8_R	0	0	0	0	0	0	0	0	0	0	0	0	0	0	0	0	0	0	0	0	0	0	0	0	0	0	0	0	0	0	0	0	0	0	0	0	0	0	0	0	0	0	0	0	0	0	0	0	0	0	0	0	0	0	0	620	0	0	0	0	0	0	0	0	0	0	0	0	0	0	0	0	0	0	0	0	0	0	0	0	0	0	0	0	0	0	0	0	0	0	752	28806	2164	44394	0	0	0	438	124	6106	3270	23930	7180	0	2656	28588	0	608	0	0	0	348	7708	9796	3652	1100	
208288	Cerebelum_9_L	0	0	0	0	0	0	0	0	0	0	0	0	0	0	0	0	0	0	0	0	0	0	0	0	0	0	0	0	0	0	0	0	0	0	0	0	0	0	0	0	0	0	0	0	0	0	0	562	0	0	0	0	0	0	288	156	0	0	0	0	0	0	0	0	0	0	0	0	0	0	0	0	0	0	0	0	0	0	0	0	0	0	0	0	0	0	0	0	0	0	10186	702	12608	2150	824	0	3188	128	8610	500	9300	818	28110	2656	0	1666	5268	254	126	0	1038	1748	4766	4356	3160	976	
239228	Cerebelum_9_R	0	0	0	0	0	0	0	0	0	0	0	0	0	0	0	0	0	0	0	0	0	0	0	0	0	0	0	0	0	0	0	0	0	0	0	0	0	0	0	0	0	0	0	0	0	0	0	1478	0	0	0	0	0	0	0	878	0	0	0	0	0	0	0	0	0	0	0	0	0	0	0	0	0	0	0	0	0	0	0	0	0	0	0	0	0	0	0	0	0	0	956	13194	0	16342	182	496	1390	502	1114	4902	0	4146	684	28588	1666	0	0	3338	354	490	1372	6294	7524	8958	9844	4922	
31432	Cerebelum_10_L	0	0	0	0	0	0	0	0	0	0	0	0	0	0	0	0	0	0	0	0	0	0	0	0	0	0	0	0	0	0	0	0	0	0	0	0	0	0	0	0	0	0	0	0	0	0	0	0	0	0	0	0	0	0	116	0	0	0	0	0	0	0	0	0	0	0	0	0	0	0	0	0	0	0	0	0	0	0	0	0	0	0	0	0	0	0	0	0	0	0	1996	0	756	0	146	0	576	0	2842	0	514	0	3338	0	5268	0	0	0	0	0	0	164	0	0	0	0	
41736	Cerebelum_10_R	0	0	0	0	0	0	0	0	0	0	0	0	0	0	0	0	0	0	0	0	0	0	0	0	0	0	0	0	0	0	0	0	0	0	0	0	0	0	0	0	0	0	0	0	0	0	0	854	0	0	0	0	0	0	0	374	0	0	0	0	0	0	0	0	0	0	0	0	0	0	0	0	0	0	0	0	0	0	0	0	0	0	0	0	0	0	0	0	0	0	256	978	0	0	0	0	0	0	336	1794	0	0	0	608	254	3338	0	0	0	0	0	2444	2608	2864	2906	1254	
34468	Vermis_1_2	0	0	0	0	0	0	0	0	0	0	0	0	0	0	0	0	0	0	0	0	0	0	0	0	0	0	0	0	0	0	0	0	0	0	0	0	0	0	0	0	0	0	0	0	0	0	168	0	0	0	0	0	0	0	0	0	0	0	0	0	0	0	0	0	0	0	0	0	0	0	0	0	0	0	0	0	0	0	0	0	0	0	0	0	0	0	0	0	0	0	1228	1240	0	0	1638	1534	1950	352	1246	1346	0	0	0	0	126	354	0	0	0	4374	1168	196	0	142	172	0	
77624	Vermis_3	0	0	0	0	0	0	0	0	0	0	0	0	0	0	0	0	0	0	0	0	0	0	0	0	0	0	0	0	0	0	0	0	0	0	0	0	190	0	332	0	0	0	0	0	0	0	234	154	0	0	0	0	0	0	0	0	0	0	0	0	0	0	0	0	0	0	0	0	0	0	0	0	0	0	0	0	0	0	0	0	0	0	0	0	0	0	0	0	0	0	2266	4374	0	0	3632	5778	4110	2236	2336	4724	0	0	0	0	0	490	0	0	4374	0	2630	262	112	192	248	138	
252624	Vermis_4_5	0	0	0	0	0	0	0	0	0	0	0	0	0	0	0	0	0	0	0	0	0	0	0	0	0	0	0	0	0	0	0	0	0	0	246	3036	0	898	0	960	0	0	206	416	0	0	5932	9440	0	0	142	0	0	832	1178	7462	0	226	0	0	0	0	0	0	0	0	166	3108	0	126	0	0	0	0	0	0	0	658	0	0	0	0	0	0	0	0	0	0	0	0	3866	10858	0	0	1722	460	17714	16118	6918	17372	0	0	120	0	1038	1372	0	0	1168	2630	0	5974	120	196	974	2660	
227372	Vermis_6	0	0	0	0	0	0	0	0	0	0	0	0	0	0	0	0	0	0	0	0	0	0	0	0	0	0	0	0	0	0	0	0	0	0	0	0	0	0	0	0	0	0	242	292	0	0	5368	10308	0	0	138	190	168	826	1352	4966	0	0	0	0	0	0	0	0	0	0	0	0	0	0	0	0	0	0	0	0	0	0	0	0	0	0	0	0	0	0	0	0	0	0	4300	8412	358	1592	0	294	4448	1094	9500	13240	0	0	374	348	1748	6294	164	2444	196	262	5974	0	11954	5522	6630	4688	
318908	Vermis_7	0	0	0	0	0	0	0	0	0	0	0	0	0	0	0	0	0	0	0	0	0	0	0	0	0	0	0	0	0	0	0	0	0	0	0	0	0	0	0	0	0	0	0	0	0	0	1700	5504	0	0	0	0	0	332	566	2010	0	0	0	0	0	0	0	0	0	0	0	0	0	0	0	0	0	0	0	0	0	0	0	0	0	0	0	0	0	0	0	0	0	0	9450	11824	13932	18514	0	154	340	346	4570	8890	7710	4284	8344	7708	4766	7524	0	2608	0	112	120	11954	0	12982	9626	3584	
199752	Vermis_8	0	0	0	0	0	0	0	0	0	0	0	0	0	0	0	0	0	0	0	0	0	0	0	0	0	0	0	0	0	0	0	0	0	0	0	0	0	0	0	0	0	0	0	0	0	0	0	1566	0	0	0	0	0	0	0	776	0	0	0	0	0	0	0	0	0	0	0	0	0	0	0	0	0	0	0	0	0	0	0	0	0	0	0	0	0	0	0	0	0	0	2016	2682	2598	4966	0	230	296	334	1234	3442	3942	5850	9182	9796	4356	8958	0	2864	142	192	196	5522	12982	0	11490	4264	
