data	data	623408	247340	926872	849992	217276	216628	460300	304500	162804	37192	253152	218980	273732	273544	210352	158716	304044	160796	761132	826144	77980	121916	405600	470500	51604	170024	112128	80300	647180	469948	444120	497784	170588	515796	178312	150236	326692	322588	138312	194096	54932	74024	317804	360940	191092	367516	479416	330728	197180	393504	579384	288220	153896	81332	442320	440212	299188	260244	173264	59900	214756	65096	141004	100824	207696	106000	322960	423008	281144	309476	392924	471200	380900	323684	79128	23892	229760	210200	130596	38672	209000	110376	69752	62588	341016	288308	35988	24064	278552	243336	437920	388140	308052	294004	50288	68720	321508	320392	515884	481932	270372	179412	298868	343916	131972	174296	14604	14940	26784	69332	312036	258000	224036	198792	112128	22060	
data	data	Precentral_L	Precentral_R	Frontal_Sup_L	Frontal_Sup_R	Frontal_Sup_Orb_L	Frontal_Sup_Orb_R	Frontal_Mid_L	Frontal_Mid_R	Frontal_Mid_Orb_L	Frontal_Mid_Orb_R	Frontal_Inf_Oper_L	Frontal_Inf_Oper_R	Frontal_Inf_Tri_L	Frontal_Inf_Tri_R	Frontal_Inf_Orb_L	Frontal_Inf_Orb_R	Rolandic_Oper_L	Rolandic_Oper_R	Supp_Motor_Area_L	Supp_Motor_Area_R	Olfactory_L	Olfactory_R	Frontal_Sup_Medial_L	Frontal_Sup_Medial_R	Frontal_Med_Orb_L	Frontal_Med_Orb_R	Rectus_L	Rectus_R	Insula_L	Insula_R	Cingulum_Ant_L	Cingulum_Ant_R	Cingulum_Mid_L	Cingulum_Mid_R	Cingulum_Post_L	Cingulum_Post_R	Hippocampus_L	Hippocampus_R	ParaHippocampal_L	ParaHippocampal_R	Amygdala_L	Amygdala_R	Calcarine_L	Calcarine_R	Cuneus_L	Cuneus_R	Lingual_L	Lingual_R	Occipital_Sup_L	Occipital_Sup_R	Occipital_Mid_L	Occipital_Mid_R	Occipital_Inf_L	Occipital_Inf_R	Fusiform_L	Fusiform_R	Postcentral_L	Postcentral_R	Parietal_Sup_L	Parietal_Sup_R	Parietal_Inf_L	Parietal_Inf_R	SupraMarginal_L	SupraMarginal_R	Angular_L	Angular_R	Precuneus_L	Precuneus_R	Paracentral_Lobule_L	Paracentral_Lobule_R	Caudate_L	Caudate_R	Putamen_L	Putamen_R	Pallidum_L	Pallidum_R	Thalamus_L	Thalamus_R	Heschl_L	Heschl_R	Temporal_Sup_L	Temporal_Sup_R	Temporal_Pole_Sup_L	Temporal_Pole_Sup_R	Temporal_Mid_L	Temporal_Mid_R	Temporal_Pole_Mid_L	Temporal_Pole_Mid_R	Temporal_Inf_L	Temporal_Inf_R	Cerebelum_Crus1_L	Cerebelum_Crus1_R	Cerebelum_Crus2_L	Cerebelum_Crus2_R	Cerebelum_3_L	Cerebelum_3_R	Cerebelum_4_5_L	Cerebelum_4_5_R	Cerebelum_6_L	Cerebelum_6_R	Cerebelum_7b_L	Cerebelum_7b_R	Cerebelum_8_L	Cerebelum_8_R	Cerebelum_9_L	Cerebelum_9_R	Cerebelum_10_L	Cerebelum_10_R	Vermis_1_2	Vermis_3	Vermis_4_5	Vermis_6	Vermis_7	Vermis_8	Vermis_9	Vermis_10	
623408	Precentral_L	0	8010	29530	4760	82	0	22700	644	0	0	16868	0	854	94	0	0	16816	580	20328	16742	0	0	262	0	0	0	0	0	12334	410	2476	938	778	5454	1582	550	5944	210	2210	0	0	0	184	0	160	0	728	0	280	0	3196	0	190	0	704	0	30974	3726	912	0	4284	0	4234	148	1408	0	894	0	24728	9196	5906	1090	6672	554	4470	210	21544	3468	3294	0	3304	92	0	0	2692	0	0	0	1306	0	0	0	0	0	0	0	0	0	0	0	0	0	0	0	0	0	0	0	0	0	0	0	0	0	0	0	
247340	Precentral_R	8010	0	1770	3628	0	0	786	5116	0	0	0	2938	0	0	0	0	0	1700	1062	7392	0	0	0	0	0	0	0	0	396	3080	0	0	0	350	1354	1868	2962	6580	1592	812	0	0	0	362	0	686	524	0	0	662	128	182	0	0	216	936	1034	18174	0	0	0	292	0	1334	0	0	0	1218	4316	8330	594	5752	466	1108	688	86	4436	17682	228	248	0	426	0	0	0	294	0	0	0	1494	0	0	0	0	0	0	0	0	0	0	0	0	0	0	0	0	0	0	0	378	0	0	0	0	0	0	
926872	Frontal_Sup_L	29530	1770	0	14758	5522	0	67924	2260	3054	0	7180	180	19846	224	4458	86	13826	292	80324	17902	0	0	41500	4436	1500	124	204	0	31410	610	26694	5320	7232	5836	0	0	2802	0	320	0	0	0	0	0	0	0	102	0	0	0	0	0	0	0	160	0	8788	336	0	0	862	0	1058	92	0	0	0	0	4156	266	7688	578	17430	480	6530	172	12414	986	2460	0	1412	0	342	0	0	0	0	0	0	0	0	0	0	0	0	0	0	0	0	0	0	0	0	0	0	0	0	0	0	0	0	0	0	0	0	0	
849992	Frontal_Sup_R	4760	3628	14758	0	264	9984	2578	35664	108	404	1406	9694	564	12094	102	5822	3544	9184	26260	70424	88	120	12400	46626	144	7900	0	456	5282	18830	4938	31036	3150	19166	582	0	190	1284	98	184	0	0	0	0	0	0	0	0	0	0	0	0	0	0	0	134	220	2580	0	0	0	0	0	624	0	0	0	0	1854	0	13066	20308	3734	11524	0	1648	474	1628	376	1482	142	1172	96	112	0	0	0	0	0	106	0	0	0	0	0	0	0	0	0	0	0	0	0	0	0	0	0	0	0	0	0	0	0	0	0	0	
217276	Frontal_Sup_Orb_L	82	0	5522	264	0	188	1272	0	19430	0	2008	0	2310	0	17798	0	608	0	1070	170	2106	1730	3106	0	4590	196	9808	312	11318	0	6690	1566	0	0	0	0	0	0	0	0	172	0	0	0	0	0	0	0	0	0	0	0	0	0	0	0	0	0	0	0	0	0	0	0	0	0	0	0	0	0	3936	1646	8996	692	0	0	0	0	0	0	286	0	766	0	0	0	0	0	0	0	0	0	0	0	0	0	0	0	0	0	0	0	0	0	0	0	0	0	0	0	0	0	0	0	0	0	
216628	Frontal_Sup_Orb_R	0	0	0	9984	188	0	0	2578	0	5598	0	3016	0	3194	120	6318	0	364	254	1182	734	2524	0	9704	334	9044	730	8610	0	10342	236	7664	0	442	0	0	0	368	0	0	0	392	0	0	0	0	0	0	0	0	0	0	0	0	0	0	0	0	0	0	0	0	0	0	0	0	0	0	0	0	760	11402	210	12022	0	0	0	0	0	0	0	0	0	0	0	0	0	0	0	0	0	0	0	0	0	0	0	0	0	0	0	0	0	0	0	0	0	0	0	0	0	0	0	0	0	0	
460300	Frontal_Mid_L	22700	786	67924	2578	1272	0	0	932	3830	0	14018	0	30270	0	4782	0	3532	482	12062	2812	0	0	11744	1356	0	0	0	0	15076	258	10324	618	1848	980	0	0	664	0	266	0	0	0	0	0	0	0	128	0	0	0	0	0	0	0	0	0	1064	0	0	0	0	0	0	0	0	0	0	0	122	126	2450	384	1452	366	450	122	10734	704	624	0	218	92	0	0	0	0	0	0	0	0	0	0	0	0	0	0	0	0	0	0	0	0	0	0	0	0	0	0	0	0	0	0	0	0	0	0	
304500	Frontal_Mid_R	644	5116	2260	35664	0	2578	932	0	0	736	188	13742	172	17694	0	2926	240	3480	5558	8132	0	0	1996	13926	0	2186	0	164	734	5866	366	6298	154	5230	0	0	0	614	0	0	0	0	0	0	0	0	0	0	0	0	0	0	0	0	0	0	212	1172	0	0	0	0	0	248	0	0	0	0	180	0	1870	6674	980	1762	112	0	174	526	0	176	0	568	0	0	0	0	0	0	0	0	0	0	0	0	0	0	0	0	0	0	0	0	0	0	0	0	0	0	0	0	0	0	0	0	0	0	
162804	Frontal_Mid_Orb_L	0	0	3054	108	19430	0	3830	0	0	0	460	0	4062	0	22524	0	212	0	372	0	728	864	478	0	988	0	4460	0	6868	0	1952	920	0	0	0	0	0	0	0	0	0	0	0	0	0	0	0	0	0	0	0	0	0	0	0	0	0	0	0	0	0	0	0	0	0	0	0	0	0	0	1932	936	6056	514	0	0	0	0	0	0	92	0	562	0	0	0	0	0	0	0	0	0	0	0	0	0	0	0	0	0	0	0	0	0	0	0	0	0	0	0	0	0	0	0	0	0	
37192	Frontal_Mid_Orb_R	0	0	0	404	0	5598	0	736	0	0	0	0	0	346	0	5564	0	0	0	0	0	106	0	0	0	0	122	1290	0	2152	0	0	0	0	0	0	0	184	0	0	0	270	0	0	0	0	0	0	0	0	0	0	0	0	0	0	0	0	0	0	0	0	0	0	0	0	0	0	0	0	0	214	0	1610	0	0	0	0	0	0	0	0	0	0	0	0	0	0	0	0	0	0	0	0	0	0	0	0	0	0	0	0	0	0	0	0	0	0	0	0	0	0	0	0	0	0	
253152	Frontal_Inf_Oper_L	16868	0	7180	1406	2008	0	14018	188	460	0	0	178	12474	332	252	0	12310	0	3086	3068	0	0	2924	108	442	0	144	0	18686	122	8776	1664	488	1866	0	0	400	0	0	0	0	0	0	0	0	0	0	0	0	0	0	0	0	0	0	0	3852	0	0	0	110	0	824	0	0	0	0	0	0	0	6004	0	1408	0	0	0	310	134	956	0	2686	0	844	0	0	0	0	0	0	0	0	0	0	0	0	0	0	0	0	0	0	0	0	0	0	0	0	0	0	0	0	0	0	0	0	0	
218980	Frontal_Inf_Oper_R	0	2938	180	9694	0	3016	0	13742	0	0	178	0	0	18468	0	3788	176	3890	1100	3130	0	0	182	5828	0	2928	0	0	302	15054	108	5638	0	1292	0	0	98	136	0	0	0	0	0	0	0	0	0	0	0	0	0	0	0	0	0	0	0	1210	0	0	0	0	0	0	0	0	0	0	0	0	1460	9954	414	2508	0	0	148	156	0	238	0	754	0	782	0	0	0	0	0	0	0	0	0	0	0	0	0	0	0	0	0	0	0	0	0	0	0	0	0	0	0	0	0	0	0	0	
273732	Frontal_Inf_Tri_L	854	0	19846	564	2310	0	30270	172	4062	0	12474	0	0	0	10458	0	794	0	3488	1552	0	0	7990	302	0	0	486	0	29022	0	8766	512	320	432	0	0	0	0	0	0	0	0	0	0	0	0	0	0	0	0	0	0	0	0	0	0	82	0	0	0	0	0	0	0	0	0	0	0	0	0	628	0	1332	0	0	0	0	0	0	0	0	0	150	0	0	0	0	0	0	0	0	0	0	0	0	0	0	0	0	0	0	0	0	0	0	0	0	0	0	0	0	0	0	0	0	0	
273544	Frontal_Inf_Tri_R	94	0	224	12094	0	3194	0	17694	0	346	332	18468	0	0	0	10750	334	264	5850	8214	0	0	1090	8248	0	1396	0	0	380	18880	632	8218	150	8072	0	0	0	0	0	0	0	0	0	0	0	0	0	0	0	0	0	0	0	0	0	0	0	0	0	0	0	0	0	0	0	0	0	0	0	0	2680	6804	1064	1084	0	0	0	0	0	0	86	130	0	0	0	0	0	0	0	0	0	0	0	0	0	0	0	0	0	0	0	0	0	0	0	0	0	0	0	0	0	0	0	0	0	0	
210352	Frontal_Inf_Orb_L	0	0	4458	102	17798	120	4782	0	22524	0	252	0	10458	0	0	0	0	0	540	106	2128	1484	1288	0	0	116	4468	234	14928	0	2756	1258	96	0	0	0	0	0	90	0	166	0	0	0	0	0	0	0	0	0	0	0	0	0	0	0	0	0	0	0	0	0	0	0	0	0	0	0	0	0	3078	1422	8512	662	0	0	0	0	0	0	0	0	1350	0	0	0	0	0	0	0	0	0	0	0	0	0	0	0	0	0	0	0	0	0	0	0	0	0	0	0	0	0	0	0	0	0	
158716	Frontal_Inf_Orb_R	0	0	86	5822	0	6318	0	2926	0	5564	0	3788	0	10750	0	0	0	92	1144	1730	0	1420	1028	4206	0	860	0	2158	0	14766	250	4712	172	2892	0	0	0	0	0	84	0	146	0	0	0	0	0	0	0	0	0	0	0	0	0	0	0	0	0	0	0	0	0	0	0	0	0	0	0	0	832	3612	404	2242	0	0	0	0	0	0	0	460	0	740	0	154	0	0	0	0	0	0	0	0	0	0	0	0	0	0	0	0	0	0	0	0	0	0	0	0	0	0	0	0	0	0	
304044	Rolandic_Oper_L	16816	0	13826	3544	608	0	3532	240	212	0	12310	176	794	334	0	0	0	102	10204	4252	0	0	296	0	0	0	0	0	21248	128	1802	1094	290	1124	172	0	1624	0	490	0	0	0	218	0	172	0	190	0	0	0	958	0	110	0	786	0	11352	0	342	0	754	0	1952	0	1346	0	518	0	180	0	5496	94	936	0	0	0	202	174	9254	0	9942	0	538	0	7040	0	0	0	4154	0	96	0	0	0	0	0	0	0	0	0	0	0	0	0	0	0	0	0	0	0	0	0	0	0	0	0	
160796	Rolandic_Oper_R	580	1700	292	9184	0	364	482	3480	0	0	0	3890	0	264	0	92	102	0	320	7518	0	0	0	542	0	208	0	0	558	17476	0	372	0	148	0	0	202	2442	128	616	0	0	0	0	0	0	0	0	0	0	0	0	0	0	0	444	116	2790	0	0	0	0	0	1680	0	0	0	0	0	0	494	2840	502	6000	0	518	164	776	0	4634	0	6582	0	1054	0	432	0	0	0	412	0	0	0	0	0	0	0	0	0	0	0	0	0	0	0	0	0	0	0	0	0	0	0	0	0	0	
761132	Supp_Motor_Area_L	20328	1062	80324	26260	1070	254	12062	5558	372	0	3086	1100	3488	5850	540	1144	10204	320	0	50612	0	0	9664	9614	314	286	0	0	14864	4614	12644	5342	9854	26908	458	0	2330	0	144	0	0	0	0	0	0	0	0	0	0	0	0	0	0	0	0	0	6352	392	0	0	710	0	704	136	0	0	218	0	14242	2236	7120	1202	14886	326	4742	92	3174	486	2052	0	672	0	154	0	0	0	0	0	0	0	0	0	0	0	0	0	0	0	0	0	0	0	0	0	0	0	0	0	0	0	0	0	0	0	0	0	
826144	Supp_Motor_Area_R	16742	7392	17902	70424	170	1182	2812	8132	0	0	3068	3130	1552	8214	106	1730	4252	7518	50612	0	0	0	3676	12022	0	864	0	0	5796	10294	3674	11098	5984	48968	2070	3240	178	1566	98	356	0	0	0	230	0	402	0	0	0	286	0	284	0	0	0	400	762	8044	0	0	0	0	0	540	0	0	114	878	20924	26042	11798	8766	2854	7756	142	1456	720	1566	492	1490	264	1172	0	0	0	222	0	0	0	646	0	0	0	0	0	0	0	0	0	0	0	0	0	0	0	0	0	0	0	0	0	0	0	0	0	0	
77980	Olfactory_L	0	0	0	88	2106	734	0	0	728	0	0	0	0	0	2128	0	0	0	0	0	0	5444	0	0	906	392	4210	1168	1798	0	2726	1524	0	0	0	0	0	0	314	0	430	0	0	0	0	0	0	0	0	0	0	0	0	0	0	0	0	0	0	0	0	0	0	0	0	0	0	0	0	0	5618	3998	2806	1524	0	0	0	0	0	0	0	0	348	0	0	0	0	0	0	0	0	0	0	0	0	0	0	0	0	0	0	0	0	0	0	0	0	0	0	0	0	0	0	0	0	0	
121916	Olfactory_R	0	0	0	120	1730	2524	0	0	864	106	0	0	0	0	1484	1420	0	0	0	0	5444	0	0	132	534	1294	3774	3728	142	2366	2574	2520	0	0	0	0	0	0	0	202	260	488	0	0	0	0	0	0	0	0	0	0	0	0	0	0	0	0	0	0	0	0	0	0	0	0	0	0	0	0	8604	9436	4792	4574	1210	432	0	0	0	0	0	0	0	204	0	0	0	0	0	0	0	0	0	0	0	0	0	0	0	0	0	0	0	0	0	0	0	0	0	0	0	0	0	0	0	0	
405600	Frontal_Sup_Medial_L	262	0	41500	12400	3106	0	11744	1996	478	0	2924	182	7990	1090	1288	1028	296	0	9664	3676	0	0	0	17742	2352	496	260	0	11012	934	33098	13516	3198	10584	0	0	0	0	0	0	0	0	0	0	0	0	0	0	0	0	0	0	0	0	0	0	0	0	0	0	0	0	0	0	0	0	0	0	0	0	4604	490	4638	154	0	0	0	0	0	0	0	0	98	0	0	0	0	0	0	0	0	0	0	0	0	0	0	0	0	0	0	0	0	0	0	0	0	0	0	0	0	0	0	0	0	0	
470500	Frontal_Sup_Medial_R	0	0	4436	46626	0	9704	1356	13926	0	0	108	5828	302	8248	0	4206	0	542	9614	12022	0	132	17742	0	88	11612	0	708	344	12436	3570	31614	270	18870	0	0	0	134	0	0	0	0	0	0	0	0	0	0	0	0	0	0	0	0	0	0	0	0	0	0	0	0	0	0	0	0	0	0	0	0	268	14744	0	5706	0	0	0	0	0	0	0	0	0	94	0	0	0	0	0	0	0	0	0	0	0	0	0	0	0	0	0	0	0	0	0	0	0	0	0	0	0	0	0	0	0	0	
51604	Frontal_Med_Orb_L	0	0	1500	144	4590	334	0	0	988	0	442	0	0	0	0	0	0	0	314	0	906	534	2352	88	0	1246	3036	110	1054	0	5540	670	0	0	0	0	0	0	0	0	0	0	0	0	0	0	0	0	0	0	0	0	0	0	0	0	0	0	0	0	0	0	0	0	0	0	0	0	0	0	610	392	812	140	0	0	0	0	0	0	0	0	0	0	0	0	0	0	0	0	0	0	0	0	0	0	0	0	0	0	0	0	0	0	0	0	0	0	0	0	0	0	0	0	0	0	
170024	Frontal_Med_Orb_R	0	0	124	7900	196	9044	0	2186	0	0	0	2928	0	1396	116	860	0	208	286	864	392	1294	496	11612	1246	0	634	5192	0	4260	1658	12840	0	508	0	0	0	96	0	0	0	0	0	0	0	0	0	0	0	0	0	0	0	0	0	0	0	0	0	0	0	0	0	0	0	0	0	0	0	0	458	11562	0	6656	0	0	0	0	0	0	0	0	0	0	0	0	0	0	0	0	0	0	0	0	0	0	0	0	0	0	0	0	0	0	0	0	0	0	0	0	0	0	0	0	0	0	
112128	Rectus_L	0	0	204	0	9808	730	0	0	4460	122	144	0	486	0	4468	0	0	0	0	0	4210	3774	260	0	3036	634	0	1056	1086	0	6362	3452	0	0	0	0	0	0	0	0	0	0	0	0	0	0	0	0	0	0	0	0	0	0	0	0	0	0	0	0	0	0	0	0	0	0	0	0	0	0	4786	3500	1992	1494	0	0	0	0	0	0	0	0	0	0	0	0	0	0	0	0	0	0	0	0	0	0	0	0	0	0	0	0	0	0	0	0	0	0	0	0	0	0	0	0	0	0	
80300	Rectus_R	0	0	0	456	312	8610	0	164	0	1290	0	0	0	0	234	2158	0	0	0	0	1168	3728	0	708	110	5192	1056	0	0	1174	540	2634	0	0	0	0	0	0	0	0	0	264	0	0	0	0	0	0	0	0	0	0	0	0	0	0	0	0	0	0	0	0	0	0	0	0	0	0	0	0	1156	4688	316	4192	0	0	0	0	0	0	0	0	0	0	0	0	0	0	0	0	0	0	0	0	0	0	0	0	0	0	0	0	0	0	0	0	0	0	0	0	0	0	0	0	0	0	
647180	Insula_L	12334	396	31410	5282	11318	0	15076	734	6868	0	18686	302	29022	380	14928	0	21248	558	14864	5796	1798	142	11012	344	1054	0	1086	0	0	522	14038	1044	452	1020	416	172	13928	82	4786	0	2598	0	154	0	102	0	328	0	0	0	880	0	196	0	5106	0	7726	92	0	0	582	0	2770	0	200	0	346	0	0	0	9544	640	19372	442	0	146	3724	1706	8174	100	6656	144	4320	0	2230	0	146	0	3730	0	338	0	0	0	0	0	0	0	0	0	0	0	0	0	0	0	0	0	0	0	0	0	0	0	0	0	
469948	Insula_R	410	3080	610	18830	0	10342	258	5866	0	2152	122	15054	0	18880	0	14766	128	17476	4614	10294	0	2366	934	12436	0	4260	0	1174	522	0	600	12060	172	6574	244	248	418	7852	162	1750	0	2100	0	336	0	0	0	0	0	0	0	0	0	0	0	1560	138	2612	0	0	0	0	0	472	0	0	0	356	0	206	4284	13538	1864	20762	0	142	214	1432	0	2314	0	3950	0	1260	0	948	0	0	0	1832	0	0	0	0	0	0	0	0	0	0	0	0	0	0	0	0	0	0	0	0	0	0	0	0	0	0	
444120	Cingulum_Ant_L	2476	0	26694	4938	6690	236	10324	366	1952	0	8776	108	8766	632	2756	250	1802	0	12644	3674	2726	2574	33098	3570	5540	1658	6362	540	14038	600	0	17388	8836	6260	0	0	0	0	0	0	0	0	0	0	0	0	0	0	0	0	0	0	0	0	0	0	160	0	0	0	0	0	0	0	0	0	0	0	0	0	10784	3312	9402	1596	0	0	0	0	0	0	360	0	172	0	0	0	0	0	0	0	0	0	0	0	0	0	0	0	0	0	0	0	0	0	0	0	0	0	0	0	0	0	0	0	0	0	
497784	Cingulum_Ant_R	938	0	5320	31036	1566	7664	618	6298	920	0	1664	5638	512	8218	1258	4712	1094	372	5342	11098	1524	2520	13516	31614	670	12840	3452	2634	1044	12060	17388	0	1122	20236	0	0	0	114	0	0	0	0	0	0	0	0	0	0	0	0	0	0	0	0	0	0	0	0	0	0	0	0	0	0	0	0	0	0	0	0	3450	21524	802	7606	0	0	0	98	0	0	312	0	0	98	0	0	0	0	0	0	0	0	0	0	0	0	0	0	0	0	0	0	0	0	0	0	0	0	0	0	0	0	0	0	0	0	
170588	Cingulum_Mid_L	778	0	7232	3150	0	0	1848	154	0	0	488	0	320	150	96	172	290	0	9854	5984	0	0	3198	270	0	0	0	0	452	172	8836	1122	0	10340	5582	240	0	0	0	0	0	0	650	0	1320	368	146	0	2264	370	2854	368	0	0	156	0	704	0	1798	0	352	0	0	0	772	0	5464	1178	4316	878	130	0	102	0	0	0	0	0	0	0	0	0	0	0	278	0	0	0	98	0	0	0	0	0	0	0	0	0	0	0	0	0	0	0	0	0	0	0	0	0	0	0	0	0	0	0	
515796	Cingulum_Mid_R	5454	350	5836	19166	0	442	980	5230	0	0	1866	1292	432	8072	0	2892	1124	148	26908	48968	0	0	10584	18870	0	508	0	0	1020	6574	6260	20236	10340	0	1936	5322	0	126	0	0	0	0	0	984	0	2816	0	122	0	2384	0	1980	0	0	0	0	316	3828	0	0	0	0	0	88	0	0	602	6814	7394	13968	2680	1226	694	116	0	0	0	0	0	0	142	0	0	0	0	592	0	0	0	216	0	0	0	0	0	0	0	0	0	0	0	0	0	0	0	0	0	0	0	0	0	0	0	0	0	0	
178312	Cingulum_Post_L	1582	1354	0	582	0	0	0	0	0	0	0	0	0	0	0	0	172	0	458	2070	0	0	0	0	0	0	0	0	416	244	0	0	5582	1936	0	9366	7722	5236	1016	1994	0	0	2160	392	476	224	1716	1080	372	0	6056	0	1044	0	198	740	2116	894	1466	0	656	0	504	0	838	0	8222	1552	4598	1344	0	0	0	188	0	0	1124	4428	474	0	108	0	0	0	4330	0	0	0	1996	130	0	0	0	0	0	0	0	0	0	0	0	0	0	0	0	0	0	0	0	0	0	0	0	0	0	0	
150236	Cingulum_Post_R	550	1868	0	0	0	0	0	0	0	0	0	0	0	0	0	0	0	0	0	3240	0	0	0	0	0	0	0	0	172	248	0	0	240	5322	9366	0	6532	8880	1286	2978	0	0	0	1736	0	1144	388	2326	0	354	84	306	0	0	0	1586	364	2652	0	0	0	0	0	0	0	0	802	8068	676	4982	0	0	0	188	0	0	1638	5224	270	0	0	0	0	0	0	282	0	0	0	1366	0	0	0	0	0	0	0	0	0	0	0	0	0	0	0	0	0	0	0	0	0	0	0	0	0	0	
326692	Hippocampus_L	5944	2962	2802	190	0	0	664	0	0	0	400	98	0	0	0	0	1624	202	2330	178	0	0	0	0	0	0	0	0	13928	418	0	0	0	0	7722	6532	0	5524	19934	2384	9524	0	2074	0	0	0	5580	1402	0	0	462	0	602	0	17408	1112	2266	98	0	0	0	0	0	0	0	0	3508	1000	1204	0	1172	258	5652	386	1334	0	7552	7688	3164	0	2500	0	2048	0	738	0	642	0	8848	0	746	0	0	0	0	0	188	0	354	0	0	0	0	0	0	0	0	0	0	0	0	0	0	0	0	0	
322588	Hippocampus_R	210	6580	0	1284	0	368	0	614	0	184	0	136	0	0	0	0	0	2442	0	1566	0	0	0	134	0	96	0	0	82	7852	0	114	0	126	5236	8880	5524	0	1052	26924	0	12414	0	1672	0	0	448	4154	0	0	0	126	0	0	0	24324	122	1284	0	0	0	0	0	440	0	0	338	5088	0	1138	0	218	0	9686	0	318	1070	7462	142	624	0	1286	0	2178	0	3948	0	0	0	12730	0	0	0	0	0	0	0	680	0	0	0	0	0	0	0	0	0	0	0	0	0	0	0	0	0	0	
138312	ParaHippocampal_L	2210	1592	320	98	0	0	266	0	0	0	0	0	0	0	90	0	490	128	144	98	314	0	0	0	0	0	0	0	4786	162	0	0	0	0	1016	1286	19934	1052	0	624	2480	0	150	0	0	0	4310	538	0	0	452	0	692	0	9778	374	582	0	0	0	0	0	0	0	0	0	264	384	0	0	502	180	2104	246	0	0	3516	3004	96	0	774	0	286	0	0	0	0	0	1600	0	716	0	0	0	102	0	414	0	854	0	0	0	0	0	0	0	0	0	0	148	0	0	0	0	0	0	
194096	ParaHippocampal_R	0	812	0	184	0	0	0	0	0	0	0	0	0	0	0	84	0	616	0	356	0	202	0	0	0	0	0	0	0	1750	0	0	0	0	1994	2978	2384	26924	624	0	0	7722	0	652	0	0	282	4548	0	0	0	0	0	0	0	19904	0	264	0	0	0	0	0	0	0	0	0	2094	0	366	0	0	0	2486	0	238	346	3172	0	182	0	240	0	3388	0	2808	0	1352	0	6906	0	0	0	0	0	0	0	1062	0	128	0	0	0	0	0	0	0	0	0	0	0	0	0	0	0	0	
54932	Amygdala_L	0	0	0	0	172	0	0	0	0	0	0	0	0	0	166	0	0	0	0	0	430	260	0	0	0	0	0	0	2598	0	0	0	0	0	0	0	9524	0	2480	0	0	0	0	0	0	0	0	0	0	0	0	0	0	0	5132	0	0	0	0	0	0	0	0	0	0	0	0	0	0	0	816	186	958	0	0	0	0	0	0	0	222	0	922	0	380	0	446	0	2774	0	0	0	0	0	0	0	0	0	0	0	0	0	0	0	0	0	0	0	0	0	0	0	0	0	0	0	
74024	Amygdala_R	0	0	0	0	0	392	0	0	0	270	0	0	0	0	0	146	0	0	0	0	0	488	0	0	0	0	0	264	0	2100	0	0	0	0	0	0	0	12414	0	7722	0	0	0	0	0	0	0	0	0	0	0	0	0	0	0	6694	0	0	0	0	0	0	0	0	0	0	0	0	0	0	0	0	0	2148	0	0	0	0	0	0	0	0	0	3300	0	522	0	144	0	408	0	0	0	0	0	0	0	0	0	0	0	0	0	0	0	0	0	0	0	0	0	0	0	0	0	0	
317804	Calcarine_L	184	0	0	0	0	0	0	0	0	0	0	0	0	0	0	0	218	0	0	0	0	0	0	0	0	0	0	0	154	0	0	0	650	0	2160	0	2074	0	150	0	0	0	0	8164	19706	6356	23692	3512	15268	3884	33176	416	3248	96	4862	594	464	0	362	0	616	0	436	0	1798	0	18932	320	456	0	0	0	0	0	0	0	0	0	250	0	0	0	0	0	1694	0	0	0	626	0	172	0	0	0	0	0	622	388	744	190	0	0	0	0	0	252	0	0	0	0	1152	438	0	0	212	214	
360940	Calcarine_R	0	362	0	0	0	0	0	0	0	0	0	0	0	0	0	0	0	0	0	230	0	0	0	0	0	0	0	0	0	336	0	0	0	984	392	1736	0	1672	0	652	0	0	8164	0	4108	29828	4164	20762	0	26350	0	18778	0	6850	0	5300	0	1432	0	120	0	0	0	252	0	220	1218	26416	0	2158	0	0	0	0	0	0	0	0	0	0	0	0	0	0	0	12184	0	0	0	5128	0	0	0	0	0	0	0	92	0	276	0	0	0	0	0	0	0	0	0	0	124	182	0	0	0	0	
191092	Cuneus_L	160	0	0	0	0	0	0	0	0	0	0	0	0	0	0	0	172	0	0	0	0	0	0	0	0	0	0	0	102	0	0	0	1320	0	476	0	0	0	0	0	0	0	19706	4108	0	5348	5262	520	21136	2874	15646	314	228	0	274	0	832	0	1338	0	468	0	316	0	1194	0	10328	218	1736	0	0	0	0	0	0	0	0	0	144	0	0	0	0	0	980	0	0	0	346	0	0	0	0	0	0	0	0	0	0	0	0	0	0	0	0	0	0	0	0	0	0	0	0	0	0	0	
367516	Cuneus_R	0	686	0	0	0	0	0	0	0	0	0	0	0	0	0	0	0	0	0	402	0	0	0	0	0	0	0	0	0	0	0	0	368	2816	224	1144	0	0	0	0	0	0	6356	29828	5348	0	2660	6632	0	45912	0	17254	0	974	0	1312	0	3236	0	2510	0	166	0	458	0	476	2560	33332	84	7234	0	0	0	0	0	0	0	0	0	0	0	302	0	0	0	8166	0	0	0	3096	0	0	0	0	0	0	0	0	0	132	0	0	0	0	0	0	0	0	0	0	0	90	0	0	0	0	
479416	Lingual_L	728	524	102	0	0	0	128	0	0	0	0	0	0	0	0	0	190	0	0	0	0	0	0	0	0	0	0	0	328	0	0	0	146	0	1716	388	5580	448	4310	282	0	0	23692	4164	5262	2660	0	8390	4526	1980	23526	400	11420	366	20130	3638	338	0	128	0	430	0	360	0	1910	0	10366	280	134	0	0	0	262	0	0	0	1096	980	166	0	0	0	0	0	1196	0	0	0	1018	0	11414	2402	2442	204	250	160	13496	5136	22924	6484	134	0	650	178	1024	868	0	130	136	258	11222	9392	4844	762	912	598	
330728	Lingual_R	0	0	0	0	0	0	0	0	0	0	0	0	0	0	0	0	0	0	0	0	0	0	0	0	0	0	0	0	0	0	0	0	0	122	1080	2326	1402	4154	538	4548	0	0	3512	20762	520	6632	8390	0	0	7110	168	5714	240	6174	390	22398	0	0	0	0	0	0	0	0	0	0	326	5858	0	104	0	0	0	0	0	0	184	1164	0	0	0	0	0	0	0	892	0	0	0	1256	2352	3020	542	164	124	418	2928	9350	5062	11090	0	0	208	384	362	1134	0	324	0	246	8180	8906	2544	866	946	250	
197180	Occipital_Sup_L	280	0	0	0	0	0	0	0	0	0	0	0	0	0	0	0	0	0	0	0	0	0	0	0	0	0	0	0	0	0	0	0	2264	0	372	0	0	0	0	0	0	0	15268	0	21136	0	4526	0	0	0	32960	0	826	0	482	0	544	0	7882	0	1236	0	0	0	1458	0	7910	0	346	0	0	0	0	0	0	0	0	0	0	0	0	0	0	0	666	0	0	0	290	0	0	0	0	0	0	0	0	0	144	0	0	0	0	0	0	0	0	0	0	0	0	0	0	0	0	0	
393504	Occipital_Sup_R	0	662	0	0	0	0	0	0	0	0	0	0	0	0	0	0	0	0	0	286	0	0	0	0	0	0	0	0	0	0	0	0	370	2384	0	354	0	0	0	0	0	0	3884	26350	2874	45912	1980	7110	0	0	0	29556	0	2530	0	2180	0	4978	0	5120	0	1822	0	1024	0	3552	1714	31564	0	8036	0	0	0	0	0	0	0	0	0	0	0	370	0	0	0	9004	0	0	0	2852	0	0	0	0	0	0	0	0	0	166	0	0	0	0	0	0	0	0	0	0	0	118	0	0	0	0	
579384	Occipital_Mid_L	3196	128	0	0	0	0	0	0	0	0	0	0	0	0	0	0	958	0	0	0	0	0	0	0	0	0	0	0	880	0	0	0	2854	0	6056	84	462	0	452	0	0	0	33176	0	15646	0	23526	168	32960	0	0	0	18664	0	11000	0	6254	0	22822	0	15738	0	2272	0	25814	0	27044	0	4168	0	0	0	0	0	0	0	176	138	1630	0	1262	0	0	0	20972	0	0	0	5406	0	1078	0	416	0	0	0	358	0	2366	182	0	0	0	0	0	0	0	0	0	0	272	554	560	0	0	0	
288220	Occipital_Mid_R	0	182	0	0	0	0	0	0	0	0	0	0	0	0	0	0	0	0	0	284	0	0	0	0	0	0	0	0	0	0	0	0	368	1980	0	306	0	126	0	0	0	0	416	18778	314	17254	400	5714	0	29556	0	0	0	7158	0	2224	0	1764	0	2080	0	3790	0	730	0	11950	1110	18468	0	2728	0	0	0	0	0	0	0	0	0	0	0	240	0	0	0	15232	0	0	0	958	0	0	0	0	0	0	0	0	0	0	0	0	0	0	0	0	0	0	0	0	0	0	0	0	0	0	
153896	Occipital_Inf_L	190	0	0	0	0	0	0	0	0	0	0	0	0	0	0	0	110	0	0	0	0	0	0	0	0	0	0	0	196	0	0	0	0	0	1044	0	602	0	692	0	0	0	3248	0	228	0	11420	240	826	0	18664	0	0	0	12540	90	140	0	0	0	0	0	0	0	872	0	1532	0	132	0	0	0	0	0	0	0	110	0	474	0	94	0	0	0	4130	0	0	0	5142	0	3074	0	872	0	0	0	1292	0	5362	314	0	0	86	0	180	0	0	0	0	0	642	1088	1064	136	122	0	
81332	Occipital_Inf_R	0	0	0	0	0	0	0	0	0	0	0	0	0	0	0	0	0	0	0	0	0	0	0	0	0	0	0	0	0	0	0	0	0	0	0	0	0	0	0	0	0	0	96	6850	0	974	366	6174	0	2530	0	7158	0	0	0	5598	0	212	0	0	0	0	0	0	0	0	0	1568	0	282	0	0	0	0	0	0	0	0	0	0	0	0	0	0	0	2134	0	0	0	2890	128	160	0	0	0	0	156	570	172	1386	0	0	0	0	0	0	0	160	0	0	356	534	114	98	0	0	
442320	Fusiform_L	704	216	160	0	0	0	0	0	0	0	0	0	0	0	0	0	786	0	0	0	0	0	0	0	0	0	0	0	5106	0	0	0	156	0	198	0	17408	0	9778	0	5132	0	4862	0	274	0	20130	390	482	0	11000	0	12540	0	0	204	758	0	164	0	492	0	336	0	1130	0	1410	0	186	0	0	0	894	0	0	0	1170	466	846	0	4506	0	2018	0	3684	0	1134	0	18846	0	27626	116	1468	0	534	0	17134	106	38994	584	920	0	712	0	348	0	0	0	0	0	2176	1460	1180	132	104	0	
440212	Fusiform_R	0	936	0	134	0	0	0	0	0	0	0	0	0	0	0	0	0	444	0	400	0	0	0	0	0	0	0	0	0	1560	0	0	0	0	740	1586	1112	24324	374	19904	0	6694	594	5300	0	1312	3638	22398	0	2180	0	2224	90	5598	204	0	0	440	0	0	0	0	0	0	0	0	82	2628	0	596	0	0	0	1608	0	154	186	1480	0	168	0	986	0	5854	0	4850	0	2296	0	20702	1596	9628	300	424	0	1230	2014	16398	2840	23144	0	0	100	708	128	1024	0	462	0	314	6928	5842	1648	784	720	98	
299188	Postcentral_L	30974	1034	8788	220	0	0	1064	212	0	0	3852	0	82	0	0	0	11352	116	6352	762	0	0	0	0	0	0	0	0	7726	138	160	0	704	316	2116	364	2266	122	582	0	0	0	464	0	832	0	338	0	544	0	6254	0	140	0	758	0	0	664	6098	0	17434	0	7638	0	1756	0	3778	0	4854	428	396	200	1940	206	90	0	1580	630	3990	0	3992	0	0	0	2986	0	0	0	2302	0	0	0	0	0	0	0	0	0	0	0	0	0	0	0	0	0	0	0	0	0	0	0	0	0	0	0	
260244	Postcentral_R	3726	18174	336	2580	0	0	0	1172	0	0	0	1210	0	0	0	0	0	2790	392	8044	0	0	0	0	0	0	0	0	92	2612	0	0	0	3828	894	2652	98	1284	0	264	0	0	0	1432	0	3236	0	0	0	4978	0	1764	0	212	0	440	664	0	0	4364	0	1830	0	10858	0	490	140	10548	3882	23002	142	88	380	406	342	0	0	552	0	450	0	998	0	0	0	4680	0	0	0	4096	0	0	0	0	0	0	0	0	0	0	0	0	0	0	0	0	0	0	0	0	0	0	0	0	0	0	
173264	Parietal_Sup_L	912	0	0	0	0	0	0	0	0	0	0	0	0	0	0	0	342	0	0	0	0	0	0	0	0	0	0	0	0	0	0	0	1798	0	1466	0	0	0	0	0	0	0	362	0	1338	0	128	0	7882	0	22822	0	0	0	164	0	6098	0	0	0	11350	0	1592	0	6466	0	18504	0	1828	0	0	0	0	0	0	0	0	0	0	0	300	0	0	0	2176	0	0	0	1104	0	0	0	0	0	0	0	0	0	0	0	0	0	0	0	0	0	0	0	0	0	0	0	0	0	0	0	
59900	Parietal_Sup_R	0	0	0	0	0	0	0	0	0	0	0	0	0	0	0	0	0	0	0	0	0	0	0	0	0	0	0	0	0	0	0	0	0	0	0	0	0	0	0	0	0	0	0	120	0	2510	0	0	0	5120	0	2080	0	0	0	0	0	4364	0	0	0	2972	0	120	0	3484	0	8852	0	236	0	0	0	0	0	0	0	0	0	0	0	0	0	0	0	92	0	0	0	0	0	0	0	0	0	0	0	0	0	0	0	0	0	0	0	0	0	0	0	0	0	0	0	0	0	0	
214756	Parietal_Inf_L	4284	0	862	0	0	0	0	0	0	0	110	0	0	0	0	0	754	0	710	0	0	0	0	0	0	0	0	0	582	0	0	0	352	0	656	0	0	0	0	0	0	0	616	0	468	0	430	0	1236	0	15738	0	0	0	492	0	17434	0	11350	0	0	0	16340	0	19792	0	5452	0	1832	0	0	0	0	0	0	0	0	0	496	0	1434	0	0	0	4176	0	0	0	1782	0	0	0	0	0	0	0	0	0	0	0	0	0	0	0	0	0	0	0	0	0	0	0	0	0	0	0	
65096	Parietal_Inf_R	0	292	0	0	0	0	0	0	0	0	0	0	0	0	0	0	0	0	0	0	0	0	0	0	0	0	0	0	0	0	0	0	0	0	0	0	0	0	0	0	0	0	0	0	0	166	0	0	0	1822	0	3790	0	0	0	0	0	1830	0	2972	0	0	0	6232	0	11610	0	738	0	240	0	0	0	0	0	0	0	0	0	0	0	0	0	0	0	1508	0	0	0	1348	0	0	0	0	0	0	0	0	0	0	0	0	0	0	0	0	0	0	0	0	0	0	0	0	0	0	
141004	SupraMarginal_L	4234	0	1058	0	0	0	0	0	0	0	824	0	0	0	0	0	1952	0	704	0	0	0	0	0	0	0	0	0	2770	0	0	0	0	0	504	0	0	0	0	0	0	0	436	0	316	0	360	0	0	0	2272	0	0	0	336	0	7638	0	1592	0	16340	0	0	0	8782	0	2202	0	1338	0	0	0	0	0	0	0	0	0	1306	0	6780	0	0	0	7334	0	0	0	1424	0	0	0	0	0	0	0	0	0	0	0	0	0	0	0	0	0	0	0	0	0	0	0	0	0	0	0	
100824	SupraMarginal_R	148	1334	92	624	0	0	0	248	0	0	0	0	0	0	0	0	0	1680	136	540	0	0	0	0	0	0	0	0	0	472	0	0	0	88	0	0	0	440	0	0	0	0	0	252	0	458	0	0	0	1024	0	730	0	0	0	0	0	10858	0	120	0	6232	0	0	0	6320	0	2002	0	472	0	0	176	0	106	0	0	0	0	614	0	4550	0	0	0	6698	0	0	0	3998	0	0	0	0	0	0	0	0	0	0	0	0	0	0	0	0	0	0	0	0	0	0	0	0	0	0	
207696	Angular_L	1408	0	0	0	0	0	0	0	0	0	0	0	0	0	0	0	1346	0	0	0	0	0	0	0	0	0	0	0	200	0	0	0	772	0	838	0	0	0	0	0	0	0	1798	0	1194	0	1910	0	1458	0	25814	0	872	0	1130	0	1756	0	6466	0	19792	0	8782	0	0	0	5064	0	1846	0	0	0	0	0	0	0	0	0	986	0	3758	0	0	0	13244	0	0	0	3414	0	0	0	0	0	0	0	0	0	0	0	0	0	0	0	0	0	0	0	0	0	0	0	0	0	0	0	
106000	Angular_R	0	0	0	0	0	0	0	0	0	0	0	0	0	0	0	0	0	0	0	0	0	0	0	0	0	0	0	0	0	0	0	0	0	0	0	0	0	0	0	0	0	0	0	220	0	476	0	0	0	3552	0	11950	0	0	0	0	0	490	0	3484	0	11610	0	6320	0	0	0	1112	0	400	0	0	0	0	0	0	0	0	0	0	0	3826	0	0	0	7766	0	0	0	1794	0	0	0	0	0	0	0	0	0	0	0	0	0	0	0	0	0	0	0	0	0	0	0	0	0	0	
322960	Precuneus_L	894	0	0	0	0	0	0	0	0	0	0	0	0	0	0	0	518	0	218	114	0	0	0	0	0	0	0	0	346	0	0	0	5464	602	8222	802	3508	338	264	0	0	0	18932	1218	10328	2560	10366	326	7910	1714	27044	1110	1532	0	1410	82	3778	140	18504	0	5452	0	2202	0	5064	0	0	4060	4386	258	0	0	0	0	0	0	0	0	350	0	380	0	0	0	4998	0	0	0	2046	94	0	0	0	0	90	0	380	126	144	0	0	0	0	0	278	360	0	0	0	0	1014	814	0	186	328	226	
423008	Precuneus_R	0	1218	0	0	0	0	0	0	0	0	0	0	0	0	0	0	0	0	0	878	0	0	0	0	0	0	0	0	0	356	0	0	1178	6814	1552	8068	1000	5088	384	2094	0	0	320	26416	218	33332	280	5858	0	31564	0	18468	0	1568	0	2628	0	10548	0	8852	0	738	0	2002	0	1112	4060	0	148	13504	0	0	0	0	0	0	204	614	0	0	0	448	0	0	0	12876	0	0	0	7116	0	0	0	0	0	0	0	0	0	0	0	0	0	0	0	0	0	0	0	0	0	0	0	0	0	0	
281144	Paracentral_Lobule_L	24728	4316	4156	1854	0	0	122	180	0	0	0	0	0	0	0	0	180	0	14242	20924	0	0	0	0	0	0	0	0	0	0	0	0	4316	7394	4598	676	1204	0	0	0	0	0	456	0	1736	84	134	0	346	0	4168	0	132	0	186	0	4854	3882	1828	0	1832	0	1338	0	1846	0	4386	148	0	14940	268	252	1044	0	1618	0	2878	124	0	0	0	0	0	0	2246	0	0	0	956	0	0	0	0	0	0	0	0	0	0	0	0	0	0	0	0	0	0	0	0	0	0	0	0	0	0	0	
309476	Paracentral_Lobule_R	9196	8330	266	0	0	0	126	0	0	0	0	0	0	0	0	0	0	0	2236	26042	0	0	0	0	0	0	0	0	0	206	0	0	878	13968	1344	4982	0	1138	0	366	0	0	0	2158	0	7234	0	104	0	8036	0	2728	0	282	0	596	428	23002	0	236	0	240	0	472	0	400	258	13504	14940	0	0	338	0	0	0	0	320	418	0	0	0	446	0	0	0	5368	0	0	0	4152	0	0	0	0	0	0	0	0	0	0	0	0	0	0	0	0	0	0	0	0	0	0	0	0	0	0	
392924	Caudate_L	5906	594	7688	13066	3936	760	2450	1870	1932	0	6004	1460	628	2680	3078	832	5496	494	7120	11798	5618	8604	4604	268	610	458	4786	1156	9544	4284	10784	3450	130	2680	0	0	1172	0	502	0	816	0	0	0	0	0	0	0	0	0	0	0	0	0	0	0	396	142	0	0	0	0	0	0	0	0	0	0	268	0	0	13030	24318	4398	3194	486	9502	2276	526	0	412	96	160	0	0	0	0	0	0	0	0	0	0	0	0	0	0	0	0	0	0	0	0	0	0	0	0	0	0	0	0	0	0	0	0	0	
471200	Caudate_R	1090	5752	578	20308	1646	11402	384	6674	936	214	0	9954	0	6804	1422	3612	94	2840	1202	8766	3998	9436	490	14744	392	11562	3500	4688	640	13538	3312	21524	0	1226	0	0	258	218	180	0	186	0	0	0	0	0	0	0	0	0	0	0	0	0	0	0	200	88	0	0	0	0	0	0	0	0	0	0	252	338	13030	0	8330	20640	1532	1666	1722	13218	0	130	0	196	0	396	0	0	0	0	0	0	0	0	0	0	0	0	0	0	0	0	0	0	0	0	0	0	0	0	0	292	0	0	0	0	0	0	
380900	Putamen_L	6672	466	17430	3734	8996	210	1452	980	6056	0	1408	414	1332	1064	8512	404	936	502	14886	2854	2806	4792	4638	0	812	0	1992	316	19372	1864	9402	802	102	694	0	0	5652	0	2104	0	958	0	0	0	0	0	262	0	0	0	0	0	0	0	894	0	1940	380	0	0	0	0	0	176	0	0	0	0	1044	0	24318	8330	0	3338	8940	482	3270	998	0	104	0	138	1222	0	0	0	0	0	0	0	0	0	0	0	0	0	0	0	0	0	0	0	0	0	0	0	0	0	0	0	0	0	0	0	0	0	
323684	Putamen_R	554	1108	480	11524	692	12022	366	1762	514	1610	0	2508	0	1084	662	2242	0	6000	326	7756	1524	4574	154	5706	140	6656	1494	4192	442	20762	1596	7606	0	116	188	188	386	9686	246	2486	0	2148	0	0	0	0	0	0	0	0	0	0	0	0	0	1608	206	406	0	0	0	0	0	0	0	0	0	0	0	0	4398	20640	3338	0	736	2974	188	3574	0	388	0	1040	0	290	0	0	0	0	0	556	0	0	0	0	0	0	0	0	0	0	0	0	0	0	0	0	0	0	0	0	0	0	0	0	0	0	
79128	Pallidum_L	4470	688	6530	0	0	0	450	112	0	0	0	0	0	0	0	0	0	0	4742	142	0	1210	0	0	0	0	0	0	0	0	0	0	0	0	0	0	1334	0	0	0	0	0	0	0	0	0	0	0	0	0	0	0	0	0	0	0	90	342	0	0	0	0	0	106	0	0	0	0	1618	0	3194	1532	8940	736	0	356	2866	106	0	0	0	0	0	0	0	0	0	0	0	0	0	0	0	0	0	0	0	0	0	0	0	0	0	0	0	0	0	0	0	0	0	0	0	0	0	0	
23892	Pallidum_R	210	86	172	1648	0	0	122	0	0	0	0	0	0	0	0	0	0	518	92	1456	0	432	0	0	0	0	0	0	146	142	0	0	0	0	0	0	0	318	0	238	0	0	0	0	0	0	0	0	0	0	0	0	0	0	0	154	0	0	0	0	0	0	0	0	0	0	0	0	0	0	486	1666	482	2974	356	0	0	0	0	126	0	122	0	0	0	0	0	0	0	0	0	0	0	0	0	0	0	0	0	0	0	0	0	0	0	0	0	0	0	0	0	0	0	0	0	0	
229760	Thalamus_L	21544	4436	12414	474	0	0	10734	174	0	0	310	148	0	0	0	0	202	164	3174	720	0	0	0	0	0	0	0	0	3724	214	0	0	0	0	1124	1638	7552	1070	3516	346	0	0	0	0	0	0	1096	184	0	0	176	0	110	0	1170	186	1580	0	0	0	0	0	0	0	0	0	0	204	2878	320	9502	1722	3270	188	2866	0	0	13556	1258	0	344	0	0	0	0	0	0	0	440	0	0	0	0	0	0	0	0	0	0	0	0	0	0	0	0	0	0	0	0	152	0	0	0	0	0	0	
210200	Thalamus_R	3468	17682	986	1628	0	0	704	526	0	0	134	156	0	0	0	0	174	776	486	1566	0	0	0	0	0	0	0	0	1706	1432	0	98	0	0	4428	5224	7688	7462	3004	3172	0	0	0	0	0	0	980	1164	0	0	138	0	0	0	466	1480	630	552	0	0	0	0	0	0	0	0	0	614	124	418	2276	13218	998	3574	106	0	13556	0	826	88	232	266	0	0	0	0	0	0	134	220	0	0	0	0	0	0	0	0	0	0	0	0	0	0	0	0	0	0	0	540	0	0	0	0	0	0	
130596	Heschl_L	3294	228	2460	376	0	0	624	0	0	0	956	0	0	0	0	0	9254	0	2052	492	0	0	0	0	0	0	0	0	8174	0	0	0	0	0	474	270	3164	142	96	0	0	0	250	0	144	0	166	0	0	0	1630	0	474	0	846	0	3990	0	0	0	496	0	1306	0	986	0	350	0	0	0	526	0	0	0	0	0	1258	826	0	0	7288	0	0	0	8804	0	0	0	3902	0	0	0	0	0	0	0	0	0	0	0	0	0	0	0	0	0	0	0	0	0	0	0	0	0	0	0	
38672	Heschl_R	0	248	0	1482	0	0	0	176	0	0	0	238	0	0	0	0	0	4634	0	1490	0	0	0	0	0	0	0	0	100	2314	0	0	0	0	0	0	0	624	0	182	0	0	0	0	0	0	0	0	0	0	0	0	0	0	0	168	0	450	0	0	0	0	0	614	0	0	0	0	0	0	0	130	104	388	0	126	0	88	0	0	0	5036	0	0	0	408	0	0	0	336	0	0	0	0	0	0	0	0	0	0	0	0	0	0	0	0	0	0	0	0	0	0	0	0	0	0	
209000	Temporal_Sup_L	3304	0	1412	142	286	0	218	0	92	0	2686	0	0	86	0	0	9942	0	672	264	0	0	0	0	0	0	0	0	6656	0	360	312	0	142	108	0	2500	0	774	0	222	0	0	0	0	0	0	0	0	0	1262	0	94	0	4506	0	3992	0	300	0	1434	0	6780	0	3758	0	380	0	0	0	412	0	0	0	0	0	344	232	7288	0	0	0	3170	0	24670	0	294	0	14930	0	348	0	0	0	0	0	0	0	128	0	0	0	0	0	0	0	0	0	0	0	0	0	0	0	0	0	
110376	Temporal_Sup_R	92	426	0	1172	0	0	92	568	0	0	0	754	0	130	0	460	0	6582	0	1172	0	0	0	0	0	0	0	0	144	3950	0	0	0	0	0	0	0	1286	0	240	0	0	0	0	0	302	0	0	0	370	0	240	0	0	0	986	0	998	0	0	0	0	0	4550	0	3826	0	448	0	446	96	196	138	1040	0	122	0	266	0	5036	0	0	0	2176	0	12112	0	776	0	3996	0	0	0	0	0	0	0	0	0	0	0	0	0	0	0	0	0	0	0	0	0	0	0	0	0	0	
69752	Temporal_Pole_Sup_L	0	0	342	96	766	0	0	0	562	0	844	0	150	0	1350	0	538	0	154	0	348	0	98	0	0	0	0	0	4320	0	172	0	0	0	0	0	2048	0	286	0	922	0	0	0	0	0	0	0	0	0	0	0	0	0	2018	0	0	0	0	0	0	0	0	0	0	0	0	0	0	0	160	0	1222	0	0	0	0	0	0	0	3170	0	0	0	6410	0	4728	0	4172	0	0	0	0	0	0	0	0	0	0	0	0	0	0	0	0	0	0	0	0	0	0	0	0	0	0	0	
62588	Temporal_Pole_Sup_R	0	0	0	112	0	0	0	0	0	0	0	782	0	0	0	740	0	1054	0	0	0	204	0	94	0	0	0	0	0	1260	0	98	0	0	0	0	0	2178	0	3388	0	3300	0	0	0	0	0	0	0	0	0	0	0	0	0	5854	0	0	0	0	0	0	0	0	0	0	0	0	0	0	0	396	0	290	0	0	0	0	0	0	0	2176	0	0	0	2444	0	3748	0	3176	0	0	0	0	0	0	0	0	0	0	0	0	0	0	0	0	0	0	0	0	0	0	0	0	0	0	
341016	Temporal_Mid_L	2692	0	0	0	0	0	0	0	0	0	0	0	0	0	0	0	7040	0	0	0	0	0	0	0	0	0	0	0	2230	0	0	0	278	0	4330	0	738	0	0	0	380	0	1694	0	980	0	1196	0	666	0	20972	0	4130	0	3684	0	2986	0	2176	0	4176	0	7334	0	13244	0	4998	0	2246	0	0	0	0	0	0	0	0	0	8804	0	24670	0	6410	0	0	0	6126	0	36328	0	0	0	0	0	0	0	0	0	0	0	0	0	0	0	0	0	0	0	0	0	0	0	0	0	0	0	
288308	Temporal_Mid_R	0	294	0	0	0	0	0	0	0	0	0	0	0	0	0	154	0	432	0	222	0	0	0	0	0	0	0	0	0	948	0	0	0	592	0	282	0	3948	0	2808	0	522	0	12184	0	8166	0	892	0	9004	0	15232	0	2134	0	4850	0	4680	0	92	0	1508	0	6698	0	7766	0	12876	0	5368	0	0	0	0	0	0	0	0	0	408	0	12112	0	2444	0	0	0	1798	0	25740	0	0	0	0	0	0	0	0	0	0	0	0	0	0	0	0	0	0	0	0	0	0	0	0	0	0	
35988	Temporal_Pole_Mid_L	0	0	0	0	0	0	0	0	0	0	0	0	0	0	0	0	0	0	0	0	0	0	0	0	0	0	0	0	146	0	0	0	0	0	0	0	642	0	0	0	446	0	0	0	0	0	0	0	0	0	0	0	0	0	1134	0	0	0	0	0	0	0	0	0	0	0	0	0	0	0	0	0	0	0	0	0	0	0	0	0	294	0	4728	0	6126	0	0	0	4478	0	0	0	0	0	0	0	0	0	0	0	0	0	0	0	0	0	0	0	0	0	0	0	0	0	0	0	
24064	Temporal_Pole_Mid_R	0	0	0	0	0	0	0	0	0	0	0	0	0	0	0	0	0	0	0	0	0	0	0	0	0	0	0	0	0	0	0	0	0	0	0	0	0	0	0	1352	0	144	0	0	0	0	0	0	0	0	0	0	0	0	0	2296	0	0	0	0	0	0	0	0	0	0	0	0	0	0	0	0	0	0	0	0	0	0	0	0	0	776	0	3748	0	1798	0	0	0	1918	0	0	0	0	0	0	0	0	0	0	0	0	0	0	0	0	0	0	0	0	0	0	0	0	0	0	
278552	Temporal_Inf_L	1306	0	0	0	0	0	0	0	0	0	0	0	0	0	0	0	4154	0	0	0	0	0	0	0	0	0	0	0	3730	0	0	0	98	0	1996	0	8848	0	1600	0	2774	0	626	0	346	0	1018	0	290	0	5406	0	5142	0	18846	0	2302	0	1104	0	1782	0	1424	0	3414	0	2046	0	956	0	0	0	0	0	0	0	440	134	3902	0	14930	0	4172	0	36328	0	4478	0	0	0	3700	0	132	0	0	0	242	0	928	0	320	0	362	0	0	0	0	0	0	0	0	0	0	0	0	0	
243336	Temporal_Inf_R	0	1494	0	106	0	0	0	0	0	0	0	0	0	0	0	0	0	412	0	646	0	0	0	0	0	0	0	0	0	1832	0	0	0	216	130	1366	0	12730	0	6906	0	408	0	5128	0	3096	0	1256	0	2852	0	958	0	2890	0	20702	0	4096	0	0	0	1348	0	3998	0	1794	94	7116	0	4152	0	0	0	556	0	0	0	220	0	336	0	3996	0	3176	0	25740	0	1918	0	0	0	0	0	0	0	0	0	0	0	0	0	0	0	0	0	0	0	0	0	0	0	0	0	0	0	0	
437920	Cerebelum_Crus1_L	0	0	0	0	0	0	0	0	0	0	0	0	0	0	0	0	96	0	0	0	0	0	0	0	0	0	0	0	338	0	0	0	0	0	0	0	746	0	716	0	0	0	172	0	0	0	11414	2352	0	0	1078	0	3074	128	27626	1596	0	0	0	0	0	0	0	0	0	0	0	0	0	0	0	0	0	0	0	0	0	0	0	0	348	0	0	0	0	0	0	0	3700	0	0	1256	26202	620	1506	0	17960	974	57846	4124	13790	0	16956	480	3548	382	342	0	0	318	3992	6284	7162	1208	626	0	
388140	Cerebelum_Crus1_R	0	0	0	0	0	0	0	0	0	0	0	0	0	0	0	0	0	0	0	0	0	0	0	0	0	0	0	0	0	0	0	0	0	0	0	0	0	0	0	0	0	0	0	0	0	0	2402	3020	0	0	0	0	0	160	116	9628	0	0	0	0	0	0	0	0	0	0	0	0	0	0	0	0	0	0	0	0	0	0	0	0	0	0	0	0	0	0	0	0	0	0	1256	0	640	27588	240	4486	1860	24862	2340	57722	284	5160	794	22600	542	3084	90	240	886	2614	6708	5686	5678	1982	1268	134	
308052	Cerebelum_Crus2_L	0	0	0	0	0	0	0	0	0	0	0	0	0	0	0	0	0	0	0	0	0	0	0	0	0	0	0	0	0	0	0	0	0	0	0	0	0	0	0	0	0	0	0	0	0	0	2442	542	0	0	416	0	872	0	1468	300	0	0	0	0	0	0	0	0	0	0	0	0	0	0	0	0	0	0	0	0	0	0	0	0	0	0	0	0	0	0	0	0	132	0	26202	640	0	13068	0	0	876	0	5494	700	35896	4630	27276	7294	3612	190	142	0	0	0	214	1566	13596	6306	152	0	
294004	Cerebelum_Crus2_R	0	0	0	0	0	0	0	0	0	0	0	0	0	0	0	0	0	0	0	0	0	0	0	0	0	0	0	0	0	0	0	0	0	0	0	0	0	0	0	0	0	0	0	0	0	0	204	164	0	0	0	0	0	0	0	424	0	0	0	0	0	0	0	0	0	0	0	0	0	0	0	0	0	0	0	0	0	0	0	0	0	0	0	0	0	0	0	0	0	0	620	27588	13068	0	0	504	0	512	292	6546	6794	25510	2632	36886	248	6048	0	0	0	430	0	600	12396	4798	738	0	
50288	Cerebelum_3_L	0	0	0	0	0	0	0	0	0	0	0	0	0	0	0	0	0	0	0	0	0	0	0	0	0	0	0	0	0	0	0	0	0	0	0	0	0	0	102	0	0	0	0	0	0	0	250	124	0	0	0	0	0	0	534	0	0	0	0	0	0	0	0	0	0	0	90	0	0	0	0	0	0	0	0	0	0	0	0	0	0	0	0	0	0	0	0	0	0	0	1506	240	0	0	0	96	8458	818	4116	984	0	0	524	0	1290	0	218	0	1016	2040	2246	492	0	0	0	0	
68720	Cerebelum_3_R	0	0	0	0	0	0	0	0	0	0	0	0	0	0	0	0	0	0	0	0	0	0	0	0	0	0	0	0	0	0	0	0	0	0	0	0	0	0	0	0	0	0	0	0	0	0	160	418	0	0	0	0	0	0	0	1230	0	0	0	0	0	0	0	0	0	0	0	0	0	0	0	0	0	0	0	0	0	0	0	0	0	0	0	0	0	0	0	0	0	0	0	4486	0	504	96	0	246	6656	90	8624	0	178	0	804	94	958	0	0	1084	5398	1098	812	94	614	716	0	
321508	Cerebelum_4_5_L	0	0	0	0	0	0	0	0	0	0	0	0	0	0	0	0	0	0	0	0	0	0	0	0	0	0	0	0	0	0	0	0	0	0	0	0	188	0	414	0	0	0	622	0	0	0	13496	2928	0	0	358	0	1292	156	17134	2014	0	0	0	0	0	0	0	0	0	0	380	0	0	0	0	0	0	0	0	0	0	0	0	0	0	0	0	0	0	0	0	0	242	0	17960	1860	876	0	8458	246	0	7948	38102	5726	1598	0	1818	0	4378	1000	738	104	354	1510	21450	4382	96	720	1376	830	
320392	Cerebelum_4_5_R	0	0	0	0	0	0	0	0	0	0	0	0	0	0	0	0	0	0	0	0	0	0	0	0	0	0	0	0	0	0	0	0	0	0	0	0	0	680	0	1062	0	0	388	92	0	0	5136	9350	0	0	0	0	0	570	106	16398	0	0	0	0	0	0	0	0	0	0	126	0	0	0	0	0	0	0	0	0	0	0	0	0	0	0	0	0	0	0	0	0	0	0	974	24862	0	512	818	6656	7948	0	2966	42668	0	148	464	904	1012	2076	130	412	356	3462	22078	3602	396	1458	1900	486	
515884	Cerebelum_6_L	0	0	0	0	0	0	0	0	0	0	0	0	0	0	0	0	0	0	0	0	0	0	0	0	0	0	0	0	0	0	0	0	0	0	0	0	354	0	854	0	0	0	744	0	0	0	22924	5062	144	0	2366	0	5362	172	38994	2840	0	0	0	0	0	0	0	0	0	0	144	0	0	0	0	0	0	0	0	0	0	0	0	0	128	0	0	0	0	0	0	0	928	0	57846	2340	5494	292	4116	90	38102	2966	0	7246	6428	0	9864	344	4470	1186	354	92	150	728	12582	13086	6240	1570	1340	0	
481932	Cerebelum_6_R	0	0	0	0	0	0	0	0	0	0	0	0	0	0	0	0	0	0	0	0	0	0	0	0	0	0	0	0	0	0	0	0	0	0	0	0	0	0	0	128	0	0	190	276	0	132	6484	11090	0	166	182	0	314	1386	584	23144	0	0	0	0	0	0	0	0	0	0	0	0	0	0	0	0	0	0	0	0	0	0	0	0	0	0	0	0	0	0	0	0	0	0	4124	57722	700	6546	984	8624	5726	42668	7246	0	212	1094	760	6950	638	3016	96	1070	1278	5696	17072	12822	6914	2674	2110	148	
270372	Cerebelum_7b_L	0	0	0	0	0	0	0	0	0	0	0	0	0	0	0	0	0	0	0	0	0	0	0	0	0	0	0	0	0	0	0	0	0	0	0	0	0	0	0	0	0	0	0	0	0	0	134	0	0	0	0	0	0	0	920	0	0	0	0	0	0	0	0	0	0	0	0	0	0	0	0	0	0	0	0	0	0	0	0	0	0	0	0	0	0	0	0	0	320	0	13790	284	35896	6794	0	0	1598	0	6428	212	0	4536	33404	8972	4168	248	330	0	0	0	334	522	6872	9214	210	0	
179412	Cerebelum_7b_R	0	0	0	0	0	0	0	0	0	0	0	0	0	0	0	0	0	0	0	0	0	0	0	0	0	0	0	0	0	0	0	0	0	0	0	0	0	0	0	0	0	0	0	0	0	0	0	0	0	0	0	0	0	0	0	0	0	0	0	0	0	0	0	0	0	0	0	0	0	0	0	0	0	0	0	0	0	0	0	0	0	0	0	0	0	0	0	0	0	0	0	5160	4630	25510	0	178	0	148	0	1094	4536	0	3228	29616	206	7818	0	0	0	134	0	0	2112	5246	90	0	
298868	Cerebelum_8_L	0	0	0	0	0	0	0	0	0	0	0	0	0	0	0	0	0	0	0	0	0	0	0	0	0	0	0	0	0	0	0	0	0	0	0	0	0	0	0	0	0	0	0	0	0	0	650	208	0	0	0	0	86	0	712	100	0	0	0	0	0	0	0	0	0	0	0	0	0	0	0	0	0	0	0	0	0	0	0	0	0	0	0	0	0	0	0	0	362	0	16956	794	27276	2632	524	0	1818	464	9864	760	33404	3228	0	9656	17296	1350	1066	0	0	176	1054	1120	4978	11206	1694	0	
343916	Cerebelum_8_R	0	0	0	0	0	0	0	0	0	0	0	0	0	0	0	0	0	0	0	0	0	0	0	0	0	0	0	0	0	0	0	0	0	0	0	0	0	0	0	0	0	0	0	0	0	0	178	384	0	0	0	0	0	0	0	708	0	0	0	0	0	0	0	0	0	0	0	0	0	0	0	0	0	0	0	0	0	0	0	0	0	0	0	0	0	0	0	0	0	0	480	22600	7294	36886	0	804	0	904	344	6950	8972	29616	9656	0	1246	18960	0	296	168	660	326	1164	7984	13040	2232	106	
131972	Cerebelum_9_L	0	0	0	0	0	0	0	0	0	0	0	0	0	0	0	0	0	0	0	0	0	0	0	0	0	0	0	0	0	0	0	0	0	0	0	0	0	0	0	0	0	0	0	0	0	0	1024	362	0	0	0	0	180	0	348	128	0	0	0	0	0	0	0	0	0	0	278	0	0	0	0	0	0	0	0	0	0	0	0	0	0	0	0	0	0	0	0	0	0	0	3548	542	3612	248	1290	94	4378	1012	4470	638	4168	206	17296	1246	0	2170	2758	82	0	124	3170	3850	2126	3404	2890	344	
174296	Cerebelum_9_R	0	0	0	0	0	0	0	0	0	0	0	0	0	0	0	0	0	0	0	0	0	0	0	0	0	0	0	0	0	0	0	0	0	0	0	0	0	0	0	0	0	0	252	0	0	0	868	1134	0	0	0	0	0	0	0	1024	0	0	0	0	0	0	0	0	0	0	360	0	0	0	0	0	0	0	0	0	0	0	0	0	0	0	0	0	0	0	0	0	0	0	382	3084	190	6048	0	958	1000	2076	1186	3016	248	7818	1350	18960	2170	0	82	1338	872	622	4634	6784	3322	7368	8730	1272	
14604	Cerebelum_10_L	0	0	0	0	0	0	0	0	0	0	0	0	0	0	0	0	0	0	0	0	0	0	0	0	0	0	0	0	0	0	0	0	0	0	0	0	0	0	0	0	0	0	0	0	0	0	0	0	0	0	0	0	0	0	0	0	0	0	0	0	0	0	0	0	0	0	0	0	0	0	0	0	0	0	0	0	0	0	0	0	0	0	0	0	0	0	0	0	0	0	342	90	142	0	218	0	738	130	354	96	330	0	1066	0	2758	82	0	0	0	0	482	366	0	0	108	0	
14940	Cerebelum_10_R	0	0	0	0	0	0	0	0	0	0	0	0	0	0	0	0	0	0	0	0	0	0	0	0	0	0	0	0	0	0	0	0	0	0	0	0	0	0	0	0	0	0	0	0	0	0	130	324	0	0	0	0	0	160	0	462	0	0	0	0	0	0	0	0	0	0	0	0	0	0	0	0	0	0	0	0	0	0	0	0	0	0	0	0	0	0	0	0	0	0	0	240	0	0	0	0	104	412	92	1070	0	0	0	296	82	1338	0	0	0	0	564	724	120	518	698	136	
26784	Vermis_1_2	0	0	0	0	0	0	0	0	0	0	0	0	0	0	0	0	0	0	0	0	0	0	0	0	0	0	0	0	0	0	0	0	0	0	0	0	0	0	0	0	0	0	0	0	0	0	136	0	0	0	0	0	0	0	0	0	0	0	0	0	0	0	0	0	0	0	0	0	0	0	0	0	0	0	0	0	0	0	0	0	0	0	0	0	0	0	0	0	0	0	0	886	0	0	1016	1084	354	356	150	1278	0	0	0	168	0	872	0	0	0	3746	1372	878	0	336	550	210	
69332	Vermis_3	0	378	0	0	0	0	0	0	0	0	0	0	0	0	0	0	0	0	0	0	0	0	0	0	0	0	0	0	0	0	0	0	0	0	0	0	0	0	148	0	0	0	0	0	0	0	258	246	0	0	0	0	0	0	0	314	0	0	0	0	0	0	0	0	0	0	0	0	0	0	0	292	0	0	0	0	152	540	0	0	0	0	0	0	0	0	0	0	0	0	318	2614	0	430	2040	5398	1510	3462	728	5696	0	134	176	660	124	622	0	0	3746	0	2836	762	98	346	468	170	
