data	data	414640	258544	917864	1.01714e+06	112260	109584	485780	261412	75528	43372	268592	153500	301856	157100	214124	89260	232384	129760	546868	826324	89540	88460	478256	472600	35280	108848	48936	83104	573100	356396	363788	582836	128068	540764	106100	124456	149428	350348	50312	293948	43960	69880	164072	391088	163540	290632	155728	234776	155052	380952	431612	295544	104072	78772	263356	446608	269068	312528	141928	175816	161684	102252	79068	101748	95372	130360	257900	483388	204264	202892	254188	374812	296164	463108	51396	20824	95392	179264	75952	41148	225128	137044	92424	62752	303632	186944	34608	24872	223960	168664	324172	317664	236956	240732	20360	49060	193548	158628	297448	290928	192916	85828	226080	193156	67996	116008	33272	6876	19744	50484	139488	143572	173512	94596	77436	38836	
data	data	Precentral_L	Precentral_R	Frontal_Sup_L	Frontal_Sup_R	Frontal_Sup_Orb_L	Frontal_Sup_Orb_R	Frontal_Mid_L	Frontal_Mid_R	Frontal_Mid_Orb_L	Frontal_Mid_Orb_R	Frontal_Inf_Oper_L	Frontal_Inf_Oper_R	Frontal_Inf_Tri_L	Frontal_Inf_Tri_R	Frontal_Inf_Orb_L	Frontal_Inf_Orb_R	Rolandic_Oper_L	Rolandic_Oper_R	Supp_Motor_Area_L	Supp_Motor_Area_R	Olfactory_L	Olfactory_R	Frontal_Sup_Medial_L	Frontal_Sup_Medial_R	Frontal_Med_Orb_L	Frontal_Med_Orb_R	Rectus_L	Rectus_R	Insula_L	Insula_R	Cingulum_Ant_L	Cingulum_Ant_R	Cingulum_Mid_L	Cingulum_Mid_R	Cingulum_Post_L	Cingulum_Post_R	Hippocampus_L	Hippocampus_R	ParaHippocampal_L	ParaHippocampal_R	Amygdala_L	Amygdala_R	Calcarine_L	Calcarine_R	Cuneus_L	Cuneus_R	Lingual_L	Lingual_R	Occipital_Sup_L	Occipital_Sup_R	Occipital_Mid_L	Occipital_Mid_R	Occipital_Inf_L	Occipital_Inf_R	Fusiform_L	Fusiform_R	Postcentral_L	Postcentral_R	Parietal_Sup_L	Parietal_Sup_R	Parietal_Inf_L	Parietal_Inf_R	SupraMarginal_L	SupraMarginal_R	Angular_L	Angular_R	Precuneus_L	Precuneus_R	Paracentral_Lobule_L	Paracentral_Lobule_R	Caudate_L	Caudate_R	Putamen_L	Putamen_R	Pallidum_L	Pallidum_R	Thalamus_L	Thalamus_R	Heschl_L	Heschl_R	Temporal_Sup_L	Temporal_Sup_R	Temporal_Pole_Sup_L	Temporal_Pole_Sup_R	Temporal_Mid_L	Temporal_Mid_R	Temporal_Pole_Mid_L	Temporal_Pole_Mid_R	Temporal_Inf_L	Temporal_Inf_R	Cerebelum_Crus1_L	Cerebelum_Crus1_R	Cerebelum_Crus2_L	Cerebelum_Crus2_R	Cerebelum_3_L	Cerebelum_3_R	Cerebelum_4_5_L	Cerebelum_4_5_R	Cerebelum_6_L	Cerebelum_6_R	Cerebelum_7b_L	Cerebelum_7b_R	Cerebelum_8_L	Cerebelum_8_R	Cerebelum_9_L	Cerebelum_9_R	Cerebelum_10_L	Cerebelum_10_R	Vermis_1_2	Vermis_3	Vermis_4_5	Vermis_6	Vermis_7	Vermis_8	Vermis_9	Vermis_10	
414640	Precentral_L	0	1234	9880	3920	0	0	10796	0	0	0	13490	0	604	0	0	0	11378	0	3588	7444	0	0	0	0	0	0	0	0	10638	0	0	0	552	1698	2900	868	3734	424	0	410	0	0	472	0	144	0	240	0	92	0	7156	0	850	0	2500	382	31904	392	1904	0	7604	0	3570	0	1132	0	694	106	17708	664	2572	346	6704	180	2890	0	13514	428	6558	0	5618	0	0	0	6546	0	0	0	892	0	0	0	0	0	0	0	0	0	0	0	0	0	0	0	0	0	0	0	0	0	0	0	0	0	0	0	
258544	Precentral_R	1234	0	258	15288	0	0	90	5686	0	0	0	6432	0	0	0	0	0	2252	164	4110	0	0	0	0	0	0	0	0	0	3536	0	160	0	642	536	1270	0	3018	0	2258	0	0	0	2048	0	1154	0	468	0	1468	0	400	0	306	0	2598	500	33700	0	2380	0	1920	0	5898	0	142	100	4606	2484	4478	1324	3958	0	2194	0	258	482	7880	0	370	0	940	0	0	0	148	0	0	0	134	0	0	0	0	0	0	0	0	0	0	0	0	0	0	0	0	0	0	0	0	0	0	0	0	0	0	
917864	Frontal_Sup_L	9880	258	0	11250	8808	176	70066	354	5596	0	18786	496	23446	154	11782	0	17054	0	50952	19542	356	0	46328	10894	2948	658	1322	0	41038	546	22848	8894	4698	11864	0	0	790	0	0	0	0	0	0	0	0	0	0	0	0	0	0	0	0	0	298	0	5768	0	0	0	0	0	0	0	0	0	0	0	0	0	10538	1026	23368	856	2998	102	126	0	604	0	8002	0	1928	0	488	0	0	0	1046	0	0	0	0	0	0	0	0	0	0	0	0	0	0	0	0	0	0	0	0	0	0	0	0	0	0	0	
1.01714e+06	Frontal_Sup_R	3920	15288	11250	0	0	6842	2662	39384	0	1414	96	8038	176	9672	0	2898	0	7210	24190	89126	324	894	17178	51590	0	5714	92	2522	584	16718	5106	40026	2166	26154	180	160	654	4742	0	2990	0	356	0	0	0	0	0	0	0	0	0	0	0	0	0	1226	146	1730	0	0	0	0	0	264	0	0	0	0	4430	798	7596	24356	1496	31430	570	962	5036	25952	0	0	0	480	0	1782	0	0	0	0	0	0	0	0	0	0	0	0	0	0	0	0	0	0	0	0	0	0	0	0	0	0	0	0	0	0	0	0	
112260	Frontal_Sup_Orb_L	0	0	8808	0	0	0	1100	0	10738	0	0	0	560	0	10372	0	0	0	112	0	2446	0	2122	260	2546	194	5668	0	2476	0	1850	140	0	0	0	0	0	0	0	0	644	0	0	0	0	0	0	0	0	0	0	0	0	0	0	0	0	0	0	0	0	0	0	0	0	0	0	0	0	0	700	0	5108	0	0	0	0	0	0	0	0	0	286	0	0	0	0	0	0	0	0	0	0	0	0	0	0	0	0	0	0	0	0	0	0	0	0	0	0	0	0	0	0	0	0	0	
109584	Frontal_Sup_Orb_R	0	0	176	6842	0	0	0	562	0	5582	0	0	0	112	0	3392	0	0	0	0	316	1038	444	6458	0	10340	92	8318	0	578	240	2870	0	0	0	0	0	0	0	0	0	0	0	0	0	0	0	0	0	0	0	0	0	0	0	0	0	0	0	0	0	0	0	0	0	0	0	0	0	0	472	2248	222	4490	0	0	0	0	0	0	0	0	0	0	0	0	0	0	0	0	0	0	0	0	0	0	0	0	0	0	0	0	0	0	0	0	0	0	0	0	0	0	0	0	0	0	
485780	Frontal_Mid_L	10796	90	70066	2662	1100	0	0	164	3824	0	17704	0	42050	0	11336	0	3676	0	10552	2564	0	0	16564	2490	0	0	0	0	20978	0	5306	2720	3920	4116	0	0	0	0	0	0	0	0	0	0	0	0	0	0	0	0	0	0	0	0	0	0	1840	0	0	0	0	0	0	0	0	0	0	0	0	0	1136	282	2260	302	1898	96	108	0	238	0	1752	0	300	0	0	0	0	0	0	0	0	0	0	0	0	0	0	0	0	0	0	0	0	0	0	0	0	0	0	0	0	0	0	0	0	0	
261412	Frontal_Mid_R	0	5686	354	39384	0	562	164	0	0	1250	0	7608	0	17428	0	2472	0	1116	1754	5908	0	0	1336	10184	0	0	0	0	0	7684	350	4914	882	4822	0	0	0	932	0	736	0	156	0	0	0	0	0	0	0	0	0	0	0	0	0	310	0	2846	0	0	0	176	0	730	0	0	0	0	0	0	192	2352	0	7220	0	536	0	288	0	0	0	112	0	262	0	0	0	0	0	0	0	0	0	0	0	0	0	0	0	0	0	0	0	0	0	0	0	0	0	0	0	0	0	0	0	0	
75528	Frontal_Mid_Orb_L	0	0	5596	0	10738	0	3824	0	0	0	0	0	1554	0	12620	0	0	0	126	0	0	0	0	0	0	0	678	0	996	0	0	0	0	0	0	0	0	0	0	0	0	0	0	0	0	0	0	0	0	0	0	0	0	0	0	0	0	0	0	0	0	0	0	0	0	0	0	0	0	0	0	0	1632	0	0	0	0	0	0	0	0	0	0	0	0	0	0	0	0	0	0	0	0	0	0	0	0	0	0	0	0	0	0	0	0	0	0	0	0	0	0	0	0	0	0	0	
43372	Frontal_Mid_Orb_R	0	0	0	1414	0	5582	0	1250	0	0	0	0	0	820	0	6798	0	0	0	0	0	0	0	450	0	1076	0	664	0	1026	0	422	0	0	0	0	0	94	0	94	0	0	0	0	0	0	0	0	0	0	0	0	0	0	0	0	0	0	0	0	0	0	0	0	0	0	0	0	0	0	0	468	0	1528	0	0	0	0	0	0	0	0	0	0	0	0	0	0	0	0	0	0	0	0	0	0	0	0	0	0	0	0	0	0	0	0	0	0	0	0	0	0	0	0	0	0	
268592	Frontal_Inf_Oper_L	13490	0	18786	96	0	0	17704	0	0	0	0	0	13662	0	380	0	17320	0	11656	110	0	0	790	0	0	0	0	0	17706	0	2138	100	0	0	0	0	0	0	0	0	0	0	0	0	0	0	0	0	0	0	0	0	0	0	0	0	7122	0	0	0	0	0	0	0	0	0	0	0	0	0	616	0	1596	0	778	0	0	0	1188	0	6206	0	2716	0	136	0	0	0	0	0	0	0	0	0	0	0	0	0	0	0	0	0	0	0	0	0	0	0	0	0	0	0	0	0	0	0	
153500	Frontal_Inf_Oper_R	0	6432	496	8038	0	0	0	7608	0	0	0	0	0	9068	0	550	0	4172	876	6968	0	0	136	308	0	0	0	0	0	11990	276	1032	0	158	0	0	0	676	0	662	0	0	0	214	0	136	0	0	0	134	0	0	0	0	0	566	0	4368	0	346	0	560	0	1146	0	0	0	398	0	0	1020	2562	380	3296	0	0	0	0	0	150	0	584	0	1444	0	0	0	0	0	0	0	0	0	0	0	0	0	0	0	0	0	0	0	0	0	0	0	0	0	0	0	0	0	0	0	0	
301856	Frontal_Inf_Tri_L	604	0	23446	176	560	0	42050	0	1554	0	13662	0	0	0	17160	0	938	0	4890	296	0	0	4218	740	116	0	0	0	32256	0	3756	532	1030	608	0	0	0	0	0	0	0	0	0	0	0	0	0	0	0	0	0	0	0	0	0	0	140	0	0	0	0	0	0	0	0	0	0	0	0	0	198	0	666	0	0	0	0	0	0	0	378	0	954	0	0	0	0	0	0	0	0	0	0	0	0	0	0	0	0	0	0	0	0	0	0	0	0	0	0	0	0	0	0	0	0	0	
157100	Frontal_Inf_Tri_R	0	0	154	9672	0	112	0	17428	0	820	0	9068	0	0	0	6924	0	706	948	2726	0	0	546	2204	0	0	0	0	0	16554	308	4810	0	450	0	0	0	136	0	150	0	0	0	0	0	0	0	0	0	0	0	0	0	0	0	0	0	0	0	0	0	0	0	0	0	0	0	0	0	0	132	832	0	3736	0	0	0	0	0	0	0	0	0	134	0	0	0	0	0	0	0	0	0	0	0	0	0	0	0	0	0	0	0	0	0	0	0	0	0	0	0	0	0	0	0	0	
214124	Frontal_Inf_Orb_L	0	0	11782	0	10372	0	11336	0	12620	0	380	0	17160	0	0	0	0	0	1400	218	2606	0	1442	360	0	0	1810	0	23030	0	1264	190	150	306	0	0	102	0	134	0	802	0	0	0	0	0	0	0	0	0	0	0	0	0	0	0	0	0	0	0	0	0	0	0	0	0	0	0	0	0	446	0	7392	0	0	0	0	0	0	0	0	0	1760	0	0	0	0	0	0	0	0	0	0	0	0	0	0	0	0	0	0	0	0	0	0	0	0	0	0	0	0	0	0	0	0	0	
89260	Frontal_Inf_Orb_R	0	0	0	2898	0	3392	0	2472	0	6798	0	550	0	6924	0	0	0	0	126	382	0	1184	0	216	0	0	0	1548	0	9288	0	1302	0	0	0	0	0	220	0	336	0	142	0	0	0	0	0	0	0	0	0	0	0	0	0	106	0	0	0	0	0	0	0	0	0	0	0	0	0	0	0	748	0	3708	0	0	0	0	0	0	0	682	0	1608	0	0	0	0	0	0	0	0	0	0	0	0	0	0	0	0	0	0	0	0	0	0	0	0	0	0	0	0	0	0	0	0	
232384	Rolandic_Oper_L	11378	0	17054	0	0	0	3676	0	0	0	17320	0	938	0	0	0	0	0	7932	0	0	0	0	0	0	0	0	0	16840	0	530	0	0	0	0	0	0	0	0	0	0	0	0	0	0	0	110	0	0	0	2402	0	300	0	452	0	11150	0	844	0	1098	0	1240	0	420	0	0	0	0	0	208	0	470	0	334	0	0	0	3810	0	13462	0	2678	0	1148	0	0	0	398	0	0	0	0	0	0	0	0	0	0	0	0	0	0	0	0	0	0	0	0	0	0	0	0	0	0	0	
129760	Rolandic_Oper_R	0	2252	0	7210	0	0	0	1116	0	0	0	4172	0	706	0	0	0	0	1102	7140	0	0	0	130	0	0	0	0	0	13624	0	160	0	134	0	0	0	1756	0	844	0	0	0	120	0	0	0	0	0	94	0	0	0	0	0	826	0	5658	0	830	0	0	0	2588	0	0	0	578	0	0	0	1928	0	2772	0	354	0	0	0	1380	0	4572	0	2340	0	110	0	0	0	384	0	0	0	0	0	0	0	0	0	0	0	0	0	0	0	0	0	0	0	0	0	0	0	0	0	0	
546868	Supp_Motor_Area_L	3588	164	50952	24190	112	0	10552	1754	126	0	11656	876	4890	948	1400	126	7932	1102	0	53280	0	0	6726	7534	0	0	0	0	13664	1496	8410	8556	5884	24834	124	92	0	150	0	0	0	0	0	0	0	0	0	0	0	0	0	0	0	0	0	0	1750	0	0	0	190	0	0	0	0	0	0	0	4122	462	3528	2754	2446	1866	226	0	156	0	0	0	3148	0	1490	178	0	0	0	0	0	0	0	0	0	0	0	0	0	0	0	0	0	0	0	0	0	0	0	0	0	0	0	0	0	0	0	0	
826324	Supp_Motor_Area_R	7444	4110	19542	89126	0	0	2564	5908	0	0	110	6968	296	2726	218	382	0	7140	53280	0	0	0	2164	10766	0	0	0	0	762	10210	4010	14758	3588	44158	748	2636	560	3424	0	2490	0	288	0	1600	0	1268	0	348	0	932	0	142	0	0	0	1472	1280	1450	0	434	400	0	0	176	0	0	174	4090	16746	12272	8520	23356	1600	11616	652	842	4622	16584	0	0	0	458	0	1642	0	0	0	0	0	110	0	0	0	0	0	0	0	0	0	0	0	0	0	0	0	0	0	0	0	0	0	0	0	0	0	0	
89540	Olfactory_L	0	0	356	324	2446	316	0	0	0	0	0	0	0	0	2606	0	0	0	0	0	0	5030	0	344	526	842	2694	1624	3008	134	3448	3596	0	0	0	0	0	0	530	0	912	0	0	0	0	0	0	0	0	0	0	0	0	0	0	0	0	0	0	0	0	0	0	0	0	0	0	0	0	0	6798	3730	4524	532	0	0	0	0	0	0	0	0	450	0	0	0	0	0	0	0	0	0	0	0	0	0	0	0	0	0	0	0	0	0	0	0	0	0	0	0	0	0	0	0	0	0	
88460	Olfactory_R	0	0	0	894	0	1038	0	0	0	0	0	0	0	0	0	1184	0	0	0	0	5030	0	0	652	100	2046	858	3528	0	2218	2500	5056	0	0	0	0	0	0	0	336	0	882	0	0	0	0	0	0	0	0	0	0	0	0	0	0	0	0	0	0	0	0	0	0	0	0	0	0	0	0	6234	6130	3998	1186	0	0	0	0	0	0	0	0	0	360	0	0	0	0	0	0	0	0	0	0	0	0	0	0	0	0	0	0	0	0	0	0	0	0	0	0	0	0	0	0	0	0	
478256	Frontal_Sup_Medial_L	0	0	46328	17178	2122	444	16564	1336	0	0	790	136	4218	546	1442	0	0	0	6726	2164	0	0	0	31622	2980	1108	256	0	6770	406	29560	26490	5764	21724	0	0	0	0	0	0	0	0	0	0	0	0	0	0	0	0	0	0	0	0	0	0	0	0	0	0	0	0	0	0	0	0	0	0	0	0	1890	1484	6198	2426	0	0	0	456	0	0	0	0	0	0	0	0	0	0	0	0	0	0	0	0	0	0	0	0	0	0	0	0	0	0	0	0	0	0	0	0	0	0	0	0	0	0	
472600	Frontal_Sup_Medial_R	0	0	10894	51590	260	6458	2490	10184	0	450	0	308	740	2204	360	216	0	130	7534	10766	344	652	31622	0	148	7676	182	2274	962	2602	6984	32514	1452	25432	0	0	0	180	0	152	0	0	0	0	0	0	0	0	0	0	0	0	0	0	0	0	0	0	0	0	0	0	0	0	0	0	0	0	0	0	614	3510	564	13852	0	0	0	0	0	0	0	0	0	0	0	0	0	0	0	0	0	0	0	0	0	0	0	0	0	0	0	0	0	0	0	0	0	0	0	0	0	0	0	0	0	0	
35280	Frontal_Med_Orb_L	0	0	2948	0	2546	0	0	0	0	0	0	0	116	0	0	0	0	0	0	0	526	100	2980	148	0	980	1406	132	172	0	4512	226	0	0	0	0	0	0	0	0	0	0	0	0	0	0	0	0	0	0	0	0	0	0	0	0	0	0	0	0	0	0	0	0	0	0	0	0	0	0	488	0	360	0	0	0	0	0	0	0	0	0	0	0	0	0	0	0	0	0	0	0	0	0	0	0	0	0	0	0	0	0	0	0	0	0	0	0	0	0	0	0	0	0	0	0	
108848	Frontal_Med_Orb_R	0	0	658	5714	194	10340	0	0	0	1076	0	0	0	0	0	0	0	0	0	0	842	2046	1108	7676	980	0	322	7606	0	0	3072	5688	0	0	0	0	0	0	0	0	0	0	0	0	0	0	0	0	0	0	0	0	0	0	0	0	0	0	0	0	0	0	0	0	0	0	0	0	0	0	898	2920	460	2824	0	0	0	0	0	0	0	0	0	0	0	0	0	0	0	0	0	0	0	0	0	0	0	0	0	0	0	0	0	0	0	0	0	0	0	0	0	0	0	0	0	0	
48936	Rectus_L	0	0	1322	92	5668	92	0	0	678	0	0	0	0	0	1810	0	0	0	0	0	2694	858	256	182	1406	322	0	624	264	0	2926	740	0	0	0	0	0	0	0	0	194	0	0	0	0	0	0	0	0	0	0	0	0	0	0	0	0	0	0	0	0	0	0	0	0	0	0	0	0	0	2258	250	1832	0	0	0	0	0	0	0	0	0	0	0	0	0	0	0	0	0	0	0	0	0	0	0	0	0	0	0	0	0	0	0	0	0	0	0	0	0	0	0	0	0	0	0	
83104	Rectus_R	0	0	0	2522	0	8318	0	0	0	664	0	0	0	0	0	1548	0	0	0	0	1624	3528	0	2274	132	7606	624	0	0	424	608	3802	0	0	0	0	0	0	0	0	0	144	0	0	0	0	0	0	0	0	0	0	0	0	0	0	0	0	0	0	0	0	0	0	0	0	0	0	0	0	1870	2570	960	2334	0	0	0	0	0	0	0	0	0	0	0	0	0	0	0	0	0	0	0	0	0	0	0	0	0	0	0	0	0	0	0	0	0	0	0	0	0	0	0	0	0	0	
573100	Insula_L	10638	0	41038	584	2476	0	20978	0	996	0	17706	0	32256	0	23030	0	16840	0	13664	762	3008	0	6770	962	172	0	264	0	0	0	7518	926	1012	750	182	98	7564	0	692	0	2890	0	0	0	0	0	0	0	0	0	2212	0	96	0	4164	0	4880	0	494	0	758	0	1048	0	190	0	0	0	154	0	1762	156	17834	0	596	0	780	118	9730	0	13438	0	4236	0	5086	0	0	0	5042	0	0	0	0	0	0	0	0	0	0	0	0	0	0	0	0	0	0	0	0	0	0	0	0	0	0	0	
356396	Insula_R	0	3536	546	16718	0	578	0	7684	0	1026	0	11990	0	16554	0	9288	0	13624	1496	10210	134	2218	406	2602	0	0	0	424	0	0	484	6616	0	782	0	0	0	8586	0	6754	0	1594	0	492	0	154	0	246	0	116	0	170	0	126	0	6410	0	4280	0	0	0	0	0	364	0	0	0	152	0	0	858	3812	374	22228	0	142	0	318	0	3504	0	4824	0	3590	0	710	0	0	0	1478	0	0	0	0	0	0	0	0	0	0	0	0	0	0	0	0	0	0	0	0	0	0	0	0	0	0	
363788	Cingulum_Ant_L	0	0	22848	5106	1850	240	5306	350	0	0	2138	276	3756	308	1264	0	530	0	8410	4010	3448	2500	29560	6984	4512	3072	2926	608	7518	484	0	22840	3672	7032	308	0	0	0	0	0	0	0	0	0	0	0	0	0	0	0	0	0	0	0	0	0	0	0	0	0	0	0	0	0	0	0	0	0	0	0	10284	5208	11874	1662	0	0	0	610	0	0	190	0	210	0	0	0	0	0	0	0	0	0	0	0	0	0	0	0	0	0	0	0	0	0	0	0	0	0	0	0	0	0	0	0	0	0	
582836	Cingulum_Ant_R	0	160	8894	40026	140	2870	2720	4914	0	422	100	1032	532	4810	190	1302	0	160	8556	14758	3596	5056	26490	32514	226	5688	740	3802	926	6616	22840	0	1960	24732	0	0	0	494	0	424	0	98	0	0	0	0	0	0	0	0	0	0	0	0	0	128	0	0	0	0	0	0	0	0	0	0	0	0	0	0	5832	27040	3142	25244	0	100	222	1698	0	0	0	0	0	224	0	0	0	0	0	0	0	0	0	0	0	0	0	0	0	0	0	0	0	0	0	0	0	0	0	0	0	0	0	0	0	0	
128068	Cingulum_Mid_L	552	0	4698	2166	0	0	3920	882	0	0	0	0	1030	0	150	0	0	0	5884	3588	0	0	5764	1452	0	0	0	0	1012	0	3672	1960	0	11448	4126	702	0	0	0	0	0	0	468	0	480	0	0	0	926	0	1170	0	0	0	0	0	0	0	752	0	0	0	0	0	0	0	3082	780	2716	512	0	0	0	142	0	0	0	0	0	0	0	0	0	0	0	0	0	0	0	0	0	0	0	0	0	0	0	0	0	0	0	0	0	0	0	0	0	0	0	0	0	0	0	0	0	0	
540764	Cingulum_Mid_R	1698	642	11864	26154	0	0	4116	4822	0	0	0	158	608	450	306	0	0	134	24834	44158	0	0	21724	25432	0	0	0	0	750	782	7032	24732	11448	0	1060	5020	0	296	0	362	0	0	0	1882	116	3542	0	464	210	3098	146	516	0	0	0	362	0	364	0	246	0	0	0	0	0	0	2190	10906	11052	11012	364	124	266	4794	0	0	146	0	0	0	0	0	0	0	0	0	0	0	0	0	0	0	0	0	0	0	0	0	0	0	0	0	0	0	0	0	0	0	0	0	0	0	0	0	0	0	
106100	Cingulum_Post_L	2900	536	0	180	0	0	0	0	0	0	0	0	0	0	0	0	0	0	124	748	0	0	0	0	0	0	0	0	182	0	308	0	4126	1060	0	8638	3420	3716	1438	2412	0	0	1978	206	1526	146	878	678	598	0	260	0	0	0	1044	1284	694	262	0	0	0	0	0	0	0	0	4616	1742	5024	542	0	0	0	0	0	0	202	964	0	0	0	0	0	0	618	0	0	0	0	0	0	0	0	0	0	0	0	0	0	0	0	0	0	0	0	0	0	0	0	0	0	0	0	0	0	0	
124456	Cingulum_Post_R	868	1270	0	160	0	0	0	0	0	0	0	0	0	0	0	0	0	0	92	2636	0	0	0	0	0	0	0	0	98	0	0	0	702	5020	8638	0	2316	5498	776	4422	0	0	0	2282	116	654	0	3772	0	0	0	0	0	0	0	4368	0	1598	0	0	0	0	0	0	0	0	722	9744	1012	3986	0	0	0	0	0	0	0	674	0	0	0	0	0	0	0	0	0	0	0	102	0	0	0	0	0	0	0	130	0	0	0	0	0	0	0	0	0	0	0	0	572	0	0	0	0	0	
149428	Hippocampus_L	3734	0	790	654	0	0	0	0	0	0	0	0	0	0	102	0	0	0	0	560	0	0	0	0	0	0	0	0	7564	0	0	0	0	0	3420	2316	0	2712	6328	1502	7068	0	680	0	0	0	1290	398	0	0	0	0	0	0	8680	472	484	0	0	0	170	0	130	0	0	0	1026	436	0	0	604	0	2880	0	350	0	4054	1554	1104	0	1206	0	602	0	2114	0	166	0	9344	0	0	0	0	0	0	0	220	0	0	0	0	0	0	0	0	0	0	0	0	0	0	0	0	0	0	0	
350348	Hippocampus_R	424	3018	0	4742	0	0	0	932	0	94	0	676	0	136	0	220	0	1756	150	3424	0	0	0	180	0	0	0	0	0	8586	0	494	0	296	3716	5498	2712	0	948	40160	0	10700	0	1050	0	240	0	4326	0	124	0	0	0	0	0	34724	0	1496	0	200	0	130	0	438	0	0	0	3416	378	344	0	1694	0	18634	0	342	234	4606	0	1180	0	2396	0	248	0	772	0	308	0	8092	0	0	0	0	0	0	0	590	0	0	0	0	0	0	0	0	0	0	0	0	350	0	0	0	0	0	
50312	ParaHippocampal_L	0	0	0	0	0	0	0	0	0	0	0	0	0	0	134	0	0	0	0	0	530	0	0	0	0	0	0	0	692	0	0	0	0	0	1438	776	6328	948	0	608	1812	0	400	0	0	0	1216	0	0	0	0	0	0	0	3476	266	0	0	0	0	0	0	0	0	0	0	680	104	0	0	0	0	138	0	0	0	540	500	0	0	0	0	2350	0	122	0	868	0	554	0	0	0	0	0	230	0	354	0	92	0	0	0	0	0	0	0	0	0	0	0	0	0	0	0	0	0	
293948	ParaHippocampal_R	410	2258	0	2990	0	0	0	736	0	94	0	662	0	150	0	336	0	844	0	2490	0	336	0	152	0	0	0	0	0	6754	0	424	0	362	2412	4422	1502	40160	608	0	0	6056	0	1010	0	282	0	4202	0	162	0	0	0	0	0	31590	0	1338	0	246	0	140	0	450	0	0	0	2982	368	442	0	1206	0	14714	0	298	174	3374	0	1352	0	2060	0	1228	0	462	0	790	0	2578	0	144	0	0	0	152	0	728	0	186	0	0	0	0	0	0	0	0	0	0	158	0	0	0	0	0	
43960	Amygdala_L	0	0	0	0	644	0	0	0	0	0	0	0	0	0	802	0	0	0	0	0	912	0	0	0	0	0	194	0	2890	0	0	0	0	0	0	0	7068	0	1812	0	0	0	0	0	0	0	0	0	0	0	0	0	0	0	3474	0	0	0	0	0	0	0	0	0	0	0	0	0	0	0	0	0	274	0	0	0	262	0	0	0	0	0	760	0	98	0	180	0	2610	0	0	0	0	0	0	0	0	0	0	0	0	0	0	0	0	0	0	0	0	0	0	0	0	0	0	0	
69880	Amygdala_R	0	0	0	356	0	0	0	156	0	0	0	0	0	0	0	142	0	0	0	288	0	882	0	0	0	0	0	144	0	1594	0	98	0	0	0	0	0	10700	0	6056	0	0	0	0	0	0	0	0	0	0	0	0	0	0	0	6312	0	0	0	0	0	0	0	0	0	0	0	0	0	0	0	196	0	2996	0	0	0	0	0	0	0	0	0	1248	0	0	0	724	0	3048	0	0	0	0	0	0	0	0	0	0	0	0	0	0	0	0	0	0	0	0	0	0	0	0	0	0	
164072	Calcarine_L	472	0	0	0	0	0	0	0	0	0	0	0	0	0	0	0	0	0	0	0	0	0	0	0	0	0	0	0	0	0	0	0	468	0	1978	0	680	0	400	0	0	0	0	4252	10034	1868	8340	2296	8560	648	16932	202	3054	0	1494	130	1212	0	218	0	0	0	0	0	0	0	12452	358	1392	0	0	0	0	0	0	0	0	0	0	0	0	0	0	0	3986	0	0	0	506	0	0	0	0	0	0	0	104	0	0	0	0	0	0	0	0	0	0	0	0	0	0	0	0	0	0	0	
391088	Calcarine_R	0	2048	0	0	0	0	0	0	0	0	0	214	0	0	0	0	0	120	0	1600	0	0	0	0	0	0	0	0	0	492	0	0	0	1882	206	2282	0	1050	0	1010	0	0	4252	0	4544	28896	384	24860	0	24650	0	19666	0	7538	0	16634	0	2900	0	3534	0	760	0	338	0	1516	1444	30024	440	4490	0	112	0	96	0	0	0	0	0	986	0	720	0	0	0	2720	0	0	0	2420	0	0	0	0	0	0	0	0	0	450	0	0	0	0	0	0	0	0	0	0	266	0	0	0	0	0	
163540	Cuneus_L	144	0	0	0	0	0	0	0	0	0	0	0	0	0	0	0	0	0	0	0	0	0	0	0	0	0	0	0	0	0	0	0	480	116	1526	116	0	0	0	0	0	0	10034	4544	0	8396	1042	368	19350	1220	9336	370	320	0	252	130	668	0	2580	0	0	0	0	0	0	0	14206	4158	1122	0	0	0	0	0	0	0	0	0	0	0	0	0	0	0	1134	0	0	0	158	0	0	0	0	0	0	0	0	0	0	0	0	0	0	0	0	0	0	0	0	0	0	0	0	0	0	0	
290632	Cuneus_R	0	1154	0	0	0	0	0	0	0	0	0	136	0	0	0	0	0	0	0	1268	0	0	0	0	0	0	0	0	0	154	0	0	0	3542	146	654	0	240	0	282	0	0	1868	28896	8396	0	0	4478	140	32214	0	9956	0	1054	0	2342	0	3194	0	5988	0	0	0	0	0	244	5558	25578	0	6266	0	0	0	0	0	0	0	0	0	282	0	310	0	0	0	678	0	0	0	298	0	0	0	0	0	0	0	0	0	0	0	0	0	0	0	0	0	0	0	0	0	0	0	0	0	0	
155728	Lingual_L	240	0	0	0	0	0	0	0	0	0	0	0	0	0	0	0	110	0	0	0	0	0	0	0	0	0	0	0	0	0	0	0	0	0	878	0	1290	0	1216	0	0	0	8340	384	1042	0	0	522	2126	0	12762	0	5680	0	12396	0	424	0	0	0	0	0	0	0	138	0	4234	0	248	0	0	0	0	0	0	0	118	0	0	0	116	0	0	0	874	0	0	0	144	0	3258	310	204	188	792	0	7724	0	8154	232	0	0	0	0	248	0	0	0	0	0	1708	1214	366	0	0	184	
234776	Lingual_R	0	468	0	0	0	0	0	0	0	0	0	0	0	0	0	0	0	0	0	348	0	0	0	0	0	0	0	0	0	246	0	0	0	464	678	3772	398	4326	0	4202	0	0	2296	24860	368	4478	522	0	0	5008	0	3978	0	3368	120	15562	0	498	0	352	0	0	0	0	0	0	216	12720	0	686	0	0	0	0	0	0	0	236	0	146	0	180	0	0	0	364	0	0	0	362	1024	3316	218	198	0	160	262	3312	1372	6386	0	0	0	0	0	118	0	0	0	0	3188	4970	1398	126	118	0	
155052	Occipital_Sup_L	92	0	0	0	0	0	0	0	0	0	0	0	0	0	0	0	0	0	0	0	0	0	0	0	0	0	0	0	0	0	0	0	926	210	598	0	0	0	0	0	0	0	8560	0	19350	140	2126	0	0	0	22942	0	722	0	458	0	156	0	8466	0	1066	0	0	0	0	0	10628	482	342	0	0	0	0	0	0	0	0	0	0	0	0	0	0	0	262	0	0	0	0	0	0	0	0	0	0	0	0	0	0	0	0	0	0	0	0	0	0	0	0	0	0	0	0	0	0	0	
380952	Occipital_Sup_R	0	1468	0	0	0	0	0	0	0	0	0	134	0	0	0	0	0	94	0	932	0	0	0	0	0	0	0	0	0	116	0	0	0	3098	0	0	0	124	0	162	0	0	648	24650	1220	32214	0	5008	0	0	0	31640	0	1908	0	3258	0	6732	0	13860	0	5750	0	1842	0	8956	3944	25206	0	9072	0	0	0	0	0	0	0	0	0	342	0	758	0	0	0	5702	0	0	0	1532	0	0	0	0	0	0	0	0	0	106	0	0	0	0	0	0	0	0	0	0	0	0	0	0	0	0	
431612	Occipital_Mid_L	7156	0	0	0	0	0	0	0	0	0	0	0	0	0	0	0	2402	0	0	0	0	0	0	0	0	0	0	0	2212	0	0	0	1170	146	260	0	0	0	0	0	0	0	16932	0	9336	0	12762	0	22942	0	0	0	19614	0	7430	0	8398	0	18226	0	17324	0	2002	0	16222	0	8780	136	3628	0	0	0	0	0	0	0	0	0	1428	0	3936	0	0	0	24300	0	0	0	9064	0	0	0	0	0	0	0	0	0	0	0	0	0	0	0	0	0	0	0	0	0	0	0	0	0	0	0	
295544	Occipital_Mid_R	0	400	0	0	0	0	0	0	0	0	0	0	0	0	0	0	0	0	0	142	0	0	0	0	0	0	0	0	0	170	0	0	0	516	0	0	0	0	0	0	0	0	202	19666	370	9956	0	3978	0	31640	0	0	0	7050	0	4566	0	2992	0	4464	0	6914	0	1298	0	17936	860	8904	0	2566	0	0	0	0	0	0	0	0	0	388	0	2054	0	0	0	16230	0	0	0	4510	0	0	0	0	0	0	0	0	0	0	0	0	0	0	0	0	0	0	0	0	0	0	0	0	0	0	
104072	Occipital_Inf_L	850	0	0	0	0	0	0	0	0	0	0	0	0	0	0	0	300	0	0	0	0	0	0	0	0	0	0	0	96	0	0	0	0	0	0	0	0	0	0	0	0	0	3054	0	320	0	5680	0	722	0	19614	0	0	0	8614	0	1354	0	392	0	374	0	0	0	258	0	1130	0	638	0	0	0	0	0	0	0	0	0	172	0	562	0	0	0	4520	0	0	0	3386	0	0	0	0	0	0	0	0	0	0	0	0	0	0	0	0	0	0	0	0	0	0	0	0	0	0	0	
78772	Occipital_Inf_R	0	306	0	0	0	0	0	0	0	0	0	0	0	0	0	0	0	0	0	0	0	0	0	0	0	0	0	0	0	126	0	0	0	0	0	0	0	0	0	0	0	0	0	7538	0	1054	0	3368	0	1908	0	7050	0	0	0	8296	0	596	0	558	0	0	0	0	0	292	0	1848	0	192	0	0	0	0	0	0	0	0	0	160	0	436	0	0	0	1532	0	0	0	4126	0	0	0	0	0	0	0	0	0	0	0	0	0	0	0	0	0	0	0	0	0	0	0	0	0	0	
263356	Fusiform_L	2500	0	298	0	0	0	0	0	0	0	0	0	0	0	0	0	452	0	0	0	0	0	0	0	0	0	0	0	4164	0	0	0	0	0	1044	0	8680	0	3476	0	3474	0	1494	0	252	0	12396	120	458	0	7430	0	8614	0	0	0	878	0	212	0	226	0	134	0	192	0	870	0	1160	0	0	0	518	0	0	0	114	0	2406	0	1348	0	2928	0	3178	0	1512	0	10766	0	16406	0	278	136	0	0	8918	0	21104	0	0	0	228	0	420	0	0	0	0	0	1506	1114	274	0	0	0	
446608	Fusiform_R	382	2598	0	1226	0	0	0	310	0	0	0	566	0	0	0	106	0	826	0	1472	0	0	0	0	0	0	0	0	0	6410	0	128	0	362	1284	4368	472	34724	266	31590	0	6312	130	16634	130	2342	0	15562	0	3258	0	4566	0	8296	0	0	0	1740	0	366	0	186	0	538	0	0	0	7678	390	702	0	556	0	9600	0	124	0	1886	0	1772	0	3426	0	3100	0	2324	0	2090	0	15480	146	7106	0	126	0	172	0	4936	182	10780	0	0	0	0	0	0	0	0	0	0	1208	1826	544	0	0	0	
269068	Postcentral_L	31904	500	5768	146	0	0	1840	0	0	0	7122	0	140	0	0	0	11150	0	1750	1280	0	0	0	0	0	0	0	0	4880	0	0	0	0	0	694	0	484	0	0	0	0	0	1212	0	668	0	424	0	156	0	8398	0	1354	0	878	0	0	0	6682	0	12738	0	9526	0	372	0	4426	0	9772	0	462	0	1940	0	864	0	254	0	3136	0	1820	0	0	0	1462	0	0	0	332	0	0	0	0	0	0	0	0	0	0	0	0	0	0	0	0	0	0	0	0	0	0	0	0	0	0	0	
312528	Postcentral_R	392	33700	0	1730	0	0	0	2846	0	0	0	4368	0	0	0	0	0	5658	0	1450	0	0	0	0	0	0	0	0	0	4280	0	0	0	364	262	1598	0	1496	0	1338	0	0	0	2900	0	3194	0	498	0	6732	0	2992	0	596	0	1740	0	0	0	16402	0	6846	0	13504	0	994	2262	17252	672	9228	456	2576	0	2192	0	402	0	250	0	892	0	1410	0	0	0	1436	0	0	0	1356	0	0	0	0	0	0	0	0	0	0	0	0	0	0	0	0	0	0	0	0	0	0	0	0	0	0	
141928	Parietal_Sup_L	1904	0	0	0	0	0	0	0	0	0	0	0	0	0	0	0	844	0	0	0	0	0	0	0	0	0	0	0	494	0	0	0	752	0	0	0	0	0	0	0	0	0	218	0	2580	0	0	0	8466	0	18226	0	392	0	212	0	6682	0	0	0	11910	0	0	0	1570	0	13924	114	1336	0	0	0	0	0	0	0	0	0	92	0	1044	0	0	0	204	0	0	0	0	0	0	0	0	0	0	0	0	0	0	0	0	0	0	0	0	0	0	0	0	0	0	0	0	0	0	0	
175816	Parietal_Sup_R	0	2380	0	0	0	0	0	0	0	0	0	346	0	0	0	0	0	830	0	434	0	0	0	0	0	0	0	0	0	0	0	0	0	246	0	0	0	200	0	246	0	0	0	3534	0	5988	0	352	0	13860	0	4464	0	558	0	366	0	16402	0	0	0	4898	0	1336	0	4544	2456	18588	144	3170	0	296	0	148	0	0	0	0	0	176	0	380	0	0	0	512	0	0	0	1054	0	0	0	0	0	0	0	0	0	0	0	0	0	0	0	0	0	0	0	0	0	0	0	0	0	0	
161684	Parietal_Inf_L	7604	0	0	0	0	0	0	0	0	0	0	0	0	0	0	0	1098	0	190	400	0	0	0	0	0	0	0	0	758	0	0	0	0	0	0	0	170	0	0	0	0	0	0	0	0	0	0	0	1066	0	17324	0	374	0	226	0	12738	0	11910	0	0	0	8622	0	11706	0	168	0	1234	0	114	0	188	98	96	0	0	0	268	0	2300	0	0	0	2034	0	0	0	156	0	0	0	0	0	0	0	0	0	0	0	0	0	0	0	0	0	0	0	0	0	0	0	0	0	0	0	
102252	Parietal_Inf_R	0	1920	0	0	0	0	0	176	0	0	0	560	0	0	0	0	0	0	0	0	0	0	0	0	0	0	0	0	0	0	0	0	0	0	0	0	0	130	0	140	0	0	0	760	0	0	0	0	0	5750	0	6914	0	0	0	186	0	6846	0	4898	0	0	0	8442	0	12262	0	1446	0	0	0	168	0	0	0	0	0	0	0	0	0	134	0	0	0	298	0	0	0	96	0	0	0	0	0	0	0	0	0	0	0	0	0	0	0	0	0	0	0	0	0	0	0	0	0	0	
79068	SupraMarginal_L	3570	0	0	0	0	0	0	0	0	0	0	0	0	0	0	0	1240	0	0	0	0	0	0	0	0	0	0	0	1048	0	0	0	0	0	0	0	130	0	0	0	0	0	0	0	0	0	0	0	0	0	2002	0	0	0	134	0	9526	0	0	0	8622	0	0	0	5252	0	0	0	0	0	0	0	194	0	94	0	0	0	542	0	4350	0	0	0	2694	0	0	0	136	0	0	0	0	0	0	0	0	0	0	0	0	0	0	0	0	0	0	0	0	0	0	0	0	0	0	0	
101748	SupraMarginal_R	0	5898	0	264	0	0	0	730	0	0	0	1146	0	0	0	0	0	2588	0	176	0	0	0	0	0	0	0	0	0	364	0	0	0	0	0	0	0	438	0	450	0	0	0	338	0	0	0	0	0	1842	0	1298	0	0	0	538	0	13504	0	1336	0	8442	0	0	0	3390	0	868	0	0	0	826	0	188	0	0	0	0	0	406	0	3036	0	0	0	1408	0	0	0	1400	0	0	0	0	0	0	0	0	0	0	0	0	0	0	0	0	0	0	0	0	0	0	0	0	0	0	
95372	Angular_L	1132	0	0	0	0	0	0	0	0	0	0	0	0	0	0	0	420	0	0	0	0	0	0	0	0	0	0	0	190	0	0	0	0	0	0	0	0	0	0	0	0	0	0	0	0	0	138	0	0	0	16222	0	258	0	192	0	372	0	1570	0	11706	0	5252	0	0	0	0	0	138	0	0	0	0	0	0	0	0	0	0	0	2074	0	0	0	7038	0	0	0	984	0	0	0	0	0	0	0	0	0	0	0	0	0	0	0	0	0	0	0	0	0	0	0	0	0	0	0	
130360	Angular_R	0	142	0	0	0	0	0	0	0	0	0	0	0	0	0	0	0	0	0	0	0	0	0	0	0	0	0	0	0	0	0	0	0	0	0	0	0	0	0	0	0	0	0	1516	0	244	0	0	0	8956	0	17936	0	292	0	0	0	994	0	4544	0	12262	0	3390	0	0	136	904	0	162	0	0	0	0	0	0	0	0	0	0	0	5118	0	0	0	7730	0	0	0	854	0	0	0	0	0	0	0	0	0	0	0	0	0	0	0	0	0	0	0	0	0	0	0	0	0	0	
257900	Precuneus_L	694	100	0	0	0	0	0	0	0	0	0	0	0	0	0	0	0	0	0	174	0	0	0	0	0	0	0	0	0	0	0	0	3082	2190	4616	722	1026	0	680	0	0	0	12452	1444	14206	5558	4234	216	10628	3944	8780	860	1130	0	870	0	4426	2262	13924	2456	168	0	0	0	0	136	0	14954	3968	3876	0	0	0	0	0	0	0	0	0	0	0	108	0	0	3218	1046	0	0	216	298	0	0	0	0	0	0	288	0	0	0	0	0	0	0	0	0	0	0	0	0	0	0	0	0	0	0	
483388	Precuneus_R	106	4606	0	0	0	0	0	0	0	0	0	398	0	0	0	0	0	578	0	4090	0	0	0	0	0	0	0	0	0	152	0	0	780	10906	1742	9744	436	3416	104	2982	0	0	358	30024	4158	25578	0	12720	482	25206	136	8904	0	1848	0	7678	0	17252	114	18588	0	1446	0	868	0	904	14954	0	820	18728	0	306	0	178	0	0	0	210	0	442	0	1004	0	0	0	4552	0	0	0	2634	0	0	0	0	0	0	0	434	0	0	0	0	0	0	0	0	0	0	0	0	1128	0	0	0	0	0	
204264	Paracentral_Lobule_L	17708	2484	0	4430	0	0	0	0	0	0	0	0	0	0	0	0	0	0	4122	16746	0	0	0	0	0	0	0	0	154	0	0	0	2716	11052	5024	1012	0	378	0	368	0	0	1392	440	1122	0	248	0	342	0	3628	0	638	0	1160	390	9772	672	1336	144	1234	0	0	0	138	0	3968	820	0	3852	534	358	0	0	0	0	208	296	0	0	512	0	0	0	2476	0	0	0	258	0	0	0	0	0	0	0	0	0	0	0	0	0	0	0	0	0	0	0	0	0	0	0	0	0	0	0	
202892	Paracentral_Lobule_R	664	4478	0	798	0	0	0	0	0	0	0	0	0	0	0	0	0	0	462	12272	0	0	0	0	0	0	0	0	0	0	0	0	512	11012	542	3986	0	344	0	442	0	0	0	4490	0	6266	0	686	0	9072	0	2566	0	192	0	702	0	9228	0	3170	0	0	0	0	0	162	3876	18728	3852	0	0	0	0	0	0	0	0	0	0	0	0	284	0	0	0	2012	0	0	0	648	0	0	0	0	0	0	0	0	0	0	0	0	0	0	0	0	0	0	0	0	0	0	0	0	0	0	
254188	Caudate_L	2572	1324	10538	7596	700	472	1136	192	0	0	616	1020	198	132	446	0	208	0	3528	8520	6798	6234	1890	614	488	898	2258	1870	1762	858	10284	5832	0	364	0	0	604	0	0	0	0	0	0	0	0	0	0	0	0	0	0	0	0	0	0	0	462	456	0	0	114	0	0	0	0	0	0	0	534	0	0	11064	18924	1346	3106	0	9812	1324	0	0	0	0	0	0	0	0	0	0	0	0	0	0	0	0	0	0	0	0	0	0	0	0	0	0	0	0	0	0	0	0	0	0	0	0	0	0	
374812	Caudate_R	346	3958	1026	24356	0	2248	282	2352	0	468	0	2562	0	832	0	748	0	1928	2754	23356	3730	6130	1484	3510	0	2920	250	2570	156	3812	5208	27040	0	124	0	0	0	1694	0	1206	0	196	0	112	0	0	0	0	0	0	0	0	0	0	0	556	0	2576	0	296	0	168	0	826	0	0	0	306	358	0	11064	0	3682	21118	0	3152	444	14996	0	0	0	166	0	340	0	0	0	0	0	0	0	0	0	0	0	0	0	0	0	0	0	0	0	0	0	0	0	0	0	0	0	0	0	0	0	0	
296164	Putamen_L	6704	0	23368	1496	5108	222	2260	0	1632	0	1596	380	666	0	7392	0	470	0	2446	1600	4524	3998	6198	564	360	460	1832	960	17834	374	11874	3142	0	266	0	0	2880	0	138	0	274	0	0	0	0	0	0	0	0	0	0	0	0	0	518	0	1940	0	0	0	188	0	194	0	0	0	0	0	0	0	18924	3682	0	714	7834	0	822	0	214	0	990	0	234	0	244	0	0	0	566	0	0	0	0	0	0	0	0	0	0	0	0	0	0	0	0	0	0	0	0	0	0	0	0	0	0	0	
463108	Putamen_R	180	2194	856	31430	0	4490	302	7220	0	1528	0	3296	0	3736	0	3708	0	2772	1866	11616	532	1186	2426	13852	0	2824	0	2334	0	22228	1662	25244	142	4794	0	0	0	18634	0	14714	0	2996	0	96	0	0	0	0	0	0	0	0	0	0	0	9600	0	2192	0	148	98	0	0	188	0	0	0	178	0	0	1346	21118	714	0	0	2702	98	1554	0	90	0	654	0	520	0	130	0	0	0	1366	0	0	0	0	0	0	0	0	0	0	0	0	0	0	0	0	0	0	0	0	0	0	0	0	0	0	
51396	Pallidum_L	2890	0	2998	570	0	0	1898	0	0	0	778	0	0	0	0	0	334	0	226	652	0	0	0	0	0	0	0	0	596	0	0	0	0	0	0	0	350	0	0	0	0	0	0	0	0	0	0	0	0	0	0	0	0	0	0	0	864	0	0	0	96	0	94	0	0	0	0	0	0	0	3106	0	7834	0	0	0	2292	0	120	0	0	0	0	0	0	0	0	0	0	0	0	0	0	0	0	0	0	0	0	0	0	0	0	0	0	0	0	0	0	0	0	0	0	0	0	0	
20824	Pallidum_R	0	258	102	962	0	0	96	536	0	0	0	0	0	0	0	0	0	354	0	842	0	0	0	0	0	0	0	0	0	142	0	100	0	0	0	0	0	342	0	298	0	0	0	0	0	0	0	0	0	0	0	0	0	0	0	124	0	402	0	0	0	0	0	0	0	0	0	0	0	0	0	3152	0	2702	0	0	0	0	0	0	0	0	0	0	0	0	0	0	0	0	0	0	0	0	0	0	0	0	0	0	0	0	0	0	0	0	0	0	0	0	0	0	0	0	0	0	
95392	Thalamus_L	13514	482	126	5036	0	0	108	0	0	0	0	0	0	0	0	0	0	0	156	4622	0	0	0	0	0	0	0	0	780	0	0	222	0	146	202	0	4054	234	540	174	262	0	0	0	0	0	118	0	0	0	0	0	0	0	114	0	254	0	0	0	0	0	0	0	0	0	0	0	208	0	9812	444	822	98	2292	0	0	2876	0	0	0	0	0	0	0	0	0	0	0	0	0	0	0	0	0	0	0	0	0	0	0	0	0	0	0	0	0	0	0	0	0	0	0	0	0	0	
179264	Thalamus_R	428	7880	0	25952	0	0	0	288	0	0	0	0	0	0	0	0	0	0	0	16584	0	0	456	0	0	0	0	0	118	318	610	1698	0	0	964	674	1554	4606	500	3374	0	0	0	0	0	0	0	236	0	0	0	0	0	0	0	1886	0	250	0	0	0	0	0	0	0	0	0	210	296	0	1324	14996	0	1554	0	0	2876	0	0	0	0	0	0	0	0	0	0	0	0	0	0	0	0	0	0	0	0	0	0	0	0	0	0	0	0	0	0	0	0	0	0	0	0	0	0	0	
75952	Heschl_L	6558	0	604	0	0	0	238	0	0	0	1188	0	0	0	0	0	3810	0	0	0	0	0	0	0	0	0	0	0	9730	0	0	0	0	0	0	0	1104	0	0	0	0	0	0	0	0	0	0	0	0	0	1428	0	172	0	2406	0	3136	0	92	0	268	0	542	0	0	0	0	0	0	0	0	0	214	0	120	0	0	0	0	0	2840	0	0	0	3008	0	0	0	518	0	0	0	0	0	0	0	0	0	0	0	0	0	0	0	0	0	0	0	0	0	0	0	0	0	0	0	
41148	Heschl_R	0	370	0	0	0	0	0	0	0	0	0	150	0	0	0	0	0	1380	0	0	0	0	0	0	0	0	0	0	0	3504	0	0	0	0	0	0	0	1180	0	1352	0	0	0	986	0	282	0	146	0	342	0	388	0	160	0	1772	0	892	0	176	0	0	0	406	0	0	0	442	0	0	0	0	0	90	0	0	0	0	0	0	0	5906	0	0	0	494	0	0	0	156	0	0	0	0	0	0	0	0	0	0	0	0	0	0	0	0	0	0	0	0	0	0	0	0	0	0	
225128	Temporal_Sup_L	5618	0	8002	0	0	0	1752	0	0	0	6206	0	378	0	0	0	13462	0	3148	0	0	0	0	0	0	0	0	0	13438	0	190	0	0	0	0	0	1206	0	0	0	0	0	0	0	0	0	116	0	0	0	3936	0	562	0	1348	0	1820	0	1044	0	2300	0	4350	0	2074	0	0	0	512	0	0	0	990	0	0	0	0	0	2840	0	0	0	3932	0	23452	0	156	0	9732	0	0	0	0	0	0	0	0	0	0	0	0	0	0	0	0	0	0	0	0	0	0	0	0	0	0	0	
137044	Temporal_Sup_R	0	940	0	480	0	0	0	112	0	0	0	584	0	0	0	682	0	4572	0	458	0	0	0	0	0	0	0	0	0	4824	0	0	0	0	0	0	0	2396	0	2060	0	0	0	720	0	310	0	180	0	758	0	2054	0	436	0	3426	0	1410	0	380	0	134	0	3036	0	5118	108	1004	0	284	0	166	0	654	0	0	0	0	0	5906	0	0	0	2972	0	17460	0	380	0	4518	0	0	0	0	0	0	0	0	0	0	0	0	0	0	0	0	0	0	0	0	0	0	0	0	0	0	
92424	Temporal_Pole_Sup_L	0	0	1928	0	286	0	300	0	0	0	2716	0	954	0	1760	0	2678	0	1490	0	450	0	0	0	0	0	0	0	4236	0	210	0	0	0	0	0	602	0	2350	0	760	0	0	0	0	0	0	0	0	0	0	0	0	0	2928	0	0	0	0	0	0	0	0	0	0	0	0	0	0	0	0	0	234	0	0	0	0	0	0	0	3932	0	0	0	7110	0	5620	0	5668	0	0	0	0	0	0	0	0	0	0	0	0	0	0	0	0	0	0	0	0	0	0	0	0	0	0	0	
62752	Temporal_Pole_Sup_R	0	0	0	1782	0	0	0	262	0	0	0	1444	0	134	0	1608	0	2340	178	1642	0	360	0	0	0	0	0	0	0	3590	0	224	0	0	0	0	0	248	0	1228	0	1248	0	0	0	0	0	0	0	0	0	0	0	0	0	3100	0	0	0	0	0	0	0	0	0	0	0	0	0	0	0	340	0	520	0	0	0	0	0	0	0	2972	0	0	0	1974	0	4264	0	1918	0	0	0	0	0	0	0	0	0	0	0	0	0	0	0	0	0	0	0	0	0	0	0	0	0	0	
303632	Temporal_Mid_L	6546	0	488	0	0	0	0	0	0	0	136	0	0	0	0	0	1148	0	0	0	0	0	0	0	0	0	0	0	5086	0	0	0	0	0	618	0	2114	0	122	0	98	0	3986	0	1134	0	874	0	262	0	24300	0	4520	0	3178	0	1462	0	204	0	2034	0	2694	0	7038	0	3218	0	2476	0	0	0	244	0	0	0	0	0	3008	0	23452	0	7110	0	0	0	4468	0	39798	0	0	0	0	0	0	0	0	0	0	0	0	0	0	0	0	0	0	0	0	0	0	0	0	0	0	0	
186944	Temporal_Mid_R	0	148	0	0	0	0	0	0	0	0	0	0	0	0	0	0	0	110	0	0	0	0	0	0	0	0	0	0	0	710	0	0	0	0	0	0	0	772	0	462	0	0	0	2720	0	678	0	364	0	5702	0	16230	0	1532	0	2324	0	1436	0	512	0	298	0	1408	0	7730	1046	4552	0	2012	0	0	0	130	0	0	0	0	0	494	0	17460	0	1974	0	0	0	1584	0	21084	0	0	0	0	0	0	0	0	0	0	0	0	0	0	0	0	0	0	0	0	0	0	0	0	0	0	
34608	Temporal_Pole_Mid_L	0	0	0	0	0	0	0	0	0	0	0	0	0	0	0	0	0	0	0	0	0	0	0	0	0	0	0	0	0	0	0	0	0	0	0	0	166	0	868	0	180	0	0	0	0	0	0	0	0	0	0	0	0	0	1512	0	0	0	0	0	0	0	0	0	0	0	0	0	0	0	0	0	0	0	0	0	0	0	0	0	156	0	5620	0	4468	0	0	0	4334	0	0	0	0	0	0	0	0	0	0	0	0	0	0	0	0	0	0	0	0	0	0	0	0	0	0	0	
24872	Temporal_Pole_Mid_R	0	0	0	0	0	0	0	0	0	0	0	0	0	0	0	0	0	0	0	0	0	0	0	0	0	0	0	0	0	0	0	0	0	0	0	0	0	308	0	790	0	724	0	0	0	0	0	0	0	0	0	0	0	0	0	2090	0	0	0	0	0	0	0	0	0	0	0	0	0	0	0	0	0	0	0	0	0	0	0	0	0	380	0	4264	0	1584	0	0	0	2296	0	0	0	0	0	0	0	0	0	0	0	0	0	0	0	0	0	0	0	0	0	0	0	0	0	0	
223960	Temporal_Inf_L	892	0	1046	0	0	0	0	0	0	0	0	0	0	0	0	0	398	0	0	0	0	0	0	0	0	0	0	0	5042	0	0	0	0	0	0	0	9344	0	554	0	2610	0	506	0	158	0	144	0	0	0	9064	0	3386	0	10766	0	332	0	0	0	156	0	136	0	984	0	216	0	258	0	0	0	566	0	0	0	0	0	518	0	9732	0	5668	0	39798	0	4334	0	0	0	3434	0	476	0	0	0	232	0	806	0	188	0	236	0	0	0	0	0	0	0	0	0	0	0	0	0	
168664	Temporal_Inf_R	0	134	0	0	0	0	0	0	0	0	0	0	0	0	0	0	0	384	0	110	0	0	0	0	0	0	0	0	0	1478	0	0	0	0	0	102	0	8092	0	2578	0	3048	0	2420	0	298	0	362	0	1532	0	4510	0	4126	0	15480	0	1356	0	1054	0	96	0	1400	0	854	298	2634	0	648	0	0	0	1366	0	0	0	0	0	156	0	4518	0	1918	0	21084	0	2296	0	0	0	0	0	0	0	0	0	0	0	0	0	0	0	0	0	0	0	0	0	0	0	0	0	0	0	0	
324172	Cerebelum_Crus1_L	0	0	0	0	0	0	0	0	0	0	0	0	0	0	0	0	0	0	0	0	0	0	0	0	0	0	0	0	0	0	0	0	0	0	0	0	0	0	0	0	0	0	0	0	0	0	3258	1024	0	0	0	0	0	0	16406	146	0	0	0	0	0	0	0	0	0	0	0	0	0	0	0	0	0	0	0	0	0	0	0	0	0	0	0	0	0	0	0	0	3434	0	0	1088	24194	1088	562	0	16494	0	50470	938	10346	0	14326	112	2386	300	754	0	100	184	2172	6370	4012	724	668	530	
317664	Cerebelum_Crus1_R	0	0	0	0	0	0	0	0	0	0	0	0	0	0	0	0	0	0	0	0	0	0	0	0	0	0	0	0	0	0	0	0	0	0	0	0	0	0	0	144	0	0	0	0	0	0	310	3316	0	0	0	0	0	0	0	7106	0	0	0	0	0	0	0	0	0	0	0	0	0	0	0	0	0	0	0	0	0	0	0	0	0	0	0	0	0	0	0	0	0	0	1088	0	474	25970	0	2942	458	19580	1026	47072	172	2352	156	13286	0	3518	0	156	98	1726	6406	8642	7584	2370	2060	820	
236956	Cerebelum_Crus2_L	0	0	0	0	0	0	0	0	0	0	0	0	0	0	0	0	0	0	0	0	0	0	0	0	0	0	0	0	0	0	0	0	0	0	0	0	0	0	0	0	0	0	0	0	0	0	204	218	0	0	0	0	0	0	278	0	0	0	0	0	0	0	0	0	0	0	0	0	0	0	0	0	0	0	0	0	0	0	0	0	0	0	0	0	0	0	0	0	476	0	24194	474	0	5998	0	0	1214	0	3770	260	31544	1594	28902	3320	2450	736	1668	0	0	0	0	1006	7822	1538	594	218	
240732	Cerebelum_Crus2_R	0	0	0	0	0	0	0	0	0	0	0	0	0	0	0	0	0	0	0	0	0	0	0	0	0	0	0	0	0	0	0	0	0	0	0	0	0	0	0	0	0	0	0	0	0	0	188	198	0	0	0	0	0	0	136	126	0	0	0	0	0	0	0	0	0	0	0	0	0	0	0	0	0	0	0	0	0	0	0	0	0	0	0	0	0	0	0	0	0	0	1088	25970	5998	0	0	636	346	1830	610	6342	4444	18742	2844	27926	0	4178	0	136	0	698	1872	1876	9698	2878	1234	372	
20360	Cerebelum_3_L	0	0	0	0	0	0	0	0	0	0	0	0	0	0	0	0	0	0	0	0	0	0	0	0	0	0	0	0	0	0	0	0	0	0	0	0	0	0	230	0	0	0	0	0	0	0	792	0	0	0	0	0	0	0	0	0	0	0	0	0	0	0	0	0	0	0	0	0	0	0	0	0	0	0	0	0	0	0	0	0	0	0	0	0	0	0	0	0	0	0	562	0	0	0	0	0	5636	0	1106	0	0	0	0	0	546	0	0	0	358	586	364	0	0	0	0	0	
49060	Cerebelum_3_R	0	0	0	0	0	0	0	0	0	0	0	0	0	0	0	0	0	0	0	0	0	0	0	0	0	0	0	0	0	0	0	0	0	0	0	0	0	0	0	152	0	0	0	0	0	0	0	160	0	0	0	0	0	0	0	172	0	0	0	0	0	0	0	0	0	0	0	0	0	0	0	0	0	0	0	0	0	0	0	0	0	0	0	0	0	0	0	0	0	0	0	2942	0	636	0	0	146	4156	0	4102	0	0	0	822	0	1978	0	172	1150	4814	1034	142	654	656	642	0	
193548	Cerebelum_4_5_L	0	0	0	0	0	0	0	0	0	0	0	0	0	0	0	0	0	0	0	0	0	0	0	0	0	0	0	0	0	0	0	0	0	0	0	0	220	0	354	0	0	0	104	0	0	0	7724	262	0	0	0	0	0	0	8918	0	0	0	0	0	0	0	0	0	0	0	288	0	0	0	0	0	0	0	0	0	0	0	0	0	0	0	0	0	0	0	0	0	232	0	16494	458	1214	346	5636	146	0	638	29028	608	1334	0	2388	148	3524	960	494	0	794	1118	8382	2472	102	158	648	1582	
158628	Cerebelum_4_5_R	0	0	0	0	0	0	0	0	0	0	0	0	0	0	0	0	0	0	0	0	0	0	0	0	0	0	0	0	0	0	0	0	0	0	0	130	0	590	0	728	0	0	0	0	0	0	0	3312	0	0	0	0	0	0	0	4936	0	0	0	0	0	0	0	0	0	0	0	434	0	0	0	0	0	0	0	0	0	0	0	0	0	0	0	0	0	0	0	0	0	0	0	19580	0	1830	0	4156	638	0	332	26994	0	0	0	912	0	710	0	0	0	1688	9310	1126	764	544	472	128	
297448	Cerebelum_6_L	0	0	0	0	0	0	0	0	0	0	0	0	0	0	0	0	0	0	0	0	0	0	0	0	0	0	0	0	0	0	0	0	0	0	0	0	0	0	92	0	0	0	0	0	0	0	8154	1372	0	0	0	0	0	0	21104	182	0	0	0	0	0	0	0	0	0	0	0	0	0	0	0	0	0	0	0	0	0	0	0	0	0	0	0	0	0	0	0	0	806	0	50470	1026	3770	610	1106	0	29028	332	0	928	3432	0	4140	0	2934	454	464	0	106	252	5400	8072	2390	546	762	792	
290928	Cerebelum_6_R	0	0	0	0	0	0	0	0	0	0	0	0	0	0	0	0	0	0	0	0	0	0	0	0	0	0	0	0	0	0	0	0	0	0	0	0	0	0	0	186	0	0	0	450	0	0	232	6386	0	106	0	0	0	0	0	10780	0	0	0	0	0	0	0	0	0	0	0	0	0	0	0	0	0	0	0	0	0	0	0	0	0	0	0	0	0	0	0	0	0	0	938	47072	260	6342	0	4102	608	26994	928	0	0	0	0	3744	0	2572	0	212	132	2058	9110	10286	6728	2396	2098	744	
192916	Cerebelum_7b_L	0	0	0	0	0	0	0	0	0	0	0	0	0	0	0	0	0	0	0	0	0	0	0	0	0	0	0	0	0	0	0	0	0	0	0	0	0	0	0	0	0	0	0	0	0	0	0	0	0	0	0	0	0	0	0	0	0	0	0	0	0	0	0	0	0	0	0	0	0	0	0	0	0	0	0	0	0	0	0	0	0	0	0	0	0	0	0	0	188	0	10346	172	31544	4444	0	0	1334	0	3432	0	0	1238	26952	3198	2190	912	1522	0	0	0	0	118	6062	2010	694	102	
85828	Cerebelum_7b_R	0	0	0	0	0	0	0	0	0	0	0	0	0	0	0	0	0	0	0	0	0	0	0	0	0	0	0	0	0	0	0	0	0	0	0	0	0	0	0	0	0	0	0	0	0	0	0	0	0	0	0	0	0	0	0	0	0	0	0	0	0	0	0	0	0	0	0	0	0	0	0	0	0	0	0	0	0	0	0	0	0	0	0	0	0	0	0	0	0	0	0	2352	1594	18742	0	0	0	0	0	0	1238	0	770	13800	0	1678	0	0	0	0	0	0	1786	954	0	0	
226080	Cerebelum_8_L	0	0	0	0	0	0	0	0	0	0	0	0	0	0	0	0	0	0	0	0	0	0	0	0	0	0	0	0	0	0	0	0	0	0	0	0	0	0	0	0	0	0	0	0	0	0	0	0	0	0	0	0	0	0	228	0	0	0	0	0	0	0	0	0	0	0	0	0	0	0	0	0	0	0	0	0	0	0	0	0	0	0	0	0	0	0	0	0	236	0	14326	156	28902	2844	0	0	2388	0	4140	0	26952	770	0	3334	10754	1576	5180	0	0	0	216	150	5286	3822	1670	110	
193156	Cerebelum_8_R	0	0	0	0	0	0	0	0	0	0	0	0	0	0	0	0	0	0	0	0	0	0	0	0	0	0	0	0	0	0	0	0	0	0	0	0	0	0	0	0	0	0	0	0	0	0	0	0	0	0	0	0	0	0	0	0	0	0	0	0	0	0	0	0	0	0	0	0	0	0	0	0	0	0	0	0	0	0	0	0	0	0	0	0	0	0	0	0	0	0	112	13286	3320	27926	0	822	148	912	0	3744	3198	13800	3334	0	0	12002	100	800	186	520	232	332	5852	3864	1898	190	
67996	Cerebelum_9_L	0	0	0	0	0	0	0	0	0	0	0	0	0	0	0	0	0	0	0	0	0	0	0	0	0	0	0	0	0	0	0	0	0	0	0	0	0	0	0	0	0	0	0	0	0	0	248	0	0	0	0	0	0	0	420	0	0	0	0	0	0	0	0	0	0	0	0	0	0	0	0	0	0	0	0	0	0	0	0	0	0	0	0	0	0	0	0	0	0	0	2386	0	2450	0	546	0	3524	0	2934	0	2190	0	10754	0	0	294	6268	0	0	0	222	416	202	330	588	226	
116008	Cerebelum_9_R	0	0	0	0	0	0	0	0	0	0	0	0	0	0	0	0	0	0	0	0	0	0	0	0	0	0	0	0	0	0	0	0	0	0	0	0	0	0	0	0	0	0	0	0	0	0	0	118	0	0	0	0	0	0	0	0	0	0	0	0	0	0	0	0	0	0	0	0	0	0	0	0	0	0	0	0	0	0	0	0	0	0	0	0	0	0	0	0	0	0	300	3518	736	4178	0	1978	960	710	454	2572	912	1678	1576	12002	294	0	186	1252	1046	2018	1444	2320	4006	5476	5816	2454	
33272	Cerebelum_10_L	0	0	0	0	0	0	0	0	0	0	0	0	0	0	0	0	0	0	0	0	0	0	0	0	0	0	0	0	0	0	0	0	0	0	0	0	0	0	0	0	0	0	0	0	0	0	0	0	0	0	0	0	0	0	0	0	0	0	0	0	0	0	0	0	0	0	0	0	0	0	0	0	0	0	0	0	0	0	0	0	0	0	0	0	0	0	0	0	0	0	754	0	1668	0	0	0	494	0	464	0	1522	0	5180	100	6268	186	0	0	0	0	0	0	0	0	0	0	
6876	Cerebelum_10_R	0	0	0	0	0	0	0	0	0	0	0	0	0	0	0	0	0	0	0	0	0	0	0	0	0	0	0	0	0	0	0	0	0	0	0	0	0	0	0	0	0	0	0	0	0	0	0	0	0	0	0	0	0	0	0	0	0	0	0	0	0	0	0	0	0	0	0	0	0	0	0	0	0	0	0	0	0	0	0	0	0	0	0	0	0	0	0	0	0	0	0	156	0	136	0	172	0	0	0	212	0	0	0	800	0	1252	0	0	0	178	0	0	204	174	154	0	
19744	Vermis_1_2	0	0	0	0	0	0	0	0	0	0	0	0	0	0	0	0	0	0	0	0	0	0	0	0	0	0	0	0	0	0	0	0	0	0	0	0	0	0	0	0	0	0	0	0	0	0	0	0	0	0	0	0	0	0	0	0	0	0	0	0	0	0	0	0	0	0	0	0	0	0	0	0	0	0	0	0	0	0	0	0	0	0	0	0	0	0	0	0	0	0	100	98	0	0	358	1150	794	0	106	132	0	0	0	186	0	1046	0	0	0	4134	1048	150	94	238	238	0	
50484	Vermis_3	0	0	0	0	0	0	0	0	0	0	0	0	0	0	0	0	0	0	0	0	0	0	0	0	0	0	0	0	0	0	0	0	0	0	0	0	0	0	0	0	0	0	0	0	0	0	0	0	0	0	0	0	0	0	0	0	0	0	0	0	0	0	0	0	0	0	0	0	0	0	0	0	0	0	0	0	0	0	0	0	0	0	0	0	0	0	0	0	0	0	184	1726	0	698	586	4814	1118	1688	252	2058	0	0	0	520	0	2018	0	178	4134	0	2520	282	706	884	876	0	
139488	Vermis_4_5	0	0	0	0	0	0	0	0	0	0	0	0	0	0	0	0	0	0	0	0	0	0	0	0	0	0	0	0	0	0	0	0	0	0	0	572	0	350	0	158	0	0	0	266	0	0	1708	3188	0	0	0	0	0	0	1506	1208	0	0	0	0	0	0	0	0	0	0	0	1128	0	0	0	0	0	0	0	0	0	0	0	0	0	0	0	0	0	0	0	0	0	0	2172	6406	0	1872	364	1034	8382	9310	5400	9110	0	0	216	232	222	1444	0	0	1048	2520	0	4994	778	832	1358	1966	
143572	Vermis_6	0	0	0	0	0	0	0	0	0	0	0	0	0	0	0	0	0	0	0	0	0	0	0	0	0	0	0	0	0	0	0	0	0	0	0	0	0	0	0	0	0	0	0	0	0	0	1214	4970	0	0	0	0	0	0	1114	1826	0	0	0	0	0	0	0	0	0	0	0	0	0	0	0	0	0	0	0	0	0	0	0	0	0	0	0	0	0	0	0	0	0	0	6370	8642	1006	1876	0	142	2472	1126	8072	10286	118	0	150	332	416	2320	0	0	150	282	4994	0	6894	1740	2390	2884	
173512	Vermis_7	0	0	0	0	0	0	0	0	0	0	0	0	0	0	0	0	0	0	0	0	0	0	0	0	0	0	0	0	0	0	0	0	0	0	0	0	0	0	0	0	0	0	0	0	0	0	366	1398	0	0	0	0	0	0	274	544	0	0	0	0	0	0	0	0	0	0	0	0	0	0	0	0	0	0	0	0	0	0	0	0	0	0	0	0	0	0	0	0	0	0	4012	7584	7822	9698	0	654	102	764	2390	6728	6062	1786	5286	5852	202	4006	0	204	94	706	778	6894	0	6438	4626	1486	
94596	Vermis_8	0	0	0	0	0	0	0	0	0	0	0	0	0	0	0	0	0	0	0	0	0	0	0	0	0	0	0	0	0	0	0	0	0	0	0	0	0	0	0	0	0	0	0	0	0	0	0	126	0	0	0	0	0	0	0	0	0	0	0	0	0	0	0	0	0	0	0	0	0	0	0	0	0	0	0	0	0	0	0	0	0	0	0	0	0	0	0	0	0	0	724	2370	1538	2878	0	656	158	544	546	2396	2010	954	3822	3864	330	5476	0	174	238	884	832	1740	6438	0	6542	2058	
77436	Vermis_9	0	0	0	0	0	0	0	0	0	0	0	0	0	0	0	0	0	0	0	0	0	0	0	0	0	0	0	0	0	0	0	0	0	0	0	0	0	0	0	0	0	0	0	0	0	0	0	118	0	0	0	0	0	0	0	0	0	0	0	0	0	0	0	0	0	0	0	0	0	0	0	0	0	0	0	0	0	0	0	0	0	0	0	0	0	0	0	0	0	0	668	2060	594	1234	0	642	648	472	762	2098	694	0	1670	1898	588	5816	0	154	238	876	1358	2390	4626	6542	0	2572	
