data	data	928096	604096	1.23185e+06	952940	143716	119752	834880	484960	85852	20988	263960	205712	312344	211348	184420	76016	269832	122944	784164	577700	72464	93508	352576	367680	21656	92936	35164	50756	682076	310812	344284	488148	198556	463720	233044	286272	474996	358788	219696	218508	43488	38008	272188	405932	201632	361004	337404	438276	191868	356228	544768	302908	198220	111712	516140	469684	370548	363932	180376	112468	305652	139908	140084	147144	228804	133372	346972	498596	522636	250076	418784	547944	456216	402888	63960	98408	353220	355260	114428	33592	338796	144456	100456	35592	435260	242272	50916	14444	394036	243296	602780	465472	320384	376980	107644	104232	375732	201924	562460	395516	306512	177944	367320	301700	165284	158832	21432	8532	60452	128024	306192	296320	288356	172088	116996	48332	
data	data	Precentral_L	Precentral_R	Frontal_Sup_L	Frontal_Sup_R	Frontal_Sup_Orb_L	Frontal_Sup_Orb_R	Frontal_Mid_L	Frontal_Mid_R	Frontal_Mid_Orb_L	Frontal_Mid_Orb_R	Frontal_Inf_Oper_L	Frontal_Inf_Oper_R	Frontal_Inf_Tri_L	Frontal_Inf_Tri_R	Frontal_Inf_Orb_L	Frontal_Inf_Orb_R	Rolandic_Oper_L	Rolandic_Oper_R	Supp_Motor_Area_L	Supp_Motor_Area_R	Olfactory_L	Olfactory_R	Frontal_Sup_Medial_L	Frontal_Sup_Medial_R	Frontal_Med_Orb_L	Frontal_Med_Orb_R	Rectus_L	Rectus_R	Insula_L	Insula_R	Cingulum_Ant_L	Cingulum_Ant_R	Cingulum_Mid_L	Cingulum_Mid_R	Cingulum_Post_L	Cingulum_Post_R	Hippocampus_L	Hippocampus_R	ParaHippocampal_L	ParaHippocampal_R	Amygdala_L	Amygdala_R	Calcarine_L	Calcarine_R	Cuneus_L	Cuneus_R	Lingual_L	Lingual_R	Occipital_Sup_L	Occipital_Sup_R	Occipital_Mid_L	Occipital_Mid_R	Occipital_Inf_L	Occipital_Inf_R	Fusiform_L	Fusiform_R	Postcentral_L	Postcentral_R	Parietal_Sup_L	Parietal_Sup_R	Parietal_Inf_L	Parietal_Inf_R	SupraMarginal_L	SupraMarginal_R	Angular_L	Angular_R	Precuneus_L	Precuneus_R	Paracentral_Lobule_L	Paracentral_Lobule_R	Caudate_L	Caudate_R	Putamen_L	Putamen_R	Pallidum_L	Pallidum_R	Thalamus_L	Thalamus_R	Heschl_L	Heschl_R	Temporal_Sup_L	Temporal_Sup_R	Temporal_Pole_Sup_L	Temporal_Pole_Sup_R	Temporal_Mid_L	Temporal_Mid_R	Temporal_Pole_Mid_L	Temporal_Pole_Mid_R	Temporal_Inf_L	Temporal_Inf_R	Cerebelum_Crus1_L	Cerebelum_Crus1_R	Cerebelum_Crus2_L	Cerebelum_Crus2_R	Cerebelum_3_L	Cerebelum_3_R	Cerebelum_4_5_L	Cerebelum_4_5_R	Cerebelum_6_L	Cerebelum_6_R	Cerebelum_7b_L	Cerebelum_7b_R	Cerebelum_8_L	Cerebelum_8_R	Cerebelum_9_L	Cerebelum_9_R	Cerebelum_10_L	Cerebelum_10_R	Vermis_1_2	Vermis_3	Vermis_4_5	Vermis_6	Vermis_7	Vermis_8	Vermis_9	Vermis_10	
928096	Precentral_L	0	12940	47312	11902	150	0	45430	3778	0	0	16986	424	4190	128	794	0	19768	0	15578	10410	0	0	1486	242	0	0	0	0	24706	618	1592	526	1932	5446	6406	5442	7186	2442	1508	1120	0	0	1486	0	736	0	570	648	336	0	12184	0	5296	0	2992	466	32986	104	3002	0	6666	0	4422	0	2896	0	3184	1010	52010	2988	9052	1470	9182	450	2340	168	16122	6534	4158	0	13160	102	126	0	10418	152	0	0	6190	0	0	0	0	0	0	0	0	0	0	0	0	0	0	0	0	0	0	0	0	0	0	0	0	0	0	0	
604096	Precentral_R	12940	0	7346	45148	0	0	2514	15810	0	0	0	7446	0	430	0	0	506	5278	6364	7614	0	0	0	0	0	0	0	0	832	3640	0	0	452	2286	4450	6600	982	4992	388	1170	0	0	226	2096	0	5754	126	1072	0	4618	118	1222	0	1588	0	4184	114	21750	0	1286	0	1996	0	3760	0	102	278	9396	13734	13812	4522	16912	720	7512	0	3992	7270	24470	256	674	514	1456	0	0	0	3326	0	0	0	6004	0	0	0	0	0	0	0	0	0	0	0	0	0	0	0	0	0	0	0	0	0	0	0	0	0	0	
1.23185e+06	Frontal_Sup_L	47312	7346	0	16368	10656	286	101396	8940	4396	0	13186	964	25940	174	8790	0	8032	148	77478	11344	0	0	48072	9582	528	120	156	0	29712	912	25016	7778	8552	5250	2474	3022	7588	2784	1838	1358	0	0	0	0	0	0	226	702	0	0	0	0	0	0	1530	510	4214	110	432	0	866	0	1576	0	574	0	0	0	21988	0	17742	5456	19360	1298	5116	578	17086	7060	902	126	5050	140	1042	0	1022	146	0	0	3576	0	0	0	0	0	0	0	0	0	0	0	0	0	0	0	0	0	0	0	0	0	0	0	0	0	0	0	
952940	Frontal_Sup_R	11902	45148	16368	0	0	5748	6890	57248	0	184	506	8690	0	14350	0	3730	600	6288	23716	46278	0	0	4926	32126	0	1650	0	0	1384	13016	4210	29730	1388	22266	1530	2188	1366	3024	396	806	0	0	0	0	0	138	0	180	0	112	0	0	0	134	0	1208	0	1584	0	0	0	0	0	174	0	0	278	770	9790	0	10556	30056	3872	11276	0	2348	8094	24082	208	356	608	1416	0	314	0	270	0	0	0	994	0	0	0	0	0	0	0	0	0	0	0	0	0	0	0	0	0	0	0	0	0	0	0	0	0	0	
143716	Frontal_Sup_Orb_L	150	0	10656	0	0	0	4062	0	13384	0	258	0	2364	0	10996	0	116	0	0	0	1194	0	6276	192	2130	0	3194	0	4580	0	3520	140	0	0	0	0	342	0	0	0	194	0	0	0	0	0	0	0	0	0	0	0	0	0	0	0	0	0	0	0	0	0	0	0	0	0	0	0	0	0	268	0	7228	0	0	0	0	0	0	0	0	0	614	0	0	0	0	0	0	0	0	0	0	0	0	0	0	0	0	0	0	0	0	0	0	0	0	0	0	0	0	0	0	0	0	0	
119752	Frontal_Sup_Orb_R	0	0	286	5748	0	0	0	3204	0	3370	0	804	0	2846	0	4218	0	0	338	526	0	618	0	3462	222	8408	0	6786	0	3514	244	3208	0	462	0	0	0	0	0	0	0	144	0	0	0	0	0	0	0	0	0	0	0	0	0	0	0	0	0	0	0	0	0	0	0	0	0	0	0	0	340	4280	304	6544	0	0	0	0	0	0	0	0	0	0	0	0	0	0	0	0	0	0	0	0	0	0	0	0	0	0	0	0	0	0	0	0	0	0	0	0	0	0	0	0	0	0	
834880	Frontal_Mid_L	45430	2514	101396	6890	4062	0	0	9530	3058	0	20544	1306	43902	206	10804	0	11894	106	16312	2542	0	0	17522	3282	0	0	0	0	34816	398	12880	3196	4336	1364	1216	912	3176	806	538	390	0	0	0	0	0	0	114	192	0	0	0	0	0	0	804	174	3208	0	366	0	704	0	752	0	494	0	158	0	3328	0	11164	3136	7610	758	1962	586	2140	3112	564	0	8098	0	524	0	404	0	0	0	1760	0	0	0	0	0	0	0	0	0	0	0	0	0	0	0	0	0	0	0	0	0	0	0	0	0	0	0	
484960	Frontal_Mid_R	3778	15810	8940	57248	0	3204	9530	0	0	992	1626	11470	188	19938	0	3846	338	5888	8846	7926	0	0	428	8136	0	454	0	0	910	9244	2420	13210	140	4920	0	0	500	1000	0	352	0	0	0	0	0	0	0	0	0	0	0	0	0	0	0	320	0	1220	0	0	0	0	0	106	0	0	0	0	0	0	5968	14482	3182	8766	0	3932	720	674	0	414	352	790	0	166	0	0	0	0	0	106	0	0	0	0	0	0	0	0	0	0	0	0	0	0	0	0	0	0	0	0	0	0	0	0	0	0	
85852	Frontal_Mid_Orb_L	0	0	4396	0	13384	0	3058	0	0	0	126	0	1190	0	11872	0	0	0	0	0	0	0	948	0	158	0	1808	0	1936	0	242	0	0	0	0	0	0	0	0	0	0	0	0	0	0	0	0	0	0	0	0	0	0	0	0	0	0	0	0	0	0	0	0	0	0	0	0	0	0	0	0	0	2998	0	0	0	0	0	0	0	0	0	810	0	0	0	0	0	0	0	0	0	0	0	0	0	0	0	0	0	0	0	0	0	0	0	0	0	0	0	0	0	0	0	0	0	
20988	Frontal_Mid_Orb_R	0	0	0	184	0	3370	0	992	0	0	0	0	0	836	0	3302	0	0	0	0	0	0	0	0	0	414	0	644	0	218	0	0	0	0	0	0	0	0	0	0	0	0	0	0	0	0	0	0	0	0	0	0	0	0	0	0	0	0	0	0	0	0	0	0	0	0	0	0	0	0	0	290	0	244	0	0	0	0	0	0	0	0	0	0	0	0	0	0	0	0	0	0	0	0	0	0	0	0	0	0	0	0	0	0	0	0	0	0	0	0	0	0	0	0	0	0	
263960	Frontal_Inf_Oper_L	16986	0	13186	506	258	0	20544	1626	126	0	0	0	18254	0	2704	0	13526	0	3816	258	0	0	964	0	0	0	0	0	17708	0	612	162	242	248	158	162	1500	0	0	0	0	0	0	0	0	0	0	0	0	0	0	0	0	0	476	0	4516	0	0	0	0	0	0	0	0	0	0	0	0	0	184	0	1606	0	0	0	1264	0	798	0	6766	0	1478	0	440	0	0	0	906	0	0	0	0	0	0	0	0	0	0	0	0	0	0	0	0	0	0	0	0	0	0	0	0	0	0	0	
205712	Frontal_Inf_Oper_R	424	7446	964	8690	0	804	1306	11470	0	0	0	0	0	11838	0	0	186	6442	590	3056	0	0	0	1678	0	316	0	0	214	15494	140	3940	0	454	0	0	0	1016	0	326	0	0	0	0	0	0	0	0	0	0	0	0	0	0	0	842	0	3778	0	0	0	0	0	0	0	0	0	0	0	0	870	3758	304	8154	0	2304	0	1644	0	262	186	2000	0	540	0	430	0	0	0	990	0	0	0	0	0	0	0	0	0	0	0	0	0	0	0	0	0	0	0	0	0	0	0	0	0	0	
312344	Frontal_Inf_Tri_L	4190	0	25940	0	2364	0	43902	188	1190	0	18254	0	0	0	13472	0	3858	0	3644	0	0	0	3484	266	0	0	0	0	23800	0	1372	126	898	0	104	104	856	0	0	0	0	0	0	0	0	0	0	0	0	0	0	0	0	0	272	0	510	0	0	0	0	0	0	0	0	0	0	0	0	0	0	0	2068	0	0	0	656	0	118	0	2366	0	1438	0	200	0	0	0	532	0	0	0	0	0	0	0	0	0	0	0	0	0	0	0	0	0	0	0	0	0	0	0	0	0	0	0	
211348	Frontal_Inf_Tri_R	128	430	174	14350	0	2846	206	19938	0	836	0	11838	0	0	0	6448	0	1016	884	5098	0	0	0	4488	0	248	0	0	0	15284	168	7666	0	2828	0	0	0	680	0	280	0	0	0	0	0	0	0	0	0	0	0	0	0	0	0	314	0	106	0	0	0	0	0	0	0	0	0	0	0	0	254	2168	142	4816	0	1220	0	186	0	0	0	506	0	128	0	0	0	0	0	0	0	0	0	0	0	0	0	0	0	0	0	0	0	0	0	0	0	0	0	0	0	0	0	0	0	0	
184420	Frontal_Inf_Orb_L	794	0	8790	0	10996	0	10804	0	11872	0	2704	0	13472	0	0	0	592	0	690	0	1354	282	1032	0	0	0	594	0	13066	0	562	180	184	0	0	0	1024	0	148	0	424	0	0	0	0	0	0	0	0	0	0	0	0	0	112	0	0	0	0	0	0	0	0	0	0	0	0	0	0	0	248	280	8300	196	0	0	0	0	0	0	644	0	2606	0	118	0	0	0	142	0	0	0	0	0	0	0	0	0	0	0	0	0	0	0	0	0	0	0	0	0	0	0	0	0	0	0	
76016	Frontal_Inf_Orb_R	0	0	0	3730	0	4218	0	3846	0	3302	0	0	0	6448	0	0	0	0	0	504	0	996	0	790	0	0	0	932	0	7886	0	482	0	490	0	0	0	254	0	0	0	290	0	0	0	0	0	0	0	0	0	0	0	0	0	0	0	0	0	0	0	0	0	0	0	0	0	0	0	0	0	416	0	3424	0	0	0	0	0	0	0	0	0	0	0	0	0	0	0	0	0	0	0	0	0	0	0	0	0	0	0	0	0	0	0	0	0	0	0	0	0	0	0	0	0	0	
269832	Rolandic_Oper_L	19768	506	8032	600	116	0	11894	338	0	0	13526	186	3858	0	592	0	0	0	2564	202	0	0	264	0	0	0	0	0	22762	0	324	0	0	0	112	132	2380	0	0	0	0	0	0	0	0	0	0	0	0	0	274	0	562	0	618	0	8576	0	716	0	1948	0	1704	0	1696	0	0	0	112	0	1316	408	1580	0	328	0	1384	858	5246	0	14818	0	1310	0	2186	0	0	0	1120	0	0	0	0	0	0	0	0	0	0	0	0	0	0	0	0	0	0	0	0	0	0	0	0	0	0	0	
122944	Rolandic_Oper_R	0	5278	148	6288	0	0	106	5888	0	0	0	6442	0	1016	0	0	0	0	0	1180	0	0	0	0	0	0	0	0	0	9504	0	0	0	0	116	122	0	1280	0	0	0	0	0	0	0	0	0	0	0	0	0	0	0	0	0	306	0	3644	0	0	0	0	0	1704	0	0	0	0	0	0	316	1612	122	3572	0	1308	152	1536	0	2894	0	5546	0	580	0	406	0	0	0	406	0	0	0	0	0	0	0	0	0	0	0	0	0	0	0	0	0	0	0	0	0	0	0	0	0	0	
784164	Supp_Motor_Area_L	15578	6364	77478	23716	0	338	16312	8846	0	0	3816	590	3644	884	690	0	2564	0	0	39996	0	0	9030	5078	0	0	0	0	13176	436	13366	8398	13382	23354	1856	488	4762	310	958	194	0	0	128	0	0	0	194	0	0	0	0	0	0	0	1356	102	374	0	0	0	0	0	0	0	0	0	1260	148	20250	832	19312	7720	16606	1804	4472	616	12818	2130	202	0	2246	0	606	0	714	0	0	0	2588	0	0	0	0	0	0	0	0	0	0	0	0	0	0	0	0	0	0	0	0	0	0	0	0	0	0	0	
577700	Supp_Motor_Area_R	10410	7614	11344	46278	0	526	2542	7926	0	0	258	3056	0	5098	0	504	202	1180	39996	0	0	0	1138	10152	0	508	0	0	502	2988	3532	14452	3480	47138	2778	5928	414	496	118	190	0	0	194	798	0	958	0	1006	0	578	116	118	0	0	0	434	0	1400	0	0	0	0	0	0	0	0	524	5626	14750	10176	2726	8768	778	1816	0	220	1066	4658	0	0	152	508	0	174	0	106	0	0	0	332	0	0	0	0	0	0	0	0	0	0	0	0	0	0	0	0	0	0	0	0	120	0	0	0	0	0	
72464	Olfactory_L	0	0	0	0	1194	0	0	0	0	0	0	0	0	0	1354	0	0	0	0	0	0	5364	0	0	144	0	966	390	3204	0	1626	1148	0	0	0	0	1172	0	264	0	694	0	0	0	0	0	0	0	0	0	0	0	0	0	0	0	0	0	0	0	0	0	0	0	0	0	0	0	0	0	5904	4968	5944	1600	0	0	0	0	0	0	0	0	296	0	0	0	0	0	0	0	0	0	0	0	0	0	0	0	0	0	0	0	0	0	0	0	0	0	0	0	0	0	0	0	0	0	
93508	Olfactory_R	0	0	0	0	0	618	0	0	0	0	0	0	0	0	282	996	0	0	0	0	5364	0	0	0	0	1344	782	2060	546	1728	1764	2070	0	0	0	0	0	0	0	0	0	442	0	0	0	0	0	0	0	0	0	0	0	0	0	0	0	0	0	0	0	0	0	0	0	0	0	0	0	0	8032	9264	7214	3304	538	406	0	0	0	0	0	0	0	0	0	0	0	0	0	0	0	0	0	0	0	0	0	0	0	0	0	0	0	0	0	0	0	0	0	0	0	0	0	0	0	0	
352576	Frontal_Sup_Medial_L	1486	0	48072	4926	6276	0	17522	428	948	0	964	0	3484	0	1032	0	264	0	9030	1138	0	0	0	21560	1726	332	476	0	4002	0	21376	12858	5578	7128	0	0	198	0	0	0	0	0	0	0	0	0	0	0	0	0	0	0	0	0	0	0	0	0	0	0	0	0	0	0	0	0	0	0	0	0	460	200	4178	102	0	0	0	0	0	0	246	0	0	0	104	0	0	0	194	0	0	0	0	0	0	0	0	0	0	0	0	0	0	0	0	0	0	0	0	0	0	0	0	0	0	0	
367680	Frontal_Sup_Medial_R	242	0	9582	32126	192	3462	3282	8136	0	0	0	1678	266	4488	0	790	0	0	5078	10152	0	0	21560	0	114	4678	0	0	232	3216	11340	35984	1030	17126	0	0	0	134	0	0	0	0	0	0	0	0	0	0	0	0	0	0	0	0	0	0	0	0	0	0	0	0	0	0	0	0	0	0	0	0	360	3478	332	4496	0	286	0	0	0	0	0	0	0	0	0	0	0	0	0	0	0	0	0	0	0	0	0	0	0	0	0	0	0	0	0	0	0	0	0	0	0	0	0	0	0	0	
21656	Frontal_Med_Orb_L	0	0	528	0	2130	222	0	0	158	0	0	0	0	0	0	0	0	0	0	0	144	0	1726	114	0	556	1320	104	224	0	2758	148	0	0	0	0	0	0	0	0	0	0	0	0	0	0	0	0	0	0	0	0	0	0	0	0	0	0	0	0	0	0	0	0	0	0	0	0	0	0	312	0	384	0	0	0	0	0	0	0	0	0	0	0	0	0	0	0	0	0	0	0	0	0	0	0	0	0	0	0	0	0	0	0	0	0	0	0	0	0	0	0	0	0	0	0	
92936	Frontal_Med_Orb_R	0	0	120	1650	0	8408	0	454	0	414	0	316	0	248	0	0	0	0	0	508	0	1344	332	4678	556	0	0	5118	0	532	2044	6452	0	440	0	0	0	0	0	0	0	0	0	0	0	0	0	0	0	0	0	0	0	0	0	0	0	0	0	0	0	0	0	0	0	0	0	0	0	0	0	6808	0	6046	0	0	0	0	0	0	0	0	0	0	0	0	0	0	0	0	0	0	0	0	0	0	0	0	0	0	0	0	0	0	0	0	0	0	0	0	0	0	0	0	0	0	
35164	Rectus_L	0	0	156	0	3194	0	0	0	1808	0	0	0	0	0	594	0	0	0	0	0	966	782	476	0	1320	0	0	276	608	0	2976	376	0	0	0	0	0	0	0	0	0	0	0	0	0	0	0	0	0	0	0	0	0	0	0	0	0	0	0	0	0	0	0	0	0	0	0	0	0	0	1290	726	1784	250	0	0	0	0	0	0	0	0	0	0	0	0	0	0	0	0	0	0	0	0	0	0	0	0	0	0	0	0	0	0	0	0	0	0	0	0	0	0	0	0	0	0	
50756	Rectus_R	0	0	0	0	0	6786	0	0	0	644	0	0	0	0	0	932	0	0	0	0	390	2060	0	0	104	5118	276	0	108	742	576	1424	0	0	0	0	0	0	0	0	0	194	0	0	0	0	0	0	0	0	0	0	0	0	0	0	0	0	0	0	0	0	0	0	0	0	0	0	0	0	226	3384	230	2184	0	0	0	0	0	0	0	0	0	0	0	0	0	0	0	0	0	0	0	0	0	0	0	0	0	0	0	0	0	0	0	0	0	0	0	0	0	0	0	0	0	0	
682076	Insula_L	24706	832	29712	1384	4580	0	34816	910	1936	0	17708	214	23800	0	13066	0	22762	0	13176	502	3204	546	4002	232	224	0	608	108	0	124	3502	482	600	204	1306	1358	17154	1076	1928	584	1540	0	0	0	0	0	0	188	0	0	818	0	1608	0	9144	336	6998	0	400	0	1136	0	504	0	972	0	126	0	368	0	2812	1280	21540	574	296	0	4458	1154	7382	0	19326	0	3988	0	7524	0	0	0	19018	0	0	0	0	0	0	0	0	0	202	0	0	0	0	0	0	0	0	0	0	0	0	0	0	0	0	0	
310812	Insula_R	618	3640	912	13016	0	3514	398	9244	0	218	0	15494	0	15284	0	7886	0	9504	436	2988	0	1728	0	3216	0	532	0	742	124	0	134	4264	0	664	618	706	608	5922	124	1642	0	910	0	0	0	0	0	112	0	0	0	0	0	0	0	2348	0	1740	0	0	0	0	0	142	0	0	0	0	576	0	634	3974	276	20154	0	1582	716	3954	0	2604	0	4834	0	664	0	2418	0	0	0	3592	0	0	0	0	0	0	0	0	0	0	0	0	0	0	0	0	0	0	0	0	0	0	0	0	0	0	
344284	Cingulum_Ant_L	1592	0	25016	4210	3520	244	12880	2420	242	0	612	140	1372	168	562	0	324	0	13366	3532	1626	1764	21376	11340	2758	2044	2976	576	3502	134	0	24438	5768	5620	0	0	196	0	0	0	0	0	0	0	0	0	0	0	0	0	0	0	0	0	0	0	0	0	0	0	0	0	0	0	0	0	0	0	0	0	4138	4796	6670	1932	0	0	0	0	0	0	288	0	0	0	0	0	0	0	0	0	0	0	0	0	0	0	0	0	0	0	0	0	0	0	0	0	0	0	0	0	0	0	0	0	0	0	
488148	Cingulum_Ant_R	526	0	7778	29730	140	3208	3196	13210	0	0	162	3940	126	7666	180	482	0	0	8398	14452	1148	2070	12858	35984	148	6452	376	1424	482	4264	24438	0	1990	28170	0	0	0	188	0	0	0	0	0	0	0	0	0	0	0	0	0	0	0	0	0	0	0	0	0	0	0	0	0	0	0	0	0	0	0	0	2608	15974	2158	9164	0	984	0	0	0	0	0	0	0	0	0	0	0	0	0	0	0	0	0	0	0	0	0	0	0	0	0	0	0	0	0	0	0	0	0	0	0	0	0	0	0	0	
198556	Cingulum_Mid_L	1932	452	8552	1388	0	0	4336	140	0	0	242	0	898	0	184	0	0	0	13382	3480	0	0	5578	1030	0	0	0	0	600	0	5768	1990	0	9064	3662	626	448	140	172	0	0	0	1112	0	1192	0	408	114	974	0	4946	0	264	0	106	0	932	0	426	0	722	0	0	0	700	0	10866	1074	8112	650	0	0	0	0	0	0	184	102	0	0	134	0	0	0	1816	0	0	0	380	0	0	0	0	0	0	0	0	0	0	0	0	0	0	0	0	0	0	0	0	0	0	0	0	0	0	0	
463720	Cingulum_Mid_R	5446	2286	5250	22266	0	462	1364	4920	0	0	248	454	0	2828	0	490	0	0	23354	47138	0	0	7128	17126	0	440	0	0	204	664	5620	28170	9064	0	2362	6752	0	0	0	0	0	0	138	2036	0	754	0	2320	0	412	0	302	0	0	0	266	0	1866	0	0	0	0	0	0	0	0	1130	9022	9562	8576	352	428	0	356	0	0	0	0	0	0	0	0	0	0	0	0	0	0	0	112	0	0	0	0	0	0	0	0	0	0	0	0	0	0	0	0	0	0	0	0	192	0	0	0	0	0	
233044	Cingulum_Post_L	6406	4450	2474	1530	0	0	1216	0	0	0	158	0	104	0	0	0	112	116	1856	2778	0	0	0	0	0	0	0	0	1306	618	0	0	3662	2362	0	15736	8510	7804	3876	4114	0	0	2454	0	1814	0	4850	1438	804	0	722	0	842	0	1794	2216	304	150	0	0	0	0	0	0	0	0	7940	1062	9562	2436	148	246	0	0	0	0	3476	3318	576	0	218	0	0	0	182	194	0	0	160	138	0	0	0	0	0	0	0	0	0	0	0	0	0	0	0	0	0	0	0	0	290	0	0	0	0	0	
286272	Cingulum_Post_R	5442	6600	3022	2188	0	0	912	0	0	0	162	0	104	0	0	0	132	122	488	5928	0	0	0	0	0	0	0	0	1358	706	0	0	626	6752	15736	0	6632	11426	3394	5608	0	0	0	2760	0	1332	2698	6674	0	376	0	152	0	224	380	5066	302	2144	0	0	0	0	0	0	0	0	1526	13504	5646	7686	152	284	0	102	0	0	4452	4668	690	0	226	126	0	0	0	344	0	0	0	2492	0	0	0	0	0	0	0	0	0	0	0	0	0	0	0	0	0	0	0	0	1792	0	0	0	0	0	
474996	Hippocampus_L	7186	982	7588	1366	342	0	3176	500	0	0	1500	0	856	0	1024	0	2380	0	4762	414	1172	0	198	0	0	0	0	0	17154	608	196	0	448	0	8510	6632	0	6628	24736	4856	7152	0	3368	0	156	0	10764	1888	138	0	764	0	646	0	29398	2416	1556	0	0	0	132	0	0	0	0	0	5560	770	2624	0	1522	560	10612	286	1580	214	11996	4866	3514	110	3562	112	1296	0	2278	0	290	0	19744	0	1340	0	188	0	0	0	786	0	1988	0	0	0	108	0	0	0	0	0	0	0	0	0	0	0	0	0	
358788	Hippocampus_R	2442	4992	2784	3024	0	0	806	1000	0	0	0	1016	0	680	0	254	0	1280	310	496	0	0	0	134	0	0	0	0	1076	5922	0	188	140	0	7804	11426	6628	0	3640	28540	0	6918	0	1892	0	262	2758	8704	0	0	0	0	0	186	380	23216	250	594	0	0	0	0	0	0	0	0	910	6418	2290	0	354	1230	0	10912	0	1082	4822	9532	586	512	246	1158	0	492	0	2056	0	0	0	5356	0	0	0	0	0	0	0	446	0	132	0	0	0	0	0	0	0	0	0	0	1118	0	0	0	0	0	
219696	ParaHippocampal_L	1508	388	1838	396	0	0	538	0	0	0	0	0	0	0	148	0	0	0	958	118	264	0	0	0	0	0	0	0	1928	124	0	0	172	0	3876	3394	24736	3640	0	2838	2260	0	1620	0	130	0	9040	1188	114	0	664	0	232	0	14668	1334	0	0	0	0	0	0	0	0	0	0	3014	700	952	0	146	0	1708	0	0	0	6432	2754	0	0	182	0	972	0	180	0	1006	0	2334	0	2198	114	1252	106	364	0	2984	0	2702	0	146	0	896	0	264	0	0	0	0	192	0	0	136	0	0	0	
218508	ParaHippocampal_R	1120	1170	1358	806	0	0	390	352	0	0	0	326	0	280	0	0	0	0	194	190	0	0	0	0	0	0	0	0	584	1642	0	0	0	0	4114	5608	4856	28540	2838	0	0	3260	0	954	0	104	2074	7434	0	0	0	0	0	0	220	15578	150	122	0	0	0	0	0	0	0	0	480	3380	1060	0	232	354	0	3886	0	782	3796	5418	370	284	214	462	0	266	0	720	0	0	0	1834	0	0	0	0	0	0	0	1078	0	0	0	0	0	0	0	0	0	0	0	0	374	0	0	0	0	0	
43488	Amygdala_L	0	0	0	0	194	0	0	0	0	0	0	0	0	0	424	0	0	0	0	0	694	0	0	0	0	0	0	0	1540	0	0	0	0	0	0	0	7152	0	2260	0	0	0	0	0	0	0	0	0	0	0	0	0	0	0	4138	0	0	0	0	0	0	0	0	0	0	0	0	0	0	0	0	0	916	0	0	0	0	0	0	0	122	0	1156	0	454	0	320	0	2374	0	0	0	0	0	0	0	0	0	0	0	0	0	0	0	0	0	0	0	0	0	0	0	0	0	0	0	
38008	Amygdala_R	0	0	0	0	0	144	0	0	0	0	0	0	0	0	0	290	0	0	0	0	0	442	0	0	0	0	0	194	0	910	0	0	0	0	0	0	0	6918	0	3260	0	0	0	0	0	0	0	0	0	0	0	0	0	0	0	4884	0	0	0	0	0	0	0	0	0	0	0	0	0	0	0	0	0	458	0	0	0	0	0	0	0	0	0	1060	0	0	0	0	0	444	0	0	0	0	0	0	0	0	0	0	0	0	0	0	0	0	0	0	0	0	0	0	0	0	0	0	
272188	Calcarine_L	1486	226	0	0	0	0	0	0	0	0	0	0	0	0	0	0	0	0	128	194	0	0	0	0	0	0	0	0	0	0	0	0	1112	138	2454	0	3368	0	1620	0	0	0	0	4494	17568	3068	16454	2432	11114	528	28736	0	6330	306	4944	180	832	0	132	0	0	0	0	0	560	0	19866	400	2752	112	0	0	0	0	0	0	102	0	0	0	0	0	0	0	3258	0	0	0	730	0	0	0	0	0	0	0	0	0	470	0	0	0	0	0	0	0	0	0	0	0	0	0	0	0	0	0	
405932	Calcarine_R	0	2096	0	0	0	0	0	0	0	0	0	0	0	0	0	0	0	0	0	798	0	0	0	0	0	0	0	0	0	0	0	0	0	2036	0	2760	0	1892	0	954	0	0	4494	0	2944	24952	3376	37544	0	24060	0	16478	0	8408	0	15872	0	7758	0	156	0	370	0	464	0	232	168	25830	418	4280	0	428	0	280	0	106	0	0	0	0	0	0	0	0	0	5570	0	0	0	6936	0	0	0	0	0	0	0	0	148	506	0	0	0	0	0	0	0	0	0	0	362	290	0	0	0	0	
201632	Cuneus_L	736	0	0	0	0	0	0	0	0	0	0	0	0	0	0	0	0	0	0	0	0	0	0	0	0	0	0	0	0	0	0	0	1192	0	1814	0	156	0	130	0	0	0	17568	2944	0	5866	3648	524	22052	1718	17268	138	3470	0	1368	0	586	0	1444	358	0	0	0	0	206	0	13534	1452	1520	0	0	0	0	0	0	0	0	0	0	0	0	0	0	0	984	0	0	0	140	0	0	0	0	0	0	0	0	0	0	0	0	0	0	0	0	0	0	0	0	0	0	0	0	0	0	0	
361004	Cuneus_R	0	5754	0	138	0	0	0	0	0	0	0	0	0	0	0	0	0	0	0	958	0	0	0	0	0	0	0	0	0	0	0	0	0	754	0	1332	0	262	0	104	0	0	3068	24952	5866	0	1678	8406	0	37176	0	16540	0	888	0	1862	0	14974	0	4592	0	1702	0	1656	0	1072	1392	28542	0	10506	0	346	0	258	0	0	0	0	0	0	0	730	0	0	0	3964	0	0	0	738	0	0	0	0	0	0	0	0	0	0	0	0	0	0	0	0	0	0	0	0	292	0	0	0	0	0	
337404	Lingual_L	570	126	226	0	0	0	114	0	0	0	0	0	0	0	0	0	0	0	194	0	0	0	0	0	0	0	0	0	0	0	0	0	408	0	4850	2698	10764	2758	9040	2074	0	0	16454	3376	3648	1678	0	4694	4342	296	14644	168	12766	136	22392	1654	140	0	0	0	0	0	0	0	0	0	10250	820	774	0	122	0	0	0	0	0	4114	1558	0	0	0	0	0	0	284	0	0	0	880	0	5664	0	222	0	0	0	6934	114	10292	170	0	0	0	0	0	0	0	0	0	110	3186	2540	458	0	0	0	
438276	Lingual_R	648	1072	702	180	0	0	192	0	0	0	0	0	0	0	0	0	0	0	0	1006	0	0	0	0	0	0	0	0	188	112	0	0	114	2320	1438	6674	1888	8704	1188	7434	0	0	2432	37544	524	8406	4694	0	0	6926	0	4684	0	8054	1378	25424	0	4464	0	0	0	118	0	238	0	0	360	20114	1032	4118	140	180	0	222	0	0	1436	2160	106	0	0	0	0	0	0	1454	0	0	0	3292	6152	4494	0	314	0	136	1164	3902	7116	7182	0	0	0	0	0	0	0	0	0	0	6402	8296	620	0	0	0	
191868	Occipital_Sup_L	336	0	0	0	0	0	0	0	0	0	0	0	0	0	0	0	0	0	0	0	0	0	0	0	0	0	0	0	0	0	0	0	974	0	804	0	138	0	114	0	0	0	11114	0	22052	0	4342	0	0	0	29696	0	4298	0	1770	0	0	0	5356	0	256	0	0	0	766	0	12550	0	444	0	0	0	0	0	0	0	0	0	0	0	0	0	0	0	822	0	0	0	102	0	0	0	0	0	0	0	0	0	0	0	0	0	0	0	0	0	0	0	0	0	0	0	0	0	0	0	
356228	Occipital_Sup_R	0	4618	0	112	0	0	0	0	0	0	0	0	0	0	0	0	0	0	0	578	0	0	0	0	0	0	0	0	0	0	0	0	0	412	0	376	0	0	0	0	0	0	528	24060	1718	37176	296	6926	0	0	0	32466	0	2012	0	3460	0	12902	0	4074	0	2290	0	2676	0	3036	0	18832	0	8932	0	126	0	116	0	0	0	0	0	0	0	1182	0	0	0	7142	0	0	0	1966	0	0	0	0	0	0	0	0	0	102	0	0	0	0	0	0	0	0	0	0	0	0	0	0	0	0	
544768	Occipital_Mid_L	12184	118	0	0	0	0	0	0	0	0	0	0	0	0	0	0	274	0	0	116	0	0	0	0	0	0	0	0	818	0	0	0	4946	0	722	0	764	0	664	0	0	0	28736	0	17268	0	14644	0	29696	0	0	0	24988	0	9342	0	11682	0	11702	0	15394	0	578	0	16670	0	25488	0	12412	0	0	0	0	0	0	0	0	0	346	0	636	0	0	0	26494	0	0	0	5104	0	0	0	0	0	0	0	0	0	446	0	0	0	0	0	0	0	0	0	0	0	0	152	0	0	0	0	
302908	Occipital_Mid_R	0	1222	0	0	0	0	0	0	0	0	0	0	0	0	0	0	0	0	0	118	0	0	0	0	0	0	0	0	0	0	0	0	0	302	0	152	0	0	0	0	0	0	0	16478	138	16540	168	4684	0	32466	0	0	0	5812	0	3618	0	4616	0	3246	0	9734	0	4952	0	17108	0	8128	0	2992	0	0	0	0	0	0	0	0	0	0	0	2548	0	0	0	14112	0	0	0	2206	0	0	0	0	0	0	0	0	0	114	0	0	0	0	0	0	0	0	0	0	0	0	0	0	0	0	
198220	Occipital_Inf_L	5296	0	0	0	0	0	0	0	0	0	0	0	0	0	0	0	562	0	0	0	0	0	0	0	0	0	0	0	1608	0	0	0	264	0	842	0	646	0	232	0	0	0	6330	0	3470	0	12766	0	4298	0	24988	0	0	0	15838	0	1256	0	0	0	138	0	0	0	534	0	3986	0	1568	0	0	0	0	0	0	0	0	0	1042	0	236	0	0	0	7310	0	0	0	4350	0	0	0	0	0	0	0	0	0	1006	0	0	0	0	0	0	0	0	0	0	0	0	544	0	0	0	0	
111712	Occipital_Inf_R	0	1588	0	134	0	0	0	0	0	0	0	0	0	0	0	0	0	0	0	0	0	0	0	0	0	0	0	0	0	0	0	0	0	0	0	224	0	186	0	0	0	0	306	8408	0	888	136	8054	0	2012	0	5812	0	0	0	11788	0	266	0	0	0	0	0	280	0	0	0	2122	0	294	0	0	0	0	0	0	0	0	0	0	0	286	0	0	0	4612	0	0	0	6202	202	142	0	0	0	0	0	0	252	1070	0	0	0	0	0	0	0	0	0	0	184	408	0	0	0	0	
516140	Fusiform_L	2992	0	1530	0	0	0	804	0	0	0	476	0	272	0	112	0	618	0	1356	0	0	0	0	0	0	0	0	0	9144	0	0	0	106	0	1794	380	29398	380	14668	220	4138	0	4944	0	1368	0	22392	1378	1770	0	9342	0	15838	0	0	246	668	0	0	0	0	0	0	0	0	0	3698	0	632	0	0	0	3868	0	0	0	908	364	3258	0	4542	0	3346	0	5664	0	3926	0	26892	0	22336	168	2534	156	332	0	13100	0	27888	0	382	0	1408	0	520	0	0	0	0	0	2142	3032	640	0	0	0	
469684	Fusiform_R	466	4184	510	1208	0	0	174	320	0	0	0	842	0	314	0	0	0	306	102	434	0	0	0	0	0	0	0	0	336	2348	0	0	0	266	2216	5066	2416	23216	1334	15578	0	4884	180	15872	0	1862	1654	25424	0	3460	0	3618	0	11788	246	0	0	1124	0	0	0	0	0	0	0	0	150	7886	442	730	116	278	0	4408	0	572	1906	3156	212	666	120	1628	0	2268	0	5158	0	776	0	23504	2512	11786	0	1176	0	496	152	6544	2690	15020	0	138	0	148	0	0	0	0	0	0	3636	3716	1104	0	0	0	
370548	Postcentral_L	32986	114	4214	0	0	0	3208	0	0	0	4516	0	510	0	0	0	8576	0	374	0	0	0	0	0	0	0	0	0	6998	0	0	0	932	0	304	302	1556	250	0	150	0	0	832	0	586	0	140	0	0	0	11682	0	1256	0	668	0	0	0	17232	0	31446	0	13236	0	14270	0	5542	0	4756	0	274	110	992	0	210	0	992	176	4050	0	5762	0	0	0	3976	0	0	0	2096	0	0	0	0	0	0	0	0	0	0	0	0	0	0	0	0	0	0	0	0	0	0	0	0	0	0	0	
363932	Postcentral_R	104	21750	110	1584	0	0	0	1220	0	0	0	3778	0	106	0	0	0	3644	0	1400	0	0	0	0	0	0	0	0	0	1740	0	0	0	1866	150	2144	0	594	0	122	0	0	0	7758	0	14974	0	4464	0	12902	0	4616	0	266	0	1124	0	0	0	12202	0	10906	0	16094	0	1686	0	25884	154	15710	0	1246	0	2882	0	356	108	1200	0	214	0	2052	0	0	0	3278	0	0	0	1578	0	0	0	0	0	0	0	0	0	0	0	0	0	0	0	0	0	0	0	0	0	0	0	0	0	0	
180376	Parietal_Sup_L	3002	0	432	0	0	0	366	0	0	0	0	0	0	0	0	0	716	0	0	0	0	0	0	0	0	0	0	0	400	0	0	0	426	0	0	0	0	0	0	0	0	0	132	0	1444	0	0	0	5356	0	11702	0	0	0	0	0	17232	0	0	0	18678	0	1928	0	8414	0	12074	0	4016	0	0	0	0	0	0	0	0	0	114	0	1654	0	0	0	1406	0	0	0	696	0	0	0	0	0	0	0	0	0	0	0	0	0	0	0	0	0	0	0	0	0	0	0	0	0	0	0	
112468	Parietal_Sup_R	0	1286	0	0	0	0	0	0	0	0	0	0	0	0	0	0	0	0	0	0	0	0	0	0	0	0	0	0	0	0	0	0	0	0	0	0	0	0	0	0	0	0	0	156	358	4592	0	0	0	4074	0	3246	0	0	0	0	0	12202	0	0	0	9046	0	2914	0	3990	592	11318	0	842	0	248	0	242	0	0	0	0	0	0	0	202	0	0	0	600	0	0	0	326	0	0	0	0	0	0	0	0	0	0	0	0	0	0	0	0	0	0	0	0	0	0	0	0	0	0	
305652	Parietal_Inf_L	6666	0	866	0	0	0	704	0	0	0	0	0	0	0	0	0	1948	0	0	0	0	0	0	0	0	0	0	0	1136	0	0	0	722	0	0	0	132	0	0	0	0	0	0	0	0	0	0	0	256	0	15394	0	138	0	0	0	31446	0	18678	0	0	0	19852	0	31890	0	2318	0	3494	0	0	0	0	0	0	0	0	0	380	0	3150	0	0	0	11774	0	0	0	1882	0	0	0	0	0	0	0	0	0	0	0	0	0	0	0	0	0	0	0	0	0	0	0	0	0	0	0	
139908	Parietal_Inf_R	0	1996	0	0	0	0	0	0	0	0	0	0	0	0	0	0	0	0	0	0	0	0	0	0	0	0	0	0	0	0	0	0	0	0	0	0	0	0	0	0	0	0	0	370	0	1702	0	118	0	2290	0	9734	0	0	0	0	0	10906	0	9046	0	0	0	12574	0	15524	0	1896	0	532	0	704	0	686	0	0	0	0	0	0	0	536	0	0	0	1200	0	0	0	140	0	0	0	0	0	0	0	0	0	0	0	0	0	0	0	0	0	0	0	0	0	0	0	0	0	0	
140084	SupraMarginal_L	4422	0	1576	0	0	0	752	0	0	0	0	0	0	0	0	0	1704	0	0	0	0	0	0	0	0	0	0	0	504	0	0	0	0	0	0	0	0	0	0	0	0	0	0	0	0	0	0	0	0	0	578	0	0	0	0	0	13236	0	1928	0	19852	0	0	0	9786	0	0	0	1938	0	0	0	0	0	0	0	0	0	0	0	5358	0	0	0	8176	0	0	0	232	0	0	0	0	0	0	0	0	0	0	0	0	0	0	0	0	0	0	0	0	0	0	0	0	0	0	0	
147144	SupraMarginal_R	0	3760	0	174	0	0	0	106	0	0	0	0	0	0	0	0	0	1704	0	0	0	0	0	0	0	0	0	0	0	142	0	0	0	0	0	0	0	0	0	0	0	0	0	464	0	1656	0	238	0	2676	0	4952	0	280	0	0	0	16094	0	2914	0	12574	0	0	0	9852	0	1734	0	608	0	474	0	542	0	124	0	0	0	0	0	6556	0	0	0	5208	0	0	0	740	0	0	0	0	0	0	0	0	0	0	0	0	0	0	0	0	0	0	0	0	0	0	0	0	0	0	
228804	Angular_L	2896	0	574	0	0	0	494	0	0	0	0	0	0	0	0	0	1696	0	0	0	0	0	0	0	0	0	0	0	972	0	0	0	700	0	0	0	0	0	0	0	0	0	560	0	206	0	0	0	766	0	16670	0	534	0	0	0	14270	0	8414	0	31890	0	9786	0	0	0	1424	0	628	0	0	0	0	0	0	0	0	0	308	0	3116	0	0	0	16428	0	0	0	2070	0	0	0	0	0	0	0	0	0	0	0	0	0	0	0	0	0	0	0	0	0	0	0	0	0	0	0	
133372	Angular_R	0	102	0	0	0	0	0	0	0	0	0	0	0	0	0	0	0	0	0	0	0	0	0	0	0	0	0	0	0	0	0	0	0	0	0	0	0	0	0	0	0	0	0	232	0	1072	0	0	0	3036	0	17108	0	0	0	0	0	1686	0	3990	0	15524	0	9852	0	0	0	766	0	264	0	0	0	0	0	0	0	0	0	0	0	5600	0	0	0	6780	0	0	0	674	0	0	0	0	0	0	0	0	0	0	0	0	0	0	0	0	0	0	0	0	0	0	0	0	0	0	
346972	Precuneus_L	3184	278	0	278	0	0	158	0	0	0	0	0	0	0	0	0	0	0	1260	524	0	0	0	0	0	0	0	0	126	0	0	0	10866	1130	7940	1526	5560	910	3014	480	0	0	19866	168	13534	1392	10250	360	12550	0	25488	0	3986	0	3698	150	5542	0	12074	592	2318	0	0	0	1424	0	0	4998	10878	272	0	0	0	0	0	0	924	204	0	0	108	0	0	0	3692	0	0	0	1508	0	0	0	0	0	0	0	0	0	0	0	0	0	0	0	0	0	0	0	0	0	276	0	0	0	0	0	
498596	Precuneus_R	1010	9396	0	770	0	0	0	0	0	0	0	0	0	0	0	0	0	0	148	5626	0	0	0	0	0	0	0	0	0	0	0	0	1074	9022	1062	13504	770	6418	700	3380	0	0	400	25830	1452	28542	820	20114	0	18832	0	8128	0	2122	0	7886	0	25884	0	11318	0	1896	0	1734	0	766	4998	0	1676	19180	0	632	0	432	0	134	402	822	0	0	0	910	0	0	0	3224	0	0	0	5296	0	0	0	0	0	0	0	260	0	0	0	0	0	0	0	0	0	0	0	0	2728	0	0	0	0	0	
522636	Paracentral_Lobule_L	52010	13734	21988	9790	0	0	3328	0	0	0	0	0	0	0	0	0	112	0	20250	14750	0	0	0	0	0	0	0	0	368	576	0	0	8112	9562	9562	5646	2624	2290	952	1060	0	0	2752	418	1520	0	774	1032	444	0	12412	0	1568	0	632	442	4756	154	4016	0	3494	0	1938	0	628	0	10878	1676	0	5526	2202	174	0	0	0	0	13076	6274	248	102	1124	108	0	0	4248	130	0	0	1858	0	0	0	0	0	0	0	0	0	0	0	0	0	0	0	0	0	0	0	0	0	0	0	0	0	0	0	
250076	Paracentral_Lobule_R	2988	13812	0	0	0	0	0	0	0	0	0	0	0	0	0	0	0	0	832	10176	0	0	0	0	0	0	0	0	0	0	0	0	650	8576	2436	7686	0	0	0	0	0	0	112	4280	0	10506	0	4118	0	8932	0	2992	0	294	0	730	0	15710	0	842	0	532	0	608	0	264	272	19180	5526	0	0	110	0	116	0	0	0	0	0	0	0	446	0	0	0	1356	0	0	0	760	0	0	0	0	0	0	0	0	0	0	0	0	0	0	0	0	0	0	0	0	196	0	0	0	0	0	
418784	Caudate_L	9052	4522	17742	10556	268	340	11164	5968	0	0	184	870	0	254	248	0	1316	316	19312	2726	5904	8032	460	360	312	0	1290	226	2812	634	4138	2608	0	352	148	152	1522	354	146	232	0	0	0	0	0	0	122	140	0	0	0	0	0	0	0	116	274	0	0	0	0	0	0	0	0	0	0	0	2202	0	0	26662	28586	9064	4400	3192	14568	4310	0	0	1236	0	0	0	0	0	0	0	0	0	0	0	0	0	0	0	0	0	0	0	0	0	0	0	0	0	0	0	0	0	0	0	0	0	0	0	
547944	Caudate_R	1470	16912	5456	30056	0	4280	3136	14482	0	290	0	3758	0	2168	280	416	408	1612	7720	8768	4968	9264	200	3478	0	6808	726	3384	1280	3974	4796	15974	0	428	246	284	560	1230	0	354	0	0	0	428	0	346	0	180	0	126	0	0	0	0	0	278	110	1246	0	248	0	704	0	474	0	0	0	632	174	110	26662	0	18188	30666	910	11412	2318	18622	0	110	398	278	0	0	0	0	0	0	0	186	0	0	0	0	0	0	0	0	0	0	0	0	0	0	0	0	0	0	0	0	0	0	0	0	0	0	
456216	Putamen_L	9182	720	19360	3872	7228	304	7610	3182	2998	0	1606	304	2068	142	8300	0	1580	122	16606	778	5944	7214	4178	332	384	0	1784	230	21540	276	6670	2158	0	0	0	0	10612	0	1708	0	916	0	0	0	0	0	0	0	0	0	0	0	0	0	3868	0	992	0	0	0	0	0	0	0	0	0	0	0	0	0	28586	18188	0	7556	6852	1692	4362	392	118	0	1132	0	1776	0	228	0	0	0	2458	0	0	0	0	0	0	0	0	0	0	0	0	0	0	0	0	0	0	0	0	0	0	0	0	0	0	0	
402888	Putamen_R	450	7512	1298	11276	0	6544	758	8766	0	244	0	8154	0	4816	196	3424	0	3572	1804	1816	1600	3304	102	4496	0	6046	250	2184	574	20154	1932	9164	0	356	0	102	286	10912	0	3886	0	458	0	280	0	258	0	222	0	116	0	0	0	0	0	4408	0	2882	0	242	0	686	0	542	0	0	0	432	0	116	9064	30666	7556	0	340	8304	256	5174	0	296	0	1502	0	104	0	442	0	0	0	1120	0	0	0	0	0	0	0	0	0	0	0	0	0	0	0	0	0	0	0	0	0	0	0	0	0	0	
63960	Pallidum_L	2340	0	5116	0	0	0	1962	0	0	0	0	0	0	0	0	0	328	0	4472	0	0	538	0	0	0	0	0	0	296	0	0	0	0	0	0	0	1580	0	0	0	0	0	0	0	0	0	0	0	0	0	0	0	0	0	0	0	210	0	0	0	0	0	0	0	0	0	0	0	0	0	4400	910	6852	340	0	472	2164	0	0	0	0	0	0	0	0	0	0	0	0	0	0	0	0	0	0	0	0	0	0	0	0	0	0	0	0	0	0	0	0	0	0	0	0	0	0	0	
98408	Pallidum_R	168	3992	578	2348	0	0	586	3932	0	0	0	2304	0	1220	0	0	0	1308	616	220	0	406	0	286	0	0	0	0	0	1582	0	984	0	0	0	0	214	1082	0	782	0	0	0	106	0	0	0	0	0	0	0	0	0	0	0	572	0	356	0	0	0	0	0	124	0	0	0	134	0	0	3192	11412	1692	8304	472	0	0	0	0	0	0	232	0	0	0	0	0	0	0	0	0	0	0	0	0	0	0	0	0	0	0	0	0	0	0	0	0	0	0	0	0	0	0	0	0	0	
353220	Thalamus_L	16122	7270	17086	8094	0	0	2140	720	0	0	1264	0	656	0	0	0	1384	152	12818	1066	0	0	0	0	0	0	0	0	4458	716	0	0	184	0	3476	4452	11996	4822	6432	3796	0	0	102	0	0	0	4114	1436	0	0	0	0	0	0	908	1906	992	108	0	0	0	0	0	0	0	0	924	402	13076	0	14568	2318	4362	256	2164	0	0	16926	868	172	894	148	0	0	142	0	0	0	720	0	0	0	0	0	0	0	0	0	0	0	0	0	0	0	0	0	0	0	0	0	0	0	0	0	0	0	
355260	Thalamus_R	6534	24470	7060	24082	0	0	3112	674	0	0	0	1644	0	186	0	0	858	1536	2130	4658	0	0	0	0	0	0	0	0	1154	3954	0	0	102	0	3318	4668	4866	9532	2754	5418	0	0	0	0	0	0	1558	2160	0	0	0	0	0	0	364	3156	176	1200	0	0	0	0	0	0	0	0	204	822	6274	0	4310	18622	392	5174	0	0	16926	0	448	238	986	592	0	0	0	316	0	0	0	894	0	0	0	0	0	0	0	108	0	0	0	0	0	0	0	0	0	0	0	0	0	0	0	0	0	0	
114428	Heschl_L	4158	256	902	208	0	0	564	0	0	0	798	0	118	0	0	0	5246	0	202	0	0	0	0	0	0	0	0	0	7382	0	0	0	0	0	576	690	3514	586	0	370	0	0	0	0	0	0	0	106	0	0	346	0	1042	0	3258	212	4050	0	114	0	380	0	0	0	308	0	0	0	248	0	0	0	118	0	0	0	868	448	0	0	8754	0	0	0	7402	0	0	0	3990	0	0	0	0	0	0	0	0	0	0	0	0	0	0	0	0	0	0	0	0	0	0	0	0	0	0	0	
33592	Heschl_R	0	674	126	356	0	0	0	414	0	0	0	262	0	0	0	0	0	2894	0	0	0	0	0	0	0	0	0	0	0	2604	0	0	0	0	0	0	110	512	0	284	0	0	0	0	0	0	0	0	0	0	0	0	0	0	0	666	0	214	0	0	0	0	0	0	0	0	0	0	102	0	0	110	0	296	0	0	172	238	0	0	0	4266	0	0	0	1164	0	0	0	1332	0	0	0	0	0	0	0	0	0	0	0	0	0	0	0	0	0	0	0	0	0	0	0	0	0	0	
338796	Temporal_Sup_L	13160	514	5050	608	0	0	8098	352	0	0	6766	186	2366	0	644	0	14818	0	2246	152	0	0	246	0	0	0	0	0	19326	0	288	0	134	0	218	226	3562	246	182	214	122	0	0	0	0	0	0	0	0	0	636	0	236	0	4542	120	5762	0	1654	0	3150	0	5358	0	3116	0	108	0	1124	0	1236	398	1132	0	0	0	894	986	8754	0	0	0	3706	0	30330	0	0	0	16432	0	0	0	0	0	0	0	0	0	0	0	0	0	0	0	0	0	0	0	0	0	0	0	0	0	0	0	
144456	Temporal_Sup_R	102	1456	140	1416	0	0	0	790	0	0	0	2000	0	506	0	0	0	5546	0	508	0	0	0	0	0	0	0	0	0	4834	0	0	0	0	0	126	112	1158	0	462	0	0	0	0	0	730	0	0	0	1182	0	2548	0	286	0	1628	0	2052	0	202	0	536	0	6556	0	5600	0	910	108	446	0	278	0	1502	0	232	148	592	0	4266	0	0	0	2100	0	16394	0	380	0	4396	0	0	0	0	0	0	0	0	0	0	0	0	0	0	0	0	0	0	0	0	0	0	0	0	0	0	
100456	Temporal_Pole_Sup_L	126	0	1042	0	614	0	524	0	810	0	1478	0	1438	0	2606	0	1310	0	606	0	296	0	0	0	0	0	0	0	3988	0	0	0	0	0	0	0	1296	0	972	0	1156	0	0	0	0	0	0	0	0	0	0	0	0	0	3346	0	0	0	0	0	0	0	0	0	0	0	0	0	0	0	0	0	1776	0	0	0	0	0	0	0	3706	0	0	0	8706	0	6270	0	8162	0	0	0	0	0	0	0	0	0	0	0	0	0	0	0	0	0	0	0	0	0	0	0	0	0	0	0	
35592	Temporal_Pole_Sup_R	0	0	0	314	0	0	0	166	0	0	0	540	0	128	0	0	0	580	0	174	0	0	0	0	0	0	0	0	0	664	0	0	0	0	0	0	0	492	0	266	0	1060	0	0	0	0	0	0	0	0	0	0	0	0	0	2268	0	0	0	0	0	0	0	0	0	0	0	0	0	0	0	0	0	104	0	0	0	0	0	0	0	2100	0	0	0	2502	0	3128	0	3310	0	0	0	0	0	0	0	0	0	0	0	0	0	0	0	0	0	0	0	0	0	0	0	0	0	0	
435260	Temporal_Mid_L	10418	0	1022	0	0	0	404	0	0	0	440	0	200	0	118	0	2186	0	714	0	0	0	104	0	0	0	0	0	7524	0	0	0	1816	0	182	0	2278	0	180	0	454	0	3258	0	984	0	284	0	822	0	26494	0	7310	0	5664	0	3976	0	1406	0	11774	0	8176	0	16428	0	3692	0	4248	0	0	0	228	0	0	0	142	0	7402	0	30330	0	8706	0	0	0	6310	0	41956	0	0	0	0	0	0	0	0	0	0	0	0	0	0	0	0	0	0	0	0	0	0	0	0	0	0	0	
242272	Temporal_Mid_R	152	3326	146	270	0	0	0	0	0	0	0	430	0	0	0	0	0	406	0	106	0	0	0	0	0	0	0	0	0	2418	0	0	0	0	194	344	0	2056	0	720	0	0	0	5570	0	3964	0	1454	0	7142	0	14112	0	4612	0	5158	0	3278	0	600	0	1200	0	5208	0	6780	0	3224	130	1356	0	0	0	442	0	0	0	316	0	1164	0	16394	0	2502	0	0	0	1206	0	24756	0	0	0	0	0	0	0	0	0	0	0	0	0	0	0	0	0	0	0	0	0	0	0	0	0	0	
50916	Temporal_Pole_Mid_L	0	0	0	0	0	0	0	0	0	0	0	0	0	0	0	0	0	0	0	0	0	0	0	0	0	0	0	0	0	0	0	0	0	0	0	0	290	0	1006	0	320	0	0	0	0	0	0	0	0	0	0	0	0	0	3926	0	0	0	0	0	0	0	0	0	0	0	0	0	0	0	0	0	0	0	0	0	0	0	0	0	0	0	6270	0	6310	0	0	0	7336	0	0	0	0	0	0	0	0	0	0	0	0	0	0	0	0	0	0	0	0	0	0	0	0	0	0	0	
14444	Temporal_Pole_Mid_R	0	0	0	0	0	0	0	0	0	0	0	0	0	0	0	0	0	0	0	0	0	0	0	0	0	0	0	0	0	0	0	0	0	0	0	0	0	0	0	0	0	0	0	0	0	0	0	0	0	0	0	0	0	0	0	776	0	0	0	0	0	0	0	0	0	0	0	0	0	0	0	0	0	0	0	0	0	0	0	0	0	380	0	3128	0	1206	0	0	0	1732	0	0	0	0	0	0	0	0	0	0	0	0	0	0	0	0	0	0	0	0	0	0	0	0	0	0	
394036	Temporal_Inf_L	6190	0	3576	0	0	0	1760	0	0	0	906	0	532	0	142	0	1120	0	2588	0	0	0	194	0	0	0	0	0	19018	0	0	0	380	0	160	0	19744	0	2334	0	2374	0	730	0	140	0	880	0	102	0	5104	0	4350	0	26892	0	2096	0	696	0	1882	0	232	0	2070	0	1508	0	1858	0	0	0	2458	0	0	0	720	0	3990	0	16432	0	8162	0	41956	0	7336	0	0	0	2620	0	716	0	0	0	704	0	2262	0	0	0	104	0	0	0	0	0	0	0	0	0	0	0	0	0	
243296	Temporal_Inf_R	0	6004	0	994	0	0	0	106	0	0	0	990	0	0	0	0	0	406	0	332	0	0	0	0	0	0	0	0	0	3592	0	0	0	112	138	2492	0	5356	0	1834	0	444	0	6936	0	738	0	3292	0	1966	0	2206	0	6202	0	23504	0	1578	0	326	0	140	0	740	0	674	0	5296	0	760	0	186	0	1120	0	0	0	894	0	1332	0	4396	0	3310	0	24756	0	1732	0	0	0	3190	0	656	0	318	0	632	0	1968	0	0	0	0	0	0	0	0	0	0	0	0	0	0	0	0	
602780	Cerebelum_Crus1_L	0	0	0	0	0	0	0	0	0	0	0	0	0	0	0	0	0	0	0	0	0	0	0	0	0	0	0	0	0	0	0	0	0	0	0	0	1340	0	2198	0	0	0	0	0	0	0	5664	6152	0	0	0	0	0	202	22336	2512	0	0	0	0	0	0	0	0	0	0	0	0	0	0	0	0	0	0	0	0	0	0	0	0	0	0	0	0	0	0	0	0	2620	0	0	10920	34746	6080	4686	1256	32936	2200	65962	11032	11596	598	16912	1506	2968	522	510	0	2008	4176	14032	19754	10046	1706	1758	456	
465472	Cerebelum_Crus1_R	0	0	0	0	0	0	0	0	0	0	0	0	0	0	0	0	0	0	0	0	0	0	0	0	0	0	0	0	0	0	0	0	0	0	0	0	0	0	114	0	0	0	0	0	0	0	0	4494	0	0	0	0	0	142	168	11786	0	0	0	0	0	0	0	0	0	0	0	0	0	0	0	0	0	0	0	0	0	0	0	0	0	0	0	0	0	0	0	0	0	3190	10920	0	910	41324	1158	3992	2526	16704	11206	45580	774	12324	1112	15230	1082	3646	0	284	622	2330	11396	14744	12706	1250	1022	0	
320384	Cerebelum_Crus2_L	0	0	0	0	0	0	0	0	0	0	0	0	0	0	0	0	0	0	0	0	0	0	0	0	0	0	0	0	0	0	0	0	0	0	0	0	188	0	1252	0	0	0	0	0	0	0	222	0	0	0	0	0	0	0	2534	0	0	0	0	0	0	0	0	0	0	0	0	0	0	0	0	0	0	0	0	0	0	0	0	0	0	0	0	0	0	0	0	0	716	0	34746	910	0	7562	1218	786	3690	1110	5876	724	37022	3080	33170	4604	3768	700	710	0	104	1064	412	972	9310	3536	206	0	
376980	Cerebelum_Crus2_R	0	0	0	0	0	0	0	0	0	0	0	0	0	0	0	0	0	0	0	0	0	0	0	0	0	0	0	0	0	0	0	0	0	0	0	0	0	0	106	0	0	0	0	0	0	0	0	314	0	0	0	0	0	0	156	1176	0	0	0	0	0	0	0	0	0	0	0	0	0	0	0	0	0	0	0	0	0	0	0	0	0	0	0	0	0	0	0	0	0	656	6080	41324	7562	0	846	2492	1444	3820	3790	9248	6612	26302	5376	30786	1122	5220	0	344	720	1960	1710	5342	18062	4736	1184	0	
107644	Cerebelum_3_L	0	0	0	0	0	0	0	0	0	0	0	0	0	0	0	0	0	0	0	0	0	0	0	0	0	0	0	0	0	0	0	0	0	0	0	0	0	0	364	0	0	0	0	0	0	0	0	0	0	0	0	0	0	0	332	0	0	0	0	0	0	0	0	0	0	0	0	0	0	0	0	0	0	0	0	0	0	0	0	0	0	0	0	0	0	0	0	0	0	0	4686	1158	1218	846	0	1042	11514	302	5508	1450	548	110	2610	1216	5386	794	0	0	1082	4962	1748	2338	1612	1316	1028	652	
104232	Cerebelum_3_R	0	0	0	0	0	0	0	0	0	0	0	0	0	0	0	0	0	0	0	0	0	0	0	0	0	0	0	0	0	0	0	0	0	0	0	0	0	0	0	0	0	0	0	0	0	0	0	136	0	0	0	0	0	0	0	496	0	0	0	0	0	0	0	0	0	0	0	0	0	0	0	0	0	0	0	0	0	0	0	0	0	0	0	0	0	0	0	0	0	318	1256	3992	786	2492	1042	0	1566	5654	1012	6166	1242	136	1970	3314	980	1556	0	0	1082	5082	2300	914	3798	2710	2000	116	
375732	Cerebelum_4_5_L	0	0	0	0	0	0	0	0	0	0	0	0	0	0	0	0	0	0	0	0	0	0	0	0	0	0	0	0	0	0	0	0	0	0	0	0	786	0	2984	0	0	0	0	0	0	0	6934	1164	0	0	0	0	0	0	13100	152	0	0	0	0	0	0	0	0	0	0	0	0	0	0	0	0	0	0	0	0	0	0	0	0	0	0	0	0	0	0	0	0	704	0	32936	2526	3690	1444	11514	1566	0	2050	42192	3678	1828	116	5394	1122	7836	1544	290	0	2370	5874	19342	5416	2732	1980	2624	1978	
201924	Cerebelum_4_5_R	0	0	0	0	0	0	0	0	0	0	0	0	0	0	0	0	0	0	0	0	0	0	0	0	0	0	0	0	0	0	0	0	0	0	0	0	0	446	0	1078	0	0	0	0	0	0	114	3902	0	0	0	0	0	0	0	6544	0	0	0	0	0	0	0	0	0	0	0	260	0	0	0	0	0	0	0	0	0	108	0	0	0	0	0	0	0	0	0	0	0	632	2200	16704	1110	3820	302	5654	2050	0	2066	26244	1172	142	1232	2962	428	812	0	0	160	1964	12600	1222	3142	1344	548	0	
562460	Cerebelum_6_L	0	0	0	0	0	0	0	0	0	0	0	0	0	0	0	0	0	0	0	0	0	0	0	0	0	0	0	0	202	0	0	0	0	0	0	0	1988	0	2702	0	0	0	470	148	0	0	10292	7116	0	0	446	0	1006	252	27888	2690	0	0	0	0	0	0	0	0	0	0	0	0	0	0	0	0	0	0	0	0	0	0	0	0	0	0	0	0	0	0	0	0	2262	0	65962	11206	5876	3790	5508	1012	42192	2066	0	12218	2126	244	4322	514	4564	1222	360	0	2198	3526	18000	24372	6836	1694	2518	1442	
395516	Cerebelum_6_R	0	0	0	0	0	0	0	0	0	0	0	0	0	0	0	0	0	0	0	0	0	0	0	0	0	0	0	0	0	0	0	0	0	0	0	0	0	132	0	0	0	0	0	506	0	0	170	7182	0	102	0	114	0	1070	0	15020	0	0	0	0	0	0	0	0	0	0	0	0	0	0	0	0	0	0	0	0	0	0	0	0	0	0	0	0	0	0	0	0	0	1968	11032	45580	724	9248	1450	6166	3678	26244	12218	0	648	1292	1092	3270	1412	616	0	252	1016	2864	15584	15618	9290	1212	988	0	
306512	Cerebelum_7b_L	0	0	0	0	0	0	0	0	0	0	0	0	0	0	0	0	0	0	0	0	0	0	0	0	0	0	0	0	0	0	0	0	0	0	0	0	0	0	146	0	0	0	0	0	0	0	0	0	0	0	0	0	0	0	382	0	0	0	0	0	0	0	0	0	0	0	0	0	0	0	0	0	0	0	0	0	0	0	0	0	0	0	0	0	0	0	0	0	0	0	11596	774	37022	6612	548	1242	1828	1172	2126	648	0	3436	44834	8076	8048	2866	1088	0	262	1022	540	214	8148	8688	1804	134	
177944	Cerebelum_7b_R	0	0	0	0	0	0	0	0	0	0	0	0	0	0	0	0	0	0	0	0	0	0	0	0	0	0	0	0	0	0	0	0	0	0	0	0	0	0	0	0	0	0	0	0	0	0	0	0	0	0	0	0	0	0	0	138	0	0	0	0	0	0	0	0	0	0	0	0	0	0	0	0	0	0	0	0	0	0	0	0	0	0	0	0	0	0	0	0	0	0	598	12324	3080	26302	110	136	116	142	244	1292	3436	0	2530	25948	130	5796	0	422	0	0	0	312	3142	2638	136	0	
367320	Cerebelum_8_L	0	0	0	0	0	0	0	0	0	0	0	0	0	0	0	0	0	0	0	0	0	0	0	0	0	0	0	0	0	0	0	0	0	0	0	0	108	0	896	0	0	0	0	0	0	0	0	0	0	0	0	0	0	0	1408	0	0	0	0	0	0	0	0	0	0	0	0	0	0	0	0	0	0	0	0	0	0	0	0	0	0	0	0	0	0	0	0	0	104	0	16912	1112	33170	5376	2610	1970	5394	1232	4322	1092	44834	2530	0	9082	19702	4402	3024	0	458	1854	1282	498	7184	9516	3288	300	
301700	Cerebelum_8_R	0	0	0	0	0	0	0	0	0	0	0	0	0	0	0	0	0	0	0	0	0	0	0	0	0	0	0	0	0	0	0	0	0	0	0	0	0	0	0	0	0	0	0	0	0	0	0	0	0	0	0	0	0	0	0	148	0	0	0	0	0	0	0	0	0	0	0	0	0	0	0	0	0	0	0	0	0	0	0	0	0	0	0	0	0	0	0	0	0	0	1506	15230	4604	30786	1216	3314	1122	2962	514	3270	8076	25948	9082	0	1744	17206	0	950	402	1952	1502	456	7280	9274	2084	222	
165284	Cerebelum_9_L	0	0	0	0	0	0	0	0	0	0	0	0	0	0	0	0	0	0	0	0	0	0	0	0	0	0	0	0	0	0	0	0	0	0	0	0	0	0	264	0	0	0	0	0	0	0	0	0	0	0	0	0	0	0	520	0	0	0	0	0	0	0	0	0	0	0	0	0	0	0	0	0	0	0	0	0	0	0	0	0	0	0	0	0	0	0	0	0	0	0	2968	1082	3768	1122	5386	980	7836	428	4564	1412	8048	130	19702	1744	0	2536	4446	0	428	1408	2086	3004	2162	2008	2742	1868	
158832	Cerebelum_9_R	0	0	0	0	0	0	0	0	0	0	0	0	0	0	0	0	0	0	0	0	0	0	0	0	0	0	0	0	0	0	0	0	0	0	0	0	0	0	0	0	0	0	0	0	0	0	0	0	0	0	0	0	0	0	0	0	0	0	0	0	0	0	0	0	0	0	0	0	0	0	0	0	0	0	0	0	0	0	0	0	0	0	0	0	0	0	0	0	0	0	522	3646	700	5220	794	1556	1544	812	1222	616	2866	5796	4402	17206	2536	0	288	1626	788	1288	1436	2854	3144	6678	8296	3580	
21432	Cerebelum_10_L	0	0	0	0	0	0	0	0	0	0	0	0	0	0	0	0	0	0	0	0	0	0	0	0	0	0	0	0	0	0	0	0	0	0	0	0	0	0	0	0	0	0	0	0	0	0	0	0	0	0	0	0	0	0	0	0	0	0	0	0	0	0	0	0	0	0	0	0	0	0	0	0	0	0	0	0	0	0	0	0	0	0	0	0	0	0	0	0	0	0	510	0	710	0	0	0	290	0	360	0	1088	0	3024	0	4446	288	0	0	0	0	0	0	0	0	0	0	
8532	Cerebelum_10_R	0	0	0	0	0	0	0	0	0	0	0	0	0	0	0	0	0	0	0	0	0	0	0	0	0	0	0	0	0	0	0	0	0	0	0	0	0	0	0	0	0	0	0	0	0	0	0	0	0	0	0	0	0	0	0	0	0	0	0	0	0	0	0	0	0	0	0	0	0	0	0	0	0	0	0	0	0	0	0	0	0	0	0	0	0	0	0	0	0	0	0	284	0	344	0	0	0	0	0	252	0	422	0	950	0	1626	0	0	0	0	0	0	0	228	160	0	
60452	Vermis_1_2	0	0	0	0	0	0	0	0	0	0	0	0	0	0	0	0	0	0	0	0	0	0	0	0	0	0	0	0	0	0	0	0	0	0	0	0	0	0	0	0	0	0	0	0	0	0	0	0	0	0	0	0	0	0	0	0	0	0	0	0	0	0	0	0	0	0	0	0	0	0	0	0	0	0	0	0	0	0	0	0	0	0	0	0	0	0	0	0	0	0	2008	622	104	720	1082	1082	2370	160	2198	1016	262	0	458	402	428	788	0	0	0	5928	2492	1744	2004	1868	2104	386	
128024	Vermis_3	0	0	0	0	0	0	0	0	0	0	0	0	0	0	0	0	0	0	0	0	0	0	0	0	0	0	0	0	0	0	0	0	0	0	0	0	0	0	192	0	0	0	0	0	0	0	110	0	0	0	0	0	0	0	0	0	0	0	0	0	0	0	0	0	0	0	0	0	0	0	0	0	0	0	0	0	0	0	0	0	0	0	0	0	0	0	0	0	0	0	4176	2330	1064	1960	4962	5082	5874	1964	3526	2864	1022	0	1854	1952	1408	1288	0	0	5928	0	4386	2106	3888	2976	2896	204	
