data	data	462008	233340	764884	635884	137812	85468	543632	252228	119384	24940	202540	224176	256984	281020	181836	83800	199636	52980	607688	700724	117016	114608	315256	355108	57756	114828	137304	152392	555588	368508	308876	472788	118236	507816	91100	169040	296344	341940	83584	198972	44032	65740	185564	188948	181888	215468	235396	291656	222736	240024	352756	131412	90232	76580	399224	449668	300060	248232	174844	82596	227576	107668	89464	60504	149868	157308	234856	303980	154608	158844	318448	357512	273252	371972	50000	45036	112820	159484	45964	36736	184208	78948	86072	39032	225440	122680	47512	21888	239700	135664	540440	519784	401532	373492	47888	76384	386552	316720	461464	479428	265336	122832	413088	428424	133724	148108	20536	25436	59016	102364	384908	173208	325872	183588	127700	65300	
data	data	Precentral_L	Precentral_R	Frontal_Sup_L	Frontal_Sup_R	Frontal_Sup_Orb_L	Frontal_Sup_Orb_R	Frontal_Mid_L	Frontal_Mid_R	Frontal_Mid_Orb_L	Frontal_Mid_Orb_R	Frontal_Inf_Oper_L	Frontal_Inf_Oper_R	Frontal_Inf_Tri_L	Frontal_Inf_Tri_R	Frontal_Inf_Orb_L	Frontal_Inf_Orb_R	Rolandic_Oper_L	Rolandic_Oper_R	Supp_Motor_Area_L	Supp_Motor_Area_R	Olfactory_L	Olfactory_R	Frontal_Sup_Medial_L	Frontal_Sup_Medial_R	Frontal_Med_Orb_L	Frontal_Med_Orb_R	Rectus_L	Rectus_R	Insula_L	Insula_R	Cingulum_Ant_L	Cingulum_Ant_R	Cingulum_Mid_L	Cingulum_Mid_R	Cingulum_Post_L	Cingulum_Post_R	Hippocampus_L	Hippocampus_R	ParaHippocampal_L	ParaHippocampal_R	Amygdala_L	Amygdala_R	Calcarine_L	Calcarine_R	Cuneus_L	Cuneus_R	Lingual_L	Lingual_R	Occipital_Sup_L	Occipital_Sup_R	Occipital_Mid_L	Occipital_Mid_R	Occipital_Inf_L	Occipital_Inf_R	Fusiform_L	Fusiform_R	Postcentral_L	Postcentral_R	Parietal_Sup_L	Parietal_Sup_R	Parietal_Inf_L	Parietal_Inf_R	SupraMarginal_L	SupraMarginal_R	Angular_L	Angular_R	Precuneus_L	Precuneus_R	Paracentral_Lobule_L	Paracentral_Lobule_R	Caudate_L	Caudate_R	Putamen_L	Putamen_R	Pallidum_L	Pallidum_R	Thalamus_L	Thalamus_R	Heschl_L	Heschl_R	Temporal_Sup_L	Temporal_Sup_R	Temporal_Pole_Sup_L	Temporal_Pole_Sup_R	Temporal_Mid_L	Temporal_Mid_R	Temporal_Pole_Mid_L	Temporal_Pole_Mid_R	Temporal_Inf_L	Temporal_Inf_R	Cerebelum_Crus1_L	Cerebelum_Crus1_R	Cerebelum_Crus2_L	Cerebelum_Crus2_R	Cerebelum_3_L	Cerebelum_3_R	Cerebelum_4_5_L	Cerebelum_4_5_R	Cerebelum_6_L	Cerebelum_6_R	Cerebelum_7b_L	Cerebelum_7b_R	Cerebelum_8_L	Cerebelum_8_R	Cerebelum_9_L	Cerebelum_9_R	Cerebelum_10_L	Cerebelum_10_R	Vermis_1_2	Vermis_3	Vermis_4_5	Vermis_6	Vermis_7	Vermis_8	Vermis_9	Vermis_10	
462008	Precentral_L	0	2118	13276	2758	0	0	19300	1032	0	0	8462	132	2466	308	0	0	11642	92	11480	11960	0	0	104	0	0	0	0	0	20188	178	278	0	562	5100	546	370	10678	416	640	0	0	0	0	0	498	0	0	0	0	0	882	0	82	0	1152	0	29318	1852	1978	0	2530	0	760	0	532	0	1446	0	12552	2534	10946	2586	11370	368	6408	206	12158	1976	3126	0	1452	0	0	0	0	0	0	0	206	0	0	0	0	0	0	0	0	0	0	0	0	0	0	0	0	0	0	0	0	0	0	0	0	0	0	0	
233340	Precentral_R	2118	0	588	1942	0	0	268	6228	0	0	0	9862	0	1326	0	0	0	1632	568	1004	0	0	0	0	0	0	0	0	234	5988	0	80	110	1402	102	2884	0	10008	0	3184	0	0	0	128	0	190	0	94	0	354	88	0	0	0	0	4152	1282	24850	0	0	0	174	0	434	0	142	114	1866	1330	9838	828	1892	98	9500	0	1262	1494	3076	0	920	0	1432	0	0	0	442	0	0	0	394	0	0	0	0	0	0	0	238	0	0	0	0	0	0	0	0	0	0	0	0	530	0	0	0	0	0	
764884	Frontal_Sup_L	13276	588	0	8970	9404	0	76180	1642	6450	0	11522	366	20470	1044	11292	0	4206	0	54382	12944	1398	0	37598	6120	2734	186	2754	0	26106	532	15610	4826	4256	4512	0	0	3128	212	0	0	0	0	0	0	0	0	0	0	0	0	0	0	0	0	0	0	1148	88	0	0	0	0	0	0	0	0	0	0	2800	0	8282	3152	19660	1078	758	366	0	0	88	0	1308	0	1006	0	0	0	0	0	0	0	0	0	0	0	0	0	0	0	0	0	0	0	0	0	0	0	0	0	0	0	0	0	0	0	0	0	
635884	Frontal_Sup_R	2758	1942	8970	0	0	6622	1372	34056	0	3052	298	7294	238	14850	0	5680	224	366	18576	47960	0	1064	9780	36928	0	5276	174	7612	1268	11370	4122	28744	1234	23482	0	0	0	402	0	116	0	0	0	0	0	0	0	0	0	0	0	0	0	0	0	90	1164	108	140	0	134	0	0	0	0	0	0	0	1232	0	5502	12564	308	8402	0	2274	0	194	0	0	0	0	0	0	0	0	0	0	0	0	0	0	0	0	0	0	0	0	0	0	0	0	0	0	0	0	0	0	0	0	0	0	0	0	0	0	
137812	Frontal_Sup_Orb_L	0	0	9404	0	0	0	2262	0	13124	0	0	0	676	0	11852	0	0	0	0	0	3674	128	2172	98	3032	102	9232	106	4178	0	3052	284	0	0	0	0	284	0	0	0	248	0	0	0	0	0	0	0	0	0	0	0	0	0	0	0	0	0	0	0	0	0	0	0	0	0	0	0	0	0	3152	0	1472	0	0	0	0	0	0	0	0	0	374	0	0	0	0	0	0	0	0	0	0	0	0	0	0	0	0	0	0	0	0	0	0	0	0	0	0	0	0	0	0	0	0	0	
85468	Frontal_Sup_Orb_R	0	0	0	6622	0	0	0	3076	0	3058	0	0	0	88	0	3724	0	0	0	0	0	1646	0	1134	0	6732	1026	11142	0	1016	176	1878	0	0	0	0	0	0	0	0	0	0	0	0	0	0	0	0	0	0	0	0	0	0	0	0	0	0	0	0	0	0	0	0	0	0	0	0	0	0	0	974	0	442	0	0	0	0	0	0	0	0	0	0	0	0	0	0	0	0	0	0	0	0	0	0	0	0	0	0	0	0	0	0	0	0	0	0	0	0	0	0	0	0	0	0	
543632	Frontal_Mid_L	19300	268	76180	1372	2262	0	0	516	8790	0	10346	0	35172	290	11270	0	4786	0	12972	1790	1268	0	8456	880	0	0	950	0	29736	92	7278	1046	1920	1596	0	0	5062	0	108	0	0	0	0	0	0	0	0	0	0	0	0	0	0	0	124	0	3456	0	0	0	100	0	702	0	0	0	0	0	732	0	5872	836	12980	0	962	0	250	0	330	0	1032	0	734	0	0	0	0	0	0	0	0	0	0	0	0	0	0	0	0	0	0	0	0	0	0	0	0	0	0	0	0	0	0	0	0	0	
252228	Frontal_Mid_R	1032	6228	1642	34056	0	3076	516	0	0	3076	1288	6664	1494	16366	0	5122	0	0	2840	5366	0	308	728	3714	0	0	0	1290	1982	4982	398	2310	382	3224	0	0	0	826	0	308	0	0	0	0	0	0	0	0	0	0	0	0	0	0	0	364	232	332	0	0	0	0	0	0	0	0	0	0	100	0	4194	4718	350	4798	0	1352	0	100	0	162	0	194	0	0	0	0	0	0	0	0	0	0	0	0	0	0	0	0	0	0	0	0	0	0	0	0	0	0	0	0	0	0	0	0	0	0	
119384	Frontal_Mid_Orb_L	0	0	6450	0	13124	0	8790	0	0	0	0	0	4406	0	16504	0	0	0	0	0	1146	0	0	0	136	0	2556	0	3830	0	702	0	0	0	0	0	0	0	0	0	0	0	0	0	0	0	0	0	0	0	0	0	0	0	0	0	0	0	0	0	0	0	0	0	0	0	0	0	0	0	1342	0	342	0	0	0	0	0	0	0	0	0	364	0	0	0	0	0	0	0	0	0	0	0	0	0	0	0	0	0	0	0	0	0	0	0	0	0	0	0	0	0	0	0	0	0	
24940	Frontal_Mid_Orb_R	0	0	0	3052	0	3058	0	3076	0	0	0	0	0	122	0	2788	0	0	0	0	0	0	0	0	0	86	0	288	0	0	0	0	0	0	0	0	0	0	0	0	0	0	0	0	0	0	0	0	0	0	0	0	0	0	0	0	0	0	0	0	0	0	0	0	0	0	0	0	0	0	0	0	0	0	0	0	0	0	0	0	0	0	0	0	0	0	0	0	0	0	0	0	0	0	0	0	0	0	0	0	0	0	0	0	0	0	0	0	0	0	0	0	0	0	0	0	
202540	Frontal_Inf_Oper_L	8462	0	11522	298	0	0	10346	1288	0	0	0	0	18414	1200	0	0	9776	0	6216	514	0	0	274	0	0	0	0	0	15946	0	590	0	684	78	0	0	2244	0	0	0	0	0	0	0	0	0	0	0	0	0	0	0	0	0	0	0	3162	0	0	0	0	0	144	0	0	0	0	0	0	0	3868	1750	1242	0	170	0	270	0	214	0	1326	0	1272	0	0	0	0	0	0	0	0	0	0	0	0	0	0	0	0	0	0	0	0	0	0	0	0	0	0	0	0	0	0	0	0	0	
224176	Frontal_Inf_Oper_R	132	9862	366	7294	0	0	0	6664	0	0	0	0	0	22816	0	608	0	2240	2872	9778	0	0	0	106	0	0	0	0	0	22706	0	0	0	3412	0	0	0	4116	0	1810	0	0	0	0	0	0	0	0	0	0	0	0	0	0	0	1800	78	3466	0	0	0	0	0	0	0	0	0	0	0	0	162	2212	0	7046	0	618	0	0	0	478	0	636	0	296	0	0	0	0	0	302	0	0	0	0	0	0	0	212	0	0	0	0	0	0	0	0	0	0	0	0	0	0	0	0	0	0	
256984	Frontal_Inf_Tri_L	2466	0	20470	238	676	0	35172	1494	4406	0	18414	0	0	1422	6382	0	946	0	6326	234	274	0	512	0	0	0	274	0	17280	0	2648	78	682	0	0	0	282	0	0	0	0	0	0	0	0	0	0	0	0	0	0	0	0	0	0	0	422	0	0	0	0	0	0	0	0	0	0	0	0	0	4378	2114	576	0	0	0	0	0	0	0	188	0	138	0	0	0	0	0	0	0	0	0	0	0	0	0	0	0	0	0	0	0	0	0	0	0	0	0	0	0	0	0	0	0	0	0	
281020	Frontal_Inf_Tri_R	308	1326	1044	14850	0	88	290	16366	0	122	1200	22816	1422	0	0	2284	0	318	4596	14228	0	0	606	2288	0	0	0	0	1632	27348	348	2912	0	6388	0	0	0	1002	0	282	0	0	0	0	0	0	0	0	0	0	0	0	0	0	0	868	90	250	0	0	0	0	0	0	0	0	0	0	0	0	2258	6272	302	4580	0	772	0	0	0	324	0	500	0	90	0	0	0	0	0	140	0	0	0	0	0	0	0	0	0	0	0	0	0	0	0	0	0	0	0	0	0	0	0	0	0	0	
181836	Frontal_Inf_Orb_L	0	0	11292	0	11852	0	11270	0	16504	0	0	0	6382	0	0	0	0	0	294	0	4468	90	154	0	310	0	3538	0	13842	0	1224	96	0	0	0	0	1762	0	0	0	1030	0	0	0	0	0	0	0	0	0	0	0	0	0	0	0	0	0	0	0	0	0	0	0	0	0	0	0	0	0	2752	0	1618	0	0	0	0	0	0	0	0	0	2440	0	0	0	0	0	0	0	0	0	0	0	0	0	0	0	0	0	0	0	0	0	0	0	0	0	0	0	0	0	0	0	0	0	
83800	Frontal_Inf_Orb_R	0	0	0	5680	0	3724	0	5122	0	2788	0	608	0	2284	0	0	0	0	914	1070	0	2054	0	878	0	0	0	3990	0	5312	0	1848	0	0	0	0	0	144	0	0	0	146	0	0	0	0	0	0	0	0	0	0	0	0	0	0	0	0	0	0	0	0	0	0	0	0	0	0	0	0	0	2990	0	2348	0	0	0	0	0	0	0	0	0	0	0	0	0	0	0	0	0	0	0	0	0	0	0	0	0	0	0	0	0	0	0	0	0	0	0	0	0	0	0	0	0	0	
199636	Rolandic_Oper_L	11642	0	4206	224	0	0	4786	0	0	0	9776	0	946	0	0	0	0	0	2312	416	0	0	0	0	0	0	0	0	22434	0	0	0	86	0	0	0	7756	0	0	0	0	0	0	0	0	0	0	0	0	0	0	0	0	0	3300	0	9430	0	0	0	1396	0	2354	0	134	0	0	0	0	0	892	178	2624	0	684	0	182	0	3086	0	8110	0	896	0	1242	0	0	0	726	0	0	0	0	0	0	0	0	0	0	0	0	0	0	0	0	0	0	0	0	0	0	0	0	0	0	0	
52980	Rolandic_Oper_R	92	1632	0	366	0	0	0	0	0	0	0	2240	0	318	0	0	0	0	130	580	0	0	0	0	0	0	0	0	0	6442	0	0	0	0	0	0	0	2304	0	538	0	0	0	0	0	0	0	0	0	0	0	0	0	0	0	316	0	3196	0	0	0	0	0	1456	0	0	0	0	0	114	0	270	0	3368	0	126	0	290	0	1390	0	682	0	640	0	0	0	0	0	0	0	0	0	0	0	0	0	0	0	0	0	0	0	0	0	0	0	0	0	0	0	0	0	0	0	0	
607688	Supp_Motor_Area_L	11480	568	54382	18576	0	0	12972	2840	0	0	6216	2872	6326	4596	294	914	2312	130	0	57026	0	0	7592	7846	0	0	0	0	8492	4300	5410	10600	6248	27044	0	0	1462	194	0	0	0	0	0	0	0	0	0	0	0	0	0	0	0	0	0	0	770	186	0	0	0	0	0	0	0	0	0	0	11328	168	4500	10066	8022	6382	192	372	0	304	0	0	752	0	110	0	0	0	0	0	0	0	0	0	0	0	0	0	0	0	0	0	0	0	0	0	0	0	0	0	0	0	0	0	0	0	0	0	
700724	Supp_Motor_Area_R	11960	1004	12944	47960	0	0	1790	5366	0	0	514	9778	234	14228	0	1070	416	580	57026	0	0	0	3130	10624	0	0	0	0	1176	13106	3376	12716	3914	54298	138	1272	246	424	0	146	0	0	0	0	98	0	0	0	0	0	90	0	0	0	0	0	1890	1514	134	0	130	0	78	0	0	0	150	0	11304	10916	3362	21110	180	7760	124	1112	244	20730	0	0	0	0	0	0	0	0	0	0	0	0	0	0	0	0	0	0	0	0	0	0	0	0	0	0	0	0	0	0	0	0	0	0	0	0	0	0	
117016	Olfactory_L	0	0	1398	0	3674	0	1268	0	1146	0	0	0	274	0	4468	0	0	0	0	0	0	4814	0	0	2026	792	7692	1244	4304	0	4976	3824	0	0	0	0	2142	0	438	0	1854	0	0	0	0	0	0	0	0	0	0	0	0	0	0	0	0	0	0	0	0	0	0	0	0	0	0	0	0	0	8480	1834	890	312	0	0	0	0	0	0	0	0	658	0	0	0	0	0	0	0	0	0	0	0	0	0	0	0	0	0	0	0	0	0	0	0	0	0	0	0	0	0	0	0	0	0	
114608	Olfactory_R	0	0	0	1064	128	1646	0	308	0	0	0	0	0	0	90	2054	0	0	0	0	4814	0	0	1212	1234	2990	4708	7478	0	3132	3644	7472	0	0	0	0	0	272	0	92	0	436	0	0	0	0	0	0	0	0	0	0	0	0	0	0	0	0	0	0	0	0	0	0	0	0	0	0	0	0	5466	7080	902	1082	0	0	0	0	0	0	0	0	0	0	0	0	0	0	0	0	0	0	0	0	0	0	0	0	0	0	0	0	0	0	0	0	0	0	0	0	0	0	0	0	0	0	
315256	Frontal_Sup_Medial_L	104	0	37598	9780	2172	0	8456	728	0	0	274	0	512	606	154	0	0	0	7592	3130	0	0	0	25142	3072	936	242	116	972	544	21206	16656	4316	9964	0	0	0	0	0	0	0	0	0	0	0	0	0	0	0	0	0	0	0	0	0	0	0	0	0	0	0	0	0	0	0	0	0	0	0	0	0	976	1466	828	0	86	0	0	0	0	0	0	0	0	0	0	0	0	0	0	0	0	0	0	0	0	0	0	0	0	0	0	0	0	0	0	0	0	0	0	0	0	0	0	0	0	
355108	Frontal_Sup_Medial_R	0	0	6120	36928	98	1134	880	3714	0	0	0	106	0	2288	0	878	0	0	7846	10624	0	1212	25142	0	802	7470	204	4282	0	2468	7312	30170	802	15544	0	0	0	0	0	0	0	0	0	0	0	0	0	0	0	0	0	0	0	0	0	0	0	0	0	0	0	0	0	0	0	0	0	0	0	0	108	5340	322	5558	0	202	0	0	0	0	0	0	0	0	0	0	0	0	0	0	0	0	0	0	0	0	0	0	0	0	0	0	0	0	0	0	0	0	0	0	0	0	0	0	0	0	
57756	Frontal_Med_Orb_L	0	0	2734	0	3032	0	0	0	136	0	0	0	0	0	310	0	0	0	0	0	2026	1234	3072	802	0	1888	4078	506	0	0	4874	1440	0	0	0	0	0	0	0	0	0	0	0	0	0	0	0	0	0	0	0	0	0	0	0	0	0	0	0	0	0	0	0	0	0	0	0	0	0	0	1984	354	408	0	0	0	0	0	0	0	0	0	0	0	0	0	0	0	0	0	0	0	0	0	0	0	0	0	0	0	0	0	0	0	0	0	0	0	0	0	0	0	0	0	0	0	
114828	Frontal_Med_Orb_R	0	0	186	5276	102	6732	0	0	0	86	0	0	0	0	0	0	0	0	0	0	792	2990	936	7470	1888	0	2902	12840	0	0	3010	8332	0	0	0	0	0	0	0	0	0	0	0	0	0	0	0	0	0	0	0	0	0	0	0	0	0	0	0	0	0	0	0	0	0	0	0	0	0	0	852	2038	138	844	0	0	0	0	0	0	0	0	0	0	0	0	0	0	0	0	0	0	0	0	0	0	0	0	0	0	0	0	0	0	0	0	0	0	0	0	0	0	0	0	0	0	
137304	Rectus_L	0	0	2754	174	9232	1026	950	0	2556	0	0	0	274	0	3538	0	0	0	0	0	7692	4708	242	204	4078	2902	0	3472	1254	0	6248	5368	0	0	0	0	0	0	0	0	0	0	0	0	0	0	0	0	0	0	0	0	0	0	0	0	0	0	0	0	0	0	0	0	0	0	0	0	0	0	8306	1894	1238	542	0	0	0	0	0	0	0	0	0	0	0	0	0	0	0	0	0	0	0	0	0	0	0	0	0	0	0	0	0	0	0	0	0	0	0	0	0	0	0	0	0	0	
152392	Rectus_R	0	0	0	7612	106	11142	0	1290	0	288	0	0	0	0	0	3990	0	0	0	0	1244	7478	116	4282	506	12840	3472	0	0	2212	1936	9278	0	0	0	0	0	0	0	0	0	0	0	0	0	0	0	0	0	0	0	0	0	0	0	0	0	0	0	0	0	0	0	0	0	0	0	0	0	0	1690	4714	178	1822	0	0	0	0	0	0	0	0	0	0	0	0	0	0	0	0	0	0	0	0	0	0	0	0	0	0	0	0	0	0	0	0	0	0	0	0	0	0	0	0	0	0	
555588	Insula_L	20188	234	26106	1268	4178	0	29736	1982	3830	0	15946	0	17280	1632	13842	0	22434	0	8492	1176	4304	0	972	0	0	0	1254	0	0	0	3524	86	86	0	204	186	28750	212	1146	0	4644	0	0	0	432	0	0	0	0	0	0	0	0	0	1342	0	8290	80	506	0	1012	0	358	0	0	0	474	0	588	0	8652	2640	20266	82	670	0	856	210	4246	0	7428	0	4378	0	336	0	180	0	1076	0	0	0	0	0	0	0	0	0	0	0	0	0	0	0	0	0	0	0	0	0	0	0	0	0	0	0	
368508	Insula_R	178	5988	532	11370	0	1016	92	4982	0	0	0	22706	0	27348	0	5312	0	6442	4300	13106	0	3132	544	2468	0	0	0	2212	0	0	158	3494	0	5608	0	0	0	13270	0	3860	0	4098	0	0	0	0	0	0	0	0	0	0	0	0	0	4932	90	2238	0	0	0	0	0	0	0	0	0	0	0	0	224	4964	0	20494	0	820	0	382	0	2626	0	2690	0	612	0	308	0	0	0	1482	0	0	0	0	0	0	0	176	0	0	0	0	0	0	0	0	0	0	0	0	0	0	0	0	0	0	
308876	Cingulum_Ant_L	278	0	15610	4122	3052	176	7278	398	702	0	590	0	2648	348	1224	0	0	0	5410	3376	4976	3644	21206	7312	4874	3010	6248	1936	3524	158	0	22126	4584	5760	0	0	0	0	0	0	0	0	0	0	0	0	0	0	0	0	0	0	0	0	0	0	0	0	0	0	0	0	0	0	0	0	0	0	0	0	7664	4702	5606	1794	0	102	0	0	0	0	0	0	0	0	0	0	0	0	0	0	0	0	0	0	0	0	0	0	0	0	0	0	0	0	0	0	0	0	0	0	0	0	0	0	0	0	
472788	Cingulum_Ant_R	0	80	4826	28744	284	1878	1046	2310	0	0	0	0	78	2912	96	1848	0	0	10600	12716	3824	7472	16656	30170	1440	8332	5368	9278	86	3494	22126	0	3432	23946	0	0	0	0	0	0	0	0	0	0	0	0	0	0	0	0	0	0	0	0	0	0	0	0	0	0	0	0	0	0	0	0	0	0	0	0	4574	16054	796	11536	0	392	0	0	0	0	0	0	0	0	0	0	0	0	0	0	0	0	0	0	0	0	0	0	0	0	0	0	0	0	0	0	0	0	0	0	0	0	0	0	0	0	
118236	Cingulum_Mid_L	562	110	4256	1234	0	0	1920	382	0	0	684	0	682	0	0	0	86	0	6248	3914	0	0	4316	802	0	0	0	0	86	0	4584	3432	0	12158	3696	616	0	0	0	0	0	0	0	0	258	0	0	0	320	0	892	0	0	0	116	0	302	0	328	0	200	0	0	0	308	0	3742	906	1452	142	0	178	0	0	0	0	0	206	0	0	0	0	0	0	0	0	0	0	0	0	0	0	0	0	0	0	0	0	0	0	0	0	0	0	0	0	0	0	0	0	0	0	0	0	0	0	
507816	Cingulum_Mid_R	5100	1402	4512	23482	0	0	1596	3224	0	0	78	3412	0	6388	0	0	0	0	27044	54298	0	0	9964	15544	0	0	0	0	0	5608	5760	23946	12158	0	484	7110	0	476	0	168	0	0	0	0	0	92	0	0	0	0	0	0	0	0	0	86	550	3208	0	0	0	0	0	0	0	0	368	5246	8144	12748	122	2386	140	222	0	0	196	8340	0	0	0	0	0	0	0	0	0	0	0	0	0	0	0	0	0	0	0	0	0	0	0	0	0	0	0	0	0	0	0	0	306	0	0	0	0	0	
91100	Cingulum_Post_L	546	102	0	0	0	0	0	0	0	0	0	0	0	0	0	0	0	0	0	138	0	0	0	0	0	0	0	0	204	0	0	0	3696	484	0	6114	3680	2882	1264	784	0	0	726	0	1664	0	702	0	108	0	382	0	0	0	1782	0	5600	98	624	0	492	0	0	0	0	0	5768	650	3382	146	0	0	0	0	0	0	1190	2114	228	0	0	0	0	0	0	0	0	0	0	0	0	0	0	0	0	0	0	0	0	0	0	0	0	0	0	0	0	0	0	0	0	0	0	0	0	0	
169040	Cingulum_Post_R	370	2884	0	0	0	0	0	0	0	0	0	0	0	0	0	0	0	0	0	1272	0	0	0	0	0	0	0	0	186	0	0	0	616	7110	6114	0	2806	6454	916	2604	0	0	122	874	0	548	348	2182	0	834	0	314	0	0	298	3336	282	8170	0	956	0	560	0	994	0	538	698	18622	326	4996	134	0	0	390	0	0	1620	3152	228	0	0	170	0	0	0	426	0	0	0	250	0	0	0	0	0	0	0	0	0	0	0	0	0	0	0	0	0	0	0	0	1820	0	0	0	0	0	
296344	Hippocampus_L	10678	0	3128	0	284	0	5062	0	0	0	2244	0	282	0	1762	0	7756	0	1462	246	2142	0	0	0	0	0	0	0	28750	0	0	0	0	0	3680	2806	0	2422	10182	644	6798	0	614	0	504	0	1764	0	0	0	80	0	0	0	10010	0	3930	0	338	0	752	0	374	0	0	0	2296	252	996	0	514	0	10166	0	1408	0	4242	1834	2704	0	5184	0	2728	0	380	0	1284	0	4772	0	0	0	0	0	0	0	498	0	220	0	0	0	0	0	0	0	0	0	0	0	0	0	0	0	0	0	
341940	Hippocampus_R	416	10008	212	402	0	0	0	826	0	0	0	4116	0	1002	0	144	0	2304	194	424	0	272	0	0	0	0	0	0	212	13270	0	0	0	476	2882	6454	2422	0	852	27430	0	9746	120	0	0	0	348	1986	0	146	0	0	0	0	310	23090	190	4288	0	0	0	0	0	0	0	0	442	3706	126	1380	364	334	0	27046	0	1544	1454	5452	228	1208	0	1434	0	2158	0	462	0	772	0	4242	0	630	0	466	0	0	0	1822	0	844	0	0	0	110	0	0	0	0	0	0	204	0	0	0	0	0	
83584	ParaHippocampal_L	640	0	0	0	0	0	108	0	0	0	0	0	0	0	0	0	0	0	0	0	438	0	0	0	0	0	0	0	1146	0	0	0	0	0	1264	916	10182	852	0	376	1508	0	528	0	0	0	2016	0	0	0	0	0	0	0	7262	0	112	0	0	0	86	0	0	0	0	0	1670	152	0	0	0	0	1272	0	0	0	1078	602	0	0	300	0	1594	0	402	0	1974	0	1188	0	262	0	86	0	148	0	1974	0	1026	0	96	0	204	0	330	0	0	0	0	0	0	0	0	0	0	0	
198972	ParaHippocampal_R	0	3184	0	116	0	0	0	308	0	0	0	1810	0	282	0	0	0	538	0	146	0	92	0	0	0	0	0	0	0	3860	0	0	0	168	784	2604	644	27430	376	0	0	4680	92	178	0	0	128	2054	0	0	0	0	0	0	108	18550	0	1704	0	0	0	0	0	0	0	0	296	2392	0	362	158	106	0	10592	0	338	292	2326	0	280	0	374	0	4188	0	0	0	2928	0	972	0	864	0	242	0	0	0	1676	0	1034	0	0	0	120	0	0	0	0	0	0	110	0	0	0	0	0	
44032	Amygdala_L	0	0	0	0	248	0	0	0	0	0	0	0	0	0	1030	0	0	0	0	0	1854	0	0	0	0	0	0	0	4644	0	0	0	0	0	0	0	6798	0	1508	0	0	0	0	0	0	0	0	0	0	0	0	0	0	0	1176	0	0	0	0	0	0	0	0	0	0	0	0	0	0	0	0	0	898	0	0	0	304	0	0	0	102	0	1974	0	0	0	1338	0	142	0	0	0	0	0	0	0	0	0	0	0	0	0	0	0	0	0	0	0	0	0	0	0	0	0	0	0	
65740	Amygdala_R	0	0	0	0	0	0	0	0	0	0	0	0	0	0	0	146	0	0	0	0	0	436	0	0	0	0	0	0	0	4098	0	0	0	0	0	0	0	9746	0	4680	0	0	0	0	0	0	0	0	0	0	0	0	0	0	0	3480	0	0	0	0	0	0	0	0	0	0	0	0	0	0	0	0	0	4810	0	624	0	0	0	0	0	0	0	3232	0	0	0	1534	0	84	0	0	0	0	0	0	0	0	0	0	0	0	0	0	0	0	0	0	0	0	0	0	0	0	0	0	
185564	Calcarine_L	0	0	0	0	0	0	0	0	0	0	0	0	0	0	0	0	0	0	0	0	0	0	0	0	0	0	0	0	0	0	0	0	0	0	726	122	614	120	528	92	0	0	0	5160	11626	2224	11210	928	16640	454	18174	116	3802	340	3702	0	710	0	844	262	1970	0	156	0	804	0	10096	420	0	0	0	0	0	0	0	0	0	98	0	0	0	0	0	0	434	0	0	0	410	0	0	0	0	0	0	0	0	0	0	0	0	0	0	0	0	0	0	0	0	0	0	0	0	0	0	0	
188948	Calcarine_R	0	128	0	0	0	0	0	0	0	0	0	0	0	0	0	0	0	0	0	0	0	0	0	0	0	0	0	0	0	0	0	0	0	0	0	874	0	0	0	178	0	0	5160	0	2934	17994	1352	14908	258	15216	0	4902	0	5938	0	7906	0	382	0	596	0	1056	0	0	0	1980	176	9650	0	0	0	0	0	0	0	0	0	0	0	0	0	0	0	0	0	1522	0	0	0	1234	0	0	0	0	0	0	0	0	0	0	0	0	0	0	0	0	0	0	0	0	130	0	0	0	0	0	
181888	Cuneus_L	498	0	0	0	0	0	0	0	0	0	0	0	0	0	0	0	0	0	0	98	0	0	0	0	0	0	0	0	432	0	0	0	258	0	1664	0	504	0	0	0	0	0	11626	2934	0	5910	1372	190	19704	1974	6064	100	468	216	1768	0	2282	0	4182	402	2838	0	84	0	802	0	17768	1312	86	0	88	0	408	0	0	0	0	0	0	0	0	0	0	0	3380	0	0	0	1532	0	0	0	0	0	0	0	0	0	0	0	0	0	0	0	0	0	0	0	0	0	0	0	0	0	0	0	
215468	Cuneus_R	0	190	0	0	0	0	0	0	0	0	0	0	0	0	0	0	0	0	0	0	0	0	0	0	0	0	0	0	0	0	0	0	0	92	0	548	0	0	0	0	0	0	2224	17994	5910	0	298	5096	582	30504	0	4428	0	2490	0	3828	0	548	0	4080	0	1364	0	0	0	1992	1592	20436	0	0	0	0	0	0	0	0	0	0	0	0	0	0	0	0	0	1744	0	0	0	1794	0	0	0	0	0	0	0	0	0	0	0	0	0	0	0	0	0	0	0	0	0	0	0	0	0	0	
235396	Lingual_L	0	0	0	0	0	0	0	0	0	0	0	0	0	0	0	0	0	0	0	0	0	0	0	0	0	0	0	0	0	0	0	0	0	0	702	348	1764	348	2016	128	0	0	11210	1352	1372	298	0	2406	5072	90	18292	0	4914	376	12754	1002	500	0	512	0	434	0	0	0	520	0	5314	96	0	0	0	0	0	0	0	0	336	250	0	0	0	0	0	0	2556	0	0	0	154	0	8156	1218	396	238	412	0	11238	896	13516	1544	96	0	402	154	0	0	0	0	0	0	2450	1486	380	0	0	0	
291656	Lingual_R	0	94	0	0	0	0	0	0	0	0	0	0	0	0	0	0	0	0	0	0	0	0	0	0	0	0	0	0	0	0	0	0	0	0	0	2182	0	1986	0	2054	0	0	928	14908	190	5096	2406	0	0	4974	0	2006	0	4076	1580	18438	0	378	0	0	0	486	0	0	0	1566	0	11870	0	252	0	0	0	0	0	0	0	336	0	0	0	82	0	0	0	808	0	0	0	464	2662	15614	480	602	0	294	2730	8744	5414	16794	0	0	0	142	0	0	0	0	0	0	7844	5530	1818	0	0	0	
222736	Occipital_Sup_L	0	0	0	0	0	0	0	0	0	0	0	0	0	0	0	0	0	0	0	0	0	0	0	0	0	0	0	0	0	0	0	0	320	0	108	0	0	0	0	0	0	0	16640	258	19704	582	5072	0	0	0	30076	0	2646	0	1202	0	1176	0	9840	0	4536	0	0	0	754	0	10362	290	0	0	0	0	0	0	0	0	0	0	0	0	0	0	0	0	5506	0	0	0	2296	0	0	0	0	0	0	0	0	0	0	0	0	0	0	0	0	0	0	0	0	0	0	0	0	0	0	0	
240024	Occipital_Sup_R	0	354	0	0	0	0	0	0	0	0	0	0	0	0	0	0	0	0	0	0	0	0	0	0	0	0	0	0	0	0	0	0	0	0	0	834	0	146	0	0	0	0	454	15216	1974	30504	90	4974	0	0	0	14330	0	4266	0	6000	0	906	0	4374	0	2892	0	556	0	5262	494	19166	0	0	0	0	0	0	0	0	0	0	0	0	0	184	0	0	0	3542	0	0	0	3414	0	0	0	0	0	0	0	0	0	0	0	0	0	0	0	0	0	0	0	0	80	0	0	0	0	0	
352756	Occipital_Mid_L	882	88	0	0	0	0	0	0	0	0	0	0	0	0	0	0	0	0	0	90	0	0	0	0	0	0	0	0	0	0	0	0	892	0	382	0	80	0	0	0	0	0	18174	0	6064	0	18292	0	30076	0	0	0	13626	0	5116	0	4746	0	11966	0	16072	0	1134	0	22048	0	10062	0	0	0	100	0	0	0	0	0	0	0	0	0	94	0	0	0	13626	0	0	0	2610	0	0	0	0	0	0	0	0	0	158	0	0	0	0	0	0	0	0	0	0	0	0	0	0	0	0	0	
131412	Occipital_Mid_R	0	0	0	0	0	0	0	0	0	0	0	0	0	0	0	0	0	0	0	0	0	0	0	0	0	0	0	0	0	0	0	0	0	0	0	314	0	0	0	0	0	0	116	4902	100	4428	0	2006	0	14330	0	0	0	6856	0	3456	0	120	0	2132	0	5322	0	90	0	11184	0	2094	0	0	0	0	0	0	0	0	0	0	0	0	0	198	0	0	0	7102	0	0	0	956	0	0	0	0	0	0	0	0	0	0	0	0	0	0	0	0	0	0	0	0	0	0	0	0	0	0	
90232	Occipital_Inf_L	82	0	0	0	0	0	0	0	0	0	0	0	0	0	0	0	0	0	0	0	0	0	0	0	0	0	0	0	0	0	0	0	0	0	0	0	0	0	0	0	0	0	3802	0	468	0	4914	0	2646	0	13626	0	0	0	8790	0	356	0	194	0	284	0	232	0	522	0	936	0	0	0	0	0	0	0	0	0	0	0	0	0	150	0	0	0	4034	0	0	0	3702	0	122	0	0	0	0	0	0	0	256	0	0	0	0	0	0	0	0	0	0	0	0	0	0	0	0	0	
76580	Occipital_Inf_R	0	0	0	0	0	0	0	0	0	0	0	0	0	0	0	0	0	0	0	0	0	0	0	0	0	0	0	0	0	0	0	0	0	0	0	0	0	0	0	0	0	0	340	5938	216	2490	376	4076	0	4266	0	6856	0	0	0	4546	0	86	0	0	0	0	0	0	0	580	0	1056	0	0	0	0	0	0	0	0	0	0	0	0	0	0	0	0	0	2506	0	0	0	2496	0	260	0	0	0	0	0	0	434	584	0	0	0	0	0	0	0	0	0	0	0	984	200	0	0	0	
399224	Fusiform_L	1152	0	0	0	0	0	124	0	0	0	0	0	0	0	0	0	3300	0	0	0	0	0	0	0	0	0	0	0	1342	0	0	0	116	0	1782	298	10010	310	7262	108	1176	0	3702	0	1768	0	12754	1580	1202	0	5116	0	8790	0	0	534	1654	0	490	0	2094	0	3578	0	2700	0	4058	0	0	0	80	0	744	0	0	0	740	250	2096	0	6244	0	2188	0	6388	0	2424	0	22052	0	20508	968	2826	166	126	0	15718	956	29188	1016	508	0	1510	346	784	120	0	0	0	120	2666	614	596	316	216	138	
449668	Fusiform_R	0	4152	0	90	0	0	0	364	0	0	0	1800	0	868	0	0	0	316	0	0	0	0	0	0	0	0	0	0	0	4932	0	0	0	86	0	3336	0	23090	0	18550	0	3480	0	7906	0	3828	1002	18438	0	6000	0	3456	0	4546	534	0	0	2544	0	90	0	688	0	608	0	3390	0	9016	0	792	82	90	0	6194	0	488	0	398	0	1696	0	4012	0	2872	0	3086	0	1568	0	19216	434	21500	0	2662	0	0	548	5260	1658	22076	0	0	0	1760	0	0	0	452	0	0	2104	2226	550	0	0	0	
300060	Postcentral_L	29318	1282	1148	1164	0	0	3456	232	0	0	3162	78	422	90	0	0	9430	0	770	1890	0	0	0	0	0	0	0	0	8290	90	0	0	302	550	5600	282	3930	190	112	0	0	0	710	0	2282	0	500	0	1176	0	4746	0	356	0	1654	0	0	1082	14728	0	17262	0	4754	0	3574	0	7964	0	4672	1222	4176	312	1228	138	234	100	1372	134	1280	0	1496	0	0	0	796	0	0	0	294	0	0	0	0	0	0	0	0	0	0	0	0	0	0	0	0	0	0	0	0	0	0	0	0	0	0	0	
248232	Postcentral_R	1852	24850	88	108	0	0	0	332	0	0	0	3466	0	250	0	0	0	3196	186	1514	0	0	0	0	0	0	0	0	80	2238	0	0	0	3208	98	8170	0	4288	0	1704	0	0	0	382	0	548	0	378	0	906	0	120	0	86	0	2544	1082	0	0	6902	0	4694	0	8222	0	2202	0	8244	2102	17418	570	1014	0	2866	0	0	4542	796	0	456	0	504	0	0	0	422	0	0	0	392	0	0	0	0	0	0	0	140	0	0	0	0	0	0	0	0	0	0	0	0	956	0	0	0	0	0	
174844	Parietal_Sup_L	1978	0	0	140	0	0	0	0	0	0	0	0	0	0	0	0	0	0	0	134	0	0	0	0	0	0	0	0	506	0	0	0	328	0	624	0	338	0	0	0	0	0	844	0	4182	0	512	0	9840	0	11966	0	194	0	490	0	14728	0	0	0	18106	0	192	0	6612	0	13058	0	450	0	796	0	300	0	0	0	0	0	0	0	0	0	0	0	830	0	0	0	274	0	0	0	0	0	0	0	0	0	0	0	0	0	0	0	0	0	0	0	0	0	0	0	0	0	0	0	
82596	Parietal_Sup_R	0	0	0	0	0	0	0	0	0	0	0	0	0	0	0	0	0	0	0	0	0	0	0	0	0	0	0	0	0	0	0	0	0	0	0	956	0	0	0	0	0	0	262	596	402	4080	0	0	0	4374	0	2132	0	0	0	90	0	6902	0	0	0	6290	0	90	0	5904	160	8382	0	484	0	0	0	0	0	0	0	0	0	0	0	0	0	0	0	0	0	0	0	0	0	0	0	0	0	0	0	0	0	0	0	0	0	0	0	0	0	0	0	0	194	0	0	0	0	0	
227576	Parietal_Inf_L	2530	0	0	134	0	0	100	0	0	0	0	0	0	0	0	0	1396	0	0	130	0	0	0	0	0	0	0	0	1012	0	0	0	200	0	492	0	752	0	86	0	0	0	1970	0	2838	0	434	0	4536	0	16072	0	284	0	2094	0	17262	0	18106	0	0	0	12238	0	17916	0	5956	0	308	0	996	0	680	0	0	0	0	0	0	0	2246	0	0	0	1270	0	0	0	1750	0	0	0	0	0	0	0	0	0	0	0	0	0	0	0	0	0	0	0	0	0	0	0	0	0	0	0	
107668	Parietal_Inf_R	0	174	0	0	0	0	0	0	0	0	0	0	0	0	0	0	0	0	0	0	0	0	0	0	0	0	0	0	0	0	0	0	0	0	0	560	0	0	0	0	0	0	0	1056	0	1364	0	486	0	2892	0	5322	0	0	0	688	0	4694	0	6290	0	0	0	6614	0	18288	0	2874	0	0	0	0	0	0	0	0	0	0	0	0	0	472	0	0	0	1454	0	0	0	348	0	0	0	0	0	0	0	0	0	0	0	0	0	0	0	0	0	0	0	0	258	0	0	0	0	0	
89464	SupraMarginal_L	760	0	0	0	0	0	702	0	0	0	144	0	0	0	0	0	2354	0	0	78	0	0	0	0	0	0	0	0	358	0	0	0	0	0	0	0	374	0	0	0	0	0	156	0	84	0	0	0	0	0	1134	0	232	0	3578	0	4754	0	192	0	12238	0	0	0	6386	0	394	0	0	0	182	0	276	0	0	0	0	0	0	0	4292	0	0	0	1986	0	0	0	4078	0	0	0	0	0	0	0	0	0	0	0	0	0	0	0	0	0	0	0	0	0	0	0	0	0	0	0	
60504	SupraMarginal_R	0	434	0	0	0	0	0	0	0	0	0	0	0	0	0	0	0	1456	0	0	0	0	0	0	0	0	0	0	0	0	0	0	0	0	0	994	0	0	0	0	0	0	0	0	0	0	0	0	0	556	0	90	0	0	0	608	0	8222	0	90	0	6614	0	0	0	6110	0	1354	0	0	0	0	0	0	0	0	0	0	0	0	0	2366	0	0	0	570	0	0	0	610	0	0	0	0	0	0	0	0	0	0	0	0	0	0	0	0	0	0	0	0	178	0	0	0	0	0	
149868	Angular_L	532	0	0	0	0	0	0	0	0	0	0	0	0	0	0	0	134	0	0	0	0	0	0	0	0	0	0	0	0	0	0	0	308	0	0	0	0	0	0	0	0	0	804	0	802	0	520	0	754	0	22048	0	522	0	2700	0	3574	0	6612	0	17916	0	6386	0	0	0	3632	0	0	0	98	0	0	0	0	0	0	0	0	0	684	0	0	0	5114	0	0	0	1794	0	0	0	0	0	0	0	0	0	0	0	0	0	0	0	0	0	0	0	0	0	0	0	0	0	0	0	
157308	Angular_R	0	142	0	0	0	0	0	0	0	0	0	0	0	0	0	0	0	0	0	0	0	0	0	0	0	0	0	0	0	0	0	0	0	0	0	538	0	0	0	0	0	0	0	1980	0	1992	0	1566	0	5262	0	11184	0	580	0	3390	0	2202	0	5904	0	18288	0	6110	0	0	0	3120	0	0	0	0	0	0	0	0	0	0	0	0	0	3232	0	0	0	10548	0	0	0	2470	0	0	0	0	0	0	0	0	0	0	0	0	0	0	0	0	0	0	0	0	146	0	0	0	0	0	
234856	Precuneus_L	1446	114	0	0	0	0	0	0	0	0	0	0	0	0	0	0	0	0	0	150	0	0	0	0	0	0	0	0	474	0	0	0	3742	368	5768	698	2296	442	1670	296	0	0	10096	176	17768	1592	5314	0	10362	494	10062	0	936	0	4058	0	7964	0	13058	160	5956	0	394	0	3632	0	0	3690	1340	106	324	0	414	0	0	0	0	318	0	0	0	0	0	0	934	0	0	0	402	0	90	0	0	0	0	0	210	0	114	0	0	0	0	0	0	0	0	0	0	0	0	0	0	0	0	0	
303980	Precuneus_R	0	1866	0	0	0	0	0	0	0	0	0	0	0	0	0	0	0	0	0	0	0	0	0	0	0	0	0	0	0	0	0	0	906	5246	650	18622	252	3706	152	2392	0	0	420	9650	1312	20436	96	11870	290	19166	0	2094	0	1056	0	9016	0	8244	0	8382	0	2874	0	1354	0	3120	3690	0	0	2164	0	0	0	108	0	0	0	610	0	0	0	266	0	0	0	3476	0	0	0	3500	0	744	0	0	0	0	0	454	0	750	0	0	0	0	0	0	0	0	0	0	3056	0	0	0	0	0	
154608	Paracentral_Lobule_L	12552	1330	2800	1232	0	0	732	100	0	0	0	0	0	0	0	0	0	0	11328	11304	0	0	0	0	0	0	0	0	588	0	0	0	1452	8144	3382	326	996	126	0	0	0	0	0	0	86	0	0	0	0	0	0	0	0	0	0	0	4672	2102	450	0	308	0	0	0	0	0	1340	0	0	2798	1926	1278	574	0	660	0	3160	1558	0	0	0	0	0	0	0	0	0	0	0	0	0	0	0	0	0	0	0	0	0	0	0	0	0	0	0	0	0	0	0	0	0	0	0	0	0	0	
158844	Paracentral_Lobule_R	2534	9838	0	0	0	0	0	0	0	0	0	0	0	0	0	0	0	114	168	10916	0	0	0	0	0	0	0	0	0	0	0	0	142	12748	146	4996	0	1380	0	362	0	0	0	0	0	0	0	252	0	0	0	0	0	0	0	792	1222	17418	0	484	0	0	0	0	0	0	106	2164	2798	0	288	402	0	0	0	0	4748	5404	0	0	0	0	0	0	0	0	0	0	0	0	0	0	0	0	0	0	0	0	0	0	0	0	0	0	0	0	0	0	0	0	0	0	0	0	0	0	
318448	Caudate_L	10946	828	8282	5502	3152	0	5872	4194	1342	0	3868	162	4378	2258	2752	0	892	0	4500	3362	8480	5466	0	108	1984	852	8306	1690	8652	224	7664	4574	0	122	0	134	514	364	0	158	0	0	0	0	88	0	0	0	0	0	100	0	0	0	80	82	4176	570	796	0	996	0	182	0	98	0	324	0	1926	288	0	11336	14126	2258	2014	524	6830	554	0	0	134	0	160	0	0	0	0	0	0	0	0	0	0	0	0	0	0	0	0	0	0	0	0	0	0	0	0	0	0	0	0	0	0	0	0	0	
357512	Caudate_R	2586	1892	3152	12564	0	974	836	4718	0	0	1750	2212	2114	6272	0	2990	178	270	10066	21110	1834	7080	976	5340	354	2038	1894	4714	2640	4964	4702	16054	178	2386	0	0	0	334	0	106	0	0	0	0	0	0	0	0	0	0	0	0	0	0	0	90	312	1014	0	0	0	0	0	0	0	0	0	0	1278	402	11336	0	1916	19082	0	2960	110	10978	0	0	0	0	0	0	0	0	0	0	0	0	0	0	0	0	0	0	0	0	0	0	0	0	0	0	0	0	0	0	0	0	0	0	0	0	0	0	
273252	Putamen_L	11370	98	19660	308	1472	0	12980	350	342	0	1242	0	576	302	1618	0	2624	0	8022	180	890	902	1466	322	408	138	1238	178	20266	0	5606	796	0	140	0	0	10166	0	1272	0	898	0	0	0	408	0	0	0	0	0	0	0	0	0	744	0	1228	0	300	0	680	0	276	0	0	0	414	0	574	0	14126	1916	0	436	6838	100	1106	0	0	0	532	0	872	0	0	0	0	0	246	0	0	0	0	0	0	0	0	0	0	0	0	0	0	0	0	0	0	0	0	0	0	0	0	0	0	0	
371972	Putamen_R	368	9500	1078	8402	0	442	0	4798	0	0	0	7046	0	4580	0	2348	0	3368	6382	7760	312	1082	828	5558	0	844	542	1822	82	20494	1794	11536	0	222	0	390	0	27046	0	10592	0	4810	0	0	0	0	0	0	0	0	0	0	0	0	0	6194	138	2866	0	0	0	0	0	0	0	0	0	108	0	0	2258	19082	436	0	0	5414	112	2838	0	406	0	256	0	508	0	0	0	132	0	566	0	0	0	0	0	0	0	646	0	0	0	0	0	0	0	0	0	0	0	0	0	0	0	0	0	0	
50000	Pallidum_L	6408	0	758	0	0	0	962	0	0	0	170	0	0	0	0	0	684	0	192	124	0	0	0	0	0	0	0	0	670	0	0	0	0	0	0	0	1408	0	0	0	0	0	0	0	0	0	0	0	0	0	0	0	0	0	0	0	234	0	0	0	0	0	0	0	0	0	0	0	660	0	2014	0	6838	0	0	94	3630	0	0	0	154	0	0	0	0	0	0	0	0	0	0	0	0	0	0	0	0	0	0	0	0	0	0	0	0	0	0	0	0	0	0	0	0	0	0	0	
45036	Pallidum_R	206	1262	366	2274	0	0	0	1352	0	0	0	618	0	772	0	0	0	126	372	1112	0	0	86	202	0	0	0	0	0	820	102	392	0	0	0	0	0	1544	0	338	0	624	0	0	0	0	0	0	0	0	0	0	0	0	0	488	100	0	0	0	0	0	0	0	0	0	0	0	0	0	524	2960	100	5414	94	0	0	140	0	0	0	0	0	130	0	0	0	0	0	0	0	0	0	0	0	0	0	0	0	0	0	0	0	0	0	0	0	0	0	0	0	0	0	0	0	0	
112820	Thalamus_L	12158	1494	0	0	0	0	250	0	0	0	270	0	0	0	0	0	182	0	0	244	0	0	0	0	0	0	0	0	856	0	0	0	0	196	1190	1620	4242	1454	1078	292	304	0	0	0	0	0	336	0	0	0	0	0	0	0	740	0	1372	4542	0	0	0	0	0	0	0	0	0	0	3160	4748	6830	110	1106	112	3630	0	0	3404	490	0	0	0	0	0	0	0	0	0	0	0	0	0	0	0	0	0	0	0	0	0	0	0	0	0	0	0	0	0	0	0	0	0	0	0	0	0	
159484	Thalamus_R	1976	3076	0	194	0	0	0	100	0	0	0	0	0	0	0	0	0	290	304	20730	0	0	0	0	0	0	0	0	210	382	0	0	206	8340	2114	3152	1834	5452	602	2326	0	0	98	0	0	0	250	336	0	0	0	0	0	0	250	398	134	796	0	0	0	0	0	0	0	0	318	610	1558	5404	554	10978	0	2838	0	140	3404	0	248	0	0	0	0	0	0	0	0	0	0	0	0	0	0	0	0	0	0	140	0	0	0	0	0	0	0	0	0	0	0	0	0	0	0	0	0	0	
45964	Heschl_L	3126	0	88	0	0	0	330	0	0	0	214	0	0	0	0	0	3086	0	0	0	0	0	0	0	0	0	0	0	4246	0	0	0	0	0	228	228	2704	228	0	0	0	0	0	0	0	0	0	0	0	0	0	0	0	0	2096	0	1280	0	0	0	0	0	0	0	0	0	0	0	0	0	0	0	0	0	0	0	490	248	0	0	2700	0	0	0	136	0	0	0	1554	0	0	0	0	0	0	0	0	0	0	0	0	0	0	0	0	0	0	0	0	0	0	0	0	0	0	0	
36736	Heschl_R	0	920	0	0	0	0	0	162	0	0	0	478	0	324	0	0	0	1390	0	0	0	0	0	0	0	0	0	0	0	2626	0	0	0	0	0	0	0	1208	0	280	0	0	0	0	0	0	0	0	0	0	0	0	0	0	0	1696	0	456	0	0	0	0	0	0	0	0	0	0	0	0	0	0	0	406	0	0	0	0	0	0	0	6304	0	0	0	1248	0	0	0	870	0	0	0	0	0	0	0	0	0	0	0	0	0	0	0	0	0	0	0	0	0	0	0	0	0	0	
184208	Temporal_Sup_L	1452	0	1308	0	0	0	1032	0	0	0	1326	0	188	0	0	0	8110	0	752	0	0	0	0	0	0	0	0	0	7428	0	0	0	0	0	0	0	5184	0	300	0	102	0	0	0	0	0	0	0	0	0	94	0	150	0	6244	0	1496	0	0	0	2246	0	4292	0	684	0	0	0	0	0	134	0	532	0	154	0	0	0	2700	0	0	0	2844	0	21956	0	1010	0	19924	0	0	0	0	0	0	0	258	0	204	0	0	0	0	0	0	0	0	0	0	0	0	0	0	0	0	0	
78948	Temporal_Sup_R	0	1432	0	0	0	0	0	194	0	0	0	636	0	500	0	0	0	682	0	0	0	0	0	0	0	0	0	0	0	2690	0	0	0	0	0	170	0	1434	0	374	0	0	0	0	0	0	0	82	0	184	0	198	0	0	0	4012	0	504	0	0	0	472	0	2366	0	3232	0	266	0	0	0	0	0	256	0	0	0	0	0	6304	0	0	0	302	0	8716	0	0	0	4468	0	0	0	0	0	0	0	0	0	0	0	0	0	0	0	0	0	0	0	0	0	0	0	0	0	0	
86072	Temporal_Pole_Sup_L	0	0	1006	0	374	0	734	0	364	0	1272	0	138	0	2440	0	896	0	110	0	658	0	0	0	0	0	0	0	4378	0	0	0	0	0	0	0	2728	0	1594	0	1974	0	0	0	0	0	0	0	0	0	0	0	0	0	2188	0	0	0	0	0	0	0	0	0	0	0	0	0	0	0	160	0	872	0	0	0	0	0	0	0	2844	0	0	0	5954	0	6960	0	5392	0	0	0	0	0	0	0	0	0	0	0	0	0	0	0	0	0	0	0	0	0	0	0	0	0	0	0	
39032	Temporal_Pole_Sup_R	0	0	0	0	0	0	0	0	0	0	0	296	0	90	0	0	0	640	0	0	0	0	0	0	0	0	0	0	0	612	0	0	0	0	0	0	0	2158	0	4188	0	3232	0	0	0	0	0	0	0	0	0	0	0	0	0	2872	0	0	0	0	0	0	0	0	0	0	0	0	0	0	0	0	0	508	0	130	0	0	0	0	0	302	0	0	0	282	0	3520	0	686	0	0	0	0	0	0	0	0	0	0	0	0	0	0	0	0	0	0	0	0	0	0	0	0	0	0	
225440	Temporal_Mid_L	0	0	0	0	0	0	0	0	0	0	0	0	0	0	0	0	1242	0	0	0	0	0	0	0	0	0	0	0	336	0	0	0	0	0	0	0	380	0	402	0	0	0	434	0	3380	0	2556	0	5506	0	13626	0	4034	0	6388	0	796	0	830	0	1270	0	1986	0	5114	0	934	0	0	0	0	0	0	0	0	0	0	0	136	0	21956	0	5954	0	0	0	4698	0	30762	0	0	0	0	0	0	0	0	0	0	0	0	0	0	0	0	0	0	0	0	0	0	0	0	0	0	0	
122680	Temporal_Mid_R	0	442	0	0	0	0	0	0	0	0	0	0	0	0	0	0	0	0	0	0	0	0	0	0	0	0	0	0	0	308	0	0	0	0	0	426	0	462	0	0	0	0	0	1522	0	1744	0	808	0	3542	0	7102	0	2506	0	3086	0	422	0	0	0	1454	0	570	0	10548	0	3476	0	0	0	0	0	0	0	0	0	0	0	1248	0	8716	0	282	0	0	0	100	0	12576	0	0	0	0	0	0	0	0	0	0	0	0	0	0	0	0	0	0	0	0	0	0	0	0	0	0	
47512	Temporal_Pole_Mid_L	0	0	0	0	0	0	0	0	0	0	0	0	0	0	0	0	0	0	0	0	0	0	0	0	0	0	0	0	180	0	0	0	0	0	0	0	1284	0	1974	0	1338	0	0	0	0	0	0	0	0	0	0	0	0	0	2424	0	0	0	0	0	0	0	0	0	0	0	0	0	0	0	0	0	0	0	0	0	0	0	0	0	1010	0	6960	0	4698	0	0	0	3888	0	0	0	0	0	0	0	0	0	0	0	0	0	0	0	0	0	0	0	0	0	0	0	0	0	0	0	
21888	Temporal_Pole_Mid_R	0	0	0	0	0	0	0	0	0	0	0	0	0	0	0	0	0	0	0	0	0	0	0	0	0	0	0	0	0	0	0	0	0	0	0	0	0	772	0	2928	0	1534	0	0	0	0	0	0	0	0	0	0	0	0	0	1568	0	0	0	0	0	0	0	0	0	0	0	0	0	0	0	0	0	132	0	0	0	0	0	0	0	0	0	3520	0	100	0	0	0	390	0	0	0	0	0	0	0	0	0	0	0	0	0	0	0	0	0	0	0	0	0	0	0	0	0	0	
239700	Temporal_Inf_L	206	0	0	0	0	0	0	0	0	0	0	0	0	0	0	0	726	0	0	0	0	0	0	0	0	0	0	0	1076	0	0	0	0	0	0	0	4772	0	1188	0	142	0	410	0	1532	0	154	0	2296	0	2610	0	3702	0	22052	0	294	0	274	0	1750	0	4078	0	1794	0	402	0	0	0	0	0	246	0	0	0	0	0	1554	0	19924	0	5392	0	30762	0	3888	0	0	0	4214	0	2002	0	0	0	620	0	1592	0	114	0	84	0	0	0	0	0	0	0	0	0	0	0	0	0	
135664	Temporal_Inf_R	0	394	0	0	0	0	0	0	0	0	0	302	0	140	0	0	0	0	0	0	0	0	0	0	0	0	0	0	0	1482	0	0	0	0	0	250	0	4242	0	972	0	84	0	1234	0	1794	0	464	0	3414	0	956	0	2496	0	19216	0	392	0	0	0	348	0	610	0	2470	0	3500	0	0	0	0	0	566	0	0	0	0	0	870	0	4468	0	686	0	12576	0	390	0	0	0	1962	0	698	0	0	0	280	0	576	0	0	0	0	0	0	0	0	0	0	0	0	0	0	0	0	
540440	Cerebelum_Crus1_L	0	0	0	0	0	0	0	0	0	0	0	0	0	0	0	0	0	0	0	0	0	0	0	0	0	0	0	0	0	0	0	0	0	0	0	0	0	0	262	0	0	0	0	0	0	0	8156	2662	0	0	0	0	122	0	20508	434	0	0	0	0	0	0	0	0	0	0	90	0	0	0	0	0	0	0	0	0	0	0	0	0	0	0	0	0	0	0	0	0	4214	0	0	3708	54150	7860	466	474	22406	3702	58344	5172	13484	3246	16084	6672	836	424	202	0	522	786	10994	7302	13306	1808	1096	728	
519784	Cerebelum_Crus1_R	0	0	0	0	0	0	0	0	0	0	0	0	0	0	0	0	0	0	0	0	0	0	0	0	0	0	0	0	0	0	0	0	0	0	0	0	0	630	0	864	0	0	0	0	0	0	1218	15614	0	0	0	0	0	260	968	21500	0	0	0	0	0	0	0	0	0	0	0	744	0	0	0	0	0	0	0	0	0	0	0	0	0	0	0	0	0	0	0	0	0	1962	3708	0	998	42668	0	1564	3080	32812	5416	70454	0	2988	202	15902	0	424	0	1972	0	208	17230	8264	8242	0	0	0	
401532	Cerebelum_Crus2_L	0	0	0	0	0	0	0	0	0	0	0	0	0	0	0	0	0	0	0	0	0	0	0	0	0	0	0	0	0	0	0	0	0	0	0	0	0	0	86	0	0	0	0	0	0	0	396	480	0	0	0	0	0	0	2826	0	0	0	0	0	0	0	0	0	0	0	0	0	0	0	0	0	0	0	0	0	0	0	0	0	0	0	0	0	0	0	0	0	2002	0	54150	998	0	11352	358	334	6508	950	18970	1554	29022	5222	26236	7576	2730	586	686	0	488	674	4116	4860	12684	3548	818	556	
373492	Cerebelum_Crus2_R	0	0	0	0	0	0	0	0	0	0	0	0	0	0	0	0	0	0	0	0	0	0	0	0	0	0	0	0	0	0	0	0	0	0	0	0	0	466	0	242	0	0	0	0	0	0	238	602	0	0	0	0	0	0	166	2662	0	0	0	0	0	0	0	0	0	0	0	0	0	0	0	0	0	0	0	0	0	0	0	0	0	0	0	0	0	0	0	0	0	698	7860	42668	11352	0	0	2024	560	9844	1534	20434	5316	18024	3082	30664	0	1430	0	1504	0	366	3444	2514	16380	2578	94	0	
47888	Cerebelum_3_L	0	0	0	0	0	0	0	0	0	0	0	0	0	0	0	0	0	0	0	0	0	0	0	0	0	0	0	0	0	0	0	0	0	0	0	0	0	0	148	0	0	0	0	0	0	0	412	0	0	0	0	0	0	0	126	0	0	0	0	0	0	0	0	0	0	0	0	0	0	0	0	0	0	0	0	0	0	0	0	0	0	0	0	0	0	0	0	0	0	0	466	0	358	0	0	0	6588	0	780	0	80	0	2290	480	3310	468	84	0	1632	1632	1664	318	780	918	874	536	
76384	Cerebelum_3_R	0	0	0	0	0	0	0	0	0	0	0	0	0	0	0	0	0	0	0	0	0	0	0	0	0	0	0	0	0	0	0	0	0	0	0	0	0	0	0	0	0	0	0	0	0	0	0	294	0	0	0	0	0	0	0	0	0	0	0	0	0	0	0	0	0	0	0	0	0	0	0	0	0	0	0	0	0	0	0	0	0	0	0	0	0	0	0	0	0	0	474	1564	334	2024	0	0	1078	6214	104	1578	576	154	1966	4464	208	4180	0	0	1142	5740	1514	104	1776	1294	1410	0	
386552	Cerebelum_4_5_L	0	0	0	0	0	0	0	0	0	0	0	0	0	0	0	0	0	0	0	0	0	0	0	0	0	0	0	0	0	0	0	0	0	0	0	0	498	0	1974	0	0	0	0	0	0	0	11238	2730	0	0	0	0	0	0	15718	548	0	0	0	0	0	0	0	0	0	0	210	0	0	0	0	0	0	0	0	0	0	0	0	0	258	0	0	0	0	0	0	0	620	0	22406	3080	6508	560	6588	1078	0	4662	35988	4198	2258	0	11734	7014	6888	3232	0	0	2132	3002	16524	3188	7376	4924	4082	2060	
316720	Cerebelum_4_5_R	0	238	0	0	0	0	0	0	0	0	0	212	0	0	0	0	0	0	0	0	0	0	0	0	0	0	0	0	0	176	0	0	0	0	0	0	0	1822	0	1676	0	0	0	0	0	0	896	8744	0	0	0	0	0	0	956	5260	0	140	0	0	0	0	0	0	0	0	0	454	0	0	0	0	0	646	0	0	0	140	0	0	0	0	0	0	0	0	0	0	0	280	3702	32812	950	9844	0	6214	4662	0	4350	35780	692	204	1858	6138	154	2322	0	78	0	1946	17596	2148	2994	1132	1144	0	
461464	Cerebelum_6_L	0	0	0	0	0	0	0	0	0	0	0	0	0	0	0	0	0	0	0	0	0	0	0	0	0	0	0	0	0	0	0	0	0	0	0	0	220	0	1026	0	0	0	0	0	0	0	13516	5414	0	0	158	0	256	434	29188	1658	0	0	0	0	0	0	0	0	0	0	114	0	0	0	0	0	0	0	0	0	0	0	0	0	204	0	0	0	0	0	0	0	1592	0	58344	5416	18970	1534	780	104	35988	4350	0	7428	1688	154	4488	2182	738	622	0	0	604	930	13466	9004	5378	1930	1758	1096	
479428	Cerebelum_6_R	0	0	0	0	0	0	0	0	0	0	0	0	0	0	0	0	0	0	0	0	0	0	0	0	0	0	0	0	0	0	0	0	0	0	0	0	0	844	0	1034	0	0	0	0	0	0	1544	16794	0	0	0	0	0	584	1016	22076	0	0	0	0	0	0	0	0	0	0	0	750	0	0	0	0	0	0	0	0	0	0	0	0	0	0	0	0	0	0	0	0	0	576	5172	70454	1554	20434	0	1578	4198	35780	7428	0	80	84	286	7440	0	130	0	886	0	188	19728	10636	8032	112	194	102	
265336	Cerebelum_7b_L	0	0	0	0	0	0	0	0	0	0	0	0	0	0	0	0	0	0	0	0	0	0	0	0	0	0	0	0	0	0	0	0	0	0	0	0	0	0	96	0	0	0	0	0	0	0	96	0	0	0	0	0	0	0	508	0	0	0	0	0	0	0	0	0	0	0	0	0	0	0	0	0	0	0	0	0	0	0	0	0	0	0	0	0	0	0	0	0	114	0	13484	0	29022	5316	80	576	2258	692	1688	80	0	2738	39738	7946	8414	882	1116	0	198	424	1698	1046	7674	5440	988	356	
122832	Cerebelum_7b_R	0	0	0	0	0	0	0	0	0	0	0	0	0	0	0	0	0	0	0	0	0	0	0	0	0	0	0	0	0	0	0	0	0	0	0	0	0	0	0	0	0	0	0	0	0	0	0	0	0	0	0	0	0	0	0	0	0	0	0	0	0	0	0	0	0	0	0	0	0	0	0	0	0	0	0	0	0	0	0	0	0	0	0	0	0	0	0	0	0	0	3246	2988	5222	18024	0	154	0	204	154	84	2738	0	694	18590	0	2190	0	706	0	0	128	0	4756	1538	0	0	
413088	Cerebelum_8_L	0	0	0	0	0	0	0	0	0	0	0	0	0	0	0	0	0	0	0	0	0	0	0	0	0	0	0	0	0	0	0	0	0	0	0	0	0	0	204	0	0	0	0	0	0	0	402	0	0	0	0	0	0	0	1510	0	0	0	0	0	0	0	0	0	0	0	0	0	0	0	0	0	0	0	0	0	0	0	0	0	0	0	0	0	0	0	0	0	84	0	16084	202	26236	3082	2290	1966	11734	1858	4488	286	39738	694	0	14578	24402	5190	3376	0	2110	3450	6550	1308	12520	12712	6856	2634	
428424	Cerebelum_8_R	0	0	0	0	0	0	0	0	0	0	0	0	0	0	0	0	0	0	0	0	0	0	0	0	0	0	0	0	0	0	0	0	0	0	0	0	0	110	0	120	0	0	0	0	0	0	154	142	0	0	0	0	0	0	346	1760	0	0	0	0	0	0	0	0	0	0	0	0	0	0	0	0	0	0	0	0	0	0	0	0	0	0	0	0	0	0	0	0	0	0	6672	15902	7576	30664	480	4464	7014	6138	2182	7440	7946	18590	14578	0	1498	24466	0	4936	996	3162	8728	2034	16522	11862	6006	1724	
133724	Cerebelum_9_L	0	0	0	0	0	0	0	0	0	0	0	0	0	0	0	0	0	0	0	0	0	0	0	0	0	0	0	0	0	0	0	0	0	0	0	0	0	0	330	0	0	0	0	0	0	0	0	0	0	0	0	0	0	0	784	0	0	0	0	0	0	0	0	0	0	0	0	0	0	0	0	0	0	0	0	0	0	0	0	0	0	0	0	0	0	0	0	0	0	0	836	0	2730	0	3310	208	6888	154	738	0	8414	0	24402	1498	0	1086	4804	0	1040	1298	1392	0	864	2690	2344	1052	
148108	Cerebelum_9_R	0	0	0	0	0	0	0	0	0	0	0	0	0	0	0	0	0	0	0	0	0	0	0	0	0	0	0	0	0	0	0	0	0	0	0	0	0	0	0	0	0	0	0	0	0	0	0	0	0	0	0	0	0	0	120	0	0	0	0	0	0	0	0	0	0	0	0	0	0	0	0	0	0	0	0	0	0	0	0	0	0	0	0	0	0	0	0	0	0	0	424	424	586	1430	468	4180	3232	2322	622	130	882	2190	5190	24466	1086	0	0	2184	1146	3768	2908	218	3750	5624	5532	1172	
20536	Cerebelum_10_L	0	0	0	0	0	0	0	0	0	0	0	0	0	0	0	0	0	0	0	0	0	0	0	0	0	0	0	0	0	0	0	0	0	0	0	0	0	0	0	0	0	0	0	0	0	0	0	0	0	0	0	0	0	0	0	0	0	0	0	0	0	0	0	0	0	0	0	0	0	0	0	0	0	0	0	0	0	0	0	0	0	0	0	0	0	0	0	0	0	0	202	0	686	0	84	0	0	0	0	0	1116	0	3376	0	4804	0	0	0	0	0	0	0	0	0	0	0	
25436	Cerebelum_10_R	0	0	0	0	0	0	0	0	0	0	0	0	0	0	0	0	0	0	0	0	0	0	0	0	0	0	0	0	0	0	0	0	0	0	0	0	0	0	0	0	0	0	0	0	0	0	0	0	0	0	0	0	0	0	0	452	0	0	0	0	0	0	0	0	0	0	0	0	0	0	0	0	0	0	0	0	0	0	0	0	0	0	0	0	0	0	0	0	0	0	0	1972	0	1504	0	0	0	78	0	886	0	706	0	4936	0	2184	0	0	0	0	0	0	0	0	0	0	
59016	Vermis_1_2	0	0	0	0	0	0	0	0	0	0	0	0	0	0	0	0	0	0	0	0	0	0	0	0	0	0	0	0	0	0	0	0	0	0	0	0	0	0	0	0	0	0	0	0	0	0	0	0	0	0	0	0	0	0	0	0	0	0	0	0	0	0	0	0	0	0	0	0	0	0	0	0	0	0	0	0	0	0	0	0	0	0	0	0	0	0	0	0	0	0	522	0	488	0	1632	1142	2132	0	604	0	198	0	2110	996	1040	1146	0	0	0	6830	4108	106	1110	1960	1956	1428	
102364	Vermis_3	0	0	0	0	0	0	0	0	0	0	0	0	0	0	0	0	0	0	0	0	0	0	0	0	0	0	0	0	0	0	0	0	0	0	0	0	0	0	0	0	0	0	0	0	0	0	0	0	0	0	0	0	0	0	120	0	0	0	0	0	0	0	0	0	0	0	0	0	0	0	0	0	0	0	0	0	0	0	0	0	0	0	0	0	0	0	0	0	0	0	786	208	674	366	1632	5740	3002	1946	930	188	424	0	3450	3162	1298	3768	0	0	6830	0	5846	210	2200	3190	3244	1968	
384908	Vermis_4_5	0	530	0	0	0	0	0	0	0	0	0	0	0	0	0	0	0	0	0	0	0	0	0	0	0	0	0	0	0	0	0	0	0	306	0	1820	0	204	0	110	0	0	0	130	0	0	2450	7844	0	80	0	0	0	0	2666	2104	0	956	0	194	0	258	0	178	0	146	0	3056	0	0	0	0	0	0	0	0	0	0	0	0	0	0	0	0	0	0	0	0	0	0	10994	17230	4116	3444	1664	1514	16524	17596	13466	19728	1698	128	6550	8728	1392	2908	0	0	4108	5846	0	8834	8808	5546	5214	3386	
173208	Vermis_6	0	0	0	0	0	0	0	0	0	0	0	0	0	0	0	0	0	0	0	0	0	0	0	0	0	0	0	0	0	0	0	0	0	0	0	0	0	0	0	0	0	0	0	0	0	0	1486	5530	0	0	0	0	0	984	614	2226	0	0	0	0	0	0	0	0	0	0	0	0	0	0	0	0	0	0	0	0	0	0	0	0	0	0	0	0	0	0	0	0	0	0	7302	8264	4860	2514	318	104	3188	2148	9004	10636	1046	0	1308	2034	0	218	0	0	106	210	8834	0	8660	1302	1646	2062	
325872	Vermis_7	0	0	0	0	0	0	0	0	0	0	0	0	0	0	0	0	0	0	0	0	0	0	0	0	0	0	0	0	0	0	0	0	0	0	0	0	0	0	0	0	0	0	0	0	0	0	380	1818	0	0	0	0	0	200	596	550	0	0	0	0	0	0	0	0	0	0	0	0	0	0	0	0	0	0	0	0	0	0	0	0	0	0	0	0	0	0	0	0	0	0	13306	8242	12684	16380	780	1776	7376	2994	5378	8032	7674	4756	12520	16522	864	3750	0	0	1110	2200	8808	8660	0	8244	4850	2486	
183588	Vermis_8	0	0	0	0	0	0	0	0	0	0	0	0	0	0	0	0	0	0	0	0	0	0	0	0	0	0	0	0	0	0	0	0	0	0	0	0	0	0	0	0	0	0	0	0	0	0	0	0	0	0	0	0	0	0	316	0	0	0	0	0	0	0	0	0	0	0	0	0	0	0	0	0	0	0	0	0	0	0	0	0	0	0	0	0	0	0	0	0	0	0	1808	0	3548	2578	918	1294	4924	1132	1930	112	5440	1538	12712	11862	2690	5624	0	0	1960	3190	5546	1302	8244	0	8744	4382	
