data	data	970040	234004	921872	694676	99712	89496	615468	265912	68324	21320	227616	120832	218376	76292	185616	81192	272644	101272	870228	852916	70820	95896	359632	326672	32892	62976	47032	76520	679816	225620	331728	429504	143704	507848	148084	151876	293196	250236	137540	151064	31164	45324	236412	331744	179352	299552	216240	213648	340784	374036	584376	224748	127528	45920	451936	336052	351364	169640	205396	136000	207204	112156	115168	96484	118104	102480	292472	400508	340060	271744	340076	312056	383252	245324	59264	18476	158008	228676	95144	22252	233040	84528	94412	60256	336332	227408	31236	15408	298996	192164	410224	469920	269312	260128	46492	40620	290860	202856	399148	465160	192964	85820	259996	298824	81296	151372	16880	7104	37096	65352	242752	200856	226016	140396	109128	23876	
data	data	Precentral_L	Precentral_R	Frontal_Sup_L	Frontal_Sup_R	Frontal_Sup_Orb_L	Frontal_Sup_Orb_R	Frontal_Mid_L	Frontal_Mid_R	Frontal_Mid_Orb_L	Frontal_Mid_Orb_R	Frontal_Inf_Oper_L	Frontal_Inf_Oper_R	Frontal_Inf_Tri_L	Frontal_Inf_Tri_R	Frontal_Inf_Orb_L	Frontal_Inf_Orb_R	Rolandic_Oper_L	Rolandic_Oper_R	Supp_Motor_Area_L	Supp_Motor_Area_R	Olfactory_L	Olfactory_R	Frontal_Sup_Medial_L	Frontal_Sup_Medial_R	Frontal_Med_Orb_L	Frontal_Med_Orb_R	Rectus_L	Rectus_R	Insula_L	Insula_R	Cingulum_Ant_L	Cingulum_Ant_R	Cingulum_Mid_L	Cingulum_Mid_R	Cingulum_Post_L	Cingulum_Post_R	Hippocampus_L	Hippocampus_R	ParaHippocampal_L	ParaHippocampal_R	Amygdala_L	Amygdala_R	Calcarine_L	Calcarine_R	Cuneus_L	Cuneus_R	Lingual_L	Lingual_R	Occipital_Sup_L	Occipital_Sup_R	Occipital_Mid_L	Occipital_Mid_R	Occipital_Inf_L	Occipital_Inf_R	Fusiform_L	Fusiform_R	Postcentral_L	Postcentral_R	Parietal_Sup_L	Parietal_Sup_R	Parietal_Inf_L	Parietal_Inf_R	SupraMarginal_L	SupraMarginal_R	Angular_L	Angular_R	Precuneus_L	Precuneus_R	Paracentral_Lobule_L	Paracentral_Lobule_R	Caudate_L	Caudate_R	Putamen_L	Putamen_R	Pallidum_L	Pallidum_R	Thalamus_L	Thalamus_R	Heschl_L	Heschl_R	Temporal_Sup_L	Temporal_Sup_R	Temporal_Pole_Sup_L	Temporal_Pole_Sup_R	Temporal_Mid_L	Temporal_Mid_R	Temporal_Pole_Mid_L	Temporal_Pole_Mid_R	Temporal_Inf_L	Temporal_Inf_R	Cerebelum_Crus1_L	Cerebelum_Crus1_R	Cerebelum_Crus2_L	Cerebelum_Crus2_R	Cerebelum_3_L	Cerebelum_3_R	Cerebelum_4_5_L	Cerebelum_4_5_R	Cerebelum_6_L	Cerebelum_6_R	Cerebelum_7b_L	Cerebelum_7b_R	Cerebelum_8_L	Cerebelum_8_R	Cerebelum_9_L	Cerebelum_9_R	Cerebelum_10_L	Cerebelum_10_R	Vermis_1_2	Vermis_3	Vermis_4_5	Vermis_6	Vermis_7	Vermis_8	Vermis_9	Vermis_10	
970040	Precentral_L	0	5938	53730	11978	0	0	48876	6622	0	0	18584	332	2308	0	556	0	12792	102	57054	22010	192	0	2210	662	0	0	0	0	26150	196	6832	2810	2364	5492	5666	1476	10118	270	2120	0	118	0	1080	0	834	0	238	0	2618	0	7102	0	986	0	4284	0	34372	230	1452	0	3758	0	484	0	1126	0	1452	514	36730	7042	14976	876	21138	196	4750	0	15134	3142	2038	0	2826	0	288	0	3410	0	0	0	3968	0	300	0	0	0	0	0	0	0	118	0	0	0	0	0	0	0	0	0	0	0	0	0	0	0	0	0	
234004	Precentral_R	5938	0	1488	8018	0	0	1614	13260	0	0	0	3216	0	104	0	200	0	1114	2624	12504	0	0	254	666	0	0	0	0	458	1536	0	1084	144	0	1482	3094	1818	6578	1018	710	0	0	0	96	0	0	110	360	0	0	0	0	0	0	212	124	1370	8394	0	198	0	968	0	1380	0	92	0	1000	3670	11714	1528	2750	174	1712	0	760	1734	9388	0	0	0	0	0	0	0	0	0	0	0	98	0	0	0	0	0	0	0	0	0	0	0	0	0	0	0	0	0	0	0	0	248	0	0	0	0	0	
921872	Frontal_Sup_L	53730	1488	0	6546	6718	0	74612	1786	3204	0	14596	116	14430	0	7154	108	7386	0	78278	9010	360	178	45286	12142	1226	0	756	0	32830	100	21506	4712	4744	4676	94	0	3176	122	282	0	96	0	0	0	0	0	0	0	0	0	146	0	0	0	1166	0	2410	84	0	0	114	0	142	0	282	0	0	0	1682	0	9196	410	23498	202	2924	0	1082	492	392	0	2286	0	986	0	540	0	0	0	1454	0	0	0	0	0	0	0	0	0	0	0	0	0	0	0	0	0	0	0	0	0	0	0	0	0	0	0	
694676	Frontal_Sup_R	11978	8018	6546	0	0	2412	9452	28286	0	302	478	3804	230	4080	148	3472	440	1914	19336	58502	0	0	10286	33106	0	2036	0	0	3666	6580	4766	30842	1516	21324	218	842	2044	3888	236	716	0	0	0	0	0	0	0	240	0	0	208	0	140	0	816	140	490	1278	0	256	212	322	0	0	0	0	0	480	4254	402	10800	16992	2744	9002	794	320	324	12336	1004	0	254	0	0	522	522	0	0	0	822	0	0	0	0	0	0	0	0	0	0	0	0	0	0	0	0	0	0	0	0	0	200	0	0	0	0	0	
99712	Frontal_Sup_Orb_L	0	0	6718	0	0	182	1134	0	7068	0	0	0	432	0	7360	0	0	0	0	0	1554	492	2782	0	3920	316	5220	204	3130	0	2694	280	0	0	0	0	0	0	0	0	0	0	0	0	0	0	0	0	0	0	0	0	0	0	0	0	0	0	0	0	0	0	0	0	0	0	0	0	0	0	1864	266	3708	176	0	0	0	0	0	0	0	0	356	0	0	0	0	0	0	0	0	0	0	0	0	0	0	0	0	0	0	0	0	0	0	0	0	0	0	0	0	0	0	0	0	0	
89496	Frontal_Sup_Orb_R	0	0	0	2412	182	0	0	338	0	3026	0	0	0	0	82	2934	0	0	0	0	506	3658	80	1968	190	6398	224	9706	0	1558	302	1352	0	0	0	0	0	108	0	0	0	90	0	0	0	0	0	0	0	0	0	0	0	0	0	0	0	0	0	0	0	0	0	0	0	0	0	0	0	0	502	5440	192	3500	0	0	0	0	0	0	0	0	0	0	0	0	0	0	0	0	0	0	0	0	0	0	0	0	0	0	0	0	0	0	0	0	0	0	0	0	0	0	0	0	0	0	
615468	Frontal_Mid_L	48876	1614	74612	9452	1134	0	0	3970	5576	0	13078	106	33008	0	12724	0	2722	0	21000	8330	0	0	14604	2670	0	0	0	0	18970	0	2474	1242	1210	2578	88	320	3056	158	454	0	0	0	0	0	0	0	0	0	0	0	428	0	98	0	600	0	1482	138	168	0	364	0	94	0	88	0	0	0	508	290	6994	376	5364	0	1200	0	1988	1082	678	0	458	0	166	0	534	0	0	0	610	0	0	0	0	0	0	0	0	0	0	0	0	0	0	0	0	0	0	0	0	0	0	0	0	0	0	0	
265912	Frontal_Mid_R	6622	13260	1786	28286	0	338	3970	0	0	1120	406	5246	158	9482	126	3188	356	786	5022	7526	0	0	936	2742	0	0	0	0	1256	5246	382	6144	332	4876	0	0	80	1208	0	380	0	0	0	0	0	0	0	0	0	0	0	0	0	0	0	106	1142	492	0	0	0	0	0	0	0	0	0	0	1272	0	5512	3346	82	6532	0	846	0	2208	0	0	0	0	0	158	0	0	0	0	0	0	0	0	0	0	0	0	0	0	0	0	0	0	0	0	0	0	0	0	0	0	0	0	0	0	0	0	
68324	Frontal_Mid_Orb_L	0	0	3204	0	7068	0	5576	0	0	0	0	0	3208	0	12810	0	0	0	0	0	0	0	92	0	0	0	568	0	1054	0	88	0	0	0	0	0	0	0	0	0	0	0	0	0	0	0	0	0	0	0	0	0	0	0	0	0	0	0	0	0	0	0	0	0	0	0	0	0	0	0	0	0	310	0	0	0	0	0	0	0	0	0	184	0	0	0	0	0	0	0	0	0	0	0	0	0	0	0	0	0	0	0	0	0	0	0	0	0	0	0	0	0	0	0	0	0	
21320	Frontal_Mid_Orb_R	0	0	0	302	0	3026	0	1120	0	0	0	0	0	1000	0	2750	0	0	0	0	0	332	0	0	0	100	0	824	0	420	0	0	0	0	0	0	0	0	0	0	0	0	0	0	0	0	0	0	0	0	0	0	0	0	0	0	0	0	0	0	0	0	0	0	0	0	0	0	0	0	0	368	0	418	0	0	0	0	0	0	0	0	0	0	0	0	0	0	0	0	0	0	0	0	0	0	0	0	0	0	0	0	0	0	0	0	0	0	0	0	0	0	0	0	0	0	
227616	Frontal_Inf_Oper_L	18584	0	14596	478	0	0	13078	406	0	0	0	0	7094	138	420	0	13268	0	9028	988	0	0	422	146	0	0	0	0	17660	138	1282	1686	0	1006	0	0	322	0	0	0	0	0	0	0	0	0	0	0	0	0	0	0	0	0	130	0	5332	0	0	0	0	0	0	0	0	0	0	0	0	0	2300	0	1052	104	0	0	164	0	790	0	1514	0	1682	0	0	0	0	0	0	0	0	0	0	0	0	0	0	0	0	0	0	0	0	0	0	0	0	0	0	0	0	0	0	0	0	0	
120832	Frontal_Inf_Oper_R	332	3216	116	3804	0	0	106	5246	0	0	0	0	0	5806	0	0	0	6170	1514	4282	0	0	88	0	0	0	0	0	0	13266	82	230	0	2448	0	86	0	2514	0	892	0	0	0	0	0	0	0	0	0	0	0	0	0	0	0	784	86	1882	0	0	0	90	0	80	0	0	0	106	0	0	230	118	0	3906	0	208	0	404	0	0	0	0	0	1702	0	82	0	0	0	540	0	0	0	0	0	0	0	0	0	0	0	0	0	0	0	0	0	0	0	0	0	0	0	0	0	0	
218376	Frontal_Inf_Tri_L	2308	0	14430	230	432	0	33008	158	3208	0	7094	0	0	0	20690	0	1192	0	2052	350	0	0	730	84	0	0	0	0	19042	0	496	188	156	222	0	0	0	0	0	0	0	0	0	0	0	0	0	0	0	0	0	0	0	0	0	0	458	0	0	0	0	0	0	0	0	0	0	0	0	0	752	0	1376	0	0	0	0	0	0	0	0	0	532	0	0	0	0	0	0	0	0	0	0	0	0	0	0	0	0	0	0	0	0	0	0	0	0	0	0	0	0	0	0	0	0	0	
76292	Frontal_Inf_Tri_R	0	104	0	4080	0	0	0	9482	0	1000	138	5806	0	0	0	2138	100	340	890	2208	0	0	0	274	0	0	0	0	148	6550	0	1692	0	1274	0	0	0	212	0	112	0	0	0	0	0	0	0	0	0	0	0	0	0	0	0	0	0	0	0	0	0	0	0	0	0	0	0	0	0	0	244	0	0	970	0	0	0	84	0	0	0	0	0	300	0	0	0	0	0	0	0	0	0	0	0	0	0	0	0	0	0	0	0	0	0	0	0	0	0	0	0	0	0	0	0	0	
185616	Frontal_Inf_Orb_L	556	0	7154	148	7360	82	12724	126	12810	0	420	0	20690	0	0	0	0	0	1038	190	1770	132	212	0	0	0	990	90	15706	0	484	134	0	108	0	0	632	0	292	0	420	0	0	0	0	0	0	0	0	0	0	0	0	0	0	0	0	0	0	0	0	0	0	0	0	0	0	0	0	0	1024	0	5436	0	0	0	0	0	0	0	0	0	2080	0	0	0	0	0	0	0	0	0	0	0	0	0	0	0	0	0	0	0	0	0	0	0	0	0	0	0	0	0	0	0	0	0	
81192	Frontal_Inf_Orb_R	0	200	108	3472	0	2934	0	3188	0	2750	0	0	0	2138	0	0	0	0	1908	3042	0	1988	182	370	0	0	0	2724	0	5566	0	456	0	2230	0	0	0	372	0	130	0	304	0	0	0	0	0	0	0	0	0	0	0	0	0	0	0	0	0	0	0	0	0	0	0	0	0	0	0	0	148	1616	0	4332	0	0	0	438	0	0	0	0	0	0	0	0	0	0	0	0	0	0	0	0	0	0	0	0	0	0	0	0	0	0	0	0	0	0	0	0	0	0	0	0	0	0	
272644	Rolandic_Oper_L	12792	0	7386	440	0	0	2722	356	0	0	13268	0	1192	100	0	0	0	0	7000	778	0	0	216	82	0	0	0	0	28242	0	494	830	0	742	0	0	1202	0	660	0	0	0	0	0	0	0	0	0	180	0	2936	0	1108	0	2938	0	12176	0	256	0	1176	0	4134	0	908	0	0	0	0	0	1166	0	906	0	0	0	336	0	5700	0	14602	0	1660	0	3678	0	0	0	3726	0	234	0	0	0	0	0	0	0	0	0	0	0	0	0	0	0	0	0	0	0	0	0	0	0	0	0	
101272	Rolandic_Oper_R	102	1114	0	1914	0	0	0	786	0	0	0	6170	0	340	0	0	0	0	80	1424	0	0	0	0	0	0	0	0	0	12156	0	94	0	208	0	0	0	1904	0	348	0	0	0	92	0	0	0	0	0	142	0	0	0	0	0	504	0	4746	0	546	0	1136	0	2728	0	380	0	330	0	0	0	360	0	4840	0	620	0	412	0	1884	0	2940	0	1640	0	276	0	0	0	420	0	0	0	0	0	0	0	0	0	0	0	0	0	0	0	0	0	0	0	0	0	0	0	0	0	0	
870228	Supp_Motor_Area_L	57054	2624	78278	19336	0	0	21000	5022	0	0	9028	1514	2052	890	1038	1908	7000	80	0	51588	188	0	9662	4918	0	0	0	0	24166	1560	18776	10296	10348	28334	982	284	3060	0	166	0	110	0	0	0	0	0	0	0	0	0	272	0	144	0	1634	0	2272	0	0	0	222	0	142	0	316	0	0	0	12340	1320	10848	1062	20100	138	4538	134	416	1274	956	0	2388	0	914	0	624	0	0	0	1798	0	0	0	0	0	0	0	0	0	0	0	0	0	0	0	0	0	0	0	0	0	0	0	0	0	0	0	
852916	Supp_Motor_Area_R	22010	12504	9010	58502	0	0	8330	7526	0	0	988	4282	350	2208	190	3042	778	1424	51588	0	0	116	2494	8848	0	0	0	0	4526	5494	3502	16276	5636	45878	3716	8170	4190	1904	1382	478	0	0	0	116	80	0	166	218	178	0	364	0	144	0	1110	276	672	2354	126	180	226	162	0	0	0	0	148	904	21776	34594	7846	20354	2870	5906	864	502	2896	22856	1022	0	318	0	98	328	526	0	0	0	832	104	0	0	0	0	0	0	0	0	0	0	0	0	0	0	0	0	0	0	0	0	0	0	0	0	0	0	
70820	Olfactory_L	192	0	360	0	1554	506	0	0	0	0	0	0	0	0	1770	0	0	0	188	0	0	3628	84	0	606	404	2000	672	2598	0	2718	2566	0	0	0	0	954	0	888	0	974	0	0	0	0	0	0	0	0	0	0	0	0	0	0	0	0	0	0	0	0	0	0	0	0	0	0	0	0	0	4632	3054	2826	1612	0	0	0	0	0	0	0	0	624	0	0	0	0	0	0	0	0	0	0	0	0	0	0	0	0	0	0	0	0	0	0	0	0	0	0	0	0	0	0	0	0	0	
95896	Olfactory_R	0	0	178	0	492	3658	0	0	0	332	0	0	0	0	132	1988	0	0	0	116	3628	0	0	466	158	1286	1104	5266	106	2546	1882	2828	0	0	0	0	0	730	0	416	0	948	0	0	0	0	0	0	0	0	0	0	0	0	0	0	0	0	0	0	0	0	0	0	0	0	0	0	0	0	5880	7726	2788	3026	0	0	0	116	0	0	0	0	0	152	0	0	0	0	0	0	0	0	0	0	0	0	0	0	0	0	0	0	0	0	0	0	0	0	0	0	0	0	0	0	0	0	
359632	Frontal_Sup_Medial_L	2210	254	45286	10286	2782	80	14604	936	92	0	422	88	730	0	212	182	216	0	9662	2494	84	0	0	26360	1754	116	190	0	2366	108	22814	10106	4908	10380	0	0	0	0	0	0	0	0	0	0	0	0	0	0	0	0	0	0	0	0	0	0	106	0	0	0	0	0	0	0	0	0	0	0	0	0	5214	490	4030	112	0	0	142	0	0	0	0	0	0	0	0	0	0	0	0	0	0	0	0	0	0	0	0	0	0	0	0	0	0	0	0	0	0	0	0	0	0	0	0	0	0	0	
326672	Frontal_Sup_Medial_R	662	666	12142	33106	0	1968	2670	2742	0	0	146	0	84	274	0	370	82	0	4918	8848	0	466	26360	0	306	4276	0	652	482	276	6744	26364	794	13432	0	0	0	132	0	0	0	0	0	0	0	0	0	0	0	0	0	0	0	0	0	0	0	130	0	0	0	0	0	0	0	0	0	0	0	0	1108	9870	0	2802	0	0	0	464	0	0	0	0	0	0	0	0	0	0	0	0	0	0	0	0	0	0	0	0	0	0	0	0	0	0	0	0	0	0	0	0	0	0	0	0	0	0	
32892	Frontal_Med_Orb_L	0	0	1226	0	3920	190	0	0	0	0	0	0	0	0	0	0	0	0	0	0	606	158	1754	306	0	994	1816	136	0	0	3370	646	0	0	0	0	0	0	0	0	0	0	0	0	0	0	0	0	0	0	0	0	0	0	0	0	0	0	0	0	0	0	0	0	0	0	0	0	0	0	556	192	482	94	0	0	0	0	0	0	0	0	0	0	0	0	0	0	0	0	0	0	0	0	0	0	0	0	0	0	0	0	0	0	0	0	0	0	0	0	0	0	0	0	0	0	
62976	Frontal_Med_Orb_R	0	0	0	2036	316	6398	0	0	0	100	0	0	0	0	0	0	0	0	0	0	404	1286	116	4276	994	0	174	5624	0	0	902	3838	0	0	0	0	0	0	0	0	0	0	0	0	0	0	0	0	0	0	0	0	0	0	0	0	0	0	0	0	0	0	0	0	0	0	0	0	0	0	316	2756	100	1852	0	0	0	0	0	0	0	0	0	0	0	0	0	0	0	0	0	0	0	0	0	0	0	0	0	0	0	0	0	0	0	0	0	0	0	0	0	0	0	0	0	0	
47032	Rectus_L	0	0	756	0	5220	224	0	0	568	0	0	0	0	0	990	0	0	0	0	0	2000	1104	190	0	1816	174	0	306	698	0	2576	1204	0	0	0	0	0	0	0	0	0	0	0	0	0	0	0	0	0	0	0	0	0	0	0	0	0	0	0	0	0	0	0	0	0	0	0	0	0	0	2662	990	1446	592	0	0	0	0	0	0	0	0	0	0	0	0	0	0	0	0	0	0	0	0	0	0	0	0	0	0	0	0	0	0	0	0	0	0	0	0	0	0	0	0	0	0	
76520	Rectus_R	0	0	0	0	204	9706	0	0	0	824	0	0	0	0	90	2724	0	0	0	0	672	5266	0	652	136	5624	306	0	0	2392	190	1736	0	0	0	0	0	0	0	0	0	0	0	0	0	0	0	0	0	0	0	0	0	0	0	0	0	0	0	0	0	0	0	0	0	0	0	0	0	0	654	4820	280	1984	0	0	0	0	0	0	0	0	0	0	0	0	0	0	0	0	0	0	0	0	0	0	0	0	0	0	0	0	0	0	0	0	0	0	0	0	0	0	0	0	0	0	
679816	Insula_L	26150	458	32830	3666	3130	0	18970	1256	1054	0	17660	0	19042	148	15706	0	28242	0	24166	4526	2598	106	2366	482	0	0	698	0	0	160	1532	2152	278	3396	0	0	15534	228	2030	0	1560	0	0	0	0	0	0	0	222	0	2482	0	2628	0	11414	0	8506	156	242	0	1418	0	1952	0	652	0	0	0	166	0	7534	266	26220	126	0	0	1910	410	11830	0	14082	0	3636	0	3874	0	0	0	9238	0	666	0	0	0	0	0	0	0	154	0	0	0	0	0	0	0	0	0	0	0	0	0	0	0	0	0	
225620	Insula_R	196	1536	100	6580	0	1558	0	5246	0	420	138	13266	0	6550	0	5566	0	12156	1560	5494	0	2546	108	276	0	0	0	2392	160	0	84	1588	0	2602	0	0	0	6772	0	1872	0	628	0	160	0	82	0	0	0	190	0	0	0	0	0	3014	0	830	0	238	0	84	0	366	0	82	0	484	0	116	338	948	0	18484	0	364	0	1158	0	1632	0	726	0	1426	0	396	0	0	0	2162	0	136	0	0	0	0	0	0	0	0	0	0	0	0	0	0	0	0	0	0	0	0	0	0	0	0	
331728	Cingulum_Ant_L	6832	0	21506	4766	2694	302	2474	382	88	0	1282	82	496	0	484	0	494	0	18776	3502	2718	1882	22814	6744	3370	902	2576	190	1532	84	0	16410	8416	6026	572	0	0	0	0	0	0	0	0	0	0	0	0	0	0	0	0	0	0	0	0	0	336	0	0	0	0	0	0	0	0	0	0	0	86	0	13624	3456	8380	1394	0	0	192	0	0	0	0	0	0	0	0	0	0	0	0	0	0	0	0	0	0	0	0	0	0	0	0	0	0	0	0	0	0	0	0	0	0	0	0	0	0	0	
429504	Cingulum_Ant_R	2810	1084	4712	30842	280	1352	1242	6144	0	0	1686	230	188	1692	134	456	830	94	10296	16276	2566	2828	10106	26364	646	3838	1204	1736	2152	1588	16410	0	3182	25072	96	932	208	496	0	232	0	0	0	0	0	0	0	0	0	0	0	0	0	0	0	0	168	294	0	0	0	0	0	0	0	0	0	0	0	0	7382	18016	1600	6176	0	186	0	758	0	0	80	0	0	0	0	0	0	0	88	0	0	0	0	0	0	0	0	0	0	0	0	0	0	0	0	0	0	0	0	0	0	0	0	0	0	0	
143704	Cingulum_Mid_L	2364	144	4744	1516	0	0	1210	332	0	0	0	0	156	0	0	0	0	0	10348	5636	0	0	4908	794	0	0	0	0	278	0	8416	3182	0	9036	6494	648	0	0	0	0	0	0	124	80	618	0	0	0	846	0	712	0	0	0	0	0	166	88	494	0	0	0	0	0	0	0	1634	848	5248	666	0	122	0	0	0	0	0	0	0	0	0	0	0	0	0	0	0	0	0	0	0	0	0	0	0	0	0	0	0	0	0	0	0	0	0	0	0	0	0	0	0	0	0	0	0	0	
507848	Cingulum_Mid_R	5492	0	4676	21324	0	0	2578	4876	0	0	1006	2448	222	1274	108	2230	742	208	28334	45878	0	0	10380	13432	0	0	0	0	3396	2602	6026	25072	9036	0	1944	10028	1184	616	0	0	0	0	0	2258	0	1082	0	0	0	1016	154	82	90	0	672	568	248	4576	0	400	136	0	0	0	0	0	880	6426	6868	12452	3938	362	1616	162	0	0	198	204	892	0	298	0	100	102	378	850	0	0	662	1046	0	0	0	0	0	0	0	0	0	0	0	0	0	0	0	0	0	0	0	0	96	0	0	0	0	0	
148084	Cingulum_Post_L	5666	1482	94	218	0	0	88	0	0	0	0	0	0	0	0	0	0	0	982	3716	0	0	0	0	0	0	0	0	0	0	572	96	6494	1944	0	5864	5402	378	3722	0	0	0	4020	0	1560	0	1454	0	1494	0	1116	0	286	0	1316	0	1318	162	406	0	0	0	0	0	0	0	6208	510	7596	2678	0	472	0	0	0	0	2260	3344	0	0	0	0	0	0	374	0	0	0	280	0	0	0	0	0	0	0	354	0	0	0	0	0	0	0	0	0	0	0	0	0	116	0	0	0	0	0	
151876	Cingulum_Post_R	1476	3094	0	842	0	0	320	0	0	0	0	86	0	0	0	0	0	0	284	8170	0	0	0	0	0	0	0	0	0	0	0	932	648	10028	5864	0	3080	3996	1568	650	0	0	0	1036	0	0	0	2862	0	0	0	0	0	0	494	712	0	2204	0	0	0	0	0	0	0	0	644	8298	1198	9110	0	408	0	98	0	0	2336	4804	0	0	0	0	0	0	0	0	0	0	0	126	0	0	0	0	0	0	0	0	0	0	0	0	0	0	0	0	0	0	0	0	570	0	0	0	0	0	
293196	Hippocampus_L	10118	1818	3176	2044	0	0	3056	80	0	0	322	0	0	0	632	0	1202	0	3060	4190	954	0	0	0	0	0	0	0	15534	0	0	208	0	1184	5402	3080	0	342	15670	92	5720	0	2648	0	0	0	4346	114	0	0	122	0	120	0	13612	0	1448	0	0	0	298	0	228	0	0	0	3386	0	1348	1608	786	194	10140	0	310	0	6410	3576	2798	0	2740	0	1048	0	2302	0	0	0	8130	0	0	0	0	0	0	0	642	0	134	0	0	0	0	0	0	0	0	0	0	120	106	0	0	0	0	0	
250236	Hippocampus_R	270	6578	122	3888	0	108	158	1208	0	0	0	2514	0	212	0	372	0	1904	0	1904	0	730	0	132	0	0	0	0	228	6772	0	496	0	616	378	3996	342	0	338	21052	0	7208	0	1084	0	0	0	4654	0	0	0	0	0	0	0	19858	0	1562	0	110	0	0	0	108	0	0	0	6150	92	2030	404	402	0	8648	0	234	0	2884	0	908	0	276	0	3460	0	518	0	0	0	7712	0	678	0	0	0	0	0	480	0	510	0	0	0	0	0	0	0	0	0	0	830	0	0	0	0	0	
137540	ParaHippocampal_L	2120	1018	282	236	0	0	454	0	0	0	0	0	0	0	292	0	660	0	166	1382	888	0	0	0	0	0	0	0	2030	0	0	0	0	0	3722	1568	15670	338	0	222	2486	0	2884	0	0	0	5492	250	0	0	92	0	86	0	8828	0	310	0	0	0	0	0	154	0	0	0	3504	0	424	926	0	0	782	0	0	0	2208	1880	84	0	488	0	2278	0	398	0	776	0	864	0	386	0	0	0	0	0	1046	0	562	0	0	0	0	0	0	0	94	0	92	244	104	0	0	0	0	0	
151064	ParaHippocampal_R	0	710	0	716	0	0	0	380	0	0	0	892	0	112	0	130	0	348	0	478	0	416	0	0	0	0	0	0	0	1872	0	232	0	0	0	650	92	21052	222	0	0	5186	0	710	0	0	0	4636	0	0	0	0	0	0	0	15218	0	214	0	0	0	0	0	0	0	0	0	3494	0	448	0	142	0	3440	0	182	0	602	0	162	0	110	0	4586	0	120	0	1588	0	2318	0	1056	0	128	0	0	0	1596	0	1042	0	0	0	146	0	0	0	0	0	0	106	0	0	0	0	0	
31164	Amygdala_L	118	0	96	0	0	0	0	0	0	0	0	0	0	0	420	0	0	0	110	0	974	0	0	0	0	0	0	0	1560	0	0	0	0	0	0	0	5720	0	2486	0	0	0	0	0	0	0	0	0	0	0	0	0	0	0	1764	0	0	0	0	0	0	0	0	0	0	0	0	0	0	0	0	0	720	0	0	0	0	0	0	0	0	0	904	0	0	0	0	0	710	0	0	0	0	0	0	0	0	0	0	0	0	0	0	0	0	0	0	0	0	0	0	0	0	0	0	0	
45324	Amygdala_R	0	0	0	0	0	90	0	0	0	0	0	0	0	0	0	304	0	0	0	0	0	948	0	0	0	0	0	0	0	628	0	0	0	0	0	0	0	7208	0	5186	0	0	0	0	0	0	0	0	0	0	0	0	0	0	0	3358	0	0	0	0	0	0	0	0	0	0	0	0	0	0	0	0	0	1238	0	0	0	0	0	0	0	0	0	3604	0	0	0	0	0	98	0	0	0	0	0	0	0	0	0	0	0	0	0	0	0	0	0	0	0	0	0	0	0	0	0	0	
236412	Calcarine_L	1080	0	0	0	0	0	0	0	0	0	0	0	0	0	0	0	0	0	0	0	0	0	0	0	0	0	0	0	0	0	0	0	124	0	4020	0	2648	0	2884	0	0	0	0	3250	10110	2466	15062	1046	11364	922	25708	108	4788	0	6224	0	3114	0	1422	0	486	0	0	0	120	0	13736	860	1290	0	0	0	0	0	0	0	0	0	0	0	0	0	0	0	2468	0	0	0	1142	0	764	0	0	0	0	0	464	0	418	0	0	0	0	0	0	0	0	0	0	0	118	0	0	0	0	0	
331744	Calcarine_R	0	96	0	0	0	0	0	0	0	0	0	0	0	0	0	0	0	92	0	116	0	0	0	0	0	0	0	0	0	160	0	0	80	2258	0	1036	0	1084	0	710	0	0	3250	0	3752	27876	240	17054	0	26948	0	14866	0	4234	0	6558	0	1742	0	3626	0	348	0	246	0	540	2880	23756	0	1228	0	0	0	0	0	0	0	0	0	0	0	860	0	0	0	11760	0	0	0	8328	0	0	0	0	0	0	0	0	0	0	0	0	0	0	0	0	0	0	0	0	148	0	0	0	0	0	
179352	Cuneus_L	834	0	0	0	0	0	0	0	0	0	0	0	0	0	0	0	0	0	0	80	0	0	0	0	0	0	0	0	0	0	0	0	618	0	1560	0	0	0	0	0	0	0	10110	3752	0	7128	1018	418	19490	2912	12992	240	260	0	0	0	484	0	5740	0	112	0	0	0	92	0	16034	2644	1908	0	0	0	0	0	0	0	0	0	0	0	0	0	0	0	818	0	0	0	432	0	0	0	0	0	0	0	0	0	0	0	0	0	0	0	0	0	0	0	0	0	0	0	0	0	0	0	
299552	Cuneus_R	0	0	0	0	0	0	0	0	0	0	0	0	0	0	0	0	0	0	0	0	0	0	0	0	0	0	0	0	0	82	0	0	0	1082	0	0	0	0	0	0	0	0	2466	27876	7128	0	0	5276	0	43632	0	12060	0	1320	0	902	0	732	0	6884	0	210	0	110	0	358	5746	23432	0	276	0	0	0	0	0	0	0	0	0	0	0	426	0	0	0	6532	0	0	0	3246	0	0	0	0	0	0	0	0	0	0	0	0	0	0	0	0	0	0	0	0	0	0	0	0	0	0	
216240	Lingual_L	238	110	0	0	0	0	0	0	0	0	0	0	0	0	0	0	0	0	0	166	0	0	0	0	0	0	0	0	0	0	0	0	0	0	1454	0	4346	0	5492	0	0	0	15062	240	1018	0	0	290	1892	0	9760	0	5622	0	18392	0	250	0	0	0	0	0	0	0	0	0	5914	0	314	140	0	0	0	0	0	0	308	392	0	0	0	0	0	0	238	0	0	0	536	0	6546	358	504	0	340	0	9756	392	13358	498	0	0	0	0	210	0	0	0	0	0	1746	1850	134	0	106	148	
213648	Lingual_R	0	360	0	240	0	0	0	0	0	0	0	0	0	0	0	0	0	0	0	218	0	0	0	0	0	0	0	0	0	0	0	0	0	0	0	2862	114	4654	250	4636	0	0	1046	17054	418	5276	290	0	0	7708	0	5736	0	2382	90	12680	0	0	0	0	0	0	0	0	0	0	0	8034	0	186	0	0	0	0	0	0	0	850	0	0	0	0	0	0	0	496	0	0	0	288	672	5092	86	366	0	106	290	4076	1164	8024	0	0	0	0	0	84	0	0	0	114	2808	5896	2094	0	84	0	
340784	Occipital_Sup_L	2618	0	0	0	0	0	0	0	0	0	0	0	0	0	0	0	180	0	0	178	0	0	0	0	0	0	0	0	222	0	0	0	846	0	1494	0	0	0	0	0	0	0	11364	0	19490	0	1892	0	0	0	52810	0	496	0	316	0	11134	0	20898	0	9222	0	130	0	2552	0	17568	5124	2620	136	0	0	0	0	0	0	0	0	0	0	350	0	0	0	6306	0	0	0	2446	0	0	0	0	0	0	0	0	0	0	0	0	0	0	0	0	0	0	0	0	0	0	0	0	0	0	0	
374036	Occipital_Sup_R	0	0	0	0	0	0	0	0	0	0	0	0	0	0	0	0	0	142	0	0	0	0	0	0	0	0	0	0	0	190	0	0	0	1016	0	0	0	0	0	0	0	0	922	26948	2912	43632	0	7708	0	0	0	28824	0	2346	0	2072	0	2454	0	15758	0	1952	0	296	0	4298	2718	29080	0	600	0	0	0	0	0	0	0	0	0	180	0	1020	0	0	0	9100	0	0	0	2850	0	0	0	0	0	0	0	0	0	0	0	0	0	0	0	0	0	0	0	0	0	0	0	0	0	0	
584376	Occipital_Mid_L	7102	0	146	208	0	0	428	0	0	0	0	0	0	0	0	0	2936	0	272	364	0	0	0	0	0	0	0	0	2482	0	0	0	712	154	1116	0	122	0	92	0	0	0	25708	0	12992	0	9760	0	52810	0	0	0	16376	0	6018	0	17692	0	25166	0	23110	0	660	0	17656	0	16008	5392	3640	136	148	0	116	0	0	0	0	0	278	0	1894	0	0	0	27170	0	0	0	11864	0	1112	0	0	0	0	0	0	0	348	0	0	0	0	0	0	0	0	0	0	0	0	0	0	0	0	0	
224748	Occipital_Mid_R	0	0	0	0	0	0	0	0	0	0	0	0	0	0	0	0	0	0	0	0	0	0	0	0	0	0	0	0	0	0	0	0	0	82	0	0	0	0	0	0	0	0	108	14866	240	12060	0	5736	0	28824	0	0	0	4820	0	2386	0	220	0	3622	0	5160	0	156	0	10614	500	8660	0	0	0	0	0	0	0	0	0	0	0	0	0	296	0	0	0	12742	0	0	0	1282	0	0	0	0	0	0	0	0	0	0	0	0	0	0	0	0	0	0	0	0	0	0	0	0	0	0	
127528	Occipital_Inf_L	986	0	0	140	0	0	98	0	0	0	0	0	0	0	0	0	1108	0	144	144	0	0	0	0	0	0	0	0	2628	0	0	0	0	90	286	0	120	0	86	0	0	0	4788	0	260	0	5622	0	496	0	16376	0	0	0	11230	0	860	0	112	0	0	0	196	0	112	0	1148	0	466	0	112	0	100	0	0	0	0	0	1026	0	724	0	0	0	3844	0	0	0	4968	0	3328	0	0	0	0	0	290	0	1786	0	0	0	0	0	0	0	0	0	0	0	0	90	0	0	0	0	
45920	Occipital_Inf_R	0	0	0	0	0	0	0	0	0	0	0	0	0	0	0	0	0	0	0	0	0	0	0	0	0	0	0	0	0	0	0	0	0	0	0	0	0	0	0	0	0	0	0	4234	0	1320	0	2382	0	2346	0	4820	0	0	0	3626	0	0	0	0	0	0	0	0	0	0	0	140	0	0	0	0	0	0	0	0	0	0	0	0	0	0	0	0	0	1782	0	0	0	2310	0	0	0	0	0	0	0	0	0	0	0	0	0	0	0	0	0	0	0	0	0	0	0	0	0	0	
451936	Fusiform_L	4284	212	1166	816	0	0	600	0	0	0	130	0	0	0	0	0	2938	0	1634	1110	0	0	0	0	0	0	0	0	11414	0	0	0	0	672	1316	494	13612	0	8828	0	1764	0	6224	0	0	0	18392	90	316	0	6018	0	11230	0	0	82	1502	0	0	0	0	0	588	0	300	0	3080	0	1352	242	424	0	2926	0	0	0	668	454	3714	0	4110	0	5306	0	4352	0	2024	0	19254	0	26254	146	1938	0	314	0	14828	110	32114	268	804	0	558	0	214	0	202	0	0	0	1870	2218	216	0	120	156	
336052	Fusiform_R	0	124	0	140	0	0	0	106	0	0	0	784	0	0	0	0	0	504	0	276	0	0	0	0	0	0	0	0	0	3014	0	0	0	568	0	712	0	19858	0	15218	0	3358	0	6558	0	902	0	12680	0	2072	0	2386	0	3626	82	0	0	2720	0	152	0	0	0	0	0	0	0	4272	0	1756	0	0	0	1504	0	0	0	0	0	682	0	518	0	6382	0	3170	0	2516	0	17034	668	16414	124	1466	0	488	250	5640	882	17690	0	0	0	1044	0	308	0	0	0	146	2362	4778	1574	254	264	0	
351364	Postcentral_L	34372	1370	2410	490	0	0	1482	1142	0	0	5332	86	458	0	0	0	12176	0	2272	672	0	0	106	0	0	0	0	0	8506	0	336	168	166	248	1318	0	1448	0	310	0	0	0	3114	0	484	0	250	0	11134	0	17692	0	860	0	1502	0	0	0	8434	0	18372	0	10876	0	1686	0	3316	1102	7706	162	454	0	1350	0	136	0	370	0	2572	0	3886	0	0	0	3356	0	0	0	1826	0	174	0	0	0	0	0	0	0	0	0	0	0	0	0	0	0	0	0	0	0	0	0	0	0	0	0	
169640	Postcentral_R	230	8394	84	1278	0	0	138	492	0	0	0	1882	0	0	0	0	0	4746	0	2354	0	0	0	130	0	0	0	0	156	830	0	294	88	4576	162	2204	0	1562	0	214	0	0	0	1742	0	732	0	0	0	2454	0	220	0	0	0	2720	0	0	0	7398	0	8766	0	8522	0	1120	112	3308	138	10646	410	604	0	1126	0	0	0	82	0	248	0	798	0	0	0	1174	0	0	0	2594	0	92	0	0	0	0	0	0	0	0	0	0	0	0	0	0	0	0	0	0	0	0	0	0	0	0	
205396	Parietal_Sup_L	1452	0	0	0	0	0	168	0	0	0	0	0	0	0	0	0	256	0	0	126	0	0	0	0	0	0	0	0	242	0	0	0	494	0	406	0	0	0	0	0	0	0	1422	0	5740	0	0	0	20898	0	25166	0	112	0	0	0	8434	0	0	0	12500	0	0	0	2584	0	14476	6108	1482	0	0	0	0	0	0	0	0	0	0	0	0	0	0	0	492	0	0	0	140	0	0	0	0	0	0	0	0	0	0	0	0	0	0	0	0	0	0	0	0	0	0	0	0	0	0	0	
136000	Parietal_Sup_R	0	198	0	256	0	0	0	0	0	0	0	0	0	0	0	0	0	546	0	180	0	0	0	0	0	0	0	0	0	238	0	0	0	400	0	0	0	110	0	0	0	0	0	3626	0	6884	0	0	0	15758	0	3622	0	0	0	152	0	7398	0	0	0	6596	0	844	0	3846	606	12854	0	692	0	0	0	0	0	0	0	0	0	212	0	914	0	0	0	1738	0	0	0	330	0	0	0	0	0	0	0	0	0	0	0	0	0	0	0	0	0	0	0	0	0	0	0	0	0	0	
207204	Parietal_Inf_L	3758	0	114	212	0	0	364	0	0	0	0	0	0	0	0	0	1176	0	222	226	0	0	0	0	0	0	0	0	1418	0	0	0	0	136	0	0	298	0	0	0	0	0	486	0	112	0	0	0	9222	0	23110	0	0	0	0	0	18372	0	12500	0	0	0	11810	0	11770	0	2082	966	354	0	132	0	0	0	0	0	0	0	510	0	638	0	0	0	3318	0	0	0	296	0	0	0	0	0	0	0	0	0	0	0	0	0	0	0	0	0	0	0	0	0	0	0	0	0	0	0	
112156	Parietal_Inf_R	0	968	0	322	0	0	0	0	0	0	0	90	0	0	0	0	0	1136	0	162	0	0	0	0	0	0	0	0	0	84	0	0	0	0	0	0	0	0	0	0	0	0	0	348	0	210	0	0	0	1952	0	5160	0	0	0	0	0	8766	0	6596	0	0	0	14484	0	13188	0	398	0	110	0	0	0	0	0	0	0	0	0	0	0	754	0	0	0	1070	0	0	0	280	0	0	0	0	0	0	0	0	0	0	0	0	0	0	0	0	0	0	0	0	0	0	0	0	0	0	
115168	SupraMarginal_L	484	0	142	0	0	0	94	0	0	0	0	0	0	0	0	0	4134	0	142	0	0	0	0	0	0	0	0	0	1952	0	0	0	0	0	0	0	228	0	154	0	0	0	0	0	0	0	0	0	130	0	660	0	196	0	588	0	10876	0	0	0	11810	0	0	0	6238	0	0	0	0	0	0	0	0	0	0	0	0	0	638	0	10228	0	0	0	6766	0	0	0	2124	0	0	0	0	0	0	0	0	0	0	0	0	0	0	0	0	0	0	0	0	0	0	0	0	0	0	0	
96484	SupraMarginal_R	0	1380	0	0	0	0	0	0	0	0	0	80	0	0	0	0	0	2728	0	0	0	0	0	0	0	0	0	0	0	366	0	0	0	0	0	0	0	108	0	0	0	0	0	246	0	110	0	0	0	296	0	156	0	0	0	0	0	8522	0	844	0	14484	0	0	0	7106	0	88	0	0	0	0	0	0	0	0	0	0	0	0	0	7364	0	0	0	3724	0	0	0	640	0	0	0	0	0	0	0	0	0	0	0	0	0	0	0	0	0	0	0	0	0	0	0	0	0	0	
118104	Angular_L	1126	0	282	0	0	0	88	0	0	0	0	0	0	0	0	0	908	0	316	0	0	0	0	0	0	0	0	0	652	0	0	0	0	0	0	0	0	0	0	0	0	0	120	0	92	0	0	0	2552	0	17656	0	112	0	300	0	1686	0	2584	0	11770	0	6238	0	0	0	262	0	176	0	0	0	0	0	0	0	0	0	132	0	3128	0	0	0	8154	0	0	0	718	0	0	0	0	0	0	0	0	0	0	0	0	0	0	0	0	0	0	0	0	0	0	0	0	0	0	0	
102480	Angular_R	0	92	0	0	0	0	0	0	0	0	0	0	0	0	0	0	0	380	0	0	0	0	0	0	0	0	0	0	0	82	0	0	0	0	0	0	0	0	0	0	0	0	0	540	0	358	0	0	0	4298	0	10614	0	0	0	0	0	1120	0	3846	0	13188	0	7106	0	0	0	726	0	0	0	0	0	0	0	0	0	0	0	0	0	3050	0	0	0	5246	0	0	0	594	0	0	0	0	0	0	0	0	0	0	0	0	0	0	0	0	0	0	0	0	0	0	0	0	0	0	
292472	Precuneus_L	1452	0	0	0	0	0	0	0	0	0	0	0	0	0	0	0	0	0	0	148	0	0	0	0	0	0	0	0	0	0	0	0	1634	880	6208	644	3386	0	3504	0	0	0	13736	2880	16034	5746	5914	0	17568	2718	16008	500	1148	0	3080	0	3316	112	14476	606	2082	0	0	0	262	0	0	14178	3336	258	0	0	0	0	0	0	0	0	0	0	0	0	0	0	1518	628	0	0	1008	434	266	0	0	0	0	0	470	0	98	0	0	0	0	0	0	0	0	0	0	0	0	0	0	0	0	0	
400508	Precuneus_R	514	1000	0	480	0	0	0	0	0	0	0	106	0	0	0	0	0	330	0	904	0	0	0	0	0	0	0	0	0	484	0	0	848	6426	510	8298	0	6150	0	3494	0	0	860	23756	2644	23432	0	8034	5124	29080	5392	8660	0	140	0	4272	1102	3308	6108	12854	966	398	0	88	0	726	14178	0	972	3072	0	0	0	100	0	0	0	988	0	292	0	366	0	0	98	7540	0	0	0	4294	0	88	0	0	0	0	0	572	0	0	0	0	0	0	0	0	0	0	0	0	1206	0	0	0	0	0	
340060	Paracentral_Lobule_L	36730	3670	1682	4254	0	0	508	1272	0	0	0	0	0	0	0	0	0	0	12340	21776	0	0	0	0	0	0	0	0	166	0	86	0	5248	6868	7596	1198	1348	92	424	0	0	0	1290	0	1908	0	314	0	2620	0	3640	0	466	0	1352	0	7706	138	1482	0	354	0	0	0	176	0	3336	972	0	11510	3998	276	412	0	3018	0	17194	910	0	0	0	0	0	0	848	0	0	0	672	0	180	0	0	0	0	0	0	0	0	0	0	0	0	0	0	0	0	0	0	0	0	0	0	0	0	0	
271744	Paracentral_Lobule_R	7042	11714	0	402	0	0	290	0	0	0	0	0	0	0	0	0	0	0	1320	34594	0	0	0	0	0	0	0	0	0	116	0	0	666	12452	2678	9110	1608	2030	926	448	0	0	0	1228	0	276	140	186	136	600	136	0	0	0	242	1756	162	10646	0	692	0	110	0	0	0	0	258	3072	11510	0	0	3342	0	0	0	0	2196	11798	0	152	0	314	0	0	0	346	0	0	0	1098	0	80	0	0	0	0	0	0	0	0	0	0	0	0	0	0	0	0	0	0	0	0	0	0	0	0	
340076	Caudate_L	14976	1528	9196	10800	1864	502	6994	5512	0	0	2300	230	752	244	1024	148	1166	0	10848	7846	4632	5880	5214	1108	556	316	2662	654	7534	338	13624	7382	0	3938	0	0	786	404	0	0	0	0	0	0	0	0	0	0	0	0	148	0	112	0	424	0	454	410	0	0	132	0	0	0	0	0	0	0	3998	0	0	8096	13866	2586	858	210	5224	1206	454	0	122	0	0	0	318	0	0	0	462	0	0	0	0	0	0	0	0	0	0	0	0	0	0	0	0	0	0	0	0	0	0	0	0	0	0	0	
312056	Caudate_R	876	2750	410	16992	266	5440	376	3346	0	368	0	118	0	0	0	1616	0	360	1062	20354	3054	7726	490	9870	192	2756	990	4820	266	948	3456	18016	122	362	472	408	194	402	0	142	0	0	0	0	0	0	0	0	0	0	0	0	0	0	0	0	0	604	0	0	0	0	0	0	0	0	0	0	276	3342	8096	0	2810	15774	338	1836	816	13116	0	0	0	0	0	0	0	0	0	0	0	0	0	0	0	0	0	0	0	0	0	0	0	0	0	0	0	0	0	0	0	0	0	0	0	0	0	0	
383252	Putamen_L	21138	174	23498	2744	3708	192	5364	82	310	0	1052	0	1376	0	5436	0	906	0	20100	2870	2826	2788	4030	0	482	100	1446	280	26220	0	8380	1600	0	1616	0	0	10140	0	782	0	720	0	0	0	0	0	0	0	0	0	116	0	100	0	2926	0	1350	0	0	0	0	0	0	0	0	0	0	0	412	0	13866	2810	0	866	7492	0	1876	454	790	0	1700	0	936	0	1584	0	0	0	3988	0	0	0	0	0	0	0	0	0	0	0	0	0	0	0	0	0	0	0	0	0	0	0	0	0	0	0	
245324	Putamen_R	196	1712	202	9002	176	3500	0	6532	0	418	104	3906	0	970	0	4332	0	4840	138	5906	1612	3026	112	2802	94	1852	592	1984	126	18484	1394	6176	0	162	0	98	0	8648	0	3440	0	1238	0	0	0	0	0	0	0	0	0	0	0	0	0	1504	0	1126	0	0	0	0	0	0	0	0	0	100	0	0	2586	15774	866	0	204	2836	0	2040	0	288	0	260	0	778	0	0	0	0	0	134	0	196	0	0	0	0	0	0	0	196	0	0	0	0	0	0	0	0	0	0	0	0	0	0	0	0	
59264	Pallidum_L	4750	0	2924	794	0	0	1200	0	0	0	0	0	0	0	0	0	0	0	4538	864	0	0	0	0	0	0	0	0	0	0	0	0	0	0	0	0	310	0	0	0	0	0	0	0	0	0	0	0	0	0	0	0	0	0	0	0	136	0	0	0	0	0	0	0	0	0	0	0	3018	0	858	338	7492	204	0	0	1900	306	0	0	0	0	0	0	0	0	0	0	0	0	0	0	0	0	0	0	0	0	0	0	0	0	0	0	0	0	0	0	0	0	0	0	0	0	0	0	
18476	Pallidum_R	0	760	0	320	0	0	0	846	0	0	0	208	0	0	0	0	0	620	134	502	0	0	0	0	0	0	0	0	0	364	0	186	0	0	0	0	0	234	0	182	0	0	0	0	0	0	0	0	0	0	0	0	0	0	0	0	0	0	0	0	0	0	0	0	0	0	0	0	0	0	210	1836	0	2836	0	0	0	0	0	0	0	0	0	0	0	0	0	0	0	0	0	0	0	0	0	0	0	0	0	0	0	0	0	0	0	0	0	0	0	0	0	0	0	0	0	0	
158008	Thalamus_L	15134	1734	1082	324	0	0	1988	0	0	0	164	0	0	0	0	0	336	0	416	2896	0	0	142	0	0	0	0	0	1910	0	192	0	0	198	2260	2336	6410	0	2208	0	0	0	0	0	0	0	308	0	0	0	0	0	0	0	668	0	370	0	0	0	0	0	0	0	0	0	0	0	17194	2196	5224	816	1876	0	1900	0	0	7030	556	0	142	0	0	0	554	0	0	0	440	0	0	0	0	0	0	0	0	0	0	0	0	0	0	0	0	0	0	0	0	0	0	0	0	0	0	0	
228676	Thalamus_R	3142	9388	492	12336	0	0	1082	2208	0	0	0	404	0	84	0	438	0	412	1274	22856	0	116	0	464	0	0	0	0	410	1158	0	758	0	204	3344	4804	3576	2884	1880	602	0	0	0	0	0	0	392	850	0	0	0	0	0	0	454	0	0	82	0	0	0	0	0	0	0	0	0	988	910	11798	1206	13116	454	2040	306	0	7030	0	0	0	0	0	0	0	0	0	0	0	0	0	0	0	0	0	0	0	0	0	0	0	0	0	0	0	0	0	0	0	0	0	396	0	0	0	0	0	
95144	Heschl_L	2038	0	392	1004	0	0	678	0	0	0	790	0	0	0	0	0	5700	0	956	1022	0	0	0	0	0	0	0	0	11830	0	0	0	0	892	0	0	2798	0	84	0	0	0	0	0	0	0	0	0	0	0	278	0	1026	0	3714	0	2572	0	0	0	510	0	638	0	132	0	0	0	0	0	454	0	790	0	0	0	556	0	0	0	4866	0	0	0	1696	0	0	0	1884	0	272	0	0	0	0	0	0	0	0	0	0	0	0	0	0	0	0	0	0	0	0	0	0	0	0	0	
22252	Heschl_R	0	0	0	0	0	0	0	0	0	0	0	0	0	0	0	0	0	1884	0	0	0	0	0	0	0	0	0	0	0	1632	0	0	0	0	0	0	0	908	0	162	0	0	0	0	0	0	0	0	0	180	0	0	0	0	0	682	0	248	0	212	0	0	0	0	0	0	0	292	0	152	0	0	0	288	0	0	0	0	0	0	0	2744	0	0	0	894	0	0	0	848	0	0	0	0	0	0	0	0	0	0	0	0	0	0	0	0	0	0	0	0	0	0	0	0	0	0	
233040	Temporal_Sup_L	2826	0	2286	254	0	0	458	0	0	0	1514	0	0	0	0	0	14602	0	2388	318	0	0	0	0	0	0	0	0	14082	0	0	80	0	298	0	0	2740	0	488	0	0	0	0	0	0	0	0	0	350	0	1894	0	724	0	4110	0	3886	0	0	0	638	0	10228	0	3128	0	0	0	0	0	122	0	1700	0	0	0	142	0	4866	0	0	0	5030	0	26320	0	298	0	10510	0	132	0	0	0	0	0	0	0	108	0	0	0	0	0	0	0	0	0	0	0	0	0	0	0	0	0	
84528	Temporal_Sup_R	0	0	0	0	0	0	0	0	0	0	0	0	0	0	0	0	0	2940	0	0	0	0	0	0	0	0	0	0	0	726	0	0	0	0	0	0	0	276	0	110	0	0	0	860	0	426	0	0	0	1020	0	296	0	0	0	518	0	798	0	914	0	754	0	7364	0	3050	0	366	0	314	0	0	0	260	0	0	0	0	0	2744	0	0	0	0	0	14808	0	0	0	3720	0	0	0	0	0	0	0	0	0	0	0	0	0	0	0	0	0	0	0	0	0	0	0	0	0	0	
94412	Temporal_Pole_Sup_L	288	0	986	0	356	0	166	0	184	0	1682	0	532	0	2080	0	1660	0	914	98	624	0	0	0	0	0	0	0	3636	0	0	0	0	100	0	0	1048	0	2278	0	904	0	0	0	0	0	0	0	0	0	0	0	0	0	5306	0	0	0	0	0	0	0	0	0	0	0	0	0	0	0	0	0	936	0	0	0	0	0	0	0	5030	0	0	0	8668	0	4280	0	5450	0	0	0	0	0	0	0	0	0	0	0	0	0	0	0	0	0	0	0	0	0	0	0	0	0	0	0	
60256	Temporal_Pole_Sup_R	0	0	0	522	0	0	0	158	0	0	0	1702	0	300	0	0	0	1640	0	328	0	152	0	0	0	0	0	0	0	1426	0	0	0	102	0	0	0	3460	0	4586	0	3604	0	0	0	0	0	0	0	0	0	0	0	0	0	6382	0	0	0	0	0	0	0	0	0	0	0	0	0	0	0	0	0	778	0	0	0	0	0	0	0	0	0	0	0	518	0	3074	0	1396	0	0	0	0	0	0	0	0	0	0	0	0	0	0	0	0	0	0	0	0	0	0	0	0	0	0	
336332	Temporal_Mid_L	3410	0	540	522	0	0	534	0	0	0	0	0	0	0	0	0	3678	0	624	526	0	0	0	0	0	0	0	0	3874	0	0	0	0	378	374	0	2302	0	398	0	0	0	2468	0	818	0	238	0	6306	0	27170	0	3844	0	4352	0	3356	0	492	0	3318	0	6766	0	8154	0	1518	98	848	0	318	0	1584	0	0	0	554	0	1696	0	26320	0	8668	0	0	0	4962	0	37056	0	102	0	0	0	0	0	0	0	0	0	0	0	0	0	0	0	0	0	0	0	0	0	0	0	0	0	
227408	Temporal_Mid_R	0	0	0	0	0	0	0	0	0	0	0	82	0	0	0	0	0	276	0	0	0	0	0	0	0	0	0	0	0	396	0	0	0	850	0	0	0	518	0	120	0	0	0	11760	0	6532	0	496	0	9100	0	12742	0	1782	0	3170	0	1174	0	1738	0	1070	0	3724	0	5246	628	7540	0	346	0	0	0	0	0	0	0	0	0	894	0	14808	0	518	0	0	0	202	0	27992	0	0	0	0	0	0	0	0	0	0	0	0	0	0	0	0	0	0	0	0	0	0	0	0	0	0	
31236	Temporal_Pole_Mid_L	0	0	0	0	0	0	0	0	0	0	0	0	0	0	0	0	0	0	0	0	0	0	0	0	0	0	0	0	0	0	0	0	0	0	0	0	0	0	776	0	0	0	0	0	0	0	0	0	0	0	0	0	0	0	2024	0	0	0	0	0	0	0	0	0	0	0	0	0	0	0	0	0	0	0	0	0	0	0	0	0	298	0	4280	0	4962	0	0	0	3278	0	0	0	0	0	0	0	0	0	0	0	0	0	0	0	0	0	0	0	0	0	0	0	0	0	0	0	
15408	Temporal_Pole_Mid_R	0	0	0	0	0	0	0	0	0	0	0	0	0	0	0	0	0	0	0	0	0	0	0	0	0	0	0	0	0	0	0	0	0	0	0	0	0	0	0	1588	0	0	0	0	0	0	0	0	0	0	0	0	0	0	0	2516	0	0	0	0	0	0	0	0	0	0	0	0	0	0	0	0	0	0	0	0	0	0	0	0	0	0	0	3074	0	202	0	0	0	324	0	0	0	0	0	0	0	0	0	0	0	0	0	0	0	0	0	0	0	0	0	0	0	0	0	0	
298996	Temporal_Inf_L	3968	0	1454	822	0	0	610	0	0	0	0	0	0	0	0	0	3726	0	1798	832	0	0	0	0	0	0	0	0	9238	0	0	88	0	662	280	0	8130	0	864	0	710	0	1142	0	432	0	536	0	2446	0	11864	0	4968	0	19254	0	1826	0	140	0	296	0	2124	0	718	0	1008	0	672	0	462	0	3988	0	0	0	440	0	1884	0	10510	0	5450	0	37056	0	3278	0	0	0	3460	0	1026	0	0	0	110	0	808	0	304	0	114	0	0	0	0	0	0	0	0	0	0	0	0	0	
192164	Temporal_Inf_R	0	98	0	0	0	0	0	0	0	0	0	540	0	0	0	0	0	420	0	104	0	0	0	0	0	0	0	0	0	2162	0	0	0	1046	0	126	0	7712	0	2318	0	98	0	8328	0	3246	0	288	0	2850	0	1282	0	2310	0	17034	0	2594	0	330	0	280	0	640	0	594	434	4294	0	1098	0	0	0	134	0	0	0	0	0	848	0	3720	0	1396	0	27992	0	324	0	0	0	1302	0	140	0	0	0	0	0	0	0	0	0	0	0	0	0	0	0	0	0	0	0	0	0	0	
410224	Cerebelum_Crus1_L	300	0	0	0	0	0	0	0	0	0	0	0	0	0	0	0	234	0	0	0	0	0	0	0	0	0	0	0	666	0	0	0	0	0	0	0	0	0	386	0	0	0	764	0	0	0	6546	672	0	0	1112	0	3328	0	26254	668	174	0	0	0	0	0	0	0	0	0	266	0	180	0	0	0	0	0	0	0	0	0	272	0	132	0	0	0	102	0	0	0	3460	0	0	1780	28454	1252	3328	246	22152	552	58086	2180	8050	0	10496	1342	676	1154	0	0	792	1192	4192	6698	5384	916	674	0	
469920	Cerebelum_Crus1_R	0	0	0	0	0	0	0	0	0	0	0	0	0	0	0	0	0	0	0	0	0	0	0	0	0	0	0	0	0	136	0	0	0	0	0	0	0	678	0	1056	0	0	0	0	0	0	358	5092	0	0	0	0	0	0	146	16414	0	92	0	0	0	0	0	0	0	0	0	88	0	80	0	0	0	196	0	0	0	0	0	0	0	0	0	0	0	0	0	0	0	1302	1780	0	1090	32994	0	2940	2896	21500	2030	69042	470	2210	480	23248	0	4160	0	108	652	1210	11208	11916	13442	2606	3052	288	
269312	Cerebelum_Crus2_L	0	0	0	0	0	0	0	0	0	0	0	0	0	0	0	0	0	0	0	0	0	0	0	0	0	0	0	0	0	0	0	0	0	0	0	0	0	0	0	0	0	0	0	0	0	0	504	86	0	0	0	0	0	0	1938	124	0	0	0	0	0	0	0	0	0	0	0	0	0	0	0	0	0	0	0	0	0	0	0	0	0	0	0	0	0	0	0	0	1026	0	28454	1090	0	7956	536	0	1750	0	6970	750	31666	4728	27954	5576	1308	434	358	0	0	0	132	2216	6952	2062	86	0	
260128	Cerebelum_Crus2_R	0	0	0	0	0	0	0	0	0	0	0	0	0	0	0	0	0	0	0	0	0	0	0	0	0	0	0	0	0	0	0	0	0	0	0	0	0	0	0	128	0	0	0	0	0	0	0	366	0	0	0	0	0	0	0	1466	0	0	0	0	0	0	0	0	0	0	0	0	0	0	0	0	0	0	0	0	0	0	0	0	0	0	0	0	0	0	0	0	0	140	1252	32994	7956	0	0	384	376	2106	500	14338	1822	13798	1372	28834	0	2204	0	0	298	488	1234	2662	10862	2934	1394	156	
46492	Cerebelum_3_L	0	0	0	0	0	0	0	0	0	0	0	0	0	0	0	0	0	0	0	0	0	0	0	0	0	0	0	0	0	0	0	0	0	0	0	0	0	0	0	0	0	0	0	0	0	0	340	0	0	0	0	0	0	0	314	0	0	0	0	0	0	0	0	0	0	0	0	0	0	0	0	0	0	0	0	0	0	0	0	0	0	0	0	0	0	0	0	0	0	0	3328	0	536	0	0	0	9056	92	3508	132	114	0	220	0	670	0	0	0	426	2168	1598	570	174	0	0	0	
40620	Cerebelum_3_R	0	0	0	0	0	0	0	0	0	0	0	0	0	0	0	0	0	0	0	0	0	0	0	0	0	0	0	0	0	0	0	0	0	0	0	0	0	0	0	0	0	0	0	0	0	0	0	106	0	0	0	0	0	0	0	488	0	0	0	0	0	0	0	0	0	0	0	0	0	0	0	0	0	0	0	0	0	0	0	0	0	0	0	0	0	0	0	0	0	0	246	2940	0	384	0	0	526	3722	318	3242	0	0	0	692	0	1232	0	0	456	2608	1410	122	568	636	614	0	
290860	Cerebelum_4_5_L	0	0	0	0	0	0	0	0	0	0	0	0	0	0	0	0	0	0	0	0	0	0	0	0	0	0	0	0	0	0	0	0	0	0	354	0	642	0	1046	0	0	0	464	0	0	0	9756	290	0	0	0	0	290	0	14828	250	0	0	0	0	0	0	0	0	0	0	470	0	0	0	0	0	0	0	0	0	0	0	0	0	0	0	0	0	0	0	0	0	110	0	22152	2896	1750	376	9056	526	0	3594	38920	4618	898	0	1342	644	1684	1178	410	0	1220	2734	15086	3916	1204	1146	972	608	
202856	Cerebelum_4_5_R	0	0	0	0	0	0	0	0	0	0	0	0	0	0	0	0	0	0	0	0	0	0	0	0	0	0	0	0	0	0	0	0	0	0	0	0	0	480	0	1596	0	0	0	0	0	0	392	4076	0	0	0	0	0	0	110	5640	0	0	0	0	0	0	0	0	0	0	0	572	0	0	0	0	0	0	0	0	0	0	0	0	0	0	0	0	0	0	0	0	0	0	552	21500	0	2106	92	3722	3594	0	1190	30748	0	126	0	2484	0	1016	0	140	100	1132	17242	1214	606	530	468	0	
399148	Cerebelum_6_L	118	0	0	0	0	0	0	0	0	0	0	0	0	0	0	0	0	0	0	0	0	0	0	0	0	0	0	0	154	0	0	0	0	0	0	0	134	0	562	0	0	0	418	0	0	0	13358	1164	0	0	348	0	1786	0	32114	882	0	0	0	0	0	0	0	0	0	0	98	0	0	0	0	0	0	0	0	0	0	0	0	0	108	0	0	0	0	0	0	0	808	0	58086	2030	6970	500	3508	318	38920	1190	0	3174	2178	0	2122	512	1248	914	398	0	930	1410	9168	9274	2846	848	768	210	
465160	Cerebelum_6_R	0	0	0	0	0	0	0	0	0	0	0	0	0	0	0	0	0	0	0	0	0	0	0	0	0	0	0	0	0	0	0	0	0	0	0	0	0	510	0	1042	0	0	0	0	0	0	498	8024	0	0	0	0	0	0	268	17690	0	0	0	0	0	0	0	0	0	0	0	0	0	0	0	0	0	196	0	0	0	0	0	0	0	0	0	0	0	0	0	0	0	0	2180	69042	750	14338	132	3242	4618	30748	3174	0	398	458	444	12370	0	4310	0	262	936	1862	17978	15398	14562	3092	3660	398	
192964	Cerebelum_7b_L	0	0	0	0	0	0	0	0	0	0	0	0	0	0	0	0	0	0	0	0	0	0	0	0	0	0	0	0	0	0	0	0	0	0	0	0	0	0	0	0	0	0	0	0	0	0	0	0	0	0	0	0	0	0	804	0	0	0	0	0	0	0	0	0	0	0	0	0	0	0	0	0	0	0	0	0	0	0	0	0	0	0	0	0	0	0	0	0	304	0	8050	470	31666	1822	114	0	898	0	2178	398	0	128	33240	4062	2384	1002	518	0	0	0	112	322	4198	3374	438	0	
85820	Cerebelum_7b_R	0	0	0	0	0	0	0	0	0	0	0	0	0	0	0	0	0	0	0	0	0	0	0	0	0	0	0	0	0	0	0	0	0	0	0	0	0	0	0	0	0	0	0	0	0	0	0	0	0	0	0	0	0	0	0	0	0	0	0	0	0	0	0	0	0	0	0	0	0	0	0	0	0	0	0	0	0	0	0	0	0	0	0	0	0	0	0	0	0	0	0	2210	4728	13798	0	0	0	126	0	458	128	0	144	18558	0	1316	0	118	0	0	0	0	970	356	0	0	
259996	Cerebelum_8_L	0	0	0	0	0	0	0	0	0	0	0	0	0	0	0	0	0	0	0	0	0	0	0	0	0	0	0	0	0	0	0	0	0	0	0	0	0	0	0	0	0	0	0	0	0	0	0	0	0	0	0	0	0	0	558	0	0	0	0	0	0	0	0	0	0	0	0	0	0	0	0	0	0	0	0	0	0	0	0	0	0	0	0	0	0	0	0	0	114	0	10496	480	27954	1372	220	0	1342	0	2122	444	33240	144	0	6698	18008	4058	2264	0	82	104	430	1070	5016	9250	4436	96	
298824	Cerebelum_8_R	0	0	0	0	0	0	0	0	0	0	0	0	0	0	0	0	0	0	0	0	0	0	0	0	0	0	0	0	0	0	0	0	0	0	0	0	0	0	0	146	0	0	0	0	0	0	0	0	0	0	0	0	0	0	0	1044	0	0	0	0	0	0	0	0	0	0	0	0	0	0	0	0	0	0	0	0	0	0	0	0	0	0	0	0	0	0	0	0	0	0	1342	23248	5576	28834	0	692	644	2484	512	12370	4062	18558	6698	0	896	17060	82	1130	224	492	2382	556	8586	8258	3448	88	
81296	Cerebelum_9_L	0	0	0	0	0	0	0	0	0	0	0	0	0	0	0	0	0	0	0	0	0	0	0	0	0	0	0	0	0	0	0	0	0	0	0	0	0	0	0	0	0	0	0	0	0	0	210	0	0	0	0	0	0	0	214	0	0	0	0	0	0	0	0	0	0	0	0	0	0	0	0	0	0	0	0	0	0	0	0	0	0	0	0	0	0	0	0	0	0	0	676	0	1308	0	670	0	1684	0	1248	0	2384	0	18008	896	0	1600	3334	0	0	96	600	1158	452	2642	3024	444	
151372	Cerebelum_9_R	0	0	0	0	0	0	0	0	0	0	0	0	0	0	0	0	0	0	0	0	0	0	0	0	0	0	0	0	0	0	0	0	0	0	0	0	0	0	0	0	0	0	0	0	0	0	0	84	0	0	0	0	0	0	0	308	0	0	0	0	0	0	0	0	0	0	0	0	0	0	0	0	0	0	0	0	0	0	0	0	0	0	0	0	0	0	0	0	0	0	1154	4160	434	2204	0	1232	1178	1016	914	4310	1002	1316	4058	17060	1600	0	86	1794	1682	2522	3016	2458	5508	7324	8036	1230	
16880	Cerebelum_10_L	0	0	0	0	0	0	0	0	0	0	0	0	0	0	0	0	0	0	0	0	0	0	0	0	0	0	0	0	0	0	0	0	0	0	0	0	0	0	94	0	0	0	0	0	0	0	0	0	0	0	0	0	0	0	202	0	0	0	0	0	0	0	0	0	0	0	0	0	0	0	0	0	0	0	0	0	0	0	0	0	0	0	0	0	0	0	0	0	0	0	0	0	358	0	0	0	410	0	398	0	518	0	2264	82	3334	86	0	0	0	0	0	82	198	290	124	0	
7104	Cerebelum_10_R	0	0	0	0	0	0	0	0	0	0	0	0	0	0	0	0	0	0	0	0	0	0	0	0	0	0	0	0	0	0	0	0	0	0	0	0	0	0	0	0	0	0	0	0	0	0	0	0	0	0	0	0	0	0	0	0	0	0	0	0	0	0	0	0	0	0	0	0	0	0	0	0	0	0	0	0	0	0	0	0	0	0	0	0	0	0	0	0	0	0	0	108	0	0	0	0	0	140	0	262	0	118	0	1130	0	1794	0	0	0	0	0	0	0	0	0	0	
37096	Vermis_1_2	0	0	0	0	0	0	0	0	0	0	0	0	0	0	0	0	0	0	0	0	0	0	0	0	0	0	0	0	0	0	0	0	0	0	0	0	0	0	92	0	0	0	0	0	0	0	0	0	0	0	0	0	0	0	0	0	0	0	0	0	0	0	0	0	0	0	0	0	0	0	0	0	0	0	0	0	0	0	0	0	0	0	0	0	0	0	0	0	0	0	792	652	0	298	426	456	1220	100	930	936	0	0	82	224	0	1682	0	0	0	4896	2166	356	1070	1012	1044	114	
65352	Vermis_3	0	0	0	0	0	0	0	0	0	0	0	0	0	0	0	0	0	0	0	0	0	0	0	0	0	0	0	0	0	0	0	0	0	0	0	0	120	0	244	0	0	0	0	0	0	0	0	114	0	0	0	0	0	0	0	146	0	0	0	0	0	0	0	0	0	0	0	0	0	0	0	0	0	0	0	0	0	0	0	0	0	0	0	0	0	0	0	0	0	0	1192	1210	0	488	2168	2608	2734	1132	1410	1862	0	0	104	492	96	2522	0	0	4896	0	3924	500	1516	1520	1558	120	
242752	Vermis_4_5	0	248	0	200	0	0	0	0	0	0	0	0	0	0	0	0	0	0	0	0	0	0	0	0	0	0	0	0	0	0	0	0	0	96	116	570	106	830	104	106	0	0	118	148	0	0	1746	2808	0	0	0	0	0	0	1870	2362	0	0	0	0	0	0	0	0	0	0	0	1206	0	0	0	0	0	0	0	0	0	396	0	0	0	0	0	0	0	0	0	0	0	0	4192	11208	132	1234	1598	1410	15086	17242	9168	17978	112	0	430	2382	600	3016	0	0	2166	3924	0	6694	2674	2628	2630	1842	
200856	Vermis_6	0	0	0	0	0	0	0	0	0	0	0	0	0	0	0	0	0	0	0	0	0	0	0	0	0	0	0	0	0	0	0	0	0	0	0	0	0	0	0	0	0	0	0	0	0	0	1850	5896	0	0	0	0	90	0	2218	4778	0	0	0	0	0	0	0	0	0	0	0	0	0	0	0	0	0	0	0	0	0	0	0	0	0	0	0	0	0	0	0	0	0	0	6698	11916	2216	2662	570	122	3916	1214	9274	15398	322	0	1070	556	1158	2458	82	0	356	500	6694	0	9922	2356	3198	2938	
226016	Vermis_7	0	0	0	0	0	0	0	0	0	0	0	0	0	0	0	0	0	0	0	0	0	0	0	0	0	0	0	0	0	0	0	0	0	0	0	0	0	0	0	0	0	0	0	0	0	0	134	2094	0	0	0	0	0	0	216	1574	0	0	0	0	0	0	0	0	0	0	0	0	0	0	0	0	0	0	0	0	0	0	0	0	0	0	0	0	0	0	0	0	0	0	5384	13442	6952	10862	174	568	1204	606	2846	14562	4198	970	5016	8586	452	5508	198	0	1070	1516	2674	9922	0	7356	4422	502	
