data	data	481560	311684	697276	664104	107412	86168	434236	366380	78624	34240	278696	251640	275408	94972	168904	173540	226936	168924	487404	610288	68744	88136	284032	348472	33780	65624	86532	83960	605768	282816	272084	471148	110372	599988	147264	189084	206020	332788	77948	145340	43900	60776	187928	330560	137936	311848	286480	358548	128316	295392	384612	238916	136468	56720	403728	456964	298392	151804	96264	75128	209812	117460	169208	119780	154040	184664	186116	442428	253812	254716	372680	368360	351068	342196	43372	20688	115352	153152	70408	10740	251136	144644	73368	40640	369152	302268	36216	13020	226696	189988	551532	430184	345112	351656	56892	50324	406888	328468	520412	491816	297820	184272	444108	295580	183300	142704	15244	5092	36388	89500	347648	227436	237312	239472	145200	89268	
data	data	Precentral_L	Precentral_R	Frontal_Sup_L	Frontal_Sup_R	Frontal_Sup_Orb_L	Frontal_Sup_Orb_R	Frontal_Mid_L	Frontal_Mid_R	Frontal_Mid_Orb_L	Frontal_Mid_Orb_R	Frontal_Inf_Oper_L	Frontal_Inf_Oper_R	Frontal_Inf_Tri_L	Frontal_Inf_Tri_R	Frontal_Inf_Orb_L	Frontal_Inf_Orb_R	Rolandic_Oper_L	Rolandic_Oper_R	Supp_Motor_Area_L	Supp_Motor_Area_R	Olfactory_L	Olfactory_R	Frontal_Sup_Medial_L	Frontal_Sup_Medial_R	Frontal_Med_Orb_L	Frontal_Med_Orb_R	Rectus_L	Rectus_R	Insula_L	Insula_R	Cingulum_Ant_L	Cingulum_Ant_R	Cingulum_Mid_L	Cingulum_Mid_R	Cingulum_Post_L	Cingulum_Post_R	Hippocampus_L	Hippocampus_R	ParaHippocampal_L	ParaHippocampal_R	Amygdala_L	Amygdala_R	Calcarine_L	Calcarine_R	Cuneus_L	Cuneus_R	Lingual_L	Lingual_R	Occipital_Sup_L	Occipital_Sup_R	Occipital_Mid_L	Occipital_Mid_R	Occipital_Inf_L	Occipital_Inf_R	Fusiform_L	Fusiform_R	Postcentral_L	Postcentral_R	Parietal_Sup_L	Parietal_Sup_R	Parietal_Inf_L	Parietal_Inf_R	SupraMarginal_L	SupraMarginal_R	Angular_L	Angular_R	Precuneus_L	Precuneus_R	Paracentral_Lobule_L	Paracentral_Lobule_R	Caudate_L	Caudate_R	Putamen_L	Putamen_R	Pallidum_L	Pallidum_R	Thalamus_L	Thalamus_R	Heschl_L	Heschl_R	Temporal_Sup_L	Temporal_Sup_R	Temporal_Pole_Sup_L	Temporal_Pole_Sup_R	Temporal_Mid_L	Temporal_Mid_R	Temporal_Pole_Mid_L	Temporal_Pole_Mid_R	Temporal_Inf_L	Temporal_Inf_R	Cerebelum_Crus1_L	Cerebelum_Crus1_R	Cerebelum_Crus2_L	Cerebelum_Crus2_R	Cerebelum_3_L	Cerebelum_3_R	Cerebelum_4_5_L	Cerebelum_4_5_R	Cerebelum_6_L	Cerebelum_6_R	Cerebelum_7b_L	Cerebelum_7b_R	Cerebelum_8_L	Cerebelum_8_R	Cerebelum_9_L	Cerebelum_9_R	Cerebelum_10_L	Cerebelum_10_R	Vermis_1_2	Vermis_3	Vermis_4_5	Vermis_6	Vermis_7	Vermis_8	Vermis_9	Vermis_10	
481560	Precentral_L	0	15330	17758	7834	0	0	18762	6242	0	0	13262	824	3106	0	0	876	6734	500	11430	14084	0	0	0	66	0	0	0	0	8480	302	522	1020	822	7810	2982	1622	2642	636	722	98	0	0	162	0	354	0	0	0	578	0	2896	0	294	0	452	158	26830	438	510	0	5836	156	4420	304	944	92	532	368	21190	3418	1522	770	4728	268	2026	88	8044	1726	2216	0	1312	172	0	0	3016	0	0	0	494	0	0	0	0	0	0	0	0	0	0	0	0	0	0	0	0	0	0	0	0	0	0	0	0	0	0	0	
311684	Precentral_R	15330	0	1084	6952	0	0	2088	17650	0	0	160	6916	0	0	0	0	548	4384	1504	6990	0	0	78	348	0	0	0	0	1020	1452	126	280	236	5428	1204	2752	370	1808	0	360	0	0	0	1122	0	182	0	718	0	250	0	854	0	232	0	1232	5652	9344	112	84	1004	3626	744	4998	340	2638	74	2928	7156	9688	2424	2072	2090	1016	934	128	1000	4254	80	162	74	2352	0	0	0	4568	0	0	0	2642	0	0	0	0	0	0	0	0	0	0	0	0	0	0	0	0	0	0	0	0	0	0	0	0	0	0	
697276	Frontal_Sup_L	17758	1084	0	8422	5680	0	55830	3596	3260	0	13852	1662	19266	0	8394	1246	5912	798	56278	12298	0	0	32088	2184	750	0	1720	0	22270	920	14086	4466	1760	4000	0	0	794	212	78	0	0	0	0	0	0	0	0	0	0	0	0	0	0	0	336	82	2030	214	0	0	572	106	318	182	112	168	0	0	664	0	9770	1664	25008	868	2334	0	788	318	678	0	1108	126	260	0	76	116	0	0	0	76	0	0	0	0	0	0	0	0	0	0	0	0	0	0	0	0	0	0	0	0	0	0	0	0	0	0	
664104	Frontal_Sup_R	7834	6952	8422	0	0	3192	2214	42426	0	526	424	5652	134	4666	0	2446	1396	1790	15250	55154	68	214	9254	40576	0	1768	0	924	1794	4390	2702	27600	2584	22566	130	294	194	3884	0	692	0	0	0	94	0	0	0	66	0	0	0	94	0	0	72	2182	2582	2054	0	0	350	602	84	894	0	290	0	234	2258	76	2730	14976	3082	12866	422	904	336	4124	104	0	138	460	0	0	0	568	0	0	0	1298	0	0	0	0	0	0	0	0	0	0	0	0	0	0	0	0	0	0	0	0	0	0	0	0	0	0	
107412	Frontal_Sup_Orb_L	0	0	5680	0	0	0	1220	0	8768	0	248	104	512	0	9178	108	0	0	0	0	888	0	2462	108	3382	364	9600	82	1458	0	5622	136	0	0	0	0	0	0	0	0	0	0	0	0	0	0	0	0	0	0	0	0	0	0	0	0	0	0	0	0	0	0	0	0	0	0	0	0	0	0	1352	0	1772	0	0	0	0	0	0	0	0	0	662	0	0	0	0	0	0	0	0	0	0	0	0	0	0	0	0	0	0	0	0	0	0	0	0	0	0	0	0	0	0	0	0	0	
86168	Frontal_Sup_Orb_R	0	0	0	3192	0	0	0	678	0	3650	0	0	0	0	0	3560	0	0	0	0	414	1844	166	3392	316	5844	284	9758	0	1172	228	2746	0	0	0	0	0	0	0	0	0	0	0	0	0	0	0	0	0	0	0	0	0	0	0	0	0	0	0	0	0	0	0	0	0	0	0	0	0	0	454	3498	150	1738	0	0	0	0	0	0	0	0	0	0	0	0	0	0	0	0	0	0	0	0	0	0	0	0	0	0	0	0	0	0	0	0	0	0	0	0	0	0	0	0	0	0	
434236	Frontal_Mid_L	18762	2088	55830	2214	1220	0	0	1620	3266	0	9612	240	30702	0	8008	312	3184	146	11880	2050	0	0	10960	92	0	0	0	0	23304	226	1224	418	0	396	122	198	1286	216	316	0	0	0	0	0	0	0	0	0	0	0	174	0	0	0	180	0	2412	102	370	0	1832	0	914	0	188	0	188	0	568	0	1898	406	6542	188	882	0	7738	382	722	0	686	0	286	0	398	0	0	0	170	0	0	0	0	0	0	0	0	0	0	0	0	0	0	0	0	0	0	0	0	0	0	0	0	0	0	0	
366380	Frontal_Mid_R	6242	17650	3596	42426	0	678	1620	0	0	1010	718	9696	158	10098	424	3122	4262	1004	3584	13144	0	0	1052	10052	0	0	82	0	5472	3434	970	5008	294	9668	0	140	136	824	0	74	0	0	0	86	0	0	0	0	0	0	0	102	0	0	0	608	6058	454	0	0	550	266	502	496	110	336	0	210	96	0	6448	1146	3368	2104	622	156	314	400	172	0	462	470	0	0	0	428	0	0	0	588	0	0	0	0	0	0	0	0	0	0	0	0	0	0	0	0	0	0	0	0	0	0	0	0	0	0	
78624	Frontal_Mid_Orb_L	0	0	3260	0	8768	0	3266	0	0	0	432	0	2588	0	14312	0	0	0	0	0	0	0	158	0	398	0	1110	0	3110	0	464	0	0	0	0	0	0	0	0	0	0	0	0	0	0	0	0	0	0	0	0	0	0	0	0	0	0	0	0	0	0	0	0	0	0	0	0	0	0	0	140	0	962	0	0	0	0	0	0	0	0	0	344	0	0	0	0	0	0	0	0	0	0	0	0	0	0	0	0	0	0	0	0	0	0	0	0	0	0	0	0	0	0	0	0	0	
34240	Frontal_Mid_Orb_R	0	0	0	526	0	3650	0	1010	0	0	0	0	0	0	0	5870	0	0	0	0	288	454	0	292	0	0	88	1222	0	0	0	0	0	0	0	0	0	0	0	0	0	0	0	0	0	0	0	0	0	0	0	0	0	0	0	0	0	0	0	0	0	0	0	0	0	0	0	0	0	0	350	2102	114	1154	0	0	0	0	0	0	0	0	0	0	0	0	0	0	0	0	0	0	0	0	0	0	0	0	0	0	0	0	0	0	0	0	0	0	0	0	0	0	0	0	0	0	
278696	Frontal_Inf_Oper_L	13262	160	13852	424	248	0	9612	718	432	0	0	3448	15824	114	2064	6452	7702	1422	7482	448	0	0	856	130	0	0	406	0	20516	1106	5036	2530	128	492	0	0	190	0	0	0	0	0	0	0	0	0	0	0	0	0	0	0	0	0	0	0	944	0	0	0	0	0	0	0	0	0	0	0	0	0	7964	5690	4354	690	546	0	82	0	286	0	3302	0	436	0	0	0	0	0	0	0	0	0	0	0	0	0	0	0	0	0	0	0	0	0	0	0	0	0	0	0	0	0	0	0	0	0	
251640	Frontal_Inf_Oper_R	824	6916	1662	5652	104	0	240	9696	0	0	3448	0	388	4252	202	1120	2832	13304	1560	6498	0	0	418	2418	0	0	160	0	3956	13844	924	4514	274	6264	0	190	174	2198	0	1120	0	0	0	110	0	0	0	0	0	98	0	300	0	0	154	1636	302	1388	0	0	84	862	222	1532	0	970	0	310	0	206	4942	3296	1872	6600	100	150	126	706	86	134	1514	1132	98	440	0	760	0	0	0	538	0	0	0	0	0	0	0	0	0	0	0	0	0	0	0	0	0	0	0	0	0	0	0	0	0	0	
275408	Frontal_Inf_Tri_L	3106	0	19266	134	512	0	30702	158	2588	0	15824	388	0	0	12056	1150	358	82	7550	254	0	0	4048	70	0	0	430	0	29214	96	4272	1246	66	262	0	0	0	0	0	0	0	0	0	0	0	0	0	0	0	0	0	0	0	0	0	0	0	0	0	0	0	0	0	0	0	0	0	0	0	0	1422	654	1262	138	0	0	0	0	0	0	206	0	190	0	0	0	0	0	0	0	0	0	0	0	0	0	0	0	0	0	0	0	0	0	0	0	0	0	0	0	0	0	0	0	0	0	
94972	Frontal_Inf_Tri_R	0	0	0	4666	0	0	0	10098	0	0	114	4252	0	0	0	6210	0	200	150	286	0	0	136	1114	0	0	0	0	92	9544	862	7346	76	584	0	0	0	144	0	0	0	0	0	0	0	0	0	0	0	0	0	0	0	0	0	122	0	0	0	0	0	0	0	0	0	0	0	0	0	0	242	454	102	590	0	0	0	0	0	0	0	0	0	102	0	0	0	0	0	0	0	0	0	0	0	0	0	0	0	0	0	0	0	0	0	0	0	0	0	0	0	0	0	0	0	0	
168904	Frontal_Inf_Orb_L	0	0	8394	0	9178	0	8008	424	14312	0	2064	202	12056	0	0	290	76	138	420	0	942	0	0	0	0	0	976	0	17350	106	88	0	0	0	0	0	0	0	76	0	0	0	0	0	0	0	0	0	0	0	0	0	0	0	0	0	0	0	0	0	0	0	0	0	0	0	0	0	0	0	1362	304	5650	0	0	0	0	0	0	0	0	0	2036	0	0	0	0	0	0	0	0	0	0	0	0	0	0	0	0	0	0	0	0	0	0	0	0	0	0	0	0	0	0	0	0	0	
173540	Frontal_Inf_Orb_R	876	0	1246	2446	108	3560	312	3122	0	5870	6452	1120	1150	6210	290	0	1266	138	354	1394	432	1740	0	556	0	0	300	2446	5484	9268	970	2850	106	880	0	0	0	82	0	0	0	0	0	0	0	0	0	0	0	0	0	0	0	0	0	0	0	0	0	0	0	0	0	0	0	0	0	0	0	0	6114	12652	1302	5062	0	0	0	0	0	0	612	0	0	0	0	0	0	0	0	0	0	0	0	0	0	0	0	0	0	0	0	0	0	0	0	0	0	0	0	0	0	0	0	0	0	0	
226936	Rolandic_Oper_L	6734	548	5912	1396	0	0	3184	4262	0	0	7702	2832	358	0	76	1266	0	1602	2174	452	0	0	0	206	0	0	0	0	26702	1532	84	702	0	118	246	116	294	108	0	0	0	0	0	0	0	0	0	0	0	0	1154	0	0	0	598	0	5750	130	242	0	258	0	4104	0	200	0	468	0	718	0	7772	1202	2188	344	402	0	72	74	3000	0	11124	0	496	0	3730	0	0	0	836	0	0	0	0	0	0	0	0	0	0	0	0	0	0	0	0	0	0	0	0	0	0	0	0	0	0	0	
168924	Rolandic_Oper_R	500	4384	798	1790	0	0	146	1004	0	0	1422	13304	82	200	138	138	1602	0	188	2442	0	0	82	488	0	0	0	0	1854	14658	260	1022	0	2800	78	460	0	1956	0	334	0	0	0	162	0	104	0	100	0	202	0	366	0	0	0	1432	154	3834	0	0	0	1280	0	4302	0	1296	0	1572	174	940	1364	898	508	3502	0	764	0	386	0	974	634	4552	0	490	0	1062	0	0	0	1280	0	0	0	0	0	0	0	0	0	0	0	0	0	0	0	0	0	0	0	0	0	0	0	0	0	0	
487404	Supp_Motor_Area_L	11430	1504	56278	15250	0	0	11880	3584	0	0	7482	1560	7550	150	420	354	2174	188	0	29778	0	0	9470	5018	0	0	94	0	7652	204	8658	5128	8300	17540	914	248	900	134	70	0	0	0	0	0	0	0	0	0	0	0	0	0	0	0	436	78	1034	116	0	0	108	0	66	0	0	72	0	0	10138	88	5862	734	9084	654	406	116	0	196	130	0	402	70	0	0	0	0	0	0	0	0	0	0	0	0	0	0	0	0	0	0	0	0	0	0	0	0	0	0	0	0	0	0	0	0	0	0	
610288	Supp_Motor_Area_R	14084	6990	12298	55154	0	0	2050	13144	0	0	448	6498	254	286	0	1394	452	2442	29778	0	0	0	1560	9810	0	0	0	0	774	3450	2804	8818	5536	49494	1648	3792	134	2250	0	546	0	0	0	434	0	500	0	210	0	564	0	472	0	94	0	1362	1054	1310	0	0	406	698	96	762	0	638	126	4028	15806	14158	1586	8616	2488	6508	350	738	174	3472	0	0	68	576	0	0	0	1192	0	0	0	770	0	0	0	0	0	0	0	0	0	0	0	0	0	0	0	0	0	0	0	0	0	0	0	0	0	0	
68744	Olfactory_L	0	0	0	68	888	414	0	0	0	288	0	0	0	0	942	432	0	0	0	0	0	6130	0	0	146	0	3606	1088	2644	222	2560	2054	0	0	0	0	500	0	306	0	610	0	0	0	0	0	0	0	0	0	0	0	0	0	160	0	0	0	0	0	0	0	0	0	0	0	0	0	0	0	5970	2160	2300	252	0	0	0	0	0	0	0	0	632	0	0	0	0	0	0	0	0	0	0	0	0	0	0	0	0	0	0	0	0	0	0	0	0	0	0	0	0	0	0	0	0	0	
88136	Olfactory_R	0	0	0	214	0	1844	0	0	0	454	0	0	0	0	0	1740	0	0	0	0	6130	0	0	202	106	186	3118	3582	0	2616	2226	2450	0	0	0	0	0	0	0	192	0	602	0	0	0	0	0	0	0	0	0	0	0	0	0	0	0	0	0	0	0	0	0	0	0	0	0	0	0	0	8190	6186	2548	1344	0	0	0	0	0	0	0	0	0	138	0	0	0	0	0	0	0	0	0	0	0	0	0	0	0	0	0	0	0	0	0	0	0	0	0	0	0	0	0	0	0	0	
284032	Frontal_Sup_Medial_L	0	78	32088	9254	2462	166	10960	1052	158	0	856	418	4048	136	0	0	0	82	9470	1560	0	0	0	19164	2164	246	580	0	2754	274	14556	13968	3352	9446	0	0	0	106	0	0	0	0	0	0	0	0	0	0	0	0	0	0	0	0	0	66	0	0	0	0	0	0	0	0	0	0	0	0	0	0	716	326	1182	328	0	0	0	0	0	0	0	0	0	0	0	0	0	0	0	0	0	0	0	0	0	0	0	0	0	0	0	0	0	0	0	0	0	0	0	0	0	0	0	0	0	0	
348472	Frontal_Sup_Medial_R	66	348	2184	40576	108	3392	92	10052	0	292	130	2418	70	1114	0	556	206	488	5018	9810	0	202	19164	0	452	4040	0	1386	274	1010	5346	28908	756	19528	0	0	0	418	0	0	0	0	0	0	0	0	0	0	0	0	0	0	0	0	0	318	0	0	0	0	0	0	0	0	0	0	0	0	0	0	336	8330	184	6520	0	0	0	0	0	0	0	0	0	0	0	0	0	0	0	144	0	0	0	0	0	0	0	0	0	0	0	0	0	0	0	0	0	0	0	0	0	0	0	0	0	0	
33780	Frontal_Med_Orb_L	0	0	750	0	3382	316	0	0	398	0	0	0	0	0	0	0	0	0	0	0	146	106	2164	452	0	1532	1920	606	0	0	3614	724	0	0	0	0	0	0	0	0	0	0	0	0	0	0	0	0	0	0	0	0	0	0	0	0	0	0	0	0	0	0	0	0	0	0	0	0	0	0	254	346	0	180	0	0	0	0	0	0	0	0	0	0	0	0	0	0	0	0	0	0	0	0	0	0	0	0	0	0	0	0	0	0	0	0	0	0	0	0	0	0	0	0	0	0	
65624	Frontal_Med_Orb_R	0	0	0	1768	364	5844	0	0	0	0	0	0	0	0	0	0	0	0	0	0	0	186	246	4040	1532	0	276	8266	0	0	902	5534	0	0	0	0	0	0	0	0	0	0	0	0	0	0	0	0	0	0	0	0	0	0	0	0	0	0	0	0	0	0	0	0	0	0	0	0	0	0	0	2356	0	1498	0	0	0	0	0	0	0	0	0	0	0	0	0	0	0	0	0	0	0	0	0	0	0	0	0	0	0	0	0	0	0	0	0	0	0	0	0	0	0	0	0	0	
86532	Rectus_L	0	0	1720	0	9600	284	0	82	1110	88	406	160	430	0	976	300	0	0	94	0	3606	3118	580	0	1920	276	0	668	568	176	6010	1684	0	0	0	0	0	0	0	0	0	0	0	0	0	0	0	0	0	0	0	0	0	0	0	0	0	0	0	0	0	0	0	0	0	0	0	0	0	0	5350	1130	2682	132	0	0	0	0	0	0	0	0	116	0	0	0	0	0	0	0	0	0	0	0	0	0	0	0	0	0	0	0	0	0	0	0	0	0	0	0	0	0	0	0	0	0	
83960	Rectus_R	0	0	0	924	82	9758	0	0	0	1222	0	0	0	0	0	2446	0	0	0	0	1088	3582	0	1386	606	8266	668	0	0	1886	932	4098	0	0	0	0	0	0	0	0	0	0	0	0	0	0	0	0	0	0	0	0	0	0	0	0	0	0	0	0	0	0	0	0	0	0	0	0	0	0	1154	2622	376	884	0	0	0	0	0	0	0	0	0	0	0	0	0	0	0	0	0	0	0	0	0	0	0	0	0	0	0	0	0	0	0	0	0	0	0	0	0	0	0	0	0	0	
605768	Insula_L	8480	1020	22270	1794	1458	0	23304	5472	3110	0	20516	3956	29214	92	17350	5484	26702	1854	7652	774	2644	0	2754	274	0	0	568	0	0	1778	2614	1446	68	216	296	322	10374	180	1428	0	2456	0	0	0	0	0	0	0	0	0	806	0	126	0	6382	0	6318	176	100	0	588	0	6388	90	90	0	226	0	292	0	17128	5350	19948	656	476	0	1684	148	5694	0	12782	0	2680	0	3578	0	282	0	2976	0	0	0	0	0	0	0	0	0	0	0	0	0	0	0	0	0	0	0	0	0	0	0	0	0	0	0	
282816	Insula_R	302	1452	920	4390	0	1172	226	3434	0	0	1106	13844	96	9544	106	9268	1532	14658	204	3450	222	2616	274	1010	0	0	176	1886	1778	0	1350	6928	162	2726	0	152	0	6480	0	2076	0	3262	0	194	0	88	0	72	0	78	0	374	0	72	0	4812	0	906	0	0	0	352	0	986	0	1188	0	458	0	232	1908	4886	750	17706	0	0	0	490	0	574	492	2122	0	386	0	1570	0	0	0	3910	0	0	0	0	0	0	0	0	0	0	0	0	0	0	0	0	0	0	0	0	0	0	0	0	0	0	
272084	Cingulum_Ant_L	522	126	14086	2702	5622	228	1224	970	464	0	5036	924	4272	862	88	970	84	260	8658	2804	2560	2226	14556	5346	3614	902	6010	932	2614	1350	0	19534	3224	4416	0	0	0	236	0	0	0	0	0	0	0	0	0	0	0	0	0	0	0	0	0	182	0	0	0	0	0	0	0	0	0	0	0	0	0	0	7412	3022	6244	1478	90	0	0	108	0	0	0	0	0	0	0	0	0	0	0	84	0	0	0	0	0	0	0	0	0	0	0	0	0	0	0	0	0	0	0	0	0	0	0	0	0	0	
471148	Cingulum_Ant_R	1020	280	4466	27600	136	2746	418	5008	0	0	2530	4514	1246	7346	0	2850	702	1022	5128	8818	2054	2450	13968	28908	724	5534	1684	4098	1446	6928	19534	0	3824	24484	0	0	0	2632	0	664	0	0	0	0	0	0	0	0	0	0	0	0	0	0	0	2006	0	0	0	0	0	0	0	78	0	0	0	0	0	0	4646	15872	3118	13460	182	0	0	314	0	0	210	0	0	0	0	150	0	0	0	776	0	0	0	0	0	0	0	0	0	0	0	0	0	0	0	0	0	0	0	0	0	0	0	0	0	0	
110372	Cingulum_Mid_L	822	236	1760	2584	0	0	0	294	0	0	128	274	66	76	0	106	0	0	8300	5536	0	0	3352	756	0	0	0	0	68	162	3224	3824	0	9332	4810	270	0	0	0	0	0	0	362	0	622	0	0	0	730	0	770	0	0	0	0	0	160	0	0	0	0	0	0	0	0	0	2146	484	3090	322	82	104	100	0	0	0	0	0	0	0	0	0	0	0	234	0	0	0	0	0	0	0	0	0	0	0	0	0	0	0	0	0	0	0	0	0	0	0	0	0	0	0	0	0	0	0	
599988	Cingulum_Mid_R	7810	5428	4000	22566	0	0	396	9668	0	0	492	6264	262	584	0	880	118	2800	17540	49494	0	0	9446	19528	0	0	0	0	216	2726	4416	24484	9332	0	2172	5264	0	572	0	92	0	0	0	1166	0	2846	0	480	0	2206	0	1182	0	216	0	410	0	1210	0	298	0	2488	0	1274	0	3502	494	22502	11504	24026	422	830	1008	1404	200	0	0	422	0	96	0	2890	0	0	0	7888	0	0	0	2388	0	0	0	0	0	0	0	0	0	0	0	0	0	0	0	0	0	0	0	0	92	0	0	0	0	0	
147264	Cingulum_Post_L	2982	1204	0	130	0	0	122	0	0	0	0	0	0	0	0	0	246	78	914	1648	0	0	0	0	0	0	0	0	296	0	0	0	4810	2172	0	11576	4262	3762	1386	222	0	0	2386	184	1772	74	1182	156	1206	0	1802	0	246	0	2504	254	1174	116	94	0	112	150	228	788	94	234	5894	1768	4508	1632	0	0	0	0	0	0	130	2136	474	0	570	1240	0	0	2922	554	0	0	974	264	0	0	0	0	0	0	0	0	0	0	0	0	0	0	0	0	0	0	0	0	0	0	0	0	0	0	
189084	Cingulum_Post_R	1622	2752	0	294	0	0	198	140	0	0	0	190	0	0	0	0	116	460	248	3792	0	0	0	0	0	0	0	0	322	152	0	0	270	5264	11576	0	3368	8448	896	1512	0	0	0	4290	0	1028	0	6096	0	674	0	578	0	292	530	2852	182	488	66	76	98	318	208	1194	0	496	1172	14822	924	5276	0	0	0	0	0	0	586	3236	616	214	98	1908	0	0	326	1798	0	0	452	1176	0	0	0	0	0	0	0	136	0	0	0	0	0	0	0	0	0	0	0	0	716	0	0	0	0	0	
206020	Hippocampus_L	2642	370	794	194	0	0	1286	136	0	0	190	174	0	0	0	0	294	0	900	134	500	0	0	0	0	0	0	0	10374	0	0	0	0	0	4262	3368	0	3196	11394	72	8256	0	1048	0	0	0	1180	194	0	0	0	0	0	0	12894	0	494	0	0	0	70	98	296	98	0	0	1452	758	100	0	1482	80	6428	0	454	0	5280	2256	1976	0	4284	0	1134	0	4612	0	248	0	7404	0	0	0	0	0	0	0	154	0	0	0	0	0	0	0	0	0	0	0	0	0	0	0	0	0	0	0	
332788	Hippocampus_R	636	1808	212	3884	0	0	216	824	0	0	0	2198	0	144	0	82	108	1956	134	2250	0	0	106	418	0	0	0	0	180	6480	236	2632	0	572	3762	8448	3196	0	796	21328	0	9504	0	1286	0	0	0	2888	0	0	0	106	0	148	306	33116	118	662	0	0	0	0	0	630	0	186	274	4406	0	114	422	1688	160	18068	78	718	714	8032	440	142	0	2222	0	1410	300	2322	0	0	258	12568	0	0	0	0	0	0	0	382	0	0	0	0	0	0	0	0	0	0	0	0	120	0	0	0	0	0	
77948	ParaHippocampal_L	722	0	78	0	0	0	316	0	0	0	0	0	0	0	76	0	0	0	70	0	306	0	0	0	0	0	0	0	1428	0	0	0	0	0	1386	896	11394	796	0	0	2754	0	386	0	0	0	1660	438	0	0	370	0	514	0	6460	0	0	0	0	0	0	0	0	0	0	0	424	0	0	0	0	0	972	0	0	0	1570	344	842	0	214	0	774	0	478	0	562	0	1112	0	0	0	0	0	764	0	390	0	0	0	0	0	0	0	0	0	0	0	106	372	0	0	0	0	0	0	
145340	ParaHippocampal_R	98	360	0	692	0	0	0	74	0	0	0	1120	0	0	0	0	0	334	0	546	0	192	0	0	0	0	0	0	0	2076	0	664	0	92	222	1512	72	21328	0	0	0	5518	0	862	0	0	0	3028	0	0	0	0	0	104	0	14226	0	188	0	0	0	0	0	0	0	0	0	2496	0	0	202	1192	0	8020	0	562	92	2146	0	0	0	94	0	1190	0	138	0	80	0	1972	0	0	0	0	0	0	0	972	0	0	0	0	0	0	0	0	0	0	0	0	206	0	0	0	0	0	
43900	Amygdala_L	0	0	0	0	0	0	0	0	0	0	0	0	0	0	0	0	0	0	0	0	610	0	0	0	0	0	0	0	2456	0	0	0	0	0	0	0	8256	0	2754	0	0	0	0	0	0	0	0	0	0	0	0	0	0	0	4150	0	0	0	0	0	0	0	0	0	0	0	0	0	0	0	0	0	1472	0	0	0	0	0	0	0	96	0	868	0	238	0	154	0	896	0	0	0	0	0	0	0	0	0	0	0	0	0	0	0	0	0	0	0	0	0	0	0	0	0	0	0	
60776	Amygdala_R	0	0	0	0	0	0	0	0	0	0	0	0	0	0	0	0	0	0	0	0	0	602	0	0	0	0	0	0	0	3262	0	0	0	0	0	0	0	9504	0	5518	0	0	0	0	0	0	0	0	0	0	0	0	0	0	0	5004	0	0	0	0	0	0	0	0	0	0	0	0	0	0	0	432	0	2506	0	0	0	0	0	0	0	0	0	2114	0	0	0	0	0	1446	0	0	0	0	0	0	0	0	0	0	0	0	0	0	0	0	0	0	0	0	0	0	0	0	0	0	
187928	Calcarine_L	162	0	0	0	0	0	0	0	0	0	0	0	0	0	0	0	0	0	0	0	0	0	0	0	0	0	0	0	0	0	0	0	362	0	2386	0	1048	0	386	0	0	0	0	5706	9346	5372	10014	2060	4784	1500	22214	174	7452	0	2284	0	390	0	0	0	0	0	0	0	364	0	11242	974	490	0	0	0	0	0	0	0	0	0	0	0	0	0	0	0	4520	0	0	0	734	0	0	0	0	0	0	0	0	0	0	0	0	0	0	0	0	0	0	0	0	0	0	0	0	0	0	0	
330560	Calcarine_R	0	1122	0	94	0	0	0	86	0	0	0	110	0	0	0	0	0	162	0	434	0	0	0	0	0	0	0	0	0	194	0	0	0	1166	184	4290	0	1286	0	862	0	0	5706	0	3448	33356	4552	22590	194	24174	148	13028	0	3348	0	7716	0	88	0	72	0	0	0	160	0	1636	1452	19784	80	710	0	0	0	0	0	0	0	78	0	0	0	634	0	0	0	7940	0	0	0	1158	146	446	0	86	0	0	0	202	158	1024	0	0	0	80	0	0	0	0	0	0	202	616	278	0	0	0	
137936	Cuneus_L	354	0	0	0	0	0	0	0	0	0	0	0	0	0	0	0	0	0	0	0	0	0	0	0	0	0	0	0	0	0	0	0	622	0	1772	0	0	0	0	0	0	0	9346	3448	0	6812	1742	492	16202	752	10970	0	668	0	88	0	598	0	2198	0	0	0	0	0	84	0	8982	1974	1174	0	0	0	0	0	0	0	0	0	0	0	76	0	0	0	614	0	0	0	0	0	0	0	0	0	0	0	0	0	0	0	0	0	0	0	0	0	0	0	0	0	0	0	0	0	0	0	
311848	Cuneus_R	0	182	0	0	0	0	0	0	0	0	0	0	0	0	0	0	0	104	0	500	0	0	0	0	0	0	0	0	0	88	0	0	0	2846	74	1028	0	0	0	0	0	0	5372	33356	6812	0	3956	7704	1154	33038	926	13628	0	1380	0	2572	0	1356	0	1412	0	688	0	0	0	2222	4182	19658	170	1880	0	0	0	0	0	0	0	0	0	0	0	638	0	0	0	6408	0	0	0	194	134	328	0	72	0	0	0	0	154	770	0	0	0	74	0	0	0	0	0	0	122	512	230	0	0	0	
286480	Lingual_L	0	0	0	0	0	0	0	0	0	0	0	0	0	0	0	0	0	0	0	0	0	0	0	0	0	0	0	0	0	0	0	0	0	0	1182	0	1180	0	1660	0	0	0	10014	4552	1742	3956	0	6166	1502	1200	8962	882	8032	68	18146	1824	0	0	0	0	0	0	0	0	0	106	4140	292	68	0	0	0	0	0	0	0	136	0	260	0	0	0	0	0	338	134	0	0	408	0	12348	2154	1088	1344	188	0	11622	3564	16506	3598	0	654	102	0	0	0	0	0	0	0	7596	3574	1952	0	0	0	
358548	Lingual_R	0	718	0	66	0	0	0	0	0	0	0	0	0	0	0	0	0	100	0	210	0	0	0	0	0	0	0	0	0	72	0	0	0	480	156	6096	194	2888	438	3028	0	0	2060	22590	492	7704	6166	0	70	7168	68	3436	78	2698	2438	20108	0	0	0	0	0	0	0	210	0	264	292	12940	0	494	0	0	0	0	0	0	0	510	0	0	0	446	0	0	0	1446	0	0	0	766	5044	6640	446	1108	208	136	4968	9774	7522	12812	146	132	212	868	0	0	0	0	82	274	9844	8850	2992	130	130	66	
128316	Occipital_Sup_L	578	0	0	0	0	0	0	0	0	0	0	0	0	0	0	0	0	0	0	0	0	0	0	0	0	0	0	0	0	0	0	0	730	0	1206	0	0	0	0	0	0	0	4784	194	16202	1154	1502	70	0	0	22574	0	1074	0	100	0	272	0	4280	0	460	0	0	0	420	0	5894	232	678	0	0	0	0	0	0	0	0	0	0	0	0	0	0	0	1754	0	0	0	0	0	0	0	0	0	0	0	0	0	0	0	0	0	0	0	0	0	0	0	0	0	0	0	0	0	0	0	
295392	Occipital_Sup_R	0	250	0	0	0	0	0	0	0	0	0	98	0	0	0	0	0	202	0	564	0	0	0	0	0	0	0	0	0	78	0	0	0	2206	0	674	0	0	0	0	0	0	1500	24174	752	33038	1200	7168	0	0	0	25824	0	1964	0	3204	0	1984	0	4392	0	1470	0	82	0	8604	828	11936	218	2372	0	0	0	0	0	0	0	0	0	0	0	1182	0	0	0	8944	0	0	0	466	134	314	0	74	0	0	0	0	156	734	0	0	0	74	0	0	0	0	0	0	78	524	234	0	0	0	
384612	Occipital_Mid_L	2896	0	0	0	0	0	174	0	0	0	0	0	0	0	0	0	1154	0	0	0	0	0	0	0	0	0	0	0	806	0	0	0	770	0	1802	0	0	0	370	0	0	0	22214	148	10970	926	8962	68	22574	0	0	0	26368	0	5394	0	5964	0	8188	0	12396	0	1362	0	21410	0	6666	82	4092	0	0	0	0	0	0	0	0	0	74	0	1506	0	0	0	22930	0	0	0	1888	0	152	0	0	0	0	0	0	0	0	0	0	0	0	0	0	0	0	0	0	0	0	0	0	0	0	0	
238916	Occipital_Mid_R	0	854	0	94	0	0	0	102	0	0	0	300	0	0	0	0	0	366	0	472	0	0	0	0	0	0	0	0	0	374	0	0	0	1182	0	578	0	106	0	0	0	0	174	13028	0	13628	882	3436	0	25824	0	0	0	3678	0	1996	0	410	0	3234	0	1584	0	74	0	17070	792	6488	140	862	0	0	0	0	0	0	0	0	0	0	0	1036	0	0	0	19648	0	0	0	1046	0	0	0	0	0	0	0	0	0	0	0	0	0	0	0	0	0	0	0	0	0	0	0	0	0	0	
136468	Occipital_Inf_L	294	0	0	0	0	0	0	0	0	0	0	0	0	0	0	0	0	0	0	0	0	0	0	0	0	0	0	0	126	0	0	0	0	0	246	0	0	0	514	0	0	0	7452	0	668	0	8032	78	1074	0	26368	0	0	0	11010	0	206	0	0	0	0	0	122	0	230	0	2022	0	242	0	0	0	0	0	0	0	0	0	92	0	0	0	0	0	4994	0	0	0	2760	0	668	0	0	108	0	0	110	0	352	0	0	74	0	0	0	0	0	0	0	0	146	130	116	0	0	0	
56720	Occipital_Inf_R	0	232	0	0	0	0	0	0	0	0	0	0	0	0	0	0	0	0	0	94	0	0	0	0	0	0	0	0	0	72	0	0	0	216	0	292	0	148	0	104	0	0	0	3348	0	1380	68	2698	0	1964	0	3678	0	0	0	5278	0	0	0	0	0	0	0	0	0	938	0	1046	0	212	0	0	0	0	0	0	0	0	0	0	0	124	0	0	0	2808	0	0	0	2356	0	244	0	0	0	0	0	120	0	628	0	0	0	0	0	0	0	0	0	0	164	148	0	0	0	0	
403728	Fusiform_L	452	0	336	72	0	0	180	0	0	0	0	154	0	0	0	0	598	0	436	0	160	0	0	0	0	0	0	0	6382	0	0	0	0	0	2504	530	12894	306	6460	0	4150	0	2284	0	88	0	18146	2438	100	0	5394	0	11010	0	0	1418	586	0	0	0	0	0	1078	0	0	0	3138	0	278	0	1206	0	2702	0	0	0	378	136	3416	0	2692	0	2720	0	7022	0	2434	0	11850	0	25642	1218	2402	424	182	0	13366	2192	28240	2170	426	198	1312	0	0	0	0	0	0	72	5514	1914	464	0	0	0	
456964	Fusiform_R	158	1232	82	2182	0	0	0	608	0	0	0	1636	0	122	0	0	0	1432	78	1362	0	0	66	318	0	0	0	0	0	4812	182	2006	0	410	254	2852	0	33116	0	14226	0	5004	0	7716	0	2572	1824	20108	0	3204	0	1996	0	5278	1418	0	0	586	0	0	0	0	0	386	0	334	0	4184	0	172	290	1332	102	12458	0	588	76	1456	0	92	0	2056	0	2616	0	2738	0	1002	0	19256	2538	10786	140	710	0	154	2224	10046	4068	17844	0	82	74	420	0	0	0	0	0	66	5836	5870	1470	84	92	0	
298392	Postcentral_L	26830	5652	2030	2582	0	0	2412	6058	0	0	944	302	0	0	0	0	5750	154	1034	1054	0	0	0	0	0	0	0	0	6318	0	0	0	160	0	1174	182	494	118	0	0	0	0	390	0	598	0	0	0	272	0	5964	0	206	0	586	0	0	0	7538	0	19922	0	15716	0	7422	0	3156	0	10344	0	516	190	1170	102	602	0	262	0	1864	0	2786	0	0	0	4640	0	0	0	1702	0	0	0	0	0	0	0	0	0	0	0	0	0	0	0	0	0	0	0	0	0	0	0	0	0	0	0	
151804	Postcentral_R	438	9344	214	2054	0	0	102	454	0	0	0	1388	0	0	0	0	130	3834	116	1310	0	0	0	0	0	0	0	0	176	906	0	0	0	1210	116	488	0	662	0	188	0	0	0	88	0	1356	0	0	0	1984	0	410	0	0	0	586	0	0	0	7874	0	5894	0	6930	0	1724	0	9746	0	9818	396	210	262	502	0	0	118	570	0	76	0	1772	0	0	0	1280	0	0	0	1176	0	0	0	0	0	0	0	0	0	0	0	0	0	0	0	0	0	0	0	0	0	0	0	0	0	0	
96264	Parietal_Sup_L	510	112	0	0	0	0	370	0	0	0	0	0	0	0	0	0	242	0	0	0	0	0	0	0	0	0	0	0	100	0	0	0	0	0	94	66	0	0	0	0	0	0	0	0	2198	0	0	0	4280	0	8188	0	0	0	0	0	7538	0	0	0	8742	0	236	0	5400	0	7650	0	1900	0	0	0	0	0	0	0	0	0	0	0	238	0	0	0	200	0	0	0	68	0	0	0	0	0	0	0	0	0	0	0	0	0	0	0	0	0	0	0	0	0	0	0	0	0	0	0	
75128	Parietal_Sup_R	0	84	0	0	0	0	0	0	0	0	0	0	0	0	0	0	0	0	0	0	0	0	0	0	0	0	0	0	0	0	0	0	0	298	0	76	0	0	0	0	0	0	0	72	0	1412	0	0	0	4392	0	3234	0	0	0	0	0	7874	0	0	0	3772	0	860	0	4984	328	6728	0	2336	0	0	0	0	0	0	0	0	0	0	0	570	0	0	0	544	0	0	0	0	0	0	0	0	0	0	0	0	0	0	0	0	0	0	0	0	0	0	0	0	0	0	0	0	0	0	
209812	Parietal_Inf_L	5836	1004	572	350	0	0	1832	550	0	0	0	84	0	0	0	0	258	0	108	406	0	0	0	0	0	0	0	0	588	0	0	0	0	0	112	98	70	0	0	0	0	0	0	0	0	0	0	0	460	0	12396	0	0	0	0	0	19922	0	8742	0	0	0	22108	0	20054	0	1770	0	2136	0	78	0	206	0	96	0	0	0	160	0	1842	0	0	0	2988	0	0	0	80	0	0	0	0	0	0	0	0	0	0	0	0	0	0	0	0	0	0	0	0	0	0	0	0	0	0	0	
117460	Parietal_Inf_R	156	3626	106	602	0	0	0	266	0	0	0	862	0	0	0	0	0	1280	0	698	0	0	0	0	0	0	0	0	0	352	0	0	0	2488	150	318	98	0	0	0	0	0	0	0	0	688	0	0	0	1470	0	1584	0	0	0	0	0	5894	0	3772	0	0	0	15002	0	9312	0	3080	244	3104	120	0	84	78	102	0	460	0	0	0	0	1714	0	0	0	936	0	0	0	84	0	0	0	0	0	0	0	0	0	0	0	0	0	0	0	0	0	0	0	0	0	0	0	0	0	0	
169208	SupraMarginal_L	4420	744	318	84	0	0	914	502	0	0	0	222	0	0	0	0	4104	0	66	96	0	0	0	0	0	0	0	0	6388	0	0	0	0	0	228	208	296	0	0	0	0	0	0	0	0	0	0	0	0	0	1362	0	122	0	1078	0	15716	0	236	0	22108	0	0	0	5830	0	236	0	522	0	0	0	156	0	70	0	104	0	1174	0	8890	0	0	0	7204	0	0	0	1206	0	0	0	0	0	0	0	0	0	0	0	0	0	0	0	0	0	0	0	0	0	0	0	0	0	0	0	
119780	SupraMarginal_R	304	4998	182	894	0	0	0	496	0	0	0	1532	0	0	0	0	0	4302	0	762	0	0	0	0	0	0	0	0	90	986	0	78	0	1274	788	1194	98	630	0	0	0	0	0	160	0	0	0	210	0	82	0	74	0	0	0	386	0	6930	0	860	0	15002	0	0	0	4916	0	1144	210	2150	148	0	124	106	104	0	460	80	0	0	0	6408	0	0	0	1406	0	0	0	322	0	0	0	0	0	0	0	0	0	0	0	0	0	0	0	0	0	0	0	0	0	0	0	0	0	0	
154040	Angular_L	944	340	112	0	0	0	188	110	0	0	0	0	0	0	0	0	200	0	0	0	0	0	0	0	0	0	0	0	90	0	0	0	0	0	94	0	0	0	0	0	0	0	364	0	84	0	0	0	420	0	21410	0	230	0	0	0	7422	0	5400	0	20054	0	5830	0	0	0	1618	0	2902	0	0	0	0	0	0	0	0	0	0	0	1086	0	0	0	8054	0	0	0	68	0	0	0	0	0	0	0	0	0	0	0	0	0	0	0	0	0	0	0	0	0	0	0	0	0	0	0	
184664	Angular_R	92	2638	168	290	0	0	0	336	0	0	0	970	0	0	0	0	0	1296	72	638	0	0	0	0	0	0	0	0	0	1188	0	0	0	3502	234	496	0	186	0	0	0	0	0	1636	0	2222	106	264	0	8604	0	17070	0	938	0	334	0	1724	0	4984	0	9312	0	4916	0	0	0	5922	338	2824	92	0	96	0	0	0	0	0	0	0	0	5090	0	0	0	12098	0	0	0	1656	0	0	0	0	0	0	0	0	0	0	0	0	0	0	0	0	0	0	0	0	0	0	0	0	0	0	
186116	Precuneus_L	532	74	0	0	0	0	188	0	0	0	0	0	0	0	0	0	468	0	0	126	0	0	0	0	0	0	0	0	226	0	0	0	2146	494	5894	1172	1452	274	424	0	0	0	11242	1452	8982	4182	4140	292	5894	828	6666	792	2022	0	3138	0	3156	0	7650	328	1770	0	236	0	1618	0	0	5582	4268	214	0	0	0	0	0	0	76	262	0	0	530	0	0	0	2952	726	0	0	590	0	0	0	0	0	0	0	0	0	0	0	0	0	0	0	0	0	0	0	0	0	0	0	0	0	0	0	
442428	Precuneus_R	368	2928	0	234	0	0	0	210	0	0	0	310	0	0	0	0	0	1572	0	4028	0	0	0	0	0	0	0	0	0	458	0	0	484	22502	1768	14822	758	4406	0	2496	0	0	974	19784	1974	19658	292	12940	232	11936	82	6488	0	1046	0	4184	0	9746	0	6728	0	3080	0	1144	0	5922	5582	0	2564	21852	0	0	0	66	0	0	0	1214	0	224	0	5274	0	0	0	15654	0	0	0	3562	0	0	0	0	0	0	0	634	0	0	0	0	0	0	0	0	0	0	0	0	1034	0	0	0	0	0	
253812	Paracentral_Lobule_L	21190	7156	664	2258	0	0	568	96	0	0	0	0	0	0	0	0	718	174	10138	15806	0	0	0	0	0	0	0	0	292	0	0	0	3090	11504	4508	924	100	0	0	0	0	0	490	80	1174	170	68	0	678	218	4092	140	242	0	278	0	10344	0	1900	0	2136	244	522	210	2902	338	4268	2564	0	6282	0	0	284	0	84	0	0	0	0	0	1202	410	0	0	4364	906	0	0	1026	104	0	0	0	0	0	0	0	0	0	0	0	0	0	0	0	0	0	0	0	0	0	0	0	0	0	0	
254716	Paracentral_Lobule_R	3418	9688	0	76	0	0	0	0	0	0	0	206	0	0	0	0	0	940	88	14158	0	0	0	0	0	0	0	0	0	232	0	0	322	24026	1632	5276	0	114	0	0	0	0	0	710	0	1880	0	494	0	2372	0	862	0	212	0	172	0	9818	0	2336	0	3104	0	2150	0	2824	214	21852	6282	0	0	0	0	0	0	0	0	0	0	76	0	2714	0	0	0	7206	0	0	0	1802	0	0	0	0	0	0	0	0	0	0	0	0	0	0	0	0	0	0	0	0	102	0	0	0	0	0	
372680	Caudate_L	1522	2424	9770	2730	1352	454	1898	6448	140	350	7964	4942	1422	242	1362	6114	7772	1364	5862	1586	5970	8190	716	336	254	0	5350	1154	17128	1908	7412	4646	82	422	0	0	1482	422	0	202	0	0	0	0	0	0	0	0	0	0	0	0	0	0	1206	290	516	396	0	0	78	120	0	148	0	92	0	0	0	0	0	14692	26790	2818	1260	82	9094	3840	164	0	2756	0	202	0	150	66	0	0	188	0	0	0	0	0	0	0	0	0	0	0	0	0	0	0	0	0	0	0	0	0	0	0	0	0	0	0	
368360	Caudate_R	770	2072	1664	14976	0	3498	406	1146	0	2102	5690	3296	654	454	304	12652	1202	898	734	8616	2160	6186	326	8330	346	2356	1130	2622	5350	4886	3022	15872	104	830	0	0	80	1688	0	1192	0	432	0	0	0	0	0	0	0	0	0	0	0	0	0	1332	190	210	0	0	0	0	0	0	0	0	0	0	0	0	14692	0	3488	24514	110	2144	1096	17866	0	0	368	0	0	0	0	0	0	0	0	124	0	0	0	0	0	0	0	0	0	0	0	0	0	0	0	0	0	0	0	0	0	0	0	0	0	0	
351068	Putamen_L	4728	2090	25008	3082	1772	150	6542	3368	962	114	4354	1872	1262	102	5650	1302	2188	508	9084	2488	2300	2548	1182	184	0	0	2682	376	19948	750	6244	3118	100	1008	0	0	6428	160	972	0	1472	0	0	0	0	0	0	0	0	0	0	0	0	0	2702	102	1170	262	0	0	206	84	156	124	0	96	0	0	284	0	26790	3488	0	1340	7466	0	660	494	138	0	1922	0	1134	0	336	0	0	0	482	0	0	0	0	0	0	0	0	0	0	0	0	0	0	0	0	0	0	0	0	0	0	0	0	0	0	0	
342196	Putamen_R	268	1016	868	12866	0	1738	188	2104	0	1154	690	6600	138	590	0	5062	344	3502	654	6508	252	1344	328	6520	180	1498	132	884	656	17706	1478	13460	0	1404	0	0	0	18068	0	8020	0	2506	0	0	0	0	0	0	0	0	0	0	0	0	0	12458	102	502	0	0	0	78	0	106	0	0	0	66	0	0	2818	24514	1340	0	0	2908	0	2832	0	0	0	146	0	134	0	632	0	0	0	3736	0	0	0	0	0	0	0	0	0	0	0	0	0	0	0	0	0	0	0	0	0	0	0	0	0	0	
43372	Pallidum_L	2026	934	2334	422	0	0	882	622	0	0	546	100	0	0	0	0	402	0	406	350	0	0	0	0	0	0	0	0	476	0	90	182	0	200	0	0	454	78	0	0	0	0	0	0	0	0	0	0	0	0	0	0	0	0	0	0	602	0	0	0	96	102	70	104	0	0	0	0	84	0	1260	110	7466	0	0	0	1086	202	0	0	0	0	0	0	0	0	0	0	0	0	0	0	0	0	0	0	0	0	0	0	0	0	0	0	0	0	0	0	0	0	0	0	0	0	0	0	
20688	Pallidum_R	88	128	0	904	0	0	0	156	0	0	0	150	0	0	0	0	0	764	116	738	0	0	0	0	0	0	0	0	0	0	0	0	0	0	0	0	0	718	0	562	0	0	0	0	0	0	0	0	0	0	0	0	0	0	0	588	0	0	0	0	0	0	0	0	0	0	0	0	0	0	82	2144	0	2908	0	0	0	298	0	0	0	0	0	0	0	0	0	0	0	0	0	0	0	0	0	0	0	0	0	0	0	0	0	0	0	0	0	0	0	0	0	0	0	0	0	0	
115352	Thalamus_L	8044	1000	788	336	0	0	7738	314	0	0	82	126	0	0	0	0	72	0	0	174	0	0	0	0	0	0	0	0	1684	0	0	0	0	0	130	586	5280	714	1570	92	0	0	0	0	0	0	136	0	0	0	0	0	0	0	378	76	262	118	0	0	0	460	104	460	0	0	76	0	0	0	9094	1096	660	0	1086	0	0	10146	780	0	982	0	0	0	2298	0	0	0	734	0	0	0	0	0	0	0	0	0	0	0	0	0	0	0	0	0	0	0	0	0	0	0	0	0	0	0	
153152	Thalamus_R	1726	4254	318	4124	0	0	382	400	0	0	0	706	0	0	0	0	74	386	196	3472	0	0	0	0	0	0	0	0	148	490	108	314	0	422	2136	3236	2256	8032	344	2146	0	0	0	78	0	0	0	510	0	0	0	0	0	0	136	1456	0	570	0	0	0	0	0	80	0	0	262	1214	0	0	3840	17866	494	2832	202	298	10146	0	274	0	0	0	0	0	118	0	0	0	94	324	0	0	0	0	0	0	0	112	0	0	0	0	0	0	0	0	0	0	0	0	0	0	0	0	0	0	
70408	Heschl_L	2216	80	678	104	0	0	722	172	0	0	286	86	0	0	0	0	3000	0	130	0	0	0	0	0	0	0	0	0	5694	0	0	0	0	0	474	616	1976	440	842	0	0	0	0	0	0	0	260	0	0	0	74	0	92	0	3416	0	1864	0	0	0	160	0	1174	0	0	0	0	0	0	0	164	0	138	0	0	0	780	274	0	0	2216	0	106	0	3248	0	0	0	3722	0	0	0	0	0	0	0	0	0	0	0	0	0	0	0	0	0	0	0	0	0	0	0	0	0	0	0	
10740	Heschl_R	0	162	0	0	0	0	0	0	0	0	0	134	0	0	0	0	0	974	0	0	0	0	0	0	0	0	0	0	0	574	0	0	0	96	0	214	0	142	0	0	0	0	0	0	0	0	0	0	0	0	0	0	0	0	0	92	0	76	0	0	0	0	0	0	0	0	0	224	0	76	0	0	0	0	0	0	0	0	0	0	0	2064	0	98	0	444	0	0	0	0	0	0	0	0	0	0	0	0	0	0	0	0	0	0	0	0	0	0	0	0	0	0	0	0	0	0	
251136	Temporal_Sup_L	1312	74	1108	138	0	0	686	462	0	0	3302	1514	206	0	0	612	11124	634	402	68	0	0	0	0	0	0	0	0	12782	492	0	210	0	0	570	98	4284	0	214	0	96	0	0	0	76	0	0	0	0	0	1506	0	0	0	2692	0	2786	0	238	0	1842	0	8890	0	1086	0	530	0	1202	0	2756	368	1922	0	0	0	982	0	2216	0	0	0	5538	0	32392	0	318	0	17710	0	130	0	0	0	0	0	0	0	0	0	0	0	0	0	0	0	0	0	0	0	0	0	0	0	0	0	
144644	Temporal_Sup_R	172	2352	126	460	0	0	0	470	0	0	0	1132	0	0	0	0	0	4552	70	576	0	0	0	0	0	0	0	0	0	2122	0	0	0	2890	1240	1908	0	2222	0	94	0	0	0	634	0	638	0	446	0	1182	0	1036	0	124	0	2056	0	1772	0	570	0	1714	0	6408	0	5090	0	5274	410	2714	0	0	0	146	0	0	0	0	0	2064	0	0	0	2178	0	15540	0	204	0	1736	0	0	0	0	0	0	0	0	0	0	0	0	0	0	0	0	0	0	0	0	0	0	0	0	0	0	
73368	Temporal_Pole_Sup_L	0	0	260	0	662	0	286	0	344	0	436	98	190	0	2036	0	496	0	0	0	632	0	0	0	0	0	116	0	2680	0	0	0	0	0	0	0	1134	0	774	0	868	0	0	0	0	0	0	0	0	0	0	0	0	0	2720	0	0	0	0	0	0	0	0	0	0	0	0	0	0	0	202	0	1134	0	0	0	0	0	106	0	5538	0	0	0	6930	0	4498	0	4544	0	0	0	0	0	0	0	0	0	0	0	0	0	0	0	0	0	0	0	0	0	0	0	0	0	0	0	
40640	Temporal_Pole_Sup_R	0	0	0	0	0	0	0	0	0	0	0	440	0	102	0	0	0	490	0	0	0	138	0	0	0	0	0	0	0	386	0	0	0	0	0	0	0	1410	0	1190	0	2114	0	0	0	0	0	0	0	0	0	0	0	0	0	2616	0	0	0	0	0	0	0	0	0	0	0	0	0	0	0	0	0	134	0	0	0	0	0	98	0	2178	0	0	0	2306	0	2430	0	4288	0	0	0	0	0	0	0	0	0	0	0	0	0	0	0	0	0	0	0	0	0	0	0	0	0	0	
369152	Temporal_Mid_L	3016	0	76	0	0	0	398	0	0	0	0	0	0	0	0	0	3730	0	0	0	0	0	0	0	0	0	0	0	3578	0	0	0	234	0	2922	326	4612	300	478	0	238	0	4520	0	614	0	338	0	1754	0	22930	0	4994	0	7022	0	4640	0	200	0	2988	0	7204	0	8054	0	2952	0	4364	0	150	0	336	0	0	0	2298	118	3248	0	32392	0	6930	0	0	0	5062	0	41028	0	532	0	0	0	0	0	0	0	0	0	0	0	0	0	0	0	0	0	0	0	0	0	0	0	0	0	
302268	Temporal_Mid_R	0	4568	116	568	0	0	0	428	0	0	0	760	0	0	0	0	0	1062	0	1192	0	0	0	0	0	0	0	0	0	1570	0	150	0	7888	554	1798	0	2322	0	138	0	0	0	7940	0	6408	134	1446	0	8944	0	19648	0	2808	0	2738	0	1280	0	544	0	936	0	1406	0	12098	726	15654	906	7206	66	0	0	632	0	0	0	0	0	444	0	15540	0	2306	0	0	0	1180	0	17030	0	0	0	0	0	0	0	0	0	0	0	0	0	0	0	0	0	0	0	0	0	0	0	0	0	0	
36216	Temporal_Pole_Mid_L	0	0	0	0	0	0	0	0	0	0	0	0	0	0	0	0	0	0	0	0	0	0	0	0	0	0	0	0	282	0	0	0	0	0	0	0	248	0	562	0	154	0	0	0	0	0	0	0	0	0	0	0	0	0	2434	0	0	0	0	0	0	0	0	0	0	0	0	0	0	0	0	0	0	0	0	0	0	0	0	0	318	0	4498	0	5062	0	0	0	4550	0	0	0	0	0	0	0	0	0	0	0	0	0	0	0	0	0	0	0	0	0	0	0	0	0	0	0	
13020	Temporal_Pole_Mid_R	0	0	0	0	0	0	0	0	0	0	0	0	0	0	0	0	0	0	0	0	0	0	0	0	0	0	0	0	0	0	0	0	0	0	0	0	0	0	0	80	0	0	0	0	0	0	0	0	0	0	0	0	0	0	0	1002	0	0	0	0	0	0	0	0	0	0	0	0	0	0	0	0	0	0	0	0	0	0	0	0	0	204	0	2430	0	1180	0	0	0	1614	0	0	0	0	0	0	0	0	0	0	0	0	0	0	0	0	0	0	0	0	0	0	0	0	0	0	
226696	Temporal_Inf_L	494	0	0	0	0	0	170	0	0	0	0	0	0	0	0	0	836	0	0	0	0	0	0	0	0	0	0	0	2976	0	0	0	0	0	974	452	7404	258	1112	0	896	0	734	0	0	0	408	0	0	0	1888	0	2760	0	11850	0	1702	0	68	0	80	0	1206	0	68	0	590	0	1026	0	188	0	482	0	0	0	734	94	3722	0	17710	0	4544	0	41028	0	4550	0	0	0	2344	0	0	0	0	0	0	0	0	0	0	0	0	0	0	0	0	0	0	0	0	0	0	0	0	0	
189988	Temporal_Inf_R	0	2642	76	1298	0	0	0	588	0	0	0	538	0	0	0	0	0	1280	0	770	0	0	0	144	0	0	0	0	0	3910	84	776	0	2388	264	1176	0	12568	0	1972	0	1446	0	1158	0	194	0	766	0	466	0	1046	0	2356	0	19256	0	1176	0	0	0	84	0	322	0	1656	0	3562	104	1802	0	124	0	3736	0	0	0	324	0	0	0	1736	0	4288	0	17030	0	1614	0	0	0	194	0	0	0	0	0	0	0	80	0	0	0	0	0	0	0	0	0	0	0	0	0	0	0	0	
551532	Cerebelum_Crus1_L	0	0	0	0	0	0	0	0	0	0	0	0	0	0	0	0	0	0	0	0	0	0	0	0	0	0	0	0	0	0	0	0	0	0	0	0	0	0	0	0	0	0	0	146	0	134	12348	5044	0	134	152	0	668	0	25642	2538	0	0	0	0	0	0	0	0	0	0	0	0	0	0	0	0	0	0	0	0	0	0	0	0	130	0	0	0	532	0	0	0	2344	0	0	3294	37740	2414	2336	376	33752	5046	65038	5756	12310	938	21314	220	2170	734	0	0	840	1838	14900	7284	4058	1234	1300	1062	
430184	Cerebelum_Crus1_R	0	0	0	0	0	0	0	0	0	0	0	0	0	0	0	0	0	0	0	0	0	0	0	0	0	0	0	0	0	0	0	0	0	0	0	0	0	0	0	0	0	0	0	446	0	328	2154	6640	0	314	0	0	0	244	1218	10786	0	0	0	0	0	0	0	0	0	0	0	0	0	0	0	0	0	0	0	0	0	0	0	0	0	0	0	0	0	0	0	0	0	194	3294	0	1270	34002	308	2684	5356	29752	4278	62398	854	8356	1046	13494	146	194	0	0	0	1934	10942	6018	5582	468	256	136	
345112	Cerebelum_Crus2_L	0	0	0	0	0	0	0	0	0	0	0	0	0	0	0	0	0	0	0	0	0	0	0	0	0	0	0	0	0	0	0	0	0	0	0	0	0	0	0	0	0	0	0	0	0	0	1088	446	0	0	0	0	0	0	2402	140	0	0	0	0	0	0	0	0	0	0	0	0	0	0	0	0	0	0	0	0	0	0	0	0	0	0	0	0	0	0	0	0	0	0	37740	1270	0	7932	420	234	5866	910	11682	1308	36496	5842	34724	2214	4044	462	114	0	594	1002	3038	1316	6852	3278	606	536	
351656	Cerebelum_Crus2_R	0	0	0	0	0	0	0	0	0	0	0	0	0	0	0	0	0	0	0	0	0	0	0	0	0	0	0	0	0	0	0	0	0	0	0	0	0	0	0	0	0	0	0	86	0	72	1344	1108	0	74	0	0	108	0	424	710	0	0	0	0	0	0	0	0	0	0	0	0	0	0	0	0	0	0	0	0	0	0	0	0	0	0	0	0	0	0	0	0	0	0	2414	34002	7932	0	260	1186	1100	6106	2416	16340	6038	25382	5796	25934	2272	2098	0	0	410	1894	2036	2668	14680	7618	2224	1096	
56892	Cerebelum_3_L	0	0	0	0	0	0	0	0	0	0	0	0	0	0	0	0	0	0	0	0	0	0	0	0	0	0	0	0	0	0	0	0	0	0	0	0	0	0	764	0	0	0	0	0	0	0	188	208	0	0	0	0	0	0	182	0	0	0	0	0	0	0	0	0	0	0	0	0	0	0	0	0	0	0	0	0	0	0	0	0	0	0	0	0	0	0	0	0	0	0	2336	308	420	260	0	200	6292	442	2654	606	204	0	1758	114	1576	538	0	0	1108	3558	1250	762	576	722	782	638	
50324	Cerebelum_3_R	0	0	0	0	0	0	0	0	0	0	0	0	0	0	0	0	0	0	0	0	0	0	0	0	0	0	0	0	0	0	0	0	0	0	0	0	0	0	0	0	0	0	0	0	0	0	0	136	0	0	0	0	0	0	0	154	0	0	0	0	0	0	0	0	0	0	0	0	0	0	0	0	0	0	0	0	0	0	0	0	0	0	0	0	0	0	0	0	0	0	376	2684	234	1186	200	0	572	5392	364	5800	234	104	324	824	0	660	0	0	274	2660	750	230	434	712	692	166	
406888	Cerebelum_4_5_L	0	0	0	0	0	0	0	0	0	0	0	0	0	0	0	0	0	0	0	0	0	0	0	0	0	0	0	0	0	0	0	0	0	0	0	0	154	0	390	0	0	0	0	0	0	0	11622	4968	0	0	0	0	110	0	13366	2224	0	0	0	0	0	0	0	0	0	0	0	0	0	0	0	0	0	0	0	0	0	0	0	0	0	0	0	0	0	0	0	0	0	0	33752	5356	5866	1100	6292	572	0	8566	43078	9264	4002	0	7534	218	2432	700	0	0	1380	3284	25772	6334	602	834	1660	2012	
328468	Cerebelum_4_5_R	0	0	0	0	0	0	0	0	0	0	0	0	0	0	0	0	0	0	0	0	0	0	0	0	0	0	0	0	0	0	0	0	0	0	0	136	0	382	0	972	0	0	0	202	0	0	3564	9774	0	0	0	0	0	120	2192	10046	0	0	0	0	0	0	0	0	0	0	0	634	0	0	0	0	0	0	0	0	0	112	0	0	0	0	0	0	0	0	0	0	0	0	5046	29752	910	6106	442	5392	8566	0	6864	42520	876	440	1424	1638	408	1050	0	100	0	2824	17064	1594	850	920	978	336	
520412	Cerebelum_6_L	0	0	0	0	0	0	0	0	0	0	0	0	0	0	0	0	0	0	0	0	0	0	0	0	0	0	0	0	0	0	0	0	0	0	0	0	0	0	0	0	0	0	0	158	0	154	16506	7522	0	156	0	0	352	0	28240	4068	0	0	0	0	0	0	0	0	0	0	0	0	0	0	0	0	0	0	0	0	0	0	0	0	0	0	0	0	0	0	0	0	0	0	65038	4278	11682	2416	2654	364	43078	6864	0	8074	5796	966	9930	146	1204	268	0	0	930	1914	20776	11158	3120	454	1176	764	
491816	Cerebelum_6_R	0	0	0	0	0	0	0	0	0	0	0	0	0	0	0	0	0	0	0	0	0	0	0	0	0	0	0	0	0	0	0	0	0	0	0	0	0	0	0	0	0	0	0	1024	0	770	3598	12812	0	734	0	0	0	628	2170	17844	0	0	0	0	0	0	0	0	0	0	0	0	0	0	0	0	0	0	0	0	0	0	0	0	0	0	0	0	0	0	0	0	0	80	5756	62398	1308	16340	606	5800	9264	42520	8074	0	1028	1566	1480	5492	602	886	0	322	78	2880	17640	12500	7092	1144	1092	380	
297820	Cerebelum_7b_L	0	0	0	0	0	0	0	0	0	0	0	0	0	0	0	0	0	0	0	0	0	0	0	0	0	0	0	0	0	0	0	0	0	0	0	0	0	0	0	0	0	0	0	0	0	0	0	146	0	0	0	0	0	0	426	0	0	0	0	0	0	0	0	0	0	0	0	0	0	0	0	0	0	0	0	0	0	0	0	0	0	0	0	0	0	0	0	0	0	0	12310	854	36496	6038	204	234	4002	876	5796	1028	0	6192	40672	5748	6880	672	304	0	600	920	2830	614	5540	8104	790	634	
184272	Cerebelum_7b_R	0	0	0	0	0	0	0	0	0	0	0	0	0	0	0	0	0	0	0	0	0	0	0	0	0	0	0	0	0	0	0	0	0	0	0	0	0	0	0	0	0	0	0	0	0	0	654	132	0	0	0	0	74	0	198	82	0	0	0	0	0	0	0	0	0	0	0	0	0	0	0	0	0	0	0	0	0	0	0	0	0	0	0	0	0	0	0	0	0	0	938	8356	5842	25382	0	104	0	440	966	1566	6192	0	4050	23426	742	902	0	0	0	0	0	536	6206	5156	106	86	
444108	Cerebelum_8_L	0	0	0	0	0	0	0	0	0	0	0	0	0	0	0	0	0	0	0	0	0	0	0	0	0	0	0	0	0	0	0	0	0	0	0	0	0	0	0	0	0	0	0	0	0	0	102	212	0	0	0	0	0	0	1312	74	0	0	0	0	0	0	0	0	0	0	0	0	0	0	0	0	0	0	0	0	0	0	0	0	0	0	0	0	0	0	0	0	0	0	21314	1046	34724	5796	1758	324	7534	1424	9930	1480	40672	4050	0	11882	29464	5430	2332	0	714	1358	4134	1242	6626	18744	6132	2244	
295580	Cerebelum_8_R	0	0	0	0	0	0	0	0	0	0	0	0	0	0	0	0	0	0	0	0	0	0	0	0	0	0	0	0	0	0	0	0	0	0	0	0	0	0	0	0	0	0	0	80	0	74	0	868	0	74	0	0	0	0	0	420	0	0	0	0	0	0	0	0	0	0	0	0	0	0	0	0	0	0	0	0	0	0	0	0	0	0	0	0	0	0	0	0	0	0	220	13494	2214	25934	114	824	218	1638	146	5492	5748	23426	11882	0	6050	15282	154	172	470	1182	266	1938	8340	15320	4512	1238	
183300	Cerebelum_9_L	0	0	0	0	0	0	0	0	0	0	0	0	0	0	0	0	0	0	0	0	0	0	0	0	0	0	0	0	0	0	0	0	0	0	0	0	0	0	0	0	0	0	0	0	0	0	0	0	0	0	0	0	0	0	0	0	0	0	0	0	0	0	0	0	0	0	0	0	0	0	0	0	0	0	0	0	0	0	0	0	0	0	0	0	0	0	0	0	0	0	2170	146	4044	2272	1576	0	2432	408	1204	602	6880	742	29464	6050	0	4656	4492	0	236	408	974	2022	3222	10076	5474	2100	
142704	Cerebelum_9_R	0	0	0	0	0	0	0	0	0	0	0	0	0	0	0	0	0	0	0	0	0	0	0	0	0	0	0	0	0	0	0	0	0	0	0	0	0	0	0	0	0	0	0	0	0	0	0	0	0	0	0	0	0	0	0	0	0	0	0	0	0	0	0	0	0	0	0	0	0	0	0	0	0	0	0	0	0	0	0	0	0	0	0	0	0	0	0	0	0	0	734	194	462	2098	538	660	700	1050	268	886	672	902	5430	15282	4656	0	226	1882	614	1606	718	2302	4566	10156	10138	4612	
15244	Cerebelum_10_L	0	0	0	0	0	0	0	0	0	0	0	0	0	0	0	0	0	0	0	0	0	0	0	0	0	0	0	0	0	0	0	0	0	0	0	0	0	0	0	0	0	0	0	0	0	0	0	0	0	0	0	0	0	0	0	0	0	0	0	0	0	0	0	0	0	0	0	0	0	0	0	0	0	0	0	0	0	0	0	0	0	0	0	0	0	0	0	0	0	0	0	0	114	0	0	0	0	0	0	0	304	0	2332	154	4492	226	0	0	0	0	0	0	0	0	0	0	
5092	Cerebelum_10_R	0	0	0	0	0	0	0	0	0	0	0	0	0	0	0	0	0	0	0	0	0	0	0	0	0	0	0	0	0	0	0	0	0	0	0	0	0	0	0	0	0	0	0	0	0	0	0	0	0	0	0	0	0	0	0	0	0	0	0	0	0	0	0	0	0	0	0	0	0	0	0	0	0	0	0	0	0	0	0	0	0	0	0	0	0	0	0	0	0	0	0	0	0	0	0	0	0	100	0	322	0	0	0	172	0	1882	0	0	0	0	0	0	0	0	70	0	
36388	Vermis_1_2	0	0	0	0	0	0	0	0	0	0	0	0	0	0	0	0	0	0	0	0	0	0	0	0	0	0	0	0	0	0	0	0	0	0	0	0	0	0	106	0	0	0	0	0	0	0	0	82	0	0	0	0	0	0	0	0	0	0	0	0	0	0	0	0	0	0	0	0	0	0	0	0	0	0	0	0	0	0	0	0	0	0	0	0	0	0	0	0	0	0	840	0	594	410	1108	274	1380	0	930	78	600	0	714	470	236	614	0	0	0	3964	1336	736	676	852	1186	1008	
89500	Vermis_3	0	0	0	0	0	0	0	0	0	0	0	0	0	0	0	0	0	0	0	0	0	0	0	0	0	0	0	0	0	0	0	0	0	0	0	0	0	0	372	0	0	0	0	0	0	0	0	274	0	0	0	0	0	0	72	66	0	0	0	0	0	0	0	0	0	0	0	0	0	0	0	0	0	0	0	0	0	0	0	0	0	0	0	0	0	0	0	0	0	0	1838	1934	1002	1894	3558	2660	3284	2824	1914	2880	920	0	1358	1182	408	1606	0	0	3964	0	3114	890	1496	1848	2048	1344	
