data	data	349704	330596	891440	736900	183152	91564	511152	249160	78336	38428	258616	243616	180208	65144	131940	118152	255296	217868	646264	535896	80008	72968	299796	264160	28016	70660	57776	62720	484560	311768	294476	357444	85540	343604	64392	134712	148788	299228	42040	145692	18856	44612	226784	253404	140252	188032	233612	270348	151428	253876	410216	306028	104092	93900	291084	385736	222636	143260	138840	101712	203032	141608	114036	107696	88952	112796	223300	256808	132508	97824	279568	351696	282832	291824	53920	10804	129184	229652	64932	28504	233480	101052	107616	116720	231992	223340	16204	29988	242964	220628	485244	434068	378568	353656	59276	48960	271404	210108	495900	440284	236340	124860	270920	230956	127380	138408	27936	9284	28720	67880	269716	282288	305784	172100	119084	17336	
data	data	Precentral_L	Precentral_R	Frontal_Sup_L	Frontal_Sup_R	Frontal_Sup_Orb_L	Frontal_Sup_Orb_R	Frontal_Mid_L	Frontal_Mid_R	Frontal_Mid_Orb_L	Frontal_Mid_Orb_R	Frontal_Inf_Oper_L	Frontal_Inf_Oper_R	Frontal_Inf_Tri_L	Frontal_Inf_Tri_R	Frontal_Inf_Orb_L	Frontal_Inf_Orb_R	Rolandic_Oper_L	Rolandic_Oper_R	Supp_Motor_Area_L	Supp_Motor_Area_R	Olfactory_L	Olfactory_R	Frontal_Sup_Medial_L	Frontal_Sup_Medial_R	Frontal_Med_Orb_L	Frontal_Med_Orb_R	Rectus_L	Rectus_R	Insula_L	Insula_R	Cingulum_Ant_L	Cingulum_Ant_R	Cingulum_Mid_L	Cingulum_Mid_R	Cingulum_Post_L	Cingulum_Post_R	Hippocampus_L	Hippocampus_R	ParaHippocampal_L	ParaHippocampal_R	Amygdala_L	Amygdala_R	Calcarine_L	Calcarine_R	Cuneus_L	Cuneus_R	Lingual_L	Lingual_R	Occipital_Sup_L	Occipital_Sup_R	Occipital_Mid_L	Occipital_Mid_R	Occipital_Inf_L	Occipital_Inf_R	Fusiform_L	Fusiform_R	Postcentral_L	Postcentral_R	Parietal_Sup_L	Parietal_Sup_R	Parietal_Inf_L	Parietal_Inf_R	SupraMarginal_L	SupraMarginal_R	Angular_L	Angular_R	Precuneus_L	Precuneus_R	Paracentral_Lobule_L	Paracentral_Lobule_R	Caudate_L	Caudate_R	Putamen_L	Putamen_R	Pallidum_L	Pallidum_R	Thalamus_L	Thalamus_R	Heschl_L	Heschl_R	Temporal_Sup_L	Temporal_Sup_R	Temporal_Pole_Sup_L	Temporal_Pole_Sup_R	Temporal_Mid_L	Temporal_Mid_R	Temporal_Pole_Mid_L	Temporal_Pole_Mid_R	Temporal_Inf_L	Temporal_Inf_R	Cerebelum_Crus1_L	Cerebelum_Crus1_R	Cerebelum_Crus2_L	Cerebelum_Crus2_R	Cerebelum_3_L	Cerebelum_3_R	Cerebelum_4_5_L	Cerebelum_4_5_R	Cerebelum_6_L	Cerebelum_6_R	Cerebelum_7b_L	Cerebelum_7b_R	Cerebelum_8_L	Cerebelum_8_R	Cerebelum_9_L	Cerebelum_9_R	Cerebelum_10_L	Cerebelum_10_R	Vermis_1_2	Vermis_3	Vermis_4_5	Vermis_6	Vermis_7	Vermis_8	Vermis_9	Vermis_10	
349704	Precentral_L	0	1394	15358	1348	902	0	25690	0	0	0	16306	0	2438	0	548	0	12100	0	6614	4432	0	0	1696	0	0	0	0	0	9792	0	3228	190	350	492	1530	338	2412	0	290	0	0	0	1138	0	264	0	148	0	126	0	3386	0	114	0	114	0	23898	0	3230	0	3726	0	732	0	344	0	1398	0	13798	810	994	296	3026	0	546	0	2132	0	1380	0	3652	0	348	0	724	0	0	0	1080	0	0	0	0	0	0	0	0	0	0	0	0	0	0	0	0	0	0	0	0	0	0	0	0	0	0	0	
330596	Precentral_R	1394	0	4056	34420	0	0	0	18370	0	0	0	6890	0	0	0	0	0	6328	6886	6528	0	0	0	0	0	0	0	0	174	1610	0	0	0	0	272	3238	0	12500	0	1558	0	0	0	234	0	0	0	436	0	132	0	400	0	0	0	938	0	12950	0	924	0	2658	0	3916	0	0	0	826	2114	2704	1374	4972	376	1854	762	0	3954	12324	0	512	0	672	0	158	0	2252	0	0	0	3632	0	0	0	0	0	0	0	0	0	0	0	0	0	0	0	0	0	0	0	0	0	0	0	0	0	0	
891440	Frontal_Sup_L	15358	4056	0	11844	8618	358	65490	1152	798	182	13958	2420	10728	0	2936	732	10950	1226	87402	18618	88	0	39342	3154	1102	0	370	0	31540	3090	16738	1826	2578	2048	1092	404	4612	954	468	128	0	0	140	0	0	0	180	0	0	0	630	0	356	0	470	0	3826	152	100	0	1174	0	758	0	312	0	374	0	252	0	15966	7924	15132	3870	5684	198	3498	1534	4096	0	6434	0	3996	122	780	0	0	0	1402	0	0	0	0	0	0	0	0	0	0	0	0	0	0	0	0	0	0	0	0	0	0	0	0	0	0	0	
736900	Frontal_Sup_R	1348	34420	11844	0	0	4594	462	34224	0	714	112	10516	0	1694	0	6416	0	9094	14532	49912	0	0	6674	28406	0	2690	0	0	344	9422	4222	31412	906	19750	536	3120	378	9688	112	1616	0	0	0	0	0	0	98	366	0	0	0	0	0	0	0	956	416	1366	0	0	0	118	0	518	0	0	0	198	1750	0	2032	19792	584	13104	734	1106	3762	15124	0	404	0	504	0	2920	0	1342	0	0	0	2098	0	0	0	0	0	0	0	0	0	0	0	0	0	0	0	0	0	0	0	0	0	0	0	0	0	0	
183152	Frontal_Sup_Orb_L	902	0	8618	0	0	0	5178	0	12028	0	512	0	4130	0	13256	0	0	0	262	0	3494	160	4432	0	3326	0	7128	0	12670	0	6800	92	0	0	0	0	0	0	0	0	0	0	0	0	0	0	0	0	0	0	0	0	0	0	0	0	0	0	0	0	0	0	0	0	0	0	0	0	0	0	2670	0	5062	0	0	0	0	0	0	0	0	0	856	0	0	0	0	0	0	0	0	0	0	0	0	0	0	0	0	0	0	0	0	0	0	0	0	0	0	0	0	0	0	0	0	0	
91564	Frontal_Sup_Orb_R	0	0	358	4594	0	0	0	0	0	2534	0	0	0	0	0	2992	0	0	374	694	504	1306	0	2458	0	7658	0	7444	0	526	0	1958	0	0	0	0	0	0	0	0	0	0	0	0	0	0	0	0	0	0	0	0	0	0	0	0	0	0	0	0	0	0	0	0	0	0	0	0	0	0	742	6168	306	5166	0	0	0	0	0	0	0	0	0	0	0	0	0	0	0	0	0	0	0	0	0	0	0	0	0	0	0	0	0	0	0	0	0	0	0	0	0	0	0	0	0	0	
511152	Frontal_Mid_L	25690	0	65490	462	5178	0	0	0	2830	0	20916	208	28442	0	8352	584	14036	0	5934	304	0	0	19640	882	368	0	330	0	19998	286	10996	530	1408	378	0	0	490	96	118	0	0	0	0	0	0	0	0	0	0	0	0	0	0	0	126	0	714	0	0	0	98	0	0	0	0	0	0	0	0	0	5242	2208	2626	246	0	0	820	296	262	0	6294	0	2358	0	0	0	0	0	340	0	0	0	0	0	0	0	0	0	0	0	0	0	0	0	0	0	0	0	0	0	0	0	0	0	0	0	
249160	Frontal_Mid_R	0	18370	1152	34224	0	0	0	0	0	854	0	12986	0	5524	0	4268	0	8636	1672	1744	0	0	742	1346	0	0	0	0	0	6500	0	700	0	1932	0	900	0	2246	0	118	0	0	0	0	0	0	0	0	0	0	0	0	0	0	0	280	0	1858	0	202	0	410	0	940	0	0	0	182	0	0	252	2418	0	1976	0	0	824	3578	0	406	0	350	0	2524	0	1748	0	0	0	2718	0	0	0	0	0	0	0	0	0	0	0	0	0	0	0	0	0	0	0	0	0	0	0	0	0	0	
78336	Frontal_Mid_Orb_L	0	0	798	0	12028	0	2830	0	0	0	0	0	1930	0	11566	0	0	0	0	0	1120	0	0	0	142	0	2888	0	2738	0	776	0	0	0	0	0	0	0	0	0	0	0	0	0	0	0	0	0	0	0	0	0	0	0	0	0	0	0	0	0	0	0	0	0	0	0	0	0	0	0	1004	0	1018	0	0	0	0	0	0	0	0	0	330	0	0	0	0	0	0	0	0	0	0	0	0	0	0	0	0	0	0	0	0	0	0	0	0	0	0	0	0	0	0	0	0	0	
38428	Frontal_Mid_Orb_R	0	0	182	714	0	2534	0	854	0	0	0	0	0	440	0	9478	0	0	196	212	0	0	150	210	0	0	0	450	0	964	0	188	0	300	0	0	0	0	0	0	0	0	0	0	0	0	0	0	0	0	0	0	0	0	0	0	0	0	0	0	0	0	0	0	0	0	0	0	0	0	142	718	0	1482	0	0	0	0	0	0	0	0	0	0	0	0	0	0	0	0	0	0	0	0	0	0	0	0	0	0	0	0	0	0	0	0	0	0	0	0	0	0	0	0	0	0	
258616	Frontal_Inf_Oper_L	16306	0	13958	112	512	0	20916	0	0	0	0	0	9856	0	960	0	16782	0	5604	0	0	0	1572	0	0	0	0	0	18818	0	2748	0	0	0	0	0	108	0	0	0	0	0	0	0	0	0	0	0	0	0	0	0	0	0	0	0	2820	0	0	0	164	0	88	0	0	0	0	0	0	0	386	0	2060	0	0	0	112	0	436	0	8222	0	6644	0	0	0	0	0	124	0	0	0	0	0	0	0	0	0	0	0	0	0	0	0	0	0	0	0	0	0	0	0	0	0	0	0	
243616	Frontal_Inf_Oper_R	0	6890	2420	10516	0	0	208	12986	0	0	0	0	0	6316	0	898	0	17846	2154	2882	0	0	100	0	0	0	0	0	0	24066	100	634	0	684	0	194	0	2372	0	782	0	0	0	0	0	0	0	136	0	0	0	0	0	0	0	666	0	1566	0	206	0	278	0	474	0	0	0	142	0	0	1104	3540	0	6296	0	0	184	6202	0	278	0	474	0	7308	0	278	0	0	0	628	0	0	0	0	0	0	0	0	0	0	0	0	0	0	0	0	0	0	0	0	0	0	0	0	0	0	
180208	Frontal_Inf_Tri_L	2438	0	10728	0	4130	0	28442	0	1930	0	9856	0	0	0	10414	0	710	0	1490	0	0	0	1160	0	146	0	0	0	15334	0	742	0	0	0	0	0	0	0	0	0	0	0	0	0	0	0	0	0	0	0	0	0	0	0	0	0	248	0	0	0	0	0	0	0	0	0	0	0	0	0	0	0	1332	0	0	0	0	0	0	0	284	0	720	0	0	0	0	0	0	0	0	0	0	0	0	0	0	0	0	0	0	0	0	0	0	0	0	0	0	0	0	0	0	0	0	0	
65144	Frontal_Inf_Tri_R	0	0	0	1694	0	0	0	5524	0	440	0	6316	0	0	0	4398	0	1858	286	1114	0	0	378	352	0	0	0	0	0	6510	0	252	0	1072	0	0	0	152	0	0	0	0	0	0	0	0	0	0	0	0	0	0	0	0	0	0	0	158	0	0	0	0	0	114	0	0	0	0	0	0	0	318	0	1230	0	0	0	174	0	0	0	0	0	232	0	0	0	0	0	0	0	0	0	0	0	0	0	0	0	0	0	0	0	0	0	0	0	0	0	0	0	0	0	0	0	0	
131940	Frontal_Inf_Orb_L	548	0	2936	0	13256	0	8352	0	11566	0	960	0	10414	0	0	0	0	0	0	0	1716	0	0	0	320	0	2108	0	7896	0	1098	0	0	0	0	0	0	0	0	0	0	0	0	0	0	0	0	0	0	0	0	0	0	0	0	0	0	0	0	0	0	0	0	0	0	0	0	0	0	0	1670	0	2084	0	0	0	0	0	0	0	0	0	1046	0	0	0	0	0	0	0	0	0	0	0	0	0	0	0	0	0	0	0	0	0	0	0	0	0	0	0	0	0	0	0	0	0	
118152	Frontal_Inf_Orb_R	0	0	732	6416	0	2992	584	4268	0	9478	0	898	0	4398	0	0	0	194	1510	3874	0	292	1196	2470	0	0	0	704	0	5050	296	1624	0	3304	0	0	0	112	0	0	0	0	0	0	0	0	0	0	0	0	0	0	0	0	0	0	0	0	0	0	0	0	0	0	0	0	0	0	0	0	728	4044	0	3514	0	0	0	294	0	0	0	0	0	104	0	0	0	0	0	0	0	0	0	0	0	0	0	0	0	0	0	0	0	0	0	0	0	0	0	0	0	0	0	0	0	0	
255296	Rolandic_Oper_L	12100	0	10950	0	0	0	14036	0	0	0	16782	0	710	0	0	0	0	0	6550	0	0	0	0	0	0	0	0	0	23034	0	110	0	0	0	0	0	0	0	0	0	0	0	346	0	92	0	116	0	0	0	622	0	346	0	256	0	7424	0	0	0	1892	0	3598	0	442	0	152	0	132	0	92	0	592	0	0	0	0	0	3112	0	16970	0	5328	0	830	0	0	0	1034	0	0	0	0	0	0	0	0	0	0	0	0	0	0	0	0	0	0	0	0	0	0	0	0	0	0	0	
217868	Rolandic_Oper_R	0	6328	1226	9094	0	0	0	8636	0	0	0	17846	0	1858	0	194	0	0	1220	1760	0	0	0	0	0	0	0	0	0	22024	0	200	0	222	0	88	0	2300	0	772	0	0	0	0	0	0	0	122	0	0	0	0	0	0	0	672	0	6144	0	256	0	322	0	1928	0	0	0	386	0	0	212	324	0	4402	0	0	120	5084	0	2842	0	3768	0	7374	0	388	0	0	0	822	0	0	0	0	0	0	0	0	0	0	0	0	0	0	0	0	0	0	0	0	0	0	0	0	0	0	
646264	Supp_Motor_Area_L	6614	6886	87402	14532	262	374	5934	1672	0	196	5604	2154	1490	286	0	1510	6550	1220	0	37160	0	0	5944	3770	0	0	0	0	18974	2896	5694	5276	4768	13104	548	0	4862	618	206	130	214	0	130	0	0	0	0	0	0	0	578	0	356	0	464	0	3566	154	96	0	1086	0	732	0	272	0	536	0	3710	136	11394	5510	14288	3778	6160	170	9724	1562	3532	0	3884	0	2164	128	778	0	0	0	1394	0	0	0	0	0	0	0	0	0	0	0	0	0	0	0	0	0	0	0	0	0	0	0	0	0	0	0	
535896	Supp_Motor_Area_R	4432	6528	18618	49912	0	694	304	1744	0	212	0	2882	0	1114	0	3874	0	1760	37160	0	0	0	2952	6776	0	0	0	0	244	3950	5036	17974	4010	34474	930	5044	318	2004	94	182	0	0	0	548	0	202	0	0	0	304	0	992	0	0	0	556	480	602	0	0	0	480	0	0	0	262	222	2476	6700	12958	780	11024	436	8498	198	1152	846	2724	0	0	0	150	0	400	0	744	0	0	0	992	0	0	0	0	0	0	0	0	0	0	0	0	0	0	0	0	0	0	0	0	0	0	0	0	0	0	
80008	Olfactory_L	0	0	88	0	3494	504	0	0	1120	0	0	0	0	0	1716	0	0	0	0	0	0	5134	0	0	346	230	3540	2130	2374	0	3570	1808	0	0	0	0	250	0	0	0	122	0	0	0	0	0	0	0	0	0	0	0	0	0	0	0	0	0	0	0	0	0	0	0	0	0	0	0	0	0	7244	2072	4108	0	0	0	0	0	0	0	0	0	154	0	0	0	0	0	0	0	0	0	0	0	0	0	0	0	0	0	0	0	0	0	0	0	0	0	0	0	0	0	0	0	0	0	
72968	Olfactory_R	0	0	0	0	160	1306	0	0	0	0	0	0	0	0	0	292	0	0	0	0	5134	0	0	0	0	894	662	4372	0	1412	1878	2550	0	0	0	0	0	0	0	0	0	110	0	0	0	0	0	0	0	0	0	0	0	0	0	0	0	0	0	0	0	0	0	0	0	0	0	0	0	0	7126	4622	5506	290	170	0	0	0	0	0	0	0	0	0	0	0	0	0	0	0	0	0	0	0	0	0	0	0	0	0	0	0	0	0	0	0	0	0	0	0	0	0	0	0	0	0	
299796	Frontal_Sup_Medial_L	1696	0	39342	6674	4432	0	19640	742	0	150	1572	100	1160	378	0	1196	0	0	5944	2952	0	0	0	18632	2096	412	0	108	978	384	18774	6984	3038	10442	0	0	0	0	0	0	0	0	0	0	0	0	0	0	0	0	0	0	0	0	0	0	0	0	0	0	0	0	0	0	0	0	0	0	0	0	672	214	926	104	0	0	0	156	0	0	0	0	0	0	0	0	0	0	0	0	0	0	0	0	0	0	0	0	0	0	0	0	0	0	0	0	0	0	0	0	0	0	0	0	0	0	
264160	Frontal_Sup_Medial_R	0	0	3154	28406	0	2458	882	1346	0	210	0	0	0	352	0	2470	0	0	3770	6776	0	0	18632	0	238	5582	0	480	0	344	5196	24928	534	19070	0	0	0	0	0	0	0	0	0	0	0	0	0	0	0	0	0	0	0	0	0	0	0	0	0	0	0	0	0	0	0	0	0	0	0	0	98	3614	0	3392	0	0	0	148	0	0	0	0	0	0	0	0	0	0	0	0	0	0	0	0	0	0	0	0	0	0	0	0	0	0	0	0	0	0	0	0	0	0	0	0	0	0	
28016	Frontal_Med_Orb_L	0	0	1102	0	3326	0	368	0	142	0	0	0	146	0	320	0	0	0	0	0	346	0	2096	238	0	182	1456	0	342	0	3428	0	0	0	0	0	0	0	0	0	0	0	0	0	0	0	0	0	0	0	0	0	0	0	0	0	0	0	0	0	0	0	0	0	0	0	0	0	0	0	310	0	206	0	0	0	0	0	0	0	0	0	0	0	0	0	0	0	0	0	0	0	0	0	0	0	0	0	0	0	0	0	0	0	0	0	0	0	0	0	0	0	0	0	0	0	
70660	Frontal_Med_Orb_R	0	0	0	2690	0	7658	0	0	0	0	0	0	0	0	0	0	0	0	0	0	230	894	412	5582	182	0	0	5576	0	0	548	4064	0	0	0	0	0	0	0	0	0	0	0	0	0	0	0	0	0	0	0	0	0	0	0	0	0	0	0	0	0	0	0	0	0	0	0	0	0	0	356	3898	312	2928	0	0	0	0	0	0	0	0	0	0	0	0	0	0	0	0	0	0	0	0	0	0	0	0	0	0	0	0	0	0	0	0	0	0	0	0	0	0	0	0	0	0	
57776	Rectus_L	0	0	370	0	7128	0	330	0	2888	0	0	0	0	0	2108	0	0	0	0	0	3540	662	0	0	1456	0	0	152	1320	0	4488	540	0	0	0	0	0	0	0	0	0	0	0	0	0	0	0	0	0	0	0	0	0	0	0	0	0	0	0	0	0	0	0	0	0	0	0	0	0	0	3340	0	566	0	0	0	0	0	0	0	0	0	0	0	0	0	0	0	0	0	0	0	0	0	0	0	0	0	0	0	0	0	0	0	0	0	0	0	0	0	0	0	0	0	0	0	
62720	Rectus_R	0	0	0	0	0	7444	0	0	0	450	0	0	0	0	0	704	0	0	0	0	2130	4372	108	480	0	5576	152	0	0	596	984	2642	0	0	0	0	0	0	0	0	0	0	0	0	0	0	0	0	0	0	0	0	0	0	0	0	0	0	0	0	0	0	0	0	0	0	0	0	0	0	2194	1546	1798	184	0	0	0	0	0	0	0	0	0	0	0	0	0	0	0	0	0	0	0	0	0	0	0	0	0	0	0	0	0	0	0	0	0	0	0	0	0	0	0	0	0	0	
484560	Insula_L	9792	174	31540	344	12670	0	19998	0	2738	0	18818	0	15334	0	7896	0	23034	0	18974	244	2374	0	978	0	342	0	1320	0	0	0	1250	0	0	0	174	0	5866	0	244	0	246	0	306	0	0	0	104	0	0	0	734	0	494	0	2740	0	2826	0	0	0	878	0	632	0	242	0	182	0	0	0	1996	276	17732	0	126	0	280	0	7082	0	16096	0	8060	0	1402	0	0	0	5742	0	0	0	0	0	0	0	0	0	0	0	0	0	0	0	0	0	0	0	0	0	0	0	0	0	0	0	
311768	Insula_R	0	1610	3090	9422	0	526	286	6500	0	964	0	24066	0	6510	0	5050	0	22024	2896	3950	0	1412	384	344	0	0	0	596	0	0	108	1182	0	1198	0	238	0	5508	0	1090	0	0	0	0	0	0	0	162	0	0	0	0	0	0	0	2410	0	578	0	0	0	0	0	0	0	0	0	0	0	0	1554	4726	0	20430	0	0	266	6900	0	2408	0	4614	0	7816	0	1612	0	0	0	3454	0	0	0	0	0	0	0	0	0	0	0	0	0	0	0	0	0	0	0	0	0	0	0	0	0	0	
294476	Cingulum_Ant_L	3228	0	16738	4222	6800	0	10996	0	776	0	2748	100	742	0	1098	296	110	0	5694	5036	3570	1878	18774	5196	3428	548	4488	984	1250	108	0	16562	4042	5866	114	0	0	0	0	0	0	0	0	0	0	0	0	0	0	0	0	0	0	0	0	0	0	0	0	0	0	0	0	0	0	0	0	0	0	0	8848	2836	9116	746	0	0	0	300	0	0	0	0	0	0	0	0	0	0	0	0	0	0	0	0	0	0	0	0	0	0	0	0	0	0	0	0	0	0	0	0	0	0	0	0	0	0	
357444	Cingulum_Ant_R	190	0	1826	31412	92	1958	530	700	0	188	0	634	0	252	0	1624	0	200	5276	17974	1808	2550	6984	24928	0	4064	540	2642	0	1182	16562	0	1248	23054	0	0	0	710	0	0	0	0	0	0	0	0	0	0	0	0	0	0	0	0	0	0	0	0	0	0	0	0	0	0	0	0	0	0	0	0	3152	13010	2596	8484	0	0	0	2352	0	0	0	0	0	0	0	0	0	0	0	0	0	0	0	0	0	0	0	0	0	0	0	0	0	0	0	0	0	0	0	0	0	0	0	0	0	0	
85540	Cingulum_Mid_L	350	0	2578	906	0	0	1408	0	0	0	0	0	0	0	0	0	0	0	4768	4010	0	0	3038	534	0	0	0	0	0	0	4042	1248	0	7176	2314	0	0	0	0	0	0	0	0	0	172	0	0	0	390	0	222	0	0	0	0	0	116	0	180	0	0	0	0	0	0	0	4366	898	4054	0	0	0	0	0	0	0	0	0	0	0	0	0	0	0	0	0	0	0	0	0	0	0	0	0	0	0	0	0	0	0	0	0	0	0	0	0	0	0	0	0	0	0	0	0	0	0	
343604	Cingulum_Mid_R	492	0	2048	19750	0	0	378	1932	0	300	0	684	0	1072	0	3304	0	222	13104	34474	0	0	10442	19070	0	0	0	0	0	1198	5866	23054	7176	0	724	4796	0	0	0	0	0	0	0	266	0	558	0	0	0	1198	0	1402	0	0	0	0	0	258	0	0	0	472	0	0	0	562	830	7350	1726	4202	0	1138	0	412	0	0	0	1146	0	0	0	0	0	0	0	96	0	0	0	100	0	0	0	0	0	0	0	0	0	0	0	0	0	0	0	0	0	0	0	0	0	0	0	0	0	0	
64392	Cingulum_Post_L	1530	272	1092	536	0	0	0	0	0	0	0	0	0	0	0	0	0	0	548	930	0	0	0	0	0	0	0	0	174	0	114	0	2314	724	0	3398	3410	1576	380	594	0	0	984	0	1198	0	632	312	120	0	0	0	0	0	0	0	0	0	0	0	0	0	0	0	0	0	4876	392	1838	426	0	0	556	0	0	0	1358	848	378	0	90	0	0	0	0	0	0	0	0	0	0	0	0	0	0	0	0	172	0	0	0	0	0	0	0	0	0	0	0	0	424	0	0	0	0	0	
134712	Cingulum_Post_R	338	3238	404	3120	0	0	0	900	0	0	0	194	0	0	0	0	0	88	0	5044	0	0	0	0	0	0	0	0	0	238	0	0	0	4796	3398	0	0	9044	0	1276	0	0	0	1524	0	1522	0	1022	0	1422	0	1328	0	0	0	136	0	188	0	0	0	0	0	0	0	0	748	8382	214	3466	1544	0	0	0	0	0	6688	5666	0	0	0	104	0	0	0	360	0	0	0	362	0	0	0	0	0	0	0	320	0	0	0	0	0	0	0	0	0	0	0	0	282	0	0	0	0	0	
148788	Hippocampus_L	2412	0	4612	378	0	0	490	0	0	0	108	0	0	0	0	0	0	0	4862	318	250	0	0	0	0	0	0	0	5866	0	0	0	0	0	3410	0	0	120	8256	0	3792	0	852	0	142	0	2994	160	0	0	0	0	0	0	9206	0	214	0	0	0	0	0	0	0	0	0	3722	0	0	0	552	0	6732	0	1212	0	2628	0	2758	0	1126	0	616	0	192	0	0	0	6302	0	0	0	0	0	0	0	112	0	0	0	0	0	0	0	0	0	0	0	0	0	0	0	0	0	0	0	
299228	Hippocampus_R	0	12500	954	9688	0	0	96	2246	0	0	0	2372	0	152	0	112	0	2300	618	2004	0	0	0	0	0	0	0	0	0	5508	0	710	0	0	1576	9044	120	0	0	21112	0	6500	0	1518	0	0	0	4520	0	0	0	0	0	704	0	21064	0	156	0	0	0	0	0	0	0	0	0	2876	0	0	1432	2018	0	10054	0	194	5262	10994	0	168	0	1370	0	1630	0	1582	0	140	0	5380	0	0	0	0	0	132	0	608	0	0	0	0	0	0	0	0	0	0	0	0	200	0	0	0	0	0	
42040	ParaHippocampal_L	290	0	468	112	0	0	118	0	0	0	0	0	0	0	0	0	0	0	206	94	0	0	0	0	0	0	0	0	244	0	0	0	0	0	380	0	8256	0	0	0	556	0	138	0	0	0	2542	98	0	0	0	0	0	0	4266	0	94	0	0	0	0	0	0	0	0	0	632	0	0	0	0	0	770	0	128	0	118	0	0	0	0	0	624	0	0	0	0	0	204	0	0	0	0	0	104	0	444	0	134	0	0	0	0	0	0	0	0	0	0	0	0	0	0	0	0	0	
145692	ParaHippocampal_R	0	1558	128	1616	0	0	0	118	0	0	0	782	0	0	0	0	0	772	130	182	0	0	0	0	0	0	0	0	0	1090	0	0	0	0	594	1276	0	21112	0	0	0	5368	0	1230	0	0	0	5264	0	0	0	0	0	810	0	16908	0	0	0	0	0	0	0	0	0	0	0	406	0	0	136	196	0	2478	0	128	684	3742	0	0	0	254	0	1472	0	762	0	320	0	1776	0	0	0	0	0	310	0	1244	0	0	0	0	0	0	0	0	0	0	0	0	0	0	0	0	0	0	
18856	Amygdala_L	0	0	0	0	0	0	0	0	0	0	0	0	0	0	0	0	0	0	214	0	122	0	0	0	0	0	0	0	246	0	0	0	0	0	0	0	3792	0	556	0	0	0	0	0	0	0	0	0	0	0	0	0	0	0	2090	0	0	0	0	0	0	0	0	0	0	0	0	0	0	0	124	0	150	0	0	0	348	0	0	0	0	0	152	0	0	0	0	0	1634	0	0	0	0	0	0	0	0	0	0	0	0	0	0	0	0	0	0	0	0	0	0	0	0	0	0	0	
44612	Amygdala_R	0	0	0	0	0	0	0	0	0	0	0	0	0	0	0	0	0	0	0	0	0	110	0	0	0	0	0	0	0	0	0	0	0	0	0	0	0	6500	0	5368	0	0	0	0	0	0	0	0	0	0	0	0	0	0	0	7428	0	0	0	0	0	0	0	0	0	0	0	0	0	0	0	116	0	320	0	0	0	130	0	0	0	0	0	1862	0	0	0	472	0	0	0	0	0	0	0	0	0	0	0	0	0	0	0	0	0	0	0	0	0	0	0	0	0	0	0	0	
226784	Calcarine_L	1138	0	140	0	0	0	0	0	0	0	0	0	0	0	0	0	346	0	130	0	0	0	0	0	0	0	0	0	306	0	0	0	0	0	984	0	852	0	138	0	0	0	0	4948	11036	3344	15184	876	7532	1816	26868	724	5672	0	1932	0	2156	0	0	0	92	0	98	0	456	0	15378	0	3252	0	0	0	0	0	0	0	0	0	110	0	124	0	0	0	4760	134	0	0	1142	0	0	0	0	0	0	118	106	0	0	0	0	0	0	0	0	0	0	0	134	190	602	300	0	0	274	0	
253404	Calcarine_R	0	234	0	0	0	0	0	0	0	0	0	0	0	0	0	0	0	0	0	548	0	0	0	0	0	0	0	0	0	0	0	0	0	266	0	1524	0	1518	0	1230	0	0	4948	0	1424	21782	1034	14306	0	18908	0	21190	0	3484	0	3236	0	804	0	0	0	680	0	0	0	548	0	16424	0	1300	0	0	0	0	0	0	0	112	0	0	0	208	0	0	0	7144	0	0	0	3680	0	0	0	0	0	0	0	170	0	0	0	0	0	0	0	0	0	0	0	0	0	0	0	0	0	0	
140252	Cuneus_L	264	0	0	0	0	0	0	0	0	0	0	0	0	0	0	0	92	0	0	0	0	0	0	0	0	0	0	0	0	0	0	0	172	0	1198	0	142	0	0	0	0	0	11036	1424	0	2872	2898	0	16800	1168	13636	0	1192	0	526	0	1666	0	452	0	0	0	0	0	0	0	11182	116	1960	0	0	0	0	0	0	0	0	0	0	0	0	0	0	0	356	0	0	0	0	0	0	0	0	0	0	0	0	0	0	0	0	0	0	0	0	0	0	0	0	0	974	0	0	0	0	0	
188032	Cuneus_R	0	0	0	0	0	0	0	0	0	0	0	0	0	0	0	0	0	0	0	202	0	0	0	0	0	0	0	0	0	0	0	0	0	558	0	1522	0	0	0	0	0	0	3344	21782	2872	0	504	1746	126	30260	0	13378	0	0	0	0	0	812	0	1106	0	276	0	0	0	344	1282	12038	0	862	0	0	0	0	0	0	0	0	0	0	0	0	0	0	0	1002	0	0	0	0	0	0	0	0	0	0	0	0	0	0	0	0	0	0	0	0	0	0	0	0	0	0	0	0	0	0	
233612	Lingual_L	148	0	180	98	0	0	0	0	0	0	0	0	0	0	0	0	116	0	0	0	0	0	0	0	0	0	0	0	104	0	0	0	0	0	632	0	2994	0	2542	0	0	0	15184	1034	2898	504	0	1934	3730	362	15066	326	7386	0	18212	512	0	0	0	0	0	0	0	0	0	0	5318	0	116	0	0	0	0	0	0	0	230	0	112	0	0	0	0	0	448	0	0	0	2312	0	5850	568	690	0	250	182	6762	112	10392	1718	0	0	0	0	0	162	0	0	224	466	2364	3480	652	0	436	0	
270348	Lingual_R	0	436	0	366	0	0	0	0	0	0	0	136	0	0	0	0	0	122	0	0	0	0	0	0	0	0	0	0	0	162	0	0	0	0	312	1022	160	4520	98	5264	0	0	876	14306	0	1746	1934	0	0	3366	0	3754	0	8352	1404	18844	0	0	0	0	0	0	0	0	0	0	0	3882	0	0	0	0	0	0	0	0	218	678	0	0	0	0	0	0	0	740	0	0	0	1418	3448	3246	1796	1144	0	318	1784	8314	5952	12126	0	0	0	0	0	240	0	146	90	176	9422	9860	2142	396	458	0	
151428	Occipital_Sup_L	126	0	0	0	0	0	0	0	0	0	0	0	0	0	0	0	0	0	0	0	0	0	0	0	0	0	0	0	0	0	0	0	390	0	120	0	0	0	0	0	0	0	7532	0	16800	126	3730	0	0	0	26790	0	1536	0	572	0	970	0	7320	0	538	0	0	0	140	0	7952	0	952	0	0	0	0	0	0	0	0	0	0	0	0	0	0	0	120	0	0	0	0	0	0	0	0	0	0	0	0	0	0	0	0	0	0	0	0	0	0	0	0	0	0	0	0	0	0	0	
253876	Occipital_Sup_R	0	132	0	0	0	0	0	0	0	0	0	0	0	0	0	0	0	0	0	304	0	0	0	0	0	0	0	0	0	0	0	0	0	1198	0	1422	0	0	0	0	0	0	1816	18908	1168	30260	362	3366	0	0	0	31026	0	268	0	0	0	1532	0	8084	0	996	0	0	0	4644	1598	16044	0	940	0	0	0	0	0	0	0	0	0	0	0	0	0	0	0	2298	0	0	0	572	0	0	0	0	0	0	0	0	0	0	0	0	0	0	0	0	0	0	0	0	0	0	0	0	0	0	
410216	Occipital_Mid_L	3386	0	630	0	0	0	0	0	0	0	0	0	0	0	0	0	622	0	578	0	0	0	0	0	0	0	0	0	734	0	0	0	222	0	0	0	0	0	0	0	0	0	26868	0	13636	0	15066	0	26790	0	0	0	18928	0	5810	0	5446	0	13726	0	11212	0	1012	0	14282	0	10616	0	4046	0	0	0	0	0	0	0	0	0	260	0	908	0	0	0	21580	0	0	0	8750	0	0	0	0	0	0	0	0	0	0	0	0	0	0	0	0	0	0	0	0	0	0	0	0	0	0	0	
306028	Occipital_Mid_R	0	400	0	0	0	0	0	0	0	0	0	0	0	0	0	0	0	0	0	992	0	0	0	0	0	0	0	0	0	0	0	0	0	1402	0	1328	0	0	0	0	0	0	724	21190	0	13378	326	3754	0	31026	0	0	0	3196	0	960	0	2622	0	5102	0	9570	0	0	0	16488	1090	20018	0	2450	0	0	0	0	0	0	0	0	0	0	0	656	0	0	0	14954	0	0	0	1166	0	0	0	0	0	0	0	110	0	112	0	0	0	0	0	0	0	0	0	0	0	0	0	0	0	0	
104092	Occipital_Inf_L	114	0	356	0	0	0	0	0	0	0	0	0	0	0	0	0	346	0	356	0	0	0	0	0	0	0	0	0	494	0	0	0	0	0	0	0	0	0	0	0	0	0	5672	0	1192	0	7386	0	1536	0	18928	0	0	0	7230	0	0	0	0	0	0	0	0	0	0	0	432	0	0	0	0	0	0	0	0	0	0	0	504	0	0	0	0	0	1296	0	0	0	5870	0	138	0	0	0	0	0	0	0	196	0	0	0	0	0	0	0	0	0	0	0	0	0	0	0	0	0	
93900	Occipital_Inf_R	0	0	0	0	0	0	0	0	0	0	0	0	0	0	0	0	0	0	0	0	0	0	0	0	0	0	0	0	0	0	0	0	0	0	0	0	0	704	0	810	0	0	0	3484	0	0	0	8352	0	268	0	3196	0	0	384	10202	0	0	0	0	0	0	0	0	0	0	0	304	0	0	0	0	0	0	0	0	0	174	0	0	0	152	0	0	0	1122	0	0	0	3972	958	534	398	258	0	0	494	1740	1418	3738	0	0	0	0	0	0	0	0	0	0	1896	1994	398	0	0	0	
291084	Fusiform_L	114	0	470	0	0	0	126	0	0	0	0	0	0	0	0	0	256	0	464	0	0	0	0	0	0	0	0	0	2740	0	0	0	0	0	0	0	9206	0	4266	0	2090	0	1932	0	526	0	18212	1404	572	0	5810	0	7230	384	0	1060	0	0	0	0	0	0	0	0	0	0	886	0	0	0	0	0	592	0	0	0	0	0	1394	0	1576	0	1766	0	2196	0	1122	0	13368	0	17808	486	774	170	946	0	12928	120	25276	1592	0	0	0	0	88	0	0	0	0	0	3064	2066	462	0	0	0	
385736	Fusiform_R	0	938	0	956	0	0	0	280	0	0	0	666	0	0	0	0	0	672	0	556	0	0	0	0	0	0	0	0	0	2410	0	0	0	0	0	136	0	21064	0	16908	0	7428	0	3236	0	0	512	18844	0	0	0	960	0	10202	1060	0	0	0	0	0	0	0	0	0	0	0	0	288	0	0	0	202	0	3770	0	0	0	1500	0	486	0	2476	0	6986	0	3792	0	3122	0	16732	2370	11180	1110	870	0	420	1232	12096	3840	19590	0	0	0	130	0	0	0	0	0	456	6626	5334	1432	0	0	0	
222636	Postcentral_L	23898	0	3826	416	0	0	714	0	0	0	2820	0	248	0	0	0	7424	0	3566	480	0	0	0	0	0	0	0	0	2826	0	0	0	116	0	0	0	214	0	94	0	0	0	2156	0	1666	0	0	0	970	0	5446	0	0	0	0	0	0	0	6960	0	19676	0	5394	0	1794	0	4842	0	4708	0	276	172	0	0	0	0	666	0	1058	0	2952	0	0	0	2640	0	0	0	3176	0	0	0	0	0	0	0	0	0	0	0	0	0	0	0	0	0	0	0	0	0	124	0	0	0	0	0	
143260	Postcentral_R	0	12950	152	1366	0	0	0	1858	0	0	0	1566	0	158	0	0	0	6144	154	602	0	0	0	0	0	0	0	0	0	578	0	0	0	258	0	188	0	156	0	0	0	0	0	804	0	812	0	0	0	1532	0	2622	0	0	0	0	0	0	0	6922	0	7846	0	10820	0	224	0	4000	0	6690	0	0	0	372	0	0	0	228	0	186	0	370	0	0	0	924	0	0	0	1148	0	0	0	0	0	0	0	0	0	0	0	0	0	0	0	0	0	0	0	0	0	0	0	0	0	0	
138840	Parietal_Sup_L	3230	0	100	0	0	0	0	0	0	0	0	0	0	0	0	0	0	0	96	0	0	0	0	0	0	0	0	0	0	0	0	0	180	0	0	0	0	0	0	0	0	0	0	0	452	0	0	0	7320	0	13726	0	0	0	0	0	6960	0	0	0	13242	0	326	0	1084	0	14734	0	3504	0	0	0	0	0	0	0	0	0	0	0	146	0	0	0	1572	0	0	0	2748	0	0	0	0	0	0	0	0	0	0	0	0	0	0	0	0	0	0	0	0	0	0	0	0	0	0	0	
101712	Parietal_Sup_R	0	924	0	0	0	0	0	202	0	0	0	206	0	0	0	0	0	256	0	0	0	0	0	0	0	0	0	0	0	0	0	0	0	0	0	0	0	0	0	0	0	0	0	0	0	1106	0	0	0	8084	0	5102	0	0	0	0	0	6922	0	0	0	9094	0	7236	0	4252	452	4330	0	854	0	0	0	0	0	0	0	0	0	0	0	94	0	0	0	876	0	0	0	866	0	0	0	0	0	0	0	0	0	0	0	0	0	0	0	0	0	0	0	0	0	0	0	0	0	0	
203032	Parietal_Inf_L	3726	0	1174	0	0	0	98	0	0	0	164	0	0	0	0	0	1892	0	1086	0	0	0	0	0	0	0	0	0	878	0	0	0	0	0	0	0	0	0	0	0	0	0	92	0	0	0	0	0	538	0	11212	0	0	0	0	0	19676	0	13242	0	0	0	17746	0	12000	0	1920	0	2304	0	0	0	0	0	0	0	0	0	388	0	1658	0	0	0	4398	0	0	0	7324	0	0	0	0	0	0	0	0	0	0	0	0	0	0	0	0	0	0	0	0	0	0	0	0	0	0	0	
141608	Parietal_Inf_R	0	2658	0	118	0	0	0	410	0	0	0	278	0	0	0	0	0	322	0	480	0	0	0	0	0	0	0	0	0	0	0	0	0	472	0	0	0	0	0	0	0	0	0	680	0	276	0	0	0	996	0	9570	0	0	0	0	0	7846	0	9094	0	0	0	15620	0	16030	0	2184	0	890	0	0	0	0	0	0	0	0	0	0	0	648	0	0	0	1866	0	0	0	366	0	0	0	0	0	0	0	0	0	0	0	0	0	0	0	0	0	0	0	0	0	0	0	0	0	0	
114036	SupraMarginal_L	732	0	758	0	0	0	0	0	0	0	88	0	0	0	0	0	3598	0	732	0	0	0	0	0	0	0	0	0	632	0	0	0	0	0	0	0	0	0	0	0	0	0	98	0	0	0	0	0	0	0	1012	0	0	0	0	0	5394	0	326	0	17746	0	0	0	4398	0	0	0	0	0	0	0	0	0	0	0	0	0	220	0	7654	0	0	0	9680	0	0	0	3950	0	0	0	0	0	0	0	0	0	0	0	0	0	0	0	0	0	0	0	0	0	0	0	0	0	0	0	
107696	SupraMarginal_R	0	3916	0	518	0	0	0	940	0	0	0	474	0	114	0	0	0	1928	0	0	0	0	0	0	0	0	0	0	0	0	0	0	0	0	0	0	0	0	0	0	0	0	0	0	0	0	0	0	0	0	0	0	0	0	0	0	0	10820	0	7236	0	15620	0	0	0	2106	0	0	0	0	0	0	0	0	0	0	0	0	0	196	0	4292	0	0	0	3500	0	0	0	2188	0	0	0	0	0	0	0	0	0	0	0	0	0	0	0	0	0	0	0	0	0	0	0	0	0	0	
88952	Angular_L	344	0	312	0	0	0	0	0	0	0	0	0	0	0	0	0	442	0	272	0	0	0	0	0	0	0	0	0	242	0	0	0	0	0	0	0	0	0	0	0	0	0	456	0	0	0	0	0	140	0	14282	0	0	0	0	0	1794	0	1084	0	12000	0	4398	0	0	0	378	0	0	0	0	0	0	0	0	0	0	0	0	0	998	0	0	0	4894	0	0	0	2440	0	0	0	0	0	0	0	0	0	0	0	0	0	0	0	0	0	0	0	0	0	0	0	0	0	0	0	
112796	Angular_R	0	0	0	0	0	0	0	0	0	0	0	0	0	0	0	0	0	0	0	262	0	0	0	0	0	0	0	0	0	0	0	0	0	562	0	0	0	0	0	0	0	0	0	548	0	344	0	0	0	4644	0	16488	0	0	0	0	0	224	0	4252	0	16030	0	2106	0	0	108	2564	0	632	0	0	0	0	0	0	0	0	0	0	0	2848	0	0	0	4074	0	0	0	712	0	0	0	0	0	0	0	0	0	0	0	0	0	0	0	0	0	0	0	0	0	0	0	0	0	0	
223300	Precuneus_L	1398	0	374	0	0	0	0	0	0	0	0	0	0	0	0	0	152	0	536	222	0	0	0	0	0	0	0	0	182	0	0	0	4366	830	4876	748	3722	0	632	0	0	0	15378	0	11182	1282	5318	0	7952	1598	10616	1090	432	0	886	0	4842	0	14734	452	1920	0	0	0	378	108	0	5328	5664	0	0	0	236	0	0	0	326	0	134	0	150	0	0	0	1464	0	0	0	698	96	0	0	0	0	0	0	0	0	0	0	0	0	0	0	0	0	0	0	0	0	1348	0	0	0	0	0	
256808	Precuneus_R	0	826	0	198	0	0	0	182	0	0	0	142	0	0	0	0	0	386	0	2476	0	0	0	0	0	0	0	0	0	0	0	0	898	7350	392	8382	0	2876	0	406	0	0	0	16424	116	12038	0	3882	0	16044	0	20018	0	304	0	288	0	4000	0	4330	0	2184	0	0	0	2564	5328	0	0	6256	0	0	0	0	0	0	218	218	0	0	0	0	0	0	0	5652	0	0	0	3646	0	0	0	0	0	0	0	0	0	0	0	0	0	0	0	0	0	0	0	0	380	0	0	0	0	0	
132508	Paracentral_Lobule_L	13798	2114	252	1750	0	0	0	0	0	0	0	0	0	0	0	0	132	0	3710	6700	0	0	0	0	0	0	0	0	0	0	0	0	4054	1726	1838	214	0	0	0	0	0	0	3252	0	1960	0	116	0	952	0	4046	0	0	0	0	0	4708	0	3504	0	2304	0	0	0	0	0	5664	0	0	1276	0	0	0	0	0	0	278	0	0	0	208	0	0	0	696	0	0	0	786	0	0	0	0	0	0	0	0	0	0	0	0	0	0	0	0	0	0	0	0	0	216	0	0	0	0	0	
97824	Paracentral_Lobule_R	810	2704	0	0	0	0	0	0	0	0	0	0	0	0	0	0	0	0	136	12958	0	0	0	0	0	0	0	0	0	0	0	0	0	4202	426	3466	0	0	0	0	0	0	0	1300	0	862	0	0	0	940	0	2450	0	0	0	0	0	6690	0	854	0	890	0	0	0	632	0	6256	1276	0	0	0	0	0	0	0	0	0	0	0	0	156	0	0	0	900	0	0	0	1004	0	0	0	0	0	0	0	0	0	0	0	0	0	0	0	0	0	0	0	0	0	0	0	0	0	0	
279568	Caudate_L	994	1374	15966	2032	2670	742	5242	252	1004	142	386	1104	0	0	1670	728	92	212	11394	780	7244	7126	672	98	310	356	3340	2194	1996	1554	8848	3152	0	0	0	1544	552	1432	0	136	124	0	0	0	0	0	0	0	0	0	0	0	0	0	0	0	276	0	0	0	0	0	0	0	0	0	0	0	0	0	0	16496	19152	3360	2254	106	9886	444	118	0	112	0	118	0	0	0	0	0	0	0	0	0	0	0	0	0	0	0	0	0	0	0	0	0	0	0	0	0	0	0	0	0	0	0	0	0	
351696	Caudate_R	296	4972	7924	19792	0	6168	2208	2418	0	718	0	3540	0	318	0	4044	0	324	5510	11024	2072	4622	214	3614	0	3898	0	1546	276	4726	2836	13010	0	1138	0	0	0	2018	0	196	0	116	0	0	0	0	0	0	0	0	0	0	0	0	0	202	172	0	0	0	0	0	0	0	0	0	0	0	0	0	16496	0	7714	22446	482	992	550	17160	0	0	0	0	0	0	0	0	0	0	0	96	0	0	0	0	0	0	0	0	0	0	0	0	0	0	0	0	0	0	0	0	0	0	0	0	0	0	
282832	Putamen_L	3026	376	15132	584	5062	306	2626	0	1018	0	2060	0	1332	0	2084	0	592	0	14288	436	4108	5506	926	0	206	312	566	1798	17732	0	9116	2596	0	0	556	0	6732	0	770	0	150	0	0	0	0	0	0	0	0	0	0	0	0	0	592	0	0	0	0	0	0	0	0	0	0	0	236	0	0	0	19152	7714	0	858	7066	0	1728	0	718	0	1672	0	962	0	0	0	0	0	722	0	0	0	0	0	0	0	0	0	0	0	0	0	0	0	0	0	0	0	0	0	0	0	0	0	0	0	
291824	Putamen_R	0	1854	3870	13104	0	5166	246	1976	0	1482	0	6296	0	1230	0	3514	0	4402	3778	8498	0	290	104	3392	0	2928	0	184	0	20430	746	8484	0	412	0	0	0	10054	0	2478	0	320	0	0	0	0	0	0	0	0	0	0	0	0	0	3770	0	372	0	0	0	0	0	0	0	0	0	0	0	0	3360	22446	858	0	0	1356	118	4352	0	212	0	434	0	1296	0	676	0	90	0	1334	0	0	0	0	0	0	0	0	0	0	0	0	0	0	0	0	0	0	0	0	0	0	0	0	0	0	
53920	Pallidum_L	546	762	5684	734	0	0	0	0	0	0	0	0	0	0	0	0	0	0	6160	198	0	170	0	0	0	0	0	0	126	0	0	0	0	0	0	0	1212	0	128	0	0	0	0	0	0	0	0	0	0	0	0	0	0	0	0	0	0	0	0	0	0	0	0	0	0	0	0	0	0	0	2254	482	7066	0	0	0	1438	0	0	0	0	0	0	0	0	0	0	0	0	0	0	0	0	0	0	0	0	0	0	0	0	0	0	0	0	0	0	0	0	0	0	0	0	0	0	0	
10804	Pallidum_R	0	0	198	1106	0	0	0	0	0	0	0	0	0	0	0	0	0	0	170	1152	0	0	0	0	0	0	0	0	0	0	0	0	0	0	0	0	0	194	0	128	0	0	0	0	0	0	0	0	0	0	0	0	0	0	0	0	0	0	0	0	0	0	0	0	0	0	0	0	0	0	106	992	0	1356	0	0	0	0	0	0	0	0	0	0	0	0	0	0	0	0	0	0	0	0	0	0	0	0	0	0	0	0	0	0	0	0	0	0	0	0	0	0	0	0	0	0	
129184	Thalamus_L	2132	3954	3498	3762	0	0	820	824	0	0	112	184	0	0	0	0	0	120	9724	846	0	0	0	0	0	0	0	0	280	266	0	0	0	0	1358	6688	2628	5262	118	684	348	0	0	0	0	0	230	218	0	0	0	0	0	0	0	0	666	0	0	0	0	0	0	0	0	0	326	218	278	0	9886	550	1728	118	1438	0	0	4984	0	0	182	0	0	0	0	0	0	0	0	0	0	0	0	0	0	0	0	162	0	0	0	0	0	0	0	0	0	0	0	0	0	0	0	0	0	0	
229652	Thalamus_R	0	12324	1534	15124	0	0	296	3578	0	0	0	6202	0	174	0	294	0	5084	1562	2724	0	0	156	148	0	0	0	0	0	6900	300	2352	0	1146	848	5666	0	10994	0	3742	0	130	0	112	0	0	0	678	0	0	0	0	0	174	0	1500	0	228	0	0	0	0	0	0	0	0	0	218	0	0	444	17160	0	4352	0	0	4984	0	0	208	0	504	0	2374	0	0	0	0	0	264	0	0	0	0	0	0	0	348	0	0	0	0	0	0	0	0	0	0	0	0	0	0	0	0	0	0	
64932	Heschl_L	1380	0	4096	0	0	0	262	0	0	0	436	0	0	0	0	0	3112	0	3532	0	0	0	0	0	0	0	0	0	7082	0	0	0	0	0	378	0	2758	0	0	0	0	0	110	0	0	0	112	0	0	0	260	0	504	0	1394	0	1058	0	0	0	388	0	220	0	0	0	134	0	0	0	118	0	718	0	0	0	0	0	0	0	1462	0	0	0	856	0	0	0	2096	0	0	0	0	0	0	0	0	0	0	0	0	0	0	0	0	0	0	0	0	0	0	0	0	0	0	0	
28504	Heschl_R	0	512	0	404	0	0	0	406	0	0	0	278	0	0	0	0	0	2842	0	0	0	0	0	0	0	0	0	0	0	2408	0	0	0	0	0	0	0	168	0	0	0	0	0	0	0	0	0	0	0	0	0	0	0	0	0	486	0	186	0	0	0	0	0	196	0	0	0	0	0	0	0	0	0	212	0	0	0	208	0	0	0	4644	0	0	0	128	0	0	0	1174	0	0	0	0	0	0	0	0	0	0	0	0	0	0	0	0	0	0	0	0	0	0	0	0	0	0	
233480	Temporal_Sup_L	3652	0	6434	0	0	0	6294	0	0	0	8222	0	284	0	0	0	16970	0	3884	0	0	0	0	0	0	0	0	0	16096	0	0	0	0	0	90	0	1126	0	0	0	0	0	124	0	0	0	0	0	0	0	908	0	0	0	1576	0	2952	0	146	0	1658	0	7654	0	998	0	150	0	208	0	112	0	1672	0	0	0	182	0	1462	0	0	0	7248	0	17346	0	0	0	9292	0	0	0	0	0	0	0	0	0	0	0	0	0	0	0	0	0	0	0	0	0	0	0	0	0	0	0	
101052	Temporal_Sup_R	0	672	0	504	0	0	0	350	0	0	0	474	0	0	0	0	0	3768	0	150	0	0	0	0	0	0	0	0	0	4614	0	0	0	0	0	104	0	1370	0	254	0	0	0	208	0	0	0	0	0	0	0	656	0	152	0	2476	0	370	0	94	0	648	0	4292	0	2848	0	0	0	156	0	0	0	434	0	0	0	504	0	4644	0	0	0	1902	0	12396	0	406	0	6080	0	0	0	0	0	0	0	0	0	0	0	0	0	0	0	0	0	0	0	0	0	0	0	0	0	0	
107616	Temporal_Pole_Sup_L	348	0	3996	0	856	0	2358	0	330	0	6644	0	720	0	1046	0	5328	0	2164	0	154	0	0	0	0	0	0	0	8060	0	0	0	0	0	0	0	616	0	624	0	152	0	0	0	0	0	0	0	0	0	0	0	0	0	1766	0	0	0	0	0	0	0	0	0	0	0	0	0	0	0	118	0	962	0	0	0	0	0	0	0	7248	0	0	0	5356	0	1692	0	3270	0	0	0	0	0	0	0	0	0	0	0	0	0	0	0	0	0	0	0	0	0	0	0	0	0	0	0	
116720	Temporal_Pole_Sup_R	0	158	122	2920	0	0	0	2524	0	0	0	7308	0	232	0	104	0	7374	128	400	0	0	0	0	0	0	0	0	0	7816	0	0	0	0	0	0	0	1630	0	1472	0	1862	0	0	0	0	0	0	0	0	0	0	0	0	0	6986	0	0	0	0	0	0	0	0	0	0	0	0	0	0	0	0	0	1296	0	0	0	2374	0	0	0	1902	0	0	0	2522	0	4776	0	4454	0	0	0	0	0	0	0	0	0	0	0	0	0	0	0	0	0	0	0	0	0	0	0	0	0	0	
231992	Temporal_Mid_L	724	0	780	0	0	0	0	0	0	0	0	0	0	0	0	0	830	0	778	0	0	0	0	0	0	0	0	0	1402	0	0	0	0	0	0	0	192	0	0	0	0	0	4760	0	356	0	448	0	120	0	21580	0	1296	0	2196	0	2640	0	1572	0	4398	0	9680	0	4894	0	1464	0	696	0	0	0	0	0	0	0	0	0	856	0	17346	0	5356	0	0	0	2722	0	28910	0	0	0	0	0	0	0	0	0	0	0	0	0	0	0	0	0	0	0	0	0	0	0	0	0	0	0	
223340	Temporal_Mid_R	0	2252	0	1342	0	0	0	1748	0	0	0	278	0	0	0	0	0	388	0	744	0	0	0	0	0	0	0	0	0	1612	0	0	0	96	0	360	0	1582	0	762	0	0	134	7144	0	1002	0	740	0	2298	0	14954	0	1122	0	3792	0	924	0	876	0	1866	0	3500	0	4074	0	5652	0	900	0	0	0	676	0	0	0	0	0	128	0	12396	0	2522	0	0	0	2542	0	33264	0	0	0	0	0	0	0	0	0	0	0	0	0	0	0	0	0	0	0	0	0	0	0	0	0	0	
16204	Temporal_Pole_Mid_L	0	0	0	0	0	0	0	0	0	0	0	0	0	0	0	0	0	0	0	0	0	0	0	0	0	0	0	0	0	0	0	0	0	0	0	0	0	0	0	0	0	0	0	0	0	0	0	0	0	0	0	0	0	0	1122	0	0	0	0	0	0	0	0	0	0	0	0	0	0	0	0	0	0	0	0	0	0	0	0	0	0	0	1692	0	2722	0	0	0	2566	0	0	0	0	0	0	0	0	0	0	0	0	0	0	0	0	0	0	0	0	0	0	0	0	0	0	0	
29988	Temporal_Pole_Mid_R	0	0	0	0	0	0	0	0	0	0	0	0	0	0	0	0	0	0	0	0	0	0	0	0	0	0	0	0	0	0	0	0	0	0	0	0	0	140	0	320	0	472	0	0	0	0	0	0	0	0	0	0	0	0	0	3122	0	0	0	0	0	0	0	0	0	0	0	0	0	0	0	0	0	90	0	0	0	0	0	0	0	406	0	4776	0	2542	0	0	0	3126	0	0	0	0	0	0	0	0	0	0	0	0	0	0	0	0	0	0	0	0	0	0	0	0	0	0	
242964	Temporal_Inf_L	1080	0	1402	0	0	0	340	0	0	0	124	0	0	0	0	0	1034	0	1394	0	0	0	0	0	0	0	0	0	5742	0	0	0	0	0	0	0	6302	0	204	0	1634	0	1142	0	0	0	2312	0	0	0	8750	0	5870	0	13368	0	3176	0	2748	0	7324	0	3950	0	2440	0	698	0	786	0	0	0	722	0	0	0	0	0	2096	0	9292	0	3270	0	28910	0	2566	0	0	0	2210	0	0	0	0	0	146	0	450	0	0	0	0	0	0	0	0	0	0	0	0	0	0	0	0	0	
220628	Temporal_Inf_R	0	3632	0	2098	0	0	0	2718	0	0	0	628	0	0	0	0	0	822	0	992	0	0	0	0	0	0	0	0	0	3454	0	0	0	100	0	362	0	5380	0	1776	0	0	0	3680	0	0	0	1418	0	572	0	1166	0	3972	0	16732	0	1148	0	866	0	366	0	2188	0	712	96	3646	0	1004	0	96	0	1334	0	0	0	264	0	1174	0	6080	0	4454	0	33264	0	3126	0	0	0	842	0	0	0	0	0	152	0	0	0	0	0	0	0	0	0	0	0	0	0	0	0	0	0	0	
485244	Cerebelum_Crus1_L	0	0	0	0	0	0	0	0	0	0	0	0	0	0	0	0	0	0	0	0	0	0	0	0	0	0	0	0	0	0	0	0	0	0	0	0	0	0	0	0	0	0	0	0	0	0	5850	3448	0	0	0	0	138	958	17808	2370	0	0	0	0	0	0	0	0	0	0	0	0	0	0	0	0	0	0	0	0	0	0	0	0	0	0	0	0	0	0	0	0	2210	0	0	8674	37660	4028	2154	0	22952	412	65276	8270	8040	0	15822	106	3814	298	1868	0	0	0	5596	10492	11364	1688	1326	0	
434068	Cerebelum_Crus1_R	0	0	0	0	0	0	0	0	0	0	0	0	0	0	0	0	0	0	0	0	0	0	0	0	0	0	0	0	0	0	0	0	0	0	0	0	0	0	0	0	0	0	0	0	0	0	568	3246	0	0	0	0	0	534	486	11180	0	0	0	0	0	0	0	0	0	0	0	0	0	0	0	0	0	0	0	0	0	0	0	0	0	0	0	0	0	0	0	0	0	842	8674	0	7952	39692	0	1916	678	15450	7872	50924	1372	4742	850	21610	206	2446	110	200	214	1352	5796	10910	14402	1636	1174	0	
378568	Cerebelum_Crus2_L	0	0	0	0	0	0	0	0	0	0	0	0	0	0	0	0	0	0	0	0	0	0	0	0	0	0	0	0	0	0	0	0	0	0	0	0	0	0	0	0	0	0	0	0	0	0	690	1796	0	0	0	0	0	398	774	1110	0	0	0	0	0	0	0	0	0	0	0	0	0	0	0	0	0	0	0	0	0	0	0	0	0	0	0	0	0	0	0	0	0	0	37660	7952	0	13214	132	0	500	0	11694	4256	35938	1994	32966	1298	4960	218	1312	0	0	0	126	5844	17982	5142	1328	0	
353656	Cerebelum_Crus2_R	0	0	0	0	0	0	0	0	0	0	0	0	0	0	0	0	0	0	0	0	0	0	0	0	0	0	0	0	0	0	0	0	0	0	0	0	0	0	0	0	0	0	0	0	0	0	0	1144	0	0	0	0	0	258	170	870	0	0	0	0	0	0	0	0	0	0	0	0	0	0	0	0	0	0	0	0	0	0	0	0	0	0	0	0	0	0	0	0	0	0	4028	39692	13214	0	0	0	184	550	3004	9840	9782	17032	6912	31644	604	3194	0	90	0	0	602	4372	19308	8124	2102	108	
59276	Cerebelum_3_L	0	0	0	0	0	0	0	0	0	0	0	0	0	0	0	0	0	0	0	0	0	0	0	0	0	0	0	0	0	0	0	0	0	0	0	0	0	0	104	0	0	0	0	0	0	0	250	0	0	0	0	0	0	0	946	0	0	0	0	0	0	0	0	0	0	0	0	0	0	0	0	0	0	0	0	0	0	0	0	0	0	0	0	0	0	0	0	0	0	0	2154	0	132	0	0	0	8488	0	4822	226	0	0	0	0	1230	1060	0	0	664	2184	2670	1380	1156	1078	1094	0	
48960	Cerebelum_3_R	0	0	0	0	0	0	0	0	0	0	0	0	0	0	0	0	0	0	0	0	0	0	0	0	0	0	0	0	0	0	0	0	0	0	0	0	0	132	0	310	0	0	118	0	0	0	182	318	0	0	0	0	0	0	0	420	0	0	0	0	0	0	0	0	0	0	0	0	0	0	0	0	0	0	0	0	0	0	0	0	0	0	0	0	0	0	0	0	0	0	0	1916	0	0	0	0	192	5528	0	5480	0	0	0	0	148	858	0	92	1026	4912	1036	670	0	332	672	138	
271404	Cerebelum_4_5_L	0	0	0	0	0	0	0	0	0	0	0	0	0	0	0	0	0	0	0	0	0	0	0	0	0	0	0	0	0	0	0	0	0	0	0	0	112	0	444	0	0	0	106	0	0	0	6762	1784	0	0	0	0	0	494	12928	1232	0	0	0	0	0	0	0	0	0	0	0	0	0	0	0	0	0	0	0	0	0	0	0	0	0	0	0	0	0	0	0	0	146	0	22952	678	500	184	8488	192	0	2068	39000	3158	94	0	272	0	2874	2238	624	0	318	1562	16086	4510	1500	1702	2088	606	
210108	Cerebelum_4_5_R	0	0	0	0	0	0	0	0	0	0	0	0	0	0	0	0	0	0	0	0	0	0	0	0	0	0	0	0	0	0	0	0	0	0	172	320	0	608	0	1244	0	0	0	170	0	0	112	8314	0	0	0	110	0	1740	120	12096	0	0	0	0	0	0	0	0	0	0	0	0	0	0	0	0	0	0	0	0	162	348	0	0	0	0	0	0	0	0	0	0	0	152	412	15450	0	550	0	5528	2068	0	1032	32874	0	0	0	148	0	666	0	204	402	2282	14754	1970	0	346	460	240	
495900	Cerebelum_6_L	0	0	0	0	0	0	0	0	0	0	0	0	0	0	0	0	0	0	0	0	0	0	0	0	0	0	0	0	0	0	0	0	0	0	0	0	0	0	134	0	0	0	0	0	0	0	10392	5952	0	0	0	0	196	1418	25276	3840	0	0	0	0	0	0	0	0	0	0	0	0	0	0	0	0	0	0	0	0	0	0	0	0	0	0	0	0	0	0	0	0	450	0	65276	7872	11694	3004	4822	0	39000	1032	0	12076	2932	0	3504	0	1728	2220	1462	0	88	492	12650	17228	8438	2450	2324	0	
440284	Cerebelum_6_R	0	0	0	0	0	0	0	0	0	0	0	0	0	0	0	0	0	0	0	0	0	0	0	0	0	0	0	0	0	0	0	0	0	0	0	0	0	0	0	0	0	0	0	0	0	0	1718	12126	0	0	0	112	0	3738	1592	19590	0	0	0	0	0	0	0	0	0	0	0	0	0	0	0	0	0	0	0	0	0	0	0	0	0	0	0	0	0	0	0	0	0	0	8270	50924	4256	9840	226	5480	3158	32874	12076	0	0	1366	0	4372	0	1146	164	262	720	2998	17172	16452	7842	916	646	106	
236340	Cerebelum_7b_L	0	0	0	0	0	0	0	0	0	0	0	0	0	0	0	0	0	0	0	0	0	0	0	0	0	0	0	0	0	0	0	0	0	0	0	0	0	0	0	0	0	0	0	0	0	0	0	0	0	0	0	0	0	0	0	0	0	0	0	0	0	0	0	0	0	0	0	0	0	0	0	0	0	0	0	0	0	0	0	0	0	0	0	0	0	0	0	0	0	0	8040	1372	35938	9782	0	0	94	0	2932	0	0	2966	32604	2226	4844	98	836	0	0	0	0	134	10258	5518	528	0	
124860	Cerebelum_7b_R	0	0	0	0	0	0	0	0	0	0	0	0	0	0	0	0	0	0	0	0	0	0	0	0	0	0	0	0	0	0	0	0	0	0	0	0	0	0	0	0	0	0	0	0	0	0	0	0	0	0	0	0	0	0	0	0	0	0	0	0	0	0	0	0	0	0	0	0	0	0	0	0	0	0	0	0	0	0	0	0	0	0	0	0	0	0	0	0	0	0	0	4742	1994	17032	0	0	0	0	0	1366	2966	0	3026	20972	0	3080	0	0	0	0	0	0	2550	4460	242	0	
270920	Cerebelum_8_L	0	0	0	0	0	0	0	0	0	0	0	0	0	0	0	0	0	0	0	0	0	0	0	0	0	0	0	0	0	0	0	0	0	0	0	0	0	0	0	0	0	0	0	0	0	0	0	0	0	0	0	0	0	0	0	0	0	0	0	0	0	0	0	0	0	0	0	0	0	0	0	0	0	0	0	0	0	0	0	0	0	0	0	0	0	0	0	0	0	0	15822	850	32966	6912	0	0	272	0	3504	0	32604	3026	0	4274	15048	502	2420	0	0	0	0	0	8426	7130	1704	0	
230956	Cerebelum_8_R	0	0	0	0	0	0	0	0	0	0	0	0	0	0	0	0	0	0	0	0	0	0	0	0	0	0	0	0	0	0	0	0	0	0	0	0	0	0	0	0	0	0	0	0	0	0	0	0	0	0	0	0	0	0	0	130	0	0	0	0	0	0	0	0	0	0	0	0	0	0	0	0	0	0	0	0	0	0	0	0	0	0	0	0	0	0	0	0	0	0	106	21610	1298	31644	0	0	0	148	0	4372	2226	20972	4274	0	732	15328	0	322	0	0	0	116	4218	5964	1910	108	
127380	Cerebelum_9_L	0	0	0	0	0	0	0	0	0	0	0	0	0	0	0	0	0	0	0	0	0	0	0	0	0	0	0	0	0	0	0	0	0	0	0	0	0	0	0	0	0	0	0	0	0	0	0	0	0	0	0	0	0	0	88	0	0	0	0	0	0	0	0	0	0	0	0	0	0	0	0	0	0	0	0	0	0	0	0	0	0	0	0	0	0	0	0	0	0	0	3814	206	4960	604	1230	148	2874	0	1728	0	4844	0	15048	732	0	3046	2970	0	110	626	1818	3100	5360	4712	5136	536	
138408	Cerebelum_9_R	0	0	0	0	0	0	0	0	0	0	0	0	0	0	0	0	0	0	0	0	0	0	0	0	0	0	0	0	0	0	0	0	0	0	0	0	0	0	0	0	0	0	0	0	0	0	162	240	0	0	0	0	0	0	0	0	0	0	0	0	0	0	0	0	0	0	0	0	0	0	0	0	0	0	0	0	0	0	0	0	0	0	0	0	0	0	0	0	0	0	298	2446	218	3194	1060	858	2238	666	2220	1146	98	3080	502	15328	3046	0	128	2246	874	1866	3818	5436	3764	5500	7358	1414	
27936	Cerebelum_10_L	0	0	0	0	0	0	0	0	0	0	0	0	0	0	0	0	0	0	0	0	0	0	0	0	0	0	0	0	0	0	0	0	0	0	0	0	0	0	0	0	0	0	0	0	0	0	0	0	0	0	0	0	0	0	0	0	0	0	0	0	0	0	0	0	0	0	0	0	0	0	0	0	0	0	0	0	0	0	0	0	0	0	0	0	0	0	0	0	0	0	1868	110	1312	0	0	0	624	0	1462	164	836	0	2420	0	2970	128	0	0	0	0	128	310	736	478	422	0	
9284	Cerebelum_10_R	0	0	0	0	0	0	0	0	0	0	0	0	0	0	0	0	0	0	0	0	0	0	0	0	0	0	0	0	0	0	0	0	0	0	0	0	0	0	0	0	0	0	0	0	0	0	0	146	0	0	0	0	0	0	0	0	0	0	0	0	0	0	0	0	0	0	0	0	0	0	0	0	0	0	0	0	0	0	0	0	0	0	0	0	0	0	0	0	0	0	0	200	0	90	0	92	0	204	0	262	0	0	0	322	0	2246	0	0	0	96	276	292	0	200	216	0	
28720	Vermis_1_2	0	0	0	0	0	0	0	0	0	0	0	0	0	0	0	0	0	0	0	0	0	0	0	0	0	0	0	0	0	0	0	0	0	0	0	0	0	0	0	0	0	0	134	0	0	0	224	90	0	0	0	0	0	0	0	0	0	0	0	0	0	0	0	0	0	0	0	0	0	0	0	0	0	0	0	0	0	0	0	0	0	0	0	0	0	0	0	0	0	0	0	214	0	0	664	1026	318	402	88	720	0	0	0	0	110	874	0	0	0	5386	2506	610	0	214	582	198	
67880	Vermis_3	0	0	0	0	0	0	0	0	0	0	0	0	0	0	0	0	0	0	0	0	0	0	0	0	0	0	0	0	0	0	0	0	0	0	0	0	0	0	0	0	0	0	190	0	0	0	466	176	0	0	0	0	0	0	0	456	0	0	0	0	0	0	0	0	0	0	0	0	0	0	0	0	0	0	0	0	0	0	0	0	0	0	0	0	0	0	0	0	0	0	0	1352	0	0	2184	4912	1562	2282	492	2998	0	0	0	0	626	1866	0	96	5386	0	4838	1398	348	738	1308	266	
269716	Vermis_4_5	0	0	0	0	0	0	0	0	0	0	0	0	0	0	0	0	0	0	0	0	0	0	0	0	0	0	0	0	0	0	0	0	0	0	424	282	0	200	0	0	0	0	602	0	974	0	2364	9422	0	0	0	0	0	1896	3064	6626	124	0	0	0	0	0	0	0	0	0	1348	380	216	0	0	0	0	0	0	0	0	0	0	0	0	0	0	0	0	0	0	0	0	0	5596	5796	126	602	2670	1036	16086	14754	12650	17172	0	0	0	0	1818	3818	128	276	2506	4838	0	9726	820	1766	3164	1588	
282288	Vermis_6	0	0	0	0	0	0	0	0	0	0	0	0	0	0	0	0	0	0	0	0	0	0	0	0	0	0	0	0	0	0	0	0	0	0	0	0	0	0	0	0	0	0	300	0	0	0	3480	9860	0	0	0	0	0	1994	2066	5334	0	0	0	0	0	0	0	0	0	0	0	0	0	0	0	0	0	0	0	0	0	0	0	0	0	0	0	0	0	0	0	0	0	0	10492	10910	5844	4372	1380	670	4510	1970	17228	16452	134	0	0	116	3100	5436	310	292	610	1398	9726	0	10782	4680	6016	1682	
305784	Vermis_7	0	0	0	0	0	0	0	0	0	0	0	0	0	0	0	0	0	0	0	0	0	0	0	0	0	0	0	0	0	0	0	0	0	0	0	0	0	0	0	0	0	0	0	0	0	0	652	2142	0	0	0	0	0	398	462	1432	0	0	0	0	0	0	0	0	0	0	0	0	0	0	0	0	0	0	0	0	0	0	0	0	0	0	0	0	0	0	0	0	0	0	11364	14402	17982	19308	1156	0	1500	0	8438	7842	10258	2550	8426	4218	5360	3764	736	0	0	348	820	10782	0	11810	6588	154	
172100	Vermis_8	0	0	0	0	0	0	0	0	0	0	0	0	0	0	0	0	0	0	0	0	0	0	0	0	0	0	0	0	0	0	0	0	0	0	0	0	0	0	0	0	0	0	0	0	0	0	0	396	0	0	0	0	0	0	0	0	0	0	0	0	0	0	0	0	0	0	0	0	0	0	0	0	0	0	0	0	0	0	0	0	0	0	0	0	0	0	0	0	0	0	1688	1636	5142	8124	1078	332	1702	346	2450	916	5518	4460	7130	5964	4712	5500	478	200	214	738	1766	4680	11810	0	8766	304	
119084	Vermis_9	0	0	0	0	0	0	0	0	0	0	0	0	0	0	0	0	0	0	0	0	0	0	0	0	0	0	0	0	0	0	0	0	0	0	0	0	0	0	0	0	0	0	274	0	0	0	436	458	0	0	0	0	0	0	0	0	0	0	0	0	0	0	0	0	0	0	0	0	0	0	0	0	0	0	0	0	0	0	0	0	0	0	0	0	0	0	0	0	0	0	1326	1174	1328	2102	1094	672	2088	460	2324	646	528	242	1704	1910	5136	7358	422	216	582	1308	3164	6016	6588	8766	0	1220	
17336	Vermis_10	0	0	0	0	0	0	0	0	0	0	0	0	0	0	0	0	0	0	0	0	0	0	0	0	0	0	0	0	0	0	0	0	0	0	0	0	0	0	0	0	0	0	0	0	0	0	0	0	0	0	0	0	0	0	0	0	0	0	0	0	0	0	0	0	0	0	0	0	0	0	0	0	0	0	0	0	0	0	0	0	0	0	0	0	0	0	0	0	0	0	0	0	0	108	0	138	606	240	0	106	0	0	0	108	536	1414	0	0	198	266	1588	1682	154	304	1220	0	
