data	data	590784	381916	942816	581772	104892	30636	465868	262700	75504	15720	172776	251768	218800	140624	135716	49144	234724	120588	665884	916720	46180	48480	264660	295008	16984	44080	27320	35088	606552	292496	186552	297180	111372	532476	366292	348928	293164	422392	103336	272168	41008	70024	407760	302240	158956	259968	439120	335512	175104	298296	470708	303744	198200	123476	588580	728724	276884	273200	129352	137212	202732	120328	137580	136452	141840	141940	284844	487176	378668	335476	192960	239568	222708	340312	49632	25468	206148	285160	48628	24068	219488	106916	76960	40652	331004	243268	28704	37748	411772	221916	657536	538748	482780	415528	57176	174124	430288	299268	614968	513264	316084	219672	471400	410676	168504	226320	13380	9904	44532	95912	450392	321096	452348	260244	213844	63408	
data	data	Precentral_L	Precentral_R	Frontal_Sup_L	Frontal_Sup_R	Frontal_Sup_Orb_L	Frontal_Sup_Orb_R	Frontal_Mid_L	Frontal_Mid_R	Frontal_Mid_Orb_L	Frontal_Mid_Orb_R	Frontal_Inf_Oper_L	Frontal_Inf_Oper_R	Frontal_Inf_Tri_L	Frontal_Inf_Tri_R	Frontal_Inf_Orb_L	Frontal_Inf_Orb_R	Rolandic_Oper_L	Rolandic_Oper_R	Supp_Motor_Area_L	Supp_Motor_Area_R	Olfactory_L	Olfactory_R	Frontal_Sup_Medial_L	Frontal_Sup_Medial_R	Frontal_Med_Orb_L	Frontal_Med_Orb_R	Rectus_L	Rectus_R	Insula_L	Insula_R	Cingulum_Ant_L	Cingulum_Ant_R	Cingulum_Mid_L	Cingulum_Mid_R	Cingulum_Post_L	Cingulum_Post_R	Hippocampus_L	Hippocampus_R	ParaHippocampal_L	ParaHippocampal_R	Amygdala_L	Amygdala_R	Calcarine_L	Calcarine_R	Cuneus_L	Cuneus_R	Lingual_L	Lingual_R	Occipital_Sup_L	Occipital_Sup_R	Occipital_Mid_L	Occipital_Mid_R	Occipital_Inf_L	Occipital_Inf_R	Fusiform_L	Fusiform_R	Postcentral_L	Postcentral_R	Parietal_Sup_L	Parietal_Sup_R	Parietal_Inf_L	Parietal_Inf_R	SupraMarginal_L	SupraMarginal_R	Angular_L	Angular_R	Precuneus_L	Precuneus_R	Paracentral_Lobule_L	Paracentral_Lobule_R	Caudate_L	Caudate_R	Putamen_L	Putamen_R	Pallidum_L	Pallidum_R	Thalamus_L	Thalamus_R	Heschl_L	Heschl_R	Temporal_Sup_L	Temporal_Sup_R	Temporal_Pole_Sup_L	Temporal_Pole_Sup_R	Temporal_Mid_L	Temporal_Mid_R	Temporal_Pole_Mid_L	Temporal_Pole_Mid_R	Temporal_Inf_L	Temporal_Inf_R	Cerebelum_Crus1_L	Cerebelum_Crus1_R	Cerebelum_Crus2_L	Cerebelum_Crus2_R	Cerebelum_3_L	Cerebelum_3_R	Cerebelum_4_5_L	Cerebelum_4_5_R	Cerebelum_6_L	Cerebelum_6_R	Cerebelum_7b_L	Cerebelum_7b_R	Cerebelum_8_L	Cerebelum_8_R	Cerebelum_9_L	Cerebelum_9_R	Cerebelum_10_L	Cerebelum_10_R	Vermis_1_2	Vermis_3	Vermis_4_5	Vermis_6	Vermis_7	Vermis_8	Vermis_9	Vermis_10	
590784	Precentral_L	0	4382	37244	848	0	0	14554	522	0	0	10970	206	784	332	0	0	7694	124	26984	19498	0	0	82	0	0	0	0	0	14324	486	422	82	292	7776	5884	4438	4492	1450	726	478	0	0	312	0	110	0	456	0	0	0	318	0	0	0	1894	1426	23584	1436	116	0	2174	0	1136	120	140	0	496	188	35562	9758	6334	698	7624	732	2290	0	20416	4392	920	0	2898	264	622	0	466	276	0	0	2640	358	0	0	0	0	0	0	0	0	162	0	0	0	0	0	0	0	0	0	0	0	0	0	0	0	0	0	
381916	Precentral_R	4382	0	678	3274	0	0	190	4640	0	0	0	18458	0	720	0	0	142	1978	352	25484	0	0	0	0	0	0	0	0	992	3352	0	0	0	120	1984	2430	1932	6830	1276	1214	0	96	0	346	0	1370	0	186	0	8438	0	2800	0	174	142	4112	816	13458	0	3832	178	3524	0	1960	0	2376	424	9632	2524	11574	670	3928	0	5004	0	368	3444	23494	266	476	0	1472	0	0	0	1926	0	0	200	1320	0	0	0	0	0	0	0	0	0	0	0	0	0	0	0	0	0	0	0	0	0	0	0	0	0	0	
942816	Frontal_Sup_L	37244	678	0	4752	9860	0	76722	3306	7574	0	12484	262	22310	914	13138	88	10210	104	77770	16060	0	0	33264	972	360	0	0	0	46630	316	11182	1600	5222	3428	688	714	1360	348	0	206	0	0	0	0	0	0	0	0	0	0	0	0	0	0	190	264	5680	0	0	0	514	0	396	0	0	0	0	160	20622	266	9280	864	19274	670	3016	0	5758	272	362	0	1910	0	1884	0	0	0	0	0	260	0	0	0	0	0	0	0	0	0	0	0	0	0	0	0	0	0	0	0	0	0	0	0	0	0	0	0	
581772	Frontal_Sup_R	848	3274	4752	0	0	1014	262	25066	0	964	0	9358	0	5406	0	2386	0	6828	12432	66584	114	0	6564	33084	0	1118	0	270	1648	11750	1244	23704	0	24368	92	128	112	1222	90	360	0	0	0	0	0	0	0	0	0	348	0	364	0	0	0	316	0	2228	0	0	0	0	0	548	0	0	88	420	112	120	1894	16328	182	17602	0	2666	150	1096	0	648	0	568	0	0	0	166	0	0	0	0	0	0	0	0	0	0	0	0	0	0	0	0	0	0	0	0	0	0	0	0	0	0	0	0	0	0	
104892	Frontal_Sup_Orb_L	0	0	9860	0	0	0	3750	0	8202	0	404	0	2522	0	8246	0	288	0	88	0	596	0	3616	0	1790	0	2336	0	2478	0	3230	0	0	0	0	0	0	0	0	0	0	0	0	0	0	0	0	0	0	0	0	0	0	0	0	0	0	0	0	0	0	0	0	0	0	0	0	0	0	0	1042	0	3998	0	0	0	0	0	0	0	0	0	0	0	0	0	0	0	0	0	0	0	0	0	0	0	0	0	0	0	0	0	0	0	0	0	0	0	0	0	0	0	0	0	0	0	
30636	Frontal_Sup_Orb_R	0	0	0	1014	0	0	0	448	0	1048	0	0	0	84	0	402	0	0	0	0	0	282	432	592	0	4776	0	4594	0	136	0	0	0	0	0	0	0	0	0	0	0	0	0	0	0	0	0	0	0	0	0	0	0	0	0	0	0	0	0	0	0	0	0	0	0	0	0	0	0	0	0	1024	0	486	0	0	0	0	0	0	0	0	0	0	0	0	0	0	0	0	0	0	0	0	0	0	0	0	0	0	0	0	0	0	0	0	0	0	0	0	0	0	0	0	0	0	
465868	Frontal_Mid_L	14554	190	76722	262	3750	0	0	458	5634	0	6814	0	35296	252	12348	0	5098	0	16464	606	0	0	13998	0	0	0	0	0	24952	0	4522	292	1750	118	194	190	316	0	0	0	0	0	0	0	0	0	0	0	0	0	0	0	0	0	0	0	940	0	0	0	264	0	0	0	0	0	0	0	0	0	1140	78	4176	0	0	0	462	0	0	0	628	0	466	0	0	0	0	0	0	0	0	0	0	0	0	0	0	0	0	0	0	0	0	0	0	0	0	0	0	0	0	0	0	0	0	0	
262700	Frontal_Mid_R	522	4640	3306	25066	0	448	458	0	0	1474	280	6446	156	15064	0	3838	0	942	5592	17400	110	0	564	6952	0	0	0	0	2032	3302	362	3164	0	8754	80	98	0	926	0	260	0	0	0	0	0	0	0	0	0	370	0	448	0	0	0	150	0	0	0	102	0	174	0	202	0	134	0	292	274	0	2826	6210	438	5172	0	478	102	1226	0	0	0	104	0	0	0	412	0	0	0	0	0	0	0	0	0	0	0	0	0	0	0	0	0	0	0	0	0	0	0	0	0	0	0	0	0	0	
75504	Frontal_Mid_Orb_L	0	0	7574	0	8202	0	5634	0	0	0	378	0	2166	0	9134	0	244	0	0	0	0	0	1442	0	0	0	388	0	1062	0	496	0	0	0	0	0	0	0	0	0	0	0	0	0	0	0	0	0	0	0	0	0	0	0	0	0	0	0	0	0	0	0	0	0	0	0	0	0	0	0	164	0	868	0	0	0	0	0	0	0	0	0	0	0	0	0	0	0	0	0	0	0	0	0	0	0	0	0	0	0	0	0	0	0	0	0	0	0	0	0	0	0	0	0	0	0	
15720	Frontal_Mid_Orb_R	0	0	0	964	0	1048	0	1474	0	0	0	0	0	776	0	2584	0	0	0	90	0	0	0	0	0	0	0	90	0	576	0	172	0	86	0	0	0	0	0	0	0	0	0	0	0	0	0	0	0	0	0	0	0	0	0	0	0	0	0	0	0	0	0	0	0	0	0	0	0	0	0	0	0	0	0	0	0	0	0	0	0	0	0	0	0	0	0	0	0	0	0	0	0	0	0	0	0	0	0	0	0	0	0	0	0	0	0	0	0	0	0	0	0	0	0	0	
172776	Frontal_Inf_Oper_L	10970	0	12484	0	404	0	6814	280	378	0	0	0	9326	182	620	0	7396	0	6516	96	0	0	298	0	0	0	0	0	18958	0	548	0	116	0	148	138	78	0	0	0	0	0	0	0	0	0	0	0	0	0	0	0	0	0	156	0	4054	0	0	0	0	0	0	0	0	0	0	0	144	0	218	0	432	0	0	0	184	0	218	0	1642	0	3310	0	0	0	0	0	280	0	0	0	0	0	0	0	0	0	0	0	0	0	0	0	0	0	0	0	0	0	0	0	0	0	0	0	
251768	Frontal_Inf_Oper_R	206	18458	262	9358	0	0	0	6446	0	0	0	0	0	5874	0	188	0	4780	440	9700	0	0	0	398	0	0	0	0	98	19216	0	190	0	2480	232	312	172	1974	136	244	0	0	0	348	0	1332	0	84	0	5226	0	1908	0	0	0	1618	0	4610	0	1896	0	2692	0	376	0	2186	398	6266	0	374	0	278	0	9852	0	634	110	2110	0	0	0	290	0	470	0	570	0	0	0	1092	0	0	0	0	0	0	0	0	0	0	0	0	0	0	0	0	0	0	0	0	0	0	0	0	0	0	
218800	Frontal_Inf_Tri_L	784	0	22310	0	2522	0	35296	156	2166	0	9326	0	0	80	9542	0	1390	0	3116	0	0	0	1196	0	0	0	0	0	17272	0	800	0	574	0	0	0	0	0	0	0	0	0	0	0	0	0	0	0	0	0	0	0	0	0	0	0	244	0	0	0	0	0	0	0	0	0	0	0	0	0	472	0	1582	0	0	0	0	0	0	0	192	0	380	0	0	0	0	0	0	0	0	0	0	0	0	0	0	0	0	0	0	0	0	0	0	0	0	0	0	0	0	0	0	0	0	0	
140624	Frontal_Inf_Tri_R	332	720	914	5406	0	84	252	15064	0	776	182	5874	80	0	0	4000	0	436	1372	4992	0	0	164	2694	0	0	0	0	738	6990	498	2816	94	2656	106	178	112	1386	110	412	0	0	0	0	0	0	0	0	0	0	0	0	0	0	0	238	0	0	0	0	0	0	0	0	0	0	0	0	152	0	1232	296	286	6960	0	92	108	1510	0	0	0	0	0	0	0	0	0	0	0	0	0	0	0	0	0	0	0	0	0	0	0	0	0	0	0	0	0	0	0	0	0	0	0	0	0	0	
135716	Frontal_Inf_Orb_L	0	0	13138	0	8246	0	12348	0	9134	0	620	0	9542	0	0	0	202	0	266	0	308	0	1602	0	0	0	0	0	5614	0	908	0	0	0	0	0	0	0	0	0	98	0	0	0	0	0	0	0	0	0	0	0	0	0	0	0	0	0	0	0	0	0	0	0	0	0	0	0	0	0	624	0	5208	0	0	0	0	0	0	0	0	0	0	0	0	0	0	0	0	0	0	0	0	0	0	0	0	0	0	0	0	0	0	0	0	0	0	0	0	0	0	0	0	0	0	0	
49144	Frontal_Inf_Orb_R	0	0	88	2386	0	402	0	3838	0	2584	0	188	0	4000	0	0	0	0	120	802	0	132	0	192	0	0	0	110	106	3170	336	1816	96	1072	0	0	0	0	0	0	0	0	0	0	0	0	0	0	0	0	0	0	0	0	0	0	0	0	0	0	0	0	0	0	0	0	0	0	0	0	0	440	0	2694	0	0	0	0	0	0	0	0	0	0	0	0	0	0	0	0	0	0	0	0	0	0	0	0	0	0	0	0	0	0	0	0	0	0	0	0	0	0	0	0	0	0	
234724	Rolandic_Oper_L	7694	142	10210	0	288	0	5098	0	244	0	7396	0	1390	0	202	0	0	0	4362	100	0	0	480	0	0	0	0	0	26596	0	1442	0	0	272	1050	814	284	214	0	0	0	0	0	0	0	0	0	0	0	0	3584	0	1072	0	1188	0	10536	400	0	0	636	0	5346	0	192	0	0	0	904	466	364	0	1026	0	312	0	386	192	4150	0	10374	0	886	0	3380	0	0	0	3690	0	0	0	0	0	0	0	0	0	0	0	0	0	0	0	0	0	0	0	0	0	0	0	0	0	0	0	
120588	Rolandic_Oper_R	124	1978	104	6828	0	0	0	942	0	0	0	4780	0	436	0	0	0	0	106	6878	0	0	0	246	0	0	0	0	0	12342	0	0	0	336	172	240	172	1924	160	676	0	0	0	0	0	0	0	0	0	0	0	0	0	0	0	836	0	4758	0	0	0	0	0	2974	0	0	0	0	0	146	0	774	0	6686	0	510	92	930	0	1170	0	2310	0	454	0	128	0	0	0	82	0	0	0	0	0	0	0	0	0	0	0	0	0	0	0	0	0	0	0	0	0	0	0	0	0	0	
665884	Supp_Motor_Area_L	26984	352	77770	12432	88	0	16464	5592	0	0	6516	440	3116	1372	266	120	4362	106	0	41116	0	0	6614	9786	0	0	0	0	19258	474	4338	6026	10430	23184	1796	1158	182	222	0	150	0	0	0	0	0	0	0	0	0	0	0	0	0	0	90	204	1934	0	0	0	314	0	140	0	0	0	0	404	26300	1070	5962	1112	7998	852	2202	0	1292	126	102	0	720	0	1318	0	0	0	0	0	88	0	0	0	0	0	0	0	0	0	0	0	0	0	0	0	0	0	0	0	0	0	0	0	0	0	0	0	
916720	Supp_Motor_Area_R	19498	25484	16060	66584	0	0	606	17400	0	90	96	9700	0	4992	0	802	100	6878	41116	0	0	0	2048	13718	0	0	0	0	1020	11940	936	9764	4502	52012	2952	2310	626	3414	398	1260	0	174	0	760	0	592	0	1016	0	420	166	452	0	242	174	2314	1228	2890	0	80	282	350	0	978	0	0	270	3006	21510	27960	1324	24876	548	16340	0	2588	2482	26090	0	766	0	890	0	0	136	584	0	0	276	290	0	0	0	0	0	0	0	0	0	0	0	0	0	0	0	0	0	0	0	0	0	0	0	0	0	0	
46180	Olfactory_L	0	0	0	114	596	0	0	110	0	0	0	0	0	0	308	0	0	0	0	0	0	4898	0	0	238	178	1812	846	946	0	2290	2382	0	0	0	0	0	0	0	0	186	0	0	0	0	0	0	0	0	0	0	0	0	0	0	0	0	0	0	0	0	0	0	0	0	0	0	0	0	0	4866	2706	404	112	0	0	0	0	0	0	0	0	98	0	0	0	0	0	0	0	0	0	0	0	0	0	0	0	0	0	0	0	0	0	0	0	0	0	0	0	0	0	0	0	0	0	
48480	Olfactory_R	0	0	0	0	0	282	0	0	0	0	0	0	0	0	0	132	0	0	0	0	4898	0	0	0	120	626	1646	1290	0	844	1776	2314	0	0	0	0	0	118	0	0	0	596	0	0	0	0	0	0	0	0	0	0	0	0	0	0	0	0	0	0	0	0	0	0	0	0	0	0	0	0	5230	3454	566	348	0	0	0	0	0	0	0	0	0	0	0	0	0	0	0	0	0	0	0	0	0	0	0	0	0	0	0	0	0	0	0	0	0	0	0	0	0	0	0	0	0	0	
264660	Frontal_Sup_Medial_L	82	0	33264	6564	3616	432	13998	564	1442	0	298	0	1196	164	1602	0	480	0	6614	2048	0	0	0	17588	1518	1388	142	0	2754	0	11418	12618	2546	7932	0	0	0	0	0	0	0	0	0	0	0	0	0	0	0	0	0	0	0	0	0	0	0	0	0	0	0	0	0	0	0	0	0	0	0	0	218	0	1844	0	0	0	0	0	0	0	0	0	0	0	0	0	0	0	0	0	0	0	0	0	0	0	0	0	0	0	0	0	0	0	0	0	0	0	0	0	0	0	0	0	0	0	
295008	Frontal_Sup_Medial_R	0	0	972	33084	0	592	0	6952	0	0	0	398	0	2694	0	192	0	246	9786	13718	0	0	17588	0	436	3262	0	464	98	560	4084	25154	128	19872	0	0	0	0	0	0	0	0	0	0	0	0	0	0	0	0	0	0	0	0	0	0	0	0	0	0	0	0	0	0	0	0	0	0	0	0	298	4080	0	2846	0	0	0	0	0	0	0	0	0	0	0	0	0	0	0	0	0	0	0	0	0	0	0	0	0	0	0	0	0	0	0	0	0	0	0	0	0	0	0	0	0	0	
16984	Frontal_Med_Orb_L	0	0	360	0	1790	0	0	0	0	0	0	0	0	0	0	0	0	0	0	0	238	120	1518	436	0	670	1296	114	0	0	1684	168	0	0	0	0	0	0	0	0	0	0	0	0	0	0	0	0	0	0	0	0	0	0	0	0	0	0	0	0	0	0	0	0	0	0	0	0	0	0	98	0	0	0	0	0	0	0	0	0	0	0	0	0	0	0	0	0	0	0	0	0	0	0	0	0	0	0	0	0	0	0	0	0	0	0	0	0	0	0	0	0	0	0	0	0	
44080	Frontal_Med_Orb_R	0	0	0	1118	0	4776	0	0	0	0	0	0	0	0	0	0	0	0	0	0	178	626	1388	3262	670	0	148	5164	0	0	368	1932	0	0	0	0	0	0	0	0	0	0	0	0	0	0	0	0	0	0	0	0	0	0	0	0	0	0	0	0	0	0	0	0	0	0	0	0	0	0	190	1680	0	540	0	0	0	0	0	0	0	0	0	0	0	0	0	0	0	0	0	0	0	0	0	0	0	0	0	0	0	0	0	0	0	0	0	0	0	0	0	0	0	0	0	0	
27320	Rectus_L	0	0	0	0	2336	0	0	0	388	0	0	0	0	0	0	0	0	0	0	0	1812	1646	142	0	1296	148	0	640	0	0	2408	990	0	0	0	0	0	0	0	0	0	0	0	0	0	0	0	0	0	0	0	0	0	0	0	0	0	0	0	0	0	0	0	0	0	0	0	0	0	0	1574	280	0	0	0	0	0	0	0	0	0	0	0	0	0	0	0	0	0	0	0	0	0	0	0	0	0	0	0	0	0	0	0	0	0	0	0	0	0	0	0	0	0	0	0	0	
35088	Rectus_R	0	0	0	270	0	4594	0	0	0	90	0	0	0	0	0	110	0	0	0	0	846	1290	0	464	114	5164	640	0	0	308	574	1720	0	0	0	0	0	0	0	0	0	0	0	0	0	0	0	0	0	0	0	0	0	0	0	0	0	0	0	0	0	0	0	0	0	0	0	0	0	0	646	606	0	108	0	0	0	0	0	0	0	0	0	0	0	0	0	0	0	0	0	0	0	0	0	0	0	0	0	0	0	0	0	0	0	0	0	0	0	0	0	0	0	0	0	0	
606552	Insula_L	14324	992	46630	1648	2478	0	24952	2032	1062	0	18958	98	17272	738	5614	106	26596	0	19258	1020	946	0	2754	98	0	0	0	0	0	162	6940	586	620	276	2836	2572	5138	1266	0	492	1002	0	0	0	0	0	0	0	0	0	582	0	260	0	3752	522	8356	0	0	0	2018	0	7840	0	162	0	216	422	3830	134	6764	506	15516	580	1328	0	5450	1662	4672	0	12122	0	6540	0	2296	0	214	0	8066	0	0	0	0	0	0	0	0	0	0	0	0	0	0	0	0	0	0	0	0	0	0	0	0	0	0	0	
292496	Insula_R	486	3352	316	11750	0	136	0	3302	0	576	0	19216	0	6990	0	3170	0	12342	474	11940	0	844	0	560	0	0	0	308	162	0	328	1400	0	2294	596	910	652	8792	606	2302	0	2690	0	570	0	0	0	228	0	0	0	0	0	0	0	4936	0	2400	0	0	0	0	0	498	0	0	0	380	0	400	122	604	0	26072	0	628	428	3450	0	2194	0	3472	0	744	0	1250	0	0	0	1378	0	0	0	0	0	0	0	0	0	0	0	0	0	0	0	0	0	0	0	0	0	0	0	0	0	0	
186552	Cingulum_Ant_L	422	0	11182	1244	3230	0	4522	362	496	0	548	0	800	498	908	336	1442	0	4338	936	2290	1776	11418	4084	1684	368	2408	574	6940	328	0	12206	3906	2994	146	0	0	0	0	0	0	0	0	0	0	0	0	0	0	0	0	0	0	0	0	0	102	0	0	0	0	0	0	0	0	0	0	0	0	128	5826	1504	3170	160	0	0	0	0	0	0	0	0	0	0	0	0	0	0	0	0	0	0	0	0	0	0	0	0	0	0	0	0	0	0	0	0	0	0	0	0	0	0	0	0	0	0	
297180	Cingulum_Ant_R	82	0	1600	23704	0	0	292	3164	0	172	0	190	0	2816	0	1816	0	0	6026	9764	2382	2314	12618	25154	168	1932	990	1720	586	1400	12206	0	936	22260	0	0	0	0	0	0	0	0	0	0	0	0	0	0	0	0	0	0	0	0	0	0	0	0	0	0	0	0	0	0	0	0	0	0	0	0	3020	7222	214	3698	0	0	0	144	0	0	0	0	0	0	0	0	0	0	0	0	0	0	0	0	0	0	0	0	0	0	0	0	0	0	0	0	0	0	0	0	0	0	0	0	0	0	
111372	Cingulum_Mid_L	292	0	5222	0	0	0	1750	0	0	0	116	0	574	94	0	96	0	0	10430	4502	0	0	2546	128	0	0	0	0	620	0	3906	936	0	8564	5090	1050	0	0	0	0	0	0	0	0	1302	82	0	0	614	0	0	0	0	0	0	0	0	0	0	0	0	0	0	0	0	0	2748	720	3694	610	0	0	0	0	0	0	0	0	0	0	0	0	0	0	0	0	0	0	0	0	0	0	0	0	0	0	0	0	0	0	0	0	0	0	0	0	0	0	0	0	0	0	0	0	0	0	
532476	Cingulum_Mid_R	7776	120	3428	24368	0	0	118	8754	0	86	0	2480	0	2656	0	1072	272	336	23184	52012	0	0	7932	19872	0	0	0	0	276	2294	2994	22260	8564	0	7216	7646	0	0	0	0	0	0	0	1514	104	868	0	1692	0	84	824	122	410	536	768	1160	1020	4534	0	0	88	0	0	0	0	0	748	7788	11832	21180	196	1508	282	922	0	0	82	0	0	0	140	0	0	0	532	268	0	0	846	474	0	0	0	0	0	0	0	0	0	0	0	0	0	0	0	0	0	0	0	0	0	0	0	0	0	0	
366292	Cingulum_Post_L	5884	1984	688	92	0	0	194	80	0	0	148	232	0	106	0	0	1050	172	1796	2952	0	0	0	0	0	0	0	0	2836	596	146	0	5090	7216	0	28676	11450	11212	3818	7296	0	0	5274	84	2588	0	1944	404	372	0	1892	0	1710	0	8216	8624	3220	6194	0	0	188	86	206	108	150	0	9566	5840	5682	8534	80	0	0	502	0	0	1590	4436	998	0	312	134	0	0	1190	134	0	0	5600	186	0	0	0	0	0	0	226	132	306	0	0	0	0	0	0	0	0	0	0	0	2724	0	0	0	0	0	
348928	Cingulum_Post_R	4438	2430	714	128	0	0	190	98	0	0	138	312	0	178	0	0	814	240	1158	2310	0	0	0	0	0	0	0	0	2572	910	0	0	1050	7646	28676	0	10270	12852	3394	8138	0	0	1032	2070	186	560	926	4842	0	0	1490	0	1544	552	5364	13850	2464	6344	0	142	104	154	120	192	0	0	2350	14784	1068	8314	96	0	0	756	0	0	2230	5744	1074	0	266	0	0	0	1004	262	0	0	3542	898	0	0	0	0	0	0	0	196	230	0	0	0	0	0	0	0	0	0	0	0	1058	0	0	0	0	0	
293164	Hippocampus_L	4492	1932	1360	112	0	0	316	0	0	0	78	172	0	112	0	0	284	172	182	626	0	0	0	0	0	0	0	0	5138	652	0	0	0	0	11450	10270	0	8612	12636	5382	7128	0	2274	0	0	0	2936	184	0	0	556	0	1114	0	15784	4572	518	136	0	0	0	0	0	0	0	0	3788	4298	236	102	0	0	2114	522	692	0	12994	5572	392	0	1016	0	1204	0	1124	0	618	0	11740	0	0	0	0	0	0	0	742	0	0	0	0	0	0	0	0	0	0	0	0	0	248	0	0	0	0	0	
422392	Hippocampus_R	1450	6830	348	1222	0	0	0	926	0	0	0	1974	0	1386	0	0	214	1924	222	3414	0	118	0	0	0	0	0	0	1266	8792	0	0	0	0	11212	12852	8612	0	2598	33928	0	9782	780	414	0	0	800	1946	0	0	480	0	996	0	2764	35540	282	1104	0	0	0	0	0	102	0	0	1690	7456	160	1114	0	204	0	15050	0	494	2122	9274	536	378	0	2200	0	1952	230	2386	0	1884	1096	7808	0	0	0	0	0	0	0	556	0	122	0	0	0	0	0	0	0	0	0	0	206	0	0	0	0	0	
103336	ParaHippocampal_L	726	1276	0	90	0	0	0	0	0	0	0	136	0	110	0	0	0	160	0	398	0	0	0	0	0	0	0	0	0	606	0	0	0	0	3818	3394	12636	2598	0	782	2410	0	1026	0	0	0	2242	0	0	0	0	0	0	0	4482	540	0	94	0	0	0	0	0	0	0	0	2312	246	0	0	0	0	128	476	146	0	4610	3692	0	0	0	0	484	0	0	0	120	0	868	0	0	0	0	0	94	82	748	0	0	0	0	0	0	0	0	0	0	0	0	138	0	0	0	0	0	0	
272168	ParaHippocampal_R	478	1214	206	360	0	0	0	260	0	0	0	244	0	412	0	0	0	676	150	1260	0	0	0	0	0	0	0	0	492	2302	0	0	0	0	7296	8138	5382	33928	782	0	0	7024	742	600	0	0	754	2368	0	0	480	0	996	0	2532	28650	144	96	0	0	0	0	0	0	0	0	1414	6878	92	550	0	0	0	5588	0	272	418	3248	166	0	0	450	0	1684	202	518	0	2720	802	2128	0	0	0	0	0	0	0	760	0	132	0	0	0	0	0	0	0	0	0	0	96	0	0	0	0	0	
41008	Amygdala_L	0	0	0	0	0	0	0	0	0	0	0	0	0	0	98	0	0	0	0	0	186	0	0	0	0	0	0	0	1002	0	0	0	0	0	0	0	7128	0	2410	0	0	0	0	0	0	0	0	0	0	0	0	0	0	0	4212	0	0	0	0	0	0	0	0	0	0	0	0	0	0	0	0	0	268	0	0	0	110	0	0	0	0	0	1186	0	0	0	626	0	3278	0	0	0	0	0	0	0	0	0	0	0	0	0	0	0	0	0	0	0	0	0	0	0	0	0	0	0	
70024	Amygdala_R	0	96	0	0	0	0	0	0	0	0	0	0	0	0	0	0	0	0	0	174	0	596	0	0	0	0	0	0	0	2690	0	0	0	0	0	0	0	9782	0	7024	0	0	0	0	0	0	0	0	0	0	0	0	0	0	0	5678	0	0	0	0	0	0	0	0	0	0	0	0	0	0	0	90	0	2284	0	0	0	386	0	0	0	0	0	2470	0	132	0	2356	0	1254	0	0	0	0	0	0	0	0	0	0	0	0	0	0	0	0	0	0	0	0	0	0	0	0	0	0	
407760	Calcarine_L	312	0	0	0	0	0	0	0	0	0	0	0	0	0	0	0	0	0	0	0	0	0	0	0	0	0	0	0	0	0	0	0	0	0	5274	1032	2274	780	1026	742	0	0	0	5618	11100	3172	20686	2214	11892	1114	27378	178	4814	352	19264	1650	890	0	2610	0	2132	0	78	0	478	0	17280	1048	1426	94	0	0	0	0	0	0	388	0	0	0	116	0	0	0	2714	0	0	0	10814	0	4338	2226	980	136	208	1196	5330	3734	4918	2516	220	0	518	166	88	636	0	0	106	112	10868	1994	598	446	700	906	
302240	Calcarine_R	0	346	0	0	0	0	0	0	0	0	0	348	0	0	0	0	0	0	0	760	0	0	0	0	0	0	0	0	0	570	0	0	0	1514	84	2070	0	414	0	600	0	0	5618	0	4064	22420	834	17988	0	14432	0	11902	0	6002	0	18804	0	2570	0	162	0	0	0	82	0	0	968	22006	0	2018	0	0	0	0	0	0	0	0	0	0	0	0	0	0	0	6790	0	0	0	6908	0	162	0	0	0	0	0	0	0	594	0	0	0	0	0	0	0	0	0	0	90	0	0	0	0	0	
158956	Cuneus_L	110	0	0	0	0	0	0	0	0	0	0	0	0	0	0	0	0	0	0	0	0	0	0	0	0	0	0	0	0	0	0	0	1302	104	2588	186	0	0	0	0	0	0	11100	4064	0	7186	442	106	16244	4606	5712	710	456	0	526	0	186	78	2506	336	94	0	0	0	0	0	14556	2072	3100	152	0	0	0	0	0	0	0	0	0	0	0	0	0	0	398	0	0	0	378	0	0	0	0	0	0	0	0	0	0	0	0	0	0	0	0	0	0	0	0	0	180	0	0	0	0	0	
259968	Cuneus_R	0	1370	0	0	0	0	0	0	0	0	0	1332	0	0	0	0	0	0	0	592	0	0	0	0	0	0	0	0	0	0	0	0	82	868	0	560	0	0	0	0	0	0	3172	22420	7186	0	636	6174	220	30890	0	13816	0	964	0	2134	0	1516	84	4974	0	0	0	0	0	84	5180	19890	0	878	0	0	0	0	0	0	0	0	0	0	0	0	0	0	0	3584	0	0	0	1378	0	0	0	0	0	0	0	0	0	0	0	0	0	0	0	0	0	0	0	0	0	0	0	0	0	0	
439120	Lingual_L	456	0	0	0	0	0	0	0	0	0	0	0	0	0	0	0	0	0	0	0	0	0	0	0	0	0	0	0	0	0	0	0	0	0	1944	926	2936	800	2242	754	0	0	20686	834	442	636	0	5232	3198	224	6922	0	4904	266	19842	2218	0	0	0	0	0	0	0	0	0	0	6500	846	0	0	0	0	0	0	0	0	802	0	0	0	0	0	0	0	110	0	0	0	822	0	26512	1744	5278	200	542	1466	24740	3020	34944	2650	850	0	1584	160	326	844	0	0	272	392	14558	9264	2486	454	968	1764	
335512	Lingual_R	0	186	0	0	0	0	0	0	0	0	0	84	0	0	0	0	0	0	0	1016	0	0	0	0	0	0	0	0	0	228	0	0	0	1692	404	4842	184	1946	0	2368	0	0	2214	17988	106	6174	5232	0	0	5472	0	3436	362	5198	1938	24428	0	384	0	0	0	0	0	0	0	0	138	10562	0	1638	0	0	0	0	0	0	0	240	0	0	0	0	0	0	0	1352	0	0	0	1960	3520	7956	1280	812	302	422	4446	6382	6912	11866	80	0	84	0	80	0	0	0	108	196	9166	9752	2456	0	0	164	
175104	Occipital_Sup_L	0	0	0	0	0	0	0	0	0	0	0	0	0	0	0	0	0	0	0	0	0	0	0	0	0	0	0	0	0	0	0	0	614	0	372	0	0	0	0	0	0	0	11892	0	16244	220	3198	0	0	0	24476	0	730	0	1406	0	1334	0	9620	0	3378	0	78	0	580	0	9850	1050	0	0	0	0	0	0	0	0	0	0	0	0	108	0	0	0	1410	0	0	0	992	0	0	0	0	0	0	0	0	0	0	0	0	0	0	0	0	0	0	0	0	0	0	0	0	0	0	0	
298296	Occipital_Sup_R	0	8438	0	348	0	0	0	370	0	0	0	5226	0	0	0	0	0	0	0	420	0	0	0	0	0	0	0	0	0	0	0	0	0	84	0	0	0	0	0	0	0	0	1114	14432	4606	30890	224	5472	0	0	0	22750	0	506	0	1550	0	4866	0	12182	0	3014	0	466	0	5164	2780	20854	0	494	0	0	0	0	0	0	0	0	0	0	0	0	0	0	0	2250	0	0	0	648	0	0	0	0	0	0	0	0	0	0	0	0	0	0	0	0	0	0	0	0	0	0	0	0	0	0	
470708	Occipital_Mid_L	318	0	0	0	0	0	0	0	0	0	0	0	0	0	0	0	3584	0	0	166	0	0	0	0	0	0	0	0	582	0	0	0	0	824	1892	1490	556	480	0	480	0	0	27378	0	5712	0	6922	0	24476	0	0	0	22804	0	14528	484	6452	804	14600	0	18926	0	3042	0	19688	0	3916	490	338	1270	0	0	0	0	0	0	0	0	256	0	4924	0	0	0	30880	0	0	0	16760	0	120	0	0	0	0	0	0	0	134	0	0	0	0	0	0	0	0	0	0	0	78	0	0	0	0	0	
303744	Occipital_Mid_R	0	2800	0	364	0	0	0	448	0	0	0	1908	0	0	0	0	0	0	0	452	0	0	0	0	0	0	0	0	0	0	0	0	0	122	0	0	0	0	0	0	0	0	178	11902	710	13816	0	3436	0	22750	0	0	0	4434	0	6330	0	3570	0	6656	0	6744	0	1536	0	16994	1246	12656	0	1346	0	0	0	0	0	0	0	0	0	0	0	1818	0	0	0	24260	0	0	0	5196	0	0	0	0	0	0	0	0	0	200	0	0	0	0	0	0	0	0	0	0	0	0	0	0	0	0	
198200	Occipital_Inf_L	0	0	0	0	0	0	0	0	0	0	0	0	0	0	0	0	1072	0	0	0	0	0	0	0	0	0	0	0	260	0	0	0	0	410	1710	1544	1114	996	0	996	0	0	4814	0	456	0	4904	362	730	0	22804	0	0	0	13894	1040	1914	348	820	0	1110	0	1086	0	1320	0	1220	1004	532	482	0	0	0	0	0	0	0	0	240	0	2284	0	0	0	11592	0	0	0	10034	0	2264	0	1202	0	0	0	322	0	2702	0	0	0	0	0	0	0	0	0	0	0	326	916	276	0	0	0	
123476	Occipital_Inf_R	0	174	0	0	0	0	0	0	0	0	0	0	0	0	0	0	0	0	0	242	0	0	0	0	0	0	0	0	0	0	0	0	0	536	0	552	0	0	0	0	0	0	352	6002	0	964	266	5198	0	506	0	4434	0	0	0	13068	0	2316	0	0	0	0	0	0	0	0	0	4458	0	2356	0	0	0	0	0	0	0	0	0	0	0	0	0	0	0	3698	0	0	0	8054	274	960	306	96	0	0	244	708	622	2058	0	0	0	0	0	0	0	0	0	0	924	1616	754	0	0	0	
588580	Fusiform_L	1894	142	190	0	0	0	0	0	0	0	156	0	0	0	0	0	1188	0	90	174	0	0	0	0	0	0	0	0	3752	0	0	0	0	768	8216	5364	15784	2764	4482	2532	4212	0	19264	0	526	0	19842	1938	1406	0	14528	0	13894	0	0	3146	2770	894	364	0	686	0	1362	0	376	0	11484	2744	654	1138	0	0	522	0	462	0	1938	270	1258	0	2482	0	778	0	6504	0	836	0	44054	0	27910	0	2652	0	296	120	9836	200	32336	470	1164	0	1076	0	0	0	0	0	0	0	5358	3506	1298	0	0	240	
728724	Fusiform_R	1426	4112	264	316	0	0	0	150	0	0	0	1618	0	238	0	0	0	836	204	2314	0	0	0	0	0	0	0	0	522	4936	0	0	0	1160	8624	13850	4572	35540	540	28650	0	5678	1650	18804	0	2134	2218	24428	0	1550	484	6330	1040	13068	3146	0	1000	3230	0	0	250	86	168	156	0	0	1474	19780	538	7304	0	0	0	5542	0	238	272	2262	152	330	0	1948	0	2776	202	8774	0	3778	1172	24920	1086	26722	1058	1890	150	652	932	7904	2356	31244	0	92	0	392	0	84	0	0	100	256	4028	5972	2594	0	96	0	
276884	Postcentral_L	23584	816	5680	0	0	0	940	0	0	0	4054	0	244	0	0	0	10536	0	1934	1228	0	0	0	0	0	0	0	0	8356	0	102	0	0	1020	3220	2464	518	282	0	144	0	0	890	0	186	0	0	0	1334	0	6452	0	1914	0	2770	1000	0	1158	7152	0	18608	0	8374	0	2882	0	1158	0	3690	2130	282	0	528	156	368	0	1024	528	1746	0	4338	0	0	0	1498	0	0	0	2900	0	0	0	0	0	0	0	0	0	254	0	0	0	0	0	0	0	0	0	0	0	0	0	0	0	0	0	
273200	Postcentral_R	1436	13458	0	2228	0	0	0	0	0	0	0	4610	0	0	0	0	400	4758	0	2890	0	0	0	0	0	0	0	0	0	2400	0	0	0	4534	6194	6344	136	1104	94	96	0	0	0	2570	78	1516	0	384	0	4866	804	3570	348	2316	894	3230	1158	0	0	5436	86	4160	0	13888	0	728	738	11068	612	16156	0	104	0	1652	0	0	152	1280	0	136	110	568	0	0	614	3210	0	0	1068	2418	0	0	0	0	0	0	0	0	0	0	0	0	0	0	0	0	0	0	0	0	0	0	0	0	0	0	
129352	Parietal_Sup_L	116	0	0	0	0	0	0	0	0	0	0	0	0	0	0	0	0	0	0	0	0	0	0	0	0	0	0	0	0	0	0	0	0	0	0	0	0	0	0	0	0	0	2610	0	2506	84	0	0	9620	0	14600	0	820	0	364	0	7152	0	0	0	10978	0	82	0	5458	0	8128	198	242	0	0	0	0	0	0	0	0	0	0	0	138	0	0	0	1286	0	0	0	294	0	0	0	0	0	0	0	0	0	0	0	0	0	0	0	0	0	0	0	0	0	0	0	0	0	0	0	
137212	Parietal_Sup_R	0	3832	0	0	0	0	0	102	0	0	0	1896	0	0	0	0	0	0	0	80	0	0	0	0	0	0	0	0	0	0	0	0	0	0	0	142	0	0	0	0	0	0	0	162	336	4974	0	0	0	12182	0	6656	0	0	0	0	0	5436	0	0	0	8710	0	5630	0	6504	922	10048	0	158	0	0	0	0	0	0	0	0	0	0	0	118	0	0	0	486	0	0	0	232	0	0	0	0	0	0	0	0	0	0	0	0	0	0	0	0	0	0	0	0	0	0	0	0	0	0	
202732	Parietal_Inf_L	2174	178	514	0	0	0	264	0	0	0	0	0	0	0	0	0	636	0	314	282	0	0	0	0	0	0	0	0	2018	0	0	0	0	88	188	104	0	0	0	0	0	0	2132	0	94	0	0	0	3378	0	18926	0	1110	0	686	250	18608	86	10978	0	0	0	9246	0	19112	0	820	0	456	224	0	0	0	0	0	0	0	110	0	0	2640	0	0	0	5048	0	0	0	702	0	0	0	0	0	0	0	0	0	0	0	0	0	0	0	0	0	0	0	0	0	0	0	0	0	0	0	
120328	Parietal_Inf_R	0	3524	0	0	0	0	0	174	0	0	0	2692	0	0	0	0	0	0	0	350	0	0	0	0	0	0	0	0	0	0	0	0	0	0	86	154	0	0	0	0	0	0	0	0	0	0	0	0	0	3014	0	6744	0	0	0	86	0	4160	0	8710	0	0	0	12816	0	14170	0	1068	0	146	0	0	0	0	0	0	0	486	0	0	0	368	0	0	0	1020	0	0	0	396	0	0	0	0	0	0	0	0	0	0	0	0	0	0	0	0	0	0	0	0	0	0	0	0	0	0	
137580	SupraMarginal_L	1136	0	396	0	0	0	0	0	0	0	0	0	0	0	0	0	5346	0	140	0	0	0	0	0	0	0	0	0	7840	0	0	0	0	0	206	120	0	0	0	0	0	0	78	0	0	0	0	0	78	0	3042	0	1086	0	1362	168	8374	0	82	0	9246	0	0	0	4820	0	0	0	410	0	0	0	0	0	0	0	0	0	1068	0	13146	0	0	0	8574	0	0	0	2072	0	0	0	0	0	0	0	0	0	0	0	0	0	0	0	0	0	0	0	0	0	0	0	0	0	0	0	
136452	SupraMarginal_R	120	1960	0	548	0	0	0	202	0	0	0	376	0	0	0	0	0	2974	0	978	0	0	0	0	0	0	0	0	0	498	0	0	0	0	108	192	0	102	0	0	0	0	0	82	0	0	0	0	0	466	0	1536	0	0	0	156	0	13888	0	5630	0	12816	0	0	0	10212	0	508	0	388	0	0	0	188	0	0	0	612	0	0	0	7050	0	0	0	3126	0	0	0	3510	0	0	0	0	0	0	0	0	0	0	0	0	0	0	0	0	0	0	0	0	0	0	0	0	0	0	
141840	Angular_L	140	0	0	0	0	0	0	0	0	0	0	0	0	0	0	0	192	0	0	0	0	0	0	0	0	0	0	0	162	0	0	0	0	0	150	0	0	0	0	0	0	0	478	0	0	0	0	0	580	0	19688	0	1320	0	376	0	2882	0	5458	0	19112	0	4820	0	0	0	292	0	0	168	0	0	0	0	0	0	0	0	0	0	3416	0	0	0	11360	0	0	0	326	0	0	0	0	0	0	0	0	0	0	0	0	0	0	0	0	0	0	0	0	0	0	0	0	0	0	0	
141940	Angular_R	0	2376	0	0	0	0	0	134	0	0	0	2186	0	0	0	0	0	0	0	0	0	0	0	0	0	0	0	0	0	0	0	0	0	0	0	0	0	0	0	0	0	0	0	0	0	84	0	0	0	5164	0	16994	0	0	0	0	0	728	0	6504	0	14170	0	10212	0	0	0	668	0	0	0	0	0	0	0	0	0	0	0	0	0	5784	0	0	0	5720	0	0	0	246	0	0	0	0	0	0	0	0	0	0	0	0	0	0	0	0	0	0	0	0	0	0	0	0	0	0	
284844	Precuneus_L	496	424	0	88	0	0	0	0	0	0	0	398	0	0	0	0	0	0	0	270	0	0	0	0	0	0	0	0	216	0	0	0	2748	748	9566	2350	3788	1690	2312	1414	0	0	17280	968	14556	5180	6500	138	9850	2780	3916	1246	1220	0	11484	1474	1158	738	8128	922	820	0	0	0	292	0	0	9192	5172	400	0	0	0	0	0	0	618	0	0	0	84	0	0	0	864	436	0	0	6560	0	170	0	0	0	0	0	392	0	318	0	0	0	0	0	0	0	0	0	0	0	3058	0	0	0	0	0	
487176	Precuneus_R	188	9632	160	420	0	0	0	292	0	0	0	6266	0	0	0	0	0	0	404	3006	0	0	0	0	0	0	0	0	422	380	0	0	720	7788	5840	14784	4298	7456	246	6878	0	0	1048	22006	2072	19890	846	10562	1050	20854	490	12656	1004	4458	2744	19780	0	11068	198	10048	0	1068	0	508	0	668	9192	0	94	8500	0	0	0	0	0	0	0	90	102	0	0	0	0	0	198	5912	0	0	990	4526	0	104	0	0	0	0	0	272	0	338	0	0	0	0	0	0	0	0	0	0	1072	0	0	0	0	0	
378668	Paracentral_Lobule_L	35562	2524	20622	112	0	0	0	274	0	0	144	0	0	152	0	0	904	0	26300	21510	0	0	0	0	0	0	0	0	3830	0	0	0	3694	11832	5682	1068	236	160	0	92	0	0	1426	0	3100	0	0	0	0	0	338	0	532	0	654	538	3690	612	242	0	456	0	410	0	0	0	5172	94	0	13280	4898	312	7274	122	2538	0	5180	1536	102	0	698	0	460	0	322	0	0	0	562	0	0	0	0	0	0	0	0	0	0	0	0	0	0	0	0	0	0	0	0	0	88	0	0	0	0	0	
335476	Paracentral_Lobule_R	9758	11574	266	120	0	0	0	0	0	0	0	374	0	0	0	0	466	146	1070	27960	0	0	0	0	0	0	0	0	134	400	128	0	610	21180	8534	8314	102	1114	0	550	0	0	94	2018	152	878	0	1638	0	494	1270	1346	482	2356	1138	7304	2130	16156	0	158	224	146	0	388	168	0	400	8500	13280	0	110	726	0	222	0	0	1084	2736	0	402	176	1310	0	0	846	2566	0	0	1414	2626	0	0	0	0	0	0	0	0	0	0	0	0	0	0	0	0	0	0	0	0	0	0	0	0	0	0	
192960	Caudate_L	6334	670	9280	1894	1042	0	1140	2826	164	0	218	0	472	1232	624	0	364	0	5962	1324	4866	5230	218	298	98	190	1574	646	6764	122	5826	3020	0	196	80	96	0	0	0	0	0	0	0	0	0	0	0	0	0	0	0	0	0	0	0	0	282	0	0	0	0	0	0	0	0	0	0	0	4898	110	0	8818	10634	884	2270	0	4832	634	0	0	0	0	348	0	0	0	0	0	0	0	0	0	0	0	0	0	0	0	0	0	0	0	0	0	0	0	0	0	0	0	0	0	0	0	0	0	
239568	Caudate_R	698	3928	864	16328	0	1024	78	6210	0	0	0	278	0	296	0	440	0	774	1112	24876	2706	3454	0	4080	0	1680	280	606	506	604	1504	7222	0	1508	0	0	0	204	0	0	0	90	0	0	0	0	0	0	0	0	0	0	0	0	0	0	0	104	0	0	0	0	0	0	0	0	0	0	312	726	8818	0	618	14074	0	1302	244	12156	0	0	0	80	0	0	0	0	0	0	0	0	0	0	0	0	0	0	0	0	0	0	0	0	0	0	0	0	0	0	0	0	0	0	0	0	0	0	
222708	Putamen_L	7624	0	19274	182	3998	0	4176	438	868	0	432	0	1582	286	5208	0	1026	0	7998	548	404	566	1844	0	0	0	0	0	15516	0	3170	214	0	282	0	0	2114	0	128	0	268	0	0	0	0	0	0	0	0	0	0	0	0	0	522	0	528	0	0	0	0	0	0	0	0	0	0	0	7274	0	10634	618	0	192	6964	0	2720	0	80	0	968	0	1632	0	140	0	0	0	936	0	0	0	0	0	0	0	0	0	0	0	0	0	0	0	0	0	0	0	0	0	0	0	0	0	0	0	
340312	Putamen_R	732	5004	670	17602	0	486	0	5172	0	0	0	9852	0	6960	0	2694	0	6686	852	16340	112	348	0	2846	0	540	0	108	580	26072	160	3698	0	922	502	756	522	15050	476	5588	0	2284	0	0	0	0	0	0	0	0	0	0	0	0	0	5542	156	1652	0	0	0	0	0	188	0	0	0	0	122	222	884	14074	192	0	0	2386	422	7278	0	166	0	558	0	448	0	500	0	0	0	1752	0	0	0	0	0	0	0	0	0	0	0	0	0	0	0	0	0	0	0	0	0	0	0	0	0	0	
49632	Pallidum_L	2290	0	3016	0	0	0	0	0	0	0	0	0	0	0	0	0	312	0	2202	0	0	0	0	0	0	0	0	0	1328	0	0	0	0	0	0	0	692	0	146	0	0	0	0	0	0	0	0	0	0	0	0	0	0	0	462	0	368	0	0	0	0	0	0	0	0	0	0	0	2538	0	2270	0	6964	0	0	0	1232	0	0	0	432	0	234	0	0	0	0	0	330	0	0	0	0	0	0	0	0	0	0	0	0	0	0	0	0	0	0	0	0	0	0	0	0	0	0	0	
25468	Pallidum_R	0	368	0	2666	0	0	0	478	0	0	0	634	0	92	0	0	0	510	0	2588	0	0	0	0	0	0	0	0	0	628	0	0	0	0	0	0	0	494	0	272	0	0	0	0	0	0	0	0	0	0	0	0	0	0	0	238	0	0	0	0	0	0	0	0	0	0	0	0	0	0	0	1302	0	2386	0	0	0	78	0	0	0	0	0	0	0	0	0	0	0	0	0	0	0	0	0	0	0	0	0	0	0	0	0	0	0	0	0	0	0	0	0	0	0	0	0	0	
206148	Thalamus_L	20416	3444	5758	150	0	0	462	102	0	0	184	110	0	108	0	0	386	92	1292	2482	0	0	0	0	0	0	0	0	5450	428	0	0	0	82	1590	2230	12994	2122	4610	418	110	0	388	0	0	0	802	0	0	0	0	0	0	0	1938	272	1024	152	0	0	0	0	0	0	0	0	618	0	5180	1084	4832	244	2720	422	1232	0	0	11612	362	0	904	0	0	0	840	0	0	0	3284	0	0	0	0	0	0	0	144	0	0	0	0	0	0	0	0	0	0	0	0	0	0	0	0	0	0	0	
285160	Thalamus_R	4392	23494	272	1096	0	0	0	1226	0	0	0	2110	0	1510	0	0	192	930	126	26090	0	0	0	0	0	0	0	0	1662	3450	0	144	0	0	4436	5744	5572	9274	3692	3248	0	386	0	0	0	0	0	240	0	0	0	0	0	0	270	2262	528	1280	0	0	110	486	0	612	0	0	0	90	1536	2736	634	12156	0	7278	0	78	11612	0	628	0	84	130	0	0	0	0	0	0	486	218	0	0	0	0	0	0	0	80	0	0	0	0	0	0	0	0	0	0	0	0	0	0	0	0	0	0	
48628	Heschl_L	920	266	362	0	0	0	0	0	0	0	218	0	0	0	0	0	4150	0	102	0	0	0	0	0	0	0	0	0	4672	0	0	0	0	0	998	1074	392	536	0	166	0	0	0	0	0	0	0	0	0	0	256	0	240	0	1258	152	1746	0	0	0	0	0	1068	0	0	0	0	102	102	0	0	0	80	0	0	0	362	628	0	0	1764	0	0	0	452	0	0	0	2248	0	0	0	0	0	0	0	0	0	0	0	0	0	0	0	0	0	0	0	0	0	0	0	0	0	0	0	
24068	Heschl_R	0	476	0	648	0	0	0	0	0	0	0	0	0	0	0	0	0	1170	0	766	0	0	0	0	0	0	0	0	0	2194	0	0	0	0	0	0	0	378	0	0	0	0	0	0	0	0	0	0	0	0	0	0	0	0	0	330	0	136	0	0	0	0	0	0	0	0	0	0	0	402	0	0	0	166	0	0	0	0	0	0	0	3960	0	0	0	1408	0	0	0	0	0	0	0	0	0	0	0	0	0	0	0	0	0	0	0	0	0	0	0	0	0	0	0	0	0	0	
219488	Temporal_Sup_L	2898	0	1910	0	0	0	628	0	0	0	1642	0	192	0	0	0	10374	0	720	0	0	0	0	0	0	0	0	0	12122	0	0	0	0	140	312	266	1016	0	0	0	0	0	116	0	0	0	0	0	108	0	4924	0	2284	0	2482	0	4338	110	138	0	2640	0	13146	0	3416	0	84	0	698	176	0	0	968	0	432	0	904	84	1764	0	0	0	4504	0	24622	0	0	0	9586	0	0	0	0	0	0	0	0	0	0	0	0	0	0	0	0	0	0	0	0	0	0	0	0	0	0	0	
106916	Temporal_Sup_R	264	1472	0	568	0	0	0	104	0	0	0	290	0	0	0	0	0	2310	0	890	0	0	0	0	0	0	0	0	0	3472	0	0	0	0	134	0	0	2200	0	450	0	0	0	0	0	0	0	0	0	0	0	1818	0	0	0	1948	0	568	0	118	0	368	0	7050	0	5784	0	0	0	1310	0	80	0	558	0	0	0	130	0	3960	0	0	0	1114	0	13036	0	204	0	3258	0	0	0	0	0	0	0	0	0	0	0	0	0	0	0	0	0	0	0	0	0	0	0	0	0	0	
76960	Temporal_Pole_Sup_L	622	0	1884	0	0	0	466	0	0	0	3310	0	380	0	0	0	886	0	1318	0	98	0	0	0	0	0	0	0	6540	0	0	0	0	0	0	0	1204	0	484	0	1186	0	0	0	0	0	0	0	0	0	0	0	0	0	778	0	0	0	0	0	0	0	0	0	0	0	0	0	460	0	348	0	1632	0	234	0	0	0	0	0	4504	0	0	0	5868	0	4086	0	2192	0	0	0	0	0	0	0	0	0	0	0	0	0	0	0	0	0	0	0	0	0	0	0	0	0	0	0	
40652	Temporal_Pole_Sup_R	0	0	0	0	0	0	0	0	0	0	0	470	0	0	0	0	0	454	0	0	0	0	0	0	0	0	0	0	0	744	0	0	0	0	0	0	0	1952	0	1684	0	2470	0	0	0	0	0	0	0	0	0	0	0	0	0	2776	0	0	0	0	0	0	0	0	0	0	0	0	0	0	0	0	0	448	0	0	0	0	0	0	0	1114	0	0	0	1722	0	4796	0	1696	0	0	0	0	0	0	0	0	0	0	0	0	0	0	0	0	0	0	0	0	0	0	0	0	0	0	
331004	Temporal_Mid_L	466	0	0	0	0	0	0	0	0	0	0	0	0	0	0	0	3380	0	0	136	0	0	0	0	0	0	0	0	2296	0	0	0	0	532	1190	1004	1124	230	0	202	0	0	2714	0	398	0	110	0	1410	0	30880	0	11592	0	6504	202	1498	614	1286	0	5048	0	8574	0	11360	0	864	198	322	846	0	0	140	0	0	0	840	0	452	0	24622	0	5868	0	0	0	5076	0	33364	0	160	0	0	0	0	0	0	0	0	0	0	0	0	0	0	0	0	0	0	0	0	0	0	0	0	0	
243268	Temporal_Mid_R	276	1926	0	166	0	0	0	412	0	0	0	570	0	0	0	0	0	128	0	584	0	0	0	0	0	0	0	0	0	1250	0	0	0	268	134	262	0	2386	0	518	0	132	0	6790	0	3584	0	1352	0	2250	0	24260	0	3698	0	8774	0	3210	0	486	0	1020	0	3126	0	5720	436	5912	0	2566	0	0	0	500	0	0	0	0	0	1408	0	13036	0	1722	0	0	0	1442	0	20980	0	84	0	0	0	0	0	0	0	266	0	0	0	0	0	0	0	0	0	0	0	0	0	0	0	0	
28704	Temporal_Pole_Mid_L	0	0	0	0	0	0	0	0	0	0	0	0	0	0	0	0	0	0	0	0	0	0	0	0	0	0	0	0	214	0	0	0	0	0	0	0	618	0	120	0	626	0	0	0	0	0	0	0	0	0	0	0	0	0	836	0	0	0	0	0	0	0	0	0	0	0	0	0	0	0	0	0	0	0	0	0	0	0	0	0	0	0	4086	0	5076	0	0	0	2776	0	0	0	0	0	0	0	0	0	0	0	0	0	0	0	0	0	0	0	0	0	0	0	0	0	0	0	
37748	Temporal_Pole_Mid_R	0	0	0	0	0	0	0	0	0	0	0	0	0	0	0	0	0	0	0	0	0	0	0	0	0	0	0	0	0	0	0	0	0	0	0	0	0	1884	0	2720	0	2356	0	0	0	0	0	0	0	0	0	0	0	0	0	3778	0	0	0	0	0	0	0	0	0	0	0	0	0	0	0	0	0	0	0	0	0	0	0	0	0	204	0	4796	0	1442	0	0	0	1694	0	0	0	0	0	0	0	0	0	0	0	0	0	0	0	0	0	0	0	0	0	0	0	0	0	0	
411772	Temporal_Inf_L	2640	200	260	0	0	0	0	0	0	0	280	0	0	0	0	0	3690	0	88	276	0	0	0	0	0	0	0	0	8066	0	0	0	0	846	5600	3542	11740	1096	868	802	3278	0	10814	0	378	0	822	0	992	0	16760	0	10034	0	44054	1172	2900	1068	294	0	702	0	2072	0	326	0	6560	990	562	1414	0	0	936	0	330	0	3284	486	2248	0	9586	0	2192	0	33364	0	2776	0	0	0	2638	0	148	0	0	0	0	0	1024	0	0	0	0	0	0	0	0	0	0	0	1688	0	0	0	0	0	
221916	Temporal_Inf_R	358	1320	0	0	0	0	0	0	0	0	0	1092	0	0	0	0	0	82	0	290	0	0	0	0	0	0	0	0	0	1378	0	0	0	474	186	898	0	7808	0	2128	0	1254	0	6908	0	1378	0	1960	0	648	0	5196	0	8054	0	24920	0	2418	0	232	0	396	0	3510	0	246	0	4526	0	2626	0	0	0	1752	0	0	0	218	0	0	0	3258	0	1696	0	20980	0	1694	0	0	0	702	0	0	0	0	0	0	0	372	0	0	0	0	0	0	0	0	0	0	0	0	0	0	0	0	
657536	Cerebelum_Crus1_L	0	0	0	0	0	0	0	0	0	0	0	0	0	0	0	0	0	0	0	0	0	0	0	0	0	0	0	0	0	0	0	0	0	0	0	0	0	0	0	0	0	0	4338	0	0	0	26512	3520	0	0	120	0	2264	274	27910	1086	0	0	0	0	0	0	0	0	0	0	170	0	0	0	0	0	0	0	0	0	0	0	0	0	0	0	0	0	160	0	0	0	2638	0	0	2102	53370	2366	1510	1508	30378	1878	72392	3114	18166	602	25558	1614	4618	1268	764	0	688	1156	10574	12184	10456	786	1850	874	
538748	Cerebelum_Crus1_R	0	0	0	0	0	0	0	0	0	0	0	0	0	0	0	0	0	0	0	0	0	0	0	0	0	0	0	0	0	0	0	0	0	0	0	0	0	0	0	0	0	0	2226	162	0	0	1744	7956	0	0	0	0	0	960	0	26722	0	0	0	0	0	0	0	0	0	0	0	104	0	0	0	0	0	0	0	0	0	0	0	0	0	0	0	0	0	84	0	0	0	702	2102	0	4578	39858	202	5238	2062	17104	3378	68220	892	8928	1664	19504	872	5184	0	254	214	1106	10220	9424	20032	3572	3912	194	
482780	Cerebelum_Crus2_L	0	0	0	0	0	0	0	0	0	0	0	0	0	0	0	0	0	0	0	0	0	0	0	0	0	0	0	0	0	0	0	0	0	0	0	0	0	0	0	0	0	0	980	0	0	0	5278	1280	0	0	0	0	1202	306	2652	1058	0	0	0	0	0	0	0	0	0	0	0	0	0	0	0	0	0	0	0	0	0	0	0	0	0	0	0	0	0	0	0	0	148	0	53370	4578	0	10462	182	174	4032	328	14320	4800	45384	4524	45650	3224	6168	288	372	0	0	104	950	5356	19300	4258	662	0	
415528	Cerebelum_Crus2_R	0	0	0	0	0	0	0	0	0	0	0	0	0	0	0	0	0	0	0	0	0	0	0	0	0	0	0	0	0	0	0	0	0	0	0	0	0	0	0	0	0	0	136	0	0	0	200	812	0	0	0	0	0	96	0	1890	0	0	0	0	0	0	0	0	0	0	0	0	0	0	0	0	0	0	0	0	0	0	0	0	0	0	0	0	0	0	0	0	0	0	2366	39858	10462	0	0	2236	500	3114	1890	14262	7640	28700	11570	35982	986	5266	0	320	144	592	2156	2936	22214	8388	3048	0	
57176	Cerebelum_3_L	0	0	0	0	0	0	0	0	0	0	0	0	0	0	0	0	0	0	0	0	0	0	0	0	0	0	0	0	0	0	0	0	0	0	0	0	0	0	94	0	0	0	208	0	0	0	542	302	0	0	0	0	0	0	296	150	0	0	0	0	0	0	0	0	0	0	0	0	0	0	0	0	0	0	0	0	0	0	0	0	0	0	0	0	0	0	0	0	0	0	1510	202	182	0	0	466	8848	0	2164	236	118	0	910	326	2252	884	0	0	778	2250	3318	644	376	510	714	308	
174124	Cerebelum_3_R	0	0	0	0	0	0	0	0	0	0	0	0	0	0	0	0	0	0	0	0	0	0	0	0	0	0	0	0	0	0	0	0	0	0	0	0	0	0	82	0	0	0	1196	0	0	0	1466	422	0	0	0	0	0	0	120	652	0	0	0	0	0	0	0	0	0	0	0	0	0	0	0	0	0	0	0	0	0	0	0	0	0	0	0	0	0	0	0	0	0	0	1508	5238	174	2236	466	0	2852	11802	2090	6782	88	764	690	4244	688	7102	0	0	966	5140	9290	3366	5512	4964	6560	602	
430288	Cerebelum_4_5_L	0	0	0	0	0	0	0	0	0	0	0	0	0	0	0	0	0	0	0	0	0	0	0	0	0	0	0	0	0	0	0	0	0	0	226	0	742	0	748	0	0	0	5330	0	0	0	24740	4446	0	0	0	0	322	244	9836	932	0	0	0	0	0	0	0	0	0	0	392	0	0	0	0	0	0	0	0	0	144	0	0	0	0	0	0	0	0	0	0	0	0	0	30378	2062	4032	500	8848	2852	0	2598	43160	2996	2070	104	7044	1012	5658	3012	186	0	2506	4332	22192	10362	2954	1638	3044	3502	
299268	Cerebelum_4_5_R	0	0	0	0	0	0	0	0	0	0	0	0	0	0	0	0	0	0	0	0	0	0	0	0	0	0	0	0	0	0	0	0	0	0	132	196	0	556	0	760	0	0	3734	0	0	0	3020	6382	0	0	0	0	0	708	200	7904	0	0	0	0	0	0	0	0	0	0	0	272	0	0	0	0	0	0	0	0	0	80	0	0	0	0	0	0	0	0	0	0	0	0	1878	17104	328	3114	0	11802	2598	0	2730	27492	120	790	810	5512	716	6578	0	0	98	2066	18010	4302	6808	5726	6622	486	
614968	Cerebelum_6_L	162	0	0	0	0	0	0	0	0	0	0	0	0	0	0	0	0	0	0	0	0	0	0	0	0	0	0	0	0	0	0	0	0	0	306	230	0	0	0	0	0	0	4918	0	0	0	34944	6912	0	0	134	0	2702	622	32336	2356	254	0	0	0	0	0	0	0	0	0	318	0	0	0	0	0	0	0	0	0	0	0	0	0	0	0	0	0	0	0	0	0	1024	0	72392	3378	14320	1890	2164	2090	43160	2730	0	6444	4422	224	6644	1648	3450	1618	210	0	952	1664	16200	20716	8352	928	2484	2186	
513264	Cerebelum_6_R	0	0	0	0	0	0	0	0	0	0	0	0	0	0	0	0	0	0	0	0	0	0	0	0	0	0	0	0	0	0	0	0	0	0	0	0	0	122	0	132	0	0	2516	594	0	0	2650	11866	0	0	0	200	0	2058	470	31244	0	0	0	0	0	0	0	0	0	0	0	338	0	0	0	0	0	0	0	0	0	0	0	0	0	0	0	0	0	266	0	0	0	372	3114	68220	4800	14262	236	6782	2996	27492	6444	0	110	1542	492	7540	900	2864	0	320	284	1302	12790	15086	19062	3050	3778	338	
316084	Cerebelum_7b_L	0	0	0	0	0	0	0	0	0	0	0	0	0	0	0	0	0	0	0	0	0	0	0	0	0	0	0	0	0	0	0	0	0	0	0	0	0	0	0	0	0	0	220	0	0	0	850	80	0	0	0	0	0	0	1164	0	0	0	0	0	0	0	0	0	0	0	0	0	0	0	0	0	0	0	0	0	0	0	0	0	0	0	0	0	0	0	0	0	0	0	18166	892	45384	7640	118	88	2070	120	4422	110	0	4920	41750	4490	6368	426	506	0	0	0	386	326	10274	6506	766	0	
219672	Cerebelum_7b_R	0	0	0	0	0	0	0	0	0	0	0	0	0	0	0	0	0	0	0	0	0	0	0	0	0	0	0	0	0	0	0	0	0	0	0	0	0	0	0	0	0	0	0	0	0	0	0	0	0	0	0	0	0	0	0	92	0	0	0	0	0	0	0	0	0	0	0	0	0	0	0	0	0	0	0	0	0	0	0	0	0	0	0	0	0	0	0	0	0	0	602	8928	4524	28700	0	764	104	790	224	1542	4920	0	7936	29004	94	4106	0	0	0	150	826	716	7860	7044	910	0	
471400	Cerebelum_8_L	0	0	0	0	0	0	0	0	0	0	0	0	0	0	0	0	0	0	0	0	0	0	0	0	0	0	0	0	0	0	0	0	0	0	0	0	0	0	0	0	0	0	518	0	0	0	1584	84	0	0	0	0	0	0	1076	0	0	0	0	0	0	0	0	0	0	0	0	0	0	0	0	0	0	0	0	0	0	0	0	0	0	0	0	0	0	0	0	0	0	0	25558	1664	45650	11570	910	690	7044	810	6644	492	41750	7936	0	12744	25774	2776	2146	0	150	350	1922	792	15278	15216	4426	146	
410676	Cerebelum_8_R	0	0	0	0	0	0	0	0	0	0	0	0	0	0	0	0	0	0	0	0	0	0	0	0	0	0	0	0	0	0	0	0	0	0	0	0	0	0	0	0	0	0	166	0	0	0	160	0	0	0	0	0	0	0	0	392	0	0	0	0	0	0	0	0	0	0	0	0	0	0	0	0	0	0	0	0	0	0	0	0	0	0	0	0	0	0	0	0	0	0	1614	19504	3224	35982	326	4244	1012	5512	1648	7540	4490	29004	12744	0	2694	21844	0	928	596	2056	3566	1488	17496	17486	8832	790	
168504	Cerebelum_9_L	0	0	0	0	0	0	0	0	0	0	0	0	0	0	0	0	0	0	0	0	0	0	0	0	0	0	0	0	0	0	0	0	0	0	0	0	0	0	0	0	0	0	88	0	0	0	326	80	0	0	0	0	0	0	0	0	0	0	0	0	0	0	0	0	0	0	0	0	0	0	0	0	0	0	0	0	0	0	0	0	0	0	0	0	0	0	0	0	0	0	4618	872	6168	986	2252	688	5658	716	3450	900	6368	94	25774	2694	0	3690	2416	0	324	614	2202	1266	2196	3088	5932	792	
226320	Cerebelum_9_R	0	0	0	0	0	0	0	0	0	0	0	0	0	0	0	0	0	0	0	0	0	0	0	0	0	0	0	0	0	0	0	0	0	0	0	0	0	0	0	0	0	0	636	0	0	0	844	0	0	0	0	0	0	0	0	84	0	0	0	0	0	0	0	0	0	0	0	0	0	0	0	0	0	0	0	0	0	0	0	0	0	0	0	0	0	0	0	0	0	0	1268	5184	288	5266	884	7102	3012	6578	1618	2864	426	4106	2776	21844	3690	0	0	1738	1432	3790	8416	1998	4382	8788	12684	1462	
13380	Cerebelum_10_L	0	0	0	0	0	0	0	0	0	0	0	0	0	0	0	0	0	0	0	0	0	0	0	0	0	0	0	0	0	0	0	0	0	0	0	0	0	0	0	0	0	0	0	0	0	0	0	0	0	0	0	0	0	0	0	0	0	0	0	0	0	0	0	0	0	0	0	0	0	0	0	0	0	0	0	0	0	0	0	0	0	0	0	0	0	0	0	0	0	0	764	0	372	0	0	0	186	0	210	0	506	0	2146	0	2416	0	0	0	0	0	0	90	0	0	0	0	
9904	Cerebelum_10_R	0	0	0	0	0	0	0	0	0	0	0	0	0	0	0	0	0	0	0	0	0	0	0	0	0	0	0	0	0	0	0	0	0	0	0	0	0	0	0	0	0	0	0	0	0	0	0	0	0	0	0	0	0	0	0	0	0	0	0	0	0	0	0	0	0	0	0	0	0	0	0	0	0	0	0	0	0	0	0	0	0	0	0	0	0	0	0	0	0	0	0	254	0	320	0	0	0	0	0	320	0	0	0	928	0	1738	0	0	198	260	200	0	144	284	306	0	
44532	Vermis_1_2	0	0	0	0	0	0	0	0	0	0	0	0	0	0	0	0	0	0	0	0	0	0	0	0	0	0	0	0	0	0	0	0	0	0	0	0	0	0	0	0	0	0	106	0	0	0	272	108	0	0	0	0	0	0	0	100	0	0	0	0	0	0	0	0	0	0	0	0	0	0	0	0	0	0	0	0	0	0	0	0	0	0	0	0	0	0	0	0	0	0	688	214	0	144	778	966	2506	98	952	284	0	0	150	596	324	1432	0	198	0	5934	3600	408	502	668	832	406	
95912	Vermis_3	0	0	0	0	0	0	0	0	0	0	0	0	0	0	0	0	0	0	0	0	0	0	0	0	0	0	0	0	0	0	0	0	0	0	0	0	0	0	138	0	0	0	112	0	0	0	392	196	0	0	0	0	0	0	0	256	0	0	0	0	0	0	0	0	0	0	0	0	0	0	0	0	0	0	0	0	0	0	0	0	0	0	0	0	0	0	0	0	0	0	1156	1106	104	592	2250	5140	4332	2066	1664	1302	0	150	350	2056	614	3790	0	260	5934	0	6222	786	1676	2126	2426	760	
450392	Vermis_4_5	0	0	0	0	0	0	0	0	0	0	0	0	0	0	0	0	0	0	0	0	0	0	0	0	0	0	0	0	0	0	0	0	0	0	2724	1058	248	206	0	96	0	0	10868	90	180	0	14558	9166	0	0	78	0	326	924	5358	4028	0	0	0	0	0	0	0	0	0	0	3058	1072	88	0	0	0	0	0	0	0	0	0	0	0	0	0	0	0	0	0	0	0	1688	0	10574	10220	950	2156	3318	9290	22192	18010	16200	12790	386	826	1922	3566	2202	8416	0	200	3600	6222	0	12690	6486	5142	7860	4164	
