data	data	490264	233912	799804	599784	161544	47632	380532	110844	42448	21296	175380	191648	181564	126588	177004	83248	190156	108768	811944	766740	56876	77096	385116	269836	73064	83276	44668	49964	608708	359920	261104	419612	193652	582924	207900	239096	281004	344524	87488	258440	32116	63324	356716	317268	159832	301184	469076	459544	131932	300336	576808	289720	239884	96032	609248	571392	317148	319728	177904	175004	242504	188332	104444	78644	200668	163904	431428	442072	353180	363824	226540	355792	270460	367108	41976	26392	199840	217200	88192	35296	256816	106012	81172	45168	327272	230704	24884	18496	376272	217292	589188	475904	470004	426732	85608	116344	457668	359460	584732	480640	329296	196124	461184	473632	132712	174828	18472	15696	44492	103716	448312	243820	205964	249580	173492	34960	
data	data	Precentral_L	Precentral_R	Frontal_Sup_L	Frontal_Sup_R	Frontal_Sup_Orb_L	Frontal_Sup_Orb_R	Frontal_Mid_L	Frontal_Mid_R	Frontal_Mid_Orb_L	Frontal_Mid_Orb_R	Frontal_Inf_Oper_L	Frontal_Inf_Oper_R	Frontal_Inf_Tri_L	Frontal_Inf_Tri_R	Frontal_Inf_Orb_L	Frontal_Inf_Orb_R	Rolandic_Oper_L	Rolandic_Oper_R	Supp_Motor_Area_L	Supp_Motor_Area_R	Olfactory_L	Olfactory_R	Frontal_Sup_Medial_L	Frontal_Sup_Medial_R	Frontal_Med_Orb_L	Frontal_Med_Orb_R	Rectus_L	Rectus_R	Insula_L	Insula_R	Cingulum_Ant_L	Cingulum_Ant_R	Cingulum_Mid_L	Cingulum_Mid_R	Cingulum_Post_L	Cingulum_Post_R	Hippocampus_L	Hippocampus_R	ParaHippocampal_L	ParaHippocampal_R	Amygdala_L	Amygdala_R	Calcarine_L	Calcarine_R	Cuneus_L	Cuneus_R	Lingual_L	Lingual_R	Occipital_Sup_L	Occipital_Sup_R	Occipital_Mid_L	Occipital_Mid_R	Occipital_Inf_L	Occipital_Inf_R	Fusiform_L	Fusiform_R	Postcentral_L	Postcentral_R	Parietal_Sup_L	Parietal_Sup_R	Parietal_Inf_L	Parietal_Inf_R	SupraMarginal_L	SupraMarginal_R	Angular_L	Angular_R	Precuneus_L	Precuneus_R	Paracentral_Lobule_L	Paracentral_Lobule_R	Caudate_L	Caudate_R	Putamen_L	Putamen_R	Pallidum_L	Pallidum_R	Thalamus_L	Thalamus_R	Heschl_L	Heschl_R	Temporal_Sup_L	Temporal_Sup_R	Temporal_Pole_Sup_L	Temporal_Pole_Sup_R	Temporal_Mid_L	Temporal_Mid_R	Temporal_Pole_Mid_L	Temporal_Pole_Mid_R	Temporal_Inf_L	Temporal_Inf_R	Cerebelum_Crus1_L	Cerebelum_Crus1_R	Cerebelum_Crus2_L	Cerebelum_Crus2_R	Cerebelum_3_L	Cerebelum_3_R	Cerebelum_4_5_L	Cerebelum_4_5_R	Cerebelum_6_L	Cerebelum_6_R	Cerebelum_7b_L	Cerebelum_7b_R	Cerebelum_8_L	Cerebelum_8_R	Cerebelum_9_L	Cerebelum_9_R	Cerebelum_10_L	Cerebelum_10_R	Vermis_1_2	Vermis_3	Vermis_4_5	Vermis_6	Vermis_7	Vermis_8	Vermis_9	Vermis_10	
490264	Precentral_L	0	1904	8272	0	0	0	13208	0	0	0	8210	0	2046	0	322	0	11736	0	4710	7834	0	0	0	0	0	0	0	0	20884	408	0	0	198	7212	2326	2664	10558	1342	152	166	0	0	886	0	0	0	768	0	0	0	2074	0	1098	0	5318	104	24456	2452	1310	0	4230	0	536	0	366	0	1398	292	35178	6974	6804	118	2078	0	1384	0	21232	2058	5984	0	6240	0	0	0	3190	0	0	0	3950	0	0	0	0	0	0	0	314	0	0	0	0	0	0	0	0	0	0	0	0	0	188	0	0	0	0	0	
233912	Precentral_R	1904	0	0	5650	0	0	0	4458	0	0	0	2340	0	0	0	206	0	1864	882	3886	0	162	0	0	0	0	0	0	0	3936	0	0	0	1758	976	1490	1782	5516	0	908	0	0	0	1142	0	2024	0	206	0	1046	0	1288	0	200	0	1020	0	10152	0	522	0	512	0	570	0	194	168	3584	2382	3456	184	14328	0	2008	110	468	3618	27402	0	304	0	380	0	172	0	1352	0	0	0	326	0	0	0	0	0	0	0	0	0	0	0	0	0	0	0	0	0	0	0	0	120	0	0	0	0	0	
799804	Frontal_Sup_L	8272	0	0	4784	18182	0	53064	0	2896	0	13404	168	11410	0	8860	0	9704	292	70972	9624	72	0	44120	4362	7104	260	1966	0	38580	386	16908	4170	4082	3510	0	0	3378	0	0	0	0	0	0	0	0	0	0	0	0	0	196	0	90	0	2566	0	4136	0	0	0	218	0	0	0	0	0	0	0	538	1426	7364	3892	16994	456	3040	0	878	0	1126	0	8426	0	2270	0	874	0	0	0	4882	0	0	0	0	0	0	0	0	0	0	0	0	0	0	0	0	0	0	0	0	0	0	0	0	0	0	0	
599784	Frontal_Sup_R	0	5650	4784	0	554	2010	1386	17442	0	974	0	16208	0	5778	96	4126	0	5162	17846	44458	90	538	14978	34012	716	5800	122	1198	0	20858	5766	29274	2862	18512	0	0	0	1278	0	372	0	0	0	0	0	0	0	0	0	0	0	0	0	0	0	676	0	632	0	0	0	182	0	236	0	78	0	0	0	0	184	11330	184	13136	0	1466	146	6870	0	782	0	750	0	390	0	0	0	0	0	0	0	0	0	0	0	0	0	0	0	0	0	0	0	0	0	0	0	0	0	0	0	0	0	0	0	0	
161544	Frontal_Sup_Orb_L	0	0	18182	554	0	114	4680	0	4570	0	0	0	116	0	3494	0	0	0	938	182	1490	670	12644	304	8578	164	5720	452	964	0	6662	1016	758	164	0	0	0	0	0	0	88	0	0	0	0	0	0	0	0	0	0	0	0	0	0	0	0	0	0	0	0	0	0	0	0	0	0	0	0	0	2678	314	5276	0	0	0	0	0	0	0	0	0	0	0	0	0	0	0	0	0	0	0	0	0	0	0	0	0	0	0	0	0	0	0	0	0	0	0	0	0	0	0	0	0	0	0	
47632	Frontal_Sup_Orb_R	0	0	0	2010	114	0	0	156	0	1676	0	0	0	0	102	638	0	0	0	106	196	600	400	1890	0	5162	126	5402	0	148	316	1650	0	212	0	0	0	0	0	0	0	0	0	0	0	0	0	0	0	0	0	0	0	0	0	0	0	0	0	0	0	0	0	0	0	0	0	0	0	0	198	1562	92	1060	0	0	0	0	0	0	0	0	0	0	0	0	0	0	0	0	0	0	0	0	0	0	0	0	0	0	0	0	0	0	0	0	0	0	0	0	0	0	0	0	0	0	
380532	Frontal_Mid_L	13208	0	53064	1386	4680	0	0	0	2148	0	7718	0	20968	0	8402	0	2294	0	13434	292	0	0	16180	800	1672	0	424	0	15868	0	6618	1064	3224	694	124	122	1394	0	0	0	0	0	0	0	0	0	0	0	0	0	92	0	0	0	770	0	540	0	0	0	0	0	0	0	0	0	0	0	0	0	1462	664	5366	82	0	0	278	0	1142	0	2658	0	138	0	206	0	0	0	1090	0	0	0	0	0	0	0	0	0	0	0	0	0	0	0	0	0	0	0	0	0	0	0	0	0	0	0	
110844	Frontal_Mid_R	0	4458	0	17442	0	156	0	0	0	484	0	5726	0	8586	0	2214	0	546	486	730	0	0	80	2446	0	0	0	0	0	5908	0	458	0	380	0	0	0	0	0	0	0	0	0	0	0	0	0	0	0	0	0	0	0	0	0	0	0	194	0	0	0	0	0	0	0	0	0	0	0	0	0	684	0	3970	0	224	0	76	0	0	0	0	0	174	0	0	0	0	0	0	0	0	0	0	0	0	0	0	0	0	0	0	0	0	0	0	0	0	0	0	0	0	0	0	0	0	
42448	Frontal_Mid_Orb_L	0	0	2896	0	4570	0	2148	0	0	0	0	0	1364	0	5384	0	0	0	292	0	0	0	496	0	324	0	1610	0	544	0	154	0	0	0	0	0	0	0	0	0	0	0	0	0	0	0	0	0	0	0	0	0	0	0	0	0	0	0	0	0	0	0	0	0	0	0	0	0	0	0	132	0	1310	0	0	0	0	0	0	0	0	0	0	0	0	0	0	0	0	0	0	0	0	0	0	0	0	0	0	0	0	0	0	0	0	0	0	0	0	0	0	0	0	0	0	0	
21296	Frontal_Mid_Orb_R	0	0	0	974	0	1676	0	484	0	0	0	384	0	808	0	2926	0	0	294	768	0	0	0	142	0	0	0	0	0	670	72	132	0	104	0	0	0	0	0	0	0	0	0	0	0	0	0	0	0	0	0	0	0	0	0	0	0	0	0	0	0	0	0	0	0	0	0	0	0	0	0	394	0	820	0	0	0	0	0	0	0	0	0	0	0	0	0	0	0	0	0	0	0	0	0	0	0	0	0	0	0	0	0	0	0	0	0	0	0	0	0	0	0	0	0	0	
175380	Frontal_Inf_Oper_L	8210	0	13404	0	0	0	7718	0	0	0	0	0	6320	0	688	0	9838	0	11064	0	0	0	0	0	0	0	0	0	18518	0	0	0	0	0	0	0	180	0	0	0	0	0	0	0	0	0	0	0	0	0	0	0	0	0	162	0	1388	0	0	0	0	0	0	0	0	0	0	0	94	0	398	0	388	0	0	0	0	0	132	0	4948	0	3996	0	0	0	0	0	244	0	0	0	0	0	0	0	0	0	0	0	0	0	0	0	0	0	0	0	0	0	0	0	0	0	0	0	
191648	Frontal_Inf_Oper_R	0	2340	168	16208	0	0	0	5726	0	384	0	0	0	9442	0	2226	0	6600	2594	8740	0	188	0	470	0	0	0	0	0	27848	110	1904	0	990	0	0	0	224	0	142	0	0	0	0	0	0	0	0	0	0	0	0	0	0	0	198	0	748	0	0	0	0	0	0	0	0	0	110	0	0	0	1536	0	4436	0	0	0	220	0	714	0	768	0	790	0	0	0	0	0	0	0	0	0	0	0	0	0	0	0	0	0	0	0	0	0	0	0	0	0	0	0	0	0	0	0	0	
181564	Frontal_Inf_Tri_L	2046	0	11410	0	116	0	20968	0	1364	0	6320	0	0	0	20192	0	92	0	7946	0	0	0	1398	0	0	0	0	0	13466	0	418	160	306	0	0	0	0	0	0	0	0	0	0	0	0	0	0	0	0	0	0	0	0	0	0	0	0	0	0	0	0	0	0	0	0	0	0	0	0	0	1438	422	2468	0	0	0	0	0	0	0	74	0	178	0	0	0	0	0	0	0	0	0	0	0	0	0	0	0	0	0	0	0	0	0	0	0	0	0	0	0	0	0	0	0	0	0	
126588	Frontal_Inf_Tri_R	0	0	0	5778	0	0	0	8586	0	808	0	9442	0	0	0	5970	0	0	2590	4362	0	290	74	790	0	0	0	106	0	15762	0	3250	0	1470	0	0	0	78	0	0	0	0	0	0	0	0	0	0	0	0	0	0	0	0	0	0	0	0	0	0	0	0	0	0	0	0	0	0	0	0	0	1290	0	2648	0	0	0	0	0	0	0	0	0	0	0	0	0	0	0	0	0	0	0	0	0	0	0	0	0	0	0	0	0	0	0	0	0	0	0	0	0	0	0	0	0	0	
177004	Frontal_Inf_Orb_L	322	0	8860	96	3494	102	8402	0	5384	0	688	0	20192	0	0	0	122	0	5238	0	2190	550	1380	0	0	120	1210	326	14250	0	480	290	258	0	0	0	0	0	0	0	130	0	0	0	0	0	0	0	0	0	0	0	0	0	0	0	0	0	0	0	0	0	0	0	0	0	0	0	0	0	2980	586	10098	0	0	0	0	0	0	0	120	0	634	0	0	0	0	0	0	0	0	0	0	0	0	0	0	0	0	0	0	0	0	0	0	0	0	0	0	0	0	0	0	0	0	0	
83248	Frontal_Inf_Orb_R	0	206	0	4126	0	638	0	2214	0	2926	0	2226	0	5970	0	0	0	912	1170	3514	0	734	0	206	0	0	0	518	0	7526	338	1042	0	778	0	0	0	0	0	92	0	0	0	0	0	0	0	0	0	0	0	0	0	0	0	0	0	0	0	0	0	0	0	0	0	0	0	0	0	0	98	1968	0	2218	0	0	0	0	0	0	0	430	0	1774	0	0	0	0	0	0	0	0	0	0	0	0	0	0	0	0	0	0	0	0	0	0	0	0	0	0	0	0	0	0	0	0	
190156	Rolandic_Oper_L	11736	0	9704	0	0	0	2294	0	0	0	9838	0	92	0	122	0	0	0	5724	0	0	0	0	0	0	0	0	0	17638	0	0	0	0	0	0	0	364	0	0	0	0	0	0	0	0	0	0	0	0	0	1190	0	266	0	358	0	12696	0	0	0	260	0	2060	0	0	0	132	0	0	0	208	0	302	0	0	0	0	0	3996	0	11026	0	3374	0	750	0	0	0	948	0	0	0	0	0	0	0	0	0	0	0	0	0	0	0	0	0	0	0	0	0	0	0	0	0	0	0	
108768	Rolandic_Oper_R	0	1864	292	5162	0	0	0	546	0	0	0	6600	0	0	0	912	0	0	250	1626	0	0	0	0	0	0	0	0	0	12216	0	0	0	0	0	0	0	326	0	184	0	0	0	142	0	0	0	0	0	0	0	136	0	0	0	274	0	5660	0	0	0	284	0	3246	0	236	0	216	0	0	80	324	0	1906	0	0	0	320	0	4830	0	4980	0	1264	0	418	0	0	0	90	0	0	0	0	0	0	0	0	0	0	0	0	0	0	0	0	0	0	0	0	0	0	0	0	0	0	
811944	Supp_Motor_Area_L	4710	882	70972	17846	938	0	13434	486	292	294	11064	2594	7946	2590	5238	1170	5724	250	0	60586	0	88	7792	5844	352	0	0	0	37036	3862	6714	12156	11466	34786	866	598	3488	0	0	0	0	0	0	0	0	0	0	0	0	0	202	0	0	0	4718	0	3516	302	0	0	290	0	0	0	0	0	228	0	6906	10896	7236	3540	11156	836	1752	0	634	0	434	0	7914	0	2176	0	2474	0	0	0	8408	0	0	0	0	0	0	0	0	0	290	0	0	0	0	0	0	0	0	0	0	0	0	0	0	0	0	0	
766740	Supp_Motor_Area_R	7834	3886	9624	44458	182	106	292	730	0	768	0	8740	0	4362	0	3514	0	1626	60586	0	0	166	3416	8176	88	0	0	72	370	12022	3898	25150	8884	60282	1678	1682	258	2722	0	1960	0	0	112	0	0	0	78	234	0	0	0	0	0	0	140	2108	160	6530	0	0	0	0	0	0	0	0	620	470	16426	32674	1638	21600	0	15094	140	1880	992	4116	102	214	0	258	0	0	0	0	0	0	106	0	0	0	0	0	0	0	0	146	0	0	0	0	0	0	0	0	0	0	0	0	0	0	0	0	0	0	
56876	Olfactory_L	0	0	72	90	1490	196	0	0	0	0	0	0	0	0	2190	0	0	0	0	0	0	4020	0	76	172	148	1422	876	2366	0	1562	986	0	0	0	0	0	0	0	0	678	0	0	0	0	0	0	0	0	0	0	0	0	0	0	0	0	0	0	0	0	0	0	0	0	0	0	0	0	0	5784	2460	3210	408	0	0	0	0	0	0	0	0	232	0	0	0	0	0	0	0	0	0	0	0	0	0	0	0	0	0	0	0	0	0	0	0	0	0	0	0	0	0	0	0	0	0	
77096	Olfactory_R	0	162	0	538	670	600	0	0	0	0	0	188	0	290	550	734	0	0	88	166	4020	0	0	290	0	536	942	2216	0	1536	2114	1948	0	72	0	0	0	0	0	102	0	264	0	0	0	0	0	0	0	0	0	0	0	0	0	0	0	0	0	0	0	0	0	0	0	0	0	0	0	0	6812	6082	4888	2182	234	150	0	174	0	0	0	0	0	0	0	0	0	0	0	0	0	0	0	0	0	0	0	0	0	0	0	0	0	0	0	0	0	0	0	0	0	0	0	0	0	0	
385116	Frontal_Sup_Medial_L	0	0	44120	14978	12644	400	16180	80	496	0	0	0	1398	74	1380	0	0	0	7792	3416	0	0	0	21546	6676	3718	1294	202	560	116	18916	14840	6164	10616	0	0	0	0	0	0	0	0	0	0	0	0	0	0	0	0	0	0	0	0	0	0	0	0	0	0	0	0	0	0	0	0	0	0	0	0	1486	550	2708	208	0	0	0	0	0	0	0	0	0	0	0	0	0	0	0	0	0	0	0	0	0	0	0	0	0	0	0	0	0	0	0	0	0	0	0	0	0	0	0	0	0	0	
269836	Frontal_Sup_Medial_R	0	0	4362	34012	304	1890	800	2446	0	142	0	470	0	790	0	206	0	0	5844	8176	76	290	21546	0	898	7642	110	1158	0	944	2750	18930	1108	13326	0	0	0	0	0	0	0	0	0	0	0	0	0	0	0	0	0	0	0	0	0	0	0	0	0	0	0	0	0	0	0	0	0	0	0	0	96	3668	0	2934	0	0	0	0	0	0	0	0	0	0	0	0	0	0	0	0	0	0	0	0	0	0	0	0	0	0	0	0	0	0	0	0	0	0	0	0	0	0	0	0	0	0	
73064	Frontal_Med_Orb_L	0	0	7104	716	8578	0	1672	0	324	0	0	0	0	0	0	0	0	0	352	88	172	0	6676	898	0	1046	1302	78	80	0	4448	848	182	84	0	0	0	0	0	0	0	0	0	0	0	0	0	0	0	0	0	0	0	0	0	0	0	0	0	0	0	0	0	0	0	0	0	0	0	0	1354	0	530	0	0	0	0	0	0	0	0	0	0	0	0	0	0	0	0	0	0	0	0	0	0	0	0	0	0	0	0	0	0	0	0	0	0	0	0	0	0	0	0	0	0	0	
83276	Frontal_Med_Orb_R	0	0	260	5800	164	5162	0	0	0	0	0	0	0	0	120	0	0	0	0	0	148	536	3718	7642	1046	0	134	5118	0	0	2106	5802	0	534	0	0	0	0	0	0	0	0	0	0	0	0	0	0	0	0	0	0	0	0	0	0	0	0	0	0	0	0	0	0	0	0	0	0	0	0	146	2288	0	914	0	0	0	0	0	0	0	0	0	0	0	0	0	0	0	0	0	0	0	0	0	0	0	0	0	0	0	0	0	0	0	0	0	0	0	0	0	0	0	0	0	0	
44668	Rectus_L	0	0	1966	122	5720	126	424	0	1610	0	0	0	0	0	1210	0	0	0	0	0	1422	942	1294	110	1302	134	0	510	0	0	1712	372	0	0	0	0	0	0	0	0	0	0	0	0	0	0	0	0	0	0	0	0	0	0	0	0	0	0	0	0	0	0	0	0	0	0	0	0	0	0	1974	318	1066	0	0	0	0	0	0	0	0	0	0	0	0	0	0	0	0	0	0	0	0	0	0	0	0	0	0	0	0	0	0	0	0	0	0	0	0	0	0	0	0	0	0	0	
49964	Rectus_R	0	0	0	1198	452	5402	0	0	0	0	0	0	0	106	326	518	0	0	0	72	876	2216	202	1158	78	5118	510	0	0	484	296	2244	0	112	0	0	0	0	0	0	0	0	0	0	0	0	0	0	0	0	0	0	0	0	0	0	0	0	0	0	0	0	0	0	0	0	0	0	0	0	870	1514	384	846	0	0	0	0	0	0	0	0	0	0	0	0	0	0	0	0	0	0	0	0	0	0	0	0	0	0	0	0	0	0	0	0	0	0	0	0	0	0	0	0	0	0	
608708	Insula_L	20884	0	38580	0	964	0	15868	0	544	0	18518	0	13466	0	14250	0	17638	0	37036	370	2366	0	560	0	80	0	0	0	0	0	464	160	138	92	316	238	14992	162	298	0	1612	0	348	0	0	0	376	0	0	0	1886	0	1128	0	13248	0	5130	0	272	0	382	0	150	0	144	0	576	0	592	170	2450	508	13990	0	302	0	708	112	10084	0	22188	0	6182	0	4908	0	0	0	18462	0	0	0	0	0	0	0	162	0	300	0	0	0	0	0	0	0	0	0	0	0	0	0	0	0	0	0	
359920	Insula_R	408	3936	386	20858	0	148	0	5908	0	670	0	27848	0	15762	0	7526	0	12216	3862	12022	0	1536	116	944	0	0	0	484	0	0	474	3704	0	1634	570	704	1088	5210	0	2044	0	1356	0	172	0	100	0	0	0	94	0	158	0	0	0	3466	0	1694	0	0	0	660	0	1930	0	346	0	384	360	104	112	3320	0	19838	0	164	1660	3012	0	2164	0	4478	0	746	0	1322	0	0	0	2262	0	0	0	0	0	0	0	0	0	0	0	0	0	0	0	0	0	0	0	0	0	0	0	0	0	0	
261104	Cingulum_Ant_L	0	0	16908	5766	6662	316	6618	0	154	72	0	110	418	0	480	338	0	0	6714	3898	1562	2114	18916	2750	4448	2106	1712	296	464	474	0	16876	7634	2072	852	0	0	0	0	0	0	0	0	0	0	0	0	0	0	0	0	0	0	0	0	0	0	0	0	0	0	0	0	0	0	0	76	0	0	0	6574	5804	4490	2878	0	0	0	0	0	0	0	0	0	0	0	0	0	0	0	0	0	0	0	0	0	0	0	0	0	0	0	0	0	0	0	0	0	0	0	0	0	0	0	0	0	0	
419612	Cingulum_Ant_R	0	0	4170	29274	1016	1650	1064	458	0	132	0	1904	160	3250	290	1042	0	0	12156	25150	986	1948	14840	18930	848	5802	372	2244	160	3704	16876	0	3204	20620	76	0	0	0	0	0	0	0	0	0	0	0	0	0	0	0	0	0	0	0	0	0	0	0	0	0	0	0	0	0	0	0	0	0	0	234	2798	20046	1186	13216	0	0	0	0	0	0	0	0	0	0	0	0	0	0	0	0	0	0	0	0	0	0	0	0	0	0	0	0	0	0	0	0	0	0	0	0	0	0	0	0	0	0	
193652	Cingulum_Mid_L	198	0	4082	2862	758	0	3224	0	0	0	0	0	306	0	258	0	0	0	11466	8884	0	0	6164	1108	182	0	0	0	138	0	7634	3204	0	15070	7046	2152	0	0	0	0	0	0	2068	0	802	0	506	0	148	0	1830	0	410	0	266	0	192	598	378	0	0	0	0	0	76	0	7496	1194	2566	2346	264	0	592	0	0	0	0	0	0	0	0	0	0	0	244	0	0	0	0	0	0	0	0	0	0	0	114	0	0	0	0	0	0	0	0	0	0	0	0	0	0	0	0	0	0	0	
582924	Cingulum_Mid_R	7212	1758	3510	18512	164	212	694	380	0	104	0	990	0	1470	0	778	0	0	34786	60282	0	72	10616	13326	84	534	0	112	92	1634	2072	20620	15070	0	4668	8976	0	86	0	104	0	0	330	104	400	542	0	190	0	0	332	0	0	0	82	158	1136	10830	0	246	0	0	0	0	0	0	3348	6298	20678	32262	574	1980	0	398	168	0	792	1132	0	0	0	0	0	0	0	0	0	0	0	0	0	0	0	0	0	0	0	0	0	0	0	0	0	0	0	0	0	0	0	0	564	0	0	0	0	0	
207900	Cingulum_Post_L	2326	976	0	0	0	0	124	0	0	0	0	0	0	0	0	0	0	0	866	1678	0	0	0	0	0	0	0	0	316	570	852	76	7046	4668	0	13536	5520	4920	2726	1498	0	0	5512	88	1562	144	5160	264	106	0	3340	0	980	0	1940	1710	2928	2418	256	0	386	0	0	0	160	0	9404	2490	3872	2718	0	0	82	172	0	0	2354	2204	390	0	0	0	0	0	2012	0	0	0	858	0	0	0	0	0	0	0	1704	200	206	0	0	0	0	0	0	0	0	0	0	0	632	0	0	0	0	0	
239096	Cingulum_Post_R	2664	1490	0	0	0	0	122	0	0	0	0	0	0	0	0	0	0	0	598	1682	0	0	0	0	0	0	0	0	238	704	0	0	2152	8976	13536	0	4772	7032	1604	2552	0	0	0	462	314	1252	570	4730	0	0	128	0	0	312	906	5392	1596	6214	0	462	0	0	0	0	0	0	3694	19166	3462	6476	0	0	82	276	0	0	3348	3504	360	0	0	0	0	0	0	1172	0	0	708	248	0	0	0	0	0	0	0	374	164	0	0	0	0	0	0	0	0	0	0	0	6054	0	0	0	0	0	
281004	Hippocampus_L	10558	1782	3378	0	0	0	1394	0	0	0	180	0	0	0	0	0	364	0	3488	258	0	0	0	0	0	0	0	0	14992	1088	0	0	0	0	5520	4772	0	4872	10060	716	4208	0	1352	0	0	0	3708	270	0	0	92	0	168	0	16218	542	448	0	0	0	74	0	0	0	0	0	1766	966	2678	82	516	0	6670	356	672	0	7170	4048	3528	0	2662	0	860	0	1054	0	102	0	15416	0	0	0	0	0	0	0	550	198	530	0	0	0	0	0	0	0	0	0	0	0	176	0	0	0	0	0	
344524	Hippocampus_R	1342	5516	0	1278	0	0	0	0	0	0	0	224	0	78	0	0	0	326	0	2722	0	0	0	0	0	0	0	0	162	5210	0	0	0	86	4920	7032	4872	0	1798	32336	0	6916	0	138	0	0	654	4018	0	0	0	0	0	96	816	34710	186	1380	0	0	0	120	0	0	0	0	190	3240	1478	1062	0	244	0	18808	0	972	3448	7974	190	154	0	1644	0	410	0	1578	0	0	760	7804	0	0	0	0	0	884	0	3066	178	288	0	0	0	0	0	0	0	0	0	92	862	0	0	0	0	0	
87488	ParaHippocampal_L	152	0	0	0	0	0	0	0	0	0	0	0	0	0	0	0	0	0	0	0	0	0	0	0	0	0	0	0	298	0	0	0	0	0	2726	1604	10060	1798	0	176	1890	0	940	0	0	0	5644	344	0	0	0	0	0	0	5584	166	0	0	0	0	0	0	0	0	0	0	1348	900	0	0	0	0	604	158	0	0	1362	622	0	0	96	0	174	0	0	0	0	0	3106	0	0	0	0	0	642	0	2700	106	446	0	0	0	0	0	0	0	0	0	0	0	98	0	0	0	0	0	
258440	ParaHippocampal_R	166	908	0	372	0	0	0	0	0	0	0	142	0	0	0	92	0	184	0	1960	0	102	0	0	0	0	0	0	0	2044	0	0	0	104	1498	2552	716	32336	176	0	0	6996	0	634	0	0	0	6758	0	0	0	0	0	180	148	31576	184	1312	0	0	0	124	0	0	0	0	132	2972	514	1090	0	160	0	13524	0	946	688	2814	0	0	0	288	0	1128	0	756	0	820	128	3200	0	0	0	0	0	1758	0	5296	0	372	0	0	0	0	0	0	0	0	0	418	952	0	0	0	0	0	
32116	Amygdala_L	0	0	0	0	88	0	0	0	0	0	0	0	0	0	130	0	0	0	0	0	678	0	0	0	0	0	0	0	1612	0	0	0	0	0	0	0	4208	0	1890	0	0	0	0	0	0	0	0	0	0	0	0	0	0	0	2870	0	0	0	0	0	0	0	0	0	0	0	0	0	0	0	204	0	1636	0	0	0	304	0	0	0	0	0	734	0	0	0	210	0	1494	0	0	0	0	0	0	0	0	0	0	0	0	0	0	0	0	0	0	0	0	0	0	0	0	0	0	0	
63324	Amygdala_R	0	0	0	0	0	0	0	0	0	0	0	0	0	0	0	0	0	0	0	0	0	264	0	0	0	0	0	0	0	1356	0	0	0	0	0	0	0	6916	0	6996	0	0	0	0	0	0	0	0	0	0	0	0	0	0	0	7500	0	0	0	0	0	0	0	0	0	0	0	0	0	0	0	0	0	1416	0	0	0	78	0	0	0	0	0	2286	0	422	0	252	0	4176	0	0	0	0	0	0	0	0	0	0	0	0	0	0	0	0	0	0	0	0	0	0	0	0	0	0	
356716	Calcarine_L	886	0	0	0	0	0	0	0	0	0	0	0	0	0	0	0	0	0	0	112	0	0	0	0	0	0	0	0	348	0	0	0	2068	330	5512	0	1352	0	940	0	0	0	0	11798	10688	8104	26318	3486	7442	5458	27590	2142	9336	252	11074	640	1264	116	910	0	760	148	0	0	618	146	25450	1102	294	130	0	0	0	0	0	0	0	0	158	0	0	0	0	0	3838	0	0	0	1004	0	598	0	0	0	0	0	3544	0	1118	0	0	0	0	0	0	0	0	0	0	0	1284	0	0	0	0	0	
317268	Calcarine_R	0	1142	0	0	0	0	0	0	0	0	0	0	0	0	0	0	0	142	0	0	0	0	0	0	0	0	0	0	0	172	0	0	0	104	88	462	0	138	0	634	0	0	11798	0	4298	23212	1434	25640	364	18174	292	14224	0	5946	0	6634	0	2910	0	624	0	2440	0	1586	0	2228	526	19466	0	1412	0	0	0	0	0	0	0	194	0	0	0	396	0	0	0	3044	0	0	0	906	0	246	0	104	0	82	0	1284	0	350	0	0	0	0	0	0	0	0	0	0	5938	0	0	0	0	0	
159832	Cuneus_L	0	0	0	0	0	0	0	0	0	0	0	0	0	0	0	0	0	0	0	0	0	0	0	0	0	0	0	0	0	0	0	0	802	400	1562	314	0	0	0	0	0	0	10688	4298	0	6782	876	96	14806	2632	14558	644	1700	0	920	0	182	204	954	0	184	408	108	0	216	402	13136	1976	0	210	0	0	0	0	0	0	0	0	0	0	0	0	0	0	520	104	0	0	0	0	140	0	0	0	0	0	0	0	0	0	0	0	0	0	0	0	0	0	0	0	94	0	0	0	0	0	
301184	Cuneus_R	0	2024	0	0	0	0	0	0	0	0	0	0	0	0	0	0	0	0	0	0	0	0	0	0	0	0	0	0	0	100	0	0	0	542	144	1252	0	0	0	0	0	0	8104	23212	6782	0	452	3200	362	35644	220	15914	0	430	0	452	0	1976	0	9404	0	6524	0	226	0	2648	3920	20718	0	354	0	0	0	0	0	0	0	0	0	0	0	80	0	0	0	5050	0	0	0	162	0	0	0	0	0	0	0	0	0	0	0	0	0	0	0	0	0	0	0	0	696	0	0	0	0	0	
469076	Lingual_L	768	0	0	0	0	0	0	0	0	0	0	0	0	0	0	0	0	0	0	78	0	0	0	0	0	0	0	0	376	0	0	0	506	0	5160	570	3708	654	5644	0	0	0	26318	1434	876	452	0	5290	2288	430	15694	264	10778	418	33658	1168	1264	0	740	0	626	0	0	0	366	0	17532	494	304	0	0	0	0	0	0	0	264	218	168	0	0	0	0	0	2586	0	0	0	2188	0	19034	1036	4720	1028	1748	0	20218	1010	25216	1914	550	300	810	258	0	0	0	0	0	0	5486	4848	3080	0	0	0	
459544	Lingual_R	0	206	0	0	0	0	0	0	0	0	0	0	0	0	0	0	0	0	0	234	0	0	0	0	0	0	0	0	0	0	0	0	0	190	264	4730	270	4018	344	6758	0	0	3486	25640	96	3200	5290	0	0	3186	0	5440	0	5944	3716	28222	0	1190	0	130	0	142	0	0	0	0	204	17996	86	1118	0	0	0	912	0	0	158	516	0	0	0	0	0	0	0	822	0	0	0	422	8030	12914	1842	2170	332	1494	3874	16214	8764	16950	184	72	252	294	0	0	0	0	0	586	17412	10740	2356	128	134	100	
131932	Occipital_Sup_L	0	0	0	0	0	0	0	0	0	0	0	0	0	0	0	0	0	0	0	0	0	0	0	0	0	0	0	0	0	0	0	0	148	0	106	0	0	0	0	0	0	0	7442	364	14806	362	2288	0	0	164	22184	0	2488	0	1052	0	294	0	3680	0	806	0	102	0	308	0	8490	358	112	0	0	0	0	0	0	0	0	0	0	0	0	0	0	0	272	0	0	0	0	0	140	0	0	0	0	0	0	0	0	0	0	0	0	0	0	0	0	0	0	0	0	0	0	0	0	0	
300336	Occipital_Sup_R	0	1046	0	0	0	0	0	0	0	0	0	0	0	0	0	0	0	0	0	0	0	0	0	0	0	0	0	0	0	94	0	0	0	0	0	0	0	0	0	0	0	0	5458	18174	2632	35644	430	3186	164	0	142	28398	0	730	0	592	0	912	0	13926	0	10612	0	102	0	9638	708	9658	0	0	0	0	0	0	0	0	0	0	0	0	0	410	0	0	0	6192	0	0	0	1320	0	0	0	0	0	0	0	0	0	0	0	0	0	0	0	0	0	0	0	0	0	0	0	0	0	0	
576808	Occipital_Mid_L	2074	0	196	0	0	0	92	0	0	0	0	0	0	0	0	0	1190	0	202	0	0	0	0	0	0	0	0	0	1886	0	0	0	1830	332	3340	128	92	0	0	0	0	0	27590	292	14558	220	15694	0	22184	142	0	0	32046	0	16902	0	11724	132	20600	0	18802	0	3324	0	25420	0	31312	502	2854	136	0	0	0	0	82	0	0	0	1242	0	1598	0	0	0	21900	0	0	0	3572	0	2162	0	0	0	0	0	988	0	772	0	0	0	0	0	0	0	0	0	0	0	292	0	0	0	0	0	
289720	Occipital_Mid_R	0	1288	0	0	0	0	0	0	0	0	0	0	0	0	0	0	0	136	0	0	0	0	0	0	0	0	0	0	0	158	0	0	0	0	0	0	0	0	0	0	0	0	2142	14224	644	15914	264	5440	0	28398	0	0	0	6358	0	1866	0	1478	0	10636	0	9662	0	246	0	15292	260	7638	0	370	0	0	0	0	0	0	0	0	0	128	0	1244	0	0	0	16530	0	0	0	4544	0	0	0	0	0	0	0	0	0	0	0	0	0	0	0	0	0	0	0	0	0	0	0	0	0	0	
239884	Occipital_Inf_L	1098	0	90	0	0	0	0	0	0	0	0	0	0	0	0	0	266	0	0	0	0	0	0	0	0	0	0	0	1128	0	0	0	410	0	980	0	168	0	0	0	0	0	9336	0	1700	0	10778	0	2488	0	32046	0	0	0	21832	0	2886	0	2074	0	1862	0	1018	0	2274	0	8334	0	1158	0	0	0	0	0	0	0	0	0	684	0	378	0	0	0	8028	0	0	0	3896	0	3140	0	80	0	0	0	668	0	704	0	0	0	0	0	0	0	0	0	0	0	298	140	0	0	0	0	
96032	Occipital_Inf_R	0	200	0	0	0	0	0	0	0	0	0	0	0	0	0	0	0	0	0	0	0	0	0	0	0	0	0	0	0	0	0	0	0	0	0	312	0	96	0	180	0	0	252	5946	0	430	418	5944	0	730	0	6358	0	0	0	5512	0	1836	0	0	0	598	0	0	0	674	0	1948	0	774	0	0	0	0	0	0	0	0	0	0	0	86	0	0	0	5104	0	0	0	7384	148	384	0	82	0	0	0	124	386	896	0	0	0	0	0	0	0	0	0	0	370	644	200	0	0	0	
609248	Fusiform_L	5318	0	2566	0	0	0	770	0	0	0	162	0	0	0	0	0	358	0	4718	140	0	0	0	0	0	0	0	0	13248	0	0	0	266	82	1940	906	16218	816	5584	148	2870	0	11074	0	920	0	33658	3716	1052	0	16902	0	21832	0	0	208	3500	0	1376	0	1458	0	376	0	1192	0	9368	92	2132	112	104	0	4196	82	160	0	1558	430	2800	0	2886	0	1140	0	6152	0	592	0	26780	0	28828	146	5234	478	170	0	11290	850	32312	598	1592	178	1272	130	0	0	0	0	0	0	4198	3772	1618	0	0	0	
571392	Fusiform_R	104	1020	0	676	0	0	0	0	0	0	0	198	0	0	0	0	0	274	0	2108	0	0	0	0	0	0	0	0	0	3466	0	0	0	158	1710	5392	542	34710	166	31576	0	7500	640	6634	0	452	1168	28222	0	592	0	1866	0	5512	208	0	204	6558	0	0	0	558	0	186	0	134	152	7714	528	3214	0	130	0	15788	0	714	478	2508	0	118	0	1902	0	3164	0	3994	0	1672	106	20650	1780	21500	630	3124	0	1722	682	10638	2382	24748	0	290	0	2188	0	166	0	0	0	142	4994	3936	1220	90	98	0	
317148	Postcentral_L	24456	0	4136	0	0	0	540	0	0	0	1388	0	0	0	0	0	12696	0	3516	160	0	0	0	0	0	0	0	0	5130	0	0	0	192	1136	2928	1596	448	186	0	184	0	0	1264	0	182	0	1264	0	294	0	11724	0	2886	0	3500	204	0	1846	13760	0	20108	0	11400	0	1824	0	8602	374	7450	1420	190	0	140	0	74	0	0	0	2616	0	3902	0	0	0	3536	0	0	0	858	0	116	0	0	0	0	0	256	0	92	0	0	0	0	0	0	0	0	0	0	0	0	0	0	0	0	0	
319728	Postcentral_R	2452	10152	0	632	0	0	0	194	0	0	0	748	0	0	0	0	0	5660	302	6530	0	0	0	0	0	0	0	0	0	1694	0	0	598	10830	2418	6214	0	1380	0	1312	0	0	116	2910	204	1976	0	1190	0	912	132	1478	0	1836	0	6558	1846	0	0	6442	0	5024	0	8930	0	1358	1394	11632	8310	30418	192	802	0	182	0	0	442	556	0	374	0	2084	0	0	0	5142	0	0	0	5184	0	0	0	0	0	0	0	0	0	0	0	0	0	0	0	0	0	0	0	0	1124	0	0	0	0	0	
177904	Parietal_Sup_L	1310	0	0	0	0	0	0	0	0	0	0	0	0	0	0	0	0	0	0	0	0	0	0	0	0	0	0	0	272	0	0	0	378	0	256	0	0	0	0	0	0	0	910	0	954	0	740	0	3680	0	20600	0	2074	0	1376	0	13760	0	0	0	16438	0	1252	0	6580	0	15102	0	1938	0	0	0	0	0	0	0	0	0	0	0	0	0	0	0	1176	0	0	0	0	0	82	0	0	0	0	0	74	0	0	0	0	0	0	0	0	0	0	0	0	0	0	0	0	0	0	0	
175004	Parietal_Sup_R	0	522	0	0	0	0	0	0	0	0	0	0	0	0	0	0	0	0	0	0	0	0	0	0	0	0	0	0	0	0	0	0	0	246	0	462	0	0	0	0	0	0	0	624	0	9404	0	130	0	13926	0	10636	0	0	0	0	0	6442	0	0	0	12018	0	154	0	10114	2044	19024	0	666	0	0	0	0	0	0	0	0	0	0	0	0	0	0	0	854	0	0	0	98	0	0	0	0	0	0	0	0	0	0	0	0	0	0	0	0	0	0	0	0	138	0	0	0	0	0	
242504	Parietal_Inf_L	4230	0	218	0	0	0	0	0	0	0	0	0	0	0	0	0	260	0	290	0	0	0	0	0	0	0	0	0	382	0	0	0	0	0	386	0	74	0	0	0	0	0	760	0	184	0	626	0	806	0	18802	0	1862	0	1458	0	20108	0	16438	0	0	0	13448	0	27684	0	2366	0	332	0	0	0	0	0	0	0	0	0	0	0	1192	0	0	0	5646	0	0	0	3554	0	0	0	0	0	0	0	146	0	0	0	0	0	0	0	0	0	0	0	0	0	0	0	0	0	0	0	
188332	Parietal_Inf_R	0	512	0	182	0	0	0	0	0	0	0	0	0	0	0	0	0	284	0	0	0	0	0	0	0	0	0	0	0	660	0	0	0	0	0	0	0	120	0	124	0	0	148	2440	408	6524	0	142	0	10612	0	9662	0	598	0	558	0	5024	0	12018	0	0	0	7816	0	20598	114	6424	0	0	0	0	0	0	0	0	0	0	0	92	0	1520	0	0	0	5780	0	0	0	1806	0	0	0	0	0	0	0	0	0	0	0	0	0	0	0	0	0	0	0	0	0	0	0	0	0	0	
104444	SupraMarginal_L	536	0	0	0	0	0	0	0	0	0	0	0	0	0	0	0	2060	0	0	0	0	0	0	0	0	0	0	0	150	0	0	0	0	0	0	0	0	0	0	0	0	0	0	0	108	0	0	0	102	0	3324	0	1018	0	376	0	11400	0	1252	0	13448	0	0	0	6044	0	642	0	0	0	0	0	0	0	0	0	0	0	122	0	5904	0	0	0	4368	0	0	0	1368	0	0	0	0	0	0	0	0	0	0	0	0	0	0	0	0	0	0	0	0	0	0	0	0	0	0	0	
78644	SupraMarginal_R	0	570	0	236	0	0	0	0	0	0	0	0	0	0	0	0	0	3246	0	0	0	0	0	0	0	0	0	0	0	1930	0	0	0	0	0	0	0	0	0	0	0	0	0	1586	0	226	0	0	0	102	0	246	0	0	0	186	0	8930	0	154	0	7816	0	0	0	5092	0	1852	0	0	0	0	0	0	0	0	0	0	0	162	0	4816	0	0	0	2084	0	0	0	88	0	0	0	0	0	0	0	0	0	0	0	0	0	0	0	0	0	0	0	0	0	0	0	0	0	0	
200668	Angular_L	366	0	0	0	0	0	0	0	0	0	0	0	0	0	0	0	0	0	0	0	0	0	0	0	0	0	0	0	144	0	0	0	76	0	160	0	0	0	0	0	0	0	618	0	216	0	366	0	308	0	25420	0	2274	0	1192	0	1824	0	6580	0	27684	0	6044	0	0	0	3056	0	322	0	0	0	0	0	0	0	0	0	128	0	2012	0	0	0	15808	0	0	0	5600	0	0	0	0	0	0	0	136	0	0	0	0	0	0	0	0	0	0	0	0	0	0	0	0	0	0	0	
163904	Angular_R	0	194	0	78	0	0	0	0	0	0	0	0	0	0	0	0	0	236	0	0	0	0	0	0	0	0	0	0	0	346	0	0	0	0	0	0	0	0	0	0	0	0	146	2228	402	2648	0	0	0	9638	0	15292	0	674	0	134	0	1358	0	10114	0	20598	0	5092	0	0	0	2498	0	0	0	0	0	0	0	0	0	0	0	0	0	2500	0	0	0	7058	0	0	0	718	0	0	0	0	0	0	0	0	0	0	0	0	0	0	0	0	0	0	0	0	0	0	0	0	0	0	
431428	Precuneus_L	1398	168	0	0	0	0	0	0	0	0	0	0	0	0	0	0	132	0	228	620	0	0	0	0	0	0	0	0	576	0	76	0	7496	3348	9404	3694	1766	190	1348	132	0	0	25450	526	13136	3920	17532	204	8490	708	31312	260	8334	0	9368	152	8602	1394	15102	2044	2366	114	642	0	3056	0	0	11062	4532	1288	0	0	0	0	0	0	0	0	302	0	128	0	0	0	7262	94	0	0	1166	0	324	0	0	0	0	0	4036	0	416	0	0	0	0	0	0	0	0	0	0	0	1816	0	0	0	0	0	
442072	Precuneus_R	292	3584	0	0	0	0	0	0	0	0	0	110	0	0	0	0	0	216	0	470	0	0	0	0	0	0	0	0	0	384	0	0	1194	6298	2490	19166	966	3240	900	2972	0	0	1102	19466	1976	20718	494	17996	358	9658	502	7638	0	1948	92	7714	374	11632	0	19024	0	6424	0	1852	0	2498	11062	0	1056	6908	0	0	0	202	0	0	196	814	0	144	0	650	0	0	0	4784	0	0	0	1094	0	298	0	124	0	294	0	3766	0	368	0	0	0	0	0	0	0	0	0	358	15170	0	0	0	0	0	
353180	Paracentral_Lobule_L	35178	2382	538	0	0	0	0	0	0	0	94	0	0	0	0	0	0	0	6906	16426	0	0	0	0	0	0	0	0	592	360	0	0	2566	20678	3872	3462	2678	1478	0	514	0	0	294	0	0	0	304	86	112	0	2854	0	1158	0	2132	528	7450	8310	1938	0	332	0	0	0	322	0	4532	1056	0	17988	5644	90	462	0	1266	0	17604	1914	122	0	116	0	0	0	1252	0	0	0	752	0	0	0	0	0	0	0	90	0	0	0	0	0	0	0	0	0	0	0	0	0	158	0	0	0	0	0	
363824	Paracentral_Lobule_R	6974	3456	1426	0	0	0	0	0	0	0	0	0	0	0	0	0	0	0	10896	32674	0	0	0	0	0	0	0	0	170	104	0	234	2346	32262	2718	6476	82	1062	0	1090	0	0	130	1412	210	354	0	1118	0	0	136	370	0	774	112	3214	1420	30418	0	666	0	0	0	0	0	0	1288	6908	17988	0	676	3708	0	498	180	164	954	1590	0	210	0	1234	0	0	0	1802	0	0	0	896	0	0	0	0	0	0	0	0	0	0	0	0	0	0	0	0	0	0	0	0	1512	0	0	0	0	0	
226540	Caudate_L	6804	184	7364	184	2678	198	1462	0	132	0	398	0	1438	0	2980	98	208	80	7236	1638	5784	6812	1486	96	1354	146	1974	870	2450	112	6574	2798	264	574	0	0	516	0	0	0	204	0	0	0	0	0	0	0	0	0	0	0	0	0	104	0	190	192	0	0	0	0	0	0	0	0	0	0	5644	676	0	12198	12480	2008	2166	0	11902	176	0	0	190	0	140	0	0	0	0	0	108	0	0	0	0	0	0	0	0	0	0	0	0	0	0	0	0	0	0	0	0	0	0	0	0	0	0	0	
355792	Caudate_R	118	14328	3892	11330	314	1562	664	684	0	394	0	1536	422	1290	586	1968	0	324	3540	21600	2460	6082	550	3668	0	2288	318	1514	508	3320	5804	20046	0	1980	0	0	0	244	0	160	0	0	0	0	0	0	0	0	0	0	0	0	0	0	0	130	0	802	0	0	0	0	0	0	0	0	0	0	90	3708	12198	0	4606	21238	404	2172	990	18064	0	0	0	0	0	0	0	0	0	0	0	0	0	0	0	0	0	0	0	0	0	0	0	0	0	0	0	0	0	0	0	0	0	0	0	0	0	0	
270460	Putamen_L	2078	0	16994	184	5276	92	5366	0	1310	0	388	0	2468	0	10098	0	302	0	11156	0	3210	4888	2708	0	530	0	1066	384	13990	0	4490	1186	592	0	82	82	6670	0	604	0	1636	0	0	0	0	0	0	0	0	0	0	0	0	0	4196	0	140	0	0	0	0	0	0	0	0	0	0	0	462	0	12480	4606	0	1670	5436	96	910	0	148	0	1274	0	1180	0	228	0	90	0	4484	0	0	0	0	0	0	0	0	0	0	0	0	0	0	0	0	0	0	0	0	0	0	0	0	0	0	0	
367108	Putamen_R	0	2008	456	13136	0	1060	82	3970	0	820	0	4436	0	2648	0	2218	0	1906	836	15094	408	2182	208	2934	0	914	0	846	0	19838	2878	13216	0	398	172	276	356	18808	158	13524	0	1416	0	0	0	0	0	912	0	0	0	0	0	0	82	15788	0	182	0	0	0	0	0	0	0	0	0	202	0	498	2008	21238	1670	0	162	3496	260	3326	0	728	0	1522	0	134	0	688	0	0	80	2430	0	0	0	0	0	308	0	638	0	0	0	0	0	0	0	0	0	0	0	0	0	0	0	0	0	0	
41976	Pallidum_L	1384	110	3040	0	0	0	0	0	0	0	0	0	0	0	0	0	0	0	1752	140	0	234	0	0	0	0	0	0	302	0	0	0	0	168	0	0	672	0	0	0	0	0	0	0	0	0	0	0	0	0	82	0	0	0	160	0	74	0	0	0	0	0	0	0	0	0	0	0	1266	180	2166	404	5436	162	0	100	2954	0	0	0	0	0	0	0	0	0	0	0	202	0	0	0	0	0	0	0	0	0	0	0	0	0	0	0	0	0	0	0	0	0	0	0	0	0	0	0	
26392	Pallidum_R	0	468	0	1466	0	0	0	224	0	0	0	0	0	0	0	0	0	0	0	1880	0	150	0	0	0	0	0	0	0	164	0	0	0	0	0	0	0	972	0	946	0	0	0	0	0	0	0	0	0	0	0	0	0	0	0	714	0	0	0	0	0	0	0	0	0	0	0	0	0	164	0	2172	96	3496	100	0	0	184	0	0	0	0	0	0	0	0	0	0	0	0	0	0	0	0	0	0	0	0	0	0	0	0	0	0	0	0	0	0	0	0	0	0	0	0	0	0	
199840	Thalamus_L	21232	3618	878	146	0	0	278	0	0	0	0	0	0	0	0	0	0	0	634	992	0	0	0	0	0	0	0	0	708	1660	0	0	0	792	2354	3348	7170	3448	1362	688	304	0	0	0	0	0	264	158	0	0	0	0	0	0	1558	478	0	442	0	0	0	0	0	0	0	0	0	196	17604	954	11902	990	910	260	2954	0	0	9582	190	0	122	0	0	0	0	0	0	0	1464	0	0	0	0	0	0	0	0	104	0	0	0	0	0	0	0	0	0	0	0	0	176	0	0	0	0	0	
217200	Thalamus_R	2058	27402	0	6870	0	0	0	76	0	0	0	220	0	0	0	0	0	320	0	4116	0	174	0	0	0	0	0	0	112	3012	0	0	0	1132	2204	3504	4048	7974	622	2814	0	78	0	194	0	0	218	516	0	0	0	0	0	0	430	2508	0	556	0	0	0	0	0	0	0	0	0	814	1914	1590	176	18064	0	3326	0	184	9582	0	88	146	0	438	0	0	0	0	0	0	408	0	0	0	0	0	0	0	0	134	0	0	0	0	0	0	0	0	0	0	0	0	578	0	0	0	0	0	
88192	Heschl_L	5984	0	1126	0	0	0	1142	0	0	0	132	0	0	0	0	0	3996	0	434	102	0	0	0	0	0	0	0	0	10084	0	0	0	0	0	390	360	3528	190	0	0	0	0	158	0	0	0	168	0	0	0	1242	0	684	0	2800	0	2616	0	0	0	0	0	122	0	128	0	302	0	122	0	0	0	148	0	0	0	190	88	0	0	2536	0	0	0	1778	0	0	0	3546	0	0	0	0	0	0	0	0	0	0	0	0	0	0	0	0	0	0	0	0	0	0	0	0	0	0	0	
35296	Heschl_R	0	304	0	782	0	0	0	0	0	0	0	714	0	0	0	0	0	4830	0	214	0	0	0	0	0	0	0	0	0	2164	0	0	0	0	0	0	0	154	0	0	0	0	0	0	0	0	0	0	0	0	0	128	0	0	0	118	0	374	0	0	0	92	0	162	0	0	0	144	0	210	0	0	0	728	0	0	0	146	0	0	0	6150	0	0	0	234	0	0	0	0	0	0	0	0	0	0	0	0	0	0	0	0	0	0	0	0	0	0	0	0	0	0	0	0	0	0	
256816	Temporal_Sup_L	6240	0	8426	0	0	0	2658	0	0	0	4948	0	74	0	120	0	11026	0	7914	0	0	0	0	0	0	0	0	0	22188	0	0	0	0	0	0	0	2662	0	96	0	0	0	0	0	0	0	0	0	0	0	1598	0	378	0	2886	0	3902	0	0	0	1192	0	5904	0	2012	0	128	0	116	0	190	0	1274	0	0	0	122	0	2536	0	0	0	5050	0	20058	0	110	0	14600	0	0	0	0	0	0	0	0	0	0	0	0	0	0	0	0	0	0	0	0	0	0	0	0	0	0	0	
106012	Temporal_Sup_R	0	380	0	750	0	0	0	0	0	0	0	768	0	0	0	430	0	4980	0	258	0	0	0	0	0	0	0	0	0	4478	0	0	0	0	0	0	0	1644	0	288	0	0	0	396	0	80	0	0	0	410	0	1244	0	86	0	1902	0	2084	0	0	0	1520	0	4816	0	2500	0	650	0	1234	0	0	0	1522	0	0	0	438	0	6150	0	0	0	1664	0	10188	0	178	0	1968	0	0	0	0	0	0	0	0	0	0	0	0	0	0	0	0	0	0	0	0	0	0	0	0	0	0	
81172	Temporal_Pole_Sup_L	0	0	2270	0	0	0	138	0	0	0	3996	0	178	0	634	0	3374	0	2176	0	232	0	0	0	0	0	0	0	6182	0	0	0	0	0	0	0	860	0	174	0	734	0	0	0	0	0	0	0	0	0	0	0	0	0	1140	0	0	0	0	0	0	0	0	0	0	0	0	0	0	0	140	0	1180	0	0	0	0	0	0	0	5050	0	0	0	4344	0	3528	0	4256	0	0	0	0	0	0	0	0	0	0	0	0	0	0	0	0	0	0	0	0	0	0	0	0	0	0	0	
45168	Temporal_Pole_Sup_R	0	172	0	390	0	0	0	174	0	0	0	790	0	0	0	1774	0	1264	0	0	0	0	0	0	0	0	0	0	0	746	0	0	0	0	0	0	0	410	0	1128	0	2286	0	0	0	0	0	0	0	0	0	0	0	0	0	3164	0	0	0	0	0	0	0	0	0	0	0	0	0	0	0	0	0	134	0	0	0	0	0	0	0	1664	0	0	0	1620	0	3168	0	3700	0	0	0	0	0	0	0	0	0	0	0	0	0	0	0	0	0	0	0	0	0	0	0	0	0	0	
327272	Temporal_Mid_L	3190	0	874	0	0	0	206	0	0	0	0	0	0	0	0	0	750	0	2474	0	0	0	0	0	0	0	0	0	4908	0	0	0	244	0	2012	0	1054	0	0	0	0	0	3838	0	520	0	2586	0	272	0	21900	0	8028	0	6152	0	3536	0	1176	0	5646	0	4368	0	15808	0	7262	0	1252	0	0	0	228	0	0	0	0	0	1778	0	20058	0	4344	0	0	0	3856	0	34038	0	116	0	0	0	0	0	794	0	90	0	0	0	0	0	0	0	0	0	0	0	278	0	0	0	0	0	
230704	Temporal_Mid_R	0	1352	0	0	0	0	0	0	0	0	0	0	0	0	0	0	0	418	0	0	0	0	0	0	0	0	0	0	0	1322	0	0	0	0	0	1172	0	1578	0	756	0	422	0	3044	104	5050	0	822	0	6192	0	16530	0	5104	0	3994	0	5142	0	854	0	5780	0	2084	0	7058	94	4784	0	1802	0	0	0	688	0	0	0	0	0	234	0	10188	0	1620	0	0	0	1374	0	25206	0	0	0	0	0	0	0	0	0	0	0	0	0	0	0	0	0	0	0	0	584	0	0	0	0	0	
24884	Temporal_Pole_Mid_L	0	0	0	0	0	0	0	0	0	0	0	0	0	0	0	0	0	0	0	0	0	0	0	0	0	0	0	0	0	0	0	0	0	0	0	0	102	0	0	0	210	0	0	0	0	0	0	0	0	0	0	0	0	0	592	0	0	0	0	0	0	0	0	0	0	0	0	0	0	0	0	0	90	0	0	0	0	0	0	0	110	0	3528	0	3856	0	0	0	3954	0	0	0	0	0	0	0	0	0	0	0	0	0	0	0	0	0	0	0	0	0	0	0	0	0	0	0	
18496	Temporal_Pole_Mid_R	0	0	0	0	0	0	0	0	0	0	0	0	0	0	0	0	0	0	0	0	0	0	0	0	0	0	0	0	0	0	0	0	0	0	0	0	0	0	0	820	0	252	0	0	0	0	0	0	0	0	0	0	0	0	0	1672	0	0	0	0	0	0	0	0	0	0	0	0	0	0	0	0	0	0	0	0	0	0	0	0	0	178	0	3168	0	1374	0	0	0	1784	0	0	0	0	0	0	0	0	0	0	0	0	0	0	0	0	0	0	0	0	0	0	0	0	0	0	
376272	Temporal_Inf_L	3950	0	4882	0	0	0	1090	0	0	0	244	0	0	0	0	0	948	0	8408	106	0	0	0	0	0	0	0	0	18462	0	0	0	0	0	858	708	15416	760	3106	128	1494	0	1004	0	0	0	2188	0	0	0	3572	0	3896	0	26780	106	858	0	0	0	3554	0	1368	0	5600	0	1166	0	752	0	108	0	4484	80	202	0	1464	408	3546	0	14600	0	4256	0	34038	0	3954	0	0	0	3680	0	1654	0	194	0	1060	0	1574	0	774	0	580	0	0	0	0	0	0	0	76	0	0	0	0	0	
217292	Temporal_Inf_R	0	326	0	0	0	0	0	0	0	0	0	0	0	0	0	0	0	90	0	0	0	0	0	0	0	0	0	0	0	2262	0	0	0	0	0	248	0	7804	0	3200	0	4176	0	906	0	162	0	422	0	1320	0	4544	0	7384	0	20650	0	5184	0	98	0	1806	0	88	0	718	0	1094	0	896	0	0	0	2430	0	0	0	0	0	0	0	1968	0	3700	0	25206	0	1784	0	0	0	4690	0	1484	0	116	0	176	0	1164	0	330	0	1956	0	0	0	0	0	0	264	0	0	0	0	0	
589188	Cerebelum_Crus1_L	0	0	0	0	0	0	0	0	0	0	0	0	0	0	0	0	0	0	0	0	0	0	0	0	0	0	0	0	0	0	0	0	0	0	0	0	0	0	0	0	0	0	598	0	140	0	19034	8030	140	0	2162	0	3140	148	28828	1780	116	0	82	0	0	0	0	0	0	0	324	0	0	0	0	0	0	0	0	0	0	0	0	0	0	0	0	0	116	0	0	0	3680	0	0	5646	45618	3048	1538	822	24632	5270	65058	7982	14056	840	14900	1644	1004	346	78	0	118	330	12710	11520	6938	1132	690	356	
475904	Cerebelum_Crus1_R	0	0	0	0	0	0	0	0	0	0	0	0	0	0	0	0	0	0	0	0	0	0	0	0	0	0	0	0	0	0	0	0	0	0	0	0	0	0	0	0	0	0	0	246	0	0	1036	12914	0	0	0	0	0	384	146	21500	0	0	0	0	0	0	0	0	0	0	0	298	0	0	0	0	0	0	0	0	0	0	0	0	0	0	0	0	0	0	0	0	0	4690	5646	0	4100	32560	296	2918	5564	21004	6616	55372	804	4764	1678	24266	440	2132	0	158	256	1748	10124	7574	5232	1904	1338	244	
470004	Cerebelum_Crus2_L	0	0	0	0	0	0	0	0	0	0	0	0	0	0	0	0	0	0	0	0	0	0	0	0	0	0	0	0	0	0	0	0	0	0	0	0	0	0	0	0	0	0	0	0	0	0	4720	1842	0	0	0	0	80	0	5234	630	0	0	0	0	0	0	0	0	0	0	0	0	0	0	0	0	0	0	0	0	0	0	0	0	0	0	0	0	0	0	0	0	1654	0	45618	4100	0	13506	692	940	12276	3446	24082	4000	40522	4420	32888	4114	626	390	0	0	192	418	6440	3782	13024	4094	958	314	
426732	Cerebelum_Crus2_R	0	0	0	0	0	0	0	0	0	0	0	0	0	0	0	0	0	0	0	0	0	0	0	0	0	0	0	0	0	0	0	0	0	0	0	0	0	0	0	0	0	0	0	104	0	0	1028	2170	0	0	0	0	0	82	478	3124	0	0	0	0	0	0	0	0	0	0	0	124	0	0	0	0	0	0	0	0	0	0	0	0	0	0	0	0	0	0	0	0	0	1484	3048	32560	13506	0	560	3024	1668	6448	2450	12792	9506	26410	9278	45606	484	3972	0	326	650	2134	3450	2078	13362	8972	2488	0	
85608	Cerebelum_3_L	0	0	0	0	0	0	0	0	0	0	0	0	0	0	0	0	0	0	0	0	0	0	0	0	0	0	0	0	0	0	0	0	0	0	0	0	0	0	642	0	0	0	0	0	0	0	1748	332	0	0	0	0	0	0	170	0	0	0	0	0	0	0	0	0	0	0	0	0	0	0	0	0	0	0	0	0	0	0	0	0	0	0	0	0	0	0	0	0	194	0	1538	296	692	560	0	350	8130	248	2380	872	1458	248	3630	1750	3036	1316	0	0	2188	3250	2054	1110	868	1774	1810	160	
116344	Cerebelum_3_R	0	0	0	0	0	0	0	0	0	0	0	0	0	0	0	0	0	0	0	0	0	0	0	0	0	0	0	0	0	0	0	0	0	0	0	0	0	884	0	1758	0	0	0	82	0	0	0	1494	0	0	0	0	0	0	0	1722	0	0	0	0	0	0	0	0	0	0	0	294	0	0	0	0	0	308	0	0	0	0	0	0	0	0	0	0	0	0	0	0	0	116	822	2918	940	3024	350	0	1904	10560	904	5122	636	524	1730	5368	186	1880	0	0	602	5050	2932	634	644	2396	2388	0	
457668	Cerebelum_4_5_L	314	0	0	0	0	0	0	0	0	0	0	0	0	0	0	0	0	0	0	0	0	0	0	0	0	0	0	0	162	0	0	0	114	0	1704	0	550	0	2700	0	0	0	3544	0	0	0	20218	3874	0	0	988	0	668	0	11290	682	256	0	74	0	146	0	0	0	136	0	4036	0	90	0	0	0	0	0	0	0	0	0	0	0	0	0	0	0	794	0	0	0	1060	0	24632	5564	12276	1668	8130	1904	0	8674	34194	6994	6814	716	11642	3502	4506	2738	476	276	1598	2966	20670	4986	1152	3642	4198	1516	
359460	Cerebelum_4_5_R	0	0	0	0	0	0	0	0	0	0	0	0	0	0	0	0	0	0	0	146	0	0	0	0	0	0	0	0	0	0	0	0	0	0	200	374	198	3066	106	5296	0	0	0	1284	0	0	1010	16214	0	0	0	0	0	124	850	10638	0	0	0	0	0	0	0	0	0	0	0	3766	0	0	0	0	0	638	0	0	104	134	0	0	0	0	0	0	0	0	0	0	0	176	5270	21004	3446	6448	248	10560	8674	0	6692	29128	1160	1238	2292	7804	176	1138	0	0	148	4044	18304	3432	704	1792	1414	290	
584732	Cerebelum_6_L	0	0	0	0	0	0	0	0	0	0	0	0	0	0	0	0	0	0	290	0	0	0	0	0	0	0	0	0	300	0	0	0	0	0	206	164	530	178	446	0	0	0	1118	0	0	0	25216	8764	0	0	772	0	704	386	32312	2382	92	0	0	0	0	0	0	0	0	0	416	0	0	0	0	0	0	0	0	0	0	0	0	0	0	0	0	0	90	0	0	0	1574	0	65058	6616	24082	2450	2380	904	34194	6692	0	11440	8206	756	9376	1790	1590	420	254	0	158	592	15850	15498	5682	1296	738	404	
480640	Cerebelum_6_R	0	0	0	0	0	0	0	0	0	0	0	0	0	0	0	0	0	0	0	0	0	0	0	0	0	0	0	0	0	0	0	0	0	0	0	0	0	288	0	372	0	0	0	350	0	0	1914	16950	0	0	0	0	0	896	598	24748	0	0	0	0	0	0	0	0	0	0	0	368	0	0	0	0	0	0	0	0	0	0	0	0	0	0	0	0	0	0	0	0	0	1164	7982	55372	4000	12792	872	5122	6994	29128	11440	0	840	2328	2560	12144	1372	1938	0	200	118	1904	13060	14232	5004	1794	1132	344	
329296	Cerebelum_7b_L	0	0	0	0	0	0	0	0	0	0	0	0	0	0	0	0	0	0	0	0	0	0	0	0	0	0	0	0	0	0	0	0	0	0	0	0	0	0	0	0	0	0	0	0	0	0	550	184	0	0	0	0	0	0	1592	0	0	0	0	0	0	0	0	0	0	0	0	0	0	0	0	0	0	0	0	0	0	0	0	0	0	0	0	0	0	0	0	0	774	0	14056	804	40522	9506	1458	636	6814	1160	8206	840	0	5590	42996	5692	1794	474	340	0	732	1078	3148	776	6246	7464	1038	178	
196124	Cerebelum_7b_R	0	0	0	0	0	0	0	0	0	0	0	0	0	0	0	0	0	0	0	0	0	0	0	0	0	0	0	0	0	0	0	0	0	0	0	0	0	0	0	0	0	0	0	0	0	0	300	72	0	0	0	0	0	0	178	290	0	0	0	0	0	0	0	0	0	0	0	0	0	0	0	0	0	0	0	0	0	0	0	0	0	0	0	0	0	0	0	0	0	330	840	4764	4420	26410	248	524	716	1238	756	2328	5590	0	6298	28568	122	912	0	126	218	434	1086	208	4004	6688	394	0	
461184	Cerebelum_8_L	0	0	0	0	0	0	0	0	0	0	0	0	0	0	0	0	0	0	0	0	0	0	0	0	0	0	0	0	0	0	0	0	0	0	0	0	0	0	0	0	0	0	0	0	0	0	810	252	0	0	0	0	0	0	1272	0	0	0	0	0	0	0	0	0	0	0	0	0	0	0	0	0	0	0	0	0	0	0	0	0	0	0	0	0	0	0	0	0	580	0	14900	1678	32888	9278	3630	1730	11642	2292	9376	2560	42996	6298	0	14652	20854	4888	2882	438	1370	2424	5320	2312	6574	17836	7990	870	
473632	Cerebelum_8_R	0	0	0	0	0	0	0	0	0	0	0	0	0	0	0	0	0	0	0	0	0	0	0	0	0	0	0	0	0	0	0	0	0	0	0	0	0	0	0	0	0	0	0	0	0	0	258	294	0	0	0	0	0	0	130	2188	0	0	0	0	0	0	0	0	0	0	0	0	0	0	0	0	0	0	0	0	0	0	0	0	0	0	0	0	0	0	0	0	0	1956	1644	24266	4114	45606	1750	5368	3502	7804	1790	12144	5692	28568	14652	0	3214	22810	176	1972	1392	4092	5894	1574	4998	18604	10072	292	
132712	Cerebelum_9_L	0	0	0	0	0	0	0	0	0	0	0	0	0	0	0	0	0	0	0	0	0	0	0	0	0	0	0	0	0	0	0	0	0	0	0	0	0	0	0	0	0	0	0	0	0	0	0	0	0	0	0	0	0	0	0	0	0	0	0	0	0	0	0	0	0	0	0	0	0	0	0	0	0	0	0	0	0	0	0	0	0	0	0	0	0	0	0	0	0	0	1004	440	626	484	3036	186	4506	176	1590	1372	1794	122	20854	3214	0	5942	3732	304	380	530	734	1996	1186	3988	7348	812	
174828	Cerebelum_9_R	0	0	0	0	0	0	0	0	0	0	0	0	0	0	0	0	0	0	0	0	0	0	0	0	0	0	0	0	0	0	0	0	0	0	0	0	0	0	0	0	0	0	0	0	0	0	0	0	0	0	0	0	0	0	0	166	0	0	0	0	0	0	0	0	0	0	0	0	0	0	0	0	0	0	0	0	0	0	0	0	0	0	0	0	0	0	0	0	0	0	346	2132	390	3972	1316	1880	2738	1138	420	1938	474	912	4888	22810	5942	0	480	2934	1300	2170	2578	1568	1400	8622	13158	1742	
18472	Cerebelum_10_L	0	0	0	0	0	0	0	0	0	0	0	0	0	0	0	0	0	0	0	0	0	0	0	0	0	0	0	0	0	0	0	0	0	0	0	0	0	0	0	0	0	0	0	0	0	0	0	0	0	0	0	0	0	0	0	0	0	0	0	0	0	0	0	0	0	0	0	0	0	0	0	0	0	0	0	0	0	0	0	0	0	0	0	0	0	0	0	0	0	0	78	0	0	0	0	0	476	0	254	0	340	0	2882	176	3732	480	0	0	0	0	0	0	0	248	570	0	
15696	Cerebelum_10_R	0	0	0	0	0	0	0	0	0	0	0	0	0	0	0	0	0	0	0	0	0	0	0	0	0	0	0	0	0	0	0	0	0	0	0	0	0	0	0	0	0	0	0	0	0	0	0	0	0	0	0	0	0	0	0	0	0	0	0	0	0	0	0	0	0	0	0	0	0	0	0	0	0	0	0	0	0	0	0	0	0	0	0	0	0	0	0	0	0	0	0	158	0	326	0	0	276	0	0	200	0	126	438	1972	304	2934	0	0	0	0	0	0	0	456	658	0	
44492	Vermis_1_2	0	0	0	0	0	0	0	0	0	0	0	0	0	0	0	0	0	0	0	0	0	0	0	0	0	0	0	0	0	0	0	0	0	0	0	0	0	0	0	0	0	0	0	0	0	0	0	0	0	0	0	0	0	0	0	0	0	0	0	0	0	0	0	0	0	0	0	0	0	0	0	0	0	0	0	0	0	0	0	0	0	0	0	0	0	0	0	0	0	0	118	256	192	650	2188	602	1598	148	158	118	732	218	1370	1392	380	1300	0	0	0	5130	2118	274	364	1330	1514	96	
103716	Vermis_3	0	0	0	0	0	0	0	0	0	0	0	0	0	0	0	0	0	0	0	0	0	0	0	0	0	0	0	0	0	0	0	0	0	0	0	0	0	92	0	418	0	0	0	0	0	0	0	586	0	0	0	0	0	0	0	142	0	0	0	0	0	0	0	0	0	0	0	358	0	0	0	0	0	0	0	0	0	0	0	0	0	0	0	0	0	0	0	0	0	0	330	1748	418	2134	3250	5050	2966	4044	592	1904	1078	434	2424	4092	530	2170	0	0	5130	0	4994	818	778	2534	2742	102	
448312	Vermis_4_5	188	120	0	0	0	0	0	0	0	0	0	0	0	0	0	0	0	0	0	0	0	0	0	0	0	0	0	0	0	0	0	0	0	564	632	6054	176	862	98	952	0	0	1284	5938	94	696	5486	17412	0	0	292	0	298	370	4198	4994	0	1124	0	138	0	0	0	0	0	0	1816	15170	158	1512	0	0	0	0	0	0	176	578	0	0	0	0	0	0	278	584	0	0	76	264	12710	10124	6440	3450	2054	2932	20670	18304	15850	13060	3148	1086	5320	5894	734	2578	0	0	2118	4994	0	8698	1068	4104	4260	1978	
