data	data	412464	254944	1.01564e+06	978872	204204	146148	621708	280796	78492	25752	310532	183564	389236	195700	170564	74832	207148	103544	641224	718716	62152	107408	570400	543908	62596	119356	47800	87228	702832	342480	631048	755296	210516	510856	147904	206996	266740	350396	114416	277260	50352	72700	196448	222028	124352	160920	301668	336748	141300	217536	474080	191880	116476	37800	424640	374184	307956	185596	190432	74552	279292	109044	99728	104544	156180	100688	274488	332568	173872	87960	451380	328208	396480	426696	58752	68276	137396	221872	93132	21280	223928	139628	117020	68284	356960	177756	31372	16004	231892	180600	450912	431164	249164	192864	46620	89752	317144	304828	480464	442564	216004	110448	277072	244372	141224	165520	15848	7368	30660	67544	244468	362404	213236	160044	116440	38192	
data	data	Precentral_L	Precentral_R	Frontal_Sup_L	Frontal_Sup_R	Frontal_Sup_Orb_L	Frontal_Sup_Orb_R	Frontal_Mid_L	Frontal_Mid_R	Frontal_Mid_Orb_L	Frontal_Mid_Orb_R	Frontal_Inf_Oper_L	Frontal_Inf_Oper_R	Frontal_Inf_Tri_L	Frontal_Inf_Tri_R	Frontal_Inf_Orb_L	Frontal_Inf_Orb_R	Rolandic_Oper_L	Rolandic_Oper_R	Supp_Motor_Area_L	Supp_Motor_Area_R	Olfactory_L	Olfactory_R	Frontal_Sup_Medial_L	Frontal_Sup_Medial_R	Frontal_Med_Orb_L	Frontal_Med_Orb_R	Rectus_L	Rectus_R	Insula_L	Insula_R	Cingulum_Ant_L	Cingulum_Ant_R	Cingulum_Mid_L	Cingulum_Mid_R	Cingulum_Post_L	Cingulum_Post_R	Hippocampus_L	Hippocampus_R	ParaHippocampal_L	ParaHippocampal_R	Amygdala_L	Amygdala_R	Calcarine_L	Calcarine_R	Cuneus_L	Cuneus_R	Lingual_L	Lingual_R	Occipital_Sup_L	Occipital_Sup_R	Occipital_Mid_L	Occipital_Mid_R	Occipital_Inf_L	Occipital_Inf_R	Fusiform_L	Fusiform_R	Postcentral_L	Postcentral_R	Parietal_Sup_L	Parietal_Sup_R	Parietal_Inf_L	Parietal_Inf_R	SupraMarginal_L	SupraMarginal_R	Angular_L	Angular_R	Precuneus_L	Precuneus_R	Paracentral_Lobule_L	Paracentral_Lobule_R	Caudate_L	Caudate_R	Putamen_L	Putamen_R	Pallidum_L	Pallidum_R	Thalamus_L	Thalamus_R	Heschl_L	Heschl_R	Temporal_Sup_L	Temporal_Sup_R	Temporal_Pole_Sup_L	Temporal_Pole_Sup_R	Temporal_Mid_L	Temporal_Mid_R	Temporal_Pole_Mid_L	Temporal_Pole_Mid_R	Temporal_Inf_L	Temporal_Inf_R	Cerebelum_Crus1_L	Cerebelum_Crus1_R	Cerebelum_Crus2_L	Cerebelum_Crus2_R	Cerebelum_3_L	Cerebelum_3_R	Cerebelum_4_5_L	Cerebelum_4_5_R	Cerebelum_6_L	Cerebelum_6_R	Cerebelum_7b_L	Cerebelum_7b_R	Cerebelum_8_L	Cerebelum_8_R	Cerebelum_9_L	Cerebelum_9_R	Cerebelum_10_L	Cerebelum_10_R	Vermis_1_2	Vermis_3	Vermis_4_5	Vermis_6	Vermis_7	Vermis_8	Vermis_9	Vermis_10	
412464	Precentral_L	0	7634	12568	5272	0	0	17558	768	0	0	11176	290	2064	326	0	0	7078	0	5724	8466	0	0	0	0	0	0	0	0	6522	128	180	526	3858	2542	4558	122	2000	0	424	0	0	0	354	0	112	0	418	0	1124	0	5566	0	298	0	492	0	31494	348	2322	0	3260	0	668	0	850	0	2852	188	19202	0	5014	6576	2692	718	604	386	5148	9208	2870	0	1844	0	100	0	1458	0	0	0	282	0	0	0	0	0	0	0	0	0	0	0	0	0	0	0	0	0	0	0	0	0	0	0	0	0	0	0	
254944	Precentral_R	7634	0	2056	13252	0	0	1078	8954	0	0	624	4274	698	494	0	0	0	694	1940	13762	0	0	0	0	0	0	0	0	954	450	0	0	1070	5154	1206	7546	278	1850	0	162	0	0	0	524	0	612	0	1212	0	1126	0	858	0	0	0	94	1896	17612	0	0	142	1220	0	4262	0	0	414	4552	1026	4330	2416	1448	658	510	98	196	1336	2906	0	92	0	664	0	0	0	908	0	0	0	2230	0	0	0	0	0	0	0	0	0	0	0	0	0	0	0	0	0	0	0	0	0	0	0	0	0	0	
1.01564e+06	Frontal_Sup_L	12568	2056	0	20240	17916	0	82538	2794	3160	0	9368	1436	19172	1324	9938	0	6360	104	62350	22672	166	0	59108	10336	1570	270	0	0	32398	380	40578	13252	7136	10596	136	0	1612	160	288	0	0	0	0	0	0	0	0	0	0	0	0	0	0	0	116	0	1136	196	0	0	0	0	0	0	0	0	0	0	1694	0	13014	1718	17472	1006	4400	326	8306	650	2832	0	1928	0	1046	0	0	0	0	0	0	0	0	0	0	0	0	0	0	0	0	0	0	0	0	0	0	0	0	0	0	0	0	0	0	0	0	0	
978872	Frontal_Sup_R	5272	13252	20240	0	0	12384	7020	36812	0	444	1242	6156	2724	8638	0	4154	538	1546	23984	72644	192	2234	17182	57046	104	3920	0	2450	3392	13642	14880	51070	3904	27258	210	850	396	4514	88	1676	0	228	0	0	0	0	0	242	0	0	0	0	0	0	0	136	858	1050	0	0	0	104	0	162	0	0	178	236	752	0	5044	12530	2084	26268	90	4608	1428	9618	362	0	180	452	0	628	0	0	0	0	0	140	0	0	0	0	0	0	0	0	0	0	0	0	0	0	0	0	0	0	0	0	0	0	0	0	0	0	
204204	Frontal_Sup_Orb_L	0	0	17916	0	0	0	6854	0	12870	0	192	0	4814	0	15394	0	0	0	392	0	848	0	4586	170	5490	892	4138	0	13540	0	5390	932	0	0	0	0	0	0	0	0	138	0	0	0	0	0	0	0	0	0	0	0	0	0	0	0	0	0	0	0	0	0	0	0	0	0	0	0	0	0	1458	0	4868	0	0	0	0	0	0	0	0	0	1220	0	0	0	0	0	0	0	0	0	0	0	0	0	0	0	0	0	0	0	0	0	0	0	0	0	0	0	0	0	0	0	0	0	
146148	Frontal_Sup_Orb_R	0	0	0	12384	0	0	0	910	0	4602	0	0	0	212	0	5150	0	0	0	0	234	2718	216	10052	94	5510	0	6228	0	5368	590	9534	0	0	0	0	0	206	0	102	0	258	0	0	0	0	0	0	0	0	0	0	0	0	0	0	0	0	0	0	0	0	0	0	0	0	0	0	0	0	0	1754	0	6700	0	0	0	0	0	0	0	0	0	252	0	0	0	0	0	0	0	0	0	0	0	0	0	0	0	0	0	0	0	0	0	0	0	0	0	0	0	0	0	0	0	0	
621708	Frontal_Mid_L	17558	1078	82538	7020	6854	0	0	6588	1768	0	11122	2066	35280	2926	8680	0	834	0	8872	3678	0	0	30816	4990	290	0	0	0	16246	168	27306	7398	998	3610	110	0	336	94	0	0	0	0	0	0	0	0	0	0	0	0	0	0	0	0	0	0	1684	110	0	0	0	0	0	0	0	0	0	0	90	0	6366	1198	5552	894	246	464	3048	720	846	0	276	0	136	0	0	0	0	0	0	0	0	0	0	0	0	0	0	0	0	0	0	0	0	0	0	0	0	0	0	0	0	0	0	0	0	0	
280796	Frontal_Mid_R	768	8954	2794	36812	0	910	6588	0	0	1336	3180	8384	4364	13344	0	3118	118	0	2592	5008	0	0	2160	7892	0	0	0	0	2900	2362	2574	9198	122	3054	0	0	122	270	0	0	0	0	0	0	0	0	0	0	0	0	0	0	0	0	0	0	292	880	0	0	0	0	0	0	0	0	0	0	0	0	4504	1352	1022	2482	0	512	0	430	0	0	0	0	0	0	0	0	0	0	0	0	0	0	0	0	0	0	0	0	0	0	0	0	0	0	0	0	0	0	0	0	0	0	0	0	0	0	
78492	Frontal_Mid_Orb_L	0	0	3160	0	12870	0	1768	0	0	0	0	0	898	0	14086	0	0	0	0	0	0	0	96	0	260	0	786	0	3428	0	426	314	0	0	0	0	0	0	0	0	0	0	0	0	0	0	0	0	0	0	0	0	0	0	0	0	0	0	0	0	0	0	0	0	0	0	0	0	0	0	0	0	386	0	0	0	0	0	0	0	0	0	768	0	0	0	0	0	0	0	0	0	0	0	0	0	0	0	0	0	0	0	0	0	0	0	0	0	0	0	0	0	0	0	0	0	
25752	Frontal_Mid_Orb_R	0	0	0	444	0	4602	0	1336	0	0	0	0	0	490	0	4798	0	0	0	0	0	0	0	126	0	284	0	424	0	372	0	0	0	0	0	0	0	0	0	0	0	0	0	0	0	0	0	0	0	0	0	0	0	0	0	0	0	0	0	0	0	0	0	0	0	0	0	0	0	0	0	0	0	0	0	0	0	0	0	0	0	0	0	0	0	0	0	0	0	0	0	0	0	0	0	0	0	0	0	0	0	0	0	0	0	0	0	0	0	0	0	0	0	0	0	0	
310532	Frontal_Inf_Oper_L	11176	624	9368	1242	192	0	11122	3180	0	0	0	2822	24068	3944	288	0	12104	0	5378	560	0	0	268	196	0	0	0	0	23812	0	852	916	0	388	0	0	408	0	122	0	0	0	0	0	0	0	0	0	0	0	0	0	0	0	0	0	7172	0	0	0	0	0	0	0	0	0	0	0	0	0	18450	1008	7098	412	562	0	1718	264	982	0	2160	0	2410	0	0	0	0	0	0	0	0	0	0	0	0	0	0	0	0	0	0	0	0	0	0	0	0	0	0	0	0	0	0	0	0	0	
183564	Frontal_Inf_Oper_R	290	4274	1436	6156	0	0	2066	8384	0	0	2822	0	3342	15446	0	124	148	4264	906	4114	0	0	764	580	0	0	0	0	2074	10842	1150	3254	0	898	0	0	0	514	0	144	0	0	0	0	0	0	0	0	0	0	0	0	0	0	0	0	0	1520	0	0	0	0	0	142	0	0	0	0	0	0	4494	4330	288	4258	152	386	0	622	142	0	0	540	0	916	0	0	0	0	0	0	0	0	0	0	0	0	0	0	0	0	0	0	0	0	0	0	0	0	0	0	0	0	0	0	0	0	
389236	Frontal_Inf_Tri_L	2064	698	19172	2724	4814	0	35280	4364	898	0	24068	3342	0	5738	9720	0	814	0	4272	1752	0	0	2500	526	0	0	0	0	32352	0	4440	2030	104	634	0	0	94	0	0	0	0	0	0	0	0	0	0	0	0	0	0	0	0	0	0	0	368	0	0	0	0	0	0	0	0	0	0	0	0	0	17674	2378	10110	518	136	94	0	0	0	0	192	0	748	0	0	0	0	0	0	0	0	0	0	0	0	0	0	0	0	0	0	0	0	0	0	0	0	0	0	0	0	0	0	0	0	0	
195700	Frontal_Inf_Tri_R	326	494	1324	8638	0	212	2926	13344	0	490	3944	15446	5738	0	0	4016	90	236	986	2942	0	0	690	2922	0	0	0	0	2742	8698	1554	8284	0	1044	0	0	0	98	0	0	0	0	0	0	0	0	0	0	0	0	0	0	0	0	0	0	0	0	0	0	0	0	0	0	0	0	0	0	0	0	4456	3838	444	1454	94	0	0	224	0	0	0	0	0	156	0	0	0	0	0	0	0	0	0	0	0	0	0	0	0	0	0	0	0	0	0	0	0	0	0	0	0	0	0	0	0	0	
170564	Frontal_Inf_Orb_L	0	0	9938	0	15394	0	8680	0	14086	0	288	0	9720	0	0	0	0	0	336	0	1102	0	1562	154	146	0	372	0	15868	0	1468	670	0	0	0	0	0	0	0	0	276	0	0	0	0	0	0	0	0	0	0	0	0	0	0	0	0	0	0	0	0	0	0	0	0	0	0	0	0	0	666	0	2498	0	0	0	0	0	0	0	0	0	2058	0	0	0	0	0	0	0	0	0	0	0	0	0	0	0	0	0	0	0	0	0	0	0	0	0	0	0	0	0	0	0	0	0	
74832	Frontal_Inf_Orb_R	0	0	0	4154	0	5150	0	3118	0	4798	0	124	0	4016	0	0	0	0	0	106	0	1348	0	2282	0	780	0	1324	0	6464	92	1816	0	88	0	0	0	0	0	100	0	0	0	0	0	0	0	0	0	0	0	0	0	0	0	0	0	0	0	0	0	0	0	0	0	0	0	0	0	0	0	380	0	904	0	0	0	0	0	0	0	0	0	372	0	0	0	0	0	0	0	0	0	0	0	0	0	0	0	0	0	0	0	0	0	0	0	0	0	0	0	0	0	0	0	0	
207148	Rolandic_Oper_L	7078	0	6360	538	0	0	834	118	0	0	12104	148	814	90	0	0	0	0	3486	474	0	0	0	0	0	0	0	0	25836	0	196	172	0	0	0	0	464	0	0	0	0	0	0	0	0	0	0	0	0	0	198	0	0	0	0	0	7428	0	0	0	888	0	1898	0	318	0	0	0	322	0	6822	278	1508	214	676	0	1892	140	6454	0	11352	0	3082	0	1288	0	0	0	104	0	0	0	0	0	0	0	0	0	0	0	0	0	0	0	0	0	0	0	0	0	0	0	0	0	0	0	
103544	Rolandic_Oper_R	0	694	104	1546	0	0	0	0	0	0	0	4264	0	236	0	0	0	0	0	1312	0	0	0	104	0	0	0	0	0	13060	0	176	0	0	0	0	0	2724	0	134	0	0	0	0	0	124	0	114	0	788	0	248	0	0	0	84	0	4422	0	0	0	0	0	3566	0	0	0	1198	0	0	0	574	0	5060	0	0	0	1490	0	1742	0	4802	0	1504	0	710	0	0	0	992	0	0	0	0	0	0	0	0	0	0	0	0	0	0	0	0	0	0	0	0	0	0	0	0	0	0	
641224	Supp_Motor_Area_L	5724	1940	62350	23984	392	0	8872	2592	0	0	5378	906	4272	986	336	0	3486	0	0	53072	0	0	12636	8018	0	0	0	0	10198	328	11788	13590	14142	27204	260	114	1724	0	380	0	0	0	0	0	0	0	0	0	0	0	0	0	0	0	0	0	1056	0	0	0	422	0	0	0	0	0	528	0	10412	148	8172	1024	9044	952	5058	170	5990	188	1138	0	1228	0	410	0	0	0	0	0	0	0	0	0	0	0	0	0	0	0	0	0	0	0	0	0	0	0	0	0	0	0	0	0	0	0	0	0	
718716	Supp_Motor_Area_R	8466	13762	22672	72644	0	0	3678	5008	0	0	560	4114	1752	2942	0	106	474	1312	53072	0	0	0	4794	12116	0	0	0	0	2490	5332	4150	17868	8188	41552	448	6998	266	3220	0	1478	0	0	0	0	0	188	0	380	0	522	0	278	0	0	0	102	954	966	0	0	0	148	0	0	0	0	498	1190	5410	7186	3886	12104	1638	13616	96	2906	1762	4152	344	0	152	414	0	338	0	226	0	0	0	440	0	0	0	0	0	0	0	0	0	0	0	0	0	0	0	0	0	0	0	0	0	0	0	0	0	0	
62152	Olfactory_L	0	0	166	192	848	234	0	0	0	0	0	0	0	0	1102	0	0	0	0	0	0	4762	0	112	410	254	1908	652	2156	198	2764	1942	0	0	0	0	248	0	528	0	608	0	0	0	0	0	0	0	0	0	0	0	0	0	98	0	0	0	0	0	0	0	0	0	0	0	0	0	0	0	5438	2262	3342	408	88	0	0	0	0	0	0	0	356	0	0	0	0	0	0	0	0	0	0	0	0	0	0	0	0	0	0	0	0	0	0	0	0	0	0	0	0	0	0	0	0	0	
107408	Olfactory_R	0	0	0	2234	0	2718	0	0	0	0	0	0	0	0	0	1348	0	0	0	0	4762	0	0	1464	260	2256	1344	4808	0	2196	3252	6258	0	0	0	0	0	0	0	196	0	370	0	0	0	0	0	0	0	0	0	0	0	0	0	0	0	0	0	0	0	0	0	0	0	0	0	0	0	0	6388	7422	3812	2262	0	162	0	0	0	0	0	0	0	192	0	0	0	0	0	0	0	0	0	0	0	0	0	0	0	0	0	0	0	0	0	0	0	0	0	0	0	0	0	0	0	0	
570400	Frontal_Sup_Medial_L	0	0	59108	17182	4586	216	30816	2160	96	0	268	764	2500	690	1562	0	0	0	12636	4794	0	0	0	30232	3826	2122	430	0	5362	1032	52902	23200	7282	14580	0	0	0	0	0	0	0	0	0	0	0	0	0	0	0	0	0	0	0	0	0	0	0	0	0	0	0	0	0	0	0	0	0	0	0	0	1210	682	3952	822	0	0	0	0	90	0	0	0	98	0	0	0	0	0	0	0	0	0	0	0	0	0	0	0	0	0	0	0	0	0	0	0	0	0	0	0	0	0	0	0	0	0	
543908	Frontal_Sup_Medial_R	0	0	10336	57046	170	10052	4990	7892	0	126	196	580	526	2922	154	2282	0	104	8018	12116	112	1464	30232	0	412	7086	0	1882	570	6330	19178	46584	2976	24076	0	0	0	220	0	0	0	206	0	0	0	0	0	0	0	0	0	0	0	0	0	0	0	0	0	0	0	0	0	0	0	0	0	0	0	0	428	2174	296	9770	0	0	0	268	0	0	0	0	0	180	0	0	0	0	0	0	0	0	0	0	0	0	0	0	0	0	0	0	0	0	0	0	0	0	0	0	0	0	0	0	0	0	
62596	Frontal_Med_Orb_L	0	0	1570	104	5490	94	290	0	260	0	0	0	0	0	146	0	0	0	0	0	410	260	3826	412	0	3110	3214	326	594	0	7048	1108	0	0	0	0	0	0	0	0	0	0	0	0	0	0	0	0	0	0	0	0	0	0	0	0	0	0	0	0	0	0	0	0	0	0	0	0	0	0	1068	304	1434	230	0	0	0	0	0	0	0	0	0	0	0	0	0	0	0	0	0	0	0	0	0	0	0	0	0	0	0	0	0	0	0	0	0	0	0	0	0	0	0	0	0	0	
119356	Frontal_Med_Orb_R	0	0	270	3920	892	5510	0	0	0	284	0	0	0	0	0	780	0	0	0	0	254	2256	2122	7086	3110	0	380	8040	0	618	7938	9644	0	98	0	0	0	0	0	0	0	0	0	0	0	0	0	0	0	0	0	0	0	0	0	0	0	0	0	0	0	0	0	0	0	0	0	0	0	0	138	2668	230	3440	0	0	0	0	0	0	0	0	0	0	0	0	0	0	0	0	0	0	0	0	0	0	0	0	0	0	0	0	0	0	0	0	0	0	0	0	0	0	0	0	0	0	
47800	Rectus_L	0	0	0	0	4138	0	0	0	786	0	0	0	0	0	372	0	0	0	0	0	1908	1344	430	0	3214	380	0	366	272	0	3782	992	0	0	0	0	0	0	0	0	0	0	0	0	0	0	0	0	0	0	0	0	0	0	0	0	0	0	0	0	0	0	0	0	0	0	0	0	0	0	3024	614	2128	150	0	0	0	0	0	0	0	0	0	0	0	0	0	0	0	0	0	0	0	0	0	0	0	0	0	0	0	0	0	0	0	0	0	0	0	0	0	0	0	0	0	0	
87228	Rectus_R	0	0	0	2450	0	6228	0	0	0	424	0	0	0	0	0	1324	0	0	0	0	652	4808	0	1882	326	8040	366	0	0	1082	2174	6286	0	0	0	0	0	0	0	0	0	112	0	0	0	0	0	0	0	0	0	0	0	0	0	0	0	0	0	0	0	0	0	0	0	0	0	0	0	0	444	3842	212	2962	0	0	0	0	0	0	0	0	0	0	0	0	0	0	0	0	0	0	0	0	0	0	0	0	0	0	0	0	0	0	0	0	0	0	0	0	0	0	0	0	0	0	
702832	Insula_L	6522	954	32398	3392	13540	0	16246	2900	3428	0	23812	2074	32352	2742	15868	0	25836	0	10198	2490	2156	0	5362	570	594	0	272	0	0	138	8566	3432	156	516	0	84	12462	0	2674	0	4010	0	0	0	0	0	168	0	0	0	496	0	110	0	3710	0	7538	0	0	0	1400	0	1808	0	450	0	0	0	224	0	25340	2532	31994	872	870	136	3558	592	11972	0	10078	0	6334	0	1796	0	110	0	3442	0	142	0	0	0	0	0	0	0	0	0	0	0	0	0	0	0	0	0	0	0	0	0	0	0	0	0	
342480	Insula_R	128	450	380	13642	0	5368	168	2362	0	372	0	10842	0	8698	0	6464	0	13060	328	5332	198	2196	1032	6330	0	618	0	1082	138	0	2026	11776	0	212	98	146	0	12756	0	4722	0	2548	0	0	0	0	0	660	0	92	0	262	0	0	0	5318	0	1168	0	0	0	0	0	174	0	0	0	190	0	0	284	3076	94	22732	0	780	0	3204	0	1194	0	7218	0	4426	0	2416	0	0	0	4380	0	0	0	0	0	0	0	100	0	0	0	0	0	0	0	0	0	0	0	0	0	0	0	0	0	0	
631048	Cingulum_Ant_L	180	0	40578	14880	5390	590	27306	2574	426	0	852	1150	4440	1554	1468	92	196	0	11788	4150	2764	3252	52902	19178	7048	7938	3782	2174	8566	2026	0	41826	8914	10690	0	0	0	0	0	0	0	0	0	0	0	0	0	0	0	0	0	0	0	0	0	0	0	0	0	0	0	0	0	0	0	0	0	0	0	0	7038	4996	10888	3436	0	114	0	126	146	0	0	0	106	0	0	0	0	0	0	0	0	0	0	0	0	0	0	0	0	0	0	0	0	0	0	0	0	0	0	0	0	0	0	0	0	0	
755296	Cingulum_Ant_R	526	0	13252	51070	932	9534	7398	9198	314	0	916	3254	2030	8284	670	1816	172	176	13590	17868	1942	6258	23200	46584	1108	9644	992	6286	3432	11776	41826	0	3888	28010	0	0	0	250	0	0	0	228	0	0	0	0	0	0	0	0	0	0	0	0	0	0	0	0	0	0	0	0	0	0	0	0	0	0	0	0	3942	21220	3054	21368	0	256	0	988	130	0	0	0	0	266	0	0	0	0	0	0	0	0	0	0	0	0	0	0	0	0	0	0	0	0	0	0	0	0	0	0	0	0	0	0	0	0	
210516	Cingulum_Mid_L	3858	1070	7136	3904	0	0	998	122	0	0	0	0	104	0	0	0	0	0	14142	8188	0	0	7282	2976	0	0	0	0	156	0	8914	3888	0	15812	2560	810	0	0	0	0	0	0	0	0	748	0	0	0	1610	0	1546	0	0	0	0	0	0	0	808	0	114	0	0	0	0	0	6680	796	9300	514	0	0	0	0	0	0	650	214	0	0	0	0	0	0	258	0	0	0	100	0	0	0	0	0	0	0	0	0	0	0	0	0	0	0	0	0	0	0	0	0	0	0	0	0	0	0	
510856	Cingulum_Mid_R	2542	5154	10596	27258	0	0	3610	3054	0	0	388	898	634	1044	0	88	0	0	27204	41552	0	0	14580	24076	0	98	0	0	516	212	10690	28010	15812	0	906	7290	0	0	0	0	0	0	0	428	0	1852	0	412	0	2534	0	648	0	0	0	0	0	1638	0	308	0	0	0	0	0	0	2864	8196	2418	5904	374	302	126	710	0	0	140	0	130	0	0	0	0	0	0	232	0	0	0	0	0	0	0	0	0	0	0	0	0	0	0	0	0	0	0	0	0	0	0	0	0	0	0	0	0	0	
147904	Cingulum_Post_L	4558	1206	136	210	0	0	110	0	0	0	0	0	0	0	0	0	0	0	260	448	0	0	0	0	0	0	0	0	0	98	0	0	2560	906	0	8240	5806	4632	1732	3078	0	0	3436	150	1120	0	3178	3370	1232	0	2080	0	642	0	1638	0	1018	0	0	0	624	0	0	0	108	0	8202	1790	4442	0	0	0	0	264	0	134	0	3618	0	0	848	0	0	0	778	0	0	0	1042	0	0	0	0	0	0	0	0	258	0	0	0	0	0	0	0	0	0	0	0	0	0	0	0	0	0	0	
206996	Cingulum_Post_R	122	7546	0	850	0	0	0	0	0	0	0	0	0	0	0	0	0	0	114	6998	0	0	0	0	0	0	0	0	84	146	0	0	810	7290	8240	0	3900	6218	778	5090	0	0	114	2640	0	1212	1530	10638	0	1254	0	764	0	0	448	138	0	4004	0	0	0	0	0	0	0	0	1652	15178	876	6722	0	0	0	414	0	242	122	4368	0	0	350	0	0	0	0	154	0	0	426	1250	0	0	0	0	0	0	0	584	0	0	0	0	0	0	0	0	0	0	0	0	232	0	0	0	0	0	
266740	Hippocampus_L	2000	278	1612	396	0	0	336	122	0	0	408	0	94	0	0	0	464	0	1724	266	248	0	0	0	0	0	0	0	12462	0	0	0	0	0	5806	3900	0	3770	15436	2216	8808	0	1890	0	0	0	7024	2208	0	0	710	0	172	0	14424	0	1746	0	226	0	222	0	0	0	0	0	2654	610	104	0	2014	0	10018	408	386	184	5786	4368	1374	0	4620	0	1234	0	1262	0	126	0	8102	0	408	0	0	0	0	0	284	186	274	0	0	0	0	0	0	0	0	0	0	0	0	0	0	0	0	0	
350396	Hippocampus_R	0	1850	160	4514	0	206	94	270	0	0	0	514	0	98	0	0	0	2724	0	3220	0	0	0	220	0	0	0	0	0	12756	0	250	0	0	4632	6218	3770	0	762	35148	0	10996	92	840	0	0	1812	9280	0	168	0	164	0	284	420	20944	0	844	0	0	0	0	0	254	0	0	766	3758	0	0	88	0	0	13288	0	2572	84	7640	0	814	350	3538	0	2848	0	4004	0	350	426	7284	0	476	0	0	0	134	0	2158	0	936	0	0	0	0	0	0	0	0	0	0	180	0	0	0	0	0	
114416	ParaHippocampal_L	424	0	288	88	0	0	0	0	0	0	122	0	0	0	0	0	0	0	380	0	528	0	0	0	0	0	0	0	2674	0	0	0	0	0	1732	778	15436	762	0	638	3304	0	778	0	0	0	4320	690	0	0	220	0	0	0	7122	0	228	0	0	0	0	0	0	0	0	0	1344	314	88	0	616	0	4196	0	0	0	1910	536	0	0	1824	0	954	0	124	0	852	0	2778	0	278	0	0	0	0	0	498	0	384	0	0	0	0	0	0	0	0	0	0	0	0	0	0	0	0	0	
277260	ParaHippocampal_R	0	162	0	1676	0	102	0	0	0	0	0	144	0	0	0	100	0	134	0	1478	0	196	0	0	0	0	0	0	0	4722	0	0	0	0	3078	5090	2216	35148	638	0	0	11148	0	2934	0	404	1002	12286	0	686	0	250	0	318	384	16872	0	194	0	0	0	0	0	0	0	0	534	5440	0	0	0	0	0	6642	0	2058	0	4494	0	0	328	1484	0	4934	0	2280	0	1472	396	2772	0	508	0	0	0	92	0	3016	0	714	0	0	0	0	0	0	0	0	0	0	104	0	0	0	0	0	
50352	Amygdala_L	0	0	0	0	138	0	0	0	0	0	0	0	0	0	276	0	0	0	0	0	608	0	0	0	0	0	0	0	4010	0	0	0	0	0	0	0	8808	0	3304	0	0	0	0	0	0	0	0	0	0	0	0	0	0	0	3576	0	0	0	0	0	0	0	0	0	0	0	0	0	0	0	354	0	1564	0	0	0	0	0	0	0	0	0	1172	0	0	0	328	0	1038	0	0	0	0	0	0	0	0	0	0	0	0	0	0	0	0	0	0	0	0	0	0	0	0	0	0	0	
72700	Amygdala_R	0	0	0	228	0	258	0	0	0	0	0	0	0	0	0	0	0	0	0	0	0	370	0	206	0	0	0	112	0	2548	0	228	0	0	0	0	0	10996	0	11148	0	0	0	0	0	0	0	0	0	0	0	0	0	0	0	4438	0	0	0	0	0	0	0	0	0	0	0	0	0	0	0	220	0	1900	0	0	0	96	0	0	0	136	0	2708	0	84	0	272	0	402	0	0	0	0	0	0	0	0	0	0	0	0	0	0	0	0	0	0	0	0	0	0	0	0	0	0	
196448	Calcarine_L	354	0	0	0	0	0	0	0	0	0	0	0	0	0	0	0	0	0	0	0	0	0	0	0	0	0	0	0	0	0	0	0	0	0	3436	114	1890	92	778	0	0	0	0	3190	7416	1586	13738	2058	6616	556	21264	212	5036	0	4516	92	386	0	134	0	0	0	0	0	230	0	14550	136	1106	0	0	0	0	0	0	0	0	108	0	0	356	0	0	0	1594	0	0	0	456	0	124	136	0	0	0	84	1326	966	768	324	0	0	0	0	0	0	0	0	0	0	1646	636	96	118	0	0	
222028	Calcarine_R	0	524	0	0	0	0	0	0	0	0	0	0	0	0	0	0	0	0	0	0	0	0	0	0	0	0	0	0	0	0	0	0	0	428	150	2640	0	840	0	2934	0	0	3190	0	3196	15964	994	24092	0	13104	0	12458	0	2458	0	5430	0	1224	0	0	0	246	0	130	0	226	396	15442	0	724	0	0	0	0	0	0	0	254	0	0	0	0	0	0	0	128	0	0	0	1238	0	94	0	0	0	0	304	1116	190	0	0	0	0	0	0	0	0	0	0	0	740	160	0	0	0	0	
124352	Cuneus_L	112	0	0	0	0	0	0	0	0	0	0	0	0	0	0	0	0	0	0	0	0	0	0	0	0	0	0	0	0	0	0	0	748	0	1120	0	0	0	0	0	0	0	7416	3196	0	5322	1350	380	16476	734	7150	200	482	184	120	294	302	0	2350	0	0	0	0	0	0	0	11198	1550	1140	0	0	0	0	0	0	0	0	0	0	0	0	0	0	0	352	0	0	0	0	0	0	0	0	0	0	0	0	0	0	0	0	0	0	0	0	0	0	0	0	0	0	0	0	0	0	0	
160920	Cuneus_R	0	612	0	0	0	0	0	0	0	0	0	0	0	0	0	0	0	124	0	188	0	0	0	0	0	0	0	0	0	0	0	0	0	1852	0	1212	0	0	0	404	0	0	1586	15964	5322	0	0	2276	0	20084	0	9360	0	446	0	452	0	1218	0	1008	0	170	0	192	0	238	1704	14326	0	906	0	0	0	0	0	0	0	0	0	0	0	0	0	0	0	566	0	0	0	250	0	0	0	0	0	0	0	0	0	0	0	0	0	0	0	0	0	0	0	0	0	0	0	0	0	0	
301668	Lingual_L	418	0	0	0	0	0	0	0	0	0	0	0	0	0	0	0	0	0	0	0	0	0	0	0	0	0	0	0	168	0	0	0	0	0	3178	1530	7024	1812	4320	1002	0	0	13738	994	1350	0	0	5716	1764	0	15884	0	6448	0	17814	726	354	0	0	0	256	0	0	0	0	0	4352	132	200	0	0	0	460	124	0	0	1598	1876	132	0	586	0	0	0	338	0	0	0	906	0	1964	540	0	0	404	508	13610	4578	13760	1510	0	0	0	144	0	758	0	0	0	512	10266	5768	256	414	436	206	
336748	Lingual_R	0	1212	0	242	0	0	0	0	0	0	0	0	0	0	0	0	0	114	0	380	0	0	0	0	0	0	0	0	0	660	0	0	0	412	3370	10638	2208	9280	690	12286	0	0	2058	24092	380	2276	5716	0	0	2798	154	4112	100	4084	1650	14072	0	1602	0	0	0	210	0	98	0	0	864	17840	0	520	0	0	0	1176	0	100	92	4022	0	0	330	0	0	0	0	122	0	0	402	1866	1076	1442	0	0	0	134	2116	8744	3948	5400	0	0	0	0	0	116	0	0	0	0	6906	5584	318	246	116	0	
141300	Occipital_Sup_L	1124	0	0	0	0	0	0	0	0	0	0	0	0	0	0	0	0	0	0	0	0	0	0	0	0	0	0	0	0	0	0	0	1610	0	1232	0	0	0	0	0	0	0	6616	0	16476	0	1764	0	0	0	20028	0	320	0	86	0	770	0	4280	0	1012	0	0	0	248	0	10640	1090	1652	0	0	0	0	0	0	0	0	0	0	0	0	0	0	0	1702	0	0	0	0	0	0	0	0	0	0	0	0	0	0	0	0	0	0	0	0	0	0	0	0	0	0	0	0	0	0	0	
217536	Occipital_Sup_R	0	1126	0	0	0	0	0	0	0	0	0	0	0	0	0	0	0	788	0	522	0	0	0	0	0	0	0	0	0	92	0	0	0	2534	0	1254	0	168	0	686	0	0	556	13104	734	20084	0	2798	0	0	0	23638	0	246	0	210	0	3852	0	5096	0	2890	0	1986	0	2978	234	16370	0	1126	0	0	0	0	0	0	0	130	0	0	0	412	0	0	0	4176	0	0	0	978	0	0	0	0	0	0	0	0	0	0	0	0	0	0	0	0	0	0	0	0	0	0	0	0	0	0	
474080	Occipital_Mid_L	5566	0	0	0	0	0	0	0	0	0	0	0	0	0	0	0	198	0	0	0	0	0	0	0	0	0	0	0	496	0	0	0	1546	0	2080	0	710	0	220	0	0	0	21264	0	7150	0	15884	154	20028	0	0	0	18914	0	12986	114	10248	0	19028	0	18258	0	2260	0	17490	0	15898	982	5546	0	0	0	0	0	0	0	190	0	1022	0	1400	0	0	0	28292	0	0	0	5478	0	452	124	0	0	0	0	394	276	1182	264	0	0	0	0	0	0	0	0	0	0	410	536	0	0	0	0	
191880	Occipital_Mid_R	0	858	0	0	0	0	0	0	0	0	0	0	0	0	0	0	0	248	0	278	0	0	0	0	0	0	0	0	0	262	0	0	0	648	0	764	0	164	0	250	0	0	212	12458	200	9360	0	4112	0	23638	0	0	0	2502	0	1938	0	768	0	2808	0	7170	0	932	0	9956	0	5898	0	400	0	0	0	0	0	0	0	0	0	378	0	404	0	0	0	7976	0	0	0	1358	0	0	0	0	0	0	0	0	0	0	0	0	0	0	0	0	0	0	0	0	0	0	0	0	0	0	
116476	Occipital_Inf_L	298	0	0	0	0	0	0	0	0	0	0	0	0	0	0	0	0	0	0	0	0	0	0	0	0	0	0	0	110	0	0	0	0	0	642	0	172	0	0	0	0	0	5036	0	482	0	6448	100	320	0	18914	0	0	0	8428	204	348	0	364	0	876	0	0	0	526	0	2418	0	156	0	0	0	0	0	0	0	0	0	392	0	316	0	0	0	2630	0	0	0	2552	0	1842	206	0	0	0	0	638	176	2244	388	0	0	0	0	0	0	0	0	0	0	290	722	0	0	0	0	
37800	Occipital_Inf_R	0	0	0	0	0	0	0	0	0	0	0	0	0	0	0	0	0	0	0	0	0	0	0	0	0	0	0	0	0	0	0	0	0	0	0	0	0	284	0	318	0	0	0	2458	184	446	0	4084	0	246	0	2502	0	0	0	5240	0	0	0	0	0	0	0	0	0	0	0	212	0	0	0	0	0	0	0	0	0	0	0	0	0	0	0	0	0	0	0	0	0	1596	0	276	0	0	0	0	0	154	0	588	0	0	0	0	0	0	0	0	0	0	0	312	0	0	0	0	
424640	Fusiform_L	492	0	116	0	0	0	0	0	0	0	0	0	0	0	0	0	0	0	0	0	98	0	0	0	0	0	0	0	3710	0	0	0	0	0	1638	448	14424	420	7122	384	3576	0	4516	0	120	0	17814	1650	86	0	12986	0	8428	0	0	984	2096	0	1958	0	2010	0	0	0	84	0	3650	236	198	0	174	0	1520	0	0	0	924	206	666	0	6490	0	2402	0	5752	0	1358	0	18878	0	19942	582	228	0	138	274	16698	1576	32398	1614	144	0	370	0	498	424	0	0	0	288	4616	4280	160	124	218	134	
374184	Fusiform_R	0	94	0	136	0	0	0	0	0	0	0	0	0	0	0	0	0	84	0	102	0	0	0	0	0	0	0	0	0	5318	0	0	0	0	0	138	0	20944	0	16872	0	4438	92	5430	294	452	726	14072	0	210	114	1938	204	5240	984	0	0	0	0	0	0	0	0	0	0	0	0	704	0	0	0	0	0	1048	0	134	0	802	0	282	0	4986	0	3428	0	6774	0	1318	0	14716	2730	15040	336	0	0	830	292	13726	3580	23086	148	0	210	464	0	596	0	0	0	0	3898	6842	1734	1038	468	0	
307956	Postcentral_L	31494	1896	1136	858	0	0	1684	292	0	0	7172	0	368	0	0	0	7428	0	1056	954	0	0	0	0	0	0	0	0	7538	0	0	0	0	0	1018	0	1746	0	228	0	0	0	386	0	302	0	354	0	770	0	10248	0	348	0	2096	0	0	96	12128	0	27032	0	4376	0	2396	0	3746	0	2584	0	3962	196	1130	0	182	0	1018	238	3206	0	2376	0	242	0	6688	0	0	0	3010	0	0	0	0	0	0	0	0	0	0	0	0	0	0	0	0	0	0	0	0	0	0	0	0	0	0	0	
185596	Postcentral_R	348	17612	196	1050	0	0	110	880	0	0	0	1520	0	0	0	0	0	4422	0	966	0	0	0	0	0	0	0	0	0	1168	0	0	0	1638	0	4004	0	844	0	194	0	0	0	1224	0	1218	0	1602	0	3852	0	768	0	0	0	0	96	0	0	6088	0	3672	0	12814	0	300	0	12104	102	7188	0	1000	0	1166	0	100	128	2270	0	266	0	658	0	0	0	436	0	0	0	794	0	0	0	0	0	0	0	0	0	0	0	0	0	0	0	0	0	0	0	0	0	0	0	0	0	0	
190432	Parietal_Sup_L	2322	0	0	0	0	0	0	0	0	0	0	0	0	0	0	0	0	0	0	0	0	0	0	0	0	0	0	0	0	0	0	0	808	0	0	0	226	0	0	0	0	0	134	0	2350	0	0	0	4280	0	19028	0	364	0	1958	0	12128	0	0	0	14944	0	1050	0	4318	0	12468	1356	2974	0	0	0	0	0	0	0	132	0	0	0	348	0	0	0	10012	0	0	0	4016	0	0	0	0	0	0	0	0	0	0	0	0	0	0	0	0	0	0	0	0	0	0	0	0	0	0	0	
74552	Parietal_Sup_R	0	0	0	0	0	0	0	0	0	0	0	0	0	0	0	0	0	0	0	0	0	0	0	0	0	0	0	0	0	0	0	0	0	308	0	0	0	0	0	0	0	0	0	0	0	1008	0	0	0	5096	0	2808	0	0	0	0	0	6088	0	0	0	6802	0	0	0	6714	418	6982	0	130	0	0	0	0	0	0	0	0	0	0	0	0	0	0	0	460	0	0	0	462	0	0	0	0	0	0	0	0	0	0	0	0	0	0	0	0	0	0	0	0	0	0	0	0	0	0	
279292	Parietal_Inf_L	3260	142	0	0	0	0	0	0	0	0	0	0	0	0	0	0	888	0	422	0	0	0	0	0	0	0	0	0	1400	0	0	0	114	0	624	0	222	0	0	0	0	0	0	0	0	0	256	0	1012	0	18258	0	876	0	2010	0	27032	0	14944	0	0	0	12866	0	21722	0	2838	162	2896	0	1362	0	0	0	0	0	148	0	0	0	2420	0	0	0	18146	0	0	0	5626	0	0	0	0	0	0	0	0	0	0	0	0	0	0	0	0	0	0	0	0	0	0	0	0	0	0	0	
109044	Parietal_Inf_R	0	1220	0	104	0	0	0	0	0	0	0	0	0	0	0	0	0	0	0	148	0	0	0	0	0	0	0	0	0	0	0	0	0	0	0	0	0	0	0	0	0	0	0	246	0	170	0	210	0	2890	0	7170	0	0	0	0	0	3672	0	6802	0	0	0	6574	0	15298	0	1430	0	152	0	0	0	0	0	0	0	0	0	0	0	432	0	0	0	4988	0	0	0	3016	0	0	0	0	0	0	0	0	0	0	0	0	0	0	0	0	0	0	0	0	0	0	0	0	0	0	
99728	SupraMarginal_L	668	0	0	0	0	0	0	0	0	0	0	0	0	0	0	0	1898	0	0	0	0	0	0	0	0	0	0	0	1808	0	0	0	0	0	0	0	0	0	0	0	0	0	0	0	0	0	0	0	0	0	2260	0	0	0	0	0	4376	0	1050	0	12866	0	0	0	7974	0	84	0	184	0	106	0	0	0	0	0	0	0	382	0	6610	0	0	0	9306	0	0	0	292	0	0	0	0	0	0	0	0	0	0	0	0	0	0	0	0	0	0	0	0	0	0	0	0	0	0	0	
104544	SupraMarginal_R	0	4262	0	162	0	0	0	0	0	0	0	142	0	0	0	0	0	3566	0	0	0	0	0	0	0	0	0	0	0	174	0	0	0	0	0	0	0	254	0	0	0	0	0	130	0	192	0	98	0	1986	0	932	0	0	0	0	0	12814	0	0	0	6574	0	0	0	4950	0	2616	0	0	0	0	0	0	0	0	0	338	0	520	0	6962	0	0	0	4266	0	0	0	1334	0	0	0	0	0	0	0	0	0	0	0	0	0	0	0	0	0	0	0	0	0	0	0	0	0	0	
156180	Angular_L	850	0	0	0	0	0	0	0	0	0	0	0	0	0	0	0	318	0	0	0	0	0	0	0	0	0	0	0	450	0	0	0	0	0	108	0	0	0	0	0	0	0	230	0	0	0	0	0	248	0	17490	0	526	0	84	0	2396	0	4318	0	21722	0	7974	0	0	0	682	0	846	0	148	0	0	0	0	0	0	0	0	0	1680	0	0	0	15564	0	0	0	2456	0	0	0	0	0	0	0	0	0	0	0	0	0	0	0	0	0	0	0	0	0	0	0	0	0	0	0	
100688	Angular_R	0	0	0	0	0	0	0	0	0	0	0	0	0	0	0	0	0	0	0	0	0	0	0	0	0	0	0	0	0	0	0	0	0	0	0	0	0	0	0	0	0	0	0	226	0	238	0	0	0	2978	0	9956	0	0	0	0	0	300	0	6714	0	15298	0	4950	0	0	0	494	0	0	0	0	0	0	0	0	0	0	0	0	0	2130	0	0	0	5180	0	0	0	1880	0	0	0	0	0	0	0	0	0	0	0	0	0	0	0	0	0	0	0	0	0	0	0	0	0	0	
274488	Precuneus_L	2852	414	0	178	0	0	0	0	0	0	0	0	0	0	0	0	0	0	528	498	0	0	0	0	0	0	0	0	0	0	0	0	6680	2864	8202	1652	2654	766	1344	534	0	0	14550	396	11198	1704	4352	864	10640	234	15898	0	2418	0	3650	0	3746	0	12468	418	2838	0	84	0	682	0	0	9966	6098	154	0	0	0	0	0	0	146	290	0	0	758	0	0	0	3158	0	0	0	1368	0	0	0	0	0	0	0	0	0	0	0	0	0	0	0	0	0	0	0	0	0	0	0	0	0	0	0	
332568	Precuneus_R	188	4552	0	236	0	0	0	0	0	0	0	0	0	0	0	0	0	1198	0	1190	0	0	0	0	0	0	0	0	0	190	0	0	796	8196	1790	15178	610	3758	314	5440	0	0	136	15442	1550	14326	132	17840	1090	16370	982	5898	0	212	236	704	0	12104	1356	6982	162	1430	0	2616	0	494	9966	0	138	5664	0	0	0	0	0	0	0	1300	0	146	190	488	0	0	0	1070	0	0	256	2512	0	0	0	0	0	0	0	604	0	0	0	0	0	0	0	0	0	0	0	0	252	0	0	0	0	0	
173872	Paracentral_Lobule_L	19202	1026	1694	752	0	0	90	0	0	0	0	0	0	0	0	0	322	0	10412	5410	0	0	0	0	0	0	0	0	224	0	0	0	9300	2418	4442	876	104	0	88	0	0	0	1106	0	1140	0	200	0	1652	0	5546	0	156	0	198	0	2584	102	2974	0	2896	0	184	0	846	0	6098	138	0	1534	152	0	0	156	0	156	828	266	0	0	562	0	0	0	832	0	0	0	270	0	0	0	0	0	0	0	0	0	0	0	0	0	0	0	0	0	0	0	0	0	0	0	0	0	0	0	
87960	Paracentral_Lobule_R	0	4330	0	0	0	0	0	0	0	0	0	0	0	0	0	0	0	0	148	7186	0	0	0	0	0	0	0	0	0	0	0	0	514	5904	0	6722	0	0	0	0	0	0	0	724	0	906	0	520	0	1126	0	400	0	0	0	0	0	7188	0	130	0	152	0	0	0	0	154	5664	1534	0	0	0	0	0	0	0	0	0	0	0	0	0	0	0	0	262	0	0	0	416	0	0	0	0	0	0	0	0	0	0	0	0	0	0	0	0	0	0	0	0	0	0	0	0	0	0	
451380	Caudate_L	5014	2416	13014	5044	1458	0	6366	4504	0	0	18450	4494	17674	4456	666	0	6822	0	8172	3886	5438	6388	1210	428	1068	138	3024	444	25340	284	7038	3942	0	374	0	0	2014	88	616	0	354	0	0	0	0	0	0	0	0	0	0	0	0	0	174	0	3962	0	0	0	1362	0	106	0	148	0	0	0	152	0	0	11618	28294	4228	3964	678	6662	478	858	0	1364	0	1018	0	0	0	0	0	0	0	0	0	0	0	0	0	0	0	0	0	0	0	0	0	0	0	0	0	0	0	0	0	0	0	0	0	
328208	Caudate_R	6576	1448	1718	12530	0	1754	1198	1352	0	0	1008	4330	2378	3838	0	380	278	574	1024	12104	2262	7422	682	2174	304	2668	614	3842	2532	3076	4996	21220	0	302	0	0	0	0	0	0	0	220	0	0	0	0	0	0	0	0	0	0	0	0	0	0	196	1000	0	0	0	0	0	0	0	0	0	0	0	0	11618	0	4906	21362	382	2972	798	15804	0	0	0	134	0	128	0	0	0	0	0	0	0	0	0	0	0	0	0	0	0	0	0	0	0	0	0	0	0	0	0	0	0	0	0	0	0	0	
396480	Putamen_L	2692	658	17472	2084	4868	0	5552	1022	386	0	7098	288	10110	444	2498	0	1508	0	9044	1638	3342	3812	3952	296	1434	230	2128	212	31994	94	10888	3054	0	126	0	0	10018	0	4196	0	1564	0	0	0	0	0	460	0	0	0	0	0	0	0	1520	0	1130	0	0	0	0	0	0	0	0	0	0	0	0	0	28294	4906	0	2066	8912	516	3174	240	148	0	576	0	798	0	0	0	0	0	688	0	110	0	0	0	0	0	0	0	0	0	0	0	0	0	0	0	0	0	0	0	0	0	0	0	0	0	
426696	Putamen_R	718	510	1006	26268	0	6700	894	2482	0	0	412	4258	518	1454	0	904	214	5060	952	13616	408	2262	822	9770	230	3440	150	2962	872	22732	3436	21368	0	710	264	414	408	13288	0	6642	0	1900	0	0	0	0	124	1176	0	0	0	0	0	0	0	1048	0	1166	0	0	0	0	0	0	0	0	0	0	156	0	4228	21362	2066	0	224	9970	308	11426	0	128	0	582	0	978	0	118	0	0	0	86	0	0	0	0	0	0	0	158	0	0	0	0	0	0	0	0	0	0	0	0	0	0	0	0	0	0	
58752	Pallidum_L	604	98	4400	90	0	0	246	0	0	0	562	152	136	94	0	0	676	0	5058	96	88	0	0	0	0	0	0	0	870	0	0	0	0	0	0	0	386	0	0	0	0	0	0	0	0	0	0	0	0	0	0	0	0	0	0	0	182	0	0	0	0	0	0	0	0	0	0	0	0	0	3964	382	8912	224	0	160	1996	0	0	0	0	0	0	0	0	0	0	0	0	0	0	0	0	0	0	0	0	0	0	0	0	0	0	0	0	0	0	0	0	0	0	0	0	0	0	0	
68276	Pallidum_R	386	196	326	4608	0	0	464	512	0	0	0	386	94	0	0	0	0	0	170	2906	0	162	0	0	0	0	0	0	136	780	114	256	0	0	134	242	184	2572	0	2058	0	0	0	0	0	0	0	100	0	0	0	0	0	0	0	134	0	100	0	0	0	0	0	0	0	0	0	0	156	0	678	2972	516	9970	160	0	162	2504	0	0	0	0	0	0	0	0	0	0	0	0	0	0	0	0	0	0	0	0	0	0	0	0	0	0	0	0	0	0	0	0	0	0	0	0	0	0	
137396	Thalamus_L	5148	1336	8306	1428	0	0	3048	0	0	0	1718	0	0	0	0	0	1892	0	5990	1762	0	0	0	0	0	0	0	0	3558	0	0	0	650	140	0	122	5786	84	1910	0	0	0	0	0	0	0	1598	92	0	0	190	0	0	0	924	0	1018	128	132	0	148	0	0	0	0	0	146	0	828	0	6662	798	3174	308	1996	162	0	5786	290	0	350	0	0	0	456	0	0	0	634	0	0	0	0	0	0	0	0	0	0	0	0	0	0	0	0	0	0	0	0	0	0	0	0	0	0	0	
221872	Thalamus_R	9208	2906	650	9618	0	0	720	430	0	0	264	622	0	224	0	0	140	1490	188	4152	0	0	0	268	0	0	0	0	592	3204	126	988	214	0	3618	4368	4368	7640	536	4494	0	96	108	254	0	0	1876	4022	0	130	0	0	0	0	206	802	238	2270	0	0	0	0	0	338	0	0	290	1300	266	0	478	15804	240	11426	0	2504	5786	0	0	0	144	204	0	0	0	0	0	0	136	360	0	0	0	0	0	0	0	532	0	0	0	0	0	0	0	0	0	0	0	0	98	0	0	0	0	0	
93132	Heschl_L	2870	0	2832	362	0	0	846	0	0	0	982	142	0	0	0	0	6454	0	1138	344	0	0	90	0	0	0	0	0	11972	0	146	130	0	130	0	0	1374	0	0	0	0	0	0	0	0	0	132	0	0	0	1022	0	392	0	666	0	3206	0	0	0	0	0	382	0	0	0	0	0	0	0	858	0	148	0	0	0	290	0	0	0	5956	0	708	0	2680	0	0	0	314	0	0	0	0	0	0	0	0	0	0	0	0	0	0	0	0	0	0	0	0	0	0	0	0	0	0	0	
21280	Heschl_R	0	92	0	0	0	0	0	0	0	0	0	0	0	0	0	0	0	1742	0	0	0	0	0	0	0	0	0	0	0	1194	0	0	0	0	0	0	0	814	0	0	0	0	0	0	0	0	0	0	0	0	0	378	0	0	0	282	0	266	0	0	0	0	0	520	0	0	0	146	0	0	0	0	0	128	0	0	0	0	0	0	0	3626	0	126	0	310	0	0	0	1016	0	0	0	0	0	0	0	0	0	0	0	0	0	0	0	0	0	0	0	0	0	0	0	0	0	0	
223928	Temporal_Sup_L	1844	0	1928	180	0	0	276	0	0	0	2160	0	192	0	0	0	11352	0	1228	152	0	0	0	0	0	0	0	0	10078	0	0	0	0	0	848	350	4620	350	1824	328	0	0	356	0	0	0	586	330	0	0	1400	0	316	0	6490	0	2376	0	348	0	2420	0	6610	0	1680	0	758	190	562	0	1364	0	576	0	0	0	350	144	5956	0	0	0	9316	0	22840	0	348	0	8784	0	154	0	0	0	0	0	0	0	0	0	0	0	0	0	0	0	0	0	0	0	0	0	0	0	0	0	
139628	Temporal_Sup_R	0	664	0	452	0	0	0	0	0	0	0	540	0	0	0	0	0	4802	0	414	0	0	0	0	0	0	0	0	0	7218	0	0	0	0	0	0	0	3538	0	1484	0	136	0	0	0	0	0	0	0	412	0	404	0	0	0	4986	0	658	0	0	0	432	0	6962	0	2130	0	488	0	0	0	134	0	582	0	0	0	204	0	3626	0	0	0	4254	0	15856	0	254	0	8542	0	154	0	0	0	0	0	0	0	488	0	0	0	0	0	0	0	0	0	0	0	0	0	0	0	0	
117020	Temporal_Pole_Sup_L	100	0	1046	0	1220	0	136	0	768	0	2410	0	748	0	2058	0	3082	0	410	0	356	0	98	0	0	0	0	0	6334	0	106	0	0	0	0	0	1234	0	954	0	1172	0	0	0	0	0	0	0	0	0	0	0	0	0	2402	0	242	0	0	0	0	0	0	0	0	0	0	0	0	0	1018	0	798	0	0	0	0	0	708	0	9316	0	0	0	10696	0	5678	0	5420	0	0	0	0	0	0	0	0	0	0	0	0	0	0	0	0	0	0	0	0	0	0	0	0	0	0	0	
68284	Temporal_Pole_Sup_R	0	0	0	628	0	252	0	0	0	0	0	916	0	156	0	372	0	1504	0	338	0	192	0	180	0	0	0	0	0	4426	0	266	0	0	0	0	0	2848	0	4934	0	2708	0	0	0	0	0	0	0	0	0	0	0	0	0	3428	0	0	0	0	0	0	0	0	0	0	0	0	0	0	0	128	0	978	0	0	0	0	0	126	0	4254	0	0	0	2264	0	2114	0	816	0	100	0	0	0	0	0	104	0	110	0	0	0	0	0	0	0	0	0	0	0	0	0	0	0	0	
356960	Temporal_Mid_L	1458	0	0	0	0	0	0	0	0	0	0	0	0	0	0	0	1288	0	0	0	0	0	0	0	0	0	0	0	1796	0	0	0	258	0	778	0	1262	0	124	0	0	0	1594	0	352	0	338	0	1702	0	28292	0	2630	0	5752	0	6688	0	10012	0	18146	0	9306	0	15564	0	3158	0	832	0	0	0	0	0	0	0	456	0	2680	0	22840	0	10696	0	0	0	4560	0	25918	0	0	0	0	0	0	0	0	0	0	0	0	0	0	0	0	0	0	0	0	0	0	0	0	0	0	0	
177756	Temporal_Mid_R	0	908	0	0	0	0	0	0	0	0	0	0	0	0	0	0	0	710	0	226	0	0	0	0	0	0	0	0	0	2416	0	0	0	232	0	154	0	4004	0	2280	0	84	0	128	0	566	0	122	0	4176	0	7976	0	0	0	6774	0	436	0	460	0	4988	0	4266	0	5180	0	1070	0	262	0	0	0	118	0	0	0	0	0	310	0	15856	0	2264	0	0	0	954	0	20858	0	272	0	0	0	0	0	114	0	714	0	0	0	0	0	0	0	0	0	0	0	0	0	0	0	0	
31372	Temporal_Pole_Mid_L	0	0	0	0	0	0	0	0	0	0	0	0	0	0	0	0	0	0	0	0	0	0	0	0	0	0	0	0	110	0	0	0	0	0	0	0	126	0	852	0	328	0	0	0	0	0	0	0	0	0	0	0	0	0	1358	0	0	0	0	0	0	0	0	0	0	0	0	0	0	0	0	0	0	0	0	0	0	0	0	0	348	0	5678	0	4560	0	0	0	2326	0	0	0	0	0	0	0	0	0	0	0	0	0	0	0	0	0	0	0	0	0	0	0	0	0	0	0	
16004	Temporal_Pole_Mid_R	0	0	0	0	0	0	0	0	0	0	0	0	0	0	0	0	0	0	0	0	0	0	0	0	0	0	0	0	0	0	0	0	0	0	0	0	0	350	0	1472	0	272	0	0	0	0	0	0	0	0	0	0	0	0	0	1318	0	0	0	0	0	0	0	0	0	0	0	0	0	0	0	0	0	0	0	0	0	0	0	0	0	254	0	2114	0	954	0	0	0	1268	0	0	0	0	0	0	0	0	0	0	0	0	0	0	0	0	0	0	0	0	0	0	0	0	0	0	
231892	Temporal_Inf_L	282	0	0	0	0	0	0	0	0	0	0	0	0	0	0	0	104	0	0	0	0	0	0	0	0	0	0	0	3442	0	0	0	100	0	1042	426	8102	426	2778	396	1038	0	456	0	0	0	906	402	0	0	5478	0	2552	0	18878	0	3010	0	4016	0	5626	0	292	0	2456	0	1368	256	270	0	0	0	688	0	0	0	634	136	314	0	8784	0	5420	0	25918	0	2326	0	0	0	4388	0	294	0	0	0	344	0	1890	0	404	0	304	0	0	0	0	0	0	0	0	0	0	0	0	0	
180600	Temporal_Inf_R	0	2230	0	140	0	0	0	0	0	0	0	0	0	0	0	0	0	992	0	440	0	0	0	0	0	0	0	0	0	4380	0	0	0	0	0	1250	0	7284	0	2772	0	402	0	1238	0	250	0	1866	0	978	0	1358	0	1596	0	14716	0	794	0	462	0	3016	0	1334	0	1880	0	2512	0	416	0	0	0	86	0	0	0	360	0	1016	0	8542	0	816	0	20858	0	1268	0	0	0	2402	0	0	0	318	0	466	0	1862	0	0	0	0	0	0	0	0	0	0	0	0	0	0	0	0	
450912	Cerebelum_Crus1_L	0	0	0	0	0	0	0	0	0	0	0	0	0	0	0	0	0	0	0	0	0	0	0	0	0	0	0	0	142	0	0	0	0	0	0	0	408	0	278	0	0	0	124	0	0	0	1964	1076	0	0	452	0	1842	0	19942	2730	0	0	0	0	0	0	0	0	0	0	0	0	0	0	0	0	110	0	0	0	0	0	0	0	154	0	0	0	0	0	0	0	4388	0	0	7088	26110	1860	1580	190	20534	2256	53088	8324	14976	268	17558	1058	4628	636	348	0	898	1216	4436	13272	8984	1620	564	354	
431164	Cerebelum_Crus1_R	0	0	0	0	0	0	0	0	0	0	0	0	0	0	0	0	0	0	0	0	0	0	0	0	0	0	0	0	0	0	0	0	0	0	0	0	0	476	0	508	0	0	136	94	0	0	540	1442	0	0	124	0	206	276	582	15040	0	0	0	0	0	0	0	0	0	0	0	0	0	0	0	0	0	0	0	0	0	0	0	0	0	154	0	100	0	272	0	0	0	2402	7088	0	3304	24752	158	6572	1122	21066	5006	56794	2012	6506	1270	18060	294	3348	0	0	206	1208	4142	13146	9850	3926	3044	356	
249164	Cerebelum_Crus2_L	0	0	0	0	0	0	0	0	0	0	0	0	0	0	0	0	0	0	0	0	0	0	0	0	0	0	0	0	0	0	0	0	0	0	0	0	0	0	0	0	0	0	0	0	0	0	0	0	0	0	0	0	0	0	228	336	0	0	0	0	0	0	0	0	0	0	0	0	0	0	0	0	0	0	0	0	0	0	0	0	0	0	0	0	0	0	0	0	294	0	26110	3304	0	3308	606	0	1150	148	3054	2468	33112	730	28454	1206	6626	94	426	0	0	0	110	3674	7104	1700	340	0	
192864	Cerebelum_Crus2_R	0	0	0	0	0	0	0	0	0	0	0	0	0	0	0	0	0	0	0	0	0	0	0	0	0	0	0	0	0	0	0	0	0	0	0	0	0	0	0	0	0	0	0	0	0	0	0	0	0	0	0	0	0	0	0	0	0	0	0	0	0	0	0	0	0	0	0	0	0	0	0	0	0	0	0	0	0	0	0	0	0	0	0	0	0	0	0	0	0	0	1860	24752	3308	0	0	330	0	522	1058	4786	2558	18008	2036	24704	304	3320	0	514	0	110	180	1432	5370	992	186	102	
46620	Cerebelum_3_L	0	0	0	0	0	0	0	0	0	0	0	0	0	0	0	0	0	0	0	0	0	0	0	0	0	0	0	0	0	0	0	0	0	0	0	0	0	0	0	0	0	0	0	0	0	0	404	0	0	0	0	0	0	0	138	0	0	0	0	0	0	0	0	0	0	0	0	0	0	0	0	0	0	0	0	0	0	0	0	0	0	0	0	0	0	0	0	0	0	0	1580	158	606	0	0	114	5910	110	2364	226	520	0	1536	230	2586	254	206	0	1264	1644	1260	842	472	430	348	108	
89752	Cerebelum_3_R	0	0	0	0	0	0	0	0	0	0	0	0	0	0	0	0	0	0	0	0	0	0	0	0	0	0	0	0	0	0	0	0	0	0	0	0	0	134	0	92	0	0	84	0	0	0	508	134	0	0	0	0	0	0	274	830	0	0	0	0	0	0	0	0	0	0	0	0	0	0	0	0	0	0	0	0	0	0	0	0	0	0	0	0	0	0	0	0	0	318	190	6572	0	330	114	0	1132	9280	656	8766	0	0	0	298	88	3428	0	0	302	3648	1566	1994	564	1656	1918	0	
317144	Cerebelum_4_5_L	0	0	0	0	0	0	0	0	0	0	0	0	0	0	0	0	0	0	0	0	0	0	0	0	0	0	0	0	0	0	0	0	0	0	0	0	284	0	498	0	0	0	1326	304	0	0	13610	2116	0	0	394	0	638	0	16698	292	0	0	0	0	0	0	0	0	0	0	0	0	0	0	0	0	0	0	0	0	0	0	0	0	0	0	0	0	0	0	0	0	344	0	20534	1122	1150	0	5910	1132	0	4860	36320	1668	1054	0	2984	672	6362	2712	114	0	1570	3062	17078	6358	1388	1986	2334	1698	
304828	Cerebelum_4_5_R	0	0	0	0	0	0	0	0	0	0	0	0	0	0	0	0	0	0	0	0	0	0	0	0	0	0	0	0	0	100	0	0	0	0	258	584	186	2158	0	3016	0	0	966	1116	0	0	4578	8744	0	0	276	0	176	154	1576	13726	0	0	0	0	0	0	0	0	0	0	0	604	0	0	0	0	0	158	0	0	0	532	0	0	0	0	0	104	0	114	0	0	0	466	2256	21066	148	522	110	9280	4860	0	5352	30948	148	0	534	1542	164	4048	0	0	152	1704	13452	8020	2522	3418	2282	294	
480464	Cerebelum_6_L	0	0	0	0	0	0	0	0	0	0	0	0	0	0	0	0	0	0	0	0	0	0	0	0	0	0	0	0	0	0	0	0	0	0	0	0	274	0	384	0	0	0	768	190	0	0	13760	3948	0	0	1182	0	2244	0	32398	3580	0	0	0	0	0	0	0	0	0	0	0	0	0	0	0	0	0	0	0	0	0	0	0	0	0	0	0	0	0	0	0	0	1890	0	53088	5006	3054	1058	2364	656	36320	5352	0	8524	3274	306	5486	1602	4164	1744	450	0	1218	2094	12814	19660	5908	2860	1638	974	
442564	Cerebelum_6_R	0	0	0	0	0	0	0	0	0	0	0	0	0	0	0	0	0	0	0	0	0	0	0	0	0	0	0	0	0	0	0	0	0	0	0	0	0	936	0	714	0	0	324	0	0	0	1510	5400	0	0	264	0	388	588	1614	23086	0	0	0	0	0	0	0	0	0	0	0	0	0	0	0	0	0	0	0	0	0	0	0	0	0	488	0	110	0	714	0	0	0	1862	8324	56794	2468	4786	226	8766	1668	30948	8524	0	1384	698	1484	4372	382	4138	0	444	226	1422	7852	19732	9478	5214	3522	432	
216004	Cerebelum_7b_L	0	0	0	0	0	0	0	0	0	0	0	0	0	0	0	0	0	0	0	0	0	0	0	0	0	0	0	0	0	0	0	0	0	0	0	0	0	0	0	0	0	0	0	0	0	0	0	0	0	0	0	0	0	0	144	148	0	0	0	0	0	0	0	0	0	0	0	0	0	0	0	0	0	0	0	0	0	0	0	0	0	0	0	0	0	0	0	0	404	0	14976	2012	33112	2558	520	0	1054	148	3274	1384	0	942	29352	1224	5226	122	608	0	0	0	120	2648	5634	1980	324	88	
110448	Cerebelum_7b_R	0	0	0	0	0	0	0	0	0	0	0	0	0	0	0	0	0	0	0	0	0	0	0	0	0	0	0	0	0	0	0	0	0	0	0	0	0	0	0	0	0	0	0	0	0	0	0	0	0	0	0	0	0	0	0	0	0	0	0	0	0	0	0	0	0	0	0	0	0	0	0	0	0	0	0	0	0	0	0	0	0	0	0	0	0	0	0	0	0	0	268	6506	730	18008	0	0	0	0	306	698	942	0	1326	19136	124	3516	0	266	0	0	0	460	1420	1226	190	102	
277072	Cerebelum_8_L	0	0	0	0	0	0	0	0	0	0	0	0	0	0	0	0	0	0	0	0	0	0	0	0	0	0	0	0	0	0	0	0	0	0	0	0	0	0	0	0	0	0	0	0	0	0	0	0	0	0	0	0	0	0	370	210	0	0	0	0	0	0	0	0	0	0	0	0	0	0	0	0	0	0	0	0	0	0	0	0	0	0	0	0	0	0	0	0	304	0	17558	1270	28454	2036	1536	0	2984	534	5486	1484	29352	1326	0	3982	18874	674	2118	0	0	108	368	4778	6956	5936	1636	202	
244372	Cerebelum_8_R	0	0	0	0	0	0	0	0	0	0	0	0	0	0	0	0	0	0	0	0	0	0	0	0	0	0	0	0	0	0	0	0	0	0	0	0	0	0	0	0	0	0	0	0	0	0	144	0	0	0	0	0	0	0	0	464	0	0	0	0	0	0	0	0	0	0	0	0	0	0	0	0	0	0	0	0	0	0	0	0	0	0	0	0	0	0	0	0	0	0	1058	18060	1206	24704	230	298	672	1542	1602	4372	1224	19136	3982	0	850	17436	164	960	190	490	964	4412	7638	7074	2712	602	
141224	Cerebelum_9_L	0	0	0	0	0	0	0	0	0	0	0	0	0	0	0	0	0	0	0	0	0	0	0	0	0	0	0	0	0	0	0	0	0	0	0	0	0	0	0	0	0	0	0	0	0	0	0	0	0	0	0	0	0	0	498	0	0	0	0	0	0	0	0	0	0	0	0	0	0	0	0	0	0	0	0	0	0	0	0	0	0	0	0	0	0	0	0	0	0	0	4628	294	6626	304	2586	88	6362	164	4164	382	5226	124	18874	850	0	2442	2834	0	0	144	1628	3494	2352	2314	3088	1146	
165520	Cerebelum_9_R	0	0	0	0	0	0	0	0	0	0	0	0	0	0	0	0	0	0	0	0	0	0	0	0	0	0	0	0	0	0	0	0	0	0	0	0	0	0	0	0	0	0	0	0	0	0	758	116	0	0	0	0	0	0	424	596	0	0	0	0	0	0	0	0	0	0	0	0	0	0	0	0	0	0	0	0	0	0	0	0	0	0	0	0	0	0	0	0	0	0	636	3348	94	3320	254	3428	2712	4048	1744	4138	122	3516	674	17436	2442	0	260	1500	524	2518	2906	6372	1940	6304	8466	2164	
15848	Cerebelum_10_L	0	0	0	0	0	0	0	0	0	0	0	0	0	0	0	0	0	0	0	0	0	0	0	0	0	0	0	0	0	0	0	0	0	0	0	0	0	0	0	0	0	0	0	0	0	0	0	0	0	0	0	0	0	0	0	0	0	0	0	0	0	0	0	0	0	0	0	0	0	0	0	0	0	0	0	0	0	0	0	0	0	0	0	0	0	0	0	0	0	0	348	0	426	0	206	0	114	0	450	0	608	0	2118	164	2834	260	0	0	0	0	0	146	160	90	0	0	
7368	Cerebelum_10_R	0	0	0	0	0	0	0	0	0	0	0	0	0	0	0	0	0	0	0	0	0	0	0	0	0	0	0	0	0	0	0	0	0	0	0	0	0	0	0	0	0	0	0	0	0	0	0	0	0	0	0	0	0	0	0	0	0	0	0	0	0	0	0	0	0	0	0	0	0	0	0	0	0	0	0	0	0	0	0	0	0	0	0	0	0	0	0	0	0	0	0	0	0	514	0	0	0	0	0	444	0	266	0	960	0	1500	0	0	0	0	0	0	0	0	0	0	
30660	Vermis_1_2	0	0	0	0	0	0	0	0	0	0	0	0	0	0	0	0	0	0	0	0	0	0	0	0	0	0	0	0	0	0	0	0	0	0	0	0	0	0	0	0	0	0	0	0	0	0	0	0	0	0	0	0	0	0	0	0	0	0	0	0	0	0	0	0	0	0	0	0	0	0	0	0	0	0	0	0	0	0	0	0	0	0	0	0	0	0	0	0	0	0	898	206	0	0	1264	302	1570	152	1218	226	0	0	0	190	0	524	0	0	0	5204	1880	500	152	416	396	232	
67544	Vermis_3	0	0	0	0	0	0	0	0	0	0	0	0	0	0	0	0	0	0	0	0	0	0	0	0	0	0	0	0	0	0	0	0	0	0	0	0	0	0	0	0	0	0	0	0	0	0	512	0	0	0	0	0	0	0	288	0	0	0	0	0	0	0	0	0	0	0	0	0	0	0	0	0	0	0	0	0	0	0	0	0	0	0	0	0	0	0	0	0	0	0	1216	1208	0	110	1644	3648	3062	1704	2094	1422	0	0	108	490	144	2518	0	0	5204	0	3882	1434	496	1178	1136	274	
244468	Vermis_4_5	0	0	0	0	0	0	0	0	0	0	0	0	0	0	0	0	0	0	0	0	0	0	0	0	0	0	0	0	0	0	0	0	0	0	0	232	0	180	0	104	0	0	1646	740	0	0	10266	6906	0	0	410	0	290	0	4616	3898	0	0	0	0	0	0	0	0	0	0	0	252	0	0	0	0	0	0	0	0	0	98	0	0	0	0	0	0	0	0	0	0	0	0	4436	4142	110	180	1260	1566	17078	13452	12814	7852	120	0	368	964	1628	2906	0	0	1880	3882	0	10428	1114	2072	2092	2252	
362404	Vermis_6	0	0	0	0	0	0	0	0	0	0	0	0	0	0	0	0	0	0	0	0	0	0	0	0	0	0	0	0	0	0	0	0	0	0	0	0	0	0	0	0	0	0	636	160	0	0	5768	5584	0	0	536	0	722	312	4280	6842	0	0	0	0	0	0	0	0	0	0	0	0	0	0	0	0	0	0	0	0	0	0	0	0	0	0	0	0	0	0	0	0	0	0	13272	13146	3674	1432	842	1994	6358	8020	19660	19732	2648	460	4778	4412	3494	6372	146	0	500	1434	10428	0	13326	9212	7942	3080	
