data	data	449676	271608	841972	663984	128480	83348	379660	280768	89532	24368	184424	183692	214768	149692	136360	60392	224848	128056	801020	628340	65764	70624	258464	247492	10328	54704	27072	28468	521660	243628	220908	324936	112084	362044	155692	186712	247852	317964	117224	235488	20104	43968	227136	319756	219656	285028	305516	309312	174584	288632	469168	321792	263068	96924	420428	463388	262740	305564	110144	86276	184252	83092	120724	91988	136916	155792	261276	370900	310312	150180	225336	337348	308976	313372	59704	39908	153612	150204	116656	27844	224520	132920	41344	43096	260008	273384	7148	16292	205572	173016	465104	502292	381176	354044	44264	64236	336308	291900	490672	422540	280880	146756	347828	348756	214244	225820	26132	28608	19088	45072	267196	235324	259620	209736	155420	69884	
data	data	Precentral_L	Precentral_R	Frontal_Sup_L	Frontal_Sup_R	Frontal_Sup_Orb_L	Frontal_Sup_Orb_R	Frontal_Mid_L	Frontal_Mid_R	Frontal_Mid_Orb_L	Frontal_Mid_Orb_R	Frontal_Inf_Oper_L	Frontal_Inf_Oper_R	Frontal_Inf_Tri_L	Frontal_Inf_Tri_R	Frontal_Inf_Orb_L	Frontal_Inf_Orb_R	Rolandic_Oper_L	Rolandic_Oper_R	Supp_Motor_Area_L	Supp_Motor_Area_R	Olfactory_L	Olfactory_R	Frontal_Sup_Medial_L	Frontal_Sup_Medial_R	Frontal_Med_Orb_L	Frontal_Med_Orb_R	Rectus_L	Rectus_R	Insula_L	Insula_R	Cingulum_Ant_L	Cingulum_Ant_R	Cingulum_Mid_L	Cingulum_Mid_R	Cingulum_Post_L	Cingulum_Post_R	Hippocampus_L	Hippocampus_R	ParaHippocampal_L	ParaHippocampal_R	Amygdala_L	Amygdala_R	Calcarine_L	Calcarine_R	Cuneus_L	Cuneus_R	Lingual_L	Lingual_R	Occipital_Sup_L	Occipital_Sup_R	Occipital_Mid_L	Occipital_Mid_R	Occipital_Inf_L	Occipital_Inf_R	Fusiform_L	Fusiform_R	Postcentral_L	Postcentral_R	Parietal_Sup_L	Parietal_Sup_R	Parietal_Inf_L	Parietal_Inf_R	SupraMarginal_L	SupraMarginal_R	Angular_L	Angular_R	Precuneus_L	Precuneus_R	Paracentral_Lobule_L	Paracentral_Lobule_R	Caudate_L	Caudate_R	Putamen_L	Putamen_R	Pallidum_L	Pallidum_R	Thalamus_L	Thalamus_R	Heschl_L	Heschl_R	Temporal_Sup_L	Temporal_Sup_R	Temporal_Pole_Sup_L	Temporal_Pole_Sup_R	Temporal_Mid_L	Temporal_Mid_R	Temporal_Pole_Mid_L	Temporal_Pole_Mid_R	Temporal_Inf_L	Temporal_Inf_R	Cerebelum_Crus1_L	Cerebelum_Crus1_R	Cerebelum_Crus2_L	Cerebelum_Crus2_R	Cerebelum_3_L	Cerebelum_3_R	Cerebelum_4_5_L	Cerebelum_4_5_R	Cerebelum_6_L	Cerebelum_6_R	Cerebelum_7b_L	Cerebelum_7b_R	Cerebelum_8_L	Cerebelum_8_R	Cerebelum_9_L	Cerebelum_9_R	Cerebelum_10_L	Cerebelum_10_R	Vermis_1_2	Vermis_3	Vermis_4_5	Vermis_6	Vermis_7	Vermis_8	Vermis_9	Vermis_10	
449676	Precentral_L	0	4048	29192	560	0	0	18732	186	0	0	6708	170	804	0	0	0	8844	188	24620	6176	0	0	0	0	0	0	0	0	8680	160	300	0	1228	2138	4420	1012	2120	380	282	100	0	0	138	0	818	0	222	146	664	0	3366	0	1482	0	1160	114	28984	440	0	0	6174	0	3808	0	116	0	2040	0	23998	4082	1666	184	3796	0	2944	0	5060	390	4556	0	3486	0	0	0	2694	0	0	0	1262	0	0	0	0	0	0	0	0	0	0	0	0	0	0	0	0	0	0	0	0	0	0	0	0	0	0	0	
271608	Precentral_R	4048	0	2236	11332	0	0	756	17896	0	0	0	4430	0	0	0	0	114	1646	8726	10624	0	0	0	0	0	0	0	0	440	328	0	0	0	456	0	246	0	1732	0	336	0	0	0	1432	0	772	0	270	0	654	0	1510	0	0	0	2604	110	22882	0	536	544	1356	490	1378	0	1202	0	6532	5472	8610	1328	1968	598	1034	0	0	128	2592	642	244	0	1476	0	0	0	2802	0	0	0	1292	0	0	0	0	0	0	0	0	0	0	0	0	0	0	0	0	0	0	0	0	0	0	0	0	0	0	
841972	Frontal_Sup_L	29192	2236	0	9850	4912	0	52960	1228	1480	0	14194	902	13398	630	3868	376	12980	330	92096	10408	0	0	34292	812	408	0	0	0	27772	566	15524	1296	4104	1548	432	408	4130	236	474	106	0	0	0	0	0	0	0	352	0	0	1276	0	544	0	1148	0	12466	490	0	0	1630	0	1198	0	0	0	0	0	2256	0	6770	1690	20418	532	6644	176	3412	660	5542	0	6642	0	988	0	1328	0	0	0	1676	0	0	0	0	0	0	0	0	0	0	0	0	0	0	0	0	0	0	0	0	0	0	0	0	0	0	0	
663984	Frontal_Sup_R	560	11332	9850	0	0	5272	444	40426	0	158	352	17558	258	10062	0	2188	156	5084	17128	59586	0	0	5606	29018	0	1752	0	0	1156	12328	3566	28052	746	21664	0	124	0	1504	0	702	0	0	0	0	0	0	0	0	0	0	0	0	0	0	0	658	0	1352	0	0	356	0	342	180	0	102	0	112	986	0	1502	17870	300	12248	0	2620	120	4812	596	0	122	664	0	0	0	242	0	0	0	176	0	0	0	0	0	0	0	0	0	0	0	0	0	0	0	0	0	0	0	0	0	0	0	0	0	0	
128480	Frontal_Sup_Orb_L	0	0	4912	0	0	0	98	0	11662	0	174	0	4508	0	12498	0	0	0	570	0	1804	744	1454	0	790	0	2464	0	11482	0	1008	0	0	0	0	0	0	0	0	0	0	0	0	0	0	0	0	0	0	0	0	0	0	0	0	0	0	0	0	0	0	0	0	0	0	0	0	0	0	0	1372	730	7328	122	0	0	0	0	0	0	0	0	520	0	0	0	0	0	0	0	0	0	0	0	0	0	0	0	0	0	0	0	0	0	0	0	0	0	0	0	0	0	0	0	0	0	
83348	Frontal_Sup_Orb_R	0	0	0	5272	0	0	0	376	0	3316	0	0	0	294	0	2502	0	0	0	858	350	670	0	4040	0	5636	142	3898	0	252	260	3154	0	0	0	0	0	0	0	0	0	0	0	0	0	0	0	0	0	0	0	0	0	0	0	0	0	0	0	0	0	0	0	0	0	0	0	0	0	0	458	5810	116	4270	0	0	0	0	0	0	0	0	0	0	0	0	0	0	0	0	0	0	0	0	0	0	0	0	0	0	0	0	0	0	0	0	0	0	0	0	0	0	0	0	0	0	
379660	Frontal_Mid_L	18732	756	52960	444	98	0	0	110	1248	0	8998	712	25278	0	4376	0	4628	0	9866	0	0	0	15216	212	0	0	0	0	13552	0	8170	0	2640	0	340	226	1142	104	164	0	0	0	0	0	0	0	0	0	0	0	670	0	244	0	340	0	3036	152	0	0	2002	0	606	0	0	0	0	0	358	0	600	0	1796	122	0	0	776	0	4776	0	2964	0	0	0	780	0	0	0	636	0	0	0	0	0	0	0	0	0	0	0	0	0	0	0	0	0	0	0	0	0	0	0	0	0	0	0	
280768	Frontal_Mid_R	186	17896	1228	40426	0	376	110	0	0	1374	0	10072	0	15088	0	2330	132	832	3748	10002	0	0	416	4198	0	0	0	0	520	3214	132	4286	0	5066	0	0	0	1420	0	248	0	0	0	134	0	0	0	0	0	0	0	0	0	0	0	640	0	3652	0	0	182	106	178	456	0	232	0	192	368	0	1544	1900	426	1476	0	152	110	2344	342	0	0	1446	0	0	0	656	0	0	0	548	0	0	0	0	0	0	0	0	0	0	0	0	0	0	0	0	0	0	0	0	0	0	0	0	0	0	
89532	Frontal_Mid_Orb_L	0	0	1480	0	11662	0	1248	0	0	0	94	0	3328	0	15038	0	0	0	320	0	396	122	0	0	0	0	476	0	5666	0	0	0	0	0	0	0	0	0	0	0	0	0	0	0	0	0	0	0	0	0	0	0	0	0	0	0	0	0	0	0	0	0	0	0	0	0	0	0	0	0	160	126	4414	0	0	0	0	0	0	0	0	0	236	0	0	0	0	0	0	0	0	0	0	0	0	0	0	0	0	0	0	0	0	0	0	0	0	0	0	0	0	0	0	0	0	0	
24368	Frontal_Mid_Orb_R	0	0	0	158	0	3316	0	1374	0	0	0	0	0	1140	0	4058	0	0	0	0	0	0	0	0	0	0	0	380	0	172	0	0	0	0	0	0	0	0	0	0	0	0	0	0	0	0	0	0	0	0	0	0	0	0	0	0	0	0	0	0	0	0	0	0	0	0	0	0	0	0	0	362	0	1224	0	0	0	0	0	0	0	0	0	0	0	0	0	0	0	0	0	0	0	0	0	0	0	0	0	0	0	0	0	0	0	0	0	0	0	0	0	0	0	0	0	0	
184424	Frontal_Inf_Oper_L	6708	0	14194	352	174	0	8998	0	94	0	0	1014	13760	174	98	0	9030	260	11378	0	0	0	206	172	0	0	0	0	11958	472	658	194	0	0	0	0	0	0	0	0	0	0	0	0	0	0	0	0	0	0	0	0	0	0	0	0	660	0	0	0	0	0	0	0	0	0	0	0	106	0	3732	308	1196	322	0	0	0	0	466	0	3910	0	1618	0	0	0	0	0	0	0	0	0	0	0	0	0	0	0	0	0	0	0	0	0	0	0	0	0	0	0	0	0	0	0	0	0	
183692	Frontal_Inf_Oper_R	170	4430	902	17558	0	0	712	10072	0	0	1014	0	1038	4502	0	0	0	6626	944	5568	0	0	968	1000	0	0	0	0	2084	14846	662	1784	0	1608	0	0	0	1390	0	490	0	0	0	0	0	0	0	0	0	0	0	0	0	0	0	588	0	4250	0	0	0	0	0	0	0	0	0	0	0	0	1150	878	100	5432	0	360	116	350	0	0	0	156	0	0	0	0	0	0	0	98	0	0	0	0	0	0	0	0	0	0	0	0	0	0	0	0	0	0	0	0	0	0	0	0	0	0	
214768	Frontal_Inf_Tri_L	804	0	13398	258	4508	0	25278	0	3328	0	13760	1038	0	218	10048	0	660	320	2984	126	0	0	2454	110	0	0	0	0	20098	536	1876	150	342	0	0	0	0	0	0	0	0	0	0	0	0	0	0	0	0	0	0	0	0	0	0	0	0	0	0	0	0	0	0	0	0	0	0	0	0	0	2380	218	1578	182	0	0	0	0	270	0	310	0	152	0	0	0	0	0	0	0	0	0	0	0	0	0	0	0	0	0	0	0	0	0	0	0	0	0	0	0	0	0	0	0	0	0	
149692	Frontal_Inf_Tri_R	0	0	630	10062	0	294	0	15088	0	1140	174	4502	218	0	0	7140	0	126	1304	6268	0	0	504	1818	0	0	0	0	538	8084	350	5564	0	5616	0	0	0	0	0	0	0	0	0	0	0	0	0	0	0	0	0	0	0	0	0	0	0	0	0	0	0	0	0	0	0	0	0	0	0	0	462	3296	0	1668	0	0	0	0	0	0	0	0	0	0	0	0	0	0	0	0	0	0	0	0	0	0	0	0	0	0	0	0	0	0	0	0	0	0	0	0	0	0	0	0	0	0	
136360	Frontal_Inf_Orb_L	0	0	3868	0	12498	0	4376	0	15038	0	98	0	10048	0	0	0	0	0	344	0	1354	262	338	0	0	0	576	0	11622	0	262	0	0	0	0	0	0	0	118	0	0	0	0	0	0	0	0	0	0	0	0	0	0	0	0	0	0	0	0	0	0	0	0	0	0	0	0	0	0	0	638	266	5780	0	0	0	0	0	0	0	0	0	694	0	0	0	0	0	0	0	0	0	0	0	0	0	0	0	0	0	0	0	0	0	0	0	0	0	0	0	0	0	0	0	0	0	
60392	Frontal_Inf_Orb_R	0	0	376	2188	0	2502	0	2330	0	4058	0	0	0	7140	0	0	0	0	448	690	0	340	0	0	0	0	0	482	116	4276	186	170	0	0	0	0	0	0	0	0	0	0	0	0	0	0	0	0	0	0	0	0	0	0	0	0	0	0	0	0	0	0	0	0	0	0	0	0	0	0	242	2994	0	1658	0	0	0	0	0	0	0	0	0	0	0	0	0	0	0	0	0	0	0	0	0	0	0	0	0	0	0	0	0	0	0	0	0	0	0	0	0	0	0	0	0	0	
224848	Rolandic_Oper_L	8844	114	12980	156	0	0	4628	132	0	0	9030	0	660	0	0	0	0	0	7826	0	0	0	0	0	0	0	0	0	20088	0	0	0	0	0	192	0	130	0	0	0	0	0	0	0	0	0	0	0	0	0	3228	0	1376	0	452	0	6076	0	0	0	184	0	4218	0	0	0	220	0	300	0	2018	182	662	190	284	0	344	0	3374	0	17840	0	1040	0	2938	0	0	0	2718	0	0	0	0	0	0	0	0	0	0	0	0	0	0	0	0	0	0	0	0	0	0	0	0	0	0	0	
128056	Rolandic_Oper_R	188	1646	330	5084	0	0	0	832	0	0	260	6626	320	126	0	0	0	0	400	2124	0	0	0	0	0	0	0	0	422	12876	0	108	0	0	0	134	0	2726	0	680	0	0	0	190	0	0	0	208	0	0	0	0	0	0	0	966	0	7174	0	0	0	188	0	3200	0	0	0	402	0	124	520	408	270	4692	0	542	324	1680	0	1974	0	4658	0	252	0	484	0	0	0	890	0	0	0	0	0	0	0	0	0	0	0	0	0	0	0	0	0	0	0	0	0	0	0	0	0	0	
801020	Supp_Motor_Area_L	24620	8726	92096	17128	570	0	9866	3748	320	0	11378	944	2984	1304	344	448	7826	400	0	32162	0	0	5988	1494	0	0	0	0	15412	1132	6054	3496	8436	11202	2550	1258	6124	1770	802	566	0	0	0	0	0	0	0	644	0	0	642	0	468	0	1846	486	9024	1138	0	0	538	0	778	290	0	354	164	168	28136	228	10534	2826	19734	848	7648	274	20094	1968	1776	0	4064	712	994	0	686	314	0	0	1690	202	0	0	0	0	0	0	0	0	0	0	0	0	0	0	0	0	0	0	0	94	0	0	0	0	0	0	
628340	Supp_Motor_Area_R	6176	10624	10408	59586	0	858	0	10002	0	0	0	5568	126	6268	0	690	0	2124	32162	0	0	0	1306	10384	0	0	0	0	386	6504	1274	17442	1960	44720	1054	4954	0	2522	0	928	0	0	0	1138	0	530	0	620	0	0	0	102	0	104	0	1356	0	2548	0	0	0	0	0	96	0	100	0	3900	10570	14424	596	15830	164	7510	0	2130	162	12572	188	194	0	486	0	0	0	460	0	0	0	364	0	0	0	0	0	0	0	0	0	0	0	0	0	0	0	0	0	0	0	0	0	0	0	0	0	0	
65764	Olfactory_L	0	0	0	0	1804	350	0	0	396	0	0	0	0	0	1354	0	0	0	0	0	0	5364	0	0	250	0	2060	592	1788	0	2602	1408	0	0	0	0	0	0	470	0	0	0	0	0	0	0	0	0	0	0	0	0	0	0	0	0	0	0	0	0	0	0	0	0	0	0	0	0	0	0	5218	4408	2722	1784	0	0	0	0	0	0	0	0	312	0	0	0	0	0	0	0	0	0	0	0	0	0	0	0	0	0	0	0	0	0	0	0	0	0	0	0	0	0	0	0	0	0	
70624	Olfactory_R	0	0	0	0	744	670	0	0	122	0	0	0	0	0	262	340	0	0	0	0	5364	0	0	0	0	104	1904	1414	0	1016	2798	1892	0	0	0	0	0	0	0	106	0	242	0	0	0	0	0	0	0	0	0	0	0	0	0	0	0	0	0	0	0	0	0	0	0	0	0	0	0	0	5824	6884	3312	1992	102	220	0	0	0	0	0	0	0	0	0	0	0	0	0	0	0	0	0	0	0	0	0	0	0	0	0	0	0	0	0	0	0	0	0	0	0	0	0	0	0	0	
258464	Frontal_Sup_Medial_L	0	0	34292	5606	1454	0	15216	416	0	0	206	968	2454	504	338	0	0	0	5988	1306	0	0	0	12608	640	430	0	0	8250	440	17284	6394	5224	4716	0	0	0	106	0	0	0	0	0	0	0	0	0	0	0	0	0	0	0	0	0	0	0	0	0	0	0	0	0	0	0	0	0	0	0	0	1330	270	2146	646	0	0	0	0	0	0	0	0	0	0	0	0	0	0	0	0	0	0	0	0	0	0	0	0	0	0	0	0	0	0	0	0	0	0	0	0	0	0	0	0	0	0	
247492	Frontal_Sup_Medial_R	0	0	812	29018	0	4040	212	4198	0	0	172	1000	110	1818	0	0	0	0	1494	10384	0	0	12608	0	0	4484	0	0	298	338	3860	21798	0	12372	0	0	0	0	0	0	0	0	0	0	0	0	0	0	0	0	0	0	0	0	0	0	0	0	0	0	0	0	0	0	0	0	0	0	0	0	436	8710	0	5584	0	0	0	0	0	0	0	0	0	0	0	0	0	0	0	0	0	0	0	0	0	0	0	0	0	0	0	0	0	0	0	0	0	0	0	0	0	0	0	0	0	0	
10328	Frontal_Med_Orb_L	0	0	408	0	790	0	0	0	0	0	0	0	0	0	0	0	0	0	0	0	250	0	640	0	0	170	410	0	0	0	1604	0	0	0	0	0	0	0	0	0	0	0	0	0	0	0	0	0	0	0	0	0	0	0	0	0	0	0	0	0	0	0	0	0	0	0	0	0	0	0	328	0	564	0	0	0	0	0	0	0	0	0	0	0	0	0	0	0	0	0	0	0	0	0	0	0	0	0	0	0	0	0	0	0	0	0	0	0	0	0	0	0	0	0	0	0	
54704	Frontal_Med_Orb_R	0	0	0	1752	0	5636	0	0	0	0	0	0	0	0	0	0	0	0	0	0	0	104	430	4484	170	0	0	3340	0	0	206	3118	0	0	0	0	0	0	0	0	0	0	0	0	0	0	0	0	0	0	0	0	0	0	0	0	0	0	0	0	0	0	0	0	0	0	0	0	0	0	0	4428	0	3684	0	0	0	0	0	0	0	0	0	0	0	0	0	0	0	0	0	0	0	0	0	0	0	0	0	0	0	0	0	0	0	0	0	0	0	0	0	0	0	0	0	0	
27072	Rectus_L	0	0	0	0	2464	142	0	0	476	0	0	0	0	0	576	0	0	0	0	0	2060	1904	0	0	410	0	0	284	228	0	1344	444	0	0	0	0	0	0	0	0	0	0	0	0	0	0	0	0	0	0	0	0	0	0	0	0	0	0	0	0	0	0	0	0	0	0	0	0	0	0	1534	1176	334	160	0	0	0	0	0	0	0	0	0	0	0	0	0	0	0	0	0	0	0	0	0	0	0	0	0	0	0	0	0	0	0	0	0	0	0	0	0	0	0	0	0	0	
28468	Rectus_R	0	0	0	0	0	3898	0	0	0	380	0	0	0	0	0	482	0	0	0	0	592	1414	0	0	0	3340	284	0	0	748	292	208	0	0	0	0	0	0	0	0	0	0	0	0	0	0	0	0	0	0	0	0	0	0	0	0	0	0	0	0	0	0	0	0	0	0	0	0	0	0	334	1434	0	828	0	0	0	0	0	0	0	0	0	0	0	0	0	0	0	0	0	0	0	0	0	0	0	0	0	0	0	0	0	0	0	0	0	0	0	0	0	0	0	0	0	0	
521660	Insula_L	8680	440	27772	1156	11482	0	13552	520	5666	0	11958	2084	20098	538	11622	116	20088	422	15412	386	1788	0	8250	298	0	0	228	0	0	942	4758	602	802	0	418	268	6084	278	908	182	1810	0	0	0	0	0	0	0	0	0	3042	0	994	0	3724	0	2842	0	0	0	160	0	1962	0	0	0	0	0	756	0	7278	1316	16340	928	0	126	990	660	11704	0	15556	0	2664	0	3430	0	0	0	6750	0	0	0	0	0	0	0	0	0	0	0	0	0	0	0	0	0	0	0	0	0	0	0	0	0	0	0	
243628	Insula_R	160	328	566	12328	0	252	0	3214	0	172	472	14846	536	8084	0	4276	0	12876	1132	6504	0	1016	440	338	0	0	0	748	942	0	282	2384	0	1996	0	0	0	6858	0	2354	0	1364	0	0	0	0	0	0	0	0	0	0	0	126	0	4220	0	1446	0	0	0	0	0	242	0	0	0	0	0	0	868	2278	262	17324	0	224	414	1656	0	1794	0	3418	0	434	0	798	0	0	0	1842	0	0	0	0	0	0	0	0	0	0	0	0	0	0	0	0	0	0	0	0	0	0	0	0	0	0	
220908	Cingulum_Ant_L	300	0	15524	3566	1008	260	8170	132	0	0	658	662	1876	350	262	186	0	0	6054	1274	2602	2798	17284	3860	1604	206	1344	292	4758	282	0	10114	5822	1284	0	0	0	98	0	0	0	0	0	0	0	0	0	0	0	0	0	0	0	0	0	0	0	0	0	0	0	0	0	0	0	0	0	0	0	0	5236	3462	6756	2158	0	98	114	0	0	0	0	0	0	0	0	0	0	0	0	0	0	0	0	0	0	0	0	0	0	0	0	0	0	0	0	0	0	0	0	0	0	0	0	0	0	0	
324936	Cingulum_Ant_R	0	0	1296	28052	0	3154	0	4286	0	0	194	1784	150	5564	0	170	0	108	3496	17442	1408	1892	6394	21798	0	3118	444	208	602	2384	10114	0	412	21222	0	0	0	0	0	0	0	0	0	0	0	0	0	0	0	0	0	0	0	0	0	0	0	0	0	0	0	0	0	0	0	0	0	0	0	0	2716	13956	872	8962	0	174	96	0	0	0	0	0	0	0	0	0	0	0	0	0	0	0	0	0	0	0	0	0	0	0	0	0	0	0	0	0	0	0	0	0	0	0	0	0	0	0	
112084	Cingulum_Mid_L	1228	0	4104	746	0	0	2640	0	0	0	0	0	342	0	0	0	0	0	8436	1960	0	0	5224	0	0	0	0	0	802	0	5822	412	0	4000	3882	260	0	0	0	0	0	0	306	0	384	0	0	0	2138	0	3000	0	0	0	0	0	118	0	688	0	448	0	0	0	1142	0	3744	420	3698	98	0	0	0	0	0	0	0	0	0	0	0	0	0	0	0	0	0	0	0	0	0	0	0	0	0	0	0	0	0	0	0	0	0	0	0	0	0	0	0	0	0	0	0	0	0	0	
362044	Cingulum_Mid_R	2138	456	1548	21664	0	0	0	5066	0	0	0	1608	0	5616	0	0	0	0	11202	44720	0	0	4716	12372	0	0	0	0	0	1996	1284	21222	4000	0	1716	6480	0	0	0	0	0	0	0	1306	0	1394	0	594	0	0	0	222	0	0	0	120	0	3628	0	0	0	0	0	0	0	148	170	8376	2796	10728	0	1210	0	1494	0	158	0	0	0	0	0	112	0	0	0	470	0	0	0	134	0	0	0	0	0	0	0	0	0	0	0	0	0	0	0	0	0	0	0	0	158	0	0	0	0	0	
155692	Cingulum_Post_L	4420	0	432	0	0	0	340	0	0	0	0	0	0	0	0	0	192	0	2550	1054	0	0	0	0	0	0	0	0	418	0	0	0	3882	1716	0	12488	6258	1652	4126	1428	0	0	2306	700	884	0	2140	0	768	0	1610	0	3248	122	3174	1296	994	482	0	0	0	0	0	0	0	0	7908	2646	5852	956	0	0	0	0	0	0	254	0	386	0	0	0	0	0	602	0	0	0	0	122	0	0	0	0	0	0	0	0	0	0	0	0	0	0	0	0	0	0	0	0	440	0	0	0	0	0	
186712	Cingulum_Post_R	1012	246	408	124	0	0	226	0	0	0	0	0	0	0	0	0	0	134	1258	4954	0	0	0	0	0	0	0	0	268	0	0	0	260	6480	12488	0	7862	5866	4900	5566	0	0	0	3404	238	1330	1202	1260	0	208	0	226	708	246	1674	2550	0	1362	0	0	0	0	0	0	0	0	1760	13054	1484	3108	0	0	0	598	0	0	2270	558	324	0	0	0	0	0	0	554	0	0	0	672	0	0	0	0	0	0	0	0	0	0	0	0	0	0	0	0	0	0	0	0	2514	0	0	0	0	0	
247852	Hippocampus_L	2120	0	4130	0	0	0	1142	0	0	0	0	0	0	0	0	0	130	0	6124	0	0	0	0	0	0	0	0	0	6084	0	0	0	0	0	6258	7862	0	4150	17664	3874	3790	0	906	0	0	0	4322	1052	0	0	0	0	1738	0	15982	1678	124	0	0	0	0	0	0	0	0	0	1834	1458	1682	0	0	122	7922	400	756	0	6382	342	1366	0	1012	0	250	0	480	0	0	0	8460	148	686	0	0	0	98	0	228	0	450	0	0	0	0	0	0	0	0	0	0	376	344	0	0	0	0	0	
317964	Hippocampus_R	380	1732	236	1504	0	0	104	1420	0	0	0	1390	0	0	0	0	0	2726	1770	2522	0	0	106	0	0	0	0	0	278	6858	98	0	0	0	1652	5866	4150	0	2880	30232	0	5852	0	360	0	0	412	1908	0	0	0	0	444	976	692	36728	0	2636	0	0	0	118	0	808	0	210	196	3466	1346	0	0	298	188	13002	0	818	2330	7856	122	514	0	2214	0	146	0	1180	0	0	100	7150	0	100	0	0	0	0	0	360	0	162	0	0	0	0	0	0	0	0	0	0	386	0	0	0	0	0	
117224	ParaHippocampal_L	282	0	474	0	0	0	164	0	0	0	0	0	0	0	118	0	0	0	802	0	470	0	0	0	0	0	0	0	908	0	0	0	0	0	4126	4900	17664	2880	0	2720	422	0	516	0	0	0	2974	434	0	0	0	0	726	0	5752	1446	0	0	0	0	0	0	0	0	0	0	1050	1130	244	0	128	0	1620	170	120	0	2148	0	0	0	126	0	552	0	0	0	0	0	774	140	506	0	0	0	518	0	600	0	566	0	0	0	0	0	0	0	0	0	0	190	252	0	0	0	0	0	
235488	ParaHippocampal_R	100	336	106	702	0	0	0	248	0	0	0	490	0	0	0	0	0	680	566	928	0	106	0	0	0	0	0	0	182	2354	0	0	0	0	1428	5566	3874	30232	2720	0	0	5736	0	300	0	0	406	2490	0	0	0	0	414	584	626	25312	0	1218	0	0	0	0	0	350	0	0	196	3584	328	0	0	256	112	7076	0	684	1800	5234	0	0	0	160	0	3840	0	0	0	1694	0	1232	0	770	0	0	0	0	0	1240	0	872	0	0	0	234	0	0	0	0	0	0	378	0	0	0	0	0	
20104	Amygdala_L	0	0	0	0	0	0	0	0	0	0	0	0	0	0	0	0	0	0	0	0	0	0	0	0	0	0	0	0	1810	0	0	0	0	0	0	0	3790	0	422	0	0	0	0	0	0	0	0	0	0	0	0	0	0	0	1586	0	0	0	0	0	0	0	0	0	0	0	0	0	0	0	0	0	184	0	0	0	0	0	0	0	650	0	246	0	138	0	0	0	1226	0	0	0	0	0	0	0	0	0	0	0	0	0	0	0	0	0	0	0	0	0	0	0	0	0	0	0	
43968	Amygdala_R	0	0	0	0	0	0	0	0	0	0	0	0	0	0	0	0	0	0	0	0	0	242	0	0	0	0	0	0	0	1364	0	0	0	0	0	0	0	5852	0	5736	0	0	0	0	0	0	0	0	0	0	0	0	0	0	0	4570	0	0	0	0	0	0	0	0	0	0	0	0	0	0	0	0	0	1102	0	0	0	0	0	0	0	0	0	2946	0	0	0	172	0	0	0	0	0	0	0	0	0	0	0	0	0	0	0	0	0	0	0	0	0	0	0	0	0	0	0	0	
227136	Calcarine_L	138	0	0	0	0	0	0	0	0	0	0	0	0	0	0	0	0	0	0	0	0	0	0	0	0	0	0	0	0	0	0	0	306	0	2306	0	906	0	516	0	0	0	0	7884	14918	3248	12042	5252	5916	1162	17456	708	11412	306	4058	386	1786	0	400	0	590	0	0	0	510	0	15562	0	2088	0	0	0	0	0	0	0	0	0	210	0	0	0	0	0	994	0	0	0	98	0	0	0	0	0	0	0	294	186	794	178	0	0	0	0	0	0	0	0	0	0	486	472	0	0	0	0	
319756	Calcarine_R	0	1432	0	0	0	0	0	134	0	0	0	0	0	0	0	0	0	190	0	1138	0	0	0	0	0	0	0	0	0	0	0	0	0	1306	700	3404	0	360	0	300	0	0	7884	0	9156	28570	614	16536	126	18600	228	20176	128	6338	0	4324	0	2134	0	0	0	0	0	0	0	836	174	15698	128	1366	0	0	0	0	0	0	0	0	0	0	0	266	0	0	0	10326	0	0	0	7060	0	0	0	0	0	0	0	0	0	0	0	0	0	0	0	0	0	0	0	0	246	0	0	0	0	0	
219656	Cuneus_L	818	0	0	0	0	0	0	0	0	0	0	0	0	0	0	0	0	0	0	0	0	0	0	0	0	0	0	0	0	0	0	0	384	0	884	238	0	0	0	0	0	0	14918	9156	0	9886	2342	1030	20240	3920	14092	3304	4184	224	1296	126	1524	0	1642	0	686	0	0	0	298	0	12992	896	2808	0	0	0	0	0	0	0	0	0	102	0	0	0	0	0	1386	358	0	0	0	0	0	0	0	0	0	0	0	0	94	0	0	0	0	0	0	0	0	0	0	0	0	0	0	0	0	0	
285028	Cuneus_R	0	772	0	0	0	0	0	0	0	0	0	0	0	0	0	0	0	0	0	530	0	0	0	0	0	0	0	0	0	0	0	0	0	1394	0	1330	0	0	0	0	0	0	3248	28570	9886	0	0	1480	0	38282	0	19652	0	1320	0	218	0	1784	0	2872	0	0	0	0	0	836	2014	22366	0	1486	0	0	0	0	0	0	0	0	0	0	0	0	0	0	0	3890	0	0	0	384	0	0	0	0	0	0	0	0	0	0	0	0	0	0	0	0	0	0	0	0	200	0	0	0	0	0	
305516	Lingual_L	222	0	0	0	0	0	0	0	0	0	0	0	0	0	0	0	0	0	0	0	0	0	0	0	0	0	0	0	0	0	0	0	0	0	2140	1202	4322	412	2974	406	0	0	12042	614	2342	0	0	4438	1010	0	14276	0	14888	120	19782	1150	272	0	0	0	0	0	0	0	0	0	4638	358	302	0	0	0	0	0	0	0	330	0	0	0	0	0	0	0	240	0	0	0	0	0	3386	1684	1804	820	966	0	12874	3802	16568	3168	0	0	0	0	380	372	0	0	0	130	7966	7738	1356	404	436	424	
309312	Lingual_R	146	270	352	0	0	0	0	0	0	0	0	0	0	0	0	0	0	208	644	620	0	0	0	0	0	0	0	0	0	0	0	0	0	594	0	1260	1052	1908	434	2490	0	0	5252	16536	1030	1480	4438	0	0	1798	328	2314	454	8398	988	21956	0	726	0	0	0	0	0	106	0	0	0	8004	0	716	0	0	564	0	128	0	426	406	0	0	0	212	0	0	0	932	0	0	112	886	1324	4352	1068	580	120	232	5818	10932	4446	11502	0	0	0	0	844	482	0	0	0	0	11334	8098	3856	276	534	690	
174584	Occipital_Sup_L	664	0	0	0	0	0	0	0	0	0	0	0	0	0	0	0	0	0	0	0	0	0	0	0	0	0	0	0	0	0	0	0	2138	0	768	0	0	0	0	0	0	0	5916	126	20240	0	1010	0	0	0	26044	0	1954	0	462	0	734	0	8902	0	1590	0	0	0	674	0	12326	398	2184	0	0	0	0	0	0	0	0	0	0	0	0	0	0	0	1162	0	0	0	0	0	0	0	0	0	0	0	0	0	0	0	0	0	0	0	0	0	0	0	0	0	0	0	0	0	0	0	
288632	Occipital_Sup_R	0	654	0	0	0	0	0	0	0	0	0	0	0	0	0	0	0	0	0	0	0	0	0	0	0	0	0	0	0	0	0	0	0	0	0	208	0	0	0	0	0	0	1162	18600	3920	38282	0	1798	0	0	0	34368	0	1960	0	302	0	4420	0	7712	0	766	0	132	0	6358	382	14748	0	1528	0	0	0	0	0	0	0	0	0	0	0	206	0	0	0	6810	0	0	0	0	0	0	0	0	0	0	0	0	0	0	0	0	0	0	0	0	0	0	0	0	0	0	0	0	0	0	
469168	Occipital_Mid_L	3366	0	1276	0	0	0	670	0	0	0	0	0	0	0	0	0	3228	0	642	0	0	0	0	0	0	0	0	0	3042	0	0	0	3000	0	1610	0	0	0	0	0	0	0	17456	228	14092	0	14276	328	26044	0	0	0	30788	0	9940	0	7480	0	8760	0	13026	0	1188	0	21324	0	12938	0	6772	0	0	0	0	0	0	0	0	0	2674	0	2204	0	0	0	22308	0	0	0	3880	0	0	0	0	0	0	0	334	120	722	0	0	0	0	0	0	0	0	0	0	0	296	572	0	0	0	0	
321792	Occipital_Mid_R	0	1510	0	0	0	0	0	0	0	0	0	0	0	0	0	0	0	0	0	102	0	0	0	0	0	0	0	0	0	0	0	0	0	222	0	226	0	0	0	0	0	0	708	20176	3304	19652	0	2314	0	34368	0	0	0	6918	0	1668	0	6748	0	4140	0	5458	0	592	0	17354	0	10722	0	1514	0	0	0	0	0	0	0	0	0	0	0	886	0	0	0	20334	0	0	0	1980	0	0	0	0	0	0	0	0	0	0	0	0	0	0	0	0	0	0	0	0	0	0	0	0	0	0	
263068	Occipital_Inf_L	1482	0	544	0	0	0	244	0	0	0	0	0	0	0	0	0	1376	0	468	0	0	0	0	0	0	0	0	0	994	0	0	0	0	0	3248	708	1738	444	726	414	0	0	11412	128	4184	0	14888	454	1954	0	30788	0	0	0	22674	436	2280	0	0	0	446	0	358	0	668	0	7698	192	2438	0	0	0	0	0	0	0	160	0	2488	0	818	0	0	0	3012	0	0	0	4410	0	290	0	0	0	0	0	1134	392	2640	232	0	0	0	0	0	0	0	0	0	0	838	1736	0	0	0	0	
96924	Occipital_Inf_R	0	0	0	0	0	0	0	0	0	0	0	0	0	0	0	0	0	0	0	104	0	0	0	0	0	0	0	0	0	126	0	0	0	0	122	246	0	976	0	584	0	0	306	6338	224	1320	120	8398	0	1960	0	6918	0	0	0	10508	0	202	0	0	0	0	0	112	0	0	0	436	0	0	0	0	0	0	0	0	0	0	0	0	0	0	0	0	0	1418	0	0	0	4544	124	406	134	0	0	0	102	268	112	864	0	0	0	0	0	0	0	0	0	0	352	630	508	0	0	0	
420428	Fusiform_L	1160	0	1148	0	0	0	340	0	0	0	0	0	0	0	0	0	452	0	1846	0	0	0	0	0	0	0	0	0	3724	0	0	0	0	0	3174	1674	15982	692	5752	626	1586	0	4058	0	1296	0	19782	988	462	0	9940	0	22674	0	0	696	910	0	0	0	108	0	132	0	130	0	6062	278	1788	0	0	0	2964	0	0	0	1138	0	3316	0	2816	0	1872	0	3194	0	526	0	16248	0	18212	264	144	0	0	0	15438	1126	25742	692	108	0	286	0	526	240	104	0	0	0	2858	3506	384	418	422	210	
463388	Fusiform_R	114	2604	0	658	0	0	0	640	0	0	0	588	0	0	0	0	0	966	486	1356	0	0	0	0	0	0	0	0	0	4220	0	0	0	120	1296	2550	1678	36728	1446	25312	0	4570	386	4324	126	218	1150	21956	0	302	0	1668	436	10508	696	0	0	1840	0	0	0	0	0	670	0	230	0	3824	366	472	0	178	0	6124	0	438	204	3290	0	462	0	2550	0	6224	0	2750	0	1704	0	15602	222	11990	150	520	0	0	1946	11944	1362	17606	0	0	0	990	174	172	0	0	0	0	5970	2920	1484	0	98	116	
262740	Postcentral_L	28984	110	12466	0	0	0	3036	0	0	0	660	0	0	0	0	0	6076	0	9024	0	0	0	0	0	0	0	0	0	2842	0	0	0	118	0	994	0	124	0	0	0	0	0	1786	0	1524	0	272	0	734	0	7480	0	2280	0	910	0	0	0	7098	0	17812	0	6478	0	288	0	3600	0	10236	0	0	0	378	0	136	0	0	0	1544	0	1074	0	0	0	2658	0	0	0	648	0	0	0	0	0	0	0	0	0	0	0	0	0	0	0	0	0	0	0	0	0	0	0	0	0	0	0	
305564	Postcentral_R	440	22882	490	1352	0	0	152	3652	0	0	0	4250	0	0	0	0	0	7174	1138	2548	0	0	0	0	0	0	0	0	0	1446	0	0	0	3628	482	1362	0	2636	0	1218	0	0	0	2134	0	1784	0	726	0	4420	0	6748	0	202	0	1840	0	0	0	4184	188	5104	150	10036	0	5962	0	16532	466	8442	400	222	392	2616	0	226	138	1322	0	804	0	6390	0	0	0	14202	0	0	0	2302	0	0	0	0	0	0	0	0	0	0	0	0	0	0	0	0	0	0	0	0	0	0	0	0	0	0	
110144	Parietal_Sup_L	0	0	0	0	0	0	0	0	0	0	0	0	0	0	0	0	0	0	0	0	0	0	0	0	0	0	0	0	0	0	0	0	688	0	0	0	0	0	0	0	0	0	400	0	1642	0	0	0	8902	0	8760	0	0	0	0	0	7098	0	0	0	8900	0	164	0	1556	0	14228	0	2468	0	0	0	0	0	0	0	0	0	0	0	0	0	0	0	266	0	0	0	0	0	0	0	0	0	0	0	0	0	0	0	0	0	0	0	0	0	0	0	0	0	0	0	0	0	0	0	
86276	Parietal_Sup_R	0	536	0	0	0	0	0	0	0	0	0	0	0	0	0	0	0	0	0	0	0	0	0	0	0	0	0	0	0	0	0	0	0	0	0	0	0	0	0	0	0	0	0	0	0	2872	0	0	0	7712	0	4140	0	0	0	0	0	4184	0	0	0	5638	0	1918	0	4304	0	9304	0	846	0	0	0	0	0	0	0	0	0	0	0	0	0	0	0	1450	0	0	0	234	0	0	0	0	0	0	0	0	0	0	0	0	0	0	0	0	0	0	0	0	0	0	0	0	0	0	
184252	Parietal_Inf_L	6174	544	1630	356	0	0	2002	182	0	0	0	0	0	0	0	0	184	0	538	0	0	0	0	0	0	0	0	0	160	0	0	0	448	0	0	0	0	0	0	0	0	0	590	0	686	0	0	0	1590	0	13026	0	446	0	108	0	17812	188	8900	0	0	0	12094	116	17482	0	2672	0	946	0	0	0	0	0	0	0	0	0	0	0	186	0	0	0	2960	0	0	0	106	0	0	0	0	0	0	0	0	0	0	0	0	0	0	0	0	0	0	0	0	0	0	0	0	0	0	0	
83092	Parietal_Inf_R	0	1356	0	0	0	0	0	106	0	0	0	0	0	0	0	0	0	188	0	0	0	0	0	0	0	0	0	0	0	0	0	0	0	0	0	0	0	118	0	0	0	0	0	0	0	0	0	0	0	766	0	5458	0	0	0	0	0	5104	0	5638	0	0	0	9382	0	11832	0	274	0	0	0	0	0	0	0	0	0	0	0	0	0	394	0	0	0	482	0	0	0	448	0	0	0	0	0	0	0	0	0	0	0	0	0	0	0	0	0	0	0	0	0	0	0	0	0	0	
120724	SupraMarginal_L	3808	490	1198	342	0	0	606	178	0	0	0	0	0	0	0	0	4218	0	778	0	0	0	0	0	0	0	0	0	1962	0	0	0	0	0	0	0	0	0	0	0	0	0	0	0	0	0	0	0	0	0	1188	0	358	0	132	0	6478	150	164	0	12094	0	0	104	7232	0	220	0	246	0	0	0	0	0	0	0	0	0	196	0	7898	0	0	0	9210	0	0	0	1112	0	0	0	0	0	0	0	0	0	0	0	0	0	0	0	0	0	0	0	0	0	0	0	0	0	0	0	
91988	SupraMarginal_R	0	1378	0	180	0	0	0	456	0	0	0	0	0	0	0	0	0	3200	290	96	0	0	0	0	0	0	0	0	0	242	0	0	0	0	0	0	0	808	0	350	0	0	0	0	0	0	0	106	0	132	0	592	0	112	0	670	0	10036	0	1918	116	9382	104	0	0	5460	0	1244	272	0	0	0	0	196	0	0	0	254	0	378	0	7310	0	0	0	506	0	0	0	206	0	0	0	0	0	0	0	0	0	0	0	0	0	0	0	0	0	0	0	0	0	0	0	0	0	0	
136916	Angular_L	116	0	0	0	0	0	0	0	0	0	0	0	0	0	0	0	0	0	0	0	0	0	0	0	0	0	0	0	0	0	0	0	1142	0	0	0	0	0	0	0	0	0	510	0	298	0	0	0	674	0	21324	0	668	0	130	0	288	0	1556	0	17482	0	7232	0	0	0	1602	0	258	0	0	0	0	0	0	0	0	0	108	0	2082	0	0	0	12694	0	0	0	294	0	0	0	0	0	0	0	0	0	0	0	0	0	0	0	0	0	0	0	0	0	0	0	0	0	0	0	
155792	Angular_R	0	1202	0	102	0	0	0	232	0	0	0	0	0	0	0	0	0	0	354	100	0	0	0	0	0	0	0	0	0	0	0	0	0	148	0	0	0	210	0	0	0	0	0	836	0	836	0	0	0	6358	0	17354	0	0	0	230	0	5962	0	4304	0	11832	0	5460	0	0	0	4600	358	372	0	0	0	0	0	0	0	0	0	0	0	5404	0	0	0	10712	0	0	0	930	0	0	0	0	0	0	0	0	0	0	0	0	0	0	0	0	0	0	0	0	0	0	0	0	0	0	
261276	Precuneus_L	2040	0	0	0	0	0	0	0	0	0	0	0	0	0	0	0	220	0	164	0	0	0	0	0	0	0	0	0	0	0	0	0	3744	170	7908	1760	1834	196	1050	196	0	0	15562	174	12992	2014	4638	0	12326	382	12938	0	7698	0	6062	0	3600	0	14228	0	2672	0	220	0	1602	0	0	4470	7990	0	0	0	0	0	0	0	0	0	364	0	170	0	0	0	1032	0	0	0	124	0	0	0	0	0	0	0	0	0	0	0	0	0	0	0	0	0	0	0	0	0	98	0	0	0	0	0	
370900	Precuneus_R	0	6532	0	112	0	0	0	192	0	0	0	0	0	0	0	0	0	402	168	3900	0	0	0	0	0	0	0	0	0	0	0	0	420	8376	2646	13054	1458	3466	1130	3584	0	0	0	15698	896	22366	358	8004	398	14748	0	10722	192	436	278	3824	0	16532	0	9304	0	274	0	1244	0	4600	4470	0	166	7624	0	0	0	0	0	0	144	440	0	162	0	1568	0	0	0	9848	0	0	0	2852	0	0	0	0	0	0	0	468	0	0	0	0	0	0	0	0	0	0	0	0	2394	0	0	0	0	0	
310312	Paracentral_Lobule_L	23998	5472	2256	986	0	0	358	368	0	0	106	0	0	0	0	0	300	0	28136	10570	0	0	0	0	0	0	0	0	756	0	0	0	3698	2796	5852	1484	1682	1346	244	328	0	0	2088	128	2808	0	302	0	2184	0	6772	0	2438	0	1788	366	10236	466	2468	0	946	0	246	272	258	358	7990	166	0	4634	1446	926	862	0	140	0	7704	1196	860	0	258	714	0	0	2204	328	0	0	652	216	0	0	0	0	0	0	0	0	0	0	0	0	0	0	0	0	0	0	0	0	0	0	0	0	0	0	
150180	Paracentral_Lobule_R	4082	8610	0	0	0	0	0	0	0	0	0	0	0	0	0	0	0	124	228	14424	0	0	0	0	0	0	0	0	0	0	0	0	98	10728	956	3108	0	0	0	0	0	0	0	1366	0	1486	0	716	0	1528	0	1514	0	0	0	472	0	8442	0	846	0	0	0	0	0	372	0	7624	4634	0	0	0	0	0	0	0	0	0	0	310	0	462	0	0	0	1940	0	0	0	910	0	0	0	0	0	0	0	0	0	0	0	0	0	0	0	0	0	0	0	0	110	0	0	0	0	0	
225336	Caudate_L	1666	1328	6770	1502	1372	458	600	1544	160	0	3732	1150	2380	462	638	242	2018	520	10534	596	5218	5824	1330	436	328	0	1534	334	7278	868	5236	2716	0	0	0	0	0	0	128	0	0	0	0	0	0	0	0	0	0	0	0	0	0	0	0	0	0	400	0	0	0	0	0	0	0	0	0	0	1446	0	0	10444	15110	4084	1976	1014	6892	304	0	0	1560	0	536	0	0	0	0	0	0	0	0	0	0	0	0	0	0	0	0	0	0	0	0	0	0	0	0	0	0	0	0	0	0	0	0	0	
337348	Caudate_R	184	1968	1690	17870	730	5810	0	1900	126	362	308	878	218	3296	266	2994	182	408	2826	15830	4408	6884	270	8710	0	4428	1176	1434	1316	2278	3462	13956	0	1210	0	0	122	298	0	256	0	0	0	0	0	0	0	0	0	0	0	0	0	0	0	178	0	222	0	0	0	0	0	0	0	0	0	0	926	0	10444	0	5518	21010	342	3812	1322	16108	596	0	142	0	0	0	0	0	0	0	0	0	0	0	0	0	0	0	0	0	0	0	0	0	0	0	0	0	0	0	0	0	0	0	0	0	0	0	
308976	Putamen_L	3796	598	20418	300	7328	116	1796	426	4414	0	1196	100	1578	0	5780	0	662	270	19734	164	2722	3312	2146	0	564	0	334	0	16340	262	6756	872	0	0	0	0	7922	188	1620	112	184	0	0	0	0	0	0	564	0	0	0	0	0	0	2964	0	378	392	0	0	0	0	0	0	0	0	0	0	862	0	15110	5518	0	2328	6638	476	2270	216	122	0	1036	0	364	0	146	0	0	0	2606	0	302	0	0	0	0	0	0	0	186	0	0	0	0	0	0	0	0	0	0	0	0	0	0	0	0	0	
313372	Putamen_R	0	1034	532	12248	122	4270	122	1476	0	1224	322	5432	182	1668	0	1658	190	4692	848	7510	1784	1992	646	5584	0	3684	160	828	928	17324	2158	8962	0	1494	0	598	400	13002	170	7076	0	1102	0	0	0	0	0	0	0	0	0	0	0	0	0	6124	0	2616	0	0	0	0	0	196	0	0	0	0	0	0	4084	21010	2328	0	0	4896	808	2526	0	0	150	102	0	0	0	0	0	0	0	424	0	0	0	0	0	0	0	0	0	0	0	0	0	0	0	0	0	0	0	0	0	0	0	0	0	0	
59704	Pallidum_L	2944	0	6644	0	0	0	0	0	0	0	0	0	0	0	0	0	284	0	7648	0	0	102	0	0	0	0	0	0	0	0	0	0	0	0	0	0	756	0	120	0	0	0	0	0	0	0	0	128	0	0	0	0	0	0	0	0	136	0	0	0	0	0	0	0	0	0	0	0	140	0	1976	342	6638	0	0	0	1852	142	0	0	0	0	0	0	0	0	0	0	0	0	0	0	0	0	0	0	0	0	0	0	0	0	0	0	0	0	0	0	0	0	0	0	0	0	0	0	
39908	Pallidum_R	0	0	176	2620	0	0	0	152	0	0	0	360	0	0	0	0	0	542	274	2130	0	220	0	0	0	0	0	0	126	224	98	174	0	158	0	0	0	818	0	684	0	0	0	0	0	0	0	0	0	0	0	0	0	0	0	438	0	226	0	0	0	0	0	0	0	0	0	0	0	0	1014	3812	476	4896	0	0	144	192	0	0	0	0	0	0	0	0	0	0	0	0	0	0	0	0	0	0	0	0	0	0	0	0	0	0	0	0	0	0	0	0	0	0	0	0	0	0	
153612	Thalamus_L	5060	128	3412	120	0	0	776	110	0	0	0	116	0	0	0	0	344	324	20094	162	0	0	0	0	0	0	0	0	990	414	114	96	0	0	254	2270	6382	2330	2148	1800	0	0	0	0	0	0	330	426	0	0	0	0	160	0	1138	204	0	138	0	0	0	0	0	0	0	0	0	144	7704	0	6892	1322	2270	808	1852	144	0	3708	566	0	392	0	0	0	448	0	0	0	716	0	0	0	0	0	0	0	0	0	0	0	0	0	0	0	0	0	0	0	0	0	0	0	0	0	0	0	
150204	Thalamus_R	390	2592	660	4812	0	0	0	2344	0	0	0	350	0	0	0	0	0	1680	1968	12572	0	0	0	0	0	0	0	0	660	1656	0	0	0	0	0	558	342	7856	0	5234	0	0	0	0	0	0	0	406	0	0	0	0	0	0	0	3290	0	1322	0	0	0	0	0	254	0	0	0	440	1196	0	304	16108	216	2526	142	192	3708	0	734	0	0	110	0	0	0	0	0	0	0	286	0	0	0	0	98	0	96	0	0	0	0	0	0	0	0	0	0	0	0	0	0	0	0	0	0	0	
116656	Heschl_L	4556	642	5542	596	0	0	4776	342	0	0	466	0	270	0	0	0	3374	0	1776	188	0	0	0	0	0	0	0	0	11704	0	0	0	0	0	386	324	1366	122	0	0	0	0	210	0	102	0	0	0	0	0	2674	0	2488	0	3316	0	1544	0	0	0	0	0	196	0	108	0	364	0	860	0	0	596	122	0	0	0	566	734	0	0	2648	0	0	0	2632	0	0	0	2738	0	0	0	0	0	0	0	0	0	0	0	0	0	0	0	0	0	0	0	0	0	0	0	0	0	0	0	
27844	Heschl_R	0	244	0	0	0	0	0	0	0	0	0	0	0	0	0	0	0	1974	0	194	0	0	0	0	0	0	0	0	0	1794	0	0	0	0	0	0	0	514	0	0	0	0	0	0	0	0	0	0	0	0	0	0	0	0	0	462	0	804	0	0	0	0	0	378	0	0	0	162	0	310	0	0	0	0	0	0	0	0	0	0	0	5692	0	298	0	996	0	0	0	100	0	0	0	0	0	0	0	0	0	0	0	0	0	0	0	0	0	0	0	0	0	0	0	0	0	0	
224520	Temporal_Sup_L	3486	0	6642	122	0	0	2964	0	0	0	3910	0	310	0	0	0	17840	0	4064	0	0	0	0	0	0	0	0	0	15556	0	0	0	0	0	0	0	1012	0	126	0	650	0	0	0	0	0	0	0	0	0	2204	0	818	0	2816	0	1074	0	0	0	186	0	7898	0	2082	0	170	0	258	0	1560	142	1036	150	0	0	392	0	2648	0	0	0	2526	0	19634	0	0	0	9984	0	0	0	0	0	0	0	0	0	0	0	0	0	0	0	0	0	0	0	0	0	0	0	0	0	0	0	
132920	Temporal_Sup_R	0	1476	0	664	0	0	0	1446	0	0	0	156	0	0	0	0	0	4658	712	486	0	0	0	0	0	0	0	0	0	3418	0	0	0	112	0	0	0	2214	0	160	0	0	0	266	0	0	0	212	0	206	0	886	0	0	0	2550	0	6390	0	0	0	394	0	7310	0	5404	0	1568	714	462	0	0	0	102	0	0	0	110	0	5692	0	0	0	1466	0	13854	0	128	0	3244	0	0	0	0	0	0	0	0	0	0	0	0	0	0	0	0	0	0	0	0	0	0	0	0	0	0	
41344	Temporal_Pole_Sup_L	0	0	988	0	520	0	0	0	236	0	1618	0	152	0	694	0	1040	0	994	0	312	0	0	0	0	0	0	0	2664	0	0	0	0	0	0	0	250	0	552	0	246	0	0	0	0	0	0	0	0	0	0	0	0	0	1872	0	0	0	0	0	0	0	0	0	0	0	0	0	0	0	536	0	364	0	0	0	0	0	0	0	2526	0	0	0	1858	0	1032	0	2218	0	0	0	0	0	0	0	0	0	0	0	0	0	0	0	0	0	0	0	0	0	0	0	0	0	0	0	
43096	Temporal_Pole_Sup_R	0	0	0	0	0	0	0	0	0	0	0	0	0	0	0	0	0	252	0	0	0	0	0	0	0	0	0	0	0	434	0	0	0	0	0	0	0	146	0	3840	0	2946	0	0	0	0	0	0	0	0	0	0	0	0	0	6224	0	0	0	0	0	0	0	0	0	0	0	0	0	0	0	0	0	0	0	0	0	0	0	298	0	1466	0	0	0	1420	0	2152	0	2370	0	0	0	0	0	0	0	0	0	0	0	0	0	0	0	0	0	0	0	0	0	0	0	0	0	0	
260008	Temporal_Mid_L	2694	0	1328	0	0	0	780	0	0	0	0	0	0	0	0	0	2938	0	686	0	0	0	0	0	0	0	0	0	3430	0	0	0	0	0	602	0	480	0	0	0	138	0	994	0	1386	0	240	0	1162	0	22308	0	3012	0	3194	0	2658	0	266	0	2960	0	9210	0	12694	0	1032	0	2204	0	0	0	146	0	0	0	448	0	2632	0	19634	0	1858	0	0	0	1270	0	27620	0	0	0	0	0	0	0	0	0	0	0	0	0	0	0	0	0	0	0	0	0	0	0	0	0	0	0	
273384	Temporal_Mid_R	0	2802	0	242	0	0	0	656	0	0	0	0	0	0	0	0	0	484	314	460	0	0	0	0	0	0	0	0	0	798	0	0	0	470	0	554	0	1180	0	0	0	0	0	10326	358	3890	0	932	0	6810	0	20334	0	1418	0	2750	0	14202	0	1450	0	482	0	506	0	10712	0	9848	328	1940	0	0	0	0	0	0	0	0	0	996	0	13854	0	1420	0	0	0	1198	0	24978	0	0	0	0	0	0	0	0	0	0	0	0	0	0	0	0	0	0	0	0	0	0	0	0	0	0	
7148	Temporal_Pole_Mid_L	0	0	0	0	0	0	0	0	0	0	0	0	0	0	0	0	0	0	0	0	0	0	0	0	0	0	0	0	0	0	0	0	0	0	0	0	0	0	0	0	0	0	0	0	0	0	0	0	0	0	0	0	0	0	526	0	0	0	0	0	0	0	0	0	0	0	0	0	0	0	0	0	0	0	0	0	0	0	0	0	0	0	1032	0	1270	0	0	0	746	0	0	0	0	0	0	0	0	0	0	0	0	0	0	0	0	0	0	0	0	0	0	0	0	0	0	0	
16292	Temporal_Pole_Mid_R	0	0	0	0	0	0	0	0	0	0	0	0	0	0	0	0	0	0	0	0	0	0	0	0	0	0	0	0	0	0	0	0	0	0	0	0	0	0	0	1694	0	172	0	0	0	0	0	0	0	0	0	0	0	0	0	1704	0	0	0	0	0	0	0	0	0	0	0	0	0	0	0	0	0	0	0	0	0	0	0	0	0	128	0	2152	0	1198	0	0	0	1098	0	0	0	0	0	0	0	0	0	0	0	0	0	0	0	0	0	0	0	0	0	0	0	0	0	0	
205572	Temporal_Inf_L	1262	0	1676	0	0	0	636	0	0	0	0	0	0	0	0	0	2718	0	1690	0	0	0	0	0	0	0	0	0	6750	0	0	0	0	0	0	0	8460	100	774	0	1226	0	98	0	0	0	0	112	0	0	3880	0	4410	0	16248	0	648	0	0	0	106	0	1112	0	294	0	124	0	652	0	0	0	2606	0	0	0	716	0	2738	0	9984	0	2218	0	27620	0	746	0	0	0	2402	0	0	0	0	0	0	0	780	0	0	0	0	0	0	0	0	0	0	0	0	0	0	0	0	0	
173016	Temporal_Inf_R	0	1292	0	176	0	0	0	548	0	0	0	98	0	0	0	0	0	890	202	364	0	0	0	0	0	0	0	0	0	1842	0	0	0	134	122	672	148	7150	140	1232	0	0	0	7060	0	384	0	886	0	0	0	1980	0	4544	0	15602	0	2302	0	234	0	448	0	206	0	930	0	2852	216	910	0	0	0	424	0	0	0	286	0	100	0	3244	0	2370	0	24978	0	1098	0	0	0	444	0	0	0	0	0	0	0	0	0	0	0	0	0	0	0	0	0	0	0	0	0	0	0	0	
465104	Cerebelum_Crus1_L	0	0	0	0	0	0	0	0	0	0	0	0	0	0	0	0	0	0	0	0	0	0	0	0	0	0	0	0	0	0	0	0	0	0	0	0	686	0	506	0	0	0	0	0	0	0	3386	1324	0	0	0	0	290	124	18212	222	0	0	0	0	0	0	0	0	0	0	0	0	0	0	0	0	302	0	0	0	0	0	0	0	0	0	0	0	0	0	0	0	2402	0	0	2852	29132	2836	2792	0	26686	498	61628	1748	8900	0	17602	478	13060	2330	2856	372	218	552	2684	8094	8734	4158	4680	2208	
502292	Cerebelum_Crus1_R	0	0	0	0	0	0	0	0	0	0	0	0	0	0	0	0	0	0	0	0	0	0	0	0	0	0	0	0	0	0	0	0	0	0	0	0	0	100	0	770	0	0	0	0	0	0	1684	4352	0	0	0	0	0	406	264	11990	0	0	0	0	0	0	0	0	0	0	0	0	0	0	0	0	0	0	0	0	0	0	0	0	0	0	0	0	0	0	0	0	0	444	2852	0	3850	35402	412	7522	3000	28680	2526	61118	878	4918	1234	33664	400	8776	0	788	418	2526	7038	5400	11876	3894	3488	476	
381176	Cerebelum_Crus2_L	0	0	0	0	0	0	0	0	0	0	0	0	0	0	0	0	0	0	0	0	0	0	0	0	0	0	0	0	0	0	0	0	0	0	0	0	0	0	0	0	0	0	0	0	0	0	1804	1068	0	0	0	0	0	134	144	150	0	0	0	0	0	0	0	0	0	0	0	0	0	0	0	0	0	0	0	0	0	0	0	0	0	0	0	0	0	0	0	0	0	0	29132	3850	0	14458	0	0	344	0	3796	1122	42636	3166	42986	1832	18394	660	396	0	0	0	164	2576	14028	5202	1556	990	
354044	Cerebelum_Crus2_R	0	0	0	0	0	0	0	0	0	0	0	0	0	0	0	0	0	0	0	0	0	0	0	0	0	0	0	0	0	0	0	0	0	0	0	0	0	0	0	0	0	0	0	0	0	0	820	580	0	0	0	0	0	0	0	520	0	0	0	0	0	0	0	0	0	0	0	0	0	0	0	0	0	0	0	0	0	0	0	0	0	0	0	0	0	0	0	0	0	0	2836	35402	14458	0	0	610	0	1352	1168	6720	7498	19122	5554	39716	420	12478	0	116	0	98	114	1498	15362	7672	2598	310	
44264	Cerebelum_3_L	0	0	0	0	0	0	0	0	0	0	0	0	0	0	0	0	0	0	0	0	0	0	0	0	0	0	0	0	0	0	0	0	0	0	0	0	98	0	518	0	0	0	0	0	0	0	966	120	0	0	0	0	0	0	0	0	0	0	0	0	0	0	0	0	0	0	0	0	0	0	0	0	0	0	0	0	0	98	0	0	0	0	0	0	0	0	0	0	0	0	2792	412	0	0	0	222	7322	366	3390	438	0	0	202	0	434	136	108	0	994	1864	1652	0	0	0	0	0	
64236	Cerebelum_3_R	0	0	0	0	0	0	0	0	0	0	0	0	0	0	0	0	0	0	0	0	0	0	0	0	0	0	0	0	0	0	0	0	0	0	0	0	0	0	0	0	0	0	0	0	0	0	0	232	0	0	0	0	0	0	0	0	0	0	0	0	0	0	0	0	0	0	0	0	0	0	0	0	0	0	0	0	0	0	0	0	0	0	0	0	0	0	0	0	0	0	0	7522	0	610	222	0	342	7358	204	8706	0	0	0	988	0	476	0	0	920	3038	932	128	102	120	218	0	
336308	Cerebelum_4_5_L	0	0	0	0	0	0	0	0	0	0	0	0	0	0	0	0	0	0	0	0	0	0	0	0	0	0	0	0	0	0	0	0	0	0	0	0	228	0	600	0	0	0	294	0	0	0	12874	5818	0	0	334	0	1134	102	15438	1946	0	0	0	0	0	0	0	0	0	0	0	0	0	0	0	0	0	0	0	0	0	96	0	0	0	0	0	0	0	0	0	0	0	0	26686	3000	344	0	7322	342	0	7694	42278	5306	0	0	596	176	2728	1452	460	224	884	1974	18630	4506	458	886	1544	1800	
291900	Cerebelum_4_5_R	0	0	0	0	0	0	0	0	0	0	0	0	0	0	0	0	0	0	0	0	0	0	0	0	0	0	0	0	0	0	0	0	0	0	0	0	0	360	0	1240	0	0	186	0	0	0	3802	10932	0	0	120	0	392	268	1126	11944	0	0	0	0	0	0	0	0	0	0	0	468	0	0	0	0	0	0	0	0	0	0	0	0	0	0	0	0	0	0	0	0	0	0	498	28680	0	1352	366	7358	7694	0	4456	35800	0	0	0	2952	900	952	96	134	506	2170	16640	2252	300	388	660	958	
490672	Cerebelum_6_L	0	0	0	0	0	0	0	0	0	0	0	0	0	0	0	0	0	0	0	0	0	0	0	0	0	0	0	0	0	0	0	0	0	0	0	0	450	0	566	0	0	0	794	0	94	0	16568	4446	0	0	722	0	2640	112	25742	1362	0	0	0	0	0	0	0	0	0	0	0	0	0	0	0	0	186	0	0	0	0	0	0	0	0	0	0	0	0	0	0	0	780	0	61628	2526	3796	1168	3390	204	42278	4456	0	3932	1840	0	4858	492	9832	2972	2932	574	284	722	12318	15492	4520	3618	4716	2326	
422540	Cerebelum_6_R	0	0	0	0	0	0	0	0	0	0	0	0	0	0	0	0	0	0	0	0	0	0	0	0	0	0	0	0	0	0	0	0	0	0	0	0	0	162	0	872	0	0	178	0	0	0	3168	11502	0	0	0	0	232	864	692	17606	0	0	0	0	0	0	0	0	0	0	0	0	0	0	0	0	0	0	0	0	0	0	0	0	0	0	0	0	0	0	0	0	0	0	1748	61118	1122	6720	438	8706	5306	35800	3932	0	0	1040	0	11934	0	2412	0	1078	828	2976	12942	8594	6198	1358	1538	206	
280880	Cerebelum_7b_L	0	0	0	0	0	0	0	0	0	0	0	0	0	0	0	0	0	0	0	0	0	0	0	0	0	0	0	0	0	0	0	0	0	0	0	0	0	0	0	0	0	0	0	0	0	0	0	0	0	0	0	0	0	0	108	0	0	0	0	0	0	0	0	0	0	0	0	0	0	0	0	0	0	0	0	0	0	0	0	0	0	0	0	0	0	0	0	0	0	0	8900	878	42636	7498	0	0	0	0	1840	0	0	4968	42268	3114	14642	0	792	0	0	0	0	0	5994	6802	0	0	
146756	Cerebelum_7b_R	0	0	0	0	0	0	0	0	0	0	0	0	0	0	0	0	0	0	0	0	0	0	0	0	0	0	0	0	0	0	0	0	0	0	0	0	0	0	0	0	0	0	0	0	0	0	0	0	0	0	0	0	0	0	0	0	0	0	0	0	0	0	0	0	0	0	0	0	0	0	0	0	0	0	0	0	0	0	0	0	0	0	0	0	0	0	0	0	0	0	0	4918	3166	19122	0	0	0	0	0	1040	4968	0	3850	22474	140	6598	0	0	0	0	0	0	2124	4978	0	0	
347828	Cerebelum_8_L	0	0	0	0	0	0	0	0	0	0	0	0	0	0	0	0	0	0	0	0	0	0	0	0	0	0	0	0	0	0	0	0	0	0	0	0	0	0	0	0	0	0	0	0	0	0	0	0	0	0	0	0	0	0	286	0	0	0	0	0	0	0	0	0	0	0	0	0	0	0	0	0	0	0	0	0	0	0	0	0	0	0	0	0	0	0	0	0	0	0	17602	1234	42986	5554	202	0	596	0	4858	0	42268	3850	0	4814	29252	1118	1550	0	0	0	278	0	5210	9920	2236	100	
348756	Cerebelum_8_R	0	0	0	0	0	0	0	0	0	0	0	0	0	0	0	0	0	0	0	0	0	0	0	0	0	0	0	0	0	0	0	0	0	0	0	0	0	0	0	234	0	0	0	0	0	0	0	0	0	0	0	0	0	0	0	990	0	0	0	0	0	0	0	0	0	0	0	0	0	0	0	0	0	0	0	0	0	0	0	0	0	0	0	0	0	0	0	0	0	0	478	33664	1832	39716	0	988	176	2952	492	11934	3114	22474	4814	0	682	28028	0	1200	0	146	322	1160	5518	8726	3820	918	
214244	Cerebelum_9_L	0	0	0	0	0	0	0	0	0	0	0	0	0	0	0	0	0	0	0	0	0	0	0	0	0	0	0	0	0	0	0	0	0	0	0	0	0	0	0	0	0	0	0	0	0	0	380	844	0	0	0	0	0	0	526	174	0	0	0	0	0	0	0	0	0	0	0	0	0	0	0	0	0	0	0	0	0	0	0	0	0	0	0	0	0	0	0	0	0	0	13060	400	18394	420	434	0	2728	900	9832	0	14642	140	29252	682	0	788	3306	0	0	0	2018	1168	1256	2466	2750	562	
225820	Cerebelum_9_R	0	0	0	0	0	0	0	0	0	0	0	0	0	0	0	0	0	0	0	0	0	0	0	0	0	0	0	0	0	0	0	0	0	0	0	0	0	0	0	0	0	0	0	0	0	0	372	482	0	0	0	0	0	0	240	172	0	0	0	0	0	0	0	0	0	0	0	0	0	0	0	0	0	0	0	0	0	0	0	0	0	0	0	0	0	0	0	0	0	0	2330	8776	660	12478	136	476	1452	952	2972	2412	0	6598	1118	28028	788	0	114	2686	250	208	2330	6154	6596	9030	11210	3890	
26132	Cerebelum_10_L	0	0	0	0	0	0	0	0	0	0	0	0	0	0	0	0	0	0	0	0	0	0	0	0	0	0	0	0	0	0	0	0	0	0	0	0	0	0	0	0	0	0	0	0	0	0	0	0	0	0	0	0	0	0	104	0	0	0	0	0	0	0	0	0	0	0	0	0	0	0	0	0	0	0	0	0	0	0	0	0	0	0	0	0	0	0	0	0	0	0	2856	0	396	0	108	0	460	96	2932	0	792	0	1550	0	3306	114	0	0	0	0	248	0	104	0	0	0	
28608	Cerebelum_10_R	0	0	0	0	0	0	0	0	0	0	0	0	0	0	0	0	0	0	0	0	0	0	0	0	0	0	0	0	0	0	0	0	0	0	0	0	0	0	0	0	0	0	0	0	0	0	0	0	0	0	0	0	0	0	0	0	0	0	0	0	0	0	0	0	0	0	0	0	0	0	0	0	0	0	0	0	0	0	0	0	0	0	0	0	0	0	0	0	0	0	372	788	0	116	0	0	224	134	574	1078	0	0	0	1200	0	2686	0	0	0	0	332	1530	1120	1556	1748	846	
19088	Vermis_1_2	0	0	0	0	0	0	0	0	0	0	0	0	0	0	0	0	0	0	0	0	0	0	0	0	0	0	0	0	0	0	0	0	0	0	0	0	0	0	0	0	0	0	0	0	0	0	0	0	0	0	0	0	0	0	0	0	0	0	0	0	0	0	0	0	0	0	0	0	0	0	0	0	0	0	0	0	0	0	0	0	0	0	0	0	0	0	0	0	0	0	218	418	0	0	994	920	884	506	284	828	0	0	0	0	0	250	0	0	0	3150	1092	0	0	0	0	0	
45072	Vermis_3	0	0	0	0	0	0	0	0	0	0	0	0	0	0	0	0	0	0	94	0	0	0	0	0	0	0	0	0	0	0	0	0	0	0	0	0	376	0	190	0	0	0	0	0	0	0	130	0	0	0	0	0	0	0	0	0	0	0	0	0	0	0	0	0	0	0	0	0	0	0	0	0	0	0	0	0	0	0	0	0	0	0	0	0	0	0	0	0	0	0	552	2526	0	98	1864	3038	1974	2170	722	2976	0	0	0	146	0	208	0	0	3150	0	2322	0	0	0	0	0	
267196	Vermis_4_5	0	0	0	0	0	0	0	0	0	0	0	0	0	0	0	0	0	0	0	0	0	0	0	0	0	0	0	0	0	0	0	0	0	158	440	2514	344	386	252	378	0	0	486	246	0	200	7966	11334	0	0	296	0	838	352	2858	5970	0	0	0	0	0	0	0	0	0	0	98	2394	0	110	0	0	0	0	0	0	0	0	0	0	0	0	0	0	0	0	0	0	0	0	2684	7038	164	114	1652	932	18630	16640	12318	12942	0	0	278	322	2018	2330	248	332	1092	2322	0	7178	418	814	2218	3294	
235324	Vermis_6	0	0	0	0	0	0	0	0	0	0	0	0	0	0	0	0	0	0	0	0	0	0	0	0	0	0	0	0	0	0	0	0	0	0	0	0	0	0	0	0	0	0	472	0	0	0	7738	8098	0	0	572	0	1736	630	3506	2920	0	0	0	0	0	0	0	0	0	0	0	0	0	0	0	0	0	0	0	0	0	0	0	0	0	0	0	0	0	0	0	0	0	0	8094	5400	2576	1498	0	128	4506	2252	15492	8594	0	0	0	1160	1168	6154	0	1530	0	0	7178	0	9832	5256	6742	4430	
259620	Vermis_7	0	0	0	0	0	0	0	0	0	0	0	0	0	0	0	0	0	0	0	0	0	0	0	0	0	0	0	0	0	0	0	0	0	0	0	0	0	0	0	0	0	0	0	0	0	0	1356	3856	0	0	0	0	0	508	384	1484	0	0	0	0	0	0	0	0	0	0	0	0	0	0	0	0	0	0	0	0	0	0	0	0	0	0	0	0	0	0	0	0	0	0	8734	11876	14028	15362	0	102	458	300	4520	6198	5994	2124	5210	5518	1256	6596	104	1120	0	0	418	9832	0	11956	8306	2210	
