data	data	553708	296584	1.03064e+06	623916	103552	90028	504340	244716	56856	35296	214820	149872	189784	119284	155872	60336	240564	119700	776648	614644	49648	57608	262920	293832	17312	91096	33564	46152	592864	240104	189472	332996	107360	492324	115600	131224	267096	313148	101788	205516	20236	51808	188604	320040	157676	301404	277040	303600	165692	357840	441576	300828	144572	89704	435364	463996	256572	201224	132696	85956	253932	94368	169528	109744	120156	112392	238308	371180	199132	206760	120940	280060	244880	293356	40852	31420	158196	155244	117380	18460	203504	95352	85004	65888	301612	193704	35388	22928	242584	188952	566796	499856	389920	414320	76840	75076	315456	320240	558700	547536	329680	188616	409628	364944	167300	211796	25948	22848	38280	93936	247772	301436	340240	148496	162664	64300	
data	data	Precentral_L	Precentral_R	Frontal_Sup_L	Frontal_Sup_R	Frontal_Sup_Orb_L	Frontal_Sup_Orb_R	Frontal_Mid_L	Frontal_Mid_R	Frontal_Mid_Orb_L	Frontal_Mid_Orb_R	Frontal_Inf_Oper_L	Frontal_Inf_Oper_R	Frontal_Inf_Tri_L	Frontal_Inf_Tri_R	Frontal_Inf_Orb_L	Frontal_Inf_Orb_R	Rolandic_Oper_L	Rolandic_Oper_R	Supp_Motor_Area_L	Supp_Motor_Area_R	Olfactory_L	Olfactory_R	Frontal_Sup_Medial_L	Frontal_Sup_Medial_R	Frontal_Med_Orb_L	Frontal_Med_Orb_R	Rectus_L	Rectus_R	Insula_L	Insula_R	Cingulum_Ant_L	Cingulum_Ant_R	Cingulum_Mid_L	Cingulum_Mid_R	Cingulum_Post_L	Cingulum_Post_R	Hippocampus_L	Hippocampus_R	ParaHippocampal_L	ParaHippocampal_R	Amygdala_L	Amygdala_R	Calcarine_L	Calcarine_R	Cuneus_L	Cuneus_R	Lingual_L	Lingual_R	Occipital_Sup_L	Occipital_Sup_R	Occipital_Mid_L	Occipital_Mid_R	Occipital_Inf_L	Occipital_Inf_R	Fusiform_L	Fusiform_R	Postcentral_L	Postcentral_R	Parietal_Sup_L	Parietal_Sup_R	Parietal_Inf_L	Parietal_Inf_R	SupraMarginal_L	SupraMarginal_R	Angular_L	Angular_R	Precuneus_L	Precuneus_R	Paracentral_Lobule_L	Paracentral_Lobule_R	Caudate_L	Caudate_R	Putamen_L	Putamen_R	Pallidum_L	Pallidum_R	Thalamus_L	Thalamus_R	Heschl_L	Heschl_R	Temporal_Sup_L	Temporal_Sup_R	Temporal_Pole_Sup_L	Temporal_Pole_Sup_R	Temporal_Mid_L	Temporal_Mid_R	Temporal_Pole_Mid_L	Temporal_Pole_Mid_R	Temporal_Inf_L	Temporal_Inf_R	Cerebelum_Crus1_L	Cerebelum_Crus1_R	Cerebelum_Crus2_L	Cerebelum_Crus2_R	Cerebelum_3_L	Cerebelum_3_R	Cerebelum_4_5_L	Cerebelum_4_5_R	Cerebelum_6_L	Cerebelum_6_R	Cerebelum_7b_L	Cerebelum_7b_R	Cerebelum_8_L	Cerebelum_8_R	Cerebelum_9_L	Cerebelum_9_R	Cerebelum_10_L	Cerebelum_10_R	Vermis_1_2	Vermis_3	Vermis_4_5	Vermis_6	Vermis_7	Vermis_8	Vermis_9	Vermis_10	
553708	Precentral_L	0	5524	35496	2964	144	0	40068	476	0	0	9336	0	2224	0	1470	0	9222	0	12568	11328	0	0	144	0	0	0	0	0	18856	120	108	0	598	10334	3478	320	7642	1490	838	672	0	0	464	0	424	0	0	168	178	0	3036	0	378	0	2472	828	21156	466	0	0	3538	0	1098	116	0	0	1240	156	20458	6630	1090	2600	9146	130	2796	274	9974	2708	2890	0	2592	0	0	0	3112	0	0	0	838	224	0	0	0	0	0	0	0	142	112	0	0	0	0	0	0	0	0	0	0	0	0	0	0	0	0	0	
296584	Precentral_R	5524	0	7704	11920	0	0	1974	10914	0	0	0	8540	0	210	0	0	0	2432	7006	9332	0	0	0	0	0	0	0	0	238	1736	0	0	0	7000	0	706	0	3186	0	400	0	0	0	892	0	164	0	166	0	278	0	464	0	348	0	2478	0	18424	0	0	0	2180	0	4714	0	606	0	3414	4456	11088	262	854	384	2592	0	0	442	8898	0	370	0	2092	0	0	0	1376	0	0	0	2528	0	0	0	0	0	0	0	0	0	0	0	0	0	0	0	0	0	0	0	0	0	0	0	0	0	0	
1.03064e+06	Frontal_Sup_L	35496	7704	0	14300	6666	0	72528	3372	1550	114	16132	552	10794	126	7646	214	11720	298	104540	16520	0	0	33506	1502	1594	0	0	0	44172	508	16396	3808	1762	5772	780	0	8594	1006	1292	514	0	0	144	0	0	0	0	120	0	0	200	0	0	0	2006	296	2240	1312	0	0	368	120	0	192	0	0	192	140	3622	802	5770	3956	23436	444	4842	182	22986	2568	408	0	3718	0	2356	0	0	0	0	0	1136	0	0	0	0	0	0	0	0	112	174	0	0	0	0	0	0	0	0	0	0	0	0	0	0	0	0	0	
623916	Frontal_Sup_R	2964	11920	14300	0	0	4492	2540	26772	0	622	384	6050	0	7310	0	1720	366	3396	18292	47902	0	0	7280	36302	0	5456	0	0	720	10476	1208	26694	218	17582	0	0	0	3076	0	730	0	0	0	0	0	0	0	0	0	0	0	0	0	0	0	130	408	0	0	0	178	0	0	0	0	0	0	0	2328	408	3190	17294	270	16956	0	2268	512	8736	0	0	0	0	0	508	0	0	0	0	0	0	0	0	0	0	0	0	0	0	0	0	0	0	0	0	0	0	0	0	0	0	0	0	0	0	0	0	
103552	Frontal_Sup_Orb_L	144	0	6666	0	0	0	840	0	8192	0	124	0	2426	0	10092	0	114	0	2116	0	404	0	1246	0	1656	0	1384	0	9376	0	888	0	0	0	0	0	0	0	0	0	0	0	0	0	0	0	0	0	0	0	0	0	0	0	0	0	0	0	0	0	0	0	0	0	0	0	0	0	0	0	0	0	5578	0	0	0	0	0	0	0	0	0	530	0	0	0	0	0	0	0	0	0	0	0	0	0	0	0	0	0	0	0	0	0	0	0	0	0	0	0	0	0	0	0	0	0	
90028	Frontal_Sup_Orb_R	0	0	0	4492	0	0	0	684	0	3922	0	0	0	0	0	3990	0	0	0	1108	116	496	0	4384	154	7602	120	6748	0	410	0	2610	0	0	0	0	0	0	0	0	0	0	0	0	0	0	0	0	0	0	0	0	0	0	0	0	0	0	0	0	0	0	0	0	0	0	0	0	0	0	134	4322	0	3722	0	0	0	0	0	0	0	0	0	0	0	0	0	0	0	0	0	0	0	0	0	0	0	0	0	0	0	0	0	0	0	0	0	0	0	0	0	0	0	0	0	0	
504340	Frontal_Mid_L	40068	1974	72528	2540	840	0	0	420	1330	0	6472	0	22480	0	7032	0	2912	0	14250	2322	0	0	9976	0	0	0	0	0	21870	0	1940	110	400	1346	712	0	3826	614	626	272	0	0	110	0	0	0	0	0	0	0	430	0	0	0	1032	260	3866	150	0	0	1058	0	0	0	0	0	148	0	1576	296	1094	1238	7732	112	1690	0	10498	1594	1096	0	400	0	0	0	372	0	0	0	558	0	0	0	0	0	0	0	0	0	0	0	0	0	0	0	0	0	0	0	0	0	0	0	0	0	0	0	
244716	Frontal_Mid_R	476	10914	3372	26772	0	684	420	0	0	1938	0	9778	0	18748	0	4186	0	1764	3838	7080	0	0	416	2132	0	0	0	0	250	4164	360	2916	0	3762	0	0	0	2998	0	476	0	0	0	0	0	0	0	0	0	0	0	0	0	0	0	542	106	1396	0	0	0	242	0	576	0	118	0	146	0	0	644	1854	0	6276	0	224	0	1156	0	148	0	422	0	406	0	242	0	0	0	416	0	0	0	0	0	0	0	0	0	0	0	0	0	0	0	0	0	0	0	0	0	0	0	0	0	0	
56856	Frontal_Mid_Orb_L	0	0	1550	0	8192	0	1330	0	0	0	0	0	2172	0	9978	0	0	0	344	0	0	0	0	0	0	0	794	0	2286	0	0	0	0	0	0	0	0	0	0	0	0	0	0	0	0	0	0	0	0	0	0	0	0	0	0	0	0	0	0	0	0	0	0	0	0	0	0	0	0	0	0	0	1460	0	0	0	0	0	0	0	0	0	322	0	0	0	0	0	0	0	0	0	0	0	0	0	0	0	0	0	0	0	0	0	0	0	0	0	0	0	0	0	0	0	0	0	
35296	Frontal_Mid_Orb_R	0	0	114	622	0	3922	0	1938	0	0	0	0	0	498	0	7718	0	0	140	588	0	0	0	0	0	540	0	360	0	228	0	0	0	192	0	0	0	0	0	0	0	0	0	0	0	0	0	0	0	0	0	0	0	0	0	0	0	0	0	0	0	0	0	0	0	0	0	0	0	0	0	272	0	516	0	0	0	0	0	0	0	0	0	0	0	0	0	0	0	0	0	0	0	0	0	0	0	0	0	0	0	0	0	0	0	0	0	0	0	0	0	0	0	0	0	0	
214820	Frontal_Inf_Oper_L	9336	0	16132	384	124	0	6472	0	0	0	0	0	11716	0	198	0	17824	0	12336	382	0	0	266	0	0	0	0	0	17968	0	312	0	0	164	0	0	648	0	0	0	0	0	0	0	0	0	0	0	0	0	0	0	0	0	212	0	3566	0	0	0	1404	0	146	0	0	0	0	0	0	0	136	0	346	0	0	0	0	0	122	0	4682	0	2534	0	0	0	0	0	0	0	0	0	0	0	0	0	0	0	0	0	0	0	0	0	0	0	0	0	0	0	0	0	0	0	0	0	
149872	Frontal_Inf_Oper_R	0	8540	552	6050	0	0	0	9778	0	0	0	0	0	7400	0	0	0	6636	694	3696	0	0	0	160	0	0	0	0	0	14260	132	1144	0	898	0	0	0	1992	0	208	0	0	0	0	0	0	0	0	0	0	0	0	0	0	0	264	0	3380	0	0	0	490	0	1044	0	120	0	162	0	0	0	136	0	4786	0	156	0	286	0	0	0	238	0	1216	0	242	0	0	0	276	0	0	0	0	0	0	0	0	0	0	0	0	0	0	0	0	0	0	0	0	0	0	0	0	0	0	
189784	Frontal_Inf_Tri_L	2224	0	10794	0	2426	0	22480	0	2172	0	11716	0	0	0	14924	0	1280	0	5828	0	0	0	418	0	0	0	0	0	17326	0	422	0	152	0	0	0	386	0	0	0	0	0	0	0	0	0	0	0	0	0	0	0	0	0	136	0	996	0	0	0	292	0	0	0	0	0	0	0	0	0	0	0	402	0	0	0	0	0	0	0	144	0	374	0	0	0	0	0	0	0	0	0	0	0	0	0	0	0	0	0	0	0	0	0	0	0	0	0	0	0	0	0	0	0	0	0	
119284	Frontal_Inf_Tri_R	0	210	126	7310	0	0	0	18748	0	498	0	7400	0	0	0	3362	0	118	582	3760	0	0	0	264	0	0	0	0	0	7978	0	902	0	1798	0	0	0	1396	0	126	0	0	0	0	0	0	0	0	0	0	0	0	0	0	0	0	0	0	0	0	0	0	0	0	0	0	0	0	0	0	0	774	0	4140	0	150	0	0	0	0	0	0	0	0	0	0	0	0	0	0	0	0	0	0	0	0	0	0	0	0	0	0	0	0	0	0	0	0	0	0	0	0	0	0	0	0	
155872	Frontal_Inf_Orb_L	1470	0	7646	0	10092	0	7032	0	9978	0	198	0	14924	0	0	0	136	0	3926	0	562	0	270	0	0	0	128	0	14944	0	278	0	162	0	0	0	0	0	0	0	0	0	0	0	0	0	0	0	0	0	0	0	0	0	0	0	1126	0	0	0	394	0	0	0	0	0	0	0	0	0	0	0	3468	0	0	0	0	0	0	0	0	0	1202	0	0	0	0	0	0	0	0	0	0	0	0	0	0	0	0	0	0	0	0	0	0	0	0	0	0	0	0	0	0	0	0	0	
60336	Frontal_Inf_Orb_R	0	0	214	1720	0	3990	0	4186	0	7718	0	0	0	3362	0	0	0	0	314	1114	0	456	0	178	0	0	0	1414	0	2016	0	106	0	628	0	0	0	0	0	0	0	0	0	0	0	0	0	0	0	0	0	0	0	0	0	0	0	0	0	0	0	0	0	0	0	0	0	0	0	0	0	770	0	1830	0	0	0	0	0	0	0	0	0	152	0	0	0	0	0	0	0	0	0	0	0	0	0	0	0	0	0	0	0	0	0	0	0	0	0	0	0	0	0	0	0	0	
240564	Rolandic_Oper_L	9222	0	11720	366	114	0	2912	0	0	0	17824	0	1280	0	136	0	0	0	9270	364	0	0	256	0	0	0	0	0	19274	0	302	0	238	166	0	0	1386	0	0	0	0	0	126	0	0	0	0	0	288	0	2350	0	686	0	1434	0	8496	0	2112	0	2768	0	2594	0	126	0	1206	0	0	0	110	0	306	0	0	0	0	0	4766	0	12290	0	2182	0	2608	0	0	0	1004	0	0	0	0	0	0	0	0	0	0	0	0	0	0	0	0	0	0	0	0	0	0	0	0	0	0	0	
119700	Rolandic_Oper_R	0	2432	298	3396	0	0	0	1764	0	0	0	6636	0	118	0	0	0	0	300	2898	0	0	0	0	0	0	0	0	0	13282	0	256	0	160	0	0	0	2134	0	0	0	0	0	0	0	0	0	0	0	0	0	0	0	0	0	0	0	5206	0	0	0	920	0	6078	0	510	0	612	0	0	0	0	0	4042	0	0	0	250	0	1640	0	4960	0	1504	0	340	0	0	0	114	0	0	0	0	0	0	0	0	0	0	0	0	0	0	0	0	0	0	0	0	0	0	0	0	0	0	
776648	Supp_Motor_Area_L	12568	7006	104540	18292	2116	0	14250	3838	344	140	12336	694	5828	582	3926	314	9270	300	0	36020	0	0	10120	6796	0	0	0	0	26344	580	12300	10280	6516	21988	1312	0	3156	284	244	0	0	0	0	0	0	0	0	0	0	0	0	0	0	0	572	0	646	1300	0	0	0	106	0	172	0	0	0	0	9952	1732	4096	4416	17604	468	3544	228	4756	888	0	0	3088	0	2282	0	0	0	0	0	190	0	0	0	0	0	0	0	0	0	0	0	0	0	0	0	0	0	0	0	0	0	0	0	0	0	0	0	
614644	Supp_Motor_Area_R	11328	9332	16520	47902	0	1108	2322	7080	0	588	382	3696	0	3760	0	1114	364	2898	36020	0	0	0	1994	10264	0	558	0	0	476	8628	1194	12724	1346	47602	250	1532	0	3204	0	652	0	0	0	264	0	274	0	0	0	0	0	128	0	122	0	786	330	570	0	0	160	0	0	140	0	0	0	928	13480	16886	2030	14520	336	13444	0	4356	0	2104	0	194	0	280	0	116	0	326	0	0	0	710	0	0	0	0	0	0	0	0	0	0	0	0	0	0	0	0	0	0	0	0	0	0	0	0	0	0	
49648	Olfactory_L	0	0	0	0	404	116	0	0	0	0	0	0	0	0	562	0	0	0	0	0	0	5128	0	0	0	0	3110	818	1294	0	2152	942	0	0	0	0	0	0	168	0	268	0	0	0	0	0	0	0	0	0	0	0	0	0	0	0	0	0	0	0	0	0	0	0	0	0	0	0	0	0	5318	3004	898	136	0	0	0	0	0	0	0	0	506	0	0	0	0	0	0	0	0	0	0	0	0	0	0	0	0	0	0	0	0	0	0	0	0	0	0	0	0	0	0	0	0	0	
57608	Olfactory_R	0	0	0	0	0	496	0	0	0	0	0	0	0	0	0	456	0	0	0	0	5128	0	0	0	0	314	3208	2046	0	1314	2164	1396	0	0	0	0	0	0	0	0	0	216	0	0	0	0	0	0	0	0	0	0	0	0	0	0	0	0	0	0	0	0	0	0	0	0	0	0	0	0	6238	4398	1152	278	0	0	0	0	0	0	0	0	0	0	0	0	0	0	0	0	0	0	0	0	0	0	0	0	0	0	0	0	0	0	0	0	0	0	0	0	0	0	0	0	0	0	
262920	Frontal_Sup_Medial_L	144	0	33506	7280	1246	0	9976	416	0	0	266	0	418	0	270	0	256	0	10120	1994	0	0	0	15414	2246	954	0	0	5044	0	16496	11150	2164	9364	0	0	0	0	0	0	0	0	0	0	0	0	0	0	0	0	0	0	0	0	0	0	0	0	0	0	0	0	0	0	0	0	0	0	0	0	970	176	1590	0	0	0	0	0	0	0	0	0	0	0	0	0	0	0	0	0	0	0	0	0	0	0	0	0	0	0	0	0	0	0	0	0	0	0	0	0	0	0	0	0	0	0	
293832	Frontal_Sup_Medial_R	0	0	1502	36302	0	4384	0	2132	0	0	0	160	0	264	0	178	0	0	6796	10264	0	0	15414	0	228	8042	0	144	138	258	1758	27262	0	18416	0	0	0	0	0	0	0	0	0	0	0	0	0	0	0	0	0	0	0	0	0	0	0	0	0	0	0	0	0	0	0	0	0	0	0	0	458	8018	0	4798	0	0	0	0	0	0	0	0	0	0	0	0	0	0	0	0	0	0	0	0	0	0	0	0	0	0	0	0	0	0	0	0	0	0	0	0	0	0	0	0	0	0	
17312	Frontal_Med_Orb_L	0	0	1594	0	1656	154	0	0	0	0	0	0	0	0	0	0	0	0	0	0	0	0	2246	228	0	698	358	0	0	0	1046	0	0	0	0	0	0	0	0	0	0	0	0	0	0	0	0	0	0	0	0	0	0	0	0	0	0	0	0	0	0	0	0	0	0	0	0	0	0	0	0	0	676	0	0	0	0	0	0	0	0	0	0	0	0	0	0	0	0	0	0	0	0	0	0	0	0	0	0	0	0	0	0	0	0	0	0	0	0	0	0	0	0	0	0	0	
91096	Frontal_Med_Orb_R	0	0	0	5456	0	7602	0	0	0	540	0	0	0	0	0	0	0	0	0	558	0	314	954	8042	698	0	0	5284	0	0	660	6346	0	110	0	0	0	0	0	0	0	0	0	0	0	0	0	0	0	0	0	0	0	0	0	0	0	0	0	0	0	0	0	0	0	0	0	0	0	0	0	4918	0	4066	0	0	0	0	0	0	0	0	0	0	0	0	0	0	0	0	0	0	0	0	0	0	0	0	0	0	0	0	0	0	0	0	0	0	0	0	0	0	0	0	0	0	
33564	Rectus_L	0	0	0	0	1384	120	0	0	794	0	0	0	0	0	128	0	0	0	0	0	3110	3208	0	0	358	0	0	686	0	0	916	224	0	0	0	0	0	0	0	0	0	0	0	0	0	0	0	0	0	0	0	0	0	0	0	0	0	0	0	0	0	0	0	0	0	0	0	0	0	0	3230	1608	1016	0	0	0	0	0	0	0	0	0	0	0	0	0	0	0	0	0	0	0	0	0	0	0	0	0	0	0	0	0	0	0	0	0	0	0	0	0	0	0	0	0	0	0	
46152	Rectus_R	0	0	0	0	0	6748	0	0	0	360	0	0	0	0	0	1414	0	0	0	0	818	2046	0	144	0	5284	686	0	0	730	136	1098	0	0	0	0	0	0	0	0	0	0	0	0	0	0	0	0	0	0	0	0	0	0	0	0	0	0	0	0	0	0	0	0	0	0	0	0	0	0	774	1876	0	962	0	0	0	0	0	0	0	0	0	0	0	0	0	0	0	0	0	0	0	0	0	0	0	0	0	0	0	0	0	0	0	0	0	0	0	0	0	0	0	0	0	0	
592864	Insula_L	18856	238	44172	720	9376	0	21870	250	2286	0	17968	0	17326	0	14944	0	19274	0	26344	476	1294	0	5044	138	0	0	0	0	0	0	4676	208	148	0	136	108	13022	254	440	184	1526	0	334	0	0	0	476	0	0	0	650	0	1870	0	7090	0	6168	0	114	0	1790	0	662	0	0	0	250	0	0	0	964	442	14240	0	0	0	2858	272	10610	0	9242	0	6818	0	3812	0	672	0	5320	0	176	0	0	0	0	0	0	0	324	0	0	0	0	0	0	0	0	0	0	0	0	0	0	0	0	0	
240104	Insula_R	120	1736	508	10476	0	410	0	4164	0	228	0	14260	0	7978	0	2016	0	13282	580	8628	0	1314	0	258	0	0	0	730	0	0	0	672	0	1264	0	0	0	9202	0	1738	0	1706	0	0	0	0	0	0	0	0	0	0	0	150	0	3666	0	530	0	0	0	0	0	106	0	0	0	0	0	150	0	1988	0	18648	0	140	0	828	0	1906	0	4778	0	2052	0	1940	0	0	0	1900	0	0	0	0	0	0	0	0	0	0	0	0	0	0	0	0	0	0	0	0	0	0	0	0	0	0	
189472	Cingulum_Ant_L	108	0	16396	1208	888	0	1940	360	0	0	312	132	422	0	278	0	302	0	12300	1194	2152	2164	16496	1758	1046	660	916	136	4676	0	0	7852	3080	1818	564	0	0	0	0	0	0	0	0	0	0	0	0	0	0	0	0	0	0	0	0	0	0	0	0	0	0	0	0	0	0	0	0	0	0	0	4864	2400	8030	284	0	0	0	0	0	0	0	0	0	0	0	0	0	0	0	0	0	0	0	0	0	0	0	0	0	0	0	0	0	0	0	0	0	0	0	0	0	0	0	0	0	0	
332996	Cingulum_Ant_R	0	0	3808	26694	0	2610	110	2916	0	0	0	1144	0	902	0	106	0	256	10280	12724	942	1396	11150	27262	0	6346	224	1098	208	672	7852	0	914	21568	0	0	0	330	0	0	0	0	0	0	0	0	0	0	0	0	0	0	0	0	0	0	0	0	0	0	0	0	0	0	0	0	0	0	0	0	1966	16288	144	6588	0	0	0	0	0	0	0	0	0	0	0	0	0	0	0	0	0	0	0	0	0	0	0	0	0	0	0	0	0	0	0	0	0	0	0	0	0	0	0	0	0	0	
107360	Cingulum_Mid_L	598	0	1762	218	0	0	400	0	0	0	0	0	152	0	162	0	238	0	6516	1346	0	0	2164	0	0	0	0	0	148	0	3080	914	0	6176	4138	140	0	0	0	0	0	0	0	0	1090	0	0	0	2094	0	5906	0	0	0	0	0	2262	0	816	0	1376	0	744	0	882	0	3346	428	4328	448	0	0	0	0	0	0	0	0	0	0	754	0	0	0	544	0	0	0	510	0	0	0	0	0	0	0	0	0	0	0	0	0	0	0	0	0	0	0	0	0	0	0	0	0	0	0	
492324	Cingulum_Mid_R	10334	7000	5772	17582	0	0	1346	3762	0	192	164	898	0	1798	0	628	166	160	21988	47602	0	0	9364	18416	0	110	0	0	0	1264	1818	21568	6176	0	828	4098	0	496	0	0	0	0	0	3206	0	3712	0	0	0	2222	0	1438	0	0	0	562	0	3326	0	0	0	274	0	0	0	132	498	8452	13510	22196	0	1042	0	114	0	0	0	122	0	0	0	0	0	0	0	202	0	0	0	1624	0	0	0	0	0	0	0	0	0	0	0	0	0	0	0	0	0	0	0	0	0	0	0	0	0	0	
115600	Cingulum_Post_L	3478	0	780	0	0	0	712	0	0	0	0	0	0	0	0	0	0	0	1312	250	0	0	0	0	0	0	0	0	136	0	564	0	4138	828	0	8886	3730	3680	2314	808	0	0	3944	372	1072	0	850	270	0	0	1332	0	516	0	1630	906	264	0	0	0	0	0	0	0	0	0	6466	1680	3654	266	0	0	0	0	0	0	0	1640	0	0	0	0	0	0	820	0	0	0	0	0	0	0	0	0	0	0	0	176	0	0	0	0	0	0	0	0	0	0	0	0	326	0	0	0	0	0	
131224	Cingulum_Post_R	320	706	0	0	0	0	0	0	0	0	0	0	0	0	0	0	0	0	0	1532	0	0	0	0	0	0	0	0	108	0	0	0	140	4098	8886	0	3660	4780	2170	1150	0	0	0	4320	268	886	318	2168	0	550	0	1204	0	596	454	2998	0	1742	0	0	0	0	0	0	0	0	1176	11402	0	3480	0	0	0	0	0	0	0	2040	0	0	0	0	0	0	0	988	0	0	0	2426	0	0	0	0	0	0	0	276	0	0	0	0	0	0	0	0	0	0	0	0	770	0	0	0	0	0	
267096	Hippocampus_L	7642	0	8594	0	0	0	3826	0	0	0	648	0	386	0	0	0	1386	0	3156	0	0	0	0	0	0	0	0	0	13022	0	0	0	0	0	3730	3660	0	4572	13878	2300	4790	0	474	0	0	0	3006	772	0	0	0	0	190	0	14762	336	408	0	0	0	0	0	0	0	0	0	1388	780	0	0	0	0	5876	0	106	0	7108	3842	4710	0	2018	0	2314	0	1620	0	1142	0	7902	0	596	0	0	0	0	0	362	640	1212	0	0	0	0	0	0	0	0	0	0	120	274	0	0	0	0	0	
313148	Hippocampus_R	1490	3186	1006	3076	0	0	614	2998	0	0	0	1992	0	1396	0	0	0	2134	284	3204	0	0	0	0	0	0	0	0	254	9202	0	330	0	496	3680	4780	4572	0	2644	28416	0	9362	0	190	0	0	314	3370	0	0	0	0	0	0	726	24882	0	228	0	0	0	0	0	0	0	0	116	1716	280	608	0	184	0	18120	0	1182	960	7522	202	676	0	1226	0	1658	0	1184	0	0	0	3178	0	0	0	0	0	152	0	2374	0	0	0	0	0	0	0	0	0	0	0	0	410	0	0	0	0	0	
101788	ParaHippocampal_L	838	0	1292	0	0	0	626	0	0	0	0	0	0	0	0	0	0	0	244	0	168	0	0	0	0	0	0	0	440	0	0	0	0	0	2314	2170	13878	2644	0	946	1018	0	394	0	0	0	4856	416	0	0	216	0	620	0	7274	0	0	0	0	0	0	0	0	0	0	0	1016	506	0	0	0	0	990	0	0	0	2490	2090	114	0	0	0	230	0	0	0	0	0	350	0	126	0	0	0	232	216	420	352	556	0	0	0	0	0	0	0	0	0	124	572	156	0	0	0	0	0	
205516	ParaHippocampal_R	672	400	514	730	0	0	272	476	0	0	0	208	0	126	0	0	0	0	0	652	0	0	0	0	0	0	0	0	184	1738	0	0	0	0	808	1150	2300	28416	946	0	0	5906	0	378	0	0	0	7954	0	112	0	0	0	0	374	22406	0	0	0	0	0	0	0	0	0	0	0	2156	0	0	0	0	0	4226	0	400	764	5194	200	256	0	534	0	3010	0	596	0	1820	0	1488	0	0	0	0	0	252	0	4408	0	150	0	0	0	0	0	0	0	0	0	0	582	0	0	0	0	0	
20236	Amygdala_L	0	0	0	0	0	0	0	0	0	0	0	0	0	0	0	0	0	0	0	0	268	0	0	0	0	0	0	0	1526	0	0	0	0	0	0	0	4790	0	1018	0	0	0	0	0	0	0	0	0	0	0	0	0	0	0	1608	0	0	0	0	0	0	0	0	0	0	0	0	0	0	0	0	0	0	0	0	0	0	0	0	0	0	0	704	0	0	0	0	0	204	0	0	0	0	0	0	0	0	0	0	0	0	0	0	0	0	0	0	0	0	0	0	0	0	0	0	0	
51808	Amygdala_R	0	0	0	0	0	0	0	0	0	0	0	0	0	0	0	0	0	0	0	0	0	216	0	0	0	0	0	0	0	1706	0	0	0	0	0	0	0	9362	0	5906	0	0	0	0	0	0	0	0	0	0	0	0	0	0	0	4124	0	0	0	0	0	0	0	0	0	0	0	0	0	0	0	0	0	1338	0	0	0	166	0	0	0	0	0	2610	0	0	0	272	0	204	0	0	0	0	0	0	0	0	0	0	0	0	0	0	0	0	0	0	0	0	0	0	0	0	0	0	
188604	Calcarine_L	464	0	144	0	0	0	110	0	0	0	0	0	0	0	0	0	126	0	0	0	0	0	0	0	0	0	0	0	334	0	0	0	0	0	3944	0	474	0	394	0	0	0	0	7646	11706	4500	10288	2960	7348	2222	15772	588	4574	130	4212	650	0	0	0	0	0	0	0	0	0	0	12470	256	468	0	0	0	0	0	0	0	0	0	512	0	0	0	0	0	1532	0	0	0	366	0	0	0	0	0	0	0	0	0	112	0	0	0	0	0	0	0	0	0	0	0	0	0	0	0	0	0	
320040	Calcarine_R	0	892	0	0	0	0	0	0	0	0	0	0	0	0	0	0	0	0	0	264	0	0	0	0	0	0	0	0	0	0	0	0	0	3206	372	4320	0	190	0	378	0	0	7646	0	5774	26918	734	20308	288	25618	0	12212	0	3318	0	9888	0	3156	0	0	0	150	0	0	0	442	1392	22332	0	3500	0	0	0	0	0	0	0	0	0	0	0	0	0	0	0	2890	0	0	0	2642	0	188	0	0	0	0	0	200	0	290	0	0	0	0	0	0	0	0	0	0	142	370	0	0	0	0	
157676	Cuneus_L	424	0	0	0	0	0	0	0	0	0	0	0	0	0	0	0	0	0	0	0	0	0	0	0	0	0	0	0	0	0	0	0	1090	0	1072	268	0	0	0	0	0	0	11706	5774	0	9072	2512	1064	12564	4846	10506	314	1348	0	746	386	316	0	1698	0	0	0	0	0	118	0	10094	1166	1000	0	0	0	0	0	0	0	0	0	0	0	0	0	0	0	644	110	0	0	0	0	0	0	0	0	0	0	0	0	0	0	0	0	0	0	0	0	0	0	0	0	0	0	0	0	0	0	
301404	Cuneus_R	0	164	0	0	0	0	0	0	0	0	0	0	0	0	0	0	0	0	0	274	0	0	0	0	0	0	0	0	0	0	0	0	0	3712	0	886	0	0	0	0	0	0	4500	26918	9072	0	208	6478	582	37972	0	13994	0	1092	0	3380	0	1514	0	4998	0	614	0	0	0	620	4110	23912	0	2156	0	0	0	0	0	0	0	0	0	0	0	0	0	0	0	2166	0	0	0	824	0	146	0	0	0	0	0	0	0	164	0	0	0	0	0	0	0	0	0	0	0	246	0	0	0	0	
277040	Lingual_L	0	0	0	0	0	0	0	0	0	0	0	0	0	0	0	0	0	0	0	0	0	0	0	0	0	0	0	0	476	0	0	0	0	0	850	318	3006	314	4856	0	0	0	10288	734	2512	208	0	3978	3264	220	10820	0	5518	836	20650	2918	0	0	0	0	0	0	0	0	0	0	3744	244	0	0	0	0	0	0	0	0	542	208	660	0	0	0	0	0	0	0	0	0	0	0	6592	3246	248	0	1004	182	12564	1628	16472	5802	254	0	500	0	366	226	0	0	314	788	3934	4932	1964	0	214	126	
303600	Lingual_R	168	166	120	0	0	0	0	0	0	0	0	0	0	0	0	0	0	0	0	0	0	0	0	0	0	0	0	0	0	0	0	0	0	0	270	2168	772	3370	416	7954	0	0	2960	20308	1064	6478	3978	0	0	10282	0	5488	0	4608	206	26176	0	162	0	0	0	0	0	0	0	0	262	6202	0	150	0	0	0	0	0	0	270	2022	0	0	0	0	0	0	0	936	0	0	0	600	1162	4782	446	0	0	426	1238	8228	2778	10016	0	0	0	0	0	0	0	0	0	0	4954	8784	1430	0	0	0	
165692	Occipital_Sup_L	178	0	0	0	0	0	0	0	0	0	0	0	0	0	0	0	288	0	0	0	0	0	0	0	0	0	0	0	0	0	0	0	2094	0	0	0	0	0	0	0	0	0	7348	288	12564	582	3264	0	0	222	28714	0	2014	0	1024	0	2818	0	7092	0	848	0	120	0	462	0	11064	286	244	0	0	0	0	0	0	0	0	0	0	0	194	0	0	0	780	0	0	0	358	0	0	0	0	0	0	0	0	0	0	0	0	0	0	0	0	0	0	0	0	0	0	0	0	0	0	0	
357840	Occipital_Sup_R	0	278	0	0	0	0	0	0	0	0	0	0	0	0	0	0	0	0	0	0	0	0	0	0	0	0	0	0	0	0	0	0	0	2222	0	550	0	0	0	112	0	0	2222	25618	4846	37972	220	10282	222	0	0	33774	0	2540	0	7884	0	1376	0	7928	0	1868	0	0	0	4454	2464	21436	0	1248	0	0	0	0	0	0	0	0	0	0	0	0	0	0	0	6028	0	0	0	2712	0	162	0	0	0	0	0	0	0	214	0	0	0	0	0	0	0	0	0	0	0	288	0	0	0	0	
441576	Occipital_Mid_L	3036	0	200	0	0	0	430	0	0	0	0	0	0	0	0	0	2350	0	0	0	0	0	0	0	0	0	0	0	650	0	0	0	5906	0	1332	0	0	0	216	0	0	0	15772	0	10506	0	10820	0	28714	0	0	0	21086	0	7504	0	7610	0	14422	0	13710	0	3238	0	15922	0	17306	0	1658	0	0	0	0	0	0	0	0	0	1188	0	3270	0	0	0	26092	0	0	0	7520	0	106	0	0	0	0	0	0	0	224	0	0	0	0	0	0	0	0	0	0	0	0	0	0	0	0	0	
300828	Occipital_Mid_R	0	464	0	0	0	0	0	0	0	0	0	0	0	0	0	0	0	0	0	128	0	0	0	0	0	0	0	0	0	0	0	0	0	1438	0	1204	0	0	0	0	0	0	588	12212	314	13994	0	5488	0	33774	0	0	0	6712	0	7512	0	1290	0	4114	0	5168	0	274	0	19932	940	11852	0	1430	0	0	0	0	0	0	0	0	0	0	0	142	0	0	0	15306	0	0	0	6028	0	0	0	0	0	0	0	0	0	110	0	0	0	0	0	0	0	0	0	0	0	0	0	0	0	0	
144572	Occipital_Inf_L	378	0	0	0	0	0	0	0	0	0	0	0	0	0	0	0	686	0	0	0	0	0	0	0	0	0	0	0	1870	0	0	0	0	0	516	0	190	0	620	0	0	0	4574	0	1348	0	5518	0	2014	0	21086	0	0	0	13810	0	1124	0	322	0	318	0	456	0	170	0	1436	0	440	0	0	0	0	0	0	0	0	0	3248	0	248	0	0	0	3286	0	0	0	5206	0	1214	0	0	0	0	0	136	0	2072	0	0	0	0	0	0	0	0	0	0	0	0	0	0	0	0	0	
89704	Occipital_Inf_R	0	348	0	0	0	0	0	0	0	0	0	0	0	0	0	0	0	0	0	122	0	0	0	0	0	0	0	0	0	150	0	0	0	0	0	596	0	0	0	0	0	0	130	3318	0	1092	836	4608	0	2540	0	6712	0	0	0	8756	0	0	0	0	0	0	0	0	0	0	0	1008	0	214	0	0	0	0	0	0	0	0	0	0	0	0	0	0	0	3168	0	0	0	5474	0	654	0	0	0	0	272	542	438	1982	0	0	0	0	0	0	0	0	0	0	546	1346	0	0	0	0	
435364	Fusiform_L	2472	0	2006	0	0	0	1032	0	0	0	212	0	136	0	0	0	1434	0	572	0	0	0	0	0	0	0	0	0	7090	0	0	0	0	0	1630	454	14762	726	7274	374	1608	0	4212	0	746	0	20650	206	1024	0	7504	0	13810	0	0	0	522	0	232	0	416	0	690	0	0	0	3126	0	696	0	0	0	1590	0	0	0	1824	738	6986	0	1784	0	3266	0	4342	0	2862	0	19884	0	23510	1114	454	0	454	0	11616	278	33088	1078	996	0	1594	0	430	400	0	0	0	120	452	1478	1076	0	326	326	
463996	Fusiform_R	828	2478	296	130	0	0	260	542	0	0	0	264	0	0	0	0	0	0	0	786	0	0	0	0	0	0	0	0	0	3666	0	0	0	562	906	2998	336	24882	0	22406	0	4124	650	9888	386	3380	2918	26176	0	7884	0	7512	0	8756	0	0	0	168	0	0	0	0	0	0	0	0	110	2440	250	1288	0	0	0	4704	0	148	120	1032	0	654	0	1564	0	6248	0	4528	0	1706	0	15116	474	13868	202	294	0	176	1482	9612	2016	18268	0	0	0	282	0	0	0	0	0	0	5206	6186	842	0	0	0	
256572	Postcentral_L	21156	0	2240	408	0	0	3866	106	0	0	3566	0	996	0	1126	0	8496	0	646	330	0	0	0	0	0	0	0	0	6168	0	0	0	2262	0	264	0	408	0	0	0	0	0	0	0	316	0	0	0	2818	0	7610	0	1124	0	522	0	0	0	7294	0	25462	0	14082	0	998	0	4408	0	2284	0	566	1004	164	0	0	158	0	272	722	0	4980	0	0	0	1208	0	0	0	256	0	0	0	0	0	0	0	0	0	0	0	0	0	0	0	0	0	0	0	0	0	0	0	0	0	0	0	
201224	Postcentral_R	466	18424	1312	0	0	0	150	1396	0	0	0	3380	0	0	0	0	0	5206	1300	570	0	0	0	0	0	0	0	0	0	530	0	0	0	3326	0	1742	0	228	0	0	0	0	0	3156	0	1514	0	162	0	1376	0	1290	0	0	0	168	0	0	0	6076	0	5094	0	11360	0	1922	0	13698	0	8082	136	0	0	204	194	0	328	0	0	406	0	1020	0	0	0	4046	0	0	0	2350	0	0	0	0	0	0	0	0	0	0	0	0	0	0	0	0	0	0	0	0	0	0	0	0	0	0	
132696	Parietal_Sup_L	0	0	0	0	0	0	0	0	0	0	0	0	0	0	0	0	2112	0	0	0	0	0	0	0	0	0	0	0	114	0	0	0	816	0	0	0	0	0	0	0	0	0	0	0	1698	0	0	0	7092	0	14422	0	322	0	232	0	7294	0	0	0	12330	0	1500	0	2934	0	12576	316	292	0	0	0	0	0	0	0	0	0	168	0	1926	0	0	0	204	0	0	0	0	0	0	0	0	0	0	0	0	0	0	0	0	0	0	0	0	0	0	0	0	0	0	0	0	0	0	0	
85956	Parietal_Sup_R	0	0	0	0	0	0	0	0	0	0	0	0	0	0	0	0	0	0	0	0	0	0	0	0	0	0	0	0	0	0	0	0	0	0	0	0	0	0	0	0	0	0	0	0	0	4998	0	0	0	7928	0	4114	0	0	0	0	0	6076	0	0	0	4240	0	936	0	4304	356	9686	0	0	0	0	0	0	0	0	0	0	0	0	0	0	0	0	0	196	0	0	0	144	0	0	0	0	0	0	0	0	0	0	0	0	0	0	0	0	0	0	0	0	0	0	0	0	0	0	
253932	Parietal_Inf_L	3538	0	368	178	0	0	1058	0	0	0	1404	0	292	0	394	0	2768	0	0	160	0	0	0	0	0	0	0	0	1790	0	0	0	1376	0	0	0	0	0	0	0	0	0	0	0	0	0	0	0	848	0	13710	0	318	0	416	0	25462	0	12330	0	0	0	21890	0	17150	0	2086	0	198	0	280	0	0	0	0	0	0	0	244	0	4550	0	0	0	11210	0	0	0	2948	0	0	0	0	0	0	0	0	0	0	0	0	0	0	0	0	0	0	0	0	0	0	0	0	0	0	0	
94368	Parietal_Inf_R	0	2180	120	0	0	0	0	242	0	0	0	490	0	0	0	0	0	920	106	0	0	0	0	0	0	0	0	0	0	0	0	0	0	274	0	0	0	0	0	0	0	0	0	150	0	614	0	0	0	1868	0	5168	0	0	0	0	0	5094	0	4240	0	0	0	9210	0	8856	0	6186	0	264	0	0	0	0	0	0	0	0	0	0	0	164	0	0	0	720	0	0	0	318	0	0	0	0	0	0	0	0	0	0	0	0	0	0	0	0	0	0	0	0	0	0	0	0	0	0	
169528	SupraMarginal_L	1098	0	0	0	0	0	0	0	0	0	146	0	0	0	0	0	2594	0	0	0	0	0	0	0	0	0	0	0	662	0	0	0	744	0	0	0	0	0	0	0	0	0	0	0	0	0	0	0	120	0	3238	0	456	0	690	0	14082	0	1500	0	21890	0	0	0	8354	0	646	0	0	0	0	0	0	0	0	0	0	0	258	0	10160	0	0	0	13790	0	0	0	4336	0	0	0	0	0	0	0	0	0	0	0	0	0	0	0	0	0	0	0	0	0	0	0	0	0	0	0	
109744	SupraMarginal_R	116	4714	192	0	0	0	0	576	0	0	0	1044	0	0	0	0	0	6078	172	140	0	0	0	0	0	0	0	0	0	106	0	0	0	0	0	0	0	0	0	0	0	0	0	0	0	0	0	0	0	0	0	274	0	0	0	0	0	11360	0	936	0	9210	0	0	0	4952	0	1904	0	0	0	0	0	0	0	0	0	0	0	0	0	7248	0	0	0	3540	0	0	0	2310	0	0	0	0	0	0	0	0	0	0	0	0	0	0	0	0	0	0	0	0	0	0	0	0	0	0	
120156	Angular_L	0	0	0	0	0	0	0	0	0	0	0	0	0	0	0	0	126	0	0	0	0	0	0	0	0	0	0	0	0	0	0	0	882	0	0	0	0	0	0	0	0	0	0	0	118	0	0	0	462	0	15922	0	170	0	0	0	998	0	2934	0	17150	0	8354	0	0	0	830	0	172	0	0	0	0	0	0	0	0	0	0	0	2778	0	0	0	8628	0	0	0	554	0	0	0	0	0	0	0	0	0	0	0	0	0	0	0	0	0	0	0	0	0	0	0	0	0	0	0	
112392	Angular_R	0	606	0	0	0	0	0	118	0	0	0	120	0	0	0	0	0	510	0	0	0	0	0	0	0	0	0	0	0	0	0	0	0	132	0	0	0	0	0	0	0	0	0	442	0	620	0	0	0	4454	0	19932	0	0	0	0	0	1922	0	4304	0	8856	0	4952	0	0	0	2486	0	204	0	0	0	0	0	0	0	0	0	0	0	3322	0	0	0	3084	0	0	0	132	0	0	0	0	0	0	0	0	0	0	0	0	0	0	0	0	0	0	0	0	0	0	0	0	0	0	
238308	Precuneus_L	1240	0	192	0	0	0	148	0	0	0	0	0	0	0	0	0	1206	0	0	0	0	0	0	0	0	0	0	0	250	0	0	0	3346	498	6466	1176	1388	116	1016	0	0	0	12470	1392	10094	4110	3744	262	11064	2464	17306	940	1436	0	3126	110	4408	0	12576	356	2086	0	646	0	830	0	0	6068	2560	178	0	0	0	0	0	0	0	0	454	0	1186	0	0	0	1644	0	0	0	266	0	0	0	0	0	0	0	194	0	0	0	0	0	0	0	0	0	0	0	0	0	142	0	0	0	0	0	
371180	Precuneus_R	156	3414	140	0	0	0	0	146	0	0	0	162	0	0	0	0	0	612	0	928	0	0	0	0	0	0	0	0	0	0	0	0	428	8452	1680	11402	780	1716	506	2156	0	0	256	22332	1166	23912	244	6202	286	21436	0	11852	0	1008	0	2440	0	13698	316	9686	0	6186	0	1904	0	2486	6068	0	0	8532	0	0	0	0	0	0	0	532	0	0	0	1110	0	0	0	4236	0	0	0	5498	0	0	0	0	0	0	0	632	0	0	0	0	0	0	0	0	0	0	0	0	894	0	0	0	0	0	
199132	Paracentral_Lobule_L	20458	4456	3622	2328	0	0	1576	0	0	0	0	0	0	0	0	0	0	0	9952	13480	0	0	0	0	0	0	0	0	0	0	0	0	4328	13510	3654	0	0	280	0	0	0	0	468	0	1000	0	0	0	244	0	1658	0	440	0	696	250	2284	0	292	0	198	0	0	0	172	0	2560	0	0	9068	114	620	0	0	112	0	134	566	0	0	0	0	0	0	710	0	0	0	154	182	0	0	0	0	0	0	0	0	0	0	0	0	0	0	0	0	0	0	0	0	0	0	0	0	0	0	
206760	Paracentral_Lobule_R	6630	11088	802	408	0	0	296	0	0	0	0	0	0	0	0	0	0	0	1732	16886	0	0	0	0	0	0	0	0	0	150	0	0	448	22196	266	3480	0	608	0	0	0	0	0	3500	0	2156	0	150	0	1248	0	1430	0	214	0	1288	0	8082	0	0	0	264	0	0	0	204	178	8532	9068	0	0	0	0	0	0	0	0	0	0	0	0	708	0	0	0	294	0	0	0	1074	0	0	0	0	0	0	0	0	0	0	0	0	0	0	0	0	0	0	0	0	0	0	0	0	0	0	
120940	Caudate_L	1090	262	5770	3190	0	134	1094	644	0	0	136	0	0	0	0	0	110	0	4096	2030	5318	6238	970	458	0	0	3230	774	964	0	4864	1966	0	0	0	0	0	0	0	0	0	0	0	0	0	0	0	0	0	0	0	0	0	0	0	0	566	136	0	0	280	0	0	0	0	0	0	0	114	0	0	6380	4326	228	622	0	4010	470	0	0	0	0	0	0	0	0	0	0	0	0	0	0	0	0	0	0	0	0	0	0	0	0	0	0	0	0	0	0	0	0	0	0	0	0	0	0	
280060	Caudate_R	2600	854	3956	17294	0	4322	1238	1854	0	272	0	136	0	774	0	770	0	0	4416	14520	3004	4398	176	8018	0	4918	1608	1876	442	1988	2400	16288	0	1042	0	0	0	184	0	0	0	0	0	0	0	0	0	0	0	0	0	0	0	0	0	0	1004	0	0	0	0	0	0	0	0	0	0	0	620	0	6380	0	1442	15714	154	2348	190	12830	0	0	0	0	0	0	0	0	0	0	0	0	0	0	0	0	0	0	0	0	0	0	0	0	0	0	0	0	0	0	0	0	0	0	0	0	0	0	
244880	Putamen_L	9146	384	23436	270	5578	0	7732	0	1460	0	346	0	402	0	3468	0	306	0	17604	336	898	1152	1590	0	676	0	1016	0	14240	0	8030	144	0	0	0	0	5876	0	990	0	0	0	0	0	0	0	0	0	0	0	0	0	0	0	1590	0	164	0	0	0	0	0	0	0	0	0	0	0	0	0	4326	1442	0	0	4782	0	2348	132	124	0	354	0	1114	0	0	0	0	0	984	0	0	0	0	0	0	0	0	0	0	0	0	0	0	0	0	0	0	0	0	0	0	0	0	0	0	0	
293356	Putamen_R	130	2592	444	16956	0	3722	112	6276	0	516	0	4786	0	4140	0	1830	0	4042	468	13444	136	278	0	4798	0	4066	0	962	0	18648	284	6588	0	114	0	0	0	18120	0	4226	0	1338	0	0	0	0	0	0	0	0	0	0	0	0	0	4704	0	204	0	0	0	0	0	0	0	0	0	0	0	0	228	15714	0	0	0	3378	106	1658	0	0	0	144	0	0	0	476	0	0	0	940	0	0	0	0	0	0	0	110	0	0	0	0	0	0	0	0	0	0	0	0	0	0	0	0	0	0	
40852	Pallidum_L	2796	0	4842	0	0	0	1690	0	0	0	0	0	0	0	0	0	0	0	3544	0	0	0	0	0	0	0	0	0	0	0	0	0	0	0	0	0	106	0	0	0	0	0	0	0	0	0	0	0	0	0	0	0	0	0	0	0	0	194	0	0	0	0	0	0	0	0	0	0	112	0	622	154	4782	0	0	0	1584	0	0	0	0	0	0	0	0	0	0	0	0	0	0	0	0	0	0	0	0	0	0	0	0	0	0	0	0	0	0	0	0	0	0	0	0	0	0	0	
31420	Pallidum_R	274	0	182	2268	0	0	0	224	0	0	0	156	0	150	0	0	0	0	228	4356	0	0	0	0	0	0	0	0	0	140	0	0	0	0	0	0	0	1182	0	400	0	0	0	0	0	0	0	0	0	0	0	0	0	0	0	148	158	0	0	0	0	0	0	0	0	0	0	0	0	0	0	2348	0	3378	0	0	0	118	0	0	0	0	0	0	0	0	0	0	0	0	0	0	0	0	0	0	0	0	0	0	0	0	0	0	0	0	0	0	0	0	0	0	0	0	0	0	
158196	Thalamus_L	9974	442	22986	512	0	0	10498	0	0	0	0	0	0	0	0	0	0	0	4756	0	0	0	0	0	0	0	0	0	2858	0	0	0	0	0	0	0	7108	960	2490	764	0	0	0	0	0	0	542	270	0	0	0	0	0	0	1824	120	0	328	0	0	0	0	0	0	0	0	0	0	134	0	4010	190	2348	106	1584	0	0	2294	480	0	134	0	0	0	0	0	0	0	796	0	0	0	0	0	0	0	0	278	312	0	0	0	0	0	0	0	0	0	0	0	0	0	0	0	0	0	
155244	Thalamus_R	2708	8898	2568	8736	0	0	1594	1156	0	0	0	286	0	0	0	0	0	250	888	2104	0	0	0	0	0	0	0	0	272	828	0	0	0	122	1640	2040	3842	7522	2090	5194	0	166	0	0	0	0	208	2022	0	0	0	0	0	0	738	1032	272	0	0	0	0	0	0	0	0	0	0	532	566	0	470	12830	132	1658	0	118	2294	0	214	0	0	0	0	0	0	0	0	0	0	0	0	0	0	0	0	0	0	1522	0	0	0	0	0	0	0	0	0	0	0	0	110	0	0	0	0	0	
117380	Heschl_L	2890	0	408	0	0	0	1096	0	0	0	122	0	0	0	0	0	4766	0	0	0	0	0	0	0	0	0	0	0	10610	0	0	0	0	0	0	0	4710	202	114	200	0	0	512	0	0	0	660	0	0	0	1188	0	3248	0	6986	0	722	0	168	0	244	0	258	0	0	0	454	0	0	0	0	0	124	0	0	0	480	214	0	0	5032	0	0	0	7710	0	0	0	4998	0	260	0	0	0	0	0	0	0	314	0	0	0	0	0	0	0	0	0	0	0	0	0	0	0	0	0	
18460	Heschl_R	0	370	0	0	0	0	0	148	0	0	0	0	0	0	0	0	0	1640	0	194	0	0	0	0	0	0	0	0	0	1906	0	0	0	0	0	0	0	676	0	256	0	0	0	0	0	0	0	0	0	0	0	0	0	0	0	654	0	406	0	0	0	0	0	0	0	0	0	0	0	0	0	0	0	0	0	0	0	0	0	0	0	2980	0	0	0	0	0	0	0	0	0	0	0	0	0	0	0	0	0	0	0	0	0	0	0	0	0	0	0	0	0	0	0	0	0	0	
203504	Temporal_Sup_L	2592	0	3718	0	0	0	400	0	0	0	4682	0	144	0	0	0	12290	0	3088	0	0	0	0	0	0	0	0	0	9242	0	0	0	754	0	0	0	2018	0	0	0	0	0	0	0	0	0	0	0	194	0	3270	0	248	0	1784	0	4980	0	1926	0	4550	0	10160	0	2778	0	1186	0	0	0	0	0	354	0	0	0	134	0	5032	0	0	0	2940	0	16890	0	256	0	5862	0	118	0	0	0	0	0	0	0	162	0	0	0	0	0	0	0	0	0	0	0	0	0	0	0	0	0	
95352	Temporal_Sup_R	0	2092	0	0	0	0	0	422	0	0	0	238	0	0	0	0	0	4960	0	280	0	0	0	0	0	0	0	0	0	4778	0	0	0	0	0	0	0	1226	0	534	0	0	0	0	0	0	0	0	0	0	0	142	0	0	0	1564	0	1020	0	0	0	164	0	7248	0	3322	0	1110	0	708	0	0	0	144	0	0	0	0	0	2980	0	0	0	3194	0	10162	0	158	0	1230	0	0	0	0	0	0	0	0	0	0	0	0	0	0	0	0	0	0	0	0	0	0	0	0	0	0	
85004	Temporal_Pole_Sup_L	0	0	2356	0	530	0	0	0	322	0	2534	0	374	0	1202	0	2182	0	2282	0	506	0	0	0	0	0	0	0	6818	0	0	0	0	0	0	0	2314	0	230	0	704	0	0	0	0	0	0	0	0	0	0	0	0	0	3266	0	0	0	0	0	0	0	0	0	0	0	0	0	0	0	0	0	1114	0	0	0	0	0	0	0	2940	0	0	0	4528	0	3918	0	4382	0	0	0	0	0	0	0	0	0	0	0	0	0	0	0	0	0	0	0	0	0	0	0	0	0	0	0	
65888	Temporal_Pole_Sup_R	0	0	0	508	0	0	0	406	0	0	0	1216	0	0	0	152	0	1504	0	116	0	0	0	0	0	0	0	0	0	2052	0	0	0	0	0	0	0	1658	0	3010	0	2610	0	0	0	0	0	0	0	0	0	0	0	0	0	6248	0	0	0	0	0	0	0	0	0	0	0	0	0	0	0	0	0	0	0	0	0	0	0	0	0	3194	0	0	0	2720	0	4224	0	3326	0	0	0	0	0	0	0	0	0	0	0	0	0	0	0	0	0	0	0	0	0	0	0	0	0	0	
301612	Temporal_Mid_L	3112	0	0	0	0	0	372	0	0	0	0	0	0	0	0	0	2608	0	0	0	0	0	0	0	0	0	0	0	3812	0	0	0	544	0	820	0	1620	0	0	0	0	0	1532	0	644	0	0	0	780	0	26092	0	3286	0	4342	0	1208	0	204	0	11210	0	13790	0	8628	0	1644	0	710	0	0	0	0	0	0	0	0	0	7710	0	16890	0	4528	0	0	0	4180	0	30540	0	0	0	0	0	0	0	0	0	0	0	0	0	0	0	0	0	0	0	0	0	0	0	0	0	0	0	
193704	Temporal_Mid_R	0	1376	0	0	0	0	0	242	0	0	0	242	0	0	0	0	0	340	0	326	0	0	0	0	0	0	0	0	0	1940	0	0	0	202	0	988	0	1184	0	596	0	0	0	2890	110	2166	0	936	0	6028	0	15306	0	3168	0	4528	0	4046	0	196	0	720	0	3540	0	3084	0	4236	0	294	0	0	0	476	0	0	0	0	0	0	0	10162	0	2720	0	0	0	1382	0	23428	0	0	0	0	0	0	0	0	0	0	0	0	0	0	0	0	0	0	0	0	0	0	0	0	0	0	
35388	Temporal_Pole_Mid_L	0	0	0	0	0	0	0	0	0	0	0	0	0	0	0	0	0	0	0	0	0	0	0	0	0	0	0	0	672	0	0	0	0	0	0	0	1142	0	0	0	0	0	0	0	0	0	0	0	0	0	0	0	0	0	2862	0	0	0	0	0	0	0	0	0	0	0	0	0	0	0	0	0	0	0	0	0	0	0	0	0	256	0	3918	0	4180	0	0	0	4664	0	0	0	0	0	0	0	0	0	0	0	0	0	0	0	0	0	0	0	0	0	0	0	0	0	0	0	
22928	Temporal_Pole_Mid_R	0	0	0	0	0	0	0	0	0	0	0	0	0	0	0	0	0	0	0	0	0	0	0	0	0	0	0	0	0	0	0	0	0	0	0	0	0	0	0	1820	0	272	0	0	0	0	0	0	0	0	0	0	0	0	0	1706	0	0	0	0	0	0	0	0	0	0	0	0	0	0	0	0	0	0	0	0	0	0	0	0	0	158	0	4224	0	1382	0	0	0	1902	0	0	0	0	0	0	0	0	0	0	0	0	0	0	0	0	0	0	0	0	0	0	0	0	0	0	
242584	Temporal_Inf_L	838	0	1136	0	0	0	558	0	0	0	0	0	0	0	0	0	1004	0	190	0	0	0	0	0	0	0	0	0	5320	0	0	0	510	0	0	0	7902	0	350	0	204	0	366	0	0	0	0	0	358	0	7520	0	5206	0	19884	0	256	0	0	0	2948	0	4336	0	554	0	266	0	154	0	0	0	984	0	0	0	796	0	4998	0	5862	0	4382	0	30540	0	4664	0	0	0	5168	0	232	0	0	0	208	0	2546	0	472	0	580	0	0	0	0	0	0	0	0	0	0	0	0	0	
188952	Temporal_Inf_R	224	2528	0	0	0	0	0	416	0	0	0	276	0	0	0	0	0	114	0	710	0	0	0	0	0	0	0	0	0	1900	0	0	0	1624	0	2426	0	3178	0	1488	0	204	0	2642	0	824	0	600	0	2712	0	6028	0	5474	0	15116	0	2350	0	144	0	318	0	2310	0	132	0	5498	182	1074	0	0	0	940	0	0	0	0	0	0	0	1230	0	3326	0	23428	0	1902	0	0	0	2932	0	0	0	0	0	0	0	226	0	0	0	0	0	0	0	0	0	0	0	0	0	0	0	0	
566796	Cerebelum_Crus1_L	0	0	0	0	0	0	0	0	0	0	0	0	0	0	0	0	0	0	0	0	0	0	0	0	0	0	0	0	176	0	0	0	0	0	0	0	596	0	126	0	0	0	0	0	0	0	6592	1162	0	0	106	0	1214	0	23510	474	0	0	0	0	0	0	0	0	0	0	0	0	0	0	0	0	0	0	0	0	0	0	260	0	118	0	0	0	0	0	0	0	5168	0	0	4066	42854	5628	1428	746	17710	888	63892	5682	21452	1524	28354	3120	6158	2934	1476	0	858	1468	2226	12934	10890	1432	4040	2136	
499856	Cerebelum_Crus1_R	0	0	0	0	0	0	0	0	0	0	0	0	0	0	0	0	0	0	0	0	0	0	0	0	0	0	0	0	0	0	0	0	0	0	0	0	0	0	0	0	0	0	0	188	0	146	3246	4782	0	162	0	0	0	654	1114	13868	0	0	0	0	0	0	0	0	0	0	0	0	0	0	0	0	0	0	0	0	0	0	0	0	0	0	0	0	0	0	0	0	0	2932	4066	0	972	41708	0	1722	1674	22186	6104	66674	812	8612	998	25844	190	5336	0	1732	134	636	7260	11330	10448	2132	2266	0	
389920	Cerebelum_Crus2_L	0	0	0	0	0	0	0	0	0	0	0	0	0	0	0	0	0	0	0	0	0	0	0	0	0	0	0	0	0	0	0	0	0	0	0	0	0	0	0	0	0	0	0	0	0	0	248	446	0	0	0	0	0	0	454	202	0	0	0	0	0	0	0	0	0	0	0	0	0	0	0	0	0	0	0	0	0	0	0	0	0	0	0	0	0	0	0	0	232	0	42854	972	0	16410	222	186	1398	166	8662	980	43248	6618	35372	4294	3680	1036	1042	0	218	322	292	3656	16948	2712	1524	566	
414320	Cerebelum_Crus2_R	0	0	0	0	0	0	0	0	0	0	0	0	0	0	0	0	0	0	0	0	0	0	0	0	0	0	0	0	0	0	0	0	0	0	0	0	0	0	0	0	0	0	0	0	0	0	0	0	0	0	0	0	0	0	0	294	0	0	0	0	0	0	0	0	0	0	0	0	0	0	0	0	0	0	0	0	0	0	0	0	0	0	0	0	0	0	0	0	0	0	5628	41708	16410	0	0	502	0	2750	1420	13910	13060	26916	9346	39080	686	4762	0	1182	0	192	272	1374	22016	4248	1242	162	
76840	Cerebelum_3_L	0	0	0	0	0	0	0	0	0	0	0	0	0	0	0	0	0	0	0	0	0	0	0	0	0	0	0	0	0	0	0	0	0	0	0	0	0	0	232	0	0	0	0	0	0	0	1004	0	0	0	0	0	0	0	454	0	0	0	0	0	0	0	0	0	0	0	0	0	0	0	0	0	0	0	0	0	0	0	0	0	0	0	0	0	0	0	0	0	0	0	1428	0	222	0	0	252	11210	1862	3906	1898	0	0	212	0	2772	256	0	0	1358	3800	5268	1232	0	128	464	462	
75076	Cerebelum_3_R	0	0	0	0	0	0	0	0	0	0	0	0	0	0	0	0	0	0	0	0	0	0	0	0	0	0	0	0	0	0	0	0	0	0	0	0	0	152	216	252	0	0	0	0	0	0	182	426	0	0	0	0	0	0	0	176	0	0	0	0	0	0	0	0	0	0	0	0	0	0	0	0	0	0	0	0	0	0	0	0	0	0	0	0	0	0	0	0	0	0	746	1722	186	502	252	0	674	6986	906	7060	0	0	108	480	0	2416	0	0	930	4238	1606	2382	1072	1416	2296	156	
315456	Cerebelum_4_5_L	0	0	0	0	0	0	0	0	0	0	0	0	0	0	0	0	0	0	0	0	0	0	0	0	0	0	0	0	0	0	0	0	0	0	0	0	362	0	420	0	0	0	0	0	0	0	12564	1238	0	0	0	0	136	272	11616	1482	0	0	0	0	0	0	0	0	0	0	194	0	0	0	0	0	0	0	0	0	0	0	0	0	0	0	0	0	0	0	0	0	208	0	17710	1674	1398	0	11210	674	0	6876	37890	7718	1764	0	3392	416	6726	1218	210	0	1314	4210	15926	4826	156	322	1700	1906	
320240	Cerebelum_4_5_R	142	0	112	0	0	0	0	0	0	0	0	0	0	0	0	0	0	0	0	0	0	0	0	0	0	0	0	0	0	0	0	0	0	0	176	276	640	2374	352	4408	0	0	0	200	0	0	1628	8228	0	0	0	0	0	542	278	9612	0	0	0	0	0	0	0	0	0	0	0	632	0	0	0	0	0	110	0	0	278	1522	0	0	0	0	0	0	0	0	0	0	0	0	888	22186	166	2750	1862	6986	6876	0	2642	42116	212	0	420	3042	876	2580	0	394	276	2820	20772	3024	3064	2060	2150	448	
558700	Cerebelum_6_L	112	0	174	0	0	0	0	0	0	0	0	0	0	0	0	0	0	0	0	0	0	0	0	0	0	0	0	0	324	0	0	0	0	0	0	0	1212	0	556	0	0	0	112	0	0	0	16472	2778	0	0	224	0	2072	438	33088	2016	0	0	0	0	0	0	0	0	0	0	0	0	0	0	0	0	0	0	0	0	312	0	314	0	162	0	0	0	0	0	0	0	2546	0	63892	6104	8662	1420	3906	906	37890	2642	0	10034	6832	242	11264	2674	6380	5128	908	0	1254	2646	6660	17678	7362	2074	6354	3526	
547536	Cerebelum_6_R	0	0	0	0	0	0	0	0	0	0	0	0	0	0	0	0	0	0	0	0	0	0	0	0	0	0	0	0	0	0	0	0	0	0	0	0	0	0	0	150	0	0	0	290	0	164	5802	10016	0	214	0	110	0	1982	1078	18268	0	0	0	0	0	0	0	0	0	0	0	0	0	0	0	0	0	0	0	0	0	0	0	0	0	0	0	0	0	0	0	0	0	226	5682	66674	980	13910	1898	7060	7718	42116	10034	0	484	872	550	9648	782	4486	0	1596	930	3952	19832	19890	9382	2994	3610	388	
329680	Cerebelum_7b_L	0	0	0	0	0	0	0	0	0	0	0	0	0	0	0	0	0	0	0	0	0	0	0	0	0	0	0	0	0	0	0	0	0	0	0	0	0	0	0	0	0	0	0	0	0	0	254	0	0	0	0	0	0	0	996	0	0	0	0	0	0	0	0	0	0	0	0	0	0	0	0	0	0	0	0	0	0	0	0	0	0	0	0	0	0	0	0	0	472	0	21452	812	43248	13060	0	0	1764	212	6832	484	0	5880	40008	4672	3984	892	564	0	0	0	0	842	14732	2776	904	0	
188616	Cerebelum_7b_R	0	0	0	0	0	0	0	0	0	0	0	0	0	0	0	0	0	0	0	0	0	0	0	0	0	0	0	0	0	0	0	0	0	0	0	0	0	0	0	0	0	0	0	0	0	0	0	0	0	0	0	0	0	0	0	0	0	0	0	0	0	0	0	0	0	0	0	0	0	0	0	0	0	0	0	0	0	0	0	0	0	0	0	0	0	0	0	0	0	0	1524	8612	6618	26916	0	0	0	0	242	872	5880	0	4184	25382	172	2470	0	188	0	0	0	126	8236	2746	140	0	
409628	Cerebelum_8_L	0	0	0	0	0	0	0	0	0	0	0	0	0	0	0	0	0	0	0	0	0	0	0	0	0	0	0	0	0	0	0	0	0	0	0	0	0	0	0	0	0	0	0	0	0	0	500	0	0	0	0	0	0	0	1594	0	0	0	0	0	0	0	0	0	0	0	0	0	0	0	0	0	0	0	0	0	0	0	0	0	0	0	0	0	0	0	0	0	580	0	28354	998	35372	9346	212	108	3392	420	11264	550	40008	4184	0	8988	23214	3984	3662	114	0	0	0	1022	14572	8290	3812	274	
364944	Cerebelum_8_R	0	0	0	0	0	0	0	0	0	0	0	0	0	0	0	0	0	0	0	0	0	0	0	0	0	0	0	0	0	0	0	0	0	0	0	0	0	0	0	0	0	0	0	0	0	0	0	0	0	0	0	0	0	0	0	282	0	0	0	0	0	0	0	0	0	0	0	0	0	0	0	0	0	0	0	0	0	0	0	0	0	0	0	0	0	0	0	0	0	0	3120	25844	4294	39080	0	480	416	3042	2674	9648	4672	25382	8988	0	2164	23162	136	2414	0	254	816	994	14474	6166	3668	302	
167300	Cerebelum_9_L	0	0	0	0	0	0	0	0	0	0	0	0	0	0	0	0	0	0	0	0	0	0	0	0	0	0	0	0	0	0	0	0	0	0	0	0	0	0	0	0	0	0	0	0	0	0	366	0	0	0	0	0	0	0	430	0	0	0	0	0	0	0	0	0	0	0	0	0	0	0	0	0	0	0	0	0	0	0	0	0	0	0	0	0	0	0	0	0	0	0	6158	190	3680	686	2772	0	6726	876	6380	782	3984	172	23214	2164	0	2820	4100	0	0	950	2630	2872	2180	3886	4098	1534	
211796	Cerebelum_9_R	0	0	0	0	0	0	0	0	0	0	0	0	0	0	0	0	0	0	0	0	0	0	0	0	0	0	0	0	0	0	0	0	0	0	0	0	0	0	0	0	0	0	0	0	0	0	226	0	0	0	0	0	0	0	400	0	0	0	0	0	0	0	0	0	0	0	0	0	0	0	0	0	0	0	0	0	0	0	0	0	0	0	0	0	0	0	0	0	0	0	2934	5336	1036	4762	256	2416	1218	2580	5128	4486	892	2470	3984	23162	2820	0	136	2808	972	2056	1784	6332	5240	7544	11280	3640	
25948	Cerebelum_10_L	0	0	0	0	0	0	0	0	0	0	0	0	0	0	0	0	0	0	0	0	0	0	0	0	0	0	0	0	0	0	0	0	0	0	0	0	0	0	0	0	0	0	0	0	0	0	0	0	0	0	0	0	0	0	0	0	0	0	0	0	0	0	0	0	0	0	0	0	0	0	0	0	0	0	0	0	0	0	0	0	0	0	0	0	0	0	0	0	0	0	1476	0	1042	0	0	0	210	0	908	0	564	0	3662	136	4100	136	0	0	0	0	0	0	288	296	156	0	
22848	Cerebelum_10_R	0	0	0	0	0	0	0	0	0	0	0	0	0	0	0	0	0	0	0	0	0	0	0	0	0	0	0	0	0	0	0	0	0	0	0	0	0	0	0	0	0	0	0	0	0	0	0	0	0	0	0	0	0	0	0	0	0	0	0	0	0	0	0	0	0	0	0	0	0	0	0	0	0	0	0	0	0	0	0	0	0	0	0	0	0	0	0	0	0	0	0	1732	0	1182	0	0	0	394	0	1596	0	188	114	2414	0	2808	0	0	0	0	146	0	420	228	202	0	
38280	Vermis_1_2	0	0	0	0	0	0	0	0	0	0	0	0	0	0	0	0	0	0	0	0	0	0	0	0	0	0	0	0	0	0	0	0	0	0	0	0	0	0	124	0	0	0	0	0	0	0	314	0	0	0	0	0	0	0	0	0	0	0	0	0	0	0	0	0	0	0	0	0	0	0	0	0	0	0	0	0	0	0	0	0	0	0	0	0	0	0	0	0	0	0	858	134	218	0	1358	930	1314	276	1254	930	0	0	0	0	0	972	0	0	0	5308	1876	1308	172	434	968	392	
93936	Vermis_3	0	0	0	0	0	0	0	0	0	0	0	0	0	0	0	0	0	0	0	0	0	0	0	0	0	0	0	0	0	0	0	0	0	0	0	0	120	0	572	0	0	0	0	0	0	0	788	0	0	0	0	0	0	0	120	0	0	0	0	0	0	0	0	0	0	0	0	0	0	0	0	0	0	0	0	0	0	0	0	0	0	0	0	0	0	0	0	0	0	0	1468	636	322	192	3800	4238	4210	2820	2646	3952	0	0	0	254	950	2056	0	0	5308	0	5448	3050	490	910	2080	538	
247772	Vermis_4_5	0	0	0	0	0	0	0	0	0	0	0	0	0	0	0	0	0	0	0	0	0	0	0	0	0	0	0	0	0	0	0	0	0	0	326	770	274	410	156	582	0	0	0	142	0	0	3934	4954	0	0	0	0	0	546	452	5206	0	0	0	0	0	0	0	0	0	0	142	894	0	0	0	0	0	0	0	0	0	110	0	0	0	0	0	0	0	0	0	0	0	0	2226	7260	292	272	5268	1606	15926	20772	6660	19832	0	0	0	816	2630	1784	0	146	1876	5448	0	7156	314	380	1640	2684	
301436	Vermis_6	0	0	0	0	0	0	0	0	0	0	0	0	0	0	0	0	0	0	0	0	0	0	0	0	0	0	0	0	0	0	0	0	0	0	0	0	0	0	0	0	0	0	0	370	0	246	4932	8784	0	288	0	0	0	1346	1478	6186	0	0	0	0	0	0	0	0	0	0	0	0	0	0	0	0	0	0	0	0	0	0	0	0	0	0	0	0	0	0	0	0	0	0	12934	11330	3656	1374	1232	2382	4826	3024	17678	19890	842	126	1022	994	2872	6332	0	0	1308	3050	7156	0	7170	2880	8434	6576	
340240	Vermis_7	0	0	0	0	0	0	0	0	0	0	0	0	0	0	0	0	0	0	0	0	0	0	0	0	0	0	0	0	0	0	0	0	0	0	0	0	0	0	0	0	0	0	0	0	0	0	1964	1430	0	0	0	0	0	0	1076	842	0	0	0	0	0	0	0	0	0	0	0	0	0	0	0	0	0	0	0	0	0	0	0	0	0	0	0	0	0	0	0	0	0	0	10890	10448	16948	22016	0	1072	156	3064	7362	9382	14732	8236	14572	14474	2180	5240	288	420	172	490	314	7170	0	9176	5466	540	
148496	Vermis_8	0	0	0	0	0	0	0	0	0	0	0	0	0	0	0	0	0	0	0	0	0	0	0	0	0	0	0	0	0	0	0	0	0	0	0	0	0	0	0	0	0	0	0	0	0	0	0	0	0	0	0	0	0	0	0	0	0	0	0	0	0	0	0	0	0	0	0	0	0	0	0	0	0	0	0	0	0	0	0	0	0	0	0	0	0	0	0	0	0	0	1432	2132	2712	4248	128	1416	322	2060	2074	2994	2776	2746	8290	6166	3886	7544	296	228	434	910	380	2880	9176	0	7924	1094	
