data	data	519240	263924	1.03965e+06	944940	245600	188932	593892	344428	138436	41744	246660	149516	439172	164432	256708	117712	190996	105588	897940	680084	137536	153444	466640	669784	35676	79808	79896	87640	648660	346432	342404	667880	242440	586708	119012	112348	243756	254944	99604	169600	40312	68184	152700	212428	212564	297552	221612	229444	202100	337496	490732	260176	189248	159368	315068	325880	286248	141720	189956	58620	222780	86420	135776	121112	188160	89792	334928	304540	338136	195108	352232	535100	384368	393284	49348	25844	156372	164336	134972	41432	212736	155360	109416	65380	330408	269856	29336	25464	291312	233948	440668	331256	208316	170772	26556	42924	220688	176408	351400	325572	174496	80632	227988	183904	88120	48600	19860	2692	12216	50692	170680	136132	111216	60064	39956	25708	
data	data	Precentral_L	Precentral_R	Frontal_Sup_L	Frontal_Sup_R	Frontal_Sup_Orb_L	Frontal_Sup_Orb_R	Frontal_Mid_L	Frontal_Mid_R	Frontal_Mid_Orb_L	Frontal_Mid_Orb_R	Frontal_Inf_Oper_L	Frontal_Inf_Oper_R	Frontal_Inf_Tri_L	Frontal_Inf_Tri_R	Frontal_Inf_Orb_L	Frontal_Inf_Orb_R	Rolandic_Oper_L	Rolandic_Oper_R	Supp_Motor_Area_L	Supp_Motor_Area_R	Olfactory_L	Olfactory_R	Frontal_Sup_Medial_L	Frontal_Sup_Medial_R	Frontal_Med_Orb_L	Frontal_Med_Orb_R	Rectus_L	Rectus_R	Insula_L	Insula_R	Cingulum_Ant_L	Cingulum_Ant_R	Cingulum_Mid_L	Cingulum_Mid_R	Cingulum_Post_L	Cingulum_Post_R	Hippocampus_L	Hippocampus_R	ParaHippocampal_L	ParaHippocampal_R	Amygdala_L	Amygdala_R	Calcarine_L	Calcarine_R	Cuneus_L	Cuneus_R	Lingual_L	Lingual_R	Occipital_Sup_L	Occipital_Sup_R	Occipital_Mid_L	Occipital_Mid_R	Occipital_Inf_L	Occipital_Inf_R	Fusiform_L	Fusiform_R	Postcentral_L	Postcentral_R	Parietal_Sup_L	Parietal_Sup_R	Parietal_Inf_L	Parietal_Inf_R	SupraMarginal_L	SupraMarginal_R	Angular_L	Angular_R	Precuneus_L	Precuneus_R	Paracentral_Lobule_L	Paracentral_Lobule_R	Caudate_L	Caudate_R	Putamen_L	Putamen_R	Pallidum_L	Pallidum_R	Thalamus_L	Thalamus_R	Heschl_L	Heschl_R	Temporal_Sup_L	Temporal_Sup_R	Temporal_Pole_Sup_L	Temporal_Pole_Sup_R	Temporal_Mid_L	Temporal_Mid_R	Temporal_Pole_Mid_L	Temporal_Pole_Mid_R	Temporal_Inf_L	Temporal_Inf_R	Cerebelum_Crus1_L	Cerebelum_Crus1_R	Cerebelum_Crus2_L	Cerebelum_Crus2_R	Cerebelum_3_L	Cerebelum_3_R	Cerebelum_4_5_L	Cerebelum_4_5_R	Cerebelum_6_L	Cerebelum_6_R	Cerebelum_7b_L	Cerebelum_7b_R	Cerebelum_8_L	Cerebelum_8_R	Cerebelum_9_L	Cerebelum_9_R	Cerebelum_10_L	Cerebelum_10_R	Vermis_1_2	Vermis_3	Vermis_4_5	Vermis_6	Vermis_7	Vermis_8	Vermis_9	Vermis_10	
519240	Precentral_L	0	5496	16316	2876	344	0	27878	0	226	0	16384	0	7686	0	606	0	8404	0	8778	9354	0	0	266	110	0	0	0	0	16896	0	182	238	516	3536	2010	450	9218	224	988	0	0	0	0	0	330	0	154	0	374	0	390	0	494	0	336	0	26946	658	0	0	1958	0	1338	0	0	0	746	0	34916	6666	4014	1588	9710	126	2476	0	14032	1618	6272	0	1932	0	170	0	1466	0	0	0	1550	0	378	0	0	0	0	0	0	0	0	0	0	0	0	0	0	0	0	0	0	0	0	0	0	0	0	0	
263924	Precentral_R	5496	0	1488	28014	0	0	1162	6188	0	0	0	5254	0	512	0	0	0	544	7368	7270	0	0	0	272	0	0	0	0	188	940	116	292	700	338	310	516	212	3542	0	908	0	0	0	0	0	150	0	0	0	176	0	0	0	166	0	236	100	13096	0	0	0	512	0	1326	0	0	0	484	7558	5134	868	6386	90	2332	0	540	252	20334	0	0	0	0	0	0	0	300	0	0	0	292	0	0	0	0	0	0	0	0	0	0	0	0	0	0	0	0	0	0	0	0	0	0	0	0	0	0	
1.03965e+06	Frontal_Sup_L	16316	1488	0	12572	15270	240	88534	3000	6250	0	22352	222	41560	240	10454	0	6680	0	79492	13108	0	0	52712	13166	1434	0	780	0	40760	238	19942	10748	9906	9026	0	0	3308	118	258	0	0	0	0	0	0	0	0	0	0	0	0	0	0	0	208	0	1954	348	0	0	0	0	0	0	0	0	0	0	1328	0	8888	4746	13976	1962	484	434	704	470	744	0	962	0	2188	0	94	0	0	0	160	0	0	0	0	0	0	0	0	0	0	0	0	0	0	0	0	0	0	0	0	0	0	0	0	0	0	0	
944940	Frontal_Sup_R	2876	28014	12572	0	180	10228	2152	43720	204	2352	0	7246	472	7804	0	6932	0	3606	27850	48182	0	0	16934	63628	0	2270	0	102	300	13104	6396	46380	3994	32558	0	152	0	1932	0	1064	0	0	0	0	0	0	0	106	0	0	0	0	0	0	0	334	116	146	0	0	0	0	0	0	0	0	0	0	5560	0	4706	31150	616	19948	0	956	258	14432	0	284	0	260	0	394	0	0	0	0	0	0	0	0	0	0	0	0	0	0	0	0	0	0	0	0	0	0	0	0	0	0	0	0	0	0	0	0	
245600	Frontal_Sup_Orb_L	344	0	15270	180	0	644	4344	0	14432	0	108	0	5080	0	17920	0	0	0	2902	0	5462	3224	5298	520	2474	0	8664	862	7216	0	5538	1104	326	96	0	0	102	0	0	0	0	0	0	0	0	0	0	0	0	0	0	0	0	0	0	0	0	0	0	0	0	0	0	0	0	0	0	0	0	0	5998	2470	9834	616	0	0	0	0	0	0	0	0	1772	0	0	0	0	0	0	0	0	0	0	0	0	0	0	0	0	0	0	0	0	0	0	0	0	0	0	0	0	0	0	0	0	0	
188932	Frontal_Sup_Orb_R	0	0	240	10228	644	0	0	5004	168	6438	0	300	0	1454	620	6698	0	0	1090	1680	1802	4070	226	6524	220	8868	626	10134	0	2374	778	5542	0	0	0	0	0	108	0	0	0	0	0	0	0	0	0	0	0	0	0	0	0	0	0	0	0	0	0	0	0	0	0	0	0	0	0	0	0	0	2060	9128	670	6772	0	0	0	0	0	0	0	0	0	0	0	0	0	0	0	0	0	0	0	0	0	0	0	0	0	0	0	0	0	0	0	0	0	0	0	0	0	0	0	0	0	0	
593892	Frontal_Mid_L	27878	1162	88534	2152	4344	0	0	446	6106	0	19606	96	53904	140	8536	0	2984	0	14286	314	0	0	15380	2294	0	0	0	0	20312	0	5232	2588	5592	2018	0	0	668	0	0	0	0	0	0	0	0	0	0	0	0	0	0	0	0	0	0	0	2132	140	0	0	0	0	0	0	0	0	0	0	1194	0	2046	806	2970	100	346	0	804	220	1114	0	260	0	242	0	0	0	0	0	0	0	0	0	0	0	0	0	0	0	0	0	0	0	0	0	0	0	0	0	0	0	0	0	0	0	0	0	
344428	Frontal_Mid_R	0	6188	3000	43720	0	5004	446	0	0	2830	0	5460	288	17908	0	4324	0	578	2950	6862	0	0	3782	20712	0	0	0	0	166	5142	602	18088	404	8020	0	0	0	1412	0	686	0	294	0	0	0	0	0	0	0	0	0	0	0	0	0	266	0	0	0	0	0	0	0	0	0	0	0	0	0	0	1006	1766	146	9460	0	170	0	328	0	108	0	98	0	0	0	0	0	0	0	0	0	0	0	0	0	0	0	0	0	0	0	0	0	0	0	0	0	0	0	0	0	0	0	0	0	0	
138436	Frontal_Mid_Orb_L	226	0	6250	204	14432	168	6106	0	0	0	0	0	6270	0	16926	0	0	0	2124	0	832	676	0	190	126	0	2366	174	4944	0	464	260	0	0	0	0	188	0	0	0	0	0	0	0	0	0	0	0	0	0	0	0	0	0	0	0	0	0	0	0	0	0	0	0	0	0	0	0	0	0	1758	772	2924	232	0	0	0	0	0	0	0	0	606	0	0	0	0	0	0	0	0	0	0	0	0	0	0	0	0	0	0	0	0	0	0	0	0	0	0	0	0	0	0	0	0	0	
41744	Frontal_Mid_Orb_R	0	0	0	2352	0	6438	0	2830	0	0	0	0	0	1070	0	4458	0	0	0	0	214	426	0	138	0	816	0	1076	0	356	0	0	0	0	0	0	0	0	0	0	0	0	0	0	0	0	0	0	0	0	0	0	0	0	0	0	0	0	0	0	0	0	0	0	0	0	0	0	0	0	188	208	0	302	0	0	0	0	0	0	0	0	0	0	0	0	0	0	0	0	0	0	0	0	0	0	0	0	0	0	0	0	0	0	0	0	0	0	0	0	0	0	0	0	0	0	
246660	Frontal_Inf_Oper_L	16384	0	22352	0	108	0	19606	0	0	0	0	0	21026	0	0	0	9512	0	8332	0	0	0	876	0	0	0	0	0	13690	0	0	0	0	0	0	0	222	0	0	0	0	0	0	0	0	0	0	0	0	0	0	0	0	0	0	0	4636	0	0	0	0	0	0	0	0	0	0	0	98	0	236	0	876	0	92	0	0	0	1802	0	516	0	2966	0	0	0	0	0	0	0	0	0	0	0	0	0	0	0	0	0	0	0	0	0	0	0	0	0	0	0	0	0	0	0	0	0	
149516	Frontal_Inf_Oper_R	0	5254	222	7246	0	300	96	5460	0	0	0	0	116	7066	0	210	0	6276	5052	7310	0	0	0	2300	0	0	0	0	0	13544	632	2514	0	876	0	0	0	432	0	102	0	0	0	0	0	0	0	0	0	0	0	0	0	0	0	0	0	1476	0	0	0	0	0	0	0	0	0	0	0	0	562	2412	130	3152	0	172	0	252	0	434	0	346	0	814	0	0	0	0	0	0	0	0	0	0	0	0	0	0	0	0	0	0	0	0	0	0	0	0	0	0	0	0	0	0	0	0	
439172	Frontal_Inf_Tri_L	7686	0	41560	472	5080	0	53904	288	6270	0	21026	116	0	190	14334	0	1322	0	13490	230	0	0	2430	510	0	0	132	0	36820	0	2570	740	970	212	0	0	0	0	0	0	0	0	0	0	0	0	0	0	0	0	0	0	0	0	0	0	1294	0	0	0	0	0	0	0	0	0	0	0	0	0	3150	806	2656	90	0	0	0	0	188	0	92	0	958	0	0	0	0	0	0	0	0	0	0	0	0	0	0	0	0	0	0	0	0	0	0	0	0	0	0	0	0	0	0	0	0	0	
164432	Frontal_Inf_Tri_R	0	512	240	7804	0	1454	140	17908	0	1070	0	7066	190	0	0	6544	0	474	1260	2994	0	0	184	4614	0	0	0	0	106	11966	126	3028	182	3266	0	0	0	1232	0	574	0	294	0	0	0	0	0	0	0	0	0	0	0	0	0	228	0	190	0	0	0	0	0	0	0	0	0	0	0	0	558	2574	102	5112	0	130	0	94	0	0	0	0	0	0	0	0	0	0	0	0	0	0	0	0	0	0	0	0	0	0	0	0	0	0	0	0	0	0	0	0	0	0	0	0	0	0	
256708	Frontal_Inf_Orb_L	606	0	10454	0	17920	620	8536	0	16926	0	0	0	14334	0	0	90	0	0	2760	0	5410	3144	194	0	386	0	3942	832	17100	0	1684	580	0	0	0	0	272	0	170	0	156	0	0	0	0	0	0	0	0	0	0	0	0	0	0	0	0	0	0	0	0	0	0	0	0	0	0	0	0	0	5788	2454	9442	604	0	0	0	0	0	0	0	0	3950	0	0	0	0	0	0	0	0	0	0	0	0	0	0	0	0	0	0	0	0	0	0	0	0	0	0	0	0	0	0	0	0	0	
117712	Frontal_Inf_Orb_R	0	0	0	6932	0	6698	0	4324	0	4458	0	210	0	6544	90	0	0	0	358	568	240	1492	116	2236	0	0	0	1708	0	8364	0	1260	124	1294	0	0	0	564	0	236	0	464	0	0	0	0	0	0	0	0	0	0	0	0	0	910	0	0	0	0	0	0	0	0	0	0	0	0	0	0	250	1662	140	2880	0	0	0	0	0	0	0	434	0	2690	0	338	0	0	0	1272	0	0	0	0	0	0	0	0	0	0	0	0	0	0	0	0	0	0	0	0	0	0	0	0	0	0	
190996	Rolandic_Oper_L	8404	0	6680	0	0	0	2984	0	0	0	9512	0	1322	0	0	0	0	0	4452	0	0	0	0	0	0	0	0	0	18630	0	0	0	0	0	0	0	1126	0	138	0	0	0	0	0	0	0	0	0	0	0	966	0	326	0	0	0	9740	0	94	0	128	0	1834	0	132	0	0	0	274	0	0	0	2464	0	642	0	266	0	9010	0	10528	0	1268	0	2812	0	0	0	1142	0	624	0	0	0	0	0	0	0	0	0	0	0	0	0	0	0	0	0	0	0	0	0	0	0	0	0	
105588	Rolandic_Oper_R	0	544	0	3606	0	0	0	578	0	0	0	6276	0	474	0	0	0	0	3248	4806	0	0	0	404	0	0	0	0	0	12946	0	398	0	204	114	128	114	2534	0	206	0	0	0	0	0	0	0	0	0	0	0	0	0	0	0	148	0	1458	0	0	0	0	0	1820	0	0	0	0	0	0	160	680	0	3330	0	202	0	608	0	2534	0	2886	0	1028	0	596	0	0	0	764	0	0	0	0	0	0	0	0	0	0	0	0	0	0	0	0	0	0	0	0	0	0	0	0	0	0	
897940	Supp_Motor_Area_L	8778	7368	79492	27850	2902	1090	14286	2950	2124	0	8332	5052	13490	1260	2760	358	4452	3248	0	51168	0	0	10756	9028	0	0	564	0	26936	6174	5188	7490	12776	22360	646	502	3228	166	312	0	0	0	0	0	0	0	0	0	0	0	0	0	0	0	198	0	832	354	0	0	0	0	0	0	0	0	0	0	28266	626	15742	11836	21714	3398	5710	424	12044	532	368	280	932	256	1652	450	108	0	0	0	162	0	0	0	0	0	0	0	0	0	0	0	0	0	0	0	0	0	0	0	0	0	0	0	0	0	0	0	
680084	Supp_Motor_Area_R	9354	7270	13108	48182	0	1680	314	6862	0	0	0	7310	230	2994	0	568	0	4806	51168	0	0	0	1722	15628	0	0	0	0	236	10164	1654	11954	6670	47200	882	5150	0	1006	0	480	0	0	0	0	0	298	0	0	0	304	0	0	0	398	0	138	154	1416	0	0	0	494	0	1264	0	0	0	1406	13500	18624	2438	24042	698	12146	0	620	0	3392	0	316	0	326	0	486	0	516	0	0	0	474	0	0	0	0	0	0	0	0	0	0	0	0	0	0	0	0	0	0	0	0	0	0	0	0	0	0	
137536	Olfactory_L	0	0	0	0	5462	1802	0	0	832	214	0	0	0	0	5410	240	0	0	0	0	0	8470	110	0	1354	0	3330	2224	4780	0	3480	1306	0	0	0	0	1354	0	1056	0	814	0	0	0	0	0	0	0	0	0	0	0	0	0	382	0	0	0	0	0	0	0	0	0	0	0	0	0	0	0	10810	6132	5042	1556	0	0	0	0	0	0	0	0	2498	0	0	0	0	0	110	0	0	0	0	0	0	0	0	0	0	0	0	0	0	0	0	0	0	0	0	0	0	0	0	0	0	0	
153444	Olfactory_R	0	0	0	0	3224	4070	0	0	676	426	0	0	0	0	3144	1492	0	0	0	0	8470	0	110	128	402	1462	2056	6640	238	3024	3568	3914	0	0	0	0	0	430	0	300	0	1666	0	0	0	0	0	0	0	0	0	0	0	0	0	108	0	0	0	0	0	0	0	0	0	0	0	0	0	0	10400	11452	5778	2598	210	172	0	0	0	0	0	0	0	564	0	0	0	0	0	0	0	0	0	0	0	0	0	0	0	0	0	0	0	0	0	0	0	0	0	0	0	0	0	0	0	0	
466640	Frontal_Sup_Medial_L	266	0	52712	16934	5298	226	15380	3782	0	0	876	0	2430	184	194	116	0	0	10756	1722	110	110	0	31280	2574	706	248	0	2002	0	26008	24862	12090	17980	0	0	0	0	0	0	0	0	0	0	0	0	0	0	0	0	0	0	0	0	0	0	0	0	0	0	0	0	0	0	0	0	0	0	0	0	1076	1124	1326	948	0	0	0	0	0	0	0	0	0	0	0	0	0	0	0	0	0	0	0	0	0	0	0	0	0	0	0	0	0	0	0	0	0	0	0	0	0	0	0	0	0	0	
669784	Frontal_Sup_Medial_R	110	272	13166	63628	520	6524	2294	20712	190	138	0	2300	510	4614	0	2236	0	404	9028	15628	0	128	31280	0	0	5414	0	636	324	6782	10602	61974	2832	31806	0	0	0	380	0	240	0	0	0	0	0	0	0	0	0	0	0	0	0	0	0	0	0	0	0	0	0	0	0	0	0	0	0	0	0	0	3312	20438	326	15268	0	158	168	348	0	108	0	94	0	0	0	0	0	0	0	0	0	0	0	0	0	0	0	0	0	0	0	0	0	0	0	0	0	0	0	0	0	0	0	0	0	0	
35676	Frontal_Med_Orb_L	0	0	1434	0	2474	220	0	0	126	0	0	0	0	0	386	0	0	0	0	0	1354	402	2574	0	0	184	1496	250	186	0	4072	100	0	0	0	0	0	0	0	0	0	0	0	0	0	0	0	0	0	0	0	0	0	0	0	0	0	0	0	0	0	0	0	0	0	0	0	0	0	0	1446	156	810	0	0	0	0	0	0	0	0	0	168	0	0	0	0	0	0	0	0	0	0	0	0	0	0	0	0	0	0	0	0	0	0	0	0	0	0	0	0	0	0	0	0	0	
79808	Frontal_Med_Orb_R	0	0	0	2270	0	8868	0	0	0	816	0	0	0	0	0	0	0	0	0	0	0	1462	706	5414	184	0	0	6588	0	0	1104	5626	0	0	0	0	0	0	0	0	0	0	0	0	0	0	0	0	0	0	0	0	0	0	0	0	0	0	0	0	0	0	0	0	0	0	0	0	0	0	0	4306	0	2560	0	0	0	0	0	0	0	0	0	0	0	0	0	0	0	0	0	0	0	0	0	0	0	0	0	0	0	0	0	0	0	0	0	0	0	0	0	0	0	0	0	0	
79896	Rectus_L	0	0	780	0	8664	626	0	0	2366	0	0	0	132	0	3942	0	0	0	564	0	3330	2056	248	0	1496	0	0	836	844	0	3764	274	0	0	0	0	0	0	0	0	0	0	0	0	0	0	0	0	0	0	0	0	0	0	0	0	0	0	0	0	0	0	0	0	0	0	0	0	0	0	4534	1208	3272	332	0	0	0	0	0	0	0	0	680	0	0	0	0	0	0	0	0	0	0	0	0	0	0	0	0	0	0	0	0	0	0	0	0	0	0	0	0	0	0	0	0	0	
87640	Rectus_R	0	0	0	102	862	10134	0	0	174	1076	0	0	0	0	832	1708	0	0	0	0	2224	6640	0	636	250	6588	836	0	0	1170	814	2990	0	0	0	0	0	0	0	0	0	140	0	0	0	0	0	0	0	0	0	0	0	0	0	0	0	0	0	0	0	0	0	0	0	0	0	0	0	0	1944	2604	704	1064	0	0	0	0	0	0	0	0	0	328	0	0	0	0	0	0	0	0	0	0	0	0	0	0	0	0	0	0	0	0	0	0	0	0	0	0	0	0	0	0	0	0	
648660	Insula_L	16896	188	40760	300	7216	0	20312	166	4944	0	13690	0	36820	106	17100	0	18630	0	26936	236	4780	238	2002	324	186	0	844	0	0	0	2656	506	1062	220	266	0	12254	0	2414	0	2162	0	0	0	0	0	0	0	0	0	346	0	300	0	3188	0	7606	0	0	0	0	0	138	0	0	0	150	0	460	0	3740	684	22030	0	190	0	732	0	11444	0	14720	0	11094	0	5736	0	172	0	6848	0	538	0	0	0	0	0	0	0	0	0	0	0	0	0	0	0	0	0	0	0	0	0	0	0	0	0	
346432	Insula_R	0	940	238	13104	0	2374	0	5142	0	356	0	13544	0	11966	0	8364	0	12946	6174	10164	0	3024	0	6782	0	0	0	1170	0	0	0	4352	0	2794	164	186	170	8196	0	2256	0	1370	0	0	0	166	0	0	0	166	0	0	0	130	0	3442	0	578	0	0	0	0	0	324	0	0	0	192	0	0	536	5470	98	21162	0	186	0	570	0	3576	0	10474	0	1906	0	4094	0	0	0	4370	0	0	0	0	0	0	0	0	0	0	0	0	0	0	0	0	0	0	0	0	0	0	0	0	0	0	
342404	Cingulum_Ant_L	182	116	19942	6396	5538	778	5232	602	464	0	0	632	2570	126	1684	0	0	0	5188	1654	3480	3568	26008	10602	4072	1104	3764	814	2656	0	0	23392	10898	7328	466	0	0	0	0	0	0	0	0	0	0	0	0	0	0	0	0	0	0	0	0	0	0	0	0	0	0	0	0	0	0	0	0	0	0	0	8666	4586	6600	1944	0	0	0	0	0	0	0	0	150	0	0	0	0	0	0	0	0	0	0	0	0	0	0	0	0	0	0	0	0	0	0	0	0	0	0	0	0	0	0	0	0	0	
667880	Cingulum_Ant_R	238	292	10748	46380	1104	5542	2588	18088	260	0	0	2514	740	3028	580	1260	0	398	7490	11954	1306	3914	24862	61974	100	5626	274	2990	506	4352	23392	0	6572	35092	0	0	0	232	0	130	0	0	0	0	0	0	0	0	0	0	0	0	0	0	0	0	0	0	0	0	0	0	0	0	0	0	0	0	0	0	5574	25342	1702	15418	0	186	412	586	0	104	0	90	0	0	0	0	0	0	0	0	0	0	0	0	0	0	0	0	0	0	0	0	0	0	0	0	0	0	0	0	0	0	0	0	0	0	
242440	Cingulum_Mid_L	516	700	9906	3994	326	0	5592	404	0	0	0	0	970	182	0	124	0	0	12776	6670	0	0	12090	2832	0	0	0	0	1062	0	10898	6572	0	15242	7258	538	0	0	0	0	0	0	0	0	2276	276	0	0	2590	276	1128	116	166	128	0	0	904	0	728	0	704	0	698	0	0	0	6418	378	4306	550	290	272	260	104	0	0	0	0	0	0	0	0	0	0	0	0	0	0	0	0	0	0	0	0	0	0	0	0	0	0	0	0	0	0	0	0	0	0	0	0	0	0	0	0	0	0	
586708	Cingulum_Mid_R	3536	338	9026	32558	96	0	2018	8020	0	0	0	876	212	3266	0	1294	0	204	22360	47200	0	0	17980	31806	0	0	0	0	220	2794	7328	35092	15242	0	566	8110	0	534	0	352	0	0	0	330	0	2834	0	0	0	2798	0	972	0	1312	0	194	0	598	0	0	0	0	0	0	0	0	362	6800	5428	11460	286	3612	0	4406	0	0	0	0	0	0	0	0	0	0	0	698	0	0	0	236	0	0	0	0	0	0	0	0	0	0	0	0	0	0	0	0	0	0	0	0	0	0	0	0	0	0	
119012	Cingulum_Post_L	2010	310	0	0	0	0	0	0	0	0	0	0	0	0	0	0	0	114	646	882	0	0	0	0	0	0	0	0	266	164	466	0	7258	566	0	4284	5204	1814	1300	358	0	0	2530	0	1784	0	1700	0	1808	0	1036	0	484	0	214	174	1164	468	212	0	856	0	880	0	0	0	10038	144	3904	1574	0	0	0	0	0	0	1632	1654	324	0	0	0	0	0	696	0	0	0	588	0	0	0	0	0	0	0	0	0	0	0	0	0	0	0	0	0	0	0	0	0	0	0	0	0	0	0	
112348	Cingulum_Post_R	450	516	0	152	0	0	0	0	0	0	0	0	0	0	0	0	0	128	502	5150	0	0	0	0	0	0	0	0	0	186	0	0	538	8110	4284	0	1578	4684	0	1734	0	0	0	602	0	518	0	1494	0	524	0	0	0	1150	0	368	0	1458	0	0	0	0	0	0	0	0	0	5300	840	7352	0	0	0	0	0	0	3384	3988	0	0	0	0	0	0	0	282	0	0	0	766	0	0	0	0	0	0	0	0	0	0	0	0	0	0	0	0	0	0	0	0	136	0	0	0	0	0	
243756	Hippocampus_L	9218	212	3308	0	102	0	668	0	188	0	222	0	0	0	272	0	1126	114	3228	0	1354	0	0	0	0	0	0	0	12254	170	0	0	0	0	5204	1578	0	1678	15100	386	7026	0	1404	0	0	0	2496	274	0	0	0	0	1614	0	10710	178	2064	118	0	0	0	0	0	0	0	0	3244	0	2894	0	178	0	10826	162	210	0	2646	1574	2654	0	3084	0	1686	0	914	0	0	0	8280	0	700	0	0	0	0	0	154	0	272	0	0	0	0	0	0	0	0	0	0	134	0	0	0	0	0	0	
254944	Hippocampus_R	224	3542	118	1932	0	108	0	1412	0	0	0	432	0	1232	0	564	0	2534	166	1006	0	430	0	380	0	0	0	0	0	8196	0	232	0	534	1814	4684	1678	0	148	24874	0	10224	0	148	0	192	0	3098	0	198	0	96	0	998	0	15372	0	1242	0	0	0	0	0	1786	0	348	0	2682	130	192	0	204	0	9410	0	844	1872	3892	0	448	0	4026	0	922	0	3038	0	0	0	8710	0	0	0	0	0	0	0	858	0	0	0	0	0	0	0	0	0	0	0	124	178	0	0	0	0	0	
99604	ParaHippocampal_L	988	0	258	0	0	0	0	0	0	0	0	0	0	0	170	0	138	0	312	0	1056	0	0	0	0	0	0	0	2414	0	0	0	0	0	1300	0	15100	148	0	0	4210	0	702	0	0	0	2476	184	0	0	100	0	1924	0	5804	0	324	0	0	0	0	0	0	0	0	0	1694	0	100	0	0	0	2546	122	106	0	184	118	512	0	204	0	1744	0	246	0	1086	0	2438	0	226	0	0	0	170	0	290	0	208	0	0	0	0	0	96	0	0	0	0	104	0	0	0	0	0	0	
169600	ParaHippocampal_R	0	908	0	1064	0	0	0	686	0	0	0	102	0	574	0	236	0	206	0	480	0	300	0	240	0	0	0	0	0	2256	0	130	0	352	358	1734	386	24874	0	0	0	9656	0	116	0	0	0	2796	0	0	0	0	0	1136	0	16486	0	152	0	0	0	0	0	0	0	0	0	1260	0	0	0	0	0	4408	0	450	300	1156	0	0	0	788	0	2908	0	232	0	2134	0	3432	0	364	0	0	0	108	0	1662	0	370	0	0	0	0	0	0	0	0	0	0	0	0	0	0	0	0	
40312	Amygdala_L	0	0	0	0	0	0	0	0	0	0	0	0	0	0	156	0	0	0	0	0	814	0	0	0	0	0	0	0	2162	0	0	0	0	0	0	0	7026	0	4210	0	0	0	0	0	0	0	0	0	0	0	0	0	0	0	3734	0	0	0	0	0	0	0	0	0	0	0	0	0	0	0	0	0	182	0	0	0	0	0	0	0	0	0	954	0	0	0	0	0	918	0	0	0	0	0	0	0	0	0	0	0	0	0	0	0	0	0	0	0	0	0	0	0	0	0	0	0	
68184	Amygdala_R	0	0	0	0	0	0	0	294	0	0	0	0	0	294	0	464	0	0	0	0	0	1666	0	0	0	0	0	140	0	1370	0	0	0	0	0	0	0	10224	0	9656	0	0	0	0	0	0	0	0	0	0	0	0	0	0	0	4886	0	0	0	0	0	0	0	0	0	0	0	0	0	0	0	0	0	1340	0	0	0	0	0	0	0	0	0	2078	0	0	0	338	0	1200	0	0	0	0	0	0	0	142	0	0	0	0	0	0	0	0	0	0	0	0	0	0	0	0	0	0	
152700	Calcarine_L	0	0	0	0	0	0	0	0	0	0	0	0	0	0	0	0	0	0	0	0	0	0	0	0	0	0	0	0	0	0	0	0	0	0	2530	0	1404	0	702	0	0	0	0	3408	8374	1540	13090	2172	5516	676	14932	172	5592	0	1028	196	0	0	110	0	0	0	0	0	0	0	11340	100	94	0	0	0	0	0	0	0	0	0	124	0	0	0	0	0	1080	0	0	0	1394	0	450	0	164	0	0	0	0	0	162	0	0	0	0	0	0	0	0	0	0	0	0	0	0	0	0	0	
212428	Calcarine_R	0	0	0	0	0	0	0	0	0	0	0	0	0	0	0	0	0	0	0	0	0	0	0	0	0	0	0	0	0	0	0	0	0	330	0	602	0	148	0	116	0	0	3408	0	2166	18870	306	19178	0	20600	0	12606	0	4716	0	4716	0	96	0	332	0	0	0	0	0	0	218	9630	0	200	0	0	0	0	0	0	0	0	0	0	0	0	0	0	0	3206	0	0	0	2082	0	1098	0	96	0	0	0	0	0	1082	0	0	0	0	0	0	0	0	0	0	0	250	162	0	0	0	
212564	Cuneus_L	330	0	0	0	0	0	0	0	0	0	0	0	0	0	0	0	0	0	0	0	0	0	0	0	0	0	0	0	0	0	0	0	2276	0	1784	0	0	0	0	0	0	0	8374	2166	0	3700	1642	178	22612	784	22186	126	2710	0	0	0	1136	0	6574	0	1212	0	640	0	682	0	20386	104	964	0	0	0	0	0	0	0	0	0	0	0	0	0	0	0	4820	0	0	0	896	0	0	0	0	0	0	0	0	0	0	0	0	0	0	0	0	0	0	0	0	0	0	0	0	0	0	0	
297552	Cuneus_R	0	150	0	0	0	0	0	0	0	0	0	0	0	0	0	0	0	0	0	298	0	0	0	0	0	0	0	0	0	166	0	0	276	2834	0	518	0	192	0	0	0	0	1540	18870	3700	0	0	5896	0	41672	0	17346	0	7062	0	1076	0	748	0	2782	0	0	0	398	0	492	2640	27806	0	1738	0	0	0	0	0	0	0	0	0	0	0	110	0	0	0	7504	0	0	0	2388	0	156	0	0	0	0	0	0	0	418	0	0	0	0	0	0	0	0	0	0	0	0	0	0	0	0	
221612	Lingual_L	154	0	0	0	0	0	0	0	0	0	0	0	0	0	0	0	0	0	0	0	0	0	0	0	0	0	0	0	0	0	0	0	0	0	1700	0	2496	0	2476	0	0	0	13090	306	1642	0	0	790	4298	0	17734	0	11004	0	10438	0	154	0	0	0	0	0	0	0	0	0	7084	0	0	0	0	0	0	0	0	0	0	0	326	0	0	0	0	0	1198	0	0	0	2536	0	5960	346	860	0	0	142	8278	650	10602	812	0	0	0	0	0	0	0	0	0	116	3424	1756	298	0	0	136	
229444	Lingual_R	0	0	0	106	0	0	0	0	0	0	0	0	0	0	0	0	0	0	0	0	0	0	0	0	0	0	0	0	0	0	0	0	0	0	0	1494	274	3098	184	2796	0	0	2172	19178	178	5896	790	0	0	9700	0	6084	0	7088	0	13312	0	0	0	0	0	0	0	0	0	0	0	5928	0	0	0	0	0	164	0	0	0	292	0	0	0	0	0	0	0	644	0	0	0	698	1134	4052	328	660	0	0	538	3802	1880	8108	0	0	0	0	192	0	0	0	0	100	4084	6910	2858	0	0	0	
202100	Occipital_Sup_L	374	0	0	0	0	0	0	0	0	0	0	0	0	0	0	0	0	0	0	0	0	0	0	0	0	0	0	0	0	0	0	0	2590	0	1808	0	0	0	0	0	0	0	5516	0	22612	0	4298	0	0	0	27898	0	3370	0	370	0	1282	0	9540	0	1580	0	806	0	722	0	15320	0	1600	0	0	0	0	0	0	0	0	0	0	0	0	0	0	0	398	0	0	0	172	0	522	0	134	0	0	0	0	0	138	0	0	0	0	0	0	0	0	0	0	0	0	0	0	0	0	0	
337496	Occipital_Sup_R	0	176	0	0	0	0	0	0	0	0	0	0	0	0	0	0	0	0	0	304	0	0	0	0	0	0	0	0	0	166	0	0	276	2798	0	524	0	198	0	0	0	0	676	20600	784	41672	0	9700	0	0	0	26284	0	8928	0	1790	0	1282	0	4426	0	990	0	398	0	2606	1808	27964	0	1698	0	0	0	0	0	0	0	0	0	0	0	110	0	0	0	8112	0	0	0	2726	0	800	0	0	0	0	0	0	0	798	0	0	0	0	0	0	0	0	0	0	0	154	0	0	0	0	
490732	Occipital_Mid_L	390	0	0	0	0	0	0	0	0	0	0	0	0	0	0	0	966	0	0	0	0	0	0	0	0	0	0	0	346	0	0	0	1128	0	1036	0	0	0	100	0	0	0	14932	0	22186	0	17734	0	27898	0	0	0	27804	0	6686	0	5886	0	21864	0	15028	0	2184	0	21660	0	28750	0	2900	0	0	0	0	0	0	0	0	0	0	0	1564	0	0	0	18640	0	0	0	3344	0	1550	0	284	0	0	0	0	0	506	0	0	0	0	0	0	0	0	0	0	0	0	0	0	0	0	0	
260176	Occipital_Mid_R	0	0	0	0	0	0	0	0	0	0	0	0	0	0	0	0	0	0	0	0	0	0	0	0	0	0	0	0	0	0	0	0	116	972	0	0	0	96	0	0	0	0	172	12606	126	17346	0	6084	0	26284	0	0	0	8870	0	1940	0	728	0	1860	0	6164	0	322	0	9066	1176	13890	0	986	0	0	0	0	0	0	0	0	0	0	0	130	0	0	0	15396	0	0	0	4396	0	520	0	94	0	0	0	0	0	450	0	0	0	0	0	0	0	0	0	0	0	182	116	0	0	0	
189248	Occipital_Inf_L	494	0	0	0	0	0	0	0	0	0	0	0	0	0	0	0	326	0	0	0	0	0	0	0	0	0	0	0	300	0	0	0	166	0	484	0	1614	0	1924	0	0	0	5592	0	2710	0	11004	0	3370	0	27804	0	0	0	11000	0	690	0	126	0	318	0	324	0	344	0	6318	0	916	0	0	0	0	0	0	0	0	0	1576	0	212	0	0	0	5456	0	0	0	8480	0	1970	0	0	0	0	0	0	0	1106	0	0	0	0	0	0	0	0	0	0	0	0	0	0	0	0	0	
159368	Occipital_Inf_R	0	166	0	0	0	0	0	0	0	0	0	0	0	0	0	0	0	0	0	398	0	0	0	0	0	0	0	0	0	130	0	0	128	1312	0	1150	0	998	0	1136	0	0	0	4716	0	7062	0	7088	0	8928	0	8870	0	0	0	8378	0	346	0	0	0	0	0	270	0	0	172	7772	0	1118	0	0	0	0	0	0	0	0	0	0	0	0	0	0	0	4702	0	0	0	6218	100	2788	0	392	0	0	0	180	122	2378	0	0	0	0	0	0	0	0	0	0	184	1730	752	0	0	0	
315068	Fusiform_L	336	0	208	0	0	0	0	0	0	0	0	0	0	0	0	0	0	0	198	0	382	0	0	0	0	0	0	0	3188	0	0	0	0	0	214	0	10710	0	5804	0	3734	0	1028	0	0	0	10438	0	370	0	6686	0	11000	0	0	0	106	0	0	0	0	0	0	0	0	0	768	0	176	0	0	0	1012	0	0	0	120	0	348	0	2284	0	2718	0	1538	0	2040	0	13018	0	24570	0	4054	0	592	0	13664	0	30730	0	1088	0	2786	0	0	0	0	0	0	0	1506	120	0	0	0	0	
325880	Fusiform_R	0	236	0	334	0	0	0	266	0	0	0	0	0	228	0	910	0	148	0	138	0	108	0	0	0	0	0	0	0	3442	0	0	0	194	174	368	178	15372	0	16486	0	4886	196	4716	0	1076	0	13312	0	1790	0	1940	0	8378	0	0	0	0	0	0	0	0	0	0	0	0	0	2452	0	0	0	0	0	1662	0	0	140	564	0	0	0	3910	0	6430	0	3644	0	3360	0	16178	420	12604	114	964	0	408	0	8312	578	16538	0	0	0	636	0	0	0	0	0	578	2828	4084	1660	0	0	0	
286248	Postcentral_L	26946	100	1954	116	0	0	2132	0	0	0	4636	0	1294	0	0	0	9740	0	832	154	0	0	0	0	0	0	0	0	7606	0	0	0	904	0	1164	0	2064	0	324	0	0	0	0	0	1136	0	154	0	1282	0	5886	0	690	0	106	0	0	0	9780	0	24382	0	7240	0	5598	0	3264	0	2452	202	134	382	2714	0	468	0	884	406	5364	0	6186	0	0	0	2178	0	0	0	1664	0	606	0	0	0	0	0	0	0	0	0	0	0	0	0	0	0	0	0	0	0	0	0	0	0	0	0	
141720	Postcentral_R	658	13096	348	146	0	0	140	0	0	0	0	1476	0	190	0	0	0	1458	354	1416	0	0	0	0	0	0	0	0	0	578	0	0	0	598	468	1458	118	1242	0	152	0	0	0	96	0	748	0	0	0	1282	0	728	0	346	0	0	0	0	0	4122	0	6250	0	11608	0	290	0	5768	460	11616	236	226	0	1114	0	0	0	624	0	0	0	220	0	0	0	796	0	0	0	434	0	0	0	0	0	0	0	0	0	0	0	0	0	0	0	0	0	0	0	0	0	0	0	0	0	0	
189956	Parietal_Sup_L	0	0	0	0	0	0	0	0	0	0	0	0	0	0	0	0	94	0	0	0	0	0	0	0	0	0	0	0	0	0	0	0	728	0	212	0	0	0	0	0	0	0	110	0	6574	0	0	0	9540	0	21864	0	126	0	0	0	9780	0	0	0	12836	0	982	0	11398	0	16668	0	768	0	0	0	0	0	0	0	0	0	0	0	1126	0	0	0	1138	0	0	0	586	0	448	0	0	0	0	0	0	0	0	0	0	0	0	0	0	0	0	0	0	0	0	0	0	0	0	0	
58620	Parietal_Sup_R	0	0	0	0	0	0	0	0	0	0	0	0	0	0	0	0	0	0	0	0	0	0	0	0	0	0	0	0	0	0	0	0	0	0	0	0	0	0	0	0	0	0	0	332	0	2782	0	0	0	4426	0	1860	0	0	0	0	0	4122	0	0	0	3652	0	1356	0	2812	0	7538	0	430	0	0	0	0	0	0	0	0	0	0	0	0	0	0	0	0	0	0	0	0	0	0	0	0	0	0	0	0	0	0	0	0	0	0	0	0	0	0	0	0	0	0	0	0	0	0	
222780	Parietal_Inf_L	1958	0	0	0	0	0	0	0	0	0	0	0	0	0	0	0	128	0	0	0	0	0	0	0	0	0	0	0	0	0	0	0	704	0	856	0	0	0	0	0	0	0	0	0	1212	0	0	0	1580	0	15028	0	318	0	0	0	24382	0	12836	0	0	0	16596	0	22084	0	3320	0	446	0	0	0	0	0	0	0	0	0	0	0	1092	0	0	0	6274	0	0	0	1678	0	898	0	0	0	0	0	0	0	0	0	0	0	0	0	0	0	0	0	0	0	0	0	0	0	0	0	
86420	Parietal_Inf_R	0	512	0	0	0	0	0	0	0	0	0	0	0	0	0	0	0	0	0	494	0	0	0	0	0	0	0	0	0	0	0	0	0	0	0	0	0	0	0	0	0	0	0	0	0	0	0	0	0	990	0	6164	0	0	0	0	0	6250	0	3652	0	0	0	11184	0	11204	0	756	0	1670	0	0	0	0	0	0	0	0	0	0	0	0	0	0	0	190	0	0	0	144	0	0	0	0	0	0	0	0	0	0	0	0	0	0	0	0	0	0	0	0	0	0	0	0	0	0	
135776	SupraMarginal_L	1338	0	0	0	0	0	0	0	0	0	0	0	0	0	0	0	1834	0	0	0	0	0	0	0	0	0	0	0	138	0	0	0	698	0	880	0	0	0	0	0	0	0	0	0	640	0	0	0	806	0	2184	0	324	0	0	0	7240	0	982	0	16596	0	0	0	10190	0	1532	0	654	0	0	0	168	0	0	0	0	0	122	0	4250	0	0	0	10396	0	0	0	4570	0	2346	0	0	0	0	0	0	0	0	0	0	0	0	0	0	0	0	0	0	0	0	0	0	0	0	0	
121112	SupraMarginal_R	0	1326	0	0	0	0	0	0	0	0	0	0	0	0	0	0	0	1820	0	1264	0	0	0	0	0	0	0	0	0	324	0	0	0	0	0	0	0	1786	0	0	0	0	0	0	0	398	0	0	0	398	0	322	0	270	0	0	0	11608	0	1356	0	11184	0	0	0	6604	0	538	0	2702	0	0	0	0	0	0	0	0	0	0	0	6888	0	0	0	6360	0	0	0	5408	0	0	0	0	0	0	0	0	0	0	0	0	0	0	0	0	0	0	0	0	0	0	0	0	0	0	
188160	Angular_L	0	0	0	0	0	0	0	0	0	0	0	0	0	0	0	0	132	0	0	0	0	0	0	0	0	0	0	0	0	0	0	0	0	0	0	0	0	0	0	0	0	0	0	0	682	0	0	0	722	0	21660	0	344	0	0	0	5598	0	11398	0	22084	0	10190	0	0	0	3986	0	158	0	0	0	0	0	0	0	0	0	0	0	2548	0	0	0	10156	0	0	0	3052	0	1370	0	0	0	0	0	0	0	0	0	0	0	0	0	0	0	0	0	0	0	0	0	0	0	0	0	
89792	Angular_R	0	0	0	0	0	0	0	0	0	0	0	0	0	0	0	0	0	0	0	0	0	0	0	0	0	0	0	0	0	0	0	0	0	0	0	0	0	348	0	0	0	0	0	0	0	492	0	0	0	2606	0	9066	0	0	0	0	0	290	0	2812	0	11204	0	6604	0	0	120	1798	0	790	0	0	0	0	0	0	0	0	0	0	0	2452	0	0	0	4348	0	0	0	1966	0	0	0	0	0	0	0	0	0	0	0	0	0	0	0	0	0	0	0	0	0	0	0	0	0	0	
334928	Precuneus_L	746	0	0	0	0	0	0	0	0	0	0	0	0	0	0	0	0	0	0	0	0	0	0	0	0	0	0	0	150	0	0	0	6418	362	10038	0	3244	0	1694	0	0	0	11340	218	20386	2640	7084	0	15320	1808	28750	1176	6318	172	768	0	3264	0	16668	0	3320	0	1532	0	3986	120	0	3576	4460	0	0	0	0	0	0	0	0	0	364	0	486	0	0	0	7188	184	0	0	3206	100	378	0	0	0	0	0	0	0	0	0	0	0	0	0	0	0	0	0	0	0	0	0	0	0	0	0	
304540	Precuneus_R	0	484	0	0	0	0	0	0	0	0	0	0	0	0	0	0	0	0	0	1406	0	0	0	0	0	0	0	0	0	192	0	0	378	6800	144	5300	0	2682	0	1260	0	0	100	9630	104	27806	0	5928	0	27964	0	13890	0	7772	0	2452	0	5768	0	7538	0	756	0	538	0	1798	3576	0	112	8808	0	0	0	0	0	0	0	190	0	0	0	122	0	0	0	6994	0	0	0	1558	0	0	0	0	0	0	0	0	0	0	0	0	0	0	0	0	0	0	0	0	220	0	0	0	0	0	
338136	Paracentral_Lobule_L	34916	7558	1328	5560	0	0	1194	0	0	0	98	0	0	0	0	0	274	0	28266	13500	0	0	0	0	0	0	0	0	460	0	0	0	4306	5428	3904	840	2894	130	100	0	0	0	94	0	964	0	0	0	1600	0	2900	0	916	0	176	0	2452	460	768	0	446	0	654	0	158	0	4460	112	0	8906	4744	202	2436	0	3342	0	19360	392	178	0	272	0	0	0	1292	0	0	0	908	0	120	0	0	0	0	0	0	0	0	0	0	0	0	0	0	0	0	0	0	0	0	0	0	0	0	0	
195108	Paracentral_Lobule_R	6666	5134	0	0	0	0	0	0	0	0	0	0	0	0	0	0	0	0	626	18624	0	0	0	0	0	0	0	0	0	0	0	0	550	11460	1574	7352	0	192	0	0	0	0	0	200	0	1738	0	0	0	1698	0	986	0	1118	0	0	202	11616	0	430	0	1670	0	2702	0	790	0	8808	8906	0	370	96	0	0	0	0	0	0	0	0	0	440	0	0	0	2670	0	0	0	936	0	0	0	0	0	0	0	0	0	0	0	0	0	0	0	0	0	0	0	0	0	0	0	0	0	0	
352232	Caudate_L	4014	868	8888	4706	5998	2060	2046	1006	1758	188	236	562	3150	558	5788	250	0	160	15742	2438	10810	10400	1076	3312	1446	0	4534	1944	3740	536	8666	5574	290	286	0	0	178	0	0	0	0	0	0	0	0	0	0	0	0	0	0	0	0	0	0	0	134	236	0	0	0	0	0	0	0	0	0	0	4744	370	0	21778	20282	4898	1210	780	7028	464	0	0	0	0	984	0	0	0	0	0	0	0	0	0	0	0	0	0	0	0	0	0	0	0	0	0	0	0	0	0	0	0	0	0	0	0	0	0	
535100	Caudate_R	1588	6386	4746	31150	2470	9128	806	1766	772	208	0	2412	806	2574	2454	1662	0	680	11836	24042	6132	11452	1124	20438	156	4306	1208	2604	684	5470	4586	25342	272	3612	0	0	0	204	0	0	0	0	0	0	0	0	0	0	0	0	0	0	0	0	0	0	382	226	0	0	0	0	0	0	0	0	0	0	202	96	21778	0	7618	25144	400	2462	560	15378	0	0	0	0	0	228	0	0	0	0	0	0	0	0	0	0	0	0	0	0	0	0	0	0	0	0	0	0	0	0	0	0	0	0	0	0	0	0	
384368	Putamen_L	9710	90	13976	616	9834	670	2970	146	2924	0	876	130	2656	102	9442	140	2464	0	21714	698	5042	5778	1326	326	810	0	3272	704	22030	98	6600	1702	260	0	0	0	10826	0	2546	0	182	0	0	0	0	0	0	0	0	0	0	0	0	0	1012	0	2714	0	0	0	0	0	168	0	0	0	0	0	2436	0	20282	7618	0	2106	6896	452	2426	140	420	0	1752	0	2454	0	156	0	0	0	492	0	0	0	0	0	0	0	0	0	0	0	0	0	0	0	0	0	0	0	0	0	0	0	0	0	0	0	
393284	Putamen_R	126	2332	1962	19948	616	6772	100	9460	232	302	0	3152	90	5112	604	2880	0	3330	3398	12146	1556	2598	948	15268	0	2560	332	1064	0	21162	1944	15418	104	4406	0	0	162	9410	122	4408	0	1340	0	0	0	0	0	164	0	0	0	0	0	0	0	1662	0	1114	0	0	0	0	0	0	0	0	0	0	0	0	4898	25144	2106	0	0	3332	102	1206	0	324	0	536	0	0	0	174	0	0	0	516	0	0	0	0	0	0	0	0	0	0	0	0	0	0	0	0	0	0	0	0	0	0	0	0	0	0	
49348	Pallidum_L	2476	0	484	0	0	0	346	0	0	0	92	0	0	0	0	0	642	0	5710	0	0	210	0	0	0	0	0	0	190	0	0	0	0	0	0	0	210	0	106	0	0	0	0	0	0	0	0	0	0	0	0	0	0	0	0	0	468	0	0	0	0	0	0	0	0	0	0	0	3342	0	1210	400	6896	0	0	118	1340	0	108	0	326	0	0	0	0	0	0	0	0	0	0	0	0	0	0	0	0	0	0	0	0	0	0	0	0	0	0	0	0	0	0	0	0	0	0	0	
25844	Pallidum_R	0	540	434	956	0	0	0	170	0	0	0	172	0	130	0	0	0	202	424	620	0	172	0	158	0	0	0	0	0	186	0	186	0	0	0	0	0	844	0	450	0	0	0	0	0	0	0	0	0	0	0	0	0	0	0	0	0	0	0	0	0	0	0	0	0	0	0	0	0	0	780	2462	452	3332	118	0	0	134	0	0	0	0	0	0	0	0	0	0	0	0	0	0	0	0	0	0	0	0	0	0	0	0	0	0	0	0	0	0	0	0	0	0	0	0	0	0	
156372	Thalamus_L	14032	252	704	258	0	0	804	0	0	0	0	0	0	0	0	0	266	0	12044	0	0	0	0	168	0	0	0	0	732	0	0	412	0	0	1632	3384	2646	1872	184	300	0	0	0	0	0	0	0	0	0	0	0	0	0	0	120	140	884	0	0	0	0	0	0	0	0	0	0	0	19360	0	7028	560	2426	102	1340	0	0	5982	142	0	138	0	0	0	0	0	0	0	180	0	94	0	0	0	0	0	0	0	0	0	0	0	0	0	0	0	0	0	0	0	0	0	0	0	0	0	
164336	Thalamus_R	1618	20334	470	14432	0	0	220	328	0	0	0	252	0	94	0	0	0	608	532	3392	0	0	0	348	0	0	0	0	0	570	0	586	0	0	1654	3988	1574	3892	118	1156	0	0	0	0	0	0	0	292	0	0	0	0	0	0	0	564	406	624	0	0	0	0	0	0	0	0	0	190	392	0	464	15378	140	1206	0	134	5982	0	0	96	0	0	0	0	0	0	0	0	0	134	0	0	0	0	0	0	0	0	0	0	0	0	0	0	0	0	0	0	0	0	0	0	0	0	0	0	
134972	Heschl_L	6272	0	744	0	0	0	1114	0	0	0	1802	0	188	0	0	0	9010	0	368	0	0	0	0	0	0	0	0	0	11444	0	0	0	0	0	324	0	2654	0	512	0	0	0	124	0	0	0	326	0	0	0	0	0	1576	0	348	0	5364	0	0	0	0	0	122	0	0	0	364	0	178	0	0	0	420	0	108	0	142	0	0	0	7894	0	0	0	8594	0	0	0	5896	0	1598	0	0	0	0	0	0	0	0	0	0	0	0	0	0	0	0	0	0	0	0	0	0	0	0	0	
41432	Heschl_R	0	0	0	284	0	0	0	108	0	0	0	434	0	0	0	0	0	2534	280	316	0	0	0	108	0	0	0	0	0	3576	0	104	0	0	0	0	0	448	0	0	0	0	0	0	0	0	0	0	0	0	0	0	0	0	0	0	0	0	0	0	0	0	0	0	0	0	0	0	0	0	0	0	0	324	0	0	0	96	0	0	0	5866	0	0	0	4206	0	0	0	2032	0	0	0	0	0	0	0	0	0	0	0	0	0	0	0	0	0	0	0	0	0	0	0	0	0	0	
212736	Temporal_Sup_L	1932	0	962	0	0	0	260	0	0	0	516	0	92	0	0	0	10528	0	932	0	0	0	0	0	0	0	0	0	14720	0	0	0	0	0	0	0	3084	0	204	0	0	0	0	0	0	0	0	0	0	0	1564	0	212	0	2284	0	6186	0	1126	0	1092	0	4250	0	2548	0	486	0	272	0	0	0	1752	0	326	0	138	0	7894	0	0	0	4440	0	23278	0	186	0	13398	0	1706	0	0	0	0	0	0	0	0	0	0	0	0	0	0	0	0	0	0	0	0	0	0	0	0	0	
155360	Temporal_Sup_R	0	0	0	260	0	0	0	98	0	0	0	346	0	0	0	434	0	2886	256	326	0	0	0	94	0	0	0	0	0	10474	0	90	0	0	0	0	0	4026	0	788	0	0	0	0	0	110	0	0	0	110	0	130	0	0	0	3910	0	220	0	0	0	0	0	6888	0	2452	0	122	0	440	0	0	0	536	0	0	0	0	0	5866	0	0	0	2400	0	23070	0	248	0	11100	0	0	0	0	0	0	0	0	0	0	0	0	0	0	0	0	0	0	0	0	0	0	0	0	0	0	
109416	Temporal_Pole_Sup_L	170	0	2188	0	1772	0	242	0	606	0	2966	0	958	0	3950	0	1268	0	1652	0	2498	0	0	0	168	0	680	0	11094	0	150	0	0	0	0	0	1686	0	1744	0	954	0	0	0	0	0	0	0	0	0	0	0	0	0	2718	0	0	0	0	0	0	0	0	0	0	0	0	0	0	0	984	0	2454	0	0	0	0	0	0	0	4440	0	0	0	3330	0	3326	0	2710	0	0	0	0	0	0	0	0	0	0	0	0	0	0	0	0	0	0	0	0	0	0	0	0	0	0	0	
65380	Temporal_Pole_Sup_R	0	0	0	394	0	0	0	0	0	0	0	814	0	0	0	2690	0	1028	450	486	0	564	0	0	0	0	0	328	0	1906	0	0	0	0	0	0	0	922	0	2908	0	2078	0	0	0	0	0	0	0	0	0	0	0	0	0	6430	0	0	0	0	0	0	0	0	0	0	0	0	0	0	0	228	0	0	0	0	0	0	0	0	0	2400	0	0	0	1532	0	3300	0	4232	0	0	0	0	0	0	0	0	0	0	0	0	0	0	0	0	0	0	0	0	0	0	0	0	0	0	
330408	Temporal_Mid_L	1466	0	94	0	0	0	0	0	0	0	0	0	0	0	0	0	2812	0	108	0	0	0	0	0	0	0	0	0	5736	0	0	0	0	0	696	0	914	0	246	0	0	0	1080	0	4820	0	1198	0	398	0	18640	0	5456	0	1538	0	2178	0	1138	0	6274	0	10396	0	10156	0	7188	0	1292	0	0	0	156	0	0	0	0	0	8594	0	23278	0	3330	0	0	0	4224	0	34024	0	7774	0	0	0	0	0	0	0	0	0	0	0	0	0	0	0	0	0	0	0	0	0	0	0	0	0	
269856	Temporal_Mid_R	0	300	0	0	0	0	0	0	0	0	0	0	0	0	0	338	0	596	0	516	0	0	0	0	0	0	0	0	0	4094	0	0	0	698	0	282	0	3038	0	232	0	0	0	3206	0	7504	0	644	0	8112	0	15396	0	4702	0	3644	0	796	0	0	0	190	0	6360	0	4348	184	6994	0	2670	0	0	0	174	0	0	0	0	0	4206	0	23070	0	1532	0	0	0	1898	0	29204	0	0	0	0	0	0	0	0	0	0	0	0	0	0	0	0	0	0	0	0	0	0	0	0	0	0	
29336	Temporal_Pole_Mid_L	0	0	0	0	0	0	0	0	0	0	0	0	0	0	0	0	0	0	0	0	0	0	0	0	0	0	0	0	172	0	0	0	0	0	0	0	0	0	1086	0	0	0	0	0	0	0	0	0	0	0	0	0	0	0	2040	0	0	0	0	0	0	0	0	0	0	0	0	0	0	0	0	0	0	0	0	0	0	0	0	0	186	0	3326	0	4224	0	0	0	3634	0	0	0	0	0	0	0	0	0	0	0	0	0	0	0	0	0	0	0	0	0	0	0	0	0	0	0	
25464	Temporal_Pole_Mid_R	0	0	0	0	0	0	0	0	0	0	0	0	0	0	0	0	0	0	0	0	0	0	0	0	0	0	0	0	0	0	0	0	0	0	0	0	0	0	0	2134	0	338	0	0	0	0	0	0	0	0	0	0	0	0	0	3360	0	0	0	0	0	0	0	0	0	0	0	0	0	0	0	0	0	0	0	0	0	0	0	0	0	248	0	3300	0	1898	0	0	0	1454	0	0	0	0	0	0	0	0	0	0	0	0	0	0	0	0	0	0	0	0	0	0	0	0	0	0	
291312	Temporal_Inf_L	1550	0	160	0	0	0	0	0	0	0	0	0	0	0	0	0	1142	0	162	0	110	0	0	0	0	0	0	0	6848	0	0	0	0	0	588	0	8280	0	2438	0	918	0	1394	0	896	0	2536	0	172	0	3344	0	8480	0	13018	0	1664	0	586	0	1678	0	4570	0	3052	0	3206	0	908	0	0	0	492	0	0	0	180	0	5896	0	13398	0	2710	0	34024	0	3634	0	0	0	13330	0	1266	0	0	0	336	0	1026	0	762	0	902	0	0	0	0	0	0	0	0	0	0	0	0	0	
233948	Temporal_Inf_R	0	292	0	0	0	0	0	0	0	0	0	0	0	0	0	1272	0	764	0	474	0	0	0	0	0	0	0	0	0	4370	0	0	0	236	0	766	0	8710	0	3432	0	1200	0	2082	0	2388	0	698	0	2726	0	4396	0	6218	0	16178	0	434	0	0	0	144	0	5408	0	1966	100	1558	0	936	0	0	0	516	0	0	0	134	0	2032	0	11100	0	4232	0	29204	0	1454	0	0	0	1010	0	124	0	0	0	92	0	202	0	0	0	126	0	0	0	0	0	0	0	0	0	0	0	0	
440668	Cerebelum_Crus1_L	378	0	0	0	0	0	0	0	0	0	0	0	0	0	0	0	624	0	0	0	0	0	0	0	0	0	0	0	538	0	0	0	0	0	0	0	700	0	226	0	0	0	450	0	0	0	5960	1134	522	0	1550	0	1970	100	24570	420	606	0	448	0	898	0	2346	0	1370	0	378	0	120	0	0	0	0	0	0	0	94	0	1598	0	1706	0	0	0	7774	0	0	0	13330	0	0	384	27084	156	2170	0	21960	214	53074	862	12792	0	16798	174	2592	0	398	0	0	282	4740	3144	2584	396	516	204	
331256	Cerebelum_Crus1_R	0	0	0	0	0	0	0	0	0	0	0	0	0	0	0	0	0	0	0	0	0	0	0	0	0	0	0	0	0	0	0	0	0	0	0	0	0	0	0	364	0	0	0	1098	0	156	346	4052	0	800	0	520	0	2788	0	12604	0	0	0	0	0	0	0	0	0	0	0	0	0	0	0	0	0	0	0	0	0	0	0	0	0	0	0	0	0	0	0	0	0	1010	384	0	288	21198	92	3356	946	19338	534	47158	0	3960	0	20968	0	582	0	106	270	3288	6340	5100	6852	670	364	96	
208316	Cerebelum_Crus2_L	0	0	0	0	0	0	0	0	0	0	0	0	0	0	0	0	0	0	0	0	0	0	0	0	0	0	0	0	0	0	0	0	0	0	0	0	0	0	0	0	0	0	164	0	0	0	860	328	134	0	284	0	0	0	4054	114	0	0	0	0	0	0	0	0	0	0	0	0	0	0	0	0	0	0	0	0	0	0	0	0	0	0	0	0	0	0	0	0	1266	0	27084	288	0	1816	0	0	798	0	7126	182	26006	1542	24002	354	2800	0	584	0	0	0	94	688	2514	1076	0	0	
170772	Cerebelum_Crus2_R	0	0	0	0	0	0	0	0	0	0	0	0	0	0	0	0	0	0	0	0	0	0	0	0	0	0	0	0	0	0	0	0	0	0	0	0	0	0	0	0	0	0	0	96	0	0	0	660	0	0	0	94	0	392	0	964	0	0	0	0	0	0	0	0	0	0	0	0	0	0	0	0	0	0	0	0	0	0	0	0	0	0	0	0	0	0	0	0	0	124	156	21198	1816	0	0	182	0	828	0	6294	1348	13890	1922	25938	0	384	0	0	0	202	352	558	6550	1324	114	0	
26556	Cerebelum_3_L	0	0	0	0	0	0	0	0	0	0	0	0	0	0	0	0	0	0	0	0	0	0	0	0	0	0	0	0	0	0	0	0	0	0	0	0	0	0	170	0	0	0	0	0	0	0	0	0	0	0	0	0	0	0	592	0	0	0	0	0	0	0	0	0	0	0	0	0	0	0	0	0	0	0	0	0	0	0	0	0	0	0	0	0	0	0	0	0	0	0	2170	92	0	0	0	0	4754	0	3080	112	0	0	0	0	218	0	0	0	470	754	866	0	0	0	0	0	
42924	Cerebelum_3_R	0	0	0	0	0	0	0	0	0	0	0	0	0	0	0	0	0	0	0	0	0	0	0	0	0	0	0	0	0	0	0	0	0	0	0	0	0	0	0	108	0	0	0	0	0	0	142	0	0	0	0	0	0	0	0	408	0	0	0	0	0	0	0	0	0	0	0	0	0	0	0	0	0	0	0	0	0	0	0	0	0	0	0	0	0	0	0	0	0	0	0	3356	0	182	0	0	160	5250	0	5906	0	0	0	152	0	128	0	0	618	3666	1202	184	0	0	0	0	
220688	Cerebelum_4_5_L	0	0	0	0	0	0	0	0	0	0	0	0	0	0	0	0	0	0	0	0	0	0	0	0	0	0	0	0	0	0	0	0	0	0	0	0	154	0	290	0	0	0	0	0	0	0	8278	538	0	0	0	0	0	0	13664	0	0	0	0	0	0	0	0	0	0	0	0	0	0	0	0	0	0	0	0	0	0	0	0	0	0	0	0	0	0	0	0	0	336	0	21960	946	798	0	4754	160	0	828	33554	1462	946	0	1124	220	2118	792	108	0	0	806	11320	2840	0	318	798	1232	
176408	Cerebelum_4_5_R	0	0	0	0	0	0	0	0	0	0	0	0	0	0	0	0	0	0	0	0	0	0	0	0	0	0	0	0	0	0	0	0	0	0	0	0	0	858	0	1662	0	142	0	0	0	0	650	3802	0	0	0	0	0	180	0	8312	0	0	0	0	0	0	0	0	0	0	0	0	0	0	0	0	0	0	0	0	0	0	0	0	0	0	0	0	0	0	0	0	0	92	214	19338	0	828	0	5250	828	0	428	28942	0	0	0	1354	0	156	0	112	150	3464	9328	1436	582	0	0	96	
351400	Cerebelum_6_L	0	0	0	0	0	0	0	0	0	0	0	0	0	0	0	0	0	0	0	0	0	0	0	0	0	0	0	0	0	0	0	0	0	0	0	0	272	0	208	0	0	0	162	0	0	0	10602	1880	138	0	506	0	1106	122	30730	578	0	0	0	0	0	0	0	0	0	0	0	0	0	0	0	0	0	0	0	0	0	0	0	0	0	0	0	0	0	0	0	0	1026	0	53074	534	7126	0	3080	0	33554	428	0	1270	3726	0	6836	134	2734	0	380	0	0	424	8110	4266	1340	280	592	482	
325572	Cerebelum_6_R	0	0	0	0	0	0	0	0	0	0	0	0	0	0	0	0	0	0	0	0	0	0	0	0	0	0	0	0	0	0	0	0	0	0	0	0	0	0	0	370	0	0	0	1082	0	418	812	8108	0	798	0	450	0	2378	0	16538	0	0	0	0	0	0	0	0	0	0	0	0	0	0	0	0	0	0	0	0	0	0	0	0	0	0	0	0	0	0	0	0	0	202	862	47158	182	6294	112	5906	1462	28942	1270	0	0	152	0	6844	220	518	0	166	396	4340	10022	9410	5994	702	430	248	
174496	Cerebelum_7b_L	0	0	0	0	0	0	0	0	0	0	0	0	0	0	0	0	0	0	0	0	0	0	0	0	0	0	0	0	0	0	0	0	0	0	0	0	0	0	0	0	0	0	0	0	0	0	0	0	0	0	0	0	0	0	1088	0	0	0	0	0	0	0	0	0	0	0	0	0	0	0	0	0	0	0	0	0	0	0	0	0	0	0	0	0	0	0	0	0	762	0	12792	0	26006	1348	0	0	946	0	3726	0	0	1802	27060	520	5592	0	1094	0	0	0	0	354	2068	2090	0	0	
80632	Cerebelum_7b_R	0	0	0	0	0	0	0	0	0	0	0	0	0	0	0	0	0	0	0	0	0	0	0	0	0	0	0	0	0	0	0	0	0	0	0	0	0	0	0	0	0	0	0	0	0	0	0	0	0	0	0	0	0	0	0	0	0	0	0	0	0	0	0	0	0	0	0	0	0	0	0	0	0	0	0	0	0	0	0	0	0	0	0	0	0	0	0	0	0	0	0	3960	1542	13890	0	0	0	0	0	152	1802	0	2464	11942	0	506	0	0	0	0	0	0	1996	2062	0	0	
227988	Cerebelum_8_L	0	0	0	0	0	0	0	0	0	0	0	0	0	0	0	0	0	0	0	0	0	0	0	0	0	0	0	0	0	0	0	0	0	0	0	0	0	0	0	0	0	0	0	0	0	0	0	0	0	0	0	0	0	0	2786	0	0	0	0	0	0	0	0	0	0	0	0	0	0	0	0	0	0	0	0	0	0	0	0	0	0	0	0	0	0	0	0	0	902	0	16798	0	24002	1922	0	0	1124	0	6836	0	27060	2464	0	2246	14114	324	2974	0	0	0	256	670	3612	4902	1002	0	
183904	Cerebelum_8_R	0	0	0	0	0	0	0	0	0	0	0	0	0	0	0	0	0	0	0	0	0	0	0	0	0	0	0	0	0	0	0	0	0	0	0	0	0	0	0	0	0	0	0	0	0	0	0	0	0	0	0	0	0	0	0	636	0	0	0	0	0	0	0	0	0	0	0	0	0	0	0	0	0	0	0	0	0	0	0	0	0	0	0	0	0	0	0	0	0	126	174	20968	354	25938	0	152	220	1354	134	6844	520	11942	2246	0	778	8998	0	140	0	242	938	526	3700	3648	1218	156	
88120	Cerebelum_9_L	0	0	0	0	0	0	0	0	0	0	0	0	0	0	0	0	0	0	0	0	0	0	0	0	0	0	0	0	0	0	0	0	0	0	0	0	0	0	96	0	0	0	0	0	0	0	0	192	0	0	0	0	0	0	0	0	0	0	0	0	0	0	0	0	0	0	0	0	0	0	0	0	0	0	0	0	0	0	0	0	0	0	0	0	0	0	0	0	0	0	2592	0	2800	0	218	0	2118	0	2734	220	5592	0	14114	778	0	580	4392	0	0	0	1242	1318	864	1462	1500	1248	
48600	Cerebelum_9_R	0	0	0	0	0	0	0	0	0	0	0	0	0	0	0	0	0	0	0	0	0	0	0	0	0	0	0	0	0	0	0	0	0	0	0	0	0	0	0	0	0	0	0	0	0	0	0	0	0	0	0	0	0	0	0	0	0	0	0	0	0	0	0	0	0	0	0	0	0	0	0	0	0	0	0	0	0	0	0	0	0	0	0	0	0	0	0	0	0	0	0	582	0	384	0	128	792	156	0	518	0	506	324	8998	580	0	0	480	198	0	1988	2122	406	1594	2882	1662	
19860	Cerebelum_10_L	0	0	0	0	0	0	0	0	0	0	0	0	0	0	0	0	0	0	0	0	0	0	0	0	0	0	0	0	0	0	0	0	0	0	0	0	0	0	0	0	0	0	0	0	0	0	0	0	0	0	0	0	0	0	0	0	0	0	0	0	0	0	0	0	0	0	0	0	0	0	0	0	0	0	0	0	0	0	0	0	0	0	0	0	0	0	0	0	0	0	398	0	584	0	0	0	108	0	380	0	1094	0	2974	0	4392	0	0	0	0	0	0	0	0	0	0	0	
2692	Cerebelum_10_R	0	0	0	0	0	0	0	0	0	0	0	0	0	0	0	0	0	0	0	0	0	0	0	0	0	0	0	0	0	0	0	0	0	0	0	0	0	0	0	0	0	0	0	0	0	0	0	0	0	0	0	0	0	0	0	0	0	0	0	0	0	0	0	0	0	0	0	0	0	0	0	0	0	0	0	0	0	0	0	0	0	0	0	0	0	0	0	0	0	0	0	106	0	0	0	0	0	112	0	166	0	0	0	140	0	480	0	0	0	0	114	114	0	0	114	0	
12216	Vermis_1_2	0	0	0	0	0	0	0	0	0	0	0	0	0	0	0	0	0	0	0	0	0	0	0	0	0	0	0	0	0	0	0	0	0	0	0	0	0	0	0	0	0	0	0	0	0	0	0	0	0	0	0	0	0	0	0	0	0	0	0	0	0	0	0	0	0	0	0	0	0	0	0	0	0	0	0	0	0	0	0	0	0	0	0	0	0	0	0	0	0	0	0	270	0	0	470	618	0	150	0	396	0	0	0	0	0	198	0	0	0	3726	280	0	0	0	0	0	
50692	Vermis_3	0	0	0	0	0	0	0	0	0	0	0	0	0	0	0	0	0	0	0	0	0	0	0	0	0	0	0	0	0	0	0	0	0	0	0	0	134	124	104	0	0	0	0	0	0	0	116	100	0	0	0	0	0	0	0	578	0	0	0	0	0	0	0	0	0	0	0	0	0	0	0	0	0	0	0	0	0	0	0	0	0	0	0	0	0	0	0	0	0	0	282	3288	0	202	754	3666	806	3464	424	4340	0	0	0	242	0	0	0	0	3726	0	2852	144	0	0	0	0	
170680	Vermis_4_5	0	0	0	0	0	0	0	0	0	0	0	0	0	0	0	0	0	0	0	0	0	0	0	0	0	0	0	0	0	0	0	0	0	0	0	136	0	178	0	0	0	0	0	0	0	0	3424	4084	0	0	0	0	0	184	1506	2828	0	0	0	0	0	0	0	0	0	0	0	220	0	0	0	0	0	0	0	0	0	0	0	0	0	0	0	0	0	0	0	0	0	0	4740	6340	94	352	866	1202	11320	9328	8110	10022	0	0	256	938	1242	1988	0	114	280	2852	0	7358	402	800	1840	2336	
136132	Vermis_6	0	0	0	0	0	0	0	0	0	0	0	0	0	0	0	0	0	0	0	0	0	0	0	0	0	0	0	0	0	0	0	0	0	0	0	0	0	0	0	0	0	0	0	250	0	0	1756	6910	0	154	0	182	0	1730	120	4084	0	0	0	0	0	0	0	0	0	0	0	0	0	0	0	0	0	0	0	0	0	0	0	0	0	0	0	0	0	0	0	0	0	0	3144	5100	688	558	0	184	2840	1436	4266	9410	354	0	670	526	1318	2122	0	114	0	144	7358	0	5802	1686	2584	2576	
111216	Vermis_7	0	0	0	0	0	0	0	0	0	0	0	0	0	0	0	0	0	0	0	0	0	0	0	0	0	0	0	0	0	0	0	0	0	0	0	0	0	0	0	0	0	0	0	162	0	0	298	2858	0	0	0	116	0	752	0	1660	0	0	0	0	0	0	0	0	0	0	0	0	0	0	0	0	0	0	0	0	0	0	0	0	0	0	0	0	0	0	0	0	0	0	2584	6852	2514	6550	0	0	0	582	1340	5994	2068	1996	3612	3700	864	406	0	0	0	0	402	5802	0	3238	1092	166	
60064	Vermis_8	0	0	0	0	0	0	0	0	0	0	0	0	0	0	0	0	0	0	0	0	0	0	0	0	0	0	0	0	0	0	0	0	0	0	0	0	0	0	0	0	0	0	0	0	0	0	0	0	0	0	0	0	0	0	0	0	0	0	0	0	0	0	0	0	0	0	0	0	0	0	0	0	0	0	0	0	0	0	0	0	0	0	0	0	0	0	0	0	0	0	396	670	1076	1324	0	0	318	0	280	702	2090	2062	4902	3648	1462	1594	0	0	0	0	800	1686	3238	0	3250	534	
