data	data	475064	526212	998108	871624	110512	88056	586080	251528	73368	26392	220872	203188	251780	172192	115560	116992	179792	115608	848516	742592	84984	89760	297104	301756	31188	80828	70584	76264	625016	420520	251480	438892	162516	484912	125404	152960	225960	339720	81640	222596	36324	55932	300832	266808	200196	294628	228096	295456	221848	231340	402744	207176	163704	99136	458612	488852	210380	257520	104360	51320	176352	123164	112264	98788	143092	131036	278616	405184	227884	201664	351212	409848	271232	270100	32424	15332	143500	176532	69352	23084	182708	139980	81536	69004	322580	184828	37716	29420	338076	171184	570724	477140	397708	386412	63900	62412	376008	226620	560732	504584	183704	119468	299196	347824	151192	135784	16560	21012	42316	130056	369872	272636	266728	199372	105384	55396	
data	data	Precentral_L	Precentral_R	Frontal_Sup_L	Frontal_Sup_R	Frontal_Sup_Orb_L	Frontal_Sup_Orb_R	Frontal_Mid_L	Frontal_Mid_R	Frontal_Mid_Orb_L	Frontal_Mid_Orb_R	Frontal_Inf_Oper_L	Frontal_Inf_Oper_R	Frontal_Inf_Tri_L	Frontal_Inf_Tri_R	Frontal_Inf_Orb_L	Frontal_Inf_Orb_R	Rolandic_Oper_L	Rolandic_Oper_R	Supp_Motor_Area_L	Supp_Motor_Area_R	Olfactory_L	Olfactory_R	Frontal_Sup_Medial_L	Frontal_Sup_Medial_R	Frontal_Med_Orb_L	Frontal_Med_Orb_R	Rectus_L	Rectus_R	Insula_L	Insula_R	Cingulum_Ant_L	Cingulum_Ant_R	Cingulum_Mid_L	Cingulum_Mid_R	Cingulum_Post_L	Cingulum_Post_R	Hippocampus_L	Hippocampus_R	ParaHippocampal_L	ParaHippocampal_R	Amygdala_L	Amygdala_R	Calcarine_L	Calcarine_R	Cuneus_L	Cuneus_R	Lingual_L	Lingual_R	Occipital_Sup_L	Occipital_Sup_R	Occipital_Mid_L	Occipital_Mid_R	Occipital_Inf_L	Occipital_Inf_R	Fusiform_L	Fusiform_R	Postcentral_L	Postcentral_R	Parietal_Sup_L	Parietal_Sup_R	Parietal_Inf_L	Parietal_Inf_R	SupraMarginal_L	SupraMarginal_R	Angular_L	Angular_R	Precuneus_L	Precuneus_R	Paracentral_Lobule_L	Paracentral_Lobule_R	Caudate_L	Caudate_R	Putamen_L	Putamen_R	Pallidum_L	Pallidum_R	Thalamus_L	Thalamus_R	Heschl_L	Heschl_R	Temporal_Sup_L	Temporal_Sup_R	Temporal_Pole_Sup_L	Temporal_Pole_Sup_R	Temporal_Mid_L	Temporal_Mid_R	Temporal_Pole_Mid_L	Temporal_Pole_Mid_R	Temporal_Inf_L	Temporal_Inf_R	Cerebelum_Crus1_L	Cerebelum_Crus1_R	Cerebelum_Crus2_L	Cerebelum_Crus2_R	Cerebelum_3_L	Cerebelum_3_R	Cerebelum_4_5_L	Cerebelum_4_5_R	Cerebelum_6_L	Cerebelum_6_R	Cerebelum_7b_L	Cerebelum_7b_R	Cerebelum_8_L	Cerebelum_8_R	Cerebelum_9_L	Cerebelum_9_R	Cerebelum_10_L	Cerebelum_10_R	Vermis_1_2	Vermis_3	Vermis_4_5	Vermis_6	Vermis_7	Vermis_8	Vermis_9	Vermis_10	
475064	Precentral_L	0	11754	18384	8314	0	0	32780	2346	0	0	14580	0	3458	0	0	0	11524	0	10156	8968	0	0	0	0	0	0	0	0	12904	132	176	210	492	2096	2766	1450	3350	900	0	482	0	0	240	0	638	0	0	0	514	0	3228	0	2644	0	3704	944	26778	0	512	0	3208	0	1564	0	634	0	682	292	17320	534	5412	182	3070	116	1316	0	4720	132	3528	0	3886	0	0	0	1968	0	0	0	1720	0	706	0	0	0	0	0	0	0	0	118	0	0	0	0	0	0	0	0	0	0	0	0	0	0	0	0	
526212	Precentral_R	11754	0	11802	37838	0	0	7886	24108	0	0	696	7758	404	800	0	216	638	2724	12690	15024	0	0	0	0	0	0	0	0	2448	4056	644	168	610	2836	2870	4280	0	6928	0	2234	0	0	200	1316	0	2374	0	0	382	1666	700	1636	0	244	0	6664	640	16728	388	200	344	426	106	680	180	352	296	7524	7710	6628	9016	9066	1528	4142	0	394	1122	13790	0	366	0	1220	0	384	0	1008	0	0	0	1900	0	0	0	0	0	0	0	0	0	374	0	0	0	0	0	0	0	0	0	0	0	0	0	0	0	0	
998108	Frontal_Sup_L	18384	11802	0	14204	5150	0	78104	5990	3826	0	15140	600	18528	598	4958	1482	11148	0	102354	15426	242	0	37676	3924	1542	0	0	0	43300	1106	16072	3956	4540	2728	290	322	4270	1036	212	402	142	0	0	0	0	0	0	0	0	0	0	0	116	0	446	500	5400	0	0	0	212	0	0	0	0	0	0	0	2102	0	17010	1242	24026	998	2728	218	8472	916	1406	0	2308	0	920	0	130	0	0	0	450	0	0	0	0	0	0	0	0	0	0	0	0	0	0	0	0	0	0	0	0	0	0	0	0	0	0	0	
871624	Frontal_Sup_R	8314	37838	14204	0	0	4526	7316	25640	0	898	144	7254	1636	8222	0	6078	196	2208	31002	68676	0	262	9644	31862	0	2724	0	184	2544	19868	5316	36712	1648	25478	0	0	0	5690	0	1318	0	0	0	0	0	0	0	0	0	146	0	228	0	0	0	1836	1118	412	0	0	0	0	0	162	0	0	0	456	5216	0	2402	23536	200	12252	0	1046	844	16660	0	0	0	710	0	664	0	142	0	0	0	268	0	0	0	0	0	0	0	0	0	112	0	0	0	0	0	0	0	0	0	0	0	0	0	0	0	0	
110512	Frontal_Sup_Orb_L	0	0	5150	0	0	0	752	0	9730	0	0	0	268	0	9398	0	0	0	246	0	2044	458	2516	0	4392	0	5748	186	4570	0	1660	238	0	0	0	0	0	0	0	0	410	0	0	0	0	0	0	0	0	0	0	0	0	0	0	0	0	0	0	0	0	0	0	0	0	0	0	0	0	0	604	130	6204	0	0	0	0	0	0	0	0	0	552	0	0	0	0	0	0	0	0	0	0	0	0	0	0	0	0	0	0	0	0	0	0	0	0	0	0	0	0	0	0	0	0	0	
88056	Frontal_Sup_Orb_R	0	0	0	4526	0	0	0	994	0	2824	0	298	0	638	0	2870	0	0	0	0	880	1878	0	1848	0	6278	750	8252	0	2332	308	1192	0	0	0	0	0	0	0	0	0	0	0	0	0	0	0	0	0	0	0	0	0	0	0	0	0	0	0	0	0	0	0	0	0	0	0	0	0	0	892	3956	0	3312	0	0	0	0	0	0	0	0	0	0	0	0	0	0	0	0	0	0	0	0	0	0	0	0	0	0	0	0	0	0	0	0	0	0	0	0	0	0	0	0	0	0	
586080	Frontal_Mid_L	32780	7886	78104	7316	752	0	0	4378	1700	0	8992	412	31410	316	2614	254	4932	0	21880	4954	0	0	14484	1032	0	0	0	0	25844	562	3632	740	3232	310	444	430	3824	946	120	366	0	0	0	0	0	0	0	0	0	0	0	0	222	0	432	404	1520	0	0	0	532	0	0	0	0	0	0	0	0	0	9536	624	5574	348	1092	0	4006	678	2110	0	1150	0	0	0	0	0	0	0	166	0	0	0	0	0	0	0	0	0	0	0	0	0	0	0	0	0	0	0	0	0	0	0	0	0	0	0	
251528	Frontal_Mid_R	2346	24108	5990	25640	0	994	4378	0	0	1278	518	8616	240	7780	0	2670	460	818	7284	5046	0	0	362	1506	0	0	0	0	1676	6510	504	832	0	2184	0	0	0	884	0	146	0	0	0	0	0	0	0	0	0	0	0	0	0	0	0	112	0	366	0	0	108	0	0	0	0	0	0	0	0	0	5758	1146	878	3148	0	238	164	682	0	0	0	136	0	258	0	0	0	0	0	0	0	0	0	0	0	0	0	0	0	0	0	0	0	0	0	0	0	0	0	0	0	0	0	0	0	0	
73368	Frontal_Mid_Orb_L	0	0	3826	0	9730	0	1700	0	0	0	0	0	1292	0	11348	0	0	0	0	0	322	0	0	0	126	0	1952	0	4176	0	0	0	0	0	0	0	0	0	0	0	0	0	0	0	0	0	0	0	0	0	0	0	0	0	0	0	0	0	0	0	0	0	0	0	0	0	0	0	0	0	0	0	1824	0	0	0	0	0	0	0	0	0	388	0	0	0	0	0	0	0	0	0	0	0	0	0	0	0	0	0	0	0	0	0	0	0	0	0	0	0	0	0	0	0	0	0	
26392	Frontal_Mid_Orb_R	0	0	0	898	0	2824	0	1278	0	0	0	0	0	350	0	5592	0	0	0	0	0	124	0	0	0	0	0	258	0	1308	0	0	0	0	0	0	0	0	0	0	0	0	0	0	0	0	0	0	0	0	0	0	0	0	0	0	0	0	0	0	0	0	0	0	0	0	0	0	0	0	0	0	0	564	0	0	0	0	0	0	0	0	0	0	0	0	0	0	0	0	0	0	0	0	0	0	0	0	0	0	0	0	0	0	0	0	0	0	0	0	0	0	0	0	0	0	
220872	Frontal_Inf_Oper_L	14580	696	15140	144	0	0	8992	518	0	0	0	284	12980	260	408	104	11460	0	12468	210	0	0	0	0	0	0	0	0	21468	320	0	0	0	0	0	0	132	0	0	0	0	0	0	0	0	0	0	0	0	0	0	0	0	0	146	0	3196	0	0	0	0	0	0	0	0	0	0	0	0	0	1916	124	382	0	0	0	0	0	1608	0	2116	0	636	0	0	0	0	0	148	0	0	0	0	0	0	0	0	0	0	0	0	0	0	0	0	0	0	0	0	0	0	0	0	0	0	0	
203188	Frontal_Inf_Oper_R	0	7758	600	7254	0	298	412	8616	0	0	284	0	0	10782	298	1144	0	6016	718	3956	0	0	260	2676	0	512	0	134	1316	18412	972	4320	0	676	0	0	0	972	0	230	0	0	0	0	0	0	0	0	0	0	0	0	0	0	0	210	0	1636	0	0	0	0	0	0	0	0	0	0	0	0	2664	9676	562	5198	0	104	0	922	0	0	0	894	0	1112	0	0	0	0	0	0	0	0	0	0	0	0	0	0	0	0	0	0	0	0	0	0	0	0	0	0	0	0	0	0	0	0	
251780	Frontal_Inf_Tri_L	3458	404	18528	1636	268	0	31410	240	1292	0	12980	0	0	116	5346	690	320	0	7854	1272	0	0	616	0	0	0	0	0	33680	142	2644	144	324	0	0	0	0	0	0	0	0	0	0	0	0	0	0	0	0	0	0	0	0	0	0	0	0	0	0	0	0	0	0	0	0	0	0	0	0	0	1262	0	744	0	0	0	0	0	0	0	112	0	408	0	0	0	0	0	0	0	0	0	0	0	0	0	0	0	0	0	0	0	0	0	0	0	0	0	0	0	0	0	0	0	0	0	
172192	Frontal_Inf_Tri_R	0	800	598	8222	0	638	316	7780	0	350	260	10782	116	0	118	4556	0	714	1978	3900	0	0	756	2894	0	0	0	0	964	21186	688	5618	0	3006	0	0	0	142	0	0	0	0	0	0	0	0	0	0	0	0	0	0	0	0	0	0	0	0	0	0	0	0	0	0	0	0	0	0	0	0	1932	5476	302	1846	0	0	0	0	0	0	0	0	0	158	0	0	0	0	0	0	0	0	0	0	0	0	0	0	0	0	0	0	0	0	0	0	0	0	0	0	0	0	0	0	0	0	
115560	Frontal_Inf_Orb_L	0	0	4958	0	9398	0	2614	0	11348	0	408	298	5346	118	0	0	0	106	800	0	2100	232	0	0	388	0	1268	0	10236	120	0	0	0	0	0	0	172	0	166	0	338	0	0	0	0	0	0	0	0	0	0	0	0	0	0	0	0	0	0	0	0	0	0	0	0	0	0	0	0	0	1164	120	4134	0	0	0	0	0	0	0	344	0	1604	0	0	0	0	0	0	0	0	0	0	0	0	0	0	0	0	0	0	0	0	0	0	0	0	0	0	0	0	0	0	0	0	0	
116992	Frontal_Inf_Orb_R	0	216	1482	6078	0	2870	254	2670	0	5592	104	1144	690	4556	0	0	0	226	1710	2018	0	806	0	670	0	0	0	1488	1126	7836	512	1940	0	198	0	0	0	354	0	146	0	0	0	0	0	0	0	0	0	0	0	0	0	0	0	174	0	0	0	0	0	0	0	0	0	0	0	0	0	0	3930	6286	2016	1404	0	0	0	0	0	0	0	0	0	0	0	0	0	0	0	0	0	0	0	0	0	0	0	0	0	0	0	0	0	0	0	0	0	0	0	0	0	0	0	0	0	0	
179792	Rolandic_Oper_L	11524	638	11148	196	0	0	4932	460	0	0	11460	0	320	0	0	0	0	0	7366	0	0	0	0	0	0	0	0	0	16332	0	0	0	0	0	0	0	228	0	0	0	0	0	0	0	0	0	0	0	0	0	220	0	1116	0	1934	0	8962	0	0	0	0	0	328	0	0	0	0	0	0	0	1618	0	154	0	0	0	334	0	3800	0	4200	0	500	0	588	0	0	0	1006	0	532	0	0	0	0	0	0	0	0	0	0	0	0	0	0	0	0	0	0	0	0	0	0	0	0	0	
115608	Rolandic_Oper_R	0	2724	0	2208	0	0	0	818	0	0	0	6016	0	714	106	226	0	0	260	2008	0	0	0	176	0	0	0	0	162	9298	292	1390	0	0	0	0	0	1220	0	296	0	0	0	0	0	0	0	0	0	0	0	0	0	0	0	288	0	3432	0	0	0	0	0	1208	0	0	0	0	0	0	772	9322	420	5714	0	398	0	720	0	634	0	4130	0	2852	0	0	0	0	0	0	0	0	0	0	0	0	0	0	0	0	0	0	0	0	0	0	0	0	0	0	0	0	0	0	0	0	
848516	Supp_Motor_Area_L	10156	12690	102354	31002	246	0	21880	7284	0	0	12468	718	7854	1978	800	1710	7366	260	0	50578	0	0	7664	5044	0	0	0	0	27144	3552	6558	9084	9448	24398	212	236	3048	792	0	292	0	0	0	0	0	0	0	0	0	0	0	0	0	0	144	680	2044	0	0	0	0	0	0	0	0	0	0	0	4830	574	14026	2034	17972	1466	3046	224	6618	520	436	0	1890	0	636	0	0	0	0	0	302	0	0	0	0	0	0	0	0	0	0	0	0	0	0	0	0	0	0	0	0	0	0	0	0	0	0	0	
742592	Supp_Motor_Area_R	8968	15024	15426	68676	0	0	4954	5046	0	0	210	3956	1272	3900	0	2018	0	2008	50578	0	0	0	2678	8580	0	0	0	0	1610	9008	2964	16652	7878	54320	3748	6520	0	2400	0	836	0	0	104	760	0	2218	0	0	392	1472	822	746	0	0	0	1632	1012	822	390	0	272	284	122	0	210	288	320	6026	13466	13034	1080	14586	0	5008	0	954	156	3420	0	0	0	536	0	552	148	424	0	0	144	532	0	0	0	0	0	0	0	0	0	134	0	0	0	0	0	0	0	0	0	0	0	0	0	0	0	0	
84984	Olfactory_L	0	0	242	0	2044	880	0	0	322	0	0	0	0	0	2100	0	0	0	0	0	0	6862	0	0	246	416	5734	1958	3222	0	2492	1842	0	0	0	0	242	0	528	0	710	0	0	0	0	0	0	0	0	0	0	0	0	0	0	0	0	0	0	0	0	0	0	0	0	0	0	0	0	0	7592	2864	836	0	0	0	0	0	0	0	336	0	1024	0	0	0	0	0	0	0	0	0	0	0	0	0	0	0	0	0	0	0	0	0	0	0	0	0	0	0	0	0	0	0	0	0	
89760	Olfactory_R	0	0	0	262	458	1878	0	0	0	124	0	0	0	0	232	806	0	0	0	0	6862	0	0	0	0	1086	4424	4846	0	2640	2386	3314	0	0	0	0	0	0	0	0	0	820	0	0	0	0	0	0	0	0	0	0	0	0	0	0	0	0	0	0	0	0	0	0	0	0	0	0	0	0	8078	4820	1144	700	0	0	0	0	0	0	0	0	0	0	0	0	0	0	0	0	0	0	0	0	0	0	0	0	0	0	0	0	0	0	0	0	0	0	0	0	0	0	0	0	0	0	
297104	Frontal_Sup_Medial_L	0	0	37676	9644	2516	0	14484	362	0	0	0	260	616	756	0	0	0	0	7664	2678	0	0	0	19164	2078	718	194	0	752	944	17510	14750	3472	10216	0	0	0	0	0	0	0	0	0	0	0	0	0	0	0	0	0	0	0	0	0	0	0	0	0	0	0	0	0	0	0	0	0	0	0	0	204	362	1352	180	0	0	0	0	0	0	0	0	0	0	0	0	0	0	0	0	0	0	0	0	0	0	0	0	0	0	0	0	0	0	0	0	0	0	0	0	0	0	0	0	0	0	
301756	Frontal_Sup_Medial_R	0	0	3924	31862	0	1848	1032	1506	0	0	0	2676	0	2894	0	670	0	176	5044	8580	0	0	19164	0	0	5528	0	222	138	5810	5532	26780	152	15842	0	0	0	0	0	0	0	0	0	0	0	0	0	0	0	0	0	0	0	0	0	0	0	0	0	0	0	0	0	0	0	0	0	0	0	0	222	6256	0	5020	0	0	0	0	0	0	0	0	0	0	0	0	0	0	0	0	0	0	0	0	0	0	0	0	0	0	0	0	0	0	0	0	0	0	0	0	0	0	0	0	0	0	
31188	Frontal_Med_Orb_L	0	0	1542	0	4392	0	0	0	126	0	0	0	0	0	388	0	0	0	0	0	246	0	2078	0	0	700	1742	0	0	0	2108	0	0	0	0	0	0	0	0	0	0	0	0	0	0	0	0	0	0	0	0	0	0	0	0	0	0	0	0	0	0	0	0	0	0	0	0	0	0	0	424	0	1848	0	0	0	0	0	0	0	0	0	0	0	0	0	0	0	0	0	0	0	0	0	0	0	0	0	0	0	0	0	0	0	0	0	0	0	0	0	0	0	0	0	0	0	
80828	Frontal_Med_Orb_R	0	0	0	2724	0	6278	0	0	0	0	0	512	0	0	0	0	0	0	0	0	416	1086	718	5528	700	0	392	6872	0	590	1586	5722	0	0	0	0	0	0	0	0	0	0	0	0	0	0	0	0	0	0	0	0	0	0	0	0	0	0	0	0	0	0	0	0	0	0	0	0	0	0	358	4352	0	2580	0	0	0	0	0	0	0	0	0	0	0	0	0	0	0	0	0	0	0	0	0	0	0	0	0	0	0	0	0	0	0	0	0	0	0	0	0	0	0	0	0	0	
70584	Rectus_L	0	0	0	0	5748	750	0	0	1952	0	0	0	0	0	1268	0	0	0	0	0	5734	4424	194	0	1742	392	0	1692	220	0	2878	1426	0	0	0	0	0	0	0	0	126	0	0	0	0	0	0	0	0	0	0	0	0	0	0	0	0	0	0	0	0	0	0	0	0	0	0	0	0	0	4986	1434	326	0	0	0	0	0	0	0	0	0	0	0	0	0	0	0	0	0	0	0	0	0	0	0	0	0	0	0	0	0	0	0	0	0	0	0	0	0	0	0	0	0	0	0	
76264	Rectus_R	0	0	0	184	186	8252	0	0	0	258	0	134	0	0	0	1488	0	0	0	0	1958	4846	0	222	0	6872	1692	0	0	1836	758	3798	0	0	0	0	0	0	0	0	0	202	0	0	0	0	0	0	0	0	0	0	0	0	0	0	0	0	0	0	0	0	0	0	0	0	0	0	0	0	1688	2876	146	736	0	0	0	0	0	0	0	0	0	0	0	0	0	0	0	0	0	0	0	0	0	0	0	0	0	0	0	0	0	0	0	0	0	0	0	0	0	0	0	0	0	0	
625016	Insula_L	12904	2448	43300	2544	4570	0	25844	1676	4176	0	21468	1316	33680	964	10236	1126	16332	162	27144	1610	3222	0	752	138	0	0	220	0	0	1240	5612	266	296	0	354	200	11264	166	1448	0	2876	0	250	0	0	0	0	0	0	0	920	0	2120	0	6704	0	2588	0	0	0	282	0	0	0	166	0	178	0	0	0	10166	826	15162	106	0	0	1690	0	7158	0	8982	0	6266	0	2916	0	0	0	6134	0	340	0	0	0	0	0	0	0	0	0	0	0	0	0	0	0	0	0	0	0	0	0	0	0	0	0	
420520	Insula_R	132	4056	1106	19868	0	2332	562	6510	0	1308	320	18412	142	21186	120	7836	0	9298	3552	9008	0	2640	944	5810	0	590	0	1836	1240	0	1484	9974	0	4762	0	172	0	8624	0	2952	0	1840	0	0	0	0	0	122	0	0	0	0	0	0	0	4178	0	1266	0	0	0	0	0	182	0	0	0	164	0	0	3046	14622	536	23302	0	128	400	2374	0	1258	0	5560	0	2166	0	966	0	0	0	1244	0	0	0	0	0	0	0	0	0	130	0	0	0	0	0	0	0	0	0	0	0	0	0	0	0	0	
251480	Cingulum_Ant_L	176	644	16072	5316	1660	308	3632	504	0	0	0	972	2644	688	0	512	0	292	6558	2964	2492	2386	17510	5532	2108	1586	2878	758	5612	1484	0	15638	3374	2512	0	0	0	0	0	0	0	0	0	0	0	0	0	0	0	0	0	0	0	0	0	0	0	0	0	0	0	0	0	0	0	0	0	0	0	0	8062	3718	6058	1090	0	0	0	0	0	0	0	0	0	0	0	0	0	0	0	0	0	0	0	0	0	0	0	0	0	0	0	0	0	0	0	0	0	0	0	0	0	0	0	0	0	0	
438892	Cingulum_Ant_R	210	168	3956	36712	238	1192	740	832	0	0	0	4320	144	5618	0	1940	0	1390	9084	16652	1842	3314	14750	26780	0	5722	1426	3798	266	9974	15638	0	1912	20866	0	0	0	0	0	0	0	0	0	0	0	0	0	0	0	0	0	0	0	0	0	0	0	0	0	0	0	0	0	0	0	0	0	0	0	0	2308	16166	328	10150	0	0	0	108	0	0	0	484	0	418	0	0	0	0	0	0	0	0	0	0	0	0	0	0	0	0	0	0	0	0	0	0	0	0	0	0	0	0	0	0	0	0	
162516	Cingulum_Mid_L	492	610	4540	1648	0	0	3232	0	0	0	0	0	324	0	0	0	0	0	9448	7878	0	0	3472	152	0	0	0	0	296	0	3374	1912	0	12190	1464	1710	0	0	0	0	0	0	1278	0	1052	428	0	0	4656	272	5432	0	192	0	0	0	0	162	210	0	0	0	0	0	304	0	4580	1698	4360	2466	0	0	0	0	0	0	0	0	0	0	0	0	0	0	856	0	0	0	570	0	0	0	0	0	0	0	0	0	0	0	0	0	0	0	0	0	0	0	0	0	0	0	0	0	0	0	
484912	Cingulum_Mid_R	2096	2836	2728	25478	0	0	310	2184	0	0	0	676	0	3006	0	198	0	0	24398	54320	0	0	10216	15842	0	0	0	0	0	4762	2512	20866	12190	0	848	4836	0	0	0	0	0	0	0	1358	148	5256	0	156	0	3374	0	1244	0	0	0	122	152	906	0	0	0	566	0	0	0	572	1518	10844	8796	14684	0	636	0	676	0	0	0	0	0	0	0	0	0	0	0	748	0	0	0	398	0	0	0	0	0	0	0	0	0	0	0	0	0	0	0	0	0	0	0	0	0	0	0	0	0	0	
125404	Cingulum_Post_L	2766	2870	290	0	0	0	444	0	0	0	0	0	0	0	0	0	0	0	212	3748	0	0	0	0	0	0	0	0	354	0	0	0	1464	848	0	8706	4798	3036	1980	1576	0	0	2170	0	576	0	1268	210	1070	0	1808	0	902	0	1860	2170	676	0	1104	0	702	0	226	0	222	0	4660	1000	4978	472	0	0	258	0	0	0	1380	244	0	0	0	138	0	0	224	0	0	0	480	0	398	0	0	0	0	0	0	158	0	144	0	0	0	0	0	0	0	0	0	0	112	0	0	0	0	0	
152960	Cingulum_Post_R	1450	4280	322	0	0	0	430	0	0	0	0	0	0	0	0	0	0	0	236	6520	0	0	0	0	0	0	0	0	200	172	0	0	1710	4836	8706	0	3338	5922	998	2750	0	0	0	1622	360	942	0	1876	142	0	202	0	0	146	378	6428	394	530	280	0	212	0	0	0	0	0	1002	9836	804	4274	0	0	326	0	0	0	2106	670	0	0	0	398	0	0	0	0	0	0	410	354	0	0	0	0	0	0	0	210	0	216	0	0	0	0	0	0	0	0	0	0	492	0	0	0	0	0	
225960	Hippocampus_L	3350	0	4270	0	0	0	3824	0	0	0	132	0	0	0	172	0	228	0	3048	0	242	0	0	0	0	0	0	0	11264	0	0	0	0	0	4798	3338	0	2188	12480	1004	6458	0	1408	0	0	0	2898	392	0	0	0	0	0	0	14518	422	592	0	0	0	0	0	0	0	0	0	2648	482	0	0	550	0	4998	0	450	0	6050	370	2508	0	2664	0	1636	0	730	0	0	0	11364	0	482	0	338	0	0	0	112	172	288	0	0	0	0	0	0	0	0	0	0	0	112	0	0	0	0	0	
339720	Hippocampus_R	900	6928	1036	5690	0	0	946	884	0	0	0	972	0	142	0	354	0	1220	792	2400	0	0	0	0	0	0	0	0	166	8624	0	0	0	0	3036	5922	2188	0	854	31116	0	9214	0	270	0	0	0	3500	0	0	0	0	0	0	222	36034	180	1642	0	0	0	0	0	220	0	0	0	3860	318	0	324	1460	160	9512	0	384	2946	9528	0	954	0	4556	0	602	0	1876	0	0	228	2196	0	678	0	222	0	0	0	1490	0	2230	0	0	0	222	0	0	0	0	0	0	662	0	0	0	0	0	
81640	ParaHippocampal_L	0	0	212	0	0	0	120	0	0	0	0	0	0	0	166	0	0	0	0	0	528	0	0	0	0	0	0	0	1448	0	0	0	0	0	1980	998	12480	854	0	540	1984	0	1330	0	0	0	3206	310	0	0	0	0	0	0	5008	264	0	0	0	0	0	0	0	0	0	0	2316	428	0	0	104	0	558	0	0	0	1434	0	0	0	248	0	1208	0	0	0	370	0	1024	0	0	0	0	0	320	0	912	0	470	0	0	0	0	0	0	0	0	0	0	0	0	0	0	0	0	0	
222596	ParaHippocampal_R	482	2234	402	1318	0	0	366	146	0	0	0	230	0	0	0	146	0	296	292	836	0	0	0	0	0	0	0	0	0	2952	0	0	0	0	1576	2750	1004	31116	540	0	0	6276	0	552	0	0	0	4238	0	0	0	0	0	0	0	26100	0	516	0	0	0	0	0	0	0	0	0	2810	198	0	0	414	0	2912	0	218	704	3500	0	720	0	2924	0	2238	0	798	0	1134	0	700	0	648	0	244	0	464	0	2832	0	2904	0	0	0	140	0	0	0	0	0	0	428	0	0	0	0	0	
36324	Amygdala_L	0	0	142	0	410	0	0	0	0	0	0	0	0	0	338	0	0	0	0	0	710	0	0	0	0	0	126	0	2876	0	0	0	0	0	0	0	6458	0	1984	0	0	0	0	0	0	0	0	0	0	0	0	0	0	0	2654	0	0	0	0	0	0	0	0	0	0	0	0	0	0	0	0	0	240	0	0	0	0	0	0	0	306	0	818	0	0	0	0	0	1100	0	0	0	0	0	0	0	0	0	0	0	0	0	0	0	0	0	0	0	0	0	0	0	0	0	0	0	
55932	Amygdala_R	0	0	0	0	0	0	0	0	0	0	0	0	0	0	0	0	0	0	0	0	0	820	0	0	0	0	0	202	0	1840	0	0	0	0	0	0	0	9214	0	6276	0	0	0	0	0	0	0	0	0	0	0	0	0	0	0	5936	0	0	0	0	0	0	0	0	0	0	0	0	0	0	0	0	0	1684	0	0	0	0	0	0	0	0	0	1800	0	0	0	0	0	194	0	0	0	0	0	0	0	0	0	0	0	0	0	0	0	0	0	0	0	0	0	0	0	0	0	0	
300832	Calcarine_L	240	200	0	0	0	0	0	0	0	0	0	0	0	0	0	0	0	0	0	104	0	0	0	0	0	0	0	0	250	0	0	0	1278	0	2170	0	1408	0	1330	0	0	0	0	10394	21538	8020	13458	2530	12948	920	25720	1130	7814	966	6790	904	144	214	460	0	414	0	0	0	0	0	19032	1474	770	136	0	0	0	0	0	0	0	0	0	0	0	0	0	0	1658	272	0	0	1240	370	664	0	0	0	0	0	1354	0	1346	0	0	0	0	0	0	0	0	0	0	0	756	0	0	0	0	0	
266808	Calcarine_R	0	1316	0	0	0	0	0	0	0	0	0	0	0	0	0	0	0	0	0	760	0	0	0	0	0	0	0	0	0	0	0	0	0	1358	0	1622	0	270	0	552	0	0	10394	0	4004	23960	2328	13870	0	12644	0	9722	0	10322	0	9318	0	2174	0	0	0	492	0	0	0	796	244	17730	150	2034	0	0	0	0	0	0	0	0	0	0	0	0	0	0	0	1612	0	0	0	4020	0	452	0	0	0	0	0	0	0	498	0	0	0	0	0	0	0	0	0	0	248	514	0	0	0	0	
200196	Cuneus_L	638	0	0	0	0	0	0	0	0	0	0	0	0	0	0	0	0	0	0	0	0	0	0	0	0	0	0	0	0	0	0	0	1052	148	576	360	0	0	0	0	0	0	21538	4004	0	7498	1662	0	21962	618	15950	150	2458	0	1798	0	0	0	806	0	422	0	288	0	142	0	12030	2636	1708	0	0	0	0	0	0	0	0	0	0	0	0	0	0	0	966	0	0	0	688	0	0	0	0	0	0	0	0	0	0	0	0	0	0	0	0	0	0	0	0	0	0	0	0	0	0	0	
294628	Cuneus_R	0	2374	0	0	0	0	0	0	0	0	0	0	0	0	0	0	0	0	0	2218	0	0	0	0	0	0	0	0	0	0	0	0	428	5256	0	942	0	0	0	0	0	0	8020	23960	7498	0	1284	2982	204	23644	212	9188	0	4328	0	1380	0	7114	0	1804	0	2150	0	236	0	2512	3206	24390	646	7872	0	0	0	0	0	0	0	0	0	0	0	0	0	0	0	2010	0	0	0	1456	0	0	0	0	0	0	0	0	0	0	0	0	0	0	0	0	0	0	0	0	0	0	0	0	0	0	
228096	Lingual_L	0	0	0	0	0	0	0	0	0	0	0	0	0	0	0	0	0	0	0	0	0	0	0	0	0	0	0	0	0	0	0	0	0	0	1268	0	2898	0	3206	0	0	0	13458	2328	1662	1284	0	3660	3464	738	6736	354	3140	552	15452	300	0	0	0	0	0	0	0	0	0	0	6474	0	0	0	0	0	0	0	0	0	346	0	0	0	0	0	0	0	140	0	0	0	220	0	10766	698	1030	0	520	0	11196	0	15682	908	0	0	0	0	0	0	0	0	0	108	3774	1686	0	0	0	0	
295456	Lingual_R	0	0	0	0	0	0	0	0	0	0	0	0	0	0	0	0	0	0	0	0	0	0	0	0	0	0	0	0	0	122	0	0	0	156	210	1876	392	3500	310	4238	0	0	2530	13870	0	2982	3660	0	0	3370	0	4650	0	5280	1344	17858	0	216	0	0	0	0	0	0	0	0	0	8522	0	262	0	0	0	0	0	0	162	538	0	0	0	0	0	0	0	108	0	0	0	412	3476	12504	558	784	0	440	3244	7364	6216	16066	0	0	0	364	0	0	0	0	0	346	9634	9460	582	122	0	0	
221848	Occipital_Sup_L	514	382	0	0	0	0	0	0	0	0	0	0	0	0	0	0	0	0	0	392	0	0	0	0	0	0	0	0	0	0	0	0	4656	0	1070	142	0	0	0	0	0	0	12948	0	21962	204	3464	0	0	0	30980	0	2140	0	402	0	836	0	8258	0	2224	0	162	0	1024	0	14480	328	1388	0	0	0	0	0	0	0	0	0	0	0	0	0	0	0	1850	0	0	0	1118	0	0	0	0	0	0	0	0	0	0	0	0	0	0	0	0	0	0	0	0	0	0	0	0	0	0	0	
231340	Occipital_Sup_R	0	1666	0	146	0	0	0	0	0	0	0	0	0	0	0	0	0	0	0	1472	0	0	0	0	0	0	0	0	0	0	0	0	272	3374	0	0	0	0	0	0	0	0	920	12644	618	23644	738	3370	0	0	0	17448	0	5434	0	486	0	8988	0	3902	0	4020	0	334	0	4306	138	12058	438	5762	0	0	0	0	0	0	0	0	0	0	0	0	0	0	0	2654	0	0	0	838	0	0	0	0	0	0	0	0	0	0	0	0	0	0	0	0	0	0	0	0	0	0	0	0	0	0	
402744	Occipital_Mid_L	3228	700	0	0	0	0	0	0	0	0	0	0	0	0	0	0	220	0	0	822	0	0	0	0	0	0	0	0	920	0	0	0	5432	0	1808	202	0	0	0	0	0	0	25720	0	15950	212	6736	0	30980	0	0	0	19246	0	6964	0	2280	0	4876	0	8618	0	3418	0	11770	0	13618	0	5934	0	0	0	0	0	0	0	0	0	114	0	1038	0	0	0	22904	0	0	0	7662	0	0	0	0	0	0	0	0	0	0	0	0	0	0	0	0	0	0	0	0	0	0	0	0	0	0	0	
207176	Occipital_Mid_R	0	1636	0	228	0	0	0	0	0	0	0	0	0	0	0	0	0	0	0	746	0	0	0	0	0	0	0	0	0	0	0	0	0	1244	0	0	0	0	0	0	0	0	1130	9722	150	9188	354	4650	0	17448	0	0	0	6628	0	4408	0	4162	0	876	0	4912	0	594	0	12558	0	7598	158	2366	0	0	0	0	0	0	0	0	0	0	0	150	0	0	0	9148	0	0	0	3534	0	0	0	0	0	0	0	0	0	0	0	0	0	0	0	0	0	0	0	0	0	0	0	0	0	0	
163704	Occipital_Inf_L	2644	0	116	0	0	0	222	0	0	0	0	0	0	0	0	0	1116	0	0	0	0	0	0	0	0	0	0	0	2120	0	0	0	192	0	902	0	0	0	0	0	0	0	7814	0	2458	0	3140	0	2140	0	19246	0	0	0	20352	0	772	0	350	0	448	0	838	0	148	0	3784	0	1318	0	0	0	0	0	0	0	0	0	560	0	672	0	0	0	3838	0	0	0	4520	0	1974	0	0	0	0	0	0	0	168	0	0	0	0	0	0	0	0	0	0	0	0	0	0	0	0	0	
99136	Occipital_Inf_R	0	244	0	0	0	0	0	0	0	0	0	0	0	0	0	0	0	0	0	0	0	0	0	0	0	0	0	0	0	0	0	0	0	0	0	146	0	0	0	0	0	0	966	10322	0	4328	552	5280	0	5434	0	6628	0	0	0	6294	0	506	0	0	0	250	0	196	0	276	0	2576	0	144	0	0	0	0	0	0	0	0	0	0	0	136	0	0	0	1026	0	0	0	3758	0	506	0	0	0	0	0	0	0	0	0	0	0	0	0	0	0	0	0	0	0	0	0	0	0	0	
458612	Fusiform_L	3704	0	446	0	0	0	432	0	0	0	146	0	0	0	0	0	1934	0	144	0	0	0	0	0	0	0	0	0	6704	0	0	0	0	0	1860	378	14518	222	5008	0	2654	0	6790	0	1798	0	15452	1344	402	0	6964	0	20352	0	0	292	1148	0	380	0	548	0	1344	0	144	0	5144	0	1398	0	106	0	572	0	0	0	1738	0	3042	0	2924	0	3956	0	4648	0	2736	0	24230	0	29126	946	8728	0	410	0	9956	0	28570	1050	518	0	1040	0	162	0	0	0	0	0	866	2196	136	0	0	0	
488852	Fusiform_R	944	6664	500	1836	0	0	404	112	0	0	0	210	0	0	0	174	0	288	680	1632	0	0	0	0	0	0	0	0	0	4178	0	0	0	122	2170	6428	422	36034	264	26100	0	5936	904	9318	0	1380	300	17858	0	486	0	4408	0	6294	292	0	158	2682	0	0	0	0	0	340	0	0	0	9646	340	198	0	574	0	2304	0	134	384	4180	0	1104	0	7478	0	6996	0	3502	0	2378	0	14222	876	16236	146	2718	0	0	548	4352	1510	19526	0	218	0	924	0	0	0	0	0	0	2038	2260	116	0	0	0	
210380	Postcentral_L	26778	640	5400	1118	0	0	1520	0	0	0	3196	0	0	0	0	0	8962	0	2044	1012	0	0	0	0	0	0	0	0	2588	0	0	0	0	152	676	394	592	180	0	0	0	0	144	0	0	0	0	0	836	0	2280	0	772	0	1148	158	0	0	6398	0	17728	0	4058	0	810	0	4668	0	3878	0	620	0	758	0	140	0	368	0	1300	0	1762	0	0	0	810	0	0	0	824	0	478	0	0	0	0	0	0	0	0	0	0	0	0	0	0	0	0	0	0	0	0	0	0	0	0	0	
257520	Postcentral_R	0	16728	0	412	0	0	0	366	0	0	0	1636	0	0	0	0	0	3432	0	822	0	0	0	0	0	0	0	0	0	1266	0	0	162	906	0	530	0	1642	0	516	0	0	214	2174	0	7114	0	216	0	8988	0	4162	0	506	0	2682	0	0	0	5370	0	7338	0	12104	0	4044	178	17596	0	10696	0	2692	0	0	0	0	0	874	0	678	0	4216	0	0	0	4592	0	0	0	3908	0	0	0	0	0	0	0	0	0	0	0	0	0	0	0	0	0	0	0	0	0	0	0	0	0	0	
104360	Parietal_Sup_L	512	388	0	0	0	0	0	0	0	0	0	0	0	0	0	0	0	0	0	390	0	0	0	0	0	0	0	0	0	0	0	0	210	0	1104	280	0	0	0	0	0	0	460	0	806	0	0	0	8258	0	4876	0	350	0	380	0	6398	0	0	0	6308	0	362	0	492	0	16218	144	3712	0	0	0	0	0	0	0	0	0	0	0	0	0	0	0	280	0	0	0	252	0	0	0	0	0	0	0	0	0	0	0	0	0	0	0	0	0	0	0	0	0	0	0	0	0	0	0	
51320	Parietal_Sup_R	0	200	0	0	0	0	0	0	0	0	0	0	0	0	0	0	0	0	0	0	0	0	0	0	0	0	0	0	0	0	0	0	0	0	0	0	0	0	0	0	0	0	0	0	0	1804	0	0	0	3902	0	876	0	0	0	0	0	5370	0	0	0	2196	0	774	0	892	688	8118	0	486	0	0	0	0	0	0	0	0	0	0	0	0	0	0	0	250	0	0	0	104	0	0	0	0	0	0	0	0	0	0	0	0	0	0	0	0	0	0	0	0	0	0	0	0	0	0	
176352	Parietal_Inf_L	3208	344	212	0	0	0	532	108	0	0	0	0	0	0	0	0	0	0	0	272	0	0	0	0	0	0	0	0	282	0	0	0	0	0	702	212	0	0	0	0	0	0	414	0	422	0	0	0	2224	0	8618	0	448	0	548	0	17728	0	6308	0	0	0	12622	0	15748	0	2422	0	2416	0	430	0	0	0	0	0	174	0	0	0	1072	0	0	0	5502	0	0	0	5208	0	0	0	0	0	0	0	0	0	0	0	0	0	0	0	0	0	0	0	0	0	0	0	0	0	0	0	
123164	Parietal_Inf_R	0	426	0	0	0	0	0	0	0	0	0	0	0	0	0	0	0	0	0	284	0	0	0	0	0	0	0	0	0	0	0	0	0	566	0	0	0	0	0	0	0	0	0	492	0	2150	0	0	0	4020	0	4912	0	250	0	0	0	7338	0	2196	0	0	0	10584	0	17200	0	2672	0	1552	0	0	0	0	0	0	0	0	0	0	0	404	0	0	0	5876	0	0	0	660	0	0	0	0	0	0	0	0	0	0	0	0	0	0	0	0	0	0	0	0	0	0	0	0	0	0	
112264	SupraMarginal_L	1564	106	0	0	0	0	0	0	0	0	0	0	0	0	0	0	328	0	0	122	0	0	0	0	0	0	0	0	0	0	0	0	0	0	226	0	0	0	0	0	0	0	0	0	288	0	0	0	162	0	3418	0	838	0	1344	0	4058	0	362	0	12622	0	0	0	10726	0	252	0	1850	0	0	0	0	0	0	0	0	0	0	0	6290	0	0	0	7904	0	0	0	3122	0	550	0	0	0	0	0	0	0	0	0	0	0	0	0	0	0	0	0	0	0	0	0	0	0	0	0	
98788	SupraMarginal_R	0	680	0	162	0	0	0	0	0	0	0	0	0	0	0	0	0	1208	0	0	0	0	0	0	0	0	0	0	0	182	0	0	0	0	0	0	0	220	0	0	0	0	0	0	0	236	0	0	0	334	0	594	0	196	0	340	0	12104	0	774	0	10584	0	0	0	7958	0	586	0	374	0	0	0	0	0	0	0	106	0	174	0	4994	0	0	0	6474	0	0	0	1114	0	0	0	0	0	0	0	0	0	0	0	0	0	0	0	0	0	0	0	0	0	0	0	0	0	0	
143092	Angular_L	634	180	0	0	0	0	0	0	0	0	0	0	0	0	0	0	0	0	0	210	0	0	0	0	0	0	0	0	166	0	0	0	304	0	222	0	0	0	0	0	0	0	0	0	142	0	0	0	1024	0	11770	0	148	0	144	0	810	0	492	0	15748	0	10726	0	0	0	482	0	976	0	0	0	0	0	0	0	0	0	104	0	5850	0	0	0	14842	0	0	0	6572	0	0	0	0	0	0	0	0	0	0	0	0	0	0	0	0	0	0	0	0	0	0	0	0	0	0	0	
131036	Angular_R	0	352	0	0	0	0	0	0	0	0	0	0	0	0	0	0	0	0	0	288	0	0	0	0	0	0	0	0	0	0	0	0	0	572	0	0	0	0	0	0	0	0	0	796	0	2512	0	0	0	4306	0	12558	0	276	0	0	0	4044	0	892	0	17200	0	7958	0	0	0	2640	0	1548	0	0	0	0	0	0	0	0	0	0	0	480	0	0	0	8462	0	0	0	634	0	0	0	0	0	0	0	0	0	0	0	0	0	0	0	0	0	0	0	0	0	0	0	0	0	0	
278616	Precuneus_L	682	296	0	0	0	0	0	0	0	0	0	0	0	0	0	0	0	0	0	320	0	0	0	0	0	0	0	0	178	0	0	0	4580	1518	4660	1002	2648	0	2316	0	0	0	19032	244	12030	3206	6474	0	14480	138	13618	0	3784	0	5144	0	4668	178	16218	688	2422	0	252	0	482	0	0	7636	6472	738	0	0	0	0	0	0	0	0	0	0	0	0	0	0	1606	0	0	0	1330	0	268	0	0	0	0	0	0	0	0	0	0	0	0	0	0	0	0	0	0	0	0	0	0	0	0	0	
405184	Precuneus_R	292	7524	0	456	0	0	0	0	0	0	0	0	0	0	0	0	0	0	0	6026	0	0	0	0	0	0	0	0	0	164	0	0	1698	10844	1000	9836	482	3860	428	2810	0	0	1474	17730	2636	24390	0	8522	328	12058	0	7598	0	2576	0	9646	0	17596	144	8118	0	2672	0	586	0	2640	7636	0	1354	17872	0	0	0	0	0	0	328	0	0	140	0	590	0	0	0	4290	0	0	0	4548	0	156	0	0	0	0	0	654	0	136	0	0	0	0	0	0	0	0	0	0	754	0	0	0	0	0	
227884	Paracentral_Lobule_L	17320	7710	2102	5216	0	0	0	0	0	0	0	0	0	0	0	0	0	0	4830	13466	0	0	0	0	0	0	0	0	0	0	0	0	4360	8796	4978	804	0	318	0	198	0	0	770	150	1708	646	0	0	1388	438	5934	158	1318	0	1398	340	3878	0	3712	0	2416	0	1850	0	976	0	6472	1354	0	3960	250	0	0	0	0	0	858	0	0	0	470	0	0	0	1938	0	0	0	1350	0	112	0	0	0	0	0	0	0	0	0	0	0	0	0	0	0	0	0	0	0	0	0	0	0	0	0	
201664	Paracentral_Lobule_R	534	6628	0	0	0	0	0	0	0	0	0	0	0	0	0	0	0	0	574	13034	0	0	0	0	0	0	0	0	0	0	0	0	2466	14684	472	4274	0	0	0	0	0	0	136	2034	0	7872	0	262	0	5762	0	2366	0	144	0	198	0	10696	0	486	0	1552	0	374	0	1548	738	17872	3960	0	0	0	0	0	0	0	0	0	0	0	0	240	0	0	0	1374	0	0	0	552	0	0	0	0	0	0	0	0	0	0	0	0	0	0	0	0	0	0	0	0	0	0	0	0	0	0	
351212	Caudate_L	5412	9016	17010	2402	604	892	9536	5758	0	0	1916	2664	1262	1932	1164	3930	1618	772	14026	1080	7592	8078	204	222	424	358	4986	1688	10166	3046	8062	2308	0	0	0	0	550	324	104	0	0	0	0	0	0	0	0	0	0	0	0	0	0	0	106	0	620	0	0	0	430	0	0	0	0	0	0	0	250	0	0	12770	16418	2840	1090	202	10314	420	126	0	0	162	108	290	0	0	0	0	354	0	0	0	0	0	0	0	0	0	0	0	0	0	0	0	0	0	0	0	0	0	0	0	0	0	0	0	
409848	Caudate_R	182	9066	1242	23536	130	3956	624	1146	0	0	124	9676	0	5476	120	6286	0	9322	2034	14586	2864	4820	362	6256	0	4352	1434	2876	826	14622	3718	16166	0	636	0	0	0	1460	0	414	0	0	0	0	0	0	0	0	0	0	0	0	0	0	0	574	0	2692	0	0	0	0	0	0	0	0	0	0	0	0	12770	0	2878	16774	0	1466	556	15942	0	156	0	1542	0	1262	0	0	0	0	0	0	0	0	0	0	0	0	0	0	0	0	0	0	0	0	0	0	0	0	0	0	0	0	0	0	0	0	
271232	Putamen_L	3070	1528	24026	200	6204	0	5574	878	1824	0	382	562	744	302	4134	2016	154	420	17972	0	836	1144	1352	0	1848	0	326	146	15162	536	6058	328	0	0	258	326	4998	160	558	0	240	0	0	0	0	0	0	0	0	0	0	0	0	0	572	0	758	0	0	0	0	0	0	0	0	0	0	0	0	0	16418	2878	0	1036	4492	0	3432	0	0	0	298	0	862	166	0	0	0	0	438	0	0	0	0	0	0	0	0	0	0	0	0	0	0	0	0	0	0	0	0	0	0	0	0	0	0	0	
270100	Putamen_R	116	4142	998	12252	0	3312	348	3148	0	564	0	5198	0	1846	0	1404	0	5714	1466	5008	0	700	180	5020	0	2580	0	736	106	23302	1090	10150	0	676	0	0	0	9512	0	2912	0	1684	0	0	0	0	0	0	0	0	0	0	0	0	0	2304	0	0	0	0	0	0	0	0	0	0	0	0	0	0	2840	16774	1036	0	0	1558	198	4000	0	0	0	1110	0	1066	0	0	0	0	0	0	0	0	0	0	0	0	0	0	0	0	0	0	0	0	0	0	0	0	0	0	0	0	0	0	0	0	
32424	Pallidum_L	1316	0	2728	0	0	0	1092	0	0	0	0	0	0	0	0	0	0	0	3046	0	0	0	0	0	0	0	0	0	0	0	0	0	0	0	0	0	450	0	0	0	0	0	0	0	0	0	0	0	0	0	0	0	0	0	0	0	140	0	0	0	0	0	0	0	0	0	0	0	0	0	1090	0	4492	0	0	0	1858	0	0	0	0	0	0	0	0	0	0	0	0	0	0	0	0	0	0	0	0	0	0	0	0	0	0	0	0	0	0	0	0	0	0	0	0	0	0	0	
15332	Pallidum_R	0	394	218	1046	0	0	0	238	0	0	0	104	0	0	0	0	0	398	224	954	0	0	0	0	0	0	0	0	0	128	0	0	0	0	0	0	0	384	0	218	0	0	0	0	0	0	0	0	0	0	0	0	0	0	0	134	0	0	0	0	0	0	0	0	0	0	0	0	0	0	202	1466	0	1558	0	0	0	0	0	0	0	0	0	0	0	0	0	0	0	0	0	0	0	0	0	0	0	0	0	0	0	0	0	0	0	0	0	0	0	0	0	0	0	0	0	0	
143500	Thalamus_L	4720	1122	8472	844	0	0	4006	164	0	0	0	0	0	0	0	0	334	0	6618	156	0	0	0	0	0	0	0	0	1690	400	0	0	0	0	1380	2106	6050	2946	1434	704	0	0	0	0	0	0	346	162	0	0	0	0	0	0	1738	384	368	0	0	0	174	0	0	0	0	0	0	328	858	0	10314	556	3432	198	1858	0	0	5244	0	0	0	166	0	0	0	0	0	0	2004	0	144	0	112	0	0	0	0	104	114	0	0	0	0	0	0	0	0	0	0	0	0	0	0	0	0	0	
176532	Thalamus_R	132	13790	916	16660	0	0	678	682	0	0	0	922	0	0	0	0	0	720	520	3420	0	0	0	0	0	0	0	0	0	2374	0	108	0	0	244	670	370	9528	0	3500	0	0	0	0	0	0	0	538	0	0	0	0	0	0	0	4180	0	874	0	0	0	0	0	106	0	0	0	0	0	0	420	15942	0	4000	0	0	5244	0	0	0	0	582	0	106	0	294	0	0	0	180	0	0	0	0	0	0	0	566	0	0	0	0	0	0	0	0	0	0	0	0	0	0	0	0	0	0	
69352	Heschl_L	3528	0	1406	0	0	0	2110	0	0	0	1608	0	0	0	0	0	3800	0	436	0	0	0	0	0	0	0	0	0	7158	0	0	0	0	0	0	0	2508	0	0	0	0	0	0	0	0	0	0	0	0	0	114	0	560	0	3042	0	1300	0	0	0	0	0	0	0	104	0	0	0	0	0	126	0	0	0	0	0	0	0	0	0	2428	0	0	0	1130	0	0	0	2724	0	340	0	130	0	0	0	0	0	124	0	0	0	0	0	0	0	0	0	0	0	0	0	0	0	0	0	
23084	Heschl_R	0	366	0	0	0	0	0	0	0	0	0	0	0	0	0	0	0	634	0	0	0	0	0	0	0	0	0	0	0	1258	0	0	0	0	0	0	0	954	0	720	0	0	0	0	0	0	0	0	0	0	0	0	0	0	0	1104	0	678	0	0	0	0	0	174	0	0	0	140	0	0	0	156	0	0	0	0	0	0	0	0	0	4888	0	0	0	118	0	0	0	352	0	0	0	0	0	0	0	0	0	0	0	0	0	0	0	0	0	0	0	0	0	0	0	0	0	0	
182708	Temporal_Sup_L	3886	0	2308	0	0	0	1150	0	0	0	2116	0	112	0	344	0	4200	0	1890	0	336	0	0	0	0	0	0	0	8982	0	0	0	0	0	0	0	2664	0	248	0	306	0	0	0	0	0	0	0	0	0	1038	0	672	0	2924	0	1762	0	0	0	1072	0	6290	0	5850	0	0	0	470	0	0	0	298	0	0	0	0	0	2428	0	0	0	2554	0	23504	0	0	0	13420	0	530	0	0	0	0	0	0	0	0	0	0	0	0	0	0	0	0	0	0	0	0	0	0	0	0	0	
139980	Temporal_Sup_R	0	1220	0	710	0	0	0	136	0	0	0	894	0	0	0	0	0	4130	0	536	0	0	0	0	0	0	0	0	0	5560	0	484	0	0	138	398	0	4556	0	2924	0	0	0	0	0	0	0	0	0	0	0	150	0	136	0	7478	0	4216	0	0	0	404	0	4994	0	480	0	590	0	240	162	1542	0	1110	0	0	166	582	0	4888	0	0	0	2084	0	9612	0	954	0	8374	0	0	0	0	0	0	0	0	0	142	0	0	0	0	0	0	0	0	0	0	0	0	0	0	0	0	
81536	Temporal_Pole_Sup_L	0	0	920	0	552	0	0	0	388	0	636	0	408	0	1604	0	500	0	636	0	1024	0	0	0	0	0	0	0	6266	0	0	0	0	0	0	0	1636	0	1208	0	818	0	0	0	0	0	0	0	0	0	0	0	0	0	3956	0	0	0	0	0	0	0	0	0	0	0	0	0	0	0	108	0	862	0	0	0	0	0	0	0	2554	0	0	0	6026	0	4996	0	5670	0	0	0	0	0	0	0	0	0	0	0	0	0	0	0	0	0	0	0	0	0	0	0	0	0	0	0	
69004	Temporal_Pole_Sup_R	0	384	0	664	0	0	0	258	0	0	0	1112	0	158	0	0	0	2852	0	552	0	0	0	0	0	0	0	0	0	2166	0	418	0	0	0	0	0	602	0	2238	0	1800	0	0	0	0	0	0	0	0	0	0	0	0	0	6996	0	0	0	0	0	0	0	0	0	0	0	0	0	0	290	1262	166	1066	0	0	0	106	0	0	0	2084	0	0	0	1840	0	4370	0	3118	0	0	0	0	0	0	0	0	0	0	0	0	0	0	0	0	0	0	0	0	0	0	0	0	0	0	
322580	Temporal_Mid_L	1968	0	130	0	0	0	0	0	0	0	0	0	0	0	0	0	588	0	0	148	0	0	0	0	0	0	0	0	2916	0	0	0	856	0	224	0	730	0	0	0	0	0	1658	0	966	0	140	0	1850	0	22904	0	3838	0	4648	0	810	0	280	0	5502	0	7904	0	14842	0	1606	0	1938	0	0	0	0	0	0	0	0	0	1130	0	23504	0	6026	0	0	0	5382	0	48802	0	0	0	0	0	0	0	0	0	0	0	0	0	0	0	0	0	0	0	0	0	0	0	0	0	0	0	
184828	Temporal_Mid_R	0	1008	0	142	0	0	0	0	0	0	0	0	0	0	0	0	0	0	0	424	0	0	0	0	0	0	0	0	0	966	0	0	0	748	0	0	0	1876	0	798	0	0	272	1612	0	2010	0	108	0	2654	0	9148	0	1026	0	3502	0	4592	0	250	0	5876	0	6474	0	8462	0	4290	0	1374	0	0	0	0	0	0	0	294	0	118	0	9612	0	1840	0	0	0	3484	0	19454	0	0	0	0	0	0	0	0	0	0	0	0	0	0	0	0	0	0	0	0	0	0	0	0	0	0	
37716	Temporal_Pole_Mid_L	0	0	0	0	0	0	0	0	0	0	0	0	0	0	0	0	0	0	0	0	0	0	0	0	0	0	0	0	0	0	0	0	0	0	0	0	0	0	370	0	0	0	0	0	0	0	0	0	0	0	0	0	0	0	2736	0	0	0	0	0	0	0	0	0	0	0	0	0	0	0	0	0	0	0	0	0	0	0	0	0	0	0	4996	0	5382	0	0	0	5374	0	0	0	0	0	0	0	0	0	0	0	0	0	0	0	0	0	0	0	0	0	0	0	0	0	0	0	
29420	Temporal_Pole_Mid_R	0	0	0	0	0	0	0	0	0	0	0	0	0	0	0	0	0	0	0	0	0	0	0	0	0	0	0	0	0	0	0	0	0	0	0	0	0	0	0	1134	0	0	0	0	0	0	0	0	0	0	0	0	0	0	0	2378	0	0	0	0	0	0	0	0	0	0	0	0	0	0	0	0	0	0	0	0	0	0	0	0	0	954	0	4370	0	3484	0	0	0	2390	0	0	0	0	0	0	0	0	0	0	0	0	0	0	0	0	0	0	0	0	0	0	0	0	0	0	
338076	Temporal_Inf_L	1720	0	450	0	0	0	166	0	0	0	148	0	0	0	0	0	1006	0	302	144	0	0	0	0	0	0	0	0	6134	0	0	0	570	0	480	410	11364	228	1024	0	1100	0	1240	0	688	0	220	0	1118	0	7662	0	4520	0	24230	0	824	0	252	0	5208	0	3122	0	6572	0	1330	0	1350	0	354	0	438	0	0	0	2004	0	2724	0	13420	0	5670	0	48802	0	5374	0	0	0	3552	0	1506	0	0	0	336	0	1156	0	0	0	120	0	0	0	0	0	0	0	0	0	0	0	0	0	
171184	Temporal_Inf_R	0	1900	0	268	0	0	0	0	0	0	0	0	0	0	0	0	0	0	0	532	0	0	0	0	0	0	0	0	0	1244	0	0	0	398	0	354	0	2196	0	700	0	194	370	4020	0	1456	0	412	0	838	0	3534	0	3758	0	14222	0	3908	0	104	0	660	0	1114	0	634	0	4548	0	552	0	0	0	0	0	0	0	180	0	352	0	8374	0	3118	0	19454	0	2390	0	0	0	2600	0	818	0	0	0	0	0	180	0	0	0	210	0	0	0	0	0	0	0	0	0	0	0	0	
570724	Cerebelum_Crus1_L	706	0	0	0	0	0	0	0	0	0	0	0	0	0	0	0	532	0	0	0	0	0	0	0	0	0	0	0	340	0	0	0	0	0	398	0	482	0	0	0	0	0	664	0	0	0	10766	3476	0	0	0	0	1974	0	29126	876	478	0	0	0	0	0	550	0	0	0	268	0	112	0	0	0	0	0	0	0	144	0	340	0	530	0	0	0	0	0	0	0	3552	0	0	5702	51840	5102	1808	0	23302	970	64082	6852	13138	1692	15418	1214	1138	250	1106	0	138	830	9362	13974	9770	2186	174	0	
477140	Cerebelum_Crus1_R	0	0	0	0	0	0	0	0	0	0	0	0	0	0	0	0	0	0	0	0	0	0	0	0	0	0	0	0	0	0	0	0	0	0	0	0	0	678	0	648	0	0	0	452	0	0	698	12504	0	0	0	0	0	506	946	16236	0	0	0	0	0	0	0	0	0	0	0	156	0	0	0	0	0	0	0	0	0	0	0	0	0	0	0	0	0	0	0	0	0	2600	5702	0	3490	41380	0	920	2218	14082	8252	63386	0	2592	132	21572	178	1202	0	1020	0	596	11560	15270	8656	790	0	148	
397708	Cerebelum_Crus2_L	0	0	0	0	0	0	0	0	0	0	0	0	0	0	0	0	0	0	0	0	0	0	0	0	0	0	0	0	0	0	0	0	0	0	0	0	338	0	0	0	0	0	0	0	0	0	1030	558	0	0	0	0	0	0	8728	146	0	0	0	0	0	0	0	0	0	0	0	0	0	0	0	0	0	0	0	0	112	0	130	0	0	0	0	0	0	0	0	0	1506	0	51840	3490	0	10806	944	0	7840	128	22616	1846	30224	3756	26878	1302	1498	138	1228	0	0	594	2586	4334	11146	3002	110	0	
386412	Cerebelum_Crus2_R	0	0	0	0	0	0	0	0	0	0	0	0	0	0	0	0	0	0	0	0	0	0	0	0	0	0	0	0	0	0	0	0	0	0	0	0	0	222	0	244	0	0	0	0	0	0	0	784	0	0	0	0	0	0	0	2718	0	0	0	0	0	0	0	0	0	0	0	0	0	0	0	0	0	0	0	0	0	0	0	0	0	0	0	0	0	0	0	0	0	818	5102	41380	10806	0	190	1534	1618	4200	4700	20678	2588	17740	3522	37712	378	2022	0	1960	146	1474	3034	5756	16122	4876	728	154	
63900	Cerebelum_3_L	0	0	0	0	0	0	0	0	0	0	0	0	0	0	0	0	0	0	0	0	0	0	0	0	0	0	0	0	0	0	0	0	0	0	0	0	0	0	320	0	0	0	0	0	0	0	520	0	0	0	0	0	0	0	410	0	0	0	0	0	0	0	0	0	0	0	0	0	0	0	0	0	0	0	0	0	0	0	0	0	0	0	0	0	0	0	0	0	0	0	1808	0	944	190	0	0	8838	0	1874	106	164	0	1840	456	2996	416	0	0	1814	4190	2676	622	776	510	274	206	
62412	Cerebelum_3_R	0	0	0	0	0	0	0	0	0	0	0	0	0	0	0	0	0	0	0	0	0	0	0	0	0	0	0	0	0	0	0	0	0	0	0	0	0	0	0	464	0	0	0	0	0	0	0	440	0	0	0	0	0	0	0	0	0	0	0	0	0	0	0	0	0	0	0	0	0	0	0	0	0	0	0	0	0	0	0	0	0	0	0	0	0	0	0	0	0	0	0	920	0	1534	0	0	302	5896	286	3792	0	524	0	2438	0	1870	0	0	662	6008	1246	226	262	1926	1850	560	
376008	Cerebelum_4_5_L	0	0	0	0	0	0	0	0	0	0	0	0	0	0	0	0	0	0	0	0	0	0	0	0	0	0	0	0	0	0	0	0	0	0	0	0	112	0	912	0	0	0	1354	0	0	0	11196	3244	0	0	0	0	0	0	9956	548	0	0	0	0	0	0	0	0	0	0	0	0	0	0	0	0	0	0	0	0	0	0	0	0	0	0	0	0	0	0	0	0	336	0	23302	2218	7840	1618	8838	302	0	2590	38308	4496	1362	392	6146	2816	7724	1502	0	0	2174	6388	24506	6526	5106	3666	1556	970	
226620	Cerebelum_4_5_R	0	0	0	0	0	0	0	0	0	0	0	0	0	0	0	0	0	0	0	0	0	0	0	0	0	0	0	0	0	0	0	0	0	0	158	210	172	1490	0	2832	0	0	0	0	0	0	0	7364	0	0	0	0	0	0	0	4352	0	0	0	0	0	0	0	0	0	0	0	654	0	0	0	0	0	0	0	0	104	566	0	0	0	0	0	0	0	0	0	0	0	0	970	14082	128	4200	0	5896	2590	0	2254	30780	106	1110	124	5994	278	1894	0	590	0	2844	15892	1806	444	1514	1700	212	
560732	Cerebelum_6_L	0	0	0	0	0	0	0	0	0	0	0	0	0	0	0	0	0	0	0	0	0	0	0	0	0	0	0	0	0	0	0	0	0	0	0	0	288	0	470	0	0	0	1346	0	0	0	15682	6216	0	0	0	0	168	0	28570	1510	0	0	0	0	0	0	0	0	0	0	0	0	0	0	0	0	0	0	0	0	114	0	124	0	0	0	0	0	0	0	0	0	1156	0	64082	8252	22616	4700	1874	286	38308	2254	0	10896	3654	852	5788	2658	1654	958	190	0	404	2468	20198	19142	8312	3488	1100	588	
504584	Cerebelum_6_R	118	374	0	112	0	0	0	0	0	0	0	0	0	0	0	0	0	0	0	134	0	0	0	0	0	0	0	0	0	130	0	0	0	0	144	216	0	2230	0	2904	0	0	0	498	0	0	908	16066	0	0	0	0	0	0	1050	19526	0	0	0	0	0	0	0	0	0	0	0	136	0	0	0	0	0	0	0	0	0	0	0	0	0	142	0	0	0	0	0	0	0	180	6852	63386	1846	20678	106	3792	4496	30780	10896	0	128	950	170	11792	494	1580	0	1182	0	1782	20116	18620	7066	518	0	194	
183704	Cerebelum_7b_L	0	0	0	0	0	0	0	0	0	0	0	0	0	0	0	0	0	0	0	0	0	0	0	0	0	0	0	0	0	0	0	0	0	0	0	0	0	0	0	0	0	0	0	0	0	0	0	0	0	0	0	0	0	0	518	0	0	0	0	0	0	0	0	0	0	0	0	0	0	0	0	0	0	0	0	0	0	0	0	0	0	0	0	0	0	0	0	0	0	0	13138	0	30224	2588	164	0	1362	106	3654	128	0	946	26192	1720	1134	0	596	0	0	144	538	662	4800	3238	0	0	
119468	Cerebelum_7b_R	0	0	0	0	0	0	0	0	0	0	0	0	0	0	0	0	0	0	0	0	0	0	0	0	0	0	0	0	0	0	0	0	0	0	0	0	0	0	0	0	0	0	0	0	0	0	0	0	0	0	0	0	0	0	0	218	0	0	0	0	0	0	0	0	0	0	0	0	0	0	0	0	0	0	0	0	0	0	0	0	0	0	0	0	0	0	0	0	0	0	1692	2592	3756	17740	0	524	392	1110	852	950	946	0	1218	15282	238	716	0	348	0	474	538	966	5284	3228	670	0	
299196	Cerebelum_8_L	0	0	0	0	0	0	0	0	0	0	0	0	0	0	0	0	0	0	0	0	0	0	0	0	0	0	0	0	0	0	0	0	0	0	0	0	0	0	0	0	0	0	0	0	0	0	0	0	0	0	0	0	0	0	1040	0	0	0	0	0	0	0	0	0	0	0	0	0	0	0	0	0	0	0	0	0	0	0	0	0	0	0	0	0	0	0	0	0	120	0	15418	132	26878	3522	1840	0	6146	124	5788	170	26192	1218	0	7060	19970	2232	2118	0	728	1864	2776	2056	8160	10152	2832	1062	
347824	Cerebelum_8_R	0	0	0	0	0	0	0	0	0	0	0	0	0	0	0	0	0	0	0	0	0	0	0	0	0	0	0	0	0	0	0	0	0	0	0	0	0	222	0	140	0	0	0	0	0	0	0	364	0	0	0	0	0	0	0	924	0	0	0	0	0	0	0	0	0	0	0	0	0	0	0	0	0	0	0	0	0	0	0	0	0	0	0	0	0	0	0	0	0	210	1214	21572	1302	37712	456	2438	2816	5994	2658	11792	1720	15282	7060	0	3430	18458	0	3148	306	2686	5604	2212	6994	11534	5034	630	
151192	Cerebelum_9_L	0	0	0	0	0	0	0	0	0	0	0	0	0	0	0	0	0	0	0	0	0	0	0	0	0	0	0	0	0	0	0	0	0	0	0	0	0	0	0	0	0	0	0	0	0	0	0	0	0	0	0	0	0	0	162	0	0	0	0	0	0	0	0	0	0	0	0	0	0	0	0	0	0	0	0	0	0	0	0	0	0	0	0	0	0	0	0	0	0	0	1138	178	1498	378	2996	0	7724	278	1654	494	1134	238	19970	3430	0	4262	3042	0	1456	3058	4490	1278	3074	5772	5286	2606	
135784	Cerebelum_9_R	0	0	0	0	0	0	0	0	0	0	0	0	0	0	0	0	0	0	0	0	0	0	0	0	0	0	0	0	0	0	0	0	0	0	0	0	0	0	0	0	0	0	0	0	0	0	0	0	0	0	0	0	0	0	0	0	0	0	0	0	0	0	0	0	0	0	0	0	0	0	0	0	0	0	0	0	0	0	0	0	0	0	0	0	0	0	0	0	0	0	250	1202	138	2022	416	1870	1502	1894	958	1580	0	716	2232	18458	4262	0	0	1662	1076	2912	3226	900	1930	6380	8936	3370	
16560	Cerebelum_10_L	0	0	0	0	0	0	0	0	0	0	0	0	0	0	0	0	0	0	0	0	0	0	0	0	0	0	0	0	0	0	0	0	0	0	0	0	0	0	0	0	0	0	0	0	0	0	0	0	0	0	0	0	0	0	0	0	0	0	0	0	0	0	0	0	0	0	0	0	0	0	0	0	0	0	0	0	0	0	0	0	0	0	0	0	0	0	0	0	0	0	1106	0	1228	0	0	0	0	0	190	0	596	0	2118	0	3042	0	0	0	0	0	0	0	0	0	0	0	
21012	Cerebelum_10_R	0	0	0	0	0	0	0	0	0	0	0	0	0	0	0	0	0	0	0	0	0	0	0	0	0	0	0	0	0	0	0	0	0	0	0	0	0	0	0	0	0	0	0	0	0	0	0	0	0	0	0	0	0	0	0	0	0	0	0	0	0	0	0	0	0	0	0	0	0	0	0	0	0	0	0	0	0	0	0	0	0	0	0	0	0	0	0	0	0	0	0	1020	0	1960	0	0	0	590	0	1182	0	348	0	3148	0	1662	0	0	0	0	596	0	0	0	0	0	
42316	Vermis_1_2	0	0	0	0	0	0	0	0	0	0	0	0	0	0	0	0	0	0	0	0	0	0	0	0	0	0	0	0	0	0	0	0	0	0	0	0	0	0	0	0	0	0	0	0	0	0	0	0	0	0	0	0	0	0	0	0	0	0	0	0	0	0	0	0	0	0	0	0	0	0	0	0	0	0	0	0	0	0	0	0	0	0	0	0	0	0	0	0	0	0	138	0	0	146	1814	662	2174	0	404	0	0	0	728	306	1456	1076	0	0	0	6406	3022	200	600	884	780	362	
130056	Vermis_3	0	0	0	0	0	0	0	0	0	0	0	0	0	0	0	0	0	0	0	0	0	0	0	0	0	0	0	0	0	0	0	0	0	0	0	0	0	0	0	0	0	0	0	0	0	0	108	346	0	0	0	0	0	0	0	0	0	0	0	0	0	0	0	0	0	0	0	0	0	0	0	0	0	0	0	0	0	0	0	0	0	0	0	0	0	0	0	0	0	0	830	596	594	1474	4190	6008	6388	2844	2468	1782	144	474	1864	2686	3058	2912	0	0	6406	0	7720	1290	2698	3832	3028	1288	
369872	Vermis_4_5	0	0	0	0	0	0	0	0	0	0	0	0	0	0	0	0	0	0	0	0	0	0	0	0	0	0	0	0	0	0	0	0	0	0	112	492	112	662	0	428	0	0	756	248	0	0	3774	9634	0	0	0	0	0	0	866	2038	0	0	0	0	0	0	0	0	0	0	0	754	0	0	0	0	0	0	0	0	0	0	0	0	0	0	0	0	0	0	0	0	0	0	9362	11560	2586	3034	2676	1246	24506	15892	20198	20116	538	538	2776	5604	4490	3226	0	596	3022	7720	0	10264	5536	5262	2568	1744	
272636	Vermis_6	0	0	0	0	0	0	0	0	0	0	0	0	0	0	0	0	0	0	0	0	0	0	0	0	0	0	0	0	0	0	0	0	0	0	0	0	0	0	0	0	0	0	0	514	0	0	1686	9460	0	0	0	0	0	0	2196	2260	0	0	0	0	0	0	0	0	0	0	0	0	0	0	0	0	0	0	0	0	0	0	0	0	0	0	0	0	0	0	0	0	0	0	13974	15270	4334	5756	622	226	6526	1806	19142	18620	662	966	2056	2212	1278	900	0	0	200	1290	10264	0	9590	2386	366	1756	
266728	Vermis_7	0	0	0	0	0	0	0	0	0	0	0	0	0	0	0	0	0	0	0	0	0	0	0	0	0	0	0	0	0	0	0	0	0	0	0	0	0	0	0	0	0	0	0	0	0	0	0	582	0	0	0	0	0	0	136	116	0	0	0	0	0	0	0	0	0	0	0	0	0	0	0	0	0	0	0	0	0	0	0	0	0	0	0	0	0	0	0	0	0	0	9770	8656	11146	16122	776	262	5106	444	8312	7066	4800	5284	8160	6994	3074	1930	0	0	600	2698	5536	9590	0	10946	2622	2636	
