data	data	545548	341816	807384	817208	159892	130676	487600	287348	77408	40832	194496	244568	232912	294180	162396	96004	200780	126264	679216	1.0109e+06	101624	97792	360200	312900	33204	67992	62860	59820	508448	405736	256808	422620	203284	537592	190476	223896	336492	337356	81176	217340	41288	53276	211020	304120	128924	231724	400984	345484	209628	221800	503776	231404	298988	126148	588696	470968	312316	232904	217208	148456	333596	144392	137788	125188	177556	142708	404436	501644	264392	272744	266428	348936	287472	289612	72128	35576	198468	223516	93784	22768	130948	89888	54776	68792	253324	325836	20504	22252	237176	189624	573384	600572	446816	471244	56280	105420	422228	357696	623428	572660	274948	191624	340428	512536	172920	262740	41604	77504	55096	86740	296920	342900	374196	158504	159468	76556	
data	data	Precentral_L	Precentral_R	Frontal_Sup_L	Frontal_Sup_R	Frontal_Sup_Orb_L	Frontal_Sup_Orb_R	Frontal_Mid_L	Frontal_Mid_R	Frontal_Mid_Orb_L	Frontal_Mid_Orb_R	Frontal_Inf_Oper_L	Frontal_Inf_Oper_R	Frontal_Inf_Tri_L	Frontal_Inf_Tri_R	Frontal_Inf_Orb_L	Frontal_Inf_Orb_R	Rolandic_Oper_L	Rolandic_Oper_R	Supp_Motor_Area_L	Supp_Motor_Area_R	Olfactory_L	Olfactory_R	Frontal_Sup_Medial_L	Frontal_Sup_Medial_R	Frontal_Med_Orb_L	Frontal_Med_Orb_R	Rectus_L	Rectus_R	Insula_L	Insula_R	Cingulum_Ant_L	Cingulum_Ant_R	Cingulum_Mid_L	Cingulum_Mid_R	Cingulum_Post_L	Cingulum_Post_R	Hippocampus_L	Hippocampus_R	ParaHippocampal_L	ParaHippocampal_R	Amygdala_L	Amygdala_R	Calcarine_L	Calcarine_R	Cuneus_L	Cuneus_R	Lingual_L	Lingual_R	Occipital_Sup_L	Occipital_Sup_R	Occipital_Mid_L	Occipital_Mid_R	Occipital_Inf_L	Occipital_Inf_R	Fusiform_L	Fusiform_R	Postcentral_L	Postcentral_R	Parietal_Sup_L	Parietal_Sup_R	Parietal_Inf_L	Parietal_Inf_R	SupraMarginal_L	SupraMarginal_R	Angular_L	Angular_R	Precuneus_L	Precuneus_R	Paracentral_Lobule_L	Paracentral_Lobule_R	Caudate_L	Caudate_R	Putamen_L	Putamen_R	Pallidum_L	Pallidum_R	Thalamus_L	Thalamus_R	Heschl_L	Heschl_R	Temporal_Sup_L	Temporal_Sup_R	Temporal_Pole_Sup_L	Temporal_Pole_Sup_R	Temporal_Mid_L	Temporal_Mid_R	Temporal_Pole_Mid_L	Temporal_Pole_Mid_R	Temporal_Inf_L	Temporal_Inf_R	Cerebelum_Crus1_L	Cerebelum_Crus1_R	Cerebelum_Crus2_L	Cerebelum_Crus2_R	Cerebelum_3_L	Cerebelum_3_R	Cerebelum_4_5_L	Cerebelum_4_5_R	Cerebelum_6_L	Cerebelum_6_R	Cerebelum_7b_L	Cerebelum_7b_R	Cerebelum_8_L	Cerebelum_8_R	Cerebelum_9_L	Cerebelum_9_R	Cerebelum_10_L	Cerebelum_10_R	Vermis_1_2	Vermis_3	Vermis_4_5	Vermis_6	Vermis_7	Vermis_8	Vermis_9	Vermis_10	
545548	Precentral_L	0	378	7258	2204	262	0	15908	248	0	0	11622	160	1858	136	314	0	17032	0	4754	8376	0	0	126	0	0	0	0	0	21082	174	434	0	934	2156	6464	2584	14986	396	1100	0	0	0	504	0	0	0	1062	0	218	0	5222	0	4812	0	3916	0	29314	0	1030	0	10364	0	8880	0	318	0	3832	162	15864	714	5638	1178	10540	0	4156	0	24562	3712	5154	0	3636	0	242	0	3114	0	0	0	3684	0	0	0	0	0	0	0	0	0	0	0	0	0	0	0	0	0	0	0	0	0	0	0	0	0	0	0	
341816	Precentral_R	378	0	3476	20164	0	0	876	11240	0	0	0	3690	0	212	0	0	0	3762	3302	9946	0	0	0	0	0	0	0	0	0	5318	80	0	428	1876	98	3832	0	6364	0	1708	0	0	0	2668	0	652	0	1210	0	0	0	1654	0	1650	0	2518	132	24016	0	946	0	1628	0	2710	0	400	0	8806	238	13056	0	5914	0	3262	0	0	0	12290	0	818	0	574	0	0	0	6196	0	0	0	2740	0	0	0	0	0	0	0	80	0	0	0	0	0	0	0	0	0	0	0	0	0	0	0	0	0	0	
807384	Frontal_Sup_L	7258	3476	0	10386	9802	124	72118	4362	2464	230	10978	1428	21660	1246	9928	166	6304	0	68846	21282	350	0	42980	996	1248	0	556	0	29028	1242	13082	2962	6472	4740	158	0	2480	0	164	0	202	0	0	0	0	0	0	0	0	0	0	0	0	0	278	0	480	0	0	0	0	0	178	0	0	0	0	0	348	0	13378	936	20546	74	4278	0	2602	0	188	0	658	0	892	0	0	0	0	0	138	0	0	0	0	0	0	0	0	0	0	0	0	0	0	0	0	0	0	0	0	0	0	0	0	0	0	0	
817208	Frontal_Sup_R	2204	20164	10386	0	0	7670	2844	31024	0	2638	472	15976	286	17712	0	4786	218	4654	21036	70488	0	204	14236	37392	0	950	0	146	810	18330	4670	27766	1384	14650	470	2492	654	5404	0	1360	0	0	0	0	0	0	0	612	0	0	0	0	0	0	0	188	332	316	0	0	130	0	0	78	0	0	0	1122	926	0	5350	21628	562	11960	206	986	1150	18456	138	0	0	258	0	730	0	0	0	0	0	0	0	0	0	0	0	0	0	0	0	0	0	0	0	0	0	0	0	0	0	0	0	0	0	0	0	0	
159892	Frontal_Sup_Orb_L	262	0	9802	0	0	0	2870	0	11650	0	524	0	2038	0	15738	0	0	0	1518	0	4554	0	2086	0	5306	0	8106	0	9178	0	2706	0	0	0	0	0	192	0	178	0	176	0	0	0	0	0	0	0	0	0	0	0	0	0	0	0	0	0	0	0	0	0	0	0	0	0	0	0	0	0	386	0	2582	0	0	0	0	0	0	0	0	0	94	0	0	0	0	0	0	0	0	0	0	0	0	0	0	0	0	0	0	0	0	0	0	0	0	0	0	0	0	0	0	0	0	0	
130676	Frontal_Sup_Orb_R	0	0	124	7670	0	0	0	2724	0	5474	154	0	0	416	0	5746	0	0	966	2604	790	2780	766	5184	0	5652	168	6022	180	916	874	5720	0	218	0	0	0	0	0	0	0	362	0	0	0	0	0	0	0	0	0	0	0	0	0	0	0	0	0	0	0	0	0	0	0	0	0	0	0	0	1470	4268	138	3702	0	0	0	250	0	0	0	0	0	0	0	0	0	0	0	0	0	0	0	0	0	0	0	0	0	0	0	0	0	0	0	0	0	0	0	0	0	0	0	0	0	0	
487600	Frontal_Mid_L	15908	876	72118	2844	2870	0	0	1242	2684	0	9244	716	31548	590	4038	82	1832	78	11748	3660	82	0	18682	510	116	0	112	0	13824	766	5486	1786	3846	756	288	0	2574	0	408	0	102	0	0	0	0	0	0	0	0	0	0	0	0	0	210	0	786	0	0	0	158	0	228	0	0	0	176	0	122	0	6898	852	12970	0	5442	0	3498	108	310	0	90	0	408	0	0	0	0	0	128	0	0	0	0	0	0	0	0	0	0	0	0	0	0	0	0	0	0	0	0	0	0	0	0	0	0	0	
287348	Frontal_Mid_R	248	11240	4362	31024	0	2724	1242	0	0	1312	208	12632	0	22690	0	2894	78	600	4440	8864	0	0	2334	7462	0	0	0	0	272	10296	564	1866	0	4570	0	272	0	1208	0	420	0	0	0	0	0	0	0	90	0	0	0	0	0	0	0	206	162	440	0	90	0	98	0	86	0	0	0	244	0	0	344	1718	0	4940	0	370	94	760	0	210	0	0	0	0	0	0	0	0	0	0	0	0	0	0	0	0	0	0	0	0	0	0	0	0	0	0	0	0	0	0	0	0	0	0	0	0	
77408	Frontal_Mid_Orb_L	0	0	2464	0	11650	0	2684	0	0	0	206	0	2366	0	12400	0	0	0	434	0	842	0	0	0	548	0	2318	0	2542	0	82	0	0	0	0	0	0	0	0	0	0	0	0	0	0	0	0	0	0	0	0	0	0	0	0	0	0	0	0	0	0	0	0	0	0	0	0	0	0	0	0	0	168	0	0	0	0	0	0	0	0	0	0	0	0	0	0	0	0	0	0	0	0	0	0	0	0	0	0	0	0	0	0	0	0	0	0	0	0	0	0	0	0	0	0	0	
40832	Frontal_Mid_Orb_R	0	0	230	2638	0	5474	0	1312	0	0	114	0	0	390	0	5996	0	0	250	918	0	0	0	0	0	96	0	374	124	290	106	146	0	0	0	0	0	0	0	0	0	0	0	0	0	0	0	0	0	0	0	0	0	0	0	0	0	0	0	0	0	0	0	0	0	0	0	0	0	0	716	914	106	222	0	0	0	0	0	0	0	0	0	0	0	0	0	0	0	0	0	0	0	0	0	0	0	0	0	0	0	0	0	0	0	0	0	0	0	0	0	0	0	0	0	0	
194496	Frontal_Inf_Oper_L	11622	0	10978	472	524	154	9244	208	206	114	0	0	11992	0	732	0	11984	0	6044	102	0	0	1700	0	0	0	0	0	19014	0	1600	0	188	0	200	0	798	0	0	0	0	0	0	0	0	0	0	0	0	0	0	0	0	0	0	0	1730	0	0	0	0	0	202	0	0	0	0	0	0	0	1306	308	2136	0	168	0	184	0	1066	0	984	0	1288	0	0	0	0	0	0	0	0	0	0	0	0	0	0	0	0	0	0	0	0	0	0	0	0	0	0	0	0	0	0	0	0	0	
244568	Frontal_Inf_Oper_R	160	3690	1428	15976	0	0	716	12632	0	0	0	0	0	21990	0	692	0	7638	2446	9810	0	0	0	120	0	0	0	0	0	27884	262	226	0	610	0	0	0	1492	0	880	0	0	0	0	0	0	0	0	0	0	0	0	0	0	0	426	138	1730	0	0	0	0	0	0	0	0	0	0	0	0	76	762	0	6956	0	876	76	448	0	594	0	502	0	1048	0	0	0	0	0	0	0	0	0	0	0	0	0	0	0	0	0	0	0	0	0	0	0	0	0	0	0	0	0	0	0	0	
232912	Frontal_Inf_Tri_L	1858	0	21660	286	2038	0	31548	0	2366	0	11992	0	0	0	10650	0	236	0	5844	242	0	0	4364	0	102	0	316	0	17310	0	1758	106	1080	0	0	0	144	0	0	0	0	0	0	0	0	0	0	0	0	0	0	0	0	0	0	0	108	0	0	0	0	0	0	0	0	0	0	0	0	0	1076	0	850	0	188	0	0	0	0	0	0	0	334	0	0	0	0	0	0	0	0	0	0	0	0	0	0	0	0	0	0	0	0	0	0	0	0	0	0	0	0	0	0	0	0	0	
294180	Frontal_Inf_Tri_R	136	212	1246	17712	0	416	590	22690	0	390	0	21990	0	0	0	4074	0	1474	3838	13220	0	0	1508	4864	0	0	0	0	0	31112	866	3108	0	7358	0	0	0	1382	0	734	0	0	0	0	0	0	0	0	0	0	0	0	0	0	0	402	112	94	0	0	0	0	0	0	0	0	0	0	0	0	0	1448	0	4974	0	764	0	138	0	0	0	108	0	130	0	0	0	0	0	0	0	0	0	0	0	0	0	0	0	0	0	0	0	0	0	0	0	0	0	0	0	0	0	0	0	0	
162396	Frontal_Inf_Orb_L	314	0	9928	0	15738	0	4038	0	12400	0	732	0	10650	0	0	0	0	0	1992	0	2994	0	928	0	0	0	2152	0	15886	0	666	0	0	0	0	0	214	0	202	0	136	0	0	0	0	0	0	0	0	0	0	0	0	0	0	0	0	0	0	0	0	0	0	0	0	0	0	0	0	0	162	0	1282	0	0	0	0	0	0	0	0	0	784	0	0	0	0	0	0	0	0	0	0	0	0	0	0	0	0	0	0	0	0	0	0	0	0	0	0	0	0	0	0	0	0	0	
96004	Frontal_Inf_Orb_R	0	0	166	4786	0	5746	82	2894	0	5996	0	692	0	4074	0	0	0	0	212	2416	82	1128	1554	1710	0	476	0	968	0	6314	328	1858	0	1902	0	0	0	600	0	434	0	310	0	0	0	0	0	0	0	0	0	0	0	0	0	104	0	0	0	0	0	0	0	0	0	0	0	0	0	0	214	1100	0	1744	0	0	0	0	0	0	0	0	0	112	0	0	0	0	0	0	0	0	0	0	0	0	0	0	0	0	0	0	0	0	0	0	0	0	0	0	0	0	0	0	0	0	
200780	Rolandic_Oper_L	17032	0	6304	218	0	0	1832	78	0	0	11984	0	236	0	0	0	0	0	5338	0	0	0	222	0	0	0	0	0	21564	0	330	0	0	0	514	0	1632	0	0	0	0	0	0	0	0	0	0	0	0	0	0	0	0	0	162	0	12834	0	0	0	960	0	2868	0	0	0	256	0	0	0	256	182	1418	0	0	0	228	0	4646	0	6570	0	730	0	1562	0	0	0	434	0	0	0	0	0	0	0	0	0	0	0	0	0	0	0	0	0	0	0	0	0	0	0	0	0	0	0	
126264	Rolandic_Oper_R	0	3762	0	4654	0	0	78	600	0	0	0	7638	0	1474	0	0	0	0	1452	4166	0	0	0	0	0	0	0	0	0	14394	0	0	0	0	0	0	0	1954	0	610	0	0	0	82	0	0	0	86	0	0	0	0	0	76	0	1246	0	4724	0	0	0	0	0	1748	0	0	0	88	0	0	0	0	0	3748	0	102	0	0	0	2856	0	4870	0	1350	0	346	0	0	0	1028	0	0	0	0	0	0	0	0	0	0	0	0	0	0	0	0	0	0	0	0	0	0	0	0	0	0	
679216	Supp_Motor_Area_L	4754	3302	68846	21036	1518	966	11748	4440	434	250	6044	2446	5844	3838	1992	212	5338	1452	0	61426	164	0	7372	3004	136	0	252	0	13942	4956	6082	9986	13342	25738	468	754	1756	148	132	0	138	0	0	0	0	0	0	0	0	0	0	0	0	0	180	0	288	140	0	0	0	0	0	0	0	0	140	86	6912	1466	8840	6468	8804	5420	610	1716	2710	90	264	0	540	0	306	274	0	0	0	0	98	0	0	0	0	0	0	0	0	0	0	0	0	0	0	0	0	0	0	0	0	0	0	0	0	0	0	0	
1.0109e+06	Supp_Motor_Area_R	8376	9946	21282	70488	0	2604	3660	8864	0	918	102	9810	242	13220	0	2416	0	4166	61426	0	0	190	2832	12436	0	0	0	124	584	14690	3604	20700	9918	59924	3558	12986	1920	4184	302	1246	0	86	0	2712	0	576	130	1096	0	0	0	914	0	742	0	2576	336	6776	0	204	0	298	0	1100	0	0	102	6640	18080	28278	4696	20348	824	14580	558	2698	4602	12510	324	0	0	364	0	734	0	3210	0	0	0	2636	0	0	0	0	0	0	0	0	0	0	0	0	0	0	0	0	0	0	0	0	0	0	0	0	0	0	
101624	Olfactory_L	0	0	350	0	4554	790	82	0	842	0	0	0	0	0	2994	82	0	0	164	0	0	5682	130	0	692	114	6212	1564	2826	0	3870	1392	0	0	0	0	508	0	674	0	1066	0	0	0	0	0	0	0	0	0	0	0	0	0	0	0	0	0	0	0	0	0	0	0	0	0	0	0	0	0	6982	3846	4010	544	268	0	0	0	0	0	0	0	574	0	0	0	0	0	0	0	0	0	0	0	0	0	0	0	0	0	0	0	0	0	0	0	0	0	0	0	0	0	0	0	0	0	
97792	Olfactory_R	0	0	0	204	0	2780	0	0	0	0	0	0	0	0	0	1128	0	0	0	190	5682	0	0	0	0	1728	710	5718	0	2298	2818	4242	0	0	0	0	0	544	0	426	0	1714	0	0	0	0	0	0	0	0	0	0	0	0	0	0	0	0	0	0	0	0	0	0	0	0	0	0	0	0	6644	6040	3920	1324	442	0	0	0	0	0	0	0	0	344	0	0	0	0	0	0	0	0	0	0	0	0	0	0	0	0	0	0	0	0	0	0	0	0	0	0	0	0	0	0	0	0	
360200	Frontal_Sup_Medial_L	126	0	42980	14236	2086	766	18682	2334	0	0	1700	0	4364	1508	928	1554	222	0	7372	2832	130	0	0	24328	1732	760	256	0	2378	304	13350	15252	4142	12278	0	0	0	0	0	0	0	0	0	0	0	0	0	0	0	0	0	0	0	0	0	0	0	0	0	0	0	0	0	0	0	0	0	0	0	0	0	1324	1644	378	0	0	0	0	0	0	0	0	154	0	0	0	0	0	0	0	0	0	0	0	0	0	0	0	0	0	0	0	0	0	0	0	0	0	0	0	0	0	0	0	0	0	
312900	Frontal_Sup_Medial_R	0	0	996	37392	0	5184	510	7462	0	0	0	120	0	4864	0	1710	0	0	3004	12436	0	0	24328	0	270	3384	0	142	0	580	4686	24044	300	14558	0	0	0	0	0	0	0	0	0	0	0	0	0	0	0	0	0	0	0	0	0	0	0	0	0	0	0	0	0	0	0	0	0	0	0	0	894	5642	0	3838	0	0	0	106	0	0	0	0	0	0	0	0	0	0	0	0	0	0	0	0	0	0	0	0	0	0	0	0	0	0	0	0	0	0	0	0	0	0	0	0	0	0	
33204	Frontal_Med_Orb_L	0	0	1248	0	5306	0	116	0	548	0	0	0	102	0	0	0	0	0	136	0	692	0	1732	270	0	548	1800	0	208	0	2952	110	0	0	0	0	0	0	0	0	0	0	0	0	0	0	0	0	0	0	0	0	0	0	0	0	0	0	0	0	0	0	0	0	0	0	0	0	0	0	348	0	486	0	0	0	0	0	0	0	0	0	0	0	0	0	0	0	0	0	0	0	0	0	0	0	0	0	0	0	0	0	0	0	0	0	0	0	0	0	0	0	0	0	0	0	
67992	Frontal_Med_Orb_R	0	0	0	950	0	5652	0	0	0	96	0	0	0	0	0	476	0	0	0	0	114	1728	760	3384	548	0	200	4412	0	406	1628	4384	0	0	0	0	0	0	0	0	0	130	0	0	0	0	0	0	0	0	0	0	0	0	0	0	0	0	0	0	0	0	0	0	0	0	0	0	0	0	80	3752	0	5296	0	0	0	0	0	0	0	0	0	0	0	0	0	0	0	0	0	0	0	0	0	0	0	0	0	0	0	0	0	0	0	0	0	0	0	0	0	0	0	0	0	0	
62860	Rectus_L	0	0	556	0	8106	168	112	0	2318	0	0	0	316	0	2152	0	0	0	252	0	6212	710	256	0	1800	200	0	676	612	0	3442	498	0	0	0	0	0	0	0	0	0	0	0	0	0	0	0	0	0	0	0	0	0	0	0	0	0	0	0	0	0	0	0	0	0	0	0	0	0	0	1598	304	1044	98	0	0	0	0	0	0	0	0	0	0	0	0	0	0	0	0	0	0	0	0	0	0	0	0	0	0	0	0	0	0	0	0	0	0	0	0	0	0	0	0	0	0	
59820	Rectus_R	0	0	0	146	0	6022	0	0	0	374	0	0	0	0	0	968	0	0	0	124	1564	5718	0	142	0	4412	676	0	0	858	904	3316	0	0	0	0	0	0	0	0	0	418	0	0	0	0	0	0	0	0	0	0	0	0	0	0	0	0	0	0	0	0	0	0	0	0	0	0	0	0	1526	1364	474	904	0	0	0	0	0	0	0	0	0	0	0	0	0	0	0	0	0	0	0	0	0	0	0	0	0	0	0	0	0	0	0	0	0	0	0	0	0	0	0	0	0	0	
508448	Insula_L	21082	0	29028	810	9178	180	13824	272	2542	124	19014	0	17310	0	15886	0	21564	0	13942	584	2826	0	2378	0	208	0	612	0	0	0	3174	208	250	0	4512	100	15900	0	1332	0	3006	0	176	0	0	0	444	0	0	0	78	0	730	0	2446	0	6444	0	0	0	1518	0	2306	0	0	0	2638	0	280	0	2786	506	12270	0	250	0	2338	90	7698	0	4242	0	3794	0	748	0	0	0	2446	0	0	0	0	0	0	0	76	0	74	0	0	0	0	0	0	0	0	0	0	0	0	0	0	0	0	0	
405736	Insula_R	174	5318	1242	18330	0	916	766	10296	0	290	0	27884	0	31112	0	6314	0	14394	4956	14690	0	2298	304	580	0	406	0	858	0	0	860	2848	0	3342	0	942	0	9312	0	3538	0	2168	0	150	0	0	0	446	0	0	0	0	0	154	0	3622	110	2264	0	0	0	0	0	312	0	0	0	1018	0	366	78	1438	0	16362	0	852	0	474	0	1922	0	3040	0	2078	0	1254	0	0	0	2410	0	0	0	0	0	0	0	224	0	156	0	0	0	0	0	0	0	0	0	0	0	0	0	0	0	0	
256808	Cingulum_Ant_L	434	80	13082	4670	2706	874	5486	564	82	106	1600	262	1758	866	666	328	330	0	6082	3604	3870	2818	13350	4686	2952	1628	3442	904	3174	860	0	15912	5888	4796	0	0	364	0	0	0	0	0	0	0	0	0	0	0	0	0	0	0	0	0	0	0	0	0	0	0	0	0	0	0	0	0	0	0	0	0	7522	3778	7354	1138	260	0	0	0	0	0	0	0	128	0	0	0	0	0	0	0	0	0	0	0	0	0	0	0	0	0	0	0	0	0	0	0	0	0	0	0	0	0	0	0	0	0	
422620	Cingulum_Ant_R	0	0	2962	27766	0	5720	1786	1866	0	146	0	226	106	3108	0	1858	0	0	9986	20700	1392	4242	15252	24044	110	4384	498	3316	208	2848	15912	0	3938	22442	86	0	88	0	0	0	0	0	0	0	0	0	0	0	0	0	0	0	0	0	0	0	0	0	0	0	0	0	0	0	0	0	0	0	0	0	4516	19926	1502	9694	0	0	96	586	0	0	0	0	0	0	0	0	0	0	0	0	0	0	0	0	0	0	0	0	0	0	0	0	0	0	0	0	0	0	0	0	0	0	0	0	0	0	
203284	Cingulum_Mid_L	934	428	6472	1384	0	0	3846	0	0	0	188	0	1080	0	0	0	0	0	13342	9918	0	0	4142	300	0	0	0	0	250	0	5888	3938	0	12950	4464	1084	0	0	0	0	0	0	1034	564	1142	606	160	0	96	574	1466	940	302	368	166	132	904	304	814	222	348	682	0	0	254	1002	4746	6352	2684	1202	0	0	0	0	0	0	0	0	0	0	0	0	0	0	210	2422	0	0	132	1206	0	0	0	0	0	0	0	0	0	0	0	0	0	0	0	0	0	0	0	0	0	0	0	0	0	0	
537592	Cingulum_Mid_R	2156	1876	4740	14650	0	218	756	4570	0	0	0	610	0	7358	0	1902	0	0	25738	59924	0	0	12278	14558	0	0	0	0	0	3342	4796	22442	12950	0	1836	13896	0	1068	0	320	0	0	0	1500	0	888	0	412	0	262	0	762	0	350	0	976	0	1570	0	272	0	310	0	0	0	1256	278	10102	13922	16490	0	2064	116	1210	114	78	184	1402	0	0	0	0	0	0	0	1762	0	0	0	532	0	0	0	0	0	0	0	0	0	0	0	0	0	0	0	0	0	0	0	0	0	0	0	0	0	0	
190476	Cingulum_Post_L	6464	98	158	470	0	0	288	0	0	0	200	0	0	0	0	0	514	0	468	3558	0	0	0	0	0	0	0	0	4512	0	0	86	4464	1836	0	6346	11378	1280	1520	90	0	0	4904	0	702	0	2798	0	0	0	1490	0	2572	0	2220	0	2086	0	0	0	912	0	468	0	0	0	13820	648	5558	1268	118	348	82	0	0	0	4742	3216	1760	0	0	0	0	0	812	0	0	0	984	0	0	0	0	0	0	0	0	0	0	0	0	0	0	0	0	0	0	0	0	0	0	0	0	0	0	0	
223896	Cingulum_Post_R	2584	3832	0	2492	0	0	0	272	0	0	0	0	0	0	0	0	0	0	754	12986	0	0	0	0	0	0	0	0	100	942	0	0	1084	13896	6346	0	2294	9848	444	956	0	0	0	3392	0	198	150	3230	0	0	0	172	0	196	82	688	228	1042	0	0	190	0	0	0	0	0	496	13606	4232	10270	90	956	0	0	0	0	4440	7800	102	0	0	0	0	0	0	458	0	0	0	238	0	0	0	0	0	0	0	668	0	0	0	0	0	0	0	0	0	0	0	0	194	0	0	0	0	0	
336492	Hippocampus_L	14986	0	2480	654	192	0	2574	0	0	0	798	0	144	0	214	0	1632	0	1756	1920	508	0	0	0	0	0	0	0	15900	0	364	88	0	0	11378	2294	0	1160	11616	76	7786	0	2934	0	0	0	4736	0	0	0	1184	0	4068	0	18822	0	2650	0	0	0	2394	0	1578	0	0	0	7720	248	1354	108	1174	262	8940	0	1636	0	6498	2282	4052	0	1360	0	1820	0	718	0	238	0	9532	0	1120	0	0	0	0	0	824	0	1474	0	0	0	0	0	0	0	0	0	0	0	0	0	0	0	0	0	
337356	Hippocampus_R	396	6364	0	5404	0	0	0	1208	0	0	0	1492	0	1382	0	600	0	1954	148	4184	0	544	0	0	0	0	0	0	0	9312	0	0	0	1068	1280	9848	1160	0	364	30526	0	8438	0	1914	0	0	116	5772	0	0	0	0	0	368	0	27392	0	406	0	0	0	0	0	712	0	0	0	7938	122	2240	0	88	0	9550	0	984	948	5886	0	140	0	200	0	1586	0	234	0	0	0	7320	0	566	0	100	0	244	0	4750	0	1980	0	0	0	210	0	164	0	518	0	0	226	110	124	0	98	0	
81176	ParaHippocampal_L	1100	0	164	0	178	0	408	0	0	0	0	0	0	0	202	0	0	0	132	302	674	0	0	0	0	0	0	0	1332	0	0	0	0	0	1520	444	11616	364	0	0	2366	0	678	0	0	0	4196	0	0	0	262	0	742	0	5696	0	0	0	0	0	134	0	112	0	0	0	1658	0	136	0	156	0	986	0	0	0	980	442	0	0	0	0	654	0	0	0	440	0	894	0	182	0	0	0	190	0	668	0	288	0	0	0	142	0	150	0	0	0	0	0	0	0	0	0	0	0	
217340	ParaHippocampal_R	0	1708	0	1360	0	0	0	420	0	0	0	880	0	734	0	434	0	610	0	1246	0	426	0	0	0	0	0	0	0	3538	0	0	0	320	90	956	76	30526	0	0	0	5852	0	690	0	0	0	7018	0	0	0	0	0	214	0	24658	0	258	0	0	0	0	0	440	0	0	0	1892	0	834	0	0	0	5784	0	628	0	1126	0	0	0	0	0	2430	0	0	0	1008	0	2244	0	626	0	88	0	564	0	6066	0	1568	0	0	0	260	0	174	0	582	0	0	0	110	126	0	106	0	
41288	Amygdala_L	0	0	202	0	176	0	102	0	0	0	0	0	0	0	136	0	0	0	138	0	1066	0	0	0	0	0	0	0	3006	0	0	0	0	0	0	0	7786	0	2366	0	0	0	0	0	0	0	0	0	0	0	0	0	0	0	2860	0	0	0	0	0	0	0	0	0	0	0	0	0	0	0	0	0	760	0	0	0	0	0	0	0	0	0	1486	0	0	0	200	0	360	0	0	0	0	0	0	0	0	0	0	0	0	0	0	0	0	0	0	0	0	0	0	0	0	0	0	0	
53276	Amygdala_R	0	0	0	0	0	362	0	0	0	0	0	0	0	0	0	310	0	0	0	86	0	1714	0	0	0	130	0	418	0	2168	0	0	0	0	0	0	0	8438	0	5852	0	0	0	0	0	0	0	0	0	0	0	0	0	0	0	3474	0	0	0	0	0	0	0	0	0	0	0	0	0	0	0	0	0	1300	0	0	0	0	0	0	0	0	0	2126	0	0	0	106	0	0	0	0	0	0	0	0	0	154	0	0	0	0	0	0	0	0	0	0	0	0	0	0	0	0	0	0	
211020	Calcarine_L	504	0	0	0	0	0	0	0	0	0	0	0	0	0	0	0	0	0	0	0	0	0	0	0	0	0	0	0	176	0	0	0	1034	0	4904	0	2934	0	678	0	0	0	0	4932	8544	2038	16224	2478	6932	672	18282	0	9070	0	7332	0	984	0	324	0	620	0	0	0	240	0	14026	568	946	0	0	0	0	0	0	0	0	0	0	0	0	0	0	0	156	0	0	0	610	0	0	0	0	0	0	0	118	0	94	0	0	0	0	0	0	0	0	0	0	0	90	0	0	0	0	0	
304120	Calcarine_R	0	2668	0	0	0	0	0	0	0	0	0	0	0	0	0	0	0	82	0	2712	0	0	0	0	0	0	0	0	0	150	0	0	564	1500	0	3392	0	1914	0	690	0	0	4932	0	1708	20098	1332	22474	0	15656	0	10460	0	6182	0	9346	0	2226	0	222	0	0	0	0	0	0	2244	26586	122	4330	0	0	0	0	0	0	0	0	0	0	0	0	0	0	0	7760	0	0	0	1878	0	88	0	0	0	0	0	380	0	94	0	0	0	0	0	0	0	0	0	0	180	90	0	0	0	0	
128924	Cuneus_L	0	0	0	0	0	0	0	0	0	0	0	0	0	0	0	0	0	0	0	0	0	0	0	0	0	0	0	0	0	0	0	0	1142	0	702	0	0	0	0	0	0	0	8544	1708	0	4268	2118	0	17492	1406	8632	0	758	0	1392	0	376	0	1232	0	222	0	0	0	134	0	12804	1128	310	0	0	0	0	0	0	0	0	0	0	0	0	0	0	0	94	0	0	0	0	0	0	0	0	0	0	0	0	0	0	0	0	0	0	0	0	0	0	0	0	0	0	0	0	0	0	0	
231724	Cuneus_R	0	652	0	0	0	0	0	0	0	0	0	0	0	0	0	0	0	0	0	576	0	0	0	0	0	0	0	0	0	0	0	0	606	888	0	198	0	0	0	0	0	0	2038	20098	4268	0	322	3220	138	28524	0	9622	0	1150	0	562	0	604	0	3678	0	432	0	0	0	2382	6056	23902	76	1278	0	0	0	0	0	0	0	0	0	0	0	0	0	0	0	4446	0	0	0	146	0	0	0	0	0	0	0	0	0	0	0	0	0	0	0	0	0	0	0	0	0	0	0	0	0	0	
400984	Lingual_L	1062	0	0	0	0	0	0	0	0	0	0	0	0	0	0	0	0	0	0	130	0	0	0	0	0	0	0	0	444	0	0	0	160	0	2798	150	4736	116	4196	0	0	0	16224	1332	2118	322	0	5758	4238	222	19230	0	17008	0	34916	1156	1040	0	680	0	612	0	130	0	288	0	8054	114	1040	0	0	0	148	0	0	0	1304	150	232	0	182	0	0	0	164	0	0	0	626	0	9056	2240	1480	550	100	100	12988	5894	18834	3802	0	0	0	0	0	240	0	0	248	262	8732	4048	534	0	0	304	
345484	Lingual_R	0	1210	0	612	0	0	0	90	0	0	0	0	0	0	0	0	0	86	0	1096	0	0	0	0	0	0	0	0	0	446	0	0	0	412	0	3230	0	5772	0	7018	0	0	2478	22474	0	3220	5758	0	0	2366	0	1178	1138	4816	3090	19854	0	604	0	0	0	0	0	0	0	0	206	10040	0	1262	0	0	0	0	0	0	0	902	0	0	0	0	0	0	0	306	0	0	0	986	2082	7144	1654	1200	160	662	5442	15842	5490	10882	0	0	0	0	168	0	0	0	206	390	11826	8590	354	0	0	0	
209628	Occipital_Sup_L	218	0	0	0	0	0	0	0	0	0	0	0	0	0	0	0	0	0	0	0	0	0	0	0	0	0	0	0	0	0	0	0	96	0	0	0	0	0	0	0	0	0	6932	0	17492	138	4238	0	0	0	29510	0	2188	0	1850	0	2472	0	14314	0	4708	0	0	0	2632	0	15418	0	1012	0	0	0	0	0	0	0	0	0	0	0	0	0	0	0	1188	0	0	0	408	0	0	0	0	0	0	0	0	0	0	0	0	0	0	0	0	0	0	0	0	0	0	0	0	0	0	0	
221800	Occipital_Sup_R	0	0	0	0	0	0	0	0	0	0	0	0	0	0	0	0	0	0	0	0	0	0	0	0	0	0	0	0	0	0	0	0	574	262	0	0	0	0	0	0	0	0	672	15656	1406	28524	222	2366	0	0	0	20988	0	1218	0	582	0	640	0	6854	0	406	0	0	0	5776	3050	16430	0	0	0	0	0	0	0	0	0	0	0	0	0	0	0	0	0	5274	0	0	0	0	0	0	0	0	0	0	0	0	0	0	0	0	0	0	0	0	0	0	0	0	0	0	0	0	0	0	
503776	Occipital_Mid_L	5222	0	0	0	0	0	0	0	0	0	0	0	0	0	0	0	0	0	0	0	0	0	0	0	0	0	0	0	78	0	0	0	1466	0	1490	0	1184	0	262	0	0	0	18282	0	8632	0	19230	0	29510	0	0	0	27158	0	18794	0	8646	0	24254	0	19486	0	312	0	20114	0	22894	0	8148	0	0	0	0	0	0	0	114	0	0	0	0	0	0	0	13244	0	0	0	3368	0	0	0	0	0	0	0	0	0	0	0	0	0	0	0	0	0	0	0	0	0	0	0	0	0	0	0	
231404	Occipital_Mid_R	0	1654	0	0	0	0	0	0	0	0	0	0	0	0	0	0	0	0	0	914	0	0	0	0	0	0	0	0	0	0	0	0	940	762	0	172	0	0	0	0	0	0	0	10460	0	9622	0	1178	0	20988	0	0	0	9778	0	1462	0	3648	0	4454	0	800	0	284	0	11218	622	13544	0	2014	0	0	0	0	0	0	0	0	0	0	0	94	0	0	0	20288	0	0	0	806	0	0	0	0	0	0	0	0	0	0	0	0	0	0	0	0	0	0	0	0	0	0	0	0	0	0	
298988	Occipital_Inf_L	4812	0	0	0	0	0	0	0	0	0	0	0	0	0	0	0	0	0	0	0	0	0	0	0	0	0	0	0	730	0	0	0	302	0	2572	0	4068	0	742	0	0	0	9070	0	758	0	17008	1138	2188	0	27158	0	0	0	30014	348	3494	0	1282	0	2472	0	406	0	1384	0	6502	0	4532	0	0	0	148	0	148	0	234	0	162	0	126	0	0	0	6512	0	0	0	9232	0	0	408	0	0	0	0	2756	1822	3114	842	0	0	0	0	0	82	0	0	0	0	2490	350	0	0	0	88	
126148	Occipital_Inf_R	0	1650	0	0	0	0	0	0	0	0	0	0	0	0	0	0	0	76	0	742	0	0	0	0	0	0	0	0	0	154	0	0	368	350	0	196	0	368	0	214	0	0	0	6182	0	1150	0	4816	0	1218	0	9778	0	0	0	7442	0	2982	0	472	0	360	0	0	0	96	0	6246	0	1720	0	0	0	0	0	0	0	0	0	0	0	0	0	0	0	9932	0	0	0	4998	0	282	0	0	0	0	0	394	0	636	0	0	0	0	0	0	0	0	0	0	138	114	0	0	0	0	
588696	Fusiform_L	3916	0	278	0	0	0	210	0	0	0	0	0	0	0	0	0	162	0	180	0	0	0	0	0	0	0	0	0	2446	0	0	0	166	0	2220	82	18822	0	5696	0	2860	0	7332	0	1392	0	34916	3090	1850	0	18794	0	30014	0	0	796	2970	0	920	0	1966	0	412	0	968	0	6204	0	4016	0	0	0	872	0	120	0	388	82	340	0	1782	0	1092	0	5832	0	1426	0	19844	0	27324	1218	2530	348	634	80	18826	4444	39280	2106	146	0	1222	498	726	218	160	102	112	148	6668	2124	716	0	136	126	
470968	Fusiform_R	0	2518	0	188	0	0	0	206	0	0	0	426	0	402	0	104	0	1246	0	2576	0	0	0	0	0	0	0	0	0	3622	0	0	132	976	0	688	0	27392	0	24658	0	3474	0	9346	0	562	1156	19854	0	582	0	1462	348	7442	796	0	0	2322	0	628	0	132	0	558	0	138	0	8986	0	3118	0	0	0	2924	0	130	0	414	0	0	0	284	0	6892	0	1526	0	2518	0	15380	204	20268	170	2146	0	1860	1370	14154	920	25692	0	442	0	4064	0	1328	0	736	164	326	3072	1646	470	126	220	0	
312316	Postcentral_L	29314	132	480	332	0	0	786	162	0	0	1730	138	108	112	0	0	12834	0	288	336	0	0	0	0	0	0	0	0	6444	110	0	0	904	0	2086	228	2650	0	0	0	0	0	984	0	376	0	1040	0	2472	0	8646	0	3494	0	2970	0	0	0	7886	0	21548	0	11380	0	2096	0	9026	166	12526	0	282	0	138	0	122	0	1080	224	2416	0	4896	0	234	0	1594	0	0	0	1388	0	0	0	0	0	0	0	0	0	0	0	0	0	0	0	0	0	0	0	0	0	0	0	0	0	0	0	
232904	Postcentral_R	0	24016	0	316	0	0	0	440	0	0	0	1730	0	94	0	0	0	4724	140	6776	0	0	0	0	0	0	0	0	0	2264	0	0	304	1570	0	1042	0	406	0	258	0	0	0	2226	0	604	0	604	0	640	0	3648	0	2982	0	2322	0	0	0	4894	0	6720	0	7012	0	1000	0	13290	116	13094	0	0	0	1154	0	0	0	0	0	710	0	892	0	0	0	8124	0	0	0	2340	0	0	0	0	0	0	0	0	0	0	0	0	0	0	0	0	0	0	0	0	0	0	0	0	0	0	
217208	Parietal_Sup_L	1030	0	0	0	0	0	0	0	0	0	0	0	0	0	0	0	0	0	0	0	0	0	0	0	0	0	0	0	0	0	0	0	814	0	0	0	0	0	0	0	0	0	324	0	1232	0	680	0	14314	0	24254	0	1282	0	920	0	7886	0	0	0	16724	0	0	0	10186	0	20738	0	3690	0	0	0	0	0	0	0	0	0	0	0	0	0	0	0	2738	0	0	0	1792	0	0	0	0	0	0	0	0	0	0	0	0	0	0	0	0	0	0	0	0	0	0	0	0	0	0	0	
148456	Parietal_Sup_R	0	946	0	0	0	0	0	90	0	0	0	0	0	0	0	0	0	0	0	204	0	0	0	0	0	0	0	0	0	0	0	0	222	272	0	0	0	0	0	0	0	0	0	222	0	3678	0	0	0	6854	0	4454	0	472	0	628	0	4894	0	0	0	15832	0	5428	0	10232	1072	9316	0	478	0	0	0	0	0	0	0	0	0	0	0	554	0	0	0	5824	0	0	0	2556	0	0	0	0	0	0	0	0	0	0	0	0	0	0	0	0	0	0	0	0	0	0	0	0	0	0	
333596	Parietal_Inf_L	10364	0	0	130	0	0	158	0	0	0	0	0	0	0	0	0	960	0	0	0	0	0	0	0	0	0	0	0	1518	0	0	0	348	0	912	190	2394	0	134	0	0	0	620	0	222	0	612	0	4708	0	19486	0	2472	0	1966	0	21548	0	16724	0	0	0	22748	0	28270	0	9568	126	5236	0	0	0	242	0	232	0	1556	190	350	0	914	0	0	0	10586	0	0	0	1314	0	0	0	0	0	0	0	0	0	0	0	0	0	0	0	0	0	0	0	0	0	0	0	0	0	0	0	
144392	Parietal_Inf_R	0	1628	0	0	0	0	0	98	0	0	0	0	0	0	0	0	0	0	0	298	0	0	0	0	0	0	0	0	0	0	0	0	682	310	0	0	0	0	0	0	0	0	0	0	0	432	0	0	0	406	0	800	0	360	0	132	0	6720	0	15832	0	0	0	16196	0	13408	84	3196	0	332	0	0	0	0	0	0	0	0	0	0	0	1054	0	0	0	6146	0	0	0	4082	0	0	0	0	0	0	0	0	0	0	0	0	0	0	0	0	0	0	0	0	0	0	0	0	0	0	
137788	SupraMarginal_L	8880	0	178	0	0	0	228	0	0	0	202	0	0	0	0	0	2868	0	0	0	0	0	0	0	0	0	0	0	2306	0	0	0	0	0	468	0	1578	0	112	0	0	0	0	0	0	0	130	0	0	0	312	0	406	0	412	0	11380	0	0	0	22748	0	0	0	2294	0	518	0	290	0	0	0	188	0	184	0	962	0	262	0	4970	0	0	0	6228	0	0	0	790	0	0	0	0	0	0	0	0	0	0	0	0	0	0	0	0	0	0	0	0	0	0	0	0	0	0	0	
125188	SupraMarginal_R	0	2710	0	78	0	0	0	86	0	0	0	0	0	0	0	0	0	1748	0	1100	0	0	0	0	0	0	0	0	0	312	0	0	0	0	0	0	0	712	0	440	0	0	0	0	0	0	0	0	0	0	0	284	0	0	0	558	0	7012	0	5428	0	16196	0	0	0	7792	0	0	0	1094	0	0	0	0	0	0	0	0	0	276	0	8036	0	0	0	5378	0	0	0	3354	0	0	0	0	0	0	0	0	0	0	0	0	0	0	0	0	0	0	0	0	0	0	0	0	0	0	
177556	Angular_L	318	0	0	0	0	0	0	0	0	0	0	0	0	0	0	0	0	0	0	0	0	0	0	0	0	0	0	0	0	0	0	0	254	0	0	0	0	0	0	0	0	0	240	0	134	0	288	0	2632	0	20114	0	1384	0	968	0	2096	0	10186	0	28270	0	2294	0	0	0	5082	0	852	0	0	0	0	0	0	0	0	0	0	0	636	0	0	0	12398	0	0	0	632	0	0	0	0	0	0	0	0	0	0	0	0	0	0	0	0	0	0	0	0	0	0	0	0	0	0	0	
142708	Angular_R	0	400	0	0	0	0	0	0	0	0	0	0	0	0	0	0	0	0	0	0	0	0	0	0	0	0	0	0	0	0	0	0	1002	1256	0	0	0	0	0	0	0	0	0	0	0	2382	0	0	0	5776	0	11218	0	96	0	138	0	1000	0	10232	0	13408	0	7792	0	0	164	6462	0	74	0	0	0	0	0	0	0	0	0	0	0	2326	0	0	0	6286	0	0	0	1342	0	0	0	0	0	0	0	0	0	0	0	0	0	0	0	0	0	0	0	0	0	0	0	0	0	0	
404436	Precuneus_L	3832	0	0	0	0	0	176	0	0	0	0	0	0	0	0	0	256	0	140	102	0	0	0	0	0	0	0	0	2638	0	0	0	4746	278	13820	496	7720	0	1658	0	0	0	14026	2244	12804	6056	8054	206	15418	3050	22894	622	6502	0	6204	0	9026	0	20738	1072	9568	84	518	0	5082	164	0	8874	5862	204	0	0	0	0	0	0	218	0	314	0	0	0	0	0	3200	376	0	0	2860	0	0	0	0	0	0	0	116	0	0	0	0	0	0	0	0	0	0	0	0	0	0	0	0	0	0	0	
501644	Precuneus_R	162	8806	0	1122	0	0	0	244	0	0	0	0	0	0	0	0	0	88	86	6640	0	0	0	0	0	0	0	0	0	1018	0	0	6352	10102	648	13606	248	7938	0	1892	0	0	568	26586	1128	23902	114	10040	0	16430	0	13544	0	6246	0	8986	166	13290	0	9316	126	3196	0	0	0	6462	8874	0	856	13546	0	82	0	0	0	0	384	1158	0	0	0	128	0	0	0	21864	0	0	0	3532	0	0	0	0	0	0	0	1102	0	0	0	0	0	0	0	0	0	0	0	0	244	0	0	0	0	0	
264392	Paracentral_Lobule_L	15864	238	348	926	0	0	122	0	0	0	0	0	0	0	0	0	0	0	6912	18080	0	0	0	0	0	0	0	0	280	0	0	0	2684	13922	5558	4232	1354	122	136	0	0	0	946	122	310	76	1040	0	1012	0	8148	0	4532	0	4016	0	12526	116	3690	0	5236	0	290	0	852	0	5862	856	0	5308	504	578	0	0	0	0	1136	1006	0	0	0	0	0	0	1386	116	0	0	1754	0	0	0	0	0	0	0	0	0	0	0	0	0	0	0	0	0	0	0	0	0	0	0	0	0	0	0	
272744	Paracentral_Lobule_R	714	13056	0	0	0	0	0	0	0	0	0	0	0	0	0	0	0	0	1466	28278	0	0	0	0	0	0	0	0	0	366	0	0	1202	16490	1268	10270	108	2240	0	834	0	0	0	4330	0	1278	0	1262	0	0	0	2014	0	1720	0	3118	0	13094	0	478	0	332	0	1094	0	74	204	13546	5308	0	0	430	0	0	0	0	230	1262	0	0	0	184	0	0	0	7244	0	0	0	2878	0	0	0	0	0	0	0	0	0	0	0	0	0	0	0	0	0	0	0	0	0	0	0	0	0	0	
266428	Caudate_L	5638	0	13378	5350	386	1470	6898	344	0	716	1306	76	1076	0	162	214	256	0	8840	4696	6982	6644	0	894	348	80	1598	1526	2786	78	7522	4516	0	0	118	90	1174	0	156	0	0	0	0	0	0	0	0	0	0	0	0	0	0	0	0	0	282	0	0	0	0	0	0	0	0	0	0	0	504	0	0	11042	17134	802	4148	0	12018	1420	384	0	0	0	162	0	0	0	0	0	0	0	0	0	0	0	0	0	0	0	0	0	0	0	0	0	0	0	0	0	0	0	0	0	0	0	0	0	
348936	Caudate_R	1178	5914	936	21628	0	4268	852	1718	0	914	308	762	0	1448	0	1100	182	0	6468	20348	3846	6040	1324	5642	0	3752	304	1364	506	1438	3778	19926	0	2064	348	956	262	88	0	0	0	0	0	0	0	0	0	0	0	0	0	0	0	0	0	0	0	0	0	0	0	0	0	0	0	0	0	82	578	430	11042	0	4444	13014	556	2270	2442	19948	0	0	0	0	0	0	0	0	0	0	0	0	0	0	0	0	0	0	0	0	0	0	0	0	0	0	0	0	0	0	0	0	0	0	0	0	0	0	
287472	Putamen_L	10540	0	20546	562	2582	138	12970	0	168	106	2136	0	850	0	1282	0	1418	0	8804	824	4010	3920	1644	0	486	0	1044	474	12270	0	7354	1502	0	116	82	0	8940	0	986	0	760	0	0	0	0	0	148	0	0	0	0	0	148	0	872	0	138	0	0	0	242	0	188	0	0	0	0	0	0	0	17134	4444	0	484	9714	0	2080	492	180	0	410	0	236	0	0	0	0	0	312	0	0	0	0	0	0	0	0	0	0	0	0	0	0	0	0	0	0	0	0	0	0	0	0	0	0	0	
289612	Putamen_R	0	3262	74	11960	0	3702	0	4940	0	222	0	6956	0	4974	0	1744	0	3748	5420	14580	544	1324	378	3838	0	5296	98	904	0	16362	1138	9694	0	1210	0	0	0	9550	0	5784	0	1300	0	0	0	0	0	0	0	0	0	0	0	0	0	2924	0	1154	0	0	0	0	0	0	0	0	0	0	0	0	802	13014	484	0	0	5140	0	1672	0	106	0	0	0	0	0	0	0	0	0	0	0	104	0	0	0	0	0	184	0	220	0	0	0	0	0	0	0	0	0	0	0	0	0	0	0	0	
72128	Pallidum_L	4156	0	4278	206	0	0	5442	0	0	0	168	0	188	0	0	0	0	0	610	558	268	442	0	0	0	0	0	0	250	0	260	0	0	114	0	0	1636	0	0	0	0	0	0	0	0	0	0	0	0	0	0	0	148	0	120	0	122	0	0	0	232	0	184	0	0	0	0	0	0	0	4148	556	9714	0	0	0	2140	0	0	0	0	0	0	0	0	0	0	0	124	0	0	0	0	0	0	0	0	0	0	0	0	0	0	0	0	0	0	0	0	0	0	0	0	0	0	0	
35576	Pallidum_R	0	0	0	986	0	0	0	370	0	0	0	876	0	764	0	0	0	102	1716	2698	0	0	0	0	0	0	0	0	0	852	0	0	0	78	0	0	0	984	0	628	0	0	0	0	0	0	0	0	0	0	0	0	0	0	0	130	0	0	0	0	0	0	0	0	0	0	0	0	0	0	0	2270	0	5140	0	0	0	194	0	0	0	0	0	0	0	0	0	0	0	0	0	0	0	0	0	0	0	0	0	0	0	0	0	0	0	0	0	0	0	0	0	0	0	0	0	0	
198468	Thalamus_L	24562	0	2602	1150	0	0	3498	94	0	0	184	76	0	0	0	0	228	0	2710	4602	0	0	0	0	0	0	0	0	2338	0	0	96	0	184	4742	4440	6498	948	980	0	0	0	0	0	0	0	1304	0	0	0	114	0	234	0	388	0	1080	0	0	0	1556	0	962	0	0	0	218	384	1136	230	12018	2442	2080	0	2140	0	0	10242	1742	0	262	0	0	0	186	0	0	0	584	0	0	0	0	0	0	0	0	0	0	0	0	0	0	0	0	0	0	0	0	0	0	0	0	0	0	0	
223516	Thalamus_R	3712	12290	0	18456	0	250	108	760	0	0	0	448	0	138	0	0	0	0	90	12510	0	0	0	106	0	0	0	0	90	474	0	586	0	1402	3216	7800	2282	5886	442	1126	0	0	0	0	0	0	150	902	0	0	0	0	0	0	82	414	224	0	0	0	190	0	0	0	0	0	0	1158	1006	1262	1420	19948	492	1672	0	194	10242	0	92	0	0	0	0	0	0	0	0	0	0	0	0	0	0	0	0	0	0	138	0	0	0	0	0	0	0	0	0	0	0	0	0	0	0	0	0	0	
93784	Heschl_L	5154	0	188	138	0	0	310	0	0	0	1066	0	0	0	0	0	4646	0	264	324	0	0	0	0	0	0	0	0	7698	0	0	0	0	0	1760	102	4052	0	0	0	0	0	0	0	0	0	232	0	0	0	0	0	162	0	340	0	2416	0	0	0	350	0	262	0	0	0	314	0	0	0	384	0	180	0	0	0	1742	92	0	0	5948	0	0	0	4040	0	0	0	4728	0	0	0	0	0	0	0	0	0	0	0	0	0	0	0	0	0	0	0	0	0	0	0	0	0	0	0	
22768	Heschl_R	0	818	0	0	0	0	0	210	0	0	0	594	0	0	0	0	0	2856	0	0	0	0	0	0	0	0	0	0	0	1922	0	0	0	0	0	0	0	140	0	0	0	0	0	0	0	0	0	0	0	0	0	0	0	0	0	0	0	710	0	0	0	0	0	276	0	0	0	0	0	0	0	0	0	106	0	0	0	0	0	0	0	2702	0	0	0	662	0	0	0	388	0	0	0	0	0	0	0	0	0	0	0	0	0	0	0	0	0	0	0	0	0	0	0	0	0	0	
130948	Temporal_Sup_L	3636	0	658	0	0	0	90	0	0	0	984	0	0	0	0	0	6570	0	540	0	0	0	0	0	0	0	0	0	4242	0	0	0	0	0	0	0	1360	0	0	0	0	0	0	0	0	0	182	0	0	0	0	0	126	0	1782	0	4896	0	0	0	914	0	4970	0	636	0	0	0	0	0	0	0	410	0	0	0	262	0	5948	0	0	0	3210	0	16754	0	0	0	7144	0	0	0	0	0	0	0	80	0	80	0	0	0	0	0	0	0	0	0	0	0	0	0	0	0	0	0	
89888	Temporal_Sup_R	0	574	0	258	0	0	0	0	0	0	0	502	0	108	0	0	0	4870	0	364	0	0	0	0	0	0	0	0	0	3040	0	0	0	0	0	0	0	200	0	0	0	0	0	0	0	0	0	0	0	0	0	94	0	0	0	284	0	892	0	554	0	1054	0	8036	0	2326	0	128	0	184	0	0	0	0	0	0	0	0	0	2702	0	0	0	3600	0	12694	0	246	0	2234	0	0	0	0	0	0	0	0	0	0	0	0	0	0	0	0	0	0	0	0	0	0	0	0	0	0	
54776	Temporal_Pole_Sup_L	242	0	892	0	94	0	408	0	0	0	1288	0	334	0	784	0	730	0	306	0	574	0	154	0	0	0	0	0	3794	0	128	0	0	0	0	0	1820	0	654	0	1486	0	0	0	0	0	0	0	0	0	0	0	0	0	1092	0	234	0	0	0	0	0	0	0	0	0	0	0	0	0	162	0	236	0	0	0	0	0	0	0	3210	0	0	0	3762	0	2170	0	2834	0	0	0	0	0	0	0	0	0	0	0	0	0	0	0	0	0	0	0	0	0	0	0	0	0	0	0	
68792	Temporal_Pole_Sup_R	0	0	0	730	0	0	0	0	0	0	0	1048	0	130	0	112	0	1350	274	734	0	344	0	0	0	0	0	0	0	2078	0	0	0	0	0	0	0	1586	0	2430	0	2126	0	0	0	0	0	0	0	0	0	0	0	0	0	6892	0	0	0	0	0	0	0	0	0	0	0	0	0	0	0	0	0	0	0	0	0	0	0	0	0	3600	0	0	0	3252	0	4222	0	3488	0	0	0	0	0	0	0	0	0	0	0	0	0	0	0	0	0	0	0	0	0	0	0	0	0	0	
253324	Temporal_Mid_L	3114	0	0	0	0	0	0	0	0	0	0	0	0	0	0	0	1562	0	0	0	0	0	0	0	0	0	0	0	748	0	0	0	210	0	812	0	718	0	0	0	0	0	156	0	94	0	164	0	1188	0	13244	0	6512	0	5832	0	1594	0	2738	0	10586	0	6228	0	12398	0	3200	0	1386	0	0	0	0	0	0	0	186	0	4040	0	16754	0	3762	0	0	0	2640	0	26796	0	0	0	0	0	0	0	0	0	0	0	0	0	0	0	0	0	0	0	0	0	0	0	0	0	0	0	
325836	Temporal_Mid_R	0	6196	0	0	0	0	0	0	0	0	0	0	0	0	0	0	0	346	0	3210	0	0	0	0	0	0	0	0	0	1254	0	0	2422	1762	0	458	0	234	0	0	0	0	0	7760	0	4446	0	306	0	5274	0	20288	0	9932	0	1526	0	8124	0	5824	0	6146	0	5378	0	6286	376	21864	116	7244	0	0	0	0	0	0	0	0	0	662	0	12694	0	3252	0	0	0	1202	0	18336	0	0	0	0	0	0	0	0	0	0	0	0	0	0	0	0	0	0	0	0	0	0	0	0	0	0	
20504	Temporal_Pole_Mid_L	0	0	0	0	0	0	0	0	0	0	0	0	0	0	0	0	0	0	0	0	0	0	0	0	0	0	0	0	0	0	0	0	0	0	0	0	238	0	440	0	200	0	0	0	0	0	0	0	0	0	0	0	0	0	1426	0	0	0	0	0	0	0	0	0	0	0	0	0	0	0	0	0	0	0	0	0	0	0	0	0	0	0	2170	0	2640	0	0	0	3138	0	0	0	0	0	0	0	0	0	0	0	0	0	0	0	0	0	0	0	0	0	0	0	0	0	0	0	
22252	Temporal_Pole_Mid_R	0	0	0	0	0	0	0	0	0	0	0	0	0	0	0	0	0	0	0	0	0	0	0	0	0	0	0	0	0	0	0	0	0	0	0	0	0	0	0	1008	0	106	0	0	0	0	0	0	0	0	0	0	0	0	0	2518	0	0	0	0	0	0	0	0	0	0	0	0	0	0	0	0	0	0	0	0	0	0	0	0	0	246	0	4222	0	1202	0	0	0	1824	0	0	0	0	0	0	0	0	0	0	0	0	0	0	0	0	0	0	0	0	0	0	0	0	0	0	
237176	Temporal_Inf_L	3684	0	138	0	0	0	128	0	0	0	0	0	0	0	0	0	434	0	98	0	0	0	0	0	0	0	0	0	2446	0	0	0	132	0	984	0	9532	0	894	0	360	0	610	0	0	0	626	0	408	0	3368	0	9232	0	19844	0	1388	0	1792	0	1314	0	790	0	632	0	2860	0	1754	0	0	0	312	0	124	0	584	0	4728	0	7144	0	2834	0	26796	0	3138	0	0	0	4164	0	894	0	0	0	254	0	2424	0	704	0	768	98	76	0	0	0	0	0	0	0	98	0	0	0	
189624	Temporal_Inf_R	0	2740	0	0	0	0	0	0	0	0	0	0	0	0	0	0	0	1028	0	2636	0	0	0	0	0	0	0	0	0	2410	0	0	1206	532	0	238	0	7320	0	2244	0	0	0	1878	0	146	0	986	0	0	0	806	0	4998	0	15380	0	2340	0	2556	0	4082	0	3354	0	1342	0	3532	0	2878	0	0	0	0	0	0	0	0	0	388	0	2234	0	3488	0	18336	0	1824	0	0	0	1720	0	306	0	0	0	396	0	938	0	226	0	324	0	0	0	0	0	0	0	0	0	0	0	0	
573384	Cerebelum_Crus1_L	0	0	0	0	0	0	0	0	0	0	0	0	0	0	0	0	0	0	0	0	0	0	0	0	0	0	0	0	0	0	0	0	0	0	0	0	1120	0	182	0	0	0	0	0	0	0	9056	2082	0	0	0	0	0	0	27324	204	0	0	0	0	0	0	0	0	0	0	0	0	0	0	0	0	0	0	0	0	0	0	0	0	0	0	0	0	0	0	0	0	4164	0	0	3932	53182	8416	1730	320	25456	2142	63956	3436	16072	3350	15966	5604	3792	944	858	690	162	414	6068	8424	14592	1554	922	578	
600572	Cerebelum_Crus1_R	0	0	0	0	0	0	0	0	0	0	0	0	0	0	0	0	0	0	0	0	0	0	0	0	0	0	0	0	0	0	0	0	0	0	0	0	0	566	0	626	0	0	0	88	0	0	2240	7144	0	0	0	0	408	282	1218	20268	0	0	0	0	0	0	0	0	0	0	0	0	0	0	0	0	0	104	0	0	0	0	0	0	0	0	0	0	0	0	0	0	0	1720	3932	0	3498	48266	202	6586	4070	19648	5706	63222	1248	10508	996	38528	524	11208	0	3266	1270	2918	9000	15372	9310	1644	3354	1346	
446816	Cerebelum_Crus2_L	0	0	0	0	0	0	0	0	0	0	0	0	0	0	0	0	0	0	0	0	0	0	0	0	0	0	0	0	0	0	0	0	0	0	0	0	0	0	0	0	0	0	0	0	0	0	1480	1654	0	0	0	0	0	0	2530	170	0	0	0	0	0	0	0	0	0	0	0	0	0	0	0	0	0	0	0	0	0	0	0	0	0	0	0	0	0	0	0	0	894	0	53182	3498	0	10874	1276	280	9582	1678	22252	2810	30482	5462	26574	6436	5246	1046	1168	472	162	366	4924	6200	16460	4524	1190	536	
471244	Cerebelum_Crus2_R	0	0	0	0	0	0	0	0	0	0	0	0	0	0	0	0	0	0	0	0	0	0	0	0	0	0	0	0	0	0	0	0	0	0	0	0	0	100	0	88	0	0	0	0	0	0	550	1200	0	0	0	0	0	0	348	2146	0	0	0	0	0	0	0	0	0	0	0	0	0	0	0	0	0	0	0	0	0	0	0	0	0	0	0	0	0	0	0	0	0	306	8416	48266	10874	0	142	1254	1342	3162	4756	20148	6344	24892	6034	47000	550	8274	0	1968	256	404	790	7126	20196	5122	2616	952	
56280	Cerebelum_3_L	0	0	0	0	0	0	0	0	0	0	0	0	0	0	0	0	0	0	0	0	0	0	0	0	0	0	0	0	0	0	0	0	0	0	0	0	0	0	190	0	0	0	0	0	0	0	100	160	0	0	0	0	0	0	634	0	0	0	0	0	0	0	0	0	0	0	0	0	0	0	0	0	0	0	0	0	0	0	0	0	0	0	0	0	0	0	0	0	0	0	1730	202	1276	142	0	166	10494	298	3238	242	102	0	360	276	2362	78	304	0	688	2542	1602	296	336	126	196	0	
105420	Cerebelum_3_R	0	0	0	0	0	0	0	0	0	0	0	0	0	0	0	0	0	0	0	0	0	0	0	0	0	0	0	0	0	0	0	0	0	0	0	0	0	244	0	564	0	0	0	0	0	0	100	662	0	0	0	0	0	0	80	1860	0	0	0	0	0	0	0	0	0	0	0	0	0	0	0	0	0	0	0	0	0	0	0	0	0	0	0	0	0	0	0	0	0	0	320	6586	280	1254	166	0	882	8438	710	11382	100	100	176	1866	206	2346	0	492	2138	5404	2396	2058	654	116	624	506	
422228	Cerebelum_4_5_L	0	0	0	0	0	0	0	0	0	0	0	0	0	0	0	0	0	0	0	0	0	0	0	0	0	0	0	0	76	0	0	0	0	0	0	0	824	0	668	0	0	0	118	0	0	0	12988	5442	0	0	0	0	2756	0	18826	1370	0	0	0	0	0	0	0	0	0	0	116	0	0	0	0	0	0	0	0	0	0	0	0	0	80	0	0	0	0	0	0	0	254	0	25456	4070	9582	1342	10494	882	0	9104	43718	6696	536	332	1296	2464	7160	2102	1280	866	1752	2818	19562	7258	3670	1100	2004	2052	
357696	Cerebelum_4_5_R	0	80	0	0	0	0	0	0	0	0	0	0	0	0	0	0	0	0	0	0	0	0	0	0	0	0	0	0	0	224	0	0	0	0	0	668	0	4750	0	6066	0	154	0	380	0	0	5894	15842	0	0	0	0	1822	394	4444	14154	0	0	0	0	0	0	0	0	0	0	0	1102	0	0	0	0	0	184	0	0	0	138	0	0	0	0	0	0	0	0	0	0	0	396	2142	19648	1678	3162	298	8438	9104	0	6690	32984	0	232	92	3790	632	1476	0	1124	1204	2046	17442	8266	744	136	500	328	
623428	Cerebelum_6_L	0	0	0	0	0	0	0	0	0	0	0	0	0	0	0	0	0	0	0	0	0	0	0	0	0	0	0	0	74	0	0	0	0	0	0	0	1474	0	288	0	0	0	94	0	0	0	18834	5490	0	0	0	0	3114	0	39280	920	0	0	0	0	0	0	0	0	0	0	0	0	0	0	0	0	0	0	0	0	0	0	0	0	80	0	0	0	0	0	0	0	2424	0	63956	5706	22252	4756	3238	710	43718	6690	0	8212	4238	1008	8162	6676	6462	2750	1876	1894	296	800	12984	15088	11114	2224	3352	1480	
572660	Cerebelum_6_R	0	0	0	0	0	0	0	0	0	0	0	0	0	0	0	0	0	0	0	0	0	0	0	0	0	0	0	0	0	156	0	0	0	0	0	0	0	1980	0	1568	0	0	0	94	0	0	3802	10882	0	0	0	0	842	636	2106	25692	0	0	0	0	0	0	0	0	0	0	0	0	0	0	0	0	0	220	0	0	0	0	0	0	0	0	0	0	0	0	0	0	0	938	3436	63222	2810	20148	242	11382	6696	32984	8212	0	216	2650	558	17848	1300	8174	184	3792	1992	4422	13608	20014	7050	916	3790	1768	
274948	Cerebelum_7b_L	0	0	0	0	0	0	0	0	0	0	0	0	0	0	0	0	0	0	0	0	0	0	0	0	0	0	0	0	0	0	0	0	0	0	0	0	0	0	0	0	0	0	0	0	0	0	0	0	0	0	0	0	0	0	146	0	0	0	0	0	0	0	0	0	0	0	0	0	0	0	0	0	0	0	0	0	0	0	0	0	0	0	0	0	0	0	0	0	704	0	16072	1248	30482	6344	102	100	536	0	4238	216	0	3454	36412	7496	6564	1540	1340	214	0	110	0	918	10070	7158	1896	114	
191624	Cerebelum_7b_R	0	0	0	0	0	0	0	0	0	0	0	0	0	0	0	0	0	0	0	0	0	0	0	0	0	0	0	0	0	0	0	0	0	0	0	0	0	0	0	0	0	0	0	0	0	0	0	0	0	0	0	0	0	0	0	442	0	0	0	0	0	0	0	0	0	0	0	0	0	0	0	0	0	0	0	0	0	0	0	0	0	0	0	0	0	0	0	0	0	226	3350	10508	5462	24892	0	100	332	232	1008	2650	3454	0	2408	25206	106	2174	0	1118	0	0	0	1014	8354	2410	366	0	
340428	Cerebelum_8_L	0	0	0	0	0	0	0	0	0	0	0	0	0	0	0	0	0	0	0	0	0	0	0	0	0	0	0	0	0	0	0	0	0	0	0	0	0	0	142	0	0	0	0	0	0	0	0	0	0	0	0	0	0	0	1222	0	0	0	0	0	0	0	0	0	0	0	0	0	0	0	0	0	0	0	0	0	0	0	0	0	0	0	0	0	0	0	0	0	768	0	15966	996	26574	6034	360	176	1296	92	8162	558	36412	2408	0	9988	24374	3116	4714	694	0	212	148	2192	10660	8944	3678	328	
512536	Cerebelum_8_R	0	0	0	0	0	0	0	0	0	0	0	0	0	0	0	0	0	0	0	0	0	0	0	0	0	0	0	0	0	0	0	0	0	0	0	0	0	210	0	260	0	0	0	0	0	0	0	0	0	0	0	0	0	0	498	4064	0	0	0	0	0	0	0	0	0	0	0	0	0	0	0	0	0	0	0	0	0	0	0	0	0	0	0	0	0	0	0	0	98	324	5604	38528	6436	47000	276	1866	2464	3790	6676	17848	7496	25206	9988	0	1150	28760	88	4748	496	898	208	4796	18964	11050	5466	1012	
172920	Cerebelum_9_L	0	0	0	0	0	0	0	0	0	0	0	0	0	0	0	0	0	0	0	0	0	0	0	0	0	0	0	0	0	0	0	0	0	0	0	0	0	0	150	0	0	0	0	0	0	0	0	168	0	0	0	0	0	0	726	0	0	0	0	0	0	0	0	0	0	0	0	0	0	0	0	0	0	0	0	0	0	0	0	0	0	0	0	0	0	0	0	0	76	0	3792	524	5246	550	2362	206	7160	632	6462	1300	6564	106	24374	1150	0	2994	7472	276	240	318	1740	2910	1888	1806	3634	1634	
262740	Cerebelum_9_R	0	0	0	0	0	0	0	0	0	0	0	0	0	0	0	0	0	0	0	0	0	0	0	0	0	0	0	0	0	0	0	0	0	0	0	0	0	164	0	174	0	0	0	0	0	0	240	0	0	0	0	0	82	0	218	1328	0	0	0	0	0	0	0	0	0	0	0	0	0	0	0	0	0	0	0	0	0	0	0	0	0	0	0	0	0	0	0	0	0	0	944	11208	1046	8274	78	2346	2102	1476	2750	8174	1540	2174	3116	28760	2994	0	90	4516	1984	1790	1918	7710	8880	6994	12534	5766	
41604	Cerebelum_10_L	0	0	0	0	0	0	0	0	0	0	0	0	0	0	0	0	0	0	0	0	0	0	0	0	0	0	0	0	0	0	0	0	0	0	0	0	0	0	0	0	0	0	0	0	0	0	0	0	0	0	0	0	0	0	160	0	0	0	0	0	0	0	0	0	0	0	0	0	0	0	0	0	0	0	0	0	0	0	0	0	0	0	0	0	0	0	0	0	0	0	858	0	1168	0	304	0	1280	0	1876	184	1340	0	4714	88	7472	90	0	0	0	0	0	270	156	0	842	0	
77504	Cerebelum_10_R	0	0	0	0	0	0	0	0	0	0	0	0	0	0	0	0	0	0	0	0	0	0	0	0	0	0	0	0	0	0	0	0	0	0	0	0	0	518	0	582	0	0	0	0	0	0	0	0	0	0	0	0	0	0	102	736	0	0	0	0	0	0	0	0	0	0	0	0	0	0	0	0	0	0	0	0	0	0	0	0	0	0	0	0	0	0	0	0	0	0	690	3266	472	1968	0	492	866	1124	1894	3792	214	1118	694	4748	276	4516	0	0	330	262	146	2406	3102	764	2284	1390	
55096	Vermis_1_2	0	0	0	0	0	0	0	0	0	0	0	0	0	0	0	0	0	0	0	0	0	0	0	0	0	0	0	0	0	0	0	0	0	0	0	0	0	0	0	0	0	0	0	0	0	0	248	206	0	0	0	0	0	0	112	164	0	0	0	0	0	0	0	0	0	0	0	0	0	0	0	0	0	0	0	0	0	0	0	0	0	0	0	0	0	0	0	0	0	0	162	1270	162	256	688	2138	1752	1204	296	1992	0	0	0	496	240	1984	0	330	0	8436	3058	1160	288	0	394	512	
86740	Vermis_3	0	0	0	0	0	0	0	0	0	0	0	0	0	0	0	0	0	0	0	0	0	0	0	0	0	0	0	0	0	0	0	0	0	0	0	0	0	0	0	0	0	0	0	0	0	0	262	390	0	0	0	0	0	0	148	326	0	0	0	0	0	0	0	0	0	0	0	0	0	0	0	0	0	0	0	0	0	0	0	0	0	0	0	0	0	0	0	0	0	0	414	2918	366	404	2542	5404	2818	2046	800	4422	110	0	212	898	318	1790	0	262	8436	0	4318	1838	666	112	568	582	
296920	Vermis_4_5	0	0	0	0	0	0	0	0	0	0	0	0	0	0	0	0	0	0	0	0	0	0	0	0	0	0	0	0	0	0	0	0	0	0	0	194	0	226	0	0	0	0	90	180	0	0	8732	11826	0	0	0	0	2490	138	6668	3072	0	0	0	0	0	0	0	0	0	0	0	244	0	0	0	0	0	0	0	0	0	0	0	0	0	0	0	0	0	0	0	0	0	0	6068	9000	4924	790	1602	2396	19562	17442	12984	13608	0	0	148	208	1740	1918	0	146	3058	4318	0	11188	610	0	664	2226	
