data	data	550996	226192	1.04626e+06	878700	138092	137880	508324	236688	128556	40528	221804	232604	283212	149616	225388	113148	169444	98236	662000	738504	52720	49884	460372	500172	18796	98116	34496	42600	563972	301876	377532	434108	102392	610456	84232	93664	193376	159824	63552	50960	21864	35900	196140	297020	140952	232104	172084	193124	140236	283124	438500	317920	91180	48852	197116	201552	276348	278564	125944	101684	190604	123140	117212	95408	133692	128496	186764	278188	130356	102904	189856	294840	308468	386312	55460	30196	110740	99380	41920	10412	121068	69588	80508	34732	246676	171456	24924	13872	187780	122124	285308	272108	306504	287900	12880	10988	173552	110548	272720	223492	189132	148852	216544	228216	50012	49940	9104	1664	13024	19592	108084	101560	137632	64348	38504	9864	
data	data	Precentral_L	Precentral_R	Frontal_Sup_L	Frontal_Sup_R	Frontal_Sup_Orb_L	Frontal_Sup_Orb_R	Frontal_Mid_L	Frontal_Mid_R	Frontal_Mid_Orb_L	Frontal_Mid_Orb_R	Frontal_Inf_Oper_L	Frontal_Inf_Oper_R	Frontal_Inf_Tri_L	Frontal_Inf_Tri_R	Frontal_Inf_Orb_L	Frontal_Inf_Orb_R	Rolandic_Oper_L	Rolandic_Oper_R	Supp_Motor_Area_L	Supp_Motor_Area_R	Olfactory_L	Olfactory_R	Frontal_Sup_Medial_L	Frontal_Sup_Medial_R	Frontal_Med_Orb_L	Frontal_Med_Orb_R	Rectus_L	Rectus_R	Insula_L	Insula_R	Cingulum_Ant_L	Cingulum_Ant_R	Cingulum_Mid_L	Cingulum_Mid_R	Cingulum_Post_L	Cingulum_Post_R	Hippocampus_L	Hippocampus_R	ParaHippocampal_L	ParaHippocampal_R	Amygdala_L	Amygdala_R	Calcarine_L	Calcarine_R	Cuneus_L	Cuneus_R	Lingual_L	Lingual_R	Occipital_Sup_L	Occipital_Sup_R	Occipital_Mid_L	Occipital_Mid_R	Occipital_Inf_L	Occipital_Inf_R	Fusiform_L	Fusiform_R	Postcentral_L	Postcentral_R	Parietal_Sup_L	Parietal_Sup_R	Parietal_Inf_L	Parietal_Inf_R	SupraMarginal_L	SupraMarginal_R	Angular_L	Angular_R	Precuneus_L	Precuneus_R	Paracentral_Lobule_L	Paracentral_Lobule_R	Caudate_L	Caudate_R	Putamen_L	Putamen_R	Pallidum_L	Pallidum_R	Thalamus_L	Thalamus_R	Heschl_L	Heschl_R	Temporal_Sup_L	Temporal_Sup_R	Temporal_Pole_Sup_L	Temporal_Pole_Sup_R	Temporal_Mid_L	Temporal_Mid_R	Temporal_Pole_Mid_L	Temporal_Pole_Mid_R	Temporal_Inf_L	Temporal_Inf_R	Cerebelum_Crus1_L	Cerebelum_Crus1_R	Cerebelum_Crus2_L	Cerebelum_Crus2_R	Cerebelum_3_L	Cerebelum_3_R	Cerebelum_4_5_L	Cerebelum_4_5_R	Cerebelum_6_L	Cerebelum_6_R	Cerebelum_7b_L	Cerebelum_7b_R	Cerebelum_8_L	Cerebelum_8_R	Cerebelum_9_L	Cerebelum_9_R	Cerebelum_10_L	Cerebelum_10_R	Vermis_1_2	Vermis_3	Vermis_4_5	Vermis_6	Vermis_7	Vermis_8	Vermis_9	Vermis_10	
550996	Precentral_L	0	314	37702	8412	0	0	20072	246	0	0	12860	336	1600	0	0	0	8826	0	29016	19780	0	0	194	0	0	0	0	0	13064	112	2180	150	988	9096	3360	236	5428	0	114	0	0	0	536	0	740	0	0	0	112	0	3146	0	0	0	114	0	32262	1282	986	0	3984	0	372	0	424	0	562	0	14618	4930	3124	1052	8376	174	4758	0	14442	498	1624	0	618	0	0	0	1846	0	0	0	832	0	0	0	0	0	0	0	0	0	0	0	0	0	0	0	0	0	0	0	0	0	0	0	0	0	0	0	
226192	Precentral_R	314	0	126	6292	0	0	0	8106	0	0	0	13906	0	486	0	0	0	1948	132	4344	0	0	0	0	0	0	0	0	0	4026	0	0	0	628	188	222	0	1954	0	0	0	0	0	816	0	570	0	0	0	1576	0	2796	0	0	0	228	0	37972	0	3298	0	2572	0	4680	0	1314	290	3406	332	3104	0	280	0	2972	0	216	0	472	0	94	0	658	0	0	0	1252	0	0	0	1526	0	0	0	0	0	0	0	0	0	0	0	0	0	0	0	0	0	0	0	0	0	0	0	0	0	0	
1.04626e+06	Frontal_Sup_L	37702	126	0	15310	11894	152	73818	282	8188	0	13434	664	22080	614	14068	184	4704	402	79002	21592	0	0	55664	9136	358	158	320	0	33792	958	27744	6510	2924	17058	224	88	3482	0	348	0	0	0	0	0	0	0	0	0	0	0	0	0	0	0	242	0	1706	0	0	0	0	0	0	0	0	0	0	0	2798	0	8308	774	20904	1104	4840	0	16556	222	606	0	698	0	694	0	268	0	0	0	432	0	0	0	0	0	0	0	0	0	0	0	0	0	0	0	0	0	0	0	0	0	0	0	0	0	0	0	
878700	Frontal_Sup_R	8412	6292	15310	0	0	9012	1740	40180	0	1762	180	7420	102	6182	0	4758	1010	3580	18996	69560	0	0	17844	54090	0	4430	0	818	1826	12068	5824	34716	608	36804	244	880	342	4480	124	106	0	0	0	146	0	134	0	0	0	258	0	656	0	0	0	0	990	3564	0	80	0	180	0	126	0	0	0	458	2264	258	4990	17400	858	22262	84	3294	204	10614	0	0	192	162	0	154	0	142	0	0	0	180	0	0	0	0	0	0	0	0	0	0	0	0	0	0	0	0	0	0	0	0	0	0	0	0	0	0	
138092	Frontal_Sup_Orb_L	0	0	11894	0	0	0	1226	0	13714	0	0	0	202	0	11826	0	0	0	188	0	1424	0	2130	0	2436	150	5304	0	6232	0	3170	0	122	0	0	0	0	0	0	0	0	0	0	0	0	0	0	0	0	0	0	0	0	0	0	0	0	0	0	0	0	0	0	0	0	0	0	0	0	0	598	0	7862	0	0	0	0	0	0	0	0	0	568	0	0	0	0	0	0	0	0	0	0	0	0	0	0	0	0	0	0	0	0	0	0	0	0	0	0	0	0	0	0	0	0	0	
137880	Frontal_Sup_Orb_R	0	0	152	9012	0	0	0	2194	0	3780	0	174	0	164	0	5176	0	0	82	346	0	1350	1486	7380	0	8226	0	7012	0	1562	646	4950	0	0	0	0	0	0	0	0	0	0	0	0	0	0	0	0	0	0	0	0	0	0	0	0	0	0	0	0	0	0	0	0	0	0	0	0	0	0	0	5944	0	9304	0	0	0	0	0	0	0	0	0	0	0	0	0	0	0	0	0	0	0	0	0	0	0	0	0	0	0	0	0	0	0	0	0	0	0	0	0	0	0	0	0	0	
508324	Frontal_Mid_L	20072	0	73818	1740	1226	0	0	0	3036	0	14032	448	40226	0	13480	0	2670	0	9158	1076	0	0	21332	2220	0	0	0	0	24196	80	6690	996	1342	1612	128	0	2020	0	368	0	0	0	0	0	0	0	0	0	0	0	178	0	0	0	84	0	1256	0	0	0	100	0	86	0	0	0	0	0	0	0	470	534	3988	122	1744	0	2084	114	772	0	194	0	0	0	306	0	0	0	164	0	0	0	0	0	0	0	0	0	0	0	0	0	0	0	0	0	0	0	0	0	0	0	0	0	0	0	
236688	Frontal_Mid_R	246	8106	282	40180	0	2194	0	0	0	1290	0	10032	0	11622	0	2684	0	886	900	9326	0	0	0	2404	0	0	0	0	0	5678	280	810	0	1478	0	0	0	1078	0	0	0	0	0	0	0	0	0	0	0	0	0	0	0	0	0	82	0	2822	0	810	0	130	0	116	0	0	0	126	0	0	168	3112	0	7000	0	3102	0	966	0	0	0	0	0	0	0	0	0	0	0	434	0	0	0	0	0	0	0	0	0	0	0	0	0	0	0	0	0	0	0	0	0	0	0	0	0	0	
128556	Frontal_Mid_Orb_L	0	0	8188	0	13714	0	3036	0	0	0	156	0	1208	0	20778	0	0	0	1016	0	0	0	1030	0	168	0	3028	0	7132	0	1396	0	414	0	0	0	0	0	0	0	0	0	0	0	0	0	0	0	0	0	0	0	0	0	0	0	0	0	0	0	0	0	0	0	0	0	0	0	0	0	166	0	2744	0	0	0	0	0	0	0	0	0	104	0	0	0	0	0	0	0	0	0	0	0	0	0	0	0	0	0	0	0	0	0	0	0	0	0	0	0	0	0	0	0	0	0	
40528	Frontal_Mid_Orb_R	0	0	0	1762	0	3780	0	1290	0	0	0	664	0	346	0	7122	0	122	0	416	0	0	0	704	0	0	0	156	0	1336	0	240	0	160	0	0	0	0	0	0	0	0	0	0	0	0	0	0	0	0	0	0	0	0	0	0	0	0	0	0	0	0	0	0	0	0	0	0	0	0	0	698	0	1468	0	0	0	0	0	0	0	0	0	0	0	0	0	0	0	0	0	0	0	0	0	0	0	0	0	0	0	0	0	0	0	0	0	0	0	0	0	0	0	0	0	0	
221804	Frontal_Inf_Oper_L	12860	0	13434	180	0	0	14032	0	156	0	0	86	16664	0	340	0	7370	0	7266	230	0	0	3598	0	0	0	0	0	13176	0	9028	128	98	202	0	0	790	0	0	0	0	0	0	0	0	0	0	0	0	0	0	0	0	0	126	0	2554	0	0	0	0	0	0	0	0	0	0	0	0	0	658	126	3396	0	1176	0	220	0	190	0	960	0	1702	0	0	0	0	0	156	0	0	0	0	0	0	0	0	0	0	0	0	0	0	0	0	0	0	0	0	0	0	0	0	0	0	0	
232604	Frontal_Inf_Oper_R	336	13906	664	7420	0	174	448	10032	0	664	86	0	0	15112	0	1400	0	4006	1560	7202	0	0	234	3052	0	114	0	0	372	11506	818	3728	0	4902	0	0	142	1736	0	0	0	0	0	162	0	130	0	0	0	422	0	680	0	0	0	134	0	7202	0	1868	0	494	0	394	0	770	0	1132	0	194	628	2278	266	7032	0	98	0	218	0	242	0	554	0	378	0	264	0	0	0	1148	0	0	0	0	0	0	0	0	0	0	0	0	0	0	0	0	0	0	0	0	0	0	0	0	0	0	
283212	Frontal_Inf_Tri_L	1600	0	22080	102	202	0	40226	0	1208	0	16664	0	0	0	13946	0	1810	0	6150	0	0	0	5810	140	0	0	0	0	23744	0	5336	0	296	122	0	0	316	0	0	0	0	0	0	0	0	0	0	0	0	0	0	0	0	0	132	0	126	0	0	0	0	0	0	0	0	0	0	0	0	0	312	0	414	0	0	0	0	0	0	0	210	0	538	0	0	0	0	0	122	0	0	0	0	0	0	0	0	0	0	0	0	0	0	0	0	0	0	0	0	0	0	0	0	0	0	0	
149616	Frontal_Inf_Tri_R	0	486	614	6182	0	164	0	11622	0	346	0	15112	0	0	0	6060	0	248	1606	4324	0	0	262	4196	0	106	0	0	160	10778	868	3436	0	4916	0	0	0	0	0	0	0	0	0	0	0	0	0	0	0	0	0	0	0	0	0	0	0	448	0	0	0	0	0	0	0	0	0	0	0	0	444	1110	0	1192	0	0	0	128	0	0	0	0	0	0	0	0	0	0	0	0	0	0	0	0	0	0	0	0	0	0	0	0	0	0	0	0	0	0	0	0	0	0	0	0	0	0	
225388	Frontal_Inf_Orb_L	0	0	14068	0	11826	0	13480	0	20778	0	340	0	13946	0	0	0	0	0	1424	0	1266	0	1336	0	0	0	1044	0	22514	0	2014	0	564	0	0	0	0	0	0	0	0	0	0	0	0	0	0	0	0	0	0	0	0	0	0	0	0	0	0	0	0	0	0	0	0	0	0	0	0	0	300	0	5986	0	0	0	0	0	0	0	0	0	1808	0	0	0	0	0	0	0	0	0	0	0	0	0	0	0	0	0	0	0	0	0	0	0	0	0	0	0	0	0	0	0	0	0	
113148	Frontal_Inf_Orb_R	0	0	184	4758	0	5176	0	2684	0	7122	0	1400	0	6060	0	0	0	354	530	2312	0	340	88	2352	0	0	0	830	0	7886	86	1618	0	3082	0	0	0	102	0	0	0	0	0	0	0	0	0	0	0	0	0	0	0	0	0	0	0	0	0	0	0	0	0	0	0	0	0	0	0	0	0	4538	0	3834	0	0	0	1238	0	0	0	0	0	0	0	0	0	0	0	0	0	0	0	0	0	0	0	0	0	0	0	0	0	0	0	0	0	0	0	0	0	0	0	0	0	0	
169444	Rolandic_Oper_L	8826	0	4704	1010	0	0	2670	0	0	0	7370	0	1810	0	0	0	0	0	2486	1042	0	0	334	0	0	0	0	0	17594	0	3344	0	182	1032	0	0	1586	0	0	0	0	0	108	0	196	0	0	0	84	0	1628	0	0	0	140	0	9734	0	498	0	612	0	1926	0	128	0	474	0	98	0	1016	0	622	0	86	0	122	0	2642	0	5702	0	1756	0	1820	0	0	0	1340	0	0	0	0	0	0	0	0	0	0	0	0	0	0	0	0	0	0	0	0	0	0	0	0	0	0	0	
98236	Rolandic_Oper_R	0	1948	402	3580	0	0	0	886	0	122	0	4006	0	248	0	354	0	0	752	3782	0	0	0	86	0	0	0	0	120	10872	390	876	0	1842	0	0	0	496	0	0	0	0	0	114	0	0	0	0	0	138	0	182	0	0	0	0	0	3544	0	466	0	802	0	2854	0	164	0	520	0	0	328	336	0	3774	0	84	0	186	0	1526	0	2606	0	416	0	316	0	0	0	0	0	0	0	0	0	0	0	0	0	0	0	0	0	0	0	0	0	0	0	0	0	0	0	0	0	0	
662000	Supp_Motor_Area_L	29016	132	79002	18996	188	82	9158	900	1016	0	7266	1560	6150	1606	1424	530	2486	752	0	41280	0	0	6130	6618	0	0	0	0	13506	2110	10682	6286	6444	25502	640	82	2320	100	0	0	0	0	0	0	0	0	0	0	0	0	0	0	0	0	182	0	1190	0	0	0	0	0	0	0	0	0	0	0	5380	0	12492	1916	16086	2838	4040	0	3306	168	0	0	586	0	538	0	0	0	0	0	314	0	0	0	0	0	0	0	0	0	0	0	0	0	0	0	0	0	0	0	0	0	0	0	0	0	0	0	
738504	Supp_Motor_Area_R	19780	4344	21592	69560	0	346	1076	9326	0	416	230	7202	0	4324	0	2312	1042	3782	41280	0	0	0	814	13728	0	358	0	0	1764	11748	2388	7924	2108	45754	2202	2904	182	676	0	0	0	0	0	338	0	256	0	0	0	478	0	994	0	0	0	210	1034	5596	0	0	0	132	0	0	0	0	0	742	12372	14982	8230	15798	1204	18638	0	1224	186	6242	0	142	196	0	0	148	0	266	0	0	80	602	0	0	0	0	0	0	0	0	0	0	0	0	0	0	0	0	0	0	0	0	0	0	0	0	0	0	
52720	Olfactory_L	0	0	0	0	1424	0	0	0	0	0	0	0	0	0	1266	0	0	0	0	0	0	2952	0	0	364	0	1058	142	2784	0	1914	948	0	0	0	0	672	0	314	0	1188	0	0	0	0	0	0	0	0	0	0	0	0	0	412	0	0	0	0	0	0	0	0	0	0	0	0	0	0	0	3984	2216	3088	562	0	0	0	0	0	0	0	0	1072	0	0	0	0	0	0	0	0	0	0	0	0	0	0	0	0	0	0	0	0	0	0	0	0	0	0	0	0	0	0	0	0	0	
49884	Olfactory_R	0	0	0	0	0	1350	0	0	0	0	0	0	0	0	0	340	0	0	0	0	2952	0	0	0	84	292	118	1696	0	1480	1314	1614	0	0	0	0	0	0	0	0	0	776	0	0	0	0	0	0	0	0	0	0	0	0	0	0	0	0	0	0	0	0	0	0	0	0	0	0	0	0	4432	4480	3118	896	0	0	0	0	0	0	0	0	0	0	0	0	0	0	0	0	0	0	0	0	0	0	0	0	0	0	0	0	0	0	0	0	0	0	0	0	0	0	0	0	0	0	
460372	Frontal_Sup_Medial_L	194	0	55664	17844	2130	1486	21332	0	1030	0	3598	234	5810	262	1336	88	334	0	6130	814	0	0	0	35278	858	2234	0	0	5764	0	24094	22470	4736	14178	0	0	0	0	0	0	0	0	0	0	0	0	0	0	0	0	0	0	0	0	0	0	0	0	0	0	0	0	0	0	0	0	0	0	0	0	218	444	986	458	0	0	0	0	0	0	82	0	100	0	0	0	0	0	0	0	0	0	0	0	0	0	0	0	0	0	0	0	0	0	0	0	0	0	0	0	0	0	0	0	0	0	
500172	Frontal_Sup_Medial_R	0	0	9136	54090	0	7380	2220	2404	0	704	0	3052	140	4196	0	2352	0	86	6618	13728	0	0	35278	0	0	9232	0	914	202	1866	5722	39404	592	34290	0	0	0	0	0	0	0	0	0	0	0	0	0	0	0	0	0	0	0	0	0	0	0	0	0	0	0	0	0	0	0	0	0	0	0	0	422	8174	0	7798	0	0	0	86	0	0	0	0	0	0	0	0	0	0	0	0	0	0	0	0	0	0	0	0	0	0	0	0	0	0	0	0	0	0	0	0	0	0	0	0	0	0	
18796	Frontal_Med_Orb_L	0	0	358	0	2436	0	0	0	168	0	0	0	0	0	0	0	0	0	0	0	364	84	858	0	0	676	1332	0	0	0	2018	0	0	0	0	0	0	0	0	0	0	0	0	0	0	0	0	0	0	0	0	0	0	0	0	0	0	0	0	0	0	0	0	0	0	0	0	0	0	0	390	86	628	0	0	0	0	0	0	0	0	0	0	0	0	0	0	0	0	0	0	0	0	0	0	0	0	0	0	0	0	0	0	0	0	0	0	0	0	0	0	0	0	0	0	0	
98116	Frontal_Med_Orb_R	0	0	158	4430	150	8226	0	0	0	0	0	114	0	106	0	0	0	0	0	358	0	292	2234	9232	676	0	0	3910	0	0	1776	7826	0	0	0	0	0	0	0	0	0	0	0	0	0	0	0	0	0	0	0	0	0	0	0	0	0	0	0	0	0	0	0	0	0	0	0	0	0	0	0	5498	120	3952	0	0	0	0	0	0	0	0	0	0	0	0	0	0	0	0	0	0	0	0	0	0	0	0	0	0	0	0	0	0	0	0	0	0	0	0	0	0	0	0	0	0	
34496	Rectus_L	0	0	320	0	5304	0	0	0	3028	0	0	0	0	0	1044	0	0	0	0	0	1058	118	0	0	1332	0	0	0	312	0	1652	0	0	0	0	0	0	0	0	0	0	0	0	0	0	0	0	0	0	0	0	0	0	0	0	0	0	0	0	0	0	0	0	0	0	0	0	0	0	0	1378	0	1702	0	0	0	0	0	0	0	0	0	0	0	0	0	0	0	0	0	0	0	0	0	0	0	0	0	0	0	0	0	0	0	0	0	0	0	0	0	0	0	0	0	0	0	
42600	Rectus_R	0	0	0	818	0	7012	0	0	0	156	0	0	0	0	0	830	0	0	0	0	142	1696	0	914	0	3910	0	0	0	486	0	950	0	0	0	0	0	0	0	0	0	126	0	0	0	0	0	0	0	0	0	0	0	0	0	0	0	0	0	0	0	0	0	0	0	0	0	0	0	0	144	2312	106	1698	0	0	0	0	0	0	0	0	0	0	0	0	0	0	0	0	0	0	0	0	0	0	0	0	0	0	0	0	0	0	0	0	0	0	0	0	0	0	0	0	0	0	
563972	Insula_L	13064	0	33792	1826	6232	0	24196	0	7132	0	13176	372	23744	160	22514	0	17594	120	13506	1764	2784	0	5764	202	0	0	312	0	0	456	15232	224	844	1630	0	0	12278	0	926	0	758	0	118	0	120	0	0	0	0	0	1540	0	0	0	2640	0	10400	0	252	0	222	0	920	0	0	0	152	0	0	0	1932	156	17470	562	108	0	1358	238	4042	0	5866	0	5264	0	3774	0	0	0	4250	0	0	0	0	0	0	0	0	0	0	0	0	0	0	0	0	0	0	0	0	0	0	0	0	0	0	0	
301876	Insula_R	112	4026	958	12068	0	1562	80	5678	0	1336	0	11506	0	10778	0	7886	0	10872	2110	11748	0	1480	0	1866	0	0	0	486	456	0	652	2130	0	4070	0	0	184	4104	0	224	0	1284	0	112	0	0	0	0	0	316	0	506	0	0	0	1050	0	5500	0	744	0	280	0	108	0	226	0	670	0	98	1230	4116	224	29014	0	208	0	908	0	1146	0	3030	0	578	0	1116	0	0	0	2102	0	0	0	0	0	0	0	0	0	0	0	0	0	0	0	0	0	0	0	0	0	0	0	0	0	0	
377532	Cingulum_Ant_L	2180	0	27744	5824	3170	646	6690	280	1396	0	9028	818	5336	868	2014	86	3344	390	10682	2388	1914	1314	24094	5722	2018	1776	1652	0	15232	652	0	14560	6302	4490	0	0	664	0	0	0	0	0	0	0	0	0	0	0	0	0	0	0	0	0	236	0	204	0	0	0	0	0	0	0	0	0	0	0	0	0	7566	1670	12730	1460	134	0	0	0	0	0	382	0	846	0	0	0	0	0	264	0	0	0	0	0	0	0	0	0	0	0	0	0	0	0	0	0	0	0	0	0	0	0	0	0	0	0	
434108	Cingulum_Ant_R	150	0	6510	34716	0	4950	996	810	0	240	128	3728	0	3436	0	1618	0	876	6286	7924	948	1614	22470	39404	0	7826	0	950	224	2130	14560	0	1810	28996	0	0	0	0	0	0	0	0	0	0	0	0	0	0	0	0	0	0	0	0	0	0	0	0	0	0	0	0	0	0	0	0	0	0	0	0	3064	11270	1054	8198	0	0	0	168	0	0	0	0	0	0	0	0	0	0	0	0	0	0	0	0	0	0	0	0	0	0	0	0	0	0	0	0	0	0	0	0	0	0	0	0	0	0	
102392	Cingulum_Mid_L	988	0	2924	608	122	0	1342	0	414	0	98	0	296	0	564	0	182	0	6444	2108	0	0	4736	592	0	0	0	0	844	0	6302	1810	0	4694	2894	634	0	0	0	0	0	0	0	0	212	0	0	0	464	0	2654	0	0	0	0	0	902	0	110	0	744	0	564	0	452	0	2450	0	3576	138	230	0	0	0	0	0	0	0	0	0	104	0	0	0	0	0	0	0	0	0	0	0	0	0	0	0	0	0	0	0	0	0	0	0	0	0	0	0	0	0	0	0	0	0	0	0	
610456	Cingulum_Mid_R	9096	628	17058	36804	0	0	1612	1478	0	160	202	4902	122	4916	0	3082	1032	1842	25502	45754	0	0	14178	34290	0	0	0	0	1630	4070	4490	28996	4694	0	1824	5450	104	102	0	0	0	0	0	2108	0	2880	0	134	0	3834	0	3330	0	0	0	112	952	3192	0	122	0	268	0	84	0	762	154	8628	5006	5704	6354	2100	542	3268	0	0	0	548	0	144	126	106	0	0	0	486	0	0	0	266	0	0	0	0	0	0	0	0	0	0	0	0	0	0	0	0	0	0	0	0	0	0	0	0	0	0	
84232	Cingulum_Post_L	3360	188	224	244	0	0	128	0	0	0	0	0	0	0	0	0	0	0	640	2202	0	0	0	0	0	0	0	0	0	0	0	0	2894	1824	0	7686	2866	1864	1852	498	0	0	1076	0	224	0	760	0	0	0	390	0	0	0	216	0	626	1054	0	0	0	0	0	0	0	0	3264	878	5054	1548	0	0	0	0	0	0	0	466	0	0	0	0	0	0	0	0	0	0	0	0	0	0	0	0	0	0	0	0	0	0	0	0	0	0	0	0	0	0	0	0	90	0	0	0	0	0	
93664	Cingulum_Post_R	236	222	88	880	0	0	0	0	0	0	0	0	0	0	0	0	0	0	82	2904	0	0	0	0	0	0	0	0	0	0	0	0	634	5450	7686	0	2352	2988	1318	482	0	0	0	2588	0	1888	228	1870	0	1010	0	696	0	0	114	354	0	864	0	0	0	92	0	0	0	0	1364	6668	190	1196	0	0	0	0	0	0	0	828	0	0	0	0	0	0	0	326	0	0	0	648	0	0	0	0	0	0	0	0	0	0	0	0	0	0	0	0	0	0	0	0	586	0	0	0	0	0	
193376	Hippocampus_L	5428	0	3482	342	0	0	2020	0	0	0	790	142	316	0	0	0	1586	0	2320	182	672	0	0	0	0	0	0	0	12278	184	664	0	0	104	2866	2352	0	2156	9300	726	3574	0	796	0	0	0	1896	126	0	0	306	0	0	0	8376	0	3602	0	0	0	0	0	196	0	0	0	1884	520	0	0	0	0	6318	224	334	0	4858	792	3542	0	1282	0	830	0	2056	0	0	0	7004	0	0	0	0	0	0	0	262	0	0	0	0	0	0	0	0	0	0	0	0	0	0	0	0	0	0	0	
159824	Hippocampus_R	0	1954	0	4480	0	0	0	1078	0	0	0	1736	0	0	0	102	0	496	100	676	0	0	0	0	0	0	0	0	0	4104	0	0	0	102	1864	2988	2156	0	1438	8676	0	5102	0	240	0	116	344	1858	0	0	0	142	0	220	166	13896	0	826	0	84	0	392	0	992	0	498	474	2654	0	0	0	518	0	8638	0	84	0	2728	0	364	0	1024	0	908	0	794	0	0	0	4450	0	0	0	0	0	0	0	0	0	0	0	0	0	0	0	0	0	0	0	0	450	0	0	0	0	0	
63552	ParaHippocampal_L	114	0	348	124	0	0	368	0	0	0	0	0	0	0	0	0	0	0	0	0	314	0	0	0	0	0	0	0	926	0	0	0	0	0	1852	1318	9300	1438	0	710	1228	0	904	0	0	0	2330	202	0	0	262	0	180	0	2578	0	106	0	0	0	0	0	0	0	0	0	1946	422	0	0	0	0	0	0	0	0	596	486	1016	0	372	0	424	0	848	0	286	0	332	0	0	0	0	0	104	0	342	0	0	0	0	0	0	0	0	0	0	0	0	0	0	0	0	0	0	0	
50960	ParaHippocampal_R	0	0	0	106	0	0	0	0	0	0	0	0	0	0	0	0	0	0	0	0	0	0	0	0	0	0	0	0	0	224	0	0	0	0	498	482	726	8676	710	0	0	3474	0	108	0	0	238	684	0	0	0	0	0	142	122	6136	0	0	0	0	0	0	0	0	0	0	90	730	0	0	0	0	0	628	0	0	0	396	0	0	0	0	0	374	0	106	0	0	0	830	0	0	0	0	0	0	0	0	0	0	0	0	0	0	0	0	0	0	0	0	0	0	0	0	0	0	
21864	Amygdala_L	0	0	0	0	0	0	0	0	0	0	0	0	0	0	0	0	0	0	0	0	1188	0	0	0	0	0	0	0	758	0	0	0	0	0	0	0	3574	0	1228	0	0	0	0	0	0	0	0	0	0	0	0	0	0	0	2616	0	0	0	0	0	0	0	0	0	0	0	0	0	0	0	0	0	374	0	0	0	0	0	0	0	0	0	398	0	0	0	0	0	796	0	0	0	0	0	0	0	0	0	0	0	0	0	0	0	0	0	0	0	0	0	0	0	0	0	0	0	
35900	Amygdala_R	0	0	0	0	0	0	0	0	0	0	0	0	0	0	0	0	0	0	0	0	0	776	0	0	0	0	0	126	0	1284	0	0	0	0	0	0	0	5102	0	3474	0	0	0	0	0	0	0	0	0	0	0	0	0	0	0	4510	0	0	0	0	0	0	0	0	0	0	0	0	0	0	0	0	0	738	0	0	0	0	0	0	0	0	0	1940	0	0	0	0	0	0	0	0	0	0	0	0	0	0	0	0	0	0	0	0	0	0	0	0	0	0	0	0	0	0	0	0	
196140	Calcarine_L	536	0	0	0	0	0	0	0	0	0	0	0	0	0	0	0	108	0	0	0	0	0	0	0	0	0	0	0	118	0	0	0	0	0	1076	0	796	0	904	0	0	0	0	5052	12926	3026	9592	1402	8562	1512	29826	318	7128	0	1746	160	506	0	0	0	0	0	206	0	500	0	8230	106	0	0	0	0	0	0	0	0	0	0	0	0	82	0	0	0	2586	0	0	0	462	0	128	0	0	0	0	0	220	0	172	0	0	0	0	0	0	0	0	0	0	0	0	84	0	0	0	0	
297020	Calcarine_R	0	816	0	146	0	0	0	0	0	0	0	162	0	0	0	0	0	114	0	338	0	0	0	0	0	0	0	0	0	112	0	0	0	2108	0	2588	0	240	0	108	0	0	5052	0	3134	27158	828	19920	0	24388	0	20444	0	4076	0	6208	0	1080	0	0	0	218	0	192	0	112	540	18342	0	266	0	0	0	158	0	0	0	0	0	0	0	176	0	0	0	6518	0	0	0	2854	0	0	0	0	0	0	0	0	0	0	0	0	0	0	0	0	0	0	0	0	114	0	0	0	0	0	
140952	Cuneus_L	740	0	0	0	0	0	0	0	0	0	0	0	0	0	0	0	196	0	0	0	0	0	0	0	0	0	0	0	120	0	0	0	212	0	224	0	0	0	0	0	0	0	12926	3134	0	4046	352	332	17184	632	13936	308	850	0	0	110	1012	0	2090	0	88	0	0	0	0	0	9004	722	0	0	0	0	0	0	0	0	0	0	0	0	142	0	0	0	1206	0	0	0	910	0	0	0	0	0	0	0	0	0	0	0	0	0	0	0	0	0	0	0	0	0	0	0	0	0	0	0	
232104	Cuneus_R	0	570	0	134	0	0	0	0	0	0	0	130	0	0	0	0	0	0	0	256	0	0	0	0	0	0	0	0	0	0	0	0	0	2880	0	1888	0	116	0	0	0	0	3026	27158	4046	0	0	3044	156	29434	0	10696	0	188	0	426	0	592	0	3176	0	162	0	148	0	110	3426	21820	0	182	0	0	0	130	0	0	0	0	0	0	0	82	0	0	0	1624	0	0	0	452	0	0	0	0	0	0	0	0	0	0	0	0	0	0	0	0	0	0	0	0	0	0	0	0	0	0	
172084	Lingual_L	0	0	0	0	0	0	0	0	0	0	0	0	0	0	0	0	0	0	0	0	0	0	0	0	0	0	0	0	0	0	0	0	0	0	760	228	1896	344	2330	238	0	0	9592	828	352	0	0	644	1316	0	10900	0	7906	0	10222	186	0	0	0	0	0	0	0	0	0	0	3012	0	0	0	0	0	0	0	0	0	88	168	0	0	0	0	0	0	154	0	0	0	296	0	6084	0	1944	614	0	0	7352	0	11534	160	252	0	206	602	0	0	0	0	0	0	474	3494	1866	0	0	0	
193124	Lingual_R	0	0	0	0	0	0	0	0	0	0	0	0	0	0	0	0	0	0	0	0	0	0	0	0	0	0	0	0	0	0	0	0	0	134	0	1870	126	1858	202	684	0	0	1402	19920	332	3044	644	0	0	7960	0	12292	0	4668	0	12142	0	0	0	0	0	0	0	0	0	0	84	5808	0	0	0	0	0	0	0	0	0	136	0	0	0	0	0	0	0	4392	0	0	0	3394	576	2428	322	846	0	0	0	1114	372	4612	0	0	0	280	0	0	0	0	0	0	1274	2488	1158	0	0	0	
140236	Occipital_Sup_L	112	0	0	0	0	0	0	0	0	0	0	0	0	0	0	0	84	0	0	0	0	0	0	0	0	0	0	0	0	0	0	0	464	0	0	0	0	0	0	0	0	0	8562	0	17184	156	1316	0	0	0	24746	0	1110	0	0	0	320	0	3572	0	1654	0	612	0	610	0	8348	454	0	0	0	0	162	0	0	0	0	0	0	0	0	0	0	0	388	0	0	0	264	0	0	0	0	0	0	0	0	0	0	0	0	0	0	0	0	0	0	0	0	0	0	0	0	0	0	0	
283124	Occipital_Sup_R	0	1576	0	258	0	0	0	0	0	0	0	422	0	0	0	0	0	138	0	478	0	0	0	0	0	0	0	0	0	316	0	0	0	3834	0	1010	0	0	0	0	0	0	1512	24388	632	29434	0	7960	0	0	0	28242	0	610	0	3542	0	2688	0	7376	0	1380	0	214	0	4144	2038	16566	0	598	0	0	0	494	0	0	0	0	0	0	0	112	0	0	0	1346	0	0	0	254	0	0	0	0	0	0	0	0	0	0	0	0	0	0	0	0	0	0	0	0	0	0	0	0	0	0	
438500	Occipital_Mid_L	3146	0	0	0	0	0	178	0	0	0	0	0	0	0	0	0	1628	0	0	0	0	0	0	0	0	0	0	0	1540	0	0	0	2654	0	390	0	306	0	262	0	0	0	29826	0	13936	0	10900	0	24746	0	0	0	15358	0	2778	0	9398	0	13798	0	21422	0	8956	0	23238	0	9760	0	472	0	0	0	240	0	84	0	0	0	564	0	1502	0	0	0	17130	0	0	0	4382	0	240	0	0	0	0	0	94	0	224	0	0	0	0	0	0	0	0	0	0	0	0	98	0	0	0	0	
317920	Occipital_Mid_R	0	2796	0	656	0	0	0	0	0	0	0	680	0	0	0	0	0	182	0	994	0	0	0	0	0	0	0	0	0	506	0	0	0	3330	0	696	0	142	0	0	0	0	318	20444	308	10696	0	12292	0	28242	0	0	0	4342	0	5624	0	4654	0	2822	0	6646	0	910	0	17240	858	11420	0	1934	0	0	0	744	0	0	0	0	0	0	0	664	0	0	0	17254	0	0	0	1566	0	0	0	0	0	0	0	0	0	0	0	0	0	0	0	0	0	0	0	0	0	0	0	0	0	0	
91180	Occipital_Inf_L	0	0	0	0	0	0	0	0	0	0	0	0	0	0	0	0	0	0	0	0	0	0	0	0	0	0	0	0	0	0	0	0	0	0	0	0	0	0	180	0	0	0	7128	0	850	0	7906	0	1110	0	15358	0	0	0	5936	0	90	0	0	0	0	0	0	0	0	0	1706	0	0	0	0	0	0	0	0	0	0	0	0	0	0	0	0	0	1434	0	0	0	2590	0	290	0	0	0	0	0	286	0	528	0	0	0	0	0	0	0	0	0	0	0	0	198	0	0	0	0	
48852	Occipital_Inf_R	0	0	0	0	0	0	0	0	0	0	0	0	0	0	0	0	0	0	0	0	0	0	0	0	0	0	0	0	0	0	0	0	0	0	0	0	0	220	0	142	0	0	0	4076	0	188	0	4668	0	610	0	4342	0	0	0	5390	0	0	0	0	0	0	0	0	0	0	0	130	0	0	0	0	0	0	0	0	0	0	0	0	0	0	0	0	0	1264	0	0	0	2958	0	168	0	0	0	0	0	0	0	270	0	0	0	0	0	0	0	0	0	0	0	0	0	0	0	0	
197116	Fusiform_L	114	0	242	0	0	0	84	0	0	0	126	0	132	0	0	0	140	0	182	0	412	0	0	0	0	0	0	0	2640	0	236	0	0	0	216	114	8376	166	2578	122	2616	0	1746	0	0	0	10222	0	0	0	2778	0	5936	0	0	0	0	0	0	0	0	0	0	0	0	0	900	0	0	0	0	0	572	0	0	0	158	148	310	0	564	0	1704	0	1804	0	1230	0	11758	0	10322	0	3026	0	0	0	7864	0	16470	0	314	0	246	0	0	0	0	0	0	0	0	1742	248	0	0	0	
201552	Fusiform_R	0	228	0	0	0	0	0	82	0	0	0	134	0	0	0	0	0	0	0	210	0	0	0	0	0	0	0	0	0	1050	0	0	0	112	0	354	0	13896	0	6136	0	4510	160	6208	110	426	186	12142	0	3542	0	5624	0	5390	0	0	0	0	0	0	0	0	0	0	0	0	0	1090	0	186	0	0	0	578	0	0	0	0	0	0	0	694	0	4414	0	1956	0	854	0	10112	0	6654	0	340	0	0	0	2896	0	8568	0	0	0	110	0	0	0	0	0	0	814	776	234	0	0	0	
276348	Postcentral_L	32262	0	1706	990	0	0	1256	0	0	0	2554	0	126	0	0	0	9734	0	1190	1034	0	0	0	0	0	0	0	0	10400	0	204	0	902	952	626	0	3602	0	106	0	0	0	506	0	1012	0	0	0	320	0	9398	0	90	0	0	0	0	0	9434	0	18464	0	7846	0	1544	0	4478	0	2502	0	860	0	4298	0	404	0	1396	0	2264	0	2054	0	0	0	2524	0	0	0	1136	0	0	0	0	0	0	0	0	0	0	0	0	0	0	0	0	0	0	0	0	0	0	0	0	0	0	0	
278564	Postcentral_R	1282	37972	0	3564	0	0	0	2822	0	0	0	7202	0	448	0	0	0	3544	0	5596	0	0	0	0	0	0	0	0	0	5500	0	0	0	3192	1054	864	0	826	0	0	0	0	0	1080	0	592	0	0	0	2688	0	4654	0	0	0	0	0	0	0	9178	0	9446	0	11832	0	2486	442	5450	1574	7960	0	248	0	5124	0	90	0	304	0	0	0	666	0	0	0	1350	0	0	0	252	0	0	0	0	0	0	0	0	0	0	0	0	0	0	0	0	0	0	0	0	0	0	0	0	0	0	
125944	Parietal_Sup_L	986	0	0	0	0	0	0	0	0	0	0	0	0	0	0	0	498	0	0	0	0	0	0	0	0	0	0	0	252	0	0	0	110	0	0	0	0	0	0	0	0	0	0	0	2090	0	0	0	3572	0	13798	0	0	0	0	0	9434	0	0	0	14868	0	618	0	3968	0	11066	0	476	0	0	0	0	0	0	0	0	0	0	0	572	0	0	0	376	0	0	0	288	0	0	0	0	0	0	0	0	0	0	0	0	0	0	0	0	0	0	0	0	0	0	0	0	0	0	0	
101684	Parietal_Sup_R	0	3298	0	80	0	0	0	810	0	0	0	1868	0	0	0	0	0	466	0	0	0	0	0	0	0	0	0	0	0	744	0	0	0	122	0	0	0	84	0	0	0	0	0	0	0	3176	0	0	0	7376	0	2822	0	0	0	0	0	9178	0	0	0	7052	0	792	0	4590	476	6668	0	140	0	0	0	918	0	0	0	0	0	0	0	86	0	0	0	96	0	0	0	0	0	0	0	0	0	0	0	0	0	0	0	0	0	0	0	0	0	0	0	0	0	0	0	0	0	0	
190604	Parietal_Inf_L	3984	0	0	0	0	0	100	0	0	0	0	0	0	0	0	0	612	0	0	0	0	0	0	0	0	0	0	0	222	0	0	0	744	0	0	0	0	0	0	0	0	0	0	0	88	0	0	0	1654	0	21422	0	0	0	0	0	18464	0	14868	0	0	0	13206	0	15324	0	1500	0	0	0	0	0	160	0	0	0	0	0	0	0	748	0	0	0	1768	0	0	0	438	0	0	0	0	0	0	0	0	0	0	0	0	0	0	0	0	0	0	0	0	0	0	0	0	0	0	0	
123140	Parietal_Inf_R	0	2572	0	180	0	0	0	130	0	0	0	494	0	0	0	0	0	802	0	132	0	0	0	0	0	0	0	0	0	280	0	0	0	268	0	92	0	392	0	0	0	0	0	218	0	162	0	0	0	1380	0	6646	0	0	0	0	0	9446	0	7052	0	0	0	10880	0	14924	196	1264	0	0	0	0	0	188	0	0	0	0	0	0	0	790	0	0	0	2772	0	0	0	310	0	0	0	0	0	0	0	0	0	0	0	0	0	0	0	0	0	0	0	0	0	0	0	0	0	0	
117212	SupraMarginal_L	372	0	0	0	0	0	86	0	0	0	0	0	0	0	0	0	1926	0	0	0	0	0	0	0	0	0	0	0	920	0	0	0	564	0	0	0	196	0	0	0	0	0	206	0	0	0	0	0	612	0	8956	0	0	0	0	0	7846	0	618	0	13206	0	0	0	11626	0	396	0	0	0	0	0	310	0	118	0	0	0	148	0	3256	0	0	0	7040	0	0	0	204	0	0	0	0	0	0	0	0	0	0	0	0	0	0	0	0	0	0	0	0	0	0	0	0	0	0	0	
95408	SupraMarginal_R	0	4680	0	126	0	0	0	116	0	0	0	394	0	0	0	0	0	2854	0	0	0	0	0	0	0	0	0	0	0	108	0	0	0	84	0	0	0	992	0	0	0	0	0	192	0	148	0	0	0	214	0	910	0	0	0	0	0	11832	0	792	0	10880	0	0	0	5662	0	612	0	0	0	0	0	132	0	0	0	0	0	86	0	3576	0	0	0	2794	0	0	0	520	0	0	0	0	0	0	0	0	0	0	0	0	0	0	0	0	0	0	0	0	0	0	0	0	0	0	
133692	Angular_L	424	0	0	0	0	0	0	0	0	0	0	0	0	0	0	0	128	0	0	0	0	0	0	0	0	0	0	0	0	0	0	0	452	0	0	0	0	0	0	0	0	0	500	0	0	0	0	0	610	0	23238	0	0	0	0	0	1544	0	3968	0	15324	0	11626	0	0	0	500	0	0	0	0	0	0	0	0	0	0	0	0	0	570	0	0	0	7766	0	0	0	196	0	0	0	0	0	0	0	0	0	0	0	0	0	0	0	0	0	0	0	0	0	0	0	0	0	0	0	
128496	Angular_R	0	1314	0	0	0	0	0	0	0	0	0	770	0	0	0	0	0	164	0	0	0	0	0	0	0	0	0	0	0	226	0	0	0	762	0	0	0	498	0	0	0	0	0	112	0	110	0	0	0	4144	0	17240	0	0	0	0	0	2486	0	4590	0	14924	0	5662	0	0	254	1988	0	132	0	0	0	630	0	0	0	0	0	0	0	1828	0	0	0	6414	0	0	0	0	0	0	0	0	0	0	0	0	0	0	0	0	0	0	0	0	0	0	0	0	0	0	0	0	0	0	
186764	Precuneus_L	562	290	0	0	0	0	0	0	0	0	0	0	0	0	0	0	474	0	0	0	0	0	0	0	0	0	0	0	152	0	0	0	2450	154	3264	1364	1884	474	1946	90	0	0	8230	540	9004	3426	3012	84	8348	2038	9760	858	1706	0	900	0	4478	442	11066	476	1500	196	396	0	500	254	0	8600	2472	0	0	0	0	0	0	0	0	0	0	0	278	0	0	0	728	0	0	0	624	0	0	0	0	0	0	0	204	0	0	0	0	0	0	0	0	0	0	0	0	0	158	0	0	0	0	0	
278188	Precuneus_R	0	3406	0	458	0	0	0	126	0	0	0	1132	0	0	0	0	0	520	0	742	0	0	0	0	0	0	0	0	0	670	0	0	0	8628	878	6668	520	2654	422	730	0	0	106	18342	722	21820	0	5808	454	16566	0	11420	0	130	0	1090	0	5450	0	6668	0	1264	0	612	0	1988	8600	0	0	1434	0	0	0	1224	0	0	0	156	0	0	0	526	0	0	0	4250	0	0	0	1822	0	0	0	0	0	0	0	118	0	0	0	0	0	0	0	0	0	0	0	0	970	0	0	0	0	0	
130356	Paracentral_Lobule_L	14618	332	2798	2264	0	0	0	0	0	0	0	0	0	0	0	0	98	0	5380	12372	0	0	0	0	0	0	0	0	0	0	0	0	3576	5006	5054	190	0	0	0	0	0	0	0	0	0	0	0	0	0	0	472	0	0	0	0	0	2502	1574	476	0	0	0	0	0	0	0	2472	0	0	5438	0	106	0	0	0	0	190	0	0	0	84	0	0	0	88	0	0	0	88	0	0	0	0	0	0	0	0	0	0	0	0	0	0	0	0	0	0	0	0	0	0	0	0	0	0	0	
102904	Paracentral_Lobule_R	4930	3104	0	258	0	0	0	0	0	0	0	194	0	0	0	0	0	0	0	14982	0	0	0	0	0	0	0	0	0	98	0	0	138	5704	1548	1196	0	0	0	0	0	0	0	266	0	182	0	0	0	598	0	1934	0	0	0	186	0	7960	0	140	0	0	0	0	0	132	0	1434	5438	0	0	0	0	228	0	0	0	0	0	0	0	0	0	0	0	220	0	0	0	582	0	0	0	0	0	0	0	0	0	0	0	0	0	0	0	0	0	0	0	0	0	0	0	0	0	0	
189856	Caudate_L	3124	0	8308	4990	598	0	470	168	166	0	658	628	312	444	300	0	1016	328	12492	8230	3984	4432	218	422	390	0	1378	144	1932	1230	7566	3064	230	6354	0	0	0	0	0	0	0	0	0	0	0	0	0	0	0	0	0	0	0	0	0	0	860	0	0	0	0	0	0	0	0	0	0	0	0	0	0	4954	10072	2234	378	0	2758	0	0	96	0	0	0	0	0	0	0	0	0	0	0	0	0	0	0	0	0	0	0	0	0	0	0	0	0	0	0	0	0	0	0	0	0	0	0	0	
294840	Caudate_R	1052	280	774	17400	0	5944	534	3112	0	698	126	2278	0	1110	0	4538	0	336	1916	15798	2216	4480	444	8174	86	5498	0	2312	156	4116	1670	11270	0	2100	0	0	0	518	0	0	0	0	0	0	0	0	0	0	0	0	0	0	0	0	0	0	0	248	0	0	0	0	0	0	0	0	0	0	106	0	4954	0	3272	21010	184	2208	100	16402	0	0	0	0	0	0	0	0	0	0	0	0	0	0	0	0	0	0	0	0	0	0	0	0	0	0	0	0	0	0	0	0	0	0	0	0	0	0	
308468	Putamen_L	8376	0	20904	858	7862	0	3988	0	2744	0	3396	266	414	0	5986	0	622	0	16086	1204	3088	3118	986	0	628	120	1702	106	17470	224	12730	1054	0	542	0	0	6318	0	0	0	374	0	0	0	0	0	0	0	162	0	240	0	0	0	572	0	4298	0	0	0	160	0	310	0	0	0	0	0	0	0	10072	3272	0	902	7174	0	2788	0	246	0	1050	0	1348	0	0	0	0	0	474	0	0	0	0	0	0	0	0	0	0	0	0	0	0	0	0	0	0	0	0	0	0	0	0	0	0	0	
386312	Putamen_R	174	2972	1104	22262	0	9304	122	7000	0	1468	0	7032	0	1192	0	3834	0	3774	2838	18638	562	896	458	7798	0	3952	0	1698	562	29014	1460	8198	0	3268	0	0	224	8638	0	628	0	738	0	158	0	130	0	0	0	494	0	744	0	0	0	578	0	5124	0	918	0	188	0	132	0	630	0	1224	0	228	2234	21010	902	0	96	4490	0	1854	0	0	0	804	0	236	0	328	0	0	0	846	0	0	0	0	0	0	0	0	0	0	0	0	0	0	0	0	0	0	0	0	0	0	0	0	0	0	
55460	Pallidum_L	4758	0	4840	84	0	0	1744	0	0	0	1176	0	0	0	0	0	86	0	4040	0	0	0	0	0	0	0	0	0	108	0	134	0	0	0	0	0	334	0	0	0	0	0	0	0	0	0	0	0	0	0	84	0	0	0	0	0	404	0	0	0	0	0	118	0	0	0	0	0	0	0	378	184	7174	96	0	0	1988	0	0	0	0	0	0	0	0	0	0	0	0	0	0	0	0	0	0	0	0	0	0	0	0	0	0	0	0	0	0	0	0	0	0	0	0	0	0	0	
30196	Pallidum_R	0	216	0	3294	0	0	0	3102	0	0	0	98	0	0	0	0	0	84	0	1224	0	0	0	0	0	0	0	0	0	208	0	0	0	0	0	0	0	84	0	0	0	0	0	0	0	0	0	0	0	0	0	0	0	0	0	0	0	90	0	0	0	0	0	0	0	0	0	0	0	0	0	2208	0	4490	0	0	0	0	0	0	0	0	0	0	0	0	0	0	0	0	0	0	0	0	0	0	0	0	0	0	0	0	0	0	0	0	0	0	0	0	0	0	0	0	0	0	
110740	Thalamus_L	14442	0	16556	204	0	0	2084	0	0	0	220	0	0	0	0	0	122	0	3306	186	0	0	0	0	0	0	0	0	1358	0	0	0	0	0	0	0	4858	0	596	0	0	0	0	0	0	0	88	0	0	0	0	0	0	0	158	0	1396	0	0	0	0	0	0	0	0	0	0	0	190	0	2758	100	2788	0	1988	0	0	1812	0	0	0	0	0	0	0	0	0	0	160	0	0	0	0	0	0	0	0	0	0	0	0	0	0	0	0	0	0	0	0	0	0	0	0	0	0	0	
99380	Thalamus_R	498	472	222	10614	0	0	114	966	0	0	0	218	0	128	0	1238	0	186	168	6242	0	0	0	86	0	0	0	0	238	908	0	168	0	548	466	828	792	2728	486	396	0	0	0	0	0	0	168	136	0	0	0	0	0	0	148	0	0	304	0	0	0	0	0	0	0	0	0	156	0	0	0	16402	0	1854	0	0	1812	0	0	0	0	0	0	0	0	0	0	0	0	0	0	0	0	0	0	0	0	0	0	0	0	0	0	0	0	0	0	0	0	0	0	0	0	0	0	0	
41920	Heschl_L	1624	0	606	0	0	0	772	0	0	0	190	0	0	0	0	0	2642	0	0	0	0	0	0	0	0	0	0	0	4042	0	0	0	0	0	0	0	3542	0	1016	0	0	0	0	0	0	0	0	0	0	0	564	0	0	0	310	0	2264	0	0	0	0	0	148	0	0	0	0	0	0	0	0	0	246	0	0	0	0	0	0	0	846	0	0	0	1688	0	0	0	460	0	0	0	0	0	0	0	0	0	0	0	0	0	0	0	0	0	0	0	0	0	0	0	0	0	0	0	
10412	Heschl_R	0	94	0	0	0	0	0	0	0	0	0	242	0	0	0	0	0	1526	0	142	0	0	0	0	0	0	0	0	0	1146	0	0	0	144	0	0	0	364	0	0	0	0	0	0	0	0	0	0	0	0	0	0	0	0	0	0	0	0	0	0	0	0	0	86	0	0	0	0	0	0	96	0	0	0	0	0	0	0	0	0	0	946	0	0	0	154	0	0	0	266	0	0	0	0	0	0	0	0	0	0	0	0	0	0	0	0	0	0	0	0	0	0	0	0	0	0	
121068	Temporal_Sup_L	618	0	698	192	0	0	194	0	0	0	960	0	210	0	0	0	5702	0	586	196	0	0	82	0	0	0	0	0	5866	0	382	0	104	126	0	0	1282	0	372	0	0	0	82	0	142	0	0	0	0	0	1502	0	0	0	564	0	2054	0	572	0	748	0	3256	0	570	0	278	0	84	0	0	0	1050	0	0	0	0	0	846	0	0	0	3586	0	19006	0	540	0	8084	0	0	0	0	0	0	0	0	0	0	0	0	0	0	0	0	0	0	0	0	0	0	0	0	0	0	0	
69588	Temporal_Sup_R	0	658	0	162	0	0	0	0	0	0	0	554	0	0	0	0	0	2606	0	0	0	0	0	0	0	0	0	0	0	3030	0	0	0	106	0	0	0	1024	0	0	0	0	0	176	0	82	0	0	0	112	0	664	0	0	0	694	0	666	0	86	0	790	0	3576	0	1828	0	526	0	0	0	0	0	804	0	0	0	0	0	946	0	0	0	1562	0	10890	0	562	0	2690	0	0	0	0	0	0	0	0	0	0	0	0	0	0	0	0	0	0	0	0	0	0	0	0	0	0	
80508	Temporal_Pole_Sup_L	0	0	694	0	568	0	0	0	104	0	1702	0	538	0	1808	0	1756	0	538	0	1072	0	100	0	0	0	0	0	5264	0	846	0	0	0	0	0	830	0	424	0	398	0	0	0	0	0	0	0	0	0	0	0	0	0	1704	0	0	0	0	0	0	0	0	0	0	0	0	0	0	0	0	0	1348	0	0	0	0	0	0	0	3586	0	0	0	6816	0	4604	0	5554	0	0	0	0	0	0	0	0	0	0	0	0	0	0	0	0	0	0	0	0	0	0	0	0	0	0	0	
34732	Temporal_Pole_Sup_R	0	0	0	154	0	0	0	0	0	0	0	378	0	0	0	0	0	416	0	148	0	0	0	0	0	0	0	0	0	578	0	0	0	0	0	0	0	908	0	374	0	1940	0	0	0	0	0	0	0	0	0	0	0	0	0	4414	0	0	0	0	0	0	0	0	0	0	0	0	0	0	0	0	0	236	0	0	0	0	0	0	0	1562	0	0	0	908	0	2856	0	2494	0	0	0	0	0	0	0	0	0	0	0	0	0	0	0	0	0	0	0	0	0	0	0	0	0	0	
246676	Temporal_Mid_L	1846	0	268	0	0	0	306	0	0	0	0	0	0	0	0	0	1820	0	0	0	0	0	0	0	0	0	0	0	3774	0	0	0	0	0	0	0	2056	0	848	0	0	0	2586	0	1206	0	154	0	388	0	17130	0	1434	0	1804	0	2524	0	376	0	1768	0	7040	0	7766	0	728	0	88	0	0	0	0	0	0	0	0	0	1688	0	19006	0	6816	0	0	0	3308	0	36610	0	0	0	0	0	0	0	0	0	0	0	0	0	0	0	0	0	0	0	0	0	0	0	0	0	0	0	
171456	Temporal_Mid_R	0	1252	0	142	0	0	0	0	0	0	0	264	0	0	0	0	0	316	0	266	0	0	0	0	0	0	0	0	0	1116	0	0	0	486	0	326	0	794	0	106	0	0	0	6518	0	1624	0	4392	0	1346	0	17254	0	1264	0	1956	0	1350	0	96	0	2772	0	2794	0	6414	0	4250	0	220	0	0	0	328	0	0	0	0	0	154	0	10890	0	908	0	0	0	1304	0	14826	0	0	0	0	0	0	0	0	0	0	0	0	0	0	0	0	0	0	0	0	0	0	0	0	0	0	
24924	Temporal_Pole_Mid_L	0	0	0	0	0	0	0	0	0	0	0	0	0	0	0	0	0	0	0	0	0	0	0	0	0	0	0	0	0	0	0	0	0	0	0	0	0	0	286	0	0	0	0	0	0	0	0	0	0	0	0	0	0	0	1230	0	0	0	0	0	0	0	0	0	0	0	0	0	0	0	0	0	0	0	0	0	0	0	0	0	540	0	4604	0	3308	0	0	0	2494	0	0	0	0	0	0	0	0	0	0	0	0	0	0	0	0	0	0	0	0	0	0	0	0	0	0	0	
13872	Temporal_Pole_Mid_R	0	0	0	0	0	0	0	0	0	0	0	0	0	0	0	0	0	0	0	0	0	0	0	0	0	0	0	0	0	0	0	0	0	0	0	0	0	0	0	0	0	0	0	0	0	0	0	0	0	0	0	0	0	0	0	854	0	0	0	0	0	0	0	0	0	0	0	0	0	0	0	0	0	0	0	0	0	0	0	0	0	562	0	2856	0	1304	0	0	0	1360	0	0	0	0	0	0	0	0	0	0	0	0	0	0	0	0	0	0	0	0	0	0	0	0	0	0	
187780	Temporal_Inf_L	832	0	432	0	0	0	164	0	0	0	156	0	122	0	0	0	1340	0	314	80	0	0	0	0	0	0	0	0	4250	0	264	0	0	0	0	0	7004	0	332	0	796	0	462	0	910	0	296	0	264	0	4382	0	2590	0	11758	0	1136	0	288	0	438	0	204	0	196	0	624	0	88	0	0	0	474	0	0	0	160	0	460	0	8084	0	5554	0	36610	0	2494	0	0	0	332	0	0	0	0	0	0	0	0	0	0	0	0	0	0	0	0	0	0	0	0	0	0	0	0	0	
122124	Temporal_Inf_R	0	1526	0	180	0	0	0	434	0	0	0	1148	0	0	0	0	0	0	0	602	0	0	0	0	0	0	0	0	0	2102	0	0	0	266	0	648	0	4450	0	830	0	0	0	2854	0	452	0	3394	0	254	0	1566	0	2958	0	10112	0	252	0	0	0	310	0	520	0	0	0	1822	0	582	0	0	0	846	0	0	0	0	0	266	0	2690	0	2494	0	14826	0	1360	0	0	0	1216	0	0	0	0	0	0	0	102	0	0	0	0	0	0	0	0	0	0	0	0	0	0	0	0	
285308	Cerebelum_Crus1_L	0	0	0	0	0	0	0	0	0	0	0	0	0	0	0	0	0	0	0	0	0	0	0	0	0	0	0	0	0	0	0	0	0	0	0	0	0	0	0	0	0	0	128	0	0	0	6084	576	0	0	240	0	290	0	10322	0	0	0	0	0	0	0	0	0	0	0	0	0	0	0	0	0	0	0	0	0	0	0	0	0	0	0	0	0	0	0	0	0	332	0	0	486	33460	1024	164	0	14620	0	39224	1290	8132	0	10884	1134	1174	668	188	0	176	198	1374	4846	4096	834	710	0	
272108	Cerebelum_Crus1_R	0	0	0	0	0	0	0	0	0	0	0	0	0	0	0	0	0	0	0	0	0	0	0	0	0	0	0	0	0	0	0	0	0	0	0	0	0	0	0	0	0	0	0	0	0	0	0	2428	0	0	0	0	0	168	0	6654	0	0	0	0	0	0	0	0	0	0	0	0	0	0	0	0	0	0	0	0	0	0	0	0	0	0	0	0	0	0	0	0	0	1216	486	0	510	35280	0	546	344	13522	286	38396	0	11380	0	14808	0	174	0	0	0	278	5926	1614	1918	120	0	0	
306504	Cerebelum_Crus2_L	0	0	0	0	0	0	0	0	0	0	0	0	0	0	0	0	0	0	0	0	0	0	0	0	0	0	0	0	0	0	0	0	0	0	0	0	0	0	0	0	0	0	0	0	0	0	1944	322	0	0	0	0	0	0	3026	0	0	0	0	0	0	0	0	0	0	0	0	0	0	0	0	0	0	0	0	0	0	0	0	0	0	0	0	0	0	0	0	0	0	0	33460	510	0	10900	84	0	4246	0	12202	882	27562	5810	24804	8396	1502	706	186	0	158	174	732	1748	9734	3204	960	0	
287900	Cerebelum_Crus2_R	0	0	0	0	0	0	0	0	0	0	0	0	0	0	0	0	0	0	0	0	0	0	0	0	0	0	0	0	0	0	0	0	0	0	0	0	0	0	0	0	0	0	0	0	0	0	614	846	0	0	0	0	0	0	0	340	0	0	0	0	0	0	0	0	0	0	0	0	0	0	0	0	0	0	0	0	0	0	0	0	0	0	0	0	0	0	0	0	0	0	1024	35280	10900	0	0	176	142	2430	850	11114	6558	23092	6094	28640	366	470	0	0	0	0	1384	1284	9322	2320	704	0	
12880	Cerebelum_3_L	0	0	0	0	0	0	0	0	0	0	0	0	0	0	0	0	0	0	0	0	0	0	0	0	0	0	0	0	0	0	0	0	0	0	0	0	0	0	104	0	0	0	0	0	0	0	0	0	0	0	0	0	0	0	0	0	0	0	0	0	0	0	0	0	0	0	0	0	0	0	0	0	0	0	0	0	0	0	0	0	0	0	0	0	0	0	0	0	0	0	164	0	84	0	0	0	4130	0	476	0	0	0	0	0	0	0	0	0	300	716	466	0	0	0	0	0	
10988	Cerebelum_3_R	0	0	0	0	0	0	0	0	0	0	0	0	0	0	0	0	0	0	0	0	0	0	0	0	0	0	0	0	0	0	0	0	0	0	0	0	0	0	0	0	0	0	0	0	0	0	0	0	0	0	0	0	0	0	0	0	0	0	0	0	0	0	0	0	0	0	0	0	0	0	0	0	0	0	0	0	0	0	0	0	0	0	0	0	0	0	0	0	0	0	0	546	0	176	0	0	0	1156	0	1254	0	0	0	0	0	126	0	0	432	1482	322	0	0	0	0	0	
173552	Cerebelum_4_5_L	0	0	0	0	0	0	0	0	0	0	0	0	0	0	0	0	0	0	0	0	0	0	0	0	0	0	0	0	0	0	0	0	0	0	0	0	262	0	342	0	0	0	220	0	0	0	7352	0	0	0	94	0	286	0	7864	0	0	0	0	0	0	0	0	0	0	0	204	0	0	0	0	0	0	0	0	0	0	0	0	0	0	0	0	0	0	0	0	0	0	0	14620	344	4246	142	4130	0	0	474	29520	600	2326	0	2518	0	1476	386	256	0	306	618	5080	2050	122	238	314	386	
110548	Cerebelum_4_5_R	0	0	0	0	0	0	0	0	0	0	0	0	0	0	0	0	0	0	0	0	0	0	0	0	0	0	0	0	0	0	0	0	0	0	0	0	0	0	0	0	0	0	0	0	0	0	0	1114	0	0	0	0	0	0	0	2896	0	0	0	0	0	0	0	0	0	0	0	118	0	0	0	0	0	0	0	0	0	0	0	0	0	0	0	0	0	0	0	0	0	0	0	13522	0	2430	0	1156	474	0	80	21646	0	216	0	346	0	264	0	0	0	374	8928	1488	0	108	114	0	
272720	Cerebelum_6_L	0	0	0	0	0	0	0	0	0	0	0	0	0	0	0	0	0	0	0	0	0	0	0	0	0	0	0	0	0	0	0	0	0	0	0	0	0	0	0	0	0	0	172	0	0	0	11534	372	0	0	224	0	528	0	16470	0	0	0	0	0	0	0	0	0	0	0	0	0	0	0	0	0	0	0	0	0	0	0	0	0	0	0	0	0	0	0	0	0	0	0	39224	286	12202	850	476	0	29520	80	0	842	4326	0	4802	790	1088	232	138	0	178	204	2262	6490	2590	256	224	0	
223492	Cerebelum_6_R	0	0	0	0	0	0	0	0	0	0	0	0	0	0	0	0	0	0	0	0	0	0	0	0	0	0	0	0	0	0	0	0	0	0	0	0	0	0	0	0	0	0	0	0	0	0	160	4612	0	0	0	0	0	270	0	8568	0	0	0	0	0	0	0	0	0	0	0	0	0	0	0	0	0	0	0	0	0	0	0	0	0	0	0	0	0	0	0	0	0	102	1290	38396	882	11114	0	1254	600	21646	842	0	0	1922	0	3348	0	340	0	0	0	380	9612	3944	2176	186	102	0	
189132	Cerebelum_7b_L	0	0	0	0	0	0	0	0	0	0	0	0	0	0	0	0	0	0	0	0	0	0	0	0	0	0	0	0	0	0	0	0	0	0	0	0	0	0	0	0	0	0	0	0	0	0	252	0	0	0	0	0	0	0	314	0	0	0	0	0	0	0	0	0	0	0	0	0	0	0	0	0	0	0	0	0	0	0	0	0	0	0	0	0	0	0	0	0	0	0	8132	0	27562	6558	0	0	2326	0	4326	0	0	4180	26754	5398	1076	0	132	0	0	0	84	0	5358	2114	0	0	
148852	Cerebelum_7b_R	0	0	0	0	0	0	0	0	0	0	0	0	0	0	0	0	0	0	0	0	0	0	0	0	0	0	0	0	0	0	0	0	0	0	0	0	0	0	0	0	0	0	0	0	0	0	0	0	0	0	0	0	0	0	0	0	0	0	0	0	0	0	0	0	0	0	0	0	0	0	0	0	0	0	0	0	0	0	0	0	0	0	0	0	0	0	0	0	0	0	0	11380	5810	23092	0	0	0	216	0	1922	4180	0	3120	20932	0	0	0	0	0	0	244	0	2348	1182	0	0	
216544	Cerebelum_8_L	0	0	0	0	0	0	0	0	0	0	0	0	0	0	0	0	0	0	0	0	0	0	0	0	0	0	0	0	0	0	0	0	0	0	0	0	0	0	0	0	0	0	0	0	0	0	206	0	0	0	0	0	0	0	246	0	0	0	0	0	0	0	0	0	0	0	0	0	0	0	0	0	0	0	0	0	0	0	0	0	0	0	0	0	0	0	0	0	0	0	10884	0	24804	6094	0	0	2518	0	4802	0	26754	3120	0	5872	10516	372	1048	0	0	0	132	94	5814	3900	1096	0	
228216	Cerebelum_8_R	0	0	0	0	0	0	0	0	0	0	0	0	0	0	0	0	0	0	0	0	0	0	0	0	0	0	0	0	0	0	0	0	0	0	0	0	0	0	0	0	0	0	0	0	0	0	602	280	0	0	0	0	0	0	0	110	0	0	0	0	0	0	0	0	0	0	0	0	0	0	0	0	0	0	0	0	0	0	0	0	0	0	0	0	0	0	0	0	0	0	1134	14808	8396	28640	0	0	0	346	790	3348	5398	20932	5872	0	480	8252	0	88	0	0	230	1026	8446	3486	1444	0	
50012	Cerebelum_9_L	0	0	0	0	0	0	0	0	0	0	0	0	0	0	0	0	0	0	0	0	0	0	0	0	0	0	0	0	0	0	0	0	0	0	0	0	0	0	0	0	0	0	0	0	0	0	0	0	0	0	0	0	0	0	0	0	0	0	0	0	0	0	0	0	0	0	0	0	0	0	0	0	0	0	0	0	0	0	0	0	0	0	0	0	0	0	0	0	0	0	1174	0	1502	366	0	0	1476	0	1088	0	1076	0	10516	480	0	248	2604	0	0	0	998	894	740	948	738	158	
49940	Cerebelum_9_R	0	0	0	0	0	0	0	0	0	0	0	0	0	0	0	0	0	0	0	0	0	0	0	0	0	0	0	0	0	0	0	0	0	0	0	0	0	0	0	0	0	0	0	0	0	0	0	0	0	0	0	0	0	0	0	0	0	0	0	0	0	0	0	0	0	0	0	0	0	0	0	0	0	0	0	0	0	0	0	0	0	0	0	0	0	0	0	0	0	0	668	174	706	470	0	126	386	264	232	340	0	0	372	8252	248	0	0	744	0	0	1246	2134	1730	2740	3154	984	
9104	Cerebelum_10_L	0	0	0	0	0	0	0	0	0	0	0	0	0	0	0	0	0	0	0	0	0	0	0	0	0	0	0	0	0	0	0	0	0	0	0	0	0	0	0	0	0	0	0	0	0	0	0	0	0	0	0	0	0	0	0	0	0	0	0	0	0	0	0	0	0	0	0	0	0	0	0	0	0	0	0	0	0	0	0	0	0	0	0	0	0	0	0	0	0	0	188	0	186	0	0	0	256	0	138	0	132	0	1048	0	2604	0	0	0	0	0	0	0	0	0	0	0	
1664	Cerebelum_10_R	0	0	0	0	0	0	0	0	0	0	0	0	0	0	0	0	0	0	0	0	0	0	0	0	0	0	0	0	0	0	0	0	0	0	0	0	0	0	0	0	0	0	0	0	0	0	0	0	0	0	0	0	0	0	0	0	0	0	0	0	0	0	0	0	0	0	0	0	0	0	0	0	0	0	0	0	0	0	0	0	0	0	0	0	0	0	0	0	0	0	0	0	0	0	0	0	0	0	0	0	0	0	0	88	0	744	0	0	0	0	0	0	0	0	0	0	
13024	Vermis_1_2	0	0	0	0	0	0	0	0	0	0	0	0	0	0	0	0	0	0	0	0	0	0	0	0	0	0	0	0	0	0	0	0	0	0	0	0	0	0	0	0	0	0	0	0	0	0	0	0	0	0	0	0	0	0	0	0	0	0	0	0	0	0	0	0	0	0	0	0	0	0	0	0	0	0	0	0	0	0	0	0	0	0	0	0	0	0	0	0	0	0	176	0	158	0	300	432	306	0	178	0	0	0	0	0	0	0	0	0	0	3744	1218	0	0	0	0	0	
19592	Vermis_3	0	0	0	0	0	0	0	0	0	0	0	0	0	0	0	0	0	0	0	0	0	0	0	0	0	0	0	0	0	0	0	0	0	0	0	0	0	0	0	0	0	0	0	0	0	0	0	0	0	0	0	0	0	0	0	0	0	0	0	0	0	0	0	0	0	0	0	0	0	0	0	0	0	0	0	0	0	0	0	0	0	0	0	0	0	0	0	0	0	0	198	278	174	0	716	1482	618	374	204	380	0	0	0	0	0	0	0	0	3744	0	1628	0	0	0	0	0	
108084	Vermis_4_5	0	0	0	0	0	0	0	0	0	0	0	0	0	0	0	0	0	0	0	0	0	0	0	0	0	0	0	0	0	0	0	0	0	0	90	586	0	450	0	0	0	0	0	114	0	0	474	1274	0	0	0	0	0	0	0	814	0	0	0	0	0	0	0	0	0	0	158	970	0	0	0	0	0	0	0	0	0	0	0	0	0	0	0	0	0	0	0	0	0	0	1374	5926	732	1384	466	322	5080	8928	2262	9612	84	244	132	230	998	1246	0	0	1218	1628	0	4580	82	516	862	1206	
101560	Vermis_6	0	0	0	0	0	0	0	0	0	0	0	0	0	0	0	0	0	0	0	0	0	0	0	0	0	0	0	0	0	0	0	0	0	0	0	0	0	0	0	0	0	0	84	0	0	0	3494	2488	0	0	98	0	198	0	1742	776	0	0	0	0	0	0	0	0	0	0	0	0	0	0	0	0	0	0	0	0	0	0	0	0	0	0	0	0	0	0	0	0	0	0	4846	1614	1748	1284	0	0	2050	1488	6490	3944	0	0	94	1026	894	2134	0	0	0	0	4580	0	4598	1832	2082	1196	
137632	Vermis_7	0	0	0	0	0	0	0	0	0	0	0	0	0	0	0	0	0	0	0	0	0	0	0	0	0	0	0	0	0	0	0	0	0	0	0	0	0	0	0	0	0	0	0	0	0	0	1866	1158	0	0	0	0	0	0	248	234	0	0	0	0	0	0	0	0	0	0	0	0	0	0	0	0	0	0	0	0	0	0	0	0	0	0	0	0	0	0	0	0	0	0	4096	1918	9734	9322	0	0	122	0	2590	2176	5358	2348	5814	8446	740	1730	0	0	0	0	82	4598	0	4016	2220	0	
64348	Vermis_8	0	0	0	0	0	0	0	0	0	0	0	0	0	0	0	0	0	0	0	0	0	0	0	0	0	0	0	0	0	0	0	0	0	0	0	0	0	0	0	0	0	0	0	0	0	0	0	0	0	0	0	0	0	0	0	0	0	0	0	0	0	0	0	0	0	0	0	0	0	0	0	0	0	0	0	0	0	0	0	0	0	0	0	0	0	0	0	0	0	0	834	120	3204	2320	0	0	238	108	256	186	2114	1182	3900	3486	948	2740	0	0	0	0	516	1832	4016	0	3850	324	
38504	Vermis_9	0	0	0	0	0	0	0	0	0	0	0	0	0	0	0	0	0	0	0	0	0	0	0	0	0	0	0	0	0	0	0	0	0	0	0	0	0	0	0	0	0	0	0	0	0	0	0	0	0	0	0	0	0	0	0	0	0	0	0	0	0	0	0	0	0	0	0	0	0	0	0	0	0	0	0	0	0	0	0	0	0	0	0	0	0	0	0	0	0	0	710	0	960	704	0	0	314	114	224	102	0	0	1096	1444	738	3154	0	0	0	0	862	2082	2220	3850	0	678	
9864	Vermis_10	0	0	0	0	0	0	0	0	0	0	0	0	0	0	0	0	0	0	0	0	0	0	0	0	0	0	0	0	0	0	0	0	0	0	0	0	0	0	0	0	0	0	0	0	0	0	0	0	0	0	0	0	0	0	0	0	0	0	0	0	0	0	0	0	0	0	0	0	0	0	0	0	0	0	0	0	0	0	0	0	0	0	0	0	0	0	0	0	0	0	0	0	0	0	0	0	386	0	0	0	0	0	0	0	158	984	0	0	0	0	1206	1196	0	324	678	0	
