data	data	444464	271528	975092	780132	102420	77116	526372	209196	116296	76000	258540	218264	271744	95792	190588	137332	207792	104660	694632	807340	59176	73724	319592	306656	30384	76184	59748	67248	686692	397116	235180	360456	138028	503348	140364	183556	267960	385056	87884	209936	41308	53768	237596	299824	176008	337956	332200	287268	161600	350172	499740	232872	188704	89220	475288	428908	325796	351232	146936	73504	208432	129128	125996	76976	194140	119544	282848	417932	192260	338304	297180	325704	298432	365136	67892	16828	163152	173848	89272	35968	186604	144488	101768	32616	333184	236308	22164	17344	251676	234876	569116	471540	389508	315240	69952	94708	376200	258092	565656	502404	223940	120896	348244	380776	155316	194024	21044	42120	52640	145856	296612	248704	298392	208168	190000	52476	
data	data	Precentral_L	Precentral_R	Frontal_Sup_L	Frontal_Sup_R	Frontal_Sup_Orb_L	Frontal_Sup_Orb_R	Frontal_Mid_L	Frontal_Mid_R	Frontal_Mid_Orb_L	Frontal_Mid_Orb_R	Frontal_Inf_Oper_L	Frontal_Inf_Oper_R	Frontal_Inf_Tri_L	Frontal_Inf_Tri_R	Frontal_Inf_Orb_L	Frontal_Inf_Orb_R	Rolandic_Oper_L	Rolandic_Oper_R	Supp_Motor_Area_L	Supp_Motor_Area_R	Olfactory_L	Olfactory_R	Frontal_Sup_Medial_L	Frontal_Sup_Medial_R	Frontal_Med_Orb_L	Frontal_Med_Orb_R	Rectus_L	Rectus_R	Insula_L	Insula_R	Cingulum_Ant_L	Cingulum_Ant_R	Cingulum_Mid_L	Cingulum_Mid_R	Cingulum_Post_L	Cingulum_Post_R	Hippocampus_L	Hippocampus_R	ParaHippocampal_L	ParaHippocampal_R	Amygdala_L	Amygdala_R	Calcarine_L	Calcarine_R	Cuneus_L	Cuneus_R	Lingual_L	Lingual_R	Occipital_Sup_L	Occipital_Sup_R	Occipital_Mid_L	Occipital_Mid_R	Occipital_Inf_L	Occipital_Inf_R	Fusiform_L	Fusiform_R	Postcentral_L	Postcentral_R	Parietal_Sup_L	Parietal_Sup_R	Parietal_Inf_L	Parietal_Inf_R	SupraMarginal_L	SupraMarginal_R	Angular_L	Angular_R	Precuneus_L	Precuneus_R	Paracentral_Lobule_L	Paracentral_Lobule_R	Caudate_L	Caudate_R	Putamen_L	Putamen_R	Pallidum_L	Pallidum_R	Thalamus_L	Thalamus_R	Heschl_L	Heschl_R	Temporal_Sup_L	Temporal_Sup_R	Temporal_Pole_Sup_L	Temporal_Pole_Sup_R	Temporal_Mid_L	Temporal_Mid_R	Temporal_Pole_Mid_L	Temporal_Pole_Mid_R	Temporal_Inf_L	Temporal_Inf_R	Cerebelum_Crus1_L	Cerebelum_Crus1_R	Cerebelum_Crus2_L	Cerebelum_Crus2_R	Cerebelum_3_L	Cerebelum_3_R	Cerebelum_4_5_L	Cerebelum_4_5_R	Cerebelum_6_L	Cerebelum_6_R	Cerebelum_7b_L	Cerebelum_7b_R	Cerebelum_8_L	Cerebelum_8_R	Cerebelum_9_L	Cerebelum_9_R	Cerebelum_10_L	Cerebelum_10_R	Vermis_1_2	Vermis_3	Vermis_4_5	Vermis_6	Vermis_7	Vermis_8	Vermis_9	Vermis_10	
444464	Precentral_L	0	308	26192	1308	0	0	16726	196	0	0	9494	0	598	0	0	0	11190	0	16278	4598	0	0	0	0	0	0	0	0	7396	798	0	0	0	3228	6242	5340	9168	4414	146	2566	0	0	124	0	0	0	0	0	0	0	3330	0	456	106	1272	1380	24484	0	894	0	5824	0	2234	0	1922	0	974	1104	16690	664	2060	248	5054	632	3538	0	8828	2382	2514	0	2186	0	830	0	3954	0	0	0	2174	188	0	0	0	0	0	0	0	0	0	0	0	0	0	0	0	0	0	0	0	0	0	0	0	0	0	0	
271528	Precentral_R	308	0	700	20294	0	0	604	6788	0	0	0	5480	474	176	0	0	0	1448	214	13718	0	0	0	0	0	0	0	0	902	2700	0	0	302	2068	312	1122	0	12214	0	2152	0	0	0	302	0	1062	0	114	0	880	0	2116	0	620	0	2274	0	17424	0	488	0	2194	0	2114	0	664	252	2082	470	8158	1248	4734	156	2378	0	96	104	6536	0	396	0	2218	0	0	0	2552	0	0	0	2156	0	0	0	0	0	0	0	0	0	0	0	0	0	0	0	0	0	0	0	0	0	0	0	0	0	0	
975092	Frontal_Sup_L	26192	700	0	4642	4706	0	79066	528	8896	142	21568	240	23616	0	13170	342	13284	0	91342	11806	0	0	33546	650	1300	0	894	0	55304	2100	10244	1662	2144	2022	200	0	2506	834	0	188	0	0	0	0	0	0	0	0	0	0	188	0	0	114	288	314	9300	470	170	0	2408	284	1298	130	1030	0	0	0	3448	0	11034	260	21052	1572	7204	0	2262	156	2418	0	3452	0	2660	0	806	228	0	0	572	594	0	0	0	0	0	0	0	0	0	0	0	0	0	0	0	0	0	0	0	0	0	0	0	0	0	0	
780132	Frontal_Sup_R	1308	20294	4642	0	0	1978	1136	26146	0	3100	160	18402	406	1846	0	3462	238	5386	7686	73280	0	0	11192	32132	0	2196	0	590	1060	25278	5028	27066	1188	26616	204	508	198	11092	0	3220	0	0	0	0	0	0	0	0	0	0	0	0	0	158	0	3416	160	3444	0	240	0	660	0	264	0	192	0	0	358	110	1940	19718	482	26144	166	1230	348	9030	0	508	0	892	0	98	0	594	0	0	0	2716	0	0	0	0	0	0	0	0	0	160	0	0	0	0	0	0	0	0	0	0	0	0	0	0	0	0	
102420	Frontal_Sup_Orb_L	0	0	4706	0	0	362	1624	0	7922	0	0	0	544	0	8760	246	0	0	122	0	2084	784	4290	0	3812	0	6134	372	3198	0	2486	0	0	0	0	0	0	0	0	0	0	0	0	0	0	0	0	0	0	0	0	0	0	0	0	0	0	0	0	0	0	0	0	0	0	0	0	0	0	0	1292	206	2172	0	0	0	0	0	0	0	0	0	94	0	0	0	0	0	0	0	0	0	0	0	0	0	0	0	0	0	0	0	0	0	0	0	0	0	0	0	0	0	0	0	0	0	
77116	Frontal_Sup_Orb_R	0	0	0	1978	362	0	0	812	0	4522	0	0	0	0	288	4452	0	0	0	284	876	2184	368	2834	204	4566	648	5506	0	468	1652	1330	0	0	0	0	0	0	0	0	0	0	0	0	0	0	0	0	0	0	0	0	0	0	0	0	0	0	0	0	0	0	0	0	0	0	0	0	0	0	1208	1958	312	1630	0	0	0	116	0	0	0	0	0	0	0	0	0	0	0	0	0	0	0	0	0	0	0	0	0	0	0	0	0	0	0	0	0	0	0	0	0	0	0	0	0	0	
526372	Frontal_Mid_L	16726	604	79066	1136	1624	0	0	368	7266	0	15074	0	30174	0	13392	120	2084	0	19616	1160	0	0	13650	0	358	0	0	0	31000	1790	3520	286	452	384	188	0	1696	748	0	128	0	0	0	0	0	0	0	0	0	0	0	0	0	104	140	260	986	484	162	0	724	298	0	140	332	0	0	0	0	0	4836	100	4710	1354	734	0	424	0	512	0	1510	0	1726	0	214	202	0	0	116	508	0	0	0	0	0	0	0	0	0	0	0	0	0	0	0	0	0	0	0	0	0	0	0	0	0	0	
209196	Frontal_Mid_R	196	6788	528	26146	0	812	368	0	0	3262	0	10236	172	15668	0	4410	0	836	344	3320	0	0	1902	3792	0	0	0	0	580	8378	464	3664	0	4556	0	0	0	920	0	142	0	0	0	0	0	0	0	0	0	0	0	0	0	0	0	148	0	722	0	0	0	360	0	258	0	0	0	0	0	0	612	372	124	4024	0	0	0	162	0	0	0	138	0	0	0	0	0	0	0	194	0	0	0	0	0	0	0	0	0	0	0	0	0	0	0	0	0	0	0	0	0	0	0	0	0	0	
116296	Frontal_Mid_Orb_L	0	0	8896	0	7922	0	7266	0	0	0	530	0	3088	0	15836	0	168	0	448	0	182	0	704	0	256	0	904	0	6708	0	492	0	0	0	0	0	0	0	0	0	0	0	0	0	0	0	0	0	0	0	0	0	0	0	0	0	0	0	0	0	0	0	0	0	0	0	0	0	0	0	288	0	4166	0	0	0	0	0	0	0	132	0	162	0	0	0	0	0	0	0	0	0	0	0	0	0	0	0	0	0	0	0	0	0	0	0	0	0	0	0	0	0	0	0	0	0	
76000	Frontal_Mid_Orb_R	0	0	142	3100	0	4522	0	3262	0	0	0	564	0	834	0	10038	0	0	0	856	0	0	0	2152	0	882	0	734	166	1262	428	2328	0	200	0	0	0	0	0	0	0	0	0	0	0	0	0	0	0	0	0	0	0	0	0	0	0	0	0	0	0	0	0	0	0	0	0	0	0	0	386	3066	0	2612	0	0	0	466	0	0	0	0	0	0	0	0	0	0	0	0	0	0	0	0	0	0	0	0	0	0	0	0	0	0	0	0	0	0	0	0	0	0	0	0	0	0	
258540	Frontal_Inf_Oper_L	9494	0	21568	160	0	0	15074	0	530	0	0	0	12418	0	718	0	10486	0	14712	218	0	0	994	0	0	0	0	0	22430	110	1216	168	0	0	0	0	240	0	0	0	0	0	0	0	0	0	0	0	0	0	0	0	0	0	0	0	3030	0	0	0	264	0	0	0	162	0	0	0	0	0	1400	0	2032	0	312	0	588	0	322	0	4428	0	6094	0	102	0	0	0	0	0	0	0	0	0	0	0	0	0	0	0	0	0	0	0	0	0	0	0	0	0	0	0	0	0	0	0	
218264	Frontal_Inf_Oper_R	0	5480	240	18402	0	0	0	10236	0	564	0	0	0	8376	0	1852	0	4502	3090	9652	0	0	510	4276	0	0	0	0	336	28192	410	1466	0	8576	0	0	0	102	0	0	0	0	0	0	0	0	0	0	0	0	0	0	0	0	0	0	0	1102	0	0	0	178	0	174	0	0	0	0	0	0	502	108	0	538	0	0	0	0	0	0	0	0	0	268	0	0	0	0	0	0	0	0	0	0	0	0	0	0	0	0	0	0	0	0	0	0	0	0	0	0	0	0	0	0	0	0	
271744	Frontal_Inf_Tri_L	598	474	23616	406	544	0	30174	172	3088	0	12418	0	0	0	10670	0	564	0	7440	252	0	0	3236	0	0	0	0	0	28858	800	1346	126	152	0	0	0	0	706	0	128	0	0	0	0	0	0	0	0	0	0	0	0	0	106	0	284	0	436	0	0	0	232	0	104	0	0	0	0	0	0	3996	0	1106	934	0	0	166	0	0	0	716	0	1270	0	0	200	0	0	0	554	0	0	0	0	0	0	0	0	0	0	0	0	0	0	0	0	0	0	0	0	0	0	0	0	0	0	
95792	Frontal_Inf_Tri_R	0	176	0	1846	0	0	0	15668	0	834	0	8376	0	0	0	5098	0	336	246	386	0	0	100	308	0	0	0	0	0	10472	274	640	0	1398	0	0	0	0	0	0	0	0	0	0	0	0	0	0	0	0	0	0	0	0	0	0	0	0	0	0	0	0	0	0	0	0	0	0	0	0	0	94	0	1644	0	0	0	0	0	0	0	0	0	0	0	0	0	0	0	0	0	0	0	0	0	0	0	0	0	0	0	0	0	0	0	0	0	0	0	0	0	0	0	0	0	0	
190588	Frontal_Inf_Orb_L	0	0	13170	0	8760	288	13392	0	15836	0	718	0	10670	0	0	196	188	0	630	0	2304	604	888	0	142	0	1312	296	14794	0	952	0	144	0	0	0	250	0	234	0	282	0	0	0	0	0	0	0	0	0	0	0	0	0	0	0	0	0	0	0	0	0	0	0	0	0	0	0	0	0	1306	174	6260	0	0	0	0	0	0	0	144	0	1360	0	0	0	0	0	0	0	0	0	0	0	0	0	0	0	0	0	0	0	0	0	0	0	0	0	0	0	0	0	0	0	0	0	
137332	Frontal_Inf_Orb_R	0	0	342	3462	246	4452	120	4410	0	10038	0	1852	0	5098	196	0	0	158	430	1660	612	2610	282	2612	0	1058	428	2876	452	8684	1182	3370	148	1108	0	0	0	126	0	0	0	0	0	0	0	0	0	0	0	0	0	0	0	0	0	0	0	0	0	0	0	0	0	0	0	0	0	0	0	0	1948	3712	372	4286	0	0	0	336	0	0	0	0	0	0	0	0	0	0	0	0	0	0	0	0	0	0	0	0	0	0	0	0	0	0	0	0	0	0	0	0	0	0	0	0	0	0	
207792	Rolandic_Oper_L	11190	0	13284	238	0	0	2084	0	168	0	10486	0	564	0	188	0	0	0	12962	236	0	0	0	0	0	0	0	0	14162	0	0	0	0	0	0	0	232	0	0	0	0	0	0	0	0	0	0	0	0	0	250	0	0	0	294	0	13562	0	524	0	2178	0	2180	0	1218	0	0	0	0	0	526	0	364	142	104	0	254	0	3356	0	7202	0	4884	0	766	0	0	0	298	0	0	0	0	0	0	0	0	0	0	0	0	0	0	0	0	0	0	0	0	0	0	0	0	0	0	0	
104660	Rolandic_Oper_R	0	1448	0	5386	0	0	0	836	0	0	0	4502	0	336	0	158	0	0	0	4956	0	0	0	0	0	0	0	0	0	10470	0	0	0	818	0	0	0	436	0	0	0	0	0	0	0	160	0	0	0	210	0	196	0	180	0	334	0	4588	0	416	0	902	0	3198	0	1050	0	316	0	476	0	0	0	1258	0	0	0	0	0	2800	0	5042	0	418	0	610	0	0	0	830	0	0	0	0	0	0	0	0	0	0	0	0	0	0	0	0	0	0	0	0	0	0	0	0	0	0	
694632	Supp_Motor_Area_L	16278	214	91342	7686	122	0	19616	344	448	0	14712	3090	7440	246	630	430	12962	0	0	33926	0	0	7048	3022	142	0	0	0	30622	3924	5030	2254	8184	19890	364	228	1238	210	0	0	0	0	0	0	0	0	0	0	0	0	0	0	0	0	96	0	8456	0	0	0	1660	0	1210	0	848	0	0	0	6244	466	8930	756	13280	598	4884	110	1008	0	1234	0	3102	0	2238	0	330	0	0	0	92	132	0	0	0	0	0	0	0	0	0	0	0	0	0	0	0	0	0	0	0	0	0	0	0	0	0	0	
807340	Supp_Motor_Area_R	4598	13718	11806	73280	0	284	1160	3320	0	856	218	9652	252	386	0	1660	236	4956	33926	0	0	0	2834	8716	0	260	0	464	906	15238	2868	15594	8842	62336	1046	4248	100	8644	0	3118	0	0	0	540	0	1042	0	146	0	588	0	2138	0	1106	0	2732	224	4210	0	212	0	478	0	188	0	154	234	2950	9958	18660	2830	18608	1260	16812	288	2220	708	11018	0	530	0	2642	0	92	0	3038	0	0	0	2542	0	0	0	0	0	0	0	0	0	0	0	0	0	0	0	0	0	0	0	0	0	0	0	0	0	0	
59176	Olfactory_L	0	0	0	0	2084	876	0	0	182	0	0	0	0	0	2304	612	0	0	0	0	0	3512	0	0	208	100	3186	1348	3046	0	1874	1400	0	0	0	0	272	0	392	0	750	0	0	0	0	0	0	0	0	0	0	0	0	0	0	0	0	0	0	0	0	0	0	0	0	0	0	0	0	0	4306	1074	1144	110	0	0	0	0	0	0	0	0	808	0	0	0	0	0	0	0	0	0	0	0	0	0	0	0	0	0	0	0	0	0	0	0	0	0	0	0	0	0	0	0	0	0	
73724	Olfactory_R	0	0	0	0	784	2184	0	0	0	0	0	0	0	0	604	2610	0	0	0	0	3512	0	0	0	0	278	2548	3478	104	1962	1912	1986	0	0	0	0	0	350	0	308	0	1018	0	0	0	0	0	0	0	0	0	0	0	0	0	0	0	0	0	0	0	0	0	0	0	0	0	0	0	0	6608	4338	1780	356	0	0	0	142	0	0	0	0	0	0	0	0	0	0	0	0	0	0	0	0	0	0	0	0	0	0	0	0	0	0	0	0	0	0	0	0	0	0	0	0	0	0	
319592	Frontal_Sup_Medial_L	0	0	33546	11192	4290	368	13650	1902	704	0	994	510	3236	100	888	282	0	0	7048	2834	0	0	0	17160	2986	2020	1482	0	7822	882	13054	12000	4566	6774	0	0	0	0	0	0	0	0	0	0	0	0	0	0	0	0	0	0	0	0	0	0	0	0	0	0	0	0	0	0	0	0	0	0	0	0	1100	2380	4748	1278	0	0	0	0	0	0	0	0	0	0	0	0	0	0	0	0	0	0	0	0	0	0	0	0	0	0	0	0	0	0	0	0	0	0	0	0	0	0	0	0	0	0	
306656	Frontal_Sup_Medial_R	0	0	650	32132	0	2834	0	3792	0	2152	0	4276	0	308	0	2612	0	0	3022	8716	0	0	17160	0	272	6476	0	1318	94	4722	5818	21624	392	15226	0	0	0	0	0	0	0	0	0	0	0	0	0	0	0	0	0	0	0	0	0	0	0	0	0	0	0	0	0	0	0	0	0	0	0	0	528	11292	0	7388	0	0	0	524	0	0	0	0	0	0	0	0	0	0	0	0	0	0	0	0	0	0	0	0	0	0	0	0	0	0	0	0	0	0	0	0	0	0	0	0	0	0	
30384	Frontal_Med_Orb_L	0	0	1300	0	3812	204	358	0	256	0	0	0	0	0	142	0	0	0	142	0	208	0	2986	272	0	418	1794	0	180	0	2116	134	0	0	0	0	0	0	0	0	0	0	0	0	0	0	0	0	0	0	0	0	0	0	0	0	0	0	0	0	0	0	0	0	0	0	0	0	0	0	410	0	460	0	0	0	0	0	0	0	0	0	0	0	0	0	0	0	0	0	0	0	0	0	0	0	0	0	0	0	0	0	0	0	0	0	0	0	0	0	0	0	0	0	0	0	
76184	Frontal_Med_Orb_R	0	0	0	2196	0	4566	0	0	0	882	0	0	0	0	0	1058	0	0	0	260	100	278	2020	6476	418	0	228	4892	0	94	3848	5258	0	0	0	0	0	0	0	0	0	0	0	0	0	0	0	0	0	0	0	0	0	0	0	0	0	0	0	0	0	0	0	0	0	0	0	0	0	0	138	2854	0	2526	0	0	0	0	0	0	0	0	0	0	0	0	0	0	0	0	0	0	0	0	0	0	0	0	0	0	0	0	0	0	0	0	0	0	0	0	0	0	0	0	0	0	
59748	Rectus_L	0	0	894	0	6134	648	0	0	904	0	0	0	0	0	1312	428	0	0	0	0	3186	2548	1482	0	1794	228	0	1056	280	0	3168	1036	0	0	0	0	0	0	0	0	0	0	0	0	0	0	0	0	0	0	0	0	0	0	0	0	0	0	0	0	0	0	0	0	0	0	0	0	0	0	3178	554	1044	0	0	0	0	0	0	0	0	0	0	0	0	0	0	0	0	0	0	0	0	0	0	0	0	0	0	0	0	0	0	0	0	0	0	0	0	0	0	0	0	0	0	0	
67248	Rectus_R	0	0	0	590	372	5506	0	0	0	734	0	0	0	0	296	2876	0	0	0	464	1348	3478	0	1318	0	4892	1056	0	0	366	456	2540	0	0	0	0	0	0	0	0	0	0	0	0	0	0	0	0	0	0	0	0	0	0	0	0	0	0	0	0	0	0	0	0	0	0	0	0	0	0	1704	3034	642	1784	0	0	0	168	0	0	0	0	0	0	0	0	0	0	0	0	0	0	0	0	0	0	0	0	0	0	0	0	0	0	0	0	0	0	0	0	0	0	0	0	0	0	
686692	Insula_L	7396	902	55304	1060	3198	0	31000	580	6708	166	22430	336	28858	0	14794	452	14162	0	30622	906	3046	104	7822	94	180	0	280	0	0	3492	4342	704	552	120	578	130	8874	1302	584	236	2892	0	0	170	0	0	0	0	0	0	112	0	282	238	2658	508	3952	758	122	0	140	396	140	184	152	0	210	0	0	0	17694	220	24606	2358	424	0	6062	0	7722	0	6038	152	5680	0	2862	478	156	0	3472	1194	0	0	0	0	0	0	0	0	0	0	0	0	0	0	0	0	0	0	0	0	0	0	0	0	0	0	
397116	Insula_R	798	2700	2100	25278	0	468	1790	8378	0	1262	110	28192	800	10472	0	8684	0	10470	3924	15238	0	1962	882	4722	0	94	0	366	3492	0	868	2550	0	9160	0	114	0	4220	0	1280	0	894	0	290	0	140	0	102	0	168	0	268	0	836	0	1820	0	2296	0	212	0	488	0	238	0	524	0	338	0	314	5006	1280	308	16180	0	0	0	442	0	2582	0	5598	0	426	0	2740	0	0	0	4694	0	0	0	0	0	0	0	0	0	0	0	0	0	0	0	0	0	0	0	0	0	0	0	0	0	0	
235180	Cingulum_Ant_L	0	0	10244	5028	2486	1652	3520	464	492	428	1216	410	1346	274	952	1182	0	0	5030	2868	1874	1912	13054	5818	2116	3848	3168	456	4342	868	0	15870	6498	2928	1078	0	0	0	0	0	0	0	0	0	0	0	0	0	0	0	0	0	0	0	0	0	0	0	0	0	0	0	0	0	0	0	0	0	0	0	5744	2706	6402	1316	0	0	0	0	0	0	0	0	0	0	0	0	0	0	0	0	0	0	0	0	0	0	0	0	0	0	0	0	0	0	0	0	0	0	0	0	0	0	0	0	0	0	
360456	Cingulum_Ant_R	0	0	1662	27066	0	1330	286	3664	0	2328	168	1466	126	640	0	3370	0	0	2254	15594	1400	1986	12000	21624	134	5258	1036	2540	704	2550	15870	0	2282	17612	0	0	0	254	0	0	0	0	0	0	0	0	0	0	0	0	0	0	0	0	0	0	0	0	0	0	0	0	0	0	0	0	0	0	0	0	3104	18088	864	12116	0	0	168	684	0	0	0	0	0	0	0	0	0	0	0	0	0	0	0	0	0	0	0	0	0	0	0	0	0	0	0	0	0	0	0	0	0	0	0	0	0	0	
138028	Cingulum_Mid_L	0	302	2144	1188	0	0	452	0	0	0	0	0	152	0	144	148	0	0	8184	8842	0	0	4566	392	0	0	0	0	552	0	6498	2282	0	11522	5064	1184	0	0	0	0	0	0	144	0	2286	116	0	198	1398	0	1262	0	0	0	0	0	446	168	0	0	0	0	0	0	0	0	3994	1386	2698	962	0	0	0	0	0	0	0	0	0	0	0	0	0	0	340	0	0	0	0	0	0	0	0	0	0	0	0	0	0	0	0	0	0	0	0	0	0	0	0	0	0	0	0	0	0	0	
503348	Cingulum_Mid_R	3228	2068	2022	26616	0	0	384	4556	0	200	0	8576	0	1398	0	1108	0	818	19890	62336	0	0	6774	15226	0	0	0	0	120	9160	2928	17612	11522	0	1314	7090	0	532	0	150	0	0	0	806	0	2582	0	122	0	708	0	1202	0	270	0	198	0	2330	0	0	0	196	0	130	0	0	702	7136	9180	13142	580	2358	294	956	0	0	142	1868	0	0	0	188	0	0	0	690	0	0	0	266	0	0	0	0	0	0	0	0	0	0	0	0	0	0	0	0	0	0	0	0	0	0	0	0	0	0	
140364	Cingulum_Post_L	6242	312	200	204	0	0	188	0	0	0	0	0	0	0	0	0	0	0	364	1046	0	0	0	0	0	0	0	0	578	0	1078	0	5064	1314	0	7202	8544	2404	2486	1376	0	0	2640	140	552	108	1310	228	0	0	0	0	204	0	1166	736	384	198	0	0	0	0	0	0	0	0	7604	1850	6186	1052	0	0	0	0	0	0	3780	862	596	0	226	0	0	0	730	0	0	0	664	0	0	0	0	0	0	0	0	0	0	0	0	0	0	0	0	0	0	0	0	0	364	0	0	0	0	0	
183556	Cingulum_Post_R	5340	1122	0	508	0	0	0	0	0	0	0	0	0	0	0	0	0	0	228	4248	0	0	0	0	0	0	0	0	130	114	0	0	1184	7090	7202	0	2666	7624	0	3310	0	0	0	2570	0	1160	0	6304	0	342	0	940	0	740	0	1830	0	2258	0	0	0	534	0	0	0	0	1076	13670	1590	4536	270	0	0	104	0	0	6002	3444	0	0	0	268	0	0	0	744	0	0	0	826	0	0	0	0	0	0	0	0	0	0	0	0	0	0	0	0	0	0	0	0	1804	0	0	0	0	0	
267960	Hippocampus_L	9168	0	2506	198	0	0	1696	0	0	0	240	0	0	0	250	0	232	0	1238	100	272	0	0	0	0	0	0	0	8874	0	0	0	0	0	8544	2666	0	2126	13204	1408	7192	0	2544	0	0	0	2802	288	0	0	94	0	908	0	15016	714	350	0	0	0	0	0	0	0	0	0	4846	288	384	0	374	0	5756	0	908	0	8422	666	2566	0	3516	0	1528	0	6356	0	188	0	13862	0	286	0	0	0	134	116	366	0	216	0	0	0	0	0	0	0	0	0	0	262	310	0	0	0	0	0	
385056	Hippocampus_R	4414	12214	834	11092	0	0	748	920	0	0	0	102	706	0	0	126	0	436	210	8644	0	350	0	0	0	0	0	0	1302	4220	0	254	0	532	2404	7624	2126	0	0	29118	0	8884	0	208	0	0	0	3230	0	0	0	0	0	1124	0	26936	0	510	0	0	0	0	0	0	0	0	0	4532	500	500	1746	958	0	14310	0	926	5392	6984	0	616	0	1288	0	1128	0	5926	0	0	0	15696	0	170	0	0	0	0	0	972	0	542	0	0	0	0	0	0	0	0	0	0	1074	0	0	0	0	0	
87884	ParaHippocampal_L	146	0	0	0	0	0	0	0	0	0	0	0	0	0	234	0	0	0	0	0	392	0	0	0	0	0	0	0	584	0	0	0	0	0	2486	0	13204	0	0	0	2368	0	2144	0	0	0	3558	210	0	0	182	0	598	0	7776	0	0	0	0	0	0	0	0	0	0	0	2874	0	0	0	0	0	288	0	0	0	1586	0	0	0	234	0	344	0	942	0	114	0	1000	0	330	0	0	0	210	410	542	0	366	0	0	0	0	0	0	0	0	0	0	516	304	0	0	0	0	0	
209936	ParaHippocampal_R	2566	2152	188	3220	0	0	128	142	0	0	0	0	128	0	0	0	0	0	0	3118	0	308	0	0	0	0	0	0	236	1280	0	0	0	150	1376	3310	1408	29118	0	0	0	6932	0	280	0	0	0	2122	0	0	0	0	0	236	0	18694	0	0	0	0	0	0	0	0	0	0	0	2010	128	0	300	430	0	5316	0	468	3012	3840	0	258	0	638	0	1690	0	1770	0	706	0	4322	0	162	0	0	0	0	0	2078	0	608	0	0	0	0	0	0	0	0	0	0	140	0	0	0	0	0	
41308	Amygdala_L	0	0	0	0	0	0	0	0	0	0	0	0	0	0	282	0	0	0	0	0	750	0	0	0	0	0	0	0	2892	0	0	0	0	0	0	0	7192	0	2368	0	0	0	0	0	0	0	0	0	0	0	0	0	0	0	3934	0	0	0	0	0	0	0	0	0	0	0	0	0	0	0	0	0	440	0	0	0	0	0	0	0	0	0	950	0	0	0	0	0	1846	0	0	0	0	0	0	0	0	0	0	0	0	0	0	0	0	0	0	0	0	0	0	0	0	0	0	0	
53768	Amygdala_R	0	0	0	0	0	0	0	0	0	0	0	0	0	0	0	0	0	0	0	0	0	1018	0	0	0	0	0	0	0	894	0	0	0	0	0	0	0	8884	0	6932	0	0	0	0	0	0	0	0	0	0	0	0	0	0	0	4246	0	0	0	0	0	0	0	0	0	0	0	0	0	0	0	0	0	1580	0	0	0	0	0	0	0	0	0	2134	0	600	0	0	0	596	0	0	0	0	0	0	0	0	0	0	0	0	0	0	0	0	0	0	0	0	0	0	0	0	0	0	
237596	Calcarine_L	124	0	0	0	0	0	0	0	0	0	0	0	0	0	0	0	0	0	0	0	0	0	0	0	0	0	0	0	0	0	0	0	144	0	2640	0	2544	0	2144	0	0	0	0	3864	14376	1348	12038	2132	10914	866	31430	150	8386	0	6288	0	542	0	440	0	0	0	136	0	622	0	11370	0	952	0	0	0	0	0	0	0	0	0	310	0	148	0	0	0	2620	0	0	0	918	0	540	0	108	0	0	0	0	0	412	0	0	0	0	0	0	0	0	0	0	0	292	0	0	0	0	0	
299824	Calcarine_R	0	302	0	0	0	0	0	0	0	0	0	0	0	0	0	0	0	0	0	540	0	0	0	0	0	0	0	0	170	290	0	0	0	806	140	2570	0	208	0	280	0	0	3864	0	2006	22746	942	21620	0	24432	0	15926	0	4150	0	6260	0	3858	0	302	0	318	0	142	0	574	4028	18546	0	4626	186	0	0	0	0	0	0	0	0	0	0	882	0	0	0	3780	0	0	0	5028	0	0	0	0	0	0	0	0	0	278	0	0	0	0	0	0	0	0	0	0	112	0	0	0	0	0	
176008	Cuneus_L	0	0	0	0	0	0	0	0	0	0	0	0	0	0	0	0	0	0	0	0	0	0	0	0	0	0	0	0	0	0	0	0	2286	0	552	0	0	0	0	0	0	0	14376	2006	0	3050	2594	554	17398	1230	17944	168	2500	0	1256	0	1554	0	2204	0	222	0	150	0	880	0	11940	268	3218	0	0	0	0	0	0	0	0	0	0	0	0	0	0	0	1470	0	0	0	0	0	184	0	0	0	0	0	0	0	0	0	0	0	0	0	0	0	0	0	0	0	0	0	0	0	0	0	
337956	Cuneus_R	0	1062	0	0	0	0	0	0	0	0	0	0	0	0	0	0	0	160	0	1042	0	0	0	0	0	0	0	0	0	140	0	0	116	2582	108	1160	0	0	0	0	0	0	1348	22746	3050	0	208	7852	0	35602	0	14136	0	820	0	3110	0	10250	0	2118	0	1372	0	288	0	2674	8808	27802	202	12642	0	0	0	0	0	0	0	0	0	184	0	2256	0	0	0	3800	0	0	0	1134	0	0	0	0	0	0	0	0	0	206	0	0	0	0	0	0	0	0	0	0	0	0	0	0	0	0	
332200	Lingual_L	0	0	0	0	0	0	0	0	0	0	0	0	0	0	0	0	0	0	0	0	0	0	0	0	0	0	0	0	0	0	0	0	0	0	1310	0	2802	0	3558	0	0	0	12038	942	2594	208	0	2694	2522	190	14924	0	13358	0	26042	1246	0	0	0	0	0	0	0	0	0	0	3274	0	0	0	0	0	0	0	0	0	100	0	0	0	212	0	0	0	1064	0	0	0	346	0	14062	2808	2760	246	738	118	12748	1606	22926	3704	156	0	238	256	0	96	0	0	206	398	4124	6208	2972	120	186	0	
287268	Lingual_R	0	114	0	0	0	0	0	0	0	0	0	0	0	0	0	0	0	0	0	146	0	0	0	0	0	0	0	0	0	102	0	0	198	122	228	6304	288	3230	210	2122	0	0	2132	21620	554	7852	2694	0	0	9960	0	4438	98	4914	1570	18876	0	1178	0	0	0	554	0	0	0	0	1562	11480	0	342	0	188	0	0	0	0	0	232	0	0	0	0	0	0	0	432	0	0	0	774	1094	5048	228	298	0	226	916	4646	3404	8714	0	0	0	362	0	0	0	0	0	122	3648	7864	2550	0	0	0	
161600	Occipital_Sup_L	0	0	0	0	0	0	0	0	0	0	0	0	0	0	0	0	0	0	0	0	0	0	0	0	0	0	0	0	0	0	0	0	1398	0	0	0	0	0	0	0	0	0	10914	0	17398	0	2522	0	0	0	26272	0	2286	0	1458	0	436	0	5922	0	706	0	154	0	804	0	9416	0	218	0	0	0	0	0	0	0	0	0	0	0	0	0	0	0	740	0	0	0	0	0	156	0	0	0	0	0	0	0	0	0	0	0	0	0	0	0	0	0	0	0	0	0	0	0	0	0	
350172	Occipital_Sup_R	0	880	0	0	0	0	0	0	0	0	0	0	0	0	0	0	0	210	0	588	0	0	0	0	0	0	0	0	0	168	0	0	0	708	0	342	0	0	0	0	0	0	866	24432	1230	35602	190	9960	0	0	0	22142	0	2264	0	4120	0	12472	0	3594	0	3938	0	354	0	6622	4868	17518	0	13698	0	0	0	0	0	0	0	0	0	128	0	1836	0	0	0	4286	0	0	0	1818	0	0	0	0	0	0	0	0	0	252	0	0	0	0	0	0	0	0	0	0	0	0	0	0	0	0	
499740	Occipital_Mid_L	3330	0	188	0	0	0	0	0	0	0	0	0	0	0	0	0	250	0	0	0	0	0	0	0	0	0	0	0	112	0	0	0	1262	0	0	0	94	0	182	0	0	0	31430	0	17944	0	14924	0	26272	0	0	0	26394	0	9684	0	12756	0	13264	0	10616	0	4740	0	22098	0	14232	0	3950	0	0	0	0	0	0	0	0	0	248	0	1844	0	0	0	27674	0	0	0	2802	0	1948	0	356	0	0	0	0	0	1018	0	0	0	0	0	0	0	0	0	0	0	0	96	162	0	0	0	
232872	Occipital_Mid_R	0	2116	0	0	0	0	0	0	0	0	0	0	0	0	0	0	0	196	0	2138	0	0	0	0	0	0	0	0	0	268	0	0	0	1202	0	940	0	0	0	0	0	0	150	15926	168	14136	0	4438	0	22142	0	0	0	3510	0	2614	0	5190	0	1012	0	2456	0	200	0	7536	824	9910	0	7172	0	0	0	0	0	0	0	0	0	116	0	1278	0	0	0	7934	0	0	0	2614	0	0	0	0	0	0	0	0	0	250	0	0	0	0	0	0	0	0	0	0	0	0	0	0	0	0	
188704	Occipital_Inf_L	456	0	0	0	0	0	0	0	0	0	0	0	0	0	0	0	0	0	0	0	0	0	0	0	0	0	0	0	282	0	0	0	0	0	204	0	908	0	598	0	0	0	8386	0	2500	0	13358	98	2286	0	26394	0	0	0	17398	0	512	0	96	0	126	0	142	0	300	0	1106	0	400	0	0	0	0	0	0	0	0	0	1436	0	538	0	0	0	5236	0	0	0	4498	0	3028	148	642	0	0	0	0	0	2292	150	0	0	0	0	0	0	0	0	0	0	0	476	358	0	0	0	
89220	Occipital_Inf_R	106	620	114	158	0	0	104	0	0	0	0	0	106	0	0	0	0	180	0	1106	0	0	0	0	0	0	0	0	238	836	0	0	0	270	0	740	0	1124	0	236	0	0	0	4150	0	820	0	4914	0	2264	0	3510	0	0	0	7778	0	678	0	134	0	0	0	0	0	138	0	1594	122	1264	288	0	0	0	0	0	0	0	0	152	0	242	0	0	0	1846	0	0	0	6714	0	92	0	0	0	0	96	218	94	656	0	0	0	0	0	0	0	0	0	0	170	540	198	0	0	0	
475288	Fusiform_L	1272	0	288	0	0	0	140	0	0	0	0	0	0	0	0	0	294	0	96	0	0	0	0	0	0	0	0	0	2658	0	0	0	0	0	1166	0	15016	0	7776	0	3934	0	6288	0	1256	0	26042	1570	1458	0	9684	0	17398	0	0	992	540	0	0	0	122	0	0	0	156	0	2570	0	792	0	0	0	902	0	0	0	592	0	3586	0	2700	0	1662	0	8736	0	1164	0	18234	0	27514	2828	3678	250	324	0	11806	1050	33882	3370	570	0	980	252	0	0	0	0	166	378	3028	5884	2482	0	118	0	
428908	Fusiform_R	1380	2274	314	3416	0	0	260	148	0	0	0	0	284	0	0	0	0	334	0	2732	0	0	0	0	0	0	0	0	508	1820	0	0	0	198	736	1830	714	26936	0	18694	0	4246	0	6260	0	3110	1246	18876	0	4120	0	2614	0	7778	992	0	0	456	0	220	0	0	0	0	0	246	318	1274	140	734	616	218	0	4722	0	176	1536	2320	0	434	0	974	0	3286	0	4984	0	1254	0	18468	662	14990	184	870	0	738	802	9174	2652	18682	0	0	138	1278	312	202	120	0	0	258	2866	4800	1324	0	206	0	
325796	Postcentral_L	24484	0	9300	160	0	0	986	0	0	0	3030	0	0	0	0	0	13562	0	8456	224	0	0	0	0	0	0	0	0	3952	0	0	0	446	0	384	0	350	0	0	0	0	0	542	0	1554	0	0	0	436	0	12756	0	512	0	540	0	0	0	10686	0	23058	0	11412	0	10300	0	6544	0	6322	0	122	0	850	0	398	0	0	0	2628	0	2446	0	162	0	5432	0	0	0	864	0	0	0	0	0	0	0	0	0	0	0	0	0	0	0	0	0	0	0	0	0	0	0	0	0	0	0	
351232	Postcentral_R	0	17424	470	3444	0	0	484	722	0	0	0	1102	436	0	0	0	0	4588	0	4210	0	0	0	0	0	0	0	0	758	2296	0	0	168	2330	198	2258	0	510	0	0	0	0	0	3858	0	10250	0	1178	0	12472	0	5190	0	678	0	456	0	0	0	7210	0	13908	0	12506	0	6130	234	20380	0	25634	958	0	0	0	0	0	0	0	0	276	0	3794	0	0	0	7288	0	0	0	1818	0	0	0	0	0	0	0	0	0	0	0	0	0	0	0	0	0	0	0	0	0	0	0	0	0	0	
146936	Parietal_Sup_L	894	0	170	0	0	0	162	0	0	0	0	0	0	0	0	0	524	0	0	0	0	0	0	0	0	0	0	0	122	0	0	0	0	0	0	0	0	0	0	0	0	0	440	0	2204	0	0	0	5922	0	13264	0	96	0	0	0	10686	0	0	0	11714	0	1286	0	11516	0	12066	0	298	0	0	0	0	0	0	0	0	0	0	0	654	0	0	0	1328	0	0	0	122	0	0	0	0	0	0	0	0	0	0	0	0	0	0	0	0	0	0	0	0	0	0	0	0	0	0	0	
73504	Parietal_Sup_R	0	488	0	240	0	0	0	0	0	0	0	0	0	0	0	0	0	416	0	212	0	0	0	0	0	0	0	0	0	212	0	0	0	0	0	0	0	0	0	0	0	0	0	302	0	2118	0	0	0	3594	0	1012	0	134	0	220	0	7210	0	0	0	6364	0	514	0	4930	140	6566	0	1622	0	0	0	0	0	0	0	0	0	200	0	258	0	0	0	0	0	0	0	0	0	0	0	0	0	0	0	0	0	0	0	0	0	0	0	0	0	0	0	0	0	0	0	0	0	0	
208432	Parietal_Inf_L	5824	0	2408	0	0	0	724	0	0	0	264	0	0	0	0	0	2178	0	1660	0	0	0	0	0	0	0	0	0	140	0	0	0	0	0	0	0	0	0	0	0	0	0	0	0	222	0	0	0	706	0	10616	0	126	0	122	0	23058	0	11714	0	0	0	16148	0	20986	0	1968	0	570	0	0	0	0	0	0	0	0	0	114	0	1140	0	128	0	2994	0	0	0	406	0	0	0	0	0	0	0	0	0	0	0	0	0	0	0	0	0	0	0	0	0	0	0	0	0	0	0	
129128	Parietal_Inf_R	0	2194	284	660	0	0	298	360	0	0	0	178	232	0	0	0	0	902	0	478	0	0	0	0	0	0	0	0	396	488	0	0	0	196	0	534	0	0	0	0	0	0	0	318	0	1372	0	554	0	3938	0	2456	0	0	0	0	0	13908	0	6364	0	0	0	8418	0	12830	0	2244	0	2436	530	0	0	0	0	0	0	0	0	368	0	734	0	0	0	894	0	0	0	0	0	0	0	0	0	0	0	0	0	0	0	0	0	0	0	0	0	0	0	0	0	0	0	0	0	0	
125996	SupraMarginal_L	2234	0	1298	0	0	0	0	0	0	0	0	0	0	0	0	0	2180	0	1210	0	0	0	0	0	0	0	0	0	140	0	0	0	0	0	0	0	0	0	0	0	0	0	136	0	150	0	0	0	154	0	4740	0	142	0	0	0	11412	0	1286	0	16148	0	0	0	7804	0	226	0	624	0	0	0	0	0	0	0	0	0	140	0	5842	0	0	0	6682	0	0	0	450	0	0	0	0	0	0	0	0	0	0	0	0	0	0	0	0	0	0	0	0	0	0	0	0	0	0	0	
76976	SupraMarginal_R	0	2114	130	264	0	0	140	258	0	0	0	174	104	0	0	0	0	3198	0	188	0	0	0	0	0	0	0	0	184	238	0	0	0	130	0	0	0	0	0	0	0	0	0	142	0	288	0	0	0	354	0	200	0	0	0	0	0	12506	0	514	0	8418	0	0	0	1996	0	804	0	950	256	0	0	0	0	0	0	0	0	0	0	3588	0	0	0	1350	0	0	0	0	0	0	0	0	0	0	0	0	0	0	0	0	0	0	0	0	0	0	0	0	0	0	0	0	0	0	
194140	Angular_L	1922	0	1030	0	0	0	332	0	0	0	162	0	0	0	0	0	1218	0	848	0	0	0	0	0	0	0	0	0	152	0	0	0	0	0	0	0	0	0	0	0	0	0	622	0	880	0	0	0	804	0	22098	0	300	0	156	0	10300	0	11516	0	20986	0	7804	0	0	0	2656	0	218	0	0	0	0	0	0	0	0	0	106	0	1778	0	0	0	10746	0	0	0	436	0	0	0	0	0	0	0	0	0	0	0	0	0	0	0	0	0	0	0	0	0	0	0	0	0	0	0	
119544	Angular_R	0	664	0	192	0	0	0	0	0	0	0	0	0	0	0	0	0	1050	0	154	0	0	0	0	0	0	0	0	0	524	0	0	0	0	0	0	0	0	0	0	0	0	0	574	0	2674	0	0	0	6622	0	7536	0	138	0	246	0	6130	0	4930	0	12830	0	1996	0	0	0	2458	0	3748	0	0	0	0	0	0	0	0	0	422	0	1960	0	0	0	4924	0	0	0	0	0	0	0	0	0	0	0	0	0	0	0	0	0	0	0	0	0	0	0	0	0	0	0	0	0	0	
282848	Precuneus_L	974	252	0	0	0	0	0	0	0	0	0	0	0	0	0	0	0	0	0	234	0	0	0	0	0	0	0	0	210	0	0	0	3994	702	7604	1076	4846	0	2874	0	0	0	11370	4028	11940	8808	3274	1562	9416	4868	14232	824	1106	0	2570	318	6544	234	12066	140	1968	0	226	0	2656	0	0	5912	6820	1410	0	0	0	0	0	0	0	0	550	0	354	0	0	0	3870	0	0	0	1280	0	0	0	0	0	0	0	0	0	0	0	0	0	0	0	0	0	0	0	0	0	312	0	0	0	0	0	
417932	Precuneus_R	1104	2082	0	0	0	0	0	0	0	0	0	0	0	0	0	0	0	316	0	2950	0	0	0	0	0	0	0	0	0	338	0	0	1386	7136	1850	13670	288	4532	0	2010	0	0	0	18546	268	27802	0	11480	0	17518	0	9910	0	1594	0	1274	0	20380	0	6566	0	2244	0	804	0	2458	5912	0	548	23208	0	0	0	0	0	0	1462	860	0	264	0	4694	0	0	0	8220	0	0	0	2952	0	0	0	0	0	0	0	148	0	0	0	0	0	0	0	0	0	0	0	0	2192	0	0	0	0	0	
192260	Paracentral_Lobule_L	16690	470	3448	358	0	0	0	0	0	0	0	0	0	0	0	0	0	0	6244	9958	0	0	0	0	0	0	0	0	0	0	0	0	2698	9180	6186	1590	384	500	0	128	0	0	952	0	3218	202	0	0	218	0	3950	0	400	122	792	140	6322	0	298	0	570	0	624	0	218	0	6820	548	0	4652	282	148	174	94	1630	0	910	116	320	0	204	0	0	0	3250	0	0	0	984	138	0	0	0	0	0	0	0	0	0	0	0	0	0	0	0	0	0	0	0	0	0	0	0	0	0	0	
338304	Paracentral_Lobule_R	664	8158	0	110	0	0	0	0	0	0	0	0	0	0	0	0	0	476	466	18660	0	0	0	0	0	0	0	0	0	314	0	0	962	13142	1052	4536	0	500	0	0	0	0	0	4626	0	12642	0	342	0	13698	0	7172	0	1264	0	734	0	25634	0	1622	0	2436	0	950	0	3748	1410	23208	4652	0	0	0	0	0	0	0	0	0	0	372	0	4298	0	0	0	8970	0	0	0	2334	0	0	0	0	0	0	0	0	0	0	0	0	0	0	0	0	0	0	0	0	0	0	0	0	0	0	
297180	Caudate_L	2060	1248	11034	1940	1292	1208	4836	612	288	386	1400	502	3996	0	1306	1948	526	0	8930	2830	4306	6608	1100	528	410	138	3178	1704	17694	5006	5744	3104	0	580	0	270	374	1746	0	300	0	0	0	186	0	0	0	0	0	0	0	0	0	288	0	616	122	958	0	0	0	530	0	256	0	0	0	0	282	0	0	9112	17226	4160	3402	0	9398	228	0	0	450	174	102	0	0	562	0	0	0	1406	0	0	0	0	0	0	0	0	0	0	0	0	0	0	0	0	0	0	0	0	0	0	0	0	0	0	
325704	Caudate_R	248	4734	260	19718	206	1958	100	372	0	3066	0	108	0	94	174	3712	0	0	756	18608	1074	4338	2380	11292	0	2854	554	3034	220	1280	2706	18088	0	2358	0	0	0	958	0	430	0	0	0	0	0	0	0	188	0	0	0	0	0	0	0	218	0	0	0	0	0	0	0	0	0	0	0	0	148	0	9112	0	1100	24124	0	1428	596	20166	0	0	0	0	0	0	0	0	0	0	0	92	0	0	0	0	0	0	0	0	0	0	0	0	0	0	0	0	0	0	0	0	0	0	0	0	0	0	
298432	Putamen_L	5054	156	21052	482	2172	312	4710	124	4166	0	2032	0	1106	0	6260	372	364	0	13280	1260	1144	1780	4748	0	460	0	1044	642	24606	308	6402	864	0	294	0	0	5756	0	288	0	440	0	0	0	0	0	0	0	0	0	0	0	0	0	902	0	850	0	0	0	0	0	0	0	0	0	0	0	174	0	17226	1100	0	472	7630	0	5674	0	0	0	1056	0	956	0	262	0	0	0	1236	0	0	0	0	0	0	0	0	0	0	0	0	0	0	0	0	0	0	0	0	0	0	0	0	0	0	0	
365136	Putamen_R	632	2378	1572	26144	0	1630	1354	4024	0	2612	0	538	934	1644	0	4286	142	1258	598	16812	110	356	1278	7388	0	2526	0	1784	2358	16180	1316	12116	0	956	0	104	0	14310	0	5316	0	1580	0	0	0	0	0	0	0	0	0	0	0	0	0	4722	0	0	0	0	0	0	0	0	0	0	0	0	94	0	4160	24124	472	0	0	1660	724	5642	0	220	0	316	0	122	0	1478	0	0	0	4160	0	0	0	0	0	0	0	290	0	148	0	0	0	0	0	0	0	0	0	0	0	0	0	0	0	0	
67892	Pallidum_L	3538	0	7204	166	0	0	734	0	0	0	312	0	0	0	0	0	104	0	4884	288	0	0	0	0	0	0	0	0	424	0	0	0	0	0	0	0	908	0	0	0	0	0	0	0	0	0	0	0	0	0	0	0	0	0	0	0	398	0	0	0	0	0	0	0	0	0	0	0	1630	0	3402	0	7630	0	0	0	2324	0	0	0	0	0	0	0	0	0	0	0	0	0	0	0	0	0	0	0	0	0	0	0	0	0	0	0	0	0	0	0	0	0	0	0	0	0	0	0	
16828	Pallidum_R	0	96	0	1230	0	0	0	0	0	0	0	0	0	0	0	0	0	0	110	2220	0	0	0	0	0	0	0	0	0	0	0	0	0	0	0	0	0	926	0	468	0	0	0	0	0	0	0	0	0	0	0	0	0	0	0	176	0	0	0	0	0	0	0	0	0	0	0	0	0	0	0	1428	0	1660	0	0	0	100	0	0	0	0	0	0	0	0	0	0	0	0	0	0	0	0	0	0	0	0	0	0	0	0	0	0	0	0	0	0	0	0	0	0	0	0	0	0	
163152	Thalamus_L	8828	104	2262	348	0	0	424	0	0	0	588	0	166	0	0	0	254	0	1008	708	0	0	0	0	0	0	0	0	6062	0	0	168	0	142	3780	6002	8422	5392	1586	3012	0	0	0	0	0	0	100	0	0	0	0	0	0	0	592	1536	0	0	0	0	0	0	0	0	0	0	0	1462	910	0	9398	596	5674	724	2324	0	0	6998	116	0	208	0	0	0	636	0	0	0	1046	0	0	0	0	0	0	0	0	0	0	0	0	0	0	0	0	0	0	0	0	0	0	0	0	0	0	0	
173848	Thalamus_R	2382	6536	156	9030	0	116	0	162	0	466	0	0	0	0	0	336	0	0	0	11018	0	142	0	524	0	0	0	168	0	442	0	684	0	1868	862	3444	666	6984	0	3840	0	0	0	0	0	0	0	232	0	0	0	0	0	0	0	2320	0	0	0	0	0	0	0	0	0	0	0	860	116	0	228	20166	0	5642	0	100	6998	0	0	0	0	0	0	0	0	0	0	0	0	436	0	0	0	0	0	0	0	0	0	0	0	0	0	0	0	0	0	0	0	0	0	0	0	0	0	0	
89272	Heschl_L	2514	0	2418	0	0	0	512	0	0	0	322	0	0	0	0	0	3356	0	1234	0	0	0	0	0	0	0	0	0	7722	0	0	0	0	0	596	0	2566	0	0	0	0	0	310	0	0	0	0	0	0	0	248	0	1436	0	3586	0	2628	0	0	0	114	0	140	0	106	0	550	0	320	0	0	0	0	0	0	0	116	0	0	0	3628	0	0	0	4398	0	0	0	5816	0	0	0	0	0	0	0	0	0	0	0	0	0	0	0	0	0	0	0	0	0	0	0	0	0	0	0	
35968	Heschl_R	0	396	0	508	0	0	0	0	0	0	0	0	0	0	0	0	0	2800	0	530	0	0	0	0	0	0	0	0	0	2582	0	0	0	0	0	0	0	616	0	258	0	0	0	0	0	184	0	0	0	128	0	116	0	152	0	434	0	276	0	200	0	368	0	0	0	422	0	264	0	372	0	0	0	220	0	0	0	0	0	0	0	5206	0	120	0	1124	0	0	0	708	0	0	0	0	0	0	0	0	0	0	0	0	0	0	0	0	0	0	0	0	0	0	0	0	0	0	
186604	Temporal_Sup_L	2186	0	3452	0	0	0	1510	0	132	0	4428	0	716	0	144	0	7202	0	3102	0	0	0	0	0	0	0	0	0	6038	0	0	0	0	0	226	0	3516	0	234	0	0	0	148	0	0	0	212	0	0	0	1844	0	538	0	2700	0	2446	0	654	0	1140	0	5842	0	1778	0	354	0	204	0	450	0	1056	0	0	0	208	0	3628	0	0	0	4296	0	19626	0	0	0	13292	0	0	0	0	0	0	0	0	0	0	0	0	0	0	0	0	0	0	0	0	0	0	0	0	0	0	0	
144488	Temporal_Sup_R	0	2218	0	892	0	0	0	138	0	0	0	0	0	0	0	0	0	5042	0	2642	0	0	0	0	0	0	0	0	152	5598	0	0	0	188	0	268	0	1288	0	638	0	0	0	882	0	2256	0	0	0	1836	0	1278	0	242	0	974	0	3794	0	258	0	734	0	3588	0	1960	0	4694	0	4298	174	0	0	316	0	0	0	0	0	5206	0	0	0	1468	0	13790	0	1100	0	4332	0	0	0	0	0	0	0	0	0	0	0	0	0	0	0	0	0	0	0	0	0	0	0	0	0	0	
101768	Temporal_Pole_Sup_L	830	0	2660	0	94	0	1726	0	162	0	6094	0	1270	0	1360	0	4884	0	2238	0	808	0	0	0	0	0	0	0	5680	0	0	0	0	0	0	0	1528	0	344	0	950	0	0	0	0	0	0	0	0	0	0	0	0	0	1662	0	162	0	0	0	128	0	0	0	0	0	0	0	0	0	102	0	956	0	0	0	0	0	0	0	4296	0	0	0	4992	0	2940	0	5018	0	0	0	0	0	0	0	0	0	0	0	0	0	0	0	0	0	0	0	0	0	0	0	0	0	0	0	
32616	Temporal_Pole_Sup_R	0	0	0	98	0	0	0	0	0	0	0	268	0	0	0	0	0	418	0	92	0	0	0	0	0	0	0	0	0	426	0	0	0	0	0	0	0	1128	0	1690	0	2134	0	0	0	0	0	0	0	0	0	0	0	0	0	3286	0	0	0	0	0	0	0	0	0	0	0	0	0	0	0	0	0	122	0	0	0	0	0	120	0	1468	0	0	0	634	0	2768	0	1656	0	0	0	0	0	0	0	0	0	0	0	0	0	0	0	0	0	0	0	0	0	0	0	0	0	0	
333184	Temporal_Mid_L	3954	0	806	0	0	0	214	0	0	0	102	0	0	0	0	0	766	0	330	0	0	0	0	0	0	0	0	0	2862	0	0	0	340	0	730	0	6356	0	942	0	0	0	2620	0	1470	0	1064	0	740	0	27674	0	5236	0	8736	0	5432	0	1328	0	2994	0	6682	0	10746	0	3870	0	3250	0	0	0	262	0	0	0	636	0	4398	0	19626	0	4992	0	0	0	3248	0	34186	0	0	0	0	0	0	0	0	0	0	0	0	0	0	0	0	0	0	0	0	0	0	0	0	0	0	0	
236308	Temporal_Mid_R	0	2552	228	594	0	0	202	0	0	0	0	0	200	0	0	0	0	610	0	3038	0	0	0	0	0	0	0	0	478	2740	0	0	0	690	0	744	0	5926	0	1770	0	600	0	3780	0	3800	0	432	0	4286	0	7934	0	1846	0	4984	0	7288	0	0	0	894	0	1350	0	4924	0	8220	0	8970	562	0	0	1478	0	0	0	0	0	1124	0	13790	0	634	0	0	0	1824	0	19662	0	0	0	0	0	0	0	0	0	0	0	0	0	0	0	0	0	0	0	0	0	0	0	0	0	0	
22164	Temporal_Pole_Mid_L	0	0	0	0	0	0	0	0	0	0	0	0	0	0	0	0	0	0	0	0	0	0	0	0	0	0	0	0	156	0	0	0	0	0	0	0	188	0	114	0	0	0	0	0	0	0	0	0	0	0	0	0	0	0	1164	0	0	0	0	0	0	0	0	0	0	0	0	0	0	0	0	0	0	0	0	0	0	0	0	0	0	0	2940	0	3248	0	0	0	3272	0	0	0	0	0	0	0	0	0	0	0	0	0	0	0	0	0	0	0	0	0	0	0	0	0	0	0	
17344	Temporal_Pole_Mid_R	0	0	0	0	0	0	0	0	0	0	0	0	0	0	0	0	0	0	0	0	0	0	0	0	0	0	0	0	0	0	0	0	0	0	0	0	0	0	0	706	0	0	0	0	0	0	0	0	0	0	0	0	0	0	0	1254	0	0	0	0	0	0	0	0	0	0	0	0	0	0	0	0	0	0	0	0	0	0	0	0	0	1100	0	2768	0	1824	0	0	0	1020	0	0	0	0	0	0	0	0	0	0	0	0	0	0	0	0	0	0	0	0	0	0	0	0	0	0	
251676	Temporal_Inf_L	2174	0	572	0	0	0	116	0	0	0	0	0	0	0	0	0	298	0	92	0	0	0	0	0	0	0	0	0	3472	0	0	0	0	0	664	0	13862	0	1000	0	1846	0	918	0	0	0	346	0	0	0	2802	0	4498	0	18234	0	864	0	122	0	406	0	450	0	436	0	1280	0	984	0	0	0	1236	0	0	0	1046	0	5816	0	13292	0	5018	0	34186	0	3272	0	0	0	2974	0	524	0	182	0	872	0	1368	0	264	0	352	0	0	0	0	0	0	0	0	0	0	0	0	0	
234876	Temporal_Inf_R	188	2156	594	2716	0	0	508	194	0	0	0	0	554	0	0	0	0	830	132	2542	0	0	0	0	0	0	0	0	1194	4694	0	0	0	266	0	826	0	15696	0	4322	0	596	0	5028	0	1134	0	774	0	1818	0	2614	0	6714	0	18468	0	1818	0	0	0	0	0	0	0	0	0	2952	138	2334	1406	92	0	4160	0	0	0	436	0	708	0	4332	0	1656	0	19662	0	1020	0	0	0	1194	0	154	0	0	0	192	0	392	0	0	0	234	0	0	0	0	0	0	0	0	0	0	0	0	
569116	Cerebelum_Crus1_L	0	0	0	0	0	0	0	0	0	0	0	0	0	0	0	0	0	0	0	0	0	0	0	0	0	0	0	0	0	0	0	0	0	0	0	0	286	0	330	0	0	0	540	0	184	0	14062	1094	156	0	1948	0	3028	0	27514	662	0	0	0	0	0	0	0	0	0	0	0	0	0	0	0	0	0	0	0	0	0	0	0	0	0	0	0	0	0	0	0	0	2974	0	0	3844	42796	1932	3868	672	28400	1546	70952	4972	13910	140	20738	2328	5168	1558	784	318	422	2224	5076	7270	7640	2342	2476	404	
471540	Cerebelum_Crus1_R	0	0	0	0	0	0	0	0	0	0	0	0	0	0	0	0	0	0	0	0	0	0	0	0	0	0	0	0	0	0	0	0	0	0	0	0	0	170	0	162	0	0	0	0	0	0	2808	5048	0	0	0	0	148	92	2828	14990	0	0	0	0	0	0	0	0	0	0	0	0	0	0	0	0	0	0	0	0	0	0	0	0	0	0	0	0	0	0	0	0	0	1194	3844	0	1396	29892	322	3606	7040	19778	8642	62362	0	3126	638	21782	1086	1682	346	1466	280	2638	15650	12222	7926	1378	1228	0	
389508	Cerebelum_Crus2_L	0	0	0	0	0	0	0	0	0	0	0	0	0	0	0	0	0	0	0	0	0	0	0	0	0	0	0	0	0	0	0	0	0	0	0	0	0	0	0	0	0	0	108	0	0	0	2760	228	0	0	356	0	642	0	3678	184	0	0	0	0	0	0	0	0	0	0	0	0	0	0	0	0	0	0	0	0	0	0	0	0	0	0	0	0	0	0	0	0	524	0	42796	1396	0	6872	556	416	1984	794	12648	2122	37620	2814	37008	6346	6348	2282	484	696	112	678	670	1722	11728	4426	3016	740	
315240	Cerebelum_Crus2_R	0	0	0	0	0	0	0	0	0	0	0	0	0	0	0	0	0	0	0	0	0	0	0	0	0	0	0	0	0	0	0	0	0	0	0	0	0	0	0	0	0	0	0	0	0	0	246	298	0	0	0	0	0	0	250	870	0	0	0	0	0	0	0	0	0	0	0	0	0	0	0	0	0	0	0	0	0	0	0	0	0	0	0	0	0	0	0	0	0	154	1932	29892	6872	0	0	1034	642	2234	1288	7482	2884	20570	5918	45164	452	4272	0	2018	140	1188	1316	938	11406	5130	2932	98	
69952	Cerebelum_3_L	0	0	0	0	0	0	0	0	0	0	0	0	0	0	0	0	0	0	0	0	0	0	0	0	0	0	0	0	0	0	0	0	0	0	0	0	134	0	210	0	0	0	0	0	0	0	738	0	0	0	0	0	0	0	324	0	0	0	0	0	0	0	0	0	0	0	0	0	0	0	0	0	0	0	0	0	0	0	0	0	0	0	0	0	0	0	0	0	182	0	3868	322	556	0	0	522	10182	156	4306	366	0	0	368	196	1008	518	0	0	2646	5796	966	208	440	464	500	0	
94708	Cerebelum_3_R	0	0	0	0	0	0	0	0	0	0	0	0	0	0	0	0	0	0	0	0	0	0	0	0	0	0	0	0	0	0	0	0	0	0	0	0	116	0	410	0	0	0	0	0	0	0	118	226	0	0	0	0	0	0	0	738	0	0	0	0	0	0	0	0	0	0	0	0	0	0	0	0	0	0	0	0	0	0	0	0	0	0	0	0	0	0	0	0	0	0	672	3606	416	1034	522	0	1256	5984	706	6724	0	0	0	1982	0	2126	0	114	1302	9264	2042	744	2552	2182	2314	204	
376200	Cerebelum_4_5_L	0	0	0	0	0	0	0	0	0	0	0	0	0	0	0	0	0	0	0	0	0	0	0	0	0	0	0	0	0	0	0	0	0	0	0	0	366	0	542	0	0	0	0	0	0	0	12748	916	0	0	0	0	0	96	11806	802	0	0	0	0	0	0	0	0	0	0	0	0	0	0	0	0	0	0	0	0	0	0	0	0	0	0	0	0	0	0	0	0	872	0	28400	7040	1984	642	10182	1256	0	4660	42562	8922	436	0	1868	1148	4284	2216	114	0	2402	6140	19322	6938	1694	1752	3384	2606	
258092	Cerebelum_4_5_R	0	0	0	0	0	0	0	0	0	0	0	0	0	0	0	0	0	0	0	0	0	0	0	0	0	0	0	0	0	0	0	0	0	0	0	0	0	972	0	2078	0	0	0	0	0	0	1606	4646	0	0	0	0	0	218	1050	9174	0	0	0	0	0	0	0	0	0	0	0	148	0	0	0	0	0	290	0	0	0	0	0	0	0	0	0	0	0	0	0	0	0	192	1546	19778	794	2234	156	5984	4660	0	2574	33652	0	0	230	3100	126	2118	0	256	240	3572	17894	1360	3458	2236	2704	0	
565656	Cerebelum_6_L	0	0	0	0	0	0	0	0	0	0	0	0	0	0	0	0	0	0	0	0	0	0	0	0	0	0	0	0	0	0	0	0	0	0	0	0	216	0	366	0	0	0	412	0	0	0	22926	3404	0	0	1018	0	2292	94	33882	2652	0	0	0	0	0	0	0	0	0	0	0	0	0	0	0	0	0	0	0	0	0	0	0	0	0	0	0	0	0	0	0	0	1368	0	70952	8642	12648	1288	4306	706	42562	2574	0	10794	2802	0	5368	1728	5966	1568	1074	288	636	2494	9782	16666	6656	1822	2246	630	
502404	Cerebelum_6_R	0	0	0	160	0	0	0	0	0	0	0	0	0	0	0	0	0	0	0	0	0	0	0	0	0	0	0	0	0	0	0	0	0	0	0	0	0	542	0	608	0	0	0	278	0	206	3704	8714	0	252	0	250	150	656	3370	18682	0	0	0	0	0	0	0	0	0	0	0	0	0	0	0	0	0	148	0	0	0	0	0	0	0	0	0	0	0	0	0	0	0	392	4972	62362	2122	7482	366	6724	8922	33652	10794	0	0	556	868	7998	1380	2936	346	1082	524	4776	21962	16082	10688	3036	3460	0	
223940	Cerebelum_7b_L	0	0	0	0	0	0	0	0	0	0	0	0	0	0	0	0	0	0	0	0	0	0	0	0	0	0	0	0	0	0	0	0	0	0	0	0	0	0	0	0	0	0	0	0	0	0	156	0	0	0	0	0	0	0	570	0	0	0	0	0	0	0	0	0	0	0	0	0	0	0	0	0	0	0	0	0	0	0	0	0	0	0	0	0	0	0	0	0	264	0	13910	0	37620	2884	0	0	436	0	2802	0	0	1774	37262	2642	7074	0	322	0	0	0	0	104	2832	1318	0	0	
120896	Cerebelum_7b_R	0	0	0	0	0	0	0	0	0	0	0	0	0	0	0	0	0	0	0	0	0	0	0	0	0	0	0	0	0	0	0	0	0	0	0	0	0	0	0	0	0	0	0	0	0	0	0	0	0	0	0	0	0	0	0	0	0	0	0	0	0	0	0	0	0	0	0	0	0	0	0	0	0	0	0	0	0	0	0	0	0	0	0	0	0	0	0	0	0	0	140	3126	2814	20570	0	0	0	0	0	556	1774	0	2754	20662	0	2188	0	262	0	0	100	0	2744	2572	186	0	
348244	Cerebelum_8_L	0	0	0	0	0	0	0	0	0	0	0	0	0	0	0	0	0	0	0	0	0	0	0	0	0	0	0	0	0	0	0	0	0	0	0	0	0	0	0	0	0	0	0	0	0	0	238	0	0	0	0	0	0	0	980	138	0	0	0	0	0	0	0	0	0	0	0	0	0	0	0	0	0	0	0	0	0	0	0	0	0	0	0	0	0	0	0	0	352	0	20738	638	37008	5918	368	0	1868	230	5368	868	37262	2754	0	8762	24166	2062	2098	490	0	226	416	502	6614	10734	3172	152	
380776	Cerebelum_8_R	0	0	0	0	0	0	0	0	0	0	0	0	0	0	0	0	0	0	0	0	0	0	0	0	0	0	0	0	0	0	0	0	0	0	0	0	0	0	0	0	0	0	0	0	0	0	256	362	0	0	0	0	0	0	252	1278	0	0	0	0	0	0	0	0	0	0	0	0	0	0	0	0	0	0	0	0	0	0	0	0	0	0	0	0	0	0	0	0	0	234	2328	21782	6346	45164	196	1982	1148	3100	1728	7998	2642	20662	8762	0	1204	19864	0	4218	634	2478	2090	1432	13034	11782	7008	424	
155316	Cerebelum_9_L	0	0	0	0	0	0	0	0	0	0	0	0	0	0	0	0	0	0	0	0	0	0	0	0	0	0	0	0	0	0	0	0	0	0	0	0	0	0	0	0	0	0	0	0	0	0	0	0	0	0	0	0	0	0	0	312	0	0	0	0	0	0	0	0	0	0	0	0	0	0	0	0	0	0	0	0	0	0	0	0	0	0	0	0	0	0	0	0	0	0	5168	1086	6348	452	1008	0	4284	126	5966	1380	7074	0	24166	1204	0	2324	4436	108	252	386	1108	2490	1012	2402	3472	1094	
194024	Cerebelum_9_R	0	0	0	0	0	0	0	0	0	0	0	0	0	0	0	0	0	0	0	0	0	0	0	0	0	0	0	0	0	0	0	0	0	0	0	0	0	0	0	0	0	0	0	0	0	0	96	0	0	0	0	0	0	0	0	202	0	0	0	0	0	0	0	0	0	0	0	0	0	0	0	0	0	0	0	0	0	0	0	0	0	0	0	0	0	0	0	0	0	0	1558	1682	2282	4272	518	2126	2216	2118	1568	2936	0	2188	2062	19864	2324	0	0	3968	1358	3272	2538	2844	7972	10938	12370	3740	
21044	Cerebelum_10_L	0	0	0	0	0	0	0	0	0	0	0	0	0	0	0	0	0	0	0	0	0	0	0	0	0	0	0	0	0	0	0	0	0	0	0	0	0	0	0	0	0	0	0	0	0	0	0	0	0	0	0	0	0	0	0	120	0	0	0	0	0	0	0	0	0	0	0	0	0	0	0	0	0	0	0	0	0	0	0	0	0	0	0	0	0	0	0	0	0	0	784	346	484	0	0	0	114	0	1074	346	322	0	2098	0	4436	0	0	0	0	0	0	398	0	0	0	0	
42120	Cerebelum_10_R	0	0	0	0	0	0	0	0	0	0	0	0	0	0	0	0	0	0	0	0	0	0	0	0	0	0	0	0	0	0	0	0	0	0	0	0	0	0	0	0	0	0	0	0	0	0	0	0	0	0	0	0	0	0	0	0	0	0	0	0	0	0	0	0	0	0	0	0	0	0	0	0	0	0	0	0	0	0	0	0	0	0	0	0	0	0	0	0	0	0	318	1466	696	2018	0	114	0	256	288	1082	0	262	490	4218	108	3968	0	0	0	112	0	0	1450	1828	1820	566	
52640	Vermis_1_2	0	0	0	0	0	0	0	0	0	0	0	0	0	0	0	0	0	0	0	0	0	0	0	0	0	0	0	0	0	0	0	0	0	0	0	0	0	0	0	0	0	0	0	0	0	0	206	0	0	0	0	0	0	0	166	0	0	0	0	0	0	0	0	0	0	0	0	0	0	0	0	0	0	0	0	0	0	0	0	0	0	0	0	0	0	0	0	0	0	0	422	280	112	140	2646	1302	2402	240	636	524	0	0	0	634	252	1358	0	0	0	7076	2496	728	1224	1408	1714	354	
145856	Vermis_3	0	0	0	0	0	0	0	0	0	0	0	0	0	0	0	0	0	0	0	0	0	0	0	0	0	0	0	0	0	0	0	0	0	0	0	0	262	0	516	0	0	0	0	0	0	0	398	122	0	0	0	0	0	0	378	258	0	0	0	0	0	0	0	0	0	0	0	0	0	0	0	0	0	0	0	0	0	0	0	0	0	0	0	0	0	0	0	0	0	0	2224	2638	678	1188	5796	9264	6140	3572	2494	4776	0	0	226	2478	386	3272	0	112	7076	0	5598	1368	3734	3534	3946	494	
296612	Vermis_4_5	0	0	0	0	0	0	0	0	0	0	0	0	0	0	0	0	0	0	0	0	0	0	0	0	0	0	0	0	0	0	0	0	0	0	364	1804	310	1074	304	140	0	0	292	112	0	0	4124	3648	0	0	0	0	0	170	3028	2866	0	0	0	0	0	0	0	0	0	0	312	2192	0	0	0	0	0	0	0	0	0	0	0	0	0	0	0	0	0	0	0	0	0	0	5076	15650	670	1316	966	2042	19322	17894	9782	21962	0	100	416	2090	1108	2538	0	0	2496	5598	0	6466	2606	2534	4084	2850	
