data	data	514424	430456	620684	656796	77052	104756	426704	214296	55076	23092	161840	301160	228340	262900	116272	72080	168572	125208	407648	641572	52852	51092	217664	307108	6972	59252	33396	26984	418196	431004	231488	471836	98840	531420	161864	203596	211772	291920	82832	199328	30020	55340	259632	325604	228544	265000	394696	461836	217216	338484	462600	267592	111420	78020	396188	510492	279516	208628	104928	127936	161672	132108	134548	108652	114948	188820	253500	374744	252220	291480	200996	326084	231784	262712	48184	26404	112020	226028	38192	14528	108328	140252	53564	42456	282924	212176	18644	18476	258944	185712	669856	634812	465944	445408	27136	146536	455008	422772	670800	710456	332844	236352	397500	379432	137780	130448	8428	2868	12236	88668	397728	389476	312732	285936	131132	55488	
data	data	Precentral_L	Precentral_R	Frontal_Sup_L	Frontal_Sup_R	Frontal_Sup_Orb_L	Frontal_Sup_Orb_R	Frontal_Mid_L	Frontal_Mid_R	Frontal_Mid_Orb_L	Frontal_Mid_Orb_R	Frontal_Inf_Oper_L	Frontal_Inf_Oper_R	Frontal_Inf_Tri_L	Frontal_Inf_Tri_R	Frontal_Inf_Orb_L	Frontal_Inf_Orb_R	Rolandic_Oper_L	Rolandic_Oper_R	Supp_Motor_Area_L	Supp_Motor_Area_R	Olfactory_L	Olfactory_R	Frontal_Sup_Medial_L	Frontal_Sup_Medial_R	Frontal_Med_Orb_L	Frontal_Med_Orb_R	Rectus_L	Rectus_R	Insula_L	Insula_R	Cingulum_Ant_L	Cingulum_Ant_R	Cingulum_Mid_L	Cingulum_Mid_R	Cingulum_Post_L	Cingulum_Post_R	Hippocampus_L	Hippocampus_R	ParaHippocampal_L	ParaHippocampal_R	Amygdala_L	Amygdala_R	Calcarine_L	Calcarine_R	Cuneus_L	Cuneus_R	Lingual_L	Lingual_R	Occipital_Sup_L	Occipital_Sup_R	Occipital_Mid_L	Occipital_Mid_R	Occipital_Inf_L	Occipital_Inf_R	Fusiform_L	Fusiform_R	Postcentral_L	Postcentral_R	Parietal_Sup_L	Parietal_Sup_R	Parietal_Inf_L	Parietal_Inf_R	SupraMarginal_L	SupraMarginal_R	Angular_L	Angular_R	Precuneus_L	Precuneus_R	Paracentral_Lobule_L	Paracentral_Lobule_R	Caudate_L	Caudate_R	Putamen_L	Putamen_R	Pallidum_L	Pallidum_R	Thalamus_L	Thalamus_R	Heschl_L	Heschl_R	Temporal_Sup_L	Temporal_Sup_R	Temporal_Pole_Sup_L	Temporal_Pole_Sup_R	Temporal_Mid_L	Temporal_Mid_R	Temporal_Pole_Mid_L	Temporal_Pole_Mid_R	Temporal_Inf_L	Temporal_Inf_R	Cerebelum_Crus1_L	Cerebelum_Crus1_R	Cerebelum_Crus2_L	Cerebelum_Crus2_R	Cerebelum_3_L	Cerebelum_3_R	Cerebelum_4_5_L	Cerebelum_4_5_R	Cerebelum_6_L	Cerebelum_6_R	Cerebelum_7b_L	Cerebelum_7b_R	Cerebelum_8_L	Cerebelum_8_R	Cerebelum_9_L	Cerebelum_9_R	Cerebelum_10_L	Cerebelum_10_R	Vermis_1_2	Vermis_3	Vermis_4_5	Vermis_6	Vermis_7	Vermis_8	Vermis_9	Vermis_10	
514424	Precentral_L	0	13014	20874	4164	0	0	23446	7972	0	0	10064	0	2134	0	0	0	12122	0	10330	14562	0	0	0	0	0	0	0	0	9590	0	344	0	206	8614	2364	866	6576	298	1480	122	0	0	312	0	86	0	254	0	324	100	2658	0	166	0	1054	0	26640	0	130	0	2990	0	3032	0	198	0	728	188	15796	8322	5600	3032	9464	388	5002	352	13554	1988	1794	0	1164	0	0	0	1526	0	0	0	1228	0	0	0	0	0	0	0	0	0	0	0	0	0	0	0	0	0	0	0	0	0	0	0	0	0	0	0	
430456	Precentral_R	13014	0	6450	24210	0	0	4856	22652	0	0	260	4862	168	0	0	0	152	2924	4676	12594	0	0	0	0	0	0	0	0	474	3280	100	142	156	4374	1142	1600	450	5996	130	2016	0	0	0	294	0	1050	0	1304	0	2840	0	2430	0	0	80	574	1414	15870	0	1526	154	994	0	1718	0	1402	0	2152	5758	10652	2198	13488	422	3284	94	602	782	24848	0	0	0	644	0	0	0	1446	0	0	0	530	0	0	0	0	0	0	0	0	0	0	0	0	0	0	0	0	0	0	0	0	0	0	0	0	0	0	
620684	Frontal_Sup_L	20874	6450	0	3610	3584	0	50388	4486	3030	0	9368	642	14570	0	6346	0	9836	1048	45842	8986	0	0	32114	454	0	0	96	0	32122	468	7594	1160	1258	2090	0	0	2084	0	134	0	0	0	0	0	0	0	0	0	0	0	144	0	0	0	240	0	1918	0	0	0	0	0	232	0	0	0	0	0	3336	588	5178	848	20166	470	3648	0	2390	96	312	0	876	0	898	0	94	0	0	0	274	0	0	0	0	0	0	0	0	0	0	0	0	0	0	0	0	0	0	0	0	0	0	0	0	0	0	0	
656796	Frontal_Sup_R	4164	24210	3610	0	0	10188	880	11822	0	2244	158	17922	0	13354	0	5262	0	7754	6542	39572	0	466	3342	36160	0	1424	0	372	424	18732	4240	34244	1346	15924	130	130	182	3006	0	1256	0	0	0	0	0	0	0	524	0	0	0	0	0	0	0	266	94	480	0	0	0	0	0	164	0	0	0	0	2146	448	1950	21346	300	16338	0	3152	86	12044	0	0	0	0	0	0	0	0	0	0	0	0	0	0	0	0	0	0	0	0	0	0	0	0	0	0	0	0	0	0	0	0	0	0	0	0	0	0	
77052	Frontal_Sup_Orb_L	0	0	3584	0	0	0	230	0	7488	0	0	0	558	0	7350	0	0	0	0	0	610	0	2092	0	1114	0	3958	0	2738	0	2526	0	0	0	0	0	0	0	0	0	0	0	0	0	0	0	0	0	0	0	0	0	0	0	0	0	0	0	0	0	0	0	0	0	0	0	0	0	0	0	674	0	5264	0	0	0	0	0	0	0	0	0	340	0	0	0	0	0	0	0	0	0	0	0	0	0	0	0	0	0	0	0	0	0	0	0	0	0	0	0	0	0	0	0	0	0	
104756	Frontal_Sup_Orb_R	0	0	0	10188	0	0	0	796	0	2276	0	170	0	618	0	3920	0	0	146	578	0	1076	312	5822	0	6600	0	4706	0	3010	96	3548	0	0	0	0	0	476	0	270	0	124	0	0	0	0	0	0	0	0	0	0	0	0	0	0	0	0	0	0	0	0	0	0	0	0	0	0	0	0	326	2196	0	5124	0	0	0	0	0	0	0	0	0	0	0	0	0	0	0	0	0	0	0	0	0	0	0	0	0	0	0	0	0	0	0	0	0	0	0	0	0	0	0	0	0	0	
426704	Frontal_Mid_L	23446	4856	50388	880	230	0	0	4308	2730	0	13974	122	35896	0	9018	0	6154	324	6972	822	0	0	11878	126	0	0	0	0	20502	132	3212	284	918	364	0	0	656	0	172	0	0	0	0	0	0	0	0	0	0	0	84	0	0	0	132	0	3040	0	0	0	0	0	116	0	0	0	0	0	460	176	2916	252	4100	0	2900	0	170	0	162	0	480	0	0	0	0	0	0	0	0	0	0	0	0	0	0	0	0	0	0	0	0	0	0	0	0	0	0	0	0	0	0	0	0	0	0	0	
214296	Frontal_Mid_R	7972	22652	4486	11822	0	796	4308	0	0	1992	216	9068	126	6486	0	4078	116	1428	1530	3620	0	0	152	1086	0	0	0	0	622	3990	402	1402	252	2308	0	0	248	412	0	0	0	0	0	148	0	518	0	0	0	1020	0	804	0	0	0	0	1078	1036	0	82	0	322	0	286	0	544	0	892	0	0	2228	676	504	3204	0	568	526	600	0	0	0	230	0	0	0	312	0	0	0	0	0	0	0	0	0	0	0	0	0	0	0	0	0	0	0	0	0	0	0	0	0	0	0	0	0	0	
55076	Frontal_Mid_Orb_L	0	0	3030	0	7488	0	2730	0	0	0	0	0	1982	0	7378	0	0	0	0	0	0	0	0	0	0	0	1170	0	2004	0	0	0	0	0	0	0	0	0	0	0	0	0	0	0	0	0	0	0	0	0	0	0	0	0	0	0	0	0	0	0	0	0	0	0	0	0	0	0	0	0	0	0	1482	0	0	0	0	0	0	0	0	0	274	0	0	0	0	0	0	0	0	0	0	0	0	0	0	0	0	0	0	0	0	0	0	0	0	0	0	0	0	0	0	0	0	0	
23092	Frontal_Mid_Orb_R	0	0	0	2244	0	2276	0	1992	0	0	0	0	0	0	0	4926	0	0	0	0	0	0	0	0	0	0	0	0	0	0	0	0	0	0	0	0	0	0	0	0	0	0	0	0	0	0	0	0	0	0	0	0	0	0	0	0	0	0	0	0	0	0	0	0	0	0	0	0	0	0	0	0	0	108	0	0	0	0	0	0	0	0	0	0	0	0	0	0	0	0	0	0	0	0	0	0	0	0	0	0	0	0	0	0	0	0	0	0	0	0	0	0	0	0	0	0	
161840	Frontal_Inf_Oper_L	10064	260	9368	158	0	0	13974	216	0	0	0	0	11898	0	0	0	9560	0	6086	0	0	0	252	138	0	0	0	0	13134	0	590	152	0	0	0	0	254	0	164	0	0	0	0	0	0	0	0	0	0	0	0	0	0	0	0	0	2024	0	0	0	0	0	0	0	0	0	0	0	0	0	602	0	326	0	0	0	0	0	0	0	312	0	1388	0	0	0	0	0	0	0	0	0	0	0	0	0	0	0	0	0	0	0	0	0	0	0	0	0	0	0	0	0	0	0	0	0	
301160	Frontal_Inf_Oper_R	0	4862	642	17922	0	170	122	9068	0	0	0	0	0	18122	0	1082	0	6404	2800	16238	0	0	880	5472	0	0	0	0	0	28848	6040	14576	302	10502	0	0	0	514	0	86	0	0	0	0	0	0	0	0	0	0	0	0	0	0	0	0	0	142	0	0	0	0	0	0	0	0	0	0	0	0	436	1194	0	3420	0	420	0	316	0	0	0	0	0	0	0	0	0	0	0	0	0	0	0	0	0	0	0	0	0	0	0	0	0	0	0	0	0	0	0	0	0	0	0	0	0	0	
228340	Frontal_Inf_Tri_L	2134	168	14570	0	558	0	35896	126	1982	0	11898	0	0	0	12084	0	0	180	3048	0	0	0	3908	0	0	0	0	0	22334	0	2336	136	630	124	0	0	104	0	0	0	0	0	0	0	0	0	0	0	0	0	0	0	0	0	0	0	248	0	0	0	0	0	0	0	0	0	0	0	0	0	778	88	840	0	0	0	0	0	0	0	0	0	0	0	0	0	0	0	0	0	0	0	0	0	0	0	0	0	0	0	0	0	0	0	0	0	0	0	0	0	0	0	0	0	0	0	
262900	Frontal_Inf_Tri_R	0	0	0	13354	0	618	0	6486	0	0	0	18122	0	0	0	4708	0	238	2264	7164	0	0	898	8184	0	0	0	0	0	27956	7660	21934	366	7048	0	0	0	0	0	0	0	0	0	0	0	0	0	0	0	0	0	0	0	0	0	0	0	0	0	0	0	0	0	0	0	0	0	0	0	0	362	2668	108	1312	0	0	0	0	0	0	0	0	0	0	0	0	0	0	0	0	0	0	0	0	0	0	0	0	0	0	0	0	0	0	0	0	0	0	0	0	0	0	0	0	0	0	
116272	Frontal_Inf_Orb_L	0	0	6346	0	7350	0	9018	0	7378	0	0	0	12084	0	0	0	0	0	802	0	902	0	238	0	0	0	568	0	6502	0	526	0	0	0	0	0	304	0	124	0	324	0	0	0	0	0	0	0	0	0	0	0	0	0	0	0	0	0	0	0	0	0	0	0	0	0	0	0	0	0	196	0	3360	0	0	0	0	0	0	0	0	0	2114	0	0	0	0	0	0	0	0	0	0	0	0	0	0	0	0	0	0	0	0	0	0	0	0	0	0	0	0	0	0	0	0	0	
72080	Frontal_Inf_Orb_R	0	0	0	5262	0	3920	0	4078	0	4926	0	1082	0	4708	0	0	0	0	0	386	0	394	0	882	0	396	0	504	0	4938	394	2206	80	236	0	0	0	0	0	0	0	0	0	0	0	0	0	0	0	0	0	0	0	0	0	0	0	0	0	0	0	0	0	0	0	0	0	0	0	0	0	664	0	984	0	0	0	0	0	0	0	0	0	0	0	0	0	0	0	0	0	0	0	0	0	0	0	0	0	0	0	0	0	0	0	0	0	0	0	0	0	0	0	0	0	0	
168572	Rolandic_Oper_L	12122	152	9836	0	0	0	6154	116	0	0	9560	0	0	0	0	0	0	0	4594	0	0	0	0	0	0	0	0	0	16840	0	0	0	0	0	260	0	178	0	0	0	0	0	118	0	0	0	0	0	140	0	1150	0	80	0	362	0	8620	0	0	0	0	0	2202	0	346	0	420	0	268	0	230	0	496	0	184	0	0	0	2772	0	3228	0	334	0	1632	0	0	0	1892	0	0	0	0	0	0	0	0	0	0	0	0	0	0	0	0	0	0	0	0	0	0	0	0	0	0	0	
125208	Rolandic_Oper_R	0	2924	1048	7754	0	0	324	1428	0	0	0	6404	180	238	0	0	0	0	400	7216	0	0	0	148	0	0	0	0	116	14276	102	330	0	372	112	150	108	1358	0	192	0	0	0	0	0	0	0	0	0	0	0	0	0	0	0	136	0	2560	0	0	0	0	0	1310	0	0	0	0	0	118	1058	1454	262	5040	0	0	104	1870	0	1288	0	1680	0	292	0	102	0	0	0	150	0	0	0	0	0	0	0	0	0	0	0	0	0	0	0	0	0	0	0	0	0	0	0	0	0	0	
407648	Supp_Motor_Area_L	10330	4676	45842	6542	0	146	6972	1530	0	0	6086	2800	3048	2264	802	0	4594	400	0	30524	0	0	3550	2700	0	0	0	0	9268	2538	3492	3378	4708	17166	426	606	858	0	0	0	0	0	0	0	0	0	0	0	0	0	0	0	0	0	80	0	550	0	0	0	0	0	0	0	0	0	0	132	9734	3562	4438	842	6000	300	616	0	1362	0	128	0	274	0	442	0	0	0	0	0	118	0	0	0	0	0	0	0	0	0	0	0	0	0	0	0	0	0	0	0	0	0	0	0	0	0	0	0	
641572	Supp_Motor_Area_R	14562	12594	8986	39572	0	578	822	3620	0	0	0	16238	0	7164	0	386	0	7216	30524	0	0	0	386	6860	0	0	0	0	0	12464	2602	12350	2838	53706	2690	3864	0	1064	0	572	0	0	0	292	0	0	0	248	0	388	0	442	0	0	144	568	1854	1152	0	282	118	214	0	276	0	126	0	904	14946	32750	410	11958	0	7520	0	1196	0	444	0	0	0	374	0	0	0	1318	0	0	0	1204	0	0	0	0	0	0	0	0	0	0	0	0	0	0	0	0	0	0	0	0	0	0	0	0	0	0	
52852	Olfactory_L	0	0	0	0	610	0	0	0	0	0	0	0	0	0	902	0	0	0	0	0	0	3908	0	0	0	0	1854	328	1852	0	2552	2396	0	0	0	0	674	0	556	0	746	0	0	0	0	0	0	0	0	0	0	0	0	0	82	0	0	0	0	0	0	0	0	0	0	0	0	0	0	0	4648	3008	1886	0	0	0	0	0	0	0	0	0	424	0	0	0	0	0	0	0	0	0	0	0	0	0	0	0	0	0	0	0	0	0	0	0	0	0	0	0	0	0	0	0	0	0	
51092	Olfactory_R	0	0	0	466	0	1076	0	0	0	0	0	0	0	0	0	394	0	0	0	0	3908	0	0	0	0	0	1690	1468	0	1312	1664	1622	0	0	0	0	0	320	0	140	0	1140	0	0	0	0	0	0	0	0	0	0	0	0	0	0	0	0	0	0	0	0	0	0	0	0	0	0	0	0	4730	3306	1382	928	0	0	0	0	0	0	0	0	0	0	0	0	0	0	0	0	0	0	0	0	0	0	0	0	0	0	0	0	0	0	0	0	0	0	0	0	0	0	0	0	0	0	
217664	Frontal_Sup_Medial_L	0	0	32114	3342	2092	312	11878	152	0	0	252	880	3908	898	238	0	0	0	3550	386	0	0	0	10168	198	960	106	0	3924	882	10082	5466	4672	7384	0	0	0	0	0	0	0	0	0	0	0	0	0	0	0	0	0	0	0	0	0	0	0	0	0	0	0	0	0	0	0	0	0	0	0	0	410	0	4578	0	0	0	0	0	0	0	0	0	0	0	0	0	0	0	0	0	0	0	0	0	0	0	0	0	0	0	0	0	0	0	0	0	0	0	0	0	0	0	0	0	0	0	
307108	Frontal_Sup_Medial_R	0	0	454	36160	0	5822	126	1086	0	0	138	5472	0	8184	0	882	0	148	2700	6860	0	0	10168	0	0	4124	0	0	190	7800	4562	30594	2050	14704	0	0	0	0	0	0	0	0	0	0	0	0	0	0	0	0	0	0	0	0	0	0	0	0	0	0	0	0	0	0	0	0	0	0	0	0	1316	6292	84	3638	0	0	0	0	0	0	0	0	0	0	0	0	0	0	0	0	0	0	0	0	0	0	0	0	0	0	0	0	0	0	0	0	0	0	0	0	0	0	0	0	0	0	
6972	Frontal_Med_Orb_L	0	0	0	0	1114	0	0	0	0	0	0	0	0	0	0	0	0	0	0	0	0	0	198	0	0	0	596	0	0	0	1010	0	0	0	0	0	0	0	0	0	0	0	0	0	0	0	0	0	0	0	0	0	0	0	0	0	0	0	0	0	0	0	0	0	0	0	0	0	0	0	360	0	208	0	0	0	0	0	0	0	0	0	0	0	0	0	0	0	0	0	0	0	0	0	0	0	0	0	0	0	0	0	0	0	0	0	0	0	0	0	0	0	0	0	0	0	
59252	Frontal_Med_Orb_R	0	0	0	1424	0	6600	0	0	0	0	0	0	0	0	0	396	0	0	0	0	0	0	960	4124	0	0	0	3566	0	238	0	4174	0	0	0	0	0	0	0	0	0	0	0	0	0	0	0	0	0	0	0	0	0	0	0	0	0	0	0	0	0	0	0	0	0	0	0	0	0	0	0	3810	0	4334	0	0	0	0	0	0	0	0	0	0	0	0	0	0	0	0	0	0	0	0	0	0	0	0	0	0	0	0	0	0	0	0	0	0	0	0	0	0	0	0	0	0	
33396	Rectus_L	0	0	96	0	3958	0	0	0	1170	0	0	0	0	0	568	0	0	0	0	0	1854	1690	106	0	596	0	0	214	0	0	1666	940	0	0	0	0	0	0	0	0	0	0	0	0	0	0	0	0	0	0	0	0	0	0	0	0	0	0	0	0	0	0	0	0	0	0	0	0	0	0	1720	894	1226	0	0	0	0	0	0	0	0	0	0	0	0	0	0	0	0	0	0	0	0	0	0	0	0	0	0	0	0	0	0	0	0	0	0	0	0	0	0	0	0	0	0	0	
26984	Rectus_R	0	0	0	372	0	4706	0	0	0	0	0	0	0	0	0	504	0	0	0	0	328	1468	0	0	0	3566	214	0	0	386	0	122	0	0	0	0	0	0	0	0	0	114	0	0	0	0	0	0	0	0	0	0	0	0	0	0	0	0	0	0	0	0	0	0	0	0	0	0	0	0	312	838	0	562	0	0	0	0	0	0	0	0	0	0	0	0	0	0	0	0	0	0	0	0	0	0	0	0	0	0	0	0	0	0	0	0	0	0	0	0	0	0	0	0	0	0	
418196	Insula_L	9590	474	32122	424	2738	0	20502	622	2004	0	13134	0	22334	0	6502	0	16840	116	9268	0	1852	0	3924	190	0	0	0	0	0	0	2236	276	644	128	656	192	8870	104	1154	0	1876	0	106	0	0	0	0	0	214	0	1742	0	88	0	2602	0	4496	0	248	0	316	0	1732	0	254	0	600	0	490	0	1846	152	13350	0	0	0	1302	108	4404	0	5800	0	4188	0	1808	0	0	0	4480	0	0	0	0	0	0	0	0	0	0	0	0	0	0	0	0	0	0	0	0	0	0	0	0	0	0	0	
431004	Insula_R	0	3280	468	18732	0	3010	132	3990	0	0	0	28848	0	27956	0	4938	0	14276	2538	12464	0	1312	882	7800	0	238	0	386	0	0	7570	20886	296	8830	122	142	0	4100	0	1186	0	1778	0	0	0	0	0	0	0	0	0	0	0	0	0	1654	0	882	0	0	0	0	0	86	0	0	0	0	0	100	766	4198	214	20080	0	0	0	1954	0	1876	0	3940	0	914	0	1216	0	0	0	1462	0	0	0	0	0	0	0	0	0	0	0	0	0	0	0	0	0	0	0	0	0	0	0	0	0	0	
231488	Cingulum_Ant_L	344	100	7594	4240	2526	96	3212	402	0	0	590	6040	2336	7660	526	394	0	102	3492	2602	2552	1664	10082	4562	1010	0	1666	0	2236	7570	0	16768	3128	4046	0	0	86	0	0	0	0	0	0	0	0	0	0	0	0	0	0	0	0	0	0	0	168	0	0	0	0	0	0	0	0	0	0	0	0	0	6852	2934	7916	248	0	0	0	0	0	0	0	0	0	0	0	0	0	0	0	0	0	0	0	0	0	0	0	0	0	0	0	0	0	0	0	0	0	0	0	0	0	0	0	0	0	0	
471836	Cingulum_Ant_R	0	142	1160	34244	0	3548	284	1402	0	0	152	14576	136	21934	0	2206	0	330	3378	12350	2396	1622	5466	30594	0	4174	940	122	276	20886	16768	0	2600	17756	0	0	0	0	0	0	0	0	0	0	0	0	0	0	0	0	0	0	0	0	0	0	0	0	0	0	0	0	0	0	0	0	0	0	0	0	5214	18670	2794	9688	0	110	0	0	0	0	0	0	0	0	0	0	0	0	0	0	0	0	0	0	0	0	0	0	0	0	0	0	0	0	0	0	0	0	0	0	0	0	0	0	0	0	
98840	Cingulum_Mid_L	206	156	1258	1346	0	0	918	252	0	0	0	302	630	366	0	80	0	0	4708	2838	0	0	4672	2050	0	0	0	0	644	296	3128	2600	0	9862	2638	616	0	0	0	0	0	0	604	184	1242	102	0	128	0	104	0	0	0	0	0	0	348	0	0	0	0	0	0	0	0	0	1876	636	3920	624	0	0	86	0	0	0	0	0	0	0	0	0	0	0	0	0	0	0	0	0	0	0	0	0	0	0	0	0	0	0	0	0	0	0	0	0	0	0	0	0	0	0	0	0	0	0	
531420	Cingulum_Mid_R	8614	4374	2090	15924	0	0	364	2308	0	0	0	10502	124	7048	0	236	0	372	17166	53706	0	0	7384	14704	0	0	0	0	128	8830	4046	17756	9862	0	3124	7556	0	374	0	362	0	0	0	2320	0	1054	0	1732	0	1908	0	1486	0	312	184	1042	1850	5536	0	0	0	170	0	178	0	214	350	8014	8786	28214	0	224	0	748	0	0	0	0	0	0	0	642	0	0	0	2258	0	0	0	1534	0	0	0	0	0	0	0	0	0	0	0	0	0	0	0	0	0	0	0	0	0	0	0	0	0	0	
161864	Cingulum_Post_L	2364	1142	0	130	0	0	0	0	0	0	0	0	0	0	0	0	260	112	426	2690	0	0	0	0	0	0	0	0	656	122	0	0	2638	3124	0	11998	6516	5220	3446	1894	0	0	3586	0	1642	0	1240	984	0	0	1978	0	0	0	2006	200	3118	92	0	0	106	0	592	0	106	0	6416	860	3054	2726	0	0	0	0	0	0	1078	3132	242	0	164	0	0	0	2422	0	0	0	2220	134	0	0	0	0	0	0	0	0	0	0	0	0	0	0	0	0	0	0	0	0	96	0	0	0	0	0	
203596	Cingulum_Post_R	866	1600	0	130	0	0	0	0	0	0	0	0	0	0	0	0	0	150	606	3864	0	0	0	0	0	0	0	0	192	142	0	0	616	7556	11998	0	5474	12198	1816	5956	0	0	0	3016	0	556	90	6652	0	1396	0	1204	0	0	292	2536	500	1962	0	94	0	0	266	0	0	172	444	13562	322	4822	0	0	0	0	0	0	2048	4102	194	0	0	106	0	0	0	898	0	0	0	2800	0	0	0	0	0	0	0	0	0	0	0	0	0	0	0	0	0	0	0	0	600	0	0	0	0	0	
211772	Hippocampus_L	6576	450	2084	182	0	0	656	248	0	0	254	0	104	0	304	0	178	108	858	0	674	0	0	0	0	0	0	0	8870	0	86	0	0	0	6516	5474	0	4366	12408	1756	6604	0	2306	0	0	0	3694	904	0	0	0	0	0	0	10776	82	1864	0	0	0	0	0	0	0	0	0	2740	814	0	0	814	200	4956	0	666	0	3432	3322	992	0	1130	0	1238	0	470	0	0	0	6644	0	0	0	0	0	0	0	0	0	0	0	0	0	0	0	0	0	0	0	0	0	86	0	0	0	0	0	
291920	Hippocampus_R	298	5996	0	3006	0	476	0	412	0	0	0	514	0	0	0	0	0	1358	0	1064	0	320	0	0	0	0	0	0	104	4100	0	0	0	374	5220	12198	4366	0	1172	26950	0	8954	0	3046	0	0	88	9392	0	352	0	300	0	0	156	17380	0	970	0	252	0	0	0	196	0	106	0	8010	100	646	0	184	0	9116	0	126	1328	7714	162	174	0	398	0	818	0	674	0	0	0	6658	0	0	0	0	0	0	0	102	0	0	0	0	0	0	0	0	0	0	0	80	550	0	0	0	0	0	
82832	ParaHippocampal_L	1480	130	134	0	0	0	172	0	0	0	164	0	0	0	124	0	0	0	0	0	556	0	0	0	0	0	0	0	1154	0	0	0	0	0	3446	1816	12408	1172	0	428	1164	0	2202	0	0	0	3354	288	0	0	0	0	0	0	4110	0	696	0	0	0	0	0	0	0	0	0	2530	120	0	0	0	0	174	0	0	0	922	1138	94	0	0	0	254	0	0	0	0	0	538	0	0	0	0	0	358	0	290	0	0	0	0	0	0	0	0	0	0	0	0	0	0	0	0	0	0	0	
199328	ParaHippocampal_R	122	2016	0	1256	0	270	0	0	0	0	0	86	0	0	0	0	0	192	0	572	0	140	0	0	0	0	0	0	0	1186	0	0	0	362	1894	5956	1756	26950	428	0	0	6370	0	2184	0	234	0	8402	0	162	0	124	0	226	80	16862	0	364	0	172	0	0	0	128	0	0	0	5400	0	572	0	0	0	2612	0	0	494	3042	116	0	0	178	0	1512	0	734	0	448	0	3936	0	314	0	118	0	0	0	894	0	604	0	0	0	0	0	0	0	0	0	0	196	0	0	0	0	0	
30020	Amygdala_L	0	0	0	0	0	0	0	0	0	0	0	0	0	0	324	0	0	0	0	0	746	0	0	0	0	0	0	0	1876	0	0	0	0	0	0	0	6604	0	1164	0	0	0	0	0	0	0	0	0	0	0	0	0	0	0	2720	0	0	0	0	0	0	0	0	0	0	0	0	0	0	0	0	0	130	0	0	0	192	0	0	0	0	0	706	0	0	0	0	0	548	0	0	0	0	0	0	0	0	0	0	0	0	0	0	0	0	0	0	0	0	0	0	0	0	0	0	0	
55340	Amygdala_R	0	0	0	0	0	124	0	0	0	0	0	0	0	0	0	0	0	0	0	0	0	1140	0	0	0	0	0	114	0	1778	0	0	0	0	0	0	0	8954	0	6370	0	0	0	0	0	0	0	0	0	0	0	0	0	0	0	6664	0	0	0	0	0	0	0	0	0	0	0	0	0	0	0	0	0	986	0	0	0	120	0	0	0	0	0	1420	0	0	0	0	0	0	0	0	0	0	0	0	0	0	0	0	0	0	0	0	0	0	0	0	0	0	0	0	0	0	0	0	
259632	Calcarine_L	312	0	0	0	0	0	0	0	0	0	0	0	0	0	0	0	118	0	0	0	0	0	0	0	0	0	0	0	106	0	0	0	604	0	3586	0	2306	0	2202	0	0	0	0	5228	21990	3498	13024	2410	7924	1044	19648	512	3710	0	6304	220	1466	0	214	0	286	0	182	0	958	0	21626	828	1552	0	0	0	0	0	0	0	0	0	0	0	132	0	0	0	4590	0	0	0	1478	0	0	330	0	0	0	0	0	496	0	418	0	0	0	0	0	0	0	0	0	0	514	0	0	0	0	0	
325604	Calcarine_R	0	294	0	0	0	0	0	148	0	0	0	0	0	0	0	0	0	0	0	292	0	0	0	0	0	0	0	0	0	0	0	0	184	2320	0	3016	0	3046	0	2184	0	0	5228	0	4514	29900	848	23032	242	20082	0	10322	0	5476	0	14028	0	1972	0	2004	0	0	0	0	0	328	360	24408	0	1896	0	0	0	0	0	0	0	0	0	0	0	0	0	0	0	1464	0	0	0	5122	0	0	0	0	0	0	0	0	0	0	0	0	0	0	0	0	0	0	0	0	92	0	0	0	0	0	
228544	Cuneus_L	86	0	0	0	0	0	0	0	0	0	0	0	0	0	0	0	0	0	0	0	0	0	0	0	0	0	0	0	0	0	0	0	1242	0	1642	0	0	0	0	0	0	0	21990	4514	0	6714	4340	578	20392	2634	16362	200	2928	0	2058	456	1780	0	4494	80	182	0	0	0	136	0	16578	1760	1840	0	0	0	0	0	0	0	0	0	0	0	0	0	0	0	1164	0	0	0	122	0	0	0	0	0	0	0	0	0	0	0	0	0	0	0	0	0	0	0	0	0	0	0	0	0	0	0	
265000	Cuneus_R	0	1050	0	0	0	0	0	518	0	0	0	0	0	0	0	0	0	0	0	0	0	0	0	0	0	0	0	0	0	0	0	0	102	1054	0	556	0	0	0	234	0	0	3498	29900	6714	0	0	4676	0	33394	0	11528	0	2464	0	3866	0	2208	0	3268	0	732	0	382	0	2486	3346	17694	0	430	0	0	0	0	0	0	0	0	0	0	0	0	0	0	0	616	0	0	0	1784	0	0	0	0	0	0	0	0	0	0	0	0	0	0	0	0	0	0	0	0	0	0	0	0	0	0	
394696	Lingual_L	254	0	0	0	0	0	0	0	0	0	0	0	0	0	0	0	0	0	0	0	0	0	0	0	0	0	0	0	0	0	0	0	0	0	1240	90	3694	88	3354	0	0	0	13024	848	4340	0	0	5190	4248	0	6882	0	3662	0	21132	2296	196	0	0	0	0	0	0	0	0	0	6890	0	156	0	0	0	0	0	0	0	0	0	0	0	0	0	0	0	398	0	0	0	410	0	21914	7110	2434	784	0	1018	18818	7204	26902	10098	238	150	200	206	0	226	0	0	0	232	9494	8386	2920	360	262	0	
461836	Lingual_R	0	1304	0	524	0	0	0	0	0	0	0	0	0	0	0	0	0	0	0	248	0	0	0	0	0	0	0	0	0	0	0	0	128	1732	984	6652	904	9392	288	8402	0	0	2410	23032	578	4676	5190	0	112	4046	0	6144	0	4594	1746	28380	0	1334	0	0	0	0	0	96	0	178	0	16484	0	1512	0	0	0	124	0	0	246	1624	0	0	0	0	0	0	0	672	0	0	0	1986	7462	13736	2672	952	0	294	5150	12224	10220	17988	328	204	362	258	86	0	0	0	0	100	9826	11554	1562	218	0	0	
217216	Occipital_Sup_L	324	0	0	0	0	0	0	0	0	0	0	0	0	0	0	0	140	0	0	0	0	0	0	0	0	0	0	0	214	0	0	0	0	0	0	0	0	0	0	0	0	0	7924	242	20392	0	4248	112	0	0	37300	0	6998	0	950	0	1616	0	6794	0	704	0	430	0	1716	0	10130	0	1312	0	0	0	0	0	0	0	0	0	0	0	158	0	0	0	6162	0	0	0	742	0	0	0	0	0	0	0	0	0	0	0	0	0	0	0	0	0	0	0	0	0	0	0	0	0	0	0	
338484	Occipital_Sup_R	100	2840	0	0	0	0	0	1020	0	0	0	0	0	0	0	0	0	0	0	388	0	0	0	0	0	0	0	0	0	0	0	0	104	1908	0	1396	0	352	0	162	0	0	1044	20082	2634	33394	0	4046	0	0	0	34768	0	1582	0	1470	0	5302	0	8764	0	2306	0	876	0	12398	1218	20556	0	2738	0	0	0	0	0	0	0	0	0	0	0	412	0	0	0	4880	0	0	0	2502	0	0	0	0	0	0	0	0	0	0	0	0	0	0	0	0	0	0	0	0	0	0	0	0	0	0	
462600	Occipital_Mid_L	2658	0	144	0	0	0	84	0	0	0	0	0	0	0	0	0	1150	0	0	0	0	0	0	0	0	0	0	0	1742	0	0	0	0	0	1978	0	0	0	0	0	0	0	19648	0	16362	0	6882	0	37300	0	0	0	17536	0	5362	0	8270	0	15186	0	12614	0	2164	0	17078	0	14414	0	6544	0	106	0	0	0	0	0	0	96	850	0	906	0	0	0	31200	0	0	0	11026	0	0	0	0	0	0	0	0	0	0	0	0	0	0	0	0	0	0	0	0	0	0	0	0	0	0	0	
267592	Occipital_Mid_R	0	2430	0	0	0	0	0	804	0	0	0	0	0	0	0	0	0	0	0	442	0	0	0	0	0	0	0	0	0	0	0	0	0	1486	0	1204	0	300	0	124	0	0	512	10322	200	11528	0	6144	0	34768	0	0	0	6226	0	4802	0	4588	0	2222	0	2672	0	590	0	16692	176	8140	0	2838	0	0	0	0	0	0	0	0	0	0	0	548	0	0	0	10694	0	0	0	3344	0	0	0	0	0	0	0	0	0	0	0	0	0	0	0	0	0	0	0	0	0	0	0	0	0	0	
111420	Occipital_Inf_L	166	0	0	0	0	0	0	0	0	0	0	0	0	0	0	0	80	0	0	0	0	0	0	0	0	0	0	0	88	0	0	0	0	0	0	0	0	0	0	0	0	0	3710	0	2928	0	3662	0	6998	0	17536	0	0	0	6096	0	288	0	2008	0	0	0	148	0	902	0	840	0	282	0	0	0	0	0	0	0	0	0	124	0	118	0	0	0	5080	0	0	0	3578	0	236	0	0	0	0	0	184	0	364	80	0	0	0	0	0	0	0	0	0	0	130	84	0	0	0	0	
78020	Occipital_Inf_R	0	0	0	0	0	0	0	0	0	0	0	0	0	0	0	0	0	0	0	0	0	0	0	0	0	0	0	0	0	0	0	0	0	312	0	0	0	0	0	226	0	0	0	5476	0	2464	0	4594	0	1582	0	6226	0	0	0	10778	0	210	0	0	0	0	0	0	0	106	0	1186	0	224	0	0	0	0	0	0	0	0	0	0	0	0	0	0	0	756	0	0	0	4604	0	146	0	0	0	0	0	0	0	120	0	0	0	0	0	0	0	0	0	0	0	0	0	0	0	0	
396188	Fusiform_L	1054	80	240	0	0	0	132	0	0	0	0	0	0	0	0	0	362	0	80	144	82	0	0	0	0	0	0	0	2602	0	0	0	0	184	2006	292	10776	156	4110	80	2720	0	6304	0	2058	0	21132	1746	950	0	5362	0	6096	0	0	440	672	0	90	0	3100	0	4816	0	1378	0	4664	0	312	184	0	0	280	0	0	0	136	0	1650	0	834	0	1012	0	2690	0	922	0	16522	0	29710	828	3070	130	0	0	12422	1292	31632	2294	216	0	470	182	204	0	0	0	0	0	1846	4596	576	176	0	0	
510492	Fusiform_R	0	574	0	266	0	0	0	0	0	0	0	0	0	0	0	0	0	136	0	568	0	0	0	0	0	0	0	0	0	1654	0	0	0	1042	200	2536	82	17380	0	16862	0	6664	220	14028	456	3866	2296	28380	0	1470	0	4802	0	10778	440	0	0	458	0	204	0	0	0	0	0	0	0	7960	0	884	0	0	0	1974	0	0	0	982	0	0	0	2372	0	5274	0	3104	0	1150	0	17008	2558	30344	1144	4214	0	520	2186	12380	4016	30450	232	126	212	506	0	0	0	0	0	422	4518	4468	762	118	0	0	
279516	Postcentral_L	26640	1414	1918	94	0	0	3040	1078	0	0	2024	0	248	0	0	0	8620	0	550	1854	0	0	0	0	0	0	0	0	4496	0	168	0	348	1850	3118	500	1864	0	696	0	0	0	1466	0	1780	0	196	0	1616	0	8270	0	288	0	672	0	0	0	4076	0	15116	0	8552	0	1126	0	4546	0	19030	1784	2770	234	604	0	226	0	852	416	1298	0	1272	0	0	0	2198	0	0	0	850	0	0	0	0	0	0	0	0	0	0	0	0	0	0	0	0	0	0	0	0	0	0	0	0	0	0	0	
208628	Postcentral_R	0	15870	0	480	0	0	0	1036	0	0	0	142	0	0	0	0	0	2560	0	1152	0	0	0	0	0	0	0	0	0	882	0	0	0	5536	92	1962	0	970	0	364	0	0	0	1972	0	2208	0	1334	0	5302	0	4588	0	210	0	458	0	0	0	8738	0	4866	0	10702	0	2764	0	9522	0	12722	0	0	0	2112	0	0	0	2608	0	192	0	1326	0	0	0	1324	0	0	0	320	0	0	0	0	0	0	0	0	0	0	0	0	0	0	0	0	0	0	0	0	0	0	0	0	0	0	
104928	Parietal_Sup_L	130	0	0	0	0	0	0	0	0	0	0	0	0	0	0	0	0	0	0	0	0	0	0	0	0	0	0	0	248	0	0	0	0	0	0	0	0	0	0	0	0	0	214	0	4494	0	0	0	6794	0	15186	0	2008	0	90	0	4076	0	0	0	10374	0	0	0	548	0	6358	0	1654	0	0	0	0	0	0	0	0	0	0	0	0	0	0	0	290	0	0	0	0	0	0	0	0	0	0	0	0	0	0	0	0	0	0	0	0	0	0	0	0	0	0	0	0	0	0	0	
127936	Parietal_Sup_R	0	1526	0	0	0	0	0	82	0	0	0	0	0	0	0	0	0	0	0	282	0	0	0	0	0	0	0	0	0	0	0	0	0	0	0	94	0	252	0	172	0	0	0	2004	80	3268	0	0	0	8764	0	2222	0	0	0	204	0	8738	0	0	0	8742	0	2836	0	10358	602	8706	0	1038	0	0	0	0	0	0	0	0	0	166	0	1228	0	0	0	2420	0	0	0	184	0	0	0	0	0	0	0	0	0	0	0	0	0	0	0	0	0	0	0	0	0	0	0	0	0	0	
161672	Parietal_Inf_L	2990	154	0	0	0	0	0	0	0	0	0	0	0	0	0	0	0	0	0	118	0	0	0	0	0	0	0	0	316	0	0	0	0	0	106	0	0	0	0	0	0	0	286	0	182	0	0	0	704	0	12614	0	0	0	3100	0	15116	0	10374	0	0	0	15896	0	7870	0	2316	0	2258	0	262	114	0	0	0	0	0	208	0	0	650	0	0	0	926	0	0	0	4276	0	0	0	0	0	0	0	0	0	0	0	0	0	0	0	0	0	0	0	0	0	0	0	0	0	0	0	
132108	Parietal_Inf_R	0	994	0	0	0	0	0	322	0	0	0	0	0	0	0	0	0	0	0	214	0	0	0	0	0	0	0	0	0	0	0	0	0	170	0	0	0	0	0	0	0	0	0	0	0	732	0	0	0	2306	0	2672	0	0	0	0	0	4866	0	8742	0	0	0	11694	0	16056	0	696	0	348	0	0	0	0	0	0	0	0	0	0	0	7060	0	0	0	9042	0	0	0	140	0	0	0	0	0	0	0	0	0	0	0	0	0	0	0	0	0	0	0	0	0	0	0	0	0	0	
134548	SupraMarginal_L	3032	0	232	0	0	0	116	0	0	0	0	0	0	0	0	0	2202	0	0	0	0	0	0	0	0	0	0	0	1732	0	0	0	0	0	592	266	0	0	0	0	0	0	182	0	0	0	0	0	430	0	2164	0	148	0	4816	0	8552	0	0	0	15896	0	0	0	7100	0	744	0	1270	0	80	128	0	0	0	0	0	164	0	0	5106	0	0	0	4344	0	0	0	7978	0	0	0	0	0	0	0	0	0	0	0	0	0	0	0	0	0	0	0	0	0	0	0	0	0	0	0	
108652	SupraMarginal_R	0	1718	0	164	0	0	0	286	0	0	0	0	0	0	0	0	0	1310	0	276	0	0	0	0	0	0	0	0	0	86	0	0	0	178	0	0	0	196	0	128	0	0	0	0	0	382	0	96	0	876	0	590	0	0	0	0	0	10702	0	2836	0	11694	0	0	0	7416	0	340	0	288	0	0	0	1120	0	0	0	1392	0	0	0	10206	0	0	0	2046	0	0	0	0	0	0	0	0	0	0	0	0	0	0	0	0	0	0	0	0	0	0	0	0	0	0	0	0	0	0	
114948	Angular_L	198	0	0	0	0	0	0	0	0	0	0	0	0	0	0	0	346	0	0	0	0	0	0	0	0	0	0	0	254	0	0	0	0	0	106	0	0	0	0	0	0	0	958	0	136	0	0	0	1716	0	17078	0	902	0	1378	0	1126	0	548	0	7870	0	7100	0	0	0	1160	0	972	0	0	0	0	0	0	0	0	0	94	0	1312	0	0	0	9874	0	0	0	4346	0	0	0	0	0	0	0	0	0	0	0	0	0	0	0	0	0	0	0	0	0	0	0	0	0	0	0	
188820	Angular_R	0	1402	0	0	0	0	0	544	0	0	0	0	0	0	0	0	0	0	0	126	0	0	0	0	0	0	0	0	0	0	0	0	0	214	0	172	0	106	0	0	0	0	0	328	0	2486	0	178	0	12398	0	16692	0	106	0	0	0	2764	0	10358	0	16056	0	7416	0	0	0	2976	0	634	0	0	0	0	0	0	0	0	0	0	0	8886	0	0	0	10330	0	0	0	238	0	0	0	0	0	0	0	0	0	0	0	0	0	0	0	0	0	0	0	0	0	0	0	0	0	0	
253500	Precuneus_L	728	0	0	0	0	0	0	0	0	0	0	0	0	0	0	0	420	0	0	0	0	0	0	0	0	0	0	0	600	0	0	0	1876	350	6416	444	2740	0	2530	0	0	0	21626	360	16578	3346	6890	0	10130	1218	14414	176	840	0	4664	0	4546	0	6358	602	2316	0	744	0	1160	0	0	6496	4462	0	100	0	0	0	0	0	0	0	0	0	218	0	0	0	2374	0	0	0	1028	0	0	0	0	0	0	0	0	0	0	0	0	0	0	0	0	0	0	0	0	0	0	0	0	0	0	0	
374744	Precuneus_R	188	2152	0	0	0	0	0	892	0	0	0	0	0	0	0	0	0	0	132	904	0	0	0	0	0	0	0	0	0	0	0	0	636	8014	860	13562	814	8010	120	5400	0	0	828	24408	1760	17694	0	16484	0	20556	0	8140	0	1186	0	7960	0	9522	0	8706	0	696	0	340	0	2976	6496	0	120	9224	0	0	0	0	0	0	0	164	0	0	0	104	0	0	0	2266	0	0	0	5320	0	0	0	0	0	0	0	190	0	0	0	0	0	0	0	0	0	0	0	0	548	0	0	0	0	0	
252220	Paracentral_Lobule_L	15796	5758	3336	2146	0	0	460	0	0	0	0	0	0	0	0	0	268	0	9734	14946	0	0	0	0	0	0	0	0	490	0	0	0	3920	8786	3054	322	0	100	0	0	0	0	1552	0	1840	0	156	0	1312	0	6544	0	282	0	312	0	19030	0	1654	0	2258	0	1270	0	972	0	4462	120	0	9678	0	930	0	126	0	116	1110	412	184	0	312	0	0	0	1770	0	0	0	592	0	0	0	0	0	0	0	0	0	0	0	0	0	0	0	0	0	0	0	0	0	0	0	0	0	0	0	
291480	Paracentral_Lobule_R	8322	10652	588	448	0	0	176	0	0	0	0	0	0	0	0	0	0	118	3562	32750	0	0	0	0	0	0	0	0	0	100	0	0	624	28214	2726	4822	0	646	0	572	0	0	0	1896	0	430	0	1512	0	2738	0	2838	0	224	184	884	1784	12722	0	1038	0	348	0	288	0	634	0	9224	9678	0	0	138	0	0	0	0	0	126	0	0	0	578	0	0	0	2460	0	0	0	1696	0	0	0	0	0	0	0	0	0	0	0	0	0	0	0	0	0	0	0	0	0	0	0	0	0	0	
200996	Caudate_L	5600	2198	5178	1950	674	326	2916	2228	0	0	602	436	778	362	196	0	230	1058	4438	410	4648	4730	410	1316	360	0	1720	312	1846	766	6852	5214	0	0	0	0	814	0	0	0	0	0	0	0	0	0	0	0	0	0	106	0	0	0	0	0	2770	0	0	0	262	0	80	0	0	0	100	0	0	0	0	12422	11518	352	2400	0	9476	2444	0	0	0	0	0	0	0	0	0	0	0	0	0	0	0	0	0	0	0	0	0	0	0	0	0	0	0	0	0	0	0	0	0	0	0	0	0	0	
326084	Caudate_R	3032	13488	848	21346	0	2196	252	676	0	0	0	1194	88	2668	0	664	0	1454	842	11958	3008	3306	0	6292	0	3810	894	838	152	4198	2934	18670	0	224	0	0	200	184	0	0	0	0	0	0	0	0	0	0	0	0	0	0	0	0	0	0	234	0	0	0	114	0	128	0	0	0	0	0	930	138	12422	0	2288	15530	276	2878	1566	21122	0	0	0	0	0	0	0	0	0	0	0	0	0	0	0	0	0	0	0	0	0	0	0	0	0	0	0	0	0	0	0	0	0	0	0	0	0	0	
231784	Putamen_L	9464	422	20166	300	5264	0	4100	504	1482	0	326	0	840	108	3360	0	496	262	6000	0	1886	1382	4578	84	208	0	1226	0	13350	214	7916	2794	86	0	0	0	4956	0	174	0	130	0	0	0	0	0	0	0	0	0	0	0	0	0	280	0	604	0	0	0	0	0	0	0	0	0	0	0	0	0	11518	2288	0	0	5474	0	2000	0	0	0	296	0	1024	0	0	0	0	0	330	0	0	0	0	0	0	0	0	0	0	0	0	0	0	0	0	0	0	0	0	0	0	0	0	0	0	0	
262712	Putamen_R	388	3284	470	16338	0	5124	0	3204	0	108	0	3420	0	1312	0	984	0	5040	300	7520	0	928	0	3638	0	4334	0	562	0	20080	248	9688	0	748	0	0	0	9116	0	2612	0	986	0	0	0	0	0	124	0	0	0	0	0	0	0	1974	0	2112	0	0	0	0	0	1120	0	0	0	0	126	0	352	15530	0	0	0	3682	0	5130	0	212	0	268	0	0	0	0	0	0	0	294	0	0	0	0	0	0	0	0	0	0	0	0	0	0	0	0	0	0	0	0	0	0	0	0	0	0	
48184	Pallidum_L	5002	94	3648	0	0	0	2900	0	0	0	0	0	0	0	0	0	184	0	616	0	0	0	0	0	0	0	0	0	0	0	0	0	0	0	0	0	666	0	0	0	0	0	0	0	0	0	0	0	0	0	0	0	0	0	0	0	226	0	0	0	0	0	0	0	0	0	0	0	0	0	2400	276	5474	0	0	0	2302	304	0	0	0	0	0	0	0	0	0	0	0	0	0	0	0	0	0	0	0	0	0	0	0	0	0	0	0	0	0	0	0	0	0	0	0	0	0	0	
26404	Pallidum_R	352	602	0	3152	0	0	0	568	0	0	0	420	0	0	0	0	0	0	0	1196	0	0	0	0	0	0	0	0	0	0	0	110	0	0	0	0	0	126	0	0	0	0	0	0	0	0	0	0	0	0	0	0	0	0	0	0	0	0	0	0	0	0	0	0	0	0	0	0	116	0	0	2878	0	3682	0	0	0	0	0	0	0	0	0	0	0	0	0	0	0	0	0	0	0	0	0	0	0	0	0	0	0	0	0	0	0	0	0	0	0	0	0	0	0	0	0	0	
112020	Thalamus_L	13554	782	2390	86	0	0	170	526	0	0	0	0	0	0	0	0	0	104	1362	0	0	0	0	0	0	0	0	0	1302	0	0	0	0	0	1078	2048	3432	1328	922	494	192	0	0	0	0	0	0	246	0	0	0	0	0	0	136	0	852	0	0	0	0	0	0	0	0	0	0	0	1110	0	9476	1566	2000	0	2302	0	0	7552	420	0	0	0	0	0	176	0	0	0	404	0	0	0	0	0	0	0	0	0	0	0	0	0	0	0	0	0	0	0	0	0	0	0	0	0	0	0	
226028	Thalamus_R	1988	24848	96	12044	0	0	0	600	0	0	0	316	0	0	0	0	0	1870	0	444	0	0	0	0	0	0	0	0	108	1954	0	0	0	0	3132	4102	3322	7714	1138	3042	0	120	0	0	0	0	0	1624	0	0	96	0	0	0	0	982	416	2608	0	0	208	0	164	1392	0	0	0	164	412	126	2444	21122	0	5130	304	0	7552	0	138	188	0	238	0	0	0	92	0	0	0	776	0	0	0	0	0	0	0	0	0	0	0	0	0	0	0	0	0	0	0	0	0	0	0	0	0	0	
38192	Heschl_L	1794	0	312	0	0	0	162	0	0	0	0	0	0	0	0	0	2772	0	128	0	0	0	0	0	0	0	0	0	4404	0	0	0	0	0	242	194	992	162	94	116	0	0	0	0	0	0	0	0	0	0	850	0	124	0	1650	0	1298	0	0	0	0	0	0	0	94	0	0	0	184	0	0	0	0	0	0	0	420	138	0	0	792	0	0	0	1128	0	0	0	1046	0	0	0	0	0	0	0	0	0	0	0	0	0	0	0	0	0	0	0	0	0	0	0	0	0	0	0	
14528	Heschl_R	0	0	0	0	0	0	0	0	0	0	0	0	0	0	0	0	0	1288	0	0	0	0	0	0	0	0	0	0	0	1876	0	0	0	0	0	0	0	174	0	0	0	0	0	0	0	0	0	0	0	0	0	0	0	0	0	0	0	192	0	166	0	0	0	0	0	0	0	0	0	0	0	0	0	212	0	0	0	188	0	0	0	2372	0	0	0	796	0	0	0	0	0	0	0	0	0	0	0	0	0	0	0	0	0	0	0	0	0	0	0	0	0	0	0	0	0	0	
108328	Temporal_Sup_L	1164	0	876	0	0	0	480	0	0	0	312	0	0	0	0	0	3228	0	274	0	0	0	0	0	0	0	0	0	5800	0	0	0	0	0	164	0	1130	0	0	0	0	0	132	0	0	0	0	0	158	0	906	0	118	0	834	0	1272	0	0	0	650	0	5106	0	1312	0	218	0	312	0	0	0	296	0	0	0	0	0	792	0	0	0	1338	0	17250	0	0	0	10042	0	0	0	0	0	0	0	0	0	0	0	0	0	0	0	0	0	0	0	0	0	0	0	0	0	0	0	
140252	Temporal_Sup_R	0	644	0	0	0	0	0	230	0	0	0	0	0	0	0	0	0	1680	0	374	0	0	0	0	0	0	0	0	0	3940	0	0	0	642	0	106	0	398	0	178	0	0	0	0	0	0	0	0	0	412	0	548	0	0	0	2372	0	1326	0	1228	0	7060	0	10206	0	8886	0	104	0	578	0	0	0	268	0	0	0	238	0	2372	0	0	0	1868	0	19866	0	426	0	4176	0	0	0	0	0	0	0	0	0	0	0	0	0	0	0	0	0	0	0	0	0	0	0	0	0	0	
53564	Temporal_Pole_Sup_L	0	0	898	0	340	0	0	0	274	0	1388	0	0	0	2114	0	334	0	442	0	424	0	0	0	0	0	0	0	4188	0	0	0	0	0	0	0	1238	0	254	0	706	0	0	0	0	0	0	0	0	0	0	0	0	0	1012	0	0	0	0	0	0	0	0	0	0	0	0	0	0	0	0	0	1024	0	0	0	0	0	0	0	1338	0	0	0	3838	0	3008	0	3962	0	0	0	0	0	0	0	0	0	0	0	0	0	0	0	0	0	0	0	0	0	0	0	0	0	0	0	
42456	Temporal_Pole_Sup_R	0	0	0	0	0	0	0	0	0	0	0	0	0	0	0	0	0	292	0	0	0	0	0	0	0	0	0	0	0	914	0	0	0	0	0	0	0	818	0	1512	0	1420	0	0	0	0	0	0	0	0	0	0	0	0	0	5274	0	0	0	0	0	0	0	0	0	0	0	0	0	0	0	0	0	0	0	0	0	0	0	0	0	1868	0	0	0	2210	0	3862	0	3058	0	0	0	0	0	0	0	0	0	0	0	0	0	0	0	0	0	0	0	0	0	0	0	0	0	0	
282924	Temporal_Mid_L	1526	0	94	0	0	0	0	0	0	0	0	0	0	0	0	0	1632	0	0	0	0	0	0	0	0	0	0	0	1808	0	0	0	0	0	2422	0	470	0	0	0	0	0	4590	0	1164	0	398	0	6162	0	31200	0	5080	0	2690	0	2198	0	290	0	926	0	4344	0	9874	0	2374	0	1770	0	0	0	0	0	0	0	176	0	1128	0	17250	0	3838	0	0	0	2516	0	35542	0	0	0	0	0	0	0	0	0	0	0	0	0	0	0	0	0	0	0	0	0	0	0	0	0	0	0	
212176	Temporal_Mid_R	0	1446	0	0	0	0	0	312	0	0	0	0	0	0	0	0	0	102	0	1318	0	0	0	0	0	0	0	0	0	1216	0	0	0	2258	0	898	0	674	0	734	0	0	0	1464	0	616	0	672	0	4880	0	10694	0	756	0	3104	0	1324	0	2420	0	9042	0	2046	0	10330	0	2266	0	2460	0	0	0	0	0	0	0	92	0	796	0	19866	0	2210	0	0	0	2150	0	19942	0	0	0	0	0	0	0	0	0	0	0	0	0	0	0	0	0	0	0	0	0	0	0	0	0	0	
18644	Temporal_Pole_Mid_L	0	0	0	0	0	0	0	0	0	0	0	0	0	0	0	0	0	0	0	0	0	0	0	0	0	0	0	0	0	0	0	0	0	0	0	0	0	0	0	0	0	0	0	0	0	0	0	0	0	0	0	0	0	0	922	0	0	0	0	0	0	0	0	0	0	0	0	0	0	0	0	0	0	0	0	0	0	0	0	0	0	0	3008	0	2516	0	0	0	2876	0	0	0	0	0	0	0	0	0	0	0	0	0	0	0	0	0	0	0	0	0	0	0	0	0	0	0	
18476	Temporal_Pole_Mid_R	0	0	0	0	0	0	0	0	0	0	0	0	0	0	0	0	0	0	0	0	0	0	0	0	0	0	0	0	0	0	0	0	0	0	0	0	0	0	0	448	0	0	0	0	0	0	0	0	0	0	0	0	0	0	0	1150	0	0	0	0	0	0	0	0	0	0	0	0	0	0	0	0	0	0	0	0	0	0	0	0	0	426	0	3862	0	2150	0	0	0	1202	0	0	0	0	0	0	0	0	0	0	0	0	0	0	0	0	0	0	0	0	0	0	0	0	0	0	
258944	Temporal_Inf_L	1228	0	274	0	0	0	0	0	0	0	0	0	0	0	0	0	1892	0	118	0	0	0	0	0	0	0	0	0	4480	0	0	0	0	0	2220	0	6644	0	538	0	548	0	1478	0	122	0	410	0	742	0	11026	0	3578	0	16522	0	850	0	0	0	4276	0	7978	0	4346	0	1028	0	592	0	0	0	330	0	0	0	404	0	1046	0	10042	0	3962	0	35542	0	2876	0	0	0	2760	0	1156	0	0	0	0	0	464	0	0	0	0	0	0	0	0	0	0	0	0	0	0	0	0	0	
185712	Temporal_Inf_R	0	530	0	0	0	0	0	0	0	0	0	0	0	0	0	0	0	150	0	1204	0	0	0	0	0	0	0	0	0	1462	0	0	0	1534	134	2800	0	6658	0	3936	0	0	0	5122	0	1784	0	1986	0	2502	0	3344	0	4604	0	17008	0	320	0	184	0	140	0	0	0	238	0	5320	0	1696	0	0	0	294	0	0	0	776	0	0	0	4176	0	3058	0	19942	0	1202	0	0	0	752	0	0	0	0	0	0	0	0	0	0	0	0	0	0	0	0	0	0	0	0	0	0	0	0	
669856	Cerebelum_Crus1_L	0	0	0	0	0	0	0	0	0	0	0	0	0	0	0	0	0	0	0	0	0	0	0	0	0	0	0	0	0	0	0	0	0	0	0	0	0	0	0	0	0	0	0	0	0	0	21914	7462	0	0	0	0	236	0	29710	2558	0	0	0	0	0	0	0	0	0	0	0	0	0	0	0	0	0	0	0	0	0	0	0	0	0	0	0	0	0	0	0	0	2760	0	0	11956	48894	5140	328	1654	30190	5002	77532	18236	11134	1700	9910	1868	750	378	0	0	0	484	9160	22080	11250	1810	702	130	
634812	Cerebelum_Crus1_R	0	0	0	0	0	0	0	0	0	0	0	0	0	0	0	0	0	0	0	0	0	0	0	0	0	0	0	0	0	0	0	0	0	0	0	0	0	0	0	314	0	0	330	0	0	0	7110	13736	0	0	0	0	0	146	828	30344	0	0	0	0	0	0	0	0	0	0	0	0	0	0	0	0	0	0	0	0	0	0	0	0	0	0	0	0	0	0	0	0	0	752	11956	0	5666	43624	0	3558	7010	29126	14126	78430	1042	4220	1040	12644	258	1472	0	0	0	1610	17536	15708	11278	1920	1284	338	
465944	Cerebelum_Crus2_L	0	0	0	0	0	0	0	0	0	0	0	0	0	0	0	0	0	0	0	0	0	0	0	0	0	0	0	0	0	0	0	0	0	0	0	0	0	0	0	0	0	0	0	0	0	0	2434	2672	0	0	0	0	0	0	3070	1144	0	0	0	0	0	0	0	0	0	0	0	0	0	0	0	0	0	0	0	0	0	0	0	0	0	0	0	0	0	0	0	0	1156	0	48894	5666	0	14598	184	390	3570	890	21072	7342	38656	10444	27866	5270	2384	114	0	0	0	144	1210	10378	14410	8580	284	150	
445408	Cerebelum_Crus2_R	0	0	0	0	0	0	0	0	0	0	0	0	0	0	0	0	0	0	0	0	0	0	0	0	0	0	0	0	0	0	0	0	0	0	0	0	0	0	0	118	0	0	0	0	0	0	784	952	0	0	0	0	0	0	130	4214	0	0	0	0	0	0	0	0	0	0	0	0	0	0	0	0	0	0	0	0	0	0	0	0	0	0	0	0	0	0	0	0	0	0	5140	43624	14598	0	138	3816	1828	5390	3230	19436	12384	22164	9588	27714	1726	1344	0	0	0	1368	2278	5916	20766	11478	1832	748	
27136	Cerebelum_3_L	0	0	0	0	0	0	0	0	0	0	0	0	0	0	0	0	0	0	0	0	0	0	0	0	0	0	0	0	0	0	0	0	0	0	0	0	0	0	358	0	0	0	0	0	0	0	0	0	0	0	0	0	0	0	0	0	0	0	0	0	0	0	0	0	0	0	0	0	0	0	0	0	0	0	0	0	0	0	0	0	0	0	0	0	0	0	0	0	0	0	328	0	184	138	0	220	5264	82	618	0	224	112	602	186	740	0	80	0	700	1964	1210	88	194	276	0	0	
146536	Cerebelum_3_R	0	0	0	0	0	0	0	0	0	0	0	0	0	0	0	0	0	0	0	0	0	0	0	0	0	0	0	0	0	0	0	0	0	0	0	0	0	0	0	0	0	0	0	0	0	0	1018	294	0	0	0	0	0	0	0	520	0	0	0	0	0	0	0	0	0	0	0	0	0	0	0	0	0	0	0	0	0	0	0	0	0	0	0	0	0	0	0	0	0	0	1654	3558	390	3816	220	0	4404	12492	2182	6948	282	1902	872	4824	462	2946	0	0	320	6738	6928	2670	1898	3124	2388	418	
455008	Cerebelum_4_5_L	0	0	0	0	0	0	0	0	0	0	0	0	0	0	0	0	0	0	0	0	0	0	0	0	0	0	0	0	0	0	0	0	0	0	0	0	0	0	290	0	0	0	0	0	0	0	18818	5150	0	0	0	0	184	0	12422	2186	0	0	0	0	0	0	0	0	0	0	0	0	0	0	0	0	0	0	0	0	0	0	0	0	0	0	0	0	0	0	0	0	0	0	30190	7010	3570	1828	5264	4404	0	12598	46298	12164	2414	528	6918	2316	4798	1434	98	0	666	3136	25388	7660	2388	3384	2778	1222	
422772	Cerebelum_4_5_R	0	0	0	0	0	0	0	0	0	0	0	0	0	0	0	0	0	0	0	0	0	0	0	0	0	0	0	0	0	0	0	0	0	0	0	0	0	102	0	894	0	0	496	0	0	0	7204	12224	0	0	0	0	0	0	1292	12380	0	0	0	0	0	0	0	0	0	0	0	190	0	0	0	0	0	0	0	0	0	0	0	0	0	0	0	0	0	0	0	0	0	0	5002	29126	890	5390	82	12492	12598	0	7580	45092	262	1584	680	5016	372	2864	0	0	0	5392	27802	6608	2234	2822	2198	518	
670800	Cerebelum_6_L	0	0	0	0	0	0	0	0	0	0	0	0	0	0	0	0	0	0	0	0	0	0	0	0	0	0	0	0	0	0	0	0	0	0	0	0	0	0	0	0	0	0	0	0	0	0	26902	10220	0	0	0	0	364	0	31632	4016	0	0	0	0	0	0	0	0	0	0	0	0	0	0	0	0	0	0	0	0	0	0	0	0	0	0	0	0	0	0	0	0	464	0	77532	14126	21072	3230	618	2182	46298	7580	0	23122	2800	648	4368	1162	1842	530	0	0	0	608	14402	28058	8764	1290	1108	462	
710456	Cerebelum_6_R	0	0	0	0	0	0	0	0	0	0	0	0	0	0	0	0	0	0	0	0	0	0	0	0	0	0	0	0	0	0	0	0	0	0	0	0	0	0	0	604	0	0	418	0	0	0	10098	17988	0	0	0	0	80	120	2294	30450	0	0	0	0	0	0	0	0	0	0	0	0	0	0	0	0	0	0	0	0	0	0	0	0	0	0	0	0	0	0	0	0	0	0	18236	78430	7342	19436	0	6948	12164	45092	23122	0	874	1602	1184	9680	456	2586	0	228	0	2552	25996	24360	9884	1580	1146	278	
332844	Cerebelum_7b_L	0	0	0	0	0	0	0	0	0	0	0	0	0	0	0	0	0	0	0	0	0	0	0	0	0	0	0	0	0	0	0	0	0	0	0	0	0	0	0	0	0	0	0	0	0	0	238	328	0	0	0	0	0	0	216	232	0	0	0	0	0	0	0	0	0	0	0	0	0	0	0	0	0	0	0	0	0	0	0	0	0	0	0	0	0	0	0	0	0	0	11134	1042	38656	12384	224	282	2414	262	2800	874	0	11364	43322	9064	5090	138	162	0	0	114	434	1754	10296	12652	744	202	
236352	Cerebelum_7b_R	0	0	0	0	0	0	0	0	0	0	0	0	0	0	0	0	0	0	0	0	0	0	0	0	0	0	0	0	0	0	0	0	0	0	0	0	0	0	0	0	0	0	0	0	0	0	150	204	0	0	0	0	0	0	0	126	0	0	0	0	0	0	0	0	0	0	0	0	0	0	0	0	0	0	0	0	0	0	0	0	0	0	0	0	0	0	0	0	0	0	1700	4220	10444	22164	112	1902	528	1584	648	1602	11364	0	8730	26430	1174	2528	0	0	0	832	480	964	8030	11506	674	80	
397500	Cerebelum_8_L	0	0	0	0	0	0	0	0	0	0	0	0	0	0	0	0	0	0	0	0	0	0	0	0	0	0	0	0	0	0	0	0	0	0	0	0	0	0	0	0	0	0	0	0	0	0	200	362	0	0	0	0	0	0	470	212	0	0	0	0	0	0	0	0	0	0	0	0	0	0	0	0	0	0	0	0	0	0	0	0	0	0	0	0	0	0	0	0	0	0	9910	1040	27866	9588	602	872	6918	680	4368	1184	43322	8730	0	16146	23904	1376	1468	0	0	696	1770	2380	8616	19282	5208	1580	
379432	Cerebelum_8_R	0	0	0	0	0	0	0	0	0	0	0	0	0	0	0	0	0	0	0	0	0	0	0	0	0	0	0	0	0	0	0	0	0	0	0	0	0	0	0	0	0	0	0	0	0	0	206	258	0	0	0	0	0	0	182	506	0	0	0	0	0	0	0	0	0	0	0	0	0	0	0	0	0	0	0	0	0	0	0	0	0	0	0	0	0	0	0	0	0	0	1868	12644	5270	27714	186	4824	2316	5016	1162	9680	9064	26430	16146	0	4700	20658	0	528	0	2110	2088	2112	8462	18622	5986	978	
137780	Cerebelum_9_L	0	0	0	0	0	0	0	0	0	0	0	0	0	0	0	0	0	0	0	0	0	0	0	0	0	0	0	0	0	0	0	0	0	0	0	0	0	0	0	0	0	0	0	0	0	0	0	86	0	0	0	0	0	0	204	0	0	0	0	0	0	0	0	0	0	0	0	0	0	0	0	0	0	0	0	0	0	0	0	0	0	0	0	0	0	0	0	0	0	0	750	258	2384	1726	740	462	4798	372	1842	456	5090	1174	23904	4700	0	1704	2324	0	84	616	1450	1066	1946	5536	3954	1264	
130448	Cerebelum_9_R	0	0	0	0	0	0	0	0	0	0	0	0	0	0	0	0	0	0	0	0	0	0	0	0	0	0	0	0	0	0	0	0	0	0	0	0	0	0	0	0	0	0	0	0	0	0	226	0	0	0	0	0	0	0	0	0	0	0	0	0	0	0	0	0	0	0	0	0	0	0	0	0	0	0	0	0	0	0	0	0	0	0	0	0	0	0	0	0	0	0	378	1472	114	1344	0	2946	1434	2864	530	2586	138	2528	1376	20658	1704	0	0	678	0	1400	2460	1694	1438	5970	8144	3142	
8428	Cerebelum_10_L	0	0	0	0	0	0	0	0	0	0	0	0	0	0	0	0	0	0	0	0	0	0	0	0	0	0	0	0	0	0	0	0	0	0	0	0	0	0	0	0	0	0	0	0	0	0	0	0	0	0	0	0	0	0	0	0	0	0	0	0	0	0	0	0	0	0	0	0	0	0	0	0	0	0	0	0	0	0	0	0	0	0	0	0	0	0	0	0	0	0	0	0	0	0	80	0	98	0	0	0	162	0	1468	0	2324	0	0	0	0	0	0	0	0	82	0	0	
2868	Cerebelum_10_R	0	0	0	0	0	0	0	0	0	0	0	0	0	0	0	0	0	0	0	0	0	0	0	0	0	0	0	0	0	0	0	0	0	0	0	0	0	0	0	0	0	0	0	0	0	0	0	0	0	0	0	0	0	0	0	0	0	0	0	0	0	0	0	0	0	0	0	0	0	0	0	0	0	0	0	0	0	0	0	0	0	0	0	0	0	0	0	0	0	0	0	0	0	0	0	0	0	0	0	228	0	0	0	528	0	678	0	0	0	0	0	0	0	0	0	0	
12236	Vermis_1_2	0	0	0	0	0	0	0	0	0	0	0	0	0	0	0	0	0	0	0	0	0	0	0	0	0	0	0	0	0	0	0	0	0	0	0	0	0	0	0	0	0	0	0	0	0	0	0	0	0	0	0	0	0	0	0	0	0	0	0	0	0	0	0	0	0	0	0	0	0	0	0	0	0	0	0	0	0	0	0	0	0	0	0	0	0	0	0	0	0	0	0	0	0	0	700	320	666	0	0	0	0	0	0	0	84	0	0	0	0	3212	1136	0	0	0	0	0	
88668	Vermis_3	0	0	0	0	0	0	0	0	0	0	0	0	0	0	0	0	0	0	0	0	0	0	0	0	0	0	0	0	0	0	0	0	0	0	0	0	0	80	0	0	0	0	0	0	0	0	232	100	0	0	0	0	0	0	0	422	0	0	0	0	0	0	0	0	0	0	0	0	0	0	0	0	0	0	0	0	0	0	0	0	0	0	0	0	0	0	0	0	0	0	484	1610	144	1368	1964	6738	3136	5392	608	2552	114	832	696	2110	616	1400	0	0	3212	0	5780	916	944	1698	938	248	
397728	Vermis_4_5	0	0	0	0	0	0	0	0	0	0	0	0	0	0	0	0	0	0	0	0	0	0	0	0	0	0	0	0	0	0	0	0	0	0	96	600	86	550	0	196	0	0	514	92	0	0	9494	9826	0	0	0	0	130	0	1846	4518	0	0	0	0	0	0	0	0	0	0	0	548	0	0	0	0	0	0	0	0	0	0	0	0	0	0	0	0	0	0	0	0	0	0	9160	17536	1210	2278	1210	6928	25388	27802	14402	25996	434	480	1770	2088	1450	2460	0	0	1136	5780	0	10464	3140	3404	3800	2052	
389476	Vermis_6	0	0	0	0	0	0	0	0	0	0	0	0	0	0	0	0	0	0	0	0	0	0	0	0	0	0	0	0	0	0	0	0	0	0	0	0	0	0	0	0	0	0	0	0	0	0	8386	11554	0	0	0	0	84	0	4596	4468	0	0	0	0	0	0	0	0	0	0	0	0	0	0	0	0	0	0	0	0	0	0	0	0	0	0	0	0	0	0	0	0	0	0	22080	15708	10378	5916	88	2670	7660	6608	28058	24360	1754	964	2380	2112	1066	1694	0	0	0	916	10464	0	10232	3598	3706	3238	
312732	Vermis_7	0	0	0	0	0	0	0	0	0	0	0	0	0	0	0	0	0	0	0	0	0	0	0	0	0	0	0	0	0	0	0	0	0	0	0	0	0	0	0	0	0	0	0	0	0	0	2920	1562	0	0	0	0	0	0	576	762	0	0	0	0	0	0	0	0	0	0	0	0	0	0	0	0	0	0	0	0	0	0	0	0	0	0	0	0	0	0	0	0	0	0	11250	11278	14410	20766	194	1898	2388	2234	8764	9884	10296	8030	8616	8462	1946	1438	0	0	0	944	3140	10232	0	9914	3000	1462	
285936	Vermis_8	0	0	0	0	0	0	0	0	0	0	0	0	0	0	0	0	0	0	0	0	0	0	0	0	0	0	0	0	0	0	0	0	0	0	0	0	0	0	0	0	0	0	0	0	0	0	360	218	0	0	0	0	0	0	176	118	0	0	0	0	0	0	0	0	0	0	0	0	0	0	0	0	0	0	0	0	0	0	0	0	0	0	0	0	0	0	0	0	0	0	1810	1920	8580	11478	276	3124	3384	2822	1290	1580	12652	11506	19282	18622	5536	5970	82	0	0	1698	3404	3598	9914	0	9882	3686	
