data	data	387748	263860	868648	757880	123664	101604	450228	155796	54940	30480	225144	104428	221248	94064	134308	56272	268780	152716	695596	776116	45500	47080	338400	317196	16444	56280	37536	34312	614712	286044	325864	395912	143460	433316	171616	207084	340032	409000	152352	264984	23992	66704	328396	411488	188224	328832	391780	466300	219508	299428	436228	211000	231164	186208	561544	623128	323472	161496	93128	190252	240212	152852	182304	216568	131644	162268	316784	390864	204012	144204	266532	243256	253060	295852	39244	16036	156028	199012	85288	31536	251740	132084	68188	52008	315476	246240	33300	38964	358808	271284	783164	561500	570600	420712	59048	117488	461564	315096	646244	548056	411480	197376	589556	554268	228040	250824	29356	39412	79220	143052	415640	266896	466220	298644	220668	69360	
data	data	Precentral_L	Precentral_R	Frontal_Sup_L	Frontal_Sup_R	Frontal_Sup_Orb_L	Frontal_Sup_Orb_R	Frontal_Mid_L	Frontal_Mid_R	Frontal_Mid_Orb_L	Frontal_Mid_Orb_R	Frontal_Inf_Oper_L	Frontal_Inf_Oper_R	Frontal_Inf_Tri_L	Frontal_Inf_Tri_R	Frontal_Inf_Orb_L	Frontal_Inf_Orb_R	Rolandic_Oper_L	Rolandic_Oper_R	Supp_Motor_Area_L	Supp_Motor_Area_R	Olfactory_L	Olfactory_R	Frontal_Sup_Medial_L	Frontal_Sup_Medial_R	Frontal_Med_Orb_L	Frontal_Med_Orb_R	Rectus_L	Rectus_R	Insula_L	Insula_R	Cingulum_Ant_L	Cingulum_Ant_R	Cingulum_Mid_L	Cingulum_Mid_R	Cingulum_Post_L	Cingulum_Post_R	Hippocampus_L	Hippocampus_R	ParaHippocampal_L	ParaHippocampal_R	Amygdala_L	Amygdala_R	Calcarine_L	Calcarine_R	Cuneus_L	Cuneus_R	Lingual_L	Lingual_R	Occipital_Sup_L	Occipital_Sup_R	Occipital_Mid_L	Occipital_Mid_R	Occipital_Inf_L	Occipital_Inf_R	Fusiform_L	Fusiform_R	Postcentral_L	Postcentral_R	Parietal_Sup_L	Parietal_Sup_R	Parietal_Inf_L	Parietal_Inf_R	SupraMarginal_L	SupraMarginal_R	Angular_L	Angular_R	Precuneus_L	Precuneus_R	Paracentral_Lobule_L	Paracentral_Lobule_R	Caudate_L	Caudate_R	Putamen_L	Putamen_R	Pallidum_L	Pallidum_R	Thalamus_L	Thalamus_R	Heschl_L	Heschl_R	Temporal_Sup_L	Temporal_Sup_R	Temporal_Pole_Sup_L	Temporal_Pole_Sup_R	Temporal_Mid_L	Temporal_Mid_R	Temporal_Pole_Mid_L	Temporal_Pole_Mid_R	Temporal_Inf_L	Temporal_Inf_R	Cerebelum_Crus1_L	Cerebelum_Crus1_R	Cerebelum_Crus2_L	Cerebelum_Crus2_R	Cerebelum_3_L	Cerebelum_3_R	Cerebelum_4_5_L	Cerebelum_4_5_R	Cerebelum_6_L	Cerebelum_6_R	Cerebelum_7b_L	Cerebelum_7b_R	Cerebelum_8_L	Cerebelum_8_R	Cerebelum_9_L	Cerebelum_9_R	Cerebelum_10_L	Cerebelum_10_R	Vermis_1_2	Vermis_3	Vermis_4_5	Vermis_6	Vermis_7	Vermis_8	Vermis_9	Vermis_10	
387748	Precentral_L	0	6426	10186	9112	0	0	21612	232	0	0	9232	0	1444	0	0	0	8212	0	8678	12428	0	0	296	0	0	0	0	0	8854	0	1246	694	224	3678	5548	2414	6824	1816	814	270	0	0	196	0	122	0	210	0	132	0	5576	0	4110	0	2574	252	17206	102	0	0	918	0	546	0	322	0	404	0	10644	3426	4814	376	1788	144	0	0	5520	2426	2392	0	2670	0	110	0	3100	0	0	0	3086	0	358	0	110	0	0	0	0	0	0	0	0	0	0	0	0	0	0	0	0	0	0	0	0	0	0	0	
263860	Precentral_R	6426	0	1848	13628	0	0	348	5386	0	0	0	5340	0	140	0	0	96	3286	1902	11886	0	0	0	0	0	0	0	0	492	2256	0	0	0	522	4130	4236	2244	8726	794	2272	0	0	184	502	0	238	376	564	0	258	0	0	0	1876	134	4990	588	15352	0	86	0	242	0	1670	0	0	342	2662	3846	6422	118	1006	0	1398	0	0	1234	6584	134	486	0	636	0	0	0	1014	0	0	0	3030	0	0	0	0	0	0	0	0	0	0	0	0	0	0	0	0	0	0	0	0	0	0	0	0	0	0	
868648	Frontal_Sup_L	10186	1848	0	12248	7510	96	62008	158	896	0	13604	144	17306	82	7064	0	8594	0	78374	16238	0	0	38082	5884	292	262	0	0	36474	0	22886	8854	6100	9874	212	96	5266	508	502	180	0	0	0	0	0	0	172	0	0	0	0	0	0	0	312	148	10212	220	412	0	206	0	1576	0	0	0	0	0	1214	0	7778	472	18400	430	2708	118	8462	1656	1666	0	4594	0	1452	0	0	0	0	0	288	0	0	0	0	0	0	0	0	0	0	0	0	0	0	0	0	0	0	0	0	0	0	0	0	0	0	0	
757880	Frontal_Sup_R	9112	13628	12248	0	138	6938	7214	29514	0	554	2118	6256	512	11394	254	2898	974	4886	15610	76726	0	0	8812	32132	0	1016	0	0	3744	11128	5344	27270	682	19258	1440	1122	1852	5406	680	1706	0	0	0	0	0	0	206	114	0	0	0	0	0	0	126	1440	272	638	0	0	0	0	0	0	0	0	134	0	1630	978	11416	13532	910	15782	108	778	1334	5762	176	108	320	386	0	0	0	0	0	0	0	140	0	84	0	0	0	0	0	0	0	0	0	0	0	0	0	0	0	0	0	0	0	0	0	0	0	0	
123664	Frontal_Sup_Orb_L	0	0	7510	138	0	0	1162	0	9254	0	0	0	2078	0	12144	0	0	0	458	136	836	0	3608	86	2302	0	3860	0	5840	0	3152	0	0	0	0	0	0	0	0	0	0	0	0	0	0	0	0	0	0	0	0	0	0	0	0	0	0	0	0	0	0	0	0	0	0	0	0	0	0	0	1282	0	7272	0	0	0	0	0	0	0	0	0	714	0	0	0	0	0	0	0	0	0	0	0	0	0	0	0	0	0	0	0	0	0	0	0	0	0	0	0	0	0	0	0	0	0	
101604	Frontal_Sup_Orb_R	0	0	96	6938	0	0	0	1026	0	2622	0	0	0	308	0	2620	0	0	100	1696	148	856	252	5722	0	6270	0	4146	0	868	526	5406	0	496	0	0	0	0	0	0	0	0	0	0	0	0	0	0	0	0	0	0	0	0	0	0	0	0	0	0	0	0	0	0	0	0	0	0	0	0	0	5666	0	5040	0	0	0	0	0	0	0	0	0	0	0	0	0	0	0	0	0	0	0	0	0	0	0	0	0	0	0	0	0	0	0	0	0	0	0	0	0	0	0	0	0	0	
450228	Frontal_Mid_L	21612	348	62008	7214	1162	0	0	84	1558	0	7420	0	28692	0	6318	0	2774	0	13500	8074	0	0	12246	1188	0	0	0	0	24532	0	3688	1108	1808	2564	142	120	2276	214	208	0	0	0	0	0	0	0	0	0	0	0	0	0	0	0	178	0	558	0	0	0	0	0	0	0	0	0	0	0	0	0	5490	82	3138	0	0	0	1446	392	236	0	2374	0	136	0	0	0	0	0	226	0	0	0	0	0	0	0	0	0	0	0	0	0	0	0	0	0	0	0	0	0	0	0	0	0	0	0	
155796	Frontal_Mid_R	232	5386	158	29514	0	1026	84	0	0	764	0	4774	0	8482	0	2666	0	774	946	7694	0	0	980	5248	0	0	0	0	0	2500	0	1642	0	1000	0	0	0	988	0	504	0	0	0	0	0	0	0	0	0	0	0	0	0	0	0	472	0	380	0	0	0	0	0	0	0	0	0	0	0	0	0	658	0	936	0	0	0	90	0	0	0	0	0	0	0	0	0	0	0	0	0	0	0	0	0	0	0	0	0	0	0	0	0	0	0	0	0	0	0	0	0	0	0	0	0	0	
54940	Frontal_Mid_Orb_L	0	0	896	0	9254	0	1558	0	0	0	0	0	1872	0	8656	0	0	0	222	0	0	0	0	0	538	0	1924	0	1280	0	0	0	0	0	0	0	0	0	0	0	0	0	0	0	0	0	0	0	0	0	0	0	0	0	0	0	0	0	0	0	0	0	0	0	0	0	0	0	0	0	0	0	1056	0	0	0	0	0	0	0	0	0	214	0	0	0	0	0	0	0	0	0	0	0	0	0	0	0	0	0	0	0	0	0	0	0	0	0	0	0	0	0	0	0	0	0	
30480	Frontal_Mid_Orb_R	0	0	0	554	0	2622	0	764	0	0	0	156	0	576	0	6518	0	0	0	224	88	138	0	0	0	720	0	234	0	1100	0	0	0	0	0	0	0	0	0	0	0	0	0	0	0	0	0	0	0	0	0	0	0	0	0	0	0	0	0	0	0	0	0	0	0	0	0	0	0	0	82	256	0	1208	0	0	0	0	0	0	0	0	0	0	0	0	0	0	0	0	0	0	0	0	0	0	0	0	0	0	0	0	0	0	0	0	0	0	0	0	0	0	0	0	0	0	
225144	Frontal_Inf_Oper_L	9232	0	13604	2118	0	0	7420	0	0	0	0	0	9550	0	444	0	11502	0	8040	2074	0	0	3156	168	0	0	110	0	18010	0	7902	1244	0	1274	0	0	1424	194	0	0	0	0	0	0	0	0	0	0	0	0	0	0	0	0	90	0	2986	0	0	0	0	0	0	0	0	0	0	0	0	0	1580	0	2356	204	0	0	176	0	590	0	5104	0	2020	0	0	0	0	0	0	0	0	0	0	0	0	0	0	0	0	0	0	0	0	0	0	0	0	0	0	0	0	0	0	0	0	0	
104428	Frontal_Inf_Oper_R	0	5340	144	6256	0	0	0	4774	0	156	0	0	0	3556	0	0	0	3258	256	2702	0	0	156	1048	0	0	0	0	0	8260	0	774	0	250	0	0	0	2526	0	1232	0	0	0	0	0	0	0	0	0	0	0	0	0	0	0	1160	0	2552	0	0	0	0	0	0	0	0	0	0	0	0	0	176	0	5610	0	102	0	778	0	564	0	320	0	0	0	0	0	0	0	264	0	0	0	0	0	0	0	0	0	0	0	0	0	0	0	0	0	0	0	0	0	0	0	0	0	0	
221248	Frontal_Inf_Tri_L	1444	0	17306	512	2078	0	28692	0	1872	0	9550	0	0	0	13100	0	1208	0	1828	504	0	0	2394	152	0	0	0	0	21256	0	3790	240	0	214	0	0	186	0	0	0	0	0	0	0	0	0	0	0	0	0	0	0	0	0	0	0	574	0	0	0	0	0	0	0	0	0	0	0	0	0	980	0	2072	0	0	0	0	0	122	0	130	0	420	0	0	0	0	0	0	0	0	0	0	0	0	0	0	0	0	0	0	0	0	0	0	0	0	0	0	0	0	0	0	0	0	0	
94064	Frontal_Inf_Tri_R	0	140	82	11394	0	308	0	8482	0	576	0	3556	0	0	0	2070	0	88	300	3952	0	0	178	2042	0	0	0	0	0	7810	0	1262	0	2020	0	0	0	198	0	104	0	0	0	0	0	0	0	0	0	0	0	0	0	0	0	94	0	0	0	0	0	0	0	0	0	0	0	0	0	0	0	422	0	1954	0	0	0	0	0	0	0	0	0	0	0	0	0	0	0	0	0	0	0	0	0	0	0	0	0	0	0	0	0	0	0	0	0	0	0	0	0	0	0	0	0	0	
134308	Frontal_Inf_Orb_L	0	0	7064	254	12144	0	6318	0	8656	0	444	0	13100	0	0	0	156	0	900	226	588	0	122	0	0	0	1050	0	9776	0	144	0	0	100	0	0	0	0	0	0	0	0	0	0	0	0	0	0	0	0	0	0	0	0	0	0	0	0	0	0	0	0	0	0	0	0	0	0	0	0	314	0	3072	0	0	0	0	0	0	0	0	0	2726	0	0	0	0	0	0	0	0	0	0	0	0	0	0	0	0	0	0	0	0	0	0	0	0	0	0	0	0	0	0	0	0	0	
56272	Frontal_Inf_Orb_R	0	0	0	2898	0	2620	0	2666	0	6518	0	0	0	2070	0	0	0	0	0	820	112	868	0	440	0	390	0	752	0	4920	0	146	0	108	0	0	0	0	0	0	0	0	0	0	0	0	0	0	0	0	0	0	0	0	0	108	0	0	0	0	0	0	0	0	0	0	0	0	0	0	0	860	0	1622	0	0	0	0	0	0	0	0	0	218	0	0	0	0	0	0	0	0	0	0	0	0	0	0	0	0	0	0	0	0	0	0	0	0	0	0	0	0	0	0	0	0	
268780	Rolandic_Oper_L	8212	96	8594	974	0	0	2774	0	0	0	11502	0	1208	0	156	0	0	0	7680	942	0	0	224	0	0	0	0	0	24990	0	1422	412	0	522	120	90	1812	240	90	0	0	0	112	0	0	0	92	0	0	0	1062	0	1446	0	3238	0	12950	0	972	0	1128	0	2152	0	0	0	230	0	208	0	476	0	930	82	0	0	240	194	7750	0	16004	0	1428	0	5156	0	0	0	5898	0	484	0	98	0	0	0	0	0	0	0	0	0	0	0	0	0	0	0	0	0	0	0	0	0	0	0	
152716	Rolandic_Oper_R	0	3286	0	4886	0	0	0	774	0	0	0	3258	0	88	0	0	0	0	108	5584	0	0	0	0	0	0	0	0	0	21464	0	0	0	116	0	150	0	1732	0	570	0	0	0	148	0	0	0	122	0	0	0	0	0	178	0	1438	0	5358	0	118	0	224	0	3236	0	228	0	688	80	462	0	186	0	4074	0	290	0	1096	0	2228	0	4194	0	348	0	2908	0	0	0	6738	0	0	0	0	0	0	0	0	0	0	0	0	0	0	0	0	0	0	0	0	0	0	0	0	0	0	
695596	Supp_Motor_Area_L	8678	1902	78374	15610	458	100	13500	946	222	0	8040	256	1828	300	900	0	7680	108	0	38798	0	0	9172	2324	0	0	0	0	20960	324	13646	9096	11488	22480	370	620	4668	154	258	0	0	0	0	0	0	0	0	0	0	0	0	0	0	0	246	0	9394	338	418	0	326	0	1680	0	0	0	136	228	17024	290	8148	1842	12550	560	4502	140	8732	1680	1332	0	3334	0	1380	0	0	0	0	0	258	0	0	0	0	0	0	0	0	0	0	0	0	0	0	0	0	0	0	0	0	0	0	0	0	0	0	0	
776116	Supp_Motor_Area_R	12428	11886	16238	76726	136	1696	8074	7694	0	224	2074	2702	504	3952	226	820	942	5584	38798	0	0	0	2902	11228	0	250	0	0	3496	7116	3030	16866	4172	41156	4378	8332	500	3808	232	1784	0	0	0	448	0	220	0	322	0	104	0	0	0	312	0	2420	90	2194	0	0	0	0	0	106	0	0	188	2592	10512	14202	13396	14824	1600	10232	582	2060	1212	8734	86	114	314	424	0	0	0	0	0	0	0	702	0	0	0	0	0	0	0	0	0	0	0	0	0	0	0	0	0	0	0	0	114	0	0	0	0	0	
45500	Olfactory_L	0	0	0	0	836	148	0	0	0	88	0	0	0	0	588	112	0	0	0	0	0	3440	0	0	0	0	2042	908	1988	0	2422	1532	0	0	0	0	90	0	0	0	296	0	0	0	0	0	0	0	0	0	0	0	0	0	0	0	0	0	0	0	0	0	0	0	0	0	0	0	0	0	4672	2220	1238	130	0	0	0	0	0	0	0	0	0	0	0	0	0	0	0	0	0	0	0	0	0	0	0	0	0	0	0	0	0	0	0	0	0	0	0	0	0	0	0	0	0	0	
47080	Olfactory_R	0	0	0	0	0	856	0	0	0	138	0	0	0	0	0	868	0	0	0	0	3440	0	0	0	0	738	1448	2694	0	1418	1534	1558	0	0	0	0	0	0	0	0	0	188	0	0	0	0	0	0	0	0	0	0	0	0	0	0	0	0	0	0	0	0	0	0	0	0	0	0	0	0	4144	3238	852	426	0	0	0	0	0	0	0	0	0	0	0	0	0	0	0	0	0	0	0	0	0	0	0	0	0	0	0	0	0	0	0	0	0	0	0	0	0	0	0	0	0	0	
338400	Frontal_Sup_Medial_L	296	0	38082	8812	3608	252	12246	980	0	0	3156	156	2394	178	122	0	224	0	9172	2902	0	0	0	21210	1146	766	86	0	3654	0	24414	15320	4668	10454	0	0	132	0	0	0	0	0	0	0	0	0	0	0	0	0	0	0	0	0	0	0	0	0	0	0	0	0	0	0	0	0	0	0	0	0	2578	0	2102	0	0	0	0	0	0	0	90	0	0	0	0	0	0	0	0	0	0	0	0	0	0	0	0	0	0	0	0	0	0	0	0	0	0	0	0	0	0	0	0	0	0	0	
317196	Frontal_Sup_Medial_R	0	0	5884	32132	86	5722	1188	5248	0	0	168	1048	152	2042	0	440	0	0	2324	11228	0	0	21210	0	0	3218	0	0	88	2344	5220	27758	290	13954	0	0	0	272	0	88	0	0	0	0	0	0	0	0	0	0	0	0	0	0	0	0	0	0	0	0	0	0	0	0	0	0	0	0	0	0	128	7366	0	9000	0	0	0	0	0	0	0	0	0	0	0	0	0	0	0	0	0	0	0	0	0	0	0	0	0	0	0	0	0	0	0	0	0	0	0	0	0	0	0	0	0	0	
16444	Frontal_Med_Orb_L	0	0	292	0	2302	0	0	0	538	0	0	0	0	0	0	0	0	0	0	0	0	0	1146	0	0	386	1248	0	0	0	1778	184	0	0	0	0	0	0	0	0	0	0	0	0	0	0	0	0	0	0	0	0	0	0	0	0	0	0	0	0	0	0	0	0	0	0	0	0	0	0	238	0	110	0	0	0	0	0	0	0	0	0	0	0	0	0	0	0	0	0	0	0	0	0	0	0	0	0	0	0	0	0	0	0	0	0	0	0	0	0	0	0	0	0	0	0	
56280	Frontal_Med_Orb_R	0	0	262	1016	0	6270	0	0	0	720	0	0	0	0	0	390	0	0	0	250	0	738	766	3218	386	0	322	4306	0	0	1430	4700	0	80	0	0	0	0	0	0	0	0	0	0	0	0	0	0	0	0	0	0	0	0	0	0	0	0	0	0	0	0	0	0	0	0	0	0	0	0	0	2470	0	816	0	0	0	0	0	0	0	0	0	0	0	0	0	0	0	0	0	0	0	0	0	0	0	0	0	0	0	0	0	0	0	0	0	0	0	0	0	0	0	0	0	0	
37536	Rectus_L	0	0	0	0	3860	0	0	0	1924	0	110	0	0	0	1050	0	0	0	0	0	2042	1448	86	0	1248	322	0	616	480	0	2114	656	0	0	0	0	0	0	0	0	0	0	0	0	0	0	0	0	0	0	0	0	0	0	0	0	0	0	0	0	0	0	0	0	0	0	0	0	0	0	1468	480	864	0	0	0	0	0	0	0	0	0	0	0	0	0	0	0	0	0	0	0	0	0	0	0	0	0	0	0	0	0	0	0	0	0	0	0	0	0	0	0	0	0	0	0	
34312	Rectus_R	0	0	0	0	0	4146	0	0	0	234	0	0	0	0	0	752	0	0	0	0	908	2694	0	0	0	4306	616	0	0	582	328	848	0	0	0	0	0	0	0	0	0	0	0	0	0	0	0	0	0	0	0	0	0	0	0	0	0	0	0	0	0	0	0	0	0	0	0	0	0	0	656	804	0	282	0	0	0	0	0	0	0	0	0	0	0	0	0	0	0	0	0	0	0	0	0	0	0	0	0	0	0	0	0	0	0	0	0	0	0	0	0	0	0	0	0	0	
614712	Insula_L	8854	492	36474	3744	5840	0	24532	0	1280	0	18010	0	21256	0	9776	0	24990	0	20960	3496	1988	0	3654	88	0	0	480	0	0	0	7354	634	0	1264	460	356	14614	824	1384	0	316	0	80	0	0	0	0	0	0	0	532	0	1078	0	7000	0	9574	0	382	0	302	0	750	0	0	0	0	0	0	0	6810	302	19810	80	474	0	4322	1212	7028	0	15220	0	4966	0	3700	0	146	0	9056	0	1032	0	256	0	0	0	0	0	124	0	0	0	0	0	0	0	0	0	0	0	0	0	0	0	0	0	
286044	Insula_R	0	2256	0	11128	0	868	0	2500	0	1100	0	8260	0	7810	0	4920	0	21464	324	7116	0	1418	0	2344	0	0	0	582	0	0	0	1024	0	1164	0	232	0	7840	0	2662	0	310	0	214	0	0	0	168	0	0	0	0	0	216	0	6560	0	2244	0	0	0	174	0	1242	0	200	0	812	0	652	0	1336	0	17110	0	90	0	1364	0	2260	0	6486	0	374	0	4454	0	0	0	11744	0	0	0	0	0	0	0	0	0	0	0	0	0	0	0	0	0	0	0	0	0	0	0	0	0	0	
325864	Cingulum_Ant_L	1246	0	22886	5344	3152	526	3688	0	0	0	7902	0	3790	0	144	0	1422	0	13646	3030	2422	1534	24414	5220	1778	1430	2114	328	7354	0	0	15986	8260	4534	0	0	378	158	0	0	0	0	0	0	0	0	0	0	0	0	0	0	0	0	0	0	0	0	0	0	0	0	0	0	0	0	0	0	0	0	11398	1822	6212	396	104	0	0	0	0	0	314	0	0	0	0	0	0	0	0	0	0	0	0	0	0	0	0	0	0	0	0	0	0	0	0	0	0	0	0	0	0	0	0	0	0	0	
395912	Cingulum_Ant_R	694	0	8854	27270	0	5406	1108	1642	0	0	1244	774	240	1262	0	146	412	0	9096	16866	1532	1558	15320	27758	184	4700	656	848	634	1024	15986	0	1470	19746	0	0	0	692	0	266	0	0	0	0	0	0	0	0	0	0	0	0	0	0	0	244	0	0	0	0	0	0	0	0	0	0	0	0	0	0	2796	16460	696	10372	0	0	0	0	0	0	0	0	0	0	0	0	0	0	0	0	0	0	0	0	0	0	0	0	0	0	0	0	0	0	0	0	0	0	0	0	0	0	0	0	0	0	
143460	Cingulum_Mid_L	224	0	6100	682	0	0	1808	0	0	0	0	0	0	0	0	0	0	0	11488	4172	0	0	4668	290	0	0	0	0	0	0	8260	1470	0	10094	2312	894	0	0	0	0	0	0	2858	0	2190	94	362	0	1204	0	958	0	260	0	304	0	0	0	146	0	0	0	0	0	0	0	5874	832	3752	154	134	0	0	0	0	0	0	0	0	0	0	0	0	0	146	0	0	0	0	0	0	0	0	0	0	0	0	0	0	0	0	0	0	0	0	0	0	0	0	0	0	0	0	0	0	0	
433316	Cingulum_Mid_R	3678	522	9874	19258	0	496	2564	1000	0	0	1274	250	214	2020	100	108	522	116	22480	41156	0	0	10454	13954	0	80	0	0	1264	1164	4534	19746	10094	0	2712	9578	0	102	0	0	0	0	124	2776	92	2068	0	1100	0	1180	0	388	0	814	0	272	0	1528	0	172	0	162	0	182	0	178	526	8900	4168	8038	1746	1040	170	516	82	0	0	120	0	0	0	0	0	0	0	454	0	0	0	394	0	0	0	0	0	0	0	0	0	0	0	0	0	0	0	0	0	0	0	0	154	0	0	0	0	0	
171616	Cingulum_Post_L	5548	4130	212	1440	0	0	142	0	0	0	0	0	0	0	0	0	120	0	370	4378	0	0	0	0	0	0	0	0	460	0	0	0	2312	2712	0	10830	7296	4052	3400	1018	0	0	5414	248	2064	154	4800	0	1042	0	292	0	140	0	716	858	562	0	0	0	218	0	114	0	96	0	7308	1068	4332	3152	0	112	0	0	0	0	466	3400	228	0	0	0	0	0	98	0	0	0	394	0	0	0	0	0	0	0	0	0	0	0	0	0	0	0	0	0	0	0	0	0	112	0	0	0	0	0	
207084	Cingulum_Post_R	2414	4236	96	1122	0	0	120	0	0	0	0	0	0	0	0	0	90	150	620	8332	0	0	0	0	0	0	0	0	356	232	0	0	894	9578	10830	0	3050	7374	814	3206	0	0	960	5330	662	2214	438	5842	0	88	0	0	0	550	136	4072	386	124	0	126	0	128	0	136	0	0	1648	11752	1112	6266	0	0	0	0	0	0	276	3526	166	0	0	0	0	0	0	106	0	0	0	1206	0	0	0	0	0	0	0	244	0	0	0	0	0	0	0	0	0	0	0	0	2534	0	0	0	0	0	
340032	Hippocampus_L	6824	2244	5266	1852	0	0	2276	0	0	0	1424	0	186	0	0	0	1812	0	4668	500	90	0	132	0	0	0	0	0	14614	0	378	0	0	0	7296	3050	0	3850	18860	610	5514	0	3872	0	818	0	7190	0	294	0	0	0	0	0	18162	484	3806	0	0	0	0	0	0	0	0	0	5194	0	194	0	3528	382	9096	0	1698	0	9600	4668	1710	0	1888	0	464	0	220	0	110	0	10198	0	1966	0	486	0	0	0	882	0	1530	0	130	0	0	0	0	0	0	0	0	0	0	0	0	0	0	0	
409000	Hippocampus_R	1816	8726	508	5406	0	0	214	988	0	0	194	2526	0	198	0	0	240	1732	154	3808	0	0	0	272	0	0	0	0	824	7840	158	692	0	102	4052	7374	3850	0	1296	35594	0	9526	506	1908	178	558	680	6110	0	0	0	0	0	310	268	41472	638	824	0	0	0	0	0	0	0	0	884	5714	0	734	120	164	106	15112	0	616	1422	9668	336	260	0	780	0	2248	0	274	0	1796	120	9500	0	770	0	0	90	0	0	854	0	0	0	0	0	0	0	0	0	0	0	0	1390	0	0	0	0	0	
152352	ParaHippocampal_L	814	794	502	680	0	0	208	0	0	0	0	0	0	0	0	0	90	0	258	232	0	0	0	0	0	0	0	0	1384	0	0	0	0	0	3400	814	18860	1296	0	274	1402	0	2716	0	684	0	7340	140	236	0	0	0	0	0	14080	166	374	0	0	0	0	0	0	0	0	0	3384	0	134	0	96	0	1214	0	108	0	1658	1314	0	0	572	0	92	0	0	0	0	0	2628	0	2146	0	480	0	326	82	1966	0	2758	0	152	0	194	0	0	0	0	0	0	128	0	0	0	0	0	0	
264984	ParaHippocampal_R	270	2272	180	1706	0	0	0	504	0	0	0	1232	0	104	0	0	0	570	0	1784	0	0	0	88	0	0	0	0	0	2662	0	266	0	0	1018	3206	610	35594	274	0	0	7730	154	1102	0	140	190	7128	0	0	0	0	0	0	0	30834	104	340	0	0	0	0	0	0	0	0	320	4666	0	206	0	100	0	9110	0	448	98	4420	0	0	0	172	0	4056	0	0	0	2682	0	1614	0	864	0	0	104	194	0	2100	0	130	0	0	0	0	0	0	0	0	0	0	1146	0	0	0	0	0	
23992	Amygdala_L	0	0	0	0	0	0	0	0	0	0	0	0	0	0	0	0	0	0	0	0	296	0	0	0	0	0	0	0	316	0	0	0	0	0	0	0	5514	0	1402	0	0	0	0	0	0	0	0	0	0	0	0	0	0	0	2758	0	0	0	0	0	0	0	0	0	0	0	0	0	0	0	0	0	564	0	0	0	0	0	0	0	0	0	0	0	0	0	0	0	1146	0	0	0	0	0	0	0	0	0	0	0	0	0	0	0	0	0	0	0	0	0	0	0	0	0	0	0	
66704	Amygdala_R	0	0	0	0	0	0	0	0	0	0	0	0	0	0	0	0	0	0	0	0	0	188	0	0	0	0	0	0	0	310	0	0	0	0	0	0	0	9526	0	7730	0	0	0	0	0	0	0	110	0	0	0	0	0	0	0	7704	0	0	0	0	0	0	0	0	0	0	0	0	0	0	0	0	0	1022	0	0	0	0	0	0	0	0	0	3496	0	0	0	2188	0	1078	0	0	0	0	0	0	0	0	0	0	0	0	0	0	0	0	0	0	0	0	0	0	0	0	0	0	
328396	Calcarine_L	196	184	0	0	0	0	0	0	0	0	0	0	0	0	0	0	112	0	0	0	0	0	0	0	0	0	0	0	80	0	0	0	2858	124	5414	960	3872	506	2716	154	0	0	0	6408	21000	3772	21520	2774	18694	1616	17428	146	9270	152	11530	394	156	0	0	0	424	0	146	0	372	0	22648	1074	566	102	0	0	0	0	0	0	0	338	0	0	106	0	0	0	1000	0	0	0	1264	0	1066	190	122	0	0	164	516	546	602	318	0	0	0	0	0	0	0	0	0	0	598	0	0	0	0	0	
411488	Calcarine_R	0	502	0	0	0	0	0	0	0	0	0	0	0	0	0	0	0	148	0	448	0	0	0	0	0	0	0	0	0	214	0	0	0	2776	248	5330	0	1908	0	1102	0	0	6408	0	6298	35814	734	33146	0	27326	0	10248	0	14934	0	18786	0	198	0	2258	0	106	0	130	0	554	1606	24062	0	842	0	0	0	0	0	0	0	0	0	0	0	0	0	0	0	3964	0	0	0	3848	0	0	0	0	0	0	0	154	106	306	0	0	0	0	0	0	0	0	0	0	694	546	0	0	0	0	
188224	Cuneus_L	122	0	0	0	0	0	0	0	0	0	0	0	0	0	0	0	0	0	0	0	0	0	0	0	0	0	0	0	0	0	0	0	2190	92	2064	662	818	178	684	0	0	0	21000	6298	0	7378	3222	1824	21526	1876	4622	106	320	0	410	234	0	0	1272	0	126	0	0	0	0	0	15070	1206	380	0	0	0	0	0	0	0	0	0	0	0	0	0	0	0	0	0	0	0	0	108	0	0	0	0	0	0	0	0	0	0	0	0	0	0	0	0	0	0	0	0	324	0	0	0	0	0	
328832	Cuneus_R	0	238	0	0	0	0	0	0	0	0	0	0	0	0	0	0	0	0	0	220	0	0	0	0	0	0	0	0	0	0	0	0	94	2068	154	2214	0	558	0	140	0	0	3772	35814	7378	0	100	13538	0	38782	0	9728	0	4784	0	5342	0	226	0	6280	0	0	0	0	0	556	4262	24148	0	340	0	0	0	0	0	0	0	0	0	0	0	0	0	0	0	1834	0	0	0	1058	0	0	0	0	0	0	0	0	0	0	0	0	0	0	0	0	0	0	0	0	692	96	0	0	0	0	
391780	Lingual_L	210	376	172	206	0	0	0	0	0	0	0	0	0	0	0	0	92	0	0	0	0	0	0	0	0	0	0	0	0	0	0	0	362	0	4800	438	7190	680	7340	190	0	0	21520	734	3222	100	0	2508	8552	86	12624	0	7518	468	23660	1490	166	0	0	0	356	0	82	0	284	0	15062	96	516	0	0	0	0	0	0	0	260	698	0	0	80	0	0	0	746	0	0	0	1218	0	12670	1654	2128	238	146	496	13278	992	17668	3338	1022	0	1684	534	332	406	0	0	210	502	6556	5332	1338	506	448	310	
466300	Lingual_R	0	564	0	114	0	0	0	0	0	0	0	0	0	0	0	0	0	122	0	322	0	0	0	0	0	0	0	0	0	168	0	0	0	1100	0	5842	0	6110	140	7128	0	110	2774	33146	1824	13538	2508	0	0	10468	0	3718	0	8966	590	29328	0	174	0	524	0	0	0	0	0	112	180	15496	0	636	0	0	0	128	0	0	0	458	0	0	0	0	0	0	0	1100	0	0	0	1816	4882	9706	1088	710	296	200	3010	11242	6550	17542	392	106	564	530	686	114	222	0	126	310	7604	14514	3202	180	170	0	
219508	Occipital_Sup_L	132	0	0	0	0	0	0	0	0	0	0	0	0	0	0	0	0	0	0	0	0	0	0	0	0	0	0	0	0	0	0	0	1204	0	1042	0	294	0	236	0	0	0	18694	0	21526	0	8552	0	0	0	26450	0	3088	0	3058	0	368	0	4766	0	3800	0	662	0	1332	0	12454	92	1566	0	0	0	0	0	0	0	0	0	0	0	0	0	0	0	438	0	0	0	0	0	0	0	0	0	0	0	0	0	0	0	0	0	0	0	0	0	0	0	0	0	0	0	0	0	0	0	
299428	Occipital_Sup_R	0	258	0	0	0	0	0	0	0	0	0	0	0	0	0	0	0	0	0	104	0	0	0	0	0	0	0	0	0	0	0	0	0	1180	0	88	0	0	0	0	0	0	1616	27326	1876	38782	86	10468	0	0	0	18356	0	6472	0	6758	0	142	0	7834	0	814	0	1248	0	3906	1790	15842	0	144	0	0	0	0	0	0	0	0	0	0	0	120	0	0	0	3938	0	0	0	332	0	0	0	0	0	0	0	0	0	100	0	0	0	0	0	0	0	0	0	0	0	134	0	0	0	0	
436228	Occipital_Mid_L	5576	0	0	0	0	0	0	0	0	0	0	0	0	0	0	0	1062	0	0	0	0	0	0	0	0	0	0	0	532	0	0	0	958	0	292	0	0	0	0	0	0	0	17428	0	4622	0	12624	0	26450	0	0	0	35400	0	14168	0	3778	0	6268	0	21420	0	7490	0	19078	0	9744	0	4324	0	0	0	0	0	0	0	0	0	0	0	902	0	0	0	21976	0	0	0	4022	0	0	0	0	0	0	0	0	0	0	0	0	0	0	0	0	0	0	0	0	0	0	0	0	0	0	0	
211000	Occipital_Mid_R	0	0	0	0	0	0	0	0	0	0	0	0	0	0	0	0	0	0	0	0	0	0	0	0	0	0	0	0	0	0	0	0	0	388	0	0	0	0	0	0	0	0	146	10248	106	9728	0	3718	0	18356	0	0	0	6568	0	3322	0	282	0	5598	0	5690	0	3024	0	14318	0	4520	0	100	0	0	0	0	0	0	0	0	0	0	0	348	0	0	0	15734	0	0	0	3224	0	0	0	0	0	0	0	0	0	0	0	0	0	0	0	0	0	0	0	0	0	82	0	0	0	0	
231164	Occipital_Inf_L	4110	0	0	0	0	0	0	0	0	0	0	0	0	0	0	0	1446	0	0	0	0	0	0	0	0	0	0	0	1078	0	0	0	260	0	140	0	0	0	0	0	0	0	9270	0	320	0	7518	0	3088	0	35400	0	0	0	18160	0	2314	0	0	0	1444	0	1914	0	1784	0	4544	0	1662	0	0	0	0	0	0	0	0	0	0	0	1280	0	0	0	13962	0	0	0	5694	0	194	0	0	0	0	0	0	0	0	0	0	0	0	0	0	0	0	0	0	0	0	0	0	0	0	0	
186208	Occipital_Inf_R	0	1876	0	0	0	0	0	0	0	0	0	0	0	0	0	0	0	178	0	312	0	0	0	0	0	0	0	0	0	216	0	0	0	814	0	550	0	310	0	0	0	0	152	14934	0	4784	468	8966	0	6472	0	6568	0	0	0	17204	0	140	0	1912	0	0	0	0	0	526	0	7162	0	442	0	0	0	0	0	0	0	0	0	0	0	0	0	0	0	5894	0	0	0	7216	310	116	130	82	0	0	0	318	576	1956	0	0	0	0	0	0	0	0	0	0	462	1574	484	0	0	0	
561544	Fusiform_L	2574	134	312	126	0	0	178	0	0	0	90	0	0	0	0	0	3238	0	246	0	0	0	0	0	0	0	0	0	7000	0	0	0	304	0	716	136	18162	268	14080	0	2758	0	11530	0	410	0	23660	590	3058	0	14168	0	18160	0	0	136	2176	0	82	0	460	0	716	0	134	0	5884	0	522	0	0	0	2568	0	0	0	610	332	1400	0	6286	0	3104	0	5738	0	2896	0	29316	0	29544	4098	4148	1100	164	108	9644	570	28824	3652	1380	0	1640	344	570	166	94	0	0	144	2332	2350	4422	484	366	370	
623128	Fusiform_R	252	4990	148	1440	0	0	0	472	0	0	0	1160	0	94	0	108	0	1438	0	2420	0	0	0	0	0	0	0	0	0	6560	0	244	0	272	858	4072	484	41472	166	30834	0	7704	394	18786	234	5342	1490	29328	0	6758	0	3322	0	17204	136	0	94	428	0	1938	0	0	0	90	0	482	298	9888	0	748	0	0	0	8058	0	270	94	4212	0	218	0	2682	0	6512	0	3920	0	4110	0	21078	828	14486	252	466	0	1396	278	9614	1462	20170	0	0	0	368	104	0	0	0	0	0	3138	4642	1058	0	0	0	
323472	Postcentral_L	17206	588	10212	272	0	0	558	0	0	0	2986	0	574	0	0	0	12950	0	9394	90	0	0	0	0	0	0	0	0	9574	0	0	0	0	0	562	386	3806	638	374	104	0	0	156	0	0	0	166	0	368	0	3778	0	2314	0	2176	94	0	0	8506	0	19696	0	14664	0	2136	0	5086	0	4696	0	0	0	2038	0	330	0	794	604	5960	0	6906	0	0	0	3592	0	0	0	6412	0	708	0	194	0	0	0	0	0	88	0	0	0	0	0	0	0	0	0	0	0	0	0	0	0	0	0	
161496	Postcentral_R	102	15352	220	638	0	0	0	380	0	0	0	2552	0	0	0	0	0	5358	338	2194	0	0	0	0	0	0	0	0	0	2244	0	0	0	1528	0	124	0	824	0	340	0	0	0	198	0	226	0	174	0	142	0	282	0	140	0	428	0	0	0	6298	0	6090	0	12298	0	1460	0	3314	384	9964	0	124	0	1958	0	0	108	1316	0	546	0	1442	0	0	0	562	0	0	0	1100	0	0	0	0	0	0	0	0	0	0	0	0	0	0	0	0	0	0	0	0	0	0	0	0	0	0	
93128	Parietal_Sup_L	0	0	412	0	0	0	0	0	0	0	0	0	0	0	0	0	972	0	418	0	0	0	0	0	0	0	0	0	382	0	0	0	146	0	0	0	0	0	0	0	0	0	0	0	1272	0	0	0	4766	0	6268	0	0	0	82	0	8506	0	0	0	9092	0	2026	0	1738	0	7874	94	988	0	0	0	0	0	0	0	0	0	0	0	1036	0	0	0	214	0	0	0	278	0	0	0	0	0	0	0	0	0	0	0	0	0	0	0	0	0	0	0	0	0	0	0	0	0	0	0	
190252	Parietal_Sup_R	0	86	0	0	0	0	0	0	0	0	0	0	0	0	0	0	0	118	0	0	0	0	0	0	0	0	0	0	0	0	0	0	0	172	0	126	0	0	0	0	0	0	0	2258	0	6280	0	524	0	7834	0	5598	0	1912	0	1938	0	6298	0	0	0	18742	0	15718	0	12696	478	11068	0	956	0	0	0	0	0	0	0	0	0	0	0	320	0	0	0	1350	0	0	0	654	0	0	0	0	0	0	0	0	0	0	0	0	0	0	0	0	0	0	0	0	0	0	0	0	0	0	
240212	Parietal_Inf_L	918	0	206	0	0	0	0	0	0	0	0	0	0	0	0	0	1128	0	326	0	0	0	0	0	0	0	0	0	302	0	0	0	0	0	218	0	0	0	0	0	0	0	424	0	126	0	356	0	3800	0	21420	0	1444	0	460	0	19696	0	9092	0	0	0	23094	0	20768	0	4510	0	3004	0	0	0	0	0	0	0	0	0	0	0	1274	0	0	0	5610	0	0	0	1930	0	0	0	0	0	0	0	0	0	0	0	0	0	0	0	0	0	0	0	0	0	0	0	0	0	0	0	
152852	Parietal_Inf_R	0	242	0	0	0	0	0	0	0	0	0	0	0	0	0	0	0	224	0	0	0	0	0	0	0	0	0	0	0	174	0	0	0	162	0	128	0	0	0	0	0	0	0	106	0	0	0	0	0	814	0	5690	0	0	0	0	0	6090	0	18742	0	0	0	20586	0	16548	0	3144	0	1014	0	0	0	0	0	0	0	0	0	0	0	362	0	0	0	1402	0	0	0	998	0	0	0	0	0	0	0	0	0	0	0	0	0	0	0	0	0	0	0	0	0	0	0	0	0	0	
182304	SupraMarginal_L	546	0	1576	0	0	0	0	0	0	0	0	0	0	0	0	0	2152	0	1680	0	0	0	0	0	0	0	0	0	750	0	0	0	0	0	114	0	0	0	0	0	0	0	146	0	0	0	82	0	662	0	7490	0	1914	0	716	0	14664	0	2026	0	23094	0	0	0	9812	0	952	0	1074	0	0	0	0	0	0	0	0	0	90	0	5124	0	0	0	12572	0	0	0	3916	0	0	0	0	0	0	0	0	0	0	0	0	0	0	0	0	0	0	0	0	0	0	0	0	0	0	0	
216568	SupraMarginal_R	0	1670	0	0	0	0	0	0	0	0	0	0	0	0	0	0	0	3236	0	106	0	0	0	0	0	0	0	0	0	1242	0	0	0	182	0	136	0	0	0	0	0	0	0	130	0	0	0	0	0	1248	0	3024	0	0	0	90	0	12298	0	15718	0	20586	0	0	0	15412	0	4736	0	1250	0	0	0	0	0	0	0	0	0	506	0	10818	0	0	0	10674	0	0	0	5222	0	0	0	0	0	0	0	0	0	0	0	0	0	0	0	0	0	0	0	0	0	0	0	0	0	0	
131644	Angular_L	322	0	0	0	0	0	0	0	0	0	0	0	0	0	0	0	0	0	0	0	0	0	0	0	0	0	0	0	0	0	0	0	0	0	96	0	0	0	0	0	0	0	372	0	0	0	284	0	1332	0	19078	0	1784	0	134	0	2136	0	1738	0	20768	0	9812	0	0	0	1256	0	1312	0	0	0	0	0	0	0	0	0	0	0	286	0	0	0	4790	0	0	0	322	0	0	0	0	0	0	0	0	0	0	0	0	0	0	0	0	0	0	0	0	0	0	0	0	0	0	0	
162268	Angular_R	0	0	0	0	0	0	0	0	0	0	0	0	0	0	0	0	0	228	0	0	0	0	0	0	0	0	0	0	0	200	0	0	0	178	0	0	0	0	0	0	0	0	0	554	0	556	0	112	0	3906	0	14318	0	526	0	482	0	1460	0	12696	0	16548	0	15412	0	0	0	2358	0	288	0	0	0	0	0	0	0	0	0	0	0	2828	0	0	0	7108	0	0	0	1376	0	0	0	0	0	0	0	0	0	0	0	0	0	0	0	0	0	0	0	0	0	0	0	0	0	0	
316784	Precuneus_L	404	342	0	134	0	0	0	0	0	0	0	0	0	0	0	0	230	0	136	188	0	0	0	0	0	0	0	0	0	0	0	0	5874	526	7308	1648	5194	884	3384	320	0	0	22648	1606	15070	4262	15062	180	12454	1790	9744	0	4544	0	5884	298	5086	0	7874	478	4510	0	952	0	1256	0	0	6532	6528	106	0	0	0	0	0	0	0	446	0	0	428	0	0	0	1102	0	0	0	1718	0	734	0	0	0	0	0	130	0	398	0	0	0	0	0	0	0	0	0	0	0	0	0	0	0	0	0	
390864	Precuneus_R	0	2662	0	0	0	0	0	0	0	0	0	0	0	0	0	0	0	688	228	2592	0	0	0	0	0	0	0	0	0	812	0	0	832	8900	1068	11752	0	5714	0	4666	0	0	1074	24062	1206	24148	96	15496	92	15842	0	4520	0	7162	0	9888	0	3314	94	11068	0	3144	0	4736	0	2358	6532	0	196	3814	0	0	0	160	0	0	0	938	0	116	0	908	0	0	0	5962	0	0	0	4598	0	132	0	0	0	0	0	1026	0	156	0	0	0	0	0	0	0	0	0	0	2680	0	0	0	0	0	
204012	Paracentral_Lobule_L	10644	3846	1214	1630	0	0	0	0	0	0	0	0	0	0	0	0	208	80	17024	10512	0	0	0	0	0	0	0	0	0	0	0	0	3752	4168	4332	1112	194	0	134	0	0	0	566	0	380	0	516	0	1566	0	4324	0	1662	0	522	0	4696	384	988	0	3004	0	1074	0	1312	0	6528	196	0	3292	904	832	0	204	0	140	5522	1372	0	0	460	0	0	0	1864	0	0	0	848	0	0	0	0	0	0	0	0	0	0	0	0	0	0	0	0	0	0	0	0	0	0	0	0	0	0	0	
144204	Paracentral_Lobule_R	3426	6422	0	978	0	0	0	0	0	0	0	0	0	0	0	0	0	462	290	14202	0	0	0	0	0	0	0	0	0	652	0	0	154	8038	3152	6266	0	734	0	206	0	0	102	842	0	340	0	636	0	144	0	100	0	442	0	748	0	9964	0	956	0	1014	0	1250	0	288	106	3814	3292	0	0	0	0	638	0	0	0	760	0	0	0	302	0	0	0	314	0	0	0	934	0	0	0	0	0	0	0	0	0	0	0	0	0	0	0	0	0	0	0	0	134	0	0	0	0	0	
266532	Caudate_L	4814	118	7778	11416	1282	0	5490	0	0	82	1580	0	980	0	314	0	476	0	8148	13396	4672	4144	2578	128	238	0	1468	656	6810	0	11398	2796	134	1746	0	0	3528	120	96	0	0	0	0	0	0	0	0	0	0	0	0	0	0	0	0	0	0	0	0	0	0	0	0	0	0	0	0	0	904	0	0	9812	9902	884	2404	114	9664	2864	0	0	332	0	0	0	0	0	0	0	0	0	0	0	0	0	0	0	0	0	0	0	0	0	0	0	0	0	0	0	0	0	0	0	0	0	0	0	
243256	Caudate_R	376	1006	472	13532	0	5666	82	658	0	256	0	176	0	422	0	860	0	186	1842	14824	2220	3238	0	7366	0	2470	480	804	302	1336	1822	16460	0	1040	112	0	382	164	0	100	0	0	0	0	0	0	0	0	0	0	0	0	0	0	0	0	0	124	0	0	0	0	0	0	0	0	0	0	832	0	9812	0	1236	14798	0	948	2092	13132	0	0	0	0	0	0	0	0	0	0	0	0	0	0	0	0	0	0	0	0	0	0	0	0	0	0	0	0	0	0	0	0	0	0	0	0	0	0	
253060	Putamen_L	1788	0	18400	910	7272	0	3138	0	1056	0	2356	0	2072	0	3072	0	930	0	12550	1600	1238	852	2102	0	110	0	864	0	19810	0	6212	696	0	170	0	0	9096	106	1214	0	564	0	0	0	0	0	0	0	0	0	0	0	0	0	2568	0	2038	0	0	0	0	0	0	0	0	0	0	0	0	0	9902	1236	0	184	5002	0	2730	252	0	0	1100	0	1518	0	0	0	0	0	1822	0	0	0	0	0	0	0	0	0	0	0	0	0	0	0	0	0	0	0	0	0	0	0	0	0	0	0	
295852	Putamen_R	144	1398	430	15782	0	5040	0	936	0	1208	204	5610	0	1954	0	1622	82	4074	560	10232	130	426	0	9000	0	816	0	282	80	17110	396	10372	0	516	0	0	0	15112	0	9110	0	1022	0	0	0	0	0	128	0	0	0	0	0	0	0	8058	0	1958	0	0	0	0	0	0	0	0	0	160	204	638	884	14798	184	0	0	1730	0	3114	0	198	0	172	0	464	0	0	0	184	0	1192	0	212	0	0	0	0	0	0	0	0	0	0	0	0	0	0	0	0	0	0	0	0	0	0	0	0	
39244	Pallidum_L	0	0	2708	108	0	0	0	0	0	0	0	0	0	0	0	0	0	0	4502	582	0	0	0	0	0	0	0	0	474	0	104	0	0	82	0	0	1698	0	108	0	0	0	0	0	0	0	0	0	0	0	0	0	0	0	0	0	330	0	0	0	0	0	0	0	0	0	0	0	0	0	2404	0	5002	0	0	0	1520	0	0	0	0	0	0	0	0	0	0	0	0	0	0	0	0	0	0	0	0	0	0	0	0	0	0	0	0	0	0	0	0	0	0	0	0	0	0	0	
16036	Pallidum_R	0	0	118	778	0	0	0	0	0	0	0	102	0	0	0	0	0	290	140	2060	0	0	0	0	0	0	0	0	0	90	0	0	0	0	0	0	0	616	0	448	0	0	0	0	0	0	0	0	0	0	0	0	0	0	0	270	0	0	0	0	0	0	0	0	0	0	0	0	140	0	114	948	0	1730	0	0	0	174	0	0	0	0	0	0	0	0	0	0	0	0	0	0	0	0	0	0	0	0	0	0	0	0	0	0	0	0	0	0	0	0	0	0	0	0	0	0	
156028	Thalamus_L	5520	1234	8462	1334	0	0	1446	0	0	0	176	0	0	0	0	0	240	0	8732	1212	0	0	0	0	0	0	0	0	4322	0	0	0	0	0	466	276	9600	1422	1658	98	0	0	0	0	0	0	260	0	0	0	0	0	0	0	610	94	794	108	0	0	0	0	0	0	0	0	0	0	5522	0	9664	2092	2730	0	1520	0	0	7228	424	0	90	0	0	0	0	0	0	0	680	0	0	0	0	0	0	0	0	0	0	0	0	0	0	0	0	0	0	0	0	0	0	0	0	0	0	0	
199012	Thalamus_R	2426	6584	1656	5762	0	0	392	90	0	0	0	778	0	0	0	0	194	1096	1680	8734	0	0	0	0	0	0	0	0	1212	1364	0	0	0	120	3400	3526	4668	9668	1314	4420	0	0	338	0	0	0	698	458	0	0	0	0	0	0	332	4212	604	1316	0	0	0	0	0	0	0	0	446	938	1372	760	2864	13132	252	3114	0	174	7228	0	390	0	0	232	0	0	0	0	0	0	148	990	0	0	0	0	0	0	0	102	0	0	0	0	0	0	0	0	0	0	0	0	322	0	0	0	0	0	
85288	Heschl_L	2392	134	1666	176	0	0	236	0	0	0	590	0	122	0	0	0	7750	0	1332	86	0	0	0	0	0	0	0	0	7028	0	0	0	0	0	228	166	1710	336	0	0	0	0	0	0	0	0	0	0	0	0	0	0	0	0	1400	0	5960	0	0	0	0	0	90	0	0	0	0	0	0	0	0	0	0	0	0	0	424	390	0	0	5332	0	0	0	1080	0	0	0	2940	0	748	0	228	0	0	0	0	0	100	0	0	0	0	0	0	0	0	0	0	0	0	0	0	0	0	0	
31536	Heschl_R	0	486	0	108	0	0	0	0	0	0	0	564	0	0	0	0	0	2228	0	114	0	0	0	0	0	0	0	0	0	2260	0	0	0	0	0	0	0	260	0	0	0	0	0	0	0	0	0	0	0	0	0	0	0	0	0	218	0	546	0	0	0	0	0	506	0	0	0	116	0	0	0	0	0	198	0	0	0	0	0	0	0	5812	0	320	0	1612	0	0	0	420	0	0	0	0	0	0	0	0	0	0	0	0	0	0	0	0	0	0	0	0	0	0	0	0	0	0	
251740	Temporal_Sup_L	2670	0	4594	320	0	0	2374	0	0	0	5104	0	130	0	0	0	16004	0	3334	314	0	0	90	0	0	0	0	0	15220	0	314	0	0	0	0	0	1888	0	572	0	0	0	106	0	0	0	80	0	0	0	902	0	1280	0	6286	0	6906	0	1036	0	1274	0	5124	0	286	0	428	0	460	0	332	0	1100	0	0	0	90	0	5332	0	0	0	1932	0	21862	0	356	0	17686	0	84	0	0	0	0	0	0	0	0	0	0	0	0	0	0	0	0	0	0	0	0	0	0	0	0	0	
132084	Temporal_Sup_R	0	636	0	386	0	0	0	0	0	0	0	320	0	0	0	0	0	4194	0	424	0	0	0	0	0	0	0	0	0	6486	0	0	0	0	0	0	0	780	0	172	0	0	0	0	0	0	0	0	0	120	0	348	0	0	0	2682	0	1442	0	320	0	362	0	10818	0	2828	0	908	0	302	0	0	0	172	0	0	0	232	0	5812	0	0	0	2300	0	16970	0	236	0	6792	0	0	0	0	0	0	0	0	0	0	0	0	0	0	0	0	0	0	0	0	0	0	0	0	0	0	
68188	Temporal_Pole_Sup_L	110	0	1452	0	714	0	136	0	214	0	2020	0	420	0	2726	0	1428	0	1380	0	0	0	0	0	0	0	0	0	4966	0	0	0	0	0	0	0	464	0	92	0	0	0	0	0	0	0	0	0	0	0	0	0	0	0	3104	0	0	0	0	0	0	0	0	0	0	0	0	0	0	0	0	0	1518	0	0	0	0	0	0	0	1932	0	0	0	3018	0	3826	0	4574	0	0	0	0	0	0	0	0	0	0	0	0	0	0	0	0	0	0	0	0	0	0	0	0	0	0	0	
52008	Temporal_Pole_Sup_R	0	0	0	0	0	0	0	0	0	0	0	0	0	0	0	218	0	348	0	0	0	0	0	0	0	0	0	0	0	374	0	0	0	0	0	0	0	2248	0	4056	0	3496	0	0	0	0	0	0	0	0	0	0	0	0	0	6512	0	0	0	0	0	0	0	0	0	0	0	0	0	0	0	0	0	464	0	0	0	0	0	320	0	2300	0	0	0	454	0	3508	0	1706	0	0	0	0	0	0	0	0	0	0	0	0	0	0	0	0	0	0	0	0	0	0	0	0	0	0	
315476	Temporal_Mid_L	3100	0	0	0	0	0	0	0	0	0	0	0	0	0	0	0	5156	0	0	0	0	0	0	0	0	0	0	0	3700	0	0	0	146	0	98	0	220	0	0	0	0	0	1000	0	0	0	746	0	438	0	21976	0	13962	0	5738	0	3592	0	214	0	5610	0	12572	0	4790	0	1102	0	1864	0	0	0	0	0	0	0	0	0	1080	0	21862	0	3018	0	0	0	4950	0	40804	0	0	0	0	0	0	0	0	0	0	0	0	0	0	0	0	0	0	0	0	0	0	0	0	0	0	0	
246240	Temporal_Mid_R	0	1014	0	0	0	0	0	0	0	0	0	0	0	0	0	0	0	2908	0	0	0	0	0	0	0	0	0	0	0	4454	0	0	0	454	0	106	0	274	0	0	0	0	0	3964	0	1834	0	1100	0	3938	0	15734	0	5894	0	3920	0	562	0	1350	0	1402	0	10674	0	7108	0	5962	0	314	0	0	0	0	0	0	0	0	0	1612	0	16970	0	454	0	0	0	2110	0	29008	0	0	0	0	0	0	0	0	0	0	0	0	0	0	0	0	0	0	0	0	0	0	0	0	0	0	
33300	Temporal_Pole_Mid_L	0	0	0	0	0	0	0	0	0	0	0	0	0	0	0	0	0	0	0	0	0	0	0	0	0	0	0	0	146	0	0	0	0	0	0	0	110	0	0	0	0	0	0	0	0	0	0	0	0	0	0	0	0	0	2896	0	0	0	0	0	0	0	0	0	0	0	0	0	0	0	0	0	0	0	0	0	0	0	0	0	356	0	3826	0	4950	0	0	0	4366	0	0	0	0	0	0	0	0	0	0	0	0	0	0	0	0	0	0	0	0	0	0	0	0	0	0	0	
38964	Temporal_Pole_Mid_R	0	0	0	0	0	0	0	0	0	0	0	0	0	0	0	0	0	0	0	0	0	0	0	0	0	0	0	0	0	0	0	0	0	0	0	0	0	1796	0	2682	0	2188	0	0	0	0	0	0	0	0	0	0	0	0	0	4110	0	0	0	0	0	0	0	0	0	0	0	0	0	0	0	0	0	184	0	0	0	0	0	0	0	236	0	3508	0	2110	0	0	0	2668	0	0	0	0	0	0	0	0	0	0	0	0	0	0	0	0	0	0	0	0	0	0	0	0	0	0	
358808	Temporal_Inf_L	3086	0	288	0	0	0	226	0	0	0	0	0	0	0	0	0	5898	0	258	0	0	0	0	0	0	0	0	0	9056	0	0	0	0	0	394	0	10198	120	2628	0	1146	0	1264	0	0	0	1218	0	0	0	4022	0	5694	0	29316	0	6412	0	278	0	1930	0	3916	0	322	0	1718	0	848	0	0	0	1822	0	0	0	680	148	2940	0	17686	0	4574	0	40804	0	4366	0	0	0	8556	0	2184	0	122	0	1312	0	3462	0	374	0	138	0	0	0	0	0	0	0	0	0	0	0	0	0	
271284	Temporal_Inf_R	0	3030	0	140	0	0	0	0	0	0	0	264	0	0	0	0	0	6738	0	702	0	0	0	0	0	0	0	0	0	11744	0	0	0	394	0	1206	0	9500	0	1614	0	1078	0	3848	108	1058	0	1816	0	332	0	3224	0	7216	0	21078	0	1100	0	654	0	998	0	5222	0	1376	0	4598	0	934	0	0	0	1192	0	0	0	990	0	420	0	6792	0	1706	0	29008	0	2668	0	0	0	1630	0	0	0	126	0	270	0	760	0	0	0	0	0	0	0	0	0	0	108	0	0	0	0	0	
783164	Cerebelum_Crus1_L	358	0	0	0	0	0	0	0	0	0	0	0	0	0	0	0	484	0	0	0	0	0	0	0	0	0	0	0	1032	0	0	0	0	0	0	0	1966	0	2146	0	0	0	1066	0	0	0	12670	4882	0	0	0	0	194	310	29544	828	708	0	0	0	0	0	0	0	0	0	734	0	0	0	0	0	0	0	0	0	0	0	748	0	84	0	0	0	0	0	0	0	8556	0	0	9808	55476	7252	1838	1396	32430	3266	73068	11010	19398	2778	27748	7586	4104	2372	574	0	2352	3962	14892	13386	21324	4790	3432	1030	
561500	Cerebelum_Crus1_R	0	0	0	84	0	0	0	0	0	0	0	0	0	0	0	0	0	0	0	0	0	0	0	0	0	0	0	0	0	0	0	0	0	0	0	0	0	770	0	864	0	0	190	0	0	0	1654	9706	0	0	0	0	0	116	4098	14486	0	0	0	0	0	0	0	0	0	0	0	132	0	0	0	0	0	212	0	0	0	0	0	0	0	0	0	0	0	0	0	0	0	1630	9808	0	3086	38258	90	4866	2734	24370	9828	64106	1030	7284	1584	27882	506	3994	0	3242	226	788	10154	11190	17624	2158	1302	698	
570600	Cerebelum_Crus2_L	110	0	0	0	0	0	0	0	0	0	0	0	0	0	0	0	98	0	0	0	0	0	0	0	0	0	0	0	256	0	0	0	0	0	0	0	486	0	480	0	0	0	122	0	0	0	2128	1088	0	0	0	0	0	130	4148	252	194	0	0	0	0	0	0	0	0	0	0	0	0	0	0	0	0	0	0	0	0	0	228	0	0	0	0	0	0	0	0	0	2184	0	55476	3086	0	11618	706	944	11608	1376	18826	3054	51872	6606	50834	8588	9978	1970	1408	0	1118	1900	5170	2788	15148	6268	2662	392	
420712	Cerebelum_Crus2_R	0	0	0	0	0	0	0	0	0	0	0	0	0	0	0	0	0	0	0	0	0	0	0	0	0	0	0	0	0	0	0	0	0	0	0	0	0	0	0	0	0	0	0	0	0	0	238	710	0	0	0	0	0	82	1100	466	0	0	0	0	0	0	0	0	0	0	0	0	0	0	0	0	0	0	0	0	0	0	0	0	0	0	0	0	0	0	0	0	0	0	7252	38258	11618	0	214	2100	1526	3870	4348	12946	4742	26144	5204	42878	556	8180	0	4156	366	1074	2722	2562	18368	5260	3190	226	
59048	Cerebelum_3_L	0	0	0	0	0	0	0	0	0	0	0	0	0	0	0	0	0	0	0	0	0	0	0	0	0	0	0	0	0	0	0	0	0	0	0	0	0	90	326	104	0	0	0	0	0	0	146	296	0	0	0	0	0	0	164	0	0	0	0	0	0	0	0	0	0	0	0	0	0	0	0	0	0	0	0	0	0	0	0	0	0	0	0	0	0	0	0	0	122	0	1838	90	706	214	0	290	7264	206	1466	154	330	0	2302	842	2788	630	150	0	1184	3130	1126	242	1252	1038	864	170	
117488	Cerebelum_3_R	0	0	0	0	0	0	0	0	0	0	0	0	0	0	0	0	0	0	0	0	0	0	0	0	0	0	0	0	0	0	0	0	0	0	0	0	0	0	82	194	0	0	164	0	0	0	496	200	0	0	0	0	0	0	108	1396	0	0	0	0	0	0	0	0	0	0	0	0	0	0	0	0	0	0	0	0	0	0	0	0	0	0	0	0	0	0	0	0	0	126	1396	4866	944	2100	290	0	1498	6758	1102	6082	1048	94	1852	4782	362	4204	0	0	1440	3720	3096	356	2422	3326	3444	796	
461564	Cerebelum_4_5_L	0	0	0	0	0	0	0	0	0	0	0	0	0	0	0	0	0	0	0	0	0	0	0	0	0	0	0	0	0	0	0	0	0	0	0	0	882	0	1966	0	0	0	516	0	0	0	13278	3010	0	0	0	0	0	0	9644	278	0	0	0	0	0	0	0	0	0	0	130	0	0	0	0	0	0	0	0	0	0	0	0	0	0	0	0	0	0	0	0	0	1312	0	32430	2734	11608	1526	7264	1498	0	4476	37840	4870	6398	0	15706	6286	8150	3088	696	0	3454	6086	21246	5200	7590	5852	4620	1148	
315096	Cerebelum_4_5_R	0	0	0	0	0	0	0	0	0	0	0	0	0	0	0	0	0	0	0	0	0	0	0	0	0	0	0	0	0	0	0	0	0	0	0	244	0	854	0	2100	0	0	546	154	0	0	992	11242	0	0	0	0	0	318	570	9614	0	0	0	0	0	0	0	0	0	0	0	1026	0	0	0	0	0	0	0	0	0	102	0	0	0	0	0	0	0	0	0	0	0	270	3266	24370	1376	3870	206	6758	4476	0	4298	37902	1218	180	1900	5814	898	2056	120	672	222	1022	16684	4748	3500	1752	1972	236	
646244	Cerebelum_6_L	0	0	0	0	0	0	0	0	0	0	0	0	0	0	0	0	0	0	0	0	0	0	0	0	0	0	0	0	124	0	0	0	0	0	0	0	1530	0	2758	0	0	0	602	106	0	0	17668	6550	0	0	0	0	0	576	28824	1462	88	0	0	0	0	0	0	0	0	0	398	0	0	0	0	0	0	0	0	0	0	0	100	0	0	0	0	0	0	0	0	0	3462	0	73068	9828	18826	4348	1466	1102	37840	4298	0	13066	9398	1376	12054	5262	3340	1946	1042	0	1994	3258	16388	17212	14006	3982	2870	904	
548056	Cerebelum_6_R	0	0	0	0	0	0	0	0	0	0	0	0	0	0	0	0	0	0	0	0	0	0	0	0	0	0	0	0	0	0	0	0	0	0	0	0	0	0	0	130	0	0	318	306	0	0	3338	17542	0	100	0	0	0	1956	3652	20170	0	0	0	0	0	0	0	0	0	0	0	156	0	0	0	0	0	0	0	0	0	0	0	0	0	0	0	0	0	0	0	0	0	760	11010	64106	3054	12946	154	6082	4870	37902	13066	0	876	1496	1654	10202	1046	842	116	1686	202	638	15722	19572	15192	1346	810	1010	
411480	Cerebelum_7b_L	0	0	0	0	0	0	0	0	0	0	0	0	0	0	0	0	0	0	0	0	0	0	0	0	0	0	0	0	0	0	0	0	0	0	0	0	130	0	152	0	0	0	0	0	0	0	1022	392	0	0	0	0	0	0	1380	0	0	0	0	0	0	0	0	0	0	0	0	0	0	0	0	0	0	0	0	0	0	0	0	0	0	0	0	0	0	0	0	0	374	0	19398	1030	51872	4742	330	1048	6398	1218	9398	876	0	3524	51852	9092	12078	2308	1850	0	430	1036	3606	652	6668	9506	3174	204	
197376	Cerebelum_7b_R	0	0	0	0	0	0	0	0	0	0	0	0	0	0	0	0	0	0	0	0	0	0	0	0	0	0	0	0	0	0	0	0	0	0	0	0	0	0	0	0	0	0	0	0	0	0	0	106	0	0	0	0	0	0	0	0	0	0	0	0	0	0	0	0	0	0	0	0	0	0	0	0	0	0	0	0	0	0	0	0	0	0	0	0	0	0	0	0	0	0	2778	7284	6606	26144	0	94	0	180	1376	1496	3524	0	2884	26098	132	6636	0	914	0	86	112	1148	6954	3746	390	0	
589556	Cerebelum_8_L	0	0	0	0	0	0	0	0	0	0	0	0	0	0	0	0	0	0	0	0	0	0	0	0	0	0	0	0	0	0	0	0	0	0	0	0	0	0	194	0	0	0	0	0	0	0	1684	564	0	0	0	0	0	0	1640	0	0	0	0	0	0	0	0	0	0	0	0	0	0	0	0	0	0	0	0	0	0	0	0	0	0	0	0	0	0	0	0	0	138	0	27748	1584	50834	5204	2302	1852	15706	1900	12054	1654	51852	2884	0	15208	29674	6394	3420	0	1864	3962	8750	1178	15284	17266	10040	1944	
554268	Cerebelum_8_R	0	0	0	0	0	0	0	0	0	0	0	0	0	0	0	0	0	0	0	0	0	0	0	0	0	0	0	0	0	0	0	0	0	0	0	0	0	0	0	0	0	0	0	0	0	0	534	530	0	0	0	0	0	0	344	368	0	0	0	0	0	0	0	0	0	0	0	0	0	0	0	0	0	0	0	0	0	0	0	0	0	0	0	0	0	0	0	0	0	0	7586	27882	8588	42878	842	4782	6286	5814	5262	10202	9092	26098	15208	0	4610	29516	0	5446	2368	4852	8776	1824	17102	17110	11194	2040	
228040	Cerebelum_9_L	0	0	0	0	0	0	0	0	0	0	0	0	0	0	0	0	0	0	0	0	0	0	0	0	0	0	0	0	0	0	0	0	0	0	0	0	0	0	0	0	0	0	0	0	0	0	332	686	0	0	0	0	0	0	570	104	0	0	0	0	0	0	0	0	0	0	0	0	0	0	0	0	0	0	0	0	0	0	0	0	0	0	0	0	0	0	0	0	0	0	4104	506	9978	556	2788	362	8150	898	3340	1046	12078	132	29674	4610	0	4218	4546	0	580	1504	4028	1180	5616	5932	5128	1374	
250824	Cerebelum_9_R	0	0	0	0	0	0	0	0	0	0	0	0	0	0	0	0	0	0	0	0	0	0	0	0	0	0	0	0	0	0	0	0	0	0	0	0	0	0	0	0	0	0	0	0	0	0	406	114	0	0	0	0	0	0	166	0	0	0	0	0	0	0	0	0	0	0	0	0	0	0	0	0	0	0	0	0	0	0	0	0	0	0	0	0	0	0	0	0	0	0	2372	3994	1970	8180	630	4204	3088	2056	1946	842	2308	6636	6394	29516	4218	0	0	3372	3150	4618	3580	368	6002	10030	11642	3610	
29356	Cerebelum_10_L	0	0	0	0	0	0	0	0	0	0	0	0	0	0	0	0	0	0	0	0	0	0	0	0	0	0	0	0	0	0	0	0	0	0	0	0	0	0	0	0	0	0	0	0	0	0	0	222	0	0	0	0	0	0	94	0	0	0	0	0	0	0	0	0	0	0	0	0	0	0	0	0	0	0	0	0	0	0	0	0	0	0	0	0	0	0	0	0	0	0	574	0	1408	0	150	0	696	120	1042	116	1850	0	3420	0	4546	0	0	0	0	0	216	224	0	0	0	0	
39412	Cerebelum_10_R	0	0	0	0	0	0	0	0	0	0	0	0	0	0	0	0	0	0	0	0	0	0	0	0	0	0	0	0	0	0	0	0	0	0	0	0	0	0	0	0	0	0	0	0	0	0	0	0	0	0	0	0	0	0	0	0	0	0	0	0	0	0	0	0	0	0	0	0	0	0	0	0	0	0	0	0	0	0	0	0	0	0	0	0	0	0	0	0	0	0	0	3242	0	4156	0	0	0	672	0	1686	0	914	0	5446	0	3372	0	0	0	0	0	0	102	0	116	0	
79220	Vermis_1_2	0	0	0	0	0	0	0	0	0	0	0	0	0	0	0	0	0	0	0	0	0	0	0	0	0	0	0	0	0	0	0	0	0	0	0	0	0	0	0	0	0	0	0	0	0	0	210	126	0	0	0	0	0	0	0	0	0	0	0	0	0	0	0	0	0	0	0	0	0	0	0	0	0	0	0	0	0	0	0	0	0	0	0	0	0	0	0	0	0	0	2352	226	1118	366	1184	1440	3454	222	1994	202	430	0	1864	2368	580	3150	0	0	0	6516	3668	188	1658	2664	2646	984	
143052	Vermis_3	0	0	0	0	0	0	0	0	0	0	0	0	0	0	0	0	0	0	0	0	0	0	0	0	0	0	0	0	0	0	0	0	0	0	0	0	0	0	128	0	0	0	0	0	0	0	502	310	0	0	0	0	0	0	144	0	0	0	0	0	0	0	0	0	0	0	0	0	0	0	0	0	0	0	0	0	0	0	0	0	0	0	0	0	0	0	0	0	0	0	3962	788	1900	1074	3130	3720	6086	1022	3258	638	1036	86	3962	4852	1504	4618	0	0	6516	0	6712	332	4060	5406	4806	974	
415640	Vermis_4_5	0	0	0	0	0	0	0	0	0	0	0	0	0	0	0	0	0	0	0	114	0	0	0	0	0	0	0	0	0	0	0	0	0	154	112	2534	0	1390	0	1146	0	0	598	694	324	692	6556	7604	0	0	0	0	0	462	2332	3138	0	0	0	0	0	0	0	0	0	0	0	2680	0	134	0	0	0	0	0	0	0	322	0	0	0	0	0	0	0	0	0	0	0	108	14892	10154	5170	2722	1126	3096	21246	16684	16388	15722	3606	112	8750	8776	4028	3580	216	0	3668	6712	0	6376	8830	7508	5788	1576	
266896	Vermis_6	0	0	0	0	0	0	0	0	0	0	0	0	0	0	0	0	0	0	0	0	0	0	0	0	0	0	0	0	0	0	0	0	0	0	0	0	0	0	0	0	0	0	0	546	0	96	5332	14514	0	134	0	82	0	1574	2350	4642	0	0	0	0	0	0	0	0	0	0	0	0	0	0	0	0	0	0	0	0	0	0	0	0	0	0	0	0	0	0	0	0	0	0	13386	11190	2788	2562	242	356	5200	4748	17212	19572	652	1148	1178	1824	1180	368	224	0	188	332	6376	0	9566	1256	748	1882	
