data	data	448720	222244	843764	868480	146140	172096	511116	212856	54208	63396	181700	169760	305844	135444	226592	110952	150464	91372	451948	734324	54360	58332	325208	415256	48560	164028	57480	130780	590096	285600	344360	504344	161824	457004	122624	131812	251468	297540	76116	181988	30564	55408	191660	247608	98812	243360	270108	327852	131348	351376	402744	247928	87444	121060	402428	502000	232532	116012	130136	95648	196480	104620	103968	77196	187104	143044	162736	302380	293800	100248	229688	325608	303180	286336	50360	38832	133828	161528	68952	32356	152456	99016	43944	25920	247616	150512	19960	9160	213884	111960	588324	472516	475520	405072	32920	90388	421904	279508	573588	568892	235144	139220	460032	324044	102156	108116	22588	15056	45248	116168	363076	208804	382968	156392	64644	20780	
data	data	Precentral_L	Precentral_R	Frontal_Sup_L	Frontal_Sup_R	Frontal_Sup_Orb_L	Frontal_Sup_Orb_R	Frontal_Mid_L	Frontal_Mid_R	Frontal_Mid_Orb_L	Frontal_Mid_Orb_R	Frontal_Inf_Oper_L	Frontal_Inf_Oper_R	Frontal_Inf_Tri_L	Frontal_Inf_Tri_R	Frontal_Inf_Orb_L	Frontal_Inf_Orb_R	Rolandic_Oper_L	Rolandic_Oper_R	Supp_Motor_Area_L	Supp_Motor_Area_R	Olfactory_L	Olfactory_R	Frontal_Sup_Medial_L	Frontal_Sup_Medial_R	Frontal_Med_Orb_L	Frontal_Med_Orb_R	Rectus_L	Rectus_R	Insula_L	Insula_R	Cingulum_Ant_L	Cingulum_Ant_R	Cingulum_Mid_L	Cingulum_Mid_R	Cingulum_Post_L	Cingulum_Post_R	Hippocampus_L	Hippocampus_R	ParaHippocampal_L	ParaHippocampal_R	Amygdala_L	Amygdala_R	Calcarine_L	Calcarine_R	Cuneus_L	Cuneus_R	Lingual_L	Lingual_R	Occipital_Sup_L	Occipital_Sup_R	Occipital_Mid_L	Occipital_Mid_R	Occipital_Inf_L	Occipital_Inf_R	Fusiform_L	Fusiform_R	Postcentral_L	Postcentral_R	Parietal_Sup_L	Parietal_Sup_R	Parietal_Inf_L	Parietal_Inf_R	SupraMarginal_L	SupraMarginal_R	Angular_L	Angular_R	Precuneus_L	Precuneus_R	Paracentral_Lobule_L	Paracentral_Lobule_R	Caudate_L	Caudate_R	Putamen_L	Putamen_R	Pallidum_L	Pallidum_R	Thalamus_L	Thalamus_R	Heschl_L	Heschl_R	Temporal_Sup_L	Temporal_Sup_R	Temporal_Pole_Sup_L	Temporal_Pole_Sup_R	Temporal_Mid_L	Temporal_Mid_R	Temporal_Pole_Mid_L	Temporal_Pole_Mid_R	Temporal_Inf_L	Temporal_Inf_R	Cerebelum_Crus1_L	Cerebelum_Crus1_R	Cerebelum_Crus2_L	Cerebelum_Crus2_R	Cerebelum_3_L	Cerebelum_3_R	Cerebelum_4_5_L	Cerebelum_4_5_R	Cerebelum_6_L	Cerebelum_6_R	Cerebelum_7b_L	Cerebelum_7b_R	Cerebelum_8_L	Cerebelum_8_R	Cerebelum_9_L	Cerebelum_9_R	Cerebelum_10_L	Cerebelum_10_R	Vermis_1_2	Vermis_3	Vermis_4_5	Vermis_6	Vermis_7	Vermis_8	Vermis_9	Vermis_10	
448720	Precentral_L	0	4200	13854	8956	0	0	19300	648	0	0	10134	808	2500	0	94	0	10698	0	9870	17692	0	0	84	0	0	0	0	0	10368	0	1368	126	512	8252	340	372	3774	324	296	156	0	0	230	0	300	0	0	0	1420	224	3538	0	754	0	848	144	25496	484	464	0	2820	0	1148	180	778	0	458	174	29096	3604	4540	558	7328	438	2378	144	6424	408	1464	0	678	0	322	0	1680	134	0	0	868	110	0	0	0	0	0	0	0	0	0	0	0	0	0	0	0	0	0	0	0	0	0	0	0	0	0	0	
222244	Precentral_R	4200	0	2688	14666	0	164	1654	7776	0	0	0	5396	0	390	0	0	0	1848	2202	4400	0	0	0	148	0	0	0	0	0	2324	0	556	0	1064	0	332	350	4006	0	998	0	0	0	100	0	330	0	0	0	3156	178	394	0	1434	0	1724	322	14392	0	658	0	1962	0	2370	0	144	0	2882	2338	1964	328	5444	156	4532	0	514	326	8314	100	114	0	180	0	0	0	550	0	0	0	1054	0	0	0	0	0	0	0	0	0	0	0	0	0	0	0	0	0	0	0	0	0	0	0	0	0	0	
843764	Frontal_Sup_L	13854	2688	0	9242	9086	296	71520	632	2244	0	8608	888	23882	0	15280	116	3152	0	46968	15374	0	0	37848	4332	2160	644	312	368	38492	0	17884	4742	5764	3188	0	148	7286	408	682	216	0	0	0	0	0	0	0	0	0	0	0	0	0	0	992	132	102	618	0	0	0	0	0	182	0	0	0	0	4668	0	15246	952	23118	704	5428	230	19026	374	0	0	410	0	390	0	0	0	0	0	906	100	0	0	0	0	0	0	0	0	0	0	0	0	0	0	0	0	0	0	0	0	0	0	0	0	0	0	
868480	Frontal_Sup_R	8956	14666	9242	0	264	14354	3908	27722	0	4088	328	10898	134	10518	0	7920	478	2430	13882	81376	0	0	5434	43100	130	11022	0	4820	896	18096	6560	34352	4748	17340	444	498	446	3244	0	1206	0	0	220	0	372	0	0	258	144	0	138	0	0	0	0	658	340	1372	0	0	0	130	0	178	0	412	240	0	5108	678	4580	24376	1454	10220	208	898	236	17818	106	0	0	0	0	348	0	150	0	0	0	98	0	0	0	0	0	0	0	0	0	0	0	0	0	0	0	0	0	0	0	0	0	0	0	0	0	0	
146140	Frontal_Sup_Orb_L	0	0	9086	264	0	92	3166	0	9680	0	106	0	2760	0	11314	0	0	0	324	0	1058	0	5904	1008	4726	384	5794	470	6010	0	5506	1076	124	0	0	0	0	0	0	0	0	0	0	0	0	0	0	0	0	0	0	0	0	0	0	0	0	0	0	0	0	0	0	0	0	0	0	0	0	0	0	0	4132	0	0	0	0	0	0	0	0	0	86	0	0	0	0	0	0	0	0	0	0	0	0	0	0	0	0	0	0	0	0	0	0	0	0	0	0	0	0	0	0	0	0	0	
172096	Frontal_Sup_Orb_R	0	164	296	14354	92	0	0	4414	0	6830	0	592	0	522	0	4432	0	0	342	3512	0	314	534	8004	126	11290	96	8970	0	708	1466	9528	0	1362	0	0	0	0	0	0	0	0	0	0	0	0	0	0	0	0	0	0	0	0	0	0	0	158	0	0	0	0	0	0	0	140	0	0	0	0	150	4810	0	2682	0	0	0	160	0	0	0	0	0	0	0	0	0	0	0	0	0	0	0	0	0	0	0	0	0	0	0	0	0	0	0	0	0	0	0	0	0	0	0	0	0	0	
511116	Frontal_Mid_L	19300	1654	71520	3908	3166	0	0	386	1066	0	11576	1492	35004	0	10720	0	2804	0	2592	4884	0	0	15534	974	582	0	104	0	25498	0	8458	1050	3288	636	0	106	2944	516	512	274	0	0	0	0	0	0	0	0	0	0	0	0	0	0	650	166	422	538	0	0	0	84	0	234	0	0	0	0	0	0	3774	690	6032	848	988	210	7422	126	0	0	314	0	1378	0	98	98	0	0	766	172	0	0	0	0	0	0	0	0	0	0	0	0	0	0	0	0	0	0	0	0	0	0	0	0	0	0	
212856	Frontal_Mid_R	648	7776	632	27722	0	4414	386	0	0	3740	0	7554	0	15140	0	4184	0	1158	722	2658	0	0	0	2836	0	1826	0	0	0	10448	0	3740	0	604	0	0	0	2114	0	1106	0	0	0	0	0	0	0	0	0	0	0	0	0	0	0	620	0	450	0	0	0	0	0	0	0	134	0	0	0	0	0	452	0	4482	0	408	0	474	0	0	0	0	0	0	0	0	0	0	0	0	0	0	0	0	0	0	0	0	0	0	0	0	0	0	0	0	0	0	0	0	0	0	0	0	0	0	
54208	Frontal_Mid_Orb_L	0	0	2244	0	9680	0	1066	0	0	0	0	0	926	0	10496	0	0	0	0	0	0	0	0	0	324	0	396	0	1720	0	108	0	0	0	0	0	0	0	0	0	0	0	0	0	0	0	0	0	0	0	0	0	0	0	0	0	0	0	0	0	0	0	0	0	0	0	0	0	0	0	0	0	144	0	0	0	0	0	0	0	0	0	0	0	0	0	0	0	0	0	0	0	0	0	0	0	0	0	0	0	0	0	0	0	0	0	0	0	0	0	0	0	0	0	0	0	
63396	Frontal_Mid_Orb_R	0	0	0	4088	0	6830	0	3740	0	0	0	146	0	142	0	7714	0	0	0	1516	0	0	0	638	0	544	0	1116	0	600	0	240	0	0	0	0	0	0	0	0	0	0	0	0	0	0	0	0	0	0	0	0	0	0	0	0	0	0	0	0	0	0	0	0	0	0	0	0	0	0	142	1620	0	2622	0	0	0	0	0	0	0	0	0	0	0	0	0	0	0	0	0	0	0	0	0	0	0	0	0	0	0	0	0	0	0	0	0	0	0	0	0	0	0	0	0	0	
181700	Frontal_Inf_Oper_L	10134	0	8608	328	106	0	11576	0	0	0	0	0	11378	0	5954	0	8178	0	3004	340	0	0	1348	0	0	0	0	0	22028	0	762	0	0	0	0	0	0	0	0	0	0	0	0	0	0	0	0	0	0	0	0	0	0	0	0	0	2154	0	0	0	0	0	0	0	0	0	0	0	0	0	222	0	1556	0	0	0	134	0	398	0	234	0	2408	0	0	0	0	0	0	0	0	0	0	0	0	0	0	0	0	0	0	0	0	0	0	0	0	0	0	0	0	0	0	0	0	0	
169760	Frontal_Inf_Oper_R	808	5396	888	10898	0	592	1492	7554	0	146	0	0	0	11050	0	302	0	3444	0	6786	0	0	0	1938	0	686	0	0	0	16716	146	2170	0	94	0	0	0	1972	0	1224	0	0	0	0	0	0	0	0	0	174	0	0	0	134	0	610	0	1708	0	0	0	158	0	420	0	0	0	170	0	0	192	244	0	4738	0	630	0	248	0	0	0	88	0	544	0	184	0	0	0	336	0	0	0	0	0	0	0	0	0	0	0	0	0	0	0	0	0	0	0	0	0	0	0	0	0	0	
305844	Frontal_Inf_Tri_L	2500	0	23882	134	2760	0	35004	0	926	0	11378	0	0	0	21382	0	1330	0	4742	446	0	0	4930	678	104	0	0	0	35460	0	1884	416	1888	492	0	0	0	0	0	0	0	0	0	0	0	0	0	0	0	0	0	0	0	0	0	0	154	0	0	0	0	0	0	0	0	0	0	0	0	0	388	0	1444	0	0	0	0	0	0	0	0	0	600	0	0	0	0	0	0	0	0	0	0	0	0	0	0	0	0	0	0	0	0	0	0	0	0	0	0	0	0	0	0	0	0	0	
135444	Frontal_Inf_Tri_R	0	390	0	10518	0	522	0	15140	0	142	0	11050	0	0	0	2778	0	520	0	2404	0	0	130	3988	0	516	0	0	0	14620	148	2150	0	1138	0	0	0	188	0	158	0	0	0	0	0	0	0	0	0	0	0	0	0	0	0	0	0	0	0	0	0	0	0	0	0	0	0	0	0	0	0	82	0	1004	0	0	0	0	0	0	0	0	0	136	0	0	0	0	0	0	0	0	0	0	0	0	0	0	0	0	0	0	0	0	0	0	0	0	0	0	0	0	0	0	0	0	
226592	Frontal_Inf_Orb_L	94	0	15280	0	11314	0	10720	0	10496	0	5954	0	21382	0	0	0	98	0	2222	90	1488	0	2406	112	0	0	1192	0	23486	0	530	94	1140	90	0	0	96	0	0	0	118	0	0	0	0	0	0	0	0	0	0	0	0	0	0	0	0	0	0	0	0	0	0	0	0	0	0	0	0	0	172	0	4184	0	0	0	0	0	0	0	0	0	538	0	0	0	0	0	0	0	0	0	0	0	0	0	0	0	0	0	0	0	0	0	0	0	0	0	0	0	0	0	0	0	0	0	
110952	Frontal_Inf_Orb_R	0	0	116	7920	0	4432	0	4184	0	7714	0	302	0	2778	0	0	0	0	650	5084	0	340	382	4516	0	238	0	1392	0	4088	106	938	254	3568	0	0	0	0	0	0	0	208	0	0	0	0	0	0	0	0	0	0	0	0	0	0	0	0	0	0	0	0	0	0	0	0	0	0	0	0	180	1480	0	4606	0	0	0	0	0	0	0	0	0	0	0	0	0	0	0	0	0	0	0	0	0	0	0	0	0	0	0	0	0	0	0	0	0	0	0	0	0	0	0	0	0	0	
150464	Rolandic_Oper_L	10698	0	3152	478	0	0	2804	0	0	0	8178	0	1330	0	98	0	0	0	674	516	0	0	0	0	0	0	0	0	20628	0	340	0	0	0	518	416	1174	228	118	0	0	0	0	0	0	0	0	0	0	0	182	0	320	150	464	150	5478	0	0	0	578	0	4164	0	580	0	0	98	438	0	228	0	1598	0	0	0	160	0	5010	0	2926	0	320	0	604	0	0	0	434	0	0	0	0	0	0	0	0	0	0	0	0	0	0	0	0	0	0	0	0	0	0	0	0	0	0	0	
91372	Rolandic_Oper_R	0	1848	0	2430	0	0	0	1158	0	0	0	3444	0	520	0	0	0	0	0	1450	0	0	0	212	0	0	0	0	0	12582	0	122	0	0	0	0	0	3004	0	1230	0	0	0	0	0	0	0	0	0	586	0	122	0	0	0	256	0	3256	0	192	0	110	0	3076	0	344	0	582	0	0	0	382	0	3378	0	258	0	914	0	1870	0	1844	0	516	0	0	0	0	0	0	0	0	0	0	0	0	0	0	0	0	0	0	0	0	0	0	0	0	0	0	0	0	0	0	0	0	
451948	Supp_Motor_Area_L	9870	2202	46968	13882	324	342	2592	722	0	0	3004	0	4742	0	2222	650	674	0	0	34210	0	0	5650	2696	118	0	82	0	10588	0	7954	5786	9116	16526	670	288	1068	0	0	0	0	0	230	0	354	0	0	0	182	0	0	0	0	0	284	0	86	84	0	0	0	0	0	0	0	0	334	0	14526	1344	9526	1994	9992	110	2018	178	992	130	0	0	126	0	280	0	0	0	0	0	258	0	0	0	0	0	0	0	0	0	0	0	0	0	0	0	0	0	0	0	0	0	0	0	0	0	0	0	
734324	Supp_Motor_Area_R	17692	4400	15374	81376	0	3512	4884	2658	0	1516	340	6786	446	2404	90	5084	516	1450	34210	0	0	0	1738	13700	0	2120	0	1756	1276	8624	5796	17940	5650	37464	756	1152	174	1738	0	492	0	0	332	158	586	162	0	252	318	844	134	168	0	380	0	674	316	762	0	176	0	118	0	88	0	0	360	1606	15828	12458	5802	20936	1562	6886	134	708	200	11296	0	0	0	0	0	266	0	440	0	0	0	98	0	0	0	0	0	0	0	0	0	0	0	0	0	0	0	0	0	0	0	0	0	0	0	0	0	0	
54360	Olfactory_L	0	0	0	0	1058	0	0	0	0	0	0	0	0	0	1488	0	0	0	0	0	0	3846	0	0	0	0	3038	2280	2426	0	2606	2208	0	0	0	0	220	0	190	0	370	0	0	0	0	0	0	0	0	0	0	0	0	0	0	0	0	0	0	0	0	0	0	0	0	0	0	0	0	0	4080	2266	984	0	0	0	0	0	0	0	0	0	120	0	0	0	0	0	0	0	0	0	0	0	0	0	0	0	0	0	0	0	0	0	0	0	0	0	0	0	0	0	0	0	0	0	
58332	Olfactory_R	0	0	0	0	0	314	0	0	0	0	0	0	0	0	0	340	0	0	0	0	3846	0	0	0	0	268	2370	3476	0	1552	2308	2240	0	0	0	0	0	0	0	0	0	704	0	0	0	0	0	0	0	0	0	0	0	0	0	0	0	0	0	0	0	0	0	0	0	0	0	0	0	0	5744	4058	1650	296	0	0	0	0	0	0	0	0	0	0	0	0	0	0	0	0	0	0	0	0	0	0	0	0	0	0	0	0	0	0	0	0	0	0	0	0	0	0	0	0	0	0	
325208	Frontal_Sup_Medial_L	84	0	37848	5434	5904	534	15534	0	0	0	1348	0	4930	130	2406	382	0	0	5650	1738	0	0	0	17454	4754	1706	316	648	5658	0	20100	14290	6204	8704	0	0	0	0	0	0	0	0	0	0	0	0	0	0	0	0	0	0	0	0	0	0	0	0	0	0	0	0	0	0	0	0	0	0	0	0	98	0	750	0	0	0	0	0	0	0	0	0	0	0	0	0	0	0	0	0	0	0	0	0	0	0	0	0	0	0	0	0	0	0	0	0	0	0	0	0	0	0	0	0	0	0	
415256	Frontal_Sup_Medial_R	0	148	4332	43100	1008	8004	974	2836	0	638	0	1938	678	3988	112	4516	0	212	2696	13700	0	0	17454	0	874	12574	344	5208	704	2584	9730	35792	1660	17970	0	0	0	0	0	0	0	0	0	0	0	0	0	0	0	0	0	0	0	0	0	0	0	102	0	0	0	0	0	0	0	142	0	0	0	0	588	8222	200	4292	0	90	0	218	0	0	0	0	0	0	0	0	0	0	0	0	0	0	0	0	0	0	0	0	0	0	0	0	0	0	0	0	0	0	0	0	0	0	0	0	0	0	
48560	Frontal_Med_Orb_L	0	0	2160	130	4726	126	582	0	324	0	0	0	104	0	0	0	0	0	118	0	0	0	4754	874	0	964	1546	798	114	0	5590	916	92	0	0	0	0	0	0	0	0	0	0	0	0	0	0	0	0	0	0	0	0	0	0	0	0	0	0	0	0	0	0	0	0	0	0	0	0	0	132	0	230	0	0	0	0	0	0	0	0	0	0	0	0	0	0	0	0	0	0	0	0	0	0	0	0	0	0	0	0	0	0	0	0	0	0	0	0	0	0	0	0	0	0	0	
164028	Frontal_Med_Orb_R	0	0	644	11022	384	11290	0	1826	0	544	0	686	0	516	0	238	0	0	0	2120	0	268	1706	12574	964	0	512	10350	0	296	4192	13688	0	604	0	0	0	0	0	0	0	0	0	0	0	0	0	0	0	0	0	0	0	0	0	0	0	0	0	0	0	0	0	0	0	0	0	0	0	0	108	4848	0	2460	0	0	0	174	0	0	0	0	0	0	0	0	0	0	0	0	0	0	0	0	0	0	0	0	0	0	0	0	0	0	0	0	0	0	0	0	0	0	0	0	0	0	
57480	Rectus_L	0	0	312	0	5794	96	104	0	396	0	0	0	0	0	1192	0	0	0	82	0	3038	2370	316	344	1546	512	0	2082	592	0	3870	1554	0	0	0	0	0	0	0	0	0	0	0	0	0	0	0	0	0	0	0	0	0	0	0	0	0	0	0	0	0	0	0	0	0	0	0	0	0	0	2254	852	1434	0	0	0	0	0	0	0	0	0	0	0	0	0	0	0	0	0	0	0	0	0	0	0	0	0	0	0	0	0	0	0	0	0	0	0	0	0	0	0	0	0	0	0	
130780	Rectus_R	0	0	368	4820	470	8970	0	0	0	1116	0	0	0	0	0	1392	0	0	0	1756	2280	3476	648	5208	798	10350	2082	0	0	778	3842	8474	0	200	0	0	0	0	0	0	0	0	0	0	0	0	0	0	0	0	0	0	0	0	0	0	0	0	0	0	0	0	0	0	0	0	0	0	0	0	2212	4482	892	686	0	0	0	90	0	0	0	0	0	0	0	0	0	0	0	0	0	0	0	0	0	0	0	0	0	0	0	0	0	0	0	0	0	0	0	0	0	0	0	0	0	0	
590096	Insula_L	10368	0	38492	896	6010	0	25498	0	1720	0	22028	0	35460	0	23486	0	20628	0	10588	1276	2426	0	5658	704	114	0	592	0	0	0	2960	486	1846	572	352	420	12176	132	814	0	1834	0	0	0	0	0	100	0	450	0	1130	0	0	0	4302	0	4480	0	326	0	748	0	3066	0	752	0	0	90	364	0	1378	0	16510	0	0	0	1674	0	6346	0	9460	0	3206	0	4552	0	0	0	8578	0	0	0	0	0	0	0	0	0	0	0	0	0	0	0	0	0	0	0	0	0	0	0	0	0	0	0	
285600	Insula_R	0	2324	0	18096	0	708	0	10448	0	600	0	16716	0	14620	0	4088	0	12582	0	8624	0	1552	0	2584	0	296	0	778	0	0	152	970	0	702	0	0	0	5950	0	2214	0	3068	0	0	0	0	0	0	0	492	0	0	0	156	0	1900	0	572	0	176	0	0	0	348	0	246	0	448	0	0	94	730	0	17134	0	428	0	1424	0	3232	0	5704	0	976	0	1162	0	0	0	506	0	0	0	0	0	0	0	0	0	0	0	0	0	0	0	0	0	0	0	0	0	0	0	0	0	0	
344360	Cingulum_Ant_L	1368	0	17884	6560	5506	1466	8458	0	108	0	762	146	1884	148	530	106	340	0	7954	5796	2606	2308	20100	9730	5590	4192	3870	3842	2960	152	0	24350	5536	7346	0	0	0	0	0	0	0	0	0	0	0	0	0	0	0	0	0	0	0	0	0	0	0	0	0	0	0	0	0	0	0	0	0	0	0	0	8336	3672	7968	370	0	0	0	86	0	0	0	0	150	0	0	0	0	0	0	0	0	0	0	0	0	0	0	0	0	0	0	0	0	0	0	0	0	0	0	0	0	0	0	0	0	0	
504344	Cingulum_Ant_R	126	556	4742	34352	1076	9528	1050	3740	0	240	0	2170	416	2150	94	938	0	122	5786	17940	2208	2240	14290	35792	916	13688	1554	8474	486	970	24350	0	4818	23530	0	0	0	0	0	0	0	0	0	0	0	0	0	0	0	0	0	0	0	0	0	0	0	326	0	0	0	0	0	0	0	300	0	0	0	0	4174	19952	1796	6090	96	164	84	848	0	0	0	0	0	0	0	0	0	0	0	0	0	0	0	0	0	0	0	0	0	0	0	0	0	0	0	0	0	0	0	0	0	0	0	0	0	0	
161824	Cingulum_Mid_L	512	0	5764	4748	124	0	3288	0	0	0	0	0	1888	0	1140	254	0	0	9116	5650	0	0	6204	1660	92	0	0	0	1846	0	5536	4818	0	10520	2846	764	0	0	0	0	0	0	0	384	994	908	0	124	820	442	1144	118	0	278	0	440	0	0	158	0	0	0	0	0	0	0	2700	1120	3394	352	98	178	114	0	0	0	0	0	0	0	0	0	0	0	0	0	0	0	0	0	0	0	0	0	0	0	0	124	0	128	0	0	0	0	0	0	0	0	0	0	124	0	0	0	0	0	
457004	Cingulum_Mid_R	8252	1064	3188	17340	0	1362	636	604	0	0	0	94	492	1138	90	3568	0	0	16526	37464	0	0	8704	17970	0	604	0	200	572	702	7346	23530	10520	0	1170	4678	0	890	0	0	0	0	170	2172	304	3816	210	562	258	4510	0	1036	0	1856	0	2644	94	488	0	658	0	336	0	278	0	0	486	8358	12734	11766	234	1508	160	294	0	0	0	800	0	0	0	178	0	0	0	2028	0	0	0	596	0	0	0	0	0	0	0	410	0	430	0	0	0	0	0	0	0	0	0	0	424	0	0	0	0	0	
122624	Cingulum_Post_L	340	0	0	444	0	0	0	0	0	0	0	0	0	0	0	0	518	0	670	756	0	0	0	0	0	0	0	0	352	0	0	0	2846	1170	0	13088	3902	4718	1796	1634	0	0	2250	94	1112	90	1788	628	458	0	318	0	692	1824	2848	2282	420	0	0	0	0	0	0	0	0	0	6616	1870	4264	202	0	0	0	0	0	0	0	612	384	0	0	0	0	0	0	0	0	0	0	82	0	0	0	0	0	0	0	0	0	0	0	0	0	0	0	0	0	0	0	0	244	0	0	0	0	0	
131812	Cingulum_Post_R	372	332	148	498	0	0	106	0	0	0	0	0	0	0	0	0	416	0	288	1152	0	0	0	0	0	0	0	0	420	0	0	0	764	4678	13088	0	4132	6012	1594	1666	0	0	0	1470	0	438	1086	1244	0	480	82	270	100	3766	1038	4574	208	0	0	0	0	0	0	0	0	0	1724	6508	3266	554	0	0	0	0	0	0	114	1330	476	0	0	0	0	0	0	544	0	0	0	164	0	0	0	0	0	0	0	114	0	136	0	0	0	0	0	0	0	0	0	0	554	0	0	0	0	0	
251468	Hippocampus_L	3774	350	7286	446	0	0	2944	0	0	0	0	0	0	0	96	0	1174	0	1068	174	220	0	0	0	0	0	0	0	12176	0	0	0	0	0	3902	4132	0	2182	11644	968	6576	0	946	0	0	0	3034	772	84	0	338	0	92	0	15552	150	4182	0	104	0	400	0	564	0	144	0	2026	872	110	0	322	0	13706	0	1556	0	5174	1252	2206	0	904	0	516	0	138	0	0	0	10874	0	0	0	0	0	0	0	326	0	138	0	0	0	0	0	0	0	0	0	0	0	140	0	0	0	0	0	
297540	Hippocampus_R	324	4006	408	3244	0	0	516	2114	0	0	0	1972	0	188	0	0	228	3004	0	1738	0	0	0	0	0	0	0	0	132	5950	0	0	0	890	4718	6012	2182	0	892	29442	0	7516	0	174	0	0	644	1480	0	158	0	0	0	4750	496	27986	0	760	0	0	0	0	0	120	0	224	510	1860	936	284	304	284	0	16022	0	3224	96	4750	164	1272	0	2022	0	498	0	948	0	0	0	2758	0	0	0	0	0	0	0	280	0	290	0	0	0	0	0	0	0	0	0	0	0	0	0	0	0	0	
76116	ParaHippocampal_L	296	0	682	0	0	0	512	0	0	0	0	0	0	0	0	0	118	0	0	0	190	0	0	0	0	0	0	0	814	0	0	0	0	0	1796	1594	11644	892	0	444	1274	0	606	0	0	0	2926	796	0	0	274	0	164	0	5862	0	216	0	0	0	0	0	86	0	0	0	1442	608	0	0	0	0	1374	0	0	0	1276	302	0	0	0	0	0	0	0	0	0	0	798	0	0	0	0	0	102	0	456	0	0	0	0	0	0	0	0	0	0	0	106	312	96	0	0	0	0	0	
181988	ParaHippocampal_R	156	998	216	1206	0	0	274	1106	0	0	0	1224	0	158	0	0	0	1230	0	492	0	0	0	0	0	0	0	0	0	2214	0	0	0	0	1634	1666	968	29442	444	0	0	6008	0	0	0	0	272	1818	0	0	0	0	0	226	164	18184	0	448	0	0	0	0	0	0	0	132	0	852	0	0	112	114	0	11332	0	2684	0	1610	0	444	0	556	0	486	0	316	0	0	0	852	0	0	0	0	0	0	94	590	0	272	0	0	0	0	0	0	0	0	0	0	0	0	0	0	0	0	
30564	Amygdala_L	0	0	0	0	0	0	0	0	0	0	0	0	0	0	118	0	0	0	0	0	370	0	0	0	0	0	0	0	1834	0	0	0	0	0	0	0	6576	0	1274	0	0	0	0	0	0	0	0	0	0	0	0	0	0	0	2622	0	0	0	0	0	0	0	0	0	0	0	0	0	0	0	0	0	776	0	0	0	0	0	0	0	0	0	302	0	0	0	0	0	1410	0	0	0	0	0	0	0	0	0	0	0	0	0	0	0	0	0	0	0	0	0	0	0	0	0	0	0	
55408	Amygdala_R	0	0	0	0	0	0	0	0	0	0	0	0	0	0	0	208	0	0	0	0	0	704	0	0	0	0	0	0	0	3068	0	0	0	0	0	0	0	7516	0	6008	0	0	0	0	0	0	0	0	0	0	0	0	0	0	0	5668	0	0	0	0	0	0	0	0	0	0	0	0	0	0	0	0	0	2662	0	0	0	144	0	0	0	0	0	1494	0	0	0	0	0	232	0	0	0	0	0	0	0	0	0	0	0	0	0	0	0	0	0	0	0	0	0	0	0	0	0	0	
191660	Calcarine_L	230	0	0	220	0	0	0	0	0	0	0	0	0	0	0	0	0	0	230	332	0	0	0	0	0	0	0	0	0	0	0	0	0	170	2250	0	946	0	606	0	0	0	0	7260	7726	4546	9440	2362	7114	3866	23176	678	3416	0	4246	392	626	0	0	0	0	0	0	0	238	0	8822	194	1988	0	0	0	0	0	0	0	0	0	132	0	164	0	0	0	2062	0	0	0	0	0	0	202	0	0	0	0	0	532	266	586	0	0	0	0	0	0	0	0	0	0	628	184	0	0	0	0	
247608	Calcarine_R	0	100	0	0	0	0	0	0	0	0	0	0	0	0	0	0	0	0	0	158	0	0	0	0	0	0	0	0	0	0	0	0	384	2172	94	1470	0	174	0	0	0	0	7260	0	2538	22342	1058	17240	122	21214	0	14272	0	3890	0	7618	0	132	0	256	0	310	0	0	0	192	500	15834	0	158	0	0	0	0	0	0	0	0	0	0	0	0	0	0	0	1628	0	0	0	100	0	0	0	0	0	0	0	880	0	858	0	0	0	0	0	0	0	0	0	0	850	0	0	0	0	0	
98812	Cuneus_L	300	0	0	372	0	0	0	0	0	0	0	0	0	0	0	0	0	0	354	586	0	0	0	0	0	0	0	0	0	0	0	0	994	304	1112	0	0	0	0	0	0	0	7726	2538	0	5146	92	102	11032	1600	5406	98	0	0	0	0	576	0	746	0	222	0	0	0	0	0	7752	1252	1096	0	0	0	0	0	0	0	0	0	0	0	0	0	0	0	0	0	0	0	0	0	0	0	0	0	0	0	0	0	0	0	0	0	0	0	0	0	0	0	0	0	0	0	0	0	0	0	
243360	Cuneus_R	0	330	0	0	0	0	0	0	0	0	0	0	0	0	0	0	0	0	0	162	0	0	0	0	0	0	0	0	0	0	0	0	908	3816	90	438	0	0	0	0	0	0	4546	22342	5146	0	606	6440	324	31634	0	12108	0	1132	0	2292	0	494	0	1260	0	134	0	0	0	260	3796	21220	0	168	0	0	0	0	0	0	0	0	0	0	0	0	0	0	0	682	0	0	0	0	0	0	0	0	0	0	0	448	0	446	0	0	0	0	0	0	0	0	0	0	458	0	0	0	0	0	
270108	Lingual_L	0	0	0	0	0	0	0	0	0	0	0	0	0	0	0	0	0	0	0	0	0	0	0	0	0	0	0	0	100	0	0	0	0	210	1788	1086	3034	644	2926	272	0	0	9440	1058	92	606	0	4816	544	402	8016	160	3410	546	16480	2976	0	0	0	0	0	0	0	0	0	0	2916	538	0	0	0	0	0	0	0	0	366	122	0	0	0	0	0	0	108	0	0	0	0	0	13284	1804	2858	430	0	0	11422	2890	16010	5790	318	166	1058	612	244	368	0	0	0	0	6308	5716	1862	316	310	632	
327852	Lingual_R	0	0	0	258	0	0	0	0	0	0	0	0	0	0	0	0	0	0	0	252	0	0	0	0	0	0	0	0	0	0	0	0	124	562	628	1244	772	1480	796	1818	0	0	2362	17240	102	6440	4816	0	0	9322	118	5938	122	4482	2390	22844	0	0	0	0	0	0	0	0	0	0	384	5426	0	0	0	130	0	224	0	154	0	348	0	0	0	0	0	0	0	138	0	0	0	104	4654	8702	1080	250	296	282	3642	9164	7674	16334	182	0	844	180	86	0	0	0	0	278	8888	7436	2796	140	0	0	
131348	Occipital_Sup_L	1420	0	0	144	0	0	0	0	0	0	0	0	0	0	0	0	0	0	182	318	0	0	0	0	0	0	0	0	450	0	0	0	820	258	458	0	84	0	0	0	0	0	7114	122	11032	324	544	0	0	0	19138	0	612	0	0	0	3124	0	6174	0	1666	0	222	0	1094	0	8236	164	1546	0	0	0	82	0	0	0	0	0	0	0	0	0	0	0	212	0	0	0	134	0	0	0	0	0	0	0	0	0	0	0	0	0	0	0	0	0	0	0	0	0	0	0	0	0	0	0	
351376	Occipital_Sup_R	224	3156	0	0	0	0	0	0	0	0	0	174	0	0	0	0	0	586	0	844	0	0	0	0	0	0	0	0	0	492	0	0	442	4510	0	480	0	158	0	0	0	0	3866	21214	1600	31634	402	9322	0	0	0	31206	0	1756	0	1906	0	4522	0	8970	0	3116	0	1022	0	8528	1334	28022	558	2734	0	0	0	124	0	0	0	132	0	0	0	310	0	0	0	2232	0	0	0	112	0	0	0	0	0	0	0	0	0	0	0	0	0	0	0	0	0	0	0	0	0	0	0	0	0	0	
402744	Occipital_Mid_L	3538	178	0	138	0	0	0	0	0	0	0	0	0	0	0	0	182	0	0	134	0	0	0	0	0	0	0	0	1130	0	0	0	1144	0	318	82	338	0	274	0	0	0	23176	0	5406	0	8016	118	19138	0	0	0	14020	0	8330	0	11730	0	19002	0	18282	0	468	0	25066	0	8500	0	7812	0	0	0	142	0	0	0	130	0	168	0	920	0	0	0	19452	0	0	0	3370	0	0	0	0	0	0	0	0	0	382	102	0	0	0	0	0	0	0	0	0	0	0	186	0	0	0	0	
247928	Occipital_Mid_R	0	394	0	0	0	0	0	0	0	0	0	0	0	0	0	0	0	122	0	168	0	0	0	0	0	0	0	0	0	0	0	0	118	1036	0	270	0	0	0	0	0	0	678	14272	98	12108	160	5938	0	31206	0	0	0	3246	0	2000	0	586	0	6188	0	4636	0	186	0	17706	416	10932	0	206	0	0	0	100	0	0	0	0	0	0	0	726	0	0	0	10164	0	0	0	304	0	0	0	0	0	0	0	0	0	0	0	0	0	0	0	0	0	0	0	0	0	0	0	0	0	0	
87444	Occipital_Inf_L	754	0	0	0	0	0	0	0	0	0	0	0	0	0	0	0	320	0	0	0	0	0	0	0	0	0	0	0	0	0	0	0	0	0	692	100	92	0	164	0	0	0	3416	0	0	0	3410	122	612	0	14020	0	0	0	7756	0	286	0	0	0	0	0	0	0	106	0	1366	0	1866	0	0	0	0	0	0	0	0	0	764	0	1216	0	0	0	2698	0	0	0	3122	0	144	0	0	0	0	0	0	0	368	112	0	0	0	0	0	0	0	0	0	0	0	216	0	0	0	0	
121060	Occipital_Inf_R	0	1434	0	0	0	0	0	0	0	0	0	134	0	0	0	0	150	0	0	380	0	0	0	0	0	0	0	0	0	156	0	0	278	1856	1824	3766	0	4750	0	226	0	0	0	3890	0	1132	546	4482	0	1756	0	3246	0	0	292	14752	0	152	0	0	0	0	0	0	0	120	90	3576	1422	258	0	0	0	0	0	0	0	0	104	178	0	196	0	0	0	1330	0	0	0	1988	392	766	168	0	0	0	128	778	434	1756	0	0	0	0	0	0	0	0	0	0	844	386	414	0	0	0	
402428	Fusiform_L	848	0	992	0	0	0	650	0	0	0	0	0	0	0	0	0	464	0	284	0	0	0	0	0	0	0	0	0	4302	0	0	0	0	0	2848	1038	15552	496	5862	164	2622	0	4246	0	0	0	16480	2390	0	0	8330	0	7756	292	0	1044	562	0	0	0	104	0	214	0	194	0	2956	338	922	0	0	0	2316	0	0	0	1698	0	4210	0	2496	0	594	0	2806	0	1256	0	18694	0	24946	998	8960	524	88	0	10404	140	28964	2412	496	322	820	204	238	0	0	0	0	0	466	3132	2080	0	0	0	
502000	Fusiform_R	144	1724	132	658	0	0	166	620	0	0	0	610	0	0	0	0	150	256	0	674	0	0	0	0	0	0	0	0	0	1900	0	0	440	2644	2282	4574	150	27986	0	18184	0	5668	392	7618	0	2292	2976	22844	0	1906	0	2000	0	14752	1044	0	0	208	0	0	0	0	0	0	0	130	148	6852	1500	296	0	0	0	7786	0	968	0	874	104	882	0	1906	0	2080	0	2314	0	938	0	8424	4106	19392	1980	1224	0	398	2964	11664	4600	26614	158	0	1180	324	98	134	0	0	126	412	8234	3028	4004	164	0	0	
232532	Postcentral_L	25496	322	102	340	0	0	422	0	0	0	2154	0	154	0	0	0	5478	0	86	316	0	0	0	0	0	0	0	0	4480	0	0	0	0	94	420	208	4182	0	216	0	0	0	626	0	576	0	0	0	3124	0	11730	0	286	0	562	0	0	0	7974	0	15410	0	4806	0	3778	0	1748	0	6418	0	530	0	5654	0	1266	0	1184	0	2070	0	1494	0	0	0	2168	0	0	0	392	0	0	0	0	0	0	0	0	0	0	0	0	0	0	0	0	0	0	0	0	0	0	0	0	0	0	0	
116012	Postcentral_R	484	14392	618	1372	0	158	538	450	0	0	0	1708	0	0	0	0	0	3256	84	762	0	0	0	102	0	0	0	0	0	572	0	326	0	488	0	0	0	760	0	448	0	0	0	132	0	494	0	0	0	4522	0	586	0	152	0	208	0	0	0	2406	0	4540	0	9284	0	446	0	3276	130	2230	170	374	0	1112	0	124	0	162	0	88	0	158	0	0	0	128	0	0	0	766	0	0	0	0	0	0	0	0	0	0	0	0	0	0	0	0	0	0	0	0	0	0	0	0	0	0	
130136	Parietal_Sup_L	464	0	0	0	0	0	0	0	0	0	0	0	0	0	0	0	0	0	0	0	0	0	0	0	0	0	0	0	326	0	0	0	158	0	0	0	104	0	0	0	0	0	0	0	746	0	0	0	6174	0	19002	0	0	0	0	0	7974	0	0	0	14970	0	0	0	9658	0	4828	0	556	0	0	0	0	0	0	0	0	0	0	0	0	0	0	0	108	0	0	0	0	0	0	0	0	0	0	0	0	0	0	0	0	0	0	0	0	0	0	0	0	0	0	0	0	0	0	0	
95648	Parietal_Sup_R	0	658	0	0	0	0	0	0	0	0	0	0	0	0	0	0	0	192	0	176	0	0	0	0	0	0	0	0	0	176	0	0	0	658	0	0	0	0	0	0	0	0	0	256	0	1260	0	0	0	8970	0	6188	0	0	0	0	0	2406	0	0	0	7872	0	1046	0	10946	218	6300	0	286	0	0	0	0	0	0	0	0	0	0	0	122	0	0	0	94	0	0	0	0	0	0	0	0	0	0	0	0	0	0	0	0	0	0	0	0	0	0	0	0	0	0	0	0	0	0	
196480	Parietal_Inf_L	2820	0	0	0	0	0	0	0	0	0	0	0	0	0	0	0	578	0	0	0	0	0	0	0	0	0	0	0	748	0	0	0	0	0	0	0	400	0	0	0	0	0	0	0	222	0	0	0	1666	0	18282	0	0	0	104	0	15410	0	14970	0	0	0	11684	0	24164	0	92	0	1676	0	0	0	430	0	282	0	0	0	0	0	842	0	0	0	2862	0	0	0	1008	0	0	0	0	0	0	0	0	0	0	0	0	0	0	0	0	0	0	0	0	0	0	0	0	0	0	0	
104620	Parietal_Inf_R	0	1962	0	130	0	0	84	0	0	0	0	158	0	0	0	0	0	110	0	118	0	0	0	0	0	0	0	0	0	0	0	0	0	336	0	0	0	0	0	0	0	0	0	310	0	134	0	0	0	3116	0	4636	0	0	0	0	0	4540	0	7872	0	0	0	9548	0	13484	0	1088	0	120	0	0	0	96	0	0	0	0	0	0	0	904	0	0	0	2394	0	0	0	1170	0	0	0	0	0	0	0	0	0	0	0	0	0	0	0	0	0	0	0	0	0	0	0	0	0	0	
103968	SupraMarginal_L	1148	0	0	0	0	0	0	0	0	0	0	0	0	0	0	0	4164	0	0	0	0	0	0	0	0	0	0	0	3066	0	0	0	0	0	0	0	564	0	86	0	0	0	0	0	0	0	0	0	222	0	468	0	0	0	214	0	4806	0	0	0	11684	0	0	0	9696	0	0	0	1496	0	0	0	514	0	0	0	0	0	314	0	4826	0	0	0	7330	0	0	0	1386	0	0	0	0	0	0	0	0	0	0	0	0	0	0	0	0	0	0	0	0	0	0	0	0	0	0	0	
77196	SupraMarginal_R	180	2370	182	178	0	0	234	0	0	0	0	420	0	0	0	0	0	3076	0	88	0	0	0	0	0	0	0	0	0	348	0	0	0	278	0	0	0	120	0	0	0	0	0	0	0	0	0	0	0	1022	0	186	0	0	0	0	0	9284	0	1046	0	9548	0	0	0	4526	0	1190	0	88	0	0	0	182	0	0	0	0	0	0	0	2294	0	0	0	600	0	0	0	1158	0	0	0	0	0	0	0	0	0	0	0	0	0	0	0	0	0	0	0	0	0	0	0	0	0	0	
187104	Angular_L	778	0	0	0	0	0	0	0	0	0	0	0	0	0	0	0	580	0	0	0	0	0	0	0	0	0	0	0	752	0	0	0	0	0	0	0	144	0	0	0	0	0	238	0	0	0	0	0	1094	0	25066	0	106	0	194	0	3778	0	9658	0	24164	0	9696	0	0	0	0	0	1188	0	0	0	310	0	0	0	0	0	0	0	2164	0	0	0	12932	0	0	0	710	0	0	0	0	0	0	0	0	0	0	0	0	0	0	0	0	0	0	0	0	0	0	0	0	0	0	0	
143044	Angular_R	0	144	0	412	0	140	0	134	0	0	0	0	0	0	0	0	0	344	0	0	0	0	0	142	0	0	0	0	0	246	0	300	0	0	0	0	0	224	0	132	0	0	0	192	0	260	0	0	0	8528	0	17706	0	120	0	130	0	446	0	10946	0	13484	0	4526	0	0	0	1240	0	0	0	314	0	584	0	0	0	0	0	0	0	3410	0	0	0	5760	0	0	0	1658	0	0	0	0	0	0	0	0	0	0	0	0	0	0	0	0	0	0	0	0	0	0	0	0	0	0	
162736	Precuneus_L	458	0	0	240	0	0	0	0	0	0	0	0	0	0	0	0	0	0	334	360	0	0	0	0	0	0	0	0	0	0	0	0	2700	486	6616	1724	2026	510	1442	0	0	0	8822	500	7752	3796	2916	384	8236	1334	8500	416	1366	90	2956	148	1748	0	4828	218	92	0	0	0	0	0	0	6494	2992	0	0	0	0	0	0	0	0	162	164	0	160	0	0	0	244	0	0	0	0	0	0	0	0	0	0	0	0	0	0	0	0	0	0	0	0	0	0	0	0	0	154	0	0	0	0	0	
302380	Precuneus_R	174	2882	0	0	0	0	0	0	0	0	0	170	0	0	0	0	98	582	0	1606	0	0	0	0	0	0	0	0	90	448	0	0	1120	8358	1870	6508	872	1860	608	852	0	0	194	15834	1252	21220	538	5426	164	28022	0	10932	0	3576	338	6852	0	3276	0	6300	0	1088	0	1190	0	1240	6494	0	504	2600	0	0	0	134	0	0	0	352	0	82	0	278	0	0	0	1946	0	0	0	160	0	0	0	0	0	0	0	1170	0	714	0	0	0	0	0	0	0	0	0	0	1216	0	0	0	0	0	
293800	Paracentral_Lobule_L	29096	2338	4668	5108	0	0	0	0	0	0	0	0	0	0	0	0	438	0	14526	15828	0	0	0	0	0	0	0	0	364	0	0	0	3394	12734	4264	3266	110	936	0	0	0	0	1988	0	1096	0	0	0	1546	558	7812	0	1866	1422	922	1500	6418	130	556	0	1676	0	1496	0	1188	0	2992	504	0	6554	654	122	0	0	0	0	2400	534	400	0	522	0	0	0	3688	260	0	0	942	84	0	0	0	0	0	0	0	0	0	0	0	0	0	0	0	0	0	0	0	0	0	0	0	0	0	0	
100248	Paracentral_Lobule_R	3604	1964	0	678	0	0	0	0	0	0	0	0	0	0	0	0	0	0	1344	12458	0	0	0	0	0	0	0	0	0	0	0	0	352	11766	202	554	0	284	0	0	0	0	0	158	0	168	0	0	0	2734	0	206	0	258	0	296	0	2230	0	286	0	120	0	88	0	0	0	2600	6554	0	0	0	0	0	0	0	0	696	0	0	0	0	0	0	0	524	0	0	0	0	0	0	0	0	0	0	0	0	0	0	0	0	0	0	0	0	0	0	0	0	0	0	0	0	0	0	
229688	Caudate_L	4540	328	15246	4580	0	150	3774	0	0	142	222	192	388	0	172	180	228	0	9526	5802	4080	5744	98	588	132	108	2254	2212	1378	94	8336	4174	98	234	0	0	322	304	0	112	0	0	0	0	0	0	0	0	0	0	0	0	0	0	0	0	530	170	0	0	0	0	0	0	0	0	0	0	654	0	0	8930	16960	1246	2210	134	7792	480	0	0	0	0	0	0	0	0	0	0	0	0	0	0	0	0	0	0	0	0	0	0	0	0	0	0	0	0	0	0	0	0	0	0	0	0	0	0	
325608	Caudate_R	558	5444	952	24376	0	4810	690	452	0	1620	0	244	0	82	0	1480	0	382	1994	20936	2266	4058	0	8222	0	4848	852	4482	0	730	3672	19952	178	1508	0	0	0	284	0	114	0	0	0	0	0	0	0	130	0	0	0	0	0	0	0	0	0	374	0	0	0	0	0	0	0	314	0	0	122	0	8930	0	2234	14300	94	2580	406	18134	0	0	0	0	0	0	0	0	0	0	0	0	0	0	0	0	0	0	0	0	0	0	0	0	0	0	0	0	0	0	0	0	0	0	0	0	0	0	
303180	Putamen_L	7328	156	23118	1454	4132	0	6032	0	144	0	1556	0	1444	0	4184	0	1598	0	9992	1562	984	1650	750	200	230	0	1434	892	16510	0	7968	1796	114	160	0	0	13706	0	1374	0	776	0	0	0	0	0	0	0	82	0	142	0	0	0	2316	0	5654	0	0	0	430	0	514	0	310	0	0	0	0	0	16960	2234	0	468	6456	0	2194	0	144	0	284	0	148	0	0	0	0	0	2010	0	0	0	0	0	0	0	0	0	0	0	0	0	0	0	0	0	0	0	0	0	0	0	0	0	0	0	
286336	Putamen_R	438	4532	704	10220	0	2682	848	4482	0	2622	0	4738	0	1004	0	4606	0	3378	110	6886	0	296	0	4292	0	2460	0	686	0	17134	370	6090	0	294	0	0	0	16022	0	11332	0	2662	0	0	0	0	0	224	0	124	0	100	0	0	0	7786	0	1112	0	0	0	96	0	182	0	584	0	134	0	0	1246	14300	468	0	0	4474	102	1842	0	0	0	504	0	152	0	368	0	0	0	264	0	0	0	0	0	0	0	124	0	94	0	0	0	0	0	0	0	0	0	0	0	0	0	0	0	0	
50360	Pallidum_L	2378	0	5428	208	0	0	988	0	0	0	0	0	0	0	0	0	0	0	2018	134	0	0	0	0	0	0	0	0	0	0	0	96	0	0	0	0	1556	0	0	0	0	0	0	0	0	0	0	0	0	0	0	0	0	0	0	0	1266	0	0	0	282	0	0	0	0	0	0	0	0	0	2210	94	6456	0	0	0	2066	0	0	0	0	0	0	0	0	0	0	0	0	0	0	0	0	0	0	0	0	0	0	0	0	0	0	0	0	0	0	0	0	0	0	0	0	0	0	0	
38832	Pallidum_R	144	514	230	898	0	0	210	408	0	0	0	630	0	0	0	0	0	258	178	708	0	0	0	90	0	0	0	0	0	428	0	164	0	0	0	0	0	3224	0	2684	0	0	0	0	0	0	0	154	0	0	0	0	0	0	0	968	0	124	0	0	0	0	0	0	0	0	0	0	0	0	134	2580	0	4474	0	0	0	214	0	0	0	0	0	0	0	0	0	0	0	0	0	0	0	0	0	0	0	0	0	0	0	0	0	0	0	0	0	0	0	0	0	0	0	0	0	0	
133828	Thalamus_L	6424	326	19026	236	0	0	7422	0	0	0	134	0	0	0	0	0	160	0	992	200	0	0	0	0	0	0	0	0	1674	0	0	84	0	0	0	114	5174	96	1276	0	0	0	0	0	0	0	366	0	0	0	130	0	0	0	1698	0	1184	0	0	0	0	0	0	0	0	0	0	0	2400	0	7792	406	2194	102	2066	0	0	1928	916	0	396	0	0	0	220	0	0	0	1668	0	0	0	0	0	0	0	110	0	0	0	0	0	0	0	0	0	0	0	0	0	0	0	0	0	0	0	
161528	Thalamus_R	408	8314	374	17818	0	160	126	474	0	0	0	248	0	0	0	0	0	914	130	11296	0	0	0	218	0	174	0	90	0	1424	86	848	0	800	612	1330	1252	4750	302	1610	0	144	0	0	0	0	122	348	0	132	0	0	0	0	0	874	0	162	0	0	0	0	0	0	0	0	162	352	534	696	480	18134	0	1842	0	214	1928	0	128	0	0	508	0	0	0	124	0	0	0	122	0	0	0	0	0	0	0	0	0	0	0	0	0	0	0	0	0	0	0	0	0	0	0	0	0	0	
68952	Heschl_L	1464	100	0	106	0	0	0	0	0	0	398	0	0	0	0	0	5010	0	0	0	0	0	0	0	0	0	0	0	6346	0	0	0	0	0	384	476	2206	164	0	0	0	0	132	0	0	0	0	0	0	0	168	0	764	104	4210	104	2070	0	0	0	0	0	314	0	0	0	164	0	400	0	0	0	144	0	0	0	916	128	0	0	3984	0	0	0	1808	0	0	0	2412	0	0	0	0	0	0	0	0	0	0	0	0	0	0	0	0	0	0	0	0	0	0	0	0	0	0	0	
32356	Heschl_R	0	114	0	0	0	0	0	0	0	0	0	0	0	0	0	0	0	1870	0	0	0	0	0	0	0	0	0	0	0	3232	0	0	0	0	0	0	0	1272	0	444	0	0	0	0	0	0	0	0	0	0	0	0	0	178	0	882	0	88	0	0	0	0	0	0	0	0	0	82	0	0	0	0	0	0	0	0	0	0	0	0	0	5236	0	0	0	1420	0	0	0	1360	0	0	0	0	0	0	0	0	0	0	0	0	0	0	0	0	0	0	0	0	0	0	0	0	0	0	
152456	Temporal_Sup_L	678	0	410	0	0	0	314	0	0	0	234	0	0	0	0	0	2926	0	126	0	0	0	0	0	0	0	0	0	9460	0	0	0	0	0	0	0	904	0	0	0	0	0	164	0	0	0	0	0	0	0	920	0	1216	0	2496	0	1494	0	0	0	842	0	4826	0	2164	0	160	0	522	0	0	0	284	0	0	0	396	0	3984	0	0	0	2448	0	25448	0	172	0	13640	0	0	0	0	0	0	0	0	0	0	0	0	0	0	0	0	0	0	0	0	0	0	0	0	0	0	0	
99016	Temporal_Sup_R	0	180	0	0	0	0	0	0	0	0	0	88	0	0	0	0	0	1844	0	0	0	0	0	0	0	0	0	0	0	5704	0	0	0	178	0	0	0	2022	0	556	0	0	0	0	0	0	0	0	0	310	0	726	0	196	0	1906	0	158	0	122	0	904	0	2294	0	3410	0	278	0	0	0	0	0	504	0	0	0	508	0	5236	0	0	0	1224	0	14626	0	100	0	6434	0	0	0	0	0	0	0	0	0	0	0	0	0	0	0	0	0	0	0	0	0	0	0	0	0	0	
43944	Temporal_Pole_Sup_L	322	0	390	0	86	0	1378	0	0	0	2408	0	600	0	538	0	320	0	280	0	120	0	0	0	0	0	0	0	3206	0	150	0	0	0	0	0	516	0	0	0	302	0	0	0	0	0	0	0	0	0	0	0	0	0	594	0	0	0	0	0	0	0	0	0	0	0	0	0	0	0	0	0	148	0	0	0	0	0	0	0	2448	0	0	0	3728	0	2866	0	1572	0	0	0	0	0	0	0	0	0	0	0	0	0	0	0	0	0	0	0	0	0	0	0	0	0	0	0	
25920	Temporal_Pole_Sup_R	0	0	0	348	0	0	0	0	0	0	0	544	0	136	0	0	0	516	0	266	0	0	0	0	0	0	0	0	0	976	0	0	0	0	0	0	0	498	0	486	0	1494	0	0	0	0	0	0	0	0	0	0	0	0	0	2080	0	0	0	0	0	0	0	0	0	0	0	0	0	0	0	0	0	152	0	0	0	0	0	0	0	1224	0	0	0	864	0	1646	0	1730	0	0	0	0	0	0	0	0	0	0	0	0	0	0	0	0	0	0	0	0	0	0	0	0	0	0	
247616	Temporal_Mid_L	1680	0	0	0	0	0	98	0	0	0	0	0	0	0	0	0	604	0	0	0	0	0	0	0	0	0	0	0	4552	0	0	0	0	0	0	0	138	0	0	0	0	0	2062	0	0	0	108	0	212	0	19452	0	2698	0	2806	0	2168	0	108	0	2862	0	7330	0	12932	0	244	0	3688	0	0	0	0	0	0	0	220	0	1808	0	25448	0	3728	0	0	0	3390	0	25472	0	0	0	0	0	0	0	0	0	0	0	0	0	0	0	0	0	0	0	0	0	0	0	0	0	0	0	
150512	Temporal_Mid_R	134	550	0	150	0	0	98	0	0	0	0	184	0	0	0	0	0	0	0	440	0	0	0	0	0	0	0	0	0	1162	0	0	0	2028	0	544	0	948	0	316	0	0	0	1628	0	682	0	138	0	2232	0	10164	0	1330	0	2314	0	128	0	94	0	2394	0	600	0	5760	0	1946	260	524	0	0	0	368	0	0	0	124	0	1420	0	14626	0	864	0	0	0	410	0	20696	0	0	0	0	0	0	0	0	0	0	0	0	0	0	0	0	0	0	0	0	0	0	0	0	0	0	
19960	Temporal_Pole_Mid_L	0	0	0	0	0	0	0	0	0	0	0	0	0	0	0	0	0	0	0	0	0	0	0	0	0	0	0	0	0	0	0	0	0	0	0	0	0	0	0	0	0	0	0	0	0	0	0	0	0	0	0	0	0	0	1256	0	0	0	0	0	0	0	0	0	0	0	0	0	0	0	0	0	0	0	0	0	0	0	0	0	172	0	2866	0	3390	0	0	0	2296	0	0	0	0	0	0	0	0	0	0	0	0	0	0	0	0	0	0	0	0	0	0	0	0	0	0	0	
9160	Temporal_Pole_Mid_R	0	0	0	0	0	0	0	0	0	0	0	0	0	0	0	0	0	0	0	0	0	0	0	0	0	0	0	0	0	0	0	0	0	0	0	0	0	0	0	0	0	0	0	0	0	0	0	0	0	0	0	0	0	0	0	938	0	0	0	0	0	0	0	0	0	0	0	0	0	0	0	0	0	0	0	0	0	0	0	0	0	100	0	1646	0	410	0	0	0	1486	0	0	0	0	0	0	0	0	0	0	0	0	0	0	0	0	0	0	0	0	0	0	0	0	0	0	
213884	Temporal_Inf_L	868	0	906	0	0	0	766	0	0	0	0	0	0	0	0	0	434	0	258	0	0	0	0	0	0	0	0	0	8578	0	0	0	0	0	0	0	10874	0	798	0	1410	0	0	0	0	0	0	0	134	0	3370	0	3122	0	18694	0	392	0	0	0	1008	0	1386	0	710	0	0	0	942	0	0	0	2010	0	0	0	1668	0	2412	0	13640	0	1572	0	25472	0	2296	0	0	0	1328	0	1234	0	0	0	470	0	190	0	0	0	0	0	0	0	0	0	0	0	0	0	0	0	0	0	
111960	Temporal_Inf_R	110	1054	100	98	0	0	172	0	0	0	0	336	0	0	0	0	0	0	0	98	0	0	0	0	0	0	0	0	0	506	0	0	0	596	82	164	0	2758	0	852	0	232	0	100	0	0	0	104	0	112	0	304	0	1988	0	8424	0	766	0	0	0	1170	0	1158	0	1658	0	160	84	0	0	0	0	264	0	0	0	122	0	1360	0	6434	0	1730	0	20696	0	1486	0	0	0	702	0	0	0	0	0	0	0	0	0	0	0	0	0	0	0	0	0	0	0	0	0	0	0	0	
588324	Cerebelum_Crus1_L	0	0	0	0	0	0	0	0	0	0	0	0	0	0	0	0	0	0	0	0	0	0	0	0	0	0	0	0	0	0	0	0	0	0	0	0	0	0	0	0	0	0	0	0	0	0	13284	4654	0	0	0	0	144	392	24946	4106	0	0	0	0	0	0	0	0	0	0	0	0	0	0	0	0	0	0	0	0	0	0	0	0	0	0	0	0	0	0	0	0	1328	0	0	11346	54194	6502	238	502	23514	2512	59054	14162	12010	1184	20322	2930	1212	332	290	104	316	1528	7794	8500	15108	1380	190	84	
472516	Cerebelum_Crus1_R	0	0	0	0	0	0	0	0	0	0	0	0	0	0	0	0	0	0	0	0	0	0	0	0	0	0	0	0	0	0	0	0	0	0	0	0	0	0	0	0	0	0	202	0	0	0	1804	8702	0	0	0	0	0	766	998	19392	0	0	0	0	0	0	0	0	0	0	0	0	0	0	0	0	0	0	0	0	0	0	0	0	0	0	0	0	0	0	0	0	0	702	11346	0	7928	34170	202	966	7378	16140	10268	56900	2038	3662	5672	7880	346	794	0	94	262	1558	12794	7046	14462	1424	362	0	
475520	Cerebelum_Crus2_L	0	0	0	0	0	0	0	0	0	0	0	0	0	0	0	0	0	0	0	0	0	0	0	0	0	0	0	0	0	0	0	0	0	0	0	0	0	0	0	0	0	0	0	0	0	0	2858	1080	0	0	0	0	0	168	8960	1980	0	0	0	0	0	0	0	0	0	0	0	0	0	0	0	0	0	0	0	0	0	0	0	0	0	0	0	0	0	0	0	0	1234	0	54194	7928	0	21854	304	2298	7282	1840	20088	6004	27442	5890	25122	9666	1202	434	288	538	242	1958	2888	1220	20048	2750	0	0	
405072	Cerebelum_Crus2_R	0	0	0	0	0	0	0	0	0	0	0	0	0	0	0	0	0	0	0	0	0	0	0	0	0	0	0	0	0	0	0	0	0	0	0	0	0	0	0	0	0	0	0	0	0	0	430	250	0	0	0	0	0	0	524	1224	0	0	0	0	0	0	0	0	0	0	0	0	0	0	0	0	0	0	0	0	0	0	0	0	0	0	0	0	0	0	0	0	0	0	6502	34170	21854	0	280	2978	5882	3290	5482	11826	9454	19614	15058	26022	1098	1642	256	702	452	2672	4362	1106	19000	5514	810	82	
32920	Cerebelum_3_L	0	0	0	0	0	0	0	0	0	0	0	0	0	0	0	0	0	0	0	0	0	0	0	0	0	0	0	0	0	0	0	0	0	0	0	0	0	0	102	0	0	0	0	0	0	0	0	296	0	0	0	0	0	0	88	0	0	0	0	0	0	0	0	0	0	0	0	0	0	0	0	0	0	0	0	0	0	0	0	0	0	0	0	0	0	0	0	0	0	0	238	202	304	280	0	346	6454	202	716	232	0	0	690	204	644	96	94	0	442	1624	1246	366	952	494	148	0	
90388	Cerebelum_3_R	0	0	0	0	0	0	0	0	0	0	0	0	0	0	0	0	0	0	0	0	0	0	0	0	0	0	0	0	0	0	0	0	0	0	0	0	0	0	0	0	0	0	0	0	0	0	0	282	0	0	0	0	0	0	0	398	0	0	0	0	0	0	0	0	0	0	0	0	0	0	0	0	0	0	0	0	0	0	0	0	0	0	0	0	0	0	0	0	0	0	502	966	2298	2978	346	0	1446	6220	634	4434	360	0	2438	3576	378	1172	0	0	2126	6710	2316	228	2794	1454	1050	88	
421904	Cerebelum_4_5_L	0	0	0	0	0	0	0	0	0	0	0	0	0	0	0	0	0	0	0	0	0	0	0	0	0	0	0	0	0	0	0	0	0	0	0	0	326	0	456	94	0	0	0	0	0	0	11422	3642	0	0	0	0	0	128	10404	2964	0	0	0	0	0	0	0	0	0	0	0	0	0	0	0	0	0	0	0	0	110	0	0	0	0	0	0	0	0	0	0	0	470	0	23514	7378	7282	5882	6454	1446	0	6560	36900	10564	2600	894	14402	5238	3410	984	732	376	1100	4092	19748	6902	9394	3362	884	838	
279508	Cerebelum_4_5_R	0	0	0	0	0	0	0	0	0	0	0	0	0	0	0	0	0	0	0	0	0	0	0	0	0	0	0	0	0	0	0	0	124	410	0	114	0	280	0	590	0	0	532	880	0	448	2890	9164	0	0	0	0	0	778	140	11664	0	0	0	0	0	0	0	0	0	0	0	1170	0	0	0	0	0	124	0	0	0	0	0	0	0	0	0	0	0	0	0	0	0	0	2512	16140	1840	3290	202	6220	6560	0	4274	33590	522	0	3472	2602	274	778	0	102	794	3970	18310	1086	2742	898	268	0	
573588	Cerebelum_6_L	0	0	0	0	0	0	0	0	0	0	0	0	0	0	0	0	0	0	0	0	0	0	0	0	0	0	0	0	0	0	0	0	0	0	0	0	138	0	0	0	0	0	266	0	0	0	16010	7674	0	0	382	0	368	434	28964	4600	0	0	0	0	0	0	0	0	0	0	0	0	0	0	0	0	0	0	0	0	0	0	0	0	0	0	0	0	0	0	0	0	190	0	59054	10268	20088	5482	716	634	36900	4274	0	16174	6324	1464	14396	3742	1028	684	176	150	514	2244	12240	14068	14020	2432	502	194	
568892	Cerebelum_6_R	0	0	0	0	0	0	0	0	0	0	0	0	0	0	0	0	0	0	0	0	0	0	0	0	0	0	0	0	0	0	0	0	128	430	0	136	0	290	0	272	0	0	586	858	0	446	5790	16334	0	0	102	0	112	1756	2412	26614	0	0	0	0	0	0	0	0	0	0	0	714	0	0	0	0	0	94	0	0	0	0	0	0	0	0	0	0	0	0	0	0	0	0	14162	56900	6004	11826	232	4434	10564	33590	16174	0	1662	790	6694	4654	432	1648	0	292	830	3428	22178	13036	14806	2406	540	90	
235144	Cerebelum_7b_L	0	0	0	0	0	0	0	0	0	0	0	0	0	0	0	0	0	0	0	0	0	0	0	0	0	0	0	0	0	0	0	0	0	0	0	0	0	0	0	0	0	0	0	0	0	0	318	182	0	0	0	0	0	0	496	158	0	0	0	0	0	0	0	0	0	0	0	0	0	0	0	0	0	0	0	0	0	0	0	0	0	0	0	0	0	0	0	0	0	0	12010	2038	27442	9454	0	360	2600	522	6324	1662	0	4412	29932	3970	2032	538	144	0	98	482	1196	950	6466	3446	340	0	
139220	Cerebelum_7b_R	0	0	0	0	0	0	0	0	0	0	0	0	0	0	0	0	0	0	0	0	0	0	0	0	0	0	0	0	0	0	0	0	0	0	0	0	0	0	0	0	0	0	0	0	0	0	166	0	0	0	0	0	0	0	322	0	0	0	0	0	0	0	0	0	0	0	0	0	0	0	0	0	0	0	0	0	0	0	0	0	0	0	0	0	0	0	0	0	0	0	1184	3662	5890	19614	0	0	894	0	1464	790	4412	0	3568	20048	186	1264	0	0	0	0	0	84	3614	2448	0	0	
460032	Cerebelum_8_L	0	0	0	0	0	0	0	0	0	0	0	0	0	0	0	0	0	0	0	0	0	0	0	0	0	0	0	0	0	0	0	0	0	0	0	0	0	0	0	0	0	0	0	0	0	0	1058	844	0	0	0	0	0	0	820	1180	0	0	0	0	0	0	0	0	0	0	0	0	0	0	0	0	0	0	0	0	0	0	0	0	0	0	0	0	0	0	0	0	0	0	20322	5672	25122	15058	690	2438	14402	3472	14396	6694	29932	3568	0	12962	20364	3130	2862	770	640	2948	9250	3220	15330	10406	2368	98	
324044	Cerebelum_8_R	0	0	0	0	0	0	0	0	0	0	0	0	0	0	0	0	0	0	0	0	0	0	0	0	0	0	0	0	0	0	0	0	0	0	0	0	0	0	0	0	0	0	0	0	0	0	612	180	0	0	0	0	0	0	204	324	0	0	0	0	0	0	0	0	0	0	0	0	0	0	0	0	0	0	0	0	0	0	0	0	0	0	0	0	0	0	0	0	0	0	2930	7880	9666	26022	204	3576	5238	2602	3742	4654	3970	20048	12962	0	1334	18150	206	1250	872	3250	4874	1476	11516	10452	3628	200	
102156	Cerebelum_9_L	0	0	0	0	0	0	0	0	0	0	0	0	0	0	0	0	0	0	0	0	0	0	0	0	0	0	0	0	0	0	0	0	0	0	0	0	0	0	0	0	0	0	0	0	0	0	244	86	0	0	0	0	0	0	238	98	0	0	0	0	0	0	0	0	0	0	0	0	0	0	0	0	0	0	0	0	0	0	0	0	0	0	0	0	0	0	0	0	0	0	1212	346	1202	1098	644	378	3410	274	1028	432	2032	186	20364	1334	0	1628	5492	112	134	500	1352	1088	1524	2176	1872	594	
108116	Cerebelum_9_R	0	0	0	0	0	0	0	0	0	0	0	0	0	0	0	0	0	0	0	0	0	0	0	0	0	0	0	0	0	0	0	0	0	0	0	0	0	0	0	0	0	0	0	0	0	0	368	0	0	0	0	0	0	0	0	134	0	0	0	0	0	0	0	0	0	0	0	0	0	0	0	0	0	0	0	0	0	0	0	0	0	0	0	0	0	0	0	0	0	0	332	794	434	1642	96	1172	984	778	684	1648	538	1264	3130	18150	1628	0	0	1044	1354	1608	1832	1190	1452	4982	5792	1028	
22588	Cerebelum_10_L	0	0	0	0	0	0	0	0	0	0	0	0	0	0	0	0	0	0	0	0	0	0	0	0	0	0	0	0	0	0	0	0	0	0	0	0	0	0	0	0	0	0	0	0	0	0	0	0	0	0	0	0	0	0	0	0	0	0	0	0	0	0	0	0	0	0	0	0	0	0	0	0	0	0	0	0	0	0	0	0	0	0	0	0	0	0	0	0	0	0	290	0	288	256	94	0	732	0	176	0	144	0	2862	206	5492	0	0	0	0	82	302	0	272	98	0	0	
15056	Cerebelum_10_R	0	0	0	0	0	0	0	0	0	0	0	0	0	0	0	0	0	0	0	0	0	0	0	0	0	0	0	0	0	0	0	0	0	0	0	0	0	0	0	0	0	0	0	0	0	0	0	0	0	0	0	0	0	0	0	0	0	0	0	0	0	0	0	0	0	0	0	0	0	0	0	0	0	0	0	0	0	0	0	0	0	0	0	0	0	0	0	0	0	0	104	94	538	702	0	0	376	102	150	292	0	0	770	1250	112	1044	0	0	144	0	300	0	692	584	274	0	
45248	Vermis_1_2	0	0	0	0	0	0	0	0	0	0	0	0	0	0	0	0	0	0	0	0	0	0	0	0	0	0	0	0	0	0	0	0	0	0	0	0	0	0	106	0	0	0	0	0	0	0	0	0	0	0	0	0	0	0	0	126	0	0	0	0	0	0	0	0	0	0	0	0	0	0	0	0	0	0	0	0	0	0	0	0	0	0	0	0	0	0	0	0	0	0	316	262	242	452	442	2126	1100	794	514	830	98	0	640	872	134	1354	0	144	0	6592	2234	370	642	1138	978	118	
116168	Vermis_3	0	0	0	0	0	0	0	0	0	0	0	0	0	0	0	0	0	0	0	0	0	0	0	0	0	0	0	0	0	0	0	0	0	0	0	0	0	0	312	0	0	0	0	0	0	0	0	278	0	0	0	0	0	0	0	412	0	0	0	0	0	0	0	0	0	0	0	0	0	0	0	0	0	0	0	0	0	0	0	0	0	0	0	0	0	0	0	0	0	0	1528	1558	1958	2672	1624	6710	4092	3970	2244	3428	482	0	2948	3250	500	1608	82	0	6592	0	4496	984	2800	1890	1408	258	
363076	Vermis_4_5	0	0	0	0	0	0	0	0	0	0	0	0	0	0	0	0	0	0	0	0	0	0	0	0	0	0	0	0	0	0	0	0	124	424	244	554	140	0	96	0	0	0	628	850	0	458	6308	8888	0	0	0	0	0	844	466	8234	0	0	0	0	0	0	0	0	0	0	154	1216	0	0	0	0	0	0	0	0	0	0	0	0	0	0	0	0	0	0	0	0	0	0	7794	12794	2888	4362	1246	2316	19748	18310	12240	22178	1196	0	9250	4874	1352	1832	302	300	2234	4496	0	8368	6780	3846	1536	1668	
208804	Vermis_6	0	0	0	0	0	0	0	0	0	0	0	0	0	0	0	0	0	0	0	0	0	0	0	0	0	0	0	0	0	0	0	0	0	0	0	0	0	0	0	0	0	0	184	0	0	0	5716	7436	0	0	186	0	216	386	3132	3028	0	0	0	0	0	0	0	0	0	0	0	0	0	0	0	0	0	0	0	0	0	0	0	0	0	0	0	0	0	0	0	0	0	0	8500	7046	1220	1106	366	228	6902	1086	14068	13036	950	84	3220	1476	1088	1190	0	0	370	984	8368	0	7938	1636	1252	2004	
