data	data	335632	267836	568168	591904	127524	77088	419088	274444	73436	35132	121308	130948	163628	81968	173364	88820	149200	144028	400816	428252	80728	86224	280352	287620	29256	81008	69952	67916	401060	244132	222232	500960	226976	420320	173876	179704	213400	336536	119756	284888	21468	55716	300468	366180	236308	300352	305304	447116	224416	305532	399404	303596	162072	117428	320484	499768	298056	179112	156976	104412	239592	95956	97612	79496	123160	139676	346116	444156	161012	142176	177144	316644	250416	225748	39624	23840	104096	233060	68848	26528	223336	135956	94844	60792	322584	220468	60100	30484	310324	232324	467480	487208	382852	365808	37384	112720	277556	292116	448228	460676	255656	135140	327916	316344	117164	194368	13640	28736	30004	95076	216400	202316	307476	169232	141532	47316	
data	data	Precentral_L	Precentral_R	Frontal_Sup_L	Frontal_Sup_R	Frontal_Sup_Orb_L	Frontal_Sup_Orb_R	Frontal_Mid_L	Frontal_Mid_R	Frontal_Mid_Orb_L	Frontal_Mid_Orb_R	Frontal_Inf_Oper_L	Frontal_Inf_Oper_R	Frontal_Inf_Tri_L	Frontal_Inf_Tri_R	Frontal_Inf_Orb_L	Frontal_Inf_Orb_R	Rolandic_Oper_L	Rolandic_Oper_R	Supp_Motor_Area_L	Supp_Motor_Area_R	Olfactory_L	Olfactory_R	Frontal_Sup_Medial_L	Frontal_Sup_Medial_R	Frontal_Med_Orb_L	Frontal_Med_Orb_R	Rectus_L	Rectus_R	Insula_L	Insula_R	Cingulum_Ant_L	Cingulum_Ant_R	Cingulum_Mid_L	Cingulum_Mid_R	Cingulum_Post_L	Cingulum_Post_R	Hippocampus_L	Hippocampus_R	ParaHippocampal_L	ParaHippocampal_R	Amygdala_L	Amygdala_R	Calcarine_L	Calcarine_R	Cuneus_L	Cuneus_R	Lingual_L	Lingual_R	Occipital_Sup_L	Occipital_Sup_R	Occipital_Mid_L	Occipital_Mid_R	Occipital_Inf_L	Occipital_Inf_R	Fusiform_L	Fusiform_R	Postcentral_L	Postcentral_R	Parietal_Sup_L	Parietal_Sup_R	Parietal_Inf_L	Parietal_Inf_R	SupraMarginal_L	SupraMarginal_R	Angular_L	Angular_R	Precuneus_L	Precuneus_R	Paracentral_Lobule_L	Paracentral_Lobule_R	Caudate_L	Caudate_R	Putamen_L	Putamen_R	Pallidum_L	Pallidum_R	Thalamus_L	Thalamus_R	Heschl_L	Heschl_R	Temporal_Sup_L	Temporal_Sup_R	Temporal_Pole_Sup_L	Temporal_Pole_Sup_R	Temporal_Mid_L	Temporal_Mid_R	Temporal_Pole_Mid_L	Temporal_Pole_Mid_R	Temporal_Inf_L	Temporal_Inf_R	Cerebelum_Crus1_L	Cerebelum_Crus1_R	Cerebelum_Crus2_L	Cerebelum_Crus2_R	Cerebelum_3_L	Cerebelum_3_R	Cerebelum_4_5_L	Cerebelum_4_5_R	Cerebelum_6_L	Cerebelum_6_R	Cerebelum_7b_L	Cerebelum_7b_R	Cerebelum_8_L	Cerebelum_8_R	Cerebelum_9_L	Cerebelum_9_R	Cerebelum_10_L	Cerebelum_10_R	Vermis_1_2	Vermis_3	Vermis_4_5	Vermis_6	Vermis_7	Vermis_8	Vermis_9	Vermis_10	
335632	Precentral_L	0	2702	2960	3194	0	0	21684	276	0	0	7158	164	2162	0	332	0	7210	502	1968	5522	0	0	144	174	0	0	0	0	9936	828	190	1066	846	1954	2320	416	7686	256	382	132	0	0	234	0	90	0	86	96	266	0	830	0	556	0	362	120	24086	220	472	0	2626	0	2034	0	130	0	754	0	10864	1160	2758	4426	3990	0	1362	0	18054	3242	2668	0	1702	0	0	0	970	0	0	0	1494	0	0	0	0	0	0	0	0	0	0	0	0	0	0	0	0	0	0	0	0	0	0	0	0	0	0	0	
267836	Precentral_R	2702	0	398	2092	0	0	788	10412	0	0	0	6484	0	170	0	58	0	6662	196	1518	0	0	0	74	0	0	0	0	236	5844	120	696	220	1890	1372	2238	1592	4472	732	1312	0	94	0	338	0	204	238	854	0	184	0	372	0	114	102	1224	86	17086	0	364	0	198	0	404	0	86	128	4244	2450	10204	540	12284	626	1498	122	144	1604	25152	0	112	0	136	0	0	0	0	0	0	0	448	0	0	0	0	0	0	0	0	0	0	0	0	0	0	0	0	0	0	0	0	0	0	0	0	0	0	
568168	Frontal_Sup_L	2960	398	0	9528	8432	0	55202	756	4750	0	3894	0	6924	0	8212	0	1014	140	47560	9070	168	114	40512	2238	1716	0	1282	74	18318	204	21252	2778	7866	2126	166	0	212	0	0	0	0	0	0	0	0	0	0	0	0	0	0	0	0	0	0	0	378	0	0	0	0	0	0	0	0	0	58	0	3528	0	5712	1378	12660	74	198	354	486	232	0	0	432	0	728	0	0	0	0	0	0	0	0	0	0	0	0	0	0	0	0	0	0	0	0	0	0	0	0	0	0	0	0	0	0	0	0	0	
591904	Frontal_Sup_R	3194	2092	9528	0	0	3864	2002	32226	0	2726	384	4466	220	4408	60	3738	210	904	18360	45352	0	0	7108	34746	0	3422	0	72	1020	6068	2442	46886	2366	21378	72	66	154	244	0	0	0	0	0	0	0	0	0	0	0	0	0	0	0	0	0	0	1674	0	0	0	252	0	0	0	0	0	90	0	1318	0	4306	14920	466	8352	202	1768	764	2002	0	0	60	0	0	0	0	0	0	0	0	0	0	0	0	0	0	0	0	0	0	0	0	0	0	0	0	0	0	0	0	0	0	0	0	0	0	0	
127524	Frontal_Sup_Orb_L	0	0	8432	0	0	0	2974	0	10518	0	0	0	182	0	10182	0	0	0	492	0	2426	504	2888	0	3412	0	5928	320	5648	0	1590	142	0	0	0	0	0	0	0	0	0	0	0	0	0	0	0	0	0	0	0	0	0	0	0	0	0	0	0	0	0	0	0	0	0	0	0	0	72	0	1102	458	5062	172	0	0	0	0	0	0	0	0	1258	0	0	0	0	0	0	0	0	0	0	0	0	0	0	0	0	0	0	0	0	0	0	0	0	0	0	0	0	0	0	0	0	0	
77088	Frontal_Sup_Orb_R	0	0	0	3864	0	0	0	2442	0	5090	0	0	0	0	0	2738	0	0	0	0	0	1422	70	2958	120	5592	110	5544	0	1130	134	1716	0	0	0	0	0	224	0	168	0	220	0	0	0	0	0	0	0	0	0	0	0	0	0	78	0	0	0	0	0	0	0	0	0	0	0	0	0	0	0	2048	0	2818	0	0	0	58	0	0	0	0	0	0	0	0	0	0	0	0	0	0	0	0	0	0	0	0	0	0	0	0	0	0	0	0	0	0	0	0	0	0	0	0	0	0	
419088	Frontal_Mid_L	21684	788	55202	2002	2974	0	0	180	3546	0	9770	68	19686	0	7344	0	1084	210	8282	3422	0	0	15468	114	250	0	94	0	15530	590	9212	312	5372	1338	696	116	2490	88	0	0	0	0	0	0	0	0	0	0	0	0	100	0	0	0	0	0	1130	0	0	0	0	0	0	0	0	0	302	0	604	66	3550	492	6654	0	1236	0	6900	220	80	0	88	0	62	0	0	0	0	0	148	0	0	0	0	0	0	0	0	0	0	0	0	0	0	0	0	0	0	0	0	0	0	0	0	0	0	0	
274444	Frontal_Mid_R	276	10412	756	32226	0	2442	180	0	0	5020	0	15160	0	11190	0	5598	0	5366	1886	4084	0	0	664	4438	0	0	0	0	80	9920	210	14760	86	4224	0	0	72	70	0	0	0	0	0	0	0	0	0	0	0	0	0	0	0	0	0	0	0	124	0	0	0	0	0	0	0	0	0	0	0	0	978	3630	170	1534	60	86	218	1302	0	0	0	0	0	0	0	0	0	0	0	0	0	0	0	0	0	0	0	0	0	0	0	0	0	0	0	0	0	0	0	0	0	0	0	0	0	0	
73436	Frontal_Mid_Orb_L	0	0	4750	0	10518	0	3546	0	0	0	0	0	612	0	12208	0	0	0	0	0	122	0	138	0	198	0	892	0	1784	0	0	0	0	0	0	0	0	0	0	0	0	0	0	0	0	0	0	0	0	0	0	0	0	0	0	0	0	0	0	0	0	0	0	0	0	0	0	0	0	0	0	0	1602	0	0	0	0	0	0	0	0	0	348	0	0	0	0	0	0	0	0	0	0	0	0	0	0	0	0	0	0	0	0	0	0	0	0	0	0	0	0	0	0	0	0	0	
35132	Frontal_Mid_Orb_R	0	0	0	2726	0	5090	0	5020	0	0	0	0	0	190	0	4128	0	0	0	0	0	0	0	86	0	100	0	84	0	142	0	0	0	0	0	0	0	0	0	0	0	0	0	0	0	0	0	0	0	0	0	0	0	0	0	0	0	0	0	0	0	0	0	0	0	0	0	0	0	0	0	0	0	0	0	0	0	0	0	0	0	0	0	0	0	0	0	0	0	0	0	0	0	0	0	0	0	0	0	0	0	0	0	0	0	0	0	0	0	0	0	0	0	0	0	0	
121308	Frontal_Inf_Oper_L	7158	0	3894	384	0	0	9770	0	0	0	0	0	10556	0	320	0	5578	188	3434	118	0	0	66	0	0	0	0	0	11022	270	180	0	148	0	0	0	720	0	0	0	0	0	0	0	0	0	0	0	0	0	0	0	0	0	0	0	1790	0	0	0	0	0	0	0	0	0	0	0	70	0	384	80	1160	0	64	0	330	0	156	0	850	0	1964	0	0	0	0	0	0	0	0	0	0	0	0	0	0	0	0	0	0	0	0	0	0	0	0	0	0	0	0	0	0	0	0	0	
130948	Frontal_Inf_Oper_R	164	6484	0	4466	0	0	68	15160	0	0	0	0	0	3050	0	210	0	8934	720	838	0	0	0	1504	0	0	0	0	72	8880	162	5702	0	2388	0	0	0	170	0	60	0	0	0	0	0	0	0	0	0	0	0	0	0	0	0	0	0	1652	0	0	0	0	0	0	0	0	0	0	0	0	100	812	0	2448	0	392	0	406	0	548	0	84	0	0	0	0	0	0	0	0	0	0	0	0	0	0	0	0	0	0	0	0	0	0	0	0	0	0	0	0	0	0	0	0	0	0	
163628	Frontal_Inf_Tri_L	2162	0	6924	220	182	0	19686	0	612	0	10556	0	0	0	14292	0	878	134	3360	98	0	0	2630	0	0	0	0	0	14812	178	298	0	2414	0	0	0	402	0	0	0	0	0	0	0	0	0	0	0	0	0	0	0	0	0	0	0	136	0	0	0	0	0	0	0	0	0	0	0	0	0	334	0	678	0	0	0	0	0	0	0	184	0	644	0	0	0	0	0	0	0	0	0	0	0	0	0	0	0	0	0	0	0	0	0	0	0	0	0	0	0	0	0	0	0	0	0	
81968	Frontal_Inf_Tri_R	0	170	0	4408	0	0	0	11190	0	190	0	3050	0	0	0	4146	0	102	596	1202	0	0	0	1818	0	0	0	0	0	8628	0	3068	0	1182	0	0	0	0	0	0	0	0	0	0	0	0	0	0	0	0	0	0	0	0	0	0	0	0	0	0	0	0	0	0	0	0	0	0	0	0	0	172	0	940	0	0	0	122	0	0	0	0	0	0	0	0	0	0	0	0	0	0	0	0	0	0	0	0	0	0	0	0	0	0	0	0	0	0	0	0	0	0	0	0	0	0	
173364	Frontal_Inf_Orb_L	332	0	8212	60	10182	0	7344	0	12208	0	320	0	14292	0	0	0	0	0	1010	0	2216	68	2276	0	0	0	1548	0	16128	0	182	0	2140	0	0	0	0	0	68	0	0	0	0	0	0	0	0	0	0	0	0	0	0	0	0	0	0	0	0	0	0	0	0	0	0	0	0	0	0	0	460	0	5520	0	0	0	0	0	0	0	0	0	2116	0	0	0	0	0	0	0	0	0	0	0	0	0	0	0	0	0	0	0	0	0	0	0	0	0	0	0	0	0	0	0	0	0	
88820	Frontal_Inf_Orb_R	0	58	0	3738	0	2738	0	5598	0	4128	0	210	0	4146	0	0	0	72	0	92	0	1198	0	2044	0	72	0	406	0	9378	0	3250	0	100	0	0	0	212	0	322	0	324	0	0	0	0	0	0	0	0	0	0	0	0	0	206	0	0	0	0	0	0	0	0	0	0	0	0	0	0	0	192	0	2668	0	0	0	98	0	0	0	1326	0	1736	0	98	0	0	0	0	0	0	0	0	0	0	0	0	0	0	0	0	0	0	0	0	0	0	0	0	0	0	0	0	0	0	
149200	Rolandic_Oper_L	7210	0	1014	210	0	0	1084	0	0	0	5578	0	878	0	0	0	0	218	886	0	0	0	0	0	0	0	0	0	12510	276	0	0	344	0	0	0	1428	0	62	0	0	0	282	0	0	0	0	0	0	0	1238	0	468	0	166	0	10468	0	1936	0	3606	0	2982	0	520	0	398	0	308	0	86	0	1806	0	264	0	302	0	3344	0	8072	0	1822	0	1944	0	0	0	2890	0	0	0	0	0	0	0	0	0	0	0	0	0	0	0	0	0	0	0	0	0	0	0	0	0	0	0	
144028	Rolandic_Oper_R	502	6662	140	904	0	0	210	5366	0	0	188	8934	134	102	0	72	218	0	0	400	0	0	0	0	0	0	0	0	638	15894	84	812	0	62	0	56	250	1598	0	554	0	0	0	64	0	0	0	196	0	0	0	178	0	192	0	514	232	6660	0	128	0	130	0	1718	0	120	0	194	0	112	76	960	722	4496	114	564	0	3362	0	3234	62	3438	0	90	0	228	0	0	0	450	0	0	0	0	0	0	0	0	0	0	0	0	0	0	0	0	0	0	0	0	0	0	0	0	0	0	
400816	Supp_Motor_Area_L	1968	196	47560	18360	492	0	8282	1886	0	0	3434	720	3360	596	1010	0	886	0	0	26664	0	0	4602	5758	90	0	0	0	8026	750	6054	7360	9122	12104	1442	0	368	0	0	0	0	0	0	0	0	0	0	0	0	0	0	0	0	0	0	0	1224	0	164	0	612	0	0	0	0	0	242	0	11156	110	3158	1030	7544	66	2666	356	0	160	0	0	372	0	458	0	0	0	0	0	0	0	0	0	0	0	0	0	0	0	0	0	0	0	0	0	0	0	0	0	0	0	0	0	0	0	0	0	
428252	Supp_Motor_Area_R	5522	1518	9070	45352	0	0	3422	4084	0	0	118	838	98	1202	0	92	0	400	26664	0	0	0	1624	7956	0	0	0	0	280	2392	1882	19182	6266	32310	1794	2996	88	182	0	0	0	0	0	0	0	0	0	0	0	0	0	0	0	0	0	0	398	1318	0	0	0	0	0	0	0	0	60	1002	7014	8292	1820	10184	422	5612	302	1740	0	630	0	0	0	0	0	0	0	0	0	0	0	0	0	0	0	0	0	0	0	0	0	0	0	0	0	0	0	0	0	0	0	0	0	0	0	0	0	0	
80728	Olfactory_L	0	0	168	0	2426	0	0	0	122	0	0	0	0	0	2216	0	0	0	0	0	0	5380	106	0	328	382	4036	2518	3204	0	2790	2516	0	0	0	0	98	0	276	0	158	0	0	0	0	0	0	0	0	0	0	0	0	0	0	0	0	0	0	0	0	0	0	0	0	0	0	0	0	0	5848	3402	2010	1222	0	0	0	0	0	0	58	0	1100	0	0	0	0	0	0	0	0	0	0	0	0	0	0	0	0	0	0	0	0	0	0	0	0	0	0	0	0	0	0	0	0	0	
86224	Olfactory_R	0	0	114	0	504	1422	0	0	0	0	0	0	0	0	68	1198	0	0	0	0	5380	0	108	0	338	1108	2792	3470	0	1470	2680	3030	0	0	0	0	0	494	0	486	0	400	0	0	0	0	0	0	0	0	0	0	0	0	0	178	0	0	0	0	0	0	0	0	0	0	0	0	0	0	6864	5668	2390	2742	0	0	0	78	0	0	0	0	0	70	0	0	0	0	0	0	0	0	0	0	0	0	0	60	0	0	0	0	0	0	0	0	0	0	0	0	0	0	0	0	0	0	
280352	Frontal_Sup_Medial_L	144	0	40512	7108	2888	70	15468	664	138	0	66	0	2630	0	2276	0	0	0	4602	1624	106	108	0	13548	2156	652	560	106	2822	84	16716	8672	6318	7318	0	0	56	0	0	0	0	0	0	0	0	0	0	0	0	0	0	0	0	0	0	0	0	0	0	0	0	0	0	0	0	0	0	0	98	0	1268	140	1130	0	0	0	128	0	0	0	0	0	0	0	0	0	0	0	0	0	0	0	0	0	0	0	0	0	0	0	0	0	0	0	0	0	0	0	0	0	0	0	0	0	0	0	
287620	Frontal_Sup_Medial_R	174	74	2238	34746	0	2958	114	4438	0	86	0	1504	0	1818	0	2044	0	0	5758	7956	0	0	13548	0	0	5612	0	120	0	2160	2428	32500	450	15396	0	0	0	0	0	0	0	0	0	0	0	0	0	0	0	0	0	0	0	0	0	0	0	0	0	0	0	0	0	0	0	0	0	0	86	0	428	3254	0	3850	0	0	0	70	0	0	0	0	0	0	0	0	0	0	0	0	0	0	0	0	0	0	0	0	0	0	0	0	0	0	0	0	0	0	0	0	0	0	0	0	0	0	
29256	Frontal_Med_Orb_L	0	0	1716	0	3412	120	250	0	198	0	0	0	0	0	0	0	0	0	90	0	328	338	2156	0	0	710	1250	516	152	0	2032	394	0	0	0	0	0	0	0	0	0	0	0	0	0	0	0	0	0	0	0	0	0	0	0	0	0	0	0	0	0	0	0	0	0	0	0	0	0	0	334	456	102	74	0	0	0	0	0	0	0	0	0	0	0	0	0	0	0	0	0	0	0	0	0	0	0	0	0	0	0	0	0	0	0	0	0	0	0	0	0	0	0	0	0	0	
81008	Frontal_Med_Orb_R	0	0	0	3422	0	5592	0	0	0	100	0	0	0	0	0	72	0	0	0	0	382	1108	652	5612	710	0	480	6984	0	98	1580	6188	0	0	0	0	0	0	0	0	0	0	0	0	0	0	0	0	0	0	0	0	0	0	0	0	0	0	0	0	0	0	0	0	0	0	0	0	0	0	204	3800	82	3438	0	0	0	0	0	0	0	0	0	0	0	0	0	0	0	0	0	0	0	0	0	0	0	0	0	0	0	0	0	0	0	0	0	0	0	0	0	0	0	0	0	0	
69952	Rectus_L	0	0	1282	0	5928	110	94	0	892	0	0	0	0	0	1548	0	0	0	0	0	4036	2792	560	0	1250	480	0	2294	1130	0	3120	1648	0	0	0	0	0	0	0	0	0	0	0	0	0	0	0	0	0	0	0	0	0	0	0	0	0	0	0	0	0	0	0	0	0	0	0	0	0	0	3398	1946	1562	580	0	0	0	0	0	0	0	0	326	0	0	0	0	0	0	0	0	0	0	0	0	0	0	0	0	0	0	0	0	0	0	0	0	0	0	0	0	0	0	0	0	0	
67916	Rectus_R	0	0	74	72	320	5544	0	0	0	84	0	0	0	0	0	406	0	0	0	0	2518	3470	106	120	516	6984	2294	0	0	298	1586	3674	0	0	0	0	0	0	0	0	0	0	0	0	0	0	0	0	0	0	0	0	0	0	0	0	0	0	0	0	0	0	0	0	0	0	0	0	0	0	2236	2508	470	678	0	0	0	0	0	0	0	0	0	0	0	0	0	0	0	0	0	0	0	0	0	0	0	0	0	0	0	0	0	0	0	0	0	0	0	0	0	0	0	0	0	0	
401060	Insula_L	9936	236	18318	1020	5648	0	15530	80	1784	0	11022	72	14812	0	16128	0	12510	638	8026	280	3204	0	2822	0	152	0	1130	0	0	788	960	124	3188	0	262	198	8390	186	936	70	676	0	462	0	56	0	64	64	0	0	1156	0	828	0	2456	66	7936	0	414	0	1404	0	394	0	176	0	118	0	950	0	1516	292	19484	0	142	0	766	232	6178	0	6420	0	4748	0	900	0	248	0	3934	0	0	0	0	0	0	0	0	0	0	0	0	0	0	0	0	0	0	0	0	0	0	0	0	0	0	0	
244132	Insula_R	828	5844	204	6068	0	1130	590	9920	0	142	270	8880	178	8628	0	9378	276	15894	750	2392	0	1470	84	2160	0	98	0	298	788	0	128	4248	0	1246	0	0	248	2870	0	766	0	148	0	0	0	0	0	70	0	0	0	266	0	108	0	1780	360	944	0	0	0	154	0	104	0	260	0	0	0	0	258	1506	782	14828	124	428	0	1934	0	2124	78	6176	0	1696	0	770	0	88	0	1304	0	0	0	0	0	0	0	0	0	0	0	0	0	0	0	0	0	0	0	0	0	0	0	0	0	0	
222232	Cingulum_Ant_L	190	120	21252	2442	1590	134	9212	210	0	0	180	162	298	0	182	0	0	84	6054	1882	2790	2680	16716	2428	2032	1580	3120	1586	960	128	0	10552	6862	2640	58	0	80	0	0	0	0	0	0	0	0	0	0	0	0	0	0	0	0	0	0	0	0	0	0	0	0	0	0	0	0	0	0	0	0	0	5666	2666	3252	1150	62	0	116	0	0	0	0	0	0	0	0	0	0	0	0	0	0	0	0	0	0	0	0	0	0	0	0	0	0	0	0	0	0	0	0	0	0	0	0	0	0	0	
500960	Cingulum_Ant_R	1066	696	2778	46886	142	1716	312	14760	0	0	0	5702	0	3068	0	3250	0	812	7360	19182	2516	3030	8672	32500	394	6188	1648	3674	124	4248	10552	0	2616	27210	0	0	0	0	0	0	0	0	0	0	0	0	0	0	0	0	0	0	0	0	0	0	130	0	0	0	0	0	0	0	0	0	0	0	648	0	3606	23770	658	9762	66	174	0	564	0	0	0	0	0	0	0	0	0	0	0	0	0	0	0	0	0	0	0	0	0	0	0	0	0	0	0	0	0	0	0	0	0	0	0	0	0	0	
226976	Cingulum_Mid_L	846	220	7866	2366	0	0	5372	86	0	0	148	0	2414	0	2140	0	344	0	9122	6266	0	0	6318	450	0	0	0	0	3188	0	6862	2616	0	10204	7406	2030	402	0	0	0	0	0	228	0	822	66	64	0	972	0	2288	0	62	0	0	0	472	230	1880	66	1634	0	298	0	222	0	7954	1526	3856	1030	1964	132	7578	0	1078	0	0	0	0	0	544	0	0	0	976	0	0	0	880	0	0	0	0	0	0	0	0	0	0	0	0	0	0	0	0	0	0	0	0	0	0	0	0	0	0	0	
420320	Cingulum_Mid_R	1954	1890	2126	21378	0	0	1338	4224	0	0	0	2388	0	1182	0	100	0	62	12104	32310	0	0	7318	15396	0	0	0	0	0	1246	2640	27210	10204	0	3098	5898	0	194	0	162	0	0	0	2950	108	4736	0	438	0	5026	0	1418	0	0	0	288	0	3848	0	812	0	262	0	304	0	168	4224	17168	2430	9212	452	546	86	76	0	0	0	148	0	0	0	0	0	0	0	488	0	0	0	550	0	0	0	0	0	0	0	0	0	0	0	0	0	0	0	0	0	0	0	0	0	0	0	0	0	0	
173876	Cingulum_Post_L	2320	1372	166	72	0	0	696	0	0	0	0	0	0	0	0	0	0	0	1442	1794	0	0	0	0	0	0	0	0	262	0	58	0	7406	3098	0	7936	6664	3284	4232	1794	0	0	4096	0	1410	86	3746	1582	790	0	486	0	554	0	1116	1530	350	440	490	0	68	0	0	0	82	0	10794	1362	5950	1008	126	796	0	0	0	0	1056	5438	58	0	0	0	0	0	156	0	0	0	464	0	0	0	0	0	0	0	0	308	0	0	0	0	0	0	0	0	0	0	0	0	0	0	0	0	0	0	
179704	Cingulum_Post_R	416	2238	0	66	0	0	116	0	0	0	0	0	0	0	0	0	0	56	0	2996	0	0	0	0	0	0	0	0	198	0	0	0	2030	5898	7936	0	4466	7314	2386	5182	0	0	0	1886	412	1830	622	6434	122	478	0	364	0	176	196	4550	172	1586	0	0	0	0	0	0	0	0	2666	13258	188	4504	0	720	0	0	0	0	1164	5808	0	0	0	0	0	0	0	100	0	0	0	372	0	0	0	0	0	0	0	594	0	0	0	0	0	0	0	0	0	0	0	0	352	0	0	0	0	0	
213400	Hippocampus_L	7686	1592	212	154	0	0	2490	72	0	0	720	0	402	0	0	0	1428	250	368	88	98	0	56	0	0	0	0	0	8390	248	80	0	402	0	6664	4466	0	3112	9474	1750	4046	0	1994	0	208	0	3720	1472	100	0	94	0	90	0	6312	1488	3932	0	0	0	128	0	114	0	0	0	3098	282	198	0	166	220	7474	0	1310	0	3472	5714	2796	0	1540	0	398	0	160	0	144	0	5526	0	0	0	0	0	0	0	0	302	0	0	0	0	0	0	0	0	0	0	0	0	0	0	0	0	0	0	
336536	Hippocampus_R	256	4472	0	244	0	224	88	70	0	0	0	170	0	0	0	212	0	1598	0	182	0	494	0	0	0	0	0	0	186	2870	0	0	0	194	3284	7314	3112	0	1940	36534	0	8174	0	1248	0	224	422	12046	0	190	0	874	0	1890	128	30622	172	2074	0	104	0	332	0	472	0	584	198	5922	0	630	0	0	0	8652	0	306	376	7528	0	508	0	3962	0	1786	0	2520	0	138	0	7346	0	74	0	0	0	58	82	3608	0	866	0	0	0	0	0	0	0	0	0	0	708	0	0	0	0	0	
119756	ParaHippocampal_L	382	732	0	0	0	0	0	0	0	0	0	0	0	0	68	0	62	0	0	0	276	0	0	0	0	0	0	0	936	0	0	0	0	0	4232	2386	9474	1940	0	1208	1072	0	1906	0	100	0	6230	1114	0	0	460	0	2452	0	7354	1056	478	0	0	0	212	0	0	0	0	0	2752	280	0	0	0	0	368	0	0	0	402	3002	186	0	566	0	1428	0	94	0	1444	0	4364	0	320	0	0	0	278	0	56	208	0	0	0	0	0	0	0	0	0	0	0	0	0	0	0	0	0	0	
284888	ParaHippocampal_R	132	1312	0	0	0	168	0	0	0	0	0	60	0	0	0	322	0	554	0	0	0	486	0	0	0	0	0	0	70	766	0	0	0	162	1794	5182	1750	36534	1208	0	0	7880	0	1220	0	230	324	13500	0	178	0	420	0	1398	104	30668	62	858	0	0	0	0	0	74	0	0	192	5632	0	128	0	0	0	4778	0	202	222	5232	0	212	0	1460	0	3850	0	1046	0	1770	0	3690	0	312	0	0	0	132	94	4398	0	988	0	0	0	0	0	0	0	0	0	0	690	0	0	0	0	0	
21468	Amygdala_L	0	0	0	0	0	0	0	0	0	0	0	0	0	0	0	0	0	0	0	0	158	0	0	0	0	0	0	0	676	0	0	0	0	0	0	0	4046	0	1072	0	0	0	0	0	0	0	0	0	0	0	0	0	0	0	2656	0	0	0	0	0	0	0	0	0	0	0	0	0	0	0	0	0	364	0	0	0	0	0	0	0	108	0	556	0	0	0	424	0	674	0	0	0	0	0	0	0	0	0	0	0	0	0	0	0	0	0	0	0	0	0	0	0	0	0	0	0	
55716	Amygdala_R	0	94	0	0	0	220	0	0	0	0	0	0	0	0	0	324	0	0	0	0	0	400	0	0	0	0	0	0	0	148	0	0	0	0	0	0	0	8174	0	7880	0	0	0	0	0	0	0	0	0	0	0	0	0	0	0	4624	0	0	0	0	0	0	0	0	0	0	0	0	0	0	0	58	0	1860	0	0	0	226	0	0	0	0	0	2944	0	0	0	526	0	146	0	0	0	0	0	0	0	234	0	0	0	0	0	0	0	0	0	0	0	0	0	0	0	0	0	0	
300468	Calcarine_L	234	0	0	0	0	0	0	0	0	0	0	0	0	0	0	0	282	0	0	0	0	0	0	0	0	0	0	0	462	0	0	0	228	0	4096	0	1994	0	1906	0	0	0	0	9660	19852	6016	18374	3238	14532	2746	32286	642	6784	620	1592	388	1026	0	262	0	906	0	60	0	460	0	16176	516	158	0	0	0	0	0	0	0	0	0	504	0	452	0	0	0	2662	0	0	0	1058	0	0	0	0	0	0	0	62	0	0	0	0	0	0	0	0	0	0	0	0	0	0	0	0	0	0	0	
366180	Calcarine_R	0	338	0	0	0	0	0	0	0	0	0	0	0	0	0	0	0	64	0	0	0	0	0	0	0	0	0	0	0	0	0	0	0	2950	0	1886	0	1248	0	1220	0	0	9660	0	7304	29586	1410	26740	380	30316	80	21748	0	7500	0	7516	0	540	0	162	0	206	0	0	0	394	1962	21940	0	754	0	0	0	0	0	0	0	232	0	0	0	0	0	0	0	3926	0	0	0	2026	0	0	0	0	0	0	0	498	0	0	0	0	0	0	0	0	0	0	0	0	504	0	0	0	0	0	
236308	Cuneus_L	90	0	0	0	0	0	0	0	0	0	0	0	0	0	0	0	0	0	0	0	0	0	0	0	0	0	0	0	56	0	0	0	822	108	1410	412	208	0	100	0	0	0	19852	7304	0	11620	3048	1036	29336	2810	14674	336	1428	104	186	270	130	0	3390	0	140	0	0	0	94	0	14352	3096	442	0	0	0	0	0	0	0	0	0	62	0	110	0	0	0	742	74	0	0	254	0	0	0	0	0	0	0	0	0	0	0	0	0	0	0	0	0	0	0	0	0	58	0	0	0	0	0	
300352	Cuneus_R	0	204	0	0	0	0	0	0	0	0	0	0	0	0	0	0	0	0	0	0	0	0	0	0	0	0	0	0	0	0	0	0	66	4736	86	1830	0	224	0	230	0	0	6016	29586	11620	0	296	5898	752	33540	140	8686	0	1908	0	2184	0	426	0	3502	0	0	0	0	0	386	8230	26974	0	594	0	0	0	0	0	0	0	0	0	0	0	0	0	0	0	1426	0	0	0	530	0	0	0	0	0	0	0	0	0	0	0	0	0	0	0	0	0	0	0	0	106	0	0	0	0	0	
305304	Lingual_L	86	238	0	0	0	0	0	0	0	0	0	0	0	0	0	0	0	0	0	0	0	0	0	0	0	0	0	0	64	0	0	0	64	0	3746	622	3720	422	6230	324	0	0	18374	1410	3048	296	0	4198	2992	404	16712	230	11920	374	14714	1368	320	0	0	0	134	0	0	0	0	0	9130	198	74	0	0	0	0	0	0	0	64	958	0	0	0	0	0	0	258	0	0	0	2088	0	7270	1960	1680	1124	118	102	7174	1468	13906	2822	108	0	150	0	228	106	0	0	0	102	2812	4022	2408	0	74	238	
447116	Lingual_R	96	854	0	0	0	0	0	0	0	0	0	0	0	0	0	0	0	196	0	0	0	0	0	0	0	0	0	0	64	70	0	0	0	438	1582	6434	1472	12046	1114	13500	0	0	3238	26740	1036	5898	4198	0	60	9094	0	11142	0	10180	548	30110	60	358	0	0	0	74	0	0	0	68	590	11688	0	374	0	0	0	0	0	0	58	4144	0	0	0	112	0	0	0	2754	0	0	0	3098	2168	4866	286	444	416	1174	2626	10128	6118	11498	0	0	234	96	0	634	0	0	158	714	6570	7698	2702	468	698	374	
224416	Occipital_Sup_L	266	0	0	0	0	0	0	0	0	0	0	0	0	0	0	0	0	0	0	0	0	0	0	0	0	0	0	0	0	0	0	0	972	0	790	122	100	0	0	0	0	0	14532	380	29336	752	2992	60	0	188	30852	0	2422	0	140	0	282	0	8184	0	3314	0	0	0	1370	0	12712	350	338	0	0	0	0	0	0	0	0	0	0	0	246	0	0	0	1252	0	0	0	256	0	0	0	0	0	0	0	0	0	0	0	0	0	0	0	0	0	0	0	0	0	0	0	0	0	0	0	
305532	Occipital_Sup_R	0	184	0	0	0	0	0	0	0	0	0	0	0	0	0	0	0	0	0	0	0	0	0	0	0	0	0	0	0	0	0	0	0	5026	0	478	0	190	0	178	0	0	2746	30316	2810	33540	404	9094	188	0	0	23090	0	3572	0	3154	0	250	0	3756	0	388	0	0	0	2672	5738	22028	0	340	0	0	0	0	0	0	0	0	0	0	0	0	0	0	0	1836	0	0	0	788	0	0	0	0	0	0	0	0	0	0	0	0	0	0	0	0	0	0	0	0	0	0	0	0	0	0	
399404	Occipital_Mid_L	830	0	0	0	0	0	100	0	0	0	0	0	0	0	0	0	1238	0	0	0	0	0	0	0	0	0	0	0	1156	0	0	0	2288	0	486	0	94	0	460	0	0	0	32286	80	14674	140	16712	0	30852	0	0	0	17502	0	3690	0	3138	0	7722	0	14878	0	1744	0	17528	0	11002	64	590	0	0	0	0	0	0	0	0	0	1508	0	2412	0	0	0	14634	0	0	0	1824	0	0	0	0	0	0	0	70	0	0	0	0	0	0	0	0	0	0	0	0	0	0	0	0	0	0	0	
303596	Occipital_Mid_R	0	372	0	0	0	0	0	0	0	0	0	0	0	0	0	0	0	178	0	0	0	0	0	0	0	0	0	0	0	266	0	0	0	1418	0	364	0	874	0	420	0	0	642	21748	336	8686	230	11142	0	23090	0	0	0	8088	0	4842	0	464	0	1708	0	6538	0	1272	0	16500	826	10154	0	792	0	0	0	0	0	0	0	0	0	162	0	1440	0	0	0	22666	0	0	0	6580	0	0	0	0	0	0	0	0	0	0	0	0	0	0	0	0	0	0	0	0	0	0	0	0	0	0	
162072	Occipital_Inf_L	556	0	0	0	0	0	0	0	0	0	0	0	0	0	0	0	468	0	0	0	0	0	0	0	0	0	0	0	828	0	0	0	62	0	554	0	90	0	2452	0	0	0	6784	0	1428	0	11920	0	2422	0	17502	0	0	0	12310	0	1800	0	358	0	1230	0	294	0	738	0	1540	0	0	0	0	0	0	0	0	0	0	0	1520	0	1182	0	0	0	5506	0	0	0	7620	0	432	0	0	0	0	0	512	0	662	0	0	0	0	0	0	0	0	0	0	0	168	98	0	0	0	0	
117428	Occipital_Inf_R	0	114	0	0	0	0	0	0	0	0	0	0	0	0	0	0	0	192	0	0	0	0	0	0	0	0	0	0	0	108	0	0	0	0	0	176	0	1890	0	1398	0	0	620	7500	104	1908	374	10180	0	3572	0	8088	0	0	0	11238	0	156	0	0	0	90	0	72	0	0	0	958	0	204	0	0	0	0	0	0	0	0	0	84	0	102	0	0	0	2056	0	0	0	4592	106	452	0	154	0	0	72	376	194	882	0	0	0	0	0	0	0	0	0	0	282	250	170	0	0	0	
320484	Fusiform_L	362	102	0	0	0	0	0	0	0	0	0	0	0	0	0	0	166	0	0	0	0	0	0	0	0	0	0	0	2456	0	0	0	0	0	1116	196	6312	128	7354	104	2656	0	1592	0	186	0	14714	548	140	0	3690	0	12310	0	0	196	600	0	56	0	312	0	0	0	0	0	1338	0	0	0	0	0	956	0	0	0	178	316	486	0	1228	0	4126	0	4050	0	4376	0	20070	0	20216	966	3426	608	170	82	10094	202	24632	840	212	0	300	0	518	648	0	0	0	90	1066	1798	1036	0	224	694	
499768	Fusiform_R	120	1224	0	0	0	78	0	0	0	0	0	0	0	0	0	206	0	514	0	0	0	178	0	0	0	0	0	0	66	1780	0	0	0	288	1530	4550	1488	30622	1056	30668	0	4624	388	7516	270	2184	1368	30110	0	3154	0	4842	0	11238	196	0	62	766	0	236	0	182	0	190	0	194	200	5018	0	586	0	0	0	3274	0	136	128	3014	0	796	0	6080	0	7232	0	5918	0	4292	0	21108	1124	11040	70	506	0	436	372	9580	1962	16572	0	0	0	372	0	106	0	0	70	202	2356	3052	2002	134	154	104	
298056	Postcentral_L	24086	86	378	1674	0	0	1130	0	0	0	1790	0	136	0	0	0	10468	232	1224	398	0	0	0	0	0	0	0	0	7936	360	0	130	472	0	350	172	3932	172	478	62	0	0	1026	0	130	0	320	60	282	0	3138	0	1800	0	600	62	0	0	12918	0	30252	0	7004	0	836	0	2996	0	3286	66	116	214	3144	0	384	0	644	178	4976	0	5662	0	0	0	6206	0	0	0	7062	0	0	0	0	0	0	0	0	0	0	0	0	0	0	0	0	0	0	0	0	0	0	0	0	0	0	0	
179112	Postcentral_R	220	17086	0	0	0	0	0	124	0	0	0	1652	0	0	0	0	0	6660	0	1318	0	0	0	0	0	0	0	0	0	944	0	0	230	3848	440	1586	0	2074	0	858	0	0	0	540	0	426	0	358	0	250	0	464	0	156	0	766	0	0	0	6484	0	4724	0	8016	0	200	196	9178	774	13852	0	400	0	1678	0	0	0	2772	0	280	0	242	0	0	0	86	0	0	0	674	0	0	0	0	0	0	0	0	0	0	0	0	0	0	0	0	0	0	0	0	0	0	0	0	0	0	
156976	Parietal_Sup_L	472	0	0	0	0	0	0	0	0	0	0	0	0	0	0	0	1936	0	164	0	0	0	0	0	0	0	0	0	414	0	0	0	1880	0	490	0	0	0	0	0	0	0	262	0	3390	0	0	0	8184	0	7722	0	358	0	56	0	12918	0	0	0	15280	0	2558	0	1430	0	12676	120	932	0	0	0	68	0	0	0	0	0	160	0	2010	0	0	0	2928	0	0	0	2080	0	0	0	0	0	0	0	0	0	0	0	0	0	0	0	0	0	0	0	0	0	0	0	0	0	0	0	
104412	Parietal_Sup_R	0	364	0	0	0	0	0	0	0	0	0	0	0	0	0	0	0	128	0	0	0	0	0	0	0	0	0	0	0	0	0	0	66	812	0	0	0	104	0	0	0	0	0	162	0	3502	0	0	0	3756	0	1708	0	0	0	236	0	6484	0	0	0	5860	0	1170	0	5090	3682	16606	0	1560	0	0	0	0	0	0	0	70	0	0	0	0	0	0	0	302	0	0	0	544	0	0	0	0	0	0	0	0	0	0	0	0	0	0	0	0	0	0	0	0	0	0	0	0	0	0	
239592	Parietal_Inf_L	2626	0	0	252	0	0	0	0	0	0	0	0	0	0	0	0	3606	0	612	0	0	0	0	0	0	0	0	0	1404	0	0	0	1634	0	68	0	128	0	212	0	0	0	906	0	140	0	134	0	3314	0	14878	0	1230	0	312	0	30252	0	15280	0	0	0	9858	0	15174	0	3484	0	366	0	0	0	126	0	0	0	0	0	988	0	3310	0	0	0	5466	0	0	0	4036	0	0	0	0	0	0	0	0	0	0	0	0	0	0	0	0	0	0	0	0	0	0	0	0	0	0	0	
95956	Parietal_Inf_R	0	198	0	0	0	0	0	0	0	0	0	0	0	0	0	0	0	130	0	0	0	0	0	0	0	0	0	0	0	154	0	0	0	262	0	0	0	332	0	0	0	0	0	206	0	0	0	74	0	388	0	6538	0	90	0	182	0	4724	0	5860	0	0	0	8530	0	15966	108	1012	0	202	0	0	0	0	0	0	0	0	0	80	0	230	0	0	0	1782	0	0	0	930	0	0	0	0	0	0	0	0	0	0	0	0	0	0	0	0	0	0	0	0	0	0	0	0	0	0	
97612	SupraMarginal_L	2034	0	0	0	0	0	0	0	0	0	0	0	0	0	0	0	2982	0	0	0	0	0	0	0	0	0	0	0	394	0	0	0	298	0	0	0	114	0	0	0	0	0	60	0	0	0	0	0	0	0	1744	0	294	0	0	0	7004	0	2558	0	9858	0	0	0	7138	0	526	0	0	0	0	0	482	0	226	0	0	0	124	0	6436	0	0	0	6434	0	0	0	100	0	0	0	0	0	0	0	0	0	0	0	0	0	0	0	0	0	0	0	0	0	0	0	0	0	0	0	
79496	SupraMarginal_R	0	404	0	0	0	0	0	0	0	0	0	0	0	0	0	0	0	1718	0	0	0	0	0	0	0	0	0	0	0	104	0	0	0	304	0	0	0	472	0	74	0	0	0	0	0	0	0	0	0	0	0	1272	0	72	0	190	0	8016	0	1170	0	8530	0	0	0	5644	0	614	0	124	0	0	0	0	0	0	0	194	0	132	0	5404	0	0	0	2836	0	0	0	2474	0	0	0	0	0	0	0	0	0	0	0	0	0	0	0	0	0	0	0	0	0	0	0	0	0	0	
123160	Angular_L	130	0	0	0	0	0	0	0	0	0	0	0	0	0	0	0	520	0	0	0	0	0	0	0	0	0	0	0	176	0	0	0	222	0	82	0	0	0	0	0	0	0	460	0	94	0	0	0	1370	0	17528	0	738	0	0	0	836	0	1430	0	15174	0	7138	0	0	0	608	0	0	0	0	0	0	0	0	0	0	0	156	0	3218	0	0	0	11332	0	0	0	368	0	0	0	0	0	0	0	0	0	0	0	0	0	0	0	0	0	0	0	0	0	0	0	0	0	0	0	
139676	Angular_R	0	86	0	0	0	0	0	0	0	0	0	0	0	0	0	0	0	120	0	0	0	0	0	0	0	0	0	0	0	260	0	0	0	168	0	0	0	584	0	0	0	0	0	394	0	386	0	68	0	2672	0	16500	0	0	0	194	0	200	0	5090	0	15966	0	5644	0	0	318	1742	0	128	0	0	0	0	0	0	0	102	0	118	0	5680	0	0	0	10726	0	0	0	2692	0	0	0	0	0	0	0	0	0	0	0	0	0	0	0	0	0	0	0	0	0	0	0	0	0	0	
346116	Precuneus_L	754	128	58	90	0	0	302	0	0	0	0	0	0	0	0	0	398	0	242	60	0	0	0	0	0	0	0	0	118	0	0	0	7954	4224	10794	2666	3098	198	2752	192	0	0	16176	1962	14352	8230	9130	590	12712	5738	11002	826	1540	0	1338	200	2996	196	12676	3682	3484	108	526	0	608	318	0	19824	4890	436	56	0	0	0	0	0	0	362	0	0	676	0	0	0	2398	84	0	0	1706	126	0	0	0	0	0	0	0	0	0	0	0	0	0	0	0	0	0	0	0	0	82	0	0	0	0	0	
444156	Precuneus_R	0	4244	0	0	0	0	0	0	0	0	0	0	0	0	0	0	0	194	0	1002	0	0	0	0	0	0	0	0	0	0	0	0	1526	17168	1362	13258	282	5922	280	5632	0	0	516	21940	3096	26974	198	11688	350	22028	64	10154	0	958	0	5018	0	9178	120	16606	0	1012	0	614	0	1742	19824	0	74	9232	0	0	0	0	0	0	0	1244	0	0	0	76	0	0	0	2774	0	0	0	3126	0	0	0	0	0	0	0	1438	0	0	0	0	0	0	0	0	0	0	0	0	1164	0	0	0	0	0	
161012	Paracentral_Lobule_L	10864	2450	3528	1318	72	0	604	0	0	0	70	0	0	0	0	0	308	0	11156	7014	0	0	98	86	0	0	0	0	950	0	0	648	3856	2430	5950	188	198	0	0	0	0	0	158	0	442	0	74	0	338	0	590	0	0	0	0	0	3286	774	932	0	366	0	0	0	0	0	4890	74	0	2790	910	3562	2710	0	1190	0	0	2016	0	0	380	0	0	0	926	0	0	0	2310	0	0	0	0	0	0	0	0	0	0	0	0	0	0	0	0	0	0	0	0	0	0	0	0	0	0	0	
142176	Paracentral_Lobule_R	1160	10204	0	0	0	0	66	0	0	0	0	0	0	0	0	0	0	112	110	8292	0	0	0	0	0	0	0	0	0	0	0	0	1030	9212	1008	4504	0	630	0	128	0	0	0	754	0	594	0	374	0	340	0	792	0	204	0	586	66	13852	0	1560	0	202	0	124	0	128	436	9232	2790	0	0	774	0	0	0	0	0	594	0	0	0	82	0	0	0	118	0	0	0	1030	0	0	0	0	0	0	0	0	0	0	0	0	0	0	0	0	0	0	0	0	0	0	0	0	0	0	
177144	Caudate_L	2758	540	5712	4306	1102	0	3550	978	0	0	384	100	334	0	460	0	86	76	3158	1820	5848	6864	1268	428	334	204	3398	2236	1516	258	5666	3606	1964	452	126	0	166	0	0	0	0	0	0	0	0	0	0	0	0	0	0	0	0	0	0	0	116	0	0	0	0	0	0	0	0	0	56	0	910	0	0	10944	9256	2020	834	178	4042	388	0	0	0	0	130	0	0	0	0	0	0	0	0	0	0	0	0	0	0	0	0	0	0	0	0	0	0	0	0	0	0	0	0	0	0	0	0	0	
316644	Caudate_R	4426	12284	1378	14920	458	2048	492	3630	0	0	80	812	0	172	0	192	0	960	1030	10184	3402	5668	140	3254	456	3800	1946	2508	292	1506	2666	23770	132	546	796	720	220	0	0	0	0	58	0	0	0	0	0	0	0	0	0	0	0	0	0	0	214	400	0	0	0	0	0	0	0	0	0	0	3562	774	10944	0	2048	13624	112	1866	1368	18270	0	0	0	0	0	0	84	0	0	0	110	0	0	0	0	0	0	0	0	0	0	0	0	0	0	0	0	0	0	0	0	0	0	0	0	0	0	0	
250416	Putamen_L	3990	626	12660	466	5062	0	6654	170	1602	0	1160	0	678	0	5520	0	1806	722	7544	422	2010	2390	1130	0	102	82	1562	470	19484	782	3252	658	7578	86	0	0	7474	0	368	0	364	0	0	0	0	0	0	0	0	0	0	0	0	0	956	0	3144	0	68	0	126	0	482	0	0	0	0	0	2710	0	9256	2048	0	828	5280	0	984	66	0	0	1278	0	426	0	0	0	0	0	682	0	0	0	0	0	0	0	0	0	0	0	0	0	0	0	0	0	0	0	0	0	0	0	0	0	0	0	
225748	Putamen_R	0	1498	74	8352	172	2818	0	1534	0	0	0	2448	0	940	0	2668	0	4496	66	5612	1222	2742	0	3850	74	3438	580	678	0	14828	1150	9762	0	76	0	0	0	8652	0	4778	0	1860	0	0	0	0	0	0	0	0	0	0	0	0	0	3274	0	1678	0	0	0	0	0	0	0	0	0	0	0	0	2020	13624	828	0	0	3226	0	1038	0	112	0	428	0	932	0	112	0	140	0	688	0	0	0	0	0	0	0	336	0	70	0	0	0	0	0	0	0	0	0	0	0	0	0	0	0	0	
39624	Pallidum_L	1362	122	198	202	0	0	1236	60	0	0	64	0	0	0	0	0	264	114	2666	302	0	0	0	0	0	0	0	0	142	124	62	66	1078	0	0	0	1310	0	0	0	0	0	0	0	0	0	0	0	0	0	0	0	0	0	0	0	384	0	0	0	0	0	226	0	0	0	0	0	1190	0	834	112	5280	0	0	0	2414	0	0	0	0	0	0	0	0	0	0	0	0	0	0	0	0	0	0	0	0	0	0	0	0	0	0	0	0	0	0	0	0	0	0	0	0	0	0	0	
23840	Pallidum_R	0	144	354	1768	0	0	0	86	0	0	0	392	0	0	0	0	0	564	356	1740	0	0	0	0	0	0	0	0	0	428	0	174	0	0	0	0	0	306	0	202	0	0	0	0	0	0	0	0	0	0	0	0	0	0	0	136	0	0	0	0	0	0	0	0	0	0	0	0	0	0	178	1866	0	3226	0	0	0	0	0	0	0	0	0	0	0	0	0	0	0	0	0	0	0	0	0	0	0	0	0	0	0	0	0	0	0	0	0	0	0	0	0	0	0	0	0	0	
104096	Thalamus_L	18054	1604	486	764	0	0	6900	218	0	0	330	0	0	0	0	0	302	0	0	0	0	0	128	0	0	0	0	0	766	0	116	0	0	0	1056	1164	3472	376	402	222	0	0	0	0	0	0	64	58	0	0	0	0	0	0	178	128	644	0	0	0	0	0	0	0	0	0	0	0	0	0	4042	1368	984	0	2414	0	0	5742	0	0	0	0	66	0	0	0	0	0	0	0	0	0	0	0	0	0	0	0	0	0	0	0	0	0	0	0	0	0	0	0	0	0	0	0	0	0	
233060	Thalamus_R	3242	25152	232	2002	0	58	220	1302	0	0	0	406	0	122	0	98	0	3362	160	630	0	78	0	70	0	0	0	0	232	1934	0	564	0	148	5438	5808	5714	7528	3002	5232	0	226	0	232	0	0	958	4144	0	0	0	0	0	0	316	3014	178	2772	0	70	0	0	0	194	0	102	362	1244	2016	594	388	18270	66	1038	0	0	5742	0	0	0	0	60	0	0	0	0	0	0	72	0	0	0	0	0	0	0	74	1282	0	0	0	0	0	0	0	0	0	0	0	0	382	0	0	0	0	0	
68848	Heschl_L	2668	0	0	0	0	0	80	0	0	0	156	0	0	0	0	0	3344	0	0	0	0	0	0	0	0	0	0	0	6178	0	0	0	0	0	58	0	2796	0	186	0	0	0	504	0	62	0	0	0	0	0	1508	0	1520	0	486	0	4976	0	160	0	988	0	124	0	156	0	0	0	0	0	0	0	0	0	0	0	0	0	0	0	3094	0	0	0	2110	0	0	0	3270	0	0	0	0	0	0	0	0	0	0	0	0	0	0	0	0	0	0	0	0	0	0	0	0	0	0	0	
26528	Heschl_R	0	112	0	0	0	0	0	0	0	0	0	548	0	0	0	0	0	3234	0	0	0	0	0	0	0	0	0	0	0	2124	0	0	0	0	0	0	0	508	0	212	0	0	0	0	0	0	0	0	0	0	0	162	0	84	0	796	0	280	0	0	0	80	0	132	0	118	0	0	0	0	0	0	0	112	0	0	0	0	0	0	0	3406	0	0	0	508	0	0	0	848	0	0	0	0	0	0	0	0	0	0	0	0	0	0	0	0	0	0	0	0	0	0	0	0	0	0	
223336	Temporal_Sup_L	1702	0	432	60	0	0	88	0	0	0	850	0	184	0	0	0	8072	62	372	0	58	0	0	0	0	0	0	0	6420	78	0	0	544	0	0	0	1540	0	566	0	108	0	452	0	110	0	0	0	246	0	2412	0	1182	0	1228	0	5662	0	2010	0	3310	0	6436	0	3218	0	676	0	380	0	0	0	1278	0	0	0	0	0	3094	0	0	0	3976	0	35050	0	766	0	19046	0	0	0	0	0	0	0	0	0	0	0	0	0	0	0	0	0	0	0	0	0	0	0	0	0	0	0	
135956	Temporal_Sup_R	0	136	0	0	0	0	0	0	0	0	0	84	0	0	0	1326	0	3438	0	0	0	0	0	0	0	0	0	0	0	6176	0	0	0	0	0	0	0	3962	0	1460	0	0	0	0	0	0	0	112	0	0	0	1440	0	102	0	6080	0	242	0	0	0	230	0	5404	0	5680	0	76	0	82	0	0	0	428	0	0	0	60	0	3406	0	0	0	4128	0	16176	0	572	0	6790	0	0	0	0	0	0	0	204	0	184	0	0	0	0	0	0	0	0	0	0	0	0	0	0	0	0	
94844	Temporal_Pole_Sup_L	0	0	728	0	1258	0	62	0	348	0	1964	0	644	0	2116	0	1822	0	458	0	1100	0	0	0	0	0	326	0	4748	0	0	0	0	0	0	0	398	0	1428	0	556	0	0	0	0	0	0	0	0	0	0	0	0	0	4126	0	0	0	0	0	0	0	0	0	0	0	0	0	0	0	130	0	426	0	0	0	66	0	0	0	3976	0	0	0	7866	0	7178	0	5698	0	0	0	0	0	0	0	0	0	0	0	0	0	0	0	0	0	0	0	0	0	0	0	0	0	0	0	
60792	Temporal_Pole_Sup_R	0	0	0	0	0	0	0	0	0	0	0	0	0	0	0	1736	0	90	0	0	0	70	0	0	0	0	0	0	0	1696	0	0	0	0	0	0	0	1786	0	3850	0	2944	0	0	0	0	0	0	0	0	0	0	0	0	0	7232	0	0	0	0	0	0	0	0	0	0	0	0	0	0	0	0	0	932	0	0	0	0	0	0	0	4128	0	0	0	808	0	3444	0	1680	0	0	0	0	0	0	0	0	0	0	0	0	0	0	0	0	0	0	0	0	0	0	0	0	0	0	
322584	Temporal_Mid_L	970	0	0	0	0	0	0	0	0	0	0	0	0	0	0	0	1944	0	0	0	0	0	0	0	0	0	0	0	900	0	0	0	976	0	156	0	160	0	94	0	0	0	2662	0	742	0	258	0	1252	0	14634	0	5506	0	4050	0	6206	0	2928	0	5466	0	6434	0	11332	0	2398	0	926	0	0	84	0	0	0	0	0	0	2110	0	35050	0	7866	0	0	0	7710	0	38478	0	0	0	0	0	0	0	0	0	0	0	0	0	0	0	0	0	0	0	0	0	0	0	0	0	0	0	
220468	Temporal_Mid_R	0	0	0	0	0	0	0	0	0	0	0	0	0	0	0	98	0	228	0	0	0	0	0	0	0	0	0	0	0	770	0	0	0	488	0	100	0	2520	0	1046	0	0	0	3926	74	1426	0	2754	0	1836	0	22666	0	2056	0	5918	0	86	0	302	0	1782	0	2836	0	10726	84	2774	0	118	0	0	0	112	0	0	0	0	0	508	0	16176	0	808	0	0	0	1540	0	26354	0	0	0	0	0	0	0	66	0	56	0	0	0	0	0	0	0	0	0	0	0	0	0	0	0	0	
60100	Temporal_Pole_Mid_L	0	0	0	0	0	0	0	0	0	0	0	0	0	0	0	0	0	0	0	0	0	0	0	0	0	0	0	0	248	0	0	0	0	0	0	0	144	0	1444	0	424	0	0	0	0	0	0	0	0	0	0	0	0	0	4376	0	0	0	0	0	0	0	0	0	0	0	0	0	0	0	0	0	0	0	0	0	0	0	0	0	766	0	7178	0	7710	0	0	0	7760	0	0	0	0	0	0	0	0	0	0	0	0	0	0	0	0	0	0	0	0	0	0	0	0	0	0	0	
30484	Temporal_Pole_Mid_R	0	0	0	0	0	0	0	0	0	0	0	0	0	0	0	0	0	0	0	0	0	0	0	0	0	0	0	0	0	88	0	0	0	0	0	0	0	138	0	1770	0	526	0	0	0	0	0	0	0	0	0	0	0	0	0	4292	0	0	0	0	0	0	0	0	0	0	0	0	0	0	0	0	0	140	0	0	0	0	0	0	0	572	0	3444	0	1540	0	0	0	2732	0	0	0	0	0	0	0	0	0	0	0	0	0	0	0	0	0	0	0	0	0	0	0	0	0	0	
310324	Temporal_Inf_L	1494	0	0	0	0	0	148	0	0	0	0	0	0	0	0	0	2890	0	0	0	0	0	0	0	0	0	0	0	3934	0	0	0	880	0	464	0	5526	0	4364	0	674	0	1058	0	254	0	2088	0	256	0	1824	0	7620	0	20070	0	7062	0	2080	0	4036	0	100	0	368	0	1706	0	2310	0	0	110	682	0	0	0	0	72	3270	0	19046	0	5698	0	38478	0	7760	0	0	0	4832	0	1394	0	0	0	196	0	1254	0	448	0	716	0	0	0	0	0	0	0	0	0	0	0	0	0	
232324	Temporal_Inf_R	0	448	0	0	0	0	0	0	0	0	0	0	0	0	0	0	0	450	0	0	0	0	0	0	0	0	0	0	0	1304	0	0	0	550	0	372	0	7346	0	3690	0	146	0	2026	0	530	0	3098	0	788	0	6580	0	4592	0	21108	0	674	0	544	0	930	0	2474	0	2692	126	3126	0	1030	0	0	0	688	0	0	0	0	0	848	0	6790	0	1680	0	26354	0	2732	0	0	178	4644	130	1000	0	132	0	1136	74	3154	0	0	0	1104	0	116	0	0	0	0	226	96	172	140	144	0	
467480	Cerebelum_Crus1_L	0	0	0	0	0	0	0	0	0	0	0	0	0	0	0	0	0	0	0	0	0	0	0	0	0	0	0	0	0	0	0	0	0	0	0	0	0	0	320	0	0	0	0	0	0	0	7270	2168	0	0	0	0	432	106	20216	1124	0	0	0	0	0	0	0	0	0	0	0	0	0	0	0	0	0	0	0	0	0	0	0	0	0	0	0	0	0	0	0	0	4832	178	0	9664	38080	7250	622	356	20438	770	51738	7122	9224	216	17234	2848	3974	2048	524	176	186	430	2254	4848	13228	1168	1596	1100	
487208	Cerebelum_Crus1_R	0	0	0	0	0	0	0	0	0	0	0	0	0	0	0	0	0	0	0	0	0	0	0	0	0	0	0	0	0	0	0	0	0	0	0	0	0	74	0	312	0	0	0	0	0	0	1960	4866	0	0	0	0	0	452	966	11040	0	0	0	0	0	0	0	0	0	0	0	0	0	0	0	0	0	0	0	0	0	0	0	0	0	0	0	0	0	0	0	0	0	4644	9664	0	5370	38206	58	5236	1168	25854	4720	53684	1118	1988	2090	23362	894	5662	0	1340	116	2564	7916	4868	14052	4816	4400	144	
382852	Cerebelum_Crus2_L	0	0	0	0	0	0	0	0	0	0	0	0	0	0	0	0	0	0	0	0	0	0	0	0	0	0	0	0	0	0	0	0	0	0	0	0	0	0	0	0	0	0	0	0	0	0	1680	286	0	0	0	0	0	0	3426	70	0	0	0	0	0	0	0	0	0	0	0	0	0	0	0	0	0	0	0	0	0	0	0	0	0	0	0	0	0	0	0	0	1394	130	38080	5370	0	16818	120	62	2354	126	10870	1942	36044	5786	36404	7144	3132	1500	64	150	0	0	138	592	12630	4278	764	72	
365808	Cerebelum_Crus2_R	0	0	0	0	0	0	0	0	0	0	0	0	0	0	0	0	0	0	0	0	0	0	0	0	0	0	0	0	0	0	0	0	0	0	0	0	0	0	0	0	0	0	0	0	0	0	1124	444	0	0	0	0	0	154	608	506	0	0	0	0	0	0	0	0	0	0	0	0	0	0	0	0	0	0	0	0	0	0	0	0	0	0	0	0	0	0	0	0	0	1000	7250	38206	16818	0	0	872	142	1104	2590	6674	10026	19382	9058	38348	1520	4828	0	386	0	526	842	304	14636	4598	958	0	
37384	Cerebelum_3_L	0	0	0	0	0	0	0	0	0	0	0	0	0	0	0	0	0	0	0	0	0	0	0	0	0	0	0	0	0	0	0	0	0	0	0	0	0	0	278	0	0	0	0	0	0	0	118	416	0	0	0	0	0	0	170	0	0	0	0	0	0	0	0	0	0	0	0	0	0	0	0	0	0	0	0	0	0	0	0	0	0	0	0	0	0	0	0	0	0	0	622	58	120	0	0	778	8720	192	2078	140	0	0	152	0	602	0	0	0	558	2816	764	110	0	0	0	0	
112720	Cerebelum_3_R	0	0	0	0	0	0	0	0	0	0	0	0	0	0	0	0	0	0	0	0	0	0	0	0	0	0	0	0	0	0	0	0	0	0	0	0	0	58	0	132	0	0	0	0	0	0	102	1174	0	0	0	0	0	0	82	436	0	0	0	0	0	0	0	0	0	0	0	0	0	0	0	0	0	0	0	0	0	0	0	0	0	0	0	0	0	0	0	0	0	132	356	5236	62	872	778	0	2524	9136	1658	10180	0	72	0	888	70	1594	0	82	796	8270	5614	2204	940	1280	1498	134	
277556	Cerebelum_4_5_L	0	0	0	0	0	0	0	0	0	0	0	0	0	0	0	0	0	0	0	0	0	0	0	0	0	0	0	0	0	0	0	0	0	0	0	0	0	82	56	94	0	0	62	0	0	0	7174	2626	0	0	70	0	512	72	10094	372	0	0	0	0	0	0	0	0	0	0	0	0	0	0	0	0	0	0	0	0	0	74	0	0	0	0	0	0	0	0	0	0	196	0	20438	1168	2354	142	8720	2524	0	4148	37434	3492	662	0	1374	328	3712	1738	304	0	2330	4426	12576	4580	468	672	1408	2296	
292116	Cerebelum_4_5_R	0	0	0	0	0	0	0	0	0	0	0	0	0	0	0	0	0	0	0	0	0	60	0	0	0	0	0	0	0	0	0	0	0	0	308	594	302	3608	208	4398	0	234	0	498	0	0	1468	10128	0	0	0	0	0	376	202	9580	0	0	0	0	0	0	0	0	0	0	0	1438	0	0	0	0	0	336	0	0	0	1282	0	0	0	204	0	0	0	66	0	0	0	1136	770	25854	126	1104	192	9136	4148	0	3528	37338	0	58	78	686	0	1236	0	206	136	2712	14338	3586	1182	1328	1388	502	
448228	Cerebelum_6_L	0	0	0	0	0	0	0	0	0	0	0	0	0	0	0	0	0	0	0	0	0	0	0	0	0	0	0	0	0	0	0	0	0	0	0	0	0	0	0	0	0	0	0	0	0	0	13906	6118	0	0	0	0	662	194	24632	1962	0	0	0	0	0	0	0	0	0	0	0	0	0	0	0	0	0	0	0	0	0	0	0	0	0	0	0	0	0	0	0	0	1254	74	51738	4720	10870	2590	2078	1658	37434	3528	0	7838	3126	0	4532	526	4422	3000	1300	0	1362	2370	8588	11854	5590	926	2580	2682	
460676	Cerebelum_6_R	0	0	0	0	0	0	0	0	0	0	0	0	0	0	0	0	0	0	0	0	0	0	0	0	0	0	0	0	0	0	0	0	0	0	0	0	0	866	0	988	0	0	0	0	0	0	2822	11498	0	0	0	0	0	882	840	16572	0	0	0	0	0	0	0	0	0	0	0	0	0	0	0	0	0	70	0	0	0	0	0	0	0	184	0	0	0	56	0	0	0	3154	7122	53684	1942	6674	140	10180	3492	37338	7838	0	272	220	672	3658	380	4466	0	1548	294	4604	12748	11858	11882	5252	5418	724	
255656	Cerebelum_7b_L	0	0	0	0	0	0	0	0	0	0	0	0	0	0	0	0	0	0	0	0	0	0	0	0	0	0	0	0	0	0	0	0	0	0	0	0	0	0	0	0	0	0	0	0	0	0	108	0	0	0	0	0	0	0	212	0	0	0	0	0	0	0	0	0	0	0	0	0	0	0	0	0	0	0	0	0	0	0	0	0	0	0	0	0	0	0	0	0	448	0	9224	1118	36044	10026	0	0	662	0	3126	272	0	5346	36254	6320	2740	1386	80	122	0	0	0	126	9000	4604	534	76	
135140	Cerebelum_7b_R	0	0	0	0	0	0	0	0	0	0	0	0	0	0	0	0	0	0	0	0	0	0	0	0	0	0	0	0	0	0	0	0	0	0	0	0	0	0	0	0	0	0	0	0	0	0	0	0	0	0	0	0	0	0	0	0	0	0	0	0	0	0	0	0	0	0	0	0	0	0	0	0	0	0	0	0	0	0	0	0	0	0	0	0	0	0	0	0	0	0	216	1988	5786	19382	0	72	0	58	0	220	5346	0	4054	20832	340	2698	0	78	0	0	62	0	3758	2602	78	0	
327916	Cerebelum_8_L	0	0	0	0	0	0	0	0	0	0	0	0	0	0	0	0	0	0	0	0	0	0	0	0	0	0	0	0	0	0	0	0	0	0	0	0	0	0	0	0	0	0	0	0	0	0	150	234	0	0	0	0	0	0	300	0	0	0	0	0	0	0	0	0	0	0	0	0	0	0	0	0	0	0	0	0	0	0	0	0	0	0	0	0	0	0	0	0	716	0	17234	2090	36404	9058	152	0	1374	78	4532	672	36254	4054	0	6964	18732	2542	1668	90	0	0	124	572	10212	7060	2628	64	
316344	Cerebelum_8_R	0	0	0	0	0	0	0	0	0	0	0	0	0	0	0	0	0	0	0	0	0	0	0	0	0	0	0	0	0	0	0	0	0	0	0	0	0	0	0	0	0	0	0	0	0	0	0	96	0	0	0	0	0	0	0	372	0	0	0	0	0	0	0	0	0	0	0	0	0	0	0	0	0	0	0	0	0	0	0	0	0	0	0	0	0	0	0	0	0	1104	2848	23362	7144	38348	0	888	328	686	526	3658	6320	20832	6964	0	1650	21318	0	776	0	552	600	564	9950	6258	2918	110	
117164	Cerebelum_9_L	0	0	0	0	0	0	0	0	0	0	0	0	0	0	0	0	0	0	0	0	0	0	0	0	0	0	0	0	0	0	0	0	0	0	0	0	0	0	0	0	0	0	0	0	0	0	228	0	0	0	0	0	0	0	518	0	0	0	0	0	0	0	0	0	0	0	0	0	0	0	0	0	0	0	0	0	0	0	0	0	0	0	0	0	0	0	0	0	0	0	3974	894	3132	1520	602	70	3712	0	4422	380	2740	340	18732	1650	0	1574	2880	0	0	154	706	1054	3006	2706	2672	916	
194368	Cerebelum_9_R	0	0	0	0	0	0	0	0	0	0	0	0	0	0	0	0	0	0	0	0	0	0	0	0	0	0	0	0	0	0	0	0	0	0	0	0	0	0	0	0	0	0	0	0	0	0	106	634	0	0	0	0	0	0	648	106	0	0	0	0	0	0	0	0	0	0	0	0	0	0	0	0	0	0	0	0	0	0	0	0	0	0	0	0	0	0	0	0	0	116	2048	5662	1500	4828	0	1594	1738	1236	3000	4466	1386	2698	2542	21318	1574	0	0	2852	378	1370	2162	6068	6688	7818	9658	2990	
13640	Cerebelum_10_L	0	0	0	0	0	0	0	0	0	0	0	0	0	0	0	0	0	0	0	0	0	0	0	0	0	0	0	0	0	0	0	0	0	0	0	0	0	0	0	0	0	0	0	0	0	0	0	0	0	0	0	0	0	0	0	0	0	0	0	0	0	0	0	0	0	0	0	0	0	0	0	0	0	0	0	0	0	0	0	0	0	0	0	0	0	0	0	0	0	0	524	0	64	0	0	0	304	0	1300	0	80	0	1668	0	2880	0	0	0	0	0	0	0	0	0	0	0	
28736	Cerebelum_10_R	0	0	0	0	0	0	0	0	0	0	0	0	0	0	0	0	0	0	0	0	0	0	0	0	0	0	0	0	0	0	0	0	0	0	0	0	0	0	0	0	0	0	0	0	0	0	0	0	0	0	0	0	0	0	0	0	0	0	0	0	0	0	0	0	0	0	0	0	0	0	0	0	0	0	0	0	0	0	0	0	0	0	0	0	0	0	0	0	0	0	176	1340	150	386	0	82	0	206	0	1548	122	78	90	776	0	2852	0	0	0	0	0	790	2024	1848	1900	0	
30004	Vermis_1_2	0	0	0	0	0	0	0	0	0	0	0	0	0	0	0	0	0	0	0	0	0	0	0	0	0	0	0	0	0	0	0	0	0	0	0	0	0	0	0	0	0	0	0	0	0	0	0	158	0	0	0	0	0	0	0	70	0	0	0	0	0	0	0	0	0	0	0	0	0	0	0	0	0	0	0	0	0	0	0	0	0	0	0	0	0	0	0	0	0	0	186	116	0	0	558	796	2330	136	1362	294	0	0	0	0	0	378	0	0	0	4802	2996	374	58	104	186	98	
95076	Vermis_3	0	0	0	0	0	0	0	0	0	0	0	0	0	0	0	0	0	0	0	0	0	0	0	0	0	0	0	0	0	0	0	0	0	0	0	0	0	0	0	0	0	0	0	0	0	0	102	714	0	0	0	0	0	0	90	202	0	0	0	0	0	0	0	0	0	0	0	0	0	0	0	0	0	0	0	0	0	0	0	0	0	0	0	0	0	0	0	0	0	0	430	2564	0	526	2816	8270	4426	2712	2370	4604	0	0	0	552	154	1370	0	0	4802	0	6010	1868	746	924	1124	162	
216400	Vermis_4_5	0	0	0	0	0	0	0	0	0	0	0	0	0	0	0	0	0	0	0	0	0	0	0	0	0	0	0	0	0	0	0	0	0	0	0	352	0	708	0	690	0	0	0	504	58	106	2812	6570	0	0	0	0	168	282	1066	2356	0	0	0	0	0	0	0	0	0	0	82	1164	0	0	0	0	0	0	0	0	0	382	0	0	0	0	0	0	0	0	0	0	0	226	2254	7916	138	842	764	5614	12576	14338	8588	12748	0	62	124	600	706	2162	0	0	2996	6010	0	6376	564	1148	1730	2418	
202316	Vermis_6	0	0	0	0	0	0	0	0	0	0	0	0	0	0	0	0	0	0	0	0	0	0	0	0	0	0	0	0	0	0	0	0	0	0	0	0	0	0	0	0	0	0	0	0	0	0	4022	7698	0	0	0	0	98	250	1798	3052	0	0	0	0	0	0	0	0	0	0	0	0	0	0	0	0	0	0	0	0	0	0	0	0	0	0	0	0	0	0	0	0	0	96	4848	4868	592	304	110	2204	4580	3586	11854	11858	126	0	572	564	1054	6068	0	790	374	1868	6376	0	6634	4100	6280	4534	
307476	Vermis_7	0	0	0	0	0	0	0	0	0	0	0	0	0	0	0	0	0	0	0	0	0	0	0	0	0	0	0	0	0	0	0	0	0	0	0	0	0	0	0	0	0	0	0	0	0	0	2408	2702	0	0	0	0	0	170	1036	2002	0	0	0	0	0	0	0	0	0	0	0	0	0	0	0	0	0	0	0	0	0	0	0	0	0	0	0	0	0	0	0	0	0	172	13228	14052	12630	14636	0	940	468	1182	5590	11882	9000	3758	10212	9950	3006	6688	0	2024	58	746	564	6634	0	9922	7642	436	
