data	data	510868	273240	1.05118e+06	875496	123356	52284	601800	382300	70832	82992	340260	310416	361304	308772	210724	143044	281896	146116	785112	848932	52300	76124	599444	576484	41328	79540	82396	88460	751340	500816	435476	606208	291848	762988	202048	259208	323740	344272	115092	170432	62084	58196	147820	278076	103312	275596	215968	198180	158536	320428	384508	261404	131828	64328	396672	329732	333456	129424	130116	202164	243200	175720	159504	125464	163404	180780	212416	364100	333624	271760	444760	497296	478112	369236	63196	38988	148624	208048	94832	9252	176892	63256	164564	47316	312336	185132	19604	18184	291312	164820	440620	416492	333828	252088	29288	80524	214568	215708	416748	403636	265624	118780	344792	300048	123260	132464	8916	17656	18904	67648	163272	160516	229672	122920	114244	46604	
data	data	Precentral_L	Precentral_R	Frontal_Sup_L	Frontal_Sup_R	Frontal_Sup_Orb_L	Frontal_Sup_Orb_R	Frontal_Mid_L	Frontal_Mid_R	Frontal_Mid_Orb_L	Frontal_Mid_Orb_R	Frontal_Inf_Oper_L	Frontal_Inf_Oper_R	Frontal_Inf_Tri_L	Frontal_Inf_Tri_R	Frontal_Inf_Orb_L	Frontal_Inf_Orb_R	Rolandic_Oper_L	Rolandic_Oper_R	Supp_Motor_Area_L	Supp_Motor_Area_R	Olfactory_L	Olfactory_R	Frontal_Sup_Medial_L	Frontal_Sup_Medial_R	Frontal_Med_Orb_L	Frontal_Med_Orb_R	Rectus_L	Rectus_R	Insula_L	Insula_R	Cingulum_Ant_L	Cingulum_Ant_R	Cingulum_Mid_L	Cingulum_Mid_R	Cingulum_Post_L	Cingulum_Post_R	Hippocampus_L	Hippocampus_R	ParaHippocampal_L	ParaHippocampal_R	Amygdala_L	Amygdala_R	Calcarine_L	Calcarine_R	Cuneus_L	Cuneus_R	Lingual_L	Lingual_R	Occipital_Sup_L	Occipital_Sup_R	Occipital_Mid_L	Occipital_Mid_R	Occipital_Inf_L	Occipital_Inf_R	Fusiform_L	Fusiform_R	Postcentral_L	Postcentral_R	Parietal_Sup_L	Parietal_Sup_R	Parietal_Inf_L	Parietal_Inf_R	SupraMarginal_L	SupraMarginal_R	Angular_L	Angular_R	Precuneus_L	Precuneus_R	Paracentral_Lobule_L	Paracentral_Lobule_R	Caudate_L	Caudate_R	Putamen_L	Putamen_R	Pallidum_L	Pallidum_R	Thalamus_L	Thalamus_R	Heschl_L	Heschl_R	Temporal_Sup_L	Temporal_Sup_R	Temporal_Pole_Sup_L	Temporal_Pole_Sup_R	Temporal_Mid_L	Temporal_Mid_R	Temporal_Pole_Mid_L	Temporal_Pole_Mid_R	Temporal_Inf_L	Temporal_Inf_R	Cerebelum_Crus1_L	Cerebelum_Crus1_R	Cerebelum_Crus2_L	Cerebelum_Crus2_R	Cerebelum_3_L	Cerebelum_3_R	Cerebelum_4_5_L	Cerebelum_4_5_R	Cerebelum_6_L	Cerebelum_6_R	Cerebelum_7b_L	Cerebelum_7b_R	Cerebelum_8_L	Cerebelum_8_R	Cerebelum_9_L	Cerebelum_9_R	Cerebelum_10_L	Cerebelum_10_R	Vermis_1_2	Vermis_3	Vermis_4_5	Vermis_6	Vermis_7	Vermis_8	Vermis_9	Vermis_10	
510868	Precentral_L	0	9152	16692	3186	0	0	20186	1926	0	0	12230	238	3742	84	0	0	12042	276	7900	6000	0	0	212	0	0	0	0	0	14204	338	124	76	506	2948	7128	6236	7636	3418	226	254	0	0	0	0	0	0	0	0	0	0	2246	0	408	0	398	88	36656	80	112	0	3712	0	2910	0	638	0	296	102	17256	3754	3692	1926	8450	390	3388	0	14598	5608	5424	0	1726	0	434	0	1900	0	0	0	2282	0	0	0	0	0	0	0	0	0	0	0	0	0	0	0	0	0	0	0	0	0	0	0	0	0	0	0	
273240	Precentral_R	9152	0	2390	9400	0	0	570	13544	0	0	174	3424	0	192	0	0	198	2214	3916	7000	0	0	0	0	0	0	0	0	544	456	0	0	1638	3096	2008	2988	1258	7824	0	3202	0	0	0	0	0	110	0	0	0	156	118	0	0	260	0	2948	1622	8794	0	592	0	256	0	1148	0	0	114	640	9886	5628	2616	6780	2888	868	678	174	2374	12336	84	0	0	0	148	0	0	0	0	0	0	214	0	0	0	0	0	0	0	0	0	0	0	0	0	0	0	0	0	0	0	0	0	0	0	0	0	0	
1.05118e+06	Frontal_Sup_L	16692	2390	0	15798	8368	182	74172	1314	1726	106	16732	2602	17288	2136	8818	244	14760	98	73276	17770	324	0	54522	26142	2240	302	1546	0	37404	3466	24204	16232	7834	16876	106	182	4398	154	1714	0	0	0	0	0	0	0	0	0	0	0	0	0	0	0	2850	0	6156	0	0	0	164	0	332	0	0	0	0	0	2768	584	8708	2338	19460	442	936	0	356	234	766	0	2618	0	2294	0	418	0	0	0	2048	0	0	0	0	0	0	0	0	0	0	0	0	0	0	0	0	0	0	0	0	0	0	0	0	0	0	0	
875496	Frontal_Sup_R	3186	9400	15798	0	290	2306	6498	44194	110	1770	786	6436	1820	9066	694	3672	534	5530	15564	52606	0	264	23216	48420	166	4874	0	3492	2832	16694	11920	39174	4986	25598	270	1086	458	4876	114	1758	0	194	0	0	0	90	0	0	0	0	0	0	0	0	166	1146	724	472	0	278	0	0	0	182	0	0	0	294	4490	2488	7952	19172	5828	15586	198	2980	208	3490	0	0	108	270	422	0	0	334	0	0	114	104	0	0	0	0	0	0	0	0	0	0	0	0	0	0	0	0	0	0	0	0	0	0	0	0	0	0	
123356	Frontal_Sup_Orb_L	0	0	8368	290	0	0	1324	0	10064	0	202	0	902	0	8108	0	0	0	198	0	1716	150	4434	554	4402	142	8352	84	3028	0	5198	396	0	0	0	0	0	0	0	0	0	0	0	0	0	0	0	0	0	0	0	0	0	0	0	0	0	0	0	0	0	0	0	0	0	0	0	0	0	0	538	0	2664	0	0	0	0	0	0	0	0	0	564	0	0	0	0	0	0	0	0	0	0	0	0	0	0	0	0	0	0	0	0	0	0	0	0	0	0	0	0	0	0	0	0	0	
52284	Frontal_Sup_Orb_R	0	0	182	2306	0	0	0	0	0	1838	0	0	0	0	0	1258	0	0	0	0	0	802	530	1394	360	5668	422	7910	0	100	244	160	0	0	0	0	0	0	0	0	0	0	0	0	0	0	0	0	0	0	0	0	0	0	0	0	0	0	0	0	0	0	0	0	0	0	0	0	0	0	0	1796	0	1172	0	0	0	0	0	0	0	0	0	0	0	0	0	0	0	0	0	0	0	0	0	0	0	0	0	0	0	0	0	0	0	0	0	0	0	0	0	0	0	0	0	0	
601800	Frontal_Mid_L	20186	570	74172	6498	1324	0	0	864	4278	0	17918	436	42126	762	8942	0	9494	142	12752	3340	0	0	19168	7250	0	0	172	0	29340	1316	11608	6172	3152	5788	0	0	612	414	242	212	0	0	0	0	0	0	0	0	0	0	0	0	0	0	420	0	3942	0	0	0	168	0	0	0	0	0	0	0	370	0	1670	202	1438	630	0	0	504	0	244	0	800	0	838	0	94	0	0	0	330	0	0	0	0	0	0	0	0	0	0	0	0	0	0	0	0	0	0	0	0	0	0	0	0	0	0	0	
382300	Frontal_Mid_R	1926	13544	1314	44194	0	0	864	0	0	1162	1132	14690	322	19096	150	4532	1330	2792	4422	5028	0	0	2720	7084	0	0	0	0	2404	11092	518	4878	854	3684	132	84	456	3250	222	1208	0	0	0	0	0	0	0	0	0	0	0	0	0	0	288	492	1330	584	0	0	0	0	0	116	0	0	0	0	1876	0	9336	3704	5920	8354	160	1320	106	1168	0	0	134	0	1066	0	0	0	0	0	112	0	0	0	0	0	0	0	0	0	0	0	0	0	0	0	0	0	0	0	0	0	0	0	0	0	0	0	
70832	Frontal_Mid_Orb_L	0	0	1726	110	10064	0	4278	0	0	0	108	0	3028	0	10516	0	0	0	202	0	0	0	208	0	400	0	2818	0	830	0	406	0	0	0	0	0	0	0	0	0	0	0	0	0	0	0	0	0	0	0	0	0	0	0	0	0	0	0	0	0	0	0	0	0	0	0	0	0	0	0	0	0	604	0	0	0	0	0	0	0	0	0	118	0	0	0	0	0	0	0	0	0	0	0	0	0	0	0	0	0	0	0	0	0	0	0	0	0	0	0	0	0	0	0	0	0	
82992	Frontal_Mid_Orb_R	0	0	106	1770	0	1838	0	1162	0	0	0	2018	0	1940	0	14354	0	114	204	1014	0	122	0	102	0	458	0	722	0	4232	0	216	0	0	0	0	0	98	0	0	0	0	0	0	0	0	0	0	0	0	0	0	0	0	0	0	0	0	0	0	0	0	0	0	0	0	0	0	100	0	504	5326	278	4818	0	0	0	0	0	0	0	0	0	0	0	0	0	0	0	0	0	0	0	0	0	0	0	0	0	0	0	0	0	0	0	0	0	0	0	0	0	0	0	0	0	0	
340260	Frontal_Inf_Oper_L	12230	174	16732	786	202	0	17918	1132	108	0	0	3388	23776	636	2398	0	14898	0	9820	526	0	0	2192	670	0	0	98	0	28922	1304	4814	634	804	308	0	0	798	170	458	0	0	0	0	0	0	0	0	0	0	0	0	0	0	0	662	0	5552	0	0	0	94	0	0	0	0	0	0	0	0	0	5018	920	930	532	0	0	0	0	198	0	2204	0	7026	0	318	0	0	0	780	0	0	0	0	0	0	0	0	0	0	0	0	0	0	0	0	0	0	0	0	0	0	0	0	0	0	0	
310416	Frontal_Inf_Oper_R	238	3424	2602	6436	0	0	436	14690	0	2018	3388	0	1126	16900	94	2312	1926	5938	7112	6512	0	0	432	970	0	0	0	0	3878	21786	274	2916	346	3096	0	0	92	1212	0	456	0	0	0	0	0	0	0	0	0	0	0	0	0	0	78	238	116	1002	0	0	0	0	0	0	0	0	0	0	1602	212	12026	11264	7270	7868	0	284	0	0	0	0	268	0	1978	392	0	0	0	0	0	0	0	0	0	0	0	0	0	0	0	0	0	0	0	0	0	0	0	0	0	0	0	0	0	0	0	0	
361304	Frontal_Inf_Tri_L	3742	0	17288	1820	902	0	42126	322	3028	0	23776	1126	0	824	18658	0	1772	0	7092	1410	292	0	3094	1262	0	0	518	0	31520	1324	5518	1290	1570	1122	0	0	0	148	0	0	0	0	0	0	0	0	0	0	0	0	0	0	0	0	0	0	1682	0	0	0	0	0	0	0	0	0	0	0	0	0	1900	526	2364	352	0	0	0	0	0	0	312	0	1972	0	0	0	0	0	0	0	0	0	0	0	0	0	0	0	0	0	0	0	0	0	0	0	0	0	0	0	0	0	0	0	0	0	
308772	Frontal_Inf_Tri_R	84	192	2136	9066	0	0	762	19096	0	1940	636	16900	824	0	138	8308	0	270	4868	8342	0	0	1524	4838	0	0	0	0	1232	27312	204	5108	336	5240	0	0	0	806	0	348	0	0	0	0	0	0	0	0	0	0	0	0	0	0	0	88	0	0	0	0	0	0	0	0	0	0	0	0	96	138	3354	17580	2060	6240	0	0	172	3766	0	0	0	0	382	0	0	0	0	0	0	0	0	0	0	0	0	0	0	0	0	0	0	0	0	0	0	0	0	0	0	0	0	0	0	0	0	0	
210724	Frontal_Inf_Orb_L	0	0	8818	694	8108	0	8942	150	10516	0	2398	94	18658	138	0	0	396	0	2646	418	1230	0	1108	410	0	0	2714	0	21918	188	1112	552	628	406	0	0	320	0	160	0	0	0	0	0	0	0	0	0	0	0	0	0	0	0	218	0	0	0	0	0	0	0	0	0	0	0	0	0	0	0	758	146	6322	0	0	0	0	0	0	0	604	0	3934	0	198	0	208	0	252	0	0	0	0	0	0	0	0	0	0	0	0	0	0	0	0	0	0	0	0	0	0	0	0	0	0	0	
143044	Frontal_Inf_Orb_R	0	0	244	3672	0	1258	0	4532	0	14354	0	2312	0	8308	0	0	0	162	436	1978	0	1162	114	766	0	0	0	738	96	10664	0	392	0	218	0	0	0	146	0	144	0	640	0	0	0	0	0	0	0	0	0	0	0	0	0	0	0	0	0	0	0	0	0	0	0	0	0	0	160	0	922	8522	518	7120	0	0	0	0	0	0	0	900	0	1044	0	0	0	0	0	0	0	0	0	0	0	0	0	0	0	0	0	0	0	0	0	0	0	0	0	0	0	0	0	0	0	0	
281896	Rolandic_Oper_L	12042	198	14760	534	0	0	9494	1330	0	0	14898	1926	1772	0	396	0	0	0	8936	384	0	0	212	84	0	0	0	0	31056	286	196	102	0	0	0	0	968	114	266	0	0	0	0	0	0	0	0	0	0	0	0	0	0	0	746	0	14368	0	0	0	286	0	2800	0	76	0	0	0	200	0	3522	294	438	274	0	0	124	0	5316	0	4848	0	5290	0	1394	0	0	0	1018	0	0	0	0	0	0	0	0	0	0	0	0	0	0	0	0	0	0	0	0	0	0	0	0	0	0	0	
146116	Rolandic_Oper_R	276	2214	98	5530	0	0	142	2792	0	114	0	5938	0	270	0	162	0	0	90	4244	0	0	0	116	0	0	0	0	128	17194	0	120	0	538	192	254	212	2306	0	232	0	0	0	0	0	136	0	0	0	200	0	0	0	84	0	604	148	7916	0	1846	0	362	0	3704	0	198	0	1122	0	652	506	2410	326	4624	0	384	0	1164	0	1108	0	1396	0	374	0	510	0	0	0	122	0	0	0	0	0	0	0	0	0	0	0	0	0	0	0	0	0	0	0	0	0	0	0	0	0	0	
785112	Supp_Motor_Area_L	7900	3916	73276	15564	198	0	12752	4422	202	204	9820	7112	7092	4868	2646	436	8936	90	0	43900	0	0	9640	8548	0	0	108	0	19762	6842	7516	11440	16060	28946	1054	644	3328	456	1470	224	0	0	0	0	0	0	0	0	0	0	0	0	0	0	2286	0	4336	0	0	0	0	0	464	0	0	0	130	150	17888	2224	12340	4272	20596	1528	1194	622	346	172	428	0	1622	0	1214	0	232	0	0	0	1140	0	0	0	0	0	0	0	0	0	0	0	0	0	0	0	0	0	0	0	0	0	0	0	0	0	0	0	
848932	Supp_Motor_Area_R	6000	7000	17770	52606	0	0	3340	5028	0	1014	526	6512	1410	8342	418	1978	384	4244	43900	0	0	0	5542	10514	0	0	0	0	2178	14638	2588	11732	12294	63844	1630	10298	88	3152	0	1132	0	160	0	798	0	966	0	90	0	922	0	600	0	472	0	2304	390	612	0	344	0	294	0	1104	0	216	408	3088	20486	37508	4846	19884	4684	13280	392	2658	0	1712	0	124	0	1702	216	0	0	2150	0	0	80	1874	0	0	0	0	0	0	0	0	0	0	0	0	0	0	0	0	0	0	0	0	0	0	0	0	0	0	
52300	Olfactory_L	0	0	324	0	1716	0	0	0	0	0	0	0	292	0	1230	0	0	0	0	0	0	4160	0	96	102	270	3422	2066	2146	0	1484	1952	0	0	0	0	138	0	162	0	348	0	0	0	0	0	0	0	0	0	0	0	0	0	0	0	0	0	0	0	0	0	0	0	0	0	0	0	0	0	3590	876	790	0	0	0	0	0	0	0	0	0	986	0	0	0	0	0	0	0	0	0	0	0	0	0	0	0	0	0	0	0	0	0	0	0	0	0	0	0	0	0	0	0	0	0	
76124	Olfactory_R	0	0	0	264	150	802	0	0	0	122	0	0	0	0	0	1162	0	0	0	0	4160	0	0	220	0	922	2492	4178	0	1882	2088	3268	0	0	0	0	0	0	0	164	0	1006	0	0	0	0	0	0	0	0	0	0	0	0	0	0	0	0	0	0	0	0	0	0	0	0	0	0	0	0	7274	4558	2922	338	0	90	0	0	0	0	0	0	0	0	0	0	0	0	0	0	0	0	0	0	0	0	0	0	0	0	0	0	0	0	0	0	0	0	0	0	0	0	0	0	0	0	
599444	Frontal_Sup_Medial_L	212	0	54522	23216	4434	530	19168	2720	208	0	2192	432	3094	1524	1108	114	212	0	9640	5542	0	0	0	50422	3582	1850	586	230	2920	2108	35092	31224	11692	25652	0	0	0	0	0	0	0	0	0	0	0	0	0	0	0	0	0	0	0	0	0	0	0	0	0	0	0	0	0	0	0	0	0	0	0	0	1124	1518	2392	228	0	0	0	0	0	0	0	0	234	0	0	0	0	0	0	0	0	0	0	0	0	0	0	0	0	0	0	0	0	0	0	0	0	0	0	0	0	0	0	0	0	0	
576484	Frontal_Sup_Medial_R	0	0	26142	48420	554	1394	7250	7084	0	102	670	970	1262	4838	410	766	84	116	8548	10514	96	220	50422	0	1234	5966	264	2458	1478	7140	20552	40076	2898	20348	0	0	0	0	0	0	0	0	0	0	0	0	0	0	0	0	0	0	0	0	0	0	0	0	0	0	0	0	0	0	0	0	0	0	0	0	1536	8374	1442	4614	0	0	0	0	0	0	0	0	0	0	0	0	0	0	0	0	0	0	0	0	0	0	0	0	0	0	0	0	0	0	0	0	0	0	0	0	0	0	0	0	0	0	
41328	Frontal_Med_Orb_L	0	0	2240	166	4402	360	0	0	400	0	0	0	0	0	0	0	0	0	0	0	102	0	3582	1234	0	1126	2020	140	0	0	4250	460	0	0	0	0	0	0	0	0	0	0	0	0	0	0	0	0	0	0	0	0	0	0	0	0	0	0	0	0	0	0	0	0	0	0	0	0	0	0	100	0	82	0	0	0	0	0	0	0	0	0	0	0	0	0	0	0	0	0	0	0	0	0	0	0	0	0	0	0	0	0	0	0	0	0	0	0	0	0	0	0	0	0	0	0	
79540	Frontal_Med_Orb_R	0	0	302	4874	142	5668	0	0	0	458	0	0	0	0	0	0	0	0	0	0	270	922	1850	5966	1126	0	594	7970	0	0	1544	5516	0	0	0	0	0	0	0	0	0	0	0	0	0	0	0	0	0	0	0	0	0	0	0	0	0	0	0	0	0	0	0	0	0	0	0	0	0	0	352	1618	132	466	0	0	0	0	0	0	0	0	0	0	0	0	0	0	0	0	0	0	0	0	0	0	0	0	0	0	0	0	0	0	0	0	0	0	0	0	0	0	0	0	0	0	
82396	Rectus_L	0	0	1546	0	8352	422	172	0	2818	0	98	0	518	0	2714	0	0	0	108	0	3422	2492	586	264	2020	594	0	1724	1102	0	4470	1728	0	0	0	0	0	0	0	0	0	0	0	0	0	0	0	0	0	0	0	0	0	0	0	0	0	0	0	0	0	0	0	0	0	0	0	0	0	0	3240	428	2380	0	0	0	0	0	0	0	0	0	0	0	0	0	0	0	0	0	0	0	0	0	0	0	0	0	0	0	0	0	0	0	0	0	0	0	0	0	0	0	0	0	0	0	
88460	Rectus_R	0	0	0	3492	84	7910	0	0	0	722	0	0	0	0	0	738	0	0	0	0	2066	4178	230	2458	140	7970	1724	0	0	518	1168	4976	0	0	0	0	0	0	0	0	0	0	0	0	0	0	0	0	0	0	0	0	0	0	0	0	0	0	0	0	0	0	0	0	0	0	0	0	0	0	2192	2056	710	898	0	0	0	0	0	0	0	0	0	0	0	0	0	0	0	0	0	0	0	0	0	0	0	0	0	0	0	0	0	0	0	0	0	0	0	0	0	0	0	0	0	0	
751340	Insula_L	14204	544	37404	2832	3028	0	29340	2404	830	0	28922	3878	31520	1232	21918	96	31056	128	19762	2178	2146	0	2920	1478	0	0	1102	0	0	2092	4856	1366	1538	1154	1118	1048	13260	878	4290	116	2252	0	0	0	0	0	0	0	0	0	208	0	0	0	7830	0	6702	0	0	0	262	0	656	0	134	0	0	0	582	0	9408	1652	19122	742	576	0	1286	698	11744	0	10698	0	14932	0	5124	0	0	0	10424	0	0	0	0	0	0	0	0	0	0	0	0	0	0	0	0	0	0	0	0	0	0	0	0	0	0	0	
500816	Insula_R	338	456	3466	16694	0	100	1316	11092	0	4232	1304	21786	1324	27312	188	10664	286	17194	6842	14638	0	1882	2108	7140	0	0	0	518	2092	0	184	6070	412	6998	176	248	196	7202	0	2278	0	1930	0	0	0	376	0	0	0	448	0	80	0	110	0	2262	0	588	0	624	0	272	0	1124	0	282	0	890	150	954	5212	17724	2876	26632	0	282	76	1482	0	1046	172	2838	864	678	0	2650	0	0	0	1050	0	0	0	0	0	0	0	0	0	0	0	0	0	0	0	0	0	0	0	0	0	0	0	0	0	0	
435476	Cingulum_Ant_L	124	0	24204	11920	5198	244	11608	518	406	0	4814	274	5518	204	1112	0	196	0	7516	2588	1484	2088	35092	20552	4250	1544	4470	1168	4856	184	0	31274	7060	11256	130	0	0	0	0	0	0	0	0	0	0	0	0	0	0	0	0	0	0	0	0	0	0	0	0	0	0	0	0	0	0	0	0	0	0	0	6518	2472	6350	338	0	0	0	0	0	0	0	0	208	0	0	0	0	0	0	0	0	0	0	0	0	0	0	0	0	0	0	0	0	0	0	0	0	0	0	0	0	0	0	0	0	0	
606208	Cingulum_Ant_R	76	0	16232	39174	396	160	6172	4878	0	216	634	2916	1290	5108	552	392	102	120	11440	11732	1952	3268	31224	40076	460	5516	1728	4976	1366	6070	31274	0	9498	31444	0	0	0	88	0	0	0	0	0	0	0	0	0	0	0	0	0	0	0	0	0	0	0	0	0	0	0	0	0	0	0	0	0	0	0	88	4242	17612	2658	7678	0	0	0	206	0	0	0	0	90	0	0	0	0	0	0	0	0	0	0	0	0	0	0	0	0	0	0	0	0	0	0	0	0	0	0	0	0	0	0	0	0	0	
291848	Cingulum_Mid_L	506	1638	7834	4986	0	0	3152	854	0	0	804	346	1570	336	628	0	0	0	16060	12294	0	0	11692	2898	0	0	0	0	1538	412	7060	9498	0	25174	5686	512	0	0	0	0	0	0	0	94	0	140	0	0	582	150	1768	78	158	0	134	0	1344	104	850	0	1838	0	326	0	2148	0	5782	854	6162	2064	972	462	874	170	0	188	0	0	0	0	0	0	0	0	2542	0	0	0	662	0	0	0	0	0	0	0	0	0	0	0	0	0	0	0	0	0	0	0	0	0	0	0	0	0	0	0	
762988	Cingulum_Mid_R	2948	3096	16876	25598	0	0	5788	3684	0	0	308	3096	1122	5240	406	218	0	538	28946	63844	0	0	25652	20348	0	0	0	0	1154	6998	11256	31444	25174	0	2826	12672	0	500	0	282	0	0	0	2130	0	2414	0	766	0	2380	0	1394	0	290	0	708	144	2060	0	264	0	308	0	786	0	190	950	8836	14454	29596	1606	3650	1992	2142	288	958	0	0	0	0	0	584	0	0	0	1326	0	0	0	1264	0	0	0	0	0	0	0	0	0	0	0	0	0	0	0	0	0	0	0	0	0	0	0	0	0	0	
202048	Cingulum_Post_L	7128	2008	106	270	0	0	0	132	0	0	0	0	0	0	0	0	0	192	1054	1630	0	0	0	0	0	0	0	0	1118	176	130	0	5686	2826	0	15516	10980	7002	2572	558	0	0	1550	160	174	562	1686	110	176	544	1996	284	706	0	1746	242	1678	0	0	0	440	0	478	0	154	0	4612	1960	7012	1712	248	0	546	0	174	0	4044	5628	1058	0	98	0	0	0	1346	0	0	0	650	90	76	0	0	0	0	0	0	0	0	0	0	0	0	0	0	0	0	0	0	0	0	0	0	0	0	0	
259208	Cingulum_Post_R	6236	2988	182	1086	0	0	0	84	0	0	0	0	0	0	0	0	0	254	644	10298	0	0	0	0	0	0	0	0	1048	248	0	0	512	12672	15516	0	9320	9332	2308	1798	0	0	0	1396	0	1842	704	1904	0	1750	0	1170	0	674	1292	2318	124	492	0	256	0	96	0	78	0	90	1062	11080	2312	9614	308	676	354	200	160	190	5194	6914	1004	0	0	0	0	0	0	474	0	0	0	1124	0	0	0	0	0	0	0	0	0	0	0	0	0	0	0	0	0	0	0	0	226	0	0	0	0	0	
323740	Hippocampus_L	7636	1258	4398	458	0	0	612	456	0	0	798	92	0	0	320	0	968	212	3328	88	138	0	0	0	0	0	0	0	13260	196	0	0	0	0	10980	9320	0	6596	16348	588	10964	0	1946	0	128	0	2256	214	0	0	0	0	0	0	18104	96	272	0	0	0	0	0	0	0	0	0	3234	616	360	0	2118	84	10406	114	1904	0	6510	5058	1742	0	3122	0	2390	0	1760	0	558	0	9622	0	0	0	0	0	0	0	106	0	136	0	0	0	0	0	0	0	0	0	0	0	0	0	0	0	0	0	
344272	Hippocampus_R	3418	7824	154	4876	0	0	414	3250	0	98	170	1212	148	806	0	146	114	2306	456	3152	0	0	0	0	0	0	0	0	878	7202	0	88	0	500	7002	9332	6596	0	1484	26452	0	7708	0	992	0	0	410	2182	0	0	0	0	0	348	822	24896	86	464	0	234	0	0	0	82	0	0	418	4248	0	382	676	576	394	14074	0	456	3944	9018	666	298	0	652	100	2016	0	1210	0	334	0	6092	0	0	0	0	0	0	112	0	0	0	0	0	0	0	0	0	0	0	0	0	168	0	0	0	0	0	
115092	ParaHippocampal_L	226	0	1714	114	0	0	242	222	0	0	458	0	0	0	160	0	266	0	1470	0	162	0	0	0	0	0	0	0	4290	0	0	0	0	0	2572	2308	16348	1484	0	240	3204	0	86	0	0	0	1340	114	0	0	0	0	0	0	9918	0	0	0	0	0	0	0	0	0	0	0	580	122	0	0	484	0	2928	0	0	0	1070	1030	0	0	1346	0	404	0	270	0	444	0	1220	0	0	0	0	0	178	0	208	0	182	0	0	0	0	0	0	0	0	0	0	142	0	0	0	0	0	0	
170432	ParaHippocampal_R	254	3202	0	1758	0	0	212	1208	0	0	0	456	0	348	0	144	0	232	224	1132	0	164	0	0	0	0	0	0	116	2278	0	0	0	282	558	1798	588	26452	240	0	0	6416	0	824	0	0	0	2560	0	0	0	0	0	78	0	16816	0	266	0	184	0	0	0	0	0	0	168	2884	0	388	192	146	94	5046	0	174	154	1588	0	0	0	122	0	2124	0	380	0	534	0	1816	0	0	0	0	106	0	148	276	0	0	0	0	0	0	0	0	0	0	0	0	86	0	0	0	0	0	
62084	Amygdala_L	0	0	0	0	0	0	0	0	0	0	0	0	0	0	0	0	0	0	0	0	348	0	0	0	0	0	0	0	2252	0	0	0	0	0	0	0	10964	0	3204	0	0	0	0	0	0	0	0	0	0	0	0	0	0	0	6370	0	0	0	0	0	0	0	0	0	0	0	0	0	0	0	698	0	326	0	0	0	0	0	0	0	0	0	2466	0	966	0	800	0	2648	0	0	0	0	0	0	0	0	0	0	0	0	0	0	0	0	0	0	0	0	0	0	0	0	0	0	0	
58196	Amygdala_R	0	0	0	194	0	0	0	0	0	0	0	0	0	0	0	640	0	0	0	160	0	1006	0	0	0	0	0	0	0	1930	0	0	0	0	0	0	0	7708	0	6416	0	0	0	0	0	0	0	0	0	0	0	0	0	0	0	6252	0	0	0	0	0	0	0	0	0	0	0	0	0	0	0	0	0	166	0	0	0	0	0	0	0	0	0	2872	0	0	0	542	0	1212	0	0	0	0	0	0	0	0	0	0	0	0	0	0	0	0	0	0	0	0	0	0	0	0	0	0	
147820	Calcarine_L	0	0	0	0	0	0	0	0	0	0	0	0	0	0	0	0	0	0	0	0	0	0	0	0	0	0	0	0	0	0	0	0	0	0	1550	0	1946	0	86	0	0	0	0	5348	10746	3982	9616	2190	6346	2134	13538	282	2714	0	1520	150	128	0	156	0	0	0	0	0	112	0	8464	0	158	0	0	0	0	0	0	0	0	0	0	0	0	0	0	0	1294	0	0	0	1450	0	0	0	0	0	0	0	0	0	0	0	0	0	0	0	0	0	0	0	0	0	0	0	0	0	0	0	
278076	Calcarine_R	0	0	0	0	0	0	0	0	0	0	0	0	0	0	0	0	0	0	0	798	0	0	0	0	0	0	0	0	0	0	0	0	94	2130	160	1396	0	992	0	824	0	0	5348	0	2266	23882	2584	15872	0	20688	0	14100	0	5658	0	9712	0	1296	0	944	0	444	0	0	0	506	594	21906	160	1360	0	0	0	0	0	0	0	0	0	0	0	0	0	0	0	1626	0	0	0	3620	0	0	0	0	0	0	0	0	0	78	0	0	0	0	0	0	0	0	0	0	0	0	0	0	0	0	
103312	Cuneus_L	0	0	0	0	0	0	0	0	0	0	0	0	0	0	0	0	0	0	0	0	0	0	0	0	0	0	0	0	0	0	0	0	0	0	174	0	128	0	0	0	0	0	10746	2266	0	2908	1074	102	11328	1070	9694	342	840	0	298	0	84	0	1780	0	0	0	0	0	284	0	7048	412	176	0	0	0	0	0	0	0	0	0	0	0	0	0	0	0	492	0	0	0	410	0	0	0	0	0	0	0	0	0	0	0	0	0	0	0	0	0	0	0	0	0	0	0	0	0	0	0	
275596	Cuneus_R	0	110	0	90	0	0	0	0	0	0	0	0	0	0	0	0	0	136	0	966	0	0	0	0	0	0	0	0	0	376	0	0	140	2414	562	1842	0	0	0	0	0	0	3982	23882	2908	0	1660	4542	0	33818	0	16884	0	1508	0	1070	0	772	0	3404	0	2290	0	1962	0	2570	1116	20578	200	986	0	0	0	332	0	0	0	0	0	0	0	228	0	0	0	3420	0	0	0	3050	0	0	0	0	0	0	0	0	0	0	0	0	0	0	0	0	0	0	0	0	0	0	0	0	0	0	
215968	Lingual_L	0	0	0	0	0	0	0	0	0	0	0	0	0	0	0	0	0	0	0	0	0	0	0	0	0	0	0	0	0	0	0	0	0	0	1686	704	2256	410	1340	0	0	0	9616	2584	1074	1660	0	3198	1422	1354	9750	234	5314	0	10964	512	0	0	0	0	0	0	0	0	162	0	4178	0	0	0	0	0	0	0	0	0	136	272	0	0	0	0	0	0	234	0	0	0	328	0	11008	1008	1128	0	122	0	10540	392	15990	2022	354	0	980	220	310	0	0	0	0	84	1026	2686	726	0	0	0	
198180	Lingual_R	0	0	0	0	0	0	0	0	0	0	0	0	0	0	0	0	0	0	0	90	0	0	0	0	0	0	0	0	0	0	0	0	0	766	110	1904	214	2182	114	2560	0	0	2190	15872	102	4542	3198	0	0	5696	0	3564	0	2068	678	10288	0	622	0	132	0	0	0	0	0	0	340	9894	0	520	0	0	0	0	0	0	0	0	0	0	0	0	0	0	0	164	0	0	0	582	1514	2728	0	0	234	124	846	3462	4034	7432	86	0	238	168	144	0	0	0	0	90	3350	5116	1048	0	0	84	
158536	Occipital_Sup_L	0	0	0	0	0	0	0	0	0	0	0	0	0	0	0	0	0	0	0	0	0	0	0	0	0	0	0	0	0	0	0	0	582	0	176	0	0	0	0	0	0	0	6346	0	11328	0	1422	0	0	0	26972	0	1142	0	268	0	116	0	6552	0	496	0	536	0	5208	0	10680	0	136	0	0	0	0	0	0	0	0	0	0	0	1034	0	0	0	5388	0	0	0	886	0	0	0	0	0	0	0	0	0	0	0	0	0	0	0	0	0	0	0	0	0	0	0	0	0	0	0	
320428	Occipital_Sup_R	0	156	0	0	0	0	0	0	0	0	0	0	0	0	0	0	0	200	0	922	0	0	0	0	0	0	0	0	0	448	0	0	150	2380	544	1750	0	0	0	0	0	0	2134	20688	1070	33818	1354	5696	0	0	0	30384	0	2320	0	1170	0	1108	0	8570	0	4770	0	2012	0	7004	704	20186	166	988	0	0	0	370	0	0	0	0	0	0	0	268	0	0	0	5362	0	0	0	3522	0	0	0	0	0	0	0	0	0	0	0	0	0	0	0	0	0	0	0	0	0	0	0	0	0	0	
384508	Occipital_Mid_L	2246	118	0	0	0	0	0	0	0	0	0	0	0	0	0	0	0	0	0	0	0	0	0	0	0	0	0	0	208	0	0	0	1768	0	1996	0	0	0	0	0	0	0	13538	0	9694	0	9750	0	26972	0	0	0	20686	0	6326	0	4070	0	15000	0	13082	0	2054	0	21944	0	12954	0	1076	0	0	0	0	0	0	0	0	0	162	0	1042	0	0	0	20144	0	0	0	7424	0	0	0	0	0	0	0	0	0	0	0	0	0	0	0	0	0	0	0	0	0	0	0	0	0	0	0	
261404	Occipital_Mid_R	0	0	0	0	0	0	0	0	0	0	0	0	0	0	0	0	0	0	0	600	0	0	0	0	0	0	0	0	0	80	0	0	78	1394	284	1170	0	0	0	0	0	0	282	14100	342	16884	234	3564	0	30384	0	0	0	6234	0	1882	0	486	0	8872	0	6324	0	0	0	10990	490	12042	104	712	0	0	0	0	0	0	0	0	0	0	0	0	0	0	0	9556	0	0	0	3614	0	0	0	0	0	0	0	0	0	0	0	0	0	0	0	0	0	0	0	0	0	0	0	0	0	0	
131828	Occipital_Inf_L	408	0	0	0	0	0	0	0	0	0	0	0	0	0	0	0	0	0	0	0	0	0	0	0	0	0	0	0	0	0	0	0	158	0	706	0	0	0	0	0	0	0	2714	0	840	0	5314	0	1142	0	20686	0	0	0	8808	0	1568	0	0	0	746	0	768	0	390	0	1624	0	386	0	0	0	0	0	0	0	0	0	166	0	0	0	0	0	8708	0	0	0	8040	0	1190	0	126	0	0	0	394	0	882	0	0	0	0	0	0	0	0	0	0	0	150	0	0	0	0	0	
64328	Occipital_Inf_R	0	260	0	0	0	0	0	0	0	0	0	0	0	0	0	0	0	84	0	472	0	0	0	0	0	0	0	0	0	110	0	0	0	290	0	674	0	348	0	78	0	0	0	5658	0	1508	0	2068	0	2320	0	6234	0	0	0	5446	0	196	0	328	0	242	0	0	0	218	0	2076	0	520	0	0	0	0	0	0	0	0	0	0	0	0	0	0	0	358	0	0	0	2066	0	208	0	0	0	0	0	0	0	300	0	0	0	0	0	0	0	0	0	0	0	102	0	0	0	0	
396672	Fusiform_L	398	0	2850	166	0	0	420	288	0	0	662	78	0	0	218	0	746	0	2286	0	0	0	0	0	0	0	0	0	7830	0	0	0	134	0	1746	1292	18104	822	9918	0	6370	0	1520	0	298	0	10964	678	268	0	6326	0	8808	0	0	408	606	0	0	0	722	0	608	0	666	0	2128	0	182	0	864	0	4030	0	0	0	686	600	1782	0	1976	0	3142	0	5960	0	1192	0	15780	0	22226	268	3058	0	0	0	11868	84	28952	1014	798	0	2164	0	158	0	0	0	0	0	1224	1690	230	0	0	80	
329732	Fusiform_R	88	2948	0	1146	0	0	0	492	0	0	0	238	0	88	0	0	0	604	0	2304	0	0	0	0	0	0	0	0	0	2262	0	0	0	708	242	2318	96	24896	0	16816	0	6252	150	9712	0	1070	512	10288	0	1170	0	1882	0	5446	408	0	0	444	0	514	0	176	0	178	0	0	0	8124	0	1782	0	78	0	2866	0	88	0	586	0	0	0	328	0	4052	0	1662	0	1988	0	13110	740	9498	0	0	0	0	296	4098	2686	12112	0	0	112	140	374	0	0	0	0	0	1870	3680	1064	0	0	84	
333456	Postcentral_L	36656	1622	6156	724	0	0	3942	1330	0	0	5552	116	1682	0	0	0	14368	148	4336	390	0	0	0	0	0	0	0	0	6702	0	0	0	1344	144	1678	124	272	86	0	0	0	0	128	0	84	0	0	0	116	0	4070	0	1568	0	606	0	0	0	4464	0	25592	0	17380	0	1196	0	2474	0	8256	82	1406	0	722	90	256	0	296	0	2316	0	2386	0	170	0	3084	0	0	0	2532	0	82	0	0	0	0	0	0	0	0	0	0	0	0	0	0	0	0	0	0	0	0	0	0	0	0	0	
129424	Postcentral_R	80	8794	0	472	0	0	0	584	0	0	0	1002	0	0	0	0	0	7916	0	612	0	0	0	0	0	0	0	0	0	588	0	0	104	2060	0	492	0	464	0	266	0	0	0	1296	0	772	0	622	0	1108	0	486	0	196	0	444	0	0	0	7538	0	5816	0	11598	0	1644	128	4284	168	2950	116	0	90	334	0	94	0	0	0	98	0	676	0	0	0	488	0	0	0	332	0	0	0	0	0	0	0	0	0	0	0	0	0	0	0	0	0	0	0	0	0	0	0	0	0	0	
130116	Parietal_Sup_L	112	0	0	0	0	0	0	0	0	0	0	0	0	0	0	0	0	0	0	0	0	0	0	0	0	0	0	0	0	0	0	0	850	0	0	0	0	0	0	0	0	0	156	0	1780	0	0	0	6552	0	15000	0	0	0	0	0	4464	0	0	0	16730	0	226	0	7528	0	11478	0	182	0	0	0	0	0	0	0	0	0	0	0	0	0	0	0	0	0	0	0	0	0	0	0	0	0	0	0	0	0	0	0	0	0	0	0	0	0	0	0	0	0	0	0	0	0	0	0	
202164	Parietal_Sup_R	0	592	0	278	0	0	0	0	0	0	0	0	0	0	0	0	0	1846	0	344	0	0	0	0	0	0	0	0	0	624	0	0	0	264	0	256	0	234	0	184	0	0	0	944	0	3404	0	132	0	8570	0	8872	0	328	0	514	0	7538	0	0	0	20640	0	5110	0	19096	176	11196	0	606	0	0	0	332	0	0	0	0	0	82	0	1330	0	0	0	6406	0	0	0	1184	0	0	0	0	0	0	0	0	0	0	0	0	0	0	0	0	0	0	0	0	0	0	0	0	0	0	
243200	Parietal_Inf_L	3712	0	164	0	0	0	168	0	0	0	94	0	0	0	0	0	286	0	0	0	0	0	0	0	0	0	0	0	262	0	0	0	1838	0	440	0	0	0	0	0	0	0	0	0	0	0	0	0	496	0	13082	0	746	0	722	0	25592	0	16730	0	0	0	23224	0	19632	0	3266	0	2158	0	0	0	134	0	0	0	0	0	0	0	1288	0	0	0	5482	0	0	0	1986	0	98	0	0	0	0	0	0	0	0	0	0	0	0	0	0	0	0	0	0	0	0	0	0	0	0	0	
175720	Parietal_Inf_R	0	256	0	0	0	0	0	0	0	0	0	0	0	0	0	0	0	362	0	294	0	0	0	0	0	0	0	0	0	272	0	0	0	308	0	96	0	0	0	0	0	0	0	444	0	2290	0	0	0	4770	0	6324	0	242	0	176	0	5816	0	20640	0	0	0	11804	0	20952	92	3300	0	282	86	0	98	274	0	112	0	0	0	0	0	838	0	0	0	6694	0	0	0	1038	0	0	0	0	0	0	0	0	0	0	0	0	0	0	0	0	0	0	0	0	0	0	0	0	0	0	
159504	SupraMarginal_L	2910	0	332	0	0	0	0	0	0	0	0	0	0	0	0	0	2800	0	464	0	0	0	0	0	0	0	0	0	656	0	0	0	326	0	478	0	0	0	0	0	0	0	0	0	0	0	0	0	536	0	2054	0	768	0	608	0	17380	0	226	0	23224	0	0	0	7416	0	638	0	2330	0	370	0	0	0	0	0	0	0	434	0	4100	0	0	0	9038	0	0	0	2552	0	112	0	0	0	0	0	0	0	0	0	0	0	0	0	0	0	0	0	0	0	0	0	0	0	0	0	
125464	SupraMarginal_R	0	1148	0	182	0	0	0	116	0	0	0	0	0	0	0	0	0	3704	0	1104	0	0	0	0	0	0	0	0	0	1124	0	0	0	786	0	78	0	82	0	0	0	0	0	0	0	1962	0	0	0	2012	0	0	0	0	0	178	0	11598	0	5110	0	11804	0	0	0	8302	0	2578	0	974	102	0	112	916	0	104	0	88	0	0	0	3154	0	0	0	3970	0	0	0	1444	0	0	0	0	0	0	0	0	0	0	0	0	0	0	0	0	0	0	0	0	0	0	0	0	0	0	
163404	Angular_L	638	0	0	0	0	0	0	0	0	0	0	0	0	0	0	0	76	0	0	0	0	0	0	0	0	0	0	0	134	0	0	0	2148	0	154	0	0	0	0	0	0	0	112	0	284	0	162	0	5208	0	21944	0	390	0	666	0	1196	0	7528	0	19632	0	7416	0	0	0	4206	0	556	0	0	0	0	0	0	0	0	0	0	0	1006	0	0	0	6618	0	0	0	1628	0	0	0	0	0	0	0	0	0	0	0	0	0	0	0	0	0	0	0	0	0	0	0	0	0	0	0	
180780	Angular_R	0	0	0	0	0	0	0	0	0	0	0	0	0	0	0	0	0	198	0	216	0	0	0	0	0	0	0	0	0	282	0	0	0	190	0	90	0	0	0	0	0	0	0	506	0	2570	0	0	0	7004	0	10990	0	218	0	0	0	1644	0	19096	0	20952	0	8302	0	0	82	3480	0	192	0	0	0	196	0	0	0	0	0	0	0	2118	0	0	0	10204	0	0	0	1860	0	0	0	0	0	0	0	0	0	0	0	0	0	0	0	0	0	0	0	0	0	0	0	0	0	0	
212416	Precuneus_L	296	114	0	0	0	0	0	0	0	0	0	0	0	0	0	0	0	0	130	408	0	0	0	0	0	0	0	0	0	0	0	0	5782	950	4612	1062	3234	418	580	168	0	0	8464	594	7048	1116	4178	340	10680	704	12954	490	1624	0	2128	0	2474	128	11478	176	3266	92	638	0	4206	82	0	5946	2364	708	0	0	78	0	0	0	0	0	0	0	952	0	0	0	3646	250	0	0	1404	136	110	0	0	0	0	0	0	0	0	0	0	0	0	0	0	0	0	0	0	0	0	0	0	0	0	0	
364100	Precuneus_R	102	640	0	294	0	0	0	0	0	0	0	0	0	0	0	0	0	1122	150	3088	0	0	0	0	0	0	0	0	0	890	0	0	854	8836	1960	11080	616	4248	122	2884	0	0	0	21906	412	20578	0	9894	0	20186	0	12042	0	2076	0	8124	0	4284	0	11196	0	3300	0	2578	0	3480	5946	0	624	5384	0	0	0	622	0	0	114	164	0	88	0	898	0	0	0	4928	0	0	0	6126	0	0	0	0	0	0	0	0	0	0	0	0	0	0	0	0	0	0	0	0	214	0	0	0	0	0	
333624	Paracentral_Lobule_L	17256	9886	2768	4490	0	0	370	1876	0	100	0	1602	0	96	0	160	200	0	17888	20486	0	0	0	0	0	0	0	0	582	150	0	0	6162	14454	7012	2312	360	0	0	0	0	0	158	160	176	200	0	0	136	166	1076	104	386	0	182	0	8256	168	182	0	2158	0	2330	0	556	0	2364	624	0	11650	6658	1968	10510	356	3038	546	1238	1454	178	0	206	0	0	0	808	0	0	0	610	0	0	0	0	0	0	0	0	0	0	0	0	0	0	0	0	0	0	0	0	0	0	0	0	0	0	0	
271760	Paracentral_Lobule_R	3754	5628	584	2488	0	0	0	0	0	0	0	212	0	138	0	0	0	652	2224	37508	0	0	0	0	0	0	0	0	0	954	0	88	2064	29596	1712	9614	0	382	0	388	0	0	0	1360	0	986	0	520	0	988	0	712	0	520	0	1782	82	2950	0	606	0	282	0	974	0	192	708	5384	11650	0	642	684	1286	336	214	86	0	0	0	0	0	1378	0	0	0	1768	0	0	0	1804	0	0	0	0	0	0	0	0	0	0	0	0	0	0	0	0	0	0	0	0	0	0	0	0	0	0	
444760	Caudate_L	3692	2616	8708	7952	538	0	1670	9336	0	504	5018	12026	1900	3354	758	922	3522	506	12340	4846	3590	7274	1124	1536	100	352	3240	2192	9408	5212	6518	4242	972	1606	248	308	2118	676	484	192	698	0	0	0	0	0	0	0	0	0	0	0	0	0	864	0	1406	116	0	0	0	86	370	102	0	0	0	0	6658	642	0	16278	38464	2488	4732	292	11148	1540	0	0	578	0	3964	0	0	0	0	0	354	0	0	0	0	0	0	0	0	0	0	0	0	0	0	0	0	0	0	0	0	0	0	0	0	0	0	0	
497296	Caudate_R	1926	6780	2338	19172	0	1796	202	3704	0	5326	920	11264	526	17580	146	8522	294	2410	4272	19884	876	4558	1518	8374	0	1618	428	2056	1652	17724	2472	17612	462	3650	0	676	84	576	0	146	0	0	0	0	0	0	0	0	0	0	0	0	0	0	0	78	0	0	0	0	0	0	0	0	0	0	0	0	1968	684	16278	0	9514	23692	142	3160	1060	19630	0	0	110	0	708	80	0	0	0	0	0	0	0	0	0	0	0	0	0	0	0	0	0	0	0	0	0	0	0	0	0	0	0	0	0	0	0	0	
478112	Putamen_L	8450	2888	19460	5828	2664	0	1438	5920	604	278	930	7270	2364	2060	6322	518	438	326	20596	4684	790	2922	2392	1442	82	132	2380	710	19122	2876	6350	2658	874	1992	546	354	10406	394	2928	94	326	0	0	0	0	0	0	0	0	0	0	0	0	0	4030	0	722	90	0	0	134	98	0	112	0	0	78	0	10510	1286	38464	9514	0	1390	10096	204	1458	366	544	0	1384	0	2966	0	300	0	0	0	2502	0	0	0	0	0	0	0	0	0	0	0	0	0	0	0	0	0	0	0	0	0	0	0	0	0	0	0	
369236	Putamen_R	390	868	442	15586	0	1172	630	8354	0	4818	532	7868	352	6240	0	7120	274	4624	1528	13280	0	338	228	4614	0	466	0	898	742	26632	338	7678	170	2142	0	200	114	14074	0	5046	0	166	0	0	0	332	0	0	0	370	0	0	0	0	0	2866	90	334	0	332	0	274	0	916	0	196	0	622	356	336	2488	23692	1390	0	0	3942	0	3690	0	0	0	1062	278	472	0	1704	0	0	0	952	0	0	0	0	0	0	0	0	0	0	0	0	0	0	0	0	0	0	0	0	0	0	0	0	0	0	
63196	Pallidum_L	3388	678	936	198	0	0	0	160	0	0	0	0	0	0	0	0	0	0	1194	392	0	0	0	0	0	0	0	0	576	0	0	0	0	288	174	160	1904	0	0	0	0	0	0	0	0	0	0	0	0	0	0	0	0	0	0	0	256	0	0	0	0	0	0	0	0	0	0	0	3038	214	4732	142	10096	0	0	0	2362	204	148	0	0	0	266	0	0	0	0	0	92	0	0	0	0	0	0	0	0	0	0	0	0	0	0	0	0	0	0	0	0	0	0	0	0	0	0	0	
38988	Pallidum_R	0	174	0	2980	0	0	0	1320	0	0	0	284	0	0	0	0	0	384	622	2658	0	90	0	0	0	0	0	0	0	282	0	0	188	958	0	190	0	456	0	174	0	0	0	0	0	0	0	0	0	0	0	0	0	0	0	88	0	94	0	0	0	112	0	104	0	0	0	0	546	86	292	3160	204	3942	0	0	0	106	0	0	0	0	0	0	0	0	0	0	0	0	0	0	0	0	0	0	0	0	0	0	0	0	0	0	0	0	0	0	0	0	0	0	0	0	0	0	
148624	Thalamus_L	14598	2374	356	208	0	0	504	106	0	0	0	0	0	172	0	0	124	0	346	0	0	0	0	0	0	0	0	0	1286	76	0	0	0	0	4044	5194	6510	3944	1070	154	0	0	0	0	0	0	136	0	0	0	0	0	0	0	686	0	296	0	0	0	0	0	0	0	0	0	0	114	1238	0	11148	1060	1458	0	2362	0	0	13164	1176	0	0	0	0	0	0	0	0	0	408	0	0	0	0	0	0	0	0	0	0	0	0	0	0	0	0	0	0	0	0	0	0	0	0	0	0	0	
208048	Thalamus_R	5608	12336	234	3490	0	0	0	1168	0	0	0	0	0	3766	0	0	0	1164	172	1712	0	0	0	0	0	0	0	0	698	1482	0	206	0	0	5628	6914	5058	9018	1030	1588	0	0	0	0	0	0	272	0	0	0	0	0	0	0	600	586	0	0	0	0	0	0	0	88	0	0	0	164	1454	0	1540	19630	366	3690	204	106	13164	0	626	0	0	0	0	0	0	170	0	0	0	92	0	0	0	0	0	0	0	0	0	0	0	0	0	0	0	0	0	0	0	0	0	0	0	0	0	0	
94832	Heschl_L	5424	84	766	0	0	0	244	0	0	0	198	0	0	0	0	0	5316	0	428	0	0	0	0	0	0	0	0	0	11744	0	0	0	0	0	1058	1004	1742	666	0	0	0	0	0	0	0	0	0	0	0	0	162	0	166	0	1782	0	2316	0	0	0	0	0	434	0	0	0	0	0	178	0	0	0	544	0	148	0	1176	626	0	0	2986	0	0	0	3050	0	0	0	5174	0	0	0	0	0	0	0	0	0	0	0	0	0	0	0	0	0	0	0	0	0	0	0	0	0	0	0	
9252	Heschl_R	0	0	0	0	0	0	0	0	0	0	0	0	0	0	0	0	0	1108	0	124	0	0	0	0	0	0	0	0	0	1046	0	0	0	0	0	0	0	298	0	0	0	0	0	0	0	0	0	0	0	0	0	0	0	0	0	0	0	98	0	82	0	0	0	0	0	0	0	88	0	0	0	0	0	0	0	0	0	0	0	0	0	1650	0	0	0	132	0	0	0	0	0	0	0	0	0	0	0	0	0	0	0	0	0	0	0	0	0	0	0	0	0	0	0	0	0	0	
176892	Temporal_Sup_L	1726	0	2618	108	0	0	800	134	0	0	2204	268	312	0	604	0	4848	0	1622	0	0	0	0	0	0	0	0	0	10698	172	0	0	0	0	98	0	3122	0	1346	0	0	0	0	0	0	0	0	0	1034	0	1042	0	0	0	1976	0	2386	0	0	0	1288	0	4100	0	1006	0	952	0	206	0	578	110	1384	0	0	0	0	0	2986	0	0	0	3218	0	21882	0	82	0	13536	0	0	0	0	0	0	0	0	0	0	0	0	0	0	0	0	0	0	0	0	0	0	0	0	0	0	0	
63256	Temporal_Sup_R	0	0	0	270	0	0	0	0	0	0	0	0	0	0	0	900	0	1396	0	1702	0	0	0	0	0	0	0	0	0	2838	0	0	0	584	0	0	0	652	0	122	0	0	0	0	0	228	0	0	0	268	0	0	0	0	0	328	0	676	0	1330	0	838	0	3154	0	2118	0	898	0	1378	0	0	0	1062	0	0	0	0	0	1650	0	0	0	2606	0	5678	0	314	0	638	0	0	0	0	0	0	0	0	0	0	0	0	0	0	0	0	0	0	0	0	0	0	0	0	0	0	
164564	Temporal_Pole_Sup_L	434	148	2294	422	564	0	838	1066	118	0	7026	1978	1972	382	3934	0	5290	0	1214	216	986	0	234	0	0	0	0	0	14932	864	208	90	0	0	0	0	2390	100	404	0	2466	0	0	0	0	0	0	0	0	0	0	0	0	0	3142	0	170	0	0	0	0	0	0	0	0	0	0	0	0	0	3964	708	2966	278	266	0	0	0	0	0	3218	0	0	0	7452	0	2826	0	6722	0	0	0	0	0	0	0	0	0	0	0	0	0	0	0	0	0	0	0	0	0	0	0	0	0	0	0	
47316	Temporal_Pole_Sup_R	0	0	0	0	0	0	0	0	0	0	0	392	0	0	0	1044	0	374	0	0	0	0	0	0	0	0	0	0	0	678	0	0	0	0	0	0	0	2016	0	2124	0	2872	0	0	0	0	0	0	0	0	0	0	0	0	0	4052	0	0	0	0	0	0	0	0	0	0	0	0	0	0	0	80	0	472	0	0	0	0	0	0	0	2606	0	0	0	1622	0	3134	0	2192	0	0	0	0	0	0	0	0	0	0	0	0	0	0	0	0	0	0	0	0	0	0	0	0	0	0	
312336	Temporal_Mid_L	1900	0	418	0	0	0	94	0	0	0	318	0	0	0	198	0	1394	0	232	0	0	0	0	0	0	0	0	0	5124	0	0	0	2542	0	1346	0	1760	0	270	0	966	0	1294	0	492	0	234	0	5388	0	20144	0	8708	0	5960	0	3084	0	0	0	5482	0	9038	0	6618	0	3646	0	808	0	0	0	300	0	0	0	0	0	3050	0	21882	0	7452	0	0	0	1980	0	34046	0	0	0	0	0	0	0	0	0	0	0	0	0	0	0	0	0	0	0	0	0	0	0	0	0	0	0	
185132	Temporal_Mid_R	0	0	0	334	0	0	0	0	0	0	0	0	0	0	0	0	0	510	0	2150	0	0	0	0	0	0	0	0	0	2650	0	0	0	1326	0	474	0	1210	0	380	0	0	0	1626	0	3420	0	164	0	5362	0	9556	0	358	0	1662	0	488	0	6406	0	6694	0	3970	0	10204	250	4928	0	1768	0	0	0	1704	0	0	0	170	0	132	0	5678	0	1622	0	0	0	620	0	16750	0	0	0	0	0	0	0	0	0	0	0	0	0	0	0	0	0	0	0	0	0	0	0	0	0	0	
19604	Temporal_Pole_Mid_L	0	0	0	0	0	0	0	0	0	0	0	0	0	0	208	0	0	0	0	0	0	0	0	0	0	0	0	0	0	0	0	0	0	0	0	0	558	0	444	0	800	0	0	0	0	0	0	0	0	0	0	0	0	0	1192	0	0	0	0	0	0	0	0	0	0	0	0	0	0	0	0	0	0	0	0	0	0	0	0	0	82	0	2826	0	1980	0	0	0	1712	0	0	0	0	0	0	0	0	0	0	0	0	0	0	0	0	0	0	0	0	0	0	0	0	0	0	0	
18184	Temporal_Pole_Mid_R	0	0	0	0	0	0	0	0	0	0	0	0	0	0	0	0	0	0	0	0	0	0	0	0	0	0	0	0	0	0	0	0	0	0	0	0	0	334	0	534	0	542	0	0	0	0	0	0	0	0	0	0	0	0	0	1988	0	0	0	0	0	0	0	0	0	0	0	0	0	0	0	0	0	0	0	0	0	0	0	0	0	314	0	3134	0	620	0	0	0	1626	0	0	0	0	0	0	0	0	0	0	0	0	0	0	0	0	0	0	0	0	0	0	0	0	0	0	
291312	Temporal_Inf_L	2282	0	2048	114	0	0	330	112	0	0	780	0	0	0	252	0	1018	0	1140	80	0	0	0	0	0	0	0	0	10424	0	0	0	662	0	650	0	9622	0	1220	0	2648	0	1450	0	410	0	328	0	886	0	7424	0	8040	0	15780	0	2532	0	0	0	1986	0	2552	0	1628	0	1404	0	610	0	354	0	2502	0	92	0	408	0	5174	0	13536	0	6722	0	34046	0	1712	0	0	0	1750	0	282	0	0	0	124	0	426	0	116	0	0	0	0	0	0	0	0	0	0	0	0	0	0	0	
164820	Temporal_Inf_R	0	214	0	104	0	0	0	0	0	0	0	0	0	0	0	0	0	122	0	1874	0	0	0	0	0	0	0	0	0	1050	0	0	0	1264	90	1124	0	6092	0	1816	0	1212	0	3620	0	3050	0	582	0	3522	0	3614	0	2066	0	13110	0	332	0	1184	0	1038	0	1444	0	1860	136	6126	0	1804	0	0	0	952	0	0	0	92	0	0	0	638	0	2192	0	16750	0	1626	0	0	0	1014	0	110	0	0	0	104	0	482	0	0	0	0	0	0	0	0	0	0	0	0	0	0	0	0	
440620	Cerebelum_Crus1_L	0	0	0	0	0	0	0	0	0	0	0	0	0	0	0	0	0	0	0	0	0	0	0	0	0	0	0	0	0	0	0	0	0	0	76	0	0	0	0	0	0	0	0	0	0	0	11008	1514	0	0	0	0	1190	0	22226	740	82	0	0	0	98	0	112	0	0	0	110	0	0	0	0	0	0	0	0	0	0	0	0	0	0	0	0	0	0	0	0	0	1750	0	0	4166	34888	1174	404	304	17954	720	55204	4008	13354	0	22734	3488	5588	454	186	0	0	88	596	5762	7766	524	1296	746	
416492	Cerebelum_Crus1_R	0	0	0	0	0	0	0	0	0	0	0	0	0	0	0	0	0	0	0	0	0	0	0	0	0	0	0	0	0	0	0	0	0	0	0	0	0	0	0	0	0	0	0	0	0	0	1008	2728	0	0	0	0	0	208	268	9498	0	0	0	0	0	0	0	0	0	0	0	0	0	0	0	0	0	0	0	0	0	0	0	0	0	0	0	0	0	0	0	0	0	1014	4166	0	1248	28918	192	5428	926	24698	4484	58164	1080	3006	2234	14906	1522	3038	0	964	238	2098	12846	7048	10208	2550	2684	876	
333828	Cerebelum_Crus2_L	0	0	0	0	0	0	0	0	0	0	0	0	0	0	0	0	0	0	0	0	0	0	0	0	0	0	0	0	0	0	0	0	0	0	0	0	0	0	0	0	0	0	0	0	0	0	1128	0	0	0	0	0	126	0	3058	0	0	0	0	0	0	0	0	0	0	0	0	0	0	0	0	0	0	0	0	0	0	0	0	0	0	0	0	0	0	0	0	0	282	0	34888	1248	0	5614	0	230	2502	436	9350	710	41134	1980	41144	5600	5150	1068	196	0	0	110	108	280	7964	1970	638	0	
252088	Cerebelum_Crus2_R	0	0	0	0	0	0	0	0	0	0	0	0	0	0	0	0	0	0	0	0	0	0	0	0	0	0	0	0	0	0	0	0	0	0	0	0	0	0	0	0	0	0	0	0	0	0	0	0	0	0	0	0	0	0	0	0	0	0	0	0	0	0	0	0	0	0	0	0	0	0	0	0	0	0	0	0	0	0	0	0	0	0	0	0	0	0	0	0	0	110	1174	28918	5614	0	0	616	0	1872	0	6320	5184	22600	3612	33506	170	4238	0	768	0	302	478	0	7378	2154	1030	0	
29288	Cerebelum_3_L	0	0	0	0	0	0	0	0	0	0	0	0	0	0	0	0	0	0	0	0	0	0	0	0	0	0	0	0	0	0	0	0	0	0	0	0	0	0	178	106	0	0	0	0	0	0	122	234	0	0	0	0	0	0	0	0	0	0	0	0	0	0	0	0	0	0	0	0	0	0	0	0	0	0	0	0	0	0	0	0	0	0	0	0	0	0	0	0	0	0	404	192	0	0	0	0	6230	0	1152	494	0	0	84	0	1008	0	0	0	702	2322	1236	180	0	0	0	0	
80524	Cerebelum_3_R	0	0	0	0	0	0	0	0	0	0	0	0	0	0	0	0	0	0	0	0	0	0	0	0	0	0	0	0	0	0	0	0	0	0	0	0	0	0	0	0	0	0	0	0	0	0	0	124	0	0	0	0	0	0	0	0	0	0	0	0	0	0	0	0	0	0	0	0	0	0	0	0	0	0	0	0	0	0	0	0	0	0	0	0	0	0	0	0	0	0	304	5428	230	616	0	0	76	6172	120	7240	338	0	598	1934	104	2886	0	0	768	4208	772	210	2290	2730	2694	420	
214568	Cerebelum_4_5_L	0	0	0	0	0	0	0	0	0	0	0	0	0	0	0	0	0	0	0	0	0	0	0	0	0	0	0	0	0	0	0	0	0	0	0	0	106	112	208	148	0	0	0	0	0	0	10540	846	0	0	0	0	394	0	11868	296	0	0	0	0	0	0	0	0	0	0	0	0	0	0	0	0	0	0	0	0	0	0	0	0	0	0	0	0	0	0	0	0	124	0	17954	926	2502	0	6230	76	0	750	32396	1586	1110	0	2650	174	3386	232	96	0	294	1634	5960	2784	394	136	400	972	
215708	Cerebelum_4_5_R	0	0	0	0	0	0	0	0	0	0	0	0	0	0	0	0	0	0	0	0	0	0	0	0	0	0	0	0	0	0	0	0	0	0	0	0	0	0	0	276	0	0	0	0	0	0	392	3462	0	0	0	0	0	0	84	4098	0	0	0	0	0	0	0	0	0	0	0	0	0	0	0	0	0	0	0	0	0	0	0	0	0	0	0	0	0	0	0	0	0	104	720	24698	436	1872	0	6172	750	0	606	32640	382	0	668	3052	112	1958	0	184	0	1648	15244	724	2776	2344	2268	184	
416748	Cerebelum_6_L	0	0	0	0	0	0	0	0	0	0	0	0	0	0	0	0	0	0	0	0	0	0	0	0	0	0	0	0	0	0	0	0	0	0	0	0	136	0	182	0	0	0	0	0	0	0	15990	4034	0	0	0	0	882	0	28952	2686	0	0	0	0	0	0	0	0	0	0	0	0	0	0	0	0	0	0	0	0	0	0	0	0	0	0	0	0	0	0	0	0	426	0	55204	4484	9350	0	1152	120	32396	606	0	7812	5182	0	11126	1042	4608	250	196	0	0	204	3680	11814	3676	212	936	1036	
403636	Cerebelum_6_R	0	0	0	0	0	0	0	0	0	0	0	0	0	0	0	0	0	0	0	0	0	0	0	0	0	0	0	0	0	0	0	0	0	0	0	0	0	0	0	0	0	0	0	78	0	0	2022	7432	0	0	0	0	0	300	1014	12112	0	0	0	0	0	0	0	0	0	0	0	0	0	0	0	0	0	0	0	0	0	0	0	0	0	0	0	0	0	0	0	0	0	482	4008	58164	710	6320	494	7240	1586	32640	7812	0	678	200	1492	5766	1180	2322	0	782	412	3038	16254	11394	9146	2866	2890	984	
265624	Cerebelum_7b_L	0	0	0	0	0	0	0	0	0	0	0	0	0	0	0	0	0	0	0	0	0	0	0	0	0	0	0	0	0	0	0	0	0	0	0	0	0	0	0	0	0	0	0	0	0	0	354	86	0	0	0	0	0	0	798	0	0	0	0	0	0	0	0	0	0	0	0	0	0	0	0	0	0	0	0	0	0	0	0	0	0	0	0	0	0	0	0	0	116	0	13354	1080	41134	5184	0	338	1110	382	5182	678	0	1762	37190	5942	4526	1394	162	0	0	174	84	448	6734	3600	898	102	
118780	Cerebelum_7b_R	0	0	0	0	0	0	0	0	0	0	0	0	0	0	0	0	0	0	0	0	0	0	0	0	0	0	0	0	0	0	0	0	0	0	0	0	0	0	0	0	0	0	0	0	0	0	0	0	0	0	0	0	0	0	0	0	0	0	0	0	0	0	0	0	0	0	0	0	0	0	0	0	0	0	0	0	0	0	0	0	0	0	0	0	0	0	0	0	0	0	0	3006	1980	22600	0	0	0	0	0	200	1762	0	970	24550	0	2000	0	90	0	0	0	0	1718	514	0	0	
344792	Cerebelum_8_L	0	0	0	0	0	0	0	0	0	0	0	0	0	0	0	0	0	0	0	0	0	0	0	0	0	0	0	0	0	0	0	0	0	0	0	0	0	0	0	0	0	0	0	0	0	0	980	238	0	0	0	0	0	0	2164	112	0	0	0	0	0	0	0	0	0	0	0	0	0	0	0	0	0	0	0	0	0	0	0	0	0	0	0	0	0	0	0	0	0	0	22734	2234	41144	3612	84	598	2650	668	11126	1492	37190	970	0	6776	16170	2200	1024	100	0	376	166	2050	7984	4992	2300	262	
300048	Cerebelum_8_R	0	0	0	0	0	0	0	0	0	0	0	0	0	0	0	0	0	0	0	0	0	0	0	0	0	0	0	0	0	0	0	0	0	0	0	0	0	0	0	0	0	0	0	0	0	0	220	168	0	0	0	0	0	0	0	140	0	0	0	0	0	0	0	0	0	0	0	0	0	0	0	0	0	0	0	0	0	0	0	0	0	0	0	0	0	0	0	0	0	0	3488	14906	5600	33506	0	1934	174	3052	1042	5766	5942	24550	6776	0	1214	12266	0	2238	190	1216	1102	1434	11338	6336	4704	722	
123260	Cerebelum_9_L	0	0	0	0	0	0	0	0	0	0	0	0	0	0	0	0	0	0	0	0	0	0	0	0	0	0	0	0	0	0	0	0	0	0	0	0	0	0	0	0	0	0	0	0	0	0	310	144	0	0	0	0	0	0	158	374	0	0	0	0	0	0	0	0	0	0	0	0	0	0	0	0	0	0	0	0	0	0	0	0	0	0	0	0	0	0	0	0	0	0	5588	1522	5150	170	1008	104	3386	112	4608	1180	4526	0	16170	1214	0	1370	2598	0	88	170	1160	3626	2376	1148	1996	1374	
132464	Cerebelum_9_R	0	0	0	0	0	0	0	0	0	0	0	0	0	0	0	0	0	0	0	0	0	0	0	0	0	0	0	0	0	0	0	0	0	0	0	0	0	0	0	0	0	0	0	0	0	0	0	0	0	0	0	0	0	0	0	0	0	0	0	0	0	0	0	0	0	0	0	0	0	0	0	0	0	0	0	0	0	0	0	0	0	0	0	0	0	0	0	0	0	0	454	3038	1068	4238	0	2886	232	1958	250	2322	1394	2000	2200	12266	1370	0	0	2310	226	2176	912	1694	5530	7166	8062	2480	
8916	Cerebelum_10_L	0	0	0	0	0	0	0	0	0	0	0	0	0	0	0	0	0	0	0	0	0	0	0	0	0	0	0	0	0	0	0	0	0	0	0	0	0	0	0	0	0	0	0	0	0	0	0	0	0	0	0	0	0	0	0	0	0	0	0	0	0	0	0	0	0	0	0	0	0	0	0	0	0	0	0	0	0	0	0	0	0	0	0	0	0	0	0	0	0	0	186	0	196	0	0	0	96	0	196	0	162	0	1024	0	2598	0	0	0	0	0	0	0	0	0	0	0	
17656	Cerebelum_10_R	0	0	0	0	0	0	0	0	0	0	0	0	0	0	0	0	0	0	0	0	0	0	0	0	0	0	0	0	0	0	0	0	0	0	0	0	0	0	0	0	0	0	0	0	0	0	0	0	0	0	0	0	0	0	0	0	0	0	0	0	0	0	0	0	0	0	0	0	0	0	0	0	0	0	0	0	0	0	0	0	0	0	0	0	0	0	0	0	0	0	0	964	0	768	0	0	0	184	0	782	0	90	100	2238	0	2310	0	0	0	0	0	0	386	500	506	0	
18904	Vermis_1_2	0	0	0	0	0	0	0	0	0	0	0	0	0	0	0	0	0	0	0	0	0	0	0	0	0	0	0	0	0	0	0	0	0	0	0	0	0	0	0	0	0	0	0	0	0	0	0	0	0	0	0	0	0	0	0	0	0	0	0	0	0	0	0	0	0	0	0	0	0	0	0	0	0	0	0	0	0	0	0	0	0	0	0	0	0	0	0	0	0	0	0	238	0	0	702	768	294	0	0	412	0	0	0	190	88	226	0	0	0	4602	702	254	332	274	294	76	
67648	Vermis_3	0	0	0	0	0	0	0	0	0	0	0	0	0	0	0	0	0	0	0	0	0	0	0	0	0	0	0	0	0	0	0	0	0	0	0	0	0	0	142	0	0	0	0	0	0	0	84	90	0	0	0	0	0	0	0	0	0	0	0	0	0	0	0	0	0	0	0	0	0	0	0	0	0	0	0	0	0	0	0	0	0	0	0	0	0	0	0	0	0	0	88	2098	110	302	2322	4208	1634	1648	204	3038	174	0	376	1216	170	2176	0	0	4602	0	2250	472	1758	2092	2124	446	
163272	Vermis_4_5	0	0	0	0	0	0	0	0	0	0	0	0	0	0	0	0	0	0	0	0	0	0	0	0	0	0	0	0	0	0	0	0	0	0	0	226	0	168	0	86	0	0	0	0	0	0	1026	3350	0	0	0	0	150	0	1224	1870	0	0	0	0	0	0	0	0	0	0	0	214	0	0	0	0	0	0	0	0	0	0	0	0	0	0	0	0	0	0	0	0	0	0	596	12846	108	478	1236	772	5960	15244	3680	16254	84	0	166	1102	1160	912	0	0	702	2250	0	4382	1224	998	1242	1926	
