data	data	393144	231912	872136	851428	189072	95488	483432	209188	88788	47896	271088	281800	241060	244076	141944	110000	297680	178812	459868	762448	61540	79472	429268	483864	32100	116284	55036	83096	595796	512996	399152	506036	203420	470412	148400	132136	299068	301780	133772	170668	33884	44960	327960	436548	265380	396244	389000	346588	165224	434828	498580	349640	192628	67632	373048	438888	276656	195120	108536	167384	216844	145152	121808	112976	122124	162836	369944	472156	199140	129276	259996	348020	305920	313072	62632	14916	112488	186704	86684	30672	248928	100912	76000	71988	329176	285076	17448	19884	361784	242496	308908	322724	252524	246248	24336	48072	255676	228428	380544	353192	202004	137732	269564	215024	100152	112252	13220	18596	13128	40624	202192	186908	206260	155088	80792	6460	
data	data	Precentral_L	Precentral_R	Frontal_Sup_L	Frontal_Sup_R	Frontal_Sup_Orb_L	Frontal_Sup_Orb_R	Frontal_Mid_L	Frontal_Mid_R	Frontal_Mid_Orb_L	Frontal_Mid_Orb_R	Frontal_Inf_Oper_L	Frontal_Inf_Oper_R	Frontal_Inf_Tri_L	Frontal_Inf_Tri_R	Frontal_Inf_Orb_L	Frontal_Inf_Orb_R	Rolandic_Oper_L	Rolandic_Oper_R	Supp_Motor_Area_L	Supp_Motor_Area_R	Olfactory_L	Olfactory_R	Frontal_Sup_Medial_L	Frontal_Sup_Medial_R	Frontal_Med_Orb_L	Frontal_Med_Orb_R	Rectus_L	Rectus_R	Insula_L	Insula_R	Cingulum_Ant_L	Cingulum_Ant_R	Cingulum_Mid_L	Cingulum_Mid_R	Cingulum_Post_L	Cingulum_Post_R	Hippocampus_L	Hippocampus_R	ParaHippocampal_L	ParaHippocampal_R	Amygdala_L	Amygdala_R	Calcarine_L	Calcarine_R	Cuneus_L	Cuneus_R	Lingual_L	Lingual_R	Occipital_Sup_L	Occipital_Sup_R	Occipital_Mid_L	Occipital_Mid_R	Occipital_Inf_L	Occipital_Inf_R	Fusiform_L	Fusiform_R	Postcentral_L	Postcentral_R	Parietal_Sup_L	Parietal_Sup_R	Parietal_Inf_L	Parietal_Inf_R	SupraMarginal_L	SupraMarginal_R	Angular_L	Angular_R	Precuneus_L	Precuneus_R	Paracentral_Lobule_L	Paracentral_Lobule_R	Caudate_L	Caudate_R	Putamen_L	Putamen_R	Pallidum_L	Pallidum_R	Thalamus_L	Thalamus_R	Heschl_L	Heschl_R	Temporal_Sup_L	Temporal_Sup_R	Temporal_Pole_Sup_L	Temporal_Pole_Sup_R	Temporal_Mid_L	Temporal_Mid_R	Temporal_Pole_Mid_L	Temporal_Pole_Mid_R	Temporal_Inf_L	Temporal_Inf_R	Cerebelum_Crus1_L	Cerebelum_Crus1_R	Cerebelum_Crus2_L	Cerebelum_Crus2_R	Cerebelum_3_L	Cerebelum_3_R	Cerebelum_4_5_L	Cerebelum_4_5_R	Cerebelum_6_L	Cerebelum_6_R	Cerebelum_7b_L	Cerebelum_7b_R	Cerebelum_8_L	Cerebelum_8_R	Cerebelum_9_L	Cerebelum_9_R	Cerebelum_10_L	Cerebelum_10_R	Vermis_1_2	Vermis_3	Vermis_4_5	Vermis_6	Vermis_7	Vermis_8	Vermis_9	Vermis_10	
393144	Precentral_L	0	1210	13542	218	0	0	22026	0	0	0	11676	146	1904	114	0	0	16728	0	3372	7308	0	0	336	0	0	0	0	0	15268	140	1528	0	1410	3560	3432	564	5194	386	948	0	0	0	1304	0	1184	0	838	0	0	0	1414	0	152	0	538	0	29744	0	186	0	3656	0	802	0	260	0	2126	0	17144	2724	434	0	5946	0	1228	0	4374	496	5478	0	4014	0	446	0	400	0	0	0	674	0	0	0	0	0	0	0	0	0	0	0	0	0	0	0	0	0	0	0	0	0	0	0	0	0	0	0	
231912	Precentral_R	1210	0	4078	7756	0	0	236	7186	0	0	0	6416	0	0	0	0	0	3574	4692	6118	0	0	0	0	0	0	0	0	0	2418	0	0	0	358	662	564	588	4394	130	618	0	0	0	868	0	1558	0	284	0	1094	0	560	0	0	0	1176	110	17136	0	536	0	974	0	2932	0	348	100	2944	1280	4788	470	5222	126	2278	0	156	1928	12616	0	352	0	266	0	0	0	2320	0	0	0	2536	0	0	0	0	0	0	0	0	0	0	0	0	0	0	0	0	0	0	0	0	0	0	0	0	0	0	
872136	Frontal_Sup_L	13542	4078	0	13054	18448	142	60908	2686	5018	160	10580	1160	14248	366	8348	336	10616	254	50056	16532	0	0	49252	8848	1284	1688	546	950	26746	1450	31894	8288	5364	3338	312	332	5018	414	556	0	0	0	0	0	0	0	290	0	0	0	0	0	0	0	1320	0	5310	312	0	0	0	0	0	0	0	0	0	136	354	0	10392	1772	17600	552	7328	0	6680	740	940	0	3266	0	356	0	158	74	0	0	1676	0	0	0	0	0	0	0	0	0	0	0	0	0	0	0	0	0	0	0	0	0	0	0	0	0	0	0	
851428	Frontal_Sup_R	218	7756	13054	0	372	3830	728	25812	0	498	1432	17970	110	15588	0	2932	286	16572	15128	73828	0	92	9102	46828	210	7048	1070	2446	1792	32416	3936	34862	908	16814	112	98	552	6954	118	1704	0	0	0	0	0	0	0	98	0	0	0	0	0	0	328	1510	0	1738	0	0	0	0	0	122	0	0	0	94	410	0	7206	18950	2112	16120	78	888	768	9486	0	124	78	120	0	1810	0	142	0	0	178	178	0	0	0	0	0	0	0	0	0	0	0	0	0	0	0	0	0	0	0	0	0	0	0	0	0	0	
189072	Frontal_Sup_Orb_L	0	0	18448	372	0	0	5980	0	15102	0	0	0	3902	0	13472	0	0	0	116	0	944	0	7796	1196	3018	416	4994	260	8296	0	3544	562	114	0	0	0	0	0	0	0	356	0	0	0	0	0	0	0	0	0	0	0	0	0	0	0	0	0	0	0	0	0	0	0	0	0	0	0	0	0	330	0	4650	0	0	0	0	0	0	0	0	0	668	0	0	0	0	0	0	0	0	0	0	0	0	0	0	0	0	0	0	0	0	0	0	0	0	0	0	0	0	0	0	0	0	0	
95488	Frontal_Sup_Orb_R	0	0	142	3830	0	0	0	650	0	4336	0	0	0	0	0	2536	0	0	0	0	674	1294	684	4174	198	6936	148	6434	0	1880	618	2272	0	0	0	0	0	0	0	0	0	0	0	0	0	0	0	0	0	0	0	0	0	0	0	0	0	0	0	0	0	0	0	0	0	0	0	0	0	0	638	3932	282	6086	0	0	0	0	0	0	0	0	0	0	0	0	0	0	0	0	0	0	0	0	0	0	0	0	0	0	0	0	0	0	0	0	0	0	0	0	0	0	0	0	0	0	
483432	Frontal_Mid_L	22026	236	60908	728	5980	0	0	190	3712	0	11148	0	31272	96	7018	170	11098	0	374	132	0	0	18478	1726	0	96	0	0	22612	132	13262	1942	868	1176	232	246	2838	218	384	0	0	0	0	0	0	0	216	0	0	0	80	0	0	0	522	0	3160	0	0	0	0	0	0	0	0	0	0	0	192	0	270	414	5358	0	2054	0	3978	360	800	0	3684	0	440	0	130	0	0	0	760	0	0	0	0	0	0	0	0	0	0	0	0	0	0	0	0	0	0	0	0	0	0	0	0	0	0	0	
209188	Frontal_Mid_R	0	7186	2686	25812	0	650	190	0	0	1448	288	8604	0	11726	0	5356	0	3430	3896	4044	0	0	924	7064	0	0	0	0	290	7164	486	3174	174	3470	0	0	0	306	0	220	0	0	0	0	0	0	0	0	0	0	0	0	0	0	0	226	0	200	0	0	0	0	0	0	0	0	0	0	0	0	1066	2440	126	1530	0	106	0	164	0	0	0	0	0	148	0	0	0	0	0	0	0	0	0	0	0	0	0	0	0	0	0	0	0	0	0	0	0	0	0	0	0	0	0	0	0	0	
88788	Frontal_Mid_Orb_L	0	0	5018	0	15102	0	3712	0	0	0	0	0	1404	0	12054	0	0	0	0	0	0	0	516	0	0	0	3158	0	1756	0	0	0	0	0	0	0	0	0	0	0	0	0	0	0	0	0	0	0	0	0	0	0	0	0	0	0	0	0	0	0	0	0	0	0	0	0	0	0	0	0	0	0	1674	0	0	0	0	0	0	0	0	0	0	0	0	0	0	0	0	0	0	0	0	0	0	0	0	0	0	0	0	0	0	0	0	0	0	0	0	0	0	0	0	0	0	0	
47896	Frontal_Mid_Orb_R	0	0	160	498	0	4336	0	1448	0	0	0	0	0	982	0	6992	0	0	0	120	0	180	704	1004	0	80	0	942	0	1738	242	1374	118	1372	0	0	0	0	0	0	0	0	0	0	0	0	0	0	0	0	0	0	0	0	0	0	0	0	0	0	0	0	0	0	0	0	0	0	0	0	92	310	0	1256	0	0	0	0	0	0	0	0	0	0	0	0	0	0	0	0	0	0	0	0	0	0	0	0	0	0	0	0	0	0	0	0	0	0	0	0	0	0	0	0	0	0	
271088	Frontal_Inf_Oper_L	11676	0	10580	1432	0	0	11148	288	0	0	0	2340	13502	1652	280	0	14698	92	3100	1670	0	0	2938	350	0	0	0	0	28696	2548	7700	1140	1626	580	0	0	982	0	0	0	0	0	0	0	0	0	0	0	0	0	0	0	0	0	912	0	2920	0	0	0	0	0	0	0	0	0	0	0	0	0	2434	204	1900	0	0	0	0	0	0	0	5436	0	1850	0	0	0	0	0	870	0	0	0	0	0	0	0	0	0	0	0	0	0	0	0	0	0	0	0	0	0	0	0	0	0	0	0	
281800	Frontal_Inf_Oper_R	146	6416	1160	17970	0	0	0	8604	0	0	2340	0	196	18002	0	100	362	9200	1202	13578	0	0	126	2034	0	0	0	0	2570	25478	506	2220	0	3296	0	0	76	1206	0	804	0	0	0	0	0	0	0	0	0	0	0	0	0	0	0	698	0	772	0	0	0	0	0	0	0	0	0	0	0	0	5558	7244	584	4906	0	140	0	350	0	268	0	0	0	2788	0	0	0	0	0	0	0	0	0	0	0	0	0	0	0	0	0	0	0	0	0	0	0	0	0	0	0	0	0	0	0	0	
241060	Frontal_Inf_Tri_L	1904	0	14248	110	3902	0	31272	0	1404	0	13502	196	0	204	9510	0	816	0	2288	454	0	0	3862	86	0	0	0	0	24992	378	7380	1014	1174	78	0	0	0	0	0	0	0	0	0	0	0	0	0	0	0	0	0	0	0	0	0	0	0	0	0	0	0	0	0	0	0	0	0	0	0	0	346	0	904	0	0	0	0	0	0	0	248	0	258	0	0	0	0	0	0	0	0	0	0	0	0	0	0	0	0	0	0	0	0	0	0	0	0	0	0	0	0	0	0	0	0	0	
244076	Frontal_Inf_Tri_R	114	0	366	15588	0	0	96	11726	0	982	1652	18002	204	0	0	7384	110	220	2384	7354	0	0	1862	9746	0	0	0	0	1672	20082	886	6308	428	7864	0	0	0	528	0	412	0	0	0	0	0	0	0	0	0	0	0	0	0	0	0	342	0	0	0	0	0	0	0	0	0	0	0	0	0	0	1388	1864	98	1814	0	0	0	84	0	0	0	0	0	478	0	0	0	0	0	0	0	0	0	0	0	0	0	0	0	0	0	0	0	0	0	0	0	0	0	0	0	0	0	0	0	0	
141944	Frontal_Inf_Orb_L	0	0	8348	0	13472	0	7018	0	12054	0	280	0	9510	0	0	0	0	0	0	0	1318	0	1170	0	0	0	1060	0	10754	0	456	0	0	0	0	0	234	0	122	0	410	0	0	0	0	0	0	0	0	0	0	0	0	0	122	0	0	0	0	0	0	0	0	0	0	0	0	0	0	0	262	0	2664	0	0	0	0	0	0	0	0	0	1718	0	0	0	0	0	0	0	0	0	0	0	0	0	0	0	0	0	0	0	0	0	0	0	0	0	0	0	0	0	0	0	0	0	
110000	Frontal_Inf_Orb_R	0	0	336	2932	0	2536	170	5356	0	6992	0	100	0	7384	0	0	0	0	412	424	88	1558	1842	3772	0	0	0	860	0	7794	616	3994	410	3846	0	0	0	0	0	154	0	186	0	0	0	0	0	0	0	0	0	0	0	0	0	0	0	0	0	0	0	0	0	0	0	0	0	0	0	0	160	450	0	834	0	0	0	0	0	0	0	544	0	1060	0	116	0	74	0	0	0	0	0	0	0	0	0	0	0	0	0	0	0	0	0	0	0	0	0	0	0	0	0	0	0	0	
297680	Rolandic_Oper_L	16728	0	10616	286	0	0	11098	0	0	0	14698	362	816	110	0	0	0	88	2832	324	0	0	236	0	0	0	0	0	28954	352	590	0	228	0	158	0	1880	0	0	0	0	0	222	0	236	0	0	0	0	0	1992	0	300	0	1396	0	13190	0	502	0	2676	0	4454	0	76	0	598	0	1026	0	544	94	1340	0	0	0	372	0	3358	0	17794	0	2074	0	3266	0	0	0	2974	0	0	0	0	0	0	0	0	0	0	0	0	0	0	0	0	0	0	0	0	0	0	0	0	0	0	0	
178812	Rolandic_Oper_R	0	3574	254	16572	0	0	0	3430	0	0	92	9200	0	220	0	0	88	0	176	11064	0	0	0	480	0	0	0	0	164	20102	0	512	0	342	0	0	0	1166	0	0	0	0	0	0	0	0	0	0	0	88	0	0	0	0	0	214	0	5198	0	0	0	0	0	2928	0	0	0	130	0	0	808	1376	160	3658	0	270	0	0	0	2048	0	2262	0	1630	0	738	0	0	0	462	0	0	0	0	0	0	0	0	0	0	0	0	0	0	0	0	0	0	0	0	0	0	0	0	0	0	
459868	Supp_Motor_Area_L	3372	4692	50056	15128	116	0	374	3896	0	0	3100	1202	2288	2384	0	412	2832	176	0	42748	0	0	8120	6894	0	0	0	0	6438	2558	7120	4600	9066	14308	714	192	1388	320	0	0	0	0	0	0	166	0	0	0	0	0	126	0	122	0	492	0	1810	310	0	0	0	0	0	0	0	0	0	0	6622	0	8410	704	8620	428	3822	0	1566	194	78	0	1188	0	0	98	0	0	0	0	684	0	0	0	0	0	0	0	0	0	0	0	0	0	0	0	0	0	0	0	0	0	0	0	0	0	0	0	
762448	Supp_Motor_Area_R	7308	6118	16532	73828	0	0	132	4044	0	120	1670	13578	454	7354	0	424	324	11064	42748	0	0	0	1156	9534	0	0	0	0	1838	17384	1330	7534	7054	33604	2404	4150	616	5090	174	1596	0	248	124	1112	156	240	136	106	0	168	0	114	0	0	332	1756	82	3094	0	0	0	0	0	146	0	0	328	2010	12412	11374	6812	22090	2824	9140	514	910	1064	20114	0	100	136	102	0	1242	0	1338	0	0	184	1554	0	0	0	0	0	0	0	0	0	0	0	0	0	0	0	0	0	0	0	0	0	0	0	0	0	0	
61540	Olfactory_L	0	0	0	0	944	674	0	0	0	0	0	0	0	0	1318	88	0	0	0	0	0	4658	0	0	372	484	1354	1502	2802	78	1864	1368	0	0	0	0	300	0	666	0	896	0	0	0	0	0	0	0	0	0	0	0	0	0	200	0	0	0	0	0	0	0	0	0	0	0	0	0	0	0	5170	2210	2782	258	0	0	0	0	0	0	0	0	782	0	0	0	0	0	0	0	0	0	0	0	0	0	0	0	0	0	0	0	0	0	0	0	0	0	0	0	0	0	0	0	0	0	
79472	Olfactory_R	0	0	0	92	0	1294	0	0	0	180	0	0	0	0	0	1558	0	0	0	0	4658	0	0	0	0	898	884	2762	0	1966	2868	3082	0	0	0	0	0	128	0	548	0	980	0	0	0	0	0	0	0	0	0	0	0	0	0	0	0	0	0	0	0	0	0	0	0	0	0	0	0	0	6858	5542	3784	1428	86	0	0	0	0	0	0	0	0	140	0	0	0	0	0	0	0	0	0	0	0	0	0	0	0	0	0	0	0	0	0	0	0	0	0	0	0	0	0	0	0	0	
429268	Frontal_Sup_Medial_L	336	0	49252	9102	7796	684	18478	924	516	704	2938	126	3862	1862	1170	1842	236	0	8120	1156	0	0	0	22976	2662	3768	954	1850	3138	1892	27082	18858	8144	12192	0	0	0	0	0	0	0	0	0	0	0	0	0	0	0	0	0	0	0	0	0	0	0	0	0	0	0	0	0	0	0	0	0	0	0	0	90	682	482	660	0	0	0	0	0	0	100	0	0	0	0	0	0	0	0	0	0	0	0	0	0	0	0	0	0	0	0	0	0	0	0	0	0	0	0	0	0	0	0	0	0	0	
483864	Frontal_Sup_Medial_R	0	0	8848	46828	1196	4174	1726	7064	0	1004	350	2034	86	9746	0	3772	0	480	6894	9534	0	0	22976	0	510	9262	1106	3042	428	12014	7356	41676	622	20174	0	0	0	120	0	82	0	0	0	0	0	0	0	0	0	0	0	0	0	0	0	86	0	0	0	0	0	0	0	0	0	0	0	0	0	0	1918	9930	180	6246	0	0	0	0	0	0	0	0	0	468	0	0	0	0	0	0	0	0	0	0	0	0	0	0	0	0	0	0	0	0	0	0	0	0	0	0	0	0	0	0	0	0	
32100	Frontal_Med_Orb_L	0	0	1284	210	3018	198	0	0	0	0	0	0	0	0	0	0	0	0	0	0	372	0	2662	510	0	626	1614	0	78	0	3798	462	0	0	0	0	0	0	0	0	0	0	0	0	0	0	0	0	0	0	0	0	0	0	0	0	0	0	0	0	0	0	0	0	0	0	0	0	0	0	680	0	538	0	0	0	0	0	0	0	0	0	0	0	0	0	0	0	0	0	0	0	0	0	0	0	0	0	0	0	0	0	0	0	0	0	0	0	0	0	0	0	0	0	0	0	
116284	Frontal_Med_Orb_R	0	0	1688	7048	416	6936	96	0	0	80	0	0	0	0	0	0	0	0	0	0	484	898	3768	9262	626	0	1594	7938	0	0	2518	8262	0	0	0	0	0	0	0	0	0	0	0	0	0	0	0	0	0	0	0	0	0	0	0	0	0	0	0	0	0	0	0	0	0	0	0	0	0	0	376	2748	246	3158	0	0	0	0	0	0	0	0	0	0	0	0	0	0	0	0	0	0	0	0	0	0	0	0	0	0	0	0	0	0	0	0	0	0	0	0	0	0	0	0	0	0	
55036	Rectus_L	0	0	546	1070	4994	148	0	0	3158	0	0	0	0	0	1060	0	0	0	0	0	1354	884	954	1106	1614	1594	0	1708	174	0	2110	1830	0	0	0	0	0	0	0	0	0	0	0	0	0	0	0	0	0	0	0	0	0	0	0	0	0	0	0	0	0	0	0	0	0	0	0	0	0	0	1554	246	1240	76	0	0	0	0	0	0	0	0	98	0	0	0	0	0	0	0	0	0	0	0	0	0	0	0	0	0	0	0	0	0	0	0	0	0	0	0	0	0	0	0	0	0	
83096	Rectus_R	0	0	950	2446	260	6434	0	0	0	942	0	0	0	0	0	860	0	0	0	0	1502	2762	1850	3042	0	7938	1708	0	0	496	1006	4264	0	0	0	0	0	0	0	0	0	0	0	0	0	0	0	0	0	0	0	0	0	0	0	0	0	0	0	0	0	0	0	0	0	0	0	0	0	0	1404	1842	842	1000	0	0	0	0	0	0	0	0	0	0	0	0	0	0	0	0	0	0	0	0	0	0	0	0	0	0	0	0	0	0	0	0	0	0	0	0	0	0	0	0	0	0	
595796	Insula_L	15268	0	26746	1792	8296	0	22612	290	1756	0	28696	2570	24992	1672	10754	0	28954	164	6438	1838	2802	0	3138	428	78	0	174	0	0	2780	14920	2536	724	642	420	0	11128	0	886	0	2716	0	118	0	86	0	0	0	0	0	850	0	260	0	7098	0	6574	0	0	0	776	0	204	0	0	0	212	0	602	0	3860	340	14678	96	0	0	1468	0	7040	0	11718	0	3254	0	3552	0	0	0	8902	0	0	0	0	0	0	0	0	0	0	0	0	0	0	0	0	0	0	0	0	0	0	0	0	0	0	0	
512996	Insula_R	140	2418	1450	32416	0	1880	132	7164	0	1738	2548	25478	378	20082	0	7794	352	20102	2558	17384	78	1966	1892	12014	0	0	0	496	2780	0	1394	10520	288	5686	0	0	106	6568	0	3230	0	1678	0	0	0	0	0	0	0	86	0	74	0	0	0	3496	0	1402	0	0	0	0	0	476	0	0	0	88	0	0	6578	10940	834	23300	0	216	0	1436	0	2320	0	3414	0	3876	0	2278	0	0	0	2974	0	0	0	0	0	0	0	0	0	0	0	0	0	0	0	0	0	0	0	0	0	0	0	0	0	0	
399152	Cingulum_Ant_L	1528	0	31894	3936	3544	618	13262	486	0	242	7700	506	7380	886	456	616	590	0	7120	1330	1864	2868	27082	7356	3798	2518	2110	1006	14920	1394	0	19960	5938	4620	0	0	326	0	0	0	0	0	0	0	0	0	0	0	0	0	0	0	0	0	152	0	230	0	0	0	0	0	0	0	0	0	0	0	0	0	7488	2758	8566	1336	0	0	0	0	308	0	352	0	202	0	104	0	0	0	226	0	0	0	0	0	0	0	0	0	0	0	0	0	0	0	0	0	0	0	0	0	0	0	0	0	0	0	
506036	Cingulum_Ant_R	0	0	8288	34862	562	2272	1942	3174	0	1374	1140	2220	1014	6308	0	3994	0	512	4600	7534	1368	3082	18858	41676	462	8262	1830	4264	2536	10520	19960	0	3576	27868	0	0	0	212	0	158	0	0	0	0	0	0	0	0	0	0	0	0	0	0	0	164	0	0	0	0	0	0	0	0	0	0	0	0	0	0	4322	12132	2120	9180	0	0	0	0	0	0	0	0	0	672	0	0	0	0	0	0	0	0	0	0	0	0	0	0	0	0	0	0	0	0	0	0	0	0	0	0	0	0	0	0	0	0	
203420	Cingulum_Mid_L	1410	0	5364	908	114	0	868	174	0	118	1626	0	1174	428	0	410	228	0	9066	7054	0	0	8144	622	0	0	0	0	724	288	5938	3576	0	11784	3698	384	574	0	554	0	0	0	1462	182	2622	0	878	0	582	112	5538	0	1830	0	0	0	1138	172	228	232	222	258	550	0	164	106	8298	1708	5660	572	0	0	0	0	0	0	0	0	0	0	338	0	0	0	1496	0	0	0	2134	0	0	0	0	0	0	0	0	0	0	0	0	0	0	0	0	0	0	0	0	0	0	0	0	0	0	0	
470412	Cingulum_Mid_R	3560	358	3338	16814	0	0	1176	3470	0	1372	580	3296	78	7864	0	3846	0	342	14308	33604	0	0	12192	20174	0	0	0	0	642	5686	4620	27868	11784	0	2550	5188	0	76	0	0	0	0	0	5972	0	4096	0	180	0	3636	162	1920	152	0	0	0	0	1778	0	350	0	266	0	100	0	200	1726	11564	7058	7292	550	548	256	436	88	0	0	0	0	0	0	188	0	122	0	1044	0	0	194	542	0	0	0	0	0	0	0	0	0	0	0	0	0	0	0	0	0	0	0	0	0	0	0	0	0	0	
148400	Cingulum_Post_L	3432	662	312	112	0	0	232	0	0	0	0	0	0	0	0	0	158	0	714	2404	0	0	0	0	0	0	0	0	420	0	0	0	3698	2550	0	9706	8514	3424	5540	474	0	0	6182	0	2804	0	3228	328	352	0	252	0	0	0	318	114	702	0	0	0	0	0	0	0	0	0	7768	664	4044	1644	0	0	116	94	0	0	0	2172	242	0	94	0	0	0	176	0	0	0	274	0	0	0	0	0	0	0	0	120	0	0	0	0	0	0	0	0	0	0	0	0	160	0	0	0	0	0	
132136	Cingulum_Post_R	564	564	332	98	0	0	246	0	0	0	0	0	0	0	0	0	0	0	192	4150	0	0	0	0	0	0	0	0	0	0	0	0	384	5188	9706	0	4436	5814	1912	982	0	0	0	5128	0	862	336	1630	0	500	0	582	0	0	120	1108	0	1154	0	0	0	0	0	0	0	0	538	9262	460	3388	0	0	124	82	0	0	90	2114	222	0	0	0	0	0	0	1326	0	0	0	1606	0	0	0	0	0	0	0	158	0	0	0	0	0	0	0	0	0	0	0	0	710	0	0	0	0	0	
299068	Hippocampus_L	5194	588	5018	552	0	0	2838	0	0	0	982	76	0	0	234	0	1880	0	1388	616	300	0	0	0	0	0	0	0	11128	106	326	0	574	0	8514	4436	0	4734	17600	538	5904	0	4526	0	2048	0	7066	490	222	0	886	0	122	0	15658	78	860	0	0	0	90	0	0	0	0	0	4842	174	468	0	524	0	11146	198	608	0	4442	3346	2138	0	1486	0	588	0	1942	0	0	0	11198	0	0	0	0	0	164	0	406	138	0	0	0	0	0	0	0	0	0	0	0	0	154	0	0	0	0	0	
301780	Hippocampus_R	386	4394	414	6954	0	0	218	306	0	0	0	1206	0	528	0	0	0	1166	320	5090	0	128	0	120	0	0	0	0	0	6568	0	212	0	76	3424	5814	4734	0	1886	21906	0	6282	0	1746	0	310	466	5234	0	74	0	212	0	330	98	21052	0	908	0	0	0	0	0	876	0	0	122	3732	0	536	106	1094	146	12938	0	538	668	7162	224	172	90	492	0	528	0	6510	0	0	0	10532	0	0	0	0	0	0	0	1168	0	0	0	0	0	0	0	0	0	0	0	0	694	0	0	0	0	0	
133772	ParaHippocampal_L	948	130	556	118	0	0	384	0	0	0	0	0	0	0	122	0	0	0	0	174	666	0	0	0	0	0	0	0	886	0	0	0	554	0	5540	1912	17600	1886	0	382	1800	0	4206	0	1892	0	7100	356	210	0	342	0	0	0	6312	0	148	0	0	0	0	0	0	0	0	0	4396	0	266	0	128	0	1582	126	124	0	786	1276	0	0	0	0	762	0	0	0	178	0	998	0	318	0	0	0	336	0	790	0	356	0	0	0	0	0	0	0	0	0	0	144	96	0	0	0	0	0	
170668	ParaHippocampal_R	0	618	0	1704	0	0	0	220	0	0	0	804	0	412	0	154	0	0	0	1596	0	548	0	82	0	0	0	0	0	3230	0	158	0	0	474	982	538	21906	382	0	0	4740	0	1694	0	134	0	5506	0	0	0	404	0	446	0	16632	0	98	0	0	0	0	0	108	0	0	0	1950	0	0	0	668	0	7804	0	432	74	2216	0	0	0	0	0	1126	0	1876	0	434	0	3578	0	0	0	0	0	0	0	1458	0	0	0	0	0	0	0	0	0	0	0	0	148	0	0	0	0	0	
33884	Amygdala_L	0	0	0	0	356	0	0	0	0	0	0	0	0	0	410	0	0	0	0	0	896	0	0	0	0	0	0	0	2716	0	0	0	0	0	0	0	5904	0	1800	0	0	0	0	0	0	0	0	0	0	0	0	0	0	0	3092	0	0	0	0	0	0	0	0	0	0	0	0	0	0	0	0	0	428	0	0	0	0	0	0	0	0	0	612	0	0	0	0	0	728	0	0	0	0	0	0	0	0	0	0	0	0	0	0	0	0	0	0	0	0	0	0	0	0	0	0	0	
44960	Amygdala_R	0	0	0	0	0	0	0	0	0	0	0	0	0	0	0	186	0	0	0	248	0	980	0	0	0	0	0	0	0	1678	0	0	0	0	0	0	0	6282	0	4740	0	0	0	0	0	0	0	0	0	0	0	0	0	0	0	4558	0	0	0	0	0	0	0	0	0	0	0	0	0	0	0	218	0	1806	0	0	0	218	0	0	0	0	0	1326	0	0	0	0	0	240	0	0	0	0	0	0	0	0	0	0	0	0	0	0	0	0	0	0	0	0	0	0	0	0	0	0	
327960	Calcarine_L	1304	0	0	0	0	0	0	0	0	0	0	0	0	0	0	0	222	0	0	124	0	0	0	0	0	0	0	0	118	0	0	0	1462	0	6182	0	4526	0	4206	0	0	0	0	6998	21892	3140	20086	4462	11608	960	26164	78	4342	0	2228	0	1796	0	160	0	1168	0	704	0	562	0	28654	252	1854	0	0	0	0	0	0	0	0	0	318	0	306	0	0	0	3776	0	0	0	4050	0	0	0	0	0	0	0	94	0	0	0	0	0	0	0	0	0	0	0	0	0	184	0	0	0	0	0	
436548	Calcarine_R	0	868	0	0	0	0	0	0	0	0	0	0	0	0	0	0	0	0	0	1112	0	0	0	0	0	0	0	0	0	0	0	0	182	5972	0	5128	0	1746	0	1694	0	0	6998	0	7198	36560	2742	28206	804	28582	1064	19264	722	5164	636	7910	0	3852	0	2252	0	1550	0	342	0	708	1414	31658	146	2386	0	0	0	0	0	0	0	0	0	0	0	170	0	0	0	5280	0	0	0	4268	0	0	0	0	0	0	0	118	0	240	0	0	0	0	0	0	0	0	0	0	1238	100	0	0	0	0	
265380	Cuneus_L	1184	0	0	0	0	0	0	0	0	0	0	0	0	0	0	0	236	0	166	156	0	0	0	0	0	0	0	0	86	0	0	0	2622	0	2804	0	2048	0	1892	0	0	0	21892	7198	0	11026	3970	1074	20616	3122	12794	408	1398	0	390	108	1606	0	636	0	1680	0	1136	0	890	0	21478	2070	2994	0	0	0	0	0	0	0	0	0	94	0	374	0	0	0	2252	0	0	0	2174	0	0	0	0	0	0	0	0	0	0	0	0	0	0	0	0	0	0	0	0	0	116	0	0	0	0	0	
396244	Cuneus_R	0	1558	0	0	0	0	0	0	0	0	0	0	0	0	0	0	0	0	0	240	0	0	0	0	0	0	0	0	0	0	0	0	0	4096	0	862	0	310	0	134	0	0	3140	36560	11026	0	282	9460	1892	42770	514	16870	0	502	0	2376	0	6422	0	7758	0	2952	0	470	0	1898	3640	36204	0	2656	0	0	0	0	0	0	0	0	0	0	0	222	0	0	0	1544	0	0	0	874	0	0	0	0	0	0	0	0	0	178	0	0	0	0	0	0	0	0	0	0	712	0	0	0	0	0	
389000	Lingual_L	838	0	290	0	0	0	216	0	0	0	0	0	0	0	0	0	0	0	0	136	0	0	0	0	0	0	0	0	0	0	0	0	878	0	3228	336	7066	466	7100	0	0	0	20086	2742	3970	282	0	5858	2606	118	22312	0	12128	0	22412	944	458	0	0	0	90	0	0	0	162	0	9688	0	694	0	0	0	908	0	0	0	414	360	82	0	0	0	0	0	1444	0	0	0	1908	0	4834	1572	558	424	0	0	14276	1656	19776	3346	136	0	574	134	582	0	0	0	0	98	4140	6586	4638	662	288	0	
346588	Lingual_R	0	284	0	98	0	0	0	0	0	0	0	0	0	0	0	0	0	0	0	106	0	0	0	0	0	0	0	0	0	0	0	0	0	180	328	1630	490	5234	356	5506	0	0	4462	28206	1074	9460	5858	0	112	11472	924	6464	972	5110	984	20412	0	298	0	152	0	156	0	0	0	0	484	6796	0	228	0	0	0	0	0	0	0	1136	0	0	0	0	0	0	0	1362	0	0	0	2514	280	4194	152	160	0	0	2558	9580	3170	9972	0	0	0	0	196	232	0	0	0	0	7396	9734	1904	418	500	0	
165224	Occipital_Sup_L	0	0	0	0	0	0	0	0	0	0	0	0	0	0	0	0	0	0	0	0	0	0	0	0	0	0	0	0	0	0	0	0	582	0	352	0	222	0	210	0	0	0	11608	804	20616	1892	2606	112	0	344	25688	0	744	0	290	0	110	0	4928	0	524	0	0	0	0	0	9770	746	0	0	0	0	0	0	0	0	0	0	0	0	0	0	0	0	178	0	0	0	286	0	0	0	0	0	0	0	0	0	0	0	0	0	0	0	0	0	0	0	0	0	0	0	0	0	0	0	
434828	Occipital_Sup_R	0	1094	0	0	0	0	0	0	0	0	0	0	0	0	0	0	0	88	0	168	0	0	0	0	0	0	0	0	0	86	0	0	112	3636	0	500	0	74	0	0	0	0	960	28582	3122	42770	118	11472	344	0	90	42076	0	2852	0	4808	0	2154	0	9208	0	3358	0	1266	0	7446	2530	32400	0	1416	0	0	0	0	0	0	0	0	0	174	0	1670	0	0	0	9180	0	0	0	2998	0	0	0	0	0	0	0	0	0	208	0	0	0	0	0	0	0	0	0	0	372	82	0	0	0	0	
498580	Occipital_Mid_L	1414	0	0	0	0	0	80	0	0	0	0	0	0	0	0	0	1992	0	126	0	0	0	0	0	0	0	0	0	850	0	0	0	5538	162	252	0	886	0	342	0	0	0	26164	1064	12794	514	22312	924	25688	90	0	0	27926	0	11432	0	4286	0	9774	0	10358	0	4440	0	12476	0	19164	246	2722	0	0	0	170	0	0	0	186	0	2086	0	3606	0	0	0	21826	0	0	0	15416	0	726	0	0	0	0	0	302	0	626	0	0	0	0	0	0	0	0	0	0	0	0	0	330	0	0	0	
349640	Occipital_Mid_R	0	560	0	0	0	0	0	0	0	0	0	0	0	0	0	0	0	0	0	114	0	0	0	0	0	0	0	0	0	74	0	0	0	1920	0	582	0	212	0	404	0	0	78	19264	408	16870	0	6464	0	42076	0	0	0	5382	0	5442	0	1828	0	6770	0	5842	0	986	0	18074	554	18340	0	1484	0	0	0	0	0	0	0	0	0	122	0	2068	0	0	0	15756	0	0	0	3146	0	0	0	0	0	0	0	0	0	0	0	0	0	0	0	0	0	0	0	0	0	0	0	0	0	0	
192628	Occipital_Inf_L	152	0	0	0	0	0	0	0	0	0	0	0	0	0	0	0	300	0	122	0	0	0	0	0	0	0	0	0	260	0	0	0	1830	152	0	0	122	0	0	0	0	0	4342	722	1398	0	12128	972	744	0	27926	0	0	0	15052	146	434	0	0	0	0	0	0	0	134	0	2066	74	794	0	0	0	0	0	0	0	0	0	634	0	104	0	0	0	2338	0	0	0	10318	0	1824	150	0	0	0	0	2216	246	4690	330	0	0	84	0	114	0	0	0	0	0	1064	1068	1172	92	0	0	
67632	Occipital_Inf_R	0	0	0	0	0	0	0	0	0	0	0	0	0	0	0	0	0	0	0	0	0	0	0	0	0	0	0	0	0	0	0	0	0	0	0	0	0	330	0	446	0	0	0	5164	0	502	0	5110	0	2852	0	5382	0	0	0	8136	0	0	0	0	0	0	0	0	0	0	0	204	0	0	0	0	0	0	0	0	0	0	0	0	0	0	0	0	0	700	0	0	0	3860	0	0	0	0	0	0	0	244	0	420	0	0	0	0	0	0	0	0	0	0	164	218	84	0	0	0	
373048	Fusiform_L	538	0	1320	328	0	0	522	0	0	0	912	0	0	0	122	0	1396	0	492	332	200	0	0	0	0	0	0	0	7098	0	152	0	0	0	318	120	15658	98	6312	0	3092	0	2228	636	390	0	22412	984	290	0	11432	0	15052	0	0	196	146	0	0	0	0	0	0	0	0	0	646	0	0	0	426	0	4158	0	0	0	338	0	344	0	1322	0	2158	0	1980	0	1084	0	15582	0	13120	300	336	190	0	0	15408	612	26384	478	276	86	530	210	254	0	0	0	0	0	2670	1548	2558	622	128	0	
438888	Fusiform_R	0	1176	0	1510	0	0	0	226	0	0	0	698	0	342	0	0	0	214	0	1756	0	0	0	86	0	0	0	0	0	3496	0	164	0	0	114	1108	78	21052	0	16632	0	4558	0	7910	108	2376	944	20412	0	4808	0	5442	146	8136	196	0	0	296	0	0	0	0	0	300	0	0	162	2408	0	478	0	746	0	7200	0	178	0	522	0	0	0	596	0	4808	0	5846	0	1952	0	18066	176	9736	0	244	0	1710	1258	17112	1302	21580	0	0	0	160	204	1140	0	202	0	678	7368	6354	1130	404	1364	76	
276656	Postcentral_L	29744	110	5310	0	0	0	3160	0	0	0	2920	0	0	0	0	0	13190	0	1810	82	0	0	0	0	0	0	0	0	6574	0	230	0	1138	0	702	0	860	0	148	0	0	0	1796	0	1606	0	458	0	110	0	4286	0	434	0	146	0	0	0	6474	0	23452	0	6356	0	124	0	5824	0	8946	0	132	0	1388	0	0	0	1094	0	2104	0	5774	0	0	0	930	0	0	0	916	0	0	0	0	0	0	0	0	0	0	0	0	0	0	0	0	0	0	0	0	0	0	0	0	0	0	0	
195120	Postcentral_R	0	17136	312	1738	0	0	0	200	0	0	0	772	0	0	0	0	0	5198	310	3094	0	0	0	0	0	0	0	0	0	1402	0	0	172	1778	0	1154	0	908	0	98	0	0	0	3852	0	6422	0	298	0	2154	0	1828	0	0	0	296	0	0	0	7214	0	6096	0	9732	0	628	234	11338	104	7734	0	160	0	1076	0	256	0	0	0	872	0	848	0	0	0	906	0	0	0	1240	0	0	0	0	0	0	0	0	0	0	0	0	0	0	0	0	0	0	0	0	0	0	0	0	0	0	
108536	Parietal_Sup_L	186	0	0	0	0	0	0	0	0	0	0	0	0	0	0	0	502	0	0	0	0	0	0	0	0	0	0	0	0	0	0	0	228	0	0	0	0	0	0	0	0	0	160	0	636	0	0	0	4928	0	9774	0	0	0	0	0	6474	0	0	0	10138	0	1284	0	2392	0	12646	530	2918	0	0	0	0	0	0	0	0	0	0	0	918	0	0	0	328	0	0	0	226	0	0	0	0	0	0	0	0	0	0	0	0	0	0	0	0	0	0	0	0	0	0	0	0	0	0	0	
167384	Parietal_Sup_R	0	536	0	0	0	0	0	0	0	0	0	0	0	0	0	0	0	0	0	0	0	0	0	0	0	0	0	0	0	0	0	0	232	350	0	0	0	0	0	0	0	0	0	2252	0	7758	0	152	0	9208	0	6770	0	0	0	0	0	7214	0	0	0	17446	0	1732	0	13182	566	15324	0	450	0	0	0	0	0	0	0	0	0	0	0	0	0	0	0	320	0	0	0	200	0	0	0	0	0	0	0	0	0	0	0	0	0	0	0	0	0	0	0	0	0	0	0	0	0	0	
216844	Parietal_Inf_L	3656	0	0	0	0	0	0	0	0	0	0	0	0	0	0	0	2676	0	0	0	0	0	0	0	0	0	0	0	776	0	0	0	222	0	0	0	90	0	0	0	0	0	1168	0	1680	0	90	0	524	0	10358	0	0	0	0	0	23452	0	10138	0	0	0	12120	0	17472	0	3716	0	5854	0	0	0	0	0	0	0	0	0	0	0	2214	0	0	0	6442	0	0	0	5774	0	0	0	0	0	0	0	0	0	0	0	0	0	0	0	0	0	0	0	0	0	0	0	0	0	0	0	
145152	Parietal_Inf_R	0	974	0	0	0	0	0	0	0	0	0	0	0	0	0	0	0	0	0	0	0	0	0	0	0	0	0	0	0	0	0	0	258	266	0	0	0	0	0	0	0	0	0	1550	0	2952	0	156	0	3358	0	5842	0	0	0	0	0	6096	0	17446	0	0	0	8642	0	15464	434	6476	0	142	0	0	0	94	0	0	86	0	0	0	0	120	0	0	0	1590	0	0	0	630	0	0	0	0	0	0	0	0	0	0	0	0	0	0	0	0	0	0	0	0	0	0	0	0	0	0	
121808	SupraMarginal_L	802	0	0	0	0	0	0	0	0	0	0	0	0	0	0	0	4454	0	0	0	0	0	0	0	0	0	0	0	204	0	0	0	550	0	0	0	0	0	0	0	0	0	704	0	1136	0	0	0	0	0	4440	0	0	0	0	0	6356	0	1284	0	12120	0	0	0	4854	0	2330	0	1020	0	0	0	0	0	0	0	0	0	832	0	10788	0	0	0	6926	0	0	0	2104	0	0	0	0	0	0	0	0	0	0	0	0	0	0	0	0	0	0	0	0	0	0	0	0	0	0	0	
112976	SupraMarginal_R	0	2932	0	122	0	0	0	0	0	0	0	0	0	0	0	0	0	2928	0	146	0	0	0	0	0	0	0	0	0	476	0	0	0	100	0	0	0	876	0	108	0	0	0	342	0	470	0	0	0	1266	0	986	0	0	0	300	0	9732	0	1732	0	8642	0	0	0	5990	96	1614	0	0	0	0	0	128	0	0	86	0	0	814	0	4890	0	0	0	7206	0	0	0	4506	0	0	0	0	0	0	0	0	0	0	0	0	0	0	0	0	0	0	0	0	0	0	0	0	0	0	
122124	Angular_L	260	0	0	0	0	0	0	0	0	0	0	0	0	0	0	0	76	0	0	0	0	0	0	0	0	0	0	0	0	0	0	0	164	0	0	0	0	0	0	0	0	0	562	0	890	0	162	0	0	0	12476	0	134	0	0	0	124	0	2392	0	17472	0	4854	0	0	0	1028	0	108	0	0	0	0	0	0	0	0	0	0	0	1432	0	0	0	12126	0	0	0	6802	0	0	0	0	0	0	0	0	0	0	0	0	0	0	0	0	0	0	0	0	0	0	0	0	0	0	0	
162836	Angular_R	0	348	0	0	0	0	0	0	0	0	0	0	0	0	0	0	0	0	0	0	0	0	0	0	0	0	0	0	0	0	0	0	106	200	0	0	0	0	0	0	0	0	0	708	0	1898	0	0	0	7446	0	18074	0	0	0	0	0	628	0	13182	0	15464	0	5990	0	0	272	3760	0	138	0	0	0	80	0	0	0	0	0	188	0	3110	0	0	0	7882	0	0	0	1944	0	0	0	0	0	0	0	0	0	0	0	0	0	0	0	0	0	0	0	0	0	0	0	0	0	0	
369944	Precuneus_L	2126	100	0	0	0	0	0	0	0	0	0	0	0	0	0	0	598	0	0	328	0	0	0	0	0	0	0	0	212	0	0	0	8298	1726	7768	538	4842	122	4396	0	0	0	28654	1414	21478	3640	9688	484	9770	2530	19164	554	2066	0	646	162	5824	234	12646	566	3716	434	2330	96	1028	272	0	8282	5234	180	0	0	0	0	0	0	0	0	224	0	1494	0	0	0	5204	402	0	0	5142	144	0	0	0	0	0	0	0	0	0	0	0	0	0	0	0	0	0	0	0	0	216	0	0	0	0	0	
472156	Precuneus_R	0	2944	136	94	0	0	0	0	0	0	0	0	0	0	0	0	0	130	0	2010	0	0	0	0	0	0	0	0	0	88	0	0	1708	11564	664	9262	174	3732	0	1950	0	0	252	31658	2070	36204	0	6796	746	32400	246	18340	74	204	0	2408	0	11338	530	15324	0	6476	0	1614	0	3760	8282	0	250	7116	0	0	0	0	0	0	0	156	0	152	0	960	0	0	0	8104	0	0	74	4740	0	0	0	0	0	0	0	166	0	0	0	0	0	0	0	0	0	0	0	0	1182	0	0	0	0	0	
199140	Paracentral_Lobule_L	17144	1280	354	410	0	0	192	0	0	0	0	0	0	0	0	0	1026	0	6622	12412	0	0	0	0	0	0	0	0	602	0	0	0	5660	7058	4044	460	468	0	266	0	0	0	1854	146	2994	0	694	0	0	0	2722	0	794	0	0	0	8946	104	2918	0	5854	0	1020	0	108	0	5234	250	0	4176	256	0	346	0	96	0	830	160	0	0	970	0	0	0	254	0	0	0	846	0	0	0	0	0	0	0	0	0	0	0	0	0	0	0	0	0	0	0	0	0	0	0	0	0	0	0	
129276	Paracentral_Lobule_R	2724	4788	0	0	0	0	0	0	0	0	0	0	0	0	0	0	0	0	0	11374	0	0	0	0	0	0	0	0	0	0	0	0	572	7292	1644	3388	0	536	0	0	0	0	0	2386	0	2656	0	228	0	1416	0	1484	0	0	0	478	0	7734	0	450	0	142	0	0	0	138	180	7116	4176	0	0	0	0	0	0	0	0	0	0	0	0	0	0	0	0	1550	0	0	0	2186	0	0	0	0	0	0	0	0	0	0	0	0	0	0	0	0	0	0	0	0	0	0	0	0	0	0	
259996	Caudate_L	434	470	10392	7206	330	638	270	1066	0	92	2434	5558	346	1388	262	160	544	808	8410	6812	5170	6858	90	1918	680	376	1554	1404	3860	6578	7488	4322	0	550	0	0	524	106	128	0	0	0	0	0	0	0	0	0	0	0	0	0	0	0	426	0	132	0	0	0	0	0	0	0	0	0	0	0	256	0	0	10030	16680	2040	2224	0	8648	0	0	0	0	0	0	98	0	0	0	0	238	0	0	0	0	0	0	0	0	0	0	0	0	0	0	0	0	0	0	0	0	0	0	0	0	0	0	0	
348020	Caudate_R	0	5222	1772	18950	0	3932	414	2440	0	310	204	7244	0	1864	0	450	94	1376	704	22090	2210	5542	682	9930	0	2748	246	1842	340	10940	2758	12132	0	548	0	0	0	1094	0	668	0	218	0	0	0	0	0	0	0	0	0	0	0	0	0	746	0	160	0	0	0	0	0	0	0	0	0	0	0	0	10030	0	3344	18838	246	1096	932	18738	0	0	0	0	0	916	0	0	0	0	0	0	0	0	0	0	0	0	0	0	0	0	0	0	0	0	0	0	0	0	0	0	0	0	0	0	0	0	
305920	Putamen_L	5946	126	17600	2112	4650	282	5358	126	1674	0	1900	584	904	98	2664	0	1340	160	8620	2824	2782	3784	482	180	538	246	1240	842	14678	834	8566	2120	0	256	116	124	11146	146	1582	0	428	0	0	0	0	0	908	0	0	0	170	0	0	0	4158	0	1388	0	0	0	0	0	0	0	0	0	0	0	346	0	16680	3344	0	1000	9314	0	4470	146	116	0	440	0	330	0	108	0	0	0	2984	0	0	0	0	0	0	0	0	0	0	0	0	0	0	0	0	0	0	0	0	0	0	0	0	0	0	0	
313072	Putamen_R	0	2278	552	16120	0	6086	0	1530	0	1256	0	4906	0	1814	0	834	0	3658	428	9140	258	1428	660	6246	0	3158	76	1000	96	23300	1336	9180	0	436	94	82	198	12938	126	7804	0	1806	0	0	0	0	0	0	0	0	0	0	0	0	0	7200	0	1076	0	0	0	94	0	128	0	80	0	0	0	0	2040	18838	1000	0	0	2272	0	2748	0	0	0	256	0	1422	0	142	0	0	0	416	0	0	0	0	0	0	0	0	0	0	0	0	0	0	0	0	0	0	0	0	0	0	0	0	0	0	
62632	Pallidum_L	1228	0	7328	78	0	0	2054	0	0	0	0	0	0	0	0	0	0	0	3822	514	0	86	0	0	0	0	0	0	0	0	0	0	0	88	0	0	608	0	124	0	0	0	0	0	0	0	0	0	0	0	0	0	0	0	0	0	0	0	0	0	0	0	0	0	0	0	0	0	96	0	2224	246	9314	0	0	0	3506	0	0	0	0	0	0	0	0	0	0	0	0	0	0	0	0	0	0	0	0	0	0	0	0	0	0	0	0	0	0	0	0	0	0	0	0	0	0	0	
14916	Pallidum_R	0	156	0	888	0	0	0	106	0	0	0	140	0	0	0	0	0	270	0	910	0	0	0	0	0	0	0	0	0	216	0	0	0	0	0	0	0	538	0	432	0	0	0	0	0	0	0	0	0	0	0	0	0	0	0	178	0	256	0	0	0	0	0	0	0	0	0	0	0	0	0	1096	0	2272	0	0	0	0	0	0	0	0	0	0	0	0	0	0	0	0	0	0	0	0	0	0	0	0	0	0	0	0	0	0	0	0	0	0	0	0	0	0	0	0	0	0	
112488	Thalamus_L	4374	1928	6680	768	0	0	3978	0	0	0	0	0	0	0	0	0	372	0	1566	1064	0	0	0	0	0	0	0	0	1468	0	0	0	0	0	0	90	4442	668	786	74	0	0	0	0	0	0	414	0	0	0	186	0	0	0	338	0	1094	0	0	0	0	86	0	86	0	0	0	0	830	0	8648	932	4470	0	3506	0	0	3782	578	0	718	0	0	0	1136	0	0	0	1182	0	0	0	0	0	0	0	0	0	0	0	0	0	0	0	0	0	0	0	0	0	0	0	0	0	0	0	
186704	Thalamus_R	496	12616	740	9486	0	0	360	164	0	0	0	350	0	84	0	0	0	0	194	20114	0	0	0	0	0	0	0	0	0	1436	0	0	0	0	2172	2114	3346	7162	1276	2216	0	218	0	0	0	0	360	1136	0	0	0	0	0	0	0	522	0	0	0	0	0	0	0	0	0	0	0	156	160	0	0	18738	146	2748	0	0	3782	0	198	0	86	0	0	0	0	112	0	0	0	268	0	0	0	0	0	0	0	396	0	0	0	0	0	0	0	0	0	0	0	0	0	0	0	0	0	0	
86684	Heschl_L	5478	0	940	0	0	0	800	0	0	0	0	0	0	0	0	0	3358	0	78	0	0	0	0	0	0	0	0	0	7040	0	308	0	0	0	242	222	2138	224	0	0	0	0	318	0	94	0	82	0	0	0	2086	0	634	0	344	0	2104	0	0	0	0	0	832	0	0	0	224	0	0	0	0	0	116	0	0	0	578	198	0	0	3816	0	0	0	6450	0	0	0	4638	0	0	0	0	0	0	0	0	0	0	0	0	0	0	0	0	0	0	0	0	0	0	0	0	0	0	0	
30672	Heschl_R	0	352	0	124	0	0	0	0	0	0	0	268	0	0	0	0	0	2048	0	100	0	0	0	0	0	0	0	0	0	2320	0	0	0	0	0	0	0	172	0	0	0	0	0	0	0	0	0	0	0	174	0	122	0	0	0	0	0	872	0	0	0	0	0	814	0	188	0	152	0	0	0	0	0	0	0	0	0	0	0	0	0	4786	0	0	0	1878	0	0	0	966	0	0	0	0	0	0	0	0	0	0	0	0	0	0	0	0	0	0	0	0	0	0	0	0	0	0	
248928	Temporal_Sup_L	4014	0	3266	78	0	0	3684	0	0	0	5436	0	248	0	0	0	17794	0	1188	136	0	0	100	0	0	0	0	0	11718	0	352	0	338	0	94	0	1486	90	0	0	0	0	306	0	374	0	0	0	0	0	3606	0	104	0	1322	0	5774	0	918	0	2214	0	10788	0	1432	0	1494	0	970	0	0	0	440	0	0	0	718	86	3816	0	0	0	5920	0	23374	0	0	0	10786	0	0	0	0	0	0	0	0	0	0	0	0	0	0	0	0	0	0	0	0	0	0	0	0	0	0	0	
100912	Temporal_Sup_R	0	266	0	120	0	0	0	0	0	0	0	0	0	0	0	544	0	2262	0	102	0	0	0	0	0	0	0	0	0	3414	0	0	0	188	0	0	0	492	0	0	0	0	0	170	0	222	0	0	0	1670	0	2068	0	0	0	596	0	848	0	0	0	120	0	4890	0	3110	0	960	0	0	0	0	0	256	0	0	0	0	0	4786	0	0	0	2576	0	16224	0	846	0	3726	0	0	0	0	0	0	0	0	0	0	0	0	0	0	0	0	0	0	0	0	0	0	0	0	0	0	
76000	Temporal_Pole_Sup_L	446	0	356	0	668	0	440	0	0	0	1850	0	258	0	1718	0	2074	0	0	0	782	0	0	0	0	0	98	0	3254	0	202	0	0	0	0	0	588	0	762	0	612	0	0	0	0	0	0	0	0	0	0	0	0	0	2158	0	0	0	0	0	0	0	0	0	0	0	0	0	0	0	0	0	330	0	0	0	0	0	0	0	5920	0	0	0	6734	0	2752	0	5998	0	0	0	0	0	0	0	0	0	0	0	0	0	0	0	0	0	0	0	0	0	0	0	0	0	0	0	
71988	Temporal_Pole_Sup_R	0	0	0	1810	0	0	0	148	0	0	0	2788	0	478	0	1060	0	1630	98	1242	0	140	0	468	0	0	0	0	0	3876	0	672	0	122	0	0	0	528	0	1126	0	1326	0	0	0	0	0	0	0	0	0	0	0	0	0	4808	0	0	0	0	0	0	0	0	0	0	0	0	0	0	98	916	0	1422	0	0	0	0	0	0	0	2576	0	0	0	2860	0	2624	0	3178	0	0	0	0	0	0	0	0	0	0	0	0	0	0	0	0	0	0	0	0	0	0	0	0	0	0	
329176	Temporal_Mid_L	400	0	158	0	0	0	130	0	0	0	0	0	0	0	0	0	3266	0	0	0	0	0	0	0	0	0	0	0	3552	0	104	0	1496	0	176	0	1942	0	0	0	0	0	3776	0	2252	0	1444	0	178	0	21826	0	2338	0	1980	0	930	0	328	0	6442	0	6926	0	12126	0	5204	0	254	0	0	0	108	0	0	0	1136	0	6450	0	23374	0	6734	0	0	0	2264	0	47294	0	0	0	0	0	0	0	0	0	0	0	0	0	0	0	0	0	0	0	0	0	0	0	0	0	0	0	
285076	Temporal_Mid_R	0	2320	74	142	0	0	0	0	0	0	0	0	0	0	0	116	0	738	0	1338	0	0	0	0	0	0	0	0	0	2278	0	0	0	1044	0	1326	0	6510	0	1876	0	0	0	5280	0	1544	0	1362	0	9180	0	15756	0	700	0	5846	0	906	0	320	0	1590	0	7206	0	7882	402	8104	0	1550	0	0	0	142	0	0	0	112	0	1878	0	16224	0	2860	0	0	0	2234	0	33698	0	0	0	0	0	0	0	0	0	0	0	0	0	0	0	0	0	0	0	0	0	0	0	0	0	0	
17448	Temporal_Pole_Mid_L	0	0	0	0	0	0	0	0	0	0	0	0	0	0	0	0	0	0	0	0	0	0	0	0	0	0	0	0	0	0	0	0	0	0	0	0	0	0	178	0	0	0	0	0	0	0	0	0	0	0	0	0	0	0	1084	0	0	0	0	0	0	0	0	0	0	0	0	0	0	0	0	0	0	0	0	0	0	0	0	0	0	0	2752	0	2264	0	0	0	2446	0	0	0	0	0	0	0	0	0	0	0	0	0	0	0	0	0	0	0	0	0	0	0	0	0	0	0	
19884	Temporal_Pole_Mid_R	0	0	0	0	0	0	0	0	0	0	0	0	0	0	0	74	0	0	0	0	0	0	0	0	0	0	0	0	0	0	0	0	0	0	0	0	0	0	0	434	0	0	0	0	0	0	0	0	0	0	0	0	0	0	0	1952	0	0	0	0	0	0	0	0	0	0	0	0	0	0	0	0	0	0	0	0	0	0	0	0	0	846	0	2624	0	2234	0	0	0	1778	0	0	0	0	0	0	0	0	0	0	0	0	0	0	0	0	0	0	0	0	0	0	0	0	0	0	
361784	Temporal_Inf_L	674	0	1676	178	0	0	760	0	0	0	870	0	0	0	0	0	2974	0	684	184	0	0	0	0	0	0	0	0	8902	0	226	0	2134	194	274	0	11198	0	998	0	728	0	4050	0	2174	0	1908	0	286	0	15416	0	10318	0	15582	0	916	0	226	0	5774	0	2104	0	6802	0	5142	74	846	0	238	0	2984	0	0	0	1182	0	4638	0	10786	0	5998	0	47294	0	2446	0	0	0	734	0	0	0	0	0	0	0	320	0	0	0	0	0	0	0	0	0	0	0	0	0	0	0	0	0	
242496	Temporal_Inf_R	0	2536	0	178	0	0	0	0	0	0	0	0	0	0	0	0	0	462	0	1554	0	0	0	0	0	0	0	0	0	2974	0	0	0	542	0	1606	0	10532	0	3578	0	240	0	4268	0	874	0	2514	0	2998	0	3146	0	3860	0	18066	0	1240	0	200	0	630	0	4506	0	1944	144	4740	0	2186	0	0	0	416	0	0	0	268	0	966	0	3726	0	3178	0	33698	0	1778	0	0	0	700	0	0	0	0	0	298	0	702	0	0	0	0	0	0	0	0	0	0	0	0	0	0	0	0	
308908	Cerebelum_Crus1_L	0	0	0	0	0	0	0	0	0	0	0	0	0	0	0	0	0	0	0	0	0	0	0	0	0	0	0	0	0	0	0	0	0	0	0	0	0	0	318	0	0	0	0	0	0	0	4834	280	0	0	726	0	1824	0	13120	176	0	0	0	0	0	0	0	0	0	0	0	0	0	0	0	0	0	0	0	0	0	0	0	0	0	0	0	0	0	0	0	0	734	0	0	1570	20920	1452	418	0	11742	186	38760	944	11158	362	22646	912	6756	190	276	0	0	0	582	768	8730	3174	896	0	
322724	Cerebelum_Crus1_R	0	0	0	0	0	0	0	0	0	0	0	0	0	0	0	0	0	0	0	0	0	0	0	0	0	0	0	0	0	0	0	0	0	0	0	0	0	0	0	0	0	0	0	0	0	0	1572	4194	0	0	0	0	150	0	300	9736	0	0	0	0	0	0	0	0	0	0	0	0	0	0	0	0	0	0	0	0	0	0	0	0	0	0	0	0	0	0	0	0	0	700	1570	0	3798	24814	0	1836	1744	11034	1964	36680	446	3986	1266	18546	0	5306	0	2560	0	768	2880	6734	11892	4828	2058	0	
252524	Cerebelum_Crus2_L	0	0	0	0	0	0	0	0	0	0	0	0	0	0	0	0	0	0	0	0	0	0	0	0	0	0	0	0	0	0	0	0	0	0	0	0	0	0	0	0	0	0	0	0	0	0	558	152	0	0	0	0	0	0	336	0	0	0	0	0	0	0	0	0	0	0	0	0	0	0	0	0	0	0	0	0	0	0	0	0	0	0	0	0	0	0	0	0	0	0	20920	3798	0	10770	0	0	136	0	2088	1186	32092	4306	27074	2020	3118	466	0	0	0	0	0	246	9708	6804	484	0	
246248	Cerebelum_Crus2_R	0	0	0	0	0	0	0	0	0	0	0	0	0	0	0	0	0	0	0	0	0	0	0	0	0	0	0	0	0	0	0	0	0	0	0	0	0	0	0	0	0	0	0	0	0	0	424	160	0	0	0	0	0	0	190	244	0	0	0	0	0	0	0	0	0	0	0	0	0	0	0	0	0	0	0	0	0	0	0	0	0	0	0	0	0	0	0	0	0	0	1452	24814	10770	0	0	0	396	0	852	4198	5944	22794	3108	24734	0	2434	0	0	0	0	88	640	10538	8806	538	0	
24336	Cerebelum_3_L	0	0	0	0	0	0	0	0	0	0	0	0	0	0	0	0	0	0	0	0	0	0	0	0	0	0	0	0	0	0	0	0	0	0	0	0	164	0	336	0	0	0	0	0	0	0	0	0	0	0	0	0	0	0	0	0	0	0	0	0	0	0	0	0	0	0	0	0	0	0	0	0	0	0	0	0	0	0	0	0	0	0	0	0	0	0	0	0	0	0	418	0	0	0	0	256	5698	230	796	100	0	0	0	0	298	90	120	0	1196	1524	942	0	0	0	0	0	
48072	Cerebelum_3_R	0	0	0	0	0	0	0	0	0	0	0	0	0	0	0	0	0	0	0	0	0	0	0	0	0	0	0	0	0	0	0	0	0	0	0	0	0	0	0	0	0	0	0	0	0	0	0	0	0	0	0	0	0	0	0	1710	0	0	0	0	0	0	0	0	0	0	0	0	0	0	0	0	0	0	0	0	0	0	0	0	0	0	0	0	0	0	0	0	0	0	0	1836	0	0	256	0	466	6192	0	4674	0	0	0	0	0	808	0	186	774	5290	1844	0	0	0	0	0	
255676	Cerebelum_4_5_L	0	0	0	0	0	0	0	0	0	0	0	0	0	0	0	0	0	0	0	0	0	0	0	0	0	0	0	0	0	0	0	0	0	0	0	0	406	0	790	0	0	0	94	0	0	0	14276	2558	0	0	302	0	2216	0	15408	1258	0	0	0	0	0	0	0	0	0	0	0	0	0	0	0	0	0	0	0	0	0	0	0	0	0	0	0	0	0	0	0	0	0	0	11742	1744	136	396	5698	466	0	4730	31528	2944	148	0	634	118	2972	622	1276	0	238	1134	13820	5990	2058	468	1394	274	
228428	Cerebelum_4_5_R	0	0	0	0	0	0	0	0	0	0	0	0	0	0	0	0	0	0	0	0	0	0	0	0	0	0	0	0	0	0	0	0	0	0	120	158	138	1168	0	1458	0	0	0	118	0	0	1656	9580	0	0	0	0	246	244	612	17112	0	0	0	0	0	0	0	0	0	0	0	166	0	0	0	0	0	0	0	0	0	396	0	0	0	0	0	0	0	0	0	0	0	298	186	11034	0	0	230	6192	4730	0	1996	25438	0	0	0	0	504	2362	0	622	100	2340	14982	6736	386	322	2256	328	
380544	Cerebelum_6_L	0	0	0	0	0	0	0	0	0	0	0	0	0	0	0	0	0	0	0	0	0	0	0	0	0	0	0	0	0	0	0	0	0	0	0	0	0	0	356	0	0	0	0	0	0	0	19776	3170	0	0	626	0	4690	0	26384	1302	0	0	0	0	0	0	0	0	0	0	0	0	0	0	0	0	0	0	0	0	0	0	0	0	0	0	0	0	0	0	0	0	320	0	38760	1964	2088	852	796	0	31528	1996	0	3894	4038	286	13356	612	5318	122	2284	0	0	78	6044	7756	8242	2548	1086	0	
353192	Cerebelum_6_R	0	0	0	0	0	0	0	0	0	0	0	0	0	0	0	0	0	0	0	0	0	0	0	0	0	0	0	0	0	0	0	0	0	0	0	0	0	0	0	0	0	0	0	240	0	178	3346	9972	0	208	0	0	330	420	478	21580	0	0	0	0	0	0	0	0	0	0	0	0	0	0	0	0	0	0	0	0	0	0	0	0	0	0	0	0	0	0	0	0	0	702	944	36680	1186	4198	100	4674	2944	25438	3894	0	0	1062	280	8930	222	6776	0	3494	88	1732	9336	13412	7492	2444	3612	204	
202004	Cerebelum_7b_L	0	0	0	0	0	0	0	0	0	0	0	0	0	0	0	0	0	0	0	0	0	0	0	0	0	0	0	0	0	0	0	0	0	0	0	0	0	0	0	0	0	0	0	0	0	0	136	0	0	0	0	0	0	0	276	0	0	0	0	0	0	0	0	0	0	0	0	0	0	0	0	0	0	0	0	0	0	0	0	0	0	0	0	0	0	0	0	0	0	0	11158	446	32092	5944	0	0	148	0	4038	0	0	4170	25794	2656	2038	382	172	0	0	0	0	152	4110	6888	402	0	
137732	Cerebelum_7b_R	0	0	0	0	0	0	0	0	0	0	0	0	0	0	0	0	0	0	0	0	0	0	0	0	0	0	0	0	0	0	0	0	0	0	0	0	0	0	0	0	0	0	0	0	0	0	0	0	0	0	0	0	0	0	86	0	0	0	0	0	0	0	0	0	0	0	0	0	0	0	0	0	0	0	0	0	0	0	0	0	0	0	0	0	0	0	0	0	0	0	362	3986	4306	22794	0	0	0	0	286	1062	4170	0	1258	21630	0	2772	0	0	0	0	0	98	1748	4224	84	0	
269564	Cerebelum_8_L	0	0	0	0	0	0	0	0	0	0	0	0	0	0	0	0	0	0	0	0	0	0	0	0	0	0	0	0	0	0	0	0	0	0	0	0	0	0	0	0	0	0	0	0	0	0	574	0	0	0	0	0	84	0	530	0	0	0	0	0	0	0	0	0	0	0	0	0	0	0	0	0	0	0	0	0	0	0	0	0	0	0	0	0	0	0	0	0	0	0	22646	1266	27074	3108	0	0	634	0	13356	280	25794	1258	0	2352	18596	628	974	0	0	0	176	422	5244	8366	1420	0	
215024	Cerebelum_8_R	0	0	0	0	0	0	0	0	0	0	0	0	0	0	0	0	0	0	0	0	0	0	0	0	0	0	0	0	0	0	0	0	0	0	0	0	0	0	0	0	0	0	0	0	0	0	134	0	0	0	0	0	0	0	210	160	0	0	0	0	0	0	0	0	0	0	0	0	0	0	0	0	0	0	0	0	0	0	0	0	0	0	0	0	0	0	0	0	0	0	912	18546	2020	24734	0	0	118	0	612	8930	2656	21630	2352	0	120	13848	0	404	0	0	106	316	2184	6398	1122	0	
100152	Cerebelum_9_L	0	0	0	0	0	0	0	0	0	0	0	0	0	0	0	0	0	0	0	0	0	0	0	0	0	0	0	0	0	0	0	0	0	0	0	0	0	0	0	0	0	0	0	0	0	0	582	196	0	0	0	0	114	0	254	204	0	0	0	0	0	0	0	0	0	0	0	0	0	0	0	0	0	0	0	0	0	0	0	0	0	0	0	0	0	0	0	0	0	0	6756	0	3118	0	298	0	2972	504	5318	222	2038	0	18596	120	0	376	946	0	0	136	2122	1538	506	912	2002	246	
112252	Cerebelum_9_R	0	0	0	0	0	0	0	0	0	0	0	0	0	0	0	0	0	0	0	0	0	0	0	0	0	0	0	0	0	0	0	0	0	0	0	0	0	0	0	0	0	0	0	0	0	0	0	232	0	0	0	0	0	0	0	1140	0	0	0	0	0	0	0	0	0	0	0	0	0	0	0	0	0	0	0	0	0	0	0	0	0	0	0	0	0	0	0	0	0	0	190	5306	466	2434	90	808	622	2362	122	6776	382	2772	628	13848	376	0	0	1190	0	730	3236	2352	1010	2852	5768	434	
13220	Cerebelum_10_L	0	0	0	0	0	0	0	0	0	0	0	0	0	0	0	0	0	0	0	0	0	0	0	0	0	0	0	0	0	0	0	0	0	0	0	0	0	0	0	0	0	0	0	0	0	0	0	0	0	0	0	0	0	0	0	0	0	0	0	0	0	0	0	0	0	0	0	0	0	0	0	0	0	0	0	0	0	0	0	0	0	0	0	0	0	0	0	0	0	0	276	0	0	0	120	0	1276	0	2284	0	172	0	974	0	946	0	0	0	0	0	170	190	0	0	202	0	
18596	Cerebelum_10_R	0	0	0	0	0	0	0	0	0	0	0	0	0	0	0	0	0	0	0	0	0	0	0	0	0	0	0	0	0	0	0	0	0	0	0	0	0	0	0	0	0	0	0	0	0	0	0	0	0	0	0	0	0	0	0	202	0	0	0	0	0	0	0	0	0	0	0	0	0	0	0	0	0	0	0	0	0	0	0	0	0	0	0	0	0	0	0	0	0	0	0	2560	0	0	0	186	0	622	0	3494	0	0	0	404	0	1190	0	0	0	136	256	82	0	0	166	0	
13128	Vermis_1_2	0	0	0	0	0	0	0	0	0	0	0	0	0	0	0	0	0	0	0	0	0	0	0	0	0	0	0	0	0	0	0	0	0	0	0	0	0	0	0	0	0	0	0	0	0	0	0	0	0	0	0	0	0	0	0	0	0	0	0	0	0	0	0	0	0	0	0	0	0	0	0	0	0	0	0	0	0	0	0	0	0	0	0	0	0	0	0	0	0	0	0	0	0	0	1196	774	238	100	0	88	0	0	0	0	0	0	0	0	0	4014	154	0	0	0	0	0	
40624	Vermis_3	0	0	0	0	0	0	0	0	0	0	0	0	0	0	0	0	0	0	0	0	0	0	0	0	0	0	0	0	0	0	0	0	0	0	0	0	0	0	144	0	0	0	0	0	0	0	98	0	0	0	0	0	0	0	0	678	0	0	0	0	0	0	0	0	0	0	0	0	0	0	0	0	0	0	0	0	0	0	0	0	0	0	0	0	0	0	0	0	0	0	0	768	0	0	1524	5290	1134	2340	78	1732	0	0	0	0	136	730	0	136	4014	0	1510	0	0	0	0	0	
202192	Vermis_4_5	0	0	0	0	0	0	0	0	0	0	0	0	0	0	0	0	0	0	0	0	0	0	0	0	0	0	0	0	0	0	0	0	0	0	160	710	154	694	96	148	0	0	184	1238	116	712	4140	7396	0	372	0	0	1064	164	2670	7368	0	0	0	0	0	0	0	0	0	0	216	1182	0	0	0	0	0	0	0	0	0	0	0	0	0	0	0	0	0	0	0	0	0	0	582	2880	0	88	942	1844	13820	14982	6044	9336	0	0	176	106	2122	3236	170	256	154	1510	0	8008	710	694	3846	806	
186908	Vermis_6	0	0	0	0	0	0	0	0	0	0	0	0	0	0	0	0	0	0	0	0	0	0	0	0	0	0	0	0	0	0	0	0	0	0	0	0	0	0	0	0	0	0	0	100	0	0	6586	9734	0	82	0	0	1068	218	1548	6354	0	0	0	0	0	0	0	0	0	0	0	0	0	0	0	0	0	0	0	0	0	0	0	0	0	0	0	0	0	0	0	0	0	0	768	6734	246	640	0	0	5990	6736	7756	13412	152	98	422	316	1538	2352	190	82	0	0	8008	0	5984	2172	3822	346	
206260	Vermis_7	0	0	0	0	0	0	0	0	0	0	0	0	0	0	0	0	0	0	0	0	0	0	0	0	0	0	0	0	0	0	0	0	0	0	0	0	0	0	0	0	0	0	0	0	0	0	4638	1904	0	0	330	0	1172	84	2558	1130	0	0	0	0	0	0	0	0	0	0	0	0	0	0	0	0	0	0	0	0	0	0	0	0	0	0	0	0	0	0	0	0	0	0	8730	11892	9708	10538	0	0	2058	386	8242	7492	4110	1748	5244	2184	506	1010	0	0	0	0	710	5984	0	8888	1884	0	
