data	data	385156	370824	591628	536360	73912	53860	264976	185508	33064	25136	209292	294872	166308	211304	103524	90016	244056	268188	585532	668624	63480	61824	208572	227196	8056	45868	42664	53488	504792	448132	237676	396120	125592	413116	114404	135632	247844	257620	100644	144368	47072	59408	285056	338500	165592	311036	378940	253072	248468	326184	516272	242852	135844	107424	502956	427064	252128	236924	119504	97792	204336	102448	108252	116712	123188	101080	222760	315320	316120	298176	227712	336636	260156	186272	43620	19992	148700	174396	79568	21836	132316	103296	131148	117832	264448	172152	23568	30464	266936	170464	498020	557364	325748	469348	70880	85860	364832	268252	551896	578540	276724	150856	365068	398512	145868	204444	14136	19396	64236	116640	283796	294780	454916	346968	216088	50804	
data	data	Precentral_L	Precentral_R	Frontal_Sup_L	Frontal_Sup_R	Frontal_Sup_Orb_L	Frontal_Sup_Orb_R	Frontal_Mid_L	Frontal_Mid_R	Frontal_Mid_Orb_L	Frontal_Mid_Orb_R	Frontal_Inf_Oper_L	Frontal_Inf_Oper_R	Frontal_Inf_Tri_L	Frontal_Inf_Tri_R	Frontal_Inf_Orb_L	Frontal_Inf_Orb_R	Rolandic_Oper_L	Rolandic_Oper_R	Supp_Motor_Area_L	Supp_Motor_Area_R	Olfactory_L	Olfactory_R	Frontal_Sup_Medial_L	Frontal_Sup_Medial_R	Frontal_Med_Orb_L	Frontal_Med_Orb_R	Rectus_L	Rectus_R	Insula_L	Insula_R	Cingulum_Ant_L	Cingulum_Ant_R	Cingulum_Mid_L	Cingulum_Mid_R	Cingulum_Post_L	Cingulum_Post_R	Hippocampus_L	Hippocampus_R	ParaHippocampal_L	ParaHippocampal_R	Amygdala_L	Amygdala_R	Calcarine_L	Calcarine_R	Cuneus_L	Cuneus_R	Lingual_L	Lingual_R	Occipital_Sup_L	Occipital_Sup_R	Occipital_Mid_L	Occipital_Mid_R	Occipital_Inf_L	Occipital_Inf_R	Fusiform_L	Fusiform_R	Postcentral_L	Postcentral_R	Parietal_Sup_L	Parietal_Sup_R	Parietal_Inf_L	Parietal_Inf_R	SupraMarginal_L	SupraMarginal_R	Angular_L	Angular_R	Precuneus_L	Precuneus_R	Paracentral_Lobule_L	Paracentral_Lobule_R	Caudate_L	Caudate_R	Putamen_L	Putamen_R	Pallidum_L	Pallidum_R	Thalamus_L	Thalamus_R	Heschl_L	Heschl_R	Temporal_Sup_L	Temporal_Sup_R	Temporal_Pole_Sup_L	Temporal_Pole_Sup_R	Temporal_Mid_L	Temporal_Mid_R	Temporal_Pole_Mid_L	Temporal_Pole_Mid_R	Temporal_Inf_L	Temporal_Inf_R	Cerebelum_Crus1_L	Cerebelum_Crus1_R	Cerebelum_Crus2_L	Cerebelum_Crus2_R	Cerebelum_3_L	Cerebelum_3_R	Cerebelum_4_5_L	Cerebelum_4_5_R	Cerebelum_6_L	Cerebelum_6_R	Cerebelum_7b_L	Cerebelum_7b_R	Cerebelum_8_L	Cerebelum_8_R	Cerebelum_9_L	Cerebelum_9_R	Cerebelum_10_L	Cerebelum_10_R	Vermis_1_2	Vermis_3	Vermis_4_5	Vermis_6	Vermis_7	Vermis_8	Vermis_9	Vermis_10	
385156	Precentral_L	0	986	16966	1124	0	0	9814	0	0	0	10738	164	504	0	0	0	6354	122	18580	4588	0	0	74	0	0	0	0	0	9448	182	756	522	112	1504	734	2020	8010	1516	592	920	0	0	0	0	0	0	0	0	1266	0	1616	0	0	0	234	116	24320	0	1724	0	3698	0	1558	0	944	0	306	0	21942	440	2518	360	10858	0	2304	0	15070	0	4122	0	1156	0	694	0	414	0	0	0	588	0	0	0	0	0	0	0	0	0	0	0	0	0	0	0	0	0	0	0	0	0	0	0	0	0	0	0	
370824	Precentral_R	986	0	428	20456	0	0	0	8428	0	0	0	4506	0	180	0	0	0	3436	1480	16304	0	0	0	0	0	0	0	0	0	4384	0	0	554	2532	246	968	0	8002	0	1922	0	0	0	4310	0	1530	0	452	0	1076	0	1100	0	576	0	1386	538	23224	0	880	0	1650	0	2518	0	136	0	6194	2966	21794	1300	8962	1192	2512	130	276	698	23072	0	108	0	272	0	0	0	744	0	0	0	1004	0	0	0	0	0	0	0	0	0	0	0	0	0	0	0	0	0	0	0	0	0	0	0	0	0	0	
591628	Frontal_Sup_L	16966	428	0	2154	4298	0	39150	90	942	0	8572	382	12312	146	5086	0	13844	242	62418	6902	76	0	28602	708	456	0	0	0	26800	474	16194	2882	1948	2562	0	0	238	0	0	0	0	0	0	0	0	0	0	0	0	0	176	0	0	0	70	0	6306	0	0	0	140	0	0	0	0	0	0	0	5600	224	5380	1464	13528	356	1196	0	296	0	1386	0	1978	0	2712	130	0	0	0	0	0	0	0	0	0	0	0	0	0	0	0	0	0	0	0	0	0	0	0	0	0	0	0	0	0	0	0	0	
536360	Frontal_Sup_R	1124	20456	2154	0	0	3722	1142	24338	0	710	1500	12854	1008	12050	0	4826	628	15072	4550	26482	0	384	7034	26822	0	1624	0	910	1850	19432	5340	21210	1764	13938	0	0	0	2034	0	396	0	0	0	0	0	0	0	0	0	0	0	0	0	0	0	94	552	866	0	0	0	0	0	0	0	0	0	0	886	310	3326	8918	1908	5306	140	2382	0	5422	0	0	0	0	382	2334	0	0	0	0	0	0	0	0	0	0	0	0	0	0	0	0	0	0	0	0	0	0	0	0	0	0	0	0	0	0	0	0	
73912	Frontal_Sup_Orb_L	0	0	4298	0	0	0	580	0	5508	0	0	0	450	0	10730	0	0	0	370	0	1392	186	1080	0	384	0	2362	0	6554	0	456	0	0	0	0	0	0	0	0	0	0	0	0	0	0	0	0	0	0	0	0	0	0	0	0	0	0	0	0	0	0	0	0	0	0	0	0	0	0	0	354	68	2040	0	0	0	0	0	0	0	0	0	144	0	0	0	0	0	0	0	0	0	0	0	0	0	0	0	0	0	0	0	0	0	0	0	0	0	0	0	0	0	0	0	0	0	
53860	Frontal_Sup_Orb_R	0	0	0	3722	0	0	0	558	0	2678	0	0	0	126	0	3518	0	0	0	0	0	1436	130	3052	128	4172	0	4496	0	1192	0	382	0	0	0	0	0	0	0	0	0	0	0	0	0	0	0	0	0	0	0	0	0	0	0	0	0	0	0	0	0	0	0	0	0	0	0	0	0	0	0	316	0	1024	0	0	0	0	0	0	0	0	0	0	0	0	0	0	0	0	0	0	0	0	0	0	0	0	0	0	0	0	0	0	0	0	0	0	0	0	0	0	0	0	0	0	
264976	Frontal_Mid_L	9814	0	39150	1142	580	0	0	0	938	0	4280	238	22656	122	3380	0	402	118	6992	378	0	0	14598	648	0	0	0	0	7456	224	7220	1872	950	840	0	0	130	0	0	0	0	0	0	0	0	0	0	0	0	0	0	0	0	0	0	0	3132	0	260	0	1432	0	0	0	0	0	0	0	138	0	264	528	1260	164	650	0	172	0	0	0	0	0	254	106	0	0	0	0	0	0	0	0	0	0	0	0	0	0	0	0	0	0	0	0	0	0	0	0	0	0	0	0	0	0	0	0	
185508	Frontal_Mid_R	0	8428	90	24338	0	558	0	0	0	802	0	7844	0	13980	0	3310	0	6036	2078	4644	0	0	740	2470	0	0	0	0	0	6108	0	1262	132	3670	0	0	0	810	0	90	0	0	0	0	0	0	0	0	0	0	0	0	0	0	0	72	0	606	0	0	0	0	0	0	0	0	0	0	0	0	586	500	500	2122	0	580	0	0	0	0	0	0	0	398	0	0	0	0	0	0	0	0	0	0	0	0	0	0	0	0	0	0	0	0	0	0	0	0	0	0	0	0	0	0	0	0	
33064	Frontal_Mid_Orb_L	0	0	942	0	5508	0	938	0	0	0	0	0	366	0	6420	0	0	0	0	0	0	0	0	0	0	0	210	0	1580	0	0	0	0	0	0	0	0	0	0	0	0	0	0	0	0	0	0	0	0	0	0	0	0	0	0	0	0	0	0	0	0	0	0	0	0	0	0	0	0	0	0	0	568	0	0	0	0	0	0	0	0	0	0	0	0	0	0	0	0	0	0	0	0	0	0	0	0	0	0	0	0	0	0	0	0	0	0	0	0	0	0	0	0	0	0	0	
25136	Frontal_Mid_Orb_R	0	0	0	710	0	2678	0	802	0	0	0	0	0	168	0	6880	0	0	0	0	0	338	0	0	0	136	0	462	0	394	0	0	0	0	0	0	0	0	0	0	0	0	0	0	0	0	0	0	0	0	0	0	0	0	0	0	0	0	0	0	0	0	0	0	0	0	0	0	0	0	0	0	0	0	0	0	0	0	0	0	0	0	0	0	0	0	0	0	0	0	0	0	0	0	0	0	0	0	0	0	0	0	0	0	0	0	0	0	0	0	0	0	0	0	0	0	
209292	Frontal_Inf_Oper_L	10738	0	8572	1500	0	0	4280	0	0	0	0	190	5026	106	100	0	11114	126	7120	584	0	0	400	206	0	0	0	0	19930	292	4860	2124	0	0	0	0	246	0	0	0	0	0	0	0	0	0	0	0	240	0	480	0	0	0	0	0	6162	0	536	0	1522	0	496	0	154	0	102	0	0	0	3454	1932	2842	142	514	0	224	0	252	0	548	0	7458	74	0	0	0	0	0	0	0	0	0	0	0	0	0	0	0	0	0	0	0	0	0	0	0	0	0	0	0	0	0	0	0	0	
294872	Frontal_Inf_Oper_R	164	4506	382	12854	0	0	238	7844	0	0	190	0	92	13054	0	880	216	18712	3430	13644	0	0	372	2044	0	0	0	110	418	30666	832	10076	0	4332	0	0	0	870	0	80	0	0	0	0	0	0	0	0	0	0	0	0	0	0	0	74	0	1386	0	0	0	0	0	0	0	0	0	0	0	0	2706	6412	562	3502	0	0	0	0	0	0	0	0	70	6718	0	0	0	0	0	0	0	0	0	0	0	0	0	0	0	0	0	0	0	0	0	0	0	0	0	0	0	0	0	0	0	0	
166308	Frontal_Inf_Tri_L	504	0	12312	1008	450	0	22656	0	366	0	5026	92	0	92	5874	0	130	0	1240	0	0	0	5598	546	0	0	0	0	15540	96	7318	1296	1094	744	0	0	0	0	0	0	0	0	0	0	0	0	0	0	0	0	0	0	0	0	0	0	140	0	0	0	0	0	0	0	0	0	0	0	0	0	484	82	118	0	0	0	0	0	0	0	0	0	348	0	0	0	0	0	0	0	0	0	0	0	0	0	0	0	0	0	0	0	0	0	0	0	0	0	0	0	0	0	0	0	0	0	
211304	Frontal_Inf_Tri_R	0	180	146	12050	0	126	122	13980	0	168	106	13054	92	0	0	7834	104	1026	3976	6570	0	0	496	5626	0	0	0	0	174	14840	582	10014	560	7882	0	0	0	0	0	0	0	0	0	0	0	0	0	0	0	0	0	0	0	0	0	0	0	0	0	0	0	0	0	0	0	0	0	0	0	0	618	3988	182	1014	0	0	0	0	0	0	0	0	0	142	0	0	0	0	0	0	0	0	0	0	0	0	0	0	0	0	0	0	0	0	0	0	0	0	0	0	0	0	0	0	0	0	
103524	Frontal_Inf_Orb_L	0	0	5086	0	10730	0	3380	0	6420	0	100	0	5874	0	0	0	0	0	68	0	1438	138	600	0	0	0	1634	0	10542	0	1336	0	0	0	0	0	322	0	280	0	278	0	0	0	0	0	0	0	0	0	0	0	0	0	146	0	0	0	0	0	0	0	0	0	0	0	0	0	0	0	262	0	2142	0	0	0	0	0	0	0	0	0	986	0	0	0	0	0	0	0	0	0	0	0	0	0	0	0	0	0	0	0	0	0	0	0	0	0	0	0	0	0	0	0	0	0	
90016	Frontal_Inf_Orb_R	0	0	0	4826	0	3518	0	3310	0	6880	0	880	0	7834	0	0	0	0	120	272	0	644	168	2414	0	120	0	706	80	7516	166	2456	68	774	0	0	0	0	0	0	0	0	0	0	0	0	0	0	0	0	0	0	0	0	0	0	0	0	0	0	0	0	0	0	0	0	0	0	0	0	162	1404	0	304	0	0	0	0	0	0	0	124	0	136	0	126	0	0	0	0	0	0	0	0	0	0	0	0	0	0	0	0	0	0	0	0	0	0	0	0	0	0	0	0	0	0	
244056	Rolandic_Oper_L	6354	0	13844	628	0	0	402	0	0	0	11114	216	130	104	0	0	0	310	13526	592	0	0	0	178	0	0	0	0	24686	498	846	1278	0	0	0	0	1708	70	536	0	0	0	0	0	0	0	0	0	358	0	698	0	0	0	622	0	10020	0	166	0	550	0	1536	0	238	0	0	0	316	0	3968	1894	5286	244	850	0	304	0	4240	0	5346	0	7194	108	518	0	0	0	450	0	0	0	0	0	0	0	102	0	0	0	0	0	0	0	0	0	0	0	0	0	0	0	0	0	0	0	
268188	Rolandic_Oper_R	122	3436	242	15072	0	0	118	6036	0	0	126	18712	0	1026	0	0	310	0	1276	14486	0	0	0	232	0	0	0	76	492	32112	400	1620	0	1780	0	0	0	2842	0	458	0	0	0	0	0	828	0	0	0	860	0	100	0	0	0	126	0	3740	0	84	0	156	0	2200	0	0	0	844	0	120	1926	3876	552	8034	0	250	0	0	0	1238	0	1110	0	6858	0	128	0	0	0	90	0	0	0	0	0	0	0	0	0	0	0	0	0	0	0	0	0	0	0	0	0	0	0	0	0	0	
585532	Supp_Motor_Area_L	18580	1480	62418	4550	370	0	6992	2078	0	0	7120	3430	1240	3976	68	120	13526	1276	0	43324	0	0	4762	1934	0	0	0	0	14940	2004	8378	6178	7014	23756	816	426	252	86	0	0	0	0	0	0	0	0	0	0	0	0	130	0	0	0	0	0	6058	464	0	0	106	0	0	0	0	0	400	0	12310	3460	5510	3272	11628	726	1266	0	384	0	1434	0	1990	0	1992	542	0	0	0	0	0	0	0	0	0	0	0	0	0	0	0	0	0	0	0	0	0	0	0	0	0	0	0	0	0	0	0	0	
668624	Supp_Motor_Area_R	4588	16304	6902	26482	0	0	378	4644	0	0	584	13644	0	6570	0	272	592	14486	43324	0	0	0	242	3674	0	246	0	246	1398	15574	948	10886	5166	39524	452	712	136	1790	0	796	0	0	0	0	0	0	0	96	0	0	0	0	0	0	0	98	322	588	0	0	148	0	0	0	0	0	214	0	17748	33860	4060	21796	3110	5134	654	1372	908	20358	180	0	0	0	260	2846	0	0	0	0	0	0	0	0	0	0	0	0	0	0	0	0	0	0	0	0	0	0	0	0	0	0	0	0	0	0	0	0	
63480	Olfactory_L	0	0	76	0	1392	0	0	0	0	0	0	0	0	0	1438	0	0	0	0	0	0	4650	0	0	0	0	3590	1398	3184	0	1942	1428	0	0	0	0	552	0	1078	0	982	0	0	0	0	0	0	0	0	0	0	0	0	0	416	0	0	0	0	0	0	0	0	0	0	0	0	0	0	0	4988	2990	470	364	0	0	0	0	0	0	0	0	802	0	0	0	0	0	0	0	0	0	0	0	0	0	0	0	0	0	0	0	0	0	0	0	0	0	0	0	0	0	0	0	0	0	
61824	Olfactory_R	0	0	0	384	186	1436	0	0	0	338	0	0	0	0	138	644	0	0	0	0	4650	0	0	346	0	428	3294	3434	0	1582	1526	1186	0	0	0	0	0	72	0	150	0	574	0	0	0	0	0	0	0	0	0	0	0	0	0	0	0	0	0	0	0	0	0	0	0	0	0	0	0	0	5094	4430	418	378	0	0	0	0	0	0	0	0	0	224	0	0	0	0	0	0	0	0	0	0	0	0	0	0	0	0	0	0	0	0	0	0	0	0	0	0	0	0	0	0	0	0	
208572	Frontal_Sup_Medial_L	74	0	28602	7034	1080	130	14598	740	0	0	400	372	5598	496	600	168	0	0	4762	242	0	0	0	13194	494	256	0	0	1910	498	5894	6600	1586	7284	0	0	0	0	0	0	0	0	0	0	0	0	0	0	0	0	0	0	0	0	0	0	0	0	0	0	0	0	0	0	0	0	0	0	0	0	96	324	1254	0	0	0	0	0	0	0	0	0	0	0	0	0	0	0	0	0	0	0	0	0	0	0	0	0	0	0	0	0	0	0	0	0	0	0	0	0	0	0	0	0	0	0	
227196	Frontal_Sup_Medial_R	0	0	708	26822	0	3052	648	2470	0	0	206	2044	546	5626	0	2414	178	232	1934	3674	0	346	13194	0	70	3044	0	780	306	6044	1754	18296	1684	13014	0	0	0	0	0	0	0	0	0	0	0	0	0	0	0	0	0	0	0	0	0	0	0	0	0	0	0	0	0	0	0	0	0	0	0	0	440	1766	112	1978	0	0	0	0	0	0	0	0	128	88	0	0	0	0	0	0	0	0	0	0	0	0	0	0	0	0	0	0	0	0	0	0	0	0	0	0	0	0	0	0	0	0	
8056	Frontal_Med_Orb_L	0	0	456	0	384	128	0	0	0	0	0	0	0	0	0	0	0	0	0	0	0	0	494	70	0	234	166	0	0	0	1338	0	0	0	0	0	0	0	0	0	0	0	0	0	0	0	0	0	0	0	0	0	0	0	0	0	0	0	0	0	0	0	0	0	0	0	0	0	0	0	0	0	758	0	0	0	0	0	0	0	0	0	0	0	0	0	0	0	0	0	0	0	0	0	0	0	0	0	0	0	0	0	0	0	0	0	0	0	0	0	0	0	0	0	0	0	
45868	Frontal_Med_Orb_R	0	0	0	1624	0	4172	0	0	0	136	0	0	0	0	0	120	0	0	0	246	0	428	256	3044	234	0	0	4074	68	186	450	2960	0	0	0	0	0	0	0	0	0	0	0	0	0	0	0	0	0	0	0	0	0	0	0	0	0	0	0	0	0	0	0	0	0	0	0	0	0	0	78	2128	0	2730	0	0	0	0	0	0	0	0	0	0	0	0	0	0	0	0	0	0	0	0	0	0	0	0	0	0	0	0	0	0	0	0	0	0	0	0	0	0	0	0	0	0	
42664	Rectus_L	0	0	0	0	2362	0	0	0	210	0	0	0	0	0	1634	0	0	0	0	0	3590	3294	0	0	166	0	0	1228	1112	0	1828	994	0	0	0	0	0	0	0	0	0	0	0	0	0	0	0	0	0	0	0	0	0	0	0	0	0	0	0	0	0	0	0	0	0	0	0	0	0	0	2546	1746	366	256	0	0	0	0	0	0	0	0	0	0	0	0	0	0	0	0	0	0	0	0	0	0	0	0	0	0	0	0	0	0	0	0	0	0	0	0	0	0	0	0	0	0	
53488	Rectus_R	0	0	0	910	0	4496	0	0	0	462	0	110	0	0	0	706	0	76	0	246	1398	3434	0	780	0	4074	1228	0	96	640	666	2708	0	0	0	0	0	0	0	0	0	0	0	0	0	0	0	0	0	0	0	0	0	0	0	0	0	0	0	0	0	0	0	0	0	0	0	0	0	0	1094	2164	254	1124	0	0	0	0	0	0	0	0	0	78	0	0	0	0	0	0	0	0	0	0	0	0	0	0	0	0	0	0	0	0	0	0	0	0	0	0	0	0	0	0	0	0	
504792	Insula_L	9448	0	26800	1850	6554	0	7456	0	1580	0	19930	418	15540	174	10542	80	24686	492	14940	1398	3184	0	1910	306	0	68	1112	96	0	794	8748	2902	164	0	856	1328	12732	1264	3508	710	2114	0	0	0	0	0	0	0	256	0	538	0	0	0	3640	192	4000	0	246	0	422	0	116	0	78	0	176	0	1834	0	6556	2990	18868	378	1216	0	3248	0	6542	0	4290	0	9984	228	940	0	0	0	1528	82	0	0	0	0	0	0	364	0	0	0	0	0	0	0	0	0	0	0	0	0	0	0	0	0	0	0	
448132	Insula_R	182	4384	474	19432	0	1192	224	6108	0	394	292	30666	96	14840	0	7516	498	32112	2004	15574	0	1582	498	6044	0	186	0	640	794	0	1058	15056	436	4984	0	0	0	3254	0	390	0	958	0	176	0	792	0	0	0	2548	0	322	0	92	0	726	0	2002	0	0	0	90	0	690	0	94	0	706	0	128	3718	8196	898	13124	0	98	0	230	0	1906	0	3636	140	7606	0	3004	0	0	0	1276	0	0	0	0	0	0	0	0	0	0	0	0	0	0	0	0	0	0	0	0	0	0	0	0	0	0	
237676	Cingulum_Ant_L	756	0	16194	5340	456	0	7220	0	0	0	4860	832	7318	582	1336	166	846	400	8378	948	1942	1526	5894	1754	1338	450	1828	666	8748	1058	0	11450	1802	2270	0	0	106	182	0	120	0	0	0	0	0	0	0	0	0	0	0	0	0	0	0	0	584	0	0	0	134	0	0	0	0	0	0	0	0	0	7688	3536	7588	1734	0	0	134	0	0	0	0	0	480	194	0	0	0	0	0	0	0	0	0	0	0	0	0	0	0	0	0	0	0	0	0	0	0	0	0	0	0	0	0	0	0	0	
396120	Cingulum_Ant_R	522	0	2882	21210	0	382	1872	1262	0	0	2124	10076	1296	10014	0	2456	1278	1620	6178	10886	1428	1186	6600	18296	0	2960	994	2708	2902	15056	11450	0	5228	20832	0	0	0	0	0	0	0	0	0	0	0	0	0	0	0	0	0	0	0	0	0	0	158	0	0	0	120	0	0	0	0	0	0	0	0	74	4718	18926	1512	6678	152	0	0	0	0	0	196	0	878	950	0	0	0	0	0	0	0	0	0	0	0	0	0	0	0	0	0	0	0	0	0	0	0	0	0	0	0	0	0	0	0	0	
125592	Cingulum_Mid_L	112	554	1948	1764	0	0	950	132	0	0	0	0	1094	560	0	68	0	0	7014	5166	0	0	1586	1684	0	0	0	0	164	436	1802	5228	0	14918	3056	646	0	0	0	0	0	0	244	0	1122	182	0	0	0	0	0	0	0	0	0	0	0	966	0	0	0	0	0	0	0	0	4238	570	3978	2528	0	86	0	0	0	0	0	0	0	0	0	0	0	0	0	0	0	0	0	0	0	0	0	0	0	0	0	0	0	0	0	0	0	0	0	0	0	0	0	0	0	0	0	0	0	0	
413116	Cingulum_Mid_R	1504	2532	2562	13938	0	0	840	3670	0	0	0	4332	744	7882	0	774	0	1780	23756	39524	0	0	7284	13014	0	0	0	0	0	4984	2270	20832	14918	0	958	5192	0	0	0	0	0	0	0	532	0	484	0	0	0	0	0	180	0	0	0	0	0	3882	0	0	0	0	0	0	0	0	546	2052	11724	12294	232	886	184	70	0	0	0	0	0	0	0	0	0	202	0	0	0	0	0	0	0	0	0	0	0	0	0	0	0	0	0	0	0	0	0	0	0	0	0	0	0	0	0	0	0	0	
114404	Cingulum_Post_L	734	246	0	0	0	0	0	0	0	0	0	0	0	0	0	0	0	0	816	452	0	0	0	0	0	0	0	0	856	0	0	0	3056	958	0	8050	4470	1824	1852	320	0	0	3198	506	2608	128	1224	122	1482	0	2496	0	302	102	1370	694	568	392	118	0	122	0	0	74	0	0	11216	1760	2192	438	0	0	0	0	0	0	126	0	520	0	0	0	0	0	732	0	0	0	538	356	0	0	0	0	0	0	0	0	0	0	0	0	0	0	0	0	0	0	0	0	184	0	0	0	0	0	
135632	Cingulum_Post_R	2020	968	0	0	0	0	0	0	0	0	0	0	0	0	0	0	0	0	426	712	0	0	0	0	0	0	0	0	1328	0	0	0	646	5192	8050	0	5122	5936	638	2482	0	0	0	3708	0	1434	78	2842	80	182	126	372	0	206	274	1688	250	1400	0	146	0	150	0	224	0	0	1620	10310	1832	1096	0	0	0	0	0	0	2914	368	752	0	0	0	0	0	102	120	0	0	156	1336	0	0	0	0	0	0	0	0	0	0	0	0	0	0	0	0	0	0	0	0	530	0	0	0	0	0	
247844	Hippocampus_L	8010	0	238	0	0	0	130	0	0	0	246	0	0	0	322	0	1708	0	252	136	552	0	0	0	0	0	0	0	12732	0	106	0	0	0	4470	5122	0	3028	14442	1878	7916	0	2166	0	0	0	3610	276	0	0	312	0	242	0	12302	442	896	0	0	0	98	0	402	0	0	0	3400	1036	2612	0	80	0	5168	0	116	0	5246	0	4010	0	3038	0	1936	0	4062	0	390	0	8930	0	464	0	0	0	0	0	540	0	478	0	0	0	0	0	0	0	0	0	0	162	220	0	0	0	0	0	
257620	Hippocampus_R	1516	8002	0	2034	0	0	0	810	0	0	0	870	0	0	0	0	70	2842	86	1790	0	72	0	0	0	0	0	0	1264	3254	182	0	0	0	1824	5936	3028	0	0	22390	0	9978	0	310	0	368	0	2384	0	586	0	0	0	378	0	17708	214	1718	0	0	0	100	0	3114	0	0	0	2816	1936	1376	242	0	102	7778	0	568	3688	4636	392	856	0	1846	0	1586	0	1552	0	836	98	4474	0	158	0	0	0	0	0	434	0	100	0	0	0	0	0	0	0	0	0	0	508	0	0	0	0	0	
100644	ParaHippocampal_L	592	0	0	0	0	0	0	0	0	0	0	0	0	0	280	0	536	0	0	0	1078	0	0	0	0	0	0	0	3508	0	0	0	0	0	1852	638	14442	0	0	0	2808	0	1232	0	0	0	3212	242	0	0	300	0	202	0	8338	0	0	0	0	0	0	0	0	0	0	0	1662	242	380	0	0	0	1658	0	0	0	326	0	228	0	84	0	964	0	116	0	0	0	1380	0	534	0	0	0	0	70	1654	0	950	0	0	0	0	0	178	0	0	0	78	336	140	82	0	0	0	0	
144368	ParaHippocampal_R	920	1922	0	396	0	0	0	90	0	0	0	80	0	0	0	0	0	458	0	796	0	150	0	0	0	0	0	0	710	390	120	0	0	0	320	2482	1878	22390	0	0	0	5028	0	548	0	0	0	4786	0	0	0	0	0	174	0	10748	0	234	0	0	0	0	0	322	0	0	0	2478	514	360	154	0	0	2708	0	268	2198	2040	198	134	0	444	0	1754	0	94	0	560	76	414	0	290	0	0	0	0	0	1704	0	362	0	0	0	0	0	0	0	0	0	0	492	0	0	0	0	0	
47072	Amygdala_L	0	0	0	0	0	0	0	0	0	0	0	0	0	0	278	0	0	0	0	0	982	0	0	0	0	0	0	0	2114	0	0	0	0	0	0	0	7916	0	2808	0	0	0	0	0	0	0	0	0	0	0	0	0	0	0	4172	0	0	0	0	0	0	0	0	0	0	0	0	0	0	0	0	0	176	0	0	0	0	0	0	0	0	0	2034	0	848	0	384	0	1824	0	0	0	0	0	0	0	0	0	0	0	0	0	0	0	0	0	0	0	0	0	0	0	0	0	0	0	
59408	Amygdala_R	0	0	0	0	0	0	0	0	0	0	0	0	0	0	0	0	0	0	0	0	0	574	0	0	0	0	0	0	0	958	0	0	0	0	0	0	0	9978	0	5028	0	0	0	0	0	0	0	0	0	0	0	0	0	0	0	6012	0	0	0	0	0	0	0	0	0	0	0	0	0	0	0	0	0	1052	0	0	0	0	0	0	0	0	0	4134	0	234	0	868	0	866	0	0	0	0	0	0	0	0	0	0	0	0	0	0	0	0	0	0	0	0	0	0	0	0	0	0	
285056	Calcarine_L	0	0	0	0	0	0	0	0	0	0	0	0	0	0	0	0	0	0	0	0	0	0	0	0	0	0	0	0	0	0	0	0	244	0	3198	0	2166	0	1232	0	0	0	0	9228	15216	5118	23974	3448	11264	1832	30718	858	8942	0	8332	216	536	0	558	0	0	0	0	0	0	0	13178	180	0	0	0	0	0	0	0	0	0	0	144	0	0	0	0	0	492	0	0	0	376	0	212	0	0	0	0	0	0	0	340	80	0	0	0	0	0	0	0	0	0	0	90	248	108	0	0	0	
338500	Calcarine_R	0	4310	0	0	0	0	0	0	0	0	0	0	0	0	0	0	0	0	0	0	0	0	0	0	0	0	0	0	0	176	0	0	0	532	506	3708	0	310	0	548	0	0	9228	0	5152	22310	3346	24312	160	18288	142	15934	0	8966	0	11154	0	6108	0	1178	0	350	0	2832	0	396	0	19474	300	2720	0	0	0	0	0	0	0	0	0	0	0	326	0	0	0	2316	0	0	0	2540	0	0	0	0	0	0	100	282	0	388	0	0	0	0	0	0	0	0	0	0	308	438	112	0	0	0	
165592	Cuneus_L	0	0	0	0	0	0	0	0	0	0	0	0	0	0	0	0	0	0	0	0	0	0	0	0	0	0	0	0	0	0	0	0	1122	0	2608	0	0	0	0	0	0	0	15216	5152	0	8458	1352	244	18668	2206	11464	150	1300	0	1038	0	488	0	984	0	162	0	0	0	0	0	10842	394	178	0	0	0	0	0	0	0	0	0	150	0	0	0	0	0	364	0	0	0	256	0	0	0	0	0	0	0	0	0	0	0	0	0	0	0	0	0	0	0	0	0	0	0	0	0	0	0	
311036	Cuneus_R	0	1530	0	0	0	0	0	0	0	0	0	0	0	0	0	0	0	828	0	0	0	0	0	0	0	0	0	0	0	792	0	0	182	484	128	1434	0	368	0	0	0	0	5118	22310	8458	0	278	1226	224	43748	102	16432	0	1114	0	1964	0	2664	0	4390	0	862	0	1752	0	2436	2652	26204	84	1524	0	0	0	0	0	0	0	0	0	0	0	1196	0	0	0	2174	0	0	0	2754	0	0	0	0	0	0	0	0	0	0	0	0	0	0	0	0	0	0	0	0	106	0	0	0	0	0	
378940	Lingual_L	0	0	0	0	0	0	0	0	0	0	0	0	0	0	0	0	0	0	0	0	0	0	0	0	0	0	0	0	0	0	0	0	0	0	1224	78	3610	0	3212	0	0	0	23974	3346	1352	278	0	4652	2852	342	21048	358	10288	184	19992	1372	0	0	0	0	0	0	0	0	0	0	6102	0	0	0	0	0	0	0	0	0	166	0	0	0	0	0	0	0	76	0	0	0	470	0	8644	2492	1290	1972	248	172	12418	2826	23598	3992	438	638	476	386	360	658	0	0	286	308	6678	8464	5156	1202	874	918	
253072	Lingual_R	0	452	0	0	0	0	0	0	0	0	0	0	0	0	0	0	0	0	0	96	0	0	0	0	0	0	0	0	0	0	0	0	0	0	122	2842	276	2384	242	4786	0	0	3448	24312	244	1226	4652	0	0	3628	0	4912	0	4940	0	19062	0	350	0	0	0	0	0	160	0	0	0	6834	0	322	0	0	0	92	0	0	82	586	0	0	0	0	0	0	0	902	0	0	0	1008	846	2030	240	190	0	0	2082	6444	2404	7978	88	0	122	0	0	126	0	0	0	0	6880	6128	2284	380	276	78	
248468	Occipital_Sup_L	1266	0	0	0	0	0	0	0	0	0	240	0	0	0	0	0	358	0	0	0	0	0	0	0	0	0	0	0	256	0	0	0	0	0	1482	80	0	0	0	0	0	0	11264	160	18668	224	2852	0	0	0	44670	0	1572	0	1024	0	2802	0	9244	0	4910	0	1142	0	2504	0	9092	0	1136	0	0	0	0	0	0	0	0	0	96	0	810	0	0	0	5766	0	0	0	2616	0	0	0	0	0	0	0	0	0	0	0	0	0	0	0	0	0	0	0	0	0	0	0	0	0	0	0	
326184	Occipital_Sup_R	0	1076	0	0	0	0	0	0	0	0	0	0	0	0	0	0	0	860	0	0	0	0	0	0	0	0	0	0	0	2548	0	0	0	0	0	182	0	586	0	0	0	0	1832	18288	2206	43748	342	3628	0	0	0	28370	0	3182	0	4426	0	1878	0	6088	0	1994	0	1942	0	6938	72	15210	74	456	0	0	0	0	0	0	0	0	0	206	0	1362	0	0	0	9388	0	0	0	6210	0	0	0	0	0	0	0	0	0	0	0	0	0	0	0	0	0	0	0	0	0	0	0	0	0	0	
516272	Occipital_Mid_L	1616	0	176	0	0	0	0	0	0	0	480	0	0	0	0	0	698	0	130	0	0	0	0	0	0	0	0	0	538	0	0	0	0	0	2496	126	312	0	300	0	0	0	30718	142	11464	102	21048	0	44670	0	0	0	20886	0	17218	0	3098	0	9476	0	14882	0	2210	0	18306	0	12300	0	2532	0	0	0	0	0	0	0	0	0	1540	0	1760	0	72	0	25170	0	0	0	12122	0	264	110	0	0	0	0	0	0	550	136	0	0	0	0	0	0	0	0	0	0	0	300	188	0	0	0	
242852	Occipital_Mid_R	0	1100	0	0	0	0	0	0	0	0	0	0	0	0	0	0	0	100	0	0	0	0	0	0	0	0	0	0	0	322	0	0	0	180	0	372	0	0	0	0	0	0	858	15934	150	16432	358	4912	0	28370	0	0	0	9672	0	4216	0	1510	0	3100	0	2870	0	508	0	11152	0	5652	0	742	0	0	0	0	0	0	0	0	0	0	0	408	0	0	0	9970	0	0	0	2366	0	0	0	0	0	0	0	84	0	0	0	0	0	0	0	0	0	0	0	0	88	0	0	0	0	0	
135844	Occipital_Inf_L	0	0	0	0	0	0	0	0	0	0	0	0	0	0	0	0	0	0	0	0	0	0	0	0	0	0	0	0	0	0	0	0	0	0	302	0	242	0	202	0	0	0	8942	0	1300	0	10288	0	1572	0	20886	0	0	0	13188	0	0	0	0	0	82	0	0	0	126	0	2210	0	106	0	0	0	0	0	0	0	0	0	212	0	156	0	0	0	1980	0	0	0	4258	0	784	0	0	0	0	0	210	0	780	0	0	0	0	0	0	0	0	0	0	0	0	96	0	0	0	0	
107424	Occipital_Inf_R	0	576	0	0	0	0	0	0	0	0	0	0	0	0	0	0	0	0	0	0	0	0	0	0	0	0	0	0	0	92	0	0	0	0	102	206	0	378	0	174	0	0	0	8966	0	1114	184	4940	0	3182	0	9672	0	0	0	12334	0	664	0	86	0	126	0	420	0	286	0	1918	70	152	0	0	0	0	0	0	0	0	0	0	0	72	0	0	0	2812	0	0	0	2994	0	132	0	0	0	0	244	594	0	690	0	0	0	0	0	0	0	0	0	0	440	92	0	0	0	0	
502956	Fusiform_L	234	0	70	0	0	0	0	0	0	0	0	0	0	0	146	0	622	0	0	0	416	0	0	0	0	0	0	0	3640	0	0	0	0	0	1370	274	12302	0	8338	0	4172	0	8332	0	1038	0	19992	0	1024	0	17218	0	13188	0	0	0	222	0	0	0	1366	0	1960	0	1466	0	4128	104	844	0	0	0	1428	0	0	0	254	0	1016	0	2176	0	2794	0	11654	0	1488	0	21270	0	31660	448	2280	168	260	130	18580	500	42996	962	246	0	886	120	762	364	0	0	150	104	2546	1694	824	474	440	338	
427064	Fusiform_R	116	1386	0	94	0	0	0	72	0	0	0	74	0	0	0	0	0	126	0	98	0	0	0	0	0	0	0	0	192	726	0	0	0	0	694	1688	442	17708	0	10748	0	6012	216	11154	0	1964	1372	19062	0	4426	0	4216	0	12334	0	0	0	1130	0	106	0	158	0	774	0	286	0	4034	282	368	0	0	0	572	0	318	280	204	0	194	0	2666	0	6566	0	5708	0	4178	0	17608	470	16132	128	1886	0	1022	1568	11350	746	23160	0	232	108	3210	0	872	0	314	0	258	4848	3340	2282	584	670	0	
252128	Postcentral_L	24320	538	6306	552	0	0	3132	0	0	0	6162	0	140	0	0	0	10020	0	6058	322	0	0	0	0	0	0	0	0	4000	0	584	158	0	0	568	250	896	214	0	0	0	0	536	0	488	0	0	0	2802	0	3098	0	0	0	222	0	0	0	9144	0	18270	0	9536	0	1788	0	3158	0	4082	0	80	0	960	0	206	0	76	0	2570	0	3480	0	456	0	432	0	0	0	460	0	0	0	0	0	0	0	0	0	0	0	0	0	0	0	0	0	0	0	0	0	0	0	0	0	0	0	
236924	Postcentral_R	0	23224	0	866	0	0	0	606	0	0	0	1386	0	0	0	0	0	3740	464	588	0	0	0	0	0	0	0	0	0	2002	0	0	966	3882	392	1400	0	1718	0	234	0	0	0	6108	0	2664	0	350	0	1878	0	1510	0	664	0	1130	0	0	0	5728	0	10046	0	11256	0	828	0	10924	3472	15938	0	642	0	1562	0	0	88	174	0	362	0	330	0	0	0	556	0	0	0	784	0	0	0	0	0	0	0	0	0	0	0	0	0	0	0	0	0	0	0	0	0	0	0	0	0	0	
119504	Parietal_Sup_L	1724	0	0	0	0	0	260	0	0	0	536	0	0	0	0	0	166	0	0	0	0	0	0	0	0	0	0	0	246	0	0	0	0	0	118	0	0	0	0	0	0	0	558	0	984	0	0	0	9244	0	9476	0	0	0	0	0	9144	0	0	0	13648	0	292	0	3398	0	9658	0	172	0	0	0	0	0	0	0	0	0	0	0	0	0	128	0	0	0	0	0	0	0	0	0	0	0	0	0	0	0	0	0	0	0	0	0	0	0	0	0	0	0	0	0	0	0	0	0	
97792	Parietal_Sup_R	0	880	0	0	0	0	0	0	0	0	0	0	0	0	0	0	0	84	0	0	0	0	0	0	0	0	0	0	0	0	0	0	0	0	0	146	0	0	0	0	0	0	0	1178	0	4390	0	0	0	6088	0	3100	0	86	0	106	0	5728	0	0	0	7056	0	2128	0	4382	754	10386	74	1660	0	0	0	0	0	0	0	0	0	0	0	326	0	0	0	218	0	0	0	126	0	0	0	0	0	0	0	0	0	0	0	0	0	0	0	0	0	0	0	0	0	0	0	0	0	0	
204336	Parietal_Inf_L	3698	0	140	0	0	0	1432	0	0	0	1522	0	0	0	0	0	550	0	106	148	0	0	0	0	0	0	0	0	422	0	134	120	0	0	122	0	98	0	0	0	0	0	0	0	162	0	0	0	4910	0	14882	0	82	0	1366	0	18270	0	13648	0	0	0	14364	0	17002	0	1822	0	704	0	0	0	0	0	0	0	0	0	0	0	1498	0	250	0	1384	0	0	0	3332	0	0	0	0	0	0	0	0	0	0	0	0	0	0	0	0	0	0	0	0	0	0	0	0	0	0	0	
102448	Parietal_Inf_R	0	1650	0	0	0	0	0	0	0	0	0	0	0	0	0	0	0	156	0	0	0	0	0	0	0	0	0	0	0	90	0	0	0	0	0	150	0	100	0	0	0	0	0	350	0	862	0	0	0	1994	0	2870	0	126	0	158	0	10046	0	7056	0	0	0	10586	0	9926	0	780	230	656	0	0	0	0	0	0	0	0	0	0	0	2450	0	0	0	698	0	0	0	290	0	0	0	0	0	0	0	0	0	0	0	0	0	0	0	0	0	0	0	0	0	0	0	0	0	0	
108252	SupraMarginal_L	1558	0	0	0	0	0	0	0	0	0	496	0	0	0	0	0	1536	0	0	0	0	0	0	0	0	0	0	0	116	0	0	0	0	0	0	0	402	0	0	0	0	0	0	0	0	0	0	0	1142	0	2210	0	0	0	1960	0	9536	0	292	0	14364	0	0	0	6420	0	112	0	284	0	0	0	0	0	0	0	0	0	348	0	5968	0	0	0	2784	0	0	0	4598	0	0	0	0	0	0	0	0	0	0	0	0	0	0	0	0	0	0	0	0	0	0	0	0	0	0	0	
116712	SupraMarginal_R	0	2518	0	0	0	0	0	0	0	0	0	0	0	0	0	0	0	2200	0	0	0	0	0	0	0	0	0	0	0	690	0	0	0	0	74	224	0	3114	0	322	0	0	0	2832	0	1752	0	160	0	1942	0	508	0	420	0	774	0	11256	0	2128	0	10586	0	0	0	2932	0	3240	878	970	0	0	0	0	0	0	134	298	0	116	0	6004	0	0	0	1506	0	0	0	778	0	0	0	0	0	0	0	0	0	0	0	0	0	0	0	0	0	0	0	0	0	0	0	0	0	0	
123188	Angular_L	944	0	0	0	0	0	0	0	0	0	154	0	0	0	0	0	238	0	0	0	0	0	0	0	0	0	0	0	78	0	0	0	0	0	0	0	0	0	0	0	0	0	0	0	0	0	0	0	2504	0	18306	0	126	0	1466	0	1788	0	3398	0	17002	0	6420	0	0	0	220	0	384	0	0	0	0	0	0	0	0	0	0	0	1134	0	0	0	5106	0	0	0	2326	0	0	0	0	0	0	0	0	0	0	0	0	0	0	0	0	0	0	0	0	0	0	0	0	0	0	0	
101080	Angular_R	0	136	0	0	0	0	0	0	0	0	0	0	0	0	0	0	0	0	0	0	0	0	0	0	0	0	0	0	0	94	0	0	0	0	0	0	0	0	0	0	0	0	0	396	0	2436	0	0	0	6938	0	11152	0	286	0	286	0	828	0	4382	0	9926	0	2932	0	0	0	1102	0	0	0	0	0	0	0	0	0	0	0	0	0	2926	0	0	0	5868	0	0	0	852	0	0	0	0	0	0	0	0	0	0	0	0	0	0	0	0	0	0	0	0	0	0	0	0	0	0	
222760	Precuneus_L	306	0	0	0	0	0	0	0	0	0	102	0	0	0	0	0	0	0	400	214	0	0	0	0	0	0	0	0	176	0	0	0	4238	546	11216	1620	3400	0	1662	0	0	0	13178	0	10842	2652	6102	0	9092	72	12300	0	2210	0	4128	0	3158	0	9658	754	1822	0	112	0	220	0	0	5866	2786	0	0	0	0	0	0	0	96	0	406	0	0	0	0	0	1032	0	0	0	750	0	96	0	0	0	0	0	0	0	80	0	0	0	0	0	0	0	0	0	0	0	88	0	0	0	0	0	
315320	Precuneus_R	0	6194	0	0	0	0	0	0	0	0	0	0	0	0	0	0	0	844	0	0	0	0	0	0	0	0	0	0	0	706	0	0	570	2052	1760	10310	1036	2816	242	2478	0	0	180	19474	394	26204	0	6834	0	15210	0	5652	0	1918	104	4034	0	10924	0	10386	0	780	0	3240	0	1102	5866	0	364	6656	0	0	0	0	0	0	118	0	0	104	0	1406	0	0	0	2390	0	0	0	4102	0	0	0	0	0	0	0	376	0	0	0	0	0	0	0	0	0	0	0	0	834	0	0	0	0	0	
316120	Paracentral_Lobule_L	21942	2966	5600	886	0	0	138	0	0	0	0	0	0	0	0	0	316	0	12310	17748	0	0	0	0	0	0	0	0	1834	0	0	0	3978	11724	2192	1832	2612	1936	380	514	0	0	0	300	178	84	0	0	1136	74	2532	0	106	70	844	282	4082	3472	172	74	704	230	284	878	384	0	2786	364	0	15200	3650	78	3060	0	3372	0	20388	380	742	0	336	356	0	0	1154	0	0	0	1216	184	0	0	0	0	0	0	0	0	0	0	0	0	0	0	0	0	0	0	0	0	0	0	0	0	0	0	
298176	Paracentral_Lobule_R	440	21794	224	310	0	0	0	0	0	0	0	0	0	0	0	0	0	120	3460	33860	0	0	0	0	0	0	0	0	0	128	0	74	2528	12294	438	1096	0	1376	0	360	0	0	0	2720	0	1524	0	322	0	456	0	742	0	152	0	368	0	15938	0	1660	0	656	0	970	0	0	0	6656	15200	0	1008	7842	0	0	116	0	798	12800	0	92	0	116	0	0	0	182	0	0	0	268	0	0	0	0	0	0	0	0	0	0	0	0	0	0	0	0	0	0	0	0	0	0	0	0	0	0	
227712	Caudate_L	2518	1300	5380	3326	354	0	264	586	0	0	3454	2706	484	618	262	162	3968	1926	5510	4060	4988	5094	96	440	0	78	2546	1094	6556	3718	7688	4718	0	232	0	0	80	242	0	154	0	0	0	0	0	0	0	0	0	0	0	0	0	0	0	0	80	0	0	0	0	0	0	0	0	0	0	0	3650	1008	0	11784	12122	1760	1006	0	5012	0	142	0	232	0	1960	498	0	0	0	0	0	0	0	0	0	0	0	0	0	0	0	0	0	0	0	0	0	0	0	0	0	0	0	0	0	0	0	0	
336636	Caudate_R	360	8962	1464	8918	68	316	528	500	0	0	1932	6412	82	3988	0	1404	1894	3876	3272	21796	2990	4430	324	1766	0	2128	1746	2164	2990	8196	3536	18926	86	886	0	0	0	0	0	0	0	0	0	0	0	0	0	0	0	0	0	0	0	0	0	0	0	642	0	0	0	0	0	0	0	0	0	0	78	7842	11784	0	2296	13692	0	1592	366	11858	0	0	202	0	1286	740	0	0	0	0	0	0	0	0	0	0	0	0	0	0	0	0	0	0	0	0	0	0	0	0	0	0	0	0	0	0	0	0	
260156	Putamen_L	10858	1192	13528	1908	2040	0	1260	500	568	0	2842	562	118	182	2142	0	5286	552	11628	3110	470	418	1254	112	758	0	366	254	18868	898	7588	1512	0	184	0	0	5168	102	1658	0	176	0	0	0	0	0	0	0	0	0	0	0	0	0	1428	0	960	0	0	0	0	0	0	0	0	0	0	0	3060	0	12122	2296	0	454	5952	0	1880	0	904	0	476	0	1120	256	0	0	0	0	828	0	0	0	0	0	0	0	280	0	0	0	0	0	0	0	0	0	0	0	0	0	0	0	0	0	0	0	
186272	Putamen_R	0	2512	356	5306	0	1024	164	2122	0	0	142	3502	0	1014	0	304	244	8034	726	5134	364	378	0	1978	0	2730	256	1124	378	13124	1734	6678	0	70	0	0	0	7778	0	2708	0	1052	0	0	0	0	0	92	0	0	0	0	0	0	0	572	0	1562	0	0	0	0	0	0	0	0	0	0	0	0	1760	13692	454	0	0	2292	0	310	0	0	0	172	0	1294	0	0	0	0	0	0	0	0	0	0	0	0	0	0	0	0	0	0	0	0	0	0	0	0	0	0	0	0	0	0	0	0	
43620	Pallidum_L	2304	130	1196	140	0	0	650	0	0	0	514	0	0	0	0	0	850	0	1266	654	0	0	0	0	0	0	0	0	1216	0	0	152	0	0	0	0	116	0	0	0	0	0	0	0	0	0	0	0	0	0	0	0	0	0	0	0	206	0	0	0	0	0	0	0	0	0	0	0	3372	116	1006	0	5952	0	0	0	1532	0	0	0	0	0	438	0	0	0	0	0	0	0	0	0	0	0	0	0	0	0	0	0	0	0	0	0	0	0	0	0	0	0	0	0	0	0	0	0	
19992	Pallidum_R	0	276	0	2382	0	0	0	580	0	0	0	0	0	0	0	0	0	250	0	1372	0	0	0	0	0	0	0	0	0	98	0	0	0	0	0	0	0	568	0	268	0	0	0	0	0	0	0	0	0	0	0	0	0	0	0	318	0	0	0	0	0	0	0	0	0	0	0	0	0	0	0	1592	0	2292	0	0	0	0	0	0	0	0	0	0	0	0	0	0	0	0	0	0	0	0	0	0	0	0	0	0	0	0	0	0	0	0	0	0	0	0	0	0	0	0	0	0	
148700	Thalamus_L	15070	698	296	0	0	0	172	0	0	0	224	0	0	0	0	0	304	0	384	908	0	0	0	0	0	0	0	0	3248	0	134	0	0	0	126	2914	5246	3688	326	2198	0	0	0	0	0	0	166	82	0	0	0	0	0	0	254	280	76	88	0	0	0	0	0	134	0	0	96	118	20388	798	5012	366	1880	0	1532	0	0	4462	368	0	172	0	158	0	638	0	0	0	1346	0	0	0	0	0	0	0	0	0	0	0	0	0	0	0	0	0	0	0	0	0	0	0	0	0	0	0	
174396	Thalamus_R	0	23072	0	5422	0	0	0	0	0	0	0	0	0	0	0	0	0	0	0	20358	0	0	0	0	0	0	0	0	0	230	0	0	0	0	0	368	0	4636	0	2040	0	0	0	0	0	0	0	586	0	0	0	0	0	0	0	204	0	174	0	0	0	0	0	298	0	0	0	0	380	12800	0	11858	0	310	0	0	4462	0	0	0	0	0	0	0	0	0	0	0	0	0	0	0	0	0	0	0	0	0	0	0	0	0	0	0	0	0	0	0	0	0	0	0	0	0	0	0	
79568	Heschl_L	4122	0	1386	0	0	0	0	0	0	0	252	0	0	0	0	0	4240	0	1434	180	0	0	0	0	0	0	0	0	6542	0	0	0	0	0	520	752	4010	392	228	198	0	0	144	0	150	0	0	0	96	0	1540	0	212	0	1016	0	2570	0	0	0	0	0	348	0	0	0	406	0	742	0	142	0	904	0	0	0	368	0	0	0	2004	0	128	0	2656	0	0	0	2102	0	0	0	0	0	0	0	0	0	0	0	0	0	0	0	0	0	0	0	0	0	0	0	0	0	0	0	
21836	Heschl_R	0	108	0	0	0	0	0	0	0	0	0	0	0	0	0	0	0	1238	0	0	0	0	0	0	0	0	0	0	0	1906	0	0	0	0	0	0	0	856	0	134	0	0	0	0	0	0	0	0	0	206	0	0	0	0	0	194	0	362	0	0	0	0	0	116	0	0	0	104	0	92	0	0	0	0	0	0	0	0	0	0	0	3958	0	0	0	1218	0	0	0	426	0	0	0	0	0	0	0	0	0	0	0	0	0	0	0	0	0	0	0	0	0	0	0	0	0	0	
132316	Temporal_Sup_L	1156	0	1978	0	0	0	0	0	0	0	548	0	0	0	0	0	5346	0	1990	0	0	0	0	0	0	0	0	0	4290	0	0	196	0	0	0	0	3038	0	84	0	0	0	0	0	0	0	0	0	810	0	1760	0	156	0	2176	0	3480	0	0	0	1498	0	5968	0	1134	0	0	0	336	0	232	202	476	0	0	0	172	0	2004	0	0	0	2596	0	17018	0	0	0	6956	0	280	0	0	0	0	0	0	0	278	0	0	0	0	0	0	0	0	0	0	0	0	0	0	0	0	0	
103296	Temporal_Sup_R	0	272	0	0	0	0	0	0	0	0	0	0	0	0	0	124	0	1110	0	0	0	0	0	0	0	0	0	0	0	3636	0	0	0	0	0	0	0	1846	0	444	0	0	0	326	0	1196	0	0	0	1362	0	408	0	72	0	2666	0	330	0	326	0	2450	0	6004	0	2926	0	1406	356	116	0	0	0	172	0	0	0	0	0	3958	0	0	0	3008	0	12608	0	0	0	4526	0	0	0	0	0	0	0	0	0	0	0	0	0	0	0	0	0	0	0	0	0	0	0	0	0	0	
131148	Temporal_Pole_Sup_L	694	0	2712	382	144	0	254	0	0	0	7458	70	348	0	986	0	7194	0	1992	260	802	0	0	128	0	0	0	0	9984	140	480	878	0	0	0	0	1936	0	964	0	2034	0	0	0	0	0	0	0	0	0	72	0	0	0	2794	0	456	0	128	0	250	0	0	0	0	0	0	0	0	0	1960	1286	1120	0	438	0	158	0	128	0	2596	0	0	0	7044	0	3326	0	3978	0	0	0	0	0	0	0	0	0	0	0	0	0	0	0	0	0	0	0	0	0	0	0	0	0	0	0	
117832	Temporal_Pole_Sup_R	0	0	130	2334	0	0	106	398	0	0	74	6718	0	142	0	136	108	6858	542	2846	0	224	0	88	0	0	0	78	228	7606	194	950	0	202	0	0	0	1586	0	1754	0	4134	0	0	0	0	0	0	0	0	0	0	0	0	0	6566	0	0	0	0	0	0	0	0	0	0	0	0	0	0	498	740	256	1294	0	0	0	0	0	0	0	3008	0	0	0	2248	0	3602	0	3268	0	0	0	0	0	0	0	0	0	0	0	0	0	0	0	0	0	0	0	0	0	0	0	0	0	0	
264448	Temporal_Mid_L	414	0	0	0	0	0	0	0	0	0	0	0	0	0	0	0	518	0	0	0	0	0	0	0	0	0	0	0	940	0	0	0	0	0	732	102	4062	0	116	0	848	0	492	0	364	0	76	0	5766	0	25170	0	1980	0	11654	0	432	0	0	0	1384	0	2784	0	5106	0	1032	0	1154	0	0	0	0	0	0	0	638	0	2656	0	17018	0	7044	0	0	0	3408	0	35750	0	294	0	0	0	0	0	0	0	290	0	0	0	0	0	0	0	0	0	0	0	0	0	0	0	0	0	
172152	Temporal_Mid_R	0	744	0	0	0	0	0	0	0	0	0	0	0	0	0	126	0	128	0	0	0	0	0	0	0	0	0	0	0	3004	0	0	0	0	0	120	0	1552	0	94	0	234	0	2316	0	2174	0	902	0	9388	0	9970	0	2812	0	5708	0	556	0	218	0	698	0	1506	0	5868	0	2390	0	182	0	0	0	0	0	0	0	0	0	1218	0	12608	0	2248	0	0	0	728	0	18584	0	0	0	0	0	0	0	0	0	0	0	0	0	0	0	0	0	0	0	0	0	0	0	0	0	0	
23568	Temporal_Pole_Mid_L	0	0	0	0	0	0	0	0	0	0	0	0	0	0	0	0	0	0	0	0	0	0	0	0	0	0	0	0	0	0	0	0	0	0	0	0	390	0	0	0	384	0	0	0	0	0	0	0	0	0	0	0	0	0	1488	0	0	0	0	0	0	0	0	0	0	0	0	0	0	0	0	0	0	0	0	0	0	0	0	0	0	0	3326	0	3408	0	0	0	2788	0	0	0	0	0	0	0	0	0	0	0	0	0	0	0	0	0	0	0	0	0	0	0	0	0	0	0	
30464	Temporal_Pole_Mid_R	0	0	0	0	0	0	0	0	0	0	0	0	0	0	0	0	0	0	0	0	0	0	0	0	0	0	0	0	0	0	0	0	0	0	0	0	0	836	0	560	0	868	0	0	0	0	0	0	0	0	0	0	0	0	0	4178	0	0	0	0	0	0	0	0	0	0	0	0	0	0	0	0	0	0	0	0	0	0	0	0	0	0	0	3602	0	728	0	0	0	4460	0	0	0	0	0	0	0	0	0	0	0	0	0	0	0	0	0	0	0	0	0	0	0	0	0	0	
266936	Temporal_Inf_L	588	0	0	0	0	0	0	0	0	0	0	0	0	0	0	0	450	0	0	0	0	0	0	0	0	0	0	0	1528	0	0	0	0	0	538	156	8930	98	1380	76	1824	0	376	0	256	0	470	0	2616	0	12122	0	4258	0	21270	0	460	0	0	0	3332	0	4598	0	2326	0	750	0	1216	0	0	0	828	0	0	0	1346	0	2102	0	6956	0	3978	0	35750	0	2788	0	0	0	4994	0	1208	0	0	0	582	0	2548	0	196	0	444	0	130	0	0	0	0	0	0	0	0	0	0	0	
170464	Temporal_Inf_R	0	1004	0	0	0	0	0	0	0	0	0	0	0	0	0	0	0	90	0	0	0	0	0	0	0	0	0	0	82	1276	0	0	0	0	356	1336	0	4474	0	414	0	866	0	2540	0	2754	0	1008	0	6210	0	2366	0	2994	0	17608	0	784	0	126	0	290	0	778	0	852	0	4102	184	268	0	0	0	0	0	0	0	0	0	426	0	4526	0	3268	0	18584	0	4460	0	0	0	1070	0	0	0	0	0	0	0	136	0	0	0	0	0	0	0	0	0	0	0	0	0	0	0	0	
498020	Cerebelum_Crus1_L	0	0	0	0	0	0	0	0	0	0	0	0	0	0	0	0	0	0	0	0	0	0	0	0	0	0	0	0	0	0	0	0	0	0	0	0	464	0	534	0	0	0	212	0	0	0	8644	846	0	0	264	0	784	0	31660	470	0	0	0	0	0	0	0	0	0	0	96	0	0	0	0	0	0	0	0	0	0	0	0	0	280	0	0	0	294	0	0	0	4994	0	0	3512	34244	5420	1516	254	22538	1018	63076	4958	13424	346	17944	1312	3454	894	0	206	212	396	4010	5620	10592	3244	1048	230	
557364	Cerebelum_Crus1_R	0	0	0	0	0	0	0	0	0	0	0	0	0	0	0	0	0	0	0	0	0	0	0	0	0	0	0	0	0	0	0	0	0	0	0	0	0	158	0	290	0	0	0	0	0	0	2492	2030	0	0	110	0	0	132	448	16132	0	0	0	0	0	0	0	0	0	0	0	0	0	0	0	0	0	0	0	0	0	0	0	0	0	0	0	0	0	0	0	0	0	1070	3512	0	3474	39596	814	4302	2936	21948	4926	67000	562	6024	974	27718	390	6582	0	728	1614	5082	9602	12632	21378	7398	6266	362	
325748	Cerebelum_Crus2_L	0	0	0	0	0	0	0	0	0	0	0	0	0	0	0	0	0	0	0	0	0	0	0	0	0	0	0	0	0	0	0	0	0	0	0	0	0	0	0	0	0	0	0	0	0	0	1290	240	0	0	0	0	0	0	2280	128	0	0	0	0	0	0	0	0	0	0	0	0	0	0	0	0	0	0	0	0	0	0	0	0	0	0	0	0	0	0	0	0	1208	0	34244	3474	0	13478	256	0	1618	72	6740	1608	36076	4734	31858	2068	1984	194	0	0	0	0	298	1982	11630	5158	256	0	
469348	Cerebelum_Crus2_R	0	0	0	0	0	0	0	0	0	0	0	0	0	0	0	0	0	0	0	0	0	0	0	0	0	0	0	0	0	0	0	0	0	0	0	0	0	0	0	0	0	0	0	0	0	0	1972	190	0	0	0	0	0	0	168	1886	0	0	0	0	0	0	0	0	0	0	0	0	0	0	0	0	0	0	0	0	0	0	0	0	0	0	0	0	0	0	0	0	0	0	5420	39596	13478	0	1246	1082	1614	2704	3574	12518	9616	21204	10650	42660	2232	4830	0	660	922	2104	2082	4134	25826	15794	6310	202	
70880	Cerebelum_3_L	0	0	0	0	0	0	0	0	0	0	0	0	0	0	0	0	0	0	0	0	0	0	0	0	0	0	0	0	0	0	0	0	0	0	0	0	0	0	0	0	0	0	0	0	0	0	248	0	0	0	0	0	0	0	260	0	0	0	0	0	0	0	0	0	0	0	0	0	0	0	0	0	0	0	0	0	0	0	0	0	0	0	0	0	0	0	0	0	0	0	1516	814	256	1246	0	522	8110	150	2900	618	182	0	378	1018	3430	148	166	0	1438	4120	2188	1314	1420	1826	1086	86	
85860	Cerebelum_3_R	0	0	0	0	0	0	0	0	0	0	0	0	0	0	0	0	0	0	0	0	0	0	0	0	0	0	0	0	0	0	0	0	0	0	0	0	0	0	70	0	0	0	0	0	0	0	172	0	0	0	0	0	0	0	130	1022	0	0	0	0	0	0	0	0	0	0	0	0	0	0	0	0	0	0	0	0	0	0	0	0	0	0	0	0	0	0	0	0	0	0	254	4302	0	1082	522	0	876	5898	678	8652	0	0	88	1084	194	1408	0	0	2398	6506	1592	958	1362	1664	1720	298	
364832	Cerebelum_4_5_L	0	0	0	0	0	0	0	0	0	0	0	0	0	0	0	0	102	0	0	0	0	0	0	0	0	0	0	0	364	0	0	0	0	0	0	0	540	0	1654	0	0	0	0	100	0	0	12418	2082	0	0	0	0	210	244	18580	1568	0	0	0	0	0	0	0	0	0	0	0	0	0	0	0	0	280	0	0	0	0	0	0	0	0	0	0	0	0	0	0	0	582	0	22538	2936	1618	1614	8110	876	0	5682	42954	7358	1764	0	2844	1088	8220	746	784	0	708	2804	18958	4352	2412	2446	1822	1058	
268252	Cerebelum_4_5_R	0	0	0	0	0	0	0	0	0	0	0	0	0	0	0	0	0	0	0	0	0	0	0	0	0	0	0	0	0	0	0	0	0	0	0	0	0	434	0	1704	0	0	0	282	0	0	2826	6444	0	0	0	84	0	594	500	11350	0	0	0	0	0	0	0	0	0	0	0	376	0	0	0	0	0	0	0	0	0	0	0	0	0	0	0	0	0	0	0	0	0	0	1018	21948	72	2704	150	5898	5682	0	2394	38846	0	0	96	2684	150	1436	0	442	142	3344	16740	1224	1732	1340	1318	172	
551896	Cerebelum_6_L	0	0	0	0	0	0	0	0	0	0	0	0	0	0	0	0	0	0	0	0	0	0	0	0	0	0	0	0	0	0	0	0	0	0	0	0	478	0	950	0	0	0	340	0	0	0	23598	2404	0	0	550	0	780	0	42996	746	0	0	0	0	0	0	0	0	0	0	80	0	0	0	0	0	0	0	0	0	0	0	0	0	278	0	0	0	290	0	0	0	2548	0	63076	4926	6740	3574	2900	678	42954	2394	0	8036	4154	652	5192	1028	4368	1690	314	74	766	1026	12036	14906	10490	3786	2472	1678	
578540	Cerebelum_6_R	0	0	0	0	0	0	0	0	0	0	0	0	0	0	0	0	0	0	0	0	0	0	0	0	0	0	0	0	0	0	0	0	0	0	0	0	0	100	0	362	0	0	80	388	0	0	3992	7978	0	0	136	0	0	690	962	23160	0	0	0	0	0	0	0	0	0	0	0	0	0	0	0	0	0	0	0	0	0	0	0	0	0	0	0	0	0	0	0	0	0	136	4958	67000	1608	12518	618	8652	7358	38846	8036	0	218	800	678	12872	286	6460	0	1122	1844	6570	19198	17442	19680	7680	6436	406	
276724	Cerebelum_7b_L	0	0	0	0	0	0	0	0	0	0	0	0	0	0	0	0	0	0	0	0	0	0	0	0	0	0	0	0	0	0	0	0	0	0	0	0	0	0	0	0	0	0	0	0	0	0	438	88	0	0	0	0	0	0	246	0	0	0	0	0	0	0	0	0	0	0	0	0	0	0	0	0	0	0	0	0	0	0	0	0	0	0	0	0	0	0	0	0	196	0	13424	562	36076	9616	182	0	1764	0	4154	218	0	4034	40086	4088	1548	256	240	0	0	0	98	706	10616	9336	390	0	
150856	Cerebelum_7b_R	0	0	0	0	0	0	0	0	0	0	0	0	0	0	0	0	0	0	0	0	0	0	0	0	0	0	0	0	0	0	0	0	0	0	0	0	0	0	0	0	0	0	0	0	0	0	638	0	0	0	0	0	0	0	0	232	0	0	0	0	0	0	0	0	0	0	0	0	0	0	0	0	0	0	0	0	0	0	0	0	0	0	0	0	0	0	0	0	0	0	346	6024	4734	21204	0	0	0	0	652	800	4034	0	3126	20468	278	574	0	0	0	0	0	534	5944	5254	586	0	
365068	Cerebelum_8_L	0	0	0	0	0	0	0	0	0	0	0	0	0	0	0	0	0	0	0	0	0	0	0	0	0	0	0	0	0	0	0	0	0	0	0	0	0	0	0	0	0	0	0	0	0	0	476	122	0	0	0	0	0	0	886	108	0	0	0	0	0	0	0	0	0	0	0	0	0	0	0	0	0	0	0	0	0	0	0	0	0	0	0	0	0	0	0	0	444	0	17944	974	31858	10650	378	88	2844	96	5192	678	40086	3126	0	9000	18826	1916	1844	148	112	112	552	1510	11394	17744	3336	90	
398512	Cerebelum_8_R	0	0	0	0	0	0	0	0	0	0	0	0	0	0	0	0	0	0	0	0	0	0	0	0	0	0	0	0	0	0	0	0	0	0	0	0	0	0	0	0	0	0	0	0	0	0	386	0	0	0	0	0	0	0	120	3210	0	0	0	0	0	0	0	0	0	0	0	0	0	0	0	0	0	0	0	0	0	0	0	0	0	0	0	0	0	0	0	0	0	0	1312	27718	2068	42660	1018	1084	1088	2684	1028	12872	4088	20468	9000	0	2334	21832	0	1296	1084	2204	1986	1262	10374	16686	8758	636	
145868	Cerebelum_9_L	0	0	0	0	0	0	0	0	0	0	0	0	0	0	0	0	0	0	0	0	0	0	0	0	0	0	0	0	0	0	0	0	0	0	0	0	0	0	178	0	0	0	0	0	0	0	360	0	0	0	0	0	0	0	762	0	0	0	0	0	0	0	0	0	0	0	0	0	0	0	0	0	0	0	0	0	0	0	0	0	0	0	0	0	0	0	0	0	130	0	3454	390	1984	2232	3430	194	8220	150	4368	286	1548	278	18826	2334	0	1390	3164	0	190	708	2950	3106	3534	5534	2680	554	
204444	Cerebelum_9_R	0	0	0	0	0	0	0	0	0	0	0	0	0	0	0	0	0	0	0	0	0	0	0	0	0	0	0	0	0	0	0	0	0	0	0	0	0	0	0	0	0	0	0	0	0	0	658	126	0	0	0	0	0	0	364	872	0	0	0	0	0	0	0	0	0	0	0	0	0	0	0	0	0	0	0	0	0	0	0	0	0	0	0	0	0	0	0	0	0	0	894	6582	194	4830	148	1408	746	1436	1690	6460	256	574	1916	21832	1390	0	0	1712	2558	1720	2252	6212	8110	10356	13472	3454	
14136	Cerebelum_10_L	0	0	0	0	0	0	0	0	0	0	0	0	0	0	0	0	0	0	0	0	0	0	0	0	0	0	0	0	0	0	0	0	0	0	0	0	0	0	0	0	0	0	0	0	0	0	0	0	0	0	0	0	0	0	0	0	0	0	0	0	0	0	0	0	0	0	0	0	0	0	0	0	0	0	0	0	0	0	0	0	0	0	0	0	0	0	0	0	0	0	0	0	0	0	166	0	784	0	314	0	240	0	1844	0	3164	0	0	0	0	80	198	278	0	0	0	0	
19396	Cerebelum_10_R	0	0	0	0	0	0	0	0	0	0	0	0	0	0	0	0	0	0	0	0	0	0	0	0	0	0	0	0	0	0	0	0	0	0	0	0	0	0	0	0	0	0	0	0	0	0	0	0	0	0	0	0	0	0	0	314	0	0	0	0	0	0	0	0	0	0	0	0	0	0	0	0	0	0	0	0	0	0	0	0	0	0	0	0	0	0	0	0	0	0	206	728	0	660	0	0	0	442	74	1122	0	0	148	1296	0	1712	0	0	0	80	0	438	762	790	926	0	
64236	Vermis_1_2	0	0	0	0	0	0	0	0	0	0	0	0	0	0	0	0	0	0	0	0	0	0	0	0	0	0	0	0	0	0	0	0	0	0	0	0	0	0	78	0	0	0	0	0	0	0	286	0	0	0	0	0	0	0	150	0	0	0	0	0	0	0	0	0	0	0	0	0	0	0	0	0	0	0	0	0	0	0	0	0	0	0	0	0	0	0	0	0	0	0	212	1614	0	922	1438	2398	708	142	766	1844	0	0	112	1084	190	2558	0	0	0	7556	872	1644	1598	2356	2592	998	
116640	Vermis_3	0	0	0	0	0	0	0	0	0	0	0	0	0	0	0	0	0	0	0	0	0	0	0	0	0	0	0	0	0	0	0	0	0	0	0	0	162	0	336	0	0	0	0	0	0	0	308	0	0	0	0	0	0	0	104	258	0	0	0	0	0	0	0	0	0	0	0	0	0	0	0	0	0	0	0	0	0	0	0	0	0	0	0	0	0	0	0	0	0	0	396	5082	0	2104	4120	6506	2804	3344	1026	6570	0	0	112	2204	708	1720	80	80	7556	0	3598	1348	1786	2882	2676	450	
283796	Vermis_4_5	0	0	0	0	0	0	0	0	0	0	0	0	0	0	0	0	0	0	0	0	0	0	0	0	0	0	0	0	0	0	0	0	0	0	184	530	220	508	140	492	0	0	90	308	0	106	6678	6880	0	0	0	88	0	440	2546	4848	0	0	0	0	0	0	0	0	0	0	88	834	0	0	0	0	0	0	0	0	0	0	0	0	0	0	0	0	0	0	0	0	0	0	4010	9602	298	2082	2188	1592	18958	16740	12036	19198	98	0	552	1986	2950	2252	198	0	872	3598	0	6868	1982	2628	3518	2712	
294780	Vermis_6	0	0	0	0	0	0	0	0	0	0	0	0	0	0	0	0	0	0	0	0	0	0	0	0	0	0	0	0	0	0	0	0	0	0	0	0	0	0	82	0	0	0	248	438	0	0	8464	6128	0	0	300	0	96	92	1694	3340	0	0	0	0	0	0	0	0	0	0	0	0	0	0	0	0	0	0	0	0	0	0	0	0	0	0	0	0	0	0	0	0	0	0	5620	12632	1982	4134	1314	958	4352	1224	14906	17442	706	534	1510	1262	3106	6212	278	438	1644	1348	6868	0	19540	7082	7384	4032	
454916	Vermis_7	0	0	0	0	0	0	0	0	0	0	0	0	0	0	0	0	0	0	0	0	0	0	0	0	0	0	0	0	0	0	0	0	0	0	0	0	0	0	0	0	0	0	108	112	0	0	5156	2284	0	0	188	0	0	0	824	2282	0	0	0	0	0	0	0	0	0	0	0	0	0	0	0	0	0	0	0	0	0	0	0	0	0	0	0	0	0	0	0	0	0	0	10592	21378	11630	25826	1420	1362	2412	1732	10490	19680	10616	5944	11394	10374	3534	8110	0	762	1598	1786	1982	19540	0	21942	11270	1130	
