data	data	421372	302528	1.05747e+06	824876	105072	105628	501964	257072	81012	42652	208980	159188	236412	183680	238292	105456	222000	150636	878420	807132	99072	116772	429448	473652	40600	144808	73712	133108	617936	428020	333840	592728	200532	657492	101348	130640	181692	207868	61884	135144	29280	61732	225008	316456	227932	274752	316204	289376	176816	296372	432932	248648	184016	60152	404272	413192	267516	208960	106752	98460	191564	122780	96600	92988	145764	95148	304012	422168	116076	134456	303812	469556	302904	332184	42004	33688	142980	137164	43188	24932	196928	135140	81292	72648	227804	175652	17556	38944	237740	178408	459848	396672	268672	264188	28820	41984	323348	217700	481404	427800	160024	92156	206048	213976	124300	104436	9752	7472	16628	47416	252360	214872	208532	123556	61336	29260	
data	data	Precentral_L	Precentral_R	Frontal_Sup_L	Frontal_Sup_R	Frontal_Sup_Orb_L	Frontal_Sup_Orb_R	Frontal_Mid_L	Frontal_Mid_R	Frontal_Mid_Orb_L	Frontal_Mid_Orb_R	Frontal_Inf_Oper_L	Frontal_Inf_Oper_R	Frontal_Inf_Tri_L	Frontal_Inf_Tri_R	Frontal_Inf_Orb_L	Frontal_Inf_Orb_R	Rolandic_Oper_L	Rolandic_Oper_R	Supp_Motor_Area_L	Supp_Motor_Area_R	Olfactory_L	Olfactory_R	Frontal_Sup_Medial_L	Frontal_Sup_Medial_R	Frontal_Med_Orb_L	Frontal_Med_Orb_R	Rectus_L	Rectus_R	Insula_L	Insula_R	Cingulum_Ant_L	Cingulum_Ant_R	Cingulum_Mid_L	Cingulum_Mid_R	Cingulum_Post_L	Cingulum_Post_R	Hippocampus_L	Hippocampus_R	ParaHippocampal_L	ParaHippocampal_R	Amygdala_L	Amygdala_R	Calcarine_L	Calcarine_R	Cuneus_L	Cuneus_R	Lingual_L	Lingual_R	Occipital_Sup_L	Occipital_Sup_R	Occipital_Mid_L	Occipital_Mid_R	Occipital_Inf_L	Occipital_Inf_R	Fusiform_L	Fusiform_R	Postcentral_L	Postcentral_R	Parietal_Sup_L	Parietal_Sup_R	Parietal_Inf_L	Parietal_Inf_R	SupraMarginal_L	SupraMarginal_R	Angular_L	Angular_R	Precuneus_L	Precuneus_R	Paracentral_Lobule_L	Paracentral_Lobule_R	Caudate_L	Caudate_R	Putamen_L	Putamen_R	Pallidum_L	Pallidum_R	Thalamus_L	Thalamus_R	Heschl_L	Heschl_R	Temporal_Sup_L	Temporal_Sup_R	Temporal_Pole_Sup_L	Temporal_Pole_Sup_R	Temporal_Mid_L	Temporal_Mid_R	Temporal_Pole_Mid_L	Temporal_Pole_Mid_R	Temporal_Inf_L	Temporal_Inf_R	Cerebelum_Crus1_L	Cerebelum_Crus1_R	Cerebelum_Crus2_L	Cerebelum_Crus2_R	Cerebelum_3_L	Cerebelum_3_R	Cerebelum_4_5_L	Cerebelum_4_5_R	Cerebelum_6_L	Cerebelum_6_R	Cerebelum_7b_L	Cerebelum_7b_R	Cerebelum_8_L	Cerebelum_8_R	Cerebelum_9_L	Cerebelum_9_R	Cerebelum_10_L	Cerebelum_10_R	Vermis_1_2	Vermis_3	Vermis_4_5	Vermis_6	Vermis_7	Vermis_8	Vermis_9	Vermis_10	
421372	Precentral_L	0	4622	18646	1742	0	0	23664	532	0	0	9980	0	660	0	0	0	10562	516	14012	3506	0	0	288	170	0	0	0	0	12104	134	314	322	2388	1636	1798	116	3440	228	0	0	0	0	356	0	1386	0	0	0	204	0	4234	0	736	0	1150	0	35594	1102	1654	0	6398	284	1728	542	2722	0	850	0	10308	312	3862	390	2222	396	1424	152	9700	434	1842	0	4600	0	0	0	2646	0	0	0	2078	0	0	0	0	0	0	0	0	0	0	0	0	0	0	0	0	0	0	0	0	0	0	0	0	0	0	0	
302528	Precentral_R	4622	0	4918	7372	0	0	1264	3984	0	0	142	5994	376	142	458	0	262	606	6046	15610	0	0	0	0	0	0	0	0	976	2254	0	0	386	2096	438	1014	278	2216	0	496	0	0	0	1202	120	1990	0	370	0	2072	0	508	0	0	0	1984	2492	20102	0	1408	148	1962	272	1474	0	0	882	4288	2370	8156	7562	3150	956	980	484	244	5650	13594	0	222	0	2076	0	0	0	1502	0	0	0	1094	0	0	0	0	0	0	0	0	0	0	0	0	0	0	0	0	0	0	0	0	0	0	0	0	0	0	
1.05747e+06	Frontal_Sup_L	18646	4918	0	11694	7076	0	69126	3896	5034	0	18472	248	14652	180	12240	0	13838	0	102256	20528	688	0	44668	12966	2662	324	1164	0	37530	238	16454	10984	5748	18360	276	0	3524	108	0	0	0	0	0	0	0	0	0	0	0	0	142	0	0	0	182	0	6508	150	0	0	380	0	874	0	266	0	0	0	264	684	9634	2722	24356	836	5508	460	7674	566	544	0	4884	0	3054	0	250	0	0	0	300	0	0	0	0	0	0	0	0	0	0	0	0	0	0	0	0	0	0	0	0	0	0	0	0	0	0	0	
824876	Frontal_Sup_R	1742	7372	11694	0	0	4542	4270	37888	0	1072	204	8410	1342	11816	1674	4104	0	7152	17318	68856	0	1132	10614	42220	0	8378	0	4378	5448	17976	3960	34532	1656	31838	0	0	316	732	0	340	0	124	0	0	0	0	0	110	0	0	0	0	0	0	0	0	420	790	0	272	0	526	0	776	0	0	0	192	646	0	4788	27532	1766	13600	0	2394	1050	3668	0	612	0	196	0	0	0	0	0	0	0	0	0	0	0	0	0	0	0	0	0	0	0	0	0	0	0	0	0	0	0	0	0	0	0	0	0	0	
105072	Frontal_Sup_Orb_L	0	0	7076	0	0	0	736	0	9380	0	0	0	0	0	7408	0	0	0	0	0	3858	0	2170	0	4352	150	8000	0	2012	0	4536	0	0	0	0	0	0	0	0	0	206	0	0	0	0	0	0	0	0	0	0	0	0	0	0	0	0	0	0	0	0	0	0	0	0	0	0	0	0	0	524	0	2128	0	0	0	0	0	0	0	0	0	0	0	0	0	0	0	0	0	0	0	0	0	0	0	0	0	0	0	0	0	0	0	0	0	0	0	0	0	0	0	0	0	0	0	
105628	Frontal_Sup_Orb_R	0	0	0	4542	0	0	0	744	0	6148	0	0	0	1242	0	4518	0	0	0	134	0	3218	0	4170	0	8262	0	10278	0	1872	202	2166	0	0	0	0	0	0	0	0	0	266	0	0	0	0	0	0	0	0	0	0	0	0	0	0	0	0	0	0	0	0	0	0	0	0	0	0	0	0	0	3028	0	2024	0	0	0	0	0	0	0	0	0	0	0	0	0	0	0	0	0	0	0	0	0	0	0	0	0	0	0	0	0	0	0	0	0	0	0	0	0	0	0	0	0	0	
501964	Frontal_Mid_L	23664	1264	69126	4270	736	0	0	2180	4924	0	7330	0	23242	0	12146	0	3404	558	12706	2902	0	0	16672	3838	0	0	0	0	20268	192	4388	4368	2138	4314	126	0	708	122	0	0	0	0	0	0	0	0	0	0	0	0	0	0	0	0	0	0	2810	466	334	0	852	146	0	404	0	0	0	0	0	0	6784	1134	7576	652	0	316	1966	200	116	0	1374	0	266	0	0	0	0	0	0	0	0	0	0	0	0	0	0	0	0	0	0	0	0	0	0	0	0	0	0	0	0	0	0	0	0	0	
257072	Frontal_Mid_R	532	3984	3896	37888	0	744	2180	0	0	1080	186	6318	608	13316	826	3470	0	960	3162	8862	0	0	1382	7036	0	422	0	0	3710	7012	314	5228	292	5680	0	0	0	160	0	0	0	0	0	0	0	0	0	0	0	0	0	0	0	0	0	0	108	244	0	110	0	278	0	224	0	0	0	0	0	0	2450	1594	980	1802	0	0	0	1498	0	0	0	0	0	0	0	0	0	0	0	0	0	0	0	0	0	0	0	0	0	0	0	0	0	0	0	0	0	0	0	0	0	0	0	0	0	0	
81012	Frontal_Mid_Orb_L	0	0	5034	0	9380	0	4924	0	0	0	0	0	1360	0	13934	0	0	0	0	0	890	0	128	0	444	0	1768	0	824	0	276	0	0	0	0	0	0	0	0	0	0	0	0	0	0	0	0	0	0	0	0	0	0	0	0	0	0	0	0	0	0	0	0	0	0	0	0	0	0	0	0	0	1544	0	0	0	0	0	0	0	0	0	0	0	0	0	0	0	0	0	0	0	0	0	0	0	0	0	0	0	0	0	0	0	0	0	0	0	0	0	0	0	0	0	0	0	
42652	Frontal_Mid_Orb_R	0	0	0	1072	0	6148	0	1080	0	0	0	0	0	1056	0	7328	0	0	0	0	0	430	0	326	0	694	0	1116	0	1130	0	134	0	0	0	0	0	0	0	0	0	0	0	0	0	0	0	0	0	0	0	0	0	0	0	0	0	0	0	0	0	0	0	0	0	0	0	0	0	0	0	462	0	350	0	0	0	0	0	0	0	0	0	0	0	0	0	0	0	0	0	0	0	0	0	0	0	0	0	0	0	0	0	0	0	0	0	0	0	0	0	0	0	0	0	0	
208980	Frontal_Inf_Oper_L	9980	142	18472	204	0	0	7330	186	0	0	0	0	8902	0	106	0	11464	0	15266	180	0	0	396	230	0	0	0	0	16142	0	466	262	0	130	0	0	882	0	0	0	0	0	0	0	0	0	0	0	0	0	0	0	0	0	0	0	4564	0	0	0	166	0	0	0	0	0	0	0	0	0	236	0	1496	0	0	0	0	0	410	0	3774	0	2998	0	106	0	0	0	0	0	0	0	0	0	0	0	0	0	0	0	0	0	0	0	0	0	0	0	0	0	0	0	0	0	0	0	
159188	Frontal_Inf_Oper_R	0	5994	248	8410	0	0	0	6318	0	0	0	0	0	10338	0	196	0	4988	2648	6718	0	0	0	174	0	0	0	0	232	11262	108	888	0	4240	0	0	0	642	0	228	0	0	0	0	0	0	0	0	0	0	0	0	0	0	0	0	0	2388	0	0	0	262	0	208	0	0	0	0	0	0	188	5672	0	4502	0	122	0	1912	0	284	0	424	0	0	0	0	0	0	0	0	0	0	0	0	0	0	0	0	0	0	0	0	0	0	0	0	0	0	0	0	0	0	0	0	0	0	
236412	Frontal_Inf_Tri_L	660	376	14652	1342	0	0	23242	608	1360	0	8902	0	0	0	18922	0	826	0	9014	960	0	0	1824	642	0	0	0	0	20616	0	1828	1224	350	718	0	0	154	0	0	0	0	0	0	0	0	0	0	0	0	0	0	0	0	0	0	0	0	0	0	0	0	0	0	0	0	0	0	0	0	0	3646	1338	3752	252	0	0	0	0	0	0	0	0	998	0	0	0	0	0	0	0	0	0	0	0	0	0	0	0	0	0	0	0	0	0	0	0	0	0	0	0	0	0	0	0	0	0	
183680	Frontal_Inf_Tri_R	0	142	180	11816	0	1242	0	13316	0	1056	0	10338	0	0	0	6900	0	666	1236	4990	0	718	126	1742	0	312	0	756	140	22596	116	3330	0	2934	0	0	0	362	0	200	0	0	0	0	0	0	0	0	0	0	0	0	0	0	0	0	0	130	0	0	0	0	0	0	0	0	0	0	0	0	108	2200	0	4040	0	0	0	148	0	0	0	0	0	0	0	0	0	0	0	0	0	0	0	0	0	0	0	0	0	0	0	0	0	0	0	0	0	0	0	0	0	0	0	0	0	0	
238292	Frontal_Inf_Orb_L	0	458	12240	1674	7408	0	12146	826	13934	0	106	0	18922	0	0	0	0	0	3248	1084	3072	0	1546	466	0	0	1938	0	19266	0	1514	1070	392	930	0	0	318	0	0	0	110	0	0	0	0	0	0	0	0	0	0	0	0	0	0	0	0	0	0	0	0	0	0	0	0	0	0	0	0	0	5480	1340	7736	152	0	0	0	0	0	0	116	0	1168	0	108	0	232	0	146	0	0	0	0	0	0	0	0	0	0	0	0	0	0	0	0	0	0	0	0	0	0	0	0	0	0	0	
105456	Frontal_Inf_Orb_R	0	0	0	4104	0	4518	0	3470	0	7328	0	196	0	6900	0	0	0	0	118	718	0	2396	0	1076	0	706	0	2390	0	11202	0	748	0	572	0	0	0	172	0	0	0	378	0	0	0	0	0	0	0	0	0	0	0	0	0	0	0	0	0	0	0	0	0	0	0	0	0	0	0	0	0	1364	0	2998	0	0	0	0	0	0	0	570	0	670	0	134	0	0	0	0	0	0	0	0	0	0	0	0	0	0	0	0	0	0	0	0	0	0	0	0	0	0	0	0	0	0	
222000	Rolandic_Oper_L	10562	262	13838	0	0	0	3404	0	0	0	11464	0	826	0	0	0	0	0	12432	156	0	0	0	0	0	0	0	0	18534	0	0	0	0	0	0	0	344	0	0	0	0	0	116	0	780	0	0	0	0	0	1564	0	258	0	374	0	8202	0	0	0	402	0	1510	0	680	0	208	0	266	104	198	0	744	0	0	0	0	0	3668	0	12888	0	2032	0	3124	0	0	0	2060	0	0	0	0	0	0	0	0	0	0	0	0	0	0	0	0	0	0	0	0	0	0	0	0	0	0	0	
150636	Rolandic_Oper_R	516	606	0	7152	0	0	558	960	0	0	0	4988	0	666	0	0	0	0	860	6128	0	0	0	0	0	0	0	0	0	19118	0	132	0	2768	0	214	0	532	0	0	0	0	0	216	0	0	0	114	0	154	0	108	0	0	0	254	0	2550	0	0	0	310	0	3002	0	156	0	738	0	120	470	5180	0	4030	0	880	0	460	0	3998	0	5450	0	756	0	794	0	0	0	380	0	0	0	0	0	0	0	0	0	0	0	0	0	0	0	0	0	0	0	0	0	0	0	0	0	0	
878420	Supp_Motor_Area_L	14012	6046	102256	17318	0	0	12706	3162	0	0	15266	2648	9014	1236	3248	118	12432	860	0	45106	0	0	11776	6666	0	194	0	0	29562	1854	9084	11248	12788	34320	824	0	4102	132	0	0	0	0	0	0	0	0	0	0	0	0	152	0	0	0	216	0	6206	196	0	0	310	0	858	0	246	0	0	0	9094	1354	6336	6372	16848	1146	6010	334	6288	852	522	0	4324	0	2988	0	234	0	0	0	346	0	0	0	0	0	0	0	0	0	0	0	0	0	0	0	0	0	0	0	0	0	0	0	0	0	0	0	
807132	Supp_Motor_Area_R	3506	15610	20528	68856	0	134	2902	8862	0	0	180	6718	960	4990	1084	718	156	6128	45106	0	0	0	4874	13362	0	846	0	408	3466	11244	3194	22746	6660	53722	464	308	400	804	0	394	0	0	0	156	0	232	0	172	0	218	0	0	0	0	0	586	1024	2246	0	160	106	346	300	708	0	0	0	842	5488	15836	9204	28718	1358	10400	110	2364	6360	4848	0	624	0	916	0	0	0	494	0	0	0	420	0	0	0	0	0	0	0	0	0	0	0	0	0	0	0	0	0	0	0	0	0	0	0	0	0	0	
99072	Olfactory_L	0	0	688	0	3858	0	0	0	890	0	0	0	0	0	3072	0	0	0	0	0	0	6864	0	0	278	732	5594	1504	2922	0	2960	2592	0	0	0	0	492	0	146	0	800	0	0	0	0	0	0	0	0	0	0	0	0	0	0	0	0	0	0	0	0	0	0	0	0	0	0	0	0	0	7824	3160	3876	1046	0	0	0	0	0	0	0	0	238	0	0	0	0	0	0	0	0	0	0	0	0	0	0	0	0	0	0	0	0	0	0	0	0	0	0	0	0	0	0	0	0	0	
116772	Olfactory_R	0	0	0	1132	0	3218	0	0	0	430	0	0	0	718	0	2396	0	0	0	0	6864	0	0	1336	0	2438	2732	6932	0	3410	2186	3246	0	0	0	0	0	312	0	110	0	1186	0	0	0	0	0	0	0	0	0	0	0	0	0	0	0	0	0	0	0	0	0	0	0	0	0	0	0	0	7510	5796	3382	2890	0	0	0	162	0	0	0	0	0	0	0	0	0	0	0	0	0	0	0	0	0	0	0	0	0	0	0	0	0	0	0	0	0	0	0	0	0	0	0	0	0	0	
429448	Frontal_Sup_Medial_L	288	0	44668	10614	2170	0	16672	1382	128	0	396	0	1824	126	1546	0	0	0	11776	4874	0	0	0	29804	3666	1686	240	164	2620	222	27156	22352	7500	16990	0	0	0	0	0	0	0	0	0	0	0	0	0	0	0	0	0	0	0	0	0	0	0	0	0	0	0	0	0	0	0	0	0	0	0	0	1132	1932	1872	652	0	0	0	272	0	0	0	0	0	0	0	0	0	0	0	0	0	0	0	0	0	0	0	0	0	0	0	0	0	0	0	0	0	0	0	0	0	0	0	0	0	0	
473652	Frontal_Sup_Medial_R	170	0	12966	42220	0	4170	3838	7036	0	326	230	174	642	1742	466	1076	0	0	6666	13362	0	1336	29804	0	1078	13774	0	5788	1152	2632	11298	35448	2290	18158	0	0	0	0	0	0	0	130	0	0	0	0	0	0	0	0	0	0	0	0	0	0	0	0	0	0	0	0	0	0	0	0	0	0	0	0	384	10076	180	7714	0	0	0	500	0	0	0	0	0	0	0	0	0	0	0	0	0	0	0	0	0	0	0	0	0	0	0	0	0	0	0	0	0	0	0	0	0	0	0	0	0	0	
40600	Frontal_Med_Orb_L	0	0	2662	0	4352	0	0	0	444	0	0	0	0	0	0	0	0	0	0	0	278	0	3666	1078	0	1330	1876	0	0	0	4140	0	0	0	0	0	0	0	0	0	0	0	0	0	0	0	0	0	0	0	0	0	0	0	0	0	0	0	0	0	0	0	0	0	0	0	0	0	0	0	120	0	354	0	0	0	0	0	0	0	0	0	0	0	0	0	0	0	0	0	0	0	0	0	0	0	0	0	0	0	0	0	0	0	0	0	0	0	0	0	0	0	0	0	0	0	
144808	Frontal_Med_Orb_R	0	0	324	8378	150	8262	0	422	0	694	0	0	0	312	0	706	0	0	194	846	732	2438	1686	13774	1330	0	706	11768	0	730	1988	7070	0	320	0	0	0	0	0	0	0	124	0	0	0	0	0	0	0	0	0	0	0	0	0	0	0	0	0	0	0	0	0	0	0	0	0	0	0	0	464	4460	140	4386	0	0	0	0	0	0	0	0	0	0	0	0	0	0	0	0	0	0	0	0	0	0	0	0	0	0	0	0	0	0	0	0	0	0	0	0	0	0	0	0	0	0	
73712	Rectus_L	0	0	1164	0	8000	0	0	0	1768	0	0	0	0	0	1938	0	0	0	0	0	5594	2732	240	0	1876	706	0	1222	358	0	4546	1464	0	0	0	0	0	0	0	0	0	0	0	0	0	0	0	0	0	0	0	0	0	0	0	0	0	0	0	0	0	0	0	0	0	0	0	0	0	0	3122	742	1088	296	0	0	0	0	0	0	0	0	0	0	0	0	0	0	0	0	0	0	0	0	0	0	0	0	0	0	0	0	0	0	0	0	0	0	0	0	0	0	0	0	0	0	
133108	Rectus_R	0	0	0	4378	0	10278	0	0	0	1116	0	0	0	756	0	2390	0	0	0	408	1504	6932	164	5788	0	11768	1222	0	0	2026	1934	6036	0	128	0	0	0	0	0	0	0	572	0	0	0	0	0	0	0	0	0	0	0	0	0	0	0	0	0	0	0	0	0	0	0	0	0	0	0	0	1056	4478	516	3104	0	0	0	0	0	0	0	0	0	0	0	0	0	0	0	0	0	0	0	0	0	0	0	0	0	0	0	0	0	0	0	0	0	0	0	0	0	0	0	0	0	0	
617936	Insula_L	12104	976	37530	5448	2012	0	20268	3710	824	0	16142	232	20616	140	19266	0	18534	0	29562	3466	2922	0	2620	1152	0	0	358	0	0	128	2484	2122	580	2534	222	0	14398	0	642	0	2228	0	130	0	758	0	0	0	0	0	1798	0	644	0	3900	0	8492	0	0	0	514	0	270	0	472	0	190	0	204	0	9866	2086	22724	430	0	0	1644	180	5436	0	9406	0	6198	0	3382	0	0	0	7024	0	0	0	0	0	0	0	0	0	0	0	0	0	0	0	0	0	0	0	0	0	0	0	0	0	0	0	
428020	Insula_R	134	2254	238	17976	0	1872	192	7012	0	1130	0	11262	0	22596	0	11202	0	19118	1854	11244	0	3410	222	2632	0	730	0	2026	128	0	152	4284	0	6812	0	1732	0	7004	0	944	0	1226	0	528	0	220	0	376	0	228	0	118	0	0	0	4272	0	2348	0	0	0	458	0	1048	0	0	0	1706	0	604	158	9154	0	21914	0	668	0	1978	0	1954	0	14384	0	3184	0	4952	0	208	0	4164	0	0	0	0	0	0	0	0	0	0	0	0	0	0	0	0	0	0	0	0	0	0	0	0	0	0	
333840	Cingulum_Ant_L	314	0	16454	3960	4536	202	4388	314	276	0	466	108	1828	116	1514	0	0	0	9084	3194	2960	2186	27156	11298	4140	1988	4546	1934	2484	152	0	27134	6610	8128	0	0	0	0	0	0	0	0	0	0	0	0	0	0	0	0	0	0	0	0	0	0	0	384	0	0	0	228	0	0	0	0	0	0	0	0	4846	5900	4224	3518	0	0	0	350	0	0	0	0	0	0	0	0	0	0	0	0	0	0	0	0	0	0	0	0	0	0	0	0	0	0	0	0	0	0	0	0	0	0	0	0	0	0	
592728	Cingulum_Ant_R	322	0	10984	34532	0	2166	4368	5228	0	134	262	888	1224	3330	1070	748	0	132	11248	22746	2592	3246	22352	35448	0	7070	1464	6036	2122	4284	27134	0	4648	30064	0	0	0	0	0	0	0	0	0	0	0	0	0	0	0	0	0	0	0	0	0	0	0	484	0	130	0	318	0	122	0	0	0	0	0	0	4140	26902	1808	15174	0	0	0	1444	0	0	0	0	0	0	0	0	0	0	0	0	0	0	0	0	0	0	0	0	0	0	0	0	0	0	0	0	0	0	0	0	0	0	0	0	0	0	
200532	Cingulum_Mid_L	2388	386	5748	1656	0	0	2138	292	0	0	0	0	350	0	392	0	0	0	12788	6660	0	0	7500	2290	0	0	0	0	580	0	6610	4648	0	21556	4526	226	0	0	0	0	0	0	0	0	366	236	0	0	942	204	1506	0	0	0	0	0	350	0	436	0	128	0	0	0	148	0	5592	2102	6504	494	244	174	106	0	0	0	0	0	0	0	0	0	0	0	0	0	0	0	0	0	0	0	0	0	0	0	0	0	0	0	0	0	0	0	0	0	0	0	0	0	0	0	0	0	0	0	
657492	Cingulum_Mid_R	1636	2096	18360	31838	0	0	4314	5680	0	0	130	4240	718	2934	930	572	0	2768	34320	53722	0	0	16990	18158	0	320	0	128	2534	6812	8128	30064	21556	0	1348	1968	0	0	0	0	0	0	0	1560	126	3390	0	304	142	2594	0	444	0	0	0	0	246	4074	0	114	0	0	0	0	0	0	2996	9248	3396	8930	3656	9884	684	1486	0	0	2166	704	0	0	0	138	0	0	0	200	0	0	0	0	0	0	0	0	0	0	0	0	0	0	0	0	0	0	0	0	0	0	0	0	0	0	0	0	0	0	
101348	Cingulum_Post_L	1798	438	276	0	0	0	126	0	0	0	0	0	0	0	0	0	0	0	824	464	0	0	0	0	0	0	0	0	222	0	0	0	4526	1348	0	7254	2026	808	1194	434	0	0	1226	1392	2348	2668	814	120	534	1964	738	0	112	0	128	232	268	108	182	0	0	0	0	0	0	0	7872	4268	2272	266	228	322	0	0	0	0	874	0	0	0	0	0	0	0	0	0	0	0	0	0	0	0	0	0	0	0	0	0	0	0	0	0	0	0	0	0	0	0	0	0	0	0	0	0	0	0	
130640	Cingulum_Post_R	116	1014	0	0	0	0	0	0	0	0	0	0	0	0	0	0	0	214	0	308	0	0	0	0	0	0	0	0	0	1732	0	0	226	1968	7254	0	1684	5458	666	1374	0	0	204	5642	530	5458	122	3786	0	3796	0	304	0	0	0	1974	0	1618	0	0	0	198	0	254	0	0	1924	12314	0	1020	0	0	0	160	0	0	1078	772	0	0	0	276	0	0	0	324	0	0	0	1214	0	0	0	0	0	0	0	0	0	0	0	0	0	0	0	0	0	0	0	0	338	0	0	0	0	0	
181692	Hippocampus_L	3440	278	3524	316	0	0	708	0	0	0	882	0	154	0	318	0	344	0	4102	400	492	0	0	0	0	0	0	0	14398	0	0	0	0	0	2026	1684	0	820	6550	418	4880	0	530	0	0	0	1470	0	0	0	360	0	578	0	10426	190	956	0	0	0	0	0	0	0	0	0	1166	0	136	0	308	0	8328	0	182	0	2882	0	1048	0	4364	0	1652	0	1192	0	136	0	9208	0	0	0	0	0	0	0	0	0	0	0	0	0	0	0	0	0	0	0	0	0	0	0	0	0	0	0	
207868	Hippocampus_R	228	2216	108	732	0	0	122	160	0	0	0	642	0	362	0	172	0	532	132	804	0	312	0	0	0	0	0	0	0	7004	0	0	0	0	808	5458	820	0	574	17184	0	8012	0	1400	0	0	0	4732	0	0	0	108	0	0	0	20768	0	784	0	0	0	172	0	242	0	0	0	3878	0	244	156	328	0	8946	0	1422	804	4432	0	142	0	1412	0	1584	0	716	0	522	0	3214	0	0	0	0	0	0	0	1036	0	0	0	0	0	0	0	0	0	0	0	0	510	0	0	0	0	0	
61884	ParaHippocampal_L	0	0	0	0	0	0	0	0	0	0	0	0	0	0	0	0	0	0	0	0	146	0	0	0	0	0	0	0	642	0	0	0	0	0	1194	666	6550	574	0	298	1340	0	1468	0	0	0	5118	160	0	0	680	0	1014	0	4760	128	0	0	0	0	0	0	0	0	0	0	3174	0	0	0	0	0	418	0	0	0	178	0	0	0	0	0	712	0	0	0	0	0	498	0	106	0	0	0	0	0	414	0	364	0	132	0	0	0	0	0	0	0	0	208	0	0	0	0	0	0	
135144	ParaHippocampal_R	0	496	0	340	0	0	0	0	0	0	0	228	0	200	0	0	0	0	0	394	0	110	0	0	0	0	0	0	0	944	0	0	0	0	434	1374	418	17184	298	0	0	6052	0	890	0	0	0	5310	0	0	0	0	0	0	0	17582	0	0	0	0	0	0	0	0	0	0	0	2524	0	0	0	160	0	3118	0	780	310	1224	0	0	0	210	0	2328	0	0	0	1978	0	968	0	0	0	0	0	0	0	1508	0	106	0	0	0	0	0	0	0	0	0	0	104	0	0	0	0	0	
29280	Amygdala_L	0	0	0	0	206	0	0	0	0	0	0	0	0	0	110	0	0	0	0	0	800	0	0	0	0	0	0	0	2228	0	0	0	0	0	0	0	4880	0	1340	0	0	0	0	0	0	0	0	0	0	0	0	0	0	0	2544	0	0	0	0	0	0	0	0	0	0	0	0	0	0	0	274	0	180	0	0	0	298	0	0	0	0	0	890	0	0	0	0	0	890	0	0	0	0	0	0	0	0	0	0	0	0	0	0	0	0	0	0	0	0	0	0	0	0	0	0	0	
61732	Amygdala_R	0	0	0	124	0	266	0	0	0	0	0	0	0	0	0	378	0	0	0	0	0	1186	0	130	0	124	0	572	0	1226	0	0	0	0	0	0	0	8012	0	6052	0	0	0	0	0	0	0	0	0	0	0	0	0	0	0	7002	0	0	0	0	0	0	0	0	0	0	0	0	0	0	0	650	0	746	0	0	0	370	0	0	0	0	0	2774	0	0	0	846	0	408	0	0	0	0	0	0	0	0	0	0	0	0	0	0	0	0	0	0	0	0	0	0	0	0	0	0	
225008	Calcarine_L	356	0	0	0	0	0	0	0	0	0	0	0	0	0	0	0	116	0	0	0	0	0	0	0	0	0	0	0	130	0	0	0	0	0	1226	204	530	0	1468	0	0	0	0	5334	17436	2712	15916	1858	10158	1304	22106	1118	8360	0	1772	0	322	120	0	0	130	0	110	0	110	0	15766	916	0	0	0	0	0	0	0	0	0	0	0	0	0	0	0	0	1270	0	0	0	440	0	350	0	0	0	0	0	294	0	276	0	0	0	0	0	0	0	0	0	0	0	296	0	0	0	0	0	
316456	Calcarine_R	0	1202	0	0	0	0	0	0	0	0	0	0	0	0	0	0	0	216	0	156	0	0	0	0	0	0	0	0	0	528	0	0	0	1560	1392	5642	0	1400	0	890	0	0	5334	0	5564	21652	964	20280	0	20568	0	19232	0	4668	0	3804	0	3186	0	308	0	0	0	182	0	140	2216	29878	0	1042	0	0	0	0	0	0	0	0	0	0	0	360	0	0	0	2958	0	0	0	2644	0	0	0	0	0	0	0	0	0	0	0	0	0	0	0	0	0	0	0	0	262	0	0	0	0	0	
227932	Cuneus_L	1386	120	0	0	0	0	0	0	0	0	0	0	0	0	0	0	780	0	0	0	0	0	0	0	0	0	0	0	758	0	0	0	366	126	2348	530	0	0	0	0	0	0	17436	5564	0	7642	3446	258	21636	3420	13188	854	3100	0	214	270	1868	278	1508	148	998	0	456	0	220	0	18230	4860	408	0	0	0	0	0	0	0	0	0	0	0	464	0	0	0	664	0	0	0	142	280	0	0	0	0	0	0	0	0	0	0	0	0	0	0	0	0	0	0	0	0	0	0	0	0	0	0	
274752	Cuneus_R	0	1990	0	0	0	0	0	0	0	0	0	0	0	0	0	0	0	0	0	232	0	0	0	0	0	0	0	0	0	220	0	0	236	3390	2668	5458	0	0	0	0	0	0	2712	21652	7642	0	150	1512	188	31594	0	7654	0	0	0	752	0	3826	0	1820	0	842	0	0	0	354	9188	31352	0	888	0	0	0	0	0	0	0	0	0	0	0	0	0	0	0	108	0	0	0	768	0	0	0	0	0	0	0	0	0	0	0	0	0	0	0	0	0	0	0	0	180	0	0	0	0	0	
316204	Lingual_L	0	0	0	0	0	0	0	0	0	0	0	0	0	0	0	0	0	0	0	0	0	0	0	0	0	0	0	0	0	0	0	0	0	0	814	122	1470	0	5118	0	0	0	15916	964	3446	150	0	4312	2112	170	14846	404	11672	0	22162	854	0	0	0	0	0	0	0	0	0	0	8996	252	0	0	0	0	0	0	0	0	0	0	0	0	0	0	0	0	860	0	0	0	688	0	11168	1188	250	0	426	0	14718	2346	16138	2478	128	0	0	0	566	342	0	0	0	320	6936	4582	506	0	250	432	
289376	Lingual_R	0	370	0	110	0	0	0	0	0	0	0	0	0	0	0	0	0	114	0	172	0	0	0	0	0	0	0	0	0	376	0	0	0	304	120	3786	0	4732	160	5310	0	0	1858	20280	258	1512	4312	0	0	4068	0	8328	126	5786	2554	15622	0	862	0	0	0	0	0	0	0	0	168	13366	0	328	0	0	0	322	0	138	0	1022	0	0	0	240	0	0	0	1862	0	0	0	2554	2822	2842	226	170	208	194	5364	8586	4814	5378	0	0	104	0	178	0	0	0	0	188	8438	3198	858	0	0	0	
176816	Occipital_Sup_L	204	0	0	0	0	0	0	0	0	0	0	0	0	0	0	0	0	0	0	0	0	0	0	0	0	0	0	0	0	0	0	0	942	142	534	0	0	0	0	0	0	0	10158	0	21636	188	2112	0	0	0	28486	0	3144	0	378	0	204	0	5230	182	480	0	0	0	714	0	10768	1534	132	0	0	0	0	0	0	0	0	0	0	0	0	0	0	0	1016	0	0	0	224	0	0	0	0	0	0	0	0	0	0	0	0	0	0	0	0	0	0	0	0	0	0	0	0	0	0	0	
296372	Occipital_Sup_R	0	2072	0	0	0	0	0	0	0	0	0	0	0	0	0	0	0	154	0	218	0	0	0	0	0	0	0	0	0	228	0	0	204	2594	1964	3796	0	0	0	0	0	0	1304	20568	3420	31594	170	4068	0	0	0	25096	0	548	0	614	0	4666	0	8338	0	4046	0	154	0	5938	3284	20856	0	868	0	0	0	0	0	0	0	0	0	0	0	0	0	0	0	630	0	0	0	794	0	0	0	0	0	0	0	0	0	0	0	0	0	0	0	0	0	0	0	0	0	0	0	0	0	0	
432932	Occipital_Mid_L	4234	0	142	0	0	0	0	0	0	0	0	0	0	0	0	0	1564	0	152	0	0	0	0	0	0	0	0	0	1798	0	0	0	1506	0	738	0	360	0	680	0	0	0	22106	0	13188	0	14846	0	28486	0	0	0	29546	0	8120	0	3406	0	8152	0	16742	0	2534	0	22960	0	11800	194	1824	0	0	0	0	0	0	0	0	0	586	0	868	0	0	0	12710	0	0	0	5684	0	1214	0	0	0	0	0	0	0	326	0	0	0	0	0	0	0	0	0	0	0	0	0	0	0	0	0	
248648	Occipital_Mid_R	0	508	0	0	0	0	0	0	0	0	0	0	0	0	0	0	0	108	0	0	0	0	0	0	0	0	0	0	0	118	0	0	0	444	0	304	0	108	0	0	0	0	1118	19232	854	7654	404	8328	0	25096	0	0	0	6086	0	1510	0	1174	0	5222	0	5204	0	122	0	17910	260	6854	0	178	0	0	0	0	0	0	0	0	0	0	0	346	0	0	0	12132	0	0	0	3050	0	0	0	0	0	0	0	0	0	0	0	0	0	0	0	0	0	0	0	0	0	0	0	0	0	0	
184016	Occipital_Inf_L	736	0	0	0	0	0	0	0	0	0	0	0	0	0	0	0	258	0	0	0	0	0	0	0	0	0	0	0	644	0	0	0	0	0	112	0	578	0	1014	0	0	0	8360	0	3100	0	11672	126	3144	0	29546	0	0	0	12224	0	236	0	0	0	0	0	0	0	0	0	2488	0	190	0	0	0	0	0	0	0	0	0	294	0	184	0	0	0	4398	0	0	0	8798	0	1696	0	0	0	0	0	572	0	1166	0	0	0	0	0	0	0	0	0	0	0	286	186	0	0	0	0	
60152	Occipital_Inf_R	0	0	0	0	0	0	0	0	0	0	0	0	0	0	0	0	0	0	0	0	0	0	0	0	0	0	0	0	0	0	0	0	0	0	0	0	0	0	0	0	0	0	0	4668	0	0	0	5786	0	548	0	6086	0	0	0	5724	0	0	0	0	0	0	0	0	0	0	0	998	0	0	0	0	0	0	0	0	0	0	0	0	0	0	0	0	0	1856	0	0	0	4410	0	0	0	0	0	0	0	0	0	0	0	0	0	0	0	0	0	0	0	0	0	0	0	0	0	0	
404272	Fusiform_L	1150	0	182	0	0	0	0	0	0	0	0	0	0	0	0	0	374	0	216	0	0	0	0	0	0	0	0	0	3900	0	0	0	0	0	128	0	10426	0	4760	0	2544	0	1772	0	214	0	22162	2554	378	0	8120	0	12224	0	0	1150	460	0	0	0	0	0	0	0	0	0	1326	0	290	0	0	0	640	0	0	0	162	0	654	0	2598	0	1790	0	3220	0	892	0	15726	0	29678	1074	3370	0	326	0	17398	1988	35980	1798	580	0	324	0	110	0	0	0	108	206	5038	3382	764	0	0	0	
413192	Fusiform_R	0	1984	0	0	0	0	0	0	0	0	0	0	0	0	0	0	0	254	0	586	0	0	0	0	0	0	0	0	0	4272	0	0	0	0	232	1974	190	20768	128	17582	0	7002	0	3804	270	752	854	15622	0	614	0	1510	0	5724	1150	0	0	310	0	0	0	0	0	0	0	0	438	4024	0	600	0	124	0	2870	0	142	202	540	0	0	0	2380	0	8252	0	4984	0	5020	0	19974	2328	7530	384	1016	116	1860	3708	14696	3400	19470	0	0	434	2074	460	744	0	218	0	968	7778	1554	1504	772	450	0	
267516	Postcentral_L	35594	2492	6508	420	0	0	2810	108	0	0	4564	0	0	0	0	0	8202	0	6206	1024	0	0	0	0	0	0	0	0	8492	0	0	0	350	246	268	0	956	0	0	0	0	0	322	0	1868	0	0	0	204	0	3406	0	236	0	460	0	0	760	5742	0	16688	0	7640	104	3482	0	2250	0	1524	356	594	134	826	0	0	0	282	120	2476	0	3326	0	0	0	1636	0	0	0	1082	0	0	0	0	0	0	0	0	0	0	0	0	0	0	0	0	0	0	0	0	0	0	0	0	0	0	0	
208960	Postcentral_R	1102	20102	150	790	0	0	466	244	0	0	0	2388	0	130	0	0	0	2550	196	2246	0	0	0	0	0	0	0	0	0	2348	384	484	0	4074	108	1618	0	784	0	0	0	0	120	3186	278	3826	0	862	0	4666	0	1174	0	0	0	310	760	0	0	7080	0	8662	0	8988	0	346	938	10496	170	6584	610	596	164	1114	0	252	0	848	0	248	0	766	0	0	0	840	0	0	0	432	0	0	0	0	0	0	0	0	0	0	0	0	0	0	0	0	0	0	0	0	0	0	0	0	0	0	
106752	Parietal_Sup_L	1654	0	0	0	0	0	334	0	0	0	0	0	0	0	0	0	0	0	0	0	0	0	0	0	0	0	0	0	0	0	0	0	436	0	182	0	0	0	0	0	0	0	0	0	1508	0	0	0	5230	0	8152	0	0	0	0	0	5742	0	0	232	12338	0	466	0	2340	0	12868	1066	828	0	0	0	0	0	0	0	0	0	0	0	0	0	0	0	0	0	0	0	0	0	0	0	0	0	0	0	0	0	0	0	0	0	0	0	0	0	0	0	0	0	0	0	0	0	0	0	
98460	Parietal_Sup_R	0	1408	0	272	0	0	0	110	0	0	0	0	0	0	0	0	0	0	0	160	0	0	0	0	0	0	0	0	0	0	0	130	0	114	0	0	0	0	0	0	0	0	0	308	148	1820	0	0	182	8338	0	5222	0	0	0	0	0	7080	232	0	0	9220	0	1156	0	4766	1508	7056	0	0	0	0	0	0	0	0	0	0	0	0	0	0	0	0	0	0	0	0	0	0	0	0	0	0	0	0	0	0	0	0	0	0	0	0	0	0	0	0	0	0	0	0	0	0	0	0	
191564	Parietal_Inf_L	6398	148	380	0	0	0	852	0	0	0	166	0	0	0	0	0	402	0	310	106	0	0	0	0	0	0	0	0	514	0	0	0	128	0	0	0	0	0	0	0	0	0	130	0	998	0	0	0	480	0	16742	0	0	0	0	0	16688	0	12338	0	0	0	15828	0	20662	0	682	0	1018	0	140	0	0	0	0	0	0	0	0	0	420	0	0	0	252	0	0	0	0	0	0	0	0	0	0	0	0	0	0	0	0	0	0	0	0	0	0	0	0	0	0	0	0	0	0	0	
122780	Parietal_Inf_R	284	1962	0	526	0	0	146	278	0	0	0	262	0	0	0	0	0	310	0	346	0	0	0	0	0	0	0	0	0	458	228	318	0	0	0	198	0	172	0	0	0	0	0	0	0	842	0	0	0	4046	0	5204	0	0	0	0	0	8662	0	9220	0	0	0	14402	0	9414	116	1142	0	0	362	114	374	726	0	104	0	142	0	0	0	652	0	0	0	380	0	0	0	0	0	0	0	0	0	0	0	0	0	0	0	0	0	0	0	0	0	0	0	0	0	0	0	0	0	0	
96600	SupraMarginal_L	1728	272	874	0	0	0	0	0	0	0	0	0	0	0	0	0	1510	0	858	300	0	0	0	0	0	0	0	0	270	0	0	0	0	0	0	0	0	0	0	0	0	0	110	0	456	0	0	0	0	0	2534	0	0	0	0	0	7640	0	466	0	15828	0	0	0	7544	0	144	0	140	270	0	0	0	0	0	0	0	0	0	0	4800	0	0	0	2138	0	0	0	418	0	0	0	0	0	0	0	0	0	0	0	0	0	0	0	0	0	0	0	0	0	0	0	0	0	0	0	
92988	SupraMarginal_R	542	1474	0	776	0	0	404	224	0	0	0	208	0	0	0	0	0	3002	0	708	0	0	0	0	0	0	0	0	0	1048	0	122	0	0	0	254	0	242	0	0	0	0	0	182	0	0	0	0	0	154	0	122	0	0	0	0	104	8988	0	1156	0	14402	0	0	0	3474	0	572	0	168	580	448	364	874	0	168	0	158	0	224	0	4472	0	0	0	880	0	0	0	0	0	0	0	0	0	0	0	0	0	0	0	0	0	0	0	0	0	0	0	0	0	0	0	0	0	0	
145764	Angular_L	2722	0	266	0	0	0	0	0	0	0	0	0	0	0	0	0	680	0	246	0	0	0	0	0	0	0	0	0	472	0	0	0	148	0	0	0	0	0	0	0	0	0	110	0	220	0	0	0	714	0	22960	0	0	0	0	0	3482	0	2340	0	20662	0	7544	0	0	0	232	0	436	0	0	0	0	0	0	0	0	0	0	0	3626	0	0	0	5632	0	0	0	390	0	0	0	0	0	0	0	0	0	0	0	0	0	0	0	0	0	0	0	0	0	0	0	0	0	0	0	
95148	Angular_R	0	0	0	0	0	0	0	0	0	0	0	0	0	0	0	0	0	156	0	0	0	0	0	0	0	0	0	0	0	0	0	0	0	0	0	0	0	0	0	0	0	0	0	140	0	354	0	0	0	5938	0	17910	0	0	0	0	0	346	0	4766	0	9414	0	3474	0	0	0	228	0	0	0	0	0	0	0	0	0	0	0	0	0	1806	0	0	0	3042	0	0	0	0	0	0	0	0	0	0	0	0	0	0	0	0	0	0	0	0	0	0	0	0	0	0	0	0	0	0	
304012	Precuneus_L	850	882	0	0	0	0	0	0	0	0	0	0	0	0	0	0	208	0	0	0	0	0	0	0	0	0	0	0	190	0	0	0	5592	2996	7872	1924	1166	0	3174	0	0	0	15766	2216	18230	9188	8996	168	10768	3284	11800	260	2488	0	1326	438	2250	938	12868	1508	682	116	144	0	232	0	0	19498	1980	218	0	0	0	0	0	0	0	0	0	0	104	0	0	0	828	0	0	0	406	452	0	0	0	0	0	0	0	0	0	0	0	0	0	0	0	0	0	0	0	0	0	0	0	0	0	0	
422168	Precuneus_R	0	4288	0	192	0	0	0	0	0	0	0	0	0	0	0	0	0	738	0	842	0	0	0	0	0	0	0	0	0	1706	0	0	2102	9248	4268	12314	0	3878	0	2524	0	0	916	29878	4860	31352	252	13366	1534	20856	194	6854	0	998	0	4024	0	10496	1066	7056	0	1142	0	572	0	228	19498	0	212	3654	0	132	0	0	0	0	0	764	0	222	0	1140	0	0	0	2948	0	0	0	3192	0	0	0	0	0	0	0	594	0	0	0	0	0	0	0	0	0	0	0	0	984	0	0	0	0	0	
116076	Paracentral_Lobule_L	10308	2370	264	646	0	0	0	0	0	0	0	0	0	0	0	0	266	0	9094	5488	0	0	0	0	0	0	0	0	204	0	0	0	6504	3396	2272	0	136	0	0	0	0	0	0	0	408	0	0	0	132	0	1824	0	190	0	290	0	1524	170	828	0	1018	0	140	0	436	0	1980	212	0	2390	1040	0	0	0	0	0	2668	184	0	0	242	0	0	0	872	0	0	0	542	0	0	0	0	0	0	0	0	0	0	0	0	0	0	0	0	0	0	0	0	0	0	0	0	0	0	0	
134456	Paracentral_Lobule_R	312	8156	684	0	0	0	0	0	0	0	0	0	0	0	0	0	104	120	1354	15836	0	0	0	0	0	0	0	0	0	604	0	0	494	8930	266	1020	0	244	0	0	0	0	0	1042	0	888	0	328	0	868	0	178	0	0	0	600	356	6584	0	0	0	0	270	168	0	0	218	3654	2390	0	3600	1126	0	0	0	0	3240	1630	0	0	0	872	0	0	0	600	0	0	0	492	0	0	0	0	0	0	0	0	0	0	0	0	0	0	0	0	0	0	0	0	0	0	0	0	0	0	
303812	Caudate_L	3862	7562	9634	4788	524	0	6784	2450	0	0	236	188	3646	108	5480	0	198	470	6336	9204	7824	7510	1132	384	120	464	3122	1056	9866	158	4846	4140	244	3656	228	0	308	156	0	0	274	0	0	0	0	0	0	0	0	0	0	0	0	0	0	0	594	610	0	0	140	362	0	580	0	0	0	0	1040	3600	0	9178	12462	2444	758	460	11774	736	0	0	0	0	210	0	0	0	0	0	0	0	0	0	0	0	0	0	0	0	0	0	0	0	0	0	0	0	0	0	0	0	0	0	0	0	0	0	
469556	Caudate_R	390	3150	2722	27532	0	3028	1134	1594	0	462	0	5672	1338	2200	1340	1364	0	5180	6372	28718	3160	5796	1932	10076	0	4460	742	4478	2086	9154	5900	26902	174	9884	322	0	0	328	0	160	0	650	0	0	0	0	0	0	0	0	0	0	0	0	0	124	134	596	0	0	0	114	0	448	0	0	0	132	0	1126	9178	0	3082	23012	0	2136	272	15580	0	220	0	114	0	0	0	110	0	0	0	0	0	0	0	0	0	0	0	0	0	0	0	0	0	0	0	0	0	0	0	0	0	0	0	0	0	0	
302904	Putamen_L	2222	956	24356	1766	2128	0	7576	980	1544	0	1496	0	3752	0	7736	0	744	0	16848	1358	3876	3382	1872	180	354	140	1088	516	22724	0	4224	1808	106	684	0	0	8328	0	418	0	180	0	0	0	0	0	0	0	0	0	0	0	0	0	640	0	826	164	0	0	0	374	0	364	0	0	0	0	0	0	12462	3082	0	944	5048	0	680	120	0	0	618	0	2046	0	0	0	0	0	742	0	0	0	0	0	0	0	0	0	0	0	0	0	0	0	0	0	0	0	0	0	0	0	0	0	0	0	
332184	Putamen_R	396	980	836	13600	0	2024	652	1802	0	350	0	4502	252	4040	152	2998	0	4030	1146	10400	1046	2890	652	7714	0	4386	296	3104	430	21914	3518	15174	0	1486	0	160	0	8946	0	3118	0	746	0	0	0	0	0	322	0	0	0	0	0	0	0	2870	0	1114	0	0	0	726	0	874	0	0	0	0	0	0	2444	23012	944	0	0	3308	0	3120	0	132	0	1818	0	698	0	518	0	0	0	452	0	0	0	0	0	0	0	0	0	0	0	0	0	0	0	0	0	0	0	0	0	0	0	0	0	0	
42004	Pallidum_L	1424	484	5508	0	0	0	0	0	0	0	0	0	0	0	0	0	0	0	6010	110	0	0	0	0	0	0	0	0	0	0	0	0	0	0	0	0	182	0	0	0	0	0	0	0	0	0	0	0	0	0	0	0	0	0	0	0	0	0	0	0	0	0	0	0	0	0	0	0	0	0	758	0	5048	0	0	0	1478	0	0	0	0	0	0	0	0	0	0	0	0	0	0	0	0	0	0	0	0	0	0	0	0	0	0	0	0	0	0	0	0	0	0	0	0	0	0	0	
33688	Pallidum_R	152	244	460	2394	0	0	316	0	0	0	0	122	0	0	0	0	0	880	334	2364	0	0	0	0	0	0	0	0	0	668	0	0	0	0	0	0	0	1422	0	780	0	0	0	0	0	0	0	138	0	0	0	0	0	0	0	142	0	252	0	0	0	104	0	168	0	0	0	0	0	0	460	2136	0	3308	0	0	0	0	0	0	0	0	0	0	0	0	0	0	0	0	0	0	0	0	0	0	0	0	0	0	0	0	0	0	0	0	0	0	0	0	0	0	0	0	0	0	
142980	Thalamus_L	9700	5650	7674	1050	0	0	1966	0	0	0	0	0	0	0	0	0	0	0	6288	6360	0	0	0	0	0	0	0	0	1644	0	0	0	0	2166	874	1078	2882	804	178	310	298	0	0	0	0	0	0	0	0	0	0	0	0	0	162	202	282	0	0	0	0	0	0	0	0	0	0	0	2668	3240	11774	272	680	0	1478	0	0	1534	0	0	276	0	0	0	0	0	0	0	0	0	0	0	0	0	0	0	0	0	0	0	0	0	0	0	0	0	0	0	0	0	0	0	0	0	0	0	
137164	Thalamus_R	434	13594	566	3668	0	0	200	1498	0	0	0	1912	0	148	0	0	0	460	852	4848	0	162	272	500	0	0	0	0	180	1978	350	1444	0	704	0	772	0	4432	0	1224	0	370	0	0	0	0	0	1022	0	0	0	0	0	0	0	540	120	848	0	0	0	142	0	158	0	0	0	764	184	1630	736	15580	120	3120	0	0	1534	0	0	0	0	424	0	0	0	166	0	0	0	266	0	0	0	0	0	0	0	438	0	0	0	0	0	0	0	0	0	0	0	0	222	0	0	0	0	0	
43188	Heschl_L	1842	0	544	0	0	0	116	0	0	0	410	0	0	0	0	0	3668	0	522	0	0	0	0	0	0	0	0	0	5436	0	0	0	0	0	0	0	1048	0	0	0	0	0	0	0	0	0	0	0	0	0	586	0	294	0	654	0	2476	0	0	0	0	0	0	0	0	0	0	0	0	0	0	0	0	0	0	0	0	0	0	0	1384	0	0	0	1134	0	0	0	1480	0	0	0	0	0	0	0	0	0	0	0	0	0	0	0	0	0	0	0	0	0	0	0	0	0	0	0	
24932	Heschl_R	0	222	0	612	0	0	0	0	0	0	0	284	0	0	0	0	0	3998	0	624	0	0	0	0	0	0	0	0	0	1954	0	0	0	0	0	0	0	142	0	0	0	0	0	0	0	0	0	0	0	0	0	0	0	0	0	0	0	248	0	0	0	0	0	224	0	0	0	222	0	0	0	220	0	132	0	0	0	0	0	0	0	2886	0	222	0	318	0	0	0	158	0	0	0	0	0	0	0	0	0	0	0	0	0	0	0	0	0	0	0	0	0	0	0	0	0	0	
196928	Temporal_Sup_L	4600	0	4884	0	0	0	1374	0	0	0	3774	0	0	0	116	0	12888	0	4324	0	0	0	0	0	0	0	0	0	9406	0	0	0	0	0	0	0	4364	0	0	0	0	0	0	0	464	0	0	0	0	0	868	0	184	0	2598	0	3326	0	0	0	420	0	4800	0	3626	0	104	0	242	0	0	0	618	0	0	0	276	0	1384	0	0	0	4198	0	18774	0	0	0	10852	0	0	0	0	0	0	0	0	0	0	0	0	0	0	0	0	0	0	0	0	0	0	0	0	0	0	0	
135140	Temporal_Sup_R	0	2076	0	196	0	0	0	0	0	0	0	424	0	0	0	570	0	5450	0	916	0	0	0	0	0	0	0	0	0	14384	0	0	0	138	0	276	0	1412	0	210	0	0	0	360	0	0	0	240	0	0	0	346	0	0	0	2380	0	766	0	0	0	652	0	4472	0	1806	0	1140	0	872	0	114	0	1818	0	0	0	424	0	2886	0	0	0	3522	0	14432	0	494	0	4794	0	0	0	0	0	0	0	0	0	0	0	0	0	0	0	0	0	0	0	0	0	0	0	0	0	0	
81292	Temporal_Pole_Sup_L	0	0	3054	0	0	0	266	0	0	0	2998	0	998	0	1168	0	2032	0	2988	0	238	0	0	0	0	0	0	0	6198	0	0	0	0	0	0	0	1652	0	712	0	890	0	0	0	0	0	0	0	0	0	0	0	0	0	1790	0	0	0	0	0	0	0	0	0	0	0	0	0	0	0	210	0	2046	0	0	0	0	0	0	0	4198	0	0	0	4008	0	2214	0	2986	0	0	0	0	0	0	0	0	0	0	0	0	0	0	0	0	0	0	0	0	0	0	0	0	0	0	0	
72648	Temporal_Pole_Sup_R	0	0	0	0	0	0	0	0	0	0	0	0	0	0	0	670	0	756	0	0	0	0	0	0	0	0	0	0	0	3184	0	0	0	0	0	0	0	1584	0	2328	0	2774	0	0	0	0	0	0	0	0	0	0	0	0	0	8252	0	0	0	0	0	0	0	0	0	0	0	0	0	0	0	0	0	698	0	0	0	0	0	222	0	3522	0	0	0	2976	0	5040	0	4318	0	0	0	0	0	0	0	0	0	0	0	0	0	0	0	0	0	0	0	0	0	0	0	0	0	0	
227804	Temporal_Mid_L	2646	0	250	0	0	0	0	0	0	0	106	0	0	0	108	0	3124	0	234	0	0	0	0	0	0	0	0	0	3382	0	0	0	0	0	0	0	1192	0	0	0	0	0	1270	0	664	0	860	0	1016	0	12710	0	4398	0	3220	0	1636	0	0	0	252	0	2138	0	5632	0	828	0	872	0	0	0	0	0	0	0	0	0	1134	0	18774	0	4008	0	0	0	2488	0	40960	0	0	0	0	0	0	0	0	0	0	0	0	0	0	0	0	0	0	0	0	0	0	0	0	0	0	0	
175652	Temporal_Mid_R	0	1502	0	0	0	0	0	0	0	0	0	0	0	0	0	134	0	794	0	494	0	0	0	0	0	0	0	0	0	4952	0	0	0	200	0	324	0	716	0	0	0	0	0	2958	0	108	0	1862	0	630	0	12132	0	1856	0	4984	0	840	0	0	0	380	0	880	0	3042	0	2948	0	600	0	110	0	518	0	0	0	166	0	318	0	14432	0	2976	0	0	0	2454	0	24516	0	0	0	0	0	0	0	0	0	0	0	0	0	0	0	0	0	0	0	0	0	0	0	0	0	0	
17556	Temporal_Pole_Mid_L	0	0	0	0	0	0	0	0	0	0	0	0	0	0	232	0	0	0	0	0	0	0	0	0	0	0	0	0	0	0	0	0	0	0	0	0	136	0	0	0	0	0	0	0	0	0	0	0	0	0	0	0	0	0	892	0	0	0	0	0	0	0	0	0	0	0	0	0	0	0	0	0	0	0	0	0	0	0	0	0	0	0	2214	0	2488	0	0	0	2816	0	0	0	0	0	0	0	0	0	0	0	0	0	0	0	0	0	0	0	0	0	0	0	0	0	0	0	
38944	Temporal_Pole_Mid_R	0	0	0	0	0	0	0	0	0	0	0	0	0	0	0	0	0	0	0	0	0	0	0	0	0	0	0	0	0	208	0	0	0	0	0	0	0	522	0	1978	0	846	0	0	0	0	0	0	0	0	0	0	0	0	0	5020	0	0	0	0	0	0	0	0	0	0	0	0	0	0	0	0	0	0	0	0	0	0	0	0	0	494	0	5040	0	2454	0	0	0	2910	0	0	0	0	0	0	0	0	0	0	0	0	0	0	0	0	0	0	0	0	0	0	0	0	0	0	
237740	Temporal_Inf_L	2078	0	300	0	0	0	0	0	0	0	0	0	0	0	146	0	2060	0	346	0	0	0	0	0	0	0	0	0	7024	0	0	0	0	0	0	0	9208	0	498	0	890	0	440	0	142	0	688	0	224	0	5684	0	8798	0	15726	0	1082	0	0	0	0	0	418	0	390	0	406	0	542	0	0	0	742	0	0	0	0	0	1480	0	10852	0	2986	0	40960	0	2816	0	0	0	1592	0	184	0	0	0	0	0	168	0	0	0	0	0	0	0	0	0	0	0	0	0	0	0	0	0	
178408	Temporal_Inf_R	0	1094	0	0	0	0	0	0	0	0	0	0	0	0	0	0	0	380	0	420	0	0	0	0	0	0	0	0	0	4164	0	0	0	0	0	1214	0	3214	0	968	0	408	0	2644	280	768	0	2554	0	794	0	3050	0	4410	0	19974	0	432	0	0	0	0	0	0	0	0	452	3192	0	492	0	0	0	452	0	0	0	266	0	158	0	4794	0	4318	0	24516	0	2910	0	0	0	496	0	0	0	0	0	0	0	390	0	0	0	0	0	0	0	0	0	0	0	0	0	0	0	0	
459848	Cerebelum_Crus1_L	0	0	0	0	0	0	0	0	0	0	0	0	0	0	0	0	0	0	0	0	0	0	0	0	0	0	0	0	0	0	0	0	0	0	0	0	0	0	106	0	0	0	350	0	0	0	11168	2822	0	0	1214	0	1696	0	29678	2328	0	0	0	0	0	0	0	0	0	0	0	0	0	0	0	0	0	0	0	0	0	0	0	0	0	0	0	0	0	0	0	0	1592	0	0	6568	32614	1760	592	172	18206	3064	55710	8160	11942	0	11064	252	2338	762	268	0	220	416	7454	8706	6646	718	674	664	
396672	Cerebelum_Crus1_R	0	0	0	0	0	0	0	0	0	0	0	0	0	0	0	0	0	0	0	0	0	0	0	0	0	0	0	0	0	0	0	0	0	0	0	0	0	0	0	0	0	0	0	0	0	0	1188	2842	0	0	0	0	0	0	1074	7530	0	0	0	0	0	0	0	0	0	0	0	0	0	0	0	0	0	0	0	0	0	0	0	0	0	0	0	0	0	0	0	0	0	496	6568	0	7230	34138	114	2600	3004	10070	9698	41698	454	7742	2098	18284	2436	3222	0	428	0	286	3484	10750	14678	4666	1558	0	
268672	Cerebelum_Crus2_L	0	0	0	0	0	0	0	0	0	0	0	0	0	0	0	0	0	0	0	0	0	0	0	0	0	0	0	0	0	0	0	0	0	0	0	0	0	0	0	0	0	0	0	0	0	0	250	226	0	0	0	0	0	0	3370	384	0	0	0	0	0	0	0	0	0	0	0	0	0	0	0	0	0	0	0	0	0	0	0	0	0	0	0	0	0	0	0	0	184	0	32614	7230	0	9398	114	0	1806	372	10298	4442	23820	2198	17700	3628	1776	658	0	0	0	0	588	2286	6876	3964	154	0	
264188	Cerebelum_Crus2_R	0	0	0	0	0	0	0	0	0	0	0	0	0	0	0	0	0	0	0	0	0	0	0	0	0	0	0	0	0	0	0	0	0	0	0	0	0	0	0	0	0	0	0	0	0	0	0	170	0	0	0	0	0	0	0	1016	0	0	0	0	0	0	0	0	0	0	0	0	0	0	0	0	0	0	0	0	0	0	0	0	0	0	0	0	0	0	0	0	0	0	1760	34138	9398	0	0	220	438	532	1930	12884	1350	16630	3254	24598	1360	3606	0	242	0	166	526	1744	9438	5786	908	0	
28820	Cerebelum_3_L	0	0	0	0	0	0	0	0	0	0	0	0	0	0	0	0	0	0	0	0	0	0	0	0	0	0	0	0	0	0	0	0	0	0	0	0	0	0	0	0	0	0	0	0	0	0	426	208	0	0	0	0	0	0	326	116	0	0	0	0	0	0	0	0	0	0	0	0	0	0	0	0	0	0	0	0	0	0	0	0	0	0	0	0	0	0	0	0	0	0	592	114	114	0	0	0	5890	260	1282	344	136	0	0	0	330	0	0	0	640	1498	1806	208	120	0	0	0	
41984	Cerebelum_3_R	0	0	0	0	0	0	0	0	0	0	0	0	0	0	0	0	0	0	0	0	0	0	0	0	0	0	0	0	0	0	0	0	0	0	0	0	0	0	0	0	0	0	0	0	0	0	0	194	0	0	0	0	0	0	0	1860	0	0	0	0	0	0	0	0	0	0	0	0	0	0	0	0	0	0	0	0	0	0	0	0	0	0	0	0	0	0	0	0	0	0	172	2600	0	220	0	0	298	5366	186	5652	0	0	0	318	0	208	0	0	212	2004	446	258	324	346	328	0	
323348	Cerebelum_4_5_L	0	0	0	0	0	0	0	0	0	0	0	0	0	0	0	0	0	0	0	0	0	0	0	0	0	0	0	0	0	0	0	0	0	0	0	0	0	0	414	0	0	0	294	0	0	0	14718	5364	0	0	0	0	572	0	17398	3708	0	0	0	0	0	0	0	0	0	0	0	0	0	0	0	0	0	0	0	0	0	0	0	0	0	0	0	0	0	0	0	0	0	0	18206	3004	1806	438	5890	298	0	6876	29874	6358	1704	0	762	0	4054	2218	618	0	1030	2488	19092	7988	2096	348	1742	2316	
217700	Cerebelum_4_5_R	0	0	0	0	0	0	0	0	0	0	0	0	0	0	0	0	0	0	0	0	0	0	0	0	0	0	0	0	0	0	0	0	0	0	0	0	0	1036	0	1508	0	0	0	0	0	0	2346	8586	0	0	0	0	0	0	1988	14696	0	0	0	0	0	0	0	0	0	0	0	594	0	0	0	0	0	0	0	0	0	438	0	0	0	0	0	0	0	0	0	0	0	0	3064	10070	372	532	260	5366	6876	0	4472	24754	178	0	172	582	324	310	0	128	142	2772	13506	1620	1460	338	248	112	
481404	Cerebelum_6_L	0	0	0	0	0	0	0	0	0	0	0	0	0	0	0	0	0	0	0	0	0	0	0	0	0	0	0	0	0	0	0	0	0	0	0	0	0	0	364	0	0	0	276	0	0	0	16138	4814	0	0	326	0	1166	0	35980	3400	0	0	0	0	0	0	0	0	0	0	0	0	0	0	0	0	0	0	0	0	0	0	0	0	0	0	0	0	0	0	0	0	168	0	55710	9698	10298	1930	1282	186	29874	4472	0	12992	5010	0	3354	160	3660	806	680	0	328	604	11018	15856	8268	458	740	686	
427800	Cerebelum_6_R	0	0	0	0	0	0	0	0	0	0	0	0	0	0	0	0	0	0	0	0	0	0	0	0	0	0	0	0	0	0	0	0	0	0	0	0	0	0	0	106	0	0	0	0	0	0	2478	5378	0	0	0	0	0	0	1798	19470	0	0	0	0	0	0	0	0	0	0	0	0	0	0	0	0	0	0	0	0	0	0	0	0	0	0	0	0	0	0	0	0	0	390	8160	41698	4442	12884	344	5652	6358	24754	12992	0	502	1330	1660	7800	2996	2604	0	920	208	2778	11402	14296	13848	4176	2288	188	
160024	Cerebelum_7b_L	0	0	0	0	0	0	0	0	0	0	0	0	0	0	0	0	0	0	0	0	0	0	0	0	0	0	0	0	0	0	0	0	0	0	0	0	0	0	132	0	0	0	0	0	0	0	128	0	0	0	0	0	0	0	580	0	0	0	0	0	0	0	0	0	0	0	0	0	0	0	0	0	0	0	0	0	0	0	0	0	0	0	0	0	0	0	0	0	0	0	11942	454	23820	1350	136	0	1704	178	5010	502	0	564	23308	676	3362	0	430	0	0	0	410	406	1830	3090	0	0	
92156	Cerebelum_7b_R	0	0	0	0	0	0	0	0	0	0	0	0	0	0	0	0	0	0	0	0	0	0	0	0	0	0	0	0	0	0	0	0	0	0	0	0	0	0	0	0	0	0	0	0	0	0	0	0	0	0	0	0	0	0	0	0	0	0	0	0	0	0	0	0	0	0	0	0	0	0	0	0	0	0	0	0	0	0	0	0	0	0	0	0	0	0	0	0	0	0	0	7742	2198	16630	0	0	0	0	0	1330	564	0	624	12834	0	1656	0	0	0	0	0	0	1264	1236	0	0	
206048	Cerebelum_8_L	0	0	0	0	0	0	0	0	0	0	0	0	0	0	0	0	0	0	0	0	0	0	0	0	0	0	0	0	0	0	0	0	0	0	0	0	0	0	0	0	0	0	0	0	0	0	0	104	0	0	0	0	0	0	324	434	0	0	0	0	0	0	0	0	0	0	0	0	0	0	0	0	0	0	0	0	0	0	0	0	0	0	0	0	0	0	0	0	0	0	11064	2098	17700	3254	0	0	762	172	3354	1660	23308	624	0	4444	15580	1616	962	0	0	0	318	586	4908	8448	1304	0	
213976	Cerebelum_8_R	0	0	0	0	0	0	0	0	0	0	0	0	0	0	0	0	0	0	0	0	0	0	0	0	0	0	0	0	0	0	0	0	0	0	0	0	0	0	0	0	0	0	0	0	0	0	0	0	0	0	0	0	0	0	0	2074	0	0	0	0	0	0	0	0	0	0	0	0	0	0	0	0	0	0	0	0	0	0	0	0	0	0	0	0	0	0	0	0	0	0	252	18284	3628	24598	0	318	0	582	160	7800	676	12834	4444	0	2448	12078	0	488	0	242	512	286	5230	8250	1678	126	
124300	Cerebelum_9_L	0	0	0	0	0	0	0	0	0	0	0	0	0	0	0	0	0	0	0	0	0	0	0	0	0	0	0	0	0	0	0	0	0	0	0	0	0	0	0	0	0	0	0	0	0	0	566	178	0	0	0	0	0	0	110	460	0	0	0	0	0	0	0	0	0	0	0	0	0	0	0	0	0	0	0	0	0	0	0	0	0	0	0	0	0	0	0	0	0	0	2338	2436	1776	1360	330	0	4054	324	3660	2996	3362	0	15580	2448	0	2900	1918	0	0	0	1764	3864	3170	3386	2230	940	
104436	Cerebelum_9_R	0	0	0	0	0	0	0	0	0	0	0	0	0	0	0	0	0	0	0	0	0	0	0	0	0	0	0	0	0	0	0	0	0	0	0	0	0	0	0	0	0	0	0	0	0	0	342	0	0	0	0	0	0	0	0	744	0	0	0	0	0	0	0	0	0	0	0	0	0	0	0	0	0	0	0	0	0	0	0	0	0	0	0	0	0	0	0	0	0	0	762	3222	658	3606	0	208	2218	310	806	2604	0	1656	1616	12078	2900	0	0	1164	200	250	2472	2824	1702	3442	4146	2288	
9752	Cerebelum_10_L	0	0	0	0	0	0	0	0	0	0	0	0	0	0	0	0	0	0	0	0	0	0	0	0	0	0	0	0	0	0	0	0	0	0	0	0	0	0	0	0	0	0	0	0	0	0	0	0	0	0	0	0	0	0	0	0	0	0	0	0	0	0	0	0	0	0	0	0	0	0	0	0	0	0	0	0	0	0	0	0	0	0	0	0	0	0	0	0	0	0	268	0	0	0	0	0	618	0	680	0	430	0	962	0	1918	0	0	0	0	0	0	0	0	0	0	0	
7472	Cerebelum_10_R	0	0	0	0	0	0	0	0	0	0	0	0	0	0	0	0	0	0	0	0	0	0	0	0	0	0	0	0	0	0	0	0	0	0	0	0	0	0	0	0	0	0	0	0	0	0	0	0	0	0	0	0	0	0	0	218	0	0	0	0	0	0	0	0	0	0	0	0	0	0	0	0	0	0	0	0	0	0	0	0	0	0	0	0	0	0	0	0	0	0	0	428	0	242	0	0	0	128	0	920	0	0	0	488	0	1164	0	0	0	0	0	0	148	0	0	0	
16628	Vermis_1_2	0	0	0	0	0	0	0	0	0	0	0	0	0	0	0	0	0	0	0	0	0	0	0	0	0	0	0	0	0	0	0	0	0	0	0	0	0	0	0	0	0	0	0	0	0	0	0	0	0	0	0	0	0	0	108	0	0	0	0	0	0	0	0	0	0	0	0	0	0	0	0	0	0	0	0	0	0	0	0	0	0	0	0	0	0	0	0	0	0	0	220	0	0	0	640	212	1030	142	328	208	0	0	0	0	0	200	0	0	0	3504	1394	214	0	0	0	114	
47416	Vermis_3	0	0	0	0	0	0	0	0	0	0	0	0	0	0	0	0	0	0	0	0	0	0	0	0	0	0	0	0	0	0	0	0	0	0	0	0	0	0	208	0	0	0	0	0	0	0	320	188	0	0	0	0	0	0	206	968	0	0	0	0	0	0	0	0	0	0	0	0	0	0	0	0	0	0	0	0	0	0	0	0	0	0	0	0	0	0	0	0	0	0	416	286	0	166	1498	2004	2488	2772	604	2778	0	0	0	242	0	250	0	0	3504	0	3422	338	292	306	294	158	
252360	Vermis_4_5	0	0	0	0	0	0	0	0	0	0	0	0	0	0	0	0	0	0	0	0	0	0	0	0	0	0	0	0	0	0	0	0	0	0	0	338	0	510	0	104	0	0	296	262	0	180	6936	8438	0	0	0	0	286	0	5038	7778	0	0	0	0	0	0	0	0	0	0	0	984	0	0	0	0	0	0	0	0	0	222	0	0	0	0	0	0	0	0	0	0	0	0	7454	3484	588	526	1806	446	19092	13506	11018	11402	410	0	318	512	1764	2472	0	0	1394	3422	0	8124	1912	622	1944	2592	
214872	Vermis_6	0	0	0	0	0	0	0	0	0	0	0	0	0	0	0	0	0	0	0	0	0	0	0	0	0	0	0	0	0	0	0	0	0	0	0	0	0	0	0	0	0	0	0	0	0	0	4582	3198	0	0	0	0	186	0	3382	1554	0	0	0	0	0	0	0	0	0	0	0	0	0	0	0	0	0	0	0	0	0	0	0	0	0	0	0	0	0	0	0	0	0	0	8706	10750	2286	1744	208	258	7988	1620	15856	14296	406	0	586	286	3864	2824	0	0	214	338	8124	0	7906	1128	2598	2548	
208532	Vermis_7	0	0	0	0	0	0	0	0	0	0	0	0	0	0	0	0	0	0	0	0	0	0	0	0	0	0	0	0	0	0	0	0	0	0	0	0	0	0	0	0	0	0	0	0	0	0	506	858	0	0	0	0	0	0	764	1504	0	0	0	0	0	0	0	0	0	0	0	0	0	0	0	0	0	0	0	0	0	0	0	0	0	0	0	0	0	0	0	0	0	0	6646	14678	6876	9438	120	324	2096	1460	8268	13848	1830	1264	4908	5230	3170	1702	0	148	0	292	1912	7906	0	6440	2078	0	
