data	data	457112	315260	1.25206e+06	978716	159352	90344	523868	230604	68012	33892	271284	144920	264608	159848	142828	93044	243220	129152	902832	819072	74672	94528	446572	460856	63112	143860	62840	109608	663248	411684	381784	490588	161108	548764	122272	170424	252176	329200	107404	210644	44504	53756	201492	372412	168444	377388	265800	246752	163680	373416	369568	239392	194468	78024	417604	408496	232220	212592	94028	96480	215044	102420	107844	99096	129532	102020	237676	405748	208672	259936	266964	376196	359416	448972	41544	19816	116584	149080	96988	32012	252540	133332	102680	79636	309480	218024	32300	17848	303508	228484	432048	396556	312272	276956	29548	43680	254560	192852	369788	332500	235828	139660	315676	237140	145976	65952	66888	10348	16068	43208	176536	159120	170984	94452	36748	25792	
data	data	Precentral_L	Precentral_R	Frontal_Sup_L	Frontal_Sup_R	Frontal_Sup_Orb_L	Frontal_Sup_Orb_R	Frontal_Mid_L	Frontal_Mid_R	Frontal_Mid_Orb_L	Frontal_Mid_Orb_R	Frontal_Inf_Oper_L	Frontal_Inf_Oper_R	Frontal_Inf_Tri_L	Frontal_Inf_Tri_R	Frontal_Inf_Orb_L	Frontal_Inf_Orb_R	Rolandic_Oper_L	Rolandic_Oper_R	Supp_Motor_Area_L	Supp_Motor_Area_R	Olfactory_L	Olfactory_R	Frontal_Sup_Medial_L	Frontal_Sup_Medial_R	Frontal_Med_Orb_L	Frontal_Med_Orb_R	Rectus_L	Rectus_R	Insula_L	Insula_R	Cingulum_Ant_L	Cingulum_Ant_R	Cingulum_Mid_L	Cingulum_Mid_R	Cingulum_Post_L	Cingulum_Post_R	Hippocampus_L	Hippocampus_R	ParaHippocampal_L	ParaHippocampal_R	Amygdala_L	Amygdala_R	Calcarine_L	Calcarine_R	Cuneus_L	Cuneus_R	Lingual_L	Lingual_R	Occipital_Sup_L	Occipital_Sup_R	Occipital_Mid_L	Occipital_Mid_R	Occipital_Inf_L	Occipital_Inf_R	Fusiform_L	Fusiform_R	Postcentral_L	Postcentral_R	Parietal_Sup_L	Parietal_Sup_R	Parietal_Inf_L	Parietal_Inf_R	SupraMarginal_L	SupraMarginal_R	Angular_L	Angular_R	Precuneus_L	Precuneus_R	Paracentral_Lobule_L	Paracentral_Lobule_R	Caudate_L	Caudate_R	Putamen_L	Putamen_R	Pallidum_L	Pallidum_R	Thalamus_L	Thalamus_R	Heschl_L	Heschl_R	Temporal_Sup_L	Temporal_Sup_R	Temporal_Pole_Sup_L	Temporal_Pole_Sup_R	Temporal_Mid_L	Temporal_Mid_R	Temporal_Pole_Mid_L	Temporal_Pole_Mid_R	Temporal_Inf_L	Temporal_Inf_R	Cerebelum_Crus1_L	Cerebelum_Crus1_R	Cerebelum_Crus2_L	Cerebelum_Crus2_R	Cerebelum_3_L	Cerebelum_3_R	Cerebelum_4_5_L	Cerebelum_4_5_R	Cerebelum_6_L	Cerebelum_6_R	Cerebelum_7b_L	Cerebelum_7b_R	Cerebelum_8_L	Cerebelum_8_R	Cerebelum_9_L	Cerebelum_9_R	Cerebelum_10_L	Cerebelum_10_R	Vermis_1_2	Vermis_3	Vermis_4_5	Vermis_6	Vermis_7	Vermis_8	Vermis_9	Vermis_10	
457112	Precentral_L	0	6752	18810	4346	0	0	20122	0	0	0	12380	0	2648	0	0	0	8992	0	8946	9028	0	0	0	0	0	0	0	0	9318	222	0	0	0	6200	3708	3786	4210	1366	0	490	0	0	190	0	128	0	0	202	0	0	7004	0	4306	0	2650	260	27168	0	1034	0	6454	0	2470	0	492	0	1208	208	13160	5634	4752	1972	1046	148	772	0	10166	2714	1406	0	2840	0	0	0	4570	0	0	0	3442	0	672	0	0	0	0	0	0	164	0	0	0	0	0	0	0	0	0	0	0	0	0	0	0	0	0	0	
315260	Precentral_R	6752	0	2532	22058	0	0	682	4608	0	0	0	6574	0	1372	0	0	0	1756	3600	7978	0	0	0	0	0	0	0	0	0	2502	0	0	0	4880	562	1184	0	3486	0	792	0	0	120	2038	0	4244	0	386	0	5072	306	1270	0	712	0	2900	1078	23784	0	396	0	1176	0	2746	0	0	352	7126	6460	12748	226	3482	0	1260	0	0	408	5980	0	148	0	466	0	0	0	586	0	0	0	842	0	0	0	0	0	0	0	0	0	0	0	0	0	0	0	0	0	0	0	0	0	0	0	0	0	0	
1.25206e+06	Frontal_Sup_L	18810	2532	0	21498	11468	0	70684	1620	3948	0	18592	186	22576	1688	10008	0	11592	0	110128	29522	816	274	51074	18130	1912	712	1850	0	53236	3268	17744	9884	2986	11882	310	402	6682	966	270	392	128	0	0	390	0	112	0	224	0	0	970	0	256	0	3204	690	4520	0	146	0	464	0	254	0	0	0	402	272	316	132	17628	3892	35048	1716	5708	0	7710	1822	990	0	6130	302	2588	0	3524	286	0	0	7950	488	0	0	0	0	0	0	0	126	0	0	0	0	0	0	0	0	0	0	0	0	0	0	0	0	0	0	
978716	Frontal_Sup_R	4346	22058	21498	0	206	5096	5360	34906	0	306	428	8390	1058	7068	136	4924	138	10730	24540	64032	204	1674	12688	40560	174	6816	0	3902	1132	24386	10414	32544	2960	20724	192	534	176	8222	0	3058	0	0	0	750	0	1006	0	182	0	1548	282	578	0	0	0	4152	1086	3636	0	394	0	486	0	1008	0	146	0	1984	2780	916	1202	24202	678	35396	0	3240	494	9352	0	1738	0	2366	0	1054	0	742	0	0	0	1708	0	346	0	0	0	0	0	0	0	326	0	0	0	0	0	0	0	0	0	0	0	0	0	0	0	0	
159352	Frontal_Sup_Orb_L	0	0	11468	206	0	0	2424	0	10910	0	0	0	866	0	8512	0	0	0	1372	114	2384	0	6548	1138	6702	1042	7612	0	3950	0	6102	760	0	0	0	0	0	0	0	0	0	0	0	0	0	0	0	0	0	0	0	0	0	0	0	0	0	0	0	0	0	0	0	0	0	0	0	0	0	0	1752	222	5300	0	0	0	0	0	0	0	0	0	292	0	0	0	0	0	0	0	0	0	0	0	0	0	0	0	0	0	0	0	0	0	0	0	0	0	0	0	0	0	0	0	0	0	
90344	Frontal_Sup_Orb_R	0	0	0	5096	0	0	0	2418	0	4840	0	0	0	746	0	5618	0	0	0	354	504	2238	144	774	392	6370	148	9760	0	1564	214	244	0	0	0	0	0	0	0	0	0	0	0	0	0	0	0	0	0	0	0	0	0	0	0	0	0	0	0	0	0	0	0	0	0	0	0	0	0	0	562	1364	220	1602	0	0	0	0	0	0	0	0	0	0	0	0	0	0	0	0	0	0	0	0	0	0	0	0	0	0	0	0	0	0	0	0	0	0	0	0	0	0	0	0	0	0	
523868	Frontal_Mid_L	20122	682	70684	5360	2424	0	0	238	3764	0	13182	0	31100	758	8836	0	4814	0	15224	7120	112	0	12734	4958	244	0	0	0	25330	1224	1752	1168	896	2928	150	258	2214	238	0	130	0	0	0	0	0	0	0	0	0	0	1450	0	458	0	550	0	2040	0	590	0	2684	0	648	0	0	0	426	0	0	0	4978	362	3532	392	0	0	1024	132	700	0	1378	0	382	0	826	0	0	0	738	0	0	0	0	0	0	0	0	0	0	0	0	0	0	0	0	0	0	0	0	0	0	0	0	0	0	0	
230604	Frontal_Mid_R	0	4608	1620	34906	0	2418	238	0	0	2024	0	5450	0	14644	0	6518	0	898	1802	3382	0	468	244	1722	0	0	0	422	122	10358	348	1594	150	1738	0	0	0	1712	0	544	0	0	0	210	0	0	0	0	0	174	0	0	0	0	0	850	0	606	0	0	0	118	0	0	0	0	0	294	0	134	0	2302	0	11286	0	0	0	354	0	0	0	252	0	246	0	168	0	0	0	378	0	0	0	0	0	0	0	0	0	0	0	0	0	0	0	0	0	0	0	0	0	0	0	0	0	0	
68012	Frontal_Mid_Orb_L	0	0	3948	0	10910	0	3764	0	0	0	0	0	1748	0	8696	0	0	0	332	0	0	0	134	0	1004	0	1804	0	902	0	360	0	0	0	0	0	0	0	0	0	0	0	0	0	0	0	0	0	0	0	0	0	0	0	0	0	0	0	0	0	0	0	0	0	0	0	0	0	0	0	0	0	404	0	0	0	0	0	0	0	0	0	0	0	0	0	0	0	0	0	0	0	0	0	0	0	0	0	0	0	0	0	0	0	0	0	0	0	0	0	0	0	0	0	0	0	
33892	Frontal_Mid_Orb_R	0	0	0	306	0	4840	0	2024	0	0	0	0	0	1084	0	5288	0	0	0	0	0	382	0	0	0	688	0	1826	0	298	0	0	0	0	0	0	0	0	0	0	0	0	0	0	0	0	0	0	0	0	0	0	0	0	0	0	0	0	0	0	0	0	0	0	0	0	0	0	0	0	0	0	0	210	0	0	0	0	0	0	0	0	0	0	0	0	0	0	0	0	0	0	0	0	0	0	0	0	0	0	0	0	0	0	0	0	0	0	0	0	0	0	0	0	0	0	
271284	Frontal_Inf_Oper_L	12380	0	18592	428	0	0	13182	0	0	0	0	0	16984	0	440	0	14932	0	9906	752	0	0	414	250	0	0	0	0	32432	0	0	0	0	282	0	0	484	0	0	0	0	0	0	0	0	0	0	0	0	0	0	0	0	0	398	0	3560	0	0	0	116	0	0	0	0	0	0	0	0	0	412	0	2544	0	0	0	0	0	298	0	3698	0	2584	0	324	0	0	0	250	0	0	0	0	0	0	0	0	0	0	0	0	0	0	0	0	0	0	0	0	0	0	0	0	0	0	0	
144920	Frontal_Inf_Oper_R	0	6574	186	8390	0	0	0	5450	0	0	0	0	0	9908	0	262	0	7446	244	4320	0	0	0	242	0	0	0	0	0	14770	0	374	0	152	0	0	0	156	0	0	0	0	0	0	0	0	0	0	0	0	0	0	0	0	0	0	0	3938	0	0	0	0	0	282	0	0	0	0	0	0	0	514	0	6076	0	0	0	0	0	224	0	602	0	2350	0	0	0	0	0	0	0	0	0	0	0	0	0	0	0	0	0	0	0	0	0	0	0	0	0	0	0	0	0	0	0	0	
264608	Frontal_Inf_Tri_L	2648	0	22576	1058	866	0	31100	0	1748	0	16984	0	0	174	12936	0	1546	0	6410	1778	0	0	1042	746	0	0	0	0	24678	254	116	168	0	656	0	0	148	0	0	0	0	0	0	0	0	0	0	0	0	0	0	0	0	0	124	0	450	0	0	0	0	0	0	0	0	0	0	0	0	0	706	168	2188	0	0	0	0	0	0	0	448	0	588	0	0	0	0	0	0	0	0	0	0	0	0	0	0	0	0	0	0	0	0	0	0	0	0	0	0	0	0	0	0	0	0	0	
159848	Frontal_Inf_Tri_R	0	1372	1688	7068	0	746	758	14644	0	1084	0	9908	174	0	0	4910	0	1250	1592	3092	0	0	1502	3016	0	0	0	0	0	17386	742	1210	648	2616	0	0	0	0	0	0	0	0	0	0	0	0	0	0	0	0	0	0	0	0	0	0	0	604	0	0	0	0	0	0	0	0	0	0	0	0	0	258	0	3538	0	0	0	0	0	0	0	0	0	118	0	0	0	0	0	0	0	0	0	0	0	0	0	0	0	0	0	0	0	0	0	0	0	0	0	0	0	0	0	0	0	0	
142828	Frontal_Inf_Orb_L	0	0	10008	136	8512	0	8836	0	8696	0	440	0	12936	0	0	0	0	0	2856	288	1714	0	0	0	0	0	2284	0	9452	0	0	0	0	0	0	0	0	0	0	0	0	0	0	0	0	0	0	0	0	0	0	0	0	0	0	0	0	0	0	0	0	0	0	0	0	0	0	0	0	0	830	230	3632	0	0	0	0	0	0	0	0	0	564	0	0	0	0	0	0	0	0	0	0	0	0	0	0	0	0	0	0	0	0	0	0	0	0	0	0	0	0	0	0	0	0	0	
93044	Frontal_Inf_Orb_R	0	0	0	4924	0	5618	0	6518	0	5288	0	262	0	4910	0	0	0	0	172	422	490	2900	120	220	0	146	0	2838	0	5914	154	0	0	436	0	0	0	0	0	256	0	248	0	0	0	0	0	0	0	0	0	0	0	0	0	346	0	0	0	0	0	0	0	0	0	0	0	0	0	0	612	1448	212	1496	0	0	0	0	0	0	0	0	0	572	0	0	0	0	0	0	0	0	0	0	0	0	0	0	0	0	0	0	0	0	0	0	0	0	0	0	0	0	0	0	0	0	
243220	Rolandic_Oper_L	8992	0	11592	138	0	0	4814	0	0	0	14932	0	1546	0	0	0	0	0	6824	186	0	0	0	0	0	0	0	0	26520	0	0	0	0	0	0	0	326	0	0	0	0	0	0	0	0	0	0	0	0	0	912	0	240	0	450	0	12814	0	0	0	762	0	2280	0	188	0	284	0	0	0	118	0	388	0	0	0	0	0	6934	0	13908	0	1864	0	3812	0	0	0	786	0	0	0	0	0	0	0	0	0	0	0	0	0	0	0	0	0	0	0	0	0	0	0	0	0	0	0	
129152	Rolandic_Oper_R	0	1756	0	10730	0	0	0	898	0	0	0	7446	0	1250	0	0	0	0	0	3522	0	0	0	0	0	0	0	0	0	14066	0	0	0	0	0	130	0	1782	0	570	0	0	0	0	0	0	0	0	0	158	0	0	0	0	0	744	0	4078	0	0	0	0	0	2298	0	0	0	138	0	0	0	206	0	3330	0	0	0	0	0	3166	0	5410	0	2236	0	316	0	0	0	346	0	0	0	0	0	0	0	0	0	0	0	0	0	0	0	0	0	0	0	0	0	0	0	0	0	0	
902832	Supp_Motor_Area_L	8946	3600	110128	24540	1372	0	15224	1802	332	0	9906	244	6410	1592	2856	172	6824	0	0	57098	182	130	11404	7816	170	256	334	0	31792	2726	10210	8972	9666	29678	996	474	3522	748	170	200	0	0	0	390	0	112	0	0	0	0	714	0	136	0	1816	662	2722	0	0	0	120	0	0	0	0	0	682	368	9880	914	11942	3584	20108	2260	2796	0	4154	1764	572	0	4856	300	1812	0	2108	286	0	0	5380	486	0	0	0	0	0	0	0	0	0	0	0	0	0	0	0	0	0	0	0	0	0	0	0	0	0	0	
819072	Supp_Motor_Area_R	9028	7978	29522	64032	114	354	7120	3382	0	0	752	4320	1778	3092	288	422	186	3522	57098	0	0	0	5032	12854	0	458	0	124	2274	10376	5564	13748	7224	48248	1710	2382	220	5966	0	2230	0	0	0	420	128	438	0	0	0	396	0	0	0	0	0	3418	170	1152	0	126	0	152	0	424	0	0	422	1022	18064	15370	1084	19538	704	16858	0	1832	246	11942	0	672	0	1070	0	518	0	418	0	0	0	1128	0	196	0	0	0	0	0	0	0	230	0	0	0	0	0	0	0	0	0	0	0	0	0	0	0	0	
74672	Olfactory_L	0	0	816	204	2384	504	112	0	0	0	0	0	0	0	1714	490	0	0	182	0	0	4504	0	0	254	340	2256	1100	2958	0	2294	1820	0	0	0	0	274	0	0	0	680	0	0	0	0	0	0	0	0	0	0	0	0	0	0	0	0	0	0	0	0	0	0	0	0	0	0	0	0	0	5478	3466	3474	1530	0	0	0	0	0	0	0	0	502	0	0	0	0	0	0	0	0	0	0	0	0	0	0	0	0	0	0	0	0	0	0	0	0	0	0	0	0	0	0	0	0	0	
94528	Olfactory_R	0	0	274	1674	0	2238	0	468	0	382	0	0	0	0	0	2900	0	0	130	0	4504	0	0	158	0	1236	456	4804	0	3018	2378	2484	0	0	0	0	0	434	0	308	0	598	0	0	0	0	0	0	0	0	0	0	0	0	0	0	0	0	0	0	0	0	0	0	0	0	0	0	0	0	6430	6472	2828	3090	0	0	0	0	0	0	0	0	0	0	0	0	0	0	0	0	0	0	0	0	0	0	0	0	0	0	0	0	0	0	0	0	0	0	0	0	0	0	0	0	0	0	
446572	Frontal_Sup_Medial_L	0	0	51074	12688	6548	144	12734	244	134	0	414	0	1042	1502	0	120	0	0	11404	5032	0	0	0	34556	3840	2874	482	452	1246	2824	27598	20956	4956	11930	0	0	0	0	0	0	0	0	0	0	0	0	0	0	0	0	0	0	0	0	0	0	0	0	0	0	0	0	0	0	0	0	0	0	0	0	2604	1186	3602	1100	0	0	0	0	0	0	0	0	0	0	0	0	0	0	0	0	0	0	0	0	0	0	0	0	0	0	0	0	0	0	0	0	0	0	0	0	0	0	0	0	0	0	
460856	Frontal_Sup_Medial_R	0	0	18130	40560	1138	774	4958	1722	0	0	250	242	746	3016	0	220	0	0	7816	12854	0	158	34556	0	918	9830	0	2084	554	4952	15068	35730	1556	15590	0	0	0	0	0	0	0	0	0	0	0	0	0	0	0	0	0	0	0	0	0	0	0	0	0	0	0	0	0	0	0	0	0	0	0	0	336	8452	358	7860	0	0	0	0	0	0	0	0	0	0	0	0	0	0	0	0	0	0	0	0	0	0	0	0	0	0	0	0	0	0	0	0	0	0	0	0	0	0	0	0	0	0	
63112	Frontal_Med_Orb_L	0	0	1912	174	6702	392	244	0	1004	0	0	0	0	0	0	0	0	0	170	0	254	0	3840	918	0	2108	3132	512	0	0	6290	834	0	0	0	0	0	0	0	0	0	0	0	0	0	0	0	0	0	0	0	0	0	0	0	0	0	0	0	0	0	0	0	0	0	0	0	0	0	0	1348	248	1474	0	0	0	0	0	0	0	0	0	0	0	0	0	0	0	0	0	0	0	0	0	0	0	0	0	0	0	0	0	0	0	0	0	0	0	0	0	0	0	0	0	0	0	
143860	Frontal_Med_Orb_R	0	0	712	6816	1042	6370	0	0	0	688	0	0	0	0	0	146	0	0	256	458	340	1236	2874	9830	2108	0	256	10622	0	0	5030	11416	0	424	0	0	0	0	0	0	0	0	0	0	0	0	0	0	0	0	0	0	0	0	0	0	0	0	0	0	0	0	0	0	0	0	0	0	0	0	362	5882	382	4680	0	0	0	0	0	0	0	0	0	0	0	0	0	0	0	0	0	0	0	0	0	0	0	0	0	0	0	0	0	0	0	0	0	0	0	0	0	0	0	0	0	0	
62840	Rectus_L	0	0	1850	0	7612	148	0	0	1804	0	0	0	0	0	2284	0	0	0	334	0	2256	456	482	0	3132	256	0	312	1368	0	3346	238	0	0	0	0	0	0	0	0	0	0	0	0	0	0	0	0	0	0	0	0	0	0	0	0	0	0	0	0	0	0	0	0	0	0	0	0	0	0	2422	324	2474	116	0	0	0	0	0	0	0	0	206	0	0	0	0	0	0	0	0	0	0	0	0	0	0	0	0	0	0	0	0	0	0	0	0	0	0	0	0	0	0	0	0	0	
109608	Rectus_R	0	0	0	3902	0	9760	0	422	0	1826	0	0	0	0	0	2838	0	0	0	124	1100	4804	452	2084	512	10622	312	0	0	1216	1464	4724	0	0	0	0	0	0	0	0	0	114	0	0	0	0	0	0	0	0	0	0	0	0	0	0	0	0	0	0	0	0	0	0	0	0	0	0	0	0	1174	3754	570	3030	0	0	0	0	0	0	0	0	0	0	0	0	0	0	0	0	0	0	0	0	0	0	0	0	0	0	0	0	0	0	0	0	0	0	0	0	0	0	0	0	0	0	
663248	Insula_L	9318	0	53236	1132	3950	0	25330	122	902	0	32432	0	24678	0	9452	0	26520	0	31792	2274	2958	0	1246	554	0	0	1368	0	0	180	510	614	0	1188	0	426	11488	424	1652	296	2142	0	0	0	0	0	0	190	0	0	652	0	1124	0	7662	0	4856	0	0	0	244	0	492	0	178	0	208	0	0	0	1670	130	20072	0	0	0	580	154	7612	0	15454	0	6226	0	6372	0	0	0	10946	0	450	0	0	0	0	0	0	168	0	0	0	0	0	0	0	0	0	0	0	0	0	0	0	0	0	0	
411684	Insula_R	222	2502	3268	24386	0	1564	1224	10358	0	298	0	14770	254	17386	0	5914	0	14066	2726	10376	0	3018	2824	4952	0	0	0	1216	180	0	1268	1624	1020	4868	284	552	0	8196	0	2778	0	494	0	282	0	172	0	138	0	214	0	0	0	158	0	5384	0	860	0	0	0	0	0	0	0	0	0	314	130	498	204	3136	120	30396	0	0	136	1136	0	1620	0	6724	0	4560	0	2756	0	0	0	3734	0	414	0	0	0	0	0	0	0	168	0	0	0	0	0	0	0	0	0	0	0	0	0	0	0	0	
381784	Cingulum_Ant_L	0	0	17744	10414	6102	214	1752	348	360	0	0	0	116	742	0	154	0	0	10210	5564	2294	2378	27598	15068	6290	5030	3346	1464	510	1268	0	25922	8564	8498	814	0	0	0	0	0	0	0	0	0	0	0	0	0	0	0	0	0	0	0	0	0	0	0	0	0	0	0	0	0	0	0	264	0	0	0	9540	5986	9088	3250	0	0	0	0	0	0	0	0	0	0	0	0	0	0	0	0	0	0	0	0	0	0	0	0	0	0	0	0	0	0	0	0	0	0	0	0	0	0	0	0	0	0	
490588	Cingulum_Ant_R	0	0	9884	32544	760	244	1168	1594	0	0	0	374	168	1210	0	0	0	0	8972	13748	1820	2484	20956	35730	834	11416	238	4724	614	1624	25922	0	5080	27876	118	138	0	0	0	0	0	0	0	0	0	0	0	0	0	0	0	0	0	0	0	0	0	0	0	0	0	0	0	0	0	0	0	0	0	0	2726	18286	1786	12112	0	0	0	144	0	0	0	0	0	0	0	0	0	0	0	0	0	0	0	0	0	0	0	0	0	0	0	0	0	0	0	0	0	0	0	0	0	0	0	0	0	0	
161108	Cingulum_Mid_L	0	0	2986	2960	0	0	896	150	0	0	0	0	0	648	0	0	0	0	9666	7224	0	0	4956	1556	0	0	0	0	0	1020	8564	5080	0	15952	4812	864	0	0	0	0	0	0	340	0	754	0	0	0	212	134	700	0	0	0	0	0	0	0	0	0	0	0	0	0	0	0	5658	580	4012	578	0	120	0	132	0	0	0	0	0	0	0	0	0	0	0	0	0	0	0	0	0	0	0	0	0	0	0	0	0	0	0	0	0	0	0	0	0	0	0	0	0	0	0	0	0	0	
548764	Cingulum_Mid_R	6200	4880	11882	20724	0	0	2928	1738	0	0	282	152	656	2616	0	436	0	0	29678	48248	0	0	11930	15590	0	424	0	0	1188	4868	8498	27876	15952	0	3138	6948	0	548	0	206	0	0	0	1382	296	1336	0	190	0	350	0	0	0	588	0	1974	0	120	0	0	0	0	0	0	0	0	1192	3282	16192	15954	286	1282	280	990	0	0	0	260	0	0	0	254	0	0	0	142	0	0	0	446	0	0	0	0	0	0	0	0	0	0	0	0	0	0	0	0	0	0	0	0	0	0	0	0	0	0	
122272	Cingulum_Post_L	3708	562	310	192	0	0	150	0	0	0	0	0	0	0	0	0	0	0	996	1710	0	0	0	0	0	0	0	0	0	284	814	118	4812	3138	0	9752	3132	3174	1900	1040	0	0	1766	360	392	140	780	792	0	0	0	0	1598	0	2632	408	0	0	0	0	0	0	0	0	0	0	5616	1736	4520	1360	0	0	0	142	0	0	456	902	0	0	0	0	0	0	0	0	0	0	324	0	502	0	0	0	0	0	0	468	0	0	0	0	0	0	0	0	0	0	0	0	450	0	0	0	0	0	
170424	Cingulum_Post_R	3786	1184	402	534	0	0	258	0	0	0	0	0	0	0	0	0	0	130	474	2382	0	0	0	0	0	0	0	0	426	552	0	138	864	6948	9752	0	3420	7354	900	2596	0	0	574	3720	998	2336	0	2428	0	0	0	0	0	508	964	2580	0	520	0	0	0	0	0	0	0	0	1948	10602	2986	3884	116	0	224	180	0	0	2408	2284	218	118	0	0	0	0	0	0	0	0	126	474	0	0	0	0	0	0	0	942	0	0	0	0	0	0	0	0	0	0	0	0	1974	0	0	0	0	0	
252176	Hippocampus_L	4210	0	6682	176	0	0	2214	0	0	0	484	0	148	0	0	0	326	0	3522	220	274	0	0	0	0	0	0	0	11488	0	0	0	0	0	3132	3420	0	3258	14898	1390	8356	0	1406	0	0	0	3090	1152	0	0	0	0	870	0	19874	0	372	0	0	0	0	0	0	0	0	0	2186	910	0	0	0	0	8686	0	308	0	2820	886	2500	0	2022	0	1936	0	958	0	454	0	8906	0	572	0	0	0	0	0	548	782	314	0	0	0	0	0	0	0	0	0	0	0	338	0	0	0	0	0	
329200	Hippocampus_R	1366	3486	966	8222	0	0	238	1712	0	0	0	156	0	0	0	0	0	1782	748	5966	0	434	0	0	0	0	0	0	424	8196	0	0	0	548	3174	7354	3258	0	746	26728	0	8326	0	772	0	324	0	4542	0	332	0	0	0	0	794	28368	0	628	0	0	0	0	0	0	0	0	0	4196	380	960	0	924	228	12128	0	294	2370	5240	218	774	0	780	0	528	0	274	0	0	126	8418	0	1496	0	382	0	216	0	2054	0	1736	0	0	0	0	0	0	0	0	0	0	1288	0	0	0	0	0	
107404	ParaHippocampal_L	0	0	270	0	0	0	0	0	0	0	0	0	0	0	0	0	0	0	170	0	0	0	0	0	0	0	0	0	1652	0	0	0	0	0	1900	900	14898	746	0	0	2972	0	1414	0	0	0	3448	278	0	0	292	0	1418	0	11580	0	0	0	0	0	0	0	0	0	0	0	2192	650	0	0	0	0	924	0	0	0	300	0	176	0	500	0	2216	0	0	0	1502	0	1472	0	456	0	0	0	170	0	578	0	310	0	0	0	0	0	0	0	0	0	0	0	318	0	0	0	0	0	
210644	ParaHippocampal_R	490	792	392	3058	0	0	130	544	0	0	0	0	0	0	0	256	0	570	200	2230	0	308	0	0	0	0	0	0	296	2778	0	0	0	206	1040	2596	1390	26728	0	0	0	8424	0	438	0	122	0	4356	0	134	0	0	0	0	166	21744	0	0	0	0	0	0	0	0	0	0	0	1502	132	286	0	646	0	6642	0	224	962	1476	198	288	0	298	0	3314	0	146	0	686	0	4158	0	498	0	236	0	250	0	2648	0	924	0	0	0	0	0	0	0	0	0	0	420	0	0	0	0	0	
44504	Amygdala_L	0	0	128	0	0	0	0	0	0	0	0	0	0	0	0	0	0	0	0	0	680	0	0	0	0	0	0	0	2142	0	0	0	0	0	0	0	8356	0	2972	0	0	0	0	0	0	0	0	0	0	0	0	0	0	0	3208	0	0	0	0	0	0	0	0	0	0	0	0	0	0	0	212	0	1280	0	0	0	0	0	0	0	0	0	1392	0	320	0	472	0	1090	0	0	0	0	0	0	0	0	0	0	0	0	0	0	0	0	0	0	0	0	0	0	0	0	0	0	0	
53756	Amygdala_R	0	0	0	0	0	0	0	0	0	0	0	0	0	0	0	248	0	0	0	0	0	598	0	0	0	0	0	114	0	494	0	0	0	0	0	0	0	8326	0	8424	0	0	0	0	0	0	0	0	0	0	0	0	0	0	0	5790	0	0	0	0	0	0	0	0	0	0	0	0	0	0	0	0	0	676	0	0	0	0	0	0	0	0	0	2208	0	0	0	0	0	0	0	0	0	0	0	0	0	0	0	0	0	0	0	0	0	0	0	0	0	0	0	0	0	0	0	0	
201492	Calcarine_L	190	120	0	0	0	0	0	0	0	0	0	0	0	0	0	0	0	0	0	0	0	0	0	0	0	0	0	0	0	0	0	0	340	0	1766	574	1406	0	1414	0	0	0	0	10650	10744	5136	12502	5444	9166	2708	12116	384	4902	0	2804	212	276	0	260	0	0	0	0	0	0	0	10826	1092	268	118	0	0	0	0	0	0	0	0	0	0	0	0	0	0	0	0	0	0	1372	0	704	0	160	0	0	0	970	0	660	0	0	0	118	0	0	0	0	0	0	0	1132	212	0	0	0	0	
372412	Calcarine_R	0	2038	390	750	0	0	0	210	0	0	0	0	0	0	0	0	0	0	390	420	0	0	0	0	0	0	0	0	0	282	0	0	0	1382	360	3720	0	772	0	438	0	0	10650	0	8238	37666	638	20618	182	25910	126	12558	0	5756	0	6096	0	2298	0	368	0	186	0	0	0	0	792	28912	0	4784	0	0	0	126	0	0	0	0	0	0	0	0	0	0	0	3216	0	0	0	5360	0	0	0	0	0	0	0	0	0	252	0	0	0	0	0	0	0	0	0	0	0	322	0	0	0	0	
168444	Cuneus_L	128	0	0	0	0	0	0	0	0	0	0	0	0	0	0	0	0	0	0	128	0	0	0	0	0	0	0	0	0	0	0	0	754	296	392	998	0	0	0	0	0	0	10744	8238	0	8810	2250	1804	16702	3904	10150	1076	2802	150	274	278	162	0	924	0	0	0	0	0	0	0	9404	1748	698	272	0	0	0	0	0	0	0	0	0	0	0	0	0	0	326	0	0	0	644	166	0	0	0	0	0	0	0	0	0	0	0	0	0	0	0	0	0	0	0	0	0	0	0	0	0	0	
377388	Cuneus_R	0	4244	112	1006	0	0	0	0	0	0	0	0	0	0	0	0	0	0	112	438	0	0	0	0	0	0	0	0	0	172	0	0	0	1336	140	2336	0	324	0	122	0	0	5136	37666	8810	0	112	5832	0	42302	0	14220	0	2522	0	2148	0	5716	0	3662	0	284	0	0	0	0	3170	32518	0	8144	0	0	0	0	0	0	0	0	0	0	0	0	0	0	0	3926	0	0	0	2184	0	0	0	0	0	0	0	0	0	0	0	0	0	0	0	0	0	0	0	0	0	0	0	0	0	0	
265800	Lingual_L	0	0	0	0	0	0	0	0	0	0	0	0	0	0	0	0	0	0	0	0	0	0	0	0	0	0	0	0	0	0	0	0	0	0	780	0	3090	0	3448	0	0	0	12502	638	2250	112	0	1584	5030	0	14766	0	10972	0	15722	284	0	0	0	0	0	0	0	0	0	0	6530	0	0	0	0	0	0	0	0	0	0	0	0	0	0	0	0	0	0	0	0	0	312	0	9880	644	1278	252	474	0	13732	226	16270	816	472	0	902	0	350	0	0	0	0	0	5042	3580	592	0	0	370	
246752	Lingual_R	202	386	224	182	0	0	0	0	0	0	0	0	0	0	0	0	0	0	0	0	0	0	0	0	0	0	0	0	190	138	0	0	0	190	792	2428	1152	4542	278	4356	0	0	5444	20618	1804	5832	1584	0	172	4212	128	2302	0	3070	420	14966	0	266	0	0	0	0	0	0	0	0	210	8154	0	392	0	0	0	0	0	0	590	318	134	0	0	0	0	0	0	562	0	0	0	1350	890	4784	150	1554	186	390	1048	5910	1484	6732	0	0	0	0	0	0	0	0	0	308	5258	5560	1534	0	0	0	
163680	Occipital_Sup_L	0	0	0	0	0	0	0	0	0	0	0	0	0	0	0	0	0	0	0	0	0	0	0	0	0	0	0	0	0	0	0	0	212	0	0	0	0	0	0	0	0	0	9166	182	16702	0	5030	172	0	0	26166	0	3132	0	576	0	410	0	9448	0	548	0	0	0	0	0	9884	0	212	0	0	0	0	0	0	0	0	0	0	0	0	0	0	0	0	0	0	0	0	0	0	0	0	0	0	0	0	0	0	0	0	0	0	0	0	0	0	0	0	0	0	0	0	0	0	0	
373416	Occipital_Sup_R	0	5072	0	1548	0	0	0	174	0	0	0	0	0	0	0	0	0	158	0	396	0	0	0	0	0	0	0	0	0	214	0	0	134	350	0	0	0	332	0	134	0	0	2708	25910	3904	42302	0	4212	0	0	0	24524	0	2332	0	1692	0	6328	0	8512	0	3194	0	700	0	3380	2194	24226	0	8300	0	0	0	0	0	0	0	0	0	0	0	330	0	0	0	9172	0	0	0	4276	0	0	0	0	0	0	0	0	0	0	0	0	0	0	0	0	0	0	0	0	0	0	0	0	0	0	
369568	Occipital_Mid_L	7004	306	970	282	0	0	1450	0	0	0	0	0	0	0	0	0	912	0	714	0	0	0	0	0	0	0	0	0	652	0	0	0	700	0	0	0	0	0	292	0	0	0	12116	126	10150	0	14766	128	26166	0	0	0	23022	0	5910	0	5562	0	9630	0	12574	0	1712	0	14298	0	12358	0	1490	0	0	0	0	0	0	0	0	0	0	0	1350	0	0	0	15022	0	0	0	4824	0	138	0	0	0	0	0	0	0	160	0	0	0	0	0	0	0	0	0	0	0	0	0	0	0	0	0	
239392	Occipital_Mid_R	0	1270	0	578	0	0	0	0	0	0	0	0	0	0	0	0	0	0	0	0	0	0	0	0	0	0	0	0	0	0	0	0	0	0	0	0	0	0	0	0	0	0	384	12558	1076	14220	0	2302	0	24524	0	0	0	3906	0	1444	0	1834	0	2916	0	5172	0	744	0	13524	712	8458	0	2132	0	0	0	0	0	0	0	0	0	0	0	2372	0	0	0	17490	0	0	0	2080	0	0	0	0	0	0	0	0	0	0	0	0	0	0	0	0	0	0	0	0	0	0	0	0	0	0	
194468	Occipital_Inf_L	4306	0	256	0	0	0	458	0	0	0	0	0	0	0	0	0	240	0	136	0	0	0	0	0	0	0	0	0	1124	0	0	0	0	0	1598	0	870	0	1418	0	0	0	4902	0	2802	0	10972	0	3132	0	23022	0	0	0	16246	0	318	0	0	0	0	0	0	0	0	0	6640	0	1240	0	0	0	0	0	0	0	0	0	1200	0	316	0	0	0	2350	0	0	0	9456	0	3386	0	0	0	0	0	190	0	542	0	0	0	0	0	0	0	0	0	0	0	114	0	0	0	0	0	
78024	Occipital_Inf_R	0	712	0	0	0	0	0	0	0	0	0	0	0	0	0	0	0	0	0	0	0	0	0	0	0	0	0	0	0	158	0	0	0	588	0	508	0	0	0	0	0	0	0	5756	150	2522	0	3070	0	2332	0	3906	0	0	0	8906	0	116	0	0	0	162	0	0	0	0	0	2408	0	1044	0	0	0	0	0	0	0	0	0	0	0	0	0	0	0	1138	0	0	0	5536	0	0	0	0	0	0	0	0	0	0	0	0	0	0	0	0	0	0	0	0	0	0	0	0	0	0	
417604	Fusiform_L	2650	0	3204	0	0	0	550	0	0	0	398	0	124	0	0	0	450	0	1816	0	0	0	0	0	0	0	0	0	7662	0	0	0	0	0	2632	964	19874	794	11580	166	3208	0	2804	0	274	0	15722	420	576	0	5910	0	16246	0	0	0	120	0	0	0	0	0	0	0	0	0	4880	574	964	0	0	0	3246	0	0	0	462	0	2664	0	3150	0	4596	0	2734	0	1998	0	21832	0	24550	0	1118	0	0	0	10070	116	24950	0	0	0	456	0	214	0	226	0	0	0	872	854	132	0	0	0	
408496	Fusiform_R	260	2900	690	4152	0	0	0	850	0	0	0	0	0	0	0	346	0	744	662	3418	0	0	0	0	0	0	0	0	0	5384	0	0	0	1974	408	2580	0	28368	0	21744	0	5790	212	6096	278	2148	284	14966	0	1692	0	1444	0	8906	0	0	0	464	0	112	0	180	0	0	0	0	0	5502	266	2968	0	718	0	9036	0	220	114	1282	0	462	0	818	0	6008	0	1576	0	1192	0	20256	0	12458	0	1738	0	176	0	4664	322	13056	0	164	0	288	0	0	0	0	0	0	1100	2334	478	0	0	0	
232220	Postcentral_L	27168	1078	4520	1086	0	0	2040	0	0	0	3560	0	450	0	0	0	12814	0	2722	170	0	0	0	0	0	0	0	0	4856	0	0	0	0	0	0	0	372	0	0	0	0	0	276	0	162	0	0	0	410	0	5562	0	318	0	120	0	0	0	5374	0	14930	0	11006	0	220	0	2360	0	2442	0	0	0	0	0	0	0	474	0	2814	0	6068	0	0	0	2384	0	0	0	354	0	0	0	0	0	0	0	0	0	0	0	0	0	0	0	0	0	0	0	0	0	0	0	0	0	0	0	
212592	Postcentral_R	0	23784	0	3636	0	0	0	606	0	0	0	3938	0	604	0	0	0	4078	0	1152	0	0	0	0	0	0	0	0	0	860	0	0	0	120	0	520	0	628	0	0	0	0	0	2298	0	5716	0	266	0	6328	0	1834	0	116	0	464	0	0	0	5350	0	5790	0	14086	0	482	276	11150	0	8202	0	0	0	156	0	0	0	0	0	216	0	1066	0	0	0	1396	0	0	0	1178	0	0	0	0	0	0	0	0	0	0	0	0	0	0	0	0	0	0	0	0	0	0	0	0	0	0	
94028	Parietal_Sup_L	1034	0	146	0	0	0	590	0	0	0	0	0	0	0	0	0	0	0	0	0	0	0	0	0	0	0	0	0	0	0	0	0	0	0	0	0	0	0	0	0	0	0	260	0	924	0	0	0	9448	0	9630	0	0	0	0	0	5374	0	0	0	6718	0	130	0	1528	0	10440	0	792	0	0	0	0	0	0	0	0	0	0	0	0	0	0	0	0	0	0	0	0	0	0	0	0	0	0	0	0	0	0	0	0	0	0	0	0	0	0	0	0	0	0	0	0	0	0	0	
96480	Parietal_Sup_R	0	396	0	394	0	0	0	0	0	0	0	0	0	0	0	0	0	0	0	126	0	0	0	0	0	0	0	0	0	0	0	0	0	0	0	0	0	0	0	0	0	0	0	368	0	3662	0	0	0	8512	0	2916	0	0	0	112	0	5350	0	0	0	9590	0	608	0	6352	0	6616	0	2072	0	0	0	0	0	0	0	0	0	0	0	0	0	0	0	658	0	0	0	508	0	0	0	0	0	0	0	0	0	0	0	0	0	0	0	0	0	0	0	0	0	0	0	0	0	0	
215044	Parietal_Inf_L	6454	0	464	0	0	0	2684	0	0	0	116	0	0	0	0	0	762	0	120	0	0	0	0	0	0	0	0	0	244	0	0	0	0	0	0	0	0	0	0	0	0	0	0	0	0	0	0	0	548	0	12574	0	0	0	0	0	14930	0	6718	0	0	0	16414	0	26234	0	1012	0	378	0	0	0	0	0	0	0	0	0	158	0	2332	0	0	0	12584	0	0	0	2796	0	0	0	0	0	0	0	0	0	0	0	0	0	0	0	0	0	0	0	0	0	0	0	0	0	0	0	
102420	Parietal_Inf_R	0	1176	0	486	0	0	0	118	0	0	0	0	0	0	0	0	0	0	0	152	0	0	0	0	0	0	0	0	0	0	0	0	0	0	0	0	0	0	0	0	0	0	0	186	0	284	0	0	0	3194	0	5172	0	162	0	180	0	5790	0	9590	0	0	0	6994	0	13346	0	1298	0	404	0	0	0	0	0	0	0	0	0	0	0	172	0	0	0	810	0	0	0	1696	0	0	0	0	0	0	0	0	0	0	0	0	0	0	0	0	0	0	0	0	0	0	0	0	0	0	
107844	SupraMarginal_L	2470	0	254	0	0	0	648	0	0	0	0	0	0	0	0	0	2280	0	0	0	0	0	0	0	0	0	0	0	492	0	0	0	0	0	0	0	0	0	0	0	0	0	0	0	0	0	0	0	0	0	1712	0	0	0	0	0	11006	0	130	0	16414	0	0	0	4344	0	266	0	0	0	0	0	0	0	0	0	0	0	720	0	5664	0	0	0	5960	0	0	0	1562	0	0	0	0	0	0	0	0	0	0	0	0	0	0	0	0	0	0	0	0	0	0	0	0	0	0	0	
99096	SupraMarginal_R	0	2746	0	1008	0	0	0	0	0	0	0	282	0	0	0	0	0	2298	0	424	0	0	0	0	0	0	0	0	0	0	0	0	0	0	0	0	0	0	0	0	0	0	0	0	0	0	0	0	0	700	0	744	0	0	0	0	0	14086	0	608	0	6994	0	0	0	3520	0	462	0	0	0	0	0	0	0	0	0	0	0	0	0	4784	0	0	0	7196	0	0	0	3696	0	0	0	0	0	0	0	0	0	0	0	0	0	0	0	0	0	0	0	0	0	0	0	0	0	0	
129532	Angular_L	492	0	0	0	0	0	0	0	0	0	0	0	0	0	0	0	188	0	0	0	0	0	0	0	0	0	0	0	178	0	0	0	0	0	0	0	0	0	0	0	0	0	0	0	0	0	0	0	0	0	14298	0	0	0	0	0	220	0	1528	0	26234	0	4344	0	0	0	212	0	0	0	0	0	0	0	0	0	0	0	112	0	1832	0	0	0	13484	0	0	0	1644	0	0	0	0	0	0	0	0	0	0	0	0	0	0	0	0	0	0	0	0	0	0	0	0	0	0	0	
102020	Angular_R	0	0	0	146	0	0	0	0	0	0	0	0	0	0	0	0	0	0	0	0	0	0	0	0	0	0	0	0	0	0	0	0	0	0	0	0	0	0	0	0	0	0	0	0	0	0	0	0	0	3380	0	13524	0	0	0	0	0	482	0	6352	0	13346	0	3520	0	0	0	144	0	0	0	0	0	0	0	0	0	0	0	0	0	4518	0	0	0	4326	0	0	0	1272	0	0	0	0	0	0	0	0	0	0	0	0	0	0	0	0	0	0	0	0	0	0	0	0	0	0	
237676	Precuneus_L	1208	352	402	0	0	0	426	0	0	0	0	0	0	0	0	0	284	0	682	422	0	0	0	0	0	0	0	0	208	0	264	0	5658	1192	5616	1948	2186	0	2192	0	0	0	10826	792	9404	3170	6530	210	9884	2194	12358	712	6640	0	4880	0	2360	276	10440	0	1012	0	266	0	212	0	0	5256	1902	606	0	0	0	0	0	0	0	0	0	0	404	0	0	0	334	398	0	0	3472	0	592	0	0	0	0	0	308	0	0	0	0	0	0	0	0	0	0	0	0	0	360	0	0	0	0	0	
405748	Precuneus_R	208	7126	272	1984	0	0	0	294	0	0	0	0	0	0	0	0	0	138	368	1022	0	0	0	0	0	0	0	0	0	314	0	0	580	3282	1736	10602	910	4196	650	1502	0	0	1092	28912	1748	32518	0	8154	0	24226	0	8458	0	2408	574	5502	0	11150	0	6616	0	1298	0	462	0	144	5256	0	158	17320	0	0	0	152	0	0	258	258	0	0	0	0	0	0	0	4528	0	0	0	3768	0	0	0	0	0	0	0	0	0	278	0	0	0	0	0	0	0	0	0	0	2190	262	0	0	0	0	
208672	Paracentral_Lobule_L	13160	6460	316	2780	0	0	0	0	0	0	0	0	0	0	0	0	0	0	9880	18064	0	0	0	0	0	0	0	0	0	130	0	0	4012	16192	4520	2986	0	380	0	132	0	0	268	0	698	0	0	0	212	0	1490	0	1240	0	964	266	2442	0	792	0	378	0	0	0	0	0	1902	158	0	10704	198	384	128	0	0	0	804	366	0	0	292	0	0	0	716	0	0	0	572	0	350	0	0	0	0	0	0	0	0	0	0	0	0	0	0	0	0	0	0	0	0	0	0	0	0	0	
259936	Paracentral_Lobule_R	5634	12748	132	916	0	0	0	134	0	0	0	0	0	0	0	0	0	0	914	15370	0	0	0	0	0	0	0	0	0	498	0	0	578	15954	1360	3884	0	960	0	286	0	0	118	4784	272	8144	0	392	0	8300	0	2132	0	1044	0	2968	0	8202	0	2072	0	404	0	0	0	0	606	17320	10704	0	0	0	0	130	0	0	0	256	0	0	0	292	0	0	0	1416	0	0	0	1044	0	0	0	0	0	0	0	0	0	0	0	0	0	0	0	0	0	0	0	0	0	0	0	0	0	0	
266964	Caudate_L	4752	226	17628	1202	1752	562	4978	0	0	0	412	0	706	0	830	612	118	0	11942	1084	5478	6430	2604	336	1348	362	2422	1174	1670	204	9540	2726	0	286	0	116	0	0	0	0	212	0	0	0	0	0	0	0	0	0	0	0	0	0	0	0	0	0	0	0	0	0	0	0	0	0	0	0	198	0	0	16260	18314	2408	3902	0	8824	1864	0	0	0	0	0	0	0	0	0	0	0	0	0	0	0	0	0	0	0	0	0	0	0	0	0	0	0	0	0	0	0	0	0	0	0	0	0	0	
376196	Caudate_R	1972	3482	3892	24202	222	1364	362	2302	0	0	0	514	168	258	230	1448	0	206	3584	19538	3466	6472	1186	8452	248	5882	324	3754	130	3136	5986	18286	120	1282	0	0	0	924	0	646	0	0	0	0	0	0	0	0	0	0	0	0	0	0	0	718	0	0	0	0	0	0	0	0	0	0	0	0	384	0	16260	0	4674	25012	334	1296	1314	13570	0	0	0	162	0	114	0	0	0	0	0	222	0	0	0	0	0	0	0	0	0	0	0	0	0	0	0	0	0	0	0	0	0	0	0	0	0	0	
359416	Putamen_L	1046	0	35048	678	5300	220	3532	0	404	0	2544	0	2188	0	3632	212	388	0	20108	704	3474	2828	3602	358	1474	382	2474	570	20072	120	9088	1786	0	280	0	224	8686	228	924	0	1280	0	0	0	0	0	0	0	0	0	0	0	0	0	3246	0	0	0	0	0	0	0	0	0	0	0	0	0	128	0	18314	4674	0	1636	5668	0	2312	128	154	0	1390	0	1084	0	1600	0	0	0	5520	0	0	0	0	0	0	0	0	0	0	0	0	0	0	0	0	0	0	0	0	0	0	0	0	0	0	0	
448972	Putamen_R	148	1260	1716	35396	0	1602	392	11286	0	210	0	6076	0	3538	0	1496	0	3330	2260	16858	1530	3090	1100	7860	0	4680	116	3030	0	30396	3250	12112	132	990	142	180	0	12128	0	6642	0	676	0	126	0	0	0	0	0	0	0	0	0	0	0	9036	0	156	0	0	0	0	0	0	0	0	0	152	0	130	2408	25012	1636	0	0	2656	0	2376	0	0	0	862	0	1318	0	278	0	0	0	3374	0	598	0	116	0	0	0	0	0	630	0	0	0	0	0	0	0	0	0	0	0	0	0	0	0	0	
41544	Pallidum_L	772	0	5708	0	0	0	0	0	0	0	0	0	0	0	0	0	0	0	2796	0	0	0	0	0	0	0	0	0	0	0	0	0	0	0	0	0	308	0	0	0	0	0	0	0	0	0	0	0	0	0	0	0	0	0	0	0	0	0	0	0	0	0	0	0	0	0	0	0	0	0	3902	334	5668	0	0	0	1284	0	0	0	0	0	0	0	0	0	0	0	0	0	0	0	0	0	0	0	0	0	0	0	0	0	0	0	0	0	0	0	0	0	0	0	0	0	0	0	
19816	Pallidum_R	0	0	0	3240	0	0	0	0	0	0	0	0	0	0	0	0	0	0	0	1832	0	0	0	0	0	0	0	0	0	0	0	0	0	0	0	0	0	294	0	224	0	0	0	0	0	0	0	0	0	0	0	0	0	0	0	220	0	0	0	0	0	0	0	0	0	0	0	0	0	0	0	1296	0	2656	0	0	0	146	0	0	0	0	0	0	0	0	0	0	0	0	0	0	0	0	0	0	0	0	0	0	0	0	0	0	0	0	0	0	0	0	0	0	0	0	0	0	
116584	Thalamus_L	10166	408	7710	494	0	0	1024	0	0	0	0	0	0	0	0	0	0	0	4154	246	0	0	0	0	0	0	0	0	580	136	0	0	0	0	456	2408	2820	2370	300	962	0	0	0	0	0	0	0	590	0	0	0	0	0	0	462	114	474	0	0	0	0	0	0	0	0	0	0	258	804	0	8824	1314	2312	0	1284	0	0	6802	140	0	0	0	0	0	0	0	0	0	180	0	0	0	0	0	0	0	0	500	0	0	0	0	0	0	0	0	0	0	0	0	0	0	0	0	0	0	
149080	Thalamus_R	2714	5980	1822	9352	0	0	132	354	0	0	0	0	0	0	0	0	0	0	1764	11942	0	0	0	0	0	0	0	0	154	1136	0	144	0	260	902	2284	886	5240	0	1476	0	0	0	0	0	0	0	318	0	0	0	0	0	0	0	1282	0	0	0	0	0	0	0	0	0	0	0	258	366	256	1864	13570	128	2376	0	146	6802	0	0	166	0	0	0	0	0	0	0	0	0	172	0	0	0	0	0	0	0	120	0	174	0	0	0	0	0	0	0	0	0	0	0	0	0	0	0	0	
96988	Heschl_L	1406	0	990	0	0	0	700	0	0	0	298	0	0	0	0	0	6934	0	572	0	0	0	0	0	0	0	0	0	7612	0	0	0	0	0	0	218	2500	218	176	198	0	0	0	0	0	0	0	134	0	0	0	0	1200	0	2664	0	2814	0	0	0	158	0	720	0	112	0	0	0	0	0	0	0	154	0	0	0	140	0	0	0	9460	0	0	0	5736	0	0	0	2700	0	550	0	0	0	0	0	0	130	0	0	0	0	0	0	0	0	0	0	0	0	0	0	0	0	0	0	
32012	Heschl_R	0	148	0	1738	0	0	0	0	0	0	0	224	0	0	0	0	0	3166	0	672	0	0	0	0	0	0	0	0	0	1620	0	0	0	0	0	118	0	774	0	288	0	0	0	0	0	0	0	0	0	0	0	0	0	0	0	462	0	216	0	0	0	0	0	0	0	0	0	0	0	0	0	0	0	0	0	0	0	166	0	0	0	5020	0	0	0	892	0	0	0	502	0	0	0	0	0	0	0	0	0	0	0	0	0	0	0	0	0	0	0	0	0	0	0	0	0	0	
252540	Temporal_Sup_L	2840	0	6130	0	0	0	1378	0	0	0	3698	0	448	0	0	0	13908	0	4856	0	0	0	0	0	0	0	0	0	15454	0	0	0	0	0	0	0	2022	0	500	0	0	0	0	0	0	0	0	0	0	0	1350	0	316	0	3150	0	6068	0	0	0	2332	0	5664	0	1832	0	404	0	292	0	0	0	1390	0	0	0	0	0	9460	0	0	0	4972	0	27172	0	420	0	9998	0	216	0	0	0	0	0	0	0	0	0	0	0	0	0	0	0	0	0	0	0	0	0	0	0	0	0	
133332	Temporal_Sup_R	0	466	302	2366	0	0	0	252	0	0	0	602	0	0	0	0	0	5410	300	1070	0	0	0	0	0	0	0	0	0	6724	0	0	0	254	0	0	0	780	0	298	0	0	0	0	0	0	0	0	0	330	0	2372	0	0	0	818	0	1066	0	0	0	172	0	4784	0	4518	0	0	0	292	0	162	0	862	0	0	0	0	0	5020	0	0	0	4340	0	18550	0	250	0	4306	0	0	0	0	0	0	0	0	0	0	0	0	0	0	0	0	0	0	0	0	0	0	0	0	0	0	
102680	Temporal_Pole_Sup_L	0	0	2588	0	292	0	382	0	0	0	2584	0	588	0	564	0	1864	0	1812	0	502	0	0	0	0	0	206	0	6226	0	0	0	0	0	0	0	1936	0	2216	0	1392	0	0	0	0	0	0	0	0	0	0	0	0	0	4596	0	0	0	0	0	0	0	0	0	0	0	0	0	0	0	0	0	1084	0	0	0	0	0	0	0	4972	0	0	0	6808	0	4970	0	5758	0	0	0	0	0	0	0	0	0	0	0	0	0	0	0	0	0	0	0	0	0	0	0	0	0	0	0	
79636	Temporal_Pole_Sup_R	0	0	0	1054	0	0	0	246	0	0	0	2350	0	118	0	572	0	2236	0	518	0	0	0	0	0	0	0	0	0	4560	0	0	0	0	0	0	0	528	0	3314	0	2208	0	0	0	0	0	0	0	0	0	0	0	0	0	6008	0	0	0	0	0	0	0	0	0	0	0	0	0	0	0	114	0	1318	0	0	0	0	0	0	0	4340	0	0	0	3478	0	2734	0	4122	0	0	0	0	0	0	0	0	0	0	0	0	0	0	0	0	0	0	0	0	0	0	0	0	0	0	
309480	Temporal_Mid_L	4570	0	3524	0	0	0	826	0	0	0	324	0	0	0	0	0	3812	0	2108	0	0	0	0	0	0	0	0	0	6372	0	0	0	0	0	0	0	958	0	0	0	320	0	0	0	326	0	0	0	0	0	15022	0	2350	0	2734	0	2384	0	0	0	12584	0	5960	0	13484	0	334	0	716	0	0	0	1600	0	0	0	0	0	5736	0	27172	0	6808	0	0	0	3904	0	30598	0	214	0	0	0	0	0	0	0	0	0	0	0	0	0	0	0	0	0	0	0	0	0	0	0	0	0	
218024	Temporal_Mid_R	0	586	286	742	0	0	0	168	0	0	0	0	0	0	0	0	0	316	286	418	0	0	0	0	0	0	0	0	0	2756	0	0	0	142	0	0	0	274	0	146	0	0	0	3216	0	3926	0	562	0	9172	0	17490	0	1138	0	1576	0	1396	0	658	0	810	0	7196	0	4326	398	4528	0	1416	0	0	0	278	0	0	0	0	0	892	0	18550	0	3478	0	0	0	1810	0	20076	0	0	0	0	0	0	0	0	0	0	0	0	0	0	0	0	0	0	0	0	0	0	0	0	0	0	
32300	Temporal_Pole_Mid_L	0	0	0	0	0	0	0	0	0	0	0	0	0	0	0	0	0	0	0	0	0	0	0	0	0	0	0	0	0	0	0	0	0	0	0	0	454	0	1502	0	472	0	0	0	0	0	0	0	0	0	0	0	0	0	1998	0	0	0	0	0	0	0	0	0	0	0	0	0	0	0	0	0	0	0	0	0	0	0	0	0	420	0	4970	0	3904	0	0	0	2430	0	0	0	0	0	0	0	0	0	0	0	0	0	0	0	0	0	0	0	0	0	0	0	0	0	0	0	
17848	Temporal_Pole_Mid_R	0	0	0	0	0	0	0	0	0	0	0	0	0	0	0	0	0	0	0	0	0	0	0	0	0	0	0	0	0	0	0	0	0	0	0	0	0	0	0	686	0	0	0	0	0	0	0	0	0	0	0	0	0	0	0	1192	0	0	0	0	0	0	0	0	0	0	0	0	0	0	0	0	0	0	0	0	0	0	0	0	0	250	0	2734	0	1810	0	0	0	2252	0	0	0	0	0	0	0	0	0	0	0	0	0	0	0	0	0	0	0	0	0	0	0	0	0	0	
303508	Temporal_Inf_L	3442	0	7950	0	0	0	738	0	0	0	250	0	0	0	0	0	786	0	5380	0	0	0	0	0	0	0	0	0	10946	0	0	0	0	0	324	126	8906	126	1472	0	1090	0	1372	0	644	0	312	0	0	0	4824	0	9456	0	21832	0	354	0	0	0	2796	0	1562	0	1644	0	3472	0	572	0	0	0	5520	0	0	0	180	0	2700	0	9998	0	5758	0	30598	0	2430	0	0	0	3550	0	140	0	0	0	0	0	504	0	0	0	0	0	0	0	0	0	0	0	0	0	0	0	0	0	
228484	Temporal_Inf_R	0	842	488	1708	0	0	0	378	0	0	0	0	0	0	0	0	0	346	486	1128	0	0	0	0	0	0	0	0	0	3734	0	0	0	446	0	474	0	8418	0	4158	0	0	0	5360	166	2184	0	1350	0	4276	0	2080	0	5536	0	20256	0	1178	0	508	0	1696	0	3696	0	1272	0	3768	0	1044	0	222	0	3374	0	0	0	172	0	502	0	4306	0	4122	0	20076	0	2252	0	0	0	1830	0	0	0	0	0	0	0	260	0	0	0	0	0	0	0	0	0	0	150	0	0	0	0	0	
432048	Cerebelum_Crus1_L	672	0	0	0	0	0	0	0	0	0	0	0	0	0	0	0	0	0	0	0	0	0	0	0	0	0	0	0	450	0	0	0	0	0	502	0	572	0	456	0	0	0	704	0	0	0	9880	890	0	0	138	0	3386	0	24550	0	0	0	0	0	0	0	0	0	0	0	592	0	350	0	0	0	0	0	0	0	0	0	550	0	216	0	0	0	214	0	0	0	3550	0	0	2820	28688	4286	814	0	22382	792	51580	1402	9092	750	17442	370	6254	0	5134	0	0	0	3296	5692	6550	566	134	308	
396556	Cerebelum_Crus1_R	0	0	0	346	0	0	0	0	0	0	0	0	0	0	0	0	0	0	0	196	0	0	0	0	0	0	0	0	0	414	0	0	0	0	0	0	0	1496	0	498	0	0	0	0	0	0	644	4784	0	0	0	0	0	0	0	12458	0	0	0	0	0	0	0	0	0	0	0	0	0	0	0	0	0	598	0	0	0	0	0	0	0	0	0	0	0	0	0	0	0	1830	2820	0	1116	32454	0	3184	1832	22392	2632	51646	532	6714	638	16834	324	404	0	580	0	1264	8702	9232	11064	358	140	152	
312272	Cerebelum_Crus2_L	0	0	0	0	0	0	0	0	0	0	0	0	0	0	0	0	0	0	0	0	0	0	0	0	0	0	0	0	0	0	0	0	0	0	0	0	0	0	0	0	0	0	160	0	0	0	1278	150	0	0	0	0	0	0	1118	0	0	0	0	0	0	0	0	0	0	0	0	0	0	0	0	0	0	0	0	0	0	0	0	0	0	0	0	0	0	0	0	0	140	0	28688	1116	0	6646	156	0	4962	140	10238	324	33330	2888	33526	2114	8648	0	5868	0	0	0	764	1628	8726	3324	204	0	
276956	Cerebelum_Crus2_R	0	0	0	0	0	0	0	0	0	0	0	0	0	0	0	0	0	0	0	0	0	0	0	0	0	0	0	0	0	0	0	0	0	0	0	0	0	382	0	236	0	0	0	0	0	0	252	1554	0	0	0	0	0	0	0	1738	0	0	0	0	0	0	0	0	0	0	0	0	0	0	0	0	0	116	0	0	0	0	0	0	0	0	0	0	0	0	0	0	0	0	4286	32454	6646	0	130	592	866	2472	1606	9976	3190	17672	2346	24720	360	2200	0	400	0	694	2082	4372	13118	3216	464	338	
29548	Cerebelum_3_L	0	0	0	0	0	0	0	0	0	0	0	0	0	0	0	0	0	0	0	0	0	0	0	0	0	0	0	0	0	0	0	0	0	0	0	0	0	0	170	0	0	0	0	0	0	0	474	186	0	0	0	0	0	0	0	0	0	0	0	0	0	0	0	0	0	0	0	0	0	0	0	0	0	0	0	0	0	0	0	0	0	0	0	0	0	0	0	0	0	0	814	0	156	130	0	0	5346	0	1374	0	0	0	596	124	1268	0	0	0	500	1746	928	606	222	0	0	134	
43680	Cerebelum_3_R	0	0	0	0	0	0	0	0	0	0	0	0	0	0	0	0	0	0	0	0	0	0	0	0	0	0	0	0	0	0	0	0	0	0	0	0	0	216	0	250	0	0	0	0	0	0	0	390	0	0	0	0	0	0	0	176	0	0	0	0	0	0	0	0	0	0	0	0	0	0	0	0	0	0	0	0	0	0	0	0	0	0	0	0	0	0	0	0	0	0	0	3184	0	592	0	0	0	4700	0	5168	0	362	0	936	0	470	0	0	634	3776	370	154	184	144	134	0	
254560	Cerebelum_4_5_L	0	0	0	0	0	0	0	0	0	0	0	0	0	0	0	0	0	0	0	0	0	0	0	0	0	0	0	0	0	0	0	0	0	0	0	0	548	0	578	0	0	0	970	0	0	0	13732	1048	0	0	0	0	190	0	10070	0	0	0	0	0	0	0	0	0	0	0	308	0	0	0	0	0	0	0	0	0	0	0	0	0	0	0	0	0	0	0	0	0	0	0	22382	1832	4962	866	5346	0	0	650	31016	1794	2350	0	5342	936	3258	442	466	0	402	960	9768	4358	838	434	472	962	
192852	Cerebelum_4_5_R	164	0	126	0	0	0	0	0	0	0	0	0	0	0	0	0	0	0	0	0	0	0	0	0	0	0	0	0	168	0	0	0	0	0	468	942	782	2054	0	2648	0	0	0	0	0	0	226	5910	0	0	0	0	0	0	116	4664	0	0	0	0	0	0	0	0	0	0	0	0	0	0	0	0	0	0	0	0	500	120	130	0	0	0	0	0	0	0	0	0	0	0	792	22392	140	2472	0	4700	650	0	900	28560	0	726	0	2994	0	140	0	184	0	1432	7854	1802	1670	0	0	0	
369788	Cerebelum_6_L	0	0	0	0	0	0	0	0	0	0	0	0	0	0	0	0	0	0	0	0	0	0	0	0	0	0	0	0	0	0	0	0	0	0	0	0	314	0	310	0	0	0	660	0	0	0	16270	1484	0	0	160	0	542	0	24950	322	0	0	0	0	0	0	0	0	0	0	0	0	0	0	0	0	0	0	0	0	0	0	0	0	0	0	0	0	0	0	0	0	504	0	51580	2632	10238	1606	1374	0	31016	900	0	1894	4192	0	8980	380	3790	266	1902	0	0	0	5986	8318	3158	214	334	618	
332500	Cerebelum_6_R	0	0	0	326	0	0	0	0	0	0	0	0	0	0	0	0	0	0	0	230	0	0	0	0	0	0	0	0	0	168	0	0	0	0	0	0	0	1736	0	924	0	0	0	252	0	0	816	6732	0	0	0	0	0	0	0	13056	0	0	0	0	0	0	0	0	0	0	0	278	0	0	0	0	0	630	0	0	0	174	0	0	0	0	0	0	0	0	0	0	0	260	1402	51646	324	9976	0	5168	1794	28560	1894	0	162	1866	186	7820	142	460	0	626	0	1728	9924	9580	7220	190	0	0	
235828	Cerebelum_7b_L	0	0	0	0	0	0	0	0	0	0	0	0	0	0	0	0	0	0	0	0	0	0	0	0	0	0	0	0	0	0	0	0	0	0	0	0	0	0	0	0	0	0	0	0	0	0	472	0	0	0	0	0	0	0	0	0	0	0	0	0	0	0	0	0	0	0	0	0	0	0	0	0	0	0	0	0	0	0	0	0	0	0	0	0	0	0	0	0	0	0	9092	532	33330	3190	0	0	2350	0	4192	162	0	3524	34340	4242	8072	0	2690	0	0	0	478	350	4310	6356	232	0	
139660	Cerebelum_7b_R	0	0	0	0	0	0	0	0	0	0	0	0	0	0	0	0	0	0	0	0	0	0	0	0	0	0	0	0	0	0	0	0	0	0	0	0	0	0	0	0	0	0	0	0	0	0	0	0	0	0	0	0	0	0	0	164	0	0	0	0	0	0	0	0	0	0	0	0	0	0	0	0	0	0	0	0	0	0	0	0	0	0	0	0	0	0	0	0	0	0	750	6714	2888	17672	0	362	0	726	0	1866	3524	0	2376	22122	0	3600	0	350	0	0	0	0	2774	3942	0	0	
315676	Cerebelum_8_L	0	0	0	0	0	0	0	0	0	0	0	0	0	0	0	0	0	0	0	0	0	0	0	0	0	0	0	0	0	0	0	0	0	0	0	0	0	0	0	0	0	0	118	0	0	0	902	0	0	0	0	0	0	0	456	0	0	0	0	0	0	0	0	0	0	0	0	0	0	0	0	0	0	0	0	0	0	0	0	0	0	0	0	0	0	0	0	0	0	0	17442	638	33526	2346	596	0	5342	0	8980	186	34340	2376	0	4638	23378	340	8308	0	116	126	576	946	4024	7014	900	224	
237140	Cerebelum_8_R	0	0	0	0	0	0	0	0	0	0	0	0	0	0	0	0	0	0	0	0	0	0	0	0	0	0	0	0	0	0	0	0	0	0	0	0	0	0	0	0	0	0	0	0	0	0	0	0	0	0	0	0	0	0	0	288	0	0	0	0	0	0	0	0	0	0	0	0	0	0	0	0	0	0	0	0	0	0	0	0	0	0	0	0	0	0	0	0	0	0	370	16834	2114	24720	124	936	936	2994	380	7820	4242	22122	4638	0	514	11502	0	1624	278	1044	2604	370	3102	6902	1710	402	
145976	Cerebelum_9_L	0	0	0	0	0	0	0	0	0	0	0	0	0	0	0	0	0	0	0	0	0	0	0	0	0	0	0	0	0	0	0	0	0	0	0	0	0	0	0	0	0	0	0	0	0	0	350	0	0	0	0	0	0	0	214	0	0	0	0	0	0	0	0	0	0	0	0	0	0	0	0	0	0	0	0	0	0	0	0	0	0	0	0	0	0	0	0	0	0	0	6254	324	8648	360	1268	0	3258	0	3790	142	8072	0	23378	514	0	1272	8850	0	0	0	780	1494	986	1174	1198	662	
65952	Cerebelum_9_R	0	0	0	0	0	0	0	0	0	0	0	0	0	0	0	0	0	0	0	0	0	0	0	0	0	0	0	0	0	0	0	0	0	0	0	0	0	0	0	0	0	0	0	0	0	0	0	0	0	0	0	0	0	0	0	0	0	0	0	0	0	0	0	0	0	0	0	0	0	0	0	0	0	0	0	0	0	0	0	0	0	0	0	0	0	0	0	0	0	0	0	404	0	2200	0	470	442	140	266	460	0	3600	340	11502	1272	0	0	1410	560	830	308	940	658	1902	3564	1708	
66888	Cerebelum_10_L	0	0	0	0	0	0	0	0	0	0	0	0	0	0	0	0	0	0	0	0	0	0	0	0	0	0	0	0	0	0	0	0	0	0	0	0	0	0	0	0	0	0	0	0	0	0	0	0	0	0	0	0	0	0	226	0	0	0	0	0	0	0	0	0	0	0	0	0	0	0	0	0	0	0	0	0	0	0	0	0	0	0	0	0	0	0	0	0	0	0	5134	0	5868	0	0	0	466	0	1902	0	2690	0	8308	0	8850	0	0	0	0	0	0	0	0	0	0	0	
10348	Cerebelum_10_R	0	0	0	0	0	0	0	0	0	0	0	0	0	0	0	0	0	0	0	0	0	0	0	0	0	0	0	0	0	0	0	0	0	0	0	0	0	0	0	0	0	0	0	0	0	0	0	0	0	0	0	0	0	0	0	0	0	0	0	0	0	0	0	0	0	0	0	0	0	0	0	0	0	0	0	0	0	0	0	0	0	0	0	0	0	0	0	0	0	0	0	580	0	400	0	0	0	184	0	626	0	350	0	1624	0	1410	0	0	0	0	0	0	0	0	0	0	
16068	Vermis_1_2	0	0	0	0	0	0	0	0	0	0	0	0	0	0	0	0	0	0	0	0	0	0	0	0	0	0	0	0	0	0	0	0	0	0	0	0	0	0	0	0	0	0	0	0	0	0	0	0	0	0	0	0	0	0	0	0	0	0	0	0	0	0	0	0	0	0	0	0	0	0	0	0	0	0	0	0	0	0	0	0	0	0	0	0	0	0	0	0	0	0	0	0	0	0	500	634	402	0	0	0	0	0	116	278	0	560	0	0	0	3732	532	0	162	552	566	0	
43208	Vermis_3	0	0	0	0	0	0	0	0	0	0	0	0	0	0	0	0	0	0	0	0	0	0	0	0	0	0	0	0	0	0	0	0	0	0	0	0	0	0	0	0	0	0	0	0	0	0	0	308	0	0	0	0	0	0	0	0	0	0	0	0	0	0	0	0	0	0	0	0	0	0	0	0	0	0	0	0	0	0	0	0	0	0	0	0	0	0	0	0	0	0	0	1264	0	694	1746	3776	960	1432	0	1728	0	0	126	1044	0	830	0	0	3732	0	1966	138	296	906	658	0	
176536	Vermis_4_5	0	0	0	0	0	0	0	0	0	0	0	0	0	0	0	0	0	0	0	0	0	0	0	0	0	0	0	0	0	0	0	0	0	0	450	1974	338	1288	318	420	0	0	1132	0	0	0	5042	5258	0	0	0	0	114	0	872	1100	0	0	0	0	0	0	0	0	0	0	360	2190	0	0	0	0	0	0	0	0	0	0	0	0	0	0	0	0	0	0	0	0	0	150	3296	8702	764	2082	928	370	9768	7854	5986	9924	478	0	576	2604	780	308	0	0	532	1966	0	6566	1434	876	528	940	
159120	Vermis_6	0	0	0	0	0	0	0	0	0	0	0	0	0	0	0	0	0	0	0	0	0	0	0	0	0	0	0	0	0	0	0	0	0	0	0	0	0	0	0	0	0	0	212	322	0	0	3580	5560	0	0	0	0	0	0	854	2334	0	0	0	0	0	0	0	0	0	0	0	262	0	0	0	0	0	0	0	0	0	0	0	0	0	0	0	0	0	0	0	0	0	0	5692	9232	1628	4372	606	154	4358	1802	8318	9580	350	0	946	370	1494	940	0	0	0	138	6566	0	6456	598	958	1878	
170984	Vermis_7	0	0	0	0	0	0	0	0	0	0	0	0	0	0	0	0	0	0	0	0	0	0	0	0	0	0	0	0	0	0	0	0	0	0	0	0	0	0	0	0	0	0	0	0	0	0	592	1534	0	0	0	0	0	0	132	478	0	0	0	0	0	0	0	0	0	0	0	0	0	0	0	0	0	0	0	0	0	0	0	0	0	0	0	0	0	0	0	0	0	0	6550	11064	8726	13118	222	184	838	1670	3158	7220	4310	2774	4024	3102	986	658	0	0	162	296	1434	6456	0	3942	1044	818	
