data	data	485744	316120	819928	831484	207648	125312	361068	220368	128860	45908	243156	210072	367180	169160	211412	208880	276860	164604	744884	618228	188120	180848	308552	362020	45036	90588	142788	142808	724136	467468	276248	464688	139096	525332	193584	179352	319508	426112	151220	270516	78832	65504	278312	257056	185288	285056	394300	280928	184056	334392	542652	236684	131312	121492	626508	567424	365564	249452	156788	110356	273580	138516	173980	159332	235396	144664	354208	376020	217024	169360	340596	465016	325612	446440	55896	27964	203656	160088	155104	43312	303784	140080	183544	80724	444432	274144	58740	37756	413308	372828	544364	390328	347416	236136	106464	77372	417700	227504	616156	425064	265804	141600	399648	315792	236752	265076	31556	46948	52940	111860	234112	248332	201088	188732	195200	20948	
data	data	Precentral_L	Precentral_R	Frontal_Sup_L	Frontal_Sup_R	Frontal_Sup_Orb_L	Frontal_Sup_Orb_R	Frontal_Mid_L	Frontal_Mid_R	Frontal_Mid_Orb_L	Frontal_Mid_Orb_R	Frontal_Inf_Oper_L	Frontal_Inf_Oper_R	Frontal_Inf_Tri_L	Frontal_Inf_Tri_R	Frontal_Inf_Orb_L	Frontal_Inf_Orb_R	Rolandic_Oper_L	Rolandic_Oper_R	Supp_Motor_Area_L	Supp_Motor_Area_R	Olfactory_L	Olfactory_R	Frontal_Sup_Medial_L	Frontal_Sup_Medial_R	Frontal_Med_Orb_L	Frontal_Med_Orb_R	Rectus_L	Rectus_R	Insula_L	Insula_R	Cingulum_Ant_L	Cingulum_Ant_R	Cingulum_Mid_L	Cingulum_Mid_R	Cingulum_Post_L	Cingulum_Post_R	Hippocampus_L	Hippocampus_R	ParaHippocampal_L	ParaHippocampal_R	Amygdala_L	Amygdala_R	Calcarine_L	Calcarine_R	Cuneus_L	Cuneus_R	Lingual_L	Lingual_R	Occipital_Sup_L	Occipital_Sup_R	Occipital_Mid_L	Occipital_Mid_R	Occipital_Inf_L	Occipital_Inf_R	Fusiform_L	Fusiform_R	Postcentral_L	Postcentral_R	Parietal_Sup_L	Parietal_Sup_R	Parietal_Inf_L	Parietal_Inf_R	SupraMarginal_L	SupraMarginal_R	Angular_L	Angular_R	Precuneus_L	Precuneus_R	Paracentral_Lobule_L	Paracentral_Lobule_R	Caudate_L	Caudate_R	Putamen_L	Putamen_R	Pallidum_L	Pallidum_R	Thalamus_L	Thalamus_R	Heschl_L	Heschl_R	Temporal_Sup_L	Temporal_Sup_R	Temporal_Pole_Sup_L	Temporal_Pole_Sup_R	Temporal_Mid_L	Temporal_Mid_R	Temporal_Pole_Mid_L	Temporal_Pole_Mid_R	Temporal_Inf_L	Temporal_Inf_R	Cerebelum_Crus1_L	Cerebelum_Crus1_R	Cerebelum_Crus2_L	Cerebelum_Crus2_R	Cerebelum_3_L	Cerebelum_3_R	Cerebelum_4_5_L	Cerebelum_4_5_R	Cerebelum_6_L	Cerebelum_6_R	Cerebelum_7b_L	Cerebelum_7b_R	Cerebelum_8_L	Cerebelum_8_R	Cerebelum_9_L	Cerebelum_9_R	Cerebelum_10_L	Cerebelum_10_R	Vermis_1_2	Vermis_3	Vermis_4_5	Vermis_6	Vermis_7	Vermis_8	Vermis_9	Vermis_10	
485744	Precentral_L	0	8838	18330	4070	0	0	11454	0	0	0	5252	0	646	0	0	92	9060	0	13130	7746	0	0	0	0	0	0	0	0	13284	182	0	0	842	8670	2256	2702	6338	2234	654	1050	0	0	174	112	0	202	284	122	0	462	1634	138	258	168	3522	886	30100	5074	194	0	1596	0	942	0	730	0	820	3588	20740	8220	416	810	7524	426	2718	164	12314	2700	7914	0	2794	0	962	0	2706	198	396	0	2878	1156	0	0	0	0	0	0	0	0	0	0	0	0	0	0	0	0	0	0	0	0	0	0	0	0	0	0	
316120	Precentral_R	8838	0	4342	14100	0	0	1174	7246	0	0	428	7008	312	628	0	0	434	1600	3834	4892	0	0	0	0	0	0	0	0	3752	5566	0	0	0	1404	1104	1812	1094	8578	0	3522	0	0	0	274	0	842	0	154	0	1096	972	336	0	362	644	3996	2904	13574	284	252	990	1462	0	2238	888	774	1856	4038	3324	5444	956	2188	3282	3394	2386	448	1568	7444	304	128	1402	332	246	0	1132	1036	0	0	770	2572	0	0	0	0	0	0	0	100	0	0	0	0	0	0	0	0	0	0	0	0	0	0	0	0	0	0	
819928	Frontal_Sup_L	18330	4342	0	12142	5282	104	55474	458	1356	0	23828	384	27486	162	3356	3030	12880	410	85654	17088	86	0	31080	3212	842	0	216	0	30290	1014	7812	4058	3028	8958	158	0	710	348	0	0	0	0	0	0	0	0	0	0	0	0	0	0	0	0	1098	182	7498	316	0	0	0	0	0	88	0	0	108	426	750	862	2634	4522	6490	2616	1818	0	278	0	2878	0	6196	0	4992	0	582	0	790	0	1160	102	0	0	0	0	0	0	0	0	0	0	0	0	0	0	0	0	0	0	0	0	0	0	0	0	0	0	
831484	Frontal_Sup_R	4070	14100	12142	0	94	2700	2072	38048	0	448	512	20874	956	13706	162	4588	364	13578	18676	57194	168	164	9084	39930	0	1298	126	502	2128	29260	6116	30996	1632	28460	0	0	86	2230	0	1060	0	0	0	0	0	0	0	0	0	92	0	0	0	0	140	1648	1710	1828	0	110	0	242	0	284	0	86	184	266	110	0	1926	18052	610	23976	266	2106	498	1950	126	0	374	516	294	258	0	180	0	0	122	264	0	0	0	0	0	0	0	0	0	0	0	0	0	0	0	0	0	0	0	0	0	0	0	0	0	0	
207648	Frontal_Sup_Orb_L	0	0	5282	94	0	1242	2762	0	13912	116	0	0	4642	0	11956	1128	0	0	208	0	7038	5056	2516	558	4338	980	11464	3096	3894	306	3898	1568	0	0	0	0	0	0	0	0	138	434	0	0	0	0	0	0	0	0	0	0	0	0	0	0	0	0	0	0	0	0	0	0	0	0	0	0	0	0	8492	2668	4018	1020	0	0	0	0	0	0	0	0	826	174	0	0	0	0	0	0	0	0	0	0	0	0	0	0	0	0	0	0	0	0	0	0	0	0	0	0	0	0	0	0	0	0	
125312	Frontal_Sup_Orb_R	0	0	104	2700	1242	0	0	1130	310	6538	0	0	86	930	728	5554	0	0	96	278	2326	3608	730	4044	268	5412	1686	8274	364	1598	700	3896	0	0	0	0	0	0	0	0	0	0	0	0	0	0	0	0	0	0	0	0	0	0	0	0	0	0	0	0	0	0	0	0	0	0	0	0	0	0	2382	3810	738	2912	0	0	0	0	0	0	0	0	212	0	0	0	0	0	0	0	0	0	0	0	0	0	0	0	0	0	0	0	0	0	0	0	0	0	0	0	0	0	0	0	0	0	
361068	Frontal_Mid_L	11454	1174	55474	2072	2762	0	0	0	3718	0	8066	0	27398	0	1890	1694	456	0	12654	1404	0	0	15944	2020	104	0	0	0	10512	98	3218	2330	688	2538	0	0	396	0	0	0	0	0	0	0	0	0	0	0	0	0	0	0	0	0	1024	0	2026	0	0	0	86	0	318	0	0	0	0	0	130	140	336	1892	2012	102	880	0	190	0	1532	0	394	0	0	0	416	0	0	0	992	0	0	0	0	0	0	0	0	0	0	0	0	0	0	0	0	0	0	0	0	0	0	0	0	0	0	0	
220368	Frontal_Mid_R	0	7246	458	38048	0	1130	0	0	0	1178	0	9688	160	12114	0	2216	0	2062	1486	7206	0	0	102	2456	0	0	0	0	628	9620	230	1364	0	3278	0	0	0	1212	0	448	0	0	0	0	0	0	0	0	0	90	0	0	0	0	0	568	0	536	0	0	0	142	0	398	0	0	216	346	0	0	108	968	0	3810	0	290	0	0	0	0	258	0	0	0	0	0	0	0	0	124	0	0	0	0	0	0	0	0	0	0	0	0	0	0	0	0	0	0	0	0	0	0	0	0	0	0	
128860	Frontal_Mid_Orb_L	0	0	1356	0	13912	310	3718	0	0	0	0	0	5686	0	15116	150	0	0	0	0	2358	2074	326	384	380	416	5014	1152	2034	130	898	1094	0	0	0	0	0	0	0	0	0	192	0	0	0	0	0	0	0	0	0	0	0	0	0	0	0	0	0	0	0	0	0	0	0	0	0	0	0	0	2798	1086	3264	494	0	0	0	0	0	0	0	0	88	0	0	0	0	0	0	0	0	0	0	0	0	0	0	0	0	0	0	0	0	0	0	0	0	0	0	0	0	0	0	0	0	0	
45908	Frontal_Mid_Orb_R	0	0	0	448	116	6538	0	1178	0	0	0	0	0	1288	0	6126	0	0	0	128	280	364	0	502	0	1006	144	1168	0	308	0	578	0	0	0	0	0	0	0	0	0	0	0	0	0	0	0	0	0	0	0	0	0	0	0	0	0	0	0	0	0	0	0	0	0	0	0	0	0	0	280	722	94	1686	0	0	0	0	0	0	0	0	0	0	0	0	0	0	0	0	0	0	0	0	0	0	0	0	0	0	0	0	0	0	0	0	0	0	0	0	0	0	0	0	0	0	
243156	Frontal_Inf_Oper_L	5252	428	23828	512	0	0	8066	0	0	0	0	0	15994	0	228	1144	9764	0	18210	364	0	0	0	0	0	0	0	0	14056	176	254	0	94	0	0	0	90	432	0	226	0	0	0	0	0	0	0	0	0	0	0	0	0	0	86	310	1764	0	0	0	0	0	0	0	0	0	0	0	0	0	1884	2048	1378	686	0	0	0	0	742	0	5374	0	7230	0	92	0	734	0	132	0	0	0	0	0	0	0	0	0	0	0	0	0	0	0	0	0	0	0	0	0	0	0	0	0	0	0	
210072	Frontal_Inf_Oper_R	0	7008	384	20874	0	0	0	9688	0	0	0	0	0	6736	0	624	0	10162	754	10806	0	0	0	580	0	0	0	0	382	20346	128	456	0	4018	0	0	0	832	0	208	0	0	0	0	0	0	0	0	0	100	0	0	0	0	0	386	0	912	0	0	0	0	0	406	0	0	274	398	0	0	190	644	90	6550	0	168	0	0	0	0	194	250	0	324	0	0	0	0	0	164	0	0	0	0	0	0	0	0	0	0	0	0	0	0	0	0	0	0	0	0	0	0	0	0	0	0	
367180	Frontal_Inf_Tri_L	646	312	27486	956	4642	86	27398	160	5686	0	15994	0	0	136	13588	3124	460	0	9962	506	128	0	8928	398	516	0	216	0	29272	316	6064	736	1420	302	144	0	0	0	0	0	0	0	0	0	0	0	0	0	0	0	0	0	0	0	0	0	200	0	0	0	0	0	0	0	0	0	92	0	0	0	10022	5980	5324	1478	0	0	0	96	152	0	96	0	568	0	0	0	0	0	0	0	0	0	0	0	0	0	0	0	0	0	0	0	0	0	0	0	0	0	0	0	0	0	0	0	0	0	
169160	Frontal_Inf_Tri_R	0	628	162	13706	0	930	0	12114	0	1288	0	6736	136	0	0	5268	0	408	1328	7872	0	0	348	3836	0	0	0	0	132	15646	914	3130	0	7178	0	0	0	0	0	0	0	0	0	0	0	0	0	0	0	0	0	0	0	0	0	0	0	228	0	0	0	0	0	0	0	0	0	0	0	0	0	1712	0	880	0	0	0	0	0	0	0	0	0	0	0	0	0	0	0	0	0	0	0	0	0	0	0	0	0	0	0	0	0	0	0	0	0	0	0	0	0	0	0	0	0	0	
211412	Frontal_Inf_Orb_L	0	0	3356	162	11956	728	1890	0	15116	0	228	0	13588	0	0	734	0	0	872	0	5810	3172	2122	476	582	624	5144	1864	13614	244	1792	1268	0	0	0	0	380	0	0	0	558	322	0	0	0	0	0	0	0	0	0	0	0	0	206	0	0	0	0	0	0	0	0	0	0	0	0	0	0	0	5748	2070	7760	952	0	0	0	0	0	0	0	0	2238	130	0	0	0	0	0	0	0	0	0	0	0	0	0	0	0	0	0	0	0	0	0	0	0	0	0	0	0	0	0	0	0	0	
208880	Frontal_Inf_Orb_R	92	0	3030	4588	1128	5554	1694	2216	150	6126	1144	624	3124	5268	734	0	0	0	3158	3260	2454	2586	208	950	112	630	1170	2960	2590	6122	1532	1822	0	1898	0	0	0	0	0	144	0	0	0	0	0	0	0	0	0	0	0	0	0	0	0	356	0	0	0	0	0	0	0	0	0	0	0	0	0	0	4662	19050	904	9640	252	0	484	484	0	0	0	104	198	788	0	104	0	234	0	112	0	0	0	0	0	0	0	0	0	0	0	0	0	0	0	0	0	0	0	0	0	0	0	0	0	0	
276860	Rolandic_Oper_L	9060	434	12880	364	0	0	456	0	0	0	9764	0	460	0	0	0	0	0	14100	168	0	0	0	0	0	0	0	0	22224	134	0	0	110	0	110	0	108	426	0	226	0	0	104	0	144	0	92	0	174	0	2348	0	110	0	420	310	16024	108	798	0	1364	0	5924	0	538	0	424	0	0	0	420	648	462	564	0	0	0	0	9284	0	14560	0	7826	0	2174	0	1402	0	1184	0	0	0	0	0	0	0	0	0	0	0	0	0	0	0	0	0	0	0	0	0	0	0	0	0	0	0	
164604	Rolandic_Oper_R	0	1600	410	13578	0	0	0	2062	0	0	0	10162	0	408	0	0	0	0	454	3274	0	0	0	120	0	0	0	0	312	20972	0	0	0	580	0	0	0	804	0	112	0	0	0	0	0	250	0	0	0	308	0	0	0	0	0	516	0	3486	0	0	0	0	0	3712	0	100	168	430	230	0	220	686	116	4486	0	218	0	0	0	2404	86	6098	0	2624	0	638	0	0	0	678	0	0	0	0	0	0	0	0	0	0	0	0	0	0	0	0	0	0	0	0	0	0	0	0	0	0	
744884	Supp_Motor_Area_L	13130	3834	85654	18676	208	96	12654	1486	0	0	18210	754	9962	1328	872	3158	14100	454	0	38818	236	0	8242	5592	0	0	0	0	29608	2354	5758	6388	8594	22410	890	112	1044	404	0	90	0	0	0	0	0	0	0	0	0	102	0	0	0	0	984	226	7694	838	0	0	0	110	0	130	0	0	666	420	4078	3214	4940	4934	6176	3132	288	98	212	0	2578	0	7740	0	5254	0	764	0	798	0	1842	108	0	0	0	0	0	0	0	0	0	0	0	0	0	0	0	0	0	0	0	0	0	0	0	0	0	0	
618228	Supp_Motor_Area_R	7746	4892	17088	57194	0	278	1404	7206	0	128	364	10806	506	7872	0	3260	168	3274	38818	0	0	0	3794	12338	0	0	0	0	1438	14404	3258	14582	3662	47730	164	202	134	1226	0	626	0	0	0	0	0	0	0	0	0	0	0	0	0	0	102	1032	1624	1480	0	0	0	0	0	0	0	0	188	400	5578	11928	1564	7104	1096	9402	902	336	590	0	294	0	238	88	214	0	114	0	0	0	126	152	0	0	0	0	0	0	0	0	0	0	0	0	0	0	0	0	0	0	0	0	0	0	0	0	0	0	
188120	Olfactory_L	0	0	86	168	7038	2326	0	0	2358	280	0	0	128	0	5810	2454	0	0	236	0	0	10772	164	1012	610	1476	7490	5416	4832	412	2570	3264	0	0	0	0	812	0	482	0	1486	488	0	0	0	0	0	0	0	0	0	0	0	0	582	0	0	0	0	0	0	0	0	0	0	0	0	0	0	0	14098	6030	6412	2432	308	0	0	0	0	0	0	0	1574	188	0	0	0	0	266	0	0	0	0	0	0	0	0	0	0	0	0	0	0	0	0	0	0	0	0	0	0	0	0	0	0	0	
180848	Olfactory_R	0	0	0	164	5056	3608	0	0	2074	364	0	0	0	0	3172	2586	0	0	0	0	10772	0	154	1164	306	2494	6216	8172	582	3188	3074	5022	0	0	0	0	0	0	0	92	0	820	0	0	0	0	0	0	0	0	0	0	0	0	0	0	0	0	0	0	0	0	0	0	0	0	0	0	0	0	12624	8230	5396	4108	234	0	0	0	0	0	0	0	414	338	0	0	0	0	0	0	0	0	0	0	0	0	0	0	0	0	0	0	0	0	0	0	0	0	0	0	0	0	0	0	0	0	
308552	Frontal_Sup_Medial_L	0	0	31080	9084	2516	730	15944	102	326	0	0	0	8928	348	2122	208	0	0	8242	3794	164	154	0	14598	2576	1294	556	100	3008	622	15532	15316	3872	9570	0	0	0	0	0	0	0	0	0	0	0	0	0	0	0	0	0	0	0	0	0	0	0	0	0	0	0	0	0	0	0	0	0	0	0	0	1042	702	1272	474	0	0	0	0	0	0	0	0	0	0	0	0	0	0	0	0	0	0	0	0	0	0	0	0	0	0	0	0	0	0	0	0	0	0	0	0	0	0	0	0	0	0	
362020	Frontal_Sup_Medial_R	0	0	3212	39930	558	4044	2020	2456	384	502	0	580	398	3836	476	950	0	120	5592	12338	1012	1164	14598	0	430	4446	756	2098	390	5160	6048	31368	514	16624	0	0	0	0	0	0	0	0	0	0	0	0	0	0	0	0	0	0	0	0	0	0	0	0	0	0	0	0	0	0	0	0	0	0	0	0	1254	9308	464	7666	0	0	314	0	0	0	0	0	0	0	0	0	0	0	0	0	0	0	0	0	0	0	0	0	0	0	0	0	0	0	0	0	0	0	0	0	0	0	0	0	0	0	
45036	Frontal_Med_Orb_L	0	0	842	0	4338	268	104	0	380	0	0	0	516	0	582	112	0	0	0	0	610	306	2576	430	0	658	2910	242	212	0	4808	546	0	0	0	0	0	0	0	0	0	0	0	0	0	0	0	0	0	0	0	0	0	0	0	0	0	0	0	0	0	0	0	0	0	0	0	0	0	0	1224	202	652	0	0	0	0	0	0	0	0	0	0	0	0	0	0	0	0	0	0	0	0	0	0	0	0	0	0	0	0	0	0	0	0	0	0	0	0	0	0	0	0	0	0	0	
90588	Frontal_Med_Orb_R	0	0	0	1298	980	5412	0	0	416	1006	0	0	0	0	624	630	0	0	0	0	1476	2494	1294	4446	658	0	1708	6968	0	124	2198	6624	0	0	0	0	0	0	0	0	0	0	0	0	0	0	0	0	0	0	0	0	0	0	0	0	0	0	0	0	0	0	0	0	0	0	0	0	0	0	1434	2950	380	2174	0	0	0	0	0	0	0	0	0	0	0	0	0	0	0	0	0	0	0	0	0	0	0	0	0	0	0	0	0	0	0	0	0	0	0	0	0	0	0	0	0	0	
142788	Rectus_L	0	0	216	126	11464	1686	0	0	5014	144	0	0	216	0	5144	1170	0	0	0	0	7490	6216	556	756	2910	1708	0	4214	906	312	3928	2470	0	0	0	0	0	0	0	0	0	442	0	0	0	0	0	0	0	0	0	0	0	0	0	0	0	0	0	0	0	0	0	0	0	0	0	0	0	0	7794	2912	1562	1300	0	0	0	0	0	0	0	0	562	176	0	0	0	0	0	0	0	0	0	0	0	0	0	0	0	0	0	0	0	0	0	0	0	0	0	0	0	0	0	0	0	0	
142808	Rectus_R	0	0	0	502	3096	8274	0	0	1152	1168	0	0	0	0	1864	2960	0	0	0	0	5416	8172	100	2098	242	6968	4214	0	364	1820	898	5272	0	0	0	0	0	0	0	0	0	0	0	0	0	0	0	0	0	0	0	0	0	0	0	0	0	0	0	0	0	0	0	0	0	0	0	0	0	0	5430	5206	1756	4160	0	0	0	0	0	0	0	0	272	0	0	0	0	0	0	0	0	0	0	0	0	0	0	0	0	0	0	0	0	0	0	0	0	0	0	0	0	0	0	0	0	0	
724136	Insula_L	13284	3752	30290	2128	3894	364	10512	628	2034	0	14056	382	29272	132	13614	2590	22224	312	29608	1438	4832	582	3008	390	212	0	906	364	0	1042	4024	690	1162	398	398	0	10430	1130	1340	550	3684	0	0	0	0	0	356	0	0	0	1374	0	376	0	10652	764	11146	1000	398	0	606	258	1754	336	276	0	274	0	348	276	10984	8506	22886	3398	212	328	878	136	16044	0	18280	0	13380	0	6012	0	842	0	13374	144	122	0	0	0	0	0	556	0	136	0	0	0	0	0	0	0	0	0	0	0	0	0	0	0	0	0	
467468	Insula_R	182	5566	1014	29260	306	1598	98	9620	130	308	176	20346	316	15646	244	6122	134	20972	2354	14404	412	3188	622	5160	0	124	312	1820	1042	0	958	3714	0	7686	0	0	0	8850	0	4294	0	1750	0	0	0	0	0	0	0	0	0	0	0	0	0	6312	170	2028	0	0	0	0	0	1356	0	0	0	0	414	0	880	5390	464	27844	0	220	0	106	0	1964	340	6362	174	7514	0	1540	0	232	0	1696	0	0	0	0	0	0	0	0	0	0	0	0	0	0	0	0	0	0	0	0	0	0	0	0	0	0	
276248	Cingulum_Ant_L	0	0	7812	6116	3898	700	3218	230	898	0	254	128	6064	914	1792	1532	0	0	5758	3258	2570	3074	15532	6048	4808	2198	3928	898	4024	958	0	21778	5714	5430	878	0	0	0	0	0	0	0	0	0	0	0	0	0	0	0	0	0	0	0	0	0	0	0	0	0	0	0	0	0	0	0	410	256	0	0	5818	6158	2958	2114	0	0	0	0	0	0	0	0	0	0	0	0	0	0	0	0	0	0	0	0	0	0	0	0	0	0	0	0	0	0	0	0	0	0	0	0	0	0	0	0	0	0	
464688	Cingulum_Ant_R	0	0	4058	30996	1568	3896	2330	1364	1094	578	0	456	736	3130	1268	1822	0	0	6388	14582	3264	5022	15316	31368	546	6624	2470	5272	690	3714	21778	0	2948	24460	222	0	0	0	0	0	0	0	0	0	0	0	0	0	0	0	0	0	0	0	0	0	0	0	0	0	0	0	0	0	0	0	132	0	0	0	4960	16634	1634	10654	0	0	370	0	0	0	0	0	0	0	0	0	0	0	0	0	0	0	0	0	0	0	0	0	0	0	0	0	0	0	0	0	0	0	0	0	0	0	0	0	0	0	
139096	Cingulum_Mid_L	842	0	3028	1632	0	0	688	0	0	0	94	0	1420	0	0	0	110	0	8594	3662	0	0	3872	514	0	0	0	0	1162	0	5714	2948	0	9410	5458	456	0	0	0	0	0	0	672	0	322	0	0	0	318	0	1104	0	0	0	0	0	496	0	1504	0	408	0	0	0	196	0	8750	1346	3840	632	0	0	0	0	0	0	0	0	0	0	86	0	0	0	270	0	0	0	0	0	0	0	0	0	0	0	0	0	0	0	0	0	0	0	0	0	0	0	0	0	0	0	0	0	0	0	
525332	Cingulum_Mid_R	8670	1404	8958	28460	0	0	2538	3278	0	0	0	4018	302	7178	0	1898	0	580	22410	47730	0	0	9570	16624	0	0	0	0	398	7686	5430	24460	9410	0	1616	4042	0	378	0	0	0	0	0	518	0	1364	0	248	0	1514	0	154	0	238	0	298	1120	4002	0	88	0	0	0	254	0	0	872	8962	8438	12514	160	1538	184	900	142	0	754	580	160	0	0	0	0	0	0	100	0	0	0	526	0	0	0	0	0	0	0	0	0	0	0	0	0	0	0	0	0	0	0	0	0	0	0	0	0	0	
193584	Cingulum_Post_L	2256	1104	158	0	0	0	0	0	0	0	0	0	144	0	0	0	110	0	890	164	0	0	0	0	0	0	0	0	398	0	878	222	5458	1616	0	12156	6262	3958	1994	1382	0	0	1906	144	2324	184	932	106	406	222	2930	0	122	104	1990	1738	5606	622	572	88	5166	0	1216	0	1604	0	9780	2628	5642	306	0	0	116	0	0	0	3262	1996	86	0	152	0	0	0	2428	222	0	0	1614	1326	0	0	0	0	0	0	0	0	0	0	0	0	0	0	0	0	0	0	0	0	102	0	0	0	0	0	
179352	Cingulum_Post_R	2702	1812	0	0	0	0	0	0	0	0	0	0	0	0	0	0	0	0	112	202	0	0	0	0	0	0	0	0	0	0	0	0	456	4042	12156	0	4356	7780	944	2940	0	0	0	944	114	856	0	1460	0	636	1560	240	0	612	612	3840	2214	3070	0	414	1794	198	0	0	1484	0	1062	10242	3422	1418	0	0	0	0	0	0	4882	3872	0	0	0	0	0	0	1560	390	0	0	514	3890	0	0	0	0	0	0	0	120	0	0	0	0	0	0	0	0	0	0	0	0	754	0	0	0	0	0	
319508	Hippocampus_L	6338	1094	710	86	0	0	396	0	0	0	90	0	0	0	380	0	108	0	1044	134	812	0	0	0	0	0	0	0	10430	0	0	0	0	0	6262	4356	0	4070	19842	1426	11082	0	534	0	192	0	2458	1136	0	0	1780	0	158	0	22292	960	1640	430	0	0	1588	0	0	0	1564	0	3850	848	2140	168	484	200	7504	0	456	0	9500	2014	902	0	2526	0	2042	0	3216	130	754	0	17254	274	184	0	0	0	0	0	1674	0	242	0	0	0	0	0	0	0	0	0	0	0	0	0	0	0	0	0	
426112	Hippocampus_R	2234	8578	348	2230	0	0	0	1212	0	0	432	832	0	0	0	0	426	804	404	1226	0	0	0	0	0	0	0	0	1130	8850	0	0	0	378	3958	7780	4070	0	1188	32052	0	6590	0	290	0	0	132	3058	0	0	1186	0	0	86	520	40130	1044	1182	0	0	1258	224	0	952	1168	98	374	4094	1572	512	804	1480	396	12282	0	1110	7588	9266	0	2356	662	3682	424	1492	1244	7218	0	718	508	16750	0	292	0	0	0	0	0	1030	0	558	0	0	0	0	0	0	0	0	0	0	594	0	0	0	0	0	
151220	ParaHippocampal_L	654	0	0	0	0	0	0	0	0	0	0	0	0	0	0	0	0	0	0	0	482	0	0	0	0	0	0	0	1340	0	0	0	0	0	1994	944	19842	1188	0	446	6890	0	510	0	210	0	4518	594	0	0	284	0	0	0	15288	342	96	0	0	0	116	0	0	0	122	0	2454	408	128	0	0	0	968	0	0	0	2348	492	0	0	136	0	962	0	372	0	1016	0	6004	0	454	0	150	0	484	106	1976	0	922	0	0	0	122	0	0	0	0	0	94	154	0	0	0	0	0	0	
270516	ParaHippocampal_R	1050	3522	0	1060	0	0	0	448	0	0	226	208	0	0	0	144	226	112	90	626	0	92	0	0	0	0	0	0	550	4294	0	0	0	0	1382	2940	1426	32052	446	0	0	7122	0	432	0	0	0	4098	0	0	330	0	0	0	182	31024	432	130	0	0	330	0	0	114	330	0	0	2156	842	0	120	952	0	7068	0	828	2412	4156	0	138	320	784	224	3098	348	4128	0	2370	164	5376	0	344	0	0	0	414	0	2856	0	574	0	0	0	0	0	0	0	0	0	0	168	0	0	0	0	0	
78832	Amygdala_L	0	0	0	0	138	0	0	0	0	0	0	0	0	0	558	0	0	0	0	0	1486	0	0	0	0	0	0	0	3684	0	0	0	0	0	0	0	11082	0	6890	0	0	0	0	0	0	0	0	0	0	0	0	0	0	0	7910	0	0	0	0	0	0	0	0	0	0	0	0	0	0	0	296	0	2486	0	0	0	0	0	0	0	0	0	1310	0	134	0	908	0	2534	0	0	0	0	0	0	0	0	0	0	0	0	0	0	0	0	0	0	0	0	0	0	0	0	0	0	0	
65504	Amygdala_R	0	0	0	0	434	0	0	0	192	0	0	0	0	0	322	0	0	0	0	0	488	820	0	0	0	0	442	0	0	1750	0	0	0	0	0	0	0	6590	0	7122	0	0	0	0	0	0	0	0	0	0	0	0	0	0	0	6044	0	0	0	0	0	0	0	0	0	0	0	0	0	0	490	566	0	1102	0	0	0	0	0	0	0	108	0	3352	0	366	0	948	0	1616	0	0	0	0	0	0	0	0	0	0	0	0	0	0	0	0	0	0	0	0	0	0	0	0	0	0	
278312	Calcarine_L	174	0	0	0	0	0	0	0	0	0	0	0	0	0	0	0	104	0	0	0	0	0	0	0	0	0	0	0	0	0	0	0	672	0	1906	0	534	0	510	0	0	0	0	8716	14608	6012	16884	3096	10042	3224	29136	924	3482	204	3154	534	750	0	284	272	272	0	226	0	520	0	13528	572	266	0	0	0	0	0	0	0	0	0	0	0	154	0	0	0	5872	0	0	0	804	0	878	206	224	0	114	0	3012	408	3516	354	0	0	0	0	98	120	0	0	0	0	1400	1106	0	0	184	100	
257056	Calcarine_R	112	274	0	0	0	0	0	0	0	0	0	0	0	0	0	0	0	0	0	0	0	0	0	0	0	0	0	0	0	0	0	0	0	518	144	944	0	290	0	432	0	0	8716	0	4016	24042	1172	16170	154	19942	108	11080	0	4904	0	5290	0	900	0	728	0	0	0	0	0	188	1258	13620	164	986	0	0	0	0	0	0	0	0	0	0	0	0	0	0	0	3538	0	0	0	8352	0	0	0	0	0	0	0	182	0	188	0	0	0	0	0	0	0	0	0	0	0	116	0	0	0	0	
185288	Cuneus_L	0	0	0	0	0	0	0	0	0	0	0	0	0	0	0	0	144	0	0	0	0	0	0	0	0	0	0	0	0	0	0	0	322	0	2324	114	192	0	210	0	0	0	14608	4016	0	8392	1718	664	18408	3016	15182	414	542	0	316	120	184	0	2024	98	428	0	174	0	784	0	13232	1858	0	0	0	0	0	0	0	0	0	0	0	0	150	0	0	0	2264	0	0	0	374	96	0	0	0	0	0	0	0	0	168	0	0	0	0	0	0	0	0	0	0	0	0	108	0	0	0	0	
285056	Cuneus_R	202	842	0	0	0	0	0	0	0	0	0	0	0	0	0	0	0	250	0	0	0	0	0	0	0	0	0	0	0	0	0	0	0	1364	184	856	0	0	0	0	0	0	6012	24042	8392	0	538	5286	880	35508	634	15424	0	1930	0	1270	0	1624	0	5752	0	210	0	440	0	974	4016	20382	194	678	0	0	0	0	0	0	0	0	0	0	0	0	0	0	0	2656	0	0	0	1988	0	0	0	0	0	0	0	0	0	0	0	0	0	0	0	0	0	0	0	0	0	0	0	0	0	0	
394300	Lingual_L	284	0	0	0	0	0	0	0	0	0	0	0	0	0	0	0	92	0	0	0	0	0	0	0	0	0	0	0	356	0	0	0	0	0	932	0	2458	132	4518	0	0	0	16884	1172	1718	538	0	4022	3114	452	16734	280	7674	452	28988	942	0	0	120	0	0	0	0	0	0	0	4224	0	0	0	0	0	0	0	0	0	152	0	432	0	0	0	0	0	572	0	0	0	3074	0	8222	2520	2242	0	1780	222	19718	776	26138	2502	642	0	1174	336	3766	2316	1114	182	326	828	5526	8308	2828	1296	2790	1282	
280928	Lingual_R	122	154	0	0	0	0	0	0	0	0	0	0	0	0	0	0	0	0	0	0	0	0	0	0	0	0	0	0	0	0	0	0	0	248	106	1460	1136	3058	594	4098	0	0	3096	16170	664	5286	4022	0	0	5544	214	3224	116	4436	542	20946	0	388	0	114	0	0	0	0	0	0	420	5066	132	358	0	0	0	0	0	0	440	124	0	0	0	0	0	0	0	428	0	0	132	2470	1814	3486	304	0	0	402	1944	7406	3436	10996	0	0	0	738	402	2654	150	596	0	226	5506	7160	2606	2558	2772	0	
184056	Occipital_Sup_L	0	0	0	0	0	0	0	0	0	0	0	0	0	0	0	0	174	0	0	0	0	0	0	0	0	0	0	0	0	0	0	0	318	0	406	0	0	0	0	0	0	0	10042	154	18408	880	3114	0	0	156	29042	0	250	0	232	0	188	0	8626	0	1492	0	438	0	1982	0	14006	0	0	0	0	0	0	0	0	0	0	0	0	0	168	0	0	0	1680	0	0	0	0	0	0	0	0	0	0	0	0	0	162	0	0	0	0	0	0	0	0	0	0	0	0	110	0	0	0	0	
334392	Occipital_Sup_R	462	1096	0	92	0	0	0	90	0	0	0	100	0	0	0	0	0	308	102	0	0	0	0	0	0	0	0	0	0	0	0	0	0	1514	222	636	0	0	0	0	0	0	3224	19942	3016	35508	452	5544	156	0	106	29244	0	3412	0	1468	0	1680	0	8292	0	2508	0	780	0	8090	6322	21000	206	530	0	0	0	0	0	0	0	0	0	0	0	254	0	0	0	6990	0	0	0	3850	0	0	0	0	0	0	0	0	0	0	0	0	0	0	0	0	0	0	0	0	0	0	0	0	0	0	
542652	Occipital_Mid_L	1634	972	0	0	0	0	0	0	0	0	0	0	0	0	0	0	2348	0	0	0	0	0	0	0	0	0	0	0	1374	0	0	0	1104	0	2930	1560	1780	1186	284	330	0	0	29136	108	15182	634	16734	214	29042	106	0	0	15312	0	8120	252	5210	458	16688	0	16314	0	4294	0	25734	0	17398	0	484	382	0	0	0	0	0	0	1624	1124	912	0	2882	0	0	0	34238	0	0	0	2984	110	496	130	238	0	0	0	970	0	3864	106	96	0	0	0	696	276	214	94	0	0	88	1856	158	320	546	0	
236684	Occipital_Mid_R	138	336	0	0	0	0	0	0	0	0	0	0	0	0	0	0	0	0	0	0	0	0	0	0	0	0	0	0	0	0	0	0	0	154	0	240	0	0	0	0	0	0	924	11080	414	15424	280	3224	0	29244	0	0	0	5808	0	2376	0	516	0	6326	0	4788	0	190	0	14976	1336	7742	0	158	0	0	0	0	0	0	0	0	0	0	0	0	0	0	0	10096	0	0	0	2572	0	0	0	0	0	0	0	0	0	0	0	0	0	0	0	0	0	0	0	0	0	0	0	0	0	0	
131312	Occipital_Inf_L	258	0	0	0	0	0	0	0	0	0	0	0	0	0	0	0	110	0	0	0	0	0	0	0	0	0	0	0	376	0	0	0	0	0	122	0	158	0	0	0	0	0	3482	0	542	0	7674	116	250	0	15312	0	0	0	11950	0	386	0	0	0	300	0	474	0	476	0	1086	0	90	0	0	0	102	0	0	0	0	0	186	0	264	0	0	0	4040	0	0	0	5626	0	1000	88	592	0	0	0	2228	0	4476	0	152	0	98	0	844	350	240	126	0	0	0	830	182	402	668	0	
121492	Occipital_Inf_R	168	362	0	0	0	0	0	0	0	0	0	0	0	0	0	0	0	0	0	0	0	0	0	0	0	0	0	0	0	0	0	0	0	238	104	612	0	86	0	0	0	0	204	4904	0	1930	452	4436	0	3412	0	5808	0	0	0	5096	0	1120	0	246	0	224	0	0	0	284	538	5024	130	104	0	0	0	0	0	0	0	0	0	0	0	0	0	0	0	3602	0	0	0	14212	576	328	0	0	0	0	104	614	668	1982	0	0	0	0	0	260	0	0	0	0	326	1430	650	250	262	0	
626508	Fusiform_L	3522	644	1098	140	0	0	1024	0	0	0	86	0	0	0	206	0	420	0	984	102	582	0	0	0	0	0	0	0	10652	0	0	0	0	0	1990	612	22292	520	15288	182	7910	0	3154	0	316	0	28988	542	232	0	8120	0	11950	0	0	216	1562	358	0	0	508	0	1344	0	260	0	1670	158	832	132	0	176	3144	0	0	0	2240	126	3032	0	4942	0	4398	0	7218	0	3454	0	41116	0	25006	582	2794	0	800	0	25430	0	40968	622	1382	0	3768	222	3674	1078	854	270	0	330	502	3094	576	1132	1728	0	
567424	Fusiform_R	886	3996	182	1648	0	0	0	568	0	0	310	386	0	0	0	356	310	516	226	1032	0	0	0	0	0	0	0	0	764	6312	0	0	0	298	1738	3840	960	40130	342	31024	0	6044	534	5290	120	1270	942	20946	0	1468	252	2376	0	5096	216	0	386	1096	0	0	324	310	0	732	246	140	162	2664	682	452	0	1170	0	8796	0	454	1786	3672	0	1180	462	2644	308	3638	272	9480	0	4078	156	29794	772	11878	112	0	104	1458	744	15678	1208	21018	0	0	0	736	0	1538	0	402	176	594	4758	3130	1192	1324	1428	0	
365564	Postcentral_L	30100	2904	7498	1710	0	0	2026	0	0	0	1764	0	200	0	0	0	16024	0	7694	1624	0	0	0	0	0	0	0	0	11146	170	0	0	496	1120	5606	2214	1640	1044	96	432	0	0	750	0	184	0	0	0	188	0	5210	0	386	0	1562	386	0	1232	7352	114	19658	216	10892	0	1616	0	3550	292	7168	1132	0	112	932	0	198	0	3500	920	7010	0	4544	0	286	0	4876	0	208	0	2498	302	0	0	0	0	0	0	0	0	0	0	0	0	0	0	0	0	0	0	0	0	0	0	0	0	0	0	
249452	Postcentral_R	5074	13574	316	1828	0	0	0	536	0	0	0	912	0	228	0	0	108	3486	838	1480	0	0	0	0	0	0	0	0	1000	2028	0	0	0	4002	622	3070	430	1182	0	130	0	0	0	900	0	1624	0	388	0	1680	458	516	0	1120	358	1096	1232	0	624	6696	572	10536	0	16712	420	1456	616	5666	7462	13380	322	96	312	138	0	0	548	178	0	344	418	970	96	0	118	1636	0	0	216	4978	0	0	0	0	0	0	0	0	0	0	0	0	0	0	0	0	0	0	0	0	0	0	0	0	0	0	
156788	Parietal_Sup_L	194	284	0	0	0	0	0	0	0	0	0	0	0	0	0	0	798	0	0	0	0	0	0	0	0	0	0	0	398	0	0	0	1504	0	572	0	0	0	0	0	0	0	284	0	2024	0	120	0	8626	0	16688	0	0	0	0	0	7352	624	0	0	14956	0	408	0	7714	0	13944	0	0	518	0	0	0	0	0	0	0	0	0	0	540	0	0	0	708	0	0	0	138	0	0	0	0	0	0	0	0	0	0	0	0	0	0	0	0	0	0	0	0	0	0	0	0	0	0	0	
110356	Parietal_Sup_R	0	252	0	110	0	0	0	0	0	0	0	0	0	0	0	0	0	0	0	0	0	0	0	0	0	0	0	0	0	0	0	0	0	88	88	414	0	0	0	0	0	0	272	728	98	5752	0	114	0	8292	0	6326	0	246	0	0	114	6696	0	0	0	5754	0	860	0	6870	892	8972	340	1318	0	0	0	0	0	0	0	0	0	0	0	0	0	0	0	214	0	0	0	368	0	0	0	0	0	0	0	0	0	0	0	0	0	0	0	0	0	0	0	0	0	0	0	0	0	0	
273580	Parietal_Inf_L	1596	990	0	0	0	0	86	0	0	0	0	0	0	0	0	0	1364	0	0	0	0	0	0	0	0	0	0	0	606	0	0	0	408	0	5166	1794	1588	1258	116	330	0	0	272	0	428	0	0	0	1492	0	16314	0	300	0	508	324	19658	572	14956	0	0	0	14832	0	23832	0	2266	0	628	420	0	0	0	0	0	0	1612	1124	274	0	2646	0	0	0	13180	0	0	0	5662	188	0	0	0	0	0	0	0	0	0	0	0	0	0	0	0	0	0	0	0	0	0	0	0	0	0	0	
138516	Parietal_Inf_R	0	1462	0	242	0	0	0	142	0	0	0	0	0	0	0	0	0	0	110	0	0	0	0	0	0	0	0	0	258	0	0	0	0	0	0	198	0	224	0	0	0	0	0	0	0	210	0	0	0	2508	0	4788	0	224	0	310	216	10536	0	5754	0	0	0	15438	0	14660	1484	1906	368	0	152	0	0	0	0	0	0	0	0	116	0	626	0	0	0	3298	0	0	0	4028	0	0	0	0	0	0	0	0	0	0	0	0	0	0	0	0	0	0	0	0	0	0	0	0	0	0	
173980	SupraMarginal_L	942	0	0	0	0	0	318	0	0	0	0	0	0	0	0	0	5924	0	0	0	0	0	0	0	0	0	0	0	1754	0	0	0	0	0	1216	0	0	0	0	0	0	0	226	0	174	0	0	0	438	0	4294	0	474	0	1344	0	10892	0	408	0	14832	0	0	0	9194	0	698	0	0	86	0	0	0	0	0	0	0	0	1338	0	9560	0	0	0	14620	0	0	0	8258	0	0	0	0	0	0	0	0	0	0	0	0	0	0	0	0	0	0	0	0	0	0	0	0	0	0	0	
159332	SupraMarginal_R	0	2238	88	284	0	0	0	398	0	0	0	406	0	0	0	0	0	3712	130	0	0	0	0	0	0	0	0	0	336	1356	0	0	0	254	0	0	0	952	0	114	0	0	0	0	0	440	0	0	0	780	0	190	0	0	0	732	0	16712	0	860	0	15438	0	0	0	7882	490	1080	138	0	258	0	0	0	0	0	404	0	0	934	120	8818	0	0	0	7858	0	0	0	6264	0	0	0	0	0	0	0	0	0	0	0	0	0	0	0	0	0	0	0	0	0	0	0	0	0	0	
235396	Angular_L	730	888	0	0	0	0	0	0	0	0	0	0	0	0	0	0	538	0	0	0	0	0	0	0	0	0	0	0	276	0	0	0	196	0	1604	1484	1564	1168	122	330	0	0	520	0	784	0	0	0	1982	0	25734	0	476	0	260	246	1616	420	7714	0	23832	0	9194	0	0	0	2492	0	338	342	0	0	0	0	0	0	1586	1120	474	0	1838	0	0	0	22566	0	0	0	5156	108	0	0	0	0	0	0	0	0	0	0	0	0	0	0	0	0	0	0	0	0	0	0	0	0	0	0	
144664	Angular_R	0	774	0	86	0	0	0	0	0	0	0	0	0	0	0	0	0	100	0	0	0	0	0	0	0	0	0	0	0	0	0	0	0	0	0	0	0	98	0	0	0	0	0	188	0	974	0	0	0	8090	0	14976	0	284	0	140	0	1456	0	6870	0	14660	0	7882	0	0	1354	2128	0	210	0	0	0	0	0	0	0	0	0	92	0	2902	0	0	0	6750	0	0	0	2318	0	0	0	0	0	0	0	0	0	0	0	0	0	0	0	0	0	0	0	0	0	0	0	0	0	0	
354208	Precuneus_L	820	1856	108	184	0	0	0	216	0	0	0	274	92	0	0	0	424	168	666	188	0	0	0	0	0	0	0	0	274	0	410	132	8750	872	9780	1062	3850	374	2454	0	0	0	13528	1258	13232	4016	4224	420	14006	6322	17398	1336	1086	538	1670	162	3550	616	13944	892	2266	1484	698	490	2492	1354	0	21182	3266	0	0	0	0	0	0	0	162	0	110	330	466	584	0	0	5130	2736	0	0	1522	1328	0	0	0	0	0	0	94	0	152	0	0	0	0	0	0	0	0	0	0	0	106	0	0	0	0	0	
376020	Precuneus_R	3588	4038	426	266	0	0	0	346	0	0	0	398	0	0	0	0	0	430	420	400	0	0	0	0	0	0	0	0	0	0	256	0	1346	8962	2628	10242	848	4094	408	2156	0	0	572	13620	1858	20382	0	5066	0	21000	0	7742	0	5024	158	2664	292	5666	0	8972	0	1906	0	1080	0	2128	21182	0	1052	4980	0	172	220	0	92	0	1220	1608	0	438	0	730	0	0	0	5304	0	0	126	10166	0	114	0	0	0	0	0	336	0	140	0	0	0	0	0	0	0	0	0	0	748	0	0	0	0	0	
217024	Paracentral_Lobule_L	20740	3324	750	110	0	0	130	0	0	0	0	0	0	0	0	0	0	230	4078	5578	0	0	0	0	0	0	0	0	348	414	0	0	3840	8438	5642	3422	2140	1572	128	842	0	0	266	164	0	194	0	132	0	206	484	0	90	130	832	682	7168	7462	0	340	628	368	0	138	338	0	3266	1052	0	9382	116	0	268	0	0	0	8304	2322	0	0	88	0	0	0	718	130	0	0	668	850	0	0	0	0	0	0	0	0	0	0	0	0	0	0	0	0	0	0	0	0	0	0	0	0	0	0	
169360	Paracentral_Lobule_R	8220	5444	862	0	0	0	140	0	0	0	0	0	0	0	0	0	0	0	3214	11928	0	0	0	0	0	0	0	0	276	0	0	0	632	12514	306	1418	168	512	0	0	0	0	0	986	0	678	0	358	0	530	382	158	0	104	132	452	1132	13380	518	1318	420	0	86	0	342	210	0	4980	9382	0	0	120	650	0	538	0	858	122	156	0	0	0	0	0	120	108	0	0	96	730	0	0	0	0	0	0	0	0	0	0	0	0	0	0	0	0	0	0	0	0	0	0	0	0	0	0	
340596	Caudate_L	416	956	2634	1926	8492	2382	336	108	2798	280	1884	190	10022	0	5748	4662	420	220	4940	1564	14098	12624	1042	1254	1224	1434	7794	5430	10984	880	5818	4960	0	160	0	0	484	804	0	120	296	490	0	0	0	0	0	0	0	0	0	0	0	0	0	0	0	322	0	0	0	152	0	258	0	0	0	0	116	0	0	15426	17838	5282	2210	178	5714	888	0	0	228	0	1618	194	0	0	0	0	0	0	0	0	0	0	0	0	0	0	0	0	0	0	0	0	0	0	0	0	0	0	0	0	0	0	0	0	
465016	Caudate_R	810	2188	4522	18052	2668	3810	1892	968	1086	722	2048	644	5980	1712	2070	19050	648	686	4934	7104	6030	8230	702	9308	202	2950	2912	5206	8506	5390	6158	16634	0	1538	0	0	200	1480	0	952	0	566	0	0	0	0	0	0	0	0	0	0	0	0	176	1170	112	96	0	0	0	0	0	0	0	0	0	172	0	120	15426	0	6704	27950	1648	2774	1808	12338	318	0	1476	0	886	248	140	0	0	0	260	128	0	0	0	0	0	0	0	0	0	0	0	0	0	0	0	0	0	0	0	0	0	0	0	0	0	0	
325612	Putamen_L	7524	3282	6490	610	4018	738	2012	0	3264	94	1378	90	5324	0	7760	904	462	116	6176	1096	6412	5396	1272	464	652	380	1562	1756	22886	464	2958	1634	0	184	116	0	7504	396	968	0	2486	0	0	0	0	0	0	0	0	0	0	0	102	0	3144	0	932	312	0	0	0	0	0	0	0	0	0	220	268	650	17838	6704	0	2544	9318	164	2562	1102	700	0	914	0	3174	0	230	0	0	0	2672	280	0	0	0	0	0	0	148	0	0	0	0	0	0	0	0	0	0	0	0	0	0	0	0	0	0	0	
446440	Putamen_R	426	3394	2616	23976	1020	2912	102	3810	494	1686	686	6550	1478	880	952	9640	564	4486	3132	9402	2432	4108	474	7666	0	2174	1300	4160	3398	27844	2114	10654	0	900	0	0	0	12282	0	7068	0	1102	0	0	0	0	0	0	0	0	0	0	0	0	0	8796	0	138	0	0	0	0	0	0	0	0	0	0	0	0	5282	27950	2544	0	0	3698	972	576	0	104	894	1146	654	2110	86	900	0	0	110	1018	0	0	0	0	0	0	0	182	0	178	0	0	0	0	0	0	0	0	0	0	0	0	0	0	0	0	
55896	Pallidum_L	2718	2386	1818	266	0	0	880	0	0	0	0	0	0	0	0	252	0	0	288	902	308	234	0	0	0	0	0	0	212	0	0	0	0	142	0	0	456	0	0	0	0	0	0	0	0	0	0	0	0	0	0	0	0	0	0	0	198	0	0	0	0	0	0	0	0	0	0	92	0	538	2210	1648	9318	0	0	0	1724	1262	0	0	0	0	0	0	0	0	0	0	0	96	0	0	0	0	0	0	0	0	0	0	0	0	0	0	0	0	0	0	0	0	0	0	0	0	0	0	
27964	Pallidum_R	164	448	0	2106	0	0	0	290	0	0	0	168	0	0	0	0	0	218	98	336	0	0	0	0	0	0	0	0	328	220	0	0	0	0	0	0	0	1110	0	828	0	0	0	0	0	0	0	0	0	0	0	0	0	0	0	454	0	0	0	0	0	0	0	0	0	0	0	0	0	0	178	2774	164	3698	0	0	0	0	0	0	92	0	0	0	0	142	0	0	0	166	0	0	0	0	0	0	0	0	0	0	0	0	0	0	0	0	0	0	0	0	0	0	0	0	0	0	
203656	Thalamus_L	12314	1568	278	498	0	0	190	0	0	0	0	0	0	0	0	484	0	0	212	590	0	0	0	314	0	0	0	0	878	0	0	370	0	754	3262	4882	9500	7588	2348	2412	0	0	0	0	0	0	152	440	0	0	1624	0	0	0	2240	1786	3500	548	0	0	1612	0	0	404	1586	0	162	1220	8304	858	5714	1808	2562	972	1724	0	0	9526	260	0	132	0	0	0	1694	246	0	0	2256	2056	0	0	0	0	0	0	0	0	0	0	0	0	0	0	0	0	0	0	0	0	0	0	0	0	0	0	
160088	Thalamus_R	2700	7444	0	1950	0	0	0	0	0	0	0	0	96	0	0	484	0	0	0	0	0	0	0	0	0	0	0	0	136	106	0	0	0	580	1996	3872	2014	9266	492	4156	0	0	0	0	0	0	0	124	0	0	1124	0	0	0	126	3672	920	178	0	0	1124	0	0	0	1120	0	0	1608	2322	122	888	12338	1102	576	1262	0	9526	0	0	112	0	0	0	0	1132	364	0	0	114	4898	0	0	0	0	0	0	0	0	0	0	0	0	0	0	0	0	0	0	0	0	0	0	0	0	0	0	
155104	Heschl_L	7914	304	2878	126	0	0	1532	0	0	0	742	0	152	0	0	0	9284	0	2578	294	0	0	0	0	0	0	0	0	16044	0	0	0	0	160	86	0	902	0	0	0	0	0	0	0	0	0	432	0	0	0	912	0	186	0	3032	0	7010	0	0	0	274	0	1338	0	474	0	110	0	0	156	0	318	700	0	0	0	260	0	0	0	8820	0	202	0	6226	0	0	0	4106	0	0	0	0	0	0	0	0	0	0	0	0	0	0	0	0	0	0	0	0	0	0	0	0	0	0	0	
43312	Heschl_R	0	128	0	0	0	0	0	0	0	0	0	0	0	0	0	0	0	2404	0	0	0	0	0	0	0	0	0	0	0	1964	0	0	0	0	0	0	0	2356	0	138	0	0	0	0	0	0	0	0	0	0	0	0	0	0	0	1180	0	344	0	0	0	116	0	934	0	92	330	438	0	0	0	0	0	104	0	0	0	112	0	0	0	7224	0	610	0	1842	0	0	0	1340	0	0	0	0	0	0	0	0	0	0	0	0	0	0	0	0	0	0	0	0	0	0	0	0	0	0	
303784	Temporal_Sup_L	2794	1402	6196	374	0	0	394	258	0	0	5374	194	96	0	0	0	14560	86	7740	238	0	0	0	0	0	0	0	0	18280	340	0	0	86	0	152	0	2526	662	136	320	0	0	154	0	150	0	0	0	168	0	2882	0	264	0	4942	462	4544	418	540	0	2646	0	9560	120	1838	0	466	0	88	0	228	1476	914	894	0	92	132	0	8820	0	0	0	9604	0	23332	0	2932	0	11232	0	90	0	0	0	0	0	586	0	110	0	0	0	0	0	0	0	0	0	0	0	0	0	0	0	0	0	
140080	Temporal_Sup_R	0	332	0	516	0	0	0	0	0	0	0	250	0	0	0	104	0	6098	0	88	0	0	0	0	0	0	0	0	0	6362	0	0	0	0	0	0	0	3682	0	784	0	108	0	0	0	0	0	0	0	254	0	0	0	0	0	2644	0	970	0	0	0	626	0	8818	0	2902	584	730	0	0	0	0	0	1146	0	0	0	0	0	7224	0	0	0	6086	0	14222	0	1182	0	4328	0	0	0	0	0	0	0	0	0	0	0	0	0	0	0	0	0	0	0	0	0	0	0	0	0	0	
183544	Temporal_Pole_Sup_L	962	246	4992	294	826	212	0	0	88	0	7230	0	568	0	2238	198	7826	0	5254	214	1574	414	0	0	0	0	562	272	13380	174	0	0	0	0	0	0	2042	424	962	224	1310	0	0	0	0	0	0	0	0	0	0	0	0	0	4398	308	286	96	0	0	0	0	0	0	0	0	0	0	0	0	1618	886	3174	654	0	0	0	0	202	0	9604	0	0	0	5158	0	7962	0	4940	0	0	0	0	0	0	0	0	0	0	0	0	0	0	0	0	0	0	0	0	0	0	0	0	0	0	0	
80724	Temporal_Pole_Sup_R	0	0	0	258	174	0	0	0	0	0	0	324	0	0	130	788	0	2624	0	0	188	338	0	0	0	0	176	0	0	7514	0	0	0	0	0	0	0	1492	0	3098	0	3352	0	0	0	0	0	0	0	0	0	0	0	0	0	3638	0	0	0	0	0	0	0	0	0	0	0	0	0	0	194	248	0	2110	0	0	0	0	0	610	0	6086	0	0	0	2098	0	3696	0	1226	0	0	0	0	0	0	0	0	0	0	0	0	0	0	0	0	0	0	0	0	0	0	0	0	0	0	
444432	Temporal_Mid_L	2706	1132	582	0	0	0	416	0	0	0	92	0	0	0	0	0	2174	0	764	114	0	0	0	0	0	0	0	0	6012	0	0	0	270	0	2428	1560	3216	1244	372	348	134	0	5872	0	2264	0	572	0	1680	0	34238	0	4040	0	7218	272	4876	118	708	0	13180	0	14620	0	22566	0	5130	0	718	120	0	140	230	86	0	0	1694	1132	6226	0	23332	0	5158	0	0	0	3762	0	38288	112	0	0	0	0	0	0	300	0	0	0	0	0	0	0	0	0	0	0	0	0	0	0	0	0	0	0	
274144	Temporal_Mid_R	198	1036	0	180	0	0	0	0	0	0	0	0	0	0	0	104	0	638	0	0	0	0	0	0	0	0	0	0	0	1540	0	0	0	100	222	390	130	7218	0	4128	0	366	0	3538	0	2656	0	428	0	6990	0	10096	0	3602	0	9480	0	1636	0	214	0	3298	0	7858	0	6750	2736	5304	130	108	0	0	0	900	0	142	246	364	0	1842	0	14222	0	2098	0	0	0	2902	0	33282	0	0	0	0	0	0	0	0	0	0	0	0	0	0	0	0	0	0	0	0	0	0	0	0	0	0	
58740	Temporal_Pole_Mid_L	396	0	790	0	0	0	0	0	0	0	734	0	0	0	0	0	1402	0	798	0	0	0	0	0	0	0	0	0	842	0	0	0	0	0	0	0	754	0	1016	0	908	0	0	0	0	0	0	0	0	0	0	0	0	0	3454	0	208	0	0	0	0	0	0	0	0	0	0	0	0	0	0	0	0	0	0	0	0	0	0	0	2932	0	7962	0	3762	0	0	0	3412	0	0	0	0	0	0	0	0	0	0	0	0	0	0	0	0	0	0	0	0	0	0	0	0	0	0	0	
37756	Temporal_Pole_Mid_R	0	0	0	0	0	0	0	0	0	0	0	0	0	0	0	234	0	0	0	0	0	0	0	0	0	0	0	0	0	232	0	0	0	0	0	0	0	718	0	2370	0	948	0	0	0	0	0	0	0	0	0	0	0	0	0	4078	0	0	0	0	0	0	0	0	0	0	0	0	0	0	0	0	0	0	0	0	0	0	0	0	0	1182	0	3696	0	2902	0	0	0	2518	0	0	0	0	0	0	0	0	0	0	0	0	0	0	0	0	0	0	0	0	0	0	0	0	0	0	
413308	Temporal_Inf_L	2878	770	1160	122	0	0	992	0	0	0	132	0	0	0	0	0	1184	0	1842	126	266	0	0	0	0	0	0	0	13374	0	0	0	0	0	1614	514	17254	508	6004	164	2534	0	804	0	374	0	3074	132	0	0	2984	0	5626	0	41116	156	2498	216	138	0	5662	0	8258	0	5156	0	1522	126	668	96	0	260	2672	110	0	0	2256	114	4106	0	11232	0	4940	0	38288	0	3412	0	0	0	3884	0	254	0	0	0	2584	0	1924	0	0	0	406	0	168	0	0	0	0	0	0	0	0	0	0	0	
372828	Temporal_Inf_R	1156	2572	102	264	0	0	0	124	0	0	0	164	0	0	0	112	0	678	108	152	0	0	0	0	0	0	0	0	144	1696	0	0	0	526	1326	3890	274	16750	0	5376	0	1616	0	8352	96	1988	0	2470	0	3850	110	2572	0	14212	0	29794	302	4978	0	368	188	4028	0	6264	108	2318	1328	10166	850	730	0	128	280	1018	96	166	2056	4898	0	1340	0	4328	0	1226	112	33282	0	2518	0	0	0	1500	0	0	0	96	0	254	0	548	0	96	0	282	0	0	0	0	0	88	0	0	0	0	0	0	
544364	Cerebelum_Crus1_L	0	0	0	0	0	0	0	0	0	0	0	0	0	0	0	0	0	0	0	0	0	0	0	0	0	0	0	0	122	0	0	0	0	0	0	0	184	0	454	0	0	0	878	0	0	0	8222	1814	0	0	496	0	1000	576	25006	772	0	0	0	0	0	0	0	0	0	0	0	0	0	0	0	0	0	0	0	0	0	0	0	0	90	0	0	0	0	0	0	0	3884	0	0	3738	33816	1330	3644	270	24414	1416	58144	4678	17456	250	33856	1828	14610	2654	1180	842	256	1350	4328	4908	7090	3076	3550	0	
390328	Cerebelum_Crus1_R	0	0	0	0	0	0	0	0	0	0	0	0	0	0	0	0	0	0	0	0	0	0	0	0	0	0	0	0	0	0	0	0	0	0	0	0	0	292	0	344	0	0	206	0	0	0	2520	3486	0	0	130	0	88	328	582	11878	0	0	0	0	0	0	0	0	0	0	0	114	0	0	0	0	0	0	0	0	0	0	0	0	0	0	0	0	0	0	0	0	0	1500	3738	0	1734	23824	580	3110	1462	15382	3982	44382	446	6878	1028	27884	222	7204	0	900	1332	3164	5192	5632	9506	3378	2636	100	
347416	Cerebelum_Crus2_L	0	0	0	0	0	0	0	0	0	0	0	0	0	0	0	0	0	0	0	0	0	0	0	0	0	0	0	0	0	0	0	0	0	0	0	0	0	0	150	0	0	0	224	0	0	0	2242	304	0	0	238	0	592	0	2794	112	0	0	0	0	0	0	0	0	0	0	0	0	0	0	0	0	0	0	0	0	0	0	0	0	0	0	0	0	0	0	0	0	254	0	33816	1734	0	8060	864	0	3930	158	10132	638	40942	5526	36582	4028	8240	660	340	0	0	468	438	570	7832	1546	294	0	
236136	Cerebelum_Crus2_R	0	0	0	0	0	0	0	0	0	0	0	0	0	0	0	0	0	0	0	0	0	0	0	0	0	0	0	0	0	0	0	0	0	0	0	0	0	0	0	0	0	0	0	0	0	0	0	0	0	0	0	0	0	0	0	0	0	0	0	0	0	0	0	0	0	0	0	0	0	0	0	0	0	0	0	0	0	0	0	0	0	0	0	0	0	0	0	0	0	0	1330	23824	8060	0	0	90	0	266	192	2224	4652	23730	3200	32078	0	6316	0	0	0	90	0	182	8998	2434	402	0	
106464	Cerebelum_3_L	0	0	0	0	0	0	0	0	0	0	0	0	0	0	0	0	0	0	0	0	0	0	0	0	0	0	0	0	0	0	0	0	0	0	0	0	0	0	484	0	0	0	114	0	0	0	1780	0	0	0	0	0	0	0	800	104	0	0	0	0	0	0	0	0	0	0	0	0	0	0	0	0	0	0	0	0	0	0	0	0	0	0	0	0	0	0	0	0	0	0	3644	580	864	0	0	680	14692	740	5264	1548	430	0	2394	116	3598	1114	164	460	2672	5532	4534	362	0	158	404	0	
77372	Cerebelum_3_R	0	0	0	0	0	0	0	0	0	0	0	0	0	0	0	0	0	0	0	0	0	0	0	0	0	0	0	0	0	0	0	0	0	0	0	0	0	0	106	414	0	0	0	0	0	0	222	402	0	0	0	0	0	0	0	1458	0	0	0	0	0	0	0	0	0	0	0	0	0	0	0	0	0	0	0	0	0	0	0	0	0	0	0	0	0	0	0	0	0	96	270	3110	0	90	680	0	840	7468	462	8376	0	0	0	118	126	726	0	122	2904	8060	1568	558	0	114	396	0	
417700	Cerebelum_4_5_L	0	0	0	0	0	0	0	0	0	0	0	0	0	0	0	0	0	0	0	0	0	0	0	0	0	0	0	0	556	0	0	0	0	0	0	0	1674	0	1976	0	0	0	3012	0	0	0	19718	1944	0	0	970	0	2228	104	25430	744	0	0	0	0	0	0	0	0	0	0	94	0	0	0	0	0	148	0	0	0	0	0	0	0	586	0	0	0	300	0	0	0	2584	0	24414	1462	3930	0	14692	840	0	3228	42714	4394	2180	0	6774	438	9010	2720	1258	1148	2182	5542	13022	2794	200	776	2326	738	
227504	Cerebelum_4_5_R	0	100	0	0	0	0	0	0	0	0	0	0	0	0	0	0	0	0	0	0	0	0	0	0	0	0	0	0	0	0	0	0	0	0	0	120	0	1030	0	2856	0	0	408	182	0	0	776	7406	0	0	0	0	0	614	0	15678	0	0	0	0	0	0	0	0	0	0	0	336	0	0	0	0	0	182	0	0	0	0	0	0	0	0	0	0	0	0	0	0	0	254	1416	15382	158	266	740	7468	3228	0	2514	31212	0	0	114	420	174	1038	0	644	850	4118	11950	1050	94	384	590	0	
616156	Cerebelum_6_L	0	0	0	0	0	0	0	0	0	0	0	0	0	0	0	0	0	0	0	0	0	0	0	0	0	0	0	0	136	0	0	0	0	0	0	0	242	0	922	0	0	0	3516	0	168	0	26138	3436	162	0	3864	0	4476	668	40968	1208	0	0	0	0	0	0	0	0	0	0	152	0	0	0	0	0	0	0	0	0	0	0	0	0	110	0	0	0	0	0	0	0	1924	0	58144	3982	10132	192	5264	462	42714	2514	0	6580	7034	0	17490	1216	15548	5038	2520	1788	474	2264	7770	12600	4796	4604	6644	218	
425064	Cerebelum_6_R	0	0	0	0	0	0	0	0	0	0	0	0	0	0	0	0	0	0	0	0	0	0	0	0	0	0	0	0	0	0	0	0	0	0	0	0	0	558	0	574	0	0	354	188	0	0	2502	10996	0	0	106	0	0	1982	622	21018	0	0	0	0	0	0	0	0	0	0	0	140	0	0	0	0	0	178	0	0	0	0	0	0	0	0	0	0	0	0	0	0	0	548	4678	44382	638	2224	1548	8376	4394	31212	6580	0	166	1172	640	7440	482	6812	0	2706	1916	5358	13396	11202	6258	5604	5582	0	
265804	Cerebelum_7b_L	0	0	0	0	0	0	0	0	0	0	0	0	0	0	0	0	0	0	0	0	0	0	0	0	0	0	0	0	0	0	0	0	0	0	0	0	0	0	0	0	0	0	0	0	0	0	642	0	0	0	96	0	152	0	1382	0	0	0	0	0	0	0	0	0	0	0	0	0	0	0	0	0	0	0	0	0	0	0	0	0	0	0	0	0	0	0	0	0	0	0	17456	446	40942	4652	430	0	2180	0	7034	166	0	3220	34724	3460	5904	584	1082	96	0	288	372	0	4732	2674	188	0	
141600	Cerebelum_7b_R	0	0	0	0	0	0	0	0	0	0	0	0	0	0	0	0	0	0	0	0	0	0	0	0	0	0	0	0	0	0	0	0	0	0	0	0	0	0	0	0	0	0	0	0	0	0	0	0	0	0	0	0	0	0	0	0	0	0	0	0	0	0	0	0	0	0	0	0	0	0	0	0	0	0	0	0	0	0	0	0	0	0	0	0	0	0	0	0	0	96	250	6878	5526	23730	0	0	0	0	0	1172	3220	0	1560	20332	0	2540	0	0	0	0	0	106	3072	2158	160	0	
399648	Cerebelum_8_L	0	0	0	0	0	0	0	0	0	0	0	0	0	0	0	0	0	0	0	0	0	0	0	0	0	0	0	0	0	0	0	0	0	0	0	0	0	0	122	0	0	0	0	0	0	0	1174	0	0	0	0	0	98	0	3768	0	0	0	0	0	0	0	0	0	0	0	0	0	0	0	0	0	0	0	0	0	0	0	0	0	0	0	0	0	0	0	0	0	406	0	33856	1028	36582	3200	2394	0	6774	114	17490	640	34724	1560	0	5694	26220	3564	1728	336	0	654	948	738	5410	7366	3236	0	
315792	Cerebelum_8_R	0	0	0	0	0	0	0	0	0	0	0	0	0	0	0	0	0	0	0	0	0	0	0	0	0	0	0	0	0	0	0	0	0	0	0	0	0	0	0	0	0	0	0	0	0	0	336	738	0	0	0	0	0	0	222	736	0	0	0	0	0	0	0	0	0	0	0	0	0	0	0	0	0	0	0	0	0	0	0	0	0	0	0	0	0	0	0	0	0	282	1828	27884	4028	32078	116	118	438	420	1216	7440	3460	20332	5694	0	710	23516	0	796	100	164	796	2750	8368	8622	4414	294	
236752	Cerebelum_9_L	0	0	0	0	0	0	0	0	0	0	0	0	0	0	0	0	0	0	0	0	0	0	0	0	0	0	0	0	0	0	0	0	0	0	0	0	0	0	0	0	0	0	98	0	0	0	3766	402	0	0	696	0	844	0	3674	0	0	0	0	0	0	0	0	0	0	0	0	0	0	0	0	0	0	0	0	0	0	0	0	0	0	0	0	0	0	0	0	0	168	0	14610	222	8240	0	3598	126	9010	174	15548	482	5904	0	26220	710	0	3146	4074	718	188	942	2280	2990	876	2682	5408	580	
265076	Cerebelum_9_R	0	0	0	0	0	0	0	0	0	0	0	0	0	0	0	0	0	0	0	0	0	0	0	0	0	0	0	0	0	0	0	0	0	0	0	0	0	0	0	0	0	0	120	0	0	0	2316	2654	0	0	276	0	350	260	1078	1538	0	0	0	0	0	0	0	0	0	0	0	0	0	0	0	0	0	0	0	0	0	0	0	0	0	0	0	0	0	0	0	0	0	0	2654	7204	660	6316	1114	726	2720	1038	5038	6812	584	2540	3564	23516	3146	0	144	3882	1168	1698	5656	11226	5956	10490	14166	1928	
31556	Cerebelum_10_L	0	0	0	0	0	0	0	0	0	0	0	0	0	0	0	0	0	0	0	0	0	0	0	0	0	0	0	0	0	0	0	0	0	0	0	0	0	0	0	0	0	0	0	0	0	0	1114	150	0	0	214	0	240	0	854	0	0	0	0	0	0	0	0	0	0	0	0	0	0	0	0	0	0	0	0	0	0	0	0	0	0	0	0	0	0	0	0	0	0	0	1180	0	340	0	164	0	1258	0	2520	0	1082	0	1728	0	4074	144	0	0	0	0	296	154	0	90	176	0	
