data	data	445076	347196	754464	815932	120068	77708	399584	177112	83880	22556	262064	342236	313380	246312	169644	94468	209240	183684	646588	956768	76820	102808	326200	251404	53040	50360	61848	66584	572516	513356	278172	332172	118608	501976	136328	140776	217088	279560	81312	144912	28980	51928	213932	278712	183468	344664	327208	278776	149548	262124	514744	210104	99524	81756	335336	307548	285960	240212	77768	81696	242584	155328	143896	106096	173880	144704	266052	435840	288572	305772	234100	467488	259032	343096	30472	37920	239704	189520	78824	36852	194496	119712	43044	47688	319308	294652	16880	18528	235484	310272	451972	437848	279424	304960	21368	44792	267924	184512	429000	396536	257608	151132	273280	293552	95948	97356	43584	7692	14560	39808	256812	205496	244464	141248	93400	11380	
data	data	Precentral_L	Precentral_R	Frontal_Sup_L	Frontal_Sup_R	Frontal_Sup_Orb_L	Frontal_Sup_Orb_R	Frontal_Mid_L	Frontal_Mid_R	Frontal_Mid_Orb_L	Frontal_Mid_Orb_R	Frontal_Inf_Oper_L	Frontal_Inf_Oper_R	Frontal_Inf_Tri_L	Frontal_Inf_Tri_R	Frontal_Inf_Orb_L	Frontal_Inf_Orb_R	Rolandic_Oper_L	Rolandic_Oper_R	Supp_Motor_Area_L	Supp_Motor_Area_R	Olfactory_L	Olfactory_R	Frontal_Sup_Medial_L	Frontal_Sup_Medial_R	Frontal_Med_Orb_L	Frontal_Med_Orb_R	Rectus_L	Rectus_R	Insula_L	Insula_R	Cingulum_Ant_L	Cingulum_Ant_R	Cingulum_Mid_L	Cingulum_Mid_R	Cingulum_Post_L	Cingulum_Post_R	Hippocampus_L	Hippocampus_R	ParaHippocampal_L	ParaHippocampal_R	Amygdala_L	Amygdala_R	Calcarine_L	Calcarine_R	Cuneus_L	Cuneus_R	Lingual_L	Lingual_R	Occipital_Sup_L	Occipital_Sup_R	Occipital_Mid_L	Occipital_Mid_R	Occipital_Inf_L	Occipital_Inf_R	Fusiform_L	Fusiform_R	Postcentral_L	Postcentral_R	Parietal_Sup_L	Parietal_Sup_R	Parietal_Inf_L	Parietal_Inf_R	SupraMarginal_L	SupraMarginal_R	Angular_L	Angular_R	Precuneus_L	Precuneus_R	Paracentral_Lobule_L	Paracentral_Lobule_R	Caudate_L	Caudate_R	Putamen_L	Putamen_R	Pallidum_L	Pallidum_R	Thalamus_L	Thalamus_R	Heschl_L	Heschl_R	Temporal_Sup_L	Temporal_Sup_R	Temporal_Pole_Sup_L	Temporal_Pole_Sup_R	Temporal_Mid_L	Temporal_Mid_R	Temporal_Pole_Mid_L	Temporal_Pole_Mid_R	Temporal_Inf_L	Temporal_Inf_R	Cerebelum_Crus1_L	Cerebelum_Crus1_R	Cerebelum_Crus2_L	Cerebelum_Crus2_R	Cerebelum_3_L	Cerebelum_3_R	Cerebelum_4_5_L	Cerebelum_4_5_R	Cerebelum_6_L	Cerebelum_6_R	Cerebelum_7b_L	Cerebelum_7b_R	Cerebelum_8_L	Cerebelum_8_R	Cerebelum_9_L	Cerebelum_9_R	Cerebelum_10_L	Cerebelum_10_R	Vermis_1_2	Vermis_3	Vermis_4_5	Vermis_6	Vermis_7	Vermis_8	Vermis_9	Vermis_10	
445076	Precentral_L	0	3622	17382	4400	0	0	15554	1162	0	0	10844	114	2126	0	0	0	12068	0	14804	6168	0	0	0	0	0	0	0	0	13346	152	0	0	616	2640	712	160	3086	414	476	0	0	0	470	0	516	160	1860	0	262	108	9286	106	0	0	710	0	30170	0	234	0	4170	0	2882	0	970	0	1496	168	27262	348	1250	860	2440	96	88	0	7074	786	7508	0	5378	0	0	0	3102	0	0	0	2456	0	0	0	0	0	0	226	0	0	0	0	0	0	0	0	0	0	0	0	0	250	0	0	0	0	0	0	
347196	Precentral_R	3622	0	1292	26428	0	0	162	3050	0	0	0	3674	218	0	226	0	296	1738	2652	29168	0	0	0	0	0	0	0	0	2080	1958	0	0	0	1748	1170	4068	860	6924	0	654	0	0	0	450	0	1492	0	596	0	1132	142	238	0	298	0	508	2342	18038	0	116	384	372	272	1118	0	100	184	3890	1416	14404	2376	2084	3378	1458	734	160	5026	8836	0	202	160	1460	0	0	336	3146	0	0	258	4504	0	0	0	0	0	0	0	0	0	0	0	0	0	0	0	0	0	0	0	0	0	0	0	0	0	0	
754464	Frontal_Sup_L	17382	1292	0	5226	5020	0	64172	2148	2846	0	23976	250	19660	128	6008	0	13262	0	73252	8908	0	0	39798	366	4216	0	116	0	27728	292	17952	602	4438	1770	218	144	1356	470	160	0	0	0	0	0	0	0	96	0	0	0	166	0	0	0	106	0	3484	0	0	0	126	0	0	0	0	0	120	0	4486	0	2244	1288	8886	642	1268	90	3534	558	964	0	5262	0	226	0	266	0	0	0	264	0	0	0	0	0	0	0	0	0	0	0	0	0	0	0	0	0	0	0	0	0	0	0	0	0	0	0	
815932	Frontal_Sup_R	4400	26428	5226	0	0	2788	550	20528	0	812	184	19672	592	10508	476	2536	546	10602	8776	83286	0	0	8270	30318	0	1530	0	156	2828	21632	2784	24242	392	21884	274	802	856	3374	118	1458	0	178	0	0	0	0	0	0	0	0	128	0	0	0	0	492	2588	2462	0	0	346	0	256	0	0	0	148	0	1534	0	2664	28018	2890	20676	950	2832	4110	17332	114	216	326	0	0	340	214	0	0	0	108	216	0	0	0	0	0	0	0	0	0	0	0	0	0	0	0	0	0	0	0	0	0	0	0	0	0	0	
120068	Frontal_Sup_Orb_L	0	0	5020	0	0	0	1282	0	10038	0	0	0	2584	0	8604	0	0	0	130	0	2582	1318	4674	0	4538	0	3838	0	3190	0	3862	0	0	0	0	0	0	0	0	0	204	0	0	0	0	0	0	0	0	0	0	0	0	0	0	0	0	0	0	0	0	0	0	0	0	0	0	0	0	0	2536	762	4676	0	0	0	0	0	0	0	0	0	196	0	0	0	0	0	0	0	0	0	0	0	0	0	0	0	0	0	0	0	0	0	0	0	0	0	0	0	0	0	0	0	0	0	
77708	Frontal_Sup_Orb_R	0	0	0	2788	0	0	0	1576	0	4966	0	0	0	0	0	2762	0	0	0	0	280	1898	216	3434	178	5326	254	7004	0	1202	314	1964	0	0	0	0	0	0	0	0	0	92	0	0	0	0	0	0	0	0	0	0	0	0	0	0	0	0	0	0	0	0	0	0	0	0	0	0	0	0	320	3300	0	980	0	0	0	0	0	0	0	0	0	0	0	0	0	0	0	0	0	0	0	0	0	0	0	0	0	0	0	0	0	0	0	0	0	0	0	0	0	0	0	0	0	0	
399584	Frontal_Mid_L	15554	162	64172	550	1282	0	0	1540	1478	0	17806	578	27414	0	2772	0	1320	144	20034	246	0	0	17324	0	1334	0	0	0	9188	690	7210	0	1242	0	142	144	390	434	0	0	0	0	0	0	0	0	0	0	0	0	134	0	0	0	0	0	536	0	0	0	98	0	0	0	0	0	0	0	0	0	1000	1304	2116	140	0	0	260	292	472	0	182	0	0	0	108	0	0	0	0	0	0	0	0	0	0	0	0	0	0	0	0	0	0	0	0	0	0	0	0	0	0	0	0	0	0	0	
177112	Frontal_Mid_R	1162	3050	2148	20528	0	1576	1540	0	86	1510	118	4922	702	10896	374	2630	0	3598	3802	6328	0	0	290	2590	0	0	0	0	1226	3524	364	1772	0	5616	350	460	0	1428	0	0	0	0	0	0	0	0	0	0	0	0	0	0	0	0	0	0	0	0	0	0	0	0	0	0	0	0	0	0	0	0	942	1790	130	1112	156	0	476	940	0	158	0	0	0	262	0	0	0	0	0	0	0	0	0	0	0	0	0	0	0	0	0	0	0	0	0	0	0	0	0	0	0	0	0	0	0	0	
83880	Frontal_Mid_Orb_L	0	0	2846	0	10038	0	1478	86	0	0	114	0	3478	0	12042	0	0	0	690	0	102	94	442	0	250	0	1604	0	3602	0	570	0	0	0	0	0	0	0	0	0	0	0	0	0	0	0	0	0	0	0	0	0	0	0	0	0	0	0	0	0	0	0	0	0	0	0	0	0	0	0	586	200	3718	0	0	0	0	0	0	0	0	0	0	0	0	0	0	0	0	0	0	0	0	0	0	0	0	0	0	0	0	0	0	0	0	0	0	0	0	0	0	0	0	0	0	0	
22556	Frontal_Mid_Orb_R	0	0	0	812	0	4966	0	1510	0	0	0	0	0	0	0	1282	0	0	0	0	0	0	0	196	0	714	0	1064	0	0	0	0	0	0	0	0	0	0	0	0	0	0	0	0	0	0	0	0	0	0	0	0	0	0	0	0	0	0	0	0	0	0	0	0	0	0	0	0	0	0	0	644	0	90	0	0	0	0	0	0	0	0	0	0	0	0	0	0	0	0	0	0	0	0	0	0	0	0	0	0	0	0	0	0	0	0	0	0	0	0	0	0	0	0	0	0	
262064	Frontal_Inf_Oper_L	10844	0	23976	184	0	0	17806	118	114	0	0	372	12826	0	170	0	14140	0	19190	0	0	0	940	0	0	0	0	0	17932	426	1922	0	0	0	0	0	152	0	0	0	0	0	0	0	0	0	0	0	0	0	0	0	0	0	0	0	2312	0	0	0	86	0	0	0	120	0	0	0	0	0	312	156	296	0	0	0	0	176	738	0	5070	0	552	0	102	0	0	0	0	0	0	0	0	0	0	0	0	0	0	0	0	0	0	0	0	0	0	0	0	0	0	0	0	0	0	0	
342236	Frontal_Inf_Oper_R	114	3674	250	19672	0	0	578	4922	0	0	372	0	2498	21872	1314	1452	0	6926	2620	23024	0	0	90	890	0	0	0	0	3418	32820	822	4554	0	13442	122	160	0	1018	0	332	0	0	0	0	0	0	0	0	0	0	0	0	0	0	0	112	0	1002	0	0	0	0	0	0	0	0	0	0	0	0	2542	11764	504	6140	0	156	148	676	0	382	0	146	0	504	0	0	0	0	0	86	0	0	0	0	0	0	0	0	0	0	0	0	0	0	0	0	0	0	0	0	0	0	0	0	0	0	
313380	Frontal_Inf_Tri_L	2126	218	19660	592	2584	0	27414	702	3478	0	12826	2498	0	1960	13584	90	584	106	7472	258	0	0	8542	0	2076	0	0	0	28896	2598	9384	0	180	0	0	0	0	152	0	0	0	0	0	0	0	0	0	0	0	0	0	0	0	0	0	0	104	0	0	0	0	0	0	0	0	0	0	0	0	0	3162	2498	2272	150	0	0	0	340	0	0	184	0	0	0	0	0	0	0	0	0	0	0	0	0	0	0	0	0	0	0	0	0	0	0	0	0	0	0	0	0	0	0	0	0	0	0	
246312	Frontal_Inf_Tri_R	0	0	128	10508	0	0	0	10896	0	0	0	21872	1960	0	870	3050	0	0	3244	11912	0	0	190	1898	0	0	0	0	2622	23674	1248	7342	0	9548	0	0	0	0	0	0	0	0	0	0	0	0	0	0	0	0	0	0	0	0	0	0	0	0	0	0	0	0	0	0	0	0	0	0	0	0	1780	7772	494	2148	0	0	0	0	0	0	0	0	0	0	0	0	0	0	0	0	0	0	0	0	0	0	0	0	0	0	0	0	0	0	0	0	0	0	0	0	0	0	0	0	0	0	
169644	Frontal_Inf_Orb_L	0	226	6008	476	8604	0	2772	374	12042	0	170	1314	13584	870	0	0	0	0	1210	224	2028	806	2456	0	1276	0	1422	0	13624	1396	2538	0	0	0	0	0	0	104	120	0	176	0	0	0	0	0	0	0	0	0	0	0	0	0	0	0	0	0	0	0	0	0	0	0	0	0	0	0	0	0	3384	1574	5276	92	0	0	0	272	0	0	0	0	404	0	0	0	0	0	0	0	0	0	0	0	0	0	0	0	0	0	0	0	0	0	0	0	0	0	0	0	0	0	0	0	0	0	
94468	Frontal_Inf_Orb_R	0	0	0	2536	0	2762	0	2630	0	1282	0	1452	90	3050	0	0	0	794	0	742	190	2250	0	1478	0	0	122	2420	134	9418	180	1730	0	142	0	0	0	376	0	160	0	722	0	0	0	0	0	0	0	0	0	0	0	0	0	0	0	0	0	0	0	0	0	0	0	0	0	0	0	0	382	5106	0	5230	0	0	0	0	0	0	0	296	0	1560	0	0	0	0	0	0	0	0	0	0	0	0	0	0	0	0	0	0	0	0	0	0	0	0	0	0	0	0	0	0	0	0	
209240	Rolandic_Oper_L	12068	296	13262	546	0	0	1320	0	0	0	14140	0	584	0	0	0	0	0	9264	478	0	0	0	0	0	0	0	0	19510	0	0	0	0	0	0	0	416	0	0	0	0	0	0	0	0	0	158	0	0	0	744	0	0	0	0	0	10112	0	0	0	466	0	1524	0	118	0	0	0	540	0	150	0	286	0	0	0	0	0	4230	0	11446	0	560	0	1494	0	0	0	908	0	0	0	0	0	0	0	0	0	0	0	0	0	0	0	0	0	0	0	0	0	0	0	0	0	0	0	
183684	Rolandic_Oper_R	0	1738	0	10602	0	0	144	3598	0	0	0	6926	106	0	0	794	0	0	0	8458	0	0	0	0	0	0	0	0	322	23078	0	0	0	846	0	84	0	1576	0	880	0	0	0	0	0	0	0	92	0	0	0	0	0	0	0	338	0	6888	0	0	0	0	0	2998	0	0	0	104	0	0	314	2300	318	7248	0	810	188	784	0	3746	0	4770	0	1530	0	0	0	0	0	262	0	0	0	0	0	0	0	0	0	0	0	0	0	0	0	0	0	0	0	0	0	0	0	0	0	0	
646588	Supp_Motor_Area_L	14804	2652	73252	8776	130	0	20034	3802	690	0	19190	2620	7472	3244	1210	0	9264	0	0	29558	0	0	5318	1284	0	0	0	0	20966	1966	5084	3082	9980	19422	1296	542	1090	732	474	104	248	0	0	0	0	0	232	0	0	0	84	0	0	0	98	0	3916	0	0	0	136	0	0	0	0	0	274	0	17124	144	1840	1268	7516	746	392	128	13336	830	508	0	5180	0	234	0	182	0	0	0	210	0	0	0	0	0	0	310	0	0	0	0	0	0	0	0	0	0	0	0	0	320	0	0	0	0	0	0	
956768	Supp_Motor_Area_R	6168	29168	8908	83286	0	0	246	6328	0	0	0	23024	258	11912	224	742	478	8458	29558	0	0	0	1712	5656	0	0	0	0	3094	21478	2574	9940	2790	65164	358	2868	988	2956	186	1262	0	130	0	892	0	3378	146	662	0	1982	142	942	0	130	0	670	2730	4892	0	0	388	162	246	576	0	96	160	7110	6742	24118	3358	29068	3922	18326	1302	4186	6746	16704	212	300	436	1092	0	268	212	2394	0	0	120	3140	0	0	0	0	0	144	0	0	0	0	0	0	0	0	0	0	0	0	0	376	0	0	0	0	0	0	
76820	Olfactory_L	0	0	0	0	2582	280	0	0	102	0	0	0	0	0	2028	190	0	0	0	0	0	6642	0	0	0	0	4696	990	3250	130	2052	1420	0	0	0	0	254	0	436	0	548	0	0	0	0	0	0	0	0	0	0	0	0	0	86	0	0	0	0	0	0	0	0	0	0	0	0	0	0	0	7328	3954	1018	0	0	0	0	0	0	0	0	0	424	0	0	0	0	0	0	0	0	0	0	0	0	0	0	0	0	0	0	0	0	0	0	0	0	0	0	0	0	0	0	0	0	0	
102808	Olfactory_R	0	0	0	0	1318	1898	0	0	94	0	0	0	0	0	806	2250	0	0	0	0	6642	0	0	0	0	218	4344	4060	572	3996	2678	2310	0	0	0	0	0	98	0	180	0	990	0	0	0	0	0	0	0	0	0	0	0	0	0	0	0	0	0	0	0	0	0	0	0	0	0	0	0	0	9018	7576	1588	358	0	0	0	0	0	0	0	0	0	410	0	0	0	0	0	0	0	0	0	0	0	0	0	0	0	0	0	0	0	0	0	0	0	0	0	0	0	0	0	0	0	0	
326200	Frontal_Sup_Medial_L	0	0	39798	8270	4674	216	17324	290	442	0	940	90	8542	190	2456	0	0	0	5318	1712	0	0	0	14602	5308	880	300	0	3768	190	24186	11892	3760	5392	0	0	0	0	0	0	0	0	0	0	0	0	0	0	0	0	0	0	0	0	0	0	0	0	0	0	0	0	0	0	0	0	0	0	0	0	714	454	1140	252	0	0	0	0	0	0	0	0	0	0	0	0	0	0	0	0	0	0	0	0	0	0	0	0	0	0	0	0	0	0	0	0	0	0	0	0	0	0	0	0	0	0	
251404	Frontal_Sup_Medial_R	0	0	366	30318	0	3434	0	2590	0	196	0	890	0	1898	0	1478	0	0	1284	5656	0	0	14602	0	282	4044	0	794	0	2602	3194	27284	98	10370	0	0	0	104	0	0	0	122	0	0	0	0	0	0	0	0	0	0	0	0	0	0	0	0	0	0	0	0	0	0	0	0	0	0	0	0	0	7982	0	6114	0	0	0	0	0	0	0	0	0	0	0	0	0	0	0	0	0	0	0	0	0	0	0	0	0	0	0	0	0	0	0	0	0	0	0	0	0	0	0	0	0	0	
53040	Frontal_Med_Orb_L	0	0	4216	0	4538	178	1334	0	250	0	0	0	2076	0	1276	0	0	0	0	0	0	0	5308	282	0	442	1214	0	572	0	4372	102	0	0	0	0	0	0	0	0	0	0	0	0	0	0	0	0	0	0	0	0	0	0	0	0	0	0	0	0	0	0	0	0	0	0	0	0	0	0	152	0	208	0	0	0	0	0	0	0	0	0	0	0	0	0	0	0	0	0	0	0	0	0	0	0	0	0	0	0	0	0	0	0	0	0	0	0	0	0	0	0	0	0	0	0	
50360	Frontal_Med_Orb_R	0	0	0	1530	0	5326	0	0	0	714	0	0	0	0	0	0	0	0	0	0	0	218	880	4044	442	0	0	5346	0	94	1106	3146	0	0	0	0	0	0	0	0	0	0	0	0	0	0	0	0	0	0	0	0	0	0	0	0	0	0	0	0	0	0	0	0	0	0	0	0	0	0	0	2100	0	234	0	0	0	0	0	0	0	0	0	0	0	0	0	0	0	0	0	0	0	0	0	0	0	0	0	0	0	0	0	0	0	0	0	0	0	0	0	0	0	0	0	0	
61848	Rectus_L	0	0	116	0	3838	254	0	0	1604	0	0	0	0	0	1422	122	0	0	0	0	4696	4344	300	0	1214	0	0	754	864	0	2350	1094	0	0	0	0	0	0	0	0	164	0	0	0	0	0	0	0	0	0	0	0	0	0	0	0	0	0	0	0	0	0	0	0	0	0	0	0	0	0	4408	2478	902	0	0	0	0	0	0	0	0	0	0	0	0	0	0	0	0	0	0	0	0	0	0	0	0	0	0	0	0	0	0	0	0	0	0	0	0	0	0	0	0	0	0	0	
66584	Rectus_R	0	0	0	156	0	7004	0	0	0	1064	0	0	0	0	0	2420	0	0	0	0	990	4060	0	794	0	5346	754	0	0	2846	1344	3058	0	0	0	0	0	0	0	0	0	120	0	0	0	0	0	0	0	0	0	0	0	0	0	0	0	0	0	0	0	0	0	0	0	0	0	0	0	0	1052	1870	0	414	0	0	0	0	0	0	0	0	0	0	0	0	0	0	0	0	0	0	0	0	0	0	0	0	0	0	0	0	0	0	0	0	0	0	0	0	0	0	0	0	0	0	
572516	Insula_L	13346	2080	27728	2828	3190	0	9188	1226	3602	0	17932	3418	28896	2622	13624	134	19510	322	20966	3094	3250	572	3768	0	572	0	864	0	0	3724	7420	0	0	246	806	0	9182	226	1398	0	1668	0	0	0	86	0	1186	0	128	0	2822	0	0	0	2096	0	6388	216	0	0	810	0	302	0	446	0	954	0	1494	0	8296	5038	16684	794	236	146	896	524	9646	0	10216	0	1328	0	3372	0	0	0	4752	0	0	0	0	0	0	0	0	0	0	0	0	0	0	0	0	0	0	0	0	0	0	0	0	0	0	0	
513356	Insula_R	152	1958	292	21632	0	1202	690	3524	0	0	426	32820	2598	23674	1396	9418	0	23078	1966	21478	130	3996	190	2602	0	94	0	2846	3724	0	1350	7490	0	9824	140	182	0	5150	0	2092	0	1616	0	140	0	0	0	160	0	0	0	0	0	144	0	1630	0	1866	0	0	0	190	0	368	0	0	0	326	0	324	3014	17072	788	24212	0	208	272	926	0	3838	0	6458	0	2692	0	2158	0	0	0	2162	0	0	0	0	0	0	0	0	0	0	0	0	0	0	0	0	0	0	0	0	0	0	0	0	0	0	
278172	Cingulum_Ant_L	0	0	17952	2784	3862	314	7210	364	570	0	1922	822	9384	1248	2538	180	0	0	5084	2574	2052	2678	24186	3194	4372	1106	2350	1344	7420	1350	0	11176	6824	1478	344	0	0	0	0	0	0	0	0	0	0	0	0	0	0	0	0	0	0	0	0	0	0	0	0	0	0	0	0	0	0	0	0	0	0	0	4828	3454	2588	1390	0	0	0	144	0	0	0	0	0	0	0	0	0	0	0	0	0	0	0	0	0	0	0	0	0	0	0	0	0	0	0	0	0	0	0	0	0	0	0	0	0	0	
332172	Cingulum_Ant_R	0	0	602	24242	0	1964	0	1772	0	0	0	4554	0	7342	0	1730	0	0	3082	9940	1420	2310	11892	27284	102	3146	1094	3058	0	7490	11176	0	792	18796	0	0	0	108	0	0	0	122	0	0	0	0	0	0	0	0	0	0	0	0	0	0	0	0	0	0	0	0	0	0	0	0	0	0	0	0	2036	12180	0	7852	0	0	0	0	0	0	0	0	0	0	0	0	0	0	0	0	0	0	0	0	0	0	0	0	0	0	0	0	0	0	0	0	0	0	0	0	0	0	0	0	0	0	
118608	Cingulum_Mid_L	616	0	4438	392	0	0	1242	0	0	0	0	0	180	0	0	0	0	0	9980	2790	0	0	3760	98	0	0	0	0	0	0	6824	792	0	5760	2552	1128	0	0	0	0	0	0	1070	0	1302	0	0	0	228	0	1052	0	0	0	0	0	120	0	0	0	0	0	0	0	0	0	6900	334	7360	116	0	0	0	0	0	0	140	0	0	0	0	0	0	0	130	0	0	0	0	0	0	0	0	0	0	0	0	0	0	0	0	0	0	0	0	0	0	0	0	0	0	0	0	0	0	0	
501976	Cingulum_Mid_R	2640	1748	1770	21884	0	0	0	5616	0	0	0	13442	0	9548	0	142	0	846	19422	65164	0	0	5392	10370	0	0	0	0	246	9824	1478	18796	5760	0	1170	4192	88	516	0	206	0	0	0	1036	0	4646	0	230	0	2306	0	1228	0	0	0	218	748	1766	0	0	0	0	0	0	0	0	98	8420	4948	14466	1652	1728	458	1304	252	206	2448	1486	98	0	0	0	0	0	0	510	0	0	0	314	0	0	0	0	0	0	0	0	0	0	0	0	0	0	0	0	0	0	0	162	0	0	0	0	0	0	
136328	Cingulum_Post_L	712	1170	218	274	0	0	142	350	0	0	0	122	0	0	0	0	0	0	1296	358	0	0	0	0	0	0	0	0	806	140	344	0	2552	1170	0	6124	7302	3214	1112	374	0	0	2864	116	2014	166	1344	0	1230	0	1312	0	0	0	604	0	0	90	0	0	0	0	0	0	0	0	10410	1240	5764	130	188	0	960	136	0	0	10090	1244	0	0	0	0	0	0	276	0	0	0	206	0	0	0	0	0	0	0	0	0	0	0	0	0	0	0	0	0	0	0	0	0	0	0	0	0	0	0	
140776	Cingulum_Post_R	160	4068	144	802	0	0	144	460	0	0	0	160	0	0	0	0	0	84	542	2868	0	0	0	0	0	0	0	0	0	182	0	0	1128	4192	6124	0	0	7556	0	1358	0	0	0	1660	0	1614	0	3494	0	166	0	306	0	0	0	324	0	1974	0	0	0	0	0	0	0	0	410	10024	344	4944	96	0	0	172	0	0	7282	4650	0	0	0	0	0	0	0	994	0	0	0	1838	0	0	0	0	0	0	0	0	0	0	0	0	0	0	0	0	0	0	0	0	124	0	0	0	0	0	
217088	Hippocampus_L	3086	860	1356	856	0	0	390	0	0	0	152	0	0	0	0	0	416	0	1090	988	254	0	0	0	0	0	0	0	9182	0	0	0	0	88	7302	0	0	0	12428	0	5792	0	2158	0	666	0	3736	0	268	0	2870	0	342	0	9092	0	564	0	0	0	0	0	0	0	0	0	8628	0	4762	0	232	0	9386	0	1030	0	5482	0	1148	0	1532	0	236	0	3650	0	0	0	8190	0	0	0	0	0	136	0	0	0	0	0	0	0	0	0	0	0	0	0	0	196	0	0	0	0	0	0	
279560	Hippocampus_R	414	6924	470	3374	0	0	434	1428	0	0	0	1018	152	0	104	376	0	1576	732	2956	0	98	0	104	0	0	0	0	226	5150	0	108	0	516	3214	7556	0	0	0	20824	0	7546	0	1168	0	84	0	2812	0	0	0	0	0	1534	0	18604	0	1524	0	0	0	0	0	0	0	0	0	3552	302	106	438	516	324	11072	0	644	4806	5658	0	366	0	1970	0	872	0	4436	0	0	0	13264	0	0	0	0	0	0	0	310	0	118	0	0	0	0	0	0	0	0	0	0	0	0	0	0	0	0	
81312	ParaHippocampal_L	476	0	160	118	0	0	0	0	0	0	0	0	0	0	120	0	0	0	474	186	436	0	0	0	0	0	0	0	1398	0	0	0	0	0	1112	0	12428	0	0	0	1772	0	914	0	360	0	4136	0	92	0	2138	0	360	0	5616	0	122	0	0	0	0	0	0	0	0	0	2038	0	170	0	0	0	3118	0	250	0	402	0	154	0	200	0	246	0	300	0	0	0	968	0	0	0	0	0	178	0	112	0	102	0	0	0	0	0	0	0	0	0	0	0	0	0	0	0	0	0	
144912	ParaHippocampal_R	0	654	0	1458	0	0	0	0	0	0	0	332	0	0	0	160	0	880	104	1262	0	180	0	0	0	0	0	0	0	2092	0	0	0	206	374	1358	0	20824	0	0	0	6188	0	808	0	166	0	3602	0	0	0	0	0	620	0	12794	0	338	0	0	0	0	0	0	0	0	0	1602	0	0	88	120	0	5414	0	614	680	1824	0	174	0	574	0	1052	0	938	0	468	0	3724	0	0	0	0	0	0	0	784	0	0	0	0	0	0	0	0	0	0	0	0	0	0	0	0	0	0	
28980	Amygdala_L	0	0	0	0	204	0	0	0	0	0	0	0	0	0	176	0	0	0	248	0	548	0	0	0	0	0	164	0	1668	0	0	0	0	0	0	0	5792	0	1772	0	0	0	0	0	0	0	0	0	0	0	0	0	0	0	2422	0	0	0	0	0	0	0	0	0	0	0	0	0	0	0	0	0	678	0	0	0	0	0	0	0	110	0	196	0	0	0	0	0	512	0	0	0	0	0	0	0	0	0	0	0	0	0	0	0	0	0	0	0	0	0	0	0	0	0	0	0	
51928	Amygdala_R	0	0	0	178	0	92	0	0	0	0	0	0	0	0	0	722	0	0	0	130	0	990	0	122	0	0	0	120	0	1616	0	122	0	0	0	0	0	7546	0	6188	0	0	0	0	0	0	0	0	0	0	0	0	0	0	0	4316	0	0	0	0	0	0	0	0	0	0	0	0	0	0	0	188	0	998	0	0	0	0	0	0	0	0	0	2080	0	0	0	438	0	118	0	0	0	0	0	0	0	0	0	0	0	0	0	0	0	0	0	0	0	0	0	0	0	0	0	0	
213932	Calcarine_L	470	0	0	0	0	0	0	0	0	0	0	0	0	0	0	0	0	0	0	0	0	0	0	0	0	0	0	0	0	0	0	0	1070	0	2864	0	2158	0	914	0	0	0	0	3574	18950	2780	13018	2200	11778	1334	21322	806	1860	92	2848	172	144	0	0	0	112	0	0	0	122	0	15550	246	1844	0	0	0	0	0	0	0	86	0	0	0	0	0	0	0	652	0	0	0	0	0	0	0	0	0	0	0	0	0	0	0	0	0	0	0	0	0	0	0	0	0	0	0	0	0	0	0	
278712	Calcarine_R	0	450	0	0	0	0	0	0	0	0	0	0	0	0	0	0	0	0	0	892	0	0	0	0	0	0	0	0	0	140	0	0	0	1036	116	1660	0	1168	0	808	0	0	3574	0	1040	25906	486	20740	0	15734	0	10030	0	6102	0	3704	0	1846	0	160	0	396	0	150	0	170	1160	23556	94	3216	0	0	0	318	0	0	0	0	0	0	0	304	0	0	0	4700	0	0	0	9518	0	0	0	0	0	0	0	0	0	0	0	0	0	0	0	0	0	0	0	0	182	0	0	0	0	0	
183468	Cuneus_L	516	0	0	0	0	0	0	0	0	0	0	0	0	0	0	0	0	0	0	0	0	0	0	0	0	0	0	0	86	0	0	0	1302	0	2014	0	666	0	360	0	0	0	18950	1040	0	3478	4486	214	19270	1016	20420	108	1452	0	1176	0	0	0	0	0	140	0	0	0	154	0	11262	650	2422	0	0	0	0	0	0	0	0	0	0	0	0	0	0	0	552	0	0	0	0	0	0	0	0	0	0	0	0	0	0	0	0	0	0	0	0	0	0	0	0	0	0	0	0	0	0	0	
344664	Cuneus_R	160	1492	0	0	0	0	0	0	0	0	0	0	0	0	0	0	0	0	0	3378	0	0	0	0	0	0	0	0	0	0	0	0	0	4646	166	1614	0	84	0	166	0	0	2780	25906	3478	0	108	6908	114	35364	0	15730	0	1512	0	2712	0	3844	112	3320	0	1384	0	674	0	1908	2284	30932	432	15374	0	0	0	0	0	0	0	0	0	0	0	162	0	0	0	3750	0	0	0	1754	0	0	0	0	0	0	0	0	0	0	0	0	0	0	0	0	0	0	0	0	84	0	0	0	0	0	
327208	Lingual_L	1860	0	96	0	0	0	0	0	0	0	0	0	0	0	0	0	158	0	232	146	0	0	0	0	0	0	0	0	1186	0	0	0	0	0	1344	0	3736	0	4136	0	0	0	13018	486	4486	108	0	1624	3150	126	28488	134	11760	94	21838	280	250	0	0	0	124	0	86	0	118	0	6494	0	1644	0	0	0	460	0	0	0	1640	0	1008	0	98	0	0	0	1594	0	0	0	748	0	4426	154	0	196	178	512	14330	762	11622	624	0	244	220	324	180	1138	0	228	150	520	7046	3928	448	1858	1766	0	
278776	Lingual_R	0	596	0	0	0	0	0	0	0	0	0	0	0	0	0	0	0	92	0	662	0	0	0	0	0	0	0	0	0	160	0	0	0	230	0	3494	0	2812	0	3602	0	0	2200	20740	214	6908	1624	0	0	4706	0	4130	0	2222	416	15354	0	1056	0	0	0	268	0	0	0	0	390	17692	0	1574	0	0	106	416	0	0	184	130	0	0	0	226	0	0	0	4444	0	0	0	8484	2608	3374	220	0	0	0	1750	5180	3764	6050	0	0	86	88	0	0	0	0	0	0	5812	4304	916	104	0	0	
149548	Occipital_Sup_L	262	0	0	0	0	0	0	0	0	0	0	0	0	0	0	0	0	0	0	0	0	0	0	0	0	0	0	0	128	0	0	0	228	0	1230	0	268	0	92	0	0	0	11778	0	19270	114	3150	0	0	0	24614	0	634	0	720	0	0	0	1748	0	288	0	0	0	0	0	8364	1152	340	0	0	0	0	0	0	0	0	0	0	0	0	0	0	0	394	0	0	0	0	0	0	0	0	0	0	0	0	0	0	0	0	0	0	0	0	0	0	0	0	0	0	0	0	0	0	0	
262124	Occipital_Sup_R	108	1132	0	0	0	0	0	0	0	0	0	0	0	0	0	0	0	0	0	1982	0	0	0	0	0	0	0	0	0	0	0	0	0	2306	0	166	0	0	0	0	0	0	1334	15734	1016	35364	126	4706	0	0	0	22952	0	1530	0	1734	0	2110	0	5370	0	968	0	654	0	4594	424	14816	224	7252	0	0	0	0	0	0	0	0	0	0	0	0	0	0	0	3378	0	0	0	1082	0	0	0	0	0	0	0	0	0	0	0	0	0	0	0	0	0	0	0	0	0	0	0	0	0	0	
514744	Occipital_Mid_L	9286	142	166	128	0	0	134	0	0	0	0	0	0	0	0	0	744	0	84	142	0	0	0	0	0	0	0	0	2822	0	0	0	1052	0	1312	0	2870	0	2138	0	0	0	21322	0	20420	0	28488	0	24614	0	0	0	17174	0	11244	0	7942	0	8308	0	21028	0	4210	0	17582	0	15618	522	5142	0	0	0	132	0	0	0	0	0	2354	0	1364	0	0	0	21280	0	0	0	6204	0	522	0	0	0	0	0	150	0	444	0	0	0	0	0	0	0	0	0	0	0	142	146	0	0	0	0	
210104	Occipital_Mid_R	106	238	0	0	0	0	0	0	0	0	0	0	0	0	0	0	0	0	0	942	0	0	0	0	0	0	0	0	0	0	0	0	0	1228	0	306	0	0	0	0	0	0	806	10030	108	15730	134	4130	0	22952	0	0	0	4638	0	2324	0	482	0	3656	0	2898	0	556	0	10562	0	6646	208	2914	0	0	0	0	0	0	0	0	0	0	0	414	0	0	0	10712	0	0	0	2332	0	0	0	0	0	0	0	0	0	0	0	0	0	0	0	0	0	0	0	0	0	0	0	0	0	0	
99524	Occipital_Inf_L	0	0	0	0	0	0	0	0	0	0	0	0	0	0	0	0	0	0	0	0	0	0	0	0	0	0	0	0	0	0	0	0	0	0	0	0	342	0	360	0	0	0	1860	0	1452	0	11760	0	634	0	17174	0	0	0	9604	0	0	0	0	0	0	0	0	0	0	0	130	0	0	0	0	0	0	0	0	0	0	0	0	0	0	0	0	0	1204	0	0	0	2726	0	1122	0	0	0	0	0	172	0	754	0	0	0	0	0	0	0	0	0	0	0	152	316	0	0	0	0	
81756	Occipital_Inf_R	0	298	0	0	0	0	0	0	0	0	0	0	0	0	0	0	0	0	0	130	0	0	0	0	0	0	0	0	0	144	0	0	0	0	0	0	0	1534	0	620	0	0	92	6102	0	1512	94	2222	0	1530	0	4638	0	0	0	4994	0	1090	0	0	0	412	0	300	0	0	0	2232	0	502	0	0	0	142	0	0	0	0	0	0	0	404	0	0	0	1276	0	0	0	10610	0	0	0	0	0	0	0	0	0	0	0	0	0	0	0	0	0	0	0	0	0	0	0	0	0	0	
335336	Fusiform_L	710	0	106	0	0	0	0	0	0	0	0	0	0	0	0	0	0	0	98	0	86	0	0	0	0	0	0	0	2096	0	0	0	0	0	604	0	9092	0	5616	0	2422	0	2848	0	1176	0	21838	416	720	0	11244	0	9604	0	0	0	122	0	0	0	0	0	0	0	0	0	2394	0	374	0	0	0	442	0	0	0	106	0	458	0	424	0	1644	0	3370	0	396	0	10162	0	22200	0	534	0	384	0	17402	158	32756	188	676	0	722	86	166	0	98	0	0	0	1946	1652	132	0	0	0	
307548	Fusiform_R	0	508	0	492	0	0	0	0	0	0	0	112	0	0	0	0	0	338	0	670	0	0	0	0	0	0	0	0	0	1630	0	0	0	218	0	324	0	18604	0	12794	0	4316	172	3704	0	2712	280	15354	0	1734	0	2324	0	4994	0	0	0	494	0	0	0	302	0	0	0	218	0	2532	0	1086	0	0	0	3046	0	376	0	322	0	156	0	1416	0	4770	0	3798	0	522	0	17178	1246	10878	90	558	0	104	326	7778	1382	15474	0	284	0	886	0	92	0	0	0	0	4020	2332	552	188	88	0	
285960	Postcentral_L	30170	2342	3484	2588	0	0	536	0	0	0	2312	0	104	0	0	0	10112	0	3916	2730	0	0	0	0	0	0	0	0	6388	0	0	0	120	748	0	0	564	0	122	0	0	0	144	0	0	0	250	0	0	0	7942	0	0	0	122	0	0	0	6594	0	21886	0	12708	0	2704	0	2120	0	6422	0	134	232	442	0	0	0	0	254	1844	0	7182	0	0	0	3276	0	0	0	2488	0	0	0	0	0	0	0	0	0	0	0	0	0	0	0	0	0	0	0	0	0	0	0	0	0	0	0	
240212	Postcentral_R	0	18038	0	2462	0	0	0	0	0	0	0	1002	0	0	0	0	0	6888	0	4892	0	0	0	0	0	0	0	0	216	1866	0	0	0	1766	90	1974	0	1524	0	338	0	0	0	1846	0	3844	0	1056	0	2110	0	482	0	1090	0	494	0	0	0	3328	0	10994	0	12440	0	1168	0	9818	0	12700	0	0	108	810	0	210	84	0	0	692	0	4468	0	0	0	5884	0	0	0	5424	0	0	0	0	0	0	0	0	0	0	0	0	0	0	0	0	0	0	0	0	0	0	0	0	0	0	
77768	Parietal_Sup_L	234	0	0	0	0	0	0	0	0	0	0	0	0	0	0	0	0	0	0	0	0	0	0	0	0	0	0	0	0	0	0	0	0	0	0	0	0	0	0	0	0	0	0	0	0	112	0	0	1748	0	8308	0	0	0	0	0	6594	0	0	0	8020	0	218	0	690	0	11012	730	310	0	0	0	0	0	0	0	0	0	0	0	154	0	0	0	344	0	0	0	410	0	0	0	0	0	0	0	0	0	0	0	0	0	0	0	0	0	0	0	0	0	0	0	0	0	0	0	
81696	Parietal_Sup_R	0	116	0	0	0	0	0	0	0	0	0	0	0	0	0	0	0	0	0	0	0	0	0	0	0	0	0	0	0	0	0	0	0	0	0	0	0	0	0	0	0	0	0	160	0	3320	0	0	0	5370	0	3656	0	0	0	0	0	3328	0	0	0	5072	0	0	0	5042	320	8358	0	3402	0	0	0	0	0	0	0	0	0	0	0	122	0	0	0	1674	0	0	0	908	0	0	0	0	0	0	0	0	0	0	0	0	0	0	0	0	0	0	0	0	0	0	0	0	0	0	
242584	Parietal_Inf_L	4170	384	126	346	0	0	98	0	0	0	86	0	0	0	0	0	466	0	136	388	0	0	0	0	0	0	0	0	810	0	0	0	0	0	0	0	0	0	0	0	0	0	112	0	140	0	124	0	288	0	21028	0	0	0	0	0	21886	0	8020	0	0	0	18350	0	25514	0	1534	0	844	0	0	0	0	0	0	0	0	0	0	0	1470	0	0	0	11030	0	0	0	3942	0	0	0	0	0	0	0	0	0	0	0	0	0	0	0	0	0	0	0	0	0	0	0	0	0	0	0	
155328	Parietal_Inf_R	0	372	0	0	0	0	0	0	0	0	0	0	0	0	0	0	0	0	0	162	0	0	0	0	0	0	0	0	0	190	0	0	0	0	0	0	0	0	0	0	0	0	0	396	0	1384	0	268	0	968	0	2898	0	412	0	302	0	10994	0	5072	0	0	0	9984	0	20332	0	2026	0	1344	0	0	0	0	0	0	0	0	0	358	0	2696	0	0	0	12024	0	0	0	5482	0	0	0	0	0	0	0	0	0	0	0	0	0	0	0	0	0	0	0	0	0	0	0	0	0	0	
143896	SupraMarginal_L	2882	272	0	256	0	0	0	0	0	0	0	0	0	0	0	0	1524	0	0	246	0	0	0	0	0	0	0	0	302	0	0	0	0	0	0	0	0	0	0	0	0	0	0	0	0	0	86	0	0	0	4210	0	0	0	0	0	12708	0	218	0	18350	0	0	0	10414	0	0	0	166	0	0	0	0	0	0	0	0	0	146	0	5088	0	0	0	11432	0	0	0	3648	0	0	0	0	0	0	0	0	0	0	0	0	0	0	0	0	0	0	0	0	0	0	0	0	0	0	0	
106096	SupraMarginal_R	0	1118	0	0	0	0	0	0	0	0	0	0	0	0	0	0	0	2998	0	576	0	0	0	0	0	0	0	0	0	368	0	0	0	0	0	0	0	0	0	0	0	0	0	150	0	674	0	0	0	654	0	556	0	300	0	0	0	12440	0	0	0	9984	0	0	0	7386	0	770	0	924	0	0	0	90	0	0	0	0	0	342	0	5552	0	0	0	6872	0	0	0	1294	0	0	0	0	0	0	0	0	0	0	0	0	0	0	0	0	0	0	0	0	0	0	0	0	0	0	
173880	Angular_L	970	0	0	0	0	0	0	0	0	0	120	0	0	0	0	0	118	0	0	0	0	0	0	0	0	0	0	0	446	0	0	0	0	0	0	0	0	0	0	0	0	0	122	0	154	0	118	0	0	0	17582	0	0	0	0	0	2704	0	690	0	25514	0	10414	0	0	0	304	0	358	0	0	0	0	0	0	0	0	0	0	0	2230	0	0	0	20762	0	0	0	4334	0	0	0	0	0	0	0	0	0	0	0	0	0	0	0	0	0	0	0	0	0	0	0	0	0	0	0	
144704	Angular_R	0	100	0	0	0	0	0	0	0	0	0	0	0	0	0	0	0	0	0	96	0	0	0	0	0	0	0	0	0	0	0	0	0	0	0	0	0	0	0	0	0	0	0	170	0	1908	0	0	0	4594	0	10562	0	0	0	218	0	1168	0	5042	0	20332	0	7386	0	0	0	2034	0	1748	0	0	0	0	0	0	0	0	0	0	0	1782	0	0	0	12796	0	0	0	2416	0	0	0	0	0	0	0	0	0	0	0	0	0	0	0	0	0	0	0	0	0	0	0	0	0	0	
266052	Precuneus_L	1496	184	120	148	0	0	0	0	0	0	0	0	0	0	0	0	0	0	274	160	0	0	0	0	0	0	0	0	954	0	0	0	6900	98	10410	410	8628	0	2038	0	0	0	15550	1160	11262	2284	6494	390	8364	424	15618	0	130	0	2394	0	2120	0	11012	320	1534	0	0	0	304	0	0	6578	9510	168	0	0	956	0	0	0	3018	0	0	0	206	0	0	0	860	0	0	0	550	0	0	0	0	0	0	0	0	0	0	0	0	0	0	0	0	0	0	0	0	0	0	0	0	0	0	0	
435840	Precuneus_R	168	3890	0	0	0	0	0	0	0	0	0	0	0	0	0	0	0	104	0	7110	0	0	0	0	0	0	0	0	0	326	0	0	334	8420	1240	10024	0	3552	0	1602	0	0	246	23556	650	30932	0	17692	1152	14816	522	6646	0	2232	0	2532	0	9818	730	8358	0	2026	0	770	0	2034	6578	0	482	27630	0	0	0	534	0	0	312	560	0	0	0	460	0	0	0	8532	0	0	0	11144	0	0	0	0	0	0	0	0	0	0	0	0	0	0	0	0	0	0	0	0	206	0	0	0	0	0	
288572	Paracentral_Lobule_L	27262	1416	4486	1534	0	0	0	0	0	0	0	0	0	0	0	0	540	0	17124	6742	0	0	0	0	0	0	0	0	1494	0	0	0	7360	4948	5764	344	4762	302	170	0	0	0	1844	94	2422	432	1644	0	340	224	5142	208	0	0	374	0	6422	0	310	0	844	0	166	0	358	0	9510	482	0	1456	552	0	1104	0	0	0	15094	358	856	0	2402	0	0	0	3802	0	0	0	2866	0	0	0	0	0	0	402	0	0	0	0	0	0	0	0	0	0	0	0	0	330	0	0	0	0	0	0	
305772	Paracentral_Lobule_R	348	14404	0	0	0	0	0	0	0	0	0	0	0	0	0	0	0	0	144	24118	0	0	0	0	0	0	0	0	0	324	0	0	116	14466	130	4944	0	106	0	0	0	0	0	3216	0	15374	0	1574	0	7252	0	2914	0	502	0	1086	0	12700	0	3402	0	1344	0	924	0	1748	168	27630	1456	0	1060	0	0	0	200	0	1214	0	0	0	0	1068	0	0	0	4920	0	0	0	4034	0	0	0	0	0	0	0	0	0	0	0	0	0	0	0	0	0	0	0	0	0	0	0	0	0	0	
234100	Caudate_L	1250	2376	2244	2664	2536	320	1000	942	586	0	312	2542	3162	1780	3384	382	150	314	1840	3358	7328	9018	714	0	152	0	4408	1052	8296	3014	4828	2036	0	1652	188	96	232	438	0	88	0	0	0	0	0	0	0	0	0	0	0	0	0	0	0	0	134	0	0	0	0	0	0	0	0	0	0	0	552	1060	0	15028	15164	1380	1092	144	5772	1610	138	0	294	0	0	0	0	0	0	0	0	0	0	0	0	0	0	0	0	0	0	0	0	0	0	0	0	0	0	0	0	0	0	0	0	0	0	0	
467488	Caudate_R	860	2084	1288	28018	762	3300	1304	1790	200	644	156	11764	2498	7772	1574	5106	0	2300	1268	29068	3954	7576	454	7982	0	2100	2478	1870	5038	17072	3454	12180	0	1728	0	0	0	516	0	120	0	188	0	0	0	0	0	0	0	0	0	0	0	0	0	0	232	0	0	0	0	0	0	0	0	0	0	0	0	0	15028	0	4874	25340	0	2478	2104	14476	148	0	96	0	0	278	0	0	0	0	0	0	0	0	0	0	0	0	0	0	0	0	0	0	0	0	0	0	0	0	0	224	0	0	0	0	0	0	
259032	Putamen_L	2440	3378	8886	2890	4676	0	2116	130	3718	0	296	504	2272	494	5276	0	286	318	7516	3922	1018	1588	1140	0	208	0	902	0	16684	788	2588	0	0	458	960	0	9386	324	3118	0	678	0	0	0	0	0	460	106	0	0	132	0	0	0	442	0	442	108	0	0	0	0	0	0	0	0	956	0	1104	0	15164	4874	0	1100	5904	272	5526	1272	86	0	1022	0	246	0	348	0	0	0	802	0	0	0	0	0	0	92	0	0	0	0	0	0	0	0	0	0	0	0	0	100	0	0	0	0	0	0	
343096	Putamen_R	96	1458	642	20676	0	980	140	1112	0	90	0	6140	150	2148	92	5230	0	7248	746	18326	0	358	252	6114	0	234	0	414	794	24212	1390	7852	0	1304	136	172	0	11072	0	5414	0	998	0	318	0	0	0	416	0	0	0	0	0	142	0	3046	0	810	0	0	0	0	0	90	0	0	0	534	0	0	1380	25340	1100	0	0	4878	276	2316	0	892	0	1136	0	556	0	604	0	0	0	1724	0	0	0	0	0	0	0	0	0	0	0	0	0	0	0	0	0	0	0	0	0	0	0	0	0	0	
30472	Pallidum_L	88	734	1268	950	0	0	0	156	0	0	0	0	0	0	0	0	0	0	392	1302	0	0	0	0	0	0	0	0	236	0	0	0	0	252	0	0	1030	0	250	0	0	0	0	0	0	0	0	0	0	0	0	0	0	0	0	0	0	0	0	0	0	0	0	0	0	0	0	0	0	200	1092	0	5904	0	0	0	1246	0	0	0	136	0	0	0	0	0	0	0	0	0	0	0	0	0	0	0	0	0	0	0	0	0	0	0	0	0	0	0	0	0	0	0	0	0	0	0	
37920	Pallidum_R	0	160	90	2832	0	0	0	0	0	0	0	156	0	0	0	0	0	810	128	4186	0	0	0	0	0	0	0	0	146	208	0	0	0	206	0	0	0	644	0	614	0	0	0	0	0	0	0	0	0	0	0	0	0	0	0	376	0	210	0	0	0	0	0	0	0	0	0	0	0	0	144	2478	272	4878	0	0	0	0	0	210	0	212	0	0	0	0	0	0	0	0	0	0	0	0	0	0	0	0	0	0	0	0	0	0	0	0	0	0	0	0	0	0	0	0	0	0	
239704	Thalamus_L	7074	5026	3534	4110	0	0	260	476	0	0	0	148	0	0	0	0	0	188	13336	6746	0	0	0	0	0	0	0	0	896	272	0	0	140	2448	10090	7282	5482	4806	402	680	0	0	86	0	0	0	1640	184	0	0	0	0	0	0	106	0	0	84	0	0	0	0	0	0	0	0	3018	312	15094	1214	5772	2104	5526	276	1246	0	0	7904	0	0	234	0	0	0	104	0	0	0	186	0	0	0	0	0	0	608	0	0	0	0	0	0	0	0	0	0	0	0	0	758	0	0	0	0	0	0	
189520	Thalamus_R	786	8836	558	17332	0	0	292	940	0	0	176	676	340	0	272	0	0	784	830	16704	0	0	0	0	0	0	0	0	524	926	144	0	0	1486	1244	4650	0	5658	0	1824	0	0	0	0	0	0	0	130	0	0	0	0	0	0	0	322	254	0	0	0	0	0	0	0	0	0	0	560	358	0	1610	14476	1272	2316	0	0	7904	0	0	0	0	0	0	0	0	90	0	0	0	240	0	0	0	0	0	0	0	0	0	0	0	0	0	0	0	0	0	0	0	246	0	0	0	0	0	0	
78824	Heschl_L	7508	0	964	114	0	0	472	0	0	0	738	0	0	0	0	0	4230	0	508	212	0	0	0	0	0	0	0	0	9646	0	0	0	0	98	0	0	1148	0	154	0	0	0	0	0	0	0	1008	0	0	0	2354	0	0	0	458	0	1844	0	0	0	0	0	146	0	0	0	0	0	856	0	138	148	86	0	0	0	0	0	0	0	2914	0	0	0	2388	0	0	0	1280	0	0	0	0	0	0	0	0	0	0	0	0	0	0	0	0	0	0	0	0	0	0	0	0	0	0	0	
36852	Heschl_R	0	202	0	216	0	0	0	158	0	0	0	382	0	0	0	0	0	3746	0	300	0	0	0	0	0	0	0	0	0	3838	0	0	0	0	0	0	0	366	0	174	0	0	0	0	0	0	0	0	0	0	0	0	0	0	0	156	0	692	0	0	0	358	0	342	0	0	0	0	0	0	0	0	0	892	0	210	0	0	0	0	0	5270	0	0	0	796	0	0	0	328	0	0	0	0	0	0	0	0	0	0	0	0	0	0	0	0	0	0	0	0	0	0	0	0	0	0	
194496	Temporal_Sup_L	5378	160	5262	326	0	0	182	0	0	0	5070	0	184	0	0	0	11446	0	5180	436	0	0	0	0	0	0	0	0	10216	0	0	0	0	0	0	0	1532	0	200	0	110	0	0	0	0	0	98	0	0	0	1364	0	0	0	424	0	7182	0	154	0	1470	0	5088	0	2230	0	206	0	2402	0	294	96	1022	0	136	0	234	0	2914	0	0	0	1274	0	17694	0	0	0	7284	0	0	0	0	0	0	0	0	0	0	0	0	0	0	0	0	0	0	0	0	0	0	0	0	0	0	0	
119712	Temporal_Sup_R	0	1460	0	0	0	0	0	0	0	0	0	146	0	0	0	296	0	4770	0	1092	0	0	0	0	0	0	0	0	0	6458	0	0	0	0	0	0	0	1970	0	574	0	0	0	304	0	162	0	226	0	0	0	414	0	404	0	1416	0	4468	0	122	0	2696	0	5552	0	1782	0	460	0	1068	0	0	0	1136	0	212	0	0	0	5270	0	0	0	1944	0	10774	0	1564	0	3116	0	0	0	0	0	0	0	0	0	0	0	0	0	0	0	0	0	0	0	0	0	0	0	0	0	0	
43044	Temporal_Pole_Sup_L	0	0	226	0	196	0	0	0	0	0	552	0	0	0	404	0	560	0	234	0	424	0	0	0	0	0	0	0	1328	0	0	0	0	0	0	0	236	0	246	0	196	0	0	0	0	0	0	0	0	0	0	0	0	0	1644	0	0	0	0	0	0	0	0	0	0	0	0	0	0	0	0	0	246	0	0	0	0	0	0	0	1274	0	0	0	5540	0	2786	0	5430	0	0	0	0	0	0	0	0	0	0	0	0	0	0	0	0	0	0	0	0	0	0	0	0	0	0	0	
47688	Temporal_Pole_Sup_R	0	0	0	340	0	0	0	262	0	0	0	504	0	0	0	1560	0	1530	0	268	0	410	0	0	0	0	0	0	0	2692	0	0	0	0	0	0	0	872	0	1052	0	2080	0	0	0	0	0	0	0	0	0	0	0	0	0	4770	0	0	0	0	0	0	0	0	0	0	0	0	0	0	0	278	0	556	0	0	0	0	0	0	0	1944	0	0	0	194	0	1756	0	2776	0	0	0	0	0	0	0	0	0	0	0	0	0	0	0	0	0	0	0	0	0	0	0	0	0	0	
319308	Temporal_Mid_L	3102	336	266	214	0	0	108	0	0	0	102	0	0	0	0	0	1494	0	182	212	0	0	0	0	0	0	0	0	3372	0	0	0	130	0	276	0	3650	0	300	0	0	0	652	0	552	0	1594	0	394	0	21280	0	1204	0	3370	0	3276	0	344	0	11030	0	11432	0	20762	0	860	0	3802	0	0	0	348	0	0	0	104	0	2388	0	17694	0	5540	0	0	0	2808	0	36476	0	0	0	0	0	0	0	0	0	0	0	0	0	0	0	0	0	0	0	0	0	0	0	0	0	0	0	
294652	Temporal_Mid_R	0	3146	0	0	0	0	0	0	0	0	0	0	0	0	0	0	0	0	0	2394	0	0	0	0	0	0	0	0	0	2158	0	0	0	510	0	994	0	4436	0	938	0	0	0	4700	0	3750	0	4444	0	3378	0	10712	0	1276	0	3798	0	5884	0	1674	0	12024	0	6872	0	12796	0	8532	0	4920	0	0	0	604	0	0	0	90	0	796	0	10774	0	194	0	0	0	3070	0	32462	0	0	0	0	0	0	0	0	0	0	0	0	0	0	0	0	0	0	0	0	0	0	0	0	0	0	
16880	Temporal_Pole_Mid_L	0	0	0	0	0	0	0	0	0	0	0	0	0	0	0	0	0	0	0	0	0	0	0	0	0	0	0	0	0	0	0	0	0	0	0	0	0	0	0	0	0	0	0	0	0	0	0	0	0	0	0	0	0	0	396	0	0	0	0	0	0	0	0	0	0	0	0	0	0	0	0	0	0	0	0	0	0	0	0	0	0	0	2786	0	2808	0	0	0	2450	0	0	0	0	0	0	0	0	0	0	0	0	0	0	0	0	0	0	0	0	0	0	0	0	0	0	0	
18528	Temporal_Pole_Mid_R	0	0	0	0	0	0	0	0	0	0	0	0	0	0	0	0	0	0	0	0	0	0	0	0	0	0	0	0	0	0	0	0	0	0	0	0	0	0	0	468	0	438	0	0	0	0	0	0	0	0	0	0	0	0	0	522	0	0	0	0	0	0	0	0	0	0	0	0	0	0	0	0	0	0	0	0	0	0	0	0	0	1564	0	1756	0	3070	0	0	0	1446	0	0	0	0	0	0	0	0	0	0	0	0	0	0	0	0	0	0	0	0	0	0	0	0	0	0	
235484	Temporal_Inf_L	2456	258	264	108	0	0	0	0	0	0	0	0	0	0	0	0	908	0	210	120	0	0	0	0	0	0	0	0	4752	0	0	0	0	0	206	0	8190	0	968	0	512	0	0	0	0	0	748	0	0	0	6204	0	2726	0	10162	0	2488	0	410	0	3942	0	3648	0	4334	0	550	0	2866	0	0	0	802	0	0	0	186	0	1280	0	7284	0	5430	0	36476	0	2450	0	0	0	3266	0	524	0	0	0	0	0	2254	0	312	0	448	0	0	0	0	0	0	0	0	0	0	0	0	0	
310272	Temporal_Inf_R	0	4504	0	216	0	0	0	0	0	0	0	86	0	0	0	0	0	262	0	3140	0	0	0	0	0	0	0	0	0	2162	0	0	0	314	0	1838	0	13264	0	3724	0	118	0	9518	0	1754	0	8484	0	1082	0	2332	0	10610	0	17178	0	5424	0	908	0	5482	0	1294	0	2416	0	11144	0	4034	0	0	0	1724	0	0	0	240	0	328	0	3116	0	2776	0	32462	0	1446	0	0	0	1042	0	0	0	0	0	0	0	628	0	0	0	86	0	0	0	0	0	0	0	0	0	0	0	0	
451972	Cerebelum_Crus1_L	0	0	0	0	0	0	0	0	0	0	0	0	0	0	0	0	0	0	0	0	0	0	0	0	0	0	0	0	0	0	0	0	0	0	0	0	0	0	0	0	0	0	0	0	0	0	4426	2608	0	0	522	0	1122	0	22200	1246	0	0	0	0	0	0	0	0	0	0	0	0	0	0	0	0	0	0	0	0	0	0	0	0	0	0	0	0	0	0	0	0	3266	0	0	4998	29958	5336	402	0	12994	352	56664	5940	18818	1882	19892	1902	1524	244	1040	0	0	0	3300	11100	10868	2246	1136	0	
437848	Cerebelum_Crus1_R	0	0	0	0	0	0	0	0	0	0	0	0	0	0	0	0	0	0	0	0	0	0	0	0	0	0	0	0	0	0	0	0	0	0	0	0	0	0	0	0	0	0	0	0	0	0	154	3374	0	0	0	0	0	0	0	10878	0	0	0	0	0	0	0	0	0	0	0	0	0	0	0	0	0	0	0	0	0	0	0	0	0	0	0	0	0	0	0	0	0	1042	4998	0	2874	35368	0	3096	340	17358	3326	55620	1078	8564	500	27806	0	2638	0	98	348	1076	7186	10016	14098	4580	2508	0	
279424	Cerebelum_Crus2_L	0	0	0	0	0	0	0	0	0	0	0	0	0	0	0	0	0	0	0	0	0	0	0	0	0	0	0	0	0	0	0	0	0	0	0	0	0	0	0	0	0	0	0	0	0	0	0	220	0	0	0	0	0	0	534	90	0	0	0	0	0	0	0	0	0	0	0	0	0	0	0	0	0	0	0	0	0	0	0	0	0	0	0	0	0	0	0	0	524	0	29958	2874	0	9582	0	0	254	0	6402	1898	34230	3092	25978	1812	3036	126	1584	0	0	0	170	2496	12436	1798	618	0	
304960	Cerebelum_Crus2_R	0	0	0	0	0	0	0	0	0	0	0	0	0	0	0	0	0	0	0	0	0	0	0	0	0	0	0	0	0	0	0	0	0	0	0	0	0	0	0	0	0	0	0	0	0	0	196	0	0	0	0	0	0	0	0	558	0	0	0	0	0	0	0	0	0	0	0	0	0	0	0	0	0	0	0	0	0	0	0	0	0	0	0	0	0	0	0	0	0	0	5336	35368	9582	0	0	310	564	1664	752	8754	5998	21482	2828	35522	0	1184	0	0	0	0	1240	1230	15656	2810	1446	0	
21368	Cerebelum_3_L	0	0	0	0	0	0	0	0	0	0	0	0	0	0	0	0	0	0	0	0	0	0	0	0	0	0	0	0	0	0	0	0	0	0	0	0	136	0	178	0	0	0	0	0	0	0	178	0	0	0	0	0	0	0	384	0	0	0	0	0	0	0	0	0	0	0	0	0	0	0	0	0	0	0	0	0	0	0	0	0	0	0	0	0	0	0	0	0	0	0	402	0	0	0	0	0	4058	134	1738	124	0	0	0	0	594	0	172	0	600	940	1046	0	0	0	0	0	
44792	Cerebelum_3_R	226	0	0	0	0	0	0	0	0	0	0	0	0	0	0	0	0	0	310	144	0	0	0	0	0	0	0	0	0	0	0	0	0	0	0	0	0	0	0	0	0	0	0	0	0	0	512	0	0	0	0	0	0	0	0	104	0	0	0	0	0	0	0	0	0	0	0	0	402	0	0	0	92	0	0	0	608	0	0	0	0	0	0	0	0	0	0	0	0	0	0	3096	0	310	0	0	476	4964	0	4050	0	0	0	0	0	804	0	134	808	2616	958	568	0	604	610	0	
267924	Cerebelum_4_5_L	0	0	0	0	0	0	0	0	0	0	0	0	0	0	0	0	0	0	0	0	0	0	0	0	0	0	0	0	0	0	0	0	0	0	0	0	0	0	112	0	0	0	0	0	0	0	14330	1750	0	0	150	0	172	0	17402	326	0	0	0	0	0	0	0	0	0	0	0	0	0	0	0	0	0	0	0	0	0	0	0	0	0	0	0	0	0	0	0	0	0	0	12994	340	254	564	4058	476	0	1994	36388	1868	958	794	1380	902	4386	1256	1964	230	322	1114	19310	3644	346	1830	1968	380	
184512	Cerebelum_4_5_R	0	0	0	0	0	0	0	0	0	0	0	0	0	0	0	0	0	0	0	0	0	0	0	0	0	0	0	0	0	0	0	0	0	0	0	0	0	310	0	784	0	0	0	0	0	0	762	5180	0	0	0	0	0	0	158	7778	0	0	0	0	0	0	0	0	0	0	0	0	0	0	0	0	0	0	0	0	0	0	0	0	0	0	0	0	0	0	0	0	0	0	352	17358	0	1664	134	4964	1994	0	1128	27670	0	1126	0	1520	0	930	0	118	152	1762	14340	672	234	524	434	208	
429000	Cerebelum_6_L	0	0	0	0	0	0	0	0	0	0	0	0	0	0	0	0	0	0	0	0	0	0	0	0	0	0	0	0	0	0	0	0	0	0	0	0	0	0	102	0	0	0	0	0	0	0	11622	3764	0	0	444	0	754	0	32756	1382	0	0	0	0	0	0	0	0	0	0	0	0	0	0	0	0	0	0	0	0	0	0	0	0	0	0	0	0	0	0	0	0	2254	0	56664	3326	6402	752	1738	0	36388	1128	0	5946	6658	420	9772	492	1656	170	1100	0	88	272	11850	12912	2160	816	562	150	
396536	Cerebelum_6_R	0	0	0	0	0	0	0	0	0	0	0	0	0	0	0	0	0	0	0	0	0	0	0	0	0	0	0	0	0	0	0	0	0	0	0	0	0	118	0	0	0	0	0	0	0	0	624	6050	0	0	0	0	0	0	188	15474	0	0	0	0	0	0	0	0	0	0	0	0	0	0	0	0	0	0	0	0	0	0	0	0	0	0	0	0	0	0	0	0	0	628	5940	55620	1898	8754	124	4050	1868	27670	5946	0	390	2696	270	10128	84	2648	0	176	388	1596	14600	13488	10014	4112	2430	296	
257608	Cerebelum_7b_L	0	0	0	0	0	0	0	0	0	0	0	0	0	0	0	0	0	0	0	0	0	0	0	0	0	0	0	0	0	0	0	0	0	0	0	0	0	0	0	0	0	0	0	0	0	0	0	0	0	0	0	0	0	0	676	0	0	0	0	0	0	0	0	0	0	0	0	0	0	0	0	0	0	0	0	0	0	0	0	0	0	0	0	0	0	0	0	0	312	0	18818	1078	34230	5998	0	0	958	0	6658	390	0	3128	32904	2196	5036	212	2126	0	0	0	522	598	9228	2884	852	0	
151132	Cerebelum_7b_R	0	0	0	0	0	0	0	0	0	0	0	0	0	0	0	0	0	0	0	0	0	0	0	0	0	0	0	0	0	0	0	0	0	0	0	0	0	0	0	0	0	0	0	0	0	0	244	0	0	0	0	0	0	0	0	284	0	0	0	0	0	0	0	0	0	0	0	0	0	0	0	0	0	0	0	0	0	0	0	0	0	0	0	0	0	0	0	0	0	0	1882	8564	3092	21482	0	0	794	1126	420	2696	3128	0	1970	21852	0	454	0	0	0	0	1530	0	4190	1658	200	0	
273280	Cerebelum_8_L	0	0	0	0	0	0	0	0	0	0	0	0	0	0	0	0	0	0	0	0	0	0	0	0	0	0	0	0	0	0	0	0	0	0	0	0	0	0	0	0	0	0	0	0	0	0	220	86	0	0	0	0	0	0	722	0	0	0	0	0	0	0	0	0	0	0	0	0	0	0	0	0	0	0	0	0	0	0	0	0	0	0	0	0	0	0	0	0	448	0	19892	500	25978	2828	0	0	1380	0	9772	270	32904	1970	0	2816	17096	828	4288	0	0	0	1168	700	5952	5128	1694	0	
293552	Cerebelum_8_R	0	0	0	0	0	0	0	0	0	0	0	0	0	0	0	0	0	0	0	0	0	0	0	0	0	0	0	0	0	0	0	0	0	0	0	0	0	0	0	0	0	0	0	0	0	0	324	88	0	0	0	0	0	0	86	886	0	0	0	0	0	0	0	0	0	0	0	0	0	0	0	0	0	0	0	0	0	0	0	0	0	0	0	0	0	0	0	0	0	86	1902	27806	1812	35522	0	0	902	1520	492	10128	2196	21852	2816	0	140	14386	0	188	0	0	2640	2052	9098	6974	2636	244	
95948	Cerebelum_9_L	0	0	0	0	0	0	0	0	0	0	0	0	0	0	0	0	0	0	0	0	0	0	0	0	0	0	0	0	0	0	0	0	0	0	0	0	0	0	0	0	0	0	0	0	0	0	180	0	0	0	0	0	0	0	166	0	0	0	0	0	0	0	0	0	0	0	0	0	0	0	0	0	0	0	0	0	0	0	0	0	0	0	0	0	0	0	0	0	0	0	1524	0	3036	0	594	0	4386	0	1656	84	5036	0	17096	140	0	496	7640	0	0	0	3636	292	446	742	734	90	
97356	Cerebelum_9_R	0	0	0	0	0	0	0	0	0	0	0	0	0	0	0	0	0	0	0	0	0	0	0	0	0	0	0	0	0	0	0	0	0	0	0	0	0	0	0	0	0	0	0	0	0	0	1138	0	0	0	0	0	0	0	0	92	0	0	0	0	0	0	0	0	0	0	0	0	0	0	0	0	0	0	0	0	0	0	0	0	0	0	0	0	0	0	0	0	0	0	244	2638	126	1184	0	804	1256	930	170	2648	212	454	828	14386	496	0	0	1360	258	632	2946	3106	2236	4504	4866	1164	
43584	Cerebelum_10_L	0	0	0	0	0	0	0	0	0	0	0	0	0	0	0	0	0	0	0	0	0	0	0	0	0	0	0	0	0	0	0	0	0	0	0	0	0	0	0	0	0	0	0	0	0	0	0	0	0	0	0	0	0	0	98	0	0	0	0	0	0	0	0	0	0	0	0	0	0	0	0	0	0	0	0	0	0	0	0	0	0	0	0	0	0	0	0	0	0	0	1040	0	1584	0	172	0	1964	0	1100	0	2126	0	4288	0	7640	0	0	0	0	0	1662	0	118	0	0	0	
7692	Cerebelum_10_R	0	0	0	0	0	0	0	0	0	0	0	0	0	0	0	0	0	0	0	0	0	0	0	0	0	0	0	0	0	0	0	0	0	0	0	0	0	0	0	0	0	0	0	0	0	0	228	0	0	0	0	0	0	0	0	0	0	0	0	0	0	0	0	0	0	0	0	0	0	0	0	0	0	0	0	0	0	0	0	0	0	0	0	0	0	0	0	0	0	0	0	98	0	0	0	134	230	118	0	176	0	0	0	188	0	1360	0	0	0	108	292	278	0	320	316	0	
14560	Vermis_1_2	0	0	0	0	0	0	0	0	0	0	0	0	0	0	0	0	0	0	0	0	0	0	0	0	0	0	0	0	0	0	0	0	0	0	0	0	0	0	0	0	0	0	0	0	0	0	150	0	0	0	0	0	0	0	0	0	0	0	0	0	0	0	0	0	0	0	0	0	0	0	0	0	0	0	0	0	0	0	0	0	0	0	0	0	0	0	0	0	0	0	0	348	0	0	600	808	322	152	88	388	0	0	0	0	0	258	0	0	0	3184	550	154	0	136	142	0	
39808	Vermis_3	250	0	0	0	0	0	0	0	0	0	0	0	0	0	0	0	0	0	320	376	0	0	0	0	0	0	0	0	0	0	0	0	0	162	0	0	196	0	0	0	0	0	0	0	0	0	520	0	0	0	0	0	0	0	0	0	0	0	0	0	0	0	0	0	0	0	0	0	330	0	0	224	100	0	0	0	758	246	0	0	0	0	0	0	0	0	0	0	0	0	0	1076	0	0	940	2616	1114	1762	272	1596	0	0	0	0	0	632	0	108	3184	0	1838	388	0	448	448	0	
256812	Vermis_4_5	0	0	0	0	0	0	0	0	0	0	0	0	0	0	0	0	0	0	0	0	0	0	0	0	0	0	0	0	0	0	0	0	0	0	0	124	0	0	0	0	0	0	0	182	0	84	7046	5812	0	0	142	0	152	0	1946	4020	0	0	0	0	0	0	0	0	0	0	0	206	0	0	0	0	0	0	0	0	0	0	0	0	0	0	0	0	0	0	0	0	0	0	3300	7186	170	1240	1046	958	19310	14340	11850	14600	522	1530	1168	2640	3636	2946	1662	292	550	1838	0	7896	1480	3504	3454	1574	
205496	Vermis_6	0	0	0	0	0	0	0	0	0	0	0	0	0	0	0	0	0	0	0	0	0	0	0	0	0	0	0	0	0	0	0	0	0	0	0	0	0	0	0	0	0	0	0	0	0	0	3928	4304	0	0	146	0	316	0	1652	2332	0	0	0	0	0	0	0	0	0	0	0	0	0	0	0	0	0	0	0	0	0	0	0	0	0	0	0	0	0	0	0	0	0	0	11100	10016	2496	1230	0	568	3644	672	12912	13488	598	0	700	2052	292	3106	0	278	154	388	7896	0	7788	5288	4368	1036	
244464	Vermis_7	0	0	0	0	0	0	0	0	0	0	0	0	0	0	0	0	0	0	0	0	0	0	0	0	0	0	0	0	0	0	0	0	0	0	0	0	0	0	0	0	0	0	0	0	0	0	448	916	0	0	0	0	0	0	132	552	0	0	0	0	0	0	0	0	0	0	0	0	0	0	0	0	0	0	0	0	0	0	0	0	0	0	0	0	0	0	0	0	0	0	10868	14098	12436	15656	0	0	346	234	2160	10014	9228	4190	5952	9098	446	2236	118	0	0	0	1480	7788	0	9148	4688	0	
