data	data	615448	243976	1.10405e+06	871592	242328	88936	593420	336520	117200	36508	390744	297312	294264	315204	223256	126484	315204	107760	784848	910292	103548	114056	544476	532380	93568	138988	112076	114100	738852	443920	495772	675384	227560	575488	122620	157896	295668	384332	115140	273476	65836	61884	149780	287844	158224	315652	216260	264096	156436	348492	543180	158076	88244	69400	491340	468920	379976	128668	177252	44276	202612	82708	159664	111092	165512	119536	280148	450660	235060	294744	308276	535240	386424	445588	59280	89100	110972	215396	120832	30084	368540	153488	145700	84804	314948	215612	37800	16476	352676	155804	559132	463896	360116	332580	23532	64956	302820	254476	441740	438328	241600	178944	242464	330660	52880	139932	18776	11032	27304	72560	209112	163288	241364	137892	92884	32400	
data	data	Precentral_L	Precentral_R	Frontal_Sup_L	Frontal_Sup_R	Frontal_Sup_Orb_L	Frontal_Sup_Orb_R	Frontal_Mid_L	Frontal_Mid_R	Frontal_Mid_Orb_L	Frontal_Mid_Orb_R	Frontal_Inf_Oper_L	Frontal_Inf_Oper_R	Frontal_Inf_Tri_L	Frontal_Inf_Tri_R	Frontal_Inf_Orb_L	Frontal_Inf_Orb_R	Rolandic_Oper_L	Rolandic_Oper_R	Supp_Motor_Area_L	Supp_Motor_Area_R	Olfactory_L	Olfactory_R	Frontal_Sup_Medial_L	Frontal_Sup_Medial_R	Frontal_Med_Orb_L	Frontal_Med_Orb_R	Rectus_L	Rectus_R	Insula_L	Insula_R	Cingulum_Ant_L	Cingulum_Ant_R	Cingulum_Mid_L	Cingulum_Mid_R	Cingulum_Post_L	Cingulum_Post_R	Hippocampus_L	Hippocampus_R	ParaHippocampal_L	ParaHippocampal_R	Amygdala_L	Amygdala_R	Calcarine_L	Calcarine_R	Cuneus_L	Cuneus_R	Lingual_L	Lingual_R	Occipital_Sup_L	Occipital_Sup_R	Occipital_Mid_L	Occipital_Mid_R	Occipital_Inf_L	Occipital_Inf_R	Fusiform_L	Fusiform_R	Postcentral_L	Postcentral_R	Parietal_Sup_L	Parietal_Sup_R	Parietal_Inf_L	Parietal_Inf_R	SupraMarginal_L	SupraMarginal_R	Angular_L	Angular_R	Precuneus_L	Precuneus_R	Paracentral_Lobule_L	Paracentral_Lobule_R	Caudate_L	Caudate_R	Putamen_L	Putamen_R	Pallidum_L	Pallidum_R	Thalamus_L	Thalamus_R	Heschl_L	Heschl_R	Temporal_Sup_L	Temporal_Sup_R	Temporal_Pole_Sup_L	Temporal_Pole_Sup_R	Temporal_Mid_L	Temporal_Mid_R	Temporal_Pole_Mid_L	Temporal_Pole_Mid_R	Temporal_Inf_L	Temporal_Inf_R	Cerebelum_Crus1_L	Cerebelum_Crus1_R	Cerebelum_Crus2_L	Cerebelum_Crus2_R	Cerebelum_3_L	Cerebelum_3_R	Cerebelum_4_5_L	Cerebelum_4_5_R	Cerebelum_6_L	Cerebelum_6_R	Cerebelum_7b_L	Cerebelum_7b_R	Cerebelum_8_L	Cerebelum_8_R	Cerebelum_9_L	Cerebelum_9_R	Cerebelum_10_L	Cerebelum_10_R	Vermis_1_2	Vermis_3	Vermis_4_5	Vermis_6	Vermis_7	Vermis_8	Vermis_9	Vermis_10	
615448	Precentral_L	0	3674	21548	1624	0	0	17834	454	0	0	16292	0	1196	0	0	0	11762	0	18022	19554	0	0	104	0	0	0	0	0	14432	0	162	246	1194	6446	792	1008	6608	770	780	314	0	0	132	144	282	0	0	0	314	0	8472	0	348	0	2920	266	43986	588	2780	0	5766	0	4848	0	2350	0	1980	598	26438	6722	2830	2962	7766	210	2858	198	13076	4346	4524	0	6214	0	0	0	4482	0	0	0	4306	0	0	0	0	0	0	0	0	0	202	0	0	0	0	0	0	0	0	0	0	0	0	0	0	0	0	0	
243976	Precentral_R	3674	0	182	3218	0	0	0	4624	0	0	0	6616	0	338	0	110	0	1226	166	10352	0	116	0	0	0	0	0	0	184	1286	0	0	0	144	224	276	678	5942	272	1550	0	0	0	1890	0	294	0	146	0	1526	200	472	0	124	298	2634	3280	8792	0	514	1102	802	0	1676	168	318	644	3206	1340	12080	1870	10728	1204	1150	652	154	2056	18646	0	222	0	884	0	0	0	508	0	0	0	1230	0	0	0	0	0	0	0	0	0	0	0	0	0	0	0	0	0	0	0	0	0	0	0	0	0	0	
1.10405e+06	Frontal_Sup_L	21548	182	0	10832	16216	0	78940	1362	9002	0	22482	2432	14118	3362	12812	120	9792	0	91842	20564	700	200	52918	17052	2156	388	1272	218	31122	2722	26486	12320	7570	8054	0	0	3302	512	166	238	282	0	0	0	0	0	0	0	0	0	378	0	0	0	1896	0	6734	0	118	0	1048	0	3130	0	246	0	0	0	2152	0	11646	3402	22430	740	1544	140	1098	1788	786	0	5686	0	1962	0	274	0	0	0	1544	0	0	0	0	0	0	0	0	0	0	0	0	0	0	0	0	0	0	0	0	0	0	0	0	0	0	0	
871592	Frontal_Sup_R	1624	3218	10832	0	166	5402	1876	48138	0	3266	656	17704	198	18458	0	6730	0	2358	19054	61664	0	696	16836	45804	366	5270	0	3614	468	11344	8092	40578	3846	29858	0	0	120	2562	0	1042	0	0	0	0	0	0	0	0	0	276	0	0	0	0	0	442	904	206	0	0	0	0	0	158	0	0	0	216	0	418	2512	26410	752	19752	246	5648	414	4564	0	160	0	358	0	382	0	138	0	0	0	0	0	0	0	0	0	0	0	0	0	0	0	0	0	0	0	0	0	0	0	0	0	0	0	0	0	0	
242328	Frontal_Sup_Orb_L	0	0	16216	166	0	0	3540	0	17022	0	0	0	1438	0	18362	0	0	0	0	0	3616	1894	5564	1432	9094	1678	10562	588	5580	0	9630	2594	0	0	0	0	0	0	0	0	696	0	0	0	0	0	0	0	0	0	0	0	0	0	0	0	0	0	0	0	0	0	0	0	0	0	0	0	0	0	2206	1744	5638	588	0	0	0	0	0	0	0	0	1094	0	110	0	0	0	112	0	0	0	0	0	0	0	0	0	0	0	0	0	0	0	0	0	0	0	0	0	0	0	0	0	0	0	
88936	Frontal_Sup_Orb_R	0	0	0	5402	0	0	0	962	0	4730	0	0	0	0	0	3364	0	0	0	0	0	1506	0	2978	144	8112	376	10106	0	276	0	2118	0	0	0	0	0	0	0	0	0	0	0	0	0	0	0	0	0	0	0	0	0	0	0	0	0	0	0	0	0	0	0	0	0	0	0	0	0	0	0	3154	0	1240	0	0	0	0	0	0	0	0	0	0	0	0	0	0	0	0	0	0	0	0	0	0	0	0	0	0	0	0	0	0	0	0	0	0	0	0	0	0	0	0	0	0	
593420	Frontal_Mid_L	17834	0	78940	1876	3540	0	0	148	3364	0	27812	172	38866	162	9226	0	4452	0	20118	3342	918	0	14034	3412	0	0	0	0	27704	134	8192	2634	7688	2156	0	0	1326	0	118	0	700	0	0	0	0	0	0	0	0	0	0	0	0	0	750	0	2250	0	0	0	128	0	0	0	0	0	0	0	550	0	714	554	7566	0	1326	0	956	488	412	0	730	0	680	0	164	0	0	0	574	0	0	0	0	0	0	0	0	0	0	0	0	0	0	0	0	0	0	0	0	0	0	0	0	0	0	0	
336520	Frontal_Mid_R	454	4624	1362	48138	0	962	148	0	0	3548	0	15982	0	21796	0	7728	0	1046	2976	10414	0	0	1998	6280	0	0	0	0	186	7524	486	4148	268	6748	0	0	124	1716	0	1110	0	0	0	136	0	0	0	0	0	0	0	0	0	0	0	828	218	0	0	0	0	0	0	0	0	0	0	174	0	0	2804	2622	694	7896	546	1120	0	876	0	0	0	136	0	282	0	0	0	0	0	162	0	0	0	0	0	0	0	0	0	0	0	0	0	0	0	0	0	0	0	0	0	0	0	0	0	0	
117200	Frontal_Mid_Orb_L	0	0	9002	0	17022	0	3364	0	0	0	0	0	1116	0	19020	0	0	0	0	0	388	0	216	0	698	0	1526	0	2290	0	360	0	0	0	0	0	0	0	0	0	202	0	0	0	0	0	0	0	0	0	0	0	0	0	0	0	0	0	0	0	0	0	0	0	0	0	0	0	0	0	282	0	1984	0	0	0	0	0	0	0	0	0	1130	0	0	0	0	0	0	0	0	0	0	0	0	0	0	0	0	0	0	0	0	0	0	0	0	0	0	0	0	0	0	0	0	0	
36508	Frontal_Mid_Orb_R	0	0	0	3266	0	4730	0	3548	0	0	0	0	0	262	0	4732	0	0	0	0	0	0	0	0	0	560	0	620	0	240	0	0	0	0	0	0	0	0	0	0	0	0	0	0	0	0	0	0	0	0	0	0	0	0	0	0	0	0	0	0	0	0	0	0	0	0	0	0	0	0	0	0	0	296	0	0	0	0	0	0	0	0	0	0	0	0	0	0	0	0	0	0	0	0	0	0	0	0	0	0	0	0	0	0	0	0	0	0	0	0	0	0	0	0	0	0	
390744	Frontal_Inf_Oper_L	16292	0	22482	656	0	0	27812	0	0	0	0	1282	25656	1428	1070	530	13070	0	15684	1512	0	0	666	212	0	0	0	0	27392	1160	2192	1018	2136	730	0	0	1280	0	0	0	0	0	0	0	0	0	0	0	0	0	0	0	0	0	860	0	7042	0	0	0	0	0	0	0	0	0	0	0	284	0	2504	1216	5212	112	682	0	640	144	830	0	5326	0	5432	0	386	0	0	0	442	0	0	0	0	0	0	0	0	0	0	0	0	0	0	0	0	0	0	0	0	0	0	0	0	0	0	0	
297312	Frontal_Inf_Oper_R	0	6616	2432	17704	0	0	172	15982	0	0	1282	0	926	22778	162	314	282	4942	4582	12636	0	0	172	1690	0	0	0	0	1244	17910	184	1460	0	4312	0	0	146	1958	0	1224	0	0	0	442	0	0	0	0	0	156	0	0	0	0	0	1586	0	1144	0	0	0	0	0	96	0	0	0	604	0	120	5332	7394	2084	4708	0	296	0	658	0	108	0	662	0	984	0	170	0	0	116	790	0	0	0	0	0	0	0	96	0	0	0	0	0	0	0	0	0	0	0	0	0	0	0	0	0	0	
294264	Frontal_Inf_Tri_L	1196	0	14118	198	1438	0	38866	0	1116	0	25656	926	0	1070	11468	256	492	0	6694	192	0	0	624	114	0	0	0	0	24412	924	3516	652	3722	200	0	0	556	0	0	0	0	0	0	0	0	0	0	0	0	0	0	0	0	0	386	0	600	0	0	0	0	0	0	0	0	0	0	0	0	0	1416	584	3410	96	0	0	0	0	0	0	424	0	1574	0	0	0	0	0	236	0	0	0	0	0	0	0	0	0	0	0	0	0	0	0	0	0	0	0	0	0	0	0	0	0	0	0	
315204	Frontal_Inf_Tri_R	0	338	3362	18458	0	0	162	21796	0	262	1428	22778	1070	0	154	5346	366	1568	4864	7764	0	0	1854	3158	0	0	0	0	1456	25752	1802	5976	276	3310	0	0	168	1420	0	1004	0	0	0	0	0	0	0	0	0	0	0	0	0	0	94	862	0	0	0	0	0	0	0	0	0	0	0	0	0	0	5466	6018	2834	5146	0	398	0	214	0	0	96	144	0	306	0	0	0	0	132	0	0	0	0	0	0	0	0	0	0	0	0	0	0	0	0	0	0	0	0	0	0	0	0	0	0	0	
223256	Frontal_Inf_Orb_L	0	0	12812	0	18362	0	9226	0	19020	0	1070	162	11468	154	0	0	0	0	1180	0	2780	150	0	0	92	0	1996	0	16426	0	110	0	572	0	0	0	454	0	178	0	1370	0	0	0	0	0	0	0	0	0	0	0	0	0	418	0	0	0	0	0	0	0	0	0	0	0	0	0	0	0	924	158	5960	0	0	0	0	0	0	0	0	0	5812	0	292	0	110	0	372	0	0	0	0	0	0	0	0	0	0	0	0	0	0	0	0	0	0	0	0	0	0	0	0	0	0	0	
126484	Frontal_Inf_Orb_R	0	110	120	6730	0	3364	0	7728	0	4732	530	314	256	5346	0	0	0	0	232	540	0	1686	1044	768	0	300	0	2070	520	12864	0	998	146	1180	0	0	0	106	0	0	0	770	0	0	0	0	0	0	0	0	0	0	0	0	0	122	0	0	0	0	0	0	0	0	0	0	0	0	0	0	662	2900	0	4666	0	146	0	146	0	0	0	0	0	1892	0	110	0	0	0	144	0	0	0	0	0	0	0	0	0	0	0	0	0	0	0	0	0	0	0	0	0	0	0	0	0	0	
315204	Rolandic_Oper_L	11762	0	9792	0	0	0	4452	0	0	0	13070	282	492	366	0	0	0	0	8540	248	0	0	0	0	0	0	0	0	26472	330	512	0	0	0	0	0	2134	0	312	0	0	0	0	0	120	0	0	0	230	0	6942	0	270	0	3036	0	8676	0	2090	0	1610	0	5694	0	4316	0	1518	0	976	0	498	104	998	0	324	0	870	0	8098	0	21758	0	1816	0	5774	0	0	0	2982	0	0	0	0	0	0	0	0	0	138	0	0	0	0	0	0	0	0	0	0	0	0	0	0	0	0	0	
107760	Rolandic_Oper_R	0	1226	0	2358	0	0	0	1046	0	0	0	4942	0	1568	0	0	0	0	0	2550	0	0	0	0	0	0	0	0	0	11376	0	0	0	0	0	0	0	1036	0	596	0	0	0	284	0	192	0	0	0	398	0	96	0	0	0	698	0	2472	0	184	0	510	0	2594	0	114	108	1606	0	1014	274	1180	0	4230	0	848	0	138	0	2910	0	5618	0	1236	0	370	0	0	0	108	0	0	0	0	0	0	0	0	0	0	0	0	0	0	0	0	0	0	0	0	0	0	0	0	0	0	
784848	Supp_Motor_Area_L	18022	166	91842	19054	0	0	20118	2976	0	0	15684	4582	6694	4864	1180	232	8540	0	0	46336	0	0	8152	6986	0	0	0	0	21124	2754	5980	10806	10338	22230	324	0	3070	556	150	296	0	0	0	0	0	0	0	0	0	0	380	0	0	0	1726	120	6376	0	118	0	1048	0	3110	0	246	0	170	0	4540	238	10976	3020	14248	592	1090	0	530	1198	732	0	5590	0	1706	0	248	0	0	0	1366	0	0	0	0	0	0	0	0	0	0	0	0	0	0	0	0	0	0	0	0	0	0	0	0	0	0	0	
910292	Supp_Motor_Area_R	19554	10352	20564	61664	0	0	3342	10414	0	0	1512	12636	192	7764	0	540	248	2550	46336	0	0	122	6748	12466	0	154	0	154	1160	5826	5034	18770	6998	46556	2246	3636	678	1692	0	864	0	0	0	1060	142	2160	0	0	214	2368	2040	354	222	264	668	1110	4674	1712	218	0	456	102	0	346	152	144	1790	4724	18882	38460	3464	26916	926	11088	354	5210	1756	8964	0	360	0	852	0	174	252	824	0	0	228	744	0	0	0	0	0	0	0	0	0	0	0	0	0	0	0	0	0	0	0	0	0	0	0	0	0	0	
103548	Olfactory_L	0	0	700	0	3616	0	918	0	388	0	0	0	0	0	2780	0	0	0	0	0	0	5436	0	0	614	354	4856	544	4178	0	4176	2850	0	0	0	0	648	0	284	0	2116	0	0	0	0	0	0	0	0	0	0	0	0	0	380	0	0	0	0	0	0	0	0	0	0	0	0	0	0	0	7736	4110	3048	890	0	0	0	0	0	0	0	0	884	0	0	0	144	0	124	0	0	0	0	0	0	0	0	0	0	0	0	0	0	0	0	0	0	0	0	0	0	0	0	0	0	0	
114056	Olfactory_R	0	116	200	696	1894	1506	0	0	0	0	0	0	0	0	150	1686	0	0	0	122	5436	0	350	694	160	2278	3776	4184	368	1818	3848	4816	0	0	0	0	0	94	0	0	266	966	0	0	0	0	0	0	0	0	0	0	0	0	0	0	0	0	0	0	0	0	0	0	0	0	0	0	0	0	7180	8426	3584	1930	152	0	0	332	0	0	0	0	0	0	0	0	0	0	0	0	0	0	0	0	0	0	0	0	0	0	0	0	0	0	0	0	0	0	0	0	0	0	0	0	0	0	
544476	Frontal_Sup_Medial_L	104	0	52918	16836	5564	0	14034	1998	216	0	666	172	624	1854	0	1044	0	0	8152	6748	0	350	0	41386	6444	2346	1632	830	646	2240	39646	31462	6382	20356	0	0	0	0	0	0	0	0	0	0	0	0	0	0	0	0	0	0	0	0	0	0	0	0	0	0	0	0	0	0	0	0	0	0	0	0	586	3706	1304	1580	0	412	0	0	0	0	0	0	0	0	0	0	0	0	0	0	0	0	0	0	0	0	0	0	0	0	0	0	0	0	0	0	0	0	0	0	0	0	0	0	0	0	
532380	Frontal_Sup_Medial_R	0	0	17052	45804	1432	2978	3412	6280	0	0	212	1690	114	3158	0	768	0	0	6986	12466	0	694	41386	0	3292	9642	424	3650	210	3618	14748	40592	3378	22508	0	0	0	0	0	0	0	0	0	0	0	0	0	0	0	0	0	0	0	0	0	0	0	0	0	0	0	0	0	0	0	0	0	0	0	0	512	11874	98	6004	0	580	0	628	0	0	0	0	0	0	0	0	0	0	0	0	0	0	0	0	0	0	0	0	0	0	0	0	0	0	0	0	0	0	0	0	0	0	0	0	0	0	
93568	Frontal_Med_Orb_L	0	0	2156	366	9094	144	0	0	698	0	0	0	0	0	92	0	0	0	0	0	614	160	6444	3292	0	4146	5956	346	0	0	9582	1886	0	0	0	0	0	0	0	0	0	0	0	0	0	0	0	0	0	0	0	0	0	0	0	0	0	0	0	0	0	0	0	0	0	0	0	0	0	0	600	394	558	256	0	0	0	0	0	0	0	0	0	0	0	0	0	0	0	0	0	0	0	0	0	0	0	0	0	0	0	0	0	0	0	0	0	0	0	0	0	0	0	0	0	0	
138988	Frontal_Med_Orb_R	0	0	388	5270	1678	8112	0	0	0	560	0	0	0	0	0	300	0	0	0	154	354	2278	2346	9642	4146	0	1634	11444	0	0	5070	10394	202	778	0	0	0	0	0	0	0	0	0	0	0	0	0	0	0	0	0	0	0	0	0	0	0	0	0	0	0	0	0	0	0	0	0	0	0	0	96	2968	0	1680	0	0	0	0	0	0	0	0	0	0	0	0	0	0	0	0	0	0	0	0	0	0	0	0	0	0	0	0	0	0	0	0	0	0	0	0	0	0	0	0	0	0	
112076	Rectus_L	0	0	1272	0	10562	376	0	0	1526	0	0	0	0	0	1996	0	0	0	0	0	4856	3776	1632	424	5956	1634	0	1374	992	0	7112	2246	0	0	0	0	0	0	0	0	494	0	0	0	0	0	0	0	0	0	0	0	0	0	0	0	0	0	0	0	0	0	0	0	0	0	0	0	0	0	4298	2584	2182	568	0	0	0	0	0	0	0	0	178	0	0	0	0	0	0	0	0	0	0	0	0	0	0	0	0	0	0	0	0	0	0	0	0	0	0	0	0	0	0	0	0	0	
114100	Rectus_R	0	0	218	3614	588	10106	0	0	0	620	0	0	0	0	0	2070	0	0	0	154	544	4184	830	3650	346	11444	1374	0	0	580	2438	7900	178	578	0	0	0	0	0	0	0	0	0	0	0	0	0	0	0	0	0	0	0	0	0	0	0	0	0	0	0	0	0	0	0	0	0	0	0	0	216	4176	0	1242	0	0	0	0	0	0	0	0	0	0	0	0	0	0	0	0	0	0	0	0	0	0	0	0	0	0	0	0	0	0	0	0	0	0	0	0	0	0	0	0	0	0	
738852	Insula_L	14432	184	31122	468	5580	0	27704	186	2290	0	27392	1244	24412	1456	16426	520	26472	0	21124	1160	4178	368	646	210	0	0	992	0	0	1236	2096	1008	1528	346	0	0	17358	0	1276	0	5026	0	246	0	0	0	0	0	428	0	5772	0	482	0	13324	0	6730	0	2854	0	1698	0	4362	0	1582	0	1936	0	518	0	3722	1568	22894	0	1034	0	4762	238	6762	0	18768	0	13628	0	5888	0	312	0	10666	0	256	0	0	0	0	0	0	0	556	0	0	0	0	0	0	0	0	0	0	0	0	0	0	0	0	0	
443920	Insula_R	0	1286	2722	11344	0	276	134	7524	0	240	1160	17910	924	25752	0	12864	330	11376	2754	5826	0	1818	2240	3618	0	0	0	580	1236	0	1450	6518	324	2198	0	106	158	11356	0	6368	0	2618	0	964	0	266	0	304	0	476	0	0	0	0	0	7422	0	1116	0	174	0	96	0	192	0	0	102	1332	0	802	5210	9488	2446	28140	0	1972	0	1052	0	1748	0	6136	0	5094	0	2044	0	0	116	1076	0	310	0	0	0	0	0	552	0	320	0	0	0	0	0	0	0	0	0	0	0	0	0	0	0	0	
495772	Cingulum_Ant_L	162	0	26486	8092	9630	0	8192	486	360	0	2192	184	3516	1802	110	0	512	0	5980	5034	4176	3848	39646	14748	9582	5070	7112	2438	2096	1450	0	38954	10790	10688	0	0	0	0	0	0	0	0	0	0	0	0	0	0	0	0	0	0	0	0	0	0	0	0	0	0	0	0	0	0	0	0	0	0	0	0	5670	9078	4996	3812	0	638	160	0	0	0	196	0	0	0	0	0	0	0	0	0	0	0	0	0	0	0	0	0	0	0	0	0	0	0	0	0	0	0	0	0	0	0	0	0	0	0	
675384	Cingulum_Ant_R	246	0	12320	40578	2594	2118	2634	4148	0	0	1018	1460	652	5976	0	998	0	0	10806	18770	2850	4816	31462	40592	1886	10394	2246	7900	1008	6518	38954	0	7954	30062	0	0	0	126	0	104	0	0	0	0	0	0	0	0	0	0	0	0	0	0	0	0	110	0	0	0	0	0	0	0	0	0	0	0	0	0	3992	26112	1462	11536	0	1872	96	1322	0	0	0	0	0	0	0	0	0	0	0	0	0	0	0	0	0	0	0	0	0	0	0	0	0	0	0	0	0	0	0	0	0	0	0	0	0	0	
227560	Cingulum_Mid_L	1194	0	7570	3846	0	0	7688	268	0	0	2136	0	3722	276	572	146	0	0	10338	6998	0	0	6382	3378	0	202	0	178	1528	324	10790	7954	0	16192	3186	714	0	0	0	0	0	0	0	0	210	396	0	0	174	208	1938	0	0	0	0	0	436	0	842	0	186	0	0	0	0	0	4158	766	6284	1272	0	0	884	0	0	0	0	0	0	0	142	0	0	0	154	0	0	0	148	0	0	0	0	0	0	0	0	0	0	0	0	0	0	0	0	0	0	0	0	0	0	0	0	0	0	0	
575488	Cingulum_Mid_R	6446	144	8054	29858	0	0	2156	6748	0	0	730	4312	200	3310	0	1180	0	0	22230	46556	0	0	20356	22508	0	778	0	578	346	2198	10688	30062	16192	0	2384	6376	0	358	0	192	0	0	0	1204	132	2472	0	122	180	2166	1448	400	0	92	0	322	560	766	156	0	150	0	0	118	0	356	2392	6866	8522	11232	356	804	0	942	0	112	0	378	0	0	0	0	0	0	122	228	0	0	0	206	0	0	0	0	0	0	0	0	0	0	0	0	0	0	0	0	0	0	0	0	0	0	0	0	0	0	
122620	Cingulum_Post_L	792	224	0	0	0	0	0	0	0	0	0	0	0	0	0	0	0	0	324	2246	0	0	0	0	0	0	0	0	0	0	0	0	3186	2384	0	10700	2860	2748	2748	504	0	0	1448	1052	580	284	1028	202	430	350	3214	0	1078	0	4532	768	900	0	250	0	0	0	0	0	214	0	6054	1422	2644	2158	0	0	0	0	0	0	0	1872	0	0	276	104	0	0	634	318	0	0	428	232	0	0	0	0	0	0	0	0	122	0	0	0	0	0	0	0	0	0	0	0	0	0	0	0	0	0	
157896	Cingulum_Post_R	1008	276	0	0	0	0	0	0	0	0	0	0	0	0	0	0	0	0	0	3636	0	0	0	0	0	0	0	0	0	106	0	0	714	6376	10700	0	1790	4112	1592	718	0	0	0	3836	0	1124	0	1106	0	1094	296	132	352	272	2454	2608	94	2910	0	0	0	0	0	154	0	0	3506	15346	1676	6626	0	0	0	0	0	0	0	1514	0	0	0	262	0	0	0	476	0	0	0	1722	0	0	0	0	0	0	0	0	114	0	0	0	0	0	0	0	0	0	0	0	246	0	0	0	0	0	
295668	Hippocampus_L	6608	678	3302	120	0	0	1326	124	0	0	1280	146	556	168	454	0	2134	0	3070	678	648	0	0	0	0	0	0	0	17358	158	0	0	0	0	2860	1790	0	2646	14324	542	8072	0	582	0	0	0	2170	438	0	0	226	0	228	0	24684	0	1980	0	96	0	298	0	290	0	0	0	1530	258	492	448	766	94	9554	0	1030	0	5194	2652	1358	0	4244	0	3760	0	676	0	636	0	13526	0	308	0	0	0	0	0	350	150	774	0	0	0	0	0	0	0	0	0	0	0	0	0	0	0	0	0	
384332	Hippocampus_R	770	5942	512	2562	0	0	0	1716	0	0	0	1958	0	1420	0	106	0	1036	556	1692	0	94	0	0	0	0	0	0	0	11356	0	126	0	358	2748	4112	2646	0	2210	36694	0	9984	0	3746	0	458	132	4662	0	706	0	92	110	174	1160	32258	490	306	0	0	0	0	0	0	0	0	602	6516	0	778	1038	592	110	22118	0	2388	0	7188	0	162	0	1326	0	3436	0	504	0	0	0	1510	0	2280	0	136	394	170	264	4380	0	2780	0	104	0	224	0	0	0	0	0	0	274	0	0	0	0	0	
115140	ParaHippocampal_L	780	272	166	0	0	0	118	0	0	0	0	0	0	0	178	0	312	0	150	0	284	0	0	0	0	0	0	0	1276	0	0	0	0	0	2748	1592	14324	2210	0	448	3088	0	860	0	0	0	3336	412	0	0	272	0	580	0	10280	0	208	0	120	0	0	0	184	0	0	0	1896	248	0	0	0	0	1002	0	0	0	1380	2172	0	0	224	0	600	0	0	0	0	0	870	0	880	0	92	0	192	0	1754	142	1714	0	0	0	0	0	206	0	0	0	0	0	0	0	0	0	0	0	
273476	ParaHippocampal_R	314	1550	238	1042	0	0	0	1110	0	0	0	1224	0	1004	0	0	0	596	296	864	0	0	0	0	0	0	0	0	0	6368	0	104	0	192	504	718	542	36694	448	0	0	6576	0	1528	0	0	0	3950	0	170	0	0	0	156	290	26856	204	114	0	0	0	0	0	0	0	0	180	2438	0	300	684	354	0	14856	0	1708	0	2124	0	0	0	764	0	3836	0	220	0	724	0	784	0	2720	0	160	186	1048	150	5612	0	3772	0	124	0	240	0	0	0	0	0	0	102	0	0	0	0	0	
65836	Amygdala_L	0	0	282	0	696	0	700	0	202	0	0	0	0	0	1370	0	0	0	0	0	2116	266	0	0	0	0	494	0	5026	0	0	0	0	0	0	0	8072	0	3088	0	0	0	0	0	0	0	0	0	0	0	0	0	0	0	3690	0	0	0	0	0	0	0	0	0	0	0	0	0	0	0	500	234	1052	0	0	0	0	0	0	0	0	0	2622	0	148	0	758	0	1602	0	0	0	0	0	0	0	0	0	0	0	0	0	0	0	0	0	0	0	0	0	0	0	0	0	0	0	
61884	Amygdala_R	0	0	0	0	0	0	0	0	0	0	0	0	0	0	0	770	0	0	0	0	0	966	0	0	0	0	0	0	0	2618	0	0	0	0	0	0	0	9984	0	6576	0	0	0	0	0	0	0	0	0	0	0	0	0	0	0	3862	0	0	0	0	0	0	0	0	0	0	0	0	0	0	0	0	0	1736	0	234	0	0	0	0	0	96	0	4000	0	0	0	0	0	0	0	0	0	0	0	0	0	100	0	0	0	0	0	0	0	0	0	0	0	0	0	0	0	0	0	0	
149780	Calcarine_L	132	0	0	0	0	0	0	0	0	0	0	0	0	0	0	0	0	0	0	0	0	0	0	0	0	0	0	0	246	0	0	0	0	0	1448	0	582	0	860	0	0	0	0	4278	10384	1814	7696	2496	7344	1368	19740	378	4108	454	782	590	0	0	108	0	0	0	0	0	0	0	5210	228	150	0	0	0	0	0	0	0	0	0	146	0	0	0	0	0	1322	0	0	0	946	0	450	120	0	0	0	0	492	126	508	202	0	0	0	0	0	0	0	0	0	0	182	0	0	0	0	0	
287844	Calcarine_R	144	1890	0	0	0	0	0	136	0	0	0	442	0	0	0	0	0	284	0	1060	0	0	0	0	0	0	0	0	0	964	0	0	0	1204	1052	3836	0	3746	0	1528	0	0	4278	0	6198	19942	632	13894	472	18250	214	7948	106	7188	486	10932	116	2370	0	0	0	0	0	140	0	270	820	23212	0	1998	0	0	0	0	0	0	0	426	0	206	0	254	0	0	0	2340	0	0	0	4944	0	0	0	0	0	0	0	0	0	0	0	0	0	0	0	0	0	0	0	0	0	0	0	0	0	0	
158224	Cuneus_L	282	0	0	0	0	0	0	0	0	0	0	0	0	0	0	0	120	0	0	142	0	0	0	0	0	0	0	0	0	0	0	0	210	132	580	0	0	0	0	0	0	0	10384	6198	0	9520	408	654	15200	5470	13148	1404	1086	164	372	0	232	0	1592	0	0	0	0	0	184	0	7128	0	384	142	0	0	0	0	0	0	0	0	0	0	528	0	0	0	1896	0	0	0	1552	0	0	0	0	0	0	0	0	0	0	0	0	0	0	0	0	0	0	0	0	0	0	0	0	0	0	0	
315652	Cuneus_R	0	294	0	0	0	0	0	0	0	0	0	0	0	0	0	0	0	192	0	2160	0	0	0	0	0	0	0	0	0	266	0	0	396	2472	284	1124	0	458	0	0	0	0	1814	19942	9520	0	0	1584	488	43172	110	6996	0	1410	0	1008	0	734	0	1674	0	822	0	3012	0	4280	2958	33510	0	2646	0	0	0	0	0	0	0	144	0	154	0	2976	0	0	0	9584	0	0	0	1642	0	0	0	0	0	0	0	0	0	0	0	0	0	0	0	0	0	0	0	0	0	0	0	0	0	0	
216260	Lingual_L	0	0	0	0	0	0	0	0	0	0	0	0	0	0	0	0	0	0	0	0	0	0	0	0	0	0	0	0	0	0	0	0	0	0	1028	0	2170	132	3336	0	0	0	7696	632	408	0	0	2104	1484	0	7412	0	2684	0	13646	498	0	0	0	0	0	0	0	0	0	0	2950	0	0	0	0	0	194	0	0	0	460	0	0	0	0	0	0	0	0	0	0	0	112	0	12588	1908	1270	706	498	0	15150	626	17716	2300	314	0	338	372	0	100	0	0	0	96	2232	3380	1198	278	0	114	
264096	Lingual_R	0	146	0	0	0	0	0	0	0	0	0	0	0	0	0	0	0	0	0	0	0	0	0	0	0	0	0	0	0	304	0	0	0	122	202	1106	438	4662	412	3950	0	0	2496	13894	654	1584	2104	0	0	1306	0	1268	0	3976	526	16032	0	464	0	0	0	0	0	0	0	0	144	9858	0	298	0	0	0	272	0	0	0	1026	0	0	0	0	0	0	0	338	0	0	0	454	2318	14002	1032	1998	140	0	404	8890	3002	16074	0	0	0	274	0	162	0	0	0	0	5054	7816	2846	0	0	0	
156436	Occipital_Sup_L	314	0	0	0	0	0	0	0	0	0	0	0	0	0	0	0	230	0	0	214	0	0	0	0	0	0	0	0	428	0	0	0	174	180	430	0	0	0	0	0	0	0	7344	472	15200	488	1484	0	0	398	23936	0	1198	0	264	0	200	0	8276	0	220	0	0	0	166	0	12346	0	286	214	0	0	0	0	0	0	0	0	316	0	336	0	0	0	2454	0	0	0	650	0	0	0	0	0	0	0	0	0	0	0	0	0	0	0	0	0	0	0	0	0	0	0	0	0	0	0	
348492	Occipital_Sup_R	0	1526	0	276	0	0	0	0	0	0	0	156	0	0	0	0	0	398	0	2368	0	0	0	0	0	0	0	0	0	476	0	0	208	2166	350	1094	0	706	0	170	0	0	1368	18250	5470	43172	0	1306	398	0	0	17822	0	1180	0	1562	0	964	0	2362	0	2992	0	3632	0	9648	920	28388	0	2352	0	0	0	414	0	164	0	190	0	180	0	5830	0	0	0	13982	0	0	0	1806	0	0	0	0	0	0	0	0	0	0	0	0	0	0	0	0	0	0	0	0	0	0	0	0	0	0	
543180	Occipital_Mid_L	8472	200	378	0	0	0	0	0	0	0	0	0	0	0	0	0	6942	0	380	2040	0	0	0	0	0	0	0	0	5772	0	0	0	1938	1448	3214	296	226	0	272	0	0	0	19740	214	13148	110	7412	0	23936	0	0	0	17460	0	4282	0	7998	0	20670	0	16472	0	4780	0	23500	0	21156	0	5676	2062	118	0	256	0	202	0	162	0	3784	0	9530	0	0	0	24728	0	0	0	12616	0	0	0	0	0	0	0	0	0	0	0	0	0	0	0	0	0	0	0	0	0	0	0	0	0	0	0	
158076	Occipital_Mid_R	0	472	0	0	0	0	0	0	0	0	0	0	0	0	0	0	0	96	0	354	0	0	0	0	0	0	0	0	0	0	0	0	0	400	0	132	0	92	0	0	0	0	378	7948	1404	6996	0	1268	0	17822	0	0	0	2494	0	670	0	220	0	448	0	3940	0	676	0	17878	0	2548	0	300	0	0	0	0	0	0	0	0	0	0	0	1392	0	0	0	10618	0	0	0	492	0	0	0	0	0	0	0	0	0	0	0	0	0	0	0	0	0	0	0	0	0	0	0	0	0	0	
88244	Occipital_Inf_L	348	0	0	0	0	0	0	0	0	0	0	0	0	0	0	0	270	0	0	222	0	0	0	0	0	0	0	0	482	0	0	0	0	0	1078	352	228	110	580	0	0	0	4108	106	1086	0	2684	0	1198	0	17460	0	0	0	6598	0	204	0	240	0	0	0	0	0	110	0	1544	0	434	224	0	0	0	0	0	0	0	112	576	0	220	0	0	0	1794	0	0	0	1754	0	0	0	0	0	0	0	0	0	0	0	0	0	0	0	0	0	0	0	0	0	0	0	0	0	0	0	
69400	Occipital_Inf_R	0	124	0	0	0	0	0	0	0	0	0	0	0	0	0	0	0	0	0	264	0	0	0	0	0	0	0	0	0	0	0	0	0	92	0	272	0	174	0	156	0	0	454	7188	164	1410	0	3976	0	1180	0	2494	0	0	0	5824	0	112	0	0	0	0	0	0	0	394	0	2110	0	318	0	0	0	0	0	0	0	0	0	0	0	0	0	0	0	2016	0	0	0	5554	0	106	0	0	0	0	0	104	0	214	0	0	0	0	0	0	0	0	0	0	0	0	0	0	0	0	
491340	Fusiform_L	2920	298	1896	0	0	0	750	0	0	0	860	0	386	94	418	0	3036	0	1726	668	380	0	0	0	0	0	0	0	13324	0	0	0	0	0	4532	2454	24684	1160	10280	290	3690	0	782	486	372	0	13646	526	264	0	4282	0	6598	0	0	574	1020	0	400	0	264	0	534	0	130	0	1872	318	702	586	166	0	4066	0	210	0	1586	1168	3348	0	7086	0	3486	0	3300	0	1748	0	24622	0	28328	450	4710	186	162	0	14312	212	32462	576	1418	0	1736	96	252	0	0	0	0	0	634	1566	582	0	0	0	
468920	Fusiform_R	266	2634	0	442	0	0	0	828	0	0	0	1586	0	862	0	122	0	698	120	1110	0	0	0	0	0	0	0	0	0	7422	0	0	0	322	768	2608	0	32258	0	26856	0	3862	590	10932	0	1008	498	16032	0	1562	0	670	0	5824	574	0	238	306	0	0	0	0	0	0	0	106	364	8712	0	972	624	224	0	12742	0	330	0	872	0	294	0	2454	0	6270	0	2226	0	1250	0	15256	436	20232	180	648	0	358	126	11438	578	21138	0	372	0	1170	0	0	0	0	0	0	2066	1624	400	0	0	0	
379976	Postcentral_L	43986	3280	6734	904	0	0	2250	218	0	0	7042	0	600	0	0	0	8676	0	6376	4674	0	0	0	0	0	0	0	0	6730	0	0	110	436	560	900	94	1980	490	208	204	0	0	0	116	232	0	0	0	200	0	7998	0	204	0	1020	238	0	224	8082	0	21652	0	14086	0	3062	0	4374	0	4456	1038	364	2346	3546	0	980	152	1236	3016	4292	0	8018	0	128	0	1144	0	0	0	1332	0	0	0	0	0	0	0	0	0	0	0	0	0	0	0	0	0	0	0	0	0	0	0	0	0	0	0	
128668	Postcentral_R	588	8792	0	206	0	0	0	0	0	0	0	1144	0	0	0	0	0	2472	0	1712	0	0	0	0	0	0	0	0	0	1116	0	0	0	766	0	2910	0	306	0	114	0	0	0	2370	0	734	0	464	0	964	0	220	0	112	0	306	224	0	0	4168	142	5510	0	8594	0	254	964	8370	558	8016	148	0	112	506	188	0	0	0	0	136	0	792	0	0	0	122	0	0	0	234	0	0	0	0	0	0	0	0	0	0	0	0	0	0	0	0	0	0	0	0	0	0	0	0	0	0	
177252	Parietal_Sup_L	2780	0	118	0	0	0	0	0	0	0	0	0	0	0	0	0	2090	0	118	218	0	0	0	0	0	0	0	0	2854	0	0	0	842	156	250	0	96	0	120	0	0	0	108	0	1592	0	0	0	8276	0	20670	0	240	0	400	0	8082	0	0	0	10834	0	1602	0	2158	0	19266	0	934	218	0	0	154	0	132	0	0	0	496	0	1570	0	0	0	1886	0	0	0	366	0	0	0	0	0	0	0	0	0	0	0	0	0	0	0	0	0	0	0	0	0	0	0	0	0	0	0	
44276	Parietal_Sup_R	0	514	0	0	0	0	0	0	0	0	0	0	0	0	0	0	0	184	0	0	0	0	0	0	0	0	0	0	0	174	0	0	0	0	0	0	0	0	0	0	0	0	0	0	0	1674	0	0	0	2362	0	448	0	0	0	0	0	4168	0	0	0	3104	0	616	0	1220	910	5122	0	1642	0	0	0	0	0	0	0	0	0	0	0	0	0	0	0	0	0	0	0	0	0	0	0	0	0	0	0	0	0	0	0	0	0	0	0	0	0	0	0	0	0	0	0	0	0	0	
202612	Parietal_Inf_L	5766	1102	1048	0	0	0	128	0	0	0	0	0	0	0	0	0	1610	0	1048	456	0	0	0	0	0	0	0	0	1698	0	0	0	186	150	0	0	298	0	0	0	0	0	0	0	0	0	0	0	220	0	16472	0	0	0	264	0	21652	142	10834	0	0	0	13478	0	16046	0	2314	0	448	432	158	0	608	0	308	0	128	0	196	0	3070	0	0	0	662	0	0	0	384	0	0	0	0	0	0	0	0	0	0	0	0	0	0	0	0	0	0	0	0	0	0	0	0	0	0	0	
82708	Parietal_Inf_R	0	802	0	0	0	0	0	0	0	0	0	0	0	0	0	0	0	510	0	102	0	0	0	0	0	0	0	0	0	96	0	0	0	0	0	0	0	0	0	0	0	0	0	0	0	822	0	0	0	2992	0	3940	0	0	0	0	0	5510	0	3104	0	0	0	12120	0	7088	250	1710	0	650	0	0	0	0	0	0	0	0	0	174	0	846	0	0	0	638	0	0	0	0	0	0	0	0	0	0	0	0	0	0	0	0	0	0	0	0	0	0	0	0	0	0	0	0	0	0	
159664	SupraMarginal_L	4848	0	3130	0	0	0	0	0	0	0	0	0	0	0	0	0	5694	0	3110	0	0	0	0	0	0	0	0	0	4362	0	0	0	0	0	0	0	290	0	184	0	0	0	0	0	0	0	0	0	0	0	4780	0	0	0	534	0	14086	0	1602	0	13478	0	0	0	6128	0	812	0	262	0	0	0	0	0	0	0	0	0	698	0	13216	0	0	0	1758	0	0	0	768	0	0	0	0	0	0	0	0	0	92	0	0	0	0	0	0	0	0	0	0	0	0	0	0	0	0	0	
111092	SupraMarginal_R	0	1676	0	158	0	0	0	0	0	0	0	96	0	0	0	0	0	2594	0	346	0	0	0	0	0	0	0	0	0	192	0	0	0	118	0	154	0	0	0	0	0	0	0	140	0	3012	0	0	0	3632	0	676	0	0	0	0	0	8594	0	616	0	12120	0	0	0	4884	396	4552	0	564	0	0	0	0	0	0	0	0	0	784	0	6888	0	0	0	3354	0	0	0	0	0	0	0	0	0	0	0	0	0	0	0	0	0	0	0	0	0	0	0	0	0	0	0	0	0	0	
165512	Angular_L	2350	168	246	0	0	0	0	0	0	0	0	0	0	0	0	0	4316	0	246	152	0	0	0	0	0	0	0	0	1582	0	0	0	0	0	214	0	0	0	0	0	0	0	0	0	184	0	0	0	166	0	23500	0	110	0	130	0	3062	0	2158	0	16046	0	6128	0	0	0	962	0	398	162	0	0	0	0	0	0	104	0	2430	0	7720	0	0	0	7304	0	0	0	2918	0	0	0	0	0	0	0	0	0	0	0	0	0	0	0	0	0	0	0	0	0	0	0	0	0	0	0	
119536	Angular_R	0	318	0	0	0	0	0	0	0	0	0	0	0	0	0	0	0	114	0	144	0	0	0	0	0	0	0	0	0	0	0	0	0	356	0	0	0	0	0	0	0	0	0	270	0	4280	0	0	0	9648	0	17878	0	394	0	106	0	254	0	1220	0	7088	0	4884	0	0	0	4032	0	0	0	0	0	0	0	0	0	0	0	0	0	2322	0	0	0	5776	0	0	0	684	0	0	0	0	0	0	0	0	0	0	0	0	0	0	0	0	0	0	0	0	0	0	0	0	0	0	
280148	Precuneus_L	1980	644	0	0	0	0	0	0	0	0	0	0	0	0	0	0	1518	108	170	1790	0	0	0	0	0	0	0	0	1936	102	0	0	4158	2392	6054	3506	1530	602	1896	180	0	0	5210	820	7128	2958	2950	144	12346	920	21156	0	1544	0	1872	364	4374	964	19266	910	2314	250	812	396	962	0	0	10238	3530	2130	0	0	0	490	0	94	0	196	546	0	1700	186	0	0	3262	0	0	0	1302	174	0	0	0	0	0	0	0	0	0	0	0	0	0	0	0	0	0	0	0	0	0	0	0	0	0	0	
450660	Precuneus_R	598	3206	0	216	0	0	0	174	0	0	0	604	0	0	0	0	0	1606	0	4724	0	0	0	0	0	0	0	0	0	1332	0	0	766	6866	1422	15346	258	6516	248	2438	0	0	228	23212	0	33510	0	9858	0	28388	0	2548	0	2110	318	8712	0	8370	0	5122	0	1710	0	4552	0	4032	10238	0	1094	11620	0	0	0	1248	0	238	0	964	0	764	0	4736	0	0	0	9982	0	0	0	5054	0	0	0	0	0	0	0	106	0	0	0	0	0	0	0	0	0	0	0	0	296	0	0	0	0	0	
235060	Paracentral_Lobule_L	26438	1340	2152	0	0	0	550	0	0	0	284	0	0	0	0	0	976	0	4540	18882	0	0	0	0	0	0	0	0	518	0	0	0	6284	8522	2644	1676	492	0	0	0	0	0	150	0	384	0	0	0	286	0	5676	0	434	0	702	0	4456	558	934	0	448	0	262	0	398	0	3530	1094	0	10942	252	180	236	0	450	0	1158	362	434	0	1348	0	0	0	4350	0	0	0	3208	0	0	0	0	0	0	0	0	0	0	0	0	0	0	0	0	0	0	0	0	0	0	0	0	0	0	0	
294744	Paracentral_Lobule_R	6722	12080	0	418	0	0	0	0	0	0	0	120	0	0	0	0	0	1014	238	38460	0	0	0	0	0	0	0	0	0	802	0	0	1272	11232	2158	6626	448	778	0	300	0	0	0	1998	142	2646	0	298	214	2352	2062	300	224	318	586	972	1038	8016	218	1642	432	650	0	564	162	0	2130	11620	10942	0	832	3668	0	368	124	0	1598	5746	0	322	0	728	0	0	252	698	0	0	128	714	0	0	0	0	0	0	0	0	0	0	0	0	0	0	0	0	0	0	0	0	0	0	0	0	0	0	
308276	Caudate_L	2830	1870	11646	2512	2206	0	714	2804	282	0	2504	5332	1416	5466	924	662	498	274	10976	3464	7736	7180	586	512	600	96	4298	216	3722	5210	5670	3992	0	356	0	0	766	1038	0	684	500	0	0	0	0	0	0	0	0	0	118	0	0	0	166	624	364	148	0	0	158	0	0	0	0	0	0	0	252	832	0	13464	20768	4290	4642	374	7374	278	0	0	214	110	202	0	0	0	0	0	218	0	0	0	0	0	0	0	0	0	0	0	0	0	0	0	0	0	0	0	0	0	0	0	0	0	0	0	
535240	Caudate_R	2962	10728	3402	26410	1744	3154	554	2622	0	0	1216	7394	584	6018	158	2900	104	1180	3020	26916	4110	8426	3706	11874	394	2968	2584	4176	1568	9488	9078	26112	0	804	0	0	94	592	0	354	234	0	0	0	0	0	0	0	0	0	0	0	0	0	0	224	2346	0	0	0	0	0	0	0	0	0	0	0	180	3668	13464	0	6264	22570	186	7726	354	22888	0	0	0	0	0	122	0	0	0	0	0	0	0	0	0	0	0	0	0	0	0	0	0	0	0	0	0	0	0	0	0	0	0	0	0	0	0	0	
386424	Putamen_L	7766	1204	22430	752	5638	0	7566	694	1984	0	5212	2084	3410	2834	5960	0	998	0	14248	926	3048	3584	1304	98	558	0	2182	0	22894	2446	4996	1462	884	0	0	0	9554	110	1002	0	1052	0	0	0	0	0	194	0	0	0	256	0	0	0	4066	0	3546	112	154	0	608	0	0	0	0	0	0	0	236	0	20768	6264	0	1062	7666	0	1010	106	92	0	1490	0	3010	0	536	0	0	0	3156	0	0	0	0	0	0	0	0	0	0	0	0	0	0	0	0	0	0	0	0	0	0	0	0	0	0	0	
445588	Putamen_R	210	1150	740	19752	588	1240	0	7896	0	296	112	4708	96	5146	0	4666	0	4230	592	11088	890	1930	1580	6004	256	1680	568	1242	0	28140	3812	11536	0	942	0	0	0	22118	0	14856	0	1736	0	0	0	0	0	272	0	414	0	0	0	0	0	12742	0	506	0	0	0	0	0	0	0	0	490	1248	0	368	4290	22570	1062	0	0	10266	0	2342	0	162	0	1070	0	520	0	488	0	0	0	288	0	984	0	0	122	0	102	1668	0	1020	0	0	0	0	0	0	0	0	0	0	0	0	0	0	0	0	
59280	Pallidum_L	2858	652	1544	246	0	0	1326	546	0	0	682	0	0	0	0	0	324	0	1090	354	0	152	0	0	0	0	0	0	1034	0	0	0	0	0	0	0	1030	0	0	0	0	0	0	0	0	0	0	0	0	0	202	0	0	0	210	0	980	188	132	0	308	0	0	0	0	0	0	0	450	124	4642	186	7666	0	0	0	2316	0	0	0	0	0	0	0	142	0	0	0	256	0	0	0	0	0	0	0	0	0	0	0	0	0	0	0	0	0	0	0	0	0	0	0	0	0	0	0	
89100	Pallidum_R	198	154	140	5648	0	0	0	1120	0	0	0	296	0	398	0	146	0	848	0	5210	0	0	412	580	0	0	0	0	0	1972	638	1872	0	112	0	0	0	2388	0	1708	0	234	0	0	0	0	0	0	0	164	0	0	0	0	0	330	152	0	0	0	0	0	0	0	0	0	94	238	0	0	374	7726	0	10266	0	0	116	1016	0	0	0	0	0	0	0	0	0	0	0	0	0	0	0	0	0	0	0	0	0	0	0	0	0	0	0	0	0	0	0	0	0	0	0	0	0	0	
110972	Thalamus_L	13076	2056	1098	414	0	0	956	0	0	0	640	0	0	0	0	0	870	0	530	1756	0	0	0	0	0	0	0	0	4762	0	160	96	0	0	0	0	5194	0	1380	0	0	0	0	0	0	0	460	0	0	0	162	0	0	0	1586	0	1236	0	0	0	128	0	0	0	104	0	0	0	1158	1598	7374	354	1010	0	2316	116	0	2608	894	0	274	0	0	0	218	0	0	0	902	0	0	0	0	0	0	0	0	0	0	0	0	0	0	0	0	0	0	0	0	0	0	0	0	0	0	0	
215396	Thalamus_R	4346	18646	1788	4564	0	0	488	876	0	0	144	658	0	214	0	146	0	138	1198	8964	0	332	0	628	0	0	0	0	238	1052	0	1322	0	378	1872	1514	2652	7188	2172	2124	0	0	0	426	0	144	0	1026	0	190	0	0	112	0	1168	872	3016	0	0	0	0	0	0	0	0	0	196	964	362	5746	278	22888	106	2342	0	1016	2608	0	0	0	0	0	0	0	0	0	0	0	0	0	0	0	0	0	0	0	0	596	0	0	0	0	0	0	0	0	0	0	0	0	0	0	0	0	0	0	
120832	Heschl_L	4524	0	786	0	0	0	412	0	0	0	830	0	0	0	0	0	8098	0	732	0	0	0	0	0	0	0	0	0	6762	0	0	0	0	0	0	0	1358	0	0	0	0	0	146	0	0	0	0	0	316	0	3784	0	576	0	3348	0	4292	0	496	0	196	0	698	0	2430	0	546	0	434	0	0	0	92	0	0	0	894	0	0	0	9208	0	156	0	6468	0	0	0	2834	0	0	0	0	0	0	0	0	0	0	0	0	0	0	0	0	0	0	0	0	0	0	0	0	0	0	0	
30084	Heschl_R	0	222	0	160	0	0	0	0	0	0	0	108	0	0	0	0	0	2910	0	360	0	0	0	0	0	0	0	0	0	1748	0	0	0	0	0	0	0	162	0	0	0	0	0	206	0	154	0	0	0	180	0	0	0	0	0	294	0	136	0	0	0	174	0	784	0	0	0	764	0	322	0	0	0	162	0	0	0	0	0	0	0	5186	0	0	0	894	0	0	0	116	0	0	0	0	0	0	0	0	0	0	0	0	0	0	0	0	0	0	0	0	0	0	0	0	0	0	
368540	Temporal_Sup_L	6214	0	5686	0	0	0	730	0	0	0	5326	0	424	96	0	0	21758	0	5590	0	0	0	0	0	0	0	0	0	18768	0	196	0	142	0	276	0	4244	0	224	0	0	0	0	0	528	0	0	0	336	0	9530	0	220	0	7086	0	8018	0	1570	0	3070	0	13216	0	7720	0	1700	0	1348	0	214	0	1490	0	0	0	274	0	9208	0	0	0	6154	0	24790	0	0	0	17014	0	488	0	0	0	0	0	0	0	622	0	0	0	0	0	0	0	0	0	0	0	0	0	0	0	0	0	
153488	Temporal_Sup_R	0	884	0	358	0	0	0	136	0	0	0	662	0	144	0	0	0	5618	0	852	0	0	0	0	0	0	0	0	0	6136	0	0	0	0	104	262	0	1326	0	764	0	96	0	254	0	2976	0	0	0	5830	0	1392	0	0	0	2454	0	792	0	0	0	846	0	6888	0	2322	186	4736	0	728	110	0	0	1070	0	0	0	0	0	5186	0	0	0	3740	0	16980	0	206	0	2706	0	0	0	0	0	0	0	0	0	0	0	0	0	0	0	0	0	0	0	0	0	0	0	0	0	0	
145700	Temporal_Pole_Sup_L	0	0	1962	0	1094	0	680	0	1130	0	5432	0	1574	0	5812	0	1816	0	1706	0	884	0	0	0	0	0	178	0	13628	0	0	0	0	0	0	0	3760	0	600	0	2622	0	0	0	0	0	0	0	0	0	0	0	0	0	3486	0	128	0	0	0	0	0	0	0	0	0	0	0	0	0	202	0	3010	0	0	0	0	0	156	0	6154	0	0	0	7242	0	4804	0	4790	0	0	0	0	0	0	0	0	0	0	0	0	0	0	0	0	0	0	0	0	0	0	0	0	0	0	0	
84804	Temporal_Pole_Sup_R	0	0	0	382	0	0	0	282	0	0	0	984	0	306	0	1892	0	1236	0	174	0	0	0	0	0	0	0	0	0	5094	0	0	0	0	0	0	0	3436	0	3836	0	4000	0	0	0	0	0	0	0	0	0	0	0	0	0	6270	0	0	0	0	0	0	0	0	0	0	0	0	0	0	0	122	0	520	0	0	0	0	0	0	0	3740	0	0	0	3590	0	3106	0	3432	0	0	0	0	0	0	0	0	0	0	0	0	0	0	0	0	0	0	0	0	0	0	0	0	0	0	
314948	Temporal_Mid_L	4482	0	274	0	110	0	164	0	0	0	386	0	0	0	292	0	5774	0	248	252	0	0	0	0	0	0	0	0	5888	0	0	0	154	122	634	0	676	0	0	0	148	0	1322	0	1896	0	0	0	2454	0	24728	0	1794	0	3300	0	1144	0	1886	0	662	0	1758	0	7304	0	3262	0	4350	252	0	0	536	0	142	0	218	0	6468	0	24790	0	7242	0	0	0	4978	0	37384	0	0	0	0	0	0	0	0	0	0	0	0	0	0	0	0	0	0	0	0	0	0	0	0	0	0	0	
215612	Temporal_Mid_R	0	508	0	138	0	0	0	0	0	0	0	170	0	0	0	110	0	370	0	824	0	0	0	0	0	0	0	0	0	2044	0	0	0	228	318	476	0	504	0	220	0	0	0	2340	0	9584	0	338	0	13982	0	10618	0	2016	0	2226	0	122	0	0	0	638	0	3354	0	5776	0	9982	0	698	0	0	0	488	0	0	0	0	0	894	0	16980	0	3590	0	0	0	1018	0	17252	0	0	0	0	0	0	0	0	0	0	0	0	0	0	0	0	0	0	0	0	0	0	0	0	0	0	
37800	Temporal_Pole_Mid_L	0	0	0	0	0	0	0	0	0	0	0	0	0	0	110	0	0	0	0	0	144	0	0	0	0	0	0	0	312	0	0	0	0	0	0	0	636	0	0	0	758	0	0	0	0	0	0	0	0	0	0	0	0	0	1748	0	0	0	0	0	0	0	0	0	0	0	0	0	0	0	0	0	0	0	0	0	0	0	0	0	0	0	4804	0	4978	0	0	0	5410	0	0	0	0	0	0	0	0	0	0	0	0	0	0	0	0	0	0	0	0	0	0	0	0	0	0	0	
16476	Temporal_Pole_Mid_R	0	0	0	0	0	0	0	0	0	0	0	0	0	0	0	0	0	0	0	0	0	0	0	0	0	0	0	0	0	0	0	0	0	0	0	0	0	0	0	724	0	0	0	0	0	0	0	0	0	0	0	0	0	0	0	1250	0	0	0	0	0	0	0	0	0	0	0	0	0	0	0	0	0	0	0	0	0	0	0	0	0	206	0	3106	0	1018	0	0	0	1934	0	0	0	0	0	0	0	0	0	0	0	0	0	0	0	0	0	0	0	0	0	0	0	0	0	0	
352676	Temporal_Inf_L	4306	0	1544	0	112	0	574	0	0	0	442	116	236	132	372	0	2982	0	1366	228	124	0	0	0	0	0	0	0	10666	116	0	0	148	0	428	0	13526	0	870	0	1602	0	946	0	1552	0	112	0	650	0	12616	0	1754	0	24622	0	1332	0	366	0	384	0	768	0	2918	0	1302	0	3208	128	218	0	3156	0	256	0	902	0	2834	0	17014	0	4790	0	37384	0	5410	0	0	0	5342	0	1730	0	0	0	502	0	2352	0	1148	0	752	0	0	0	0	0	0	0	0	0	0	0	0	0	
155804	Temporal_Inf_R	0	1230	0	0	0	0	0	162	0	0	0	790	0	0	0	144	0	108	0	744	0	0	0	0	0	0	0	0	0	1076	0	0	0	206	232	1722	0	1510	0	784	0	0	0	4944	0	1642	0	454	0	1806	0	492	0	5554	0	15256	0	234	0	0	0	0	0	0	0	684	174	5054	0	714	0	0	0	288	0	0	0	0	0	116	0	2706	0	3432	0	17252	0	1934	0	0	0	3512	0	274	0	102	0	452	0	1104	0	140	0	728	0	0	0	0	0	0	146	0	0	0	0	0	
559132	Cerebelum_Crus1_L	0	0	0	0	0	0	0	0	0	0	0	0	0	0	0	0	0	0	0	0	0	0	0	0	0	0	0	0	256	0	0	0	0	0	0	0	308	0	880	0	0	0	450	0	0	0	12588	2318	0	0	0	0	0	0	28328	436	0	0	0	0	0	0	0	0	0	0	0	0	0	0	0	0	0	0	0	0	0	0	0	0	488	0	0	0	0	0	0	0	5342	0	0	3266	44058	5628	1200	778	31886	810	60278	4138	18418	1732	16706	3842	756	2130	0	0	780	1652	5002	6884	11372	3232	2568	1056	
463896	Cerebelum_Crus1_R	0	0	0	0	0	0	0	0	0	0	0	0	0	0	0	0	0	0	0	0	0	0	0	0	0	0	0	0	0	310	0	0	0	0	0	0	0	2280	0	2720	0	0	120	0	0	0	1908	14002	0	0	0	0	0	106	450	20232	0	0	0	0	0	0	0	0	0	0	0	0	0	0	0	0	0	984	0	0	0	0	0	0	0	0	0	0	0	0	0	0	0	3512	3266	0	728	30146	0	2636	1364	23982	3286	55690	0	7036	0	21392	0	2076	0	448	0	1518	11166	9150	9400	1300	554	186	
360116	Cerebelum_Crus2_L	0	0	0	0	0	0	0	0	0	0	0	0	0	0	0	0	0	0	0	0	0	0	0	0	0	0	0	0	0	0	0	0	0	0	0	0	0	0	92	0	0	0	0	0	0	0	1270	1032	0	0	0	0	0	0	4710	180	0	0	0	0	0	0	0	0	0	0	0	0	0	0	0	0	0	0	0	0	0	0	0	0	0	0	0	0	0	0	0	0	1730	0	44058	728	0	8960	524	340	6574	264	12602	1110	30006	6656	23224	5612	768	1754	272	0	412	766	1938	2554	12358	6454	2434	676	
332580	Cerebelum_Crus2_R	0	0	0	0	0	0	0	0	0	0	0	0	0	0	0	0	0	0	0	0	0	0	0	0	0	0	0	0	0	0	0	0	0	0	0	0	0	136	0	160	0	0	0	0	0	0	706	1998	0	0	0	0	0	0	186	648	0	0	0	0	0	0	0	0	0	0	0	0	0	0	0	0	0	0	0	0	0	0	0	0	0	0	0	0	0	0	0	0	0	274	5628	30146	8960	0	0	862	1004	2704	1666	10938	4148	23978	2098	35470	0	5550	0	524	192	1016	3132	4196	14766	3244	1462	498	
23532	Cerebelum_3_L	0	0	0	0	0	0	0	0	0	0	0	0	0	0	0	0	0	0	0	0	0	0	0	0	0	0	0	0	0	0	0	0	0	0	0	0	0	394	192	186	0	0	0	0	0	0	498	140	0	0	0	0	0	0	162	0	0	0	0	0	0	0	0	0	0	0	0	0	0	0	0	0	0	122	0	0	0	0	0	0	0	0	0	0	0	0	0	0	0	0	1200	0	524	0	0	94	4664	0	1258	0	124	0	204	0	238	0	0	0	380	784	442	0	160	0	0	0	
64956	Cerebelum_3_R	0	0	0	0	0	0	0	0	0	0	0	0	0	0	0	0	0	0	0	0	0	0	0	0	0	0	0	0	0	0	0	0	0	0	0	0	0	170	0	1048	0	0	0	0	0	0	0	0	0	0	0	0	0	0	0	358	0	0	0	0	0	0	0	0	0	0	0	0	0	0	0	0	0	0	0	0	0	0	0	0	0	0	0	0	0	0	0	0	0	102	778	2636	340	862	94	0	406	4710	196	4496	342	364	684	1528	286	1838	0	0	468	5322	1762	138	1128	1204	1218	0	
302820	Cerebelum_4_5_L	0	0	0	0	0	0	0	0	0	0	0	0	0	0	0	0	0	0	0	0	0	0	0	0	0	0	0	0	0	0	0	0	0	0	0	0	350	264	1754	150	0	0	492	0	0	0	15150	404	0	0	0	0	0	0	14312	126	0	0	0	0	0	0	0	0	0	0	0	0	0	0	0	0	0	102	0	0	0	0	0	0	0	0	0	0	0	0	0	0	502	0	31886	1364	6574	1004	4664	406	0	1064	38322	2496	2382	128	3820	1620	3006	1162	512	0	758	1410	7888	2054	1786	1442	1130	926	
254476	Cerebelum_4_5_R	0	0	0	0	0	0	0	0	0	0	0	96	0	0	0	0	0	0	0	0	0	0	0	0	0	0	0	0	0	552	0	0	0	0	0	0	150	4380	142	5612	0	100	126	0	0	0	626	8890	0	0	0	0	0	104	212	11438	0	0	0	0	0	0	0	0	0	0	0	106	0	0	0	0	0	1668	0	0	0	596	0	0	0	0	0	0	0	0	0	0	0	452	810	23982	264	2704	0	4710	1064	0	820	32974	0	1886	0	5192	0	830	0	172	0	1530	12978	736	808	272	256	0	
441740	Cerebelum_6_L	202	0	0	0	0	0	0	0	0	0	0	0	0	0	0	0	138	0	0	0	0	0	0	0	0	0	0	0	556	0	0	0	0	0	122	114	774	0	1714	0	0	0	508	0	0	0	17716	3002	0	0	0	0	0	0	32462	578	0	0	0	0	0	0	92	0	0	0	0	0	0	0	0	0	0	0	0	0	0	0	0	0	622	0	0	0	0	0	0	0	2352	0	60278	3286	12602	1666	1258	196	38322	820	0	4926	4040	128	3948	1048	1706	1352	152	0	500	860	5678	9838	3530	1112	1366	1306	
438328	Cerebelum_6_R	0	0	0	0	0	0	0	0	0	0	0	0	0	0	0	0	0	0	0	0	0	0	0	0	0	0	0	0	0	320	0	0	0	0	0	0	0	2780	0	3772	0	0	202	0	0	0	2300	16074	0	0	0	0	0	214	576	21138	0	0	0	0	0	0	0	0	0	0	0	0	0	0	0	0	0	1020	0	0	0	0	0	0	0	0	0	0	0	0	0	0	0	1104	4138	55690	1110	10938	0	4496	2496	32974	4926	0	98	2726	140	8982	0	1804	0	382	180	1818	15732	11228	7842	1164	602	198	
241600	Cerebelum_7b_L	0	0	0	0	0	0	0	0	0	0	0	0	0	0	0	0	0	0	0	0	0	0	0	0	0	0	0	0	0	0	0	0	0	0	0	0	0	0	0	0	0	0	0	0	0	0	314	0	0	0	0	0	0	0	1418	0	0	0	0	0	0	0	0	0	0	0	0	0	0	0	0	0	0	0	0	0	0	0	0	0	0	0	0	0	0	0	0	0	1148	0	18418	0	30006	4148	124	342	2382	0	4040	98	0	4076	26884	4542	1452	1904	566	0	142	456	322	198	7286	7868	2494	172	
178944	Cerebelum_7b_R	0	0	0	0	0	0	0	0	0	0	0	0	0	0	0	0	0	0	0	0	0	0	0	0	0	0	0	0	0	0	0	0	0	0	0	0	0	104	0	124	0	0	0	0	0	0	0	0	0	0	0	0	0	0	0	372	0	0	0	0	0	0	0	0	0	0	0	0	0	0	0	0	0	0	0	0	0	0	0	0	0	0	0	0	0	0	0	0	0	140	1732	7036	6656	23978	0	364	128	1886	128	2726	4076	0	1510	26866	0	2954	0	160	0	244	580	0	5322	2090	296	0	
242464	Cerebelum_8_L	0	0	0	0	0	0	0	0	0	0	0	0	0	0	0	0	0	0	0	0	0	0	0	0	0	0	0	0	0	0	0	0	0	0	0	0	0	0	0	0	0	0	0	0	0	0	338	0	0	0	0	0	0	0	1736	0	0	0	0	0	0	0	0	0	0	0	0	0	0	0	0	0	0	0	0	0	0	0	0	0	0	0	0	0	0	0	0	0	752	0	16706	0	23224	2098	204	684	3820	0	3948	140	26884	1510	0	4204	9370	2876	3622	0	222	858	548	120	5726	7752	3624	266	
330660	Cerebelum_8_R	0	0	0	0	0	0	0	0	0	0	0	0	0	0	0	0	0	0	0	0	0	0	0	0	0	0	0	0	0	0	0	0	0	0	0	0	0	224	0	240	0	0	0	0	0	0	372	274	0	0	0	0	0	0	96	1170	0	0	0	0	0	0	0	0	0	0	0	0	0	0	0	0	0	0	0	0	0	0	0	0	0	0	0	0	0	0	0	0	0	728	3842	21392	5612	35470	0	1528	1620	5192	1048	8982	4542	26866	4204	0	0	16826	0	1686	390	1650	4798	584	6500	5858	3066	570	
52880	Cerebelum_9_L	0	0	0	0	0	0	0	0	0	0	0	0	0	0	0	0	0	0	0	0	0	0	0	0	0	0	0	0	0	0	0	0	0	0	0	0	0	0	206	0	0	0	0	0	0	0	0	0	0	0	0	0	0	0	252	0	0	0	0	0	0	0	0	0	0	0	0	0	0	0	0	0	0	0	0	0	0	0	0	0	0	0	0	0	0	0	0	0	0	0	756	0	768	0	238	286	3006	0	1706	0	1452	0	9370	0	0	554	4264	0	0	274	330	620	420	640	810	488	
139932	Cerebelum_9_R	0	0	0	0	0	0	0	0	0	0	0	0	0	0	0	0	0	0	0	0	0	0	0	0	0	0	0	0	0	0	0	0	0	0	0	0	0	0	0	0	0	0	0	0	0	0	100	162	0	0	0	0	0	0	0	0	0	0	0	0	0	0	0	0	0	0	0	0	0	0	0	0	0	0	0	0	0	0	0	0	0	0	0	0	0	0	0	0	0	0	2130	2076	1754	5550	0	1838	1162	830	1352	1804	1904	2954	2876	16826	554	0	0	1830	840	2368	2720	1942	3290	4790	6536	1778	
18776	Cerebelum_10_L	0	0	0	0	0	0	0	0	0	0	0	0	0	0	0	0	0	0	0	0	0	0	0	0	0	0	0	0	0	0	0	0	0	0	0	0	0	0	0	0	0	0	0	0	0	0	0	0	0	0	0	0	0	0	0	0	0	0	0	0	0	0	0	0	0	0	0	0	0	0	0	0	0	0	0	0	0	0	0	0	0	0	0	0	0	0	0	0	0	0	0	0	272	0	0	0	512	0	152	0	566	0	3622	0	4264	0	0	0	0	0	0	0	0	0	0	0	
11032	Cerebelum_10_R	0	0	0	0	0	0	0	0	0	0	0	0	0	0	0	0	0	0	0	0	0	0	0	0	0	0	0	0	0	0	0	0	0	0	0	0	0	0	0	0	0	0	0	0	0	0	0	0	0	0	0	0	0	0	0	0	0	0	0	0	0	0	0	0	0	0	0	0	0	0	0	0	0	0	0	0	0	0	0	0	0	0	0	0	0	0	0	0	0	0	0	448	0	524	0	0	0	172	0	382	0	160	0	1686	0	1830	0	0	0	0	314	0	0	0	0	0	
27304	Vermis_1_2	0	0	0	0	0	0	0	0	0	0	0	0	0	0	0	0	0	0	0	0	0	0	0	0	0	0	0	0	0	0	0	0	0	0	0	0	0	0	0	0	0	0	0	0	0	0	0	0	0	0	0	0	0	0	0	0	0	0	0	0	0	0	0	0	0	0	0	0	0	0	0	0	0	0	0	0	0	0	0	0	0	0	0	0	0	0	0	0	0	0	780	0	412	192	380	468	758	0	500	180	142	0	222	390	0	840	0	0	0	4118	2514	150	542	538	526	0	
