data	data	505780	167660	939388	832628	158288	107064	569352	285432	113452	28416	273504	142300	423340	186208	235464	129112	310288	154692	816684	990584	153696	155152	457556	424792	58260	154400	122472	133324	784672	416500	531808	645976	265708	594960	113492	163644	220612	262772	117572	161352	89996	70000	281568	331152	225824	200156	335836	443376	249168	222432	575632	202460	296760	102640	524676	522488	339784	275392	212804	172004	269564	126860	127672	92828	144184	182092	348832	408980	262372	412536	348992	467564	436464	363544	107120	51828	118664	233416	91748	28208	241976	138860	129508	75336	400612	307016	41328	34624	341436	287696	492604	439976	457344	287436	50280	64000	423672	344512	449500	449128	315352	116004	361176	303540	116308	80852	10860	10384	44992	95472	503112	304336	268164	193228	89104	25092	
data	data	Precentral_L	Precentral_R	Frontal_Sup_L	Frontal_Sup_R	Frontal_Sup_Orb_L	Frontal_Sup_Orb_R	Frontal_Mid_L	Frontal_Mid_R	Frontal_Mid_Orb_L	Frontal_Mid_Orb_R	Frontal_Inf_Oper_L	Frontal_Inf_Oper_R	Frontal_Inf_Tri_L	Frontal_Inf_Tri_R	Frontal_Inf_Orb_L	Frontal_Inf_Orb_R	Rolandic_Oper_L	Rolandic_Oper_R	Supp_Motor_Area_L	Supp_Motor_Area_R	Olfactory_L	Olfactory_R	Frontal_Sup_Medial_L	Frontal_Sup_Medial_R	Frontal_Med_Orb_L	Frontal_Med_Orb_R	Rectus_L	Rectus_R	Insula_L	Insula_R	Cingulum_Ant_L	Cingulum_Ant_R	Cingulum_Mid_L	Cingulum_Mid_R	Cingulum_Post_L	Cingulum_Post_R	Hippocampus_L	Hippocampus_R	ParaHippocampal_L	ParaHippocampal_R	Amygdala_L	Amygdala_R	Calcarine_L	Calcarine_R	Cuneus_L	Cuneus_R	Lingual_L	Lingual_R	Occipital_Sup_L	Occipital_Sup_R	Occipital_Mid_L	Occipital_Mid_R	Occipital_Inf_L	Occipital_Inf_R	Fusiform_L	Fusiform_R	Postcentral_L	Postcentral_R	Parietal_Sup_L	Parietal_Sup_R	Parietal_Inf_L	Parietal_Inf_R	SupraMarginal_L	SupraMarginal_R	Angular_L	Angular_R	Precuneus_L	Precuneus_R	Paracentral_Lobule_L	Paracentral_Lobule_R	Caudate_L	Caudate_R	Putamen_L	Putamen_R	Pallidum_L	Pallidum_R	Thalamus_L	Thalamus_R	Heschl_L	Heschl_R	Temporal_Sup_L	Temporal_Sup_R	Temporal_Pole_Sup_L	Temporal_Pole_Sup_R	Temporal_Mid_L	Temporal_Mid_R	Temporal_Pole_Mid_L	Temporal_Pole_Mid_R	Temporal_Inf_L	Temporal_Inf_R	Cerebelum_Crus1_L	Cerebelum_Crus1_R	Cerebelum_Crus2_L	Cerebelum_Crus2_R	Cerebelum_3_L	Cerebelum_3_R	Cerebelum_4_5_L	Cerebelum_4_5_R	Cerebelum_6_L	Cerebelum_6_R	Cerebelum_7b_L	Cerebelum_7b_R	Cerebelum_8_L	Cerebelum_8_R	Cerebelum_9_L	Cerebelum_9_R	Cerebelum_10_L	Cerebelum_10_R	Vermis_1_2	Vermis_3	Vermis_4_5	Vermis_6	Vermis_7	Vermis_8	Vermis_9	Vermis_10	
505780	Precentral_L	0	1024	14936	242	124	0	19030	0	0	0	16232	0	4528	0	186	0	16660	0	21112	8472	678	440	490	0	0	0	206	0	17754	104	704	146	478	6540	320	252	5764	0	426	0	370	0	0	0	0	0	320	0	0	0	842	0	880	0	1342	182	27474	1618	522	0	632	0	230	0	0	0	198	102	27580	6572	4392	426	7862	0	4244	0	16744	220	4624	0	3944	0	1550	0	1302	0	0	0	1632	156	82	0	0	0	0	0	0	0	0	0	0	0	0	0	0	0	0	0	0	0	0	0	0	0	0	0	
167660	Precentral_R	1024	0	0	3728	0	0	0	8102	0	0	0	4222	0	170	0	0	0	3696	0	6612	0	0	0	0	0	0	0	0	0	4880	0	450	0	1628	0	262	0	1750	0	628	0	0	0	352	0	0	0	326	0	0	0	0	102	140	238	2084	288	15150	0	346	0	656	0	1742	0	226	0	806	1116	7296	176	2186	0	920	0	0	130	8348	0	104	0	650	0	0	0	642	0	0	0	2246	0	0	0	0	0	0	0	0	0	120	0	0	0	0	0	0	0	0	0	0	288	0	0	0	0	0	
939388	Frontal_Sup_L	14936	0	0	4618	8214	0	81024	412	5920	0	13026	742	33870	968	12190	0	10726	0	70552	9876	444	156	38568	7564	1524	612	2650	0	47620	1590	27564	6436	12102	3336	0	0	904	0	0	0	148	0	0	0	0	0	0	0	0	0	0	0	0	0	360	0	4868	0	0	0	96	0	0	0	0	0	0	0	1602	148	10104	1070	21472	252	3538	0	538	0	812	0	2826	0	2928	0	194	0	0	0	594	0	0	0	0	0	0	0	0	0	0	0	0	0	0	0	0	0	0	0	0	0	0	0	0	0	0	0	
832628	Frontal_Sup_R	242	3728	4618	0	188	5526	868	38642	0	828	456	7416	494	12380	0	4258	554	9130	17900	77500	0	480	15454	44404	192	7560	458	5100	1718	18276	13478	46720	3042	25508	0	0	0	252	0	0	0	0	0	0	0	0	0	0	0	0	0	0	0	0	0	0	162	1972	0	0	0	0	0	148	0	0	0	0	0	2478	3652	19422	1254	16746	0	1630	0	832	0	0	0	216	0	432	0	0	0	0	0	0	0	0	0	0	0	0	0	0	0	0	0	0	0	0	0	0	0	0	0	0	0	0	0	0	0	0	
158288	Frontal_Sup_Orb_L	124	0	8214	188	0	0	1736	0	11030	0	380	0	3316	0	10308	0	0	0	726	152	2796	386	3220	702	4222	776	9194	302	8498	0	4352	286	0	0	0	0	0	0	0	0	1078	0	0	0	0	0	0	0	0	0	0	0	0	0	0	0	0	0	0	0	0	0	0	0	0	0	0	0	0	0	1362	202	4408	114	180	0	362	0	0	0	122	0	322	0	0	0	0	0	86	0	0	0	0	0	0	0	0	0	0	0	0	0	0	0	0	0	0	0	0	0	0	0	0	0	0	0	
107064	Frontal_Sup_Orb_R	0	0	0	5526	0	0	0	1698	0	4982	0	0	0	920	0	6894	0	0	106	1476	264	2470	182	2912	0	4756	436	8118	0	1870	310	2724	0	0	0	0	0	0	0	0	0	0	0	0	0	0	0	0	0	0	0	0	0	0	0	0	0	0	0	0	0	0	0	0	0	0	0	0	0	0	132	4476	110	2700	0	336	0	134	0	0	0	0	0	0	0	0	0	0	0	0	0	0	0	0	0	0	0	0	0	0	0	0	0	0	0	0	0	0	0	0	0	0	0	0	0	0	
569352	Frontal_Mid_L	19030	0	81024	868	1736	0	0	0	6318	0	15508	0	43400	0	8434	0	8444	0	18266	1680	196	0	15312	2394	94	0	174	0	28064	158	10494	2334	10420	1446	0	0	448	0	0	0	0	0	0	0	0	0	0	0	0	0	0	0	0	0	0	0	1246	0	0	0	0	0	0	0	0	0	0	0	276	0	988	94	1704	0	276	0	164	0	644	0	1378	0	1582	0	82	0	0	0	0	0	0	0	0	0	0	0	0	0	0	0	0	0	0	0	0	0	0	0	0	0	0	0	0	0	0	0	
285432	Frontal_Mid_R	0	8102	412	38642	0	1698	0	0	0	2106	0	12644	0	18318	0	6964	0	5830	1044	9616	0	0	2058	7920	0	298	0	0	0	9988	858	5640	220	4104	0	0	0	184	0	0	0	0	0	0	0	0	0	0	0	0	0	0	0	0	0	0	0	306	0	0	0	0	0	0	0	0	0	0	0	0	124	1700	0	3146	0	258	0	436	0	0	0	100	0	0	0	0	0	0	0	0	0	0	0	0	0	0	0	0	0	0	0	0	0	0	0	0	0	0	0	0	0	0	0	0	0	0	
113452	Frontal_Mid_Orb_L	0	0	5920	0	11030	0	6318	0	0	0	362	0	6930	0	15754	0	0	0	268	0	314	106	0	0	208	0	1158	0	4678	0	204	0	0	0	0	0	0	0	0	0	140	0	0	0	0	0	0	0	0	0	0	0	0	0	0	0	0	0	0	0	0	0	0	0	0	0	0	0	0	0	302	0	2632	0	126	0	0	0	0	0	0	0	276	0	0	0	0	0	0	0	0	0	0	0	0	0	0	0	0	0	0	0	0	0	0	0	0	0	0	0	0	0	0	0	0	0	
28416	Frontal_Mid_Orb_R	0	0	0	828	0	4982	0	2106	0	0	0	0	0	744	0	4702	0	0	0	0	0	0	0	0	0	0	0	554	0	178	0	0	0	0	0	0	0	0	0	0	0	0	0	0	0	0	0	0	0	0	0	0	0	0	0	0	0	0	0	0	0	0	0	0	0	0	0	0	0	0	0	0	0	114	0	0	0	0	0	0	0	0	0	0	0	0	0	0	0	0	0	0	0	0	0	0	0	0	0	0	0	0	0	0	0	0	0	0	0	0	0	0	0	0	0	0	
273504	Frontal_Inf_Oper_L	16232	0	13026	456	380	0	15508	0	362	0	0	0	23246	0	3808	0	11362	0	7558	426	0	0	2466	110	92	0	286	0	18768	786	4928	1020	148	0	0	0	268	0	0	0	0	0	0	0	0	0	0	0	0	0	0	0	0	0	0	0	5896	0	0	0	0	0	0	0	0	0	0	0	0	0	1430	184	2616	0	342	0	0	0	564	0	1054	0	3430	0	0	0	0	0	0	0	0	0	0	0	0	0	0	0	0	0	0	0	0	0	0	0	0	0	0	0	0	0	0	0	0	0	
142300	Frontal_Inf_Oper_R	0	4222	742	7416	0	0	0	12644	0	0	0	0	0	9198	0	338	0	5762	940	8098	0	0	140	492	0	156	0	0	0	10212	302	816	0	292	0	0	0	90	0	0	0	0	0	0	0	0	0	0	0	0	0	0	0	0	0	0	0	1252	0	84	0	0	0	0	0	0	0	140	0	136	1250	2406	596	2676	0	0	0	164	0	0	0	162	0	424	0	0	0	0	0	0	0	0	0	0	0	0	0	0	0	0	0	0	0	0	0	0	0	0	0	0	0	0	0	0	0	0	
423340	Frontal_Inf_Tri_L	4528	0	33870	494	3316	0	43400	0	6930	0	23246	0	0	0	21182	0	3370	0	8934	568	264	182	3608	176	96	0	956	0	37462	580	7016	1054	920	126	0	0	106	0	0	0	0	0	0	0	0	0	0	0	0	0	0	0	0	0	0	0	888	0	0	0	0	0	0	0	0	0	0	0	0	0	1714	222	3184	0	302	0	0	0	0	0	468	0	2396	0	112	0	0	0	0	0	0	0	0	0	0	0	0	0	0	0	0	0	0	0	0	0	0	0	0	0	0	0	0	0	0	0	
186208	Frontal_Inf_Tri_R	0	170	968	12380	0	920	0	18318	0	744	0	9198	0	0	0	5874	234	232	1834	8700	0	0	626	3400	0	976	0	378	268	11444	1470	6012	0	972	0	0	0	0	0	0	0	0	0	0	0	0	0	0	0	0	0	0	0	0	0	0	0	0	0	0	0	0	0	0	0	0	0	0	0	0	1470	3794	608	1934	0	90	0	90	0	0	0	0	0	0	0	0	0	0	0	0	0	0	0	0	0	0	0	0	0	0	0	0	0	0	0	0	0	0	0	0	0	0	0	0	0	0	
235464	Frontal_Inf_Orb_L	186	0	12190	0	10308	0	8434	0	15754	0	3808	0	21182	0	0	114	1328	0	1160	102	2944	382	224	0	176	0	1968	88	22526	86	848	196	0	0	0	0	0	0	0	0	1026	0	0	0	0	0	0	0	0	0	0	0	0	0	0	0	0	0	0	0	0	0	0	0	0	0	0	0	0	0	1200	280	6906	204	338	98	238	92	0	0	448	0	2612	0	154	0	0	0	132	0	0	0	0	0	0	0	0	0	0	0	0	0	0	0	0	0	0	0	0	0	0	0	0	0	0	0	
129112	Frontal_Inf_Orb_R	0	0	0	4258	0	6894	0	6964	0	4702	0	338	0	5874	114	0	0	0	210	982	726	3310	290	1124	0	876	200	4124	136	9386	658	1364	0	222	0	0	0	0	0	0	0	448	0	0	0	0	0	0	0	0	0	0	0	0	0	0	0	0	0	0	0	0	0	0	0	0	0	0	0	0	656	3222	772	5422	0	768	0	516	0	0	0	0	0	0	0	0	0	0	0	0	0	0	0	0	0	0	0	0	0	0	0	0	0	0	0	0	0	0	0	0	0	0	0	0	0	0	
310288	Rolandic_Oper_L	16660	0	10726	554	0	0	8444	0	0	0	11362	0	3370	234	1328	0	0	0	8786	822	0	0	584	0	0	0	0	0	34604	364	1848	374	0	0	0	0	3350	0	0	0	0	0	0	0	0	0	0	0	0	0	800	0	160	0	308	0	10412	0	360	0	848	0	2040	0	0	0	92	0	674	0	2182	0	3872	0	1272	0	446	0	6470	0	14082	0	4868	0	2082	0	0	0	766	0	0	0	0	0	0	0	0	0	0	0	0	0	0	0	0	0	0	0	0	0	0	0	0	0	0	0	
154692	Rolandic_Oper_R	0	3696	0	9130	0	0	0	5830	0	0	0	5762	0	232	0	0	0	0	134	7498	0	0	0	0	0	0	0	0	0	20104	0	0	0	0	0	0	0	1812	0	156	0	0	0	0	0	0	0	0	0	0	0	0	0	0	0	574	0	2490	0	112	0	0	0	2658	0	0	0	0	0	192	156	346	0	6704	0	732	0	820	0	2426	0	3926	0	918	0	340	0	0	0	598	0	0	0	0	0	0	0	0	0	0	0	0	0	0	0	0	0	0	0	0	0	0	0	0	0	0	
816684	Supp_Motor_Area_L	21112	0	70552	17900	726	106	18266	1044	268	0	7558	940	8934	1834	1160	210	8786	134	0	57972	0	0	10436	5180	322	430	616	232	22350	2656	13434	11494	11656	33488	142	714	766	0	0	0	0	0	0	0	0	0	0	0	0	0	0	0	0	0	334	0	9056	788	0	0	0	0	232	0	0	0	168	654	9528	4714	15072	2476	21666	1968	5422	0	150	0	686	0	2018	0	1330	0	104	0	0	0	558	0	0	0	0	0	0	0	0	0	0	0	0	0	0	0	0	0	0	0	0	0	0	0	0	0	0	0	
990584	Supp_Motor_Area_R	8472	6612	9876	77500	152	1476	1680	9616	0	0	426	8098	568	8700	102	982	822	7498	57972	0	438	728	5752	13296	82	2770	228	2076	2616	14506	10732	33124	12842	51280	172	338	94	596	0	170	0	0	0	106	0	0	0	0	0	0	0	0	0	0	130	0	2056	4792	0	126	0	0	0	626	0	0	120	396	14974	43562	6140	31592	2498	14914	112	1132	274	18392	0	0	122	336	0	500	0	0	0	0	0	0	0	0	0	0	0	0	0	0	0	0	0	0	0	0	0	0	0	0	0	0	0	0	0	0	0	0	
153696	Olfactory_L	678	0	444	0	2796	264	196	0	314	0	0	0	264	0	2944	726	0	0	0	438	0	8368	140	0	710	160	5206	1884	5176	234	3504	2550	0	0	0	0	1084	0	528	0	3908	156	0	0	0	0	0	0	0	0	0	0	0	0	342	0	0	0	0	0	0	0	0	0	0	0	0	0	484	410	11444	6196	7042	3048	1270	444	1122	1366	0	0	364	0	172	0	138	0	0	0	334	0	0	0	0	0	0	0	0	0	0	0	0	0	0	0	0	0	0	0	0	0	0	0	0	0	0	0	
155152	Olfactory_R	440	0	156	480	386	2470	0	0	106	0	0	0	182	0	382	3310	0	0	0	728	8368	0	0	642	94	1962	3018	5304	764	2808	2216	3930	0	0	0	0	0	108	0	188	254	718	0	0	0	0	0	0	0	0	0	0	0	0	0	0	0	0	0	0	0	0	0	0	0	0	0	0	326	432	9442	11546	6744	4820	2386	522	476	1868	0	0	0	0	0	0	0	0	0	0	0	0	0	0	0	0	0	0	0	0	0	0	0	0	0	0	0	0	0	0	0	0	0	0	0	0	0	0	
457556	Frontal_Sup_Medial_L	490	0	38568	15454	3220	182	15312	2058	0	0	2466	140	3608	626	224	290	584	0	10436	5752	140	0	0	26754	3018	3734	1502	0	6018	764	34880	21944	10242	11120	0	0	0	0	0	0	0	0	0	0	0	0	0	0	0	0	0	0	0	0	0	0	0	0	0	0	0	0	0	0	0	0	0	0	108	90	2600	2110	3266	542	196	0	134	0	0	0	0	0	206	0	0	0	0	0	0	0	0	0	0	0	0	0	0	0	0	0	0	0	0	0	0	0	0	0	0	0	0	0	0	0	0	0	
424792	Frontal_Sup_Medial_R	0	0	7564	44404	702	2912	2394	7920	0	0	110	492	176	3400	0	1124	0	0	5180	13296	0	642	26754	0	1714	10102	654	3182	212	3840	13878	32590	3522	15388	0	0	0	0	0	0	0	0	0	0	0	0	0	0	0	0	0	0	0	0	0	0	0	0	0	0	0	0	0	0	0	0	0	0	0	0	594	5684	106	3314	0	382	0	164	0	0	0	0	0	0	0	0	0	0	0	0	0	0	0	0	0	0	0	0	0	0	0	0	0	0	0	0	0	0	0	0	0	0	0	0	0	0	
58260	Frontal_Med_Orb_L	0	0	1524	192	4222	0	94	0	208	0	92	0	96	0	176	0	0	0	322	82	710	94	3018	1714	0	2364	4624	366	980	0	6114	324	0	0	0	0	0	0	0	0	256	0	0	0	0	0	0	0	0	0	0	0	0	0	0	0	0	0	0	0	0	0	0	0	0	0	0	0	0	0	770	0	788	0	0	0	0	0	0	0	0	0	0	0	0	0	0	0	0	0	0	0	0	0	0	0	0	0	0	0	0	0	0	0	0	0	0	0	0	0	0	0	0	0	0	0	
154400	Frontal_Med_Orb_R	0	0	612	7560	776	4756	0	298	0	0	0	156	0	976	0	876	0	0	430	2770	160	1962	3734	10102	2364	0	1614	9180	86	1818	4986	10314	0	236	0	0	0	0	0	0	0	0	0	0	0	0	0	0	0	0	0	0	0	0	0	0	0	0	0	0	0	0	0	0	0	0	0	0	0	0	588	6606	124	3482	0	240	0	394	0	0	0	0	0	0	0	0	0	0	0	0	0	0	0	0	0	0	0	0	0	0	0	0	0	0	0	0	0	0	0	0	0	0	0	0	0	0	
122472	Rectus_L	206	0	2650	458	9194	436	174	0	1158	0	286	0	956	0	1968	200	0	0	616	228	5206	3018	1502	654	4624	1614	0	3448	3690	100	5826	1804	0	0	0	0	0	0	0	0	1082	0	0	0	0	0	0	0	0	0	0	0	0	0	0	0	0	0	0	0	0	0	0	0	0	0	0	0	104	0	4490	1604	2452	690	0	0	500	298	0	0	0	0	0	0	0	0	0	0	0	0	0	0	0	0	0	0	0	0	0	0	0	0	0	0	0	0	0	0	0	0	0	0	0	0	0	0	
133324	Rectus_R	0	0	0	5100	302	8118	0	0	0	554	0	0	0	378	88	4124	0	0	232	2076	1884	5304	0	3182	366	9180	3448	0	144	2114	1390	6146	0	192	0	0	0	0	0	0	128	0	0	0	0	0	0	0	0	0	0	0	0	0	0	0	0	0	0	0	0	0	0	0	0	0	0	0	0	0	1172	5748	468	3946	0	248	0	630	0	0	0	0	0	0	0	0	0	0	0	0	0	0	0	0	0	0	0	0	0	0	0	0	0	0	0	0	0	0	0	0	0	0	0	0	0	0	
784672	Insula_L	17754	0	47620	1718	8498	0	28064	0	4678	0	18768	0	37462	268	22526	136	34604	0	22350	2616	5176	764	6018	212	980	86	3690	144	0	1236	9124	1806	604	152	0	0	11478	0	1116	0	5580	0	0	0	0	0	112	0	0	0	1168	0	292	0	4346	0	4094	0	512	0	694	0	0	0	0	0	172	0	1108	280	7780	796	29408	332	3884	102	2310	174	9444	0	14972	0	7916	0	2064	0	84	0	4714	0	198	0	0	0	0	0	0	0	152	0	0	0	0	0	0	0	0	0	0	0	0	0	0	0	0	0	
416500	Insula_R	104	4880	1590	18276	0	1870	158	9988	0	178	786	10212	580	11444	86	9386	364	20104	2656	14506	234	2808	764	3840	0	1818	100	2114	1236	0	3038	6778	0	574	0	0	0	6496	0	1028	0	1846	0	0	0	0	0	0	0	0	0	0	0	0	0	2086	0	1224	0	128	0	0	0	422	0	0	0	114	0	484	3962	7628	1676	28712	0	1190	0	3144	0	2804	0	7874	146	2928	0	1962	0	0	0	1924	0	0	0	0	0	0	0	0	0	0	0	0	0	0	0	0	0	0	0	0	0	0	0	0	0	0	
531808	Cingulum_Ant_L	704	0	27564	13478	4352	310	10494	858	204	0	4928	302	7016	1470	848	658	1848	0	13434	10732	3504	2216	34880	13878	6114	4986	5826	1390	9124	3038	0	33876	9138	6178	0	0	196	86	0	0	558	0	0	0	0	0	0	0	0	0	0	0	0	0	0	0	104	0	0	0	0	0	0	0	0	0	0	0	186	328	12250	6180	8820	1688	752	172	316	312	0	0	218	0	390	0	0	0	0	0	0	0	0	0	0	0	0	0	0	0	0	0	0	0	0	0	0	0	0	0	0	0	0	0	0	0	0	0	
645976	Cingulum_Ant_R	146	450	6436	46720	286	2724	2334	5640	0	0	1020	816	1054	6012	196	1364	374	0	11494	33124	2550	3930	21944	32590	324	10314	1804	6146	1806	6778	33876	0	8118	29514	0	140	0	118	0	0	128	98	0	0	0	0	0	0	0	0	0	0	0	0	0	0	0	202	0	0	0	0	0	0	0	0	0	110	130	1262	5430	24680	1612	7028	166	504	82	1284	0	0	0	0	130	0	0	0	0	0	0	0	0	0	0	0	0	0	0	0	0	0	0	0	0	0	0	0	0	0	0	0	0	0	0	0	0	0	
265708	Cingulum_Mid_L	478	0	12102	3042	0	0	10420	220	0	0	148	0	920	0	0	0	0	0	11656	12842	0	0	10242	3522	0	0	0	0	604	0	9138	8118	0	21576	2538	1492	0	0	0	0	0	0	1480	160	1700	0	502	130	702	0	868	0	320	0	144	0	470	1256	138	0	0	0	0	0	0	0	6356	1796	4146	2440	82	0	184	0	0	0	0	0	0	0	0	0	0	0	224	0	0	0	0	0	0	0	0	0	0	0	376	0	0	0	0	0	0	0	0	0	0	0	0	0	322	0	0	0	0	0	
594960	Cingulum_Mid_R	6540	1628	3336	25508	0	0	1446	4104	0	0	0	292	126	972	0	222	0	0	33488	51280	0	0	11120	15388	0	236	0	192	152	574	6178	29514	21576	0	2222	6262	0	0	0	0	0	0	0	982	178	392	0	430	0	0	96	0	680	0	936	348	6258	9582	0	0	226	0	0	0	0	0	3078	7666	16104	21978	106	1156	190	1420	0	0	0	890	0	0	0	0	0	0	284	0	0	0	174	406	0	0	0	0	0	0	0	0	0	0	0	0	0	0	0	0	0	0	0	0	1564	0	0	0	0	0	
113492	Cingulum_Post_L	320	0	0	0	0	0	0	0	0	0	0	0	0	0	0	0	0	0	142	172	0	0	0	0	0	0	0	0	0	0	0	0	2538	2222	0	12148	1744	3352	840	1534	0	0	1334	248	478	136	1588	116	190	0	510	0	2598	124	3248	3514	828	550	0	0	0	0	0	0	0	0	5362	3162	730	968	0	0	0	0	0	0	0	866	0	0	0	0	0	0	536	140	0	0	254	2164	148	0	0	0	0	0	850	0	174	196	0	0	0	0	0	0	0	0	0	0	722	0	0	0	0	0	
163644	Cingulum_Post_R	252	262	0	0	0	0	0	0	0	0	0	0	0	0	0	0	0	0	714	338	0	0	0	0	0	0	0	0	0	0	0	140	1492	6262	12148	0	962	4280	216	1610	0	0	280	1910	152	354	488	2388	0	0	226	132	1150	236	2368	5208	868	1362	0	166	0	204	0	0	0	214	3936	15026	690	1732	0	0	0	0	0	0	0	914	0	0	0	0	0	0	240	376	0	0	110	3386	236	0	212	0	0	0	300	158	262	346	0	0	0	0	0	0	0	0	0	0	7080	314	122	0	0	0	
220612	Hippocampus_L	5764	0	904	0	0	0	448	0	0	0	268	0	106	0	0	0	3350	0	766	94	1084	0	0	0	0	0	0	0	11478	0	196	0	0	0	1744	962	0	2030	14834	380	10392	0	188	0	0	0	1674	0	0	0	174	0	0	0	14968	0	540	0	0	0	204	0	0	0	0	0	1204	250	1580	0	206	0	6038	0	1206	0	5444	1992	2690	0	2564	0	1918	0	2346	0	622	0	9140	0	118	0	0	0	0	0	280	0	160	0	0	0	0	0	0	0	0	0	0	0	0	0	0	0	0	0	
262772	Hippocampus_R	0	1750	0	252	0	0	0	184	0	0	0	90	0	0	0	0	0	1812	0	596	0	108	0	0	0	0	0	0	0	6496	86	118	0	0	3352	4280	2030	0	1100	23120	0	11688	0	374	0	0	284	3646	0	0	0	0	0	0	1008	22004	118	954	0	316	0	0	0	582	0	0	686	3966	0	732	0	640	0	8586	0	1124	288	9802	0	896	0	2658	0	2352	0	1054	0	792	0	6522	0	114	0	0	0	130	0	2170	0	588	0	0	0	132	0	0	0	0	0	256	1550	0	0	0	0	0	
117572	ParaHippocampal_L	426	0	0	0	0	0	0	0	0	0	0	0	0	0	0	0	0	0	0	0	528	0	0	0	0	0	0	0	1116	0	0	0	0	0	840	216	14834	1100	0	280	4188	0	428	0	0	0	6000	0	0	0	0	0	176	0	12742	0	0	0	0	0	0	0	0	0	0	0	1250	92	150	0	0	0	838	0	0	0	2066	1146	0	0	160	0	1192	0	136	0	1090	0	2330	0	812	0	148	0	826	0	2178	0	1040	0	160	0	204	0	94	0	0	0	0	0	0	0	0	0	0	0	
161352	ParaHippocampal_R	0	628	0	0	0	0	0	0	0	0	0	0	0	0	0	0	0	156	0	170	0	188	0	0	0	0	0	0	0	1028	0	0	0	0	1534	1610	380	23120	280	0	0	6364	0	0	0	0	132	4560	0	0	0	0	88	0	1050	19368	0	630	0	122	0	0	0	160	0	0	0	1884	0	326	0	0	0	2990	0	974	134	2284	0	0	0	130	0	2220	0	0	0	1368	0	3236	0	282	0	0	0	274	0	1770	0	526	0	0	0	150	0	0	0	0	0	266	294	0	0	0	0	0	
89996	Amygdala_L	370	0	148	0	1078	0	0	0	140	0	0	0	0	0	1026	0	0	0	0	0	3908	254	0	0	256	0	1082	128	5580	0	558	128	0	0	0	0	10392	0	4188	0	0	0	0	0	0	0	0	0	0	0	0	0	0	0	5562	0	0	0	0	0	0	0	0	0	0	0	0	0	172	0	1430	102	1500	0	0	0	816	0	0	0	1140	0	1104	0	550	0	562	0	2824	0	0	0	0	0	0	0	0	0	0	0	0	0	0	0	0	0	0	0	0	0	0	0	0	0	0	0	
70000	Amygdala_R	0	0	0	0	0	0	0	0	0	0	0	0	0	0	0	448	0	0	0	0	156	718	0	0	0	0	0	0	0	1846	0	98	0	0	0	0	0	11688	0	6364	0	0	0	0	0	0	0	0	0	0	0	0	0	0	0	6780	0	0	0	0	0	0	0	0	0	0	0	0	0	0	146	242	104	966	0	0	0	100	0	0	0	0	0	2700	0	0	0	918	0	1726	0	0	0	0	0	0	0	0	0	0	0	0	0	0	0	0	0	0	0	0	0	0	0	0	0	0	
281568	Calcarine_L	0	0	0	0	0	0	0	0	0	0	0	0	0	0	0	0	0	0	0	0	0	0	0	0	0	0	0	0	0	0	0	0	1480	0	1334	280	188	0	428	0	0	0	0	6632	17976	3856	16106	2520	13900	752	22464	364	13854	178	5890	978	292	0	958	0	378	0	248	0	532	0	13370	366	94	0	0	0	0	0	0	0	0	0	0	0	0	0	0	0	4636	0	0	0	2166	124	258	0	0	0	0	0	7156	0	614	0	0	0	0	0	0	0	0	0	0	0	412	0	0	0	0	0	
331152	Calcarine_R	0	352	0	0	0	0	0	0	0	0	0	0	0	0	0	0	0	0	0	106	0	0	0	0	0	0	0	0	0	0	0	0	160	982	248	1910	0	374	0	0	0	0	6632	0	3472	20790	1172	27692	110	17320	0	12500	0	6208	0	11822	0	3246	0	1532	0	1056	0	382	0	2184	718	20152	196	2592	0	0	0	0	0	0	0	234	0	0	0	202	0	0	0	7892	0	0	0	8488	0	102	88	0	0	0	0	518	0	102	0	0	0	0	0	0	0	0	0	0	3826	216	0	0	0	0	
225824	Cuneus_L	0	0	0	0	0	0	0	0	0	0	0	0	0	0	0	0	0	0	0	0	0	0	0	0	0	0	0	0	0	0	0	0	1700	178	478	152	0	0	0	0	0	0	17976	3472	0	7736	4370	446	27854	2292	17168	0	4494	0	1466	0	234	0	4310	0	696	0	0	0	460	0	12612	1314	108	0	0	0	0	0	0	0	0	0	0	0	0	0	0	0	800	0	0	0	376	0	0	0	0	0	0	0	2010	0	124	0	0	0	0	0	0	0	0	0	0	0	86	0	0	0	0	0	
200156	Cuneus_R	0	0	0	0	0	0	0	0	0	0	0	0	0	0	0	0	0	0	0	0	0	0	0	0	0	0	0	0	0	0	0	0	0	392	136	354	0	0	0	0	0	0	3856	20790	7736	0	198	7514	684	26660	0	6016	0	632	0	962	0	320	100	2290	0	0	0	0	0	234	3454	12882	0	326	0	0	0	0	0	0	0	0	0	0	0	0	0	0	0	4004	0	0	0	352	0	0	0	0	0	0	0	0	0	0	0	0	0	0	0	0	0	0	0	0	186	0	0	0	0	0	
335836	Lingual_L	320	0	0	0	0	0	0	0	0	0	0	0	0	0	0	0	0	0	0	0	0	0	0	0	0	0	0	0	112	0	0	0	502	0	1588	488	1674	284	6000	132	0	0	16106	1172	4370	198	0	2368	3494	156	10522	92	13232	358	26380	1282	274	0	92	0	144	0	0	0	324	0	9438	166	122	0	0	0	0	0	0	0	290	188	136	0	0	0	0	0	1270	0	0	0	1500	150	13124	1220	1666	442	604	0	17590	782	17572	1482	308	0	300	0	0	0	0	0	0	0	3606	3274	1024	0	0	0	
443376	Lingual_R	0	326	0	0	0	0	0	0	0	0	0	0	0	0	0	0	0	0	0	0	0	0	0	0	0	0	0	0	0	0	0	0	130	430	116	2388	0	3646	0	4560	0	0	2520	27692	446	7514	2368	0	0	8454	130	5546	286	7392	1114	30920	0	1230	0	486	0	356	0	188	0	728	122	15036	0	738	0	0	0	0	0	0	0	734	0	0	0	0	0	0	0	2604	0	0	0	5042	4648	13910	2720	756	0	330	618	12438	5052	18604	164	0	0	310	0	0	0	0	0	548	13160	11142	3940	106	0	0	
249168	Occipital_Sup_L	0	0	0	0	0	0	0	0	0	0	0	0	0	0	0	0	0	0	0	0	0	0	0	0	0	0	0	0	0	0	0	0	702	0	190	0	0	0	0	0	0	0	13900	110	27854	684	3494	0	0	0	35974	0	7064	0	2360	0	1014	0	11060	0	2162	0	0	0	872	0	11984	388	98	0	0	0	0	0	0	0	0	0	0	0	0	0	0	0	3512	0	0	0	888	0	0	0	0	0	0	0	180	0	94	0	0	0	0	0	0	0	0	0	0	0	0	0	0	0	0	0	
222432	Occipital_Sup_R	0	0	0	0	0	0	0	0	0	0	0	0	0	0	0	0	0	0	0	0	0	0	0	0	0	0	0	0	0	0	0	0	0	0	0	0	0	0	0	0	0	0	752	17320	2292	26660	156	8454	0	0	0	19906	0	1728	0	3618	0	390	0	6028	0	1180	0	0	0	3300	1510	7866	0	204	0	0	0	0	0	0	0	0	0	0	0	0	0	0	0	9262	0	0	0	590	0	0	0	0	0	0	0	0	0	0	0	0	0	0	0	0	0	0	0	0	0	0	0	0	0	0	
575632	Occipital_Mid_L	842	0	0	0	0	0	0	0	0	0	0	0	0	0	0	0	800	0	0	0	0	0	0	0	0	0	0	0	1168	0	0	0	868	96	510	226	174	0	0	0	0	0	22464	0	17168	0	10522	130	35974	0	0	0	29926	0	9998	104	9696	0	20288	0	26812	0	8528	0	23442	0	22496	286	916	0	86	0	0	0	0	0	0	0	610	0	1638	0	0	0	31038	0	0	0	8514	0	192	0	0	0	0	0	1220	0	684	0	0	0	0	0	0	0	0	0	0	0	244	156	0	0	0	0	
202460	Occipital_Mid_R	0	0	0	0	0	0	0	0	0	0	0	0	0	0	0	0	0	0	0	0	0	0	0	0	0	0	0	0	0	0	0	0	0	0	0	132	0	0	0	0	0	0	364	12500	0	6016	92	5546	0	19906	0	0	0	3442	0	4834	0	740	0	7120	0	4006	0	0	0	14158	714	4420	0	492	0	0	0	0	0	0	0	0	0	0	0	0	0	0	0	15100	0	0	0	1546	0	0	0	0	0	0	0	0	0	0	0	0	0	0	0	0	0	0	0	0	102	0	0	0	0	0	
296760	Occipital_Inf_L	880	102	0	0	0	0	0	0	0	0	0	0	0	0	0	0	160	0	0	0	0	0	0	0	0	0	0	0	292	0	0	0	320	680	2598	1150	0	0	176	88	0	0	13854	0	4494	0	13232	286	7064	0	29926	0	0	0	19852	968	2884	410	2678	0	672	0	352	0	1060	0	6918	186	252	572	0	0	0	0	0	0	0	0	288	0	256	0	0	0	17462	0	0	0	9846	604	1288	0	160	0	0	0	2818	100	2202	170	0	0	0	0	0	0	0	0	0	0	604	476	0	0	0	0	
102640	Occipital_Inf_R	0	140	0	0	0	0	0	0	0	0	0	0	0	0	0	0	0	0	0	0	0	0	0	0	0	0	0	0	0	0	0	0	0	0	124	236	0	0	0	0	0	0	178	6208	0	632	358	7392	0	1728	0	3442	0	0	362	9942	0	394	0	0	0	0	0	0	0	216	0	1904	0	158	0	0	0	0	0	0	0	0	0	0	0	0	0	0	0	2386	0	0	0	4514	764	676	366	0	0	0	0	1288	1034	3048	0	0	0	0	0	0	0	0	0	0	1592	1780	458	0	0	0	
524676	Fusiform_L	1342	238	360	0	0	0	0	0	0	0	0	0	0	0	0	0	308	0	334	130	342	0	0	0	0	0	0	0	4346	0	0	0	144	936	3248	2368	14968	1008	12742	1050	5562	0	5890	0	1466	0	26380	1114	2360	0	9998	0	19852	362	0	2446	1734	730	1254	0	428	0	0	0	0	0	2908	154	246	922	0	0	1800	0	0	0	840	0	2180	0	1926	0	3216	0	8662	0	2854	0	24896	868	25566	648	3946	124	208	0	14824	984	28914	1072	1638	0	1964	0	804	0	0	0	0	0	4182	2016	324	106	106	0	
522488	Fusiform_R	182	2084	0	0	0	0	0	0	0	0	0	0	0	0	0	0	0	574	0	0	0	0	0	0	0	0	0	0	0	2086	0	0	0	348	3514	5208	0	22004	0	19368	0	6780	978	11822	0	962	1282	30920	0	3618	104	4834	968	9942	2446	0	232	3660	0	680	0	102	0	534	0	310	158	10154	0	1664	0	0	0	3244	0	342	0	1450	0	0	0	1946	0	4424	0	4332	0	3116	0	22656	1834	17186	994	1418	0	106	420	9520	2496	21652	0	128	84	2056	0	0	0	0	0	128	6738	4884	1968	502	102	0	
339784	Postcentral_L	27474	288	4868	162	0	0	1246	0	0	0	5896	0	888	0	0	0	10412	0	9056	2056	0	0	0	0	0	0	0	0	4094	0	104	0	470	6258	828	868	540	118	0	0	0	0	292	0	234	0	274	0	1014	0	9696	0	2884	0	1734	232	0	2700	11472	0	20556	0	7234	0	1114	0	5890	334	4674	4790	500	0	832	0	204	0	84	330	2398	0	4248	0	104	0	3966	0	0	0	6040	294	0	0	0	0	0	0	142	0	0	0	0	0	0	0	0	0	0	0	0	0	0	0	0	0	0	0	
275392	Postcentral_R	1618	15150	0	1972	0	0	0	306	0	0	0	1252	0	0	0	0	0	2490	788	4792	0	0	0	0	0	0	0	0	0	1224	0	202	1256	9582	550	1362	0	954	0	630	0	0	0	3246	0	320	0	1230	0	390	0	740	410	394	730	3660	2700	0	0	8528	142	5250	0	7240	0	3000	210	11492	4528	25936	0	444	0	232	0	0	0	858	0	270	0	1666	0	0	138	3898	0	0	106	4940	0	0	0	0	0	0	0	0	0	146	0	0	0	0	0	0	0	0	0	0	724	0	0	0	0	0	
212804	Parietal_Sup_L	522	0	0	0	0	0	0	0	0	0	0	0	0	0	0	0	360	0	0	0	0	0	0	0	0	0	0	0	512	0	0	0	138	0	0	0	0	0	0	0	0	0	958	0	4310	100	92	0	11060	0	20288	0	2678	0	1254	0	11472	0	0	0	18496	0	3496	0	4304	0	15408	622	606	0	114	0	0	0	0	0	0	0	180	0	264	0	0	0	2994	0	0	0	6174	0	0	0	0	0	0	0	0	0	0	0	0	0	0	0	0	0	0	0	0	0	0	0	0	0	0	0	
172004	Parietal_Sup_R	0	346	0	0	0	0	0	0	0	0	0	84	0	0	0	0	0	112	0	126	0	0	0	0	0	0	0	0	0	128	0	0	0	0	0	166	0	316	0	122	0	0	0	1532	0	2290	0	486	0	6028	0	7120	0	0	0	680	0	8528	0	0	0	16770	0	1282	0	15568	338	11548	0	1764	0	0	0	0	0	0	0	0	0	0	0	1656	0	0	0	6516	0	0	0	2318	0	0	0	0	0	0	0	0	0	0	0	0	0	0	0	0	0	0	0	0	178	0	0	0	0	0	
269564	Parietal_Inf_L	632	0	96	0	0	0	0	0	0	0	0	0	0	0	0	0	848	0	0	0	0	0	0	0	0	0	0	0	694	0	0	0	0	226	0	0	204	0	0	0	0	0	378	0	696	0	144	0	2162	0	26812	0	672	0	428	0	20556	142	18496	0	0	0	18556	0	17936	0	4822	0	226	232	0	0	120	0	0	0	0	0	312	0	2778	0	0	0	7980	0	0	0	8518	0	0	0	0	0	0	0	116	0	0	0	0	0	0	0	0	0	0	0	0	0	0	0	0	0	0	0	
126860	Parietal_Inf_R	0	656	0	0	0	0	0	0	0	0	0	0	0	0	0	0	0	0	0	0	0	0	0	0	0	0	0	0	0	0	0	0	0	0	0	204	0	0	0	0	0	0	0	1056	0	0	0	356	0	1180	0	4006	0	0	0	102	0	5250	0	16770	0	0	0	5384	0	15284	0	2108	0	724	0	0	0	0	0	0	0	0	0	0	0	1720	0	0	0	6292	0	0	0	2100	0	0	0	0	0	0	0	0	0	0	0	0	0	0	0	0	0	0	0	0	238	0	0	0	0	0	
127672	SupraMarginal_L	230	0	0	0	0	0	0	0	0	0	0	0	0	0	0	0	2040	0	232	0	0	0	0	0	0	0	0	0	0	0	0	0	0	0	0	0	0	0	0	0	0	0	248	0	0	0	0	0	0	0	8528	0	352	0	0	0	7234	0	3496	0	18556	0	0	0	6578	0	760	0	106	0	0	0	0	0	0	0	0	0	0	0	5202	0	0	0	7226	0	0	0	3048	0	0	0	0	0	0	0	0	0	0	0	0	0	0	0	0	0	0	0	0	0	0	0	0	0	0	0	
92828	SupraMarginal_R	0	1742	0	148	0	0	0	0	0	0	0	0	0	0	0	0	0	2658	0	626	0	0	0	0	0	0	0	0	0	422	0	0	0	0	0	0	0	582	0	160	0	0	0	382	0	0	0	188	0	0	0	0	0	0	0	534	0	7240	0	1282	0	5384	0	0	0	5132	0	794	0	390	0	0	0	0	0	0	0	88	0	328	0	7828	0	0	0	6284	0	0	0	4100	0	0	0	0	0	0	0	0	0	0	0	0	0	0	0	0	0	0	0	0	122	0	0	0	0	0	
144184	Angular_L	0	0	0	0	0	0	0	0	0	0	0	0	0	0	0	0	0	0	0	0	0	0	0	0	0	0	0	0	0	0	0	0	0	0	0	0	0	0	0	0	0	0	532	0	460	0	324	0	872	0	23442	0	1060	0	0	0	1114	0	4304	0	17936	0	6578	0	0	0	4208	0	0	0	0	0	0	0	0	0	0	0	0	0	1558	0	0	0	7948	0	0	0	1484	0	0	0	0	0	0	0	272	0	0	0	0	0	0	0	0	0	0	0	0	0	0	0	0	0	0	0	
182092	Angular_R	0	226	0	0	0	0	0	0	0	0	0	0	0	0	0	0	0	0	0	0	0	0	0	0	0	0	0	0	0	0	0	0	0	0	0	214	0	0	0	0	0	0	0	2184	0	234	0	728	0	3300	0	14158	0	216	0	310	0	3000	0	15568	0	15284	0	5132	0	0	0	6882	0	2088	0	0	0	0	0	0	0	0	0	0	0	2626	0	0	0	12948	0	0	0	5590	0	0	0	0	0	0	0	0	0	0	0	0	0	0	0	0	0	0	0	0	358	0	0	0	0	0	
348832	Precuneus_L	198	0	0	0	0	0	0	0	0	0	0	0	0	0	0	0	92	0	168	120	0	0	0	0	0	0	0	0	172	0	0	0	6356	3078	5362	3936	1204	686	1250	0	0	0	13370	718	12612	3454	9438	122	11984	1510	22496	714	6918	0	2908	158	5890	210	15408	338	4822	0	760	0	4208	0	0	10268	2248	702	0	0	0	0	0	0	0	618	0	0	160	0	0	0	8192	650	0	0	3052	82	186	0	0	0	0	0	6832	0	342	0	0	0	0	0	0	0	0	0	0	0	424	0	0	0	0	0	
408980	Precuneus_R	102	806	0	0	0	0	0	0	0	0	0	140	0	0	0	0	0	0	654	396	0	0	0	0	0	0	0	0	0	114	0	110	1796	7666	3162	15026	250	3966	92	1884	0	0	366	20152	1314	12882	166	15036	388	7866	286	4420	186	1904	154	10154	334	11492	622	11548	0	2108	0	794	0	6882	10268	0	558	9388	0	0	0	0	0	0	0	1280	0	0	0	492	0	0	138	10050	0	0	0	8828	224	304	298	108	0	0	118	2914	250	1006	92	0	0	180	0	0	0	0	0	356	11704	524	192	0	0	0	
262372	Paracentral_Lobule_L	27580	1116	1602	0	0	0	276	0	0	0	0	0	0	0	0	0	674	0	9528	14974	484	326	108	0	0	0	104	0	1108	0	186	130	4146	16104	730	690	1580	0	150	0	172	0	94	196	108	0	122	0	98	0	916	0	252	0	246	0	4674	4528	606	0	226	0	106	0	0	0	2248	558	0	13198	3214	350	1608	0	3098	0	11660	342	106	0	312	0	0	0	248	0	0	0	304	0	0	0	0	0	0	0	0	0	0	0	0	0	0	0	0	0	0	0	0	0	0	0	0	0	0	0	
412536	Paracentral_Lobule_R	6572	7296	148	2478	0	0	0	0	0	0	0	136	0	0	0	0	0	192	4714	43562	410	432	90	0	0	0	0	0	280	484	328	1262	2440	21978	968	1732	0	732	0	326	0	0	0	2592	0	326	0	738	0	204	0	492	572	158	922	1664	4790	25936	0	1764	232	724	0	390	0	2088	702	9388	13198	0	864	14160	692	622	0	294	240	19154	0	0	0	554	0	0	222	2548	0	0	140	2704	0	0	0	0	0	0	0	0	0	0	0	0	0	0	0	0	0	0	0	0	634	0	0	0	0	0	
348992	Caudate_L	4392	176	10104	3652	1362	132	988	124	302	0	1430	1250	1714	1470	1200	656	2182	156	15072	6140	11444	9442	2600	594	770	588	4490	1172	7780	3962	12250	5430	82	106	0	0	206	0	0	0	1430	146	0	0	0	0	0	0	0	0	86	0	0	0	0	0	500	0	114	0	0	0	0	0	0	0	0	0	3214	864	0	11990	24820	4412	5776	548	5392	1442	0	0	184	0	160	0	0	0	0	0	0	0	0	0	0	0	0	0	0	0	0	0	0	0	0	0	0	0	0	0	0	0	0	0	0	0	0	0	
467564	Caudate_R	426	2186	1070	19422	202	4476	94	1700	0	0	184	2406	222	3794	280	3222	0	346	2476	31592	6196	11546	2110	5684	0	6606	1604	5748	796	7628	6180	24680	0	1156	0	0	0	640	0	0	102	242	0	0	0	0	0	0	0	0	0	0	0	0	0	0	0	444	0	0	0	0	0	0	0	0	0	0	350	14160	11990	0	6880	19900	2352	4220	406	17934	0	0	0	130	0	0	0	0	0	0	0	0	0	0	0	0	0	0	0	0	0	0	0	0	0	0	0	0	0	0	0	0	0	0	0	0	0	0	
436464	Putamen_L	7862	0	21472	1254	4408	110	1704	0	2632	0	2616	596	3184	608	6906	772	3872	0	21666	2498	7042	6744	3266	106	788	124	2452	468	29408	1676	8820	1612	184	190	0	0	6038	0	838	0	1500	104	0	0	0	0	0	0	0	0	0	0	0	0	1800	0	832	0	0	0	120	0	0	0	0	0	0	0	1608	692	24820	6880	0	3894	11890	656	2428	1322	546	0	3610	0	2024	0	332	0	0	0	1258	0	0	0	0	0	0	0	0	0	0	0	0	0	0	0	0	0	0	0	0	0	0	0	0	0	0	0	
363544	Putamen_R	0	920	252	16746	114	2700	0	3146	0	114	0	2676	0	1934	204	5422	0	6704	1968	14914	3048	4820	542	3314	0	3482	690	3946	332	28712	1688	7028	0	1420	0	0	0	8586	0	2990	0	966	0	0	0	0	0	0	0	0	0	0	0	0	0	3244	0	232	0	0	0	0	0	0	0	0	0	0	0	622	4412	19900	3894	0	1304	7048	0	7132	0	352	0	1584	0	692	0	262	0	0	0	1630	0	0	0	0	0	0	0	86	0	0	0	0	0	0	0	0	0	0	0	0	0	0	0	0	0	0	
107120	Pallidum_L	4244	0	3538	0	180	0	276	0	126	0	342	0	302	0	338	0	1272	0	5422	112	1270	2386	196	0	0	0	0	0	3884	0	752	166	0	0	0	0	1206	0	0	0	0	0	0	0	0	0	0	0	0	0	0	0	0	0	0	0	204	0	0	0	0	0	0	0	0	0	0	0	3098	0	5776	2352	11890	1304	0	86	1446	202	184	0	846	0	160	0	0	0	0	0	0	0	0	0	0	0	0	0	0	0	0	0	0	0	0	0	0	0	0	0	0	0	0	0	0	0	0	0	
51828	Pallidum_R	0	0	0	1630	0	336	0	258	0	0	0	0	0	90	98	768	0	732	0	1132	444	522	0	382	0	240	0	248	102	1190	172	504	0	0	0	0	0	1124	0	974	0	0	0	0	0	0	0	0	0	0	0	0	0	0	0	342	0	0	0	0	0	0	0	0	0	0	0	0	0	294	548	4220	656	7048	86	0	0	1648	0	126	0	0	0	0	0	0	0	0	0	0	0	0	0	0	0	0	0	0	0	0	0	0	0	0	0	0	0	0	0	0	0	0	0	0	0	0	
118664	Thalamus_L	16744	130	538	0	362	0	164	0	0	0	0	0	0	0	238	0	446	0	150	274	1122	476	134	0	0	0	500	0	2310	0	316	82	0	0	0	0	5444	288	2066	134	816	0	0	0	0	0	290	0	0	0	0	0	0	0	840	0	84	0	0	0	0	0	0	0	0	0	0	0	11660	240	5392	406	2428	0	1446	0	0	524	806	0	750	0	0	0	802	0	0	0	930	0	0	0	0	0	0	0	0	0	0	0	0	0	0	0	0	0	0	0	0	0	0	0	0	0	0	0	
233416	Thalamus_R	220	8348	0	832	0	134	0	436	0	0	0	164	0	90	92	516	0	820	0	18392	1366	1868	0	164	0	394	298	630	174	3144	312	1284	0	890	866	914	1992	9802	1146	2284	0	100	0	234	0	0	188	734	0	0	0	0	0	0	0	1450	330	858	0	0	0	0	0	88	0	0	618	1280	342	19154	1442	17934	1322	7132	202	1648	524	0	0	404	0	1270	0	86	0	600	0	0	0	480	0	0	0	0	0	0	0	266	0	0	0	0	0	0	0	0	0	0	0	0	450	0	0	0	0	0	
91748	Heschl_L	4624	0	812	0	0	0	644	0	0	0	564	0	0	0	0	0	6470	0	686	0	0	0	0	0	0	0	0	0	9444	0	0	0	0	0	0	0	2690	0	0	0	0	0	0	0	0	0	136	0	0	0	610	0	288	0	2180	0	2398	0	180	0	312	0	0	0	0	0	0	0	106	0	0	0	546	0	184	0	806	0	0	0	6982	0	0	0	2974	0	0	0	1324	0	502	0	0	0	0	0	0	0	412	0	0	0	0	0	0	0	0	0	0	0	0	0	0	0	0	0	
28208	Heschl_R	0	104	0	0	0	0	0	0	0	0	0	0	0	0	0	0	0	2426	0	0	0	0	0	0	0	0	0	0	0	2804	0	0	0	0	0	0	0	896	0	0	0	0	0	0	0	0	0	0	0	0	0	0	0	0	0	0	0	270	0	0	0	0	0	328	0	0	0	0	0	0	0	0	0	352	0	126	0	404	0	0	0	4550	0	986	0	858	0	0	0	0	0	0	0	0	0	0	0	0	0	0	0	0	0	0	0	0	0	0	0	0	0	0	0	0	0	0	
241976	Temporal_Sup_L	3944	0	2826	0	122	0	1378	0	0	0	1054	0	468	0	448	0	14082	0	2018	122	364	0	0	0	0	0	0	0	14972	0	218	0	0	0	0	0	2564	0	160	0	1140	0	0	0	0	0	0	0	0	0	1638	0	256	0	1926	0	4248	0	264	0	2778	0	5202	0	1558	0	160	0	312	0	184	0	3610	0	846	0	750	0	6982	0	0	0	4962	0	27858	0	152	0	11422	0	0	0	0	0	0	0	0	0	0	0	0	0	0	0	0	0	0	0	0	0	0	0	0	0	0	0	
138860	Temporal_Sup_R	0	650	0	216	0	0	0	100	0	0	0	162	0	0	0	0	0	3926	0	336	0	0	0	0	0	0	0	0	0	7874	0	0	0	0	0	0	0	2658	0	130	0	0	0	202	0	0	0	0	0	0	0	0	0	0	0	1946	0	1666	0	1656	0	1720	0	7828	0	2626	0	492	0	554	0	130	0	1584	0	0	0	1270	0	4550	0	0	0	5962	0	16464	0	382	0	4346	0	0	0	0	0	0	0	0	0	0	0	0	0	0	0	0	0	0	0	0	0	0	0	0	0	0	
129508	Temporal_Pole_Sup_L	1550	0	2928	0	322	0	1582	0	276	0	3430	0	2396	0	2612	0	4868	0	1330	0	172	0	206	0	0	0	0	0	7916	146	390	130	0	0	0	0	1918	0	1192	0	1104	0	0	0	0	0	0	0	0	0	0	0	0	0	3216	0	104	0	0	0	0	0	0	0	0	0	0	0	0	0	160	0	2024	0	160	0	0	0	0	0	4962	0	0	0	9226	0	5364	0	5070	0	0	0	0	0	0	0	0	0	0	0	0	0	0	0	0	0	0	0	0	0	0	0	0	0	0	0	
75336	Temporal_Pole_Sup_R	0	0	0	432	0	0	0	0	0	0	0	424	0	0	0	0	0	918	0	500	0	0	0	0	0	0	0	0	0	2928	0	0	0	0	0	0	0	2352	0	2220	0	2700	0	0	0	0	0	0	0	0	0	0	0	0	0	4424	0	0	0	0	0	0	0	0	0	0	0	0	0	0	0	0	0	692	0	0	0	86	0	986	0	5962	0	0	0	5176	0	4478	0	3390	0	0	0	0	0	0	0	0	0	0	0	0	0	0	0	0	0	0	0	0	0	0	0	0	0	0	
400612	Temporal_Mid_L	1302	0	194	0	0	0	82	0	0	0	0	0	112	0	154	0	2082	0	104	0	138	0	0	0	0	0	0	0	2064	0	0	0	224	284	536	240	2346	0	136	0	550	0	4636	0	800	0	1270	0	3512	0	31038	0	17462	0	8662	0	3966	138	2994	0	7980	0	7226	0	7948	0	8192	138	248	222	0	0	332	0	0	0	802	0	2974	0	27858	0	9226	0	0	0	5034	0	36238	0	0	0	0	0	0	0	774	0	88	0	0	0	0	0	0	0	0	0	0	0	0	0	0	0	0	0	
307016	Temporal_Mid_R	0	642	0	0	0	0	0	0	0	0	0	0	0	0	0	0	0	340	0	0	0	0	0	0	0	0	0	0	0	1962	0	0	0	0	140	376	0	1054	0	0	0	0	0	7892	0	4004	0	2604	0	9262	0	15100	0	2386	0	4332	0	3898	0	6516	0	6292	0	6284	0	12948	650	10050	0	2548	0	0	0	262	0	0	0	600	0	858	0	16464	0	5176	0	0	0	2948	0	27110	0	0	0	0	0	0	0	0	0	0	0	0	0	0	0	0	0	0	0	0	810	0	0	0	0	0	
41328	Temporal_Pole_Mid_L	0	0	0	0	0	0	0	0	0	0	0	0	0	0	0	0	0	0	0	0	0	0	0	0	0	0	0	0	84	0	0	0	0	0	0	0	622	0	1090	0	562	0	0	0	0	0	0	0	0	0	0	0	0	0	2854	0	0	0	0	0	0	0	0	0	0	0	0	0	0	0	0	0	0	0	0	0	0	0	0	0	152	0	5364	0	5034	0	0	0	4902	0	0	0	0	0	0	0	0	0	0	0	0	0	0	0	0	0	0	0	0	0	0	0	0	0	0	0	
34624	Temporal_Pole_Mid_R	0	0	0	0	0	0	0	0	0	0	0	0	0	0	0	0	0	0	0	0	0	0	0	0	0	0	0	0	0	0	0	0	0	0	0	0	0	792	0	1368	0	918	0	0	0	0	0	0	0	0	0	0	0	0	0	3116	0	0	0	0	0	0	0	0	0	0	0	0	0	0	0	0	0	0	0	0	0	0	0	0	0	382	0	4478	0	2948	0	0	0	3310	0	0	0	0	0	0	0	0	0	0	0	0	0	0	0	0	0	0	0	0	0	0	0	0	0	0	
341436	Temporal_Inf_L	1632	0	594	0	86	0	0	0	0	0	0	0	0	0	132	0	766	0	558	0	334	0	0	0	0	0	0	0	4714	0	0	0	0	174	254	110	9140	0	2330	0	2824	0	2166	0	376	0	1500	0	888	0	8514	0	9846	0	24896	0	6040	106	6174	0	8518	0	3048	0	1484	0	3052	0	304	140	0	0	1258	0	0	0	930	0	1324	0	11422	0	5070	0	36238	0	4902	0	0	0	5324	0	838	0	0	0	690	0	1616	0	210	0	196	0	0	0	0	0	0	0	0	0	0	0	0	0	
287696	Temporal_Inf_R	156	2246	0	0	0	0	0	0	0	0	0	0	0	0	0	0	0	598	0	0	0	0	0	0	0	0	0	0	0	1924	0	0	0	406	2164	3386	0	6522	0	3236	0	1726	124	8488	0	352	150	5042	0	590	0	1546	604	4514	868	22656	294	4940	0	2318	0	2100	0	4100	0	5590	82	8828	0	2704	0	0	0	1630	0	0	0	480	0	0	0	4346	0	3390	0	27110	0	3310	0	0	0	2296	0	0	0	0	0	352	0	596	0	0	0	0	0	0	0	0	0	0	2084	0	0	0	0	0	
492604	Cerebelum_Crus1_L	82	0	0	0	0	0	0	0	0	0	0	0	0	0	0	0	0	0	0	0	0	0	0	0	0	0	0	0	198	0	0	0	0	0	148	236	118	0	812	0	0	0	258	0	0	0	13124	4648	0	0	192	0	1288	764	25566	1834	0	0	0	0	0	0	0	0	0	0	186	224	0	0	0	0	0	0	0	0	0	0	502	0	0	0	0	0	0	0	0	0	5324	0	0	5642	42270	4548	210	92	20008	4214	54152	6506	10826	684	7532	1168	486	0	0	0	166	228	9962	11928	9270	808	98	0	
439976	Cerebelum_Crus1_R	0	0	0	0	0	0	0	0	0	0	0	0	0	0	0	0	0	0	0	0	0	0	0	0	0	0	0	0	0	0	0	0	0	0	0	0	0	114	0	282	0	0	0	102	0	0	1220	13910	0	0	0	0	0	676	648	17186	0	0	0	0	0	0	0	0	0	0	0	304	0	0	0	0	0	0	0	0	0	0	0	0	0	0	0	0	0	0	0	0	0	2296	5642	0	4364	31590	0	802	1766	18768	4894	51356	600	5634	454	13224	0	124	0	0	0	584	14636	15068	12374	954	416	0	
457344	Cerebelum_Crus2_L	0	0	0	0	0	0	0	0	0	0	0	0	0	0	0	0	0	0	0	0	0	0	0	0	0	0	0	0	0	0	0	0	0	0	0	212	0	0	148	0	0	0	0	88	0	0	1666	2720	0	0	0	0	160	366	3946	994	0	0	0	0	0	0	0	0	0	0	0	298	0	0	0	0	0	0	0	0	0	0	0	0	0	0	0	0	0	0	0	0	838	0	42270	4364	0	11260	636	352	12428	3822	19496	4874	37720	2518	28208	3988	5072	204	208	0	532	908	9010	8562	15202	5026	576	0	
287436	Cerebelum_Crus2_R	0	0	0	0	0	0	0	0	0	0	0	0	0	0	0	0	0	0	0	0	0	0	0	0	0	0	0	0	0	0	0	0	0	0	0	0	0	0	0	0	0	0	0	0	0	0	442	756	0	0	0	0	0	0	124	1418	0	0	0	0	0	0	0	0	0	0	0	108	0	0	0	0	0	0	0	0	0	0	0	0	0	0	0	0	0	0	0	0	0	0	4548	31590	11260	0	0	614	1346	4858	1634	12202	5636	16184	1518	21708	0	366	0	0	0	368	4602	4624	14484	2980	348	0	
50280	Cerebelum_3_L	0	0	0	0	0	0	0	0	0	0	0	0	0	0	0	0	0	0	0	0	0	0	0	0	0	0	0	0	0	0	0	0	0	0	0	0	0	0	826	0	0	0	0	0	0	0	604	0	0	0	0	0	0	0	208	0	0	0	0	0	0	0	0	0	0	0	0	0	0	0	0	0	0	0	0	0	0	0	0	0	0	0	0	0	0	0	0	0	0	0	210	0	636	0	0	256	8108	0	386	0	746	0	2302	154	2062	184	0	0	1844	2798	2304	0	0	590	644	278	
64000	Cerebelum_3_R	0	0	0	0	0	0	0	0	0	0	0	0	0	0	0	0	0	0	0	0	0	0	0	0	0	0	0	0	0	0	0	0	0	0	0	0	0	130	0	274	0	0	0	0	0	0	0	330	0	0	0	0	0	0	0	106	0	0	0	0	0	0	0	0	0	0	0	0	0	0	0	0	0	0	0	0	0	0	0	0	0	0	0	0	0	0	0	0	0	0	92	802	352	614	256	0	1042	4366	116	1018	738	442	1810	4744	84	992	0	0	456	5536	2132	282	266	3480	1540	0	
423672	Cerebelum_4_5_L	0	0	0	0	0	0	0	0	0	0	0	0	0	0	0	0	0	0	0	0	0	0	0	0	0	0	0	0	0	0	0	0	376	0	850	300	280	0	2178	0	0	0	7156	0	2010	0	17590	618	180	0	1220	0	2818	0	14824	420	142	0	0	0	116	0	0	0	272	0	6832	118	0	0	0	0	0	0	0	0	0	0	0	0	0	0	0	0	774	0	0	0	690	0	20008	1766	12428	1346	8108	1042	0	4406	27030	1994	10374	234	14750	3528	5946	398	0	0	3032	4590	16842	4680	3378	4222	1640	330	
344512	Cerebelum_4_5_R	0	0	0	0	0	0	0	0	0	0	0	0	0	0	0	0	0	0	0	0	0	0	0	0	0	0	0	0	0	0	0	0	0	0	0	158	0	2170	0	1770	0	0	0	518	0	0	782	12438	0	0	0	0	100	1288	984	9520	0	0	0	0	0	0	0	0	0	0	0	2914	0	0	0	0	0	86	0	0	0	266	0	0	0	0	0	0	0	0	0	0	0	352	4214	18768	3822	4858	0	4366	4406	0	4982	26240	2314	1026	3132	10266	0	580	0	0	166	3164	22608	10268	7226	5638	866	0	
449500	Cerebelum_6_L	0	0	0	0	0	0	0	0	0	0	0	0	0	0	0	0	0	0	0	0	0	0	0	0	0	0	0	0	152	0	0	0	0	0	174	262	160	0	1040	0	0	0	614	0	124	0	17572	5052	94	0	684	0	2202	1034	28914	2496	0	0	0	0	0	0	0	0	0	0	342	250	0	0	0	0	0	0	0	0	0	0	412	0	0	0	0	0	88	0	0	0	1616	0	54152	4894	19496	1634	386	116	27030	4982	0	5906	5406	0	6012	276	1714	0	0	0	202	274	12648	12182	3290	612	256	0	
449128	Cerebelum_6_R	0	120	0	0	0	0	0	0	0	0	0	0	0	0	0	0	0	0	0	0	0	0	0	0	0	0	0	0	0	0	0	0	0	0	196	346	0	588	0	526	0	0	0	102	0	0	1482	18604	0	0	0	0	170	3048	1072	21652	0	146	0	0	0	0	0	0	0	0	0	1006	0	0	0	0	0	0	0	0	0	0	0	0	0	0	0	0	0	0	0	0	0	596	6506	51356	4874	12202	0	1018	1994	26240	5906	0	770	874	730	9320	0	990	0	0	0	1198	18668	17980	12274	1572	438	0	
315352	Cerebelum_7b_L	0	0	0	0	0	0	0	0	0	0	0	0	0	0	0	0	0	0	0	0	0	0	0	0	0	0	0	0	0	0	0	0	0	0	0	0	0	0	160	0	0	0	0	0	0	0	308	164	0	0	0	0	0	0	1638	0	0	0	0	0	0	0	0	0	0	0	0	92	0	0	0	0	0	0	0	0	0	0	0	0	0	0	0	0	0	0	0	0	210	0	10826	600	37720	5636	746	738	10374	2314	5406	770	0	1970	37440	5426	6392	586	426	0	898	1684	5766	1896	8132	7846	1394	118	
116004	Cerebelum_7b_R	0	0	0	0	0	0	0	0	0	0	0	0	0	0	0	0	0	0	0	0	0	0	0	0	0	0	0	0	0	0	0	0	0	0	0	0	0	0	0	0	0	0	0	0	0	0	0	0	0	0	0	0	0	0	0	128	0	0	0	0	0	0	0	0	0	0	0	0	0	0	0	0	0	0	0	0	0	0	0	0	0	0	0	0	0	0	0	0	0	0	684	5634	2518	16184	0	442	234	1026	0	874	1970	0	776	19488	0	2976	0	214	0	206	434	0	1560	2504	150	0	
361176	Cerebelum_8_L	0	0	0	0	0	0	0	0	0	0	0	0	0	0	0	0	0	0	0	0	0	0	0	0	0	0	0	0	0	0	0	0	0	0	0	0	0	0	204	0	0	0	0	0	0	0	300	0	0	0	0	0	0	0	1964	84	0	0	0	0	0	0	0	0	0	0	0	0	0	0	0	0	0	0	0	0	0	0	0	0	0	0	0	0	0	0	0	0	196	0	7532	454	28208	1518	2302	1810	14750	3132	6012	730	37440	776	0	6868	21092	2662	1818	0	1760	3044	8714	1936	3678	13242	6852	1510	
303540	Cerebelum_8_R	0	0	0	0	0	0	0	0	0	0	0	0	0	0	0	0	0	0	0	0	0	0	0	0	0	0	0	0	0	0	0	0	0	0	0	0	0	132	0	150	0	0	0	0	0	0	0	310	0	0	0	0	0	0	0	2056	0	0	0	0	0	0	0	0	0	0	0	180	0	0	0	0	0	0	0	0	0	0	0	0	0	0	0	0	0	0	0	0	0	0	1168	13224	3988	21708	154	4744	3528	10266	276	9320	5426	19488	6868	0	258	15784	0	2368	378	3188	6642	1176	4042	11628	3140	180	
116308	Cerebelum_9_L	0	0	0	0	0	0	0	0	0	0	0	0	0	0	0	0	0	0	0	0	0	0	0	0	0	0	0	0	0	0	0	0	0	0	0	0	0	0	94	0	0	0	0	0	0	0	0	0	0	0	0	0	0	0	804	0	0	0	0	0	0	0	0	0	0	0	0	0	0	0	0	0	0	0	0	0	0	0	0	0	0	0	0	0	0	0	0	0	0	0	486	0	5072	0	2062	84	5946	0	1714	0	6392	0	21092	258	0	952	2978	0	286	472	1752	0	0	2172	4034	1504	
80852	Cerebelum_9_R	0	0	0	0	0	0	0	0	0	0	0	0	0	0	0	0	0	0	0	0	0	0	0	0	0	0	0	0	0	0	0	0	0	0	0	0	0	0	0	0	0	0	0	0	0	0	0	0	0	0	0	0	0	0	0	0	0	0	0	0	0	0	0	0	0	0	0	0	0	0	0	0	0	0	0	0	0	0	0	0	0	0	0	0	0	0	0	0	0	0	0	124	204	366	184	992	398	580	0	990	586	2976	2662	15784	952	0	0	2470	482	658	646	0	0	3076	4578	1718	
10860	Cerebelum_10_L	0	0	0	0	0	0	0	0	0	0	0	0	0	0	0	0	0	0	0	0	0	0	0	0	0	0	0	0	0	0	0	0	0	0	0	0	0	0	0	0	0	0	0	0	0	0	0	0	0	0	0	0	0	0	0	0	0	0	0	0	0	0	0	0	0	0	0	0	0	0	0	0	0	0	0	0	0	0	0	0	0	0	0	0	0	0	0	0	0	0	0	0	208	0	0	0	0	0	0	0	426	0	1818	0	2978	0	0	0	0	0	0	0	0	0	0	0	
10384	Cerebelum_10_R	0	0	0	0	0	0	0	0	0	0	0	0	0	0	0	0	0	0	0	0	0	0	0	0	0	0	0	0	0	0	0	0	0	0	0	0	0	0	0	0	0	0	0	0	0	0	0	0	0	0	0	0	0	0	0	0	0	0	0	0	0	0	0	0	0	0	0	0	0	0	0	0	0	0	0	0	0	0	0	0	0	0	0	0	0	0	0	0	0	0	0	0	0	0	0	0	0	0	0	0	0	214	0	2368	0	2470	0	0	0	0	0	0	0	0	140	0	
44992	Vermis_1_2	0	0	0	0	0	0	0	0	0	0	0	0	0	0	0	0	0	0	0	0	0	0	0	0	0	0	0	0	0	0	0	0	0	0	0	0	0	0	0	0	0	0	0	0	0	0	0	0	0	0	0	0	0	0	0	0	0	0	0	0	0	0	0	0	0	0	0	0	0	0	0	0	0	0	0	0	0	0	0	0	0	0	0	0	0	0	0	0	0	0	166	0	532	0	1844	456	3032	166	202	0	898	0	1760	378	286	482	0	0	0	5060	3806	306	192	1538	1026	366	
95472	Vermis_3	0	0	0	0	0	0	0	0	0	0	0	0	0	0	0	0	0	0	0	0	0	0	0	0	0	0	0	0	0	0	0	0	0	0	0	0	0	256	0	266	0	0	0	0	0	0	0	548	0	0	0	0	0	0	0	128	0	0	0	0	0	0	0	0	0	0	0	356	0	0	0	0	0	0	0	0	0	0	0	0	0	0	0	0	0	0	0	0	0	0	228	584	908	368	2798	5536	4590	3164	274	1198	1684	206	3044	3188	472	658	0	0	5060	0	6346	412	376	3284	1620	184	
