data	data	599628	581280	1.01448e+06	956412	261392	218660	583100	355264	146256	67024	356556	385928	426856	343776	288172	224084	260860	130472	555644	772944	155388	169864	509156	592580	72096	144036	104748	120552	951820	576260	690488	739384	267308	609204	179752	188080	484536	508800	184056	386068	134912	117104	174500	289552	147528	292020	251628	353988	269476	321776	574512	235904	187676	111996	687212	768896	434252	359464	322180	144228	346900	135012	136736	86540	235584	167572	395440	436768	220532	305704	515572	740460	639788	560720	100632	105204	130612	176700	92740	32484	246472	141712	185692	123116	360628	201584	54280	45468	355908	185752	709376	604412	608416	597392	80924	159304	567280	503668	637904	548760	251528	331524	451092	482424	204056	169232	20048	12112	84180	188156	385904	223796	322792	320068	160256	64732	
data	data	Precentral_L	Precentral_R	Frontal_Sup_L	Frontal_Sup_R	Frontal_Sup_Orb_L	Frontal_Sup_Orb_R	Frontal_Mid_L	Frontal_Mid_R	Frontal_Mid_Orb_L	Frontal_Mid_Orb_R	Frontal_Inf_Oper_L	Frontal_Inf_Oper_R	Frontal_Inf_Tri_L	Frontal_Inf_Tri_R	Frontal_Inf_Orb_L	Frontal_Inf_Orb_R	Rolandic_Oper_L	Rolandic_Oper_R	Supp_Motor_Area_L	Supp_Motor_Area_R	Olfactory_L	Olfactory_R	Frontal_Sup_Medial_L	Frontal_Sup_Medial_R	Frontal_Med_Orb_L	Frontal_Med_Orb_R	Rectus_L	Rectus_R	Insula_L	Insula_R	Cingulum_Ant_L	Cingulum_Ant_R	Cingulum_Mid_L	Cingulum_Mid_R	Cingulum_Post_L	Cingulum_Post_R	Hippocampus_L	Hippocampus_R	ParaHippocampal_L	ParaHippocampal_R	Amygdala_L	Amygdala_R	Calcarine_L	Calcarine_R	Cuneus_L	Cuneus_R	Lingual_L	Lingual_R	Occipital_Sup_L	Occipital_Sup_R	Occipital_Mid_L	Occipital_Mid_R	Occipital_Inf_L	Occipital_Inf_R	Fusiform_L	Fusiform_R	Postcentral_L	Postcentral_R	Parietal_Sup_L	Parietal_Sup_R	Parietal_Inf_L	Parietal_Inf_R	SupraMarginal_L	SupraMarginal_R	Angular_L	Angular_R	Precuneus_L	Precuneus_R	Paracentral_Lobule_L	Paracentral_Lobule_R	Caudate_L	Caudate_R	Putamen_L	Putamen_R	Pallidum_L	Pallidum_R	Thalamus_L	Thalamus_R	Heschl_L	Heschl_R	Temporal_Sup_L	Temporal_Sup_R	Temporal_Pole_Sup_L	Temporal_Pole_Sup_R	Temporal_Mid_L	Temporal_Mid_R	Temporal_Pole_Mid_L	Temporal_Pole_Mid_R	Temporal_Inf_L	Temporal_Inf_R	Cerebelum_Crus1_L	Cerebelum_Crus1_R	Cerebelum_Crus2_L	Cerebelum_Crus2_R	Cerebelum_3_L	Cerebelum_3_R	Cerebelum_4_5_L	Cerebelum_4_5_R	Cerebelum_6_L	Cerebelum_6_R	Cerebelum_7b_L	Cerebelum_7b_R	Cerebelum_8_L	Cerebelum_8_R	Cerebelum_9_L	Cerebelum_9_R	Cerebelum_10_L	Cerebelum_10_R	Vermis_1_2	Vermis_3	Vermis_4_5	Vermis_6	Vermis_7	Vermis_8	Vermis_9	Vermis_10	
599628	Precentral_L	0	3820	30878	2030	972	0	24426	804	430	0	21060	972	7926	440	1408	116	6394	0	2062	10858	0	0	854	812	0	0	136	0	19526	1048	2712	1740	102	4408	144	116	15020	1870	2738	88	460	0	0	612	0	220	370	496	364	0	3314	0	932	0	5140	1786	31430	772	2122	0	4642	0	1668	0	1440	0	1274	790	19010	3888	4896	3476	17322	996	2244	220	12980	1282	2210	0	1990	0	514	0	1182	0	0	0	2738	0	184	0	0	0	0	102	472	0	268	0	0	0	0	0	0	0	0	0	0	98	0	0	0	0	0	0	
581280	Precentral_R	3820	0	4836	25146	300	0	1214	20984	86	0	496	28178	564	3116	438	294	1484	2706	4196	9486	0	0	642	556	0	0	0	0	1744	5728	990	916	1522	2148	440	624	1410	8728	154	4314	0	88	0	2224	0	2250	0	1964	0	2072	420	1378	294	1374	1386	6854	3606	38358	238	1248	514	2552	170	2224	190	2140	310	3730	3862	18540	7378	11086	3438	7552	470	1066	1244	17360	194	556	108	944	0	130	0	1492	0	0	234	1354	0	88	0	0	0	0	124	386	82	108	0	0	0	0	0	0	0	0	0	0	0	0	0	0	0	0	
1.01448e+06	Frontal_Sup_L	30878	4836	0	18418	17054	146	81358	5148	1414	0	17594	6030	23694	1584	5234	298	7556	0	47558	26214	0	0	45426	18196	982	260	374	0	34318	764	29216	13126	4914	13018	230	82	4532	440	698	102	302	0	0	258	164	214	0	244	208	0	344	0	0	0	1410	412	2580	486	234	0	302	0	126	0	112	0	336	370	1338	148	6718	5584	7706	1532	948	376	7912	260	834	0	1862	0	634	0	156	0	0	0	1206	0	0	0	0	0	0	0	126	0	106	0	0	0	0	0	0	0	0	0	0	0	0	0	0	0	0	0	
956412	Frontal_Sup_R	2030	25146	18418	0	704	10938	5344	34824	88	992	724	11034	1756	11454	1058	4754	506	698	24076	47828	136	220	19092	54844	406	4504	180	1234	2780	11760	17328	44762	5880	29100	0	0	218	2624	0	1740	0	122	0	252	0	222	0	486	0	0	432	0	0	0	106	1364	1416	1302	360	0	1072	120	482	0	330	0	288	288	438	276	5532	29346	1646	14558	232	2124	346	13864	94	92	0	222	0	558	0	112	0	0	128	0	0	0	0	0	0	0	0	598	0	0	0	0	0	92	0	126	0	0	0	0	0	0	0	0	0	0	
261392	Frontal_Sup_Orb_L	972	300	17054	704	0	140	7638	200	16838	0	888	472	7020	148	13476	250	520	0	1238	378	2420	544	3834	928	5204	364	7698	374	12532	210	5878	740	0	148	0	0	852	0	0	0	958	0	0	0	0	0	0	0	0	0	0	0	0	0	214	0	88	0	0	0	0	0	0	0	0	0	0	0	434	0	2912	698	11812	102	2094	0	162	84	160	0	0	0	768	0	0	0	0	0	248	0	0	0	0	0	0	0	0	0	0	0	0	0	0	0	0	0	0	0	0	0	0	0	0	0	0	0	
218660	Frontal_Sup_Orb_R	0	0	146	10938	140	0	0	4128	0	7312	0	410	0	4098	410	10850	0	0	0	1360	2066	4154	138	5338	362	10678	814	10886	390	6648	1044	6234	0	0	0	0	0	324	0	96	0	410	0	0	0	0	0	0	0	0	0	0	0	0	0	0	0	0	0	0	0	0	0	0	0	0	0	0	0	0	1920	7398	1104	7360	352	1120	0	144	0	0	0	0	0	558	0	0	0	0	0	0	0	0	0	0	0	0	0	0	0	0	0	0	0	0	0	0	0	0	0	0	0	0	0	0	0	0	
583100	Frontal_Mid_L	24426	1214	81358	5344	7638	0	0	1496	4256	0	21062	1784	33530	1184	3418	162	5244	0	9836	4704	0	0	8012	4650	332	0	96	0	22702	586	8768	3374	468	2004	0	0	2824	254	292	84	0	0	0	136	0	110	0	126	116	0	1530	0	100	0	1702	228	3942	98	1280	0	1384	0	182	0	282	0	616	148	436	0	3590	3218	5344	1006	832	292	110	142	748	0	844	0	224	0	146	0	0	0	1536	0	0	0	0	0	0	0	0	0	0	0	0	0	0	0	0	0	0	0	0	0	0	0	0	0	0	0	
355264	Frontal_Mid_R	804	20984	5148	34824	200	4128	1496	0	0	3456	376	21620	580	20092	324	3962	442	0	5244	5182	0	0	2164	6870	0	88	0	0	1326	2540	2994	6168	558	5276	0	0	728	670	0	332	0	0	0	0	0	0	0	0	0	0	0	0	0	0	544	354	398	674	0	0	0	0	0	0	0	0	0	0	92	0	4738	5348	1680	2736	110	548	1142	386	0	0	0	0	0	0	0	0	0	0	126	0	0	0	0	0	0	0	98	82	0	0	0	0	0	0	0	0	0	0	0	0	0	0	0	0	0	0	
146256	Frontal_Mid_Orb_L	430	86	1414	88	16838	0	4256	0	0	0	0	172	4974	174	18864	86	0	0	0	0	560	146	108	0	432	0	4770	90	4912	108	710	176	0	0	0	0	478	0	0	0	738	0	0	0	0	0	0	0	0	0	0	0	0	0	0	0	0	0	0	0	0	0	0	0	0	0	0	0	266	0	1736	602	6708	0	1364	0	0	0	0	0	210	0	1632	0	0	0	0	0	0	0	0	0	0	0	0	0	0	0	0	0	0	0	0	0	0	0	0	0	0	0	0	0	0	0	0	0	
67024	Frontal_Mid_Orb_R	0	0	0	992	0	7312	0	3456	0	0	0	0	0	4468	0	11132	0	0	0	0	250	488	0	0	0	316	0	766	0	2568	0	0	0	0	0	0	0	0	0	0	0	0	0	0	0	0	0	0	0	0	0	0	0	0	0	0	0	0	0	0	0	0	0	0	0	0	0	0	0	0	202	362	106	774	0	320	0	0	0	0	0	0	0	0	0	0	0	0	0	0	0	0	0	0	0	0	0	0	0	0	0	0	0	0	0	0	0	0	0	0	0	0	0	0	0	0	
356556	Frontal_Inf_Oper_L	21060	496	17594	724	888	0	21062	376	0	0	0	782	23520	612	766	0	14830	0	1674	634	0	0	1368	738	0	0	0	0	29026	484	1854	760	0	164	0	0	3780	302	100	108	0	0	0	198	0	0	0	132	0	0	292	0	0	0	2946	246	6888	86	194	0	326	0	290	0	142	0	82	198	604	0	2164	1376	7060	402	514	120	0	0	1878	0	3688	0	1560	0	284	0	0	0	2906	0	0	0	0	0	0	0	0	0	0	0	0	0	0	0	0	0	0	0	0	0	0	0	0	0	0	0	
385928	Frontal_Inf_Oper_R	972	28178	6030	11034	472	410	1784	21620	172	0	782	0	1576	15934	802	1232	356	3376	4248	5142	0	0	1252	1636	102	96	0	0	1788	15244	2510	2566	98	2294	0	0	220	4494	0	2882	0	0	0	1776	0	1282	0	1690	0	98	0	0	0	0	160	3728	138	6738	0	86	0	272	0	0	0	98	0	1806	280	224	7194	13536	1944	6924	0	880	1304	504	0	590	0	988	0	798	0	116	0	0	88	140	0	0	0	0	0	0	0	280	0	0	0	0	0	0	0	0	0	0	0	0	0	0	0	0	0	0	
426856	Frontal_Inf_Tri_L	7926	564	23694	1756	7020	0	33530	580	4974	0	23520	1576	0	1662	16044	160	3538	0	1726	920	0	0	3374	1570	258	98	152	0	33728	1372	8402	1730	0	232	0	0	2858	284	86	170	0	0	0	110	0	0	0	92	0	0	0	0	0	0	2660	218	2424	90	0	0	0	0	0	0	0	0	0	110	608	0	5400	3944	6758	832	180	336	0	318	208	0	1338	0	1760	0	124	0	0	0	2088	0	0	0	0	0	0	0	196	0	130	0	0	0	0	0	0	0	0	0	0	0	0	0	0	0	0	0	
343776	Frontal_Inf_Tri_R	440	3116	1584	11454	148	4098	1184	20092	174	4468	612	15934	1662	0	466	19416	176	252	2138	4800	0	92	832	4900	0	328	0	0	1766	19140	3412	8478	232	2994	0	0	0	1082	0	684	0	198	0	278	0	170	0	282	0	0	0	0	0	0	0	820	0	674	0	0	0	0	0	0	0	0	0	282	0	0	4840	18386	1280	4628	0	752	472	2064	0	0	0	0	0	290	0	0	0	0	104	0	0	0	0	0	0	0	0	214	0	0	0	0	0	0	0	0	0	0	0	0	0	0	0	0	0	0	
288172	Frontal_Inf_Orb_L	1408	438	5234	1058	13476	410	3418	324	18864	0	766	802	16044	466	0	468	0	0	608	632	4468	1776	496	484	296	378	2974	598	23098	570	2082	972	0	184	0	0	3092	0	722	0	4188	0	0	0	0	0	0	0	0	0	0	0	0	0	566	0	98	0	0	0	0	0	0	0	0	0	0	0	480	0	6978	2644	12394	464	1554	0	276	394	0	0	524	0	6444	0	0	0	358	0	0	0	0	0	0	0	0	0	118	0	0	0	0	0	0	0	0	0	0	0	0	0	0	0	0	0	0	0	
224084	Frontal_Inf_Orb_R	116	294	298	4754	250	10850	162	3962	86	11132	0	1232	160	19416	468	0	0	0	368	2380	1416	4482	114	906	0	812	84	3410	360	17486	504	1262	0	376	0	0	0	268	0	122	0	840	0	0	0	0	0	0	0	0	0	0	0	0	0	0	0	0	0	0	0	0	0	0	0	0	0	0	0	0	1758	9374	748	4500	124	634	110	2050	0	0	0	906	0	2884	0	584	0	0	0	0	0	0	0	0	0	0	0	0	0	0	0	0	0	0	0	0	0	0	0	0	0	0	0	0	0	0	
260860	Rolandic_Oper_L	6394	1484	7556	506	520	0	5244	442	0	0	14830	356	3538	176	0	0	0	0	1166	1484	0	0	662	294	0	0	0	0	27910	188	726	256	0	218	0	0	3528	104	0	0	0	0	0	400	0	114	288	226	0	0	366	0	760	0	3770	144	8526	236	0	0	620	0	4102	0	504	0	108	412	344	0	1764	1120	3174	88	102	0	0	0	6822	0	11762	0	1580	0	2394	0	0	0	2700	0	142	0	0	0	0	0	130	0	150	0	0	0	0	0	0	0	0	0	0	0	0	0	0	0	0	0	
130472	Rolandic_Oper_R	0	2706	0	698	0	0	0	0	0	0	0	3376	0	252	0	0	0	0	158	2234	0	0	0	0	0	0	0	0	0	16794	84	178	0	90	0	0	0	2910	0	2218	0	0	0	238	0	92	0	286	0	106	0	114	0	252	0	4070	0	4002	0	108	0	268	0	2502	0	272	0	246	0	0	262	3104	0	4398	0	1120	112	112	0	3046	0	4986	0	1984	0	1144	0	0	0	416	0	0	0	0	0	0	0	210	0	88	0	0	0	0	0	0	0	0	0	0	0	0	0	0	0	0	
555644	Supp_Motor_Area_L	2062	4196	47558	24076	1238	0	9836	5244	0	0	1674	4248	1726	2138	608	368	1166	158	0	48784	0	0	15674	11586	256	0	0	0	5344	1038	8998	9700	9866	34546	710	658	312	436	0	170	0	0	0	224	580	170	0	156	614	510	376	136	0	0	274	442	442	1640	132	216	0	0	0	0	0	0	636	828	6424	2708	1884	2022	966	812	318	160	276	0	162	0	208	0	0	0	0	0	0	0	132	0	0	0	0	0	0	0	0	0	0	0	0	0	0	0	0	0	0	0	0	0	0	0	0	0	0	0	
772944	Supp_Motor_Area_R	10858	9486	26214	47828	378	1360	4704	5182	0	0	634	5142	920	4800	632	2380	1484	2234	48784	0	0	0	6106	15680	108	526	0	160	2354	7676	7628	16860	8264	52290	384	1092	796	2472	96	1266	0	0	0	344	0	450	0	268	138	92	768	0	0	0	364	1734	4828	1094	498	0	922	0	456	0	582	0	1000	2022	11718	19386	6190	18736	2212	7324	800	632	1324	4378	172	0	178	0	0	312	0	0	0	0	252	0	0	0	0	0	0	0	0	424	0	0	0	0	0	0	0	96	0	0	0	0	0	0	0	0	0	0	
155388	Olfactory_L	0	0	0	136	2420	2066	0	0	560	250	0	0	0	0	4468	1416	0	0	0	0	0	11080	0	0	972	1904	3526	3204	4346	1346	4304	2584	0	0	0	0	458	0	362	0	1836	122	0	0	0	0	0	0	0	0	0	0	0	0	204	0	0	0	0	0	0	0	0	0	0	0	0	0	0	0	11500	5390	8020	2114	1626	214	0	0	0	0	0	0	700	184	0	0	382	0	0	0	0	0	0	0	0	0	0	0	0	0	0	0	0	0	0	0	0	0	0	0	0	0	0	0	0	0	
169864	Olfactory_R	0	0	0	220	544	4154	0	0	146	488	0	0	0	92	1776	4482	0	0	0	0	11080	0	0	0	608	3382	2242	6490	1646	5212	3770	4268	0	0	0	0	282	340	0	386	836	1660	0	0	0	0	0	0	0	0	0	0	0	0	0	0	0	0	0	0	0	0	0	0	0	0	0	0	0	0	10048	8508	6770	2652	1864	256	0	0	0	0	0	0	0	644	0	0	0	86	0	0	0	0	0	0	0	0	0	0	0	0	0	0	0	0	0	0	0	0	0	0	0	0	0	0	0	0	
509156	Frontal_Sup_Medial_L	854	642	45426	19092	3834	138	8012	2164	108	0	1368	1252	3374	832	496	114	662	0	15674	6106	0	0	0	33196	2556	1032	362	0	6476	474	41438	21146	11192	14222	0	0	316	90	0	0	0	0	0	0	0	0	0	0	0	0	0	0	0	0	140	0	100	106	0	0	0	0	0	0	0	0	0	0	262	0	3382	2410	3316	530	268	114	126	418	166	0	164	0	206	0	0	0	0	0	222	0	0	0	0	0	0	0	0	0	0	0	0	0	0	0	0	0	0	0	0	0	0	0	0	0	0	0	
592580	Frontal_Sup_Medial_R	812	556	18196	54844	928	5338	4650	6870	0	0	738	1636	1570	4900	484	906	294	0	11586	15680	0	0	33196	0	1448	4844	82	788	2536	4740	25994	41068	3668	13380	0	0	162	600	0	380	0	0	0	0	0	0	0	0	0	0	0	0	0	0	0	248	114	0	0	0	0	0	0	0	0	0	0	0	254	0	3464	16606	1804	8214	102	1546	186	458	0	0	0	0	108	0	0	0	0	0	108	0	0	0	0	0	0	0	0	204	0	0	0	0	0	0	0	0	0	0	0	0	0	0	0	0	0	0	
72096	Frontal_Med_Orb_L	0	0	982	406	5204	362	332	0	432	0	0	102	258	0	296	0	0	0	256	108	972	608	2556	1448	0	2836	4638	508	786	110	7656	1848	0	0	0	0	0	0	0	0	0	0	0	0	0	0	0	0	0	0	0	0	0	0	0	0	0	0	0	0	0	0	0	0	0	0	0	0	0	0	910	772	1070	302	198	92	0	0	0	0	0	0	0	0	0	0	0	0	0	0	0	0	0	0	0	0	0	0	0	0	0	0	0	0	0	0	0	0	0	0	0	0	0	0	0	0	
144036	Frontal_Med_Orb_R	0	0	260	4504	364	10678	0	88	0	316	0	96	98	328	378	812	0	0	0	526	1904	3382	1032	4844	2836	0	2410	9400	662	996	5016	9212	0	0	0	0	0	116	0	0	0	0	0	0	0	0	0	0	0	0	0	0	0	0	0	0	0	0	0	0	0	0	0	0	0	0	0	0	0	0	1506	3994	1082	4148	166	762	0	0	0	0	0	0	0	102	0	0	0	0	0	0	0	0	0	0	0	0	0	0	0	0	0	0	0	0	0	0	0	0	0	0	0	0	0	0	0	0	
104748	Rectus_L	136	0	374	180	7698	814	96	0	4770	0	0	0	152	0	2974	84	0	0	0	0	3526	2242	362	82	4638	2410	0	2520	2316	108	4782	1484	0	0	0	0	268	0	0	0	606	0	0	0	0	0	0	0	0	0	0	0	0	0	0	0	0	0	0	0	0	0	0	0	0	0	0	0	0	0	4080	670	4130	158	300	0	134	0	0	0	0	0	280	0	0	0	0	0	0	0	0	0	0	0	0	0	0	0	0	0	0	0	0	0	0	0	0	0	0	0	0	0	0	0	0	0	
120552	Rectus_R	0	0	0	1234	374	10886	0	0	90	766	0	0	0	0	598	3410	0	0	0	160	3204	6490	0	788	508	9400	2520	0	564	2694	804	3376	0	0	0	0	0	212	0	0	160	426	0	0	0	0	0	0	0	0	0	0	0	0	0	0	0	0	0	0	0	0	0	0	0	0	0	0	0	0	2580	4286	1522	2292	358	162	0	0	0	0	0	0	0	412	0	0	0	0	0	0	0	0	0	0	0	0	0	0	0	0	0	0	0	0	0	0	0	0	0	0	0	0	0	0	0	0	
951820	Insula_L	19526	1744	34318	2780	12532	390	22702	1326	4912	0	29026	1788	33728	1766	23098	360	27910	0	5344	2354	4346	1646	6476	2536	786	662	2316	564	0	1670	13858	3472	96	760	0	0	29932	676	5260	198	9568	0	0	260	0	114	802	176	0	0	590	0	1404	0	21850	582	6432	206	0	0	680	0	668	0	620	0	244	272	3218	170	11286	4652	37758	1190	1144	436	366	98	11636	0	11944	0	14062	0	6796	0	1074	0	14506	0	690	0	716	380	0	0	4046	0	1260	0	140	376	808	390	626	0	0	0	0	0	0	0	384	432	0	0	
576260	Insula_R	1048	5728	764	11760	210	6648	586	2540	108	2568	484	15244	1372	19140	570	17486	188	16794	1038	7676	1346	5212	474	4740	110	996	108	2694	1670	0	2832	6894	0	1394	0	0	108	17390	0	10592	0	4642	0	382	0	188	0	558	0	136	0	132	0	280	0	14726	516	1922	0	170	0	358	0	540	0	384	0	412	362	290	4984	20480	1474	28890	334	3562	328	696	0	3296	0	8524	0	7648	0	4988	0	390	0	3286	0	442	0	0	0	0	0	3058	0	634	0	0	0	226	0	298	0	0	0	0	82	0	0	0	0	0	
690488	Cingulum_Ant_L	2712	990	29216	17328	5878	1044	8768	2994	710	0	1854	2510	8402	3412	2082	504	726	84	8998	7628	4304	3770	41438	25994	7656	5016	4782	804	13858	2832	0	43328	15096	11466	646	154	1024	428	0	222	760	0	0	0	0	0	0	0	0	0	0	0	0	0	454	258	218	160	0	0	0	0	0	0	0	0	206	112	1018	0	14744	15006	12624	5558	1266	1338	348	840	98	0	266	0	324	96	0	0	0	0	768	0	0	0	0	0	0	0	0	124	0	0	0	0	0	0	0	0	0	0	0	0	0	0	0	0	0	0	
739384	Cingulum_Ant_R	1740	916	13126	44762	740	6234	3374	6168	176	0	760	2566	1730	8478	972	1262	256	178	9700	16860	2584	4268	21146	41068	1848	9212	1484	3376	3472	6894	43328	0	13420	27522	0	120	420	814	0	500	390	0	0	0	0	0	0	0	0	0	0	0	0	0	154	336	162	88	0	0	0	0	0	0	0	0	0	94	518	0	7866	32512	4252	16548	344	3368	244	346	0	0	92	0	84	122	0	0	0	0	334	0	0	0	0	0	0	0	0	278	0	0	0	0	0	0	0	86	0	0	0	0	0	0	0	0	0	0	
267308	Cingulum_Mid_L	102	1522	4914	5880	0	0	468	558	0	0	0	98	0	232	0	0	0	0	9866	8264	0	0	11192	3668	0	0	0	0	96	0	15096	13420	0	26860	3968	1462	0	254	0	0	0	0	384	122	2536	124	82	86	2640	868	2158	238	208	0	158	350	258	2020	710	490	0	0	0	0	0	0	5202	1202	3274	2196	0	230	0	0	0	0	0	0	0	0	0	0	0	0	198	0	0	0	0	0	0	0	0	0	0	0	0	0	0	0	0	0	0	0	0	0	0	0	0	0	0	0	0	0	0	0	
609204	Cingulum_Mid_R	4408	2148	13018	29100	148	0	2004	5276	0	0	164	2294	232	2994	184	376	218	90	34546	52290	0	0	14222	13380	0	0	0	0	760	1394	11466	27522	26860	0	1810	5294	324	368	0	236	0	0	0	1112	168	1446	0	590	118	630	202	404	0	168	154	462	704	4402	0	0	0	0	0	0	98	0	2458	7406	9614	14332	1266	2350	666	1020	436	174	312	226	0	0	0	0	0	0	0	0	0	0	92	0	0	0	0	0	0	0	0	90	0	0	0	0	0	0	0	0	0	0	0	0	376	0	0	0	0	0	
179752	Cingulum_Post_L	144	440	230	0	0	0	0	0	0	0	0	0	0	0	0	0	0	0	710	384	0	0	0	0	0	0	0	0	0	0	646	0	3968	1810	0	17852	2588	1278	164	0	0	0	1042	1000	2646	1162	1286	1172	2634	3300	3926	1210	4912	1392	5668	4690	954	1534	928	642	0	0	0	0	0	0	6764	5980	814	1674	86	0	0	0	0	0	138	344	0	0	102	0	0	0	1710	144	0	0	242	546	0	0	0	0	0	0	0	0	0	82	0	0	0	0	0	0	0	0	0	0	938	0	0	0	0	0	
188080	Cingulum_Post_R	116	624	82	0	0	0	0	0	0	0	0	0	0	0	0	0	0	0	658	1092	0	0	0	0	0	0	0	0	0	0	154	120	1462	5294	17852	0	2270	1196	82	96	0	0	90	1750	366	2196	784	1976	352	5356	2718	2120	3712	1794	4830	4948	1030	2322	660	832	0	0	0	0	0	0	3122	12578	1056	2996	0	0	0	0	0	0	116	510	0	0	0	0	0	0	866	214	0	0	90	776	0	0	0	0	0	0	0	216	0	92	0	0	0	0	0	0	0	0	0	0	2474	0	0	0	0	0	
484536	Hippocampus_L	15020	1410	4532	218	852	0	2824	728	478	0	3780	220	2858	0	3092	0	3528	0	312	796	458	282	316	162	0	0	268	0	29932	108	1024	420	0	324	2588	2270	0	3166	18802	226	12870	0	374	158	0	0	2090	394	0	0	230	0	252	112	30446	2698	3536	372	0	0	172	0	0	0	134	0	864	1260	1618	484	2928	946	26466	234	2028	0	4086	750	3424	0	4178	0	6768	0	1910	0	612	0	11906	0	852	0	1244	576	0	154	6636	0	2188	0	194	570	1308	584	936	0	0	0	0	132	270	0	580	662	88	0	
508800	Hippocampus_R	1870	8728	440	2624	0	324	254	670	0	0	302	4494	284	1082	0	268	104	2910	436	2472	0	340	90	600	0	116	0	212	676	17390	428	814	254	368	1278	1196	3166	0	678	45324	0	15954	0	0	0	0	112	3938	0	0	382	0	116	0	480	48404	2068	2062	222	0	0	174	0	0	0	186	282	1172	2024	1804	748	2010	464	26170	0	3910	232	2550	0	870	0	1486	0	4712	0	1314	0	1488	0	2406	166	2620	160	810	0	330	188	12438	160	3362	0	190	130	1462	166	2076	0	0	166	306	608	0	0	360	552	218	
184056	ParaHippocampal_L	2738	154	698	0	0	0	292	0	0	0	100	0	86	0	722	0	0	0	0	96	362	0	0	0	0	0	0	0	5260	0	0	0	0	0	164	82	18802	678	0	0	6648	0	132	0	0	0	2328	0	0	0	0	0	0	0	13612	724	556	0	0	0	0	0	0	0	0	0	190	0	256	0	246	84	4336	0	1246	0	640	0	0	0	338	0	4760	0	256	0	1824	0	1056	0	1964	0	1854	656	308	146	7168	0	4102	0	308	650	1806	664	1200	0	0	0	98	160	0	0	654	740	84	0	
386068	ParaHippocampal_R	88	4314	102	1740	0	96	84	332	0	0	108	2882	170	684	0	122	0	2218	170	1266	0	386	0	380	0	0	0	0	198	10592	222	500	0	236	0	96	226	45324	0	0	0	10828	0	0	0	0	0	4558	0	0	0	0	0	0	0	36644	0	1238	0	0	0	118	0	0	0	110	0	692	182	458	250	1298	0	19746	0	2492	84	1408	0	600	0	1120	0	3810	0	498	0	2722	0	1126	196	2694	196	1040	0	770	236	13922	190	3406	0	262	150	1916	188	2738	0	0	216	366	614	0	0	460	694	262	
134912	Amygdala_L	460	0	302	0	958	0	0	0	738	0	0	0	0	0	4188	0	0	0	0	0	1836	836	0	0	0	0	606	160	9568	0	760	390	0	0	0	0	12870	0	6648	0	0	0	0	0	0	0	0	0	0	0	0	0	0	0	6000	0	0	0	0	0	0	0	0	0	0	0	0	0	0	0	1324	696	3694	386	92	0	406	0	0	0	102	0	5884	0	516	0	846	0	1188	0	0	0	396	354	0	0	2024	0	186	0	88	348	742	358	732	0	0	0	0	0	0	0	352	422	0	0	
117104	Amygdala_R	0	88	0	122	0	410	0	0	0	0	0	0	0	198	0	840	0	0	0	0	122	1660	0	0	0	0	0	426	0	4642	0	0	0	0	0	0	0	15954	0	10828	0	0	0	0	0	0	0	0	0	0	0	0	0	0	0	7296	0	0	0	0	0	0	0	0	0	0	0	0	0	0	0	482	0	3422	0	0	0	138	0	0	0	0	0	5652	0	540	0	1950	0	466	0	0	0	0	0	126	0	1354	0	0	0	0	88	226	156	840	0	0	0	0	0	0	0	136	300	90	
174500	Calcarine_L	0	0	0	0	0	0	0	0	0	0	0	0	0	0	0	0	0	0	0	0	0	0	0	0	0	0	0	0	0	0	0	0	384	0	1042	90	374	0	132	0	0	0	0	3048	10264	1566	10974	1148	9590	1116	17278	156	4692	0	5482	436	858	0	1802	0	602	0	0	0	116	0	13344	196	0	0	0	0	0	0	0	0	0	0	0	0	466	0	0	0	1508	0	0	0	0	0	94	0	0	0	0	0	276	0	134	0	0	0	0	0	0	0	0	0	0	0	82	0	0	0	0	0	
289552	Calcarine_R	612	2224	258	252	0	0	136	0	0	0	198	1776	110	278	0	0	400	238	224	344	0	0	0	0	0	0	0	0	260	382	0	0	122	1112	1000	1750	158	0	0	0	0	0	3048	0	1364	23108	0	22466	0	18216	148	10940	222	3676	654	12174	712	3104	0	1130	0	564	0	690	0	1272	284	23022	222	2278	410	186	208	90	0	0	0	236	90	0	82	0	0	0	0	1402	0	0	0	334	0	0	0	0	0	0	0	194	0	0	0	0	0	0	0	0	0	0	0	0	416	0	0	0	0	0	
147528	Cuneus_L	0	0	164	0	0	0	0	0	0	0	0	0	0	0	0	0	0	0	580	0	0	0	0	0	0	0	0	0	0	0	0	0	2536	168	2646	366	0	0	0	0	0	0	10264	1364	0	1588	2376	82	17608	594	10774	0	1444	0	2032	0	322	0	3324	114	282	0	0	0	200	0	12984	594	258	84	0	0	0	0	0	0	0	0	0	0	92	0	0	0	924	0	0	0	0	0	0	0	0	0	0	0	0	0	0	0	0	0	0	0	0	0	0	0	0	0	0	0	0	0	0	0	
292020	Cuneus_R	220	2250	214	222	0	0	110	0	0	0	0	1282	0	170	0	0	114	92	170	450	0	0	0	0	0	0	0	0	114	188	0	0	124	1446	1162	2196	0	0	0	0	0	0	1566	23108	1588	0	0	8334	0	30256	296	15164	258	4334	292	4408	470	3880	108	3482	0	440	0	474	0	668	2780	26954	262	4166	174	98	0	0	0	0	0	194	0	0	0	0	0	0	100	1080	0	0	0	356	0	0	0	0	0	0	0	0	0	0	0	0	0	0	0	0	0	0	0	0	196	0	0	0	0	0	
251628	Lingual_L	370	0	0	0	0	0	0	0	0	0	0	0	0	0	0	0	288	0	0	0	0	0	0	0	0	0	0	0	802	0	0	0	82	0	1286	784	2090	112	2328	0	0	0	10974	0	2376	0	0	1332	3394	0	8474	0	5158	138	21652	822	168	0	402	0	0	0	0	0	0	0	7546	0	94	0	0	0	390	0	0	0	500	0	0	0	238	0	0	0	418	0	0	0	314	0	11618	1254	764	556	0	0	9230	344	18314	1774	0	0	0	0	0	0	0	0	0	0	3534	5202	692	0	0	0	
353988	Lingual_R	496	1964	244	486	0	0	126	0	0	0	132	1690	92	282	0	0	226	286	156	268	0	0	0	0	0	0	0	0	176	558	0	0	86	590	1172	1976	394	3938	0	4558	0	0	1148	22466	82	8334	1332	0	0	5374	134	4798	292	2966	1434	24626	502	2202	0	202	0	450	0	598	0	448	150	17564	190	978	328	214	234	968	0	0	0	954	0	0	0	0	0	0	0	190	0	0	0	306	1700	10552	772	1442	0	1118	1306	10374	2348	14780	0	0	0	94	0	0	0	0	0	822	6600	4984	742	0	0	0	
269476	Occipital_Sup_L	364	0	208	0	0	0	116	0	0	0	0	0	0	0	0	0	0	0	614	138	0	0	0	0	0	0	0	0	0	0	0	0	2640	118	2634	352	0	0	0	0	0	0	9590	0	17608	0	3394	0	0	184	34352	0	1718	0	1252	0	2684	0	19078	0	3930	0	528	0	3402	0	22654	90	260	132	0	0	0	0	0	0	0	0	0	0	280	0	0	0	5316	0	0	0	1102	0	0	0	0	0	0	0	0	0	0	0	0	0	0	0	0	0	0	0	0	0	0	0	0	0	0	0	
321776	Occipital_Sup_R	0	2072	0	0	0	0	0	0	0	0	0	98	0	0	0	0	0	106	510	92	0	0	0	0	0	0	0	0	0	136	0	0	868	630	3300	5356	0	0	0	0	0	0	1116	18216	594	30256	0	5374	184	0	816	24176	596	5966	310	2578	632	5972	172	6618	0	2576	0	754	0	6174	1142	20462	992	6308	0	0	0	0	0	0	0	0	0	0	0	82	0	0	352	3142	0	0	0	1892	0	0	0	0	0	0	0	0	0	0	0	0	0	0	0	0	0	0	0	0	268	0	0	0	0	0	
574512	Occipital_Mid_L	3314	420	344	432	0	0	1530	0	0	0	292	0	0	0	0	0	366	0	376	768	0	0	0	0	0	0	0	0	590	0	0	0	2158	202	3926	2718	230	382	0	0	0	0	17278	148	10774	296	8474	134	34352	816	0	320	17240	362	5556	876	22618	322	37440	104	28748	0	1766	0	20936	0	32290	1156	316	606	0	120	0	0	0	0	180	174	92	0	2076	0	0	0	19674	0	0	0	3400	186	0	0	0	0	0	0	0	0	234	0	0	0	0	0	0	0	0	0	0	0	144	0	0	0	0	0	
235904	Occipital_Mid_R	0	1378	0	0	0	0	0	0	0	0	0	0	0	0	0	0	0	114	136	0	0	0	0	0	0	0	0	0	0	132	0	0	238	404	1210	2120	0	0	0	0	0	0	156	10940	0	15164	0	4798	0	24176	320	0	364	8136	248	3918	420	2496	104	2306	0	2808	0	352	0	11830	902	12024	392	2402	0	0	0	0	0	0	0	0	0	0	0	188	0	0	166	6666	0	0	0	800	0	0	0	0	0	0	0	0	0	0	0	0	0	0	0	0	0	0	0	0	144	0	0	0	0	0	
187676	Occipital_Inf_L	932	294	0	0	0	0	100	0	0	0	0	0	0	0	0	0	760	0	0	0	0	0	0	0	0	0	0	0	1404	0	0	0	208	0	4912	3712	252	116	0	0	0	0	4692	222	1444	258	5158	292	1718	596	17240	364	0	620	17776	1544	1740	384	848	0	1056	0	160	0	954	0	3076	1262	132	244	0	0	0	0	0	0	138	0	190	0	974	0	0	0	8126	0	0	0	5612	160	1262	118	0	0	0	0	192	0	1662	130	0	0	0	0	0	0	0	0	0	0	338	466	0	0	0	0	
111996	Occipital_Inf_R	0	1374	0	0	0	0	0	0	0	0	0	0	0	0	0	0	0	252	0	0	0	0	0	0	0	0	0	0	0	280	0	0	0	168	1392	1794	112	0	0	0	0	0	0	3676	0	4334	138	2966	0	5966	362	8136	620	0	786	7960	312	1672	128	346	0	252	0	0	0	506	314	4664	96	1356	0	0	0	0	0	0	0	0	0	0	0	0	0	0	0	1400	0	0	0	3956	0	126	0	0	0	0	0	112	0	238	0	0	0	0	0	0	0	0	0	0	204	0	0	0	0	0	
687212	Fusiform_L	5140	1386	1410	106	214	0	1702	544	0	0	2946	160	2660	0	566	0	3770	0	274	364	204	0	140	0	0	0	0	0	21850	0	454	154	158	154	5668	4830	30446	480	13612	0	6000	0	5482	654	2032	292	21652	1434	1252	310	5556	248	17776	786	0	3716	2804	694	612	0	920	0	164	0	918	0	5828	810	1180	334	1332	442	14612	0	308	0	474	0	2274	0	6474	0	5854	0	8610	0	2690	0	25596	142	25434	600	3294	720	0	0	18500	166	33300	972	344	546	1794	562	950	0	0	0	0	0	2448	3050	676	596	0	0	
768896	Fusiform_R	1786	6854	412	1364	0	0	228	354	0	0	246	3728	218	820	0	0	144	4070	442	1734	0	0	0	248	0	0	0	0	582	14726	258	336	350	462	4690	4948	2698	48404	724	36644	0	7296	436	12174	0	4408	822	24626	0	2578	876	3918	1544	7960	3716	0	2224	4772	278	796	0	1370	0	2578	0	2114	276	11524	2274	1968	426	1082	444	18486	0	1570	90	598	0	1124	0	7696	0	5826	96	6822	0	3782	0	22656	362	19332	284	2154	0	2022	328	19936	406	22116	0	230	0	1624	0	1080	0	0	180	1440	2352	1200	0	284	256	166	
434252	Postcentral_L	31430	3606	2580	1416	88	0	3942	398	0	0	6888	138	2424	0	98	0	8526	0	442	4828	0	0	100	114	0	0	0	0	6432	516	218	162	258	704	954	1030	3536	2068	556	0	0	0	858	712	322	470	168	502	2684	632	22618	420	1740	312	2804	2224	0	1754	21480	0	23876	0	12940	0	6812	0	10354	1114	1868	1014	884	1222	2134	108	378	0	1012	822	1112	0	4432	0	0	0	2030	0	0	0	1570	186	106	0	0	0	0	0	0	0	0	0	0	0	0	0	0	0	0	0	0	0	0	0	0	0	0	0	
359464	Postcentral_R	772	38358	486	1302	0	0	98	674	0	0	86	6738	90	674	0	0	236	4002	1640	1094	0	0	106	0	0	0	0	0	206	1922	160	88	2020	4402	1534	2322	372	2062	0	1238	0	0	0	3104	0	3880	0	2202	0	5972	322	2496	384	1672	694	4772	1754	0	0	6990	0	6470	0	11068	0	4352	254	9706	4352	22586	1492	2582	726	2264	96	230	198	1572	0	402	0	652	0	0	104	1750	0	0	0	1602	0	0	0	0	0	0	0	152	0	0	0	0	0	0	0	0	0	0	0	0	198	0	0	0	0	0	
322180	Parietal_Sup_L	2122	238	234	360	0	0	1280	0	0	0	194	0	0	0	0	0	0	0	132	498	0	0	0	0	0	0	0	0	0	0	0	0	710	0	928	660	0	222	0	0	0	0	1802	0	3324	108	402	0	19078	172	37440	104	848	128	612	278	21480	0	0	0	22350	0	1916	0	8296	0	28660	230	98	180	0	90	0	0	0	0	0	96	0	0	284	0	0	0	4524	0	0	0	1012	0	0	0	0	0	0	0	0	0	0	0	0	0	0	0	0	0	0	0	0	0	0	0	0	0	0	0	
144228	Parietal_Sup_R	0	1248	0	0	0	0	0	0	0	0	0	86	0	0	0	0	0	108	216	0	0	0	0	0	0	0	0	0	0	170	0	0	490	0	642	832	0	0	0	0	0	0	0	1130	114	3482	0	202	0	6618	104	2306	0	346	0	796	0	6990	0	0	0	12250	0	1264	0	11784	188	8596	226	5256	0	0	0	0	0	0	0	0	0	0	0	576	0	0	0	3626	0	0	0	2468	0	0	0	0	0	0	0	0	0	0	0	0	0	0	0	0	0	0	0	0	0	0	0	0	0	0	
346900	Parietal_Inf_L	4642	514	302	1072	0	0	1384	0	0	0	326	0	0	0	0	0	620	0	0	922	0	0	0	0	0	0	0	0	680	0	0	0	0	0	0	0	172	0	0	0	0	0	602	0	282	0	0	0	3930	0	28748	0	1056	0	920	0	23876	0	22350	0	0	0	17694	0	36110	0	8774	0	118	0	0	308	124	0	0	0	0	322	222	0	1360	0	0	0	9816	0	0	0	6204	0	0	0	0	0	0	0	0	0	0	0	0	0	0	0	0	0	0	0	0	0	0	0	0	0	0	0	
135012	Parietal_Inf_R	0	2552	0	120	0	0	0	0	0	0	0	272	0	0	0	0	0	268	0	0	0	0	0	0	0	0	0	0	0	358	0	0	0	0	0	0	0	174	0	118	0	0	0	564	0	440	0	450	0	2576	0	2808	0	252	0	1370	0	6470	0	12250	0	0	0	7740	0	18930	0	910	0	880	0	0	0	0	0	0	0	202	0	0	0	792	0	0	0	4260	0	0	0	2750	0	0	0	0	0	0	0	0	0	0	0	0	0	0	0	0	0	0	0	0	0	0	0	0	0	0	
136736	SupraMarginal_L	1668	170	126	482	0	0	182	0	0	0	290	0	0	0	0	0	4102	0	0	456	0	0	0	0	0	0	0	0	668	0	0	0	0	0	0	0	0	0	0	0	0	0	0	0	0	0	0	0	528	0	1766	0	160	0	164	0	12940	0	1916	0	17694	0	0	0	8932	0	852	0	0	0	0	180	96	0	0	0	0	184	308	0	6982	0	0	0	4488	0	0	0	3034	0	0	0	0	0	0	0	0	0	0	0	0	0	0	0	0	0	0	0	0	0	0	0	0	0	0	0	
86540	SupraMarginal_R	0	2224	0	0	0	0	0	0	0	0	0	0	0	0	0	0	0	2502	0	0	0	0	0	0	0	0	0	0	0	540	0	0	0	0	0	0	0	0	0	0	0	0	0	690	0	474	0	598	0	754	0	352	0	0	0	2578	0	11068	0	1264	0	7740	0	0	0	5780	0	902	0	258	0	0	0	0	0	0	0	228	0	0	0	3344	0	0	0	584	0	0	0	1390	0	0	0	0	0	0	0	0	0	0	0	0	0	0	0	0	0	0	0	0	0	0	0	0	0	0	
235584	Angular_L	1440	190	112	330	0	0	282	0	0	0	142	0	0	0	0	0	504	0	0	582	0	0	0	0	0	0	0	0	620	0	0	0	0	98	0	0	134	0	0	0	0	0	116	0	200	0	0	0	3402	0	20936	0	954	0	918	0	6812	0	8296	0	36110	0	8932	0	0	0	4476	0	118	132	0	0	110	0	0	0	0	100	246	0	2040	0	0	0	12918	0	0	0	6542	0	0	0	0	0	0	0	0	0	0	0	0	0	0	0	0	0	0	0	0	0	0	0	0	0	0	0	
167572	Angular_R	0	2140	0	0	0	0	0	0	0	0	0	98	0	0	0	0	0	272	0	0	0	0	0	0	0	0	0	0	0	384	0	0	0	0	0	0	0	186	0	110	0	0	0	1272	0	668	0	448	0	6174	0	11830	0	506	0	2114	0	4352	0	11784	0	18930	0	5780	0	0	0	1212	0	784	0	0	0	0	0	0	0	144	0	0	0	2768	0	0	0	8698	0	0	0	3132	0	0	0	0	0	0	0	0	0	0	0	0	0	0	0	0	0	0	0	0	0	0	0	0	0	0	
395440	Precuneus_L	1274	310	336	288	0	0	616	0	0	0	82	0	0	0	0	0	108	0	636	1000	0	0	0	0	0	0	0	0	244	0	206	0	5202	2458	6764	3122	864	282	190	0	0	0	13344	284	12984	2780	7546	150	22654	1142	32290	902	3076	314	5828	276	10354	254	28660	188	8774	0	852	0	4476	0	0	6592	1258	698	0	0	0	0	0	0	94	256	0	0	518	0	0	0	4910	142	0	0	986	0	178	0	0	0	0	0	328	0	166	0	0	0	0	0	0	0	0	0	0	0	484	0	0	0	0	0	
436768	Precuneus_R	790	3730	370	288	0	0	148	0	0	0	198	1806	110	282	0	0	412	246	828	2022	0	0	0	0	0	0	0	0	272	412	112	94	1202	7406	5980	12578	1260	1172	0	692	0	0	196	23022	594	26954	0	17564	90	20462	1156	12024	1262	4664	810	11524	1114	9706	230	8596	0	910	0	902	0	1212	6592	0	1046	11996	430	222	212	216	0	0	0	1096	92	0	100	0	0	0	326	1312	0	0	0	840	0	784	0	0	0	0	0	2440	0	930	0	0	0	0	0	0	0	0	0	0	4348	0	0	0	0	0	
220532	Paracentral_Lobule_L	19010	3862	1338	438	434	0	436	92	266	0	604	280	608	0	480	0	344	0	6424	11718	0	0	262	254	0	0	0	0	3218	362	1018	518	3274	9614	814	1056	1618	2024	256	182	0	0	0	222	258	262	94	190	260	992	316	392	132	96	1180	2274	1868	4352	98	226	118	0	0	0	118	0	1258	1046	0	11578	1206	780	5756	496	112	114	2288	228	0	0	194	0	140	0	84	0	0	0	230	0	0	0	0	0	0	0	364	0	140	0	0	0	0	0	0	0	0	0	0	0	0	0	0	0	0	0	
305704	Paracentral_Lobule_R	3888	18540	148	276	0	0	0	0	0	0	0	224	0	0	0	0	0	0	2708	19386	0	0	0	0	0	0	0	0	170	290	0	0	2196	14332	1674	2996	484	1804	0	458	0	0	0	2278	84	4166	0	978	132	6308	606	2402	244	1356	334	1968	1014	22586	180	5256	0	880	0	258	132	784	698	11996	11578	0	496	592	0	0	0	0	646	4042	0	0	0	0	0	0	98	374	0	0	0	490	0	0	0	0	0	0	0	0	0	0	0	0	0	0	0	0	0	0	0	0	322	0	0	0	0	0	
515572	Caudate_L	4896	7378	6718	5532	2912	1920	3590	4738	1736	202	2164	7194	5400	4840	6978	1758	1764	262	1884	6190	11500	10048	3382	3464	910	1506	4080	2580	11286	4984	14744	7866	0	1266	86	0	2928	748	246	250	1324	0	0	410	0	174	0	328	0	0	0	0	0	0	1332	426	884	1492	0	0	0	0	0	0	0	0	0	430	1206	496	0	27538	29206	4398	7496	802	15218	3436	194	0	0	0	230	184	0	0	0	0	400	0	0	0	0	0	0	0	152	0	100	0	0	0	0	0	0	0	0	0	0	0	0	0	0	0	0	0	
740460	Caudate_R	3476	11086	5584	29346	698	7398	3218	5348	602	362	1376	13536	3944	18386	2644	9374	1120	3104	2022	18736	5390	8508	2410	16606	772	3994	670	4286	4652	20480	15006	32512	230	2350	0	0	946	2010	84	1298	696	482	0	186	0	98	0	214	0	0	120	0	0	0	442	1082	1222	2582	90	0	308	0	180	0	0	0	0	222	780	592	27538	0	11020	26362	1826	6554	3798	17674	90	108	0	138	0	1048	0	106	0	0	268	0	0	0	0	0	0	0	0	614	0	0	0	0	0	92	0	134	0	0	0	0	0	0	0	0	0	0	
639788	Putamen_L	17322	3438	7706	1646	11812	1104	5344	1680	6708	106	7060	1944	6758	1280	12394	748	3174	0	966	2212	8020	6770	3316	1804	1070	1082	4130	1522	37758	1474	12624	4252	0	666	0	0	26466	464	4336	0	3694	0	0	208	0	0	390	234	0	0	0	0	0	0	14612	444	2134	726	0	0	124	0	96	0	110	0	0	212	5756	0	29206	11020	0	2604	13704	456	1670	936	780	0	2766	0	2430	118	1294	0	104	0	9698	0	732	0	516	0	0	146	2334	0	1148	0	0	0	172	0	0	0	0	0	0	164	0	0	0	0	0	0	
560720	Putamen_R	996	7552	1532	14558	102	7360	1006	2736	0	774	402	6924	832	4628	464	4500	88	4398	812	7324	2114	2652	530	8214	302	4148	158	2292	1190	28890	5558	16548	0	1020	0	0	234	26170	0	19746	386	3422	0	90	0	0	0	968	0	0	0	0	0	0	0	18486	108	2264	0	0	0	0	0	0	0	0	0	216	496	0	4398	26362	2604	0	474	12618	154	544	0	292	0	966	0	2770	0	648	0	0	0	576	126	1564	126	392	0	122	132	7880	128	2010	0	0	0	538	0	738	0	0	126	212	222	0	0	170	158	120	
100632	Pallidum_L	2244	470	948	232	2094	352	832	110	1364	0	514	0	180	0	1554	124	102	0	318	800	1626	1864	268	102	198	166	300	358	1144	334	1266	344	0	436	0	0	2028	0	1246	0	92	0	0	0	0	0	0	0	0	0	0	0	0	0	308	0	378	96	0	0	0	0	0	0	0	0	0	0	112	0	7496	1826	13704	474	0	0	1644	156	0	0	0	0	112	0	0	0	0	0	0	0	0	0	0	0	0	0	0	0	0	0	0	0	0	0	0	0	0	0	0	0	0	0	0	0	0	0	
105204	Pallidum_R	220	1066	376	2124	0	1120	292	548	0	320	120	880	336	752	0	634	0	1120	160	632	214	256	114	1546	92	762	0	162	436	3562	1338	3368	0	174	0	0	0	3910	0	2492	0	0	0	0	0	0	0	0	0	0	0	0	0	0	0	1570	0	230	0	0	0	0	0	0	0	0	0	0	114	0	802	6554	456	12618	0	0	0	0	0	0	0	0	0	182	0	0	0	0	0	0	0	86	0	0	0	0	0	668	0	106	0	0	0	0	0	90	0	0	0	0	0	0	0	0	0	0	
130612	Thalamus_L	12980	1244	7912	346	162	0	110	1142	0	0	0	1304	0	472	276	110	0	112	276	1324	0	0	126	186	0	0	134	0	366	328	348	244	0	312	138	116	4086	232	640	84	406	0	0	0	0	0	500	0	0	0	180	0	138	0	474	90	1012	198	0	0	0	0	0	0	0	0	94	0	2288	646	15218	3798	1670	154	1644	0	0	1686	0	0	0	0	0	0	0	0	0	0	0	0	0	0	0	0	0	0	0	0	0	0	0	0	0	0	0	0	0	0	0	0	0	0	0	0	0	0	
176700	Thalamus_R	1282	17360	260	13864	84	144	142	386	0	0	0	504	318	2064	394	2050	0	112	0	4378	0	0	418	458	0	0	0	0	98	696	840	346	0	226	344	510	750	2550	0	1408	0	138	0	236	0	194	0	954	0	0	174	0	0	0	0	598	822	1572	96	0	322	202	184	228	100	144	256	1096	228	4042	3436	17674	936	544	156	0	1686	0	0	0	0	0	0	0	0	0	0	0	0	0	0	0	0	0	0	0	0	162	0	0	0	0	0	0	0	0	0	0	0	0	184	0	0	0	0	0	
92740	Heschl_L	2210	194	834	94	160	0	748	0	0	0	1878	0	208	0	0	0	6822	0	162	172	0	0	166	0	0	0	0	0	11636	0	98	0	0	0	0	0	3424	0	0	0	0	0	0	90	0	0	0	0	0	0	92	0	190	0	2274	0	1112	0	0	0	222	0	308	0	246	0	0	92	0	0	194	90	780	0	0	0	0	0	0	0	3970	0	0	0	4578	0	0	0	3326	0	0	0	0	0	0	0	0	0	0	0	0	0	0	0	0	0	0	0	0	0	0	0	0	0	0	0	
32484	Heschl_R	0	556	0	92	0	0	0	0	0	0	0	590	0	0	0	0	0	3046	0	0	0	0	0	0	0	0	0	0	0	3296	0	0	0	0	0	0	0	870	0	600	0	0	0	0	0	0	0	0	0	0	0	0	0	0	0	1124	0	402	0	0	0	0	0	0	0	0	0	0	0	0	0	108	0	292	0	0	0	0	0	0	0	3890	0	358	0	712	0	0	0	306	0	0	0	0	0	0	0	0	0	0	0	0	0	0	0	0	0	0	0	0	0	0	0	0	0	0	
246472	Temporal_Sup_L	1990	108	1862	0	0	0	844	0	210	0	3688	0	1338	0	524	0	11762	0	208	178	0	0	164	0	0	0	0	0	11944	0	266	92	0	0	102	0	4178	0	338	0	102	0	466	82	92	0	238	0	280	0	2076	0	974	0	6474	0	4432	0	284	0	1360	0	6982	0	2040	0	518	100	194	0	0	0	2766	0	0	0	0	0	3970	0	0	0	7134	0	27004	0	272	0	12638	0	742	0	404	0	0	0	830	0	880	0	0	0	106	0	0	0	0	0	0	0	0	0	0	0	0	0	
141712	Temporal_Sup_R	0	944	0	222	0	0	0	0	0	0	0	988	0	0	0	906	0	4986	0	0	0	0	0	0	0	0	0	0	0	8524	0	0	0	0	0	0	0	1486	0	1120	0	0	0	0	0	0	0	0	0	82	0	188	0	0	0	7696	0	652	0	576	0	792	0	3344	0	2768	0	0	0	0	0	138	0	966	0	0	0	0	0	3890	0	0	0	6070	0	17662	0	524	0	5900	0	98	0	0	0	0	0	214	0	120	0	0	0	0	0	0	0	0	0	0	0	0	0	0	0	0	
185692	Temporal_Pole_Sup_L	514	0	634	0	768	0	224	0	1632	0	1560	0	1760	0	6444	0	1580	0	0	0	700	0	206	108	0	0	280	0	14062	0	324	84	0	0	0	0	6768	0	4760	0	5884	0	0	0	0	0	0	0	0	0	0	0	0	0	5854	0	0	0	0	0	0	0	0	0	0	0	0	0	140	0	230	0	2430	0	112	0	0	0	0	0	7134	0	0	0	8830	0	8120	0	6176	0	0	0	380	332	0	0	1864	0	232	0	86	326	656	334	606	0	0	0	0	0	0	0	330	382	0	0	
123116	Temporal_Pole_Sup_R	0	130	0	558	0	558	0	0	0	0	0	798	0	290	0	2884	0	1984	0	312	184	644	0	0	0	102	0	412	0	7648	96	122	0	0	0	0	0	4712	0	3810	0	5652	0	0	0	0	0	0	0	0	0	0	0	0	0	5826	0	0	0	0	0	0	0	0	0	0	0	0	0	0	184	1048	118	2770	0	182	0	0	0	358	0	6070	0	0	0	5752	0	5246	0	2828	0	0	0	0	0	0	0	280	0	0	0	0	0	0	0	0	0	0	0	0	0	0	0	0	0	0	
360628	Temporal_Mid_L	1182	0	156	0	0	0	146	0	0	0	284	0	124	0	0	0	2394	0	0	0	0	0	0	0	0	0	0	0	6796	0	0	0	198	0	1710	866	1910	0	256	0	516	0	1508	0	924	100	418	0	5316	352	19674	166	8126	0	8610	96	2030	104	4524	0	9816	0	4488	0	12918	0	4910	326	84	98	0	0	1294	0	0	0	0	0	4578	0	27004	0	8830	0	0	0	5352	0	31670	0	234	0	0	0	0	0	226	0	0	0	0	0	0	0	0	0	0	0	0	0	0	0	0	0	0	0	
201584	Temporal_Mid_R	0	1492	0	112	0	0	0	0	0	0	0	116	0	0	0	584	0	1144	0	0	0	0	0	0	0	0	0	0	0	4988	0	0	0	0	144	214	0	1314	0	498	0	540	0	1402	0	1080	0	190	0	3142	0	6666	0	1400	0	6822	0	1750	0	3626	0	4260	0	584	0	8698	142	1312	0	374	0	106	0	648	0	0	0	0	0	712	0	17662	0	5752	0	0	0	3184	0	20046	0	0	0	0	0	0	0	88	0	0	0	0	0	0	0	0	0	0	0	0	0	0	0	0	0	0	
54280	Temporal_Pole_Mid_L	0	0	0	0	0	0	0	0	0	0	0	0	0	0	358	0	0	0	0	0	382	0	0	0	0	0	0	0	1074	0	0	0	0	0	0	0	612	0	1824	0	846	0	0	0	0	0	0	0	0	0	0	0	0	0	2690	0	0	0	0	0	0	0	0	0	0	0	0	0	0	0	0	0	104	0	0	0	0	0	0	0	272	0	8120	0	5352	0	0	0	5506	0	0	0	0	0	0	0	0	0	0	0	0	0	0	0	0	0	0	0	0	0	0	0	0	0	0	0	
45468	Temporal_Pole_Mid_R	0	0	0	0	0	0	0	0	0	0	0	0	0	0	0	0	0	0	0	0	0	86	0	0	0	0	0	0	0	390	0	0	0	0	0	0	0	1488	0	2722	0	1950	0	0	0	0	0	0	0	0	0	0	0	0	0	3782	0	0	0	0	0	0	0	0	0	0	0	0	0	0	0	0	0	0	0	0	0	0	0	0	0	524	0	5246	0	3184	0	0	0	3362	0	0	0	0	0	0	0	0	0	0	0	0	0	0	0	0	0	0	0	0	0	0	0	0	0	0	
355908	Temporal_Inf_L	2738	234	1206	128	248	0	1536	126	0	0	2906	88	2088	104	0	0	2700	0	132	252	0	0	222	108	0	0	0	0	14506	0	768	334	0	92	242	90	11906	0	1056	0	1188	0	0	0	0	0	314	0	1102	0	3400	0	5612	0	25596	0	1570	0	1012	0	6204	0	3034	0	6542	0	986	0	230	0	400	268	9698	0	0	0	0	0	3326	0	12638	0	6176	0	31670	0	5506	0	0	0	4088	0	816	0	0	0	1094	0	1580	0	0	0	94	0	0	0	0	0	0	0	0	0	0	0	0	0	
185752	Temporal_Inf_R	0	1354	0	0	0	0	0	0	0	0	0	140	0	0	0	0	0	416	0	0	0	0	0	0	0	0	0	0	0	3286	0	0	0	0	546	776	0	2406	0	1126	0	466	0	334	0	356	0	306	0	1892	186	800	160	3956	142	22656	186	1602	0	2468	0	2750	0	1390	0	3132	0	840	0	490	0	0	0	576	0	0	0	0	0	306	0	5900	0	2828	0	20046	0	3362	0	0	0	2972	0	520	0	134	0	400	0	976	0	96	0	598	0	0	0	0	0	0	0	0	0	0	0	0	
709376	Cerebelum_Crus1_L	184	0	0	0	0	0	0	0	0	0	0	0	0	0	0	0	142	0	0	0	0	0	0	0	0	0	0	0	690	0	0	0	0	0	0	0	852	166	1964	196	0	0	94	0	0	0	11618	1700	0	0	0	0	1262	0	25434	362	106	0	0	0	0	0	0	0	0	0	178	0	0	0	0	0	732	126	0	0	0	0	0	0	742	0	0	0	234	0	0	0	4088	0	0	12462	51460	16366	1850	492	38542	5086	70180	8984	9372	4292	12982	6374	1330	1048	190	0	3158	3900	14890	14766	17364	5592	1938	1200	
604412	Cerebelum_Crus1_R	0	88	0	0	0	0	0	0	0	0	0	0	0	0	0	0	0	0	0	0	0	0	0	0	0	0	0	0	0	442	0	0	0	0	0	0	0	2620	0	2694	0	0	0	0	0	0	1254	10552	0	0	0	0	118	126	600	19332	0	0	0	0	0	0	0	0	0	0	0	784	0	0	0	0	0	1564	0	86	0	0	0	0	0	98	0	0	0	0	0	0	0	2972	12462	0	11200	46440	0	9218	4594	33836	8490	68232	1454	6262	374	13942	0	1054	0	184	0	5946	11606	10768	12422	166	226	0	
608416	Cerebelum_Crus2_L	0	0	0	0	0	0	0	0	0	0	0	0	0	0	0	0	0	0	0	0	0	0	0	0	0	0	0	0	716	0	0	0	0	0	0	0	1244	160	1854	196	396	0	0	0	0	0	764	772	0	0	0	0	0	0	3294	284	0	0	0	0	0	0	0	0	0	0	0	0	0	0	0	0	516	126	0	0	0	0	0	0	404	0	380	0	0	0	0	0	816	0	51460	11200	0	20952	2038	462	19600	3896	23568	5414	32154	9344	34766	9064	5582	1036	944	0	3060	3732	10250	6830	22790	11018	1896	1230	
597392	Cerebelum_Crus2_R	0	0	0	0	0	0	0	0	0	0	0	0	0	0	0	0	0	0	0	0	0	0	0	0	0	0	0	0	380	0	0	0	0	0	0	0	576	810	656	1040	354	0	0	0	0	0	556	1442	0	0	0	0	0	0	720	2154	0	0	0	0	0	0	0	0	0	0	0	0	0	0	0	0	0	392	0	0	0	0	0	0	0	0	332	0	0	0	0	0	0	520	16366	46440	20952	0	1400	5538	7946	13006	9330	24274	5922	28726	10036	34634	2560	3118	0	574	444	3990	8394	7262	22920	10560	3640	732	
80924	Cerebelum_3_L	0	0	0	0	0	0	0	0	0	0	0	0	0	0	0	0	0	0	0	0	0	0	0	0	0	0	0	0	0	0	0	0	0	0	0	0	0	0	308	0	0	0	0	0	0	0	0	0	0	0	0	0	0	0	0	0	0	0	0	0	0	0	0	0	0	0	0	0	0	0	0	0	0	0	0	0	0	0	0	0	0	0	0	0	0	0	0	0	0	0	1850	0	2038	1400	0	314	8236	232	1812	152	394	1072	3782	1704	3176	752	0	0	2320	2858	2150	366	1568	2314	1176	488	
159304	Cerebelum_3_R	102	0	0	0	0	0	0	0	0	0	0	0	0	0	0	0	0	0	0	0	0	0	0	0	0	0	0	0	0	0	0	0	0	0	0	0	154	330	146	770	0	126	0	0	0	0	0	1118	0	0	0	0	0	0	0	2022	0	0	0	0	0	0	0	0	0	0	0	0	0	0	0	0	146	122	0	0	0	0	0	0	0	0	0	0	0	0	0	0	0	134	492	9218	462	5538	314	0	914	13608	424	9676	0	3190	1050	6528	972	3806	0	0	496	8684	1158	0	96	3446	4184	226	
567280	Cerebelum_4_5_L	472	124	126	0	0	0	0	98	0	0	0	0	196	0	118	0	130	0	0	0	0	0	0	0	0	0	0	0	4046	0	0	0	0	0	0	0	6636	188	7168	236	2024	0	276	0	0	0	9230	1306	0	0	0	0	192	0	18500	328	0	0	0	0	0	0	0	0	0	0	328	0	364	0	152	0	2334	132	0	0	0	0	0	0	830	0	1864	0	226	0	0	0	1094	0	38542	4594	19600	7946	8236	914	0	5894	46054	6232	1996	4032	10644	6978	7500	1642	136	0	4520	5588	19580	6152	6694	6970	2918	1560	
503668	Cerebelum_4_5_R	0	386	0	598	0	0	0	82	0	0	0	280	0	214	0	0	0	210	0	424	0	0	0	204	0	0	0	0	0	3058	124	278	0	90	0	216	0	12438	0	13922	0	1354	0	194	0	0	344	10374	0	0	0	0	0	112	166	19936	0	152	0	0	0	0	0	0	0	0	0	2440	0	0	0	614	0	7880	0	668	0	162	0	0	0	214	0	280	0	88	0	0	0	400	5086	33836	3896	13006	232	13608	5894	0	5034	40856	120	2888	1308	9664	564	4164	0	0	456	9590	15658	944	2096	2478	2026	528	
637904	Cerebelum_6_L	268	82	106	0	0	0	0	0	0	0	0	0	130	0	0	0	150	0	0	0	0	0	0	0	0	0	0	0	1260	0	0	0	0	0	0	0	2188	160	4102	190	186	0	134	0	0	0	18314	2348	0	0	234	0	1662	0	33300	406	0	0	0	0	0	0	0	0	0	0	166	0	140	0	100	0	1148	128	0	0	0	0	0	0	880	0	232	0	0	0	0	0	1580	0	70180	8490	23568	9330	1812	424	46054	5034	0	9836	2380	2656	6400	5180	1612	760	654	0	2396	3090	16406	17738	7900	4514	1726	1218	
548760	Cerebelum_6_R	0	108	0	0	0	0	0	0	0	0	0	0	0	0	0	0	0	88	0	0	0	0	0	0	0	0	0	0	0	634	0	0	0	0	82	92	0	3362	0	3406	0	0	0	0	0	0	1774	14780	0	0	0	0	130	238	972	22116	0	0	0	0	0	0	0	0	0	0	0	930	0	0	0	0	0	2010	0	106	0	0	0	0	0	120	0	0	0	0	0	0	0	976	8984	68232	5414	24274	152	9676	6232	40856	9836	0	120	1830	102	5240	0	718	0	586	0	7700	15492	11876	4920	216	0	0	
251528	Cerebelum_7b_L	0	0	0	0	0	0	0	0	0	0	0	0	0	0	0	0	0	0	0	0	0	0	0	0	0	0	0	0	140	0	0	0	0	0	0	0	194	0	308	0	88	0	0	0	0	0	0	0	0	0	0	0	0	0	344	0	0	0	0	0	0	0	0	0	0	0	0	0	0	0	0	0	0	0	0	0	0	0	0	0	0	0	86	0	0	0	0	0	0	0	9372	1454	32154	5922	394	0	1996	120	2380	120	0	5900	38070	2784	9784	0	1744	0	0	108	288	152	5630	5880	208	144	
