data	data	507696	299572	1.25458e+06	974372	223536	183760	701640	265324	119172	22112	297400	286768	421320	279836	329472	114168	342904	148308	848108	881816	62128	71252	433148	442528	40104	159280	43456	40204	913376	416324	375060	547056	155092	432216	148500	161944	432864	332500	152628	232968	39500	53528	292196	345432	207916	247560	290212	251072	251840	256896	608256	238712	112436	93336	523612	390976	390204	224488	211252	93524	286332	137620	166432	108596	147512	116040	315844	319948	188544	98036	312180	542436	504860	417388	69828	60396	137364	184900	172392	44340	317948	107548	105348	73688	347728	137068	42460	19612	402384	154144	467140	363752	335588	306128	48600	41764	230636	181228	375036	349136	205584	89640	260620	303268	97472	121424	31328	43264	28948	39388	259700	220148	257496	123536	91640	35188	
data	data	Precentral_L	Precentral_R	Frontal_Sup_L	Frontal_Sup_R	Frontal_Sup_Orb_L	Frontal_Sup_Orb_R	Frontal_Mid_L	Frontal_Mid_R	Frontal_Mid_Orb_L	Frontal_Mid_Orb_R	Frontal_Inf_Oper_L	Frontal_Inf_Oper_R	Frontal_Inf_Tri_L	Frontal_Inf_Tri_R	Frontal_Inf_Orb_L	Frontal_Inf_Orb_R	Rolandic_Oper_L	Rolandic_Oper_R	Supp_Motor_Area_L	Supp_Motor_Area_R	Olfactory_L	Olfactory_R	Frontal_Sup_Medial_L	Frontal_Sup_Medial_R	Frontal_Med_Orb_L	Frontal_Med_Orb_R	Rectus_L	Rectus_R	Insula_L	Insula_R	Cingulum_Ant_L	Cingulum_Ant_R	Cingulum_Mid_L	Cingulum_Mid_R	Cingulum_Post_L	Cingulum_Post_R	Hippocampus_L	Hippocampus_R	ParaHippocampal_L	ParaHippocampal_R	Amygdala_L	Amygdala_R	Calcarine_L	Calcarine_R	Cuneus_L	Cuneus_R	Lingual_L	Lingual_R	Occipital_Sup_L	Occipital_Sup_R	Occipital_Mid_L	Occipital_Mid_R	Occipital_Inf_L	Occipital_Inf_R	Fusiform_L	Fusiform_R	Postcentral_L	Postcentral_R	Parietal_Sup_L	Parietal_Sup_R	Parietal_Inf_L	Parietal_Inf_R	SupraMarginal_L	SupraMarginal_R	Angular_L	Angular_R	Precuneus_L	Precuneus_R	Paracentral_Lobule_L	Paracentral_Lobule_R	Caudate_L	Caudate_R	Putamen_L	Putamen_R	Pallidum_L	Pallidum_R	Thalamus_L	Thalamus_R	Heschl_L	Heschl_R	Temporal_Sup_L	Temporal_Sup_R	Temporal_Pole_Sup_L	Temporal_Pole_Sup_R	Temporal_Mid_L	Temporal_Mid_R	Temporal_Pole_Mid_L	Temporal_Pole_Mid_R	Temporal_Inf_L	Temporal_Inf_R	Cerebelum_Crus1_L	Cerebelum_Crus1_R	Cerebelum_Crus2_L	Cerebelum_Crus2_R	Cerebelum_3_L	Cerebelum_3_R	Cerebelum_4_5_L	Cerebelum_4_5_R	Cerebelum_6_L	Cerebelum_6_R	Cerebelum_7b_L	Cerebelum_7b_R	Cerebelum_8_L	Cerebelum_8_R	Cerebelum_9_L	Cerebelum_9_R	Cerebelum_10_L	Cerebelum_10_R	Vermis_1_2	Vermis_3	Vermis_4_5	Vermis_6	Vermis_7	Vermis_8	Vermis_9	Vermis_10	
507696	Precentral_L	0	7706	18346	4580	0	0	27164	0	0	0	17338	306	5536	124	100	0	14638	0	11092	8724	0	0	202	184	0	0	0	0	15438	0	358	340	2090	4654	2016	152	5168	0	1020	0	0	0	686	100	582	0	216	0	728	0	4918	0	160	0	3508	0	34400	0	1638	0	11582	0	4350	0	2040	0	856	108	15806	2148	882	750	3278	0	904	0	902	164	3852	0	7006	0	166	0	2102	0	0	0	2534	0	0	0	0	0	0	0	0	0	108	0	0	0	0	0	0	0	0	0	0	0	98	0	0	0	0	0	
299572	Precentral_R	7706	0	1328	10628	0	0	262	11270	0	0	0	7454	0	392	0	0	594	2264	1996	7764	0	0	0	0	0	0	0	0	552	4798	0	0	488	2514	810	1410	0	5040	0	1686	0	0	782	438	530	102	396	238	170	394	3412	1014	0	268	182	2748	1500	21148	126	372	204	2698	382	3654	502	412	710	1242	12666	3482	208	2172	308	4570	214	2336	232	3290	254	470	756	814	0	0	1524	884	0	0	486	2444	0	0	0	0	0	0	0	0	0	0	0	0	0	0	0	0	0	0	0	0	96	0	0	0	0	0	
1.25458e+06	Frontal_Sup_L	18346	1328	0	17556	16320	2020	90498	940	3878	0	10812	1452	26024	2162	14974	1738	13572	206	95784	22220	0	0	51516	12434	996	1296	294	0	43186	1736	18484	11038	4630	5742	426	0	13404	0	1968	0	0	0	110	0	0	0	128	0	270	0	1052	0	0	0	6040	0	10726	0	420	0	1596	0	1756	0	606	0	192	0	1138	0	13996	12886	35054	1258	5288	0	9476	1436	3436	0	5292	0	1066	194	506	0	0	0	4746	0	768	0	154	0	0	0	146	0	574	0	0	0	0	0	0	0	0	0	0	0	0	0	0	0	0	0	
974372	Frontal_Sup_R	4580	10628	17556	0	0	10016	2352	36830	0	620	2212	19918	1366	18578	632	3946	626	8254	24990	93232	0	0	9292	36476	0	4464	0	116	1866	21478	5184	30348	2320	14586	190	336	1056	8606	502	2138	0	0	0	112	0	0	0	0	0	0	0	0	0	0	284	656	178	2662	0	0	0	406	0	748	0	0	0	164	2524	0	3052	28584	2050	20632	482	3012	1484	21736	172	614	194	170	0	1550	0	0	0	0	238	188	0	0	0	0	0	0	0	0	0	0	0	0	0	0	0	0	0	0	0	0	0	0	0	0	0	0	
223536	Frontal_Sup_Orb_L	0	0	16320	0	0	0	7028	0	18218	0	432	0	7574	0	17710	0	0	0	2130	0	1306	0	2984	0	3382	136	4236	0	13392	0	3808	158	0	0	0	0	0	0	212	0	416	0	0	0	0	0	0	0	0	0	0	0	0	0	0	0	0	0	0	0	0	0	0	0	0	0	0	0	0	0	1748	192	9630	0	0	0	0	0	0	0	0	0	756	0	0	0	0	0	0	0	0	0	0	0	0	0	0	0	0	0	0	0	0	0	0	0	0	0	0	0	0	0	0	0	0	0	
183760	Frontal_Sup_Orb_R	0	0	2020	10016	0	0	126	2186	0	3592	424	558	268	1074	158	4246	146	0	1644	2920	170	958	858	7182	132	13348	110	3808	406	1736	1698	9224	202	0	0	0	0	114	0	0	0	0	0	0	0	0	0	0	0	0	0	0	0	0	0	0	0	0	0	0	0	0	0	0	0	0	0	0	0	0	612	12370	280	8986	0	108	0	200	0	0	0	0	0	0	0	0	0	0	0	0	0	0	0	0	0	0	0	0	0	0	0	0	0	0	0	0	0	0	0	0	0	0	0	0	0	0	
701640	Frontal_Mid_L	27164	262	90498	2352	7028	126	0	400	3460	0	13770	254	37076	522	10944	1022	5044	0	9922	1284	0	0	23818	5108	0	0	0	0	31316	154	4886	1718	490	2106	0	0	12978	0	908	0	0	0	134	0	0	0	0	0	188	0	1238	0	0	0	4390	0	9786	0	508	0	2760	0	1318	0	1626	0	234	0	112	0	3352	1950	11264	100	956	0	2122	244	5332	0	2760	0	436	0	1034	0	0	0	3078	0	558	0	104	0	0	0	106	0	520	0	0	0	0	0	0	0	0	0	0	0	0	0	0	0	0	0	
265324	Frontal_Mid_R	0	11270	940	36830	0	2186	400	0	0	1182	350	8416	338	19608	114	4612	0	1224	1884	3622	0	0	1110	5608	0	354	0	0	306	7952	878	1602	0	2336	110	486	0	1772	0	482	0	0	0	130	0	0	0	0	0	0	0	322	0	104	0	708	0	960	0	0	0	516	0	542	0	0	0	234	0	0	468	4526	146	4228	0	2204	0	328	0	0	0	212	0	300	0	224	0	0	0	538	0	0	0	0	0	0	0	0	0	0	0	0	0	0	0	0	0	0	0	0	0	0	0	0	0	0	
119172	Frontal_Mid_Orb_L	0	0	3878	0	18218	0	3460	0	0	0	150	0	2534	0	17958	0	0	0	292	0	192	0	402	0	690	0	988	0	5812	0	438	0	0	0	0	0	0	0	0	0	96	0	0	0	0	0	0	0	0	0	0	0	0	0	0	0	0	0	0	0	0	0	0	0	0	0	0	0	0	0	124	0	3606	0	0	0	0	0	0	0	0	0	748	0	0	0	0	0	0	0	0	0	0	0	0	0	0	0	0	0	0	0	0	0	0	0	0	0	0	0	0	0	0	0	0	0	
22112	Frontal_Mid_Orb_R	0	0	0	620	0	3592	0	1182	0	0	0	0	0	326	0	4246	0	0	0	0	0	0	0	0	0	508	0	132	0	278	0	0	0	0	0	0	0	0	0	0	0	0	0	0	0	0	0	0	0	0	0	0	0	0	0	0	0	0	0	0	0	0	0	0	0	0	0	0	0	0	0	0	0	172	0	0	0	0	0	0	0	0	0	0	0	0	0	0	0	0	0	0	0	0	0	0	0	0	0	0	0	0	0	0	0	0	0	0	0	0	0	0	0	0	0	0	
297400	Frontal_Inf_Oper_L	17338	0	10812	2212	432	424	13770	350	150	0	0	2716	22166	1334	3836	406	11020	0	6974	1724	0	0	832	802	0	280	0	0	18574	330	1338	1540	0	158	0	0	1388	0	0	0	0	0	0	0	0	0	0	0	0	0	0	0	0	0	346	0	5330	0	108	0	290	0	118	0	0	0	0	0	0	0	5932	4456	2974	466	0	0	0	0	612	0	4178	0	2666	0	0	0	0	0	318	0	0	0	0	0	0	0	0	0	0	0	0	0	0	0	0	0	0	0	0	0	0	0	0	0	0	0	
286768	Frontal_Inf_Oper_R	306	7454	1452	19918	0	558	254	8416	0	0	2716	0	1294	16726	284	784	368	4470	3254	16886	0	0	296	1244	0	250	0	0	890	15208	1442	3440	0	2168	0	0	134	2460	0	1864	0	0	0	0	0	0	0	0	0	0	0	0	0	0	0	1278	0	4140	0	0	0	0	0	0	0	0	0	0	0	0	2318	6430	234	10318	0	1532	0	384	0	256	114	0	0	1740	0	0	0	0	0	0	0	0	0	0	0	0	0	0	0	104	0	0	0	0	0	0	0	0	0	0	0	0	0	0	0	0	
421320	Frontal_Inf_Tri_L	5536	0	26024	1366	7574	268	37076	338	2534	0	22166	1294	0	856	31258	586	1128	0	5496	990	0	0	4690	626	0	144	0	0	37228	306	3666	1192	214	150	0	0	436	0	0	0	0	0	0	0	0	0	0	0	0	0	0	0	0	0	122	0	1360	0	0	0	0	0	0	0	0	0	0	0	0	0	5718	3072	5292	262	0	0	276	0	0	0	498	0	792	0	0	0	0	0	126	0	0	0	0	0	0	0	0	0	0	0	0	0	0	0	0	0	0	0	0	0	0	0	0	0	0	0	
279836	Frontal_Inf_Tri_R	124	392	2162	18578	0	1074	522	19608	0	326	1334	16726	856	0	276	9274	108	808	4038	8944	0	0	1076	5810	0	590	0	0	664	23066	2430	7306	0	2894	0	0	0	360	0	228	0	0	0	0	0	0	0	0	0	0	0	0	0	0	0	126	0	102	0	0	0	0	0	0	0	0	0	0	0	0	1556	5652	174	2734	0	0	0	0	0	0	0	0	0	0	0	0	0	0	0	0	0	0	0	0	0	0	0	0	0	0	0	0	0	0	0	0	0	0	0	0	0	0	0	0	0	0	
329472	Frontal_Inf_Orb_L	100	0	14974	632	17710	158	10944	114	17958	0	3836	284	31258	276	0	234	178	0	4360	370	1650	0	1576	320	0	0	628	0	36026	128	726	586	0	0	0	0	194	0	470	0	394	0	0	0	0	0	0	0	0	0	0	0	0	0	98	0	0	0	0	0	0	0	0	0	0	0	0	0	0	0	3736	1290	9828	100	0	0	264	0	0	0	0	0	3336	0	0	0	0	0	0	0	0	0	0	0	0	0	0	0	0	0	0	0	0	0	0	0	0	0	0	0	0	0	0	0	0	0	
114168	Frontal_Inf_Orb_R	0	0	1738	3946	0	4246	1022	4612	0	4246	406	784	586	9274	234	0	104	0	884	976	0	944	686	1408	0	338	0	464	562	7378	2890	1744	0	154	0	0	0	0	0	0	0	0	0	0	0	0	0	0	0	0	0	0	0	0	0	0	0	0	0	0	0	0	0	0	0	0	0	0	0	0	304	4542	0	2612	0	0	0	0	0	0	0	0	0	0	0	0	0	0	0	0	0	0	0	0	0	0	0	0	0	0	0	0	0	0	0	0	0	0	0	0	0	0	0	0	0	0	
342904	Rolandic_Oper_L	14638	594	13572	626	0	146	5044	0	0	0	11020	368	1128	108	178	104	0	0	10772	456	0	0	136	190	0	0	0	0	30912	0	178	378	0	0	0	0	5828	0	528	0	0	0	150	0	0	0	0	0	810	0	3362	0	0	0	3186	0	13744	0	1872	0	2212	0	4720	0	214	0	422	0	722	0	1574	600	2296	0	240	0	1012	118	10888	0	21160	0	1528	0	1650	0	0	0	1926	0	142	0	0	0	0	0	0	0	0	0	0	0	0	0	0	0	0	0	0	0	0	0	0	0	0	0	
148308	Rolandic_Oper_R	0	2264	206	8254	0	0	0	1224	0	0	0	4470	0	808	0	0	0	0	210	7328	0	0	0	0	0	0	0	0	0	13968	0	0	0	0	0	0	0	2758	0	598	0	0	0	0	0	0	0	0	0	0	0	0	0	0	0	390	0	6786	0	0	0	0	0	4826	0	0	0	0	0	0	0	1134	0	5334	0	1472	0	644	0	4704	0	3162	0	3360	0	0	0	0	0	254	0	0	0	0	0	0	0	0	0	0	0	0	0	0	0	0	0	0	0	0	0	0	0	0	0	0	
848108	Supp_Motor_Area_L	11092	1996	95784	24990	2130	1644	9922	1884	292	0	6974	3254	5496	4038	4360	884	10772	210	0	48332	0	0	6162	10826	0	802	0	0	20818	2884	5590	15262	8156	18294	1056	804	7942	0	1460	0	0	0	0	0	0	0	114	0	186	0	568	0	0	0	3652	0	6632	0	274	0	990	108	1132	118	332	0	244	194	4442	370	9576	11078	23178	1732	4806	178	8042	1254	1740	0	4176	0	660	188	130	0	0	0	3274	0	358	0	0	0	0	0	0	0	218	0	0	0	0	0	0	0	0	0	0	0	0	0	0	0	0	0	
881816	Supp_Motor_Area_R	8724	7764	22220	93232	0	2920	1284	3622	0	0	1724	16886	990	8944	370	976	456	7328	48332	0	0	0	2952	9526	0	1382	0	0	1392	11854	4970	18420	7702	33784	2188	3102	850	6666	420	2004	0	0	0	1138	0	538	0	150	0	720	0	486	0	108	302	476	284	2920	0	0	186	226	0	508	0	0	304	2608	6684	10406	3238	28688	2162	15216	898	856	930	25310	158	586	162	140	0	1190	0	0	0	0	240	106	0	0	0	0	0	0	0	0	0	0	0	0	0	0	0	0	0	0	0	0	0	0	0	0	0	0	
62128	Olfactory_L	0	0	0	0	1306	170	0	0	192	0	0	0	0	0	1650	0	0	0	0	0	0	5034	0	0	278	208	2066	656	2262	0	1892	1434	0	0	0	0	344	0	1034	0	850	0	0	0	0	0	0	0	0	0	0	0	0	0	140	0	0	0	0	0	0	0	0	0	0	0	0	0	0	0	5652	2824	2166	306	0	0	0	0	0	0	0	0	600	0	0	0	0	0	0	0	0	0	0	0	0	0	0	0	0	0	0	0	0	0	0	0	0	0	0	0	0	0	0	0	0	0	
71252	Olfactory_R	0	0	0	0	0	958	0	0	0	0	0	0	0	0	0	944	0	0	0	0	5034	0	0	0	0	1018	1640	2150	0	1830	2128	2480	0	0	0	0	0	0	0	0	0	330	0	0	0	0	0	0	0	0	0	0	0	0	0	0	0	0	0	0	0	0	0	0	0	0	0	0	0	0	7212	5620	3426	856	0	0	0	0	0	0	0	0	0	0	0	0	0	0	0	0	0	0	0	0	0	0	0	0	0	0	0	0	0	0	0	0	0	0	0	0	0	0	0	0	0	0	
433148	Frontal_Sup_Medial_L	202	0	51516	9292	2984	858	23818	1110	402	0	832	296	4690	1076	1576	686	136	0	6162	2952	0	0	0	28322	1824	3010	238	260	6328	922	25690	18700	4048	11970	170	0	154	0	0	0	0	0	0	0	0	0	0	0	0	0	0	0	0	0	0	0	0	0	0	0	0	0	0	0	0	0	0	0	0	0	918	3184	2118	130	0	0	0	0	0	0	0	0	0	0	0	0	0	0	0	0	0	0	0	0	0	0	0	0	0	0	0	0	0	0	0	0	0	0	0	0	0	0	0	0	0	0	
442528	Frontal_Sup_Medial_R	184	0	12434	36476	0	7182	5108	5608	0	0	802	1244	626	5810	320	1408	190	0	10826	9526	0	0	28322	0	324	9724	0	164	900	6454	8816	35620	504	18238	0	0	0	0	0	0	0	0	0	0	0	0	0	0	0	0	0	0	0	0	0	0	0	0	0	0	0	0	0	0	0	0	0	0	0	0	724	9060	274	4210	0	0	0	186	0	0	0	0	0	0	0	0	0	0	0	0	0	0	0	0	0	0	0	0	0	0	0	0	0	0	0	0	0	0	0	0	0	0	0	0	0	0	
40104	Frontal_Med_Orb_L	0	0	996	0	3382	132	0	0	690	0	0	0	0	0	0	0	0	0	0	0	278	0	1824	324	0	942	2234	160	0	0	5508	428	0	0	0	0	0	0	0	0	0	0	0	0	0	0	0	0	0	0	0	0	0	0	0	0	0	0	0	0	0	0	0	0	0	0	0	0	0	0	1402	0	1752	0	0	0	0	0	0	0	0	0	0	0	0	0	0	0	0	0	0	0	0	0	0	0	0	0	0	0	0	0	0	0	0	0	0	0	0	0	0	0	0	0	0	0	
159280	Frontal_Med_Orb_R	0	0	1296	4464	136	13348	0	354	0	508	280	250	144	590	0	338	0	0	802	1382	208	1018	3010	9724	942	0	236	4442	214	626	6064	11340	0	134	0	0	0	0	0	0	0	0	0	0	0	0	0	0	0	0	0	0	0	0	0	0	0	0	0	0	0	0	0	0	0	0	0	0	0	0	564	9954	284	6890	0	0	0	98	0	0	0	0	0	0	0	0	0	0	0	0	0	0	0	0	0	0	0	0	0	0	0	0	0	0	0	0	0	0	0	0	0	0	0	0	0	0	
43456	Rectus_L	0	0	294	0	4236	110	0	0	988	0	0	0	0	0	628	0	0	0	0	0	2066	1640	238	0	2234	236	0	480	436	0	2570	842	0	0	0	0	0	0	0	0	0	0	0	0	0	0	0	0	0	0	0	0	0	0	0	0	0	0	0	0	0	0	0	0	0	0	0	0	0	0	2458	540	1632	100	0	0	0	0	0	0	0	0	0	0	0	0	0	0	0	0	0	0	0	0	0	0	0	0	0	0	0	0	0	0	0	0	0	0	0	0	0	0	0	0	0	0	
40204	Rectus_R	0	0	0	116	0	3808	0	0	0	132	0	0	0	0	0	464	0	0	0	0	656	2150	260	164	160	4442	480	0	0	368	1400	1336	0	0	0	0	0	0	0	0	0	0	0	0	0	0	0	0	0	0	0	0	0	0	0	0	0	0	0	0	0	0	0	0	0	0	0	0	0	0	620	1918	324	1304	0	0	0	0	0	0	0	0	0	0	0	0	0	0	0	0	0	0	0	0	0	0	0	0	0	0	0	0	0	0	0	0	0	0	0	0	0	0	0	0	0	0	
913376	Insula_L	15438	552	43186	1866	13392	406	31316	306	5812	0	18574	890	37228	664	36026	562	30912	0	20818	1392	2262	0	6328	900	0	214	436	0	0	258	4672	1314	266	256	0	0	31782	0	3048	0	3092	0	222	0	0	0	124	0	1374	0	4700	0	148	0	13220	0	7412	0	3032	0	3894	0	1488	0	200	0	680	0	610	0	9056	3582	26758	268	526	0	5898	546	19218	0	17250	0	6854	0	2476	0	142	0	10314	0	1246	0	194	0	0	0	112	0	976	0	0	0	0	0	0	0	0	0	0	0	0	0	0	0	0	0	
416324	Insula_R	0	4798	1736	21478	0	1736	154	7952	0	278	330	15208	306	23066	128	7378	0	13968	2884	11854	0	1830	922	6454	0	626	0	368	258	0	1514	8222	0	2288	0	184	0	12216	0	3856	0	1346	0	0	0	0	0	0	0	0	0	0	0	196	0	4332	0	3216	0	132	0	172	0	230	0	0	0	140	0	0	474	4654	118	20164	0	578	0	1096	0	3224	0	5166	0	5270	0	1786	0	0	0	3138	0	0	0	0	0	0	0	356	0	382	0	0	0	0	0	0	0	0	0	0	0	0	0	0	0	0	
375060	Cingulum_Ant_L	358	0	18484	5184	3808	1698	4886	878	438	0	1338	1442	3666	2430	726	2890	178	0	5590	4970	1892	2128	25690	8816	5508	6064	2570	1400	4672	1514	0	24922	8846	7034	3186	0	0	0	0	0	0	0	0	0	0	0	0	0	0	0	0	0	0	0	0	0	0	0	0	0	0	0	0	0	0	0	0	0	174	0	8562	7070	6834	1684	0	0	0	0	0	0	0	0	0	0	0	0	0	0	0	0	0	0	0	0	0	0	0	0	0	0	0	0	0	0	0	0	0	0	0	0	0	0	0	0	0	0	
547056	Cingulum_Ant_R	340	0	11038	30348	158	9224	1718	1602	0	0	1540	3440	1192	7306	586	1744	378	0	15262	18420	1434	2480	18700	35620	428	11340	842	1336	1314	8222	24922	0	2648	21226	318	506	0	110	0	0	0	0	0	0	0	0	0	0	0	0	0	0	0	0	0	0	104	0	0	0	0	0	0	0	0	0	0	0	0	126	4070	23046	1372	8304	0	242	0	394	0	0	128	0	0	0	0	0	0	0	0	0	0	0	0	0	0	0	0	0	0	0	0	0	0	0	0	0	0	0	0	0	0	0	0	0	0	0	
155092	Cingulum_Mid_L	2090	488	4630	2320	0	202	490	0	0	0	0	0	214	0	0	0	0	0	8156	7702	0	0	4048	504	0	0	0	0	266	0	8846	2648	0	12370	7846	1288	0	0	0	0	0	0	760	170	936	202	270	0	326	336	606	168	0	0	0	0	0	188	368	0	0	0	0	0	0	126	2396	1002	3634	1244	0	706	0	0	0	0	0	0	0	0	0	0	0	0	0	0	0	0	0	0	0	0	0	0	0	0	0	0	0	0	0	0	0	0	0	0	0	0	0	0	0	0	0	0	0	0	
432216	Cingulum_Mid_R	4654	2514	5742	14586	0	0	2106	2336	0	0	158	2168	150	2894	0	154	0	0	18294	33784	0	0	11970	18238	0	134	0	0	256	2288	7034	21226	12370	0	5786	8300	0	140	98	0	0	0	108	2864	0	1016	0	498	0	1876	0	1226	0	164	106	166	0	1872	0	0	0	0	0	0	0	392	1888	8680	4000	11220	0	1122	0	390	0	0	0	0	0	0	0	220	0	0	0	336	0	0	0	584	0	0	0	0	0	0	0	0	0	0	0	0	0	0	0	0	0	0	0	0	0	0	0	0	0	0	
148500	Cingulum_Post_L	2016	810	426	190	0	0	0	110	0	0	0	0	0	0	0	0	0	0	1056	2188	0	0	170	0	0	0	0	0	0	0	3186	318	7846	5786	0	9922	1896	2314	2980	346	0	0	3134	520	1474	474	872	0	562	254	1330	208	0	0	3720	438	114	314	0	0	0	0	0	0	0	168	8036	2672	2522	1628	0	0	0	246	0	0	0	268	0	0	104	156	0	0	492	134	0	0	1904	392	0	0	0	0	0	0	0	0	0	0	0	0	0	0	0	0	0	0	0	0	554	0	0	0	0	0	
161944	Cingulum_Post_R	152	1410	0	336	0	0	0	486	0	0	0	0	0	0	0	0	0	0	804	3102	0	0	0	0	0	0	0	0	0	184	0	506	1288	8300	9922	0	1780	4576	2214	1110	0	0	212	2708	168	714	0	2586	0	1572	0	1046	0	200	1642	2322	0	2250	0	114	0	0	0	0	0	1008	2190	12162	186	2656	0	0	0	564	0	0	242	728	0	0	0	468	0	0	0	654	0	0	1186	2576	0	0	0	0	0	0	0	0	0	0	0	0	0	0	0	0	0	0	0	0	4648	0	0	0	0	0	
432864	Hippocampus_L	5168	0	13404	1056	0	0	12978	0	0	0	1388	134	436	0	194	0	5828	0	7942	850	344	0	154	0	0	0	0	0	31782	0	0	0	0	0	1896	1780	0	1840	14598	862	7328	0	598	0	0	0	1540	182	0	0	572	0	0	0	27106	512	2020	0	436	0	1204	0	734	0	122	0	1412	418	0	0	538	156	16752	118	308	0	5634	1682	8830	0	5470	0	2110	0	1554	0	194	0	18420	0	2906	0	614	0	116	0	1062	0	2682	0	150	0	172	0	0	0	0	0	0	146	0	0	0	0	0	0	
332500	Hippocampus_R	0	5040	0	8606	0	114	0	1772	0	0	0	2460	0	360	0	0	0	2758	0	6666	0	0	0	0	0	0	0	0	0	12216	0	110	0	140	2314	4576	1840	0	1606	30280	0	8578	0	294	0	0	0	2140	0	0	0	194	0	720	672	25132	0	2774	0	0	0	0	0	0	0	0	314	2532	0	108	0	372	212	17212	170	1280	524	4098	0	1664	0	1436	0	1632	0	704	0	290	474	3670	0	1420	0	286	0	0	0	2376	0	2658	0	0	0	196	0	0	0	104	0	0	1156	0	0	0	0	0	
152628	ParaHippocampal_L	1020	0	1968	502	212	0	908	0	0	0	0	0	0	0	470	0	528	0	1460	420	1034	0	0	0	0	0	0	0	3048	0	0	0	0	98	2980	2214	14598	1606	0	756	2060	0	542	0	0	0	2396	140	0	0	98	0	0	0	12074	560	240	0	0	0	128	0	170	0	0	0	1294	558	194	0	0	0	3896	228	0	0	2068	1340	542	0	498	0	752	0	114	0	252	0	5934	0	1228	0	592	0	216	0	2128	0	1986	104	0	0	0	0	0	0	0	0	0	160	0	0	0	0	0	0	
232968	ParaHippocampal_R	0	1686	0	2138	0	0	0	482	0	0	0	1864	0	228	0	0	0	598	0	2004	0	0	0	0	0	0	0	0	0	3856	0	0	0	0	346	1110	862	30280	756	0	0	7136	0	770	0	0	0	4892	0	216	0	776	0	1222	0	22974	0	1574	0	0	0	0	0	0	0	0	0	2082	0	0	0	190	0	10942	0	1196	410	2208	0	1006	0	872	0	1520	0	478	0	902	0	1716	0	774	0	138	0	150	0	3140	0	2094	0	0	0	172	0	114	0	0	0	0	610	0	0	0	0	0	
39500	Amygdala_L	0	0	0	0	416	0	0	0	96	0	0	0	0	0	394	0	0	0	0	0	850	0	0	0	0	0	0	0	3092	0	0	0	0	0	0	0	7328	0	2060	0	0	0	0	0	0	0	0	0	0	0	0	0	0	0	3248	0	0	0	0	0	0	0	0	0	0	0	0	0	0	0	0	0	358	0	0	0	0	0	0	0	0	0	836	0	0	0	188	0	884	0	0	0	0	0	0	0	0	0	0	0	0	0	0	0	0	0	0	0	0	0	0	0	0	0	0	0	
53528	Amygdala_R	0	0	0	0	0	0	0	0	0	0	0	0	0	0	0	0	0	0	0	0	0	330	0	0	0	0	0	0	0	1346	0	0	0	0	0	0	0	8578	0	7136	0	0	0	0	0	0	0	0	0	0	0	0	0	0	0	4966	0	0	0	0	0	0	0	0	0	0	0	0	0	0	0	0	0	1324	0	0	0	0	0	0	0	0	0	1612	0	0	0	444	0	506	0	0	0	0	0	0	0	522	0	0	0	0	0	0	0	0	0	0	0	0	0	0	0	0	0	0	
292196	Calcarine_L	686	782	110	0	0	0	134	0	0	0	0	0	0	0	0	0	150	0	0	0	0	0	0	0	0	0	0	0	222	0	0	0	760	108	3134	212	598	0	542	0	0	0	0	7428	16712	4604	16354	2730	13614	956	33012	234	4716	0	3224	906	1260	0	1966	0	1280	0	1224	0	1750	0	16540	1236	2524	0	0	0	0	0	0	0	0	0	0	0	546	0	0	0	3924	0	0	0	1170	0	0	0	0	0	0	0	0	0	0	0	0	0	0	0	0	0	0	0	0	0	750	0	0	0	0	0	
345432	Calcarine_R	100	438	0	112	0	0	0	130	0	0	0	0	0	0	0	0	0	0	0	1138	0	0	0	0	0	0	0	0	0	0	0	0	170	2864	520	2708	0	294	0	770	0	0	7428	0	8848	27436	4270	19996	754	23020	948	17128	0	8034	0	9658	0	810	0	1178	0	1070	0	0	0	1396	4636	20224	166	1510	0	0	0	0	0	0	0	0	0	0	0	234	0	0	142	1336	0	0	0	1546	0	0	0	0	0	0	0	0	0	0	0	0	0	0	0	0	0	0	0	0	1704	0	0	0	0	0	
207916	Cuneus_L	582	530	0	0	0	0	0	0	0	0	0	0	0	0	0	0	0	0	0	0	0	0	0	0	0	0	0	0	0	0	0	0	936	0	1474	168	0	0	0	0	0	0	16712	8848	0	10120	4308	830	17558	3716	12192	1490	440	244	154	750	188	0	3548	0	146	0	110	0	156	0	12972	2478	2000	0	0	0	0	0	0	0	0	0	0	0	0	0	0	0	562	200	0	0	136	0	0	0	0	0	0	0	0	0	0	0	0	0	0	0	0	0	0	0	0	0	410	0	0	0	0	0	
247560	Cuneus_R	0	102	0	0	0	0	0	0	0	0	0	0	0	0	0	0	0	0	0	538	0	0	0	0	0	0	0	0	0	0	0	0	202	1016	474	714	0	0	0	0	0	0	4604	27436	10120	0	1444	3680	1000	25160	914	6542	0	1670	0	1598	0	328	0	3994	0	376	0	0	0	722	8948	20136	0	618	0	0	0	0	0	0	0	0	0	0	0	0	0	0	0	866	0	0	0	0	0	0	0	0	0	0	0	0	0	0	0	0	0	0	0	0	0	0	0	0	578	0	0	0	0	0	
290212	Lingual_L	216	396	128	0	0	0	0	0	0	0	0	0	0	0	0	0	0	0	114	0	0	0	0	0	0	0	0	0	124	0	0	0	270	0	872	0	1540	0	2396	0	0	0	16354	4270	4308	1444	0	5652	2820	1356	14496	566	7250	406	17760	2532	350	0	384	0	380	0	188	0	392	0	6232	134	1456	0	0	0	232	0	0	0	0	0	0	0	216	0	0	0	1284	0	0	0	620	0	11072	2676	690	188	502	0	8464	0	14610	2914	264	0	226	0	0	0	0	0	0	0	1400	4216	746	0	0	0	
251072	Lingual_R	0	238	0	0	0	0	0	0	0	0	0	0	0	0	0	0	0	0	0	150	0	0	0	0	0	0	0	0	0	0	0	0	0	498	0	2586	182	2140	140	4892	0	0	2730	19996	830	3680	5652	0	106	5694	98	5390	0	3316	0	18184	0	282	0	0	0	0	0	0	0	216	286	8480	0	306	0	0	0	164	0	0	0	252	0	0	0	106	0	0	0	274	0	0	0	588	1118	6242	454	366	144	526	508	4232	1454	8844	0	0	152	226	0	206	0	0	0	160	4714	7050	1150	314	220	0	
251840	Occipital_Sup_L	728	170	270	0	0	0	188	0	0	0	0	0	0	0	0	0	810	0	186	0	0	0	0	0	0	0	0	0	1374	0	0	0	326	0	562	0	0	0	0	0	0	0	13614	754	17558	1000	2820	106	0	738	36086	206	2360	0	852	100	3520	0	14484	0	5260	0	504	0	1712	0	12432	546	1086	0	0	0	0	0	0	0	0	0	140	0	1658	0	0	0	2978	0	0	0	792	0	0	0	0	0	0	0	0	0	0	0	0	0	0	0	0	0	0	0	0	0	0	0	0	0	0	0	
256896	Occipital_Sup_R	0	394	0	0	0	0	0	0	0	0	0	0	0	0	0	0	0	0	0	720	0	0	0	0	0	0	0	0	0	0	0	0	336	1876	254	1572	0	0	0	216	0	0	956	23020	3716	25160	1356	5694	738	0	692	19806	0	2944	0	3818	0	686	0	6154	0	3598	0	0	0	5312	3542	13228	0	782	0	0	0	0	0	0	0	0	0	0	0	204	0	0	0	1392	0	0	0	282	0	0	0	0	0	0	0	0	0	0	0	0	0	0	0	0	0	0	0	0	0	0	0	0	0	0	
608256	Occipital_Mid_L	4918	3412	1052	0	0	0	1238	0	0	0	0	0	0	0	0	0	3362	0	568	0	0	0	0	0	0	0	0	0	4700	0	0	0	606	0	1330	0	572	0	98	0	0	0	33012	948	12192	914	14496	98	36086	692	0	180	19476	0	10376	0	10916	0	23238	0	19158	0	8456	0	19872	0	15130	102	5980	0	0	0	288	0	0	0	0	0	948	0	6362	0	0	0	32306	0	0	0	10688	0	0	0	0	0	0	0	0	0	0	0	0	0	0	0	0	0	0	0	0	0	358	0	0	0	0	0	
238712	Occipital_Mid_R	0	1014	0	0	0	0	0	322	0	0	0	0	0	0	0	0	0	0	0	486	0	0	0	0	0	0	0	0	0	0	0	0	168	1226	208	1046	0	194	0	776	0	0	234	17128	1490	6542	566	5390	206	19806	180	0	0	11742	0	8048	0	1386	0	1358	0	4754	0	136	0	14852	1440	5208	0	488	0	0	0	0	0	0	0	0	0	0	0	762	0	0	0	11070	0	0	0	1130	0	0	0	0	0	0	0	0	0	0	0	0	0	0	0	0	0	0	0	0	0	0	0	0	0	0	
112436	Occipital_Inf_L	160	0	0	0	0	0	0	0	0	0	0	0	0	0	0	0	0	0	0	0	0	0	0	0	0	0	0	0	148	0	0	0	0	0	0	0	0	0	0	0	0	0	4716	0	440	0	7250	0	2360	0	19476	0	0	0	10444	0	434	0	924	0	900	0	162	0	546	0	416	0	0	0	0	0	0	0	0	0	0	0	0	0	338	0	0	0	4020	0	0	0	3484	0	0	0	0	0	0	0	0	0	0	0	0	0	0	0	0	0	0	0	0	0	0	0	0	0	0	0	
93336	Occipital_Inf_R	0	268	0	0	0	0	0	104	0	0	0	0	0	0	0	0	0	0	0	108	0	0	0	0	0	0	0	0	0	196	0	0	0	164	0	200	0	720	0	1222	0	0	0	8034	244	1670	406	3316	0	2944	0	11742	0	0	0	8142	0	0	0	416	0	424	0	0	0	370	598	1544	0	98	0	0	0	0	0	0	0	0	0	106	0	228	0	0	0	1042	0	0	0	2234	0	0	0	0	0	0	0	0	0	128	0	0	0	0	0	0	0	0	0	0	0	0	0	0	0	0	
523612	Fusiform_L	3508	182	6040	284	0	0	4390	0	0	0	346	0	122	0	98	0	3186	0	3652	302	140	0	0	0	0	0	0	0	13220	0	0	0	0	106	3720	1642	27106	672	12074	0	3248	0	3224	0	154	0	17760	0	852	0	10376	0	10444	0	0	110	1284	0	1716	0	2216	0	434	0	632	0	2270	258	794	98	120	0	9888	196	0	0	870	214	3390	0	7344	0	3102	0	7722	0	2570	0	35718	0	18578	0	2122	142	0	0	8084	0	21778	0	712	0	832	176	266	0	0	0	0	0	460	536	326	0	0	0	
390976	Fusiform_R	0	2748	0	656	0	0	0	708	0	0	0	1278	0	126	0	0	0	390	0	476	0	0	0	0	0	0	0	0	0	4332	0	0	0	166	438	2322	512	25132	560	22974	0	4966	906	9658	750	1598	2532	18184	100	3818	0	8048	0	8142	110	0	0	1130	0	0	0	96	0	264	0	100	178	1972	0	0	0	104	0	7470	0	128	278	1008	0	888	0	3052	0	2476	0	1394	0	1306	0	12208	574	10128	254	792	108	186	248	5696	822	14498	0	0	0	386	0	0	0	128	0	0	2126	3272	588	0	0	0	
390204	Postcentral_L	34400	1500	10726	178	0	0	9786	0	0	0	5330	0	1360	0	0	0	13744	0	6632	284	0	0	0	0	0	0	0	0	7412	0	0	104	0	0	114	0	2020	0	240	0	0	0	1260	0	188	0	350	0	3520	0	10916	0	434	0	1284	0	0	0	8864	0	28632	0	13580	0	3604	0	3144	0	6212	0	158	0	870	0	0	0	0	0	3764	0	8022	0	118	0	4878	0	0	0	1474	0	0	0	0	0	0	0	0	0	0	0	0	0	0	0	0	0	0	0	0	0	0	0	0	0	0	0	
224488	Postcentral_R	0	21148	0	2662	0	0	0	960	0	0	0	4140	0	102	0	0	0	6786	0	2920	0	0	0	0	0	0	0	0	0	3216	0	0	188	1872	314	2250	0	2774	0	1574	0	0	0	810	0	328	0	282	0	686	0	1386	0	0	0	1130	0	0	0	7906	0	12690	0	16028	0	444	180	4170	0	3504	0	842	194	4106	198	1682	0	126	0	1642	0	1424	0	0	0	460	0	0	0	890	0	0	0	0	0	0	0	0	0	0	0	0	0	0	0	0	0	0	0	0	230	0	0	0	0	0	
211252	Parietal_Sup_L	1638	126	420	0	0	0	508	0	0	0	108	0	0	0	0	0	1872	0	274	0	0	0	0	0	0	0	0	0	3032	0	0	0	368	0	0	0	436	0	0	0	0	0	1966	0	3548	0	384	0	14484	0	23238	0	924	0	1716	0	8864	0	0	0	17754	0	1186	0	1374	0	12192	298	1930	0	0	0	216	0	0	0	0	0	414	0	2270	0	0	0	2942	0	0	0	1144	0	0	0	0	0	0	0	0	0	0	0	0	0	0	0	0	0	0	0	0	0	0	0	0	0	0	0	
93524	Parietal_Sup_R	0	372	0	0	0	0	0	0	0	0	0	0	0	0	0	0	0	0	0	0	0	0	0	0	0	0	0	0	0	132	0	0	0	0	0	114	0	0	0	0	0	0	0	1178	0	3994	0	0	0	6154	0	1358	0	416	0	0	0	7906	0	0	0	9298	0	498	0	4328	1244	7474	0	154	0	0	0	0	0	0	0	0	0	202	0	460	0	0	0	408	0	0	0	1072	0	0	0	0	0	0	0	0	0	0	0	0	0	0	0	0	0	0	0	0	0	0	0	0	0	0	
286332	Parietal_Inf_L	11582	204	1596	0	0	0	2760	0	0	0	290	0	0	0	0	0	2212	0	990	186	0	0	0	0	0	0	0	0	3894	0	0	0	0	0	0	0	1204	0	128	0	0	0	1280	0	146	0	380	0	5260	0	19158	0	900	0	2216	0	28632	0	17754	0	0	0	13294	0	11264	0	2908	0	2436	0	0	0	546	0	0	0	0	0	526	0	4112	0	0	0	5614	0	0	0	1694	0	0	0	0	0	0	0	0	0	0	0	0	0	0	0	0	0	0	0	0	0	0	0	0	0	0	0	
137620	Parietal_Inf_R	0	2698	0	406	0	0	0	516	0	0	0	0	0	0	0	0	0	0	108	226	0	0	0	0	0	0	0	0	0	172	0	0	0	0	0	0	0	0	0	0	0	0	0	1070	0	376	0	0	0	3598	0	4754	0	424	0	96	0	12690	0	9298	0	0	0	15210	0	11802	182	972	0	0	0	0	344	0	354	0	0	0	0	274	0	854	0	0	0	804	0	0	0	1582	0	0	0	0	0	0	0	0	0	0	0	0	0	0	0	0	0	0	0	0	0	0	0	0	0	0	
166432	SupraMarginal_L	4350	382	1756	0	0	0	1318	0	0	0	118	0	0	0	0	0	4720	0	1132	0	0	0	0	0	0	0	0	0	1488	0	0	0	0	0	0	0	734	0	170	0	0	0	1224	0	110	0	188	0	504	0	8456	0	162	0	434	0	13580	0	1186	0	13294	0	0	0	11888	0	368	0	1550	0	0	0	428	0	0	0	120	0	1072	0	6388	0	0	0	5692	0	0	0	404	0	0	0	0	0	0	0	0	0	0	0	0	0	0	0	0	0	0	0	0	0	0	0	0	0	0	0	
108596	SupraMarginal_R	0	3654	0	748	0	0	0	542	0	0	0	0	0	0	0	0	0	4826	118	508	0	0	0	0	0	0	0	0	0	230	0	0	0	0	0	0	0	0	0	0	0	0	0	0	0	0	0	0	0	0	0	136	0	0	0	264	0	16028	0	498	0	15210	0	0	0	2592	0	0	0	0	0	0	432	0	442	0	0	0	0	556	0	3772	0	0	0	922	0	0	0	2820	0	0	0	0	0	0	0	0	0	0	0	0	0	0	0	0	0	0	0	0	0	0	0	0	0	0	
147512	Angular_L	2040	502	606	0	0	0	1626	0	0	0	0	0	0	0	0	0	214	0	332	0	0	0	0	0	0	0	0	0	200	0	0	0	0	0	0	0	122	0	0	0	0	0	1750	0	156	0	392	0	1712	0	19872	0	546	0	632	0	3604	0	1374	0	11264	0	11888	0	0	0	584	0	782	0	0	0	0	0	0	0	0	0	0	0	1020	0	0	0	11796	0	0	0	742	0	0	0	0	0	0	0	0	0	0	0	0	0	0	0	0	0	0	0	0	0	0	0	0	0	0	0	
116040	Angular_R	0	412	0	0	0	0	0	0	0	0	0	0	0	0	0	0	0	0	0	0	0	0	0	0	0	0	0	0	0	0	0	0	126	392	168	1008	0	0	0	0	0	0	0	1396	0	722	0	216	0	5312	0	14852	0	370	0	100	0	444	0	4328	0	11802	0	2592	0	0	130	1554	0	0	0	0	0	0	0	0	0	0	0	0	0	4078	0	0	0	6920	0	0	0	1098	0	0	0	0	0	0	0	0	0	0	0	0	0	0	0	0	0	0	0	0	0	0	0	0	0	0	
315844	Precuneus_L	856	710	192	0	0	0	234	0	0	0	0	0	0	0	0	0	422	0	244	304	0	0	0	0	0	0	0	0	680	0	0	0	2396	1888	8036	2190	1412	314	1294	0	0	0	16540	4636	12972	8948	6232	286	12432	3542	15130	1440	416	598	2270	178	3144	180	12192	1244	2908	182	368	0	584	130	0	18382	3716	244	0	0	0	0	0	0	0	0	0	0	896	0	0	0	2716	436	0	0	992	534	122	0	0	0	0	0	268	0	194	0	0	0	0	0	0	0	0	0	0	0	1698	0	0	0	0	0	
319948	Precuneus_R	108	1242	0	164	0	0	0	234	0	0	0	0	0	0	0	0	0	0	194	2608	0	0	0	0	0	0	0	0	0	140	0	0	1002	8680	2672	12162	418	2532	558	2082	0	0	1236	20224	2478	20136	134	8480	546	13228	102	5208	0	1544	258	1972	0	4170	298	7474	0	972	0	0	0	1554	18382	0	292	4560	0	0	0	132	0	0	0	418	0	136	0	608	0	0	0	1910	0	0	166	3454	0	0	0	0	0	0	0	282	0	0	0	0	0	0	0	0	0	0	0	0	4824	0	0	0	0	0	
188544	Paracentral_Lobule_L	15806	12666	1138	2524	0	0	112	0	0	0	0	0	0	0	0	0	722	0	4442	6684	0	0	0	0	0	0	0	0	610	0	174	0	3634	4000	2522	186	0	0	194	0	0	0	2524	166	2000	0	1456	0	1086	0	5980	0	0	0	794	0	6212	0	1930	0	2436	0	1550	0	782	0	3716	292	0	3268	0	0	0	0	0	0	0	0	236	0	1386	0	0	0	2118	0	0	0	774	0	0	0	0	0	0	0	0	0	0	0	0	0	0	0	0	0	0	0	0	0	152	0	0	0	0	0	
98036	Paracentral_Lobule_R	2148	3482	0	0	0	0	0	0	0	0	0	0	0	0	0	0	0	0	370	10406	0	0	0	0	0	0	0	0	0	0	0	126	1244	11220	1628	2656	0	108	0	0	0	0	0	1510	0	618	0	306	0	782	0	488	0	98	98	0	0	3504	0	154	0	0	0	0	0	0	244	4560	3268	0	0	0	0	0	0	0	0	0	0	0	0	0	0	0	0	0	0	0	0	0	0	0	0	0	0	0	0	0	0	0	0	0	0	0	0	0	0	0	0	0	0	0	0	0	0	0	
312180	Caudate_L	882	208	13996	3052	1748	612	3352	468	124	0	5932	2318	5718	1556	3736	304	1574	0	9576	3238	5652	7212	918	724	1402	564	2458	620	9056	474	8562	4070	0	0	0	0	538	0	0	0	0	0	0	0	0	0	0	0	0	0	0	0	0	0	120	0	158	0	0	0	0	0	0	0	0	0	0	0	0	0	0	11476	25338	1040	4332	0	11044	520	626	0	668	0	124	0	0	0	0	0	0	0	0	0	0	0	0	0	0	0	0	0	0	0	0	0	0	0	0	0	0	0	0	0	0	0	0	0	
542436	Caudate_R	750	2172	12886	28584	192	12370	1950	4526	0	0	4456	6430	3072	5652	1290	4542	600	1134	11078	28688	2824	5620	3184	9060	0	9954	540	1918	3582	4654	7070	23046	706	1122	0	0	156	372	0	190	0	0	0	0	0	0	0	0	0	0	0	0	0	0	0	104	0	842	0	0	0	0	0	0	0	0	0	0	0	0	11476	0	4258	26404	264	5378	428	16808	0	106	226	0	0	554	0	0	0	0	0	0	0	0	0	0	0	0	0	0	0	0	0	0	0	0	0	0	0	0	0	0	0	0	0	0	0	0	
504860	Putamen_L	3278	308	35054	2050	9630	280	11264	146	3606	0	2974	234	5292	174	9828	0	2296	0	23178	2162	2166	3426	2118	274	1752	284	1632	324	26758	118	6834	1372	0	0	0	0	16752	212	3896	0	358	0	0	0	0	0	232	0	0	0	288	0	0	0	9888	0	870	194	216	0	546	344	428	432	0	0	0	0	0	0	25338	4258	0	304	10162	0	5692	296	1346	0	724	0	1978	0	0	0	0	0	6500	0	1028	0	190	0	0	0	262	0	884	0	0	0	0	0	0	0	0	0	0	0	0	0	0	0	0	0	
417388	Putamen_R	0	4570	1258	20632	0	8986	100	4228	0	172	466	10318	262	2734	100	2612	0	5334	1732	15216	306	856	130	4210	0	6890	100	1304	268	20164	1684	8304	0	390	246	564	118	17212	228	10942	0	1324	0	0	0	0	0	164	0	0	0	0	0	0	196	7470	0	4106	0	0	0	0	0	0	0	0	0	132	0	0	1040	26404	304	0	0	7690	122	1794	0	656	0	344	0	1268	0	0	0	0	154	418	0	324	0	0	0	0	0	1078	0	1070	0	0	0	0	0	0	0	0	0	0	0	0	0	0	0	0	
69828	Pallidum_L	904	214	5288	482	0	0	956	0	0	0	0	0	0	0	0	0	240	0	4806	898	0	0	0	0	0	0	0	0	526	0	0	0	0	0	0	0	308	170	0	0	0	0	0	0	0	0	0	0	0	0	0	0	0	0	0	0	0	198	0	0	0	354	0	442	0	0	0	0	0	0	4332	264	10162	0	0	0	4092	0	278	0	0	0	0	0	0	0	0	0	0	0	0	0	0	0	0	0	0	0	0	0	0	0	0	0	0	0	0	0	0	0	0	0	0	0	0	0	
60396	Pallidum_R	0	2336	0	3012	0	108	0	2204	0	0	0	1532	0	0	0	0	0	1472	178	856	0	0	0	0	0	0	0	0	0	578	0	242	0	0	0	0	0	1280	0	1196	0	0	0	0	0	0	0	0	0	0	0	0	0	0	0	128	0	1682	0	0	0	0	0	0	0	0	0	0	0	0	0	5378	0	7690	0	0	0	0	0	326	0	0	0	0	0	0	0	0	0	0	0	0	0	0	0	0	0	0	0	0	0	0	0	0	0	0	0	0	0	0	0	0	0	0	0	0	
137364	Thalamus_L	902	232	9476	1484	0	0	2122	0	0	0	0	0	276	0	264	0	1012	0	8042	930	0	0	0	0	0	0	0	0	5898	0	0	0	0	0	0	242	5634	524	2068	410	0	0	0	0	0	0	0	0	0	0	0	0	0	0	870	278	0	0	0	0	0	0	120	0	0	0	0	0	0	0	11044	428	5692	122	4092	0	0	2226	2914	0	206	0	0	0	138	0	0	0	1036	0	0	0	0	0	0	0	0	0	0	0	0	0	0	0	0	0	0	0	0	0	0	0	0	0	0	0	
184900	Thalamus_R	164	3290	1436	21736	0	200	244	328	0	0	0	384	0	0	0	0	118	644	1254	25310	0	0	0	186	0	98	0	0	546	1096	0	394	0	0	268	728	1682	4098	1340	2208	0	0	0	0	0	0	0	252	0	0	0	0	0	0	214	1008	0	126	0	0	0	0	0	0	0	0	0	418	0	0	520	16808	296	1794	0	0	2226	0	124	0	0	0	0	304	0	0	0	0	240	0	0	184	0	0	0	0	0	0	0	184	0	0	0	0	0	0	0	0	0	0	0	0	0	0	0	0	
172392	Heschl_L	3852	254	3436	172	0	0	5332	0	0	0	612	0	0	0	0	0	10888	0	1740	158	0	0	0	0	0	0	0	0	19218	0	0	0	0	0	0	0	8830	0	542	0	0	0	0	0	0	0	0	0	140	0	948	0	0	0	3390	0	3764	0	414	0	526	0	1072	0	0	0	0	0	236	0	626	0	1346	0	278	0	2914	124	0	0	10020	0	218	0	2172	0	0	0	2814	0	160	0	0	0	0	0	0	0	0	0	0	0	0	0	0	0	0	0	0	0	0	0	0	0	0	0	
44340	Heschl_R	0	470	0	614	0	0	0	0	0	0	0	256	0	0	0	0	0	4704	0	586	0	0	0	0	0	0	0	0	0	3224	0	0	0	0	0	0	0	1664	0	1006	0	0	0	0	0	0	0	0	0	0	0	0	0	106	0	888	0	1642	0	202	0	274	0	556	0	0	0	136	0	0	0	106	0	656	0	326	0	0	0	0	0	3384	0	362	0	216	0	0	0	792	0	0	0	0	0	0	0	0	0	0	0	0	0	0	0	0	0	0	0	0	0	0	0	0	0	0	
317948	Temporal_Sup_L	7006	756	5292	194	0	0	2760	0	0	0	4178	114	498	0	0	0	21160	0	4176	162	0	0	0	0	0	0	0	0	17250	0	0	128	0	0	104	0	5470	0	498	0	0	0	546	0	0	0	216	0	1658	0	6362	0	338	0	7344	0	8022	0	2270	0	4112	0	6388	0	1020	0	896	0	1386	0	668	226	724	0	0	0	206	0	10020	0	0	0	3536	0	21268	0	302	0	10564	0	612	0	0	0	0	0	0	0	544	0	0	0	0	0	0	0	0	0	0	0	0	0	0	0	0	0	
107548	Temporal_Sup_R	0	814	0	170	0	0	0	212	0	0	0	0	0	0	0	0	0	3162	0	140	0	0	0	0	0	0	0	0	0	5166	0	0	0	220	156	468	0	1436	0	872	0	0	0	234	0	0	0	106	0	204	0	762	0	228	0	3052	0	1424	0	460	0	854	0	3772	0	4078	0	608	0	0	0	0	0	344	0	0	0	0	0	3384	0	0	0	3698	0	10738	0	444	0	6568	0	0	0	0	0	0	0	0	0	0	0	0	0	0	0	0	0	0	0	0	0	0	0	0	0	0	
105348	Temporal_Pole_Sup_L	166	0	1066	0	756	0	436	0	748	0	2666	0	792	0	3336	0	1528	0	660	0	600	0	0	0	0	0	0	0	6854	0	0	0	0	0	0	0	2110	0	752	0	836	0	0	0	0	0	0	0	0	0	0	0	0	0	3102	0	118	0	0	0	0	0	0	0	0	0	0	0	0	0	124	0	1978	0	0	0	0	0	218	0	3536	0	0	0	7496	0	5694	0	7102	0	0	0	0	0	0	0	0	0	0	0	0	0	0	0	0	0	0	0	0	0	0	0	0	0	0	0	
73688	Temporal_Pole_Sup_R	0	0	194	1550	0	0	0	300	0	0	0	1740	0	0	0	0	0	3360	188	1190	0	0	0	0	0	0	0	0	0	5270	0	0	0	0	0	0	0	1632	0	1520	0	1612	0	0	0	0	0	0	0	0	0	0	0	0	0	2476	0	0	0	0	0	0	0	0	0	0	0	0	0	0	0	554	0	1268	0	0	0	304	0	362	0	3698	0	0	0	3590	0	3236	0	2654	0	0	0	0	0	0	0	146	0	0	0	0	0	0	0	0	0	0	0	0	0	0	0	0	0	0	
347728	Temporal_Mid_L	2102	1524	506	0	0	0	1034	0	0	0	0	0	0	0	0	0	1650	0	130	0	0	0	0	0	0	0	0	0	2476	0	0	0	0	0	492	0	1554	0	114	0	0	0	3924	142	562	0	1284	0	2978	0	32306	0	4020	0	7722	0	4878	0	2942	0	5614	0	5692	0	11796	0	2716	0	2118	0	0	0	0	0	0	0	138	0	2172	0	21268	0	7496	0	0	0	6168	0	36010	0	190	0	0	0	0	0	0	0	0	0	0	0	0	0	0	0	0	0	0	0	146	0	0	0	0	0	
137068	Temporal_Mid_R	0	884	0	0	0	0	0	224	0	0	0	0	0	0	0	0	0	0	0	0	0	0	0	0	0	0	0	0	0	1786	0	0	0	336	134	654	0	704	0	478	0	0	0	1336	200	866	0	274	0	1392	0	11070	0	1042	0	1394	0	460	0	408	0	804	0	922	0	6920	436	1910	0	0	0	0	0	0	0	0	0	0	0	216	0	10738	0	3590	0	0	0	1888	0	17468	0	0	0	0	0	0	0	0	0	0	0	0	0	0	0	0	0	0	0	0	0	0	0	0	0	0	
42460	Temporal_Pole_Mid_L	0	0	0	0	0	0	0	0	0	0	0	0	0	0	0	0	0	0	0	0	0	0	0	0	0	0	0	0	142	0	0	0	0	0	0	0	194	0	252	0	188	0	0	0	0	0	0	0	0	0	0	0	0	0	2570	0	0	0	0	0	0	0	0	0	0	0	0	0	0	0	0	0	0	0	0	0	0	0	0	0	302	0	5694	0	6168	0	0	0	5720	0	0	0	0	0	0	0	0	0	0	0	0	0	0	0	0	0	0	0	0	0	0	0	0	0	0	0	
19612	Temporal_Pole_Mid_R	0	0	0	0	0	0	0	0	0	0	0	0	0	0	0	0	0	0	0	0	0	0	0	0	0	0	0	0	0	0	0	0	0	0	0	0	0	290	0	902	0	444	0	0	0	0	0	0	0	0	0	0	0	0	0	1306	0	0	0	0	0	0	0	0	0	0	0	0	0	0	0	0	0	0	0	0	0	0	0	0	0	444	0	3236	0	1888	0	0	0	1296	0	0	0	0	0	0	0	0	0	0	0	0	0	0	0	0	0	0	0	0	0	0	0	0	0	0	
402384	Temporal_Inf_L	2534	486	4746	238	0	0	3078	0	0	0	318	0	126	0	0	0	1926	0	3274	240	0	0	0	0	0	0	0	0	10314	0	0	0	0	0	1904	1186	18420	474	5934	0	884	0	1170	0	136	0	620	0	792	0	10688	0	3484	0	35718	0	1474	0	1144	0	1694	0	404	0	742	0	992	166	774	0	0	0	6500	154	0	0	1036	240	2814	0	10564	0	7102	0	36010	0	5720	0	0	0	7526	0	1774	0	0	0	500	0	3464	0	838	0	870	0	0	0	0	0	0	0	0	0	0	0	0	0	
154144	Temporal_Inf_R	0	2444	0	188	0	0	0	538	0	0	0	0	0	0	0	0	0	254	0	106	0	0	0	0	0	0	0	0	0	3138	0	0	0	584	392	2576	0	3670	0	1716	0	506	0	1546	0	0	0	588	0	282	0	1130	0	2234	0	12208	0	890	0	1072	0	1582	0	2820	0	1098	534	3454	0	0	0	0	0	418	0	0	0	0	0	792	0	6568	0	2654	0	17468	0	1296	0	0	0	1020	0	0	0	0	0	110	0	182	0	0	0	100	0	0	0	0	0	0	914	0	0	0	0	0	
467140	Cerebelum_Crus1_L	0	0	768	0	0	0	558	0	0	0	0	0	0	0	0	0	142	0	358	0	0	0	0	0	0	0	0	0	1246	0	0	0	0	0	0	0	2906	0	1228	0	0	0	0	0	0	0	11072	1118	0	0	0	0	0	0	18578	574	0	0	0	0	0	0	0	0	0	0	122	0	0	0	0	0	1028	0	0	0	0	0	160	0	612	0	0	0	190	0	0	0	7526	0	0	2730	39092	4978	892	226	18852	1854	46554	3018	14088	608	17168	3634	2164	540	594	0	180	224	8804	8208	8418	1782	566	210	
363752	Cerebelum_Crus1_R	0	0	0	0	0	0	0	0	0	0	0	0	0	0	0	0	0	0	0	0	0	0	0	0	0	0	0	0	0	0	0	0	0	0	0	0	0	1420	0	774	0	0	0	0	0	0	2676	6242	0	0	0	0	0	0	0	10128	0	0	0	0	0	0	0	0	0	0	0	0	0	0	0	0	0	324	0	0	0	184	0	0	0	0	0	0	0	0	0	0	0	1020	2730	0	2692	32246	174	1888	594	11186	2132	44196	316	2022	638	19166	102	2546	0	4130	508	722	5808	9960	11828	1680	1472	372	
335588	Cerebelum_Crus2_L	0	0	154	0	0	0	104	0	0	0	0	0	0	0	0	0	0	0	0	0	0	0	0	0	0	0	0	0	194	0	0	0	0	0	0	0	614	0	592	0	0	0	0	0	0	0	690	454	0	0	0	0	0	0	2122	254	0	0	0	0	0	0	0	0	0	0	0	0	0	0	0	0	190	0	0	0	0	0	0	0	0	0	0	0	0	0	0	0	1774	0	39092	2692	0	11448	546	0	4644	756	9212	2294	31796	4280	27342	4520	1174	380	764	0	106	112	2188	2488	11890	2446	370	112	
306128	Cerebelum_Crus2_R	0	0	0	0	0	0	0	0	0	0	0	0	0	0	0	0	0	0	0	0	0	0	0	0	0	0	0	0	0	0	0	0	0	0	0	0	0	286	0	138	0	0	0	0	0	0	188	366	0	0	0	0	0	0	142	792	0	0	0	0	0	0	0	0	0	0	0	0	0	0	0	0	0	0	0	0	0	0	0	0	0	0	0	0	0	0	0	0	0	0	4978	32246	11448	0	160	716	480	3076	1348	12376	4248	13468	2646	29578	164	4538	0	3646	326	476	1838	1204	16838	3398	1732	224	
48600	Cerebelum_3_L	0	0	0	0	0	0	0	0	0	0	0	0	0	0	0	0	0	0	0	0	0	0	0	0	0	0	0	0	0	0	0	0	0	0	0	0	116	0	216	0	0	0	0	0	0	0	502	144	0	0	0	0	0	0	0	108	0	0	0	0	0	0	0	0	0	0	0	0	0	0	0	0	0	0	0	0	0	0	0	0	0	0	0	0	0	0	0	0	0	0	892	174	546	160	0	0	5572	290	2038	374	0	0	1274	430	2772	216	0	0	1484	2110	1776	1272	636	630	430	138	
41764	Cerebelum_3_R	0	0	0	0	0	0	0	0	0	0	0	0	0	0	0	0	0	0	0	0	0	0	0	0	0	0	0	0	0	0	0	0	0	0	0	0	0	0	0	150	0	0	0	0	0	0	0	526	0	0	0	0	0	0	0	186	0	0	0	0	0	0	0	0	0	0	0	0	0	0	0	0	0	0	0	0	0	0	0	0	0	0	0	0	0	0	0	0	0	0	226	1888	0	716	0	0	566	4104	314	2842	0	0	0	1022	0	726	0	0	628	2002	2052	274	1072	758	830	0	
230636	Cerebelum_4_5_L	0	0	146	0	0	0	106	0	0	0	0	0	0	0	0	0	0	0	0	0	0	0	0	0	0	0	0	0	112	0	0	0	0	0	0	0	1062	0	2128	0	0	0	0	0	0	0	8464	508	0	0	0	0	0	0	8084	248	0	0	0	0	0	0	0	0	0	0	268	0	0	0	0	0	262	0	0	0	0	0	0	0	0	0	0	0	0	0	0	0	500	0	18852	594	4644	480	5572	566	0	1306	27336	1134	706	0	2408	1096	4238	542	106	0	978	1514	10858	6200	1616	904	1000	780	
181228	Cerebelum_4_5_R	0	0	0	0	0	0	0	0	0	0	0	0	0	0	0	0	0	0	0	0	0	0	0	0	0	0	0	0	0	356	0	0	0	0	0	0	0	2376	0	3140	0	522	0	0	0	0	0	4232	0	0	0	0	0	0	0	5696	0	0	0	0	0	0	0	0	0	0	0	282	0	0	0	0	0	1078	0	0	0	0	0	0	0	0	0	146	0	0	0	0	0	110	1854	11186	756	3076	290	4104	1306	0	2468	20002	0	0	338	2696	128	1982	0	120	324	1632	9674	3702	3342	1668	1862	166	
375036	Cerebelum_6_L	108	0	574	0	0	0	520	0	0	0	0	0	0	0	0	0	0	0	218	0	0	0	0	0	0	0	0	0	976	0	0	0	0	0	0	0	2682	0	1986	0	0	0	0	0	0	0	14610	1454	0	0	0	0	0	0	21778	822	0	0	0	0	0	0	0	0	0	0	194	0	0	0	0	0	884	0	0	0	0	0	0	0	544	0	0	0	0	0	0	0	3464	0	46554	2132	9212	1348	2038	314	27336	2468	0	3138	1986	116	2730	1644	2072	726	0	0	162	224	12680	12470	4884	1250	828	392	
349136	Cerebelum_6_R	0	0	0	0	0	0	0	0	0	0	0	104	0	0	0	0	0	0	0	0	0	0	0	0	0	0	0	0	0	382	0	0	0	0	0	0	0	2658	104	2094	0	0	0	0	0	0	2914	8844	0	0	0	0	0	128	0	14498	0	0	0	0	0	0	0	0	0	0	0	0	0	0	0	0	0	1070	0	0	0	184	0	0	0	0	0	0	0	0	0	0	0	182	3018	44196	2294	12376	374	2842	1134	20002	3138	0	262	0	650	7140	232	1556	0	1504	786	1172	10588	12920	11110	1946	1610	556	
205584	Cerebelum_7b_L	0	0	0	0	0	0	0	0	0	0	0	0	0	0	0	0	0	0	0	0	0	0	0	0	0	0	0	0	0	0	0	0	0	0	0	0	150	0	0	0	0	0	0	0	0	0	264	0	0	0	0	0	0	0	712	0	0	0	0	0	0	0	0	0	0	0	0	0	0	0	0	0	0	0	0	0	0	0	0	0	0	0	0	0	0	0	0	0	838	0	14088	316	31796	4248	0	0	706	0	1986	262	0	2404	30168	3032	1880	202	1590	0	0	0	144	200	5022	2626	158	0	
89640	Cerebelum_7b_R	0	0	0	0	0	0	0	0	0	0	0	0	0	0	0	0	0	0	0	0	0	0	0	0	0	0	0	0	0	0	0	0	0	0	0	0	0	0	0	0	0	0	0	0	0	0	0	0	0	0	0	0	0	0	0	0	0	0	0	0	0	0	0	0	0	0	0	0	0	0	0	0	0	0	0	0	0	0	0	0	0	0	0	0	0	0	0	0	0	0	608	2022	4280	13468	0	0	0	0	116	0	2404	0	668	14424	0	1450	0	112	0	0	0	0	4166	1102	0	0	
260620	Cerebelum_8_L	0	0	0	0	0	0	0	0	0	0	0	0	0	0	0	0	0	0	0	0	0	0	0	0	0	0	0	0	0	0	0	0	0	0	0	0	172	0	0	0	0	0	0	0	0	0	226	152	0	0	0	0	0	0	832	0	0	0	0	0	0	0	0	0	0	0	0	0	0	0	0	0	0	0	0	0	0	0	0	0	0	0	0	0	0	0	0	0	870	0	17168	638	27342	2646	1274	0	2408	338	2730	650	30168	668	0	4786	15286	1282	5596	0	0	0	978	1142	4146	6444	2112	256	
303268	Cerebelum_8_R	0	0	0	0	0	0	0	0	0	0	0	0	0	0	0	0	0	0	0	0	0	0	0	0	0	0	0	0	0	0	0	0	0	0	0	0	0	196	0	172	0	0	0	0	0	0	0	226	0	0	0	0	0	0	176	386	0	0	0	0	0	0	0	0	0	0	0	0	0	0	0	0	0	0	0	0	0	0	0	0	0	0	0	0	0	0	0	0	0	100	3634	19166	4520	29578	430	1022	1096	2696	1644	7140	3032	14424	4786	0	1264	17540	0	7762	602	440	2102	1434	12182	8502	4602	780	
97472	Cerebelum_9_L	0	0	0	0	0	0	0	0	0	0	0	0	0	0	0	0	0	0	0	0	0	0	0	0	0	0	0	0	0	0	0	0	0	0	0	0	0	0	0	0	0	0	0	0	0	0	0	0	0	0	0	0	0	0	266	0	0	0	0	0	0	0	0	0	0	0	0	0	0	0	0	0	0	0	0	0	0	0	0	0	0	0	0	0	0	0	0	0	0	0	2164	102	1174	164	2772	0	4238	128	2072	232	1880	0	15286	1264	0	1846	6566	0	198	134	792	1522	1022	2092	2156	666	
121424	Cerebelum_9_R	0	0	0	0	0	0	0	0	0	0	0	0	0	0	0	0	0	0	0	0	0	0	0	0	0	0	0	0	0	0	0	0	0	0	0	0	0	0	0	114	0	0	0	0	0	0	0	206	0	0	0	0	0	0	0	0	0	0	0	0	0	0	0	0	0	0	0	0	0	0	0	0	0	0	0	0	0	0	0	0	0	0	0	0	0	0	0	0	0	0	540	2546	380	4538	216	726	542	1982	726	1556	202	1450	1282	17540	1846	0	278	3846	304	364	1472	1770	3432	4758	6340	1756	
31328	Cerebelum_10_L	0	0	0	0	0	0	0	0	0	0	0	0	0	0	0	0	0	0	0	0	0	0	0	0	0	0	0	0	0	0	0	0	0	0	0	0	0	0	0	0	0	0	0	0	0	0	0	0	0	0	0	0	0	0	0	0	0	0	0	0	0	0	0	0	0	0	0	0	0	0	0	0	0	0	0	0	0	0	0	0	0	0	0	0	0	0	0	0	0	0	594	0	764	0	0	0	106	0	0	0	1590	0	5596	0	6566	278	0	0	170	0	0	0	0	0	0	0	
43264	Cerebelum_10_R	0	0	0	0	0	0	0	0	0	0	0	0	0	0	0	0	0	0	0	0	0	0	0	0	0	0	0	0	0	0	0	0	0	0	0	0	0	104	0	0	0	0	0	0	0	0	0	0	0	0	0	0	0	0	0	128	0	0	0	0	0	0	0	0	0	0	0	0	0	0	0	0	0	0	0	0	0	0	0	0	0	0	0	0	0	0	0	0	0	0	0	4130	0	3646	0	0	0	120	0	1504	0	112	0	7762	0	3846	0	0	0	0	168	0	112	0	0	0	
28948	Vermis_1_2	0	0	0	0	0	0	0	0	0	0	0	0	0	0	0	0	0	0	0	0	0	0	0	0	0	0	0	0	0	0	0	0	0	0	0	0	0	0	0	0	0	0	0	0	0	0	0	0	0	0	0	0	0	0	0	0	0	0	0	0	0	0	0	0	0	0	0	0	0	0	0	0	0	0	0	0	0	0	0	0	0	0	0	0	0	0	0	0	0	0	180	508	106	326	1484	628	978	324	162	786	0	0	0	602	198	304	170	0	0	4208	1754	288	650	426	392	0	
