data	data	477116	229520	1.00192e+06	696892	177564	82916	603848	203144	88332	20940	369064	209696	425416	145928	183600	62476	156588	137536	621744	622056	88384	89548	346328	392944	28976	108116	63544	99480	580532	363488	229228	482232	202008	514968	99192	107328	171128	162200	45408	107444	26364	43016	206584	301456	188464	244728	161700	270320	165268	259860	395536	247604	100956	100076	276940	318592	261832	164320	115636	94244	179036	101208	115412	82560	141508	120164	232180	328640	177532	196116	241488	293704	300108	247300	48748	39544	111648	118932	54384	10012	183272	190144	82852	100228	313300	276624	49864	26420	282152	233880	417020	413048	385036	347524	19164	70484	202028	221000	383416	371860	256204	182076	286956	321904	126872	188664	22528	9908	24924	69704	261152	222260	233712	167172	115844	35868	
data	data	Precentral_L	Precentral_R	Frontal_Sup_L	Frontal_Sup_R	Frontal_Sup_Orb_L	Frontal_Sup_Orb_R	Frontal_Mid_L	Frontal_Mid_R	Frontal_Mid_Orb_L	Frontal_Mid_Orb_R	Frontal_Inf_Oper_L	Frontal_Inf_Oper_R	Frontal_Inf_Tri_L	Frontal_Inf_Tri_R	Frontal_Inf_Orb_L	Frontal_Inf_Orb_R	Rolandic_Oper_L	Rolandic_Oper_R	Supp_Motor_Area_L	Supp_Motor_Area_R	Olfactory_L	Olfactory_R	Frontal_Sup_Medial_L	Frontal_Sup_Medial_R	Frontal_Med_Orb_L	Frontal_Med_Orb_R	Rectus_L	Rectus_R	Insula_L	Insula_R	Cingulum_Ant_L	Cingulum_Ant_R	Cingulum_Mid_L	Cingulum_Mid_R	Cingulum_Post_L	Cingulum_Post_R	Hippocampus_L	Hippocampus_R	ParaHippocampal_L	ParaHippocampal_R	Amygdala_L	Amygdala_R	Calcarine_L	Calcarine_R	Cuneus_L	Cuneus_R	Lingual_L	Lingual_R	Occipital_Sup_L	Occipital_Sup_R	Occipital_Mid_L	Occipital_Mid_R	Occipital_Inf_L	Occipital_Inf_R	Fusiform_L	Fusiform_R	Postcentral_L	Postcentral_R	Parietal_Sup_L	Parietal_Sup_R	Parietal_Inf_L	Parietal_Inf_R	SupraMarginal_L	SupraMarginal_R	Angular_L	Angular_R	Precuneus_L	Precuneus_R	Paracentral_Lobule_L	Paracentral_Lobule_R	Caudate_L	Caudate_R	Putamen_L	Putamen_R	Pallidum_L	Pallidum_R	Thalamus_L	Thalamus_R	Heschl_L	Heschl_R	Temporal_Sup_L	Temporal_Sup_R	Temporal_Pole_Sup_L	Temporal_Pole_Sup_R	Temporal_Mid_L	Temporal_Mid_R	Temporal_Pole_Mid_L	Temporal_Pole_Mid_R	Temporal_Inf_L	Temporal_Inf_R	Cerebelum_Crus1_L	Cerebelum_Crus1_R	Cerebelum_Crus2_L	Cerebelum_Crus2_R	Cerebelum_3_L	Cerebelum_3_R	Cerebelum_4_5_L	Cerebelum_4_5_R	Cerebelum_6_L	Cerebelum_6_R	Cerebelum_7b_L	Cerebelum_7b_R	Cerebelum_8_L	Cerebelum_8_R	Cerebelum_9_L	Cerebelum_9_R	Cerebelum_10_L	Cerebelum_10_R	Vermis_1_2	Vermis_3	Vermis_4_5	Vermis_6	Vermis_7	Vermis_8	Vermis_9	Vermis_10	
477116	Precentral_L	0	4988	13658	5866	106	0	24336	464	0	0	18306	610	8726	0	0	0	8874	334	6482	9148	0	0	130	0	0	0	0	0	16782	506	410	260	728	6350	1696	1686	7408	960	344	0	0	0	0	0	0	0	82	0	0	0	284	0	142	0	316	0	29292	0	174	0	5272	0	404	0	460	0	0	96	16634	4218	3672	256	10932	452	1716	0	18978	886	3118	0	1442	118	0	104	84	0	0	0	268	0	0	0	0	0	0	0	0	0	0	0	0	0	0	0	0	0	0	0	0	0	0	0	0	0	0	0	
229520	Precentral_R	4988	0	2018	13934	0	0	476	8546	0	0	238	5886	132	250	0	0	144	2060	426	5400	0	0	0	0	0	0	0	0	248	1758	0	164	0	2090	0	1570	0	1588	0	368	0	582	0	846	0	476	0	294	0	90	0	126	0	0	0	0	1980	11274	0	0	0	116	0	816	0	0	0	2158	1076	4896	532	9294	0	4792	0	2624	1648	18278	0	0	0	0	0	170	0	212	0	0	0	196	0	0	0	0	0	0	0	0	0	0	0	0	0	0	0	0	0	0	0	0	0	0	0	0	0	0	
1.00192e+06	Frontal_Sup_L	13658	2018	0	19772	15818	0	81082	172	5274	0	27530	1874	33894	170	14482	0	3270	438	67592	22526	154	0	43036	11182	310	0	204	0	41156	492	11736	4412	10254	9136	0	0	2248	0	0	0	0	0	0	0	0	0	0	0	0	0	0	0	0	0	0	0	1016	0	0	0	124	0	0	0	0	0	0	0	444	156	12634	2280	29320	220	5614	0	1826	0	230	0	1636	176	738	166	234	0	0	0	254	0	0	0	0	0	0	0	0	0	0	0	0	0	0	0	0	0	0	0	0	0	0	0	0	0	0	0	
696892	Frontal_Sup_R	5866	13934	19772	0	0	3904	4778	27234	0	462	6020	8670	2864	10904	0	2402	154	4704	19790	40888	0	116	10970	43092	0	2216	0	1618	1714	15872	3706	34620	1782	22018	0	0	140	204	0	84	0	0	0	0	0	0	0	0	0	0	0	0	0	0	0	0	2192	0	0	112	0	0	0	0	0	0	0	278	1002	598	4442	14098	756	7766	0	2092	180	1640	96	0	0	1402	0	1294	0	0	0	0	0	0	0	0	0	0	0	0	0	0	0	0	0	0	0	0	0	0	0	0	0	0	0	0	0	0	0	0	
177564	Frontal_Sup_Orb_L	106	0	15818	0	0	0	5356	0	13400	0	542	0	3700	0	15326	0	266	0	548	0	1688	316	4612	256	3772	510	4732	0	6252	0	5166	348	546	320	0	0	0	0	94	0	0	0	0	0	0	0	0	0	0	0	0	0	0	0	0	0	0	0	0	0	0	0	0	0	0	0	0	0	0	0	738	0	3296	0	0	0	0	0	0	0	166	0	908	0	0	0	0	0	0	0	0	0	0	0	0	0	0	0	0	0	0	0	0	0	0	0	0	0	0	0	0	0	0	0	0	0	
82916	Frontal_Sup_Orb_R	0	0	0	3904	0	0	0	328	0	1644	0	0	0	228	0	2558	0	0	0	94	0	940	102	5182	206	8746	256	8822	0	2044	164	1988	0	106	0	0	0	0	0	0	0	0	0	0	0	0	0	0	0	0	0	0	0	0	0	0	0	0	0	0	0	0	0	0	0	0	0	0	0	0	0	1290	0	2856	0	0	0	0	0	0	0	0	0	0	0	0	0	0	0	0	0	0	0	0	0	0	0	0	0	0	0	0	0	0	0	0	0	0	0	0	0	0	0	0	0	0	
603848	Frontal_Mid_L	24336	476	81082	4778	5356	0	0	852	4692	0	27554	1164	45840	0	9324	0	844	234	16008	3382	0	0	12036	1510	0	0	0	0	28966	144	4414	1072	6200	2044	0	0	1986	0	122	0	0	0	0	0	0	0	0	0	0	0	0	0	0	0	0	0	1632	0	0	0	706	0	0	0	0	0	0	0	0	0	2730	1092	6592	244	1486	0	2282	0	246	0	412	0	86	0	0	0	0	0	0	0	0	0	0	0	0	0	0	0	0	0	0	0	0	0	0	0	0	0	0	0	0	0	0	0	0	0	
203144	Frontal_Mid_R	464	8546	172	27234	0	328	852	0	0	1572	1168	10416	968	13028	0	2058	0	2922	2352	4218	0	0	88	3556	0	0	0	0	114	4858	0	4600	92	3936	0	0	0	176	0	98	0	0	0	0	0	0	0	0	0	0	0	0	0	0	0	0	0	450	0	0	0	0	0	0	0	0	0	0	0	0	316	1782	0	3814	0	518	166	584	0	0	0	126	0	0	0	0	0	0	0	0	0	0	0	0	0	0	0	0	0	0	0	0	0	0	0	0	0	0	0	0	0	0	0	0	0	0	
88332	Frontal_Mid_Orb_L	0	0	5274	0	13400	0	4692	0	0	0	0	0	3712	0	10566	0	0	0	162	0	94	0	424	0	868	0	1658	0	1284	0	858	0	454	190	0	0	0	0	0	0	0	0	0	0	0	0	0	0	0	0	0	0	0	0	0	0	0	0	0	0	0	0	0	0	0	0	0	0	0	0	0	0	274	0	0	0	0	0	0	0	0	0	256	0	0	0	0	0	0	0	0	0	0	0	0	0	0	0	0	0	0	0	0	0	0	0	0	0	0	0	0	0	0	0	0	0	
20940	Frontal_Mid_Orb_R	0	0	0	462	0	1644	0	1572	0	0	0	0	0	374	0	5280	0	0	0	0	0	0	0	224	0	0	0	0	0	542	0	264	0	0	0	0	0	0	0	0	0	0	0	0	0	0	0	0	0	0	0	0	0	0	0	0	0	0	0	0	0	0	0	0	0	0	0	0	0	0	0	0	0	108	0	0	0	0	0	0	0	0	0	0	0	0	0	0	0	0	0	0	0	0	0	0	0	0	0	0	0	0	0	0	0	0	0	0	0	0	0	0	0	0	0	0	
369064	Frontal_Inf_Oper_L	18306	238	27530	6020	542	0	27554	1168	0	0	0	3458	23168	92	88	0	9684	1154	10484	3598	0	0	1004	0	0	0	0	0	18920	1446	1216	582	884	448	0	0	692	0	0	0	0	0	0	0	0	0	0	0	0	0	0	0	0	0	0	0	2472	0	0	0	0	0	0	0	0	0	0	0	0	0	12382	674	4702	282	408	0	100	0	520	0	2614	290	1536	276	0	0	0	0	0	0	0	0	0	0	0	0	0	0	0	0	0	0	0	0	0	0	0	0	0	0	0	0	0	0	0	0	
209696	Frontal_Inf_Oper_R	610	5886	1874	8670	0	0	1164	10416	0	0	3458	0	2092	8572	0	192	210	7392	4080	4976	0	0	0	764	0	0	0	426	1378	12908	0	5470	0	3542	0	0	0	178	0	0	0	0	0	0	0	0	0	0	0	0	0	0	0	0	0	0	0	198	0	0	0	0	0	0	0	0	0	0	0	0	4780	6870	1262	3988	0	182	108	482	0	0	0	1376	0	1344	0	0	0	0	0	0	0	0	0	0	0	0	0	0	0	0	0	0	0	0	0	0	0	0	0	0	0	0	0	0	0	0	
425416	Frontal_Inf_Tri_L	8726	132	33894	2864	3700	0	45840	968	3712	0	23168	2092	0	0	15234	0	576	386	9540	2006	0	0	4236	946	0	0	0	0	39762	144	1378	506	4246	1182	0	0	0	0	0	0	0	0	0	0	0	0	0	0	0	0	0	0	0	0	0	0	0	0	0	0	0	0	0	0	0	0	0	0	0	0	3538	312	2646	218	136	0	0	0	0	0	214	0	406	0	0	0	0	0	0	0	0	0	0	0	0	0	0	0	0	0	0	0	0	0	0	0	0	0	0	0	0	0	0	0	0	0	
145928	Frontal_Inf_Tri_R	0	250	170	10904	0	228	0	13028	0	374	92	8572	0	0	0	2226	0	152	2866	4196	0	0	0	5236	0	0	0	112	0	9804	0	7956	0	3942	0	0	0	140	0	96	0	0	0	0	0	0	0	0	0	0	0	0	0	0	0	0	0	0	0	0	0	0	0	0	0	0	0	0	0	0	0	1886	0	734	0	0	0	0	0	0	0	0	0	0	0	0	0	0	0	0	0	0	0	0	0	0	0	0	0	0	0	0	0	0	0	0	0	0	0	0	0	0	0	0	0	0	
183600	Frontal_Inf_Orb_L	0	0	14482	0	15326	0	9324	0	10566	0	88	0	15234	0	0	0	0	0	750	0	2192	202	956	0	0	0	1400	0	13968	0	496	0	1960	598	0	0	310	0	100	0	226	0	0	0	0	0	0	0	0	0	0	0	0	0	0	0	0	0	0	0	0	0	0	0	0	0	0	0	0	0	562	0	1682	0	0	0	0	0	0	0	0	0	1378	0	0	0	0	0	0	0	0	0	0	0	0	0	0	0	0	0	0	0	0	0	0	0	0	0	0	0	0	0	0	0	0	0	
62476	Frontal_Inf_Orb_R	0	0	0	2402	0	2558	0	2058	0	5280	0	192	0	2226	0	0	0	382	0	0	0	1162	0	1494	0	586	0	1450	0	6204	0	1038	0	0	0	0	0	0	0	0	0	0	0	0	0	0	0	0	0	0	0	0	0	0	0	0	0	0	0	0	0	0	0	0	0	0	0	0	0	0	0	812	0	982	0	0	0	0	0	0	0	1036	0	1376	0	0	0	0	0	0	0	0	0	0	0	0	0	0	0	0	0	0	0	0	0	0	0	0	0	0	0	0	0	0	0	0	
156588	Rolandic_Oper_L	8874	144	3270	154	266	0	844	0	0	0	9684	210	576	0	0	0	0	220	1956	0	0	0	378	0	0	0	0	0	16364	406	102	0	368	0	0	0	1186	0	0	0	0	0	0	0	0	0	0	0	0	0	1434	0	280	0	366	0	9356	0	250	0	782	0	2230	0	852	0	232	0	0	0	3634	0	2138	0	488	0	148	0	2184	0	6462	142	1340	130	556	0	0	0	288	0	0	0	0	0	0	0	0	0	0	0	0	0	0	0	0	0	0	0	0	0	0	0	0	0	0	0	
137536	Rolandic_Oper_R	334	2060	438	4704	0	0	234	2922	0	0	1154	7392	386	152	0	382	220	0	542	1054	0	0	0	0	0	0	0	0	430	14376	0	538	0	258	0	0	0	654	0	130	0	0	0	126	0	94	0	0	0	0	0	0	0	0	0	154	0	2342	0	0	0	0	0	2524	0	0	0	304	0	0	1288	2370	172	6780	0	2200	106	404	0	1072	0	6204	0	3998	0	162	0	0	0	108	0	0	0	0	0	0	0	0	0	0	0	0	0	0	0	0	0	0	0	0	0	0	0	0	0	0	
621744	Supp_Motor_Area_L	6482	426	67592	19790	548	0	16008	2352	162	0	10484	4080	9540	2866	750	0	1956	542	0	47940	0	0	6978	5174	0	0	0	0	13520	2704	2496	6774	9216	27042	560	0	688	0	0	0	0	0	0	0	0	0	0	0	0	0	0	0	0	0	0	0	590	0	0	0	0	0	0	0	0	0	0	0	2894	336	9930	3606	20322	982	3308	0	348	0	138	0	952	184	92	162	164	0	0	0	194	0	0	0	0	0	0	0	0	0	0	0	0	0	0	0	0	0	0	0	0	0	0	0	0	0	0	0	
622056	Supp_Motor_Area_R	9148	5400	22526	40888	0	94	3382	4218	0	0	3598	4976	2006	4196	0	0	0	1054	47940	0	0	0	2474	6992	0	0	0	102	1302	3938	1862	13128	3820	56138	1288	4424	0	0	0	0	0	0	84	324	310	906	0	0	138	636	270	84	0	0	0	0	322	1634	0	246	0	0	0	0	0	0	490	3502	15172	29716	4140	4582	632	1352	0	0	678	0	0	0	0	404	0	372	0	140	0	0	0	0	0	0	0	0	0	0	0	0	0	0	0	0	0	0	0	0	0	0	0	0	0	0	0	0	0	0	
88384	Olfactory_L	0	0	154	0	1688	0	0	0	94	0	0	0	0	0	2192	0	0	0	0	0	0	6792	0	0	202	746	5240	940	2802	0	3484	2646	0	0	0	0	590	0	532	0	838	0	0	0	0	0	0	0	0	0	0	0	0	0	132	0	0	0	0	0	0	0	0	0	0	0	0	0	0	0	7876	3114	2474	538	0	0	0	0	0	0	200	0	918	0	0	0	0	0	0	0	0	0	0	0	0	0	0	0	0	0	0	0	0	0	0	0	0	0	0	0	0	0	0	0	0	0	
89548	Olfactory_R	0	0	0	116	316	940	0	0	0	0	0	0	0	0	202	1162	0	0	0	0	6792	0	0	302	0	2516	3842	4026	0	2112	2972	4056	0	0	0	0	0	0	0	116	0	96	0	0	0	0	0	0	0	0	0	0	0	0	0	0	0	0	0	0	0	0	0	0	0	0	0	0	0	0	6678	5792	1652	1086	0	0	0	0	0	0	0	0	0	0	0	0	0	0	0	0	0	0	0	0	0	0	0	0	0	0	0	0	0	0	0	0	0	0	0	0	0	0	0	0	0	0	
346328	Frontal_Sup_Medial_L	130	0	43036	10970	4612	102	12036	88	424	0	1004	0	4236	0	956	0	378	0	6978	2474	0	0	0	25778	1172	448	0	0	4258	0	16392	13768	10448	10664	0	0	0	0	0	0	0	0	0	0	0	0	0	0	0	0	0	0	0	0	0	0	0	0	0	0	0	0	0	0	0	0	0	0	0	0	328	140	1920	0	0	0	0	0	0	0	216	0	208	0	0	0	0	0	0	0	0	0	0	0	0	0	0	0	0	0	0	0	0	0	0	0	0	0	0	0	0	0	0	0	0	0	
392944	Frontal_Sup_Medial_R	0	0	11182	43092	256	5182	1510	3556	0	224	0	764	946	5236	0	1494	0	0	5174	6992	0	302	25778	0	360	6406	0	3432	830	7992	6306	32300	1770	14744	0	0	0	0	0	0	0	0	0	0	0	0	0	0	0	0	0	0	0	0	0	0	0	0	0	0	0	0	0	0	0	0	0	0	0	0	0	4282	0	6362	0	0	0	0	0	0	0	0	0	0	0	0	0	0	0	0	0	0	0	0	0	0	0	0	0	0	0	0	0	0	0	0	0	0	0	0	0	0	0	0	0	0	
28976	Frontal_Med_Orb_L	0	0	310	0	3772	206	0	0	868	0	0	0	0	0	0	0	0	0	0	0	202	0	1172	360	0	1570	1392	244	0	0	3300	434	0	0	0	0	0	0	0	0	0	0	0	0	0	0	0	0	0	0	0	0	0	0	0	0	0	0	0	0	0	0	0	0	0	0	0	0	0	0	244	0	414	0	0	0	0	0	0	0	0	0	0	0	0	0	0	0	0	0	0	0	0	0	0	0	0	0	0	0	0	0	0	0	0	0	0	0	0	0	0	0	0	0	0	0	
108116	Frontal_Med_Orb_R	0	0	0	2216	510	8746	0	0	0	0	0	0	0	0	0	586	0	0	0	0	746	2516	448	6406	1570	0	810	11652	0	806	1914	6598	0	0	0	0	0	0	0	0	0	0	0	0	0	0	0	0	0	0	0	0	0	0	0	0	0	0	0	0	0	0	0	0	0	0	0	0	0	0	538	3590	152	4254	0	0	0	0	0	0	0	0	0	0	0	0	0	0	0	0	0	0	0	0	0	0	0	0	0	0	0	0	0	0	0	0	0	0	0	0	0	0	0	0	0	0	
63544	Rectus_L	0	0	204	0	4732	256	0	0	1658	0	0	0	0	0	1400	0	0	0	0	0	5240	3842	0	0	1392	810	0	1182	0	0	2800	1644	0	0	0	0	0	0	0	0	0	0	0	0	0	0	0	0	0	0	0	0	0	0	0	0	0	0	0	0	0	0	0	0	0	0	0	0	0	0	4310	1498	492	312	0	0	0	0	0	0	0	0	0	0	0	0	0	0	0	0	0	0	0	0	0	0	0	0	0	0	0	0	0	0	0	0	0	0	0	0	0	0	0	0	0	0	
99480	Rectus_R	0	0	0	1618	0	8822	0	0	0	0	0	426	0	112	0	1450	0	0	0	102	940	4026	0	3432	244	11652	1182	0	0	2126	624	5398	0	0	0	0	0	0	0	0	0	0	0	0	0	0	0	0	0	0	0	0	0	0	0	0	0	0	0	0	0	0	0	0	0	0	0	0	0	0	576	4082	0	2928	0	0	0	0	0	0	0	0	0	0	0	0	0	0	0	0	0	0	0	0	0	0	0	0	0	0	0	0	0	0	0	0	0	0	0	0	0	0	0	0	0	0	
580532	Insula_L	16782	248	41156	1714	6252	0	28966	114	1284	0	18920	1378	39762	0	13968	0	16364	430	13520	1302	2802	0	4258	830	0	0	0	0	0	664	1444	274	4522	958	84	314	10820	228	434	0	1106	0	0	0	0	0	0	0	0	0	206	0	98	0	2394	0	7954	0	0	0	280	0	264	0	476	0	0	0	0	0	6332	162	18868	0	680	0	468	0	4682	0	8128	148	3646	138	1188	0	0	0	3256	0	0	0	0	0	0	0	0	0	0	0	0	0	0	0	0	0	0	0	0	0	0	0	0	0	0	0	
363488	Insula_R	506	1758	492	15872	0	2044	144	4858	0	542	1446	12908	144	9804	0	6204	406	14376	2704	3938	0	2112	0	7992	0	806	0	2126	664	0	90	14062	0	2734	0	0	0	5786	0	1726	0	180	0	170	0	102	0	0	0	0	0	0	0	158	0	5314	0	504	0	0	0	0	0	410	0	0	0	168	0	0	1818	10216	196	19456	0	414	360	1934	0	1038	0	11798	0	4806	0	2580	0	0	0	3878	0	0	0	0	0	0	0	0	0	0	0	0	0	0	0	0	0	0	0	0	0	0	0	0	0	0	
229228	Cingulum_Ant_L	410	0	11736	3706	5166	164	4414	0	858	0	1216	0	1378	0	496	0	102	0	2496	1862	3484	2972	16392	6306	3300	1914	2800	624	1444	90	0	16892	5978	7000	0	0	0	0	0	0	0	0	0	0	0	0	0	0	0	0	0	0	0	0	0	0	0	0	0	0	0	0	0	0	0	0	0	0	0	0	3698	2202	4782	732	0	0	0	0	0	0	0	0	0	0	0	0	0	0	0	0	0	0	0	0	0	0	0	0	0	0	0	0	0	0	0	0	0	0	0	0	0	0	0	0	0	0	
482232	Cingulum_Ant_R	260	164	4412	34620	348	1988	1072	4600	0	264	582	5470	506	7956	0	1038	0	538	6774	13128	2646	4056	13768	32300	434	6598	1644	5398	274	14062	16892	0	2826	22540	0	0	0	0	0	0	0	0	0	0	0	0	0	0	0	0	0	0	0	0	0	0	0	0	0	0	0	0	0	0	0	0	0	0	0	142	2458	19976	538	10844	0	0	0	0	0	0	0	0	0	0	0	0	0	0	0	0	0	0	0	0	0	0	0	0	0	0	0	0	0	0	0	0	0	0	0	0	0	0	0	0	0	0	
202008	Cingulum_Mid_L	728	0	10254	1782	546	0	6200	92	454	0	884	0	4246	0	1960	0	368	0	9216	3820	0	0	10448	1770	0	0	0	0	4522	0	5978	2826	0	12556	3860	422	0	0	0	0	0	0	360	0	414	230	0	0	888	110	2694	0	0	0	0	0	1194	86	234	0	212	0	0	0	508	0	3950	916	2676	950	320	0	654	0	0	0	0	0	0	0	210	0	198	0	830	0	0	0	438	0	0	0	0	0	0	0	0	0	0	0	0	0	0	0	0	0	0	0	0	0	0	0	0	0	0	0	
514968	Cingulum_Mid_R	6350	2090	9136	22018	320	106	2044	3936	190	0	448	3542	1182	3942	598	0	0	258	27042	56138	0	0	10664	14744	0	0	0	0	958	2734	7000	22540	12556	0	674	3822	0	0	0	0	0	0	0	124	0	1342	0	0	0	986	122	162	0	0	0	0	0	222	0	0	0	0	0	0	0	0	1324	6024	12156	16332	190	2026	0	984	0	0	458	0	0	0	0	0	0	0	0	0	0	0	0	0	0	0	0	0	0	0	0	0	0	0	0	0	0	0	0	0	0	0	0	0	0	0	0	0	0	0	
99192	Cingulum_Post_L	1696	0	0	0	0	0	0	0	0	0	0	0	0	0	0	0	0	0	560	1288	0	0	0	0	0	0	0	0	84	0	0	0	3860	674	0	7114	5236	2220	606	116	0	0	4100	0	964	0	1530	214	688	0	1178	0	432	0	558	0	428	0	0	0	0	0	0	0	182	0	6800	1070	5738	1284	0	0	0	0	0	0	552	0	0	0	0	0	0	0	244	0	0	0	180	0	0	0	0	0	0	0	0	0	0	0	0	0	0	0	0	0	0	0	0	0	0	0	0	0	0	0	
107328	Cingulum_Post_R	1686	1570	0	0	0	0	0	0	0	0	0	0	0	0	0	0	0	0	0	4424	0	0	0	0	0	0	0	0	314	0	0	0	422	3822	7114	0	4486	5008	322	636	0	0	0	1194	0	158	0	2434	0	0	0	174	0	336	120	0	136	1080	0	0	0	0	0	0	0	0	628	7136	1670	5524	0	0	144	0	0	0	2338	278	0	0	0	0	0	0	0	162	0	0	0	122	0	0	0	0	0	0	0	0	0	0	0	0	0	0	0	0	0	0	0	0	226	0	0	0	0	0	
171128	Hippocampus_L	7408	0	2248	140	0	0	1986	0	0	0	692	0	0	0	310	0	1186	0	688	0	590	0	0	0	0	0	0	0	10820	0	0	0	0	0	5236	4486	0	4026	5130	186	3132	0	1332	0	0	0	1364	186	0	0	0	0	0	0	6338	0	2062	0	0	0	134	0	0	0	0	0	1820	526	0	0	156	0	5992	0	680	0	4572	502	3860	0	1730	0	400	0	332	0	0	0	5176	0	0	0	0	0	0	0	0	0	138	0	0	0	0	0	0	0	0	0	0	0	0	0	0	0	0	0	
162200	Hippocampus_R	960	1588	0	204	0	0	0	176	0	0	0	178	0	140	0	0	0	654	0	0	0	0	0	0	0	0	0	0	228	5786	0	0	0	0	2220	5008	4026	0	264	12450	0	5552	0	408	0	0	0	2194	0	0	0	158	0	446	0	12326	122	534	0	0	0	0	0	0	0	0	0	2258	0	0	0	136	112	5080	0	92	3952	5576	0	594	0	2826	0	368	0	1128	0	0	0	2730	0	0	0	0	0	0	0	352	0	0	0	0	0	0	0	0	0	0	0	0	274	0	0	0	0	0	
45408	ParaHippocampal_L	344	0	0	0	94	0	122	0	0	0	0	0	0	0	100	0	0	0	0	0	532	0	0	0	0	0	0	0	434	0	0	0	0	0	606	322	5130	264	0	0	2094	0	168	0	0	0	2026	0	0	0	232	0	314	0	4232	0	0	0	0	0	0	0	0	0	0	0	782	132	0	0	0	0	138	0	0	0	324	0	194	0	114	0	1710	0	0	0	1482	0	270	0	0	0	0	0	110	0	182	0	252	0	0	0	0	0	0	0	0	0	0	0	0	0	0	0	0	0	
107444	ParaHippocampal_R	0	368	0	84	0	0	0	98	0	0	0	0	0	96	0	0	0	130	0	0	0	116	0	0	0	0	0	0	0	1726	0	0	0	0	116	636	186	12450	0	0	0	3906	0	1266	0	0	0	4220	0	0	0	0	0	378	0	12438	0	0	0	0	0	0	0	0	0	0	0	2168	0	0	0	202	0	2164	0	82	550	2016	0	0	0	538	0	2802	0	178	0	1096	0	804	0	264	0	0	0	242	0	1830	0	572	0	0	0	0	0	0	0	0	0	0	0	0	0	0	0	0	
26364	Amygdala_L	0	0	0	0	0	0	0	0	0	0	0	0	0	0	226	0	0	0	0	0	838	0	0	0	0	0	0	0	1106	0	0	0	0	0	0	0	3132	0	2094	0	0	0	0	0	0	0	0	0	0	0	0	0	0	0	2476	0	0	0	0	0	0	0	0	0	0	0	0	0	0	0	0	0	250	0	0	0	0	0	0	0	0	0	1356	0	0	0	926	0	778	0	0	0	0	0	0	0	0	0	0	0	0	0	0	0	0	0	0	0	0	0	0	0	0	0	0	0	
43016	Amygdala_R	0	582	0	0	0	0	0	0	0	0	0	0	0	0	0	0	0	0	0	0	0	96	0	0	0	0	0	0	0	180	0	0	0	0	0	0	0	5552	0	3906	0	0	0	0	0	0	0	0	0	0	0	0	0	0	0	4288	0	0	0	0	0	0	0	0	0	0	0	0	0	0	0	600	0	922	0	0	0	826	0	0	0	0	0	1828	0	752	0	100	0	1876	0	0	0	0	0	0	0	0	0	0	0	0	0	0	0	0	0	0	0	0	0	0	0	0	0	0	
206584	Calcarine_L	0	0	0	0	0	0	0	0	0	0	0	0	0	0	0	0	0	0	0	84	0	0	0	0	0	0	0	0	0	0	0	0	360	0	4100	0	1332	0	168	0	0	0	0	6686	17644	2560	11478	2114	11650	1576	22678	960	3662	144	564	132	368	0	0	0	0	0	0	0	170	0	11990	456	514	84	0	0	0	0	0	0	0	0	0	0	0	0	0	0	854	0	0	0	360	0	0	0	0	0	0	90	0	82	0	92	0	0	0	0	0	0	0	0	0	92	248	0	0	0	0	0	
301456	Calcarine_R	0	846	0	0	0	0	0	0	0	0	0	0	0	0	0	0	0	126	0	324	0	0	0	0	0	0	0	0	0	170	0	0	0	124	0	1194	0	408	0	1266	0	0	6686	0	3826	20916	864	19192	288	19464	156	21854	0	12334	0	3910	0	1298	0	0	0	0	0	0	0	324	570	19354	0	318	0	0	0	236	0	400	0	0	0	106	0	408	0	0	0	9680	0	0	0	3754	0	0	0	0	0	0	0	154	0	88	0	0	0	0	0	0	0	0	0	0	90	0	0	0	0	0	
188464	Cuneus_L	0	0	0	0	0	0	0	0	0	0	0	0	0	0	0	0	0	0	0	310	0	0	0	0	0	0	0	0	0	0	0	0	414	0	964	0	0	0	0	0	0	0	17644	3826	0	7268	888	0	24040	2110	13412	0	1078	0	166	0	310	0	2784	0	0	0	0	0	164	0	14816	2350	888	310	0	0	0	0	0	0	0	0	0	0	0	0	0	0	490	0	0	0	0	0	0	0	0	0	0	0	0	0	0	0	0	0	0	0	0	0	0	0	0	0	0	0	0	0	0	0	
244728	Cuneus_R	0	476	0	0	0	0	0	0	0	0	0	0	0	0	0	0	0	94	0	906	0	0	0	0	0	0	0	0	0	102	0	0	230	1342	0	158	0	0	0	0	0	0	2560	20916	7268	0	0	3344	252	33260	94	9216	0	598	0	218	0	3008	0	2802	0	858	0	736	0	354	3906	25074	472	3038	0	0	0	262	0	314	0	0	0	0	0	0	0	0	0	352	0	0	0	154	0	0	0	0	0	0	0	0	0	0	0	0	0	0	0	0	0	0	0	0	0	0	0	0	0	0	
161700	Lingual_L	82	0	0	0	0	0	0	0	0	0	0	0	0	0	0	0	0	0	0	0	0	0	0	0	0	0	0	0	0	0	0	0	0	0	1530	0	1364	0	2026	0	0	0	11478	864	888	0	0	1062	572	94	11538	0	6430	0	12480	164	0	0	0	0	0	0	0	0	0	0	3392	0	0	0	0	0	0	0	0	0	0	0	108	0	96	0	0	0	368	0	0	0	354	0	5844	364	1012	0	0	0	3712	0	9290	416	174	0	100	0	0	140	0	0	0	126	1552	1988	978	106	158	0	
270320	Lingual_R	0	294	0	0	0	0	0	0	0	0	0	0	0	0	0	0	0	0	0	0	0	0	0	0	0	0	0	0	0	0	0	0	0	0	214	2434	186	2194	0	4220	0	0	2114	19192	0	3344	1062	0	0	4688	0	4538	0	6062	678	15002	0	506	0	0	0	0	0	0	0	0	0	9204	0	0	0	0	0	0	0	0	0	300	0	92	0	416	0	0	0	1722	0	0	0	2384	2592	6718	278	244	114	100	2802	5570	4838	9172	0	0	144	104	972	410	0	0	0	170	7338	9384	1910	444	572	438	
165268	Occipital_Sup_L	0	0	0	0	0	0	0	0	0	0	0	0	0	0	0	0	0	0	0	138	0	0	0	0	0	0	0	0	0	0	0	0	888	0	688	0	0	0	0	0	0	0	11650	288	24040	252	572	0	0	0	24410	0	494	0	0	0	332	0	4564	0	318	0	0	0	344	0	10638	324	274	138	0	0	0	0	0	0	0	0	0	0	0	0	0	0	1590	0	0	0	692	0	0	0	0	0	0	0	0	0	0	0	0	0	0	0	0	0	0	0	0	0	0	0	0	0	0	0	
259860	Occipital_Sup_R	0	90	0	0	0	0	0	0	0	0	0	0	0	0	0	0	0	0	0	636	0	0	0	0	0	0	0	0	0	0	0	0	110	986	0	0	0	0	0	0	0	0	1576	19464	2110	33260	94	4688	0	0	0	26710	0	1274	0	570	0	2442	0	3726	0	1574	0	328	0	5972	256	14666	474	2662	0	0	0	0	0	0	0	0	0	0	0	1138	0	0	0	3750	0	0	0	1374	0	0	0	0	0	0	0	0	0	0	0	0	0	0	0	0	0	0	0	0	0	0	0	0	0	0	
395536	Occipital_Mid_L	284	0	0	0	0	0	0	0	0	0	0	0	0	0	0	0	1434	0	0	270	0	0	0	0	0	0	0	0	206	0	0	0	2694	122	1178	0	0	0	232	0	0	0	22678	156	13412	94	11538	0	24410	0	0	0	17654	0	2590	0	9644	0	11692	0	11668	0	172	0	17542	0	14626	0	2272	268	0	0	0	0	0	0	162	0	0	0	382	0	0	0	24002	0	0	0	6386	0	0	0	0	0	0	0	0	0	0	0	0	0	0	0	0	0	0	0	0	0	0	0	0	0	0	0	
247604	Occipital_Mid_R	0	126	0	0	0	0	0	0	0	0	0	0	0	0	0	0	0	0	0	84	0	0	0	0	0	0	0	0	0	0	0	0	0	162	0	174	0	158	0	0	0	0	960	21854	0	9216	0	4538	0	26710	0	0	0	9726	0	1528	0	1202	0	844	0	1494	0	332	0	15270	0	9736	0	424	0	0	0	90	0	240	0	0	0	0	0	1828	0	0	0	14954	0	0	0	2152	0	0	0	0	0	0	0	0	0	0	0	0	0	0	0	0	0	0	0	0	0	0	0	0	0	0	
100956	Occipital_Inf_L	142	0	0	0	0	0	0	0	0	0	0	0	0	0	0	0	280	0	0	0	0	0	0	0	0	0	0	0	98	0	0	0	0	0	432	0	0	0	314	0	0	0	3662	0	1078	0	6430	0	494	0	17654	0	0	0	6774	0	420	0	102	0	490	0	0	0	102	0	1428	0	370	0	0	0	0	0	0	0	0	0	176	0	524	0	0	0	4492	0	0	0	4016	0	146	0	0	0	0	0	0	0	572	0	0	0	0	0	0	0	0	0	0	0	90	192	0	0	0	0	
100076	Occipital_Inf_R	0	0	0	0	0	0	0	0	0	0	0	0	0	0	0	0	0	0	0	0	0	0	0	0	0	0	0	0	0	158	0	0	0	0	0	336	0	446	0	378	0	0	144	12334	0	598	0	6062	0	1274	0	9726	0	0	0	5620	0	308	0	0	0	0	0	0	0	0	0	4848	0	0	0	0	0	0	0	0	0	0	0	0	0	250	0	0	0	2810	0	0	0	3164	0	138	0	0	0	0	0	226	106	570	0	0	0	0	0	0	0	0	0	0	168	374	0	0	0	0	
276940	Fusiform_L	316	0	0	0	0	0	0	0	0	0	0	0	0	0	0	0	366	0	0	0	132	0	0	0	0	0	0	0	2394	0	0	0	0	0	558	120	6338	0	4232	0	2476	0	564	0	166	0	12480	678	0	0	2590	0	6774	0	0	0	208	0	0	0	174	0	146	0	0	0	620	0	102	0	0	0	178	0	0	0	98	0	2230	0	3252	0	3124	0	5124	0	2720	0	14074	0	20630	146	1356	0	158	0	9254	0	26432	262	0	0	0	0	186	220	0	0	0	106	3616	2944	330	120	242	234	
318592	Fusiform_R	0	0	0	0	0	0	0	0	0	0	0	0	0	0	0	0	0	154	0	0	0	0	0	0	0	0	0	0	0	5314	0	0	0	0	0	0	0	12326	0	12438	0	4288	132	3910	0	218	164	15002	0	570	0	1528	0	5620	0	0	0	194	0	0	0	0	0	0	0	0	0	1002	0	0	0	0	0	2466	0	0	0	934	0	180	0	7052	0	5782	0	2756	0	2574	0	14886	808	13752	1172	1872	0	780	450	10208	1006	17712	376	0	410	1372	216	320	0	0	0	118	4294	2420	1500	554	466	0	
261832	Postcentral_L	29292	1980	1016	2192	0	0	1632	0	0	0	2472	0	0	0	0	0	9356	0	590	322	0	0	0	0	0	0	0	0	7954	0	0	0	1194	0	428	136	2062	122	0	0	0	0	368	0	310	0	0	0	332	0	9644	0	420	0	208	0	0	0	7738	0	19902	0	6164	0	4098	0	4642	0	3186	86	142	0	3562	0	498	0	868	0	2842	0	2742	0	0	0	1868	0	0	0	548	0	0	0	0	0	0	0	0	0	0	0	0	0	0	0	0	0	0	0	0	0	0	0	0	0	0	0	
164320	Postcentral_R	0	11274	0	0	0	0	0	450	0	0	0	198	0	0	0	0	0	2342	0	1634	0	0	0	0	0	0	0	0	0	504	0	0	86	222	0	1080	0	534	0	0	0	0	0	1298	0	3008	0	506	0	2442	0	1202	0	308	0	194	0	0	0	6486	0	6088	0	12304	0	1856	0	8268	0	3588	0	1626	0	1640	0	1900	0	408	0	0	0	1380	0	0	0	5120	0	0	0	4214	0	0	0	0	0	0	0	0	0	0	0	0	0	0	0	0	0	0	0	0	0	0	0	0	0	0	
115636	Parietal_Sup_L	174	0	0	0	0	0	0	0	0	0	0	0	0	0	0	0	250	0	0	0	0	0	0	0	0	0	0	0	0	0	0	0	234	0	0	0	0	0	0	0	0	0	0	0	2784	0	0	0	4564	0	11692	0	102	0	0	0	7738	0	0	0	10848	0	0	0	2950	0	13212	158	2136	0	0	0	0	0	0	0	294	0	0	0	0	0	0	0	406	0	0	0	276	0	0	0	0	0	0	0	0	0	0	0	0	0	0	0	0	0	0	0	0	0	0	0	0	0	0	0	
94244	Parietal_Sup_R	0	0	0	112	0	0	0	0	0	0	0	0	0	0	0	0	0	0	0	246	0	0	0	0	0	0	0	0	0	0	0	0	0	0	0	0	0	0	0	0	0	0	0	0	0	2802	0	0	0	3726	0	844	0	0	0	0	0	6486	0	0	0	10564	0	1450	0	4452	722	7416	0	1374	0	0	0	0	0	0	0	0	0	0	0	648	0	0	0	3310	0	0	0	2970	0	0	0	0	0	0	0	0	0	0	0	0	0	0	0	0	0	0	0	0	0	0	0	0	0	0	
179036	Parietal_Inf_L	5272	0	124	0	0	0	706	0	0	0	0	0	0	0	0	0	782	0	0	0	0	0	0	0	0	0	0	0	280	0	0	0	212	0	0	0	134	0	0	0	0	0	0	0	0	0	0	0	318	0	11668	0	490	0	174	0	19902	0	10848	0	0	0	14228	0	11380	0	1262	0	568	0	0	0	322	0	0	0	0	0	0	0	1352	0	0	0	5030	0	0	0	4466	0	0	0	0	0	0	0	0	0	0	0	0	0	0	0	0	0	0	0	0	0	0	0	0	0	0	0	
101208	Parietal_Inf_R	0	116	0	0	0	0	0	0	0	0	0	0	0	0	0	0	0	0	0	0	0	0	0	0	0	0	0	0	0	0	0	0	0	0	0	0	0	0	0	0	0	0	0	0	0	858	0	0	0	1574	0	1494	0	0	0	0	0	6088	0	10564	0	0	0	7202	0	9206	0	1750	0	150	0	0	0	0	0	0	0	0	0	0	0	960	0	0	0	5748	0	0	0	4894	0	0	0	0	0	0	0	0	0	0	0	0	0	0	0	0	0	0	0	0	0	0	0	0	0	0	
115412	SupraMarginal_L	404	0	0	0	0	0	0	0	0	0	0	0	0	0	0	0	2230	0	0	0	0	0	0	0	0	0	0	0	264	0	0	0	0	0	0	0	0	0	0	0	0	0	0	0	0	0	0	0	0	0	172	0	0	0	146	0	6164	0	0	0	14228	0	0	0	8980	0	0	0	0	0	0	0	0	0	0	0	0	0	0	0	8184	0	0	0	10342	0	0	0	6592	0	0	0	0	0	0	0	0	0	0	0	0	0	0	0	0	0	0	0	0	0	0	0	0	0	0	0	
82560	SupraMarginal_R	0	816	0	0	0	0	0	0	0	0	0	0	0	0	0	0	0	2524	0	0	0	0	0	0	0	0	0	0	0	410	0	0	0	0	0	0	0	0	0	0	0	0	0	0	0	736	0	0	0	328	0	332	0	0	0	0	0	12304	0	1450	0	7202	0	0	0	2598	0	1288	0	0	0	0	0	414	0	418	0	0	0	82	0	4840	0	0	0	3156	0	0	0	2382	0	0	0	0	0	0	0	0	0	0	0	0	0	0	0	0	0	0	0	0	0	0	0	0	0	0	
141508	Angular_L	460	0	0	0	0	0	0	0	0	0	0	0	0	0	0	0	852	0	0	0	0	0	0	0	0	0	0	0	476	0	0	0	508	0	182	0	0	0	0	0	0	0	170	0	164	0	0	0	344	0	17542	0	102	0	0	0	4098	0	2950	0	11380	0	8980	0	0	0	742	0	364	0	0	0	0	0	0	0	0	0	0	0	1842	0	0	0	13518	0	0	0	6080	0	0	0	0	0	0	0	0	0	0	0	0	0	0	0	0	0	0	0	0	0	0	0	0	0	0	0	
120164	Angular_R	0	0	0	0	0	0	0	0	0	0	0	0	0	0	0	0	0	0	0	0	0	0	0	0	0	0	0	0	0	0	0	0	0	0	0	0	0	0	0	0	0	0	0	324	0	354	0	0	0	5972	0	15270	0	0	0	0	0	1856	0	4452	0	9206	0	2598	0	0	0	858	0	118	0	0	0	0	0	0	0	0	0	0	0	5264	0	0	0	11354	0	0	0	2456	0	0	0	0	0	0	0	0	0	0	0	0	0	0	0	0	0	0	0	0	0	0	0	0	0	0	
232180	Precuneus_L	0	0	0	0	0	0	0	0	0	0	0	0	0	0	0	0	232	0	0	490	0	0	0	0	0	0	0	0	0	0	0	0	3950	1324	6800	628	1820	0	782	0	0	0	11990	570	14816	3906	3392	0	10638	256	14626	0	1428	0	620	0	4642	0	13212	722	1262	0	0	0	742	0	0	10080	4398	690	0	0	0	0	0	0	0	0	0	0	0	0	0	0	1566	0	0	0	508	0	0	0	0	0	0	0	0	0	0	0	0	0	0	0	0	0	0	0	0	0	0	0	0	0	0	0	
328640	Precuneus_R	96	2158	0	278	0	0	0	0	0	0	0	0	0	0	0	0	0	304	0	3502	0	0	0	0	0	0	0	0	0	168	0	0	916	6024	1070	7136	526	2258	132	2168	0	0	456	19354	2350	25074	0	9204	324	14666	0	9736	0	4848	0	1002	0	8268	158	7416	0	1750	0	1288	0	858	10080	0	1118	8754	0	0	0	868	0	1214	148	96	0	0	0	230	0	0	0	5190	0	0	0	2422	0	0	0	0	0	0	0	290	0	0	0	0	0	0	0	0	0	0	0	0	422	0	0	0	0	0	
177532	Paracentral_Lobule_L	16634	1076	444	1002	0	0	0	0	0	0	0	0	0	0	0	0	0	0	2894	15172	0	0	0	0	0	0	0	0	0	0	0	0	2676	12156	5738	1670	0	0	0	0	0	0	514	0	888	472	0	0	274	474	2272	0	370	0	102	0	3186	0	2136	0	568	0	0	0	364	0	4398	1118	0	10950	126	0	0	0	0	0	804	0	0	0	0	0	0	0	288	0	0	0	0	0	0	0	0	0	0	0	0	0	0	0	0	0	0	0	0	0	0	0	0	0	0	0	0	0	0	0	
196116	Paracentral_Lobule_R	4218	4896	156	598	0	0	0	0	0	0	0	0	0	0	0	0	0	0	336	29716	0	0	0	0	0	0	0	0	0	0	0	142	950	16332	1284	5524	0	0	0	0	0	0	84	318	310	3038	0	0	138	2662	268	424	0	0	0	0	86	3588	0	1374	0	150	0	0	0	118	690	8754	10950	0	0	342	0	204	0	0	244	0	0	0	0	0	0	0	0	164	0	0	0	0	0	0	0	0	0	0	0	0	0	0	0	0	0	0	0	0	0	0	0	0	0	0	0	0	0	0	
241488	Caudate_L	3672	532	12634	4442	738	0	2730	316	0	0	12382	4780	3538	0	562	0	3634	1288	9930	4140	7876	6678	328	0	244	538	4310	576	6332	1818	3698	2458	320	190	0	0	156	0	0	0	0	0	0	0	0	0	0	0	0	0	0	0	0	0	0	0	142	0	0	0	0	0	0	0	0	0	0	0	126	0	0	5904	8772	738	878	0	1396	0	98	0	840	350	318	342	0	0	0	0	0	0	0	0	0	0	0	0	0	0	0	0	0	0	0	0	0	0	0	0	0	0	0	0	0	0	0	0	
293704	Caudate_R	256	9294	2280	14098	0	1290	1092	1782	0	0	674	6870	312	1886	0	812	0	2370	3606	4582	3114	5792	140	4282	0	3590	1498	4082	162	10216	2202	19976	0	2026	0	0	0	136	0	202	0	600	0	0	0	0	0	0	0	0	0	0	0	0	0	0	0	1626	0	0	0	0	0	0	0	0	0	0	0	342	5904	0	2832	11524	0	1766	210	12022	0	0	0	656	0	748	0	0	0	0	0	0	0	0	0	0	0	0	0	0	0	0	0	0	0	0	0	0	0	0	0	0	0	0	0	0	0	0	
300108	Putamen_L	10932	0	29320	756	3296	0	6592	0	274	0	4702	1262	2646	0	1682	0	2138	172	20322	632	2474	1652	1920	0	414	152	492	0	18868	196	4782	538	654	0	0	144	5992	112	138	0	250	0	0	0	0	0	0	0	0	0	0	0	0	0	178	0	3562	0	0	0	322	0	0	0	0	0	0	0	0	0	8772	2832	0	354	6672	0	2088	0	190	0	940	0	184	0	0	0	0	0	456	0	0	0	0	0	0	0	0	0	0	0	0	0	0	0	0	0	0	0	0	0	0	0	0	0	0	0	
247300	Putamen_R	452	4792	220	7766	0	2856	244	3814	0	108	282	3988	218	734	0	982	0	6780	982	1352	538	1086	0	6362	0	4254	312	2928	0	19456	732	10844	0	984	0	0	0	5080	0	2164	0	922	0	236	0	262	0	0	0	0	0	90	0	0	0	2466	0	1640	0	0	0	0	0	414	0	0	0	868	0	204	738	11524	354	0	0	5034	526	3878	0	116	0	1792	0	1098	0	128	0	0	0	1050	0	0	0	0	0	0	0	0	0	0	0	0	0	0	0	0	0	0	0	0	0	0	0	0	0	0	
48748	Pallidum_L	1716	0	5614	0	0	0	1486	0	0	0	408	0	136	0	0	0	488	0	3308	0	0	0	0	0	0	0	0	0	680	0	0	0	0	0	0	0	680	0	0	0	0	0	0	0	0	0	0	0	0	0	0	0	0	0	0	0	498	0	0	0	0	0	0	0	0	0	0	0	0	0	878	0	6672	0	0	0	1810	0	0	0	0	0	0	0	0	0	0	0	0	0	0	0	0	0	0	0	0	0	0	0	0	0	0	0	0	0	0	0	0	0	0	0	0	0	0	0	
39544	Pallidum_R	0	2624	0	2092	0	0	0	518	0	0	0	182	0	0	0	0	0	2200	0	0	0	0	0	0	0	0	0	0	0	414	0	0	0	0	0	0	0	92	0	82	0	0	0	400	0	314	0	0	0	0	0	240	0	0	0	0	0	1900	0	0	0	0	0	418	0	0	0	1214	0	0	0	1766	0	5034	0	0	0	0	0	0	0	100	0	0	0	182	0	0	0	0	0	0	0	0	0	0	0	0	0	0	0	0	0	0	0	0	0	0	0	0	0	0	0	0	0	0	
111648	Thalamus_L	18978	1648	1826	180	0	0	2282	166	0	0	100	108	0	0	0	0	148	106	348	678	0	0	0	0	0	0	0	0	468	360	0	0	0	458	552	2338	4572	3952	324	550	0	0	0	0	0	0	0	0	0	0	162	0	0	0	98	0	868	0	294	0	0	0	0	0	0	0	0	148	804	244	1396	210	2088	526	1810	0	0	7034	0	0	0	0	0	0	0	0	0	0	0	0	0	0	0	0	0	0	0	0	0	0	0	0	0	0	0	0	0	0	0	0	0	0	0	0	0	0	
118932	Thalamus_R	886	18278	0	1640	0	0	0	584	0	0	0	482	0	0	0	0	0	404	0	0	0	0	0	0	0	0	0	0	0	1934	0	0	0	0	0	278	502	5576	0	2016	0	826	0	0	0	0	0	300	0	0	0	0	0	0	0	934	0	408	0	0	0	0	0	0	0	0	0	96	0	0	0	12022	0	3878	0	0	7034	0	0	82	0	706	0	186	0	0	0	0	0	294	0	0	0	0	0	0	0	120	0	0	0	0	0	0	0	0	0	0	0	0	0	0	0	0	0	0	
54384	Heschl_L	3118	0	230	96	0	0	246	0	0	0	520	0	0	0	0	0	2184	0	138	0	0	0	0	0	0	0	0	0	4682	0	0	0	0	0	0	0	3860	0	194	0	0	0	0	0	0	0	108	0	0	0	0	0	176	0	2230	0	2842	0	0	0	0	0	0	0	0	0	0	0	0	0	98	0	190	0	0	0	0	0	0	0	2628	0	0	0	234	0	0	0	3336	0	0	0	0	0	0	0	0	0	82	0	0	0	0	0	0	0	0	0	0	0	0	0	0	0	0	0	
10012	Heschl_R	0	0	0	0	0	0	0	0	0	0	0	0	0	0	0	0	0	1072	0	0	0	0	0	0	0	0	0	0	0	1038	0	0	0	0	0	0	0	594	0	0	0	0	0	106	0	0	0	92	0	0	0	0	0	0	0	180	0	0	0	0	0	0	0	82	0	0	0	0	0	0	0	0	0	116	0	0	0	82	0	0	0	1518	0	0	0	126	0	0	0	0	0	0	0	0	0	0	0	0	0	0	0	0	0	0	0	0	0	0	0	0	0	0	0	0	0	0	
183272	Temporal_Sup_L	1442	0	1636	0	166	0	412	0	0	0	2614	0	214	0	0	0	6462	0	952	0	200	0	216	0	0	0	0	0	8128	0	0	0	210	0	0	0	1730	0	114	0	0	0	0	0	0	0	96	0	0	0	382	0	524	0	3252	0	2742	0	0	0	1352	0	8184	0	1842	0	0	0	0	0	840	0	940	0	0	0	0	0	2628	0	0	0	3502	0	21892	0	0	0	18964	0	0	0	0	0	0	0	0	0	0	0	0	0	0	0	0	0	0	0	0	0	0	0	0	0	0	0	
190144	Temporal_Sup_R	118	0	176	1402	0	0	0	126	0	0	290	1376	0	0	0	1036	142	6204	184	404	0	0	0	0	0	0	0	0	148	11798	0	0	0	0	0	0	0	2826	0	538	0	0	0	408	0	0	0	416	0	1138	0	1828	0	250	0	7052	0	1380	0	648	0	960	0	4840	0	5264	0	230	0	0	350	656	0	1792	0	100	0	706	0	1518	0	0	0	8810	0	20166	0	208	0	9584	0	0	0	0	0	0	0	0	0	0	0	0	0	0	0	0	0	0	0	0	0	0	0	0	0	0	
82852	Temporal_Pole_Sup_L	0	0	738	0	908	0	86	0	256	0	1536	0	406	0	1378	0	1340	0	92	0	918	0	208	0	0	0	0	0	3646	0	0	0	198	0	0	0	400	0	1710	0	1356	0	0	0	0	0	0	0	0	0	0	0	0	0	3124	0	0	0	0	0	0	0	0	0	0	0	0	0	0	0	318	0	184	0	0	0	0	0	0	0	3502	0	0	0	6474	0	6632	0	6016	0	0	0	0	0	0	0	0	0	0	0	0	0	0	0	0	0	0	0	0	0	0	0	0	0	0	0	
100228	Temporal_Pole_Sup_R	104	170	166	1294	0	0	0	0	0	0	276	1344	0	0	0	1376	130	3998	162	372	0	0	0	0	0	0	0	0	138	4806	0	0	0	0	0	0	0	368	0	2802	0	1828	0	0	0	0	0	0	0	0	0	0	0	0	0	5782	0	0	0	0	0	0	0	0	0	0	0	0	0	0	342	748	0	1098	0	0	0	186	0	0	0	8810	0	0	0	4026	0	4868	0	4920	0	0	0	0	0	0	0	0	0	0	0	0	0	0	0	0	0	0	0	0	0	0	0	0	0	0	
313300	Temporal_Mid_L	84	0	234	0	0	0	0	0	0	0	0	0	0	0	0	0	556	0	164	0	0	0	0	0	0	0	0	0	1188	0	0	0	830	0	244	0	332	0	0	0	0	0	854	0	490	0	368	0	1590	0	24002	0	4492	0	5124	0	1868	0	406	0	5030	0	10342	0	13518	0	1566	0	288	0	0	0	0	0	0	0	0	0	234	0	21892	0	6474	0	0	0	7222	0	47258	0	0	0	0	0	0	0	0	0	0	0	0	0	0	0	0	0	0	0	0	0	0	0	0	0	0	0	
276624	Temporal_Mid_R	0	212	0	0	0	0	0	0	0	0	0	0	0	0	0	0	0	162	0	140	0	0	0	0	0	0	0	0	0	2580	0	0	0	0	0	162	0	1128	0	178	0	752	0	9680	0	352	0	1722	0	3750	0	14954	0	2810	0	2756	0	5120	0	3310	0	5748	0	3156	0	11354	0	5190	0	164	0	0	0	128	0	182	0	0	0	126	0	20166	0	4026	0	0	0	1428	0	36876	0	0	0	0	0	0	0	0	0	0	0	0	0	0	0	0	0	0	0	0	0	0	0	0	0	0	
49864	Temporal_Pole_Mid_L	0	0	0	0	0	0	0	0	0	0	0	0	0	0	0	0	0	0	0	0	0	0	0	0	0	0	0	0	0	0	0	0	0	0	0	0	0	0	1482	0	926	0	0	0	0	0	0	0	0	0	0	0	0	0	2720	0	0	0	0	0	0	0	0	0	0	0	0	0	0	0	0	0	0	0	0	0	0	0	0	0	0	0	6632	0	7222	0	0	0	5950	0	0	0	0	0	0	0	0	0	0	0	0	0	0	0	0	0	0	0	0	0	0	0	0	0	0	0	
26420	Temporal_Pole_Mid_R	0	0	0	0	0	0	0	0	0	0	0	0	0	0	0	0	0	0	0	0	0	0	0	0	0	0	0	0	0	0	0	0	0	0	0	0	0	0	0	1096	0	100	0	0	0	0	0	0	0	0	0	0	0	0	0	2574	0	0	0	0	0	0	0	0	0	0	0	0	0	0	0	0	0	0	0	0	0	0	0	0	0	208	0	4868	0	1428	0	0	0	2936	0	0	0	0	0	0	0	0	0	0	0	0	0	0	0	0	0	0	0	0	0	0	0	0	0	0	
282152	Temporal_Inf_L	268	0	254	0	0	0	0	0	0	0	0	0	0	0	0	0	288	0	194	0	0	0	0	0	0	0	0	0	3256	0	0	0	438	0	180	0	5176	0	270	0	778	0	360	0	0	0	354	0	692	0	6386	0	4016	0	14074	0	548	0	276	0	4466	0	6592	0	6080	0	508	0	0	0	0	0	456	0	0	0	0	0	3336	0	18964	0	6016	0	47258	0	5950	0	0	0	2552	0	180	0	0	0	90	0	820	0	0	0	0	0	0	0	0	0	0	0	0	0	0	0	0	0	
233880	Temporal_Inf_R	0	196	0	0	0	0	0	0	0	0	0	0	0	0	0	0	0	108	0	0	0	0	0	0	0	0	0	0	0	3878	0	0	0	0	0	122	0	2730	0	804	0	1876	0	3754	0	154	0	2384	0	1374	0	2152	0	3164	0	14886	0	4214	0	2970	0	4894	0	2382	0	2456	0	2422	0	0	0	0	0	1050	0	0	0	294	0	0	0	9584	0	4920	0	36876	0	2936	0	0	0	2716	0	374	0	0	0	226	0	1044	0	0	0	0	0	0	0	0	0	0	0	0	0	0	0	0	
417020	Cerebelum_Crus1_L	0	0	0	0	0	0	0	0	0	0	0	0	0	0	0	0	0	0	0	0	0	0	0	0	0	0	0	0	0	0	0	0	0	0	0	0	0	0	0	0	0	0	0	0	0	0	5844	2592	0	0	0	0	146	0	20630	808	0	0	0	0	0	0	0	0	0	0	0	0	0	0	0	0	0	0	0	0	0	0	0	0	0	0	0	0	0	0	0	0	2552	0	0	4270	33394	4178	496	650	18624	1516	53948	3364	10120	272	7338	3316	3128	1314	714	318	438	774	4930	8756	9792	2204	1460	624	
413048	Cerebelum_Crus1_R	0	0	0	0	0	0	0	0	0	0	0	0	0	0	0	0	0	0	0	0	0	0	0	0	0	0	0	0	0	0	0	0	0	0	0	0	0	0	0	264	0	0	0	0	0	0	364	6718	0	0	0	0	0	138	146	13752	0	0	0	0	0	0	0	0	0	0	0	0	0	0	0	0	0	0	0	0	0	0	0	0	0	0	0	0	0	0	0	0	0	2716	4270	0	6418	35404	0	1820	1218	18054	2992	50684	1244	7264	1614	10200	386	3888	0	402	190	832	12030	11138	8436	2326	1526	90	
385036	Cerebelum_Crus2_L	0	0	0	0	0	0	0	0	0	0	0	0	0	0	0	0	0	0	0	0	0	0	0	0	0	0	0	0	0	0	0	0	0	0	0	0	0	0	0	0	0	0	0	0	0	0	1012	278	0	0	0	0	0	0	1356	1172	0	0	0	0	0	0	0	0	0	0	0	0	0	0	0	0	0	0	0	0	0	0	0	0	0	0	0	0	0	0	0	0	180	0	33394	6418	0	14250	108	534	2526	2460	7938	3672	37318	4614	32070	11360	7390	1178	636	404	116	260	1294	1338	12392	5440	1228	182	
347524	Cerebelum_Crus2_R	0	0	0	0	0	0	0	0	0	0	0	0	0	0	0	0	0	0	0	0	0	0	0	0	0	0	0	0	0	0	0	0	0	0	0	0	0	0	0	0	0	0	0	0	0	0	0	244	0	0	0	0	0	0	0	1872	0	0	0	0	0	0	0	0	0	0	0	0	0	0	0	0	0	0	0	0	0	0	0	0	0	0	0	0	0	0	0	0	0	374	4178	35404	14250	0	0	774	0	3598	228	9830	6998	26028	7580	32032	896	8974	154	720	84	340	1104	816	10458	5380	1340	106	
19164	Cerebelum_3_L	0	0	0	0	0	0	0	0	0	0	0	0	0	0	0	0	0	0	0	0	0	0	0	0	0	0	0	0	0	0	0	0	0	0	0	0	0	0	110	0	0	0	0	0	0	0	0	114	0	0	0	0	0	0	158	0	0	0	0	0	0	0	0	0	0	0	0	0	0	0	0	0	0	0	0	0	0	0	0	0	0	0	0	0	0	0	0	0	0	0	496	0	108	0	0	134	4478	0	1266	0	0	0	0	0	222	0	0	0	300	1084	994	118	0	0	0	0	
70484	Cerebelum_3_R	0	0	0	0	0	0	0	0	0	0	0	0	0	0	0	0	0	0	0	0	0	0	0	0	0	0	0	0	0	0	0	0	0	0	0	0	0	0	0	242	0	0	90	0	0	0	0	100	0	0	0	0	0	0	0	780	0	0	0	0	0	0	0	0	0	0	0	0	0	0	0	0	0	0	0	0	0	0	0	0	0	0	0	0	0	0	0	0	0	0	650	1820	534	774	134	0	282	4822	508	3550	178	0	324	794	326	2422	150	106	462	5002	3454	1704	1956	1736	2056	286	
202028	Cerebelum_4_5_L	0	0	0	0	0	0	0	0	0	0	0	0	0	0	0	0	0	0	0	0	0	0	0	0	0	0	0	0	0	0	0	0	0	0	0	0	0	0	182	0	0	0	0	0	0	0	3712	2802	0	0	0	0	0	0	9254	450	0	0	0	0	0	0	0	0	0	0	0	0	0	0	0	0	0	0	0	0	0	0	0	0	0	0	0	0	0	0	0	0	90	0	18624	1218	2526	0	4478	282	0	494	32142	1288	1268	0	662	0	2722	594	342	0	352	980	11164	3256	298	494	676	664	
221000	Cerebelum_4_5_R	0	0	0	0	0	0	0	0	0	0	0	0	0	0	0	0	0	0	0	0	0	0	0	0	0	0	0	0	0	0	0	0	0	0	0	0	0	352	0	1830	0	0	82	154	0	0	0	5570	0	0	0	0	0	226	0	10208	0	0	0	0	0	0	0	0	0	0	0	290	0	0	0	0	0	0	0	0	0	120	0	0	0	0	0	0	0	0	0	0	0	226	1516	18054	2460	3598	0	4822	494	0	376	27582	780	0	786	3026	150	1074	0	0	108	1622	16754	1896	3494	1604	1246	0	
383416	Cerebelum_6_L	0	0	0	0	0	0	0	0	0	0	0	0	0	0	0	0	0	0	0	0	0	0	0	0	0	0	0	0	0	0	0	0	0	0	0	0	138	0	252	0	0	0	0	0	0	0	9290	4838	0	0	0	0	572	106	26432	1006	0	0	0	0	0	0	0	0	0	0	0	0	0	0	0	0	0	0	0	0	0	0	82	0	0	0	0	0	0	0	0	0	820	0	53948	2992	7938	228	1266	508	32142	376	0	3318	4108	0	2028	114	3388	1656	804	0	280	856	10936	13358	3738	1276	1776	1138	
371860	Cerebelum_6_R	0	0	0	0	0	0	0	0	0	0	0	0	0	0	0	0	0	0	0	0	0	0	0	0	0	0	0	0	0	0	0	0	0	0	0	0	0	0	0	572	0	0	92	88	0	0	416	9172	0	0	0	0	0	570	262	17712	0	0	0	0	0	0	0	0	0	0	0	0	0	0	0	0	0	0	0	0	0	0	0	0	0	0	0	0	0	0	0	0	0	1044	3364	50684	3672	9830	0	3550	1288	27582	3318	0	778	124	1024	4450	522	3106	144	444	404	1652	17170	12732	6402	1668	1970	124	
256204	Cerebelum_7b_L	0	0	0	0	0	0	0	0	0	0	0	0	0	0	0	0	0	0	0	0	0	0	0	0	0	0	0	0	0	0	0	0	0	0	0	0	0	0	0	0	0	0	0	0	0	0	174	0	0	0	0	0	0	0	0	376	0	0	0	0	0	0	0	0	0	0	0	0	0	0	0	0	0	0	0	0	0	0	0	0	0	0	0	0	0	0	0	0	0	0	10120	1244	37318	6998	0	178	1268	780	4108	778	0	4738	33264	7718	6966	354	520	0	0	110	338	238	4764	5408	342	0	
182076	Cerebelum_7b_R	0	0	0	0	0	0	0	0	0	0	0	0	0	0	0	0	0	0	0	0	0	0	0	0	0	0	0	0	0	0	0	0	0	0	0	0	0	0	0	0	0	0	0	0	0	0	0	0	0	0	0	0	0	0	0	0	0	0	0	0	0	0	0	0	0	0	0	0	0	0	0	0	0	0	0	0	0	0	0	0	0	0	0	0	0	0	0	0	0	0	272	7264	4614	26028	0	0	0	0	0	124	4738	0	4728	27396	0	9524	0	0	0	0	0	0	2068	4282	0	0	
286956	Cerebelum_8_L	0	0	0	0	0	0	0	0	0	0	0	0	0	0	0	0	0	0	0	0	0	0	0	0	0	0	0	0	0	0	0	0	0	0	0	0	0	0	0	0	0	0	0	0	0	0	100	144	0	0	0	0	0	0	0	410	0	0	0	0	0	0	0	0	0	0	0	0	0	0	0	0	0	0	0	0	0	0	0	0	0	0	0	0	0	0	0	0	0	0	7338	1614	32070	7580	0	324	662	786	2028	1024	33264	4728	0	9806	17696	2114	2332	0	0	222	496	514	6750	8624	2658	194	
321904	Cerebelum_8_R	0	0	0	0	0	0	0	0	0	0	0	0	0	0	0	0	0	0	0	0	0	0	0	0	0	0	0	0	0	0	0	0	0	0	0	0	0	0	0	0	0	0	0	0	0	0	0	104	0	0	0	0	0	0	0	1372	0	0	0	0	0	0	0	0	0	0	0	0	0	0	0	0	0	0	0	0	0	0	0	0	0	0	0	0	0	0	0	0	0	0	3316	10200	11360	32032	0	794	0	3026	114	4450	7718	27396	9806	0	1336	23694	160	784	84	396	1008	288	9524	8686	3188	116	
126872	Cerebelum_9_L	0	0	0	0	0	0	0	0	0	0	0	0	0	0	0	0	0	0	0	0	0	0	0	0	0	0	0	0	0	0	0	0	0	0	0	0	0	0	0	0	0	0	0	0	0	0	0	972	0	0	0	0	0	0	186	216	0	0	0	0	0	0	0	0	0	0	0	0	0	0	0	0	0	0	0	0	0	0	0	0	0	0	0	0	0	0	0	0	0	0	3128	386	7390	896	222	326	2722	150	3388	522	6966	0	17696	1336	0	2044	3390	0	0	342	1904	2160	1744	2320	2326	704	
188664	Cerebelum_9_R	0	0	0	0	0	0	0	0	0	0	0	0	0	0	0	0	0	0	0	0	0	0	0	0	0	0	0	0	0	0	0	0	0	0	0	0	0	0	0	0	0	0	0	0	0	0	140	410	0	0	0	0	0	0	220	320	0	0	0	0	0	0	0	0	0	0	0	0	0	0	0	0	0	0	0	0	0	0	0	0	0	0	0	0	0	0	0	0	0	0	1314	3888	1178	8974	0	2422	594	1074	1656	3106	354	9524	2114	23694	2044	0	248	1192	806	2750	2748	3572	4310	5736	7846	2098	
22528	Cerebelum_10_L	0	0	0	0	0	0	0	0	0	0	0	0	0	0	0	0	0	0	0	0	0	0	0	0	0	0	0	0	0	0	0	0	0	0	0	0	0	0	0	0	0	0	0	0	0	0	0	0	0	0	0	0	0	0	0	0	0	0	0	0	0	0	0	0	0	0	0	0	0	0	0	0	0	0	0	0	0	0	0	0	0	0	0	0	0	0	0	0	0	0	714	0	636	154	0	150	342	0	804	144	520	0	2332	160	3390	248	0	0	152	302	356	352	192	112	204	0	
9908	Cerebelum_10_R	0	0	0	0	0	0	0	0	0	0	0	0	0	0	0	0	0	0	0	0	0	0	0	0	0	0	0	0	0	0	0	0	0	0	0	0	0	0	0	0	0	0	0	0	0	0	0	0	0	0	0	0	0	0	0	0	0	0	0	0	0	0	0	0	0	0	0	0	0	0	0	0	0	0	0	0	0	0	0	0	0	0	0	0	0	0	0	0	0	0	318	402	404	720	0	106	0	0	0	444	0	0	0	784	0	1192	0	0	0	84	0	0	418	0	82	0	
24924	Vermis_1_2	0	0	0	0	0	0	0	0	0	0	0	0	0	0	0	0	0	0	0	0	0	0	0	0	0	0	0	0	0	0	0	0	0	0	0	0	0	0	0	0	0	0	0	0	0	0	0	0	0	0	0	0	0	0	0	0	0	0	0	0	0	0	0	0	0	0	0	0	0	0	0	0	0	0	0	0	0	0	0	0	0	0	0	0	0	0	0	0	0	0	438	190	116	84	300	462	352	108	280	404	0	0	0	84	0	806	152	0	0	3484	1680	986	708	682	918	228	
69704	Vermis_3	0	0	0	0	0	0	0	0	0	0	0	0	0	0	0	0	0	0	0	0	0	0	0	0	0	0	0	0	0	0	0	0	0	0	0	0	0	0	0	0	0	0	92	0	0	0	126	170	0	0	0	0	0	0	106	118	0	0	0	0	0	0	0	0	0	0	0	0	0	0	0	0	0	0	0	0	0	0	0	0	0	0	0	0	0	0	0	0	0	0	774	832	260	340	1084	5002	980	1622	856	1652	110	0	222	396	342	2750	302	84	3484	0	4320	2316	1762	1816	2534	400	
261152	Vermis_4_5	0	0	0	0	0	0	0	0	0	0	0	0	0	0	0	0	0	0	0	0	0	0	0	0	0	0	0	0	0	0	0	0	0	0	0	226	0	274	0	0	0	0	248	90	0	0	1552	7338	0	0	0	0	90	168	3616	4294	0	0	0	0	0	0	0	0	0	0	0	422	0	0	0	0	0	0	0	0	0	0	0	0	0	0	0	0	0	0	0	0	0	0	4930	12030	1294	1104	994	3454	11164	16754	10936	17170	338	0	496	1008	1904	2748	356	0	1680	4320	0	9930	2408	2182	3116	1942	
222260	Vermis_6	0	0	0	0	0	0	0	0	0	0	0	0	0	0	0	0	0	0	0	0	0	0	0	0	0	0	0	0	0	0	0	0	0	0	0	0	0	0	0	0	0	0	0	0	0	0	1988	9384	0	0	0	0	192	374	2944	2420	0	0	0	0	0	0	0	0	0	0	0	0	0	0	0	0	0	0	0	0	0	0	0	0	0	0	0	0	0	0	0	0	0	0	8756	11138	1338	816	118	1704	3256	1896	13358	12732	238	0	514	288	2160	3572	352	0	986	2316	9930	0	6938	3470	4776	3176	
233712	Vermis_7	0	0	0	0	0	0	0	0	0	0	0	0	0	0	0	0	0	0	0	0	0	0	0	0	0	0	0	0	0	0	0	0	0	0	0	0	0	0	0	0	0	0	0	0	0	0	978	1910	0	0	0	0	0	0	330	1500	0	0	0	0	0	0	0	0	0	0	0	0	0	0	0	0	0	0	0	0	0	0	0	0	0	0	0	0	0	0	0	0	0	0	9792	8436	12392	10458	0	1956	298	3494	3738	6402	4764	2068	6750	9524	1744	4310	192	418	708	1762	2408	6938	0	7502	5292	792	
167172	Vermis_8	0	0	0	0	0	0	0	0	0	0	0	0	0	0	0	0	0	0	0	0	0	0	0	0	0	0	0	0	0	0	0	0	0	0	0	0	0	0	0	0	0	0	0	0	0	0	106	444	0	0	0	0	0	0	120	554	0	0	0	0	0	0	0	0	0	0	0	0	0	0	0	0	0	0	0	0	0	0	0	0	0	0	0	0	0	0	0	0	0	0	2204	2326	5440	5380	0	1736	494	1604	1276	1668	5408	4282	8624	8686	2320	5736	112	0	682	1816	2182	3470	7502	0	7470	1944	
115844	Vermis_9	0	0	0	0	0	0	0	0	0	0	0	0	0	0	0	0	0	0	0	0	0	0	0	0	0	0	0	0	0	0	0	0	0	0	0	0	0	0	0	0	0	0	0	0	0	0	158	572	0	0	0	0	0	0	242	466	0	0	0	0	0	0	0	0	0	0	0	0	0	0	0	0	0	0	0	0	0	0	0	0	0	0	0	0	0	0	0	0	0	0	1460	1526	1228	1340	0	2056	676	1246	1776	1970	342	0	2658	3188	2326	7846	204	82	918	2534	3116	4776	5292	7470	0	2454	
