data	data	360932	201728	995900	782504	164120	134956	415364	191336	43836	50404	282304	86740	300272	150176	118704	117776	237884	122788	685976	648620	63476	90424	359256	424664	101284	72912	32096	76068	575992	375312	287720	443336	169808	566316	166108	193052	279324	292004	144396	214644	35160	70884	327884	256388	280252	323420	394184	334164	229400	323612	673408	291200	170748	132908	388984	457872	260580	138440	135732	62692	200044	83920	96736	102300	203244	150820	379948	392424	102108	66492	272096	328564	391372	312440	84052	61844	178636	179248	64568	46360	178412	216544	66692	99808	365864	288840	35140	52700	233040	270540	398848	494008	341120	275680	30808	41488	302212	279872	435888	504060	275352	167868	336824	311028	118396	172656	22136	44720	20960	49924	384096	249956	227856	206016	141420	15452	
data	data	Precentral_L	Precentral_R	Frontal_Sup_L	Frontal_Sup_R	Frontal_Sup_Orb_L	Frontal_Sup_Orb_R	Frontal_Mid_L	Frontal_Mid_R	Frontal_Mid_Orb_L	Frontal_Mid_Orb_R	Frontal_Inf_Oper_L	Frontal_Inf_Oper_R	Frontal_Inf_Tri_L	Frontal_Inf_Tri_R	Frontal_Inf_Orb_L	Frontal_Inf_Orb_R	Rolandic_Oper_L	Rolandic_Oper_R	Supp_Motor_Area_L	Supp_Motor_Area_R	Olfactory_L	Olfactory_R	Frontal_Sup_Medial_L	Frontal_Sup_Medial_R	Frontal_Med_Orb_L	Frontal_Med_Orb_R	Rectus_L	Rectus_R	Insula_L	Insula_R	Cingulum_Ant_L	Cingulum_Ant_R	Cingulum_Mid_L	Cingulum_Mid_R	Cingulum_Post_L	Cingulum_Post_R	Hippocampus_L	Hippocampus_R	ParaHippocampal_L	ParaHippocampal_R	Amygdala_L	Amygdala_R	Calcarine_L	Calcarine_R	Cuneus_L	Cuneus_R	Lingual_L	Lingual_R	Occipital_Sup_L	Occipital_Sup_R	Occipital_Mid_L	Occipital_Mid_R	Occipital_Inf_L	Occipital_Inf_R	Fusiform_L	Fusiform_R	Postcentral_L	Postcentral_R	Parietal_Sup_L	Parietal_Sup_R	Parietal_Inf_L	Parietal_Inf_R	SupraMarginal_L	SupraMarginal_R	Angular_L	Angular_R	Precuneus_L	Precuneus_R	Paracentral_Lobule_L	Paracentral_Lobule_R	Caudate_L	Caudate_R	Putamen_L	Putamen_R	Pallidum_L	Pallidum_R	Thalamus_L	Thalamus_R	Heschl_L	Heschl_R	Temporal_Sup_L	Temporal_Sup_R	Temporal_Pole_Sup_L	Temporal_Pole_Sup_R	Temporal_Mid_L	Temporal_Mid_R	Temporal_Pole_Mid_L	Temporal_Pole_Mid_R	Temporal_Inf_L	Temporal_Inf_R	Cerebelum_Crus1_L	Cerebelum_Crus1_R	Cerebelum_Crus2_L	Cerebelum_Crus2_R	Cerebelum_3_L	Cerebelum_3_R	Cerebelum_4_5_L	Cerebelum_4_5_R	Cerebelum_6_L	Cerebelum_6_R	Cerebelum_7b_L	Cerebelum_7b_R	Cerebelum_8_L	Cerebelum_8_R	Cerebelum_9_L	Cerebelum_9_R	Cerebelum_10_L	Cerebelum_10_R	Vermis_1_2	Vermis_3	Vermis_4_5	Vermis_6	Vermis_7	Vermis_8	Vermis_9	Vermis_10	
360932	Precentral_L	0	2020	20678	2370	0	0	14510	240	0	0	15092	0	3902	0	0	0	8476	0	12270	7174	0	0	0	0	0	0	0	0	5496	0	0	0	2716	3744	2784	1008	2840	780	266	126	0	0	142	0	800	0	0	0	352	0	3850	0	0	0	152	108	27102	0	878	0	4142	0	2258	0	2964	0	1844	0	9018	0	556	368	1340	188	0	0	9566	1712	1190	0	1116	0	0	0	2912	0	0	0	1416	0	0	0	0	0	0	0	0	0	0	0	0	0	0	0	0	0	0	0	0	0	0	0	0	0	0	0	
201728	Precentral_R	2020	0	1370	8796	0	0	380	8320	0	0	124	5670	120	852	0	0	0	1516	760	4216	0	0	0	0	0	0	0	0	218	1210	0	0	0	4132	404	1946	578	1958	0	0	0	0	0	660	0	1734	0	0	0	1510	0	1620	0	678	0	194	294	19322	0	0	0	1626	0	3080	0	756	296	4898	560	4258	506	2990	1436	326	756	0	1526	3980	0	148	0	650	0	0	0	1242	0	0	0	1228	0	0	0	0	0	0	0	0	0	0	0	0	0	0	0	0	0	0	0	0	0	0	0	0	0	0	
995900	Frontal_Sup_L	20678	1370	0	11854	11928	0	64076	426	1462	0	17340	0	27124	0	6220	0	11506	142	84028	20762	0	0	41080	1490	7644	200	436	0	38702	254	19108	4848	4526	7606	822	2226	6168	1514	1720	248	86	0	0	0	0	0	0	0	0	0	288	126	122	0	526	176	5236	0	164	0	302	0	252	0	686	298	0	154	910	0	7254	1292	26754	600	5932	130	19338	4294	1686	0	1894	0	1126	0	222	0	0	0	494	100	0	0	0	0	0	0	0	0	0	0	0	0	0	0	0	0	0	0	0	0	0	0	0	0	0	0	
782504	Frontal_Sup_R	2370	8796	11854	0	566	7040	548	29874	0	1908	1166	4926	116	10938	0	4840	1942	8978	20028	63500	0	0	9648	47438	530	2152	0	562	4578	20730	4140	32658	458	28828	348	1202	534	810	182	202	0	0	0	94	0	658	0	0	0	1364	0	1688	0	264	0	208	0	778	0	124	0	640	0	1026	0	1040	210	1734	274	0	10288	16544	3630	8258	186	798	290	1256	332	900	198	1332	0	1306	0	810	0	0	0	632	0	0	0	0	0	0	0	0	0	0	0	0	0	0	0	0	0	0	0	0	0	0	0	0	0	0	
164120	Frontal_Sup_Orb_L	0	0	11928	566	0	0	790	0	5832	0	714	0	2946	0	7316	0	0	0	978	536	1494	0	10204	0	9482	362	3558	130	6804	0	9252	94	0	278	0	0	0	0	0	0	136	0	0	0	0	0	0	0	0	0	0	0	0	0	0	0	0	0	0	0	0	0	0	0	0	0	0	0	0	0	1864	0	6326	0	326	0	0	0	0	0	0	0	144	0	0	0	0	0	0	0	0	0	0	0	0	0	0	0	0	0	0	0	0	0	0	0	0	0	0	0	0	0	0	0	0	0	
134956	Frontal_Sup_Orb_R	0	0	0	7040	0	0	0	912	0	5368	0	244	0	1062	0	4908	158	0	0	456	1214	3044	0	4748	0	4862	0	8090	210	3254	432	4654	0	102	0	0	0	0	0	0	0	216	0	0	0	0	0	0	0	0	0	0	0	0	0	0	0	0	0	0	0	0	0	0	0	0	0	0	0	0	1976	6902	1308	4672	724	796	0	0	0	0	0	0	0	126	0	0	0	0	0	0	0	0	0	0	0	0	0	0	0	0	0	0	0	0	0	0	0	0	0	0	0	0	0	0	0	0	
415364	Frontal_Mid_L	14510	380	64076	548	790	0	0	116	1146	0	14994	0	36236	0	4858	0	1554	0	7430	834	0	0	14610	594	404	0	0	0	16510	92	3954	1104	1920	1092	414	704	2796	590	480	220	0	0	0	0	0	0	0	0	0	0	496	0	0	0	192	184	2352	0	186	0	928	0	286	0	606	0	102	0	0	0	182	0	3584	224	100	0	2010	986	1326	0	268	0	90	0	304	0	0	0	320	0	0	0	0	0	0	0	0	0	0	0	0	0	0	0	0	0	0	0	0	0	0	0	0	0	0	0	
191336	Frontal_Mid_R	240	8320	426	29874	0	912	116	0	0	2922	0	3184	0	10892	0	4574	136	720	1988	4002	0	0	498	7590	0	0	0	0	318	4988	186	3168	0	2650	0	0	108	306	0	0	0	0	0	0	0	0	0	0	0	0	0	0	0	0	0	0	0	426	0	0	0	0	0	154	0	100	0	0	136	0	1016	2378	352	1658	0	0	170	836	0	0	0	120	0	112	0	92	0	0	0	0	0	0	0	0	0	0	0	0	0	0	0	0	0	0	0	0	0	0	0	0	0	0	0	0	0	0	
43836	Frontal_Mid_Orb_L	0	0	1462	0	5832	0	1146	0	0	0	0	0	604	0	9510	0	0	0	0	0	0	0	396	0	146	0	410	0	804	0	140	0	0	0	0	0	0	0	0	0	0	0	0	0	0	0	0	0	0	0	0	0	0	0	0	0	0	0	0	0	0	0	0	0	0	0	0	0	0	0	100	0	1204	0	164	0	0	0	0	0	0	0	0	0	0	0	0	0	0	0	0	0	0	0	0	0	0	0	0	0	0	0	0	0	0	0	0	0	0	0	0	0	0	0	0	0	
50404	Frontal_Mid_Orb_R	0	0	0	1908	0	5368	0	2922	0	0	0	0	0	1092	0	6422	0	0	0	0	112	286	0	764	0	632	0	906	0	948	86	746	0	0	0	0	0	0	0	0	0	0	0	0	0	0	0	0	0	0	0	0	0	0	0	0	0	0	0	0	0	0	0	0	0	0	0	0	0	0	126	800	0	1678	0	406	0	0	0	0	0	0	0	0	0	0	0	0	0	0	0	0	0	0	0	0	0	0	0	0	0	0	0	0	0	0	0	0	0	0	0	0	0	0	0	0	
282304	Frontal_Inf_Oper_L	15092	124	17340	1166	714	0	14994	0	0	0	0	0	17836	0	152	0	14152	0	8360	2714	0	0	1518	176	658	0	0	0	20322	162	1218	702	228	2478	0	178	944	170	198	0	0	0	0	0	0	0	0	0	0	0	754	0	0	0	94	0	5734	0	266	0	850	0	722	0	1066	0	104	0	0	0	2296	168	2064	0	0	0	528	250	796	0	1660	0	1790	0	256	0	0	0	158	0	0	0	0	0	0	0	0	0	0	0	0	0	0	0	0	0	0	0	0	0	0	0	0	0	0	0	
86740	Frontal_Inf_Oper_R	0	5670	0	4926	0	244	0	3184	0	0	0	0	0	4816	0	500	86	2652	166	2942	0	0	0	760	0	0	0	0	128	8040	0	1420	0	846	0	0	0	346	0	0	0	0	0	0	0	0	0	0	0	0	0	0	0	0	0	90	0	926	0	0	0	0	0	0	0	130	0	0	0	0	264	918	0	1452	0	0	0	0	0	158	0	674	0	1622	0	410	0	0	0	0	0	0	0	0	0	0	0	0	0	0	0	0	0	0	0	0	0	0	0	0	0	0	0	0	0	0	
300272	Frontal_Inf_Tri_L	3902	120	27124	116	2946	0	36236	0	604	0	17836	0	0	0	7950	0	1734	0	6354	482	0	0	4770	0	2450	88	0	0	25454	0	3162	264	154	458	140	324	832	284	258	106	0	0	0	0	0	0	0	0	0	0	138	0	0	0	120	0	952	0	0	0	170	0	0	0	308	0	0	0	0	0	90	0	2032	0	0	0	744	450	332	0	160	0	390	0	0	0	0	0	102	0	0	0	0	0	0	0	0	0	0	0	0	0	0	0	0	0	0	0	0	0	0	0	0	0	0	0	
150176	Frontal_Inf_Tri_R	0	852	0	10938	0	1062	0	10892	0	1092	0	4816	0	0	0	6070	0	358	908	2944	0	0	152	7198	0	0	0	126	0	12312	604	9008	0	2914	0	0	0	0	0	0	0	0	0	0	0	0	0	0	0	0	0	0	0	0	0	0	0	0	0	0	0	0	0	0	0	0	0	0	0	0	126	1464	0	1252	0	0	0	0	0	0	0	0	0	0	0	0	0	0	0	0	0	0	0	0	0	0	0	0	0	0	0	0	0	0	0	0	0	0	0	0	0	0	0	0	0	0	
118704	Frontal_Inf_Orb_L	0	0	6220	0	7316	0	4858	0	9510	0	152	0	7950	0	0	0	0	0	206	0	1026	0	936	0	660	0	740	0	12592	0	792	0	0	0	0	0	0	0	0	0	0	0	0	0	0	0	0	0	0	0	0	0	0	0	0	0	0	0	0	0	0	0	0	0	0	0	0	0	0	0	482	0	5190	0	634	0	0	0	0	0	0	0	88	0	0	0	0	0	0	0	0	0	0	0	0	0	0	0	0	0	0	0	0	0	0	0	0	0	0	0	0	0	0	0	0	0	
117776	Frontal_Inf_Orb_R	0	0	0	4840	0	4908	0	4574	0	6422	0	500	0	6070	0	0	0	0	0	282	192	1318	0	3150	0	0	0	1842	0	9846	0	2680	0	122	0	0	0	392	0	478	0	752	0	0	0	0	0	0	0	0	0	0	0	0	0	512	0	0	0	0	0	0	0	0	0	0	0	0	0	0	416	2292	286	5290	250	468	0	0	0	0	0	0	0	714	0	92	0	0	0	200	0	0	0	0	0	0	0	0	0	0	0	0	0	0	0	0	0	0	0	0	0	0	0	0	0	0	
237884	Rolandic_Oper_L	8476	0	11506	1942	0	158	1554	136	0	0	14152	86	1734	0	0	0	0	0	7898	2010	0	0	90	304	0	0	0	0	18864	128	0	374	804	1176	0	0	724	0	0	0	0	0	0	0	0	0	0	0	104	0	4668	0	0	0	0	0	11140	0	1106	0	1572	0	2862	0	3024	0	956	0	0	0	2626	304	866	0	0	0	0	0	2618	0	8922	0	2572	0	2924	0	0	0	562	0	0	0	0	0	0	0	0	0	0	0	0	0	0	0	0	0	0	0	0	0	0	0	0	0	0	0	
122788	Rolandic_Oper_R	0	1516	142	8978	0	0	0	720	0	0	0	2652	0	358	0	0	0	0	108	7264	0	0	0	150	0	0	0	0	0	12000	0	348	0	180	0	92	0	1148	0	0	0	0	0	0	0	430	0	0	0	626	0	270	0	96	0	134	0	3276	0	0	0	164	0	2328	0	332	128	766	0	0	132	836	164	2732	0	0	0	244	0	4542	0	6016	0	1328	0	656	0	0	0	538	0	0	0	0	0	0	0	0	0	0	0	0	0	0	0	0	0	0	0	0	0	0	0	0	0	0	
685976	Supp_Motor_Area_L	12270	760	84028	20028	978	0	7430	1988	0	0	8360	166	6354	908	206	0	7898	108	0	37322	0	0	9248	11654	920	0	0	0	18092	506	6096	8072	9348	24512	3174	2444	3478	658	886	158	0	0	0	0	192	0	0	0	0	0	328	138	0	0	352	110	3988	0	102	0	168	0	156	0	408	272	184	314	5306	168	4718	1526	15674	440	3132	110	11164	2132	1262	0	1402	0	404	0	374	0	0	0	414	0	0	0	0	0	0	0	0	0	0	0	0	0	0	0	0	0	0	0	0	0	0	0	0	0	0	0	
648620	Supp_Motor_Area_R	7174	4216	20762	63500	536	456	834	4002	0	0	2714	2942	482	2944	0	282	2010	7264	37322	0	0	0	3700	15974	508	184	0	110	5172	11026	2236	14624	2884	55292	1590	5934	312	662	148	230	0	0	0	244	0	882	0	0	0	1138	0	1178	0	200	0	240	164	1036	0	0	0	530	0	774	0	684	334	2942	3846	3910	8240	7738	2762	3156	162	618	218	1150	140	736	142	1072	324	884	0	526	0	0	0	314	0	0	0	0	0	0	0	0	0	0	0	0	0	0	0	0	0	0	0	0	0	0	0	0	0	0	
63476	Olfactory_L	0	0	0	0	1494	1214	0	0	0	112	0	0	0	0	1026	192	0	0	0	0	0	3738	0	0	0	112	1040	1506	2508	206	1554	820	0	0	0	0	652	0	338	0	1060	0	0	0	0	0	0	0	0	0	0	0	0	0	380	0	0	0	0	0	0	0	0	0	0	0	0	0	0	0	4808	2532	3412	1514	676	844	0	0	0	0	0	0	0	0	0	0	0	0	0	0	0	0	0	0	0	0	0	0	0	0	0	0	0	0	0	0	0	0	0	0	0	0	0	0	0	0	
90424	Olfactory_R	0	0	0	0	0	3044	0	0	0	286	0	0	0	0	0	1318	0	0	0	0	3738	0	0	232	0	1070	320	4368	0	1820	1478	1818	0	0	0	0	0	200	0	194	88	568	0	0	0	0	0	0	0	0	0	0	0	0	0	0	0	0	0	0	0	0	0	0	0	0	0	0	0	0	5924	7972	3538	3244	1840	2014	0	138	0	0	0	0	0	0	0	0	0	0	0	0	0	0	0	0	0	0	0	0	0	0	0	0	0	0	0	0	0	0	0	0	0	0	0	0	0	0	
359256	Frontal_Sup_Medial_L	0	0	41080	9648	10204	0	14610	498	396	0	1518	0	4770	152	936	0	90	0	9248	3700	0	0	0	14920	9238	652	722	0	4652	0	20498	10886	5432	10706	0	0	0	0	0	0	0	0	0	0	0	0	0	0	0	0	0	0	0	0	0	0	0	0	0	0	0	0	0	0	0	0	0	0	0	0	1538	152	3142	98	0	0	0	0	0	0	0	0	142	0	0	0	0	0	0	0	0	0	0	0	0	0	0	0	0	0	0	0	0	0	0	0	0	0	0	0	0	0	0	0	0	0	
424664	Frontal_Sup_Medial_R	0	0	1490	47438	0	4748	594	7590	0	764	176	760	0	7198	0	3150	304	150	11654	15974	0	232	14920	0	166	4718	0	1056	424	8426	4594	31652	552	24040	0	0	0	0	0	0	0	0	0	0	0	0	0	0	0	0	0	0	0	0	0	0	0	0	0	0	0	0	0	0	0	0	0	0	0	0	1508	10096	212	7198	0	408	0	0	0	0	0	0	0	140	0	0	0	0	0	0	0	0	0	0	0	0	0	0	0	0	0	0	0	0	0	0	0	0	0	0	0	0	0	0	0	0	
101284	Frontal_Med_Orb_L	0	0	7644	530	9482	0	404	0	146	0	658	0	2450	0	660	0	0	0	920	508	0	0	9238	166	0	920	1428	134	3028	0	9324	278	0	256	0	0	0	0	0	0	0	0	0	0	0	0	0	0	0	0	0	0	0	0	0	0	0	0	0	0	0	0	0	0	0	0	0	0	0	0	1032	0	1328	0	0	0	0	0	0	0	0	0	108	0	0	0	0	0	0	0	0	0	0	0	0	0	0	0	0	0	0	0	0	0	0	0	0	0	0	0	0	0	0	0	0	0	
72912	Frontal_Med_Orb_R	0	0	200	2152	362	4862	0	0	0	632	0	0	88	0	0	0	0	0	0	184	112	1070	652	4718	920	0	0	4700	106	246	1922	5226	0	90	0	0	0	0	0	0	0	0	0	0	0	0	0	0	0	0	0	0	0	0	0	0	0	0	0	0	0	0	0	0	0	0	0	0	0	0	168	4104	0	3378	0	564	0	0	0	0	0	0	0	0	0	0	0	0	0	0	0	0	0	0	0	0	0	0	0	0	0	0	0	0	0	0	0	0	0	0	0	0	0	0	0	0	
32096	Rectus_L	0	0	436	0	3558	0	0	0	410	0	0	0	0	0	740	0	0	0	0	0	1040	320	722	0	1428	0	0	254	910	0	2246	230	0	0	0	0	0	0	0	0	306	0	0	0	0	0	0	0	0	0	0	0	0	0	0	0	0	0	0	0	0	0	0	0	0	0	0	0	0	0	1370	124	1840	114	0	0	0	0	0	0	0	0	0	0	0	0	0	0	0	0	0	0	0	0	0	0	0	0	0	0	0	0	0	0	0	0	0	0	0	0	0	0	0	0	0	0	
76068	Rectus_R	0	0	0	562	130	8090	0	0	0	906	0	0	0	126	0	1842	0	0	0	110	1506	4368	0	1056	134	4700	254	0	0	1154	506	2356	0	102	0	0	0	0	0	0	0	254	0	0	0	0	0	0	0	0	0	0	0	0	0	0	0	0	0	0	0	0	0	0	0	0	0	0	0	0	1908	3532	1530	1832	808	268	0	0	0	0	0	0	0	0	0	0	0	0	0	0	0	0	0	0	0	0	0	0	0	0	0	0	0	0	0	0	0	0	0	0	0	0	0	0	0	0	
575992	Insula_L	5496	218	38702	4578	6804	210	16510	318	804	0	20322	128	25454	0	12592	0	18864	0	18092	5172	2508	0	4652	424	3028	106	910	0	0	202	4242	1102	1030	3448	144	718	12126	746	1480	128	696	0	0	0	0	0	0	0	0	0	3670	0	172	0	2834	0	5222	0	1142	0	1150	0	732	0	3186	256	394	0	0	0	8514	530	19202	216	540	0	1124	2440	7962	0	5452	86	2358	0	3854	0	0	0	4912	0	94	0	0	0	0	0	0	0	0	0	0	0	0	0	0	0	0	0	0	0	0	0	0	0	0	0	
375312	Insula_R	0	1210	254	20730	0	3254	92	4988	0	948	162	8040	0	12312	0	9846	128	12000	506	11026	206	1820	0	8426	0	246	0	1154	202	0	912	10326	0	4050	98	172	188	6392	0	988	0	512	0	208	0	1028	0	164	0	1640	0	1090	0	578	0	2508	0	194	0	90	0	114	0	304	0	524	246	2200	0	0	1528	6092	412	19236	0	404	194	538	0	3556	0	9154	0	4780	0	5514	0	0	0	4172	0	0	0	0	0	0	0	0	0	0	0	0	0	0	0	0	0	0	0	0	0	0	0	0	0	0	
287720	Cingulum_Ant_L	0	0	19108	4140	9252	432	3954	186	140	86	1218	0	3162	604	792	0	0	0	6096	2236	1554	1478	20498	4594	9324	1922	2246	506	4242	912	0	13192	7334	4580	286	0	0	0	0	0	0	0	0	0	0	0	0	0	0	0	0	0	0	0	0	0	0	0	0	0	0	0	0	0	0	0	0	0	0	0	6476	2142	8372	1488	466	608	104	0	0	0	0	0	130	0	0	0	0	0	0	0	0	0	0	0	0	0	0	0	0	0	0	0	0	0	0	0	0	0	0	0	0	0	0	0	0	0	
443336	Cingulum_Ant_R	0	0	4848	32658	94	4654	1104	3168	0	746	702	1420	264	9008	0	2680	374	348	8072	14624	820	1818	10886	31652	278	5226	230	2356	1102	10326	13192	0	2222	22642	0	0	0	0	0	0	0	0	0	0	0	0	0	0	0	0	0	0	0	0	0	0	0	0	0	0	0	0	0	0	0	0	0	0	0	0	3248	17808	1662	9570	438	1236	0	0	0	0	0	0	0	192	0	0	0	0	0	0	0	0	0	0	0	0	0	0	0	0	0	0	0	0	0	0	0	0	0	0	0	0	0	0	0	0	
169808	Cingulum_Mid_L	2716	0	4526	458	0	0	1920	0	0	0	228	0	154	0	0	0	804	0	9348	2884	0	0	5432	552	0	0	0	0	1030	0	7334	2222	0	11346	7122	1694	0	0	0	0	0	0	0	0	1306	166	0	0	448	0	4202	86	0	0	0	0	996	0	928	0	444	0	238	0	1942	0	5458	1746	4980	88	0	0	0	0	0	0	0	0	232	0	326	0	0	0	1026	0	0	0	416	0	0	0	0	0	0	0	0	0	0	0	0	0	0	0	0	0	0	0	0	0	106	0	0	0	0	0	
566316	Cingulum_Mid_R	3744	4132	7606	28828	278	102	1092	2650	0	0	2478	846	458	2914	0	122	1176	180	24512	55292	0	0	10706	24040	256	90	0	102	3448	4050	4580	22642	11346	0	3430	9992	0	178	0	100	0	0	0	1486	116	4850	0	102	0	3458	144	3198	0	732	0	258	90	1108	0	224	0	0	0	100	0	398	3256	14186	3040	5350	3984	1554	540	716	0	0	0	0	0	0	0	366	322	0	0	1544	0	0	0	666	0	0	0	0	0	0	0	0	0	0	0	0	0	0	0	0	0	0	0	0	0	0	0	0	0	0	
166108	Cingulum_Post_L	2784	404	822	348	0	0	414	0	0	0	0	0	140	0	0	0	0	0	3174	1590	0	0	0	0	0	0	0	0	144	98	286	0	7122	3430	0	10870	4718	3224	2564	1768	0	0	3134	290	1872	274	1676	778	1328	0	2090	0	512	0	736	660	158	0	0	0	0	0	0	0	168	0	9484	2026	3416	0	0	0	560	206	0	0	1036	1774	0	0	0	0	0	0	2756	0	0	0	744	92	0	0	0	0	0	0	498	662	0	0	0	0	0	0	0	0	0	0	0	0	2224	0	0	0	0	0	
193052	Cingulum_Post_R	1008	1946	2226	1202	0	0	704	0	0	0	178	0	324	0	0	0	0	92	2444	5934	0	0	0	0	0	0	0	0	718	172	0	0	1694	9992	10870	0	4544	6954	1350	3204	0	0	130	976	0	1832	100	2986	0	1058	144	698	468	196	520	1164	0	0	0	0	0	0	0	0	0	124	1894	11350	162	1152	216	0	1572	356	0	0	3274	4244	0	0	0	0	0	0	230	510	0	0	0	1000	0	0	0	0	0	0	0	938	0	0	0	0	0	0	0	0	0	0	0	0	3676	0	0	0	0	0	
279324	Hippocampus_L	2840	578	6168	534	0	0	2796	108	0	0	944	0	832	0	0	0	724	0	3478	312	652	0	0	0	0	0	0	0	12126	188	0	0	0	0	4718	4544	0	4576	14074	1986	6190	0	1364	0	0	0	2694	1034	0	0	1174	114	1724	0	11366	796	1018	0	0	0	0	0	0	0	0	340	1566	98	0	0	1148	134	10642	516	1104	0	5246	5610	4516	0	2140	126	418	0	2834	876	0	0	9214	912	748	0	0	0	0	0	574	728	106	0	0	0	0	0	0	0	0	0	0	0	414	0	0	0	0	0	
292004	Hippocampus_R	780	1958	1514	810	0	0	590	306	0	0	170	346	284	0	0	392	0	1148	658	662	0	200	0	0	0	0	0	0	746	6392	0	0	0	178	3224	6954	4576	0	1392	24880	0	9868	0	438	0	0	246	4636	0	100	0	414	442	618	476	23842	0	96	0	0	0	130	0	132	0	398	120	2488	0	0	280	400	1318	10648	0	468	3142	7844	0	564	0	2046	0	694	118	2696	0	164	0	9340	0	0	0	0	0	212	0	2346	0	0	0	0	0	0	0	0	0	0	0	0	1118	0	0	0	0	0	
144396	ParaHippocampal_L	266	0	1720	182	0	0	480	0	0	0	198	0	258	0	0	0	0	0	886	148	338	0	0	0	0	0	0	0	1480	0	0	0	0	0	2564	1350	14074	1392	0	962	1228	0	1526	0	0	0	7718	780	0	0	3194	0	3288	0	9760	156	0	0	0	0	0	0	0	0	0	0	1804	0	0	0	212	0	3790	86	594	0	1856	944	240	0	282	0	300	0	3390	0	132	0	1708	0	356	0	0	0	334	0	762	516	372	0	0	0	0	0	0	0	0	0	0	204	368	0	0	0	0	0	
214644	ParaHippocampal_R	126	0	248	202	0	0	220	0	0	0	0	0	106	0	0	478	0	0	158	230	0	194	0	0	0	0	0	0	128	988	0	0	0	100	1768	3204	1986	24880	962	0	0	9954	0	748	0	0	148	6388	0	0	0	108	320	258	364	22734	0	0	0	0	0	0	0	0	0	112	0	2528	0	0	0	110	382	4064	0	406	718	2788	0	0	0	722	0	4586	0	694	0	3238	0	3894	0	156	0	0	0	464	0	4296	0	210	0	0	0	0	0	0	0	0	0	0	954	0	0	0	0	0	
35160	Amygdala_L	0	0	86	0	136	0	0	0	0	0	0	0	0	0	0	0	0	0	0	0	1060	88	0	0	0	0	306	0	696	0	0	0	0	0	0	0	6190	0	1228	0	0	0	0	0	0	0	0	0	0	0	0	0	0	0	3430	0	0	0	0	0	0	0	0	0	0	0	0	0	0	0	556	86	1940	0	120	0	200	0	0	0	0	0	340	0	0	0	104	0	1014	0	0	0	0	0	0	0	0	0	0	0	0	0	0	0	0	0	0	0	0	0	0	0	0	0	0	0	
70884	Amygdala_R	0	0	0	0	0	216	0	0	0	0	0	0	0	0	0	752	0	0	0	0	0	568	0	0	0	0	0	254	0	512	0	0	0	0	0	0	0	9868	0	9954	0	0	0	0	0	0	0	0	0	0	0	0	0	0	0	7326	0	0	0	0	0	0	0	0	0	0	0	0	0	0	0	472	0	2048	0	0	0	0	0	0	0	0	0	2600	0	0	0	714	0	158	0	0	0	0	0	0	0	0	0	0	0	0	0	0	0	0	0	0	0	0	0	0	0	0	0	0	
327884	Calcarine_L	142	0	0	0	0	0	0	0	0	0	0	0	0	0	0	0	0	0	0	0	0	0	0	0	0	0	0	0	0	0	0	0	0	0	3134	130	1364	0	1526	0	0	0	0	5800	16156	4266	20890	3908	10382	2094	28254	722	6330	252	6556	1224	122	0	0	0	0	0	0	0	0	0	14094	0	216	0	0	0	0	0	0	0	0	0	0	0	0	0	0	0	3536	0	0	0	266	0	0	1028	0	0	0	144	2196	1076	1080	2784	0	0	306	928	730	2828	280	1280	0	92	8474	4668	174	1374	2794	342	
256388	Calcarine_R	0	660	0	94	0	0	0	0	0	0	0	0	0	0	0	0	0	0	0	244	0	0	0	0	0	0	0	0	0	208	0	0	0	1486	290	976	0	438	0	748	0	0	5800	0	5580	19282	2204	22122	730	14336	518	10964	0	7180	0	6956	0	240	0	0	0	0	0	0	0	0	476	12546	0	380	0	0	0	0	0	0	0	0	0	0	0	238	0	0	0	2882	0	0	0	8504	142	186	0	0	0	0	0	114	308	586	0	0	0	0	0	0	0	0	0	0	150	626	0	0	0	0	
280252	Cuneus_L	800	0	0	0	0	0	0	0	0	0	0	0	0	0	0	0	0	0	192	0	0	0	0	0	0	0	0	0	0	0	0	0	1306	116	1872	0	0	0	0	0	0	0	16156	5580	0	12986	2720	226	28520	6708	28542	1154	390	0	824	0	1058	0	948	0	0	0	0	0	392	0	19090	944	2242	0	0	0	0	0	0	0	0	0	0	0	0	0	0	0	6606	110	0	0	208	180	0	0	0	0	0	0	0	0	0	0	0	0	0	0	0	0	0	0	0	0	256	0	0	0	0	0	
323420	Cuneus_R	0	1734	0	658	0	0	0	0	0	0	0	0	0	0	0	0	0	430	0	882	0	0	0	0	0	0	0	0	0	1028	0	0	166	4850	274	1832	0	0	0	0	0	0	4266	19282	12986	0	508	3890	1818	44640	890	12514	0	1510	0	288	0	2316	0	3120	0	240	0	430	0	506	6948	26850	0	1776	0	0	0	0	0	0	0	0	0	272	0	1390	0	0	0	1622	0	0	0	1682	0	0	0	0	0	0	0	0	0	0	0	0	0	0	0	0	0	0	0	0	112	0	0	0	0	0	
394184	Lingual_L	0	0	0	0	0	0	0	0	0	0	0	0	0	0	0	0	0	0	0	0	0	0	0	0	0	0	0	0	0	0	0	0	0	0	1676	100	2694	246	7718	148	0	0	20890	2204	2720	508	0	8462	3660	576	30052	1430	15124	908	24698	4378	0	0	0	0	0	0	0	0	0	0	4410	116	0	0	0	0	0	0	0	0	392	222	0	0	0	0	0	0	3142	0	0	0	146	0	5096	2324	246	314	478	0	11792	1906	17764	5354	0	0	140	0	220	168	0	0	0	174	6938	6562	746	108	142	0	
334164	Lingual_R	0	0	0	0	0	0	0	0	0	0	0	0	0	0	0	0	0	0	0	0	0	0	0	0	0	0	0	0	0	164	0	0	0	102	778	2986	1034	4636	780	6388	0	0	3908	22122	226	3890	8462	0	0	4538	518	7010	260	7960	694	26804	0	0	0	0	0	0	0	0	0	0	120	6526	0	0	0	0	102	0	0	0	222	1256	0	0	0	0	0	0	0	386	0	0	0	3120	2118	4414	334	356	0	266	2202	8736	5038	10104	0	0	0	0	0	0	0	0	0	0	7882	9294	1346	0	0	0	
229400	Occipital_Sup_L	352	0	0	0	0	0	0	0	0	0	0	0	0	0	0	0	104	0	0	0	0	0	0	0	0	0	0	0	0	0	0	0	448	0	1328	0	0	0	0	0	0	0	10382	730	28520	1818	3660	0	0	254	37110	0	242	0	476	0	1302	0	5998	0	498	0	0	0	462	0	17344	430	758	0	0	0	0	0	0	0	0	0	0	0	206	0	0	0	2040	0	0	0	144	0	0	0	0	0	0	0	0	0	0	0	0	0	0	0	0	0	0	0	0	0	94	0	0	0	0	0	
323612	Occipital_Sup_R	0	1510	0	1364	0	0	0	0	0	0	0	0	0	0	0	0	0	626	0	1138	0	0	0	0	0	0	0	0	0	1640	0	0	0	3458	0	1058	0	100	0	0	0	0	2094	14336	6708	44640	576	4538	254	0	174	22292	0	802	0	534	0	2750	0	5538	0	1524	0	954	0	3092	6460	25716	0	1326	0	104	0	298	0	0	0	0	0	284	0	2808	0	0	0	1678	0	0	0	1076	0	0	0	0	0	0	0	0	94	112	0	0	0	0	0	0	0	0	0	0	0	150	0	0	0	0	
673408	Occipital_Mid_L	3850	0	288	0	0	0	496	0	0	0	754	0	138	0	0	0	4668	0	328	0	0	0	0	0	0	0	0	0	3670	0	0	0	4202	144	2090	144	1174	0	3194	0	0	0	28254	518	28542	890	30052	518	37110	174	0	0	21752	0	16420	344	5420	0	13514	0	15516	0	1900	0	28784	0	30518	696	2806	0	0	0	0	0	0	0	0	0	808	0	4504	0	0	0	33136	0	0	0	3946	0	426	176	0	0	0	0	956	110	2048	542	0	0	0	0	0	0	0	0	0	0	630	554	0	0	0	0	
291200	Occipital_Mid_R	0	1620	126	1688	0	0	0	0	0	0	0	0	0	0	0	0	0	270	138	1178	0	0	0	0	0	0	0	0	0	1090	0	0	86	3198	0	698	114	414	0	108	0	0	722	10964	1154	12514	1430	7010	0	22292	0	0	0	9424	0	4754	0	1318	0	2212	0	3302	0	1134	0	11974	956	13370	0	1258	0	0	94	922	0	0	192	550	0	294	0	2988	0	0	0	14904	0	0	0	5466	236	402	0	0	0	0	144	182	436	904	0	0	0	0	0	0	0	0	0	0	342	1028	0	0	0	0	
170748	Occipital_Inf_L	0	0	122	0	0	0	0	0	0	0	0	0	0	0	0	0	0	0	0	0	0	0	0	0	0	0	0	0	172	0	0	0	0	0	512	468	1724	442	3288	320	0	0	6330	0	390	0	15124	260	242	0	21752	0	0	0	16672	0	0	0	0	0	0	0	0	0	0	0	1064	0	0	0	0	0	168	0	0	0	526	234	134	0	106	0	0	0	3724	0	0	0	6294	0	1056	96	0	98	0	0	746	232	2106	172	0	0	0	0	0	0	0	0	0	0	410	262	128	0	0	0	
132908	Occipital_Inf_R	0	678	0	264	0	0	0	0	0	0	0	0	0	0	0	0	0	96	0	200	0	0	0	0	0	0	0	0	0	578	0	0	0	732	0	196	0	618	0	258	0	0	252	7180	0	1510	908	7960	0	802	0	9424	0	0	0	10988	0	650	0	0	0	0	0	0	0	0	114	4140	0	694	0	0	0	0	0	0	0	98	0	0	0	176	0	0	0	3202	0	0	0	10488	168	508	0	0	0	0	110	356	462	1382	0	0	0	0	0	0	0	0	0	0	276	986	0	0	0	0	
388984	Fusiform_L	152	0	526	0	0	0	192	0	0	0	94	0	120	0	0	0	0	0	352	0	380	0	0	0	0	0	0	0	2834	0	0	0	0	0	736	520	11366	476	9760	364	3430	0	6556	0	824	0	24698	694	476	0	16420	0	16672	0	0	488	0	0	0	0	0	0	0	0	0	0	1038	0	0	0	86	0	3244	0	0	0	626	286	0	0	378	0	2180	0	4548	0	2584	0	14892	0	19596	486	788	186	0	0	12774	454	27780	956	120	0	254	0	0	0	0	0	0	0	1662	1052	392	0	0	0	
457872	Fusiform_R	108	194	176	208	0	0	184	0	0	0	0	90	0	0	0	512	0	134	110	240	0	0	0	0	0	0	0	0	0	2508	0	0	0	258	660	1164	796	23842	156	22734	0	7326	1224	6956	0	288	4378	26804	0	534	344	4754	0	10988	488	0	0	0	0	0	0	0	0	0	0	242	0	1790	0	0	0	118	294	7470	0	268	360	1578	0	148	0	2146	0	6040	0	2894	0	5842	0	21508	1342	9938	204	406	0	122	1776	11134	3426	17040	0	0	0	636	0	0	0	0	0	0	6418	6734	904	0	0	0	
260580	Postcentral_L	27102	294	5236	0	0	0	2352	0	0	0	5734	0	952	0	0	0	11140	0	3988	164	0	0	0	0	0	0	0	0	5222	0	0	0	996	90	158	0	1018	0	0	0	0	0	122	0	1058	0	0	0	1302	0	5420	0	0	0	0	0	0	0	8712	0	22544	0	8160	0	2774	0	4992	144	4258	0	0	0	132	0	0	0	140	0	1414	0	3180	0	0	0	1240	0	0	0	252	0	0	0	0	0	0	0	0	0	0	0	0	0	0	0	0	0	0	0	0	0	0	0	0	0	0	0	
138440	Postcentral_R	0	19322	0	778	0	0	0	426	0	0	0	926	0	0	0	0	0	3276	0	1036	0	0	0	0	0	0	0	0	0	194	0	0	0	1108	0	0	0	96	0	0	0	0	0	240	0	2316	0	0	0	2750	0	1318	0	650	0	0	0	0	0	3796	0	4658	0	9632	0	1500	606	5764	0	4918	0	168	0	0	0	0	0	88	0	196	0	1710	0	0	0	1274	0	0	0	474	0	0	0	0	0	0	0	0	0	0	0	0	0	0	0	0	0	0	0	0	0	0	0	0	0	0	
135732	Parietal_Sup_L	878	0	164	0	0	0	186	0	0	0	266	0	0	0	0	0	1106	0	102	0	0	0	0	0	0	0	0	0	1142	0	0	0	928	0	0	0	0	0	0	0	0	0	0	0	948	0	0	0	5998	0	13514	0	0	0	0	0	8712	0	0	0	12186	0	194	0	4922	0	13904	420	786	0	0	0	0	0	0	0	0	0	230	0	484	0	0	0	606	0	0	0	190	0	0	0	0	0	0	0	0	0	0	0	0	0	0	0	0	0	0	0	0	0	0	0	0	0	0	0	
62692	Parietal_Sup_R	0	0	0	124	0	0	0	0	0	0	0	0	0	0	0	0	0	0	0	0	0	0	0	0	0	0	0	0	0	90	0	0	0	224	0	0	0	0	0	0	0	0	0	0	0	3120	0	0	0	5538	0	2212	0	0	0	0	0	3796	0	0	0	3664	0	606	0	2970	1234	7230	0	124	0	0	0	0	0	0	0	0	0	0	0	306	0	0	0	108	0	0	0	0	0	0	0	0	0	0	0	0	0	0	0	0	0	0	0	0	0	0	0	0	0	0	0	0	0	0	
200044	Parietal_Inf_L	4142	0	302	0	0	0	928	0	0	0	850	0	170	0	0	0	1572	0	168	0	0	0	0	0	0	0	0	0	1150	0	0	0	444	0	0	0	0	0	0	0	0	0	0	0	0	0	0	0	498	0	15516	0	0	0	0	0	22544	0	12186	0	0	0	10702	0	20008	0	3528	0	1350	0	0	0	0	0	0	0	0	0	156	0	1872	0	0	0	1750	0	0	0	186	0	0	0	0	0	0	0	0	0	0	0	0	0	0	0	0	0	0	0	0	0	0	0	0	0	0	0	
83920	Parietal_Inf_R	0	1626	0	640	0	0	0	0	0	0	0	0	0	0	0	0	0	164	0	530	0	0	0	0	0	0	0	0	0	114	0	0	0	0	0	0	0	130	0	0	0	0	0	0	0	240	0	0	0	1524	0	3302	0	0	0	0	0	4658	0	3664	0	0	0	10006	0	13014	140	1040	0	120	0	0	0	434	0	0	0	164	0	0	0	140	0	0	0	186	0	0	0	124	0	0	0	0	0	0	0	0	0	0	0	0	0	0	0	0	0	0	0	0	0	0	0	0	0	0	
96736	SupraMarginal_L	2258	0	252	0	0	0	286	0	0	0	722	0	0	0	0	0	2862	0	156	0	0	0	0	0	0	0	0	0	732	0	0	0	238	0	0	0	0	0	0	0	0	0	0	0	0	0	0	0	0	0	1900	0	0	0	0	0	8160	0	194	0	10702	0	0	0	8518	0	124	0	0	0	0	0	0	0	0	0	0	0	0	0	6394	0	0	0	4870	0	0	0	0	0	0	0	0	0	0	0	0	0	0	0	0	0	0	0	0	0	0	0	0	0	0	0	0	0	0	0	
102300	SupraMarginal_R	0	3080	0	1026	0	0	0	154	0	0	0	0	0	0	0	0	0	2328	0	774	0	0	0	0	0	0	0	0	0	304	0	0	0	100	0	0	0	132	0	0	0	0	0	0	0	430	0	0	0	954	0	1134	0	0	0	0	0	9632	0	606	0	10006	0	0	0	7330	204	646	0	0	0	116	0	400	0	0	0	140	0	142	0	7484	0	0	0	4028	0	0	0	0	0	0	0	0	0	0	0	0	0	0	0	0	0	0	0	0	0	0	0	0	0	0	0	0	0	0	
203244	Angular_L	2964	0	686	0	0	0	606	0	0	0	1066	0	308	0	0	0	3024	0	408	0	0	0	0	0	0	0	0	0	3186	0	0	0	1942	0	168	0	0	0	0	0	0	0	0	0	392	0	0	0	462	0	28784	0	0	0	0	0	2774	0	4922	0	20008	0	8518	0	0	0	3126	0	466	0	0	0	0	0	0	0	0	0	598	0	4710	0	0	0	11156	0	0	0	1348	0	0	0	0	0	0	0	0	0	0	0	0	0	0	0	0	0	0	0	0	0	0	0	0	0	0	0	
150820	Angular_R	0	756	298	1040	0	0	0	100	0	0	0	130	0	0	0	0	0	332	272	684	0	0	0	0	0	0	0	0	256	524	0	0	0	398	0	124	340	398	0	112	0	0	0	0	0	506	0	0	0	3092	0	11974	0	0	0	242	0	1500	0	2970	0	13014	0	7330	0	0	204	1436	0	236	228	0	284	512	0	0	252	778	0	520	0	10252	0	0	0	13164	0	0	0	1152	0	0	0	0	0	0	0	0	0	0	0	0	0	0	0	0	0	0	0	0	0	0	0	0	0	0	
379948	Precuneus_L	1844	296	0	210	0	0	102	0	0	0	104	0	0	0	0	0	956	128	184	334	0	0	0	0	0	0	0	0	394	246	0	0	5458	3256	9484	1894	1566	120	1804	0	0	0	14094	476	19090	6948	4410	120	17344	6460	30518	956	1064	114	1038	0	4992	606	13904	1234	3528	140	124	204	3126	204	0	13176	3936	266	0	0	0	0	0	0	0	0	0	0	696	572	0	0	8590	134	0	0	842	106	0	0	0	0	0	0	442	0	0	0	0	0	0	0	0	0	0	0	0	0	2140	0	0	0	0	0	
392424	Precuneus_R	0	4898	154	1734	0	0	0	0	0	0	0	0	0	0	0	0	0	766	314	2942	0	0	0	0	0	0	0	0	0	2200	0	0	1746	14186	2026	11350	98	2488	0	2528	0	0	0	12546	944	26850	116	6526	430	25716	696	13370	0	4140	0	1790	144	5764	420	7230	0	1040	0	646	0	1436	13176	0	0	6070	0	186	0	148	0	0	0	456	0	360	0	2302	0	0	0	4046	0	0	0	7390	0	0	0	0	0	0	0	808	0	0	0	0	0	0	0	0	0	0	0	0	3940	96	0	0	0	0	
102108	Paracentral_Lobule_L	9018	560	910	274	0	0	0	136	0	0	0	0	0	0	0	0	0	0	5306	3846	0	0	0	0	0	0	0	0	0	0	0	0	4980	3040	3416	162	0	0	0	0	0	0	216	0	2242	0	0	0	758	0	2806	0	0	0	0	0	4258	0	786	0	1350	0	0	0	466	0	3936	0	0	158	0	286	0	0	0	0	956	188	0	0	0	0	0	0	910	0	0	0	90	0	0	0	0	0	0	0	0	0	0	0	0	0	0	0	0	0	0	0	0	0	0	0	0	0	0	0	
66492	Paracentral_Lobule_R	0	4258	0	0	0	0	0	0	0	0	0	0	0	0	0	0	0	0	168	3910	0	0	0	0	0	0	0	0	0	0	0	0	88	5350	0	1152	0	0	0	0	0	0	0	380	0	1776	0	0	0	1326	0	1258	0	694	0	0	0	4918	0	124	0	120	0	0	0	236	266	6070	158	0	0	0	0	0	0	0	0	0	0	0	0	164	0	0	0	464	0	0	0	366	0	0	0	0	0	0	0	0	0	0	0	0	0	0	0	0	0	0	0	0	0	0	0	0	0	0	
272096	Caudate_L	556	506	7254	10288	1864	1976	182	1016	100	126	2296	264	90	126	482	416	2626	132	4718	8240	4808	5924	1538	1508	1032	168	1370	1908	8514	1528	6476	3248	0	3984	0	216	1148	280	212	0	556	0	0	0	0	0	0	0	0	0	0	0	0	0	86	0	0	0	0	0	0	0	0	0	0	228	0	0	0	0	0	8368	19812	3360	6280	2632	5084	1886	164	0	266	0	206	0	0	0	0	0	0	0	0	0	0	0	0	0	0	0	0	0	0	0	0	0	0	0	0	0	0	0	0	0	0	0	0	0	
328564	Caudate_R	368	2990	1292	16544	0	6902	0	2378	0	800	168	918	0	1464	0	2292	304	836	1526	7738	2532	7972	152	10096	0	4104	124	3532	530	6092	2142	17808	0	1554	0	0	134	400	0	110	86	472	0	0	0	0	0	0	0	104	0	0	0	0	0	118	0	168	0	0	0	0	0	116	0	0	0	186	286	0	8368	0	3704	19538	2036	7232	1466	15444	0	100	0	140	0	316	0	280	0	0	0	320	0	0	0	0	0	0	0	0	0	0	0	0	0	0	0	0	0	0	0	0	0	0	0	0	0	0	
391372	Putamen_L	1340	1436	26754	3630	6326	1308	3584	352	1204	0	2064	0	2032	0	5190	286	866	164	15674	2762	3412	3538	3142	212	1328	0	1840	1530	19202	412	8372	1662	0	540	560	1572	10642	1318	3790	382	1940	0	0	0	0	0	0	102	0	0	0	94	168	0	3244	294	132	0	0	0	0	0	0	0	0	284	0	0	0	0	19812	3704	0	2364	11740	1590	5602	2306	336	0	690	0	352	0	0	0	0	0	2152	108	246	0	0	0	0	0	0	0	0	0	0	0	0	0	0	0	0	0	0	0	0	0	0	0	0	0	
312440	Putamen_R	188	326	600	8258	0	4672	224	1658	0	1678	0	1452	0	1252	0	5290	0	2732	440	3156	1514	3244	98	7198	0	3378	114	1832	216	19236	1488	9570	0	716	206	356	516	10648	86	4064	0	2048	0	0	0	0	0	0	0	298	0	922	0	0	0	7470	0	0	0	0	0	434	0	400	0	512	0	148	0	0	3360	19538	2364	0	918	7000	808	4820	0	268	0	960	0	1046	0	848	0	138	0	5514	0	0	0	0	0	0	0	0	0	0	0	0	0	0	0	0	0	0	0	0	0	0	0	0	0	0	
84052	Pallidum_L	0	756	5932	186	326	724	100	0	164	0	0	0	0	0	634	250	0	0	3132	162	676	1840	0	0	0	0	0	808	540	0	466	438	0	0	0	0	1104	0	594	0	120	0	0	0	0	0	0	0	0	0	0	0	0	0	0	0	0	0	0	0	0	0	0	0	0	0	0	0	0	0	6280	2036	11740	918	0	762	1184	154	0	0	0	0	0	0	0	0	0	0	0	0	0	0	0	0	0	0	0	0	0	0	0	0	0	0	0	0	0	0	0	0	0	0	0	0	0	0	
61844	Pallidum_R	0	0	130	798	0	796	0	0	0	406	0	0	0	0	0	468	0	0	110	618	844	2014	0	408	0	564	0	268	0	404	608	1236	0	0	0	0	0	468	0	406	0	0	0	0	0	0	0	0	0	0	0	0	0	0	0	268	0	0	0	0	0	0	0	0	0	0	0	0	0	0	2632	7232	1590	7000	762	0	106	786	0	0	0	0	0	0	0	0	0	0	0	0	0	0	0	0	0	0	0	0	0	0	0	0	0	0	0	0	0	0	0	0	0	0	0	0	0	0	
178636	Thalamus_L	9566	1526	19338	290	0	0	2010	170	0	0	528	0	744	0	0	0	0	0	11164	218	0	0	0	0	0	0	0	0	1124	194	104	0	0	0	1036	3274	5246	3142	1856	718	200	0	0	0	0	0	392	222	0	0	0	192	526	0	626	360	140	0	0	0	0	0	0	0	0	252	0	0	956	0	5084	1466	5602	808	1184	106	0	8326	0	0	0	0	0	0	0	108	0	0	114	212	0	0	0	0	0	0	0	194	0	0	0	0	0	0	0	0	0	0	0	0	0	0	0	0	0	0	
179248	Thalamus_R	1712	3980	4294	1256	0	0	986	836	0	0	250	0	450	0	0	0	0	244	2132	1150	0	138	0	0	0	0	0	0	2440	538	0	0	0	0	1774	4244	5610	7844	944	2788	0	0	0	0	0	0	222	1256	0	0	0	550	234	98	286	1578	0	88	0	0	0	164	0	140	0	778	0	456	188	0	1886	15444	2306	4820	154	786	8326	0	530	120	0	304	0	0	0	1932	0	0	0	2604	0	0	0	0	0	0	0	764	0	0	0	0	0	0	0	0	0	0	0	0	0	0	0	0	0	0	
64568	Heschl_L	1190	0	1686	332	0	0	1326	0	0	0	796	0	332	0	0	0	2618	0	1262	140	0	0	0	0	0	0	0	0	7962	0	0	0	232	0	0	0	4516	0	240	0	0	0	0	0	0	0	0	0	0	0	808	0	134	0	0	0	1414	0	230	0	156	0	0	0	598	0	0	0	0	0	164	0	336	0	0	0	0	530	0	0	1906	0	0	0	2242	0	0	0	1134	0	0	0	0	0	0	0	0	0	0	0	0	0	0	0	0	0	0	0	0	0	0	0	0	0	0	0	
46360	Heschl_R	0	148	0	900	0	0	0	0	0	0	0	158	0	0	0	0	0	4542	0	736	0	0	0	0	0	0	0	0	0	3556	0	0	0	0	0	0	0	564	0	0	0	0	0	0	0	272	0	0	0	284	0	294	0	0	0	148	0	196	0	0	0	0	0	142	0	520	0	360	0	0	0	100	0	268	0	0	0	120	0	0	0	5988	0	194	0	2592	0	0	0	1098	0	0	0	0	0	0	0	0	0	0	0	0	0	0	0	0	0	0	0	0	0	0	0	0	0	0	
178412	Temporal_Sup_L	1116	0	1894	198	0	0	268	0	0	0	1660	0	160	0	0	0	8922	0	1402	142	0	0	0	0	0	0	0	0	5452	0	0	0	326	0	0	0	2140	0	282	0	0	0	0	0	0	0	0	0	206	0	4504	0	106	0	378	0	3180	0	484	0	1872	0	6394	0	4710	0	696	0	0	0	266	0	690	0	0	0	0	0	1906	0	0	0	4364	0	26292	0	192	0	9004	0	0	0	0	0	0	0	0	0	0	0	0	0	0	0	0	0	0	0	0	0	0	0	0	0	0	0	
216544	Temporal_Sup_R	0	650	0	1332	0	0	0	120	0	0	0	674	0	0	0	0	0	6016	0	1072	0	0	0	0	0	0	0	0	86	9154	0	0	0	366	0	0	126	2046	0	722	0	0	0	238	0	1390	0	0	0	2808	0	2988	0	176	0	2146	0	1710	0	306	0	140	0	7484	0	10252	572	2302	0	164	0	140	0	960	0	0	0	304	0	5988	0	0	0	7852	0	31546	0	1110	0	5332	0	0	0	0	0	0	0	0	0	0	0	0	0	0	0	0	0	0	0	0	0	0	0	0	0	0	
66692	Temporal_Pole_Sup_L	0	0	1126	0	144	0	90	0	0	0	1790	0	390	0	88	0	2572	0	404	324	0	0	142	0	108	0	0	0	2358	0	130	0	0	322	0	0	418	0	300	0	340	0	0	0	0	0	0	0	0	0	0	0	0	0	2180	0	0	0	0	0	0	0	0	0	0	0	0	0	0	0	206	0	352	0	0	0	0	0	0	0	4364	0	0	0	6578	0	3808	0	4812	0	0	0	0	0	0	0	0	0	0	0	0	0	0	0	0	0	0	0	0	0	0	0	0	0	0	0	
99808	Temporal_Pole_Sup_R	0	0	0	1306	0	126	0	112	0	0	0	1622	0	0	0	714	0	1328	0	884	0	0	0	140	0	0	0	0	0	4780	0	192	0	0	0	0	0	694	0	4586	0	2600	0	0	0	0	0	0	0	0	0	0	0	0	0	6040	0	0	0	0	0	0	0	0	0	0	0	0	0	0	0	316	0	1046	0	0	0	0	0	194	0	7852	0	0	0	7250	0	6156	0	1966	0	0	0	0	0	0	0	0	0	0	0	0	0	0	0	0	0	0	0	0	0	0	0	0	0	0	
365864	Temporal_Mid_L	2912	0	222	0	0	0	304	0	0	0	256	0	0	0	0	0	2924	0	374	0	0	0	0	0	0	0	0	0	3854	0	0	0	1026	0	2756	230	2834	118	3390	0	0	0	3536	0	6606	0	3142	0	2040	0	33136	0	3724	0	4548	0	1240	0	606	0	1750	0	4870	0	11156	0	8590	0	910	0	0	0	0	0	0	0	0	0	2242	0	26292	0	6578	0	0	0	5740	0	34472	0	0	0	0	0	0	0	284	0	0	0	0	0	0	0	0	0	0	0	0	0	270	0	0	0	0	0	
288840	Temporal_Mid_R	0	1242	0	810	0	0	0	92	0	0	0	410	0	0	0	92	0	656	0	526	0	0	0	0	0	0	0	0	0	5514	0	0	0	1544	0	510	876	2696	0	694	0	0	0	2882	110	1622	0	386	0	1678	0	14904	0	3202	0	2894	0	1274	0	108	0	186	0	4028	0	13164	134	4046	0	464	0	280	0	848	0	0	108	1932	0	2592	0	31546	0	7250	0	0	0	5096	0	27912	0	0	0	0	0	0	0	0	0	0	0	0	0	0	0	0	0	0	0	0	112	0	0	0	0	0	
35140	Temporal_Pole_Mid_L	0	0	0	0	0	0	0	0	0	0	0	0	0	0	0	0	0	0	0	0	0	0	0	0	0	0	0	0	0	0	0	0	0	0	0	0	0	0	132	0	104	0	0	0	0	0	0	0	0	0	0	0	0	0	2584	0	0	0	0	0	0	0	0	0	0	0	0	0	0	0	0	0	0	0	0	0	0	0	0	0	192	0	3808	0	5740	0	0	0	5010	0	0	0	0	0	0	0	0	0	0	0	0	0	0	0	0	0	0	0	0	0	0	0	0	0	0	0	
52700	Temporal_Pole_Mid_R	0	0	0	0	0	0	0	0	0	0	0	0	0	0	0	0	0	0	0	0	0	0	0	0	0	0	0	0	0	0	0	0	0	0	0	0	0	164	0	3238	0	714	0	0	0	0	0	0	0	0	0	0	0	0	0	5842	0	0	0	0	0	0	0	0	0	0	0	0	0	0	0	0	0	138	0	0	0	0	0	0	0	1110	0	6156	0	5096	0	0	0	3892	0	0	0	0	0	0	0	0	0	0	0	0	0	0	0	0	0	0	0	0	0	0	0	0	0	0	
233040	Temporal_Inf_L	1416	0	494	0	0	0	320	0	0	0	158	0	102	0	0	0	562	0	414	0	0	0	0	0	0	0	0	0	4912	0	0	0	416	0	744	0	9214	0	1708	0	1014	0	266	0	208	0	146	0	144	0	3946	0	6294	0	14892	0	252	0	190	0	186	0	0	0	1348	0	842	0	90	0	0	0	2152	0	0	0	114	0	1134	0	9004	0	4812	0	34472	0	5010	0	0	0	4948	0	1346	0	0	0	0	0	898	0	876	0	1378	0	0	0	0	0	0	0	98	0	0	0	0	0	
270540	Temporal_Inf_R	0	1228	100	632	0	0	0	0	0	0	0	0	0	0	0	200	0	538	0	314	0	0	0	0	0	0	0	0	0	4172	0	0	0	666	92	1000	912	9340	0	3894	0	158	0	8504	180	1682	0	3120	0	1076	0	5466	0	10488	0	21508	0	474	0	0	0	124	0	0	0	1152	106	7390	0	366	0	320	108	5514	0	0	212	2604	0	1098	0	5332	0	1966	0	27912	0	3892	0	0	0	596	0	0	0	0	0	192	0	260	0	0	0	0	0	0	0	0	0	0	382	0	0	0	0	0	
398848	Cerebelum_Crus1_L	0	0	0	0	0	0	0	0	0	0	0	0	0	0	0	0	0	0	0	0	0	0	0	0	0	0	0	0	94	0	0	0	0	0	0	0	748	0	356	0	0	0	0	142	0	0	5096	2118	0	0	426	236	1056	168	19596	1342	0	0	0	0	0	0	0	0	0	0	0	0	0	0	0	0	246	0	0	0	0	0	0	0	0	0	0	0	0	0	0	0	4948	0	0	6504	27958	3868	806	130	12390	840	47362	6082	12504	1142	16750	892	1422	772	278	132	202	374	2136	6840	10534	1812	1122	0	
494008	Cerebelum_Crus1_R	0	0	0	0	0	0	0	0	0	0	0	0	0	0	0	0	0	0	0	0	0	0	0	0	0	0	0	0	0	0	0	0	0	0	0	0	0	0	0	156	0	0	1028	186	0	0	2324	4414	0	0	176	402	96	508	486	9938	0	0	0	0	0	0	0	0	0	0	0	0	0	0	0	0	0	0	0	0	0	0	0	0	0	0	0	0	0	0	0	0	0	596	6504	0	5188	28110	378	3256	4902	25604	5496	61714	380	3800	516	25402	282	4130	0	2054	744	2890	16844	9238	13884	2612	2568	198	
341120	Cerebelum_Crus2_L	0	0	0	0	0	0	0	0	0	0	0	0	0	0	0	0	0	0	0	0	0	0	0	0	0	0	0	0	0	0	0	0	0	0	0	0	0	0	0	0	0	0	0	0	0	0	246	334	0	0	0	0	0	0	788	204	0	0	0	0	0	0	0	0	0	0	0	0	0	0	0	0	0	0	0	0	0	0	0	0	0	0	0	0	0	0	0	0	1346	0	27958	5188	0	10190	86	0	1082	434	5526	4048	37424	8286	33204	5488	1392	618	184	0	0	0	760	1838	13838	9126	972	0	
275680	Cerebelum_Crus2_R	0	0	0	0	0	0	0	0	0	0	0	0	0	0	0	0	0	0	0	0	0	0	0	0	0	0	0	0	0	0	0	0	0	0	0	0	0	0	0	0	0	0	0	0	0	0	314	356	0	0	0	0	98	0	186	406	0	0	0	0	0	0	0	0	0	0	0	0	0	0	0	0	0	0	0	0	0	0	0	0	0	0	0	0	0	0	0	0	0	0	3868	28110	10190	0	0	0	106	418	1396	6780	5480	19530	3500	29990	0	1958	0	570	0	0	322	2214	14978	5662	1408	0	
30808	Cerebelum_3_L	0	0	0	0	0	0	0	0	0	0	0	0	0	0	0	0	0	0	0	0	0	0	0	0	0	0	0	0	0	0	0	0	0	0	0	0	0	0	334	0	0	0	0	0	0	0	478	0	0	0	0	0	0	0	0	0	0	0	0	0	0	0	0	0	0	0	0	0	0	0	0	0	0	0	0	0	0	0	0	0	0	0	0	0	0	0	0	0	0	0	806	378	86	0	0	114	6420	114	1472	396	0	0	108	0	734	0	142	0	1112	1418	1292	0	0	0	0	0	
41488	Cerebelum_3_R	0	0	0	0	0	0	0	0	0	0	0	0	0	0	0	0	0	0	0	0	0	0	0	0	0	0	0	0	0	0	0	0	0	0	0	0	0	212	0	464	0	0	144	0	0	0	0	266	0	0	0	0	0	0	0	122	0	0	0	0	0	0	0	0	0	0	0	0	0	0	0	0	0	0	0	0	0	0	0	0	0	0	0	0	0	0	0	0	0	0	130	3256	0	0	114	0	1188	4122	182	4560	0	0	0	0	0	338	0	0	302	2794	1938	256	0	0	356	0	
302212	Cerebelum_4_5_L	0	0	0	0	0	0	0	0	0	0	0	0	0	0	0	0	0	0	0	0	0	0	0	0	0	0	0	0	0	0	0	0	0	0	498	0	574	0	762	0	0	0	2196	0	0	0	11792	2202	0	0	956	144	746	110	12774	1776	0	0	0	0	0	0	0	0	0	0	442	0	0	0	0	0	0	0	0	0	0	0	0	0	0	0	0	0	284	0	0	0	0	0	12390	4902	1082	106	6420	1188	0	5564	31126	7708	800	0	3562	640	6690	2188	1718	350	1484	2930	19066	2578	828	524	1522	484	
279872	Cerebelum_4_5_R	0	0	0	0	0	0	0	0	0	0	0	0	0	0	0	0	0	0	0	0	0	0	0	0	0	0	0	0	0	0	0	0	0	0	662	938	728	2346	516	4296	0	0	1076	114	0	0	1906	8736	0	0	110	182	232	356	454	11134	0	0	0	0	0	0	0	0	0	0	0	808	0	0	0	0	0	0	0	0	194	764	0	0	0	0	0	0	0	0	0	0	0	192	840	25604	434	418	114	4122	5564	0	2260	34586	156	0	684	668	1322	1638	204	338	162	1948	20136	1150	770	120	818	136	
435888	Cerebelum_6_L	0	0	0	0	0	0	0	0	0	0	0	0	0	0	0	0	0	0	0	0	0	0	0	0	0	0	0	0	0	0	0	0	0	0	0	0	106	0	372	0	0	0	1080	308	0	0	17764	5038	0	94	2048	436	2106	462	27780	3426	0	0	0	0	0	0	0	0	0	0	0	0	0	0	0	0	0	0	0	0	0	0	0	0	0	0	0	0	0	0	0	0	898	0	47362	5496	5526	1396	1472	182	31126	2260	0	8256	5242	0	9142	816	2514	1948	366	498	276	482	10172	12232	4512	2330	2326	94	
504060	Cerebelum_6_R	0	0	0	0	0	0	0	0	0	0	0	0	0	0	0	0	0	0	0	0	0	0	0	0	0	0	0	0	0	0	0	0	0	0	0	0	0	0	0	210	0	0	2784	586	0	0	5354	10104	0	112	542	904	172	1382	956	17040	0	0	0	0	0	0	0	0	0	0	0	0	0	0	0	0	0	0	0	0	0	0	0	0	0	0	0	0	0	0	0	0	0	260	6082	61714	4048	6780	396	4560	7708	34586	8256	0	150	1314	640	9156	1404	4354	296	2798	804	3152	25022	13752	9560	1980	2862	250	
275352	Cerebelum_7b_L	0	0	0	0	0	0	0	0	0	0	0	0	0	0	0	0	0	0	0	0	0	0	0	0	0	0	0	0	0	0	0	0	0	0	0	0	0	0	0	0	0	0	0	0	0	0	0	0	0	0	0	0	0	0	120	0	0	0	0	0	0	0	0	0	0	0	0	0	0	0	0	0	0	0	0	0	0	0	0	0	0	0	0	0	0	0	0	0	876	0	12504	380	37424	5480	0	0	800	156	5242	150	0	7554	38174	6998	2298	1094	330	0	0	0	572	370	4452	11512	1190	0	
167868	Cerebelum_7b_R	0	0	0	0	0	0	0	0	0	0	0	0	0	0	0	0	0	0	0	0	0	0	0	0	0	0	0	0	0	0	0	0	0	0	0	0	0	0	0	0	0	0	0	0	0	0	0	0	0	0	0	0	0	0	0	0	0	0	0	0	0	0	0	0	0	0	0	0	0	0	0	0	0	0	0	0	0	0	0	0	0	0	0	0	0	0	0	0	0	0	1142	3800	8286	19530	0	0	0	0	0	1314	7554	0	6204	21440	0	1194	0	216	0	0	94	0	5308	7422	430	0	
336824	Cerebelum_8_L	0	0	0	0	0	0	0	0	0	0	0	0	0	0	0	0	0	0	0	0	0	0	0	0	0	0	0	0	0	0	0	0	0	0	0	0	0	0	0	0	0	0	306	0	0	0	140	0	0	0	0	0	0	0	254	0	0	0	0	0	0	0	0	0	0	0	0	0	0	0	0	0	0	0	0	0	0	0	0	0	0	0	0	0	0	0	0	0	1378	0	16750	516	33204	3500	108	0	3562	684	9142	640	38174	6204	0	8012	16204	3714	1118	228	0	0	2764	1132	3120	13856	3702	0	
311028	Cerebelum_8_R	0	0	0	0	0	0	0	0	0	0	0	0	0	0	0	0	0	0	0	0	0	0	0	0	0	0	0	0	0	0	0	0	0	0	0	0	0	0	0	0	0	0	928	0	0	0	0	0	0	0	0	0	0	0	0	636	0	0	0	0	0	0	0	0	0	0	0	0	0	0	0	0	0	0	0	0	0	0	0	0	0	0	0	0	0	0	0	0	0	0	892	25402	5488	29990	0	0	640	668	816	9156	6998	21440	8012	0	972	15804	132	1456	0	0	2098	2268	5922	10800	4492	504	
118396	Cerebelum_9_L	0	0	0	0	0	0	0	0	0	0	0	0	0	0	0	0	0	0	0	0	0	0	0	0	0	0	0	0	0	0	0	0	0	0	0	0	0	0	0	0	0	0	730	0	0	0	220	0	0	0	0	0	0	0	0	0	0	0	0	0	0	0	0	0	0	0	0	0	0	0	0	0	0	0	0	0	0	0	0	0	0	0	0	0	0	0	0	0	0	0	1422	282	1392	0	734	0	6690	1322	2514	1404	2298	0	16204	972	0	4244	3848	292	122	168	5242	1952	284	2536	3882	444	
172656	Cerebelum_9_R	0	0	0	0	0	0	0	0	0	0	0	0	0	0	0	0	0	0	0	0	0	0	0	0	0	0	0	0	0	0	0	0	0	0	0	0	0	0	0	0	0	0	2828	0	0	0	168	0	0	0	0	0	0	0	0	0	0	0	0	0	0	0	0	0	0	0	0	0	0	0	0	0	0	0	0	0	0	0	0	0	0	0	0	0	0	0	0	0	0	0	772	4130	618	1958	0	338	2188	1638	1948	4354	1094	1194	3714	15804	4244	0	268	3138	188	234	6312	6526	3202	7468	10818	1184	
22136	Cerebelum_10_L	0	0	0	0	0	0	0	0	0	0	0	0	0	0	0	0	0	0	0	0	0	0	0	0	0	0	0	0	0	0	0	0	0	0	0	0	0	0	0	0	0	0	280	0	0	0	0	0	0	0	0	0	0	0	0	0	0	0	0	0	0	0	0	0	0	0	0	0	0	0	0	0	0	0	0	0	0	0	0	0	0	0	0	0	0	0	0	0	0	0	278	0	184	0	142	0	1718	204	366	296	330	0	1118	132	3848	268	0	0	0	0	1284	230	0	0	274	116	
44720	Cerebelum_10_R	0	0	0	0	0	0	0	0	0	0	0	0	0	0	0	0	0	0	0	0	0	0	0	0	0	0	0	0	0	0	0	0	0	0	0	0	0	0	0	0	0	0	1280	0	0	0	0	0	0	0	0	0	0	0	0	0	0	0	0	0	0	0	0	0	0	0	0	0	0	0	0	0	0	0	0	0	0	0	0	0	0	0	0	0	0	0	0	0	0	0	132	2054	0	570	0	0	350	338	498	2798	0	216	228	1456	292	3138	0	0	0	0	1974	2272	778	1470	2516	0	
20960	Vermis_1_2	0	0	0	0	0	0	0	0	0	0	0	0	0	0	0	0	0	0	0	0	0	0	0	0	0	0	0	0	0	0	0	0	0	0	0	0	0	0	0	0	0	0	0	0	0	0	0	0	0	0	0	0	0	0	0	0	0	0	0	0	0	0	0	0	0	0	0	0	0	0	0	0	0	0	0	0	0	0	0	0	0	0	0	0	0	0	0	0	0	0	202	744	0	0	1112	302	1484	162	276	804	0	0	0	0	122	188	0	0	0	3520	1462	0	0	0	102	0	
49924	Vermis_3	0	0	0	0	0	0	0	0	0	0	0	0	0	0	0	0	0	0	0	0	0	0	0	0	0	0	0	0	0	0	0	0	0	0	0	0	0	0	204	0	0	0	92	0	0	0	174	0	0	0	0	0	0	0	0	0	0	0	0	0	0	0	0	0	0	0	0	0	0	0	0	0	0	0	0	0	0	0	0	0	0	0	0	0	0	0	0	0	0	0	374	2890	0	0	1418	2794	2930	1948	482	3152	0	0	0	0	168	234	0	0	3520	0	3838	202	102	0	320	120	
