data	data	478924	378844	756588	832924	140508	150416	374928	266212	61464	72200	256860	242584	257192	192232	209556	100624	409176	181316	613732	876728	103352	111944	324912	390988	27876	73980	65096	91208	794160	457292	294500	590252	178772	658980	198392	218672	264504	332716	132068	192516	43788	65216	222784	351820	164064	235136	310552	340792	171268	290388	381732	269892	120364	87272	374968	457712	295524	168276	127584	79356	205552	144500	76428	141752	109104	177952	306360	413152	351644	216744	363720	478532	338744	391724	51576	44772	166488	201764	142044	47952	274788	172996	119756	63604	327072	247744	21284	23456	205276	159564	395636	419900	300056	253424	62608	53180	255236	228184	430104	436860	221860	138924	300768	267924	182712	132944	33492	20348	38232	48784	177140	195652	187236	86288	71352	26724	
data	data	Precentral_L	Precentral_R	Frontal_Sup_L	Frontal_Sup_R	Frontal_Sup_Orb_L	Frontal_Sup_Orb_R	Frontal_Mid_L	Frontal_Mid_R	Frontal_Mid_Orb_L	Frontal_Mid_Orb_R	Frontal_Inf_Oper_L	Frontal_Inf_Oper_R	Frontal_Inf_Tri_L	Frontal_Inf_Tri_R	Frontal_Inf_Orb_L	Frontal_Inf_Orb_R	Rolandic_Oper_L	Rolandic_Oper_R	Supp_Motor_Area_L	Supp_Motor_Area_R	Olfactory_L	Olfactory_R	Frontal_Sup_Medial_L	Frontal_Sup_Medial_R	Frontal_Med_Orb_L	Frontal_Med_Orb_R	Rectus_L	Rectus_R	Insula_L	Insula_R	Cingulum_Ant_L	Cingulum_Ant_R	Cingulum_Mid_L	Cingulum_Mid_R	Cingulum_Post_L	Cingulum_Post_R	Hippocampus_L	Hippocampus_R	ParaHippocampal_L	ParaHippocampal_R	Amygdala_L	Amygdala_R	Calcarine_L	Calcarine_R	Cuneus_L	Cuneus_R	Lingual_L	Lingual_R	Occipital_Sup_L	Occipital_Sup_R	Occipital_Mid_L	Occipital_Mid_R	Occipital_Inf_L	Occipital_Inf_R	Fusiform_L	Fusiform_R	Postcentral_L	Postcentral_R	Parietal_Sup_L	Parietal_Sup_R	Parietal_Inf_L	Parietal_Inf_R	SupraMarginal_L	SupraMarginal_R	Angular_L	Angular_R	Precuneus_L	Precuneus_R	Paracentral_Lobule_L	Paracentral_Lobule_R	Caudate_L	Caudate_R	Putamen_L	Putamen_R	Pallidum_L	Pallidum_R	Thalamus_L	Thalamus_R	Heschl_L	Heschl_R	Temporal_Sup_L	Temporal_Sup_R	Temporal_Pole_Sup_L	Temporal_Pole_Sup_R	Temporal_Mid_L	Temporal_Mid_R	Temporal_Pole_Mid_L	Temporal_Pole_Mid_R	Temporal_Inf_L	Temporal_Inf_R	Cerebelum_Crus1_L	Cerebelum_Crus1_R	Cerebelum_Crus2_L	Cerebelum_Crus2_R	Cerebelum_3_L	Cerebelum_3_R	Cerebelum_4_5_L	Cerebelum_4_5_R	Cerebelum_6_L	Cerebelum_6_R	Cerebelum_7b_L	Cerebelum_7b_R	Cerebelum_8_L	Cerebelum_8_R	Cerebelum_9_L	Cerebelum_9_R	Cerebelum_10_L	Cerebelum_10_R	Vermis_1_2	Vermis_3	Vermis_4_5	Vermis_6	Vermis_7	Vermis_8	Vermis_9	Vermis_10	
478924	Precentral_L	0	5866	10014	2740	0	0	16728	86	0	0	8734	0	3206	0	0	0	8814	0	6246	12808	0	0	0	0	0	0	0	0	11290	136	928	518	742	1972	6942	5526	5732	2030	278	360	0	0	98	0	0	0	0	198	216	0	1844	0	0	0	78	86	31606	1982	0	0	4224	84	2552	128	0	0	1434	386	33026	2896	4686	3974	4184	1994	1378	230	15134	2898	6784	0	2890	0	0	0	2448	0	0	0	328	0	0	0	0	0	0	0	0	0	0	0	0	0	0	0	0	0	0	0	0	0	0	0	0	0	0	0	
378844	Precentral_R	5866	0	1322	24548	0	0	644	6944	0	0	78	5746	0	82	0	0	132	3704	1038	24028	0	0	0	126	0	0	0	0	256	3838	0	450	0	1010	670	2042	142	6626	0	510	0	212	0	1076	0	334	0	276	0	3546	0	1818	0	918	0	1620	632	21106	0	216	0	1126	0	2620	0	992	112	9592	6102	4844	974	8588	618	2178	74	830	948	19480	0	1378	84	2100	0	0	0	3718	0	0	0	1508	0	0	0	0	0	0	0	0	0	0	0	0	0	0	0	0	0	0	0	0	0	0	0	0	0	0	
756588	Frontal_Sup_L	10014	1322	0	9324	6952	0	56254	360	656	0	11640	618	13730	0	8840	0	22198	500	65518	16312	332	0	33066	1300	166	0	74	0	42462	1310	11900	5990	1572	4784	236	148	1912	216	90	70	594	0	0	0	0	0	0	0	0	0	0	0	0	0	82	0	4964	0	0	0	266	0	0	0	0	0	88	0	294	98	8450	4280	15176	1992	4268	194	1376	240	1504	0	3006	0	1304	0	152	0	0	0	100	0	0	0	0	0	0	0	0	0	0	0	0	0	0	0	0	0	0	0	0	0	0	0	0	0	0	0	
832924	Frontal_Sup_R	2740	24548	9324	0	0	7314	1376	40638	0	282	728	12842	192	11594	0	1770	852	13604	13552	55420	0	232	13646	42132	0	1526	0	616	2086	26212	5146	38616	922	23890	182	858	106	2330	0	534	0	106	0	166	0	0	0	0	0	240	0	144	0	92	0	476	304	1072	0	0	0	130	0	380	0	0	0	278	2346	0	2454	20178	1232	12066	148	2414	744	10234	0	1322	272	2192	200	676	0	518	0	0	0	268	0	0	0	0	0	0	0	0	0	0	0	0	0	0	0	0	0	0	0	0	0	0	0	0	0	0	
140508	Frontal_Sup_Orb_L	0	0	6952	0	0	186	1240	0	9352	0	0	0	1424	0	11536	0	84	0	190	0	2730	796	4778	0	2922	72	7096	214	7680	0	5266	228	0	0	0	0	0	0	0	0	166	0	0	0	0	0	0	0	0	0	0	0	0	0	0	0	0	0	0	0	0	0	0	0	0	0	0	0	0	0	2494	472	3102	304	0	0	0	0	0	0	0	0	894	0	0	0	76	0	0	0	0	0	0	0	0	0	0	0	0	0	0	0	0	0	0	0	0	0	0	0	0	0	0	0	0	0	
150416	Frontal_Sup_Orb_R	0	0	0	7314	186	0	0	928	0	7280	0	254	0	820	150	5860	0	0	92	264	1024	4114	700	4572	356	8232	600	11812	0	4560	1114	3524	0	586	0	0	0	0	0	0	0	172	0	0	0	0	0	0	0	0	0	0	0	0	0	0	0	0	0	0	0	0	0	0	0	0	0	0	0	0	454	2020	238	7982	0	0	0	0	0	0	0	0	0	0	0	0	0	0	0	0	0	0	0	0	0	0	0	0	0	0	0	0	0	0	0	0	0	0	0	0	0	0	0	0	0	0	
374928	Frontal_Mid_L	16728	644	56254	1376	1240	0	0	68	1222	0	8552	80	23314	0	4052	0	8384	134	9478	1252	0	0	11678	494	0	0	0	0	19402	226	3516	1020	294	326	94	114	812	128	84	0	0	0	0	0	0	0	0	0	0	0	72	0	0	0	0	0	1760	0	0	0	78	0	0	0	0	0	0	0	0	0	3658	2506	1474	1900	518	0	898	150	1990	0	872	0	286	0	232	0	0	0	104	0	0	0	0	0	0	0	0	0	0	0	0	0	0	0	0	0	0	0	0	0	0	0	0	0	0	0	
266212	Frontal_Mid_R	86	6944	360	40638	0	928	68	0	0	570	138	11682	0	14710	0	2346	132	5396	1342	2866	0	0	3228	12166	0	0	0	0	466	7714	692	5802	266	7556	0	0	0	320	0	96	0	0	0	0	0	0	0	0	0	0	0	0	0	0	0	0	68	284	0	0	0	0	0	80	0	0	0	0	0	0	516	694	190	2094	0	420	0	360	0	1016	0	766	0	106	0	0	0	0	0	0	0	0	0	0	0	0	0	0	0	0	0	0	0	0	0	0	0	0	0	0	0	0	0	0	0	0	
61464	Frontal_Mid_Orb_L	0	0	656	0	9352	0	1222	0	0	0	0	0	662	0	11362	0	0	0	0	0	266	158	0	0	454	0	2370	0	2544	0	164	0	0	0	0	0	0	0	0	0	0	0	0	0	0	0	0	0	0	0	0	0	0	0	0	0	0	0	0	0	0	0	0	0	0	0	0	0	0	0	384	66	692	0	0	0	0	0	0	0	0	0	380	0	0	0	0	0	0	0	0	0	0	0	0	0	0	0	0	0	0	0	0	0	0	0	0	0	0	0	0	0	0	0	0	0	
72200	Frontal_Mid_Orb_R	0	0	0	282	0	7280	0	570	0	0	0	0	0	672	0	13606	0	0	0	0	198	2160	0	286	0	1320	120	3938	0	3216	172	564	0	0	0	0	0	0	0	0	0	66	0	0	0	0	0	0	0	0	0	0	0	0	0	0	0	0	0	0	0	0	0	0	0	0	0	0	0	0	0	516	0	1134	0	0	0	0	0	0	0	0	0	0	0	0	0	0	0	0	0	0	0	0	0	0	0	0	0	0	0	0	0	0	0	0	0	0	0	0	0	0	0	0	0	0	
256860	Frontal_Inf_Oper_L	8734	78	11640	728	0	0	8552	138	0	0	0	332	14318	0	566	0	15786	122	7836	680	0	0	1404	134	0	0	0	0	25506	720	3136	3162	0	462	0	0	536	0	0	0	0	0	0	0	0	0	0	0	0	0	0	0	0	0	82	0	2056	0	0	0	0	0	0	0	0	0	0	0	0	0	6010	2954	3412	110	0	0	158	0	892	0	4256	0	3930	0	0	0	0	0	0	0	0	0	0	0	0	0	0	0	0	0	0	0	0	0	0	0	0	0	0	0	0	0	0	0	0	0	
242584	Frontal_Inf_Oper_R	0	5746	618	12842	0	254	80	11682	0	0	332	0	0	14056	0	300	310	9188	3132	7554	0	0	900	5022	0	0	0	0	622	20052	674	9218	0	4704	0	0	0	224	0	168	0	0	0	0	0	0	0	0	0	0	0	0	0	0	0	88	0	1188	0	0	0	74	0	110	0	118	0	0	0	0	1262	3990	500	2576	0	242	0	98	0	1452	110	1234	0	572	0	0	0	0	0	0	0	0	0	0	0	0	0	0	0	0	0	0	0	0	0	0	0	0	0	0	0	0	0	0	0	0	
257192	Frontal_Inf_Tri_L	3206	0	13730	192	1424	0	23314	0	662	0	14318	0	0	0	15424	0	2378	0	4600	174	0	0	2546	0	0	0	0	0	33240	0	4614	318	72	136	0	0	72	0	0	0	0	0	0	0	0	0	0	0	0	0	0	0	0	0	0	0	752	0	0	0	0	0	0	0	0	0	0	0	0	0	1484	154	2662	0	0	0	0	0	516	0	546	0	2062	0	0	0	0	0	0	0	0	0	0	0	0	0	0	0	0	0	0	0	0	0	0	0	0	0	0	0	0	0	0	0	0	0	
192232	Frontal_Inf_Tri_R	0	82	0	11594	0	820	0	14710	0	672	0	14056	0	0	0	4022	0	680	2800	3896	0	0	2042	8768	0	0	0	0	66	14280	154	7066	136	6468	0	0	0	0	0	0	0	0	0	0	0	0	0	0	0	0	0	0	0	0	0	0	0	0	0	0	0	0	0	0	0	0	0	0	0	0	126	988	0	2592	0	0	0	0	0	0	0	0	0	98	0	0	0	0	0	0	0	0	0	0	0	0	0	0	0	0	0	0	0	0	0	0	0	0	0	0	0	0	0	0	0	0	
209556	Frontal_Inf_Orb_L	0	0	8840	0	11536	150	4052	0	11362	0	566	0	15424	0	0	0	388	0	1132	0	2402	642	1496	0	0	0	2172	190	25822	0	2264	224	0	0	0	0	1354	0	436	0	816	0	0	0	0	0	0	0	0	0	0	0	0	0	78	0	96	0	0	0	0	0	0	0	0	0	0	0	0	0	1978	444	4864	302	0	0	0	0	0	0	332	0	5170	0	0	0	246	0	0	0	0	0	0	0	0	0	0	0	0	0	0	0	0	0	0	0	0	0	0	0	0	0	0	0	0	0	
100624	Frontal_Inf_Orb_R	0	0	0	1770	0	5860	0	2346	0	13606	0	300	0	4022	0	0	0	0	112	198	126	1892	632	1588	0	0	74	1940	0	9030	112	1380	124	1070	0	0	0	114	0	168	0	134	0	0	0	0	0	0	0	0	0	0	0	0	0	296	0	0	0	0	0	0	0	0	0	0	0	0	0	0	78	394	0	1348	0	0	0	0	0	0	0	182	0	846	0	0	0	336	0	234	0	0	0	0	0	0	0	0	0	0	0	0	0	0	0	0	0	0	0	0	0	0	0	0	0	0	
409176	Rolandic_Oper_L	8814	132	22198	852	84	0	8384	132	0	0	15786	310	2378	0	388	0	0	150	13132	1000	0	0	1398	126	0	0	0	0	43650	660	434	3120	166	586	716	588	1980	598	210	0	0	0	892	0	164	0	0	0	256	0	3198	0	294	0	242	0	14182	0	76	0	1138	0	2876	0	0	0	764	0	194	0	6002	3280	3738	150	94	0	972	496	9700	0	15092	0	3870	0	6420	0	0	0	2526	0	0	0	0	0	0	0	0	0	0	0	0	0	0	0	0	0	0	0	0	0	0	0	0	0	0	0	
181316	Rolandic_Oper_R	0	3704	500	13604	0	0	134	5396	0	0	122	9188	0	680	0	0	150	0	856	4874	0	0	0	564	0	0	0	0	294	20094	98	814	0	872	0	0	0	1424	0	756	0	0	0	128	0	0	0	0	0	0	0	84	0	70	0	608	0	2888	0	118	0	174	0	2458	0	250	0	68	74	0	586	1166	172	4686	0	294	0	0	0	4706	0	5972	0	1206	0	636	0	0	0	190	0	0	0	0	0	0	0	0	0	0	0	0	0	0	0	0	0	0	0	0	0	0	0	0	0	0	
613732	Supp_Motor_Area_L	6246	1038	65518	13552	190	92	9478	1342	0	0	7836	3132	4600	2800	1132	112	13132	856	0	44858	0	0	6796	5934	0	0	0	0	20932	3204	6526	10606	8080	27362	280	162	394	270	0	114	0	0	0	0	0	0	0	0	0	0	0	0	0	0	0	0	4534	0	0	0	0	0	0	0	0	0	88	0	3892	392	8162	4638	11196	1918	734	126	326	118	1188	0	2280	114	586	0	0	0	0	0	0	0	0	0	0	0	0	0	0	0	0	0	0	0	0	0	0	0	0	0	0	0	0	0	0	0	0	0	
876728	Supp_Motor_Area_R	12808	24028	16312	55420	0	264	1252	2866	0	0	680	7554	174	3896	0	198	1000	4874	44858	0	0	0	1130	9070	0	0	0	0	1986	11748	2730	18760	9614	58270	1612	5318	78	1972	0	522	0	80	0	1964	0	934	0	674	0	2142	0	1650	0	1198	0	1384	1452	2308	0	140	0	952	0	2386	0	1642	112	7440	29666	22606	3730	22968	2746	4992	1112	2318	858	11050	130	148	260	916	124	216	0	6920	0	0	0	2022	0	0	0	0	0	0	0	130	0	0	0	0	0	0	0	0	0	0	0	0	0	0	0	0	0	0	
103352	Olfactory_L	0	0	332	0	2730	1024	0	0	266	198	0	0	0	0	2402	126	0	0	0	0	0	6614	312	0	600	236	3078	1362	3130	0	3910	2496	0	0	0	0	586	0	574	0	896	0	0	0	0	0	0	0	0	0	0	0	0	0	0	0	0	0	0	0	0	0	0	0	0	0	0	0	0	0	6796	5558	4456	3140	0	0	0	0	0	0	0	0	854	0	0	0	0	0	0	0	0	0	0	0	0	0	0	0	0	0	0	0	0	0	0	0	0	0	0	0	0	0	0	0	0	0	
111944	Olfactory_R	0	0	0	232	796	4114	0	0	158	2160	0	0	0	0	642	1892	0	0	0	0	6614	0	0	0	406	566	2158	5024	68	1360	2994	2494	0	0	0	0	0	0	0	0	0	336	0	0	0	0	0	0	0	0	0	0	0	0	0	0	0	0	0	0	0	0	0	0	0	0	0	0	0	0	6858	8102	4078	4306	168	380	0	0	0	0	0	0	0	66	0	0	0	0	0	0	0	0	0	0	0	0	0	0	0	0	0	0	0	0	0	0	0	0	0	0	0	0	0	0	0	0	
324912	Frontal_Sup_Medial_L	0	0	33066	13646	4778	700	11678	3228	0	0	1404	900	2546	2042	1496	632	1398	0	6796	1130	312	0	0	21268	712	618	0	0	5922	962	13958	15078	2168	13090	0	0	0	0	0	0	0	0	0	0	0	0	0	0	0	0	0	0	0	0	0	0	0	0	0	0	0	0	0	0	0	0	0	0	0	0	370	462	1090	500	0	0	0	0	0	0	164	0	342	0	0	0	0	0	0	0	0	0	0	0	0	0	0	0	0	0	0	0	0	0	0	0	0	0	0	0	0	0	0	0	0	0	
390988	Frontal_Sup_Medial_R	0	126	1300	42132	0	4572	494	12166	0	286	134	5022	0	8768	0	1588	126	564	5934	9070	0	0	21268	0	372	4208	0	1278	344	7512	5366	29190	470	23136	0	0	0	122	0	68	0	0	0	0	0	0	0	0	0	0	0	0	0	0	0	0	0	0	0	0	0	0	0	0	0	0	0	0	0	0	402	3430	202	5728	0	0	0	0	0	0	0	116	0	0	0	0	0	0	0	0	0	0	0	0	0	0	0	0	0	0	0	0	0	0	0	0	0	0	0	0	0	0	0	0	0	0	
27876	Frontal_Med_Orb_L	0	0	166	0	2922	356	0	0	454	0	0	0	0	0	0	0	0	0	0	0	600	406	712	372	0	758	2618	274	108	0	3148	364	0	0	0	0	0	0	0	0	0	0	0	0	0	0	0	0	0	0	0	0	0	0	0	0	0	0	0	0	0	0	0	0	0	0	0	0	0	0	152	288	66	174	0	0	0	0	0	0	0	0	0	0	0	0	0	0	0	0	0	0	0	0	0	0	0	0	0	0	0	0	0	0	0	0	0	0	0	0	0	0	0	0	0	0	
73980	Frontal_Med_Orb_R	0	0	0	1526	72	8232	0	0	0	1320	0	0	0	0	0	0	0	0	0	0	236	566	618	4208	758	0	326	6148	0	0	1566	4210	0	0	0	0	0	0	0	0	0	0	0	0	0	0	0	0	0	0	0	0	0	0	0	0	0	0	0	0	0	0	0	0	0	0	0	0	0	0	0	2008	0	5196	0	0	0	0	0	0	0	0	0	0	0	0	0	0	0	0	0	0	0	0	0	0	0	0	0	0	0	0	0	0	0	0	0	0	0	0	0	0	0	0	0	0	
65096	Rectus_L	0	0	74	0	7096	600	0	0	2370	120	0	0	0	0	2172	74	0	0	0	0	3078	2158	0	0	2618	326	0	816	800	0	3536	1184	0	0	0	0	0	0	0	0	0	0	0	0	0	0	0	0	0	0	0	0	0	0	0	0	0	0	0	0	0	0	0	0	0	0	0	0	0	0	2090	1430	832	1014	0	0	0	0	0	0	0	0	160	0	0	0	0	0	0	0	0	0	0	0	0	0	0	0	0	0	0	0	0	0	0	0	0	0	0	0	0	0	0	0	0	0	
91208	Rectus_R	0	0	0	616	214	11812	0	0	0	3938	0	0	0	0	190	1940	0	0	0	0	1362	5024	0	1278	274	6148	816	0	0	488	1112	3122	0	0	0	0	0	0	0	0	0	146	0	0	0	0	0	0	0	0	0	0	0	0	0	0	0	0	0	0	0	0	0	0	0	0	0	0	0	0	526	2094	266	4238	0	0	0	0	0	0	0	0	0	0	0	0	0	0	0	0	0	0	0	0	0	0	0	0	0	0	0	0	0	0	0	0	0	0	0	0	0	0	0	0	0	0	
794160	Insula_L	11290	256	42462	2086	7680	0	19402	466	2544	0	25506	622	33240	66	25822	0	43650	294	20932	1986	3130	68	5922	344	108	0	800	0	0	1228	10200	5054	186	958	1192	1420	12060	1404	1714	122	3172	0	486	0	0	0	394	216	102	0	1130	0	86	0	2582	0	8418	0	0	0	246	0	702	0	0	0	386	0	110	0	12630	4742	26302	334	96	0	3142	1094	13412	0	14440	0	9220	0	5490	0	342	0	3592	0	0	0	0	0	0	0	0	0	0	0	0	0	0	0	0	0	0	0	0	0	0	0	0	0	0	0	
457292	Insula_R	136	3838	1310	26212	0	4560	226	7714	0	3216	720	20052	0	14280	0	9030	660	20094	3204	11748	0	1360	962	7512	0	0	0	488	1228	0	1038	15620	146	4782	0	76	0	7364	0	3406	0	1444	0	378	0	0	0	234	0	94	0	272	0	632	0	3650	0	1170	0	0	0	0	0	150	0	0	0	88	72	0	2344	5848	976	22772	0	284	0	346	0	2884	232	7412	140	2062	0	1766	0	0	0	2414	0	0	0	0	0	0	0	0	0	0	0	0	0	0	0	0	0	0	0	0	0	0	0	0	0	0	
294500	Cingulum_Ant_L	928	0	11900	5146	5266	1114	3516	692	164	172	3136	674	4614	154	2264	112	434	98	6526	2730	3910	2994	13958	5366	3148	1566	3536	1112	10200	1038	0	18152	3980	4910	422	0	0	0	0	0	0	0	0	0	0	0	0	0	0	0	0	0	0	0	0	0	0	0	0	0	0	0	0	0	0	0	0	0	0	0	7250	5512	6158	3978	0	0	0	0	0	0	86	0	334	0	0	0	0	0	0	0	0	0	0	0	0	0	0	0	0	0	0	0	0	0	0	0	0	0	0	0	0	0	0	0	0	0	
590252	Cingulum_Ant_R	518	450	5990	38616	228	3524	1020	5802	0	564	3162	9218	318	7066	224	1380	3120	814	10606	18760	2496	2494	15078	29190	364	4210	1184	3122	5054	15620	18152	0	2360	26194	0	178	0	146	0	82	0	0	0	0	0	0	0	0	0	0	0	0	0	0	0	0	90	0	0	0	0	0	0	0	0	0	0	0	0	0	9094	29706	2060	13938	0	0	132	364	0	0	1296	124	1018	0	0	0	0	0	0	0	0	0	0	0	0	0	0	0	0	0	0	0	0	0	0	0	0	0	0	0	0	0	0	0	0	0	
178772	Cingulum_Mid_L	742	0	1572	922	0	0	294	266	0	0	0	0	72	136	0	124	166	0	8080	9614	0	0	2168	470	0	0	0	0	186	146	3980	2360	0	14918	4974	482	0	0	0	0	0	0	378	0	312	318	0	0	774	418	4348	200	144	0	0	0	948	0	892	0	2272	0	74	0	1336	0	12866	1722	2994	536	144	190	194	106	188	80	0	0	134	0	448	0	0	0	5594	0	0	0	104	0	0	0	0	0	0	0	0	0	0	0	0	0	0	0	0	0	0	0	0	0	0	0	0	0	0	0	
658980	Cingulum_Mid_R	1972	1010	4784	23890	0	586	326	7556	0	0	462	4704	136	6468	0	1070	586	872	27362	58270	0	0	13090	23136	0	0	0	0	958	4782	4910	26194	14918	0	2446	7770	0	514	0	208	0	0	186	2706	166	4060	0	1072	82	4020	0	2832	0	858	0	704	78	342	0	106	0	1038	0	2174	0	1748	860	14412	16398	18536	1262	3454	560	2558	394	0	0	0	0	0	158	728	80	0	0	6868	0	0	0	1842	0	0	0	0	0	0	0	228	0	0	0	0	0	0	0	0	0	0	0	0	0	0	0	0	0	0	
198392	Cingulum_Post_L	6942	670	236	182	0	0	94	0	0	0	0	0	0	0	0	0	716	0	280	1612	0	0	0	0	0	0	0	0	1192	0	422	0	4974	2446	0	13956	7760	4436	2624	782	0	0	3844	212	1290	194	2020	932	944	140	2024	0	100	0	1284	88	866	472	130	0	656	0	0	0	444	0	13094	3208	7696	1188	114	0	252	0	118	0	2916	1572	926	0	374	0	0	0	2000	0	0	0	390	0	0	0	0	0	0	0	0	302	0	0	0	0	0	0	0	0	0	0	0	0	82	0	0	0	0	0	
218672	Cingulum_Post_R	5526	2042	148	858	0	0	114	0	0	0	0	0	0	0	0	0	588	0	162	5318	0	0	0	0	0	0	0	0	1420	76	0	178	482	7770	13956	0	7188	8178	2144	1406	0	0	226	2978	94	1826	1200	2794	0	1368	0	1320	112	146	1610	674	94	694	0	0	0	126	0	0	0	100	1628	11588	5350	4522	86	188	292	384	0	0	5682	3754	736	0	84	0	0	0	0	484	0	0	0	534	0	0	0	0	0	0	0	862	0	0	0	0	0	0	0	0	0	0	0	0	246	0	0	0	0	0	
264504	Hippocampus_L	5732	142	1912	106	0	0	812	0	0	0	536	0	72	0	1354	0	1980	0	394	78	586	0	0	0	0	0	0	0	12060	0	0	0	0	0	7760	7188	0	5176	14168	874	8276	0	2318	0	76	0	5996	772	0	0	412	0	652	0	13284	80	1100	0	0	0	316	0	258	0	0	0	3524	782	1064	0	826	266	6490	178	1318	0	7754	2194	3216	0	3202	0	1004	0	1336	0	0	0	4170	0	0	0	0	0	0	0	84	276	0	0	0	0	0	0	0	0	0	0	0	0	98	0	0	0	0	0	
332716	Hippocampus_R	2030	6626	216	2330	0	0	128	320	0	0	0	224	0	0	0	114	598	1424	270	1972	0	0	0	122	0	0	0	0	1404	7364	0	146	0	514	4436	8178	5176	0	1666	30094	0	10586	0	1566	0	0	794	4402	0	110	0	288	118	652	1294	24802	96	626	0	0	0	0	0	0	0	0	112	4566	968	364	160	216	452	12570	0	1260	4650	7530	540	1022	80	1644	0	678	0	944	0	0	66	5510	0	0	0	0	0	128	0	1958	0	76	0	0	0	0	0	0	0	0	0	0	178	0	0	0	0	0	
132068	ParaHippocampal_L	278	0	90	0	0	0	84	0	0	0	0	0	0	0	436	0	210	0	0	0	574	0	0	0	0	0	0	0	1714	0	0	0	0	0	2624	2144	14168	1666	0	350	1972	0	1512	0	0	0	9586	446	0	0	1968	0	1510	0	12004	0	172	0	0	0	0	0	0	0	0	0	2008	460	0	0	0	0	1304	0	0	0	1762	152	736	0	922	0	852	0	378	0	274	0	2862	0	86	0	0	0	178	0	266	144	142	0	0	0	0	0	0	0	0	0	0	0	0	0	0	0	0	0	
192516	ParaHippocampal_R	360	510	70	534	0	0	0	96	0	0	0	168	0	0	0	168	0	756	114	522	0	0	0	68	0	0	0	0	122	3406	0	82	0	208	782	1406	874	30094	350	0	0	8470	0	604	0	0	124	3174	0	0	0	0	0	0	204	20264	0	124	0	0	0	0	0	0	0	0	0	1822	204	0	74	168	210	7222	0	794	734	3820	0	126	0	610	0	1026	0	190	0	242	0	2334	0	0	0	0	0	208	0	2658	0	162	0	0	0	0	0	0	0	0	0	0	0	0	0	0	0	0	
43788	Amygdala_L	0	0	594	0	166	0	0	0	0	0	0	0	0	0	816	0	0	0	0	0	896	0	0	0	0	0	0	0	3172	0	0	0	0	0	0	0	8276	0	1972	0	0	0	0	0	0	0	0	0	0	0	0	0	0	0	3892	0	0	0	0	0	0	0	0	0	0	0	0	0	0	0	0	0	412	0	0	0	0	0	0	0	0	0	732	0	0	0	112	0	854	0	0	0	0	0	0	0	0	0	0	0	0	0	0	0	0	0	0	0	0	0	0	0	0	0	0	0	
65216	Amygdala_R	0	212	0	106	0	172	0	0	0	66	0	0	0	0	0	134	0	0	0	80	0	336	0	0	0	0	0	146	0	1444	0	0	0	0	0	0	0	10586	0	8470	0	0	0	0	0	0	0	0	0	0	0	0	0	0	0	6420	0	0	0	0	0	0	0	0	0	0	0	0	0	0	0	336	448	776	134	0	0	348	0	0	0	0	0	1420	0	0	0	82	0	780	0	0	0	0	0	0	0	112	0	0	0	0	0	0	0	0	0	0	0	0	0	0	0	0	0	0	
222784	Calcarine_L	98	0	0	0	0	0	0	0	0	0	0	0	0	0	0	0	892	0	0	0	0	0	0	0	0	0	0	0	486	0	0	0	378	186	3844	226	2318	0	1512	0	0	0	0	9824	10510	5016	13272	5006	8554	3044	16556	1478	3566	68	1602	410	632	0	560	0	102	0	0	0	78	66	11974	1122	890	0	0	0	0	0	0	0	0	0	720	0	458	0	0	0	3590	0	0	0	2258	0	0	0	0	0	0	0	0	0	96	0	0	0	0	0	0	0	0	0	0	0	0	0	0	0	0	0	
351820	Calcarine_R	0	1076	0	166	0	0	0	0	0	0	0	0	0	0	0	0	0	128	0	1964	0	0	0	0	0	0	0	0	0	378	0	0	0	2706	212	2978	0	1566	0	604	0	0	9824	0	7894	22184	2704	27102	296	19466	130	17808	104	3732	200	14620	0	184	0	114	0	650	0	228	0	1516	770	21048	1036	2130	0	0	0	0	0	0	0	0	0	162	0	250	0	0	0	3464	0	0	0	1562	236	526	0	0	0	0	0	860	430	1196	0	0	0	0	0	0	0	0	0	0	574	832	300	0	0	0	
164064	Cuneus_L	0	0	0	0	0	0	0	0	0	0	0	0	0	0	0	0	164	0	0	0	0	0	0	0	0	0	0	0	0	0	0	0	312	166	1290	94	76	0	0	0	0	0	10510	7894	0	10386	476	762	19048	3986	7908	1922	380	0	0	116	102	0	1952	0	0	0	0	0	0	0	9016	2990	516	0	0	0	0	0	0	0	0	0	102	0	90	0	0	0	1056	182	0	0	536	0	0	0	0	0	0	0	0	0	0	0	0	0	0	0	0	0	0	0	0	0	0	0	0	0	0	0	
235136	Cuneus_R	0	334	0	0	0	0	0	0	0	0	0	0	0	0	0	0	0	0	0	934	0	0	0	0	0	0	0	0	0	0	0	0	318	4060	194	1826	0	0	0	0	0	0	5016	22184	10386	0	564	2524	742	26764	124	12034	0	296	0	774	0	342	0	468	0	328	0	0	0	412	3968	19916	660	1306	0	0	0	0	0	0	0	0	0	0	0	0	0	0	0	676	0	0	0	144	0	0	0	0	0	0	0	0	0	98	0	0	0	0	0	0	0	0	0	0	0	96	80	0	0	0	
310552	Lingual_L	0	0	0	0	0	0	0	0	0	0	0	0	0	0	0	0	0	0	0	0	0	0	0	0	0	0	0	0	394	0	0	0	0	0	2020	1200	5996	794	9586	124	0	0	13272	2704	476	564	0	4228	822	656	13572	344	10756	78	26380	650	0	0	0	0	0	0	0	0	0	0	4504	482	0	0	0	0	94	0	0	0	868	0	510	0	924	0	0	0	386	0	0	0	2106	0	7644	940	878	162	502	0	11300	250	18216	1604	174	0	454	0	1398	84	0	0	0	0	2006	4090	922	0	0	162	
340792	Lingual_R	198	276	0	0	0	0	0	0	0	0	0	0	0	0	0	0	0	0	0	674	0	0	0	0	0	0	0	0	216	234	0	0	0	1072	932	2794	772	4402	446	3174	0	0	5006	27102	762	2524	4228	0	0	5534	286	6332	392	3656	1460	25918	0	0	0	0	0	298	0	70	0	502	510	10464	380	828	0	0	68	0	0	0	612	436	0	82	0	168	0	0	0	886	0	0	0	272	1756	5820	420	290	582	206	1334	8326	4674	12996	0	0	82	536	768	174	0	0	264	198	6466	9090	2272	82	94	0	
171268	Occipital_Sup_L	216	0	0	0	0	0	0	0	0	0	0	0	0	0	0	0	256	0	0	0	0	0	0	0	0	0	0	0	102	0	0	0	774	82	944	0	0	0	0	0	0	0	8554	296	19048	742	822	0	0	256	25206	122	778	0	68	0	260	0	9536	0	810	0	0	0	526	0	11856	1050	526	0	0	0	0	0	0	0	0	0	72	0	0	0	0	0	1582	0	0	0	1150	0	0	0	0	0	0	0	0	0	0	0	0	0	0	0	0	0	0	0	0	0	0	0	0	0	0	0	
290388	Occipital_Sup_R	0	3546	0	240	0	0	0	0	0	0	0	0	0	0	0	0	0	0	0	2142	0	0	0	0	0	0	0	0	0	94	0	0	418	4020	140	1368	0	110	0	0	0	0	3044	19466	3986	26764	656	5534	256	0	96	27414	0	1752	0	4356	0	1208	0	2808	0	2324	0	166	0	3800	2156	23062	572	1622	0	0	0	0	0	0	0	0	0	0	0	78	0	0	0	126	0	0	0	78	0	174	0	0	0	0	0	0	0	726	0	0	0	0	0	0	0	0	0	0	0	522	370	0	0	0	
381732	Occipital_Mid_L	1844	0	0	0	0	0	72	0	0	0	0	0	0	0	0	0	3198	0	0	0	0	0	0	0	0	0	0	0	1130	0	0	0	4348	0	2024	0	412	0	1968	0	0	0	16556	130	7908	124	13572	286	25206	96	0	0	15414	0	5922	68	3156	0	11994	0	8676	0	246	0	11730	0	14438	516	2396	0	0	0	0	0	0	0	0	0	1466	0	1804	0	0	0	26440	0	0	0	5928	0	254	0	108	0	0	0	274	0	768	0	0	0	0	0	0	0	0	0	0	0	98	296	0	0	0	0	
269892	Occipital_Mid_R	0	1818	0	144	0	0	0	0	0	0	0	0	0	0	0	0	0	84	0	1650	0	0	0	0	0	0	0	0	0	272	0	0	200	2832	0	1320	0	288	0	0	0	0	1478	17808	1922	12034	344	6332	122	27414	0	0	0	5480	0	5770	0	924	0	1148	0	3566	0	74	0	14808	708	12640	614	1388	0	0	0	0	0	0	0	0	0	82	0	436	0	0	0	7696	0	0	0	650	0	176	0	0	0	0	0	0	92	1082	0	0	0	0	0	0	0	0	0	0	0	894	656	0	0	0	
120364	Occipital_Inf_L	0	0	0	0	0	0	0	0	0	0	0	0	0	0	0	0	294	0	0	0	0	0	0	0	0	0	0	0	86	0	0	0	144	0	100	112	652	118	1510	0	0	0	3566	104	380	0	10756	392	778	0	15414	0	0	0	11554	98	0	0	0	0	0	0	0	0	0	0	612	0	162	0	0	0	0	0	0	0	506	104	204	0	838	0	0	0	1732	0	0	0	4232	0	1028	0	342	0	0	0	858	0	2450	122	0	0	0	0	0	0	0	0	0	0	150	672	112	0	0	0	
87272	Occipital_Inf_R	0	918	0	92	0	0	0	0	0	0	0	0	0	0	0	0	0	70	0	1198	0	0	0	0	0	0	0	0	0	632	0	0	0	858	0	146	0	652	0	0	0	0	68	3732	0	296	78	3656	0	1752	0	5480	0	0	0	7578	0	290	0	174	0	1218	0	416	0	808	0	846	198	1374	0	0	0	0	0	0	0	0	0	214	0	336	0	0	0	1812	0	0	0	4068	0	800	0	92	0	0	0	474	138	1790	0	0	0	0	0	0	0	0	0	0	288	736	358	0	0	0	
374968	Fusiform_L	78	0	82	0	0	0	0	0	0	0	82	0	0	0	78	0	242	0	0	0	0	0	0	0	0	0	0	0	2582	0	0	0	0	0	1284	1610	13284	1294	12004	204	3892	0	1602	200	0	0	26380	1460	68	0	5922	0	11554	0	0	288	154	0	0	0	0	0	0	0	0	0	754	432	0	0	0	0	890	0	0	0	2086	206	452	0	2394	0	950	0	692	0	608	0	9894	0	23832	482	1930	0	290	0	15646	108	31908	790	1052	0	2134	0	1066	0	328	0	0	0	860	2742	614	0	0	0	
457712	Fusiform_R	86	1620	0	476	0	0	0	0	0	0	0	88	0	0	0	296	0	608	0	1384	0	0	0	0	0	0	0	0	0	3650	0	0	0	704	88	674	80	24802	0	20264	0	6420	410	14620	116	774	650	25918	0	4356	68	5770	98	7578	288	0	0	408	0	142	0	686	0	230	0	758	0	4204	278	1146	0	66	0	4466	0	236	110	1122	0	456	0	1456	0	4856	0	2872	0	1754	0	13318	644	17458	144	740	222	536	514	9182	1794	23612	0	120	0	1376	472	292	0	0	68	0	3806	5354	1862	104	106	0	
295524	Postcentral_L	31606	632	4964	304	0	0	1760	68	0	0	2056	0	752	0	96	0	14182	0	4534	1452	0	0	0	0	0	0	0	0	8418	0	0	90	948	78	866	94	1100	96	172	0	0	0	632	0	102	0	0	0	260	0	3156	0	0	0	154	0	0	0	3704	0	19392	0	8278	0	1100	0	3610	0	6212	80	768	224	1776	172	110	0	288	76	6822	0	7602	0	0	0	7918	0	0	0	1058	0	0	0	0	0	0	0	0	0	0	0	0	0	0	0	0	0	0	0	0	0	0	0	0	0	0	0	
168276	Postcentral_R	1982	21106	0	1072	0	0	0	284	0	0	0	1188	0	0	0	0	0	2888	0	2308	0	0	0	0	0	0	0	0	0	1170	0	0	0	342	472	694	0	626	0	124	0	0	0	184	0	342	0	0	0	1208	0	924	0	290	0	408	0	0	0	3202	0	5946	0	13754	0	2150	86	7650	2604	4302	482	128	384	1360	0	0	0	260	0	338	0	1736	0	0	0	1980	0	0	0	164	0	0	0	0	0	0	0	0	0	0	0	0	0	0	0	0	0	0	0	0	0	0	0	0	0	0	
127584	Parietal_Sup_L	0	0	0	0	0	0	0	0	0	0	0	0	0	0	0	0	76	0	0	0	0	0	0	0	0	0	0	0	0	0	0	0	892	0	130	0	0	0	0	0	0	0	560	0	1952	0	0	0	9536	0	11994	0	0	0	0	0	3704	0	0	0	12694	0	0	0	6618	0	13412	386	1004	0	0	0	0	0	0	0	0	0	0	0	0	0	0	0	628	0	0	0	206	0	0	0	0	0	0	0	0	0	0	0	0	0	0	0	0	0	0	0	0	0	0	0	0	0	0	0	
79356	Parietal_Sup_R	0	216	0	0	0	0	0	0	0	0	0	0	0	0	0	0	0	118	0	140	0	0	0	0	0	0	0	0	0	0	0	0	0	106	0	0	0	0	0	0	0	0	0	114	0	468	0	0	0	2808	0	1148	0	174	0	142	0	3202	0	0	0	9430	0	2618	0	8230	468	9374	104	168	0	0	0	0	0	0	0	0	0	0	0	206	0	0	0	358	0	0	0	86	0	0	0	0	0	0	0	0	0	0	0	0	0	0	0	0	0	0	0	0	0	0	0	0	0	0	
205552	Parietal_Inf_L	4224	0	266	0	0	0	78	0	0	0	0	0	0	0	0	0	1138	0	0	0	0	0	0	0	0	0	0	0	246	0	0	0	2272	0	656	0	316	0	0	0	0	0	102	0	0	0	0	0	810	0	8676	0	0	0	0	0	19392	0	12694	0	0	0	9010	0	18958	0	5902	230	2416	0	0	0	136	0	0	0	0	0	230	0	2420	0	0	0	10068	0	0	0	2536	0	0	0	0	0	0	0	0	0	0	0	0	0	0	0	0	0	0	0	0	0	0	0	0	0	0	0	
144500	Parietal_Inf_R	84	1126	0	130	0	0	0	0	0	0	0	74	0	0	0	0	0	174	0	952	0	0	0	0	0	0	0	0	0	0	0	0	0	1038	0	126	0	0	0	0	0	0	0	650	0	328	0	298	0	2324	0	3566	0	1218	0	686	0	5946	0	9430	0	0	0	11484	0	20642	144	2730	832	956	0	0	0	76	0	0	0	0	0	0	0	1790	0	0	0	4180	0	0	0	1266	0	0	0	0	0	0	0	0	0	0	0	0	0	0	0	0	0	0	0	0	0	0	0	0	0	0	
76428	SupraMarginal_L	2552	0	0	0	0	0	0	0	0	0	0	0	0	0	0	0	2876	0	0	0	0	0	0	0	0	0	0	0	702	0	0	0	74	0	0	0	258	0	0	0	0	0	0	0	0	0	0	0	0	0	246	0	0	0	0	0	8278	0	0	0	9010	0	0	0	3226	0	104	0	0	0	0	0	104	0	0	0	0	0	306	0	4140	0	0	0	4340	0	0	0	1998	0	0	0	0	0	0	0	0	0	0	0	0	0	0	0	0	0	0	0	0	0	0	0	0	0	0	0	
141752	SupraMarginal_R	128	2620	0	380	0	0	0	80	0	0	0	110	0	0	0	0	0	2458	0	2386	0	0	0	0	0	0	0	0	0	150	0	0	0	2174	0	0	0	0	0	0	0	0	0	228	0	0	0	70	0	166	0	74	0	416	0	230	0	13754	0	2618	0	11484	0	0	0	9818	0	518	2162	2240	66	0	0	120	0	0	0	0	0	130	0	7892	0	0	0	7084	0	0	0	1320	0	0	0	0	0	0	0	0	0	0	0	0	0	0	0	0	0	0	0	0	0	0	0	0	0	0	
109104	Angular_L	0	0	0	0	0	0	0	0	0	0	0	0	0	0	0	0	0	0	0	0	0	0	0	0	0	0	0	0	0	0	0	0	1336	0	444	0	0	0	0	0	0	0	78	0	0	0	0	0	526	0	11730	0	0	0	0	0	1100	0	6618	0	18958	0	3226	0	0	0	4160	204	332	0	0	0	0	0	0	0	0	0	0	0	840	0	0	0	5000	0	0	0	0	0	0	0	0	0	0	0	0	0	0	0	0	0	0	0	0	0	0	0	0	0	0	0	0	0	0	0	
177952	Angular_R	0	992	0	0	0	0	0	0	0	0	0	118	0	0	0	0	0	250	0	1642	0	0	0	0	0	0	0	0	0	0	0	0	0	1748	0	100	0	0	0	0	0	0	66	1516	0	412	0	502	0	3800	0	14808	0	808	0	758	0	2150	0	8230	0	20642	0	9818	0	0	0	1748	1458	1646	0	0	0	80	0	0	0	0	0	0	0	4966	0	0	0	9612	0	0	0	1106	0	0	0	0	0	0	0	0	0	0	0	0	0	0	0	0	0	0	0	0	0	0	0	0	0	0	
306360	Precuneus_L	1434	112	88	0	0	0	0	0	0	0	0	0	0	0	0	0	764	0	88	112	0	0	0	0	0	0	0	0	386	0	0	0	12866	860	13094	1628	3524	112	2008	0	0	0	11974	770	9016	3968	4504	510	11856	2156	14438	708	612	0	754	0	3610	86	13412	468	5902	144	104	0	4160	0	0	11168	4324	178	0	0	86	0	90	0	0	0	734	0	926	0	0	0	8126	0	0	0	1320	0	0	0	0	0	0	0	0	0	0	0	0	0	0	0	0	0	0	0	0	0	0	0	0	0	0	0	
413152	Precuneus_R	386	9592	0	278	0	0	0	0	0	0	0	0	0	0	0	0	0	68	0	7440	0	0	0	0	0	0	0	0	0	88	0	0	1722	14412	3208	11588	782	4566	460	1822	0	0	1122	21048	2990	19916	482	10464	1050	23062	516	12640	0	846	432	4204	0	7650	386	9374	230	2730	0	518	204	1748	11168	0	2232	8972	0	0	0	0	0	0	430	120	0	0	0	102	0	0	0	2524	0	0	0	1306	0	0	0	0	0	0	0	1456	0	0	0	0	0	0	0	0	0	0	0	0	242	0	0	0	0	0	
351644	Paracentral_Lobule_L	33026	6102	294	2346	0	0	0	0	0	0	0	0	0	0	0	0	194	74	3892	29666	0	0	0	0	0	0	0	0	110	72	0	0	2994	16398	7696	5350	1064	968	0	204	0	0	890	1036	516	660	0	380	526	572	2396	614	162	198	0	278	6212	2604	1004	104	2416	832	0	2162	332	1458	4324	2232	0	13972	220	1206	408	146	128	90	4364	1824	304	0	292	548	0	0	2334	5894	0	0	416	1318	0	0	0	0	0	0	0	0	0	0	0	0	0	0	0	0	0	0	0	0	0	0	0	0	0	0	
216744	Paracentral_Lobule_R	2896	4844	98	0	0	0	0	0	0	0	0	0	0	0	0	0	0	0	392	22606	0	0	0	0	0	0	0	0	0	0	0	0	536	18536	1188	4522	0	364	0	0	0	0	0	2130	0	1306	0	828	0	1622	0	1388	0	1374	0	1146	80	4302	0	168	0	956	0	2240	0	1646	178	8972	13972	0	70	0	152	0	140	0	0	0	0	0	0	622	0	0	0	6950	0	0	0	2000	0	0	0	0	0	0	0	148	0	0	0	0	0	0	0	0	0	0	0	0	0	0	0	0	0	0	
363720	Caudate_L	4686	974	8450	2454	2494	454	3658	516	384	0	6010	1262	1484	126	1978	78	6002	586	8162	3730	6796	6858	370	402	152	0	2090	526	12630	2344	7250	9094	144	1262	114	86	826	160	0	74	0	0	0	0	0	0	0	0	0	0	0	0	0	0	0	0	768	482	0	0	0	0	0	66	0	0	0	0	220	70	0	24678	23368	10144	2784	2292	6750	1072	288	0	2370	0	1842	0	0	0	0	0	0	0	0	0	0	0	0	0	0	0	0	0	0	0	0	0	0	0	0	0	0	0	0	0	0	0	0	0	
478532	Caudate_R	3974	8588	4280	20178	472	2020	2506	694	66	516	2954	3990	154	988	444	394	3280	1166	4638	22968	5558	8102	462	3430	288	2008	1430	2094	4742	5848	5512	29706	190	3454	0	188	266	216	0	168	0	336	0	0	0	0	0	0	0	0	0	0	0	0	0	66	224	128	0	0	0	0	0	0	0	0	0	0	1206	0	24678	0	8242	24266	924	3872	1258	13256	0	0	1552	102	1224	0	0	0	0	0	0	0	0	0	0	0	0	0	0	0	0	0	0	0	0	0	0	0	0	0	0	0	0	0	0	0	0	0	
338744	Putamen_L	4184	618	15176	1232	3102	238	1474	190	692	0	3412	500	2662	0	4864	0	3738	172	11196	2746	4456	4078	1090	202	66	0	832	266	26302	976	6158	2060	194	560	252	292	6490	452	1304	210	412	448	0	0	0	0	94	68	0	0	0	0	0	0	890	0	1776	384	0	0	136	0	104	0	0	0	86	0	408	152	23368	8242	0	4708	8090	522	2758	328	1334	0	1774	0	670	0	0	0	0	0	184	0	0	0	0	0	0	0	0	0	0	0	0	0	0	0	0	0	0	0	0	0	0	0	0	0	0	0	
391724	Putamen_R	1994	2178	1992	12066	304	7982	1900	2094	0	1134	110	2576	0	2592	302	1348	150	4686	1918	4992	3140	4306	500	5728	174	5196	1014	4238	334	22772	3978	13938	106	2558	0	384	178	12570	0	7222	0	776	0	0	0	0	0	0	0	0	0	0	0	0	0	4466	172	1360	0	0	0	76	0	120	0	80	0	0	146	0	10144	24266	4708	0	282	4098	312	3154	0	384	0	660	0	226	0	278	0	0	0	1400	0	0	0	0	0	0	0	100	0	0	0	0	0	0	0	0	0	0	0	0	0	0	0	0	0	0	
51576	Pallidum_L	1378	74	4268	148	0	0	518	0	0	0	0	0	0	0	0	0	94	0	734	1112	0	168	0	0	0	0	0	0	96	0	0	0	188	394	118	0	1318	0	0	0	0	134	0	0	0	0	0	0	0	0	0	0	0	0	0	0	110	0	0	0	0	0	0	0	0	0	90	0	128	140	2784	924	8090	282	0	352	2146	0	0	0	0	0	0	0	0	0	0	0	0	0	0	0	0	0	0	0	0	0	0	0	0	0	0	0	0	0	0	0	0	0	0	0	0	0	0	0	
44772	Pallidum_R	230	830	194	2414	0	0	0	420	0	0	0	242	0	0	0	0	0	294	126	2318	0	380	0	0	0	0	0	0	0	284	0	0	80	0	0	0	0	1260	0	794	0	0	0	0	0	0	0	0	0	0	0	0	0	0	0	236	0	0	0	0	0	0	0	0	0	0	0	0	90	0	2292	3872	522	4098	352	0	0	1058	0	0	0	0	0	0	0	0	0	0	0	0	0	0	0	0	0	0	0	0	0	0	0	0	0	0	0	0	0	0	0	0	0	0	0	0	0	0	
166488	Thalamus_L	15134	948	1376	744	0	0	898	0	0	0	158	0	0	0	0	0	972	0	326	858	0	0	0	0	0	0	0	0	3142	0	0	132	0	0	2916	5682	7754	4650	1762	734	0	0	0	0	0	0	868	612	0	0	0	0	506	0	2086	110	288	0	0	0	0	0	0	0	0	0	0	430	4364	0	6750	1258	2758	312	2146	0	0	10992	732	0	176	0	0	0	0	0	0	0	464	0	0	0	0	0	0	0	0	84	0	0	0	0	0	0	0	0	0	0	0	122	0	0	0	0	0	0	
201764	Thalamus_R	2898	19480	240	10234	0	0	150	360	0	0	0	98	0	0	0	0	496	0	118	11050	0	0	0	0	0	0	0	0	1094	346	0	364	0	0	1572	3754	2194	7530	152	3820	0	348	0	0	0	0	0	436	0	0	0	0	104	0	206	1122	76	260	0	0	0	0	0	0	0	0	0	120	1824	0	1072	13256	328	3154	0	1058	10992	0	288	0	86	0	0	0	0	0	0	0	0	0	0	0	0	0	0	0	0	202	0	0	0	0	0	0	0	0	0	0	0	0	0	0	0	0	0	0	
142044	Heschl_L	6784	0	1504	0	0	0	1990	0	0	0	892	0	516	0	0	0	9700	0	1188	130	0	0	0	0	0	0	0	0	13412	0	0	0	134	0	926	736	3216	540	736	0	0	0	720	0	102	0	510	0	72	0	1466	0	204	0	452	0	6822	0	0	0	230	0	306	0	0	0	734	0	304	0	288	0	1334	0	0	0	732	288	0	0	9004	0	66	0	3602	0	0	0	1382	0	0	0	0	0	0	0	0	0	0	0	0	0	0	0	0	0	0	0	0	0	0	0	0	0	0	0	
47952	Heschl_R	0	1378	0	1322	0	0	0	1016	0	0	0	1452	0	0	0	0	0	4706	0	148	0	0	0	0	0	0	0	0	0	2884	0	0	0	0	0	0	0	1022	0	126	0	0	0	162	0	0	0	82	0	0	0	82	0	214	0	456	0	338	0	0	0	0	0	130	0	0	0	0	0	0	0	0	0	384	0	0	0	0	0	0	0	6276	0	0	0	1266	0	0	0	532	0	0	0	0	0	0	0	0	0	0	0	0	0	0	0	0	0	0	0	0	0	0	0	0	0	0	
274788	Temporal_Sup_L	2890	84	3006	272	0	0	872	0	0	0	4256	110	546	0	332	0	15092	0	2280	260	0	0	164	0	0	0	0	0	14440	232	86	1296	448	158	374	84	3202	80	922	0	0	0	458	0	90	0	924	0	0	0	1804	0	838	0	2394	0	7602	0	0	0	2420	0	4140	0	840	0	926	0	292	0	2370	1552	1774	0	0	0	176	86	9004	0	0	0	7618	0	27550	0	0	0	13050	0	0	0	0	0	0	0	0	0	0	0	0	0	0	0	0	0	0	0	0	0	0	0	0	0	0	0	
172996	Temporal_Sup_R	0	2100	0	2192	0	0	0	766	0	0	0	1234	0	0	0	182	0	5972	114	916	0	0	0	116	0	0	0	0	0	7412	0	124	0	728	0	0	0	1644	0	610	0	0	0	250	0	0	0	168	0	78	0	436	0	336	0	1456	0	1736	0	206	0	1790	0	7892	0	4966	0	102	548	622	0	102	0	660	0	0	0	0	0	6276	0	0	0	4318	0	23560	0	286	0	6600	0	0	0	0	0	0	0	0	0	0	0	0	0	0	0	0	0	0	0	0	0	0	0	0	0	0	
119756	Temporal_Pole_Sup_L	0	0	1304	200	894	0	286	0	380	0	3930	0	2062	0	5170	0	3870	0	586	124	854	0	342	0	0	0	160	0	9220	140	334	1018	0	80	0	0	1004	0	852	0	732	0	0	0	0	0	0	0	0	0	0	0	0	0	950	0	0	0	0	0	0	0	0	0	0	0	0	0	0	0	1842	1224	670	0	0	0	0	0	66	0	7618	0	0	0	5284	0	3190	0	5492	0	0	0	0	0	0	0	0	0	0	0	0	0	0	0	0	0	0	0	0	0	0	0	0	0	0	0	
63604	Temporal_Pole_Sup_R	0	0	0	676	0	0	0	106	0	0	0	572	0	98	0	846	0	1206	0	216	0	66	0	0	0	0	0	0	0	2062	0	0	0	0	0	0	0	678	0	1026	0	1420	0	0	0	0	0	0	0	0	0	0	0	0	0	4856	0	0	0	0	0	0	0	0	0	0	0	0	0	0	0	0	0	226	0	0	0	0	0	0	0	4318	0	0	0	3492	0	3448	0	6490	0	0	0	0	0	0	0	0	0	0	0	0	0	0	0	0	0	0	0	0	0	0	0	0	0	0	
327072	Temporal_Mid_L	2448	0	152	0	0	0	232	0	0	0	0	0	0	0	0	0	6420	0	0	0	0	0	0	0	0	0	0	0	5490	0	0	0	5594	0	2000	0	1336	0	378	0	0	0	3590	0	1056	0	386	0	1582	0	26440	0	1732	0	692	0	7918	0	628	0	10068	0	4340	0	5000	0	8126	0	2334	0	0	0	0	0	0	0	0	0	3602	0	27550	0	5284	0	0	0	2634	0	26524	0	0	0	0	0	0	0	0	0	0	0	0	0	0	0	0	0	0	0	0	0	0	0	0	0	0	0	
247744	Temporal_Mid_R	0	3718	0	518	0	0	0	0	0	0	0	0	0	0	0	0	0	636	0	6920	0	0	0	0	0	0	0	0	0	1766	0	0	0	6868	0	484	0	944	0	190	0	0	0	3464	182	676	0	886	0	126	0	7696	0	1812	0	2872	0	1980	0	358	0	4180	0	7084	0	9612	0	2524	5894	6950	0	0	0	278	0	0	0	0	0	1266	0	23560	0	3492	0	0	0	2364	0	14572	0	0	0	0	0	0	0	0	0	0	0	0	0	0	0	0	0	0	0	0	0	0	0	0	0	0	
21284	Temporal_Pole_Mid_L	0	0	0	0	76	0	0	0	0	0	0	0	0	0	246	0	0	0	0	0	0	0	0	0	0	0	0	0	342	0	0	0	0	0	0	0	0	0	274	0	112	0	0	0	0	0	0	0	0	0	0	0	0	0	608	0	0	0	0	0	0	0	0	0	0	0	0	0	0	0	0	0	0	0	0	0	0	0	0	0	0	0	3190	0	2634	0	0	0	3160	0	0	0	0	0	0	0	0	0	0	0	0	0	0	0	0	0	0	0	0	0	0	0	0	0	0	0	
23456	Temporal_Pole_Mid_R	0	0	0	0	0	0	0	0	0	0	0	0	0	0	0	336	0	0	0	0	0	0	0	0	0	0	0	0	0	0	0	0	0	0	0	0	0	0	0	242	0	82	0	0	0	0	0	0	0	0	0	0	0	0	0	1754	0	0	0	0	0	0	0	0	0	0	0	0	0	0	0	0	0	0	0	0	0	0	0	0	0	286	0	3448	0	2364	0	0	0	3216	0	0	0	0	0	0	0	0	0	0	0	0	0	0	0	0	0	0	0	0	0	0	0	0	0	0	
205276	Temporal_Inf_L	328	0	100	0	0	0	104	0	0	0	0	0	0	0	0	0	2526	0	0	0	0	0	0	0	0	0	0	0	3592	0	0	0	104	0	390	0	4170	66	2862	0	854	0	2258	0	536	0	2106	0	1150	0	5928	0	4232	0	9894	0	1058	0	206	0	2536	0	1998	0	0	0	1320	0	416	0	0	0	184	0	0	0	464	0	1382	0	13050	0	5492	0	26524	0	3160	0	0	0	2580	0	226	0	0	0	118	0	482	0	90	0	152	0	0	0	0	0	0	0	0	0	0	0	0	0	
159564	Temporal_Inf_R	0	1508	0	268	0	0	0	0	0	0	0	0	0	0	0	234	0	190	0	2022	0	0	0	0	0	0	0	0	0	2414	0	0	0	1842	0	534	0	5510	0	2334	0	780	0	1562	0	144	0	272	0	78	0	650	0	4068	0	13318	0	164	0	86	0	1266	0	1320	0	1106	0	1306	1318	2000	0	0	0	1400	0	0	0	0	0	532	0	6600	0	6490	0	14572	0	3216	0	0	0	678	0	0	0	0	0	0	0	0	0	0	0	0	0	0	0	0	0	0	0	0	0	0	0	0	
395636	Cerebelum_Crus1_L	0	0	0	0	0	0	0	0	0	0	0	0	0	0	0	0	0	0	0	0	0	0	0	0	0	0	0	0	0	0	0	0	0	0	0	0	0	0	86	0	0	0	0	236	0	0	7644	1756	0	0	254	0	1028	0	23832	644	0	0	0	0	0	0	0	0	0	0	0	0	0	0	0	0	0	0	0	0	0	0	0	0	0	0	0	0	0	0	0	0	2580	0	0	4102	26750	2476	1498	0	16876	882	48490	4750	9692	498	18208	1088	6906	460	1928	0	130	336	2170	5596	5720	640	562	0	
419900	Cerebelum_Crus1_R	0	0	0	0	0	0	0	0	0	0	0	0	0	0	0	0	0	0	0	0	0	0	0	0	0	0	0	0	0	0	0	0	0	0	0	0	0	0	0	0	0	0	0	526	0	0	940	5820	0	174	0	176	0	800	482	17458	0	0	0	0	0	0	0	0	0	0	0	0	0	0	0	0	0	0	0	0	0	0	0	0	0	0	0	0	0	0	0	0	0	678	4102	0	1412	27696	396	3402	1782	20236	5684	53622	254	6376	832	20638	828	4944	0	1012	734	1198	7584	7128	9428	1818	1664	126	
300056	Cerebelum_Crus2_L	0	0	0	0	0	0	0	0	0	0	0	0	0	0	0	0	0	0	0	0	0	0	0	0	0	0	0	0	0	0	0	0	0	0	0	0	0	0	0	0	0	0	0	0	0	0	878	420	0	0	108	0	342	0	1930	144	0	0	0	0	0	0	0	0	0	0	0	0	0	0	0	0	0	0	0	0	0	0	0	0	0	0	0	0	0	0	0	0	226	0	26750	1412	0	8004	108	0	1066	0	4870	1096	36648	4726	36012	3936	9002	370	2106	0	0	0	112	1022	6376	2026	338	0	
253424	Cerebelum_Crus2_R	0	0	0	0	0	0	0	0	0	0	0	0	0	0	0	0	0	0	0	0	0	0	0	0	0	0	0	0	0	0	0	0	0	0	0	0	0	0	0	0	0	0	0	0	0	0	162	290	0	0	0	0	0	92	0	740	0	0	0	0	0	0	0	0	0	0	0	0	0	0	0	0	0	0	0	0	0	0	0	0	0	0	0	0	0	0	0	0	0	0	2476	27696	8004	0	0	182	0	610	1152	4888	3864	21218	3414	29702	528	4610	0	936	0	0	0	516	10586	3282	1764	0	
62608	Cerebelum_3_L	0	0	0	0	0	0	0	0	0	0	0	0	0	0	0	0	0	0	0	0	0	0	0	0	0	0	0	0	0	0	0	0	0	0	0	0	0	0	178	0	0	0	0	0	0	0	502	582	0	0	0	0	0	0	290	222	0	0	0	0	0	0	0	0	0	0	0	0	0	0	0	0	0	0	0	0	0	0	0	0	0	0	0	0	0	0	0	0	0	0	1498	396	108	0	0	0	7764	592	4602	1096	98	0	358	0	2734	224	142	0	1076	3386	3206	1568	0	70	204	408	
53180	Cerebelum_3_R	0	0	0	0	0	0	0	0	0	0	0	0	0	0	0	0	0	0	0	0	0	0	0	0	0	0	0	0	0	0	0	0	0	0	0	0	0	128	0	208	0	0	0	0	0	0	0	206	0	0	0	0	0	0	0	536	0	0	0	0	0	0	0	0	0	0	0	0	0	0	0	0	0	0	0	0	0	0	0	0	0	0	0	0	0	0	0	0	0	0	0	3402	0	182	0	0	142	5720	140	6606	0	0	0	316	106	890	0	0	1952	3190	648	564	384	590	596	84	
255236	Cerebelum_4_5_L	0	0	0	0	0	0	0	0	0	0	0	0	0	0	0	0	0	0	0	0	0	0	0	0	0	0	0	0	0	0	0	0	0	0	0	0	84	0	266	0	0	0	0	0	0	0	11300	1334	0	0	274	0	858	0	15646	514	0	0	0	0	0	0	0	0	0	0	0	0	0	0	0	0	0	0	0	0	0	0	0	0	0	0	0	0	0	0	0	0	118	0	16876	1782	1066	0	7764	142	0	2674	32706	3736	1354	0	2694	70	6588	834	666	0	890	2056	9670	3408	80	0	724	1444	
228184	Cerebelum_4_5_R	0	0	0	0	0	0	0	0	0	0	0	0	0	0	0	0	0	0	0	130	0	0	0	0	0	0	0	0	0	0	0	0	0	228	302	862	276	1958	144	2658	0	112	0	860	0	0	250	8326	0	0	0	0	0	474	108	9182	0	0	0	0	0	0	0	0	0	0	0	1456	0	148	0	0	0	100	0	0	84	202	0	0	0	0	0	0	0	0	0	0	0	0	882	20236	0	610	592	5720	2674	0	1726	30500	0	0	106	1532	504	1012	0	136	916	1664	13508	1146	916	866	768	218	
430104	Cerebelum_6_L	0	0	0	0	0	0	0	0	0	0	0	0	0	0	0	0	0	0	0	0	0	0	0	0	0	0	0	0	0	0	0	0	0	0	0	0	0	0	142	0	0	0	96	430	0	0	18216	4674	0	0	768	92	2450	138	31908	1794	0	0	0	0	0	0	0	0	0	0	0	0	0	0	0	0	0	0	0	0	0	0	0	0	0	0	0	0	0	0	0	0	482	0	48490	5684	4870	1152	4602	140	32706	1726	0	8440	3320	0	6006	216	7224	786	884	0	494	486	6620	12926	5164	296	788	842	
436860	Cerebelum_6_R	0	0	0	0	0	0	0	0	0	0	0	0	0	0	0	0	0	0	0	0	0	0	0	0	0	0	0	0	0	0	0	0	0	0	0	0	0	76	0	162	0	0	0	1196	0	98	1604	12996	0	726	0	1082	122	1790	790	23612	0	0	0	0	0	0	0	0	0	0	0	0	0	0	0	0	0	0	0	0	0	0	0	0	0	0	0	0	0	0	0	0	0	0	4750	53622	1096	4888	1096	6606	3736	30500	8440	0	152	660	472	6848	1694	3224	0	610	2098	2592	13576	13620	9466	2280	1812	338	
221860	Cerebelum_7b_L	0	0	0	0	0	0	0	0	0	0	0	0	0	0	0	0	0	0	0	0	0	0	0	0	0	0	0	0	0	0	0	0	0	0	0	0	0	0	0	0	0	0	0	0	0	0	174	0	0	0	0	0	0	0	1052	0	0	0	0	0	0	0	0	0	0	0	0	0	0	0	0	0	0	0	0	0	0	0	0	0	0	0	0	0	0	0	0	0	90	0	9692	254	36648	3864	98	0	1354	0	3320	152	0	2848	33718	2732	7822	202	614	0	0	0	158	238	3522	2238	140	0	
138924	Cerebelum_7b_R	0	0	0	0	0	0	0	0	0	0	0	0	0	0	0	0	0	0	0	0	0	0	0	0	0	0	0	0	0	0	0	0	0	0	0	0	0	0	0	0	0	0	0	0	0	0	0	0	0	0	0	0	0	0	0	120	0	0	0	0	0	0	0	0	0	0	0	0	0	0	0	0	0	0	0	0	0	0	0	0	0	0	0	0	0	0	0	0	0	0	498	6376	4726	21218	0	0	0	0	0	660	2848	0	1832	23742	128	2538	0	112	0	0	0	0	2946	1650	68	0	
300768	Cerebelum_8_L	0	0	0	0	0	0	0	0	0	0	0	0	0	0	0	0	0	0	0	0	0	0	0	0	0	0	0	0	0	0	0	0	0	0	0	0	0	0	0	0	0	0	0	0	0	0	454	82	0	0	0	0	0	0	2134	0	0	0	0	0	0	0	0	0	0	0	0	0	0	0	0	0	0	0	0	0	0	0	0	0	0	0	0	0	0	0	0	0	152	0	18208	832	36012	3414	358	0	2694	106	6006	472	33718	1832	0	4224	22648	1570	4230	0	0	0	362	744	3556	4670	1906	0	
267924	Cerebelum_8_R	0	0	0	0	0	0	0	0	0	0	0	0	0	0	0	0	0	0	0	0	0	0	0	0	0	0	0	0	0	0	0	0	0	0	0	0	0	0	0	0	0	0	0	0	0	0	0	536	0	0	0	0	0	0	0	1376	0	0	0	0	0	0	0	0	0	0	0	0	0	0	0	0	0	0	0	0	0	0	0	0	0	0	0	0	0	0	0	0	0	0	1088	20638	3936	29702	0	316	70	1532	216	6848	2732	23742	4224	0	1018	17820	0	2314	154	130	214	932	7044	5154	2226	0	
182712	Cerebelum_9_L	0	0	0	0	0	0	0	0	0	0	0	0	0	0	0	0	0	0	0	0	0	0	0	0	0	0	0	0	0	0	0	0	0	0	0	0	0	0	0	0	0	0	0	0	0	0	1398	768	0	0	0	0	0	0	1066	472	0	0	0	0	0	0	0	0	0	0	0	0	0	0	0	0	0	0	0	0	0	0	0	0	0	0	0	0	0	0	0	0	0	0	6906	828	9002	528	2734	106	6588	504	7224	1694	7822	128	22648	1018	0	1886	5848	0	340	178	2382	3000	1354	1586	2382	966	
132944	Cerebelum_9_R	0	0	0	0	0	0	0	0	0	0	0	0	0	0	0	0	0	0	0	0	0	0	0	0	0	0	0	0	0	0	0	0	0	0	0	0	0	0	0	0	0	0	0	0	0	0	84	174	0	0	0	0	0	0	0	292	0	0	0	0	0	0	0	0	0	0	0	0	0	0	0	0	0	0	0	0	0	0	0	0	0	0	0	0	0	0	0	0	0	0	460	4944	370	4610	224	890	834	1012	786	3224	202	2538	1570	17820	1886	0	0	3514	888	618	1350	2506	3654	4230	6004	1788	
33492	Cerebelum_10_L	0	0	0	0	0	0	0	0	0	0	0	0	0	0	0	0	0	0	0	0	0	0	0	0	0	0	0	0	0	0	0	0	0	0	0	0	0	0	0	0	0	0	0	0	0	0	0	0	0	0	0	0	0	0	328	0	0	0	0	0	0	0	0	0	0	0	0	0	0	0	0	0	0	0	0	0	0	0	0	0	0	0	0	0	0	0	0	0	0	0	1928	0	2106	0	142	0	666	0	884	0	614	0	4230	0	5848	0	0	0	0	0	0	0	0	0	0	0	
20348	Cerebelum_10_R	0	0	0	0	0	0	0	0	0	0	0	0	0	0	0	0	0	0	0	0	0	0	0	0	0	0	0	0	0	0	0	0	0	0	0	0	0	0	0	0	0	0	0	0	0	0	0	0	0	0	0	0	0	0	0	0	0	0	0	0	0	0	0	0	0	0	0	0	0	0	0	0	0	0	0	0	0	0	0	0	0	0	0	0	0	0	0	0	0	0	0	1012	0	936	0	0	0	136	0	610	0	112	0	2314	0	3514	0	0	0	0	0	194	590	376	380	0	
38232	Vermis_1_2	0	0	0	0	0	0	0	0	0	0	0	0	0	0	0	0	0	0	0	0	0	0	0	0	0	0	0	0	0	0	0	0	0	0	0	0	0	0	0	0	0	0	0	0	0	0	0	264	0	0	0	0	0	0	0	68	0	0	0	0	0	0	0	0	0	0	0	0	0	0	0	0	0	0	0	0	0	0	0	0	0	0	0	0	0	0	0	0	0	0	130	734	0	0	1076	1952	890	916	494	2098	0	0	0	154	340	888	0	0	0	4794	1962	902	226	446	548	234	
48784	Vermis_3	0	0	0	0	0	0	0	0	0	0	0	0	0	0	0	0	0	0	0	0	0	0	0	0	0	0	0	0	0	0	0	0	0	0	0	0	0	0	0	0	0	0	0	0	0	0	0	198	0	0	0	0	0	0	0	0	0	0	0	0	0	0	0	0	0	0	0	0	0	0	0	0	0	0	0	0	122	0	0	0	0	0	0	0	0	0	0	0	0	0	336	1198	0	0	3386	3190	2056	1664	486	2592	0	0	0	130	178	618	0	0	4794	0	2250	412	134	264	278	106	
