data	data	448624	274248	595220	626800	152848	161480	329076	217728	87516	47256	169160	137916	193984	146360	173056	164524	218992	102592	634048	616376	94920	139740	350384	343384	38516	116472	93780	115456	574924	378364	317488	527140	154508	565028	175164	228440	300716	353344	147608	205528	59684	59420	435136	534972	313176	360764	287000	380140	269452	353464	606492	310936	159024	189512	506048	583348	196588	175192	127608	55892	161800	123364	80932	129284	96496	99808	420356	478800	280728	139936	232416	342352	294800	279308	55004	14524	211336	194668	97892	51816	204584	132460	106124	72128	431512	301696	14332	27748	379072	288136	470916	370180	344220	257816	44664	85232	310152	230596	498648	392520	250240	116712	268260	230912	133220	119392	26960	12720	37364	89616	240628	251080	221888	147016	143756	44020	
data	data	Precentral_L	Precentral_R	Frontal_Sup_L	Frontal_Sup_R	Frontal_Sup_Orb_L	Frontal_Sup_Orb_R	Frontal_Mid_L	Frontal_Mid_R	Frontal_Mid_Orb_L	Frontal_Mid_Orb_R	Frontal_Inf_Oper_L	Frontal_Inf_Oper_R	Frontal_Inf_Tri_L	Frontal_Inf_Tri_R	Frontal_Inf_Orb_L	Frontal_Inf_Orb_R	Rolandic_Oper_L	Rolandic_Oper_R	Supp_Motor_Area_L	Supp_Motor_Area_R	Olfactory_L	Olfactory_R	Frontal_Sup_Medial_L	Frontal_Sup_Medial_R	Frontal_Med_Orb_L	Frontal_Med_Orb_R	Rectus_L	Rectus_R	Insula_L	Insula_R	Cingulum_Ant_L	Cingulum_Ant_R	Cingulum_Mid_L	Cingulum_Mid_R	Cingulum_Post_L	Cingulum_Post_R	Hippocampus_L	Hippocampus_R	ParaHippocampal_L	ParaHippocampal_R	Amygdala_L	Amygdala_R	Calcarine_L	Calcarine_R	Cuneus_L	Cuneus_R	Lingual_L	Lingual_R	Occipital_Sup_L	Occipital_Sup_R	Occipital_Mid_L	Occipital_Mid_R	Occipital_Inf_L	Occipital_Inf_R	Fusiform_L	Fusiform_R	Postcentral_L	Postcentral_R	Parietal_Sup_L	Parietal_Sup_R	Parietal_Inf_L	Parietal_Inf_R	SupraMarginal_L	SupraMarginal_R	Angular_L	Angular_R	Precuneus_L	Precuneus_R	Paracentral_Lobule_L	Paracentral_Lobule_R	Caudate_L	Caudate_R	Putamen_L	Putamen_R	Pallidum_L	Pallidum_R	Thalamus_L	Thalamus_R	Heschl_L	Heschl_R	Temporal_Sup_L	Temporal_Sup_R	Temporal_Pole_Sup_L	Temporal_Pole_Sup_R	Temporal_Mid_L	Temporal_Mid_R	Temporal_Pole_Mid_L	Temporal_Pole_Mid_R	Temporal_Inf_L	Temporal_Inf_R	Cerebelum_Crus1_L	Cerebelum_Crus1_R	Cerebelum_Crus2_L	Cerebelum_Crus2_R	Cerebelum_3_L	Cerebelum_3_R	Cerebelum_4_5_L	Cerebelum_4_5_R	Cerebelum_6_L	Cerebelum_6_R	Cerebelum_7b_L	Cerebelum_7b_R	Cerebelum_8_L	Cerebelum_8_R	Cerebelum_9_L	Cerebelum_9_R	Cerebelum_10_L	Cerebelum_10_R	Vermis_1_2	Vermis_3	Vermis_4_5	Vermis_6	Vermis_7	Vermis_8	Vermis_9	Vermis_10	
448624	Precentral_L	0	8394	11630	866	0	0	9418	108	0	0	8488	0	536	0	74	0	9578	0	11366	6680	0	0	470	0	0	0	0	0	12880	178	636	450	946	3826	6150	4912	4796	3100	1118	340	0	0	358	106	226	0	322	288	166	0	4492	0	370	0	728	222	18796	0	590	0	3338	0	198	0	640	0	2124	672	28966	2156	4268	1564	7654	76	2826	0	20004	3942	2254	0	2420	0	180	0	4160	226	0	0	2292	562	0	0	0	0	0	0	0	186	0	0	0	0	0	0	0	0	0	0	0	0	0	0	0	0	0	0	
274248	Precentral_R	8394	0	2300	5800	0	0	0	10110	0	0	0	3532	0	0	0	0	82	616	7124	5700	0	0	0	0	0	0	0	0	136	1068	0	694	86	1246	1524	4136	186	5300	0	1172	0	0	0	978	0	402	0	206	0	308	0	492	0	1426	0	2490	0	11170	0	82	0	660	0	3280	0	0	0	1008	8644	6210	1434	9248	922	404	228	202	3952	20104	0	70	0	122	0	0	0	638	0	0	0	3168	0	0	0	0	0	0	0	70	0	0	0	0	0	0	0	0	0	0	0	0	0	0	0	0	0	0	
595220	Frontal_Sup_L	11630	2300	0	5938	6338	0	52130	2620	3356	0	5332	172	11002	0	6154	0	7342	104	49412	7610	342	0	36538	620	498	0	376	0	23224	154	19228	4372	3642	2878	236	0	808	0	102	0	126	0	0	0	0	0	0	0	0	0	0	0	0	0	0	0	3580	0	0	0	490	0	0	0	0	0	0	0	1290	0	3168	2676	9250	1354	5362	0	4356	250	166	0	364	0	650	0	0	0	0	0	70	0	0	0	0	0	0	0	0	0	0	0	0	0	0	0	0	0	0	0	0	0	0	0	0	0	0	0	
626800	Frontal_Sup_R	866	5800	5938	0	0	10430	324	27698	0	1700	272	4978	0	5738	0	6998	98	4230	20288	45136	86	1448	9010	38694	576	2910	0	2032	272	12326	6242	33020	1382	26026	0	0	0	1182	0	206	0	0	0	0	0	0	0	0	0	0	0	0	0	0	0	210	0	262	0	0	0	0	0	0	0	0	0	0	656	82	1468	14630	270	12812	0	1168	0	5272	0	66	0	80	0	154	0	90	0	0	0	274	0	0	0	0	0	0	0	0	0	0	0	0	0	0	0	0	0	0	0	0	0	0	0	0	0	0	
152848	Frontal_Sup_Orb_L	0	0	6338	0	0	0	1336	0	12172	0	0	0	782	0	13106	0	0	0	0	0	3386	640	4506	0	4750	710	9796	222	7400	0	3170	356	0	0	0	0	0	0	0	0	544	0	0	0	0	0	0	0	0	0	0	0	0	0	0	0	0	0	0	0	0	0	0	0	0	0	0	0	0	0	1820	312	2520	78	0	0	0	0	0	0	0	0	2480	0	0	0	0	0	0	0	0	0	0	0	0	0	0	0	0	0	0	0	0	0	0	0	0	0	0	0	0	0	0	0	0	0	
161480	Frontal_Sup_Orb_R	0	0	0	10430	0	0	0	2890	0	5606	0	218	0	970	0	8746	0	0	0	480	170	5268	0	7042	414	9786	154	10534	0	5936	492	4442	0	64	0	0	0	0	0	0	0	88	0	0	0	0	0	0	0	0	0	0	0	0	0	0	0	0	0	0	0	0	0	0	0	0	0	0	0	0	144	2066	0	4800	0	0	0	0	0	0	0	0	0	0	0	0	0	0	0	0	0	0	0	0	0	0	0	0	0	0	0	0	0	0	0	0	0	0	0	0	0	0	0	0	0	0	
329076	Frontal_Mid_L	9418	0	52130	324	1336	0	0	66	2024	0	8074	0	24540	0	5734	0	1840	0	10208	254	0	0	13946	176	0	0	0	0	11788	0	10270	1148	1814	742	0	0	284	0	0	0	0	0	0	0	0	0	0	0	0	0	0	0	0	0	0	0	512	0	0	0	62	0	0	0	0	0	0	0	0	0	2384	1460	2750	0	818	0	124	0	0	0	92	0	220	0	0	0	0	0	0	0	0	0	0	0	0	0	0	0	0	0	0	0	0	0	0	0	0	0	0	0	0	0	0	0	0	0	
217728	Frontal_Mid_R	108	10110	2620	27698	0	2890	66	0	0	1702	0	5280	0	12492	0	3684	0	1100	5558	7764	0	0	1054	3610	0	0	0	0	0	4736	132	3456	0	5336	0	0	0	736	0	72	0	0	0	0	0	0	0	0	0	0	0	0	0	0	0	88	0	718	0	0	0	146	0	636	0	0	0	0	0	0	894	978	496	2278	80	398	66	1656	0	0	0	0	0	0	0	70	0	0	0	156	0	0	0	0	0	0	0	0	0	0	0	0	0	0	0	0	0	0	0	0	0	0	0	0	0	0	
87516	Frontal_Mid_Orb_L	0	0	3356	0	12172	0	2024	0	0	0	0	0	1368	0	12874	0	0	0	0	0	528	0	500	0	424	0	2746	0	4504	0	552	0	0	0	0	0	0	0	0	0	192	0	0	0	0	0	0	0	0	0	0	0	0	0	0	0	0	0	0	0	0	0	0	0	0	0	0	0	0	0	148	0	1150	0	0	0	0	0	0	0	0	0	1220	0	0	0	0	0	0	0	0	0	0	0	0	0	0	0	0	0	0	0	0	0	0	0	0	0	0	0	0	0	0	0	0	0	
47256	Frontal_Mid_Orb_R	0	0	0	1700	0	5606	0	1702	0	0	0	0	0	1540	0	9776	0	0	0	0	0	284	0	74	0	340	0	590	0	1682	0	0	0	0	0	0	0	0	0	0	0	0	0	0	0	0	0	0	0	0	0	0	0	0	0	0	0	0	0	0	0	0	0	0	0	0	0	0	0	0	0	0	0	334	0	0	0	0	0	0	0	0	0	0	0	0	0	0	0	0	0	0	0	0	0	0	0	0	0	0	0	0	0	0	0	0	0	0	0	0	0	0	0	0	0	0	
169160	Frontal_Inf_Oper_L	8488	0	5332	272	0	0	8074	0	0	0	0	144	10430	0	404	0	8988	0	3890	446	0	0	3858	156	0	0	0	0	16392	156	2272	428	128	314	0	0	1650	0	814	0	0	0	0	0	0	0	0	0	0	0	0	0	0	0	120	0	2134	0	0	0	0	0	0	0	0	0	0	0	62	0	1724	974	3722	196	0	0	0	0	128	0	1384	0	586	0	436	0	0	0	478	0	0	0	0	0	0	0	0	0	0	0	0	0	0	0	0	0	0	0	0	0	0	0	0	0	0	0	
137916	Frontal_Inf_Oper_R	0	3532	172	4978	0	218	0	5280	0	0	144	0	0	7452	0	918	0	2570	2826	4492	0	0	152	1742	0	0	0	0	116	12694	1016	4946	0	3228	0	0	0	1058	0	424	0	0	0	0	0	0	0	76	0	0	0	0	0	0	0	320	0	1416	0	0	0	0	0	0	0	0	0	0	0	0	784	2596	538	3572	0	0	0	560	0	232	0	310	0	532	0	0	0	0	0	64	0	0	0	0	0	0	0	0	0	0	0	0	0	0	0	0	0	0	0	0	0	0	0	0	0	0	
193984	Frontal_Inf_Tri_L	536	0	11002	0	782	0	24540	0	1368	0	10430	0	0	0	9148	0	400	0	756	0	0	0	6446	0	0	0	0	0	24784	0	3446	146	342	140	0	0	216	0	104	0	0	0	0	0	0	0	0	0	0	0	0	0	0	0	0	0	0	0	0	0	0	0	0	0	0	0	0	0	0	0	208	102	1486	0	0	0	0	0	0	0	122	0	420	0	68	0	0	0	0	0	0	0	0	0	0	0	0	0	0	0	0	0	0	0	0	0	0	0	0	0	0	0	0	0	0	0	
146360	Frontal_Inf_Tri_R	0	0	0	5738	0	970	0	12492	0	1540	0	7452	0	0	0	8628	0	88	1902	4092	0	0	84	1852	0	0	0	0	0	15590	440	3312	0	4604	0	0	0	350	0	114	0	0	0	0	0	0	0	0	0	0	0	0	0	0	0	0	0	0	0	0	0	0	0	0	0	0	0	0	0	0	0	996	0	2872	0	0	0	0	0	0	0	64	0	0	0	0	0	0	0	0	0	0	0	0	0	0	0	0	0	0	0	0	0	0	0	0	0	0	0	0	0	0	0	0	0	0	
173056	Frontal_Inf_Orb_L	74	0	6154	0	13106	0	5734	0	12874	0	404	0	9148	0	0	0	800	0	78	0	3172	388	896	0	72	0	3754	120	16852	0	842	220	0	0	0	0	0	0	0	0	392	0	0	0	0	0	0	0	0	0	0	0	0	0	0	0	0	0	0	0	0	0	0	0	0	0	0	0	0	0	1518	224	1848	0	0	0	0	0	0	0	1338	0	6450	0	0	0	0	0	70	0	0	0	0	0	0	0	0	0	0	0	0	0	0	0	0	0	0	0	0	0	0	0	0	0	0	0	
164524	Frontal_Inf_Orb_R	0	0	0	6998	0	8746	0	3684	0	9776	0	918	0	8628	0	0	0	2420	1116	2818	0	1186	0	854	0	1930	0	1384	0	21200	342	1020	0	806	0	0	0	0	0	0	0	0	0	0	0	0	0	0	0	0	0	0	0	0	0	174	0	0	0	0	0	0	0	0	0	0	0	0	0	0	150	218	0	1062	0	0	0	0	0	194	0	3222	0	2614	0	662	0	0	0	140	0	0	0	0	0	0	0	0	0	0	0	0	0	0	0	0	0	0	0	0	0	0	0	0	0	0	
218992	Rolandic_Oper_L	9578	82	7342	98	0	0	1840	0	0	0	8988	0	400	0	800	0	0	0	10496	174	0	0	1740	0	0	0	0	0	25868	0	230	150	0	0	84	0	1824	0	812	0	0	0	228	0	126	0	0	0	0	0	924	0	238	0	792	0	8038	0	0	0	1142	0	2918	0	0	0	192	0	334	0	810	534	3330	84	502	0	602	0	4324	0	7242	0	1162	0	2996	0	0	0	2472	0	0	0	0	0	0	0	0	0	0	0	0	0	0	0	0	0	0	0	0	0	0	0	0	0	0	0	
102592	Rolandic_Oper_R	0	616	104	4230	0	0	0	1100	0	0	0	2570	0	88	0	2420	0	0	802	5004	0	0	0	274	0	0	0	0	0	11554	580	1032	0	940	0	74	0	466	0	94	0	0	0	0	0	0	0	0	0	0	0	0	0	92	0	0	0	5106	0	0	0	140	0	2778	0	0	0	0	0	0	128	656	0	2058	0	0	0	0	0	2074	0	3648	0	766	0	996	0	0	0	906	0	0	0	0	0	0	0	0	0	0	0	0	0	0	0	0	0	0	0	0	0	0	0	0	0	0	
634048	Supp_Motor_Area_L	11366	7124	49412	20288	0	0	10208	5558	0	0	3890	2826	756	1902	78	1116	10496	802	0	48134	0	0	6844	4852	0	0	0	0	11354	4634	7564	12454	11482	27154	1302	142	1156	338	284	168	0	0	0	0	0	0	0	0	0	0	0	0	0	0	354	74	5882	98	0	0	470	0	72	136	0	0	84	0	12662	122	8068	4234	12090	2176	3194	0	1014	888	550	0	598	0	196	146	0	0	0	0	232	0	0	0	0	0	0	0	0	0	0	0	0	0	0	0	0	0	0	0	0	0	0	0	0	0	0	0	
616376	Supp_Motor_Area_R	6680	5700	7610	45136	0	480	254	7764	0	0	446	4492	0	4092	0	2818	174	5004	48134	0	0	0	2042	10328	0	346	0	118	450	9822	3638	21048	5196	53686	736	6118	0	898	0	334	0	0	0	804	0	70	0	382	0	82	0	144	0	148	0	266	0	1856	0	0	0	96	0	762	0	0	94	1796	9138	9152	1886	16570	446	6794	0	1388	0	1800	0	94	0	148	0	196	0	184	0	0	0	348	0	0	0	0	0	0	0	0	0	0	0	0	0	0	0	0	0	0	0	0	0	0	0	0	0	0	
94920	Olfactory_L	0	0	342	86	3386	170	0	0	528	0	0	0	0	0	3172	0	0	0	0	0	0	5680	416	164	404	328	5964	1680	3556	0	3178	2498	0	0	0	0	0	0	398	0	1090	0	0	0	0	0	0	0	0	0	0	0	0	0	0	0	0	0	0	0	0	0	0	0	0	0	0	0	0	0	7476	3070	2550	870	0	0	0	0	0	0	0	0	454	0	0	0	0	0	0	0	0	0	0	0	0	0	0	0	0	0	0	0	0	0	0	0	0	0	0	0	0	0	0	0	0	0	
139740	Olfactory_R	0	0	0	1448	640	5268	0	0	0	284	0	0	0	0	388	1186	0	0	0	0	5680	0	0	2356	242	4966	3522	9508	84	2044	2300	4498	0	0	0	0	0	250	0	270	0	590	0	0	0	0	0	0	0	0	0	0	0	0	0	0	0	0	0	0	0	0	0	0	0	0	0	0	0	0	8714	7114	4560	3494	236	0	0	0	0	0	0	0	228	0	0	0	0	0	0	0	0	0	0	0	0	0	0	0	0	0	0	0	0	0	0	0	0	0	0	0	0	0	0	0	0	0	
350384	Frontal_Sup_Medial_L	470	0	36538	9010	4506	0	13946	1054	500	0	3858	152	6446	84	896	0	1740	0	6844	2042	416	0	0	14244	1754	300	680	0	14346	150	18956	12144	3576	9896	0	0	704	0	280	0	170	0	0	0	0	0	0	0	0	0	0	0	0	0	230	0	68	0	0	0	0	0	0	0	0	0	0	0	0	0	734	554	4972	186	0	0	0	0	0	0	1322	0	194	0	848	0	0	0	382	0	0	0	0	0	0	0	0	0	0	0	0	0	0	0	0	0	0	0	0	0	0	0	0	0	0	0	
343384	Frontal_Sup_Medial_R	0	0	620	38694	0	7042	176	3610	0	74	156	1742	0	1852	0	854	0	274	4852	10328	164	2356	14244	0	1372	7290	88	3158	152	3604	6480	29404	702	17792	0	0	0	94	0	0	0	0	0	0	0	0	0	0	0	0	0	0	0	0	0	0	0	0	0	0	0	0	0	0	0	0	0	0	0	0	444	6942	0	7012	0	0	0	0	0	0	0	0	0	120	0	0	0	0	0	0	0	0	0	0	0	0	0	0	0	0	0	0	0	0	0	0	0	0	0	0	0	0	0	0	0	0	
38516	Frontal_Med_Orb_L	0	0	498	576	4750	414	0	0	424	0	0	0	0	0	72	0	0	0	0	0	404	242	1754	1372	0	3294	1548	272	0	0	2432	554	0	0	0	0	0	0	0	0	0	0	0	0	0	0	0	0	0	0	0	0	0	0	0	0	0	0	0	0	0	0	0	0	0	0	0	0	0	0	406	82	88	76	0	0	0	0	0	0	0	0	0	0	0	0	0	0	0	0	0	0	0	0	0	0	0	0	0	0	0	0	0	0	0	0	0	0	0	0	0	0	0	0	0	0	
116472	Frontal_Med_Orb_R	0	0	0	2910	710	9786	0	0	0	340	0	0	0	0	0	1930	0	0	0	346	328	4966	300	7290	3294	0	792	11228	0	1932	2406	5276	0	0	0	0	0	0	0	0	0	0	0	0	0	0	0	0	0	0	0	0	0	0	0	0	0	0	0	0	0	0	0	0	0	0	0	0	0	0	256	1888	62	2196	0	0	0	0	0	0	0	0	0	0	0	0	0	0	0	0	0	0	0	0	0	0	0	0	0	0	0	0	0	0	0	0	0	0	0	0	0	0	0	0	0	0	
93780	Rectus_L	0	0	376	0	9796	154	0	0	2746	0	0	0	0	0	3754	0	0	0	0	0	5964	3522	680	88	1548	792	0	1482	1656	0	3566	1736	0	0	0	0	0	0	0	0	604	0	0	0	0	0	0	0	0	0	0	0	0	0	0	0	0	0	0	0	0	0	0	0	0	0	0	0	0	0	4630	1332	1428	426	0	0	0	0	0	0	0	0	610	0	0	0	0	0	0	0	0	0	0	0	0	0	0	0	0	0	0	0	0	0	0	0	0	0	0	0	0	0	0	0	0	0	
115456	Rectus_R	0	0	0	2032	222	10534	0	0	0	590	0	0	0	0	120	1384	0	0	0	118	1680	9508	0	3158	272	11228	1482	0	0	1506	1156	5292	0	0	0	0	0	0	0	0	0	76	0	0	0	0	0	0	0	0	0	0	0	0	0	0	0	0	0	0	0	0	0	0	0	0	0	0	0	0	1522	2378	752	2648	0	0	0	0	0	0	0	0	70	0	0	0	0	0	0	0	0	0	0	0	0	0	0	0	0	0	0	0	0	0	0	0	0	0	0	0	0	0	0	0	0	0	
574924	Insula_L	12880	136	23224	272	7400	0	11788	0	4504	0	16392	116	24784	0	16852	0	25868	0	11354	450	3556	84	14346	152	0	0	1656	0	0	116	4822	518	344	330	482	0	11424	0	2938	0	3010	0	544	0	254	0	110	0	120	0	2738	0	1132	0	6778	0	5790	0	0	0	300	0	518	0	0	0	726	0	854	0	2820	1000	22556	150	1116	0	1052	0	10634	0	10038	0	4758	0	6544	0	0	0	6976	0	0	0	0	0	0	0	0	0	156	0	0	0	0	0	0	0	0	0	0	0	0	0	0	0	0	0	
378364	Insula_R	178	1068	154	12326	0	5936	0	4736	0	1682	156	12694	0	15590	0	21200	0	11554	4634	9822	0	2044	150	3604	0	1932	0	1506	116	0	1472	7586	0	4030	246	332	210	5924	0	2064	0	274	0	498	0	0	0	130	0	0	0	158	0	174	0	1826	0	1062	0	0	0	198	0	988	0	168	0	228	74	180	682	3814	286	16976	0	0	286	390	0	4948	0	12752	0	3772	0	4268	0	0	0	2104	0	0	0	0	0	0	0	0	0	0	0	0	0	0	0	0	0	0	0	0	0	0	0	0	0	0	
317488	Cingulum_Ant_L	636	0	19228	6242	3170	492	10270	132	552	0	2272	1016	3446	440	842	342	230	580	7564	3638	3178	2300	18956	6480	2432	2406	3566	1156	4822	1472	0	22046	5716	6598	244	0	90	164	0	78	68	0	0	0	0	0	0	0	0	0	0	0	0	0	0	0	0	0	0	0	0	0	0	0	0	0	0	0	0	0	6050	4002	3924	1708	0	0	0	0	0	0	0	0	196	0	0	0	0	0	0	0	0	0	0	0	0	0	0	0	0	0	0	0	0	0	0	0	0	0	0	0	0	0	0	0	0	0	
527140	Cingulum_Ant_R	450	694	4372	33020	356	4442	1148	3456	0	0	428	4946	146	3312	220	1020	150	1032	12454	21048	2498	4498	12144	29404	554	5276	1736	5292	518	7586	22046	0	2520	32840	0	0	0	712	0	296	0	0	0	0	0	0	0	0	0	0	0	0	0	0	0	120	0	0	0	0	0	0	0	0	0	0	0	0	0	0	4760	20958	1224	15186	0	0	0	124	0	0	0	118	138	128	0	82	0	0	0	118	0	0	0	0	0	0	0	0	0	0	0	0	0	0	0	0	0	0	0	0	0	0	0	0	0	0	
154508	Cingulum_Mid_L	946	86	3642	1382	0	0	1814	0	0	0	128	0	342	0	0	0	0	0	11482	5196	0	0	3576	702	0	0	0	0	344	0	5716	2520	0	13354	3648	1014	0	0	0	0	0	0	596	0	674	92	0	0	354	74	2262	0	0	0	0	0	276	0	140	0	306	0	0	0	376	0	4332	2028	6896	326	0	172	0	142	0	0	0	0	0	0	90	0	0	0	1380	0	0	0	846	0	0	0	0	0	0	0	0	0	0	0	0	0	0	0	0	0	0	0	0	0	0	0	0	0	0	0	
565028	Cingulum_Mid_R	3826	1246	2878	26026	0	64	742	5336	0	0	314	3228	140	4604	0	806	0	940	27154	53686	0	0	9896	17792	0	0	0	0	330	4030	6598	32840	13354	0	1328	7772	0	630	0	334	0	0	68	4730	144	1678	0	2310	154	1214	154	1318	0	374	0	982	0	4158	0	0	0	116	0	212	0	74	1882	12112	5536	11944	612	2990	112	2052	0	0	0	0	0	72	0	134	0	148	94	600	0	0	68	578	0	0	0	0	0	0	0	0	0	0	0	0	0	0	0	0	0	0	0	0	0	0	0	0	0	0	
175164	Cingulum_Post_L	6150	1524	236	0	0	0	0	0	0	0	0	0	0	0	0	0	84	0	1302	736	0	0	0	0	0	0	0	0	482	246	244	0	3648	1328	0	10166	9036	6176	1704	644	0	0	3316	0	1164	0	2616	556	222	0	530	0	0	0	1160	596	134	0	0	0	0	0	0	0	0	0	8328	1468	7518	574	0	0	62	0	0	0	7912	4660	340	0	0	0	0	0	240	536	0	0	62	1554	0	0	0	0	0	0	0	248	0	0	0	0	0	0	0	0	0	0	0	0	80	0	0	0	0	0	
228440	Cingulum_Post_R	4912	4136	0	0	0	0	0	0	0	0	0	0	0	0	0	0	0	74	142	6118	0	0	0	0	0	0	0	0	0	332	0	0	1014	7772	10166	0	4528	11588	332	1858	0	0	94	2066	220	866	226	4324	216	300	74	444	0	1226	118	3590	0	696	0	0	0	0	0	160	0	0	1158	10874	3300	5748	360	0	0	0	0	0	10884	7716	0	76	0	132	0	0	0	1054	0	0	0	4552	0	0	0	0	0	0	0	502	0	0	0	0	0	0	0	0	0	0	0	0	272	0	0	0	0	0	
300716	Hippocampus_L	4796	186	808	0	0	0	284	0	0	0	1650	0	216	0	0	0	1824	0	1156	0	0	0	704	0	0	0	0	0	11424	210	90	0	0	0	9036	4528	0	4400	22690	572	10622	0	2896	0	230	0	7652	738	218	0	742	0	594	0	20340	548	746	0	0	0	62	0	0	0	0	0	5702	416	1242	0	90	0	8038	0	172	0	7564	3254	1734	0	1036	0	826	0	604	474	0	0	5982	1412	182	0	0	0	0	74	304	166	852	0	0	0	0	0	0	0	0	0	0	206	66	0	0	0	0	0	
353344	Hippocampus_R	3100	5300	0	1182	0	0	0	736	0	0	0	1058	0	350	0	0	0	466	338	898	0	250	0	94	0	0	0	0	0	5924	164	712	0	630	6176	11588	4400	0	404	28818	0	8520	0	1032	0	0	218	5282	0	0	0	112	0	222	132	26590	0	386	0	0	0	74	0	224	0	0	74	5318	2054	574	292	98	240	10332	0	124	8226	8108	0	770	0	2312	0	442	0	3594	0	0	0	15704	0	128	0	0	0	0	0	2448	0	260	0	0	0	0	0	0	0	0	0	0	194	0	0	0	0	0	
147608	ParaHippocampal_L	1118	0	102	0	0	0	0	0	0	0	814	0	104	0	0	0	812	0	284	0	398	0	280	0	0	0	0	0	2938	0	0	0	0	0	1704	332	22690	404	0	82	5342	0	1752	0	234	0	6748	478	222	0	698	0	750	0	13076	0	200	0	0	0	0	0	0	0	0	0	3012	216	322	0	188	0	3060	0	0	0	1486	80	168	0	96	0	446	0	248	0	0	0	924	0	140	0	0	0	196	270	452	0	458	0	0	0	0	0	0	0	0	0	74	406	0	0	0	0	0	0	
205528	ParaHippocampal_R	340	1172	0	206	0	0	0	72	0	0	0	424	0	114	0	0	0	94	168	334	0	270	0	0	0	0	0	0	0	2064	78	296	0	334	644	1858	572	28818	82	0	0	7740	0	872	0	0	0	7030	0	0	0	0	0	86	0	23412	0	102	0	0	0	0	0	0	0	0	0	2232	250	290	62	64	0	4606	0	114	872	1174	0	252	0	396	0	2914	0	552	0	1882	0	4714	0	190	0	0	0	94	0	4548	0	376	0	0	0	0	0	0	0	0	0	0	0	0	0	0	0	0	
59684	Amygdala_L	0	0	126	0	544	0	0	0	192	0	0	0	0	0	392	0	0	0	0	0	1090	0	170	0	0	0	604	0	3010	0	68	0	0	0	0	0	10622	0	5342	0	0	0	0	0	0	0	0	0	0	0	0	0	0	0	5414	0	0	0	0	0	0	0	0	0	0	0	0	0	0	0	88	0	728	0	0	0	0	0	0	0	0	0	638	0	0	0	0	0	738	0	0	0	0	0	0	0	0	0	76	0	0	0	0	0	0	0	0	0	0	0	0	0	0	0	0	0	
59420	Amygdala_R	0	0	0	0	0	88	0	0	0	0	0	0	0	0	0	0	0	0	0	0	0	590	0	0	0	0	0	76	0	274	0	0	0	0	0	0	0	8520	0	7740	0	0	0	0	0	0	0	0	0	0	0	0	0	0	0	7486	0	0	0	0	0	0	0	0	0	0	0	0	0	0	0	0	0	690	0	0	0	0	0	0	0	0	0	2164	0	0	0	518	0	1564	0	0	0	0	0	0	0	0	0	0	0	0	0	0	0	0	0	0	0	0	0	0	0	0	0	0	
435136	Calcarine_L	358	0	0	0	0	0	0	0	0	0	0	0	0	0	0	0	228	0	0	0	0	0	0	0	0	0	0	0	544	0	0	0	596	68	3316	94	2896	0	1752	0	0	0	0	11542	29058	9358	21590	2472	19994	5358	42822	864	8232	504	7166	580	0	0	3372	0	622	0	0	0	392	0	24378	2556	2886	0	0	0	0	0	0	0	0	0	852	0	140	0	0	0	7198	270	0	0	4174	190	66	0	0	0	0	0	238	0	570	64	0	0	0	0	0	0	0	0	0	0	80	128	0	0	0	0	
534972	Calcarine_R	106	978	0	0	0	0	0	0	0	0	0	0	0	0	0	0	0	0	0	804	0	0	0	0	0	0	0	0	0	498	0	0	0	4730	0	2066	0	1032	0	872	0	0	11542	0	5860	33646	2108	25182	690	33342	342	28984	0	17480	0	20782	0	2166	0	1258	0	3452	0	2484	0	1366	5670	31326	76	3302	0	0	0	0	0	0	0	0	0	598	0	932	0	0	0	15800	0	0	0	5036	226	116	98	0	0	0	0	176	76	820	0	0	0	0	0	0	0	0	0	0	232	804	428	0	0	0	
313176	Cuneus_L	226	0	0	0	0	0	0	0	0	0	0	0	0	0	0	0	126	0	0	0	0	0	0	0	0	0	0	0	254	0	0	0	674	144	1164	220	230	0	234	0	0	0	29058	5860	0	8872	3346	700	32530	4660	24830	746	1860	172	1330	204	0	0	5522	0	644	0	0	0	138	0	23926	3290	2234	0	0	0	0	0	0	0	0	0	472	0	66	0	0	0	1968	68	0	0	704	0	0	0	0	0	0	0	0	0	116	0	0	0	0	0	0	0	0	0	0	0	0	0	0	0	0	0	
360764	Cuneus_R	0	402	0	0	0	0	0	0	0	0	0	0	0	0	0	0	0	0	0	70	0	0	0	0	0	0	0	0	0	0	0	0	92	1678	0	866	0	0	0	0	0	0	9358	33646	8872	0	874	5462	1554	40062	606	14030	0	2344	0	6780	0	1974	0	2654	0	388	0	72	0	440	10484	32690	0	1602	0	0	0	0	0	0	0	0	0	0	0	64	0	0	0	1924	0	0	0	788	78	0	0	0	0	0	0	0	0	214	0	0	0	0	0	0	0	0	0	0	0	204	110	0	0	0	
287000	Lingual_L	322	0	0	0	0	0	0	0	0	0	0	0	0	0	0	0	0	0	0	0	0	0	0	0	0	0	0	0	110	0	0	0	0	0	2616	226	7652	218	6748	0	0	0	21590	2108	3346	874	0	3672	2090	894	16244	142	10958	168	21590	466	0	0	398	0	0	0	0	0	0	0	8072	238	596	0	0	0	0	0	0	0	770	0	144	0	0	0	0	0	720	0	0	0	376	0	4356	280	374	66	252	172	6952	368	11206	904	0	0	0	0	0	0	0	0	0	402	1942	2318	326	62	110	62	
380140	Lingual_R	288	206	0	0	0	0	0	0	0	0	0	76	0	0	0	0	0	0	0	382	0	0	0	0	0	0	0	0	0	130	0	0	0	2310	556	4324	738	5282	478	7030	0	0	2472	25182	700	5462	3672	0	0	7950	290	6798	318	9860	1048	29296	0	320	0	294	0	126	0	84	0	68	812	12362	180	942	0	0	0	224	0	0	848	488	0	0	0	78	0	0	0	1248	0	0	0	1560	2852	3820	1006	286	200	1454	2134	8960	4410	10584	204	0	220	96	802	0	178	0	0	314	6942	8478	2504	72	72	0	
269452	Occipital_Sup_L	166	0	0	0	0	0	0	0	0	0	0	0	0	0	0	0	0	0	0	0	0	0	0	0	0	0	0	0	120	0	0	0	354	154	222	216	218	0	222	0	0	0	19994	690	32530	1554	2090	0	0	614	33840	0	1612	0	1108	0	68	0	10368	0	2948	0	0	0	202	0	21562	1288	776	0	0	0	0	0	0	0	0	0	250	0	0	0	0	0	1016	0	0	0	454	0	0	0	0	0	0	0	0	0	90	0	0	0	0	0	0	0	0	0	0	0	0	0	0	0	0	0	
353464	Occipital_Sup_R	0	308	0	0	0	0	0	0	0	0	0	0	0	0	0	0	0	0	0	82	0	0	0	0	0	0	0	0	0	0	0	0	74	1214	0	300	0	0	0	0	0	0	5358	33342	4660	40062	894	7950	614	0	250	24264	0	3656	0	9670	0	2182	0	4762	0	1160	0	0	0	2272	5968	22648	0	1444	0	0	0	0	0	0	0	0	0	0	0	0	0	0	0	1234	0	0	0	620	192	70	86	0	0	0	0	0	0	566	0	0	0	0	0	0	0	0	0	0	0	530	300	0	0	0	
606492	Occipital_Mid_L	4492	0	0	0	0	0	0	0	0	0	0	0	0	0	0	0	924	0	0	0	0	0	0	0	0	0	0	0	2738	0	0	0	2262	154	530	74	742	0	698	0	0	0	42822	342	24830	606	16244	290	33840	250	0	0	18202	0	10976	0	1000	0	11348	0	10412	0	1388	0	18400	0	24428	2438	9684	0	0	0	0	0	0	0	0	0	4340	0	1184	0	0	0	36006	0	0	0	18754	0	298	0	0	0	0	0	280	0	1486	236	0	0	0	0	0	0	0	0	0	0	0	548	0	0	0	0	
310936	Occipital_Mid_R	0	492	0	0	0	0	0	0	0	0	0	0	0	0	0	0	0	0	0	144	0	0	0	0	0	0	0	0	0	158	0	0	0	1318	0	444	0	112	0	0	0	0	864	28984	746	14030	142	6798	0	24264	0	0	0	11998	0	8896	0	2406	0	1234	0	4114	0	340	0	10522	2008	11842	0	1934	0	0	0	0	0	0	0	0	0	230	0	868	0	0	0	17864	0	0	0	1484	130	0	0	0	0	0	0	0	0	424	0	0	0	0	0	0	0	0	0	0	0	446	232	0	0	0	
159024	Occipital_Inf_L	370	0	0	0	0	0	0	0	0	0	0	0	0	0	0	0	238	0	0	0	0	0	0	0	0	0	0	0	1132	0	0	0	0	0	0	0	594	0	750	0	0	0	8232	0	1860	0	10958	318	1612	0	18202	0	0	0	15758	0	0	0	302	0	0	0	0	0	90	0	1994	0	130	0	0	0	0	0	0	0	0	0	1538	0	66	0	0	0	3482	0	0	0	5066	0	1148	0	0	0	0	0	1022	0	3426	288	0	0	0	0	0	0	0	0	0	0	156	780	0	0	0	0	
189512	Occipital_Inf_R	0	1426	0	0	0	0	0	0	0	0	0	0	0	0	0	0	0	92	0	148	0	0	0	0	0	0	0	0	0	174	0	0	0	374	0	1226	0	222	0	86	0	0	504	17480	172	2344	168	9860	0	3656	0	11998	0	0	0	17072	0	308	0	78	0	532	0	280	0	378	382	4836	0	786	0	0	0	0	0	0	0	0	0	278	0	586	0	0	0	7442	0	0	0	7148	388	236	144	0	0	0	0	0	118	1450	0	0	0	0	0	0	0	0	0	0	100	1426	858	0	0	0	
506048	Fusiform_L	728	0	0	0	0	0	0	0	0	0	120	0	0	0	0	0	792	0	354	0	0	0	230	0	0	0	0	0	6778	0	0	0	0	0	1160	118	20340	132	13076	0	5414	0	7166	0	1330	0	21590	1048	1108	0	10976	0	15758	0	0	158	190	0	214	0	74	0	152	0	86	0	3512	82	244	0	0	0	1746	0	0	0	348	0	2676	0	4908	0	3400	0	7350	0	164	0	23288	0	24602	234	2618	0	498	84	17476	414	36706	922	1912	0	2482	0	514	254	0	0	142	246	2864	3122	132	180	286	526	
583348	Fusiform_R	222	2490	0	210	0	0	0	88	0	0	0	320	0	0	0	174	0	0	74	266	0	0	0	0	0	0	0	0	0	1826	0	120	0	982	596	3590	548	26590	0	23412	0	7486	580	20782	204	6780	466	29296	0	9670	0	8896	0	17072	158	0	0	466	0	820	0	464	0	166	0	378	838	11782	182	964	130	0	84	2870	0	62	660	854	0	474	0	1486	0	7182	0	4012	0	3668	0	25196	1212	17200	394	526	0	436	630	10350	1200	22330	0	0	0	420	214	68	0	0	0	0	5016	4270	1772	0	0	0	
196588	Postcentral_L	18796	0	3580	0	0	0	512	0	0	0	2134	0	0	0	0	0	8038	0	5882	0	0	0	68	0	0	0	0	0	5790	0	0	0	276	0	134	0	746	0	200	0	0	0	0	0	0	0	0	0	68	0	1000	0	0	0	190	0	0	0	5258	0	21012	0	6228	0	730	0	2752	0	2334	0	430	74	2580	0	106	0	552	0	1546	0	1868	0	0	0	3298	0	0	0	2112	0	0	0	0	0	0	0	0	0	0	0	0	0	0	0	0	0	0	0	0	0	0	0	0	0	0	0	
175192	Postcentral_R	0	11170	0	262	0	0	0	718	0	0	0	1416	0	0	0	0	0	5106	98	1856	0	0	0	0	0	0	0	0	0	1062	0	0	0	4158	0	696	0	386	0	102	0	0	0	2166	0	1974	0	320	0	2182	0	2406	0	308	0	466	0	0	0	3214	0	5716	0	14690	0	398	226	10618	72	8152	540	220	244	408	0	0	0	0	0	198	0	222	0	0	0	3338	0	0	0	2488	0	0	0	0	0	0	0	0	0	0	0	0	0	0	0	0	0	0	0	0	0	0	0	0	0	0	
127608	Parietal_Sup_L	590	0	0	0	0	0	0	0	0	0	0	0	0	0	0	0	0	0	0	0	0	0	0	0	0	0	0	0	0	0	0	0	140	0	0	0	0	0	0	0	0	0	3372	0	5522	0	398	0	10368	0	11348	0	302	0	214	0	5258	0	0	0	8488	0	0	0	504	0	12782	290	1448	0	0	0	0	0	0	0	0	0	0	0	76	0	0	0	1606	0	0	0	1098	0	0	0	0	0	0	0	0	0	0	0	0	0	0	0	0	0	0	0	0	0	0	0	0	0	0	0	
55892	Parietal_Sup_R	0	82	0	0	0	0	0	0	0	0	0	0	0	0	0	0	0	0	0	0	0	0	0	0	0	0	0	0	0	0	0	0	0	0	0	0	0	0	0	0	0	0	0	1258	0	2654	0	294	0	4762	0	1234	0	78	0	820	0	3214	0	0	0	3986	0	1356	0	2456	70	4340	0	62	0	0	0	0	0	0	0	0	0	0	0	0	0	0	0	796	0	0	0	484	0	0	0	0	0	0	0	0	0	0	0	0	0	0	0	0	0	0	0	0	0	0	0	0	0	0	
161800	Parietal_Inf_L	3338	0	490	0	0	0	62	0	0	0	0	0	0	0	0	0	1142	0	470	0	0	0	0	0	0	0	0	0	300	0	0	0	306	0	0	0	62	0	0	0	0	0	622	0	644	0	0	0	2948	0	10412	0	0	0	74	0	21012	0	8488	0	0	0	10268	0	9712	0	1506	122	1006	0	0	0	176	0	70	0	0	0	0	0	1700	0	0	0	4338	0	0	0	1632	0	0	0	0	0	0	0	0	0	0	0	0	0	0	0	0	0	0	0	0	0	0	0	0	0	0	0	
123364	Parietal_Inf_R	0	660	0	0	0	0	0	146	0	0	0	0	0	0	0	0	0	140	0	96	0	0	0	0	0	0	0	0	0	198	0	0	0	116	0	0	0	74	0	0	0	0	0	3452	0	388	0	126	0	1160	0	4114	0	532	0	464	0	5716	0	3986	0	0	0	15952	0	13106	0	1222	0	180	80	78	0	0	0	0	0	0	0	208	0	706	0	0	0	7528	0	0	0	1254	0	0	0	0	0	0	0	0	0	0	0	0	0	0	0	0	0	0	0	0	0	0	0	0	0	0	
80932	SupraMarginal_L	198	0	0	0	0	0	0	0	0	0	0	0	0	0	0	0	2918	0	72	0	0	0	0	0	0	0	0	0	518	0	0	0	0	0	0	0	0	0	0	0	0	0	0	0	0	0	0	0	0	0	1388	0	0	0	152	0	6228	0	0	0	10268	0	0	0	4920	0	0	0	152	0	0	0	0	0	0	0	0	0	66	0	7048	0	0	0	5738	0	0	0	800	0	0	0	0	0	0	0	0	0	0	0	0	0	0	0	0	0	0	0	0	0	0	0	0	0	0	0	
129284	SupraMarginal_R	0	3280	0	0	0	0	0	636	0	0	0	0	0	0	0	0	0	2778	136	762	0	0	0	0	0	0	0	0	0	988	0	0	0	212	0	160	0	224	0	0	0	0	0	2484	0	72	0	84	0	0	0	340	0	280	0	166	0	14690	0	1356	0	15952	0	0	0	5566	0	646	0	258	216	138	0	0	0	0	0	0	0	1374	0	4264	0	0	0	6044	0	0	0	1536	0	0	0	0	0	0	0	0	0	0	0	0	0	0	0	0	0	0	0	0	0	0	0	0	0	0	
96496	Angular_L	640	0	0	0	0	0	0	0	0	0	0	0	0	0	0	0	0	0	0	0	0	0	0	0	0	0	0	0	0	0	0	0	376	0	0	0	0	0	0	0	0	0	392	0	138	0	0	0	202	0	18400	0	90	0	86	0	730	0	504	0	9712	0	4920	0	0	0	540	202	1454	0	0	0	0	0	0	0	0	0	0	0	1076	0	0	0	8072	0	0	0	714	0	0	0	0	0	0	0	0	0	0	0	0	0	0	0	0	0	0	0	0	0	0	0	0	0	0	0	
99808	Angular_R	0	0	0	0	0	0	0	0	0	0	0	0	0	0	0	0	0	0	0	0	0	0	0	0	0	0	0	0	0	168	0	0	0	74	0	0	0	0	0	0	0	0	0	1366	0	440	0	68	0	2272	0	10522	0	378	0	378	0	398	0	2456	0	13106	0	5566	0	0	0	636	0	114	0	0	0	0	0	0	0	0	0	302	0	2822	0	0	0	8654	0	0	0	184	0	0	0	0	0	0	0	0	0	0	0	0	0	0	0	0	0	0	0	0	0	0	0	0	0	0	
420356	Precuneus_L	2124	0	0	0	0	0	0	0	0	0	0	0	0	0	0	0	192	0	84	94	0	0	0	0	0	0	0	0	726	0	0	0	4332	1882	8328	1158	5702	74	3012	0	0	0	24378	5670	23926	10484	8072	812	21562	5968	24428	2008	1994	382	3512	838	2752	226	12782	70	1506	0	0	0	540	0	0	15306	7002	310	0	0	0	0	0	0	364	0	826	0	118	0	0	0	4034	256	0	0	2112	116	0	0	0	0	0	0	0	0	116	0	0	0	0	0	0	0	0	0	0	0	0	0	0	0	0	0	
478800	Precuneus_R	672	1008	0	0	0	0	0	0	0	0	0	0	0	0	0	0	0	0	0	1796	0	0	0	0	0	0	0	0	0	228	0	0	2028	12112	1468	10874	416	5318	216	2232	0	0	2556	31326	3290	32690	238	12362	1288	22648	2438	11842	0	4836	82	11782	0	10618	290	4340	122	1222	0	646	202	636	15306	0	762	8632	0	0	0	0	0	0	1640	468	0	350	0	490	0	0	150	8328	0	0	126	7680	66	0	0	0	0	0	0	742	0	204	0	0	0	0	0	0	0	0	0	0	336	202	96	0	0	0	
280728	Paracentral_Lobule_L	28966	8644	1290	656	0	0	0	0	0	0	62	0	0	0	0	0	334	0	12662	9138	0	0	0	0	0	0	0	0	854	74	0	0	6896	5536	7518	3300	1242	2054	322	250	0	0	2886	76	2234	0	596	180	776	0	9684	0	130	0	244	182	2334	72	1448	0	1006	0	152	0	1454	0	7002	762	0	1526	544	0	266	0	1088	0	4770	1898	468	0	998	0	0	0	4952	166	0	0	2136	410	0	0	0	0	0	0	0	126	0	0	0	0	0	0	0	0	0	0	0	0	0	0	0	0	0	0	
139936	Paracentral_Lobule_R	2156	6210	0	82	0	0	0	0	0	0	0	0	0	0	0	0	0	0	122	9152	0	0	0	0	0	0	0	0	0	180	0	0	326	11944	574	5748	0	574	0	290	0	0	0	3302	0	1602	0	942	0	1444	0	1934	0	786	0	964	0	8152	0	62	0	180	0	258	0	114	310	8632	1526	0	0	0	0	0	0	0	0	0	0	0	0	0	0	0	0	1262	0	0	0	1140	0	0	0	0	0	0	0	0	0	0	0	0	0	0	0	0	0	0	0	0	0	0	0	0	0	0	
232416	Caudate_L	4268	1434	3168	1468	1820	144	2384	894	148	0	1724	784	208	0	1518	150	810	128	8068	1886	7476	8714	734	444	406	256	4630	1522	2820	682	6050	4760	0	612	0	360	90	292	188	62	88	0	0	0	0	0	0	0	0	0	0	0	0	0	0	130	430	540	0	0	0	80	0	216	0	0	0	0	544	0	0	14676	17156	2852	1578	152	4930	1290	0	0	0	0	330	0	0	0	0	0	0	114	0	0	0	0	0	0	0	0	0	0	0	0	0	0	0	0	0	0	0	0	0	0	0	0	0	0	
342352	Caudate_R	1564	9248	2676	14630	312	2066	1460	978	0	0	974	2596	102	996	224	218	534	656	4234	16570	3070	7114	554	6942	82	1888	1332	2378	1000	3814	4002	20958	172	2990	0	0	0	98	0	64	0	0	0	0	0	0	0	0	0	0	0	0	0	0	0	0	74	220	0	0	0	78	0	138	0	0	0	0	0	0	14676	0	5658	17122	344	1724	1424	12950	0	0	0	0	148	124	0	0	0	0	0	0	0	0	0	0	0	0	0	0	0	0	0	0	0	0	0	0	0	0	0	0	0	0	0	0	0	0	
294800	Putamen_L	7654	922	9250	270	2520	0	2750	496	1150	0	3722	538	1486	0	1848	0	3330	0	12090	446	2550	4560	4972	0	88	62	1428	752	22556	286	3924	1224	0	112	62	0	8038	240	3060	0	728	0	0	0	0	0	0	0	0	0	0	0	0	0	1746	84	2580	244	0	0	176	0	0	0	0	0	0	0	266	0	17156	5658	0	1572	7744	0	1970	866	564	0	1056	0	228	0	514	0	0	0	1774	88	0	0	0	0	0	0	0	0	0	0	0	0	0	0	0	0	0	0	0	0	0	0	0	0	0	0	
279308	Putamen_R	76	404	1354	12812	78	4800	0	2278	0	334	196	3572	0	2872	0	1062	84	2058	2176	6794	870	3494	186	7012	76	2196	426	2648	150	16976	1708	15186	142	2052	0	0	0	10332	0	4606	0	690	0	0	0	0	0	224	0	0	0	0	0	0	0	2870	0	408	0	0	0	0	0	0	0	0	0	0	0	0	2852	17122	1572	0	102	1676	0	298	0	124	0	1172	0	208	0	214	0	0	0	1112	0	0	0	0	0	0	0	0	0	0	0	0	0	0	0	0	0	0	0	0	0	0	0	0	0	0	
55004	Pallidum_L	2826	228	5362	0	0	0	818	80	0	0	0	0	0	0	0	0	502	0	3194	0	0	236	0	0	0	0	0	0	1116	0	0	0	0	0	0	0	172	0	0	0	0	0	0	0	0	0	0	0	0	0	0	0	0	0	0	0	106	0	0	0	70	0	0	0	0	0	0	0	1088	0	1578	344	7744	102	0	0	1660	90	186	0	0	0	0	0	0	0	0	0	0	0	0	0	0	0	0	0	0	0	0	0	0	0	0	0	0	0	0	0	0	0	0	0	0	0	0	0	
14524	Pallidum_R	0	202	0	1168	0	0	0	398	0	0	0	0	0	0	0	0	0	0	0	1388	0	0	0	0	0	0	0	0	0	0	0	0	0	0	0	0	0	124	0	114	0	0	0	0	0	0	0	0	0	0	0	0	0	0	0	62	0	0	0	0	0	0	0	0	0	0	0	0	0	0	152	1724	0	1676	0	0	0	254	0	0	0	0	0	0	0	0	0	0	0	0	0	0	0	0	0	0	0	0	0	0	0	0	0	0	0	0	0	0	0	0	0	0	0	0	0	0	
211336	Thalamus_L	20004	3952	4356	0	0	0	124	66	0	0	0	0	0	0	0	0	602	0	1014	0	0	0	0	0	0	0	0	0	1052	286	0	0	0	0	7912	10884	7564	8226	1486	872	0	0	0	0	0	0	770	848	0	0	0	0	0	0	348	660	552	0	0	0	0	0	0	0	0	0	364	1640	4770	0	4930	1424	1970	0	1660	0	0	14602	0	0	0	0	0	0	0	582	0	0	0	1604	0	0	0	0	0	0	0	452	0	0	0	0	0	0	0	0	0	0	0	0	92	0	0	0	0	0	
194668	Thalamus_R	3942	20104	250	5272	0	0	0	1656	0	0	0	560	0	0	0	0	0	0	888	1800	0	0	0	0	0	0	0	0	0	390	0	124	0	0	4660	7716	3254	8108	80	1174	0	0	0	0	0	0	0	488	0	0	0	0	0	0	0	854	0	0	0	0	0	0	0	0	0	0	0	468	1898	0	1290	12950	866	298	90	254	14602	0	0	0	0	90	0	0	0	822	0	0	0	1966	0	0	0	0	0	0	0	420	0	0	0	0	0	0	0	0	0	0	0	0	0	0	0	0	0	0	
97892	Heschl_L	2254	0	166	0	0	0	0	0	0	0	128	0	0	0	0	0	4324	0	550	0	0	0	0	0	0	0	0	0	10634	0	0	0	0	0	340	0	1734	0	168	0	0	0	852	0	472	0	144	0	250	0	4340	0	1538	0	2676	0	1546	0	0	0	0	0	66	0	0	0	826	0	468	0	0	0	564	0	186	0	0	0	0	0	2672	0	0	0	7394	0	0	0	4654	0	0	0	0	0	0	0	0	0	0	0	0	0	0	0	0	0	0	0	0	0	0	0	0	0	0	0	
51816	Heschl_R	0	70	0	66	0	0	0	0	0	0	0	232	0	0	0	194	0	2074	0	94	0	0	0	0	0	0	0	0	0	4948	0	0	0	72	0	76	0	770	0	252	0	0	0	598	0	0	0	0	0	0	0	230	0	278	0	474	0	198	0	0	0	208	0	1374	0	302	0	350	0	0	0	0	0	124	0	0	0	0	0	0	0	9030	0	446	0	2186	0	0	0	1262	0	0	0	0	0	0	0	0	0	0	0	0	0	0	0	0	0	0	0	0	0	0	0	0	0	0	
204584	Temporal_Sup_L	2420	0	364	0	0	0	92	0	0	0	1384	0	122	0	1338	0	7242	0	598	0	0	0	1322	0	0	0	0	0	10038	0	0	0	90	0	0	0	1036	0	96	0	0	0	140	0	66	0	0	0	0	0	1184	0	66	0	4908	0	1868	0	76	0	1700	0	7048	0	1076	0	118	0	998	0	0	0	1056	0	0	0	0	0	2672	0	0	0	6396	0	29550	0	0	0	16964	0	0	0	0	0	0	0	0	0	264	0	0	0	0	0	0	0	0	0	0	0	0	0	0	0	0	0	
132460	Temporal_Sup_R	0	122	0	80	0	0	0	0	0	0	0	310	0	64	0	3222	0	3648	0	148	0	0	0	0	0	0	0	0	0	12752	0	118	0	134	0	132	0	2312	0	396	0	0	0	932	0	64	0	78	0	0	0	868	0	586	0	1486	0	222	0	0	0	706	0	4264	0	2822	0	490	0	0	0	0	0	1172	0	0	0	90	0	9030	0	0	0	2998	0	12936	0	138	0	3910	0	0	0	0	0	0	0	0	0	0	0	0	0	0	0	0	0	0	0	0	0	0	0	0	0	0	
106124	Temporal_Pole_Sup_L	180	0	650	0	2480	0	220	0	1220	0	586	0	420	0	6450	0	1162	0	196	0	454	228	194	0	0	0	610	70	4758	0	196	138	0	0	0	0	826	0	446	0	638	0	0	0	0	0	0	0	0	0	0	0	0	0	3400	0	0	0	0	0	0	0	0	0	0	0	0	0	0	0	330	148	228	0	0	0	0	0	0	0	6396	0	0	0	8032	0	2912	0	9494	0	0	0	0	0	0	0	0	0	0	0	0	0	0	0	0	0	0	0	0	0	0	0	0	0	0	0	
72128	Temporal_Pole_Sup_R	0	0	0	154	0	0	0	0	0	0	0	532	0	0	0	2614	0	766	146	196	0	0	0	120	0	0	0	0	0	3772	0	128	0	148	0	0	0	442	0	2914	0	2164	0	0	0	0	0	0	0	0	0	0	0	0	0	7182	0	0	0	0	0	0	0	0	0	0	0	0	0	0	0	124	0	208	0	0	0	0	0	446	0	2998	0	0	0	2806	0	4232	0	3972	0	0	0	0	0	0	0	0	0	0	0	0	0	0	0	0	0	0	0	0	0	0	0	0	0	0	
431512	Temporal_Mid_L	4160	0	0	0	0	0	0	0	0	0	436	0	68	0	0	0	2996	0	0	0	0	0	848	0	0	0	0	0	6544	0	0	0	1380	94	240	0	604	0	248	0	0	0	7198	0	1968	0	720	0	1016	0	36006	0	3482	0	7350	0	3298	0	1606	0	4338	0	5738	0	8072	0	4034	150	4952	0	0	0	514	0	0	0	0	0	7394	0	29550	0	8032	0	0	0	1800	0	60560	0	66	0	0	0	0	0	62	0	232	0	0	0	0	0	0	0	0	0	0	0	0	0	0	0	0	0	
301696	Temporal_Mid_R	226	638	0	90	0	0	0	70	0	0	0	0	0	0	0	662	0	996	0	184	0	0	0	0	0	0	0	0	0	4268	0	82	0	600	536	1054	474	3594	0	552	0	0	270	15800	68	1924	0	1248	0	1234	0	17864	0	7442	0	4012	0	3338	0	796	0	7528	0	6044	0	8654	256	8328	166	1262	0	0	0	214	0	0	582	822	0	2186	0	12936	0	2806	0	0	0	814	0	30228	0	0	0	0	0	0	0	0	0	0	0	0	0	0	0	0	0	0	0	0	0	0	0	0	0	0	
14332	Temporal_Pole_Mid_L	0	0	0	0	0	0	0	0	0	0	0	0	0	0	0	0	0	0	0	0	0	0	0	0	0	0	0	0	0	0	0	0	0	0	0	0	0	0	0	0	0	0	0	0	0	0	0	0	0	0	0	0	0	0	164	0	0	0	0	0	0	0	0	0	0	0	0	0	0	0	0	0	0	0	0	0	0	0	0	0	0	0	2912	0	1800	0	0	0	2290	0	0	0	0	0	0	0	0	0	0	0	0	0	0	0	0	0	0	0	0	0	0	0	0	0	0	0	
27748	Temporal_Pole_Mid_R	0	0	0	0	0	0	0	0	0	0	0	0	0	0	0	0	0	0	0	0	0	0	0	0	0	0	0	0	0	0	0	0	0	0	0	0	0	0	0	1882	0	518	0	0	0	0	0	0	0	0	0	0	0	0	0	3668	0	0	0	0	0	0	0	0	0	0	0	0	0	0	0	0	0	0	0	0	0	0	0	0	0	138	0	4232	0	814	0	0	0	2622	0	0	0	0	0	0	0	0	0	0	0	0	0	0	0	0	0	0	0	0	0	0	0	0	0	0	
379072	Temporal_Inf_L	2292	0	70	0	0	0	0	0	0	0	478	0	0	0	70	0	2472	0	232	0	0	0	382	0	0	0	0	0	6976	0	0	0	846	68	62	0	5982	0	924	0	738	0	4174	0	704	0	376	0	454	0	18754	0	5066	0	23288	0	2112	0	1098	0	1632	0	800	0	714	0	2112	126	2136	0	0	0	1774	0	0	0	0	0	4654	0	16964	0	9494	0	60560	0	2290	0	0	0	3850	0	658	0	0	0	360	0	2492	0	512	0	670	0	120	0	0	0	0	0	0	0	0	0	0	0	
288136	Temporal_Inf_R	562	3168	0	274	0	0	0	156	0	0	0	64	0	0	0	140	0	906	0	348	0	0	0	0	0	0	0	0	0	2104	0	118	0	578	1554	4552	1412	15704	0	4714	0	1564	190	5036	0	788	0	1560	0	620	0	1484	0	7148	0	25196	0	2488	0	484	0	1254	0	1536	0	184	116	7680	410	1140	114	0	88	1112	0	0	1604	1966	0	1262	0	3910	0	3972	0	30228	0	2622	0	0	0	1482	0	0	0	0	0	94	0	280	0	0	0	102	0	0	0	0	0	0	0	0	0	0	0	0	
470916	Cerebelum_Crus1_L	0	0	0	0	0	0	0	0	0	0	0	0	0	0	0	0	0	0	0	0	0	0	0	0	0	0	0	0	0	0	0	0	0	0	0	0	182	0	140	0	0	0	66	226	0	78	4356	2852	0	192	298	130	1148	388	24602	1212	0	0	0	0	0	0	0	0	0	0	0	66	0	0	0	0	0	0	0	0	0	0	0	0	0	0	0	0	66	0	0	0	3850	0	0	2876	30814	1946	1386	782	20802	1632	56146	4750	15372	78	18822	1466	4398	1154	330	0	1120	1962	7030	9406	6300	2012	3248	1774	
370180	Cerebelum_Crus1_R	0	0	0	0	0	0	0	0	0	0	0	0	0	0	0	0	0	0	0	0	0	0	0	0	0	0	0	0	0	0	0	0	0	0	0	0	0	128	0	190	0	0	0	116	0	0	280	3820	0	70	0	0	0	236	234	17200	0	0	0	0	0	0	0	0	0	0	0	0	0	0	0	0	0	0	0	0	0	0	0	0	0	0	0	0	0	0	0	0	0	1482	2876	0	2582	26980	72	4046	1906	16442	2582	47806	1076	2856	1154	19604	582	3580	126	284	0	1662	6942	6288	8674	1618	1596	0	
344220	Cerebelum_Crus2_L	0	0	0	0	0	0	0	0	0	0	0	0	0	0	0	0	0	0	0	0	0	0	0	0	0	0	0	0	0	0	0	0	0	0	0	0	0	0	0	0	0	0	0	98	0	0	374	1006	0	86	0	0	0	144	2618	394	0	0	0	0	0	0	0	0	0	0	0	0	0	0	0	0	0	0	0	0	0	0	0	0	0	0	0	0	0	0	0	0	658	0	30814	2582	0	12154	344	546	2516	618	8264	2324	35044	5240	27816	4766	4934	948	190	124	648	820	2056	3834	12786	4122	2412	830	
257816	Cerebelum_Crus2_R	0	0	0	0	0	0	0	0	0	0	0	0	0	0	0	0	0	0	0	0	0	0	0	0	0	0	0	0	0	0	0	0	0	0	0	0	0	0	0	0	0	0	0	0	0	0	66	286	0	0	0	0	0	0	0	526	0	0	0	0	0	0	0	0	0	0	0	0	0	0	0	0	0	0	0	0	0	0	0	0	0	0	0	0	0	0	0	0	0	0	1946	26980	12154	0	0	824	162	876	534	4730	6866	19520	3928	29166	498	2664	74	138	0	270	288	928	11508	2628	1348	0	
44664	Cerebelum_3_L	0	0	0	0	0	0	0	0	0	0	0	0	0	0	0	0	0	0	0	0	0	0	0	0	0	0	0	0	0	0	0	0	0	0	0	0	0	0	196	0	0	0	0	0	0	0	252	200	0	0	0	0	0	0	498	0	0	0	0	0	0	0	0	0	0	0	0	0	0	0	0	0	0	0	0	0	0	0	0	0	0	0	0	0	0	0	0	0	0	0	1386	72	344	0	0	278	6760	152	3028	250	0	0	0	0	452	0	0	0	1216	3338	2030	654	0	414	502	310	
85232	Cerebelum_3_R	0	0	0	0	0	0	0	0	0	0	0	0	0	0	0	0	0	0	0	0	0	0	0	0	0	0	0	0	0	0	0	0	0	0	0	0	74	0	270	94	0	0	0	0	0	0	172	1454	0	0	0	0	0	0	84	436	0	0	0	0	0	0	0	0	0	0	0	0	0	0	0	0	0	0	0	0	0	0	0	0	0	0	0	0	0	0	0	0	0	0	782	4046	546	824	278	0	1606	5894	1332	5976	160	0	284	1020	782	1548	338	0	306	4126	1436	1916	1976	2020	2520	316	
310152	Cerebelum_4_5_L	0	0	0	0	0	0	0	0	0	0	0	0	0	0	0	0	0	0	0	0	0	0	0	0	0	0	0	0	0	0	0	0	0	0	0	0	304	0	452	0	0	0	238	0	0	0	6952	2134	0	0	280	0	1022	0	17476	630	0	0	0	0	0	0	0	0	0	0	0	0	0	0	0	0	0	0	0	0	0	0	0	0	0	0	0	0	62	0	0	0	360	0	20802	1906	2516	162	6760	1606	0	3140	40086	4212	158	0	326	184	3846	1358	832	0	2046	5356	15926	6064	334	1522	3262	2762	
230596	Cerebelum_4_5_R	186	70	0	0	0	0	0	0	0	0	0	0	0	0	0	0	0	0	0	0	0	0	0	0	0	0	0	0	0	0	0	0	0	0	248	502	166	2448	0	4548	0	0	0	176	0	0	368	8960	0	0	0	0	0	0	414	10350	0	0	0	0	0	0	0	0	0	0	0	742	126	0	0	0	0	0	0	0	452	420	0	0	0	0	0	0	0	0	0	0	0	94	1632	16442	618	876	152	5894	3140	0	2274	27870	260	0	318	1080	596	1208	82	156	0	2156	13200	1456	1854	1470	2018	276	
498648	Cerebelum_6_L	0	0	0	0	0	0	0	0	0	0	0	0	0	0	0	0	0	0	0	0	0	0	0	0	0	0	0	0	156	0	0	0	0	0	0	0	852	0	458	0	76	0	570	76	116	0	11206	4410	90	0	1486	0	3426	118	36706	1200	0	0	0	0	0	0	0	0	0	0	116	0	0	0	0	0	0	0	0	0	0	0	0	0	264	0	0	0	232	0	0	0	2492	0	56146	2582	8264	534	3028	1332	40086	2274	0	7074	4592	0	5288	342	5176	2288	1380	0	1528	3030	12348	15820	2878	2544	4178	2562	
392520	Cerebelum_6_R	0	0	0	0	0	0	0	0	0	0	0	0	0	0	0	0	0	0	0	0	0	0	0	0	0	0	0	0	0	0	0	0	0	0	0	0	0	260	0	376	0	0	64	820	0	214	904	10584	0	566	236	424	288	1450	922	22330	0	0	0	0	0	0	0	0	0	0	0	204	0	0	0	0	0	0	0	0	0	0	0	0	0	0	0	0	0	0	0	0	0	280	4750	47806	2324	4730	250	5976	4212	27870	7074	0	898	798	1108	4848	2126	1646	658	324	0	2562	13520	12908	6954	1322	1674	0	
250240	Cerebelum_7b_L	0	0	0	0	0	0	0	0	0	0	0	0	0	0	0	0	0	0	0	0	0	0	0	0	0	0	0	0	0	0	0	0	0	0	0	0	0	0	0	0	0	0	0	0	0	0	0	204	0	0	0	0	0	0	1912	0	0	0	0	0	0	0	0	0	0	0	0	0	0	0	0	0	0	0	0	0	0	0	0	0	0	0	0	0	0	0	0	0	512	0	15372	1076	35044	6866	0	160	158	260	4592	898	0	4424	29334	4332	4250	468	408	110	0	0	218	730	7936	4886	970	0	
116712	Cerebelum_7b_R	0	0	0	0	0	0	0	0	0	0	0	0	0	0	0	0	0	0	0	0	0	0	0	0	0	0	0	0	0	0	0	0	0	0	0	0	0	0	0	0	0	0	0	0	0	0	0	0	0	0	0	0	0	0	0	0	0	0	0	0	0	0	0	0	0	0	0	0	0	0	0	0	0	0	0	0	0	0	0	0	0	0	0	0	0	0	0	0	0	0	78	2856	5240	19520	0	0	0	0	0	798	4424	0	2690	15394	170	1112	0	0	0	0	0	0	3464	2472	138	0	
268260	Cerebelum_8_L	0	0	0	0	0	0	0	0	0	0	0	0	0	0	0	0	0	0	0	0	0	0	0	0	0	0	0	0	0	0	0	0	0	0	0	0	0	0	0	0	0	0	0	0	0	0	0	220	0	0	0	0	0	0	2482	0	0	0	0	0	0	0	0	0	0	0	0	0	0	0	0	0	0	0	0	0	0	0	0	0	0	0	0	0	0	0	0	0	670	0	18822	1154	27816	3928	0	284	326	318	5288	1108	29334	2690	0	5702	12520	1984	1130	260	110	102	318	1098	6168	7224	3004	70	
230912	Cerebelum_8_R	0	0	0	0	0	0	0	0	0	0	0	0	0	0	0	0	0	0	0	0	0	0	0	0	0	0	0	0	0	0	0	0	0	0	0	0	0	0	0	0	0	0	0	0	0	0	0	96	0	0	0	0	0	0	0	420	0	0	0	0	0	0	0	0	0	0	0	0	0	0	0	0	0	0	0	0	0	0	0	0	0	0	0	0	0	0	0	0	0	102	1466	19604	4766	29166	0	1020	184	1080	342	4848	4332	15394	5702	0	1180	9736	114	844	234	278	270	364	6508	5046	2360	0	
133220	Cerebelum_9_L	0	0	0	0	0	0	0	0	0	0	0	0	0	0	0	0	0	0	0	0	0	0	0	0	0	0	0	0	0	0	0	0	0	0	0	0	0	0	0	0	0	0	0	0	0	0	0	802	0	0	0	0	0	0	514	214	0	0	0	0	0	0	0	0	0	0	0	0	0	0	0	0	0	0	0	0	0	0	0	0	0	0	0	0	0	0	0	0	120	0	4398	582	4934	498	452	782	3846	596	5176	2126	4250	170	12520	1180	0	3100	3730	104	200	638	2204	3966	1544	3184	4206	574	
119392	Cerebelum_9_R	0	0	0	0	0	0	0	0	0	0	0	0	0	0	0	0	0	0	0	0	0	0	0	0	0	0	0	0	0	0	0	0	0	0	0	0	0	0	0	0	0	0	0	0	0	0	0	0	0	0	0	0	0	0	254	68	0	0	0	0	0	0	0	0	0	0	0	0	0	0	0	0	0	0	0	0	0	0	0	0	0	0	0	0	0	0	0	0	0	0	1154	3580	948	2664	0	1548	1358	1208	2288	1646	468	1112	1984	9736	3100	0	288	2124	794	632	1462	3860	3370	5096	7354	1600	
26960	Cerebelum_10_L	0	0	0	0	0	0	0	0	0	0	0	0	0	0	0	0	0	0	0	0	0	0	0	0	0	0	0	0	0	0	0	0	0	0	0	0	0	0	0	0	0	0	0	0	0	0	0	178	0	0	0	0	0	0	0	0	0	0	0	0	0	0	0	0	0	0	0	0	0	0	0	0	0	0	0	0	0	0	0	0	0	0	0	0	0	0	0	0	0	0	330	126	190	74	0	338	832	82	1380	658	408	0	1130	114	3730	288	0	0	74	258	510	1308	140	492	708	132	
12720	Cerebelum_10_R	0	0	0	0	0	0	0	0	0	0	0	0	0	0	0	0	0	0	0	0	0	0	0	0	0	0	0	0	0	0	0	0	0	0	0	0	0	0	0	0	0	0	0	0	0	0	0	0	0	0	0	0	0	0	0	0	0	0	0	0	0	0	0	0	0	0	0	0	0	0	0	0	0	0	0	0	0	0	0	0	0	0	0	0	0	0	0	0	0	0	0	284	124	138	0	0	0	156	0	324	110	0	260	844	104	2124	0	0	0	0	0	140	358	522	872	0	
37364	Vermis_1_2	0	0	0	0	0	0	0	0	0	0	0	0	0	0	0	0	0	0	0	0	0	0	0	0	0	0	0	0	0	0	0	0	0	0	0	0	0	0	74	0	0	0	0	0	0	0	0	0	0	0	0	0	0	0	142	0	0	0	0	0	0	0	0	0	0	0	0	0	0	0	0	0	0	0	0	0	0	0	0	0	0	0	0	0	0	0	0	0	0	0	1120	0	648	0	1216	306	2046	0	1528	0	0	0	110	234	200	794	74	0	0	4242	1924	1264	142	846	1188	584	
89616	Vermis_3	0	0	0	0	0	0	0	0	0	0	0	0	0	0	0	0	0	0	0	0	0	0	0	0	0	0	0	0	0	0	0	0	0	0	0	0	206	0	406	0	0	0	0	0	0	0	402	314	0	0	0	0	0	0	246	0	0	0	0	0	0	0	0	0	0	0	0	0	0	0	0	0	0	0	0	0	0	0	0	0	0	0	0	0	0	0	0	0	0	0	1962	1662	820	270	3338	4126	5356	2156	3030	2562	0	0	102	278	638	632	258	0	4242	0	4644	2190	654	1412	2074	828	
240628	Vermis_4_5	0	0	0	0	0	0	0	0	0	0	0	0	0	0	0	0	0	0	0	0	0	0	0	0	0	0	0	0	0	0	0	0	0	0	80	272	66	194	0	0	0	0	80	232	0	0	1942	6942	0	0	0	0	156	100	2864	5016	0	0	0	0	0	0	0	0	0	0	0	336	0	0	0	0	0	0	0	0	92	0	0	0	0	0	0	0	0	0	0	0	0	0	7030	6942	2056	288	2030	1436	15926	13200	12348	13520	218	0	318	270	2204	1462	510	0	1924	4644	0	7070	542	1622	3516	2866	
