data	data	534096	334976	1.22593e+06	876788	221976	115076	632276	283844	142260	32536	268244	303948	322404	233856	210468	112780	252000	132384	825952	799788	94500	108200	413376	406916	90184	122340	56804	59880	787240	470700	440004	584176	233176	598140	147344	175736	268940	250748	106176	161276	34576	68160	231384	297680	202800	303704	234588	216548	214428	283860	484424	234716	150508	122500	422384	367184	264324	264048	132036	115400	209824	185300	143344	160236	196572	119824	410556	528176	232924	306736	460756	443476	465844	388528	54960	29236	139396	187312	123868	24284	338280	162888	76640	82340	305844	191784	22464	26104	289104	192676	409292	386784	302548	319828	52216	51964	372632	241872	407740	386964	205624	129696	289608	241856	154996	91372	25868	10012	21512	72016	316708	186556	166352	142884	68200	29688	
data	data	Precentral_L	Precentral_R	Frontal_Sup_L	Frontal_Sup_R	Frontal_Sup_Orb_L	Frontal_Sup_Orb_R	Frontal_Mid_L	Frontal_Mid_R	Frontal_Mid_Orb_L	Frontal_Mid_Orb_R	Frontal_Inf_Oper_L	Frontal_Inf_Oper_R	Frontal_Inf_Tri_L	Frontal_Inf_Tri_R	Frontal_Inf_Orb_L	Frontal_Inf_Orb_R	Rolandic_Oper_L	Rolandic_Oper_R	Supp_Motor_Area_L	Supp_Motor_Area_R	Olfactory_L	Olfactory_R	Frontal_Sup_Medial_L	Frontal_Sup_Medial_R	Frontal_Med_Orb_L	Frontal_Med_Orb_R	Rectus_L	Rectus_R	Insula_L	Insula_R	Cingulum_Ant_L	Cingulum_Ant_R	Cingulum_Mid_L	Cingulum_Mid_R	Cingulum_Post_L	Cingulum_Post_R	Hippocampus_L	Hippocampus_R	ParaHippocampal_L	ParaHippocampal_R	Amygdala_L	Amygdala_R	Calcarine_L	Calcarine_R	Cuneus_L	Cuneus_R	Lingual_L	Lingual_R	Occipital_Sup_L	Occipital_Sup_R	Occipital_Mid_L	Occipital_Mid_R	Occipital_Inf_L	Occipital_Inf_R	Fusiform_L	Fusiform_R	Postcentral_L	Postcentral_R	Parietal_Sup_L	Parietal_Sup_R	Parietal_Inf_L	Parietal_Inf_R	SupraMarginal_L	SupraMarginal_R	Angular_L	Angular_R	Precuneus_L	Precuneus_R	Paracentral_Lobule_L	Paracentral_Lobule_R	Caudate_L	Caudate_R	Putamen_L	Putamen_R	Pallidum_L	Pallidum_R	Thalamus_L	Thalamus_R	Heschl_L	Heschl_R	Temporal_Sup_L	Temporal_Sup_R	Temporal_Pole_Sup_L	Temporal_Pole_Sup_R	Temporal_Mid_L	Temporal_Mid_R	Temporal_Pole_Mid_L	Temporal_Pole_Mid_R	Temporal_Inf_L	Temporal_Inf_R	Cerebelum_Crus1_L	Cerebelum_Crus1_R	Cerebelum_Crus2_L	Cerebelum_Crus2_R	Cerebelum_3_L	Cerebelum_3_R	Cerebelum_4_5_L	Cerebelum_4_5_R	Cerebelum_6_L	Cerebelum_6_R	Cerebelum_7b_L	Cerebelum_7b_R	Cerebelum_8_L	Cerebelum_8_R	Cerebelum_9_L	Cerebelum_9_R	Cerebelum_10_L	Cerebelum_10_R	Vermis_1_2	Vermis_3	Vermis_4_5	Vermis_6	Vermis_7	Vermis_8	Vermis_9	Vermis_10	
534096	Precentral_L	0	2756	18972	3108	0	0	31752	596	0	0	17284	684	4042	256	0	0	10900	186	11018	19818	0	0	222	0	0	0	0	0	10500	626	130	0	924	16240	2666	1794	1984	110	108	0	0	0	1664	0	256	0	0	0	270	0	7614	0	1632	0	3120	0	26100	1234	786	0	4216	0	1342	0	1096	0	2204	540	12484	10810	6096	760	1606	450	1050	172	9204	208	4454	0	4510	98	146	0	4098	0	0	0	2006	146	0	0	0	0	0	0	0	0	0	0	0	0	0	0	0	0	0	0	0	0	0	0	0	0	0	0	
334976	Precentral_R	2756	0	3708	11948	104	0	1854	12718	0	0	156	8272	0	424	0	0	516	1704	2974	6416	0	0	840	0	0	0	0	0	1122	2530	1892	768	290	6036	1456	2662	224	682	248	0	0	0	0	1706	160	2944	0	230	134	1560	0	692	166	748	572	428	422	23832	0	0	0	4272	106	5242	0	0	340	6742	1006	14238	4860	3788	1822	2190	0	0	258	7026	0	0	316	1904	0	0	0	4094	0	0	0	3018	0	0	0	0	122	0	100	0	0	0	0	0	0	0	0	0	0	0	0	0	150	0	0	0	0	0	
1.22593e+06	Frontal_Sup_L	18972	3708	0	17094	14596	100	84342	4934	4260	0	11818	5246	28100	2418	8656	0	13770	510	93270	21714	0	0	51234	7592	3064	308	0	0	52950	3312	26414	7848	6270	4996	0	0	8522	664	712	242	0	402	0	0	0	0	158	0	0	0	166	0	0	0	3000	0	4288	226	0	0	144	234	476	264	0	0	146	0	6774	184	16036	3428	31326	2366	4976	214	11634	1020	2830	0	10686	0	1264	148	452	0	0	0	2486	0	0	0	0	0	0	0	0	0	0	0	0	0	0	0	0	0	0	0	0	0	0	0	0	0	0	0	
876788	Frontal_Sup_R	3108	11948	17094	0	96	4892	2610	33766	0	526	300	8396	334	8600	0	2958	162	2996	26994	70604	120	302	8772	44236	106	2824	0	524	1212	14786	7080	36676	2174	19106	0	0	504	3758	202	1604	0	108	0	0	0	0	0	0	0	0	0	0	0	0	0	920	0	608	0	0	0	398	0	482	0	0	0	0	676	182	5652	29790	3512	25726	338	2140	1314	23768	0	0	352	714	0	1608	0	158	0	154	0	0	0	0	0	0	246	0	178	0	0	0	0	0	0	0	0	0	0	0	0	0	0	0	0	0	0	0	
221976	Frontal_Sup_Orb_L	0	104	14596	96	0	166	3846	150	18872	0	488	124	5794	0	12842	0	96	0	1530	0	1654	242	2928	636	7094	800	6270	182	10686	0	4718	198	0	0	0	0	0	0	0	0	0	0	0	0	0	0	0	0	0	0	0	0	0	0	0	0	0	0	0	0	0	0	0	0	0	0	0	0	0	0	3520	298	12224	0	0	0	0	0	0	0	206	0	628	0	0	0	0	0	0	0	0	0	0	0	0	0	0	0	0	0	0	0	0	0	0	0	0	0	0	0	0	0	0	0	0	0	
115076	Frontal_Sup_Orb_R	0	0	100	4892	166	0	0	1698	0	4366	0	156	0	424	0	6210	0	0	0	138	520	1188	210	4122	862	8940	344	5006	0	3286	1088	2810	0	122	0	0	0	98	0	0	0	0	0	0	0	0	0	0	0	0	0	0	0	0	0	0	0	0	0	0	0	0	0	0	0	0	0	0	0	0	638	3908	304	5710	0	118	0	0	0	0	0	0	0	114	0	0	0	0	0	0	0	0	0	0	0	0	0	0	0	0	0	0	0	0	0	0	0	0	0	0	0	0	0	0	0	0	
632276	Frontal_Mid_L	31752	1854	84342	2610	3846	0	0	2130	5206	0	12318	978	33736	182	8736	0	7476	0	6510	1944	0	0	17940	1352	198	0	0	0	33906	130	5248	1250	3588	1426	0	0	4178	0	152	0	0	0	0	0	0	0	0	0	0	0	1674	0	156	0	1162	0	7894	0	134	0	1974	0	1050	0	334	0	798	110	142	0	5772	702	2988	134	310	0	2128	0	5870	0	8390	0	172	0	476	0	0	0	780	0	0	0	0	0	0	0	0	0	0	0	0	0	0	0	0	0	0	0	0	0	0	0	0	0	0	0	
283844	Frontal_Mid_R	596	12718	4934	33766	150	1698	2130	0	0	1688	194	8014	0	11970	124	4056	148	1056	5488	3746	0	0	1846	6972	0	120	0	0	1674	4076	4158	7736	220	2772	0	0	0	976	0	248	0	0	0	0	0	0	0	0	0	0	0	0	0	0	0	222	0	258	0	0	0	412	0	516	0	0	0	0	0	96	6174	2108	1618	5296	0	124	0	852	0	0	378	246	0	348	0	0	0	0	0	0	0	0	0	0	0	0	0	0	0	0	0	0	0	0	0	0	0	0	0	0	0	0	0	0	0	0	
142260	Frontal_Mid_Orb_L	0	0	4260	0	18872	0	5206	0	0	0	0	0	3444	0	16984	0	0	0	250	0	180	0	0	0	1488	0	4208	0	5710	0	414	0	0	0	0	0	0	0	0	0	0	0	0	0	0	0	0	0	0	0	0	0	0	0	0	0	0	0	0	0	0	0	0	0	0	0	0	0	0	0	1408	0	8186	0	0	0	0	0	0	0	0	0	520	0	0	0	0	0	0	0	0	0	0	0	0	0	0	0	0	0	0	0	0	0	0	0	0	0	0	0	0	0	0	0	0	0	
32536	Frontal_Mid_Orb_R	0	0	0	526	0	4366	0	1688	0	0	0	0	0	1630	0	6462	0	0	0	0	0	0	0	140	0	214	0	0	0	960	0	0	0	0	0	0	0	0	0	0	0	0	0	0	0	0	0	0	0	0	0	0	0	0	0	0	0	0	0	0	0	0	0	0	0	0	0	0	0	0	0	0	0	282	0	0	0	0	0	0	0	0	0	0	0	0	0	0	0	0	0	0	0	0	0	0	0	0	0	0	0	0	0	0	0	0	0	0	0	0	0	0	0	0	0	0	
268244	Frontal_Inf_Oper_L	17284	156	11818	300	488	0	12318	194	0	0	0	3140	14300	1518	462	0	10870	320	6294	298	0	0	2586	236	110	0	0	0	18408	2734	3024	502	542	112	0	0	234	0	0	0	0	0	0	0	0	0	0	0	0	0	634	0	0	0	126	0	4336	0	0	0	638	0	598	0	108	0	480	0	0	0	8674	256	1304	358	0	0	0	0	1368	0	4288	0	2324	138	244	0	0	0	0	0	0	0	0	0	0	0	0	0	0	0	0	0	0	0	0	0	0	0	0	0	0	0	0	0	0	0	
303948	Frontal_Inf_Oper_R	684	8272	5246	8396	124	156	978	8014	0	0	3140	0	378	14628	0	702	306	8008	6064	5660	0	0	958	2856	0	158	0	0	2784	22312	4560	8274	416	4210	0	0	0	410	0	0	0	0	0	498	208	1116	0	0	182	560	0	0	0	180	0	184	276	1448	0	0	0	688	0	758	0	0	326	2136	0	826	8346	5330	1882	4148	0	0	0	244	0	0	422	900	0	2712	0	412	0	354	0	144	0	0	0	0	0	0	0	0	0	0	0	0	0	0	0	0	0	0	0	0	0	0	0	0	0	0	
322404	Frontal_Inf_Tri_L	4042	0	28100	334	5794	0	33736	0	3444	0	14300	378	0	200	19928	0	2024	0	3158	130	0	0	6334	470	694	0	0	0	28080	328	3674	398	824	280	0	0	0	0	0	0	0	0	0	0	0	0	0	0	0	0	0	0	0	0	0	0	652	0	0	0	0	0	150	0	0	0	0	0	0	0	820	0	694	0	0	0	0	0	196	0	1220	0	820	0	0	0	0	0	0	0	0	0	0	0	0	0	0	0	0	0	0	0	0	0	0	0	0	0	0	0	0	0	0	0	0	0	
233856	Frontal_Inf_Tri_R	256	424	2418	8600	0	424	182	11970	0	1630	1518	14628	200	0	0	10554	122	752	3988	4738	0	0	1268	7192	0	106	0	0	816	21050	1258	8446	108	3712	0	0	0	170	0	0	0	0	0	0	0	0	0	0	0	0	0	0	0	0	0	0	158	0	0	0	0	0	0	0	0	0	0	0	0	0	2474	4578	490	2282	0	0	0	0	0	0	102	194	0	120	0	0	0	0	0	0	0	0	0	0	0	0	0	0	0	0	0	0	0	0	0	0	0	0	0	0	0	0	0	0	0	0	
210468	Frontal_Inf_Orb_L	0	0	8656	0	12842	0	8736	124	16984	0	462	0	19928	0	0	0	96	0	1650	0	1778	0	980	0	134	0	930	0	17638	0	286	0	438	0	0	0	488	0	122	0	282	0	0	0	0	0	0	0	0	0	0	0	0	0	98	0	0	0	0	0	0	0	0	0	0	0	0	0	0	0	688	0	9344	0	0	0	0	0	0	0	156	0	2394	0	0	0	0	0	0	0	0	0	0	0	0	0	0	0	0	0	0	0	0	0	0	0	0	0	0	0	0	0	0	0	0	0	
112780	Frontal_Inf_Orb_R	0	0	0	2958	0	6210	0	4056	0	6462	0	702	0	10554	0	0	0	0	308	294	0	1110	0	1300	0	672	0	1830	0	11824	246	1816	0	338	0	0	0	238	0	118	0	0	0	0	0	0	0	0	0	0	0	0	0	0	0	134	0	0	0	0	0	0	0	0	0	0	0	0	0	0	0	1896	0	3172	0	0	0	0	0	0	0	0	0	152	0	0	0	0	0	0	0	0	0	0	0	0	0	0	0	0	0	0	0	0	0	0	0	0	0	0	0	0	0	0	0	0	
252000	Rolandic_Oper_L	10900	516	13770	162	96	0	7476	148	0	0	10870	306	2024	122	96	0	0	0	7808	506	0	0	632	0	0	0	0	0	22788	256	618	234	174	140	0	0	564	0	108	0	0	0	0	0	0	0	442	0	0	0	396	0	162	0	2060	0	8382	0	0	0	244	0	2538	0	0	0	358	0	2034	330	3310	134	1858	214	0	0	0	0	4378	0	13832	0	1220	0	2064	0	0	0	1730	0	0	0	0	0	0	0	0	0	0	0	0	0	0	0	0	0	0	0	0	0	0	0	0	0	0	0	
132384	Rolandic_Oper_R	186	1704	510	2996	0	0	0	1056	0	0	320	8008	0	752	0	0	0	0	704	2382	0	0	240	212	0	0	0	0	342	12212	1276	1468	164	1284	0	0	0	860	0	0	0	0	0	530	96	732	0	0	0	484	0	122	0	192	0	196	0	4398	0	0	0	0	0	1766	0	0	156	1664	0	496	618	296	120	3588	0	186	0	868	0	1694	0	5954	0	4254	0	594	0	360	0	152	0	0	0	0	0	0	0	0	0	0	0	0	0	0	0	0	0	0	0	0	0	0	0	0	0	0	
825952	Supp_Motor_Area_L	11018	2974	93270	26994	1530	0	6510	5488	250	0	6294	6064	3158	3988	1650	308	7808	704	0	49886	0	0	9808	4662	176	0	0	0	20312	5162	10084	11672	11776	18966	638	552	3644	674	412	224	0	278	0	0	0	0	112	0	0	0	138	0	0	0	1800	98	1492	232	0	0	94	236	254	266	0	0	552	0	15652	278	11432	6018	22842	4234	3384	198	6710	832	556	0	5550	0	900	366	328	0	0	0	1488	0	0	0	0	0	0	0	0	0	0	0	0	0	0	0	0	0	0	0	0	0	0	0	0	0	0	0	
799788	Supp_Motor_Area_R	19818	6416	21714	70604	0	138	1944	3746	0	0	298	5660	130	4738	0	294	506	2382	49886	0	0	150	2768	8726	0	158	0	0	1198	6470	3190	16328	5850	52112	1440	2128	646	806	298	238	0	120	0	1256	0	238	0	218	0	112	0	254	0	320	0	588	402	1784	0	0	0	378	0	464	0	0	154	2008	13150	22820	6584	23508	3244	8582	406	1390	2132	14092	0	0	472	860	0	1058	0	1028	0	124	0	1252	0	0	0	0	116	0	0	0	0	0	0	0	0	0	0	0	0	0	0	0	0	0	0	0	0	0	
94500	Olfactory_L	0	0	0	120	1654	520	0	0	180	0	0	0	0	0	1778	0	0	0	0	0	0	5950	0	168	1462	1416	2044	1274	2090	0	4240	2262	0	0	0	0	480	0	466	0	568	0	0	0	0	0	0	0	0	0	0	0	0	0	0	0	0	0	0	0	0	0	0	0	0	0	0	0	0	0	8670	3438	5938	802	456	0	0	0	0	0	0	0	1074	0	200	0	0	0	0	0	0	0	0	0	0	0	0	0	0	0	0	0	0	0	0	0	0	0	0	0	0	0	0	0	0	0	
108200	Olfactory_R	0	0	0	302	242	1188	0	0	0	0	0	0	0	0	0	1110	0	0	0	150	5950	0	0	232	962	3374	842	3804	0	2176	3960	5516	0	0	0	0	0	226	0	274	0	294	0	0	0	0	0	0	0	0	0	0	0	0	0	0	0	0	0	0	0	0	0	0	0	0	0	0	0	0	8204	7728	4676	2078	0	604	0	0	0	0	0	0	0	208	0	0	0	0	0	0	0	0	0	0	0	0	0	0	0	0	0	0	0	0	0	0	0	0	0	0	0	0	0	0	0	0	
413376	Frontal_Sup_Medial_L	222	840	51234	8772	2928	210	17940	1846	0	0	2586	958	6334	1268	980	0	632	240	9808	2768	0	0	0	19848	2486	1388	0	0	7642	876	27574	12616	7308	11238	114	576	204	0	0	0	0	0	0	0	0	0	0	0	0	0	0	0	0	0	202	0	0	0	0	0	0	0	0	0	0	0	0	0	0	0	2564	328	930	148	0	0	0	0	0	0	780	0	98	0	0	0	0	0	202	0	0	0	0	0	0	0	0	0	0	0	0	0	0	0	0	0	0	0	0	0	0	0	0	0	0	0	
406916	Frontal_Sup_Medial_R	0	0	7592	44236	636	4122	1352	6972	0	140	236	2856	470	7192	0	1300	0	212	4662	8726	168	232	19848	0	1690	5964	0	438	926	7558	9650	33164	712	18812	0	0	0	144	0	0	0	0	0	0	0	0	0	0	0	0	0	0	0	0	0	0	0	0	0	0	0	0	0	0	0	0	0	0	0	0	446	6510	184	5738	0	0	0	0	0	0	112	216	0	242	0	0	0	0	0	0	0	0	0	0	0	0	0	0	0	0	0	0	0	0	0	0	0	0	0	0	0	0	0	0	0	0	
90184	Frontal_Med_Orb_L	0	0	3064	106	7094	862	198	0	1488	0	110	0	694	0	134	0	0	0	176	0	1462	962	2486	1690	0	3084	3474	512	1450	0	7720	882	0	0	0	0	0	0	0	0	0	0	0	0	0	0	0	0	0	0	0	0	0	0	0	0	0	0	0	0	0	0	0	0	0	0	0	0	0	0	3674	678	2676	192	224	0	0	0	0	0	0	0	0	0	0	0	0	0	0	0	0	0	0	0	0	0	0	0	0	0	0	0	0	0	0	0	0	0	0	0	0	0	0	0	0	0	
122340	Frontal_Med_Orb_R	0	0	308	2824	800	8940	0	120	0	214	0	158	0	106	0	672	0	0	0	158	1416	3374	1388	5964	3084	0	510	4956	0	842	3842	7574	0	156	0	0	0	0	0	0	0	0	0	0	0	0	0	0	0	0	0	0	0	0	0	0	0	0	0	0	0	0	0	0	0	0	0	0	0	0	1456	5952	950	4884	0	326	0	0	0	0	0	96	0	100	0	0	0	0	0	0	0	0	0	0	0	0	0	0	0	0	0	0	0	0	0	0	0	0	0	0	0	0	0	0	0	0	
56804	Rectus_L	0	0	0	0	6270	344	0	0	4208	0	0	0	0	0	930	0	0	0	0	0	2044	842	0	0	3474	510	0	746	256	0	2438	338	0	0	0	0	0	0	0	0	0	0	0	0	0	0	0	0	0	0	0	0	0	0	0	0	0	0	0	0	0	0	0	0	0	0	0	0	0	0	3224	574	1904	140	0	0	0	0	0	0	0	0	160	0	0	0	0	0	0	0	0	0	0	0	0	0	0	0	0	0	0	0	0	0	0	0	0	0	0	0	0	0	0	0	0	0	
59880	Rectus_R	0	0	0	524	182	5006	0	0	0	0	0	0	0	0	0	1830	0	0	0	0	1274	3804	0	438	512	4956	746	0	0	1856	428	1724	0	0	0	0	0	0	0	0	0	0	0	0	0	0	0	0	0	0	0	0	0	0	0	0	0	0	0	0	0	0	0	0	0	0	0	0	0	0	1408	3234	648	1370	0	0	0	0	0	0	0	0	0	0	0	0	0	0	0	0	0	0	0	0	0	0	0	0	0	0	0	0	0	0	0	0	0	0	0	0	0	0	0	0	0	0	
787240	Insula_L	10500	1122	52950	1212	10686	0	33906	1674	5710	0	18408	2784	28080	816	17638	0	22788	342	20312	1198	2090	0	7642	926	1450	0	256	0	0	1732	7996	1524	866	500	0	0	15088	0	1526	0	2286	0	0	0	0	0	514	0	0	0	1178	0	248	0	12128	0	3114	0	0	0	1122	0	2832	0	462	0	710	0	1518	156	10624	598	19550	366	0	0	794	0	10988	0	27796	0	7778	122	5132	0	168	0	11560	0	0	0	0	0	0	0	0	0	154	0	0	0	0	0	0	0	0	0	0	0	0	0	0	0	0	0	
470700	Insula_R	626	2530	3312	14786	0	3286	130	4076	0	960	2734	22312	328	21050	0	11824	256	12212	5162	6470	0	2176	876	7558	0	842	0	1856	1732	0	2314	13252	338	4898	0	138	0	5388	0	1690	0	660	0	430	0	362	0	140	0	146	0	112	0	238	0	4950	256	772	0	0	0	102	0	198	0	0	0	956	0	170	5662	9770	1292	29398	0	0	0	2176	0	1976	196	6858	0	5530	0	2046	0	558	0	5284	0	0	0	0	0	0	0	0	0	0	0	0	0	0	0	0	0	0	0	0	0	0	0	0	0	0	
440004	Cingulum_Ant_L	130	1892	26414	7080	4718	1088	5248	4158	414	0	3024	4560	3674	1258	286	246	618	1276	10084	3190	4240	3960	27574	9650	7720	3842	2438	428	7996	2314	0	26134	6684	6024	0	0	408	0	0	0	0	0	0	0	0	0	0	0	0	0	0	0	0	0	400	0	0	198	0	0	0	254	0	334	0	0	0	0	0	0	13418	4306	8362	1944	362	0	0	0	0	0	954	0	0	300	0	0	0	0	400	0	0	0	0	0	0	0	0	0	0	0	0	0	0	0	0	0	0	0	0	0	0	0	0	0	0	0	
584176	Cingulum_Ant_R	0	768	7848	36676	198	2810	1250	7736	0	0	502	8274	398	8446	0	1816	234	1468	11672	16328	2262	5516	12616	33164	882	7574	338	1724	1524	13252	26134	0	3890	26650	270	482	0	672	0	186	0	0	0	0	0	0	0	0	0	0	0	0	0	0	0	170	0	210	0	0	0	356	0	482	0	0	0	0	0	0	4092	23984	1794	15128	0	482	0	336	0	0	334	454	0	706	0	0	0	0	0	0	0	0	0	0	0	0	0	0	0	0	0	0	0	0	0	0	0	0	0	0	0	0	0	0	0	0	
233176	Cingulum_Mid_L	924	290	6270	2174	0	0	3588	220	0	0	542	416	824	108	438	0	174	164	11776	5850	0	0	7308	712	0	0	0	0	866	338	6684	3890	0	16136	2566	2028	0	0	0	0	0	0	1378	480	3602	1120	0	0	4130	528	5264	188	96	0	0	0	458	336	302	0	534	160	242	178	1802	0	10158	3304	5406	554	0	246	0	406	0	0	0	0	0	0	194	96	0	0	766	0	0	0	374	0	0	0	0	0	0	0	0	0	0	0	0	0	0	0	0	0	0	0	0	0	0	0	0	0	0	0	
598140	Cingulum_Mid_R	16240	6036	4996	19106	0	122	1426	2772	0	0	112	4210	280	3712	0	338	140	1284	18966	52112	0	0	11238	18812	0	156	0	0	500	4898	6024	26650	16136	0	4886	8972	0	256	0	0	0	0	0	2994	124	1386	0	692	96	1308	0	586	0	342	150	352	0	4284	0	0	0	532	0	536	0	0	1370	7716	9414	26608	942	2780	170	1658	0	0	190	98	0	0	0	804	0	316	0	1612	0	0	0	1394	0	0	0	0	0	0	0	0	0	0	0	0	0	0	0	0	0	0	0	0	236	0	0	0	0	0	
147344	Cingulum_Post_L	2666	1456	0	0	0	0	0	0	0	0	0	0	0	0	0	0	0	0	638	1440	0	0	114	0	0	0	0	0	0	0	0	270	2566	4886	0	15810	3320	1588	584	0	0	0	1344	132	922	0	666	446	724	0	2354	0	1280	582	2550	608	818	1750	0	0	0	0	0	0	0	0	7002	4620	5878	3156	0	0	0	0	0	0	0	624	0	0	0	0	0	0	1462	0	0	0	334	934	0	0	0	0	0	0	0	0	0	0	0	0	0	0	0	0	0	0	0	0	148	0	0	0	0	0	
175736	Cingulum_Post_R	1794	2662	0	0	0	0	0	0	0	0	0	0	0	0	0	0	0	0	552	2128	0	0	576	0	0	0	0	0	0	138	0	482	2028	8972	15810	0	2814	1640	410	102	0	0	106	2782	504	1244	158	3394	198	640	0	676	444	1768	1234	1236	170	2694	0	0	0	0	0	0	0	0	2960	12750	2740	5660	0	0	0	0	0	0	0	518	0	0	0	0	0	0	0	300	0	0	0	2550	0	0	0	0	0	0	0	0	0	0	0	0	0	0	0	0	0	0	0	0	3034	0	0	0	0	0	
268940	Hippocampus_L	1984	224	8522	504	0	0	4178	0	0	0	234	0	0	0	488	0	564	0	3644	646	480	0	204	0	0	0	0	0	15088	0	408	0	0	0	3320	2814	0	2420	14186	356	6850	422	270	0	0	0	1900	472	0	0	0	0	0	0	16548	0	302	0	0	0	0	0	146	0	0	0	1216	992	1086	144	670	0	11062	0	1116	0	5320	1558	3724	0	3940	0	2418	0	490	0	126	0	10704	0	432	0	154	0	250	124	682	0	572	0	0	0	0	0	0	0	0	0	190	326	0	0	0	0	0	0	
250748	Hippocampus_R	110	682	664	3758	0	98	0	976	0	0	0	410	0	170	0	238	0	860	674	806	0	226	0	144	0	0	0	0	0	5388	0	672	0	256	1588	1640	2420	0	456	26532	230	11102	0	0	0	0	0	3506	0	0	0	0	0	744	118	25466	0	168	0	0	0	0	0	0	0	0	210	2618	258	172	166	642	638	11136	378	278	632	6424	0	154	0	842	0	782	0	544	0	0	0	5010	0	220	0	98	0	270	0	3132	0	468	0	0	0	100	0	0	0	0	0	0	100	0	0	0	0	0	
106176	ParaHippocampal_L	108	248	712	202	0	0	152	0	0	0	0	0	0	0	122	0	108	0	412	298	466	0	0	0	0	0	0	0	1526	0	0	0	0	0	584	410	14186	456	0	0	2716	110	136	0	0	0	2126	214	0	0	0	0	0	0	7150	0	0	0	0	0	0	0	116	0	0	0	690	270	166	158	400	0	2748	0	516	0	1110	496	0	0	350	0	1274	0	214	0	930	0	888	0	2040	0	572	0	486	132	3420	0	2890	0	0	0	0	0	140	0	0	0	260	380	0	0	0	0	0	0	
161276	ParaHippocampal_R	0	0	242	1604	0	0	0	248	0	0	0	0	0	0	0	118	0	0	224	238	0	274	0	0	0	0	0	0	0	1690	0	186	0	0	0	102	356	26532	0	0	128	9086	0	122	0	0	0	3510	0	0	0	0	0	698	0	18374	0	0	0	0	0	0	0	0	0	0	0	1200	96	0	0	210	220	5442	172	214	142	2170	0	0	0	114	0	1770	0	0	0	184	0	472	0	310	0	98	0	176	0	3184	0	628	0	0	0	104	0	0	0	0	0	0	0	0	0	0	0	0	
34576	Amygdala_L	0	0	0	0	0	0	0	0	0	0	0	0	0	0	282	0	0	0	0	0	568	0	0	0	0	0	0	0	2286	0	0	0	0	0	0	0	6850	230	2716	128	0	174	0	0	0	0	0	0	0	0	0	0	0	0	1774	0	0	0	0	0	0	0	0	0	0	0	0	0	0	0	136	0	454	0	0	0	0	0	0	0	0	0	1190	0	98	0	0	0	266	0	0	0	0	0	0	0	136	0	0	0	0	0	0	0	0	0	0	0	0	0	0	0	0	0	0	0	
68160	Amygdala_R	0	0	402	108	0	0	0	0	0	0	0	0	0	0	0	0	0	0	278	120	0	294	0	0	0	0	0	0	0	660	0	0	0	0	0	0	422	11102	110	9086	174	0	0	0	0	0	0	0	0	0	0	0	0	0	0	5190	0	0	0	0	0	0	0	0	0	0	0	0	214	0	0	0	540	814	310	0	294	98	0	0	0	0	0	1646	0	0	0	108	0	564	0	0	0	0	0	162	0	1384	0	0	0	0	0	0	0	0	0	0	0	0	0	0	0	0	0	0	
231384	Calcarine_L	1664	0	0	0	0	0	0	0	0	0	0	0	0	0	0	0	0	0	0	0	0	0	0	0	0	0	0	0	0	0	0	0	1378	0	1344	106	270	0	136	0	0	0	0	5976	14826	4638	8834	1994	8388	2058	24084	546	5978	0	2050	156	1102	0	110	0	0	0	0	0	330	0	16874	1694	2520	0	0	0	0	0	0	0	0	0	0	0	0	0	0	0	4924	0	0	0	422	0	98	424	0	102	0	0	276	134	242	524	0	0	0	0	0	0	0	0	0	0	964	526	0	0	0	0	
297680	Calcarine_R	0	1706	0	0	0	0	0	0	0	0	0	498	0	0	0	0	0	530	0	1256	0	0	0	0	0	0	0	0	0	430	0	0	480	2994	132	2782	0	0	0	122	0	0	5976	0	7000	19540	2038	14300	242	15462	0	10246	0	12248	0	4048	0	2062	0	352	0	568	0	302	0	394	1682	27852	290	7460	0	0	0	0	0	0	0	0	0	0	0	152	0	0	0	2526	0	0	0	2426	0	0	0	0	0	0	0	0	0	0	0	0	0	0	0	0	0	0	0	0	744	0	0	0	0	0	
202800	Cuneus_L	256	160	0	0	0	0	0	0	0	0	0	208	0	0	0	0	0	96	0	0	0	0	0	0	0	0	0	0	0	0	0	0	3602	124	922	504	0	0	0	0	0	0	14826	7000	0	10580	1132	308	18280	4858	8908	1852	1024	110	0	256	128	176	2010	0	0	0	0	94	104	0	16616	5568	774	0	0	0	0	0	0	0	0	0	0	0	0	0	0	0	798	126	0	0	0	0	0	0	0	0	0	0	0	0	0	0	0	0	0	0	0	0	0	0	0	0	0	0	0	0	0	0	
303704	Cuneus_R	0	2944	0	0	0	0	0	0	0	0	0	1116	0	0	0	0	0	732	0	238	0	0	0	0	0	0	0	0	0	362	0	0	1120	1386	0	1244	0	0	0	0	0	0	4638	19540	10580	0	1146	2532	2112	32256	0	14118	0	1320	0	666	0	3176	320	2940	0	1712	0	850	0	986	8710	29500	0	2796	0	0	0	0	0	0	0	0	0	94	0	422	0	0	0	1812	0	0	0	278	0	0	0	0	0	0	0	0	0	0	0	0	0	0	0	0	0	0	0	0	206	0	0	0	0	0	
234588	Lingual_L	0	0	158	0	0	0	0	0	0	0	0	0	0	0	0	0	442	0	112	0	0	0	0	0	0	0	0	0	514	0	0	0	0	0	666	158	1900	0	2126	0	0	0	8834	2038	1132	1146	0	1920	2886	1260	10686	324	7334	0	14378	162	0	0	0	0	0	0	0	0	0	0	5130	322	120	0	0	0	0	0	0	0	238	0	0	0	294	0	0	0	0	0	0	0	0	0	12164	530	674	96	994	0	14974	278	17798	820	0	0	0	0	0	0	0	0	0	0	3314	1372	0	0	0	0	
216548	Lingual_R	0	230	0	0	0	0	0	0	0	0	0	0	0	0	0	0	0	0	0	218	0	0	0	0	0	0	0	0	0	140	0	0	0	692	446	3394	472	3506	214	3510	0	0	1994	14300	308	2532	1920	0	0	2730	0	1346	0	5138	206	14306	0	176	0	0	0	0	0	0	0	0	420	11786	0	434	0	0	0	0	0	0	0	1062	0	0	0	0	0	0	0	328	0	0	0	772	0	7460	0	652	0	222	198	5478	174	8582	0	0	0	0	0	0	0	0	0	0	5974	5508	1446	0	0	0	
214428	Occipital_Sup_L	270	134	0	0	0	0	0	0	0	0	0	182	0	0	0	0	0	0	0	0	0	0	0	0	0	0	0	0	0	0	0	0	4130	96	724	198	0	0	0	0	0	0	8388	242	18280	2112	2886	0	0	530	28656	346	1046	132	316	0	326	148	10316	102	2098	0	0	0	3548	0	16392	4260	384	0	0	0	0	0	0	0	0	0	0	0	0	0	0	0	840	0	0	0	132	0	0	0	0	0	0	0	0	0	0	0	0	0	0	0	0	0	0	0	0	0	0	0	0	0	0	0	
283860	Occipital_Sup_R	0	1560	0	0	0	0	0	0	0	0	0	560	0	0	0	0	0	484	0	112	0	0	0	0	0	0	0	0	0	146	0	0	528	1308	0	640	0	0	0	0	0	0	2058	15462	4858	32256	1260	2730	530	0	0	24890	0	2030	0	916	0	1802	0	8248	0	2798	0	674	0	5952	3580	20674	0	3562	0	0	0	0	0	0	0	0	0	0	0	254	0	0	0	1694	0	0	0	232	0	0	0	0	0	0	0	0	0	0	0	0	0	0	0	0	0	0	0	0	132	0	0	0	0	0	
484424	Occipital_Mid_L	7614	0	166	0	0	0	1674	0	0	0	634	0	0	0	0	0	396	0	138	0	0	0	0	0	0	0	0	0	1178	0	0	0	5264	0	2354	0	0	0	0	0	0	0	24084	0	8908	0	10686	0	28656	0	0	0	21184	0	6952	0	7076	0	12040	0	12978	0	1926	0	27446	0	26392	2642	4462	104	0	0	0	0	0	0	0	0	510	0	842	0	0	0	20604	0	0	0	4940	0	0	0	0	0	0	0	116	0	246	0	0	0	0	0	0	0	0	0	0	0	0	0	0	0	0	0	
234716	Occipital_Mid_R	0	692	0	0	0	0	0	0	0	0	0	0	0	0	0	0	0	122	0	254	0	0	0	0	0	0	0	0	0	112	0	0	188	586	0	676	0	0	0	0	0	0	546	10246	1852	14118	324	1346	346	24890	0	0	0	4378	0	1068	0	844	0	8090	0	5352	0	278	0	16986	1556	12724	0	1710	0	0	0	0	0	0	0	0	0	0	0	406	0	0	0	7122	0	0	0	438	0	0	0	0	0	0	0	0	0	0	0	0	0	0	0	0	0	0	0	0	108	0	0	0	0	0	
150508	Occipital_Inf_L	1632	166	0	0	0	0	156	0	0	0	0	0	0	0	0	0	162	0	0	0	0	0	0	0	0	0	0	0	248	0	0	0	96	0	1280	444	0	0	0	0	0	0	5978	0	1024	0	7334	0	1046	0	21184	0	0	0	13706	0	802	166	0	0	132	0	202	0	358	0	5606	520	818	112	0	0	0	0	0	0	0	0	390	0	440	0	0	0	4320	0	0	0	2624	0	290	0	0	0	0	0	1326	0	1914	0	0	0	0	0	0	0	0	0	0	0	540	238	0	0	0	0	
122500	Occipital_Inf_R	0	748	0	0	0	0	0	0	0	0	0	180	0	0	0	0	0	192	0	320	0	0	0	0	0	0	0	0	0	238	0	0	0	342	582	1768	0	744	0	698	0	0	0	12248	110	1320	0	5138	132	2030	0	4378	0	0	114	6614	0	766	0	0	0	200	0	152	0	186	322	9396	0	1676	0	0	0	0	0	0	0	0	0	0	0	100	0	0	0	2570	0	0	0	6738	0	164	0	0	0	0	0	0	0	274	0	0	0	0	0	0	0	0	0	0	614	196	0	0	0	0	
422384	Fusiform_L	3120	572	3000	0	0	0	1162	0	0	0	126	0	0	0	98	0	2060	0	1800	0	0	0	202	0	0	0	0	0	12128	0	400	0	0	150	2550	1234	16548	118	7150	0	1774	0	2050	0	0	0	14378	206	316	0	6952	0	13706	114	0	108	1044	530	0	0	1330	0	2414	0	770	0	4740	990	1198	348	0	0	2406	0	0	0	694	0	3786	0	6176	0	1264	0	5268	0	1816	0	23144	204	18362	242	2006	0	0	0	13064	166	23608	392	200	0	0	0	336	0	0	0	0	0	1966	706	0	0	0	0	
367184	Fusiform_R	0	428	0	920	0	0	0	222	0	0	0	184	0	0	0	134	0	196	98	588	0	0	0	0	0	0	0	0	0	4950	0	170	0	352	608	1236	0	25466	0	18374	0	5190	156	4048	256	666	162	14306	0	916	0	1068	0	6614	108	0	0	416	0	0	0	342	0	870	0	0	0	4400	0	580	0	200	0	2970	0	0	0	412	0	258	0	5022	0	5120	0	3100	0	2836	0	18598	106	14858	0	1420	0	424	246	8942	130	16064	0	156	0	588	0	0	0	0	0	114	4288	3120	596	0	0	0	
264324	Postcentral_L	26100	422	4288	0	0	0	7894	0	0	0	4336	276	652	158	0	0	8382	0	1492	402	0	0	0	0	0	0	0	0	3114	256	0	0	458	0	818	170	302	0	0	0	0	0	1102	0	128	0	0	0	326	0	7076	0	802	0	1044	0	0	0	6744	0	20936	0	6706	0	3332	0	4440	526	3342	324	2810	0	386	0	0	0	1800	0	2454	0	5178	0	0	0	1980	0	0	0	1206	0	0	0	0	0	0	0	0	0	0	0	0	0	0	0	0	0	0	0	0	0	0	0	0	0	0	0	
264048	Postcentral_R	1234	23832	226	608	0	0	0	258	0	0	0	1448	0	0	0	0	0	4398	232	1784	0	0	0	0	0	0	0	0	0	772	198	210	336	4284	1750	2694	0	168	0	0	0	0	0	2062	176	3176	0	176	148	1802	0	844	166	766	530	416	0	0	0	4526	0	17342	0	20558	0	666	456	9834	1576	10732	0	792	0	654	0	0	0	640	0	0	0	3122	0	0	0	3706	0	0	0	2580	0	0	0	0	0	0	0	0	0	0	0	0	0	0	0	0	0	0	0	0	146	0	0	0	0	0	
132036	Parietal_Sup_L	786	0	0	0	0	0	134	0	0	0	0	0	0	0	0	0	0	0	0	0	0	0	0	0	0	0	0	0	0	0	0	0	302	0	0	0	0	0	0	0	0	0	110	0	2010	320	0	0	10316	0	12040	0	0	0	0	0	6744	0	0	0	11780	0	98	0	7774	0	11670	1576	198	0	0	0	0	0	0	0	0	0	0	0	0	0	0	0	160	0	0	0	0	0	0	0	0	0	0	0	0	0	0	0	0	0	0	0	0	0	0	0	0	0	0	0	0	0	0	0	
115400	Parietal_Sup_R	0	0	0	0	0	0	0	0	0	0	0	0	0	0	0	0	0	0	0	0	0	0	0	0	0	0	0	0	0	0	0	0	0	0	0	0	0	0	0	0	0	0	0	352	0	2940	0	0	102	8248	0	8090	0	0	0	0	0	4526	0	0	0	8740	0	2032	0	9784	1464	9740	0	1100	0	0	0	0	0	0	0	0	0	0	0	184	0	0	0	398	0	0	0	0	0	0	0	0	0	0	0	0	0	0	0	0	0	0	0	0	0	0	0	0	0	0	0	0	0	0	
209824	Parietal_Inf_L	4216	0	144	0	0	0	1974	0	0	0	638	0	0	0	0	0	244	0	94	0	0	0	0	0	0	0	0	0	1122	0	0	0	534	0	0	0	0	0	0	0	0	0	0	0	0	0	0	0	2098	0	12978	0	132	0	1330	0	20936	0	11780	0	0	0	15284	0	20368	0	3056	440	164	0	0	0	0	0	0	0	0	0	426	0	720	0	0	0	4002	0	0	0	2232	0	0	0	0	0	0	0	0	0	0	0	0	0	0	0	0	0	0	0	0	0	0	0	0	0	0	0	
185300	Parietal_Inf_R	0	4272	234	398	0	0	0	412	0	0	0	688	0	0	0	0	0	0	236	378	0	0	0	0	0	0	0	0	0	102	254	356	160	532	0	0	0	0	0	0	0	0	0	568	0	1712	0	0	0	2798	0	5352	0	200	0	342	0	17342	0	8740	0	0	0	22548	0	12320	938	3982	0	1498	0	608	0	128	0	0	0	384	0	0	0	1162	0	0	0	3096	0	0	0	910	0	0	0	0	0	0	0	0	0	0	0	0	0	0	0	0	0	0	0	0	0	0	0	0	0	0	
143344	SupraMarginal_L	1342	106	476	0	0	0	1050	0	0	0	598	0	150	0	0	0	2538	0	254	0	0	0	0	0	0	0	0	0	2832	0	0	0	242	0	0	0	146	0	116	0	0	0	0	0	0	0	0	0	0	0	1926	0	202	0	2414	0	6706	0	98	0	15284	0	0	0	10492	0	930	186	250	0	100	0	0	0	0	0	0	0	730	0	8210	0	0	0	10408	0	0	0	3886	0	0	0	0	0	0	0	0	0	0	0	0	0	0	0	0	0	0	0	0	0	0	0	0	0	0	0	
160236	SupraMarginal_R	0	5242	264	482	0	0	0	516	0	0	0	758	0	0	0	0	0	1766	266	464	0	0	0	0	0	0	0	0	0	198	334	482	178	536	0	0	0	0	0	0	0	0	0	302	94	850	0	0	0	674	0	278	0	152	0	870	0	20558	0	2032	0	22548	0	0	0	4588	196	1808	0	732	0	844	0	142	0	0	0	640	0	188	0	5746	0	0	0	3898	0	0	0	1492	0	0	0	0	0	0	0	0	0	0	0	0	0	0	0	0	0	0	0	0	0	0	0	0	0	0	
196572	Angular_L	1096	0	0	0	0	0	334	0	0	0	108	0	0	0	0	0	0	0	0	0	0	0	0	0	0	0	0	0	462	0	0	0	1802	0	0	0	0	0	0	0	0	0	330	0	104	0	0	0	3548	0	27446	0	358	0	770	0	3332	0	7774	0	20368	0	10492	0	0	0	6264	904	230	0	0	0	0	0	0	0	0	0	270	0	2122	0	0	0	8596	0	0	0	1576	0	0	0	0	0	0	0	0	0	0	0	0	0	0	0	0	0	0	0	0	0	0	0	0	0	0	0	
119824	Angular_R	0	0	0	0	0	0	0	0	0	0	0	0	0	0	0	0	0	0	0	0	0	0	0	0	0	0	0	0	0	0	0	0	0	0	0	0	0	0	0	0	0	0	0	394	0	986	0	0	0	5952	0	16986	0	186	0	0	0	666	0	9784	0	12320	0	4588	0	0	278	1864	0	594	0	0	0	0	0	0	0	0	0	0	0	2366	0	0	0	2948	0	0	0	0	0	0	0	0	0	0	0	0	0	0	0	0	0	0	0	0	0	0	0	0	0	0	0	0	0	0	
410556	Precuneus_L	2204	340	146	0	0	0	798	0	0	0	480	326	0	0	0	0	358	156	552	154	0	0	0	0	0	0	0	0	710	0	0	0	10158	1370	7002	2960	1216	210	690	0	0	0	16874	1682	16616	8710	5130	420	16392	3580	26392	1556	5606	322	4740	0	4440	456	11670	1464	3056	938	930	196	6264	278	0	22924	4714	620	0	0	0	0	0	0	0	0	208	0	522	104	0	0	5486	252	0	0	1616	98	528	0	0	0	0	0	0	0	664	0	0	0	0	0	0	0	0	0	0	0	0	0	0	0	0	0	
528176	Precuneus_R	540	6742	0	0	0	0	110	0	0	0	0	2136	0	0	0	0	0	1664	0	2008	0	0	0	0	0	0	0	0	0	956	0	0	3304	7716	4620	12750	992	2618	270	1200	0	0	1694	27852	5568	29500	322	11786	4260	20674	2642	12724	520	9396	990	4400	526	9834	1576	9740	440	3982	186	1808	904	1864	22924	0	668	15222	0	0	0	0	0	0	0	640	0	276	0	732	0	0	1024	3966	0	0	316	3730	0	0	0	0	0	0	0	500	0	0	0	0	0	0	0	0	0	0	0	0	3276	0	0	0	0	0	
232924	Paracentral_Lobule_L	12484	1006	6774	676	0	0	142	0	0	0	0	0	0	0	0	0	2034	0	15652	13150	0	0	0	0	0	0	0	0	1518	0	0	0	5406	9414	5878	2740	1086	258	166	96	0	214	2520	290	774	0	120	0	384	0	4462	0	818	0	1198	0	3342	1576	198	0	164	0	250	0	230	0	4714	668	0	6476	488	0	2580	0	1290	0	1014	268	256	0	566	0	0	0	2356	0	0	0	766	0	0	0	0	0	0	0	0	0	0	0	0	0	0	0	0	0	0	0	0	0	0	0	0	0	0	0	
306736	Paracentral_Lobule_R	10810	14238	184	182	0	0	0	96	0	0	0	826	0	0	0	0	330	496	278	22820	0	0	0	0	0	0	0	0	156	170	0	0	554	26608	3156	5660	144	172	158	0	0	0	0	7460	0	2796	0	434	0	3562	104	1710	112	1676	348	580	324	10732	0	1100	0	1498	0	732	0	594	620	15222	6476	0	836	316	298	0	0	0	244	0	0	0	0	1398	0	0	0	3538	0	0	0	3350	0	0	0	0	0	0	0	0	0	0	0	0	0	0	0	0	0	0	0	0	270	0	0	0	0	0	
460756	Caudate_L	6096	4860	16036	5652	3520	638	5772	6174	1408	0	8674	8346	820	2474	688	0	3310	618	11432	6584	8670	8204	2564	446	3674	1456	3224	1408	10624	5662	13418	4092	0	942	0	0	670	166	400	0	136	0	0	0	0	0	0	0	0	0	0	0	0	0	0	0	2810	0	0	0	0	0	100	0	0	0	0	0	488	836	0	11730	31598	2928	3074	626	13994	464	266	0	1572	0	710	324	0	0	0	0	0	0	0	0	0	0	0	0	0	0	0	0	0	0	0	0	0	0	0	0	0	0	0	0	0	0	0	0	
443476	Caudate_R	760	3788	3428	29790	298	3908	702	2108	0	0	256	5330	0	4578	0	1896	134	296	6018	23508	3438	7728	328	6510	678	5952	574	3234	598	9770	4306	23984	246	2780	0	0	0	642	0	210	0	0	0	0	0	0	0	0	0	0	0	0	0	0	0	200	0	792	0	0	0	608	0	844	0	0	0	0	0	316	11730	0	5110	23522	0	3104	190	16696	0	0	0	344	0	506	0	0	0	0	0	0	0	0	0	0	0	0	0	0	0	0	0	0	0	0	0	0	0	0	0	0	0	0	0	0	0	0	
465844	Putamen_L	1606	1822	31326	3512	12224	304	2988	1618	8186	0	1304	1882	694	490	9344	0	1858	120	22842	3244	5938	4676	930	184	2676	950	1904	648	19550	1292	8362	1794	0	170	0	0	11062	638	2748	220	454	540	0	0	0	0	0	0	0	0	0	0	0	0	2406	0	386	0	0	0	0	0	0	0	0	0	0	0	2580	298	31598	5110	0	1256	7354	458	5732	670	496	0	1160	0	1140	0	366	0	0	0	1812	0	0	0	0	0	0	0	0	0	0	0	0	0	0	0	0	0	0	0	0	0	0	0	0	0	0	0	
388528	Putamen_R	450	2190	2366	25726	0	5710	134	5296	0	282	358	4148	0	2282	0	3172	214	3588	4234	8582	802	2078	148	5738	192	4884	140	1370	366	29398	1944	15128	406	1658	0	0	0	11136	0	5442	0	814	0	0	0	0	0	0	0	0	0	0	0	0	0	2970	0	654	0	0	0	128	0	142	0	0	0	0	0	0	2928	23522	1256	0	0	3742	188	5466	0	210	0	1182	0	1280	0	0	0	0	0	220	0	0	0	0	0	0	0	0	0	0	0	0	0	0	0	0	0	0	0	0	0	0	0	0	0	0	
54960	Pallidum_L	1050	0	4976	338	0	0	310	0	0	0	0	0	0	0	0	0	0	0	3384	406	456	0	0	0	224	0	0	0	0	0	362	0	0	0	0	0	1116	378	516	172	0	310	0	0	0	0	0	0	0	0	0	0	0	0	0	0	0	0	0	0	0	0	0	0	0	0	0	0	1290	0	3074	0	7354	0	0	0	1658	106	0	0	0	0	0	0	0	0	0	0	0	0	0	0	0	0	0	0	0	0	0	0	0	0	0	0	0	0	0	0	0	0	0	0	0	0	0	0	
29236	Pallidum_R	172	0	214	2140	0	118	0	124	0	0	0	0	0	0	0	0	0	186	198	1390	0	604	0	0	0	326	0	0	0	0	0	482	0	0	0	0	0	278	0	214	0	0	0	0	0	0	0	0	0	0	0	0	0	0	0	0	0	0	0	0	0	0	0	0	0	0	0	0	0	0	626	3104	458	3742	0	0	0	242	0	0	0	0	0	0	0	0	0	0	0	0	0	0	0	0	0	0	0	0	0	0	0	0	0	0	0	0	0	0	0	0	0	0	0	0	0	0	
139396	Thalamus_L	9204	258	11634	1314	0	0	2128	0	0	0	0	0	0	0	0	0	0	0	6710	2132	0	0	0	0	0	0	0	0	794	0	0	0	0	190	0	0	5320	632	1110	142	0	294	0	0	0	0	238	0	0	0	0	0	0	0	694	0	1800	0	0	0	0	0	0	0	0	0	0	0	1014	244	13994	190	5732	188	1658	0	0	1466	0	0	120	0	0	0	0	0	0	0	498	0	0	0	0	0	0	0	0	0	0	0	0	0	0	0	0	0	0	0	0	0	0	0	0	0	0	0	
187312	Thalamus_R	208	7026	1020	23768	0	0	0	852	0	0	0	244	0	0	0	0	0	868	832	14092	0	0	0	0	0	0	0	0	0	2176	0	336	0	98	624	518	1558	6424	496	2170	0	98	0	0	0	0	0	1062	0	0	0	0	0	0	0	412	0	640	0	0	0	384	0	640	0	0	0	640	268	0	464	16696	670	5466	106	242	1466	0	0	142	0	254	0	0	0	0	0	0	0	0	0	0	0	0	398	0	298	0	0	0	0	0	0	0	0	0	0	0	0	0	0	0	0	0	0	0	
123868	Heschl_L	4454	0	2830	0	0	0	5870	0	0	0	1368	0	196	0	0	0	4378	0	556	0	0	0	0	0	0	0	0	0	10988	0	0	0	0	0	0	0	3724	0	0	0	0	0	0	0	0	0	0	0	0	0	510	0	390	0	3786	0	2454	0	0	0	426	0	730	0	270	0	208	0	256	0	266	0	496	0	0	0	0	0	0	0	7430	0	0	0	4132	0	0	0	6120	0	96	0	0	0	0	0	0	0	0	0	0	0	0	0	0	0	0	0	0	0	0	0	0	0	0	0	
24284	Heschl_R	0	0	0	0	0	0	0	0	0	0	0	0	0	0	0	0	0	1694	0	0	0	0	0	0	0	0	0	0	0	1976	0	0	0	0	0	0	0	154	0	0	0	0	0	0	0	94	0	0	0	0	0	0	0	0	0	258	0	0	0	0	0	0	0	188	0	0	0	276	0	0	0	0	0	210	0	0	0	142	0	0	0	3444	0	0	0	2488	0	0	0	1218	0	0	0	0	0	0	0	0	0	0	0	0	0	0	0	0	0	0	0	0	0	0	0	0	0	0	
338280	Temporal_Sup_L	4510	316	10686	352	206	0	8390	378	0	0	4288	422	1220	102	156	0	13832	0	5550	472	0	0	780	112	0	0	0	0	27796	196	954	334	194	0	0	0	3940	0	350	0	0	0	0	0	0	0	294	0	0	0	842	0	440	0	6176	0	5178	0	0	0	720	0	8210	0	2122	0	522	0	566	0	1572	0	1160	0	0	0	120	0	7430	0	0	0	3160	0	24516	0	0	0	20286	0	194	0	0	0	0	0	0	0	96	0	0	0	0	0	0	0	0	0	0	0	0	0	0	0	0	0	
162888	Temporal_Sup_R	98	1904	0	714	0	0	0	246	0	0	0	900	0	194	0	0	0	5954	0	860	0	0	0	216	0	96	0	0	0	6858	0	454	96	804	0	0	0	842	0	114	0	0	0	152	0	422	0	0	0	254	0	406	0	100	0	5022	0	3122	0	184	0	1162	0	5746	0	2366	104	732	0	1398	0	344	0	1182	0	0	0	254	0	3444	0	0	0	3916	0	20622	0	686	0	9476	0	0	0	0	0	0	0	0	0	0	0	0	0	0	0	0	0	0	0	0	0	0	0	0	0	0	
76640	Temporal_Pole_Sup_L	146	0	1264	0	628	0	172	0	520	0	2324	0	820	0	2394	0	1220	0	900	0	1074	0	98	0	0	0	160	0	7778	0	0	0	0	0	0	0	2418	0	1274	0	1190	0	0	0	0	0	0	0	0	0	0	0	0	0	1264	0	0	0	0	0	0	0	0	0	0	0	0	0	0	0	710	0	1140	0	0	0	0	0	0	0	3160	0	0	0	3054	0	2234	0	2378	0	0	0	0	0	0	0	0	0	0	0	0	0	0	0	0	0	0	0	0	0	0	0	0	0	0	0	
82340	Temporal_Pole_Sup_R	0	0	148	1608	0	114	0	348	0	0	138	2712	0	120	0	152	0	4254	366	1058	0	208	0	242	0	100	0	0	122	5530	300	706	0	316	0	0	0	782	0	1770	0	1646	0	0	0	0	0	0	0	0	0	0	0	0	0	5120	0	0	0	0	0	0	0	0	0	0	0	0	0	0	324	506	0	1280	0	0	0	0	0	0	0	3916	0	0	0	1776	0	3926	0	1582	0	0	0	0	0	0	0	0	0	0	0	0	0	0	0	0	0	0	0	0	0	0	0	0	0	0	
305844	Temporal_Mid_L	4098	0	452	0	0	0	476	0	0	0	244	0	0	0	0	0	2064	0	328	0	200	0	0	0	0	0	0	0	5132	0	0	0	766	0	1462	0	490	0	214	0	98	0	4924	0	798	0	0	0	840	0	20604	0	4320	0	5268	0	1980	0	160	0	4002	0	10408	0	8596	0	5486	1024	2356	0	0	0	366	0	0	0	0	0	4132	0	24516	0	3054	0	0	0	2548	0	31322	0	194	0	0	0	0	0	0	0	0	0	0	0	0	0	0	0	0	0	0	0	0	0	0	0	0	0	
191784	Temporal_Mid_R	0	4094	0	158	0	0	0	0	0	0	0	412	0	0	0	0	0	594	0	1028	0	0	0	0	0	0	0	0	0	2046	0	0	0	1612	0	300	0	544	0	0	0	0	0	2526	126	1812	0	328	0	1694	0	7122	0	2570	0	3100	0	3706	0	398	0	3096	0	3898	0	2948	252	3966	0	3538	0	0	0	0	0	0	0	0	0	2488	0	20622	0	1776	0	0	0	2194	0	16944	0	0	0	0	0	0	0	0	0	0	0	0	0	0	0	0	0	0	0	0	0	0	0	0	0	0	
22464	Temporal_Pole_Mid_L	0	0	0	0	0	0	0	0	0	0	0	0	0	0	0	0	0	0	0	0	0	0	0	0	0	0	0	0	168	0	0	0	0	0	0	0	126	0	930	0	0	0	0	0	0	0	0	0	0	0	0	0	0	0	1816	0	0	0	0	0	0	0	0	0	0	0	0	0	0	0	0	0	0	0	0	0	0	0	0	0	0	0	2234	0	2548	0	0	0	3410	0	0	0	0	0	0	0	0	0	0	0	0	0	0	0	0	0	0	0	0	0	0	0	0	0	0	0	
26104	Temporal_Pole_Mid_R	0	0	0	154	0	0	0	0	0	0	0	354	0	0	0	0	0	360	0	124	0	0	0	0	0	0	0	0	0	558	0	0	0	0	0	0	0	0	0	184	0	108	0	0	0	0	0	0	0	0	0	0	0	0	0	2836	0	0	0	0	0	0	0	0	0	0	0	0	0	0	0	0	0	0	0	0	0	0	0	0	0	686	0	3926	0	2194	0	0	0	1568	0	0	0	0	0	0	0	0	0	0	0	0	0	0	0	0	0	0	0	0	0	0	0	0	0	0	
289104	Temporal_Inf_L	2006	0	2486	0	0	0	780	0	0	0	0	0	0	0	0	0	1730	0	1488	0	0	0	202	0	0	0	0	0	11560	0	400	0	374	0	334	0	10704	0	888	0	266	0	422	0	0	0	0	0	132	0	4940	0	2624	0	23144	0	1206	0	0	0	2232	0	3886	0	1576	0	1616	316	766	0	0	0	1812	0	0	0	498	0	6120	0	20286	0	2378	0	31322	0	3410	0	0	0	1970	0	194	0	0	0	168	0	316	0	0	0	0	0	0	0	0	0	0	0	0	0	0	0	0	0	
192676	Temporal_Inf_R	146	3018	0	0	0	0	0	0	0	0	0	144	0	0	0	0	0	152	0	1252	0	0	0	0	0	0	0	0	0	5284	0	0	0	1394	934	2550	0	5010	0	472	0	564	0	2426	0	278	0	772	0	232	0	438	0	6738	204	18598	0	2580	0	0	0	910	0	1492	0	0	98	3730	0	3350	0	0	0	220	0	0	0	0	0	1218	0	9476	0	1582	0	16944	0	1568	0	0	0	1380	0	0	0	0	0	0	0	492	0	0	0	0	0	0	0	0	0	0	692	0	0	0	0	0	
409292	Cerebelum_Crus1_L	0	0	0	0	0	0	0	0	0	0	0	0	0	0	0	0	0	0	0	0	0	0	0	0	0	0	0	0	0	0	0	0	0	0	0	0	432	0	2040	0	0	0	98	0	0	0	12164	0	0	0	0	0	290	0	18362	106	0	0	0	0	0	0	0	0	0	0	528	0	0	0	0	0	0	0	0	0	0	0	96	0	194	0	0	0	194	0	0	0	1970	0	0	2430	31832	4614	1288	0	33114	1320	58222	2208	7362	658	7346	440	1568	0	482	0	0	230	5614	4692	4206	412	134	0	
386784	Cerebelum_Crus1_R	0	0	0	0	0	0	0	0	0	0	0	0	0	0	0	0	0	0	0	0	0	0	0	0	0	0	0	0	0	0	0	0	0	0	0	0	0	220	0	310	0	0	424	0	0	0	530	7460	0	0	0	0	0	164	242	14858	0	0	0	0	0	0	0	0	0	0	0	0	0	0	0	0	0	0	0	0	0	0	0	0	0	0	0	0	0	0	0	0	0	1380	2430	0	1180	26018	336	2328	4320	21908	2692	52774	734	2190	1004	9758	350	760	0	296	136	2836	18378	11064	5016	916	200	180	
302548	Cerebelum_Crus2_L	0	0	0	0	0	0	0	0	0	0	0	0	0	0	0	0	0	0	0	0	0	0	0	0	0	0	0	0	0	0	0	0	0	0	0	0	154	0	572	0	0	0	0	0	0	0	674	0	0	0	0	0	0	0	2006	0	0	0	0	0	0	0	0	0	0	0	0	0	0	0	0	0	0	0	0	0	0	0	0	0	0	0	0	0	0	0	0	0	194	0	31832	1180	0	6040	540	0	9882	284	17304	760	28556	1962	25268	770	6804	180	1044	0	0	162	2474	3862	6910	1722	138	0	
319828	Cerebelum_Crus2_R	0	0	0	0	0	0	0	0	0	0	0	0	0	0	0	0	0	0	0	0	0	0	0	0	0	0	0	0	0	0	0	0	0	0	0	0	0	98	0	98	0	0	102	0	0	0	96	652	0	0	0	0	0	0	0	1420	0	0	0	0	0	0	0	0	0	0	0	0	0	0	0	0	0	0	0	0	0	0	0	0	0	0	0	0	0	0	0	0	0	0	4614	26018	6040	0	456	792	3900	7616	3204	17124	3812	15466	3928	21902	1608	3628	358	432	238	1616	9716	7580	11598	4932	536	334	
52216	Cerebelum_3_L	0	122	0	246	0	0	0	0	0	0	0	0	0	0	0	0	0	0	0	116	0	0	0	0	0	0	0	0	0	0	0	0	0	0	0	0	250	0	486	0	0	0	0	0	0	0	994	0	0	0	0	0	0	0	0	0	0	0	0	0	0	0	0	0	0	0	0	0	0	0	0	0	0	0	0	0	0	398	0	0	0	0	0	0	0	0	0	0	0	0	1288	336	540	456	0	0	7632	0	1630	334	398	120	1772	282	3112	0	0	0	710	1516	1462	278	450	572	446	162	
51964	Cerebelum_3_R	0	0	0	0	0	0	0	0	0	0	0	0	0	0	0	0	0	0	0	0	0	0	0	0	0	0	0	0	0	0	0	0	0	0	0	0	124	270	132	176	0	162	0	0	0	0	0	222	0	0	0	0	0	0	0	424	0	0	0	0	0	0	0	0	0	0	0	0	0	0	0	0	0	0	0	0	0	0	0	0	0	0	0	0	0	0	0	0	0	0	0	2328	0	792	0	0	0	6680	0	5558	0	0	0	384	0	1496	0	0	842	3932	490	0	0	742	1016	212	
372632	Cerebelum_4_5_L	0	100	0	178	0	0	0	0	0	0	0	0	0	0	0	0	0	0	0	0	0	0	0	0	0	0	0	0	0	0	0	0	0	0	0	0	682	0	3420	0	136	0	276	0	0	0	14974	198	0	0	116	0	1326	0	13064	246	0	0	0	0	0	0	0	0	0	0	0	0	0	0	0	0	0	0	0	0	0	298	0	0	0	0	0	0	0	0	0	0	168	0	33114	4320	9882	3900	7632	0	0	2324	41430	4868	3544	764	6988	2052	4550	232	0	0	202	1406	13202	4022	2720	2432	1066	484	
241872	Cerebelum_4_5_R	0	0	0	0	0	0	0	0	0	0	0	0	0	0	0	0	0	0	0	0	0	0	0	0	0	0	0	0	0	0	0	0	0	0	0	0	0	3132	0	3184	0	1384	134	0	0	0	278	5478	0	0	0	0	0	0	166	8942	0	0	0	0	0	0	0	0	0	0	0	500	0	0	0	0	0	0	0	0	0	0	0	0	0	0	0	0	0	0	0	0	0	0	1320	21908	284	7616	0	6680	2324	0	1622	30206	102	650	142	2336	0	1010	0	244	152	4500	14216	1360	498	148	420	0	
407740	Cerebelum_6_L	0	0	0	0	0	0	0	0	0	0	0	0	0	0	0	0	0	0	0	0	0	0	0	0	0	0	0	0	154	0	0	0	0	0	0	0	572	0	2890	0	0	0	242	0	0	0	17798	174	0	0	246	0	1914	0	23608	130	0	0	0	0	0	0	0	0	0	0	664	0	0	0	0	0	0	0	0	0	0	0	0	0	96	0	0	0	0	0	0	0	316	0	58222	2692	17304	3204	1630	0	41430	1622	0	2774	3106	360	4134	588	742	0	162	0	0	266	7664	5712	2634	656	164	0	
386964	Cerebelum_6_R	0	0	0	0	0	0	0	0	0	0	0	0	0	0	0	0	0	0	0	0	0	0	0	0	0	0	0	0	0	0	0	0	0	0	0	0	0	468	0	628	0	0	524	0	0	0	820	8582	0	0	0	0	0	274	392	16064	0	0	0	0	0	0	0	0	0	0	0	0	0	0	0	0	0	0	0	0	0	0	0	0	0	0	0	0	0	0	0	0	0	492	2208	52774	760	17124	334	5558	4868	30206	2774	0	602	1562	1068	5798	328	356	0	406	118	3654	20144	10236	3292	820	132	116	
205624	Cerebelum_7b_L	0	0	0	0	0	0	0	0	0	0	0	0	0	0	0	0	0	0	0	0	0	0	0	0	0	0	0	0	0	0	0	0	0	0	0	0	0	0	0	0	0	0	0	0	0	0	0	0	0	0	0	0	0	0	200	0	0	0	0	0	0	0	0	0	0	0	0	0	0	0	0	0	0	0	0	0	0	0	0	0	0	0	0	0	0	0	0	0	0	0	7362	734	28556	3812	398	0	3544	102	3106	602	0	1962	30146	1612	7376	212	922	0	0	288	2094	1798	4354	3348	284	0	
129696	Cerebelum_7b_R	0	0	0	0	0	0	0	0	0	0	0	0	0	0	0	0	0	0	0	0	0	0	0	0	0	0	0	0	0	0	0	0	0	0	0	0	0	0	0	0	0	0	0	0	0	0	0	0	0	0	0	0	0	0	0	156	0	0	0	0	0	0	0	0	0	0	0	0	0	0	0	0	0	0	0	0	0	0	0	0	0	0	0	0	0	0	0	0	0	0	658	2190	1962	15466	120	0	764	650	360	1562	1962	0	3850	17222	2210	1926	0	262	242	270	972	498	4268	6088	842	348	
289608	Cerebelum_8_L	0	0	0	0	0	0	0	0	0	0	0	0	0	0	0	0	0	0	0	0	0	0	0	0	0	0	0	0	0	0	0	0	0	0	0	0	0	0	0	0	0	0	0	0	0	0	0	0	0	0	0	0	0	0	0	0	0	0	0	0	0	0	0	0	0	0	0	0	0	0	0	0	0	0	0	0	0	0	0	0	0	0	0	0	0	0	0	0	0	0	7346	1004	25268	3928	1772	0	6988	142	4134	1068	30146	3850	0	5774	25134	666	3620	0	0	660	3580	2368	5878	9334	1708	436	
241856	Cerebelum_8_R	0	0	0	0	0	0	0	0	0	0	0	0	0	0	0	0	0	0	0	0	0	0	0	0	0	0	0	0	0	0	0	0	0	0	0	0	0	100	0	104	0	0	0	0	0	0	0	0	0	0	0	0	0	0	0	588	0	0	0	0	0	0	0	0	0	0	0	0	0	0	0	0	0	0	0	0	0	0	0	0	0	0	0	0	0	0	0	0	0	0	440	9758	770	21902	282	384	2052	2336	588	5798	1612	17222	5774	0	3602	19060	582	2038	450	1020	3702	1904	4676	9380	3832	972	
154996	Cerebelum_9_L	0	0	0	0	0	0	0	0	0	0	0	0	0	0	0	0	0	0	0	0	0	0	0	0	0	0	0	0	0	0	0	0	0	0	0	0	0	0	140	0	0	0	0	0	0	0	0	0	0	0	0	0	0	0	336	0	0	0	0	0	0	0	0	0	0	0	0	0	0	0	0	0	0	0	0	0	0	0	0	0	0	0	0	0	0	0	0	0	0	0	1568	350	6804	1608	3112	0	4550	0	742	328	7376	2210	25134	3602	0	1088	5120	0	0	632	1898	724	2420	4504	2362	890	
91372	Cerebelum_9_R	0	0	0	0	0	0	0	0	0	0	0	0	0	0	0	0	0	0	0	0	0	0	0	0	0	0	0	0	0	0	0	0	0	0	0	0	0	0	0	0	0	0	0	0	0	0	0	0	0	0	0	0	0	0	0	0	0	0	0	0	0	0	0	0	0	0	0	0	0	0	0	0	0	0	0	0	0	0	0	0	0	0	0	0	0	0	0	0	0	0	0	760	180	3628	0	1496	232	1010	0	356	212	1926	666	19060	1088	0	644	1328	584	1358	514	432	270	3314	5016	1612	
25868	Cerebelum_10_L	0	0	0	0	0	0	0	0	0	0	0	0	0	0	0	0	0	0	0	0	0	0	0	0	0	0	0	0	0	0	0	0	0	0	0	0	0	0	0	0	0	0	0	0	0	0	0	0	0	0	0	0	0	0	0	0	0	0	0	0	0	0	0	0	0	0	0	0	0	0	0	0	0	0	0	0	0	0	0	0	0	0	0	0	0	0	0	0	0	0	482	0	1044	358	0	0	0	0	162	0	922	0	3620	582	5120	644	0	0	0	0	0	0	0	0	0	0	
10012	Cerebelum_10_R	0	0	0	0	0	0	0	0	0	0	0	0	0	0	0	0	0	0	0	0	0	0	0	0	0	0	0	0	0	0	0	0	0	0	0	0	0	0	0	0	0	0	0	0	0	0	0	0	0	0	0	0	0	0	0	0	0	0	0	0	0	0	0	0	0	0	0	0	0	0	0	0	0	0	0	0	0	0	0	0	0	0	0	0	0	0	0	0	0	0	0	296	0	432	0	0	0	244	0	406	0	262	0	2038	0	1328	0	0	0	0	0	0	0	0	0	0	
21512	Vermis_1_2	0	0	0	0	0	0	0	0	0	0	0	0	0	0	0	0	0	0	0	0	0	0	0	0	0	0	0	0	0	0	0	0	0	0	0	0	190	0	260	0	0	0	0	0	0	0	0	0	0	0	0	0	0	0	0	0	0	0	0	0	0	0	0	0	0	0	0	0	0	0	0	0	0	0	0	0	0	0	0	0	0	0	0	0	0	0	0	0	0	0	0	136	0	238	710	842	202	152	0	118	0	242	0	450	0	584	0	0	0	2906	194	272	224	1006	1154	876	
