data	data	598308	278824	1.12502e+06	837052	90448	94284	445704	181040	83124	18504	255956	212644	237320	146460	143560	75904	201120	56908	1.04526e+06	1.0321e+06	92280	100632	295300	324812	33332	93452	70024	65984	629276	351648	199184	390244	133920	691964	121504	147164	178268	215592	65660	76388	32384	54728	181808	377136	159592	380468	119480	167800	162128	218268	408752	175684	119352	87556	231544	254888	252820	327748	83024	88856	218312	101556	106004	93832	162296	114864	199104	386580	419732	330500	274328	452764	411512	567980	49316	29560	122796	121368	80392	19664	142380	74204	95756	56976	241308	139480	23044	21884	149352	122136	382828	375504	260284	216224	13944	21056	226356	186428	348860	335648	173116	41548	213016	150752	71384	52616	20148	16148	38692	29680	155448	172396	156844	96012	29996	34336	
data	data	Precentral_L	Precentral_R	Frontal_Sup_L	Frontal_Sup_R	Frontal_Sup_Orb_L	Frontal_Sup_Orb_R	Frontal_Mid_L	Frontal_Mid_R	Frontal_Mid_Orb_L	Frontal_Mid_Orb_R	Frontal_Inf_Oper_L	Frontal_Inf_Oper_R	Frontal_Inf_Tri_L	Frontal_Inf_Tri_R	Frontal_Inf_Orb_L	Frontal_Inf_Orb_R	Rolandic_Oper_L	Rolandic_Oper_R	Supp_Motor_Area_L	Supp_Motor_Area_R	Olfactory_L	Olfactory_R	Frontal_Sup_Medial_L	Frontal_Sup_Medial_R	Frontal_Med_Orb_L	Frontal_Med_Orb_R	Rectus_L	Rectus_R	Insula_L	Insula_R	Cingulum_Ant_L	Cingulum_Ant_R	Cingulum_Mid_L	Cingulum_Mid_R	Cingulum_Post_L	Cingulum_Post_R	Hippocampus_L	Hippocampus_R	ParaHippocampal_L	ParaHippocampal_R	Amygdala_L	Amygdala_R	Calcarine_L	Calcarine_R	Cuneus_L	Cuneus_R	Lingual_L	Lingual_R	Occipital_Sup_L	Occipital_Sup_R	Occipital_Mid_L	Occipital_Mid_R	Occipital_Inf_L	Occipital_Inf_R	Fusiform_L	Fusiform_R	Postcentral_L	Postcentral_R	Parietal_Sup_L	Parietal_Sup_R	Parietal_Inf_L	Parietal_Inf_R	SupraMarginal_L	SupraMarginal_R	Angular_L	Angular_R	Precuneus_L	Precuneus_R	Paracentral_Lobule_L	Paracentral_Lobule_R	Caudate_L	Caudate_R	Putamen_L	Putamen_R	Pallidum_L	Pallidum_R	Thalamus_L	Thalamus_R	Heschl_L	Heschl_R	Temporal_Sup_L	Temporal_Sup_R	Temporal_Pole_Sup_L	Temporal_Pole_Sup_R	Temporal_Mid_L	Temporal_Mid_R	Temporal_Pole_Mid_L	Temporal_Pole_Mid_R	Temporal_Inf_L	Temporal_Inf_R	Cerebelum_Crus1_L	Cerebelum_Crus1_R	Cerebelum_Crus2_L	Cerebelum_Crus2_R	Cerebelum_3_L	Cerebelum_3_R	Cerebelum_4_5_L	Cerebelum_4_5_R	Cerebelum_6_L	Cerebelum_6_R	Cerebelum_7b_L	Cerebelum_7b_R	Cerebelum_8_L	Cerebelum_8_R	Cerebelum_9_L	Cerebelum_9_R	Cerebelum_10_L	Cerebelum_10_R	Vermis_1_2	Vermis_3	Vermis_4_5	Vermis_6	Vermis_7	Vermis_8	Vermis_9	Vermis_10	
598308	Precentral_L	0	2540	31346	2548	0	0	13064	198	246	0	6452	0	1090	0	252	0	8974	0	32498	21256	0	0	0	0	0	0	0	0	16544	414	0	0	1350	14838	3198	706	6934	256	934	0	0	0	524	0	110	0	0	0	0	0	898	0	478	0	538	0	29264	350	0	0	4672	0	1670	0	482	0	716	260	45142	4642	4376	3112	9018	1108	2654	266	12598	176	6126	0	2318	0	122	0	1266	0	0	0	630	0	0	0	0	0	0	0	0	0	0	0	0	0	0	0	0	0	0	0	0	0	0	0	0	0	0	0	
278824	Precentral_R	2540	0	1008	13896	0	0	0	7704	0	0	0	9346	0	122	0	0	0	2758	1932	12508	0	0	0	0	0	0	0	0	178	3202	0	0	0	3268	770	594	0	4138	0	210	0	0	0	1316	0	410	0	0	0	422	0	648	0	576	0	214	188	22228	0	418	0	2074	0	3348	0	1032	0	1302	3862	9580	308	9062	0	5036	0	208	0	10650	0	0	0	642	0	0	0	736	0	0	0	978	0	0	0	0	0	0	0	0	0	0	0	0	0	0	0	0	0	0	0	0	0	0	0	0	0	0	
1.12502e+06	Frontal_Sup_L	31346	1008	0	8156	6434	160	73484	646	5156	0	24092	0	16712	276	9918	260	12638	0	105962	27088	962	118	36778	2088	428	0	1052	0	52862	1162	9684	4382	3006	5546	0	0	5248	194	1402	0	254	0	0	0	0	0	0	0	0	0	204	0	0	0	0	0	7100	150	0	0	638	0	0	0	200	0	0	0	12532	328	14300	2714	45818	2154	6696	288	12556	170	2022	0	818	0	5174	0	144	0	0	0	0	0	0	0	0	0	0	0	0	0	0	0	0	0	0	0	0	0	0	0	0	0	0	0	0	0	0	0	
837052	Frontal_Sup_R	2548	13896	8156	0	0	7130	298	19964	0	754	0	12636	202	9046	114	2278	120	776	19750	72774	0	142	11474	35558	0	3764	0	1240	798	21400	5496	22750	1932	26550	0	0	310	6774	0	570	0	0	0	0	0	0	0	0	0	0	0	0	0	0	0	0	166	1096	0	0	0	0	0	0	0	0	0	0	3020	0	4138	29884	842	49930	0	1438	0	18812	0	0	0	0	0	0	0	0	0	0	0	0	0	0	0	0	0	0	0	0	0	0	0	0	0	0	0	0	0	0	0	0	0	0	0	0	0	0	
90448	Frontal_Sup_Orb_L	0	0	6434	0	0	0	654	0	9442	0	0	0	0	0	6058	0	0	0	1002	0	1854	336	864	0	1944	0	6136	0	1932	0	1502	0	0	0	0	0	0	0	138	0	106	0	0	0	0	0	0	0	0	0	0	0	0	0	0	0	0	0	0	0	0	0	0	0	0	0	0	0	0	0	1978	182	4662	0	0	0	0	0	0	0	0	0	0	0	0	0	0	0	0	0	0	0	0	0	0	0	0	0	0	0	0	0	0	0	0	0	0	0	0	0	0	0	0	0	0	0	
94284	Frontal_Sup_Orb_R	0	0	160	7130	0	0	0	1242	0	2494	0	0	0	0	0	1682	0	0	124	110	0	1650	414	4790	120	5174	0	6056	0	978	976	4978	0	140	0	0	0	0	0	0	0	358	0	0	0	0	0	0	0	0	0	0	0	0	0	0	0	0	0	0	0	0	0	0	0	0	0	0	0	0	452	4736	0	3378	0	0	0	0	0	0	0	0	0	0	0	0	0	0	0	0	0	0	0	0	0	0	0	0	0	0	0	0	0	0	0	0	0	0	0	0	0	0	0	0	0	0	
445704	Frontal_Mid_L	13064	0	73484	298	654	0	0	0	6440	0	9586	0	26874	0	6182	0	2336	0	24858	1676	0	0	11232	116	0	0	0	0	19836	0	1734	1040	1834	410	0	0	1346	0	0	0	0	0	0	0	0	0	0	0	0	0	0	0	0	0	138	0	532	0	0	0	600	0	0	0	0	0	0	0	1090	0	3910	616	9482	0	0	0	548	0	1282	0	136	0	1118	0	164	0	0	0	236	0	0	0	0	0	0	0	0	0	0	0	0	0	0	0	0	0	0	0	0	0	0	0	0	0	0	0	
181040	Frontal_Mid_R	198	7704	646	19964	0	1242	0	0	0	2516	0	7388	0	13514	0	4354	0	252	1432	3484	0	0	260	1074	0	0	0	0	0	10148	0	270	0	1912	0	0	0	1044	0	0	0	0	0	0	0	0	0	0	0	0	0	0	0	0	0	0	0	1170	0	0	0	130	0	124	0	114	0	0	114	0	536	938	0	9856	0	0	0	0	0	0	0	0	0	0	0	0	0	0	0	136	0	0	0	0	0	0	0	0	0	0	0	0	0	0	0	0	0	0	0	0	0	0	0	0	0	0	
83124	Frontal_Mid_Orb_L	246	0	5156	0	9442	0	6440	0	0	0	0	0	2362	0	10288	0	0	0	1178	0	0	0	0	0	280	0	1378	0	1184	0	108	0	0	0	0	0	0	0	0	0	0	0	0	0	0	0	0	0	0	0	0	0	0	0	0	0	0	0	0	0	0	0	0	0	0	0	0	0	182	0	954	0	1896	0	0	0	0	0	0	0	0	0	468	0	0	0	0	0	0	0	0	0	0	0	0	0	0	0	0	0	0	0	0	0	0	0	0	0	0	0	0	0	0	0	0	0	
18504	Frontal_Mid_Orb_R	0	0	0	754	0	2494	0	2516	0	0	0	0	0	432	0	1728	0	0	0	0	0	0	0	0	0	0	0	0	0	0	0	0	0	0	0	0	0	0	0	0	0	0	0	0	0	0	0	0	0	0	0	0	0	0	0	0	0	0	0	0	0	0	0	0	0	0	0	0	0	0	0	680	0	648	0	0	0	0	0	0	0	0	0	0	0	0	0	0	0	0	0	0	0	0	0	0	0	0	0	0	0	0	0	0	0	0	0	0	0	0	0	0	0	0	0	0	
255956	Frontal_Inf_Oper_L	6452	0	24092	0	0	0	9586	0	0	0	0	0	15494	0	128	0	12424	0	17402	332	0	0	0	0	0	0	0	0	27700	0	0	0	0	0	0	0	0	0	0	0	0	0	0	0	0	0	0	0	0	0	0	0	0	0	0	0	1908	0	0	0	0	0	0	0	0	0	0	0	0	0	0	0	2270	0	0	0	0	0	1616	0	1606	0	6968	0	0	0	0	0	0	0	0	0	0	0	0	0	0	0	0	0	0	0	0	0	0	0	0	0	0	0	0	0	0	0	0	0	
212644	Frontal_Inf_Oper_R	0	9346	0	12636	0	0	0	7388	0	0	0	0	0	7676	0	338	0	2566	406	12810	0	0	130	662	0	0	0	0	0	23632	0	200	0	3512	0	0	0	1378	0	154	0	0	0	0	0	0	0	0	0	0	0	0	0	0	0	106	0	6012	0	0	0	0	0	0	0	0	0	0	0	0	0	2356	0	14880	0	0	0	0	0	0	0	0	0	134	0	0	0	0	0	0	0	0	0	0	0	0	0	0	0	0	0	0	0	0	0	0	0	0	0	0	0	0	0	0	0	0	
237320	Frontal_Inf_Tri_L	1090	0	16712	202	0	0	26874	0	2362	0	15494	0	0	0	7986	0	948	0	12018	798	0	0	190	0	0	0	0	0	24436	0	268	252	450	132	0	0	0	0	0	0	0	0	0	0	0	0	0	0	0	0	0	0	0	0	0	0	162	0	0	0	0	0	0	0	0	0	0	0	236	0	2064	310	4356	0	0	0	0	0	114	0	270	0	936	0	0	0	0	0	0	0	0	0	0	0	0	0	0	0	0	0	0	0	0	0	0	0	0	0	0	0	0	0	0	0	0	0	
146460	Frontal_Inf_Tri_R	0	122	276	9046	0	0	0	13514	0	432	0	7676	0	0	0	2246	0	432	1142	7684	0	0	310	916	0	0	0	0	0	18120	0	310	0	3108	0	0	0	414	0	0	0	0	0	0	0	0	0	0	0	0	0	0	0	0	0	0	0	0	0	0	0	0	0	0	0	0	0	0	0	0	482	1338	0	5662	0	0	0	0	0	0	0	0	0	0	0	0	0	0	0	0	0	0	0	0	0	0	0	0	0	0	0	0	0	0	0	0	0	0	0	0	0	0	0	0	0	0	
143560	Frontal_Inf_Orb_L	252	0	9918	114	6058	0	6182	0	10288	0	128	0	7986	0	0	0	0	0	5126	238	1494	222	178	0	0	0	1352	0	11182	0	0	0	108	0	0	0	290	0	408	0	314	0	0	0	0	0	0	0	0	0	0	0	0	0	0	0	0	0	0	0	0	0	0	0	0	0	0	0	194	0	1874	264	6094	0	0	0	0	0	0	0	0	0	1516	0	0	0	0	0	0	0	0	0	0	0	0	0	0	0	0	0	0	0	0	0	0	0	0	0	0	0	0	0	0	0	0	0	
75904	Frontal_Inf_Orb_R	0	0	260	2278	0	1682	0	4354	0	1728	0	338	0	2246	0	0	0	0	366	1396	0	1190	0	260	0	0	0	1504	0	6958	0	478	0	544	0	0	0	0	0	0	0	388	0	0	0	0	0	0	0	0	0	0	0	0	0	0	0	0	0	0	0	0	0	0	0	0	0	0	0	0	554	4290	0	5976	0	0	0	0	0	0	0	526	0	636	0	0	0	0	0	0	0	0	0	0	0	0	0	0	0	0	0	0	0	0	0	0	0	0	0	0	0	0	0	0	0	0	
201120	Rolandic_Oper_L	8974	0	12638	120	0	0	2336	0	0	0	12424	0	948	0	0	0	0	0	7630	644	0	0	0	0	0	0	0	0	18394	0	0	0	0	158	0	0	0	0	0	0	0	0	0	0	0	0	0	0	0	0	866	0	0	0	128	0	11464	0	0	0	820	0	4312	0	724	0	0	0	0	0	286	0	782	0	0	0	588	0	2544	0	8068	0	3618	0	1518	0	0	0	576	0	0	0	0	0	0	0	0	0	0	0	0	0	0	0	0	0	0	0	0	0	0	0	0	0	0	0	
56908	Rolandic_Oper_R	0	2758	0	776	0	0	0	252	0	0	0	2566	0	432	0	0	0	0	0	1030	0	0	0	0	0	0	0	0	0	6238	0	0	0	212	0	0	0	204	0	0	0	0	0	0	0	0	0	0	0	0	0	0	0	0	0	0	0	3706	0	0	0	0	0	832	0	0	0	0	0	0	0	1862	0	3818	0	440	0	0	0	980	0	1486	0	862	0	0	0	0	0	0	0	0	0	0	0	0	0	0	0	0	0	0	0	0	0	0	0	0	0	0	0	0	0	0	0	0	
1.04526e+06	Supp_Motor_Area_L	32498	1932	105962	19750	1002	124	24858	1432	1178	0	17402	406	12018	1142	5126	366	7630	0	0	63468	672	0	11392	6292	0	0	0	0	36650	1818	4042	11322	7846	30260	2406	0	1642	210	166	0	210	0	162	0	132	0	0	0	0	0	0	0	0	0	0	0	2188	176	0	0	316	0	0	0	0	0	278	0	33700	3716	14420	5822	30192	5022	2738	326	8136	132	690	0	596	0	2668	0	0	0	0	0	0	0	0	0	0	0	0	0	0	0	0	0	0	0	0	0	0	0	0	0	0	0	0	0	0	0	0	0	
1.0321e+06	Supp_Motor_Area_R	21256	12508	27088	72774	0	110	1676	3484	0	0	332	12810	798	7684	238	1396	644	1030	63468	0	0	0	5436	10896	0	0	0	0	4610	20524	1190	15720	8820	73298	1240	5724	460	3092	0	380	0	0	0	872	0	198	0	176	0	352	0	404	0	124	0	0	1736	3534	0	0	158	0	0	0	0	190	0	2752	25170	22312	5474	24844	3204	37436	1042	1058	226	5422	0	0	130	0	0	0	0	342	0	0	0	206	0	0	0	0	0	0	0	0	0	0	0	0	0	0	0	0	0	0	0	0	0	0	0	0	0	0	
92280	Olfactory_L	0	0	962	0	1854	0	0	0	0	0	0	0	0	0	1494	0	0	0	672	0	0	6614	0	0	1854	266	4810	688	2198	0	4194	1816	0	0	0	0	520	0	1144	0	812	0	0	0	0	0	0	0	0	0	0	0	0	0	0	0	0	0	0	0	0	0	0	0	0	0	0	0	0	0	9404	3650	3064	0	0	0	0	0	0	0	124	0	0	0	0	0	0	0	0	0	0	0	0	0	0	0	0	0	0	0	0	0	0	0	0	0	0	0	0	0	0	0	0	0	0	0	
100632	Olfactory_R	0	0	118	142	336	1650	0	0	0	0	0	0	0	0	222	1190	0	0	0	0	6614	0	0	466	706	2800	2472	4028	0	1390	3252	4882	0	0	0	0	0	0	0	112	0	1360	0	0	0	0	0	0	0	0	0	0	0	0	0	0	0	0	0	0	0	0	0	0	0	0	0	0	0	0	8628	6612	2498	838	0	0	0	0	0	0	0	0	0	0	0	0	0	0	0	0	0	0	0	0	0	0	0	0	0	0	0	0	0	0	0	0	0	0	0	0	0	0	0	0	0	0	
295300	Frontal_Sup_Medial_L	0	0	36778	11474	864	414	11232	260	0	0	0	130	190	310	178	0	0	0	11392	5436	0	0	0	20894	1024	748	136	0	1692	550	12192	13730	2670	9566	0	0	0	0	0	0	0	0	0	0	0	0	0	0	0	0	0	0	0	0	0	0	0	0	0	0	0	0	0	0	0	0	0	0	0	0	502	1750	1814	1724	0	0	0	0	0	0	0	0	0	0	0	0	0	0	0	0	0	0	0	0	0	0	0	0	0	0	0	0	0	0	0	0	0	0	0	0	0	0	0	0	0	0	
324812	Frontal_Sup_Medial_R	0	0	2088	35558	0	4790	116	1074	0	0	0	662	0	916	0	260	0	0	6292	10896	0	466	20894	0	166	7882	0	2324	0	2108	7320	26034	124	13424	0	0	0	0	0	0	0	0	0	0	0	0	0	0	0	0	0	0	0	0	0	0	0	0	0	0	0	0	0	0	0	0	0	0	0	0	332	9210	320	9150	0	0	0	0	0	0	0	0	0	0	0	0	0	0	0	0	0	0	0	0	0	0	0	0	0	0	0	0	0	0	0	0	0	0	0	0	0	0	0	0	0	0	
33332	Frontal_Med_Orb_L	0	0	428	0	1944	120	0	0	280	0	0	0	0	0	0	0	0	0	0	0	1854	706	1024	166	0	358	2994	144	0	0	4042	132	0	0	0	0	0	0	0	0	0	0	0	0	0	0	0	0	0	0	0	0	0	0	0	0	0	0	0	0	0	0	0	0	0	0	0	0	0	0	2230	244	0	0	0	0	0	0	0	0	0	0	0	0	0	0	0	0	0	0	0	0	0	0	0	0	0	0	0	0	0	0	0	0	0	0	0	0	0	0	0	0	0	0	0	0	
93452	Frontal_Med_Orb_R	0	0	0	3764	0	5174	0	0	0	0	0	0	0	0	0	0	0	0	0	0	266	2800	748	7882	358	0	256	7980	0	0	2668	7834	0	0	0	0	0	0	0	0	0	0	0	0	0	0	0	0	0	0	0	0	0	0	0	0	0	0	0	0	0	0	0	0	0	0	0	0	0	0	258	4500	0	2238	0	0	0	0	0	0	0	0	0	0	0	0	0	0	0	0	0	0	0	0	0	0	0	0	0	0	0	0	0	0	0	0	0	0	0	0	0	0	0	0	0	0	
70024	Rectus_L	0	0	1052	0	6136	0	0	0	1378	0	0	0	0	0	1352	0	0	0	0	0	4810	2472	136	0	2994	256	0	394	420	0	4624	1020	0	0	0	0	0	0	0	0	0	0	0	0	0	0	0	0	0	0	0	0	0	0	0	0	0	0	0	0	0	0	0	0	0	0	0	0	0	0	5730	922	1316	0	0	0	0	0	0	0	0	0	0	0	0	0	0	0	0	0	0	0	0	0	0	0	0	0	0	0	0	0	0	0	0	0	0	0	0	0	0	0	0	0	0	0	
65984	Rectus_R	0	0	0	1240	0	6056	0	0	0	0	0	0	0	0	0	1504	0	0	0	0	688	4028	0	2324	144	7980	394	0	0	1028	536	3354	0	0	0	0	0	0	0	0	0	402	0	0	0	0	0	0	0	0	0	0	0	0	0	0	0	0	0	0	0	0	0	0	0	0	0	0	0	0	710	1660	134	810	0	0	0	0	0	0	0	0	0	0	0	0	0	0	0	0	0	0	0	0	0	0	0	0	0	0	0	0	0	0	0	0	0	0	0	0	0	0	0	0	0	0	
629276	Insula_L	16544	178	52862	798	1932	0	19836	0	1184	0	27700	0	24436	0	11182	0	18394	0	36650	4610	2198	0	1692	0	0	0	420	0	0	0	584	1226	582	628	0	0	9448	0	1402	0	2818	0	680	0	0	0	0	0	0	0	1268	0	804	0	1468	0	6938	0	0	0	1106	0	734	0	430	0	714	0	822	0	2006	338	29818	288	222	0	1584	0	10916	0	5536	0	7530	0	2126	0	0	0	2006	0	0	0	0	0	0	0	0	0	0	0	0	0	0	0	0	0	0	0	0	0	0	0	0	0	0	0	
351648	Insula_R	414	3202	1162	21400	0	978	0	10148	0	0	0	23632	0	18120	0	6958	0	6238	1818	20524	0	1390	550	2108	0	0	0	1028	0	0	0	690	0	6722	0	0	0	2514	0	404	0	1446	0	120	0	0	0	0	0	0	0	0	0	284	0	696	310	2134	0	0	0	124	0	136	0	138	0	0	0	0	470	5312	0	28990	0	380	0	0	0	1116	0	2100	0	1330	0	260	0	0	0	478	0	0	0	0	0	0	0	0	0	0	0	0	0	0	0	0	0	0	0	0	0	0	0	0	0	0	
199184	Cingulum_Ant_L	0	0	9684	5496	1502	976	1734	0	108	0	0	0	268	0	0	0	0	0	4042	1190	4194	3252	12192	7320	4042	2668	4624	536	584	0	0	15430	2958	2444	0	0	0	0	0	0	0	0	0	0	0	0	0	0	0	0	0	0	0	0	0	0	0	0	0	0	0	0	0	0	0	0	0	0	0	0	6740	2814	3926	868	0	0	0	0	0	0	0	0	0	0	0	0	0	0	0	0	0	0	0	0	0	0	0	0	0	0	0	0	0	0	0	0	0	0	0	0	0	0	0	0	0	0	
390244	Cingulum_Ant_R	0	0	4382	22750	0	4978	1040	270	0	0	0	200	252	310	0	478	0	0	11322	15720	1816	4882	13730	26034	132	7834	1020	3354	1226	690	15430	0	1674	20448	0	0	0	0	0	0	0	0	0	0	0	0	0	0	0	0	0	0	0	0	0	0	0	0	0	0	0	0	0	0	0	0	0	0	0	0	4762	17638	1732	11018	0	0	0	0	0	0	0	0	0	0	0	0	0	0	0	0	0	0	0	0	0	0	0	0	0	0	0	0	0	0	0	0	0	0	0	0	0	0	0	0	0	0	
133920	Cingulum_Mid_L	1350	0	3006	1932	0	0	1834	0	0	0	0	0	450	0	108	0	0	0	7846	8820	0	0	2670	124	0	0	0	0	582	0	2958	1674	0	10654	4462	176	0	0	0	0	0	0	422	428	1554	368	0	0	1660	0	2636	0	0	0	0	0	0	0	134	0	0	0	0	0	0	0	3640	692	4002	812	106	0	126	1478	0	0	0	0	0	0	0	0	0	0	256	0	0	0	0	0	0	0	0	0	0	0	0	0	0	0	0	0	0	0	0	0	0	0	0	0	0	0	0	0	0	0	
691964	Cingulum_Mid_R	14838	3268	5546	26550	0	140	410	1912	0	0	0	3512	132	3108	0	544	158	212	30260	73298	0	0	9566	13424	0	0	0	0	628	6722	2444	20448	10654	0	1376	10540	0	336	0	0	0	0	0	10094	0	9236	0	1182	0	302	0	246	0	358	0	152	206	6874	0	0	0	0	0	0	0	0	294	16146	18158	21452	1896	8050	164	9658	0	190	138	538	0	0	0	0	0	0	0	152	0	0	0	470	0	0	0	0	0	0	0	0	0	0	0	0	0	0	0	0	0	0	0	0	0	0	0	0	0	0	
121504	Cingulum_Post_L	3198	770	0	0	0	0	0	0	0	0	0	0	0	0	0	0	0	0	2406	1240	0	0	0	0	0	0	0	0	0	0	0	0	4462	1376	0	10784	5090	3848	2018	0	0	0	2420	0	1610	0	770	162	1558	0	1028	0	0	0	0	0	0	0	0	0	0	0	0	0	0	0	7716	2082	5212	1012	282	0	0	0	0	0	686	1022	0	0	0	0	0	0	0	0	0	0	0	0	0	0	0	0	0	0	0	0	0	0	0	0	0	0	0	0	0	0	0	0	0	0	0	0	0	0	
147164	Cingulum_Post_R	706	594	0	0	0	0	0	0	0	0	0	0	0	0	0	0	0	0	0	5724	0	0	0	0	0	0	0	0	0	0	0	0	176	10540	10784	0	3854	4158	696	0	0	0	0	3394	0	2904	0	2364	0	0	0	0	0	128	0	0	0	2352	0	0	0	0	0	0	0	0	1484	11850	1386	8190	314	0	0	0	0	0	878	1106	0	0	0	0	0	0	0	0	0	0	0	0	0	0	0	0	0	0	0	0	0	0	0	0	0	0	0	0	0	0	0	0	0	0	0	0	0	0	
178268	Hippocampus_L	6934	0	5248	310	0	0	1346	0	0	0	0	0	0	0	290	0	0	0	1642	460	520	0	0	0	0	0	0	0	9448	0	0	0	0	0	5090	3854	0	4132	9796	432	6062	196	1012	0	0	0	1516	184	0	0	124	0	536	0	5588	152	616	0	0	0	0	0	0	0	0	0	2110	1086	2068	0	112	0	7466	216	738	0	1394	838	2050	0	1048	0	408	0	140	0	0	0	3972	0	0	0	0	0	0	0	0	0	0	0	0	0	0	0	0	0	0	0	0	0	0	0	0	0	0	0	
215592	Hippocampus_R	256	4138	194	6774	0	0	0	1044	0	0	0	1378	0	414	0	0	0	204	210	3092	0	0	0	0	0	0	0	0	0	2514	0	0	0	336	3848	4158	4132	0	888	12514	0	9546	0	142	0	0	0	1668	0	0	0	0	0	1872	0	15736	0	874	0	0	0	0	0	0	0	0	434	1970	204	0	0	904	0	15344	0	964	448	2308	0	292	0	578	0	2466	0	1276	0	456	0	4100	0	0	0	0	0	0	0	120	0	0	0	0	0	0	0	0	0	0	0	0	0	0	0	0	0	0	
65660	ParaHippocampal_L	934	0	1402	0	138	0	0	0	0	0	0	0	0	0	408	0	0	0	166	0	1144	0	0	0	0	0	0	0	1402	0	0	0	0	0	2018	696	9796	888	0	0	1692	0	1278	0	0	0	2162	0	0	0	116	0	282	0	1852	0	0	0	0	0	0	0	0	0	0	0	2246	244	0	0	0	0	1454	0	430	0	198	0	138	0	370	0	506	0	0	0	290	0	468	0	0	0	0	0	0	0	0	0	0	0	0	0	0	0	0	0	0	0	0	112	0	0	0	0	0	0	
76388	ParaHippocampal_R	0	210	0	570	0	0	0	0	0	0	0	154	0	0	0	0	0	0	0	380	0	112	0	0	0	0	0	0	0	404	0	0	0	0	0	0	432	12514	0	0	0	3292	0	714	0	0	0	1652	0	0	0	0	0	1372	0	10074	0	126	0	0	0	0	0	0	0	0	0	764	0	0	0	0	0	2186	0	162	0	248	0	0	0	0	0	1336	0	156	0	874	0	150	0	0	0	0	0	0	0	312	0	0	0	0	0	0	0	0	0	0	0	0	0	0	0	0	0	0	
32384	Amygdala_L	0	0	254	0	106	0	0	0	0	0	0	0	0	0	314	0	0	0	210	0	812	0	0	0	0	0	0	0	2818	0	0	0	0	0	0	0	6062	0	1692	0	0	0	0	0	0	0	0	0	0	0	0	0	0	0	1862	0	0	0	0	0	0	0	0	0	0	0	0	0	0	0	0	0	284	0	0	0	0	0	0	0	608	0	370	0	0	0	0	0	800	0	0	0	0	0	0	0	0	0	0	0	0	0	0	0	0	0	0	0	0	0	0	0	0	0	0	0	
54728	Amygdala_R	0	0	0	0	0	358	0	0	0	0	0	0	0	0	0	388	0	0	0	0	0	1360	0	0	0	0	0	402	0	1446	0	0	0	0	0	0	196	9546	0	3292	0	0	0	0	0	0	0	0	0	0	0	0	0	0	0	4314	0	0	0	0	0	0	0	0	0	0	0	0	0	0	0	0	0	1552	0	0	0	0	0	0	0	0	0	2836	0	0	0	546	0	1128	0	0	0	0	0	0	0	0	0	0	0	0	0	0	0	0	0	0	0	0	0	0	0	0	0	0	
181808	Calcarine_L	524	0	0	0	0	0	0	0	0	0	0	0	0	0	0	0	0	0	162	0	0	0	0	0	0	0	0	0	680	0	0	0	422	0	2420	0	1012	0	1278	0	0	0	0	2838	15398	1404	9178	1010	10872	0	20562	0	7116	0	2136	0	132	0	0	0	0	0	0	0	430	0	10126	148	1536	0	0	0	0	0	0	0	0	0	546	0	0	0	0	0	866	0	0	0	108	0	0	0	0	0	0	0	0	0	0	0	0	0	0	0	0	0	0	0	0	0	0	0	0	0	0	0	
377136	Calcarine_R	0	1316	0	0	0	0	0	0	0	0	0	0	0	0	0	0	0	0	0	872	0	0	0	0	0	0	0	0	0	120	0	0	428	10094	0	3394	0	142	0	714	0	0	2838	0	4052	38548	1132	19020	0	14706	0	7234	0	6394	0	8660	0	15472	0	360	0	248	0	254	0	612	294	27598	0	18766	0	114	0	256	0	0	0	0	0	108	0	362	0	0	0	1720	0	0	0	1868	0	236	0	0	0	0	0	0	0	636	0	0	0	0	0	0	0	0	0	0	0	0	0	0	0	0	
159592	Cuneus_L	110	0	0	0	0	0	0	0	0	0	0	0	0	0	0	0	0	0	132	0	0	0	0	0	0	0	0	0	0	0	0	0	1554	0	1610	0	0	0	0	0	0	0	15398	4052	0	4056	1410	246	21140	390	15466	0	1494	0	134	0	0	0	346	0	0	0	0	0	258	0	9136	1530	962	0	0	0	0	0	0	0	0	0	0	0	0	0	0	0	372	0	0	0	0	0	0	0	0	0	0	0	0	0	0	0	0	0	0	0	0	0	0	0	0	0	0	0	0	0	0	0	
380468	Cuneus_R	0	410	0	0	0	0	0	0	0	0	0	0	0	0	0	0	0	0	0	198	0	0	0	0	0	0	0	0	0	0	0	0	368	9236	0	2904	0	0	0	0	0	0	1404	38548	4056	0	124	5384	0	29918	0	14748	0	3704	0	2648	0	16620	0	2034	0	296	0	260	0	764	2946	34004	0	16852	0	0	0	0	0	0	0	0	0	0	0	320	0	0	0	1282	0	0	0	888	0	106	0	0	0	0	0	0	0	212	0	0	0	0	0	0	0	0	0	0	0	0	0	0	0	0	
119480	Lingual_L	0	0	0	0	0	0	0	0	0	0	0	0	0	0	0	0	0	0	0	0	0	0	0	0	0	0	0	0	0	0	0	0	0	0	770	0	1516	0	2162	0	0	0	9178	1132	1410	124	0	1232	1322	0	7824	0	4448	0	7286	0	0	0	0	0	0	0	0	0	0	0	2498	0	0	0	0	0	0	0	0	0	0	0	0	0	0	0	0	0	0	0	0	0	0	0	4448	0	200	0	0	0	6312	0	6812	174	0	0	0	0	0	0	0	0	0	0	518	374	0	0	0	0	
167800	Lingual_R	0	0	0	0	0	0	0	0	0	0	0	0	0	0	0	0	0	0	0	176	0	0	0	0	0	0	0	0	0	0	0	0	0	1182	162	2364	184	1668	0	1652	0	0	1010	19020	246	5384	1232	0	0	5794	0	1858	0	3152	0	12458	0	828	0	0	0	0	0	0	0	0	0	6838	0	1150	0	0	0	0	0	0	0	0	0	0	0	0	0	0	0	0	0	0	0	0	354	3114	250	0	0	0	208	3714	368	5346	0	0	0	0	0	0	0	0	0	0	2032	1470	686	0	0	0	
162128	Occipital_Sup_L	0	0	0	0	0	0	0	0	0	0	0	0	0	0	0	0	0	0	0	0	0	0	0	0	0	0	0	0	0	0	0	0	1660	0	1558	0	0	0	0	0	0	0	10872	0	21140	0	1322	0	0	0	26678	0	2138	0	186	0	0	0	2278	0	776	0	0	0	710	0	9664	976	0	0	0	0	0	0	0	0	0	0	0	0	0	0	0	0	1106	0	0	0	0	0	0	0	0	0	0	0	0	0	0	0	0	0	0	0	0	0	0	0	0	0	0	0	0	0	0	0	
218268	Occipital_Sup_R	0	422	0	0	0	0	0	0	0	0	0	0	0	0	0	0	0	0	0	352	0	0	0	0	0	0	0	0	0	0	0	0	0	302	0	0	0	0	0	0	0	0	0	14706	390	29918	0	5794	0	0	0	22348	0	3212	0	3098	0	2934	0	4834	0	224	0	0	0	3464	942	12810	0	1548	0	0	0	0	0	0	0	0	0	0	0	274	0	0	0	1108	0	0	0	454	0	0	0	0	0	0	0	0	0	0	0	0	0	0	0	0	0	0	0	0	0	0	0	0	0	0	
408752	Occipital_Mid_L	898	0	204	0	0	0	0	0	0	0	0	0	0	0	0	0	866	0	0	0	0	0	0	0	0	0	0	0	1268	0	0	0	2636	0	1028	0	124	0	116	0	0	0	20562	0	15466	0	7824	0	26678	0	0	0	20288	0	7196	0	554	0	6156	0	20832	0	1952	0	24778	0	9814	656	2918	0	0	0	0	0	0	0	0	0	880	0	2240	0	0	0	25160	0	0	0	3282	0	0	0	0	0	0	0	0	0	0	0	0	0	0	0	0	0	0	0	0	0	0	0	0	0	0	0	
175684	Occipital_Mid_R	0	648	0	0	0	0	0	0	0	0	0	0	0	0	0	0	0	0	0	404	0	0	0	0	0	0	0	0	0	0	0	0	0	246	0	0	0	0	0	0	0	0	0	7234	0	14748	0	1858	0	22348	0	0	0	3710	0	2504	0	1894	0	1552	0	658	0	0	0	9100	428	8260	0	1056	0	0	0	112	0	0	0	0	0	0	0	292	0	0	0	9648	0	0	0	1142	0	0	0	0	0	0	0	0	0	0	0	0	0	0	0	0	0	0	0	0	0	0	0	0	0	0	
119352	Occipital_Inf_L	478	0	0	0	0	0	0	0	0	0	0	0	0	0	0	0	0	0	0	0	0	0	0	0	0	0	0	0	804	0	0	0	0	0	0	0	536	0	282	0	0	0	7116	0	1494	0	4448	0	2138	0	20288	0	0	0	11598	0	0	0	0	0	0	0	0	0	340	0	942	0	212	0	0	0	0	0	0	0	0	0	990	0	384	0	0	0	2398	0	0	0	5010	0	218	0	0	0	0	0	0	0	0	0	0	0	0	0	0	0	0	0	0	0	0	0	0	0	0	0	
87556	Occipital_Inf_R	0	576	0	0	0	0	0	0	0	0	0	0	0	0	0	0	0	0	0	124	0	0	0	0	0	0	0	0	0	284	0	0	0	358	0	128	0	1872	0	1372	0	0	0	6394	0	3704	0	3152	0	3212	0	3710	0	0	0	9064	0	1006	0	0	0	0	0	0	0	0	0	1958	0	1028	0	0	0	272	0	0	0	0	0	390	0	240	0	0	0	732	0	0	0	4202	0	0	0	0	0	0	0	0	0	0	0	0	0	0	0	0	0	0	0	0	0	0	0	0	0	0	
231544	Fusiform_L	538	0	0	0	0	0	138	0	0	0	0	0	0	0	0	0	128	0	0	0	0	0	0	0	0	0	0	0	1468	0	0	0	0	0	0	0	5588	0	1852	0	1862	0	2136	0	134	0	7286	0	186	0	7196	0	11598	0	0	0	0	0	0	0	0	0	0	0	0	0	832	0	178	0	0	0	0	0	0	0	0	0	1494	0	1968	0	936	0	2902	0	408	0	17308	0	16918	0	224	0	0	0	11368	0	19902	150	0	0	0	0	0	0	0	0	0	0	852	222	0	0	0	0	
254888	Fusiform_R	0	214	0	0	0	0	0	0	0	0	0	106	0	0	0	0	0	0	0	0	0	0	0	0	0	0	0	0	0	696	0	0	0	152	0	0	152	15736	0	10074	0	4314	0	8660	0	2648	0	12458	0	3098	0	2504	0	9064	0	0	0	360	0	0	0	0	0	0	0	0	0	1086	0	354	0	0	0	1414	0	0	0	0	0	474	0	1018	0	4206	0	3152	0	1574	0	8238	0	11662	0	230	0	132	0	7066	0	13028	0	0	0	198	0	0	0	106	0	0	1528	1118	624	0	0	0	
252820	Postcentral_L	29264	188	7100	166	0	0	532	0	0	0	1908	0	162	0	0	0	11464	0	2188	1736	0	0	0	0	0	0	0	0	6938	310	0	0	0	206	0	0	616	0	0	0	0	0	132	0	0	0	0	0	0	0	554	0	0	0	0	0	0	0	5430	0	24610	0	11814	0	714	0	2854	0	4428	0	876	0	1310	476	174	0	1728	0	2220	0	5632	0	0	0	680	0	0	0	0	0	0	0	0	0	0	0	0	0	0	0	0	0	0	0	0	0	0	0	0	0	0	0	0	0	0	0	
327748	Postcentral_R	350	22228	150	1096	0	0	0	1170	0	0	0	6012	0	0	0	0	0	3706	176	3534	0	0	0	0	0	0	0	0	0	2134	0	0	0	6874	0	2352	0	874	0	126	0	0	0	15472	0	16620	0	828	0	2934	0	1894	0	1006	0	360	0	0	0	6716	0	7536	0	11294	0	2514	0	18968	430	19284	0	426	0	3182	0	0	0	0	0	0	0	2058	0	0	0	522	0	0	0	1048	0	0	0	0	0	0	0	0	0	0	0	0	0	0	0	0	0	0	0	0	0	0	0	0	0	0	
83024	Parietal_Sup_L	0	0	0	0	0	0	0	0	0	0	0	0	0	0	0	0	0	0	0	0	0	0	0	0	0	0	0	0	0	0	0	0	134	0	0	0	0	0	0	0	0	0	0	0	346	0	0	0	2278	0	6156	0	0	0	0	0	5430	0	0	0	11148	0	0	0	1096	0	9368	0	2686	0	0	0	0	0	0	0	0	0	0	0	408	0	0	0	2462	0	0	0	0	0	0	0	0	0	0	0	0	0	0	0	0	0	0	0	0	0	0	0	0	0	0	0	0	0	0	0	
88856	Parietal_Sup_R	0	418	0	0	0	0	0	0	0	0	0	0	0	0	0	0	0	0	0	0	0	0	0	0	0	0	0	0	0	0	0	0	0	0	0	0	0	0	0	0	0	0	0	360	0	2034	0	0	0	4834	0	1552	0	0	0	0	0	6716	0	0	0	10072	0	2410	0	5976	504	7196	0	1078	0	0	0	0	0	0	0	0	0	0	0	1278	0	0	0	0	0	0	0	0	0	0	0	0	0	0	0	0	0	0	0	0	0	0	0	0	0	0	0	0	0	0	0	0	0	0	
218312	Parietal_Inf_L	4672	0	638	0	0	0	600	0	0	0	0	0	0	0	0	0	820	0	316	158	0	0	0	0	0	0	0	0	1106	0	0	0	0	0	0	0	0	0	0	0	0	0	0	0	0	0	0	0	776	0	20832	0	0	0	0	0	24610	0	11148	0	0	0	9170	0	19256	0	2402	0	2552	0	0	0	394	0	0	0	0	0	0	0	2194	0	0	0	6502	0	0	0	1010	0	0	0	0	0	0	0	0	0	0	0	0	0	0	0	0	0	0	0	0	0	0	0	0	0	0	0	
101556	Parietal_Inf_R	0	2074	0	0	0	0	0	130	0	0	0	0	0	0	0	0	0	0	0	0	0	0	0	0	0	0	0	0	0	124	0	0	0	0	0	0	0	0	0	0	0	0	0	248	0	296	0	0	0	224	0	658	0	0	0	0	0	7536	0	10072	0	0	0	11456	0	13148	0	402	0	366	0	0	0	0	0	0	0	0	0	0	0	1820	0	0	0	1666	0	0	0	558	0	0	0	0	0	0	0	0	0	0	0	0	0	0	0	0	0	0	0	0	0	0	0	0	0	0	
106004	SupraMarginal_L	1670	0	0	0	0	0	0	0	0	0	0	0	0	0	0	0	4312	0	0	0	0	0	0	0	0	0	0	0	734	0	0	0	0	0	0	0	0	0	0	0	0	0	0	0	0	0	0	0	0	0	1952	0	0	0	0	0	11814	0	0	0	9170	0	0	0	8284	0	0	0	0	0	0	0	0	0	0	0	0	0	0	0	7050	0	0	0	6174	0	0	0	1842	0	0	0	0	0	0	0	0	0	0	0	0	0	0	0	0	0	0	0	0	0	0	0	0	0	0	0	
93832	SupraMarginal_R	0	3348	0	0	0	0	0	124	0	0	0	0	0	0	0	0	0	832	0	0	0	0	0	0	0	0	0	0	0	136	0	0	0	0	0	0	0	0	0	0	0	0	0	254	0	260	0	0	0	0	0	0	0	0	0	0	0	11294	0	2410	0	11456	0	0	0	9294	0	302	0	366	0	0	0	110	0	0	0	0	0	0	0	2626	0	0	0	3442	0	0	0	662	0	0	0	0	0	0	0	0	0	0	0	0	0	0	0	0	0	0	0	0	0	0	0	0	0	0	
162296	Angular_L	482	0	200	0	0	0	0	0	0	0	0	0	0	0	0	0	724	0	0	0	0	0	0	0	0	0	0	0	430	0	0	0	0	0	0	0	0	0	0	0	0	0	430	0	258	0	0	0	710	0	24778	0	340	0	0	0	714	0	1096	0	19256	0	8284	0	0	0	452	0	624	0	0	0	0	0	0	0	0	0	0	0	4728	0	0	0	14966	0	0	0	2676	0	0	0	0	0	0	0	0	0	0	0	0	0	0	0	0	0	0	0	0	0	0	0	0	0	0	0	
114864	Angular_R	0	1032	0	0	0	0	0	114	0	0	0	0	0	0	0	0	0	0	0	190	0	0	0	0	0	0	0	0	0	138	0	0	0	0	0	0	0	0	0	0	0	0	0	612	0	764	0	0	0	3464	0	9100	0	0	0	0	0	2514	0	5976	0	13148	0	9294	0	0	0	814	0	792	0	0	0	130	0	0	0	0	0	0	0	1912	0	0	0	6264	0	0	0	1174	0	0	0	0	0	0	0	0	0	0	0	0	0	0	0	0	0	0	0	0	0	0	0	0	0	0	
199104	Precuneus_L	716	0	0	0	0	0	0	0	0	0	0	0	0	0	0	0	0	0	278	0	0	0	0	0	0	0	0	0	714	0	0	0	3640	294	7716	1484	2110	434	2246	0	0	0	10126	294	9136	2946	2498	0	9664	942	9814	428	942	0	832	0	2854	0	9368	504	2402	0	0	0	452	0	0	6782	6488	234	0	0	0	0	0	0	0	0	610	0	308	0	0	0	2296	0	0	0	0	0	0	0	0	0	0	0	0	0	0	0	0	0	0	0	0	0	0	0	0	0	0	0	0	0	0	0	
386580	Precuneus_R	260	1302	0	0	0	0	0	0	0	0	0	0	0	0	0	0	0	0	0	2752	0	0	0	0	0	0	0	0	0	0	0	0	692	16146	2082	11850	1086	1970	244	764	0	0	148	27598	1530	34004	0	6838	976	12810	656	8260	0	1958	0	1086	0	18968	0	7196	0	402	0	302	0	814	6782	0	266	19972	0	0	0	0	0	0	0	0	0	0	0	948	0	0	0	1846	0	0	0	782	0	0	0	0	0	0	0	0	0	0	0	0	0	0	0	0	0	0	0	0	0	0	0	0	0	0	
419732	Paracentral_Lobule_L	45142	3862	12532	3020	0	0	1090	114	182	0	0	0	236	0	194	0	0	0	33700	25170	0	0	0	0	0	0	0	0	822	0	0	0	4002	18158	5212	1386	2068	204	0	0	0	0	1536	0	962	0	0	0	0	0	2918	0	212	0	178	0	4428	430	2686	0	2552	0	0	0	624	0	6488	266	0	7376	3206	3092	2346	848	478	246	9470	148	546	0	0	0	0	0	1736	0	0	0	0	0	0	0	0	0	0	0	0	0	0	0	0	0	0	0	0	0	0	0	0	0	0	0	0	0	0	0	
330500	Paracentral_Lobule_R	4642	9580	328	0	0	0	0	0	0	0	0	0	0	0	0	0	0	0	3716	22312	0	0	0	0	0	0	0	0	0	0	0	0	812	21452	1012	8190	0	0	0	0	0	0	0	18766	0	16852	0	1150	0	1548	0	1056	0	1028	0	354	0	19284	0	1078	0	366	0	366	0	792	234	19972	7376	0	382	230	0	0	0	0	120	178	0	0	0	280	0	0	0	634	0	0	0	1160	0	0	0	0	0	0	0	0	0	0	0	0	0	0	0	0	0	0	0	0	0	0	0	0	0	0	
274328	Caudate_L	4376	308	14300	4138	1978	452	3910	536	954	0	0	0	2064	482	1874	554	286	0	14420	5474	9404	8628	502	332	2230	258	5730	710	2006	470	6740	4762	106	1896	282	314	112	0	0	0	0	0	0	0	0	0	0	0	0	0	0	0	0	0	0	0	876	0	0	0	0	0	0	0	0	0	0	0	3206	382	0	13632	14658	434	538	0	2744	0	106	0	0	0	0	0	0	0	0	0	0	0	0	0	0	0	0	0	0	0	0	0	0	0	0	0	0	0	0	0	0	0	0	0	0	0	0	0	
452764	Caudate_R	3112	9062	2714	29884	182	4736	616	938	0	680	0	2356	310	1338	264	4290	0	1862	5822	24844	3650	6612	1750	9210	244	4500	922	1660	338	5312	2814	17638	0	8050	0	0	0	904	0	0	0	0	0	114	0	0	0	0	0	0	0	0	0	0	0	0	0	426	0	0	0	0	0	0	0	0	0	0	3092	230	13632	0	2620	34346	0	3844	0	11200	0	128	0	136	0	0	0	0	0	0	0	0	0	0	0	0	0	0	0	0	0	0	0	0	0	0	0	0	0	0	0	0	0	0	0	0	0	0	
411512	Putamen_L	9018	0	45818	842	4662	0	9482	0	1896	0	2270	0	4356	0	6094	0	782	0	30192	3204	3064	2498	1814	320	0	0	1316	134	29818	0	3926	1732	126	164	0	0	7466	0	1454	0	284	0	0	0	0	0	0	0	0	0	0	0	0	0	0	0	1310	0	0	0	394	0	0	0	0	0	0	0	2346	0	14658	2620	0	282	6812	0	2858	0	336	0	736	0	672	0	0	0	0	0	0	0	0	0	0	0	0	0	0	0	0	0	0	0	0	0	0	0	0	0	0	0	0	0	0	0	0	0	
567980	Putamen_R	1108	5036	2154	49930	0	3378	0	9856	0	648	0	14880	0	5662	0	5976	0	3818	5022	37436	0	838	1724	9150	0	2238	0	810	288	28990	868	11018	1478	9658	0	0	216	15344	0	2186	0	1552	0	256	0	0	0	0	0	0	0	112	0	272	0	1414	476	3182	0	0	0	0	0	110	0	130	0	0	848	0	434	34346	282	0	0	4452	0	5102	0	294	0	474	0	192	0	0	0	0	0	352	0	0	0	0	0	0	0	0	0	0	0	0	0	0	0	0	0	0	0	0	0	0	0	0	0	0	
49316	Pallidum_L	2654	0	6696	0	0	0	0	0	0	0	0	0	0	0	0	0	0	0	2738	1042	0	0	0	0	0	0	0	0	222	0	0	0	0	0	0	0	738	0	430	0	0	0	0	0	0	0	0	0	0	0	0	0	0	0	0	0	174	0	0	0	0	0	0	0	0	0	0	0	478	0	538	0	6812	0	0	0	2136	0	0	0	0	0	0	0	0	0	0	0	0	0	0	0	0	0	0	0	0	0	0	0	0	0	0	0	0	0	0	0	0	0	0	0	0	0	0	0	
29560	Pallidum_R	266	208	288	1438	0	0	0	0	0	0	0	0	0	0	0	0	0	440	326	1058	0	0	0	0	0	0	0	0	0	380	0	0	0	190	0	0	0	964	0	162	0	0	0	0	0	0	0	0	0	0	0	0	0	0	0	0	0	0	0	0	0	0	0	0	0	0	0	0	246	0	0	3844	0	4452	0	0	0	270	0	108	0	140	0	0	0	0	0	0	0	0	0	0	0	0	0	0	0	0	0	0	0	0	0	0	0	0	0	0	0	0	0	0	0	0	0	0	
122796	Thalamus_L	12598	0	12556	0	0	0	548	0	0	0	0	0	0	0	0	0	588	0	8136	226	0	0	0	0	0	0	0	0	1584	0	0	0	0	138	686	878	1394	448	198	0	0	0	0	0	0	0	0	0	0	0	0	0	0	0	0	0	1728	0	0	0	0	0	0	0	0	0	0	0	9470	120	2744	0	2858	0	2136	0	0	2364	0	0	0	0	0	0	0	0	0	0	0	0	0	0	0	0	0	0	0	0	0	0	0	0	0	0	0	0	0	0	0	0	0	0	0	0	0	0	
121368	Thalamus_R	176	10650	170	18812	0	0	0	0	0	0	0	0	0	0	0	0	0	0	132	5422	0	0	0	0	0	0	0	0	0	0	0	0	0	538	1022	1106	838	2308	0	248	0	0	0	0	0	0	0	0	0	0	0	0	0	0	0	0	0	0	0	0	0	0	0	0	0	0	0	0	148	178	0	11200	0	5102	0	270	2364	0	0	0	0	0	0	0	0	0	0	0	0	0	0	0	0	0	0	0	0	0	0	0	0	0	0	0	0	0	0	0	0	0	0	0	0	0	0	0	
80392	Heschl_L	6126	0	2022	0	0	0	1282	0	0	0	1616	0	114	0	0	0	2544	0	690	0	0	0	0	0	0	0	0	0	10916	0	0	0	0	0	0	0	2050	0	138	0	0	0	546	0	0	0	0	0	0	0	880	0	990	0	1494	0	2220	0	0	0	0	0	0	0	0	0	610	0	546	0	106	0	336	0	0	0	0	0	0	0	1930	0	142	0	1750	0	0	0	1148	0	0	0	0	0	0	0	0	0	0	0	0	0	0	0	0	0	0	0	0	0	0	0	0	0	0	0	
19664	Heschl_R	0	0	0	0	0	0	0	0	0	0	0	0	0	0	0	0	0	980	0	0	0	0	0	0	0	0	0	0	0	1116	0	0	0	0	0	0	0	292	0	0	0	0	0	108	0	0	0	0	0	0	0	0	0	390	0	474	0	0	0	0	0	0	0	0	0	0	0	0	0	0	0	128	0	294	0	108	0	0	0	0	0	5140	0	0	0	352	0	0	0	450	0	0	0	0	0	0	0	0	0	0	0	0	0	0	0	0	0	0	0	0	0	0	0	0	0	0	
142380	Temporal_Sup_L	2318	0	818	0	0	0	136	0	0	0	1606	0	270	0	0	0	8068	0	596	130	124	0	0	0	0	0	0	0	5536	0	0	0	0	0	0	0	1048	0	370	0	608	0	0	0	0	0	0	0	0	0	2240	0	384	0	1968	0	5632	0	408	0	2194	0	7050	0	4728	0	308	0	0	0	0	0	736	0	0	0	0	0	1930	0	0	0	1334	0	16142	0	178	0	4330	0	0	0	0	0	0	0	0	0	0	0	0	0	0	0	0	0	0	0	0	0	0	0	0	0	0	0	
74204	Temporal_Sup_R	0	642	0	0	0	0	0	0	0	0	0	0	0	0	0	526	0	1486	0	0	0	0	0	0	0	0	0	0	0	2100	0	0	0	0	0	0	0	578	0	0	0	0	0	362	0	320	0	0	0	274	0	292	0	240	0	1018	0	2058	0	1278	0	1820	0	2626	0	1912	0	948	0	280	0	136	0	474	0	140	0	0	0	5140	0	0	0	1992	0	8164	0	168	0	2128	0	0	0	0	0	0	0	0	0	0	0	0	0	0	0	0	0	0	0	0	0	0	0	0	0	0	
95756	Temporal_Pole_Sup_L	122	0	5174	0	0	0	1118	0	468	0	6968	0	936	0	1516	0	3618	0	2668	0	0	0	0	0	0	0	0	0	7530	0	0	0	0	0	0	0	408	0	506	0	370	0	0	0	0	0	0	0	0	0	0	0	0	0	936	0	0	0	0	0	0	0	0	0	0	0	0	0	0	0	0	0	672	0	0	0	0	0	142	0	1334	0	0	0	4950	0	4494	0	3948	0	0	0	0	0	0	0	0	0	0	0	0	0	0	0	0	0	0	0	0	0	0	0	0	0	0	0	
56976	Temporal_Pole_Sup_R	0	0	0	0	0	0	0	0	0	0	0	134	0	0	0	636	0	862	0	0	0	0	0	0	0	0	0	0	0	1330	0	0	0	0	0	0	0	2466	0	1336	0	2836	0	0	0	0	0	0	0	0	0	0	0	0	0	4206	0	0	0	0	0	0	0	0	0	0	0	0	0	0	0	0	0	192	0	0	0	0	0	0	0	1992	0	0	0	3200	0	4272	0	5026	0	0	0	0	0	0	0	0	0	0	0	0	0	0	0	0	0	0	0	0	0	0	0	0	0	0	
241308	Temporal_Mid_L	1266	0	144	0	0	0	164	0	0	0	0	0	0	0	0	0	1518	0	0	0	0	0	0	0	0	0	0	0	2126	0	0	0	256	0	0	0	140	0	0	0	0	0	866	0	372	0	0	0	1106	0	25160	0	2398	0	2902	0	680	0	2462	0	6502	0	6174	0	14966	0	2296	0	1736	0	0	0	0	0	0	0	0	0	1750	0	16142	0	4950	0	0	0	3506	0	21072	0	0	0	0	0	0	0	0	0	0	0	0	0	0	0	0	0	0	0	0	0	0	0	0	0	0	0	
139480	Temporal_Mid_R	0	736	0	0	0	0	0	0	0	0	0	0	0	0	0	0	0	0	0	342	0	0	0	0	0	0	0	0	0	260	0	0	0	152	0	0	0	1276	0	156	0	0	0	1720	0	1282	0	0	0	1108	0	9648	0	732	0	3152	0	522	0	0	0	1666	0	3442	0	6264	0	1846	0	634	0	0	0	0	0	0	0	0	0	352	0	8164	0	3200	0	0	0	1654	0	21432	0	0	0	0	0	0	0	0	0	0	0	0	0	0	0	0	0	0	0	0	0	0	0	0	0	0	
23044	Temporal_Pole_Mid_L	0	0	0	0	0	0	0	0	0	0	0	0	0	0	0	0	0	0	0	0	0	0	0	0	0	0	0	0	0	0	0	0	0	0	0	0	0	0	290	0	0	0	0	0	0	0	0	0	0	0	0	0	0	0	408	0	0	0	0	0	0	0	0	0	0	0	0	0	0	0	0	0	0	0	0	0	0	0	0	0	178	0	4494	0	3506	0	0	0	2646	0	0	0	0	0	0	0	0	0	0	0	0	0	0	0	0	0	0	0	0	0	0	0	0	0	0	0	
21884	Temporal_Pole_Mid_R	0	0	0	0	0	0	0	0	0	0	0	0	0	0	0	0	0	0	0	0	0	0	0	0	0	0	0	0	0	0	0	0	0	0	0	0	0	456	0	874	0	546	0	0	0	0	0	0	0	0	0	0	0	0	0	1574	0	0	0	0	0	0	0	0	0	0	0	0	0	0	0	0	0	0	0	0	0	0	0	0	0	168	0	4272	0	1654	0	0	0	1398	0	0	0	0	0	0	0	0	0	0	0	0	0	0	0	0	0	0	0	0	0	0	0	0	0	0	
149352	Temporal_Inf_L	630	0	0	0	0	0	236	0	0	0	0	0	0	0	0	0	576	0	0	0	0	0	0	0	0	0	0	0	2006	0	0	0	0	0	0	0	3972	0	468	0	800	0	108	0	0	0	0	0	0	0	3282	0	5010	0	17308	0	0	0	0	0	1010	0	1842	0	2676	0	0	0	0	0	0	0	0	0	0	0	0	0	1148	0	4330	0	3948	0	21072	0	2646	0	0	0	1154	0	206	0	0	0	0	0	112	0	0	0	136	0	0	0	0	0	0	0	0	0	0	0	0	0	
122136	Temporal_Inf_R	0	978	0	0	0	0	0	136	0	0	0	0	0	0	0	0	0	0	0	206	0	0	0	0	0	0	0	0	0	478	0	0	0	470	0	0	0	4100	0	150	0	1128	0	1868	0	888	0	0	0	454	0	1142	0	4202	0	8238	0	1048	0	0	0	558	0	662	0	1174	0	782	0	1160	0	0	0	352	0	0	0	0	0	450	0	2128	0	5026	0	21432	0	1398	0	0	0	460	0	0	0	0	0	0	0	0	0	0	0	0	0	0	0	0	0	0	0	0	0	0	0	0	
382828	Cerebelum_Crus1_L	0	0	0	0	0	0	0	0	0	0	0	0	0	0	0	0	0	0	0	0	0	0	0	0	0	0	0	0	0	0	0	0	0	0	0	0	0	0	0	0	0	0	0	0	0	0	4448	354	0	0	0	0	218	0	16918	0	0	0	0	0	0	0	0	0	0	0	0	0	0	0	0	0	0	0	0	0	0	0	0	0	0	0	0	0	0	0	0	0	1154	0	0	660	34572	2382	432	0	28248	438	56340	1182	9806	362	15416	1680	1216	0	600	0	612	616	2968	4614	4302	1876	0	0	
375504	Cerebelum_Crus1_R	0	0	0	0	0	0	0	0	0	0	0	0	0	0	0	0	0	0	0	0	0	0	0	0	0	0	0	0	0	0	0	0	0	0	0	0	0	0	0	0	0	0	0	236	0	106	0	3114	0	0	0	0	0	0	0	11662	0	0	0	0	0	0	0	0	0	0	0	0	0	0	0	0	0	0	0	0	0	0	0	0	0	0	0	0	0	0	0	0	0	460	660	0	396	34942	0	1764	990	24606	1160	57462	0	1828	0	14084	0	1908	0	2416	1766	932	11220	9100	5474	1030	0	436	
260284	Cerebelum_Crus2_L	0	0	0	0	0	0	0	0	0	0	0	0	0	0	0	0	0	0	0	0	0	0	0	0	0	0	0	0	0	0	0	0	0	0	0	0	0	0	0	0	0	0	0	0	0	0	200	250	0	0	0	0	0	0	224	0	0	0	0	0	0	0	0	0	0	0	0	0	0	0	0	0	0	0	0	0	0	0	0	0	0	0	0	0	0	0	0	0	206	0	34572	396	0	2840	168	0	2772	202	9666	530	30332	510	31324	1742	2186	0	558	0	304	308	572	3158	4618	2504	0	0	
216224	Cerebelum_Crus2_R	0	0	0	0	0	0	0	0	0	0	0	0	0	0	0	0	0	0	0	0	0	0	0	0	0	0	0	0	0	0	0	0	0	0	0	0	0	0	0	0	0	0	0	0	0	0	0	0	0	0	0	0	0	0	0	230	0	0	0	0	0	0	0	0	0	0	0	0	0	0	0	0	0	0	0	0	0	0	0	0	0	0	0	0	0	0	0	0	0	0	2382	34942	2840	0	0	878	128	2932	292	11622	1648	9268	1276	22400	0	1754	0	1844	528	114	724	1974	6566	3526	0	244	
13944	Cerebelum_3_L	0	0	0	0	0	0	0	0	0	0	0	0	0	0	0	0	0	0	0	0	0	0	0	0	0	0	0	0	0	0	0	0	0	0	0	0	0	0	0	0	0	0	0	0	0	0	0	0	0	0	0	0	0	0	0	0	0	0	0	0	0	0	0	0	0	0	0	0	0	0	0	0	0	0	0	0	0	0	0	0	0	0	0	0	0	0	0	0	0	0	432	0	168	0	0	0	2276	0	1034	0	0	0	0	0	528	0	168	0	238	374	662	526	264	156	0	146	
21056	Cerebelum_3_R	0	0	0	0	0	0	0	0	0	0	0	0	0	0	0	0	0	0	0	0	0	0	0	0	0	0	0	0	0	0	0	0	0	0	0	0	0	0	0	0	0	0	0	0	0	0	0	0	0	0	0	0	0	0	0	132	0	0	0	0	0	0	0	0	0	0	0	0	0	0	0	0	0	0	0	0	0	0	0	0	0	0	0	0	0	0	0	0	0	0	0	1764	0	878	0	0	0	1686	0	2322	0	0	0	400	0	134	0	0	356	660	776	248	776	396	0	0	
226356	Cerebelum_4_5_L	0	0	0	0	0	0	0	0	0	0	0	0	0	0	0	0	0	0	0	0	0	0	0	0	0	0	0	0	0	0	0	0	0	0	0	0	0	0	0	0	0	0	0	0	0	0	6312	208	0	0	0	0	0	0	11368	0	0	0	0	0	0	0	0	0	0	0	0	0	0	0	0	0	0	0	0	0	0	0	0	0	0	0	0	0	0	0	0	0	0	0	28248	990	2772	128	2276	0	0	744	40134	1524	0	0	454	0	2626	186	0	0	642	692	6750	3894	1478	892	382	478	
186428	Cerebelum_4_5_R	0	0	0	0	0	0	0	0	0	0	0	0	0	0	0	0	0	0	0	0	0	0	0	0	0	0	0	0	0	0	0	0	0	0	0	0	0	120	0	312	0	0	0	0	0	0	0	3714	0	0	0	0	0	0	0	7066	0	0	0	0	0	0	0	0	0	0	0	0	0	0	0	0	0	0	0	0	0	0	0	0	0	0	0	0	0	0	0	0	0	0	438	24606	202	2932	0	1686	744	0	718	32120	0	0	0	838	0	352	0	0	1506	836	12724	1238	740	172	150	0	
348860	Cerebelum_6_L	0	0	0	0	0	0	0	0	0	0	0	0	0	0	0	0	0	0	0	0	0	0	0	0	0	0	0	0	0	0	0	0	0	0	0	0	0	0	0	0	0	0	0	0	0	0	6812	368	0	0	0	0	0	0	19902	0	0	0	0	0	0	0	0	0	0	0	0	0	0	0	0	0	0	0	0	0	0	0	0	0	0	0	0	0	0	0	0	0	112	0	56340	1160	9666	292	1034	0	40134	718	0	1960	2726	0	4696	498	2190	366	840	0	816	802	6174	9778	3770	1862	486	928	
335648	Cerebelum_6_R	0	0	0	0	0	0	0	0	0	0	0	0	0	0	0	0	0	0	0	0	0	0	0	0	0	0	0	0	0	0	0	0	0	0	0	0	0	0	0	0	0	0	0	636	0	212	174	5346	0	0	0	0	0	0	150	13028	0	0	0	0	0	0	0	0	0	0	0	0	0	0	0	0	0	0	0	0	0	0	0	0	0	0	0	0	0	0	0	0	0	0	1182	57462	530	11622	0	2322	1524	32120	1960	0	0	0	0	2124	0	1022	0	1312	2904	1854	15534	9794	4034	728	0	250	
173116	Cerebelum_7b_L	0	0	0	0	0	0	0	0	0	0	0	0	0	0	0	0	0	0	0	0	0	0	0	0	0	0	0	0	0	0	0	0	0	0	0	0	0	0	0	0	0	0	0	0	0	0	0	0	0	0	0	0	0	0	0	0	0	0	0	0	0	0	0	0	0	0	0	0	0	0	0	0	0	0	0	0	0	0	0	0	0	0	0	0	0	0	0	0	0	0	9806	0	30332	1648	0	0	0	0	2726	0	0	244	29774	1570	2924	168	610	0	0	0	0	914	3178	2476	188	0	
41548	Cerebelum_7b_R	0	0	0	0	0	0	0	0	0	0	0	0	0	0	0	0	0	0	0	0	0	0	0	0	0	0	0	0	0	0	0	0	0	0	0	0	0	0	0	0	0	0	0	0	0	0	0	0	0	0	0	0	0	0	0	0	0	0	0	0	0	0	0	0	0	0	0	0	0	0	0	0	0	0	0	0	0	0	0	0	0	0	0	0	0	0	0	0	0	0	362	1828	510	9268	0	0	0	0	0	0	244	0	138	7144	0	0	0	0	0	0	0	0	828	452	0	0	
213016	Cerebelum_8_L	0	0	0	0	0	0	0	0	0	0	0	0	0	0	0	0	0	0	0	0	0	0	0	0	0	0	0	0	0	0	0	0	0	0	0	0	0	0	0	0	0	0	0	0	0	0	0	0	0	0	0	0	0	0	0	0	0	0	0	0	0	0	0	0	0	0	0	0	0	0	0	0	0	0	0	0	0	0	0	0	0	0	0	0	0	0	0	0	136	0	15416	0	31324	1276	0	0	454	0	4696	0	29774	138	0	1754	9386	652	1596	0	0	0	414	2028	3190	3252	788	234	
150752	Cerebelum_8_R	0	0	0	0	0	0	0	0	0	0	0	0	0	0	0	0	0	0	0	0	0	0	0	0	0	0	0	0	0	0	0	0	0	0	0	0	0	0	0	0	0	0	0	0	0	0	0	0	0	0	0	0	0	0	0	198	0	0	0	0	0	0	0	0	0	0	0	0	0	0	0	0	0	0	0	0	0	0	0	0	0	0	0	0	0	0	0	0	0	0	1680	14084	1742	22400	0	400	0	838	498	2124	1570	7144	1754	0	120	8770	0	1346	0	0	0	1250	4360	4180	918	0	
71384	Cerebelum_9_L	0	0	0	0	0	0	0	0	0	0	0	0	0	0	0	0	0	0	0	0	0	0	0	0	0	0	0	0	0	0	0	0	0	0	0	0	0	0	0	0	0	0	0	0	0	0	0	0	0	0	0	0	0	0	0	0	0	0	0	0	0	0	0	0	0	0	0	0	0	0	0	0	0	0	0	0	0	0	0	0	0	0	0	0	0	0	0	0	0	0	1216	0	2186	0	528	0	2626	0	2190	0	2924	0	9386	120	0	788	2698	0	0	0	152	3112	2794	2058	1342	1572	
52616	Cerebelum_9_R	0	0	0	0	0	0	0	0	0	0	0	0	0	0	0	0	0	0	0	0	0	0	0	0	0	0	0	0	0	0	0	0	0	0	0	0	0	0	0	0	0	0	0	0	0	0	0	0	0	0	0	0	0	0	0	0	0	0	0	0	0	0	0	0	0	0	0	0	0	0	0	0	0	0	0	0	0	0	0	0	0	0	0	0	0	0	0	0	0	0	0	1908	0	1754	0	134	186	352	366	1022	168	0	652	8770	788	0	0	1050	0	0	190	1046	1652	2406	2664	1200	
20148	Cerebelum_10_L	0	0	0	0	0	0	0	0	0	0	0	0	0	0	0	0	0	0	0	0	0	0	0	0	0	0	0	0	0	0	0	0	0	0	0	0	0	0	0	0	0	0	0	0	0	0	0	0	0	0	0	0	0	0	0	0	0	0	0	0	0	0	0	0	0	0	0	0	0	0	0	0	0	0	0	0	0	0	0	0	0	0	0	0	0	0	0	0	0	0	600	0	558	0	168	0	0	0	840	0	610	0	1596	0	2698	0	0	0	0	0	160	1028	804	486	140	386	
16148	Cerebelum_10_R	0	0	0	0	0	0	0	0	0	0	0	0	0	0	0	0	0	0	0	0	0	0	0	0	0	0	0	0	0	0	0	0	0	0	0	0	0	0	0	0	0	0	0	0	0	0	0	0	0	0	0	0	0	0	0	106	0	0	0	0	0	0	0	0	0	0	0	0	0	0	0	0	0	0	0	0	0	0	0	0	0	0	0	0	0	0	0	0	0	0	0	2416	0	1844	0	0	0	0	0	1312	0	0	0	1346	0	1050	0	0	0	0	0	0	0	0	0	0	
38692	Vermis_1_2	0	0	0	0	0	0	0	0	0	0	0	0	0	0	0	0	0	0	0	0	0	0	0	0	0	0	0	0	0	0	0	0	0	0	0	0	0	0	0	0	0	0	0	0	0	0	0	0	0	0	0	0	0	0	0	0	0	0	0	0	0	0	0	0	0	0	0	0	0	0	0	0	0	0	0	0	0	0	0	0	0	0	0	0	0	0	0	0	0	0	612	1766	304	528	238	356	642	1506	816	2904	0	0	0	0	0	0	0	0	0	3654	2890	1884	1072	174	0	0	
29680	Vermis_3	0	0	0	0	0	0	0	0	0	0	0	0	0	0	0	0	0	0	0	0	0	0	0	0	0	0	0	0	0	0	0	0	0	0	0	0	0	0	112	0	0	0	0	0	0	0	0	0	0	0	0	0	0	0	0	0	0	0	0	0	0	0	0	0	0	0	0	0	0	0	0	0	0	0	0	0	0	0	0	0	0	0	0	0	0	0	0	0	0	0	616	932	308	114	374	660	692	836	802	1854	0	0	0	0	0	0	0	0	3654	0	2138	1304	444	0	0	0	
155448	Vermis_4_5	0	0	0	0	0	0	0	0	0	0	0	0	0	0	0	0	0	0	0	0	0	0	0	0	0	0	0	0	0	0	0	0	0	0	0	0	0	0	0	0	0	0	0	0	0	0	518	2032	0	0	0	0	0	0	852	1528	0	0	0	0	0	0	0	0	0	0	0	0	0	0	0	0	0	0	0	0	0	0	0	0	0	0	0	0	0	0	0	0	0	0	2968	11220	572	724	662	776	6750	12724	6174	15534	0	0	414	0	152	190	160	0	2890	2138	0	5814	1916	258	0	758	
172396	Vermis_6	0	0	0	0	0	0	0	0	0	0	0	0	0	0	0	0	0	0	0	0	0	0	0	0	0	0	0	0	0	0	0	0	0	0	0	0	0	0	0	0	0	0	0	0	0	0	374	1470	0	0	0	0	0	0	222	1118	0	0	0	0	0	0	0	0	0	0	0	0	0	0	0	0	0	0	0	0	0	0	0	0	0	0	0	0	0	0	0	0	0	0	4614	9100	3158	1974	526	248	3894	1238	9778	9794	914	0	2028	1250	3112	1046	1028	0	1884	1304	5814	0	11118	4516	1426	3250	
156844	Vermis_7	0	0	0	0	0	0	0	0	0	0	0	0	0	0	0	0	0	0	0	0	0	0	0	0	0	0	0	0	0	0	0	0	0	0	0	0	0	0	0	0	0	0	0	0	0	0	0	686	0	0	0	0	0	0	0	624	0	0	0	0	0	0	0	0	0	0	0	0	0	0	0	0	0	0	0	0	0	0	0	0	0	0	0	0	0	0	0	0	0	0	4302	5474	4618	6566	264	776	1478	740	3770	4034	3178	828	3190	4360	2794	1652	804	0	1072	444	1916	11118	0	8726	2078	2930	
96012	Vermis_8	0	0	0	0	0	0	0	0	0	0	0	0	0	0	0	0	0	0	0	0	0	0	0	0	0	0	0	0	0	0	0	0	0	0	0	0	0	0	0	0	0	0	0	0	0	0	0	0	0	0	0	0	0	0	0	0	0	0	0	0	0	0	0	0	0	0	0	0	0	0	0	0	0	0	0	0	0	0	0	0	0	0	0	0	0	0	0	0	0	0	1876	1030	2504	3526	156	396	892	172	1862	728	2476	452	3252	4180	2058	2406	486	0	174	0	258	4516	8726	0	2980	2900	
29996	Vermis_9	0	0	0	0	0	0	0	0	0	0	0	0	0	0	0	0	0	0	0	0	0	0	0	0	0	0	0	0	0	0	0	0	0	0	0	0	0	0	0	0	0	0	0	0	0	0	0	0	0	0	0	0	0	0	0	0	0	0	0	0	0	0	0	0	0	0	0	0	0	0	0	0	0	0	0	0	0	0	0	0	0	0	0	0	0	0	0	0	0	0	0	0	0	0	0	0	382	150	486	0	188	0	788	918	1342	2664	140	0	0	0	0	1426	2078	2980	0	1456	
34336	Vermis_10	0	0	0	0	0	0	0	0	0	0	0	0	0	0	0	0	0	0	0	0	0	0	0	0	0	0	0	0	0	0	0	0	0	0	0	0	0	0	0	0	0	0	0	0	0	0	0	0	0	0	0	0	0	0	0	0	0	0	0	0	0	0	0	0	0	0	0	0	0	0	0	0	0	0	0	0	0	0	0	0	0	0	0	0	0	0	0	0	0	0	0	436	0	244	146	0	478	0	928	250	0	0	234	0	1572	1200	386	0	0	0	758	3250	2930	2900	1456	0	
