data	data	419944	278868	1.04966e+06	856724	199004	167296	589572	242852	91056	47284	239748	163364	305896	234168	186748	155472	182876	141736	667576	843604	74932	95388	412464	424776	18384	123852	56440	101308	592864	434704	351680	608548	169052	535664	132732	140676	234720	279268	72372	203552	25988	46940	246360	316172	211292	263056	197176	274652	210160	256248	428680	324692	154304	153964	269128	466784	270548	169412	118988	127668	194436	122428	133560	135204	160704	141440	271212	360804	158488	164200	250644	372984	380556	339032	85148	16232	125036	188692	82128	37708	198236	152996	84160	51436	320760	280008	16540	18500	246660	301988	397376	372616	334432	272968	24996	54156	218128	227004	386212	410980	221936	143896	305096	277876	157000	149372	35320	7936	20692	45784	228444	207584	163924	140668	78684	23408	
data	data	Precentral_L	Precentral_R	Frontal_Sup_L	Frontal_Sup_R	Frontal_Sup_Orb_L	Frontal_Sup_Orb_R	Frontal_Mid_L	Frontal_Mid_R	Frontal_Mid_Orb_L	Frontal_Mid_Orb_R	Frontal_Inf_Oper_L	Frontal_Inf_Oper_R	Frontal_Inf_Tri_L	Frontal_Inf_Tri_R	Frontal_Inf_Orb_L	Frontal_Inf_Orb_R	Rolandic_Oper_L	Rolandic_Oper_R	Supp_Motor_Area_L	Supp_Motor_Area_R	Olfactory_L	Olfactory_R	Frontal_Sup_Medial_L	Frontal_Sup_Medial_R	Frontal_Med_Orb_L	Frontal_Med_Orb_R	Rectus_L	Rectus_R	Insula_L	Insula_R	Cingulum_Ant_L	Cingulum_Ant_R	Cingulum_Mid_L	Cingulum_Mid_R	Cingulum_Post_L	Cingulum_Post_R	Hippocampus_L	Hippocampus_R	ParaHippocampal_L	ParaHippocampal_R	Amygdala_L	Amygdala_R	Calcarine_L	Calcarine_R	Cuneus_L	Cuneus_R	Lingual_L	Lingual_R	Occipital_Sup_L	Occipital_Sup_R	Occipital_Mid_L	Occipital_Mid_R	Occipital_Inf_L	Occipital_Inf_R	Fusiform_L	Fusiform_R	Postcentral_L	Postcentral_R	Parietal_Sup_L	Parietal_Sup_R	Parietal_Inf_L	Parietal_Inf_R	SupraMarginal_L	SupraMarginal_R	Angular_L	Angular_R	Precuneus_L	Precuneus_R	Paracentral_Lobule_L	Paracentral_Lobule_R	Caudate_L	Caudate_R	Putamen_L	Putamen_R	Pallidum_L	Pallidum_R	Thalamus_L	Thalamus_R	Heschl_L	Heschl_R	Temporal_Sup_L	Temporal_Sup_R	Temporal_Pole_Sup_L	Temporal_Pole_Sup_R	Temporal_Mid_L	Temporal_Mid_R	Temporal_Pole_Mid_L	Temporal_Pole_Mid_R	Temporal_Inf_L	Temporal_Inf_R	Cerebelum_Crus1_L	Cerebelum_Crus1_R	Cerebelum_Crus2_L	Cerebelum_Crus2_R	Cerebelum_3_L	Cerebelum_3_R	Cerebelum_4_5_L	Cerebelum_4_5_R	Cerebelum_6_L	Cerebelum_6_R	Cerebelum_7b_L	Cerebelum_7b_R	Cerebelum_8_L	Cerebelum_8_R	Cerebelum_9_L	Cerebelum_9_R	Cerebelum_10_L	Cerebelum_10_R	Vermis_1_2	Vermis_3	Vermis_4_5	Vermis_6	Vermis_7	Vermis_8	Vermis_9	Vermis_10	
419944	Precentral_L	0	4820	21300	508	0	0	24202	96	0	0	9004	260	888	0	0	0	7882	228	7298	3320	0	0	166	0	0	0	0	0	10678	472	114	90	1710	356	3172	1180	9092	278	534	92	0	0	230	0	202	0	0	0	428	0	1830	0	1116	0	906	0	27126	176	186	0	2282	0	732	0	652	0	474	0	15024	1230	1648	300	11254	198	3530	0	14390	1090	3618	0	2844	0	498	0	5460	0	0	0	4808	0	0	0	0	0	0	0	0	0	0	0	0	0	0	0	0	0	0	0	0	0	0	0	0	0	0	0	
278868	Precentral_R	4820	0	1646	11208	0	0	1644	9394	0	0	0	6870	0	100	0	0	0	3388	3780	12654	0	0	0	0	0	0	0	0	132	4088	0	0	194	778	294	566	1392	4160	0	262	0	0	0	190	0	0	0	0	0	0	0	388	0	106	0	616	732	22032	0	2090	0	2552	0	5440	0	1048	0	226	2168	7324	2308	1936	1506	2614	1224	278	2256	5658	0	196	0	2456	0	0	0	3940	0	0	0	2780	0	0	0	0	0	0	0	0	0	0	0	0	0	0	0	0	0	0	0	0	0	0	0	0	0	0	
1.04966e+06	Frontal_Sup_L	21300	1646	0	15974	15190	228	84990	482	2038	0	20020	1514	28450	490	9296	332	6024	532	69818	20484	548	0	46654	10332	104	462	0	0	43812	1944	20060	13160	5408	12642	408	96	2162	0	0	0	426	0	0	0	0	0	0	0	0	0	0	0	0	0	144	0	5958	0	0	0	770	0	216	0	0	0	0	0	1414	430	9814	1746	30874	1280	6208	0	2664	246	350	0	2200	0	2834	0	324	0	0	0	334	0	0	0	0	0	0	0	0	0	0	0	0	0	0	0	0	0	0	0	0	0	0	0	0	0	0	0	
856724	Frontal_Sup_R	508	11208	15974	0	346	11706	1862	44834	0	2512	488	8496	260	16452	220	9950	198	5018	13514	67400	238	1022	8140	39414	0	6248	212	3316	1742	20834	7924	41138	1170	24276	0	0	118	1074	0	140	0	0	0	0	0	0	0	0	0	0	0	0	0	0	0	100	114	700	0	194	0	250	0	294	0	0	0	0	0	0	4508	23840	1598	20182	0	1590	468	5768	0	608	0	196	0	0	0	0	0	0	0	0	0	0	0	0	0	0	0	0	0	0	0	0	0	0	0	0	0	0	0	0	0	0	0	0	0	0	
199004	Frontal_Sup_Orb_L	0	0	15190	346	0	116	3730	0	13610	0	256	0	2240	0	14394	0	0	0	1458	344	1928	522	5172	558	2784	156	4438	126	10302	0	7032	708	0	146	0	0	114	0	0	0	576	0	0	0	0	0	0	0	0	0	0	0	0	0	0	0	0	0	0	0	0	0	0	0	0	0	0	0	0	0	2526	428	9184	0	0	0	0	0	0	0	0	0	1118	0	0	0	0	0	0	0	0	0	0	0	0	0	0	0	0	0	0	0	0	0	0	0	0	0	0	0	0	0	0	0	0	0	
167296	Frontal_Sup_Orb_R	0	0	228	11706	116	0	0	3306	0	6460	0	0	0	1666	0	4046	0	0	242	1132	458	2450	250	6172	164	12088	416	11896	0	2666	604	5854	0	352	0	0	0	0	0	0	0	0	0	0	0	0	0	0	0	0	0	0	0	0	0	0	0	0	0	0	0	0	0	0	0	0	0	0	0	0	534	4814	300	5606	0	0	122	0	0	0	0	0	0	0	0	0	0	0	0	0	0	0	0	0	0	0	0	0	0	0	0	0	0	0	0	0	0	0	0	0	0	0	0	0	0	0	
589572	Frontal_Mid_L	24202	1644	84990	1862	3730	0	0	0	4602	0	16182	172	31958	0	9568	0	4150	0	12884	2802	0	0	18164	4264	0	0	0	0	24892	246	4228	3270	1940	2712	280	232	3064	0	0	0	0	0	0	0	0	0	0	0	0	0	0	0	0	0	124	0	4532	0	0	0	152	0	124	0	0	0	0	0	902	1074	1446	266	13694	150	4270	0	2014	134	128	0	1418	0	1754	0	320	0	0	0	246	0	0	0	0	0	0	0	0	0	0	0	0	0	0	0	0	0	0	0	0	0	0	0	0	0	0	0	
242852	Frontal_Mid_R	96	9394	482	44834	0	3306	0	0	0	3116	0	7416	0	16226	0	6768	0	1072	912	4066	0	0	348	3750	0	172	0	138	140	7472	148	2520	0	736	0	108	92	756	0	112	0	0	0	0	0	0	0	0	0	0	0	0	0	0	0	0	0	626	0	0	0	0	0	110	0	0	0	0	0	0	574	840	86	2874	0	0	264	1872	0	0	0	0	0	0	0	0	0	0	0	0	0	0	0	0	0	0	0	0	0	0	0	0	0	0	0	0	0	0	0	0	0	0	0	0	0	0	
91056	Frontal_Mid_Orb_L	0	0	2038	0	13610	0	4602	0	0	0	0	0	2490	0	15602	0	0	0	128	0	186	0	0	0	110	0	1322	0	2510	0	116	0	0	0	0	0	0	0	0	0	0	0	0	0	0	0	0	0	0	0	0	0	0	0	0	0	0	0	0	0	0	0	0	0	0	0	0	0	0	0	290	0	2036	0	0	0	0	0	0	0	0	0	488	0	0	0	0	0	0	0	0	0	0	0	0	0	0	0	0	0	0	0	0	0	0	0	0	0	0	0	0	0	0	0	0	0	
47284	Frontal_Mid_Orb_R	0	0	0	2512	0	6460	0	3116	0	0	0	0	0	416	0	5938	0	0	0	0	0	132	0	130	0	980	0	1102	0	398	0	0	0	0	0	0	0	0	0	0	0	0	0	0	0	0	0	0	0	0	0	0	0	0	0	0	0	0	0	0	0	0	0	0	0	0	0	0	0	0	0	1054	0	1404	0	0	0	0	0	0	0	0	0	0	0	0	0	0	0	0	0	0	0	0	0	0	0	0	0	0	0	0	0	0	0	0	0	0	0	0	0	0	0	0	0	0	
239748	Frontal_Inf_Oper_L	9004	0	20020	488	256	0	16182	0	0	0	0	230	22486	166	264	0	7242	256	10740	630	0	0	1296	0	0	0	0	0	14760	560	2364	566	258	194	0	0	418	0	0	0	0	0	0	0	0	0	0	0	0	0	0	0	0	0	0	0	3130	0	0	0	0	0	0	0	0	0	0	0	0	0	2012	0	2000	752	0	0	0	0	176	0	1748	0	1492	0	184	0	0	0	0	0	0	0	0	0	0	0	0	0	0	0	0	0	0	0	0	0	0	0	0	0	0	0	0	0	0	0	
163364	Frontal_Inf_Oper_R	260	6870	1514	8496	0	0	172	7416	0	0	230	0	0	9408	0	134	122	4948	1266	3652	0	0	306	958	0	0	0	0	450	13642	834	2376	0	498	0	0	118	854	0	96	0	0	0	0	0	0	0	0	0	0	0	0	0	0	0	0	0	3546	0	118	0	140	0	224	0	0	0	0	0	0	2062	2714	242	4960	0	338	892	946	0	158	0	520	0	202	0	0	0	0	0	0	0	0	0	0	0	0	0	0	0	0	0	0	0	0	0	0	0	0	0	0	0	0	0	0	0	0	
305896	Frontal_Inf_Tri_L	888	0	28450	260	2240	0	31958	0	2490	0	22486	0	0	0	12888	0	588	0	9780	334	0	0	3446	202	0	0	0	0	27884	124	3148	732	376	150	0	0	0	0	0	0	0	0	0	0	0	0	0	0	0	0	0	0	0	0	0	0	150	0	0	0	0	0	0	0	0	0	0	0	0	0	954	0	1416	90	0	0	0	0	0	0	162	0	1752	0	0	0	0	0	0	0	0	0	0	0	0	0	0	0	0	0	0	0	0	0	0	0	0	0	0	0	0	0	0	0	0	0	
234168	Frontal_Inf_Tri_R	0	100	490	16452	0	1666	0	16226	0	416	166	9408	0	0	0	14012	0	220	882	4320	0	132	2392	8232	0	336	0	238	160	21642	992	7726	102	4000	0	0	0	86	0	0	0	0	0	0	0	0	0	0	0	0	0	0	0	0	0	0	0	0	0	0	0	0	0	0	0	0	0	0	0	0	774	2634	132	3054	0	0	0	94	0	0	0	0	0	0	0	0	0	0	0	0	0	0	0	0	0	0	0	0	0	0	0	0	0	0	0	0	0	0	0	0	0	0	0	0	0	0	
186748	Frontal_Inf_Orb_L	0	0	9296	220	14394	0	9568	0	15602	0	264	0	12888	0	0	0	0	0	1288	154	1770	0	226	0	0	0	594	0	16378	0	132	114	0	0	0	0	94	0	0	0	554	0	0	0	0	0	0	0	0	0	0	0	0	0	0	0	0	0	0	0	0	0	0	0	0	0	0	0	0	0	756	164	5592	0	0	0	0	0	0	0	0	0	3326	0	0	0	0	0	0	0	0	0	0	0	0	0	0	0	0	0	0	0	0	0	0	0	0	0	0	0	0	0	0	0	0	0	
155472	Frontal_Inf_Orb_R	0	0	332	9950	0	4046	0	6768	0	5938	0	134	0	14012	0	0	0	0	354	2358	0	368	1346	4332	0	156	0	664	0	14062	228	2898	0	2628	0	0	0	0	0	0	0	0	0	0	0	0	0	0	0	0	0	0	0	0	0	0	0	0	0	0	0	0	0	0	0	0	0	0	0	0	118	1208	0	5448	0	0	0	0	0	0	0	190	0	198	0	0	0	0	0	0	0	0	0	0	0	0	0	0	0	0	0	0	0	0	0	0	0	0	0	0	0	0	0	0	0	0	
182876	Rolandic_Oper_L	7882	0	6024	198	0	0	4150	0	0	0	7242	122	588	0	0	0	0	164	3496	214	0	0	0	0	0	0	0	0	18026	290	110	90	0	0	532	138	1202	0	106	0	0	0	0	0	0	0	0	0	236	0	2018	0	278	0	206	0	11320	0	264	0	1052	0	2074	0	858	0	270	0	962	0	470	0	1202	294	0	0	0	0	4408	0	9278	0	1588	0	2464	0	0	0	1622	0	0	0	0	0	0	0	0	0	0	0	0	0	0	0	0	0	0	0	0	0	0	0	0	0	0	0	
141736	Rolandic_Oper_R	228	3388	532	5018	0	0	0	1072	0	0	256	4948	0	220	0	0	164	0	332	3292	0	0	184	216	0	0	0	0	318	15462	310	928	0	230	166	256	104	1522	0	98	0	0	0	0	0	0	0	0	0	114	0	176	0	0	0	386	0	4352	0	134	0	312	0	3686	0	0	0	134	0	172	342	2540	0	4344	0	184	302	1584	0	3330	0	7844	0	594	0	406	0	0	0	688	0	0	0	0	0	0	0	0	0	0	0	0	0	0	0	0	0	0	0	0	0	0	0	0	0	0	
667576	Supp_Motor_Area_L	7298	3780	69818	13514	1458	242	12884	912	128	0	10740	1266	9780	882	1288	354	3496	332	0	46434	0	0	10638	3982	0	260	0	148	14754	1732	9108	8922	9992	22592	1398	176	1240	314	0	0	0	0	0	0	0	0	0	0	0	0	0	0	0	0	0	0	3074	460	0	270	514	274	110	294	0	0	0	0	10368	740	10338	3956	19140	2054	6444	362	1050	1990	284	0	980	0	1020	0	98	0	0	0	106	0	0	0	0	0	0	0	0	0	0	0	0	0	0	0	0	0	0	0	0	0	0	0	0	0	0	0	
843604	Supp_Motor_Area_R	3320	12654	20484	67400	344	1132	2802	4066	0	0	630	3652	334	4320	154	2358	214	3292	46434	0	0	290	5062	13606	0	744	0	494	2118	9334	7140	27160	7284	51064	322	2174	1022	1142	0	204	0	254	0	1208	0	2218	0	240	0	1016	0	2444	0	1136	0	1370	130	1178	0	346	0	344	0	594	0	460	402	7100	4118	19878	4824	28392	2530	12942	1016	1048	1810	17024	0	578	0	746	0	0	0	2472	0	0	0	1234	0	0	0	0	0	0	0	0	0	0	0	0	0	0	0	0	0	0	0	0	0	0	0	0	0	0	
74932	Olfactory_L	0	0	548	238	1928	458	0	0	186	0	0	0	0	0	1770	0	0	0	0	0	0	6250	0	128	0	380	3580	1122	1946	0	2538	2148	0	0	0	0	0	0	100	0	292	0	0	0	0	0	0	0	0	0	0	0	0	0	0	0	0	0	0	0	0	0	0	0	0	0	0	0	0	0	6240	4308	2196	566	0	0	0	188	0	0	0	0	356	0	0	0	0	0	0	0	0	0	0	0	0	0	0	0	0	0	0	0	0	0	0	0	0	0	0	0	0	0	0	0	0	0	
95388	Olfactory_R	0	0	0	1022	522	2450	0	0	0	132	0	0	0	132	0	368	0	0	0	290	6250	0	0	476	0	1498	3168	3632	0	2332	2702	3678	0	88	0	0	0	526	0	194	0	956	0	0	0	0	0	0	0	0	0	0	0	0	0	146	0	0	0	0	0	0	0	0	0	0	0	0	0	0	7100	6326	2218	1166	0	0	0	322	0	0	0	0	0	0	0	0	0	0	0	0	0	0	0	0	0	0	0	0	0	0	0	0	0	0	0	0	0	0	0	0	0	0	0	0	0	0	
412464	Frontal_Sup_Medial_L	166	0	46654	8140	5172	250	18164	348	0	0	1296	306	3446	2392	226	1346	0	184	10638	5062	0	0	0	23418	1148	1284	196	108	4816	2138	24024	21234	7326	13346	0	0	0	0	0	0	0	0	0	0	0	0	0	0	0	0	0	0	0	0	0	0	0	0	0	0	0	0	0	0	0	0	0	0	0	0	1138	264	1884	118	0	0	0	0	0	0	0	0	0	0	0	0	0	0	0	0	0	0	0	0	0	0	0	0	0	0	0	0	0	0	0	0	0	0	0	0	0	0	0	0	0	0	
424776	Frontal_Sup_Medial_R	0	0	10332	39414	558	6172	4264	3750	0	130	0	958	202	8232	0	4332	0	216	3982	13606	128	476	23418	0	0	7614	140	2076	448	7620	8156	35934	580	18074	0	0	0	0	0	0	0	0	0	0	0	0	0	0	0	0	0	0	0	0	0	0	0	0	0	0	0	0	0	0	0	0	0	0	0	0	796	6588	438	3542	0	0	122	90	0	0	0	0	0	0	0	0	0	0	0	0	0	0	0	0	0	0	0	0	0	0	0	0	0	0	0	0	0	0	0	0	0	0	0	0	0	0	
18384	Frontal_Med_Orb_L	0	0	104	0	2784	164	0	0	110	0	0	0	0	0	0	0	0	0	0	0	0	0	1148	0	0	1262	798	210	0	0	2346	140	0	0	0	0	0	0	0	0	0	0	0	0	0	0	0	0	0	0	0	0	0	0	0	0	0	0	0	0	0	0	0	0	0	0	0	0	0	0	126	0	0	0	0	0	0	0	0	0	0	0	0	0	0	0	0	0	0	0	0	0	0	0	0	0	0	0	0	0	0	0	0	0	0	0	0	0	0	0	0	0	0	0	0	0	
123852	Frontal_Med_Orb_R	0	0	462	6248	156	12088	0	172	0	980	0	0	0	336	0	156	0	0	260	744	380	1498	1284	7614	1262	0	532	9540	0	338	1730	7982	0	390	0	0	0	0	0	0	0	0	0	0	0	0	0	0	0	0	0	0	0	0	0	0	0	0	0	0	0	0	0	0	0	0	0	0	0	0	392	4146	274	2962	0	0	0	0	0	0	0	0	0	0	0	0	0	0	0	0	0	0	0	0	0	0	0	0	0	0	0	0	0	0	0	0	0	0	0	0	0	0	0	0	0	0	
56440	Rectus_L	0	0	0	212	4438	416	0	0	1322	0	0	0	0	0	594	0	0	0	0	0	3580	3168	196	140	798	532	0	1078	212	0	2714	1266	0	0	0	0	0	0	0	0	0	0	0	0	0	0	0	0	0	0	0	0	0	0	0	0	0	0	0	0	0	0	0	0	0	0	0	0	0	0	3604	1804	1830	228	0	0	0	88	0	0	0	0	0	0	0	0	0	0	0	0	0	0	0	0	0	0	0	0	0	0	0	0	0	0	0	0	0	0	0	0	0	0	0	0	0	0	
101308	Rectus_R	0	0	0	3316	126	11896	0	138	0	1102	0	0	0	238	0	664	0	0	148	494	1122	3632	108	2076	210	9540	1078	0	0	888	760	4596	0	204	0	0	0	0	0	0	0	0	0	0	0	0	0	0	0	0	0	0	0	0	0	0	0	0	0	0	0	0	0	0	0	0	0	0	0	0	924	4020	482	2892	0	0	0	0	0	0	0	0	0	0	0	0	0	0	0	0	0	0	0	0	0	0	0	0	0	0	0	0	0	0	0	0	0	0	0	0	0	0	0	0	0	0	
592864	Insula_L	10678	132	43812	1742	10302	0	24892	140	2510	0	14760	450	27884	160	16378	0	18026	318	14754	2118	1946	0	4816	448	0	0	212	0	0	834	3770	1412	502	606	988	452	9044	172	266	0	902	0	96	0	0	0	0	0	0	0	772	0	560	0	1490	0	8242	0	0	0	982	0	1386	0	808	0	232	0	554	0	4116	442	19760	912	0	0	294	178	9058	0	11364	0	7586	0	5780	0	130	0	6264	0	0	0	0	0	0	0	0	0	0	0	0	0	0	0	0	0	0	0	0	0	0	0	0	0	0	0	
434704	Insula_R	472	4088	1944	20834	0	2666	246	7472	0	398	560	13642	124	21642	0	14062	290	15462	1732	9334	0	2332	2138	7620	0	338	0	888	834	0	1266	8630	0	3284	384	452	342	5420	0	1170	0	912	0	0	0	0	0	0	0	0	0	340	0	0	0	1612	0	2360	0	0	0	0	0	408	0	0	0	0	0	136	1922	4096	318	27312	0	238	988	4686	0	4202	94	9978	0	2204	0	2690	0	0	0	2790	0	0	0	0	0	0	0	0	0	0	0	0	0	0	0	0	0	0	0	0	0	0	0	0	0	0	
351680	Cingulum_Ant_L	114	0	20060	7924	7032	604	4228	148	116	0	2364	834	3148	992	132	228	110	310	9108	7140	2538	2702	24024	8156	2346	1730	2714	760	3770	1266	0	26410	5846	7244	0	0	0	0	0	0	0	0	0	0	0	0	0	0	0	0	0	0	0	0	0	0	0	0	0	0	0	0	0	0	0	0	0	0	356	0	9782	2866	7194	1392	0	0	0	152	0	0	0	0	0	0	0	0	0	0	0	0	0	0	0	0	0	0	0	0	0	0	0	0	0	0	0	0	0	0	0	0	0	0	0	0	0	0	
608548	Cingulum_Ant_R	90	0	13160	41138	708	5854	3270	2520	0	0	566	2376	732	7726	114	2898	90	928	8922	27160	2148	3678	21234	35934	140	7982	1266	4596	1412	8630	26410	0	5348	29004	0	0	0	144	0	0	0	0	0	0	0	0	0	0	0	0	0	0	0	0	0	0	0	0	0	0	0	0	0	0	0	0	0	0	0	0	4038	22014	1922	9376	0	0	306	440	0	0	0	0	0	0	0	0	0	0	0	0	0	0	0	0	0	0	0	0	0	0	0	0	0	0	0	0	0	0	0	0	0	0	0	0	0	0	
169052	Cingulum_Mid_L	1710	194	5408	1170	0	0	1940	0	0	0	258	0	376	102	0	0	0	0	9992	7284	0	0	7326	580	0	0	0	0	502	0	5846	5348	0	14258	2002	290	0	0	0	0	0	0	1260	376	1844	316	0	0	340	0	894	0	0	0	0	0	292	0	0	0	0	0	0	0	0	0	5254	902	7928	214	160	0	160	0	0	0	0	0	0	0	0	0	0	0	0	0	0	0	0	0	0	0	0	0	0	0	0	0	0	0	0	0	0	0	0	0	0	0	0	0	0	0	0	0	0	0	
535664	Cingulum_Mid_R	356	778	12642	24276	146	352	2712	736	0	0	194	498	150	4000	0	2628	0	230	22592	51064	0	88	13346	18074	0	390	0	204	606	3284	7244	29004	14258	0	566	2060	0	100	0	0	0	0	0	1862	116	5648	0	238	0	2980	0	3720	0	900	0	1032	0	808	0	1038	0	0	0	0	0	632	1298	12704	2366	7770	1432	6754	614	1648	0	0	0	0	0	0	0	0	0	0	0	1110	0	0	0	584	0	0	0	0	0	0	0	0	0	0	0	0	0	0	0	0	0	0	0	0	0	0	0	0	0	0	
132732	Cingulum_Post_L	3172	294	408	0	0	0	280	0	0	0	0	0	0	0	0	0	532	166	1398	322	0	0	0	0	0	0	0	0	988	384	0	0	2002	566	0	10118	6620	3912	3696	1918	0	0	2524	184	1366	104	1196	0	422	0	684	168	162	88	1862	852	190	152	132	0	134	0	326	0	172	0	6498	1724	3680	224	0	0	490	0	282	0	1594	2008	136	0	308	228	0	0	694	294	0	0	404	308	0	0	0	0	0	0	0	0	0	0	0	0	0	0	0	0	0	0	0	0	0	0	0	0	0	0	
140676	Cingulum_Post_R	1180	566	96	0	0	0	232	108	0	0	0	0	0	0	0	0	138	256	176	2174	0	0	0	0	0	0	0	0	452	452	0	0	290	2060	10118	0	5180	7740	1500	3468	0	0	0	2436	184	256	0	1358	0	114	0	656	0	806	1222	2494	0	248	0	0	0	90	0	154	0	410	898	8498	286	1642	0	0	466	0	272	0	2598	3108	0	0	0	400	0	0	162	1870	0	0	164	2554	0	0	0	0	0	0	0	130	0	0	0	0	0	0	0	0	0	0	0	0	676	0	0	0	0	0	
234720	Hippocampus_L	9092	1392	2162	118	114	0	3064	92	0	0	418	118	0	0	94	0	1202	104	1240	1022	0	0	0	0	0	0	0	0	9044	342	0	0	0	0	6620	5180	0	4084	9152	1440	4318	0	1538	0	0	0	1888	0	0	0	0	0	208	0	9402	544	1246	118	0	0	0	0	118	0	0	0	2572	586	0	426	876	0	7542	128	2712	0	5778	3060	1712	0	2276	90	1082	0	3116	0	328	0	8956	216	100	0	0	0	0	0	104	0	100	0	0	0	0	0	0	0	0	0	0	126	0	0	0	0	0	0	
279268	Hippocampus_R	278	4160	0	1074	0	0	0	756	0	0	0	854	0	86	0	0	0	1522	314	1142	0	526	0	0	0	0	0	0	172	5420	0	144	0	100	3912	7740	4084	0	1468	24976	0	6884	0	1272	0	0	0	2348	0	0	0	294	0	584	1178	24578	0	1412	0	192	0	194	0	236	0	0	176	3776	0	522	132	244	0	7866	0	150	2320	6716	0	546	0	1874	0	1138	0	3890	0	174	0	10734	0	0	0	0	0	0	0	758	0	150	0	0	0	0	0	0	0	0	0	0	568	0	0	0	0	0	
72372	ParaHippocampal_L	534	0	0	0	0	0	0	0	0	0	0	0	0	0	0	0	106	0	0	0	100	0	0	0	0	0	0	0	266	0	0	0	0	0	3696	1500	9152	1468	0	694	588	0	1664	0	0	0	3108	0	0	0	0	0	412	0	5566	270	122	0	0	0	0	0	0	0	0	0	2894	384	0	0	0	0	148	0	0	0	862	522	146	0	0	0	152	0	214	0	134	0	344	0	106	0	0	0	0	114	318	0	208	0	0	0	0	0	0	0	0	0	148	246	0	0	0	0	0	0	
203552	ParaHippocampal_R	92	262	0	140	0	0	0	112	0	0	0	96	0	0	0	0	0	98	0	204	0	194	0	0	0	0	0	0	0	1170	0	0	0	0	1918	3468	1440	24976	694	0	0	5184	0	2058	0	0	0	5206	0	0	0	216	0	1446	572	27034	0	168	0	0	0	0	0	0	0	0	174	4194	0	0	0	0	0	3170	0	0	292	1468	0	0	0	434	0	2864	0	1466	0	1566	0	5652	0	188	0	0	0	224	0	2322	0	428	0	0	0	0	0	0	0	0	0	0	586	0	0	0	0	0	
25988	Amygdala_L	0	0	426	0	576	0	0	0	0	0	0	0	0	0	554	0	0	0	0	0	292	0	0	0	0	0	0	0	902	0	0	0	0	0	0	0	4318	0	588	0	0	0	0	0	0	0	0	0	0	0	0	0	0	0	2898	0	0	0	0	0	0	0	0	0	0	0	0	0	0	0	0	0	238	0	0	0	0	0	0	0	0	0	466	0	220	0	190	0	1326	0	0	0	0	0	0	0	0	0	0	0	0	0	0	0	0	0	0	0	0	0	0	0	0	0	0	0	
46940	Amygdala_R	0	0	0	0	0	0	0	0	0	0	0	0	0	0	0	0	0	0	0	254	0	956	0	0	0	0	0	0	0	912	0	0	0	0	0	0	0	6884	0	5184	0	0	0	0	0	0	0	0	0	0	0	0	0	0	0	4492	0	0	0	0	0	0	0	0	0	0	0	0	0	0	0	238	0	488	0	0	0	280	0	0	0	0	0	2182	0	0	0	266	0	1334	0	0	0	0	0	0	0	0	0	0	0	0	0	0	0	0	0	0	0	0	0	0	0	0	0	0	
246360	Calcarine_L	230	0	0	0	0	0	0	0	0	0	0	0	0	0	0	0	0	0	0	0	0	0	0	0	0	0	0	0	96	0	0	0	1260	0	2524	0	1538	0	1664	0	0	0	0	8162	16904	5394	11858	1518	9938	2028	27170	790	5774	148	1750	168	104	0	730	0	90	0	0	0	182	0	17352	464	358	0	0	0	0	0	0	0	0	0	124	0	0	0	0	0	3414	0	0	0	1088	0	100	0	0	0	0	0	0	0	162	0	0	0	0	0	0	0	0	0	0	0	0	98	0	0	0	0	
316172	Calcarine_R	0	190	0	0	0	0	0	0	0	0	0	0	0	0	0	0	0	0	0	1208	0	0	0	0	0	0	0	0	0	0	0	0	376	1862	184	2436	0	1272	0	2058	0	0	8162	0	3774	24822	1184	19504	0	16480	0	13490	0	12990	0	13150	0	98	0	0	0	0	0	0	0	92	1348	20722	0	1072	0	0	0	0	0	0	0	0	0	0	0	0	0	0	0	4228	0	0	0	6840	0	364	0	0	0	0	0	90	0	90	0	0	0	0	0	0	0	0	0	0	0	0	0	0	0	0	
211292	Cuneus_L	202	0	0	0	0	0	0	0	0	0	0	0	0	0	0	0	0	0	0	0	0	0	0	0	0	0	0	0	0	0	0	0	1844	116	1366	184	0	0	0	0	0	0	16904	3774	0	5526	1030	100	23100	1254	20796	416	1874	0	344	0	140	0	1482	0	480	0	184	0	1018	0	17674	1060	778	0	0	0	0	0	0	0	0	0	0	0	416	0	0	0	2722	0	0	0	862	0	0	0	0	0	0	0	0	0	0	0	0	0	0	0	0	0	0	0	0	0	0	0	0	0	0	0	
263056	Cuneus_R	0	0	0	0	0	0	0	0	0	0	0	0	0	0	0	0	0	0	0	2218	0	0	0	0	0	0	0	0	0	0	0	0	316	5648	104	256	0	0	0	0	0	0	5394	24822	5526	0	178	1464	212	32312	0	15956	0	1338	0	1572	0	266	0	3266	0	284	0	292	0	1558	3156	21220	128	2644	0	0	0	0	0	0	0	0	0	0	0	224	0	0	0	512	0	0	0	662	0	0	0	0	0	0	0	0	0	0	0	0	0	0	0	0	0	0	0	0	0	0	0	0	0	0	
197176	Lingual_L	0	0	0	0	0	0	0	0	0	0	0	0	0	0	0	0	0	0	0	0	0	0	0	0	0	0	0	0	0	0	0	0	0	0	1196	0	1888	0	3108	0	0	0	11858	1184	1030	178	0	2538	780	284	9534	0	7492	146	10834	862	0	0	0	0	0	0	0	0	0	0	3580	0	0	0	0	0	0	0	0	0	0	0	0	0	0	0	0	0	136	0	0	0	180	0	5706	1720	1068	422	0	92	6348	2560	10530	3408	0	0	0	274	0	184	0	0	0	94	3696	4264	1414	0	0	0	
274652	Lingual_R	0	0	0	0	0	0	0	0	0	0	0	0	0	0	0	0	0	0	0	240	0	0	0	0	0	0	0	0	0	0	0	0	0	238	0	1358	0	2348	0	5206	0	0	1518	19504	100	1464	2538	0	0	2902	0	3526	100	7342	1640	21422	0	0	0	0	0	0	0	0	0	0	96	8368	0	162	0	0	0	0	0	0	0	150	0	0	0	0	0	0	0	734	0	0	0	2986	4304	6412	862	318	0	368	1036	6078	6978	11176	212	0	282	142	0	90	0	0	0	0	4664	8792	1670	0	0	0	
210160	Occipital_Sup_L	428	0	0	0	0	0	0	0	0	0	0	0	0	0	0	0	236	0	0	0	0	0	0	0	0	0	0	0	0	0	0	0	340	0	422	0	0	0	0	0	0	0	9938	0	23100	212	780	0	0	0	37392	0	1290	0	116	0	852	0	9268	0	1648	0	822	0	2580	0	10918	0	1300	0	0	0	0	0	0	0	0	0	0	0	422	0	0	0	2442	0	0	0	574	0	0	0	0	0	0	0	0	0	0	0	0	0	0	0	0	0	0	0	0	0	0	0	0	0	0	0	
256248	Occipital_Sup_R	0	0	0	0	0	0	0	0	0	0	0	0	0	0	0	0	0	114	0	1016	0	0	0	0	0	0	0	0	0	0	0	0	0	2980	0	114	0	0	0	0	0	0	2028	16480	1254	32312	284	2902	0	0	0	30042	0	1100	0	1354	0	310	0	7332	0	1302	0	610	0	7660	570	13858	116	1814	0	0	0	0	0	0	0	0	0	0	0	608	0	0	0	1108	0	0	0	688	0	168	0	0	0	0	0	0	0	0	0	0	0	0	0	0	0	0	0	0	0	0	0	0	0	0	
428680	Occipital_Mid_L	1830	0	0	0	0	0	0	0	0	0	0	0	0	0	0	0	2018	0	0	0	0	0	0	0	0	0	0	0	772	0	0	0	894	0	684	0	0	0	0	0	0	0	27170	0	20796	0	9534	0	37392	0	0	0	21506	0	3288	0	4108	0	14836	0	8820	0	1118	0	16838	0	16188	0	4896	0	0	0	0	0	0	0	0	0	178	0	1774	0	0	0	15626	0	0	0	3474	0	452	0	0	0	0	0	0	0	148	0	0	0	0	0	0	0	0	0	0	0	0	0	0	0	0	0	
324692	Occipital_Mid_R	0	388	0	0	0	0	0	0	0	0	0	0	0	0	0	0	0	176	0	2444	0	0	0	0	0	0	0	0	0	340	0	0	0	3720	168	656	0	294	0	216	0	0	790	13490	416	15956	0	3526	0	30042	0	0	0	7498	0	5690	0	530	0	3540	0	2732	0	1346	0	14394	376	13320	118	2662	0	0	0	0	0	0	0	0	0	152	0	2192	0	0	0	21932	0	0	0	13108	0	134	0	0	0	0	0	0	0	0	0	0	0	0	0	0	0	0	0	0	0	0	0	0	0	0	
154304	Occipital_Inf_L	1116	0	0	0	0	0	0	0	0	0	0	0	0	0	0	0	278	0	0	0	0	0	0	0	0	0	0	0	560	0	0	0	0	0	162	0	208	0	412	0	0	0	5774	0	1874	0	7492	100	1290	0	21506	0	0	0	8506	0	356	0	548	0	452	0	728	0	498	0	3038	0	884	0	0	0	0	0	0	0	0	0	1148	0	206	0	0	0	10228	0	0	0	8184	0	640	0	0	0	0	0	0	0	696	96	0	0	0	0	0	0	0	0	0	0	0	172	0	0	0	0	
153964	Occipital_Inf_R	0	106	0	0	0	0	0	0	0	0	0	0	0	0	0	0	0	0	0	1136	0	0	0	0	0	0	0	0	0	0	0	0	0	900	88	806	0	584	0	1446	0	0	148	12990	0	1338	146	7342	0	1100	0	7498	0	0	0	22644	0	772	0	0	0	0	0	0	0	0	148	6816	0	1840	0	0	0	0	0	0	0	0	0	0	0	0	0	0	0	1230	0	0	0	6976	0	232	0	0	0	0	0	0	112	360	0	0	0	0	0	0	0	0	0	0	0	224	0	0	0	0	
269128	Fusiform_L	906	0	144	0	0	0	124	0	0	0	0	0	0	0	0	0	206	0	0	0	0	0	0	0	0	0	0	0	1490	0	0	0	0	0	1862	1222	9402	1178	5566	572	2898	0	1750	0	344	0	10834	1640	116	0	3288	0	8506	0	0	1096	220	0	0	0	0	0	0	0	0	0	1842	292	284	0	0	0	174	0	0	0	646	388	454	0	1858	0	724	0	3838	0	1132	0	12472	0	18222	194	1792	0	112	0	7368	674	21000	1572	686	0	932	0	124	0	0	0	0	0	1560	2586	274	0	0	0	
466784	Fusiform_R	0	616	0	100	0	0	0	0	0	0	0	0	0	0	0	0	0	386	0	1370	0	146	0	0	0	0	0	0	0	1612	0	0	0	1032	852	2494	544	24578	270	27034	0	4492	168	13150	0	1572	862	21422	0	1354	0	5690	0	22644	1096	0	0	1010	0	0	0	0	0	0	0	0	224	9068	0	2026	0	0	0	3448	0	0	98	912	0	94	0	1202	0	2664	0	6446	0	1172	0	22114	2710	10276	564	562	0	232	220	6936	4044	14306	122	0	152	268	0	98	0	0	0	0	2164	5588	1188	0	0	0	
270548	Postcentral_L	27126	732	5958	114	0	0	4532	0	0	0	3130	0	150	0	0	0	11320	0	3074	130	0	0	0	0	0	0	0	0	8242	0	0	0	292	0	190	0	1246	0	122	0	0	0	104	0	140	0	0	0	852	0	4108	0	356	0	220	0	0	0	5456	0	20270	0	10064	0	3468	0	3588	0	4608	0	0	92	1842	0	148	0	314	224	4246	0	3938	0	0	0	2940	0	0	0	1938	0	0	0	0	0	0	0	0	0	0	0	0	0	0	0	0	0	0	0	0	0	0	0	0	0	0	0	
169412	Postcentral_R	176	22032	0	700	0	0	0	626	0	0	0	3546	0	0	0	0	0	4352	460	1178	0	0	0	0	0	0	0	0	0	2360	0	0	0	808	152	248	118	1412	0	168	0	0	0	98	0	266	0	0	0	310	0	530	0	772	0	1010	0	0	0	5678	0	5916	0	11978	0	1560	0	3700	0	7596	196	744	0	1870	0	206	106	930	0	180	0	1550	0	0	0	504	0	0	0	670	0	0	0	0	0	0	0	0	0	0	0	0	0	0	0	0	0	0	0	0	0	0	0	0	0	0	
118988	Parietal_Sup_L	186	0	0	0	0	0	0	0	0	0	0	0	0	0	0	0	264	0	0	0	0	0	0	0	0	0	0	0	0	0	0	0	0	0	132	0	0	0	0	0	0	0	730	0	1482	0	0	0	9268	0	14836	0	548	0	0	0	5456	0	0	0	8388	0	620	0	4766	0	9644	0	1476	0	0	0	0	0	0	0	0	0	0	0	266	0	0	0	1162	0	0	0	270	0	0	0	0	0	0	0	0	0	0	0	0	0	0	0	0	0	0	0	0	0	0	0	0	0	0	0	
127668	Parietal_Sup_R	0	2090	0	194	0	0	0	0	0	0	0	118	0	0	0	0	0	134	270	346	0	0	0	0	0	0	0	0	0	0	0	0	0	1038	0	0	0	192	0	0	0	0	0	0	0	3266	0	0	0	7332	0	3540	0	0	0	0	0	5678	0	0	0	12084	0	8468	0	7652	832	6838	0	1574	0	228	0	382	0	0	0	336	0	0	0	310	0	0	0	538	0	0	0	394	0	0	0	0	0	0	0	0	0	0	0	0	0	0	0	0	0	0	0	0	0	0	0	0	0	0	
194436	Parietal_Inf_L	2282	0	770	0	0	0	152	0	0	0	0	0	0	0	0	0	1052	0	514	0	0	0	0	0	0	0	0	0	982	0	0	0	0	0	134	0	0	0	0	0	0	0	90	0	480	0	0	0	1648	0	8820	0	452	0	0	0	20270	0	8388	0	0	0	18600	0	19862	0	2118	0	832	0	0	0	0	0	0	0	0	0	108	0	2098	0	0	0	5326	0	0	0	2240	0	0	0	0	0	0	0	0	0	0	0	0	0	0	0	0	0	0	0	0	0	0	0	0	0	0	0	
122428	Parietal_Inf_R	0	2552	0	250	0	0	0	0	0	0	0	140	0	0	0	0	0	312	274	344	0	0	0	0	0	0	0	0	0	0	0	0	0	0	0	90	0	194	0	0	0	0	0	0	0	284	0	0	0	1302	0	2732	0	0	0	0	0	5916	0	12084	0	0	0	16294	0	11106	0	558	0	266	0	250	0	386	0	0	0	334	0	0	0	1096	0	0	0	2892	0	0	0	1558	0	0	0	0	0	0	0	0	0	0	0	0	0	0	0	0	0	0	0	0	0	0	0	0	0	0	
133560	SupraMarginal_L	732	0	216	0	0	0	124	0	0	0	0	0	0	0	0	0	2074	0	110	0	0	0	0	0	0	0	0	0	1386	0	0	0	0	0	326	0	118	0	0	0	0	0	0	0	184	0	0	0	822	0	1118	0	728	0	0	0	10064	0	620	0	18600	0	0	0	10806	0	282	0	346	0	0	0	0	0	0	0	0	0	282	0	7818	0	0	0	7112	0	0	0	2912	0	0	0	0	0	0	0	0	0	0	0	0	0	0	0	0	0	0	0	0	0	0	0	0	0	0	0	
135204	SupraMarginal_R	0	5440	0	294	0	0	0	110	0	0	0	224	0	0	0	0	0	3686	294	594	0	0	0	0	0	0	0	0	0	408	0	0	0	0	0	154	0	236	0	0	0	0	0	0	0	292	0	0	0	610	0	1346	0	0	0	0	0	11978	0	8468	0	16294	0	0	0	4866	0	450	0	554	0	268	0	406	0	0	0	338	0	0	0	6012	0	0	0	2400	0	0	0	1880	0	0	0	0	0	0	0	0	0	0	0	0	0	0	0	0	0	0	0	0	0	0	0	0	0	0	
160704	Angular_L	652	0	0	0	0	0	0	0	0	0	0	0	0	0	0	0	858	0	0	0	0	0	0	0	0	0	0	0	808	0	0	0	0	0	172	0	0	0	0	0	0	0	182	0	1018	0	0	0	2580	0	16838	0	498	0	0	0	3468	0	4766	0	19862	0	10806	0	0	0	1940	0	1678	0	0	0	0	0	0	0	0	0	132	0	2908	0	0	0	9044	0	0	0	2142	0	0	0	0	0	0	0	0	0	0	0	0	0	0	0	0	0	0	0	0	0	0	0	0	0	0	0	
141440	Angular_R	0	1048	0	0	0	0	0	0	0	0	0	0	0	0	0	0	0	0	0	460	0	0	0	0	0	0	0	0	0	0	0	0	0	632	0	410	0	0	0	0	0	0	0	92	0	1558	0	0	0	7660	0	14394	0	0	0	0	0	1560	0	7652	0	11106	0	4866	0	0	0	2590	0	856	0	0	0	0	0	0	0	0	0	0	0	3270	0	0	0	9650	0	0	0	2916	0	0	0	0	0	0	0	0	0	0	0	0	0	0	0	0	0	0	0	0	0	0	0	0	0	0	
271212	Precuneus_L	474	0	0	0	0	0	0	0	0	0	0	0	0	0	0	0	270	0	0	402	0	0	0	0	0	0	0	0	232	0	0	0	5254	1298	6498	898	2572	176	2894	174	0	0	17352	1348	17674	3156	3580	96	10918	570	16188	376	3038	148	1842	224	3588	0	9644	832	2118	0	282	0	1940	0	0	8232	3650	344	0	0	0	0	0	0	0	0	168	0	520	0	0	0	4626	170	0	0	1724	116	0	0	0	0	0	0	0	0	0	0	0	0	0	0	0	0	0	0	0	0	0	0	0	0	0	0	
360804	Precuneus_R	0	226	0	0	0	0	0	0	0	0	0	0	0	0	0	0	0	134	0	7100	0	0	0	0	0	0	0	0	0	0	0	0	902	12704	1724	8498	586	3776	384	4194	0	0	464	20722	1060	21220	0	8368	0	13858	0	13320	0	6816	292	9068	0	3700	0	6838	0	558	0	450	0	2590	8232	0	290	9748	0	0	0	0	0	0	134	444	0	0	0	496	0	0	0	3918	0	0	0	6386	0	0	0	0	0	0	0	436	0	0	0	0	0	0	0	0	0	0	0	0	766	0	0	0	0	0	
158488	Paracentral_Lobule_L	15024	2168	1414	0	0	0	902	0	0	0	0	0	0	0	0	0	962	0	10368	4118	0	0	0	0	0	0	0	0	554	0	356	0	7928	2366	3680	286	0	0	0	0	0	0	358	0	778	128	0	0	1300	116	4896	118	884	0	284	0	4608	0	1476	0	832	0	346	0	1678	0	3650	290	0	1412	0	0	0	0	0	0	0	0	86	0	1278	0	0	0	2440	0	0	0	2160	0	0	0	0	0	0	0	0	0	0	0	0	0	0	0	0	0	0	0	0	0	0	0	0	0	0	0	
164200	Paracentral_Lobule_R	1230	7324	430	0	0	0	1074	0	0	0	0	0	0	0	0	0	0	172	740	19878	0	0	0	0	0	0	0	0	0	136	0	0	214	7770	224	1642	426	522	0	0	0	0	0	1072	0	2644	0	162	0	1814	0	2662	0	1840	0	2026	0	7596	0	1574	0	266	0	554	0	856	344	9748	1412	0	462	0	394	0	356	0	800	90	0	0	0	594	0	0	0	1766	0	0	0	1286	0	0	0	0	0	0	0	0	0	0	0	0	0	0	0	0	0	0	0	0	0	0	0	0	0	0	
250644	Caudate_L	1648	2308	9814	4508	2526	534	1446	574	290	0	2012	2062	954	774	756	118	470	342	10338	4824	6240	7100	1138	796	126	392	3604	924	4116	1922	9782	4038	160	1432	0	0	876	132	0	0	0	0	0	0	0	0	0	0	0	0	0	0	0	0	0	0	0	196	0	0	0	0	0	0	0	0	0	0	0	462	0	9414	15252	2450	1436	0	5966	666	0	0	214	0	190	0	0	0	0	0	0	0	0	0	0	0	0	0	0	0	0	0	0	0	0	0	0	0	0	0	0	0	0	0	0	0	0	0	
372984	Caudate_R	300	1936	1746	23840	428	4814	266	840	0	1054	0	2714	0	2634	164	1208	0	2540	3956	28392	4308	6326	264	6588	0	4146	1804	4020	442	4096	2866	22014	0	6754	0	0	0	244	0	0	0	238	0	0	0	0	0	0	0	0	0	0	0	0	0	0	92	744	0	228	0	250	0	268	0	0	0	0	0	0	9414	0	2218	15230	0	1722	846	13858	0	480	0	200	0	0	0	0	0	0	0	0	0	0	0	0	0	0	0	0	0	0	0	0	0	0	0	0	0	0	0	0	0	0	0	0	0	0	
380556	Putamen_L	11254	1506	30874	1598	9184	300	13694	86	2036	0	2000	242	1416	132	5592	0	1202	0	19140	2530	2196	2218	1884	438	0	274	1830	482	19760	318	7194	1922	160	614	490	466	7542	0	148	0	238	0	0	0	0	0	0	0	0	0	0	0	0	0	174	0	1842	0	0	0	0	0	0	0	0	0	0	0	0	394	15252	2218	0	662	12266	0	2114	406	0	0	1222	0	2200	0	220	0	0	0	348	0	0	0	0	0	0	0	0	0	0	0	0	0	0	0	0	0	0	0	0	0	0	0	0	0	0	0	
339032	Putamen_R	198	2614	1280	20182	0	5606	150	2874	0	1404	752	4960	90	3054	0	5448	294	4344	2054	12942	566	1166	118	3542	0	2962	228	2892	912	27312	1392	9376	0	1648	0	0	128	7866	0	3170	0	488	0	0	0	0	0	0	0	0	0	0	0	0	0	3448	0	1870	0	382	0	386	0	406	0	0	0	0	0	0	2450	15230	662	0	0	2000	406	6250	0	622	0	1104	0	590	0	546	0	0	0	1152	0	0	0	0	0	0	0	0	0	0	0	0	0	0	0	0	0	0	0	0	0	0	0	0	0	0	
85148	Pallidum_L	3530	1224	6208	0	0	0	4270	0	0	0	0	0	0	0	0	0	0	0	6444	1016	0	0	0	0	0	0	0	0	0	0	0	0	0	0	282	272	2712	0	0	0	0	0	0	0	0	0	0	0	0	0	0	0	0	0	0	0	148	0	0	0	0	0	0	0	0	0	0	0	0	356	1436	0	12266	0	0	0	2208	202	0	0	0	0	0	0	0	0	0	0	0	0	0	0	0	0	0	0	0	0	0	0	0	0	0	0	0	0	0	0	0	0	0	0	0	0	0	0	
16232	Pallidum_R	0	278	0	1590	0	0	0	0	0	0	0	338	0	0	0	0	0	184	362	1048	0	0	0	0	0	0	0	0	0	238	0	0	0	0	0	0	0	150	0	0	0	0	0	0	0	0	0	0	0	0	0	0	0	0	0	0	0	206	0	0	0	0	0	0	0	0	0	0	0	0	0	1722	0	2000	0	0	0	0	0	0	0	0	0	0	0	0	0	0	0	0	0	0	0	0	0	0	0	0	0	0	0	0	0	0	0	0	0	0	0	0	0	0	0	0	0	0	
125036	Thalamus_L	14390	2256	2664	468	0	122	2014	264	0	0	0	892	0	0	0	0	0	302	1050	1810	0	0	0	122	0	0	0	0	294	988	0	306	0	0	1594	2598	5778	2320	862	292	0	0	0	0	0	0	0	0	0	0	0	0	0	0	646	98	314	106	0	0	0	0	0	0	0	0	0	134	0	800	5966	846	2114	406	2208	0	0	7226	0	0	0	0	0	0	0	0	0	0	140	128	0	0	0	0	0	0	0	0	0	0	0	0	0	0	0	0	0	0	0	0	0	0	0	0	0	0	
188692	Thalamus_R	1090	5658	246	5768	0	0	134	1872	0	0	0	946	0	94	0	0	0	1584	1990	17024	188	322	0	90	0	0	88	0	178	4686	152	440	0	0	2008	3108	3060	6716	522	1468	0	280	0	0	0	0	0	150	0	0	0	0	0	0	388	912	224	930	0	336	0	334	0	338	0	0	0	444	0	90	666	13858	406	6250	202	0	7226	0	0	192	0	646	0	0	0	344	0	0	0	698	0	0	0	0	0	0	0	0	0	0	0	0	0	0	0	0	0	0	0	0	0	0	0	0	0	0	
82128	Heschl_L	3618	0	350	0	0	0	128	0	0	0	176	0	0	0	0	0	4408	0	284	0	0	0	0	0	0	0	0	0	9058	0	0	0	0	0	136	0	1712	0	146	0	0	0	124	0	0	0	0	0	0	0	178	0	1148	0	454	0	4246	0	0	0	108	0	282	0	132	0	168	0	86	0	0	0	0	0	0	0	0	0	0	0	2360	0	0	0	6158	0	0	0	5604	0	0	0	0	0	0	0	0	0	0	0	0	0	0	0	0	0	0	0	0	0	0	0	0	0	0	0	
37708	Heschl_R	0	196	0	608	0	0	0	0	0	0	0	158	0	0	0	0	0	3330	0	578	0	0	0	0	0	0	0	0	0	4202	0	0	0	0	0	0	0	546	0	0	0	0	0	0	0	0	0	0	0	0	0	152	0	0	0	94	0	180	0	0	0	0	0	0	0	0	0	0	0	0	0	480	0	622	0	0	0	192	0	0	0	6194	0	0	0	718	0	0	0	604	0	0	0	0	0	0	0	0	0	0	0	0	0	0	0	0	0	0	0	0	0	0	0	0	0	0	
198236	Temporal_Sup_L	2844	0	2200	0	0	0	1418	0	0	0	1748	0	162	0	0	0	9278	0	980	0	0	0	0	0	0	0	0	0	11364	94	0	0	0	0	308	0	2276	0	0	0	0	0	0	0	416	0	0	0	422	0	1774	0	206	0	1858	0	3938	0	266	0	2098	0	7818	0	2908	0	520	0	1278	0	214	0	1222	0	0	0	0	0	2360	0	0	0	4356	0	23134	0	92	0	11566	0	0	0	0	0	0	0	0	0	0	0	0	0	0	0	0	0	0	0	0	0	0	0	0	0	0	0	
152996	Temporal_Sup_R	0	2456	0	196	0	0	0	0	0	0	0	520	0	0	0	190	0	7844	0	746	0	0	0	0	0	0	0	0	0	9978	0	0	0	0	228	400	90	1874	0	434	0	0	0	0	0	224	0	0	0	608	0	2192	0	0	0	1202	0	1550	0	310	0	1096	0	6012	0	3270	0	496	0	594	0	200	0	1104	0	0	0	646	0	6194	0	0	0	4552	0	15536	0	262	0	5494	0	0	0	0	0	0	0	0	0	0	0	0	0	0	0	0	0	0	0	0	0	0	0	0	0	0	
84160	Temporal_Pole_Sup_L	498	0	2834	0	1118	0	1754	0	488	0	1492	0	1752	0	3326	0	1588	0	1020	0	356	0	0	0	0	0	0	0	7586	0	0	0	0	0	0	0	1082	0	152	0	466	0	0	0	0	0	0	0	0	0	0	0	0	0	724	0	0	0	0	0	0	0	0	0	0	0	0	0	0	0	190	0	2200	0	0	0	0	0	0	0	4356	0	0	0	4496	0	2214	0	2388	0	0	0	0	0	0	0	0	0	0	0	0	0	0	0	0	0	0	0	0	0	0	0	0	0	0	0	
51436	Temporal_Pole_Sup_R	0	0	0	0	0	0	0	0	0	0	0	202	0	0	0	198	0	594	0	0	0	0	0	0	0	0	0	0	0	2204	0	0	0	0	0	0	0	1138	0	2864	0	2182	0	0	0	0	0	0	0	0	0	0	0	0	0	2664	0	0	0	0	0	0	0	0	0	0	0	0	0	0	0	0	0	590	0	0	0	0	0	0	0	4552	0	0	0	2990	0	3326	0	2214	0	0	0	0	0	0	0	0	0	0	0	0	0	0	0	0	0	0	0	0	0	0	0	0	0	0	
320760	Temporal_Mid_L	5460	0	324	0	0	0	320	0	0	0	184	0	0	0	0	0	2464	0	98	0	0	0	0	0	0	0	0	0	5780	0	0	0	0	0	694	162	3116	0	214	0	220	0	3414	0	2722	0	136	0	2442	0	15626	0	10228	0	3838	0	2940	0	1162	0	5326	0	7112	0	9044	0	4626	0	2440	0	0	0	220	0	0	0	0	0	6158	0	23134	0	4496	0	0	0	1932	0	34348	0	0	0	0	0	0	0	0	0	0	0	0	0	0	0	0	0	0	0	0	0	0	0	0	0	0	0	
280008	Temporal_Mid_R	0	3940	0	0	0	0	0	0	0	0	0	0	0	0	0	0	0	406	0	2472	0	0	0	0	0	0	0	0	0	2690	0	0	0	1110	294	1870	0	3890	0	1466	0	0	0	4228	0	512	0	734	0	1108	0	21932	0	1230	0	6446	0	504	0	538	0	2892	0	2400	0	9650	170	3918	0	1766	0	0	0	546	0	0	0	344	0	718	0	15536	0	2990	0	0	0	1524	0	42180	0	0	0	0	0	0	0	0	0	0	0	0	0	0	0	0	0	0	0	0	0	0	0	0	0	0	
16540	Temporal_Pole_Mid_L	0	0	0	0	0	0	0	0	0	0	0	0	0	0	0	0	0	0	0	0	0	0	0	0	0	0	0	0	130	0	0	0	0	0	0	0	328	0	134	0	190	0	0	0	0	0	0	0	0	0	0	0	0	0	1132	0	0	0	0	0	0	0	0	0	0	0	0	0	0	0	0	0	0	0	0	0	0	0	0	0	92	0	2214	0	1932	0	0	0	2118	0	0	0	0	0	0	0	0	0	0	0	0	0	0	0	0	0	0	0	0	0	0	0	0	0	0	0	
18500	Temporal_Pole_Mid_R	0	0	0	0	0	0	0	0	0	0	0	0	0	0	0	0	0	0	0	0	0	0	0	0	0	0	0	0	0	0	0	0	0	0	0	0	0	174	0	1566	0	266	0	0	0	0	0	0	0	0	0	0	0	0	0	1172	0	0	0	0	0	0	0	0	0	0	0	0	0	0	0	0	0	0	0	0	0	0	0	0	0	262	0	3326	0	1524	0	0	0	960	0	0	0	0	0	0	0	0	0	0	0	0	0	0	0	0	0	0	0	0	0	0	0	0	0	0	
246660	Temporal_Inf_L	4808	0	334	0	0	0	246	0	0	0	0	0	0	0	0	0	1622	0	106	0	0	0	0	0	0	0	0	0	6264	0	0	0	0	0	404	164	8956	0	344	0	1326	0	1088	0	862	0	180	0	574	0	3474	0	8184	0	12472	0	1938	0	270	0	2240	0	2912	0	2142	0	1724	0	2160	0	0	0	348	0	0	0	140	0	5604	0	11566	0	2388	0	34348	0	2118	0	0	0	1634	0	0	0	0	0	0	0	390	0	0	0	0	0	0	0	0	0	0	0	0	0	0	0	0	0	
301988	Temporal_Inf_R	0	2780	0	0	0	0	0	0	0	0	0	0	0	0	0	0	0	688	0	1234	0	0	0	0	0	0	0	0	0	2790	0	0	0	584	308	2554	216	10734	0	5652	0	1334	0	6840	0	662	0	2986	0	688	0	13108	0	6976	0	22114	0	670	0	394	0	1558	0	1880	0	2916	116	6386	0	1286	0	0	0	1152	0	0	128	698	0	604	0	5494	0	2214	0	42180	0	960	0	0	0	110	0	0	0	0	0	0	0	0	0	0	0	0	0	0	0	0	0	0	0	0	0	0	0	0	
397376	Cerebelum_Crus1_L	0	0	0	0	0	0	0	0	0	0	0	0	0	0	0	0	0	0	0	0	0	0	0	0	0	0	0	0	0	0	0	0	0	0	0	0	100	0	106	0	0	0	100	0	0	0	5706	4304	0	0	452	0	640	0	18222	2710	0	0	0	0	0	0	0	0	0	0	0	0	0	0	0	0	0	0	0	0	0	0	0	0	0	0	0	0	0	0	0	0	1634	0	0	4588	35166	1416	310	116	14320	1622	43854	7006	10030	198	13762	774	5406	266	792	0	146	228	5052	8980	7514	1416	1430	322	
372616	Cerebelum_Crus1_R	0	0	0	0	0	0	0	0	0	0	0	0	0	0	0	0	0	0	0	0	0	0	0	0	0	0	0	0	0	0	0	0	0	0	0	0	0	0	0	188	0	0	0	364	0	0	1720	6412	0	168	0	134	0	232	194	10276	0	0	0	0	0	0	0	0	0	0	0	0	0	0	0	0	0	0	0	0	0	0	0	0	0	0	0	0	0	0	0	0	0	110	4588	0	3306	34706	0	1978	888	16158	4700	44368	838	5576	1326	14848	388	3344	110	280	312	760	5722	8800	7492	3518	2364	140	
334432	Cerebelum_Crus2_L	0	0	0	0	0	0	0	0	0	0	0	0	0	0	0	0	0	0	0	0	0	0	0	0	0	0	0	0	0	0	0	0	0	0	0	0	0	0	0	0	0	0	0	0	0	0	1068	862	0	0	0	0	0	0	1792	564	0	0	0	0	0	0	0	0	0	0	0	0	0	0	0	0	0	0	0	0	0	0	0	0	0	0	0	0	0	0	0	0	0	0	35166	3306	0	4986	0	0	2010	478	9388	2006	34812	3318	34722	3382	10518	430	1446	0	0	0	1558	2642	7044	4396	1118	204	
272968	Cerebelum_Crus2_R	0	0	0	0	0	0	0	0	0	0	0	0	0	0	0	0	0	0	0	0	0	0	0	0	0	0	0	0	0	0	0	0	0	0	0	0	0	0	0	0	0	0	0	0	0	0	422	318	0	0	0	0	0	0	0	562	0	0	0	0	0	0	0	0	0	0	0	0	0	0	0	0	0	0	0	0	0	0	0	0	0	0	0	0	0	0	0	0	0	0	1416	34706	4986	0	0	584	500	2922	444	9038	2938	22462	3700	27622	1066	4998	356	216	220	504	1948	1320	6332	4952	1830	122	
24996	Cerebelum_3_L	0	0	0	0	0	0	0	0	0	0	0	0	0	0	0	0	0	0	0	0	0	0	0	0	0	0	0	0	0	0	0	0	0	0	0	0	0	0	0	0	0	0	0	0	0	0	0	0	0	0	0	0	0	0	112	0	0	0	0	0	0	0	0	0	0	0	0	0	0	0	0	0	0	0	0	0	0	0	0	0	0	0	0	0	0	0	0	0	0	0	310	0	0	0	0	364	4800	190	680	420	0	0	0	334	288	276	0	0	792	2184	1748	0	0	0	0	0	
54156	Cerebelum_3_R	0	0	0	0	0	0	0	0	0	0	0	0	0	0	0	0	0	0	0	0	0	0	0	0	0	0	0	0	0	0	0	0	0	0	0	0	0	0	114	224	0	0	0	0	0	0	92	368	0	0	0	0	0	0	0	232	0	0	0	0	0	0	0	0	0	0	0	0	0	0	0	0	0	0	0	0	0	0	0	0	0	0	0	0	0	0	0	0	0	0	116	1978	0	584	364	0	1046	4784	296	5200	0	0	124	2476	156	1956	0	0	498	3666	1876	198	190	282	258	0	
218128	Cerebelum_4_5_L	0	0	0	0	0	0	0	0	0	0	0	0	0	0	0	0	0	0	0	0	0	0	0	0	0	0	0	0	0	0	0	0	0	0	0	0	104	0	318	0	0	0	0	0	0	0	6348	1036	0	0	0	0	0	0	7368	220	0	0	0	0	0	0	0	0	0	0	0	0	0	0	0	0	0	0	0	0	0	0	0	0	0	0	0	0	0	0	0	0	0	0	14320	888	2010	500	4800	1046	0	4216	25582	3786	2306	0	3422	2010	4294	1394	968	0	1300	2234	15276	2118	146	390	226	438	
227004	Cerebelum_4_5_R	0	0	0	0	0	0	0	0	0	0	0	0	0	0	0	0	0	0	0	0	0	0	0	0	0	0	0	0	0	0	0	0	0	0	0	130	0	758	0	2322	0	0	0	90	0	0	2560	6078	0	0	0	0	0	0	674	6936	0	0	0	0	0	0	0	0	0	0	0	436	0	0	0	0	0	0	0	0	0	0	0	0	0	0	0	0	0	0	0	0	0	0	1622	16158	478	2922	190	4784	4216	0	3508	26928	310	0	434	3778	480	3180	156	258	0	1154	15394	3626	768	948	1084	1142	
386212	Cerebelum_6_L	0	0	0	0	0	0	0	0	0	0	0	0	0	0	0	0	0	0	0	0	0	0	0	0	0	0	0	0	0	0	0	0	0	0	0	0	100	0	208	0	0	0	162	0	0	0	10530	6978	0	0	148	0	696	112	21000	4044	0	0	0	0	0	0	0	0	0	0	0	0	0	0	0	0	0	0	0	0	0	0	0	0	0	0	0	0	0	0	0	0	390	0	43854	4700	9388	444	680	296	25582	3508	0	10340	4310	0	6384	876	4848	608	1136	0	182	262	10814	14630	4758	510	468	160	
410980	Cerebelum_6_R	0	0	0	0	0	0	0	0	0	0	0	0	0	0	0	0	0	0	0	0	0	0	0	0	0	0	0	0	0	0	0	0	0	0	0	0	0	150	0	428	0	0	0	90	0	0	3408	11176	0	0	0	0	96	360	1572	14306	0	0	0	0	0	0	0	0	0	0	0	0	0	0	0	0	0	0	0	0	0	0	0	0	0	0	0	0	0	0	0	0	0	0	7006	44368	2006	9038	420	5200	3786	26928	10340	0	698	232	1056	8558	486	6992	170	638	508	1876	13626	15290	7252	3932	3194	304	
221936	Cerebelum_7b_L	0	0	0	0	0	0	0	0	0	0	0	0	0	0	0	0	0	0	0	0	0	0	0	0	0	0	0	0	0	0	0	0	0	0	0	0	0	0	0	0	0	0	0	0	0	0	0	212	0	0	0	0	0	0	686	122	0	0	0	0	0	0	0	0	0	0	0	0	0	0	0	0	0	0	0	0	0	0	0	0	0	0	0	0	0	0	0	0	0	0	10030	838	34812	2938	0	0	2306	310	4310	698	0	3476	30322	1928	8508	136	1068	0	0	0	1292	454	2262	3836	290	134	
143896	Cerebelum_7b_R	0	0	0	0	0	0	0	0	0	0	0	0	0	0	0	0	0	0	0	0	0	0	0	0	0	0	0	0	0	0	0	0	0	0	0	0	0	0	0	0	0	0	0	0	0	0	0	0	0	0	0	0	0	0	0	0	0	0	0	0	0	0	0	0	0	0	0	0	0	0	0	0	0	0	0	0	0	0	0	0	0	0	0	0	0	0	0	0	0	0	198	5576	3318	22462	0	0	0	0	0	232	3476	0	3768	22036	766	4090	280	0	0	0	0	0	1702	3956	88	0	
305096	Cerebelum_8_L	0	0	0	0	0	0	0	0	0	0	0	0	0	0	0	0	0	0	0	0	0	0	0	0	0	0	0	0	0	0	0	0	0	0	0	0	0	0	0	0	0	0	0	0	0	0	0	282	0	0	0	0	0	0	932	152	0	0	0	0	0	0	0	0	0	0	0	0	0	0	0	0	0	0	0	0	0	0	0	0	0	0	0	0	0	0	0	0	0	0	13762	1326	34722	3700	0	124	3422	434	6384	1056	30322	3768	0	5058	22844	1742	3978	0	88	0	2012	554	4352	8800	2486	248	
277876	Cerebelum_8_R	0	0	0	0	0	0	0	0	0	0	0	0	0	0	0	0	0	0	0	0	0	0	0	0	0	0	0	0	0	0	0	0	0	0	0	0	0	0	0	0	0	0	0	0	0	0	274	142	0	0	0	0	0	0	0	268	0	0	0	0	0	0	0	0	0	0	0	0	0	0	0	0	0	0	0	0	0	0	0	0	0	0	0	0	0	0	0	0	0	0	774	14848	3382	27622	334	2476	2010	3778	876	8558	1928	22036	5058	0	2360	20810	542	588	360	1588	3946	688	4446	6796	2160	290	
157000	Cerebelum_9_L	0	0	0	0	0	0	0	0	0	0	0	0	0	0	0	0	0	0	0	0	0	0	0	0	0	0	0	0	0	0	0	0	0	0	0	0	0	0	0	0	0	0	0	0	0	0	0	0	0	0	0	0	0	0	124	0	0	0	0	0	0	0	0	0	0	0	0	0	0	0	0	0	0	0	0	0	0	0	0	0	0	0	0	0	0	0	0	0	0	0	5406	388	10518	1066	288	156	4294	480	4848	486	8508	766	22844	2360	0	1086	4956	0	94	132	2084	862	1534	3640	1364	216	
149372	Cerebelum_9_R	0	0	0	0	0	0	0	0	0	0	0	0	0	0	0	0	0	0	0	0	0	0	0	0	0	0	0	0	0	0	0	0	0	0	0	0	0	0	0	0	0	0	0	0	0	0	184	90	0	0	0	0	0	0	0	98	0	0	0	0	0	0	0	0	0	0	0	0	0	0	0	0	0	0	0	0	0	0	0	0	0	0	0	0	0	0	0	0	0	0	266	3344	430	4998	276	1956	1394	3180	608	6992	136	4090	1742	20810	1086	0	110	1034	272	1106	3232	2642	2856	5172	5188	1394	
35320	Cerebelum_10_L	0	0	0	0	0	0	0	0	0	0	0	0	0	0	0	0	0	0	0	0	0	0	0	0	0	0	0	0	0	0	0	0	0	0	0	0	0	0	0	0	0	0	0	0	0	0	0	0	0	0	0	0	0	0	0	0	0	0	0	0	0	0	0	0	0	0	0	0	0	0	0	0	0	0	0	0	0	0	0	0	0	0	0	0	0	0	0	0	0	0	792	110	1446	356	0	0	968	156	1136	170	1068	280	3978	542	4956	110	0	0	0	0	720	0	272	600	0	0	
7936	Cerebelum_10_R	0	0	0	0	0	0	0	0	0	0	0	0	0	0	0	0	0	0	0	0	0	0	0	0	0	0	0	0	0	0	0	0	0	0	0	0	0	0	0	0	0	0	0	0	0	0	0	0	0	0	0	0	0	0	0	0	0	0	0	0	0	0	0	0	0	0	0	0	0	0	0	0	0	0	0	0	0	0	0	0	0	0	0	0	0	0	0	0	0	0	0	280	0	216	0	0	0	258	0	638	0	0	0	588	0	1034	0	0	0	0	224	142	178	188	222	0	
20692	Vermis_1_2	0	0	0	0	0	0	0	0	0	0	0	0	0	0	0	0	0	0	0	0	0	0	0	0	0	0	0	0	0	0	0	0	0	0	0	0	0	0	148	0	0	0	0	0	0	0	0	0	0	0	0	0	0	0	0	0	0	0	0	0	0	0	0	0	0	0	0	0	0	0	0	0	0	0	0	0	0	0	0	0	0	0	0	0	0	0	0	0	0	0	146	312	0	220	792	498	1300	0	182	508	0	0	88	360	94	272	0	0	0	3386	1596	116	0	238	90	0	
45784	Vermis_3	0	0	0	0	0	0	0	0	0	0	0	0	0	0	0	0	0	0	0	0	0	0	0	0	0	0	0	0	0	0	0	0	0	0	0	0	126	0	246	0	0	0	0	0	0	0	94	0	0	0	0	0	0	0	0	0	0	0	0	0	0	0	0	0	0	0	0	0	0	0	0	0	0	0	0	0	0	0	0	0	0	0	0	0	0	0	0	0	0	0	228	760	0	504	2184	3666	2234	1154	262	1876	0	0	0	1588	132	1106	0	0	3386	0	2478	168	152	356	192	0	
228444	Vermis_4_5	0	0	0	0	0	0	0	0	0	0	0	0	0	0	0	0	0	0	0	0	0	0	0	0	0	0	0	0	0	0	0	0	0	0	0	676	0	568	0	586	0	0	0	0	0	0	3696	4664	0	0	0	0	0	0	1560	2164	0	0	0	0	0	0	0	0	0	0	0	766	0	0	0	0	0	0	0	0	0	0	0	0	0	0	0	0	0	0	0	0	0	0	5052	5722	1558	1948	1748	1876	15276	15394	10814	13626	1292	0	2012	3946	2084	3232	720	224	1596	2478	0	5822	282	506	712	1622	
207584	Vermis_6	0	0	0	0	0	0	0	0	0	0	0	0	0	0	0	0	0	0	0	0	0	0	0	0	0	0	0	0	0	0	0	0	0	0	0	0	0	0	0	0	0	0	98	0	0	0	4264	8792	0	0	0	0	172	224	2586	5588	0	0	0	0	0	0	0	0	0	0	0	0	0	0	0	0	0	0	0	0	0	0	0	0	0	0	0	0	0	0	0	0	0	0	8980	8800	2642	1320	0	198	2118	3626	14630	15290	454	0	554	688	862	2642	0	142	116	168	5822	0	6604	1946	2344	2122	
