data	data	573088	257016	1.40558e+06	1.25934e+06	224352	168268	599452	358512	106336	54308	336648	289080	279880	205512	217224	113940	212980	231708	946852	977888	173300	168480	543672	558724	87364	191480	123412	124224	812560	443756	442932	718468	217752	670520	201264	225132	452532	486812	257984	368544	66812	97876	348152	372464	273060	361580	483932	359696	234212	321804	698668	290760	377916	138788	449668	572936	321328	198164	195576	72948	220256	81360	189880	163264	206580	101056	461416	570372	210868	144104	532416	588992	501872	626760	111248	88056	248068	413836	233444	93932	280316	245452	116072	90344	524600	323528	39500	32628	492176	338472	460164	353704	392944	266872	37436	66604	310620	284360	478708	456752	253580	167432	316640	280876	128216	150756	16252	21560	38084	111928	210268	201864	197848	161252	114568	23108	
data	data	Precentral_L	Precentral_R	Frontal_Sup_L	Frontal_Sup_R	Frontal_Sup_Orb_L	Frontal_Sup_Orb_R	Frontal_Mid_L	Frontal_Mid_R	Frontal_Mid_Orb_L	Frontal_Mid_Orb_R	Frontal_Inf_Oper_L	Frontal_Inf_Oper_R	Frontal_Inf_Tri_L	Frontal_Inf_Tri_R	Frontal_Inf_Orb_L	Frontal_Inf_Orb_R	Rolandic_Oper_L	Rolandic_Oper_R	Supp_Motor_Area_L	Supp_Motor_Area_R	Olfactory_L	Olfactory_R	Frontal_Sup_Medial_L	Frontal_Sup_Medial_R	Frontal_Med_Orb_L	Frontal_Med_Orb_R	Rectus_L	Rectus_R	Insula_L	Insula_R	Cingulum_Ant_L	Cingulum_Ant_R	Cingulum_Mid_L	Cingulum_Mid_R	Cingulum_Post_L	Cingulum_Post_R	Hippocampus_L	Hippocampus_R	ParaHippocampal_L	ParaHippocampal_R	Amygdala_L	Amygdala_R	Calcarine_L	Calcarine_R	Cuneus_L	Cuneus_R	Lingual_L	Lingual_R	Occipital_Sup_L	Occipital_Sup_R	Occipital_Mid_L	Occipital_Mid_R	Occipital_Inf_L	Occipital_Inf_R	Fusiform_L	Fusiform_R	Postcentral_L	Postcentral_R	Parietal_Sup_L	Parietal_Sup_R	Parietal_Inf_L	Parietal_Inf_R	SupraMarginal_L	SupraMarginal_R	Angular_L	Angular_R	Precuneus_L	Precuneus_R	Paracentral_Lobule_L	Paracentral_Lobule_R	Caudate_L	Caudate_R	Putamen_L	Putamen_R	Pallidum_L	Pallidum_R	Thalamus_L	Thalamus_R	Heschl_L	Heschl_R	Temporal_Sup_L	Temporal_Sup_R	Temporal_Pole_Sup_L	Temporal_Pole_Sup_R	Temporal_Mid_L	Temporal_Mid_R	Temporal_Pole_Mid_L	Temporal_Pole_Mid_R	Temporal_Inf_L	Temporal_Inf_R	Cerebelum_Crus1_L	Cerebelum_Crus1_R	Cerebelum_Crus2_L	Cerebelum_Crus2_R	Cerebelum_3_L	Cerebelum_3_R	Cerebelum_4_5_L	Cerebelum_4_5_R	Cerebelum_6_L	Cerebelum_6_R	Cerebelum_7b_L	Cerebelum_7b_R	Cerebelum_8_L	Cerebelum_8_R	Cerebelum_9_L	Cerebelum_9_R	Cerebelum_10_L	Cerebelum_10_R	Vermis_1_2	Vermis_3	Vermis_4_5	Vermis_6	Vermis_7	Vermis_8	Vermis_9	Vermis_10	
573088	Precentral_L	0	6890	26202	9212	0	0	28364	4018	0	0	14204	1072	2834	332	0	0	7578	940	13424	8318	0	0	338	310	0	0	0	0	11250	706	426	942	7270	1382	3592	1020	3088	1032	776	0	0	0	1246	0	2212	0	1326	0	1438	0	9798	0	2732	0	570	0	36672	536	426	0	7140	0	6390	498	3362	0	4500	1082	17626	0	4244	3580	2118	2956	446	562	1912	2294	5558	138	2426	140	0	0	5332	0	0	0	1764	0	0	0	0	0	0	0	0	0	0	0	0	0	0	0	0	0	0	0	0	0	0	0	0	0	0	0	
257016	Precentral_R	6890	0	2502	15184	0	0	698	21324	0	0	0	9998	0	2472	0	0	0	3292	1956	3686	0	0	0	0	0	0	0	0	218	1496	0	0	0	1506	542	1898	284	2640	0	1204	0	0	0	952	0	500	0	326	0	442	0	482	0	406	0	1702	4538	12524	0	0	138	278	220	3482	0	272	1148	3748	450	3166	1304	1648	1588	1400	918	260	948	2776	0	516	0	950	0	0	0	854	0	0	0	2562	0	0	0	0	0	0	0	0	0	0	0	0	0	0	0	0	0	0	0	220	0	0	0	0	0	0	
1.40558e+06	Frontal_Sup_L	26202	2502	0	29458	10462	0	92482	2166	2106	0	16848	2192	19728	736	8746	0	3668	1002	118682	33100	1526	476	48584	16644	822	494	1290	166	47928	1148	19902	17254	4720	19586	6146	3746	11462	924	3666	0	0	0	0	0	0	0	1548	0	0	0	560	0	5500	0	1080	0	1254	184	0	0	398	0	922	280	0	0	1292	344	4814	0	14316	10446	24966	4402	7164	1884	15622	5328	10330	0	2060	0	812	0	2176	0	0	0	8422	0	0	0	0	0	0	0	0	0	0	0	0	0	0	0	0	0	0	0	0	122	0	0	0	0	0	0	
1.25934e+06	Frontal_Sup_R	9212	15184	29458	0	386	6148	3786	44492	0	990	1892	14910	274	16018	0	4726	314	9628	27898	97222	352	1798	19444	53724	672	5818	134	1802	1708	21054	8012	45408	3622	34324	4970	8152	2978	7918	1126	2248	0	434	0	944	0	304	1174	1728	0	0	186	136	302	496	0	2154	1920	2300	0	0	0	0	0	376	0	0	636	3006	4252	322	4806	26280	4066	27984	826	3236	4460	21496	510	844	0	1366	0	268	0	522	0	0	254	2506	0	0	0	0	0	0	0	206	0	0	0	0	0	0	0	0	0	0	0	1568	0	0	0	0	0	0	
224352	Frontal_Sup_Orb_L	0	0	10462	386	0	416	3656	0	14238	0	250	0	1760	0	17030	0	0	0	392	0	7932	1988	5536	698	4068	1108	9520	972	8898	0	8494	1956	0	144	0	0	0	0	0	0	296	0	0	0	0	0	0	0	0	0	0	0	0	0	0	0	0	0	0	0	0	0	0	0	0	0	0	0	0	0	4300	1420	4036	446	0	0	0	0	0	0	0	0	1774	0	0	0	0	0	0	0	0	0	0	0	0	0	0	0	0	0	0	0	0	0	0	0	0	0	0	0	0	0	0	0	0	0	
168268	Frontal_Sup_Orb_R	0	0	0	6148	416	0	0	1118	164	6724	0	0	0	240	234	7368	0	0	0	0	2100	4440	312	3796	1602	15648	1046	11760	0	3346	1314	4312	0	0	0	0	0	0	0	124	0	666	0	0	0	0	0	0	0	0	0	0	0	0	0	0	0	0	0	0	0	0	0	0	0	0	0	0	0	0	1664	3980	612	4850	0	150	0	0	0	0	0	0	0	0	0	0	0	0	0	0	0	0	0	0	0	0	0	0	0	0	0	0	0	0	0	0	0	0	0	0	0	0	0	0	0	0	
599452	Frontal_Mid_L	28364	698	92482	3786	3656	0	0	730	3770	0	16432	412	33954	0	9202	0	1062	316	23434	2184	320	0	13868	3008	0	0	300	0	23446	196	2186	2160	1340	2658	784	0	2910	216	1468	0	0	0	0	0	0	0	486	0	0	0	370	0	1560	0	0	0	1918	0	0	0	538	0	170	0	0	0	366	0	706	0	1728	1066	2892	1076	1226	266	516	296	6568	0	336	0	270	0	992	0	0	0	1038	0	0	0	0	0	0	0	0	0	0	0	0	0	0	0	0	0	0	0	0	0	0	0	0	0	0	0	
358512	Frontal_Mid_R	4018	21324	2166	44492	0	1118	730	0	0	1856	634	21336	0	13218	0	3892	0	1302	1816	7462	0	0	1836	7284	0	128	0	0	568	2914	158	1988	0	3858	200	766	186	1766	0	572	0	0	0	0	0	0	0	338	0	0	0	0	0	0	0	490	2168	2022	0	0	0	150	178	886	0	0	442	874	0	0	5798	1828	2440	2810	1106	474	3400	4904	0	0	0	334	0	0	0	0	0	0	134	540	0	0	0	0	0	0	0	0	0	0	0	0	0	0	0	0	0	0	0	352	0	0	0	0	0	0	
106336	Frontal_Mid_Orb_L	0	0	2106	0	14238	164	3770	0	0	0	0	0	1154	0	16158	0	0	0	0	0	1704	710	332	0	672	340	3262	332	2798	0	1324	420	0	0	0	0	0	0	0	0	0	0	0	0	0	0	0	0	0	0	0	0	0	0	0	0	0	0	0	0	0	0	0	0	0	0	0	0	0	0	998	486	1180	128	0	0	0	0	0	0	0	0	892	0	0	0	0	0	0	0	0	0	0	0	0	0	0	0	0	0	0	0	0	0	0	0	0	0	0	0	0	0	0	0	0	0	
54308	Frontal_Mid_Orb_R	0	0	0	990	0	6724	0	1856	0	0	0	0	0	1830	0	10510	0	0	0	0	0	232	0	0	0	2012	0	914	0	1586	0	158	0	0	0	0	0	0	0	0	0	128	0	0	0	0	0	0	0	0	0	0	0	0	0	0	0	0	0	0	0	0	0	0	0	0	0	0	0	0	0	0	0	214	0	0	0	0	0	0	0	0	0	0	0	0	0	0	0	0	0	0	0	0	0	0	0	0	0	0	0	0	0	0	0	0	0	0	0	0	0	0	0	0	0	0	
336648	Frontal_Inf_Oper_L	14204	0	16848	1892	250	0	16432	634	0	0	0	748	19576	312	600	0	11012	128	7276	1598	162	0	2290	438	0	0	0	0	22570	280	3228	2346	288	972	0	0	1796	652	892	0	0	0	0	0	0	0	454	0	0	0	352	0	824	0	398	0	3982	0	0	0	648	0	392	0	0	0	128	0	0	0	6798	372	2880	6666	0	2152	138	1328	4482	0	4102	0	1314	0	1698	0	0	0	1792	0	0	0	0	0	0	0	0	0	0	0	0	0	0	0	0	0	0	0	0	0	0	0	0	0	0	0	
289080	Frontal_Inf_Oper_R	1072	9998	2192	14910	0	0	412	21336	0	0	748	0	0	13034	0	156	366	9812	1868	7842	0	0	442	2784	0	0	0	0	1148	12022	170	1460	0	2356	0	206	136	1686	0	422	0	0	0	0	0	0	0	312	0	0	0	0	0	0	0	550	270	2634	0	0	0	0	0	386	0	0	204	400	0	0	7128	3966	1772	7236	542	628	3928	5240	196	0	186	888	0	368	0	236	0	0	124	484	0	0	0	0	0	0	0	0	0	0	0	0	0	0	0	0	0	0	0	284	0	0	0	0	0	0	
279880	Frontal_Inf_Tri_L	2834	0	19728	274	1760	0	33954	0	1154	0	19576	0	0	0	11806	0	1160	0	4494	332	176	0	3776	176	0	0	0	0	23836	0	3344	1026	382	316	0	0	386	0	206	0	0	0	0	0	0	0	134	0	0	0	0	0	288	0	0	0	592	0	0	0	380	0	0	0	0	0	0	0	0	0	790	0	920	682	0	120	0	0	1006	0	1180	0	1682	0	836	0	0	0	634	0	0	0	0	0	0	0	0	0	0	0	0	0	0	0	0	0	0	0	0	0	0	0	0	0	0	0	
205512	Frontal_Inf_Tri_R	332	2472	736	16018	0	240	0	13218	0	1830	312	13034	0	0	0	6494	150	2716	1384	3850	0	0	2172	7866	0	0	0	0	492	10920	284	7386	162	4454	0	0	0	200	0	0	0	0	0	0	0	0	0	0	0	0	0	0	0	0	0	0	0	656	0	0	0	0	0	0	0	0	0	0	0	0	1396	1496	250	1264	0	0	120	450	0	0	0	234	0	168	0	0	0	0	0	0	0	0	0	0	0	0	0	0	0	0	0	0	0	0	0	0	0	0	0	0	0	0	0	0	0	0	
217224	Frontal_Inf_Orb_L	0	0	8746	0	17030	234	9202	0	16158	0	600	0	11806	0	0	0	0	0	310	0	4176	1298	552	0	482	388	3274	394	16368	0	1760	500	0	0	0	0	0	0	0	0	208	0	0	0	0	0	0	0	0	0	0	0	0	0	0	0	0	0	0	0	0	0	0	0	0	0	0	0	0	0	3004	948	4420	174	0	0	0	0	0	0	186	0	5656	0	296	0	208	0	234	0	0	0	0	0	0	0	0	0	0	0	0	0	0	0	0	0	0	0	0	0	0	0	0	0	0	0	
113940	Frontal_Inf_Orb_R	0	0	0	4726	0	7368	0	3892	0	10510	0	156	0	6494	0	0	0	0	0	0	142	1920	0	488	0	1734	0	1918	0	11838	0	1536	0	0	0	0	0	0	0	0	0	790	0	0	0	0	0	0	0	0	0	0	0	0	0	0	0	0	0	0	0	0	0	0	0	0	0	0	0	0	0	914	0	1432	0	0	0	0	0	0	0	0	0	1112	0	0	0	0	0	0	0	0	0	0	0	0	0	0	0	0	0	0	0	0	0	0	0	0	0	0	0	0	0	0	0	0	
212980	Rolandic_Oper_L	7578	0	3668	314	0	0	1062	0	0	0	11012	366	1160	150	0	0	0	0	2088	0	0	0	240	140	0	0	0	0	19628	0	274	468	0	0	0	0	1184	424	846	0	0	0	0	0	0	0	214	0	0	0	736	0	1140	0	532	0	8914	0	212	0	2474	0	4040	0	468	0	252	0	204	0	3276	294	1130	1956	234	424	206	640	7584	0	11274	0	1540	0	4940	0	0	0	3204	0	0	0	0	0	0	0	0	0	0	0	0	0	0	0	0	0	0	0	0	0	0	0	0	0	0	0	
231708	Rolandic_Oper_R	940	3292	1002	9628	0	0	316	1302	0	0	128	9812	0	2716	0	0	0	0	800	7574	0	0	230	896	0	0	0	0	170	15786	0	648	0	716	0	0	0	1224	0	410	0	0	0	158	0	124	0	0	0	232	124	0	0	168	0	1172	204	7768	156	164	0	0	0	5148	0	0	738	1562	0	956	1316	890	932	2914	130	0	216	1014	0	8592	0	14060	0	590	0	4488	0	0	0	4448	0	0	0	0	0	0	0	0	0	0	0	0	0	0	0	0	0	0	0	0	0	0	0	0	0	0	
946852	Supp_Motor_Area_L	13424	1956	118682	27898	392	0	23434	1816	0	0	7276	1868	4494	1384	310	0	2088	800	0	47354	206	222	14668	7224	0	0	0	0	20282	1128	7496	11392	11116	24906	6046	3768	9088	626	1972	0	0	0	198	0	120	0	1176	0	0	0	474	0	4180	0	822	0	982	202	0	0	344	0	900	0	0	0	1266	570	7178	0	11736	9354	15030	3618	6002	1964	14328	5074	5894	0	698	0	0	0	1194	0	0	0	6806	0	0	0	0	0	0	0	0	0	0	0	0	0	0	0	0	0	0	0	0	0	0	0	0	0	0	0	
977888	Supp_Motor_Area_R	8318	3686	33100	97222	0	0	2184	7462	0	0	1598	7842	332	3850	0	0	0	7574	47354	0	0	0	6794	14960	0	0	0	0	1412	9102	4184	20948	6248	50068	5678	9542	3042	5382	1040	1580	0	0	0	1498	0	3602	1270	2356	0	2602	258	2192	412	500	0	1544	2070	2634	0	0	0	0	0	256	0	0	1004	11048	4518	10110	3596	25356	2690	12250	742	1916	4618	22890	376	544	0	812	0	160	0	1680	0	0	360	1644	0	0	0	0	0	0	0	164	0	0	0	0	0	0	0	0	0	0	0	770	0	0	0	0	0	0	
173300	Olfactory_L	0	0	1526	352	7932	2100	320	0	1704	0	162	0	176	0	4176	142	0	0	206	0	0	8632	648	226	1474	2588	7620	3380	5248	0	5760	4052	0	0	0	0	168	0	282	0	1430	0	0	0	0	0	0	0	0	0	0	0	0	0	164	0	0	0	0	0	0	0	0	0	0	0	0	0	0	0	10642	6460	4924	2932	0	508	0	0	0	0	0	0	716	0	0	0	0	0	0	0	0	0	0	0	0	0	0	0	0	0	0	0	0	0	0	0	0	0	0	0	0	0	0	0	0	0	
168480	Olfactory_R	0	0	476	1798	1988	4440	0	0	710	232	0	0	0	0	1298	1920	0	0	222	0	8632	0	210	684	728	4328	3636	6452	366	2282	3278	5602	0	0	0	0	0	0	0	242	200	988	0	0	0	0	0	0	0	0	0	0	0	0	0	0	0	0	0	0	0	0	0	0	0	0	0	0	0	0	9514	10690	5278	5210	1426	1254	0	0	0	0	0	0	0	156	0	0	0	0	0	0	0	0	0	0	0	0	0	0	0	0	0	0	0	0	0	0	0	0	0	0	0	0	0	0	0	0	
543672	Frontal_Sup_Medial_L	338	0	48584	19444	5536	312	13868	1836	332	0	2290	442	3776	2172	552	0	240	230	14668	6794	648	210	0	37906	3318	2020	1186	166	4304	1488	32640	29412	6820	24274	0	0	0	386	0	0	0	0	0	0	0	0	0	0	0	0	0	0	0	0	0	0	0	0	0	0	0	0	0	0	0	0	0	0	0	0	1000	1038	2240	1366	0	0	0	0	0	0	0	0	0	0	0	0	0	0	0	0	0	0	0	0	0	0	0	0	0	0	0	0	0	0	0	0	0	0	0	0	0	0	0	0	0	0	
558724	Frontal_Sup_Medial_R	310	0	16644	53724	698	3796	3008	7284	0	0	438	2784	176	7866	0	488	140	896	7224	14960	226	684	37906	0	2024	6824	178	610	336	5394	13296	39840	2758	32342	0	0	0	1086	0	212	0	0	0	0	0	0	0	122	0	0	0	0	0	0	0	164	0	0	0	0	0	0	0	0	0	0	0	0	0	0	684	4712	452	7684	0	450	0	530	0	0	0	250	0	0	0	0	0	0	0	162	0	0	0	0	0	0	0	0	0	0	0	0	0	0	0	0	0	0	0	0	0	0	0	0	0	0	
87364	Frontal_Med_Orb_L	0	0	822	672	4068	1602	0	0	672	0	0	0	0	0	482	0	0	0	0	0	1474	728	3318	2024	0	6754	4490	1940	156	0	8232	3260	0	0	0	0	0	0	0	0	0	0	0	0	0	0	0	0	0	0	0	0	0	0	0	0	0	0	0	0	0	0	0	0	0	0	0	0	0	0	744	1138	384	722	0	0	0	0	0	0	0	0	0	0	0	0	0	0	0	0	0	0	0	0	0	0	0	0	0	0	0	0	0	0	0	0	0	0	0	0	0	0	0	0	0	0	
191480	Frontal_Med_Orb_R	0	0	494	5818	1108	15648	0	128	340	2012	0	0	0	0	388	1734	0	0	0	0	2588	4328	2020	6824	6754	0	2390	10622	184	1448	5404	10374	0	0	0	0	0	0	0	0	0	268	0	0	0	0	0	0	0	0	0	0	0	0	0	0	0	0	0	0	0	0	0	0	0	0	0	0	0	0	2324	5498	748	6034	0	262	0	0	0	0	0	0	0	0	0	0	0	0	0	0	0	0	0	0	0	0	0	0	0	0	0	0	0	0	0	0	0	0	0	0	0	0	0	0	0	0	
123412	Rectus_L	0	0	1290	134	9520	1046	300	0	3262	0	0	0	0	0	3274	0	0	0	0	0	7620	3636	1186	178	4490	2390	0	2622	1292	0	7516	2940	0	0	0	0	0	0	0	0	0	0	0	0	0	0	0	0	0	0	0	0	0	0	0	0	0	0	0	0	0	0	0	0	0	0	0	0	0	0	4338	2376	1170	744	0	0	0	0	0	0	0	0	382	0	0	0	0	0	0	0	0	0	0	0	0	0	0	0	0	0	0	0	0	0	0	0	0	0	0	0	0	0	0	0	0	0	
124224	Rectus_R	0	0	166	1802	972	11760	0	0	332	914	0	0	0	0	394	1918	0	0	0	0	3380	6452	166	610	1940	10622	2622	0	162	1478	1798	4696	0	0	0	0	0	0	0	0	0	582	0	0	0	0	0	0	0	0	0	0	0	0	0	0	0	0	0	0	0	0	0	0	0	0	0	0	0	0	2666	3738	728	2214	0	0	0	0	0	0	0	0	0	0	0	0	0	0	0	0	0	0	0	0	0	0	0	0	0	0	0	0	0	0	0	0	0	0	0	0	0	0	0	0	0	0	
812560	Insula_L	11250	218	47928	1708	8898	0	23446	568	2798	0	22570	1148	23836	492	16368	0	19628	170	20282	1412	5248	366	4304	336	156	184	1292	162	0	272	4992	1570	266	474	524	0	14770	1064	5734	0	1738	0	320	0	0	0	2544	0	0	0	2356	0	10346	0	6172	0	5332	0	0	0	2890	0	1666	0	292	0	680	0	140	0	10846	1150	21546	5106	696	966	2486	1950	22294	0	16090	0	5430	0	13180	0	0	0	25258	0	372	0	0	0	0	0	0	0	0	0	0	0	0	0	0	0	0	0	0	0	0	0	0	0	0	0	
443756	Insula_R	706	1496	1148	21054	0	3346	196	2914	0	1586	280	12022	0	10920	0	11838	0	15786	1128	9102	0	2282	1488	5394	0	1448	0	1478	272	0	598	8756	158	2558	0	400	0	10782	0	3810	0	1918	0	186	0	154	0	740	0	300	0	0	0	196	0	6014	0	3516	0	238	0	0	0	440	0	0	326	2512	0	1408	994	3824	432	22474	0	0	212	2894	0	6028	0	13974	0	6308	0	6438	0	0	0	6988	0	0	0	0	0	0	0	0	0	134	0	0	0	0	0	0	0	0	0	284	0	0	0	0	0	0	
442932	Cingulum_Ant_L	426	0	19902	8012	8494	1314	2186	158	1324	0	3228	170	3344	284	1760	0	274	0	7496	4184	5760	3278	32640	13296	8232	5404	7516	1798	4992	598	0	32222	8360	9256	0	0	0	154	0	0	152	0	0	0	0	0	0	0	0	0	0	0	0	0	0	0	0	0	0	0	0	0	0	0	0	0	0	0	0	0	6266	5560	8370	4078	0	388	0	164	166	0	0	0	260	0	0	0	0	0	0	0	0	0	0	0	0	0	0	0	0	0	0	0	0	0	0	0	0	0	0	0	0	0	0	0	0	0	
718468	Cingulum_Ant_R	942	0	17254	45408	1956	4312	2160	1988	420	158	2346	1460	1026	7386	500	1536	468	648	11392	20948	4052	5602	29412	39840	3260	10374	2940	4696	1570	8756	32222	0	5064	31580	0	0	0	1402	0	198	0	234	0	0	0	0	0	246	0	0	0	0	0	0	0	148	212	0	0	0	0	0	0	0	0	0	0	0	0	0	6560	21132	3780	20052	0	758	350	1580	292	0	0	276	0	0	0	0	0	0	0	156	0	0	0	0	0	0	0	0	0	0	0	0	0	0	0	0	0	0	0	182	0	0	0	0	0	0	
217752	Cingulum_Mid_L	7270	0	4720	3622	0	0	1340	0	0	0	288	0	382	162	0	0	0	0	11116	6248	0	0	6820	2758	0	0	0	0	266	158	8360	5064	0	16254	4102	902	0	0	0	0	0	0	630	0	1556	292	492	0	926	214	3028	124	214	0	122	0	460	0	568	0	164	0	214	0	470	0	6780	2920	8666	342	0	0	0	0	0	0	0	0	0	0	0	0	0	0	708	0	0	0	154	0	0	0	0	0	0	0	0	0	0	0	0	0	0	0	0	0	0	0	0	0	0	0	0	0	0	0	
670520	Cingulum_Mid_R	1382	1506	19586	34324	144	0	2658	3858	0	0	972	2356	316	4454	0	0	0	716	24906	50068	0	0	24274	32342	0	0	0	0	474	2558	9256	31580	16254	0	2062	3792	0	718	0	172	0	0	134	1804	152	6492	0	838	0	4514	0	4944	0	374	0	152	174	442	0	0	0	390	0	848	0	624	2354	19384	1436	9162	464	2102	468	1800	130	0	0	338	0	0	0	484	0	0	0	3604	0	0	0	924	0	0	0	0	0	0	0	0	0	0	0	0	0	0	0	0	0	0	0	0	0	0	0	0	0	0	
201264	Cingulum_Post_L	3592	542	6146	4970	0	0	784	200	0	0	0	0	0	0	0	0	0	0	6046	5678	0	0	0	0	0	0	0	0	524	0	0	0	4102	2062	0	8248	8306	352	1198	0	0	0	4008	152	2994	738	5890	122	862	0	1232	0	428	0	166	0	202	0	0	0	0	0	0	0	0	0	10868	2734	1410	192	160	4160	424	0	0	0	4526	5862	480	0	0	0	0	0	0	0	0	0	128	0	0	0	0	0	0	0	144	0	0	0	0	0	0	0	0	0	0	0	0	0	0	0	0	0	0	0	
225132	Cingulum_Post_R	1020	1898	3746	8152	0	0	0	766	0	0	0	206	0	0	0	0	0	0	3768	9542	0	0	0	0	0	0	0	0	0	400	0	0	902	3792	8248	0	3174	7240	754	4266	0	0	230	2288	222	3064	1168	5744	0	716	192	500	136	220	0	1852	0	0	0	0	0	0	0	0	0	0	2286	14494	0	1366	152	4446	0	676	0	0	3862	9408	0	0	0	284	0	0	0	206	0	0	0	412	0	0	0	0	0	0	0	542	0	0	0	0	0	0	0	0	0	0	0	0	226	0	0	0	0	0	
452532	Hippocampus_L	3088	284	11462	2978	0	0	2910	186	0	0	1796	136	386	0	0	0	1184	0	9088	3042	168	0	0	0	0	0	0	0	14770	0	0	0	0	0	8306	3174	0	392	27594	0	8938	0	3596	0	486	0	19300	0	302	0	4530	0	6248	0	25360	0	604	0	0	0	0	0	190	0	0	0	7246	0	508	0	684	2488	8210	182	628	0	4136	3714	7868	0	1494	0	260	0	4058	0	0	0	14288	0	2348	0	986	0	0	0	2578	0	3162	0	146	0	654	0	0	0	0	0	0	130	0	0	0	0	0	0	
486812	Hippocampus_R	1032	2640	924	7918	0	0	216	1766	0	0	652	1686	0	200	0	0	424	1224	626	5382	0	0	386	1086	0	0	0	0	1064	10782	154	1402	0	718	352	7240	392	0	138	42348	0	11580	250	2750	0	156	240	9406	0	0	0	196	126	766	0	38788	0	734	0	0	0	0	0	130	0	0	0	8898	0	168	2202	1344	474	17728	0	586	172	11162	408	1468	0	4140	0	1688	0	3244	0	190	0	16400	0	3152	0	344	0	414	0	6264	0	5686	0	0	0	416	0	0	0	0	0	718	266	0	0	0	0	0	
257984	ParaHippocampal_L	776	0	3666	1126	0	0	1468	0	0	0	892	0	206	0	0	0	846	0	1972	1040	282	0	0	0	0	0	0	0	5734	0	0	0	0	0	1198	754	27594	138	0	0	4906	0	546	0	0	0	14256	0	0	0	2004	0	4602	0	18380	0	212	0	0	0	0	0	0	0	0	0	1030	0	0	0	486	742	4282	224	282	0	2210	1248	3974	0	474	0	1442	0	2266	0	148	0	3724	0	2928	0	1306	0	0	0	4008	0	4386	0	204	0	866	0	0	0	0	0	0	164	0	0	0	0	0	0	
368544	ParaHippocampal_R	0	1204	0	2248	0	124	0	572	0	0	0	422	0	0	0	0	0	410	0	1580	0	242	0	212	0	0	0	0	0	3810	0	198	0	172	0	4266	0	42348	0	0	0	11032	280	2864	0	122	0	10922	0	0	0	192	0	1368	0	40046	0	258	0	0	0	0	0	0	0	0	0	6458	0	194	266	162	0	5488	0	506	0	3426	0	922	0	2178	0	3008	0	1430	0	940	0	9660	0	4342	0	416	0	872	0	10358	0	7542	0	0	0	526	0	0	0	0	0	398	288	0	0	0	0	0	
66812	Amygdala_L	0	0	0	0	296	0	0	0	0	0	0	0	0	0	208	0	0	0	0	0	1430	200	0	0	0	0	0	0	1738	0	152	0	0	0	0	0	8938	0	4906	0	0	0	0	0	0	0	0	0	0	0	0	0	0	0	8538	0	0	0	0	0	0	0	0	0	0	0	0	0	0	0	720	0	1082	0	0	0	0	0	0	0	0	0	1134	0	0	0	0	0	2550	0	348	0	204	0	0	0	420	0	386	0	0	0	156	0	0	0	0	0	0	0	0	0	0	0	0	0	
97876	Amygdala_R	0	0	0	434	0	666	0	0	0	128	0	0	0	0	0	790	0	0	0	0	0	988	0	0	0	268	0	582	0	1918	0	234	0	0	0	0	0	11580	0	11032	0	0	0	0	0	0	0	230	0	0	0	0	0	0	0	10984	0	0	0	0	0	0	0	0	0	0	0	0	0	0	0	576	0	1020	0	0	0	0	0	0	0	0	0	2748	0	594	0	424	0	1530	0	426	0	0	0	0	0	734	0	812	0	0	0	0	0	0	0	0	0	240	0	0	0	0	0	0	
348152	Calcarine_L	1246	0	0	0	0	0	0	0	0	0	0	0	0	0	0	0	0	0	198	0	0	0	0	0	0	0	0	0	320	0	0	0	630	134	4008	230	3596	250	546	280	0	0	0	12258	25306	7992	24570	5426	15008	4192	25200	1500	7492	342	686	564	164	0	166	0	0	0	0	0	174	0	16186	1962	2230	0	0	0	0	0	0	0	0	0	194	0	0	0	0	0	2634	132	0	0	158	0	486	0	136	0	0	0	1806	380	1226	282	0	0	0	0	594	146	0	0	0	0	2388	486	0	0	172	0	
372464	Calcarine_R	0	952	0	944	0	0	0	0	0	0	0	0	0	0	0	0	0	158	0	1498	0	0	0	0	0	0	0	0	0	186	0	0	0	1804	152	2288	0	2750	0	2864	0	0	12258	0	6798	30056	1832	22570	348	23108	278	20586	0	9578	0	7464	0	616	124	358	0	0	0	368	0	548	1914	22068	0	1962	0	0	0	0	0	0	0	192	0	162	0	230	0	0	0	4606	0	0	0	2912	0	0	0	0	0	0	0	358	0	480	0	0	0	0	0	0	0	0	0	0	672	190	0	0	0	0	
273060	Cuneus_L	2212	0	0	0	0	0	0	0	0	0	0	0	0	0	0	0	0	0	120	0	0	0	0	0	0	0	0	0	0	0	0	0	1556	152	2994	222	486	0	0	0	0	0	25306	6798	0	11764	7500	1146	24300	3418	16438	678	1978	222	310	190	298	0	1140	0	0	0	0	0	144	0	15738	3616	4954	0	0	0	0	0	0	0	0	0	0	0	0	0	0	0	1358	0	0	0	0	0	170	0	0	0	0	0	384	0	170	0	0	0	0	0	208	0	0	0	0	0	402	158	0	0	0	0	
361580	Cuneus_R	0	500	0	304	0	0	0	0	0	0	0	0	0	0	0	0	0	124	0	3602	0	0	0	0	0	0	0	0	0	154	0	0	292	6492	738	3064	0	156	0	122	0	0	7992	30056	11764	0	616	6422	1336	36064	392	15186	0	1908	0	1120	0	832	410	2896	0	126	0	316	0	452	8752	29536	184	3278	0	0	0	0	0	0	0	0	0	0	0	138	0	0	0	4374	0	0	0	368	0	0	0	0	0	0	0	0	0	362	0	0	0	0	0	0	0	0	0	0	362	0	0	0	0	0	
483932	Lingual_L	1326	0	1548	1174	0	0	486	0	0	0	454	0	134	0	0	0	214	0	1176	1270	0	0	0	0	0	0	0	0	2544	0	0	0	492	0	5890	1168	19300	240	14256	0	0	0	24570	1832	7500	616	0	4026	6550	550	30276	146	22022	300	18782	1224	382	0	0	0	0	0	0	0	0	0	11486	306	1540	0	226	770	1410	256	0	0	1510	1788	2568	0	308	0	0	0	5306	0	0	0	4812	0	3256	858	384	262	0	0	8836	2042	8752	2564	0	0	0	0	474	400	0	0	242	466	5464	3636	778	270	402	146	
359696	Lingual_R	0	326	0	1728	0	0	0	338	0	0	0	312	0	0	0	0	0	0	0	2356	0	0	0	122	0	0	0	0	0	740	0	246	0	838	122	5744	0	9406	0	10922	0	230	5426	22570	1146	6422	4026	0	0	7056	136	4952	344	10500	336	22428	0	0	0	0	0	0	0	0	0	0	378	11474	0	1088	146	0	0	2388	0	0	0	3956	0	0	0	122	0	0	0	808	0	0	0	1056	1666	2008	318	302	0	0	1822	8520	3360	7936	0	0	0	0	132	0	0	0	0	1182	5114	5760	1540	0	0	0	
234212	Occipital_Sup_L	1438	0	0	0	0	0	0	0	0	0	0	0	0	0	0	0	0	0	0	0	0	0	0	0	0	0	0	0	0	0	0	0	926	0	862	0	302	0	0	0	0	0	15008	348	24300	1336	6550	0	0	382	29070	194	1388	0	330	0	244	0	8816	0	1372	0	0	162	718	0	13614	3080	2958	0	0	0	0	0	0	0	0	0	0	0	0	0	0	0	1588	756	0	0	158	348	248	0	0	0	0	0	236	0	0	0	0	0	0	0	134	0	0	0	0	0	240	0	0	0	0	0	
321804	Occipital_Sup_R	0	442	0	0	0	0	0	0	0	0	0	0	0	0	0	0	0	232	0	2602	0	0	0	0	0	0	0	0	0	300	0	0	214	4514	0	716	0	0	0	0	0	0	4192	23108	3418	36064	550	7056	382	0	218	24516	0	2818	0	1910	0	3410	346	9272	0	1420	0	852	0	4964	4268	16518	0	2402	0	0	0	0	0	0	0	0	0	0	0	162	0	0	0	3412	0	0	0	324	0	0	0	0	0	0	0	0	0	300	0	0	0	0	0	0	0	0	0	0	0	0	0	0	0	0	
698668	Occipital_Mid_L	9798	0	560	186	0	0	370	0	0	0	352	0	0	0	0	0	736	124	474	258	0	0	0	0	0	0	0	0	2356	0	0	0	3028	0	1232	192	4530	0	2004	0	0	0	25200	278	16438	392	30276	136	29070	218	0	192	33846	0	10874	0	10152	0	18798	0	18876	130	10600	306	27448	0	20048	1954	13604	0	0	0	266	0	0	0	232	268	1282	0	4986	156	0	0	33172	868	0	0	8854	418	1306	0	0	0	0	0	1096	0	1084	0	0	0	0	0	0	0	0	0	0	0	310	0	0	0	0	0	
290760	Occipital_Mid_R	0	482	0	136	0	0	0	0	0	0	0	0	0	0	0	0	0	0	0	2192	0	0	0	0	0	0	0	0	0	0	0	0	124	4944	0	500	0	196	0	192	0	0	1500	20586	678	15186	146	4952	194	24516	192	0	0	6108	0	1972	0	1212	290	1334	0	5600	0	1654	0	17092	1452	11936	142	2726	0	0	0	0	0	0	0	0	0	0	0	444	0	0	0	15690	0	0	0	1012	0	0	0	0	0	0	0	0	0	0	0	0	0	0	0	0	0	0	0	0	0	0	0	0	0	0	
377916	Occipital_Inf_L	2732	0	5500	302	0	0	1560	0	0	0	824	0	288	0	0	0	1140	0	4180	412	0	0	0	0	0	0	0	0	10346	0	0	0	214	0	428	136	6248	126	4602	0	0	0	7492	0	1978	0	22022	344	1388	0	33846	0	0	0	18432	260	1300	0	160	0	298	0	614	0	398	0	2792	0	1642	0	466	176	1138	272	214	0	1326	340	4314	0	3266	0	0	0	16860	0	0	0	18784	0	1514	0	0	0	0	0	2776	342	3626	332	0	0	0	0	0	0	0	0	0	0	724	484	0	0	0	0	
138788	Occipital_Inf_R	0	406	0	496	0	0	0	0	0	0	0	0	0	0	0	0	0	168	0	500	0	0	0	0	0	0	0	0	0	196	0	0	0	374	0	220	0	766	0	1368	0	0	342	9578	222	1908	300	10500	0	2818	0	6108	0	0	0	13760	0	0	0	0	0	0	0	0	0	0	0	2124	0	312	0	0	0	0	0	0	0	0	0	238	0	238	0	0	0	1430	0	0	0	6816	390	608	0	166	0	0	0	568	604	2606	0	0	0	0	0	0	0	0	0	0	434	1968	862	0	0	0	
449668	Fusiform_L	570	0	1080	0	0	0	0	0	0	0	398	0	0	0	0	0	532	0	822	0	164	0	0	0	0	0	0	0	6172	0	0	0	122	0	166	0	25360	0	18380	0	8538	0	686	0	310	0	18782	336	330	0	10874	0	18432	0	0	286	280	0	0	0	0	0	0	0	0	0	372	0	918	0	120	0	3068	0	0	0	246	0	434	0	596	0	4086	0	10764	0	2264	0	24906	0	17152	132	3062	166	0	0	13316	404	23548	524	858	0	2322	0	176	190	0	0	0	0	800	1298	330	0	162	0	
572936	Fusiform_R	0	1702	0	2154	0	0	0	490	0	0	0	550	0	0	0	0	0	1172	0	1544	0	0	0	164	0	0	0	0	0	6014	0	148	0	152	0	1852	0	38788	0	40046	0	10984	564	7464	190	1120	1224	22428	0	1910	0	1972	260	13760	286	0	0	490	0	0	0	0	0	144	0	0	0	3388	0	286	244	140	0	8916	0	478	0	2480	0	1514	0	2706	0	6684	0	2898	0	4314	0	24590	1136	11960	368	824	0	1138	1566	15324	2136	23194	0	0	0	588	122	244	0	0	144	568	4690	4370	1520	184	182	0	
321328	Postcentral_L	36672	4538	1254	1920	0	0	1918	2168	0	0	3982	270	592	0	0	0	8914	204	982	2070	0	0	0	0	0	0	0	0	5332	0	0	212	460	174	202	0	604	0	212	0	0	0	164	0	298	0	382	0	244	0	10152	0	1300	0	280	0	0	546	7212	0	19486	0	14820	314	6654	0	2530	0	5454	0	552	334	416	300	0	0	738	322	2652	0	4840	0	122	0	4912	0	0	0	2960	0	0	0	0	0	0	0	0	0	0	0	0	0	0	0	0	0	0	0	0	0	0	0	0	0	0	0	
198164	Postcentral_R	536	12524	184	2300	0	0	0	2022	0	0	0	2634	0	656	0	0	0	7768	202	2634	0	0	0	0	0	0	0	0	0	3516	0	0	0	442	0	0	0	734	0	258	0	0	0	616	0	832	0	0	0	3410	0	1212	0	0	0	490	546	0	0	5820	0	4438	0	14952	0	1026	1830	6780	0	9740	720	0	730	384	0	0	0	212	0	1432	0	3756	0	0	0	2088	0	0	0	1658	0	0	0	0	0	0	0	0	0	0	0	0	0	0	0	0	0	0	0	0	0	0	0	0	0	0	
195576	Parietal_Sup_L	426	0	0	0	0	0	0	0	0	0	0	0	0	0	0	0	212	156	0	0	0	0	0	0	0	0	0	0	0	0	0	0	568	0	0	0	0	0	0	0	0	0	166	124	1140	410	0	0	8816	346	18798	290	160	0	0	0	7212	0	0	0	12918	160	4832	354	10400	0	18332	3570	1054	0	0	0	0	0	0	0	0	0	0	0	620	186	0	0	3130	1136	0	0	1710	562	0	0	0	0	0	0	0	0	0	0	0	0	0	0	0	0	0	0	0	0	0	0	0	0	0	0	
72948	Parietal_Sup_R	0	0	0	0	0	0	0	0	0	0	0	0	0	0	0	0	0	164	0	0	0	0	0	0	0	0	0	0	0	238	0	0	0	0	0	0	0	0	0	0	0	0	0	358	0	2896	0	0	0	9272	0	1334	0	0	0	0	0	5820	0	0	0	4926	0	1392	0	2938	964	5594	0	578	0	0	0	0	0	0	0	0	0	0	0	0	0	0	0	0	0	0	0	0	0	0	0	0	0	0	0	0	0	0	0	0	0	0	0	0	0	0	0	0	0	0	0	0	0	0	
220256	Parietal_Inf_L	7140	138	398	0	0	0	538	0	0	0	648	0	380	0	0	0	2474	0	344	0	0	0	0	0	0	0	0	0	2890	0	0	0	164	0	0	0	0	0	0	0	0	0	0	0	0	0	0	0	1372	0	18876	0	298	0	0	0	19486	0	12918	0	0	0	15244	0	18608	0	2512	204	494	0	0	0	0	0	0	0	0	0	426	0	642	0	0	0	2718	0	0	0	1216	0	0	0	0	0	0	0	0	0	0	0	0	0	0	0	0	0	0	0	0	0	0	0	0	0	0	0	
81360	Parietal_Inf_R	0	278	0	0	0	0	0	150	0	0	0	0	0	0	0	0	0	0	0	0	0	0	0	0	0	0	0	0	0	0	0	0	0	390	0	0	0	0	0	0	0	0	0	0	0	126	0	0	0	1420	130	5600	0	0	0	0	0	4438	160	4926	0	0	0	7802	0	10462	1780	2434	0	0	0	0	0	0	0	0	0	0	0	0	0	0	0	0	0	584	0	0	0	0	0	0	0	0	0	0	0	0	0	0	0	0	0	0	0	0	0	0	0	0	0	0	0	0	0	0	
189880	SupraMarginal_L	6390	220	922	0	0	0	170	178	0	0	392	0	0	0	0	0	4040	0	900	0	0	0	0	0	0	0	0	0	1666	0	0	0	214	0	0	0	190	0	0	0	0	0	0	0	0	0	0	0	0	0	10600	0	614	0	0	0	14820	0	4832	0	15244	0	0	0	13126	0	2168	258	866	0	0	0	0	0	0	0	0	0	742	0	7038	0	0	0	8224	0	0	0	1126	0	0	0	0	0	0	0	0	0	0	0	0	0	0	0	0	0	0	0	0	0	0	0	0	0	0	0	
163264	SupraMarginal_R	498	3482	280	376	0	0	0	886	0	0	0	386	0	0	0	0	0	5148	0	256	0	0	0	0	0	0	0	0	0	440	0	0	0	848	0	0	0	130	0	0	0	0	0	368	0	316	0	0	162	852	306	1654	0	0	0	144	314	14952	354	1392	0	7802	0	0	0	4512	6710	9178	150	1516	188	0	178	0	0	0	0	0	0	858	0	8162	0	0	0	7376	0	0	0	1458	0	0	0	0	0	0	0	0	0	0	0	0	0	0	0	0	0	0	0	0	0	0	0	0	0	0	
206580	Angular_L	3362	0	0	0	0	0	0	0	0	0	0	0	0	0	0	0	468	0	0	0	0	0	0	0	0	0	0	0	292	0	0	0	470	0	0	0	0	0	0	0	0	0	174	0	144	0	0	0	718	0	27448	0	398	0	0	0	6654	0	10400	0	18608	0	13126	0	0	0	3402	456	1528	0	0	0	0	0	0	0	0	0	0	0	2666	0	0	0	11592	198	0	0	1186	0	0	0	0	0	0	0	0	0	0	0	0	0	0	0	0	0	0	0	0	0	0	0	0	0	0	0	
101056	Angular_R	0	272	0	0	0	0	0	0	0	0	0	0	0	0	0	0	0	0	0	0	0	0	0	0	0	0	0	0	0	0	0	0	0	624	0	0	0	0	0	0	0	0	0	548	0	452	0	0	0	4964	0	17092	0	0	0	0	0	1026	0	2938	0	10462	0	4512	0	0	544	1684	0	0	0	0	0	0	0	0	0	0	0	0	0	1396	0	0	0	3560	0	0	0	454	0	0	0	0	0	0	0	0	0	0	0	0	0	0	0	0	0	0	0	0	0	0	0	0	0	0	
461416	Precuneus_L	4500	1148	1292	636	0	0	366	442	0	0	128	204	0	0	0	0	252	738	1266	1004	0	0	0	0	0	0	0	0	680	326	0	0	6780	2354	10868	2286	7246	0	1030	0	0	0	16186	1914	15738	8752	11486	378	13614	4268	20048	1452	2792	0	372	0	2530	1830	18332	964	2512	1780	2168	6710	3402	544	0	28204	7882	350	0	128	168	0	0	0	304	576	516	222	504	826	0	0	3322	2914	0	0	444	1710	0	0	0	0	0	0	424	0	152	0	0	0	0	0	208	0	0	0	0	0	392	144	0	0	0	0	
570372	Precuneus_R	1082	3748	344	3006	0	0	0	874	0	0	0	400	0	0	0	0	0	1562	570	11048	0	0	0	0	0	0	0	0	0	2512	0	0	2920	19384	2734	14494	0	8898	0	6458	0	0	1962	22068	3616	29536	306	11474	3080	16518	1954	11936	0	2124	0	3388	0	6780	3570	5594	204	2434	258	9178	456	1684	28204	0	908	13044	128	0	0	698	0	0	0	2830	0	746	0	2400	0	0	0	10376	0	0	0	5646	0	0	0	0	0	0	0	1172	0	0	0	0	0	0	0	0	0	0	0	0	880	0	0	0	0	0	
210868	Paracentral_Lobule_L	17626	450	4814	4252	0	0	706	0	0	0	0	0	0	0	0	0	204	0	7178	4518	0	0	0	0	0	0	0	0	140	0	0	0	8666	1436	1410	0	508	0	0	0	0	0	2230	0	4954	184	1540	0	2958	0	13604	142	1642	0	918	0	5454	0	1054	0	494	0	866	150	1528	0	7882	908	0	736	0	0	0	0	0	0	0	0	0	0	598	0	0	0	4480	144	0	0	1060	0	0	0	0	0	0	0	0	0	0	0	0	0	0	0	0	0	0	0	0	0	0	0	0	0	0	0	
144104	Paracentral_Lobule_R	0	3166	0	322	0	0	0	0	0	0	0	0	0	0	0	0	0	956	0	10110	0	0	0	0	0	0	0	0	0	1408	0	0	342	9162	192	1366	0	168	0	194	0	0	0	1962	0	3278	0	1088	0	2402	0	2726	0	312	0	286	0	9740	0	578	0	0	0	1516	0	0	350	13044	736	0	0	0	0	0	0	0	0	0	0	580	0	1024	0	0	0	3188	0	0	0	1720	0	0	0	0	0	0	0	0	0	0	0	0	0	0	0	0	0	0	0	0	136	0	0	0	0	0	
532416	Caudate_L	4244	1304	14316	4806	4300	1664	1728	5798	998	0	6798	7128	790	1396	3004	0	3276	1316	11736	3596	10642	9514	1000	684	744	2324	4338	2666	10846	994	6266	6560	0	464	160	152	684	2202	486	266	720	0	0	0	0	0	226	146	0	0	0	0	466	0	120	244	552	720	0	0	0	0	0	188	0	0	0	128	0	0	0	27862	35796	21614	8128	4620	11740	9604	1644	0	714	0	502	0	324	0	0	0	486	258	0	0	0	0	0	0	0	0	0	0	0	0	0	0	0	0	0	0	0	216	0	0	0	0	0	0	
588992	Caudate_R	3580	1648	10446	26280	1420	3980	1066	1828	486	0	372	3966	0	1496	948	914	294	890	9354	25356	6460	10690	1038	4712	1138	5498	2376	3738	1150	3824	5560	21132	0	2102	4160	4446	2488	1344	742	162	0	576	0	0	0	0	770	0	0	0	0	0	176	0	0	140	334	0	0	0	0	0	0	0	0	0	128	0	0	0	27862	0	17744	27220	5220	4458	7918	24452	288	0	0	0	0	0	0	0	0	0	0	0	0	0	0	0	0	0	0	0	0	0	0	0	0	0	0	0	0	0	0	126	0	0	0	0	0	0	
501872	Putamen_L	2118	1588	24966	4066	4036	612	2892	2440	1180	0	2880	1772	920	250	4420	0	1130	932	15030	2690	4924	5278	2240	452	384	748	1170	728	21546	432	8370	3780	0	468	424	0	8210	474	4282	0	1082	0	0	0	0	0	1410	0	0	0	266	0	1138	0	3068	0	416	730	0	0	0	0	0	178	0	0	168	0	0	0	35796	17744	0	13248	11818	3344	8308	3028	1176	0	2736	0	912	0	1140	0	0	0	4768	146	272	0	0	0	0	0	0	0	212	0	0	0	0	0	0	0	0	0	0	0	0	0	0	0	0	0	
626760	Putamen_R	2956	1400	4402	27984	446	4850	1076	2810	128	214	6666	7236	682	1264	174	1432	1956	2914	3618	12250	2932	5210	1366	7684	722	6034	744	2214	5106	22474	4078	20052	0	1800	0	676	182	17728	224	5488	0	1020	0	0	0	0	256	2388	0	0	0	0	272	0	0	8916	300	384	0	0	0	0	0	0	0	0	0	698	0	0	21614	27220	13248	0	2428	8876	1202	15378	878	130	362	3772	0	3380	190	2052	0	0	126	5942	0	218	0	0	0	0	0	312	0	606	0	0	0	0	0	0	0	0	0	2040	0	0	0	0	0	0	
111248	Pallidum_L	446	918	7164	826	0	0	1226	1106	0	0	0	542	0	0	0	0	234	130	6002	742	0	1426	0	0	0	0	0	0	696	0	0	0	0	130	0	0	628	0	282	0	0	0	0	0	0	0	0	0	0	0	0	0	214	0	0	0	0	0	0	0	0	0	0	0	0	0	0	0	0	0	8128	5220	11818	2428	0	2284	2076	246	468	0	0	0	0	0	0	0	0	0	244	0	0	0	0	0	0	0	0	0	0	0	0	0	0	0	0	0	0	0	0	0	0	0	0	0	0	0	
88056	Pallidum_R	562	260	1884	3236	0	150	266	474	0	0	2152	628	120	0	0	0	424	0	1964	1916	508	1254	0	450	0	262	0	0	966	0	388	758	0	0	0	0	0	586	0	506	0	0	0	0	0	0	0	0	0	0	0	0	0	0	0	478	0	0	0	0	0	0	0	0	0	0	0	0	0	0	4620	4458	3344	8876	2284	0	0	134	120	0	0	0	0	0	0	0	0	0	0	0	0	0	0	0	0	0	0	0	0	0	0	0	0	0	0	0	0	0	0	0	0	0	0	0	0	0	
248068	Thalamus_L	1912	948	15622	4460	0	0	516	3400	0	0	138	3928	0	120	0	0	206	216	14328	4618	0	0	0	0	0	0	0	0	2486	212	0	350	0	0	4526	3862	4136	172	2210	0	0	0	0	0	0	0	1510	0	0	0	232	0	1326	0	246	0	738	0	0	0	0	0	0	0	0	0	304	0	0	0	11740	7918	8308	1202	2076	0	0	17770	462	0	0	0	0	0	132	0	0	0	1704	0	0	0	0	0	0	0	0	0	0	0	0	0	0	0	0	0	0	0	0	0	0	0	0	0	0	0	
413836	Thalamus_R	2294	2776	5328	21496	0	0	296	4904	0	0	1328	5240	0	450	0	0	640	1014	5074	22890	0	0	0	530	0	0	0	0	1950	2894	164	1580	0	338	5862	9408	3714	11162	1248	3426	0	0	0	192	0	0	1788	3956	0	0	268	0	340	0	0	2480	322	212	0	0	0	0	0	0	0	0	576	2830	0	0	9604	24452	3028	15378	246	134	17770	0	598	0	158	634	0	0	0	336	0	0	0	1954	0	0	0	0	0	0	132	378	0	0	0	0	0	0	0	0	0	0	0	3146	0	0	0	0	0	0	
233444	Heschl_L	5558	0	10330	510	0	0	6568	0	0	0	4482	196	1006	0	0	0	7584	0	5894	376	0	0	0	0	0	0	0	0	22294	0	166	292	0	0	480	0	7868	408	3974	0	0	0	194	0	0	0	2568	0	0	0	1282	0	4314	0	434	0	2652	0	0	0	426	0	742	0	0	0	516	0	0	0	1644	288	1176	878	468	120	462	598	0	0	7208	0	0	0	8060	0	0	0	4706	0	0	0	0	0	0	0	0	0	0	0	0	0	0	0	0	0	0	0	0	0	0	0	0	0	0	0	
93932	Heschl_R	138	516	0	844	0	0	0	0	0	0	0	0	0	0	0	0	0	8592	0	544	0	0	0	0	0	0	0	0	0	6028	0	0	0	0	0	0	0	1468	0	922	0	0	0	162	0	0	0	0	0	0	0	0	0	238	0	1514	0	1432	0	0	0	0	0	858	0	0	222	746	0	580	0	0	0	130	0	0	0	0	0	0	0	11792	0	0	0	4682	0	0	0	5558	0	0	0	0	0	0	0	0	0	0	0	0	0	0	0	0	0	0	0	0	0	0	0	0	0	0	
280316	Temporal_Sup_L	2426	0	2060	0	0	0	336	0	0	0	4102	186	1180	0	186	0	11274	0	698	0	0	0	0	0	0	0	0	0	16090	0	0	0	0	0	0	0	1494	0	474	0	0	0	0	0	0	0	308	0	0	0	4986	0	3266	0	596	0	4840	0	620	0	642	0	7038	0	2666	0	504	0	598	0	714	0	2736	362	0	0	0	158	7208	0	0	0	4894	0	37260	0	0	0	20072	0	184	0	0	0	0	0	0	0	0	0	0	0	0	0	0	0	0	0	0	0	0	0	0	0	0	0	
245452	Temporal_Sup_R	140	950	0	1366	0	0	0	334	0	0	0	888	0	234	0	0	0	14060	0	812	0	0	0	250	0	0	0	0	0	13974	0	276	0	484	0	284	0	4140	0	2178	0	0	0	230	0	138	0	122	0	162	156	444	0	238	0	2706	0	3756	186	0	0	0	0	8162	0	1396	826	2400	0	1024	0	0	0	3772	0	0	0	634	0	11792	0	0	0	5824	0	25312	0	482	0	12594	0	0	0	0	0	0	0	0	0	0	0	0	0	0	0	0	0	0	0	0	0	0	0	0	0	0	
116072	Temporal_Pole_Sup_L	0	0	812	0	1774	0	270	0	892	0	1314	0	1682	0	5656	0	1540	0	0	0	716	0	0	0	0	0	382	0	5430	0	260	0	0	0	0	0	260	0	1442	0	1134	0	0	0	0	0	0	0	0	0	0	0	0	0	4086	0	122	0	0	0	0	0	0	0	0	0	0	0	0	0	502	0	912	0	0	0	0	0	0	0	4894	0	0	0	8960	0	4432	0	10564	0	0	0	0	0	0	0	0	0	0	0	0	0	0	0	0	0	0	0	0	0	0	0	0	0	0	0	
90344	Temporal_Pole_Sup_R	0	0	0	268	0	0	0	0	0	0	0	368	0	168	0	1112	0	590	0	160	0	156	0	0	0	0	0	0	0	6308	0	0	0	0	0	0	0	1688	0	3008	0	2748	0	0	0	0	0	0	0	0	0	0	0	0	0	6684	0	0	0	0	0	0	0	0	0	0	0	0	0	0	0	0	0	3380	0	0	0	0	0	0	0	5824	0	0	0	4720	0	3550	0	4298	0	0	0	0	0	0	0	0	0	142	0	0	0	0	0	0	0	0	0	0	0	0	0	0	0	0	
524600	Temporal_Mid_L	5332	0	2176	0	0	0	992	0	0	0	1698	0	836	0	296	0	4940	0	1194	0	0	0	0	0	0	0	0	0	13180	0	0	0	708	0	0	0	4058	0	2266	0	0	0	2634	0	1358	0	5306	0	1588	0	33172	0	16860	0	10764	0	4912	0	3130	0	2718	0	8224	0	11592	0	3322	0	4480	0	324	0	1140	190	0	0	132	0	8060	0	37260	0	8960	0	0	0	5508	0	51428	0	970	0	0	0	0	0	200	0	392	0	0	0	0	0	0	0	0	0	0	0	0	0	0	0	0	0	
323528	Temporal_Mid_R	0	854	0	522	0	0	0	0	0	0	0	236	0	0	0	0	0	4488	0	1680	0	0	0	0	0	0	0	0	0	6438	0	0	0	3604	0	206	0	3244	0	1430	0	594	132	4606	0	4374	0	808	756	3412	868	15690	0	1430	0	2898	0	2088	1136	0	0	584	0	7376	198	3560	2914	10376	144	3188	0	0	0	2052	0	0	0	336	0	4682	0	25312	0	4720	0	0	0	2936	0	31892	0	0	0	0	0	0	0	0	0	0	0	0	0	0	0	0	0	0	0	0	0	0	0	0	0	0	
39500	Temporal_Pole_Mid_L	0	0	0	0	0	0	0	0	0	0	0	0	0	0	208	0	0	0	0	0	0	0	0	0	0	0	0	0	0	0	0	0	0	0	0	0	0	0	148	0	0	0	0	0	0	0	0	0	0	0	0	0	0	0	2264	0	0	0	0	0	0	0	0	0	0	0	0	0	0	0	0	0	0	0	0	0	0	0	0	0	0	0	4432	0	5508	0	0	0	7190	0	0	0	0	0	0	0	0	0	0	0	0	0	0	0	0	0	0	0	0	0	0	0	0	0	0	0	
32628	Temporal_Pole_Mid_R	0	0	0	0	0	0	0	0	0	0	0	0	0	0	0	0	0	0	0	0	0	0	0	0	0	0	0	0	0	0	0	0	0	0	0	0	0	190	0	940	0	424	0	0	0	0	0	0	0	0	0	0	0	0	0	4314	0	0	0	0	0	0	0	0	0	0	0	0	0	0	0	0	0	0	0	0	0	0	0	0	0	482	0	3550	0	2936	0	0	0	3478	0	0	0	0	0	0	0	0	0	0	0	0	0	0	0	0	0	0	0	0	0	0	0	0	0	0	
492176	Temporal_Inf_L	1764	0	8422	254	0	0	1038	134	0	0	1792	124	634	0	234	0	3204	0	6806	360	0	0	0	0	0	0	0	0	25258	0	0	0	154	0	128	0	14288	0	3724	0	2550	0	158	0	0	0	4812	0	158	0	8854	0	18784	0	24906	0	2960	0	1710	0	1216	0	1126	0	1186	0	444	0	1060	0	486	0	4768	126	244	0	1704	0	4706	0	20072	0	10564	0	51428	0	7190	0	0	0	4112	0	240	0	0	0	322	0	1698	0	0	0	186	0	0	0	0	0	0	0	0	0	0	0	0	0	
338472	Temporal_Inf_R	0	2562	0	2506	0	0	0	540	0	0	0	484	0	0	0	0	0	4448	0	1644	0	0	0	162	0	0	0	0	0	6988	0	156	0	924	0	412	0	16400	0	9660	0	1530	0	2912	0	368	0	1056	348	324	418	1012	0	6816	0	24590	0	1658	562	0	0	0	0	1458	0	454	1710	5646	0	1720	258	0	146	5942	0	0	0	1954	0	5558	0	12594	0	4298	0	31892	0	3478	0	0	0	1418	0	0	0	0	0	410	0	1602	0	0	0	0	0	0	0	0	0	218	0	0	0	0	0	0	
460164	Cerebelum_Crus1_L	0	0	0	0	0	0	0	0	0	0	0	0	0	0	0	0	0	0	0	0	0	0	0	0	0	0	0	0	372	0	0	0	0	0	0	0	2348	0	2928	0	348	0	486	0	170	0	3256	1666	248	0	1306	0	1514	390	17152	1136	0	0	0	0	0	0	0	0	0	0	0	0	0	0	0	0	272	0	0	0	0	0	0	0	184	0	0	0	970	0	0	0	4112	0	0	2876	36426	3454	2242	182	16926	948	50176	4992	14068	1612	21608	2294	4172	2320	282	418	564	1470	2586	7740	7248	3142	3148	330	
353704	Cerebelum_Crus1_R	0	0	0	0	0	0	0	0	0	0	0	0	0	0	0	0	0	0	0	0	0	0	0	0	0	0	0	0	0	0	0	0	0	0	0	0	0	3152	0	4342	0	426	0	0	0	0	858	2008	0	0	0	0	0	608	132	11960	0	0	0	0	0	0	0	0	0	0	0	0	0	0	0	0	0	218	0	0	0	0	0	0	0	0	0	0	0	0	0	0	0	1418	2876	0	1828	25418	0	4616	1362	16152	2778	43772	506	6158	622	18684	140	2196	0	758	594	3258	3726	5660	7154	1924	1548	0	
392944	Cerebelum_Crus2_L	0	0	0	0	0	0	0	0	0	0	0	0	0	0	0	0	0	0	0	0	0	0	0	0	0	0	0	0	0	0	0	0	0	0	0	0	986	0	1306	0	204	0	136	0	0	0	384	318	0	0	0	0	0	0	3062	368	0	0	0	0	0	0	0	0	0	0	0	0	0	0	0	0	0	0	0	0	0	0	0	0	0	0	0	0	0	0	0	0	240	0	36426	1828	0	7992	976	0	5748	552	16546	2264	36380	5956	36406	7222	7066	1286	520	136	392	874	1552	2306	10136	5104	1634	166	
266872	Cerebelum_Crus2_R	0	0	0	0	0	0	0	0	0	0	0	0	0	0	0	0	0	0	0	0	0	0	0	0	0	0	0	0	0	0	0	0	0	0	0	0	0	344	0	416	0	0	0	0	0	0	262	302	0	0	0	0	0	166	166	824	0	0	0	0	0	0	0	0	0	0	0	0	0	0	0	0	0	0	0	0	0	0	0	0	0	0	0	0	0	0	0	0	0	0	3454	25418	7992	0	0	954	338	1526	1284	8692	3092	21326	3184	30136	482	4938	0	458	174	576	342	1470	10340	3440	1340	0	
37436	Cerebelum_3_L	0	0	0	0	0	0	0	0	0	0	0	0	0	0	0	0	0	0	0	0	0	0	0	0	0	0	0	0	0	0	0	0	0	0	0	0	0	0	0	0	0	0	0	0	0	0	0	0	0	0	0	0	0	0	0	0	0	0	0	0	0	0	0	0	0	0	0	0	0	0	0	0	0	0	0	0	0	0	0	0	0	0	0	0	0	0	0	0	0	0	2242	0	976	0	0	0	6034	144	3348	178	318	0	418	0	814	0	0	0	674	2936	636	0	0	0	0	0	
66604	Cerebelum_3_R	0	0	0	0	0	0	0	0	0	0	0	0	0	0	0	0	0	0	0	0	0	0	0	0	0	0	0	0	0	0	0	0	0	0	0	0	0	414	0	872	0	0	0	0	0	0	0	0	0	0	0	0	0	0	0	1138	0	0	0	0	0	0	0	0	0	0	0	0	0	0	0	0	0	0	0	0	0	0	0	0	0	0	0	0	0	0	0	0	0	0	182	4616	0	954	0	0	204	8118	296	8592	0	172	0	898	0	662	0	0	762	3930	394	258	272	288	280	0	
310620	Cerebelum_4_5_L	0	0	0	0	0	0	0	0	0	0	0	0	0	0	0	0	0	0	0	0	0	0	0	0	0	0	0	0	0	0	0	0	0	0	144	0	2578	0	4008	0	420	0	1806	0	384	0	8836	1822	236	0	1096	0	2776	0	13316	1566	0	0	0	0	0	0	0	0	0	0	424	0	0	0	0	0	0	0	0	0	0	132	0	0	0	0	0	0	200	0	0	0	322	0	16926	1362	5748	338	6034	204	0	5312	34008	5672	1236	0	3002	286	5508	1870	488	224	1596	4016	13710	3458	464	1302	1648	832	
284360	Cerebelum_4_5_R	0	0	0	206	0	0	0	0	0	0	0	0	0	0	0	0	0	0	0	164	0	0	0	0	0	0	0	0	0	0	0	0	0	0	0	542	0	6264	0	10358	0	734	380	358	0	0	2042	8520	0	0	0	0	342	568	404	15324	0	0	0	0	0	0	0	0	0	0	0	1172	0	0	0	0	0	312	0	0	0	378	0	0	0	0	0	0	0	0	0	0	0	410	948	16152	552	1526	144	8118	5312	0	3592	30374	124	184	164	1802	780	1540	0	170	920	4092	12300	1922	696	986	980	324	
478708	Cerebelum_6_L	0	0	0	0	0	0	0	0	0	0	0	0	0	0	0	0	0	0	0	0	0	0	0	0	0	0	0	0	0	0	0	0	0	0	0	0	3162	0	4386	0	386	0	1226	0	170	0	8752	3360	0	0	1084	0	3626	604	23548	2136	0	0	0	0	0	0	0	0	0	0	152	0	0	0	0	0	212	0	0	0	0	0	0	0	0	0	0	0	392	0	0	0	1698	0	50176	2778	16546	1284	3348	296	34008	3592	0	7510	5998	336	11052	782	4216	3804	504	578	1046	2456	9416	12566	3088	3840	4250	990	
456752	Cerebelum_6_R	0	0	0	0	0	0	0	0	0	0	0	0	0	0	0	0	0	0	0	0	0	0	0	0	0	0	0	0	0	134	0	0	0	0	0	0	0	5686	0	7542	0	812	282	480	0	362	2564	7936	0	300	0	0	332	2606	524	23194	0	0	0	0	0	0	0	0	0	0	0	0	0	0	0	0	0	606	0	0	0	0	0	0	0	0	0	142	0	0	0	0	0	1602	4992	43772	2264	8692	178	8592	5672	30374	7510	0	416	1042	608	6300	1068	4072	0	1116	2130	5980	11684	11986	8248	3184	2852	540	
253580	Cerebelum_7b_L	0	0	0	0	0	0	0	0	0	0	0	0	0	0	0	0	0	0	0	0	0	0	0	0	0	0	0	0	0	0	0	0	0	0	0	0	146	0	204	0	0	0	0	0	0	0	0	0	0	0	0	0	0	0	858	0	0	0	0	0	0	0	0	0	0	0	0	0	0	0	0	0	0	0	0	0	0	0	0	0	0	0	0	0	0	0	0	0	0	0	14068	506	36380	3092	318	0	1236	124	5998	416	0	3376	33404	5538	7148	634	612	0	0	0	370	414	4882	5986	1080	0	
167432	Cerebelum_7b_R	0	0	0	0	0	0	0	0	0	0	0	0	0	0	0	0	0	0	0	0	0	0	0	0	0	0	0	0	0	0	0	0	0	0	0	0	0	0	0	0	0	0	0	0	0	0	0	0	0	0	0	0	0	0	0	0	0	0	0	0	0	0	0	0	0	0	0	0	0	0	0	0	0	0	0	0	0	0	0	0	0	0	0	0	0	0	0	0	0	0	1612	6158	5956	21326	0	172	0	184	336	1042	3376	0	3300	25886	382	5512	0	128	0	124	0	0	4822	3140	260	0	
316640	Cerebelum_8_L	0	0	0	0	0	0	0	0	0	0	0	0	0	0	0	0	0	0	0	0	0	0	0	0	0	0	0	0	0	0	0	0	0	0	0	0	654	0	866	0	156	0	0	0	0	0	0	0	0	0	0	0	0	0	2322	0	0	0	0	0	0	0	0	0	0	0	0	0	0	0	0	0	0	0	0	0	0	0	0	0	0	0	0	0	0	0	0	0	186	0	21608	622	36406	3184	418	0	3002	164	11052	608	33404	3300	0	6354	13760	1610	1342	0	0	166	644	718	5866	7736	2172	0	
280876	Cerebelum_8_R	0	0	0	0	0	0	0	0	0	0	0	0	0	0	0	0	0	0	0	0	0	0	0	0	0	0	0	0	0	0	0	0	0	0	0	0	0	416	0	526	0	0	0	0	0	0	0	0	0	0	0	0	0	0	0	588	0	0	0	0	0	0	0	0	0	0	0	0	0	0	0	0	0	0	0	0	0	0	0	0	0	0	0	0	0	0	0	0	0	0	2294	18684	7222	30136	0	898	286	1802	782	6300	5538	25886	6354	0	866	12380	0	824	158	380	262	604	8400	6928	1712	212	
128216	Cerebelum_9_L	0	0	0	0	0	0	0	0	0	0	0	0	0	0	0	0	0	0	0	0	0	0	0	0	0	0	0	0	0	0	0	0	0	0	0	0	0	0	0	0	0	0	594	0	208	0	474	132	134	0	0	0	0	0	176	122	0	0	0	0	0	0	0	0	0	0	208	0	0	0	0	0	0	0	0	0	0	0	0	0	0	0	0	0	0	0	0	0	0	0	4172	140	7066	482	814	0	5508	780	4216	1068	7148	382	13760	866	0	1364	2968	0	152	390	3338	2004	1400	2106	1620	316	
150756	Cerebelum_9_R	0	0	0	0	0	0	0	0	0	0	0	0	0	0	0	0	0	0	0	0	0	0	0	0	0	0	0	0	0	0	0	0	0	0	0	0	0	0	0	0	0	0	146	0	0	0	400	0	0	0	0	0	0	0	190	244	0	0	0	0	0	0	0	0	0	0	0	0	0	0	0	0	0	0	0	0	0	0	0	0	0	0	0	0	0	0	0	0	0	0	2320	2196	1286	4938	0	662	1870	1540	3804	4072	634	5512	1610	12380	1364	0	0	2316	614	850	2888	5348	3056	6320	7138	1680	
