data	data	716920	334124	1.22182e+06	1.05036e+06	169296	116968	566376	326500	97872	55336	326772	245264	330964	209708	222324	102736	264144	141104	838720	736516	66372	73608	441496	556192	26300	109016	65728	106984	770544	285084	368708	495956	151512	547076	154832	201660	334472	319532	71940	119544	50416	44064	106352	198788	111464	129672	112828	158300	139820	171520	397956	174768	115412	23572	307004	284896	245664	171904	67624	110148	174336	136160	122484	149264	133488	153216	145024	240780	328416	120604	329364	328044	319556	323964	54528	8272	202520	196360	101776	6560	178004	62272	57044	21912	235868	154020	17828	6980	189248	204288	410904	281548	249324	210848	20852	35524	196984	155404	333400	276344	204488	110992	211284	146336	93496	90444	28488	6252	7124	13520	124848	112724	114264	82712	55788	38364	
data	data	Precentral_L	Precentral_R	Frontal_Sup_L	Frontal_Sup_R	Frontal_Sup_Orb_L	Frontal_Sup_Orb_R	Frontal_Mid_L	Frontal_Mid_R	Frontal_Mid_Orb_L	Frontal_Mid_Orb_R	Frontal_Inf_Oper_L	Frontal_Inf_Oper_R	Frontal_Inf_Tri_L	Frontal_Inf_Tri_R	Frontal_Inf_Orb_L	Frontal_Inf_Orb_R	Rolandic_Oper_L	Rolandic_Oper_R	Supp_Motor_Area_L	Supp_Motor_Area_R	Olfactory_L	Olfactory_R	Frontal_Sup_Medial_L	Frontal_Sup_Medial_R	Frontal_Med_Orb_L	Frontal_Med_Orb_R	Rectus_L	Rectus_R	Insula_L	Insula_R	Cingulum_Ant_L	Cingulum_Ant_R	Cingulum_Mid_L	Cingulum_Mid_R	Cingulum_Post_L	Cingulum_Post_R	Hippocampus_L	Hippocampus_R	ParaHippocampal_L	ParaHippocampal_R	Amygdala_L	Amygdala_R	Calcarine_L	Calcarine_R	Cuneus_L	Cuneus_R	Lingual_L	Lingual_R	Occipital_Sup_L	Occipital_Sup_R	Occipital_Mid_L	Occipital_Mid_R	Occipital_Inf_L	Occipital_Inf_R	Fusiform_L	Fusiform_R	Postcentral_L	Postcentral_R	Parietal_Sup_L	Parietal_Sup_R	Parietal_Inf_L	Parietal_Inf_R	SupraMarginal_L	SupraMarginal_R	Angular_L	Angular_R	Precuneus_L	Precuneus_R	Paracentral_Lobule_L	Paracentral_Lobule_R	Caudate_L	Caudate_R	Putamen_L	Putamen_R	Pallidum_L	Pallidum_R	Thalamus_L	Thalamus_R	Heschl_L	Heschl_R	Temporal_Sup_L	Temporal_Sup_R	Temporal_Pole_Sup_L	Temporal_Pole_Sup_R	Temporal_Mid_L	Temporal_Mid_R	Temporal_Pole_Mid_L	Temporal_Pole_Mid_R	Temporal_Inf_L	Temporal_Inf_R	Cerebelum_Crus1_L	Cerebelum_Crus1_R	Cerebelum_Crus2_L	Cerebelum_Crus2_R	Cerebelum_3_L	Cerebelum_3_R	Cerebelum_4_5_L	Cerebelum_4_5_R	Cerebelum_6_L	Cerebelum_6_R	Cerebelum_7b_L	Cerebelum_7b_R	Cerebelum_8_L	Cerebelum_8_R	Cerebelum_9_L	Cerebelum_9_R	Cerebelum_10_L	Cerebelum_10_R	Vermis_1_2	Vermis_3	Vermis_4_5	Vermis_6	Vermis_7	Vermis_8	Vermis_9	Vermis_10	
716920	Precentral_L	0	3892	54206	11170	0	0	34678	870	0	0	15096	0	486	0	0	0	16032	0	26816	12910	0	0	514	0	0	0	0	0	15832	130	672	0	170	3412	4548	3446	19570	2382	1818	108	0	0	208	0	0	0	0	0	126	0	2956	0	132	0	1246	0	28784	210	0	0	2452	0	1200	226	1128	0	442	0	35754	336	5170	330	6766	160	3036	0	23082	3016	7178	0	2950	0	0	0	1712	0	0	0	1102	0	0	0	0	0	0	0	0	0	0	0	0	0	0	0	0	0	0	0	0	0	0	0	0	0	0	0	
334124	Precentral_R	3892	0	2940	25102	0	0	342	17516	0	0	0	7078	0	0	0	0	0	2292	3934	17828	0	0	0	0	0	0	0	0	204	5056	0	0	124	138	496	690	242	12512	0	3208	0	0	0	568	0	262	0	578	0	890	0	950	0	106	0	3002	0	11312	0	590	0	1666	0	4866	0	252	0	844	3594	3986	116	4308	136	2966	0	180	882	14534	0	126	0	2258	0	0	0	1072	0	0	0	3424	0	0	0	0	0	0	0	0	0	0	0	0	0	0	0	0	0	0	0	0	0	0	0	0	0	0	
1.22182e+06	Frontal_Sup_L	54206	2940	0	12320	13366	0	80370	1162	7028	0	22448	376	27350	334	16282	0	13266	0	99470	21506	0	0	46452	5912	104	238	0	0	44932	102	18702	2848	5316	5976	1918	1392	11136	762	1372	0	0	0	0	0	0	0	0	0	0	0	404	0	0	0	566	0	5172	0	0	0	198	0	338	0	168	0	0	0	23490	0	7416	346	18202	0	5672	0	20820	1796	2626	0	2118	0	1128	0	226	0	0	0	636	0	0	0	0	0	0	0	0	0	0	0	0	0	0	0	0	0	0	0	0	0	0	0	0	0	0	0	
1.05036e+06	Frontal_Sup_R	11170	25102	12320	0	0	8682	4756	32828	0	2024	2582	11960	928	12596	0	4856	1190	11348	20340	64194	0	546	12440	61830	0	4814	0	4570	8206	15646	5928	40968	2102	32228	238	150	734	8342	0	1310	0	0	0	0	0	0	0	0	0	0	0	0	0	0	0	3348	688	602	0	0	0	134	0	350	0	0	0	0	4412	0	13458	26964	1580	23988	218	1104	886	17924	172	100	240	554	0	0	0	178	0	0	0	1352	0	0	0	0	0	0	0	0	0	0	0	0	0	0	0	0	0	0	0	0	0	0	0	0	0	0	
169296	Frontal_Sup_Orb_L	0	0	13366	0	0	122	2758	0	13508	0	428	0	3330	0	16384	0	0	0	0	0	2784	0	2688	0	2354	296	5334	0	9718	0	3784	0	0	0	0	0	0	0	0	0	684	0	0	0	0	0	0	0	0	0	0	0	0	0	0	0	0	0	0	0	0	0	0	0	0	0	0	0	0	0	1284	0	5826	0	0	0	0	0	0	0	0	0	0	0	0	0	0	0	0	0	0	0	0	0	0	0	0	0	0	0	0	0	0	0	0	0	0	0	0	0	0	0	0	0	0	0	
116968	Frontal_Sup_Orb_R	0	0	0	8682	122	0	0	0	0	3826	0	0	0	0	0	2582	0	0	0	1224	0	1548	132	5574	806	8750	0	11604	262	1954	594	3486	0	0	0	0	0	0	0	0	0	0	0	0	0	0	0	0	0	0	0	0	0	0	0	0	0	0	0	0	0	0	0	0	0	0	0	0	0	0	582	2860	108	3788	0	0	0	0	0	0	0	0	0	0	0	0	0	0	0	0	0	0	0	0	0	0	0	0	0	0	0	0	0	0	0	0	0	0	0	0	0	0	0	0	0	0	
566376	Frontal_Mid_L	34678	342	80370	4756	2758	0	0	770	4582	0	21304	0	35418	0	7446	0	7426	0	11178	2904	0	0	15864	806	0	0	0	0	20596	0	5452	428	1282	1050	308	238	4028	102	316	0	0	0	0	0	0	0	0	0	0	0	0	0	0	0	128	0	3610	0	0	0	186	0	0	0	152	0	0	0	3018	0	1660	0	3436	0	1272	0	2160	292	2218	0	548	0	0	0	0	0	0	0	106	0	0	0	0	0	0	0	0	0	0	0	0	0	0	0	0	0	0	0	0	0	0	0	0	0	0	0	
326500	Frontal_Mid_R	870	17516	1162	32828	0	0	770	0	0	1512	388	10650	0	19872	0	3860	316	3176	4320	6006	0	0	3500	11516	0	0	0	0	2508	6118	596	5498	0	10550	0	0	0	2320	0	744	0	0	0	0	0	0	0	0	0	0	0	0	0	0	0	930	0	722	0	234	0	398	0	568	0	0	0	114	0	0	4224	1238	748	4672	0	0	104	2218	0	0	0	128	0	0	0	0	0	0	0	356	0	0	0	0	0	0	0	0	0	0	0	0	0	0	0	0	0	0	0	0	0	0	0	0	0	0	
97872	Frontal_Mid_Orb_L	0	0	7028	0	13508	0	4582	0	0	0	0	0	2874	0	17884	0	0	0	0	0	0	0	0	0	0	0	812	0	2138	0	0	0	0	0	0	0	0	0	0	0	0	0	0	0	0	0	0	0	0	0	0	0	0	0	0	0	0	0	0	0	0	0	0	0	0	0	0	0	0	0	0	0	110	0	0	0	0	0	0	0	0	0	0	0	0	0	0	0	0	0	0	0	0	0	0	0	0	0	0	0	0	0	0	0	0	0	0	0	0	0	0	0	0	0	0	0	
55336	Frontal_Mid_Orb_R	0	0	0	2024	0	3826	0	1512	0	0	0	0	0	1012	0	11016	0	0	0	928	0	262	0	146	0	114	0	1180	0	1784	0	106	0	0	0	0	0	0	0	0	0	0	0	0	0	0	0	0	0	0	0	0	0	0	0	0	0	0	0	0	0	0	0	0	0	0	0	0	0	0	112	546	0	3100	0	0	0	0	0	0	0	0	0	0	0	0	0	0	0	0	0	0	0	0	0	0	0	0	0	0	0	0	0	0	0	0	0	0	0	0	0	0	0	0	0	0	
326772	Frontal_Inf_Oper_L	15096	0	22448	2582	428	0	21304	388	0	0	0	564	16704	110	226	0	19080	148	17892	1856	0	0	1118	224	0	0	0	0	25762	330	3484	464	764	118	0	0	368	0	0	0	0	0	0	0	0	0	0	0	0	0	0	0	0	0	0	0	2256	0	0	0	0	0	0	0	0	0	0	0	0	0	2406	226	1218	0	0	0	0	0	1662	0	2668	0	1492	0	0	0	0	0	0	0	0	0	0	0	0	0	0	0	0	0	0	0	0	0	0	0	0	0	0	0	0	0	0	0	0	0	
245264	Frontal_Inf_Oper_R	0	7078	376	11960	0	0	0	10650	0	0	564	0	468	16858	0	204	242	9360	2310	5990	0	0	1650	5662	0	0	0	0	1388	19428	864	5508	0	4902	0	0	0	418	0	118	0	0	0	0	0	0	0	0	0	0	0	0	0	0	0	110	0	1500	0	0	0	0	0	0	0	0	0	0	0	0	5832	2942	1300	4268	0	0	0	578	0	0	0	0	0	104	0	0	0	0	0	0	0	0	0	0	0	0	0	0	0	0	0	0	0	0	0	0	0	0	0	0	0	0	0	0	0	0	
330964	Frontal_Inf_Tri_L	486	0	27350	928	3330	0	35418	0	2874	0	16704	468	0	152	18248	0	598	100	5746	650	0	0	4162	114	0	0	0	0	35848	126	8218	360	394	0	0	0	162	0	0	0	0	0	0	0	0	0	0	0	0	0	0	0	0	0	0	0	0	0	0	0	0	0	0	0	0	0	0	0	0	0	1388	0	1398	0	0	0	0	0	0	0	0	0	260	0	0	0	0	0	0	0	0	0	0	0	0	0	0	0	0	0	0	0	0	0	0	0	0	0	0	0	0	0	0	0	0	0	
209708	Frontal_Inf_Tri_R	0	0	334	12596	0	0	0	19872	0	1012	110	16858	152	0	0	6420	0	858	1820	4838	0	0	2092	6772	0	0	0	0	396	9344	1058	6444	0	5454	0	0	0	160	0	0	0	0	0	0	0	0	0	0	0	0	0	0	0	0	0	0	0	0	0	0	0	0	0	0	0	0	0	0	0	0	2702	1968	704	2768	0	0	0	122	0	0	0	0	0	0	0	0	0	0	0	0	0	0	0	0	0	0	0	0	0	0	0	0	0	0	0	0	0	0	0	0	0	0	0	0	0	0	
222324	Frontal_Inf_Orb_L	0	0	16282	0	16384	0	7446	0	17884	0	226	0	18248	0	0	0	0	0	358	0	2260	0	2684	0	0	0	708	0	20640	0	2700	0	0	0	0	0	0	0	122	0	890	0	0	0	0	0	0	0	0	0	0	0	0	0	0	0	0	0	0	0	0	0	0	0	0	0	0	0	0	0	652	0	3336	0	0	0	0	0	0	0	0	0	342	0	0	0	0	0	0	0	0	0	0	0	0	0	0	0	0	0	0	0	0	0	0	0	0	0	0	0	0	0	0	0	0	0	
102736	Frontal_Inf_Orb_R	0	0	0	4856	0	2582	0	3860	0	11016	0	204	0	6420	0	0	0	0	266	1680	0	890	0	1574	0	586	0	1772	276	7354	142	894	0	372	0	0	0	0	0	0	0	0	0	0	0	0	0	0	0	0	0	0	0	0	0	0	0	0	0	0	0	0	0	0	0	0	0	0	0	0	710	1916	168	3830	0	0	0	0	0	0	0	0	0	0	0	0	0	0	0	0	0	0	0	0	0	0	0	0	0	0	0	0	0	0	0	0	0	0	0	0	0	0	0	0	0	0	
264144	Rolandic_Oper_L	16032	0	13266	1190	0	0	7426	316	0	0	19080	242	598	0	0	0	0	0	11308	694	0	0	0	174	0	0	0	0	18902	250	0	158	0	0	0	0	218	0	0	0	0	0	0	0	0	0	0	0	0	0	1402	0	0	0	220	0	10402	0	0	0	1100	0	5082	0	564	0	0	0	502	0	1638	184	280	0	0	0	0	0	6464	0	10888	0	1282	0	1236	0	0	0	974	0	0	0	0	0	0	0	0	0	0	0	0	0	0	0	0	0	0	0	0	0	0	0	0	0	0	0	
141104	Rolandic_Oper_R	0	2292	0	11348	0	0	0	3176	0	0	148	9360	100	858	0	0	0	0	760	7774	0	0	0	928	0	0	0	0	676	17334	144	520	0	2458	0	0	0	370	0	128	0	0	0	0	0	0	0	0	0	0	0	0	0	0	0	300	0	2940	0	130	0	564	0	2694	0	0	0	0	0	0	968	292	230	548	0	0	0	550	0	406	0	1784	0	162	0	242	0	0	0	368	0	0	0	0	0	0	0	0	0	0	0	0	0	0	0	0	0	0	0	0	0	0	0	0	0	0	
838720	Supp_Motor_Area_L	26816	3934	99470	20340	0	0	11178	4320	0	0	17892	2310	5746	1820	358	266	11308	760	0	44256	0	0	10674	6828	0	0	0	0	29754	1008	7206	3890	11862	19416	1010	478	8714	428	824	0	1034	0	0	0	0	0	0	0	0	0	126	0	0	0	1040	106	3526	112	0	0	0	0	120	0	0	0	0	0	13088	396	9824	568	17382	798	4212	0	8420	470	842	0	2480	0	1058	0	0	0	0	0	892	0	0	0	0	0	0	0	0	0	0	0	0	0	0	0	0	0	0	0	0	0	0	0	0	0	0	0	
736516	Supp_Motor_Area_R	12910	17828	21506	64194	0	1224	2904	6006	0	928	1856	5990	650	4838	0	1680	694	7774	44256	0	0	0	1196	13912	0	458	0	616	4472	8240	2354	7100	9800	41224	1362	4840	556	4370	0	490	0	0	0	616	0	600	0	428	0	1526	0	1382	0	100	0	2596	266	1112	0	0	0	0	0	1864	0	162	246	2928	14306	11434	5270	7482	572	9376	0	338	182	3330	0	172	144	1868	0	0	0	792	0	0	0	2938	0	0	0	0	0	0	0	0	0	0	0	0	0	0	0	0	0	0	0	0	0	0	0	0	0	0	
66372	Olfactory_L	0	0	0	0	2784	0	0	0	0	0	0	0	0	0	2260	0	0	0	0	0	0	4130	106	0	970	140	5068	1104	2510	0	2526	1912	0	0	0	0	154	0	304	0	1194	0	0	0	0	0	0	0	0	0	0	0	0	0	0	0	0	0	0	0	0	0	0	0	0	0	0	0	0	0	5152	1556	1212	104	0	0	0	0	0	0	0	0	0	0	0	0	0	0	0	0	0	0	0	0	0	0	0	0	0	0	0	0	0	0	0	0	0	0	0	0	0	0	0	0	0	0	
73608	Olfactory_R	0	0	0	546	0	1548	0	0	0	262	0	0	0	0	0	890	0	0	0	0	4130	0	0	156	306	664	3450	3840	0	1964	1798	2338	0	0	0	0	0	0	0	0	0	750	0	0	0	0	0	0	0	0	0	0	0	0	0	0	0	0	0	0	0	0	0	0	0	0	0	0	0	0	5662	5276	2298	750	0	0	0	0	0	0	0	0	0	176	0	0	0	0	0	0	0	0	0	0	0	0	0	0	0	0	0	0	0	0	0	0	0	0	0	0	0	0	0	0	0	0	
441496	Frontal_Sup_Medial_L	514	0	46452	12440	2688	132	15864	3500	0	0	1118	1650	4162	2092	2684	0	0	0	10674	1196	106	0	0	25608	1350	618	600	0	6806	170	34068	14272	6248	16744	0	0	0	132	0	0	0	0	0	0	0	0	0	0	0	0	0	0	0	0	0	0	224	0	0	0	0	0	0	0	0	0	0	0	0	0	2308	508	5402	316	0	0	0	102	0	0	0	0	0	0	0	0	0	0	0	0	0	0	0	0	0	0	0	0	0	0	0	0	0	0	0	0	0	0	0	0	0	0	0	0	0	0	
556192	Frontal_Sup_Medial_R	0	0	5912	61830	0	5574	806	11516	0	146	224	5662	114	6772	0	1574	174	928	6828	13912	0	156	25608	0	108	7178	0	2974	1372	4380	6756	41464	1068	30534	0	0	0	1940	0	182	0	0	0	0	0	0	0	0	0	0	0	0	0	0	0	1138	0	0	0	0	0	0	0	0	0	0	0	0	0	0	3648	15590	512	10576	0	0	0	634	0	0	0	0	0	0	0	0	0	0	0	306	0	0	0	0	0	0	0	0	0	0	0	0	0	0	0	0	0	0	0	0	0	0	0	0	0	0	
26300	Frontal_Med_Orb_L	0	0	104	0	2354	806	0	0	0	0	0	0	0	0	0	0	0	0	0	0	970	306	1350	108	0	1014	2128	0	0	0	2580	0	0	0	0	0	0	0	0	0	0	0	0	0	0	0	0	0	0	0	0	0	0	0	0	0	0	0	0	0	0	0	0	0	0	0	0	0	0	0	1308	122	0	0	0	0	0	0	0	0	0	0	0	0	0	0	0	0	0	0	0	0	0	0	0	0	0	0	0	0	0	0	0	0	0	0	0	0	0	0	0	0	0	0	0	0	
109016	Frontal_Med_Orb_R	0	0	238	4814	296	8750	0	0	0	114	0	0	0	0	0	586	0	0	0	458	140	664	618	7178	1014	0	142	8218	0	950	1666	7268	0	0	0	0	0	0	0	0	0	0	0	0	0	0	0	0	0	0	0	0	0	0	0	0	0	0	0	0	0	0	0	0	0	0	0	0	0	0	146	4978	0	6270	0	0	0	0	0	0	0	0	0	0	0	0	0	0	0	0	0	0	0	0	0	0	0	0	0	0	0	0	0	0	0	0	0	0	0	0	0	0	0	0	0	0	
65728	Rectus_L	0	0	0	0	5334	0	0	0	812	0	0	0	0	0	708	0	0	0	0	0	5068	3450	600	0	2128	142	0	954	350	0	4696	2228	0	0	0	0	0	0	0	0	224	0	0	0	0	0	0	0	0	0	0	0	0	0	0	0	0	0	0	0	0	0	0	0	0	0	0	0	0	0	3682	1684	692	112	0	0	0	0	0	0	0	0	0	0	0	0	0	0	0	0	0	0	0	0	0	0	0	0	0	0	0	0	0	0	0	0	0	0	0	0	0	0	0	0	0	0	
106984	Rectus_R	0	0	0	4570	0	11604	0	0	0	1180	0	0	0	0	0	1772	0	0	0	616	1104	3840	0	2974	0	8218	954	0	0	1742	602	4626	0	0	0	0	0	0	0	0	0	0	0	0	0	0	0	0	0	0	0	0	0	0	0	0	0	0	0	0	0	0	0	0	0	0	0	0	0	0	966	4224	376	4124	0	0	0	0	0	0	0	0	0	0	0	0	0	0	0	0	0	0	0	0	0	0	0	0	0	0	0	0	0	0	0	0	0	0	0	0	0	0	0	0	0	0	
770544	Insula_L	15832	204	44932	8206	9718	262	20596	2508	2138	0	25762	1388	35848	396	20640	276	18902	676	29754	4472	2510	0	6806	1372	0	0	350	0	0	1272	13698	1814	334	892	140	112	21730	470	2068	130	4230	0	0	0	0	0	0	0	0	0	1062	0	0	0	6048	182	4788	0	0	0	636	0	710	0	446	0	0	0	254	0	15846	1572	23134	994	0	0	1186	392	10262	0	7978	0	3276	0	1022	0	0	0	4902	144	0	0	0	0	0	0	0	0	0	0	0	0	0	0	0	0	0	0	0	0	0	0	0	0	0	0	
285084	Insula_R	130	5056	102	15646	0	1954	0	6118	0	1784	330	19428	126	9344	0	7354	250	17334	1008	8240	0	1964	170	4380	0	950	0	1742	1272	0	242	2098	0	2806	0	0	0	3526	0	1084	0	1186	0	0	0	0	0	0	0	0	0	0	0	0	0	1524	0	1072	0	0	0	116	0	258	0	0	0	0	0	0	2712	2670	546	14800	0	0	0	1178	0	272	0	332	0	244	0	168	0	0	0	1026	0	0	0	0	0	0	0	0	0	0	0	0	0	0	0	0	0	0	0	0	0	0	0	0	0	0	
368708	Cingulum_Ant_L	672	0	18702	5928	3784	594	5452	596	0	0	3484	864	8218	1058	2700	142	0	144	7206	2354	2526	1798	34068	6756	2580	1666	4696	602	13698	242	0	18662	5088	8540	0	0	144	0	0	0	0	0	0	0	0	0	0	0	0	0	0	0	0	0	0	0	330	0	0	0	0	0	0	0	0	0	0	0	0	0	8132	2356	10024	548	0	0	0	0	0	0	0	0	0	0	0	0	0	0	0	0	0	0	0	0	0	0	0	0	0	0	0	0	0	0	0	0	0	0	0	0	0	0	0	0	0	0	
495956	Cingulum_Ant_R	0	0	2848	40968	0	3486	428	5498	0	106	464	5508	360	6444	0	894	158	520	3890	7100	1912	2338	14272	41464	0	7268	2228	4626	1814	2098	18662	0	2810	26818	0	122	0	192	0	0	0	0	0	0	0	0	0	0	0	0	0	0	0	0	0	0	0	0	0	0	0	0	0	0	0	0	0	0	0	0	6038	22502	1802	12150	0	0	0	190	0	0	0	0	0	0	0	0	0	0	0	0	0	0	0	0	0	0	0	0	0	0	0	0	0	0	0	0	0	0	0	0	0	0	0	0	0	0	
151512	Cingulum_Mid_L	170	124	5316	2102	0	0	1282	0	0	0	764	0	394	0	0	0	0	0	11862	9800	0	0	6248	1068	0	0	0	0	334	0	5088	2810	0	14482	2172	1508	0	0	0	0	0	0	0	0	154	0	0	202	908	0	1478	0	0	0	0	0	0	0	0	0	0	0	0	0	0	0	1694	2020	3170	460	0	0	0	0	0	0	0	0	0	0	0	0	0	0	146	0	0	0	0	0	0	0	0	0	0	0	0	0	0	0	0	0	0	0	0	0	0	0	0	0	0	0	0	0	0	0	
547076	Cingulum_Mid_R	3412	138	5976	32228	0	0	1050	10550	0	0	118	4902	0	5454	0	372	0	2458	19416	41224	0	0	16744	30534	0	0	0	0	892	2806	8540	26818	14482	0	662	7902	0	1208	0	222	0	0	0	852	0	2580	0	526	0	3022	0	1042	0	0	0	340	0	1382	0	110	0	0	0	0	0	266	352	7384	5472	7730	908	300	0	2268	0	0	0	556	0	0	0	0	0	0	0	150	0	0	0	190	0	0	0	0	0	0	0	0	0	0	0	0	0	0	0	0	0	0	0	0	0	0	0	0	0	0	
154832	Cingulum_Post_L	4548	496	1918	238	0	0	308	0	0	0	0	0	0	0	0	0	0	0	1010	1362	0	0	0	0	0	0	0	0	140	0	0	0	2172	662	0	10376	8744	4474	868	216	0	0	5074	0	1574	0	1406	0	1460	0	2030	0	168	0	480	0	282	130	190	0	246	128	162	200	110	0	8834	540	6888	1178	0	0	0	0	0	0	3122	4704	292	0	150	0	0	0	358	0	0	0	0	0	0	0	0	0	0	0	178	0	0	0	0	0	0	0	0	0	0	0	0	0	0	0	0	0	0	0	
201660	Cingulum_Post_R	3446	690	1392	150	0	0	238	0	0	0	0	0	0	0	0	0	0	0	478	4840	0	0	0	0	0	0	0	0	112	0	0	122	1508	7902	10376	0	4938	8284	252	828	0	0	0	1844	0	916	122	5386	0	4380	0	3026	0	0	0	1210	0	2434	0	762	0	622	0	570	0	1128	1130	13240	1278	7226	0	0	0	0	0	0	2340	4446	234	0	0	0	0	0	0	606	0	0	0	1530	0	0	0	0	0	0	0	0	0	0	0	0	0	0	0	0	0	0	0	0	844	0	0	0	0	0	
334472	Hippocampus_L	19570	242	11136	734	0	0	4028	0	0	0	368	0	162	0	0	0	218	0	8714	556	154	0	0	0	0	0	0	0	21730	0	144	0	0	0	8744	4938	0	3870	11692	166	8028	0	3738	0	0	0	2198	0	0	0	224	0	0	0	13016	0	2468	0	0	0	0	0	126	0	0	0	4960	0	1290	0	1026	0	10392	0	1648	0	6112	3234	2512	0	1900	0	1026	0	304	0	0	0	5564	0	0	0	0	0	0	0	304	0	0	0	0	0	0	0	0	0	0	0	0	0	0	0	0	0	0	0	
319532	Hippocampus_R	2382	12512	762	8342	0	0	102	2320	0	0	0	418	0	160	0	0	0	370	428	4370	0	0	132	1940	0	0	0	0	470	3526	0	192	0	1208	4474	8284	3870	0	242	18996	0	9412	0	782	0	0	122	2562	0	0	0	0	0	0	0	26192	0	572	0	0	0	0	0	232	0	0	530	3308	136	432	576	0	186	14154	0	0	1034	8116	232	0	0	110	0	532	0	796	0	0	0	13092	0	0	0	0	0	0	0	166	0	116	0	0	0	0	0	0	0	0	0	0	876	0	0	0	0	0	
71940	ParaHippocampal_L	1818	0	1372	0	0	0	316	0	0	0	0	0	0	0	122	0	0	0	824	0	304	0	0	0	0	0	0	0	2068	0	0	0	0	0	868	252	11692	242	0	0	2354	0	426	0	0	0	1350	0	0	0	0	0	0	0	3754	0	0	0	0	0	0	0	0	0	0	0	752	0	326	0	0	0	2454	0	0	0	642	184	0	0	186	0	1294	0	0	0	1116	0	846	0	0	0	0	0	0	0	274	0	134	0	0	0	0	0	0	0	0	0	0	0	0	0	0	0	0	0	
119544	ParaHippocampal_R	108	3208	0	1310	0	0	0	744	0	0	0	118	0	0	0	0	0	128	0	490	0	0	0	182	0	0	0	0	130	1084	0	0	0	222	216	828	166	18996	0	0	0	4650	0	452	0	0	0	1586	0	0	0	0	0	0	0	12834	0	0	0	0	0	0	0	0	0	0	0	902	0	0	212	0	100	3700	0	0	0	630	0	0	0	0	0	630	0	0	0	734	0	4278	0	116	0	0	0	0	0	414	0	206	0	0	0	0	0	0	0	0	0	0	398	0	0	0	0	0	
50416	Amygdala_L	0	0	0	0	684	0	0	0	0	0	0	0	0	0	890	0	0	0	1034	0	1194	0	0	0	0	0	224	0	4230	0	0	0	0	0	0	0	8028	0	2354	0	0	0	0	0	0	0	0	0	0	0	0	0	0	0	3556	0	0	0	0	0	0	0	0	0	0	0	0	0	0	0	0	0	1666	0	0	0	0	0	0	0	0	0	642	0	0	0	166	0	540	0	0	0	0	0	0	0	0	0	0	0	0	0	0	0	0	0	0	0	0	0	0	0	0	0	0	0	
44064	Amygdala_R	0	0	0	0	0	0	0	0	0	0	0	0	0	0	0	0	0	0	0	0	0	750	0	0	0	0	0	0	0	1186	0	0	0	0	0	0	0	9412	0	4650	0	0	0	0	0	0	0	0	0	0	0	0	0	0	0	4870	0	0	0	0	0	0	0	0	0	0	0	0	0	0	0	0	0	378	0	0	0	0	0	0	0	0	0	786	0	0	0	0	0	0	0	0	0	0	0	0	0	0	0	0	0	0	0	0	0	0	0	0	0	0	0	0	0	0	0	0	
106352	Calcarine_L	208	0	0	0	0	0	0	0	0	0	0	0	0	0	0	0	0	0	0	0	0	0	0	0	0	0	0	0	0	0	0	0	0	0	5074	0	3738	0	426	0	0	0	0	1150	5802	510	5146	480	4546	384	10902	280	2506	0	536	0	174	0	0	0	0	0	0	0	124	0	9592	0	0	0	0	0	0	0	0	0	0	0	0	0	0	0	0	0	1160	0	0	0	244	0	0	0	0	0	0	0	194	0	0	0	0	0	0	0	0	0	0	0	0	0	0	0	0	0	0	0	
198788	Calcarine_R	0	568	0	0	0	0	0	0	0	0	0	0	0	0	0	0	0	0	0	616	0	0	0	0	0	0	0	0	0	0	0	0	0	852	0	1844	0	782	0	452	0	0	1150	0	5012	15110	0	15336	0	11570	0	11700	0	2886	0	6984	0	476	0	608	0	684	0	882	0	1630	0	13170	0	588	0	0	0	0	0	0	0	0	0	0	0	0	0	0	0	4900	0	0	0	1374	0	0	0	0	0	0	0	0	0	0	0	0	0	0	0	0	0	0	0	0	220	0	0	0	0	0	
111464	Cuneus_L	0	0	0	0	0	0	0	0	0	0	0	0	0	0	0	0	0	0	0	0	0	0	0	0	0	0	0	0	0	0	0	0	154	0	1574	0	0	0	0	0	0	0	5802	5012	0	6246	438	876	13952	2292	10818	844	1394	0	252	318	0	0	538	0	0	0	0	0	200	0	4478	0	148	0	0	0	0	0	0	0	0	0	0	0	0	0	0	0	396	0	0	0	0	0	0	0	0	0	0	0	0	0	0	0	0	0	0	0	0	0	0	0	0	0	0	0	0	0	0	0	
129672	Cuneus_R	0	262	0	0	0	0	0	0	0	0	0	0	0	0	0	0	0	0	0	600	0	0	0	0	0	0	0	0	0	0	0	0	0	2580	0	916	0	0	0	0	0	0	510	15110	6246	0	0	2860	0	14310	0	6644	0	242	0	928	0	396	0	194	0	168	0	218	0	940	276	9534	0	702	0	0	0	0	0	0	0	0	0	0	0	0	0	0	0	958	0	0	0	242	0	0	0	0	0	0	0	0	0	0	0	0	0	0	0	0	0	0	0	0	0	0	0	0	0	0	
112828	Lingual_L	0	0	0	0	0	0	0	0	0	0	0	0	0	0	0	0	0	0	0	0	0	0	0	0	0	0	0	0	0	0	0	0	0	0	1406	122	2198	122	1350	0	0	0	5146	0	438	0	0	174	1518	0	8576	0	2292	0	7632	0	0	0	0	0	0	0	0	0	0	0	2158	0	0	0	0	0	0	0	0	0	0	0	0	0	0	0	0	0	0	0	0	0	0	0	5996	0	118	0	228	0	6586	0	8566	0	0	0	0	0	0	0	0	0	0	0	1362	426	0	0	0	0	
158300	Lingual_R	0	578	0	0	0	0	0	0	0	0	0	0	0	0	0	0	0	0	0	428	0	0	0	0	0	0	0	0	0	0	0	0	202	526	0	5386	0	2562	0	1586	0	0	480	15336	876	2860	174	0	0	6572	0	5308	0	930	0	9838	0	268	0	198	0	396	0	292	0	768	156	8866	0	724	0	0	0	0	0	0	0	0	0	0	0	0	0	0	0	598	0	0	0	688	0	2058	0	0	0	0	242	2528	264	4132	0	0	0	0	0	0	0	0	0	0	1964	1366	0	0	0	0	
139820	Occipital_Sup_L	126	0	0	0	0	0	0	0	0	0	0	0	0	0	0	0	0	0	0	0	0	0	0	0	0	0	0	0	0	0	0	0	908	0	1460	0	0	0	0	0	0	0	4546	0	13952	0	1518	0	0	0	25178	0	3334	0	2500	0	0	0	3076	0	1188	0	140	0	2094	0	6942	0	718	0	0	0	0	0	0	0	0	0	0	0	0	0	0	0	2004	0	0	0	226	0	0	0	0	0	0	0	0	0	0	0	0	0	0	0	0	0	0	0	0	0	0	0	0	0	0	0	
171520	Occipital_Sup_R	0	890	0	0	0	0	0	0	0	0	0	0	0	0	0	0	0	0	0	1526	0	0	0	0	0	0	0	0	0	0	0	0	0	3022	0	4380	0	0	0	0	0	0	384	11570	2292	14310	0	6572	0	0	0	13366	0	0	0	612	0	1678	0	1672	0	1852	0	1134	0	4346	0	12074	0	2086	0	0	0	0	0	0	0	0	0	0	0	166	0	0	0	1186	0	0	0	642	0	0	0	0	0	0	0	0	0	0	0	0	0	0	0	0	0	0	0	0	0	0	0	0	0	0	
397956	Occipital_Mid_L	2956	0	404	0	0	0	0	0	0	0	0	0	0	0	0	0	1402	0	126	0	0	0	0	0	0	0	0	0	1062	0	0	0	1478	0	2030	0	224	0	0	0	0	0	10902	0	10818	0	8576	0	25178	0	0	0	23768	0	13896	0	2242	0	4306	0	12014	0	2586	0	22392	0	8764	0	4646	0	0	0	0	0	0	0	0	0	1740	0	1992	0	0	0	30356	0	0	0	5120	0	0	0	0	0	0	0	0	0	0	0	0	0	0	0	0	0	0	0	0	0	0	0	0	0	0	0	
174768	Occipital_Mid_R	0	950	0	0	0	0	0	0	0	0	0	0	0	0	0	0	0	0	0	1382	0	0	0	0	0	0	0	0	0	0	0	0	0	1042	0	3026	0	0	0	0	0	0	280	11700	844	6644	0	5308	0	13366	0	0	0	1318	0	2592	0	1038	0	2462	0	4638	0	1246	0	10178	0	7978	0	1736	0	0	0	0	0	0	0	0	0	0	0	238	0	0	0	8198	0	0	0	1220	0	0	0	0	0	0	0	0	0	0	0	0	0	0	0	0	0	0	0	0	0	0	0	0	0	0	
115412	Occipital_Inf_L	132	0	0	0	0	0	0	0	0	0	0	0	0	0	0	0	0	0	0	0	0	0	0	0	0	0	0	0	0	0	0	0	0	0	168	0	0	0	0	0	0	0	2506	0	1394	0	2292	0	3334	0	23768	0	0	0	11416	0	0	0	590	0	0	0	0	0	148	0	1358	0	646	0	0	0	0	0	0	0	0	0	0	0	0	0	0	0	6240	0	0	0	3556	0	158	0	0	0	0	0	0	0	0	0	0	0	0	0	0	0	0	0	0	0	0	0	0	0	0	0	
23572	Occipital_Inf_R	0	106	0	0	0	0	0	0	0	0	0	0	0	0	0	0	0	0	0	100	0	0	0	0	0	0	0	0	0	0	0	0	0	0	0	0	0	0	0	0	0	0	0	2886	0	242	0	930	0	0	0	1318	0	0	0	3844	0	0	0	0	0	0	0	0	0	0	0	788	0	0	0	0	0	0	0	0	0	0	0	0	0	0	0	0	0	202	0	0	0	1370	0	0	0	0	0	0	0	0	0	0	0	0	0	0	0	0	0	0	0	0	0	0	0	0	0	0	
307004	Fusiform_L	1246	0	566	0	0	0	128	0	0	0	0	0	0	0	0	0	220	0	1040	0	0	0	0	0	0	0	0	0	6048	0	0	0	0	0	480	0	13016	0	3754	0	3556	0	536	0	252	0	7632	0	2500	0	13896	0	11416	0	0	0	208	0	584	0	100	0	172	0	208	0	1510	0	818	0	0	0	924	0	0	0	184	0	958	0	3056	0	1476	0	5428	0	1160	0	14540	0	20548	0	1420	0	212	0	8722	0	24190	0	118	0	0	0	0	0	0	0	0	0	394	286	0	0	0	0	
284896	Fusiform_R	0	3002	0	3348	0	0	0	930	0	0	0	110	0	0	0	0	0	300	106	2596	0	0	0	1138	0	0	0	0	182	1524	0	0	0	340	0	1210	0	26192	0	12834	0	4870	0	6984	318	928	0	9838	0	612	0	2592	0	3844	0	0	0	456	0	370	0	0	0	418	0	0	164	2920	0	484	266	0	102	5636	0	0	0	164	0	0	0	618	0	2294	0	2400	0	604	0	19730	0	6730	0	102	0	0	0	3518	100	8984	0	0	0	0	0	0	0	0	0	0	1214	1376	0	0	0	0	
245664	Postcentral_L	28784	0	5172	688	0	0	3610	0	0	0	2256	0	0	0	0	0	10402	0	3526	266	0	0	224	0	0	0	0	0	4788	0	330	0	0	0	282	0	2468	0	0	0	0	0	174	0	0	0	0	0	0	0	2242	0	0	0	208	0	0	0	5888	0	19132	0	12154	0	1396	0	2386	0	4884	0	266	0	0	0	0	0	0	0	3672	0	6018	0	0	0	982	0	0	0	634	0	0	0	0	0	0	0	0	0	0	0	0	0	0	0	0	0	0	0	0	0	0	0	0	0	0	0	
171904	Postcentral_R	210	11312	0	602	0	0	0	722	0	0	0	1500	0	0	0	0	0	2940	112	1112	0	0	0	0	0	0	0	0	0	1072	0	0	0	1382	130	2434	0	572	0	0	0	0	0	476	0	396	0	268	0	1678	0	1038	0	0	0	456	0	0	0	12526	0	11920	0	15430	0	3560	0	3352	294	7994	0	0	0	292	0	0	0	0	0	0	0	516	0	0	0	492	0	0	0	1164	0	0	0	0	0	0	0	0	0	0	0	0	0	0	0	0	0	0	0	0	0	0	0	0	0	0	
67624	Parietal_Sup_L	0	0	0	0	0	0	0	0	0	0	0	0	0	0	0	0	0	0	0	0	0	0	0	0	0	0	0	0	0	0	0	0	0	0	190	0	0	0	0	0	0	0	0	0	538	0	0	0	3076	0	4306	0	590	0	584	0	5888	0	0	0	7974	0	116	0	966	0	7670	0	1498	0	0	0	0	0	0	0	0	0	0	0	0	0	0	0	416	0	0	0	0	0	0	0	0	0	0	0	0	0	0	0	0	0	0	0	0	0	0	0	0	0	0	0	0	0	0	0	
110148	Parietal_Sup_R	0	590	0	0	0	0	0	234	0	0	0	0	0	0	0	0	0	130	0	0	0	0	0	0	0	0	0	0	0	0	0	0	0	110	0	762	0	0	0	0	0	0	0	608	0	194	0	198	0	1672	0	2462	0	0	0	370	0	12526	0	0	0	10826	0	6520	0	6666	172	7298	0	1224	0	0	0	0	0	0	0	0	0	0	0	772	0	0	0	566	0	0	0	1174	0	0	0	0	0	0	0	0	0	0	0	0	0	0	0	0	0	0	0	0	0	0	0	0	0	0	
174336	Parietal_Inf_L	2452	0	198	0	0	0	186	0	0	0	0	0	0	0	0	0	1100	0	0	0	0	0	0	0	0	0	0	0	636	0	0	0	0	0	246	0	0	0	0	0	0	0	0	0	0	0	0	0	1188	0	12014	0	0	0	100	0	19132	0	7974	0	0	0	14926	0	16790	0	1500	0	3620	0	0	0	0	0	0	0	0	0	258	0	1512	0	0	0	1762	0	0	0	1574	0	0	0	0	0	0	0	0	0	0	0	0	0	0	0	0	0	0	0	0	0	0	0	0	0	0	0	
136160	Parietal_Inf_R	0	1666	0	134	0	0	0	398	0	0	0	0	0	0	0	0	0	564	0	0	0	0	0	0	0	0	0	0	0	116	0	0	0	0	128	622	0	0	0	0	0	0	0	684	0	168	0	396	0	1852	0	4638	0	0	0	0	0	11920	0	10826	0	0	0	15600	0	13076	0	2566	130	740	0	0	0	0	0	0	0	0	0	0	0	250	0	0	0	1070	0	0	0	536	0	0	0	0	0	0	0	0	0	0	0	0	0	0	0	0	0	0	0	0	0	0	0	0	0	0	
122484	SupraMarginal_L	1200	0	338	0	0	0	0	0	0	0	0	0	0	0	0	0	5082	0	120	0	0	0	0	0	0	0	0	0	710	0	0	0	0	0	162	0	126	0	0	0	0	0	0	0	0	0	0	0	140	0	2586	0	0	0	172	0	12154	0	116	0	14926	0	0	0	5948	0	0	0	2232	0	0	0	0	0	0	0	0	0	494	0	9410	0	0	0	1202	0	0	0	4124	0	0	0	0	0	0	0	0	0	0	0	0	0	0	0	0	0	0	0	0	0	0	0	0	0	0	0	
149264	SupraMarginal_R	226	4866	0	350	0	0	0	568	0	0	0	0	0	0	0	0	0	2694	0	1864	0	0	0	0	0	0	0	0	0	258	0	0	0	0	200	570	0	232	0	0	0	0	0	882	0	218	0	292	0	1134	0	1246	0	0	0	418	0	15430	0	6520	0	15600	0	0	0	7992	0	1732	442	576	0	0	0	0	0	0	0	0	0	0	0	4152	0	0	0	3584	0	0	0	2586	0	0	0	0	0	0	0	0	0	0	0	0	0	0	0	0	0	0	0	0	0	0	0	0	0	0	
133488	Angular_L	1128	0	168	0	0	0	152	0	0	0	0	0	0	0	0	0	564	0	0	0	0	0	0	0	0	0	0	0	446	0	0	0	0	0	110	0	0	0	0	0	0	0	124	0	200	0	0	0	2094	0	22392	0	148	0	208	0	1396	0	966	0	16790	0	5948	0	0	0	234	0	304	0	0	0	0	0	0	0	0	0	282	0	1812	0	0	0	8292	0	0	0	2986	0	0	0	0	0	0	0	0	0	0	0	0	0	0	0	0	0	0	0	0	0	0	0	0	0	0	0	
153216	Angular_R	0	252	0	0	0	0	0	0	0	0	0	0	0	0	0	0	0	0	0	162	0	0	0	0	0	0	0	0	0	0	0	0	0	266	0	1128	0	0	0	0	0	0	0	1630	0	940	0	768	0	4346	0	10178	0	0	0	0	0	3560	0	6666	0	13076	0	7992	0	0	0	3088	0	500	0	0	0	0	0	0	0	0	0	0	0	2206	0	0	0	12790	0	0	0	7060	0	0	0	0	0	0	0	0	0	0	0	0	0	0	0	0	0	0	0	0	0	0	0	0	0	0	
145024	Precuneus_L	442	0	0	0	0	0	0	0	0	0	0	0	0	0	0	0	0	0	0	246	0	0	0	0	0	0	0	0	0	0	0	0	1694	352	8834	1130	4960	530	752	0	0	0	9592	0	4478	276	2158	156	6942	0	8764	0	1358	0	1510	164	2386	0	7670	172	1500	0	0	0	234	0	0	1900	2430	158	0	0	0	0	0	0	0	132	0	0	0	0	0	0	1266	0	0	0	0	170	0	0	0	0	0	0	156	0	0	0	0	0	0	0	0	0	0	0	0	0	0	0	0	0	0	0	
240780	Precuneus_R	0	844	0	0	0	0	0	114	0	0	0	0	0	0	0	0	0	0	0	2928	0	0	0	0	0	0	0	0	0	0	0	0	2020	7384	540	13240	0	3308	0	902	0	0	0	13170	0	9534	0	8866	0	12074	0	7978	0	788	0	2920	0	3352	0	7298	0	2566	0	1732	0	3088	1900	0	104	4286	0	0	0	0	0	0	114	148	0	0	0	596	0	0	0	3842	0	0	0	3896	0	0	0	0	0	0	0	0	0	0	0	0	0	0	0	0	0	0	0	0	858	0	0	0	0	0	
328416	Paracentral_Lobule_L	35754	3594	23490	4412	0	0	3018	0	0	0	0	0	0	0	0	0	502	0	13088	14306	0	0	0	0	0	0	0	0	254	0	0	0	3170	5472	6888	1278	1290	136	326	0	0	0	0	0	148	0	0	0	718	0	4646	0	646	0	818	0	4884	294	1498	0	3620	130	2232	442	304	0	2430	104	0	2834	1570	162	0	0	126	0	13666	1326	306	0	922	0	0	0	2334	0	0	0	1070	0	0	0	0	0	0	0	0	0	0	0	0	0	0	0	0	0	0	0	0	0	0	0	0	0	0	0	
120604	Paracentral_Lobule_R	336	3986	0	0	0	0	0	0	0	0	0	0	0	0	0	0	0	0	396	11434	0	0	0	0	0	0	0	0	0	0	0	0	460	7730	1178	7226	0	432	0	0	0	0	0	588	0	702	0	724	0	2086	0	1736	0	0	0	484	0	7994	0	1224	0	740	0	576	0	500	158	4286	2834	0	0	0	0	0	0	0	0	0	0	0	0	592	0	0	0	452	0	0	0	1448	0	0	0	0	0	0	0	0	0	0	0	0	0	0	0	0	0	0	0	0	0	0	0	0	0	0	
329364	Caudate_L	5170	116	7416	13458	1284	582	1660	4224	0	112	2406	5832	1388	2702	652	710	1638	968	9824	5270	5152	5662	2308	3648	1308	146	3682	966	15846	2712	8132	6038	0	908	0	0	1026	576	0	212	0	0	0	0	0	0	0	0	0	0	0	0	0	0	0	266	266	0	0	0	0	0	0	0	0	0	0	0	1570	0	0	10560	19386	1668	1148	0	4950	584	0	0	320	0	0	0	0	0	0	0	0	230	0	0	0	0	0	0	0	0	0	0	0	0	0	0	0	0	0	0	0	0	0	0	0	0	0	0	
328044	Caudate_R	330	4308	346	26964	0	2860	0	1238	0	546	226	2942	0	1968	0	1916	184	292	568	7482	1556	5276	508	15590	122	4978	1684	4224	1572	2670	2356	22502	0	300	0	0	0	0	0	0	0	0	0	0	0	0	0	0	0	0	0	0	0	0	0	0	0	0	0	0	0	0	0	0	0	0	0	0	162	0	10560	0	2868	15490	0	1098	932	17404	0	0	0	0	0	0	0	0	0	0	0	0	0	0	0	0	0	0	0	0	0	0	0	0	0	0	0	0	0	0	0	0	0	0	0	0	0	0	
319556	Putamen_L	6766	136	18202	1580	5826	108	3436	748	110	0	1218	1300	1398	704	3336	168	280	230	17382	572	1212	2298	5402	512	0	0	692	376	23134	546	10024	1802	0	0	0	0	10392	186	2454	100	1666	0	0	0	0	0	0	0	0	0	0	0	0	0	924	102	0	0	0	0	0	0	0	0	0	0	0	0	0	0	19386	2868	0	556	7960	0	2502	148	106	0	222	0	544	0	0	0	0	0	164	0	0	0	0	0	0	0	0	0	0	0	0	0	0	0	0	0	0	0	0	0	0	0	0	0	0	0	
323964	Putamen_R	160	2966	0	23988	0	3788	0	4672	0	3100	0	4268	0	2768	0	3830	0	548	798	9376	104	750	316	10576	0	6270	112	4124	994	14800	548	12150	0	2268	0	0	0	14154	0	3700	0	378	0	0	0	0	0	0	0	0	0	0	0	0	0	5636	0	292	0	0	0	0	0	0	0	0	0	0	0	0	1668	15490	556	0	0	1416	0	3720	0	0	0	0	0	0	0	0	0	0	0	1698	0	0	0	0	0	0	0	0	0	0	0	0	0	0	0	0	0	0	0	0	0	0	0	0	0	0	
54528	Pallidum_L	3036	0	5672	218	0	0	1272	0	0	0	0	0	0	0	0	0	0	0	4212	0	0	0	0	0	0	0	0	0	0	0	0	0	0	0	0	0	1648	0	0	0	0	0	0	0	0	0	0	0	0	0	0	0	0	0	0	0	0	0	0	0	0	0	0	0	0	0	0	0	126	0	1148	0	7960	0	0	0	1972	0	0	0	0	0	0	0	0	0	0	0	0	0	0	0	0	0	0	0	0	0	0	0	0	0	0	0	0	0	0	0	0	0	0	0	0	0	0	0	
8272	Pallidum_R	0	180	0	1104	0	0	0	0	0	0	0	0	0	0	0	0	0	0	0	338	0	0	0	0	0	0	0	0	0	0	0	0	0	0	0	0	0	0	0	0	0	0	0	0	0	0	0	0	0	0	0	0	0	0	0	0	0	0	0	0	0	0	0	0	0	0	0	0	0	0	0	1098	0	1416	0	0	0	0	0	0	0	0	0	0	0	0	0	0	0	0	0	0	0	0	0	0	0	0	0	0	0	0	0	0	0	0	0	0	0	0	0	0	0	0	0	0	
202520	Thalamus_L	23082	882	20820	886	0	0	2160	104	0	0	0	0	0	0	0	0	0	0	8420	182	0	0	0	0	0	0	0	0	1186	0	0	0	0	0	3122	2340	6112	1034	642	0	0	0	0	0	0	0	0	0	0	0	0	0	0	0	184	0	0	0	0	0	0	0	0	0	0	0	0	114	13666	0	4950	932	2502	0	1972	0	0	5172	796	0	0	0	0	0	0	0	0	0	0	0	0	0	0	0	0	0	0	0	0	0	0	0	0	0	0	0	0	0	0	0	0	0	0	0	0	0	
196360	Thalamus_R	3016	14534	1796	17924	0	0	292	2218	0	0	0	578	0	122	0	0	0	550	470	3330	0	0	102	634	0	0	0	0	392	1178	0	190	0	556	4704	4446	3234	8116	184	630	0	0	0	0	0	0	0	0	0	0	0	0	0	0	0	164	0	0	0	0	0	0	0	0	0	0	132	148	1326	0	584	17404	148	3720	0	0	5172	0	186	0	0	0	0	0	0	0	0	0	0	0	0	0	0	0	0	0	0	0	0	0	0	0	0	0	0	0	0	0	0	0	0	0	0	0	0	0	
101776	Heschl_L	7178	0	2626	172	0	0	2218	0	0	0	1662	0	0	0	0	0	6464	0	842	0	0	0	0	0	0	0	0	0	10262	0	0	0	0	0	292	234	2512	232	0	0	0	0	0	0	0	0	0	0	0	0	1740	0	0	0	958	0	3672	0	0	0	258	0	494	0	282	0	0	0	306	0	0	0	106	0	0	0	796	186	0	0	3332	0	0	0	2338	0	0	0	1726	0	0	0	0	0	0	0	0	0	0	0	0	0	0	0	0	0	0	0	0	0	0	0	0	0	0	0	
6560	Heschl_R	0	126	0	100	0	0	0	0	0	0	0	0	0	0	0	0	0	406	0	172	0	0	0	0	0	0	0	0	0	272	0	0	0	0	0	0	0	0	0	0	0	0	0	0	0	0	0	0	0	0	0	0	0	0	0	0	0	0	0	0	0	0	0	0	0	0	0	0	0	0	0	0	0	0	0	0	0	0	0	0	0	1702	0	0	0	502	0	0	0	0	0	0	0	0	0	0	0	0	0	0	0	0	0	0	0	0	0	0	0	0	0	0	0	0	0	0	
178004	Temporal_Sup_L	2950	0	2118	240	0	0	548	0	0	0	2668	0	0	0	0	0	10888	0	2480	144	0	0	0	0	0	0	0	0	7978	0	0	0	0	0	150	0	1900	0	186	0	0	0	0	0	0	0	0	0	0	0	1992	0	0	0	3056	0	6018	0	0	0	1512	0	9410	0	1812	0	0	0	922	0	320	0	222	0	0	0	0	0	3332	0	0	0	3558	0	15084	0	144	0	9370	0	0	0	0	0	0	0	0	0	0	0	0	0	0	0	0	0	0	0	0	0	0	0	0	0	0	0	
62272	Temporal_Sup_R	0	2258	0	554	0	0	0	128	0	0	0	0	0	0	0	0	0	1784	0	1868	0	0	0	0	0	0	0	0	0	332	0	0	0	0	0	0	0	110	0	0	0	0	0	0	0	0	0	0	0	166	0	238	0	0	0	618	0	516	0	772	0	250	0	4152	0	2206	0	596	0	592	0	0	0	0	0	0	0	0	0	1702	0	0	0	2668	0	7156	0	132	0	2338	0	0	0	0	0	0	0	0	0	0	0	0	0	0	0	0	0	0	0	0	0	0	0	0	0	0	
57044	Temporal_Pole_Sup_L	0	0	1128	0	0	0	0	0	0	0	1492	0	260	0	342	0	1282	0	1058	0	0	0	0	0	0	0	0	0	3276	0	0	0	0	0	0	0	1026	0	1294	0	642	0	0	0	0	0	0	0	0	0	0	0	0	0	1476	0	0	0	0	0	0	0	0	0	0	0	0	0	0	0	0	0	544	0	0	0	0	0	0	0	3558	0	0	0	5548	0	3698	0	1898	0	0	0	0	0	0	0	0	0	0	0	0	0	0	0	0	0	0	0	0	0	0	0	0	0	0	0	
21912	Temporal_Pole_Sup_R	0	0	0	0	0	0	0	0	0	0	0	104	0	0	0	0	0	162	0	0	0	176	0	0	0	0	0	0	0	244	0	0	0	0	0	0	0	532	0	630	0	786	0	0	0	0	0	0	0	0	0	0	0	0	0	2294	0	0	0	0	0	0	0	0	0	0	0	0	0	0	0	0	0	0	0	0	0	0	0	0	0	2668	0	0	0	460	0	1116	0	1784	0	0	0	0	0	0	0	0	0	0	0	0	0	0	0	0	0	0	0	0	0	0	0	0	0	0	
235868	Temporal_Mid_L	1712	0	226	0	0	0	0	0	0	0	0	0	0	0	0	0	1236	0	0	0	0	0	0	0	0	0	0	0	1022	0	0	0	146	0	358	0	304	0	0	0	0	0	1160	0	396	0	0	0	2004	0	30356	0	6240	0	5428	0	982	0	416	0	1762	0	1202	0	8292	0	1266	0	2334	0	0	0	0	0	0	0	0	0	2338	0	15084	0	5548	0	0	0	1804	0	26318	0	0	0	0	0	0	0	0	0	0	0	0	0	0	0	0	0	0	0	0	0	0	0	0	0	0	0	
154020	Temporal_Mid_R	0	1072	0	178	0	0	0	0	0	0	0	0	0	0	0	0	0	242	0	792	0	0	0	0	0	0	0	0	0	168	0	0	0	150	0	606	0	796	0	0	0	0	0	4900	0	958	0	598	0	1186	0	8198	0	202	0	2400	0	492	0	566	0	1070	0	3584	0	12790	0	3842	0	452	0	0	0	0	0	0	0	0	0	502	0	7156	0	460	0	0	0	382	0	23268	0	0	0	0	0	0	0	0	0	0	0	0	0	0	0	0	0	0	0	0	0	0	0	0	0	0	
17828	Temporal_Pole_Mid_L	0	0	0	0	0	0	0	0	0	0	0	0	0	0	0	0	0	0	0	0	0	0	0	0	0	0	0	0	0	0	0	0	0	0	0	0	0	0	1116	0	166	0	0	0	0	0	0	0	0	0	0	0	0	0	1160	0	0	0	0	0	0	0	0	0	0	0	0	0	0	0	0	0	0	0	0	0	0	0	0	0	144	0	3698	0	1804	0	0	0	826	0	0	0	0	0	0	0	0	0	0	0	0	0	0	0	0	0	0	0	0	0	0	0	0	0	0	0	
6980	Temporal_Pole_Mid_R	0	0	0	0	0	0	0	0	0	0	0	0	0	0	0	0	0	0	0	0	0	0	0	0	0	0	0	0	0	0	0	0	0	0	0	0	0	0	0	734	0	0	0	0	0	0	0	0	0	0	0	0	0	0	0	604	0	0	0	0	0	0	0	0	0	0	0	0	0	0	0	0	0	0	0	0	0	0	0	0	0	132	0	1116	0	382	0	0	0	522	0	0	0	0	0	0	0	0	0	0	0	0	0	0	0	0	0	0	0	0	0	0	0	0	0	0	
189248	Temporal_Inf_L	1102	0	636	0	0	0	106	0	0	0	0	0	0	0	0	0	974	0	892	0	0	0	0	0	0	0	0	0	4902	0	0	0	0	0	0	0	5564	0	846	0	540	0	244	0	0	0	0	0	226	0	5120	0	3556	0	14540	0	634	0	0	0	1574	0	4124	0	2986	0	0	0	1070	0	0	0	164	0	0	0	0	0	1726	0	9370	0	1898	0	26318	0	826	0	0	0	2554	0	534	0	0	0	140	0	1344	0	114	0	0	0	0	0	0	0	0	0	0	0	0	0	0	0	
204288	Temporal_Inf_R	0	3424	0	1352	0	0	0	356	0	0	0	0	0	0	0	0	0	368	0	2938	0	0	0	306	0	0	0	0	144	1026	0	0	0	190	0	1530	0	13092	0	4278	0	0	0	1374	0	242	0	688	0	642	0	1220	0	1370	0	19730	0	1164	0	1174	0	536	0	2586	0	7060	170	3896	0	1448	230	0	0	1698	0	0	0	0	0	0	0	2338	0	1784	0	23268	0	522	0	0	0	0	0	0	0	0	0	0	0	0	0	0	0	0	0	0	0	0	0	0	0	0	0	0	0	0	
410904	Cerebelum_Crus1_L	0	0	0	0	0	0	0	0	0	0	0	0	0	0	0	0	0	0	0	0	0	0	0	0	0	0	0	0	0	0	0	0	0	0	0	0	0	0	0	0	0	0	0	0	0	0	5996	0	0	0	0	0	158	0	20548	0	0	0	0	0	0	0	0	0	0	0	0	0	0	0	0	0	0	0	0	0	0	0	0	0	0	0	0	0	0	0	0	0	2554	0	0	422	37686	5522	1356	0	25118	0	61998	634	10838	1546	10414	1146	1846	338	150	108	0	0	3436	2984	7410	1230	1344	670	
281548	Cerebelum_Crus1_R	0	0	0	0	0	0	0	0	0	0	0	0	0	0	0	0	0	0	0	0	0	0	0	0	0	0	0	0	0	0	0	0	0	0	0	0	0	0	0	116	0	0	0	0	0	0	0	2058	0	0	0	0	0	0	0	6730	0	0	0	0	0	0	0	0	0	0	0	0	0	0	0	0	0	0	0	0	0	0	0	0	0	0	0	0	0	0	0	0	0	0	422	0	0	22034	0	2644	0	21010	578	48892	0	5656	0	8374	0	3108	0	150	0	444	6276	7568	2748	962	854	150	
249324	Cerebelum_Crus2_L	0	0	0	0	0	0	0	0	0	0	0	0	0	0	0	0	0	0	0	0	0	0	0	0	0	0	0	0	0	0	0	0	0	0	0	0	0	0	0	0	0	0	0	0	0	0	118	0	0	0	0	0	0	0	1420	0	0	0	0	0	0	0	0	0	0	0	0	0	0	0	0	0	0	0	0	0	0	0	0	0	0	0	0	0	0	0	0	0	534	0	37686	0	0	8630	164	0	2004	0	6142	0	24368	3354	21910	1052	4088	0	1060	0	0	0	352	430	9524	1826	0	0	
210848	Cerebelum_Crus2_R	0	0	0	0	0	0	0	0	0	0	0	0	0	0	0	0	0	0	0	0	0	0	0	0	0	0	0	0	0	0	0	0	0	0	0	0	0	0	0	0	0	0	0	0	0	0	0	0	0	0	0	0	0	0	0	102	0	0	0	0	0	0	0	0	0	0	0	0	0	0	0	0	0	0	0	0	0	0	0	0	0	0	0	0	0	0	0	0	0	0	5522	22034	8630	0	0	150	0	902	512	5188	3060	14858	1798	19074	0	5474	0	192	0	0	304	1174	12504	2900	882	164	
20852	Cerebelum_3_L	0	0	0	0	0	0	0	0	0	0	0	0	0	0	0	0	0	0	0	0	0	0	0	0	0	0	0	0	0	0	0	0	0	0	0	0	0	0	0	0	0	0	0	0	0	0	228	0	0	0	0	0	0	0	212	0	0	0	0	0	0	0	0	0	0	0	0	0	0	0	0	0	0	0	0	0	0	0	0	0	0	0	0	0	0	0	0	0	0	0	1356	0	164	0	0	0	4234	0	1974	0	112	0	278	0	600	0	0	0	666	240	210	152	0	0	0	0	
35524	Cerebelum_3_R	0	0	0	0	0	0	0	0	0	0	0	0	0	0	0	0	0	0	0	0	0	0	0	0	0	0	0	0	0	0	0	0	0	0	0	0	0	0	0	0	0	0	0	0	0	0	0	0	0	0	0	0	0	0	0	0	0	0	0	0	0	0	0	0	0	0	0	0	0	0	0	0	0	0	0	0	0	0	0	0	0	0	0	0	0	0	0	0	0	0	0	2644	0	150	0	0	0	6032	0	5930	0	160	0	230	0	344	0	0	474	1464	334	0	0	0	0	0	
196984	Cerebelum_4_5_L	0	0	0	0	0	0	0	0	0	0	0	0	0	0	0	0	0	0	0	0	0	0	0	0	0	0	0	0	0	0	0	0	0	0	178	0	304	0	274	0	0	0	194	0	0	0	6586	242	0	0	0	0	0	0	8722	0	0	0	0	0	0	0	0	0	0	0	156	0	0	0	0	0	0	0	0	0	0	0	0	0	0	0	0	0	0	0	0	0	140	0	25118	0	2004	0	4234	0	0	406	35138	550	606	0	812	0	1418	434	252	0	0	174	7712	1548	0	114	460	716	
155404	Cerebelum_4_5_R	0	0	0	0	0	0	0	0	0	0	0	0	0	0	0	0	0	0	0	0	0	0	0	0	0	0	0	0	0	0	0	0	0	0	0	0	0	166	0	414	0	0	0	0	0	0	0	2528	0	0	0	0	0	0	0	3518	0	0	0	0	0	0	0	0	0	0	0	0	0	0	0	0	0	0	0	0	0	0	0	0	0	0	0	0	0	0	0	0	0	0	0	21010	0	902	0	6032	406	0	234	31212	0	996	0	1022	0	224	0	0	0	930	7882	226	0	0	0	0	
333400	Cerebelum_6_L	0	0	0	0	0	0	0	0	0	0	0	0	0	0	0	0	0	0	0	0	0	0	0	0	0	0	0	0	0	0	0	0	0	0	0	0	0	0	134	0	0	0	0	0	0	0	8566	264	0	0	0	0	0	0	24190	100	0	0	0	0	0	0	0	0	0	0	0	0	0	0	0	0	0	0	0	0	0	0	0	0	0	0	0	0	0	0	0	0	1344	0	61998	578	6142	512	1974	0	35138	234	0	1082	2394	0	1730	230	2044	1054	102	118	0	0	5862	5160	1072	1282	1958	1438	
276344	Cerebelum_6_R	0	0	0	0	0	0	0	0	0	0	0	0	0	0	0	0	0	0	0	0	0	0	0	0	0	0	0	0	0	0	0	0	0	0	0	0	0	116	0	206	0	0	0	0	0	0	0	4132	0	0	0	0	0	0	0	8984	0	0	0	0	0	0	0	0	0	0	0	0	0	0	0	0	0	0	0	0	0	0	0	0	0	0	0	0	0	0	0	0	0	0	634	48892	0	5188	0	5930	550	31212	1082	0	0	1914	0	1940	0	1228	0	0	0	896	11326	9656	1882	1088	1028	288	
204488	Cerebelum_7b_L	0	0	0	0	0	0	0	0	0	0	0	0	0	0	0	0	0	0	0	0	0	0	0	0	0	0	0	0	0	0	0	0	0	0	0	0	0	0	0	0	0	0	0	0	0	0	0	0	0	0	0	0	0	0	118	0	0	0	0	0	0	0	0	0	0	0	0	0	0	0	0	0	0	0	0	0	0	0	0	0	0	0	0	0	0	0	0	0	114	0	10838	0	24368	3060	112	0	606	0	2394	0	0	2424	36052	2198	9794	124	2536	0	0	0	0	296	2812	4218	180	0	
110992	Cerebelum_7b_R	0	0	0	0	0	0	0	0	0	0	0	0	0	0	0	0	0	0	0	0	0	0	0	0	0	0	0	0	0	0	0	0	0	0	0	0	0	0	0	0	0	0	0	0	0	0	0	0	0	0	0	0	0	0	0	0	0	0	0	0	0	0	0	0	0	0	0	0	0	0	0	0	0	0	0	0	0	0	0	0	0	0	0	0	0	0	0	0	0	0	1546	5656	3354	14858	0	160	0	996	0	1914	2424	0	1598	14290	0	1906	0	0	0	0	558	0	3610	2386	240	0	
211284	Cerebelum_8_L	0	0	0	0	0	0	0	0	0	0	0	0	0	0	0	0	0	0	0	0	0	0	0	0	0	0	0	0	0	0	0	0	0	0	0	0	0	0	0	0	0	0	0	0	0	0	0	0	0	0	0	0	0	0	0	0	0	0	0	0	0	0	0	0	0	0	0	0	0	0	0	0	0	0	0	0	0	0	0	0	0	0	0	0	0	0	0	0	0	0	10414	0	21910	1798	278	0	812	0	1730	0	36052	1598	0	2578	16930	182	4318	0	0	0	0	406	1462	4768	406	0	
146336	Cerebelum_8_R	0	0	0	0	0	0	0	0	0	0	0	0	0	0	0	0	0	0	0	0	0	0	0	0	0	0	0	0	0	0	0	0	0	0	0	0	0	0	0	0	0	0	0	0	0	0	0	0	0	0	0	0	0	0	0	0	0	0	0	0	0	0	0	0	0	0	0	0	0	0	0	0	0	0	0	0	0	0	0	0	0	0	0	0	0	0	0	0	0	0	1146	8374	1052	19074	0	230	0	1022	230	1940	2198	14290	2578	0	0	12544	0	220	0	0	712	248	2578	3824	908	0	
93496	Cerebelum_9_L	0	0	0	0	0	0	0	0	0	0	0	0	0	0	0	0	0	0	0	0	0	0	0	0	0	0	0	0	0	0	0	0	0	0	0	0	0	0	0	0	0	0	0	0	0	0	0	0	0	0	0	0	0	0	0	0	0	0	0	0	0	0	0	0	0	0	0	0	0	0	0	0	0	0	0	0	0	0	0	0	0	0	0	0	0	0	0	0	0	0	1846	0	4088	0	600	0	1418	0	2044	0	9794	0	16930	0	0	396	5826	0	0	0	340	1388	0	430	900	748	
90444	Cerebelum_9_R	0	0	0	0	0	0	0	0	0	0	0	0	0	0	0	0	0	0	0	0	0	0	0	0	0	0	0	0	0	0	0	0	0	0	0	0	0	0	0	0	0	0	0	0	0	0	0	0	0	0	0	0	0	0	0	0	0	0	0	0	0	0	0	0	0	0	0	0	0	0	0	0	0	0	0	0	0	0	0	0	0	0	0	0	0	0	0	0	0	0	338	3108	0	5474	0	344	434	224	1054	1228	124	1906	182	12544	396	0	0	1576	108	118	1220	3212	1574	3090	3980	2988	
28488	Cerebelum_10_L	0	0	0	0	0	0	0	0	0	0	0	0	0	0	0	0	0	0	0	0	0	0	0	0	0	0	0	0	0	0	0	0	0	0	0	0	0	0	0	0	0	0	0	0	0	0	0	0	0	0	0	0	0	0	0	0	0	0	0	0	0	0	0	0	0	0	0	0	0	0	0	0	0	0	0	0	0	0	0	0	0	0	0	0	0	0	0	0	0	0	150	0	1060	0	0	0	252	0	102	0	2536	0	4318	0	5826	0	0	0	0	0	0	0	0	0	0	0	
6252	Cerebelum_10_R	0	0	0	0	0	0	0	0	0	0	0	0	0	0	0	0	0	0	0	0	0	0	0	0	0	0	0	0	0	0	0	0	0	0	0	0	0	0	0	0	0	0	0	0	0	0	0	0	0	0	0	0	0	0	0	0	0	0	0	0	0	0	0	0	0	0	0	0	0	0	0	0	0	0	0	0	0	0	0	0	0	0	0	0	0	0	0	0	0	0	108	150	0	192	0	0	0	0	118	0	0	0	0	220	0	1576	0	0	0	0	0	146	140	158	158	160	
7124	Vermis_1_2	0	0	0	0	0	0	0	0	0	0	0	0	0	0	0	0	0	0	0	0	0	0	0	0	0	0	0	0	0	0	0	0	0	0	0	0	0	0	0	0	0	0	0	0	0	0	0	0	0	0	0	0	0	0	0	0	0	0	0	0	0	0	0	0	0	0	0	0	0	0	0	0	0	0	0	0	0	0	0	0	0	0	0	0	0	0	0	0	0	0	0	0	0	0	666	474	0	0	0	0	0	0	0	0	0	108	0	0	0	2160	154	0	0	0	0	0	
13520	Vermis_3	0	0	0	0	0	0	0	0	0	0	0	0	0	0	0	0	0	0	0	0	0	0	0	0	0	0	0	0	0	0	0	0	0	0	0	0	0	0	0	0	0	0	0	0	0	0	0	0	0	0	0	0	0	0	0	0	0	0	0	0	0	0	0	0	0	0	0	0	0	0	0	0	0	0	0	0	0	0	0	0	0	0	0	0	0	0	0	0	0	0	0	444	0	0	240	1464	174	930	0	896	0	0	0	0	0	118	0	0	2160	0	334	0	0	0	0	0	
124848	Vermis_4_5	0	0	0	0	0	0	0	0	0	0	0	0	0	0	0	0	0	0	0	0	0	0	0	0	0	0	0	0	0	0	0	0	0	0	0	844	0	876	0	398	0	0	0	220	0	0	1362	1964	0	0	0	0	0	0	394	1214	0	0	0	0	0	0	0	0	0	0	0	858	0	0	0	0	0	0	0	0	0	0	0	0	0	0	0	0	0	0	0	0	0	0	3436	6276	352	304	210	334	7712	7882	5862	11326	0	558	0	712	340	1220	0	0	154	334	0	4484	0	174	746	1878	
112724	Vermis_6	0	0	0	0	0	0	0	0	0	0	0	0	0	0	0	0	0	0	0	0	0	0	0	0	0	0	0	0	0	0	0	0	0	0	0	0	0	0	0	0	0	0	0	0	0	0	426	1366	0	0	0	0	0	0	286	1376	0	0	0	0	0	0	0	0	0	0	0	0	0	0	0	0	0	0	0	0	0	0	0	0	0	0	0	0	0	0	0	0	0	0	2984	7568	430	1174	152	0	1548	226	5160	9656	296	0	406	248	1388	3212	0	146	0	0	4484	0	2976	2872	3914	4068	
114264	Vermis_7	0	0	0	0	0	0	0	0	0	0	0	0	0	0	0	0	0	0	0	0	0	0	0	0	0	0	0	0	0	0	0	0	0	0	0	0	0	0	0	0	0	0	0	0	0	0	0	0	0	0	0	0	0	0	0	0	0	0	0	0	0	0	0	0	0	0	0	0	0	0	0	0	0	0	0	0	0	0	0	0	0	0	0	0	0	0	0	0	0	0	7410	2748	9524	12504	0	0	0	0	1072	1882	2812	3610	1462	2578	0	1574	0	140	0	0	0	2976	0	3576	2422	842	
82712	Vermis_8	0	0	0	0	0	0	0	0	0	0	0	0	0	0	0	0	0	0	0	0	0	0	0	0	0	0	0	0	0	0	0	0	0	0	0	0	0	0	0	0	0	0	0	0	0	0	0	0	0	0	0	0	0	0	0	0	0	0	0	0	0	0	0	0	0	0	0	0	0	0	0	0	0	0	0	0	0	0	0	0	0	0	0	0	0	0	0	0	0	0	1230	962	1826	2900	0	0	114	0	1282	1088	4218	2386	4768	3824	430	3090	0	158	0	0	174	2872	3576	0	4450	2008	
55788	Vermis_9	0	0	0	0	0	0	0	0	0	0	0	0	0	0	0	0	0	0	0	0	0	0	0	0	0	0	0	0	0	0	0	0	0	0	0	0	0	0	0	0	0	0	0	0	0	0	0	0	0	0	0	0	0	0	0	0	0	0	0	0	0	0	0	0	0	0	0	0	0	0	0	0	0	0	0	0	0	0	0	0	0	0	0	0	0	0	0	0	0	0	1344	854	0	882	0	0	460	0	1958	1028	180	240	406	908	900	3980	0	158	0	0	746	3914	2422	4450	0	3064	
38364	Vermis_10	0	0	0	0	0	0	0	0	0	0	0	0	0	0	0	0	0	0	0	0	0	0	0	0	0	0	0	0	0	0	0	0	0	0	0	0	0	0	0	0	0	0	0	0	0	0	0	0	0	0	0	0	0	0	0	0	0	0	0	0	0	0	0	0	0	0	0	0	0	0	0	0	0	0	0	0	0	0	0	0	0	0	0	0	0	0	0	0	0	0	670	150	0	164	0	0	716	0	1438	288	0	0	0	0	748	2988	0	160	0	0	1878	4068	842	2008	3064	0	
