data	data	612488	306508	1.39542e+06	1.37125e+06	188108	93780	609276	258812	118180	32264	317772	208432	414300	296648	278200	239300	313848	180456	1.16065e+06	1.14085e+06	120400	125648	412712	636844	40684	85164	69796	79624	812968	450972	353320	540568	224564	823860	120420	152624	305520	340524	75964	192912	46412	53008	201024	326384	207856	383204	239052	253104	186196	390624	549596	341140	285148	95624	377132	418284	356956	278768	142220	63720	275948	144556	137132	144400	139468	92472	359184	455876	238732	188028	428116	458480	503484	440208	89180	24664	240956	180112	142900	33020	229716	111412	138688	38360	388808	200776	24808	10156	370544	248348	392272	327216	260740	245988	27848	102716	239928	229824	365028	337044	251868	104504	364296	285456	111696	114088	15572	6172	12896	65668	243624	124536	197156	152752	95608	29032	
data	data	Precentral_L	Precentral_R	Frontal_Sup_L	Frontal_Sup_R	Frontal_Sup_Orb_L	Frontal_Sup_Orb_R	Frontal_Mid_L	Frontal_Mid_R	Frontal_Mid_Orb_L	Frontal_Mid_Orb_R	Frontal_Inf_Oper_L	Frontal_Inf_Oper_R	Frontal_Inf_Tri_L	Frontal_Inf_Tri_R	Frontal_Inf_Orb_L	Frontal_Inf_Orb_R	Rolandic_Oper_L	Rolandic_Oper_R	Supp_Motor_Area_L	Supp_Motor_Area_R	Olfactory_L	Olfactory_R	Frontal_Sup_Medial_L	Frontal_Sup_Medial_R	Frontal_Med_Orb_L	Frontal_Med_Orb_R	Rectus_L	Rectus_R	Insula_L	Insula_R	Cingulum_Ant_L	Cingulum_Ant_R	Cingulum_Mid_L	Cingulum_Mid_R	Cingulum_Post_L	Cingulum_Post_R	Hippocampus_L	Hippocampus_R	ParaHippocampal_L	ParaHippocampal_R	Amygdala_L	Amygdala_R	Calcarine_L	Calcarine_R	Cuneus_L	Cuneus_R	Lingual_L	Lingual_R	Occipital_Sup_L	Occipital_Sup_R	Occipital_Mid_L	Occipital_Mid_R	Occipital_Inf_L	Occipital_Inf_R	Fusiform_L	Fusiform_R	Postcentral_L	Postcentral_R	Parietal_Sup_L	Parietal_Sup_R	Parietal_Inf_L	Parietal_Inf_R	SupraMarginal_L	SupraMarginal_R	Angular_L	Angular_R	Precuneus_L	Precuneus_R	Paracentral_Lobule_L	Paracentral_Lobule_R	Caudate_L	Caudate_R	Putamen_L	Putamen_R	Pallidum_L	Pallidum_R	Thalamus_L	Thalamus_R	Heschl_L	Heschl_R	Temporal_Sup_L	Temporal_Sup_R	Temporal_Pole_Sup_L	Temporal_Pole_Sup_R	Temporal_Mid_L	Temporal_Mid_R	Temporal_Pole_Mid_L	Temporal_Pole_Mid_R	Temporal_Inf_L	Temporal_Inf_R	Cerebelum_Crus1_L	Cerebelum_Crus1_R	Cerebelum_Crus2_L	Cerebelum_Crus2_R	Cerebelum_3_L	Cerebelum_3_R	Cerebelum_4_5_L	Cerebelum_4_5_R	Cerebelum_6_L	Cerebelum_6_R	Cerebelum_7b_L	Cerebelum_7b_R	Cerebelum_8_L	Cerebelum_8_R	Cerebelum_9_L	Cerebelum_9_R	Cerebelum_10_L	Cerebelum_10_R	Vermis_1_2	Vermis_3	Vermis_4_5	Vermis_6	Vermis_7	Vermis_8	Vermis_9	Vermis_10	
612488	Precentral_L	0	1308	35302	7894	0	0	25666	0	0	0	17482	0	8518	820	1748	172	9744	0	26278	6166	0	0	162	796	0	0	0	0	11896	140	160	194	4210	1686	2836	192	3384	214	0	0	0	0	164	0	472	0	0	0	0	0	3790	0	2836	0	744	0	41528	0	530	0	13100	0	2328	0	1622	0	1364	0	25454	0	6820	232	7446	0	3396	0	13420	234	3490	0	2284	0	498	0	4390	0	0	0	3134	0	0	0	0	0	0	0	0	0	0	0	0	0	0	0	0	0	0	0	0	0	0	0	0	0	0	0	
306508	Precentral_R	1308	0	6962	23742	0	0	788	9462	0	0	0	4606	0	0	0	0	0	1444	6844	6336	0	0	0	0	0	0	0	0	0	4200	0	0	380	1822	538	2616	340	9100	0	1278	0	0	0	224	0	764	0	0	0	972	0	830	0	812	0	2410	0	18756	0	478	0	2854	0	4034	0	486	0	1392	794	5816	4966	2772	1540	2704	688	0	1776	6652	0	188	0	1174	0	0	0	3150	0	0	0	4792	0	224	0	0	0	0	0	0	0	240	0	0	0	0	0	0	0	0	0	0	0	0	0	0	0	0	
1.39542e+06	Frontal_Sup_L	35302	6962	0	22372	9028	0	81922	5144	1930	0	22344	364	29136	2176	9420	1354	12208	346	136010	28354	0	0	44406	15478	1714	0	0	0	56636	980	11492	7872	6968	13210	1368	140	8900	318	282	148	0	0	0	0	0	0	0	0	0	0	0	0	1106	0	2044	140	5664	0	0	0	1176	0	330	0	0	0	1256	0	10322	0	20570	2156	34774	760	9984	0	15190	486	4352	0	2478	0	7352	0	870	0	0	0	2416	0	0	0	0	0	0	0	0	0	0	0	0	0	0	0	0	0	0	0	0	0	0	0	0	0	0	0	
1.37125e+06	Frontal_Sup_R	7894	23742	22372	0	142	4098	5712	35332	0	476	776	15056	2128	24132	1680	19938	280	13990	29224	100120	184	342	14904	62636	324	4110	150	246	2328	24242	14988	39802	3288	50908	1066	1738	1376	12160	0	1768	0	0	0	0	0	0	0	0	0	0	0	0	236	0	0	2716	864	2598	0	0	726	246	0	790	0	0	190	326	4766	138	11922	42482	3976	27136	1348	2236	5384	30604	750	550	0	526	162	602	0	0	0	0	238	276	0	0	0	0	0	0	0	0	0	184	0	0	0	0	0	0	0	0	0	0	0	0	0	0	0	0	
188108	Frontal_Sup_Orb_L	0	0	9028	142	0	0	3370	0	15940	0	0	0	3044	0	14796	0	0	0	990	0	2652	1098	3250	266	3304	0	6068	0	8472	0	2792	294	0	0	0	0	0	0	0	0	466	0	0	0	0	0	0	0	0	0	0	0	0	0	0	0	0	0	0	0	0	0	0	0	0	0	0	0	0	0	3430	898	12710	0	0	0	0	0	0	0	0	0	1044	0	0	0	0	0	0	0	0	0	0	0	0	0	0	0	0	0	0	0	0	0	0	0	0	0	0	0	0	0	0	0	0	0	
93780	Frontal_Sup_Orb_R	0	0	0	4098	0	0	0	1568	0	4272	0	0	0	436	0	4700	0	0	0	250	0	1836	0	2974	0	6032	0	6702	0	1294	0	1766	0	0	0	0	0	0	0	0	0	522	0	0	0	0	0	0	0	0	0	0	0	0	0	0	0	0	0	0	0	0	0	0	0	0	0	0	0	0	0	5548	0	4892	0	0	0	0	0	0	0	0	0	0	0	0	0	0	0	0	0	0	0	0	0	0	0	0	0	0	0	0	0	0	0	0	0	0	0	0	0	0	0	0	0	0	
609276	Frontal_Mid_L	25666	788	81922	5712	3370	0	0	0	4562	0	15304	0	35764	2200	8072	296	4462	0	10028	3486	0	0	12670	3604	0	0	0	0	22328	152	2458	834	1008	1976	2330	2614	5950	2552	0	168	0	0	0	0	0	0	0	0	0	0	0	0	580	0	216	0	3684	0	0	0	3334	0	0	0	0	0	542	152	0	0	6438	688	12440	0	1786	0	6614	2032	3410	0	0	0	1960	0	0	0	0	0	486	0	0	0	0	0	0	0	0	0	0	0	0	0	0	0	0	0	0	0	0	0	0	0	0	0	0	0	
258812	Frontal_Mid_R	0	9462	5144	35332	0	1568	0	0	0	1994	0	6660	0	15474	0	6246	0	3300	5324	4826	0	0	162	3574	0	0	0	0	0	7240	196	1644	0	3150	0	0	0	2548	0	1012	0	0	0	0	0	0	0	0	0	0	0	0	0	0	0	1274	0	188	0	0	0	0	0	0	0	0	0	0	0	0	3640	1952	0	5190	0	298	0	1216	0	0	0	370	0	228	0	0	0	0	0	0	0	0	0	0	0	0	0	0	0	194	0	0	0	0	0	0	0	0	0	0	0	0	0	0	0	0	
118180	Frontal_Mid_Orb_L	0	0	1930	0	15940	0	4562	0	0	0	0	0	2378	0	17316	0	0	0	392	0	714	582	0	0	0	0	2424	0	4026	0	198	0	0	0	0	0	0	0	0	0	0	0	0	0	0	0	0	0	0	0	0	0	0	0	0	0	0	0	0	0	0	0	0	0	0	0	0	0	0	0	1432	442	5682	0	0	0	0	0	0	0	0	0	1072	0	0	0	0	0	0	0	0	0	0	0	0	0	0	0	0	0	0	0	0	0	0	0	0	0	0	0	0	0	0	0	0	0	
32264	Frontal_Mid_Orb_R	0	0	0	476	0	4272	0	1994	0	0	0	0	0	670	0	6750	0	0	0	318	0	0	0	0	0	0	0	298	0	162	0	0	0	0	0	0	0	0	0	0	0	0	0	0	0	0	0	0	0	0	0	0	0	0	0	0	0	0	0	0	0	0	0	0	0	0	0	0	0	0	0	448	0	744	0	0	0	0	0	0	0	0	0	0	0	0	0	0	0	0	0	0	0	0	0	0	0	0	0	0	0	0	0	0	0	0	0	0	0	0	0	0	0	0	0	0	
317772	Frontal_Inf_Oper_L	17482	0	22344	776	0	0	15304	0	0	0	0	160	23728	372	856	292	14518	0	14840	1418	0	0	398	294	0	0	0	0	25214	174	512	240	0	640	0	0	144	0	0	0	0	0	0	0	0	0	0	0	0	0	0	0	0	0	0	0	5528	0	0	0	1068	0	0	0	0	0	0	0	0	0	858	298	2516	0	0	0	0	0	574	0	414	0	7924	0	0	0	0	0	0	0	0	0	0	0	0	0	0	0	0	0	0	0	0	0	0	0	0	0	0	0	0	0	0	0	0	0	
208432	Frontal_Inf_Oper_R	0	4606	364	15056	0	0	0	6660	0	0	160	0	208	9612	202	4350	0	6918	578	10616	0	0	0	2464	0	0	0	0	154	18678	144	392	270	6532	0	0	0	2162	0	868	0	0	0	0	0	0	0	0	0	0	0	0	0	0	0	1608	0	2358	0	0	0	0	0	0	0	0	0	0	0	0	304	376	0	6502	0	238	0	0	0	0	0	542	0	836	0	0	0	0	0	0	0	176	0	0	0	0	0	0	0	282	0	0	0	0	0	0	0	0	0	0	0	0	0	0	0	0	
414300	Frontal_Inf_Tri_L	8518	0	29136	2128	3044	0	35764	0	2378	0	23728	208	0	658	24698	604	2702	0	14918	1370	0	0	1156	1008	0	0	0	0	33902	262	1416	782	0	856	0	0	162	0	0	0	0	0	0	0	0	0	0	0	0	0	0	0	0	0	0	0	2526	0	0	0	658	0	0	0	0	0	0	0	0	0	5640	1596	4962	0	0	0	0	0	366	0	0	0	2004	0	0	0	0	0	0	0	0	0	0	0	0	0	0	0	0	0	0	0	0	0	0	0	0	0	0	0	0	0	0	0	0	0	
296648	Frontal_Inf_Tri_R	820	0	2176	24132	0	436	2200	15474	0	670	372	9612	658	0	512	6336	0	1274	2336	18326	0	0	218	14602	0	0	0	0	1488	17082	976	3028	750	11104	0	0	288	0	0	0	0	0	0	0	0	0	0	0	0	0	0	0	234	0	0	0	714	0	0	0	702	0	0	0	0	0	0	0	0	0	4454	3130	0	3108	0	0	0	0	726	0	0	0	0	150	0	0	0	0	236	0	0	0	0	0	0	0	0	0	0	0	0	0	0	0	0	0	0	0	0	0	0	0	0	0	0	0	
278200	Frontal_Inf_Orb_L	1748	0	9420	1680	14796	0	8072	0	17316	0	856	202	24698	512	0	472	514	0	5712	984	1772	0	372	772	0	0	1112	0	21992	254	360	426	0	600	0	0	0	0	0	0	556	0	0	0	0	0	0	0	0	0	0	0	0	0	0	0	418	0	0	0	322	0	0	0	0	0	0	0	0	0	6168	1438	12104	0	0	0	0	0	280	0	0	0	3172	0	0	0	0	0	0	0	0	0	0	0	0	0	0	0	0	0	0	0	0	0	0	0	0	0	0	0	0	0	0	0	0	0	
239300	Frontal_Inf_Orb_R	172	0	1354	19938	0	4700	296	6246	0	6750	292	4350	604	6336	472	0	0	1852	1780	16342	0	2000	0	3218	0	0	0	1914	288	11532	858	860	576	12788	0	0	0	0	0	0	0	506	0	0	0	0	0	0	0	0	0	0	0	0	0	0	0	0	0	0	0	0	0	0	0	0	0	0	0	0	1024	6354	184	5672	0	0	0	0	0	0	0	0	0	392	0	0	0	0	0	0	0	0	0	0	0	0	0	0	0	0	0	0	0	0	0	0	0	0	0	0	0	0	0	0	0	0	
313848	Rolandic_Oper_L	9744	0	12208	280	0	0	4462	0	0	0	14518	0	2702	0	514	0	0	0	9492	754	0	0	0	0	0	0	0	0	24602	0	0	0	0	0	0	0	1816	0	0	0	0	0	0	0	188	0	0	0	0	0	4104	0	2414	0	340	0	11232	0	1390	0	2770	0	4970	0	1968	0	602	0	0	0	410	0	1198	0	0	0	0	0	9364	0	12840	0	8208	0	8798	0	0	0	5036	0	0	0	0	0	0	0	0	0	0	0	0	0	0	0	0	0	0	0	0	0	0	0	0	0	0	0	
180456	Rolandic_Oper_R	0	1444	346	13990	0	0	0	3300	0	0	0	6918	0	1274	0	1852	0	0	350	9078	0	0	0	988	0	0	0	0	0	17790	0	0	0	2934	0	0	0	1908	0	1124	0	0	0	0	0	0	0	0	0	0	0	0	0	0	0	1458	0	3888	0	0	0	1240	0	3782	0	0	0	0	0	0	148	1038	0	4562	0	526	0	576	0	2296	0	4568	0	1188	0	644	0	0	0	634	0	184	0	0	0	0	0	0	0	200	0	0	0	0	0	0	0	0	0	0	0	0	0	0	0	0	
1.16065e+06	Supp_Motor_Area_L	26278	6844	136010	29224	990	0	10028	5324	392	0	14840	578	14918	2336	5712	1780	9492	350	0	58038	0	0	16648	15312	0	0	0	0	42262	1196	7306	13316	18570	33780	1516	0	4592	174	192	0	0	0	0	0	0	0	0	0	0	0	0	0	608	0	1878	0	5218	330	0	0	612	0	272	0	0	0	1250	0	13132	494	19816	2534	23882	866	6764	0	12062	238	1530	0	2426	0	5586	0	818	0	0	0	2010	0	0	0	0	0	0	0	0	0	0	0	0	0	0	0	0	0	0	0	0	0	0	0	0	0	0	0	
1.14085e+06	Supp_Motor_Area_R	6166	6336	28354	100120	0	250	3486	4826	0	318	1418	10616	1370	18326	984	16342	754	9078	58038	0	0	0	7016	38116	0	166	0	0	2894	17434	10300	27660	9446	82488	768	6260	326	810	0	256	0	0	0	620	0	1466	0	0	0	794	0	1216	234	974	0	926	742	6958	0	0	708	196	0	366	0	0	342	3768	6096	15402	7912	23688	970	15102	306	292	244	4748	730	262	0	258	632	504	0	602	0	0	236	2408	0	0	0	0	0	0	0	0	0	0	0	0	0	0	0	0	0	0	0	0	0	0	0	0	0	0	
120400	Olfactory_L	0	0	0	184	2652	0	0	0	714	0	0	0	0	0	1772	0	0	0	0	0	0	9426	0	0	370	1018	3982	2710	2136	0	4078	3942	0	0	0	0	0	0	0	0	1268	0	0	0	0	0	0	0	0	0	0	0	0	0	0	0	0	0	0	0	0	0	0	0	0	0	0	0	0	0	11960	6092	5654	1496	0	226	0	168	0	0	0	0	352	0	0	0	0	0	0	0	0	0	0	0	0	0	0	0	0	0	0	0	0	0	0	0	0	0	0	0	0	0	0	0	0	0	
125648	Olfactory_R	0	0	0	342	1098	1836	0	0	582	0	0	0	0	0	0	2000	0	0	0	0	9426	0	0	0	210	1784	2806	5492	0	2436	2752	4220	0	0	0	0	0	178	0	162	0	1076	0	0	0	0	0	0	0	0	0	0	0	0	0	0	0	0	0	0	0	0	0	0	0	0	0	0	0	0	10306	8542	4194	2494	0	314	0	298	0	0	0	0	0	276	0	0	0	0	0	0	0	0	0	0	0	0	0	0	0	0	0	0	0	0	0	0	0	0	0	0	0	0	0	0	0	0	
412712	Frontal_Sup_Medial_L	162	0	44406	14904	3250	0	12670	162	0	0	398	0	1156	218	372	0	0	0	16648	7016	0	0	0	30430	3104	478	428	0	2198	0	25224	18432	7974	13924	0	0	0	0	0	0	0	0	0	0	0	0	0	0	0	0	0	0	0	0	0	0	0	0	0	0	0	0	0	0	0	0	0	0	0	0	528	434	1528	312	0	0	0	0	0	0	0	0	0	0	0	0	0	0	0	0	0	0	0	0	0	0	0	0	0	0	0	0	0	0	0	0	0	0	0	0	0	0	0	0	0	0	
636844	Frontal_Sup_Medial_R	796	0	15478	62636	266	2974	3604	3574	0	0	294	2464	1008	14602	772	3218	0	988	15312	38116	0	0	30430	0	1042	5006	0	260	1718	5272	12854	31194	2426	34198	0	0	288	0	0	0	0	0	0	0	0	0	0	0	0	0	0	0	236	0	0	0	726	0	0	0	706	0	0	0	0	0	0	0	0	0	5824	11112	384	7676	0	0	0	0	730	0	0	0	0	0	0	0	0	0	238	0	0	0	0	0	0	0	0	0	0	0	0	0	0	0	0	0	0	0	0	0	0	0	0	0	0	0	
40684	Frontal_Med_Orb_L	0	0	1714	324	3304	0	0	0	0	0	0	0	0	0	0	0	0	0	0	0	370	210	3104	1042	0	1168	2150	0	300	0	3802	778	0	0	0	0	0	0	0	0	0	0	0	0	0	0	0	0	0	0	0	0	0	0	0	0	0	0	0	0	0	0	0	0	0	0	0	0	0	0	540	276	1260	0	0	0	0	0	0	0	0	0	0	0	0	0	0	0	0	0	0	0	0	0	0	0	0	0	0	0	0	0	0	0	0	0	0	0	0	0	0	0	0	0	0	0	
85164	Frontal_Med_Orb_R	0	0	0	4110	0	6032	0	0	0	0	0	0	0	0	0	0	0	0	0	166	1018	1784	478	5006	1168	0	626	5014	0	0	1574	5094	0	0	0	0	0	0	0	0	0	0	0	0	0	0	0	0	0	0	0	0	0	0	0	0	0	0	0	0	0	0	0	0	0	0	0	0	0	0	926	5164	0	4422	0	0	0	0	0	0	0	0	0	0	0	0	0	0	0	0	0	0	0	0	0	0	0	0	0	0	0	0	0	0	0	0	0	0	0	0	0	0	0	0	0	0	
69796	Rectus_L	0	0	0	150	6068	0	0	0	2424	0	0	0	0	0	1112	0	0	0	0	0	3982	2806	428	0	2150	626	0	1290	320	0	3162	1552	0	0	0	0	0	0	0	0	222	0	0	0	0	0	0	0	0	0	0	0	0	0	0	0	0	0	0	0	0	0	0	0	0	0	0	0	0	0	5264	1374	1554	414	0	0	0	0	0	0	0	0	0	0	0	0	0	0	0	0	0	0	0	0	0	0	0	0	0	0	0	0	0	0	0	0	0	0	0	0	0	0	0	0	0	0	
79624	Rectus_R	0	0	0	246	0	6702	0	0	0	298	0	0	0	0	0	1914	0	0	0	0	2710	5492	0	260	0	5014	1290	0	0	1472	1928	3448	0	0	0	0	0	0	0	0	0	592	0	0	0	0	0	0	0	0	0	0	0	0	0	0	0	0	0	0	0	0	0	0	0	0	0	0	0	0	2598	3404	818	1626	0	0	0	0	0	0	0	0	0	0	0	0	0	0	0	0	0	0	0	0	0	0	0	0	0	0	0	0	0	0	0	0	0	0	0	0	0	0	0	0	0	0	
812968	Insula_L	11896	0	56636	2328	8472	0	22328	0	4026	0	25214	154	33902	1488	21992	288	24602	0	42262	2894	2136	0	2198	1718	300	0	320	0	0	180	1472	810	688	1270	1728	172	16018	194	586	0	1836	0	0	0	0	0	0	0	0	0	1108	0	4058	0	8044	0	6338	0	0	0	2922	0	1124	0	228	0	1470	0	164	0	3278	580	24870	0	0	0	3032	170	15026	0	12240	0	11928	0	6318	0	152	0	13002	0	150	0	0	0	0	0	0	0	174	0	0	0	0	0	0	0	0	0	0	0	0	0	0	0	0	0	
450972	Insula_R	140	4200	980	24242	0	1294	152	7240	0	162	174	18678	262	17082	254	11532	0	17790	1196	17434	0	2436	0	5272	0	0	0	1472	180	0	360	1494	300	8866	0	0	0	10568	0	6200	0	1452	0	0	0	0	0	182	0	0	0	0	0	0	0	9202	0	3424	0	0	0	0	0	234	0	0	0	364	0	168	624	2334	0	28436	0	558	0	308	0	3460	0	6110	0	1546	0	2098	0	170	0	2644	0	982	0	0	0	0	0	0	0	1230	0	0	0	0	0	0	0	0	0	0	0	0	0	0	0	0	
353320	Cingulum_Ant_L	160	0	11492	14988	2792	0	2458	196	198	0	512	144	1416	976	360	858	0	0	7306	10300	4078	2752	25224	12854	3802	1574	3162	1928	1472	360	0	29188	8926	12122	0	0	0	0	0	0	0	0	0	0	0	0	0	0	0	0	0	0	0	0	0	0	0	0	0	0	0	0	0	0	0	0	0	0	0	0	5974	3146	4400	1542	0	0	0	0	0	0	0	0	0	0	0	0	0	0	0	0	0	0	0	0	0	0	0	0	0	0	0	0	0	0	0	0	0	0	0	0	0	0	0	0	0	0	
540568	Cingulum_Ant_R	194	0	7872	39802	294	1766	834	1644	0	0	240	392	782	3028	426	860	0	0	13316	27660	3942	4220	18432	31194	778	5094	1552	3448	810	1494	29188	0	4438	29780	0	0	0	0	0	0	0	0	0	0	0	0	0	0	0	0	0	0	0	0	0	0	0	0	0	0	0	0	0	0	0	0	0	0	0	0	5706	17448	1724	11926	0	0	0	0	0	0	0	0	0	0	0	0	0	0	0	0	0	0	0	0	0	0	0	0	0	0	0	0	0	0	0	0	0	0	0	0	0	0	0	0	0	0	
224564	Cingulum_Mid_L	4210	380	6968	3288	0	0	1008	0	0	0	0	270	0	750	0	576	0	0	18570	9446	0	0	7974	2426	0	0	0	0	688	300	8926	4438	0	17324	1666	1140	0	0	0	0	0	0	338	0	876	328	144	0	482	0	938	182	0	0	0	0	206	560	0	0	0	0	0	0	0	0	5100	1144	9988	1302	0	150	196	0	0	0	0	0	0	0	0	0	0	0	0	0	0	0	0	0	0	0	0	0	0	0	0	0	0	0	0	0	0	0	0	0	0	0	0	0	0	0	0	0	0	0	
823860	Cingulum_Mid_R	1686	1822	13210	50908	0	0	1976	3150	0	0	640	6532	856	11104	600	12788	0	2934	33780	82488	0	0	13924	34198	0	0	0	0	1270	8866	12122	29780	17324	0	872	7420	0	220	0	0	0	0	0	1846	0	3674	0	0	288	1298	220	2072	0	608	0	346	196	6892	0	0	198	0	0	0	0	0	844	9524	3218	15230	3434	5032	284	3278	0	0	0	0	216	0	0	0	0	346	0	862	0	0	0	1554	0	0	0	0	0	0	0	0	0	0	0	0	0	0	0	0	0	0	0	0	0	0	0	0	0	0	
120420	Cingulum_Post_L	2836	538	1368	1066	0	0	2330	0	0	0	0	0	0	0	0	0	0	0	1516	768	0	0	0	0	0	0	0	0	1728	0	0	0	1666	872	0	5986	7586	2878	1898	484	0	0	2090	382	760	298	936	0	262	0	298	144	410	0	190	316	0	178	0	0	0	0	0	0	0	0	7992	2840	2300	372	0	0	2338	0	0	0	2448	906	324	0	302	0	0	0	230	0	0	0	374	0	0	0	0	0	0	0	0	0	0	0	0	0	0	0	0	0	0	0	0	0	0	0	0	0	0	0	
152624	Cingulum_Post_R	192	2616	140	1738	0	0	2614	0	0	0	0	0	0	0	0	0	0	0	0	6260	0	0	0	0	0	0	0	0	172	0	0	0	1140	7420	5986	0	2622	6018	0	1584	0	0	0	1918	0	1694	0	486	0	654	0	1452	0	334	0	1772	0	2426	0	0	0	0	0	0	0	0	604	10302	452	5688	0	0	2628	0	0	0	3392	2056	0	0	0	0	0	0	0	776	0	0	0	1176	0	0	0	0	0	0	0	0	0	0	0	0	0	0	0	0	0	0	0	0	0	0	0	0	0	0	
305520	Hippocampus_L	3384	340	8900	1376	0	0	5950	0	0	0	144	0	162	288	0	0	1816	0	4592	326	0	0	0	288	0	0	0	0	16018	0	0	0	0	0	7586	2622	0	2608	12470	422	7432	0	1102	0	0	0	4012	256	0	0	148	0	2034	0	16638	212	514	0	0	0	0	0	0	0	0	0	5850	140	268	0	512	0	10054	0	1428	0	6782	1236	6354	0	3182	0	538	0	1260	0	254	0	12476	0	0	0	0	0	0	0	294	0	170	0	0	0	0	0	0	0	0	0	0	322	0	0	0	0	0	0	
340524	Hippocampus_R	214	9100	318	12160	0	0	2552	2548	0	0	0	2162	0	0	0	0	0	1908	174	810	0	178	0	0	0	0	0	0	194	10568	0	0	0	220	2878	6018	2608	0	198	24448	0	7602	0	250	0	0	0	3116	0	0	0	0	0	0	0	31562	0	1432	0	0	0	0	0	0	0	0	238	3764	0	220	0	246	2608	15894	0	770	3492	5074	0	312	0	606	0	1020	0	988	0	208	0	6076	0	1422	0	0	0	0	0	980	0	2844	0	0	0	0	0	0	0	0	0	0	282	0	0	0	0	0	
75964	ParaHippocampal_L	0	0	282	0	0	0	0	0	0	0	0	0	0	0	0	0	0	0	192	0	0	0	0	0	0	0	0	0	586	0	0	0	0	0	1898	0	12470	198	0	0	1900	0	1032	0	0	0	4076	408	0	0	0	0	532	0	4980	0	0	0	0	0	0	0	0	0	0	0	3054	0	0	0	0	0	1104	0	140	0	768	0	0	0	174	0	714	0	0	0	784	0	894	0	0	0	0	0	374	198	608	0	138	0	0	0	0	0	0	0	0	0	0	478	0	0	0	0	0	0	
192912	ParaHippocampal_R	0	1278	148	1768	0	0	168	1012	0	0	0	868	0	0	0	0	0	1124	0	256	0	162	0	0	0	0	0	0	0	6200	0	0	0	0	484	1584	422	24448	0	0	0	4464	0	224	0	0	0	4884	0	0	0	0	0	0	0	22236	0	430	0	0	0	0	0	0	0	0	0	4138	0	0	0	0	184	8230	0	362	674	1296	0	0	0	386	0	762	0	268	0	468	0	2208	0	1148	0	0	0	0	0	1476	0	2162	0	0	0	0	0	0	0	0	0	0	534	0	0	0	0	0	
46412	Amygdala_L	0	0	0	0	466	0	0	0	0	0	0	0	0	0	556	0	0	0	0	0	1268	0	0	0	0	0	222	0	1836	0	0	0	0	0	0	0	7432	0	1900	0	0	0	0	0	0	0	0	0	0	0	0	0	0	0	3958	0	0	0	0	0	0	0	0	0	0	0	0	0	0	0	508	0	1604	0	0	0	0	0	0	0	228	0	780	0	0	0	468	0	1980	0	0	0	0	0	0	0	0	0	0	0	0	0	0	0	0	0	0	0	0	0	0	0	0	0	0	0	
53008	Amygdala_R	0	0	0	0	0	522	0	0	0	0	0	0	0	0	0	506	0	0	0	0	0	1076	0	0	0	0	0	592	0	1452	0	0	0	0	0	0	0	7602	0	4464	0	0	0	0	0	0	0	0	0	0	0	0	0	0	0	6038	0	0	0	0	0	0	0	0	0	0	0	0	0	0	0	184	0	722	0	0	0	0	0	0	0	0	0	1632	0	0	0	334	0	1182	0	0	0	0	0	0	0	0	0	198	0	0	0	0	0	0	0	0	0	0	0	0	0	0	0	0	
201024	Calcarine_L	164	0	0	0	0	0	0	0	0	0	0	0	0	0	0	0	0	0	0	0	0	0	0	0	0	0	0	0	0	0	0	0	338	0	2090	0	1102	0	1032	0	0	0	0	5516	12736	3582	10092	2348	7694	1496	18094	0	7224	0	2094	0	0	0	152	0	0	0	0	0	0	0	17186	1158	810	0	0	0	0	0	0	0	0	0	0	0	0	0	0	0	2776	0	0	0	2828	0	0	0	0	0	0	0	0	0	0	0	0	0	0	0	0	0	0	0	0	0	0	0	0	0	0	0	
326384	Calcarine_R	0	224	0	0	0	0	0	0	0	0	0	0	0	0	0	0	0	0	0	620	0	0	0	0	0	0	0	0	0	0	0	0	0	1846	382	1918	0	250	0	224	0	0	5516	0	2562	30004	2022	18524	0	29336	0	21760	0	5240	0	5102	0	1998	0	0	0	0	0	0	0	0	2216	21510	148	2588	0	0	0	0	0	0	0	0	0	140	0	0	0	0	0	4192	0	0	0	4298	0	0	0	0	0	0	0	0	0	0	0	0	0	0	0	0	0	0	0	0	422	150	0	0	0	0	
207856	Cuneus_L	472	0	0	0	0	0	0	0	0	0	0	0	0	0	0	0	188	0	0	0	0	0	0	0	0	0	0	0	0	0	0	0	876	0	760	0	0	0	0	0	0	0	12736	2562	0	4594	1318	0	22928	930	21002	0	4106	0	1336	0	828	0	930	0	146	0	0	0	174	0	15600	1120	2680	0	0	0	0	0	0	0	0	0	0	0	174	0	0	0	5518	0	0	0	2950	0	0	0	0	0	0	0	0	0	0	0	0	0	0	0	0	0	0	0	0	0	0	0	0	0	0	0	
383204	Cuneus_R	0	764	0	0	0	0	0	0	0	0	0	0	0	0	0	0	0	0	0	1466	0	0	0	0	0	0	0	0	0	0	0	0	328	3674	298	1694	0	0	0	0	0	0	3582	30004	4594	0	992	8442	298	43088	0	18868	0	3234	0	2966	0	4320	0	1918	0	160	0	0	0	350	7008	39112	282	5024	0	0	0	0	0	0	0	0	0	0	0	0	0	0	0	4854	0	0	0	4114	0	0	0	0	0	0	0	0	0	0	0	0	0	0	0	0	0	0	0	0	168	0	0	0	0	0	
239052	Lingual_L	0	0	0	0	0	0	0	0	0	0	0	0	0	0	0	0	0	0	0	0	0	0	0	0	0	0	0	0	0	0	0	0	144	0	936	0	4012	0	4076	0	0	0	10092	2022	1318	992	0	3146	1670	804	9082	204	10054	0	15854	378	0	0	0	0	0	0	0	0	0	0	4944	262	140	0	0	0	0	0	0	0	474	0	0	0	0	0	0	0	360	0	0	0	3190	0	8198	1126	1540	314	858	0	9210	568	13492	1454	410	0	946	0	0	0	0	0	0	266	2892	3078	1020	0	0	0	
253104	Lingual_R	0	0	0	0	0	0	0	0	0	0	0	0	0	0	0	0	0	0	0	0	0	0	0	0	0	0	0	0	0	182	0	0	0	0	0	486	256	3116	408	4884	0	0	2348	18524	0	8442	3146	0	0	13030	0	8818	0	5876	218	16160	0	0	0	0	0	0	0	0	0	0	610	5456	0	0	0	0	0	336	0	0	0	364	0	0	0	0	0	0	0	0	0	0	0	724	466	6490	192	0	0	518	1050	4892	1854	7940	0	0	0	0	0	0	0	0	0	0	5774	3690	302	0	0	0	
186196	Occipital_Sup_L	0	0	0	0	0	0	0	0	0	0	0	0	0	0	0	0	0	0	0	0	0	0	0	0	0	0	0	0	0	0	0	0	482	288	262	0	0	0	0	0	0	0	7694	0	22928	298	1670	0	0	0	30386	0	1072	0	446	0	582	0	6448	0	1016	0	0	0	236	0	14380	1028	1610	0	0	0	0	0	0	0	0	0	0	0	152	0	0	0	1692	0	0	0	428	0	0	0	0	0	0	0	0	0	0	0	0	0	0	0	0	0	0	0	0	0	0	0	0	0	0	0	
390624	Occipital_Sup_R	0	972	0	0	0	0	0	0	0	0	0	0	0	0	0	0	0	0	0	794	0	0	0	0	0	0	0	0	0	0	0	0	0	1298	0	654	0	0	0	0	0	0	1496	29336	930	43088	804	13030	0	0	0	33020	0	4812	0	5486	0	2424	0	3894	0	2688	0	214	0	4420	3250	29200	0	2656	0	0	0	0	0	0	0	0	0	0	0	200	0	0	0	5482	0	0	0	4910	0	0	0	0	0	0	0	0	0	0	0	0	0	0	0	0	0	0	0	0	254	0	0	0	0	0	
549596	Occipital_Mid_L	3790	0	0	0	0	0	0	0	0	0	0	0	0	0	0	0	4104	0	0	0	0	0	0	0	0	0	0	0	1108	0	0	0	938	220	298	0	148	0	0	0	0	0	18094	0	21002	0	9082	0	30386	0	0	0	29320	0	10018	0	10728	0	19670	0	20308	0	3828	0	18170	0	25080	1118	6212	0	0	0	0	0	0	0	0	0	852	0	3868	0	0	0	27584	0	0	0	8872	0	0	0	0	0	0	0	0	0	0	0	0	0	0	0	0	0	0	0	0	0	0	0	0	0	0	0	
341140	Occipital_Mid_R	0	830	0	0	0	0	0	0	0	0	0	0	0	0	0	0	0	0	0	1216	0	0	0	0	0	0	0	0	0	0	0	0	182	2072	144	1452	0	0	0	0	0	0	0	21760	0	18868	204	8818	0	33020	0	0	0	5958	0	5238	0	7290	0	2312	0	4252	0	646	0	11922	448	20676	0	4332	0	0	0	0	0	0	0	0	0	0	0	392	0	0	0	12594	0	0	0	5944	0	0	0	0	0	0	0	0	0	0	0	0	0	0	0	0	0	0	0	0	0	0	0	0	0	0	
285148	Occipital_Inf_L	2836	0	1106	236	0	0	580	0	0	0	0	0	0	234	0	0	2414	0	608	234	0	0	0	236	0	0	0	0	4058	0	0	0	0	0	410	0	2034	0	532	0	0	0	7224	0	4106	0	10054	0	1072	0	29320	0	0	0	22134	0	2426	0	0	0	246	0	928	0	276	0	5584	0	1110	0	238	0	0	0	0	0	158	0	3122	0	1348	0	0	0	14264	0	0	0	21860	0	404	0	0	0	0	0	460	0	538	0	0	0	0	0	0	0	0	0	0	0	184	0	0	0	0	0	
95624	Occipital_Inf_R	0	812	0	0	0	0	0	0	0	0	0	0	0	0	0	0	0	0	0	974	0	0	0	0	0	0	0	0	0	0	0	0	0	608	0	334	0	0	0	0	0	0	0	5240	0	3234	0	5876	0	4812	0	5958	0	0	0	7454	0	666	0	0	0	0	0	0	0	0	0	2398	0	1118	0	0	0	0	0	0	0	0	0	0	0	0	0	0	0	706	0	0	0	7622	0	0	0	0	0	0	0	0	0	0	0	0	0	0	0	0	0	0	0	0	0	0	0	0	0	0	
377132	Fusiform_L	744	0	2044	0	0	0	216	0	0	0	0	0	0	0	0	0	340	0	1878	0	0	0	0	0	0	0	0	0	8044	0	0	0	0	0	190	0	16638	0	4980	0	3958	0	2094	0	1336	0	15854	218	446	0	10018	0	22134	0	0	0	658	0	0	0	0	0	0	0	0	0	2034	0	250	0	0	0	1618	0	0	0	942	0	1394	0	4148	0	820	0	6060	0	688	0	24538	0	17392	0	932	0	196	0	10522	0	21864	154	250	0	532	0	0	0	0	0	0	0	1722	582	138	0	0	0	
418284	Fusiform_R	0	2410	140	2716	0	0	0	1274	0	0	0	1608	0	0	0	0	0	1458	0	926	0	0	0	0	0	0	0	0	0	9202	0	0	0	346	316	1772	212	31562	0	22236	0	6038	0	5102	0	2966	378	16160	0	5486	0	5238	0	7454	0	0	0	1040	0	0	0	0	0	220	0	0	0	4860	0	500	0	150	0	11660	0	144	458	1098	0	1160	0	2206	0	1852	0	2996	0	588	0	16708	184	11038	0	218	0	396	502	5804	732	15008	0	0	0	256	0	0	0	0	0	0	2984	1232	148	0	0	0	
356956	Postcentral_L	41528	0	5664	864	0	0	3684	0	0	0	5528	0	2526	714	418	0	11232	0	5218	742	0	0	0	726	0	0	0	0	6338	0	0	0	206	196	0	0	514	0	0	0	0	0	0	0	828	0	0	0	582	0	10728	0	2426	0	658	0	0	0	8168	0	29800	0	8946	0	3302	0	3598	0	2056	0	1694	0	0	0	0	0	746	0	2336	0	6674	0	0	0	6472	0	0	0	3366	0	0	0	0	0	0	0	0	0	0	0	0	0	0	0	0	0	0	0	0	0	0	0	0	0	0	0	
278768	Postcentral_R	0	18756	0	2598	0	0	0	188	0	0	0	2358	0	0	0	0	0	3888	330	6958	0	0	0	0	0	0	0	0	0	3424	0	0	560	6892	178	2426	0	1432	0	430	0	0	0	1998	0	4320	0	0	0	2424	0	7290	0	666	0	1040	0	0	0	4238	0	13300	0	18218	0	644	0	12586	0	14242	0	1796	0	762	0	0	0	0	0	0	0	1856	0	0	0	1226	0	0	0	2064	0	146	0	0	0	0	0	0	0	150	0	0	0	0	0	0	0	0	0	0	0	0	0	0	0	0	
142220	Parietal_Sup_L	530	0	0	0	0	0	0	0	0	0	0	0	0	0	0	0	1390	0	0	0	0	0	0	0	0	0	0	0	0	0	0	0	0	0	0	0	0	0	0	0	0	0	152	0	930	0	0	0	6448	0	19670	0	0	0	0	0	8168	0	0	0	10842	0	548	0	2454	0	13756	194	2016	0	0	0	0	0	0	0	0	0	0	0	1598	0	0	0	1842	0	0	0	572	0	0	0	0	0	0	0	0	0	0	0	0	0	0	0	0	0	0	0	0	0	0	0	0	0	0	0	
63720	Parietal_Sup_R	0	478	0	0	0	0	0	0	0	0	0	0	0	0	0	0	0	0	0	0	0	0	0	0	0	0	0	0	0	0	0	0	0	0	0	0	0	0	0	0	0	0	0	0	0	1918	0	0	0	3894	0	2312	0	0	0	0	0	4238	0	0	0	4926	0	942	0	2788	0	8872	0	440	0	0	0	0	0	0	0	0	0	0	0	204	0	0	0	434	0	0	0	414	0	0	0	0	0	0	0	0	0	0	0	0	0	0	0	0	0	0	0	0	0	0	0	0	0	0	
275948	Parietal_Inf_L	13100	0	1176	726	0	0	3334	0	0	0	1068	0	658	702	322	0	2770	0	612	708	0	0	0	706	0	0	0	0	2922	0	0	0	0	198	0	0	0	0	0	0	0	0	0	0	146	0	0	0	1016	0	20308	0	246	0	0	0	29800	0	10842	0	0	0	15166	0	17822	0	1580	0	350	0	824	0	0	0	0	0	0	0	282	0	2574	0	0	0	6222	0	0	0	1794	0	0	0	0	0	0	0	0	0	0	0	0	0	0	0	0	0	0	0	0	0	0	0	0	0	0	0	
144556	Parietal_Inf_R	0	2854	0	246	0	0	0	0	0	0	0	0	0	0	0	0	0	1240	0	196	0	0	0	0	0	0	0	0	0	0	0	0	0	0	0	0	0	0	0	0	0	0	0	0	0	160	0	0	0	2688	0	4252	0	0	0	0	0	13300	0	4926	0	0	0	20572	0	12682	0	1074	0	326	0	226	0	0	0	0	0	0	0	142	0	2894	0	0	0	2958	0	0	0	1542	0	0	0	0	0	0	0	0	0	0	0	0	0	0	0	0	0	0	0	0	0	0	0	0	0	0	
137132	SupraMarginal_L	2328	0	330	0	0	0	0	0	0	0	0	0	0	0	0	0	4970	0	272	0	0	0	0	0	0	0	0	0	1124	0	0	0	0	0	0	0	0	0	0	0	0	0	0	0	0	0	0	0	0	0	3828	0	928	0	0	0	8946	0	548	0	15166	0	0	0	6722	0	478	0	0	0	0	0	0	0	0	0	0	0	528	0	7518	0	0	0	11786	0	0	0	3094	0	0	0	0	0	0	0	0	0	0	0	0	0	0	0	0	0	0	0	0	0	0	0	0	0	0	0	
144400	SupraMarginal_R	0	4034	0	790	0	0	0	0	0	0	0	0	0	0	0	0	0	3782	0	366	0	0	0	0	0	0	0	0	0	234	0	0	0	0	0	0	0	0	0	0	0	0	0	0	0	0	0	0	0	214	0	646	0	0	0	220	0	18218	0	942	0	20572	0	0	0	4836	0	0	0	0	0	356	0	0	0	0	0	0	0	234	0	8406	0	0	0	5002	0	0	0	3348	0	0	0	0	0	0	0	0	0	0	0	0	0	0	0	0	0	0	0	0	0	0	0	0	0	0	
139468	Angular_L	1622	0	0	0	0	0	0	0	0	0	0	0	0	0	0	0	1968	0	0	0	0	0	0	0	0	0	0	0	228	0	0	0	0	0	0	0	0	0	0	0	0	0	0	0	174	0	0	0	236	0	18170	0	276	0	0	0	3302	0	2454	0	17822	0	6722	0	0	0	736	0	206	0	0	0	0	0	0	0	0	0	0	0	2794	0	0	0	11280	0	0	0	1744	0	0	0	0	0	0	0	0	0	0	0	0	0	0	0	0	0	0	0	0	0	0	0	0	0	0	0	
92472	Angular_R	0	486	0	0	0	0	0	0	0	0	0	0	0	0	0	0	0	0	0	0	0	0	0	0	0	0	0	0	0	0	0	0	0	0	0	0	0	0	0	0	0	0	0	0	0	350	0	0	0	4420	0	11922	0	0	0	0	0	644	0	2788	0	12682	0	4836	0	0	0	708	0	0	0	0	0	0	0	0	0	0	0	0	0	2010	0	0	0	4394	0	0	0	996	0	0	0	0	0	0	0	0	0	0	0	0	0	0	0	0	0	0	0	0	0	0	0	0	0	0	
359184	Precuneus_L	1364	0	1256	190	0	0	542	0	0	0	0	0	0	0	0	0	602	0	1250	342	0	0	0	0	0	0	0	0	1470	0	0	0	5100	844	7992	604	5850	238	3054	0	0	0	17186	2216	15600	7008	4944	610	14380	3250	25080	448	5584	0	2034	0	3598	0	13756	0	1580	0	478	0	736	0	0	9216	8486	642	0	0	522	0	0	0	290	0	278	0	798	0	0	0	5586	0	0	0	4434	0	0	0	0	0	0	0	154	0	0	0	0	0	0	0	0	0	0	0	0	0	0	0	0	0	0	0	
455876	Precuneus_R	0	1392	0	326	0	0	152	0	0	0	0	0	0	0	0	0	0	0	0	3768	0	0	0	0	0	0	0	0	0	364	0	0	1144	9524	2840	10302	140	3764	0	4138	0	0	1158	21510	1120	39112	262	5456	1028	29200	1118	20676	0	2398	0	4860	0	12586	194	8872	0	1074	0	0	0	708	9216	0	1120	11186	0	0	166	244	0	0	494	0	0	168	0	188	0	0	0	6754	0	0	0	8006	0	0	0	0	0	0	0	634	0	0	0	0	0	0	0	0	0	0	0	0	576	0	0	0	0	0	
238732	Paracentral_Lobule_L	25454	794	10322	4766	0	0	0	0	0	0	0	0	0	0	0	0	0	0	13132	6096	0	0	0	0	0	0	0	0	164	0	0	0	9988	3218	2300	452	268	0	0	0	0	0	810	148	2680	282	140	0	1610	0	6212	0	1110	0	250	0	2056	0	2016	0	350	0	0	0	206	0	8486	1120	0	2406	1782	0	948	0	972	0	6782	164	0	0	0	0	0	0	1144	0	0	0	738	0	0	0	0	0	0	0	0	0	0	0	0	0	0	0	0	0	0	0	0	0	0	0	0	0	0	0	
188028	Paracentral_Lobule_R	0	5816	0	138	0	0	0	0	0	0	0	0	0	0	0	0	0	0	494	15402	0	0	0	0	0	0	0	0	0	168	0	0	1302	15230	372	5688	0	220	0	0	0	0	0	2588	0	5024	0	0	0	2656	0	4332	0	1118	0	500	0	14242	0	440	0	326	0	0	0	0	642	11186	2406	0	0	0	0	0	0	0	0	0	0	0	0	0	0	0	0	1128	0	0	0	2596	0	0	0	0	0	0	0	0	0	0	0	0	0	0	0	0	0	0	0	0	0	0	0	0	0	0	
428116	Caudate_L	6820	4966	20570	11922	3430	0	6438	3640	1432	0	858	304	5640	4454	6168	1024	410	148	19816	7912	11960	10306	528	5824	540	926	5264	2598	3278	624	5974	5706	0	3434	0	0	512	0	0	0	508	0	0	0	0	0	0	0	0	0	0	0	238	0	0	0	1694	0	0	0	824	0	0	0	0	0	0	0	1782	0	0	12676	18476	3252	1796	390	7140	586	754	0	0	0	262	0	0	0	0	0	254	0	0	0	0	0	0	0	0	0	0	0	0	0	0	0	0	0	0	0	0	0	0	0	0	0	0	0	
458480	Caudate_R	232	2772	2156	42482	898	5548	688	1952	442	448	298	376	1596	3130	1438	6354	0	1038	2534	23688	6092	8542	434	11112	276	5164	1374	3404	580	2334	3146	17448	150	5032	0	0	0	246	0	0	0	184	0	0	0	0	0	0	0	0	0	0	0	0	0	150	0	1796	0	0	0	226	0	356	0	0	0	0	0	0	12676	0	4532	25900	0	2380	908	16728	0	0	0	0	0	0	0	0	0	0	0	0	0	0	0	0	0	0	0	0	0	0	0	0	0	0	0	0	0	0	0	0	0	0	0	0	0	0	
503484	Putamen_L	7446	1540	34774	3976	12710	0	12440	0	5682	0	2516	0	4962	0	12104	184	1198	0	23882	970	5654	4194	1528	384	1260	0	1554	818	24870	0	4400	1724	196	284	2338	2628	10054	2608	1104	184	1604	0	0	0	0	0	0	0	0	0	0	0	0	0	1618	0	0	0	0	0	0	0	0	0	0	0	522	166	948	0	18476	4532	0	872	11760	320	12628	2970	0	0	772	0	2810	0	176	0	0	0	1402	0	0	0	0	0	0	0	0	0	0	0	0	0	0	0	0	0	0	0	0	0	0	0	0	0	0	0	
440208	Putamen_R	0	2704	760	27136	0	4892	0	5190	0	744	0	6502	0	3108	0	5672	0	4562	866	15102	1496	2494	312	7676	0	4422	414	1626	0	28436	1542	11926	0	3278	0	0	0	15894	0	8230	0	722	0	0	0	0	0	336	0	0	0	0	0	0	0	11660	0	762	0	0	0	0	0	0	0	0	0	244	0	0	3252	25900	872	0	0	3082	0	904	0	198	0	2040	0	474	0	504	0	0	0	1198	0	958	0	0	0	0	0	282	0	1732	0	0	0	0	0	0	0	0	0	0	0	0	0	0	0	0	
89180	Pallidum_L	3396	688	9984	1348	0	0	1786	0	0	0	0	0	0	0	0	0	0	0	6764	306	0	0	0	0	0	0	0	0	0	0	0	0	0	0	0	0	1428	0	140	0	0	0	0	0	0	0	0	0	0	0	0	0	0	0	0	0	0	0	0	0	0	0	0	0	0	0	0	0	972	0	1796	0	11760	0	0	0	3626	596	0	0	0	0	0	0	0	0	0	0	0	0	0	0	0	0	0	0	0	0	0	0	0	0	0	0	0	0	0	0	0	0	0	0	0	0	0	0	
24664	Pallidum_R	0	0	0	2236	0	0	0	298	0	0	0	238	0	0	0	0	0	526	0	292	226	314	0	0	0	0	0	0	0	558	0	0	0	0	0	0	0	770	0	362	0	0	0	0	0	0	0	0	0	0	0	0	0	0	0	144	0	0	0	0	0	0	0	0	0	0	0	0	0	0	390	2380	320	3082	0	0	0	196	0	0	0	0	0	0	0	0	0	0	0	0	0	0	0	0	0	0	0	0	0	0	0	0	0	0	0	0	0	0	0	0	0	0	0	0	0	0	
240956	Thalamus_L	13420	1776	15190	5384	0	0	6614	0	0	0	0	0	0	0	0	0	0	0	12062	244	0	0	0	0	0	0	0	0	3032	0	0	0	0	0	2448	3392	6782	3492	768	674	0	0	0	0	0	0	474	0	0	0	0	0	158	0	942	458	746	0	0	0	0	0	0	0	0	0	290	494	6782	0	7140	908	12628	0	3626	0	0	8152	202	0	682	0	0	0	316	0	0	0	1028	0	0	0	0	0	0	0	0	0	0	0	0	0	0	0	0	0	0	0	0	174	0	0	0	0	0	0	
180112	Thalamus_R	234	6652	486	30604	0	0	2032	1216	0	0	0	0	0	0	0	0	0	576	238	4748	168	298	0	0	0	0	0	0	170	308	0	0	0	0	906	2056	1236	5074	0	1296	0	0	0	0	0	0	0	364	0	0	0	0	0	0	0	1098	0	0	0	0	0	0	0	0	0	0	0	0	164	0	586	16728	2970	904	596	196	8152	0	0	0	0	0	0	0	0	0	0	0	0	0	0	0	0	0	0	0	0	0	0	0	0	0	0	0	0	0	0	0	0	0	0	0	0	0	0	0	
142900	Heschl_L	3490	0	4352	750	0	0	3410	0	0	0	574	0	366	726	280	0	9364	0	1530	730	0	0	0	730	0	0	0	0	15026	0	0	0	0	216	324	0	6354	0	0	0	0	0	0	0	0	0	0	0	0	0	852	0	3122	0	1394	0	2336	0	0	0	282	0	528	0	0	0	278	0	0	0	754	0	0	0	0	0	202	0	0	0	4824	0	0	0	3800	0	0	0	4856	0	0	0	0	0	0	0	0	0	0	0	0	0	0	0	0	0	0	0	0	0	0	0	0	0	0	0	
33020	Heschl_R	0	188	0	550	0	0	0	0	0	0	0	0	0	0	0	0	0	2296	0	262	0	0	0	0	0	0	0	0	0	3460	0	0	0	0	0	0	0	312	0	0	0	0	0	140	0	0	0	0	0	0	0	0	0	0	0	1160	0	0	0	0	0	142	0	234	0	0	0	168	0	0	0	0	0	198	0	0	0	0	0	0	0	4168	0	322	0	1288	0	0	0	1622	0	0	0	0	0	0	0	0	0	0	0	0	0	0	0	0	0	0	0	0	0	0	0	0	0	0	
229716	Temporal_Sup_L	2284	0	2478	0	0	0	0	0	0	0	414	0	0	0	0	0	12840	0	2426	0	0	0	0	0	0	0	0	0	12240	0	0	0	0	0	302	0	3182	0	174	0	228	0	0	0	174	0	0	0	152	0	3868	0	1348	0	4148	0	6674	0	1598	0	2574	0	7518	0	2794	0	798	0	0	0	0	0	772	0	0	0	682	0	4824	0	0	0	3336	0	24036	0	564	0	12430	0	0	0	0	0	0	0	0	0	0	0	0	0	0	0	0	0	0	0	0	0	0	0	0	0	0	0	
111412	Temporal_Sup_R	0	1174	0	526	0	0	0	370	0	0	0	542	0	0	0	0	0	4568	0	258	0	0	0	0	0	0	0	0	0	6110	0	0	0	0	0	0	0	606	0	386	0	0	0	0	0	0	0	0	0	200	0	392	0	0	0	2206	0	1856	0	204	0	2894	0	8406	0	2010	0	188	0	0	0	0	0	2040	0	0	0	0	0	4168	0	0	0	3010	0	10264	0	168	0	3160	0	0	0	0	0	0	0	0	0	0	0	0	0	0	0	0	0	0	0	0	0	0	0	0	0	0	
138688	Temporal_Pole_Sup_L	498	0	7352	162	1044	0	1960	0	1072	0	7924	0	2004	0	3172	0	8208	0	5586	632	352	0	0	0	0	0	0	0	11928	0	0	0	0	0	0	0	538	0	714	0	780	0	0	0	0	0	0	0	0	0	0	0	0	0	820	0	0	0	0	0	0	0	0	0	0	0	0	0	0	0	262	0	2810	0	0	0	0	0	0	0	3336	0	0	0	2956	0	3720	0	1514	0	0	0	0	0	0	0	0	0	0	0	0	0	0	0	0	0	0	0	0	0	0	0	0	0	0	0	
38360	Temporal_Pole_Sup_R	0	0	0	602	0	0	0	228	0	0	0	836	0	150	0	392	0	1188	0	504	0	276	0	0	0	0	0	0	0	1546	0	0	0	346	0	0	0	1020	0	762	0	1632	0	0	0	0	0	0	0	0	0	0	0	0	0	1852	0	0	0	0	0	0	0	0	0	0	0	0	0	0	0	0	0	474	0	0	0	0	0	322	0	3010	0	0	0	670	0	1790	0	1580	0	0	0	0	0	0	0	0	0	0	0	0	0	0	0	0	0	0	0	0	0	0	0	0	0	0	
388808	Temporal_Mid_L	4390	0	870	0	0	0	0	0	0	0	0	0	0	0	0	0	8798	0	818	0	0	0	0	0	0	0	0	0	6318	0	0	0	0	0	230	0	1260	0	0	0	0	0	2776	0	5518	0	360	0	1692	0	27584	0	14264	0	6060	0	6472	0	1842	0	6222	0	11786	0	11280	0	5586	0	1144	0	0	0	176	0	0	0	316	0	3800	0	24036	0	2956	0	0	0	3348	0	34502	0	0	0	0	0	0	0	0	0	0	0	0	0	0	0	0	0	0	0	0	0	0	0	0	0	0	0	
200776	Temporal_Mid_R	0	3150	0	0	0	0	0	0	0	0	0	0	0	0	0	0	0	644	0	602	0	0	0	0	0	0	0	0	0	2098	0	0	0	862	0	776	0	988	0	268	0	0	0	4192	0	4854	0	0	0	5482	0	12594	0	706	0	2996	0	1226	0	434	0	2958	0	5002	0	4394	0	6754	0	1128	0	0	0	504	0	0	0	0	0	1288	0	10264	0	670	0	0	0	644	0	24910	0	0	0	0	0	0	0	0	0	0	0	0	0	0	0	0	0	0	0	0	0	0	0	0	0	0	
24808	Temporal_Pole_Mid_L	0	0	0	0	0	0	0	0	0	0	0	0	0	0	0	0	0	0	0	0	0	0	0	0	0	0	0	0	152	0	0	0	0	0	0	0	254	0	784	0	468	0	0	0	0	0	0	0	0	0	0	0	0	0	688	0	0	0	0	0	0	0	0	0	0	0	0	0	0	0	0	0	0	0	0	0	0	0	0	0	564	0	3720	0	3348	0	0	0	2426	0	0	0	0	0	0	0	0	0	0	0	0	0	0	0	0	0	0	0	0	0	0	0	0	0	0	0	
10156	Temporal_Pole_Mid_R	0	0	0	0	0	0	0	0	0	0	0	0	0	0	0	0	0	0	0	0	0	0	0	0	0	0	0	0	0	170	0	0	0	0	0	0	0	208	0	468	0	334	0	0	0	0	0	0	0	0	0	0	0	0	0	588	0	0	0	0	0	0	0	0	0	0	0	0	0	0	0	0	0	0	0	0	0	0	0	0	0	168	0	1790	0	644	0	0	0	708	0	0	0	0	0	0	0	0	0	0	0	0	0	0	0	0	0	0	0	0	0	0	0	0	0	0	
370544	Temporal_Inf_L	3134	0	2416	238	0	0	486	0	0	0	0	0	0	236	0	0	5036	0	2010	236	0	0	0	238	0	0	0	0	13002	0	0	0	0	0	374	0	12476	0	894	0	1980	0	2828	0	2950	0	3190	0	428	0	8872	0	21860	0	24538	0	3366	0	572	0	1794	0	3094	0	1744	0	4434	0	738	0	254	0	1402	0	0	0	1028	0	4856	0	12430	0	1514	0	34502	0	2426	0	0	0	2398	0	264	0	0	0	0	0	714	0	140	0	180	0	0	0	0	0	0	0	0	0	0	0	0	0	
248348	Temporal_Inf_R	0	4792	0	276	0	0	0	0	0	0	0	0	0	0	0	0	0	634	0	2408	0	0	0	0	0	0	0	0	0	2644	0	0	0	1554	0	1176	0	6076	0	2208	0	1182	0	4298	0	4114	0	724	0	4910	0	5944	0	7622	0	16708	0	2064	0	414	0	1542	0	3348	0	996	0	8006	0	2596	0	0	0	1198	0	0	0	0	0	1622	0	3160	0	1580	0	24910	0	708	0	0	0	2578	0	156	0	262	0	362	0	1402	0	0	0	0	0	0	0	0	0	0	0	0	0	0	0	0	
392272	Cerebelum_Crus1_L	0	0	0	0	0	0	0	0	0	0	0	0	0	0	0	0	0	0	0	0	0	0	0	0	0	0	0	0	150	0	0	0	0	0	0	0	0	0	0	0	0	0	0	0	0	0	8198	466	0	0	0	0	404	0	17392	184	0	0	0	0	0	0	0	0	0	0	0	0	0	0	0	0	0	0	0	0	0	0	0	0	0	0	0	0	0	0	0	0	2398	0	0	2558	31148	2284	466	470	18584	786	50070	2598	12190	886	22770	1774	3306	0	980	0	0	246	4174	4590	5650	984	200	230	
327216	Cerebelum_Crus1_R	0	224	0	0	0	0	0	0	0	0	0	176	0	0	0	0	0	184	0	0	0	0	0	0	0	0	0	0	0	982	0	0	0	0	0	0	0	1422	0	1148	0	0	0	0	0	0	1126	6490	0	0	0	0	0	0	0	11038	0	146	0	0	0	0	0	0	0	0	0	0	0	0	0	0	0	958	0	0	0	0	0	0	0	0	0	0	0	0	0	0	0	2578	2558	0	2094	23194	0	2398	1764	13838	2916	42856	1172	4786	1382	13312	312	388	0	0	0	1014	10118	6212	6126	696	0	0	
260740	Cerebelum_Crus2_L	0	0	0	0	0	0	0	0	0	0	0	0	0	0	0	0	0	0	0	0	0	0	0	0	0	0	0	0	0	0	0	0	0	0	0	0	0	0	0	0	0	0	0	0	0	0	1540	192	0	0	0	0	0	0	932	0	0	0	0	0	0	0	0	0	0	0	0	0	0	0	0	0	0	0	0	0	0	0	0	0	0	0	0	0	0	0	0	0	264	0	31148	2094	0	5946	0	402	1820	470	8348	1206	26760	2598	29080	3040	2190	152	680	0	0	146	930	2274	5378	2356	270	154	
245988	Cerebelum_Crus2_R	0	0	0	0	0	0	0	0	0	0	0	0	0	0	0	0	0	0	0	0	0	0	0	0	0	0	0	0	0	0	0	0	0	0	0	0	0	0	0	0	0	0	0	0	0	0	314	0	0	0	0	0	0	0	0	218	0	0	0	0	0	0	0	0	0	0	0	0	0	0	0	0	0	0	0	0	0	0	0	0	0	0	0	0	0	0	0	0	0	156	2284	23194	5946	0	0	1944	236	3766	554	6288	6060	16576	6290	25480	256	3008	0	144	0	930	2108	880	9372	4446	2544	0	
27848	Cerebelum_3_L	0	0	0	0	0	0	0	0	0	0	0	0	0	0	0	0	0	0	0	0	0	0	0	0	0	0	0	0	0	0	0	0	0	0	0	0	0	0	374	0	0	0	0	0	0	0	858	0	0	0	0	0	0	0	196	0	0	0	0	0	0	0	0	0	0	0	0	0	0	0	0	0	0	0	0	0	0	0	0	0	0	0	0	0	0	0	0	0	0	0	466	0	0	0	0	210	5812	142	1024	0	152	0	312	170	320	0	0	0	940	1708	1102	0	0	138	0	0	
102716	Cerebelum_3_R	0	0	0	0	0	0	0	0	0	0	0	0	0	0	0	0	0	0	0	0	0	0	0	0	0	0	0	0	0	0	0	0	0	0	0	0	0	0	198	0	0	0	0	0	0	0	0	518	0	0	0	0	0	0	0	396	0	0	0	0	0	0	0	0	0	0	0	0	0	0	0	0	0	0	0	0	0	0	0	0	0	0	0	0	0	0	0	0	0	262	470	2398	402	1944	210	0	450	7938	556	5184	1576	144	2826	4062	1212	1372	0	0	484	4546	4554	800	3668	3124	1814	250	
239928	Cerebelum_4_5_L	0	0	0	0	0	0	0	0	0	0	0	0	0	0	0	0	0	0	0	0	0	0	0	0	0	0	0	0	0	0	0	0	0	0	0	0	294	0	608	0	0	0	0	0	0	0	9210	1050	0	0	0	0	460	0	10522	502	0	0	0	0	0	0	0	0	0	0	154	0	0	0	0	0	0	0	0	0	0	0	0	0	0	0	0	0	0	0	0	0	0	0	18584	1764	1820	236	5812	450	0	2072	31188	2788	2404	0	6188	474	4446	332	426	0	398	1356	12542	2200	440	280	258	706	
229824	Cerebelum_4_5_R	0	0	0	0	0	0	0	0	0	0	0	0	0	0	0	0	0	0	0	0	0	0	0	0	0	0	0	0	0	0	0	0	0	0	0	0	0	980	0	1476	0	0	0	0	0	0	568	4892	0	0	0	0	0	0	0	5804	0	0	0	0	0	0	0	0	0	0	0	634	0	0	0	0	0	282	0	0	0	0	0	0	0	0	0	0	0	0	0	0	0	362	786	13838	470	3766	142	7938	2072	0	1924	24652	2282	246	3460	6020	1086	2024	0	0	0	3412	15010	1330	3990	3078	2180	208	
365028	Cerebelum_6_L	0	0	0	0	0	0	0	0	0	0	0	0	0	0	0	0	0	0	0	0	0	0	0	0	0	0	0	0	174	0	0	0	0	0	0	0	170	0	138	0	0	0	0	0	0	0	13492	1854	0	0	0	0	538	0	21864	732	0	0	0	0	0	0	0	0	0	0	0	0	0	0	0	0	0	0	0	0	0	0	0	0	0	0	0	0	0	0	0	0	714	0	50070	2916	8348	554	1024	556	31188	1924	0	4172	5152	138	10480	496	4348	0	1244	0	0	374	8276	7232	3242	350	360	394	
337044	Cerebelum_6_R	0	240	0	184	0	0	0	194	0	0	0	282	0	0	0	0	0	200	0	0	0	0	0	0	0	0	0	0	0	1230	0	0	0	0	0	0	0	2844	0	2162	0	198	0	0	0	0	1454	7940	0	0	0	0	0	0	154	15008	0	150	0	0	0	0	0	0	0	0	0	0	0	0	0	0	0	1732	0	0	0	0	0	0	0	0	0	0	0	0	0	0	0	1402	2598	42856	1206	6288	0	5184	2788	24652	4172	0	1188	488	1512	6814	668	770	0	144	0	1500	14544	8732	5384	1030	630	0	
251868	Cerebelum_7b_L	0	0	0	0	0	0	0	0	0	0	0	0	0	0	0	0	0	0	0	0	0	0	0	0	0	0	0	0	0	0	0	0	0	0	0	0	0	0	0	0	0	0	0	0	0	0	410	0	0	0	0	0	0	0	250	0	0	0	0	0	0	0	0	0	0	0	0	0	0	0	0	0	0	0	0	0	0	0	0	0	0	0	0	0	0	0	0	0	140	0	12190	1172	26760	6060	152	1576	2404	2282	5152	1188	0	1160	33530	8358	1100	1882	204	0	0	692	1724	648	6672	7434	2794	0	
104504	Cerebelum_7b_R	0	0	0	0	0	0	0	0	0	0	0	0	0	0	0	0	0	0	0	0	0	0	0	0	0	0	0	0	0	0	0	0	0	0	0	0	0	0	0	0	0	0	0	0	0	0	0	0	0	0	0	0	0	0	0	0	0	0	0	0	0	0	0	0	0	0	0	0	0	0	0	0	0	0	0	0	0	0	0	0	0	0	0	0	0	0	0	0	0	0	886	4786	2598	16576	0	144	0	246	138	488	1160	0	1134	17088	0	3208	0	238	0	0	218	210	1970	1164	0	0	
364296	Cerebelum_8_L	0	0	0	0	0	0	0	0	0	0	0	0	0	0	0	0	0	0	0	0	0	0	0	0	0	0	0	0	0	0	0	0	0	0	0	0	0	0	0	0	0	0	0	0	0	0	946	0	0	0	0	0	0	0	532	0	0	0	0	0	0	0	0	0	0	0	0	0	0	0	0	0	0	0	0	0	0	0	0	0	0	0	0	0	0	0	0	0	180	0	22770	1382	29080	6290	312	2826	6188	3460	10480	1512	33530	1134	0	10672	12834	4010	1438	0	0	1326	4138	1122	8928	11430	5176	452	
285456	Cerebelum_8_R	0	0	0	0	0	0	0	0	0	0	0	0	0	0	0	0	0	0	0	0	0	0	0	0	0	0	0	0	0	0	0	0	0	0	0	0	0	0	0	0	0	0	0	0	0	0	0	0	0	0	0	0	0	0	0	256	0	0	0	0	0	0	0	0	0	0	0	0	0	0	0	0	0	0	0	0	0	0	0	0	0	0	0	0	0	0	0	0	0	0	1774	13312	3040	25480	170	4062	474	6020	496	6814	8358	17088	10672	0	1398	12818	0	688	0	1788	4212	782	8880	9624	4220	302	
111696	Cerebelum_9_L	0	0	0	0	0	0	0	0	0	0	0	0	0	0	0	0	0	0	0	0	0	0	0	0	0	0	0	0	0	0	0	0	0	0	0	0	0	0	0	0	0	0	0	0	0	0	0	0	0	0	0	0	0	0	0	0	0	0	0	0	0	0	0	0	0	0	0	0	0	0	0	0	0	0	0	0	0	0	0	0	0	0	0	0	0	0	0	0	0	0	3306	312	2190	256	320	1212	4446	1086	4348	668	1100	0	12834	1398	0	2974	2310	0	0	692	3208	1850	2682	3898	3348	1410	
114088	Cerebelum_9_R	0	0	0	0	0	0	0	0	0	0	0	0	0	0	0	0	0	0	0	0	0	0	0	0	0	0	0	0	0	0	0	0	0	0	0	0	0	0	0	0	0	0	0	0	0	0	0	0	0	0	0	0	0	0	0	0	0	0	0	0	0	0	0	0	0	0	0	0	0	0	0	0	0	0	0	0	0	0	0	0	0	0	0	0	0	0	0	0	0	0	0	388	152	3008	0	1372	332	2024	0	770	1882	3208	4010	12818	2974	0	0	1542	158	716	1422	1352	3124	6330	7236	2226	
15572	Cerebelum_10_L	0	0	0	0	0	0	0	0	0	0	0	0	0	0	0	0	0	0	0	0	0	0	0	0	0	0	0	0	0	0	0	0	0	0	0	0	0	0	0	0	0	0	0	0	0	0	0	0	0	0	0	0	0	0	0	0	0	0	0	0	0	0	0	0	0	0	0	0	0	0	0	0	0	0	0	0	0	0	0	0	0	0	0	0	0	0	0	0	0	0	980	0	680	0	0	0	426	0	1244	0	204	0	1438	0	2310	0	0	0	0	0	140	0	200	164	0	0	
6172	Cerebelum_10_R	0	0	0	0	0	0	0	0	0	0	0	0	0	0	0	0	0	0	0	0	0	0	0	0	0	0	0	0	0	0	0	0	0	0	0	0	0	0	0	0	0	0	0	0	0	0	0	0	0	0	0	0	0	0	0	0	0	0	0	0	0	0	0	0	0	0	0	0	0	0	0	0	0	0	0	0	0	0	0	0	0	0	0	0	0	0	0	0	0	0	0	0	0	144	0	0	0	0	0	144	0	238	0	688	0	1542	0	0	0	0	0	0	0	162	168	0	
12896	Vermis_1_2	0	0	0	0	0	0	0	0	0	0	0	0	0	0	0	0	0	0	0	0	0	0	0	0	0	0	0	0	0	0	0	0	0	0	0	0	0	0	0	0	0	0	0	0	0	0	0	0	0	0	0	0	0	0	0	0	0	0	0	0	0	0	0	0	0	0	0	0	0	0	0	0	0	0	0	0	0	0	0	0	0	0	0	0	0	0	0	0	0	0	0	0	0	0	940	484	398	0	0	0	0	0	0	0	0	158	0	0	0	3026	1112	0	0	156	174	0	
65668	Vermis_3	0	0	0	0	0	0	0	0	0	0	0	0	0	0	0	0	0	0	0	0	0	0	0	0	0	0	0	0	0	0	0	0	0	0	0	0	322	0	478	0	0	0	0	0	0	0	266	0	0	0	0	0	0	0	0	0	0	0	0	0	0	0	0	0	0	0	0	0	0	0	0	0	0	0	0	0	174	0	0	0	0	0	0	0	0	0	0	0	0	0	246	1014	146	930	1708	4546	1356	3412	374	1500	692	0	1326	1788	692	716	0	0	3026	0	3516	506	1776	1236	886	202	
243624	Vermis_4_5	0	0	0	0	0	0	0	0	0	0	0	0	0	0	0	0	0	0	0	0	0	0	0	0	0	0	0	0	0	0	0	0	0	0	0	0	0	282	0	534	0	0	0	422	0	168	2892	5774	0	254	0	0	184	0	1722	2984	0	0	0	0	0	0	0	0	0	0	0	576	0	0	0	0	0	0	0	0	0	0	0	0	0	0	0	0	0	0	0	0	0	0	4174	10118	930	2108	1102	4554	12542	15010	8276	14544	1724	218	4138	4212	3208	1422	140	0	1112	3516	0	4864	2796	2400	1064	1848	
124536	Vermis_6	0	0	0	0	0	0	0	0	0	0	0	0	0	0	0	0	0	0	0	0	0	0	0	0	0	0	0	0	0	0	0	0	0	0	0	0	0	0	0	0	0	0	0	150	0	0	3078	3690	0	0	0	0	0	0	582	1232	0	0	0	0	0	0	0	0	0	0	0	0	0	0	0	0	0	0	0	0	0	0	0	0	0	0	0	0	0	0	0	0	0	0	4590	6212	2274	880	0	800	2200	1330	7232	8732	648	210	1122	782	1850	1352	0	0	0	506	4864	0	4626	442	820	2064	
