data	data	521292	219028	751040	810472	119676	100664	422848	101720	69308	29404	169300	130896	260304	155792	176152	82136	216384	164728	625260	750732	66168	94748	273176	366472	53996	134008	33792	79904	370184	327012	424240	670384	165832	492664	226336	229968	216140	332876	86772	201520	44176	93976	224488	252224	100548	206132	251372	321872	131092	199160	298176	174128	92456	121252	301788	439716	208080	149724	83784	82660	152352	82424	91356	102304	89176	111612	263004	314564	217340	111312	254480	553320	332872	348316	61532	49928	142064	187776	50048	39076	152128	138756	72112	106208	319076	181036	51088	89716	241852	246368	533720	492252	310104	336504	45496	48968	294036	159484	470124	451468	281872	189572	404516	261280	161592	135384	23832	27464	26416	55820	211036	268904	313000	183172	116852	27884	
data	data	Precentral_L	Precentral_R	Frontal_Sup_L	Frontal_Sup_R	Frontal_Sup_Orb_L	Frontal_Sup_Orb_R	Frontal_Mid_L	Frontal_Mid_R	Frontal_Mid_Orb_L	Frontal_Mid_Orb_R	Frontal_Inf_Oper_L	Frontal_Inf_Oper_R	Frontal_Inf_Tri_L	Frontal_Inf_Tri_R	Frontal_Inf_Orb_L	Frontal_Inf_Orb_R	Rolandic_Oper_L	Rolandic_Oper_R	Supp_Motor_Area_L	Supp_Motor_Area_R	Olfactory_L	Olfactory_R	Frontal_Sup_Medial_L	Frontal_Sup_Medial_R	Frontal_Med_Orb_L	Frontal_Med_Orb_R	Rectus_L	Rectus_R	Insula_L	Insula_R	Cingulum_Ant_L	Cingulum_Ant_R	Cingulum_Mid_L	Cingulum_Mid_R	Cingulum_Post_L	Cingulum_Post_R	Hippocampus_L	Hippocampus_R	ParaHippocampal_L	ParaHippocampal_R	Amygdala_L	Amygdala_R	Calcarine_L	Calcarine_R	Cuneus_L	Cuneus_R	Lingual_L	Lingual_R	Occipital_Sup_L	Occipital_Sup_R	Occipital_Mid_L	Occipital_Mid_R	Occipital_Inf_L	Occipital_Inf_R	Fusiform_L	Fusiform_R	Postcentral_L	Postcentral_R	Parietal_Sup_L	Parietal_Sup_R	Parietal_Inf_L	Parietal_Inf_R	SupraMarginal_L	SupraMarginal_R	Angular_L	Angular_R	Precuneus_L	Precuneus_R	Paracentral_Lobule_L	Paracentral_Lobule_R	Caudate_L	Caudate_R	Putamen_L	Putamen_R	Pallidum_L	Pallidum_R	Thalamus_L	Thalamus_R	Heschl_L	Heschl_R	Temporal_Sup_L	Temporal_Sup_R	Temporal_Pole_Sup_L	Temporal_Pole_Sup_R	Temporal_Mid_L	Temporal_Mid_R	Temporal_Pole_Mid_L	Temporal_Pole_Mid_R	Temporal_Inf_L	Temporal_Inf_R	Cerebelum_Crus1_L	Cerebelum_Crus1_R	Cerebelum_Crus2_L	Cerebelum_Crus2_R	Cerebelum_3_L	Cerebelum_3_R	Cerebelum_4_5_L	Cerebelum_4_5_R	Cerebelum_6_L	Cerebelum_6_R	Cerebelum_7b_L	Cerebelum_7b_R	Cerebelum_8_L	Cerebelum_8_R	Cerebelum_9_L	Cerebelum_9_R	Cerebelum_10_L	Cerebelum_10_R	Vermis_1_2	Vermis_3	Vermis_4_5	Vermis_6	Vermis_7	Vermis_8	Vermis_9	Vermis_10	
521292	Precentral_L	0	5298	24510	7136	0	0	25706	270	0	0	14408	284	3348	122	162	0	9718	294	17128	15264	0	0	530	794	0	0	0	0	6346	722	1680	1538	1746	6414	11486	8106	2338	2998	198	328	0	0	666	0	460	0	94	0	142	0	892	0	0	80	114	198	20746	248	0	0	1092	0	260	0	134	0	1450	276	25136	4404	4936	1958	5768	136	2520	0	9846	2998	2068	646	1478	336	334	0	1446	196	0	0	508	208	0	0	0	0	0	0	0	0	0	0	0	0	0	0	0	0	0	0	0	0	0	0	0	0	0	0	
219028	Precentral_R	5298	0	1446	22142	0	0	574	4380	0	0	0	9286	106	704	98	0	96	2034	1432	12758	0	0	0	276	0	0	0	0	0	906	1058	1722	72	1880	1030	890	0	984	0	346	0	0	0	112	0	0	0	230	0	0	0	168	0	1060	0	440	268	11008	0	0	0	212	0	1956	0	0	106	374	1836	1958	1002	4734	664	1686	148	572	1586	4384	0	1768	0	1152	0	0	0	1598	0	0	0	974	0	0	0	0	0	0	0	0	0	0	0	0	0	0	0	0	0	0	0	0	0	0	0	0	0	0	
751040	Frontal_Sup_L	24510	1446	0	8146	9700	134	59768	264	1100	0	11690	680	14346	574	4380	0	10432	470	70482	18284	0	0	35626	4438	2456	196	388	0	15036	812	15874	5540	8408	5496	0	0	864	0	0	0	0	0	0	0	0	0	0	0	0	0	0	0	0	0	0	0	8232	0	0	0	0	0	0	0	0	0	0	0	856	0	6760	2496	13542	616	4078	0	5838	124	140	0	916	0	382	0	0	0	0	0	0	0	0	0	0	0	0	0	0	0	0	0	0	0	0	0	0	0	0	0	0	0	0	0	0	0	0	0	
810472	Frontal_Sup_R	7136	22142	8146	0	0	5276	2588	17374	0	250	134	6690	630	7412	226	3076	408	5734	16856	71554	0	288	5866	35698	0	3166	0	974	500	11642	11672	46936	704	28170	550	1352	0	2260	0	502	0	0	0	0	72	0	0	108	0	0	0	0	0	252	0	396	542	2468	0	0	0	86	0	400	0	0	120	140	2564	0	3446	30296	1834	12790	646	2508	3480	15996	82	340	0	190	0	0	0	230	0	0	0	338	0	0	0	0	0	0	0	0	0	0	0	0	0	0	0	0	0	0	0	0	0	0	0	0	0	0	
119676	Frontal_Sup_Orb_L	0	0	9700	0	0	0	3156	0	8374	0	0	0	1318	0	6896	0	0	0	238	0	1698	0	4578	144	4988	126	3614	0	2418	0	5792	202	0	0	0	0	0	0	0	0	264	0	0	0	0	0	0	0	0	0	0	0	0	0	0	0	0	0	0	0	0	0	0	0	0	0	0	0	0	0	118	0	6214	0	0	0	0	0	0	0	0	0	0	0	0	0	0	0	0	0	0	0	0	0	0	0	0	0	0	0	0	0	0	0	0	0	0	0	0	0	0	0	0	0	0	0	
100664	Frontal_Sup_Orb_R	0	0	134	5276	0	0	0	652	0	3610	0	424	0	486	0	3694	0	184	156	258	0	1718	250	5410	256	8816	72	9762	0	1086	372	3222	0	244	0	0	0	0	0	0	0	102	0	0	0	0	0	0	0	0	0	0	0	0	0	0	0	0	0	0	0	0	0	0	0	0	0	0	0	0	80	2256	0	1812	0	0	0	0	0	0	0	0	0	0	0	0	0	0	0	0	0	0	0	0	0	0	0	0	0	0	0	0	0	0	0	0	0	0	0	0	0	0	0	0	0	0	
422848	Frontal_Mid_L	25706	574	59768	2588	3156	0	0	244	3378	0	11028	208	34980	94	7194	0	1880	268	14804	3562	0	0	7398	1056	0	0	0	0	11002	196	3898	1810	3574	976	0	76	190	0	0	0	0	0	0	0	0	0	0	0	0	0	0	0	0	0	0	0	852	0	0	0	176	0	0	0	0	0	0	0	0	0	2538	1840	4086	204	504	0	1268	160	0	0	188	0	0	0	0	0	0	0	0	0	0	0	0	0	0	0	0	0	0	0	0	0	0	0	0	0	0	0	0	0	0	0	0	0	0	0	
101720	Frontal_Mid_R	270	4380	264	17374	0	652	244	0	0	1148	0	3830	0	7994	0	1242	0	140	326	2366	0	0	128	1346	0	0	0	0	0	2468	182	1910	0	1592	0	0	0	0	0	0	0	0	0	0	0	0	0	0	0	0	0	0	0	0	0	0	0	598	0	0	0	0	0	0	0	0	0	0	0	0	862	782	134	406	78	0	144	0	0	0	0	0	0	0	0	0	0	0	0	0	0	0	0	0	0	0	0	0	0	0	0	0	0	0	0	0	0	0	0	0	0	0	0	0	0	0	
69308	Frontal_Mid_Orb_L	0	0	1100	0	8374	0	3378	0	0	0	0	0	1996	0	12266	0	120	0	0	0	154	0	0	0	514	0	290	0	2532	0	474	0	0	0	0	0	0	0	0	0	0	0	0	0	0	0	0	0	0	0	0	0	0	0	0	0	0	0	0	0	0	0	0	0	0	0	0	0	0	0	0	0	3356	0	0	0	0	0	0	0	0	0	100	0	0	0	0	0	0	0	0	0	0	0	0	0	0	0	0	0	0	0	0	0	0	0	0	0	0	0	0	0	0	0	0	0	
29404	Frontal_Mid_Orb_R	0	0	0	250	0	3610	0	1148	0	0	0	0	0	950	0	6062	0	0	0	0	0	86	0	96	0	544	0	1116	0	668	0	0	0	0	0	0	0	0	0	0	0	0	0	0	0	0	0	0	0	0	0	0	0	0	0	0	0	0	0	0	0	0	0	0	0	0	0	0	0	0	0	0	0	172	0	0	0	0	0	0	0	0	0	0	0	0	0	0	0	0	0	0	0	0	0	0	0	0	0	0	0	0	0	0	0	0	0	0	0	0	0	0	0	0	0	0	
169300	Frontal_Inf_Oper_L	14408	0	11690	134	0	0	11028	0	0	0	0	0	11634	0	598	0	12214	0	8054	128	0	0	76	0	0	0	0	0	8618	0	312	106	170	0	0	0	0	0	0	0	0	0	0	0	0	0	0	0	0	0	0	0	0	0	0	0	1946	0	0	0	208	0	0	0	0	0	0	0	0	0	82	112	866	0	0	0	0	0	0	0	1172	0	1094	0	0	0	0	0	0	0	0	0	0	0	0	0	0	0	0	0	0	0	0	0	0	0	0	0	0	0	0	0	0	0	0	0	
130896	Frontal_Inf_Oper_R	284	9286	680	6690	0	424	208	3830	0	0	0	0	0	8676	0	98	0	3650	1070	4994	0	0	0	1298	0	474	0	390	0	7564	1020	2840	0	1740	0	118	0	78	0	0	0	0	0	0	0	0	0	0	0	0	0	0	0	0	0	0	0	1932	0	0	0	0	0	0	0	0	0	0	0	0	394	3254	0	3734	0	0	130	232	0	244	0	116	0	0	0	0	0	0	0	0	0	0	0	0	0	0	0	0	0	0	0	0	0	0	0	0	0	0	0	0	0	0	0	0	0	0	
260304	Frontal_Inf_Tri_L	3348	106	14346	630	1318	0	34980	0	1996	0	11634	0	0	0	21982	0	1200	0	6440	824	0	0	342	326	0	0	0	0	21604	0	686	606	1534	0	0	0	0	0	0	0	0	0	0	0	0	0	0	0	0	0	0	0	0	0	0	0	364	0	0	0	0	0	0	0	0	0	0	0	0	0	1092	654	1274	0	0	0	0	0	0	0	1112	0	1754	0	0	0	0	0	0	0	0	0	0	0	0	0	0	0	0	0	0	0	0	0	0	0	0	0	0	0	0	0	0	0	0	0	
155792	Frontal_Inf_Tri_R	122	704	574	7412	0	486	94	7994	0	950	0	8676	0	0	0	4918	0	454	2336	5136	0	0	166	3898	0	0	0	0	0	20006	434	5218	0	3820	0	0	0	0	0	0	0	0	0	0	0	0	0	0	0	0	0	0	0	0	0	0	0	0	0	0	0	0	0	0	0	0	0	0	0	0	164	3122	0	1212	0	0	0	0	0	0	0	0	0	0	0	0	0	0	0	0	0	0	0	0	0	0	0	0	0	0	0	0	0	0	0	0	0	0	0	0	0	0	0	0	0	0	
176152	Frontal_Inf_Orb_L	162	98	4380	226	6896	0	7194	0	12266	0	598	0	21982	0	0	0	336	0	2138	256	1194	0	166	0	0	0	184	0	16842	0	134	100	300	0	0	0	108	0	0	0	468	0	0	0	0	0	0	0	0	0	0	0	0	0	0	0	114	0	0	0	0	0	0	0	0	0	0	0	0	0	610	166	6746	0	0	0	0	0	0	0	1256	0	3156	0	0	0	0	0	0	0	0	0	0	0	0	0	0	0	0	0	0	0	0	0	0	0	0	0	0	0	0	0	0	0	0	0	
82136	Frontal_Inf_Orb_R	0	0	0	3076	0	3694	0	1242	0	6062	0	98	0	4918	0	0	0	76	162	264	0	736	0	1670	0	238	0	390	0	9020	0	1142	0	270	0	0	0	632	0	102	0	456	0	0	0	0	0	0	0	0	0	0	0	0	0	672	0	0	0	0	0	0	0	0	0	0	0	0	0	0	0	782	0	596	0	0	0	0	0	0	0	1062	0	2844	0	236	0	0	0	628	0	0	0	0	0	0	0	0	0	0	0	0	0	0	0	0	0	0	0	0	0	0	0	0	0	0	
216384	Rolandic_Oper_L	9718	96	10432	408	0	0	1880	0	120	0	12214	0	1200	0	336	0	0	0	9812	414	0	0	124	0	0	0	0	0	19432	0	228	0	138	0	362	72	1870	90	0	0	100	0	154	0	0	0	0	0	0	0	192	0	0	0	262	0	7770	0	0	0	558	0	2332	0	0	0	448	0	118	0	2268	304	8716	0	740	0	772	84	4538	0	6246	0	1204	0	1634	0	0	0	806	0	0	0	0	0	0	0	0	0	0	0	0	0	0	0	0	0	0	0	0	0	0	0	0	0	0	0	
164728	Rolandic_Oper_R	294	2034	470	5734	0	184	268	140	0	0	0	3650	0	454	0	76	0	0	410	5378	0	0	0	1152	0	450	0	132	0	13120	3874	5800	0	226	82	114	0	1486	0	420	0	0	0	0	0	0	0	0	0	0	0	0	0	0	0	272	0	2460	0	0	0	432	0	1802	0	76	0	0	0	152	646	9388	132	15110	0	784	140	774	0	2038	0	1958	0	0	0	252	0	0	0	0	0	0	0	0	0	0	0	0	0	0	0	0	0	0	0	0	0	0	0	0	0	0	0	0	0	0	
625260	Supp_Motor_Area_L	17128	1432	70482	16856	238	156	14804	326	0	0	8054	1070	6440	2336	2138	162	9812	410	0	45592	0	0	9120	3296	0	0	0	0	9234	2372	6480	9288	11116	23792	1782	1082	0	0	0	0	0	0	0	0	0	0	0	0	0	0	0	0	0	0	0	0	8386	84	0	0	0	0	0	0	0	0	212	0	7362	158	6138	2166	8980	536	1342	0	672	180	206	0	860	0	350	0	0	0	0	0	0	0	0	0	0	0	0	0	0	0	0	0	0	0	0	0	0	0	0	0	0	0	0	0	0	0	0	0	
750732	Supp_Motor_Area_R	15264	12758	18284	71554	0	258	3562	2366	0	0	128	4994	824	5136	256	264	414	5378	45592	0	0	136	3292	9362	0	0	0	0	410	6616	10344	24432	2754	49428	3108	5510	0	264	0	100	0	180	76	0	246	138	0	0	90	0	94	0	0	150	0	114	990	2136	118	0	104	0	0	180	0	0	1088	1156	10768	7958	2424	24394	1764	3870	886	1030	1396	10386	0	416	0	154	0	0	0	174	0	0	0	98	0	0	0	0	0	0	0	0	0	0	0	0	0	0	0	0	0	0	0	0	0	0	0	0	0	0	
66168	Olfactory_L	0	0	0	0	1698	0	0	0	154	0	0	0	0	0	1194	0	0	0	0	0	0	3780	0	0	878	74	2242	150	1904	0	4260	890	0	0	0	0	214	0	96	0	806	0	0	0	0	0	0	0	0	0	0	0	0	0	0	0	0	0	0	0	0	0	0	0	0	0	0	0	0	0	6016	3492	4292	344	328	178	0	0	0	0	0	0	94	0	0	0	0	0	0	0	0	0	0	0	0	0	0	0	0	0	0	0	0	0	0	0	0	0	0	0	0	0	0	0	0	0	
94748	Olfactory_R	0	0	0	288	0	1718	0	0	0	86	0	0	0	0	0	736	0	0	0	136	3780	0	0	198	244	1672	494	3294	0	1478	3584	3792	0	0	0	0	0	516	0	326	0	1560	0	0	0	0	0	0	0	0	0	0	0	0	0	260	0	0	0	0	0	0	0	0	0	0	0	0	0	0	5832	8822	4166	1788	1224	1078	0	214	0	0	0	0	0	88	0	0	0	0	0	0	0	0	0	0	0	0	0	0	0	0	0	0	0	0	0	0	0	0	0	0	0	0	0	0	0	0	
273176	Frontal_Sup_Medial_L	530	0	35626	5866	4578	250	7398	128	0	0	76	0	342	166	166	0	124	0	9120	3292	0	0	0	16070	3762	1114	346	74	520	196	17054	11764	6064	8578	0	0	0	0	0	0	0	0	0	0	0	0	0	0	0	0	0	0	0	0	0	0	276	0	0	0	0	0	0	0	0	0	0	0	0	0	670	246	2030	162	0	0	0	0	0	0	0	0	0	0	0	0	0	0	0	0	0	0	0	0	0	0	0	0	0	0	0	0	0	0	0	0	0	0	0	0	0	0	0	0	0	0	
366472	Frontal_Sup_Medial_R	794	276	4438	35698	144	5410	1056	1346	0	96	0	1298	326	3898	0	1670	0	1152	3296	9362	0	198	16070	0	456	9172	0	2280	342	5682	5562	35778	172	16848	0	0	0	0	0	0	0	0	0	0	0	0	0	0	0	0	0	0	0	0	0	0	0	170	0	0	0	0	0	0	0	0	0	0	0	0	810	10924	120	8392	0	0	0	0	0	0	0	0	0	0	0	0	0	0	0	0	0	0	0	0	0	0	0	0	0	0	0	0	0	0	0	0	0	0	0	0	0	0	0	0	0	0	
53996	Frontal_Med_Orb_L	0	0	2456	0	4988	256	0	0	514	0	0	0	0	0	0	0	0	0	0	0	878	244	3762	456	0	1872	2410	610	0	0	5822	1190	0	0	0	0	0	0	0	0	0	0	0	0	0	0	0	0	0	0	0	0	0	0	0	0	0	0	0	0	0	0	0	0	0	0	0	0	0	0	386	550	474	130	0	0	0	0	0	0	0	0	0	0	0	0	0	0	0	0	0	0	0	0	0	0	0	0	0	0	0	0	0	0	0	0	0	0	0	0	0	0	0	0	0	0	
134008	Frontal_Med_Orb_R	0	0	196	3166	126	8816	0	0	0	544	0	474	0	0	0	238	0	450	0	0	74	1672	1114	9172	1872	0	408	10204	0	488	2256	11592	0	0	0	0	0	0	0	0	0	0	0	0	0	0	0	0	0	0	0	0	0	0	0	0	0	0	0	0	0	0	0	0	0	0	0	0	0	0	120	8222	0	5800	0	0	0	0	0	0	0	0	0	0	0	0	0	0	0	0	0	0	0	0	0	0	0	0	0	0	0	0	0	0	0	0	0	0	0	0	0	0	0	0	0	0	
33792	Rectus_L	0	0	388	0	3614	72	0	0	290	0	0	0	0	0	184	0	0	0	0	0	2242	494	346	0	2410	408	0	306	0	0	3032	292	0	0	0	0	0	0	0	0	72	0	0	0	0	0	0	0	0	0	0	0	0	0	0	0	0	0	0	0	0	0	0	0	0	0	0	0	0	0	1068	494	1184	0	0	0	0	0	0	0	0	0	0	0	0	0	0	0	0	0	0	0	0	0	0	0	0	0	0	0	0	0	0	0	0	0	0	0	0	0	0	0	0	0	0	0	
79904	Rectus_R	0	0	0	974	0	9762	0	0	0	1116	0	390	0	0	0	390	0	132	0	0	150	3294	74	2280	610	10204	306	0	0	730	438	4184	0	0	0	0	0	0	0	0	0	234	0	0	0	0	0	0	0	0	0	0	0	0	0	0	0	0	0	0	0	0	0	0	0	0	0	0	0	0	138	3384	84	1078	0	0	0	0	0	0	0	0	0	0	0	0	0	0	0	0	0	0	0	0	0	0	0	0	0	0	0	0	0	0	0	0	0	0	0	0	0	0	0	0	0	0	
370184	Insula_L	6346	0	15036	500	2418	0	11002	0	2532	0	8618	0	21604	0	16842	0	19432	0	9234	410	1904	0	520	342	0	0	0	0	0	0	564	558	946	0	1256	730	6472	780	166	160	1002	0	122	0	0	0	0	0	0	0	76	0	0	0	1040	0	5034	0	0	0	1150	0	506	0	0	0	388	0	106	0	2126	640	18294	0	296	0	1842	768	6402	0	6974	0	3020	0	3922	0	306	0	2706	0	0	0	0	0	0	0	0	0	0	0	0	0	0	0	0	0	0	0	0	0	0	0	0	0	0	0	
327012	Insula_R	722	906	812	11642	0	1086	196	2468	0	668	0	7564	0	20006	0	9020	0	13120	2372	6616	0	1478	196	5682	0	488	0	730	0	0	3996	11578	0	3550	528	692	0	4820	0	1138	0	1672	0	0	0	0	0	0	0	0	0	0	0	0	0	1368	0	512	0	0	0	0	0	86	0	0	0	0	0	0	410	9358	82	22076	0	538	468	1752	0	2438	0	6682	0	1400	0	1506	0	196	0	888	0	0	0	0	0	0	0	0	0	0	0	0	0	0	0	0	0	0	0	0	0	0	0	0	0	0	
424240	Cingulum_Ant_L	1680	1058	15874	11672	5792	372	3898	182	474	0	312	1020	686	434	134	0	228	3874	6480	10344	4260	3584	17054	5562	5822	2256	3032	438	564	3996	0	35256	4108	6458	0	0	0	0	0	0	0	0	0	0	0	0	0	0	0	0	0	0	0	0	0	0	472	348	0	0	0	0	0	0	0	0	0	0	0	0	11054	20462	11210	10512	246	726	104	0	0	0	82	0	0	0	0	0	0	0	0	0	0	0	0	0	0	0	0	0	0	0	0	0	0	0	0	0	0	0	0	0	0	0	0	0	0	0	
670384	Cingulum_Ant_R	1538	1722	5540	46936	202	3222	1810	1910	0	0	106	2840	606	5218	100	1142	0	5800	9288	24432	890	3792	11764	35778	1190	11592	292	4184	558	11578	35256	0	2002	28108	0	0	0	96	0	0	0	0	0	0	0	0	0	0	0	0	0	0	0	0	0	0	124	920	0	0	0	0	0	96	0	0	0	0	0	0	4422	43602	2050	23212	172	786	156	0	0	78	0	82	0	0	0	0	0	0	0	0	0	0	0	0	0	0	0	0	0	0	0	0	0	0	0	0	0	0	0	0	0	0	0	0	0	0	
165832	Cingulum_Mid_L	1746	72	8408	704	0	0	3574	0	0	0	170	0	1534	0	300	0	138	0	11116	2754	0	0	6064	172	0	0	0	0	946	0	4108	2002	0	12080	2852	350	0	0	0	0	0	0	608	0	1636	822	0	0	1342	466	1518	0	0	0	0	0	82	0	644	0	968	0	478	0	814	0	7294	2114	3916	238	0	0	126	0	0	0	0	0	0	0	0	0	0	0	632	0	0	0	128	0	0	0	0	0	0	0	0	0	0	0	0	0	0	0	0	0	0	0	0	0	0	0	0	0	0	0	
492664	Cingulum_Mid_R	6414	1880	5496	28170	0	244	976	1592	0	0	0	1740	0	3820	0	270	0	226	23792	49428	0	0	8578	16848	0	0	0	0	0	3550	6458	28108	12080	0	3986	7964	0	0	0	0	0	0	74	426	244	2270	0	0	132	1658	126	460	0	192	0	78	160	1938	230	0	0	0	0	358	0	0	2166	8102	5332	8344	148	826	136	554	92	0	0	0	0	78	0	196	0	0	0	262	0	0	0	130	0	0	0	0	0	0	0	0	0	0	0	0	0	0	0	0	0	0	0	0	0	0	0	0	0	0	
226336	Cingulum_Post_L	11486	1030	0	550	0	0	0	0	0	0	0	0	0	0	0	0	362	82	1782	3108	0	0	0	0	0	0	0	0	1256	528	0	0	2852	3986	0	18540	5326	6416	820	2264	0	0	1380	1530	942	1600	1028	2422	476	124	224	126	0	190	278	320	456	396	444	0	140	0	0	0	0	0	9512	5068	13564	3008	0	0	0	0	0	0	1052	2866	1188	752	336	350	0	0	540	238	0	0	568	260	0	0	0	0	0	0	114	218	0	0	0	0	0	0	0	0	0	0	0	0	1070	0	0	0	0	0	
229968	Cingulum_Post_R	8106	890	0	1352	0	0	76	0	0	0	0	118	0	0	0	0	72	114	1082	5510	0	0	0	0	0	0	0	0	730	692	0	0	350	7964	18540	0	5140	9108	842	3756	0	0	0	2130	0	2358	604	4102	0	400	0	292	0	812	254	938	124	1146	96	0	0	0	0	0	0	0	2046	11470	5250	4954	0	0	0	0	0	0	2872	4538	812	1022	104	434	0	0	0	298	0	0	96	530	0	0	0	0	0	0	92	478	0	0	0	0	0	0	0	0	0	0	0	0	2290	0	0	0	0	0	
216140	Hippocampus_L	2338	0	864	0	0	0	190	0	0	0	0	0	0	0	108	0	1870	0	0	0	214	0	0	0	0	0	0	0	6472	0	0	0	0	0	5326	5140	0	4224	11230	2018	6310	0	692	0	0	0	4714	2388	0	0	110	0	92	0	9008	0	178	0	0	0	0	0	0	0	0	0	3822	1680	330	0	156	0	3486	0	72	0	7032	1902	1304	0	2792	0	2058	0	6006	0	2364	0	9632	0	0	0	0	0	0	0	958	94	0	0	0	0	0	0	0	0	0	0	0	0	896	0	0	0	0	0	
332876	Hippocampus_R	2998	984	0	2260	0	0	0	0	0	0	0	78	0	0	0	632	90	1486	0	264	0	516	0	0	0	0	0	0	780	4820	0	96	0	0	6416	9108	4224	0	496	22708	0	12652	0	1662	0	200	300	6362	0	0	0	82	0	354	128	22522	0	76	0	0	0	0	0	0	0	0	468	4882	86	240	0	72	0	9214	0	1228	3268	10422	852	1434	128	3394	0	6912	0	2394	0	4588	102	11786	0	74	0	0	0	0	0	1676	0	88	0	0	0	0	0	0	0	0	0	0	836	0	0	0	0	0	
86772	ParaHippocampal_L	198	0	0	0	0	0	0	0	0	0	0	0	0	0	0	0	0	0	0	0	96	0	0	0	0	0	0	0	166	0	0	0	0	0	820	842	11230	496	0	256	2112	0	124	0	0	0	4464	464	0	0	0	0	0	0	8960	0	0	0	0	0	0	0	0	0	0	0	966	390	0	0	0	0	284	0	0	0	1454	142	0	0	436	0	974	0	1362	0	1046	0	4698	0	146	0	0	0	0	0	700	0	158	0	0	0	0	0	0	0	0	0	0	94	308	0	0	0	0	0	
201520	ParaHippocampal_R	328	346	0	502	0	0	0	0	0	0	0	0	0	0	0	102	0	420	0	100	0	326	0	0	0	0	0	0	160	1138	0	0	0	0	2264	3756	2018	22708	256	0	0	5720	0	1940	0	208	180	9838	0	242	0	190	0	252	72	17870	0	174	0	0	0	0	0	0	0	0	438	4862	0	276	0	0	0	3700	0	508	1096	2806	86	84	0	158	0	2984	0	168	0	2484	0	6554	0	258	0	0	0	0	0	2310	0	418	0	0	0	0	0	0	0	0	0	0	460	0	0	0	0	0	
44176	Amygdala_L	0	0	0	0	264	0	0	0	0	0	0	0	0	0	468	0	100	0	0	0	806	0	0	0	0	0	72	0	1002	0	0	0	0	0	0	0	6310	0	2112	0	0	0	0	0	0	0	0	0	0	0	0	0	0	0	1930	0	0	0	0	0	0	0	0	0	0	0	0	0	0	0	0	0	1562	0	0	0	502	0	0	0	164	0	1026	0	1778	0	1428	0	2564	0	0	0	0	0	0	0	0	0	0	0	0	0	0	0	0	0	0	0	0	0	0	0	0	0	0	0	
93976	Amygdala_R	0	0	0	0	0	102	0	0	0	0	0	0	0	0	0	456	0	0	0	180	0	1560	0	0	0	0	0	234	0	1672	0	0	0	0	0	0	0	12652	0	5720	0	0	0	0	0	0	0	0	0	0	0	0	0	0	0	7542	0	0	0	0	0	0	0	0	0	0	0	0	0	0	0	220	0	2202	0	0	0	634	0	0	0	110	0	6490	0	438	0	4924	0	1776	0	0	0	0	0	0	0	76	0	0	0	0	0	0	0	0	0	0	0	0	0	0	0	0	0	0	
224488	Calcarine_L	666	0	0	0	0	0	0	0	0	0	0	0	0	0	0	0	154	0	0	76	0	0	0	0	0	0	0	0	122	0	0	0	608	74	1380	0	692	0	124	0	0	0	0	6152	5782	4626	10986	1772	7458	3128	23076	278	4902	0	4174	548	128	0	0	0	88	0	0	0	138	0	14986	228	1472	0	0	0	0	0	0	0	0	0	250	0	120	0	0	0	1988	0	0	0	1360	0	1178	134	0	0	126	0	4032	100	2372	254	0	0	96	0	616	248	0	0	0	100	3492	1212	94	0	240	414	
252224	Calcarine_R	0	112	0	0	0	0	0	0	0	0	0	0	0	0	0	0	0	0	0	0	0	0	0	0	0	0	0	0	0	0	0	0	0	426	1530	2130	0	1662	0	1940	0	0	6152	0	1670	19058	126	20638	0	13220	0	12190	0	7510	0	8816	0	154	0	108	0	0	0	310	0	1274	344	20874	0	198	0	0	0	0	0	0	0	0	0	0	0	106	0	0	0	1400	0	0	0	3168	92	0	0	0	0	0	0	174	144	222	0	0	0	0	0	0	0	0	0	0	152	212	0	0	0	0	
100548	Cuneus_L	460	0	0	72	0	0	0	0	0	0	0	0	0	0	0	0	0	0	0	246	0	0	0	0	0	0	0	0	0	0	0	0	1636	244	942	0	0	0	0	0	0	0	5782	1670	0	5026	92	260	13580	2190	5186	614	138	0	0	270	0	0	1866	0	150	0	0	0	0	0	7608	710	1532	0	0	0	0	0	0	0	0	0	0	0	0	0	0	0	0	0	0	0	0	0	0	0	0	0	0	0	0	0	0	0	0	0	0	0	0	0	0	0	0	0	0	0	0	0	0	0	
206132	Cuneus_R	0	0	0	0	0	0	0	0	0	0	0	0	0	0	0	0	0	0	0	138	0	0	0	0	0	0	0	0	0	0	0	0	822	2270	1600	2358	0	200	0	208	0	0	4626	19058	5026	0	0	4516	90	25064	78	4310	0	930	0	2318	0	458	84	2208	0	0	0	186	0	418	3712	20658	0	606	0	0	0	0	0	0	0	0	0	0	0	0	0	0	0	248	0	0	0	494	0	0	0	0	0	0	0	0	80	110	0	0	0	0	0	0	0	0	0	0	88	104	0	0	0	0	
251372	Lingual_L	94	0	0	0	0	0	0	0	0	0	0	0	0	0	0	0	0	0	0	0	0	0	0	0	0	0	0	0	0	0	0	0	0	0	1028	604	4714	300	4464	180	0	0	10986	126	92	0	0	1092	498	0	5654	0	5624	0	15578	132	0	0	0	0	0	0	0	0	0	0	3798	350	0	0	0	0	0	0	0	0	466	0	0	0	126	0	0	0	154	0	0	0	802	0	15700	774	1388	380	222	0	15736	204	20636	1122	438	0	882	0	546	262	0	0	114	212	5036	3606	878	0	252	436	
321872	Lingual_R	0	230	0	108	0	0	0	0	0	0	0	0	0	0	0	0	0	0	0	0	0	0	0	0	0	0	0	0	0	0	0	0	0	0	2422	4102	2388	6362	464	9838	0	0	1772	20638	260	4516	1092	0	0	4668	0	5514	0	8538	476	26266	0	148	0	0	0	0	0	0	0	84	516	11460	0	262	0	0	0	0	0	0	692	900	0	0	0	0	0	0	0	210	0	0	0	4532	2072	7894	180	106	0	0	258	5254	2898	10460	0	0	0	0	0	0	0	0	0	0	5354	6570	1432	0	0	0	
131092	Occipital_Sup_L	142	0	0	0	0	0	0	0	0	0	0	0	0	0	0	0	0	0	0	90	0	0	0	0	0	0	0	0	0	0	0	0	1342	132	476	0	0	0	0	0	0	0	7458	0	13580	90	498	0	0	0	19548	0	544	0	96	0	0	0	6202	0	3880	0	0	0	2216	0	8518	318	416	0	0	0	0	0	0	0	0	0	0	0	0	0	0	0	0	0	0	0	0	0	0	0	0	0	0	0	0	0	0	0	0	0	0	0	0	0	0	0	0	0	0	0	0	0	0	0	
199160	Occipital_Sup_R	0	0	0	0	0	0	0	0	0	0	0	0	0	0	0	0	0	0	0	0	0	0	0	0	0	0	0	0	0	0	0	0	466	1658	124	400	0	0	0	242	0	0	3128	13220	2190	25064	0	4668	0	0	0	15258	0	1034	0	2242	0	1394	0	6440	0	3720	0	588	0	5038	1058	9424	0	348	0	0	0	0	0	0	0	0	0	0	0	436	0	0	0	314	0	0	0	814	0	0	0	0	0	0	0	0	84	112	0	0	0	0	0	0	0	0	0	0	0	116	0	0	0	0	
298176	Occipital_Mid_L	892	0	0	0	0	0	0	0	0	0	0	0	0	0	0	0	192	0	0	94	0	0	0	0	0	0	0	0	76	0	0	0	1518	126	224	0	110	0	0	0	0	0	23076	0	5186	78	5654	0	19548	0	0	0	17566	0	4110	0	662	0	3868	0	8426	0	938	0	12116	0	9830	100	2354	0	0	0	0	0	0	0	0	0	140	0	470	0	0	0	23866	0	0	0	6804	0	150	0	0	0	0	0	74	0	658	0	0	0	0	0	0	0	0	0	0	0	76	106	0	0	0	0	
174128	Occipital_Mid_R	0	168	0	0	0	0	0	0	0	0	0	0	0	0	0	0	0	0	0	0	0	0	0	0	0	0	0	0	0	0	0	0	0	460	126	292	0	82	0	190	0	0	278	12190	614	4310	0	5514	0	15258	0	0	0	6224	0	3950	0	624	0	1092	0	5202	0	844	0	14882	0	6248	0	190	0	0	0	0	0	0	0	0	0	0	0	154	0	0	0	6338	0	0	0	1762	0	0	0	0	0	0	0	0	0	72	0	0	0	0	0	0	0	0	0	0	0	0	0	0	0	0	
92456	Occipital_Inf_L	0	0	0	0	0	0	0	0	0	0	0	0	0	0	0	0	0	0	0	0	0	0	0	0	0	0	0	0	0	0	0	0	0	0	0	0	92	0	0	0	0	0	4902	0	138	0	5624	0	544	0	17566	0	0	0	5492	0	0	0	0	0	0	0	0	0	0	0	1138	0	0	0	0	0	0	0	0	0	0	0	0	0	0	0	0	0	5636	0	0	0	3994	0	288	0	0	0	0	0	0	0	708	0	0	0	0	0	0	0	0	0	0	0	0	106	0	0	0	0	
121252	Occipital_Inf_R	80	1060	0	252	0	0	0	0	0	0	0	0	0	0	0	0	0	0	0	150	0	0	0	0	0	0	0	0	0	0	0	0	0	192	190	812	0	354	0	252	0	0	0	7510	0	930	0	8538	0	1034	0	6224	0	0	0	9856	0	730	0	0	0	0	0	104	0	598	0	4782	0	884	0	124	0	0	0	0	0	0	0	86	0	94	0	0	0	3054	0	0	0	6520	276	2052	0	0	0	0	0	478	252	1484	0	0	0	0	0	0	0	0	0	0	624	876	174	0	0	0	
301788	Fusiform_L	114	0	0	0	0	0	0	0	0	0	0	0	0	0	0	0	262	0	0	0	0	0	0	0	0	0	0	0	1040	0	0	0	0	0	278	254	9008	128	8960	72	1930	0	4174	0	0	0	15578	476	96	0	4110	0	5492	0	0	118	0	0	0	0	0	0	0	0	0	0	1546	138	0	0	0	0	714	0	0	0	626	0	0	0	1232	0	2102	0	8178	0	3406	0	21114	0	21976	652	928	352	116	0	8072	0	21702	748	746	0	1618	0	0	0	0	0	0	0	892	1230	716	0	0	0	
439716	Fusiform_R	198	440	0	396	0	0	0	0	0	0	0	0	0	0	0	672	0	272	0	114	0	260	0	0	0	0	0	0	0	1368	0	0	0	78	320	938	0	22522	0	17870	0	7542	548	8816	270	2318	132	26266	0	2242	0	3950	0	9856	118	0	0	218	0	0	0	0	0	0	0	128	0	4386	0	440	0	0	0	2844	0	402	0	1684	0	174	0	1296	0	7594	0	4516	0	7320	0	29074	804	18276	112	1318	0	204	92	6542	846	18108	0	0	0	0	0	0	0	0	0	0	2654	2788	532	0	0	0	
208080	Postcentral_L	20746	268	8232	542	0	0	852	0	0	0	1946	0	364	0	114	0	7770	0	8386	990	0	0	276	0	0	0	0	0	5034	0	472	124	82	160	456	124	178	0	0	0	0	0	128	0	0	0	0	0	0	0	662	0	0	0	0	0	0	0	5074	0	17368	0	6620	0	160	0	2614	0	2640	0	2244	184	3846	0	96	0	88	0	834	0	2378	0	162	0	1264	0	0	0	562	0	0	0	0	0	0	0	0	0	0	0	0	0	0	0	0	0	0	0	0	0	0	0	0	0	0	0	
149724	Postcentral_R	248	11008	0	2468	0	0	0	598	0	0	0	1932	0	0	0	0	0	2460	84	2136	0	0	0	170	0	0	0	0	0	512	348	920	0	1938	396	1146	0	76	0	174	0	0	0	154	0	458	0	148	0	1394	0	624	0	730	0	218	0	0	0	5762	0	4826	0	13074	0	876	174	2518	358	8306	0	1646	0	926	0	88	0	0	0	480	0	2698	0	0	0	1620	0	0	0	1170	0	0	0	0	0	0	0	0	0	0	0	0	0	0	0	0	0	0	0	0	0	0	0	0	0	0	
83784	Parietal_Sup_L	0	0	0	0	0	0	0	0	0	0	0	0	0	0	0	0	0	0	0	118	0	0	0	0	0	0	0	0	0	0	0	0	644	230	444	96	0	0	0	0	0	0	0	0	1866	84	0	0	6202	0	3868	0	0	0	0	0	5074	0	0	0	8056	0	84	0	634	0	13220	592	680	0	0	0	0	0	0	0	0	0	0	0	0	0	0	0	0	0	0	0	0	0	0	0	0	0	0	0	0	0	0	0	0	0	0	0	0	0	0	0	0	0	0	0	0	0	0	0	
82660	Parietal_Sup_R	0	0	0	0	0	0	0	0	0	0	0	0	0	0	0	0	0	0	0	0	0	0	0	0	0	0	0	0	0	0	0	0	0	0	0	0	0	0	0	0	0	0	0	108	0	2208	0	0	0	6440	0	1092	0	0	0	0	0	5762	0	0	0	8196	0	792	0	5976	1340	8626	0	210	0	0	0	0	0	0	0	0	0	0	0	580	0	0	0	0	0	0	0	0	0	0	0	0	0	0	0	0	0	0	0	0	0	0	0	0	0	0	0	0	0	0	0	0	0	0	
152352	Parietal_Inf_L	1092	0	0	0	0	0	176	0	0	0	208	0	0	0	0	0	558	0	0	104	0	0	0	0	0	0	0	0	1150	0	0	0	968	0	140	0	0	0	0	0	0	0	88	0	150	0	0	0	3880	0	8426	0	0	0	0	0	17368	0	8056	0	0	0	10778	0	15244	0	4196	0	872	0	190	0	0	0	0	0	0	0	82	0	368	0	0	0	1928	0	0	0	154	0	0	0	0	0	0	0	0	0	0	0	0	0	0	0	0	0	0	0	0	0	0	0	0	0	0	0	
82424	Parietal_Inf_R	0	212	0	86	0	0	0	0	0	0	0	0	0	0	0	0	0	432	0	0	0	0	0	0	0	0	0	0	0	0	0	0	0	0	0	0	0	0	0	0	0	0	0	0	0	0	0	0	0	3720	0	5202	0	0	0	0	0	4826	0	8196	0	0	0	6498	0	11194	0	236	0	0	0	100	0	0	0	0	0	0	0	172	0	266	0	0	0	72	0	0	0	0	0	0	0	0	0	0	0	0	0	0	0	0	0	0	0	0	0	0	0	0	0	0	0	0	0	0	
91356	SupraMarginal_L	260	0	0	0	0	0	0	0	0	0	0	0	0	0	0	0	2332	0	0	0	0	0	0	0	0	0	0	0	506	0	0	0	478	0	0	0	0	0	0	0	0	0	0	0	0	0	0	0	0	0	938	0	0	0	0	0	6620	0	84	0	10778	0	0	0	4746	0	1474	0	262	0	0	0	0	0	0	0	0	0	178	0	6520	0	0	0	10246	0	0	0	256	0	0	0	0	0	0	0	0	0	0	0	0	0	0	0	0	0	0	0	0	0	0	0	0	0	0	0	
102304	SupraMarginal_R	0	1956	0	400	0	0	0	0	0	0	0	0	0	0	0	0	0	1802	0	180	0	0	0	0	0	0	0	0	0	86	0	96	0	358	0	0	0	0	0	0	0	0	0	310	0	186	0	0	0	588	0	844	0	104	0	0	0	13074	0	792	0	6498	0	0	0	5604	0	596	0	448	0	998	0	196	0	100	0	82	0	436	0	9584	0	0	0	4132	0	0	0	1702	0	0	0	0	0	0	0	0	0	0	0	0	0	0	0	0	0	0	0	0	0	0	0	0	0	0	
89176	Angular_L	134	0	0	0	0	0	0	0	0	0	0	0	0	0	0	0	0	0	0	0	0	0	0	0	0	0	0	0	0	0	0	0	814	0	0	0	0	0	0	0	0	0	138	0	0	0	0	0	2216	0	12116	0	0	0	0	0	160	0	634	0	15244	0	4746	0	0	0	1604	0	150	0	0	0	0	0	0	0	0	0	0	0	1464	0	0	0	5168	0	0	0	0	0	0	0	0	0	0	0	0	0	0	0	0	0	0	0	0	0	0	0	0	0	0	0	0	0	0	0	
111612	Angular_R	0	0	0	0	0	0	0	0	0	0	0	0	0	0	0	0	0	76	0	0	0	0	0	0	0	0	0	0	0	0	0	0	0	0	0	0	0	0	0	0	0	0	0	1274	0	418	0	84	0	5038	0	14882	0	598	0	128	0	876	0	5976	0	11194	0	5604	0	0	0	1142	0	0	0	0	0	0	0	0	0	0	0	0	0	3158	0	0	0	4676	0	0	0	682	0	0	0	0	0	0	0	0	0	0	0	0	0	0	0	0	0	0	0	0	0	0	0	0	0	0	
263004	Precuneus_L	1450	106	0	120	0	0	0	0	0	0	0	0	0	0	0	0	448	0	212	1088	0	0	0	0	0	0	0	0	388	0	0	0	7294	2166	9512	2046	3822	468	966	438	0	0	14986	344	7608	3712	3798	516	8518	1058	9830	0	1138	0	1546	0	2614	174	13220	1340	4196	0	1474	0	1604	0	0	10404	5782	620	0	0	0	0	0	0	0	0	552	0	220	0	0	0	2910	0	0	0	1624	0	92	0	0	0	0	0	434	136	0	0	0	0	0	0	0	0	0	0	0	0	528	0	0	0	0	0	
314564	Precuneus_R	276	374	0	140	0	0	0	0	0	0	0	0	0	0	0	0	0	0	0	1156	0	0	0	0	0	0	0	0	0	0	0	0	2114	8102	5068	11470	1680	4882	390	4862	0	0	228	20874	710	20658	350	11460	318	9424	100	6248	0	4782	138	4386	0	2518	592	8626	0	236	0	596	0	1142	10404	0	318	4028	0	0	0	0	0	0	364	92	0	390	0	460	0	0	0	1316	0	0	0	2648	0	0	0	0	0	0	0	770	0	0	0	0	0	0	0	0	0	0	0	0	2592	0	0	0	0	0	
217340	Paracentral_Lobule_L	25136	1836	856	2564	0	0	0	0	0	0	0	0	0	0	0	0	118	0	7362	10768	0	0	0	0	0	0	0	0	106	0	0	0	3916	5332	13564	5250	330	86	0	0	0	0	1472	0	1532	0	0	0	416	0	2354	0	0	0	0	0	2640	358	680	0	872	0	262	0	150	0	5782	318	0	4940	1232	0	114	0	828	0	3302	296	0	520	74	0	0	0	2454	0	0	0	850	0	0	0	0	0	0	0	0	0	0	0	0	0	0	0	0	0	0	0	0	0	0	0	0	0	0	0	
111312	Paracentral_Lobule_R	4404	1958	0	0	0	0	0	0	0	0	0	0	0	0	0	0	0	152	158	7958	0	0	0	0	0	0	0	0	0	0	0	0	238	8344	3008	4954	0	240	0	276	0	0	0	198	0	606	0	262	0	348	0	190	0	884	0	440	0	8306	0	210	0	0	0	448	0	0	620	4028	4940	0	0	0	0	0	0	0	0	0	0	420	0	496	0	0	0	854	0	0	0	716	0	0	0	0	0	0	0	0	0	0	0	0	0	0	0	0	0	0	0	0	0	0	0	0	0	0	
254480	Caudate_L	4936	1002	6760	3446	118	80	2538	862	0	0	82	394	1092	164	610	0	2268	646	6138	2424	6016	5832	670	810	386	120	1068	138	2126	410	11054	4422	0	148	0	0	156	0	0	0	0	0	0	0	0	0	0	0	0	0	0	0	0	0	0	0	2244	0	0	0	190	0	0	0	0	0	0	0	1232	0	0	17776	24018	1758	4438	3128	4534	224	430	0	352	0	0	0	0	0	0	0	0	0	0	0	0	0	0	0	0	0	0	0	0	0	0	0	0	0	0	0	0	0	0	0	0	0	0	0	
553320	Caudate_R	1958	4734	2496	30296	0	2256	1840	782	0	0	112	3254	654	3122	166	782	304	9388	2166	24394	3492	8822	246	10924	550	8222	494	3384	640	9358	20462	43602	0	826	0	0	0	72	0	0	0	220	0	0	0	0	0	0	0	0	0	0	0	124	0	0	184	1646	0	0	0	100	0	998	0	0	0	0	0	0	17776	0	7408	26794	2156	4954	1206	12666	0	312	0	242	0	0	0	76	0	0	0	0	0	0	0	0	0	0	0	0	0	0	0	0	0	0	0	0	0	0	0	0	0	0	0	0	0	0	
332872	Putamen_L	5768	664	13542	1834	6214	0	4086	134	3356	0	866	0	1274	0	6746	0	8716	132	8980	1764	4292	4166	2030	120	474	0	1184	84	18294	82	11210	2050	126	136	0	0	3486	0	284	0	1562	0	0	0	0	0	0	0	0	0	0	0	0	0	714	0	3846	0	0	0	0	0	0	0	0	0	0	0	114	0	24018	7408	0	954	7128	2518	1644	94	1154	0	914	0	530	0	510	0	352	0	882	0	0	0	0	0	0	0	0	0	0	0	0	0	0	0	0	0	0	0	0	0	0	0	0	0	0	0	
348316	Putamen_R	136	1686	616	12790	0	1812	204	406	0	172	0	3734	0	1212	0	596	0	15110	536	3870	344	1788	162	8392	130	5800	0	1078	0	22076	10512	23212	0	554	0	0	0	9214	0	3700	0	2202	0	0	0	0	0	0	0	0	0	0	0	0	0	2844	0	926	0	0	0	0	0	196	0	0	0	0	0	0	1758	26794	954	0	98	2968	0	1920	0	596	0	1112	0	842	0	276	0	266	0	486	0	0	0	0	0	0	0	78	0	0	0	0	0	0	0	0	0	0	0	0	0	0	0	0	0	0	
61532	Pallidum_L	2520	148	4078	646	0	0	504	78	0	0	0	0	0	0	0	0	740	0	1342	886	328	1224	0	0	0	0	0	0	296	0	246	172	0	92	0	0	72	0	0	0	0	0	0	0	0	0	0	0	0	0	0	0	0	0	0	0	96	0	0	0	0	0	0	0	0	0	0	0	828	0	4438	2156	7128	98	0	732	1918	0	0	0	0	0	0	0	0	0	0	0	0	0	0	0	0	0	0	0	0	0	0	0	0	0	0	0	0	0	0	0	0	0	0	0	0	0	0	0	
49928	Pallidum_R	0	572	0	2508	0	0	0	0	0	0	0	0	0	0	0	0	0	784	0	1030	178	1078	0	0	0	0	0	0	0	538	726	786	0	0	0	0	0	1228	0	508	0	0	0	0	0	0	0	0	0	0	0	0	0	0	0	402	0	88	0	0	0	0	0	100	0	0	0	0	0	0	3128	4954	2518	2968	732	0	0	138	0	0	0	0	0	0	0	0	0	0	0	0	0	0	0	0	0	0	0	0	0	0	0	0	0	0	0	0	0	0	0	0	0	0	0	0	0	0	
142064	Thalamus_L	9846	1586	5838	3480	0	0	1268	144	0	0	0	130	0	0	0	0	772	140	672	1396	0	0	0	0	0	0	0	0	1842	468	104	156	0	0	1052	2872	7032	3268	1454	1096	502	0	0	0	0	0	466	692	0	0	0	0	0	0	626	0	88	0	0	0	0	0	0	0	0	0	0	364	3302	0	4534	1206	1644	0	1918	0	0	9912	300	0	262	170	0	0	0	0	0	0	430	0	0	0	0	0	0	0	0	0	0	0	0	0	0	0	0	0	0	0	0	0	0	0	0	0	0	0	
187776	Thalamus_R	2998	4384	124	15996	0	0	160	0	0	0	0	232	0	0	0	0	84	774	180	10386	0	214	0	0	0	0	0	0	768	1752	0	0	0	0	2866	4538	1902	10422	142	2806	0	634	0	0	0	0	0	900	0	0	0	0	0	0	0	1684	0	0	0	0	0	0	0	82	0	0	0	92	296	0	224	12666	94	1920	0	138	9912	0	836	274	126	620	0	0	0	540	0	0	98	1834	0	0	0	0	0	0	0	190	0	0	0	0	0	0	0	0	0	0	0	0	0	0	0	0	0	0	
50048	Heschl_L	2068	0	140	82	0	0	0	0	0	0	0	0	0	0	0	0	4538	0	206	0	0	0	0	0	0	0	0	0	6402	0	0	0	0	0	1188	812	1304	852	0	86	0	0	250	0	0	0	0	0	0	0	140	0	0	0	0	0	834	0	0	0	82	0	178	0	0	0	552	0	0	0	430	0	1154	0	0	0	300	836	0	0	1596	0	0	0	572	0	0	0	422	0	0	0	0	0	0	0	0	0	0	0	0	0	0	0	0	0	0	0	0	0	0	0	0	0	0	0	
39076	Heschl_R	646	1768	0	340	0	0	0	0	0	0	0	244	0	0	0	0	0	2038	0	416	0	0	0	0	0	0	0	0	0	2438	0	78	0	78	752	1022	0	1434	0	84	0	0	0	0	0	0	0	0	0	0	0	0	0	86	0	174	0	480	0	0	0	172	0	436	0	0	0	390	520	420	0	312	0	596	0	0	0	274	0	0	0	3586	0	0	0	600	0	0	0	154	0	0	0	0	0	0	0	0	0	0	0	0	0	0	0	0	0	0	0	0	0	0	0	0	0	0	
152128	Temporal_Sup_L	1478	0	916	0	0	0	188	0	0	0	1172	0	1112	0	1256	0	6246	0	860	0	0	0	0	0	0	0	0	0	6974	0	82	0	0	0	336	104	2792	128	436	0	164	0	120	0	0	0	126	0	0	0	470	0	0	0	1232	0	2378	0	0	0	368	0	6520	0	1464	0	220	0	74	0	352	0	914	0	0	0	262	126	1596	0	0	0	4108	0	24120	0	230	0	7140	0	0	0	0	0	0	0	0	0	0	0	0	0	0	0	0	0	0	0	0	0	0	0	0	0	0	0	
138756	Temporal_Sup_R	336	1152	0	190	0	0	0	0	0	0	0	116	0	0	0	1062	0	1958	0	154	0	0	0	0	0	0	0	0	0	6682	0	82	0	196	350	434	0	3394	0	158	0	110	0	106	0	0	0	0	0	436	0	154	0	94	0	1296	0	2698	0	580	0	266	0	9584	0	3158	0	460	0	496	0	242	0	1112	0	0	170	620	0	3586	0	0	0	4672	0	16418	0	1898	0	4958	0	0	0	0	0	0	0	0	0	0	0	0	0	0	0	0	0	0	0	0	0	0	0	0	0	0	
72112	Temporal_Pole_Sup_L	334	0	382	0	0	0	0	0	100	0	1094	0	1754	0	3156	0	1204	0	350	0	94	0	0	0	0	0	0	0	3020	0	0	0	0	0	0	0	2058	0	974	0	1026	0	0	0	0	0	0	0	0	0	0	0	0	0	2102	0	162	0	0	0	0	0	0	0	0	0	0	0	0	0	0	0	530	0	0	0	0	0	0	0	4108	0	0	0	5956	0	5038	0	2614	0	0	0	0	0	0	0	0	0	0	0	0	0	0	0	0	0	0	0	0	0	0	0	0	0	0	0	
106208	Temporal_Pole_Sup_R	0	0	0	0	0	0	0	0	0	0	0	0	0	0	0	2844	0	0	0	0	0	88	0	0	0	0	0	0	0	1400	0	0	0	0	0	0	0	6912	0	2984	0	6490	0	0	0	0	0	0	0	0	0	0	0	0	0	7594	0	0	0	0	0	0	0	0	0	0	0	0	0	0	0	0	0	842	0	0	0	0	0	0	0	4672	0	0	0	4090	0	11556	0	3632	0	0	0	0	0	0	0	0	0	0	0	0	0	0	0	0	0	0	0	0	0	0	0	0	0	0	
319076	Temporal_Mid_L	1446	0	0	0	0	0	0	0	0	0	0	0	0	0	0	0	1634	0	0	0	0	0	0	0	0	0	0	0	3922	0	0	0	632	0	540	0	6006	0	1362	0	1778	0	1988	0	0	0	154	0	0	0	23866	0	5636	0	8178	0	1264	0	0	0	1928	0	10246	0	5168	0	2910	0	2454	0	0	0	510	0	0	0	0	0	572	0	24120	0	5956	0	0	0	6698	0	40436	0	134	0	0	0	0	0	0	0	0	0	0	0	0	0	0	0	0	0	0	0	0	0	0	0	0	0	
181036	Temporal_Mid_R	196	1598	0	230	0	0	0	0	0	0	0	0	0	0	0	236	0	252	0	174	0	0	0	0	0	0	0	0	0	1506	0	0	0	262	238	298	0	2394	0	168	0	438	0	1400	0	248	0	210	0	314	0	6338	0	3054	0	4516	0	1620	0	0	0	72	0	4132	0	4676	0	1316	0	854	0	76	0	276	0	0	0	540	0	600	0	16418	0	4090	0	0	0	5722	0	25940	0	116	0	0	0	0	0	0	0	0	0	0	0	0	0	0	0	0	0	0	0	0	0	0	0	0	
51088	Temporal_Pole_Mid_L	0	0	0	0	0	0	0	0	0	0	0	0	0	0	0	0	0	0	0	0	0	0	0	0	0	0	0	0	306	0	0	0	0	0	0	0	2364	0	1046	0	1428	0	0	0	0	0	0	0	0	0	0	0	0	0	3406	0	0	0	0	0	0	0	0	0	0	0	0	0	0	0	0	0	352	0	0	0	0	0	0	0	230	0	5038	0	6698	0	0	0	4676	0	0	0	0	0	0	0	0	0	0	0	0	0	0	0	0	0	0	0	0	0	0	0	0	0	0	0	
89716	Temporal_Pole_Mid_R	0	0	0	0	0	0	0	0	0	0	0	0	0	0	0	0	0	0	0	0	0	0	0	0	0	0	0	0	0	196	0	0	0	0	0	0	0	4588	0	2484	0	4924	0	0	0	0	0	0	0	0	0	0	0	0	0	7320	0	0	0	0	0	0	0	0	0	0	0	0	0	0	0	0	0	266	0	0	0	0	0	0	0	1898	0	11556	0	5722	0	0	0	5904	0	0	0	0	0	0	0	0	0	0	0	0	0	0	0	0	0	0	0	0	0	0	0	0	0	0	
241852	Temporal_Inf_L	508	0	0	0	0	0	0	0	0	0	0	0	0	0	0	0	806	0	0	0	0	0	0	0	0	0	0	0	2706	0	0	0	128	0	568	96	9632	102	4698	0	2564	0	1360	0	0	0	802	0	0	0	6804	0	3994	0	21114	0	562	0	0	0	154	0	256	0	0	0	1624	0	850	0	0	0	882	0	0	0	430	98	422	0	7140	0	2614	0	40436	0	4676	0	0	0	2646	0	132	0	0	0	322	0	1084	0	234	0	482	0	0	0	0	0	0	0	0	0	0	0	0	0	
246368	Temporal_Inf_R	208	974	0	338	0	0	0	0	0	0	0	0	0	0	0	628	0	0	0	98	0	0	0	0	0	0	0	0	0	888	0	0	0	130	260	530	0	11786	0	6554	0	1776	0	3168	0	494	0	4532	0	814	0	1762	0	6520	0	29074	0	1170	0	0	0	0	0	1702	0	682	0	2648	0	716	0	0	0	486	0	0	0	1834	0	154	0	4958	0	3632	0	25940	0	5904	0	0	0	2368	0	0	0	0	0	130	0	326	0	0	0	0	0	0	0	0	0	0	0	0	0	0	0	0	
533720	Cerebelum_Crus1_L	0	0	0	0	0	0	0	0	0	0	0	0	0	0	0	0	0	0	0	0	0	0	0	0	0	0	0	0	0	0	0	0	0	0	0	0	0	0	146	0	0	0	1178	92	0	0	15700	2072	0	0	150	0	288	276	21976	804	0	0	0	0	0	0	0	0	0	0	92	0	0	0	0	0	0	0	0	0	0	0	0	0	0	0	0	0	134	0	0	0	2646	0	0	8042	37896	6108	1294	0	22342	338	60132	8044	17454	1628	23692	1628	3424	0	768	0	246	384	3320	10590	12500	1338	138	0	
492252	Cerebelum_Crus1_R	0	0	0	0	0	0	0	0	0	0	0	0	0	0	0	0	0	0	0	0	0	0	0	0	0	0	0	0	0	0	0	0	0	0	0	0	0	74	0	258	0	0	134	0	0	0	774	7894	0	0	0	0	0	2052	652	18276	0	0	0	0	0	0	0	0	0	0	0	0	0	0	0	0	0	0	0	0	0	0	0	0	0	0	0	0	0	116	0	0	0	2368	8042	0	1300	30800	584	2990	2914	16478	8354	64074	472	6198	1750	10796	1374	2942	0	948	410	1892	8836	19722	15024	4226	3318	84	
310104	Cerebelum_Crus2_L	0	0	0	0	0	0	0	0	0	0	0	0	0	0	0	0	0	0	0	0	0	0	0	0	0	0	0	0	0	0	0	0	0	0	0	0	0	0	0	0	0	0	0	0	0	0	1388	180	0	0	0	0	0	0	928	112	0	0	0	0	0	0	0	0	0	0	0	0	0	0	0	0	0	0	0	0	0	0	0	0	0	0	0	0	0	0	0	0	132	0	37896	1300	0	6334	632	0	3276	0	12818	1088	33522	4414	29840	2098	5970	0	334	0	0	0	228	1588	8656	2162	156	0	
336504	Cerebelum_Crus2_R	0	0	0	0	0	0	0	0	0	0	0	0	0	0	0	0	0	0	0	0	0	0	0	0	0	0	0	0	0	0	0	0	0	0	0	0	0	0	0	0	0	0	0	0	0	0	380	106	0	0	0	0	0	0	352	1318	0	0	0	0	0	0	0	0	0	0	0	0	0	0	0	0	0	0	0	0	0	0	0	0	0	0	0	0	0	0	0	0	0	0	6108	30800	6334	0	490	822	2006	2134	2954	13496	6422	21794	11162	22304	2614	3206	802	476	190	816	968	2390	18746	6546	2516	0	
45496	Cerebelum_3_L	0	0	0	0	0	0	0	0	0	0	0	0	0	0	0	0	0	0	0	0	0	0	0	0	0	0	0	0	0	0	0	0	0	0	0	0	0	0	0	0	0	0	126	0	0	0	222	0	0	0	0	0	0	0	116	0	0	0	0	0	0	0	0	0	0	0	0	0	0	0	0	0	0	0	0	0	0	0	0	0	0	0	0	0	0	0	0	0	0	0	1294	584	632	490	0	120	6272	0	2098	564	0	118	634	284	2318	152	120	0	694	1954	1630	1032	910	184	200	0	
48968	Cerebelum_3_R	0	0	0	0	0	0	0	0	0	0	0	0	0	0	0	0	0	0	0	0	0	0	0	0	0	0	0	0	0	0	0	0	0	0	0	0	0	0	0	0	0	0	0	0	0	0	0	0	0	0	0	0	0	0	0	204	0	0	0	0	0	0	0	0	0	0	0	0	0	0	0	0	0	0	0	0	0	0	0	0	0	0	0	0	0	0	0	0	0	0	0	2990	0	822	120	0	304	3410	178	5218	0	0	324	1054	242	610	0	0	1344	4192	958	544	898	466	466	140	
294036	Cerebelum_4_5_L	0	0	0	0	0	0	0	0	0	0	0	0	0	0	0	0	0	0	0	0	0	0	0	0	0	0	0	0	0	0	0	0	0	0	114	92	958	0	700	0	0	0	4032	0	0	0	15736	258	0	0	74	0	0	0	8072	92	0	0	0	0	0	0	0	0	0	0	434	0	0	0	0	0	0	0	0	0	0	0	0	0	0	0	0	0	0	0	0	0	322	0	22342	2914	3276	2006	6272	304	0	730	32486	3120	2174	528	5840	604	3690	1024	356	86	1044	2124	12818	6348	2958	400	1062	1628	
159484	Cerebelum_4_5_R	0	0	0	0	0	0	0	0	0	0	0	0	0	0	0	0	0	0	0	0	0	0	0	0	0	0	0	0	0	0	0	0	0	0	218	478	94	1676	0	2310	0	76	100	174	0	0	204	5254	0	0	0	0	0	478	0	6542	0	0	0	0	0	0	0	0	0	0	136	770	0	0	0	0	0	78	0	0	0	190	0	0	0	0	0	0	0	0	0	0	0	130	338	16478	0	2134	0	3410	730	0	620	24218	106	0	124	80	0	140	0	94	190	902	9686	754	574	120	136	0	
470124	Cerebelum_6_L	0	0	0	0	0	0	0	0	0	0	0	0	0	0	0	0	0	0	0	0	0	0	0	0	0	0	0	0	0	0	0	0	0	0	0	0	0	0	158	0	0	0	2372	144	0	80	20636	2898	0	84	658	0	708	252	21702	846	0	0	0	0	0	0	0	0	0	0	0	0	0	0	0	0	0	0	0	0	0	0	0	0	0	0	0	0	0	0	0	0	1084	0	60132	8354	12818	2954	2098	178	32486	620	0	8940	6394	658	11716	940	2658	184	376	0	622	932	7880	13810	7868	472	262	88	
451468	Cerebelum_6_R	0	0	0	0	0	0	0	0	0	0	0	0	0	0	0	0	0	0	0	0	0	0	0	0	0	0	0	0	0	0	0	0	0	0	0	0	0	88	0	418	0	0	254	222	0	110	1122	10460	0	112	0	72	0	1484	748	18108	0	0	0	0	0	0	0	0	0	0	0	0	0	0	0	0	0	0	0	0	0	0	0	0	0	0	0	0	0	0	0	0	0	326	8044	64074	1088	13496	564	5218	3120	24218	8940	0	252	660	596	2490	944	2972	0	1014	538	2322	12112	20738	12096	3484	3230	0	
281872	Cerebelum_7b_L	0	0	0	0	0	0	0	0	0	0	0	0	0	0	0	0	0	0	0	0	0	0	0	0	0	0	0	0	0	0	0	0	0	0	0	0	0	0	0	0	0	0	0	0	0	0	438	0	0	0	0	0	0	0	746	0	0	0	0	0	0	0	0	0	0	0	0	0	0	0	0	0	0	0	0	0	0	0	0	0	0	0	0	0	0	0	0	0	234	0	17454	472	33522	6422	0	0	2174	106	6394	252	0	6430	38296	4422	7476	84	1328	0	0	72	772	226	7368	6044	204	0	
189572	Cerebelum_7b_R	0	0	0	0	0	0	0	0	0	0	0	0	0	0	0	0	0	0	0	0	0	0	0	0	0	0	0	0	0	0	0	0	0	0	0	0	0	0	0	0	0	0	0	0	0	0	0	0	0	0	0	0	0	0	0	0	0	0	0	0	0	0	0	0	0	0	0	0	0	0	0	0	0	0	0	0	0	0	0	0	0	0	0	0	0	0	0	0	0	0	1628	6198	4414	21794	118	0	528	0	658	660	6430	0	9054	22600	1110	3044	218	0	0	0	88	260	7716	6900	1368	0	
404516	Cerebelum_8_L	0	0	0	0	0	0	0	0	0	0	0	0	0	0	0	0	0	0	0	0	0	0	0	0	0	0	0	0	0	0	0	0	0	0	0	0	0	0	0	0	0	0	96	0	0	0	882	0	0	0	0	0	0	0	1618	0	0	0	0	0	0	0	0	0	0	0	0	0	0	0	0	0	0	0	0	0	0	0	0	0	0	0	0	0	0	0	0	0	482	0	23692	1750	29840	11162	634	324	5840	124	11716	596	38296	9054	0	11388	20288	1212	2500	0	96	408	1298	622	12712	12862	2684	82	
261280	Cerebelum_8_R	0	0	0	0	0	0	0	0	0	0	0	0	0	0	0	0	0	0	0	0	0	0	0	0	0	0	0	0	0	0	0	0	0	0	0	0	0	0	0	0	0	0	0	0	0	0	0	0	0	0	0	0	0	0	0	0	0	0	0	0	0	0	0	0	0	0	0	0	0	0	0	0	0	0	0	0	0	0	0	0	0	0	0	0	0	0	0	0	0	0	1628	10796	2098	22304	284	1054	604	80	940	2490	4422	22600	11388	0	2400	17360	304	1292	172	972	194	1024	8560	12668	4780	226	
161592	Cerebelum_9_L	0	0	0	0	0	0	0	0	0	0	0	0	0	0	0	0	0	0	0	0	0	0	0	0	0	0	0	0	0	0	0	0	0	0	0	0	0	0	0	0	0	0	616	0	0	0	546	0	0	0	0	0	0	0	0	0	0	0	0	0	0	0	0	0	0	0	0	0	0	0	0	0	0	0	0	0	0	0	0	0	0	0	0	0	0	0	0	0	0	0	3424	1374	5970	2614	2318	242	3690	0	2658	944	7476	1110	20288	2400	0	3302	3106	512	0	268	1244	3540	3836	4032	4634	652	
135384	Cerebelum_9_R	0	0	0	0	0	0	0	0	0	0	0	0	0	0	0	0	0	0	0	0	0	0	0	0	0	0	0	0	0	0	0	0	0	0	0	0	0	0	0	0	0	0	248	0	0	0	262	0	0	0	0	0	0	0	0	0	0	0	0	0	0	0	0	0	0	0	0	0	0	0	0	0	0	0	0	0	0	0	0	0	0	0	0	0	0	0	0	0	0	0	0	2942	0	3206	152	610	1024	140	184	2972	84	3044	1212	17360	3302	0	0	3190	618	668	1344	4282	3452	6100	9178	2118	
23832	Cerebelum_10_L	0	0	0	0	0	0	0	0	0	0	0	0	0	0	0	0	0	0	0	0	0	0	0	0	0	0	0	0	0	0	0	0	0	0	0	0	0	0	0	0	0	0	0	0	0	0	0	0	0	0	0	0	0	0	0	0	0	0	0	0	0	0	0	0	0	0	0	0	0	0	0	0	0	0	0	0	0	0	0	0	0	0	0	0	0	0	0	0	0	0	768	0	334	802	120	0	356	0	376	0	1328	218	2500	304	3106	0	0	0	0	0	0	0	1112	356	236	0	
27464	Cerebelum_10_R	0	0	0	0	0	0	0	0	0	0	0	0	0	0	0	0	0	0	0	0	0	0	0	0	0	0	0	0	0	0	0	0	0	0	0	0	0	0	0	0	0	0	0	0	0	0	0	0	0	0	0	0	0	0	0	0	0	0	0	0	0	0	0	0	0	0	0	0	0	0	0	0	0	0	0	0	0	0	0	0	0	0	0	0	0	0	0	0	0	0	0	948	0	476	0	0	86	94	0	1014	0	0	0	1292	512	3190	0	0	0	0	136	1348	886	1502	1800	448	
26416	Vermis_1_2	0	0	0	0	0	0	0	0	0	0	0	0	0	0	0	0	0	0	0	0	0	0	0	0	0	0	0	0	0	0	0	0	0	0	0	0	0	0	0	0	0	0	0	0	0	0	114	0	0	0	0	0	0	0	0	0	0	0	0	0	0	0	0	0	0	0	0	0	0	0	0	0	0	0	0	0	0	0	0	0	0	0	0	0	0	0	0	0	0	0	246	410	0	190	694	1344	1044	190	622	538	0	0	96	172	0	618	0	0	0	4338	1626	392	158	78	222	116	
55820	Vermis_3	0	0	0	0	0	0	0	0	0	0	0	0	0	0	0	0	0	0	0	0	0	0	0	0	0	0	0	0	0	0	0	0	0	0	0	0	0	0	94	0	0	0	100	0	0	0	212	0	0	0	0	0	0	0	0	0	0	0	0	0	0	0	0	0	0	0	0	0	0	0	0	0	0	0	0	0	0	0	0	0	0	0	0	0	0	0	0	0	0	0	384	1892	0	816	1954	4192	2124	902	932	2322	72	0	408	972	268	668	0	0	4338	0	2608	816	904	400	390	142	
211036	Vermis_4_5	0	0	0	0	0	0	0	0	0	0	0	0	0	0	0	0	0	0	0	0	0	0	0	0	0	0	0	0	0	0	0	0	0	0	1070	2290	896	836	308	460	0	0	3492	152	0	88	5036	5354	0	0	76	0	0	624	892	2654	0	0	0	0	0	0	0	0	0	0	528	2592	0	0	0	0	0	0	0	0	0	0	0	0	0	0	0	0	0	0	0	0	0	0	3320	8836	228	968	1630	958	12818	9686	7880	12112	772	88	1298	194	1244	1344	0	136	1626	2608	0	5984	1050	224	1258	1908	
268904	Vermis_6	0	0	0	0	0	0	0	0	0	0	0	0	0	0	0	0	0	0	0	0	0	0	0	0	0	0	0	0	0	0	0	0	0	0	0	0	0	0	0	0	0	0	1212	212	0	104	3606	6570	0	116	106	0	106	876	1230	2788	0	0	0	0	0	0	0	0	0	0	0	0	0	0	0	0	0	0	0	0	0	0	0	0	0	0	0	0	0	0	0	0	0	0	10590	19722	1588	2390	1032	544	6348	754	13810	20738	226	260	622	1024	3540	4282	0	1348	392	816	5984	0	11378	3004	4656	2478	
313000	Vermis_7	0	0	0	0	0	0	0	0	0	0	0	0	0	0	0	0	0	0	0	0	0	0	0	0	0	0	0	0	0	0	0	0	0	0	0	0	0	0	0	0	0	0	94	0	0	0	878	1432	0	0	0	0	0	174	716	532	0	0	0	0	0	0	0	0	0	0	0	0	0	0	0	0	0	0	0	0	0	0	0	0	0	0	0	0	0	0	0	0	0	0	12500	15024	8656	18746	910	898	2958	574	7868	12096	7368	7716	12712	8560	3836	3452	1112	886	158	904	1050	11378	0	8670	4416	226	
