data	data	384872	203008	885616	867244	190116	164424	467176	338396	73232	31796	230068	235732	209780	288692	139192	82732	366124	158692	614980	1.06395e+06	73980	90212	448988	555260	52604	178748	25612	45052	697652	460316	333128	620684	243704	606136	162352	207260	211280	361720	77828	145568	39492	47324	185752	286836	180788	343060	257732	283340	162696	413936	312020	418320	122016	72404	348604	288956	281444	155244	78672	128620	203964	207692	97600	143260	135888	219552	201080	427096	105344	114832	477592	491548	412420	341708	55036	36328	127968	208392	127668	26492	206924	142392	111844	58460	354844	321012	41296	23204	310748	267944	446932	325412	392972	300896	30372	36028	251824	180180	457296	421144	267808	142180	350200	325464	110820	127628	41356	54484	23256	39092	187548	243880	268196	136496	102520	14304	
data	data	Precentral_L	Precentral_R	Frontal_Sup_L	Frontal_Sup_R	Frontal_Sup_Orb_L	Frontal_Sup_Orb_R	Frontal_Mid_L	Frontal_Mid_R	Frontal_Mid_Orb_L	Frontal_Mid_Orb_R	Frontal_Inf_Oper_L	Frontal_Inf_Oper_R	Frontal_Inf_Tri_L	Frontal_Inf_Tri_R	Frontal_Inf_Orb_L	Frontal_Inf_Orb_R	Rolandic_Oper_L	Rolandic_Oper_R	Supp_Motor_Area_L	Supp_Motor_Area_R	Olfactory_L	Olfactory_R	Frontal_Sup_Medial_L	Frontal_Sup_Medial_R	Frontal_Med_Orb_L	Frontal_Med_Orb_R	Rectus_L	Rectus_R	Insula_L	Insula_R	Cingulum_Ant_L	Cingulum_Ant_R	Cingulum_Mid_L	Cingulum_Mid_R	Cingulum_Post_L	Cingulum_Post_R	Hippocampus_L	Hippocampus_R	ParaHippocampal_L	ParaHippocampal_R	Amygdala_L	Amygdala_R	Calcarine_L	Calcarine_R	Cuneus_L	Cuneus_R	Lingual_L	Lingual_R	Occipital_Sup_L	Occipital_Sup_R	Occipital_Mid_L	Occipital_Mid_R	Occipital_Inf_L	Occipital_Inf_R	Fusiform_L	Fusiform_R	Postcentral_L	Postcentral_R	Parietal_Sup_L	Parietal_Sup_R	Parietal_Inf_L	Parietal_Inf_R	SupraMarginal_L	SupraMarginal_R	Angular_L	Angular_R	Precuneus_L	Precuneus_R	Paracentral_Lobule_L	Paracentral_Lobule_R	Caudate_L	Caudate_R	Putamen_L	Putamen_R	Pallidum_L	Pallidum_R	Thalamus_L	Thalamus_R	Heschl_L	Heschl_R	Temporal_Sup_L	Temporal_Sup_R	Temporal_Pole_Sup_L	Temporal_Pole_Sup_R	Temporal_Mid_L	Temporal_Mid_R	Temporal_Pole_Mid_L	Temporal_Pole_Mid_R	Temporal_Inf_L	Temporal_Inf_R	Cerebelum_Crus1_L	Cerebelum_Crus1_R	Cerebelum_Crus2_L	Cerebelum_Crus2_R	Cerebelum_3_L	Cerebelum_3_R	Cerebelum_4_5_L	Cerebelum_4_5_R	Cerebelum_6_L	Cerebelum_6_R	Cerebelum_7b_L	Cerebelum_7b_R	Cerebelum_8_L	Cerebelum_8_R	Cerebelum_9_L	Cerebelum_9_R	Cerebelum_10_L	Cerebelum_10_R	Vermis_1_2	Vermis_3	Vermis_4_5	Vermis_6	Vermis_7	Vermis_8	Vermis_9	Vermis_10	
384872	Precentral_L	0	1632	11598	4676	74	88	22032	3762	0	0	10730	704	2308	2346	0	0	11840	190	8100	10948	0	0	816	778	0	210	0	0	8606	998	2654	766	1990	2464	3130	590	240	0	0	0	0	0	234	0	718	0	128	0	250	0	814	0	486	0	548	0	32186	82	128	0	4268	0	4548	114	192	0	344	76	13214	146	8728	1014	1474	460	502	0	3734	246	1616	0	242	0	0	0	994	0	0	0	680	0	0	0	0	0	0	0	0	0	0	0	0	0	0	0	0	0	0	0	0	0	0	0	0	0	0	0	
203008	Precentral_R	1632	0	724	20308	0	0	312	7978	0	0	0	5504	0	318	0	0	190	1022	828	6666	0	0	74	294	0	92	0	0	166	1216	138	114	152	544	0	366	0	5060	0	1670	0	0	0	342	0	1140	0	0	0	1580	0	1900	0	0	0	1406	504	14934	0	120	0	2124	0	4432	0	784	0	1946	180	1466	2690	1462	660	242	0	0	156	942	0	142	0	1036	0	0	0	2436	0	0	0	3512	0	0	0	0	0	0	0	0	0	0	0	0	0	0	0	0	0	0	0	0	0	0	0	0	0	0	
885616	Frontal_Sup_L	11598	724	0	12508	13408	1094	61580	2852	1778	0	3984	1790	10752	1106	5178	82	9574	394	67124	24908	0	0	40588	12594	1032	2086	0	0	28376	2484	14824	11622	6994	13776	1120	1202	2912	546	0	0	0	0	0	0	0	0	0	0	0	0	0	0	0	0	0	0	5502	0	0	0	582	0	410	0	0	0	0	0	1022	0	13412	4586	27698	1496	5478	140	5986	1838	2066	0	550	0	850	0	358	0	0	0	244	0	0	0	0	0	0	0	0	0	0	0	0	0	0	0	0	0	0	0	0	0	0	0	0	0	0	0	
867244	Frontal_Sup_R	4676	20308	12508	0	536	4654	3488	39680	0	504	1778	10146	162	14912	0	3260	3148	5452	9100	61784	0	0	13724	45082	150	3948	0	0	4076	22408	3180	35450	2570	27286	470	848	358	8420	0	2290	0	0	0	306	0	1660	0	0	0	2038	0	2384	0	0	0	1346	522	3564	0	80	0	1474	0	3020	0	460	0	2282	202	132	8074	11774	1700	11818	0	528	294	3184	0	320	0	1692	0	140	0	3916	0	0	0	4356	0	0	0	0	0	0	0	0	0	0	0	0	0	0	0	0	0	0	0	0	0	0	0	0	0	0	
190116	Frontal_Sup_Orb_L	74	0	13408	536	0	188	3782	82	11394	0	924	0	3204	0	11090	0	458	0	2750	480	1300	406	5334	460	3018	192	4086	194	12426	0	4790	828	274	282	0	0	0	0	0	0	0	0	0	0	0	0	0	0	0	0	0	0	0	0	0	0	0	0	0	0	0	0	0	0	0	0	0	0	0	0	1588	306	8758	132	0	0	0	0	0	0	168	0	2146	0	0	0	0	0	0	0	0	0	0	0	0	0	0	0	0	0	0	0	0	0	0	0	0	0	0	0	0	0	0	0	0	0	
164424	Frontal_Sup_Orb_R	88	0	1094	4654	188	0	380	1930	0	5354	0	264	0	658	0	5208	460	0	996	2608	840	2082	884	5628	120	10364	168	5094	558	2228	422	6202	214	516	0	0	0	0	0	0	0	0	0	0	0	0	0	0	0	0	0	0	0	0	0	0	0	0	0	0	0	0	0	0	0	0	0	0	0	0	2092	10098	802	9686	0	228	0	104	0	0	0	0	0	0	0	0	0	0	0	0	0	0	0	0	0	0	0	0	0	0	0	0	0	0	0	0	0	0	0	0	0	0	0	0	0	0	
467176	Frontal_Mid_L	22032	312	61580	3488	3782	380	0	5198	1586	0	9088	774	26058	2024	4860	0	9992	152	4530	3596	0	0	12356	2240	238	662	0	0	20330	840	9442	3604	2002	2752	0	0	208	0	0	0	0	0	0	0	0	0	0	0	0	0	0	0	0	0	0	0	4966	0	0	0	86	0	104	0	0	0	0	0	0	0	7332	1250	2584	532	0	0	0	0	1512	0	410	0	372	0	182	0	0	0	152	0	0	0	0	0	0	0	0	0	0	0	0	0	0	0	0	0	0	0	0	0	0	0	0	0	0	0	
338396	Frontal_Mid_R	3762	7978	2852	39680	82	1930	5198	0	0	2054	5686	10406	282	26706	0	3302	5426	1172	1294	6324	0	0	682	5732	0	84	0	0	6844	8420	338	2294	184	2604	0	0	0	492	0	68	0	0	0	0	0	174	0	0	0	200	0	232	0	0	0	0	706	448	0	0	0	212	0	274	0	74	0	218	0	0	9540	1044	1294	1822	0	0	0	0	132	120	144	88	0	0	0	308	0	0	0	292	0	0	0	0	0	0	0	0	0	0	0	0	0	0	0	0	0	0	0	0	0	0	0	0	0	0	
73232	Frontal_Mid_Orb_L	0	0	1778	0	11394	0	1586	0	0	0	0	0	1748	0	11684	0	0	0	0	0	80	0	0	0	0	0	1714	0	3222	0	0	0	0	0	0	0	0	0	0	0	0	0	0	0	0	0	0	0	0	0	0	0	0	0	0	0	0	0	0	0	0	0	0	0	0	0	0	0	0	0	110	0	1592	0	0	0	0	0	0	0	0	0	1708	0	0	0	0	0	0	0	0	0	0	0	0	0	0	0	0	0	0	0	0	0	0	0	0	0	0	0	0	0	0	0	0	0	
31796	Frontal_Mid_Orb_R	0	0	0	504	0	5354	0	2054	0	0	0	0	0	924	0	5434	0	0	0	0	0	146	0	0	0	190	0	116	0	738	0	0	0	0	0	0	0	0	0	0	0	0	0	0	0	0	0	0	0	0	0	0	0	0	0	0	0	0	0	0	0	0	0	0	0	0	0	0	0	0	0	72	0	366	0	0	0	0	0	0	0	0	0	0	0	0	0	0	0	0	0	0	0	0	0	0	0	0	0	0	0	0	0	0	0	0	0	0	0	0	0	0	0	0	0	0	
230068	Frontal_Inf_Oper_L	10730	0	3984	1778	924	0	9088	5686	0	0	0	2202	12166	7202	272	0	10266	0	1300	1060	0	0	1648	772	1306	0	0	0	19880	1394	5968	876	652	874	0	0	0	0	0	0	0	0	0	0	0	0	0	0	0	0	0	0	0	0	0	0	2786	0	0	0	0	0	138	0	0	0	0	0	0	0	7054	1042	1306	74	0	0	0	0	160	0	1126	0	1238	0	82	0	0	0	0	0	0	0	0	0	0	0	0	0	0	0	0	0	0	0	0	0	0	0	0	0	0	0	0	0	0	0	
235732	Frontal_Inf_Oper_R	704	5504	1790	10146	0	264	774	10406	0	0	2202	0	0	11352	0	224	3244	3786	1350	9266	0	0	526	6658	0	224	0	0	4064	18026	186	2440	124	3172	0	0	0	0	0	0	0	0	0	0	0	0	0	0	0	0	0	0	0	0	0	0	130	1040	0	0	0	144	0	230	0	0	0	0	0	0	7598	8088	650	2154	0	0	134	74	92	68	0	144	0	888	0	0	0	0	0	0	0	0	0	0	0	0	0	0	0	0	0	0	0	0	0	0	0	0	0	0	0	0	0	0	0	0	
209780	Frontal_Inf_Tri_L	2308	0	10752	162	3204	0	26058	282	1748	0	12166	0	0	262	9334	0	296	0	592	72	0	0	2660	106	976	0	0	0	22782	0	5742	822	1100	538	0	0	0	0	0	0	0	0	0	0	0	0	0	0	0	0	0	0	0	0	0	0	202	0	0	0	0	0	0	0	0	0	0	0	0	0	968	0	844	0	0	0	0	0	0	0	0	0	914	0	0	0	0	0	0	0	0	0	0	0	0	0	0	0	0	0	0	0	0	0	0	0	0	0	0	0	0	0	0	0	0	0	
288692	Frontal_Inf_Tri_R	2346	318	1106	14912	0	658	2024	26706	0	924	7202	11352	262	0	0	5866	6334	210	1022	2932	0	0	624	5500	0	102	0	0	7970	20254	352	4346	88	3218	0	0	0	106	0	0	0	0	0	0	0	0	0	0	0	0	0	0	0	0	0	0	714	68	0	0	0	70	0	0	0	0	0	0	0	0	8188	4426	1306	2464	0	0	0	0	88	0	188	0	0	0	0	100	0	0	0	0	0	0	0	0	0	0	0	0	0	0	0	0	0	0	0	0	0	0	0	0	0	0	0	0	0	0	
139192	Frontal_Inf_Orb_L	0	0	5178	0	11090	0	4860	0	11684	0	272	0	9334	0	0	0	0	0	0	0	716	130	576	0	102	0	294	0	14380	0	812	408	242	134	0	0	0	0	86	0	0	0	0	0	0	0	0	0	0	0	0	0	0	0	74	0	0	0	0	0	0	0	0	0	0	0	0	0	0	0	312	80	3854	76	0	0	0	0	0	0	98	0	4714	0	0	0	0	0	90	0	0	0	0	0	0	0	0	0	0	0	0	0	0	0	0	0	0	0	0	0	0	0	0	0	0	0	
82732	Frontal_Inf_Orb_R	0	0	82	3260	0	5208	0	3302	0	5434	0	224	0	5866	0	0	0	0	0	432	0	1708	222	1038	0	0	0	274	0	9768	0	988	0	948	0	0	0	0	0	0	0	0	0	0	0	0	0	0	0	0	0	0	0	0	0	0	0	0	0	0	0	0	0	0	0	0	0	0	0	0	0	354	0	1776	0	0	0	0	0	0	0	156	0	202	0	124	0	0	0	0	0	0	0	0	0	0	0	0	0	0	0	0	0	0	0	0	0	0	0	0	0	0	0	0	0	0	
366124	Rolandic_Oper_L	11840	190	9574	3148	458	460	9992	5426	0	0	10266	3244	296	6334	0	0	0	82	4644	2462	0	0	750	1308	334	596	0	0	44514	1060	1470	1124	264	990	0	0	100	0	0	0	0	0	90	0	0	0	136	0	0	0	1410	0	738	0	414	0	13742	0	0	0	638	0	3152	0	360	0	72	0	198	0	10626	1938	3298	274	76	0	0	192	8896	0	8802	0	934	0	4130	0	0	0	2020	0	0	0	0	0	0	0	0	0	0	0	0	0	0	0	0	0	0	0	0	0	0	0	0	0	0	0	
158692	Rolandic_Oper_R	190	1022	394	5452	0	0	152	1172	0	0	0	3786	0	210	0	0	82	0	450	10962	0	0	0	188	0	0	0	0	102	16514	0	0	0	314	0	444	0	816	0	120	0	0	0	126	0	1070	0	72	0	1196	0	1428	0	0	0	0	0	2544	0	74	0	1492	0	5002	0	2402	0	1406	152	376	1412	2642	142	1438	0	110	94	116	0	3236	0	6398	0	1278	0	1628	0	0	0	1142	0	0	0	0	0	0	0	0	0	0	0	0	0	0	0	0	0	0	0	0	0	0	0	0	0	0	
614980	Supp_Motor_Area_L	8100	828	67124	9100	2750	996	4530	1294	0	0	1300	1350	592	1022	0	0	4644	450	0	43464	0	0	8716	5512	240	1534	0	0	10334	2252	3608	7888	16236	20596	1316	1592	2268	426	0	0	0	0	0	82	0	132	0	0	0	162	0	288	0	0	0	0	4622	90	0	0	574	0	522	284	0	78	0	348	4718	574	11496	4232	23500	1380	8804	192	10932	1294	1716	70	362	94	0	0	250	316	0	0	180	136	0	0	0	0	0	0	0	0	0	0	0	0	0	0	0	0	0	0	0	0	0	0	0	0	0	0	
1.06395e+06	Supp_Motor_Area_R	10948	6666	24908	61784	480	2608	3596	6324	0	0	1060	9266	72	2932	0	432	2462	10962	43464	0	128	504	8022	22808	102	3316	0	190	3836	18090	1996	19832	14584	52860	6408	9782	4858	9944	124	1250	0	0	0	642	0	3110	0	340	0	4272	0	4124	0	0	70	332	2022	4794	0	450	550	1890	994	3398	0	1724	296	7682	3338	14260	10988	32008	3918	17018	658	3436	4104	25852	686	812	0	2762	0	516	342	4966	0	0	264	2758	0	0	0	0	0	0	0	0	0	0	0	0	0	0	0	0	0	0	0	0	0	0	0	0	0	0	
73980	Olfactory_L	0	0	0	0	1300	840	0	0	80	0	0	0	0	0	716	0	0	0	0	128	0	5406	0	0	216	0	1080	1308	1562	0	2586	2464	0	0	0	0	312	0	224	0	452	0	0	0	0	0	0	0	0	0	0	0	0	0	0	0	0	0	0	0	0	0	0	0	0	0	0	0	0	0	6508	4170	4850	1896	0	462	0	104	0	0	0	0	326	0	0	0	0	0	0	0	0	0	0	0	0	0	0	0	0	0	0	0	0	0	0	0	0	0	0	0	0	0	0	0	0	0	
90212	Olfactory_R	0	0	0	0	406	2082	0	0	0	146	0	0	0	0	130	1708	0	0	0	504	5406	0	0	0	0	1056	396	1700	0	3320	2008	3200	0	0	0	0	0	244	0	90	0	142	0	0	0	0	0	0	0	0	0	0	0	0	0	112	0	0	0	0	0	0	0	0	0	0	0	0	0	0	6738	6434	3740	3730	0	1464	0	154	0	0	0	0	0	106	0	0	0	0	0	90	0	0	0	0	0	0	0	0	0	0	0	0	0	0	0	0	0	0	0	0	0	0	0	0	0	0	
448988	Frontal_Sup_Medial_L	816	74	40588	13724	5334	884	12356	682	0	0	1648	526	2660	624	576	222	750	0	8716	8022	0	0	0	29260	2248	2906	0	96	3864	1140	24476	27504	9926	17942	0	0	0	0	0	0	0	0	0	0	0	0	0	0	0	0	0	0	0	0	0	0	118	0	0	0	0	0	0	0	0	0	0	0	0	0	1846	982	2748	922	0	0	0	0	0	0	110	0	204	0	0	0	0	0	0	0	0	0	0	0	0	0	0	0	0	0	0	0	0	0	0	0	0	0	0	0	0	0	0	0	0	0	
555260	Frontal_Sup_Medial_R	778	294	12594	45082	460	5628	2240	5732	0	0	772	6658	106	5500	0	1038	1308	188	5512	22808	0	0	29260	0	354	14968	0	672	1728	10996	5326	46220	2480	24694	0	0	0	100	0	0	0	0	0	0	0	0	0	0	0	0	0	72	0	0	0	0	142	68	0	0	0	0	82	0	0	0	0	0	0	0	3804	13442	478	5270	0	0	324	370	0	0	0	0	0	0	0	82	0	0	0	0	0	0	0	0	0	0	0	0	0	0	0	0	0	0	0	0	0	0	0	0	0	0	0	0	0	0	
52604	Frontal_Med_Orb_L	0	0	1032	150	3018	120	238	0	0	0	1306	0	976	0	102	0	334	0	240	102	216	0	2248	354	0	966	1066	114	2030	0	6954	262	0	0	0	0	0	0	0	0	0	0	0	0	0	0	0	0	0	0	0	0	0	0	0	0	0	0	0	0	0	0	0	0	0	0	0	0	0	0	1366	118	2346	112	0	0	0	0	0	0	170	0	362	0	0	0	0	0	0	0	0	0	0	0	0	0	0	0	0	0	0	0	0	0	0	0	0	0	0	0	0	0	0	0	0	0	
178748	Frontal_Med_Orb_R	210	92	2086	3948	192	10364	662	84	0	190	0	224	0	102	0	0	596	0	1534	3316	0	1056	2906	14968	966	0	0	3932	812	332	1914	14940	180	738	0	0	0	0	0	0	0	0	0	0	0	0	0	0	0	0	0	0	0	0	0	0	82	0	0	0	0	0	76	0	0	0	0	0	0	0	3000	13054	328	5664	0	134	320	372	0	0	0	0	0	0	0	0	0	0	0	0	0	0	0	0	0	0	0	0	0	0	0	0	0	0	0	0	0	0	0	0	0	0	0	0	0	0	
25612	Rectus_L	0	0	0	0	4086	168	0	0	1714	0	0	0	0	0	294	0	0	0	0	0	1080	396	0	0	1066	0	0	234	84	0	1150	360	0	0	0	0	0	0	0	0	0	0	0	0	0	0	0	0	0	0	0	0	0	0	0	0	0	0	0	0	0	0	0	0	0	0	0	0	0	0	1460	0	714	0	0	0	0	0	0	0	0	0	0	0	0	0	0	0	0	0	0	0	0	0	0	0	0	0	0	0	0	0	0	0	0	0	0	0	0	0	0	0	0	0	0	0	
45052	Rectus_R	0	0	0	0	194	5094	0	0	0	116	0	0	0	0	0	274	0	0	0	190	1308	1700	96	672	114	3932	234	0	0	330	656	2330	0	0	0	0	0	0	0	0	0	0	0	0	0	0	0	0	0	0	0	0	0	0	0	0	0	0	0	0	0	0	0	0	0	0	0	0	0	0	1468	1612	1042	1164	0	0	0	0	0	0	0	0	0	0	0	0	0	0	0	0	0	0	0	0	0	0	0	0	0	0	0	0	0	0	0	0	0	0	0	0	0	0	0	0	0	0	
697652	Insula_L	8606	166	28376	4076	12426	558	20330	6844	3222	0	19880	4064	22782	7970	14380	0	44514	102	10334	3836	1562	0	3864	1728	2030	812	84	0	0	1578	5858	2412	1724	2020	486	450	5260	194	530	0	1170	0	78	0	0	0	152	0	0	0	1198	0	584	0	4248	0	8672	0	0	0	390	0	754	0	106	0	76	0	186	0	14064	2792	24836	326	0	0	1314	886	12756	0	12440	0	3872	0	7050	0	0	0	7818	0	0	0	0	0	0	0	0	0	0	0	0	0	0	0	0	0	0	0	0	0	0	0	0	0	0	0	
460316	Insula_R	998	1216	2484	22408	0	2228	840	8420	0	738	1394	18026	0	20254	0	9768	1060	16514	2252	18090	0	3320	1140	10996	0	332	0	330	1578	0	304	6428	156	5690	118	500	124	3466	0	334	0	268	0	150	0	1410	0	88	0	1604	0	1934	0	0	0	350	150	624	0	104	0	634	88	512	0	996	0	1914	176	472	5256	12354	1304	18724	0	172	166	374	0	2418	0	6290	0	3066	0	4190	0	0	0	2864	0	0	0	0	0	0	0	0	0	0	0	0	0	0	0	0	0	0	0	0	0	0	0	0	0	0	
333128	Cingulum_Ant_L	2654	138	14824	3180	4790	422	9442	338	0	0	5968	186	5742	352	812	0	1470	0	3608	1996	2586	2008	24476	5326	6954	1914	1150	656	5858	304	0	18760	10862	7692	0	0	0	0	0	0	0	0	0	0	0	0	0	0	0	0	0	0	0	0	0	0	388	0	0	0	0	0	0	0	0	0	0	0	0	0	7712	2766	8156	2280	0	0	0	0	0	0	280	0	514	0	0	0	0	0	0	0	0	0	0	0	0	0	0	0	0	0	0	0	0	0	0	0	0	0	0	0	0	0	0	0	0	0	
620684	Cingulum_Ant_R	766	114	11622	35450	828	6202	3604	2294	0	0	876	2440	822	4346	408	988	1124	0	7888	19832	2464	3200	27504	46220	262	14940	360	2330	2412	6428	18760	0	9554	34462	0	0	0	0	0	0	0	0	0	0	0	0	0	0	0	0	0	0	0	0	0	0	212	0	0	0	108	0	146	0	0	0	0	0	0	0	7674	20378	2932	9454	0	154	340	374	0	0	0	0	70	0	0	0	0	0	0	0	0	0	0	0	0	0	0	0	0	0	0	0	0	0	0	0	0	0	0	0	0	0	0	0	0	0	
243704	Cingulum_Mid_L	1990	152	6994	2570	274	214	2002	184	0	0	652	124	1100	88	242	0	264	0	16236	14584	0	0	9926	2480	0	180	0	0	1724	156	10862	9554	0	24880	1704	760	0	0	0	0	0	0	0	0	0	0	0	78	0	0	0	0	0	0	0	0	320	116	622	0	86	0	0	0	0	0	1538	1380	3708	1472	998	382	774	236	0	0	176	0	0	0	0	0	70	0	0	0	0	0	0	0	0	0	0	0	0	0	0	0	0	0	0	0	0	0	0	0	0	0	0	0	0	0	0	0	0	0	
606136	Cingulum_Mid_R	2464	544	13776	27286	282	516	2752	2604	0	0	874	3172	538	3218	134	948	990	314	20596	52860	0	0	17942	24694	0	738	0	0	2020	5690	7692	34462	24880	0	2110	6118	0	372	0	224	0	0	0	742	0	1770	0	706	0	2362	134	1978	0	0	0	0	180	1002	0	282	0	414	0	422	0	502	1140	10484	1228	10852	2396	2336	882	1070	0	0	0	0	0	0	0	148	0	0	0	808	0	0	0	420	0	0	0	0	0	0	0	0	0	0	0	0	0	0	0	0	0	0	0	0	0	0	0	0	0	0	
162352	Cingulum_Post_L	3130	0	1120	470	0	0	0	0	0	0	0	0	0	0	0	0	0	0	1316	6408	0	0	0	0	0	0	0	0	486	118	0	0	1704	2110	0	12850	7852	5110	928	1758	0	0	2680	78	1664	0	1364	600	504	0	1050	72	440	0	332	0	346	0	94	0	162	0	0	172	162	0	8290	1758	2852	346	0	1038	146	548	0	0	1114	6630	466	0	0	74	0	0	1480	212	0	0	716	188	0	0	0	0	0	0	0	84	0	0	0	0	0	0	0	0	0	0	0	0	154	0	0	0	0	0	
207260	Cingulum_Post_R	590	366	1202	848	0	0	0	0	0	0	0	0	0	0	0	0	0	444	1592	9782	0	0	0	0	0	0	0	0	450	500	0	0	760	6118	12850	0	7088	7908	468	3618	0	0	370	2524	112	1458	630	4520	0	1830	0	2448	0	0	0	98	0	206	0	204	0	274	0	258	0	364	2290	13612	696	2456	70	1118	232	550	0	0	1224	6914	410	94	0	212	0	0	188	1778	0	0	174	928	0	0	0	0	0	0	0	200	0	0	0	0	0	0	0	0	0	0	0	0	604	0	0	0	0	0	
211280	Hippocampus_L	240	0	2912	358	0	0	208	0	0	0	0	0	0	0	0	0	100	0	2268	4858	312	0	0	0	0	0	0	0	5260	124	0	0	0	0	7852	7088	0	4664	7858	1444	5774	0	1362	0	0	0	3120	686	0	0	116	0	130	0	9872	0	0	0	0	0	0	0	0	0	0	0	2614	722	0	0	388	1148	6024	502	206	0	4854	6974	1174	0	1866	0	1172	0	2126	166	288	0	8208	156	0	0	0	0	0	0	218	0	0	0	0	0	0	0	0	0	0	0	0	106	122	0	0	0	0	0	
361720	Hippocampus_R	0	5060	546	8420	0	0	0	492	0	0	0	0	0	106	0	0	0	816	426	9944	0	244	0	100	0	0	0	0	194	3466	0	0	0	372	5110	7908	4664	0	296	16900	0	7562	248	1710	0	4292	470	6078	0	5348	0	6440	0	106	0	12270	0	120	0	284	0	442	0	204	0	388	762	9750	206	194	94	1092	114	11602	0	580	430	7428	216	164	0	1144	0	1232	100	10974	0	120	96	21944	0	0	0	0	0	0	0	1168	0	0	0	0	0	0	0	0	0	0	0	0	424	0	0	0	0	0	
77828	ParaHippocampal_L	0	0	0	0	0	0	0	0	0	0	0	0	0	0	86	0	0	0	0	124	224	0	0	0	0	0	0	0	530	0	0	0	0	0	928	468	7858	296	0	248	1900	0	822	0	0	0	5024	212	0	0	994	0	990	0	7632	0	0	0	0	0	0	0	0	0	0	0	1092	218	0	0	0	0	828	0	0	0	884	410	92	0	154	0	1326	0	632	0	762	0	2348	0	92	0	0	0	200	0	1446	0	0	0	0	0	0	0	0	0	0	0	0	94	0	0	0	0	0	0	
145568	ParaHippocampal_R	0	1670	0	2290	0	0	0	68	0	0	0	0	0	0	0	0	0	120	0	1250	0	90	0	0	0	0	0	0	0	334	0	0	0	224	1758	3618	1444	16900	248	0	0	3348	256	1262	0	1410	440	7200	0	1726	0	1526	0	0	0	8848	0	0	0	0	0	68	0	0	0	68	644	4182	78	80	0	102	0	678	0	116	0	1118	0	0	0	0	0	1358	0	1228	0	480	0	3370	0	0	0	0	0	214	0	2458	0	0	0	0	0	0	0	0	0	0	0	0	512	0	0	0	0	0	
39492	Amygdala_L	0	0	0	0	0	0	0	0	0	0	0	0	0	0	0	0	0	0	0	0	452	0	0	0	0	0	0	0	1170	0	0	0	0	0	0	0	5774	0	1900	0	0	0	0	0	0	0	0	0	0	0	0	0	0	0	4632	0	0	0	0	0	0	0	0	0	0	0	0	0	0	0	0	0	3006	0	0	0	0	0	0	0	228	0	1062	0	134	0	334	0	1054	0	0	0	0	0	0	0	0	0	0	0	0	0	0	0	0	0	0	0	0	0	0	0	0	0	0	0	
47324	Amygdala_R	0	0	0	0	0	0	0	0	0	0	0	0	0	0	0	0	0	0	0	0	0	142	0	0	0	0	0	0	0	268	0	0	0	0	0	0	0	7562	0	3348	0	0	0	0	0	0	0	0	0	0	0	0	0	0	0	6260	0	0	0	0	0	0	0	0	0	0	0	0	0	0	0	0	0	1512	0	102	0	0	0	0	0	118	0	1748	0	282	0	232	0	2088	0	0	0	0	0	0	0	0	0	0	0	0	0	0	0	0	0	0	0	0	0	0	0	0	0	0	
185752	Calcarine_L	234	0	0	0	0	0	0	0	0	0	0	0	0	0	0	0	90	0	0	0	0	0	0	0	0	0	0	0	78	0	0	0	0	0	2680	370	1362	248	822	256	0	0	0	5694	10634	4094	12922	1438	11128	1410	18846	150	3318	214	1776	90	554	0	90	0	558	0	0	0	402	0	8122	512	818	0	0	0	0	0	0	0	70	88	76	0	0	0	0	0	2252	0	0	0	1352	0	0	0	0	0	0	0	128	0	0	0	0	0	0	0	0	0	0	0	0	0	0	0	0	0	0	0	
286836	Calcarine_R	0	342	0	306	0	0	0	0	0	0	0	0	0	0	0	0	0	126	82	642	0	0	0	0	0	0	0	0	0	150	0	0	0	742	78	2524	0	1710	0	1262	0	0	5694	0	5686	27678	354	20176	132	23064	84	16054	0	4026	0	6530	0	108	0	476	0	412	0	0	0	644	924	16800	92	454	0	0	0	0	0	0	0	0	0	0	0	230	0	0	0	2714	0	0	0	2806	0	0	0	0	0	0	0	130	0	0	0	0	0	0	0	0	0	0	0	0	186	0	0	0	0	0	
180788	Cuneus_L	718	0	0	0	0	0	0	0	0	0	0	0	0	0	0	0	0	0	0	0	0	0	0	0	0	0	0	0	0	0	0	0	0	0	1664	112	0	0	0	0	0	0	10634	5686	0	7060	1316	870	20462	1838	12028	446	776	68	532	128	1966	0	896	0	2230	0	188	0	1728	0	12014	1608	1512	0	0	0	0	0	0	0	0	0	0	0	0	0	0	0	2206	0	0	0	1708	0	0	0	0	0	0	0	0	0	0	0	0	0	0	0	0	0	0	0	0	0	0	0	0	0	0	0	
343060	Cuneus_R	0	1140	0	1660	0	0	0	174	0	0	0	0	0	0	0	0	0	1070	132	3110	0	0	0	0	0	0	0	0	0	1410	0	0	0	1770	0	1458	0	4292	0	1410	0	0	4094	27678	7060	0	0	3836	192	44130	124	18656	0	874	0	1452	0	514	0	1800	0	888	0	334	0	1086	2598	25204	134	2052	0	260	0	112	0	0	0	284	0	88	0	288	0	0	0	7142	0	0	0	3024	0	0	0	0	0	0	0	0	0	0	0	0	0	0	0	0	0	0	0	0	0	0	0	0	0	0	
257732	Lingual_L	128	0	0	0	0	0	0	0	0	0	0	0	0	0	0	0	136	0	0	0	0	0	0	0	0	0	0	0	152	0	0	0	0	0	1364	630	3120	470	5024	440	0	0	12922	354	1316	0	0	3638	2402	0	16036	0	5638	458	16522	1790	158	0	0	0	302	0	80	0	196	0	3396	302	144	0	0	0	0	0	0	0	264	292	196	0	0	0	0	0	932	0	0	0	1118	0	4162	1300	634	90	322	172	9748	3066	10692	5176	218	0	262	0	806	370	320	124	222	334	4832	4524	956	144	238	234	
283340	Lingual_R	0	0	0	0	0	0	0	0	0	0	0	0	0	0	0	0	0	72	0	340	0	0	0	0	0	0	0	0	0	88	0	0	78	706	600	4520	686	6078	212	7200	0	0	1438	20176	870	3836	3638	0	0	4898	0	4698	88	4306	1848	17320	0	0	0	0	0	78	0	0	0	84	536	8162	0	266	0	0	0	0	0	0	0	186	0	0	0	0	0	0	0	1342	0	0	0	986	2988	3038	942	632	0	274	1282	5602	5500	9500	412	422	826	776	108	114	0	94	0	164	4092	7522	1972	74	0	0	
162696	Occipital_Sup_L	250	0	0	0	0	0	0	0	0	0	0	0	0	0	0	0	0	0	0	0	0	0	0	0	0	0	0	0	0	0	0	0	0	0	504	0	0	0	0	0	0	0	11128	132	20462	192	2402	0	0	0	24906	0	1544	0	750	0	934	0	3494	0	1678	0	0	0	1222	0	9188	392	536	0	0	0	0	0	0	0	0	0	0	0	0	0	0	0	924	0	0	0	710	0	0	0	0	0	0	0	0	0	0	0	0	0	0	0	0	0	0	0	0	0	0	0	0	0	0	0	
413936	Occipital_Sup_R	0	1580	0	2038	0	0	0	200	0	0	0	0	0	0	0	0	0	1196	162	4272	0	0	0	0	0	0	0	0	0	1604	0	0	0	2362	0	1830	0	5348	0	1726	0	0	1410	23064	1838	44130	0	4898	0	0	0	35660	0	1744	0	2408	0	962	0	7766	0	4194	0	438	0	7318	2032	29070	170	3126	0	326	0	160	0	0	0	334	0	124	0	386	0	0	0	8898	0	0	0	4194	0	0	0	0	0	0	0	0	0	0	0	0	0	0	0	0	0	0	0	0	0	0	0	0	0	0	
312020	Occipital_Mid_L	814	0	0	0	0	0	0	0	0	0	0	0	0	0	0	0	1410	0	0	0	0	0	0	0	0	0	0	0	1198	0	0	0	0	134	1050	0	116	0	994	0	0	0	18846	84	12028	124	16036	0	24906	0	0	0	11268	0	7748	0	1680	0	7256	0	10780	0	496	0	10172	0	7942	304	1078	0	0	0	0	0	0	0	0	0	1780	0	706	0	0	0	11298	0	0	0	5604	0	0	0	0	0	0	0	0	0	158	0	0	0	0	0	0	0	0	0	0	0	0	0	0	0	0	0	
418320	Occipital_Mid_R	0	1900	0	2384	0	0	0	232	0	0	0	0	0	0	0	0	0	1428	288	4124	0	0	0	72	0	0	0	0	0	1934	0	0	0	1978	72	2448	0	6440	0	1526	0	0	150	16054	446	18656	0	4698	0	35660	0	0	0	5842	0	2742	0	952	0	10962	0	12652	0	1652	0	19108	300	22436	388	2376	0	370	0	224	0	0	0	364	0	180	0	2920	0	0	0	18164	0	0	0	7038	0	0	0	0	0	0	0	0	0	0	0	0	0	0	0	0	0	0	0	0	0	0	0	0	0	0	
122016	Occipital_Inf_L	486	0	0	0	0	0	0	0	0	0	0	0	0	0	0	0	738	0	0	0	0	0	0	0	0	0	0	0	584	0	0	0	0	0	440	0	130	0	990	0	0	0	3318	0	776	0	5638	88	1544	0	11268	0	0	0	10724	0	604	0	0	0	1098	0	300	0	228	0	1448	0	184	0	0	0	0	0	0	0	0	0	584	0	292	0	0	0	8890	0	0	0	9162	0	454	0	0	0	0	0	128	0	686	82	0	0	0	0	0	0	0	0	0	0	0	144	0	0	0	0	
72404	Occipital_Inf_R	0	0	0	0	0	0	0	0	0	0	0	0	0	0	0	0	0	0	0	0	0	0	0	0	0	0	0	0	0	0	0	0	0	0	0	0	0	106	0	0	0	0	214	4026	68	874	458	4306	0	1744	0	5842	0	0	434	8430	0	0	0	0	0	0	0	0	0	0	0	544	0	0	0	0	0	0	0	0	0	0	0	0	0	0	0	0	0	1372	0	0	0	4338	364	92	0	0	0	0	0	0	704	1022	0	0	0	0	0	0	0	0	0	0	0	922	342	0	0	0	
348604	Fusiform_L	548	0	0	0	0	0	0	0	0	0	0	0	0	0	74	0	414	0	0	70	0	0	0	0	0	0	0	0	4248	0	0	0	0	0	332	0	9872	0	7632	0	4632	0	1776	0	532	0	16522	1848	750	0	7748	0	10724	434	0	1326	170	0	0	0	184	0	460	0	70	0	1362	0	126	0	0	0	4108	0	0	0	372	90	426	0	1368	0	3892	0	5818	0	1934	0	18980	0	18174	648	1656	78	90	0	10262	354	24244	3296	0	0	460	210	86	0	0	0	0	0	860	4110	932	0	0	0	
288956	Fusiform_R	0	1406	0	1346	0	0	0	0	0	0	0	0	0	0	0	0	0	0	0	332	0	112	0	0	0	0	0	0	0	350	0	0	0	0	0	98	0	12270	0	8848	0	6260	90	6530	128	1452	1790	17320	0	2408	0	2742	0	8430	1326	0	0	0	0	0	0	68	0	0	0	0	0	776	0	0	0	106	0	2672	0	230	0	184	0	0	0	300	0	2576	0	1540	0	1666	0	13008	2728	7672	776	230	0	170	842	5234	3918	13722	620	0	1212	480	120	0	0	0	0	0	3136	5450	1686	118	0	0	
281444	Postcentral_L	32186	504	5502	522	0	0	4966	706	0	0	2786	130	202	714	0	0	13742	0	4622	2022	0	0	118	142	0	82	0	0	8672	150	388	212	320	180	346	0	0	0	0	0	0	0	554	0	1966	0	158	0	934	0	1680	0	604	0	170	0	0	0	5732	0	17486	0	9590	0	2960	0	2648	0	5110	0	1558	316	790	112	180	0	450	0	2278	0	1816	0	0	0	2512	0	0	0	1904	0	0	0	0	0	0	0	0	0	0	0	0	0	0	0	0	0	0	0	0	0	0	0	0	0	0	0	
155244	Postcentral_R	82	14934	0	3564	0	0	0	448	0	0	0	1040	0	68	0	0	0	2544	90	4794	0	0	0	68	0	0	0	0	0	624	0	0	116	1002	0	206	0	120	0	0	0	0	0	108	0	514	0	0	0	962	0	952	0	0	0	0	0	0	0	1784	0	11540	0	18746	0	1776	0	4704	0	4220	344	346	116	0	0	0	0	302	0	156	0	904	0	0	0	332	0	0	0	116	0	0	0	0	0	0	0	0	0	0	0	0	0	0	0	0	0	0	0	0	0	0	0	0	0	0	
78672	Parietal_Sup_L	128	0	0	0	0	0	0	0	0	0	0	0	0	0	0	0	0	0	0	0	0	0	0	0	0	0	0	0	0	0	0	0	622	0	94	0	0	0	0	0	0	0	90	0	896	0	0	0	3494	0	7256	0	0	0	0	0	5732	0	0	0	8706	0	0	0	1618	0	8590	176	1356	0	0	0	0	0	0	0	0	0	0	0	0	0	0	0	260	0	0	0	318	0	0	0	0	0	0	0	0	0	0	0	0	0	0	0	0	0	0	0	0	0	0	0	0	0	0	0	
128620	Parietal_Sup_R	0	120	0	80	0	0	0	0	0	0	0	0	0	0	0	0	0	74	0	450	0	0	0	0	0	0	0	0	0	104	0	0	0	282	0	204	0	284	0	0	0	0	0	476	0	1800	0	0	0	7766	0	10962	0	0	0	0	0	1784	0	0	0	15370	0	428	0	15908	174	4824	0	412	0	0	0	0	0	0	0	0	0	0	0	200	0	0	0	2058	0	0	0	550	0	0	0	0	0	0	0	0	0	0	0	0	0	0	0	0	0	0	0	0	0	0	0	0	0	0	
203964	Parietal_Inf_L	4268	0	582	0	0	0	86	0	0	0	0	0	0	0	0	0	638	0	574	550	0	0	0	0	0	0	0	0	390	0	0	108	86	0	162	0	0	0	0	0	0	0	558	0	2230	0	302	0	1678	0	10780	0	1098	0	184	0	17486	0	8706	0	0	0	9068	0	22010	0	1144	0	1548	0	656	98	160	0	0	0	0	0	1190	0	1668	0	0	0	8088	0	0	0	5886	0	0	0	0	0	0	0	0	0	0	0	0	0	0	0	0	0	0	0	0	0	0	0	0	0	0	0	
207692	Parietal_Inf_R	0	2124	0	1474	0	0	0	212	0	0	0	144	0	70	0	0	0	1492	0	1890	0	0	0	0	0	0	0	0	0	634	0	0	0	414	0	274	0	442	0	68	0	0	0	412	0	888	0	78	0	4194	0	12652	0	0	0	68	0	11540	0	15370	0	0	0	15438	0	24864	68	2208	0	562	94	114	0	0	0	0	0	106	0	108	0	1262	0	0	0	3632	0	0	0	950	0	0	0	0	0	0	0	0	0	0	0	0	0	0	0	0	0	0	0	0	0	0	0	0	0	0	
97600	SupraMarginal_L	4548	0	410	0	0	0	104	0	0	0	138	0	0	0	0	0	3152	0	522	994	0	0	0	82	0	76	0	0	754	88	0	146	0	0	0	0	0	0	0	0	0	0	0	0	188	0	80	0	0	0	496	0	300	0	460	0	9590	0	0	0	9068	0	0	0	3878	0	0	0	1820	0	878	178	184	0	0	0	0	0	628	0	5534	0	0	0	3006	0	0	0	1498	0	0	0	0	0	0	0	0	0	0	0	0	0	0	0	0	0	0	0	0	0	0	0	0	0	0	0	
143260	SupraMarginal_R	114	4432	0	3020	0	0	0	274	0	0	0	230	0	0	0	0	0	5002	284	3398	0	0	0	0	0	0	0	0	0	512	0	0	0	422	172	258	0	204	0	0	0	0	0	0	0	334	0	0	0	438	0	1652	0	0	0	0	0	18746	0	428	0	15438	0	0	0	8130	0	428	0	0	122	136	0	0	0	0	0	112	0	130	0	5362	0	0	0	1672	0	0	0	180	0	0	0	0	0	0	0	0	0	0	0	0	0	0	0	0	0	0	0	0	0	0	0	0	0	0	
135888	Angular_L	192	0	0	0	0	0	0	0	0	0	0	0	0	0	0	0	360	0	0	0	0	0	0	0	0	0	0	0	106	0	0	0	0	0	162	0	0	0	0	0	0	0	402	0	1728	0	196	0	1222	0	10172	0	228	0	70	0	2960	0	1618	0	22010	0	3878	0	0	0	836	0	178	0	0	0	0	0	0	0	0	0	1586	0	4120	0	0	0	10610	0	0	0	5310	0	0	0	0	0	0	0	0	0	0	0	0	0	0	0	0	0	0	0	0	0	0	0	0	0	0	0	
219552	Angular_R	0	784	0	460	0	0	0	74	0	0	0	0	0	0	0	0	0	2402	78	1724	0	0	0	0	0	0	0	0	0	996	0	0	0	502	0	364	0	388	0	68	0	0	0	644	0	1086	0	84	0	7318	0	19108	0	0	0	0	0	1776	0	15908	0	24864	0	8130	0	0	84	2504	86	706	176	130	0	0	0	0	0	0	0	212	0	8620	0	0	0	8840	0	0	0	1660	0	0	0	0	0	0	0	0	0	0	0	0	0	0	0	0	0	0	0	0	0	0	0	0	0	0	
201080	Precuneus_L	344	0	0	0	0	0	0	0	0	0	0	0	0	0	0	0	72	0	0	296	0	0	0	0	0	0	0	0	76	0	0	0	1538	1140	8290	2290	2614	762	1092	644	0	0	8122	924	12014	2598	3396	536	9188	2032	7942	300	1448	0	1362	0	2648	0	8590	174	1144	68	0	0	836	84	0	8050	2186	274	0	0	0	0	0	0	182	320	118	0	0	0	0	0	4772	0	0	0	1760	0	0	0	0	0	0	0	212	0	0	0	0	0	0	0	0	0	0	0	0	0	102	0	0	0	0	0	
427096	Precuneus_R	76	1946	0	2282	0	0	0	218	0	0	0	0	0	0	0	0	0	1406	348	7682	0	0	0	0	0	0	0	0	0	1914	0	0	1380	10484	1758	13612	722	9750	218	4182	0	0	512	16800	1608	25204	302	8162	392	29070	304	22436	0	544	0	776	0	4704	176	4824	0	2208	0	428	0	2504	8050	0	318	7984	0	348	0	140	0	0	68	768	0	196	0	502	0	0	0	9880	0	0	0	5430	0	0	0	0	0	0	0	300	0	0	0	0	0	0	0	0	0	0	0	0	632	0	0	0	0	0	
105344	Paracentral_Lobule_L	13214	180	1022	202	0	0	0	0	0	0	0	0	0	0	0	0	198	152	4718	3338	0	0	0	0	0	0	0	0	186	176	0	0	3708	1228	2852	696	0	206	0	78	0	0	818	92	1512	134	144	0	536	170	1078	388	184	0	126	0	5110	0	1356	0	1548	0	1820	0	178	86	2186	318	0	300	256	118	0	0	0	0	594	0	0	96	78	0	0	0	408	440	0	0	300	144	0	0	0	0	0	0	0	0	0	0	0	0	0	0	0	0	0	0	0	0	0	0	0	0	0	0	
114832	Paracentral_Lobule_R	146	1466	0	132	0	0	0	0	0	0	0	0	0	0	0	0	0	376	574	14260	0	0	0	0	0	0	0	0	0	472	0	0	1472	10852	346	2456	0	194	0	80	0	0	0	454	0	2052	0	266	0	3126	0	2376	0	0	0	0	0	4220	0	412	0	562	0	0	0	706	274	7984	300	0	0	0	0	0	0	0	0	0	0	0	0	188	0	0	0	1148	0	0	0	522	0	0	0	0	0	0	0	0	0	0	0	0	0	0	0	0	0	0	0	0	0	0	0	0	0	0	
477592	Caudate_L	8728	2690	13412	8074	1588	2092	7332	9540	110	0	7054	7598	968	8188	312	0	10626	1412	11496	10988	6508	6738	1846	3804	1366	3000	1460	1468	14064	5256	7712	7674	998	2396	0	70	388	94	0	0	0	0	0	0	0	0	0	0	0	0	0	0	0	0	0	0	1558	344	0	0	656	94	878	122	0	176	0	0	256	0	0	17880	19664	6252	2880	1808	7600	1106	184	0	166	122	0	0	0	0	0	0	0	0	0	0	0	0	0	0	0	0	0	0	0	0	0	0	0	0	0	0	0	0	0	0	0	0	0	0	
491548	Caudate_R	1014	1462	4586	11774	306	10098	1250	1044	0	72	1042	8088	0	4426	80	354	1938	2642	4232	32008	4170	6434	982	13442	118	13054	0	1612	2792	12354	2766	20378	382	2336	1038	1118	1148	1092	0	102	0	0	0	0	0	260	0	0	0	326	0	370	0	0	0	106	316	346	0	0	98	114	178	136	0	130	0	348	118	0	17880	0	5238	22082	82	3766	1686	18852	230	0	0	84	0	420	0	412	0	0	0	462	0	0	0	0	0	0	0	0	0	0	0	0	0	0	0	0	0	0	0	0	0	0	0	0	0	0	
412420	Putamen_L	1474	660	27698	1700	8758	802	2584	1294	1592	0	1306	650	844	1306	3854	0	3298	142	23500	3918	4850	3740	2748	478	2346	328	714	1042	24836	1304	8156	2932	774	882	146	232	6024	114	828	0	3006	0	0	0	0	0	0	0	0	0	0	0	0	0	4108	0	790	116	0	0	160	0	184	0	0	0	0	0	0	0	19664	5238	0	2212	7278	262	4338	728	1132	0	2516	0	1408	0	1334	0	186	0	3696	0	0	0	0	0	0	0	0	0	0	0	0	0	0	0	0	0	0	0	0	0	0	0	0	0	0	0	
341708	Putamen_R	460	242	1496	11818	132	9686	532	1822	0	366	74	2154	0	2464	76	1776	274	1438	1380	17018	1896	3730	922	5270	112	5664	0	1164	326	18724	2280	9454	236	1070	548	550	502	11602	0	678	0	1512	0	0	0	112	0	0	0	160	0	224	0	0	0	2672	112	0	0	0	0	0	0	0	0	0	0	140	0	0	6252	22082	2212	0	0	3686	122	1930	0	102	0	1016	0	1602	0	2194	0	0	0	6788	0	0	0	0	0	0	0	0	0	0	0	0	0	0	0	0	0	0	0	0	0	0	0	0	0	0	
55036	Pallidum_L	502	0	5478	0	0	0	0	0	0	0	0	0	0	0	0	0	76	0	8804	658	0	0	0	0	0	0	0	0	0	0	0	0	0	0	0	0	206	0	0	0	0	0	0	0	0	0	0	0	0	0	0	0	0	0	0	0	180	0	0	0	0	0	0	0	0	0	0	0	0	0	2880	82	7278	0	0	0	1374	0	0	0	0	0	0	0	0	0	0	0	0	0	0	0	0	0	0	0	0	0	0	0	0	0	0	0	0	0	0	0	0	0	0	0	0	0	0	0	
36328	Pallidum_R	0	0	140	528	0	228	0	0	0	0	0	0	0	0	0	0	0	110	192	3436	462	1464	0	0	0	134	0	0	0	172	0	154	0	0	0	0	0	580	0	116	0	102	0	0	0	0	0	0	0	0	0	0	0	0	0	230	0	0	0	0	0	0	0	0	0	0	0	0	0	0	1808	3766	262	3686	0	0	0	242	0	0	0	0	0	74	0	0	0	0	0	278	0	0	0	0	0	0	0	0	0	0	0	0	0	0	0	0	0	0	0	0	0	0	0	0	0	0	
127968	Thalamus_L	3734	156	5986	294	0	0	0	0	0	0	0	134	0	0	0	0	0	94	10932	4104	0	0	0	324	0	320	0	0	1314	166	0	340	176	0	1114	1224	4854	430	884	0	0	0	70	0	0	0	264	0	0	0	0	0	0	0	372	0	450	0	0	0	0	0	0	0	0	0	182	68	594	0	7600	1686	4338	122	1374	0	0	7956	578	0	116	0	0	0	1058	0	0	0	576	0	0	0	0	0	0	0	0	0	0	0	0	0	0	0	0	0	0	0	0	0	0	0	0	0	0	0	
208392	Thalamus_R	246	942	1838	3184	0	104	0	0	0	0	0	74	0	0	0	0	192	116	1294	25852	104	154	0	370	0	372	0	0	886	374	0	374	0	0	6630	6914	6974	7428	410	1118	0	0	88	0	0	284	292	186	0	334	0	364	0	0	90	184	0	302	0	0	0	106	0	112	0	0	320	768	0	0	1106	18852	728	1930	0	242	7956	0	662	0	0	162	0	0	330	1070	0	0	270	1508	0	0	0	0	0	0	0	0	0	0	0	0	0	0	0	0	0	0	0	0	0	0	0	0	0	0	
127668	Heschl_L	1616	0	2066	0	0	0	1512	132	0	0	160	92	0	88	0	0	8896	0	1716	686	0	0	0	0	0	0	0	0	12756	0	0	0	0	0	466	410	1174	216	92	0	0	0	76	0	0	0	196	0	0	0	1780	0	584	0	426	0	2278	0	0	0	1190	0	628	0	1586	0	118	0	0	0	184	230	1132	0	0	0	578	662	0	0	7588	0	0	0	7458	0	0	0	5062	0	0	0	0	0	0	0	0	0	0	0	0	0	0	0	0	0	0	0	0	0	0	0	0	0	0	0	
26492	Heschl_R	0	142	0	320	0	0	0	120	0	0	0	68	0	0	0	0	0	3236	70	812	0	0	0	0	0	0	0	0	0	2418	0	0	0	0	0	94	0	164	0	0	0	0	0	0	0	88	0	0	0	124	0	180	0	0	0	0	0	156	0	0	0	108	0	130	0	212	0	196	96	0	0	0	0	102	0	0	0	0	0	0	0	3050	0	0	0	746	0	0	0	614	0	0	0	0	0	0	0	0	0	0	0	0	0	0	0	0	0	0	0	0	0	0	0	0	0	0	
206924	Temporal_Sup_L	242	0	550	0	168	0	410	144	0	0	1126	0	0	188	98	0	8802	0	362	0	0	0	110	0	170	0	0	0	12440	0	280	0	0	0	0	0	1866	0	154	0	228	0	0	0	0	0	0	0	0	0	706	0	292	0	1368	0	1816	0	0	0	1668	0	5534	0	4120	0	0	0	78	0	166	0	2516	0	0	0	116	0	7588	0	0	0	8460	0	30886	0	1350	0	9460	0	0	0	0	0	0	0	0	0	0	0	0	0	0	0	0	0	0	0	0	0	0	0	0	0	0	0	
142392	Temporal_Sup_R	0	1036	0	1692	0	0	0	88	0	0	0	144	0	0	0	156	0	6398	94	2762	0	0	0	0	0	0	0	0	0	6290	0	0	0	148	74	212	0	1144	0	0	0	118	0	230	0	288	0	0	0	386	0	2920	0	0	0	300	0	904	0	200	0	1262	0	5362	0	8620	0	502	0	188	122	84	0	1016	0	0	0	162	0	3050	0	0	0	4246	0	17350	0	292	0	3356	0	0	0	0	0	0	0	0	0	0	0	0	0	0	0	0	0	0	0	0	0	0	0	0	0	0	
111844	Temporal_Pole_Sup_L	0	0	850	0	2146	0	372	0	1708	0	1238	0	914	0	4714	0	934	0	0	0	326	0	204	0	362	0	0	0	3872	0	514	70	70	0	0	0	1172	0	1326	0	1062	0	0	0	0	0	0	0	0	0	0	0	0	0	3892	0	0	0	0	0	0	0	0	0	0	0	0	0	0	0	0	0	1408	0	0	0	0	0	0	0	8460	0	0	0	9010	0	5264	0	6034	0	0	0	0	0	0	0	0	0	0	0	0	0	0	0	0	0	0	0	0	0	0	0	0	0	0	0	
58460	Temporal_Pole_Sup_R	0	0	0	140	0	0	0	0	0	0	0	888	0	0	0	202	0	1278	0	516	0	106	0	0	0	0	0	0	0	3066	0	0	0	0	0	0	0	1232	0	1358	0	1748	0	0	0	0	0	0	0	0	0	0	0	0	0	2576	0	0	0	0	0	0	0	0	0	0	0	0	0	0	0	420	0	1602	0	74	0	0	0	0	0	4246	0	0	0	4100	0	3830	0	1848	0	0	0	0	0	0	0	0	0	0	0	0	0	0	0	0	0	0	0	0	0	0	0	0	0	0	
354844	Temporal_Mid_L	994	0	358	0	0	0	182	0	0	0	82	0	0	0	0	0	4130	0	250	342	0	0	0	0	0	0	0	0	7050	0	0	0	0	0	1480	188	2126	100	632	0	134	0	2252	0	2206	0	932	0	924	0	11298	0	8890	0	5818	0	2512	0	260	0	8088	0	3006	0	10610	0	4772	0	408	0	0	0	1334	0	0	0	1058	330	7458	0	30886	0	9010	0	0	0	5878	0	41340	0	104	0	0	0	0	0	0	0	0	0	0	0	0	0	0	0	0	0	0	0	0	0	0	0	0	0	
321012	Temporal_Mid_R	0	2436	0	3916	0	0	0	308	0	0	0	0	0	100	0	124	0	1628	316	4966	0	0	0	82	0	0	0	0	0	4190	0	0	0	808	212	1778	166	10974	0	1228	0	282	0	2714	0	7142	0	1342	0	8898	0	18164	0	1372	0	1540	0	332	0	2058	0	3632	0	1672	0	8840	0	9880	440	1148	0	412	0	2194	0	0	0	1070	0	746	0	17350	0	4100	0	0	0	3500	0	28446	0	0	0	0	0	0	0	0	0	0	0	0	0	0	0	0	0	0	0	0	0	0	0	0	0	0	
41296	Temporal_Pole_Mid_L	0	0	0	0	0	0	0	0	0	0	0	0	0	0	0	0	0	0	0	0	0	0	0	0	0	0	0	0	0	0	0	0	0	0	0	0	288	0	762	0	334	0	0	0	0	0	0	0	0	0	0	0	0	0	1934	0	0	0	0	0	0	0	0	0	0	0	0	0	0	0	0	0	186	0	0	0	0	0	0	0	1350	0	5264	0	5878	0	0	0	4652	0	0	0	0	0	0	0	0	0	0	0	0	0	0	0	0	0	0	0	0	0	0	0	0	0	0	0	
23204	Temporal_Pole_Mid_R	0	0	0	0	0	0	0	0	0	0	0	0	0	0	0	0	0	0	0	0	0	0	0	0	0	0	0	0	0	0	0	0	0	0	0	0	0	120	0	480	0	232	0	0	0	0	0	0	0	0	0	0	0	0	0	1666	0	0	0	0	0	0	0	0	0	0	0	0	0	0	0	0	0	0	0	0	0	0	0	0	0	292	0	3830	0	3500	0	0	0	1482	0	0	0	0	0	0	0	0	0	0	0	0	0	0	0	0	0	0	0	0	0	0	0	0	0	0	
310748	Temporal_Inf_L	680	0	244	0	0	0	152	0	0	0	0	0	0	0	90	0	2020	0	180	264	0	0	0	0	0	0	0	0	7818	0	0	0	0	0	716	174	8208	96	2348	0	1054	0	1352	0	1708	0	1118	0	710	0	5604	0	9162	0	18980	0	1904	0	318	0	5886	0	1498	0	5310	0	1760	0	300	0	0	0	3696	0	0	0	576	270	5062	0	9460	0	6034	0	41340	0	4652	0	0	0	3018	0	0	0	0	0	82	0	1530	0	0	0	0	0	0	0	0	0	0	0	0	0	0	0	0	0	
267944	Temporal_Inf_R	0	3512	0	4356	0	0	0	292	0	0	0	0	0	0	0	0	0	1142	136	2758	0	90	0	0	0	0	0	0	0	2864	0	0	0	420	188	928	156	21944	0	3370	0	2088	0	2806	0	3024	0	986	0	4194	0	7038	0	4338	0	13008	0	116	0	550	0	950	0	180	0	1660	0	5430	144	522	0	462	0	6788	0	278	0	1508	0	614	0	3356	0	1848	0	28446	0	1482	0	0	0	0	0	0	0	0	0	0	0	0	0	0	0	0	0	0	0	0	0	0	0	0	0	0	0	0	
446932	Cerebelum_Crus1_L	0	0	0	0	0	0	0	0	0	0	0	0	0	0	0	0	0	0	0	0	0	0	0	0	0	0	0	0	0	0	0	0	0	0	0	0	0	0	92	0	0	0	0	0	0	0	4162	2988	0	0	0	0	454	364	18174	2728	0	0	0	0	0	0	0	0	0	0	0	0	0	0	0	0	0	0	0	0	0	0	0	0	0	0	0	0	104	0	0	0	3018	0	0	4628	39292	3580	506	0	15466	486	53642	9138	10816	1690	19334	3330	1010	1388	246	1144	0	0	1422	10238	10914	1598	1514	0	
325412	Cerebelum_Crus1_R	0	0	0	0	0	0	0	0	0	0	0	0	0	0	0	0	0	0	0	0	0	0	0	0	0	0	0	0	0	0	0	0	0	0	0	0	0	0	0	0	0	0	0	0	0	0	1300	3038	0	0	0	0	0	92	648	7672	0	0	0	0	0	0	0	0	0	0	0	0	0	0	0	0	0	0	0	0	0	0	0	0	0	0	0	0	0	0	0	0	0	0	4628	0	4352	28610	80	1724	2198	13824	3886	47112	2110	2082	1696	15364	228	734	90	2508	0	242	5442	5082	7314	316	334	0	
392972	Cerebelum_Crus2_L	0	0	0	0	0	0	0	0	0	0	0	0	0	0	0	0	0	0	0	0	0	0	0	0	0	0	0	0	0	0	0	0	0	0	0	0	0	0	0	0	0	0	0	0	0	0	634	942	0	0	0	0	0	0	1656	776	0	0	0	0	0	0	0	0	0	0	0	0	0	0	0	0	0	0	0	0	0	0	0	0	0	0	0	0	0	0	0	0	0	0	39292	4352	0	13074	0	0	2476	178	13958	3748	36278	7758	31746	11882	1460	1024	568	454	0	0	436	3310	16280	3234	970	0	
300896	Cerebelum_Crus2_R	0	0	0	0	0	0	0	0	0	0	0	0	0	0	0	0	0	0	0	0	0	0	0	0	0	0	0	0	0	0	0	0	0	0	0	0	0	0	0	0	0	0	0	0	0	0	90	632	0	0	0	0	0	0	78	230	0	0	0	0	0	0	0	0	0	0	0	0	0	0	0	0	0	0	0	0	0	0	0	0	0	0	0	0	0	0	0	0	0	0	3580	28610	13074	0	0	82	268	342	1202	5152	9066	22760	6616	36384	620	1906	72	330	0	0	458	1218	14466	2764	448	0	
30372	Cerebelum_3_L	0	0	0	0	0	0	0	0	0	0	0	0	0	0	0	0	0	0	0	0	0	0	0	0	0	0	0	0	0	0	0	0	0	0	0	0	0	0	200	0	0	0	0	0	0	0	322	0	0	0	0	0	0	0	90	0	0	0	0	0	0	0	0	0	0	0	0	0	0	0	0	0	0	0	0	0	0	0	0	0	0	0	0	0	0	0	0	0	0	0	506	80	0	0	0	0	8000	210	1080	266	0	0	0	0	1286	114	778	0	756	846	652	0	0	0	0	0	
36028	Cerebelum_3_R	0	0	0	0	0	0	0	0	0	0	0	0	0	0	0	0	0	0	0	0	0	0	0	0	0	0	0	0	0	0	0	0	0	0	0	0	0	0	0	214	0	0	0	0	0	0	172	274	0	0	0	0	0	0	0	170	0	0	0	0	0	0	0	0	0	0	0	0	0	0	0	0	0	0	0	0	0	0	0	0	0	0	0	0	0	0	0	0	0	0	0	1724	0	82	0	0	392	4564	150	3574	0	0	78	256	0	1656	0	0	390	2426	770	514	0	238	370	0	
251824	Cerebelum_4_5_L	0	0	0	0	0	0	0	0	0	0	0	0	0	0	0	0	0	0	0	0	0	0	0	0	0	0	0	0	0	0	0	0	0	0	0	0	218	0	1446	0	0	0	128	0	0	0	9748	1282	0	0	0	0	128	0	10262	842	0	0	0	0	0	0	0	0	0	0	212	0	0	0	0	0	0	0	0	0	0	0	0	0	0	0	0	0	0	0	0	0	82	0	15466	2198	2476	268	8000	392	0	5674	27008	5716	758	0	928	150	4902	2316	2894	382	998	1618	13302	2968	76	724	1246	1104	
180180	Cerebelum_4_5_R	0	0	0	0	0	0	0	0	0	0	0	0	0	0	0	0	0	0	0	0	0	0	0	0	0	0	0	0	0	0	0	0	0	0	84	200	0	1168	0	2458	0	0	0	130	0	0	3066	5602	0	0	0	0	0	0	354	5234	0	0	0	0	0	0	0	0	0	0	0	300	0	0	0	0	0	0	0	0	0	0	0	0	0	0	0	0	0	0	0	0	0	0	486	13824	178	342	210	4564	5674	0	2430	23946	136	0	368	216	532	692	128	526	286	1732	13108	1252	0	226	410	228	
457296	Cerebelum_6_L	0	0	0	0	0	0	0	0	0	0	0	0	0	0	0	0	0	0	0	0	0	0	0	0	0	0	0	0	0	0	0	0	0	0	0	0	0	0	0	0	0	0	0	0	0	0	10692	5500	0	0	158	0	686	704	24244	3918	0	0	0	0	0	0	0	0	0	0	0	0	0	0	0	0	0	0	0	0	0	0	0	0	0	0	0	0	0	0	0	0	1530	0	53642	3886	13958	1202	1080	150	27008	2430	0	13296	6544	636	11760	1680	2266	2734	1522	2280	120	182	6080	16936	5452	2954	3250	168	
421144	Cerebelum_6_R	0	0	0	0	0	0	0	0	0	0	0	0	0	0	0	0	0	0	0	0	0	0	0	0	0	0	0	0	0	0	0	0	0	0	0	0	0	0	0	0	0	0	0	0	0	0	5176	9500	0	0	0	0	82	1022	3296	13722	0	0	0	0	0	0	0	0	0	0	0	0	0	0	0	0	0	0	0	0	0	0	0	0	0	0	0	0	0	0	0	0	0	0	9138	47112	3748	5152	266	3574	5716	23946	13296	0	1602	628	3474	8678	694	2300	182	4604	388	1308	13252	16708	9254	1262	1408	84	
267808	Cerebelum_7b_L	0	0	0	0	0	0	0	0	0	0	0	0	0	0	0	0	0	0	0	0	0	0	0	0	0	0	0	0	0	0	0	0	0	0	0	0	0	0	0	0	0	0	0	0	0	0	218	412	0	0	0	0	0	0	0	620	0	0	0	0	0	0	0	0	0	0	0	0	0	0	0	0	0	0	0	0	0	0	0	0	0	0	0	0	0	0	0	0	0	0	10816	2110	36278	9066	0	0	758	136	6544	1602	0	5316	29752	9560	1752	698	1016	196	0	0	390	1348	10500	4020	796	0	
142180	Cerebelum_7b_R	0	0	0	0	0	0	0	0	0	0	0	0	0	0	0	0	0	0	0	0	0	0	0	0	0	0	0	0	0	0	0	0	0	0	0	0	0	0	0	0	0	0	0	0	0	0	0	422	0	0	0	0	0	0	0	0	0	0	0	0	0	0	0	0	0	0	0	0	0	0	0	0	0	0	0	0	0	0	0	0	0	0	0	0	0	0	0	0	0	0	1690	2082	7758	22760	0	0	0	0	636	628	5316	0	2086	18154	0	184	0	0	0	0	0	596	7692	1086	0	0	
350200	Cerebelum_8_L	0	0	0	0	0	0	0	0	0	0	0	0	0	0	0	0	0	0	0	0	0	0	0	0	0	0	0	0	0	0	0	0	0	0	0	0	0	0	0	0	0	0	0	0	0	0	262	826	0	0	0	0	0	0	460	1212	0	0	0	0	0	0	0	0	0	0	0	0	0	0	0	0	0	0	0	0	0	0	0	0	0	0	0	0	0	0	0	0	0	0	19334	1696	31746	6616	0	78	928	368	11760	3474	29752	2086	0	11512	13662	3988	2614	1186	0	0	806	4096	9998	11284	5356	0	
325464	Cerebelum_8_R	0	0	0	0	0	0	0	0	0	0	0	0	0	0	0	0	0	0	0	0	0	0	0	0	0	0	0	0	0	0	0	0	0	0	0	0	0	0	0	0	0	0	0	0	0	0	0	776	0	0	0	0	0	0	210	480	0	0	0	0	0	0	0	0	0	0	0	0	0	0	0	0	0	0	0	0	0	0	0	0	0	0	0	0	0	0	0	0	0	0	3330	15364	11882	36384	0	256	150	216	1680	8678	9560	18154	11512	0	2230	11194	222	956	86	142	302	2180	16134	7734	2920	0	
110820	Cerebelum_9_L	0	0	0	0	0	0	0	0	0	0	0	0	0	0	0	0	0	0	0	0	0	0	0	0	0	0	0	0	0	0	0	0	0	0	0	0	0	0	0	0	0	0	0	0	0	0	806	108	0	0	0	0	0	0	86	120	0	0	0	0	0	0	0	0	0	0	0	0	0	0	0	0	0	0	0	0	0	0	0	0	0	0	0	0	0	0	0	0	0	0	1010	228	1460	620	1286	0	4902	532	2266	694	1752	0	13662	2230	0	2334	6320	236	254	456	2586	1976	1294	3948	3900	344	
127628	Cerebelum_9_R	0	0	0	0	0	0	0	0	0	0	0	0	0	0	0	0	0	0	0	0	0	0	0	0	0	0	0	0	0	0	0	0	0	0	0	0	0	0	0	0	0	0	0	0	0	0	370	114	0	0	0	0	0	0	0	0	0	0	0	0	0	0	0	0	0	0	0	0	0	0	0	0	0	0	0	0	0	0	0	0	0	0	0	0	0	0	0	0	0	0	1388	734	1024	1906	114	1656	2316	692	2734	2300	698	184	3988	11194	2334	0	202	3092	1224	1570	3794	4344	2750	5198	6736	1158	
41356	Cerebelum_10_L	0	0	0	0	0	0	0	0	0	0	0	0	0	0	0	0	0	0	0	0	0	0	0	0	0	0	0	0	0	0	0	0	0	0	0	0	0	0	0	0	0	0	0	0	0	0	320	0	0	0	0	0	0	0	0	0	0	0	0	0	0	0	0	0	0	0	0	0	0	0	0	0	0	0	0	0	0	0	0	0	0	0	0	0	0	0	0	0	0	0	246	90	568	72	778	0	2894	128	1522	182	1016	0	2614	222	6320	202	0	102	0	0	760	1002	168	804	668	0	
54484	Cerebelum_10_R	0	0	0	0	0	0	0	0	0	0	0	0	0	0	0	0	0	0	0	0	0	0	0	0	0	0	0	0	0	0	0	0	0	0	0	0	0	0	0	0	0	0	0	0	0	0	124	94	0	0	0	0	0	0	0	0	0	0	0	0	0	0	0	0	0	0	0	0	0	0	0	0	0	0	0	0	0	0	0	0	0	0	0	0	0	0	0	0	0	0	1144	2508	454	330	0	0	382	526	2280	4604	196	0	1186	956	236	3092	102	0	0	0	700	2634	1480	1966	2248	0	
23256	Vermis_1_2	0	0	0	0	0	0	0	0	0	0	0	0	0	0	0	0	0	0	0	0	0	0	0	0	0	0	0	0	0	0	0	0	0	0	0	0	0	0	0	0	0	0	0	0	0	0	222	0	0	0	0	0	0	0	0	0	0	0	0	0	0	0	0	0	0	0	0	0	0	0	0	0	0	0	0	0	0	0	0	0	0	0	0	0	0	0	0	0	0	0	0	0	0	0	756	390	998	286	120	388	0	0	0	86	254	1224	0	0	0	4810	1674	274	0	0	68	78	
39092	Vermis_3	0	0	0	0	0	0	0	0	0	0	0	0	0	0	0	0	0	0	0	0	0	0	0	0	0	0	0	0	0	0	0	0	0	0	0	0	106	0	94	0	0	0	0	0	0	0	334	164	0	0	0	0	0	0	0	0	0	0	0	0	0	0	0	0	0	0	0	0	0	0	0	0	0	0	0	0	0	0	0	0	0	0	0	0	0	0	0	0	0	0	0	242	0	0	846	2426	1618	1732	182	1308	0	0	0	142	456	1570	0	0	4810	0	2484	512	0	142	256	122	
