data	data	408992	269668	1.08552e+06	963184	214592	161876	449708	279528	100484	19764	286312	161728	377964	186168	254588	91972	283064	111820	858436	935732	66548	80712	478504	510084	26220	88276	38840	59952	657540	335016	330276	542416	174636	662076	129732	163824	241608	343084	119472	243748	36832	68760	276408	380944	244212	299272	257004	450216	303936	292328	530032	306032	161308	177900	382924	530824	266788	149788	173192	86052	352584	81744	197112	119044	135708	87180	327796	399832	203652	131820	265212	331816	327352	272472	64480	38824	98668	199136	87124	26656	277736	139988	133472	72068	377084	291596	50636	13808	347224	302560	459404	438072	335096	304096	57812	31868	364316	287820	477256	464020	188672	142948	280928	281296	83156	113844	6856	1680	30728	63520	277656	203740	206508	109964	62260	31896	
data	data	Precentral_L	Precentral_R	Frontal_Sup_L	Frontal_Sup_R	Frontal_Sup_Orb_L	Frontal_Sup_Orb_R	Frontal_Mid_L	Frontal_Mid_R	Frontal_Mid_Orb_L	Frontal_Mid_Orb_R	Frontal_Inf_Oper_L	Frontal_Inf_Oper_R	Frontal_Inf_Tri_L	Frontal_Inf_Tri_R	Frontal_Inf_Orb_L	Frontal_Inf_Orb_R	Rolandic_Oper_L	Rolandic_Oper_R	Supp_Motor_Area_L	Supp_Motor_Area_R	Olfactory_L	Olfactory_R	Frontal_Sup_Medial_L	Frontal_Sup_Medial_R	Frontal_Med_Orb_L	Frontal_Med_Orb_R	Rectus_L	Rectus_R	Insula_L	Insula_R	Cingulum_Ant_L	Cingulum_Ant_R	Cingulum_Mid_L	Cingulum_Mid_R	Cingulum_Post_L	Cingulum_Post_R	Hippocampus_L	Hippocampus_R	ParaHippocampal_L	ParaHippocampal_R	Amygdala_L	Amygdala_R	Calcarine_L	Calcarine_R	Cuneus_L	Cuneus_R	Lingual_L	Lingual_R	Occipital_Sup_L	Occipital_Sup_R	Occipital_Mid_L	Occipital_Mid_R	Occipital_Inf_L	Occipital_Inf_R	Fusiform_L	Fusiform_R	Postcentral_L	Postcentral_R	Parietal_Sup_L	Parietal_Sup_R	Parietal_Inf_L	Parietal_Inf_R	SupraMarginal_L	SupraMarginal_R	Angular_L	Angular_R	Precuneus_L	Precuneus_R	Paracentral_Lobule_L	Paracentral_Lobule_R	Caudate_L	Caudate_R	Putamen_L	Putamen_R	Pallidum_L	Pallidum_R	Thalamus_L	Thalamus_R	Heschl_L	Heschl_R	Temporal_Sup_L	Temporal_Sup_R	Temporal_Pole_Sup_L	Temporal_Pole_Sup_R	Temporal_Mid_L	Temporal_Mid_R	Temporal_Pole_Mid_L	Temporal_Pole_Mid_R	Temporal_Inf_L	Temporal_Inf_R	Cerebelum_Crus1_L	Cerebelum_Crus1_R	Cerebelum_Crus2_L	Cerebelum_Crus2_R	Cerebelum_3_L	Cerebelum_3_R	Cerebelum_4_5_L	Cerebelum_4_5_R	Cerebelum_6_L	Cerebelum_6_R	Cerebelum_7b_L	Cerebelum_7b_R	Cerebelum_8_L	Cerebelum_8_R	Cerebelum_9_L	Cerebelum_9_R	Cerebelum_10_L	Cerebelum_10_R	Vermis_1_2	Vermis_3	Vermis_4_5	Vermis_6	Vermis_7	Vermis_8	Vermis_9	Vermis_10	
408992	Precentral_L	0	6646	11554	7062	0	0	13892	2532	0	0	12810	0	3086	304	0	0	6238	0	10868	7094	0	0	0	0	0	0	0	0	7772	0	138	0	218	832	3196	292	2396	620	520	152	0	0	406	0	740	0	290	0	896	0	4296	0	1230	0	1708	98	30328	0	0	0	5798	0	4706	0	102	0	714	0	28668	406	7152	772	3512	0	864	0	2816	3010	2256	0	2172	0	0	0	1764	0	0	0	1570	0	0	0	0	0	0	0	0	0	0	0	0	0	0	0	0	0	0	0	0	0	0	0	0	0	0	0	
269668	Precentral_R	6646	0	1358	5638	0	0	0	18822	0	0	0	3330	0	0	0	0	0	1442	1620	12052	0	0	0	0	0	0	0	0	0	1716	0	0	352	3370	5182	4908	442	4732	414	448	0	0	0	338	0	342	0	338	0	296	0	398	0	618	126	312	666	17916	0	0	0	1604	0	3382	0	308	132	1670	8892	12620	410	1644	404	1948	266	224	1130	4468	0	118	0	386	0	0	0	468	0	0	0	938	0	0	0	0	0	0	0	0	0	0	0	0	0	0	0	0	0	0	0	0	0	0	0	0	0	0	
1.08552e+06	Frontal_Sup_L	11554	1358	0	20384	18812	0	62604	3322	4830	0	19130	226	30316	2162	16966	1280	13624	0	92952	32912	0	0	43344	15942	488	300	282	0	36820	806	18270	9278	6032	18136	0	0	3330	0	400	0	0	0	0	0	0	0	0	0	0	0	0	0	0	0	276	0	2976	0	0	0	0	0	0	0	0	0	0	0	1028	0	11738	448	21744	0	3536	0	7812	396	298	0	4240	0	1756	0	174	0	0	0	476	0	0	0	0	0	0	0	0	0	0	0	0	0	0	0	0	0	0	0	0	0	0	0	0	0	0	0	
963184	Frontal_Sup_R	7062	5638	20384	0	208	10626	5100	34916	0	0	390	10520	3928	9880	2264	6280	272	2740	28674	78186	0	0	19578	45032	0	3566	0	462	2664	15522	9102	40916	2906	41542	1208	1344	974	5064	752	1126	0	232	0	0	0	0	0	184	0	0	0	0	0	0	0	554	738	588	0	0	0	0	0	0	0	0	0	0	4900	0	7558	18308	1280	11648	372	4314	788	10260	0	0	0	386	0	656	0	0	0	0	0	0	0	0	0	0	0	0	0	0	0	0	0	0	0	0	0	0	0	0	0	0	0	0	0	0	0	0	
214592	Frontal_Sup_Orb_L	0	0	18812	208	0	0	2520	0	15276	0	4234	0	5554	106	14330	0	1002	0	2822	108	946	172	3484	194	2542	218	4116	0	13808	0	2914	504	0	124	0	0	94	0	362	0	0	0	0	0	0	0	0	0	0	0	0	0	0	0	0	0	136	0	0	0	0	0	0	0	0	0	0	0	0	0	1328	0	8588	0	0	0	0	0	0	0	290	0	2504	0	0	0	0	0	0	0	0	0	0	0	0	0	0	0	0	0	0	0	0	0	0	0	0	0	0	0	0	0	0	0	0	0	
161876	Frontal_Sup_Orb_R	0	0	0	10626	0	0	0	546	0	4134	0	1956	0	1660	0	3812	0	126	326	2140	784	2242	0	10262	0	6522	120	5198	0	4810	98	7416	0	218	0	0	0	244	0	454	0	120	0	0	0	0	0	0	0	0	0	0	0	0	0	0	0	0	0	0	0	0	0	0	0	0	0	0	0	0	1284	9284	376	5958	0	0	0	0	0	0	0	0	0	222	0	0	0	0	0	0	0	0	0	0	0	0	0	0	0	0	0	0	0	0	0	0	0	0	0	0	0	0	0	0	0	0	
449708	Frontal_Mid_L	13892	0	62604	5100	2520	0	0	308	2340	0	9318	0	31040	378	6960	344	7102	0	17994	6428	0	0	13724	4832	0	0	0	0	14516	322	5456	2908	1674	3958	0	0	228	0	0	0	0	0	0	0	0	0	0	0	0	0	0	0	0	0	0	0	1296	0	0	0	0	0	0	0	0	0	0	0	0	0	4264	0	1766	0	232	0	424	0	0	0	2600	0	326	0	0	0	0	0	0	0	0	0	0	0	0	0	0	0	0	0	0	0	0	0	0	0	0	0	0	0	0	0	0	0	0	0	
279528	Frontal_Mid_R	2532	18822	3322	34916	0	546	308	0	0	280	1798	7182	436	14548	222	2054	878	344	2962	6584	0	0	1276	3484	0	0	0	0	1894	2542	670	2938	172	6734	0	260	720	2898	218	358	0	0	0	0	0	0	0	136	0	0	0	0	0	0	0	166	1230	1044	0	0	0	286	0	700	0	0	0	0	828	0	3736	1744	1266	1858	258	682	1518	2042	0	0	198	174	0	0	0	0	0	0	0	0	0	0	0	0	0	0	0	0	0	0	0	0	0	0	0	0	0	0	0	0	0	0	0	0	0	0	
100484	Frontal_Mid_Orb_L	0	0	4830	0	15276	0	2340	0	0	0	0	0	1062	0	14512	0	0	0	228	0	0	0	2398	0	1064	122	1704	0	2314	0	1680	0	0	0	0	0	0	0	0	0	0	0	0	0	0	0	0	0	0	0	0	0	0	0	0	0	0	0	0	0	0	0	0	0	0	0	0	0	0	0	128	0	1758	0	0	0	0	0	0	0	0	0	826	0	0	0	0	0	0	0	0	0	0	0	0	0	0	0	0	0	0	0	0	0	0	0	0	0	0	0	0	0	0	0	0	0	
19764	Frontal_Mid_Orb_R	0	0	0	0	0	4134	0	280	0	0	0	0	0	160	0	3004	0	0	0	0	0	0	0	0	0	0	0	474	0	458	0	0	0	0	0	0	0	0	0	0	0	0	0	0	0	0	0	0	0	0	0	0	0	0	0	0	0	0	0	0	0	0	0	0	0	0	0	0	0	0	0	514	0	858	0	0	0	0	0	0	0	0	0	0	0	0	0	0	0	0	0	0	0	0	0	0	0	0	0	0	0	0	0	0	0	0	0	0	0	0	0	0	0	0	0	0	
286312	Frontal_Inf_Oper_L	12810	0	19130	390	4234	0	9318	1798	0	0	0	96	14590	1766	1176	0	14646	0	10352	320	0	0	734	220	0	0	0	0	25872	0	3068	1124	0	314	0	0	742	0	166	0	0	0	0	0	0	0	0	0	0	0	0	0	0	0	114	0	4454	0	0	0	0	0	0	0	0	0	0	0	0	0	2704	0	2898	0	0	0	0	0	428	0	6308	0	2966	0	240	0	0	0	178	0	0	0	0	0	0	0	0	0	0	0	0	0	0	0	0	0	0	0	0	0	0	0	0	0	0	0	
161728	Frontal_Inf_Oper_R	0	3330	226	10520	0	1956	0	7182	0	0	96	0	0	7590	0	622	0	3754	602	3612	0	0	0	1948	0	0	0	0	146	13196	0	1258	0	650	0	94	0	2802	0	1660	0	0	0	0	0	0	0	146	0	0	0	0	0	0	0	1216	0	2036	0	0	0	0	0	0	0	0	0	0	0	0	504	5516	100	6548	0	304	0	260	0	0	0	824	0	1986	0	0	0	0	0	180	0	0	0	0	0	0	0	0	0	0	0	0	0	0	0	0	0	0	0	0	0	0	0	0	0	0	
377964	Frontal_Inf_Tri_L	3086	0	30316	3928	5554	0	31040	436	1062	0	14590	0	0	526	21940	658	2496	0	9882	5166	0	0	9294	4184	0	0	0	0	28066	404	4124	2902	1136	3618	0	0	0	0	0	0	0	0	0	0	0	0	0	0	0	0	0	0	0	0	0	0	2206	0	0	0	0	0	0	0	0	0	0	0	0	0	100	0	870	0	0	0	0	0	0	0	492	0	906	0	0	0	0	0	0	0	0	0	0	0	0	0	0	0	0	0	0	0	0	0	0	0	0	0	0	0	0	0	0	0	0	0	
186168	Frontal_Inf_Tri_R	304	0	2162	9880	106	1660	378	14548	0	160	1766	7590	526	0	340	2494	840	0	2736	4220	0	0	1546	4476	0	326	0	0	2064	13600	554	5326	0	3006	0	0	106	1480	0	1000	0	0	0	0	0	0	0	0	0	0	0	0	0	0	0	736	174	0	0	0	0	0	0	0	0	0	0	0	0	0	2810	2846	916	2090	0	0	0	0	0	0	170	0	0	0	0	0	0	0	0	148	0	0	0	0	0	0	0	0	0	0	0	0	0	0	0	0	0	0	0	0	0	0	0	0	0	0	
254588	Frontal_Inf_Orb_L	0	0	16966	2264	14330	0	6960	222	14512	0	1176	0	21940	340	0	432	162	0	4936	2610	946	0	5226	2392	0	0	478	0	18294	278	682	1180	664	2110	0	0	0	0	530	0	0	0	0	0	0	0	0	0	0	0	0	0	0	0	0	0	0	0	0	0	0	0	0	0	0	0	0	0	0	0	338	0	4170	0	0	0	0	0	0	0	108	0	3048	0	0	0	0	0	0	0	0	0	0	0	0	0	0	0	0	0	0	0	0	0	0	0	0	0	0	0	0	0	0	0	0	0	
91972	Frontal_Inf_Orb_R	0	0	1280	6280	0	3812	344	2054	0	3004	0	622	658	2494	432	0	0	0	2262	3246	0	668	1978	3624	0	0	0	648	400	3718	94	952	0	2350	0	0	0	0	0	310	0	0	0	0	0	0	0	0	0	0	0	0	0	0	0	0	0	0	0	0	0	0	0	0	0	0	0	0	0	0	192	1886	0	800	0	0	0	0	0	0	0	552	0	1210	0	116	0	0	0	0	0	0	0	0	0	0	0	0	0	0	0	0	0	0	0	0	0	0	0	0	0	0	0	0	0	0	
283064	Rolandic_Oper_L	6238	0	13624	272	1002	0	7102	878	0	0	14646	0	2496	840	162	0	0	0	5428	156	0	0	154	100	0	0	0	0	32566	0	666	322	0	160	0	0	3880	0	172	0	0	0	102	0	0	0	0	0	112	0	1168	0	808	0	2408	0	8746	0	0	0	876	0	3554	0	156	0	0	0	140	0	1604	0	1820	0	0	0	260	0	6274	0	16330	0	1344	0	2556	0	0	0	2410	0	0	0	0	0	0	0	0	0	0	0	0	0	0	0	0	0	0	0	0	0	0	0	0	0	0	0	
111820	Rolandic_Oper_R	0	1442	0	2740	0	126	0	344	0	0	0	3754	0	0	0	0	0	0	162	1400	0	0	0	124	0	0	0	0	0	11550	0	0	194	346	0	400	248	5060	376	268	0	0	0	170	0	0	0	184	0	0	0	0	0	826	0	362	0	3950	0	0	0	120	0	3190	0	0	0	1540	0	304	0	338	0	4642	0	0	0	2150	0	1968	0	5714	0	768	0	194	0	0	0	956	0	0	0	0	0	0	0	0	0	0	0	0	0	0	0	0	0	0	0	0	0	0	0	0	0	0	
858436	Supp_Motor_Area_L	10868	1620	92952	28674	2822	326	17994	2962	228	0	10352	602	9882	2736	4936	2262	5428	162	0	64780	0	0	10386	7964	0	140	0	0	14324	1766	7912	8814	14678	29964	3948	2460	2078	282	218	0	0	0	0	0	0	0	0	0	0	0	0	0	0	0	100	0	1916	0	0	0	0	0	0	0	0	0	486	316	5096	0	10886	10232	18422	204	5984	122	1224	7304	208	0	1424	0	642	132	0	0	0	0	0	0	0	0	0	0	0	0	0	0	0	0	0	0	0	0	0	0	0	0	0	0	0	0	0	0	0	0	
935732	Supp_Motor_Area_R	7094	12052	32912	78186	108	2140	6428	6584	0	0	320	3612	5166	4220	2610	3246	156	1400	64780	0	0	0	7484	15266	0	526	0	98	2804	6864	7028	22640	6462	51346	5724	11796	452	2554	652	824	0	244	0	408	0	768	112	250	0	492	0	662	0	374	100	452	996	1020	0	0	0	176	0	348	0	446	1054	3242	6926	13700	6444	22238	1728	7232	708	3188	234	18626	0	0	0	360	0	396	0	622	0	0	0	786	0	0	0	0	0	0	0	0	0	0	0	0	0	0	0	0	0	0	0	0	0	0	0	0	0	0	
66548	Olfactory_L	0	0	0	0	946	784	0	0	0	0	0	0	0	0	946	0	0	0	0	0	0	5554	0	0	334	0	2228	1662	2028	0	2450	2208	0	0	0	0	378	0	832	0	482	0	0	0	0	0	0	0	0	0	0	0	0	0	172	0	0	0	0	0	0	0	0	0	0	0	0	0	0	0	6140	2986	1966	364	0	0	0	0	0	0	0	0	628	0	0	0	0	0	186	0	0	0	0	0	0	0	0	0	0	0	0	0	0	0	0	0	0	0	0	0	0	0	0	0	0	0	
80712	Olfactory_R	0	0	0	0	172	2242	0	0	0	0	0	0	0	0	0	668	0	0	0	0	5554	0	0	98	176	756	1634	3434	0	2802	2032	2442	0	0	0	0	0	644	0	1524	0	2334	0	0	0	0	0	0	0	0	0	0	0	0	0	0	0	0	0	0	0	0	0	0	0	0	0	0	0	0	6312	4426	1832	794	0	0	0	0	0	0	0	0	0	480	0	0	0	0	0	0	0	0	0	0	0	0	0	0	0	0	0	0	0	0	0	0	0	0	0	0	0	0	0	0	0	0	
478504	Frontal_Sup_Medial_L	0	0	43344	19578	3484	0	13724	1276	2398	0	734	0	9294	1546	5226	1978	154	0	10386	7484	0	0	0	35614	1668	1358	366	386	4604	1328	23704	18934	5314	19374	0	0	0	0	0	0	0	0	0	0	0	0	0	0	0	0	0	0	0	0	0	0	0	0	0	0	0	0	0	0	0	0	0	0	0	0	1012	1770	2210	1004	0	0	0	0	0	0	0	0	0	0	0	0	0	0	0	0	0	0	0	0	0	0	0	0	0	0	0	0	0	0	0	0	0	0	0	0	0	0	0	0	0	0	
510084	Frontal_Sup_Medial_R	0	0	15942	45032	194	10262	4832	3484	0	0	220	1948	4184	4476	2392	3624	100	124	7964	15266	0	98	35614	0	206	6650	0	636	2260	6120	9784	32782	2174	24548	0	0	0	212	0	168	0	0	0	0	0	0	0	0	0	0	0	0	0	0	0	0	0	0	0	0	0	0	0	0	0	0	0	0	0	0	1096	8546	290	3704	0	0	0	0	0	0	0	0	0	110	0	0	0	0	0	0	0	0	0	0	0	0	0	0	0	0	0	0	0	0	0	0	0	0	0	0	0	0	0	0	0	0	
26220	Frontal_Med_Orb_L	0	0	488	0	2542	0	0	0	1064	0	0	0	0	0	0	0	0	0	0	0	334	176	1668	206	0	952	1338	114	0	0	2948	230	0	0	0	0	0	0	0	0	0	0	0	0	0	0	0	0	0	0	0	0	0	0	0	0	0	0	0	0	0	0	0	0	0	0	0	0	0	0	426	0	624	0	0	0	0	0	0	0	0	0	0	0	0	0	0	0	0	0	0	0	0	0	0	0	0	0	0	0	0	0	0	0	0	0	0	0	0	0	0	0	0	0	0	0	
88276	Frontal_Med_Orb_R	0	0	300	3566	218	6522	0	0	122	0	0	0	0	326	0	0	0	0	140	526	0	756	1358	6650	952	0	0	5210	0	254	1892	7214	0	448	0	0	0	0	0	0	0	0	0	0	0	0	0	0	0	0	0	0	0	0	0	0	0	0	0	0	0	0	0	0	0	0	0	0	0	0	524	4990	238	1932	0	0	0	0	0	0	0	0	0	0	0	0	0	0	0	0	0	0	0	0	0	0	0	0	0	0	0	0	0	0	0	0	0	0	0	0	0	0	0	0	0	0	
38840	Rectus_L	0	0	282	0	4116	120	0	0	1704	0	0	0	0	0	478	0	0	0	0	0	2228	1634	366	0	1338	0	0	688	148	0	2066	990	0	0	0	0	0	0	0	0	0	0	0	0	0	0	0	0	0	0	0	0	0	0	0	0	0	0	0	0	0	0	0	0	0	0	0	0	0	0	1890	554	818	0	0	0	0	0	0	0	0	0	0	0	0	0	0	0	0	0	0	0	0	0	0	0	0	0	0	0	0	0	0	0	0	0	0	0	0	0	0	0	0	0	0	0	
59952	Rectus_R	0	0	0	462	0	5198	0	0	0	474	0	0	0	0	0	648	0	0	0	98	1662	3434	386	636	114	5210	688	0	0	348	1258	4062	0	348	0	0	0	0	0	168	0	154	0	0	0	0	0	0	0	0	0	0	0	0	0	0	0	0	0	0	0	0	0	0	0	0	0	0	0	0	1696	2168	388	376	0	0	0	0	0	0	0	0	0	0	0	0	0	0	0	0	0	0	0	0	0	0	0	0	0	0	0	0	0	0	0	0	0	0	0	0	0	0	0	0	0	0	
657540	Insula_L	7772	0	36820	2664	13808	0	14516	1894	2314	0	25872	146	28066	2064	18294	400	32566	0	14324	2804	2028	0	4604	2260	0	0	148	0	0	370	3144	1966	348	1930	0	0	13300	0	2336	0	1490	0	0	0	0	0	0	0	0	0	316	0	304	0	4876	0	6782	0	0	0	520	0	1642	0	0	0	0	0	0	0	3544	0	18712	0	100	0	1006	0	8772	0	18412	0	11298	0	5708	0	0	0	8530	0	0	0	0	0	0	0	0	0	0	0	0	0	0	0	0	0	0	0	0	0	0	0	0	0	0	0	
335016	Insula_R	0	1716	806	15522	0	4810	322	2542	0	458	0	13196	404	13600	278	3718	0	11550	1766	6864	0	2802	1328	6120	0	254	0	348	370	0	210	5234	108	2020	0	592	0	12748	122	4326	0	3708	0	198	0	0	0	288	0	0	0	184	0	758	0	4914	0	2208	0	0	0	0	0	734	0	0	0	248	0	0	194	5102	0	18116	0	154	0	1290	0	1456	0	5994	0	3062	0	864	0	0	0	3902	0	0	0	0	0	0	0	0	0	0	0	0	0	0	0	0	0	0	0	0	0	0	0	0	0	0	
330276	Cingulum_Ant_L	138	0	18270	9102	2914	98	5456	670	1680	0	3068	0	4124	554	682	94	666	0	7912	7028	2450	2032	23704	9784	2948	1892	2066	1258	3144	210	0	23214	4296	11390	0	0	0	0	0	0	0	0	0	0	0	0	0	0	0	0	0	0	0	0	0	0	194	0	0	0	0	0	0	0	0	0	0	0	0	0	6142	1922	5522	188	0	0	0	0	0	0	136	0	190	0	0	0	0	0	0	0	0	0	0	0	0	0	0	0	0	0	0	0	0	0	0	0	0	0	0	0	0	0	0	0	0	0	
542416	Cingulum_Ant_R	0	0	9278	40916	504	7416	2908	2938	0	0	1124	1258	2902	5326	1180	952	322	0	8814	22640	2208	2442	18934	32782	230	7214	990	4062	1966	5234	23214	0	2862	31444	0	0	0	188	0	144	0	0	0	0	0	0	0	0	0	0	0	0	0	0	0	0	0	0	0	0	0	0	0	0	0	0	0	0	0	0	4420	18298	1314	4784	0	0	0	0	0	0	0	0	0	0	0	0	0	0	0	0	0	0	0	0	0	0	0	0	0	0	0	0	0	0	0	0	0	0	0	0	0	0	0	0	0	0	
174636	Cingulum_Mid_L	218	352	6032	2906	0	0	1674	172	0	0	0	0	1136	0	664	0	0	194	14678	6462	0	0	5314	2174	0	0	0	0	348	108	4296	2862	0	15282	7392	2620	0	0	0	0	0	0	324	0	1778	0	0	0	556	0	0	0	0	0	0	0	0	98	0	108	0	0	0	246	0	0	4166	1566	2646	320	0	0	132	0	126	0	0	222	0	0	0	146	0	0	0	0	0	0	0	0	0	0	0	0	0	0	0	0	0	0	0	0	0	0	0	0	0	0	0	0	0	0	0	0	0	0	
662076	Cingulum_Mid_R	832	3370	18136	41542	124	218	3958	6734	0	0	314	650	3618	3006	2110	2350	160	346	29964	51346	0	0	19374	24548	0	448	0	348	1930	2020	11390	31444	15282	0	3254	12108	0	252	0	104	0	0	0	1548	0	2246	0	194	0	1264	0	1026	0	176	0	0	304	394	0	410	0	490	0	868	0	734	2408	10150	2010	8456	872	1990	234	1204	0	0	0	696	0	0	0	456	0	0	0	902	0	0	0	726	0	0	0	0	0	0	0	0	0	0	0	0	0	0	0	0	0	0	0	0	0	0	0	0	0	0	
129732	Cingulum_Post_L	3196	5182	0	1208	0	0	0	0	0	0	0	0	0	0	0	0	0	0	3948	5724	0	0	0	0	0	0	0	0	0	0	0	0	7392	3254	0	4794	2276	934	1630	0	0	0	2888	0	1306	0	496	0	352	0	956	0	314	0	772	0	734	0	0	0	206	0	0	0	0	0	5318	342	6698	1792	0	192	110	0	98	0	0	2398	0	0	0	0	0	0	144	0	0	0	212	0	0	0	0	0	0	0	0	0	0	0	0	0	0	0	0	0	0	0	0	0	0	0	0	0	0	0	
163824	Cingulum_Post_R	292	4908	0	1344	0	0	0	260	0	0	0	94	0	0	0	0	0	400	2460	11796	0	0	0	0	0	0	0	0	0	592	0	0	2620	12108	4794	0	504	5828	326	568	0	0	0	1858	224	1500	0	1624	0	184	0	236	0	462	0	462	0	250	0	0	0	0	0	294	0	602	2350	10166	1242	5758	0	0	0	930	0	0	0	2902	0	0	0	118	0	0	0	338	0	0	0	588	0	0	0	0	0	0	0	0	0	0	0	0	0	0	0	0	0	0	0	0	930	0	0	0	0	0	
241608	Hippocampus_L	2396	442	3330	974	94	0	228	720	0	0	742	0	0	106	0	0	3880	248	2078	452	378	0	0	0	0	0	0	0	13300	0	0	0	0	0	2276	504	0	556	16198	0	7698	0	1296	0	0	0	3076	0	0	0	0	0	0	0	14806	0	2596	0	0	0	0	0	488	0	0	0	1778	0	140	0	746	288	11308	0	922	0	4046	2098	5698	0	2372	0	1210	0	514	0	0	0	8146	0	370	0	200	0	0	0	1158	0	676	0	0	0	146	0	0	0	0	0	0	0	126	0	0	0	0	0	
343084	Hippocampus_R	620	4732	0	5064	0	244	0	2898	0	0	0	2802	0	1480	0	0	0	5060	282	2554	0	644	0	212	0	0	0	0	0	12748	0	188	0	252	934	5828	556	0	1326	29116	0	10008	0	900	0	106	0	9202	0	0	0	162	0	544	0	22824	0	2990	0	0	0	0	0	1138	0	0	0	4190	708	118	118	794	0	17200	0	1698	0	7028	0	474	0	2418	0	1642	0	272	0	0	0	5320	0	0	0	0	0	0	0	2584	0	110	0	0	0	0	0	0	0	0	0	0	1454	0	0	0	0	0	
119472	ParaHippocampal_L	520	414	400	752	362	0	0	218	0	0	166	0	0	0	530	0	172	376	218	652	832	0	0	0	0	0	0	0	2336	122	0	0	0	0	1630	326	16198	1326	0	162	2740	0	932	0	0	0	3926	898	0	0	0	0	0	0	6860	216	132	214	0	0	0	0	0	0	0	0	1418	0	454	0	126	0	2502	370	150	0	938	2086	0	0	102	112	998	0	0	0	0	0	1008	0	966	0	518	0	210	0	2118	0	1226	0	122	0	416	0	0	0	0	0	0	166	100	0	0	0	0	0	
243748	ParaHippocampal_R	152	448	0	1126	0	454	0	358	0	0	0	1660	0	1000	0	310	0	268	0	824	0	1524	0	168	0	0	0	168	0	4326	0	144	0	104	0	568	0	29116	162	0	0	7792	0	1948	0	598	0	13246	0	214	0	1046	0	2640	0	23042	0	204	0	0	0	0	0	0	0	0	0	2202	178	0	0	482	0	8230	0	1518	0	1534	0	0	0	714	0	3954	0	974	0	652	0	3852	0	144	0	0	0	98	0	3082	0	186	0	0	0	0	0	0	0	0	0	0	464	0	0	0	0	0	
36832	Amygdala_L	0	0	0	0	0	0	0	0	0	0	0	0	0	0	0	0	0	0	0	0	482	0	0	0	0	0	0	0	1490	0	0	0	0	0	0	0	7698	0	2740	0	0	0	0	0	0	0	0	0	0	0	0	0	0	0	3922	0	0	0	0	0	0	0	0	0	0	0	0	0	0	0	0	0	228	0	0	0	0	0	0	0	0	0	940	0	0	0	0	0	916	0	0	0	0	0	0	0	0	0	0	0	0	0	0	0	0	0	0	0	0	0	0	0	0	0	0	0	
68760	Amygdala_R	0	0	0	232	0	120	0	0	0	0	0	0	0	0	0	0	0	0	0	244	0	2334	0	0	0	0	0	154	0	3708	0	0	0	0	0	0	0	10008	0	7792	0	0	0	0	0	0	0	0	0	0	0	0	0	0	0	3702	0	0	0	0	0	0	0	0	0	0	0	0	0	0	0	0	0	2890	0	0	0	0	0	0	0	0	0	3072	0	0	0	124	0	0	0	0	0	0	0	0	0	0	0	0	0	0	0	0	0	0	0	0	0	0	0	0	0	0	0	0	
276408	Calcarine_L	406	0	0	0	0	0	0	0	0	0	0	0	0	0	0	0	102	0	0	0	0	0	0	0	0	0	0	0	0	0	0	0	324	0	2888	0	1296	0	932	0	0	0	0	7300	14296	4852	13728	3634	10798	2606	25934	470	8400	138	5292	284	1834	0	1842	0	3972	0	712	0	824	0	16104	572	1318	0	0	0	0	0	0	0	0	0	0	0	370	0	0	0	3156	0	0	0	2358	0	0	0	0	0	0	0	470	0	294	222	0	0	0	0	0	0	0	0	0	0	476	0	0	0	0	0	
380944	Calcarine_R	0	338	0	0	0	0	0	0	0	0	0	0	0	0	0	0	0	170	0	408	0	0	0	0	0	0	0	0	0	198	0	0	0	1548	0	1858	0	900	0	1948	0	0	7300	0	3948	28756	1688	29156	96	22352	176	16598	0	7736	132	11570	0	176	0	602	0	768	0	486	0	1396	1686	27052	0	532	0	0	0	0	0	0	0	0	0	454	0	822	0	0	0	10002	0	0	0	6956	0	1132	0	0	0	0	0	102	0	1056	0	0	0	0	0	0	0	0	0	0	374	0	0	0	0	0	
244212	Cuneus_L	740	0	0	0	0	0	0	0	0	0	0	0	0	0	0	0	0	0	0	0	0	0	0	0	0	0	0	0	0	0	0	0	1778	0	1306	224	0	0	0	0	0	0	14296	3948	0	7534	582	266	27860	1790	14884	344	2636	0	438	0	1398	0	6154	0	1728	0	298	0	292	0	27934	1534	2854	0	0	0	0	0	0	0	0	0	0	0	0	0	0	0	646	104	0	0	538	0	0	0	0	0	0	0	0	0	0	0	0	0	0	0	0	0	0	0	0	0	0	0	0	0	0	0	
299272	Cuneus_R	0	342	0	0	0	0	0	0	0	0	0	0	0	0	0	0	0	0	0	768	0	0	0	0	0	0	0	0	0	0	0	0	0	2246	0	1500	0	106	0	598	0	0	4852	28756	7534	0	294	5658	114	35870	0	11790	0	2092	0	2494	0	0	0	3548	0	0	0	94	0	570	6402	25308	0	650	0	0	0	0	0	0	0	0	0	160	0	268	0	0	0	5278	0	0	0	2076	0	0	0	0	0	0	0	0	0	116	0	0	0	0	0	0	0	0	0	0	152	0	0	0	0	0	
257004	Lingual_L	290	0	0	0	0	0	0	0	0	0	0	0	0	0	0	0	0	0	0	112	0	0	0	0	0	0	0	0	0	0	0	0	0	0	496	0	3076	0	3926	0	0	0	13728	1688	582	294	0	3566	3352	246	11220	0	6240	0	19532	1236	0	0	0	0	444	0	0	0	0	0	3714	168	258	0	0	182	178	0	0	0	222	350	0	0	0	0	0	0	118	0	0	0	692	0	9968	1192	1794	162	878	0	12706	1518	14306	1998	340	0	1112	136	0	0	0	0	0	150	2968	2810	384	0	0	170	
450216	Lingual_R	0	338	0	184	0	0	0	136	0	0	0	146	0	0	0	0	0	184	0	250	0	0	0	0	0	0	0	0	0	288	0	0	0	194	0	1624	0	9202	898	13246	0	0	3634	29156	266	5658	3566	0	94	7232	252	12968	0	12542	1336	39332	0	208	0	0	0	0	0	0	0	0	184	9402	0	0	0	0	0	1062	0	540	0	1064	0	122	0	202	0	0	0	4726	0	0	0	5536	1412	8420	300	208	340	188	3420	12538	5568	11976	0	0	328	0	142	124	0	0	0	196	7538	5662	550	302	124	0	
303936	Occipital_Sup_L	896	0	0	0	0	0	0	0	0	0	0	0	0	0	0	0	112	0	0	0	0	0	0	0	0	0	0	0	0	0	0	0	556	0	352	0	0	0	0	0	0	0	10798	96	27860	114	3352	94	0	0	40474	0	5384	0	2068	0	1268	0	19876	0	9042	0	496	0	1646	0	23504	0	1960	0	0	0	0	0	0	0	0	0	0	0	158	0	0	0	1010	0	0	0	748	0	0	0	0	0	0	0	0	0	104	0	0	0	0	0	0	0	0	0	0	0	0	0	0	0	0	0	
292328	Occipital_Sup_R	0	296	0	0	0	0	0	0	0	0	0	0	0	0	0	0	0	0	0	492	0	0	0	0	0	0	0	0	0	0	0	0	0	1264	0	184	0	0	0	214	0	0	2606	22352	1790	35870	246	7232	0	0	0	24104	0	2522	0	3450	0	0	0	7426	0	552	0	0	0	2572	3816	17190	0	480	0	0	0	0	0	0	0	0	0	0	0	102	0	0	0	8418	0	0	0	2330	0	338	0	0	0	0	0	0	0	318	0	0	0	0	0	0	0	0	0	0	0	0	0	0	0	0	
530032	Occipital_Mid_L	4296	0	0	0	0	0	0	0	0	0	0	0	0	0	0	0	1168	0	0	0	0	0	0	0	0	0	0	0	316	0	0	0	0	0	956	0	0	0	0	0	0	0	25934	176	14884	0	11220	252	40474	0	0	0	23132	0	7212	0	1570	0	18290	0	33240	0	3566	0	21578	0	16884	0	4170	0	0	0	0	0	0	0	0	0	904	0	1840	0	0	0	22952	0	0	0	9264	0	0	0	0	0	0	0	154	0	312	0	0	0	0	0	0	0	0	0	0	0	130	142	0	0	0	0	
306032	Occipital_Mid_R	0	398	0	0	0	0	0	0	0	0	0	0	0	0	0	0	0	0	0	662	0	0	0	0	0	0	0	0	0	184	0	0	0	1026	0	236	0	162	0	1046	0	0	470	16598	344	11790	0	12968	0	24104	0	0	0	10442	0	10674	0	0	0	962	0	554	0	360	0	6006	1692	11942	0	672	0	0	0	0	0	0	0	0	0	330	0	658	0	0	0	28552	0	0	0	9400	0	472	0	0	0	0	0	104	0	208	0	0	0	0	0	0	0	0	0	0	0	0	0	0	0	0	
161308	Occipital_Inf_L	1230	0	0	0	0	0	0	0	0	0	0	0	0	0	0	0	808	0	0	0	0	0	0	0	0	0	0	0	304	0	0	0	0	0	314	0	0	0	0	0	0	0	8400	0	2636	0	6240	0	5384	0	23132	0	0	0	11038	0	258	0	598	0	1190	0	612	0	172	0	3784	0	844	0	0	0	0	0	0	0	0	0	906	0	654	0	0	0	3972	0	0	0	7110	0	94	116	0	0	0	0	100	0	430	118	0	0	0	0	0	0	0	0	0	0	0	210	0	0	0	0	
177900	Occipital_Inf_R	0	618	0	0	0	0	0	0	0	0	0	0	0	0	0	0	0	826	0	374	0	0	0	0	0	0	0	0	0	758	0	0	0	176	0	462	0	544	0	2640	0	0	138	7736	0	2092	0	12542	0	2522	0	10442	0	0	0	16394	0	672	0	0	0	0	0	370	0	0	212	4544	0	542	0	0	0	0	0	0	0	262	0	644	0	460	0	0	0	6442	0	0	0	15574	0	500	0	0	0	0	0	134	0	330	0	0	0	0	0	0	0	0	0	0	0	0	0	0	0	0	
382924	Fusiform_L	1708	126	276	0	0	0	0	0	0	0	114	0	0	0	0	0	2408	0	100	100	172	0	0	0	0	0	0	0	4876	0	0	0	0	0	772	0	14806	0	6860	0	3922	0	5292	132	438	0	19532	1336	2068	0	7212	0	11038	0	0	1010	334	0	0	0	826	0	294	0	0	0	2194	0	866	0	106	0	3006	0	0	0	686	0	2158	0	3228	0	3508	0	3888	0	3580	0	23366	0	16654	1432	2474	170	0	0	7236	1236	20708	1854	950	0	988	156	0	0	0	0	0	0	2178	2634	454	0	0	0	
530824	Fusiform_R	98	312	0	554	0	0	0	166	0	0	0	1216	0	736	0	0	0	362	0	452	0	0	0	0	0	0	0	0	0	4914	0	0	0	0	0	462	0	22824	216	23042	0	3702	284	11570	0	2494	1236	39332	0	3450	0	10674	0	16394	1010	0	0	368	0	0	0	0	0	0	0	0	110	3730	112	216	0	126	0	6006	0	124	0	534	0	496	0	2910	0	6602	0	5370	0	1712	0	22360	1096	14800	464	1010	210	0	2882	11972	4976	17252	0	100	370	686	136	172	0	0	0	110	5954	5634	876	314	122	0	
266788	Postcentral_L	30328	666	2976	738	136	0	1296	1230	0	0	4454	0	2206	174	0	0	8746	0	1916	996	0	0	0	0	0	0	0	0	6782	0	194	0	0	304	734	0	2596	0	132	0	0	0	1834	0	1398	0	0	0	1268	0	1570	0	258	0	334	0	0	0	7610	0	18466	0	13724	0	614	0	2322	0	2678	224	1254	0	1944	0	388	0	1668	200	2488	0	4772	0	0	0	1192	0	0	0	584	0	0	0	0	0	0	0	0	0	0	0	0	0	0	0	0	0	0	0	0	0	0	0	0	0	0	0	
149788	Postcentral_R	0	17916	0	588	0	0	0	1044	0	0	0	2036	0	0	0	0	0	3950	0	1020	0	0	0	0	0	0	0	0	0	2208	0	0	98	394	0	250	0	2990	214	204	0	0	0	176	0	0	0	208	0	0	0	0	0	672	0	368	0	0	0	5908	0	7190	0	10824	0	826	0	3412	0	6022	0	0	0	1936	0	168	0	822	0	230	0	742	0	0	0	420	0	0	0	2058	0	0	0	0	0	0	0	0	0	0	0	0	0	0	0	0	0	0	0	0	0	0	0	0	0	0	
173192	Parietal_Sup_L	0	0	0	0	0	0	0	0	0	0	0	0	0	0	0	0	0	0	0	0	0	0	0	0	0	0	0	0	0	0	0	0	0	0	0	0	0	0	0	0	0	0	1842	0	6154	0	0	0	19876	0	18290	0	598	0	0	0	7610	0	0	0	15248	0	0	0	3630	0	11196	0	1616	0	0	0	0	0	0	0	0	0	0	0	0	0	0	0	328	0	0	0	208	0	0	0	0	0	0	0	0	0	0	0	0	0	0	0	0	0	0	0	0	0	0	0	0	0	0	0	
86052	Parietal_Sup_R	0	0	0	0	0	0	0	0	0	0	0	0	0	0	0	0	0	0	0	0	0	0	0	0	0	0	0	0	0	0	0	0	108	410	0	0	0	0	0	0	0	0	0	602	0	3548	0	0	0	7426	0	962	0	0	0	0	0	5908	0	0	0	4886	0	1474	0	3398	856	10892	0	1568	0	0	0	0	0	0	0	0	0	0	0	264	0	0	0	256	0	0	0	468	0	0	0	0	0	0	0	0	0	0	0	0	0	0	0	0	0	0	0	0	0	0	0	0	0	0	
352584	Parietal_Inf_L	5798	0	0	0	0	0	0	0	0	0	0	0	0	0	0	0	876	0	0	0	0	0	0	0	0	0	0	0	520	0	0	0	0	0	206	0	0	0	0	0	0	0	3972	0	1728	0	444	0	9042	0	33240	0	1190	0	826	0	18466	0	15248	0	0	0	28882	0	20510	0	3226	0	1838	0	0	0	0	0	0	0	0	0	290	0	3290	0	0	0	19876	0	0	0	6824	0	0	0	0	0	0	0	0	0	0	0	0	0	0	0	0	0	0	0	0	0	0	0	0	0	0	0	
81744	Parietal_Inf_R	0	1604	0	0	0	0	0	286	0	0	0	0	0	0	0	0	0	120	0	176	0	0	0	0	0	0	0	0	0	0	0	0	0	490	0	0	0	0	0	0	0	0	0	768	0	0	0	0	0	552	0	554	0	0	0	0	0	7190	0	4886	0	0	0	9646	0	9240	0	2322	0	340	0	0	0	0	0	0	0	0	0	0	0	478	0	0	0	1420	0	0	0	800	0	0	0	0	0	0	0	0	0	0	0	0	0	0	0	0	0	0	0	0	0	0	0	0	0	0	
197112	SupraMarginal_L	4706	0	0	0	0	0	0	0	0	0	0	0	0	0	0	0	3554	0	0	0	0	0	0	0	0	0	0	0	1642	0	0	0	0	0	0	0	488	0	0	0	0	0	712	0	298	0	0	0	496	0	3566	0	612	0	294	0	13724	0	0	0	28882	0	0	0	5770	0	288	0	580	0	0	0	0	0	0	0	0	0	748	0	9622	0	0	0	16618	0	0	0	5956	0	0	0	0	0	0	0	0	0	0	0	0	0	0	0	0	0	0	0	0	0	0	0	0	0	0	0	
119044	SupraMarginal_R	0	3382	0	0	0	0	0	700	0	0	0	0	0	0	0	0	0	3190	0	348	0	0	0	0	0	0	0	0	0	734	0	0	246	868	0	294	0	1138	0	0	0	0	0	486	0	94	0	0	0	0	0	360	0	370	0	0	0	10824	0	1474	0	9646	0	0	0	6226	0	3706	0	348	0	0	0	0	0	0	0	0	0	0	0	5938	0	0	0	5174	0	0	0	3976	0	0	0	0	0	0	0	0	0	0	0	0	0	0	0	0	0	0	0	0	0	0	0	0	0	0	
135708	Angular_L	102	0	0	0	0	0	0	0	0	0	0	0	0	0	0	0	156	0	0	0	0	0	0	0	0	0	0	0	0	0	0	0	0	0	0	0	0	0	0	0	0	0	824	0	292	0	0	0	1646	0	21578	0	172	0	0	0	614	0	3630	0	20510	0	5770	0	0	0	352	0	396	0	0	0	0	0	0	0	0	0	0	0	1666	0	0	0	9818	0	0	0	328	0	0	0	0	0	0	0	0	0	0	0	0	0	0	0	0	0	0	0	0	0	0	0	0	0	0	0	
87180	Angular_R	0	308	0	0	0	0	0	0	0	0	0	0	0	0	0	0	0	0	0	446	0	0	0	0	0	0	0	0	0	0	0	0	0	734	0	602	0	0	0	0	0	0	0	1396	0	570	0	0	0	2572	0	6006	0	0	0	0	0	826	0	3398	0	9240	0	6226	0	0	0	2492	0	658	0	0	0	0	0	0	0	0	0	0	0	2158	0	0	0	4768	0	0	0	1190	0	0	0	0	0	0	0	0	0	0	0	0	0	0	0	0	0	0	0	0	0	0	0	0	0	0	
327796	Precuneus_L	714	132	0	0	0	0	0	0	0	0	0	0	0	0	0	0	0	0	486	1054	0	0	0	0	0	0	0	0	0	0	0	0	4166	2408	5318	2350	1778	0	1418	0	0	0	16104	1686	27934	6402	3714	184	23504	3816	16884	1692	3784	212	2194	110	2322	0	11196	856	3226	0	288	0	352	0	0	10186	3222	306	0	0	0	0	0	0	0	200	0	0	0	0	0	0	992	726	0	0	784	306	0	0	0	0	0	0	420	0	128	0	0	0	0	0	0	0	0	0	0	0	344	0	0	0	0	0	
399832	Precuneus_R	0	1670	0	0	0	0	0	0	0	0	0	0	0	0	0	0	0	1540	316	3242	0	0	0	0	0	0	0	0	0	248	0	0	1566	10150	342	10166	0	4190	0	2202	0	0	572	27052	1534	25308	168	9402	0	17190	0	11942	0	4544	0	3730	0	3412	0	10892	0	2322	0	3706	0	2492	10186	0	342	5052	0	0	0	0	0	0	0	648	0	560	0	2804	0	0	0	9564	0	0	0	8664	0	0	0	0	0	0	0	462	0	0	0	0	0	0	0	0	0	0	0	0	1736	0	0	0	0	0	
203652	Paracentral_Lobule_L	28668	8892	1028	4900	0	0	0	828	0	0	0	0	0	0	0	0	140	0	5096	6926	0	0	0	0	0	0	0	0	0	0	0	0	2646	2010	6698	1242	140	708	454	178	0	0	1318	0	2854	0	258	0	1960	0	4170	0	844	0	866	112	2678	0	1616	0	1838	0	580	0	396	0	3222	342	0	280	100	1100	160	0	112	0	0	3618	0	0	142	0	0	0	1548	0	0	0	1158	0	0	0	0	0	0	0	0	0	0	0	0	0	0	0	0	0	0	0	0	0	0	0	0	0	0	0	
131820	Paracentral_Lobule_R	406	12620	0	0	0	0	0	0	0	0	0	0	0	0	0	0	0	304	0	13700	0	0	0	0	0	0	0	0	0	0	0	0	320	8456	1792	5758	0	118	0	0	0	0	0	532	0	650	0	0	0	480	0	672	0	542	0	216	224	6022	0	1568	0	340	0	348	0	658	306	5052	280	0	0	0	0	0	0	0	0	144	0	98	0	326	0	0	0	1244	0	0	0	2734	0	0	0	0	0	0	0	0	0	0	0	0	0	0	0	0	0	0	0	0	0	0	0	0	0	0	
265212	Caudate_L	7152	410	11738	7558	1328	1284	4264	3736	128	0	2704	504	100	2810	338	192	1604	0	10886	6444	6140	6312	1012	1096	426	524	1890	1696	3544	194	6142	4420	0	872	0	0	746	118	126	0	0	0	0	0	0	0	0	0	0	0	0	0	0	0	106	0	1254	0	0	0	0	0	0	0	0	0	0	0	100	0	0	4656	12794	550	2204	0	11502	524	0	0	478	0	0	0	0	0	0	0	0	0	0	0	0	0	0	0	0	0	0	0	0	0	0	0	0	0	0	0	0	0	0	0	0	0	0	0	
331816	Caudate_R	772	1644	448	18308	0	9284	0	1744	0	514	0	5516	0	2846	0	1886	0	338	10232	22238	2986	4426	1770	8546	0	4990	554	2168	0	5102	1922	18298	0	1990	192	0	288	794	0	482	0	0	0	0	0	0	182	0	0	0	0	0	0	0	0	126	0	0	0	0	0	0	0	0	0	0	0	0	1100	0	4656	0	1304	9706	0	1580	0	16590	0	0	0	0	0	386	0	0	0	0	0	0	0	0	0	0	0	0	0	0	0	0	0	0	0	0	0	0	0	0	0	0	0	0	0	0	0	0	
327352	Putamen_L	3512	404	21744	1280	8588	376	1766	1266	1758	0	2898	100	870	916	4170	0	1820	0	18422	1728	1966	1832	2210	290	624	238	818	388	18712	0	5522	1314	132	234	110	0	11308	0	2502	0	228	0	0	0	0	0	178	0	0	0	0	0	0	0	3006	0	1944	0	0	0	0	0	0	0	0	0	0	0	160	0	12794	1304	0	200	11488	0	4554	230	384	0	1226	0	2914	0	506	0	0	0	2420	0	0	0	0	0	0	0	140	0	182	0	0	0	0	0	0	0	0	0	0	0	0	0	0	0	0	0	
272472	Putamen_R	0	1948	0	11648	0	5958	0	1858	0	858	0	6548	0	2090	0	800	0	4642	204	7232	364	794	1004	3704	0	1932	0	376	0	18116	188	4784	0	1204	0	930	0	17200	370	8230	0	2890	0	0	0	0	0	1062	0	0	0	0	0	0	0	6006	0	1936	0	0	0	0	0	0	0	0	0	0	0	0	550	9706	200	0	0	4432	0	1654	0	274	0	1734	0	1586	0	0	0	0	0	896	0	0	0	0	0	0	0	328	0	0	0	0	0	0	0	0	0	0	0	0	0	0	0	0	0	0	
64480	Pallidum_L	864	266	3536	372	0	0	232	258	0	0	0	0	0	0	0	0	0	0	5984	708	0	0	0	0	0	0	0	0	100	0	0	0	126	0	98	0	922	0	150	0	0	0	0	0	0	0	0	0	0	0	0	0	0	0	0	0	388	0	0	0	0	0	0	0	0	0	0	0	112	0	2204	0	11488	0	0	0	4240	192	0	0	0	0	0	0	0	0	0	0	0	0	0	0	0	0	0	0	0	0	0	0	0	0	0	0	0	0	0	0	0	0	0	0	0	0	0	0	
38824	Pallidum_R	0	224	0	4314	0	0	0	682	0	0	0	304	0	0	0	0	0	0	122	3188	0	0	0	0	0	0	0	0	0	154	0	0	0	0	0	0	0	1698	0	1518	0	0	0	0	0	0	0	540	0	0	0	0	0	0	0	124	0	168	0	0	0	0	0	0	0	0	0	0	0	0	0	1580	0	4432	0	0	0	96	0	0	0	0	0	0	0	0	0	0	0	0	0	0	0	0	0	0	0	268	0	0	0	0	0	0	0	0	0	0	0	0	0	0	0	0	0	0	
98668	Thalamus_L	2816	1130	7812	788	0	0	424	1518	0	0	0	0	0	0	0	0	260	0	1224	234	0	0	0	0	0	0	0	0	1006	0	0	0	0	0	0	0	4046	0	938	0	0	0	0	0	0	0	222	0	0	0	0	0	0	0	686	0	1668	0	0	0	0	0	0	0	0	0	0	0	0	0	11502	0	4554	0	4240	0	0	2094	1052	0	376	0	0	0	132	0	0	0	612	0	0	0	0	0	0	0	0	0	0	0	0	0	0	0	0	0	0	0	0	0	0	0	0	0	0	0	
199136	Thalamus_R	3010	4468	396	10260	0	0	0	2042	0	0	0	260	0	0	0	0	0	2150	7304	18626	0	0	0	0	0	0	0	0	0	1290	0	0	222	696	2398	2902	2098	7028	2086	1534	0	0	0	0	0	0	350	1064	0	0	0	0	0	262	0	534	200	822	0	0	0	0	0	0	0	0	200	648	3618	144	524	16590	230	1654	192	96	2094	0	104	194	0	276	0	0	0	0	0	0	0	310	0	0	0	0	0	0	120	358	0	0	0	0	0	0	0	0	0	0	0	0	214	0	0	0	0	0	
87124	Heschl_L	2256	0	298	0	0	0	0	0	0	0	428	0	0	0	0	0	6274	0	208	0	0	0	0	0	0	0	0	0	8772	0	0	0	0	0	0	0	5698	0	0	0	0	0	0	0	0	0	0	0	0	0	904	0	906	0	2158	0	2488	0	0	0	290	0	748	0	0	0	0	0	0	0	0	0	384	0	0	0	1052	104	0	0	4424	0	0	0	2848	0	0	0	3322	0	0	0	0	0	0	0	0	0	0	0	0	0	0	0	0	0	0	0	0	0	0	0	0	0	0	0	
26656	Heschl_R	0	118	0	0	0	0	0	0	0	0	0	0	0	0	0	0	0	1968	0	0	0	0	0	0	0	0	0	0	0	1456	0	0	0	0	0	0	0	474	0	0	0	0	0	454	0	160	0	122	0	0	0	330	0	644	0	496	0	230	0	0	0	0	0	0	0	0	0	560	0	98	0	0	0	274	0	0	0	194	0	0	0	2666	0	0	0	1160	0	0	0	1924	0	0	0	0	0	0	0	0	0	0	0	0	0	0	0	0	0	0	0	0	0	0	0	0	0	0	
277736	Temporal_Sup_L	2172	0	4240	0	290	0	2600	198	0	0	6308	0	492	170	108	0	16330	0	1424	0	0	0	0	0	0	0	0	0	18412	0	136	0	0	0	0	0	2372	0	102	0	0	0	370	0	0	0	0	0	158	0	1840	0	654	0	3228	0	4772	0	0	0	3290	0	9622	0	1666	0	0	0	142	0	478	0	1226	0	0	0	376	0	4424	0	0	0	5868	0	25436	0	620	0	19344	0	0	0	0	0	0	0	0	0	0	0	0	0	0	0	0	0	0	0	0	0	0	0	0	0	0	0	
139988	Temporal_Sup_R	0	386	0	386	0	0	0	174	0	0	0	824	0	0	0	552	0	5714	0	360	0	0	0	0	0	0	0	0	0	5994	0	0	146	456	0	118	0	2418	112	714	0	0	0	822	0	268	0	202	0	102	0	658	0	460	0	2910	0	742	0	264	0	478	0	5938	0	2158	0	2804	0	326	0	0	0	1734	0	0	0	276	0	2666	0	0	0	2550	0	15452	0	154	0	10676	0	0	0	0	0	0	0	0	0	0	0	0	0	0	0	0	0	0	0	0	0	0	0	0	0	0	
133472	Temporal_Pole_Sup_L	0	0	1756	0	2504	0	326	0	826	0	2966	0	906	0	3048	0	1344	0	642	0	628	0	0	0	0	0	0	0	11298	0	190	0	0	0	0	0	1210	0	998	0	940	0	0	0	0	0	0	0	0	0	0	0	0	0	3508	0	0	0	0	0	0	0	0	0	0	0	0	0	0	0	0	0	2914	0	0	0	0	0	0	0	5868	0	0	0	9602	0	6608	0	8654	0	0	0	0	0	0	0	0	0	0	0	0	0	0	0	0	0	0	0	0	0	0	0	0	0	0	0	
72068	Temporal_Pole_Sup_R	0	0	0	656	0	222	0	0	0	0	0	1986	0	0	0	1210	0	768	132	396	0	480	0	110	0	0	0	0	0	3062	0	0	0	0	0	0	0	1642	0	3954	0	3072	0	0	0	0	0	0	0	0	0	0	0	0	0	6602	0	0	0	0	0	0	0	0	0	0	0	0	0	0	0	386	0	1586	0	0	0	0	0	0	0	2550	0	0	0	1546	0	2952	0	2722	0	0	0	0	0	0	0	0	0	0	0	0	0	0	0	0	0	0	0	0	0	0	0	0	0	0	
377084	Temporal_Mid_L	1764	0	174	0	0	0	0	0	0	0	240	0	0	0	0	0	2556	0	0	0	0	0	0	0	0	0	0	0	5708	0	0	0	0	0	144	0	514	0	0	0	0	0	3156	0	646	0	118	0	1010	0	22952	0	3972	0	3888	0	1192	0	328	0	19876	0	16618	0	9818	0	992	0	1548	0	0	0	506	0	0	0	132	0	2848	0	25436	0	9602	0	0	0	7380	0	45424	0	0	0	0	0	0	0	0	0	0	0	0	0	0	0	0	0	0	0	0	0	0	0	0	0	0	0	
291596	Temporal_Mid_R	0	468	0	0	0	0	0	0	0	0	0	0	0	0	0	116	0	194	0	622	0	0	0	0	0	0	0	0	0	864	0	0	0	902	0	338	0	272	0	974	0	0	0	10002	104	5278	0	4726	0	8418	0	28552	0	6442	0	5370	0	420	0	256	0	1420	0	5174	0	4768	726	9564	0	1244	0	0	0	0	0	0	0	0	0	1160	0	15452	0	1546	0	0	0	788	0	29638	0	0	0	0	0	0	0	0	0	0	0	0	0	0	0	0	0	0	0	0	0	0	0	0	0	0	
50636	Temporal_Pole_Mid_L	0	0	0	0	0	0	0	0	0	0	0	0	0	0	0	0	0	0	0	0	0	0	0	0	0	0	0	0	0	0	0	0	0	0	0	0	0	0	0	0	0	0	0	0	0	0	0	0	0	0	0	0	0	0	3580	0	0	0	0	0	0	0	0	0	0	0	0	0	0	0	0	0	0	0	0	0	0	0	0	0	620	0	6608	0	7380	0	0	0	7130	0	0	0	0	0	0	0	0	0	0	0	0	0	0	0	0	0	0	0	0	0	0	0	0	0	0	0	
13808	Temporal_Pole_Mid_R	0	0	0	0	0	0	0	0	0	0	0	0	0	0	0	0	0	0	0	0	0	0	0	0	0	0	0	0	0	0	0	0	0	0	0	0	0	0	0	652	0	124	0	0	0	0	0	0	0	0	0	0	0	0	0	1712	0	0	0	0	0	0	0	0	0	0	0	0	0	0	0	0	0	0	0	0	0	0	0	0	0	154	0	2952	0	788	0	0	0	522	0	0	0	0	0	0	0	0	0	0	0	0	0	0	0	0	0	0	0	0	0	0	0	0	0	0	
347224	Temporal_Inf_L	1570	0	476	0	0	0	0	0	0	0	178	0	0	0	0	0	2410	0	0	0	186	0	0	0	0	0	0	0	8530	0	0	0	0	0	212	0	8146	0	1008	0	916	0	2358	0	538	0	692	0	748	0	9264	0	7110	0	23366	0	584	0	208	0	6824	0	5956	0	328	0	784	0	1158	0	0	0	2420	0	0	0	612	0	3322	0	19344	0	8654	0	45424	0	7130	0	0	0	1406	0	836	0	0	0	200	0	558	0	156	0	0	0	0	0	0	0	0	0	0	0	0	0	0	0	
302560	Temporal_Inf_R	0	938	0	0	0	0	0	0	0	0	0	180	0	148	0	0	0	956	0	786	0	0	0	0	0	0	0	0	0	3902	0	0	0	726	0	588	0	5320	0	3852	0	0	0	6956	0	2076	0	5536	0	2330	0	9400	0	15574	0	22360	0	2058	0	468	0	800	0	3976	0	1190	306	8664	0	2734	0	0	0	896	0	0	0	310	0	1924	0	10676	0	2722	0	29638	0	522	0	0	0	1362	0	408	0	0	0	0	0	208	0	268	0	522	0	0	0	0	0	0	0	0	0	0	0	0	
459404	Cerebelum_Crus1_L	0	0	0	0	0	0	0	0	0	0	0	0	0	0	0	0	0	0	0	0	0	0	0	0	0	0	0	0	0	0	0	0	0	0	0	0	370	0	966	0	0	0	0	0	0	0	9968	1412	0	0	0	0	94	0	16654	1096	0	0	0	0	0	0	0	0	0	0	0	0	0	0	0	0	0	0	0	0	0	0	0	0	0	0	0	0	0	0	0	0	1406	0	0	4358	35632	2080	2210	172	25838	3978	55550	6572	12350	416	18818	2212	2048	644	246	0	592	900	7230	6558	6648	1690	632	362	
438072	Cerebelum_Crus1_R	0	0	0	0	0	0	0	0	0	0	0	0	0	0	0	0	0	0	0	0	0	0	0	0	0	0	0	0	0	0	0	0	0	0	0	0	0	0	0	144	0	0	0	1132	0	0	1192	8420	0	338	0	472	116	500	1432	14800	0	0	0	0	0	0	0	0	0	0	0	0	0	0	0	0	0	0	0	0	0	0	0	0	0	0	0	0	0	0	0	0	0	1362	4358	0	4270	30018	250	944	5082	17114	8834	51938	0	5236	1038	19288	0	3088	0	0	332	1438	8518	10884	13546	1526	1208	218	
335096	Cerebelum_Crus2_L	0	0	0	0	0	0	0	0	0	0	0	0	0	0	0	0	0	0	0	0	0	0	0	0	0	0	0	0	0	0	0	0	0	0	0	0	200	0	518	0	0	0	0	0	0	0	1794	300	0	0	0	0	0	0	2474	464	0	0	0	0	0	0	0	0	0	0	0	0	0	0	0	0	0	0	0	0	0	0	0	0	0	0	0	0	0	0	0	0	836	0	35632	4270	0	7532	1076	0	7328	958	12936	3388	30570	3070	32686	3576	3648	264	0	0	136	300	774	1148	8884	2634	152	0	
304096	Cerebelum_Crus2_R	0	0	0	0	0	0	0	0	0	0	0	0	0	0	0	0	0	0	0	0	0	0	0	0	0	0	0	0	0	0	0	0	0	0	0	0	0	0	0	0	0	0	0	0	0	0	162	208	0	0	0	0	0	0	170	1010	0	0	0	0	0	0	0	0	0	0	0	0	0	0	0	0	0	0	0	0	0	0	0	0	0	0	0	0	0	0	0	0	0	408	2080	30018	7532	0	0	484	1070	3212	2094	13832	1552	22152	2262	31638	316	6814	0	0	238	836	1746	1590	15152	4140	1332	0	
57812	Cerebelum_3_L	0	0	0	0	0	0	0	0	0	0	0	0	0	0	0	0	0	0	0	0	0	0	0	0	0	0	0	0	0	0	0	0	0	0	0	0	0	0	210	0	0	0	0	0	0	0	878	340	0	0	0	0	0	0	0	210	0	0	0	0	0	0	0	0	0	0	0	0	0	0	0	0	0	0	0	0	0	0	0	0	0	0	0	0	0	0	0	0	0	0	2210	250	1076	0	0	434	8104	426	2458	690	138	0	1540	100	1716	426	0	0	1436	1922	1940	1504	106	196	250	346	
31868	Cerebelum_3_R	0	0	0	0	0	0	0	0	0	0	0	0	0	0	0	0	0	0	0	0	0	0	0	0	0	0	0	0	0	0	0	0	0	0	0	0	0	0	0	98	0	0	0	0	0	0	0	188	0	0	0	0	0	0	0	0	0	0	0	0	0	0	0	0	0	0	0	0	0	0	0	0	0	0	0	0	0	0	0	0	0	0	0	0	0	0	0	0	0	0	172	944	0	484	434	0	642	2978	208	2628	0	0	98	378	240	704	0	0	468	2814	1068	182	338	462	406	0	
364316	Cerebelum_4_5_L	0	0	0	0	0	0	0	0	0	0	0	0	0	0	0	0	0	0	0	0	0	0	0	0	0	0	0	0	0	0	0	0	0	0	0	0	1158	0	2118	0	0	0	470	0	0	0	12706	3420	0	0	154	0	100	0	7236	2882	0	0	0	0	0	0	0	0	0	0	420	0	0	0	0	0	140	0	0	0	0	120	0	0	0	0	0	0	0	0	0	0	200	0	25838	5082	7328	1070	8104	642	0	11094	32890	9570	1538	0	6780	1362	3454	1246	0	0	1822	2928	20168	4756	1404	1024	1186	1748	
287820	Cerebelum_4_5_R	0	0	0	0	0	0	0	0	0	0	0	0	0	0	0	0	0	0	0	0	0	0	0	0	0	0	0	0	0	0	0	0	0	0	0	0	0	2584	0	3082	0	0	0	102	0	0	1518	12538	0	0	0	104	0	134	1236	11972	0	0	0	0	0	0	0	0	0	0	0	462	0	0	0	0	0	328	0	268	0	358	0	0	0	0	0	0	0	0	0	0	0	0	3978	17114	958	3212	426	2978	11094	0	7998	27318	0	0	458	2792	526	660	0	0	174	2484	18406	4456	2362	834	384	612	
477256	Cerebelum_6_L	0	0	0	0	0	0	0	0	0	0	0	0	0	0	0	0	0	0	0	0	0	0	0	0	0	0	0	0	0	0	0	0	0	0	0	0	676	0	1226	0	0	0	294	0	0	0	14306	5568	104	0	312	0	430	0	20708	4976	0	0	0	0	0	0	0	0	0	0	128	0	0	0	0	0	182	0	0	0	0	0	0	0	0	0	0	0	0	0	0	0	558	0	55550	8834	12936	2094	2458	208	32890	7998	0	13136	3170	372	7564	2092	982	738	0	0	748	1070	12274	14726	6430	1634	738	518	
464020	Cerebelum_6_R	0	0	0	0	0	0	0	0	0	0	0	0	0	0	0	0	0	0	0	0	0	0	0	0	0	0	0	0	0	0	0	0	0	0	0	0	0	110	0	186	0	0	222	1056	0	116	1998	11976	0	318	0	208	118	330	1854	17252	0	0	0	0	0	0	0	0	0	0	0	0	0	0	0	0	0	0	0	0	0	0	0	0	0	0	0	0	0	0	0	0	0	208	6572	51938	3388	13832	690	2628	9570	27318	13136	0	0	1086	1842	9878	494	2628	0	230	488	2508	15332	14626	12776	2506	1988	604	
188672	Cerebelum_7b_L	0	0	0	0	0	0	0	0	0	0	0	0	0	0	0	0	0	0	0	0	0	0	0	0	0	0	0	0	0	0	0	0	0	0	0	0	0	0	122	0	0	0	0	0	0	0	340	0	0	0	0	0	0	0	950	0	0	0	0	0	0	0	0	0	0	0	0	0	0	0	0	0	0	0	0	0	0	0	0	0	0	0	0	0	0	0	0	0	156	0	12350	0	30570	1552	138	0	1538	0	3170	0	0	1008	29976	2324	4394	164	622	0	0	0	0	0	2108	2730	124	0	
142948	Cerebelum_7b_R	0	0	0	0	0	0	0	0	0	0	0	0	0	0	0	0	0	0	0	0	0	0	0	0	0	0	0	0	0	0	0	0	0	0	0	0	0	0	0	0	0	0	0	0	0	0	0	0	0	0	0	0	0	0	0	100	0	0	0	0	0	0	0	0	0	0	0	0	0	0	0	0	0	0	0	0	0	0	0	0	0	0	0	0	0	0	0	0	0	268	416	5236	3070	22152	0	0	0	0	372	1086	1008	0	1316	25006	194	5492	0	0	0	0	0	0	2806	2664	288	0	
280928	Cerebelum_8_L	0	0	0	0	0	0	0	0	0	0	0	0	0	0	0	0	0	0	0	0	0	0	0	0	0	0	0	0	0	0	0	0	0	0	0	0	146	0	416	0	0	0	0	0	0	0	1112	328	0	0	0	0	0	0	988	370	0	0	0	0	0	0	0	0	0	0	0	0	0	0	0	0	0	0	0	0	0	0	0	0	0	0	0	0	0	0	0	0	0	0	18818	1038	32686	2262	1540	98	6780	458	7564	1842	29976	1316	0	4682	10482	1166	958	0	248	488	998	1448	4266	6142	1658	190	
281296	Cerebelum_8_R	0	0	0	0	0	0	0	0	0	0	0	0	0	0	0	0	0	0	0	0	0	0	0	0	0	0	0	0	0	0	0	0	0	0	0	0	0	0	0	0	0	0	0	0	0	0	136	0	0	0	0	0	0	0	156	686	0	0	0	0	0	0	0	0	0	0	0	0	0	0	0	0	0	0	0	0	0	0	0	0	0	0	0	0	0	0	0	0	0	522	2212	19288	3576	31638	100	378	1362	2792	2092	9878	2324	25006	4682	0	788	14106	0	258	260	740	1890	732	5806	7072	1994	174	
83156	Cerebelum_9_L	0	0	0	0	0	0	0	0	0	0	0	0	0	0	0	0	0	0	0	0	0	0	0	0	0	0	0	0	0	0	0	0	0	0	0	0	0	0	0	0	0	0	0	0	0	0	0	142	0	0	0	0	0	0	0	136	0	0	0	0	0	0	0	0	0	0	0	0	0	0	0	0	0	0	0	0	0	0	0	0	0	0	0	0	0	0	0	0	0	0	2048	0	3648	316	1716	240	3454	526	982	494	4394	194	10482	788	0	1506	1602	0	174	470	1852	1810	424	1450	1656	1074	
113844	Cerebelum_9_R	0	0	0	0	0	0	0	0	0	0	0	0	0	0	0	0	0	0	0	0	0	0	0	0	0	0	0	0	0	0	0	0	0	0	0	0	0	0	0	0	0	0	0	0	0	0	0	124	0	0	0	0	0	0	0	172	0	0	0	0	0	0	0	0	0	0	0	0	0	0	0	0	0	0	0	0	0	0	0	0	0	0	0	0	0	0	0	0	0	0	644	3088	264	6814	426	704	1246	660	738	2628	164	5492	1166	14106	1506	0	0	352	880	1364	1662	1638	1888	2904	4484	1808	
6856	Cerebelum_10_L	0	0	0	0	0	0	0	0	0	0	0	0	0	0	0	0	0	0	0	0	0	0	0	0	0	0	0	0	0	0	0	0	0	0	0	0	0	0	0	0	0	0	0	0	0	0	0	0	0	0	0	0	0	0	0	0	0	0	0	0	0	0	0	0	0	0	0	0	0	0	0	0	0	0	0	0	0	0	0	0	0	0	0	0	0	0	0	0	0	0	246	0	0	0	0	0	0	0	0	0	622	0	958	0	1602	0	0	0	0	0	0	0	0	0	0	0	
1680	Cerebelum_10_R	0	0	0	0	0	0	0	0	0	0	0	0	0	0	0	0	0	0	0	0	0	0	0	0	0	0	0	0	0	0	0	0	0	0	0	0	0	0	0	0	0	0	0	0	0	0	0	0	0	0	0	0	0	0	0	0	0	0	0	0	0	0	0	0	0	0	0	0	0	0	0	0	0	0	0	0	0	0	0	0	0	0	0	0	0	0	0	0	0	0	0	0	0	0	0	0	0	0	0	230	0	0	0	258	0	352	0	0	0	0	0	0	0	0	0	0	
30728	Vermis_1_2	0	0	0	0	0	0	0	0	0	0	0	0	0	0	0	0	0	0	0	0	0	0	0	0	0	0	0	0	0	0	0	0	0	0	0	0	0	0	0	0	0	0	0	0	0	0	0	0	0	0	0	0	0	0	0	0	0	0	0	0	0	0	0	0	0	0	0	0	0	0	0	0	0	0	0	0	0	0	0	0	0	0	0	0	0	0	0	0	0	0	592	332	136	238	1436	468	1822	174	748	488	0	0	248	260	174	880	0	0	0	4034	2028	170	240	434	462	0	
63520	Vermis_3	0	0	0	0	0	0	0	0	0	0	0	0	0	0	0	0	0	0	0	0	0	0	0	0	0	0	0	0	0	0	0	0	0	0	0	0	0	0	166	0	0	0	0	0	0	0	150	196	0	0	0	0	0	0	0	110	0	0	0	0	0	0	0	0	0	0	0	0	0	0	0	0	0	0	0	0	0	0	0	0	0	0	0	0	0	0	0	0	0	0	900	1438	300	836	1922	2814	2928	2484	1070	2508	0	0	488	740	470	1364	0	0	4034	0	4258	380	558	728	750	168	
277656	Vermis_4_5	0	0	0	0	0	0	0	0	0	0	0	0	0	0	0	0	0	0	0	0	0	0	0	0	0	0	0	0	0	0	0	0	0	0	0	930	126	1454	100	464	0	0	476	374	0	152	2968	7538	0	0	130	0	0	0	2178	5954	0	0	0	0	0	0	0	0	0	0	344	1736	0	0	0	0	0	0	0	0	0	214	0	0	0	0	0	0	0	0	0	0	0	0	7230	8518	774	1746	1940	1068	20168	18406	12274	15332	0	0	998	1890	1852	1662	0	0	2028	4258	0	6870	1672	1172	1554	2278	
203740	Vermis_6	0	0	0	0	0	0	0	0	0	0	0	0	0	0	0	0	0	0	0	0	0	0	0	0	0	0	0	0	0	0	0	0	0	0	0	0	0	0	0	0	0	0	0	0	0	0	2810	5662	0	0	142	0	210	0	2634	5634	0	0	0	0	0	0	0	0	0	0	0	0	0	0	0	0	0	0	0	0	0	0	0	0	0	0	0	0	0	0	0	0	0	0	6558	10884	1148	1590	1504	182	4756	4456	14726	14626	0	0	1448	732	1810	1638	0	0	170	380	6870	0	5116	1812	2028	2344	
