data	data	375708	382752	877804	882316	144560	154156	410604	296460	138700	40232	305564	184324	333636	273756	186216	218840	203408	142428	577124	1.00748e+06	128992	134128	360396	346716	53020	103692	70640	93332	647296	472880	280696	428628	195776	529244	213640	200152	292648	381664	144872	187868	54016	69972	358784	420248	246900	345612	310644	336832	193864	309260	464724	325804	244168	237048	492556	680004	318212	244108	130280	98636	261980	145080	169388	185056	144780	138800	377372	585380	178572	231696	477892	400640	382548	374552	52632	20320	95388	235524	70712	33544	211752	152752	125644	56860	367576	349100	77160	56816	323888	542500	479644	518956	370648	329828	31160	75072	229348	264144	457976	492028	288092	183312	303052	309060	126252	179480	31392	21152	11984	34300	204528	266832	246984	164820	90956	39124	
data	data	Precentral_L	Precentral_R	Frontal_Sup_L	Frontal_Sup_R	Frontal_Sup_Orb_L	Frontal_Sup_Orb_R	Frontal_Mid_L	Frontal_Mid_R	Frontal_Mid_Orb_L	Frontal_Mid_Orb_R	Frontal_Inf_Oper_L	Frontal_Inf_Oper_R	Frontal_Inf_Tri_L	Frontal_Inf_Tri_R	Frontal_Inf_Orb_L	Frontal_Inf_Orb_R	Rolandic_Oper_L	Rolandic_Oper_R	Supp_Motor_Area_L	Supp_Motor_Area_R	Olfactory_L	Olfactory_R	Frontal_Sup_Medial_L	Frontal_Sup_Medial_R	Frontal_Med_Orb_L	Frontal_Med_Orb_R	Rectus_L	Rectus_R	Insula_L	Insula_R	Cingulum_Ant_L	Cingulum_Ant_R	Cingulum_Mid_L	Cingulum_Mid_R	Cingulum_Post_L	Cingulum_Post_R	Hippocampus_L	Hippocampus_R	ParaHippocampal_L	ParaHippocampal_R	Amygdala_L	Amygdala_R	Calcarine_L	Calcarine_R	Cuneus_L	Cuneus_R	Lingual_L	Lingual_R	Occipital_Sup_L	Occipital_Sup_R	Occipital_Mid_L	Occipital_Mid_R	Occipital_Inf_L	Occipital_Inf_R	Fusiform_L	Fusiform_R	Postcentral_L	Postcentral_R	Parietal_Sup_L	Parietal_Sup_R	Parietal_Inf_L	Parietal_Inf_R	SupraMarginal_L	SupraMarginal_R	Angular_L	Angular_R	Precuneus_L	Precuneus_R	Paracentral_Lobule_L	Paracentral_Lobule_R	Caudate_L	Caudate_R	Putamen_L	Putamen_R	Pallidum_L	Pallidum_R	Thalamus_L	Thalamus_R	Heschl_L	Heschl_R	Temporal_Sup_L	Temporal_Sup_R	Temporal_Pole_Sup_L	Temporal_Pole_Sup_R	Temporal_Mid_L	Temporal_Mid_R	Temporal_Pole_Mid_L	Temporal_Pole_Mid_R	Temporal_Inf_L	Temporal_Inf_R	Cerebelum_Crus1_L	Cerebelum_Crus1_R	Cerebelum_Crus2_L	Cerebelum_Crus2_R	Cerebelum_3_L	Cerebelum_3_R	Cerebelum_4_5_L	Cerebelum_4_5_R	Cerebelum_6_L	Cerebelum_6_R	Cerebelum_7b_L	Cerebelum_7b_R	Cerebelum_8_L	Cerebelum_8_R	Cerebelum_9_L	Cerebelum_9_R	Cerebelum_10_L	Cerebelum_10_R	Vermis_1_2	Vermis_3	Vermis_4_5	Vermis_6	Vermis_7	Vermis_8	Vermis_9	Vermis_10	
375708	Precentral_L	0	5474	14766	7246	0	0	17558	3690	0	0	11740	314	1960	224	0	230	5342	0	4166	14304	0	0	570	0	0	0	0	0	5882	486	126	436	2552	1052	5548	474	2180	262	240	0	0	0	496	0	332	0	364	0	0	0	2702	0	2928	0	1470	100	28576	0	182	0	1538	0	918	0	242	0	1672	172	14948	154	6508	1070	1294	258	368	0	10130	1198	478	0	1768	0	0	0	582	0	0	0	322	262	0	0	0	0	0	0	0	0	0	0	0	0	0	0	0	0	0	0	0	0	0	0	0	0	0	0	
382752	Precentral_R	5474	0	1724	21876	0	0	236	17740	0	0	0	6614	0	0	0	0	156	2862	442	13580	0	0	0	0	0	0	0	0	1006	3548	0	0	688	2238	2556	5040	2022	5094	966	210	0	0	134	1298	0	364	848	380	0	110	1166	190	1604	2232	1408	5480	2420	19882	0	162	108	2152	154	4258	0	126	484	3674	570	10820	1400	3826	378	4082	122	0	1252	10186	208	506	204	1596	0	0	474	1312	0	0	538	11196	0	0	0	0	0	0	0	0	0	0	0	0	0	0	0	0	0	0	0	0	0	0	0	0	0	0	
877804	Frontal_Sup_L	14766	1724	0	5968	6040	88	60462	1972	5754	0	18514	346	23978	912	5104	1038	9314	0	80198	23642	0	0	45260	1800	762	112	346	0	30226	862	15928	3650	3790	9976	90	0	3202	0	288	0	0	0	0	0	0	0	120	0	0	0	442	0	1296	0	1354	0	3884	0	0	0	164	0	114	0	0	0	0	0	154	0	11754	872	22176	452	7136	0	6156	86	1986	0	3138	0	594	0	326	0	134	0	452	0	0	0	0	0	0	0	0	0	0	0	0	0	0	0	0	0	0	0	0	0	0	0	0	0	0	0	
882316	Frontal_Sup_R	7246	21876	5968	0	0	6996	1398	30106	260	500	1934	13894	408	14046	126	7566	1680	7840	7460	79890	0	0	7766	39902	0	3244	0	0	2264	22654	3236	28030	394	16204	2126	2484	2152	6532	1218	430	0	0	0	620	0	128	768	250	0	0	286	96	170	1026	522	3548	5022	2598	86	0	0	230	592	1216	0	0	314	1070	426	886	5330	19812	854	16104	0	1438	648	19414	0	150	914	1114	558	268	0	1198	0	0	0	5672	0	0	0	0	0	0	0	0	0	0	0	0	0	0	0	0	0	0	0	0	0	0	0	0	0	0	
144560	Frontal_Sup_Orb_L	0	0	6040	0	0	128	846	0	12424	0	240	0	2240	0	9744	0	0	0	1010	0	2534	356	2812	0	5500	112	9048	170	5226	0	3138	278	0	0	0	0	0	0	0	0	0	0	0	0	0	0	0	0	0	0	0	0	0	0	0	0	0	0	0	0	0	0	0	0	0	0	0	0	0	0	6124	100	3720	0	0	0	0	0	0	0	0	0	490	0	0	0	0	0	0	0	0	0	0	0	0	0	0	0	0	0	0	0	0	0	0	0	0	0	0	0	0	0	0	0	0	0	
154156	Frontal_Sup_Orb_R	0	0	88	6996	128	0	0	538	0	4424	0	94	0	1460	0	5368	0	0	0	800	1678	4672	650	6192	330	6482	262	9068	0	2944	968	6990	0	170	0	0	0	196	0	0	112	0	0	0	0	0	0	0	0	0	0	0	0	0	0	170	0	0	0	0	0	0	0	0	0	0	0	0	0	0	2052	9068	1000	3990	0	0	0	0	0	0	0	0	0	0	0	0	0	0	0	188	0	0	0	0	0	0	0	0	0	0	0	0	0	0	0	0	0	0	0	0	0	0	0	0	0	0	
410604	Frontal_Mid_L	17558	236	60462	1398	846	0	0	1340	6890	0	11450	408	33162	498	3106	560	2056	0	9750	2952	0	0	21238	164	0	0	0	0	9046	480	5440	638	992	772	0	0	576	0	0	0	0	0	0	0	0	0	0	0	0	0	130	0	234	0	148	0	2254	0	0	0	178	0	0	0	0	0	0	0	0	0	4208	538	3366	98	0	0	1784	0	196	0	150	0	0	0	0	0	0	0	0	0	0	0	0	0	0	0	0	0	0	0	0	0	0	0	0	0	0	0	0	0	0	0	0	0	0	0	
296460	Frontal_Mid_R	3690	17740	1972	30106	0	538	1340	0	376	1184	2924	7194	412	14424	142	3606	1006	886	1280	6736	0	0	434	4592	0	0	0	0	5118	5258	178	2058	112	2504	182	0	798	1118	0	86	0	0	0	0	0	0	98	0	0	0	874	0	1108	166	850	694	2904	1066	0	0	0	0	246	538	0	0	0	108	104	0	9124	708	2460	3678	110	230	326	1744	160	0	370	228	320	0	430	250	0	0	480	862	0	0	0	0	0	0	0	0	0	0	0	0	0	0	0	0	0	0	0	0	0	0	0	0	0	0	
138700	Frontal_Mid_Orb_L	0	0	5754	260	12424	0	6890	376	0	0	138	256	4318	348	12024	236	0	0	3244	290	478	128	334	0	1604	0	4012	0	4952	166	1032	130	0	166	0	0	0	0	0	0	0	0	0	0	0	0	0	0	0	0	0	0	0	0	0	0	0	0	0	0	0	0	0	0	0	0	0	0	0	0	4280	206	5304	0	0	0	0	0	0	0	0	0	0	0	0	0	0	0	0	0	0	0	0	0	0	0	0	0	0	0	0	0	0	0	0	0	0	0	0	0	0	0	0	0	0	0	
40232	Frontal_Mid_Orb_R	0	0	0	500	0	4424	0	1184	0	0	0	0	0	406	0	5226	0	0	0	300	98	282	0	362	0	762	0	1326	0	828	0	520	0	0	0	0	0	0	0	0	0	0	0	0	0	0	0	0	0	0	0	0	0	0	0	0	0	0	0	0	0	0	0	0	0	0	0	0	0	0	114	1564	82	2138	0	0	0	0	0	0	0	0	0	0	0	0	0	0	0	0	0	0	0	0	0	0	0	0	0	0	0	0	0	0	0	0	0	0	0	0	0	0	0	0	0	0	
305564	Frontal_Inf_Oper_L	11740	0	18514	1934	240	0	11450	2924	138	0	0	274	22192	3784	862	1576	10440	0	6562	2282	0	0	4458	0	0	0	0	0	21472	1224	2770	1498	112	1908	0	0	736	0	0	0	0	0	0	0	0	0	0	0	0	0	0	0	232	0	268	0	4894	0	0	0	402	0	146	0	0	0	0	0	0	0	8920	0	1428	218	0	0	174	0	674	0	3806	0	2266	0	90	0	84	0	90	0	0	0	0	0	0	0	0	0	0	0	0	0	0	0	0	0	0	0	0	0	0	0	0	0	0	0	
184324	Frontal_Inf_Oper_R	314	6614	346	13894	0	94	408	7194	256	0	274	0	0	14132	0	1448	390	3874	270	11194	0	0	0	466	0	0	0	0	1004	12808	0	278	0	634	0	0	86	214	0	0	0	0	0	0	0	0	0	0	0	0	0	0	0	0	0	184	182	4278	0	0	0	370	0	370	0	0	0	0	0	0	4040	2242	966	2166	0	0	0	220	0	0	0	342	0	332	0	0	0	0	0	278	0	0	0	0	0	0	0	0	0	0	0	0	0	0	0	0	0	0	0	0	0	0	0	0	0	0	
333636	Frontal_Inf_Tri_L	1960	0	23978	408	2240	0	33162	412	4318	0	22192	0	0	672	12264	326	1488	0	4510	396	0	0	13740	124	0	0	0	0	24386	288	8314	488	728	368	0	0	260	0	0	0	0	0	0	0	0	0	0	0	0	0	104	0	294	0	270	0	1318	0	0	0	248	0	122	0	0	0	0	0	0	0	3398	0	1592	0	0	0	0	0	524	0	794	0	1004	0	128	0	0	0	0	0	0	0	0	0	0	0	0	0	0	0	0	0	0	0	0	0	0	0	0	0	0	0	0	0	0	0	
273756	Frontal_Inf_Tri_R	224	0	912	14046	0	1460	498	14424	348	406	3784	14132	672	0	136	14406	1006	436	1116	8652	0	0	928	6444	0	332	0	0	3966	21110	694	7322	0	3164	0	0	0	0	0	0	0	0	0	0	0	0	0	0	0	0	0	0	0	0	0	0	294	0	0	0	0	0	0	0	0	0	0	0	0	0	8378	3820	1122	2098	0	0	0	94	0	0	138	0	316	0	0	0	0	0	0	0	0	0	0	0	0	0	0	0	0	0	0	0	0	0	0	0	0	0	0	0	0	0	0	0	0	0	
186216	Frontal_Inf_Orb_L	0	0	5104	126	9744	0	3106	142	12024	0	862	0	12264	136	0	0	370	0	1448	140	3438	238	1030	0	898	0	4002	0	18508	0	2188	322	0	122	0	0	124	0	0	0	148	0	0	0	0	0	0	0	0	0	0	0	0	0	0	0	0	0	0	0	0	0	0	0	0	0	0	0	0	0	5206	0	8136	0	0	0	0	0	0	0	536	0	2746	0	0	0	0	0	0	0	0	0	0	0	0	0	0	0	0	0	0	0	0	0	0	0	0	0	0	0	0	0	0	0	0	0	
218840	Frontal_Inf_Orb_R	230	0	1038	7566	0	5368	560	3606	236	5226	1576	1448	326	14406	0	0	440	132	880	5104	408	1844	294	4030	0	440	0	2488	1826	16944	546	5504	0	946	0	0	0	266	0	0	0	0	0	0	0	0	0	0	0	0	0	0	0	0	0	194	158	0	0	0	0	0	0	0	0	0	0	0	0	0	4596	11340	1030	8304	0	0	0	0	0	0	0	0	0	0	0	0	0	0	0	120	0	0	0	0	0	0	0	0	0	0	0	0	0	0	0	0	0	0	0	0	0	0	0	0	0	0	
203408	Rolandic_Oper_L	5342	156	9314	1680	0	0	2056	1006	0	0	10440	390	1488	1006	370	440	0	0	4484	2058	0	0	0	0	0	0	0	0	20720	548	86	1038	0	1554	0	0	612	0	0	0	0	0	0	0	0	0	236	0	0	0	412	0	1310	0	1078	0	7858	0	0	0	276	0	1248	0	0	0	0	0	158	0	6512	176	882	114	0	0	134	0	3496	0	9078	0	2092	0	1448	0	0	0	408	0	0	0	0	0	0	0	0	0	0	0	0	0	0	0	0	0	0	0	0	0	0	0	0	0	0	0	
142428	Rolandic_Oper_R	0	2862	0	7840	0	0	0	886	0	0	0	3874	0	436	0	132	0	0	0	7636	0	0	0	0	0	0	0	0	0	14476	0	0	0	172	0	458	0	300	0	0	0	0	0	488	0	84	0	98	0	0	0	124	0	950	0	2146	0	4442	0	84	0	142	0	4372	0	180	0	954	0	716	182	276	0	2146	0	122	0	102	0	2490	0	5132	0	1016	0	986	0	0	0	4910	0	0	0	0	0	0	0	0	0	0	0	0	0	0	0	0	0	0	0	0	0	0	0	0	0	0	
577124	Supp_Motor_Area_L	4166	442	80198	7460	1010	0	9750	1280	3244	0	6562	270	4510	1116	1448	880	4484	0	0	38558	0	0	7508	3084	0	0	0	0	19550	820	7022	5560	9518	16776	788	490	2108	0	208	0	0	0	100	0	136	0	90	0	0	0	396	0	872	0	940	110	1364	0	0	0	84	0	0	0	0	0	326	410	2996	560	8770	1062	17452	518	5952	0	2372	0	1206	0	2520	0	572	0	248	0	130	0	358	208	0	0	0	0	0	0	0	0	0	0	0	0	0	0	0	0	0	0	0	0	0	0	0	0	0	0	
1.00748e+06	Supp_Motor_Area_R	14304	13580	23642	79890	0	800	2952	6736	290	300	2282	11194	396	8652	140	5104	2058	7636	38558	0	0	0	1440	17230	0	812	0	0	2782	19474	1350	15742	11338	53022	1932	8672	250	4348	150	564	0	88	0	2540	0	3028	0	576	0	824	0	916	0	3018	0	6534	5126	3830	0	0	0	92	370	1194	0	0	916	12674	5962	22088	6382	21274	932	16878	122	1098	198	13270	0	336	938	1642	628	558	0	2032	0	0	0	9922	0	0	0	0	0	0	0	0	0	0	0	0	0	0	0	0	0	0	0	0	134	0	0	0	0	0	
128992	Olfactory_L	0	0	0	0	2534	1678	0	0	478	98	0	0	0	0	3438	408	0	0	0	0	0	9018	0	0	1648	696	3612	2490	3876	520	3128	2380	0	0	0	0	232	0	0	0	1208	0	0	0	0	0	0	0	0	0	0	0	0	0	122	0	0	0	0	0	0	0	0	0	0	0	0	0	0	0	12146	5886	7014	1358	0	198	0	0	0	0	0	0	330	0	0	0	0	0	0	0	0	0	0	0	0	0	0	0	0	0	0	0	0	0	0	0	0	0	0	0	0	0	0	0	0	0	
134128	Olfactory_R	0	0	0	0	356	4672	0	0	128	282	0	0	0	0	238	1844	0	0	0	0	9018	0	0	246	410	3190	704	8330	154	2936	2562	4906	0	0	0	0	0	0	0	0	756	136	0	0	0	0	0	0	0	0	0	0	0	0	0	0	0	0	0	0	0	0	0	0	0	0	0	0	0	0	9524	9010	5786	1744	0	132	0	0	0	0	0	0	0	0	0	0	0	0	0	0	0	0	0	0	0	0	0	0	0	0	0	0	0	0	0	0	0	0	0	0	0	0	0	0	0	0	
360396	Frontal_Sup_Medial_L	570	0	45260	7766	2812	650	21238	434	334	0	4458	0	13740	928	1030	294	0	0	7508	1440	0	0	0	15928	2258	1212	104	0	4656	336	21168	12552	3680	6528	0	0	0	0	0	0	0	0	0	0	0	0	0	0	0	0	0	0	0	0	0	0	136	0	0	0	0	0	0	0	0	0	0	0	0	0	1548	768	862	0	0	0	0	0	0	0	0	0	0	0	0	0	0	0	0	0	0	0	0	0	0	0	0	0	0	0	0	0	0	0	0	0	0	0	0	0	0	0	0	0	0	0	
346716	Frontal_Sup_Medial_R	0	0	1800	39902	0	6192	164	4592	0	362	0	466	124	6444	0	4030	0	0	3084	17230	0	246	15928	0	542	6306	0	306	94	2886	5130	32452	508	15732	0	0	0	0	0	0	0	0	0	0	0	0	0	0	0	0	0	0	0	0	0	0	0	0	0	0	0	0	0	0	0	0	0	0	0	0	182	6184	0	2472	0	0	0	0	0	0	0	0	0	0	0	0	0	0	0	0	0	0	0	0	0	0	0	0	0	0	0	0	0	0	0	0	0	0	0	0	0	0	0	0	0	0	
53020	Frontal_Med_Orb_L	0	0	762	0	5500	330	0	0	1604	0	0	0	0	0	898	0	0	0	0	0	1648	410	2258	542	0	1492	2902	532	668	0	3552	522	0	0	0	0	0	0	0	0	0	0	0	0	0	0	0	0	0	0	0	0	0	0	0	0	0	0	0	0	0	0	0	0	0	0	0	0	0	0	2104	178	470	0	0	0	0	0	0	0	0	0	138	0	0	0	0	0	0	0	0	0	0	0	0	0	0	0	0	0	0	0	0	0	0	0	0	0	0	0	0	0	0	0	0	0	
103692	Frontal_Med_Orb_R	0	0	112	3244	112	6482	0	0	0	762	0	0	0	332	0	440	0	0	0	812	696	3190	1212	6306	1492	0	544	5526	0	360	2564	8644	0	600	0	0	0	0	0	0	0	0	0	0	0	0	0	0	0	0	0	0	0	0	0	0	0	0	0	0	0	0	0	0	0	0	0	0	0	0	580	6858	370	608	0	0	0	0	0	0	0	0	0	0	0	0	0	0	0	0	0	0	0	0	0	0	0	0	0	0	0	0	0	0	0	0	0	0	0	0	0	0	0	0	0	0	
70640	Rectus_L	0	0	346	0	9048	262	0	0	4012	0	0	0	0	0	4002	0	0	0	0	0	3612	704	104	0	2902	544	0	738	2776	0	1138	528	0	0	0	0	0	0	0	0	0	0	0	0	0	0	0	0	0	0	0	0	0	0	0	0	0	0	0	0	0	0	0	0	0	0	0	0	0	0	3376	212	652	0	0	0	0	0	0	0	0	0	364	0	0	0	0	0	0	0	0	0	0	0	0	0	0	0	0	0	0	0	0	0	0	0	0	0	0	0	0	0	0	0	0	0	
93332	Rectus_R	0	0	0	0	170	9068	0	0	0	1326	0	0	0	0	0	2488	0	0	0	0	2490	8330	0	306	532	5526	738	0	0	2194	388	3122	0	0	0	0	0	166	0	0	136	0	0	0	0	0	0	0	0	0	0	0	0	0	0	140	0	0	0	0	0	0	0	0	0	0	0	0	0	0	2584	4154	1420	1252	0	0	0	0	0	0	0	0	0	0	0	0	0	0	0	136	0	0	0	0	0	0	0	0	0	0	0	0	0	0	0	0	0	0	0	0	0	0	0	0	0	0	
647296	Insula_L	5882	1006	30226	2264	5226	0	9046	5118	4952	0	21472	1004	24386	3966	18508	1826	20720	0	19550	2782	3876	154	4656	94	668	0	2776	0	0	1414	7102	1848	96	2070	222	216	13046	110	1576	0	478	0	232	0	0	0	806	0	0	0	2288	0	5524	0	9808	0	6334	0	0	0	384	0	310	0	138	0	216	0	620	0	16306	966	23088	404	118	0	1212	448	5900	0	11874	0	7414	0	2920	0	1030	0	6506	0	236	0	0	0	0	0	0	0	230	0	0	0	0	0	0	0	0	0	0	0	0	0	0	0	0	0	
472880	Insula_R	486	3548	862	22654	0	2944	480	5258	166	828	1224	12808	288	21110	0	16944	548	14476	820	19474	520	2936	336	2886	0	360	0	2194	1414	0	720	5106	0	898	0	0	90	4972	0	608	0	400	0	298	0	0	0	0	0	0	0	0	0	1358	0	3864	212	2422	0	88	0	156	0	536	0	0	0	556	0	950	5154	9006	898	31906	0	384	0	1534	0	3928	0	8624	0	2068	0	5568	0	732	0	7840	0	0	0	0	0	0	0	0	0	0	0	0	0	0	0	0	0	0	0	0	0	0	0	0	0	0	
280696	Cingulum_Ant_L	126	0	15928	3236	3138	968	5440	178	1032	0	2770	0	8314	694	2188	546	86	0	7022	1350	3128	2562	21168	5130	3552	2564	1138	388	7102	720	0	14592	5276	2608	0	0	0	0	0	0	288	0	0	0	0	0	0	0	0	0	220	0	300	0	0	0	0	0	0	0	0	0	0	0	0	0	0	0	0	0	9012	2410	4950	224	0	0	0	0	0	0	0	0	0	0	0	0	0	0	0	0	0	0	0	0	0	0	0	0	0	0	0	0	0	0	0	0	0	0	0	0	0	0	0	0	0	0	
428628	Cingulum_Ant_R	436	0	3650	28030	278	6990	638	2058	130	520	1498	278	488	7322	322	5504	1038	0	5560	15742	2380	4906	12552	32452	522	8644	528	3122	1848	5106	14592	0	2266	22880	0	0	0	0	0	0	364	0	0	0	0	0	0	0	0	0	0	0	0	0	0	0	88	0	0	0	0	0	0	0	0	0	0	0	0	0	5232	10292	2264	2964	0	0	0	0	0	0	394	0	436	0	0	0	0	0	0	0	0	0	0	0	0	0	0	0	0	0	0	0	0	0	0	0	0	0	0	0	0	0	0	0	0	0	
195776	Cingulum_Mid_L	2552	688	3790	394	0	0	992	112	0	0	112	0	728	0	0	0	0	0	9518	11338	0	0	3680	508	0	0	0	0	96	0	5276	2266	0	15290	6074	2968	96	0	82	0	0	0	734	242	1458	376	136	0	1648	132	1930	128	252	154	88	148	166	0	362	0	222	0	0	0	212	0	7048	4262	8238	2946	0	0	0	0	0	0	0	0	0	0	0	0	0	0	198	0	0	0	108	140	0	0	0	0	0	0	0	0	0	0	0	0	0	0	0	0	0	0	0	0	0	0	0	0	0	0	
529244	Cingulum_Mid_R	1052	2238	9976	16204	0	170	772	2504	166	0	1908	634	368	3164	122	946	1554	172	16776	53022	0	0	6528	15732	0	600	0	0	2070	898	2608	22880	15290	0	2404	7750	0	1182	0	0	0	0	108	3128	292	5370	0	554	248	2186	0	1888	0	2766	0	3346	82	2288	304	178	0	92	0	146	0	0	2852	20426	3652	14862	2158	1258	230	672	0	0	0	0	0	0	608	132	564	0	0	844	0	0	0	3592	0	0	0	0	0	0	0	0	0	0	0	0	0	0	0	0	0	0	0	0	106	0	0	0	0	0	
213640	Cingulum_Post_L	5548	2556	90	2126	0	0	0	182	0	0	0	0	0	0	0	0	0	0	788	1932	0	0	0	0	0	0	0	0	222	0	0	0	6074	2404	0	9614	7870	3866	5016	618	0	0	7946	226	3184	394	5444	178	98	222	1272	136	2086	0	2970	302	790	0	0	0	128	0	0	0	0	0	13932	2564	6928	632	0	366	0	148	0	0	738	6866	0	0	0	0	0	0	0	0	0	0	0	270	0	0	0	0	0	0	0	0	94	0	0	0	0	0	0	0	0	0	0	0	0	0	0	0	0	0	
200152	Cingulum_Post_R	474	5040	0	2484	0	0	0	0	0	0	0	0	0	0	0	0	0	458	490	8672	0	0	0	0	0	0	0	0	216	0	0	0	2968	7750	9614	0	4700	7010	2524	974	0	0	384	3146	154	1238	1518	2428	0	716	0	466	0	500	1316	1248	0	530	0	0	0	0	0	0	0	0	2554	12774	1310	5296	0	664	0	182	0	0	400	7532	152	0	0	0	0	0	0	106	0	0	0	1862	0	0	0	0	0	0	0	0	0	0	0	0	0	0	0	0	0	0	0	0	226	0	0	0	0	0	
292648	Hippocampus_L	2180	2022	3202	2152	0	0	576	798	0	0	736	86	260	0	124	0	612	0	2108	250	232	0	0	0	0	0	0	0	13046	90	0	0	96	0	7870	4700	0	3018	16562	508	7460	0	3160	0	674	0	6878	122	0	0	362	0	1168	0	16334	142	1076	0	0	0	116	0	198	0	0	0	3980	158	374	0	1294	694	8558	290	668	0	4456	6654	2304	0	2960	0	1932	0	2354	0	1162	0	8372	128	272	0	0	0	90	0	300	0	406	0	0	0	0	0	0	0	0	0	0	0	0	0	0	0	0	0	
381664	Hippocampus_R	262	5094	0	6532	0	196	0	1118	0	0	0	214	0	0	0	266	0	300	0	4348	0	0	0	0	0	0	0	166	110	4972	0	0	0	1182	3866	7010	3018	0	2192	22474	0	9830	160	2542	0	264	1164	4480	0	114	0	180	0	1866	1142	34510	0	406	0	0	0	0	0	114	0	0	660	5804	0	1666	218	1892	182	11912	0	860	0	8174	0	0	0	1158	0	894	0	6372	0	1364	0	25150	0	1090	0	166	0	602	106	1342	0	798	0	128	0	0	0	0	0	0	0	0	202	0	0	0	0	0	
144872	ParaHippocampal_L	240	966	288	1218	0	0	0	0	0	0	0	0	0	0	0	0	0	0	208	150	0	0	0	0	0	0	0	0	1576	0	0	0	82	0	5016	2524	16562	2192	0	272	1730	0	2754	0	650	0	6762	116	0	0	368	0	554	0	10352	122	286	0	0	0	0	0	0	0	0	0	3418	0	368	0	88	172	1202	108	0	0	1660	3282	572	0	416	0	1084	0	604	0	1094	0	1838	98	188	0	0	0	330	0	514	0	412	0	0	0	0	0	0	0	0	0	0	0	0	0	0	0	0	0	
187868	ParaHippocampal_R	0	210	0	430	0	0	0	86	0	0	0	0	0	0	0	0	0	0	0	564	0	0	0	0	0	0	0	0	0	608	0	0	0	0	618	974	508	22474	272	0	0	7900	0	348	0	0	82	5188	0	0	0	0	0	118	112	20632	0	0	0	0	0	0	0	0	0	0	0	734	0	0	0	154	0	3018	0	570	0	2580	0	0	0	0	0	2992	0	2094	0	2596	0	8184	0	1620	0	300	0	1598	0	3866	0	1740	0	228	0	118	0	168	0	0	0	0	166	0	0	84	0	0	
54016	Amygdala_L	0	0	0	0	0	112	0	0	0	0	0	0	0	0	148	0	0	0	0	0	1208	756	0	0	0	0	0	136	478	0	288	364	0	0	0	0	7460	0	1730	0	0	0	0	0	0	0	0	0	0	0	0	0	0	0	3936	0	0	0	0	0	0	0	0	0	0	0	0	0	0	0	898	482	3114	328	100	0	0	0	0	0	0	0	1568	0	310	0	1120	0	2472	0	0	0	0	0	0	0	0	0	0	0	0	0	0	0	0	0	0	0	0	0	0	0	0	0	0	0	
69972	Amygdala_R	0	0	0	0	0	0	0	0	0	0	0	0	0	0	0	0	0	0	0	88	0	136	0	0	0	0	0	0	0	400	0	0	0	0	0	0	0	9830	0	7900	0	0	0	0	0	0	0	0	0	0	0	0	0	0	0	8550	0	0	0	0	0	0	0	0	0	0	0	0	0	0	0	0	0	1892	0	0	0	86	0	0	0	0	0	2822	0	524	0	684	0	1902	0	0	0	0	0	0	0	172	0	0	0	0	0	0	0	0	0	0	0	0	0	0	0	0	0	0	
358784	Calcarine_L	496	134	0	0	0	0	0	0	0	0	0	0	0	0	0	0	0	0	100	0	0	0	0	0	0	0	0	0	232	0	0	0	734	108	7946	384	3160	160	2754	0	0	0	0	13426	19722	9972	18518	4744	8416	5898	25260	1594	11186	360	4964	838	2562	0	484	170	218	0	0	0	200	0	24312	4490	3280	0	0	0	0	0	0	0	366	566	88	0	0	0	0	0	100	694	0	0	0	202	0	0	0	0	0	0	0	0	430	0	0	0	0	0	0	0	0	0	0	0	124	0	0	0	0	0	
420248	Calcarine_R	0	1298	0	620	0	0	0	0	0	0	0	0	0	0	0	0	0	488	0	2540	0	0	0	0	0	0	0	0	0	298	0	0	242	3128	226	3146	0	2542	0	348	0	0	13426	0	5260	31136	2446	19926	0	23304	0	19104	0	8098	0	10914	0	2342	0	518	0	118	0	106	0	226	2408	28468	132	3544	0	0	0	380	0	0	0	116	0	0	0	94	0	0	0	11260	0	0	0	10112	0	0	0	0	0	0	0	482	186	286	0	0	0	0	0	0	0	0	0	0	646	210	0	0	0	0	
246900	Cuneus_L	332	0	0	0	0	0	0	0	0	0	0	0	0	0	0	0	0	0	136	0	0	0	0	0	0	0	0	0	0	0	0	0	1458	292	3184	154	674	0	650	0	0	0	19722	5260	0	8168	4936	594	21772	3134	9112	744	726	112	498	100	2096	0	5560	0	108	0	0	0	0	0	24274	5008	4332	0	0	0	0	0	0	0	102	84	0	0	0	0	0	0	0	128	0	0	0	0	0	0	0	0	0	0	0	0	0	0	0	0	0	0	0	0	0	0	0	0	0	0	0	0	0	0	
345612	Cuneus_R	0	364	0	128	0	0	0	0	0	0	0	0	0	0	0	0	0	84	0	3028	0	0	0	0	0	0	0	0	0	0	0	0	376	5370	394	1238	0	264	0	0	0	0	9972	31136	8168	0	974	4028	424	36224	0	15084	0	2536	0	2104	0	1688	462	2670	0	0	0	0	0	0	5876	31072	196	4158	0	0	0	0	0	0	0	0	0	0	0	0	0	0	0	2444	0	0	0	2344	0	0	0	0	0	0	0	0	0	0	0	0	0	0	0	0	0	0	0	0	0	0	0	0	0	0	
310644	Lingual_L	364	848	120	768	0	0	0	98	0	0	0	0	0	0	0	0	236	0	90	0	0	0	0	0	0	0	0	0	806	0	0	0	136	0	5444	1518	6878	1164	6762	82	0	0	18518	2446	4936	974	0	4320	4558	452	10468	394	7650	312	15638	636	704	0	0	0	0	0	0	0	0	0	10234	796	704	0	0	0	124	0	0	0	1274	1918	180	0	0	0	0	0	0	172	0	0	254	84	6062	1026	686	154	502	0	9190	860	14184	1408	0	0	0	0	548	0	0	0	0	98	3556	3366	512	0	0	110	
336832	Lingual_R	0	380	0	250	0	0	0	0	0	0	0	0	0	0	0	0	0	98	0	576	0	0	0	0	0	0	0	0	0	0	0	0	0	554	178	2428	122	4480	116	5188	0	0	4744	19926	594	4028	4320	0	0	5198	0	6454	0	8568	954	24560	0	642	0	0	0	92	0	88	0	0	390	7524	0	630	0	0	0	92	0	0	0	1222	0	0	0	0	0	0	0	3206	0	0	0	2250	2890	4122	536	370	0	570	1264	8260	8210	9472	0	0	0	224	284	400	0	0	0	0	9926	10438	924	0	232	442	
193864	Occipital_Sup_L	0	0	0	0	0	0	0	0	0	0	0	0	0	0	0	0	0	0	0	0	0	0	0	0	0	0	0	0	0	0	0	0	1648	248	98	0	0	0	0	0	0	0	8416	0	21772	424	4558	0	0	204	25146	176	684	0	512	0	154	0	12286	0	2800	0	0	0	336	0	15018	1320	1132	0	0	0	0	0	0	0	0	0	0	0	0	0	0	0	0	0	0	0	0	0	0	0	0	0	0	0	0	0	0	0	0	0	0	0	0	0	0	0	0	0	0	0	0	0	0	0	
309260	Occipital_Sup_R	0	110	0	0	0	0	0	0	0	0	0	0	0	0	0	0	0	0	0	824	0	0	0	0	0	0	0	0	0	0	0	0	132	2186	222	716	0	114	0	0	0	0	5898	23304	3134	36224	452	5198	204	0	0	27416	0	2290	0	728	0	1662	314	6278	0	1802	0	920	0	4636	2670	22174	0	1076	0	0	0	0	0	0	0	0	0	0	0	0	0	0	0	2932	0	0	0	1014	0	0	0	0	0	0	0	0	0	0	0	0	0	0	0	0	0	0	0	0	0	0	0	0	0	0	
464724	Occipital_Mid_L	2702	1166	442	286	0	0	130	874	0	0	0	0	104	0	0	0	412	0	396	0	0	0	0	0	0	0	0	0	2288	0	220	0	1930	0	1272	0	362	0	368	0	0	0	25260	0	9112	0	10468	0	25146	0	0	0	30252	0	10150	0	8554	0	8742	0	19136	0	6666	0	22192	0	12336	134	7308	0	0	0	0	0	0	0	0	0	434	0	276	0	0	0	18436	0	0	0	4042	0	136	0	0	0	0	0	0	0	630	0	0	0	0	0	0	0	0	0	0	0	0	0	0	0	0	0	
325804	Occipital_Mid_R	0	190	0	96	0	0	0	0	0	0	0	0	0	0	0	0	0	124	0	916	0	0	0	0	0	0	0	0	0	0	0	0	128	1888	136	466	0	180	0	0	0	0	1594	19104	744	15084	394	6454	176	27416	0	0	0	6066	0	1782	0	1400	272	3690	0	10192	0	7304	0	16404	1350	12546	0	1212	0	0	0	0	0	0	0	0	0	0	0	368	0	0	0	19582	0	0	0	5274	0	0	0	0	0	0	0	108	0	122	0	0	0	0	0	0	0	0	0	0	140	0	0	0	0	0	
244168	Occipital_Inf_L	2928	1604	1296	170	0	0	234	1108	0	0	232	0	294	0	0	0	1310	0	872	0	0	0	0	0	0	0	0	0	5524	0	300	0	252	0	2086	0	1168	0	554	0	0	0	11186	0	726	0	7650	0	684	0	30252	0	0	0	16818	0	3706	0	310	0	1994	0	1464	0	1600	0	4656	0	3084	0	238	0	0	0	0	0	140	0	1988	0	580	0	0	0	7196	0	0	0	6456	0	456	0	0	0	0	0	176	0	792	0	0	0	0	0	0	0	0	0	0	0	0	0	0	0	0	0	
237048	Occipital_Inf_R	0	2232	0	1026	0	0	0	166	0	0	0	0	0	0	0	0	0	950	0	3018	0	0	0	0	0	0	0	0	0	1358	0	0	154	2766	0	500	0	1866	0	118	0	0	360	8098	112	2536	312	8568	0	2290	0	6066	0	0	0	19070	0	3122	0	130	0	402	0	440	0	336	0	9916	0	2668	0	130	0	616	0	0	0	0	0	120	0	696	0	0	0	6044	0	0	0	17812	292	682	0	0	0	0	0	2548	1528	4546	0	0	0	0	0	0	0	0	0	0	2520	2124	100	0	0	186	
492556	Fusiform_L	1470	1408	1354	522	0	0	148	850	0	0	268	0	270	0	0	0	1078	0	940	0	122	0	0	0	0	0	0	0	9808	0	0	0	88	0	2970	1316	16334	1142	10352	112	3936	0	4964	0	498	0	15638	954	512	0	10150	0	16818	0	0	114	2546	0	194	0	2460	0	1662	0	818	0	3618	0	1306	0	182	136	2458	0	0	0	938	1510	2394	0	3726	0	4440	0	13170	0	4498	0	30406	0	19012	486	856	0	400	0	12782	612	27332	544	104	0	166	0	388	0	0	0	0	0	1488	1402	108	0	0	0	
680004	Fusiform_R	100	5480	0	3548	0	170	0	694	0	0	0	184	0	0	0	194	0	2146	110	6534	0	0	0	0	0	0	0	140	0	3864	0	0	148	3346	302	1248	142	34510	122	20632	0	8550	838	10914	100	2104	636	24560	0	728	0	1782	0	19070	114	0	0	3392	0	156	0	96	0	184	0	126	88	11968	0	4534	142	1398	102	8228	0	422	0	1956	0	100	0	1350	0	4448	0	9730	0	5090	0	42372	846	19362	0	328	0	3204	512	17740	3770	29058	0	142	0	550	164	618	0	174	142	844	7124	5164	392	200	258	518	
318212	Postcentral_L	28576	2420	3884	5022	0	0	2254	2904	0	0	4894	182	1318	294	0	158	7858	0	1364	5126	0	0	136	0	0	0	0	0	6334	212	0	88	166	82	790	0	1076	0	286	0	0	0	2562	0	2096	0	704	0	154	0	8554	0	3706	0	2546	0	0	0	6714	0	19530	0	8388	0	2722	0	3598	0	4556	0	5384	182	1498	0	122	0	738	212	1204	0	3594	0	0	0	3382	0	0	0	1536	0	0	0	0	0	0	0	0	0	0	0	0	0	0	0	0	0	0	0	0	0	0	0	0	0	0	0	
244108	Postcentral_R	0	19882	0	2598	0	0	0	1066	0	0	0	4278	0	0	0	0	0	4442	0	3830	0	0	0	0	0	0	0	0	0	2422	0	0	0	2288	0	530	0	406	0	0	0	0	0	2342	0	1688	0	642	0	1662	0	1400	0	3122	0	3392	0	0	0	7610	0	8766	0	14616	0	1108	94	13920	282	6896	0	352	0	518	0	0	0	368	0	384	0	1926	0	0	0	1494	0	0	0	7730	0	0	0	0	0	0	0	0	0	0	0	0	0	0	0	0	0	0	0	0	0	0	0	0	0	0	
130280	Parietal_Sup_L	182	0	0	86	0	0	0	0	0	0	0	0	0	0	0	0	0	0	0	0	0	0	0	0	0	0	0	0	0	0	0	0	362	304	0	0	0	0	0	0	0	0	484	0	5560	462	0	0	12286	314	8742	272	310	0	194	0	6714	0	0	0	11470	0	146	0	1526	0	12750	1390	1026	0	0	0	0	0	0	0	0	0	0	0	0	0	0	0	380	0	0	0	180	0	0	0	0	0	0	0	0	0	0	0	0	0	0	0	0	0	0	0	0	0	0	0	0	0	0	0	
98636	Parietal_Sup_R	0	162	0	0	0	0	0	0	0	0	0	0	0	0	0	0	0	84	0	0	0	0	0	0	0	0	0	0	0	88	0	0	0	178	0	0	0	0	0	0	0	0	170	518	0	2670	0	0	0	6278	0	3690	0	130	0	156	0	7610	0	0	0	7082	0	2942	0	5298	768	9954	0	536	0	0	0	0	0	0	0	0	0	0	0	96	0	0	0	270	0	0	0	638	0	0	0	0	0	0	0	0	0	0	0	0	0	0	0	0	0	0	0	0	0	0	0	0	0	0	
261980	Parietal_Inf_L	1538	108	164	0	0	0	178	0	0	0	402	0	248	0	0	0	276	0	84	0	0	0	0	0	0	0	0	0	384	0	0	0	222	0	128	0	116	0	0	0	0	0	218	0	108	0	0	0	2800	0	19136	0	1994	0	2460	0	19530	0	11470	0	0	0	24898	0	19560	0	1282	0	1538	0	0	0	0	0	0	0	0	0	0	0	684	0	0	0	16672	0	0	0	4792	0	0	0	0	0	0	0	0	0	0	0	0	0	0	0	0	0	0	0	0	0	0	0	0	0	0	0	
145080	Parietal_Inf_R	0	2152	0	230	0	0	0	0	0	0	0	370	0	0	0	0	0	142	0	92	0	0	0	0	0	0	0	0	0	156	0	0	0	92	0	0	0	0	0	0	0	0	0	118	0	0	0	92	0	1802	0	10192	0	402	0	96	0	8766	0	7082	0	0	0	22822	0	12982	0	1096	0	138	0	160	0	0	0	0	0	132	0	0	0	510	0	0	0	1566	0	0	0	1350	0	0	0	0	0	0	0	0	0	0	0	0	0	0	0	0	0	0	0	0	0	0	0	0	0	0	
169388	SupraMarginal_L	918	154	114	592	0	0	0	246	0	0	146	0	122	0	0	0	1248	0	0	370	0	0	0	0	0	0	0	0	310	0	0	0	0	0	0	0	198	0	0	0	0	0	0	0	0	0	0	0	0	0	6666	0	1464	0	1662	0	8388	0	146	0	24898	0	0	0	8232	0	0	0	708	0	628	0	158	0	126	0	82	0	116	0	3698	0	0	0	18604	0	0	0	4700	0	0	0	0	0	0	0	0	0	0	0	0	0	0	0	0	0	0	0	0	0	0	0	0	0	0	0	
185056	SupraMarginal_R	0	4258	0	1216	0	0	0	538	0	0	0	370	0	0	0	0	0	4372	0	1194	0	0	0	0	0	0	0	0	0	536	0	0	0	146	0	0	0	114	0	0	0	0	0	106	0	0	0	88	0	920	0	7304	0	440	0	184	0	14616	0	2942	0	22822	0	0	0	10808	0	1250	0	586	0	284	0	0	0	0	0	240	0	962	0	7698	0	0	0	3802	0	0	0	4732	0	0	0	0	0	0	0	0	0	0	0	0	0	0	0	0	0	0	0	0	0	0	0	0	0	0	
144780	Angular_L	242	0	0	0	0	0	0	0	0	0	0	0	0	0	0	0	0	0	0	0	0	0	0	0	0	0	0	0	138	0	0	0	212	0	0	0	0	0	0	0	0	0	200	0	0	0	0	0	336	0	22192	0	1600	0	818	0	2722	0	1526	0	19560	0	8232	0	0	0	278	0	1142	0	0	0	0	0	0	0	0	0	0	0	1204	0	0	0	10840	0	0	0	1148	0	0	0	0	0	0	0	0	0	0	0	0	0	0	0	0	0	0	0	0	0	0	0	0	0	0	0	
138800	Angular_R	0	126	0	0	0	0	0	0	0	0	0	0	0	0	0	0	0	180	0	0	0	0	0	0	0	0	0	0	0	0	0	0	0	0	0	0	0	0	0	0	0	0	0	226	0	0	0	0	0	4636	0	16404	0	336	0	126	0	1108	0	5298	0	12982	0	10808	0	0	0	962	0	110	0	0	0	0	0	0	0	0	0	0	0	4050	0	0	0	9064	0	0	0	2984	0	0	0	0	0	0	0	0	0	0	0	0	0	0	0	0	0	0	0	0	0	0	0	0	0	0	
377372	Precuneus_L	1672	484	0	314	0	0	0	0	0	0	0	0	0	0	0	0	0	0	326	916	0	0	0	0	0	0	0	0	216	0	0	0	7048	2852	13932	2554	3980	660	3418	0	0	0	24312	2408	24274	5876	10234	390	15018	2670	12336	1350	4656	0	3618	88	3598	94	12750	768	1282	0	0	0	278	0	0	14602	6430	844	0	0	0	0	0	0	390	1144	0	0	0	0	0	0	306	136	0	0	166	0	0	0	0	0	0	0	0	0	178	0	0	0	0	0	0	0	0	0	0	0	118	0	0	0	0	0	
585380	Precuneus_R	172	3674	0	1070	0	0	0	108	0	0	0	0	0	0	0	0	0	954	410	12674	0	0	0	0	0	0	0	0	0	556	0	0	4262	20426	2564	12774	158	5804	0	734	0	0	4490	28468	5008	31072	796	7524	1320	22174	134	12546	0	9916	0	11968	0	13920	1390	9954	0	1096	0	1250	0	962	14602	0	1042	16442	0	108	0	478	0	0	0	998	0	0	0	424	0	0	0	8504	0	0	0	18358	0	0	0	0	0	0	0	96	0	0	0	0	0	0	0	0	0	0	0	0	1310	0	0	0	0	0	
178572	Paracentral_Lobule_L	14948	570	154	426	0	0	0	104	0	0	0	0	0	0	0	0	158	0	2996	5962	0	0	0	0	0	0	0	0	620	0	0	0	8238	3652	6928	1310	374	0	368	0	0	0	3280	132	4332	196	704	0	1132	0	7308	0	3084	0	1306	0	4556	282	1026	0	1538	0	708	0	1142	0	6430	1042	0	1436	0	0	0	0	0	0	90	86	110	0	206	0	0	0	1790	0	0	0	562	0	0	0	0	0	0	0	0	0	0	0	0	0	0	0	0	0	0	0	0	0	0	0	0	0	0	0	
231696	Paracentral_Lobule_R	154	10820	0	886	0	0	0	0	0	0	0	0	0	0	0	0	0	716	560	22088	0	0	0	0	0	0	0	0	0	950	0	0	2946	14862	632	5296	0	1666	0	0	0	0	0	3544	0	4158	0	630	0	1076	0	1212	0	2668	0	4534	0	6896	0	536	0	138	0	586	0	110	844	16442	1436	0	0	0	0	312	0	0	0	0	0	152	0	642	0	0	0	1202	0	0	0	7050	0	0	0	0	0	0	0	0	0	0	0	0	0	0	0	0	0	0	0	0	104	0	0	0	0	0	
477892	Caudate_L	6508	1400	11754	5330	6124	2052	4208	9124	4280	114	8920	4040	3398	8378	5206	4596	6512	182	8770	6382	12146	9524	1548	182	2104	580	3376	2584	16306	5154	9012	5232	0	2158	0	0	1294	218	88	0	898	0	0	0	0	0	0	0	0	0	0	0	238	0	182	142	5384	0	0	0	0	0	628	0	0	0	0	0	0	0	0	13170	25108	3146	3194	290	4054	174	0	0	1470	0	1832	0	0	0	0	0	0	252	0	0	0	0	0	0	0	0	0	0	0	0	0	0	0	0	0	0	0	0	0	0	0	0	0	0	
400640	Caudate_R	1070	3826	872	19812	100	9068	538	708	206	1564	0	2242	0	3820	0	11340	176	276	1062	21274	5886	9010	768	6184	178	6858	212	4154	966	9006	2410	10292	0	1258	366	664	694	1892	172	154	482	0	0	0	0	0	0	0	0	0	0	0	0	130	136	1398	182	352	0	0	0	160	0	284	0	0	0	108	0	0	13170	0	4744	21372	130	1482	148	13518	132	0	0	130	0	212	0	904	0	0	0	2068	0	0	0	0	0	0	0	0	0	0	0	0	0	0	0	0	0	0	0	0	0	0	0	0	0	0	
382548	Putamen_L	1294	378	22176	854	3720	1000	3366	2460	5304	82	1428	966	1592	1122	8136	1030	882	0	17452	932	7014	5786	862	0	470	370	652	1420	23088	898	4950	2264	0	230	0	0	8558	182	1202	0	3114	0	0	0	0	0	124	0	0	0	0	0	0	0	2458	102	1498	0	0	0	0	0	158	0	0	0	0	0	0	0	25108	4744	0	1574	6878	0	3554	328	0	0	2458	0	3784	0	500	0	698	0	1726	94	120	0	0	0	0	0	0	0	134	0	0	0	0	0	0	0	0	0	0	0	0	0	0	0	0	0	
374552	Putamen_R	258	4082	452	16104	0	3990	98	3678	0	2138	218	2166	0	2098	0	8304	114	2146	518	16878	1358	1744	0	2472	0	608	0	1252	404	31906	224	2964	0	672	148	182	290	11912	108	3018	328	1892	0	380	0	0	0	92	0	0	0	0	0	616	0	8228	0	518	0	0	0	0	0	0	0	0	0	478	0	312	3146	21372	1574	0	0	2604	0	4156	0	110	0	2558	0	1556	0	5330	0	492	0	9030	0	0	0	0	0	0	0	0	0	0	0	0	0	0	0	0	0	0	0	0	0	0	0	0	0	0	
52632	Pallidum_L	368	122	7136	0	0	0	0	110	0	0	0	0	0	0	0	0	0	0	5952	122	0	0	0	0	0	0	0	0	118	0	0	0	0	0	0	0	668	0	0	0	100	0	0	0	0	0	0	0	0	0	0	0	0	0	0	0	122	0	0	0	0	0	126	0	0	0	0	0	0	0	3194	130	6878	0	0	0	1062	0	0	0	108	0	0	0	0	0	0	0	0	0	0	0	0	0	0	0	0	0	0	0	0	0	0	0	0	0	0	0	0	0	0	0	0	0	0	0	
20320	Pallidum_R	0	0	0	1438	0	0	0	230	0	0	0	0	0	0	0	0	0	122	0	1098	198	132	0	0	0	0	0	0	0	384	0	0	0	0	0	0	0	860	0	570	0	0	0	0	0	0	0	0	0	0	0	0	0	0	0	422	0	0	0	0	0	0	0	0	0	0	0	0	0	0	290	1482	0	2604	0	0	0	104	0	0	0	0	0	0	0	0	0	0	0	226	0	0	0	0	0	0	0	0	0	0	0	0	0	0	0	0	0	0	0	0	0	0	0	0	0	0	
95388	Thalamus_L	10130	1252	6156	648	0	0	1784	326	0	0	174	0	0	0	0	0	134	0	2372	198	0	0	0	0	0	0	0	0	1212	0	0	0	0	0	738	400	4456	0	1660	0	0	0	366	0	102	0	1274	0	0	0	0	0	140	0	938	0	738	0	0	0	0	0	82	0	0	0	390	0	90	0	4054	148	3554	0	1062	0	0	2582	308	0	0	0	0	0	0	0	0	0	144	0	0	0	0	0	0	0	82	0	0	0	0	0	0	0	0	0	0	0	0	0	0	0	0	0	0	0	
235524	Thalamus_R	1198	10186	86	19414	0	0	0	1744	0	0	0	220	0	94	0	0	0	102	0	13270	0	0	0	0	0	0	0	0	448	1534	0	0	0	0	6866	7532	6654	8174	3282	2580	0	86	566	116	84	0	1918	1222	0	0	0	0	0	0	1510	1956	212	368	0	0	0	132	0	240	0	0	1144	998	86	0	174	13518	328	4156	0	104	2582	0	260	0	0	462	0	0	0	488	0	0	0	1668	0	0	0	0	0	0	0	0	0	0	0	0	0	0	0	0	0	0	0	0	0	0	0	0	0	0	
70712	Heschl_L	478	208	1986	0	0	0	196	160	0	0	674	0	524	0	0	0	3496	0	1206	0	0	0	0	0	0	0	0	0	5900	0	0	0	0	0	0	152	2304	0	572	0	0	0	88	0	0	0	180	0	0	0	434	0	1988	0	2394	0	1204	0	0	0	0	0	116	0	0	0	0	0	110	0	0	132	0	0	0	0	308	260	0	0	4700	0	0	0	4282	0	0	0	1304	0	0	0	0	0	0	0	0	0	0	0	0	0	0	0	0	0	0	0	0	0	0	0	0	0	0	0	
33544	Heschl_R	0	506	0	150	0	0	0	0	0	0	0	0	0	0	0	0	0	2490	0	336	0	0	0	0	0	0	0	0	0	3928	0	0	0	0	0	0	0	0	0	0	0	0	0	0	0	0	0	0	0	0	0	0	0	120	0	100	0	384	0	0	0	0	0	962	0	0	0	0	0	152	0	0	0	110	0	0	0	0	0	0	0	5954	0	256	0	924	0	0	0	400	0	0	0	0	0	0	0	0	0	0	0	0	0	0	0	0	0	0	0	0	0	0	0	0	0	0	
211752	Temporal_Sup_L	1768	204	3138	914	0	0	150	370	0	0	3806	0	794	138	536	0	9078	0	2520	938	0	0	0	0	0	0	0	0	11874	0	0	394	0	608	0	0	2960	0	416	0	0	0	0	0	0	0	0	0	0	0	276	0	580	0	3726	0	3594	0	0	0	684	0	3698	0	1204	0	0	0	206	0	1470	0	2458	0	108	0	0	0	4700	0	0	0	5928	0	23404	0	2306	0	10566	0	170	0	0	0	0	0	0	0	192	0	0	0	0	0	0	0	0	0	0	0	0	0	0	0	0	0	
152752	Temporal_Sup_R	0	1596	0	1114	0	0	0	228	0	0	0	342	0	0	0	0	0	5132	0	1642	0	0	0	0	0	0	0	0	0	8624	0	0	0	132	0	0	0	1158	0	0	0	0	0	94	0	0	0	0	0	0	0	368	0	696	0	1350	0	1926	0	96	0	510	0	7698	0	4050	0	424	0	642	0	130	0	2558	0	0	0	462	0	5954	0	0	0	3590	0	19002	0	1460	0	5398	0	0	0	0	0	0	0	0	0	0	0	0	0	0	0	0	0	0	0	0	0	0	0	0	0	0	
125644	Temporal_Pole_Sup_L	0	0	594	558	490	0	0	320	0	0	2266	0	1004	316	2746	0	2092	0	572	628	330	0	0	0	138	0	364	0	7414	0	0	436	0	564	0	0	1932	0	1084	0	1568	0	0	0	0	0	0	0	0	0	0	0	0	0	4440	0	0	0	0	0	0	0	0	0	0	0	0	0	0	0	1832	0	3784	0	0	0	0	0	0	0	5928	0	0	0	6602	0	9434	0	5386	0	0	0	0	0	0	0	0	0	0	0	0	0	0	0	0	0	0	0	0	0	0	0	0	0	0	0	
56860	Temporal_Pole_Sup_R	0	0	0	268	0	0	0	0	0	0	0	332	0	0	0	0	0	1016	0	558	0	0	0	0	0	0	0	0	0	2068	0	0	0	0	0	0	0	894	0	2992	0	2822	0	0	0	0	0	0	0	0	0	0	0	0	0	4448	0	0	0	0	0	0	0	0	0	0	0	0	0	0	0	212	0	1556	0	0	0	0	0	256	0	3590	0	0	0	2042	0	4472	0	904	0	0	0	0	0	0	0	0	0	0	0	0	0	0	0	0	0	0	0	0	0	0	0	0	0	0	
367576	Temporal_Mid_L	582	474	326	0	0	0	0	430	0	0	90	0	128	0	0	0	1448	0	248	0	0	0	0	0	0	0	0	0	2920	0	0	0	198	0	0	0	2354	0	604	0	310	0	100	0	0	0	0	0	0	0	18436	0	7196	0	13170	0	3382	0	380	0	16672	0	18604	0	10840	0	306	0	1790	0	0	0	500	0	0	0	0	0	4282	0	23404	0	6602	0	0	0	10092	0	37170	0	374	0	0	0	0	0	0	0	376	0	0	0	0	0	0	0	0	0	0	0	0	0	0	0	0	0	
349100	Temporal_Mid_R	0	1312	0	1198	0	0	0	250	0	0	0	0	0	0	0	0	0	986	0	2032	0	0	0	0	0	0	0	0	0	5568	0	0	0	844	0	106	0	6372	0	2094	0	524	694	11260	128	2444	172	3206	0	2932	0	19582	0	6044	0	9730	0	1494	0	270	0	1566	0	3802	0	9064	136	8504	0	1202	0	904	0	5330	0	0	0	488	0	924	0	19002	0	2042	0	0	0	6246	0	35534	0	190	0	0	0	0	0	240	0	134	0	0	0	0	0	0	0	0	0	0	0	0	0	0	0	0	
77160	Temporal_Pole_Mid_L	0	0	134	0	0	0	0	0	0	0	84	0	0	0	0	0	0	0	130	0	0	0	0	0	0	0	0	0	1030	0	0	0	0	0	0	0	1162	0	1094	0	1120	0	0	0	0	0	0	0	0	0	0	0	0	0	4498	0	0	0	0	0	0	0	0	0	0	0	0	0	0	0	0	0	698	0	0	0	0	0	0	0	2306	0	9434	0	10092	0	0	0	6798	0	0	0	0	0	0	0	0	0	0	0	0	0	0	0	0	0	0	0	0	0	0	0	0	0	0	0	
56816	Temporal_Pole_Mid_R	0	0	0	0	0	0	0	0	0	0	0	0	0	0	0	0	0	0	0	0	0	0	0	0	0	0	0	0	0	732	0	0	0	0	0	0	0	1364	0	2596	0	684	0	0	0	0	0	0	0	0	0	0	0	0	0	5090	0	0	0	0	0	0	0	0	0	0	0	0	0	0	0	0	0	492	0	0	0	0	0	0	0	1460	0	4472	0	6246	0	0	0	5174	0	0	0	0	0	0	0	98	0	0	0	0	0	0	0	0	0	0	0	0	0	0	0	0	0	0	
323888	Temporal_Inf_L	322	538	452	0	0	0	0	480	0	0	90	0	0	0	0	0	408	0	358	0	0	0	0	0	0	0	0	0	6506	0	0	0	108	0	0	0	8372	0	1838	0	2472	0	0	0	0	0	254	0	0	0	4042	0	6456	0	30406	0	1536	0	180	0	4792	0	4700	0	1148	0	166	0	562	0	0	0	1726	0	0	0	144	0	1304	0	10566	0	5386	0	37170	0	6798	0	0	0	10000	0	396	0	258	0	3376	0	7722	0	438	0	290	0	184	0	0	0	0	0	0	0	0	0	0	0	
542500	Temporal_Inf_R	262	11196	0	5672	0	188	0	862	0	0	0	278	0	0	0	120	0	4910	208	9922	0	0	0	0	0	0	0	136	0	7840	0	0	140	3592	270	1862	128	25150	98	8184	0	1902	202	10112	0	2344	84	2250	0	1014	0	5274	0	17812	0	42372	0	7730	0	638	0	1350	0	4732	0	2984	0	18358	0	7050	252	2068	94	9030	0	226	0	1668	0	400	0	5398	0	904	0	35534	0	5174	0	0	0	1912	0	0	0	0	0	462	0	584	0	0	0	92	0	0	0	0	0	0	226	0	0	0	0	0	
479644	Cerebelum_Crus1_L	0	0	0	0	0	0	0	0	0	0	0	0	0	0	0	0	0	0	0	0	0	0	0	0	0	0	0	0	236	0	0	0	0	0	0	0	272	0	188	0	0	0	0	0	0	0	6062	2890	0	0	136	0	456	292	19012	846	0	0	0	0	0	0	0	0	0	0	0	0	0	0	0	0	120	0	0	0	0	0	0	0	170	0	0	0	374	0	0	0	10000	0	0	10540	36612	6854	1302	0	15412	932	49390	8194	16506	2040	15650	3636	2408	846	578	0	0	0	2346	11534	12378	1034	468	108	
518956	Cerebelum_Crus1_R	0	0	0	0	0	0	0	0	0	0	0	0	0	0	0	0	0	0	0	0	0	0	0	0	0	0	0	0	0	0	0	0	0	0	0	0	0	1090	0	1620	0	0	0	0	0	0	1026	4122	0	0	0	0	0	682	486	19362	0	0	0	0	0	0	0	0	0	0	0	0	0	0	0	0	0	0	0	0	0	0	0	0	0	0	0	0	0	190	0	0	0	1912	10540	0	6272	26002	142	4924	2486	19282	10000	57570	3152	5588	2758	21870	1724	9962	108	1564	280	1426	6412	15378	13150	4044	2792	1562	
370648	Cerebelum_Crus2_L	0	0	0	0	0	0	0	0	0	0	0	0	0	0	0	0	0	0	0	0	0	0	0	0	0	0	0	0	0	0	0	0	0	0	0	0	0	0	0	0	0	0	0	0	0	0	686	536	0	0	0	0	0	0	856	0	0	0	0	0	0	0	0	0	0	0	0	0	0	0	0	0	0	0	0	0	0	0	0	0	0	0	0	0	0	0	0	0	396	0	36612	6272	0	16726	526	0	2268	102	6668	1824	34172	7466	30774	6004	3186	1526	816	0	0	0	314	3364	16724	6296	1210	0	
329828	Cerebelum_Crus2_R	0	0	0	0	0	0	0	0	0	0	0	0	0	0	0	0	0	0	0	0	0	0	0	0	0	0	0	0	0	0	0	0	0	0	0	0	0	166	0	300	0	0	0	0	0	0	154	370	0	0	0	0	0	0	0	328	0	0	0	0	0	0	0	0	0	0	0	0	0	0	0	0	0	0	0	0	0	0	0	0	0	0	0	0	0	0	0	0	0	0	6854	26002	16726	0	0	366	104	536	928	3386	10002	21238	6942	31646	220	8294	0	280	0	0	178	1620	17708	8640	1680	246	
31160	Cerebelum_3_L	0	0	0	0	0	0	0	0	0	0	0	0	0	0	0	0	0	0	0	0	0	0	0	0	0	0	0	0	0	0	0	0	0	0	0	0	90	0	330	0	0	0	0	0	0	0	502	0	0	0	0	0	0	0	400	0	0	0	0	0	0	0	0	0	0	0	0	0	0	0	0	0	0	0	0	0	0	0	0	0	0	0	0	0	0	0	0	0	258	0	1302	142	526	0	0	0	5186	98	2642	118	0	0	0	0	1482	128	0	0	526	834	592	104	0	0	0	320	
75072	Cerebelum_3_R	0	0	0	0	0	0	0	0	0	0	0	0	0	0	0	0	0	0	0	0	0	0	0	0	0	0	0	0	0	0	0	0	0	0	0	0	0	602	0	1598	0	0	0	0	0	0	0	570	0	0	0	0	0	0	0	3204	0	0	0	0	0	0	0	0	0	0	0	0	0	0	0	0	0	0	0	0	0	0	0	0	0	0	0	0	0	0	0	0	0	0	0	4924	0	366	0	0	0	10412	0	11196	0	254	0	306	90	918	0	0	288	2158	260	0	0	194	196	0	
229348	Cerebelum_4_5_L	0	0	0	0	0	0	0	0	0	0	0	0	0	0	0	0	0	0	0	0	0	0	0	0	0	0	0	0	0	0	0	0	0	0	0	0	300	106	514	0	0	0	0	0	0	0	9190	1264	0	0	0	0	176	0	12782	512	0	0	0	0	0	0	0	0	0	0	0	0	0	0	0	0	0	0	0	0	82	0	0	0	0	0	0	0	0	0	0	0	3376	0	15412	2486	2268	104	5186	0	0	2264	30710	2982	556	0	900	162	4946	676	682	0	468	1316	8946	3450	392	332	724	1410	
264144	Cerebelum_4_5_R	0	0	0	0	0	0	0	0	0	0	0	0	0	0	0	0	0	0	0	0	0	0	0	0	0	0	0	0	0	0	0	0	0	0	0	0	0	1342	0	3866	0	172	0	482	0	0	860	8260	0	0	0	108	0	2548	612	17740	0	0	0	0	0	0	0	0	0	0	0	96	0	0	0	0	0	0	0	0	0	0	0	0	0	0	0	0	0	240	0	98	0	462	932	19282	102	536	98	10412	2264	0	3024	34004	0	334	104	370	740	1040	0	102	0	1534	13530	3748	162	242	576	2050	
457976	Cerebelum_6_L	0	0	0	0	0	0	0	0	0	0	0	0	0	0	0	0	0	0	0	0	0	0	0	0	0	0	0	0	230	0	0	0	0	0	94	0	406	0	412	0	0	0	430	186	0	0	14184	8210	0	0	630	0	792	1528	27332	3770	0	0	0	0	0	0	0	0	0	0	178	0	0	0	0	0	134	0	0	0	0	0	0	0	192	0	0	0	376	0	0	0	7722	0	49390	10000	6668	928	2642	0	30710	3024	0	13088	2830	90	2514	720	4658	632	464	0	0	158	9342	18678	4278	408	552	408	
492028	Cerebelum_6_R	0	0	0	0	0	0	0	0	0	0	0	0	0	0	0	0	0	0	0	0	0	0	0	0	0	0	0	0	0	0	0	0	0	0	0	0	0	798	0	1740	0	0	0	286	0	0	1408	9472	0	0	0	122	0	4546	544	29058	0	0	0	0	0	0	0	0	0	0	0	0	0	0	0	0	0	0	0	0	0	0	0	0	0	0	0	0	0	134	0	0	0	584	8194	57570	1824	3386	118	11196	2982	34004	13088	0	682	1636	740	3916	1806	4602	112	1910	332	2468	12346	19458	6670	3228	2978	2076	
288092	Cerebelum_7b_L	0	0	0	0	0	0	0	0	0	0	0	0	0	0	0	0	0	0	0	0	0	0	0	0	0	0	0	0	0	0	0	0	0	0	0	0	0	0	0	0	0	0	0	0	0	0	0	0	0	0	0	0	0	0	104	0	0	0	0	0	0	0	0	0	0	0	0	0	0	0	0	0	0	0	0	0	0	0	0	0	0	0	0	0	0	0	0	0	438	0	16506	3152	34172	10002	0	0	556	0	2830	682	0	7196	33296	7480	4486	2284	882	0	0	0	106	1244	9188	7478	1964	0	
183312	Cerebelum_7b_R	0	0	0	0	0	0	0	0	0	0	0	0	0	0	0	0	0	0	0	0	0	0	0	0	0	0	0	0	0	0	0	0	0	0	0	0	0	128	0	228	0	0	0	0	0	0	0	0	0	0	0	0	0	0	0	142	0	0	0	0	0	0	0	0	0	0	0	0	0	0	0	0	0	0	0	0	0	0	0	0	0	0	0	0	0	0	0	0	0	0	2040	5588	7466	21238	0	254	0	334	90	1636	7196	0	4910	21918	0	3984	0	178	0	0	0	128	6210	7222	766	0	
303052	Cerebelum_8_L	0	0	0	0	0	0	0	0	0	0	0	0	0	0	0	0	0	0	0	0	0	0	0	0	0	0	0	0	0	0	0	0	0	0	0	0	0	0	0	0	0	0	0	0	0	0	0	0	0	0	0	0	0	0	166	0	0	0	0	0	0	0	0	0	0	0	0	0	0	0	0	0	0	0	0	0	0	0	0	0	0	0	0	0	0	0	0	0	290	0	15650	2758	30774	6942	0	0	900	104	2514	740	33296	4910	0	6820	17206	3080	4914	0	0	0	250	1296	7402	8208	3202	104	
309060	Cerebelum_8_R	0	0	0	0	0	0	0	0	0	0	0	0	0	0	0	0	0	0	0	0	0	0	0	0	0	0	0	0	0	0	0	0	0	0	0	0	0	0	0	118	0	0	0	0	0	0	0	224	0	0	0	0	0	0	0	550	0	0	0	0	0	0	0	0	0	0	0	0	0	0	0	0	0	0	0	0	0	0	0	0	0	0	0	0	0	0	0	0	0	92	3636	21870	6004	31646	0	306	162	370	720	3916	7480	21918	6820	0	318	23668	0	920	0	126	224	1354	8902	9664	3184	338	
126252	Cerebelum_9_L	0	0	0	0	0	0	0	0	0	0	0	0	0	0	0	0	0	0	0	0	0	0	0	0	0	0	0	0	0	0	0	0	0	0	0	0	0	0	0	0	0	0	0	0	0	0	548	284	0	0	0	0	0	0	388	164	0	0	0	0	0	0	0	0	0	0	0	0	0	0	0	0	0	0	0	0	0	0	0	0	0	0	0	0	0	0	0	0	184	0	2408	1724	3186	220	1482	90	4946	740	4658	1806	4486	0	17206	318	0	1232	6822	0	114	384	2858	3052	416	1270	1226	914	
179480	Cerebelum_9_R	0	0	0	0	0	0	0	0	0	0	0	0	0	0	0	0	0	0	0	0	0	0	0	0	0	0	0	0	0	0	0	0	0	0	0	0	0	0	0	168	0	0	0	0	0	0	0	400	0	0	0	0	0	0	0	618	0	0	0	0	0	0	0	0	0	0	0	0	0	0	0	0	0	0	0	0	0	0	0	0	0	0	0	0	0	0	0	0	0	0	846	9962	1526	8294	128	918	676	1040	632	4602	2284	3984	3080	23668	1232	0	0	2430	216	650	1316	2894	2442	6764	7398	1572	
31392	Cerebelum_10_L	0	0	0	0	0	0	0	0	0	0	0	0	0	0	0	0	0	0	0	0	0	0	0	0	0	0	0	0	0	0	0	0	0	0	0	0	0	0	0	0	0	0	0	0	0	0	0	0	0	0	0	0	0	0	0	0	0	0	0	0	0	0	0	0	0	0	0	0	0	0	0	0	0	0	0	0	0	0	0	0	0	0	0	0	0	0	0	0	0	0	578	108	816	0	0	0	682	0	464	112	882	0	4914	0	6822	0	0	0	0	0	108	210	0	0	0	0	
21152	Cerebelum_10_R	0	0	0	0	0	0	0	0	0	0	0	0	0	0	0	0	0	0	0	0	0	0	0	0	0	0	0	0	0	0	0	0	0	0	0	0	0	0	0	0	0	0	0	0	0	0	0	0	0	0	0	0	0	0	0	174	0	0	0	0	0	0	0	0	0	0	0	0	0	0	0	0	0	0	0	0	0	0	0	0	0	0	0	0	0	0	0	0	0	0	0	1564	0	280	0	0	0	102	0	1910	0	178	0	920	0	2430	0	0	0	0	0	632	270	1056	1060	0	
11984	Vermis_1_2	0	0	0	0	0	0	0	0	0	0	0	0	0	0	0	0	0	0	0	0	0	0	0	0	0	0	0	0	0	0	0	0	0	0	0	0	0	0	0	0	0	0	0	0	0	0	0	0	0	0	0	0	0	0	0	142	0	0	0	0	0	0	0	0	0	0	0	0	0	0	0	0	0	0	0	0	0	0	0	0	0	0	0	0	0	0	0	0	0	0	0	280	0	0	526	288	468	0	0	332	0	0	0	0	114	216	0	0	0	3068	370	0	0	0	0	188	
