data	data	474208	265860	760264	845208	119104	71600	538644	279836	49504	17416	264456	244288	219936	194256	163740	92492	264420	207724	559200	797004	65996	62972	263212	342052	17292	57036	49496	52608	610268	441688	365100	392116	190508	462372	215116	171264	254168	392500	89752	252696	42680	56060	332716	495072	308648	613896	344872	343984	274408	524464	589632	410452	235508	111044	390752	428728	359576	241688	128728	180632	241924	146244	171476	117368	208328	161792	513060	622216	280516	105028	299952	389016	210388	325044	46560	20164	228744	182420	125516	22232	284704	146804	68452	57220	483848	354372	9516	13640	407324	290776	533380	477612	289536	318704	52480	78980	330736	253012	528344	503484	212920	131452	287712	267968	133968	156484	17676	35288	44772	103272	251160	247796	324824	158760	117736	25468	
data	data	Precentral_L	Precentral_R	Frontal_Sup_L	Frontal_Sup_R	Frontal_Sup_Orb_L	Frontal_Sup_Orb_R	Frontal_Mid_L	Frontal_Mid_R	Frontal_Mid_Orb_L	Frontal_Mid_Orb_R	Frontal_Inf_Oper_L	Frontal_Inf_Oper_R	Frontal_Inf_Tri_L	Frontal_Inf_Tri_R	Frontal_Inf_Orb_L	Frontal_Inf_Orb_R	Rolandic_Oper_L	Rolandic_Oper_R	Supp_Motor_Area_L	Supp_Motor_Area_R	Olfactory_L	Olfactory_R	Frontal_Sup_Medial_L	Frontal_Sup_Medial_R	Frontal_Med_Orb_L	Frontal_Med_Orb_R	Rectus_L	Rectus_R	Insula_L	Insula_R	Cingulum_Ant_L	Cingulum_Ant_R	Cingulum_Mid_L	Cingulum_Mid_R	Cingulum_Post_L	Cingulum_Post_R	Hippocampus_L	Hippocampus_R	ParaHippocampal_L	ParaHippocampal_R	Amygdala_L	Amygdala_R	Calcarine_L	Calcarine_R	Cuneus_L	Cuneus_R	Lingual_L	Lingual_R	Occipital_Sup_L	Occipital_Sup_R	Occipital_Mid_L	Occipital_Mid_R	Occipital_Inf_L	Occipital_Inf_R	Fusiform_L	Fusiform_R	Postcentral_L	Postcentral_R	Parietal_Sup_L	Parietal_Sup_R	Parietal_Inf_L	Parietal_Inf_R	SupraMarginal_L	SupraMarginal_R	Angular_L	Angular_R	Precuneus_L	Precuneus_R	Paracentral_Lobule_L	Paracentral_Lobule_R	Caudate_L	Caudate_R	Putamen_L	Putamen_R	Pallidum_L	Pallidum_R	Thalamus_L	Thalamus_R	Heschl_L	Heschl_R	Temporal_Sup_L	Temporal_Sup_R	Temporal_Pole_Sup_L	Temporal_Pole_Sup_R	Temporal_Mid_L	Temporal_Mid_R	Temporal_Pole_Mid_L	Temporal_Pole_Mid_R	Temporal_Inf_L	Temporal_Inf_R	Cerebelum_Crus1_L	Cerebelum_Crus1_R	Cerebelum_Crus2_L	Cerebelum_Crus2_R	Cerebelum_3_L	Cerebelum_3_R	Cerebelum_4_5_L	Cerebelum_4_5_R	Cerebelum_6_L	Cerebelum_6_R	Cerebelum_7b_L	Cerebelum_7b_R	Cerebelum_8_L	Cerebelum_8_R	Cerebelum_9_L	Cerebelum_9_R	Cerebelum_10_L	Cerebelum_10_R	Vermis_1_2	Vermis_3	Vermis_4_5	Vermis_6	Vermis_7	Vermis_8	Vermis_9	Vermis_10	
474208	Precentral_L	0	712	14920	2140	0	0	21032	216	0	0	6816	80	1080	86	0	0	11668	642	7644	3334	0	0	0	74	0	0	0	0	8090	524	654	230	3556	202	9640	244	5850	1400	0	314	0	0	3856	0	720	0	1264	132	454	0	2516	0	188	0	190	110	34624	346	548	0	4846	140	5202	206	1150	0	6862	250	29246	0	11288	1406	1898	606	474	0	12302	504	4482	0	4630	0	0	0	3366	0	0	0	2150	0	0	0	0	0	0	0	0	0	0	0	0	0	0	0	0	0	0	0	0	0	0	0	0	0	0	0	
265860	Precentral_R	712	0	8336	8402	0	0	728	10780	0	0	0	7086	0	166	0	0	0	6890	7818	4494	0	0	0	0	0	0	0	0	0	5986	0	0	192	3230	236	4034	0	3336	0	2608	0	0	0	1382	0	2754	0	392	0	2836	0	3414	0	246	0	4680	96	14934	0	568	0	1390	0	3890	0	144	268	4934	0	1958	838	634	0	2170	0	216	0	248	0	588	0	1730	0	122	0	2842	0	0	0	4622	0	0	0	0	0	0	0	0	0	0	0	0	0	0	0	0	0	0	0	0	0	0	0	0	0	0	
760264	Frontal_Sup_L	14920	8336	0	9152	7992	0	52454	7102	1770	0	8982	888	7726	568	9622	302	9700	1638	70706	18014	0	0	30124	1596	376	0	0	0	21366	1668	20432	4224	5418	3064	1118	214	3252	1290	146	634	0	0	656	0	0	0	562	134	0	0	140	0	0	0	94	244	7936	342	98	0	1502	338	488	456	282	0	856	0	1842	0	6182	1882	10658	992	5166	106	8906	318	2190	0	2388	0	90	0	226	0	0	0	140	124	0	0	0	0	0	0	0	0	0	0	0	0	0	0	0	0	0	0	0	0	0	0	0	0	0	0	
845208	Frontal_Sup_R	2140	8402	9152	0	0	1956	5274	36006	0	204	634	14618	236	13924	0	3834	406	12784	11242	72562	0	158	7340	40084	190	1844	0	630	872	24850	3316	28752	838	20182	540	2158	116	16738	0	5166	0	0	0	116	0	238	0	1328	0	238	0	254	0	0	0	2728	490	992	0	134	86	138	0	852	0	0	0	528	2026	0	2646	24512	186	16998	0	1912	1288	11214	226	0	0	760	0	1778	0	1482	0	0	0	2306	0	0	0	0	0	0	0	0	0	0	0	0	0	0	0	0	0	0	0	0	0	0	0	0	0	0	
119104	Frontal_Sup_Orb_L	0	0	7992	0	0	0	3884	0	7806	0	100	0	1736	0	14640	0	0	0	0	0	1206	0	3234	0	840	0	3120	0	9712	0	3164	496	0	0	0	0	0	0	0	0	222	0	0	0	0	0	0	0	0	0	0	0	0	0	0	0	0	0	0	0	0	0	0	0	0	0	0	0	0	0	88	0	1086	0	0	0	0	0	0	0	0	0	226	0	0	0	0	0	0	0	0	0	0	0	0	0	0	0	0	0	0	0	0	0	0	0	0	0	0	0	0	0	0	0	0	0	
71600	Frontal_Sup_Orb_R	0	0	0	1956	0	0	0	790	0	3812	0	0	0	0	0	5514	0	0	0	0	76	720	150	2088	746	7084	182	7230	0	1386	0	560	0	0	0	0	0	0	0	0	0	0	0	0	0	0	0	0	0	0	0	0	0	0	0	0	0	0	0	0	0	0	0	0	0	0	0	0	0	0	0	1740	0	1766	0	0	0	0	0	0	0	0	0	0	0	0	0	0	0	0	0	0	0	0	0	0	0	0	0	0	0	0	0	0	0	0	0	0	0	0	0	0	0	0	0	0	
538644	Frontal_Mid_L	21032	728	52454	5274	3884	0	0	1882	1856	0	18498	622	21686	742	8478	358	6840	2052	8016	6088	0	0	14344	1802	0	0	0	0	23690	2428	11222	1604	1064	4142	630	118	3336	770	124	438	0	0	760	0	0	0	488	0	0	0	148	0	0	0	326	74	5734	330	268	0	2726	84	518	150	744	0	1192	0	652	0	7436	2190	3642	1776	540	136	3970	162	4764	0	1850	0	202	0	1138	0	0	0	1120	0	0	0	0	0	0	0	0	0	0	0	0	0	0	0	0	0	0	0	0	0	0	0	0	0	0	0	
279836	Frontal_Mid_R	216	10780	7102	36006	0	790	1882	0	0	590	216	8544	96	10570	0	4996	170	9242	6920	5352	0	312	140	1854	0	0	0	348	270	12164	408	2600	0	1212	0	0	0	1306	0	526	0	78	0	0	0	0	0	0	0	0	0	0	0	0	0	430	138	606	0	0	0	0	0	0	0	0	0	0	0	0	1106	2126	0	8076	0	1006	0	134	0	108	0	442	0	478	0	150	0	0	0	428	0	0	0	0	0	0	0	0	0	0	0	0	0	0	0	0	0	0	0	0	0	0	0	0	0	0	
49504	Frontal_Mid_Orb_L	0	0	1770	0	7806	0	1856	0	0	0	0	0	982	0	10100	0	0	0	0	0	0	0	852	0	0	0	0	0	1386	0	0	0	0	0	0	0	0	0	0	0	0	0	0	0	0	0	0	0	0	0	0	0	0	0	0	0	0	0	0	0	0	0	0	0	0	0	0	0	0	0	0	0	0	0	0	0	0	0	0	0	0	0	0	0	0	0	0	0	0	0	0	0	0	0	0	0	0	0	0	0	0	0	0	0	0	0	0	0	0	0	0	0	0	0	0	0	
17416	Frontal_Mid_Orb_R	0	0	0	204	0	3812	0	590	0	0	0	0	0	240	0	3494	0	0	0	0	0	0	0	0	0	182	0	186	0	0	0	0	0	0	0	0	0	0	0	0	0	0	0	0	0	0	0	0	0	0	0	0	0	0	0	0	0	0	0	0	0	0	0	0	0	0	0	0	0	0	0	0	0	0	0	0	0	0	0	0	0	0	0	0	0	0	0	0	0	0	0	0	0	0	0	0	0	0	0	0	0	0	0	0	0	0	0	0	0	0	0	0	0	0	0	0	
264456	Frontal_Inf_Oper_L	6816	0	8982	634	100	0	18498	216	0	0	0	468	14166	556	180	404	14548	0	3286	548	0	0	2180	544	0	0	0	0	25956	562	8380	982	250	516	154	0	634	0	0	0	0	0	152	0	0	0	132	0	0	0	0	0	0	0	0	0	2826	0	0	0	166	0	202	0	0	0	164	0	0	0	4058	1840	2566	0	228	0	150	0	3834	0	3650	0	2306	0	318	0	0	0	76	0	0	0	0	0	0	0	0	0	0	0	0	0	0	0	0	0	0	0	0	0	0	0	0	0	0	0	
244288	Frontal_Inf_Oper_R	80	7086	888	14618	0	0	622	8544	0	0	468	0	262	10934	0	218	170	10208	904	11382	0	0	0	1280	0	0	0	0	454	27956	594	3104	0	6184	0	0	0	900	0	572	0	0	0	0	0	0	0	0	0	0	0	0	0	0	0	180	0	778	0	0	0	0	0	0	0	0	0	0	0	0	1296	2478	162	7300	0	0	0	0	0	122	0	596	0	1804	0	0	0	0	0	0	0	0	0	0	0	0	0	0	0	0	0	0	0	0	0	0	0	0	0	0	0	0	0	0	0	0	
219936	Frontal_Inf_Tri_L	1080	0	7726	236	1736	0	21686	96	982	0	14166	262	0	450	12804	346	1186	148	958	300	0	0	1224	444	0	0	0	0	24536	464	10090	860	188	330	0	0	450	80	0	0	0	0	0	0	0	0	84	0	0	0	0	0	0	0	0	0	148	0	0	0	0	0	0	0	0	0	0	0	0	0	1816	952	1488	258	98	0	220	0	554	0	892	0	556	0	0	0	0	0	74	0	0	0	0	0	0	0	0	0	0	0	0	0	0	0	0	0	0	0	0	0	0	0	0	0	0	0	
194256	Frontal_Inf_Tri_R	86	166	568	13924	0	0	742	10570	0	240	556	10934	450	0	0	9550	134	694	956	7324	0	0	376	4682	0	0	0	0	588	14784	514	4786	0	5462	0	0	0	586	0	508	0	0	0	0	0	0	0	0	0	0	0	0	0	0	0	76	0	0	0	0	0	0	0	0	0	0	0	0	0	0	1410	2094	658	3536	0	0	0	0	0	0	0	0	0	174	0	0	0	0	0	0	0	0	0	0	0	0	0	0	0	0	0	0	0	0	0	0	0	0	0	0	0	0	0	0	0	0	
163740	Frontal_Inf_Orb_L	0	0	9622	0	14640	0	8478	0	10100	0	180	0	12804	0	0	0	80	0	0	0	1400	0	2224	0	232	0	592	0	15594	0	2586	0	0	0	0	0	266	0	140	0	256	0	0	0	0	0	0	0	0	0	0	0	0	0	0	0	0	0	0	0	0	0	0	0	0	0	0	0	0	0	138	0	1354	76	0	0	0	0	0	0	0	0	1108	0	0	0	0	0	0	0	0	0	0	0	0	0	0	0	0	0	0	0	0	0	0	0	0	0	0	0	0	0	0	0	0	0	
92492	Frontal_Inf_Orb_R	0	0	302	3834	0	5514	358	4996	0	3494	404	218	346	9550	0	0	90	0	496	1066	0	842	190	816	0	0	0	1016	462	6806	78	318	0	780	0	0	0	0	0	0	0	0	0	0	0	0	0	0	0	0	0	0	0	0	0	0	0	0	0	0	0	0	0	0	0	0	0	0	0	0	808	728	468	1938	0	0	0	0	0	0	0	0	0	328	0	0	0	0	0	0	0	0	0	0	0	0	0	0	0	0	0	0	0	0	0	0	0	0	0	0	0	0	0	0	0	0	
264420	Rolandic_Oper_L	11668	0	9700	406	0	0	6840	170	0	0	14548	170	1186	134	80	90	0	0	6788	302	0	0	930	300	0	0	0	0	24270	190	2110	318	0	158	320	0	492	0	0	0	0	0	680	0	0	0	266	0	0	0	130	0	0	0	0	0	12592	0	96	0	650	0	4142	0	994	0	992	0	748	0	3706	630	1634	0	320	0	350	0	7940	0	12020	0	1170	0	1714	0	0	0	266	0	0	0	0	0	0	0	0	0	0	0	0	0	0	0	0	0	0	0	0	0	0	0	0	0	0	0	
207724	Rolandic_Oper_R	642	6890	1638	12784	0	0	2052	9242	0	0	0	10208	148	694	0	0	0	0	1370	5006	0	0	106	398	0	0	0	0	108	22162	484	328	82	666	0	0	0	950	0	564	0	0	0	0	0	136	0	0	0	156	0	200	0	0	0	410	92	4430	0	116	158	666	0	2696	0	494	0	154	0	0	3088	646	0	5096	0	122	0	0	0	1270	0	4298	0	1732	0	818	0	0	0	562	0	0	0	0	0	0	0	0	0	0	0	0	0	0	0	0	0	0	0	0	0	0	0	0	0	0	
559200	Supp_Motor_Area_L	7644	7818	70706	11242	0	0	8016	6920	0	0	3286	904	958	956	0	496	6788	1370	0	36232	0	0	4564	3694	0	0	0	0	9118	1634	10040	4868	11012	14266	1660	514	1408	1934	82	668	0	0	488	102	0	0	356	108	0	0	374	0	0	0	0	420	5650	294	0	0	380	274	134	384	88	0	678	382	8540	116	5742	2582	9872	966	5644	94	3186	390	1104	0	2006	0	0	0	110	0	0	0	82	256	0	0	0	0	0	0	0	0	0	0	0	0	0	0	0	0	0	0	0	0	0	0	0	0	0	0	
797004	Supp_Motor_Area_R	3334	4494	18014	72562	0	0	6088	5352	0	0	548	11382	300	7324	0	1066	302	5006	36232	0	0	0	1920	15644	0	0	0	0	1090	14020	2324	15036	3876	50542	1360	8014	230	14974	0	4640	0	0	0	2134	0	1456	0	1690	0	174	0	1244	0	246	0	1490	708	1080	0	0	0	190	0	308	0	0	132	5568	4576	6334	2174	27296	1028	7296	94	1254	1394	21712	458	0	74	278	0	590	0	582	0	0	0	1052	0	0	0	0	0	0	0	0	0	0	0	0	0	0	0	0	0	0	0	0	216	0	0	0	0	0	
65996	Olfactory_L	0	0	0	0	1206	76	0	0	0	0	0	0	0	0	1400	0	0	0	0	0	0	5406	116	0	0	0	3792	1122	2754	0	3066	1984	0	0	0	0	324	0	590	0	604	0	0	0	0	0	0	0	0	0	0	0	0	0	0	0	0	0	0	0	0	0	0	0	0	0	0	0	0	0	4792	3146	2074	166	0	0	0	0	0	0	0	0	380	0	0	0	0	0	0	0	0	0	0	0	0	0	0	0	0	0	0	0	0	0	0	0	0	0	0	0	0	0	0	0	0	0	
62972	Olfactory_R	0	0	0	158	0	720	0	312	0	0	0	0	0	0	0	842	0	0	0	0	5406	0	0	0	0	0	3622	2066	0	1558	2672	2078	0	0	0	0	0	84	0	86	0	630	0	0	0	0	0	0	0	0	0	0	0	0	0	0	0	0	0	0	0	0	0	0	0	0	0	0	0	0	4746	4222	1692	592	0	0	0	0	0	0	0	0	0	0	0	0	0	0	0	0	0	0	0	0	0	0	0	0	0	0	0	0	0	0	0	0	0	0	0	0	0	0	0	0	0	0	
263212	Frontal_Sup_Medial_L	0	0	30124	7340	3234	150	14344	140	852	0	2180	0	1224	376	2224	190	930	106	4564	1920	116	0	0	14750	1068	308	0	0	5660	616	18010	8328	3854	7090	0	0	0	0	0	0	0	0	0	0	0	0	0	0	0	0	0	0	0	0	0	0	0	0	0	0	0	0	0	0	0	0	0	0	0	0	226	236	778	156	0	0	0	0	374	0	138	0	0	0	0	0	0	0	0	0	0	0	0	0	0	0	0	0	0	0	0	0	0	0	0	0	0	0	0	0	0	0	0	0	0	0	
342052	Frontal_Sup_Medial_R	74	0	1596	40084	0	2088	1802	1854	0	0	544	1280	444	4682	0	816	300	398	3694	15644	0	0	14750	0	860	3930	0	414	774	3062	5642	27486	826	16384	0	0	0	138	0	98	0	0	0	0	0	0	0	0	0	0	0	0	0	0	0	0	0	0	0	0	0	0	0	0	0	0	0	0	0	0	1888	12900	92	6330	0	0	0	152	0	0	0	0	0	0	0	0	0	0	0	0	0	0	0	0	0	0	0	0	0	0	0	0	0	0	0	0	0	0	0	0	0	0	0	0	0	0	
17292	Frontal_Med_Orb_L	0	0	376	190	840	746	0	0	0	0	0	0	0	0	232	0	0	0	0	0	0	0	1068	860	0	1274	1000	110	218	0	1428	304	0	0	0	0	0	0	0	0	0	0	0	0	0	0	0	0	0	0	0	0	0	0	0	0	0	0	0	0	0	0	0	0	0	0	0	0	0	0	0	0	0	0	0	0	0	0	0	0	0	0	0	0	0	0	0	0	0	0	0	0	0	0	0	0	0	0	0	0	0	0	0	0	0	0	0	0	0	0	0	0	0	0	0	0	
57036	Frontal_Med_Orb_R	0	0	0	1844	0	7084	0	0	0	182	0	0	0	0	0	0	0	0	0	0	0	0	308	3930	1274	0	342	5794	0	0	980	2472	0	0	0	0	0	0	0	0	0	0	0	0	0	0	0	0	0	0	0	0	0	0	0	0	0	0	0	0	0	0	0	0	0	0	0	0	0	0	0	2676	0	1632	0	0	0	0	0	0	0	0	0	0	0	0	0	0	0	0	0	0	0	0	0	0	0	0	0	0	0	0	0	0	0	0	0	0	0	0	0	0	0	0	0	0	
49496	Rectus_L	0	0	0	0	3120	182	0	0	0	0	0	0	0	0	592	0	0	0	0	0	3792	3622	0	0	1000	342	0	1312	518	0	3268	2162	0	0	0	0	0	0	0	0	0	0	0	0	0	0	0	0	0	0	0	0	0	0	0	0	0	0	0	0	0	0	0	0	0	0	0	0	0	0	2492	2010	336	0	0	0	0	0	0	0	0	0	0	0	0	0	0	0	0	0	0	0	0	0	0	0	0	0	0	0	0	0	0	0	0	0	0	0	0	0	0	0	0	0	0	0	
52608	Rectus_R	0	0	0	630	0	7230	0	348	0	186	0	0	0	0	0	1016	0	0	0	0	1122	2066	0	414	110	5794	1312	0	0	514	558	958	0	0	0	0	0	0	0	0	0	122	0	0	0	0	0	0	0	0	0	0	0	0	0	0	0	0	0	0	0	0	0	0	0	0	0	0	0	0	346	1930	0	1648	0	0	0	0	0	0	0	0	0	0	0	0	0	0	0	0	0	0	0	0	0	0	0	0	0	0	0	0	0	0	0	0	0	0	0	0	0	0	0	0	0	0	
610268	Insula_L	8090	0	21366	872	9712	0	23690	270	1386	0	25956	454	24536	588	15594	462	24270	108	9118	1090	2754	0	5660	774	218	0	518	0	0	610	16638	1158	154	698	2068	0	13372	88	2754	0	3394	0	3034	0	0	0	1970	0	0	0	88	0	0	0	2574	0	6220	0	336	0	1278	0	1264	0	952	0	2932	0	884	0	6122	2058	15848	224	178	0	2920	0	13814	0	11354	0	4626	0	3724	0	0	0	4236	0	78	0	0	0	0	0	0	0	0	0	0	0	0	0	0	0	0	0	0	0	0	0	0	0	0	0	
441688	Insula_R	524	5986	1668	24850	0	1386	2428	12164	0	0	562	27956	464	14784	0	6806	190	22162	1634	14020	0	1558	616	3062	0	0	0	514	610	0	1206	4072	120	5870	0	0	0	6128	0	3452	0	1076	0	120	0	126	0	158	0	130	0	232	0	0	0	4810	92	2174	0	0	180	100	0	224	0	0	0	258	0	0	4282	3588	210	21978	0	0	0	256	0	1058	0	4348	0	2970	0	3198	0	0	0	4244	0	0	0	0	0	0	0	240	0	0	0	0	0	0	0	0	0	0	0	0	0	0	0	0	0	0	
365100	Cingulum_Ant_L	654	0	20432	3316	3164	0	11222	408	0	0	8380	594	10090	514	2586	78	2110	484	10040	2324	3066	2672	18010	5642	1428	980	3268	558	16638	1206	0	16868	6836	4432	0	0	248	186	0	130	0	0	0	0	0	0	0	0	0	0	0	0	0	0	0	0	176	0	0	0	0	0	0	0	0	0	0	0	0	0	6304	5228	7982	1448	74	0	74	0	1294	0	728	0	430	0	98	0	0	0	150	0	0	0	0	0	0	0	0	0	0	0	0	0	0	0	0	0	0	0	0	0	0	0	0	0	0	0	
392116	Cingulum_Ant_R	230	0	4224	28752	496	560	1604	2600	0	0	982	3104	860	4786	0	318	318	328	4868	15036	1984	2078	8328	27486	304	2472	2162	958	1158	4072	16868	0	3144	22142	0	0	0	138	0	96	0	0	0	0	0	0	0	0	0	0	0	0	0	0	0	0	0	0	0	0	0	0	0	0	0	0	0	0	0	0	3726	18376	1456	9684	0	0	0	162	198	0	0	0	0	0	0	0	0	0	0	0	0	0	0	0	0	0	0	0	0	0	0	0	0	0	0	0	0	0	0	0	0	0	0	0	0	0	
190508	Cingulum_Mid_L	3556	192	5418	838	0	0	1064	0	0	0	250	0	188	0	0	0	0	82	11012	3876	0	0	3854	826	0	0	0	0	154	120	6836	3144	0	11946	4416	674	0	0	0	0	0	0	436	682	316	1880	102	0	690	1504	3982	1242	744	0	258	0	1522	0	290	404	0	138	0	0	106	0	6992	3458	8130	340	160	130	0	98	0	0	0	0	76	0	0	0	0	0	1830	224	0	0	902	172	0	0	0	0	0	0	0	0	0	0	0	0	0	0	0	0	0	0	0	0	0	0	0	0	0	0	
462372	Cingulum_Mid_R	202	3230	3064	20182	0	0	4142	1212	0	0	516	6184	330	5462	0	780	158	666	14266	50542	0	0	7090	16384	0	0	0	0	698	5870	4432	22142	11946	0	1416	6514	0	322	0	238	0	0	0	4318	0	3634	0	570	82	554	470	2714	0	478	0	372	78	1200	0	0	0	0	0	268	0	0	1076	10140	1580	7562	854	2290	0	1342	0	0	0	104	400	100	0	426	0	180	324	1026	0	0	116	764	0	0	0	0	0	0	0	0	0	0	0	0	0	0	0	0	0	0	0	0	176	0	0	0	0	0	
215116	Cingulum_Post_L	9640	236	1118	540	0	0	630	0	0	0	154	0	0	0	0	0	320	0	1660	1360	0	0	0	0	0	0	0	0	2068	0	0	0	4416	1416	0	6154	6260	1744	0	204	0	0	7376	908	1818	1016	4184	776	1228	100	2002	114	862	0	708	0	538	0	0	0	0	0	102	0	0	0	15804	4730	7750	300	950	0	472	0	142	0	10138	2342	790	0	394	0	0	0	2028	0	0	0	1748	0	0	0	0	0	0	0	0	0	0	0	0	0	0	0	0	0	0	0	0	0	318	0	0	0	0	0	
171264	Cingulum_Post_R	244	4034	214	2158	0	0	118	0	0	0	0	0	0	0	0	0	0	0	514	8014	0	0	0	0	0	0	0	0	0	0	0	0	674	6514	6154	0	0	7320	0	2246	0	0	0	3140	0	1304	0	3656	0	466	0	528	0	260	0	3174	0	650	0	0	0	0	0	0	0	0	504	11618	442	3046	716	760	0	0	0	0	6642	7946	0	0	0	104	0	0	0	368	0	0	0	1382	0	0	0	0	0	0	0	0	0	0	0	0	0	0	0	0	0	0	0	0	722	0	0	0	0	0	
254168	Hippocampus_L	5850	0	3252	116	0	0	3336	0	0	0	634	0	450	0	266	0	492	0	1408	230	324	0	0	0	0	0	0	0	13372	0	248	0	0	0	6260	0	0	0	11420	0	7984	0	5038	0	0	0	6742	110	0	0	0	0	0	0	10376	0	220	0	0	0	0	0	128	0	0	0	8312	148	626	0	362	92	5548	0	318	0	9438	0	2270	0	6196	0	1770	0	3958	0	0	0	9700	0	90	0	0	0	0	0	0	0	0	0	0	0	0	0	0	0	0	0	0	0	0	0	0	0	0	0	
392500	Hippocampus_R	1400	3336	1290	16738	0	0	770	1306	0	0	0	900	80	586	0	0	0	950	1934	14974	0	84	0	138	0	0	0	0	88	6128	186	138	0	322	1744	7320	0	0	0	37116	0	10386	0	1108	0	196	0	5344	0	186	0	172	0	0	0	27010	128	910	0	0	0	0	0	142	0	0	0	6054	1616	0	918	2426	0	15102	0	418	2994	9634	0	0	0	1198	0	530	0	2248	0	0	0	6982	0	0	0	0	0	0	0	2408	0	220	0	0	0	0	0	0	0	0	0	0	392	0	0	0	0	0	
89752	ParaHippocampal_L	0	0	146	0	0	0	124	0	0	0	0	0	0	0	140	0	0	0	82	0	590	0	0	0	0	0	0	0	2754	0	0	0	0	0	0	0	11420	0	0	0	2570	0	482	0	0	0	4998	0	0	0	420	0	314	0	9878	0	0	0	0	0	0	0	0	0	0	0	834	0	0	0	0	0	1610	0	74	0	278	0	0	0	1464	0	496	0	852	0	0	0	3594	0	476	0	0	0	260	0	442	0	420	0	0	0	0	0	0	0	0	0	0	158	0	0	0	0	0	0	
252696	ParaHippocampal_R	314	2608	634	5166	0	0	438	526	0	0	0	572	0	508	0	0	0	564	668	4640	0	86	0	98	0	0	0	0	0	3452	130	96	0	238	204	2246	0	37116	0	0	0	7634	0	714	0	82	0	4712	0	0	0	88	0	0	0	22392	0	436	0	0	0	0	0	0	0	0	0	2808	222	0	626	906	0	9834	0	416	326	2290	0	0	0	838	0	698	0	1330	0	184	0	5150	0	116	0	0	0	110	0	3764	0	282	0	0	0	0	0	0	0	0	0	0	86	0	0	0	0	0	
42680	Amygdala_L	0	0	0	0	222	0	0	0	0	0	0	0	0	0	256	0	0	0	0	0	604	0	0	0	0	0	0	0	3394	0	0	0	0	0	0	0	7984	0	2570	0	0	0	0	0	0	0	0	0	0	0	0	0	0	0	3750	0	0	0	0	0	0	0	0	0	0	0	0	0	0	0	0	0	918	0	0	0	0	0	0	0	0	0	1052	0	0	0	0	0	590	0	0	0	0	0	0	0	0	0	0	0	0	0	0	0	0	0	0	0	0	0	0	0	0	0	0	0	
56060	Amygdala_R	0	0	0	0	0	0	0	78	0	0	0	0	0	0	0	0	0	0	0	0	0	630	0	0	0	0	0	122	0	1076	0	0	0	0	0	0	0	10386	0	7634	0	0	0	0	0	0	0	0	0	0	0	0	0	0	0	4158	0	0	0	0	0	0	0	0	0	0	0	0	0	0	0	0	0	2318	0	0	0	0	0	0	0	0	0	1228	0	0	0	0	0	234	0	0	0	0	0	0	0	166	0	0	0	0	0	0	0	0	0	0	0	0	0	0	0	0	0	0	
332716	Calcarine_L	3856	0	656	0	0	0	760	0	0	0	152	0	0	0	0	0	680	0	488	0	0	0	0	0	0	0	0	0	3034	0	0	0	436	0	7376	0	5038	0	482	0	0	0	0	10622	20968	9068	17298	2924	12156	4158	15082	974	3874	142	2194	0	732	0	0	0	136	0	186	0	486	0	19222	2326	2478	0	0	0	366	0	0	0	2524	0	850	0	634	0	0	0	7878	0	0	0	5802	0	0	0	0	0	0	0	86	0	0	0	0	0	0	0	0	0	0	0	0	0	234	0	0	0	0	0	
495072	Calcarine_R	0	1382	0	116	0	0	0	0	0	0	0	0	0	0	0	0	0	0	102	2134	0	0	0	0	0	0	0	0	0	120	0	0	682	4318	908	3140	0	1108	0	714	0	0	10622	0	11520	41994	1958	21460	542	31134	312	23984	130	12174	90	8668	0	2178	0	324	0	268	0	0	0	146	4994	38142	300	4192	0	0	0	0	0	0	0	0	0	0	0	0	0	0	0	9924	0	0	0	6500	0	0	0	0	0	0	0	558	0	0	0	0	0	0	0	0	0	0	0	0	698	0	0	0	0	0	
308648	Cuneus_L	720	0	0	0	0	0	0	0	0	0	0	0	0	0	0	0	0	0	0	0	0	0	0	0	0	0	0	0	0	0	0	0	316	0	1818	0	0	0	0	0	0	0	20968	11520	0	15264	4322	546	30310	8082	24416	2790	3182	164	884	126	112	0	1224	144	132	0	0	0	304	0	15996	3708	980	0	0	0	0	0	0	0	104	0	0	0	84	0	0	0	4104	0	0	0	1922	0	0	0	0	0	0	0	0	0	0	0	0	0	0	0	0	0	0	0	0	0	82	0	0	0	0	0	
613896	Cuneus_R	0	2754	0	238	0	0	0	0	0	0	0	0	0	0	0	0	0	136	0	1456	0	0	0	0	0	0	0	0	0	126	0	0	1880	3634	1016	1304	0	196	0	82	0	0	9068	41994	15264	0	680	10090	1932	62014	1420	26182	652	4600	512	5488	0	8392	190	13222	0	1734	0	374	0	1652	11856	47722	304	4482	0	0	0	0	0	0	0	0	0	174	0	2104	0	0	172	13954	0	0	462	7212	0	0	0	0	0	0	0	0	0	0	0	0	0	0	0	0	0	0	0	0	224	0	0	0	0	0	
344872	Lingual_L	1264	0	562	0	0	0	488	0	0	0	132	0	84	0	0	0	266	0	356	0	0	0	0	0	0	0	0	0	1970	0	0	0	102	0	4184	0	6742	0	4998	0	0	0	17298	1958	4322	680	0	4870	5186	244	20030	0	11558	74	17752	1252	128	0	0	0	0	0	0	0	194	0	7976	352	318	0	0	0	432	0	0	0	3320	0	652	0	932	0	0	0	1984	0	0	0	2404	0	4386	1568	190	0	144	80	10198	1322	11384	4402	0	0	0	0	122	556	0	0	124	238	5290	5566	894	0	198	710	
343984	Lingual_R	132	392	134	1328	0	0	0	0	0	0	0	0	0	0	0	0	0	0	108	1690	0	0	0	0	0	0	0	0	0	158	0	0	0	570	776	3656	110	5344	0	4712	0	0	2924	21460	546	10090	4870	0	0	11222	230	6178	622	6552	1326	23122	0	412	0	0	0	0	0	0	0	0	642	14226	150	608	0	178	0	0	0	0	268	1398	0	0	0	0	0	0	0	656	0	0	0	2234	3312	1778	842	318	0	176	2852	5638	6148	7312	0	0	0	0	0	0	0	0	0	128	6598	7128	738	0	0	0	
274408	Occipital_Sup_L	454	0	0	0	0	0	0	0	0	0	0	0	0	0	0	0	0	0	0	0	0	0	0	0	0	0	0	0	0	0	0	0	690	82	1228	0	0	0	0	0	0	0	12156	542	30310	1932	5186	0	0	420	41508	144	6040	0	2100	78	420	0	6152	0	1768	0	0	0	988	0	14738	2338	974	0	0	0	0	0	0	0	0	0	0	0	118	0	0	0	3628	0	0	0	2196	0	0	74	0	0	0	0	238	0	248	150	0	0	0	0	0	0	0	0	0	0	152	152	0	0	0	0	
524464	Occipital_Sup_R	0	2836	0	238	0	0	0	0	0	0	0	0	0	0	0	0	0	156	0	174	0	0	0	0	0	0	0	0	0	130	0	0	1504	554	100	466	0	186	0	0	0	0	4158	31134	8082	62014	244	11222	420	0	554	34198	236	3928	194	5336	0	3710	76	14820	0	6084	0	266	0	8694	7702	34960	0	1272	0	0	0	0	0	0	0	0	0	114	0	1452	0	0	0	8550	0	0	172	6152	0	0	0	0	0	0	0	0	0	0	0	0	0	0	0	0	0	0	0	0	144	0	0	0	0	0	
589632	Occipital_Mid_L	2516	0	140	0	0	0	148	0	0	0	0	0	0	0	0	0	130	0	374	0	0	0	0	0	0	0	0	0	88	0	0	0	3982	470	2002	0	0	0	420	0	0	0	15082	312	24416	1420	20030	230	41508	554	0	366	30252	0	13424	302	7004	0	11746	0	10156	0	1012	0	16938	0	21378	2296	7412	0	0	0	0	0	0	0	0	0	0	0	1602	0	0	0	37102	0	0	0	15794	0	558	222	0	0	0	0	876	0	910	524	0	0	0	0	0	0	0	0	0	0	578	542	0	0	0	0	
410452	Occipital_Mid_R	0	3414	0	254	0	0	0	0	0	0	0	0	0	0	0	0	0	200	0	1244	0	0	0	0	0	0	0	0	0	232	0	0	1242	2714	114	528	0	172	0	88	0	0	974	23984	2790	26182	0	6178	144	34198	366	0	176	6170	152	2924	0	3482	0	5598	0	10286	0	582	0	20124	3832	20218	104	1938	0	0	0	0	0	0	0	0	0	92	0	1462	0	0	0	17890	0	0	138	5040	0	0	0	0	0	0	0	0	0	0	0	0	0	0	0	0	0	0	0	0	0	0	0	0	0	0	
235508	Occipital_Inf_L	188	0	0	0	0	0	0	0	0	0	0	0	0	0	0	0	0	0	0	0	0	0	0	0	0	0	0	0	0	0	0	0	744	0	862	0	0	0	314	0	0	0	3874	130	3182	652	11558	622	6040	236	30252	176	0	0	17600	722	186	0	90	0	0	0	0	0	704	0	5278	1122	340	0	0	0	0	0	0	0	0	0	0	0	0	0	0	0	11144	0	0	0	12246	0	704	406	0	0	0	0	2124	0	2630	1190	0	0	0	0	0	0	0	0	0	0	1098	1264	76	0	0	0	
111044	Occipital_Inf_R	0	246	0	0	0	0	0	0	0	0	0	0	0	0	0	0	0	0	0	246	0	0	0	0	0	0	0	0	0	0	0	0	0	478	0	260	0	0	0	0	0	0	142	12174	164	4600	74	6552	0	3928	0	6170	0	0	0	6830	0	476	0	0	0	486	0	0	0	404	120	4948	0	918	0	0	0	0	0	0	0	0	0	0	0	0	0	0	0	2398	0	0	0	2848	0	110	0	0	0	0	0	378	0	306	0	0	0	0	0	0	0	0	0	0	266	0	0	0	0	0	
390752	Fusiform_L	190	0	94	0	0	0	326	0	0	0	0	0	0	0	0	0	0	0	0	0	0	0	0	0	0	0	0	0	2574	0	0	0	258	0	708	0	10376	0	9878	0	3750	0	2194	90	884	512	17752	1326	2100	194	13424	152	17600	0	0	1442	96	0	0	0	0	0	0	0	604	0	3550	944	138	0	0	0	544	0	0	0	494	0	446	0	3076	0	1634	0	7004	0	466	0	18814	0	15742	1318	248	0	320	0	16658	188	26124	3244	150	0	162	0	84	96	0	0	0	0	2896	3540	794	0	0	178	
428728	Fusiform_R	110	4680	244	2728	0	0	74	430	0	0	0	180	0	76	0	0	0	410	420	1490	0	0	0	0	0	0	0	0	0	4810	0	0	0	372	0	3174	0	27010	0	22392	0	4158	0	8668	126	5488	1252	23122	78	5336	302	2924	722	6830	1442	0	0	1236	0	0	0	0	0	114	0	0	160	8436	0	258	74	134	0	4960	0	88	0	786	0	108	0	1294	0	2746	0	4014	0	632	0	17148	1626	3048	266	108	0	652	2196	9970	3430	10936	0	0	0	0	0	0	0	0	0	1232	5876	3536	252	0	0	0	
359576	Postcentral_L	34624	96	7936	490	0	0	5734	138	0	0	2826	0	148	0	0	0	12592	92	5650	708	0	0	0	0	0	0	0	0	6220	92	176	0	1522	78	538	0	220	128	0	0	0	0	732	0	112	0	128	0	420	0	7004	0	186	0	96	0	0	0	7694	0	19438	0	10560	0	6842	0	10174	140	11158	0	7984	90	228	0	176	0	1152	0	3194	0	7634	0	0	0	2940	0	0	0	1698	0	0	0	0	0	0	0	0	0	0	0	0	0	0	0	0	0	0	0	0	0	0	0	0	0	0	0	
241688	Postcentral_R	346	14934	342	992	0	0	330	606	0	0	0	778	0	0	0	0	0	4430	294	1080	0	0	0	0	0	0	0	0	0	2174	0	0	0	1200	0	650	0	910	0	436	0	0	0	2178	0	8392	0	412	0	3710	0	3482	0	476	0	1236	0	0	0	11220	0	7304	0	17176	0	1100	352	7698	0	5616	164	0	0	178	0	0	0	0	0	738	0	3568	0	0	0	10510	0	0	0	5832	0	0	0	0	0	0	0	0	0	0	0	0	0	0	0	0	0	0	0	0	0	0	0	0	0	0	
128728	Parietal_Sup_L	548	0	98	0	0	0	268	0	0	0	0	0	0	0	0	0	96	0	0	0	0	0	0	0	0	0	0	0	336	0	0	0	290	0	0	0	0	0	0	0	0	0	0	0	1224	190	0	0	6152	76	11746	0	90	0	0	0	7694	0	0	0	10908	0	0	0	3230	0	16930	558	3156	0	0	0	0	0	0	0	0	0	0	0	412	0	0	0	232	0	0	0	130	0	0	0	0	0	0	0	0	0	0	0	0	0	0	0	0	0	0	0	0	0	0	0	0	0	0	0	
180632	Parietal_Sup_R	0	568	0	134	0	0	0	0	0	0	0	0	0	0	0	0	0	116	0	0	0	0	0	0	0	0	0	0	0	0	0	0	404	0	0	0	0	0	0	0	0	0	0	324	144	13222	0	0	0	14820	0	5598	0	0	0	0	0	11220	0	0	0	6748	0	394	0	8608	502	10662	0	746	0	0	0	0	0	0	0	0	0	132	0	1742	0	0	0	9240	0	0	0	4992	0	0	0	0	0	0	0	0	0	0	0	0	0	0	0	0	0	0	0	0	0	0	0	0	0	0	
241924	Parietal_Inf_L	4846	0	1502	86	0	0	2726	0	0	0	166	0	0	0	0	0	650	158	380	0	0	0	0	0	0	0	0	0	1278	180	0	0	0	0	0	0	0	0	0	0	0	0	136	0	132	0	0	0	1768	0	10156	0	0	0	0	0	19438	0	10908	0	0	0	16160	0	20908	0	6654	0	6228	0	1224	0	0	100	0	0	0	0	0	0	3664	0	0	0	6262	0	0	0	5252	0	0	0	0	0	0	0	0	0	0	0	0	0	0	0	0	0	0	0	0	0	0	0	0	0	0	0	
146244	Parietal_Inf_R	140	1390	338	138	0	0	84	0	0	0	0	0	0	0	0	0	0	666	274	190	0	0	0	0	0	0	0	0	0	100	0	0	138	0	0	0	0	0	0	0	0	0	0	268	0	1734	0	0	0	6084	0	10286	0	486	0	0	0	7304	0	6748	0	0	0	9916	0	17606	286	1538	0	0	0	0	0	0	0	0	0	0	0	102	0	684	0	0	0	4744	0	0	0	1878	0	0	0	0	0	0	0	0	0	0	0	0	0	0	0	0	0	0	0	0	0	0	0	0	0	0	
171476	SupraMarginal_L	5202	0	488	0	0	0	518	0	0	0	202	0	0	0	0	0	4142	0	134	0	0	0	0	0	0	0	0	0	1264	0	0	0	0	0	102	0	128	0	0	0	0	0	186	0	0	0	0	0	0	0	1012	0	0	0	0	0	10560	0	0	0	16160	0	0	0	12122	0	492	0	848	0	1558	0	78	0	0	0	0	0	1202	0	9846	0	0	0	12132	0	0	0	7362	0	0	0	0	0	0	0	0	0	0	0	0	0	0	0	0	0	0	0	0	0	0	0	0	0	0	0	
117368	SupraMarginal_R	206	3890	456	852	0	0	150	0	0	0	0	0	0	0	0	0	0	2696	384	308	0	0	0	0	0	0	0	0	0	224	0	0	0	268	0	0	0	142	0	0	0	0	0	0	0	374	0	0	0	266	0	582	0	0	0	114	0	17176	0	394	0	9916	0	0	0	5346	0	300	0	0	0	0	0	0	0	0	0	0	0	426	0	9528	0	0	0	2858	0	0	0	1828	0	0	0	0	0	0	0	0	0	0	0	0	0	0	0	0	0	0	0	0	0	0	0	0	0	0	
208328	Angular_L	1150	0	282	0	0	0	744	0	0	0	0	0	0	0	0	0	994	0	88	0	0	0	0	0	0	0	0	0	952	0	0	0	106	0	0	0	0	0	0	0	0	0	486	0	304	0	194	0	988	0	16938	0	704	0	604	0	6842	0	3230	0	20908	0	12122	0	0	0	4994	0	5378	0	0	0	0	0	0	0	0	0	0	0	4106	0	0	0	13912	0	0	0	8138	0	0	0	0	0	0	0	0	0	0	0	0	0	0	0	0	0	0	0	0	0	0	0	0	0	0	0	
161792	Angular_R	0	144	0	0	0	0	0	0	0	0	0	0	0	0	0	0	0	494	0	0	0	0	0	0	0	0	0	0	0	0	0	0	0	0	0	0	0	0	0	0	0	0	0	146	0	1652	0	0	0	8694	0	20124	0	404	0	0	0	1100	0	8608	0	17606	0	5346	0	0	170	1030	0	0	0	0	0	0	0	0	0	0	0	0	0	6498	0	0	0	7888	0	0	0	992	0	0	0	0	0	0	0	0	0	0	0	0	0	0	0	0	0	0	0	0	0	0	0	0	0	0	
513060	Precuneus_L	6862	268	856	0	0	0	1192	0	0	0	164	0	0	0	0	0	992	0	678	132	0	0	0	0	0	0	0	0	2932	0	0	0	6992	1076	15804	504	8312	0	834	0	0	0	19222	4994	15996	11856	7976	642	14738	7702	21378	3832	5278	120	3550	160	10174	352	16930	502	6654	286	492	0	4994	170	0	14304	13838	94	0	0	324	0	0	0	3924	0	1010	0	1272	262	0	0	7756	520	0	0	6198	536	0	0	0	0	0	0	204	0	212	120	0	0	0	0	0	0	0	0	0	0	240	120	0	0	0	0	
622216	Precuneus_R	250	4934	0	528	0	0	0	0	0	0	0	0	0	0	0	0	0	154	382	5568	0	0	0	0	0	0	0	0	0	258	0	0	3458	10140	4730	11618	148	6054	0	2808	0	0	2326	38142	3708	47722	352	14226	2338	34960	2296	20218	1122	4948	944	8436	140	7698	558	10662	0	1538	0	300	0	1030	14304	0	1192	8852	0	0	0	0	0	0	662	2174	0	264	0	1782	0	0	320	11882	0	0	840	11382	0	0	0	0	0	0	0	920	0	0	0	0	0	0	0	0	0	0	0	0	1840	0	0	0	0	0	
280516	Paracentral_Lobule_L	29246	0	1842	2026	0	0	652	0	0	0	0	0	0	0	0	0	748	0	8540	4576	0	0	0	0	0	0	0	0	884	0	0	0	8130	1580	7750	442	626	1616	0	222	0	0	2478	300	980	304	318	150	974	0	7412	104	340	0	138	0	11158	0	3156	0	6228	0	848	0	5378	0	13838	1192	0	856	206	710	0	0	0	0	5354	608	76	0	1110	0	0	0	4494	0	0	0	2668	0	0	0	0	0	0	0	0	0	0	0	0	0	0	0	0	0	0	0	0	0	0	0	0	0	0	0	
105028	Paracentral_Lobule_R	0	1958	0	0	0	0	0	0	0	0	0	0	0	0	0	0	0	0	116	6334	0	0	0	0	0	0	0	0	0	0	0	0	340	7562	300	3046	0	0	0	0	0	0	0	4192	0	4482	0	608	0	1272	0	1938	0	918	0	258	0	5616	0	746	0	0	0	0	0	0	94	8852	856	0	0	0	0	0	0	0	0	0	0	98	0	184	0	0	0	1488	0	0	0	1094	0	0	0	0	0	0	0	0	0	0	0	0	0	0	0	0	0	0	0	0	162	0	0	0	0	0	
299952	Caudate_L	11288	838	6182	2646	88	0	7436	1106	0	0	4058	1296	1816	1410	138	808	3706	3088	5742	2174	4792	4746	226	1888	0	0	2492	346	6122	4282	6304	3726	160	854	950	716	362	918	0	626	0	0	0	0	0	0	0	0	0	0	0	0	0	0	0	74	7984	164	0	0	1224	0	1558	0	0	0	0	0	206	0	0	16096	11226	3782	1632	286	9822	402	600	0	852	0	642	0	96	0	0	0	0	0	0	0	0	0	0	0	0	0	0	0	0	0	0	0	0	0	0	0	0	0	0	0	0	0	0	0	
389016	Caudate_R	1406	634	1882	24512	0	1740	2190	2126	0	0	1840	2478	952	2094	0	728	630	646	2582	27296	3146	4222	236	12900	0	2676	2010	1930	2058	3588	5228	18376	130	2290	0	760	92	2426	0	906	0	0	0	0	0	0	0	178	0	0	0	0	0	0	0	134	90	0	0	0	0	0	0	0	0	0	0	0	710	0	16096	0	3716	16770	0	2190	854	16496	110	0	116	0	338	0	0	0	0	0	0	0	0	0	0	0	0	0	0	0	0	0	0	0	0	0	0	0	0	0	0	0	0	0	0	0	0	0	
210388	Putamen_L	1898	0	10658	186	1086	0	3642	0	0	0	2566	162	1488	658	1354	468	1634	0	9872	1028	2074	1692	778	92	0	0	336	0	15848	210	7982	1456	0	0	472	0	5548	0	1610	0	918	0	366	0	0	0	432	0	0	0	0	0	0	0	544	0	228	0	0	0	0	0	78	0	0	0	324	0	0	0	11226	3716	0	330	6046	0	3588	0	790	0	820	0	574	0	118	0	0	0	298	0	0	0	0	0	0	0	0	0	0	0	0	0	0	0	0	0	0	0	0	0	0	0	0	0	0	0	
325044	Putamen_R	606	2170	992	16998	0	1766	1776	8076	0	0	0	7300	258	3536	76	1938	0	5096	966	7296	166	592	156	6330	0	1632	0	1648	224	21978	1448	9684	98	1342	0	0	0	15102	0	9834	0	2318	0	0	0	0	0	0	0	0	0	0	0	0	0	4960	0	178	0	0	100	0	0	0	0	0	0	0	0	0	3782	16770	330	0	0	1740	0	398	0	90	0	468	0	488	0	440	0	0	0	696	0	0	0	0	0	0	0	572	0	108	0	0	0	0	0	0	0	0	0	0	0	0	0	0	0	0	
46560	Pallidum_L	474	0	5166	0	0	0	540	0	0	0	228	0	98	0	0	0	320	0	5644	94	0	0	0	0	0	0	0	0	178	0	74	0	0	0	142	0	318	0	74	0	0	0	0	0	0	0	0	0	0	0	0	0	0	0	0	0	176	0	0	0	0	0	0	0	0	0	0	0	0	0	1632	0	6046	0	0	0	1980	0	96	0	0	0	0	0	0	0	0	0	0	0	0	0	0	0	0	0	0	0	0	0	0	0	0	0	0	0	0	0	0	0	0	0	0	0	0	0	
20164	Pallidum_R	0	216	106	1912	0	0	136	1006	0	0	0	0	0	0	0	0	0	122	94	1254	0	0	0	0	0	0	0	0	0	0	0	0	0	0	0	0	0	418	0	416	0	0	0	0	0	0	0	0	0	0	0	0	0	0	0	88	0	0	0	0	0	0	0	0	0	0	0	0	0	0	286	2190	0	1740	0	0	0	98	0	0	0	0	0	0	0	0	0	0	0	0	0	0	0	0	0	0	0	0	0	0	0	0	0	0	0	0	0	0	0	0	0	0	0	0	0	0	
228744	Thalamus_L	12302	0	8906	1288	0	0	3970	0	0	0	150	0	220	0	0	0	350	0	3186	1394	0	0	0	0	0	0	0	0	2920	0	74	0	0	0	10138	6642	9438	2994	278	326	0	0	2524	0	104	0	3320	268	0	0	0	0	0	0	494	0	1152	0	0	0	0	0	0	0	0	0	3924	662	5354	0	9822	854	3588	0	1980	0	0	10648	514	0	1478	0	0	0	1482	0	0	0	1628	0	0	0	0	0	0	0	0	0	0	0	0	0	0	0	0	0	0	0	0	0	0	0	0	0	0	0	
182420	Thalamus_R	504	248	318	11214	0	0	162	134	0	0	0	0	0	0	0	0	0	0	390	21712	0	0	0	152	0	0	0	0	0	256	0	162	0	104	2342	7946	0	9634	0	2290	0	0	0	0	0	0	0	1398	0	0	0	0	0	0	0	786	0	0	0	0	0	0	0	0	0	0	0	2174	608	0	402	16496	0	398	0	98	10648	0	0	0	0	110	0	0	0	90	0	0	0	220	0	0	0	0	0	0	0	0	0	0	0	0	0	0	0	0	0	0	0	0	214	0	0	0	0	0	
125516	Heschl_L	4482	0	2190	226	0	0	4764	0	0	0	3834	0	554	0	0	0	7940	0	1104	458	0	0	374	0	0	0	0	0	13814	0	1294	198	76	400	790	0	2270	0	0	0	0	0	850	0	0	0	652	0	0	0	0	0	0	0	446	0	3194	0	0	0	0	0	1202	0	0	0	1010	0	76	0	600	110	790	0	96	0	514	0	0	0	4540	0	0	0	1956	0	0	0	1954	0	0	0	0	0	0	0	0	0	0	0	0	0	0	0	0	0	0	0	0	0	0	0	0	0	0	0	
22232	Heschl_R	0	588	0	0	0	0	0	108	0	0	0	122	0	0	0	0	0	1270	0	0	0	0	0	0	0	0	0	0	0	1058	0	0	0	100	0	0	0	0	0	0	0	0	0	0	0	174	0	0	0	114	0	92	0	0	0	108	0	738	0	132	0	102	0	426	0	0	0	264	0	98	0	0	0	90	0	0	0	0	0	0	0	4016	0	0	0	604	0	0	0	912	0	0	0	0	0	0	0	0	0	0	0	0	0	0	0	0	0	0	0	0	0	0	0	0	0	0	
284704	Temporal_Sup_L	4630	0	2388	0	0	0	1850	0	0	0	3650	0	892	0	0	0	12020	0	2006	74	0	0	138	0	0	0	0	0	11354	0	728	0	0	0	394	0	6196	0	1464	0	0	0	634	0	84	0	932	0	118	0	1602	0	0	0	3076	0	7634	0	412	0	3664	0	9846	0	4106	0	1272	0	1110	0	852	116	820	0	0	0	1478	0	4540	0	0	0	5040	0	30996	0	224	0	15680	0	332	0	0	0	0	0	0	0	0	0	0	0	0	0	0	0	0	0	0	0	0	0	0	0	0	0	
146804	Temporal_Sup_R	0	1730	0	760	0	0	0	442	0	0	0	596	0	0	0	0	0	4298	0	278	0	0	0	0	0	0	0	0	0	4348	0	0	0	426	0	104	0	1198	0	838	0	0	0	0	0	2104	0	0	0	1452	0	1462	0	0	0	1294	0	3568	0	1742	0	684	0	9528	0	6498	262	1782	0	184	0	0	0	468	0	0	0	110	0	4016	0	0	0	3194	0	16380	0	606	0	2954	0	0	0	0	0	0	0	96	0	0	0	0	0	0	0	0	0	0	0	0	0	0	0	0	0	0	
68452	Temporal_Pole_Sup_L	0	0	90	0	226	0	202	0	0	0	2306	0	556	0	1108	0	1170	0	0	0	380	0	0	0	0	0	0	0	4626	0	430	0	0	0	0	0	1770	0	496	0	1052	0	0	0	0	0	0	0	0	0	0	0	0	0	1634	0	0	0	0	0	0	0	0	0	0	0	0	0	0	0	642	338	574	0	0	0	0	0	0	0	5040	0	0	0	5940	0	1446	0	4200	0	0	0	0	0	0	0	0	0	0	0	0	0	0	0	0	0	0	0	0	0	0	0	0	0	0	0	
57220	Temporal_Pole_Sup_R	0	122	0	1778	0	0	0	478	0	0	0	1804	0	174	0	328	0	1732	0	590	0	0	0	0	0	0	0	0	0	2970	0	0	0	180	0	0	0	530	0	698	0	1228	0	0	0	0	0	0	0	0	0	0	0	0	0	2746	0	0	0	0	0	0	0	0	0	0	0	0	0	0	0	0	0	488	0	0	0	0	0	0	0	3194	0	0	0	4428	0	2880	0	2262	0	0	0	0	0	0	0	0	0	0	0	0	0	0	0	0	0	0	0	0	0	0	0	0	0	0	
483848	Temporal_Mid_L	3366	0	226	0	0	0	1138	0	0	0	318	0	0	0	0	0	1714	0	110	0	0	0	0	0	0	0	0	0	3724	0	98	0	1830	324	2028	0	3958	0	852	0	0	0	7878	0	4104	172	1984	0	3628	0	37102	0	11144	0	7004	0	2940	0	232	0	6262	0	12132	0	13912	0	7756	320	4494	0	96	0	118	0	0	0	1482	0	1956	0	30996	0	5940	0	0	0	1692	0	58146	0	474	0	0	0	0	0	86	0	112	0	0	0	0	0	0	0	0	0	0	0	0	76	0	0	0	0	
354372	Temporal_Mid_R	0	2842	0	1482	0	0	0	150	0	0	0	0	0	0	0	0	0	818	0	582	0	0	0	0	0	0	0	0	0	3198	0	0	224	1026	0	368	0	2248	0	1330	0	0	0	9924	0	13954	0	656	0	8550	0	17890	0	2398	0	4014	0	10510	0	9240	0	4744	0	2858	0	7888	520	11882	0	1488	0	0	0	440	0	0	0	90	0	604	0	16380	0	4428	0	0	0	1478	0	32824	0	0	0	0	0	0	0	158	0	0	0	0	0	0	0	0	0	0	0	0	0	0	0	0	0	0	
9516	Temporal_Pole_Mid_L	0	0	0	0	0	0	0	0	0	0	0	0	0	0	0	0	0	0	0	0	0	0	0	0	0	0	0	0	0	0	0	0	0	0	0	0	0	0	0	0	0	0	0	0	0	0	0	0	0	0	0	0	0	0	466	0	0	0	0	0	0	0	0	0	0	0	0	0	0	0	0	0	0	0	0	0	0	0	0	0	224	0	1446	0	1692	0	0	0	930	0	0	0	0	0	0	0	0	0	0	0	0	0	0	0	0	0	0	0	0	0	0	0	0	0	0	0	
13640	Temporal_Pole_Mid_R	0	0	0	0	0	0	0	0	0	0	0	0	0	0	0	0	0	0	0	0	0	0	0	0	0	0	0	0	0	0	0	0	0	0	0	0	0	0	0	184	0	0	0	0	0	0	0	0	0	0	0	0	0	0	0	632	0	0	0	0	0	0	0	0	0	0	0	0	0	0	0	0	0	0	0	0	0	0	0	0	0	606	0	2880	0	1478	0	0	0	1040	0	0	0	0	0	0	0	0	0	0	0	0	0	0	0	0	0	0	0	0	0	0	0	0	0	0	
407324	Temporal_Inf_L	2150	0	140	0	0	0	1120	0	0	0	76	0	74	0	0	0	266	0	82	0	0	0	0	0	0	0	0	0	4236	0	150	0	902	116	1748	0	9700	0	3594	0	590	0	5802	0	1922	462	2404	0	2196	172	15794	138	12246	0	18814	0	1698	0	130	0	5252	0	7362	0	8138	0	6198	840	2668	0	0	0	298	0	0	0	1628	0	1954	0	15680	0	4200	0	58146	0	930	0	0	0	2332	0	0	0	0	0	184	0	1130	0	0	0	0	0	0	0	0	0	0	0	0	0	0	0	0	0	
290776	Temporal_Inf_R	0	4622	124	2306	0	0	0	428	0	0	0	0	0	0	0	0	0	562	256	1052	0	0	0	0	0	0	0	0	0	4244	0	0	172	764	0	1382	0	6982	0	5150	0	234	0	6500	0	7212	0	2234	0	6152	0	5040	0	2848	0	17148	0	5832	0	4992	0	1878	0	1828	0	992	536	11382	0	1094	0	0	0	696	0	0	0	220	0	912	0	2954	0	2262	0	32824	0	1040	0	0	0	0	0	0	0	0	0	458	0	76	0	0	0	0	0	0	0	0	0	0	0	0	0	0	0	0	
533380	Cerebelum_Crus1_L	0	0	0	0	0	0	0	0	0	0	0	0	0	0	0	0	0	0	0	0	0	0	0	0	0	0	0	0	78	0	0	0	0	0	0	0	90	0	476	0	0	0	0	0	0	0	4386	3312	0	0	558	0	704	0	15742	1626	0	0	0	0	0	0	0	0	0	0	0	0	0	0	0	0	0	0	0	0	0	0	0	0	332	0	0	0	474	0	0	0	2332	0	0	11746	30110	7144	2268	376	24742	1850	61334	13214	12626	498	17882	4174	3946	2396	914	648	606	1210	5864	12278	15514	2668	2190	382	
477612	Cerebelum_Crus1_R	0	0	0	0	0	0	0	0	0	0	0	0	0	0	0	0	0	0	0	0	0	0	0	0	0	0	0	0	0	0	0	0	0	0	0	0	0	0	0	116	0	0	0	0	0	0	1568	1778	74	0	222	0	406	110	1318	3048	0	0	0	0	0	0	0	0	0	0	0	0	0	0	0	0	0	0	0	0	0	0	0	0	0	0	0	0	0	0	0	0	0	0	11746	0	5956	28654	188	5406	3528	22800	9486	57554	778	6958	1376	15554	1070	4360	84	1744	1088	4056	10378	11208	17598	4608	3798	190	
289536	Cerebelum_Crus2_L	0	0	0	0	0	0	0	0	0	0	0	0	0	0	0	0	0	0	0	0	0	0	0	0	0	0	0	0	0	0	0	0	0	0	0	0	0	0	0	0	0	0	0	0	0	0	190	842	0	0	0	0	0	0	248	266	0	0	0	0	0	0	0	0	0	0	0	0	0	0	0	0	0	0	0	0	0	0	0	0	0	0	0	0	0	0	0	0	0	0	30110	5956	0	13094	222	98	676	382	7538	4320	25108	2800	22442	3066	3696	732	248	220	126	176	244	3424	15510	2272	762	0	
318704	Cerebelum_Crus2_R	0	0	0	0	0	0	0	0	0	0	0	0	0	0	0	0	0	0	0	0	0	0	0	0	0	0	0	0	0	0	0	0	0	0	0	0	0	0	0	0	0	0	0	0	0	0	0	318	0	0	0	0	0	0	0	108	0	0	0	0	0	0	0	0	0	0	0	0	0	0	0	0	0	0	0	0	0	0	0	0	0	0	0	0	0	0	0	0	0	0	7144	28654	13094	0	0	406	0	916	1620	7428	7148	19694	8554	29746	1926	2752	86	766	394	360	168	1304	19794	4516	2378	78	
52480	Cerebelum_3_L	0	0	0	0	0	0	0	0	0	0	0	0	0	0	0	0	0	0	0	0	0	0	0	0	0	0	0	0	0	0	0	0	0	0	0	0	0	0	260	0	0	0	0	0	0	0	144	0	0	0	0	0	0	0	320	0	0	0	0	0	0	0	0	0	0	0	0	0	0	0	0	0	0	0	0	0	0	0	0	0	0	0	0	0	0	0	0	0	0	0	2268	188	222	0	0	96	10204	138	3994	236	144	0	436	0	1236	218	0	0	548	3644	1394	302	0	104	144	0	
78980	Cerebelum_3_R	0	0	0	0	0	0	0	0	0	0	0	0	0	0	0	0	0	0	0	0	0	0	0	0	0	0	0	0	0	0	0	0	0	0	0	0	0	0	0	110	0	0	0	0	0	0	80	176	0	0	0	0	0	0	0	652	0	0	0	0	0	0	0	0	0	0	0	0	0	0	0	0	0	0	0	0	0	0	0	0	0	0	0	0	0	0	0	0	0	0	376	5406	98	406	96	0	408	8684	594	7836	0	0	158	484	356	2228	0	124	1920	5560	778	712	594	740	914	0	
330736	Cerebelum_4_5_L	0	0	0	0	0	0	0	0	0	0	0	0	0	0	0	0	0	0	0	0	0	0	0	0	0	0	0	0	0	0	0	0	0	0	0	0	0	0	442	0	0	0	86	0	0	0	10198	2852	238	0	876	0	2124	0	16658	2196	0	0	0	0	0	0	0	0	0	0	204	0	0	0	0	0	0	0	0	0	0	0	0	0	0	0	0	0	86	0	0	0	184	0	24742	3528	676	0	10204	408	0	3192	42906	6876	632	0	960	74	2596	1560	604	0	1082	4002	16002	6828	132	276	678	1266	
253012	Cerebelum_4_5_R	0	0	0	0	0	0	0	0	0	0	0	0	0	0	0	0	0	0	0	0	0	0	0	0	0	0	0	0	0	240	0	0	0	0	0	0	0	2408	0	3764	0	166	0	558	0	0	1322	5638	0	0	0	0	0	378	188	9970	0	0	0	0	0	0	0	0	0	0	0	920	0	0	0	0	0	572	0	0	0	0	0	0	0	96	0	0	0	158	0	0	0	458	1850	22800	382	916	138	8684	3192	0	2614	32538	0	108	218	740	244	1206	0	222	604	6056	13342	1382	1012	814	510	98	
528344	Cerebelum_6_L	0	0	0	0	0	0	0	0	0	0	0	0	0	0	0	0	0	0	0	0	0	0	0	0	0	0	0	0	0	0	0	0	0	0	0	0	0	0	420	0	0	0	0	0	0	0	11384	6148	248	0	910	0	2630	0	26124	3430	0	0	0	0	0	0	0	0	0	0	212	0	0	0	0	0	0	0	0	0	0	0	0	0	0	0	0	0	112	0	0	0	1130	0	61334	9486	7538	1620	3994	594	42906	2614	0	15938	4736	94	6488	1020	3310	2596	1238	574	1006	1812	11632	18448	7442	1936	2148	920	
503484	Cerebelum_6_R	0	0	0	0	0	0	0	0	0	0	0	0	0	0	0	0	0	0	0	0	0	0	0	0	0	0	0	0	0	0	0	0	0	0	0	0	0	220	0	282	0	0	0	0	0	0	4402	7312	150	0	524	0	1190	306	3244	10936	0	0	0	0	0	0	0	0	0	0	120	0	0	0	0	0	0	108	0	0	0	0	0	0	0	0	0	0	0	0	0	0	0	76	13214	57554	4320	7428	236	7836	6876	32538	15938	0	196	2112	804	5382	750	3564	88	1782	1014	5560	17052	18362	13328	3592	3166	180	
212920	Cerebelum_7b_L	0	0	0	0	0	0	0	0	0	0	0	0	0	0	0	0	0	0	0	0	0	0	0	0	0	0	0	0	0	0	0	0	0	0	0	0	0	0	0	0	0	0	0	0	0	0	0	0	0	0	0	0	0	0	150	0	0	0	0	0	0	0	0	0	0	0	0	0	0	0	0	0	0	0	0	0	0	0	0	0	0	0	0	0	0	0	0	0	0	0	12626	778	25108	7148	144	0	632	0	4736	196	0	2930	31506	3216	5692	248	496	0	0	82	0	204	7054	3280	234	0	
131452	Cerebelum_7b_R	0	0	0	0	0	0	0	0	0	0	0	0	0	0	0	0	0	0	0	0	0	0	0	0	0	0	0	0	0	0	0	0	0	0	0	0	0	0	0	0	0	0	0	0	0	0	0	0	0	0	0	0	0	0	0	0	0	0	0	0	0	0	0	0	0	0	0	0	0	0	0	0	0	0	0	0	0	0	0	0	0	0	0	0	0	0	0	0	0	0	498	6958	2800	19694	0	0	0	108	94	2112	2930	0	2186	22594	120	1604	0	0	0	0	0	0	2502	1374	152	0	
287712	Cerebelum_8_L	0	0	0	0	0	0	0	0	0	0	0	0	0	0	0	0	0	0	0	0	0	0	0	0	0	0	0	0	0	0	0	0	0	0	0	0	0	0	0	0	0	0	0	0	0	0	0	0	0	0	0	0	0	0	162	0	0	0	0	0	0	0	0	0	0	0	0	0	0	0	0	0	0	0	0	0	0	0	0	0	0	0	0	0	0	0	0	0	0	0	17882	1376	22442	8554	436	158	960	218	6488	804	31506	2186	0	7970	17896	1724	1188	224	154	338	206	288	10706	7666	2324	0	
267968	Cerebelum_8_R	0	0	0	0	0	0	0	0	0	0	0	0	0	0	0	0	0	0	0	0	0	0	0	0	0	0	0	0	0	0	0	0	0	0	0	0	0	0	0	0	0	0	0	0	0	0	0	0	0	0	0	0	0	0	0	0	0	0	0	0	0	0	0	0	0	0	0	0	0	0	0	0	0	0	0	0	0	0	0	0	0	0	0	0	0	0	0	0	0	0	4174	15554	3066	29746	0	484	74	740	1020	5382	3216	22594	7970	0	3182	12644	74	710	442	430	216	388	10656	7672	3266	284	
133968	Cerebelum_9_L	0	0	0	0	0	0	0	0	0	0	0	0	0	0	0	0	0	0	0	0	0	0	0	0	0	0	0	0	0	0	0	0	0	0	0	0	0	0	0	0	0	0	0	0	0	0	122	0	0	0	0	0	0	0	84	0	0	0	0	0	0	0	0	0	0	0	0	0	0	0	0	0	0	0	0	0	0	0	0	0	0	0	0	0	0	0	0	0	0	0	3946	1070	3696	1926	1236	356	2596	244	3310	750	5692	120	17896	3182	0	2478	3078	150	350	840	966	1380	3602	4384	2986	544	
156484	Cerebelum_9_R	0	0	0	0	0	0	0	0	0	0	0	0	0	0	0	0	0	0	0	0	0	0	0	0	0	0	0	0	0	0	0	0	0	0	0	0	0	0	0	0	0	0	0	0	0	0	556	0	0	0	0	0	0	0	96	0	0	0	0	0	0	0	0	0	0	0	0	0	0	0	0	0	0	0	0	0	0	0	0	0	0	0	0	0	0	0	0	0	0	0	2396	4360	732	2752	218	2228	1560	1206	2596	3564	248	1604	1724	12644	2478	0	138	3180	1904	2550	2218	3244	6496	7526	8340	1684	
17676	Cerebelum_10_L	0	0	0	0	0	0	0	0	0	0	0	0	0	0	0	0	0	0	0	0	0	0	0	0	0	0	0	0	0	0	0	0	0	0	0	0	0	0	0	0	0	0	0	0	0	0	0	0	0	0	0	0	0	0	0	0	0	0	0	0	0	0	0	0	0	0	0	0	0	0	0	0	0	0	0	0	0	0	0	0	0	0	0	0	0	0	0	0	0	0	914	84	248	86	0	0	604	0	1238	88	496	0	1188	74	3078	138	0	0	0	0	0	176	140	148	138	0	
35288	Cerebelum_10_R	0	0	0	0	0	0	0	0	0	0	0	0	0	0	0	0	0	0	0	0	0	0	0	0	0	0	0	0	0	0	0	0	0	0	0	0	0	0	0	0	0	0	0	0	0	0	0	0	0	0	0	0	0	0	0	0	0	0	0	0	0	0	0	0	0	0	0	0	0	0	0	0	0	0	0	0	0	0	0	0	0	0	0	0	0	0	0	0	0	0	648	1744	220	766	0	124	0	222	574	1782	0	0	224	710	150	3180	0	0	96	116	0	354	2266	2316	2152	0	
44772	Vermis_1_2	0	0	0	0	0	0	0	0	0	0	0	0	0	0	0	0	0	0	0	0	0	0	0	0	0	0	0	0	0	0	0	0	0	0	0	0	0	0	0	0	0	0	0	0	0	0	124	0	0	0	0	0	0	0	0	0	0	0	0	0	0	0	0	0	0	0	0	0	0	0	0	0	0	0	0	0	0	0	0	0	0	0	0	0	0	0	0	0	0	0	606	1088	126	394	548	1920	1082	604	1006	1014	0	0	154	442	350	1904	0	96	0	5982	2004	730	562	734	716	200	
103272	Vermis_3	0	0	0	0	0	0	0	0	0	0	0	0	0	0	0	0	0	0	0	0	0	0	0	0	0	0	0	0	0	0	0	0	0	0	0	0	0	0	158	0	0	0	0	0	0	0	238	128	0	0	0	0	0	0	0	1232	0	0	0	0	0	0	0	0	0	0	0	0	0	0	0	0	0	0	0	0	0	0	0	0	0	0	0	0	0	0	0	0	0	0	1210	4056	176	360	3644	5560	4002	6056	1812	5560	82	0	338	430	840	2550	0	116	5982	0	4238	706	492	652	804	214	
