data	data	465896	327020	832352	745416	182692	125580	481012	308700	112292	21868	230508	222452	276344	241656	151604	80040	178348	127048	597192	560068	61932	78796	299168	348496	26884	80156	45404	30044	483636	338944	368688	519456	105352	417364	133568	185532	263764	380992	98824	266456	39668	51012	281024	333788	211568	311752	310108	301232	308736	369124	550812	277772	170320	83448	432720	491100	360428	142772	288656	55064	288864	97588	164224	75664	164480	115688	470848	359192	86288	108028	247276	449172	308552	408404	39316	42116	198796	196860	46024	29784	203912	100804	65076	56336	385944	295944	23608	18636	286536	236840	456416	392548	435776	389104	60544	78736	304328	215056	474472	433192	286652	247408	347984	355568	173076	160592	32928	13716	27944	71500	234040	275264	255984	191380	92064	30912	
data	data	Precentral_L	Precentral_R	Frontal_Sup_L	Frontal_Sup_R	Frontal_Sup_Orb_L	Frontal_Sup_Orb_R	Frontal_Mid_L	Frontal_Mid_R	Frontal_Mid_Orb_L	Frontal_Mid_Orb_R	Frontal_Inf_Oper_L	Frontal_Inf_Oper_R	Frontal_Inf_Tri_L	Frontal_Inf_Tri_R	Frontal_Inf_Orb_L	Frontal_Inf_Orb_R	Rolandic_Oper_L	Rolandic_Oper_R	Supp_Motor_Area_L	Supp_Motor_Area_R	Olfactory_L	Olfactory_R	Frontal_Sup_Medial_L	Frontal_Sup_Medial_R	Frontal_Med_Orb_L	Frontal_Med_Orb_R	Rectus_L	Rectus_R	Insula_L	Insula_R	Cingulum_Ant_L	Cingulum_Ant_R	Cingulum_Mid_L	Cingulum_Mid_R	Cingulum_Post_L	Cingulum_Post_R	Hippocampus_L	Hippocampus_R	ParaHippocampal_L	ParaHippocampal_R	Amygdala_L	Amygdala_R	Calcarine_L	Calcarine_R	Cuneus_L	Cuneus_R	Lingual_L	Lingual_R	Occipital_Sup_L	Occipital_Sup_R	Occipital_Mid_L	Occipital_Mid_R	Occipital_Inf_L	Occipital_Inf_R	Fusiform_L	Fusiform_R	Postcentral_L	Postcentral_R	Parietal_Sup_L	Parietal_Sup_R	Parietal_Inf_L	Parietal_Inf_R	SupraMarginal_L	SupraMarginal_R	Angular_L	Angular_R	Precuneus_L	Precuneus_R	Paracentral_Lobule_L	Paracentral_Lobule_R	Caudate_L	Caudate_R	Putamen_L	Putamen_R	Pallidum_L	Pallidum_R	Thalamus_L	Thalamus_R	Heschl_L	Heschl_R	Temporal_Sup_L	Temporal_Sup_R	Temporal_Pole_Sup_L	Temporal_Pole_Sup_R	Temporal_Mid_L	Temporal_Mid_R	Temporal_Pole_Mid_L	Temporal_Pole_Mid_R	Temporal_Inf_L	Temporal_Inf_R	Cerebelum_Crus1_L	Cerebelum_Crus1_R	Cerebelum_Crus2_L	Cerebelum_Crus2_R	Cerebelum_3_L	Cerebelum_3_R	Cerebelum_4_5_L	Cerebelum_4_5_R	Cerebelum_6_L	Cerebelum_6_R	Cerebelum_7b_L	Cerebelum_7b_R	Cerebelum_8_L	Cerebelum_8_R	Cerebelum_9_L	Cerebelum_9_R	Cerebelum_10_L	Cerebelum_10_R	Vermis_1_2	Vermis_3	Vermis_4_5	Vermis_6	Vermis_7	Vermis_8	Vermis_9	Vermis_10	
465896	Precentral_L	0	18616	8484	3646	0	0	19240	2594	0	0	8860	202	950	0	0	0	6208	0	3582	9112	0	0	196	0	0	0	0	0	9372	104	636	752	1232	1384	8426	5990	11064	4544	1386	1618	0	0	1220	0	1106	0	844	402	560	0	2882	0	870	0	2622	2036	33680	328	1758	0	7234	0	1508	88	94	0	2752	682	7852	1948	856	1340	4876	228	576	168	13770	2994	2352	0	1398	0	172	0	2850	0	0	0	2022	682	0	0	0	0	0	0	0	0	0	0	0	0	0	0	0	0	0	0	0	0	0	0	0	0	0	0	
327020	Precentral_R	18616	0	4586	11980	0	0	3488	5594	0	0	194	9018	0	92	0	0	332	1604	4098	10788	0	0	0	192	0	0	0	0	478	2638	0	98	400	1636	576	4592	384	9502	0	2996	0	0	0	330	0	300	0	176	0	804	0	854	0	352	0	4540	3392	13418	94	168	304	724	0	1374	0	176	270	1226	2168	6096	1550	1752	1830	7674	478	1404	3710	8776	0	346	88	298	0	0	0	2330	0	0	0	2626	0	0	0	0	0	0	0	0	0	0	0	0	0	0	0	0	0	0	0	0	0	0	0	0	0	0	
832352	Frontal_Sup_L	8484	4586	0	13148	7906	0	67316	2070	1300	0	13730	298	22302	378	2344	0	4644	0	87472	20116	0	0	38618	1426	1016	0	166	0	24672	292	23692	4548	3278	4620	0	136	2490	444	148	288	148	0	0	0	0	0	124	134	0	0	0	0	0	0	1060	182	862	382	0	0	148	0	116	0	0	0	0	0	730	0	14288	3894	17548	1756	2072	220	6050	478	618	0	1994	0	866	0	108	0	0	0	470	0	0	0	0	0	0	0	0	0	0	0	0	0	0	0	0	0	0	0	0	0	0	0	0	0	0	0	
745416	Frontal_Sup_R	3646	11980	13148	0	0	5128	3710	37122	0	140	3392	11692	858	18394	0	3594	250	5532	15018	44852	0	0	7124	37614	0	1930	0	186	984	19378	4726	36254	254	16622	0	1252	134	4730	0	2802	0	0	0	0	0	0	0	160	0	0	0	0	0	0	0	1812	1278	304	0	0	164	0	0	110	0	0	0	0	0	0	1520	24088	1066	17456	314	2166	1940	7198	0	226	110	0	0	236	0	0	0	0	0	114	0	0	0	0	0	0	0	0	0	0	0	0	0	0	0	0	0	0	0	0	0	0	0	0	0	0	
182692	Frontal_Sup_Orb_L	0	0	7906	0	0	0	2844	0	15870	0	546	0	7492	0	16330	0	0	0	340	0	404	0	3626	0	3332	0	5426	0	14318	0	3532	0	0	0	0	0	0	0	0	0	0	0	0	0	0	0	0	0	0	0	0	0	0	0	160	0	0	0	0	0	0	0	0	0	0	0	0	0	0	0	208	0	8322	0	0	0	0	0	0	0	332	0	264	0	0	0	0	0	94	0	0	0	0	0	0	0	0	0	0	0	0	0	0	0	0	0	0	0	0	0	0	0	0	0	0	0	
125580	Frontal_Sup_Orb_R	0	0	0	5128	0	0	0	446	0	3790	0	1682	0	246	0	4900	0	630	0	1104	290	1130	520	5240	220	7046	228	3694	0	2364	250	4608	0	524	0	0	0	270	0	164	0	0	0	0	0	0	0	0	0	0	0	0	0	0	0	108	0	0	0	0	0	0	0	0	0	0	0	0	0	0	284	9276	228	8420	0	0	0	0	0	0	0	0	0	0	0	0	0	0	0	0	0	0	0	0	0	0	0	0	0	0	0	0	0	0	0	0	0	0	0	0	0	0	0	0	0	0	
481012	Frontal_Mid_L	19240	3488	67316	3710	2844	0	0	806	2598	0	12722	114	32444	136	2480	0	3046	0	16762	2314	0	0	18088	664	0	0	0	0	14850	104	13538	2118	3228	724	0	98	834	252	194	98	0	0	0	0	0	0	0	106	0	0	0	0	0	0	106	108	386	202	0	0	116	0	0	0	0	0	0	0	0	0	1762	1816	3416	318	570	106	5496	312	262	0	462	0	152	0	0	0	0	0	0	0	0	0	0	0	0	0	0	0	0	0	0	0	0	0	0	0	0	0	0	0	0	0	0	0	0	0	
308700	Frontal_Mid_R	2594	5594	2070	37122	0	446	806	0	0	1224	166	9100	0	21638	0	5384	152	3540	2914	4790	0	0	184	3172	0	0	0	0	238	5150	696	4984	0	2128	0	272	0	1806	0	1376	0	0	0	0	0	0	0	462	0	0	0	0	0	0	0	860	1326	268	0	0	94	0	0	0	0	0	0	0	0	0	428	11420	410	4938	166	2134	224	13186	0	712	0	176	0	0	0	0	0	0	0	0	0	0	0	0	0	0	0	0	0	0	0	0	0	0	0	0	0	0	0	0	0	0	0	0	0	0	
112292	Frontal_Mid_Orb_L	0	0	1300	0	15870	0	2598	0	0	0	0	0	4412	0	17926	0	0	0	170	0	0	0	0	0	0	0	1922	0	5988	0	122	0	0	0	0	0	0	0	106	0	0	0	0	0	0	0	0	0	0	0	0	0	0	0	206	0	0	0	0	0	0	0	0	0	0	0	0	0	0	0	0	0	4894	0	0	0	0	0	0	0	282	0	246	0	0	0	0	0	104	0	0	0	0	0	0	0	0	0	0	0	0	0	0	0	0	0	0	0	0	0	0	0	0	0	0	0	
21868	Frontal_Mid_Orb_R	0	0	0	140	0	3790	0	1224	0	0	0	0	0	462	0	4948	0	0	0	0	0	0	0	114	0	0	0	0	0	0	0	0	0	0	0	0	0	0	0	0	0	0	0	0	0	0	0	0	0	0	0	0	0	0	0	0	0	0	0	0	0	0	0	0	0	0	0	0	0	0	0	0	0	256	0	0	0	0	0	0	0	0	0	0	0	0	0	0	0	0	0	0	0	0	0	0	0	0	0	0	0	0	0	0	0	0	0	0	0	0	0	0	0	0	0	0	
230508	Frontal_Inf_Oper_L	8860	194	13730	3392	546	0	12722	166	0	0	0	146	15274	0	150	0	6400	0	7292	490	0	0	370	530	190	0	190	0	13828	0	5672	3392	0	126	0	0	474	0	106	0	0	0	0	0	0	0	150	0	0	0	0	0	0	0	0	96	1692	0	0	0	218	0	126	0	0	0	0	0	0	0	5010	6740	1718	0	0	0	598	468	386	0	1936	0	1762	0	114	0	0	0	0	0	0	0	0	0	0	0	0	0	0	0	0	0	0	0	0	0	0	0	0	0	0	0	0	0	0	0	
222452	Frontal_Inf_Oper_R	202	9018	298	11692	0	1682	114	9100	0	0	146	0	0	15226	0	1076	0	3904	970	3058	0	0	0	4054	0	100	0	0	0	11374	2808	10386	0	2308	0	160	0	2440	0	986	0	0	0	0	0	0	0	0	0	0	0	0	0	0	0	1890	0	1814	0	0	0	0	0	164	0	0	0	0	0	0	250	4292	106	8844	0	252	0	308	0	176	0	150	0	292	0	324	0	0	0	1262	0	0	0	0	0	0	0	0	0	0	0	0	0	0	0	0	0	0	0	0	0	0	0	0	0	0	
276344	Frontal_Inf_Tri_L	950	0	22302	858	7492	0	32444	0	4412	0	15274	0	0	0	9216	0	170	0	4726	286	0	0	3412	102	94	0	90	0	24698	0	5792	1482	1550	0	0	0	0	0	0	0	0	0	0	0	0	0	0	0	0	0	0	0	0	0	0	0	0	0	0	0	0	0	0	0	0	0	0	0	0	0	872	1230	306	0	0	0	0	0	0	0	220	0	194	0	0	0	0	0	0	0	0	0	0	0	0	0	0	0	0	0	0	0	0	0	0	0	0	0	0	0	0	0	0	0	0	0	
241656	Frontal_Inf_Tri_R	0	92	378	18394	0	246	136	21638	0	462	0	15226	0	0	0	7320	0	0	2500	5028	0	0	3096	10028	0	0	0	0	0	14290	2306	11064	178	7912	0	0	0	0	0	0	0	0	0	0	0	0	0	0	0	0	0	0	0	0	0	0	0	0	0	0	0	0	0	0	0	0	0	0	0	0	112	278	0	144	0	0	0	0	0	0	0	0	0	0	0	0	0	0	0	0	0	0	0	0	0	0	0	0	0	0	0	0	0	0	0	0	0	0	0	0	0	0	0	0	0	0	
151604	Frontal_Inf_Orb_L	0	0	2344	0	16330	0	2480	0	17926	0	150	0	9216	0	0	0	0	0	262	0	1468	0	100	0	0	0	204	0	14178	0	104	0	0	0	0	0	148	0	254	0	572	0	0	0	0	0	0	0	0	0	0	0	0	0	214	0	0	0	0	0	0	0	0	0	0	0	0	0	0	0	218	0	7530	0	0	0	0	0	0	0	334	0	1662	0	0	0	0	0	108	0	0	0	0	0	0	0	0	0	0	0	0	0	0	0	0	0	0	0	0	0	0	0	0	0	0	0	
80040	Frontal_Inf_Orb_R	0	0	0	3594	0	4900	0	5384	0	4948	0	1076	0	7320	0	0	0	90	0	240	0	496	0	586	0	0	0	816	0	6904	0	554	0	184	0	0	0	0	0	0	0	0	0	0	0	0	0	0	0	0	0	0	0	0	0	0	0	0	0	0	0	0	0	0	0	0	0	0	0	0	0	798	0	2130	0	0	0	0	0	0	0	0	0	0	0	0	0	0	0	0	0	0	0	0	0	0	0	0	0	0	0	0	0	0	0	0	0	0	0	0	0	0	0	0	0	0	
178348	Rolandic_Oper_L	6208	332	4644	250	0	0	3046	152	0	0	6400	0	170	0	0	0	0	0	3744	498	0	0	0	0	0	0	0	0	17512	0	212	0	0	148	0	172	1148	242	138	0	0	0	0	0	0	0	0	0	120	0	1114	0	0	128	96	660	9614	0	2668	0	3576	0	1860	0	1660	0	716	0	232	0	970	144	1382	0	960	0	422	0	1658	0	9922	0	1846	0	3782	0	0	0	628	0	0	0	0	0	0	0	0	0	0	0	0	0	0	0	0	0	0	0	0	0	0	0	0	0	0	0	
127048	Rolandic_Oper_R	0	1604	0	5532	0	630	0	3540	0	0	0	3904	0	0	0	90	0	0	156	5658	0	0	0	1174	0	0	0	0	0	13456	0	1212	0	3168	0	0	0	1048	0	214	0	0	0	92	0	0	0	0	0	108	0	106	0	94	0	1868	0	3828	0	0	0	0	0	2738	0	108	0	268	0	184	0	1350	0	2910	0	168	0	294	0	3218	0	1370	0	520	0	820	0	0	0	2094	0	0	0	0	0	0	0	0	0	0	0	0	0	0	0	0	0	0	0	0	0	0	0	0	0	0	
597192	Supp_Motor_Area_L	3582	4098	87472	15018	340	0	16762	2914	170	0	7292	970	4726	2500	262	0	3744	156	0	34610	0	0	7828	5388	0	0	0	0	10690	866	9556	6428	7428	16004	992	156	1880	370	0	272	146	0	0	0	0	0	0	0	0	0	0	0	0	0	1046	160	692	382	0	0	0	0	0	0	0	0	0	0	1214	0	13226	3746	15462	1702	1486	206	2982	420	108	0	1826	0	852	0	0	0	0	0	466	0	0	0	0	0	0	0	0	0	0	0	0	0	0	0	0	0	0	0	0	0	0	0	0	0	0	0	
560068	Supp_Motor_Area_R	9112	10788	20116	44852	0	1104	2314	4790	0	0	490	3058	286	5028	0	240	498	5658	34610	0	0	0	542	13028	0	534	0	0	750	9376	3182	13056	3264	44420	276	4790	0	2166	0	1484	0	0	0	264	0	188	0	0	0	250	0	492	0	138	0	1650	1236	434	0	0	0	0	0	0	0	102	130	674	612	11100	740	7320	684	9866	110	614	220	1000	0	210	180	0	0	160	0	1450	0	0	0	398	0	0	0	0	0	0	0	0	0	0	0	0	0	0	0	0	0	0	0	0	0	0	0	0	0	0	
61932	Olfactory_L	0	0	0	0	404	290	0	0	0	0	0	0	0	0	1468	0	0	0	0	0	0	5170	0	0	0	0	1680	506	1862	0	1770	1528	0	0	0	0	0	0	316	0	582	0	0	0	0	0	0	0	0	0	0	0	0	0	0	0	0	0	0	0	0	0	0	0	0	0	0	0	0	0	6232	4682	3576	552	0	0	0	0	0	0	0	0	348	0	0	0	0	0	0	0	0	0	0	0	0	0	0	0	0	0	0	0	0	0	0	0	0	0	0	0	0	0	0	0	0	0	
78796	Olfactory_R	0	0	0	0	0	1130	0	0	0	0	0	0	0	0	0	496	0	0	0	0	5170	0	0	0	0	1630	1274	2030	0	1398	2404	3392	0	0	0	0	0	0	0	0	0	260	0	0	0	0	0	0	0	0	0	0	0	0	0	0	0	0	0	0	0	0	0	0	0	0	0	0	0	0	6824	7914	3916	1560	0	0	0	0	0	0	0	0	0	0	0	0	0	0	0	0	0	0	0	0	0	0	0	0	0	0	0	0	0	0	0	0	0	0	0	0	0	0	0	0	0	0	
299168	Frontal_Sup_Medial_L	196	0	38618	7124	3626	520	18088	184	0	0	370	0	3412	3096	100	0	0	0	7828	542	0	0	0	14360	1856	1012	274	0	3400	2120	19818	10988	4820	6984	0	0	0	0	0	0	0	0	0	0	0	0	0	0	0	0	0	0	0	0	0	0	0	0	0	0	0	0	0	0	0	0	0	0	0	0	138	0	110	0	0	0	0	0	0	0	0	0	0	0	0	0	0	0	0	0	0	0	0	0	0	0	0	0	0	0	0	0	0	0	0	0	0	0	0	0	0	0	0	0	0	0	
348496	Frontal_Sup_Medial_R	0	192	1426	37614	0	5240	664	3172	0	114	530	4054	102	10028	0	586	0	1174	5388	13028	0	0	14360	0	298	3994	0	0	162	7756	4422	25650	386	17330	0	0	0	364	0	240	0	0	0	0	0	0	0	0	0	0	0	0	0	0	0	162	0	0	0	0	0	0	0	0	0	0	0	0	0	0	0	9600	0	5760	0	0	0	342	0	0	0	0	0	110	0	0	0	0	0	0	0	0	0	0	0	0	0	0	0	0	0	0	0	0	0	0	0	0	0	0	0	0	0	0	0	0	
26884	Frontal_Med_Orb_L	0	0	1016	0	3332	220	0	0	0	0	190	0	94	0	0	0	0	0	0	0	0	0	1856	298	0	434	2276	0	296	0	2836	144	0	0	0	0	0	0	0	0	0	0	0	0	0	0	0	0	0	0	0	0	0	0	0	0	0	0	0	0	0	0	0	0	0	0	0	0	0	0	174	0	276	0	0	0	0	0	0	0	0	0	0	0	0	0	0	0	0	0	0	0	0	0	0	0	0	0	0	0	0	0	0	0	0	0	0	0	0	0	0	0	0	0	0	0	
80156	Frontal_Med_Orb_R	0	0	0	1930	0	7046	0	0	0	0	0	100	0	0	0	0	0	0	0	534	0	1630	1012	3994	434	0	0	2284	0	94	856	6094	0	130	0	0	0	96	0	0	0	0	0	0	0	0	0	0	0	0	0	0	0	0	0	0	0	0	0	0	0	0	0	0	0	0	0	0	0	0	0	7888	0	5956	0	0	0	0	0	0	0	0	0	0	0	0	0	0	0	0	0	0	0	0	0	0	0	0	0	0	0	0	0	0	0	0	0	0	0	0	0	0	0	0	0	0	
45404	Rectus_L	0	0	166	0	5426	228	0	0	1922	0	190	0	90	0	204	0	0	0	0	0	1680	1274	274	0	2276	0	0	400	280	0	2888	414	0	0	0	0	0	0	0	0	0	0	0	0	0	0	0	0	0	0	0	0	0	0	0	0	0	0	0	0	0	0	0	0	0	0	0	0	0	0	1994	928	2068	0	0	0	0	0	0	0	0	0	0	0	0	0	0	0	0	0	0	0	0	0	0	0	0	0	0	0	0	0	0	0	0	0	0	0	0	0	0	0	0	0	0	0	
30044	Rectus_R	0	0	0	186	0	3694	0	0	0	0	0	0	0	0	0	816	0	0	0	0	506	2030	0	0	0	2284	400	0	0	632	258	944	0	0	0	0	0	0	0	0	0	0	0	0	0	0	0	0	0	0	0	0	0	0	0	0	0	0	0	0	0	0	0	0	0	0	0	0	0	0	496	1534	354	888	0	0	0	0	0	0	0	0	0	0	0	0	0	0	0	0	0	0	0	0	0	0	0	0	0	0	0	0	0	0	0	0	0	0	0	0	0	0	0	0	0	0	
483636	Insula_L	9372	478	24672	984	14318	0	14850	238	5988	0	13828	0	24698	0	14178	0	17512	0	10690	750	1862	0	3400	162	296	0	280	0	0	0	10146	1508	280	300	162	0	10458	328	824	0	3426	0	424	0	0	0	340	114	0	0	1694	0	296	0	4134	464	6552	0	364	0	568	0	380	0	106	0	344	0	0	0	1438	454	13660	0	908	0	1116	0	4352	0	9142	0	3254	0	2472	0	0	0	3254	0	0	0	0	0	0	0	0	0	0	0	0	0	0	0	0	0	0	0	0	0	0	0	0	0	0	0	
338944	Insula_R	104	2638	292	19378	0	2364	104	5150	0	0	0	11374	0	14290	0	6904	0	13456	866	9376	0	1398	2120	7756	0	94	0	632	0	0	948	9082	0	7366	0	96	0	5618	0	2678	0	276	0	0	0	0	0	0	0	180	0	132	0	0	0	4092	0	1456	0	144	0	88	0	688	0	0	0	410	0	196	0	3646	0	18692	0	114	0	466	0	3074	0	4486	0	430	0	2676	0	0	0	3898	0	0	0	0	0	0	0	244	0	0	0	0	0	0	0	0	0	0	0	0	0	0	0	0	0	0	
368688	Cingulum_Ant_L	636	0	23692	4726	3532	250	13538	696	122	0	5672	2808	5792	2306	104	0	212	0	9556	3182	1770	2404	19818	4422	2836	856	2888	258	10146	948	0	24828	5500	3558	0	0	0	92	0	0	0	0	0	0	0	0	0	0	0	0	0	0	0	0	0	0	0	0	0	0	0	0	0	0	0	0	0	0	0	0	6568	8218	6972	4944	0	368	0	0	0	0	0	0	126	0	0	0	0	0	0	0	0	0	0	0	0	0	0	0	0	0	0	0	0	0	0	0	0	0	0	0	0	0	0	0	0	0	
519456	Cingulum_Ant_R	752	98	4548	36254	0	4608	2118	4984	0	0	3392	10386	1482	11064	0	554	0	1212	6428	13056	1528	3392	10988	25650	144	6094	414	944	1508	9082	24828	0	2396	21042	0	0	0	600	0	424	0	0	0	0	0	0	0	0	0	0	0	0	0	0	0	184	0	0	0	0	0	0	0	0	0	0	0	0	0	0	4392	28990	1926	13230	0	522	0	310	0	0	0	0	0	204	0	0	0	0	0	0	0	0	0	0	0	0	0	0	0	0	0	0	0	0	0	0	0	0	0	0	0	0	0	0	0	0	
105352	Cingulum_Mid_L	1232	400	3278	254	0	0	3228	0	0	0	0	0	1550	178	0	0	0	0	7428	3264	0	0	4820	386	0	0	0	0	280	0	5500	2396	0	7114	3570	1368	0	0	0	0	0	0	292	0	654	0	0	0	318	0	290	0	144	0	0	0	0	0	0	0	0	0	0	0	0	0	1438	0	2616	488	0	0	0	0	0	0	0	0	0	0	0	0	0	0	190	0	0	0	0	0	0	0	0	0	0	0	0	0	0	0	0	0	0	0	0	0	0	0	0	0	0	0	0	0	0	0	
417364	Cingulum_Mid_R	1384	1636	4620	16622	0	524	724	2128	0	0	126	2308	0	7912	0	184	148	3168	16004	44420	0	0	6984	17330	0	130	0	0	300	7366	3558	21042	7114	0	1438	5572	0	654	0	470	0	0	0	1974	0	2544	0	120	0	2606	0	1416	0	0	0	270	0	1884	0	0	0	0	0	0	0	0	610	6986	580	8162	302	3000	234	2892	0	0	0	0	0	88	0	0	0	160	0	716	0	0	0	272	0	0	0	0	0	0	0	0	0	0	0	0	0	0	0	0	0	0	0	0	0	0	0	0	0	0	
133568	Cingulum_Post_L	8426	576	0	0	0	0	0	0	0	0	0	0	0	0	0	0	0	0	992	276	0	0	0	0	0	0	0	0	162	0	0	0	3570	1438	0	7274	7522	3060	1818	1164	0	0	2642	230	1222	920	1550	134	532	152	0	0	0	0	960	1504	694	0	0	0	0	0	0	0	0	0	6032	2082	5262	144	0	0	102	0	0	0	3100	1442	520	0	0	0	0	0	0	96	0	0	380	702	0	0	0	0	0	0	0	0	0	0	0	0	0	0	0	0	0	0	0	0	104	0	0	0	0	0	
185532	Cingulum_Post_R	5990	4592	136	1252	0	0	98	272	0	0	0	160	0	0	0	0	172	0	156	4790	0	0	0	0	0	0	0	0	0	96	0	0	1368	5572	7274	0	3538	8712	448	3396	0	0	0	1910	0	404	172	1872	0	286	0	774	0	686	170	4700	434	894	0	0	0	0	0	0	0	0	586	9308	0	3622	920	90	138	100	0	0	8004	5746	0	0	0	0	0	0	0	1576	0	0	0	1872	0	0	0	0	0	0	0	0	0	0	0	0	0	0	0	0	0	0	0	0	480	0	0	0	0	0	
263764	Hippocampus_L	11064	384	2490	134	0	0	834	0	0	0	474	0	0	0	148	0	1148	0	1880	0	0	0	0	0	0	0	0	0	10458	0	0	0	0	0	7522	3538	0	3092	13874	1172	6840	0	1988	0	0	0	5328	464	0	0	296	0	302	0	15806	1484	3248	0	0	0	0	0	0	0	0	0	5392	260	0	0	538	0	8966	0	558	0	4456	1376	2668	0	3070	0	666	0	372	0	0	0	8644	684	0	0	0	0	0	0	120	0	0	0	0	0	0	0	0	0	0	0	0	144	0	0	0	0	0	0	
380992	Hippocampus_R	4544	9502	444	4730	0	270	252	1806	0	0	0	2440	0	0	0	0	242	1048	370	2166	0	0	0	364	0	96	0	0	328	5618	92	600	0	654	3060	8712	3092	0	524	34628	0	6376	0	1508	0	0	164	6024	0	0	0	0	0	90	232	33796	246	1986	0	0	0	0	0	242	0	0	0	5894	0	92	434	592	330	19108	0	1502	6050	8900	0	276	0	196	0	1120	0	396	0	286	0	6180	0	146	0	0	0	0	0	1672	0	598	0	0	0	0	0	0	0	0	0	0	478	0	0	0	0	0	
98824	ParaHippocampal_L	1386	0	148	0	0	0	194	0	106	0	106	0	0	0	254	0	138	0	0	0	316	0	0	0	0	0	0	0	824	0	0	0	0	0	1818	448	13874	524	0	386	2256	0	1156	0	0	0	5198	154	0	0	0	0	0	0	9196	104	412	0	0	0	0	0	0	0	0	0	2818	0	0	0	0	0	2242	0	120	0	1250	338	0	0	144	0	268	0	0	0	214	0	988	0	202	0	0	0	232	0	850	0	654	0	0	0	0	0	0	0	0	0	0	94	0	0	0	0	0	0	
266456	ParaHippocampal_R	1618	2996	288	2802	0	164	98	1376	0	0	0	986	0	0	0	0	0	214	272	1484	0	0	0	240	0	0	0	0	0	2678	0	424	0	470	1164	3396	1172	34628	386	0	0	6744	0	1114	0	0	146	5644	0	0	0	0	0	0	172	25804	0	536	0	0	0	0	0	186	0	0	0	4088	0	0	0	398	0	12250	0	1330	2414	4768	0	0	0	0	0	3646	0	102	0	1470	0	2070	0	142	0	0	0	0	0	2378	0	690	0	0	0	0	0	0	0	0	0	0	280	0	0	0	0	0	
39668	Amygdala_L	0	0	148	0	0	0	0	0	0	0	0	0	0	0	572	0	0	0	146	0	582	0	0	0	0	0	0	0	3426	0	0	0	0	0	0	0	6840	0	2256	0	0	0	0	0	0	0	0	0	0	0	0	0	0	0	3358	0	0	0	0	0	0	0	0	0	0	0	0	0	0	0	0	0	464	0	0	0	0	0	0	0	644	0	350	0	0	0	0	0	1048	0	0	0	0	0	0	0	0	0	0	0	0	0	0	0	0	0	0	0	0	0	0	0	0	0	0	0	
51012	Amygdala_R	0	0	0	0	0	0	0	0	0	0	0	0	0	0	0	0	0	0	0	0	0	260	0	0	0	0	0	0	0	276	0	0	0	0	0	0	0	6376	0	6744	0	0	0	0	0	0	0	0	0	0	0	0	0	0	0	6998	0	0	0	0	0	0	0	0	0	0	0	0	0	0	0	0	0	996	0	0	0	0	0	0	0	0	0	2134	0	0	0	278	0	1444	0	0	0	0	0	0	0	0	0	0	0	0	0	0	0	0	0	0	0	0	0	0	0	0	0	0	
281024	Calcarine_L	1220	0	0	0	0	0	0	0	0	0	0	0	0	0	0	0	0	0	0	0	0	0	0	0	0	0	0	0	424	0	0	0	292	0	2642	0	1988	0	1156	0	0	0	0	8514	14638	6466	18116	4406	16644	4164	25054	122	4012	0	5324	124	1662	0	1332	0	0	0	0	0	226	0	15778	712	738	0	0	0	0	0	0	0	0	0	172	0	132	0	0	0	3664	0	0	0	790	0	0	0	0	0	0	0	0	0	0	0	0	0	0	0	0	0	0	0	0	0	0	0	0	0	0	0	
333788	Calcarine_R	0	330	0	0	0	0	0	0	0	0	0	0	0	0	0	0	0	92	0	264	0	0	0	0	0	0	0	0	0	0	0	0	0	1974	230	1910	0	1508	0	1114	0	0	8514	0	6534	28510	5052	22820	282	28134	0	13422	0	4114	0	8706	0	334	0	0	0	0	0	0	0	252	2414	16796	0	640	0	0	0	0	0	0	0	0	0	0	0	0	0	0	0	7762	0	0	0	4102	90	0	0	0	0	0	0	0	172	422	0	0	0	0	0	0	0	0	0	0	0	400	0	0	0	0	
211568	Cuneus_L	1106	0	0	0	0	0	0	0	0	0	0	0	0	0	0	0	0	0	0	0	0	0	0	0	0	0	0	0	0	0	0	0	654	0	1222	0	0	0	0	0	0	0	14638	6534	0	10938	2054	1936	22500	5610	11384	534	866	0	796	0	934	0	1780	0	0	0	0	0	108	0	16066	2204	2040	0	0	0	0	0	0	0	0	0	0	0	0	0	0	0	1614	0	0	0	266	0	0	0	0	0	0	0	0	0	0	0	0	0	0	0	0	0	0	0	0	0	0	0	0	0	0	0	
311752	Cuneus_R	0	300	0	0	0	0	0	0	0	0	0	0	0	0	0	0	0	0	0	188	0	0	0	0	0	0	0	0	0	0	0	0	0	2544	920	404	0	0	0	0	0	0	6466	28510	10938	0	2652	8336	1126	38674	386	12688	0	1256	0	1016	0	754	0	1146	0	502	0	0	0	980	7636	20664	0	994	0	0	0	0	0	0	0	0	0	0	0	100	0	0	0	4836	0	0	0	1766	0	0	0	0	0	0	0	0	0	94	0	0	0	0	0	0	0	0	0	0	0	0	0	0	0	0	
310108	Lingual_L	844	0	124	0	0	0	0	0	0	0	150	0	0	0	0	0	0	0	0	0	0	0	0	0	0	0	0	0	340	0	0	0	0	0	1550	172	5328	164	5198	146	0	0	18116	5052	2054	2652	0	6538	5714	2142	11592	108	5394	0	18720	762	534	0	90	0	0	0	0	0	0	0	5376	0	132	0	0	0	0	0	0	0	1618	140	412	0	0	0	0	0	214	0	0	0	316	0	8240	1948	1562	1782	254	0	8628	352	15992	3098	150	238	150	136	106	0	0	0	0	156	2008	5638	2924	0	0	0	
301232	Lingual_R	402	176	134	160	0	0	106	462	0	0	0	0	0	0	0	0	0	0	0	0	0	0	0	0	0	0	0	0	114	0	0	0	0	120	134	1872	464	6024	154	5644	0	0	4406	22820	1936	8336	6538	0	0	11252	174	3772	548	3420	1664	20058	0	0	0	0	0	0	0	0	0	0	224	7026	0	0	0	226	390	0	0	0	472	1394	0	0	0	0	0	0	0	230	0	0	0	136	2636	2496	1026	466	0	566	1282	3694	4584	9774	0	118	0	150	0	0	0	0	0	232	3440	7430	1734	0	0	0	
308736	Occipital_Sup_L	560	0	0	0	0	0	0	0	0	0	0	0	0	0	0	0	120	0	0	0	0	0	0	0	0	0	0	0	0	0	0	0	318	0	532	0	0	0	0	0	0	0	16644	282	22500	1126	5714	0	0	126	39384	0	5422	0	2174	0	1478	0	15890	0	2544	0	1554	0	4026	0	24812	344	1712	0	0	0	0	0	0	0	0	0	0	0	626	0	0	0	4462	0	0	0	1924	0	0	0	0	0	0	0	0	0	94	0	0	0	0	0	0	0	0	0	0	0	0	0	0	0	0	0	
369124	Occipital_Sup_R	0	804	0	0	0	0	0	0	0	0	0	0	0	0	0	0	0	108	0	250	0	0	0	0	0	0	0	0	0	180	0	0	0	2606	152	286	0	0	0	0	0	0	4164	28134	5610	38674	2142	11252	126	0	0	27356	0	1788	0	2238	0	3172	0	3172	0	4028	0	94	0	5868	7248	21908	0	2944	0	0	0	0	0	0	0	0	0	0	0	600	0	0	0	7086	0	0	0	2322	0	0	0	0	0	0	0	0	0	158	0	0	0	0	0	0	0	0	0	0	0	92	0	0	0	0	
550812	Occipital_Mid_L	2882	0	0	0	0	0	0	0	0	0	0	0	0	0	0	0	1114	0	0	0	0	0	0	0	0	0	0	0	1694	0	0	0	290	0	0	0	296	0	0	0	0	0	25054	0	11384	386	11592	174	39384	0	0	0	24420	0	9630	0	12944	0	25814	0	12916	0	4134	0	16462	0	30338	0	2134	0	0	0	0	0	0	0	0	0	104	0	3028	0	0	0	27144	0	0	0	11658	0	0	0	0	0	0	0	0	0	260	0	0	0	0	0	0	0	0	0	0	0	0	170	0	0	0	0	
277772	Occipital_Mid_R	0	854	0	0	0	0	0	0	0	0	0	0	0	0	0	0	0	106	0	492	0	0	0	0	0	0	0	0	0	132	0	0	0	1416	0	774	0	0	0	0	0	0	122	13422	534	12688	108	3772	0	27356	0	0	0	6398	0	4428	0	1196	0	534	0	5864	0	368	0	14182	3718	12020	0	1590	0	0	0	0	0	0	0	0	0	0	0	680	0	0	0	19850	0	0	0	6152	0	0	0	0	0	0	0	0	0	130	0	0	0	0	0	0	0	0	0	0	0	0	0	0	0	0	
170320	Occipital_Inf_L	870	0	0	0	0	0	0	0	0	0	0	0	0	0	0	0	0	0	0	0	0	0	0	0	0	0	0	0	296	0	0	0	144	0	0	0	302	0	0	0	0	0	4012	0	866	0	5394	548	5422	0	24420	0	0	0	13284	0	1750	0	550	0	188	0	162	0	336	0	1904	0	178	0	0	0	0	0	0	0	0	0	154	0	186	0	0	0	11634	0	0	0	8570	0	332	142	0	0	0	0	318	0	1668	350	0	0	0	0	0	0	0	0	0	0	166	854	160	0	0	0	
83448	Occipital_Inf_R	0	352	0	0	0	0	0	0	0	0	0	0	0	0	0	0	128	94	0	138	0	0	0	0	0	0	0	0	0	0	0	0	0	0	0	686	0	90	0	0	0	0	0	4114	0	1256	0	3420	0	1788	0	6398	0	0	0	8520	140	90	0	0	0	0	0	0	0	110	0	2128	0	116	0	0	0	0	0	0	0	0	0	0	0	0	0	0	0	2508	0	0	0	5750	292	440	108	0	0	0	0	144	316	1364	0	0	0	0	0	0	0	0	0	0	134	800	300	0	0	0	
432720	Fusiform_L	2622	0	1060	0	160	0	106	0	206	0	0	0	0	0	214	0	96	0	1046	0	0	0	0	0	0	0	0	0	4134	0	0	0	0	0	960	170	15806	232	9196	172	3358	0	5324	0	796	0	18720	1664	2174	0	9630	0	13284	0	0	222	1978	0	364	0	0	0	0	0	0	0	4086	0	722	0	0	0	2326	0	0	0	560	140	620	0	2472	0	1758	0	5602	0	1046	0	16566	0	24318	1286	5036	1174	230	0	11246	198	31154	1982	1568	218	874	146	0	0	0	0	0	0	1554	3936	1848	0	0	0	
491100	Fusiform_R	2036	4540	182	1812	0	108	108	860	0	0	96	1890	0	0	0	0	660	1868	160	1650	0	0	0	162	0	0	0	0	464	4092	0	184	0	270	1504	4700	1484	33796	104	25804	0	6998	124	8706	0	1016	762	20058	0	2238	0	4428	0	8520	222	0	552	670	0	0	0	0	156	282	0	168	0	5468	0	444	132	300	124	10996	0	832	1308	3166	0	292	0	670	0	4566	0	2152	0	1620	0	15860	1224	12318	504	458	0	396	528	8948	1528	20228	0	294	0	548	0	258	0	0	0	176	2256	3436	860	130	96	0	
360428	Postcentral_L	33680	3392	862	1278	0	0	386	1326	0	0	1692	0	0	0	0	0	9614	0	692	1236	0	0	0	0	0	0	0	0	6552	0	0	0	0	0	694	434	3248	246	412	0	0	0	1662	0	934	0	534	0	1478	0	12944	0	1750	140	1978	552	0	88	18850	0	26768	0	11240	0	1628	0	12940	94	3556	124	132	104	2530	0	270	0	572	112	2220	0	5114	0	0	0	4818	0	0	0	1338	0	0	0	0	0	0	0	0	0	0	0	0	0	0	0	0	0	0	0	0	0	0	0	0	0	0	0	
142772	Postcentral_R	328	13418	382	304	0	0	202	268	0	0	0	1814	0	0	0	0	0	3828	382	434	0	0	0	0	0	0	0	0	0	1456	0	0	0	1884	0	894	0	1986	0	536	0	0	0	334	0	754	0	0	0	3172	0	1196	0	90	0	670	88	0	0	6014	0	6324	0	8286	0	1272	340	3442	0	5378	228	0	0	1488	0	244	0	368	0	518	0	550	0	0	0	1404	0	0	0	1110	0	0	0	0	0	0	0	0	0	0	0	0	0	0	0	0	0	0	0	0	0	0	0	0	0	0	
288656	Parietal_Sup_L	1758	94	0	0	0	0	0	0	0	0	0	0	0	0	0	0	2668	0	0	0	0	0	0	0	0	0	0	0	364	0	0	0	0	0	0	0	0	0	0	0	0	0	1332	0	1780	0	90	0	15890	0	25814	0	550	0	364	0	18850	0	0	0	22758	0	4532	0	5944	0	29490	0	2360	0	0	0	0	0	0	0	0	0	0	0	3274	0	0	0	4290	0	0	0	2126	0	0	0	0	0	0	0	0	0	0	0	0	0	0	0	0	0	0	0	0	0	0	0	0	0	0	0	
55064	Parietal_Sup_R	0	168	0	0	0	0	0	0	0	0	0	0	0	0	0	0	0	0	0	0	0	0	0	0	0	0	0	0	0	144	0	0	0	0	0	0	0	0	0	0	0	0	0	0	0	1146	0	0	0	3172	0	534	0	0	0	0	0	6014	0	0	0	5672	0	2354	0	1488	406	4774	0	1102	0	0	0	0	0	0	0	0	0	0	0	318	0	0	0	240	0	0	0	0	0	0	0	0	0	0	0	0	0	0	0	0	0	0	0	0	0	0	0	0	0	0	0	0	0	0	
288864	Parietal_Inf_L	7234	304	148	164	0	0	116	94	0	0	218	0	0	0	0	0	3576	0	0	0	0	0	0	0	0	0	0	0	568	0	0	0	0	0	0	0	0	0	0	0	0	0	0	0	0	0	0	0	2544	0	12916	0	188	0	0	0	26768	0	22758	0	0	0	21320	0	16952	0	7196	0	660	0	0	0	152	0	0	0	0	0	0	0	4680	0	0	0	11314	0	0	0	4562	0	0	0	0	0	0	0	0	0	0	0	0	0	0	0	0	0	0	0	0	0	0	0	0	0	0	0	
97588	Parietal_Inf_R	0	724	0	0	0	0	0	0	0	0	0	0	0	0	0	0	0	0	0	0	0	0	0	0	0	0	0	0	0	88	0	0	0	0	0	0	0	0	0	0	0	0	0	0	0	502	0	0	0	4028	0	5864	0	0	0	0	0	6324	0	5672	0	0	0	7316	0	9700	972	2622	0	246	0	0	0	0	0	0	0	0	0	0	0	728	0	0	0	2750	0	0	0	1258	0	0	0	0	0	0	0	0	0	0	0	0	0	0	0	0	0	0	0	0	0	0	0	0	0	0	
164224	SupraMarginal_L	1508	0	116	0	0	0	0	0	0	0	126	0	0	0	0	0	1860	0	0	0	0	0	0	0	0	0	0	0	380	0	0	0	0	0	0	0	0	0	0	0	0	0	0	0	0	0	0	0	1554	0	4134	0	162	0	0	156	11240	0	4532	0	21320	0	0	0	9970	0	1382	0	0	0	0	0	120	0	0	0	0	0	0	0	4988	0	0	0	12736	0	0	0	5828	0	0	0	0	0	0	0	0	0	0	0	0	0	0	0	0	0	0	0	0	0	0	0	0	0	0	0	
75664	SupraMarginal_R	88	1374	0	110	0	0	0	0	0	0	0	164	0	0	0	0	0	2738	0	0	0	0	0	0	0	0	0	0	0	688	0	0	0	0	0	0	0	242	0	186	0	0	0	0	0	0	0	0	0	94	0	368	0	0	0	282	0	8286	0	2354	0	7316	0	0	0	2812	260	400	0	0	0	0	0	296	0	164	0	146	0	106	0	5010	0	0	0	3724	0	0	0	624	0	0	0	0	0	0	0	0	0	0	0	0	0	0	0	0	0	0	0	0	0	0	0	0	0	0	
164480	Angular_L	94	0	0	0	0	0	0	0	0	0	0	0	0	0	0	0	1660	0	0	0	0	0	0	0	0	0	0	0	106	0	0	0	0	0	0	0	0	0	0	0	0	0	226	0	108	0	0	0	4026	0	16462	0	336	0	0	0	1628	0	5944	0	16952	0	9970	0	0	0	4150	0	364	0	0	0	0	0	0	0	0	0	0	0	3532	0	0	0	14168	0	0	0	2514	0	0	0	0	0	0	0	0	0	0	0	0	0	0	0	0	0	0	0	0	0	0	0	0	0	0	0	
115688	Angular_R	0	176	0	0	0	0	0	0	0	0	0	0	0	0	0	0	0	108	0	102	0	0	0	0	0	0	0	0	0	0	0	0	0	0	0	0	0	0	0	0	0	0	0	252	0	980	0	0	0	5868	0	14182	0	110	0	168	0	1272	0	1488	0	9700	0	2812	0	0	742	1504	0	356	0	0	0	0	0	0	0	0	0	0	0	3536	0	0	0	11080	0	0	0	3408	0	0	0	0	0	0	0	0	0	0	0	0	0	0	0	0	0	0	0	0	0	0	0	0	0	0	
470848	Precuneus_L	2752	270	0	0	0	0	0	0	0	0	0	0	0	0	0	0	716	0	0	130	0	0	0	0	0	0	0	0	344	0	0	0	1438	610	6032	586	5392	0	2818	0	0	0	15778	2414	16066	7636	5376	224	24812	7248	30338	3718	1904	0	4086	0	12940	340	29490	406	7196	972	1382	260	4150	742	0	14614	6262	488	0	0	0	0	0	0	746	0	690	0	1296	756	0	0	4988	3300	0	0	2320	1398	0	0	0	0	0	0	0	0	0	0	0	0	0	0	0	0	0	0	0	0	0	0	0	0	0	0	
359192	Precuneus_R	682	1226	0	0	0	0	0	0	0	0	0	0	0	0	0	0	0	268	0	674	0	0	0	0	0	0	0	0	0	410	0	0	0	6986	2082	9308	260	5894	0	4088	0	0	712	16796	2204	20664	0	7026	344	21908	0	12020	0	2128	0	5468	94	3442	0	4774	0	2622	0	400	0	1504	14614	0	0	4308	0	0	0	0	0	0	994	770	0	0	0	2268	0	0	0	14216	0	0	0	7610	0	0	0	0	0	0	0	202	0	0	0	0	0	0	0	0	0	0	0	0	630	0	0	0	0	0	
86288	Paracentral_Lobule_L	7852	2168	730	0	0	0	0	0	0	0	0	0	0	0	0	0	232	0	1214	612	0	0	0	0	0	0	0	0	0	0	0	0	2616	580	5262	0	0	0	0	0	0	0	738	0	2040	0	132	0	1712	0	2134	0	178	0	722	0	3556	0	2360	0	660	0	0	0	364	0	6262	0	0	372	0	0	0	0	0	0	0	0	0	0	248	0	0	0	400	0	0	0	0	0	0	0	0	0	0	0	0	0	0	0	0	0	0	0	0	0	0	0	0	0	0	0	0	0	0	0	
108028	Paracentral_Lobule_R	1948	6096	0	0	0	0	0	0	0	0	0	0	0	0	0	0	0	184	0	11100	0	0	0	0	0	0	0	0	0	196	0	0	488	8162	144	3622	0	92	0	0	0	0	0	640	0	994	0	0	0	2944	0	1590	0	116	0	444	124	5378	0	1102	0	246	0	0	0	356	488	4308	372	0	0	0	0	0	0	0	0	0	0	0	0	568	0	0	0	1894	0	0	0	418	0	0	0	0	0	0	0	0	0	0	0	0	0	0	0	0	0	0	0	0	0	0	0	0	0	0	
247276	Caudate_L	856	1550	14288	1520	208	284	1762	428	0	0	5010	250	872	112	218	0	970	0	13226	740	6232	6824	138	0	174	0	1994	496	1438	0	6568	4392	0	302	0	920	538	434	0	0	0	0	0	0	0	0	0	0	0	0	0	0	0	0	0	132	132	228	0	0	0	0	0	0	0	0	0	0	0	0	0	15554	16838	2360	2062	560	11244	1464	0	0	0	0	320	0	0	0	0	0	0	0	0	0	0	0	0	0	0	0	0	0	0	0	0	0	0	0	0	0	0	0	0	0	0	0	0	0	
449172	Caudate_R	1340	1752	3894	24088	0	9276	1816	11420	0	0	6740	4292	1230	278	0	798	144	1350	3746	7320	4682	7914	0	9600	0	7888	928	1534	454	3646	8218	28990	0	3000	0	90	0	592	0	398	0	0	0	0	0	0	0	226	0	0	0	0	0	0	0	300	104	0	0	0	0	0	0	0	0	0	0	0	0	0	15554	0	5126	24322	0	3792	1174	16336	0	0	0	0	0	234	0	0	0	0	0	0	0	0	0	0	0	0	0	0	0	0	0	0	0	0	0	0	0	0	0	0	0	0	0	0	0	0	
308552	Putamen_L	4876	1830	17548	1066	8322	228	3416	410	4894	0	1718	106	306	0	7530	0	1382	0	15462	684	3576	3916	110	0	276	0	2068	354	13660	0	6972	1926	0	234	102	138	8966	330	2242	0	464	0	0	0	0	0	0	390	0	0	0	0	0	0	2326	124	2530	0	0	0	152	0	120	0	0	0	0	0	0	0	16838	5126	0	652	6720	0	1614	108	0	0	944	0	294	0	0	0	0	0	1226	0	0	0	0	0	0	0	0	0	0	0	0	0	0	0	0	0	0	0	0	0	0	0	0	0	0	0	
408404	Putamen_R	228	7674	1756	17456	0	8420	318	4938	0	256	0	8844	0	144	0	2130	0	2910	1702	9866	552	1560	0	5760	0	5956	0	888	0	18692	4944	13230	0	2892	0	100	0	19108	0	12250	0	996	0	0	0	0	0	0	0	0	0	0	0	0	0	10996	0	1488	0	0	0	0	0	296	0	0	0	0	0	0	2360	24322	652	0	0	3996	0	490	0	112	0	288	0	858	0	398	0	208	0	2978	0	0	0	0	0	0	0	838	0	352	0	0	0	0	0	0	0	0	0	0	0	0	0	0	0	0	
39316	Pallidum_L	576	478	2072	314	0	0	570	166	0	0	0	0	0	0	0	0	960	0	1486	110	0	0	0	0	0	0	0	0	908	0	0	0	0	0	0	0	558	0	120	0	0	0	0	0	0	0	0	0	0	0	0	0	0	0	0	0	270	0	0	0	0	0	0	0	0	0	0	0	0	0	2062	0	6720	0	0	0	2118	0	0	0	170	0	0	0	0	0	0	0	0	0	0	0	0	0	0	0	0	0	0	0	0	0	0	0	0	0	0	0	0	0	0	0	0	0	0	0	
42116	Pallidum_R	168	1404	220	2166	0	0	106	2134	0	0	0	252	0	0	0	0	0	168	206	614	0	0	0	0	0	0	0	0	0	114	368	522	0	0	0	0	0	1502	0	1330	0	0	0	0	0	0	0	0	0	0	0	0	0	0	0	832	0	244	0	0	0	0	0	164	0	0	0	0	0	0	560	3792	0	3996	0	0	0	196	0	0	0	0	0	0	0	0	0	0	0	0	0	0	0	0	0	0	0	0	0	0	0	0	0	0	0	0	0	0	0	0	0	0	0	0	0	0	
198796	Thalamus_L	13770	3710	6050	1940	0	0	5496	224	0	0	598	0	0	0	0	0	422	0	2982	220	0	0	0	0	0	0	0	0	1116	0	0	0	0	0	3100	8004	4456	6050	1250	2414	0	0	0	0	0	0	1618	472	0	0	0	0	0	0	560	1308	572	0	0	0	0	0	0	0	0	0	746	994	0	0	11244	1174	1614	0	2118	0	0	13766	696	0	108	0	256	0	0	0	0	0	186	164	0	0	0	0	0	0	0	0	0	0	0	0	0	0	0	0	0	0	0	0	0	0	0	0	0	0	
196860	Thalamus_R	2994	8776	478	7198	0	0	312	13186	0	0	468	308	0	0	0	0	0	294	420	1000	0	0	0	342	0	0	0	0	0	466	0	310	0	0	1442	5746	1376	8900	338	4768	0	0	0	0	0	0	140	1394	0	0	0	0	0	0	140	3166	112	368	0	0	0	0	0	146	0	0	0	770	0	0	1464	16336	108	490	0	196	13766	0	0	138	0	94	0	0	0	120	0	0	0	360	0	0	0	0	0	0	0	0	0	0	0	0	0	0	0	0	0	0	0	0	0	0	0	0	0	0	
46024	Heschl_L	2352	0	618	0	0	0	262	0	0	0	386	0	0	0	0	0	1658	0	108	0	0	0	0	0	0	0	0	0	4352	0	0	0	0	0	520	0	2668	0	0	0	0	0	172	0	0	0	412	0	0	0	104	0	154	0	620	0	2220	0	0	0	0	0	0	0	0	0	690	0	0	0	0	0	0	0	0	0	696	0	0	0	2360	0	96	0	1162	0	0	0	1402	0	0	0	0	0	0	0	0	0	0	0	0	0	0	0	0	0	0	0	0	0	0	0	0	0	0	0	
29784	Heschl_R	0	346	0	226	0	0	0	712	0	0	0	176	0	0	0	0	0	3218	0	210	0	0	0	0	0	0	0	0	0	3074	0	0	0	88	0	0	0	276	0	0	0	0	0	0	0	0	0	0	0	0	0	0	0	0	0	292	0	518	0	0	0	0	0	106	0	0	0	0	0	0	0	0	0	112	0	0	0	138	0	0	0	3000	0	0	0	1668	0	0	0	732	0	0	0	0	0	0	0	0	0	0	0	0	0	0	0	0	0	0	0	0	0	0	0	0	0	0	
203912	Temporal_Sup_L	1398	88	1994	110	332	0	462	0	282	0	1936	0	220	0	334	0	9922	0	1826	180	0	0	0	0	0	0	0	0	9142	0	0	0	0	0	0	0	3070	0	144	0	644	0	132	0	0	0	0	0	626	0	3028	0	186	0	2472	0	5114	0	3274	0	4680	0	4988	0	3532	0	1296	0	248	0	0	0	944	0	170	0	108	0	2360	0	0	0	3078	0	23256	0	142	0	10238	0	0	0	0	0	0	0	0	0	0	0	0	0	0	0	0	0	0	0	0	0	0	0	0	0	0	0	
100804	Temporal_Sup_R	0	298	0	0	0	0	0	176	0	0	0	150	0	0	0	0	0	1370	0	0	0	0	0	0	0	0	0	0	0	4486	0	0	0	0	0	0	0	196	0	0	0	0	0	0	0	100	0	0	0	600	0	680	0	0	0	670	0	550	0	318	0	728	0	5010	0	3536	756	2268	0	568	0	0	0	288	0	0	0	94	0	3000	0	0	0	4022	0	17250	0	0	0	3288	0	0	0	0	0	0	0	0	0	0	0	0	0	0	0	0	0	0	0	0	0	0	0	0	0	0	
65076	Temporal_Pole_Sup_L	172	0	866	0	264	0	152	0	246	0	1762	0	194	0	1662	0	1846	0	852	0	348	0	0	0	0	0	0	0	3254	0	126	0	0	0	0	0	666	0	268	0	350	0	0	0	0	0	0	0	0	0	0	0	0	0	1758	0	0	0	0	0	0	0	0	0	0	0	0	0	0	0	320	0	294	0	0	0	256	0	96	0	3078	0	0	0	5826	0	3398	0	4484	0	0	0	0	0	0	0	0	0	0	0	0	0	0	0	0	0	0	0	0	0	0	0	0	0	0	0	
56336	Temporal_Pole_Sup_R	0	0	0	236	0	0	0	0	0	0	0	292	0	0	0	0	0	520	0	160	0	0	0	110	0	0	0	0	0	430	0	204	0	160	0	0	0	1120	0	3646	0	2134	0	0	0	0	0	0	0	0	0	0	0	0	0	4566	0	0	0	0	0	0	0	0	0	0	0	0	0	0	0	234	0	858	0	0	0	0	0	0	0	4022	0	0	0	4056	0	3140	0	2280	0	0	0	0	0	0	0	0	0	0	0	0	0	0	0	0	0	0	0	0	0	0	0	0	0	0	
385944	Temporal_Mid_L	2850	0	108	0	0	0	0	0	0	0	114	0	0	0	0	0	3782	0	0	0	0	0	0	0	0	0	0	0	2472	0	0	0	190	0	0	0	372	0	0	0	0	0	3664	0	1614	0	214	0	4462	0	27144	0	11634	0	5602	0	4818	0	4290	0	11314	0	12736	0	14168	0	4988	0	400	0	0	0	0	0	0	0	0	0	1162	0	23256	0	5826	0	0	0	3540	0	42252	0	0	0	0	0	0	0	0	0	0	0	0	0	0	0	0	0	0	0	0	0	0	0	0	0	0	0	
295944	Temporal_Mid_R	0	2330	0	0	0	0	0	0	0	0	0	324	0	0	0	0	0	820	0	1450	0	0	0	0	0	0	0	0	0	2676	0	0	0	716	96	1576	0	396	0	102	0	0	0	7762	0	4836	0	230	0	7086	0	19850	0	2508	0	2152	0	1404	0	240	0	2750	0	3724	0	11080	3300	14216	0	1894	0	0	0	398	0	0	0	120	0	1668	0	17250	0	4056	0	0	0	1394	0	29568	0	0	0	0	0	0	0	0	0	0	0	0	0	0	0	0	0	0	0	0	0	0	0	0	0	0	
23608	Temporal_Pole_Mid_L	0	0	0	0	0	0	0	0	0	0	0	0	0	0	0	0	0	0	0	0	0	0	0	0	0	0	0	0	0	0	0	0	0	0	0	0	0	0	214	0	0	0	0	0	0	0	0	0	0	0	0	0	0	0	1046	0	0	0	0	0	0	0	0	0	0	0	0	0	0	0	0	0	0	0	0	0	0	0	0	0	142	0	3398	0	3540	0	0	0	3464	0	0	0	0	0	0	0	0	0	0	0	0	0	0	0	0	0	0	0	0	0	0	0	0	0	0	0	
18636	Temporal_Pole_Mid_R	0	0	0	0	0	0	0	0	0	0	0	0	0	0	0	0	0	0	0	0	0	0	0	0	0	0	0	0	0	0	0	0	0	0	0	0	0	286	0	1470	0	278	0	0	0	0	0	0	0	0	0	0	0	0	0	1620	0	0	0	0	0	0	0	0	0	0	0	0	0	0	0	0	0	208	0	0	0	0	0	0	0	0	0	3140	0	1394	0	0	0	922	0	0	0	0	0	0	0	0	0	0	0	0	0	0	0	0	0	0	0	0	0	0	0	0	0	0	
286536	Temporal_Inf_L	2022	0	470	0	94	0	0	0	104	0	0	0	0	0	108	0	628	0	466	0	0	0	0	0	0	0	0	0	3254	0	0	0	0	0	380	0	8644	0	988	0	1048	0	790	0	266	0	316	0	1924	0	11658	0	8570	0	16566	0	1338	0	2126	0	4562	0	5828	0	2514	0	2320	0	0	0	0	0	1226	0	0	0	186	0	1402	0	10238	0	4484	0	42252	0	3464	0	0	0	2628	0	184	0	0	0	0	0	220	0	0	0	0	0	0	0	0	0	0	0	0	0	0	0	0	0	
236840	Temporal_Inf_R	682	2626	0	114	0	0	0	0	0	0	0	1262	0	0	0	0	0	2094	0	398	0	0	0	0	0	0	0	0	0	3898	0	0	0	272	702	1872	684	6180	0	2070	0	1444	0	4102	0	1766	0	136	0	2322	0	6152	0	5750	0	15860	0	1110	0	0	0	1258	0	624	0	3408	1398	7610	0	418	0	0	0	2978	0	0	164	360	0	732	0	3288	0	2280	0	29568	0	922	0	0	0	1332	0	0	0	0	0	356	0	228	0	0	0	0	0	0	0	0	0	0	0	0	0	0	0	0	
456416	Cerebelum_Crus1_L	0	0	0	0	0	0	0	0	0	0	0	0	0	0	0	0	0	0	0	0	0	0	0	0	0	0	0	0	0	0	0	0	0	0	0	0	0	0	202	0	0	0	0	90	0	0	8240	2636	0	0	0	0	332	292	24318	1224	0	0	0	0	0	0	0	0	0	0	0	0	0	0	0	0	0	0	0	0	0	0	0	0	0	0	0	0	0	0	0	0	2628	0	0	5110	38246	5644	2356	266	22126	1424	56026	6628	9214	1416	10438	1376	1042	138	170	0	140	584	8178	9864	7338	306	114	102	
392548	Cerebelum_Crus1_R	0	0	0	0	0	0	0	0	0	0	0	0	0	0	0	0	0	0	0	0	0	0	0	0	0	0	0	0	0	0	0	0	0	0	0	0	0	146	0	142	0	0	0	0	0	0	1948	2496	0	0	0	0	142	440	1286	12318	0	0	0	0	0	0	0	0	0	0	0	0	0	0	0	0	0	0	0	0	0	0	0	0	0	0	0	0	0	0	0	0	0	1332	5110	0	3902	28748	1044	2574	1730	14612	5876	47468	468	9666	1074	21050	2112	3380	0	490	0	632	5304	7518	9746	2354	1166	0	
435776	Cerebelum_Crus2_L	0	0	0	0	0	0	0	0	0	0	0	0	0	0	0	0	0	0	0	0	0	0	0	0	0	0	0	0	0	0	0	0	0	0	0	0	0	0	0	0	0	0	0	0	0	0	1562	1026	0	0	0	0	0	108	5036	504	0	0	0	0	0	0	0	0	0	0	0	0	0	0	0	0	0	0	0	0	0	0	0	0	0	0	0	0	0	0	0	0	184	0	38246	3902	0	15908	762	104	4754	370	13742	2342	44766	8464	38096	6940	4886	538	936	0	0	208	1432	3182	13238	6016	636	0	
389104	Cerebelum_Crus2_R	0	0	0	0	0	0	0	0	0	0	0	0	0	0	0	0	0	0	0	0	0	0	0	0	0	0	0	0	0	0	0	0	0	0	0	0	0	0	0	0	0	0	0	0	0	0	1782	466	0	0	0	0	0	0	1174	458	0	0	0	0	0	0	0	0	0	0	0	0	0	0	0	0	0	0	0	0	0	0	0	0	0	0	0	0	0	0	0	0	0	0	5644	28748	15908	0	458	296	816	1854	3964	6738	7378	34206	7174	40376	1862	5718	0	798	0	108	716	2826	17040	7316	728	0	
60544	Cerebelum_3_L	0	0	0	0	0	0	0	0	0	0	0	0	0	0	0	0	0	0	0	0	0	0	0	0	0	0	0	0	0	0	0	0	0	0	0	0	0	0	232	0	0	0	0	0	0	0	254	0	0	0	0	0	0	0	230	0	0	0	0	0	0	0	0	0	0	0	0	0	0	0	0	0	0	0	0	0	0	0	0	0	0	0	0	0	0	0	0	0	0	0	2356	1044	762	458	0	152	7212	214	4036	1452	0	0	1284	232	2064	122	0	0	520	2082	2522	1722	844	342	136	0	
78736	Cerebelum_3_R	0	0	0	0	0	0	0	0	0	0	0	0	0	0	0	0	0	0	0	0	0	0	0	0	0	0	0	0	0	0	0	0	0	0	0	0	0	0	0	0	0	0	0	0	0	0	0	566	0	0	0	0	0	0	0	396	0	0	0	0	0	0	0	0	0	0	0	0	0	0	0	0	0	0	0	0	0	0	0	0	0	0	0	0	0	0	0	0	0	0	266	2574	104	296	152	0	2218	7238	478	5884	0	0	0	278	1058	1700	0	0	658	4656	3938	2702	564	1316	1704	622	
304328	Cerebelum_4_5_L	0	0	0	0	0	0	0	0	0	0	0	0	0	0	0	0	0	0	0	0	0	0	0	0	0	0	0	0	0	0	0	0	0	0	0	0	120	0	850	0	0	0	0	0	0	0	8628	1282	0	0	0	0	318	0	11246	528	0	0	0	0	0	0	0	0	0	0	0	0	0	0	0	0	0	0	0	0	0	0	0	0	0	0	0	0	0	0	0	0	0	0	22126	1730	4754	816	7212	2218	0	4688	35560	4864	1474	130	3538	608	2610	1656	88	0	1236	2772	18790	7000	722	1204	1654	1742	
215056	Cerebelum_4_5_R	0	0	0	0	0	0	0	0	0	0	0	0	0	0	0	0	0	0	0	0	0	0	0	0	0	0	0	0	0	244	0	0	0	0	0	0	0	1672	0	2378	0	0	0	0	0	0	352	3694	0	0	0	0	0	144	198	8948	0	0	0	0	0	0	0	0	0	0	0	202	0	0	0	0	0	838	0	0	0	0	0	0	0	0	0	0	0	0	0	0	0	356	1424	14612	370	1854	214	7238	4688	0	2026	29934	118	420	230	1462	776	1208	0	154	146	1880	14094	3048	1034	866	706	0	
474472	Cerebelum_6_L	0	0	0	0	0	0	0	0	0	0	0	0	0	0	0	0	0	0	0	0	0	0	0	0	0	0	0	0	0	0	0	0	0	0	0	0	0	0	654	0	0	0	0	172	0	0	15992	4584	94	0	260	0	1668	316	31154	1528	0	0	0	0	0	0	0	0	0	0	0	0	0	0	0	0	0	0	0	0	0	0	0	0	0	0	0	0	0	0	0	0	220	0	56026	5876	13742	3964	4036	478	35560	2026	0	10874	3574	590	4100	688	2356	432	0	0	278	964	11750	16786	5880	318	166	130	
433192	Cerebelum_6_R	0	0	0	0	0	0	0	0	0	0	0	0	0	0	0	0	0	0	0	0	0	0	0	0	0	0	0	0	0	0	0	0	0	0	0	0	0	598	0	690	0	0	0	422	0	94	3098	9774	0	158	0	130	350	1364	1982	20228	0	0	0	0	0	0	0	0	0	0	0	0	0	0	0	0	0	352	0	0	0	0	0	0	0	0	0	0	0	0	0	0	0	228	6628	47468	2342	6738	1452	5884	4864	29934	10874	0	258	2072	562	6094	3268	3372	0	416	152	1466	13318	17994	7988	2482	1502	0	
286652	Cerebelum_7b_L	0	0	0	0	0	0	0	0	0	0	0	0	0	0	0	0	0	0	0	0	0	0	0	0	0	0	0	0	0	0	0	0	0	0	0	0	0	0	0	0	0	0	0	0	0	0	150	0	0	0	0	0	0	0	1568	0	0	0	0	0	0	0	0	0	0	0	0	0	0	0	0	0	0	0	0	0	0	0	0	0	0	0	0	0	0	0	0	0	0	0	9214	468	44766	7378	0	0	1474	118	3574	258	0	7614	38356	6674	5722	474	1188	0	0	0	496	224	5090	8070	450	0	
247408	Cerebelum_7b_R	0	0	0	0	0	0	0	0	0	0	0	0	0	0	0	0	0	0	0	0	0	0	0	0	0	0	0	0	0	0	0	0	0	0	0	0	0	0	0	0	0	0	0	0	0	0	238	118	0	0	0	0	0	0	218	294	0	0	0	0	0	0	0	0	0	0	0	0	0	0	0	0	0	0	0	0	0	0	0	0	0	0	0	0	0	0	0	0	0	0	1416	9666	8464	34206	0	0	130	420	590	2072	7614	0	6766	33712	394	2934	0	398	0	0	0	294	6860	6900	0	0	
347984	Cerebelum_8_L	0	0	0	0	0	0	0	0	0	0	0	0	0	0	0	0	0	0	0	0	0	0	0	0	0	0	0	0	0	0	0	0	0	0	0	0	0	0	0	0	0	0	0	0	0	0	150	0	0	0	0	0	0	0	874	0	0	0	0	0	0	0	0	0	0	0	0	0	0	0	0	0	0	0	0	0	0	0	0	0	0	0	0	0	0	0	0	0	0	0	10438	1074	38096	7174	1284	0	3538	230	4100	562	38356	6766	0	10858	20334	2174	6460	88	0	128	688	420	6014	11942	2244	0	
355568	Cerebelum_8_R	0	0	0	0	0	0	0	0	0	0	0	0	0	0	0	0	0	0	0	0	0	0	0	0	0	0	0	0	0	0	0	0	0	0	0	0	0	0	0	0	0	0	0	0	0	0	136	150	0	0	0	0	0	0	146	548	0	0	0	0	0	0	0	0	0	0	0	0	0	0	0	0	0	0	0	0	0	0	0	0	0	0	0	0	0	0	0	0	0	0	1376	21050	6940	40376	232	278	608	1462	688	6094	6674	33712	10858	0	2600	20632	278	1786	0	0	218	634	8046	10674	1588	0	
173076	Cerebelum_9_L	0	0	0	0	0	0	0	0	0	0	0	0	0	0	0	0	0	0	0	0	0	0	0	0	0	0	0	0	0	0	0	0	0	0	0	0	0	0	0	0	0	0	0	0	0	0	106	0	0	0	0	0	0	0	0	0	0	0	0	0	0	0	0	0	0	0	0	0	0	0	0	0	0	0	0	0	0	0	0	0	0	0	0	0	0	0	0	0	0	0	1042	2112	4886	1862	2064	1058	2610	776	2356	3268	5722	394	20334	2600	0	4936	6652	0	348	1152	1162	5354	4656	5646	4568	874	
160592	Cerebelum_9_R	0	0	0	0	0	0	0	0	0	0	0	0	0	0	0	0	0	0	0	0	0	0	0	0	0	0	0	0	0	0	0	0	0	0	0	0	0	0	0	0	0	0	0	0	0	0	0	0	0	0	0	0	0	0	0	258	0	0	0	0	0	0	0	0	0	0	0	0	0	0	0	0	0	0	0	0	0	0	0	0	0	0	0	0	0	0	0	0	0	0	138	3380	538	5718	122	1700	1656	1208	432	3372	474	2934	2174	20632	4936	0	216	2376	594	1794	2042	4504	3400	6482	7250	1966	
32928	Cerebelum_10_L	0	0	0	0	0	0	0	0	0	0	0	0	0	0	0	0	0	0	0	0	0	0	0	0	0	0	0	0	0	0	0	0	0	0	0	0	0	0	0	0	0	0	0	0	0	0	0	0	0	0	0	0	0	0	0	0	0	0	0	0	0	0	0	0	0	0	0	0	0	0	0	0	0	0	0	0	0	0	0	0	0	0	0	0	0	0	0	0	0	0	170	0	936	0	0	0	88	0	0	0	1188	0	6460	278	6652	216	0	0	0	0	0	0	0	322	154	0	
13716	Cerebelum_10_R	0	0	0	0	0	0	0	0	0	0	0	0	0	0	0	0	0	0	0	0	0	0	0	0	0	0	0	0	0	0	0	0	0	0	0	0	0	0	0	0	0	0	0	0	0	0	0	0	0	0	0	0	0	0	0	0	0	0	0	0	0	0	0	0	0	0	0	0	0	0	0	0	0	0	0	0	0	0	0	0	0	0	0	0	0	0	0	0	0	0	0	490	0	798	0	0	0	154	0	416	0	398	88	1786	0	2376	0	0	0	0	0	0	188	164	0	0	
27944	Vermis_1_2	0	0	0	0	0	0	0	0	0	0	0	0	0	0	0	0	0	0	0	0	0	0	0	0	0	0	0	0	0	0	0	0	0	0	0	0	0	0	0	0	0	0	0	0	0	0	0	0	0	0	0	0	0	0	0	0	0	0	0	0	0	0	0	0	0	0	0	0	0	0	0	0	0	0	0	0	0	0	0	0	0	0	0	0	0	0	0	0	0	0	140	0	0	0	520	658	1236	146	278	152	0	0	0	0	348	594	0	0	0	5370	2126	782	100	516	650	356	
71500	Vermis_3	0	0	0	0	0	0	0	0	0	0	0	0	0	0	0	0	0	0	0	0	0	0	0	0	0	0	0	0	0	0	0	0	0	0	0	0	144	0	94	0	0	0	0	0	0	0	156	232	0	0	0	0	0	0	0	176	0	0	0	0	0	0	0	0	0	0	0	0	0	0	0	0	0	0	0	0	0	0	0	0	0	0	0	0	0	0	0	0	0	0	584	632	208	108	2082	4656	2772	1880	964	1466	0	0	128	0	1152	1794	0	0	5370	0	4624	2090	538	1392	1730	778	
234040	Vermis_4_5	0	0	0	0	0	0	0	0	0	0	0	0	0	0	0	0	0	0	0	0	0	0	0	0	0	0	0	0	0	0	0	0	0	0	104	480	0	478	0	280	0	0	0	0	0	0	2008	3440	0	0	0	0	166	134	1554	2256	0	0	0	0	0	0	0	0	0	0	0	630	0	0	0	0	0	0	0	0	0	0	0	0	0	0	0	0	0	0	0	0	0	0	8178	5304	1432	716	2522	3938	18790	14094	11750	13318	496	0	688	218	1162	2042	0	0	2126	4624	0	8590	268	1036	2046	2152	
275264	Vermis_6	0	0	0	0	0	0	0	0	0	0	0	0	0	0	0	0	0	0	0	0	0	0	0	0	0	0	0	0	0	0	0	0	0	0	0	0	0	0	0	0	0	0	0	400	0	0	5638	7430	0	92	170	0	854	800	3936	3436	0	0	0	0	0	0	0	0	0	0	0	0	0	0	0	0	0	0	0	0	0	0	0	0	0	0	0	0	0	0	0	0	0	0	9864	7518	3182	2826	1722	2702	7000	3048	16786	17994	224	294	420	634	5354	4504	0	0	782	2090	8590	0	8632	3622	4396	2692	
