data	data	450404	403640	1.03084e+06	924812	169000	79320	479736	344220	74484	54252	205264	87996	244640	120416	144664	164572	195540	82380	773532	798840	66136	85872	487560	483500	53872	157448	54900	79932	577412	219764	430444	584416	227308	624704	232344	225940	296332	433540	106616	285876	28380	57592	366464	539348	214424	502072	356788	643560	293180	522064	445308	342328	156468	247948	442700	728844	277012	246572	147060	119864	182624	168572	121596	159200	98336	185832	428148	593240	235960	301692	298372	472528	377940	384200	72864	26928	198604	220992	96396	29252	187748	94800	88276	56424	318640	193308	39824	15252	286900	203192	581716	451992	417736	400792	39256	54764	428496	345064	536424	506696	263136	89668	390800	334480	118676	127928	25836	11176	15764	40992	392876	266648	271884	171724	128580	58888	
data	data	Precentral_L	Precentral_R	Frontal_Sup_L	Frontal_Sup_R	Frontal_Sup_Orb_L	Frontal_Sup_Orb_R	Frontal_Mid_L	Frontal_Mid_R	Frontal_Mid_Orb_L	Frontal_Mid_Orb_R	Frontal_Inf_Oper_L	Frontal_Inf_Oper_R	Frontal_Inf_Tri_L	Frontal_Inf_Tri_R	Frontal_Inf_Orb_L	Frontal_Inf_Orb_R	Rolandic_Oper_L	Rolandic_Oper_R	Supp_Motor_Area_L	Supp_Motor_Area_R	Olfactory_L	Olfactory_R	Frontal_Sup_Medial_L	Frontal_Sup_Medial_R	Frontal_Med_Orb_L	Frontal_Med_Orb_R	Rectus_L	Rectus_R	Insula_L	Insula_R	Cingulum_Ant_L	Cingulum_Ant_R	Cingulum_Mid_L	Cingulum_Mid_R	Cingulum_Post_L	Cingulum_Post_R	Hippocampus_L	Hippocampus_R	ParaHippocampal_L	ParaHippocampal_R	Amygdala_L	Amygdala_R	Calcarine_L	Calcarine_R	Cuneus_L	Cuneus_R	Lingual_L	Lingual_R	Occipital_Sup_L	Occipital_Sup_R	Occipital_Mid_L	Occipital_Mid_R	Occipital_Inf_L	Occipital_Inf_R	Fusiform_L	Fusiform_R	Postcentral_L	Postcentral_R	Parietal_Sup_L	Parietal_Sup_R	Parietal_Inf_L	Parietal_Inf_R	SupraMarginal_L	SupraMarginal_R	Angular_L	Angular_R	Precuneus_L	Precuneus_R	Paracentral_Lobule_L	Paracentral_Lobule_R	Caudate_L	Caudate_R	Putamen_L	Putamen_R	Pallidum_L	Pallidum_R	Thalamus_L	Thalamus_R	Heschl_L	Heschl_R	Temporal_Sup_L	Temporal_Sup_R	Temporal_Pole_Sup_L	Temporal_Pole_Sup_R	Temporal_Mid_L	Temporal_Mid_R	Temporal_Pole_Mid_L	Temporal_Pole_Mid_R	Temporal_Inf_L	Temporal_Inf_R	Cerebelum_Crus1_L	Cerebelum_Crus1_R	Cerebelum_Crus2_L	Cerebelum_Crus2_R	Cerebelum_3_L	Cerebelum_3_R	Cerebelum_4_5_L	Cerebelum_4_5_R	Cerebelum_6_L	Cerebelum_6_R	Cerebelum_7b_L	Cerebelum_7b_R	Cerebelum_8_L	Cerebelum_8_R	Cerebelum_9_L	Cerebelum_9_R	Cerebelum_10_L	Cerebelum_10_R	Vermis_1_2	Vermis_3	Vermis_4_5	Vermis_6	Vermis_7	Vermis_8	Vermis_9	Vermis_10	
450404	Precentral_L	0	960	22662	2038	0	0	20214	0	0	0	18804	0	1758	0	0	0	13336	0	11144	5914	0	0	468	210	0	0	0	0	14288	0	374	144	290	380	2904	2328	7324	1020	388	204	0	0	610	0	360	0	210	0	474	0	4748	0	1852	0	1894	232	36650	0	346	0	3628	0	1806	0	0	0	950	0	11780	0	1884	436	3472	0	1034	0	11386	2738	4724	0	2504	0	0	0	2618	0	0	0	1714	0	0	0	0	0	0	0	0	0	0	0	0	0	0	0	0	0	0	0	0	0	0	0	0	0	0	0	
403640	Precentral_R	960	0	814	18054	0	0	758	13464	0	0	0	4086	0	222	0	0	92	4068	2056	16766	0	0	0	0	0	0	0	0	570	4658	0	0	112	10180	4418	4682	2868	7990	710	1886	0	0	0	3658	0	4708	0	2540	0	4078	0	710	0	418	142	3946	0	18254	0	870	0	496	0	694	0	0	486	9852	5890	15404	694	4068	0	7018	0	2524	1038	10558	524	952	0	852	0	0	0	216	0	0	124	1194	0	116	0	0	0	0	0	0	0	174	0	0	0	0	0	0	0	0	0	0	110	98	0	0	0	0	
1.03084e+06	Frontal_Sup_L	22662	814	0	18732	10728	0	59862	2862	2534	0	9556	0	19346	104	6198	0	5018	0	88592	25758	0	0	46806	11376	1524	1570	138	396	40406	98	23512	11138	3348	11408	1062	892	4504	338	340	0	0	0	0	0	0	0	106	0	0	0	0	0	0	0	462	0	2134	0	0	0	0	0	0	0	0	0	218	0	6200	0	18406	1632	28990	544	7698	0	12766	858	892	0	1400	0	822	0	240	0	0	0	432	0	0	0	0	0	0	0	0	0	0	0	0	0	0	0	0	0	0	0	0	0	0	0	0	0	0	0	
924812	Frontal_Sup_R	2038	18054	18732	0	228	2688	3840	47336	0	1128	262	4212	838	9278	0	5878	160	3006	24444	59384	0	0	19418	48220	0	7222	0	1242	1620	4352	9400	34278	2186	25320	3002	3832	3116	8316	848	1232	0	0	0	296	0	288	0	0	0	198	0	0	0	0	126	1724	496	492	0	0	0	0	0	0	0	0	470	408	676	148	3592	36698	860	20848	132	1166	1638	14536	696	472	0	412	0	152	0	0	0	0	128	644	0	0	0	0	0	0	0	0	0	0	0	0	0	0	0	0	0	0	0	0	0	0	0	0	0	0	
169000	Frontal_Sup_Orb_L	0	0	10728	228	0	0	866	0	11032	0	0	0	318	0	8914	0	0	0	1262	0	1542	322	7926	1006	5202	496	7070	98	6584	0	6084	1564	0	0	0	0	0	0	0	0	140	0	0	0	0	0	0	0	0	0	0	0	0	0	0	0	0	0	0	0	0	0	0	0	0	0	0	0	0	0	966	104	11802	0	0	0	0	0	0	0	0	0	246	0	0	0	0	0	0	0	0	0	0	0	0	0	0	0	0	0	0	0	0	0	0	0	0	0	0	0	0	0	0	0	0	0	
79320	Frontal_Sup_Orb_R	0	0	0	2688	0	0	0	1666	0	6480	0	0	0	224	0	4410	0	0	0	0	208	1282	244	3244	130	5954	0	5630	0	430	316	1854	0	0	0	0	0	0	0	0	0	0	0	0	0	0	0	0	0	0	0	0	0	0	0	0	0	0	0	0	0	0	0	0	0	0	0	0	0	0	296	2710	0	1894	0	0	0	0	0	0	0	0	0	0	0	0	0	0	0	0	0	0	0	0	0	0	0	0	0	0	0	0	0	0	0	0	0	0	0	0	0	0	0	0	0	0	
479736	Frontal_Mid_L	20214	758	59862	3840	866	0	0	1184	2250	0	18202	0	30494	0	4776	0	7922	0	11792	2082	0	0	12196	2754	0	0	0	0	29078	132	5732	2466	198	3368	1046	922	1774	416	166	110	0	0	0	0	0	0	0	0	0	0	0	0	0	0	118	132	1428	0	0	0	0	0	0	0	0	0	0	0	94	0	3868	184	2884	256	326	0	1394	792	1260	0	1648	0	606	0	132	0	0	0	146	0	0	0	0	0	0	0	0	0	0	0	0	0	0	0	0	0	0	0	0	0	0	0	0	0	0	0	
344220	Frontal_Mid_R	0	13464	2862	47336	0	1666	1184	0	0	2664	0	5734	0	14510	0	9712	0	4412	2770	6002	0	0	2044	6450	0	0	0	0	254	4636	894	3166	152	2634	108	244	100	3310	0	978	0	0	0	240	0	424	0	0	0	374	0	0	0	0	0	1552	0	764	0	0	0	0	0	0	0	0	0	478	0	176	1990	10632	202	12618	0	2180	0	1374	0	694	0	528	0	0	0	0	0	0	0	598	0	0	0	0	0	0	0	0	0	0	0	0	0	0	0	0	0	0	0	0	0	0	0	0	0	0	
74484	Frontal_Mid_Orb_L	0	0	2534	0	11032	0	2250	0	0	0	0	0	2212	0	11564	0	0	0	0	0	138	0	134	0	166	0	1956	0	1822	0	0	0	0	0	0	0	0	0	0	0	0	0	0	0	0	0	0	0	0	0	0	0	0	0	0	0	0	0	0	0	0	0	0	0	0	0	0	0	0	0	0	0	3222	0	0	0	0	0	0	0	0	0	212	0	0	0	0	0	0	0	0	0	0	0	0	0	0	0	0	0	0	0	0	0	0	0	0	0	0	0	0	0	0	0	0	0	
54252	Frontal_Mid_Orb_R	0	0	0	1128	0	6480	0	2664	0	0	0	0	0	466	0	8432	0	0	468	892	0	0	0	180	0	732	0	844	0	220	0	134	0	456	0	0	0	0	0	0	0	0	0	0	0	0	0	0	0	0	0	0	0	0	0	0	0	0	0	0	0	0	0	0	0	0	0	0	0	0	0	1954	0	2076	0	0	0	0	0	0	0	0	0	0	0	0	0	0	0	0	0	0	0	0	0	0	0	0	0	0	0	0	0	0	0	0	0	0	0	0	0	0	0	0	0	0	
205264	Frontal_Inf_Oper_L	18804	0	9556	262	0	0	18202	0	0	0	0	0	10750	0	302	0	11322	0	5078	170	0	0	636	282	0	0	0	0	13538	0	508	170	0	200	0	0	354	0	0	0	0	0	0	0	0	0	0	0	0	0	0	0	0	0	0	0	4512	0	0	0	0	0	0	0	0	0	0	0	0	0	0	0	1446	0	174	0	232	0	1440	0	2330	0	2170	0	98	0	0	0	96	0	0	0	0	0	0	0	0	0	0	0	0	0	0	0	0	0	0	0	0	0	0	0	0	0	0	0	
87996	Frontal_Inf_Oper_R	0	4086	0	4212	0	0	0	5734	0	0	0	0	0	4374	0	260	0	4038	330	1542	0	0	102	112	0	0	0	0	0	6818	120	322	0	344	0	0	0	984	0	146	0	0	0	0	0	0	0	0	0	0	0	0	0	0	0	0	0	2670	0	0	0	0	0	0	0	0	0	0	0	0	126	1102	0	5360	0	96	0	0	0	252	0	220	0	648	0	0	0	0	0	0	0	0	0	0	0	0	0	0	0	0	0	0	0	0	0	0	0	0	0	0	0	0	0	0	0	0	
244640	Frontal_Inf_Tri_L	1758	0	19346	838	318	0	30494	0	2212	0	10750	0	0	0	13610	0	884	0	3988	426	0	0	3886	880	0	0	0	0	27352	0	990	310	662	672	0	0	0	0	0	0	0	0	0	0	0	0	0	0	0	0	0	0	0	0	0	0	354	0	0	0	0	0	0	0	0	0	0	0	0	0	0	0	1366	0	0	0	0	0	116	0	220	0	888	0	0	0	0	0	0	0	0	0	0	0	0	0	0	0	0	0	0	0	0	0	0	0	0	0	0	0	0	0	0	0	0	0	
120416	Frontal_Inf_Tri_R	0	222	104	9278	0	224	0	14510	0	466	0	4374	0	0	0	8742	0	178	446	3150	0	0	454	1820	0	0	0	0	0	8136	110	1228	174	3636	0	0	0	220	0	0	0	0	0	0	0	0	0	0	0	0	0	0	0	0	0	0	0	0	0	0	0	0	0	0	0	0	0	0	0	0	0	1456	0	1280	0	0	0	0	0	0	0	0	0	0	0	0	0	0	0	0	0	0	0	0	0	0	0	0	0	0	0	0	0	0	0	0	0	0	0	0	0	0	0	0	0	0	
144664	Frontal_Inf_Orb_L	0	0	6198	0	8914	0	4776	0	11564	0	302	0	13610	0	0	0	0	0	776	0	2144	94	532	0	92	0	1066	0	13452	0	138	0	0	0	0	0	666	0	0	0	660	0	0	0	0	0	0	0	0	0	0	0	0	0	0	0	0	0	0	0	0	0	0	0	0	0	0	0	0	0	602	0	5388	0	0	0	0	0	0	0	146	0	1212	0	0	0	0	0	0	0	0	0	0	0	0	0	0	0	0	0	0	0	0	0	0	0	0	0	0	0	0	0	0	0	0	0	
164572	Frontal_Inf_Orb_R	0	0	0	5878	0	4410	0	9712	0	8432	0	260	0	8742	0	0	0	296	2188	4320	288	2410	0	394	0	0	0	1126	0	9126	0	132	0	2622	0	0	0	372	0	110	0	350	0	0	0	0	0	0	0	0	0	0	0	0	0	0	0	0	0	0	0	0	0	0	0	0	0	0	0	0	380	7544	0	8774	0	0	0	0	0	0	0	1940	0	2480	0	0	0	0	0	0	0	0	0	0	0	0	0	0	0	0	0	0	0	0	0	0	0	0	0	0	0	0	0	0	0	0	
195540	Rolandic_Oper_L	13336	92	5018	160	0	0	7922	0	0	0	11322	0	884	0	0	0	0	0	4180	142	0	0	0	0	0	0	0	0	17578	0	0	0	784	0	266	230	852	114	0	0	0	0	160	0	0	0	0	0	0	0	2360	0	220	0	864	0	9488	0	0	0	0	0	1922	0	0	0	2456	0	148	0	0	0	2078	0	474	0	544	198	4064	0	6920	0	1100	0	562	0	0	0	1332	0	0	0	0	0	0	0	0	0	0	0	0	0	0	0	0	0	0	0	0	0	0	0	0	0	0	0	
82380	Rolandic_Oper_R	0	4068	0	3006	0	0	0	4412	0	0	0	4038	0	178	0	296	0	0	0	1016	0	0	0	0	0	0	0	0	0	9272	0	124	0	0	0	0	0	1054	0	152	0	0	0	0	0	0	0	0	0	0	0	0	0	0	0	204	0	3114	0	0	0	0	0	2324	0	0	0	0	0	0	0	0	0	3032	0	0	0	0	0	1918	0	1768	0	916	0	298	0	0	0	0	0	0	0	0	0	0	0	0	0	0	0	0	0	0	0	0	0	0	0	0	0	0	0	0	0	0	
773532	Supp_Motor_Area_L	11144	2056	88592	24444	1262	0	11792	2770	0	468	5078	330	3988	446	776	2188	4180	0	0	47564	0	0	6980	4984	0	540	0	138	19496	576	13446	10428	10536	19312	1622	786	2152	128	266	0	0	0	0	0	0	0	202	136	0	0	0	0	0	0	302	0	1942	114	0	0	0	0	0	0	0	0	516	396	18476	1048	16910	7532	16840	4396	6028	0	8952	1666	652	0	1126	0	620	0	160	0	0	0	284	0	0	0	0	0	0	0	0	0	0	0	0	0	0	0	0	0	0	0	0	0	0	0	0	0	0	0	
798840	Supp_Motor_Area_R	5914	16766	25758	59384	0	0	2082	6002	0	892	170	1542	426	3150	0	4320	142	1016	47564	0	0	0	3464	10178	0	626	0	0	900	2628	5594	15928	9342	51040	4904	5862	322	2320	0	1456	0	0	176	2402	0	1012	0	3128	0	832	0	224	0	528	0	3364	2580	1918	0	144	0	0	0	0	0	0	436	4238	14434	19934	3846	27290	596	8334	568	340	1488	8728	332	0	0	298	0	114	0	236	0	0	0	1178	96	0	0	0	0	0	0	0	170	150	0	0	0	0	0	0	0	0	0	0	394	220	0	0	0	0	
66136	Olfactory_L	0	0	0	0	1542	208	0	0	138	0	0	0	0	0	2144	288	0	0	0	0	0	4598	0	0	686	362	2394	1384	2410	204	2124	1362	0	0	0	0	520	0	276	0	738	0	0	0	0	0	0	0	0	0	0	0	0	0	0	0	0	0	0	0	0	0	0	0	0	0	0	0	0	0	6654	1714	2624	282	0	0	0	0	0	0	104	0	312	0	0	0	0	0	0	0	0	0	0	0	0	0	0	0	0	0	0	0	0	0	0	0	0	0	0	0	0	0	0	0	0	0	
85872	Olfactory_R	0	0	0	0	322	1282	0	0	0	0	0	0	0	0	94	2410	0	0	0	0	4598	0	0	0	402	1036	1210	3436	0	2450	1902	2454	0	0	0	0	0	194	0	306	0	692	0	0	0	0	0	0	0	0	0	0	0	0	0	0	0	0	0	0	0	0	0	0	0	0	0	0	0	0	7344	6088	3894	1908	536	0	0	0	0	0	0	0	0	378	0	0	0	0	0	0	0	0	0	0	0	0	0	0	0	0	0	0	0	0	0	0	0	0	0	0	0	0	0	0	0	0	
487560	Frontal_Sup_Medial_L	468	0	46806	19418	7926	244	12196	2044	134	0	636	102	3886	454	532	0	0	0	6980	3464	0	0	0	32662	2790	4300	218	788	8472	546	21468	26932	4940	23452	0	0	0	0	0	0	0	0	0	0	0	0	0	0	0	0	0	0	0	0	0	0	0	0	0	0	0	0	0	0	0	0	0	0	0	0	1046	1122	8744	1010	0	0	0	0	0	0	0	0	0	0	0	0	0	0	0	0	0	0	0	0	0	0	0	0	0	0	0	0	0	0	0	0	0	0	0	0	0	0	0	0	0	0	
483500	Frontal_Sup_Medial_R	210	0	11376	48220	1006	3244	2754	6450	0	180	282	112	880	1820	0	394	0	0	4984	10178	0	0	32662	0	1828	13860	526	3848	1432	352	12804	38656	2550	21200	0	0	0	138	0	0	0	0	0	0	0	0	0	0	0	0	0	0	0	0	0	0	0	0	0	0	0	0	0	0	0	0	0	0	0	0	528	11648	1166	6338	0	0	0	124	0	0	0	0	0	0	0	0	0	0	0	0	0	0	0	0	0	0	0	0	0	0	0	0	0	0	0	0	0	0	0	0	0	0	0	0	0	0	
53872	Frontal_Med_Orb_L	0	0	1524	0	5202	130	0	0	166	0	0	0	0	0	92	0	0	0	0	0	686	402	2790	1828	0	2594	2186	232	316	0	4732	1762	0	0	0	0	0	0	0	0	0	0	0	0	0	0	0	0	0	0	0	0	0	0	0	0	0	0	0	0	0	0	0	0	0	0	0	0	0	0	556	218	1520	0	0	0	0	0	0	0	0	0	0	0	0	0	0	0	0	0	0	0	0	0	0	0	0	0	0	0	0	0	0	0	0	0	0	0	0	0	0	0	0	0	0	0	
157448	Frontal_Med_Orb_R	0	0	1570	7222	496	5954	0	0	0	732	0	0	0	0	0	0	0	0	540	626	362	1036	4300	13860	2594	0	472	8046	256	0	7680	13602	0	0	0	0	0	0	0	0	0	0	0	0	0	0	0	0	0	0	0	0	0	0	0	0	0	0	0	0	0	0	0	0	0	0	0	0	0	0	306	5572	538	2960	0	0	0	0	0	0	0	0	0	0	0	0	0	0	0	0	0	0	0	0	0	0	0	0	0	0	0	0	0	0	0	0	0	0	0	0	0	0	0	0	0	0	
54900	Rectus_L	0	0	138	0	7070	0	0	0	1956	0	0	0	0	0	1066	0	0	0	0	0	2394	1210	218	526	2186	472	0	436	364	0	4238	1636	0	0	0	0	0	0	0	0	0	0	0	0	0	0	0	0	0	0	0	0	0	0	0	0	0	0	0	0	0	0	0	0	0	0	0	0	0	0	1922	128	1490	0	0	0	0	0	0	0	0	0	0	0	0	0	0	0	0	0	0	0	0	0	0	0	0	0	0	0	0	0	0	0	0	0	0	0	0	0	0	0	0	0	0	0	
79932	Rectus_R	0	0	396	1242	98	5630	0	0	0	844	0	0	0	0	0	1126	0	0	138	0	1384	3436	788	3848	232	8046	436	0	118	568	1572	5278	0	0	0	0	0	0	0	0	0	108	0	0	0	0	0	0	0	0	0	0	0	0	0	0	0	0	0	0	0	0	0	0	0	0	0	0	0	0	1570	1528	692	888	0	0	0	0	0	0	0	0	0	0	0	0	0	0	0	0	0	0	0	0	0	0	0	0	0	0	0	0	0	0	0	0	0	0	0	0	0	0	0	0	0	0	
577412	Insula_L	14288	570	40406	1620	6584	0	29078	254	1822	0	13538	0	27352	0	13452	0	17578	0	19496	900	2410	0	8472	1432	316	256	364	118	0	0	5682	788	1120	922	972	674	10258	328	530	0	1468	0	610	0	0	0	164	0	0	0	916	0	684	0	5212	0	4752	0	0	0	136	0	136	0	0	0	1562	0	306	0	1166	216	16580	178	578	0	2956	716	7740	0	9198	0	3752	0	2082	0	0	0	5846	0	0	0	0	0	0	0	0	0	0	0	0	0	0	0	0	0	0	0	0	0	172	0	0	0	0	0	
219764	Insula_R	0	4658	98	4352	0	430	132	4636	0	220	0	6818	0	8136	0	9126	0	9272	576	2628	204	2450	546	352	0	0	0	568	0	0	218	1082	390	1468	140	246	134	6458	0	1544	0	1286	0	186	0	184	0	0	0	180	0	0	0	0	0	3062	0	3116	0	0	0	0	0	356	0	0	0	216	0	0	298	1526	0	19922	0	0	0	804	0	2026	0	4796	0	1508	0	1366	0	0	0	2168	0	0	0	0	0	0	0	0	0	0	0	0	0	0	0	0	0	0	0	0	0	0	0	0	0	0	
430444	Cingulum_Ant_L	374	0	23512	9400	6084	316	5732	894	0	0	508	120	990	110	138	0	0	0	13446	5594	2124	1902	21468	12804	4732	7680	4238	1572	5682	218	0	35214	3598	9858	0	0	0	196	0	0	0	0	0	0	0	0	0	0	0	0	0	0	0	0	0	0	92	0	0	0	0	0	0	0	0	0	0	0	0	0	11292	8386	12848	3998	0	0	102	0	0	0	0	0	0	0	0	0	0	0	0	0	0	0	0	0	0	0	0	0	0	0	0	0	0	0	0	0	0	0	0	0	0	0	0	0	0	0	
584416	Cingulum_Ant_R	144	0	11138	34278	1564	1854	2466	3166	0	134	170	322	310	1228	0	132	0	124	10428	15928	1362	2454	26932	38656	1762	13602	1636	5278	788	1082	35214	0	6292	31290	0	0	0	528	0	110	0	0	0	0	0	0	0	0	0	0	0	0	0	0	0	0	0	0	0	0	0	0	0	0	0	0	0	0	0	0	5352	19786	5096	11476	0	0	0	126	0	0	0	0	0	0	0	0	0	0	0	0	0	0	0	0	0	0	0	0	0	0	0	0	0	0	0	0	0	0	0	0	0	0	0	0	0	0	
227308	Cingulum_Mid_L	290	112	3348	2186	0	0	198	152	0	0	0	0	662	174	0	0	784	0	10536	9342	0	0	4940	2550	0	0	0	0	1120	390	3598	6292	0	16474	5446	500	0	0	0	0	0	0	490	134	174	476	0	154	132	408	6090	168	336	0	398	0	1324	0	722	0	2448	0	1422	0	1102	0	13850	1706	3774	1420	410	290	0	436	492	0	0	92	0	0	572	0	0	0	3856	0	0	0	1358	0	0	0	0	0	0	0	0	0	0	0	0	0	0	0	0	0	0	0	0	0	326	0	0	0	0	0	
624704	Cingulum_Mid_R	380	10180	11408	25320	0	0	3368	2634	0	456	200	344	672	3636	0	2622	0	0	19312	51040	0	0	23452	21200	0	0	0	0	922	1468	9858	31290	16474	0	3608	9386	0	1108	0	732	0	0	192	1900	0	1470	0	2446	0	1044	0	322	0	274	0	1544	0	1894	0	0	0	0	0	0	0	0	2940	11312	10898	18016	524	4042	426	1230	0	0	0	0	0	0	0	0	0	0	0	0	0	0	0	488	0	0	0	0	0	0	0	0	0	0	0	0	0	0	0	0	0	0	0	0	320	0	0	0	0	0	
232344	Cingulum_Post_L	2904	4418	1062	3002	0	0	1046	108	0	0	0	0	0	0	0	0	266	0	1622	4904	0	0	0	0	0	0	0	0	972	140	0	0	5446	3608	0	13140	9364	4476	3342	450	0	0	8344	0	922	278	2808	104	540	0	1638	0	374	0	1124	462	1248	0	428	0	0	0	0	0	0	0	13056	1456	5150	2530	0	0	0	0	0	0	2160	6100	1058	152	0	0	0	0	256	0	0	0	510	150	0	0	0	0	0	0	532	0	0	0	0	0	0	0	0	0	0	0	0	0	4522	0	0	0	0	0	
225940	Cingulum_Post_R	2328	4682	892	3832	0	0	922	244	0	0	0	0	0	0	0	0	230	0	786	5862	0	0	0	0	0	0	0	0	674	246	0	0	500	9386	13140	0	6534	9776	1776	2044	0	0	390	2502	0	574	0	5544	0	156	0	0	0	0	218	3194	0	1606	0	0	0	0	0	0	0	0	2824	11732	1910	5346	0	0	0	0	0	0	1852	6502	952	288	0	0	0	0	0	0	0	0	234	656	0	104	0	0	0	0	0	0	0	114	0	0	0	0	0	0	0	0	0	0	2418	0	0	0	0	0	
296332	Hippocampus_L	7324	2868	4504	3116	0	0	1774	100	0	0	354	0	0	0	666	0	852	0	2152	322	520	0	0	0	0	0	0	0	10258	134	0	0	0	0	9364	6534	0	4420	11500	462	5440	0	2148	0	0	0	4172	168	0	0	0	0	130	0	13068	386	928	0	0	0	0	0	0	0	0	0	3816	368	2002	0	210	0	4158	0	188	0	8772	7532	3260	144	3356	0	1328	0	3534	0	260	0	13414	134	134	0	0	0	0	0	1104	0	504	0	0	0	0	0	94	0	0	0	0	0	190	0	0	0	0	0	
433540	Hippocampus_R	1020	7990	338	8316	0	0	416	3310	0	0	0	984	0	220	0	372	114	1054	128	2320	0	194	0	138	0	0	0	0	328	6458	196	528	0	1108	4476	9776	4420	0	1714	37474	0	10100	0	6690	0	1350	102	7924	0	766	0	0	0	472	182	40168	0	742	0	0	0	0	0	0	0	0	904	10336	156	1666	108	376	0	12156	0	102	694	8016	522	1244	0	2132	0	854	0	718	0	0	164	10052	0	542	0	0	0	110	0	1004	0	738	0	0	0	220	0	160	0	0	0	0	1608	0	0	162	138	0	
106616	ParaHippocampal_L	388	710	340	848	0	0	166	0	0	0	0	0	0	0	0	0	0	0	266	0	276	0	0	0	0	0	0	0	530	0	0	0	0	0	3342	1776	11500	1714	0	252	1998	0	1308	0	0	0	5534	264	0	0	0	0	0	0	5658	0	0	0	0	0	0	0	0	0	0	0	2284	164	266	0	0	0	604	0	0	0	1056	1892	150	0	0	0	412	0	0	0	370	0	1812	0	480	0	138	0	576	0	3710	0	1162	0	0	0	292	0	320	0	170	0	0	194	168	0	0	0	218	0	
285876	ParaHippocampal_R	204	1886	0	1232	0	0	110	978	0	0	0	146	0	0	0	110	0	152	0	1456	0	306	0	0	0	0	0	0	0	1544	0	110	0	732	450	2044	462	37474	252	0	0	8008	0	4176	0	624	152	9818	0	354	0	0	0	332	0	33936	0	310	0	0	0	0	0	0	0	0	0	5678	108	1296	0	0	0	3252	0	0	240	1828	0	342	0	642	0	2262	0	358	0	846	0	6860	0	518	0	286	152	2118	298	3310	0	936	0	0	212	1038	0	730	0	0	0	624	328	0	0	772	546	0	
28380	Amygdala_L	0	0	0	0	140	0	0	0	0	0	0	0	0	0	660	0	0	0	0	0	738	0	0	0	0	0	0	0	1468	0	0	0	0	0	0	0	5440	0	1998	0	0	0	0	0	0	0	0	0	0	0	0	0	0	0	2048	0	0	0	0	0	0	0	0	0	0	0	0	0	0	0	236	0	546	0	0	0	0	0	0	0	146	0	414	0	0	0	144	0	212	0	0	0	0	0	0	0	0	0	0	0	0	0	0	0	0	0	0	0	0	0	0	0	0	0	0	0	
57592	Amygdala_R	0	0	0	0	0	0	0	0	0	0	0	0	0	0	0	350	0	0	0	0	0	692	0	0	0	0	0	108	0	1286	0	0	0	0	0	0	0	10100	0	8008	0	0	0	0	0	0	0	0	0	0	0	0	0	0	0	4628	0	0	0	0	0	0	0	0	0	0	0	0	0	0	0	0	0	1500	0	0	0	0	0	0	0	0	0	1804	0	0	0	0	0	320	0	0	0	0	0	0	0	0	0	0	0	0	0	0	0	0	0	0	0	0	0	0	0	0	0	0	
366464	Calcarine_L	610	0	0	0	0	0	0	0	0	0	0	0	0	0	0	0	160	0	0	176	0	0	0	0	0	0	0	0	610	0	0	0	490	192	8344	390	2148	0	1308	0	0	0	0	8388	19166	7400	17660	4028	23040	2090	22556	536	8146	478	12302	980	2240	0	2904	0	724	0	0	0	0	0	21186	1716	1436	202	0	0	0	0	0	0	0	0	94	0	0	0	0	0	1398	0	0	0	1314	0	402	224	120	112	0	0	634	278	798	470	0	0	0	0	0	0	0	0	0	0	5310	472	0	0	0	0	
539348	Calcarine_R	0	3658	0	296	0	0	0	240	0	0	0	0	0	0	0	0	0	0	0	2402	0	0	0	0	0	0	0	0	0	186	0	0	134	1900	0	2502	0	6690	0	4176	0	0	8388	0	5418	32316	1720	42646	870	32186	544	17426	0	17280	210	29734	0	4016	0	1212	0	392	0	486	0	1136	2832	30678	0	5178	0	0	0	0	0	0	0	0	0	0	0	92	0	0	0	5356	0	0	0	3940	404	0	92	0	0	0	0	0	716	330	0	0	0	0	0	0	0	0	0	0	998	894	0	0	0	0	
214424	Cuneus_L	360	0	0	0	0	0	0	0	0	0	0	0	0	0	0	0	0	0	0	0	0	0	0	0	0	0	0	0	0	0	0	0	174	0	922	0	0	0	0	0	0	0	19166	5418	0	12102	2566	506	22236	4326	12068	670	1298	682	1666	846	854	0	4726	0	588	0	0	0	142	0	10788	2604	300	0	0	0	0	0	0	0	0	0	0	0	0	0	0	0	1550	122	0	0	164	0	98	0	0	0	0	0	0	0	162	0	0	0	0	0	0	0	0	0	0	0	108	0	0	0	0	0	
502072	Cuneus_R	0	4708	0	288	0	0	0	424	0	0	0	0	0	0	0	0	0	0	0	1012	0	0	0	0	0	0	0	0	0	184	0	0	476	1470	278	574	0	1350	0	624	0	0	7400	32316	12102	0	328	10856	3974	51268	2294	18454	116	9324	0	11248	0	9972	488	6254	156	848	0	608	0	542	5852	39616	0	11466	0	0	0	0	0	0	0	0	0	104	0	520	0	0	0	2370	0	0	0	1172	0	0	0	0	0	0	0	0	0	0	0	0	0	0	0	0	0	0	0	0	0	0	0	0	0	0	
356788	Lingual_L	210	0	106	0	0	0	0	0	0	0	0	0	0	0	0	0	0	0	202	0	0	0	0	0	0	0	0	0	164	0	0	0	0	0	2808	0	4172	102	5534	152	0	0	17660	1720	2566	328	0	6324	7984	214	9750	0	5284	200	19264	1238	314	0	450	0	184	0	0	0	0	0	8630	0	380	0	0	0	0	0	0	0	860	156	0	0	0	0	0	0	176	0	0	0	1460	0	14512	1968	3830	1028	380	0	15344	3568	20058	3852	578	0	802	180	0	0	0	0	0	198	7964	4328	1212	0	0	0	
643560	Lingual_R	0	2540	0	0	0	0	0	0	0	0	0	0	0	0	0	0	0	0	136	3128	0	0	0	0	0	0	0	0	0	0	0	0	154	2446	104	5544	168	7924	264	9818	0	0	4028	42646	506	10856	6324	0	262	14038	0	12020	0	20440	2290	46020	0	2884	0	468	0	222	0	256	0	716	1194	22920	0	4754	0	0	0	0	0	0	0	916	0	0	0	0	0	0	0	2054	0	0	0	4170	6490	7020	2250	914	304	2468	4880	8736	10642	15040	134	0	540	750	0	228	0	0	0	630	11262	13304	3532	228	218	0	
293180	Occipital_Sup_L	474	0	0	0	0	0	0	0	0	0	0	0	0	0	0	0	0	0	0	0	0	0	0	0	0	0	0	0	0	0	0	0	132	0	540	0	0	0	0	0	0	0	23040	870	22236	3974	7984	262	0	466	38544	106	3932	128	3498	148	728	0	14284	0	3990	0	0	0	1932	0	14178	406	372	0	0	0	0	0	0	0	0	0	0	0	0	0	0	0	3460	0	0	0	110	0	138	0	0	0	0	0	0	0	342	0	0	0	0	0	0	0	0	0	0	0	146	170	0	0	0	0	
522064	Occipital_Sup_R	0	4078	0	198	0	0	0	374	0	0	0	0	0	0	0	0	0	0	0	832	0	0	0	0	0	0	0	0	0	180	0	0	408	1044	0	156	0	766	0	354	0	0	2090	32186	4326	51268	214	14038	466	0	288	32280	0	13596	0	14968	0	9924	0	11330	0	3048	0	1282	0	7402	4044	33214	0	10262	0	0	0	0	0	0	0	0	0	0	0	542	0	0	0	4040	0	0	0	1834	0	0	0	0	0	0	0	0	0	0	0	0	0	0	0	0	0	0	0	0	0	0	0	0	0	0	
445308	Occipital_Mid_L	4748	0	0	0	0	0	0	0	0	0	0	0	0	0	0	0	2360	0	0	0	0	0	0	0	0	0	0	0	916	0	0	0	6090	0	1638	0	0	0	0	0	0	0	22556	544	12068	2294	9750	0	38544	288	0	0	17248	0	9990	0	6612	0	12342	0	9956	0	2506	0	12756	0	21690	232	1692	0	0	0	0	0	0	0	0	0	0	0	1124	0	0	0	22908	0	0	0	1102	0	0	0	0	0	0	0	0	0	180	0	0	0	0	0	0	0	0	0	0	0	520	0	0	0	0	0	
342328	Occipital_Mid_R	0	710	0	0	0	0	0	0	0	0	0	0	0	0	0	0	0	0	0	224	0	0	0	0	0	0	0	0	0	0	0	0	168	322	0	0	0	0	0	0	0	0	536	17426	670	18454	0	12020	106	32280	0	0	0	14862	0	12152	0	2584	0	5992	0	6518	0	2156	0	16184	1998	10996	0	2298	0	0	0	0	0	0	0	0	0	0	0	462	0	0	0	9802	0	0	0	2244	0	0	0	0	0	0	0	0	0	0	0	0	0	0	0	0	0	0	0	0	0	0	0	0	0	0	
156468	Occipital_Inf_L	1852	0	0	0	0	0	0	0	0	0	0	0	0	0	0	0	220	0	0	0	0	0	0	0	0	0	0	0	684	0	0	0	336	0	374	0	130	0	0	0	0	0	8146	0	1298	116	5284	0	3932	0	17248	0	0	0	13396	0	1828	0	726	0	484	0	258	0	638	0	3254	0	330	0	0	0	0	0	0	0	0	0	764	0	1216	0	0	0	9094	0	0	0	6440	0	0	0	0	0	0	0	0	0	0	0	0	0	0	0	0	0	0	0	0	0	186	0	0	0	0	0	
247948	Occipital_Inf_R	0	418	0	0	0	0	0	0	0	0	0	0	0	0	0	0	0	0	0	528	0	0	0	0	0	0	0	0	0	0	0	0	0	274	0	0	0	472	0	332	0	0	478	17280	682	9324	200	20440	128	13596	0	14862	0	0	0	23286	0	966	0	782	0	512	0	822	0	744	1354	5632	0	1112	0	0	0	0	0	0	0	0	0	0	0	142	0	0	0	2070	0	0	0	4216	254	136	112	0	0	0	104	142	412	900	0	0	0	0	0	0	0	0	0	0	320	724	218	0	0	0	
442700	Fusiform_L	1894	142	462	126	0	0	118	0	0	0	0	0	0	0	0	0	864	0	302	0	0	0	0	0	0	0	0	0	5212	0	0	0	398	0	1124	218	13068	182	5658	0	2048	0	12302	210	1666	0	19264	2290	3498	0	9990	0	13396	0	0	294	1512	0	304	0	620	0	374	0	462	0	7584	0	336	0	0	0	590	0	0	0	866	416	2014	0	920	0	3518	0	5970	0	3082	0	25682	0	20492	220	3548	176	0	0	10290	586	23602	506	1902	0	2932	136	1148	0	286	0	0	0	3120	2126	360	156	648	140	
728844	Fusiform_R	232	3946	0	1724	0	0	132	1552	0	0	0	0	0	0	0	0	0	204	0	3364	0	0	0	0	0	0	0	0	0	3062	0	0	0	1544	462	3194	386	40168	0	33936	0	4628	980	29734	846	11248	1238	46020	148	14968	0	12152	0	23286	294	0	0	830	0	464	0	152	0	284	0	580	1506	14854	184	3428	0	0	0	3454	0	0	252	1144	0	780	0	2862	0	4200	0	2426	0	1572	0	20704	1726	15326	508	2318	0	0	1200	8240	2978	20912	0	0	370	1018	0	188	0	0	0	0	3746	4696	1468	426	178	0	
277012	Postcentral_L	36650	0	2134	496	0	0	1428	0	0	0	4512	0	354	0	0	0	9488	0	1942	2580	0	0	0	0	0	0	0	0	4752	0	92	0	1324	0	1248	0	928	0	0	0	0	0	2240	0	854	0	314	0	728	0	6612	0	1828	0	1512	0	0	0	4848	0	15106	0	11592	0	334	0	4562	0	5870	0	640	408	2048	0	802	0	646	712	2604	0	2398	0	0	0	2388	0	0	0	1126	0	0	0	0	0	0	0	0	0	0	0	0	0	0	0	0	0	0	0	0	0	406	0	0	0	0	0	
246572	Postcentral_R	0	18254	0	492	0	0	0	764	0	0	0	2670	0	0	0	0	0	3114	114	1918	0	0	0	0	0	0	0	0	0	3116	0	0	0	1894	0	1606	0	742	0	310	0	0	0	4016	0	9972	0	2884	0	9924	0	2584	0	966	0	830	0	0	0	6296	0	4694	0	9406	0	336	272	18924	128	12630	0	248	0	1852	0	104	0	0	0	326	0	448	0	0	0	562	0	0	0	660	0	0	0	0	0	0	0	0	0	0	0	0	0	0	0	0	0	0	0	0	230	0	0	0	0	0	
147060	Parietal_Sup_L	346	0	0	0	0	0	0	0	0	0	0	0	0	0	0	0	0	0	0	0	0	0	0	0	0	0	0	0	0	0	0	0	722	0	428	0	0	0	0	0	0	0	2904	0	4726	488	450	0	14284	0	12342	0	726	0	304	0	4848	0	0	0	10166	0	1742	0	2716	0	13912	148	768	0	0	0	0	0	0	0	0	0	0	0	0	0	0	0	1510	0	0	0	0	0	0	0	0	0	0	0	0	0	0	0	0	0	0	0	0	0	0	0	0	0	0	0	0	0	0	0	
119864	Parietal_Sup_R	0	870	0	0	0	0	0	0	0	0	0	0	0	0	0	0	0	0	0	144	0	0	0	0	0	0	0	0	0	0	0	0	0	0	0	0	0	0	0	0	0	0	0	1212	0	6254	0	468	0	11330	0	5992	0	782	0	464	0	6296	0	0	0	5358	0	1002	0	6446	212	10016	0	1186	0	0	0	0	0	0	0	0	0	134	0	510	0	0	0	772	0	0	0	484	0	0	0	0	0	0	0	0	0	0	0	0	0	0	0	0	0	0	0	0	0	0	0	0	0	0	
182624	Parietal_Inf_L	3628	0	0	0	0	0	0	0	0	0	0	0	0	0	0	0	0	0	0	0	0	0	0	0	0	0	0	0	136	0	0	0	2448	0	0	0	0	0	0	0	0	0	724	0	588	156	184	0	3990	0	9956	0	484	0	620	0	15106	0	10166	0	0	0	18696	0	12964	0	3712	0	606	0	0	0	0	0	0	0	0	0	104	0	838	0	0	0	4806	0	0	0	1400	0	0	0	0	0	0	0	0	0	0	0	0	0	0	0	0	0	0	0	0	0	0	0	0	0	0	0	
168572	Parietal_Inf_R	0	496	0	0	0	0	0	0	0	0	0	0	0	0	0	0	0	0	0	0	0	0	0	0	0	0	0	0	0	0	0	0	0	0	0	0	0	0	0	0	0	0	0	392	0	848	0	222	0	3048	0	6518	0	512	0	152	0	4694	0	5358	0	0	0	23328	0	24502	0	972	0	588	0	0	0	0	0	0	0	0	0	0	0	1190	0	0	0	9082	0	0	0	2384	0	0	0	0	0	0	0	0	0	0	0	0	0	0	0	0	0	0	0	0	0	0	0	0	0	0	
121596	SupraMarginal_L	1806	0	0	0	0	0	0	0	0	0	0	0	0	0	0	0	1922	0	0	0	0	0	0	0	0	0	0	0	136	0	0	0	1422	0	0	0	0	0	0	0	0	0	0	0	0	0	0	0	0	0	2506	0	258	0	374	0	11592	0	1742	0	18696	0	0	0	4032	0	2272	0	458	0	0	0	0	0	0	0	0	0	108	0	4592	0	0	0	7564	0	0	0	1318	0	0	0	0	0	0	0	0	0	0	0	0	0	0	0	0	0	0	0	0	0	0	0	0	0	0	0	
159200	SupraMarginal_R	0	694	0	0	0	0	0	0	0	0	0	0	0	0	0	0	0	2324	0	0	0	0	0	0	0	0	0	0	0	356	0	0	0	0	0	0	0	0	0	0	0	0	0	486	0	608	0	256	0	1282	0	2156	0	822	0	284	0	9406	0	1002	0	23328	0	0	0	17574	0	648	0	320	0	0	0	94	0	0	0	0	0	0	0	3248	0	0	0	12204	0	0	0	2508	0	0	0	0	0	0	0	0	0	0	0	0	0	0	0	0	0	0	0	0	0	0	0	0	0	0	
98336	Angular_L	0	0	0	0	0	0	0	0	0	0	0	0	0	0	0	0	0	0	0	0	0	0	0	0	0	0	0	0	0	0	0	0	1102	0	0	0	0	0	0	0	0	0	0	0	142	0	0	0	1932	0	12756	0	638	0	462	0	334	0	2716	0	12964	0	4032	0	0	0	1866	0	0	0	0	0	0	0	0	0	0	0	0	0	1010	0	0	0	8682	0	0	0	532	0	0	0	0	0	0	0	0	0	0	0	0	0	0	0	0	0	0	0	0	0	0	0	0	0	0	0	
185832	Angular_R	0	0	0	0	0	0	0	0	0	0	0	0	0	0	0	0	0	0	0	0	0	0	0	0	0	0	0	0	0	0	0	0	0	0	0	0	0	0	0	0	0	0	0	1136	0	542	0	716	0	7402	0	16184	0	744	0	580	0	336	0	6446	0	24502	0	17574	0	0	0	626	0	188	0	0	0	0	0	0	0	0	0	90	0	2386	0	0	0	11188	0	0	0	2276	0	0	0	0	0	0	0	0	0	0	0	0	0	0	0	0	0	0	0	0	0	0	0	0	0	0	
428148	Precuneus_L	950	486	218	470	0	0	0	0	0	0	0	0	0	0	0	0	2456	0	516	436	0	0	0	0	0	0	0	0	1562	0	0	0	13850	2940	13056	2824	3816	904	2284	0	0	0	21186	2832	10788	5852	8630	1194	14178	4044	21690	1998	3254	1354	7584	1506	4562	272	13912	212	3712	0	2272	0	1866	0	0	11314	2806	1328	0	0	0	0	0	0	298	898	166	0	1336	0	0	0	6206	320	0	0	2796	0	256	0	0	0	0	0	1152	0	574	0	0	0	0	0	0	0	0	0	0	0	4958	0	0	0	0	0	
593240	Precuneus_R	0	9852	0	408	0	0	0	478	0	0	0	0	0	0	0	0	0	0	396	4238	0	0	0	0	0	0	0	0	0	216	0	0	1706	11312	1456	11732	368	10336	164	5678	0	0	1716	30678	2604	39616	0	22920	406	33214	232	10996	0	5632	0	14854	0	18924	148	10016	0	972	0	648	0	626	11314	0	328	21100	0	0	0	0	0	0	0	1178	0	124	0	528	0	0	0	2330	0	0	0	4116	0	140	0	0	0	0	0	276	0	164	0	0	0	0	0	0	0	0	0	0	2480	0	0	0	0	0	
235960	Paracentral_Lobule_L	11780	5890	6200	676	0	0	94	0	0	0	0	0	0	0	0	0	148	0	18476	14434	0	0	0	0	0	0	0	0	306	0	0	0	3774	10898	5150	1910	2002	156	266	108	0	0	1436	0	300	0	380	0	372	0	1692	0	330	0	336	184	5870	128	768	0	606	0	458	0	0	0	2806	328	0	4624	1568	176	0	0	108	0	9376	1376	366	0	198	0	0	0	714	0	0	0	418	0	0	0	0	0	0	0	0	0	0	0	0	0	0	0	0	0	0	0	0	0	794	0	0	0	0	0	
301692	Paracentral_Lobule_R	0	15404	0	148	0	0	0	176	0	0	0	0	0	0	0	0	0	0	1048	19934	0	0	0	0	0	0	0	0	0	0	0	0	1420	18016	2530	5346	0	1666	0	1296	0	0	202	5178	0	11466	0	4754	0	10262	0	2298	0	1112	0	3428	0	12630	0	1186	0	588	0	320	0	188	1328	21100	4624	0	0	0	0	0	0	0	0	0	0	0	0	212	0	0	0	470	0	0	0	1330	100	0	0	0	0	0	0	0	180	150	0	0	0	0	0	0	0	0	0	0	516	240	0	0	0	0	
298372	Caudate_L	1884	694	18406	3592	966	296	3868	1990	0	0	0	126	0	0	602	380	0	0	16910	3846	6654	7344	1046	528	556	306	1922	1570	1166	298	11292	5352	410	524	0	0	210	108	0	0	236	0	0	0	0	0	0	0	0	0	0	0	0	0	0	0	640	0	0	0	0	0	0	0	0	0	0	0	1568	0	0	14380	21196	3992	4410	792	7754	1372	0	0	0	0	0	0	0	0	0	0	0	0	0	0	0	0	0	0	0	0	0	0	0	0	0	0	0	0	0	0	0	0	0	0	0	0	0	0	
472528	Caudate_R	436	4068	1632	36698	104	2710	184	10632	0	1954	0	1102	0	1456	0	7544	0	0	7532	27290	1714	6088	1122	11648	218	5572	128	1528	216	1526	8386	19786	290	4042	0	0	0	376	0	0	0	0	0	0	0	0	0	0	0	0	0	0	0	0	0	0	408	248	0	0	0	0	0	0	0	0	0	0	176	0	14380	0	8762	27038	1868	2428	1924	13050	0	0	0	0	0	0	0	0	0	0	0	0	0	0	0	0	0	0	0	0	0	0	0	0	0	0	0	0	0	0	0	0	0	0	0	0	0	0	
377940	Putamen_L	3472	0	28990	860	11802	0	2884	202	3222	0	1446	0	1366	0	5388	0	2078	0	16840	596	2624	3894	8744	1166	1520	538	1490	692	16580	0	12848	5096	0	426	0	0	4158	0	604	0	546	0	0	0	0	0	0	0	0	0	0	0	0	0	590	0	2048	0	0	0	0	0	0	0	0	0	0	0	0	0	21196	8762	0	3204	7928	662	2478	168	228	0	538	0	672	0	100	0	0	0	324	0	0	0	0	0	0	0	0	0	0	0	0	0	0	0	0	0	0	0	0	0	0	0	0	0	0	0	
384200	Putamen_R	0	7018	544	20848	0	1894	256	12618	0	2076	0	5360	0	1280	0	8774	0	3032	4396	8334	282	1908	1010	6338	0	2960	0	888	178	19922	3998	11476	436	1230	0	0	0	12156	0	3252	0	1500	0	0	0	0	0	0	0	0	0	0	0	0	0	3454	0	1852	0	0	0	0	0	94	0	0	0	0	0	0	3992	27038	3204	0	290	2854	0	1110	0	152	0	1602	0	734	0	214	0	0	0	1546	0	0	0	0	0	0	0	0	0	0	0	0	0	0	0	0	0	0	0	0	0	0	0	0	0	0	
72864	Pallidum_L	1034	0	7698	132	0	0	326	0	0	0	174	0	0	0	0	0	474	0	6028	568	0	536	0	0	0	0	0	0	578	0	0	0	492	0	0	0	188	0	0	0	0	0	0	0	0	0	0	0	0	0	0	0	0	0	0	0	802	0	0	0	0	0	0	0	0	0	0	0	108	0	4410	1868	7928	290	0	216	2270	312	0	0	0	0	0	0	0	0	0	0	0	0	0	0	0	0	0	0	0	0	0	0	0	0	0	0	0	0	0	0	0	0	0	0	0	0	0	0	
26928	Pallidum_R	0	2524	0	1166	0	0	0	2180	0	0	0	96	0	0	0	0	0	0	0	340	0	0	0	0	0	0	0	0	0	0	0	0	0	0	0	0	0	102	0	0	0	0	0	0	0	0	0	0	0	0	0	0	0	0	0	0	0	104	0	0	0	0	0	0	0	0	0	0	0	0	792	2428	662	2854	216	0	0	0	0	0	0	0	0	0	0	0	0	0	0	0	0	0	0	0	0	0	0	0	0	0	0	0	0	0	0	0	0	0	0	0	0	0	0	0	0	0	
198604	Thalamus_L	11386	1038	12766	1638	0	0	1394	0	0	0	232	0	0	0	0	0	544	0	8952	1488	0	0	0	0	0	0	0	0	2956	0	102	0	0	0	2160	1852	8772	694	1056	240	0	0	0	0	0	0	860	0	0	0	0	0	0	0	866	252	646	0	0	0	0	0	0	0	0	0	298	0	9376	0	7754	1924	2478	0	2270	0	0	9588	2026	0	792	0	0	0	788	0	0	0	1892	102	0	0	0	0	0	0	120	0	0	0	0	0	0	0	0	0	0	0	0	0	0	0	0	0	0	0	
220992	Thalamus_R	2738	10558	858	14536	0	0	792	1374	0	0	0	0	0	0	0	0	198	0	1666	8728	0	0	0	124	0	0	0	0	716	804	0	126	92	0	6100	6502	7532	8016	1892	1828	0	0	0	0	0	0	156	916	0	0	0	0	0	0	416	1144	712	0	0	0	0	0	0	0	0	0	898	1178	1376	0	1372	13050	168	1110	312	0	9588	0	1202	346	0	172	0	0	0	0	0	0	478	318	0	0	0	0	0	0	0	158	0	0	0	0	0	0	0	0	0	0	0	0	246	0	0	0	0	0	
96396	Heschl_L	4724	524	892	696	0	0	1260	0	0	0	1440	0	116	0	0	0	4064	0	652	332	0	0	0	0	0	0	0	0	7740	0	0	0	0	0	1058	952	3260	522	150	0	0	0	94	0	0	0	0	0	0	0	0	0	764	0	2014	0	2604	0	0	0	104	0	108	0	0	0	166	0	366	0	0	0	228	0	0	0	2026	1202	0	0	4158	0	0	0	2538	0	0	0	3444	0	0	0	0	0	0	0	0	0	0	0	0	0	0	0	0	0	0	0	0	0	0	0	0	0	0	0	
29252	Heschl_R	0	952	0	472	0	0	0	694	0	0	0	252	0	0	0	0	0	1918	0	0	0	0	0	0	0	0	0	0	0	2026	0	0	0	0	152	288	144	1244	0	342	0	0	0	0	0	104	0	0	0	0	0	0	0	0	0	780	0	326	0	134	0	0	0	0	0	90	0	124	0	0	0	0	0	152	0	0	0	346	0	0	0	3188	0	0	0	552	0	0	0	346	0	0	0	0	0	0	0	0	0	0	0	0	0	0	0	0	0	0	0	0	0	0	0	0	0	0	
187748	Temporal_Sup_L	2504	0	1400	0	0	0	1648	0	0	0	2330	0	220	0	146	0	6920	0	1126	0	104	0	0	0	0	0	0	0	9198	0	0	0	572	0	0	0	3356	0	0	0	146	0	0	0	0	0	0	0	0	0	1124	0	1216	0	920	0	2398	0	0	0	838	0	4592	0	1010	0	1336	0	198	0	0	0	538	0	0	0	792	0	4158	0	0	0	6738	0	26386	0	768	0	11192	0	0	0	0	0	0	0	0	0	0	0	0	0	0	0	0	0	0	0	0	0	0	0	0	0	0	0	
94800	Temporal_Sup_R	0	852	0	412	0	0	0	528	0	0	0	220	0	0	0	1940	0	1768	0	298	0	0	0	0	0	0	0	0	0	4796	0	0	0	0	0	0	0	2132	0	642	0	0	0	92	0	520	0	0	0	542	0	462	0	142	0	2862	0	448	0	510	0	1190	0	3248	0	2386	0	528	0	212	0	0	0	1602	0	0	0	172	0	3188	0	0	0	3778	0	9016	0	0	0	2914	0	0	0	0	0	0	0	0	0	0	0	0	0	0	0	0	0	0	0	0	0	0	0	0	0	0	
88276	Temporal_Pole_Sup_L	0	0	822	0	246	0	606	0	212	0	2170	0	888	0	1212	0	1100	0	620	0	312	0	0	0	0	0	0	0	3752	0	0	0	0	0	0	0	1328	0	412	0	414	0	0	0	0	0	0	0	0	0	0	0	0	0	3518	0	0	0	0	0	0	0	0	0	0	0	0	0	0	0	0	0	672	0	0	0	0	0	0	0	6738	0	0	0	8358	0	6024	0	4734	0	0	0	0	0	0	0	0	0	0	0	0	0	0	0	0	0	0	0	0	0	0	0	0	0	0	0	
56424	Temporal_Pole_Sup_R	0	0	0	152	0	0	0	0	0	0	0	648	0	0	0	2480	0	916	0	114	0	378	0	0	0	0	0	0	0	1508	0	0	0	0	0	0	0	854	0	2262	0	1804	0	0	0	0	0	0	0	0	0	0	0	0	0	4200	0	0	0	0	0	0	0	0	0	0	0	0	0	0	0	0	0	734	0	0	0	0	0	0	0	3778	0	0	0	2724	0	3066	0	2594	0	0	0	0	0	0	0	0	0	0	0	0	0	0	0	0	0	0	0	0	0	0	0	0	0	0	
318640	Temporal_Mid_L	2618	0	240	0	0	0	132	0	0	0	98	0	0	0	0	0	562	0	160	0	0	0	0	0	0	0	0	0	2082	0	0	0	3856	0	256	0	3534	0	0	0	0	0	1398	0	1550	0	176	0	3460	0	22908	0	9094	0	5970	0	2388	0	1510	0	4806	0	7564	0	8682	0	6206	0	714	0	0	0	100	0	0	0	788	0	2538	0	26386	0	8358	0	0	0	5532	0	25528	0	0	0	0	0	0	0	0	0	0	0	0	0	0	0	0	0	0	0	0	0	126	0	0	0	0	0	
193308	Temporal_Mid_R	0	216	0	0	0	0	0	0	0	0	0	0	0	0	0	0	0	298	0	236	0	0	0	0	0	0	0	0	0	1366	0	0	0	0	0	0	0	718	0	358	0	0	0	5356	122	2370	0	2054	0	4040	0	9802	0	2070	0	2426	0	562	0	772	0	9082	0	12204	0	11188	320	2330	0	470	0	0	0	214	0	0	0	0	0	552	0	9016	0	2724	0	0	0	1102	0	14686	0	0	0	0	0	0	0	0	0	0	0	0	0	0	0	0	0	0	0	0	0	0	0	0	0	0	
39824	Temporal_Pole_Mid_L	0	0	0	0	0	0	0	0	0	0	0	0	0	0	0	0	0	0	0	0	0	0	0	0	0	0	0	0	0	0	0	0	0	0	0	0	260	0	370	0	144	0	0	0	0	0	0	0	0	0	0	0	0	0	3082	0	0	0	0	0	0	0	0	0	0	0	0	0	0	0	0	0	0	0	0	0	0	0	0	0	768	0	6024	0	5532	0	0	0	3732	0	0	0	0	0	0	0	0	0	0	0	0	0	0	0	0	0	0	0	0	0	0	0	0	0	0	0	
15252	Temporal_Pole_Mid_R	0	0	0	0	0	0	0	0	0	0	0	0	0	0	0	0	0	0	0	0	0	0	0	0	0	0	0	0	0	0	0	0	0	0	0	0	0	0	0	846	0	0	0	0	0	0	0	0	0	0	0	0	0	0	0	1572	0	0	0	0	0	0	0	0	0	0	0	0	0	0	0	0	0	0	0	0	0	0	0	0	0	0	0	3066	0	1102	0	0	0	1040	0	0	0	0	0	0	0	0	0	0	0	0	0	0	0	0	0	0	0	0	0	0	0	0	0	0	
286900	Temporal_Inf_L	1714	124	432	128	0	0	146	0	0	0	96	0	0	0	0	0	1332	0	284	0	0	0	0	0	0	0	0	0	5846	0	0	0	1358	0	510	234	13414	164	1812	0	212	0	1314	0	164	0	1460	0	110	0	1102	0	6440	0	25682	0	1126	0	0	0	1400	0	1318	0	532	0	2796	0	418	0	0	0	324	0	0	0	1892	478	3444	0	11192	0	4734	0	25528	0	3732	0	0	0	7056	0	2974	0	0	0	2070	0	4434	0	1616	0	1802	0	166	0	0	0	0	0	224	0	0	0	116	0	
203192	Temporal_Inf_R	0	1194	0	644	0	0	0	598	0	0	0	0	0	0	0	0	0	0	0	1178	0	0	0	0	0	0	0	0	0	2168	0	0	0	488	150	656	134	10052	0	6860	0	320	0	3940	0	1172	0	4170	0	1834	0	2244	0	4216	0	20704	0	660	0	484	0	2384	0	2508	0	2276	0	4116	0	1330	0	0	0	1546	0	0	102	318	0	346	0	2914	0	2594	0	14686	0	1040	0	0	0	1112	0	118	0	0	0	108	0	232	0	0	0	0	0	0	0	0	0	0	0	0	0	0	0	0	
581716	Cerebelum_Crus1_L	0	0	0	0	0	0	0	0	0	0	0	0	0	0	0	0	0	0	0	96	0	0	0	0	0	0	0	0	0	0	0	0	0	0	0	0	134	0	480	0	0	0	402	404	98	0	14512	6490	138	0	0	0	0	254	20492	1726	0	0	0	0	0	0	0	0	0	0	256	0	0	100	0	0	0	0	0	0	0	0	0	0	0	0	0	0	0	0	0	0	7056	0	0	7374	48212	5088	296	0	27316	6726	60848	10928	14734	140	18942	1846	1178	106	326	0	0	0	11030	10938	11382	298	290	222	
451992	Cerebelum_Crus1_R	0	116	0	0	0	0	0	0	0	0	0	0	0	0	0	0	0	0	0	0	0	0	0	0	0	0	0	0	0	0	0	0	0	0	0	104	0	542	0	518	0	0	224	0	0	0	1968	7020	0	0	0	0	0	136	220	15326	0	0	0	0	0	0	0	0	0	0	0	140	0	0	0	0	0	0	0	0	0	0	0	0	0	0	0	0	0	0	0	0	0	1112	7374	0	6634	44904	140	1098	4820	17476	5382	52548	2772	4226	4128	19742	348	308	94	0	0	0	8804	5374	11882	362	154	0	
417736	Cerebelum_Crus2_L	0	0	0	0	0	0	0	0	0	0	0	0	0	0	0	0	0	0	0	0	0	0	0	0	0	0	0	0	0	0	0	0	0	0	0	0	0	0	138	0	0	0	120	92	0	0	3830	2250	0	0	0	0	0	112	3548	508	0	0	0	0	0	0	0	0	0	0	0	0	0	0	0	0	0	0	0	0	0	0	0	0	0	0	0	0	0	0	0	0	2974	0	48212	6634	0	11680	168	0	7074	2180	18564	6340	34036	2964	27462	2000	1168	0	236	0	0	0	3002	4720	15318	3192	200	146	
400792	Cerebelum_Crus2_R	0	0	0	0	0	0	0	0	0	0	0	0	0	0	0	0	0	0	0	0	0	0	0	0	0	0	0	0	0	0	0	0	0	0	0	0	0	0	0	286	0	0	112	0	0	0	1028	914	0	0	0	0	0	0	176	2318	0	0	0	0	0	0	0	0	0	0	0	0	0	0	0	0	0	0	0	0	0	0	0	0	0	0	0	0	0	0	0	0	0	118	5088	44904	11680	0	210	1340	3922	10988	2808	21486	7274	13238	6488	33334	412	568	0	350	0	688	6282	2034	16736	4356	736	522	
39256	Cerebelum_3_L	0	0	0	0	0	0	0	0	0	0	0	0	0	0	0	0	0	0	0	0	0	0	0	0	0	0	0	0	0	0	0	0	0	0	0	0	0	0	576	152	0	0	0	0	0	0	380	304	0	0	0	0	0	0	0	0	0	0	0	0	0	0	0	0	0	0	0	0	0	0	0	0	0	0	0	0	0	0	0	0	0	0	0	0	0	0	0	0	0	0	296	140	168	210	0	188	7256	582	468	452	144	0	1392	370	1852	222	0	0	1010	944	778	420	256	406	520	142	
54764	Cerebelum_3_R	0	0	0	0	0	0	0	0	0	0	0	0	0	0	0	0	0	0	0	0	0	0	0	0	0	0	0	0	0	0	0	0	0	0	0	0	0	110	0	2118	0	0	0	0	0	0	0	2468	0	0	0	0	0	0	0	0	0	0	0	0	0	0	0	0	0	0	0	0	0	0	0	0	0	0	0	0	0	0	0	0	0	0	0	0	0	0	0	0	0	0	0	1098	0	1340	188	0	452	3466	240	1332	0	92	176	2482	94	2560	0	0	310	4060	374	500	310	1726	1756	130	
428496	Cerebelum_4_5_L	0	0	0	0	0	0	0	0	0	0	0	0	0	0	0	0	0	0	0	0	0	0	0	0	0	0	0	0	0	0	0	0	0	0	532	0	1104	0	3710	298	0	0	634	0	0	0	15344	4880	0	0	0	0	0	104	10290	1200	0	0	0	0	0	0	0	0	0	0	1152	0	0	0	0	0	0	0	0	0	120	0	0	0	0	0	0	0	0	0	0	0	2070	0	27316	4820	7074	3922	7256	452	0	11630	35040	10374	3608	0	10718	3634	6044	1390	478	0	134	598	20008	7480	4312	2376	2818	1328	
345064	Cerebelum_4_5_R	0	0	0	0	0	0	0	0	0	0	0	0	0	0	0	0	0	0	0	0	0	0	0	0	0	0	0	0	0	0	0	0	0	0	0	0	0	1004	0	3310	0	0	278	0	0	0	3568	8736	0	0	0	0	0	142	586	8240	0	0	0	0	0	0	0	0	0	0	0	276	0	0	0	0	0	0	0	0	0	158	0	0	0	0	0	0	0	0	0	0	0	108	6726	17476	2180	10988	582	3466	11630	0	8202	28904	1386	250	3272	10248	784	3190	0	332	0	1490	18774	5006	4932	3214	2568	526	
536424	Cerebelum_6_L	0	0	0	0	0	0	0	0	0	0	0	0	0	0	0	0	0	0	0	170	0	0	0	0	0	0	0	0	0	0	0	0	0	0	0	0	504	0	1162	0	0	0	798	716	162	0	20058	10642	342	0	180	0	0	412	23602	2978	0	0	0	0	0	0	0	0	0	0	574	0	0	180	0	0	0	0	0	0	0	0	0	0	0	0	0	0	0	0	0	0	4434	0	60848	5382	18564	2808	468	240	35040	8202	0	12156	4004	0	6288	2092	1592	874	406	0	0	112	17066	16496	4688	1422	1904	646	
506696	Cerebelum_6_R	0	174	0	0	0	0	0	0	0	0	0	0	0	0	0	0	0	0	0	150	0	0	0	0	0	0	0	0	0	0	0	0	0	0	0	114	0	738	0	936	0	0	470	330	0	0	3852	15040	0	0	0	0	0	900	506	20912	0	0	0	0	0	0	0	0	0	0	0	164	0	150	0	0	0	0	0	0	0	0	0	0	0	0	0	0	0	0	0	0	0	232	10928	52548	6340	21486	452	1332	10374	28904	12156	0	1888	928	4148	9612	672	1128	0	970	0	94	16284	13882	12106	1294	874	280	
263136	Cerebelum_7b_L	0	0	0	0	0	0	0	0	0	0	0	0	0	0	0	0	0	0	0	0	0	0	0	0	0	0	0	0	0	0	0	0	0	0	0	0	0	0	0	0	0	0	0	0	0	0	578	134	0	0	0	0	0	0	1902	0	0	0	0	0	0	0	0	0	0	0	0	0	0	0	0	0	0	0	0	0	0	0	0	0	0	0	0	0	0	0	0	0	1616	0	14734	2772	34036	7274	144	0	3608	1386	4004	1888	0	2444	33660	2080	3392	134	1066	0	0	0	1358	310	8168	4308	394	178	
89668	Cerebelum_7b_R	0	0	0	0	0	0	0	0	0	0	0	0	0	0	0	0	0	0	0	0	0	0	0	0	0	0	0	0	0	0	0	0	0	0	0	0	0	0	0	0	0	0	0	0	0	0	0	0	0	0	0	0	0	0	0	0	0	0	0	0	0	0	0	0	0	0	0	0	0	0	0	0	0	0	0	0	0	0	0	0	0	0	0	0	0	0	0	0	0	0	140	4226	2964	13238	0	92	0	250	0	928	2444	0	898	13654	0	736	0	90	0	0	0	0	2510	2664	0	0	
390800	Cerebelum_8_L	0	0	0	0	0	0	0	0	0	0	0	0	0	0	0	0	0	0	0	0	0	0	0	0	0	0	0	0	0	0	0	0	0	0	0	0	0	0	292	212	0	0	0	0	0	0	802	540	0	0	0	0	0	0	2932	370	0	0	0	0	0	0	0	0	0	0	0	0	0	0	0	0	0	0	0	0	0	0	0	0	0	0	0	0	0	0	0	0	1802	0	18942	4128	27462	6488	1392	176	10718	3272	6288	4148	33660	898	0	7226	22494	2170	4040	0	0	122	3940	2354	10444	9614	5478	2996	
334480	Cerebelum_8_R	0	0	0	0	0	0	0	0	0	0	0	0	0	0	0	0	0	0	0	0	0	0	0	0	0	0	0	0	0	0	0	0	0	0	0	0	0	220	0	1038	0	0	0	0	0	0	180	750	0	0	0	0	0	0	136	1018	0	0	0	0	0	0	0	0	0	0	0	0	0	0	0	0	0	0	0	0	0	0	0	0	0	0	0	0	0	0	0	0	0	0	1846	19742	2000	33334	370	2482	3634	10248	2092	9612	2080	13654	7226	0	856	17220	98	1294	136	1422	5672	3212	5170	12170	6252	2076	
118676	Cerebelum_9_L	0	0	0	0	0	0	0	0	0	0	0	0	0	0	0	0	0	0	0	0	0	0	0	0	0	0	0	0	0	0	0	0	0	0	0	0	94	0	320	0	0	0	0	0	0	0	0	0	0	0	0	0	0	0	1148	0	0	0	0	0	0	0	0	0	0	0	0	0	0	0	0	0	0	0	0	0	0	0	0	0	0	0	0	0	0	0	0	0	166	0	1178	348	1168	412	1852	94	6044	784	1592	672	3392	0	22494	856	0	2026	5186	0	0	0	1038	564	544	2066	4092	1208	
127928	Cerebelum_9_R	0	0	0	0	0	0	0	0	0	0	0	0	0	0	0	0	0	0	0	0	0	0	0	0	0	0	0	0	0	0	0	0	0	0	0	0	0	160	0	730	0	0	0	0	0	0	0	228	0	0	0	0	0	0	0	188	0	0	0	0	0	0	0	0	0	0	0	0	0	0	0	0	0	0	0	0	0	0	0	0	0	0	0	0	0	0	0	0	0	0	106	308	0	568	222	2560	1390	3190	874	1128	134	736	2170	17220	2026	0	0	2180	680	1660	2198	2686	742	7874	8900	3106	
25836	Cerebelum_10_L	0	0	0	0	0	0	0	0	0	0	0	0	0	0	0	0	0	0	0	0	0	0	0	0	0	0	0	0	0	0	0	0	0	0	0	0	0	0	170	0	0	0	0	0	0	0	0	0	0	0	0	0	0	0	286	0	0	0	0	0	0	0	0	0	0	0	0	0	0	0	0	0	0	0	0	0	0	0	0	0	0	0	0	0	0	0	0	0	0	0	326	94	236	0	0	0	478	0	406	0	1066	0	4040	98	5186	0	0	0	0	0	0	0	112	216	204	0	
11176	Cerebelum_10_R	0	0	0	0	0	0	0	0	0	0	0	0	0	0	0	0	0	0	0	0	0	0	0	0	0	0	0	0	0	0	0	0	0	0	0	0	0	0	0	0	0	0	0	0	0	0	0	0	0	0	0	0	0	0	0	0	0	0	0	0	0	0	0	0	0	0	0	0	0	0	0	0	0	0	0	0	0	0	0	0	0	0	0	0	0	0	0	0	0	0	0	0	0	350	0	0	0	332	0	970	0	90	0	1294	0	2180	0	0	0	0	0	0	0	160	212	0	
15764	Vermis_1_2	0	0	0	0	0	0	0	0	0	0	0	0	0	0	0	0	0	0	0	0	0	0	0	0	0	0	0	0	0	0	0	0	0	0	0	0	0	0	0	0	0	0	0	0	0	0	0	0	0	0	0	0	0	0	0	0	0	0	0	0	0	0	0	0	0	0	0	0	0	0	0	0	0	0	0	0	0	0	0	0	0	0	0	0	0	0	0	0	0	0	0	0	0	0	1010	310	134	0	0	0	0	0	0	136	0	680	0	0	0	4558	184	134	0	254	228	254	
40992	Vermis_3	0	0	0	0	0	0	0	0	0	0	0	0	0	0	0	0	0	0	0	0	0	0	0	0	0	0	0	0	0	0	0	0	0	0	0	0	0	0	194	624	0	0	0	0	0	0	198	630	0	0	0	0	0	0	0	0	0	0	0	0	0	0	0	0	0	0	0	0	0	0	0	0	0	0	0	0	0	0	0	0	0	0	0	0	0	0	0	0	0	0	0	0	0	688	944	4060	598	1490	112	94	0	0	122	1422	0	1660	0	0	4558	0	368	280	170	952	1026	306	
