data	data	383684	345244	979732	849960	159644	148268	556416	353008	134916	53164	211244	226492	270948	166860	193008	85556	234052	120140	734096	744552	63164	68892	423628	450672	137012	120760	37796	85792	620592	341020	477728	503564	170780	483080	182484	231444	250672	311048	65924	205460	18740	46232	251108	394116	194720	267428	323384	269308	228848	225712	418328	198696	158648	86640	361992	483796	225576	305312	112984	91224	259096	158600	151680	111040	183672	145528	243460	455800	212028	190656	254952	373552	368448	326928	56888	51144	199620	133880	155892	48204	209008	140328	91904	57576	337324	258532	31848	28832	319856	197184	485800	431144	425096	356616	40376	52592	358280	218236	452732	457916	279536	180508	301868	268812	113492	117340	13844	5668	31360	53720	237988	191872	231956	146908	78036	11308	
data	data	Precentral_L	Precentral_R	Frontal_Sup_L	Frontal_Sup_R	Frontal_Sup_Orb_L	Frontal_Sup_Orb_R	Frontal_Mid_L	Frontal_Mid_R	Frontal_Mid_Orb_L	Frontal_Mid_Orb_R	Frontal_Inf_Oper_L	Frontal_Inf_Oper_R	Frontal_Inf_Tri_L	Frontal_Inf_Tri_R	Frontal_Inf_Orb_L	Frontal_Inf_Orb_R	Rolandic_Oper_L	Rolandic_Oper_R	Supp_Motor_Area_L	Supp_Motor_Area_R	Olfactory_L	Olfactory_R	Frontal_Sup_Medial_L	Frontal_Sup_Medial_R	Frontal_Med_Orb_L	Frontal_Med_Orb_R	Rectus_L	Rectus_R	Insula_L	Insula_R	Cingulum_Ant_L	Cingulum_Ant_R	Cingulum_Mid_L	Cingulum_Mid_R	Cingulum_Post_L	Cingulum_Post_R	Hippocampus_L	Hippocampus_R	ParaHippocampal_L	ParaHippocampal_R	Amygdala_L	Amygdala_R	Calcarine_L	Calcarine_R	Cuneus_L	Cuneus_R	Lingual_L	Lingual_R	Occipital_Sup_L	Occipital_Sup_R	Occipital_Mid_L	Occipital_Mid_R	Occipital_Inf_L	Occipital_Inf_R	Fusiform_L	Fusiform_R	Postcentral_L	Postcentral_R	Parietal_Sup_L	Parietal_Sup_R	Parietal_Inf_L	Parietal_Inf_R	SupraMarginal_L	SupraMarginal_R	Angular_L	Angular_R	Precuneus_L	Precuneus_R	Paracentral_Lobule_L	Paracentral_Lobule_R	Caudate_L	Caudate_R	Putamen_L	Putamen_R	Pallidum_L	Pallidum_R	Thalamus_L	Thalamus_R	Heschl_L	Heschl_R	Temporal_Sup_L	Temporal_Sup_R	Temporal_Pole_Sup_L	Temporal_Pole_Sup_R	Temporal_Mid_L	Temporal_Mid_R	Temporal_Pole_Mid_L	Temporal_Pole_Mid_R	Temporal_Inf_L	Temporal_Inf_R	Cerebelum_Crus1_L	Cerebelum_Crus1_R	Cerebelum_Crus2_L	Cerebelum_Crus2_R	Cerebelum_3_L	Cerebelum_3_R	Cerebelum_4_5_L	Cerebelum_4_5_R	Cerebelum_6_L	Cerebelum_6_R	Cerebelum_7b_L	Cerebelum_7b_R	Cerebelum_8_L	Cerebelum_8_R	Cerebelum_9_L	Cerebelum_9_R	Cerebelum_10_L	Cerebelum_10_R	Vermis_1_2	Vermis_3	Vermis_4_5	Vermis_6	Vermis_7	Vermis_8	Vermis_9	Vermis_10	
383684	Precentral_L	0	390	15436	918	0	0	21550	0	0	0	9774	0	776	0	0	0	11960	0	13314	1952	0	0	366	0	0	0	0	0	14828	0	1332	228	0	284	3588	4102	8464	3012	544	668	0	0	0	0	0	0	0	708	0	0	340	0	226	0	484	164	25356	0	0	0	5878	0	3362	0	478	0	0	788	8804	0	1976	0	4412	0	366	0	12804	652	6126	0	1946	0	338	0	912	0	0	0	1268	0	0	0	0	0	0	0	0	282	0	0	0	0	0	0	0	0	0	0	0	0	686	0	0	0	0	0	
345244	Precentral_R	390	0	218	5604	0	0	0	13656	0	0	0	7804	0	1004	0	0	0	3422	2624	11258	0	0	0	458	0	0	0	0	0	5390	0	1026	0	1854	352	1912	132	6160	0	2648	0	0	0	6334	0	1074	0	754	0	432	0	634	0	460	0	8230	96	28150	0	560	0	1356	0	2572	0	0	206	8486	3060	10906	254	8104	114	5002	0	168	1040	13982	0	522	0	712	0	0	0	976	0	0	0	748	0	0	0	0	0	0	0	112	0	1666	0	0	0	0	0	0	0	0	0	0	0	0	0	0	0	0	
979732	Frontal_Sup_L	15436	218	0	14626	7656	236	75964	960	6176	0	8888	398	20218	436	10734	0	8152	0	86014	25148	0	0	43122	6156	2738	550	0	0	31888	222	25968	6318	9072	9540	654	584	5840	248	732	0	0	0	0	0	0	0	0	0	0	0	0	0	0	0	126	0	1466	0	0	0	232	0	186	0	0	0	0	220	4354	94	9648	462	25660	266	6502	270	10924	94	1856	0	1812	0	542	0	0	0	0	0	94	0	0	0	0	0	0	0	0	0	0	0	0	0	0	0	0	0	0	0	0	0	166	0	0	0	0	0	
849960	Frontal_Sup_R	918	5604	14626	0	0	8898	1526	38970	0	1792	362	13368	232	13480	0	3636	162	2582	21630	67958	0	0	12980	49474	836	4190	0	1882	1250	16690	8288	43586	848	24080	0	128	294	1156	0	320	0	0	0	0	0	0	0	0	0	0	0	0	0	0	0	116	386	188	0	0	0	0	0	0	0	0	0	164	1140	0	10862	25682	944	12120	244	4514	1386	5202	286	0	0	0	0	0	0	0	0	0	0	0	0	0	0	0	0	0	0	0	0	0	0	0	0	0	0	0	0	0	0	0	0	0	0	0	0	0	
159644	Frontal_Sup_Orb_L	0	0	7656	0	0	0	954	0	15916	0	152	0	3400	0	14444	0	0	0	118	0	702	0	3706	138	5494	234	4186	0	9634	0	6026	0	0	0	0	0	0	0	0	0	0	0	0	0	0	0	0	0	0	0	0	0	0	0	0	0	0	0	0	0	0	0	0	0	0	0	0	0	0	0	412	0	5990	0	0	0	0	0	0	0	0	0	660	0	0	0	0	0	0	0	0	0	0	0	0	0	0	0	0	0	0	0	0	0	0	0	0	0	0	0	0	0	0	0	0	0	
148268	Frontal_Sup_Orb_R	0	0	236	8898	0	0	0	2390	0	5640	0	122	0	494	0	4096	0	0	0	616	480	1074	918	7860	1824	8984	144	9246	0	1384	1672	6048	0	0	0	0	0	0	0	0	0	0	0	0	0	0	0	0	0	0	0	0	0	0	0	0	0	0	0	0	0	0	0	0	0	0	0	0	0	0	338	5248	162	6260	0	0	0	0	0	0	0	0	0	0	0	0	0	0	0	0	0	0	0	0	0	0	0	0	0	0	0	0	0	0	0	0	0	0	0	0	0	0	0	0	0	0	
556416	Frontal_Mid_L	21550	0	75964	1526	954	0	0	266	3386	0	11232	0	25800	0	7994	0	7586	0	13320	1542	0	0	22358	1768	1242	350	0	0	25900	0	8172	1224	4714	1432	982	1252	5224	832	838	0	0	0	0	0	0	0	0	142	0	0	92	0	0	0	186	0	2118	0	0	0	480	0	0	0	0	0	0	322	212	0	4462	164	13516	0	132	0	1838	188	4958	0	1208	0	194	0	100	0	0	0	190	0	0	0	0	0	0	0	0	0	0	0	0	0	0	0	0	0	0	0	0	0	298	0	0	0	0	0	
353008	Frontal_Mid_R	0	13656	960	38970	0	2390	266	0	0	1956	428	19742	0	17382	0	3972	106	4918	1036	5792	0	0	802	10302	348	0	0	0	818	16542	1236	8120	0	2532	0	0	0	962	0	386	0	0	0	360	0	0	0	0	0	0	0	0	0	0	0	294	0	2198	0	88	0	444	0	486	0	0	0	444	0	0	6294	5464	628	4242	0	130	0	1254	0	0	0	556	0	0	0	0	0	0	0	0	0	0	0	0	0	0	0	0	0	0	0	0	0	0	0	0	0	0	0	0	0	0	0	0	0	0	
134916	Frontal_Mid_Orb_L	0	0	6176	0	15916	0	3386	0	0	0	0	0	5568	0	17618	0	0	0	0	0	0	0	1002	0	1800	0	1766	0	7928	0	2212	0	94	0	0	0	0	0	0	0	0	0	0	0	0	0	0	0	0	0	0	0	0	0	0	0	0	0	0	0	0	0	0	0	0	0	0	0	0	0	0	0	3472	0	0	0	0	0	0	0	0	0	520	0	0	0	0	0	0	0	0	0	0	0	0	0	0	0	0	0	0	0	0	0	0	0	0	0	0	0	0	0	0	0	0	0	
53164	Frontal_Mid_Orb_R	0	0	0	1792	0	5640	0	1956	0	0	0	90	0	472	0	8210	0	0	0	348	0	0	0	94	0	768	0	912	0	1448	0	0	0	0	0	0	0	0	0	0	0	0	0	0	0	0	0	0	0	0	0	0	0	0	0	0	0	0	0	0	0	0	0	0	0	0	0	0	0	0	0	154	0	4698	0	0	0	0	0	0	0	0	0	0	0	0	0	0	0	0	0	0	0	0	0	0	0	0	0	0	0	0	0	0	0	0	0	0	0	0	0	0	0	0	0	0	
211244	Frontal_Inf_Oper_L	9774	0	8888	362	152	0	11232	428	0	0	0	0	10456	0	320	0	10680	0	3926	632	0	0	2232	220	3286	486	0	0	17958	0	11874	1700	0	720	0	0	134	0	0	0	0	0	0	0	0	0	0	0	0	0	0	0	0	0	0	0	3106	0	0	0	694	0	0	0	90	0	0	0	96	0	550	0	1966	0	0	0	0	0	834	0	864	0	1962	0	0	0	0	0	0	0	0	0	0	0	0	0	0	0	0	0	0	0	0	0	0	0	0	0	0	0	0	0	0	0	0	0	
226492	Frontal_Inf_Oper_R	0	7804	398	13368	0	122	0	19742	0	90	0	0	0	17490	0	418	0	8170	784	4232	0	0	200	4154	0	0	0	0	0	22212	144	1436	0	1152	0	0	0	422	0	238	0	0	0	0	0	0	0	0	0	0	0	0	0	0	0	0	0	2260	0	0	0	0	0	0	0	0	0	0	0	0	812	1380	0	4092	0	0	0	372	0	706	0	1048	0	0	0	0	0	0	0	0	0	0	0	0	0	0	0	0	0	0	0	0	0	0	0	0	0	0	0	0	0	0	0	0	0	0	
270948	Frontal_Inf_Tri_L	776	0	20218	232	3400	0	25800	0	5568	0	10456	0	0	0	14238	0	582	0	3210	198	0	0	5380	318	3710	636	0	0	22488	0	12094	604	1550	320	0	0	0	0	0	0	0	0	0	0	0	0	0	0	0	0	0	0	0	0	0	0	0	0	0	0	0	0	0	0	0	0	0	0	0	0	276	0	1882	0	0	0	0	0	0	0	374	0	1164	0	0	0	0	0	0	0	0	0	0	0	0	0	0	0	0	0	0	0	0	0	0	0	0	0	0	0	0	0	0	0	0	0	
166860	Frontal_Inf_Tri_R	0	1004	436	13480	0	494	0	17382	0	472	0	17490	0	0	0	4648	0	896	788	3654	0	0	314	4612	0	0	0	0	0	14184	0	702	0	1266	0	0	0	0	0	0	0	0	0	0	0	0	0	0	0	0	0	0	0	0	0	0	0	0	0	0	0	0	0	0	0	0	0	0	0	0	312	540	0	666	0	0	0	0	0	0	0	90	0	0	0	0	0	0	0	0	0	0	0	0	0	0	0	0	0	0	0	0	0	0	0	0	0	0	0	0	0	0	0	0	0	0	
193008	Frontal_Inf_Orb_L	0	0	10734	0	14444	0	7994	0	17618	0	320	0	14238	0	0	0	0	0	260	0	884	0	1388	0	1170	0	484	0	16030	0	2722	0	416	0	0	0	102	0	136	0	0	0	0	0	0	0	0	0	0	0	0	0	0	0	0	0	0	0	0	0	0	0	0	0	0	0	0	0	0	0	260	0	5770	0	0	0	0	0	0	0	0	0	1534	0	0	0	0	0	0	0	0	0	0	0	0	0	0	0	0	0	0	0	0	0	0	0	0	0	0	0	0	0	0	0	0	0	
85556	Frontal_Inf_Orb_R	0	0	0	3636	0	4096	0	3972	0	8210	0	418	0	4648	0	0	0	0	158	988	236	1326	0	232	0	0	0	1508	0	7810	128	118	0	294	0	0	0	0	0	0	0	0	0	0	0	0	0	0	0	0	0	0	0	0	0	0	0	0	0	0	0	0	0	0	0	0	0	0	0	0	0	692	0	4308	0	0	0	0	0	0	0	0	0	0	0	0	0	0	0	0	0	0	0	0	0	0	0	0	0	0	0	0	0	0	0	0	0	0	0	0	0	0	0	0	0	0	
234052	Rolandic_Oper_L	11960	0	8152	162	0	0	7586	106	0	0	10680	0	582	0	0	0	0	0	5126	392	0	0	406	0	594	0	0	0	19042	0	3274	674	0	320	142	138	826	0	104	0	0	0	0	0	0	0	0	0	90	0	600	0	244	0	562	0	10622	0	108	0	2626	0	4320	0	840	0	0	0	970	0	324	0	1972	0	164	0	294	0	4948	0	7866	0	1762	0	4618	0	0	0	3830	0	0	0	0	0	0	0	0	0	0	0	0	0	0	0	0	0	0	0	0	0	0	0	0	0	0	0	
120140	Rolandic_Oper_R	0	3422	0	2582	0	0	0	4918	0	0	0	8170	0	896	0	0	0	0	0	1112	0	0	0	316	0	0	0	0	0	12704	0	268	0	118	0	0	0	972	0	550	0	0	0	342	0	0	0	196	0	0	0	270	0	0	0	1136	0	3572	0	0	0	0	0	2860	0	0	0	356	0	96	136	300	0	2458	0	284	0	314	0	3968	0	5704	0	0	0	836	0	0	0	880	0	0	0	0	0	0	0	0	0	334	0	0	0	0	0	0	0	0	0	0	0	0	0	0	0	0	
734096	Supp_Motor_Area_L	13314	2624	86014	21630	118	0	13320	1036	0	0	3926	784	3210	788	260	158	5126	0	0	57306	0	0	8316	2706	2072	368	0	0	11874	434	13274	8842	9598	24868	1174	1216	3004	322	208	100	0	0	0	0	0	0	0	0	0	0	0	0	0	0	0	0	1020	0	0	0	104	0	0	0	0	0	252	190	17204	3370	9560	1022	13962	306	6422	306	13682	248	548	0	676	0	186	0	0	0	0	0	0	0	0	0	0	0	0	0	0	0	0	0	0	0	0	0	0	0	0	0	0	0	0	0	0	0	0	0	
744552	Supp_Motor_Area_R	1952	11258	25148	67958	0	616	1542	5792	0	348	632	4232	198	3654	0	988	392	1112	57306	0	0	0	2812	10746	282	114	0	0	1342	5008	4406	17568	4634	45490	3698	6704	304	1060	0	268	0	0	0	1086	0	252	0	586	0	0	0	260	0	194	0	2188	556	358	0	0	0	0	0	0	0	0	774	3256	10472	20140	11850	15452	1108	7168	254	3642	1490	1920	392	0	0	160	0	0	0	480	0	0	0	350	0	0	0	0	0	0	0	0	0	186	0	0	0	0	0	0	0	0	0	0	138	0	0	0	0	0	
63164	Olfactory_L	0	0	0	0	702	480	0	0	0	0	0	0	0	0	884	236	0	0	0	0	0	4498	0	0	352	0	1712	650	1570	0	2332	1226	0	0	0	0	512	0	386	0	670	0	0	0	0	0	0	0	0	0	0	0	0	0	106	0	0	0	0	0	0	0	0	0	0	0	0	0	0	0	4926	4342	3244	1842	0	0	0	0	0	0	484	0	428	0	0	0	0	0	0	0	0	0	0	0	0	0	0	0	0	0	0	0	0	0	0	0	0	0	0	0	0	0	0	0	0	0	
68892	Olfactory_R	0	0	0	0	0	1074	0	0	0	0	0	0	0	0	0	1326	0	0	0	0	4498	0	0	0	0	276	1138	1872	0	946	1758	1564	0	0	0	0	0	0	0	146	0	382	0	0	0	0	0	0	0	0	0	0	0	0	0	0	0	0	0	0	0	0	0	0	0	0	0	0	0	0	5544	6926	3350	2530	306	614	0	0	0	0	0	0	0	196	0	0	0	0	0	0	0	0	0	0	0	0	0	0	0	0	0	0	0	0	0	0	0	0	0	0	0	0	0	0	0	0	
423628	Frontal_Sup_Medial_L	366	0	43122	12980	3706	918	22358	802	1002	0	2232	200	5380	314	1388	0	406	0	8316	2812	0	0	0	24522	2332	696	0	220	5392	204	26180	17492	12990	13710	0	0	0	0	0	0	0	0	0	0	0	0	0	0	0	0	0	0	0	0	0	0	0	0	0	0	0	0	0	0	0	0	0	0	0	0	382	436	508	352	0	0	0	0	96	0	0	0	0	0	0	0	0	0	0	0	0	0	0	0	0	0	0	0	0	0	0	0	0	0	0	0	0	0	0	0	0	0	0	0	0	0	
450672	Frontal_Sup_Medial_R	0	458	6156	49474	138	7860	1768	10302	0	94	220	4154	318	4612	0	232	0	316	2706	10746	0	0	24522	0	1816	7390	0	3804	304	4740	8846	35258	788	19360	0	0	0	108	0	0	0	0	0	0	0	0	0	0	0	0	0	0	0	0	0	0	0	0	0	0	0	0	0	0	0	0	0	0	0	0	328	11766	0	6752	0	0	0	0	0	0	0	0	0	0	0	0	0	0	0	0	0	0	0	0	0	0	0	0	0	0	0	0	0	0	0	0	0	0	0	0	0	0	0	0	0	0	
137012	Frontal_Med_Orb_L	0	0	2738	836	5494	1824	1242	348	1800	0	3286	0	3710	0	1170	0	594	0	2072	282	352	0	2332	1816	0	5052	2098	580	7782	0	15700	358	0	136	0	0	0	0	0	0	0	0	0	0	0	0	0	0	0	0	0	0	0	0	0	0	0	0	0	0	0	0	0	0	0	0	0	0	0	0	768	0	5010	0	0	0	0	0	0	0	288	0	838	0	0	0	0	0	0	0	0	0	0	0	0	0	0	0	0	0	0	0	0	0	0	0	0	0	0	0	0	0	0	0	0	0	
120760	Frontal_Med_Orb_R	0	0	550	4190	234	8984	350	0	0	768	486	0	636	0	0	0	0	0	368	114	0	276	696	7390	5052	0	0	7850	1040	0	3956	5762	0	0	0	0	0	0	0	0	0	0	0	0	0	0	0	0	0	0	0	0	0	0	0	0	0	0	0	0	0	0	0	0	0	0	0	0	0	0	92	5394	640	5552	0	0	0	0	0	0	0	0	0	0	0	0	0	0	0	0	0	0	0	0	0	0	0	0	0	0	0	0	0	0	0	0	0	0	0	0	0	0	0	0	0	0	
37796	Rectus_L	0	0	0	0	4186	144	0	0	1766	0	0	0	0	0	484	0	0	0	0	0	1712	1138	0	0	2098	0	0	262	140	0	2046	556	0	0	0	0	0	0	0	0	0	0	0	0	0	0	0	0	0	0	0	0	0	0	0	0	0	0	0	0	0	0	0	0	0	0	0	0	0	0	1300	1042	1416	608	0	0	0	0	0	0	0	0	0	0	0	0	0	0	0	0	0	0	0	0	0	0	0	0	0	0	0	0	0	0	0	0	0	0	0	0	0	0	0	0	0	0	
85792	Rectus_R	0	0	0	1882	0	9246	0	0	0	912	0	0	0	0	0	1508	0	0	0	0	650	1872	220	3804	580	7850	262	0	0	812	600	3094	0	0	0	0	0	0	0	0	0	0	0	0	0	0	0	0	0	0	0	0	0	0	0	0	0	0	0	0	0	0	0	0	0	0	0	0	0	0	354	4646	162	4442	0	0	0	0	0	0	0	0	0	0	0	0	0	0	0	0	0	0	0	0	0	0	0	0	0	0	0	0	0	0	0	0	0	0	0	0	0	0	0	0	0	0	
620592	Insula_L	14828	0	31888	1250	9634	0	25900	818	7928	0	17958	0	22488	0	16030	0	19042	0	11874	1342	1570	0	5392	304	7782	1040	140	0	0	0	18774	1070	972	610	1736	1730	12248	1260	1276	124	660	0	0	0	0	0	0	318	0	0	662	0	452	0	2896	0	4280	0	0	0	682	0	1210	0	290	0	0	530	254	0	1816	0	21582	0	454	0	2586	0	15108	0	8310	0	4388	0	2354	0	0	0	4076	0	0	0	0	0	0	0	0	0	0	0	0	0	0	0	0	0	0	0	0	0	380	0	0	0	0	0	
341020	Insula_R	0	5390	222	16690	0	1384	0	16542	0	1448	0	22212	0	14184	0	7810	0	12704	434	5008	0	946	204	4740	0	0	0	812	0	0	156	2716	0	892	0	0	0	5136	0	2526	0	746	0	228	0	0	0	468	0	0	0	0	0	134	0	4298	0	2584	0	0	0	0	0	0	0	0	0	120	0	0	306	2146	0	16158	0	556	0	1724	0	4532	0	5838	0	1350	0	2982	0	0	0	2750	0	0	0	0	0	0	0	92	0	1342	0	0	0	0	0	0	0	0	0	0	0	0	0	0	0	0	
477728	Cingulum_Ant_L	1332	0	25968	8288	6026	1672	8172	1236	2212	0	11874	144	12094	0	2722	128	3274	0	13274	4406	2332	1758	26180	8846	15700	3956	2046	600	18774	156	0	16582	7480	5514	962	162	118	0	0	0	0	0	0	0	0	0	0	0	0	0	0	0	0	0	0	0	446	0	0	0	0	0	0	0	0	0	0	0	0	0	7046	2856	11136	1534	0	0	0	0	296	0	432	0	1130	0	0	0	0	0	0	0	0	0	0	0	0	0	0	0	0	0	0	0	0	0	0	0	0	0	0	0	0	0	0	0	0	0	
503564	Cingulum_Ant_R	228	1026	6318	43586	0	6048	1224	8120	0	0	1700	1436	604	702	0	118	674	268	8842	17568	1226	1564	17492	35258	358	5762	556	3094	1070	2716	16582	0	1996	26318	0	232	0	238	0	0	0	0	0	0	0	0	0	0	0	0	0	0	0	0	0	0	0	116	0	0	0	0	0	0	0	0	0	0	0	0	2648	23034	1530	11192	0	116	0	222	0	0	0	0	0	0	0	0	0	0	0	0	0	0	0	0	0	0	0	0	0	0	0	0	0	0	0	0	0	0	0	0	0	0	0	0	0	0	
170780	Cingulum_Mid_L	0	0	9072	848	0	0	4714	0	94	0	0	0	1550	0	416	0	0	0	9598	4634	0	0	12990	788	0	0	0	0	972	0	7480	1996	0	10056	4520	2416	0	0	0	0	0	0	594	0	680	0	0	0	1534	0	880	0	0	0	0	0	318	0	620	0	234	0	0	0	0	0	5182	832	1482	890	0	0	0	0	0	0	0	0	0	0	0	0	0	0	0	0	0	0	0	0	0	0	0	0	0	0	0	0	0	0	0	0	0	0	0	0	0	0	0	0	0	0	0	0	0	0	
483080	Cingulum_Mid_R	284	1854	9540	24080	0	0	1432	2532	0	0	720	1152	320	1266	0	294	320	118	24868	45490	0	0	13710	19360	136	0	0	0	610	892	5514	26318	10056	0	3760	9804	0	0	0	0	0	0	0	2372	0	582	0	460	0	178	0	0	0	0	0	1350	0	1760	0	0	0	0	0	0	0	0	2126	8058	4514	11784	2000	1244	178	382	0	0	0	0	0	0	0	0	0	0	0	0	0	0	0	0	0	0	0	0	0	0	0	0	0	0	0	0	0	0	0	0	0	0	0	0	122	0	0	0	0	0	
182484	Cingulum_Post_L	3588	352	654	0	0	0	982	0	0	0	0	0	0	0	0	0	142	0	1174	3698	0	0	0	0	0	0	0	0	1736	0	962	0	4520	3760	0	16418	7888	4764	950	1122	0	0	3120	748	1454	0	1398	2168	332	0	130	0	0	0	578	384	208	0	0	0	0	0	0	0	0	0	8616	4734	1804	2548	0	0	428	0	0	0	4184	416	1660	0	0	0	0	0	0	0	0	0	0	0	0	0	0	0	0	0	116	638	0	118	0	0	0	0	0	0	0	0	0	0	2750	0	0	0	0	0	
231444	Cingulum_Post_R	4102	1912	584	128	0	0	1252	0	0	0	0	0	0	0	0	0	138	0	1216	6704	0	0	0	0	0	0	0	0	1730	0	162	232	2416	9804	16418	0	7252	7118	996	1530	0	0	0	5504	0	660	136	4210	0	0	0	0	0	0	250	1982	214	972	0	0	0	0	0	0	0	0	2950	13826	1498	5440	0	0	832	0	0	0	5910	1620	1652	0	0	0	0	0	0	0	0	0	0	0	0	0	0	0	0	0	0	906	0	240	0	0	0	0	0	0	0	0	0	0	3226	0	0	0	0	0	
250672	Hippocampus_L	8464	132	5840	294	0	0	5224	0	0	0	134	0	0	0	102	0	826	0	3004	304	512	0	0	0	0	0	0	0	12248	0	118	0	0	0	7888	7252	0	4032	10312	672	3420	0	1058	0	0	0	2502	1266	0	0	98	0	134	0	8022	164	700	0	0	0	0	0	0	0	0	0	2062	1890	156	0	110	0	9256	0	1410	0	8936	546	6606	0	1488	0	748	0	334	0	0	0	4240	0	164	0	0	0	0	0	240	406	244	0	0	0	0	0	0	0	0	0	0	0	1778	0	0	0	0	0	
311048	Hippocampus_R	3012	6160	248	1156	0	0	832	962	0	0	0	422	0	0	0	0	0	972	322	1060	0	0	0	108	0	0	0	0	1260	5136	0	238	0	0	4764	7118	4032	0	482	26944	0	7100	0	724	0	0	0	4262	0	0	0	0	0	374	102	23572	186	2546	0	0	0	132	0	136	0	124	0	2968	178	192	180	478	694	9316	0	1312	5662	6746	1116	596	0	614	0	2100	0	2586	0	270	0	6362	0	0	0	0	0	0	0	2298	0	7108	0	0	0	0	0	0	0	0	0	0	262	0	0	0	0	0	
65924	ParaHippocampal_L	544	0	732	0	0	0	838	0	0	0	0	0	0	0	136	0	104	0	208	0	386	0	0	0	0	0	0	0	1276	0	0	0	0	0	950	996	10312	482	0	0	1232	0	260	0	0	0	2204	208	0	0	0	0	0	0	3938	0	0	0	0	0	0	0	0	0	0	0	698	286	0	0	0	0	2720	0	0	0	1502	220	154	0	254	0	664	0	0	0	0	0	352	0	166	0	0	0	88	0	466	0	360	0	0	0	0	0	0	0	0	0	0	0	226	0	0	0	0	0	
205460	ParaHippocampal_R	668	2648	0	320	0	0	0	386	0	0	0	238	0	0	0	0	0	550	100	268	0	146	0	0	0	0	0	0	124	2526	0	0	0	0	1122	1530	672	26944	0	0	0	4652	0	360	0	0	0	4454	0	0	0	0	0	0	0	20828	0	1762	0	0	0	0	0	0	0	0	0	690	0	0	0	108	0	4936	0	1170	1258	3110	98	378	0	210	0	4696	0	1038	0	2562	0	2620	0	0	0	0	0	194	0	3550	0	5814	0	0	0	0	0	0	0	0	0	0	0	0	0	0	0	0	
18740	Amygdala_L	0	0	0	0	0	0	0	0	0	0	0	0	0	0	0	0	0	0	0	0	670	0	0	0	0	0	0	0	660	0	0	0	0	0	0	0	3420	0	1232	0	0	0	0	0	0	0	0	0	0	0	0	0	0	0	1904	0	0	0	0	0	0	0	0	0	0	0	0	0	0	0	0	0	470	0	0	0	0	0	0	0	238	0	354	0	0	0	0	0	422	0	0	0	0	0	0	0	0	0	0	0	0	0	0	0	0	0	0	0	0	0	0	0	0	0	0	0	
46232	Amygdala_R	0	0	0	0	0	0	0	0	0	0	0	0	0	0	0	0	0	0	0	0	0	382	0	0	0	0	0	0	0	746	0	0	0	0	0	0	0	7100	0	4652	0	0	0	0	0	0	0	0	0	0	0	0	0	0	0	4304	0	0	0	0	0	0	0	0	0	0	0	0	0	0	0	0	0	2244	0	0	0	0	0	0	0	0	0	2900	0	0	0	288	0	500	0	0	0	0	0	0	0	0	0	0	0	0	0	0	0	0	0	0	0	0	0	0	0	0	0	0	
251108	Calcarine_L	0	0	0	0	0	0	0	0	0	0	0	0	0	0	0	0	0	0	0	0	0	0	0	0	0	0	0	0	0	0	0	0	594	0	3120	0	1058	0	260	0	0	0	0	6974	18978	4100	14616	2886	13786	1188	22988	0	5016	0	5602	292	368	0	624	0	202	0	0	0	150	0	16016	234	1206	0	0	0	0	0	0	0	0	0	0	0	108	0	0	0	392	0	0	0	176	0	560	364	260	0	0	0	696	502	718	444	0	0	0	0	0	0	0	0	0	0	1076	0	0	0	0	0	
394116	Calcarine_R	0	6334	0	0	0	0	0	360	0	0	0	0	0	0	0	0	0	342	0	1086	0	0	0	0	0	0	0	0	0	228	0	0	0	2372	748	5504	0	724	0	360	0	0	6974	0	5876	29758	1852	22224	0	14972	0	5224	0	4700	0	28220	0	10978	0	600	0	972	0	1250	0	652	2330	37120	0	2506	0	0	0	0	0	0	0	0	0	0	0	648	0	0	0	1160	0	0	0	642	0	0	0	0	0	0	0	0	0	154	0	0	0	0	0	0	0	0	0	0	188	0	0	0	0	0	
194720	Cuneus_L	0	0	0	0	0	0	0	0	0	0	0	0	0	0	0	0	0	0	0	0	0	0	0	0	0	0	0	0	0	0	0	0	680	0	1454	0	0	0	0	0	0	0	18978	5876	0	6410	2386	788	24628	1144	17782	0	1280	0	1340	0	648	0	1714	0	236	0	0	0	112	0	9680	816	1066	0	0	0	0	0	0	0	0	0	0	0	0	0	0	0	132	0	0	0	0	0	92	0	0	0	0	0	0	0	118	0	0	0	0	0	0	0	0	0	0	0	0	0	0	0	0	0	
267428	Cuneus_R	0	1074	0	0	0	0	0	0	0	0	0	0	0	0	0	0	0	0	0	252	0	0	0	0	0	0	0	0	0	0	0	0	0	582	0	660	0	0	0	0	0	0	4100	29758	6410	0	96	4880	0	29036	0	10496	0	1342	0	4058	0	3074	0	1120	0	1326	0	222	0	1404	3072	24212	0	2740	0	0	0	0	0	0	0	0	0	0	0	272	0	0	0	2196	0	0	0	1332	0	0	0	0	0	0	0	0	0	0	0	0	0	0	0	0	0	0	0	0	0	0	0	0	0	0	
323384	Lingual_L	0	0	0	0	0	0	0	0	0	0	0	0	0	0	0	0	0	0	0	0	0	0	0	0	0	0	0	0	0	0	0	0	0	0	1398	136	2502	0	2204	0	0	0	14616	1852	2386	96	0	4274	5184	0	11132	0	7566	0	16970	638	0	0	0	0	0	0	0	0	0	0	3650	90	0	0	0	0	0	0	0	0	272	0	0	0	108	0	0	0	132	0	0	0	216	0	14254	2236	3968	398	222	344	18080	2700	22114	3868	226	0	322	0	1248	528	88	0	152	412	7062	5464	1212	542	720	110	
269308	Lingual_R	708	754	0	0	0	0	142	0	0	0	0	0	0	0	0	0	0	196	0	586	0	0	0	0	0	0	0	0	318	468	0	0	0	460	2168	4210	1266	4262	208	4454	0	0	2886	22224	788	4880	4274	0	0	3836	0	1700	106	2598	244	15288	0	294	0	0	0	0	0	0	0	0	1952	8628	0	714	0	0	0	138	0	0	936	1030	254	156	0	0	0	0	0	130	0	0	0	182	2380	3128	1568	766	210	262	2448	6534	3870	7422	0	0	136	0	408	0	0	0	0	0	5186	5862	832	92	112	0	
228848	Occipital_Sup_L	0	0	0	0	0	0	0	0	0	0	0	0	0	0	0	0	90	0	0	0	0	0	0	0	0	0	0	0	0	0	0	0	1534	0	332	0	0	0	0	0	0	0	13786	0	24628	0	5184	0	0	0	35214	0	5274	0	1836	0	1698	0	8294	0	1308	0	122	0	444	0	10256	0	1944	0	0	0	0	0	0	0	0	0	0	0	174	0	0	0	752	0	0	0	926	0	208	0	190	0	0	0	0	0	230	0	0	0	0	0	0	0	0	0	0	0	0	0	0	0	0	0	
225712	Occipital_Sup_R	0	432	0	0	0	0	0	0	0	0	0	0	0	0	0	0	0	0	0	0	0	0	0	0	0	0	0	0	0	0	0	0	0	178	0	0	0	0	0	0	0	0	1188	14972	1144	29036	0	3836	0	0	0	19166	0	1638	0	1106	0	2038	0	2978	0	2774	0	260	0	3744	2348	18140	0	3280	0	0	0	0	0	0	0	0	0	0	0	278	0	0	0	2926	0	0	0	1394	0	0	0	0	0	0	0	0	0	0	0	0	0	0	0	0	0	0	0	0	0	0	0	0	0	0	
418328	Occipital_Mid_L	340	0	0	0	0	0	92	0	0	0	0	0	0	0	0	0	600	0	0	0	0	0	0	0	0	0	0	0	662	0	0	0	880	0	130	0	98	0	0	0	0	0	22988	0	17782	0	11132	0	35214	0	0	0	23206	0	12468	0	1334	0	6882	0	16528	0	3106	0	21914	0	6704	0	3716	0	0	0	0	0	0	0	0	0	920	0	586	0	0	0	15374	0	0	0	4928	0	278	0	188	0	0	0	306	0	692	0	0	0	0	0	0	0	0	0	0	0	0	116	0	0	0	0	
198696	Occipital_Mid_R	0	634	0	0	0	0	0	0	0	0	0	0	0	0	0	0	0	270	0	260	0	0	0	0	0	0	0	0	0	0	0	0	0	0	0	0	0	0	0	0	0	0	0	5224	0	10496	0	1700	0	19166	0	0	0	7862	0	2566	0	1052	0	1974	0	7710	0	308	0	14606	1116	7586	0	2108	0	0	0	0	0	0	0	0	0	0	0	302	0	0	0	12992	0	0	0	1416	0	0	0	0	0	0	0	0	0	0	0	0	0	0	0	0	0	0	0	0	0	0	0	0	0	0	
158648	Occipital_Inf_L	226	0	0	0	0	0	0	0	0	0	0	0	0	0	0	0	244	0	0	0	0	0	0	0	0	0	0	0	452	0	0	0	0	0	0	0	134	0	0	0	0	0	5016	0	1280	0	7566	106	5274	0	23206	0	0	0	12098	0	0	0	0	0	2926	0	860	0	2620	0	246	0	342	0	0	0	0	0	0	0	0	0	1220	0	522	0	0	0	5232	0	0	0	7436	0	442	0	0	0	0	0	490	0	1112	0	0	0	0	0	0	0	0	0	0	0	0	274	0	0	0	0	
86640	Occipital_Inf_R	0	460	0	0	0	0	0	0	0	0	0	0	0	0	0	0	0	0	0	194	0	0	0	0	0	0	0	0	0	134	0	0	0	0	0	0	0	374	0	0	0	0	0	4700	0	1342	0	2598	0	1638	0	7862	0	0	0	7304	0	1010	0	908	0	2776	0	226	0	2902	0	408	0	210	0	0	0	0	0	0	0	0	0	0	0	180	0	0	0	3422	0	0	0	4518	0	0	0	0	0	0	0	0	0	154	0	0	0	0	0	0	0	0	0	0	0	0	0	0	0	0	
361992	Fusiform_L	484	0	126	0	0	0	186	0	0	0	0	0	0	0	0	0	562	0	0	0	106	0	0	0	0	0	0	0	2896	0	0	0	0	0	578	250	8022	102	3938	0	1904	0	5602	0	1340	0	16970	244	1836	0	12468	0	12098	0	0	0	0	0	0	0	1472	0	1060	0	960	0	2600	106	1930	0	0	0	950	0	0	0	232	0	2420	0	6850	0	1290	0	4910	0	830	0	19806	0	20698	92	2870	0	188	0	13002	112	25142	126	1132	0	1444	0	0	0	0	0	0	0	576	486	0	0	0	0	
483796	Fusiform_R	164	8230	0	116	0	0	0	294	0	0	0	0	0	0	0	0	0	1136	0	2188	0	0	0	0	0	0	0	0	0	4298	0	0	0	1350	384	1982	164	23572	0	20828	0	4304	292	28220	0	4058	638	15288	0	1106	0	2566	0	7304	0	0	0	11000	0	368	0	514	0	976	0	238	180	19776	0	2814	0	94	0	1810	0	0	296	992	0	768	0	1880	0	4384	0	6076	0	3404	0	16024	256	9608	190	220	0	0	550	6160	478	21138	0	88	0	250	0	0	0	0	0	0	1772	1112	0	0	0	0	
225576	Postcentral_L	25356	96	1466	386	0	0	2118	0	0	0	3106	0	0	0	0	0	10622	0	1020	556	0	0	0	0	0	0	0	0	4280	0	446	0	318	0	208	214	700	186	0	0	0	0	368	0	648	0	0	0	1698	0	1334	0	0	0	0	0	0	0	8432	0	17594	0	6854	0	594	0	4480	0	9468	0	292	0	934	0	378	0	1842	90	1658	0	1528	0	88	0	1620	0	0	0	1810	0	0	0	0	0	0	0	0	0	0	0	0	0	0	0	0	0	0	0	0	0	0	0	0	0	0	0	
305312	Postcentral_R	0	28150	0	188	0	0	0	2198	0	0	0	2260	0	0	0	0	0	3572	0	358	0	0	0	0	0	0	0	0	0	2584	0	116	0	1760	0	972	0	2546	0	1762	0	0	0	10978	0	3074	0	294	0	2038	0	1052	0	1010	0	11000	0	0	0	7386	0	9530	0	16110	0	1990	270	18648	0	5280	0	782	0	3100	0	142	0	1076	0	404	0	3448	0	0	0	4556	0	0	0	2938	0	0	0	0	0	0	0	0	0	1084	0	0	0	0	0	0	0	0	0	0	0	0	0	0	0	0	
112984	Parietal_Sup_L	0	0	0	0	0	0	0	0	0	0	0	0	0	0	0	0	108	0	0	0	0	0	0	0	0	0	0	0	0	0	0	0	620	0	0	0	0	0	0	0	0	0	624	0	1714	0	0	0	8294	0	6882	0	0	0	0	0	8432	0	0	0	11308	0	0	0	1580	0	14282	234	2086	0	0	0	0	0	0	0	0	0	0	0	0	0	0	0	196	0	0	0	132	0	0	0	0	0	0	0	0	0	0	0	0	0	0	0	0	0	0	0	0	0	0	0	0	0	0	0	
91224	Parietal_Sup_R	0	560	0	0	0	0	0	88	0	0	0	0	0	0	0	0	0	0	0	0	0	0	0	0	0	0	0	0	0	0	0	0	0	0	0	0	0	0	0	0	0	0	0	600	0	1120	0	0	0	2978	0	1974	0	908	0	368	0	7386	0	0	0	8692	0	2352	0	4830	1098	6674	0	1602	0	0	0	0	0	0	0	0	0	0	0	234	0	0	0	2932	0	0	0	1216	0	0	0	0	0	0	0	0	0	0	0	0	0	0	0	0	0	0	0	0	0	0	0	0	0	0	
259096	Parietal_Inf_L	5878	0	232	0	0	0	480	0	0	0	694	0	0	0	0	0	2626	0	104	0	0	0	0	0	0	0	0	0	682	0	0	0	234	0	0	0	0	0	0	0	0	0	202	0	236	0	0	0	1308	0	16528	0	2926	0	1472	0	17594	0	11308	0	0	0	18458	0	25226	0	2606	0	2744	0	0	0	0	0	0	0	102	0	360	0	1034	0	0	0	11092	0	0	0	5422	0	0	0	0	0	0	0	0	0	0	0	0	0	0	0	0	0	0	0	0	0	0	0	0	0	0	0	
158600	Parietal_Inf_R	0	1356	0	0	0	0	0	444	0	0	0	0	0	0	0	0	0	0	0	0	0	0	0	0	0	0	0	0	0	0	0	0	0	0	0	0	0	132	0	0	0	0	0	972	0	1326	0	0	0	2774	0	7710	0	2776	0	514	0	9530	0	8692	0	0	0	10986	0	19546	122	1946	0	434	0	116	0	0	0	0	0	0	0	0	0	770	0	0	0	6900	0	0	0	2254	0	0	0	0	0	0	0	0	0	0	0	0	0	0	0	0	0	0	0	0	0	0	0	0	0	0	
151680	SupraMarginal_L	3362	0	186	0	0	0	0	0	0	0	0	0	0	0	0	0	4320	0	0	0	0	0	0	0	0	0	0	0	1210	0	0	0	0	0	0	0	0	0	0	0	0	0	0	0	0	0	0	0	122	0	3106	0	860	0	1060	0	6854	0	0	0	18458	0	0	0	11184	0	0	0	2440	0	186	0	0	0	0	0	0	0	1052	0	7338	0	0	0	9408	0	0	0	4694	0	0	0	0	0	0	0	0	0	0	0	0	0	0	0	0	0	0	0	0	0	0	0	0	0	0	0	
111040	SupraMarginal_R	0	2572	0	0	0	0	0	486	0	0	0	0	0	0	0	0	0	2860	0	0	0	0	0	0	0	0	0	0	0	0	0	0	0	0	0	0	0	136	0	0	0	0	0	1250	0	222	0	0	0	260	0	308	0	226	0	976	0	16110	0	2352	0	10986	0	0	0	3974	0	1654	0	114	0	90	0	0	0	0	0	0	0	116	0	7970	0	0	0	1960	0	0	0	898	0	0	0	0	0	0	0	0	0	0	0	0	0	0	0	0	0	0	0	0	0	0	0	0	0	0	
183672	Angular_L	478	0	0	0	0	0	0	0	0	0	90	0	0	0	0	0	840	0	0	0	0	0	0	0	0	0	0	0	290	0	0	0	0	0	0	0	0	0	0	0	0	0	150	0	112	0	0	0	444	0	21914	0	2620	0	960	0	594	0	1580	0	25226	0	11184	0	0	0	0	0	536	0	0	0	0	0	0	0	0	0	266	0	1170	0	0	0	18086	0	0	0	5296	0	0	0	0	0	0	0	0	0	0	0	0	0	0	0	0	0	0	0	0	0	0	0	0	0	0	0	
145528	Angular_R	0	0	0	0	0	0	0	0	0	0	0	0	0	0	0	0	0	0	0	0	0	0	0	0	0	0	0	0	0	0	0	0	0	0	0	0	0	124	0	0	0	0	0	652	0	1404	0	0	0	3744	0	14606	0	2902	0	238	0	1990	0	4830	0	19546	0	3974	0	0	152	1588	0	482	0	0	0	0	0	0	0	0	0	0	0	2088	0	0	0	12080	0	0	0	2364	0	0	0	0	0	0	0	0	0	0	0	0	0	0	0	0	0	0	0	0	0	0	0	0	0	0	
243460	Precuneus_L	0	206	0	0	0	0	0	0	0	0	0	0	0	0	0	0	0	0	252	774	0	0	0	0	0	0	0	0	0	0	0	0	5182	2126	8616	2950	2062	0	698	0	0	0	16016	2330	9680	3072	3650	1952	10256	2348	6704	1116	246	0	2600	180	4480	270	14282	1098	2606	122	0	0	0	152	0	9950	4206	850	0	0	0	0	0	0	0	0	0	0	0	0	0	0	112	0	0	0	122	0	0	0	0	0	0	0	110	0	0	0	0	0	0	0	0	0	0	0	0	0	354	0	0	0	0	0	
455800	Precuneus_R	788	8486	220	164	0	0	322	444	0	0	0	0	0	0	0	0	0	356	190	3256	0	0	0	0	0	0	0	0	530	120	0	0	832	8058	4734	13826	1890	2968	286	690	0	0	234	37120	816	24212	90	8628	0	18140	0	7586	0	408	106	19776	0	18648	234	6674	0	1946	0	1654	0	1588	9950	0	158	9716	0	110	0	102	0	0	596	0	548	0	0	1076	0	0	0	3994	0	0	0	2486	0	0	0	0	0	0	0	264	0	276	0	0	0	0	0	0	0	0	0	0	2604	0	0	0	0	0	
212028	Paracentral_Lobule_L	8804	3060	4354	1140	0	0	212	0	0	0	96	0	0	0	0	0	970	0	17204	10472	0	0	0	0	0	0	0	0	254	0	0	0	1482	4514	1804	1498	156	178	0	0	0	0	1206	0	1066	0	0	0	1944	0	3716	0	342	0	1930	0	9468	0	2086	0	2744	0	2440	0	536	0	4206	158	0	4828	620	0	238	0	0	0	5714	152	152	0	740	0	0	0	2012	0	0	0	3518	0	0	0	0	0	0	0	0	0	0	0	0	0	0	0	0	0	0	0	0	0	0	0	0	0	0	0	
190656	Paracentral_Lobule_R	0	10906	94	0	0	0	0	0	0	0	0	0	0	0	0	0	0	96	3370	20140	0	0	0	0	0	0	0	0	0	0	0	0	890	11784	2548	5440	0	192	0	0	0	0	0	2506	0	2740	0	714	0	3280	0	2108	0	210	0	2814	0	5280	0	1602	0	434	0	114	0	482	850	9716	4828	0	0	0	0	0	0	0	0	0	0	0	0	214	0	0	0	1246	0	0	0	518	0	0	0	0	0	0	0	0	0	120	0	0	0	0	0	0	0	0	0	0	92	0	0	0	0	0	
254952	Caudate_L	1976	254	9648	10862	412	338	4462	6294	0	0	550	812	276	312	260	0	324	136	9560	11850	4926	5544	382	328	768	92	1300	354	1816	306	7046	2648	0	2000	0	0	110	180	0	0	0	0	0	0	0	0	0	0	0	0	0	0	0	0	0	0	292	0	0	0	0	0	186	0	0	0	0	0	620	0	0	12430	14206	4820	1948	2594	3804	258	192	0	0	0	0	0	0	0	0	0	0	0	0	0	0	0	0	0	0	0	0	0	0	0	0	0	0	0	0	0	0	0	0	0	0	0	0	0	
373552	Caudate_R	0	8104	462	25682	0	5248	164	5464	0	154	0	1380	0	540	0	692	0	300	1022	15452	4342	6926	436	11766	0	5394	1042	4646	0	2146	2856	23034	0	1244	0	0	0	478	0	108	0	0	0	0	0	0	0	0	0	0	0	0	0	0	0	94	0	782	0	0	0	116	0	90	0	0	0	110	0	0	12430	0	5086	20438	788	4052	544	13164	0	0	0	0	0	0	0	0	0	0	0	0	0	0	0	0	0	0	0	0	0	0	0	0	0	0	0	0	0	0	0	0	0	0	0	0	0	0	
368448	Putamen_L	4412	114	25660	944	5990	162	13516	628	3472	0	1966	0	1882	0	5770	0	1972	0	13962	1108	3244	3350	508	0	5010	640	1416	162	21582	0	11136	1530	0	178	428	832	9256	694	2720	0	470	0	0	0	0	0	0	0	0	0	0	0	0	0	950	0	934	0	0	0	0	0	0	0	0	0	0	0	238	0	14206	5086	0	2998	6564	932	2874	332	1142	0	1830	0	586	0	136	0	0	0	702	0	0	0	0	0	0	0	0	0	0	0	0	0	0	0	0	0	0	0	0	0	0	0	0	0	0	0	
326928	Putamen_R	0	5002	266	12120	0	6260	0	4242	0	4698	0	4092	0	666	0	4308	0	2458	306	7168	1842	2530	352	6752	0	5552	608	4442	0	16158	1534	11192	0	382	0	0	0	9316	0	4936	0	2244	0	0	0	0	0	138	0	0	0	0	0	0	0	1810	0	3100	0	0	0	0	0	0	0	0	0	102	0	0	4820	20438	2998	0	362	4096	0	4118	0	0	0	266	0	1436	0	0	0	0	0	164	0	0	0	0	0	0	0	190	0	0	0	0	0	0	0	0	0	0	0	0	0	0	0	0	0	0	
56888	Pallidum_L	366	0	6502	244	0	0	132	0	0	0	0	0	0	0	0	0	164	0	6422	254	0	306	0	0	0	0	0	0	454	0	0	0	0	0	0	0	1410	0	0	0	0	0	0	0	0	0	0	0	0	0	0	0	0	0	0	0	378	0	0	0	0	0	0	0	0	0	0	0	0	0	1948	788	6564	362	0	542	1422	0	186	0	0	0	0	0	0	0	0	0	0	0	0	0	0	0	0	0	0	0	0	0	0	0	0	0	0	0	0	0	0	0	0	0	0	0	0	0	
51144	Pallidum_R	0	168	270	4514	0	0	0	130	0	0	0	0	0	0	0	0	0	284	306	3642	0	614	0	0	0	0	0	0	0	556	0	116	0	0	0	0	0	1312	0	1170	0	0	0	0	0	0	0	0	0	0	0	0	0	0	0	0	0	142	0	0	0	0	0	0	0	0	0	0	0	0	2594	4052	932	4096	542	0	0	132	0	0	0	0	0	0	0	0	0	0	0	0	0	0	0	0	0	0	0	0	0	0	0	0	0	0	0	0	0	0	0	0	0	0	0	0	0	0	
199620	Thalamus_L	12804	1040	10924	1386	0	0	1838	0	0	0	0	0	0	0	0	0	294	0	13682	1490	0	0	0	0	0	0	0	0	2586	0	0	0	0	0	4184	5910	8936	5662	1502	1258	0	0	0	0	0	0	272	936	0	0	0	0	0	0	232	296	1842	0	0	0	102	0	0	0	0	0	0	596	5714	0	3804	544	2874	0	1422	0	0	5482	1508	0	88	0	0	0	0	0	0	0	0	0	0	0	0	0	0	0	0	602	0	0	0	0	0	0	0	0	0	0	0	0	0	0	0	0	0	0	
133880	Thalamus_R	652	13982	94	5202	0	0	188	1254	0	0	0	372	0	0	0	0	0	314	248	1920	0	0	0	0	0	0	0	0	0	1724	0	222	0	0	416	1620	546	6746	220	3110	0	0	0	0	0	0	0	1030	0	0	0	0	0	0	0	992	90	1076	0	0	0	0	0	0	0	0	0	0	152	0	258	13164	332	4118	0	132	5482	0	0	0	0	140	0	0	0	0	0	0	0	148	0	0	0	0	0	0	0	906	0	90	0	0	0	0	0	0	0	0	0	0	0	0	0	0	0	0	
155892	Heschl_L	6126	0	1856	286	0	0	4958	0	0	0	834	0	0	0	0	0	4948	0	548	392	0	0	96	0	0	0	0	0	15108	0	296	0	0	0	1660	1652	6606	1116	154	98	0	0	0	0	0	0	0	254	0	0	920	0	1220	0	2420	0	1658	0	0	0	360	0	1052	0	266	0	0	548	152	0	192	0	1142	0	186	0	1508	0	0	0	7354	0	138	0	5158	0	0	0	6220	0	0	0	0	0	0	0	0	0	0	0	0	0	0	0	0	0	0	0	0	0	464	0	0	0	0	0	
48204	Heschl_R	0	522	0	0	0	0	0	0	0	0	0	706	0	0	0	0	0	3968	0	0	0	0	0	0	0	0	0	0	0	4532	0	0	0	0	0	0	0	596	0	378	0	0	0	0	0	0	0	156	0	0	0	0	0	0	0	768	0	404	0	0	0	0	0	116	0	0	0	0	0	0	0	0	0	0	0	0	0	0	0	0	0	7098	0	236	0	2596	0	0	0	1676	0	0	0	0	0	0	0	0	0	350	0	0	0	0	0	0	0	0	0	0	0	0	0	0	0	0	
209008	Temporal_Sup_L	1946	0	1812	0	0	0	1208	0	0	0	864	0	374	0	0	0	7866	0	676	0	484	0	0	0	288	0	0	0	8310	0	432	0	0	0	0	0	1488	0	254	0	238	0	108	0	0	0	108	0	174	0	586	0	522	0	6850	0	1528	0	0	0	1034	0	7338	0	1170	0	0	0	740	0	0	0	1830	0	0	0	88	0	7354	0	0	0	5870	0	25052	0	0	0	17620	0	140	0	0	0	0	0	0	0	152	0	0	0	0	0	0	0	0	0	0	0	0	0	0	0	0	0	
140328	Temporal_Sup_R	0	712	0	0	0	0	0	556	0	0	0	1048	0	90	0	0	0	5704	0	160	0	0	0	0	0	0	0	0	0	5838	0	0	0	0	0	0	0	614	0	210	0	0	0	648	0	272	0	0	0	278	0	302	0	180	0	1880	0	3448	0	234	0	770	0	7970	0	2088	0	1076	0	214	0	0	0	266	0	0	0	140	0	7098	0	0	0	2212	0	18264	0	0	0	7446	0	0	0	0	0	0	0	0	0	446	0	0	0	0	0	0	0	0	0	0	0	0	0	0	0	0	
91904	Temporal_Pole_Sup_L	338	0	542	0	660	0	194	0	520	0	1962	0	1164	0	1534	0	1762	0	186	0	428	0	0	0	838	0	0	0	4388	0	1130	0	0	0	0	0	748	0	664	0	354	0	0	0	0	0	0	0	0	0	0	0	0	0	1290	0	88	0	0	0	0	0	0	0	0	0	0	0	0	0	0	0	586	0	0	0	0	0	138	0	5870	0	0	0	8534	0	5090	0	6944	0	0	0	0	0	0	0	0	0	0	0	0	0	0	0	0	0	0	0	0	0	0	0	0	0	0	0	
57576	Temporal_Pole_Sup_R	0	0	0	0	0	0	0	0	0	0	0	0	0	0	0	0	0	0	0	0	0	196	0	0	0	0	0	0	0	1350	0	0	0	0	0	0	0	2100	0	4696	0	2900	0	0	0	0	0	0	0	0	0	0	0	0	0	4384	0	0	0	0	0	0	0	0	0	0	0	0	0	0	0	0	0	1436	0	0	0	0	0	236	0	2212	0	0	0	4072	0	4310	0	896	0	0	0	0	0	0	0	0	0	0	0	0	0	0	0	0	0	0	0	0	0	0	0	0	0	0	
337324	Temporal_Mid_L	912	0	0	0	0	0	100	0	0	0	0	0	0	0	0	0	4618	0	0	0	0	0	0	0	0	0	0	0	2354	0	0	0	0	0	0	0	334	0	0	0	0	0	392	0	132	0	132	0	752	0	15374	0	5232	0	4910	0	1620	0	196	0	11092	0	9408	0	18086	0	112	0	2012	0	0	0	136	0	0	0	0	0	5158	0	25052	0	8534	0	0	0	5058	0	46838	0	118	0	0	0	0	0	0	0	0	0	0	0	0	0	0	0	0	0	0	0	0	0	0	0	0	0	
258532	Temporal_Mid_R	0	976	0	0	0	0	0	0	0	0	0	0	0	0	0	0	0	836	0	480	0	0	0	0	0	0	0	0	0	2982	0	0	0	0	0	0	0	2586	0	1038	0	0	0	1160	0	2196	0	130	0	2926	0	12992	0	3422	0	6076	0	4556	0	2932	0	6900	0	1960	0	12080	0	3994	0	1246	0	0	0	0	0	0	0	0	0	2596	0	18264	0	4072	0	0	0	1842	0	29548	0	0	0	0	0	0	0	0	0	1476	0	0	0	0	0	0	0	0	0	0	0	0	0	0	0	0	
31848	Temporal_Pole_Mid_L	0	0	0	0	0	0	0	0	0	0	0	0	0	0	0	0	0	0	0	0	0	0	0	0	0	0	0	0	0	0	0	0	0	0	0	0	0	0	0	0	0	0	0	0	0	0	0	0	0	0	0	0	0	0	830	0	0	0	0	0	0	0	0	0	0	0	0	0	0	0	0	0	0	0	0	0	0	0	0	0	0	0	5090	0	5058	0	0	0	4946	0	0	0	0	0	0	0	0	0	0	0	0	0	0	0	0	0	0	0	0	0	0	0	0	0	0	0	
28832	Temporal_Pole_Mid_R	0	0	0	0	0	0	0	0	0	0	0	0	0	0	0	0	0	0	0	0	0	0	0	0	0	0	0	0	0	0	0	0	0	0	0	0	0	270	0	2562	0	288	0	0	0	0	0	0	0	0	0	0	0	0	0	3404	0	0	0	0	0	0	0	0	0	0	0	0	0	0	0	0	0	0	0	0	0	0	0	0	0	0	0	4310	0	1842	0	0	0	1740	0	0	0	0	0	0	0	0	0	0	0	0	0	0	0	0	0	0	0	0	0	0	0	0	0	0	
319856	Temporal_Inf_L	1268	0	94	0	0	0	190	0	0	0	0	0	0	0	0	0	3830	0	0	0	0	0	0	0	0	0	0	0	4076	0	0	0	0	0	0	0	4240	0	352	0	422	0	176	0	0	0	216	0	926	0	4928	0	7436	0	19806	0	1810	0	132	0	5422	0	4694	0	5296	0	122	0	3518	0	0	0	702	0	0	0	0	0	6220	0	17620	0	6944	0	46838	0	4946	0	0	0	4646	0	514	0	0	0	594	0	1642	0	128	0	180	0	0	0	0	0	0	0	0	0	0	0	0	0	
197184	Temporal_Inf_R	0	748	0	0	0	0	0	0	0	0	0	0	0	0	0	0	0	880	0	350	0	0	0	0	0	0	0	0	0	2750	0	0	0	0	0	0	0	6362	0	2620	0	500	0	642	0	1332	0	182	0	1394	0	1416	0	4518	0	16024	0	2938	0	1216	0	2254	0	898	0	2364	0	2486	0	518	0	0	0	164	0	0	0	148	0	1676	0	7446	0	896	0	29548	0	1740	0	0	0	1108	0	0	0	0	0	0	0	3474	0	0	0	0	0	0	0	0	0	0	0	0	0	0	0	0	
485800	Cerebelum_Crus1_L	0	0	0	0	0	0	0	0	0	0	0	0	0	0	0	0	0	0	0	0	0	0	0	0	0	0	0	0	0	0	0	0	0	0	0	0	164	0	166	0	0	0	560	0	92	0	14254	2380	208	0	278	0	442	0	20698	256	0	0	0	0	0	0	0	0	0	0	0	0	0	0	0	0	0	0	0	0	0	0	0	0	140	0	0	0	118	0	0	0	4646	0	0	2598	42302	2316	1662	202	32658	934	59404	3470	15780	314	15810	554	2696	354	400	0	258	508	4200	6022	5580	146	194	136	
431144	Cerebelum_Crus1_R	0	0	0	0	0	0	0	0	0	0	0	0	0	0	0	0	0	0	0	0	0	0	0	0	0	0	0	0	0	0	0	0	0	0	0	0	0	0	0	0	0	0	364	0	0	0	2236	3128	0	0	0	0	0	0	92	9608	0	0	0	0	0	0	0	0	0	0	0	0	0	0	0	0	0	0	0	0	0	0	0	0	0	0	0	0	0	0	0	0	0	1108	2598	0	3590	34816	0	2856	2936	22178	3282	57278	628	9354	560	20956	1140	3490	0	214	268	1012	8624	8128	8886	3992	2250	0	
425096	Cerebelum_Crus2_L	0	0	0	0	0	0	0	0	0	0	0	0	0	0	0	0	0	0	0	0	0	0	0	0	0	0	0	0	0	0	0	0	0	0	0	0	0	0	0	0	0	0	260	0	0	0	3968	1568	190	0	188	0	0	0	2870	190	0	0	0	0	0	0	0	0	0	0	0	0	0	0	0	0	0	0	0	0	0	0	0	0	0	0	0	0	0	0	0	0	514	0	42302	3590	0	17526	324	140	7218	546	16746	2440	38284	5340	31398	4350	1966	356	224	0	194	326	2008	4368	20066	2862	226	0	
356616	Cerebelum_Crus2_R	0	0	0	0	0	0	0	0	0	0	0	0	0	0	0	0	0	0	0	0	0	0	0	0	0	0	0	0	0	0	0	0	0	0	0	0	0	0	0	0	0	0	0	0	0	0	398	766	0	0	0	0	0	0	0	220	0	0	0	0	0	0	0	0	0	0	0	0	0	0	0	0	0	0	0	0	0	0	0	0	0	0	0	0	0	0	0	0	0	0	2316	34816	17526	0	0	732	302	1894	1624	11666	9358	23928	7322	31404	764	1798	0	182	90	332	610	3238	20896	5232	894	0	
40376	Cerebelum_3_L	0	0	0	0	0	0	0	0	0	0	0	0	0	0	0	0	0	0	0	0	0	0	0	0	0	0	0	0	0	0	0	0	0	0	0	0	0	0	88	0	0	0	0	0	0	0	222	210	0	0	0	0	0	0	188	0	0	0	0	0	0	0	0	0	0	0	0	0	0	0	0	0	0	0	0	0	0	0	0	0	0	0	0	0	0	0	0	0	0	0	1662	0	324	0	0	200	7920	232	2388	210	188	0	394	0	1606	338	0	0	784	1026	1200	540	0	188	280	0	
52592	Cerebelum_3_R	0	0	0	0	0	0	0	0	0	0	0	0	0	0	0	0	0	0	0	0	0	0	0	0	0	0	0	0	0	0	0	0	0	0	0	0	0	0	0	194	0	0	0	0	0	0	344	262	0	0	0	0	0	0	0	0	0	0	0	0	0	0	0	0	0	0	0	0	0	0	0	0	0	0	0	0	0	0	0	0	0	0	0	0	0	0	0	0	0	0	202	2856	140	732	200	0	986	3526	346	3826	0	0	0	746	306	1418	0	0	2110	4032	1696	988	108	672	606	0	
358280	Cerebelum_4_5_L	0	0	0	0	0	0	0	0	0	0	0	0	0	0	0	0	0	0	0	0	0	0	0	0	0	0	0	0	0	0	0	0	0	0	116	0	240	0	466	0	0	0	696	0	0	0	18080	2448	0	0	306	0	490	0	13002	550	0	0	0	0	0	0	0	0	0	0	110	0	0	0	0	0	0	0	0	0	0	0	0	0	0	0	0	0	0	0	0	0	594	0	32658	2936	7218	302	7920	986	0	4426	43588	5178	2180	0	2638	0	4692	1792	480	0	1026	2008	13574	4710	330	1080	1496	824	
218236	Cerebelum_4_5_R	282	112	0	0	0	0	0	0	0	0	0	0	0	0	0	0	0	0	0	0	0	0	0	0	0	0	0	0	0	92	0	0	0	0	638	906	406	2298	0	3550	0	0	502	0	0	0	2700	6534	0	0	0	0	0	0	112	6160	0	0	0	0	0	0	0	0	0	0	0	264	0	0	0	0	0	190	0	0	602	906	0	0	0	0	0	0	0	0	0	0	0	0	934	22178	546	1894	232	3526	4426	0	1208	28410	0	736	0	2732	412	600	0	0	100	1228	11808	450	512	634	298	0	
452732	Cerebelum_6_L	0	0	0	0	0	0	0	0	0	0	0	0	0	0	0	0	0	0	0	0	0	0	0	0	0	0	0	0	0	0	0	0	0	0	0	0	244	0	360	0	0	0	718	0	118	0	22114	3870	230	0	692	0	1112	0	25142	478	0	0	0	0	0	0	0	0	0	0	0	0	0	0	0	0	0	0	0	0	0	0	0	0	152	0	0	0	0	0	0	0	1642	0	59404	3282	16746	1624	2388	346	43588	1208	0	5072	4172	0	5186	0	3194	628	376	0	350	698	6808	10556	3174	106	250	338	
457916	Cerebelum_6_R	0	1666	0	0	0	0	0	0	0	0	0	0	0	0	0	0	0	334	0	186	0	0	0	0	0	0	0	0	0	1342	0	0	0	0	118	240	0	7108	0	5814	0	0	444	154	0	0	3868	7422	0	0	0	0	0	154	126	21138	0	1084	0	0	0	0	0	0	0	0	0	276	0	120	0	0	0	0	0	0	0	90	0	350	0	446	0	0	0	1476	0	0	0	3474	3470	57278	2440	11666	210	3826	5178	28410	5072	0	310	1482	570	7610	1186	3742	0	276	388	1500	12788	11438	5976	4214	2498	0	
279536	Cerebelum_7b_L	0	0	0	0	0	0	0	0	0	0	0	0	0	0	0	0	0	0	0	0	0	0	0	0	0	0	0	0	0	0	0	0	0	0	0	0	0	0	0	0	0	0	0	0	0	0	226	0	0	0	0	0	0	0	1132	0	0	0	0	0	0	0	0	0	0	0	0	0	0	0	0	0	0	0	0	0	0	0	0	0	0	0	0	0	0	0	0	0	128	0	15780	628	38284	9358	188	0	2180	0	4172	310	0	6334	35988	5352	3268	338	636	0	0	0	146	242	9470	5326	282	0	
180508	Cerebelum_7b_R	0	0	0	0	0	0	0	0	0	0	0	0	0	0	0	0	0	0	0	0	0	0	0	0	0	0	0	0	0	0	0	0	0	0	0	0	0	0	0	0	0	0	0	0	0	0	0	0	0	0	0	0	0	0	0	88	0	0	0	0	0	0	0	0	0	0	0	0	0	0	0	0	0	0	0	0	0	0	0	0	0	0	0	0	0	0	0	0	0	0	314	9354	5340	23928	0	0	0	736	0	1482	6334	0	6296	24826	452	2080	0	0	0	0	0	0	4602	4422	0	0	
301868	Cerebelum_8_L	0	0	0	0	0	0	0	0	0	0	0	0	0	0	0	0	0	0	0	0	0	0	0	0	0	0	0	0	0	0	0	0	0	0	0	0	0	0	0	0	0	0	0	0	0	0	322	136	0	0	0	0	0	0	1444	0	0	0	0	0	0	0	0	0	0	0	0	0	0	0	0	0	0	0	0	0	0	0	0	0	0	0	0	0	0	0	0	0	180	0	15810	560	31398	7322	394	0	2638	0	5186	570	35988	6296	0	7026	12926	1468	1206	0	0	0	470	796	7816	9018	1964	0	
268812	Cerebelum_8_R	0	0	0	0	0	0	0	0	0	0	0	0	0	0	0	0	0	0	0	0	0	0	0	0	0	0	0	0	0	0	0	0	0	0	0	0	0	0	0	0	0	0	0	0	0	0	0	0	0	0	0	0	0	0	0	250	0	0	0	0	0	0	0	0	0	0	0	0	0	0	0	0	0	0	0	0	0	0	0	0	0	0	0	0	0	0	0	0	0	0	554	20956	4350	31404	0	746	0	2732	0	7610	5352	24826	7026	0	918	11384	0	388	212	406	196	216	6180	7010	1690	0	
113492	Cerebelum_9_L	0	0	0	0	0	0	0	0	0	0	0	0	0	0	0	0	0	0	0	0	0	0	0	0	0	0	0	0	0	0	0	0	0	0	0	0	0	0	0	0	0	0	0	0	0	0	1248	408	0	0	0	0	0	0	0	0	0	0	0	0	0	0	0	0	0	0	0	0	0	0	0	0	0	0	0	0	0	0	0	0	0	0	0	0	0	0	0	0	0	0	2696	1140	1966	764	1606	306	4692	412	3194	1186	3268	452	12926	918	0	1580	3126	0	256	450	3168	3986	1904	2832	2108	154	
117340	Cerebelum_9_R	0	0	0	0	0	0	0	0	0	0	0	0	0	0	0	0	0	0	0	0	0	0	0	0	0	0	0	0	0	0	0	0	0	0	0	0	0	0	0	0	0	0	0	0	0	0	528	0	0	0	0	0	0	0	0	0	0	0	0	0	0	0	0	0	0	0	0	0	0	0	0	0	0	0	0	0	0	0	0	0	0	0	0	0	0	0	0	0	0	0	354	3490	356	1798	338	1418	1792	600	628	3742	338	2080	1468	11384	1580	0	0	1178	1136	1796	3122	3404	2864	6264	6060	952	
13844	Cerebelum_10_L	0	0	0	0	0	0	0	0	0	0	0	0	0	0	0	0	0	0	0	0	0	0	0	0	0	0	0	0	0	0	0	0	0	0	0	0	0	0	0	0	0	0	0	0	0	0	88	0	0	0	0	0	0	0	0	0	0	0	0	0	0	0	0	0	0	0	0	0	0	0	0	0	0	0	0	0	0	0	0	0	0	0	0	0	0	0	0	0	0	0	400	0	224	0	0	0	480	0	376	0	636	0	1206	0	3126	0	0	0	0	0	142	244	0	0	0	0	
5668	Cerebelum_10_R	0	0	0	0	0	0	0	0	0	0	0	0	0	0	0	0	0	0	0	0	0	0	0	0	0	0	0	0	0	0	0	0	0	0	0	0	0	0	0	0	0	0	0	0	0	0	0	0	0	0	0	0	0	0	0	0	0	0	0	0	0	0	0	0	0	0	0	0	0	0	0	0	0	0	0	0	0	0	0	0	0	0	0	0	0	0	0	0	0	0	0	214	0	182	0	0	0	0	0	276	0	0	0	388	0	1178	0	0	0	0	0	150	114	180	152	0	
31360	Vermis_1_2	0	0	0	0	0	0	0	0	0	0	0	0	0	0	0	0	0	0	0	0	0	0	0	0	0	0	0	0	0	0	0	0	0	0	0	0	0	0	0	0	0	0	0	0	0	0	152	0	0	0	0	0	0	0	0	0	0	0	0	0	0	0	0	0	0	0	0	0	0	0	0	0	0	0	0	0	0	0	0	0	0	0	0	0	0	0	0	0	0	0	258	268	194	90	784	2110	1026	100	350	388	0	0	0	212	256	1136	0	0	0	5058	1882	650	0	362	404	0	
53720	Vermis_3	0	0	0	0	0	0	0	0	0	0	0	0	0	0	0	0	0	0	0	0	0	0	0	0	0	0	0	0	0	0	0	0	0	0	0	0	0	0	0	0	0	0	0	0	0	0	412	0	0	0	0	0	0	0	0	0	0	0	0	0	0	0	0	0	0	0	0	0	0	0	0	0	0	0	0	0	0	0	0	0	0	0	0	0	0	0	0	0	0	0	508	1012	326	332	1026	4032	2008	1228	698	1500	0	0	0	406	450	1796	0	0	5058	0	3402	1352	0	624	690	0	
237988	Vermis_4_5	686	0	166	0	0	0	298	0	0	0	0	0	0	0	0	0	0	0	0	138	0	0	0	0	0	0	0	0	380	0	0	0	0	122	2750	3226	1778	262	226	0	0	0	1076	188	0	0	7062	5186	0	0	0	0	0	0	576	1772	0	0	0	0	0	0	0	0	0	0	354	2604	0	92	0	0	0	0	0	0	0	0	464	0	0	0	0	0	0	0	0	0	0	0	4200	8624	2008	610	1200	1696	13574	11808	6808	12788	146	0	470	196	3168	3122	142	0	1882	3402	0	7584	418	1870	2558	1314	
191872	Vermis_6	0	0	0	0	0	0	0	0	0	0	0	0	0	0	0	0	0	0	0	0	0	0	0	0	0	0	0	0	0	0	0	0	0	0	0	0	0	0	0	0	0	0	0	0	0	0	5464	5862	0	0	116	0	274	0	486	1112	0	0	0	0	0	0	0	0	0	0	0	0	0	0	0	0	0	0	0	0	0	0	0	0	0	0	0	0	0	0	0	0	0	0	6022	8128	4368	3238	540	988	4710	450	10556	11438	242	0	796	216	3986	3404	244	150	650	1352	7584	0	5924	2876	3594	1166	
231956	Vermis_7	0	0	0	0	0	0	0	0	0	0	0	0	0	0	0	0	0	0	0	0	0	0	0	0	0	0	0	0	0	0	0	0	0	0	0	0	0	0	0	0	0	0	0	0	0	0	1212	832	0	0	0	0	0	0	0	0	0	0	0	0	0	0	0	0	0	0	0	0	0	0	0	0	0	0	0	0	0	0	0	0	0	0	0	0	0	0	0	0	0	0	5580	8886	20066	20896	0	108	330	512	3174	5976	9470	4602	7816	6180	1904	2864	0	114	0	0	418	5924	0	6396	2718	0	
