data	data	279940	157304	827272	686608	234252	106984	361720	230528	130504	21320	250648	114048	258744	136140	213484	89596	182080	146740	770252	613660	148888	134680	280864	297608	40304	107372	89252	110016	664720	323216	263636	455324	186948	410948	166828	159932	271588	368436	168364	240744	43392	62200	299572	311368	211096	325584	286984	323652	162400	352044	476920	356056	165212	160660	496432	540436	220832	185432	184580	101024	236292	123536	145380	122576	177668	191148	424448	503936	154300	207032	249960	378104	347864	357888	39412	43008	181928	155540	99700	39024	262776	168544	99108	86804	411580	232576	34992	38452	279232	200888	421128	427292	323136	310304	26884	56684	348144	232344	535848	459764	290848	177828	377172	345920	138800	207704	41060	17608	27824	52880	254208	224988	228860	153648	81292	19344	
data	data	Precentral_L	Precentral_R	Frontal_Sup_L	Frontal_Sup_R	Frontal_Sup_Orb_L	Frontal_Sup_Orb_R	Frontal_Mid_L	Frontal_Mid_R	Frontal_Mid_Orb_L	Frontal_Mid_Orb_R	Frontal_Inf_Oper_L	Frontal_Inf_Oper_R	Frontal_Inf_Tri_L	Frontal_Inf_Tri_R	Frontal_Inf_Orb_L	Frontal_Inf_Orb_R	Rolandic_Oper_L	Rolandic_Oper_R	Supp_Motor_Area_L	Supp_Motor_Area_R	Olfactory_L	Olfactory_R	Frontal_Sup_Medial_L	Frontal_Sup_Medial_R	Frontal_Med_Orb_L	Frontal_Med_Orb_R	Rectus_L	Rectus_R	Insula_L	Insula_R	Cingulum_Ant_L	Cingulum_Ant_R	Cingulum_Mid_L	Cingulum_Mid_R	Cingulum_Post_L	Cingulum_Post_R	Hippocampus_L	Hippocampus_R	ParaHippocampal_L	ParaHippocampal_R	Amygdala_L	Amygdala_R	Calcarine_L	Calcarine_R	Cuneus_L	Cuneus_R	Lingual_L	Lingual_R	Occipital_Sup_L	Occipital_Sup_R	Occipital_Mid_L	Occipital_Mid_R	Occipital_Inf_L	Occipital_Inf_R	Fusiform_L	Fusiform_R	Postcentral_L	Postcentral_R	Parietal_Sup_L	Parietal_Sup_R	Parietal_Inf_L	Parietal_Inf_R	SupraMarginal_L	SupraMarginal_R	Angular_L	Angular_R	Precuneus_L	Precuneus_R	Paracentral_Lobule_L	Paracentral_Lobule_R	Caudate_L	Caudate_R	Putamen_L	Putamen_R	Pallidum_L	Pallidum_R	Thalamus_L	Thalamus_R	Heschl_L	Heschl_R	Temporal_Sup_L	Temporal_Sup_R	Temporal_Pole_Sup_L	Temporal_Pole_Sup_R	Temporal_Mid_L	Temporal_Mid_R	Temporal_Pole_Mid_L	Temporal_Pole_Mid_R	Temporal_Inf_L	Temporal_Inf_R	Cerebelum_Crus1_L	Cerebelum_Crus1_R	Cerebelum_Crus2_L	Cerebelum_Crus2_R	Cerebelum_3_L	Cerebelum_3_R	Cerebelum_4_5_L	Cerebelum_4_5_R	Cerebelum_6_L	Cerebelum_6_R	Cerebelum_7b_L	Cerebelum_7b_R	Cerebelum_8_L	Cerebelum_8_R	Cerebelum_9_L	Cerebelum_9_R	Cerebelum_10_L	Cerebelum_10_R	Vermis_1_2	Vermis_3	Vermis_4_5	Vermis_6	Vermis_7	Vermis_8	Vermis_9	Vermis_10	
279940	Precentral_L	0	1142	9786	2022	0	0	13876	160	0	0	11810	0	1822	0	0	0	7376	104	5430	1986	0	0	0	0	0	0	0	0	9712	98	0	0	1230	448	2854	462	646	148	0	0	0	0	774	0	700	0	114	0	0	0	3312	0	1030	0	836	0	22358	0	1868	0	4224	0	2202	0	2104	0	2074	100	7316	346	1106	386	146	230	0	188	760	0	3868	0	2670	0	0	0	6758	0	0	0	3388	0	0	0	0	0	0	0	0	0	0	0	0	0	0	0	0	0	0	0	0	0	0	0	0	0	0	0	
157304	Precentral_R	1142	0	638	5190	0	0	172	8992	0	0	282	3604	480	102	0	0	0	1186	2226	1050	0	0	0	0	0	0	0	0	766	2784	0	0	0	344	256	938	104	3120	0	398	0	0	0	316	0	258	0	126	0	430	0	502	0	510	0	1214	664	10882	0	96	828	394	606	1040	0	390	0	1536	846	1840	780	6736	544	2186	278	0	3078	7658	0	188	0	166	0	0	0	174	0	0	0	612	0	0	0	0	0	0	0	0	0	0	0	0	0	0	0	0	0	0	0	0	0	0	0	0	0	0	
827272	Frontal_Sup_L	9786	638	0	10996	8352	0	49700	2144	4020	0	13402	592	15956	0	7102	0	7098	218	83108	8146	266	0	36760	4324	1628	0	152	0	35918	1780	13336	5986	8150	3522	544	212	5432	1642	1596	506	168	0	0	0	0	0	0	98	0	0	96	0	102	0	1630	270	4976	152	84	0	1862	0	1938	0	568	0	238	0	218	188	4574	5632	21212	4160	3236	2332	3328	1612	2520	156	3786	0	2494	0	1578	0	0	0	1160	136	0	0	0	0	0	0	120	0	0	0	0	0	0	0	0	0	0	0	0	0	0	0	0	0	0	0	
686608	Frontal_Sup_R	2022	5190	10996	0	0	1148	582	37272	0	704	820	6682	1250	11376	0	4312	92	4666	19460	61306	0	308	6262	34236	0	2170	0	608	1644	12390	5482	35200	1600	10810	150	184	394	2466	84	1278	0	0	0	0	0	0	0	162	0	112	0	166	0	0	0	816	744	678	0	0	508	86	506	148	0	106	0	178	572	150	590	25088	714	13462	478	1194	1622	11406	0	340	0	0	0	0	0	0	0	0	0	0	0	88	0	0	0	0	0	104	0	142	0	0	0	0	0	0	0	0	0	0	0	0	0	0	0	0	
234252	Frontal_Sup_Orb_L	0	0	8352	0	0	1074	1812	0	16376	0	196	104	2750	0	18090	0	0	0	2332	0	6000	1568	3846	98	3262	684	8168	1186	15344	388	4826	722	0	0	0	0	532	236	410	0	1040	0	0	0	0	0	0	0	0	0	0	0	0	104	0	96	0	0	0	0	0	0	0	0	0	0	0	0	0	0	4592	576	9810	338	0	0	88	212	0	0	0	86	1592	0	0	0	0	0	0	236	0	0	0	0	0	0	0	0	0	0	0	0	0	0	0	0	0	0	0	0	0	0	0	0	0	0	
106984	Frontal_Sup_Orb_R	0	0	0	1148	1074	0	0	0	644	2496	0	0	0	0	824	3836	0	0	0	0	3364	5832	0	1732	122	7644	1924	9204	0	898	1118	1686	0	0	0	0	0	164	0	114	0	142	0	0	0	0	0	0	0	0	0	0	0	0	0	0	0	0	0	0	0	0	0	0	0	0	0	0	0	0	2972	2606	1190	2758	0	0	0	0	0	0	0	0	0	0	0	0	0	0	0	0	0	0	0	0	0	0	0	0	0	0	0	0	0	0	0	0	0	0	0	0	0	0	0	0	0	0	
361720	Frontal_Mid_L	13876	172	49700	582	1812	0	0	172	2752	0	10400	206	18838	0	5398	0	4186	0	14638	578	0	0	12396	558	0	0	0	0	15588	0	3580	1482	3350	1348	228	142	786	202	104	0	0	0	0	0	0	0	0	0	0	0	0	0	0	0	404	0	3146	0	200	0	590	0	288	0	344	0	106	0	0	224	1910	1546	4120	592	0	468	542	132	856	0	1188	0	0	0	926	0	0	0	204	0	0	0	0	0	0	0	0	0	0	0	0	0	0	0	0	0	0	0	0	0	0	0	0	0	0	0	
230528	Frontal_Mid_R	160	8992	2144	37272	0	0	172	0	0	688	382	7024	880	11236	0	1158	0	3730	2722	2732	0	0	990	5350	0	100	0	0	1282	4492	262	4726	286	1774	0	542	0	2562	0	940	0	0	0	0	0	0	0	0	0	0	0	0	0	0	0	318	0	1008	0	0	0	0	0	0	0	0	0	0	0	0	544	2602	340	5442	0	348	1102	774	0	188	0	0	0	0	0	0	0	0	0	0	0	0	0	0	0	0	0	0	0	0	0	0	0	0	0	0	0	0	0	0	0	0	0	0	0	0	
130504	Frontal_Mid_Orb_L	0	0	4020	0	16376	644	2752	0	0	0	0	0	1750	0	13466	0	0	0	700	0	1602	882	1262	0	1346	440	4374	714	4744	0	2702	418	0	0	0	0	104	0	0	0	164	0	0	0	0	0	0	0	0	0	0	0	0	0	0	0	0	0	0	0	0	0	0	0	0	0	0	0	0	0	1804	290	4366	112	0	0	0	0	0	0	0	0	220	0	0	0	0	0	0	0	0	0	0	0	0	0	0	0	0	0	0	0	0	0	0	0	0	0	0	0	0	0	0	0	0	0	
21320	Frontal_Mid_Orb_R	0	0	0	704	0	2496	0	688	0	0	0	0	0	1216	0	5006	0	0	0	0	0	0	0	0	0	0	0	0	0	376	0	0	0	0	0	0	0	0	0	0	0	0	0	0	0	0	0	0	0	0	0	0	0	0	0	0	0	0	0	0	0	0	0	0	0	0	0	0	0	0	0	0	0	174	0	0	0	0	0	0	0	0	0	0	0	0	0	0	0	0	0	0	0	0	0	0	0	0	0	0	0	0	0	0	0	0	0	0	0	0	0	0	0	0	0	0	
250648	Frontal_Inf_Oper_L	11810	282	13402	820	196	0	10400	382	0	0	0	700	12580	148	198	0	10050	0	9112	1114	0	0	90	146	0	0	0	0	22726	136	314	872	320	320	236	166	1556	226	0	0	0	0	0	0	0	0	0	0	0	0	128	0	0	0	440	0	3454	0	192	0	824	0	1186	0	662	0	108	0	0	204	1682	2468	2010	1040	0	462	486	0	1674	0	4954	0	3282	0	1216	0	0	0	550	0	0	0	0	0	0	0	0	0	0	0	0	0	0	0	0	0	0	0	0	0	0	0	0	0	0	0	
114048	Frontal_Inf_Oper_R	0	3604	592	6682	104	0	206	7024	0	0	700	0	1128	8952	0	0	0	4420	634	3020	0	0	0	168	0	0	0	0	1638	6468	146	964	0	146	0	0	0	1264	0	394	0	0	0	0	0	0	0	0	0	0	0	0	0	0	0	98	0	864	0	0	0	0	0	0	0	0	0	0	0	0	598	1214	0	5010	0	0	108	168	0	360	0	262	0	88	0	0	0	0	0	0	0	0	0	0	0	0	0	0	0	0	0	0	0	0	0	0	0	0	0	0	0	0	0	0	0	0	
258744	Frontal_Inf_Tri_L	1822	480	15956	1250	2750	0	18838	880	1750	0	12580	1128	0	280	8788	94	1022	0	6672	744	132	0	644	516	132	0	168	0	29976	248	2254	1600	830	170	0	0	550	224	0	0	0	0	0	0	0	0	0	0	0	0	0	0	0	0	200	0	180	84	0	0	0	0	0	0	0	0	0	0	0	0	4220	4356	3678	866	0	284	86	190	472	0	980	0	512	0	636	0	0	0	150	0	0	0	0	0	0	0	0	0	0	0	0	0	0	0	0	0	0	0	0	0	0	0	0	0	0	0	
136140	Frontal_Inf_Tri_R	0	102	0	11376	0	0	0	11236	0	1216	148	8952	280	0	0	4970	0	494	178	1996	0	196	0	3136	0	764	0	436	384	12986	94	3650	0	514	0	0	0	474	0	258	0	0	0	0	0	0	0	0	0	0	0	0	0	0	0	84	0	0	0	0	0	0	0	0	0	0	0	0	0	0	256	798	0	3092	0	0	0	0	0	0	0	0	0	0	0	0	0	0	0	0	0	0	0	0	0	0	0	0	0	0	0	0	0	0	0	0	0	0	0	0	0	0	0	0	0	0	
213484	Frontal_Inf_Orb_L	0	0	7102	0	18090	824	5398	0	13466	0	198	0	8788	0	0	0	0	0	1580	0	5786	1230	414	0	240	560	3946	944	17936	0	1284	530	0	0	0	0	544	114	434	0	1124	0	0	0	0	0	0	0	0	0	0	0	0	0	98	0	0	0	0	0	0	0	0	0	0	0	0	0	0	0	3604	586	9028	246	0	0	0	102	0	0	0	0	2546	0	0	0	0	0	0	0	0	0	0	0	0	0	0	0	0	0	0	0	0	0	0	0	0	0	0	0	0	0	0	0	0	0	
89596	Frontal_Inf_Orb_R	0	0	0	4312	0	3836	0	1158	0	5006	0	0	94	4970	0	0	0	126	0	302	564	2002	0	1610	0	978	0	1694	0	8542	0	728	0	0	0	0	0	762	0	470	0	506	0	0	0	0	0	0	0	0	0	0	0	0	0	334	0	0	0	0	0	0	0	0	0	0	0	0	0	0	556	1156	212	3386	0	0	0	0	0	0	0	902	0	592	0	0	0	0	0	0	0	0	0	0	0	0	0	0	0	0	0	0	0	0	0	0	0	0	0	0	0	0	0	0	0	0	
182080	Rolandic_Oper_L	7376	0	7098	92	0	0	4186	0	0	0	10050	0	1022	0	0	0	0	0	4612	0	0	0	84	0	0	0	0	0	19424	0	0	0	0	0	94	0	1088	0	0	0	0	0	112	0	108	0	0	0	0	0	1714	0	252	0	432	0	7336	0	1062	0	408	0	3240	0	340	0	488	0	204	0	526	436	552	596	0	258	0	0	3388	0	7992	0	1512	0	3782	0	0	0	1176	0	0	0	0	0	0	0	0	0	0	0	0	0	0	0	0	0	0	0	0	0	0	0	0	0	0	0	
146740	Rolandic_Oper_R	104	1186	218	4666	0	0	0	3730	0	0	0	4420	0	494	0	126	0	0	210	2326	0	0	0	0	0	0	0	0	0	15326	0	0	0	140	0	302	0	2666	0	944	0	0	0	98	0	210	0	130	0	440	0	1118	0	1002	0	1740	0	2494	0	0	0	0	0	4344	0	450	0	398	0	206	0	276	0	4316	0	174	258	350	0	4274	0	9320	0	242	0	2354	0	0	0	2218	0	100	0	0	0	0	0	0	0	0	0	0	0	0	0	0	0	0	0	0	0	0	0	0	0	0	
770252	Supp_Motor_Area_L	5430	2226	83108	19460	2332	0	14638	2722	700	0	9112	634	6672	178	1580	0	4612	210	0	42148	220	0	11524	1538	0	0	104	0	21524	2262	7080	9960	6766	17668	1838	1034	7440	2290	2166	672	168	0	296	0	488	0	294	96	0	0	194	0	132	0	2434	280	4060	120	0	0	1242	0	1260	0	506	0	566	150	5940	3494	5982	5750	23342	4566	5632	2518	12952	1784	2448	200	2818	0	2212	0	1568	0	0	0	1118	0	262	0	0	0	0	0	110	0	296	0	0	0	0	0	0	0	0	0	0	0	0	0	0	0	0	0	
613660	Supp_Motor_Area_R	1986	1050	8146	61306	0	0	578	2732	0	0	1114	3020	744	1996	0	302	0	2326	42148	0	0	0	2040	10414	0	158	0	0	1180	3996	6684	22574	5840	39334	1250	2656	388	1364	0	636	0	0	0	1414	0	2776	0	766	0	3564	0	3648	0	1154	0	1456	396	2524	0	0	102	188	102	280	0	490	408	8286	5528	22112	568	12188	1016	5556	444	580	1118	2774	0	86	0	106	0	0	0	650	0	0	0	402	0	92	0	0	0	0	0	0	0	94	0	0	0	0	0	0	0	0	0	0	0	0	0	0	0	0	
148888	Olfactory_L	0	0	266	0	6000	3364	0	0	1602	0	0	0	132	0	5786	564	0	0	220	0	0	8340	0	110	668	2274	5486	4628	4140	488	3138	2306	0	0	0	0	812	200	1098	154	1088	0	0	0	0	0	0	0	0	0	0	0	0	0	482	94	0	0	0	0	0	0	0	0	0	0	0	0	0	0	9758	3002	5816	890	0	0	0	0	0	0	0	0	1446	92	0	0	0	0	0	0	0	0	0	0	0	0	0	0	0	0	0	0	0	0	0	0	0	0	0	0	0	0	0	0	0	0	
134680	Olfactory_R	0	0	0	308	1568	5832	0	0	882	0	0	0	0	196	1230	2002	0	0	0	0	8340	0	0	482	154	3760	2776	8630	124	1890	2190	2840	0	0	0	0	0	1566	0	1148	0	628	0	0	0	0	0	0	0	0	0	0	0	0	0	724	0	0	0	0	0	0	0	0	0	0	0	0	0	0	8198	4336	4358	2820	0	0	0	0	0	0	0	0	0	172	0	0	0	0	0	0	0	0	0	0	0	0	0	0	0	186	0	0	0	0	0	0	0	0	0	0	0	0	0	0	0	0	
280864	Frontal_Sup_Medial_L	0	0	36760	6262	3846	0	12396	990	1262	0	90	0	644	0	414	0	84	0	11524	2040	0	0	0	14822	2068	0	236	0	1020	294	15580	11408	5986	8798	0	0	0	0	0	0	0	0	0	0	0	0	0	0	0	0	0	0	0	0	0	0	0	0	0	0	0	0	0	0	0	0	0	0	0	0	212	642	2174	600	0	280	0	0	0	0	0	0	0	0	0	0	0	0	0	0	0	0	0	0	0	0	0	0	0	0	0	0	0	0	0	0	0	0	0	0	0	0	0	0	0	0	
297608	Frontal_Sup_Medial_R	0	0	4324	34236	98	1732	558	5350	0	0	146	168	516	3136	0	1610	0	0	1538	10414	110	482	14822	0	524	4900	0	1078	420	4022	4516	26940	418	10652	0	0	0	0	0	0	0	0	0	0	0	0	0	0	0	0	0	0	0	0	0	0	0	0	0	0	0	0	0	0	0	0	0	0	0	0	268	10706	0	5120	0	0	0	0	0	0	0	0	0	0	0	0	0	0	0	0	0	0	0	0	0	0	0	0	0	0	0	0	0	0	0	0	0	0	0	0	0	0	0	0	0	0	
40304	Frontal_Med_Orb_L	0	0	1628	0	3262	122	0	0	1346	0	0	0	132	0	240	0	0	0	0	0	668	154	2068	524	0	1180	1730	166	210	0	3998	566	0	0	0	0	0	0	0	0	0	0	0	0	0	0	0	0	0	0	0	0	0	0	0	0	0	0	0	0	0	0	0	0	0	0	0	0	0	0	818	490	462	388	0	0	0	0	0	0	0	0	0	0	0	0	0	0	0	0	0	0	0	0	0	0	0	0	0	0	0	0	0	0	0	0	0	0	0	0	0	0	0	0	0	0	
107372	Frontal_Med_Orb_R	0	0	0	2170	684	7644	0	100	440	0	0	0	0	764	560	978	0	0	0	158	2274	3760	0	4900	1180	0	1418	6508	100	1402	2910	5230	0	0	0	0	0	128	0	96	0	0	0	0	0	0	0	0	0	0	0	0	0	0	0	0	0	0	0	0	0	0	0	0	0	0	0	0	0	0	1730	3506	536	4510	0	0	0	0	0	0	0	0	0	0	0	0	0	0	0	0	0	0	0	0	0	0	0	0	0	0	0	0	0	0	0	0	0	0	0	0	0	0	0	0	0	0	
89252	Rectus_L	0	0	152	0	8168	1924	0	0	4374	0	0	0	168	0	3946	0	0	0	104	0	5486	2776	236	0	1730	1418	0	2196	994	0	2942	978	0	0	0	0	0	0	0	0	200	0	0	0	0	0	0	0	0	0	0	0	0	0	0	0	0	0	0	0	0	0	0	0	0	0	0	0	0	0	4348	492	1472	172	0	0	0	0	0	0	0	0	350	0	0	0	0	0	0	0	0	0	0	0	0	0	0	0	0	0	0	0	0	0	0	0	0	0	0	0	0	0	0	0	0	0	
110016	Rectus_R	0	0	0	608	1186	9204	0	0	714	0	0	0	0	436	944	1694	0	0	0	0	4628	8630	0	1078	166	6508	2196	0	0	1426	1342	3208	0	0	0	0	0	402	0	280	0	180	0	0	0	0	0	0	0	0	0	0	0	0	0	170	0	0	0	0	0	0	0	0	0	0	0	0	0	0	4102	2168	1822	1816	0	0	0	0	0	0	0	0	0	100	0	0	0	0	0	0	0	0	0	0	0	0	0	0	0	0	0	0	0	0	0	0	0	0	0	0	0	0	0	0	0	0	
664720	Insula_L	9712	766	35918	1644	15344	0	15588	1282	4744	0	22726	1638	29976	384	17936	0	19424	0	21524	1180	4140	124	1020	420	210	100	994	0	0	612	2860	1928	406	266	382	94	13656	624	2226	184	3280	0	196	0	176	0	0	0	0	0	946	0	450	0	5530	114	3324	136	500	0	290	0	852	0	266	0	546	0	206	0	7262	5504	17922	1494	0	416	1776	580	9690	0	14928	0	8048	0	10744	0	102	0	6606	146	0	0	0	0	0	0	166	0	132	0	0	0	0	0	0	0	0	0	0	0	0	0	0	0	0	0	
323216	Insula_R	98	2784	1780	12390	388	898	0	4492	0	376	136	6468	248	12986	0	8542	0	15326	2262	3996	488	1890	294	4022	0	1402	0	1426	612	0	130	4748	0	1102	0	946	0	7902	0	2736	0	744	0	86	0	0	0	110	0	96	0	276	0	886	0	4170	0	2364	0	0	0	0	0	276	0	102	0	142	0	0	1090	1128	330	22320	0	192	974	1332	0	4242	0	9186	0	2300	0	2798	0	0	0	4974	0	184	0	0	0	0	0	204	0	234	0	0	0	0	0	0	0	0	0	0	0	0	0	0	0	0	
263636	Cingulum_Ant_L	0	0	13336	5482	4826	1118	3580	262	2702	0	314	146	2254	94	1284	0	0	0	7080	6684	3138	2190	15580	4516	3998	2910	2942	1342	2860	130	0	17176	7702	5392	316	0	0	0	0	0	0	0	0	0	0	0	0	0	0	0	0	0	0	0	0	0	0	0	0	0	0	0	0	0	0	0	0	0	0	0	3808	3042	4790	724	0	100	0	0	0	0	0	0	0	0	0	0	0	0	0	0	0	0	0	0	0	0	0	0	0	0	0	0	0	0	0	0	0	0	0	0	0	0	0	0	0	0	
455324	Cingulum_Ant_R	0	0	5986	35200	722	1686	1482	4726	418	0	872	964	1600	3650	530	728	0	0	9960	22574	2306	2840	11408	26940	566	5230	978	3208	1928	4748	17176	0	4248	20592	0	0	0	174	0	92	0	0	0	0	0	0	0	0	0	0	0	0	0	0	0	0	0	0	0	0	0	0	0	0	0	0	0	0	0	0	2732	22930	728	7542	0	0	0	198	0	0	0	0	0	0	0	0	0	0	0	0	0	0	0	0	0	0	0	0	0	0	0	0	0	0	0	0	0	0	0	0	0	0	0	0	0	0	
186948	Cingulum_Mid_L	1230	0	8150	1600	0	0	3350	286	0	0	320	0	830	0	0	0	0	0	6766	5840	0	0	5986	418	0	0	0	0	406	0	7702	4248	0	16484	5020	1402	0	248	0	0	0	0	1122	0	1938	302	130	0	492	254	1518	182	0	0	0	236	0	0	592	0	0	0	0	0	0	0	5568	2102	5710	2530	0	154	0	0	0	0	0	0	0	0	0	0	0	0	252	0	0	0	0	106	0	0	0	0	0	0	0	0	0	0	0	0	0	0	0	0	0	0	0	0	0	0	0	0	0	0	
410948	Cingulum_Mid_R	448	344	3522	10810	0	0	1348	1774	0	0	320	146	170	514	0	0	0	140	17668	39334	0	0	8798	10652	0	0	0	0	266	1102	5392	20592	16484	0	2812	3938	0	774	0	0	0	0	0	1240	0	4606	0	660	0	5010	138	3962	0	1408	0	1578	0	1942	134	0	0	110	0	200	0	310	2622	12536	4342	15318	0	176	0	532	0	0	214	0	0	0	0	0	0	0	0	464	0	0	0	624	0	0	0	0	0	0	0	0	0	0	0	0	0	0	0	0	0	0	0	0	0	0	0	0	0	0	
166828	Cingulum_Post_L	2854	256	544	150	0	0	228	0	0	0	236	0	0	0	0	0	94	0	1838	1250	0	0	0	0	0	0	0	0	382	0	316	0	5020	2812	0	9850	4762	2398	2270	522	0	0	5134	178	2582	868	2044	128	636	0	1376	0	290	0	1126	952	0	0	510	0	0	0	0	0	0	0	12266	3570	4278	626	1418	126	170	0	0	0	6956	314	276	0	0	0	0	0	878	0	0	0	318	120	194	0	0	0	0	0	0	0	298	0	0	0	0	0	0	0	0	0	0	0	0	0	0	0	0	0	
159932	Cingulum_Post_R	462	938	212	184	0	0	142	542	0	0	166	0	0	0	0	0	0	302	1034	2656	0	0	0	0	0	0	0	0	94	946	0	0	1402	3938	9850	0	124	10370	0	1968	0	0	0	1034	0	1074	0	2270	0	228	0	518	0	1796	0	4182	0	226	0	0	0	0	0	0	0	0	1472	10154	1568	2266	600	102	102	476	0	0	9428	2788	0	230	0	472	0	0	0	120	0	0	0	2880	0	178	0	0	0	0	0	100	0	0	0	0	0	0	0	0	0	0	0	0	372	0	0	0	0	0	
271588	Hippocampus_L	646	104	5432	394	532	0	786	0	104	0	1556	0	550	0	544	0	1088	0	7440	388	812	0	0	0	0	0	0	0	13656	0	0	0	0	0	4762	124	0	0	20252	0	6968	0	3582	0	132	0	4146	456	96	0	638	0	762	0	18768	0	0	0	0	0	0	0	0	0	0	0	6888	0	0	0	88	0	10766	0	572	0	4696	0	1248	0	1758	0	1928	0	1656	0	108	0	7326	0	1368	0	0	0	0	0	880	0	1666	0	0	0	0	0	0	0	0	0	0	128	0	0	0	0	0	0	
368436	Hippocampus_R	148	3120	1642	2466	236	164	202	2562	0	0	226	1264	224	474	114	762	0	2666	2290	1364	200	1566	0	0	0	128	0	402	624	7902	0	174	248	774	2398	10370	0	0	0	31940	0	8974	0	950	0	160	0	4256	0	208	0	492	0	1238	0	30798	0	1050	0	0	0	0	0	278	0	0	0	5254	282	240	428	830	154	18694	0	1614	6770	7904	0	890	0	2256	0	1650	0	668	0	90	0	3140	0	1318	0	0	0	384	0	3678	0	2500	0	0	0	0	0	0	0	0	0	0	420	0	0	0	0	0	
168364	ParaHippocampal_L	0	0	1596	84	410	0	104	0	0	0	0	0	0	0	434	0	0	0	2166	0	1098	0	0	0	0	0	0	0	2226	0	0	0	0	0	2270	0	20252	0	0	0	3070	0	3242	0	124	0	7202	562	106	0	1556	0	2392	0	14848	0	0	0	0	0	0	0	0	0	0	0	5370	0	0	0	0	0	4282	0	392	0	1260	0	0	0	172	0	488	0	1116	0	102	0	692	0	1484	0	0	0	212	0	1976	0	2638	0	0	0	0	0	0	0	0	0	0	152	104	0	0	0	0	0	
240744	ParaHippocampal_R	0	398	506	1278	0	114	0	940	0	0	0	394	0	258	0	470	0	944	672	636	154	1148	0	0	0	96	0	280	184	2736	0	92	0	0	522	1968	0	31940	0	0	0	7576	0	986	0	0	0	4476	0	0	0	0	0	346	0	24408	0	118	0	0	0	0	0	0	0	0	0	2822	0	0	188	346	0	10382	0	824	984	2854	0	216	0	446	0	3266	0	112	0	2278	0	518	0	2058	0	0	0	636	0	5254	0	3438	0	0	0	0	0	0	0	0	0	0	110	0	0	0	0	0	
43392	Amygdala_L	0	0	168	0	1040	0	0	0	164	0	0	0	0	0	1124	0	0	0	168	0	1088	0	0	0	0	0	200	0	3280	0	0	0	0	0	0	0	6968	0	3070	0	0	0	0	0	0	0	0	0	0	0	0	0	0	0	2312	0	0	0	0	0	0	0	0	0	0	0	0	0	0	0	0	0	1008	0	0	0	0	0	0	0	0	0	814	0	0	0	0	0	292	0	0	0	0	0	0	0	0	0	0	0	0	0	0	0	0	0	0	0	0	0	0	0	0	0	0	0	
62200	Amygdala_R	0	0	0	0	0	142	0	0	0	0	0	0	0	0	0	506	0	0	0	0	0	628	0	0	0	0	0	180	0	744	0	0	0	0	0	0	0	8974	0	7576	0	0	0	0	0	0	0	0	0	0	0	0	0	0	0	7066	0	0	0	0	0	0	0	0	0	0	0	0	0	0	0	0	0	1672	0	0	0	0	0	0	0	0	0	2496	0	0	0	522	0	96	0	96	0	0	0	0	0	284	0	118	0	0	0	0	0	0	0	0	0	0	0	0	0	0	0	0	
299572	Calcarine_L	774	0	0	0	0	0	0	0	0	0	0	0	0	0	0	0	112	0	296	0	0	0	0	0	0	0	0	0	196	0	0	0	1122	0	5134	0	3582	0	3242	0	0	0	0	6788	19124	5156	18320	1338	10664	1614	25984	244	5680	0	5580	0	0	0	466	0	0	0	0	0	176	0	22940	1198	2054	0	0	0	0	0	0	0	534	0	268	0	0	0	0	0	5768	88	0	0	420	0	210	0	0	0	0	0	156	0	394	0	0	0	0	0	0	0	0	0	0	0	164	0	0	0	0	0	
311368	Calcarine_R	0	316	0	0	0	0	0	0	0	0	0	0	0	0	0	0	0	98	0	1414	0	0	0	0	0	0	0	0	0	86	0	0	0	1240	178	1034	0	950	0	986	0	0	6788	0	4870	23292	4010	25440	1438	17994	0	14478	0	5498	0	5858	0	1420	0	0	0	0	0	0	0	146	1632	26736	172	3288	0	0	0	0	0	0	0	0	0	0	0	0	0	0	0	4196	0	0	0	1132	0	0	0	0	0	0	0	268	0	0	0	0	0	0	0	0	0	0	0	0	360	366	0	0	0	0	
211096	Cuneus_L	700	0	0	0	0	0	0	0	0	0	0	0	0	0	0	0	108	0	488	0	0	0	0	0	0	0	0	0	176	0	0	0	1938	0	2582	0	132	0	124	0	0	0	19124	4870	0	8066	2686	1400	17664	1170	12802	112	1010	0	744	200	0	0	1090	0	0	0	0	0	232	0	17512	3148	2812	0	0	0	0	0	0	0	0	0	270	0	0	0	0	0	4106	0	0	0	282	0	0	0	0	0	0	0	0	0	0	0	0	0	0	0	0	0	0	0	0	0	0	0	0	0	0	0	
325584	Cuneus_R	0	258	0	0	0	0	0	0	0	0	0	0	0	0	0	0	0	210	0	2776	0	0	0	0	0	0	0	0	0	0	0	0	302	4606	868	1074	0	160	0	0	0	0	5156	23292	8066	0	1950	6914	2426	33904	574	12564	0	2076	0	1748	0	3898	634	2762	0	602	0	458	0	674	5936	30022	334	5728	0	0	0	0	0	0	0	0	0	0	0	292	0	0	0	1896	0	0	0	352	0	0	0	0	0	0	0	0	0	0	0	0	0	0	0	0	0	0	0	0	92	188	0	0	0	0	
286984	Lingual_L	114	0	0	0	0	0	0	0	0	0	0	0	0	0	0	0	0	0	294	0	0	0	0	0	0	0	0	0	0	0	0	0	130	0	2044	0	4146	0	7202	0	0	0	18320	4010	2686	1950	0	2594	1972	1204	15544	326	10080	0	21232	294	0	0	0	0	0	0	0	0	0	0	8548	496	270	0	0	0	94	0	0	0	670	0	0	0	0	0	0	0	2046	92	0	0	142	0	5090	102	312	0	430	0	9828	910	11890	708	156	0	128	0	380	200	0	0	84	248	5464	1062	0	0	0	0	
323652	Lingual_R	0	126	98	162	0	0	0	0	0	0	0	0	0	0	0	0	0	130	96	766	0	0	0	0	0	0	0	0	0	110	0	0	0	660	128	2270	456	4256	562	4476	0	0	1338	25440	1400	6914	2594	0	788	4638	168	4790	360	8454	1958	21408	0	600	0	0	0	0	0	0	0	0	202	14826	148	1586	0	198	170	0	0	0	102	1078	0	0	0	0	0	0	0	480	0	0	0	1354	3348	1402	306	0	296	0	3914	6108	7228	7190	800	0	484	0	132	414	118	0	0	0	5190	7740	1028	422	416	0	
162400	Occipital_Sup_L	0	0	0	0	0	0	0	0	0	0	0	0	0	0	0	0	0	0	0	0	0	0	0	0	0	0	0	0	0	0	0	0	492	0	636	0	96	0	106	0	0	0	10664	1438	17664	2426	1972	788	0	186	20966	0	420	0	538	144	0	0	5074	0	990	0	0	0	284	0	13748	2100	134	0	0	0	0	0	0	0	0	0	0	0	0	0	0	0	334	0	0	0	0	0	0	0	0	0	0	0	0	0	0	0	0	0	0	0	0	0	0	0	0	0	0	0	0	0	0	0	
352044	Occipital_Sup_R	0	430	0	112	0	0	0	0	0	0	0	0	0	0	0	0	0	440	0	3564	0	0	0	0	0	0	0	0	0	96	0	0	254	5010	0	228	0	208	0	0	0	0	1614	17994	1170	33904	1204	4638	186	0	494	30134	0	2302	0	1532	0	6632	502	8094	0	3896	0	2066	0	8786	2946	27130	394	6636	0	0	0	0	0	0	0	0	0	0	0	522	0	0	0	2394	0	0	0	510	0	0	0	0	0	0	0	0	0	0	0	0	0	0	0	0	0	0	0	0	0	0	0	0	0	0	
476920	Occipital_Mid_L	3312	0	96	0	0	0	0	0	0	0	128	0	0	0	0	0	1714	0	194	0	0	0	0	0	0	0	0	0	946	0	0	0	1518	138	1376	0	638	0	1556	0	0	0	25984	0	12802	574	15544	168	20966	494	0	0	20634	0	9582	0	2696	0	19574	134	14876	0	1490	0	19000	0	26694	1714	4674	0	0	0	0	0	0	0	0	0	1130	0	1312	0	0	0	21556	0	0	0	1786	0	222	0	0	0	0	0	930	216	1082	154	0	0	0	0	0	0	0	0	0	0	726	130	0	0	0	0	
356056	Occipital_Mid_R	0	502	0	166	0	0	0	0	0	0	0	0	0	0	0	0	0	1118	0	3648	0	0	0	0	0	0	0	0	0	276	0	0	182	3962	0	518	0	492	0	0	0	0	244	14478	112	12564	326	4790	0	30134	0	0	0	9358	0	6134	0	3416	0	3872	0	9372	0	6140	0	23924	922	14700	306	3274	0	0	0	0	0	0	94	0	0	152	0	3608	0	0	0	17628	0	0	0	1616	0	0	0	0	0	0	0	0	0	0	0	0	0	0	0	0	0	0	0	0	0	0	0	0	0	0	
165212	Occipital_Inf_L	1030	0	102	0	0	0	0	0	0	0	0	0	0	0	0	0	252	0	132	0	0	0	0	0	0	0	0	0	450	0	0	0	0	0	290	0	762	0	2392	0	0	0	5680	0	1010	0	10080	360	420	0	20634	0	0	0	13640	122	0	0	0	0	0	0	0	0	324	0	3222	0	200	0	0	0	0	0	0	0	0	0	826	0	108	0	0	0	6830	0	0	0	4222	0	722	0	0	0	0	0	2392	474	2756	438	0	0	0	0	0	274	0	0	0	0	1882	452	0	0	0	128	
160660	Occipital_Inf_R	0	510	0	0	104	0	0	0	0	0	0	0	0	0	0	0	0	1002	0	1154	0	0	0	0	0	0	0	0	0	886	0	0	0	1408	0	1796	0	1238	0	346	0	0	0	5498	0	2076	0	8454	0	2302	0	9358	0	0	156	17030	0	614	0	0	0	138	0	144	0	168	0	5916	112	972	0	0	0	0	0	0	0	0	0	202	0	844	0	0	0	4720	0	0	0	6664	224	98	0	0	0	0	354	612	692	1728	206	0	0	0	0	144	0	0	0	0	538	1302	326	148	146	0	
496432	Fusiform_L	836	0	1630	0	0	0	404	0	0	0	440	0	200	0	98	0	432	0	2434	0	482	0	0	0	0	0	0	0	5530	0	0	0	0	0	1126	0	18768	0	14848	0	2312	0	5580	0	744	0	21232	1958	538	0	9582	0	13640	156	0	616	0	0	0	0	0	0	0	0	0	0	3790	0	0	0	0	0	3476	0	0	0	810	0	1958	0	2962	0	1868	0	5966	0	2376	0	16850	0	24634	196	1242	0	128	188	21110	2198	37008	2130	418	0	1124	0	328	1290	0	0	162	212	7890	3038	158	280	340	500	
540436	Fusiform_R	0	1214	270	816	96	0	0	318	0	0	0	98	0	84	0	334	0	1740	280	1456	94	724	0	0	0	0	0	170	114	4170	0	0	236	1578	952	4182	0	30798	0	24408	0	7066	0	5858	200	1748	294	21408	144	1532	0	6134	122	17030	616	0	0	554	0	0	0	0	0	104	0	0	0	7546	320	906	84	106	0	7396	0	344	522	1376	0	520	0	2628	0	7480	0	4514	0	2694	0	17284	1702	16424	182	296	264	1334	1764	12814	3944	25176	760	184	414	1398	0	1306	100	92	100	260	2904	5656	1154	664	664	0	
220832	Postcentral_L	22358	664	4976	744	0	0	3146	0	0	0	3454	0	180	0	0	0	7336	0	4060	396	0	0	0	0	0	0	0	0	3324	0	0	0	0	0	0	0	0	0	0	0	0	0	0	0	0	0	0	0	0	0	2696	0	0	0	0	0	0	0	8512	0	18256	0	12496	0	2336	0	2544	0	5570	0	440	0	0	0	0	0	0	0	932	0	4446	0	0	0	1364	0	0	0	186	0	0	0	0	0	0	0	0	0	0	0	0	0	0	0	0	0	0	0	0	0	0	0	0	0	0	0	
185432	Postcentral_R	0	10882	152	678	0	0	0	1008	0	0	0	864	84	0	0	0	0	2494	120	2524	0	0	0	0	0	0	0	0	136	2364	0	0	0	1942	0	226	0	1050	0	118	0	0	0	1420	0	3898	0	600	0	6632	0	3416	0	614	0	554	0	0	0	7662	0	6924	0	9400	0	2500	314	10880	106	8066	0	348	0	1674	0	0	338	290	0	244	0	926	0	0	0	494	0	0	0	774	0	0	0	0	0	0	0	0	0	0	0	0	0	0	0	0	0	0	0	0	0	0	0	0	0	0	
184580	Parietal_Sup_L	1868	0	84	0	0	0	200	0	0	0	192	0	0	0	0	0	1062	0	0	0	0	0	0	0	0	0	0	0	500	0	0	0	592	134	510	0	0	0	0	0	0	0	466	0	1090	634	0	0	5074	502	19574	0	0	0	0	0	8512	0	0	178	13496	0	890	0	5844	0	21760	3524	4120	0	0	0	0	0	0	0	0	0	262	0	232	0	0	0	558	0	0	0	432	0	0	0	0	0	0	0	0	0	0	0	0	0	0	0	0	0	0	0	0	0	0	0	0	0	0	0	
101024	Parietal_Sup_R	0	96	0	0	0	0	0	0	0	0	0	0	0	0	0	0	0	0	0	0	0	0	0	0	0	0	0	0	0	0	0	0	0	0	0	0	0	0	0	0	0	0	0	0	0	2762	0	0	0	8094	134	3872	0	0	0	0	0	7662	178	0	0	8746	0	1312	0	6568	1646	9074	0	258	0	0	0	0	0	0	0	0	0	0	0	0	0	0	0	0	0	0	0	110	0	0	0	0	0	0	0	0	0	0	0	0	0	0	0	0	0	0	0	0	0	0	0	0	0	0	
236292	Parietal_Inf_L	4224	828	1862	508	0	0	590	0	0	0	824	0	0	0	0	0	408	0	1242	102	0	0	0	0	0	0	0	0	290	0	0	0	0	0	0	0	0	0	0	0	0	0	0	0	0	0	0	0	990	0	14876	0	0	0	0	0	18256	0	13496	0	0	0	21576	0	25854	0	3240	0	2888	0	0	0	0	0	0	0	0	0	124	0	1854	0	0	0	3508	0	0	0	606	0	0	0	0	0	0	0	0	0	0	0	0	0	0	0	0	0	0	0	0	0	0	0	0	0	0	0	
123536	Parietal_Inf_R	0	394	0	86	0	0	0	0	0	0	0	0	0	0	0	0	0	0	0	188	0	0	0	0	0	0	0	0	0	0	0	0	0	110	0	0	0	0	0	0	0	0	0	0	0	602	0	0	0	3896	0	9372	0	138	0	0	0	6924	0	8746	0	0	0	8780	0	18686	0	896	0	318	0	0	0	0	0	0	0	0	0	0	0	142	0	0	0	1976	0	0	0	514	0	0	0	0	0	0	0	0	0	0	0	0	0	0	0	0	0	0	0	0	0	0	0	0	0	0	
145380	SupraMarginal_L	2202	606	1938	506	0	0	288	0	0	0	1186	0	0	0	0	0	3240	0	1260	102	0	0	0	0	0	0	0	0	852	0	0	0	0	0	0	0	0	0	0	0	0	0	0	0	0	0	0	0	0	0	1490	0	0	0	0	0	12496	0	890	0	21576	0	0	0	7312	0	268	0	182	0	0	0	0	0	0	0	0	0	188	0	7984	0	0	0	7176	0	0	0	948	0	0	0	0	0	0	0	0	0	0	0	0	0	0	0	0	0	0	0	0	0	0	0	0	0	0	0	
122576	SupraMarginal_R	0	1040	0	148	0	0	0	0	0	0	0	0	0	0	0	0	0	4344	0	280	0	0	0	0	0	0	0	0	0	276	0	0	0	200	0	0	0	278	0	0	0	0	0	0	0	458	0	0	0	2066	0	6140	0	144	0	104	0	9400	0	1312	0	8780	0	0	0	10070	0	878	0	332	0	0	0	0	0	0	0	0	0	464	0	8360	0	0	0	5582	0	0	0	632	0	0	0	0	0	0	0	0	0	0	0	0	0	0	0	0	0	0	0	0	0	0	0	0	0	0	
177668	Angular_L	2104	0	568	0	0	0	344	0	0	0	662	0	0	0	0	0	340	0	506	0	0	0	0	0	0	0	0	0	266	0	0	0	0	0	0	0	0	0	0	0	0	0	176	0	232	0	0	0	284	0	19000	0	324	0	0	0	2336	0	5844	0	25854	0	7312	0	0	0	1958	0	1844	0	0	0	0	0	0	0	0	0	136	0	4846	0	0	0	11822	0	0	0	2076	0	0	0	0	0	0	0	0	0	0	0	0	0	0	0	0	0	0	0	0	0	0	0	0	0	0	0	
191148	Angular_R	0	390	0	106	0	0	0	0	0	0	0	0	0	0	0	0	0	450	0	490	0	0	0	0	0	0	0	0	0	102	0	0	0	310	0	0	0	0	0	0	0	0	0	146	0	674	0	0	0	8786	0	23924	0	168	0	0	0	2500	0	6568	0	18686	0	10070	0	0	0	900	0	344	0	0	0	0	0	0	0	0	0	0	0	6674	0	0	0	13466	0	0	0	820	0	0	0	0	0	0	0	0	0	0	0	0	0	0	0	0	0	0	0	0	0	0	0	0	0	0	
424448	Precuneus_L	2074	0	238	0	0	0	106	0	0	0	108	0	0	0	0	0	488	0	566	408	0	0	0	0	0	0	0	0	546	0	0	0	5568	2622	12266	1472	6888	0	5370	0	0	0	22940	1632	17512	5936	8548	202	13748	2946	26694	922	3222	0	3790	0	2544	314	21760	1646	3240	0	268	0	1958	0	0	16092	6192	556	0	0	0	0	0	0	1876	0	436	0	138	0	0	0	6696	0	0	0	878	0	298	0	0	0	0	0	90	0	430	0	0	0	0	0	0	0	0	0	0	0	0	0	0	0	0	0	
503936	Precuneus_R	100	1536	0	178	0	0	0	0	0	0	0	0	0	0	0	0	0	398	150	8286	0	0	0	0	0	0	0	0	0	142	0	0	2102	12536	3570	10154	0	5254	0	2822	0	0	1198	26736	3148	30022	496	14826	2100	27130	1714	14700	0	5916	0	7546	0	10880	3524	9074	0	896	0	878	0	900	16092	0	1610	16354	0	0	0	0	0	0	358	206	0	86	0	578	0	0	0	3178	0	0	0	3288	0	196	0	0	0	0	0	538	0	0	0	0	0	0	0	0	0	0	0	0	572	0	0	0	0	0	
154300	Paracentral_Lobule_L	7316	846	218	572	0	0	0	0	0	0	0	0	0	0	0	0	204	0	5940	5528	0	0	0	0	0	0	0	0	206	0	0	0	5710	4342	4278	1568	0	282	0	0	0	0	2054	172	2812	334	270	148	134	394	4674	306	200	112	0	320	5570	106	4120	0	2888	0	182	0	1844	0	6192	1610	0	3816	104	0	0	0	0	0	416	0	0	0	0	0	0	0	1274	0	0	0	0	88	0	0	0	0	0	0	0	0	0	0	0	0	0	0	0	0	0	0	0	0	0	0	0	0	0	0	
207032	Paracentral_Lobule_R	346	1840	188	150	0	0	224	0	0	0	204	0	0	0	0	0	0	206	3494	22112	0	0	0	0	0	0	0	0	0	0	0	0	2530	15318	626	2266	0	240	0	0	0	0	0	3288	0	5728	0	1586	0	6636	0	3274	0	972	0	906	0	8066	0	258	0	318	0	332	0	344	556	16354	3816	0	0	0	0	0	0	0	290	0	0	0	0	330	0	0	0	382	0	0	0	336	0	0	0	0	0	0	0	0	0	0	0	0	0	0	0	0	0	0	0	0	0	0	0	0	0	0	
249960	Caudate_L	1106	780	4574	590	4592	2972	1910	544	1804	0	1682	598	4220	256	3604	556	526	0	5982	568	9758	8198	212	268	818	1730	4348	4102	7262	1090	3808	2732	0	0	1418	600	88	428	0	188	0	0	0	0	0	0	0	0	0	0	0	0	0	0	0	84	440	0	0	0	0	0	0	0	0	0	0	0	104	0	0	11226	15388	2444	1482	0	9002	406	0	0	242	0	250	0	0	0	0	0	0	0	0	0	0	0	0	0	0	0	0	0	0	0	0	0	0	0	0	0	0	0	0	0	0	0	0	0	
378104	Caudate_R	386	6736	5632	25088	576	2606	1546	2602	290	0	2468	1214	4356	798	586	1156	436	276	5750	12188	3002	4336	642	10706	490	3506	492	2168	5504	1128	3042	22930	154	176	126	102	0	830	0	346	0	0	0	0	0	0	0	198	0	0	0	0	0	0	0	106	0	348	0	0	0	0	0	0	0	0	0	0	0	0	11226	0	2884	15068	174	3494	2244	18818	0	0	122	0	0	0	0	0	0	0	0	0	0	0	0	0	0	0	0	0	0	0	0	0	0	0	0	0	0	0	0	0	0	0	0	0	0	0	
347864	Putamen_L	146	544	21212	714	9810	1190	4120	340	4366	0	2010	0	3678	0	9028	212	552	0	23342	1016	5816	4358	2174	0	462	536	1472	1822	17922	330	4790	728	0	0	170	102	10766	154	4282	0	1008	0	0	0	0	0	94	170	0	0	0	0	0	0	3476	0	0	0	0	0	0	0	0	0	0	0	0	0	0	0	15388	2884	0	878	5780	0	3080	84	0	0	306	0	1182	0	124	0	0	0	572	0	234	0	0	0	0	0	248	0	260	0	0	0	0	0	0	0	0	0	0	0	0	0	0	0	0	0	
357888	Putamen_R	230	2186	4160	13462	338	2758	592	5442	112	174	1040	5010	866	3092	246	3386	596	4316	4566	5556	890	2820	600	5120	388	4510	172	1816	1494	22320	724	7542	0	532	0	476	0	18694	0	10382	0	1672	0	0	0	0	0	0	0	0	0	0	0	0	0	7396	0	1674	0	0	0	0	0	0	0	0	0	0	0	0	2444	15068	878	0	0	5078	668	1778	0	122	128	636	0	962	0	102	0	0	0	678	0	648	0	0	0	100	0	934	0	1370	0	0	0	0	0	0	0	0	0	0	0	0	0	0	0	0	
39412	Pallidum_L	0	278	3236	478	0	0	0	0	0	0	0	0	0	0	0	0	0	0	5632	444	0	0	0	0	0	0	0	0	0	0	0	0	0	0	0	0	572	0	392	0	0	0	0	0	0	0	0	0	0	0	0	0	0	0	0	0	0	0	0	0	0	0	0	0	0	0	0	0	0	0	1482	174	5780	0	0	0	1238	0	0	0	0	0	0	0	0	0	0	0	0	0	0	0	0	0	0	0	0	0	0	0	0	0	0	0	0	0	0	0	0	0	0	0	0	0	0	0	
43008	Pallidum_R	188	0	2332	1194	0	0	468	348	0	0	462	0	284	0	0	0	258	174	2518	580	0	0	280	0	0	0	0	0	416	192	100	0	0	0	0	0	0	1614	0	824	0	0	0	0	0	0	0	0	0	0	0	0	0	0	0	344	0	0	0	0	0	0	0	0	0	0	0	0	0	0	0	3494	0	5078	0	0	154	202	0	0	0	0	0	0	0	0	0	0	0	0	0	0	0	0	0	0	0	0	0	0	0	0	0	0	0	0	0	0	0	0	0	0	0	0	0	0	
181928	Thalamus_L	760	3078	3328	1622	88	0	542	1102	0	0	486	108	86	0	0	0	0	258	12952	1118	0	0	0	0	0	0	0	0	1776	974	0	0	0	214	6956	9428	4696	6770	1260	984	0	0	534	0	0	0	670	102	0	0	0	94	0	0	810	522	0	338	0	0	0	0	0	0	0	0	1876	358	416	290	9002	2244	3080	668	1238	154	0	8154	96	218	160	426	0	0	86	114	0	0	186	174	144	0	0	0	0	0	0	0	224	0	0	0	0	0	0	0	0	0	0	0	0	0	0	0	0	0	
155540	Thalamus_R	0	7658	1612	11406	212	0	132	774	0	0	0	168	190	0	102	0	0	350	1784	2774	0	0	0	0	0	0	0	0	580	1332	0	198	0	0	314	2788	0	7904	0	2854	0	0	0	0	0	0	0	1078	0	0	0	0	0	0	0	1376	0	290	0	0	0	0	0	0	0	0	0	206	0	0	406	18818	84	1778	0	202	8154	0	0	290	0	500	0	0	0	336	0	0	0	606	0	0	0	0	0	0	0	514	0	0	0	0	0	0	0	0	0	0	0	0	0	0	0	0	0	0	
99700	Heschl_L	3868	0	2520	0	0	0	856	0	0	0	1674	0	472	0	0	0	3388	0	2448	0	0	0	0	0	0	0	0	0	9690	0	0	0	0	0	276	0	1248	0	0	0	0	0	268	0	270	0	0	0	0	0	1130	0	826	0	1958	0	932	0	262	0	124	0	188	0	136	0	436	0	0	0	0	0	0	0	0	0	96	0	0	0	4226	0	0	0	7334	0	0	0	5224	0	0	0	0	0	0	0	0	0	0	0	0	0	0	0	0	0	0	0	0	0	0	0	0	0	0	0	
39024	Heschl_R	0	188	156	340	0	0	0	188	0	0	0	360	0	0	0	0	0	4274	200	86	0	0	0	0	0	0	0	0	0	4242	0	0	0	0	0	230	0	890	0	216	0	0	0	0	0	0	0	0	0	0	0	152	0	202	0	520	0	244	0	0	0	0	0	464	0	0	0	86	0	0	0	0	0	122	0	0	218	290	0	0	0	4116	0	0	0	1076	0	0	0	652	0	0	0	0	0	0	0	0	0	0	0	0	0	0	0	0	0	0	0	0	0	0	0	0	0	0	
262776	Temporal_Sup_L	2670	0	3786	0	0	0	1188	0	0	0	4954	0	980	0	0	0	7992	0	2818	0	0	0	0	0	0	0	0	0	14928	0	0	0	0	0	0	0	1758	0	172	0	0	0	0	0	0	0	0	0	0	0	1312	0	108	0	2962	0	4446	0	232	0	1854	0	7984	0	4846	0	138	0	0	0	242	122	306	128	0	0	160	0	4226	0	0	0	4630	0	37702	0	0	0	18412	0	0	0	0	0	0	0	0	0	332	0	0	0	0	0	0	0	0	0	0	0	0	0	0	0	0	0	
168544	Temporal_Sup_R	0	166	0	0	86	0	0	0	0	0	0	262	0	0	0	902	0	9320	0	106	0	0	0	0	0	0	0	0	0	9186	0	0	0	0	0	472	0	2256	0	446	0	0	0	0	0	292	0	0	0	522	0	3608	0	844	0	2628	0	926	0	0	0	142	0	8360	0	6674	0	578	0	330	0	0	0	636	0	0	426	500	0	4116	0	0	0	3986	0	19320	0	84	0	7098	0	0	0	0	0	0	0	0	0	0	0	0	0	0	0	0	0	0	0	0	0	0	0	0	0	0	
99108	Temporal_Pole_Sup_L	0	0	2494	0	1592	0	0	0	220	0	3282	0	512	0	2546	0	1512	0	2212	0	1446	0	0	0	0	0	350	0	8048	0	0	0	0	0	0	0	1928	0	488	0	814	0	0	0	0	0	0	0	0	0	0	0	0	0	1868	0	0	0	0	0	0	0	0	0	0	0	0	0	0	0	250	0	1182	0	0	0	0	0	0	0	4630	0	0	0	5004	0	4550	0	4626	0	0	0	0	0	0	0	0	0	0	0	0	0	0	0	0	0	0	0	0	0	0	0	0	0	0	0	
86804	Temporal_Pole_Sup_R	0	0	0	0	0	0	0	0	0	0	0	88	0	0	0	592	0	242	0	0	92	172	0	0	0	0	0	100	0	2300	0	0	0	0	0	0	0	1650	0	3266	0	2496	0	0	0	0	0	0	0	0	0	0	0	0	0	7480	0	0	0	0	0	0	0	0	0	0	0	0	0	0	0	0	0	962	0	0	0	0	0	0	0	3986	0	0	0	4052	0	6058	0	9214	0	142	0	0	0	0	0	278	0	232	0	0	0	0	0	0	0	0	0	0	0	0	0	0	0	0	
411580	Temporal_Mid_L	6758	0	1578	0	0	0	926	0	0	0	1216	0	636	0	0	0	3782	0	1568	0	0	0	0	0	0	0	0	0	10744	0	0	0	252	0	878	0	1656	0	1116	0	0	0	5768	0	4106	0	2046	0	334	0	21556	0	6830	0	5966	0	1364	0	558	0	3508	0	7176	0	11822	0	6696	0	1274	0	0	0	124	0	0	0	86	0	7334	0	37702	0	5004	0	0	0	4674	0	40080	0	174	0	0	0	0	0	92	0	406	0	0	0	0	0	0	0	0	0	0	0	0	0	0	0	0	0	
232576	Temporal_Mid_R	0	174	0	0	0	0	0	0	0	0	0	0	0	0	0	0	0	2354	0	650	0	0	0	0	0	0	0	0	0	2798	0	0	0	464	0	120	0	668	0	112	0	0	88	4196	0	1896	92	480	0	2394	0	17628	0	4720	0	4514	0	494	0	0	0	1976	0	5582	0	13466	0	3178	0	382	0	0	0	102	0	0	114	336	0	1076	0	19320	0	4052	0	0	0	2626	0	20236	0	0	0	0	0	0	0	0	0	0	0	0	0	0	0	0	0	0	0	0	0	0	0	0	0	0	
34992	Temporal_Pole_Mid_L	0	0	0	0	0	0	0	0	0	0	0	0	0	0	0	0	0	0	0	0	0	0	0	0	0	0	0	0	102	0	0	0	0	0	0	0	108	0	102	0	0	0	0	0	0	0	0	0	0	0	0	0	0	0	2376	0	0	0	0	0	0	0	0	0	0	0	0	0	0	0	0	0	0	0	0	0	0	0	0	0	0	0	4550	0	4674	0	0	0	5584	0	0	0	0	0	0	0	0	0	0	0	0	0	0	0	0	0	0	0	0	0	0	0	0	0	0	0	
38452	Temporal_Pole_Mid_R	0	0	0	0	0	0	0	0	0	0	0	0	0	0	0	0	0	0	0	0	0	0	0	0	0	0	0	0	0	0	0	0	0	0	0	0	0	90	0	2278	0	522	0	0	0	0	0	0	0	0	0	0	0	0	0	2694	0	0	0	0	0	0	0	0	0	0	0	0	0	0	0	0	0	0	0	0	0	0	0	0	0	84	0	6058	0	2626	0	0	0	4874	0	0	0	0	0	0	0	0	0	0	0	0	0	0	0	0	0	0	0	0	0	0	0	0	0	0	
279232	Temporal_Inf_L	3388	0	1160	0	0	0	204	0	0	0	550	0	150	0	0	0	1176	0	1118	0	0	0	0	0	0	0	0	0	6606	0	0	0	0	0	318	0	7326	0	692	0	292	0	420	0	282	0	142	0	0	0	1786	0	4222	0	16850	0	186	0	432	0	606	0	948	0	2076	0	878	0	0	0	0	0	572	0	0	0	186	0	5224	0	18412	0	4626	0	40080	0	5584	0	0	0	6076	0	1656	0	0	0	522	0	1932	0	1000	0	1726	0	212	0	0	0	0	0	0	0	0	0	0	0	
200888	Temporal_Inf_R	0	612	136	0	236	0	0	0	0	0	0	0	0	0	0	0	0	2218	0	402	0	0	0	0	0	0	0	0	146	4974	0	0	106	624	120	2880	0	3140	0	518	0	96	0	1132	0	352	0	1354	0	510	0	1616	0	6664	0	17284	0	774	0	110	0	514	0	632	0	820	0	3288	88	336	0	0	0	678	0	0	174	606	0	652	0	7098	0	9214	0	20236	0	4874	0	0	0	3016	0	112	0	86	0	188	0	654	0	144	0	816	0	214	0	0	0	0	0	0	0	0	0	0	
421128	Cerebelum_Crus1_L	0	0	0	0	0	0	0	0	0	0	0	0	0	0	0	0	0	0	262	0	0	0	0	0	0	0	0	0	0	0	0	0	0	0	194	0	1368	0	1484	0	0	0	210	0	0	0	5090	3348	0	0	222	0	722	224	24634	1702	0	0	0	0	0	0	0	0	0	0	298	0	0	0	0	0	234	0	0	0	144	0	0	0	0	0	0	0	174	0	0	0	6076	0	0	3268	24394	1136	206	92	18160	2502	52460	4622	10656	0	20732	306	5878	582	1766	0	0	174	5554	6432	3794	766	590	108	
427292	Cerebelum_Crus1_R	0	0	0	88	0	0	0	0	0	0	0	0	0	0	0	0	0	100	0	92	0	0	0	0	0	0	0	0	0	184	0	0	0	0	0	178	0	1318	0	2058	0	96	0	0	0	0	102	1402	0	0	0	0	0	98	196	16424	0	0	0	0	0	0	0	0	0	0	0	196	0	0	0	0	0	648	0	0	0	0	0	0	0	0	0	142	0	0	0	0	0	3016	3268	0	1420	27994	218	2894	1534	14478	4962	51440	1740	6046	2078	26966	808	12372	466	480	458	1514	2528	8820	9748	2602	2474	0	
323136	Cerebelum_Crus2_L	0	0	0	0	0	0	0	0	0	0	0	0	0	0	0	0	0	0	0	0	0	0	0	0	0	0	0	0	0	0	0	0	0	0	0	0	0	0	0	0	0	0	0	0	0	0	312	306	0	0	0	0	0	0	1242	182	0	0	0	0	0	0	0	0	0	0	0	0	0	0	0	0	0	0	0	0	0	0	0	0	0	0	0	0	0	0	0	0	1656	0	24394	1420	0	11156	0	0	634	128	4142	1038	39700	6264	37818	5864	7408	0	546	0	0	0	268	674	12160	4256	0	0	
310304	Cerebelum_Crus2_R	0	0	0	0	0	0	0	0	0	0	0	0	0	0	0	0	0	0	0	0	0	0	0	0	0	0	0	0	0	0	0	0	0	0	0	0	0	0	0	0	0	0	0	0	0	0	0	0	0	0	0	0	0	0	0	296	0	0	0	0	0	0	0	0	0	0	0	0	0	0	0	0	0	0	0	0	0	0	0	0	0	0	0	0	0	0	0	0	0	112	1136	27994	11156	0	0	0	0	126	1738	3922	7400	25788	9456	36846	892	10326	124	0	0	0	0	886	12482	3838	634	0	
26884	Cerebelum_3_L	0	0	0	0	0	0	0	0	0	0	0	0	0	0	0	0	0	0	0	0	0	0	0	0	0	0	0	0	0	0	0	0	0	0	0	0	0	0	212	0	0	0	0	0	0	0	430	296	0	0	0	0	0	0	128	264	0	0	0	0	0	0	0	0	0	0	0	0	0	0	0	0	0	0	0	0	0	0	0	0	0	0	0	0	0	0	0	0	0	0	206	218	0	0	0	0	4548	160	1754	576	0	0	0	0	0	84	0	0	792	2052	1130	592	0	0	0	0	
56684	Cerebelum_3_R	0	0	0	0	0	0	0	0	0	0	0	0	0	0	0	0	0	0	0	0	0	0	0	0	0	0	0	0	0	0	0	0	0	0	0	0	0	384	0	636	0	0	0	0	0	0	0	0	0	0	0	0	0	0	188	1334	0	0	0	0	0	0	0	0	0	0	0	0	0	0	0	0	0	100	0	0	0	0	0	0	0	0	0	0	0	0	0	0	0	86	92	2894	0	0	0	0	560	6140	324	6714	0	0	0	462	0	1388	0	188	1188	4068	744	402	144	0	222	84	
348144	Cerebelum_4_5_L	0	0	120	0	0	0	0	0	0	0	0	0	0	0	0	0	0	0	110	0	0	0	0	0	0	0	0	0	166	0	0	0	0	0	0	0	880	0	1976	0	0	0	156	0	0	0	9828	3914	0	0	930	0	2392	354	21110	1764	0	0	0	0	0	0	0	0	0	0	90	0	0	0	0	0	248	0	0	0	0	0	0	0	0	0	0	0	92	0	0	0	522	0	18160	1534	634	0	4548	560	0	6626	43482	7028	1212	0	1822	132	3674	2682	1718	266	928	2054	22788	5984	434	718	1348	1088	
232344	Cerebelum_4_5_R	0	0	0	104	0	0	0	0	0	0	0	0	0	0	0	0	0	0	0	0	0	0	0	0	0	0	0	0	0	204	0	0	0	0	0	100	0	3678	0	5254	0	284	0	268	0	0	910	6108	0	0	216	0	474	612	2198	12814	0	0	0	0	0	0	0	0	0	0	0	538	0	0	0	0	0	934	0	0	0	514	0	0	0	0	0	278	0	0	0	0	0	188	2502	14478	128	126	160	6140	6626	0	5396	28506	0	0	116	468	180	1032	0	394	398	1958	10790	402	120	0	144	432	
535848	Cerebelum_6_L	0	0	0	0	0	0	0	0	0	0	0	0	0	0	0	0	0	0	296	0	0	0	0	0	0	0	0	0	132	0	0	0	0	0	298	0	1666	0	2638	0	0	0	394	0	0	0	11890	7228	0	0	1082	0	2756	692	37008	3944	0	0	0	0	0	0	0	0	0	0	430	0	0	0	0	0	260	0	0	0	224	0	0	0	332	0	0	0	406	0	0	0	1932	0	52460	4962	4142	1738	1754	324	43482	5396	0	10554	5538	664	8622	1588	4816	2450	2354	240	446	688	19252	15524	3892	1206	1304	920	
459764	Cerebelum_6_R	0	0	0	142	0	0	0	0	0	0	0	0	0	0	0	0	0	0	0	94	0	186	0	0	0	0	0	0	0	234	0	0	0	0	0	0	0	2500	0	3438	0	118	0	0	0	0	708	7190	0	0	154	0	438	1728	2130	25176	0	0	0	0	0	0	0	0	0	0	0	0	0	0	0	0	0	1370	0	0	0	0	0	0	0	0	0	232	0	0	0	0	0	654	4622	51440	1038	3922	576	6714	7028	28506	10554	0	2006	762	1820	7830	1110	7226	616	984	1302	3600	10638	13860	9870	3524	3396	446	
290848	Cerebelum_7b_L	0	0	0	0	0	0	0	0	0	0	0	0	0	0	0	0	0	0	0	0	0	0	0	0	0	0	0	0	0	0	0	0	0	0	0	0	0	0	0	0	0	0	0	0	0	0	156	800	0	0	0	0	0	206	418	760	0	0	0	0	0	0	0	0	0	0	0	0	0	0	0	0	0	0	0	0	0	0	0	0	0	0	0	0	0	0	0	0	1000	0	10656	1740	39700	7400	0	0	1212	0	5538	2006	0	5972	38222	5408	5506	0	1152	0	0	0	548	2636	8690	5698	0	0	
177828	Cerebelum_7b_R	0	0	0	0	0	0	0	0	0	0	0	0	0	0	0	0	0	0	0	0	0	0	0	0	0	0	0	0	0	0	0	0	0	0	0	0	0	0	0	0	0	0	0	0	0	0	0	0	0	0	0	0	0	0	0	184	0	0	0	0	0	0	0	0	0	0	0	0	0	0	0	0	0	0	0	0	0	0	0	0	0	0	0	0	0	0	0	0	0	144	0	6046	6264	25788	0	0	0	0	664	762	5972	0	6622	23676	330	2766	0	0	0	0	0	0	4988	4708	0	0	
377172	Cerebelum_8_L	0	0	0	0	0	0	0	0	0	0	0	0	0	0	0	0	0	0	0	0	0	0	0	0	0	0	0	0	0	0	0	0	0	0	0	0	0	0	0	0	0	0	0	0	0	0	128	484	0	0	0	0	0	0	1124	414	0	0	0	0	0	0	0	0	0	0	0	0	0	0	0	0	0	0	0	0	0	0	0	0	0	0	0	0	0	0	0	0	1726	0	20732	2078	37818	9456	0	0	1822	116	8622	1820	38222	6622	0	9934	19088	716	3062	0	0	0	398	1570	11164	10372	1098	0	
345920	Cerebelum_8_R	0	0	0	0	0	0	0	0	0	0	0	0	0	0	0	0	0	0	0	0	0	0	0	0	0	0	0	0	0	0	0	0	0	0	0	0	0	0	0	0	0	0	0	0	0	0	0	0	0	0	0	0	0	0	0	1398	0	0	0	0	0	0	0	0	0	0	0	0	0	0	0	0	0	0	0	0	0	0	0	0	0	0	0	0	0	0	0	0	0	816	306	26966	5864	36846	0	462	132	468	1588	7830	5408	23676	9934	0	1964	24778	0	730	174	308	230	1112	9064	10894	1928	84	
138800	Cerebelum_9_L	0	0	0	0	0	0	0	0	0	0	0	0	0	0	0	0	0	0	0	0	0	0	0	0	0	0	0	0	0	0	0	0	0	0	0	0	0	0	0	0	0	0	0	0	0	0	380	132	0	0	0	0	0	0	328	0	0	0	0	0	0	0	0	0	0	0	0	0	0	0	0	0	0	0	0	0	0	0	0	0	0	0	0	0	0	0	0	0	212	0	5878	808	7408	892	0	0	3674	180	4816	1110	5506	330	19088	1964	0	812	5376	0	0	0	3002	2080	2022	2480	660	262	
207704	Cerebelum_9_R	0	0	0	0	0	0	0	0	0	0	0	0	0	0	0	0	0	0	0	0	0	0	0	0	0	0	0	0	0	0	0	0	0	0	0	0	0	0	0	0	0	0	0	0	0	0	200	414	0	0	0	0	274	144	1290	1306	0	0	0	0	0	0	0	0	0	0	0	0	0	0	0	0	0	0	0	0	0	0	0	0	0	0	0	0	0	0	0	0	0	214	582	12372	0	10326	84	1388	2682	1032	2450	7226	0	2766	716	24778	812	0	204	2736	798	984	4164	5992	4448	5776	6358	1336	
41060	Cerebelum_10_L	0	0	0	0	0	0	0	0	0	0	0	0	0	0	0	0	0	0	0	0	0	0	0	0	0	0	0	0	0	0	0	0	0	0	0	0	0	0	0	0	0	0	0	0	0	0	0	118	0	0	0	0	0	0	0	100	0	0	0	0	0	0	0	0	0	0	0	0	0	0	0	0	0	0	0	0	0	0	0	0	0	0	0	0	0	0	0	0	0	0	1766	466	546	124	0	0	1718	0	2354	616	1152	0	3062	0	5376	204	0	0	0	0	1136	1180	306	114	192	0	
17608	Cerebelum_10_R	0	0	0	0	0	0	0	0	0	0	0	0	0	0	0	0	0	0	0	0	0	0	0	0	0	0	0	0	0	0	0	0	0	0	0	0	0	0	0	0	0	0	0	0	0	0	0	0	0	0	0	0	0	0	0	92	0	0	0	0	0	0	0	0	0	0	0	0	0	0	0	0	0	0	0	0	0	0	0	0	0	0	0	0	0	0	0	0	0	0	0	480	0	0	0	188	266	394	240	984	0	0	0	730	0	2736	0	0	0	0	496	702	378	478	640	0	
27824	Vermis_1_2	0	0	0	0	0	0	0	0	0	0	0	0	0	0	0	0	0	0	0	0	0	0	0	0	0	0	0	0	0	0	0	0	0	0	0	0	0	0	0	0	0	0	0	0	0	0	84	0	0	0	0	0	0	0	162	100	0	0	0	0	0	0	0	0	0	0	0	0	0	0	0	0	0	0	0	0	0	0	0	0	0	0	0	0	0	0	0	0	0	0	0	458	0	0	792	1188	928	398	446	1302	0	0	0	174	0	798	0	0	0	5432	1104	240	88	0	0	218	
52880	Vermis_3	0	0	0	0	0	0	0	0	0	0	0	0	0	0	0	0	0	0	0	0	0	0	0	0	0	0	0	0	0	0	0	0	0	0	0	0	128	0	152	0	0	0	0	0	0	0	248	0	0	0	0	0	0	0	212	260	0	0	0	0	0	0	0	0	0	0	0	0	0	0	0	0	0	0	0	0	0	0	0	0	0	0	0	0	0	0	0	0	0	0	174	1514	0	0	2052	4068	2054	1958	688	3600	0	0	0	308	0	984	0	0	5432	0	1810	316	136	0	106	240	
