data	data	544316	356776	1.09389e+06	795968	246124	217312	500672	284228	135052	118108	358336	223060	357624	236220	159412	211180	252036	134716	671908	824812	100608	115372	454036	354252	63480	171676	89384	82760	863392	572624	492768	442904	157780	602660	183996	219456	369656	421056	123360	339084	67132	112496	257996	384652	191052	330260	306280	474240	235080	422968	578648	355172	186424	128280	656852	677424	397856	220712	192748	125696	297908	132712	154680	128124	254248	181708	323324	571976	302516	260620	417952	427544	492228	434228	43112	50064	134724	189356	85892	35308	279160	165808	124584	90124	397312	320720	44720	43704	381608	315332	686444	885696	559336	652204	112996	212556	744592	624128	685228	895036	341444	316888	660408	547728	188268	160188	16164	11904	62108	285740	557860	266260	361620	340460	183188	79544	
data	data	Precentral_L	Precentral_R	Frontal_Sup_L	Frontal_Sup_R	Frontal_Sup_Orb_L	Frontal_Sup_Orb_R	Frontal_Mid_L	Frontal_Mid_R	Frontal_Mid_Orb_L	Frontal_Mid_Orb_R	Frontal_Inf_Oper_L	Frontal_Inf_Oper_R	Frontal_Inf_Tri_L	Frontal_Inf_Tri_R	Frontal_Inf_Orb_L	Frontal_Inf_Orb_R	Rolandic_Oper_L	Rolandic_Oper_R	Supp_Motor_Area_L	Supp_Motor_Area_R	Olfactory_L	Olfactory_R	Frontal_Sup_Medial_L	Frontal_Sup_Medial_R	Frontal_Med_Orb_L	Frontal_Med_Orb_R	Rectus_L	Rectus_R	Insula_L	Insula_R	Cingulum_Ant_L	Cingulum_Ant_R	Cingulum_Mid_L	Cingulum_Mid_R	Cingulum_Post_L	Cingulum_Post_R	Hippocampus_L	Hippocampus_R	ParaHippocampal_L	ParaHippocampal_R	Amygdala_L	Amygdala_R	Calcarine_L	Calcarine_R	Cuneus_L	Cuneus_R	Lingual_L	Lingual_R	Occipital_Sup_L	Occipital_Sup_R	Occipital_Mid_L	Occipital_Mid_R	Occipital_Inf_L	Occipital_Inf_R	Fusiform_L	Fusiform_R	Postcentral_L	Postcentral_R	Parietal_Sup_L	Parietal_Sup_R	Parietal_Inf_L	Parietal_Inf_R	SupraMarginal_L	SupraMarginal_R	Angular_L	Angular_R	Precuneus_L	Precuneus_R	Paracentral_Lobule_L	Paracentral_Lobule_R	Caudate_L	Caudate_R	Putamen_L	Putamen_R	Pallidum_L	Pallidum_R	Thalamus_L	Thalamus_R	Heschl_L	Heschl_R	Temporal_Sup_L	Temporal_Sup_R	Temporal_Pole_Sup_L	Temporal_Pole_Sup_R	Temporal_Mid_L	Temporal_Mid_R	Temporal_Pole_Mid_L	Temporal_Pole_Mid_R	Temporal_Inf_L	Temporal_Inf_R	Cerebelum_Crus1_L	Cerebelum_Crus1_R	Cerebelum_Crus2_L	Cerebelum_Crus2_R	Cerebelum_3_L	Cerebelum_3_R	Cerebelum_4_5_L	Cerebelum_4_5_R	Cerebelum_6_L	Cerebelum_6_R	Cerebelum_7b_L	Cerebelum_7b_R	Cerebelum_8_L	Cerebelum_8_R	Cerebelum_9_L	Cerebelum_9_R	Cerebelum_10_L	Cerebelum_10_R	Vermis_1_2	Vermis_3	Vermis_4_5	Vermis_6	Vermis_7	Vermis_8	Vermis_9	Vermis_10	
544316	Precentral_L	0	3494	20316	2658	0	0	15238	764	0	0	13774	864	1474	0	0	154	6470	466	9680	11912	0	0	0	0	0	0	0	0	9728	566	0	0	190	6742	448	570	8432	430	1226	0	0	0	642	0	296	126	690	0	1498	364	10176	262	1914	104	4844	224	34608	1290	3190	0	7114	0	3896	0	3952	0	970	462	31712	5420	2444	3114	6846	306	912	0	12640	2740	2192	0	2296	0	0	0	5250	302	0	0	2930	402	184	0	0	0	0	0	98	0	152	0	0	0	0	0	0	0	0	0	0	0	0	0	0	0	0	0	
356776	Precentral_R	3494	0	2406	17144	0	0	604	9098	0	140	472	10876	128	2000	0	224	1592	2094	1832	10920	0	0	234	0	0	0	0	0	1600	2930	402	152	100	1052	0	0	416	3766	0	1070	0	0	0	384	0	932	0	340	0	1838	1272	2018	0	688	376	1872	3410	16770	798	810	810	1608	400	2600	1112	2466	812	4006	1726	11394	3358	3490	1636	2204	190	150	340	14404	330	856	368	2476	0	0	92	8448	0	0	122	6480	0	0	0	0	0	0	0	138	0	118	0	0	0	0	0	0	0	0	0	0	0	0	0	0	0	0	
1.09389e+06	Frontal_Sup_L	20316	2406	0	15900	14604	0	78740	522	2490	494	19622	1350	26802	2166	3188	1312	8702	288	80432	25106	0	0	51596	2952	4212	0	216	0	41524	2424	29120	3572	3250	10904	176	208	8588	258	1306	130	0	0	0	0	0	0	0	0	108	0	836	0	0	0	2790	90	7684	572	798	0	976	0	352	0	828	0	170	162	2180	0	12136	3182	24534	792	3524	0	6776	1088	1440	0	5378	0	1616	0	938	0	0	0	1120	0	222	0	194	0	0	0	1030	0	458	0	0	0	94	0	0	0	0	0	0	0	0	0	0	0	0	0	
795968	Frontal_Sup_R	2658	17144	15900	0	1298	6804	5684	32716	834	3556	2560	6574	1596	10492	238	8178	2664	3922	11586	52134	0	96	11290	40052	0	5906	0	0	7810	14718	7158	22304	1268	23908	0	196	620	2510	0	706	0	0	0	0	0	0	0	218	0	0	94	0	0	0	294	690	1692	882	106	0	136	0	0	144	0	0	0	244	780	124	10354	16972	4314	14672	254	1026	582	15724	386	154	1362	242	110	188	218	0	0	0	108	202	0	92	0	0	0	0	130	290	0	120	0	0	0	0	0	0	0	0	0	0	0	0	0	0	0	0	
246124	Frontal_Sup_Orb_L	0	0	14604	1298	0	0	4024	0	13618	0	588	0	7042	0	12218	0	0	0	2860	1492	1730	228	8442	188	5602	140	6690	0	13834	106	8108	250	0	0	0	0	166	0	0	0	272	0	0	0	0	0	0	0	0	0	0	0	0	0	0	0	0	0	0	0	0	0	0	0	0	0	0	0	0	0	4448	188	13480	104	0	0	0	0	0	0	0	0	1342	0	0	0	0	0	0	0	0	0	0	0	0	0	0	0	0	0	0	0	0	0	0	0	0	0	0	0	0	0	0	0	0	0	
217312	Frontal_Sup_Orb_R	0	0	0	6804	0	0	0	3182	0	9322	0	126	0	1970	0	9888	0	0	0	950	786	3752	0	5148	142	19054	472	8974	0	6632	624	3956	0	0	0	0	0	522	0	234	0	1146	0	0	0	0	0	0	0	0	0	0	0	0	0	0	0	0	0	0	0	0	0	0	0	0	0	0	0	0	904	8326	562	13064	0	1636	88	98	0	0	0	0	0	294	0	0	0	0	0	0	0	0	0	0	0	0	0	0	0	0	0	0	0	0	0	0	0	0	0	0	0	0	0	0	0	0	
500672	Frontal_Mid_L	15238	604	78740	5684	4024	0	0	120	1488	138	17252	274	25270	226	2752	264	2644	94	14408	8046	0	0	13648	474	290	0	0	0	19622	406	3990	438	260	2834	0	0	5022	0	476	0	0	0	0	0	0	0	0	0	104	0	1208	0	0	0	860	0	4162	0	1244	0	1558	0	248	0	1440	0	0	0	314	0	1752	608	5426	178	1440	0	618	0	456	0	1776	0	720	0	548	0	0	0	654	0	0	0	0	0	0	0	200	0	96	0	0	0	0	0	0	0	0	0	0	0	0	0	0	0	0	0	
284228	Frontal_Mid_R	764	9098	522	32716	0	3182	120	0	0	2116	274	9914	156	24662	0	4122	418	410	1498	5756	0	0	652	5144	0	882	0	0	608	10118	1232	3832	0	4832	0	0	0	2410	0	530	0	0	0	0	0	0	0	88	0	0	434	0	0	0	0	1734	792	1140	260	0	254	0	98	0	432	152	0	0	0	164	1340	2450	470	2396	0	206	0	952	0	0	88	612	0	0	0	420	0	0	0	1664	0	0	0	0	0	0	0	0	0	0	0	0	0	0	0	0	0	0	0	0	0	0	0	0	0	0	
135052	Frontal_Mid_Orb_L	0	0	2490	834	13618	0	1488	0	0	0	0	0	2582	0	16102	0	0	0	758	1012	818	216	0	0	0	0	3458	0	8656	0	370	98	0	0	0	0	170	0	0	0	122	0	0	0	0	0	0	0	0	0	0	0	0	0	0	0	0	0	0	0	0	0	0	0	0	0	0	0	0	0	3214	116	8560	0	0	0	0	0	0	0	0	0	2734	0	110	0	0	0	0	0	0	0	0	0	0	0	0	0	0	0	0	0	0	0	0	0	0	0	0	0	0	0	0	0	0	0	
118108	Frontal_Mid_Orb_R	0	140	494	3556	0	9322	138	2116	0	0	136	246	140	1698	0	17084	0	0	138	1612	0	484	194	880	0	1656	0	882	244	5248	402	660	0	488	0	0	0	108	0	0	0	274	0	0	0	0	0	0	0	0	0	0	0	0	0	0	0	0	0	0	0	0	0	0	0	0	0	0	0	0	1004	4834	570	4082	0	0	0	224	0	0	0	0	0	0	0	0	0	0	0	0	0	0	0	0	0	0	0	0	0	0	0	0	0	0	0	0	0	0	0	0	0	0	0	0	0	0	
358336	Frontal_Inf_Oper_L	13774	472	19622	2560	588	0	17252	274	0	136	0	2112	19856	952	242	338	8654	994	9098	2366	0	0	2646	320	172	0	0	0	32552	3048	3760	1490	278	1024	0	0	3712	214	374	0	0	0	0	0	0	0	0	0	248	0	1036	0	90	0	1278	0	5236	94	700	0	630	0	232	0	810	0	112	0	106	0	4806	1128	3348	440	344	0	290	0	408	0	5074	0	1430	0	882	0	0	0	890	0	0	0	0	0	0	0	470	0	206	0	0	0	0	0	0	0	0	0	0	0	0	0	0	0	0	0	
223060	Frontal_Inf_Oper_R	864	10876	1350	6574	0	126	274	9914	0	246	2112	0	1558	12922	130	1148	938	6746	958	3484	0	0	710	772	0	0	0	0	3590	17572	1210	1166	0	1456	0	0	274	2226	0	712	0	0	0	0	0	0	0	0	0	0	0	0	0	0	152	934	616	1410	0	0	0	0	0	0	0	0	0	112	0	434	3812	4954	1206	4180	0	330	0	648	0	134	532	430	0	300	0	356	0	0	136	710	0	0	0	0	0	0	0	138	0	98	0	0	0	0	0	0	0	0	0	0	0	0	0	0	0	0	
357624	Frontal_Inf_Tri_L	1474	128	26802	1596	7042	0	25270	156	2582	140	19856	1558	0	970	8412	320	1616	650	8322	1348	0	0	7606	286	748	0	0	0	32546	2472	10710	1476	192	732	0	0	1140	190	98	0	0	0	0	0	0	0	0	0	0	0	0	0	0	0	192	0	296	0	0	0	0	0	0	0	0	0	0	0	0	0	4020	966	3258	510	0	0	112	0	116	0	1116	0	1338	0	202	0	0	0	248	0	0	0	0	0	0	0	0	0	0	0	0	0	0	0	0	0	0	0	0	0	0	0	0	0	0	0	
236220	Frontal_Inf_Tri_R	0	2000	2166	10492	0	1970	226	24662	0	1698	952	12922	970	0	98	8546	118	922	2506	3948	0	0	1218	3416	0	466	0	0	1404	14950	2676	4826	188	3242	0	0	0	308	0	0	0	0	0	0	0	0	0	0	0	0	0	0	0	0	0	0	0	178	0	0	0	0	0	0	0	0	0	0	0	0	2318	6340	620	1122	0	260	0	160	0	0	102	0	0	120	0	0	0	0	0	0	0	0	0	0	0	0	0	0	0	0	0	0	0	0	0	0	0	0	0	0	0	0	0	0	0	0	
159412	Frontal_Inf_Orb_L	0	0	3188	238	12218	0	2752	0	16102	0	242	130	8412	98	0	0	0	106	822	232	1514	366	746	0	0	0	1200	0	13552	198	1306	152	0	0	0	0	314	0	88	0	238	0	0	0	0	0	0	0	0	0	0	0	0	0	120	0	0	0	0	0	0	0	0	0	0	0	0	0	0	0	1448	0	9112	0	0	0	0	0	0	0	0	0	4638	0	174	0	0	0	0	0	0	0	0	0	0	0	0	0	0	0	0	0	0	0	0	0	0	0	0	0	0	0	0	0	0	0	
211180	Frontal_Inf_Orb_R	154	224	1312	8178	0	9888	264	4122	0	17084	338	1148	320	8546	0	0	0	372	596	2942	0	1536	472	3060	0	2940	0	1536	564	13698	902	2612	0	830	0	0	0	0	0	176	0	100	0	0	0	0	0	0	0	0	0	0	0	0	0	0	0	0	0	0	0	0	0	0	0	0	0	0	0	0	2352	10492	1364	5740	0	110	0	454	0	0	0	0	0	850	0	116	0	198	0	0	0	0	0	0	0	0	0	0	0	0	0	0	0	0	0	0	0	0	0	0	0	0	0	0	0	0	
252036	Rolandic_Oper_L	6470	1592	8702	2664	0	0	2644	418	0	0	8654	938	1616	118	0	0	0	440	6588	2060	0	0	270	0	0	0	0	0	24422	794	258	0	0	328	0	0	3140	0	254	0	0	0	0	0	0	0	192	0	126	0	560	0	502	0	2174	0	8488	0	0	0	1794	0	7546	0	908	0	0	0	170	0	3022	444	888	156	0	0	154	0	6004	0	14096	0	656	0	3992	0	0	0	1776	0	0	0	0	0	0	0	0	0	0	0	0	0	0	0	0	0	0	0	0	0	0	0	0	0	0	0	
134716	Rolandic_Oper_R	466	2094	288	3922	0	0	94	410	0	0	994	6746	650	922	106	372	440	0	122	840	0	0	138	0	0	0	0	0	1836	17414	194	110	0	166	0	0	120	1674	0	468	0	0	0	0	0	0	0	0	0	96	0	0	0	0	0	688	488	2758	0	0	0	0	0	3320	0	166	0	530	0	280	1424	1648	232	4906	0	134	0	1694	0	4144	278	2690	0	420	0	276	0	0	92	340	0	0	0	0	0	0	0	168	0	0	0	0	0	0	0	0	0	0	0	0	0	0	0	0	0	0	
671908	Supp_Motor_Area_L	9680	1832	80432	11586	2860	0	14408	1498	758	138	9098	958	8322	2506	822	596	6588	122	0	37928	0	0	14254	2518	1108	0	0	0	16962	1632	12486	6076	9514	21918	2060	610	3192	174	328	0	0	0	0	0	286	154	0	0	236	142	218	0	0	0	1532	0	3648	120	116	0	168	0	162	0	162	0	2274	448	12602	338	4784	1816	13056	604	706	0	1340	630	1008	0	3656	0	418	0	572	0	0	0	600	0	138	0	126	0	0	0	638	0	292	0	0	0	0	0	0	0	0	0	0	0	0	0	0	0	0	0	
824812	Supp_Motor_Area_R	11912	10920	25106	52134	1492	950	8046	5756	1012	1612	2366	3484	1348	3948	232	2942	2060	840	37928	0	0	0	2112	13840	0	618	0	0	7472	6856	5288	12232	3642	58522	938	2832	826	2198	0	430	0	0	168	1140	162	1946	134	628	130	2568	584	1492	102	458	2012	1322	1770	4592	164	0	260	0	194	164	254	106	1548	5204	18168	24906	9082	15112	3834	6120	362	154	406	7148	348	156	962	368	124	106	424	2538	0	0	258	2430	0	0	0	0	0	0	110	194	0	0	0	0	0	0	0	0	0	0	0	0	100	0	0	0	0	0	
100608	Olfactory_L	0	0	0	0	1730	786	0	0	818	0	0	0	0	0	1514	0	0	0	0	0	0	7430	0	0	410	1578	4492	1852	2096	0	3290	3028	0	0	0	0	258	0	0	0	738	0	0	0	0	0	0	0	0	0	0	0	0	0	0	0	0	0	0	0	0	0	0	0	0	0	0	0	0	0	9596	2550	6934	696	0	0	0	0	0	0	0	0	386	0	122	0	0	0	0	0	0	0	0	0	0	0	0	0	0	0	0	0	0	0	0	0	0	0	0	0	0	0	0	0	0	0	
115372	Olfactory_R	0	0	0	96	228	3752	0	0	216	484	0	0	0	0	366	1536	0	0	0	0	7430	0	0	0	0	3568	2682	5026	186	3272	2898	4812	0	0	0	0	0	232	0	266	0	1340	0	0	0	0	0	0	0	0	0	0	0	0	0	0	0	0	0	0	0	0	0	0	0	0	0	0	0	0	6762	5398	4608	1796	0	0	0	246	0	0	0	0	0	346	0	0	0	140	0	0	0	0	0	0	0	0	0	0	0	0	0	0	0	0	0	0	0	0	0	0	0	0	0	0	0	0	
454036	Frontal_Sup_Medial_L	0	234	51596	11290	8442	0	13648	652	0	194	2646	710	7606	1218	746	472	270	138	14254	2112	0	0	0	19202	4730	320	244	0	10918	1760	36982	11704	3884	8734	0	0	400	96	0	0	0	0	0	0	0	0	0	0	0	0	0	0	0	0	228	0	0	0	0	0	0	0	0	0	0	0	0	0	0	0	3772	1214	5938	462	0	0	0	0	0	0	202	0	0	0	0	0	0	0	0	0	0	0	0	0	0	0	0	0	0	0	0	0	0	0	0	0	0	0	0	0	0	0	0	0	0	0	
354252	Frontal_Sup_Medial_R	0	0	2952	40052	188	5148	474	5144	0	880	320	772	286	3416	0	3060	0	0	2518	13840	0	0	19202	0	206	5868	0	0	442	3544	7574	27374	1252	19130	0	0	0	194	0	100	0	0	0	0	0	0	0	0	0	0	0	0	0	0	0	0	0	0	0	0	0	0	0	0	0	0	0	0	0	0	390	4984	430	5952	0	1434	0	0	0	0	0	0	0	0	0	0	0	0	0	0	0	0	0	0	0	0	0	0	0	0	0	0	0	0	0	0	0	0	0	0	0	0	0	0	0	0	
63480	Frontal_Med_Orb_L	0	0	4212	0	5602	142	290	0	0	0	172	0	748	0	0	0	0	0	1108	0	410	0	4730	206	0	900	2584	472	1006	0	6506	274	0	0	0	0	0	0	0	0	0	0	0	0	0	0	0	0	0	0	0	0	0	0	0	0	0	0	0	0	0	0	0	0	0	0	0	0	0	0	756	0	1622	0	0	0	0	0	0	0	0	0	0	0	0	0	0	0	0	0	0	0	0	0	0	0	0	0	0	0	0	0	0	0	0	0	0	0	0	0	0	0	0	0	0	0	
171676	Frontal_Med_Orb_R	0	0	0	5906	140	19054	0	882	0	1656	0	0	0	466	0	2940	0	0	0	618	1578	3568	320	5868	900	0	1590	7688	0	1978	2322	8058	0	0	0	0	0	0	0	0	0	0	0	0	0	0	0	0	0	0	0	0	0	0	0	0	0	0	0	0	0	0	0	0	0	0	0	0	0	0	1460	6900	868	9444	0	1438	96	100	0	0	0	0	0	0	0	0	0	0	0	0	0	0	0	0	0	0	0	0	0	0	0	0	0	0	0	0	0	0	0	0	0	0	0	0	0	0	
89384	Rectus_L	0	0	216	0	6690	472	0	0	3458	0	0	0	0	0	1200	0	0	0	0	0	4492	2682	244	0	2584	1590	0	1814	864	0	3250	1680	0	0	0	0	0	0	0	0	0	0	0	0	0	0	0	0	0	0	0	0	0	0	0	0	0	0	0	0	0	0	0	0	0	0	0	0	0	0	6370	824	5872	390	0	0	0	0	0	0	0	0	0	0	0	0	0	0	0	0	0	0	0	0	0	0	0	0	0	0	0	0	0	0	0	0	0	0	0	0	0	0	0	0	0	0	
82760	Rectus_R	0	0	0	0	0	8974	0	0	0	882	0	0	0	0	0	1536	0	0	0	0	1852	5026	0	0	472	7688	1814	0	0	1368	700	1942	0	0	0	0	0	0	0	0	0	192	0	0	0	0	0	0	0	0	0	0	0	0	0	0	0	0	0	0	0	0	0	0	0	0	0	0	0	0	1650	3898	1070	2316	0	0	0	0	0	0	0	0	0	0	0	0	0	0	0	0	0	0	0	0	0	0	0	0	0	0	0	0	0	0	0	0	0	0	0	0	0	0	0	0	0	0	
863392	Insula_L	9728	1600	41524	7810	13834	0	19622	608	8656	244	32552	3590	32546	1404	13552	564	24422	1836	16962	7472	2096	186	10918	442	1006	0	864	0	0	4978	14892	2072	314	2398	0	0	22606	316	2036	94	4396	0	112	0	0	0	266	0	142	0	940	0	1604	0	11092	0	7118	124	250	0	750	0	3862	0	614	0	0	0	334	0	12960	2378	25636	1104	386	0	1760	0	8466	0	15492	0	6792	0	8280	0	0	0	8226	0	536	0	438	0	92	0	2384	0	1026	0	0	0	242	0	150	0	0	0	0	0	0	0	0	0	0	0	
572624	Insula_R	566	2930	2424	14718	106	6632	406	10118	0	5248	3048	17572	2472	14950	198	13698	794	17414	1632	6856	0	3272	1760	3544	0	1978	0	1368	4978	0	2894	4188	190	2672	0	0	272	17866	0	10024	0	6160	0	868	0	238	0	2282	0	342	0	404	0	276	144	11552	496	1162	0	0	0	0	0	1302	0	154	0	856	0	738	5938	11252	1532	30576	0	1172	198	3416	0	4136	554	7630	0	4008	0	2830	0	486	154	3204	0	518	0	282	0	0	0	2740	0	1634	0	118	0	172	0	0	0	0	0	0	0	0	0	0	0	0	
492768	Cingulum_Ant_L	0	402	29120	7158	8108	624	3990	1232	370	402	3760	1210	10710	2676	1306	902	258	194	12486	5288	3290	2898	36982	7574	6506	2322	3250	700	14892	2894	0	24992	8208	8896	1334	142	434	274	0	122	0	0	0	0	0	0	0	0	0	0	0	0	0	0	266	0	0	0	0	0	0	0	0	0	0	0	818	330	0	0	9780	3950	13330	1588	0	204	0	0	0	0	212	0	0	0	0	0	0	0	0	0	0	0	0	0	0	0	0	0	0	0	0	0	0	0	0	0	0	0	0	0	0	0	0	0	0	0	
442904	Cingulum_Ant_R	0	152	3572	22304	250	3956	438	3832	98	660	1490	1166	1476	4826	152	2612	0	110	6076	12232	3028	4812	11704	27374	274	8058	1680	1942	2072	4188	24992	0	5936	27150	462	2118	0	338	0	150	0	0	0	374	0	622	0	0	0	544	0	292	0	0	0	0	0	0	0	0	0	0	0	0	0	0	820	1598	130	0	4648	9898	2804	6628	0	1414	0	0	0	0	0	0	0	0	0	0	0	0	0	0	0	0	0	0	0	0	0	0	0	0	0	0	0	0	0	0	0	0	0	0	0	0	0	0	0	0	
157780	Cingulum_Mid_L	190	100	3250	1268	0	0	260	0	0	0	278	0	192	188	0	0	0	0	9514	3642	0	0	3884	1252	0	0	0	0	314	190	8208	5936	0	12972	5766	2272	0	0	0	0	0	0	554	164	904	310	0	0	1522	358	1770	0	0	0	0	0	506	0	1128	0	408	0	0	0	434	0	6458	1274	3198	226	0	0	0	0	0	0	0	0	0	0	0	0	0	0	0	0	0	0	0	0	0	0	0	0	0	0	0	0	0	0	0	0	0	0	0	0	0	0	0	0	0	0	0	0	0	0	
602660	Cingulum_Mid_R	6742	1052	10904	23908	0	0	2834	4832	0	488	1024	1456	732	3242	0	830	328	166	21918	58522	0	0	8734	19130	0	0	0	0	2398	2672	8896	27150	12972	0	2814	8084	348	668	0	190	0	0	262	2894	248	4060	0	1076	0	3870	358	1860	98	180	1092	820	380	812	0	802	0	0	0	0	0	104	3726	12218	10962	15562	894	1588	486	864	0	138	0	404	0	0	130	0	0	0	232	634	0	0	146	740	0	154	0	0	0	0	0	176	0	138	0	0	0	0	0	0	0	0	0	0	188	0	0	0	0	0	
183996	Cingulum_Post_L	448	0	176	0	0	0	0	0	0	0	0	0	0	0	0	0	0	0	2060	938	0	0	0	0	0	0	0	0	0	0	1334	462	5766	2814	0	17904	2446	1352	116	0	0	0	912	236	2154	1000	1804	442	728	4008	4128	1284	1558	384	4804	880	1546	158	134	0	132	0	0	0	110	0	7638	6508	3122	688	0	0	0	0	0	0	256	222	0	0	0	0	0	0	2502	2130	0	0	1098	4224	146	0	0	0	0	0	88	0	142	0	0	0	0	0	0	0	0	0	0	0	1016	0	0	0	0	0	
219456	Cingulum_Post_R	570	0	208	196	0	0	0	0	0	0	0	0	0	0	0	0	0	0	610	2832	0	0	0	0	0	0	0	0	0	0	142	2118	2272	8084	17904	0	2508	1504	106	0	0	0	304	1764	614	3430	1182	2226	326	6778	3412	2416	1372	458	4168	1142	1404	136	0	0	98	0	0	0	0	0	5236	14436	2078	1132	0	0	0	0	0	0	536	474	0	0	0	0	0	0	2220	3188	0	0	988	5226	124	502	0	0	0	0	0	574	122	516	0	0	0	0	0	0	0	0	0	0	2092	0	0	0	0	0	
369656	Hippocampus_L	8432	416	8588	620	166	0	5022	0	170	0	3712	274	1140	0	314	0	3140	120	3192	826	258	0	400	0	0	0	0	0	22606	272	434	0	0	348	2446	2508	0	1152	13068	0	10562	0	424	0	96	0	1082	230	138	0	572	0	576	0	20716	0	3686	0	294	0	876	0	1434	0	486	0	768	738	1008	110	1512	306	14410	110	1314	0	6908	748	4044	0	4560	0	3890	0	2886	0	810	0	9146	0	1004	0	780	0	170	0	4814	0	2346	0	114	0	472	108	300	0	172	0	0	164	190	0	0	130	0	0	
421056	Hippocampus_R	430	3766	258	2510	0	522	0	2410	0	108	214	2226	190	308	0	0	0	1674	174	2198	0	232	96	194	0	0	0	0	316	17866	274	338	0	668	1352	1504	1152	0	534	40212	0	15532	0	932	0	242	120	5828	0	294	0	350	0	252	962	34134	182	504	0	0	0	0	0	264	0	0	168	2050	346	1984	664	698	90	18492	0	2062	366	3314	0	852	0	3162	0	4216	0	1348	0	704	0	1482	0	3260	0	1756	0	334	98	13096	0	5618	0	736	118	972	0	414	0	0	0	0	376	0	0	136	294	0	
123360	ParaHippocampal_L	1226	0	1306	0	0	0	476	0	0	0	374	0	98	0	88	0	254	0	328	0	0	0	0	0	0	0	0	0	2036	0	0	0	0	0	116	106	13068	534	0	144	3164	0	0	0	0	0	1630	90	0	0	0	0	0	0	12172	314	300	0	0	0	0	0	190	0	0	0	110	0	336	0	0	0	2942	0	378	0	842	0	114	0	538	0	2418	0	108	0	1824	0	1762	0	1690	0	1330	0	160	0	3542	0	2818	0	458	90	944	176	718	0	168	0	0	0	0	0	0	200	0	0	
339084	ParaHippocampal_R	0	1070	130	706	0	234	0	530	0	0	0	712	0	0	0	176	0	468	0	430	0	266	0	100	0	0	0	0	94	10024	122	150	0	190	0	0	0	40212	144	0	0	10792	0	986	0	232	0	7362	0	306	0	388	0	260	232	31814	0	112	0	0	0	0	0	0	0	0	0	1734	0	398	284	296	0	11370	0	1484	0	860	0	258	0	1472	0	4528	0	348	0	2624	0	358	0	3414	0	2256	0	1430	128	15170	0	6266	0	1312	230	1840	148	1404	0	0	0	0	258	0	0	470	960	0	
67132	Amygdala_L	0	0	0	0	272	0	0	0	122	0	0	0	0	0	238	0	0	0	0	0	738	0	0	0	0	0	0	0	4396	0	0	0	0	0	0	0	10562	0	3164	0	0	0	0	0	0	0	0	0	0	0	0	0	0	0	5156	0	0	0	0	0	0	0	0	0	0	0	0	0	0	0	0	0	1266	0	0	0	176	0	0	0	0	0	3730	0	600	0	900	0	2246	0	0	0	0	0	0	0	0	0	0	0	0	0	0	0	0	0	0	0	0	0	0	0	0	0	0	0	
112496	Amygdala_R	0	0	0	0	0	1146	0	0	0	274	0	0	0	0	0	100	0	0	0	0	0	1340	0	0	0	0	0	192	0	6160	0	0	0	0	0	0	0	15532	0	10792	0	0	0	0	0	0	0	0	0	0	0	0	0	0	0	6256	0	0	0	0	0	0	0	0	0	0	0	0	0	0	0	162	0	4874	0	0	0	120	0	0	0	250	0	4358	0	808	0	810	0	0	0	126	0	126	0	120	0	1700	0	1002	0	0	0	0	0	0	0	0	0	0	0	0	0	0	0	0	
257996	Calcarine_L	642	0	0	0	0	0	0	0	0	0	0	0	0	0	0	0	0	0	0	168	0	0	0	0	0	0	0	0	112	0	0	0	554	262	912	304	424	0	0	0	0	0	0	6836	16004	5012	12938	2286	12894	2666	25358	1132	6368	140	4710	368	2298	0	1340	0	720	0	0	0	110	0	12324	1798	3250	106	0	0	0	0	0	0	0	0	0	0	0	0	0	0	1890	148	0	0	1834	0	566	130	0	0	0	0	788	166	748	178	0	0	0	0	0	0	0	0	0	0	364	150	0	0	0	0	
384652	Calcarine_R	0	384	0	0	0	0	0	0	0	0	0	0	0	0	0	0	0	0	0	1140	0	0	0	0	0	0	0	0	0	868	0	374	164	2894	236	1764	0	932	0	986	0	0	6836	0	3652	27672	640	24640	0	24678	0	21660	0	4208	182	12918	0	5048	0	1236	0	724	0	156	0	254	990	31332	0	3956	0	0	0	0	0	0	0	0	0	0	0	0	0	0	0	5792	0	0	0	2410	0	1022	0	0	0	0	0	978	0	1050	0	0	0	0	0	0	0	0	0	0	390	160	0	0	0	0	
191052	Cuneus_L	296	0	0	0	0	0	0	0	0	0	0	0	0	0	0	0	0	0	286	162	0	0	0	0	0	0	0	0	0	0	0	0	904	248	2154	614	96	0	0	0	0	0	16004	3652	0	4926	4366	928	17982	1916	14826	684	1280	0	278	266	986	0	2724	0	478	0	0	0	538	0	12716	1124	3146	102	0	0	0	0	0	0	0	0	0	0	0	0	0	0	932	152	0	0	642	118	0	0	0	0	0	0	0	0	0	0	0	0	0	0	0	0	0	0	0	0	0	0	0	0	0	0	
330260	Cuneus_R	126	932	0	0	0	0	0	0	0	0	0	0	0	0	0	0	0	0	154	1946	0	0	0	0	0	0	0	0	0	238	0	622	310	4060	1000	3430	0	242	0	232	0	0	5012	27672	4926	0	394	8808	288	35292	560	18426	252	1126	130	3206	110	1762	0	3762	0	754	0	232	0	800	5472	24816	276	2068	0	0	0	0	0	0	0	0	0	0	0	0	0	0	438	3280	0	0	248	342	0	358	0	0	0	0	0	200	0	332	0	0	0	0	0	0	0	0	0	0	496	0	0	0	0	0	
306280	Lingual_L	690	0	0	0	0	0	0	0	0	0	0	0	0	0	0	0	192	0	0	134	0	0	0	0	0	0	0	0	266	0	0	0	0	0	1804	1182	1082	120	1630	0	0	0	12938	640	4366	394	0	2488	4096	358	8638	206	4430	334	19784	604	336	0	120	0	0	0	180	0	0	0	9168	154	822	120	0	0	148	0	0	0	232	0	0	0	114	0	0	0	1148	332	0	0	916	960	18472	2028	1520	730	0	0	12476	810	23918	2564	152	0	254	0	0	0	0	0	0	0	3710	3976	1404	0	0	0	
474240	Lingual_R	0	340	0	218	0	0	0	88	0	0	0	0	0	0	0	0	0	0	0	628	0	0	0	0	0	0	0	0	0	2282	0	0	0	1076	442	2226	230	5828	90	7362	0	0	2286	24640	928	8808	2488	0	0	9506	0	10502	0	8810	976	29632	0	1182	0	304	0	244	0	0	0	0	544	21994	0	1584	0	134	0	548	0	0	0	824	0	0	0	0	0	0	0	1498	0	0	0	1732	4082	17414	1336	2254	0	770	3056	13262	5600	21368	0	0	330	196	0	0	0	0	0	446	7602	6528	2902	0	0	0	
235080	Occipital_Sup_L	1498	0	108	0	0	0	104	0	0	0	248	0	0	0	0	0	126	0	236	130	0	0	0	0	0	0	0	0	142	0	0	0	1522	0	728	326	138	0	0	0	0	0	12894	0	17982	288	4096	0	0	152	34576	0	1924	0	774	0	5306	0	9462	0	4080	0	256	0	4764	0	10850	134	2034	0	0	0	0	0	0	0	0	0	0	0	94	0	0	0	1924	0	0	0	644	0	0	0	0	0	0	0	0	0	0	0	0	0	0	0	0	0	0	0	0	0	0	0	0	0	0	0	
422968	Occipital_Sup_R	364	1838	0	0	0	0	0	0	0	0	0	0	0	0	0	0	0	96	142	2568	0	0	0	0	0	0	0	0	0	342	0	544	358	3870	4008	6778	0	294	0	306	0	0	2666	24678	1916	35292	358	9506	152	0	1902	33636	716	2662	386	4164	920	2584	0	8792	0	2328	0	1076	0	5490	7664	28838	1624	2866	0	0	0	0	0	0	0	0	0	0	0	310	0	0	1236	4884	0	0	636	1640	0	182	0	0	0	0	0	144	0	240	0	0	0	0	0	0	0	0	0	0	488	0	0	0	0	0	
578648	Occipital_Mid_L	10176	1272	836	94	0	0	1208	434	0	0	1036	0	0	0	0	0	560	0	218	584	0	0	0	0	0	0	0	0	940	0	0	0	1770	358	4128	3412	572	0	0	0	0	0	25358	0	14826	560	8638	0	34576	1902	0	810	19104	164	6704	0	15172	502	18616	0	19792	0	1718	0	27946	0	14138	1632	6272	634	492	206	160	0	0	0	0	0	0	0	616	0	0	0	28826	556	0	0	11356	450	0	0	0	0	0	0	0	0	0	0	0	0	0	0	0	0	0	0	0	0	0	0	0	0	0	0	
355172	Occipital_Mid_R	262	2018	0	0	0	0	0	0	0	0	0	0	0	0	0	0	0	0	0	1492	0	0	0	0	0	0	0	0	0	404	0	292	0	1860	1284	2416	0	350	0	388	0	0	1132	21660	684	18426	206	10502	0	33636	810	0	290	6094	466	6646	250	2400	0	5382	0	2072	0	692	0	13798	2162	14250	932	1920	0	0	0	0	0	0	0	0	0	0	0	1616	0	0	660	15602	0	0	262	3768	0	0	0	0	0	0	0	0	0	198	0	0	0	0	0	0	0	0	0	0	132	172	0	0	0	0	
186424	Occipital_Inf_L	1914	0	0	0	0	0	0	0	0	0	90	0	0	0	0	0	502	0	0	102	0	0	0	0	0	0	0	0	1604	0	0	0	0	98	1558	1372	576	0	0	0	0	0	6368	0	1280	252	4430	0	1924	716	19104	290	0	0	15498	0	904	100	210	0	896	0	1404	0	1296	0	2422	616	646	174	0	0	92	0	0	0	90	0	472	0	1716	0	0	0	9636	202	0	0	14134	254	270	0	0	0	0	0	0	0	0	0	0	0	0	0	0	0	0	0	0	0	0	0	0	0	0	0	
128280	Occipital_Inf_R	104	688	0	0	0	0	0	0	0	0	0	0	0	0	0	0	0	0	0	458	0	0	0	0	0	0	0	0	0	276	0	0	0	180	384	458	0	252	0	260	0	0	140	4208	0	1126	334	8810	0	2662	164	6094	0	0	246	9192	0	434	0	114	0	176	0	248	0	188	88	2036	146	724	0	0	0	0	0	0	0	0	0	0	0	200	0	0	126	2924	0	0	0	6536	710	3626	308	870	0	0	284	598	1220	4212	0	0	0	0	0	0	0	0	0	0	614	1558	164	0	0	0	
656852	Fusiform_L	4844	376	2790	294	0	0	860	0	0	0	1278	152	192	0	120	0	2174	0	1532	2012	0	0	228	0	0	0	0	0	11092	144	266	0	0	1092	4804	4168	20716	962	12172	232	5156	0	4710	182	278	130	19784	976	774	386	6704	466	15498	246	0	1866	1566	922	0	0	2202	0	4054	0	2638	0	3812	762	3204	1692	502	0	4484	0	0	0	544	0	2742	0	8716	0	4224	0	8774	1608	3016	0	30492	4592	30136	384	5500	208	394	172	22298	682	37710	544	988	256	2414	534	1302	0	384	0	0	0	2962	556	104	580	116	0	
677424	Fusiform_R	224	1872	90	690	0	0	0	1734	0	0	0	934	0	0	0	0	0	688	0	1322	0	0	0	0	0	0	0	0	0	11552	0	0	0	820	880	1142	0	34134	314	31814	0	6256	368	12918	266	3206	604	29632	0	4164	0	6646	0	9192	1866	0	0	1324	0	282	0	496	0	450	0	520	358	12946	296	2732	238	138	0	6594	0	460	0	508	0	508	0	6450	0	6558	0	4038	0	3422	0	22812	906	28236	422	4452	0	1304	1640	21912	1448	30912	0	826	1262	2322	0	190	0	0	0	1836	2806	2008	1430	248	94	0	
397856	Postcentral_L	34608	3410	7684	1692	0	0	4162	792	0	0	5236	616	296	0	0	0	8488	488	3648	1770	0	0	0	0	0	0	0	0	7118	496	0	0	506	380	1546	1404	3686	182	300	0	0	0	2298	0	986	110	336	0	5306	920	15172	250	904	0	1566	0	0	622	14686	0	23690	0	10664	0	9196	0	3478	902	3396	232	914	1188	2270	368	474	0	612	294	2770	0	3456	0	0	0	1542	186	0	0	1462	170	0	0	0	0	0	0	0	0	0	0	0	0	0	0	0	0	0	0	0	0	0	0	0	0	0	0	
220712	Postcentral_R	1290	16770	572	882	0	0	0	1140	0	0	94	1410	0	178	0	0	0	2758	120	4592	0	0	0	0	0	0	0	0	124	1162	0	0	0	812	158	136	0	504	0	112	0	0	0	5048	0	1762	0	1182	0	2584	502	2400	100	434	922	1324	622	0	0	3410	246	3572	92	11334	166	3084	922	12506	638	12508	486	276	198	368	0	0	0	518	0	348	0	1820	0	0	288	5560	0	0	124	2102	0	0	0	0	0	0	0	96	0	0	0	0	0	0	0	0	0	0	0	0	0	0	0	0	0	0	
192748	Parietal_Sup_L	3190	798	798	106	0	0	1244	260	0	0	700	0	0	0	0	0	0	0	116	164	0	0	0	0	0	0	0	0	250	0	0	0	1128	0	134	0	294	0	0	0	0	0	1340	0	2724	0	120	0	9462	0	18616	0	210	0	0	0	14686	0	0	0	18242	0	366	0	10722	0	9570	0	316	0	122	200	102	0	0	0	0	100	0	0	0	0	0	0	198	0	0	0	96	0	0	0	0	0	0	0	0	0	0	0	0	0	0	0	0	0	0	0	0	0	0	0	0	0	0	0	
125696	Parietal_Sup_R	0	810	0	0	0	0	0	0	0	0	0	0	0	0	0	0	0	0	0	0	0	0	0	0	0	0	0	0	0	0	0	0	0	802	0	0	0	0	0	0	0	0	0	1236	0	3762	0	304	0	8792	0	5382	0	114	0	282	0	3410	0	0	0	11026	0	3390	0	9958	360	8578	0	822	0	0	0	0	0	0	0	0	0	0	0	246	0	0	0	2282	0	0	0	1292	0	0	0	0	0	0	0	0	0	0	0	0	0	0	0	0	0	0	0	0	0	0	0	0	0	0	
297908	Parietal_Inf_L	7114	810	976	136	0	0	1558	254	0	0	630	0	0	0	0	0	1794	0	168	260	0	0	0	0	0	0	0	0	750	0	0	0	408	0	132	98	876	0	0	0	0	0	720	0	478	0	0	0	4080	0	19792	0	896	0	2202	0	23690	246	18242	0	0	0	13010	0	30958	0	1824	0	1380	212	132	258	132	0	0	0	0	116	296	0	2544	0	0	0	7120	0	0	0	4662	0	0	0	0	0	0	0	0	0	0	0	0	0	0	0	0	0	0	0	0	0	0	0	0	0	0	0	
132712	Parietal_Inf_R	0	1608	0	0	0	0	0	0	0	0	0	0	0	0	0	0	0	0	0	0	0	0	0	0	0	0	0	0	0	0	0	0	0	0	0	0	0	0	0	0	0	0	0	724	0	754	0	244	0	2328	0	2072	0	176	0	496	0	3572	0	11026	0	0	0	9272	0	17996	886	3382	0	140	0	0	0	0	0	0	0	0	0	0	0	1968	0	0	0	6322	0	0	0	3390	0	0	0	0	0	0	0	0	0	0	0	0	0	0	0	0	0	0	0	0	0	0	0	0	0	0	
154680	SupraMarginal_L	3896	400	352	0	0	0	248	98	0	0	232	0	0	0	0	0	7546	0	162	194	0	0	0	0	0	0	0	0	3862	0	0	0	0	0	0	0	1434	0	190	0	0	0	0	0	0	0	180	0	256	0	1718	0	1404	0	4054	0	10664	92	366	0	13010	0	0	0	5672	0	156	0	2322	104	426	206	96	0	0	0	0	0	972	0	8226	0	0	0	6082	0	0	0	2626	0	94	0	0	0	0	0	0	0	0	0	0	0	0	0	0	0	0	0	0	0	0	0	0	0	0	0	
128124	SupraMarginal_R	0	2600	0	144	0	0	0	0	0	0	0	0	0	0	0	0	0	3320	0	164	0	0	0	0	0	0	0	0	0	1302	0	0	0	0	0	0	0	264	0	0	0	0	0	156	0	232	0	0	0	1076	0	692	0	248	0	450	0	11334	0	3390	0	9272	0	0	0	8444	498	4580	0	158	0	0	0	0	0	0	0	622	0	178	0	6862	0	0	0	4198	0	0	0	3878	0	0	0	0	0	0	0	0	0	0	0	0	0	0	0	0	0	0	0	0	0	0	0	0	0	0	
254248	Angular_L	3952	1112	828	0	0	0	1440	432	0	0	810	0	0	0	0	0	908	0	162	254	0	0	0	0	0	0	0	0	614	0	0	0	434	0	110	0	486	0	0	0	0	0	110	0	538	0	0	0	4764	0	27946	0	1296	0	2638	0	9196	166	10722	0	30958	0	5672	0	0	0	2134	0	808	118	380	178	152	0	0	0	0	0	146	0	2420	0	0	0	9900	0	0	0	5340	0	0	0	0	0	0	0	0	0	0	0	0	0	0	0	0	0	0	0	0	0	0	0	0	0	0	0	
181708	Angular_R	0	2466	0	0	0	0	0	152	0	0	0	0	0	0	0	0	0	166	0	106	0	0	0	0	0	0	0	0	0	154	0	0	0	104	0	0	0	0	0	0	0	0	0	254	0	800	0	0	0	5490	0	13798	0	188	0	520	0	3084	0	9958	0	17996	0	8444	0	0	1228	2742	0	198	0	0	0	0	0	0	0	0	0	116	0	7222	0	0	0	11624	0	0	0	4044	0	0	0	0	0	0	0	0	0	0	0	0	0	0	0	0	0	0	0	0	0	0	0	0	0	0	
323324	Precuneus_L	970	812	170	0	0	0	0	0	0	0	112	0	0	0	0	0	0	0	2274	1548	0	0	0	0	0	0	0	0	0	0	818	820	6458	3726	7638	5236	768	168	110	0	0	0	12324	990	12716	5472	9168	544	10850	7664	14138	2162	2422	88	3812	358	3478	922	9570	360	1824	886	156	498	2134	1228	0	11610	6358	1342	0	0	0	0	0	0	182	0	0	0	0	174	0	0	2020	486	0	0	1244	770	366	0	0	0	0	0	734	0	384	0	0	0	0	0	0	0	0	0	0	0	600	0	0	0	0	0	
571976	Precuneus_R	462	4006	162	244	0	0	0	0	0	0	0	112	0	0	0	0	0	530	448	5204	0	0	0	0	0	0	0	0	0	856	330	1598	1274	12218	6508	14436	738	2050	0	1734	0	0	1798	31332	1124	24816	154	21994	134	28838	1632	14250	616	2036	762	12946	902	12506	0	8578	0	3382	0	4580	0	2742	11610	0	1458	10582	144	0	0	0	0	0	316	678	0	188	0	824	0	0	1038	5878	0	0	514	4554	142	4268	0	174	0	132	224	6074	146	4558	0	0	94	0	0	0	0	0	0	116	4154	0	90	0	0	0	
302516	Paracentral_Lobule_L	31712	1726	2180	780	0	0	314	0	0	0	106	0	0	0	0	0	170	0	12602	18168	0	0	0	0	0	0	0	0	334	0	0	130	3198	10962	3122	2078	1008	346	336	0	0	0	3250	0	3146	276	822	0	2034	1624	6272	932	646	146	3204	296	3396	638	316	0	1380	0	2322	0	808	0	6358	1458	0	8376	924	1296	182	0	0	0	6428	1476	0	0	626	0	0	0	1990	160	0	0	578	406	114	0	0	0	0	0	0	0	106	0	0	0	0	0	0	0	0	0	0	0	0	0	0	0	0	0	
260620	Paracentral_Lobule_R	5420	11394	0	124	0	0	0	164	0	0	0	434	0	0	0	0	0	280	338	24906	0	0	0	0	0	0	0	0	0	738	0	0	226	15562	688	1132	110	1984	0	398	0	0	106	3956	102	2068	120	1584	0	2866	634	1920	174	724	1692	2732	232	12508	0	822	212	140	104	158	118	198	1342	10582	8376	0	0	96	0	0	0	0	0	868	0	530	0	1412	0	0	426	4716	0	0	166	4412	0	0	0	0	0	0	0	212	0	0	0	0	0	0	0	0	0	0	0	0	104	0	0	0	0	0	
417952	Caudate_L	2444	3358	12136	10354	4448	904	1752	1340	3214	1004	4806	3812	4020	2318	1448	2352	3022	1424	4784	9082	9596	6762	3772	390	756	1460	6370	1650	12960	5938	9780	4648	0	894	0	0	1512	664	0	284	0	0	0	0	0	0	0	0	0	0	492	0	0	0	502	238	914	486	122	0	132	0	426	0	380	0	0	144	924	0	0	11700	23006	3182	2838	0	12386	2354	658	0	1450	0	218	0	324	0	0	0	304	0	0	0	0	0	0	0	154	184	0	0	0	0	0	0	0	0	0	0	0	0	0	0	0	0	0	0	
427544	Caudate_R	3114	3490	3182	16972	188	8326	608	2450	116	4834	1128	4954	966	6340	0	10492	444	1648	1816	15112	2550	5398	1214	4984	0	6900	824	3898	2378	11252	3950	9898	0	1588	0	0	306	698	0	296	0	162	0	0	0	0	0	134	0	0	206	0	0	0	0	138	1188	276	200	0	258	0	206	0	178	0	0	0	1296	96	11700	0	3362	22846	106	3196	3514	21860	220	0	88	0	0	88	0	0	0	0	0	0	0	0	0	0	0	0	0	140	0	0	0	0	0	0	0	0	0	0	0	0	0	0	0	0	0	0	
492228	Putamen_L	6846	1636	24534	4314	13480	562	5426	470	8560	570	3348	1206	3258	620	9112	1364	888	232	13056	3834	6934	4608	5938	430	1622	868	5872	1070	25636	1532	13330	2804	0	486	0	0	14410	90	2942	0	1266	0	0	0	0	0	148	0	0	0	160	0	92	0	4484	0	2270	198	102	0	132	0	96	0	152	0	0	0	182	0	23006	3362	0	1184	6884	0	1596	0	268	0	1344	0	1522	0	1166	0	0	0	1240	0	390	0	366	0	0	0	1738	0	750	0	0	0	128	0	0	0	0	0	0	0	0	0	0	0	0	0	
434228	Putamen_R	306	2204	792	14672	104	13064	178	2396	0	4082	440	4180	510	1122	0	5740	156	4906	604	6120	696	1796	462	5952	0	9444	390	2316	1104	30576	1588	6628	0	864	0	0	110	18492	0	11370	0	4874	0	0	0	0	0	548	0	0	0	0	0	0	0	6594	368	368	0	0	0	0	0	0	0	0	0	0	0	0	3182	22846	1184	0	0	7344	260	3332	0	852	0	1140	0	1536	0	954	0	208	0	248	0	596	0	530	0	0	0	4428	0	1716	0	310	0	332	0	0	0	0	0	0	0	0	0	0	0	0	
43112	Pallidum_L	912	190	3524	254	0	0	1440	0	0	0	344	0	0	0	0	0	0	0	706	362	0	0	0	0	0	0	0	0	386	0	0	0	0	0	0	0	1314	0	378	0	0	0	0	0	0	0	0	0	0	0	0	0	0	0	0	0	474	0	0	0	0	0	0	0	0	0	0	0	0	0	2838	106	6884	0	0	0	1444	0	0	0	0	0	0	0	0	0	0	0	0	0	0	0	0	0	0	0	0	0	0	0	0	0	0	0	0	0	0	0	0	0	0	0	0	0	0	0	
50064	Pallidum_R	0	150	0	1026	0	1636	0	206	0	0	0	330	0	260	0	110	0	134	0	154	0	0	0	1434	0	1438	0	0	0	1172	204	1414	0	138	0	0	0	2062	0	1484	0	0	0	0	0	0	0	0	0	0	0	0	0	0	0	460	0	0	0	0	0	0	0	0	0	0	0	0	0	0	0	3196	0	7344	0	0	0	104	0	0	0	0	0	0	0	0	0	0	0	0	0	0	0	0	0	0	0	370	0	0	0	102	0	104	0	0	0	0	0	0	0	0	0	0	0	0	
134724	Thalamus_L	12640	340	6776	582	0	88	618	0	0	0	290	0	112	0	0	0	154	0	1340	406	0	0	0	0	0	96	0	0	1760	198	0	0	0	0	256	536	6908	366	842	0	176	0	0	0	0	0	232	0	0	0	0	0	90	0	544	0	612	0	0	0	0	0	0	0	0	0	182	316	6428	0	12386	3514	1596	260	1444	0	0	3806	530	0	130	0	0	0	260	0	0	0	548	0	0	0	0	0	0	0	0	0	0	0	0	0	0	0	0	0	0	0	0	0	0	0	0	0	0	0	
189356	Thalamus_R	2740	14404	1088	15724	0	98	0	952	0	224	0	648	0	160	0	454	0	1694	630	7148	0	246	0	0	0	100	0	0	0	3416	0	0	0	404	222	474	748	3314	0	860	0	120	0	0	0	0	0	824	0	0	0	0	0	0	0	508	294	518	100	0	116	0	0	622	0	0	0	678	1476	868	2354	21860	0	3332	0	104	3806	0	0	128	0	208	0	0	0	0	0	0	0	106	0	142	0	0	0	0	0	400	0	174	0	0	0	0	0	0	0	0	0	0	192	0	0	0	0	0	
85892	Heschl_L	2192	330	1440	386	0	0	456	0	0	0	408	0	116	0	0	0	6004	0	1008	348	0	0	0	0	0	0	0	0	8466	0	0	0	0	0	0	0	4044	0	114	0	0	0	0	0	0	0	0	0	0	0	0	0	472	0	2742	0	2770	0	0	0	296	0	972	0	146	0	0	0	0	0	658	220	268	0	0	0	530	0	0	0	3634	0	0	0	2130	0	0	0	2796	0	0	0	0	0	0	0	0	0	0	0	0	0	0	0	0	0	0	0	0	0	0	0	0	0	0	0	
35308	Heschl_R	0	856	0	154	0	0	0	0	0	0	0	134	0	0	0	0	0	4144	0	156	0	0	0	0	0	0	0	0	0	4136	0	0	0	0	0	0	0	852	0	258	0	0	0	0	0	0	0	0	0	0	0	0	0	0	0	508	0	348	0	0	0	0	0	178	0	116	0	188	0	530	0	0	0	852	0	0	0	128	0	0	0	3392	0	238	0	300	0	0	0	186	0	0	0	0	0	0	0	0	0	0	0	0	0	0	0	0	0	0	0	0	0	0	0	0	0	0	
279160	Temporal_Sup_L	2296	368	5378	1362	0	0	1776	88	0	0	5074	532	1116	102	0	0	14096	278	3656	962	0	0	202	0	0	0	0	0	15492	554	212	0	0	130	0	0	4560	0	538	0	0	0	0	0	0	0	114	0	94	0	616	0	1716	0	8716	0	3456	0	0	0	2544	0	8226	0	2420	0	0	0	626	0	1450	88	1344	0	0	0	130	0	3634	0	0	0	3800	0	25982	0	100	0	12240	0	254	0	278	0	0	0	1496	0	1016	0	0	0	222	0	140	0	106	0	0	0	0	0	0	0	0	0	
165808	Temporal_Sup_R	0	2476	0	242	0	0	0	612	0	0	0	430	0	0	0	0	0	2690	0	368	0	0	0	0	0	0	0	0	0	7630	0	0	0	0	0	0	0	3162	0	1472	0	250	0	0	0	0	0	0	0	310	0	1616	0	200	0	6450	0	1820	0	246	0	1968	0	6862	0	7222	174	824	0	1412	0	0	0	1140	0	0	0	208	0	3392	0	0	0	4412	0	14738	0	560	0	9074	0	114	0	0	0	0	0	520	0	310	0	0	0	0	0	0	0	0	0	0	0	0	0	0	0	0	
124584	Temporal_Pole_Sup_L	0	0	1616	110	1342	0	720	0	2734	0	1430	0	1338	0	4638	0	656	0	418	124	386	0	0	0	0	0	0	0	6792	0	0	0	0	0	0	0	3890	0	2418	0	3730	0	0	0	0	0	0	0	0	0	0	0	0	0	4224	0	0	0	0	0	0	0	0	0	0	0	0	0	0	0	218	0	1522	0	0	0	0	0	0	0	3800	0	0	0	7668	0	6204	0	6140	0	0	0	0	0	0	0	174	0	0	0	0	0	0	0	0	0	0	0	0	0	0	0	0	0	0	0	
90124	Temporal_Pole_Sup_R	0	0	0	188	0	294	0	0	0	0	0	300	0	120	0	850	0	420	0	106	0	346	0	0	0	0	0	0	0	4008	0	0	0	0	0	0	0	4216	0	4528	0	4358	0	0	0	0	0	0	0	0	0	0	0	0	0	6558	0	0	0	0	0	0	0	0	0	0	0	0	0	0	0	88	0	1536	0	0	0	0	0	238	0	4412	0	0	0	3112	0	5978	0	2660	0	0	0	0	0	0	0	454	0	292	0	0	0	0	0	0	0	0	0	0	0	0	0	0	0	0	
397312	Temporal_Mid_L	5250	92	938	218	0	0	548	0	110	0	882	0	202	0	174	0	3992	0	572	424	122	0	0	0	0	0	0	0	8280	0	0	0	0	232	2502	2220	2886	0	108	0	600	0	1890	0	932	438	1148	0	1924	1236	28826	660	9636	126	8774	0	1542	288	198	0	7120	0	6082	0	9900	0	2020	1038	1990	426	324	0	1166	0	0	0	260	0	2130	0	25982	0	7668	0	0	414	4332	0	38122	336	216	0	88	0	0	0	524	0	548	0	0	0	0	0	0	0	0	0	0	0	0	0	0	0	0	0	
320720	Temporal_Mid_R	302	8448	0	0	0	0	0	420	0	0	0	356	0	0	0	116	0	276	0	2538	0	0	0	0	0	0	0	0	0	2830	0	0	0	634	2130	3188	0	1348	0	348	0	808	148	5792	152	3280	332	1498	0	4884	556	15602	202	2924	1608	4038	186	5560	0	2282	0	6322	0	4198	0	11624	486	5878	160	4716	0	0	0	954	0	0	0	0	0	300	0	14738	0	3112	414	0	0	2526	110	31000	0	232	0	0	0	0	0	256	0	282	0	0	0	0	0	0	0	0	0	0	266	0	0	0	0	0	
44720	Temporal_Pole_Mid_L	0	0	0	0	0	0	0	0	0	0	0	0	0	0	0	0	0	0	0	0	0	0	0	0	0	0	0	0	0	0	0	0	0	0	0	0	810	0	1824	0	900	0	0	0	0	0	0	0	0	0	0	0	0	0	3016	0	0	0	0	0	0	0	0	0	0	0	0	0	0	0	0	0	0	0	0	0	0	0	0	0	100	0	6204	0	4332	0	0	0	5174	0	0	0	0	0	0	0	0	0	0	0	0	0	0	0	0	0	0	0	0	0	0	0	0	0	0	0	
43704	Temporal_Pole_Mid_R	0	0	0	0	0	0	0	0	0	0	0	0	0	0	0	198	0	0	0	0	0	140	0	0	0	0	0	0	0	486	0	0	0	0	0	0	0	704	0	2624	0	810	0	0	0	0	0	0	0	0	0	0	0	0	0	3422	0	0	0	0	0	0	0	0	0	0	0	0	0	0	0	0	0	208	0	0	0	0	0	0	0	560	0	5978	0	2526	0	0	0	4196	0	0	0	0	0	0	0	0	0	0	0	0	0	0	0	0	0	0	0	0	0	0	0	0	0	0	
381608	Temporal_Inf_L	2930	122	1120	108	0	0	654	0	0	0	890	136	248	0	0	0	1776	92	600	258	0	0	0	0	0	0	0	0	8226	154	0	0	0	146	1098	988	9146	0	1762	0	2246	0	1834	0	642	248	916	0	644	636	11356	262	14134	0	30492	0	1462	124	96	0	4662	0	2626	0	5340	0	1244	514	578	166	304	0	1240	0	0	0	548	0	2796	0	12240	0	6140	0	38122	110	5174	0	0	0	5108	0	2068	0	0	0	1728	0	4026	0	194	0	330	0	0	0	0	0	0	0	0	0	0	0	0	0	
315332	Temporal_Inf_R	402	6480	0	202	0	0	0	1664	0	0	0	710	0	0	0	0	0	340	0	2430	0	0	0	0	0	0	0	0	0	3204	0	0	0	740	4224	5226	0	1482	0	358	0	0	0	2410	118	342	960	1732	0	1640	450	3768	254	6536	4592	22812	170	2102	0	1292	0	3390	0	3878	0	4044	770	4554	406	4412	0	0	0	248	0	0	0	106	0	186	0	9074	0	2660	336	31000	0	4196	0	0	154	5720	0	244	0	88	228	670	158	2814	0	0	226	462	0	0	0	0	0	252	526	0	224	0	0	0	
686444	Cerebelum_Crus1_L	184	0	222	0	0	0	0	0	0	0	0	0	0	0	0	0	0	0	138	0	0	0	0	0	0	0	0	0	536	0	0	0	0	0	146	124	1004	0	1690	0	0	0	566	0	0	0	18472	4082	0	0	0	0	270	710	30136	906	0	0	0	0	0	0	94	0	0	0	366	142	114	0	0	0	390	0	0	0	0	0	0	0	254	0	0	0	216	0	0	0	5108	154	0	17064	46096	9870	1228	524	39730	7848	76526	17288	7728	234	9168	694	266	0	0	0	104	1672	17186	12518	10500	498	124	332	
885696	Cerebelum_Crus1_R	0	0	0	92	0	0	0	0	0	0	0	0	0	0	0	0	0	0	0	0	0	0	0	0	0	0	0	0	0	518	0	0	0	154	0	502	0	3260	0	3414	0	126	130	1022	0	358	2028	17414	0	182	0	0	0	3626	384	28236	0	0	0	0	0	0	0	0	0	0	0	4268	0	0	0	0	0	596	0	0	0	142	0	0	0	114	0	0	0	232	0	0	0	5720	17064	0	10692	54082	922	8794	18802	40426	15804	86800	1724	5886	9878	22862	578	992	0	158	394	11138	24372	14538	18986	2838	1396	1204	
559336	Cerebelum_Crus2_L	0	0	194	0	0	0	0	0	0	0	0	0	0	0	0	0	0	0	126	0	0	0	0	0	0	0	0	0	438	0	0	0	0	0	0	0	780	0	1330	0	0	0	0	0	0	0	1520	1336	0	0	0	0	0	308	5500	422	0	0	0	0	0	0	0	0	0	0	0	0	0	0	0	0	366	0	0	0	0	0	0	0	278	0	0	0	88	0	0	0	2068	0	46096	10692	0	18884	2008	894	15270	2346	20810	7650	41216	6822	39634	5528	4246	450	470	0	364	2026	5662	6628	15736	9944	1002	536	
652204	Cerebelum_Crus2_R	0	0	0	0	0	0	0	0	0	0	0	0	0	0	0	0	0	0	0	0	0	0	0	0	0	0	0	0	0	282	0	0	0	0	0	0	0	1756	0	2256	0	126	0	0	0	0	730	2254	0	0	0	0	0	870	208	4452	0	0	0	0	0	0	0	0	0	0	0	174	0	0	0	0	0	530	0	0	0	0	0	0	0	0	0	0	0	0	0	0	0	244	9870	54082	18884	0	908	6230	11172	12252	7072	31680	9830	26522	14846	40998	792	1814	0	254	770	8132	12630	7998	19864	11228	2832	1560	
112996	Cerebelum_3_L	0	0	0	0	0	0	0	0	0	0	0	0	0	0	0	0	0	0	0	0	0	0	0	0	0	0	0	0	92	0	0	0	0	0	0	0	170	0	160	0	0	0	0	0	0	0	0	0	0	0	0	0	0	0	394	0	0	0	0	0	0	0	0	0	0	0	0	0	0	0	0	0	0	0	0	0	0	0	0	0	0	0	0	0	0	0	0	0	0	0	1228	922	2008	908	0	1520	9610	1398	1490	1478	1458	1214	6152	2356	4034	814	0	0	2330	4816	3268	1572	738	3014	1780	1574	
212556	Cerebelum_3_R	0	0	0	0	0	0	0	0	0	0	0	0	0	0	0	0	0	0	0	0	0	0	0	0	0	0	0	0	0	0	0	0	0	0	0	0	0	334	0	1430	0	120	0	0	0	0	0	770	0	0	0	0	0	0	172	1304	0	0	0	0	0	0	0	0	0	0	0	132	0	0	0	0	0	0	0	0	0	0	0	0	0	0	0	0	0	0	0	0	0	88	524	8794	894	6230	1520	0	4370	11328	684	10960	720	4088	5648	9224	1452	4348	0	0	1370	9346	4484	912	3038	6578	4968	448	
744592	Cerebelum_4_5_L	98	0	1030	130	0	0	200	0	0	0	470	0	0	0	0	0	0	0	638	110	0	0	0	0	0	0	0	0	2384	0	0	0	0	0	88	0	4814	98	3542	128	0	0	788	0	0	0	12476	3056	0	0	0	0	0	284	22298	1640	0	0	0	0	0	0	0	0	0	0	734	224	0	0	154	0	1738	0	0	0	0	0	0	0	1496	0	174	0	524	0	0	0	1728	228	39730	18802	15270	11172	9610	4370	0	15352	48460	22318	4376	2600	22734	8708	5822	626	570	0	2456	13554	34890	6710	10798	6672	3012	2412	
624128	Cerebelum_4_5_R	0	138	0	290	0	0	0	0	0	0	0	138	0	0	0	0	0	168	0	194	0	0	0	0	0	0	0	0	0	2740	0	0	0	176	0	574	0	13096	0	15170	0	1700	166	978	0	200	810	13262	0	144	0	0	0	598	682	21912	0	96	0	0	0	0	0	0	0	0	0	6074	0	212	184	140	0	4428	0	370	0	400	0	0	0	520	0	454	0	256	0	0	0	670	7848	40426	2346	12252	1398	11328	15352	0	9978	55206	710	3834	6402	9466	728	3582	0	100	200	8290	22828	2984	4362	2690	2398	416	
685228	Cerebelum_6_L	152	0	458	0	0	0	96	0	0	0	206	0	0	0	0	0	0	0	292	0	0	0	0	0	0	0	0	0	1026	0	0	0	0	0	142	122	2346	0	2818	0	0	0	748	0	0	0	23918	5600	0	0	0	0	0	1220	37710	1448	0	0	0	0	0	0	0	0	0	0	384	146	106	0	0	0	750	0	0	0	0	0	0	0	1016	0	0	0	548	0	0	0	4026	158	76526	15804	20810	7072	1490	684	48460	9978	0	19346	3092	488	6204	1238	1658	0	530	0	154	1754	20918	14030	5344	1070	202	326	
895036	Cerebelum_6_R	0	118	0	120	0	0	0	0	0	0	0	98	0	0	0	0	0	0	0	0	0	0	0	0	0	0	0	0	0	1634	0	0	0	138	0	516	0	5618	0	6266	0	1002	178	1050	0	332	2564	21368	0	240	0	198	0	4212	544	30912	0	0	0	0	0	0	0	0	0	0	0	4558	0	0	0	0	0	1716	0	0	0	174	0	0	0	310	0	292	0	282	0	0	0	2814	17288	86800	7650	31680	1478	10960	22318	55206	19346	0	888	2262	10546	10744	670	1600	0	630	286	13152	30030	17372	14164	2646	1362	1186	
341444	Cerebelum_7b_L	0	0	0	0	0	0	0	0	0	0	0	0	0	0	0	0	0	0	0	0	0	0	0	0	0	0	0	0	0	0	0	0	0	0	0	0	114	0	458	0	0	0	0	0	0	0	152	0	0	0	0	0	0	0	988	0	0	0	0	0	0	0	0	0	0	0	0	0	0	0	0	0	0	0	0	0	0	0	0	0	0	0	0	0	0	0	0	0	194	0	7728	1724	41216	9830	1458	720	4376	710	3092	888	0	8720	48668	7120	9918	540	736	0	398	886	1424	426	5150	11652	1122	314	
316888	Cerebelum_7b_R	0	0	0	0	0	0	0	0	0	0	0	0	0	0	0	0	0	0	0	0	0	0	0	0	0	0	0	0	0	118	0	0	0	0	0	0	0	736	90	1312	0	0	0	0	0	0	0	0	0	0	0	0	0	0	256	826	0	0	0	0	0	0	0	0	0	0	0	0	0	0	0	0	0	310	0	102	0	0	0	0	0	0	0	0	0	0	0	0	0	0	234	5886	6822	26522	1214	4088	2600	3834	488	2262	8720	0	11594	40398	1736	5928	0	492	1186	2884	1968	94	2610	15258	6198	1678	
660408	Cerebelum_8_L	0	0	94	0	0	0	0	0	0	0	0	0	0	0	0	0	0	0	0	0	0	0	0	0	0	0	0	0	242	0	0	0	0	0	0	0	472	118	944	230	0	0	0	0	0	0	254	330	0	0	0	0	0	0	2414	1262	0	0	0	0	0	0	0	0	0	0	0	94	0	0	0	0	128	0	0	0	0	0	0	0	222	0	0	0	0	0	0	0	330	226	9168	9878	39634	14846	6152	5648	22734	6402	6204	10546	48668	11594	0	18140	30026	3902	1938	0	2152	11304	14314	3842	13720	22182	7728	2122	
