data	data	341680	229900	926008	751080	93108	66588	448992	216744	52336	21932	176536	132696	229216	129572	129292	78084	146980	113320	732672	789708	29568	22064	319764	302348	38808	84528	28860	26196	493784	223520	274508	392836	159208	388504	94340	128540	217172	231068	73520	117496	18392	49588	206180	268212	184892	273940	148416	270260	168252	308692	439932	290804	135176	95592	313908	293656	250072	208932	120964	129036	253812	144784	114936	93168	132776	136544	220132	313508	184616	152576	198636	251532	363256	251228	58652	18876	113480	186092	62232	27044	160476	115696	75500	44264	271888	189132	23568	15104	253196	232988	372856	425396	206032	205808	34384	63140	219632	275160	366308	414264	154392	66160	202244	265772	73956	146204	18172	17864	31556	72816	308212	268860	227508	150384	88572	47820	
data	data	Precentral_L	Precentral_R	Frontal_Sup_L	Frontal_Sup_R	Frontal_Sup_Orb_L	Frontal_Sup_Orb_R	Frontal_Mid_L	Frontal_Mid_R	Frontal_Mid_Orb_L	Frontal_Mid_Orb_R	Frontal_Inf_Oper_L	Frontal_Inf_Oper_R	Frontal_Inf_Tri_L	Frontal_Inf_Tri_R	Frontal_Inf_Orb_L	Frontal_Inf_Orb_R	Rolandic_Oper_L	Rolandic_Oper_R	Supp_Motor_Area_L	Supp_Motor_Area_R	Olfactory_L	Olfactory_R	Frontal_Sup_Medial_L	Frontal_Sup_Medial_R	Frontal_Med_Orb_L	Frontal_Med_Orb_R	Rectus_L	Rectus_R	Insula_L	Insula_R	Cingulum_Ant_L	Cingulum_Ant_R	Cingulum_Mid_L	Cingulum_Mid_R	Cingulum_Post_L	Cingulum_Post_R	Hippocampus_L	Hippocampus_R	ParaHippocampal_L	ParaHippocampal_R	Amygdala_L	Amygdala_R	Calcarine_L	Calcarine_R	Cuneus_L	Cuneus_R	Lingual_L	Lingual_R	Occipital_Sup_L	Occipital_Sup_R	Occipital_Mid_L	Occipital_Mid_R	Occipital_Inf_L	Occipital_Inf_R	Fusiform_L	Fusiform_R	Postcentral_L	Postcentral_R	Parietal_Sup_L	Parietal_Sup_R	Parietal_Inf_L	Parietal_Inf_R	SupraMarginal_L	SupraMarginal_R	Angular_L	Angular_R	Precuneus_L	Precuneus_R	Paracentral_Lobule_L	Paracentral_Lobule_R	Caudate_L	Caudate_R	Putamen_L	Putamen_R	Pallidum_L	Pallidum_R	Thalamus_L	Thalamus_R	Heschl_L	Heschl_R	Temporal_Sup_L	Temporal_Sup_R	Temporal_Pole_Sup_L	Temporal_Pole_Sup_R	Temporal_Mid_L	Temporal_Mid_R	Temporal_Pole_Mid_L	Temporal_Pole_Mid_R	Temporal_Inf_L	Temporal_Inf_R	Cerebelum_Crus1_L	Cerebelum_Crus1_R	Cerebelum_Crus2_L	Cerebelum_Crus2_R	Cerebelum_3_L	Cerebelum_3_R	Cerebelum_4_5_L	Cerebelum_4_5_R	Cerebelum_6_L	Cerebelum_6_R	Cerebelum_7b_L	Cerebelum_7b_R	Cerebelum_8_L	Cerebelum_8_R	Cerebelum_9_L	Cerebelum_9_R	Cerebelum_10_L	Cerebelum_10_R	Vermis_1_2	Vermis_3	Vermis_4_5	Vermis_6	Vermis_7	Vermis_8	Vermis_9	Vermis_10	
341680	Precentral_L	0	3344	23586	1650	0	0	17474	466	0	0	9938	0	2836	0	0	0	4348	0	13442	5186	0	0	1468	0	0	0	0	0	8208	0	436	0	790	1514	424	152	3012	0	0	0	0	0	0	0	0	0	0	0	0	0	3060	0	978	0	190	0	25508	0	1578	0	5756	0	754	0	138	0	120	0	19628	2270	894	154	2436	0	468	0	3490	372	1964	0	1018	0	94	0	820	0	0	0	876	0	0	0	0	0	0	0	0	0	0	0	0	0	0	0	0	0	0	0	0	0	0	0	0	0	0	0	
229900	Precentral_R	3344	0	402	9322	0	0	0	6950	0	0	0	4566	0	0	0	0	0	1288	2072	15510	0	0	0	0	0	0	0	0	0	2768	0	158	368	1510	680	1510	216	980	124	0	0	0	0	0	0	0	0	0	0	0	0	104	0	0	0	0	334	24580	0	572	0	2186	0	1670	0	1420	0	132	6272	11342	398	2960	378	1218	372	276	550	7594	0	0	0	0	0	0	0	196	0	0	0	628	0	0	0	0	0	0	0	0	0	0	0	0	0	0	0	0	0	0	0	0	0	0	0	0	0	0	
926008	Frontal_Sup_L	23586	402	0	5536	6914	0	70826	934	1290	0	12464	640	17540	0	5334	0	10358	116	87772	8816	0	0	40752	1244	3808	764	172	0	40376	96	20502	2022	6724	1940	0	0	7532	0	796	0	0	0	0	0	0	0	0	0	0	0	324	0	0	0	274	0	10942	126	212	0	312	0	98	0	0	0	0	0	794	0	12424	358	39534	228	7446	0	4202	196	2058	0	1524	0	2272	0	0	0	0	0	424	0	0	0	0	0	0	0	0	0	0	0	0	0	0	0	0	0	0	0	0	0	0	0	0	0	0	0	
751080	Frontal_Sup_R	1650	9322	5536	0	0	3704	2236	29714	0	352	0	5820	588	7262	440	3054	0	3094	14260	89860	0	0	6994	36188	252	5330	0	0	2102	6636	6894	31778	1428	18308	398	536	566	5556	296	150	0	0	0	0	0	0	0	0	0	0	0	0	0	0	150	0	0	942	0	0	0	0	0	0	0	0	0	0	3144	536	5854	23698	4122	12588	204	1790	736	21472	0	0	0	0	0	0	0	0	0	0	0	0	0	0	0	0	0	0	0	0	0	0	0	0	0	0	0	0	0	0	0	0	0	0	0	0	0	0	
93108	Frontal_Sup_Orb_L	0	0	6914	0	0	0	454	0	6544	0	0	0	286	0	4774	0	0	0	0	0	1346	0	3260	0	3796	412	5050	0	1894	0	4022	0	0	0	0	0	0	0	0	0	0	0	0	0	0	0	0	0	0	0	0	0	0	0	0	0	0	0	0	0	0	0	0	0	0	0	0	0	0	0	1236	0	6324	0	0	0	0	0	0	0	0	0	242	0	0	0	0	0	0	0	0	0	0	0	0	0	0	0	0	0	0	0	0	0	0	0	0	0	0	0	0	0	0	0	0	0	
66588	Frontal_Sup_Orb_R	0	0	0	3704	0	0	0	2016	0	4378	0	0	0	190	0	4918	0	0	0	0	0	1160	152	2782	170	6100	0	5224	0	1078	422	606	0	0	0	0	0	0	0	0	0	0	0	0	0	0	0	0	0	0	0	0	0	0	0	0	0	0	0	0	0	0	0	0	0	0	0	0	0	0	0	0	0	394	0	0	0	0	0	0	0	0	0	0	0	0	0	0	0	0	0	0	0	0	0	0	0	0	0	0	0	0	0	0	0	0	0	0	0	0	0	0	0	0	0	0	
448992	Frontal_Mid_L	17474	0	70826	2236	454	0	0	154	1268	0	8916	604	27448	0	6780	0	2128	0	15904	2812	0	0	16564	418	0	0	0	0	18236	0	7860	716	2952	944	0	0	1830	0	96	0	0	0	0	0	0	0	0	0	0	0	0	0	0	0	0	0	1802	0	0	0	360	0	0	0	0	0	0	0	104	0	5650	150	7648	0	0	0	370	0	594	0	306	0	892	0	0	0	0	0	0	0	0	0	0	0	0	0	0	0	0	0	0	0	0	0	0	0	0	0	0	0	0	0	0	0	0	0	
216744	Frontal_Mid_R	466	6950	934	29714	0	2016	154	0	0	1608	0	4834	92	9236	0	3548	0	378	2298	10332	0	0	258	5352	0	0	0	0	150	2996	1180	11040	124	4154	0	0	0	132	0	0	0	0	0	0	0	0	0	0	0	0	0	0	0	0	0	0	306	516	0	0	0	0	0	0	0	0	0	0	160	0	1924	1392	1932	3288	316	592	0	0	0	0	0	0	0	0	0	0	0	0	0	0	0	0	0	0	0	0	0	0	0	0	0	0	0	0	0	0	0	0	0	0	0	0	0	0	0	0	
52336	Frontal_Mid_Orb_L	0	0	1290	0	6544	0	1268	0	0	0	0	0	578	0	10010	0	0	0	0	0	0	0	0	0	0	0	884	0	1580	0	100	0	0	0	0	0	0	0	0	0	0	0	0	0	0	0	0	0	0	0	0	0	0	0	0	0	0	0	0	0	0	0	0	0	0	0	0	0	0	0	172	0	3742	0	0	0	0	0	0	0	0	0	0	0	0	0	0	0	0	0	0	0	0	0	0	0	0	0	0	0	0	0	0	0	0	0	0	0	0	0	0	0	0	0	0	0	
21932	Frontal_Mid_Orb_R	0	0	0	352	0	4378	0	1608	0	0	0	0	0	160	0	4290	0	0	0	0	0	0	0	0	0	0	0	178	0	0	0	0	0	0	0	0	0	0	0	0	0	0	0	0	0	0	0	0	0	0	0	0	0	0	0	0	0	0	0	0	0	0	0	0	0	0	0	0	0	0	0	0	0	0	0	0	0	0	0	0	0	0	0	0	0	0	0	0	0	0	0	0	0	0	0	0	0	0	0	0	0	0	0	0	0	0	0	0	0	0	0	0	0	0	0	0	
176536	Frontal_Inf_Oper_L	9938	0	12464	0	0	0	8916	0	0	0	0	0	11748	0	0	0	5754	0	9040	0	0	0	2056	0	0	0	0	0	15552	0	864	0	486	0	0	0	928	0	0	0	0	0	0	0	0	0	0	0	0	0	0	0	0	0	0	0	3700	0	0	0	476	0	0	0	0	0	0	0	0	0	152	0	894	0	0	0	178	0	946	0	632	0	3544	0	0	0	0	0	0	0	0	0	0	0	0	0	0	0	0	0	0	0	0	0	0	0	0	0	0	0	0	0	0	0	0	0	
132696	Frontal_Inf_Oper_R	0	4566	640	5820	0	0	604	4834	0	0	0	0	0	8498	0	426	0	5236	558	4214	0	0	0	1568	0	0	0	0	372	6710	662	5278	0	598	0	0	0	1792	0	0	0	0	0	0	0	0	0	0	0	0	0	0	0	0	0	0	0	3414	0	0	0	0	0	94	0	0	0	0	0	0	2260	2392	0	5540	0	126	0	0	0	0	0	0	0	146	0	0	0	0	0	0	0	0	0	0	0	0	0	0	0	0	0	0	0	0	0	0	0	0	0	0	0	0	0	0	0	0	
229216	Frontal_Inf_Tri_L	2836	0	17540	588	286	0	27448	92	578	0	11748	0	0	0	10694	0	1374	0	6110	756	0	0	4056	98	0	0	0	0	20270	0	1750	182	2120	244	0	0	254	0	0	0	0	0	0	0	0	0	0	0	0	0	0	0	0	0	0	0	0	0	0	0	0	0	0	0	0	0	0	0	0	0	1676	0	3194	0	0	0	0	0	0	0	406	0	308	0	0	0	0	0	0	0	0	0	0	0	0	0	0	0	0	0	0	0	0	0	0	0	0	0	0	0	0	0	0	0	0	0	
129572	Frontal_Inf_Tri_R	0	0	0	7262	0	190	0	9236	0	160	0	8498	0	0	0	3168	0	556	366	6200	0	0	108	4204	0	0	0	0	0	10244	644	5832	0	2332	0	0	0	0	0	0	0	0	0	0	0	0	0	0	0	0	0	0	0	0	0	0	0	0	0	0	0	0	0	0	0	0	0	0	0	0	672	2534	114	2466	0	0	0	0	0	0	0	0	0	0	0	0	0	0	0	0	0	0	0	0	0	0	0	0	0	0	0	0	0	0	0	0	0	0	0	0	0	0	0	0	0	0	
129292	Frontal_Inf_Orb_L	0	0	5334	440	4774	0	6780	0	10010	0	0	0	10694	0	0	0	258	0	1000	662	1740	0	508	0	0	0	1762	0	8128	0	362	148	304	172	0	0	0	0	146	0	0	0	0	0	0	0	0	0	0	0	0	0	0	0	0	0	0	0	0	0	0	0	0	0	0	0	0	0	0	0	1104	0	6550	0	0	0	0	0	0	0	1424	0	2346	0	0	0	0	0	0	0	0	0	0	0	0	0	0	0	0	0	0	0	0	0	0	0	0	0	0	0	0	0	0	0	0	0	
78084	Frontal_Inf_Orb_R	0	0	0	3054	0	4918	0	3548	0	4290	0	426	0	3168	0	0	0	240	206	2482	0	0	0	1150	0	0	0	0	0	6254	0	1370	0	836	0	0	0	0	0	0	0	0	0	0	0	0	0	0	0	0	0	0	0	0	0	0	0	0	0	0	0	0	0	0	0	0	0	0	0	0	0	1656	0	2132	0	0	0	0	0	98	0	1428	0	1786	0	0	0	0	0	0	0	0	0	0	0	0	0	0	0	0	0	0	0	0	0	0	0	0	0	0	0	0	0	0	0	0	
146980	Rolandic_Oper_L	4348	0	10358	0	0	0	2128	0	0	0	5754	0	1374	0	258	0	0	0	9404	0	0	0	0	0	0	0	0	0	13940	0	0	0	0	0	0	0	854	0	0	0	0	0	0	0	0	0	0	0	0	0	656	0	358	0	394	0	6998	0	0	0	870	0	3106	0	340	0	0	0	0	0	0	0	140	0	0	0	0	0	2478	0	4688	0	3788	0	718	0	0	0	538	0	0	0	0	0	0	0	0	0	0	0	0	0	0	0	0	0	0	0	0	0	0	0	0	0	0	0	
113320	Rolandic_Oper_R	0	1288	116	3094	0	0	0	378	0	0	0	5236	0	556	0	240	0	0	354	2806	0	0	0	0	0	0	0	0	0	12774	0	172	0	0	0	0	0	3830	0	0	0	0	0	0	0	0	0	0	0	0	0	0	0	0	0	306	0	2910	0	278	0	338	0	2780	0	216	0	0	0	0	142	716	110	6548	0	398	0	0	0	2378	0	5672	0	1014	0	638	0	0	0	1372	0	0	0	0	0	0	0	0	0	0	0	0	0	0	0	0	0	0	0	0	0	0	0	0	0	0	
732672	Supp_Motor_Area_L	13442	2072	87772	14260	0	0	15904	2298	0	0	9040	558	6110	366	1000	206	9404	354	0	36594	0	0	6266	1884	0	0	0	0	28092	176	7522	4480	11126	10120	470	150	6426	236	626	0	0	0	0	0	0	0	0	0	0	0	192	0	0	0	260	0	8840	116	122	0	108	0	0	0	0	0	0	0	7972	214	8102	2828	26154	874	8840	164	18364	1070	1682	0	1518	0	1570	0	0	0	0	0	392	0	0	0	0	0	0	0	0	0	0	0	0	0	0	0	0	0	0	0	0	0	0	0	0	0	0	0	
789708	Supp_Motor_Area_R	5186	15510	8816	89860	0	0	2812	10332	0	0	0	4214	756	6200	662	2482	0	2806	36594	0	0	0	1456	12788	0	694	0	0	2504	3846	1722	19400	7914	43608	1268	6758	422	2424	202	0	0	0	0	0	0	0	0	0	0	358	0	348	0	0	0	0	286	1480	0	216	0	164	0	0	0	0	0	810	10252	11606	6242	28636	4210	8814	266	1092	920	27918	0	0	0	0	0	0	0	0	0	0	0	0	0	0	0	0	0	0	0	0	0	0	0	0	0	0	0	0	0	0	0	0	0	0	0	0	0	0	
29568	Olfactory_L	0	0	0	0	1346	0	0	0	0	0	0	0	0	0	1740	0	0	0	0	0	0	1862	0	0	0	0	826	0	2638	0	674	248	0	0	0	0	0	0	442	0	368	0	0	0	0	0	0	0	0	0	0	0	0	0	0	0	0	0	0	0	0	0	0	0	0	0	0	0	0	0	2258	1172	406	0	0	0	0	0	0	0	0	0	804	0	0	0	0	0	0	0	0	0	0	0	0	0	0	0	0	0	0	0	0	0	0	0	0	0	0	0	0	0	0	0	0	0	
22064	Olfactory_R	0	0	0	0	0	1160	0	0	0	0	0	0	0	0	0	0	0	0	0	0	1862	0	0	0	0	0	0	1468	0	1078	630	498	0	0	0	0	0	0	0	0	0	178	0	0	0	0	0	0	0	0	0	0	0	0	0	0	0	0	0	0	0	0	0	0	0	0	0	0	0	0	2356	1708	0	94	0	0	0	0	0	0	0	0	0	0	0	0	0	0	0	0	0	0	0	0	0	0	0	0	0	0	0	0	0	0	0	0	0	0	0	0	0	0	0	0	0	0	
319764	Frontal_Sup_Medial_L	1468	0	40752	6994	3260	152	16564	258	0	0	2056	0	4056	108	508	0	0	0	6266	1456	0	0	0	14234	3710	1932	138	0	4264	96	23806	10850	6094	8140	0	0	0	0	0	0	0	0	0	0	0	0	0	0	0	0	0	0	0	0	0	0	0	0	0	0	0	0	0	0	0	0	0	0	0	0	1232	0	1488	0	0	0	0	0	0	0	0	0	0	0	0	0	0	0	0	0	0	0	0	0	0	0	0	0	0	0	0	0	0	0	0	0	0	0	0	0	0	0	0	0	0	0	
302348	Frontal_Sup_Medial_R	0	0	1244	36188	0	2782	418	5352	0	0	0	1568	98	4204	0	1150	0	0	1884	12788	0	0	14234	0	332	7506	0	226	0	3158	6400	25728	1356	17366	0	0	0	0	0	0	0	0	0	0	0	0	0	0	0	0	0	0	0	0	0	0	0	0	0	0	0	0	0	0	0	0	0	0	0	0	178	3042	180	3792	0	0	0	0	0	0	0	0	0	0	0	0	0	0	0	0	0	0	0	0	0	0	0	0	0	0	0	0	0	0	0	0	0	0	0	0	0	0	0	0	0	0	
38808	Frontal_Med_Orb_L	0	0	3808	252	3796	170	0	0	0	0	0	0	0	0	0	0	0	0	0	0	0	0	3710	332	0	1244	1214	0	0	0	4022	96	0	0	0	0	0	0	0	0	0	0	0	0	0	0	0	0	0	0	0	0	0	0	0	0	0	0	0	0	0	0	0	0	0	0	0	0	0	0	404	0	356	0	0	0	0	0	0	0	0	0	0	0	0	0	0	0	0	0	0	0	0	0	0	0	0	0	0	0	0	0	0	0	0	0	0	0	0	0	0	0	0	0	0	0	
84528	Frontal_Med_Orb_R	0	0	764	5330	412	6100	0	0	0	0	0	0	0	0	0	0	0	0	0	694	0	0	1932	7506	1244	0	0	3720	0	0	2334	5528	0	214	0	0	0	0	0	0	0	0	0	0	0	0	0	0	0	0	0	0	0	0	0	0	0	0	0	0	0	0	0	0	0	0	0	0	0	0	0	1844	0	4642	0	0	0	0	0	0	0	0	0	0	0	0	0	0	0	0	0	0	0	0	0	0	0	0	0	0	0	0	0	0	0	0	0	0	0	0	0	0	0	0	0	0	
28860	Rectus_L	0	0	172	0	5050	0	0	0	884	0	0	0	0	0	1762	0	0	0	0	0	826	0	138	0	1214	0	0	0	430	0	2144	0	0	0	0	0	0	0	0	0	0	0	0	0	0	0	0	0	0	0	0	0	0	0	0	0	0	0	0	0	0	0	0	0	0	0	0	0	0	0	656	0	1154	0	0	0	0	0	0	0	0	0	0	0	0	0	0	0	0	0	0	0	0	0	0	0	0	0	0	0	0	0	0	0	0	0	0	0	0	0	0	0	0	0	0	0	
26196	Rectus_R	0	0	0	0	0	5224	0	0	0	178	0	0	0	0	0	0	0	0	0	0	0	1468	0	226	0	3720	0	0	0	716	126	662	0	0	0	0	0	0	0	0	0	0	0	0	0	0	0	0	0	0	0	0	0	0	0	0	0	0	0	0	0	0	0	0	0	0	0	0	0	0	0	192	0	586	0	0	0	0	0	0	0	0	0	0	0	0	0	0	0	0	0	0	0	0	0	0	0	0	0	0	0	0	0	0	0	0	0	0	0	0	0	0	0	0	0	0	
493784	Insula_L	8208	0	40376	2102	1894	0	18236	150	1580	0	15552	372	20270	0	8128	0	13940	0	28092	2504	2638	0	4264	0	0	0	430	0	0	0	3364	264	2144	1100	0	0	12486	0	974	0	1362	0	0	0	0	0	0	0	0	0	1370	0	0	0	1048	0	4792	0	578	0	864	0	1802	0	0	0	108	0	224	0	5294	124	22570	0	0	0	884	0	4994	0	4736	0	5314	0	294	0	0	0	1466	0	0	0	0	0	0	0	0	0	0	0	0	0	0	0	0	0	0	0	0	0	0	0	0	0	0	0	
223520	Insula_R	0	2768	96	6636	0	1078	0	2996	0	0	0	6710	0	10244	0	6254	0	12774	176	3846	0	1078	96	3158	0	0	0	716	0	0	224	5318	0	1014	0	0	0	6806	0	316	0	260	0	0	0	0	0	0	0	0	0	0	0	0	0	788	0	3210	0	260	0	384	0	460	0	162	0	0	0	0	172	3250	142	19800	0	0	0	104	0	2636	0	4568	0	1552	0	284	0	0	0	1424	0	0	0	0	0	0	0	0	0	0	0	0	0	0	0	0	0	0	0	0	0	0	0	0	0	0	
274508	Cingulum_Ant_L	436	0	20502	6894	4022	422	7860	1180	100	0	864	662	1750	644	362	0	0	0	7522	1722	674	630	23806	6400	4022	2334	2144	126	3364	224	0	14706	4640	2224	0	0	0	0	0	0	0	0	0	0	0	0	0	0	0	0	0	0	0	0	0	0	0	0	0	0	0	0	0	0	0	0	0	0	0	0	9056	1492	6060	410	0	0	0	0	0	0	0	0	0	0	0	0	0	0	0	0	0	0	0	0	0	0	0	0	0	0	0	0	0	0	0	0	0	0	0	0	0	0	0	0	0	0	
392836	Cingulum_Ant_R	0	158	2022	31778	0	606	716	11040	0	0	0	5278	182	5832	148	1370	0	172	4480	19400	248	498	10850	25728	96	5528	0	662	264	5318	14706	0	2746	18394	0	0	0	156	0	0	0	0	0	0	0	0	0	0	0	0	0	0	0	0	0	0	0	522	0	0	0	0	0	0	0	0	0	0	0	0	1682	14474	506	10662	0	0	0	196	0	0	0	0	0	0	0	0	0	0	0	0	0	0	0	0	0	0	0	0	0	0	0	0	0	0	0	0	0	0	0	0	0	0	0	0	0	0	
159208	Cingulum_Mid_L	790	368	6724	1428	0	0	2952	124	0	0	486	0	2120	0	304	0	0	0	11126	7914	0	0	6094	1356	0	0	0	0	2144	0	4640	2746	0	8500	3228	596	0	0	0	0	0	0	222	0	1118	0	0	0	1304	0	1724	0	0	0	0	0	200	0	606	0	234	0	0	0	0	0	3940	296	5356	662	0	110	192	0	0	0	0	0	0	0	0	0	0	0	0	0	0	0	0	0	0	0	0	0	0	0	0	0	0	0	0	0	0	0	0	0	0	0	0	0	0	0	0	0	0	0	
388504	Cingulum_Mid_R	1514	1510	1940	18308	0	0	944	4154	0	0	0	598	244	2332	172	836	0	0	10120	43608	0	0	8140	17366	0	214	0	0	1100	1014	2224	18394	8500	0	1446	8974	126	0	0	0	0	0	0	456	0	1318	0	190	0	1904	0	1516	0	0	0	0	0	4320	0	1204	0	1120	0	0	0	208	130	8386	2874	12210	1908	238	1174	314	0	0	0	0	0	0	0	0	0	0	0	116	0	0	0	644	0	0	0	0	0	0	0	0	0	0	0	0	0	0	0	0	0	0	0	0	244	0	0	0	0	0	
94340	Cingulum_Post_L	424	680	0	398	0	0	0	0	0	0	0	0	0	0	0	0	0	0	470	1268	0	0	0	0	0	0	0	0	0	0	0	0	3228	1446	0	6756	2628	2998	1226	1636	0	0	2246	0	1212	0	164	1450	1030	0	2682	0	1450	0	402	0	0	0	0	0	0	0	0	0	0	0	5414	762	3110	808	0	0	0	0	0	0	506	1878	0	0	0	0	0	0	162	0	0	0	736	0	0	0	0	0	0	0	0	0	0	0	0	0	0	0	0	0	0	0	0	0	0	0	0	0	0	0	
128540	Cingulum_Post_R	152	1510	0	536	0	0	0	0	0	0	0	0	0	0	0	0	0	0	150	6758	0	0	0	0	0	0	0	0	0	0	0	0	596	8974	6756	0	2826	4676	1528	1896	0	0	160	1018	0	204	0	2958	0	0	0	0	0	0	340	0	0	696	0	210	0	326	0	0	0	136	1038	8178	416	6832	0	0	0	0	0	0	850	2246	0	0	0	0	0	0	0	0	0	0	0	1506	0	0	0	0	0	0	0	0	0	0	0	0	0	0	0	0	0	0	0	0	798	0	0	0	0	0	
217172	Hippocampus_L	3012	216	7532	566	0	0	1830	0	0	0	928	0	254	0	0	0	854	0	6426	422	0	0	0	0	0	0	0	0	12486	0	0	0	0	126	2628	2826	0	2402	9348	1528	3986	0	558	0	0	0	786	1342	0	0	0	0	0	0	9860	0	524	0	0	0	100	0	0	0	0	0	1448	440	272	0	368	0	9576	0	552	0	6168	2296	2700	0	2004	0	442	0	1240	0	0	0	10540	0	0	0	0	0	0	0	0	0	0	0	0	0	0	0	0	0	0	0	0	0	0	0	0	0	0	0	
231068	Hippocampus_R	0	980	0	5556	0	0	0	132	0	0	0	1792	0	0	0	0	0	3830	236	2424	0	0	0	0	0	0	0	0	0	6806	0	156	0	0	2998	4676	2402	0	1224	16712	0	8842	124	248	0	0	0	3706	0	0	0	0	0	0	174	17766	0	1002	0	146	0	312	0	230	0	162	582	2338	0	0	0	0	0	14272	0	0	486	3972	0	426	0	692	0	110	0	268	0	0	0	8738	0	0	0	0	0	0	0	228	0	0	0	0	0	0	0	0	0	0	0	0	786	0	0	0	0	0	
73520	ParaHippocampal_L	0	124	796	296	0	0	96	0	0	0	0	0	0	0	146	0	0	0	626	202	442	0	0	0	0	0	0	0	974	0	0	0	0	0	1226	1528	9348	1224	0	842	596	0	380	0	0	0	2020	788	0	0	228	0	474	0	4766	0	0	0	0	0	0	0	0	0	0	0	1166	294	0	0	0	0	1340	0	0	0	2166	1432	102	0	0	0	238	0	0	0	0	0	1890	0	0	0	0	0	254	0	756	0	0	0	0	0	0	0	0	0	0	0	0	0	0	0	0	0	0	0	
117496	ParaHippocampal_R	0	0	0	150	0	0	0	0	0	0	0	0	0	0	0	0	0	0	0	0	0	0	0	0	0	0	0	0	0	316	0	0	0	0	1636	1896	1528	16712	842	0	0	6618	0	206	0	0	0	5936	0	0	0	0	0	0	0	13850	0	0	0	0	0	0	0	0	0	0	440	1092	0	0	0	0	0	832	0	0	160	2152	0	0	0	0	0	858	0	0	0	0	0	2528	0	0	0	0	0	0	0	996	0	0	0	0	0	0	0	0	0	0	0	0	0	0	0	0	0	0	
18392	Amygdala_L	0	0	0	0	0	0	0	0	0	0	0	0	0	0	0	0	0	0	0	0	368	0	0	0	0	0	0	0	1362	0	0	0	0	0	0	0	3986	0	596	0	0	0	0	0	0	0	0	0	0	0	0	0	0	0	1808	0	0	0	0	0	0	0	0	0	0	0	0	0	0	0	0	0	424	0	0	0	0	0	0	0	0	0	306	0	0	0	0	0	346	0	0	0	0	0	0	0	0	0	0	0	0	0	0	0	0	0	0	0	0	0	0	0	0	0	0	0	
49588	Amygdala_R	0	0	0	0	0	0	0	0	0	0	0	0	0	0	0	0	0	0	0	0	0	178	0	0	0	0	0	0	0	260	0	0	0	0	0	0	0	8842	0	6618	0	0	0	0	0	0	0	0	0	0	0	0	0	0	0	6046	0	0	0	0	0	0	0	0	0	0	0	0	0	0	0	0	0	268	0	0	0	0	0	0	0	0	0	1054	0	0	0	0	0	1528	0	0	0	0	0	0	0	0	0	0	0	0	0	0	0	0	0	0	0	0	0	0	0	0	0	0	
206180	Calcarine_L	0	0	0	0	0	0	0	0	0	0	0	0	0	0	0	0	0	0	0	0	0	0	0	0	0	0	0	0	0	0	0	0	222	0	2246	160	558	124	380	0	0	0	0	5362	18378	4190	8206	1822	11242	1384	23526	264	4316	106	1714	0	266	0	466	0	456	0	0	0	0	0	14520	462	356	0	0	0	0	0	0	0	0	0	0	0	0	0	0	0	1418	0	0	0	338	0	0	100	0	0	0	0	0	146	0	136	0	0	0	0	0	0	0	0	0	0	226	0	0	0	0	0	
268212	Calcarine_R	0	0	0	0	0	0	0	0	0	0	0	0	0	0	0	0	0	0	0	0	0	0	0	0	0	0	0	0	0	0	0	0	0	456	0	1018	0	248	0	206	0	0	5362	0	5316	25118	866	17538	0	19694	0	17326	0	7008	0	4488	0	0	0	108	0	108	0	0	0	124	390	17578	0	114	0	0	0	0	0	0	0	0	0	0	0	0	0	0	0	5816	0	0	0	5054	0	0	0	0	0	0	0	0	0	0	0	0	0	0	0	0	0	0	0	0	170	0	0	0	0	0	
184892	Cuneus_L	0	0	0	0	0	0	0	0	0	0	0	0	0	0	0	0	0	0	0	0	0	0	0	0	0	0	0	0	0	0	0	0	1118	0	1212	0	0	0	0	0	0	0	18378	5316	0	8980	928	352	22592	3590	13868	636	264	442	208	0	244	0	452	0	380	0	0	0	0	0	11086	864	1098	0	0	0	0	0	0	0	0	0	0	0	0	0	0	0	438	0	0	0	0	0	0	0	0	0	0	0	0	0	0	0	0	0	0	0	0	0	0	0	0	0	0	0	0	0	0	0	
273940	Cuneus_R	0	0	0	0	0	0	0	0	0	0	0	0	0	0	0	0	0	0	0	0	0	0	0	0	0	0	0	0	0	0	0	0	0	1318	0	204	0	0	0	0	0	0	4190	25118	8980	0	278	4338	236	37412	0	16656	0	1678	0	296	0	1020	0	3494	0	208	0	0	0	336	3466	22284	0	1102	0	0	0	0	0	0	0	0	0	0	0	0	0	0	0	2692	0	0	0	1572	0	0	0	0	0	0	0	0	0	0	0	0	0	0	0	0	0	0	0	0	92	0	0	0	0	0	
148416	Lingual_L	0	0	0	0	0	0	0	0	0	0	0	0	0	0	0	0	0	0	0	0	0	0	0	0	0	0	0	0	0	0	0	0	0	0	164	0	786	0	2020	0	0	0	8206	866	928	278	0	868	1746	210	9104	112	4420	0	12944	0	0	0	0	0	0	0	0	0	0	0	1860	0	0	0	0	0	0	0	0	0	0	0	430	0	0	0	0	0	0	0	0	0	0	0	6916	0	262	0	398	0	6962	682	10300	90	0	0	0	0	0	0	0	0	234	170	2492	478	0	0	0	282	
270260	Lingual_R	0	0	0	0	0	0	0	0	0	0	0	0	0	0	0	0	0	0	0	0	0	0	0	0	0	0	0	0	0	0	0	0	0	190	1450	2958	1342	3706	788	5936	0	0	1822	17538	352	4338	868	0	0	5456	0	5272	0	7294	0	21450	0	0	0	0	0	306	0	0	0	342	440	8850	0	0	0	0	0	0	0	0	104	1416	0	0	0	0	0	0	0	816	0	0	0	1608	316	4062	0	206	106	414	590	7226	1094	8634	0	0	0	198	0	494	0	100	0	432	8940	5152	1286	664	478	96	
168252	Occipital_Sup_L	0	0	0	0	0	0	0	0	0	0	0	0	0	0	0	0	0	0	0	0	0	0	0	0	0	0	0	0	0	0	0	0	1304	0	1030	0	0	0	0	0	0	0	11242	0	22592	236	1746	0	0	0	27164	0	336	0	124	0	258	0	5252	0	236	0	0	0	0	0	11376	316	914	0	0	0	0	0	0	0	0	0	0	0	0	0	0	0	0	0	0	0	0	0	0	0	0	0	0	0	0	0	0	0	0	0	0	0	0	0	0	0	0	0	0	0	0	0	0	0	
308692	Occipital_Sup_R	0	0	0	0	0	0	0	0	0	0	0	0	0	0	0	0	0	0	0	358	0	0	0	0	0	0	0	0	0	0	0	0	0	1904	0	0	0	0	0	0	0	0	1384	19694	3590	37412	210	5456	0	0	0	30202	0	2216	0	774	0	5102	0	8270	0	2604	0	90	0	3590	1440	22856	0	2394	0	0	0	0	0	0	0	0	0	0	0	0	0	0	0	3132	0	0	0	1280	0	0	0	0	0	0	0	0	0	0	0	0	0	0	0	0	0	0	0	0	388	0	0	0	0	0	
439932	Occipital_Mid_L	3060	0	324	0	0	0	0	0	0	0	0	0	0	0	0	0	656	0	192	0	0	0	0	0	0	0	0	0	1370	0	0	0	1724	0	2682	0	0	0	228	0	0	0	23526	0	13868	0	9104	0	27164	0	0	0	22342	0	8022	0	8452	0	16698	0	18218	0	1042	0	13410	0	16970	0	7648	0	0	0	0	0	0	0	0	0	654	0	1054	0	0	0	18564	0	0	0	2852	0	0	0	0	0	0	0	0	0	142	0	0	0	0	0	0	0	0	0	0	0	0	0	0	0	0	0	
290804	Occipital_Mid_R	0	104	0	0	0	0	0	0	0	0	0	0	0	0	0	0	0	0	0	348	0	0	0	0	0	0	0	0	0	0	0	0	0	1516	0	0	0	0	0	0	0	0	264	17326	636	16656	112	5272	0	30202	0	0	0	7044	0	3776	0	3334	0	6830	0	3928	0	262	0	10558	202	17160	0	1684	0	0	0	0	0	0	0	0	0	0	0	94	0	0	0	13546	0	0	0	4340	0	0	0	0	0	0	0	0	0	0	0	0	0	0	0	0	0	0	0	0	208	0	0	0	0	0	
135176	Occipital_Inf_L	978	0	0	0	0	0	0	0	0	0	0	0	0	0	0	0	358	0	0	0	0	0	0	0	0	0	0	0	0	0	0	0	0	0	1450	0	0	0	474	0	0	0	4316	0	264	0	4420	0	336	0	22342	0	0	0	13632	0	0	0	0	0	96	0	92	0	0	0	2382	0	1190	0	0	0	0	0	0	0	0	0	2300	0	744	0	0	0	5614	0	0	0	6056	0	284	0	0	0	0	0	0	0	260	0	0	0	0	0	0	0	0	0	0	0	0	0	0	0	0	0	
95592	Occipital_Inf_R	0	0	0	0	0	0	0	0	0	0	0	0	0	0	0	0	0	0	0	0	0	0	0	0	0	0	0	0	0	0	0	0	0	0	0	0	0	0	0	0	0	0	106	7008	442	1678	0	7294	0	2216	0	7044	0	0	0	10634	0	160	0	118	0	0	0	0	0	0	0	678	0	0	0	0	0	0	0	0	0	0	0	0	0	0	0	0	0	1176	0	0	0	4390	0	368	0	0	0	0	0	1416	0	1850	0	0	0	0	0	0	0	0	0	0	678	448	92	0	0	0	
313908	Fusiform_L	190	0	274	150	0	0	0	0	0	0	0	0	0	0	0	0	394	0	260	0	0	0	0	0	0	0	0	0	1048	0	0	0	0	0	402	340	9860	174	4766	0	1808	0	1714	0	208	0	12944	0	124	0	8022	0	13632	0	0	0	0	0	0	0	114	0	0	0	106	0	1314	0	214	0	0	0	110	0	0	0	898	368	2960	0	1708	0	548	0	3916	0	404	0	18698	0	27108	0	3148	0	0	0	8534	334	27928	0	166	0	394	0	0	0	0	0	140	0	1164	240	0	0	0	130	
293656	Fusiform_R	0	0	0	0	0	0	0	0	0	0	0	0	0	0	0	0	0	306	0	0	0	0	0	0	0	0	0	0	0	788	0	0	0	0	0	0	0	17766	0	13850	0	6046	0	4488	0	296	0	21450	0	774	0	3776	0	10634	0	0	0	0	0	0	0	0	0	116	0	0	0	772	0	0	0	0	0	3814	0	0	0	206	0	0	0	878	0	2794	0	3854	0	1034	0	18120	106	6376	0	0	0	270	414	7698	560	11582	0	0	0	180	0	286	0	0	0	280	3898	2360	550	280	226	0	
250072	Postcentral_L	25508	334	10942	0	0	0	1802	306	0	0	3700	0	0	0	0	0	6998	0	8840	286	0	0	0	0	0	0	0	0	4792	0	0	0	200	0	0	0	524	0	0	0	0	0	266	0	244	0	0	0	258	0	8452	0	0	0	0	0	0	0	7116	0	22544	0	5944	0	1324	0	3810	0	4224	0	90	0	0	0	0	0	238	0	1842	0	2424	0	0	0	1650	0	0	0	378	0	0	0	0	0	0	0	0	0	0	0	0	0	0	0	0	0	0	0	0	0	0	0	0	0	0	0	
208932	Postcentral_R	0	24580	126	942	0	0	0	516	0	0	0	3414	0	0	0	0	0	2910	116	1480	0	0	0	0	0	0	0	0	0	3210	0	522	0	4320	0	696	0	1002	0	0	0	0	0	0	0	1020	0	0	0	5102	0	3334	0	160	0	0	0	0	0	9694	0	9996	0	9372	0	2646	188	5384	0	9458	0	626	0	1656	0	412	0	0	0	180	0	462	0	0	0	316	0	0	0	626	0	0	0	0	0	0	0	0	0	0	0	0	0	0	0	0	0	0	0	0	0	0	0	0	0	0	
120964	Parietal_Sup_L	1578	0	212	0	0	0	0	0	0	0	0	0	0	0	0	0	0	0	122	0	0	0	0	0	0	0	0	0	578	0	0	0	606	0	0	0	0	0	0	0	0	0	466	0	452	0	0	0	5252	0	16698	0	0	0	0	0	7116	0	0	0	13086	0	194	0	2658	0	10408	0	946	0	0	0	0	0	0	0	0	0	0	0	0	0	0	0	110	0	0	0	0	0	0	0	0	0	0	0	0	0	0	0	0	0	0	0	0	0	0	0	0	0	0	0	0	0	0	0	
129036	Parietal_Sup_R	0	572	0	0	0	0	0	0	0	0	0	0	0	0	0	0	0	278	0	216	0	0	0	0	0	0	0	0	0	260	0	0	0	1204	0	210	0	146	0	0	0	0	0	108	0	3494	0	0	0	8270	0	6830	0	118	0	0	0	9694	0	0	0	12256	0	990	0	7588	258	8212	0	1724	0	0	0	0	0	0	0	0	0	0	0	338	0	0	0	874	0	0	0	782	0	0	0	0	0	0	0	0	0	0	0	0	0	0	0	0	0	0	0	0	96	0	0	0	0	0	
253812	Parietal_Inf_L	5756	0	312	0	0	0	360	0	0	0	476	0	0	0	0	0	870	0	108	0	0	0	0	0	0	0	0	0	864	0	0	0	234	0	0	0	100	0	0	0	0	0	456	0	380	0	0	0	236	0	18218	0	96	0	114	0	22544	0	13086	0	0	0	15320	0	25422	0	1864	0	1194	0	0	0	0	0	0	0	0	0	0	0	4170	0	0	0	9160	0	0	0	5566	0	0	0	0	0	0	0	0	0	0	0	0	0	0	0	0	0	0	0	0	0	0	0	0	0	0	0	
144784	Parietal_Inf_R	0	2186	0	0	0	0	0	0	0	0	0	0	0	0	0	0	0	338	0	164	0	0	0	0	0	0	0	0	0	384	0	0	0	1120	0	326	0	312	0	0	0	0	0	108	0	208	0	306	0	2604	0	3928	0	0	0	0	0	9996	0	12256	0	0	0	9100	0	16620	0	1352	0	1360	0	0	0	152	0	0	0	0	0	0	0	1270	0	0	0	4948	0	0	0	3016	0	0	0	0	0	0	0	0	0	0	0	0	0	0	0	0	0	0	0	0	338	0	0	0	0	0	
114936	SupraMarginal_L	754	0	98	0	0	0	0	0	0	0	0	0	0	0	0	0	3106	0	0	0	0	0	0	0	0	0	0	0	1802	0	0	0	0	0	0	0	0	0	0	0	0	0	0	0	0	0	0	0	0	0	1042	0	92	0	0	0	5944	0	194	0	15320	0	0	0	6262	0	92	0	404	0	0	0	0	0	0	0	0	0	0	0	7372	0	0	0	9350	0	0	0	5636	0	0	0	0	0	0	0	0	0	0	0	0	0	0	0	0	0	0	0	0	0	0	0	0	0	0	0	
93168	SupraMarginal_R	0	1670	0	0	0	0	0	0	0	0	0	94	0	0	0	0	0	2780	0	0	0	0	0	0	0	0	0	0	0	460	0	0	0	0	0	0	0	230	0	0	0	0	0	0	0	0	0	0	0	90	0	262	0	0	0	116	0	9372	0	990	0	9100	0	0	0	6594	0	0	0	0	0	0	0	0	0	0	0	0	0	182	0	7486	0	0	0	2734	0	0	0	4424	0	0	0	0	0	0	0	0	0	0	0	0	0	0	0	0	0	0	0	0	0	0	0	0	0	0	
132776	Angular_L	138	0	0	0	0	0	0	0	0	0	0	0	0	0	0	0	340	0	0	0	0	0	0	0	0	0	0	0	0	0	0	0	0	0	0	0	0	0	0	0	0	0	0	0	0	0	0	0	0	0	13410	0	0	0	106	0	1324	0	2658	0	25422	0	6262	0	0	0	240	0	372	0	0	0	0	0	0	0	0	0	0	0	2236	0	0	0	10292	0	0	0	3588	0	0	0	0	0	0	0	0	0	0	0	0	0	0	0	0	0	0	0	0	0	0	0	0	0	0	0	
136544	Angular_R	0	1420	0	0	0	0	0	0	0	0	0	0	0	0	0	0	0	216	0	0	0	0	0	0	0	0	0	0	0	162	0	0	0	208	0	136	0	162	0	0	0	0	0	124	0	336	0	342	0	3590	0	10558	0	0	0	0	0	2646	0	7588	0	16620	0	6594	0	0	0	1110	0	240	0	0	0	162	0	0	0	0	0	0	0	4680	0	0	0	7078	0	0	0	3918	0	0	0	0	0	0	0	0	0	0	0	0	0	0	0	0	0	0	0	0	382	0	0	0	0	0	
220132	Precuneus_L	120	0	0	0	0	0	0	0	0	0	0	0	0	0	0	0	0	0	0	0	0	0	0	0	0	0	0	0	108	0	0	0	3940	130	5414	1038	1448	582	1166	440	0	0	14520	390	11086	3466	1860	440	11376	1440	16970	202	2382	0	1314	0	3810	188	10408	258	1864	0	92	0	240	0	0	6172	4586	178	0	0	0	0	0	0	0	346	0	0	0	0	0	0	1166	0	0	0	350	576	0	0	0	0	0	0	0	0	0	0	0	0	0	0	0	0	0	0	0	0	0	0	0	0	0	0	
313508	Precuneus_R	0	132	0	0	0	0	0	0	0	0	0	0	0	0	0	0	0	0	0	810	0	0	0	0	0	0	0	0	0	0	0	0	296	8386	762	8178	440	2338	294	1092	0	0	462	17578	864	22284	0	8850	316	22856	0	17160	0	678	0	772	0	5384	0	8212	0	1352	0	0	0	1110	6172	0	0	4578	0	0	0	0	0	0	0	316	0	0	0	0	0	0	0	4806	0	0	0	6704	0	0	0	0	0	0	0	0	0	0	0	0	0	0	0	0	0	0	0	0	3572	0	0	0	0	0	
184616	Paracentral_Lobule_L	19628	6272	794	3144	0	0	104	160	0	0	0	0	0	0	0	0	0	0	7972	10252	0	0	0	0	0	0	0	0	224	0	0	0	5356	2874	3110	416	272	0	0	0	0	0	356	0	1098	0	0	0	914	0	7648	0	1190	0	214	0	4224	0	946	0	1194	0	404	0	372	0	4586	0	0	4596	466	156	144	0	0	0	1532	0	0	0	206	0	0	0	808	0	0	0	676	0	0	0	0	0	0	0	0	0	0	0	0	0	0	0	0	0	0	0	0	0	0	0	0	0	0	0	
152576	Paracentral_Lobule_R	2270	11342	0	536	0	0	0	0	0	0	0	0	0	0	0	0	0	0	214	11606	0	0	0	0	0	0	0	0	0	0	0	0	662	12210	808	6832	0	0	0	0	0	0	0	114	0	1102	0	0	0	2394	0	1684	0	0	0	0	0	9458	0	1724	0	1360	0	0	0	240	178	4578	4596	0	0	564	0	0	0	0	128	834	0	0	0	0	0	0	0	160	0	0	0	694	0	0	0	0	0	0	0	0	0	0	0	0	0	0	0	0	0	0	0	0	0	0	0	0	0	0	
198636	Caudate_L	894	398	12424	5854	1236	0	5650	1924	172	0	152	2260	1676	672	1104	0	0	142	8102	6242	2258	2356	1232	178	404	0	656	0	5294	172	9056	1682	0	1908	0	0	368	0	0	0	0	0	0	0	0	0	0	0	0	0	0	0	0	0	0	0	90	0	0	0	0	0	0	0	0	0	0	0	466	0	0	3628	15558	330	1112	0	3552	116	0	0	0	0	0	0	0	0	0	0	0	0	0	0	0	0	0	0	0	0	0	0	0	0	0	0	0	0	0	0	0	0	0	0	0	0	0	0	
251532	Caudate_R	154	2960	358	23698	0	0	150	1392	0	0	0	2392	0	2534	0	1656	0	716	2828	28636	1172	1708	0	3042	0	1844	0	192	124	3250	1492	14474	110	238	0	0	0	0	0	0	0	0	0	0	0	0	0	0	0	0	0	0	0	0	0	0	0	626	0	0	0	0	0	0	0	0	0	0	156	564	3628	0	234	13194	0	1954	0	10290	0	0	0	0	0	0	0	0	0	0	0	0	0	0	0	0	0	0	0	0	0	0	0	0	0	0	0	0	0	0	0	0	0	0	0	0	0	0	
363256	Putamen_L	2436	378	39534	4122	6324	0	7648	1932	3742	0	894	0	3194	114	6550	0	140	110	26154	4210	406	0	1488	180	356	0	1154	0	22570	142	6060	506	192	1174	0	0	9576	0	1340	0	424	0	0	0	0	0	0	0	0	0	0	0	0	0	110	0	0	0	0	0	0	0	0	0	0	0	0	0	144	0	15558	234	0	134	7738	0	2944	304	314	0	652	0	322	0	0	0	0	0	124	0	0	0	0	0	0	0	0	0	0	0	0	0	0	0	0	0	0	0	0	0	0	0	0	0	0	0	
251228	Putamen_R	0	1218	228	12588	0	394	0	3288	0	0	0	5540	0	2466	0	2132	0	6548	874	8814	0	94	0	3792	0	4642	0	586	0	19800	410	10662	0	314	0	0	0	14272	0	832	0	268	0	0	0	0	0	0	0	0	0	0	0	0	0	3814	0	1656	0	0	0	152	0	0	0	162	0	0	0	0	330	13194	134	0	0	2634	0	1126	0	0	0	282	0	364	0	0	0	0	0	2004	0	0	0	0	0	0	0	0	0	0	0	0	0	0	0	0	0	0	0	0	0	0	0	0	0	0	
58652	Pallidum_L	468	372	7446	204	0	0	0	316	0	0	0	0	0	0	0	0	0	0	8840	266	0	0	0	0	0	0	0	0	0	0	0	0	0	0	0	0	552	0	0	0	0	0	0	0	0	0	0	0	0	0	0	0	0	0	0	0	0	0	0	0	0	0	0	0	0	0	0	0	0	0	1112	0	7738	0	0	0	2012	0	0	0	0	0	0	0	0	0	0	0	0	0	0	0	0	0	0	0	0	0	0	0	0	0	0	0	0	0	0	0	0	0	0	0	0	0	0	0	
18876	Pallidum_R	0	276	0	1790	0	0	0	592	0	0	0	126	0	0	0	0	0	398	164	1092	0	0	0	0	0	0	0	0	0	0	0	0	0	0	0	0	0	0	0	0	0	0	0	0	0	0	0	0	0	0	0	0	0	0	0	0	0	412	0	0	0	0	0	0	0	0	0	0	0	0	0	1954	0	2634	0	0	0	0	0	0	0	0	0	0	0	0	0	0	0	0	0	0	0	0	0	0	0	0	0	0	0	0	0	0	0	0	0	0	0	0	0	0	0	0	0	0	
113480	Thalamus_L	3490	550	4202	736	0	0	370	0	0	0	178	0	0	0	0	0	0	0	18364	920	0	0	0	0	0	0	0	0	884	0	0	0	0	0	506	850	6168	486	2166	160	0	0	0	0	0	0	0	104	0	0	0	0	0	0	898	0	238	0	0	0	0	0	0	0	0	0	0	0	1532	128	3552	0	2944	0	2012	0	0	4826	0	0	0	0	0	0	142	0	0	0	334	0	0	0	0	0	0	0	0	0	0	0	0	0	0	0	0	0	0	0	0	0	0	0	0	0	0	0	
186092	Thalamus_R	372	7594	196	21472	0	0	0	0	0	0	0	0	0	0	0	0	0	0	1070	27918	0	0	0	0	0	0	0	0	0	104	0	196	0	0	1878	2246	2296	3972	1432	2152	0	0	0	0	0	0	0	1416	0	0	0	0	0	0	368	206	0	0	0	0	0	0	0	0	0	0	346	316	0	834	116	10290	304	1126	0	0	4826	0	0	0	0	0	0	0	0	0	0	0	0	0	0	0	0	0	0	0	0	0	0	0	0	0	0	0	0	0	0	0	0	0	0	0	0	0	0	0	
62232	Heschl_L	1964	0	2058	0	0	0	594	0	0	0	946	0	0	0	0	0	2478	0	1682	0	0	0	0	0	0	0	0	0	4994	0	0	0	0	0	0	0	2700	0	102	0	0	0	0	0	0	0	430	0	0	0	654	0	2300	0	2960	0	1842	0	0	0	0	0	0	0	0	0	0	0	0	0	0	0	314	0	0	0	0	0	0	0	1318	0	0	0	2154	0	0	0	1626	0	0	0	0	0	0	0	0	0	0	0	0	0	0	0	0	0	0	0	0	0	0	0	0	0	0	0	
27044	Heschl_R	0	0	0	0	0	0	0	0	0	0	0	0	0	0	0	98	0	2378	0	0	0	0	0	0	0	0	0	0	0	2636	0	0	0	0	0	0	0	426	0	0	0	0	0	0	0	0	0	0	0	0	0	0	0	0	0	0	0	180	0	0	0	0	0	182	0	0	0	0	0	0	0	0	0	0	0	0	0	0	0	0	0	4958	0	202	0	832	0	0	0	1630	0	0	0	0	0	0	0	0	0	0	0	0	0	0	0	0	0	0	0	0	0	0	0	0	0	0	
160476	Temporal_Sup_L	1018	0	1524	0	0	0	306	0	0	0	632	0	406	0	1424	0	4688	0	1518	0	0	0	0	0	0	0	0	0	4736	0	0	0	0	0	0	0	2004	0	0	0	0	0	0	0	0	0	0	0	0	0	1054	0	744	0	1708	0	2424	0	0	0	4170	0	7372	0	2236	0	0	0	206	0	0	0	652	0	0	0	0	0	1318	0	0	0	5216	0	22608	0	846	0	11428	0	0	0	0	0	0	0	0	0	0	0	0	0	0	0	0	0	0	0	0	0	0	0	0	0	0	0	
115696	Temporal_Sup_R	0	0	0	0	0	0	0	0	0	0	0	0	0	0	0	1428	0	5672	0	0	0	0	0	0	0	0	0	0	0	4568	0	0	0	0	0	0	0	692	0	0	0	0	0	0	0	0	0	0	0	0	0	94	0	0	0	878	0	462	0	338	0	1270	0	7486	0	4680	0	0	0	0	0	0	0	282	0	0	0	0	0	4958	0	0	0	4358	0	12398	0	0	0	8284	0	0	0	0	0	0	0	0	0	0	0	0	0	0	0	0	0	0	0	0	0	0	0	0	0	0	
75500	Temporal_Pole_Sup_L	94	0	2272	0	242	0	892	0	0	0	3544	0	308	0	2346	0	3788	0	1570	0	804	0	0	0	0	0	0	0	5314	0	0	0	0	0	0	0	442	0	238	0	306	0	0	0	0	0	0	0	0	0	0	0	0	0	548	0	0	0	0	0	0	0	0	0	0	0	0	0	0	0	0	0	322	0	0	0	0	0	0	0	5216	0	0	0	3910	0	2886	0	2708	0	0	0	0	0	0	0	0	0	0	0	0	0	0	0	0	0	0	0	0	0	0	0	0	0	0	0	
44264	Temporal_Pole_Sup_R	0	0	0	0	0	0	0	0	0	0	0	146	0	0	0	1786	0	1014	0	0	0	0	0	0	0	0	0	0	0	1552	0	0	0	0	0	0	0	110	0	858	0	1054	0	0	0	0	0	0	0	0	0	0	0	0	0	2794	0	0	0	0	0	0	0	0	0	0	0	0	0	0	0	0	0	364	0	0	0	0	0	202	0	4358	0	0	0	2688	0	2862	0	2344	0	0	0	0	0	0	0	0	0	0	0	0	0	0	0	0	0	0	0	0	0	0	0	0	0	0	
271888	Temporal_Mid_L	820	0	0	0	0	0	0	0	0	0	0	0	0	0	0	0	718	0	0	0	0	0	0	0	0	0	0	0	294	0	0	0	0	0	162	0	1240	0	0	0	0	0	1418	0	438	0	0	0	0	0	18564	0	5614	0	3916	0	1650	0	110	0	9160	0	9350	0	10292	0	1166	0	808	0	0	0	0	0	0	0	142	0	2154	0	22608	0	3910	0	0	0	4004	0	37406	0	0	0	0	0	0	0	0	0	0	0	0	0	0	0	0	0	0	0	0	0	0	0	0	0	0	0	
189132	Temporal_Mid_R	0	196	0	0	0	0	0	0	0	0	0	0	0	0	0	0	0	638	0	0	0	0	0	0	0	0	0	0	0	284	0	0	0	116	0	0	0	268	0	0	0	0	0	5816	0	2692	0	816	0	3132	0	13546	0	1176	0	3854	0	316	0	874	0	4948	0	2734	0	7078	0	4806	0	160	0	0	0	0	0	0	0	0	0	832	0	12398	0	2688	0	0	0	1430	0	23676	0	0	0	0	0	0	0	0	0	0	0	0	0	0	0	0	0	0	0	0	92	0	0	0	0	0	
23568	Temporal_Pole_Mid_L	0	0	0	0	0	0	0	0	0	0	0	0	0	0	0	0	0	0	0	0	0	0	0	0	0	0	0	0	0	0	0	0	0	0	0	0	0	0	0	0	0	0	0	0	0	0	0	0	0	0	0	0	0	0	404	0	0	0	0	0	0	0	0	0	0	0	0	0	0	0	0	0	0	0	0	0	0	0	0	0	846	0	2886	0	4004	0	0	0	3644	0	0	0	0	0	0	0	0	0	0	0	0	0	0	0	0	0	0	0	0	0	0	0	0	0	0	0	
15104	Temporal_Pole_Mid_R	0	0	0	0	0	0	0	0	0	0	0	0	0	0	0	0	0	0	0	0	0	0	0	0	0	0	0	0	0	0	0	0	0	0	0	0	0	0	0	0	0	0	0	0	0	0	0	0	0	0	0	0	0	0	0	1034	0	0	0	0	0	0	0	0	0	0	0	0	0	0	0	0	0	0	0	0	0	0	0	0	0	0	0	2862	0	1430	0	0	0	2226	0	0	0	0	0	0	0	0	0	0	0	0	0	0	0	0	0	0	0	0	0	0	0	0	0	0	
253196	Temporal_Inf_L	876	0	424	0	0	0	0	0	0	0	0	0	0	0	0	0	538	0	392	0	0	0	0	0	0	0	0	0	1466	0	0	0	0	0	736	0	10540	0	1890	0	346	0	338	0	0	0	0	0	0	0	2852	0	6056	0	18698	0	378	0	0	0	5566	0	5636	0	3588	0	350	0	676	0	0	0	124	0	0	0	334	0	1626	0	11428	0	2708	0	37406	0	3644	0	0	0	5014	0	1106	0	0	0	184	0	1014	0	270	0	394	0	0	0	0	0	0	0	0	0	0	0	0	0	
232988	Temporal_Inf_R	0	628	0	0	0	0	0	0	0	0	0	0	0	0	0	0	0	1372	0	0	0	0	0	0	0	0	0	0	0	1424	0	0	0	644	0	1506	0	8738	0	2528	0	1528	0	5054	0	1572	0	1608	0	1280	0	4340	0	4390	0	18120	0	626	0	782	0	3016	0	4424	0	3918	576	6704	0	694	0	0	0	2004	0	0	0	0	0	1630	0	8284	0	2344	0	23676	0	2226	0	0	0	432	0	0	0	0	0	0	0	114	0	0	0	0	0	0	0	0	0	0	312	0	0	0	0	0	
372856	Cerebelum_Crus1_L	0	0	0	0	0	0	0	0	0	0	0	0	0	0	0	0	0	0	0	0	0	0	0	0	0	0	0	0	0	0	0	0	0	0	0	0	0	0	0	0	0	0	0	0	0	0	6916	316	0	0	0	0	284	0	27108	106	0	0	0	0	0	0	0	0	0	0	0	0	0	0	0	0	0	0	0	0	0	0	0	0	0	0	0	0	0	0	0	0	5014	0	0	260	28690	374	1070	0	19052	690	56086	482	10786	102	10812	930	1640	472	130	0	522	604	6070	3542	2396	980	506	488	
425396	Cerebelum_Crus1_R	0	0	0	0	0	0	0	0	0	0	0	0	0	0	0	0	0	0	0	0	0	0	0	0	0	0	0	0	0	0	0	0	0	0	0	0	0	0	0	0	0	0	100	0	0	0	0	4062	0	0	0	0	0	368	0	6376	0	0	0	0	0	0	0	0	0	0	0	0	0	0	0	0	0	0	0	0	0	0	0	0	0	0	0	0	0	0	0	0	0	432	260	0	378	27678	146	2652	1272	26998	1202	58276	0	1824	556	25452	240	4856	0	710	216	1820	12536	13640	14034	4698	1732	184	
206032	Cerebelum_Crus2_L	0	0	0	0	0	0	0	0	0	0	0	0	0	0	0	0	0	0	0	0	0	0	0	0	0	0	0	0	0	0	0	0	0	0	0	0	0	0	0	0	0	0	0	0	0	0	262	0	0	0	0	0	0	0	3148	0	0	0	0	0	0	0	0	0	0	0	0	0	0	0	0	0	0	0	0	0	0	0	0	0	0	0	0	0	0	0	0	0	1106	0	28690	378	0	2122	164	0	1294	0	6354	400	29072	1504	22484	392	1578	0	526	0	0	0	426	788	1794	534	0	0	
205808	Cerebelum_Crus2_R	0	0	0	0	0	0	0	0	0	0	0	0	0	0	0	0	0	0	0	0	0	0	0	0	0	0	0	0	0	0	0	0	0	0	0	0	0	0	0	0	0	0	0	0	0	0	0	206	0	0	0	0	0	0	0	0	0	0	0	0	0	0	0	0	0	0	0	0	0	0	0	0	0	0	0	0	0	0	0	0	0	0	0	0	0	0	0	0	0	0	374	27678	2122	0	0	162	220	1456	436	6680	326	13098	506	26066	128	4468	0	540	0	182	1342	4000	8040	3834	1040	0	
34384	Cerebelum_3_L	0	0	0	0	0	0	0	0	0	0	0	0	0	0	0	0	0	0	0	0	0	0	0	0	0	0	0	0	0	0	0	0	0	0	0	0	0	0	254	0	0	0	0	0	0	0	398	106	0	0	0	0	0	0	0	0	0	0	0	0	0	0	0	0	0	0	0	0	0	0	0	0	0	0	0	0	0	0	0	0	0	0	0	0	0	0	0	0	0	0	1070	146	164	0	0	106	5772	260	2114	278	0	0	100	0	786	310	0	0	792	1566	1506	802	136	0	204	322	
63140	Cerebelum_3_R	0	0	0	0	0	0	0	0	0	0	0	0	0	0	0	0	0	0	0	0	0	0	0	0	0	0	0	0	0	0	0	0	0	0	0	0	0	0	0	0	0	0	0	0	0	0	0	414	0	0	0	0	0	0	0	270	0	0	0	0	0	0	0	0	0	0	0	0	0	0	0	0	0	0	0	0	0	0	0	0	0	0	0	0	0	0	0	0	0	0	0	2652	0	162	106	0	144	5518	150	5702	0	0	0	890	0	1628	0	0	870	4398	2566	2362	1298	992	1100	348	
219632	Cerebelum_4_5_L	0	0	0	0	0	0	0	0	0	0	0	0	0	0	0	0	0	0	0	0	0	0	0	0	0	0	0	0	0	0	0	0	0	0	0	0	0	0	756	0	0	0	0	0	0	0	6962	590	0	0	0	0	0	0	8534	414	0	0	0	0	0	0	0	0	0	0	0	0	0	0	0	0	0	0	0	0	0	0	0	0	0	0	0	0	0	0	0	0	184	0	19052	1272	1294	220	5772	144	0	2806	27232	1916	100	0	594	280	4070	1848	256	0	1322	2034	13822	3354	406	132	1130	3320	
275160	Cerebelum_4_5_R	0	0	0	0	0	0	0	0	0	0	0	0	0	0	0	0	0	0	0	0	0	0	0	0	0	0	0	0	0	0	0	0	0	0	0	0	0	228	0	996	0	0	146	0	0	0	682	7226	0	0	0	0	0	1416	334	7698	0	0	0	0	0	0	0	0	0	0	0	0	0	0	0	0	0	0	0	0	0	0	0	0	0	0	0	0	0	0	0	0	0	0	690	26998	0	1456	260	5518	2806	0	2246	36660	0	94	228	3502	284	1430	0	126	996	3038	18448	6220	4156	1934	984	780	
366308	Cerebelum_6_L	0	0	0	0	0	0	0	0	0	0	0	0	0	0	0	0	0	0	0	0	0	0	0	0	0	0	0	0	0	0	0	0	0	0	0	0	0	0	0	0	0	0	0	0	0	0	10300	1094	0	0	142	0	260	0	27928	560	0	0	0	0	0	0	0	0	0	0	0	0	0	0	0	0	0	0	0	0	0	0	0	0	0	0	0	0	0	0	0	0	1014	0	56086	1202	6354	436	2114	150	27232	2246	0	1740	2526	172	4494	1602	3072	2186	222	194	852	986	10922	8086	3366	2010	1774	1832	
414264	Cerebelum_6_R	0	0	0	0	0	0	0	0	0	0	0	0	0	0	0	0	0	0	0	0	0	0	0	0	0	0	0	0	0	0	0	0	0	0	0	0	0	0	0	0	0	0	136	0	0	0	90	8634	0	0	0	0	0	1850	0	11582	0	0	0	0	0	0	0	0	0	0	0	0	0	0	0	0	0	0	0	0	0	0	0	0	0	0	0	0	0	0	0	0	0	114	482	58276	400	6680	278	5702	1916	36660	1740	0	0	132	374	9350	168	3544	0	762	956	3648	18564	16214	12098	4282	2190	310	
154392	Cerebelum_7b_L	0	0	0	0	0	0	0	0	0	0	0	0	0	0	0	0	0	0	0	0	0	0	0	0	0	0	0	0	0	0	0	0	0	0	0	0	0	0	0	0	0	0	0	0	0	0	0	0	0	0	0	0	0	0	166	0	0	0	0	0	0	0	0	0	0	0	0	0	0	0	0	0	0	0	0	0	0	0	0	0	0	0	0	0	0	0	0	0	270	0	10786	0	29072	326	0	0	100	0	2526	0	0	106	24776	1288	1580	106	516	0	0	0	106	1068	2198	2206	0	0	
66160	Cerebelum_7b_R	0	0	0	0	0	0	0	0	0	0	0	0	0	0	0	0	0	0	0	0	0	0	0	0	0	0	0	0	0	0	0	0	0	0	0	0	0	0	0	0	0	0	0	0	0	0	0	0	0	0	0	0	0	0	0	0	0	0	0	0	0	0	0	0	0	0	0	0	0	0	0	0	0	0	0	0	0	0	0	0	0	0	0	0	0	0	0	0	0	0	102	1824	1504	13098	0	0	0	94	172	132	106	0	226	11304	0	1092	0	0	0	0	90	376	2040	920	0	0	
202244	Cerebelum_8_L	0	0	0	0	0	0	0	0	0	0	0	0	0	0	0	0	0	0	0	0	0	0	0	0	0	0	0	0	0	0	0	0	0	0	0	0	0	0	0	0	0	0	0	0	0	0	0	0	0	0	0	0	0	0	394	0	0	0	0	0	0	0	0	0	0	0	0	0	0	0	0	0	0	0	0	0	0	0	0	0	0	0	0	0	0	0	0	0	394	0	10812	556	22484	506	100	0	594	228	4494	374	24776	226	0	4626	10564	1188	2908	0	0	0	358	2404	5354	6808	974	0	
265772	Cerebelum_8_R	0	0	0	0	0	0	0	0	0	0	0	0	0	0	0	0	0	0	0	0	0	0	0	0	0	0	0	0	0	0	0	0	0	0	0	0	0	0	0	0	0	0	0	0	0	0	0	198	0	0	0	0	0	0	0	180	0	0	0	0	0	0	0	0	0	0	0	0	0	0	0	0	0	0	0	0	0	0	0	0	0	0	0	0	0	0	0	0	0	0	930	25452	392	26066	0	890	280	3502	1602	9350	1288	11304	4626	0	288	14586	0	506	0	800	2876	6504	10916	8654	1582	114	
73956	Cerebelum_9_L	0	0	0	0	0	0	0	0	0	0	0	0	0	0	0	0	0	0	0	0	0	0	0	0	0	0	0	0	0	0	0	0	0	0	0	0	0	0	0	0	0	0	0	0	0	0	0	0	0	0	0	0	0	0	0	0	0	0	0	0	0	0	0	0	0	0	0	0	0	0	0	0	0	0	0	0	0	0	0	0	0	0	0	0	0	0	0	0	0	0	1640	240	1578	128	786	0	4070	284	3072	168	1580	0	10564	288	0	694	4292	0	0	0	2174	1796	604	658	1294	1068	
146204	Cerebelum_9_R	0	0	0	0	0	0	0	0	0	0	0	0	0	0	0	0	0	0	0	0	0	0	0	0	0	0	0	0	0	0	0	0	0	0	0	0	0	0	0	0	0	0	0	0	0	0	0	494	0	0	0	0	0	0	0	286	0	0	0	0	0	0	0	0	0	0	0	0	0	0	0	0	0	0	0	0	0	0	0	0	0	0	0	0	0	0	0	0	0	0	472	4856	0	4468	310	1628	1848	1430	2186	3544	106	1092	1188	14586	694	0	0	2120	484	1568	3820	6540	4522	5218	6312	3330	
18172	Cerebelum_10_L	0	0	0	0	0	0	0	0	0	0	0	0	0	0	0	0	0	0	0	0	0	0	0	0	0	0	0	0	0	0	0	0	0	0	0	0	0	0	0	0	0	0	0	0	0	0	0	0	0	0	0	0	0	0	0	0	0	0	0	0	0	0	0	0	0	0	0	0	0	0	0	0	0	0	0	0	0	0	0	0	0	0	0	0	0	0	0	0	0	0	130	0	526	0	0	0	256	0	222	0	516	0	2908	0	4292	0	0	0	0	0	0	92	0	0	144	0	
17864	Cerebelum_10_R	0	0	0	0	0	0	0	0	0	0	0	0	0	0	0	0	0	0	0	0	0	0	0	0	0	0	0	0	0	0	0	0	0	0	0	0	0	0	0	0	0	0	0	0	0	0	0	100	0	0	0	0	0	0	0	0	0	0	0	0	0	0	0	0	0	0	0	0	0	0	0	0	0	0	0	0	0	0	0	0	0	0	0	0	0	0	0	0	0	0	0	710	0	540	0	0	0	126	194	762	0	0	0	506	0	2120	0	0	0	0	232	918	904	896	924	0	
31556	Vermis_1_2	0	0	0	0	0	0	0	0	0	0	0	0	0	0	0	0	0	0	0	0	0	0	0	0	0	0	0	0	0	0	0	0	0	0	0	0	0	0	0	0	0	0	0	0	0	0	234	0	0	0	0	0	0	0	140	0	0	0	0	0	0	0	0	0	0	0	0	0	0	0	0	0	0	0	0	0	0	0	0	0	0	0	0	0	0	0	0	0	0	0	522	216	0	0	792	870	1322	996	852	956	0	0	0	0	0	484	0	0	0	4070	2198	802	272	302	434	316	
72816	Vermis_3	0	0	0	0	0	0	0	0	0	0	0	0	0	0	0	0	0	0	0	0	0	0	0	0	0	0	0	0	0	0	0	0	0	0	0	0	0	0	0	0	0	0	0	0	0	0	170	432	0	0	0	0	0	0	0	280	0	0	0	0	0	0	0	0	0	0	0	0	0	0	0	0	0	0	0	0	0	0	0	0	0	0	0	0	0	0	0	0	0	0	604	1820	0	182	1566	4398	2034	3038	986	3648	0	0	0	800	0	1568	0	0	4070	0	4932	2482	1158	858	1038	344	
308212	Vermis_4_5	0	0	0	0	0	0	0	0	0	0	0	0	0	0	0	0	0	0	0	0	0	0	0	0	0	0	0	0	0	0	0	0	0	244	0	798	0	786	0	0	0	0	226	170	0	92	2492	8940	0	388	0	208	0	678	1164	3898	0	0	0	96	0	338	0	0	0	382	0	3572	0	0	0	0	0	0	0	0	0	0	0	0	0	0	0	0	0	92	0	0	0	312	6070	12536	426	1342	1506	2566	13822	18448	10922	18564	106	90	358	2876	2174	3820	0	232	2198	4932	0	12148	4646	2448	2678	4322	
268860	Vermis_6	0	0	0	0	0	0	0	0	0	0	0	0	0	0	0	0	0	0	0	0	0	0	0	0	0	0	0	0	0	0	0	0	0	0	0	0	0	0	0	0	0	0	0	0	0	0	478	5152	0	0	0	0	0	448	240	2360	0	0	0	0	0	0	0	0	0	0	0	0	0	0	0	0	0	0	0	0	0	0	0	0	0	0	0	0	0	0	0	0	0	0	3542	13640	788	4000	802	2362	3354	6220	8086	16214	1068	376	2404	6504	1796	6540	92	918	802	2482	12148	0	14762	7860	6002	2990	
227508	Vermis_7	0	0	0	0	0	0	0	0	0	0	0	0	0	0	0	0	0	0	0	0	0	0	0	0	0	0	0	0	0	0	0	0	0	0	0	0	0	0	0	0	0	0	0	0	0	0	0	1286	0	0	0	0	0	92	0	550	0	0	0	0	0	0	0	0	0	0	0	0	0	0	0	0	0	0	0	0	0	0	0	0	0	0	0	0	0	0	0	0	0	0	2396	14034	1794	8040	136	1298	406	4156	3366	12098	2198	2040	5354	10916	604	4522	0	904	272	1158	4646	14762	0	12148	4098	480	
150384	Vermis_8	0	0	0	0	0	0	0	0	0	0	0	0	0	0	0	0	0	0	0	0	0	0	0	0	0	0	0	0	0	0	0	0	0	0	0	0	0	0	0	0	0	0	0	0	0	0	0	664	0	0	0	0	0	0	0	280	0	0	0	0	0	0	0	0	0	0	0	0	0	0	0	0	0	0	0	0	0	0	0	0	0	0	0	0	0	0	0	0	0	0	980	4698	534	3834	0	992	132	1934	2010	4282	2206	920	6808	8654	658	5218	0	896	302	858	2448	7860	12148	0	5232	644	
88572	Vermis_9	0	0	0	0	0	0	0	0	0	0	0	0	0	0	0	0	0	0	0	0	0	0	0	0	0	0	0	0	0	0	0	0	0	0	0	0	0	0	0	0	0	0	0	0	0	0	0	478	0	0	0	0	0	0	0	226	0	0	0	0	0	0	0	0	0	0	0	0	0	0	0	0	0	0	0	0	0	0	0	0	0	0	0	0	0	0	0	0	0	0	506	1732	0	1040	204	1100	1130	984	1774	2190	0	0	974	1582	1294	6312	144	924	434	1038	2678	6002	4098	5232	0	2210	
47820	Vermis_10	0	0	0	0	0	0	0	0	0	0	0	0	0	0	0	0	0	0	0	0	0	0	0	0	0	0	0	0	0	0	0	0	0	0	0	0	0	0	0	0	0	0	0	0	0	0	282	96	0	0	0	0	0	0	130	0	0	0	0	0	0	0	0	0	0	0	0	0	0	0	0	0	0	0	0	0	0	0	0	0	0	0	0	0	0	0	0	0	0	0	488	184	0	0	322	348	3320	780	1832	310	0	0	0	114	1068	3330	0	0	316	344	4322	2990	480	644	2210	0	
