data	data	443020	438844	702932	791860	137544	115276	455464	289636	76608	35604	228976	305164	273736	194100	167696	89876	228180	177692	727400	557804	99028	65136	333920	312344	49344	81976	70508	51496	541636	472488	295684	457200	137512	504888	101492	128924	217976	241540	80136	163376	41620	48224	240656	339584	182592	308852	220708	215916	205080	304460	473720	229580	161784	93272	307076	382012	332120	225852	203000	137696	327344	120124	165916	84252	180292	165540	267356	370552	343324	182584	209120	414628	248032	308208	55444	10904	91620	128096	85084	21264	242720	112348	82396	53632	366048	197840	23580	26836	262456	238836	408752	422480	250608	282616	42296	90684	299068	277496	435760	419568	186344	145120	219872	240984	107012	99592	29048	27928	13092	58324	215956	179192	156276	80840	37416	26576	
data	data	Precentral_L	Precentral_R	Frontal_Sup_L	Frontal_Sup_R	Frontal_Sup_Orb_L	Frontal_Sup_Orb_R	Frontal_Mid_L	Frontal_Mid_R	Frontal_Mid_Orb_L	Frontal_Mid_Orb_R	Frontal_Inf_Oper_L	Frontal_Inf_Oper_R	Frontal_Inf_Tri_L	Frontal_Inf_Tri_R	Frontal_Inf_Orb_L	Frontal_Inf_Orb_R	Rolandic_Oper_L	Rolandic_Oper_R	Supp_Motor_Area_L	Supp_Motor_Area_R	Olfactory_L	Olfactory_R	Frontal_Sup_Medial_L	Frontal_Sup_Medial_R	Frontal_Med_Orb_L	Frontal_Med_Orb_R	Rectus_L	Rectus_R	Insula_L	Insula_R	Cingulum_Ant_L	Cingulum_Ant_R	Cingulum_Mid_L	Cingulum_Mid_R	Cingulum_Post_L	Cingulum_Post_R	Hippocampus_L	Hippocampus_R	ParaHippocampal_L	ParaHippocampal_R	Amygdala_L	Amygdala_R	Calcarine_L	Calcarine_R	Cuneus_L	Cuneus_R	Lingual_L	Lingual_R	Occipital_Sup_L	Occipital_Sup_R	Occipital_Mid_L	Occipital_Mid_R	Occipital_Inf_L	Occipital_Inf_R	Fusiform_L	Fusiform_R	Postcentral_L	Postcentral_R	Parietal_Sup_L	Parietal_Sup_R	Parietal_Inf_L	Parietal_Inf_R	SupraMarginal_L	SupraMarginal_R	Angular_L	Angular_R	Precuneus_L	Precuneus_R	Paracentral_Lobule_L	Paracentral_Lobule_R	Caudate_L	Caudate_R	Putamen_L	Putamen_R	Pallidum_L	Pallidum_R	Thalamus_L	Thalamus_R	Heschl_L	Heschl_R	Temporal_Sup_L	Temporal_Sup_R	Temporal_Pole_Sup_L	Temporal_Pole_Sup_R	Temporal_Mid_L	Temporal_Mid_R	Temporal_Pole_Mid_L	Temporal_Pole_Mid_R	Temporal_Inf_L	Temporal_Inf_R	Cerebelum_Crus1_L	Cerebelum_Crus1_R	Cerebelum_Crus2_L	Cerebelum_Crus2_R	Cerebelum_3_L	Cerebelum_3_R	Cerebelum_4_5_L	Cerebelum_4_5_R	Cerebelum_6_L	Cerebelum_6_R	Cerebelum_7b_L	Cerebelum_7b_R	Cerebelum_8_L	Cerebelum_8_R	Cerebelum_9_L	Cerebelum_9_R	Cerebelum_10_L	Cerebelum_10_R	Vermis_1_2	Vermis_3	Vermis_4_5	Vermis_6	Vermis_7	Vermis_8	Vermis_9	Vermis_10	
443020	Precentral_L	0	934	14430	980	0	0	16690	0	0	0	9060	0	2354	0	0	0	9570	0	32322	2626	0	0	502	88	0	0	0	0	14528	92	664	666	332	1590	792	92	9154	84	2232	0	0	0	0	0	0	0	252	0	0	0	100	0	146	0	476	0	22998	120	0	0	2998	0	154	0	0	0	72	0	30636	0	5070	774	12904	70	6098	0	9318	116	5172	0	3048	0	302	0	474	0	0	0	430	0	0	0	0	0	0	0	0	0	0	0	0	0	0	0	0	0	0	0	0	0	0	0	0	0	0	0	
438844	Precentral_R	934	0	300	42882	0	0	480	12420	0	0	98	15380	92	534	0	0	74	4616	4230	11920	0	0	0	98	0	0	0	0	204	7840	0	302	690	8122	1074	3678	90	4670	0	244	0	0	0	1522	0	1610	0	116	0	1484	0	1568	0	0	0	702	0	25552	0	1494	0	2148	0	1512	0	1466	230	6128	2744	13730	418	5852	240	6184	0	1214	322	19476	0	472	0	802	0	0	0	428	0	0	0	1036	0	0	0	0	0	0	0	0	0	0	0	0	0	0	0	0	0	0	0	0	0	0	0	0	0	0	
702932	Frontal_Sup_L	14430	300	0	3776	10600	68	61992	230	4202	0	12136	2444	19030	148	12092	0	6906	1744	58776	3662	2070	72	42304	5466	1088	460	2298	0	24574	3054	11892	6956	7466	2242	0	0	1382	462	120	88	978	0	0	0	0	0	0	0	0	0	0	0	0	0	228	86	1720	0	0	0	374	0	0	0	0	0	0	0	4908	0	3274	4166	5644	776	446	0	474	0	358	0	1764	0	1608	132	0	0	0	0	0	0	0	0	0	0	0	0	0	0	0	0	0	0	0	0	0	0	0	0	0	0	0	0	0	0	0	0	
791860	Frontal_Sup_R	980	42882	3776	0	0	10726	580	30876	0	886	792	11308	638	12216	0	5294	84	3174	11390	42630	0	0	11438	35098	0	3530	0	474	1266	16514	4776	37558	2038	27108	212	330	110	4078	0	226	0	0	0	0	0	0	0	0	0	122	0	586	0	0	0	264	0	2964	0	1086	0	1870	0	714	0	1190	0	354	1322	1636	2854	24738	258	9908	0	496	318	21056	0	146	142	296	0	172	0	260	0	0	0	190	0	0	0	0	0	0	0	0	0	0	0	0	0	0	0	0	0	0	0	0	0	0	0	0	0	0	
137544	Frontal_Sup_Orb_L	0	0	10600	0	0	0	1046	0	8762	0	0	0	1204	0	8912	0	0	0	140	0	4440	236	4284	112	4808	0	8654	0	5200	0	6030	184	0	0	0	0	0	0	0	0	1494	0	0	0	0	0	0	0	0	0	0	0	0	0	0	0	0	0	0	0	0	0	0	0	0	0	0	0	0	0	1692	106	794	0	0	0	0	0	0	0	0	0	74	0	0	0	0	0	0	0	0	0	0	0	0	0	0	0	0	0	0	0	0	0	0	0	0	0	0	0	0	0	0	0	0	0	
115276	Frontal_Sup_Orb_R	0	0	68	10726	0	0	0	2346	0	5096	0	420	0	1058	0	5320	0	78	80	146	0	858	236	2522	186	8334	66	7156	0	3494	374	1662	0	0	0	0	0	0	0	0	0	0	0	0	0	0	0	0	0	0	0	0	0	0	0	0	0	0	0	0	0	0	0	0	0	0	0	0	0	0	0	2784	0	4628	0	0	0	0	0	0	0	0	0	0	0	0	0	0	0	0	0	0	0	0	0	0	0	0	0	0	0	0	0	0	0	0	0	0	0	0	0	0	0	0	0	0	
455464	Frontal_Mid_L	16690	480	61992	580	1046	0	0	128	4226	0	10842	226	31830	0	8742	0	5948	220	19578	550	162	0	14702	512	0	66	0	0	19932	338	4492	1356	3686	448	0	0	2426	0	142	0	170	0	0	0	0	0	0	0	0	0	0	0	0	0	278	0	1518	70	0	0	250	0	0	0	0	0	0	0	852	0	2552	1190	5038	82	1506	0	182	0	576	0	1364	0	764	0	0	0	0	0	0	0	0	0	0	0	0	0	0	0	0	0	0	0	0	0	0	0	0	0	0	0	0	0	0	0	0	0	
289636	Frontal_Mid_R	0	12420	230	30876	0	2346	128	0	0	2054	0	15732	0	18866	0	5772	0	5786	3108	7508	0	0	1722	5328	0	102	0	0	0	15184	0	2626	236	4818	0	0	0	772	0	124	0	0	0	0	0	0	0	0	0	0	0	66	0	0	0	218	0	418	0	102	0	76	0	88	0	68	0	184	0	0	68	3026	0	3586	0	264	0	102	0	366	0	210	0	116	0	0	0	0	0	122	0	0	0	0	0	0	0	0	0	0	0	0	0	0	0	0	0	0	0	0	0	0	0	0	0	0	
76608	Frontal_Mid_Orb_L	0	0	4202	0	8762	0	4226	0	0	0	0	0	3388	0	11022	0	0	0	0	0	400	0	232	0	410	0	2378	0	2190	0	388	0	0	0	0	0	0	0	0	0	186	0	0	0	0	0	0	0	0	0	0	0	0	0	0	0	0	0	0	0	0	0	0	0	0	0	0	0	0	0	112	0	92	0	0	0	0	0	0	0	0	0	316	0	0	0	0	0	0	0	0	0	0	0	0	0	0	0	0	0	0	0	0	0	0	0	0	0	0	0	0	0	0	0	0	0	
35604	Frontal_Mid_Orb_R	0	0	0	886	0	5096	0	2054	0	0	0	0	0	1228	0	4722	0	0	0	0	0	0	0	0	0	1214	0	1402	0	818	0	0	0	0	0	0	0	0	0	0	0	0	0	0	0	0	0	0	0	0	0	0	0	0	0	0	0	0	0	0	0	0	0	0	0	0	0	0	0	0	0	0	0	382	0	0	0	0	0	0	0	0	0	0	0	0	0	0	0	0	0	0	0	0	0	0	0	0	0	0	0	0	0	0	0	0	0	0	0	0	0	0	0	0	0	0	
228976	Frontal_Inf_Oper_L	9060	98	12136	792	0	0	10842	0	0	0	0	278	14230	0	188	0	13644	94	11660	246	0	0	256	106	0	0	0	0	18098	288	4564	1264	158	222	0	0	942	0	0	0	0	0	0	0	0	0	0	0	0	0	0	0	0	0	316	0	2078	0	0	0	108	0	0	0	0	0	0	0	0	0	1498	1014	1458	74	0	0	0	0	376	0	4282	0	4118	0	0	0	0	0	0	0	0	0	0	0	0	0	0	0	0	0	0	0	0	0	0	0	0	0	0	0	0	0	0	0	0	0	
305164	Frontal_Inf_Oper_R	0	15380	2444	11308	0	420	226	15732	0	0	278	0	180	14892	0	518	0	11352	4536	8818	0	0	150	1158	0	116	0	0	422	31402	454	4316	72	3942	0	0	0	1274	0	206	0	0	0	0	0	0	0	0	0	0	0	90	0	0	0	328	0	1348	0	134	0	0	0	0	0	0	0	286	0	102	1030	9036	104	8052	0	466	0	474	0	358	0	322	0	698	0	0	0	0	0	158	0	0	0	0	0	0	0	0	0	0	0	0	0	0	0	0	0	0	0	0	0	0	0	0	0	0	
273736	Frontal_Inf_Tri_L	2354	92	19030	638	1204	0	31830	0	3388	0	14230	180	0	0	10734	0	1334	0	8244	142	222	0	2070	262	122	0	0	0	26328	166	6776	1030	248	0	0	0	336	0	0	0	210	0	0	0	0	0	0	0	0	0	0	0	0	0	72	0	568	0	0	0	0	0	0	0	0	0	0	0	0	0	1614	706	2070	0	0	0	72	0	0	0	126	0	470	0	0	0	0	0	0	0	0	0	0	0	0	0	0	0	0	0	0	0	0	0	0	0	0	0	0	0	0	0	0	0	0	0	
194100	Frontal_Inf_Tri_R	0	534	148	12216	0	1058	0	18866	0	1228	0	14892	0	0	0	6886	0	1386	652	4356	0	0	332	1456	0	68	0	0	0	20778	218	3186	0	2170	0	0	0	0	0	0	0	0	0	0	0	0	0	0	0	0	0	0	0	0	0	0	0	0	0	0	0	0	0	0	0	0	0	0	0	0	302	4560	0	1758	0	0	0	0	0	0	0	0	0	0	0	0	0	0	0	0	0	0	0	0	0	0	0	0	0	0	0	0	0	0	0	0	0	0	0	0	0	0	0	0	0	0	
167696	Frontal_Inf_Orb_L	0	0	12092	0	8912	0	8742	0	11022	0	188	0	10734	0	0	0	0	0	310	0	4250	130	112	0	788	0	2572	0	14318	0	2288	0	0	0	0	0	212	0	224	0	1356	0	0	0	0	0	0	0	0	0	0	0	0	0	0	0	0	0	0	0	0	0	0	0	0	0	0	0	0	0	1464	0	1176	0	0	0	0	0	0	0	0	0	2958	0	0	0	0	0	0	0	0	0	0	0	0	0	0	0	0	0	0	0	0	0	0	0	0	0	0	0	0	0	0	0	0	0	
89876	Frontal_Inf_Orb_R	0	0	0	5294	0	5320	0	5772	0	4722	0	518	0	6886	0	0	0	0	0	86	0	840	0	0	0	0	0	590	0	12448	0	126	0	102	0	0	0	86	0	68	0	0	0	0	0	0	0	0	0	0	0	0	0	0	0	0	0	0	0	0	0	0	0	0	0	0	0	0	0	0	0	954	0	1058	0	0	0	0	0	0	0	0	0	68	0	0	0	0	0	0	0	0	0	0	0	0	0	0	0	0	0	0	0	0	0	0	0	0	0	0	0	0	0	0	0	0	
228180	Rolandic_Oper_L	9570	74	6906	84	0	0	5948	0	0	0	13644	0	1334	0	0	0	0	0	7982	216	0	0	0	0	0	0	0	0	17940	0	520	132	168	190	0	0	1288	0	0	0	0	0	0	0	0	0	0	0	0	0	1306	0	988	0	720	0	10276	0	580	0	2982	0	1240	0	980	0	108	0	850	0	362	140	1848	0	680	0	0	0	4378	0	9514	0	3940	0	4068	0	0	0	3134	0	0	0	0	0	0	0	0	0	0	0	0	0	0	0	0	0	0	0	0	0	0	0	0	0	0	0	
177692	Rolandic_Oper_R	0	4616	1744	3174	0	78	220	5786	0	0	94	11352	0	1386	0	0	0	0	1706	2822	0	0	134	488	0	0	0	0	122	22554	272	1050	0	1368	0	0	0	1830	0	272	0	0	0	0	0	0	0	0	0	0	0	0	0	0	0	414	0	3740	0	0	0	104	0	3596	0	96	0	94	0	90	842	3482	0	4772	0	114	0	576	0	2262	0	6156	0	1016	0	284	0	0	0	140	0	0	0	0	0	0	0	0	0	0	0	0	0	0	0	0	0	0	0	0	0	0	0	0	0	0	
727400	Supp_Motor_Area_L	32322	4230	58776	11390	140	80	19578	3108	0	0	11660	4536	8244	652	310	0	7982	1706	0	36182	0	0	6622	5572	0	454	0	0	15916	3382	6186	8492	6590	18974	168	114	2578	1096	294	514	0	0	0	0	0	0	0	0	0	0	68	0	100	0	454	436	5812	434	0	0	1200	0	98	0	0	0	0	0	29364	1518	6204	8676	14434	3644	3864	0	2180	578	574	0	3496	0	2034	108	322	0	0	0	254	0	0	0	0	0	0	0	0	0	0	0	0	0	0	0	0	0	0	0	0	0	0	0	0	0	0	0	
557804	Supp_Motor_Area_R	2626	11920	3662	42630	0	146	550	7508	0	0	246	8818	142	4356	0	86	216	2822	36182	0	0	0	2958	9066	0	184	0	0	552	7678	1988	13354	4532	51774	470	1356	150	1384	0	612	0	0	0	192	0	292	0	0	0	536	0	338	0	0	0	562	0	3076	0	174	0	110	0	0	0	126	132	2096	13448	15600	718	13980	448	5662	0	212	126	2536	0	0	0	0	0	178	0	170	0	0	0	222	0	0	0	0	0	0	0	0	0	0	0	0	0	0	0	0	0	0	0	0	0	0	0	0	0	0	
99028	Olfactory_L	0	0	2070	0	4440	0	162	0	400	0	0	0	222	0	4250	0	0	0	0	0	0	5406	0	0	376	0	3978	468	4808	0	2844	1550	0	0	0	0	330	0	478	0	2334	0	0	0	0	0	0	0	0	0	0	0	0	0	0	0	0	0	0	0	0	0	0	0	0	0	0	0	0	0	7282	3524	3328	548	0	0	0	0	0	0	0	0	716	0	0	0	0	0	0	0	0	0	0	0	0	0	0	0	0	0	0	0	0	0	0	0	0	0	0	0	0	0	0	0	0	0	
65136	Olfactory_R	0	0	72	0	236	858	0	0	0	0	0	0	0	0	130	840	0	0	0	0	5406	0	0	0	0	116	2448	1778	0	2528	1472	1366	0	0	0	0	0	0	0	130	0	320	0	0	0	0	0	0	0	0	0	0	0	0	0	0	0	0	0	0	0	0	0	0	0	0	0	0	0	0	6224	5172	2680	710	0	0	0	0	0	0	0	0	0	82	0	0	0	0	0	0	0	0	0	0	0	0	0	0	0	0	0	0	0	0	0	0	0	0	0	0	0	0	0	0	0	0	
333920	Frontal_Sup_Medial_L	502	0	42304	11438	4284	236	14702	1722	232	0	256	150	2070	332	112	0	0	134	6622	2958	0	0	0	21864	2146	1074	366	0	1744	312	17226	15130	7348	8476	0	0	0	0	0	0	0	0	0	0	0	0	0	0	0	0	0	0	0	0	0	0	0	0	0	0	0	0	0	0	0	0	0	0	0	0	754	1048	1100	318	0	0	0	0	0	0	0	0	0	0	0	0	0	0	0	0	0	0	0	0	0	0	0	0	0	0	0	0	0	0	0	0	0	0	0	0	0	0	0	0	0	0	
312344	Frontal_Sup_Medial_R	88	98	5466	35098	112	2522	512	5328	0	0	106	1158	262	1456	0	0	0	488	5572	9066	0	0	21864	0	578	5646	0	82	268	1994	5748	27624	498	11520	0	0	0	160	0	0	0	0	0	0	0	0	0	0	0	0	0	0	0	0	0	0	0	0	0	0	0	0	0	0	0	0	0	0	0	0	614	7328	80	4836	0	0	0	0	0	0	0	0	0	0	0	0	0	0	0	0	0	0	0	0	0	0	0	0	0	0	0	0	0	0	0	0	0	0	0	0	0	0	0	0	0	0	
49344	Frontal_Med_Orb_L	0	0	1088	0	4808	186	0	0	410	0	0	0	122	0	788	0	0	0	0	0	376	0	2146	578	0	1392	2474	0	2236	0	6428	66	0	0	0	0	214	0	86	0	240	0	0	0	0	0	0	0	0	0	0	0	0	0	0	0	0	0	0	0	0	0	0	0	0	0	0	0	0	0	232	0	632	0	0	0	0	0	0	0	0	0	170	0	0	0	0	0	0	0	0	0	0	0	0	0	0	0	0	0	0	0	0	0	0	0	0	0	0	0	0	0	0	0	0	0	
81976	Frontal_Med_Orb_R	0	0	460	3530	0	8334	66	102	0	1214	0	116	0	68	0	0	0	0	454	184	0	116	1074	5646	1392	0	222	6272	0	174	1104	4040	0	76	0	0	0	0	0	0	0	0	0	0	0	0	0	0	0	0	0	0	0	0	0	0	0	0	0	0	0	0	0	0	0	0	0	0	0	0	276	3800	0	2268	0	0	0	0	0	0	0	0	0	0	0	0	0	0	0	0	0	0	0	0	0	0	0	0	0	0	0	0	0	0	0	0	0	0	0	0	0	0	0	0	0	0	
70508	Rectus_L	0	0	2298	0	8654	66	0	0	2378	0	0	0	0	0	2572	0	0	0	0	0	3978	2448	366	0	2474	222	0	366	354	0	3398	586	0	0	0	0	0	0	0	0	178	0	0	0	0	0	0	0	0	0	0	0	0	0	0	0	0	0	0	0	0	0	0	0	0	0	0	0	0	0	3054	1178	394	290	0	0	0	0	0	0	0	0	0	0	0	0	0	0	0	0	0	0	0	0	0	0	0	0	0	0	0	0	0	0	0	0	0	0	0	0	0	0	0	0	0	0	
51496	Rectus_R	0	0	0	474	0	7156	0	0	0	1402	0	0	0	0	0	590	0	0	0	0	468	1778	0	82	0	6272	366	0	0	630	278	1706	0	0	0	0	0	0	0	0	0	0	0	0	0	0	0	0	0	0	0	0	0	0	0	0	0	0	0	0	0	0	0	0	0	0	0	0	0	0	344	2446	164	1592	0	0	0	0	0	0	0	0	0	0	0	0	0	0	0	0	0	0	0	0	0	0	0	0	0	0	0	0	0	0	0	0	0	0	0	0	0	0	0	0	0	0	
541636	Insula_L	14528	204	24574	1266	5200	0	19932	0	2190	0	18098	422	26328	0	14318	0	17940	122	15916	552	4808	0	1744	268	2236	0	354	0	0	384	12140	1764	432	418	196	0	15674	0	1294	0	4118	0	0	0	0	0	98	0	0	0	100	0	300	0	4316	0	7790	0	186	0	2468	0	814	0	100	0	0	0	1610	0	3890	1474	16118	86	162	0	272	0	7514	0	8424	0	4094	0	1150	0	0	0	2432	0	0	0	0	0	0	0	0	0	0	0	0	0	0	0	0	0	0	0	0	0	0	0	0	0	0	0	
472488	Insula_R	92	7840	3054	16514	0	3494	338	15184	0	818	288	31402	166	20778	0	12448	0	22554	3382	7678	0	2528	312	1994	0	174	0	630	384	0	690	5526	66	4084	0	0	0	6824	0	2034	0	2372	0	0	0	0	0	0	0	0	0	0	0	0	0	5434	0	1438	0	0	0	0	0	0	0	0	0	0	0	0	1680	13828	124	21596	0	0	0	772	0	1996	0	8924	0	1268	0	1408	0	0	0	3836	0	0	0	0	0	0	0	292	0	0	0	0	0	0	0	0	0	0	0	0	0	0	0	0	0	0	
295684	Cingulum_Ant_L	664	0	11892	4776	6030	374	4492	0	388	0	4564	454	6776	218	2288	0	520	272	6186	1988	2844	1472	17226	5748	6428	1104	3398	278	12140	690	0	14762	4520	2038	0	0	304	0	90	0	494	0	0	0	0	0	0	0	0	0	0	0	0	0	0	0	0	0	0	0	0	0	0	0	0	0	0	0	0	0	7794	4468	8354	1294	0	0	0	0	0	0	170	0	344	0	0	0	0	0	0	0	0	0	0	0	0	0	0	0	0	0	0	0	0	0	0	0	0	0	0	0	0	0	0	0	0	0	
457200	Cingulum_Ant_R	666	302	6956	37558	184	1662	1356	2626	0	0	1264	4316	1030	3186	0	126	132	1050	8492	13354	1550	1366	15130	27624	66	4040	586	1706	1764	5526	14762	0	2966	18918	0	0	72	302	0	68	0	0	0	0	0	0	0	0	0	0	0	0	0	0	0	0	0	0	0	0	0	0	0	0	0	0	0	0	0	0	6054	29204	1172	11174	0	0	0	114	0	0	176	0	0	0	0	0	0	0	0	0	0	0	0	0	0	0	0	0	0	0	0	0	0	0	0	0	0	0	0	0	0	0	0	0	0	0	
137512	Cingulum_Mid_L	332	690	7466	2038	0	0	3686	236	0	0	158	72	248	0	0	0	168	0	6590	4532	0	0	7348	498	0	0	0	0	432	66	4520	2966	0	10728	2936	436	0	0	0	0	0	0	0	0	218	78	0	0	160	172	1084	160	82	0	0	0	682	552	626	0	0	0	0	0	0	0	3546	684	2454	1222	148	226	96	0	0	0	0	0	0	0	104	0	84	0	166	0	0	0	66	0	0	0	0	0	0	0	0	0	0	0	0	0	0	0	0	0	0	0	0	0	0	0	0	0	0	0	
504888	Cingulum_Mid_R	1590	8122	2242	27108	0	0	448	4818	0	0	222	3942	0	2170	0	102	190	1368	18974	51774	0	0	8476	11520	0	76	0	0	418	4084	2038	18918	10728	0	998	4920	124	240	0	72	0	0	0	3926	0	5456	0	86	0	5130	0	1802	0	116	0	236	0	6864	0	542	0	176	0	0	0	178	706	11054	8972	16468	338	2258	236	1178	0	0	0	78	0	0	0	0	0	136	0	224	0	0	0	602	0	0	0	0	0	0	0	0	0	0	0	0	0	0	0	0	0	0	0	0	0	0	0	0	0	0	
101492	Cingulum_Post_L	792	1074	0	212	0	0	0	0	0	0	0	0	0	0	0	0	0	0	168	470	0	0	0	0	0	0	0	0	196	0	0	0	2936	998	0	8036	3420	800	334	78	0	0	1922	416	1840	178	1634	230	724	126	826	332	138	76	76	224	1378	954	138	0	0	176	0	0	0	190	6162	4934	3704	1102	0	0	0	0	0	0	1346	0	250	0	0	0	0	0	302	852	0	0	124	878	0	0	0	0	0	0	0	0	0	0	0	0	0	0	0	0	0	0	0	0	0	0	0	0	0	0	
128924	Cingulum_Post_R	92	3678	0	330	0	0	0	0	0	0	0	0	0	0	0	0	0	0	114	1356	0	0	0	0	0	0	0	0	0	0	0	0	436	4920	8036	0	896	2270	0	1174	0	0	0	3444	0	866	0	1796	0	372	0	1154	0	328	0	898	0	3702	0	518	0	704	0	104	0	708	350	15402	544	3834	78	0	0	0	0	0	2040	0	0	98	0	110	0	0	0	1610	0	0	0	2310	0	0	0	0	0	0	0	0	0	0	0	0	0	0	0	0	0	0	0	0	190	0	0	0	0	0	
217976	Hippocampus_L	9154	90	1382	110	0	0	2426	0	0	0	942	0	336	0	212	0	1288	0	2578	150	330	0	0	0	214	0	0	0	15674	0	304	72	0	124	3420	896	0	798	10832	70	4754	0	2576	0	548	0	4774	0	0	0	364	0	156	0	11254	0	816	0	0	0	490	0	482	0	0	0	3816	80	2954	0	412	106	6390	0	672	0	2644	0	3446	0	3696	0	188	0	1164	0	0	0	4800	0	0	0	0	0	102	70	202	0	74	0	0	0	0	0	0	0	0	0	232	324	0	0	0	0	0	0	
241540	Hippocampus_R	84	4670	462	4078	0	0	0	772	0	0	0	1274	0	0	0	86	0	1830	1096	1384	0	0	0	160	0	0	0	0	0	6824	0	302	0	240	800	2270	798	0	100	24888	0	7002	0	784	0	0	0	4418	0	0	0	0	0	66	0	21736	0	202	0	0	0	0	0	108	0	0	0	4132	214	0	390	1398	0	14670	0	232	964	3404	0	552	0	1564	0	76	0	818	0	0	0	2344	0	0	0	0	0	0	0	2862	0	220	0	0	0	0	0	0	0	0	0	0	496	0	0	0	0	0	
80136	ParaHippocampal_L	2232	0	120	0	0	0	142	0	0	0	0	0	0	0	224	0	0	0	294	0	478	0	0	0	86	0	0	0	1294	0	90	0	0	0	334	0	10832	100	0	0	1798	0	256	0	0	0	3762	76	0	0	0	0	0	0	6656	0	108	0	0	0	0	0	0	0	0	0	752	0	700	0	0	0	2462	0	128	0	1138	0	0	0	114	0	242	0	0	0	0	0	1104	0	476	0	74	0	128	96	1582	0	1152	0	0	0	98	0	66	0	0	0	316	366	0	94	98	0	0	0	
163376	ParaHippocampal_R	0	244	88	226	0	0	0	124	0	0	0	206	0	0	0	68	0	272	514	612	0	130	0	0	0	0	0	0	0	2034	0	68	0	72	78	1174	70	24888	0	0	0	6098	0	716	0	0	0	5414	0	0	0	0	0	0	0	17644	0	0	0	0	0	0	0	0	0	0	0	3648	0	0	78	336	0	6278	0	180	68	1328	0	0	0	236	0	2094	0	0	0	1942	0	686	0	84	0	0	0	0	0	3210	0	288	0	0	0	0	0	0	0	0	0	0	492	0	0	0	0	0	
41620	Amygdala_L	0	0	978	0	1494	0	170	0	186	0	0	0	210	0	1356	0	0	0	0	0	2334	0	0	0	240	0	178	0	4118	0	494	0	0	0	0	0	4754	0	1798	0	0	0	0	0	0	0	0	0	0	0	0	0	0	0	1722	0	0	0	0	0	0	0	0	0	0	0	0	0	0	0	88	0	410	0	0	0	0	0	0	0	164	0	116	0	0	0	0	0	0	0	0	0	0	0	0	0	0	0	0	0	0	0	0	0	0	0	0	0	0	0	0	0	0	0	0	0	
48224	Amygdala_R	0	0	0	0	0	0	0	0	0	0	0	0	0	0	0	0	0	0	0	0	0	320	0	0	0	0	0	0	0	2372	0	0	0	0	0	0	0	7002	0	6098	0	0	0	0	0	0	0	0	0	0	0	0	0	0	0	4620	0	0	0	0	0	0	0	0	0	0	0	0	0	0	0	0	0	1748	0	0	0	124	0	0	0	0	0	1080	0	0	0	268	0	0	0	0	0	0	0	0	0	480	0	0	0	0	0	0	0	0	0	0	0	0	0	0	0	0	0	0	
240656	Calcarine_L	0	0	0	0	0	0	0	0	0	0	0	0	0	0	0	0	0	0	0	0	0	0	0	0	0	0	0	0	0	0	0	0	0	0	1922	0	2576	0	256	0	0	0	0	8964	16872	7978	18102	2288	9690	1592	18052	694	6262	126	716	380	198	0	270	0	176	0	0	0	206	0	12706	1680	178	0	0	0	0	0	0	0	0	0	0	0	0	0	0	0	4676	0	0	0	1606	0	0	250	0	88	0	0	164	560	0	482	0	0	0	0	0	0	0	0	0	0	618	0	0	0	0	0	
339584	Calcarine_R	0	1522	0	0	0	0	0	0	0	0	0	0	0	0	0	0	0	0	0	192	0	0	0	0	0	0	0	0	0	0	0	0	0	3926	416	3444	0	784	0	716	0	0	8964	0	4360	33878	2262	18072	0	25718	0	8860	0	8858	0	8066	0	1596	0	3152	0	132	0	0	0	338	884	23168	0	1586	0	0	0	0	0	0	0	0	0	0	0	0	0	0	0	1374	0	0	0	6938	0	178	0	0	0	0	0	0	0	202	0	0	0	0	0	0	0	0	0	0	74	132	0	0	0	0	
182592	Cuneus_L	0	0	0	0	0	0	0	0	0	0	0	0	0	0	0	0	0	0	0	0	0	0	0	0	0	0	0	0	0	0	0	0	218	0	1840	0	548	0	0	0	0	0	16872	4360	0	7360	2846	210	19796	1558	12180	596	1288	0	176	0	542	0	1572	0	68	0	0	0	86	0	13770	2080	678	0	0	0	0	0	0	0	0	0	0	0	0	0	0	0	2054	0	0	0	598	0	0	0	0	0	0	0	0	0	0	0	0	0	0	0	0	0	0	0	0	0	0	0	0	0	0	0	
308852	Cuneus_R	0	1610	0	0	0	0	0	0	0	0	0	0	0	0	0	0	0	0	0	292	0	0	0	0	0	0	0	0	0	0	0	0	78	5456	178	866	0	0	0	0	0	0	7978	33878	7360	0	392	2670	216	36180	0	8814	0	2198	0	978	0	2352	234	8830	0	156	0	0	0	206	3638	25874	0	1824	0	0	0	0	0	0	0	0	0	0	0	0	0	0	0	684	0	0	0	1484	0	0	0	0	0	0	0	0	0	0	0	0	0	0	0	0	0	0	0	0	0	0	0	0	0	0	
220708	Lingual_L	252	0	0	0	0	0	0	0	0	0	0	0	0	0	0	0	0	0	0	0	0	0	0	0	0	0	0	0	98	0	0	0	0	0	1634	0	4774	0	3762	0	0	0	18102	2262	2846	392	0	1980	1970	70	13646	0	9638	66	12674	290	72	0	138	0	0	0	0	0	0	0	7920	138	180	0	0	0	80	0	0	0	664	0	0	0	0	0	0	0	962	0	0	0	1104	0	3818	642	0	234	0	0	6646	876	7042	900	0	0	0	0	0	0	0	0	66	70	2676	1192	478	0	0	0	
215916	Lingual_R	0	116	0	0	0	0	0	0	0	0	0	0	0	0	0	0	0	0	0	0	0	0	0	0	0	0	0	0	0	0	0	0	0	86	230	1796	0	4418	76	5414	0	0	2288	18072	210	2670	1980	0	0	3164	0	1396	0	6250	0	15754	0	140	0	86	0	0	0	0	0	0	0	9098	0	94	0	0	0	0	0	0	0	116	0	0	0	0	0	0	0	144	0	0	0	3064	122	5806	0	446	0	254	692	5514	260	7982	0	0	0	0	0	0	0	0	0	66	6120	3420	614	0	0	0	
205080	Occipital_Sup_L	0	0	0	0	0	0	0	0	0	0	0	0	0	0	0	0	0	0	0	0	0	0	0	0	0	0	0	0	0	0	0	0	160	0	724	0	0	0	0	0	0	0	9690	0	19796	216	1970	0	0	0	32818	0	2252	0	108	0	114	0	14654	0	1126	0	0	0	340	0	16458	356	190	0	0	0	0	0	0	0	0	0	0	0	0	0	0	0	1312	0	0	0	256	0	0	0	0	0	0	0	0	0	0	0	0	0	0	0	0	0	0	0	0	0	0	0	0	0	0	0	
304460	Occipital_Sup_R	0	1484	0	122	0	0	0	0	0	0	0	0	0	0	0	0	0	0	0	536	0	0	0	0	0	0	0	0	0	0	0	0	172	5130	126	372	0	0	0	0	0	0	1592	25718	1558	36180	70	3164	0	0	0	25590	0	2834	0	1178	0	2890	0	13790	0	1340	0	296	0	6162	692	15878	0	1682	0	0	0	0	0	0	0	0	0	0	0	0	0	0	0	1988	0	0	0	1614	0	0	0	0	0	0	0	0	0	72	0	0	0	0	0	0	0	0	0	0	0	0	0	0	0	0	
473720	Occipital_Mid_L	100	0	0	0	0	0	0	0	0	0	0	0	0	0	0	0	1306	0	68	0	0	0	0	0	0	0	0	0	100	0	0	0	1084	0	826	0	364	0	0	0	0	0	18052	0	12180	0	13646	0	32818	0	0	0	23832	0	5608	0	3368	0	27436	0	14840	0	1700	0	18882	0	20132	174	2112	0	0	0	0	0	0	0	0	0	238	0	1166	0	0	0	27800	0	0	0	9028	0	0	0	0	0	0	0	0	0	0	0	0	0	0	0	0	0	0	0	0	0	0	0	0	0	0	0	
229580	Occipital_Mid_R	0	1568	0	586	0	0	0	66	0	0	0	90	0	0	0	0	0	0	0	338	0	0	0	0	0	0	0	0	0	0	0	0	160	1802	332	1154	0	0	0	0	0	0	694	8860	596	8814	0	1396	0	25590	0	0	0	5910	0	1654	0	2252	0	4274	0	3534	0	432	0	19494	114	5550	0	740	0	0	0	0	0	0	0	0	0	0	0	252	0	0	0	14178	0	0	0	4360	0	0	0	0	0	0	0	0	0	0	0	0	0	0	0	0	0	0	0	0	0	0	0	0	0	0	
161784	Occipital_Inf_L	146	0	0	0	0	0	0	0	0	0	0	0	0	0	0	0	988	0	100	0	0	0	0	0	0	0	0	0	300	0	0	0	82	0	138	0	156	0	0	0	0	0	6262	0	1288	0	9638	0	2252	0	23832	0	0	0	8666	0	1932	0	586	0	1156	0	68	0	526	0	1790	0	712	0	0	0	0	0	0	0	0	0	310	0	208	0	0	0	9036	0	0	0	10638	0	82	0	0	0	0	0	0	0	0	0	0	0	0	0	0	0	0	0	0	0	0	0	0	0	0	0	
93272	Occipital_Inf_R	0	0	0	0	0	0	0	0	0	0	0	0	0	0	0	0	0	0	0	0	0	0	0	0	0	0	0	0	0	0	0	0	0	116	76	328	0	66	0	0	0	0	126	8858	0	2198	66	6250	0	2834	0	5910	0	0	0	6550	0	0	0	186	0	0	0	0	0	168	0	2466	0	70	0	0	0	0	0	0	0	0	0	0	0	0	0	0	0	1936	0	0	0	7936	0	140	0	0	0	0	0	0	0	290	0	0	0	0	0	0	0	0	0	0	0	66	0	0	0	0	
307076	Fusiform_L	476	0	228	0	0	0	278	0	0	0	316	0	72	0	0	0	720	0	454	0	0	0	0	0	0	0	0	0	4316	0	0	0	0	0	76	0	11254	0	6656	0	1722	0	716	0	176	0	12674	0	108	0	5608	0	8666	0	0	0	678	0	152	0	260	0	0	0	148	0	762	0	474	0	0	0	798	0	0	0	106	0	456	0	2756	0	686	0	1960	0	740	0	14208	0	23650	258	1644	0	590	0	16166	326	28386	396	74	0	480	90	0	0	0	0	0	116	2116	360	186	0	0	0	
382012	Fusiform_R	0	702	86	264	0	0	0	218	0	0	0	328	0	0	0	0	0	414	436	562	0	0	0	0	0	0	0	0	0	5434	0	0	0	236	224	898	0	21736	0	17644	0	4620	380	8066	0	978	290	15754	0	1178	0	1654	0	6550	0	0	0	256	0	0	0	0	0	0	0	140	0	3278	0	150	122	494	0	7540	0	138	0	704	0	284	0	3414	0	4518	0	4156	0	1642	0	24480	102	15366	0	762	0	598	246	10654	174	18532	0	0	0	136	0	0	0	118	0	0	2796	1256	298	0	0	0	
332120	Postcentral_L	22998	0	1720	0	0	0	1518	0	0	0	2078	0	568	0	0	0	10276	0	5812	0	0	0	0	0	0	0	0	0	7790	0	0	0	682	0	1378	0	816	0	108	0	0	0	198	0	542	0	72	0	114	0	3368	0	1932	0	678	0	0	0	10602	0	37430	0	14672	0	4722	0	3574	0	12712	0	1122	0	1166	0	896	0	96	0	2652	0	4570	0	0	0	5220	0	0	0	3978	0	0	0	0	0	0	0	0	0	0	0	0	0	0	0	0	0	0	0	0	0	0	0	0	0	0	0	
225852	Postcentral_R	120	25552	0	2964	0	0	70	418	0	0	0	1348	0	0	0	0	0	3740	434	3076	0	0	0	0	0	0	0	0	0	1438	0	0	552	6864	954	3702	0	202	0	0	0	0	0	1596	0	2352	0	140	0	2890	0	2252	0	0	0	256	0	0	0	7534	0	7044	0	10590	0	1724	316	8418	668	11932	0	206	0	884	0	216	0	130	0	88	0	952	0	0	0	604	0	0	0	700	0	0	0	0	0	0	0	0	0	0	0	0	0	0	0	0	0	0	0	0	0	0	0	0	0	0	
203000	Parietal_Sup_L	0	0	0	0	0	0	0	0	0	0	0	0	0	0	0	0	580	0	0	0	0	0	0	0	0	0	0	0	186	0	0	0	626	0	138	0	0	0	0	0	0	0	270	0	1572	234	138	0	14654	0	27436	0	586	0	152	0	10602	0	0	0	17358	0	1694	0	5588	0	15842	454	810	0	0	0	0	0	0	0	0	0	0	0	558	0	0	0	1376	0	0	0	646	0	0	0	0	0	0	0	0	0	0	0	0	0	0	0	0	0	0	0	0	0	0	0	0	0	0	0	
137696	Parietal_Sup_R	0	1494	0	1086	0	0	0	102	0	0	0	134	0	0	0	0	0	0	0	174	0	0	0	0	0	0	0	0	0	0	0	0	0	542	0	518	0	0	0	0	0	0	0	3152	0	8830	0	86	0	13790	0	4274	0	186	0	0	0	7534	0	0	0	8298	0	1720	0	7038	430	8210	0	878	0	0	0	0	0	0	0	0	0	0	0	76	0	0	0	296	0	0	0	0	0	0	0	0	0	0	0	0	0	0	0	0	0	0	0	0	0	0	0	0	0	0	0	0	0	0	
327344	Parietal_Inf_L	2998	0	374	0	0	0	250	0	0	0	108	0	0	0	0	0	2982	0	1200	0	0	0	0	0	0	0	0	0	2468	0	0	0	0	0	0	0	490	0	0	0	0	0	176	0	68	0	0	0	1126	0	14840	0	1156	0	260	0	37430	0	17358	0	0	0	25770	0	26114	0	2186	0	2344	0	0	0	140	0	0	0	0	0	1202	0	6256	0	0	0	12072	0	0	0	4304	0	0	0	0	0	0	0	0	0	0	0	0	0	0	0	0	0	0	0	0	0	0	0	0	0	0	0	
120124	Parietal_Inf_R	0	2148	0	1870	0	0	0	76	0	0	0	0	0	0	0	0	0	104	0	110	0	0	0	0	0	0	0	0	0	0	0	0	0	176	176	704	0	0	0	0	0	0	0	132	0	156	0	0	0	1340	0	3534	0	0	0	0	0	7044	0	8298	0	0	0	8094	0	18344	0	1194	0	148	0	0	0	0	0	0	0	0	0	0	0	438	0	0	0	5060	0	0	0	916	0	0	0	0	0	0	0	0	0	0	0	0	0	0	0	0	0	0	0	0	0	0	0	0	0	0	
165916	SupraMarginal_L	154	0	0	0	0	0	0	0	0	0	0	0	0	0	0	0	1240	0	98	0	0	0	0	0	0	0	0	0	814	0	0	0	0	0	0	0	482	0	0	0	0	0	0	0	0	0	0	0	0	0	1700	0	68	0	0	0	14672	0	1694	0	25770	0	0	0	11914	0	440	0	530	0	0	0	0	0	0	0	0	0	966	0	9270	0	0	0	11032	0	0	0	2114	0	0	0	0	0	0	0	0	0	0	0	0	0	0	0	0	0	0	0	0	0	0	0	0	0	0	0	
84252	SupraMarginal_R	0	1512	0	714	0	0	0	88	0	0	0	0	0	0	0	0	0	3596	0	0	0	0	0	0	0	0	0	0	0	0	0	0	0	0	0	104	0	108	0	0	0	0	0	0	0	0	0	0	0	296	0	432	0	0	0	0	0	10590	0	1720	0	8094	0	0	0	7102	0	528	0	354	0	0	0	0	0	0	0	0	0	120	0	3734	0	0	0	2854	0	0	0	180	0	0	0	0	0	0	0	0	0	0	0	0	0	0	0	0	0	0	0	0	0	0	0	0	0	0	
180292	Angular_L	0	0	0	0	0	0	0	0	0	0	0	0	0	0	0	0	980	0	0	0	0	0	0	0	0	0	0	0	100	0	0	0	0	0	0	0	0	0	0	0	0	0	206	0	86	0	0	0	340	0	18882	0	526	0	148	0	4722	0	5588	0	26114	0	11914	0	0	0	856	0	1352	0	0	0	0	0	0	0	0	0	152	0	3306	0	0	0	12146	0	0	0	2728	0	0	0	0	0	0	0	0	0	0	0	0	0	0	0	0	0	0	0	0	0	0	0	0	0	0	0	
165540	Angular_R	0	1466	0	1190	0	0	0	68	0	0	0	0	0	0	0	0	0	96	0	126	0	0	0	0	0	0	0	0	0	0	0	0	0	178	190	708	0	0	0	0	0	0	0	338	0	206	0	0	0	6162	0	19494	0	168	0	140	0	1724	0	7038	0	18344	0	7102	0	0	0	1246	0	190	0	0	0	0	0	0	0	0	0	0	0	2908	0	0	0	12420	0	0	0	1268	0	0	0	0	0	0	0	0	0	0	0	0	0	0	0	0	0	0	0	0	0	0	0	0	0	0	
267356	Precuneus_L	72	230	0	0	0	0	0	0	0	0	0	0	0	0	0	0	108	0	0	132	0	0	0	0	0	0	0	0	0	0	0	0	3546	706	6162	350	3816	0	752	0	0	0	12706	884	13770	3638	7920	0	16458	692	20132	114	1790	0	762	0	3574	316	15842	430	2186	0	440	0	856	0	0	7026	3696	354	0	0	0	0	0	0	0	0	70	0	112	0	0	0	2748	0	0	0	1184	104	0	0	0	0	0	0	0	0	0	0	0	0	0	0	0	0	0	0	0	0	0	0	0	0	0	0	
370552	Precuneus_R	0	6128	0	354	0	0	0	184	0	0	0	286	0	0	0	0	0	94	0	2096	0	0	0	0	0	0	0	0	0	0	0	0	684	11054	4934	15402	80	4132	0	3648	0	0	1680	23168	2080	25874	138	9098	356	15878	174	5550	0	2466	0	3278	0	8418	454	8210	0	1194	0	528	0	1246	7026	0	124	8846	0	0	0	0	0	0	70	0	0	136	0	214	0	0	0	2262	0	0	0	7140	0	0	0	0	0	0	0	80	0	0	0	0	0	0	0	0	0	0	0	0	512	0	0	0	0	0	
343324	Paracentral_Lobule_L	30636	2744	4908	1322	0	0	852	0	0	0	0	0	0	0	0	0	850	0	29364	13448	0	0	0	0	0	0	0	0	1610	0	0	0	2454	8972	3704	544	2954	214	700	0	0	0	178	0	678	0	180	0	190	0	2112	0	712	0	474	0	12712	668	810	0	2344	0	530	0	1352	0	3696	124	0	5548	2986	896	5216	0	4054	0	15186	760	488	0	498	0	0	0	2248	0	0	0	1642	0	0	0	0	0	0	0	0	0	0	0	0	0	0	0	0	0	0	0	0	104	0	0	0	0	0	0	
182584	Paracentral_Lobule_R	0	13730	0	1636	0	0	0	0	0	0	0	102	0	0	0	0	0	90	1518	15600	0	0	0	0	0	0	0	0	0	0	0	0	1222	16468	1102	3834	0	0	0	0	0	0	0	1586	0	1824	0	94	0	1682	0	740	0	70	0	150	0	11932	0	878	0	148	0	354	0	190	354	8846	5548	0	0	254	0	0	0	0	0	210	0	0	0	0	0	0	0	232	0	0	0	898	0	0	0	0	0	0	0	0	0	0	0	0	0	0	0	0	0	0	0	0	0	0	0	0	0	0	
209120	Caudate_L	5070	418	3274	2854	1692	0	2552	68	112	0	1498	1030	1614	302	1464	0	362	842	6204	718	7282	6224	754	614	232	276	3054	344	3890	1680	7794	6054	148	338	0	78	412	390	0	78	88	0	0	0	0	0	0	0	0	0	0	0	0	0	0	122	1122	0	0	0	0	0	0	0	0	0	0	0	2986	0	0	10638	13096	1170	586	0	4292	96	82	0	284	0	188	94	0	0	0	0	0	0	0	0	0	0	0	0	0	0	0	0	0	0	0	0	0	0	0	0	0	0	0	0	0	0	0	0	
414628	Caudate_R	774	5852	4166	24738	106	2784	1190	3026	0	0	1014	9036	706	4560	0	954	140	3482	8676	13980	3524	5172	1048	7328	0	3800	1178	2446	1474	13828	4468	29204	226	2258	0	0	106	1398	0	336	0	0	0	0	0	0	0	0	0	0	0	0	0	0	0	494	0	206	0	0	0	0	0	0	0	0	0	0	896	254	10638	0	3008	18422	0	840	270	8530	0	0	186	126	68	250	0	0	0	0	0	148	0	0	0	0	0	0	0	0	0	0	0	0	0	0	0	0	0	0	0	0	0	0	0	0	0	0	
248032	Putamen_L	12904	240	5644	258	794	0	5038	0	92	0	1458	104	2070	0	1176	0	1848	0	14434	448	3328	2680	1100	80	632	0	394	164	16118	124	8354	1172	96	236	0	0	6390	0	2462	0	410	0	0	0	0	0	80	0	0	0	0	0	0	0	798	0	1166	0	0	0	140	0	0	0	0	0	0	0	5216	0	13096	3008	0	252	6378	0	972	0	346	0	1956	0	360	0	0	0	0	0	0	0	0	0	0	0	0	0	0	0	0	0	0	0	0	0	0	0	0	0	0	0	0	0	0	0	0	0	
308208	Putamen_R	70	6184	776	9908	0	4628	82	3586	0	382	74	8052	0	1758	0	1058	0	4772	3644	5662	548	710	318	4836	0	2268	290	1592	86	21596	1294	11174	0	1178	0	0	0	14670	0	6278	0	1748	0	0	0	0	0	0	0	0	0	0	0	0	0	7540	0	884	0	0	0	0	0	0	0	0	0	0	0	0	1170	18422	252	0	0	1080	0	2086	0	496	0	818	0	108	0	158	0	0	0	872	0	0	0	0	0	0	0	924	0	72	0	0	0	0	0	0	0	0	0	0	0	0	0	0	0	0	
55444	Pallidum_L	6098	0	446	0	0	0	1506	0	0	0	0	0	0	0	0	0	680	0	3864	0	0	0	0	0	0	0	0	0	162	0	0	0	0	0	0	0	672	0	128	0	0	0	0	0	0	0	0	0	0	0	0	0	0	0	0	0	896	0	0	0	0	0	0	0	0	0	0	0	4054	0	586	0	6378	0	0	0	1858	0	186	0	208	0	0	0	0	0	0	0	0	0	0	0	0	0	0	0	0	0	0	0	0	0	0	0	0	0	0	0	0	0	0	0	0	0	0	0	
10904	Pallidum_R	0	1214	0	496	0	0	0	264	0	0	0	466	0	0	0	0	0	114	0	212	0	0	0	0	0	0	0	0	0	0	0	0	0	0	0	0	0	232	0	180	0	0	0	0	0	0	0	0	0	0	0	0	0	0	0	138	0	216	0	0	0	0	0	0	0	0	0	0	0	0	0	840	0	1080	0	0	0	0	0	0	0	0	0	0	0	0	0	0	0	0	0	0	0	0	0	0	0	0	0	0	0	0	0	0	0	0	0	0	0	0	0	0	0	0	0	0	
91620	Thalamus_L	9318	322	474	318	0	0	182	0	0	0	0	0	72	0	0	0	0	0	2180	126	0	0	0	0	0	0	0	0	272	0	0	0	0	0	1346	2040	2644	964	1138	68	0	0	0	0	0	0	664	0	0	0	0	0	0	0	106	0	96	0	0	0	0	0	0	0	0	0	0	70	15186	0	4292	270	972	0	1858	0	0	524	0	0	0	0	0	0	0	0	0	0	0	0	0	0	0	0	0	0	0	0	0	0	0	0	0	0	0	0	0	0	108	200	0	0	0	0	0	0	
128096	Thalamus_R	116	19476	0	21056	0	0	0	102	0	0	0	474	0	0	0	0	0	576	578	2536	0	0	0	0	0	0	0	0	0	772	0	114	0	78	0	0	0	3404	0	1328	0	124	0	0	0	0	0	116	0	0	0	0	0	0	0	704	0	130	0	0	0	0	0	0	0	0	0	0	760	210	96	8530	0	2086	0	0	524	0	0	0	0	80	0	78	0	0	0	0	0	0	0	0	0	0	0	0	0	0	0	0	0	0	0	0	0	0	0	0	0	0	0	0	0	0	0	0	
85084	Heschl_L	5172	0	358	0	0	0	576	0	0	0	376	0	0	0	0	0	4378	0	574	0	0	0	0	0	0	0	0	0	7514	0	0	0	0	0	250	0	3446	0	0	0	0	0	0	0	0	0	0	0	0	0	238	0	310	0	456	0	2652	0	0	0	1202	0	966	0	152	0	70	0	488	0	82	0	346	0	186	0	0	0	0	0	4570	0	0	0	5210	0	0	0	2970	0	0	0	0	0	0	0	0	0	0	0	0	0	0	0	0	0	0	0	0	0	0	0	0	0	0	0	
21264	Heschl_R	0	472	0	146	0	0	0	366	0	0	0	358	0	0	0	0	0	2262	0	0	0	0	0	0	0	0	0	0	0	1996	0	0	0	0	0	98	0	552	0	0	0	0	0	0	0	0	0	0	0	0	0	0	0	0	0	284	0	88	0	0	0	0	0	120	0	0	0	136	0	0	0	0	0	496	0	0	0	0	0	0	0	2704	0	0	0	240	0	0	0	314	0	0	0	0	0	0	0	0	0	0	0	0	0	0	0	0	0	0	0	0	0	0	0	0	0	0	
242720	Temporal_Sup_L	3048	0	1764	142	0	0	1364	0	0	0	4282	0	126	0	0	0	9514	0	3496	0	0	0	0	0	0	0	0	0	8424	0	170	176	104	0	0	0	3696	0	114	0	164	0	0	0	0	0	0	0	0	0	1166	0	208	0	2756	0	4570	0	558	0	6256	0	9270	0	3306	0	112	0	498	0	284	186	1956	0	208	0	0	0	4570	0	0	0	5004	0	29790	0	146	0	13932	0	0	0	0	0	0	0	0	0	0	0	0	0	0	0	0	0	0	0	0	0	0	0	0	0	0	0	
112348	Temporal_Sup_R	0	802	0	296	0	0	0	210	0	0	0	322	0	0	0	0	0	6156	0	0	0	0	0	0	0	0	0	0	0	8924	0	0	0	0	0	110	0	1564	0	236	0	0	0	0	0	0	0	0	0	0	0	252	0	0	0	3414	0	952	0	76	0	438	0	3734	0	2908	0	214	0	0	0	126	0	818	0	0	0	80	0	2704	0	0	0	1508	0	12346	0	198	0	7786	0	0	0	0	0	0	0	0	0	0	0	0	0	0	0	0	0	0	0	0	0	0	0	0	0	0	
82396	Temporal_Pole_Sup_L	302	0	1608	0	74	0	764	0	316	0	4118	0	470	0	2958	0	3940	0	2034	0	716	0	0	0	170	0	0	0	4094	0	344	0	84	0	0	0	188	0	242	0	116	0	0	0	0	0	0	0	0	0	0	0	0	0	686	0	0	0	0	0	0	0	0	0	0	0	0	0	0	0	188	68	360	0	0	0	0	0	0	0	5004	0	0	0	4534	0	4052	0	3768	0	0	0	0	0	0	0	0	0	0	0	0	0	0	0	0	0	0	0	0	0	0	0	0	0	0	0	
53632	Temporal_Pole_Sup_R	0	0	132	172	0	0	0	116	0	0	0	698	0	0	0	68	0	1016	108	178	0	82	0	0	0	0	0	0	0	1268	0	0	0	136	0	0	0	76	0	2094	0	1080	0	0	0	0	0	0	0	0	0	0	0	0	0	4518	0	0	0	0	0	0	0	0	0	0	0	0	0	0	94	250	0	108	0	0	0	78	0	0	0	1508	0	0	0	3138	0	5162	0	4736	0	0	0	0	0	0	0	0	0	0	0	0	0	0	0	0	0	0	0	0	0	0	0	0	0	0	
366048	Temporal_Mid_L	474	0	0	0	0	0	0	0	0	0	0	0	0	0	0	0	4068	0	322	0	0	0	0	0	0	0	0	0	1150	0	0	0	166	0	302	0	1164	0	0	0	0	0	4676	0	2054	0	962	0	1312	0	27800	0	9036	0	1960	0	5220	0	1376	0	12072	0	11032	0	12146	0	2748	0	2248	0	0	0	0	0	0	0	0	0	5210	0	29790	0	4534	0	0	0	3556	0	37646	0	0	0	0	0	0	0	0	0	0	0	0	0	0	0	0	0	0	0	0	0	0	0	0	0	0	0	
197840	Temporal_Mid_R	0	428	0	260	0	0	0	0	0	0	0	0	0	0	0	0	0	284	0	170	0	0	0	0	0	0	0	0	0	1408	0	0	0	224	852	1610	0	818	0	0	0	0	0	1374	0	684	0	144	0	1988	0	14178	0	1936	0	4156	0	604	0	296	0	5060	0	2854	0	12420	0	2262	0	232	0	0	0	158	0	0	0	0	0	240	0	12346	0	3138	0	0	0	1982	0	26814	0	0	0	0	0	0	0	0	0	0	0	0	0	0	0	0	0	0	0	0	0	0	0	0	0	0	
23580	Temporal_Pole_Mid_L	0	0	0	0	0	0	0	0	0	0	0	0	0	0	0	0	0	0	0	0	0	0	0	0	0	0	0	0	0	0	0	0	0	0	0	0	0	0	0	0	0	0	0	0	0	0	0	0	0	0	0	0	0	0	740	0	0	0	0	0	0	0	0	0	0	0	0	0	0	0	0	0	0	0	0	0	0	0	0	0	146	0	4052	0	3556	0	0	0	3296	0	0	0	0	0	0	0	0	0	0	0	0	0	0	0	0	0	0	0	0	0	0	0	0	0	0	0	
26836	Temporal_Pole_Mid_R	0	0	0	0	0	0	0	0	0	0	0	0	0	0	0	0	0	0	0	0	0	0	0	0	0	0	0	0	0	0	0	0	0	0	0	0	0	0	0	1942	0	268	0	0	0	0	0	0	0	0	0	0	0	0	0	1642	0	0	0	0	0	0	0	0	0	0	0	0	0	0	0	0	0	0	0	0	0	0	0	0	0	198	0	5162	0	1982	0	0	0	2224	0	0	0	0	0	0	0	0	0	0	0	0	0	0	0	0	0	0	0	0	0	0	0	0	0	0	
262456	Temporal_Inf_L	430	0	0	0	0	0	0	0	0	0	0	0	0	0	0	0	3134	0	254	0	0	0	0	0	0	0	0	0	2432	0	0	0	66	0	124	0	4800	0	1104	0	0	0	1606	0	598	0	1104	0	256	0	9028	0	10638	0	14208	0	3978	0	646	0	4304	0	2114	0	2728	0	1184	0	1642	0	0	0	0	0	0	0	0	0	2970	0	13932	0	3768	0	37646	0	3296	0	0	0	2128	0	150	0	0	0	74	0	886	0	0	0	0	0	0	0	0	0	0	0	0	0	0	0	0	0	
238836	Temporal_Inf_R	0	1036	0	190	0	0	0	122	0	0	0	158	0	0	0	0	0	140	0	222	0	0	0	0	0	0	0	0	0	3836	0	0	0	602	878	2310	0	2344	0	686	0	0	0	6938	0	1484	0	3064	0	1614	0	4360	0	7936	0	24480	0	700	0	0	0	916	0	180	0	1268	104	7140	0	898	0	148	0	872	0	0	0	0	0	314	0	7786	0	4736	0	26814	0	2224	0	0	0	1874	0	200	0	0	0	0	0	844	0	0	0	0	0	0	0	0	0	0	0	0	0	0	0	0	
408752	Cerebelum_Crus1_L	0	0	0	0	0	0	0	0	0	0	0	0	0	0	0	0	0	0	0	0	0	0	0	0	0	0	0	0	0	0	0	0	0	0	0	0	0	0	476	0	0	0	0	0	0	0	3818	122	0	0	0	0	82	0	23650	102	0	0	0	0	0	0	0	0	0	0	0	0	0	0	0	0	0	0	0	0	0	0	0	0	0	0	0	0	0	0	0	0	2128	0	0	2158	29374	2844	1496	672	29388	2588	64952	3370	7210	634	8010	1926	578	0	238	0	0	602	7868	4488	5010	592	0	0	
422480	Cerebelum_Crus1_R	0	0	0	0	0	0	0	0	0	0	0	0	0	0	0	0	0	0	0	0	0	0	0	0	0	0	0	0	0	0	0	0	0	0	0	0	0	0	0	84	0	0	250	178	0	0	642	5806	0	0	0	0	0	140	258	15366	0	0	0	0	0	0	0	0	0	0	0	0	0	0	0	0	0	0	0	0	0	0	0	0	0	0	0	0	0	0	0	0	0	1874	2158	0	78	36538	0	4974	2678	27274	3022	64554	0	5878	0	11692	0	2074	0	2590	0	1024	11000	6436	4348	234	90	0	
250608	Cerebelum_Crus2_L	0	0	0	0	0	0	0	0	0	0	0	0	0	0	0	0	0	0	0	0	0	0	0	0	0	0	0	0	0	0	0	0	0	0	0	0	0	0	74	0	0	0	0	0	0	0	0	0	0	0	0	0	0	0	1644	0	0	0	0	0	0	0	0	0	0	0	0	0	0	0	0	0	0	0	0	0	0	0	0	0	0	0	0	0	0	0	0	0	150	0	29374	78	0	1530	412	0	2186	0	11212	70	33658	1064	27748	720	8042	0	2114	0	0	92	138	970	2608	1420	0	0	
282616	Cerebelum_Crus2_R	0	0	0	0	0	0	0	0	0	0	0	0	0	0	0	0	0	0	0	0	0	0	0	0	0	0	0	0	0	0	0	0	0	0	0	0	0	0	0	0	0	0	88	0	0	0	234	446	0	0	0	0	0	0	0	762	0	0	0	0	0	0	0	0	0	0	0	0	0	0	0	0	0	0	0	0	0	0	0	0	0	0	0	0	0	0	0	0	0	200	2844	36538	1530	0	0	1800	730	3286	1606	14660	1008	24830	1070	29208	124	5492	0	2178	0	380	1844	2776	6352	1228	94	0	
42296	Cerebelum_3_L	0	0	0	0	0	0	0	0	0	0	0	0	0	0	0	0	0	0	0	0	0	0	0	0	0	0	0	0	0	0	0	0	0	0	0	0	102	0	128	0	0	0	0	0	0	0	0	0	0	0	0	0	0	0	590	0	0	0	0	0	0	0	0	0	0	0	0	0	0	0	0	0	0	0	0	0	0	0	0	0	0	0	0	0	0	0	0	0	0	0	1496	0	412	0	0	276	5710	230	3354	318	174	0	416	166	1840	86	66	0	442	1956	802	1300	736	280	120	148	
90684	Cerebelum_3_R	0	0	0	0	0	0	0	0	0	0	0	0	0	0	0	0	0	0	0	0	0	0	0	0	0	0	0	0	0	0	0	0	0	0	0	0	70	0	96	0	0	0	0	0	0	0	0	254	0	0	0	0	0	0	0	598	0	0	0	0	0	0	0	0	0	0	0	0	0	0	0	0	0	0	0	0	0	0	0	0	0	0	0	0	0	0	0	0	0	0	672	4974	0	1800	276	0	854	7692	1704	8544	0	0	174	1278	254	1372	0	68	336	4014	1496	2414	3352	1802	1154	94	
299068	Cerebelum_4_5_L	0	0	0	0	0	0	0	0	0	0	0	0	0	0	0	0	0	0	0	0	0	0	0	0	0	0	0	0	0	0	0	0	0	0	0	0	202	0	1582	0	0	0	164	0	0	0	6646	692	0	0	0	0	0	0	16166	246	0	0	0	0	0	0	0	0	0	0	0	0	0	0	0	0	0	0	0	0	0	0	0	0	0	0	0	0	0	0	0	0	74	0	29388	2678	2186	730	5710	854	0	5200	41888	4672	760	0	1366	344	2712	138	80	0	244	1856	16342	3918	1226	226	78	1166	
277496	Cerebelum_4_5_R	0	0	0	0	0	0	0	0	0	0	0	0	0	0	0	0	0	0	0	0	0	0	0	0	0	0	0	0	0	292	0	0	0	0	0	0	0	2862	0	3210	0	480	560	0	0	0	876	5514	0	0	0	0	0	0	326	10654	0	0	0	0	0	0	0	0	0	0	0	80	0	0	0	0	0	924	0	0	0	0	0	0	0	0	0	0	0	0	0	0	0	0	2588	27274	0	3286	230	7692	5200	0	3424	37560	0	112	80	1380	128	970	0	530	0	2134	14364	2244	1822	1114	714	124	
435760	Cerebelum_6_L	0	0	0	0	0	0	0	0	0	0	0	0	0	0	0	0	0	0	0	0	0	0	0	0	0	0	0	0	0	0	0	0	0	0	0	0	74	0	1152	0	0	0	0	0	0	0	7042	260	0	0	0	0	0	0	28386	174	0	0	0	0	0	0	0	0	0	0	0	0	0	0	0	0	0	0	0	0	0	0	0	0	0	0	0	0	0	0	0	0	886	0	64952	3022	11212	1606	3354	1704	41888	3424	0	5568	2174	156	4206	2094	2226	354	110	0	78	1562	10662	10938	6538	1472	332	274	
419568	Cerebelum_6_R	0	0	0	0	0	0	0	0	0	0	0	0	0	0	0	0	0	0	0	0	0	0	0	0	0	0	0	0	0	0	0	0	0	0	0	0	0	220	0	288	0	0	482	202	0	0	900	7982	0	72	0	0	0	290	396	18532	0	0	0	0	0	0	0	0	0	0	0	0	0	0	0	0	0	72	0	0	0	0	0	0	0	0	0	0	0	0	0	0	0	844	3370	64554	70	14660	318	8544	4672	37560	5568	0	0	470	136	3430	212	1114	0	2034	0	2056	15250	9636	4894	772	98	86	
186344	Cerebelum_7b_L	0	0	0	0	0	0	0	0	0	0	0	0	0	0	0	0	0	0	0	0	0	0	0	0	0	0	0	0	0	0	0	0	0	0	0	0	0	0	0	0	0	0	0	0	0	0	0	0	0	0	0	0	0	0	74	0	0	0	0	0	0	0	0	0	0	0	0	0	0	0	0	0	0	0	0	0	0	0	0	0	0	0	0	0	0	0	0	0	0	0	7210	0	33658	1008	174	0	760	0	2174	0	0	904	29936	578	9034	0	2542	0	0	0	0	834	2084	2202	0	0	
145120	Cerebelum_7b_R	0	0	0	0	0	0	0	0	0	0	0	0	0	0	0	0	0	0	0	0	0	0	0	0	0	0	0	0	0	0	0	0	0	0	0	0	0	0	0	0	0	0	0	0	0	0	0	0	0	0	0	0	0	0	0	0	0	0	0	0	0	0	0	0	0	0	0	0	0	0	0	0	0	0	0	0	0	0	0	0	0	0	0	0	0	0	0	0	0	0	634	5878	1064	24830	0	0	0	112	156	470	904	0	1110	26250	0	6904	0	1020	0	0	0	246	1460	1522	0	0	
219872	Cerebelum_8_L	0	0	0	0	0	0	0	0	0	0	0	0	0	0	0	0	0	0	0	0	0	0	0	0	0	0	0	0	0	0	0	0	0	0	0	0	0	0	98	0	0	0	0	0	0	0	0	0	0	0	0	0	0	0	480	0	0	0	0	0	0	0	0	0	0	0	0	0	0	0	0	0	0	0	0	0	0	0	0	0	0	0	0	0	0	0	0	0	0	0	8010	0	27748	1070	416	174	1366	80	4206	136	29936	1110	0	2496	15010	318	4270	0	0	114	154	3724	4486	4012	522	0	
240984	Cerebelum_8_R	0	0	0	0	0	0	0	0	0	0	0	0	0	0	0	0	0	0	0	0	0	0	0	0	0	0	0	0	0	0	0	0	0	0	0	0	0	0	0	0	0	0	0	0	0	0	0	0	0	0	0	0	0	0	90	136	0	0	0	0	0	0	0	0	0	0	0	0	0	0	0	0	0	0	0	0	0	0	0	0	0	0	0	0	0	0	0	0	0	0	1926	11692	720	29208	166	1278	344	1380	2094	3430	578	26250	2496	0	698	18868	0	3526	128	444	176	3374	5400	3990	1684	416	
107012	Cerebelum_9_L	0	0	0	0	0	0	0	0	0	0	0	0	0	0	0	0	0	0	0	0	0	0	0	0	0	0	0	0	0	0	0	0	0	0	0	0	0	0	66	0	0	0	0	0	0	0	0	0	0	0	0	0	0	0	0	0	0	0	0	0	0	0	0	0	0	0	0	0	0	0	0	0	0	0	0	0	0	0	0	0	0	0	0	0	0	0	0	0	0	0	578	0	8042	124	1840	254	2712	128	2226	212	9034	0	15010	698	0	320	4892	0	0	392	102	2604	1956	1226	730	360	
99592	Cerebelum_9_R	0	0	0	0	0	0	0	0	0	0	0	0	0	0	0	0	0	0	0	0	0	0	0	0	0	0	0	0	0	0	0	0	0	0	0	0	0	0	0	0	0	0	0	0	0	0	0	0	0	0	0	0	0	0	0	0	0	0	0	0	0	0	0	0	0	0	0	0	0	0	0	0	0	0	0	0	0	0	0	0	0	0	0	0	0	0	0	0	0	0	0	2074	0	5492	86	1372	138	970	354	1114	0	6904	318	18868	320	0	0	1726	306	938	166	898	1784	2382	2548	1038	
29048	Cerebelum_10_L	0	0	0	0	0	0	0	0	0	0	0	0	0	0	0	0	0	0	0	0	0	0	0	0	0	0	0	0	0	0	0	0	0	0	0	0	0	0	0	0	0	0	0	0	0	0	0	0	0	0	0	0	0	0	0	0	0	0	0	0	0	0	0	0	0	0	0	0	0	0	0	0	0	0	0	0	0	0	0	0	0	0	0	0	0	0	0	0	0	0	238	0	2114	0	66	0	80	0	110	0	2542	0	4270	0	4892	0	0	0	0	0	0	106	106	0	0	0	
27928	Cerebelum_10_R	0	0	0	0	0	0	0	0	0	0	0	0	0	0	0	0	0	0	0	0	0	0	0	0	0	0	0	0	0	0	0	0	0	0	0	0	0	0	0	0	0	0	0	0	0	0	0	0	0	0	0	0	0	0	0	118	0	0	0	0	0	0	0	0	0	0	0	0	0	0	0	0	0	0	0	0	0	0	0	0	0	0	0	0	0	0	0	0	0	0	0	2590	0	2178	0	68	0	530	0	2034	0	1020	0	3526	0	1726	0	0	0	0	96	0	78	0	0	0	
13092	Vermis_1_2	0	0	0	0	0	0	0	0	0	0	0	0	0	0	0	0	0	0	0	0	0	0	0	0	0	0	0	0	0	0	0	0	0	0	0	0	232	0	316	0	0	0	0	0	0	0	66	0	0	0	0	0	0	0	0	0	0	0	0	0	0	0	0	0	0	0	0	0	0	0	0	0	0	0	0	0	108	0	0	0	0	0	0	0	0	0	0	0	0	0	0	0	0	0	442	336	244	0	78	0	0	0	0	128	0	306	0	0	0	2828	194	260	158	288	362	200	
58324	Vermis_3	0	0	0	0	0	0	0	0	0	0	0	0	0	0	0	0	0	0	0	0	0	0	0	0	0	0	0	0	0	0	0	0	0	0	0	0	324	0	366	0	0	0	0	0	0	0	70	66	0	0	0	0	0	0	116	0	0	0	0	0	0	0	0	0	0	0	0	0	104	0	0	0	0	0	0	0	200	0	0	0	0	0	0	0	0	0	0	0	0	0	602	1024	92	380	1956	4014	1856	2134	1562	2056	0	0	114	444	392	938	0	0	2828	0	1620	1712	1808	1330	878	176	
215956	Vermis_4_5	0	0	0	0	0	0	0	0	0	0	0	0	0	0	0	0	0	0	0	0	0	0	0	0	0	0	0	0	0	0	0	0	0	0	0	190	0	496	0	492	0	0	618	74	0	0	2676	6120	0	0	0	0	0	0	2116	2796	0	0	0	0	0	0	0	0	0	0	0	512	0	0	0	0	0	0	0	0	0	0	0	0	0	0	0	0	0	0	0	0	0	0	7868	11000	138	1844	802	1496	16342	14364	10662	15250	0	0	154	176	102	166	0	96	194	1620	0	6652	1040	180	106	1636	
179192	Vermis_6	0	0	0	0	0	0	0	0	0	0	0	0	0	0	0	0	0	0	0	0	0	0	0	0	0	0	0	0	0	0	0	0	0	0	0	0	0	0	94	0	0	0	0	132	0	0	1192	3420	0	0	0	0	0	66	360	1256	0	0	0	0	0	0	0	0	0	0	0	0	0	0	0	0	0	0	0	0	0	0	0	0	0	0	0	0	0	0	0	0	0	0	4488	6436	970	2776	1300	2414	3918	2244	10938	9636	834	246	3724	3374	2604	898	106	0	260	1712	6652	0	10046	2988	1322	3190	
156276	Vermis_7	0	0	0	0	0	0	0	0	0	0	0	0	0	0	0	0	0	0	0	0	0	0	0	0	0	0	0	0	0	0	0	0	0	0	0	0	0	0	98	0	0	0	0	0	0	0	478	614	0	0	0	0	0	0	186	298	0	0	0	0	0	0	0	0	0	0	0	0	0	0	0	0	0	0	0	0	0	0	0	0	0	0	0	0	0	0	0	0	0	0	5010	4348	2608	6352	736	3352	1226	1822	6538	4894	2084	1460	4486	5400	1956	1784	106	78	158	1808	1040	10046	0	5570	2372	1230	
80840	Vermis_8	0	0	0	0	0	0	0	0	0	0	0	0	0	0	0	0	0	0	0	0	0	0	0	0	0	0	0	0	0	0	0	0	0	0	0	0	0	0	0	0	0	0	0	0	0	0	0	0	0	0	0	0	0	0	0	0	0	0	0	0	0	0	0	0	0	0	0	0	0	0	0	0	0	0	0	0	0	0	0	0	0	0	0	0	0	0	0	0	0	0	592	234	1420	1228	280	1802	226	1114	1472	772	2202	1522	4012	3990	1226	2382	0	0	288	1330	180	2988	5570	0	3972	1618	
