data	data	622680	277124	1.21521e+06	1.02974e+06	247720	194072	576632	375556	154244	57596	436608	197616	456548	168564	201248	189068	224364	142612	738728	844196	110856	132868	538328	412304	53296	103740	71776	87732	756308	431864	299892	398740	327508	487368	114320	143688	302812	408560	139820	352796	50020	70844	219540	411116	165140	296660	360088	390832	183464	341320	404528	276572	163144	203132	482176	636504	352448	188344	57120	110792	223992	117212	160820	120908	179988	169544	297404	403016	186644	140380	403664	576516	383592	498064	65936	90412	173648	247712	112840	42248	296640	155688	144484	75492	286200	253828	32264	38912	236292	224760	523596	414600	372620	377420	61508	42264	459412	265704	559876	419980	272096	159984	384184	328100	152672	133684	14856	3180	43204	77328	290340	186392	281272	166944	104836	38168	
data	data	Precentral_L	Precentral_R	Frontal_Sup_L	Frontal_Sup_R	Frontal_Sup_Orb_L	Frontal_Sup_Orb_R	Frontal_Mid_L	Frontal_Mid_R	Frontal_Mid_Orb_L	Frontal_Mid_Orb_R	Frontal_Inf_Oper_L	Frontal_Inf_Oper_R	Frontal_Inf_Tri_L	Frontal_Inf_Tri_R	Frontal_Inf_Orb_L	Frontal_Inf_Orb_R	Rolandic_Oper_L	Rolandic_Oper_R	Supp_Motor_Area_L	Supp_Motor_Area_R	Olfactory_L	Olfactory_R	Frontal_Sup_Medial_L	Frontal_Sup_Medial_R	Frontal_Med_Orb_L	Frontal_Med_Orb_R	Rectus_L	Rectus_R	Insula_L	Insula_R	Cingulum_Ant_L	Cingulum_Ant_R	Cingulum_Mid_L	Cingulum_Mid_R	Cingulum_Post_L	Cingulum_Post_R	Hippocampus_L	Hippocampus_R	ParaHippocampal_L	ParaHippocampal_R	Amygdala_L	Amygdala_R	Calcarine_L	Calcarine_R	Cuneus_L	Cuneus_R	Lingual_L	Lingual_R	Occipital_Sup_L	Occipital_Sup_R	Occipital_Mid_L	Occipital_Mid_R	Occipital_Inf_L	Occipital_Inf_R	Fusiform_L	Fusiform_R	Postcentral_L	Postcentral_R	Parietal_Sup_L	Parietal_Sup_R	Parietal_Inf_L	Parietal_Inf_R	SupraMarginal_L	SupraMarginal_R	Angular_L	Angular_R	Precuneus_L	Precuneus_R	Paracentral_Lobule_L	Paracentral_Lobule_R	Caudate_L	Caudate_R	Putamen_L	Putamen_R	Pallidum_L	Pallidum_R	Thalamus_L	Thalamus_R	Heschl_L	Heschl_R	Temporal_Sup_L	Temporal_Sup_R	Temporal_Pole_Sup_L	Temporal_Pole_Sup_R	Temporal_Mid_L	Temporal_Mid_R	Temporal_Pole_Mid_L	Temporal_Pole_Mid_R	Temporal_Inf_L	Temporal_Inf_R	Cerebelum_Crus1_L	Cerebelum_Crus1_R	Cerebelum_Crus2_L	Cerebelum_Crus2_R	Cerebelum_3_L	Cerebelum_3_R	Cerebelum_4_5_L	Cerebelum_4_5_R	Cerebelum_6_L	Cerebelum_6_R	Cerebelum_7b_L	Cerebelum_7b_R	Cerebelum_8_L	Cerebelum_8_R	Cerebelum_9_L	Cerebelum_9_R	Cerebelum_10_L	Cerebelum_10_R	Vermis_1_2	Vermis_3	Vermis_4_5	Vermis_6	Vermis_7	Vermis_8	Vermis_9	Vermis_10	
622680	Precentral_L	0	3108	33086	4692	144	0	28006	320	0	0	29026	0	9436	0	0	168	7128	0	17112	8748	0	0	832	148	0	0	0	0	11468	142	520	466	8660	3952	4964	790	5416	684	850	466	0	0	1040	138	2250	282	2416	0	2380	256	4542	174	2200	282	3734	670	38938	0	0	0	4892	0	4782	0	2008	0	3922	582	21910	798	1456	1594	4430	128	244	0	11168	2164	3978	0	2696	0	154	0	1488	0	0	0	440	0	0	0	0	0	0	0	1434	0	1438	0	0	0	0	0	0	0	0	0	0	0	0	0	0	0	0	0	
277124	Precentral_R	3108	0	1312	12894	0	0	444	7104	0	0	92	10330	0	512	0	0	0	4026	2228	3776	0	0	0	0	0	0	0	0	118	4222	0	0	646	620	356	918	244	4554	0	306	0	0	0	3488	0	2490	0	914	0	3580	0	3824	0	3168	0	5898	642	17698	0	546	0	546	140	3366	0	742	92	4188	678	2596	908	1128	674	2162	962	128	1960	8976	0	746	0	2372	0	0	0	3342	0	0	0	2798	0	0	0	0	0	0	0	0	0	0	0	0	0	0	0	0	0	0	0	0	0	0	0	0	0	0	
1.21521e+06	Frontal_Sup_L	33086	1312	0	22440	12198	306	82286	1644	4112	0	22236	232	25970	426	4578	1430	9256	90	76636	33618	0	0	53458	9802	3200	112	0	0	47188	1038	16534	8110	13592	12436	284	274	6608	1582	654	1412	100	0	0	122	0	176	106	0	186	138	170	88	0	0	1732	662	9004	0	0	0	198	0	364	0	186	0	358	488	6022	610	11836	7278	25220	4058	4282	874	8760	1314	1720	0	5808	0	3486	0	846	0	0	0	3272	0	0	0	0	0	0	0	0	0	0	0	0	0	0	0	0	0	0	0	0	0	0	0	0	0	0	0	
1.02974e+06	Frontal_Sup_R	4692	12894	22440	0	438	7476	2446	59186	164	874	662	10530	3196	13292	0	7570	250	2968	23492	70352	0	0	16038	43912	0	2194	0	0	3080	13026	7512	28636	3704	21020	378	384	376	4986	96	3788	112	0	0	262	0	870	0	130	0	1032	0	1252	0	868	0	2398	308	230	0	86	0	0	0	120	0	162	0	282	866	1288	19652	36488	1914	21648	1270	4230	6442	15858	0	104	400	1414	112	286	138	1776	0	0	0	822	0	0	0	0	0	0	0	0	0	0	0	0	0	0	0	0	0	0	0	0	0	0	0	0	0	0	
247720	Frontal_Sup_Orb_L	144	0	12198	438	0	136	3568	0	20678	0	1010	0	7186	0	17712	0	254	0	1858	1000	2444	898	5668	120	5766	518	4178	142	17224	0	3136	232	0	156	0	0	474	0	118	0	1032	0	0	0	0	0	0	0	0	0	0	0	0	0	188	0	0	0	0	0	0	0	0	0	0	0	0	0	0	0	1848	1060	10282	272	0	0	0	0	0	0	462	0	1238	0	0	0	0	0	222	0	0	0	0	0	0	0	0	0	0	0	0	0	0	0	0	0	0	0	0	0	0	0	0	0	0	0	
194072	Frontal_Sup_Orb_R	0	0	306	7476	136	0	0	1186	0	9098	0	0	0	438	0	8652	0	0	726	944	1042	4222	1368	5890	0	10356	872	10612	0	2620	1550	7874	0	910	0	0	0	0	0	0	0	740	0	0	0	0	0	0	0	0	0	0	0	0	0	0	0	0	0	0	0	0	0	0	0	0	0	0	0	0	1078	9270	118	9224	0	104	0	0	0	0	0	0	0	224	0	0	0	0	0	0	0	0	0	0	0	0	0	0	0	0	0	0	0	0	0	0	0	0	0	0	0	0	0	0	0	0	
576632	Frontal_Mid_L	28006	444	82286	2446	3568	0	0	318	3706	0	21664	0	44632	96	4298	608	1292	0	13008	6054	0	0	15134	2424	542	0	0	0	17940	352	3326	856	3006	1714	308	0	2788	296	698	262	0	0	0	0	0	0	262	0	0	0	140	0	0	0	122	184	6388	0	0	0	406	0	996	0	162	0	246	0	290	0	2246	1372	4834	234	112	0	5472	374	790	0	696	0	608	0	114	0	0	0	196	0	0	0	0	0	0	0	0	0	0	0	0	0	0	0	0	0	0	0	0	0	0	0	0	0	0	0	
375556	Frontal_Mid_R	320	7104	1644	59186	0	1186	318	0	0	1342	100	11120	288	23190	0	4306	0	3340	2428	6278	0	0	2244	12792	0	0	0	0	348	8776	324	2484	340	3524	0	0	272	2372	134	1132	0	0	0	100	0	0	0	0	0	0	0	0	0	0	0	720	200	1016	0	0	0	0	0	166	0	0	0	98	0	0	3354	7216	574	8212	410	968	2070	5224	0	238	0	226	0	0	0	94	0	0	0	0	0	0	0	0	0	0	0	0	0	0	0	0	0	0	0	0	0	0	0	0	0	0	0	0	0	0	
154244	Frontal_Mid_Orb_L	0	0	4112	164	20678	0	3706	0	0	0	504	0	5922	0	18608	0	120	0	590	422	544	164	436	0	444	0	1796	0	9582	0	0	0	0	0	0	0	348	0	0	0	460	0	0	0	0	0	0	0	0	0	0	0	0	0	134	0	0	0	0	0	0	0	0	0	0	0	0	0	0	0	462	320	6212	0	0	0	0	0	0	0	182	0	1070	0	0	0	0	0	142	0	0	0	0	0	0	0	0	0	0	0	0	0	0	0	0	0	0	0	0	0	0	0	0	0	0	0	
57596	Frontal_Mid_Orb_R	0	0	0	874	0	9098	0	1342	0	0	0	0	0	468	0	9316	0	0	0	0	156	388	0	0	0	650	146	1042	0	1612	0	0	0	0	0	0	0	0	0	0	0	330	0	0	0	0	0	0	0	0	0	0	0	0	0	0	0	0	0	0	0	0	0	0	0	0	0	0	0	0	154	836	0	2386	0	0	0	0	0	0	0	0	0	0	0	0	0	0	0	0	0	0	0	0	0	0	0	0	0	0	0	0	0	0	0	0	0	0	0	0	0	0	0	0	0	0	
436608	Frontal_Inf_Oper_L	29026	92	22236	662	1010	0	21664	100	504	0	0	0	32094	0	466	150	13266	0	5476	1026	0	0	2156	298	92	0	0	0	28790	112	1822	292	754	116	0	0	3862	90	372	84	0	0	0	0	0	0	176	0	124	0	706	0	230	0	590	0	17462	0	0	0	1416	0	2838	0	986	0	512	0	0	0	776	704	3832	0	496	0	1216	156	4370	0	7214	0	5680	0	1314	0	0	0	646	0	0	0	0	0	0	0	124	0	124	0	0	0	0	0	0	0	0	0	0	0	0	0	0	0	0	0	
197616	Frontal_Inf_Oper_R	0	10330	232	10530	0	0	0	11120	0	0	0	0	0	6974	0	196	0	8516	642	1772	0	0	0	348	0	0	0	0	0	17490	0	168	0	410	0	0	112	3220	0	1018	0	0	0	266	0	0	0	0	0	0	0	112	0	450	0	1834	0	2206	0	0	0	0	0	362	0	0	0	284	0	0	214	2328	84	7686	0	740	0	4456	0	486	0	1306	0	430	0	1134	0	0	0	1352	0	0	0	0	0	0	0	0	0	0	0	0	0	0	0	0	0	0	0	0	0	0	0	0	0	0	
456548	Frontal_Inf_Tri_L	9436	0	25970	3196	7186	0	44632	288	5922	0	32094	0	0	0	12888	596	2390	0	5148	3596	0	0	5150	540	1196	0	0	0	32728	646	2984	538	722	242	0	0	776	528	140	502	0	0	0	0	0	0	0	0	0	0	168	0	0	0	152	158	4138	0	0	0	166	0	594	0	226	0	108	0	0	0	6032	3314	1996	1842	162	426	444	156	630	0	1700	0	5332	0	262	0	0	0	234	0	0	0	0	0	0	0	0	0	0	0	0	0	0	0	0	0	0	0	0	0	0	0	0	0	0	0	
168564	Frontal_Inf_Tri_R	0	512	426	13292	0	438	96	23190	0	468	0	6974	0	0	0	3546	0	836	1278	3558	0	0	984	3636	0	0	0	0	0	10112	336	1916	104	1690	0	0	0	1196	0	1112	0	0	0	0	0	0	0	0	0	0	0	0	0	0	0	362	0	92	0	0	0	0	0	0	0	0	0	0	0	0	184	2660	0	4108	0	608	0	568	0	0	0	0	0	0	0	0	0	0	0	0	0	0	0	0	0	0	0	0	0	0	0	0	0	0	0	0	0	0	0	0	0	0	0	0	0	0	
201248	Frontal_Inf_Orb_L	0	0	4578	0	17712	0	4298	0	18608	0	466	0	12888	0	0	0	114	0	504	90	2176	214	1048	0	706	0	918	0	18112	0	514	0	112	0	0	0	486	0	114	0	826	0	0	0	0	0	0	0	0	0	0	0	0	0	194	0	0	0	0	0	0	0	0	0	0	0	0	0	0	0	1090	198	9258	0	0	0	0	0	0	0	248	0	4562	0	132	0	124	0	334	0	0	0	0	0	0	0	0	0	0	0	0	0	0	0	0	0	0	0	0	0	0	0	0	0	0	0	
189068	Frontal_Inf_Orb_R	168	0	1430	7570	0	8652	608	4306	0	9316	150	196	596	3546	0	0	0	0	1580	3366	340	2726	1886	2992	0	214	304	2122	314	15968	198	482	246	2758	0	0	0	498	0	710	0	1100	0	0	0	0	0	0	0	0	0	0	0	0	0	256	0	0	0	0	0	0	0	0	0	0	0	0	0	0	2930	7006	198	7720	0	696	0	252	0	0	0	0	0	1134	0	0	0	0	0	0	0	0	0	0	0	0	0	0	0	0	0	0	0	0	0	0	0	0	0	0	0	0	0	0	0	0	
224364	Rolandic_Oper_L	7128	0	9256	250	254	0	1292	0	120	0	13266	0	2390	0	114	0	0	0	1128	266	0	0	150	0	0	0	0	0	20162	0	0	0	222	0	90	0	1296	0	0	0	0	0	0	0	0	0	234	0	126	0	484	0	1014	0	3302	0	10674	0	0	0	448	0	4356	0	476	0	262	0	86	0	194	132	900	0	86	0	116	0	7548	0	16004	0	2970	0	3296	0	0	0	1634	0	0	0	0	0	0	0	228	0	228	0	0	0	0	0	0	0	0	0	0	0	0	0	0	0	0	0	
142612	Rolandic_Oper_R	0	4026	90	2968	0	0	0	3340	0	0	0	8516	0	836	0	0	0	0	276	312	0	0	0	0	0	0	0	0	0	15738	0	0	0	0	0	0	0	2004	0	562	0	0	0	0	0	0	0	0	0	0	0	0	0	0	0	354	0	7038	0	0	0	0	0	5760	0	0	0	0	0	398	0	210	0	4186	0	0	0	1134	0	3768	0	6982	0	1094	0	1586	0	0	0	128	0	0	0	0	0	0	0	0	0	0	0	0	0	0	0	0	0	0	0	0	0	0	0	0	0	0	
738728	Supp_Motor_Area_L	17112	2228	76636	23492	1858	726	13008	2428	590	0	5476	642	5148	1278	504	1580	1128	276	0	50362	0	0	17256	4836	150	0	0	0	17226	870	5374	8030	14542	24052	1356	528	3236	598	282	546	0	0	0	232	482	278	0	86	344	266	230	196	0	0	1270	280	2392	378	0	0	0	0	126	166	0	0	880	718	9458	1206	7836	5390	13852	2228	4324	314	6190	1508	432	0	1470	0	1244	0	276	0	0	0	1958	0	0	0	0	0	0	0	0	0	0	0	0	0	0	0	0	0	0	0	0	0	0	0	0	0	0	0	
844196	Supp_Motor_Area_R	8748	3776	33618	70352	1000	944	6054	6278	422	0	1026	1772	3596	3558	90	3366	266	312	50362	0	0	0	10280	11572	0	0	0	0	4306	4052	4330	13334	11272	41504	1110	4566	196	5102	0	4628	0	116	0	1378	0	1932	0	562	124	2102	0	1488	0	606	0	2572	626	1682	0	282	0	320	0	336	0	276	606	3872	7354	9284	14192	27180	2196	15036	606	5144	810	8242	0	0	392	142	122	0	134	332	0	0	0	162	0	0	0	0	0	0	0	0	0	98	0	0	0	0	0	0	0	0	0	0	0	0	0	0	0	0	
110856	Olfactory_L	0	0	0	0	2444	1042	0	0	544	156	0	0	0	0	2176	340	0	0	0	0	0	9534	0	0	498	168	6174	1478	2236	232	2194	1334	0	0	0	0	0	0	424	0	1652	336	0	0	0	0	0	0	0	0	0	0	0	0	0	0	0	0	0	0	0	0	0	0	0	0	0	0	0	0	11358	6302	3666	624	128	92	0	0	0	0	0	0	296	0	0	0	0	0	0	0	0	0	0	0	0	0	0	0	0	0	0	0	0	0	0	0	0	0	0	0	0	0	0	0	0	0	
132868	Olfactory_R	0	0	0	0	898	4222	0	0	164	388	0	0	0	0	214	2726	0	0	0	0	9534	0	0	128	90	3136	4986	6206	162	2710	2022	3246	0	0	0	0	0	176	0	452	494	1042	0	0	0	0	0	0	0	0	0	0	0	0	0	0	0	0	0	0	0	0	0	0	0	0	0	0	0	0	9696	8798	3134	1382	0	130	0	0	0	0	0	0	0	298	0	0	0	0	0	0	0	0	0	0	0	0	0	0	0	0	0	0	0	0	0	0	0	0	0	0	0	0	0	0	0	0	
538328	Frontal_Sup_Medial_L	832	0	53458	16038	5668	1368	15134	2244	436	0	2156	0	5150	984	1048	1886	150	0	17256	10280	0	0	0	32652	4220	2148	0	0	6788	416	28024	20720	11418	21888	0	0	168	0	0	0	0	0	0	0	0	0	0	0	0	0	0	0	0	0	0	0	326	0	0	0	0	0	86	0	0	0	0	0	0	0	1320	1032	3054	238	0	0	128	0	0	0	118	0	332	0	0	0	0	0	0	0	0	0	0	0	0	0	0	0	0	0	0	0	0	0	0	0	0	0	0	0	0	0	0	0	0	0	
412304	Frontal_Sup_Medial_R	148	0	9802	43912	120	5890	2424	12792	0	0	298	348	540	3636	0	2992	0	0	4836	11572	0	128	32652	0	136	5842	0	296	364	838	10074	24272	2200	20124	0	0	0	94	0	0	0	0	0	0	0	0	0	0	0	0	0	0	0	0	0	0	0	0	0	0	0	0	0	0	0	0	0	0	0	0	682	5106	232	2894	0	644	0	264	0	0	0	0	0	0	0	0	0	0	0	0	0	0	0	0	0	0	0	0	0	0	0	0	0	0	0	0	0	0	0	0	0	0	0	0	0	0	
53296	Frontal_Med_Orb_L	0	0	3200	0	5766	0	542	0	444	0	92	0	1196	0	706	0	0	0	150	0	498	90	4220	136	0	1472	1404	96	1290	0	3266	0	0	0	0	0	0	0	0	0	0	0	0	0	0	0	0	0	0	0	0	0	0	0	0	0	0	0	0	0	0	0	0	0	0	0	0	0	0	0	726	0	1248	0	0	0	0	0	0	0	0	0	106	0	0	0	0	0	0	0	0	0	0	0	0	0	0	0	0	0	0	0	0	0	0	0	0	0	0	0	0	0	0	0	0	0	
103740	Frontal_Med_Orb_R	0	0	112	2194	518	10356	0	0	0	650	0	0	0	0	0	214	0	0	0	0	168	3136	2148	5842	1472	0	148	6766	0	160	2708	6400	0	0	0	0	0	0	0	0	0	0	0	0	0	0	0	0	0	0	0	0	0	0	0	0	0	0	0	0	0	0	0	0	0	0	0	0	0	0	88	4990	0	3698	0	102	0	0	0	0	0	0	0	0	0	0	0	0	0	0	0	0	0	0	0	0	0	0	0	0	0	0	0	0	0	0	0	0	0	0	0	0	0	0	0	0	
71776	Rectus_L	0	0	0	0	4178	872	0	0	1796	146	0	0	0	0	918	304	0	0	0	0	6174	4986	0	0	1404	148	0	1372	172	192	1358	548	0	0	0	0	0	0	0	0	536	280	0	0	0	0	0	0	0	0	0	0	0	0	0	0	0	0	0	0	0	0	0	0	0	0	0	0	0	0	6006	3240	668	590	0	0	0	0	0	0	0	0	0	0	0	0	0	0	0	0	0	0	0	0	0	0	0	0	0	0	0	0	0	0	0	0	0	0	0	0	0	0	0	0	0	0	
87732	Rectus_R	0	0	0	0	142	10612	0	0	0	1042	0	0	0	0	0	2122	0	0	0	0	1478	6206	0	296	96	6766	1372	0	0	1516	486	2700	0	0	0	0	0	0	0	0	0	490	0	0	0	0	0	0	0	0	0	0	0	0	0	0	0	0	0	0	0	0	0	0	0	0	0	0	0	0	1382	4180	110	2546	0	0	0	0	0	0	0	0	0	324	0	0	0	0	0	0	0	0	0	0	0	0	0	0	0	0	0	0	0	0	0	0	0	0	0	0	0	0	0	0	0	0	
756308	Insula_L	11468	118	47188	3080	17224	0	17940	348	9582	0	28790	0	32728	0	18112	314	20162	0	17226	4306	2236	162	6788	364	1290	0	172	0	0	600	2514	322	488	474	132	112	16446	560	1284	490	3226	0	0	0	0	0	380	0	0	0	280	0	1252	0	10172	268	7562	0	0	0	194	0	1052	0	148	0	122	0	0	0	4800	3102	23220	1534	398	236	1016	338	11140	0	16586	0	11934	0	4246	0	314	0	10656	0	0	0	0	0	0	0	520	0	438	0	0	0	0	0	0	0	0	0	0	0	0	0	0	0	0	0	
431864	Insula_R	142	4222	1038	13026	0	2620	352	8776	0	1612	112	17490	646	10112	0	15968	0	15738	870	4052	232	2710	416	838	0	160	192	1516	600	0	110	308	0	606	0	0	242	15724	0	9554	0	3982	0	0	0	0	0	0	0	0	0	0	0	366	160	10568	0	1716	0	0	0	0	0	412	0	0	0	0	0	0	2978	9350	400	27190	0	1636	126	4084	0	3190	0	7098	0	3734	0	3132	0	144	248	3798	0	338	0	0	0	0	0	570	0	728	0	0	0	0	0	0	0	0	0	0	0	0	0	0	0	0	
299892	Cingulum_Ant_L	520	0	16534	7512	3136	1550	3326	324	0	0	1822	0	2984	336	514	198	0	0	5374	4330	2194	2022	28024	10074	3266	2708	1358	486	2514	110	0	20638	8568	8012	118	0	0	0	0	0	92	0	0	0	0	0	0	0	0	0	0	0	0	0	0	0	170	0	0	0	0	0	0	0	0	0	0	0	0	0	3780	2148	4698	222	0	0	176	0	0	0	0	0	108	0	0	0	0	0	0	0	0	0	0	0	0	0	0	0	0	0	0	0	0	0	0	0	0	0	0	0	0	0	0	0	0	0	
398740	Cingulum_Ant_R	466	0	8110	28636	232	7874	856	2484	0	0	292	168	538	1916	0	482	0	0	8030	13334	1334	3246	20720	24272	0	6400	548	2700	322	308	20638	0	5116	23224	0	0	0	0	0	0	0	0	0	0	0	0	0	0	0	0	0	0	0	0	0	0	0	0	0	0	0	0	0	0	0	0	0	0	464	0	2400	9116	368	4036	0	740	0	0	0	0	0	0	0	0	0	0	0	0	0	0	0	0	0	0	0	0	0	0	0	0	0	0	0	0	0	0	0	0	0	0	0	0	0	0	0	0	
327508	Cingulum_Mid_L	8660	646	13592	3704	0	0	3006	340	0	0	754	0	722	104	112	246	222	0	14542	11272	0	0	11418	2200	0	0	0	0	488	0	8568	5116	0	17022	3048	1062	0	0	0	0	0	0	290	188	1912	170	104	0	5554	110	6964	0	118	152	96	224	2706	0	0	0	3664	0	1360	0	4444	0	12712	816	9636	204	250	540	0	0	0	0	1076	268	0	0	1630	0	0	0	1468	0	0	0	254	0	0	0	0	0	0	0	0	0	0	0	0	0	0	0	0	0	0	0	0	0	0	0	0	0	0	0	
487368	Cingulum_Mid_R	3952	620	12436	21020	156	910	1714	3524	0	0	116	410	242	1690	0	2758	0	0	24052	41504	0	0	21888	20124	0	0	0	0	474	606	8012	23224	17022	0	1006	4748	0	360	0	300	0	0	0	2054	0	1768	0	766	198	1222	0	590	0	542	0	1266	170	614	0	214	0	226	0	0	0	204	1138	6576	4346	4876	432	1832	0	858	0	384	244	92	0	0	0	0	0	0	0	204	0	0	0	0	0	0	0	0	0	0	0	0	0	0	0	0	0	0	0	0	0	0	0	0	0	0	0	0	0	0	
114320	Cingulum_Post_L	4964	356	284	378	0	0	308	0	0	0	0	0	0	0	0	0	90	0	1356	1110	0	0	0	0	0	0	0	0	132	0	118	0	3048	1006	0	6472	3620	1730	3226	936	0	0	2200	0	1304	178	1742	124	382	0	442	0	1440	546	2548	1322	194	0	0	0	0	0	0	0	0	0	7806	1146	3684	162	0	0	0	0	0	0	144	766	0	0	0	0	0	0	0	0	0	0	214	0	0	0	0	0	0	0	832	0	850	0	0	0	0	0	0	0	0	0	0	0	0	0	0	0	0	0	
143688	Cingulum_Post_R	790	918	274	384	0	0	0	0	0	0	0	0	0	0	0	0	0	0	528	4566	0	0	0	0	0	0	0	0	112	0	0	0	1062	4748	6472	0	1882	3702	1314	1692	0	0	0	2646	0	2824	160	3454	0	2882	0	1378	0	3612	408	5240	106	596	0	182	0	0	0	0	0	196	1446	12754	1006	2884	0	0	0	0	0	0	0	652	126	0	0	0	0	0	0	424	0	0	0	270	0	0	0	0	0	0	0	0	0	0	0	0	0	0	0	0	0	0	0	0	154	0	0	0	0	0	
302812	Hippocampus_L	5416	244	6608	376	474	0	2788	272	348	0	3862	112	776	0	486	0	1296	0	3236	196	0	0	168	0	0	0	0	0	16446	242	0	0	0	0	3620	1882	0	2334	18268	1968	6258	0	2252	0	322	0	3592	324	0	0	592	0	602	0	15702	1484	2740	0	0	0	0	0	132	0	0	0	3298	142	196	0	914	562	10380	498	160	0	4522	2070	4774	0	2392	0	2340	0	658	0	380	0	9602	0	214	0	246	0	0	0	1162	0	916	0	186	0	264	0	0	0	0	0	0	112	0	0	0	0	0	0	
408560	Hippocampus_R	684	4554	1582	4986	0	0	296	2372	0	0	90	3220	528	1196	0	498	0	2004	598	5102	0	176	0	94	0	0	0	0	560	15724	0	0	0	360	1730	3702	2334	0	1492	39318	0	8438	0	940	0	180	238	3804	0	0	0	0	0	3740	406	33284	98	984	0	0	0	0	0	212	0	0	428	3908	0	0	1872	3726	542	18658	190	3272	1178	8908	152	982	0	2446	0	1428	0	1196	0	678	188	4712	0	832	0	0	0	124	0	1606	0	1606	0	0	0	0	0	0	0	0	0	0	124	0	0	0	0	0	
139820	ParaHippocampal_L	850	0	654	96	118	0	698	134	0	0	372	0	140	0	114	0	0	0	282	0	424	0	0	0	0	0	0	0	1284	0	0	0	0	0	3226	1314	18268	1492	0	1252	2452	0	2710	0	386	0	5052	318	0	0	806	0	708	0	9850	980	264	0	0	0	0	0	0	0	0	0	3634	132	194	0	0	0	1618	0	0	0	1228	1154	0	0	92	0	358	0	104	0	180	0	1110	0	544	0	378	86	106	92	1928	0	1714	0	284	0	396	0	0	0	0	0	0	244	0	0	90	0	0	0	
352796	ParaHippocampal_R	466	306	1412	3788	0	0	262	1132	0	0	84	1018	502	1112	0	710	0	562	546	4628	0	452	0	0	0	0	0	0	490	9554	0	0	0	300	936	1692	1968	39318	1252	0	0	6620	0	2466	0	0	190	4808	0	94	0	226	0	1490	306	30826	96	152	0	0	0	0	0	0	0	0	242	3860	0	0	1742	3264	484	15828	182	3024	1152	4810	148	560	0	1410	0	3262	0	850	0	2268	144	2620	0	2186	0	0	0	492	0	3974	0	3994	0	0	0	0	0	0	0	0	0	0	138	0	0	0	0	0	
50020	Amygdala_L	0	0	100	112	1032	0	0	0	460	0	0	0	0	0	826	0	0	0	0	0	1652	494	0	0	0	0	536	0	3226	0	92	0	0	0	0	0	6258	0	2452	0	0	0	0	0	0	0	0	0	0	0	0	0	0	0	2896	0	0	0	0	0	0	0	0	0	0	0	0	0	0	0	880	416	1436	0	0	0	214	0	0	0	0	0	846	0	0	0	116	0	866	0	0	0	0	0	0	0	100	0	0	0	0	0	0	0	0	0	0	0	0	0	0	0	0	0	0	0	
70844	Amygdala_R	0	0	0	0	0	740	0	0	0	330	0	0	0	0	0	1100	0	0	0	116	336	1042	0	0	0	0	280	490	0	3982	0	0	0	0	0	0	0	8438	0	6620	0	0	0	0	0	0	0	0	0	0	0	0	0	0	0	3694	0	0	0	0	0	0	0	0	0	0	0	0	0	0	384	1130	116	2832	0	0	0	166	0	0	0	0	0	2180	0	94	0	1166	0	186	0	0	0	0	0	0	0	0	0	0	0	0	0	0	0	0	0	0	0	0	0	0	0	0	0	0	
219540	Calcarine_L	1040	0	0	0	0	0	0	0	0	0	0	0	0	0	0	0	0	0	0	0	0	0	0	0	0	0	0	0	0	0	0	0	290	0	2200	0	2252	0	2710	0	0	0	0	6596	14184	3640	15044	2872	7824	2304	19074	276	3822	0	4812	164	272	0	0	190	290	0	0	0	296	0	13818	570	1822	0	0	0	0	0	0	0	0	0	0	0	0	0	0	0	1544	0	0	0	102	0	328	0	188	0	0	0	226	0	596	86	0	0	0	0	0	0	0	0	0	0	232	106	0	0	0	0	
411116	Calcarine_R	138	3488	122	262	0	0	0	100	0	0	0	266	0	0	0	0	0	0	232	1378	0	0	0	0	0	0	0	0	0	0	0	0	188	2054	0	2646	0	940	0	2466	0	0	6596	0	2236	27084	1048	31460	228	25290	142	11694	0	10322	0	19138	0	2498	0	2484	0	1044	0	650	0	952	260	33388	296	1764	0	0	0	0	0	0	0	0	0	0	0	114	0	0	0	6104	0	0	0	5270	0	0	0	0	0	0	188	0	102	256	0	0	0	0	0	0	0	0	0	0	426	244	0	0	0	0	
165140	Cuneus_L	2250	0	0	0	0	0	0	0	0	0	0	0	0	0	0	0	0	0	482	0	0	0	0	0	0	0	0	0	0	0	0	0	1912	0	1304	0	322	0	386	0	0	0	14184	2236	0	4288	4452	378	15414	1078	11036	138	850	0	1176	152	424	0	1302	90	610	0	0	0	638	0	12588	1012	3006	0	0	0	0	0	0	0	0	0	0	0	0	0	0	0	652	0	0	0	0	0	0	0	0	0	0	0	102	0	108	0	0	0	0	0	0	0	0	0	0	0	0	0	0	0	0	0	
296660	Cuneus_R	282	2490	176	870	0	0	0	0	0	0	0	0	0	0	0	0	0	0	278	1932	0	0	0	0	0	0	0	0	0	0	0	0	170	1768	178	2824	0	180	0	0	0	0	3640	27084	4288	0	232	9464	438	36038	0	10212	0	1212	0	3512	0	1486	0	5296	0	1064	0	860	0	1652	1366	21980	204	3998	0	304	0	0	0	0	0	322	0	0	0	230	0	0	0	1310	0	0	0	810	0	0	0	0	0	0	0	0	0	0	0	0	0	0	0	0	0	0	0	0	180	0	0	0	0	0	
360088	Lingual_L	2416	0	106	0	0	0	262	0	0	0	176	0	0	0	0	0	234	0	0	0	0	0	0	0	0	0	0	0	380	0	0	0	104	0	1742	160	3592	238	5052	190	0	0	15044	1048	4452	232	0	5118	2072	250	14516	122	10000	382	22338	876	474	0	0	0	134	0	0	0	134	0	8586	114	828	0	0	0	0	0	0	0	1042	182	104	0	0	0	0	0	654	0	0	0	128	0	12604	1770	1942	982	0	0	19854	1680	22698	2188	150	0	256	228	90	130	0	0	0	116	6384	3394	1468	248	178	202	
390832	Lingual_R	0	914	0	130	0	0	0	0	0	0	0	0	0	0	0	0	0	0	86	562	0	0	0	0	0	0	0	0	0	0	0	0	0	766	124	3454	324	3804	318	4808	0	0	2872	31460	378	9464	5118	0	0	12842	426	7318	276	5628	1210	20542	0	486	0	654	0	142	0	84	0	324	100	16484	130	654	0	0	0	138	0	116	0	578	0	0	0	0	0	0	0	1260	0	0	0	1174	2984	7058	722	270	0	0	5690	10188	6056	13018	0	0	0	0	0	0	0	0	0	0	8114	5534	634	0	0	0	
183464	Occipital_Sup_L	2380	0	186	0	0	0	0	0	0	0	124	0	0	0	0	0	126	0	344	124	0	0	0	0	0	0	0	0	0	0	0	0	5554	198	382	0	0	0	0	0	0	0	7824	228	15414	438	2072	0	0	0	23546	0	696	0	624	0	2114	0	6318	0	2398	0	316	0	2196	0	11134	248	2756	0	0	0	0	0	0	0	0	0	0	0	862	0	0	0	2718	0	0	0	412	0	0	0	0	0	0	0	0	0	0	0	0	0	0	0	0	0	0	0	0	0	0	0	0	0	0	0	
341320	Occipital_Sup_R	256	3580	138	1032	0	0	0	0	0	0	0	0	0	0	0	0	0	0	266	2102	0	0	0	0	0	0	0	0	0	0	0	0	110	1222	0	2882	0	0	0	94	0	0	2304	25290	1078	36038	250	12842	0	0	0	25948	0	2228	0	4280	0	2200	0	9096	0	2532	0	1244	0	7426	0	16620	188	4646	0	332	0	0	0	0	0	360	0	0	0	286	0	0	0	1934	0	0	0	1134	0	0	0	0	0	0	132	0	0	178	0	0	0	0	0	0	0	0	0	0	262	150	0	0	0	0	
404528	Occipital_Mid_L	4542	0	170	0	0	0	140	0	0	0	706	0	168	0	0	0	484	0	230	0	0	0	0	0	0	0	0	0	280	0	0	0	6964	0	442	0	592	0	806	0	0	0	19074	142	11036	0	14516	426	23546	0	0	0	18320	0	9564	0	1860	0	3938	0	15318	0	3428	0	21580	0	16606	0	2490	0	0	0	0	0	0	0	0	0	0	0	2468	0	0	0	18198	0	0	0	772	0	352	172	274	162	0	0	0	0	1430	142	0	0	0	0	0	0	0	0	0	0	0	672	254	0	0	0	
276572	Occipital_Mid_R	174	3824	88	1252	0	0	0	0	0	0	0	112	0	0	0	0	0	0	196	1488	0	0	0	0	0	0	0	0	0	0	0	0	0	590	0	1378	0	0	0	226	0	0	276	11694	138	10212	122	7318	0	25948	0	0	0	6710	0	5982	0	1186	0	4364	0	8458	0	1164	0	16936	0	6790	118	2310	0	308	0	0	0	0	0	328	0	0	0	850	0	0	0	12760	0	0	0	4632	0	0	0	0	0	0	0	0	0	116	0	0	0	0	0	0	0	0	0	0	144	94	0	0	0	0	
163144	Occipital_Inf_L	2200	0	0	0	0	0	0	0	0	0	230	0	0	0	0	0	1014	0	0	0	0	0	0	0	0	0	0	0	1252	0	0	0	118	0	1440	0	602	0	708	0	0	0	3822	0	850	0	10000	276	696	0	18320	0	0	0	16116	0	542	0	0	0	280	0	290	0	226	0	2646	0	298	0	0	0	0	0	0	0	0	0	668	0	420	0	0	0	5486	0	0	0	4202	0	364	102	154	108	0	0	3338	0	4290	0	0	0	0	0	0	0	0	0	0	0	94	282	138	0	0	0	
203132	Occipital_Inf_R	282	3168	0	868	0	0	0	0	0	0	0	450	0	0	0	0	0	0	0	606	0	0	0	0	0	0	0	0	0	366	0	0	152	542	546	3612	0	3740	0	1490	0	0	0	10322	0	1212	382	5628	0	2228	0	6710	0	0	158	23432	0	1016	0	114	0	158	0	198	0	236	154	9418	108	430	0	0	0	0	0	0	0	176	0	92	0	242	0	0	0	5246	0	0	0	8612	556	272	134	0	0	0	484	1168	864	3048	0	0	0	0	0	0	0	0	0	0	1110	1520	316	0	0	0	
482176	Fusiform_L	3734	0	1732	0	188	0	122	0	134	0	590	0	152	0	194	0	3302	0	1270	0	0	0	0	0	0	0	0	0	10172	160	0	0	96	0	2548	408	15702	406	9850	306	2896	0	4812	0	1176	0	22338	1210	624	0	9564	0	16116	158	0	464	1026	0	0	0	0	0	182	0	0	0	5178	0	144	0	0	344	1954	310	0	0	288	288	3246	0	5034	0	2040	0	3924	0	1840	0	19240	0	22518	658	2256	868	250	0	18032	716	32136	682	750	0	1068	648	212	110	0	0	150	194	2122	1106	818	158	174	0	
636504	Fusiform_R	670	5898	662	2398	0	0	184	720	0	0	0	1834	158	362	0	256	0	354	280	2572	0	0	0	0	0	0	0	0	268	10568	0	0	224	1266	1322	5240	1484	33284	980	30826	0	3694	164	19138	152	3512	876	20542	0	4280	0	5982	0	23432	464	0	0	1736	0	494	0	396	0	472	0	610	318	18424	198	708	616	1446	236	7226	90	572	998	3438	110	1014	0	2956	0	4626	0	5870	0	3450	0	17912	1194	14632	300	216	0	662	1410	11376	1820	22238	0	0	0	104	0	0	0	0	0	0	2896	3046	396	0	0	0	
352448	Postcentral_L	38938	642	9004	308	0	0	6388	200	0	0	17462	0	4138	0	0	0	10674	0	2392	626	0	0	326	0	0	0	0	0	7562	0	170	0	2706	170	194	106	2740	98	264	96	0	0	272	0	424	0	474	0	2114	0	1860	0	542	0	1026	0	0	0	3654	0	17668	0	12994	0	3092	0	3060	0	3736	0	278	1618	2152	0	206	0	1786	1616	3680	0	6556	0	136	0	968	0	0	0	516	0	0	0	0	0	0	0	296	0	296	0	0	0	0	0	0	0	0	0	0	0	0	0	0	0	0	0	
188344	Postcentral_R	0	17698	0	230	0	0	0	1016	0	0	0	2206	0	92	0	0	0	7038	378	1682	0	0	0	0	0	0	0	0	0	1716	0	0	0	614	0	596	0	984	0	152	0	0	0	2498	0	1486	0	486	0	2200	0	1186	0	1016	0	1736	0	0	0	4388	0	4616	0	14352	0	2842	0	4226	170	11544	0	0	138	424	156	0	0	440	0	694	0	2572	0	0	0	1522	0	0	0	1078	0	0	0	0	0	0	0	0	0	0	0	0	0	0	0	0	0	0	0	0	0	0	0	0	0	0	
57120	Parietal_Sup_L	0	0	0	0	0	0	0	0	0	0	0	0	0	0	0	0	0	0	0	0	0	0	0	0	0	0	0	0	0	0	0	0	0	0	0	0	0	0	0	0	0	0	0	0	1302	0	0	0	6318	0	3938	0	0	0	0	0	3654	0	0	0	5492	0	0	0	396	0	7316	0	144	0	0	0	0	0	0	0	0	0	0	0	0	0	0	0	0	0	0	0	0	0	0	0	0	0	0	0	0	0	0	0	0	0	0	0	0	0	0	0	0	0	0	0	0	0	0	0	
110792	Parietal_Sup_R	0	546	0	86	0	0	0	0	0	0	0	0	0	0	0	0	0	0	0	282	0	0	0	0	0	0	0	0	0	0	0	0	0	214	0	182	0	0	0	0	0	0	190	2484	90	5296	0	654	0	9096	0	4364	0	114	0	494	0	4388	0	0	0	9276	0	268	0	9208	274	5614	0	1972	0	0	0	0	0	0	0	0	0	0	0	0	0	0	0	182	0	0	0	122	0	0	0	0	0	0	0	0	0	0	0	0	0	0	0	0	0	0	0	0	0	0	0	0	0	0	
223992	Parietal_Inf_L	4892	0	198	0	0	0	406	0	0	0	1416	0	166	0	0	0	448	0	0	0	0	0	0	0	0	0	0	0	194	0	0	0	3664	0	0	0	0	0	0	0	0	0	290	0	610	0	134	0	2398	0	15318	0	280	0	0	0	17668	0	5492	0	0	0	16200	0	24140	0	5110	0	602	0	100	156	0	0	0	0	362	156	0	0	3124	0	0	0	8058	0	0	0	414	0	0	0	0	0	0	0	0	0	0	0	0	0	0	0	0	0	0	0	0	0	0	0	0	0	0	0	
117212	Parietal_Inf_R	0	546	0	0	0	0	0	0	0	0	0	0	0	0	0	0	0	0	0	320	0	0	0	0	0	0	0	0	0	0	0	0	0	226	0	0	0	0	0	0	0	0	0	1044	0	1064	0	142	0	2532	0	8458	0	158	0	396	0	4616	0	9276	0	0	0	4984	0	19172	0	1788	0	2300	0	0	0	0	0	0	0	0	0	0	0	0	0	0	0	912	0	0	0	672	0	0	0	0	0	0	0	0	0	0	0	0	0	0	0	0	0	0	0	0	0	0	0	0	0	0	
160820	SupraMarginal_L	4782	140	364	0	0	0	996	0	0	0	2838	0	594	0	0	0	4356	0	126	0	0	0	86	0	0	0	0	0	1052	0	0	0	1360	0	0	0	132	0	0	0	0	0	0	0	0	0	0	0	316	0	3428	0	290	0	182	0	12994	0	0	0	16200	0	0	0	9482	0	1620	0	0	0	0	122	0	0	0	0	0	118	370	0	10234	0	0	0	7684	0	0	0	544	0	0	0	0	0	0	0	0	0	0	0	0	0	0	0	0	0	0	0	0	0	0	0	0	0	0	0	
120908	SupraMarginal_R	0	3366	0	120	0	0	0	166	0	0	0	362	0	0	0	0	0	5760	166	336	0	0	0	0	0	0	0	0	0	412	0	0	0	0	0	0	0	212	0	0	0	0	0	650	0	860	0	84	0	1244	0	1164	0	198	0	472	0	14352	0	268	0	4984	0	0	0	7518	0	1128	0	2456	0	0	0	168	0	0	0	160	0	882	0	7122	0	0	0	3834	0	0	0	2010	0	0	0	0	0	0	0	0	0	0	0	0	0	0	0	0	0	0	0	0	0	0	0	0	0	0	
179988	Angular_L	2008	0	186	0	0	0	162	0	0	0	986	0	226	0	0	0	476	0	0	0	0	0	0	0	0	0	0	0	148	0	0	0	4444	0	0	0	0	0	0	0	0	0	296	0	638	0	134	0	2196	0	21580	0	226	0	0	0	3092	0	396	0	24140	0	9482	0	0	0	5406	0	276	0	0	0	0	0	0	0	0	0	0	0	3116	0	0	0	9934	0	0	0	446	0	0	0	0	0	0	0	0	0	0	0	0	0	0	0	0	0	0	0	0	0	0	0	0	0	0	0	
169544	Angular_R	0	742	0	162	0	0	0	0	0	0	0	0	0	0	0	0	0	0	0	276	0	0	0	0	0	0	0	0	0	0	0	0	0	204	0	196	0	0	0	0	0	0	0	952	0	1652	0	324	0	7426	0	16936	0	236	0	610	0	2842	0	9208	0	19172	0	7518	0	0	0	1818	0	1618	0	0	0	0	0	0	0	0	0	0	0	2672	0	0	0	7406	0	0	0	2802	0	0	0	0	0	0	0	0	0	0	0	0	0	0	0	0	0	0	0	0	0	0	0	0	0	0	
297404	Precuneus_L	3922	92	358	0	0	0	246	0	0	0	512	0	108	0	0	0	262	0	880	606	0	0	0	0	0	0	0	0	122	0	0	0	12712	1138	7806	1446	3298	428	3634	242	0	0	13818	260	12588	1366	8586	100	11134	0	16606	0	2646	154	5178	318	3060	0	7316	274	5110	0	1620	0	5406	0	0	3992	5746	88	0	0	0	0	0	0	222	118	0	0	1548	0	0	0	1442	0	0	0	330	0	148	0	0	0	0	0	814	0	902	0	0	0	0	0	0	0	0	0	0	0	0	0	0	0	0	0	
403016	Precuneus_R	582	4188	488	282	0	0	0	98	0	0	0	284	0	0	0	0	0	0	718	3872	0	0	0	0	0	0	0	0	0	0	0	0	816	6576	1146	12754	142	3908	132	3860	0	0	570	33388	1012	21980	114	16484	248	16620	0	6790	0	9418	0	18424	0	4226	0	5614	0	1788	0	1128	0	1818	3992	0	1032	6132	0	0	0	0	0	0	0	490	0	0	0	128	0	0	0	4476	0	0	0	3994	0	278	0	0	0	0	0	562	0	436	0	0	0	0	0	0	0	0	0	0	402	118	0	0	0	0	
186644	Paracentral_Lobule_L	21910	678	6022	866	0	0	290	0	0	0	0	0	0	0	0	0	86	0	9458	7354	0	0	0	0	0	0	0	0	0	0	0	464	9636	4346	3684	1006	196	0	194	0	0	0	1822	296	3006	204	828	130	2756	188	2490	118	298	108	144	198	3736	170	144	0	602	0	0	0	276	0	5746	1032	0	1336	206	312	0	0	0	0	382	268	0	0	0	0	0	0	336	0	0	0	0	0	0	0	0	0	0	0	0	0	0	0	0	0	0	0	0	0	0	0	0	0	0	0	0	0	0	0	
140380	Paracentral_Lobule_R	798	2596	610	1288	0	0	0	0	0	0	0	0	0	0	0	0	0	398	1206	9284	0	0	0	0	0	0	0	0	0	0	0	0	204	4876	162	2884	0	0	0	0	0	0	0	1764	0	3998	0	654	0	4646	0	2310	0	430	0	708	0	11544	0	1972	0	2300	0	2456	0	1618	88	6132	1336	0	0	720	0	0	0	0	0	774	0	0	0	630	0	0	0	994	0	0	0	810	0	0	0	0	0	0	0	0	0	0	0	0	0	0	0	0	0	0	0	0	0	0	0	0	0	0	
403664	Caudate_L	1456	908	11836	19652	1848	1078	2246	3354	462	154	776	214	6032	184	1090	2930	194	0	7836	14192	11358	9696	1320	682	726	88	6006	1382	4800	2978	3780	2400	250	432	0	0	914	1872	0	1742	880	384	0	0	0	0	0	0	0	0	0	0	0	0	0	616	278	0	0	0	100	0	0	0	0	0	0	0	206	0	0	24530	17920	7852	3178	1798	14082	2250	0	0	364	0	428	0	0	0	0	0	98	0	0	0	0	0	0	0	0	0	0	0	0	0	0	0	0	0	0	0	0	0	0	0	0	0	0	0	
576516	Caudate_R	1594	1128	7278	36488	1060	9270	1372	7216	320	836	704	2328	3314	2660	198	7006	132	210	5390	27180	6302	8798	1032	5106	0	4990	3240	4180	3102	9350	2148	9116	540	1832	0	0	562	3726	0	3264	416	1130	0	0	0	304	0	0	0	332	0	308	0	0	344	1446	1618	0	0	0	156	0	122	0	0	0	0	0	312	720	24530	0	8292	31222	2256	6644	1580	21796	0	0	288	142	176	184	0	106	0	0	626	0	0	0	0	0	0	0	0	110	0	126	0	0	0	0	0	0	0	0	0	0	0	0	0	0	0	0	
383592	Putamen_L	4430	674	25220	1914	10282	118	4834	574	6212	0	3832	84	1996	0	9258	198	900	0	13852	2196	3666	3134	3054	232	1248	0	668	110	23220	400	4698	368	0	0	0	0	10380	542	1618	484	1436	116	0	0	0	0	0	0	0	0	0	0	0	0	1954	236	2152	138	0	0	0	0	0	0	0	0	0	0	0	0	17920	8292	0	1388	7804	426	2130	1200	194	0	2072	0	2298	0	224	0	0	0	1420	0	0	0	0	0	0	0	0	0	0	0	0	0	0	0	0	0	0	0	0	0	0	0	0	0	0	0	
498064	Putamen_R	128	2162	4058	21648	272	9224	234	8212	0	2386	0	7686	1842	4108	0	7720	0	4186	2228	15036	624	1382	238	2894	0	3698	590	2546	1534	27190	222	4036	0	858	0	0	498	18658	0	15828	0	2832	0	0	0	0	0	138	0	0	0	0	0	0	310	7226	0	424	0	0	0	0	0	168	0	0	0	0	0	0	7852	31222	1388	0	294	10992	404	8994	0	0	0	1252	0	858	0	266	0	0	580	280	0	370	0	0	0	0	0	592	0	664	0	0	0	0	0	0	0	0	0	0	0	0	0	0	0	0	
65936	Pallidum_L	244	962	4282	1270	0	0	112	410	0	0	496	0	162	0	0	0	86	0	4324	606	128	0	0	0	0	0	0	0	398	0	0	0	0	0	0	0	160	190	0	182	0	0	0	0	0	0	0	0	0	0	0	0	0	0	0	90	206	156	0	0	0	0	0	0	0	0	0	0	0	0	3178	2256	7804	294	0	0	3330	1472	0	0	0	0	170	0	0	0	0	0	0	0	0	0	0	0	0	0	0	0	0	0	0	0	0	0	0	0	0	0	0	0	0	0	0	0	0	0	
90412	Pallidum_R	0	128	874	4230	0	104	0	968	0	0	0	740	426	608	0	696	0	0	314	5144	92	130	0	644	0	102	0	0	236	1636	0	740	0	384	0	0	0	3272	0	3024	0	0	0	0	0	0	0	116	0	0	0	0	0	0	0	572	0	0	0	0	0	0	0	0	0	0	0	0	0	0	1798	6644	426	10992	0	0	0	166	0	0	0	0	0	0	0	0	0	0	0	0	0	0	0	0	0	0	0	0	0	0	0	0	0	0	0	0	0	0	0	0	0	0	0	0	0	0	
173648	Thalamus_L	11168	1960	8760	6442	0	0	5472	2070	0	0	1216	0	444	0	0	0	116	0	6190	810	0	0	128	0	0	0	0	0	1016	126	176	0	1076	244	144	0	4522	1178	1228	1152	214	0	0	0	0	0	1042	0	0	0	0	0	0	0	288	998	1786	0	0	0	362	0	0	0	0	0	222	0	382	0	14082	1580	2130	404	3330	0	0	2956	830	0	274	0	0	0	146	0	0	0	160	0	0	0	0	0	0	0	0	0	0	0	0	0	0	0	0	0	0	0	0	0	0	0	0	0	0	0	
247712	Thalamus_R	2164	8976	1314	15858	0	0	374	5224	0	0	156	4456	156	568	0	252	0	1134	1508	8242	0	0	0	264	0	0	0	0	338	4084	0	0	268	92	766	652	2070	8908	1154	4810	0	166	0	0	0	322	182	578	0	360	0	328	0	176	288	3438	1616	440	0	0	156	0	118	160	0	0	118	490	268	774	2250	21796	1200	8994	1472	166	2956	0	172	0	0	330	0	0	0	184	0	0	0	424	0	0	0	0	0	0	0	146	0	0	0	0	0	0	0	0	0	0	0	0	0	0	0	0	0	0	
112840	Heschl_L	3978	0	1720	0	0	0	790	0	0	0	4370	0	630	0	0	0	7548	0	432	0	0	0	0	0	0	0	0	0	11140	0	0	0	0	0	0	126	4774	152	0	148	0	0	0	0	0	0	104	0	0	0	0	0	668	0	3246	110	3680	0	0	0	0	0	370	0	0	0	0	0	0	0	0	0	194	0	0	0	830	172	0	0	6660	0	236	0	1868	0	0	0	2474	0	0	0	0	0	0	0	0	0	0	0	0	0	0	0	0	0	0	0	0	0	0	0	0	0	0	0	
42248	Heschl_R	0	746	0	104	0	0	0	238	0	0	0	486	0	0	0	0	0	3768	0	0	0	0	0	0	0	0	0	0	0	3190	0	0	0	0	0	0	0	982	0	560	0	0	0	0	0	0	0	0	0	0	0	0	0	92	0	1014	0	694	0	0	0	0	0	882	0	0	0	0	0	0	0	0	0	0	0	0	0	0	0	0	0	5496	0	198	0	1778	0	0	0	896	0	0	0	0	0	0	0	0	0	0	0	0	0	0	0	0	0	0	0	0	0	0	0	0	0	0	
296640	Temporal_Sup_L	2696	0	5808	400	462	0	696	0	182	0	7214	0	1700	0	248	0	16004	0	1470	392	0	0	118	0	0	0	0	0	16586	0	0	0	1630	0	0	0	2392	0	92	0	0	0	0	0	0	0	0	0	862	0	2468	0	420	0	5034	0	6556	0	0	0	3124	0	10234	0	3116	0	1548	0	0	0	364	288	2072	0	0	0	274	0	6660	0	0	0	7452	0	27220	0	0	0	12436	0	0	0	0	0	0	0	102	0	0	0	0	0	0	0	0	0	0	0	0	0	0	0	0	0	0	0	
155688	Temporal_Sup_R	0	2372	0	1414	0	0	0	226	0	0	0	1306	0	0	0	0	0	6982	0	142	0	0	0	0	0	0	0	0	0	7098	0	0	0	0	0	0	0	2446	0	1410	0	0	0	114	0	230	0	0	0	286	0	850	0	242	0	2956	0	2572	0	0	0	0	0	7122	0	2672	0	128	0	630	0	142	0	1252	0	0	0	330	0	5496	0	0	0	4304	0	19770	0	564	0	4788	0	0	0	0	0	0	0	0	0	0	0	0	0	0	0	0	0	0	0	0	0	0	0	0	0	0	
144484	Temporal_Pole_Sup_L	154	0	3486	112	1238	0	608	0	1070	0	5680	0	5332	0	4562	0	2970	0	1244	122	296	0	332	0	106	0	0	0	11934	0	108	0	0	0	0	0	2340	0	358	0	846	0	0	0	0	0	0	0	0	0	0	0	0	0	2040	0	136	0	0	0	0	0	0	0	0	0	0	0	0	0	428	176	2298	0	170	0	0	0	236	0	7452	0	0	0	6998	0	3924	0	5486	0	0	0	0	0	0	0	0	0	0	0	0	0	0	0	0	0	0	0	0	0	0	0	0	0	0	0	
75492	Temporal_Pole_Sup_R	0	0	0	286	0	224	0	0	0	0	0	430	0	0	0	1134	0	1094	0	0	0	298	0	0	0	0	0	324	0	3734	0	0	0	0	0	0	0	1428	0	3262	0	2180	0	0	0	0	0	0	0	0	0	0	0	0	0	4626	0	0	0	0	0	0	0	0	0	0	0	0	0	0	0	184	0	858	0	0	0	0	0	198	0	4304	0	0	0	4418	0	6886	0	1878	0	0	0	0	0	0	0	0	0	0	0	0	0	0	0	0	0	0	0	0	0	0	0	0	0	0	
286200	Temporal_Mid_L	1488	0	846	138	0	0	114	0	0	0	1314	0	262	0	132	0	3296	0	276	134	0	0	0	0	0	0	0	0	4246	0	0	0	1468	0	0	0	658	0	104	0	0	0	1544	0	652	0	654	0	2718	0	18198	0	5486	0	3924	0	968	0	0	0	8058	0	7684	0	9934	0	1442	0	336	0	0	0	224	0	0	0	146	0	1868	0	27220	0	6998	0	0	0	4472	0	26098	0	0	0	0	0	0	0	0	0	0	0	0	0	0	0	0	0	0	0	0	0	0	0	0	0	0	0	
253828	Temporal_Mid_R	0	3342	0	1776	0	0	0	94	0	0	0	1134	0	0	0	0	0	1586	0	332	0	0	0	0	0	0	0	0	0	3132	0	0	0	204	0	424	0	1196	0	850	0	94	0	6104	0	1310	0	1260	0	1934	0	12760	0	5246	0	5870	0	1522	0	182	0	912	0	3834	0	7406	0	4476	0	994	0	106	0	266	0	0	0	184	0	1778	0	19770	0	4418	0	0	0	2594	0	29824	0	0	0	0	0	0	0	0	0	0	0	0	0	0	0	0	0	0	0	0	0	0	0	0	0	0	
32264	Temporal_Pole_Mid_L	0	0	0	0	0	0	0	0	0	0	0	0	0	0	124	0	0	0	0	0	0	0	0	0	0	0	0	0	314	0	0	0	0	0	0	0	380	0	180	0	116	0	0	0	0	0	0	0	0	0	0	0	0	0	1840	0	0	0	0	0	0	0	0	0	0	0	0	0	0	0	0	0	0	0	0	0	0	0	0	0	0	0	3924	0	4472	0	0	0	4782	0	0	0	0	0	0	0	0	0	0	0	0	0	0	0	0	0	0	0	0	0	0	0	0	0	0	0	
38912	Temporal_Pole_Mid_R	0	0	0	0	0	0	0	0	0	0	0	0	0	0	0	0	0	0	0	0	0	0	0	0	0	0	0	0	0	144	0	0	0	0	0	0	0	678	0	2268	0	1166	0	0	0	0	0	0	0	0	0	0	0	0	0	3450	0	0	0	0	0	0	0	0	0	0	0	0	0	0	0	0	0	0	0	0	0	0	0	0	0	564	0	6886	0	2594	0	0	0	1706	0	0	0	0	0	0	0	0	0	0	0	0	0	0	0	0	0	0	0	0	0	0	0	0	0	0	
236292	Temporal_Inf_L	440	0	3272	0	222	0	196	0	142	0	646	0	234	0	334	0	1634	0	1958	0	0	0	0	0	0	0	0	0	10656	248	0	0	254	0	214	0	9602	188	1110	144	866	0	102	0	0	0	128	0	412	0	772	0	4202	0	19240	0	516	0	0	0	414	0	544	0	446	0	330	0	0	0	98	626	1420	580	0	0	160	0	2474	0	12436	0	5486	0	26098	0	4782	0	0	0	3016	0	408	0	0	0	412	0	582	0	0	0	102	0	0	0	0	0	0	0	0	0	0	0	0	0	
224760	Temporal_Inf_R	0	2798	0	822	0	0	0	0	0	0	0	1352	0	0	0	0	0	128	0	162	0	0	0	0	0	0	0	0	0	3798	0	0	0	0	0	270	0	4712	0	2620	0	186	0	5270	0	810	0	1174	0	1134	0	4632	0	8612	0	17912	0	1078	0	122	0	672	0	2010	0	2802	0	3994	0	810	0	0	0	280	0	0	0	424	0	896	0	4788	0	1878	0	29824	0	1706	0	0	0	2890	0	194	0	100	0	316	0	942	0	0	0	262	0	0	0	0	0	0	0	0	0	0	0	0	
523596	Cerebelum_Crus1_L	0	0	0	0	0	0	0	0	0	0	0	0	0	0	0	0	0	0	0	0	0	0	0	0	0	0	0	0	0	0	0	0	0	0	0	0	214	0	544	0	0	0	328	0	0	0	12604	2984	0	0	352	0	364	556	22518	1194	0	0	0	0	0	0	0	0	0	0	148	0	0	0	0	0	0	0	0	0	0	0	0	0	0	0	0	0	0	0	0	0	3016	0	0	8878	31746	7260	1094	164	32800	2958	61912	8624	9836	242	11514	2632	1524	990	0	0	1200	1598	10022	9170	8956	1376	1482	998	
414600	Cerebelum_Crus1_R	0	0	0	0	0	0	0	0	0	0	0	0	0	0	0	0	0	0	0	0	0	0	0	0	0	0	0	0	0	338	0	0	0	0	0	0	0	832	0	2186	0	0	0	0	0	0	1770	7058	0	0	172	0	102	272	658	14632	0	0	0	0	0	0	0	0	0	0	0	278	0	0	0	0	0	370	0	0	0	0	0	0	0	0	0	0	0	0	0	0	0	2890	8878	0	3280	22618	282	1554	4776	25724	8364	50166	266	4882	590	13648	440	814	0	0	154	696	10020	8702	8280	690	608	310	
372620	Cerebelum_Crus2_L	0	0	0	0	0	0	0	0	0	0	0	0	0	0	0	0	0	0	0	0	0	0	0	0	0	0	0	0	0	0	0	0	0	0	0	0	246	0	378	0	0	0	188	0	0	0	1942	722	0	0	274	0	154	134	2256	300	0	0	0	0	0	0	0	0	0	0	0	0	0	0	0	0	0	0	0	0	0	0	0	0	0	0	0	0	0	0	0	0	408	0	31746	3280	0	13914	448	0	5010	322	11366	2768	39164	2718	34622	1624	6664	372	224	0	322	536	1676	4370	14584	2468	596	514	
377420	Cerebelum_Crus2_R	0	0	0	0	0	0	0	0	0	0	0	0	0	0	0	0	0	0	0	0	0	0	0	0	0	0	0	0	0	0	0	0	0	0	0	0	0	0	86	0	0	0	0	0	0	0	982	270	0	0	162	0	108	0	868	216	0	0	0	0	0	0	0	0	0	0	0	0	0	0	0	0	0	0	0	0	0	0	0	0	0	0	0	0	0	0	0	0	0	194	7260	22618	13914	0	858	548	3362	2386	5816	5650	8956	22224	9562	38548	1558	6244	0	0	332	720	3082	3638	21720	5590	938	300	
61508	Cerebelum_3_L	0	0	0	0	0	0	0	0	0	0	0	0	0	0	0	0	0	0	0	0	0	0	0	0	0	0	0	0	0	0	0	0	0	0	0	0	0	0	106	0	0	0	0	0	0	0	0	0	0	0	0	0	0	0	250	0	0	0	0	0	0	0	0	0	0	0	0	0	0	0	0	0	0	0	0	0	0	0	0	0	0	0	0	0	0	0	0	0	0	0	1094	282	448	858	0	140	6690	388	1802	350	256	360	1584	1346	2264	748	684	0	1628	3064	2982	144	1408	1002	754	122	
42264	Cerebelum_3_R	0	0	0	0	0	0	0	0	0	0	0	0	0	0	0	0	0	0	0	0	0	0	0	0	0	0	0	0	0	0	0	0	0	0	0	0	0	124	92	492	0	0	0	0	0	0	0	0	0	0	0	0	0	0	0	662	0	0	0	0	0	0	0	0	0	0	0	0	0	0	0	0	0	0	0	0	0	0	0	0	0	0	0	0	0	0	0	0	0	100	164	1554	0	548	140	0	372	3944	222	3222	0	0	624	1188	180	1300	0	0	510	2790	536	0	664	774	930	0	
459412	Cerebelum_4_5_L	1434	0	0	0	0	0	0	0	0	0	124	0	0	0	0	0	228	0	0	0	0	0	0	0	0	0	0	0	520	0	0	0	0	0	832	0	1162	0	1928	0	100	0	226	188	102	0	19854	5690	0	132	0	0	3338	484	18032	1410	296	0	0	0	0	0	0	0	0	0	814	0	0	0	0	0	0	0	0	0	0	0	0	0	102	0	0	0	0	0	0	0	412	0	32800	4776	5010	3362	6690	372	0	5954	45944	6852	2542	550	5074	4062	5518	1662	642	0	2576	3952	21340	3852	3428	2002	2266	1072	
265704	Cerebelum_4_5_R	0	0	0	0	0	0	0	0	0	0	0	0	0	0	0	0	0	0	0	0	0	0	0	0	0	0	0	0	0	570	0	0	0	0	0	0	0	1606	0	3974	0	0	0	0	0	0	1680	10188	0	0	0	0	0	1168	716	11376	0	0	0	0	0	0	0	0	0	0	0	562	0	0	0	110	0	592	0	0	0	146	0	0	0	0	0	0	0	0	0	0	0	316	2958	25724	322	2386	388	3944	5954	0	3592	34364	152	196	576	2544	356	382	0	0	0	1352	12514	212	884	436	612	0	
559876	Cerebelum_6_L	1438	0	0	0	0	0	0	0	0	0	124	0	0	0	0	0	228	0	0	0	0	0	0	0	0	0	0	0	438	0	0	0	0	0	850	0	916	0	1714	0	0	0	596	102	108	0	22698	6056	0	0	1430	0	4290	864	32136	1820	296	0	0	0	0	0	0	0	0	0	902	0	0	0	0	0	0	0	0	0	0	0	0	0	0	0	0	0	0	0	0	0	582	0	61912	8364	11366	5816	1802	222	45944	3592	0	9902	2222	290	3340	3248	2604	1274	202	0	1212	1610	12548	12838	7380	1484	1834	1344	
419980	Cerebelum_6_R	0	0	0	0	0	0	0	0	0	0	0	0	0	0	0	0	0	0	0	98	0	0	0	0	0	0	0	0	0	728	0	0	0	0	0	0	0	1606	0	3994	0	0	86	256	0	0	2188	13018	0	178	142	116	0	3048	682	22238	0	0	0	0	0	0	0	0	0	0	0	436	0	0	0	126	0	664	0	0	0	0	0	0	0	0	0	0	0	0	0	0	0	942	8624	50166	2768	5650	350	3222	6852	34364	9902	0	228	314	398	2566	546	992	0	0	204	934	13670	11192	5446	426	518	112	
272096	Cerebelum_7b_L	0	0	0	0	0	0	0	0	0	0	0	0	0	0	0	0	0	0	0	0	0	0	0	0	0	0	0	0	0	0	0	0	0	0	0	0	186	0	284	0	0	0	0	0	0	0	150	0	0	0	0	0	0	0	750	0	0	0	0	0	0	0	0	0	0	0	0	0	0	0	0	0	0	0	0	0	0	0	0	0	0	0	0	0	0	0	0	0	0	0	9836	266	39164	8956	256	0	2542	152	2222	228	0	3328	40444	2992	9652	316	474	0	158	244	718	0	8350	3930	450	0	
159984	Cerebelum_7b_R	0	0	0	0	0	0	0	0	0	0	0	0	0	0	0	0	0	0	0	0	0	0	0	0	0	0	0	0	0	0	0	0	0	0	0	0	0	0	0	0	0	0	0	0	0	0	0	0	0	0	0	0	0	0	0	0	0	0	0	0	0	0	0	0	0	0	0	0	0	0	0	0	0	0	0	0	0	0	0	0	0	0	0	0	0	0	0	0	0	0	242	4882	2718	22224	360	0	550	196	290	314	3328	0	5934	23690	716	4138	0	0	0	130	422	0	4912	4770	176	0	
384184	Cerebelum_8_L	0	0	0	0	0	0	0	0	0	0	0	0	0	0	0	0	0	0	0	0	0	0	0	0	0	0	0	0	0	0	0	0	0	0	0	0	264	0	396	0	0	0	0	0	0	0	256	0	0	0	0	0	0	0	1068	0	0	0	0	0	0	0	0	0	0	0	0	0	0	0	0	0	0	0	0	0	0	0	0	0	0	0	0	0	0	0	0	0	102	0	11514	590	34622	9562	1584	624	5074	576	3340	398	40444	5934	0	11822	22336	3332	1774	0	666	1348	2272	200	11888	14068	5574	464	
328100	Cerebelum_8_R	0	0	0	0	0	0	0	0	0	0	0	0	0	0	0	0	0	0	0	0	0	0	0	0	0	0	0	0	0	0	0	0	0	0	0	0	0	0	0	0	0	0	0	0	0	0	228	0	0	0	0	0	0	0	648	104	0	0	0	0	0	0	0	0	0	0	0	0	0	0	0	0	0	0	0	0	0	0	0	0	0	0	0	0	0	0	0	0	0	262	2632	13648	1624	38548	1346	1188	4062	2544	3248	2566	2992	23690	11822	0	3114	18056	0	566	658	1684	4014	294	9314	10684	4300	214	
152672	Cerebelum_9_L	0	0	0	0	0	0	0	0	0	0	0	0	0	0	0	0	0	0	0	0	0	0	0	0	0	0	0	0	0	0	0	0	0	0	0	0	0	0	0	0	0	0	0	0	0	0	90	0	0	0	0	0	0	0	212	0	0	0	0	0	0	0	0	0	0	0	0	0	0	0	0	0	0	0	0	0	0	0	0	0	0	0	0	0	0	0	0	0	0	0	1524	440	6664	1558	2264	180	5518	356	2604	546	9652	716	22336	3114	0	1370	3268	0	612	964	1774	898	2388	3890	2680	718	
133684	Cerebelum_9_R	0	0	0	0	0	0	0	0	0	0	0	0	0	0	0	0	0	0	0	0	0	0	0	0	0	0	0	0	0	0	0	0	0	0	0	0	0	0	0	0	0	0	0	0	0	0	130	0	0	0	0	0	0	0	110	0	0	0	0	0	0	0	0	0	0	0	0	0	0	0	0	0	0	0	0	0	0	0	0	0	0	0	0	0	0	0	0	0	0	0	990	814	372	6244	748	1300	1662	382	1274	992	316	4138	3332	18056	1370	0	0	1024	948	2222	2022	1718	2656	5436	6640	1946	
14856	Cerebelum_10_L	0	0	0	0	0	0	0	0	0	0	0	0	0	0	0	0	0	0	0	0	0	0	0	0	0	0	0	0	0	0	0	0	0	0	0	0	0	0	0	0	0	0	0	0	0	0	0	0	0	0	0	0	0	0	0	0	0	0	0	0	0	0	0	0	0	0	0	0	0	0	0	0	0	0	0	0	0	0	0	0	0	0	0	0	0	0	0	0	0	0	0	0	224	0	684	0	642	0	202	0	474	0	1774	0	3268	0	0	0	0	0	160	0	0	0	0	0	
