data	data	644812	211040	1.05499e+06	751644	146744	111628	457992	468164	88864	22576	241284	191416	186416	157304	163184	75712	176716	124000	878332	737048	127664	119064	445264	429268	43884	95160	95504	111868	526156	357060	331068	517728	216480	623076	108296	145108	315800	293280	68956	157800	38296	60872	171188	245176	114912	183072	256468	249492	177676	222464	383580	179052	77720	41120	406064	354716	311152	130120	133884	99800	177368	146696	115524	81836	91032	176556	174212	268204	329920	140588	324900	470736	358760	427404	65596	21392	183976	128956	73764	15180	144124	58808	92040	44876	236728	207956	16868	17696	244760	166016	561864	424140	394968	316012	42880	108320	349164	204184	559740	413756	315376	183392	382080	427116	162700	129984	46704	5092	21984	92656	318076	277108	231612	237000	149692	47708	
data	data	Precentral_L	Precentral_R	Frontal_Sup_L	Frontal_Sup_R	Frontal_Sup_Orb_L	Frontal_Sup_Orb_R	Frontal_Mid_L	Frontal_Mid_R	Frontal_Mid_Orb_L	Frontal_Mid_Orb_R	Frontal_Inf_Oper_L	Frontal_Inf_Oper_R	Frontal_Inf_Tri_L	Frontal_Inf_Tri_R	Frontal_Inf_Orb_L	Frontal_Inf_Orb_R	Rolandic_Oper_L	Rolandic_Oper_R	Supp_Motor_Area_L	Supp_Motor_Area_R	Olfactory_L	Olfactory_R	Frontal_Sup_Medial_L	Frontal_Sup_Medial_R	Frontal_Med_Orb_L	Frontal_Med_Orb_R	Rectus_L	Rectus_R	Insula_L	Insula_R	Cingulum_Ant_L	Cingulum_Ant_R	Cingulum_Mid_L	Cingulum_Mid_R	Cingulum_Post_L	Cingulum_Post_R	Hippocampus_L	Hippocampus_R	ParaHippocampal_L	ParaHippocampal_R	Amygdala_L	Amygdala_R	Calcarine_L	Calcarine_R	Cuneus_L	Cuneus_R	Lingual_L	Lingual_R	Occipital_Sup_L	Occipital_Sup_R	Occipital_Mid_L	Occipital_Mid_R	Occipital_Inf_L	Occipital_Inf_R	Fusiform_L	Fusiform_R	Postcentral_L	Postcentral_R	Parietal_Sup_L	Parietal_Sup_R	Parietal_Inf_L	Parietal_Inf_R	SupraMarginal_L	SupraMarginal_R	Angular_L	Angular_R	Precuneus_L	Precuneus_R	Paracentral_Lobule_L	Paracentral_Lobule_R	Caudate_L	Caudate_R	Putamen_L	Putamen_R	Pallidum_L	Pallidum_R	Thalamus_L	Thalamus_R	Heschl_L	Heschl_R	Temporal_Sup_L	Temporal_Sup_R	Temporal_Pole_Sup_L	Temporal_Pole_Sup_R	Temporal_Mid_L	Temporal_Mid_R	Temporal_Pole_Mid_L	Temporal_Pole_Mid_R	Temporal_Inf_L	Temporal_Inf_R	Cerebelum_Crus1_L	Cerebelum_Crus1_R	Cerebelum_Crus2_L	Cerebelum_Crus2_R	Cerebelum_3_L	Cerebelum_3_R	Cerebelum_4_5_L	Cerebelum_4_5_R	Cerebelum_6_L	Cerebelum_6_R	Cerebelum_7b_L	Cerebelum_7b_R	Cerebelum_8_L	Cerebelum_8_R	Cerebelum_9_L	Cerebelum_9_R	Cerebelum_10_L	Cerebelum_10_R	Vermis_1_2	Vermis_3	Vermis_4_5	Vermis_6	Vermis_7	Vermis_8	Vermis_9	Vermis_10	
644812	Precentral_L	0	2350	29904	1958	0	0	18374	2012	0	0	20084	616	3480	116	138	0	11920	604	23650	12504	0	0	222	942	0	0	0	0	18226	966	1164	1760	956	4340	1080	1040	15330	396	1058	116	0	0	0	0	0	0	332	0	270	0	1380	0	0	0	2042	0	32698	0	136	0	4442	0	3226	0	790	0	0	0	31424	0	7658	4790	12118	1234	3256	0	25772	478	4556	0	2554	0	0	0	3506	0	0	0	4438	0	0	0	0	0	0	0	0	0	0	0	0	0	0	0	0	0	0	0	0	0	0	0	0	0	0	0	
211040	Precentral_R	2350	0	4378	12240	0	0	0	17410	0	0	0	2854	0	240	0	0	0	2768	5718	852	0	0	0	0	0	0	0	0	0	3482	0	372	0	666	0	898	0	6030	0	356	0	0	0	156	0	0	0	0	0	258	0	164	0	0	0	576	0	20540	0	524	0	790	0	1752	0	300	0	1592	854	5544	1276	3172	0	4324	0	798	846	688	0	0	0	140	0	0	0	0	0	0	0	612	0	0	0	0	0	0	0	0	0	0	0	0	0	0	0	0	0	0	0	0	0	0	0	0	0	0	
1.05499e+06	Frontal_Sup_L	29904	4378	0	17658	7324	120	70166	10596	3432	0	11466	1556	8570	948	6686	0	7178	1832	108552	15064	560	0	48914	17682	1098	112	726	0	28650	2356	16518	9126	12842	12200	114	0	646	192	0	0	0	0	0	0	0	0	0	0	0	0	0	0	0	0	188	0	3556	730	0	0	110	144	218	0	0	0	0	0	6872	0	22500	8666	17606	2652	1242	158	2318	432	192	0	1754	0	842	0	0	0	0	0	148	0	0	0	0	0	0	0	0	0	0	0	0	0	0	0	0	0	0	0	0	0	0	0	0	0	0	0	
751644	Frontal_Sup_R	1958	12240	17658	0	0	4756	2298	56028	0	1326	0	2124	0	4164	0	2494	0	5106	15706	39176	500	716	19668	39372	0	4770	194	1186	118	5786	8344	41416	2792	29048	130	174	0	4570	0	552	0	0	0	0	0	0	0	0	0	0	0	0	0	0	0	208	0	1356	0	0	0	422	0	550	0	202	0	226	168	352	3566	22684	392	18102	0	284	1262	1428	0	250	0	0	0	0	0	0	0	0	0	0	0	0	0	0	0	0	0	0	0	0	0	0	0	0	0	0	0	0	0	0	0	0	0	0	0	0	
146744	Frontal_Sup_Orb_L	0	0	7324	0	0	154	1482	0	11830	0	0	0	658	0	12962	0	0	0	808	0	3888	862	2794	0	4486	0	7526	252	4298	0	5152	158	0	0	0	0	0	0	0	0	0	0	0	0	0	0	0	0	0	0	0	0	0	0	0	0	0	0	0	0	0	0	0	0	0	0	0	0	0	0	1734	340	6124	0	0	0	0	0	0	0	0	0	540	0	0	0	0	0	0	0	0	0	0	0	0	0	0	0	0	0	0	0	0	0	0	0	0	0	0	0	0	0	0	0	0	0	
111628	Frontal_Sup_Orb_R	0	0	120	4756	154	0	0	846	0	1416	0	0	0	0	0	2528	0	0	126	0	1398	3424	0	2336	0	8036	756	11876	0	1716	426	1158	0	0	0	0	0	0	0	0	0	234	0	0	0	0	0	0	0	0	0	0	0	0	0	0	0	0	0	0	0	0	0	0	0	0	0	0	0	0	1140	6532	750	6086	0	0	0	0	0	0	0	0	0	0	0	0	0	0	0	0	0	0	0	0	0	0	0	0	0	0	0	0	0	0	0	0	0	0	0	0	0	0	0	0	0	0	
457992	Frontal_Mid_L	18374	0	70166	2298	1482	0	0	652	5328	0	10218	0	23074	396	8446	0	1576	0	17942	1652	470	0	15884	3252	0	0	0	0	17016	144	8456	2608	6640	3568	0	0	522	0	0	0	0	0	0	0	0	0	0	0	0	0	0	0	0	0	0	0	1506	0	0	0	142	0	0	0	0	0	0	0	112	0	1782	384	2630	166	1044	0	500	0	0	0	0	0	566	0	0	0	0	0	0	0	0	0	0	0	0	0	0	0	0	0	0	0	0	0	0	0	0	0	0	0	0	0	0	0	0	0	
468164	Frontal_Mid_R	2012	17410	10596	56028	0	846	652	0	0	1400	0	13452	0	16190	258	3426	0	3982	11530	9898	164	198	4690	9738	0	204	0	312	724	11598	1706	10152	952	10862	0	0	0	1332	0	460	0	0	0	0	0	0	0	0	0	0	0	0	0	0	0	194	0	1316	0	112	0	454	0	580	0	230	0	234	522	350	5928	13374	132	7574	0	524	1226	356	0	204	0	0	0	0	0	0	0	0	0	0	0	0	0	0	0	0	0	0	0	0	0	0	0	0	0	0	0	0	0	0	0	0	0	0	0	0	
88864	Frontal_Mid_Orb_L	0	0	3432	0	11830	0	5328	0	0	0	0	0	2732	0	14582	0	0	0	384	0	236	0	140	0	328	0	1508	0	1828	0	0	0	0	0	0	0	0	0	0	0	0	0	0	0	0	0	0	0	0	0	0	0	0	0	0	0	0	0	0	0	0	0	0	0	0	0	0	0	0	0	0	0	1406	0	0	0	0	0	0	0	0	0	698	0	0	0	0	0	0	0	0	0	0	0	0	0	0	0	0	0	0	0	0	0	0	0	0	0	0	0	0	0	0	0	0	0	
22576	Frontal_Mid_Orb_R	0	0	0	1326	0	1416	0	1400	0	0	0	0	0	0	0	4270	0	0	0	0	0	0	0	0	0	0	0	164	0	258	0	0	0	0	0	0	0	0	0	0	0	0	0	0	0	0	0	0	0	0	0	0	0	0	0	0	0	0	0	0	0	0	0	0	0	0	0	0	0	0	0	728	0	1726	0	0	0	0	0	0	0	0	0	0	0	0	0	0	0	0	0	0	0	0	0	0	0	0	0	0	0	0	0	0	0	0	0	0	0	0	0	0	0	0	0	0	
241284	Frontal_Inf_Oper_L	20084	0	11466	0	0	0	10218	0	0	0	0	0	13732	0	444	0	10048	0	8696	238	0	0	422	0	0	0	0	0	20062	0	1428	0	222	0	0	0	3116	0	348	0	0	0	0	0	0	0	0	0	0	0	0	0	0	0	1080	0	1866	0	0	0	1010	0	274	0	0	0	0	0	406	0	548	134	6904	0	1554	0	468	0	1032	0	1500	0	2192	0	0	0	0	0	1150	0	0	0	0	0	0	0	0	0	0	0	0	0	0	0	0	0	0	0	0	0	0	0	0	0	0	0	
191416	Frontal_Inf_Oper_R	616	2854	1556	2124	0	0	0	13452	0	0	0	0	0	16750	0	128	0	4184	1614	1178	0	0	296	392	0	0	0	0	0	22032	0	878	0	1070	0	0	0	2122	0	1060	0	0	0	0	0	0	0	0	0	0	0	0	0	0	0	972	0	1238	0	0	0	0	0	0	0	0	0	0	0	0	112	5742	0	13000	0	1056	1160	0	0	0	0	0	0	0	0	0	0	0	0	122	0	0	0	0	0	0	0	0	0	0	0	0	0	0	0	0	0	0	0	0	0	0	0	0	0	0	
186416	Frontal_Inf_Tri_L	3480	0	8570	0	658	0	23074	0	2732	0	13732	0	0	0	8916	0	724	0	6628	0	0	0	466	0	0	0	0	0	14734	0	924	112	1974	0	0	0	184	0	0	0	0	0	0	0	0	0	0	0	0	0	0	0	0	0	0	0	296	0	0	0	114	0	0	0	0	0	0	0	0	0	1892	268	2066	0	0	0	0	0	0	0	0	0	1664	0	0	0	0	0	0	0	0	0	0	0	0	0	0	0	0	0	0	0	0	0	0	0	0	0	0	0	0	0	0	0	0	0	
157304	Frontal_Inf_Tri_R	116	240	948	4164	0	0	396	16190	0	0	0	16750	0	0	0	3628	0	0	1008	2472	0	0	934	1754	0	0	0	0	118	18268	0	1302	194	3222	0	0	0	0	0	0	0	0	0	0	0	0	0	0	0	0	0	0	0	0	0	0	0	0	0	0	0	0	0	0	0	0	0	0	0	0	176	2592	0	3870	0	0	310	0	0	0	0	0	0	0	0	0	0	0	0	0	0	0	0	0	0	0	0	0	0	0	0	0	0	0	0	0	0	0	0	0	0	0	0	0	0	0	
163184	Frontal_Inf_Orb_L	138	0	6686	0	12962	0	8446	258	14582	0	444	0	8916	0	0	0	0	0	2414	0	2350	0	0	0	478	0	2696	0	9726	0	766	0	0	0	0	0	502	0	154	0	510	0	0	0	0	0	0	0	0	0	0	0	0	0	0	0	0	0	0	0	0	0	0	0	0	0	0	0	0	0	1358	242	3714	0	0	0	0	0	0	0	0	0	4250	0	0	0	0	0	0	0	0	0	0	0	0	0	0	0	0	0	0	0	0	0	0	0	0	0	0	0	0	0	0	0	0	0	
75712	Frontal_Inf_Orb_R	0	0	0	2494	0	2528	0	3426	0	4270	0	128	0	3628	0	0	0	0	0	434	0	1800	0	132	0	0	0	2392	0	8426	0	304	0	340	0	0	0	444	0	292	0	428	0	0	0	0	0	0	0	0	0	0	0	0	0	120	0	0	0	0	0	0	0	0	0	0	0	0	0	0	0	1632	0	4638	0	0	0	0	0	0	0	0	0	0	0	0	0	0	0	0	0	0	0	0	0	0	0	0	0	0	0	0	0	0	0	0	0	0	0	0	0	0	0	0	0	0	
176716	Rolandic_Oper_L	11920	0	7178	0	0	0	1576	0	0	0	10048	0	724	0	0	0	0	0	6276	742	0	0	0	0	0	0	0	0	16438	0	0	0	0	0	0	0	1446	0	0	0	0	0	0	0	0	0	0	0	114	0	480	0	0	0	1036	0	8122	0	0	0	1206	0	3986	0	846	0	0	0	1316	0	0	0	1710	0	476	0	148	0	2112	0	7312	0	1212	0	700	0	0	0	1234	0	0	0	0	0	0	0	0	0	0	0	0	0	0	0	0	0	0	0	0	0	0	0	0	0	0	0	
124000	Rolandic_Oper_R	604	2768	1832	5106	0	0	0	3982	0	0	0	4184	0	0	0	0	0	0	2086	1344	0	0	0	0	0	0	0	0	0	13506	0	1778	0	528	0	0	0	3050	0	716	0	0	0	0	0	0	0	0	0	0	0	0	0	0	0	1318	0	2062	0	0	0	280	0	1038	0	172	0	182	0	124	654	3594	0	7290	0	212	242	0	0	1402	0	1284	0	116	0	228	0	0	0	318	0	0	0	0	0	0	0	0	0	0	0	0	0	0	0	0	0	0	0	0	0	0	0	0	0	0	
878332	Supp_Motor_Area_L	23650	5718	108552	15706	808	126	17942	11530	384	0	8696	1614	6628	1008	2414	0	6276	2086	0	41694	140	0	8294	5134	168	0	186	110	25856	2452	5736	11998	11914	22814	396	0	1140	206	156	0	0	0	0	0	0	0	0	0	0	0	0	0	0	0	496	0	3838	734	0	0	132	142	762	0	0	0	0	0	16506	246	24672	8948	18786	2748	4004	158	1928	436	200	0	2100	0	384	0	0	0	0	0	414	0	0	0	0	0	0	0	0	0	0	0	0	0	0	0	0	0	0	0	0	0	0	0	0	0	0	0	
737048	Supp_Motor_Area_R	12504	852	15064	39176	0	0	1652	9898	0	0	238	1178	0	2472	0	434	742	1344	41694	0	0	0	5216	11056	0	446	0	0	918	2900	1352	19360	8802	49454	2874	4226	662	5134	0	810	0	0	0	940	0	146	0	388	0	762	270	160	0	0	286	466	3958	1020	126	0	442	684	1058	1310	0	722	1166	2432	16036	17164	2830	20570	2146	6224	1368	284	2414	33706	0	238	134	2168	0	0	122	3392	0	0	240	2694	0	0	0	0	0	0	0	0	0	0	0	0	0	0	0	0	0	0	0	0	0	0	0	0	0	0	
127664	Olfactory_L	0	0	560	500	3888	1398	470	164	236	0	0	0	0	0	2350	0	0	0	140	0	0	8016	336	166	1780	540	7176	3030	3366	0	5078	2734	0	0	0	0	904	0	582	0	960	0	0	0	0	0	0	0	0	0	0	0	0	0	0	0	0	0	0	0	0	0	0	0	0	0	0	0	0	0	8386	5100	4404	1058	0	0	0	0	0	0	0	0	510	0	0	0	0	0	0	0	0	0	0	0	0	0	0	0	0	0	0	0	0	0	0	0	0	0	0	0	0	0	0	0	0	0	
119064	Olfactory_R	0	0	0	716	862	3424	0	198	0	0	0	0	0	0	0	1800	0	0	0	0	8016	0	0	344	288	1210	4310	6700	0	3218	2770	2938	0	0	0	0	0	290	0	370	0	1366	0	0	0	0	0	0	0	0	0	0	0	0	0	164	0	0	0	0	0	0	0	0	0	0	0	0	0	0	7814	7098	3926	1522	0	0	0	0	0	0	0	0	0	188	0	0	0	0	0	0	0	0	0	0	0	0	0	0	0	0	0	0	0	0	0	0	0	0	0	0	0	0	0	0	0	0	
445264	Frontal_Sup_Medial_L	222	0	48914	19668	2794	0	15884	4690	140	0	422	296	466	934	0	0	0	0	8294	5216	336	0	0	35400	1610	376	496	0	1520	566	21046	15238	12802	21188	0	0	0	0	0	0	0	0	0	0	0	0	0	0	0	0	0	0	0	0	0	0	0	0	0	0	0	0	0	0	0	0	0	0	0	0	406	804	2092	812	0	0	0	0	0	0	0	0	0	0	0	0	0	0	0	0	0	0	0	0	0	0	0	0	0	0	0	0	0	0	0	0	0	0	0	0	0	0	0	0	0	0	
429268	Frontal_Sup_Medial_R	942	0	17682	39372	0	2336	3252	9738	0	0	0	392	0	1754	0	132	0	0	5134	11056	166	344	35400	0	0	5914	0	766	124	766	8080	26184	2604	22802	0	0	0	0	0	0	0	0	0	0	0	0	0	0	0	0	0	0	0	0	0	0	0	0	0	0	0	0	0	0	0	0	0	0	0	0	202	10658	176	8658	0	0	0	0	0	0	0	0	0	0	0	0	0	0	0	0	0	0	0	0	0	0	0	0	0	0	0	0	0	0	0	0	0	0	0	0	0	0	0	0	0	0	
43884	Frontal_Med_Orb_L	0	0	1098	0	4486	0	0	0	328	0	0	0	0	0	478	0	0	0	168	0	1780	288	1610	0	0	212	2512	134	244	0	5678	600	0	0	0	0	0	0	0	0	0	0	0	0	0	0	0	0	0	0	0	0	0	0	0	0	0	0	0	0	0	0	0	0	0	0	0	0	0	0	1164	312	850	0	0	0	0	0	0	0	0	0	0	0	0	0	0	0	0	0	0	0	0	0	0	0	0	0	0	0	0	0	0	0	0	0	0	0	0	0	0	0	0	0	0	0	
95160	Frontal_Med_Orb_R	0	0	112	4770	0	8036	0	204	0	0	0	0	0	0	0	0	0	0	0	446	540	1210	376	5914	212	0	230	7078	0	0	1560	5310	0	178	0	0	0	0	0	0	0	0	0	0	0	0	0	0	0	0	0	0	0	0	0	0	0	0	0	0	0	0	0	0	0	0	0	0	0	0	416	5678	394	4916	0	0	0	0	0	0	0	0	0	0	0	0	0	0	0	0	0	0	0	0	0	0	0	0	0	0	0	0	0	0	0	0	0	0	0	0	0	0	0	0	0	0	
95504	Rectus_L	0	0	726	194	7526	756	0	0	1508	0	0	0	0	0	2696	0	0	0	186	0	7176	4310	496	0	2512	230	0	1842	696	0	5602	1670	0	0	0	0	0	0	0	0	0	0	0	0	0	0	0	0	0	0	0	0	0	0	0	0	0	0	0	0	0	0	0	0	0	0	0	0	0	0	4444	2408	2066	708	0	0	0	0	0	0	0	0	0	0	0	0	0	0	0	0	0	0	0	0	0	0	0	0	0	0	0	0	0	0	0	0	0	0	0	0	0	0	0	0	0	0	
111868	Rectus_R	0	0	0	1186	252	11876	0	312	0	164	0	0	0	0	0	2392	0	0	110	0	3030	6700	0	766	134	7078	1842	0	0	2386	1486	4508	0	0	0	0	0	0	0	0	0	346	0	0	0	0	0	0	0	0	0	0	0	0	0	0	0	0	0	0	0	0	0	0	0	0	0	0	0	0	2006	4708	1328	3324	0	0	0	0	0	0	0	0	0	0	0	0	0	0	0	0	0	0	0	0	0	0	0	0	0	0	0	0	0	0	0	0	0	0	0	0	0	0	0	0	0	0	
526156	Insula_L	18226	0	28650	118	4298	0	17016	724	1828	0	20062	0	14734	118	9726	0	16438	0	25856	918	3366	0	1520	124	244	0	696	0	0	168	2272	414	1708	186	0	0	16222	0	1344	0	1958	0	128	0	0	0	0	0	184	0	954	0	0	0	6398	0	5304	0	0	0	1062	0	2494	0	338	0	0	0	2162	0	3636	750	20814	0	956	0	918	0	7230	0	6966	0	4954	0	1948	0	0	0	6948	0	0	0	0	0	0	0	0	0	0	0	0	0	0	0	0	0	0	0	0	0	0	0	0	0	0	0	
357060	Insula_R	966	3482	2356	5786	0	1716	144	11598	0	258	0	22032	0	18268	0	8426	0	13506	2452	2900	0	3218	566	766	0	0	0	2386	168	0	0	1352	222	2050	0	122	0	13090	0	3852	0	1716	0	0	0	0	0	0	0	0	0	0	0	0	0	6388	0	2044	0	172	0	382	0	758	0	302	0	0	0	346	396	7920	0	27060	0	522	750	324	0	806	0	3196	0	334	0	926	0	0	0	2506	0	0	0	0	0	0	0	0	0	0	0	0	0	0	0	0	0	0	0	0	0	0	0	0	0	0	
331068	Cingulum_Ant_L	1164	0	16518	8344	5152	426	8456	1706	0	0	1428	0	924	0	766	0	0	0	5736	1352	5078	2770	21046	8080	5678	1560	5602	1486	2272	0	0	22934	6714	9452	0	0	0	0	0	0	0	0	0	0	0	0	0	0	0	0	0	0	0	0	0	0	0	0	0	0	0	0	0	0	0	0	0	0	0	0	8296	3376	7950	1268	0	0	0	0	0	0	0	0	0	0	0	0	0	0	0	0	0	0	0	0	0	0	0	0	0	0	0	0	0	0	0	0	0	0	0	0	0	0	0	0	0	0	
517728	Cingulum_Ant_R	1760	372	9126	41416	158	1158	2608	10152	0	0	0	878	112	1302	0	304	0	1778	11998	19360	2734	2938	15238	26184	600	5310	1670	4508	414	1352	22934	0	5226	29012	0	0	0	0	0	0	0	0	0	0	0	0	0	0	0	0	0	0	0	0	0	0	0	0	0	0	0	320	0	114	0	152	0	0	138	0	2360	19266	1408	13866	0	310	0	0	0	328	0	0	0	0	0	0	0	0	0	0	0	0	0	0	0	0	0	0	0	0	0	0	0	0	0	0	0	0	0	0	0	0	0	0	0	0	
216480	Cingulum_Mid_L	956	0	12842	2792	0	0	6640	952	0	0	222	0	1974	194	0	0	0	0	11914	8802	0	0	12802	2604	0	0	0	0	1708	222	6714	5226	0	19404	2562	624	0	0	0	0	0	0	208	0	380	0	0	0	198	0	544	0	0	0	0	0	174	0	0	0	0	0	0	0	0	0	2046	394	3006	550	518	0	866	202	0	0	0	0	0	0	0	0	0	0	0	0	0	0	0	0	0	0	0	0	0	0	0	0	0	0	0	0	0	0	0	0	0	0	0	0	0	0	0	0	0	0	
623076	Cingulum_Mid_R	4340	666	12200	29048	0	0	3568	10862	0	0	0	1070	0	3222	0	340	0	528	22814	49454	0	0	21188	22802	0	178	0	0	186	2050	9452	29012	19404	0	2556	8646	0	190	0	0	0	0	0	2832	0	1590	0	446	0	3116	0	1412	0	0	0	0	114	1688	0	468	0	2234	0	438	0	2858	968	11606	9202	10674	132	2944	130	2328	0	0	360	0	0	0	0	224	0	0	0	1498	0	0	0	500	0	0	0	0	0	0	0	0	0	0	0	0	0	0	0	0	0	0	0	0	0	0	0	0	0	0	
108296	Cingulum_Post_L	1080	0	114	130	0	0	0	0	0	0	0	0	0	0	0	0	0	0	396	2874	0	0	0	0	0	0	0	0	0	0	0	0	2562	2556	0	8954	6058	2824	1520	956	0	0	1684	0	170	0	1012	0	140	0	620	0	0	0	454	360	2406	0	184	0	0	0	0	0	0	0	5364	1020	5562	1228	0	0	0	0	0	0	2736	682	114	0	0	0	0	0	268	0	0	0	120	0	0	0	0	0	0	0	0	0	0	0	0	0	0	0	0	0	0	0	0	0	0	0	0	0	0	0	
145108	Cingulum_Post_R	1040	898	0	174	0	0	0	0	0	0	0	0	0	0	0	0	0	0	0	4226	0	0	0	0	0	0	0	0	0	122	0	0	624	8646	8954	0	3924	5784	408	1594	0	0	0	1740	0	414	0	2546	0	792	0	188	0	0	0	462	318	1286	0	192	0	900	0	176	0	1038	1054	10058	1796	5740	0	0	0	0	0	0	3612	1644	0	0	0	0	0	0	0	754	0	0	0	468	0	0	0	0	0	0	0	0	0	0	0	0	0	0	0	0	0	0	0	0	982	0	0	0	0	0	
315800	Hippocampus_L	15330	0	646	0	0	0	522	0	0	0	3116	0	184	0	502	0	1446	0	1140	662	904	0	0	0	0	0	0	0	16222	0	0	0	0	0	6058	3924	0	2306	11364	800	7836	0	1178	0	0	0	4414	0	440	0	1458	0	338	0	19612	310	2206	0	154	0	216	0	422	0	822	0	2654	554	2752	0	228	0	9952	0	786	0	5782	334	4486	0	1998	0	1268	0	4526	0	0	0	17174	0	232	0	0	0	0	0	150	0	492	0	0	0	0	0	0	0	0	0	0	0	0	0	0	0	0	0	
293280	Hippocampus_R	396	6030	192	4570	0	0	0	1332	0	0	0	2122	0	0	0	444	0	3050	206	5134	0	290	0	0	0	0	0	0	0	13090	0	0	0	190	2824	5784	2306	0	126	24176	0	8608	0	164	0	0	0	1910	0	0	0	0	0	0	0	23442	110	2250	0	0	0	350	0	1510	0	220	448	2588	274	992	0	288	0	14702	0	484	2114	4410	0	452	0	1924	0	1528	0	850	0	0	0	4292	0	0	0	0	0	0	0	196	0	0	0	0	0	0	0	0	0	0	0	0	272	0	0	0	0	0	
68956	ParaHippocampal_L	1058	0	0	0	0	0	0	0	0	0	348	0	0	0	154	0	0	0	156	0	582	0	0	0	0	0	0	0	1344	0	0	0	0	0	1520	408	11364	126	0	0	1938	0	732	0	0	0	3186	0	0	0	172	0	0	0	5388	0	142	0	0	0	0	0	0	0	0	0	1496	0	262	0	0	0	1960	0	0	0	408	0	0	0	0	0	1142	0	0	0	144	0	448	0	0	0	0	0	0	0	0	0	0	0	0	0	0	0	0	0	0	0	0	0	0	0	0	0	0	0	
157800	ParaHippocampal_R	116	356	0	552	0	0	0	460	0	0	0	1060	0	0	0	292	0	716	0	810	0	370	0	0	0	0	0	0	0	3852	0	0	0	0	956	1594	800	24176	0	0	0	6250	0	238	0	0	0	2626	0	0	0	0	0	272	0	15878	0	182	0	0	0	0	0	0	0	0	0	1428	0	0	0	0	0	6808	0	448	644	1548	0	0	0	116	0	2680	0	0	0	1566	0	1556	0	0	0	0	0	0	0	344	0	0	0	0	0	0	0	0	0	0	0	0	206	0	0	0	0	0	
38296	Amygdala_L	0	0	0	0	0	0	0	0	0	0	0	0	0	0	510	0	0	0	0	0	960	0	0	0	0	0	0	0	1958	0	0	0	0	0	0	0	7836	0	1938	0	0	0	0	0	0	0	0	0	0	0	0	0	0	0	3470	0	0	0	0	0	0	0	0	0	0	0	0	0	0	0	0	0	446	0	0	0	0	0	0	0	0	0	646	0	0	0	0	0	1384	0	0	0	0	0	0	0	0	0	0	0	0	0	0	0	0	0	0	0	0	0	0	0	0	0	0	0	
60872	Amygdala_R	0	0	0	0	0	234	0	0	0	0	0	0	0	0	0	428	0	0	0	0	0	1366	0	0	0	0	0	346	0	1716	0	0	0	0	0	0	0	8608	0	6250	0	0	0	0	0	0	0	0	0	0	0	0	0	0	0	7020	0	0	0	0	0	0	0	0	0	0	0	0	0	0	0	0	0	1394	0	0	0	0	0	0	0	0	0	2872	0	0	0	202	0	0	0	0	0	0	0	0	0	0	0	0	0	0	0	0	0	0	0	0	0	0	0	0	0	0	0	0	
171188	Calcarine_L	0	0	0	0	0	0	0	0	0	0	0	0	0	0	0	0	0	0	0	0	0	0	0	0	0	0	0	0	128	0	0	0	208	0	1684	0	1178	0	732	0	0	0	0	6636	7908	5638	12584	1412	8942	2752	17706	684	4164	194	2374	136	172	0	0	0	0	0	0	0	0	0	8182	0	176	0	0	0	0	0	0	0	0	0	160	0	122	0	0	0	1488	0	0	0	120	0	114	0	0	0	0	0	0	0	0	0	0	0	0	0	0	0	0	0	0	0	0	0	0	0	0	0	
245176	Calcarine_R	0	156	0	0	0	0	0	0	0	0	0	0	0	0	0	0	0	0	0	940	0	0	0	0	0	0	0	0	0	0	0	0	0	2832	0	1740	0	164	0	238	0	0	6636	0	5178	22530	764	13842	0	18176	0	13582	0	2152	0	2762	0	222	0	720	0	438	0	316	0	1060	0	16032	0	860	0	0	0	0	0	0	0	0	0	0	0	0	0	0	0	8870	0	0	0	2126	0	0	0	0	0	0	0	0	0	0	0	0	0	0	0	0	0	0	0	0	252	0	0	0	0	0	
114912	Cuneus_L	0	0	0	0	0	0	0	0	0	0	0	0	0	0	0	0	0	0	0	0	0	0	0	0	0	0	0	0	0	0	0	0	380	0	170	0	0	0	0	0	0	0	7908	5178	0	5784	1976	652	16258	1862	7572	288	364	0	116	0	0	0	2020	0	0	0	0	0	0	0	5784	0	0	0	0	0	0	0	0	0	0	0	0	0	0	0	0	0	1032	0	0	0	112	0	0	0	0	0	0	0	0	0	0	0	0	0	0	0	0	0	0	0	0	0	0	0	0	0	0	0	
183072	Cuneus_R	0	0	0	0	0	0	0	0	0	0	0	0	0	0	0	0	0	0	0	146	0	0	0	0	0	0	0	0	0	0	0	0	0	1590	0	414	0	0	0	0	0	0	5638	22530	5784	0	188	2820	0	23836	0	6724	0	454	0	296	0	0	0	2492	0	0	0	0	0	170	2982	13358	0	224	0	0	0	0	0	0	0	0	0	0	0	0	0	0	0	1400	0	0	0	334	0	0	0	0	0	0	0	0	0	0	0	0	0	0	0	0	0	0	0	0	156	0	0	0	0	0	
256468	Lingual_L	332	0	0	0	0	0	0	0	0	0	0	0	0	0	0	0	0	0	0	0	0	0	0	0	0	0	0	0	0	0	0	0	0	0	1012	0	4414	0	3186	0	0	0	12584	764	1976	188	0	2812	5600	0	13480	0	6016	0	18108	586	0	0	0	0	0	0	0	0	0	0	2822	0	0	0	0	0	580	0	0	0	200	0	0	0	0	0	0	0	0	0	0	0	202	0	7714	1550	1456	348	0	200	11786	984	15582	2242	0	0	220	498	0	0	0	0	0	448	4280	4116	976	500	472	0	
249492	Lingual_R	0	0	0	0	0	0	0	0	0	0	0	0	0	0	0	0	0	0	0	388	0	0	0	0	0	0	0	0	0	0	0	0	0	446	0	2546	0	1910	0	2626	0	0	1412	13842	652	2820	2812	0	0	4696	0	4874	0	2310	1936	14288	0	122	0	0	0	0	0	188	0	414	0	7130	0	378	0	0	0	0	0	0	0	190	0	0	0	0	0	0	0	1226	0	0	0	428	4336	4742	642	378	188	342	3670	4434	7140	10456	494	0	824	624	506	0	0	0	0	258	7250	8750	1460	340	278	0	
177676	Occipital_Sup_L	270	0	0	0	0	0	0	0	0	0	0	0	0	0	0	0	114	0	0	0	0	0	0	0	0	0	0	0	184	0	0	0	198	0	140	0	440	0	0	0	0	0	8942	0	16258	0	5600	0	0	0	26644	0	3706	0	1926	0	514	0	9330	0	1176	0	0	0	538	0	8592	0	658	0	0	0	0	0	0	0	0	0	0	0	220	0	0	0	2436	0	0	0	840	0	112	0	0	0	0	0	0	0	0	0	0	0	0	0	0	0	0	0	0	0	0	0	0	0	0	0	
222464	Occipital_Sup_R	0	258	0	0	0	0	0	0	0	0	0	0	0	0	0	0	0	0	0	762	0	0	0	0	0	0	0	0	0	0	0	0	0	3116	0	792	0	0	0	0	0	0	2752	18176	1862	23836	0	4696	0	0	0	20690	0	858	0	932	0	400	0	5622	0	2226	0	378	0	4552	1036	12992	0	948	0	0	0	0	0	0	0	0	0	0	0	0	0	0	0	3830	0	0	0	518	0	0	0	0	0	0	0	0	0	0	0	0	0	0	0	0	0	0	0	0	0	0	0	0	0	0	
383580	Occipital_Mid_L	1380	0	0	0	0	0	0	0	0	0	0	0	0	0	0	0	480	0	0	270	0	0	0	0	0	0	0	0	954	0	0	0	544	0	620	0	1458	0	172	0	0	0	17706	0	7572	0	13480	0	26644	0	0	0	15828	0	6136	0	9634	0	15994	0	15264	0	642	0	14374	0	9656	130	4416	250	0	0	0	0	0	0	216	0	1162	0	1316	0	0	0	21534	0	0	0	3844	0	114	0	0	0	0	0	0	0	0	0	0	0	0	0	0	0	0	0	0	0	0	0	0	0	0	0	
179052	Occipital_Mid_R	0	164	0	0	0	0	0	0	0	0	0	0	0	0	0	0	0	0	0	160	0	0	0	0	0	0	0	0	0	0	0	0	0	1412	0	188	0	0	0	0	0	0	684	13582	288	6724	0	4874	0	20690	0	0	0	4038	0	1220	0	196	0	3922	0	3980	0	388	0	9938	0	4850	0	206	0	0	0	0	0	0	0	0	0	0	0	0	0	0	0	10706	0	0	0	1316	0	0	0	0	0	0	0	0	0	0	0	0	0	0	0	0	0	0	0	0	0	0	0	0	0	0	
77720	Occipital_Inf_L	0	0	0	0	0	0	0	0	0	0	0	0	0	0	0	0	0	0	0	0	0	0	0	0	0	0	0	0	0	0	0	0	0	0	0	0	338	0	0	0	0	0	4164	0	364	0	6016	0	3706	0	15828	0	0	0	5234	0	0	0	0	0	0	0	0	0	0	0	240	0	0	0	0	0	0	0	0	0	0	0	0	0	184	0	0	0	1156	0	0	0	1630	0	0	0	0	0	0	0	0	0	0	0	0	0	0	0	0	0	0	0	0	0	0	0	0	0	0	0	
41120	Occipital_Inf_R	0	0	0	0	0	0	0	0	0	0	0	0	0	0	0	0	0	0	0	0	0	0	0	0	0	0	0	0	0	0	0	0	0	0	0	0	0	0	0	272	0	0	194	2152	0	454	0	2310	0	858	0	4038	0	0	0	3030	0	0	0	0	0	0	0	142	0	258	0	480	0	0	0	0	0	0	0	0	0	0	0	0	0	0	0	0	0	2312	0	0	0	4060	0	0	0	0	0	0	0	0	0	0	0	0	0	0	0	0	0	0	0	0	0	0	0	0	0	0	
406064	Fusiform_L	2042	0	188	0	0	0	0	0	0	0	1080	0	0	0	0	0	1036	0	496	286	0	0	0	0	0	0	0	0	6398	0	0	0	0	0	454	0	19612	0	5388	0	3470	0	2374	0	116	0	18108	1936	1926	0	6136	0	5234	0	0	262	680	0	0	0	0	0	116	0	128	0	1250	0	900	0	0	0	3184	0	0	0	376	0	494	0	2176	0	2352	0	1818	0	806	0	20022	0	21986	856	5654	262	322	0	15028	0	33900	1366	1938	0	2862	344	406	0	0	0	0	0	2492	3932	506	186	148	0	
354716	Fusiform_R	0	576	0	208	0	0	0	194	0	0	0	972	0	0	0	120	0	1318	0	466	0	164	0	0	0	0	0	0	0	6388	0	0	0	0	360	462	310	23442	0	15878	0	7020	136	2762	0	296	586	14288	0	932	0	1220	0	3030	262	0	0	472	0	0	0	0	0	172	0	0	0	244	0	0	0	0	0	8098	0	0	234	696	0	0	0	1172	0	5116	0	1642	0	1846	0	10940	852	16848	212	1916	0	1060	962	8244	1794	22434	0	732	228	2880	274	0	0	0	0	112	3714	2340	480	138	116	0	
311152	Postcentral_L	32698	0	3556	0	0	0	1506	0	0	0	1866	0	296	0	0	0	8122	0	3838	3958	0	0	0	0	0	0	0	0	5304	0	0	0	174	114	2406	318	2206	110	142	0	0	0	172	0	0	0	0	0	514	0	9634	0	0	0	680	0	0	0	8830	0	20580	0	11048	0	1298	0	5148	0	12884	0	1226	0	1134	0	906	0	3198	0	1592	0	3706	0	0	0	4500	0	0	0	1912	0	0	0	0	0	0	0	0	0	0	0	0	0	0	0	0	0	0	0	0	0	0	0	0	0	0	0	
130120	Postcentral_R	0	20540	730	1356	0	0	0	1316	0	0	0	1238	0	0	0	0	0	2062	734	1020	0	0	0	0	0	0	0	0	0	2044	0	0	0	1688	0	1286	0	2250	0	182	0	0	0	222	0	0	0	122	0	400	0	196	0	0	0	472	0	0	0	1696	0	2676	0	8508	0	348	0	2452	0	6300	714	282	0	1746	0	112	0	0	0	162	0	300	0	0	0	654	0	0	0	1252	0	0	0	0	0	0	0	0	0	0	0	0	0	0	0	0	0	0	0	0	0	0	0	0	0	0	
133884	Parietal_Sup_L	136	0	0	0	0	0	0	0	0	0	0	0	0	0	0	0	0	0	0	126	0	0	0	0	0	0	0	0	0	0	0	0	0	0	184	0	154	0	0	0	0	0	0	0	2020	0	0	0	9330	0	15994	0	0	0	0	0	8830	0	0	0	13802	0	0	0	1532	0	9938	162	3310	114	0	0	0	0	0	0	0	0	0	0	188	0	0	0	690	0	0	0	432	0	0	0	0	0	0	0	0	0	0	0	0	0	0	0	0	0	0	0	0	0	0	0	0	0	0	0	
99800	Parietal_Sup_R	0	524	0	0	0	0	0	112	0	0	0	0	0	0	0	0	0	0	0	0	0	0	0	0	0	0	0	0	0	172	0	0	0	468	0	192	0	0	0	0	0	0	0	720	0	2492	0	0	0	5622	0	3922	0	0	0	0	0	1696	0	0	0	7848	0	156	0	8458	474	10234	0	906	0	0	0	0	0	0	0	0	0	0	0	394	0	0	0	3696	0	0	0	1814	0	0	0	0	0	0	0	0	0	0	0	0	0	0	0	0	0	0	0	0	0	0	0	0	0	0	
177368	Parietal_Inf_L	4442	0	110	0	0	0	142	0	0	0	1010	0	114	0	0	0	1206	0	132	442	0	0	0	0	0	0	0	0	1062	0	0	0	0	0	0	0	216	0	0	0	0	0	0	0	0	0	0	0	1176	0	15264	0	0	0	0	0	20580	0	13802	0	0	0	13236	0	7240	0	1424	0	2724	0	240	0	0	0	0	0	0	0	262	0	1354	0	0	0	1602	0	0	0	904	0	0	0	0	0	0	0	0	0	0	0	0	0	0	0	0	0	0	0	0	0	0	0	0	0	0	0	
146696	Parietal_Inf_R	0	790	144	422	0	0	0	454	0	0	0	0	0	0	0	0	0	280	142	684	0	0	0	0	0	0	0	0	0	382	0	320	0	2234	0	900	0	350	0	0	0	0	0	438	0	0	0	0	0	2226	0	3980	0	0	0	0	0	2676	0	7848	0	0	0	7466	0	24580	0	4306	0	454	124	0	0	0	0	0	0	0	0	112	0	758	0	0	0	7208	0	0	0	4070	0	0	0	0	0	0	0	0	0	0	0	0	0	0	0	0	0	0	0	0	0	0	0	0	0	0	
115524	SupraMarginal_L	3226	0	218	0	0	0	0	0	0	0	274	0	0	0	0	0	3986	0	762	1058	0	0	0	0	0	0	0	0	2494	0	0	0	0	0	0	0	422	0	0	0	0	0	0	0	0	0	0	0	0	0	642	0	0	0	116	0	11048	0	0	0	13236	0	0	0	4602	0	0	0	1100	0	0	0	0	0	0	0	0	0	808	0	7088	0	0	0	4176	0	0	0	2506	0	0	0	0	0	0	0	0	0	0	0	0	0	0	0	0	0	0	0	0	0	0	0	0	0	0	0	
81836	SupraMarginal_R	0	1752	0	550	0	0	0	580	0	0	0	0	0	0	0	0	0	1038	0	1310	0	0	0	0	0	0	0	0	0	758	0	114	0	438	0	176	0	1510	0	0	0	0	0	316	0	0	0	188	0	378	0	388	0	142	0	172	0	8508	0	156	0	7466	0	0	0	5394	0	1850	0	932	0	0	0	0	0	0	0	0	0	190	0	2402	0	0	0	2732	0	0	0	1478	0	0	0	0	0	0	0	0	0	0	0	0	0	0	0	0	0	0	0	0	0	0	0	0	0	0	
91032	Angular_L	790	0	0	0	0	0	0	0	0	0	0	0	0	0	0	0	846	0	0	0	0	0	0	0	0	0	0	0	338	0	0	0	0	0	0	0	822	0	0	0	0	0	0	0	0	0	0	0	538	0	14374	0	0	0	128	0	1298	0	1532	0	7240	0	4602	0	0	0	264	0	948	0	0	0	0	0	0	0	0	0	166	0	1664	0	0	0	7380	0	0	0	2586	0	0	0	0	0	0	0	0	0	0	0	0	0	0	0	0	0	0	0	0	0	0	0	0	0	0	0	
176556	Angular_R	0	300	0	202	0	0	0	230	0	0	0	0	0	0	0	0	0	172	0	722	0	0	0	0	0	0	0	0	0	302	0	152	0	2858	0	1038	0	220	0	0	0	0	0	1060	0	170	0	414	0	4552	0	9938	0	258	0	0	0	348	0	8458	0	24580	0	5394	0	0	0	6058	0	672	0	0	0	0	0	0	0	0	0	0	0	1178	0	0	0	13168	0	0	0	5834	0	0	0	0	0	0	0	0	0	0	0	0	0	0	0	0	0	0	0	0	0	0	0	0	0	0	
174212	Precuneus_L	0	0	0	0	0	0	0	0	0	0	0	0	0	0	0	0	0	0	0	1166	0	0	0	0	0	0	0	0	0	0	0	0	2046	968	5364	1054	2654	448	1496	0	0	0	8182	0	5784	2982	2822	0	8592	1036	9656	0	240	0	1250	0	5148	0	9938	474	1424	0	0	0	264	0	0	5506	5444	952	0	0	0	0	0	0	0	0	0	0	0	0	0	0	1878	0	0	0	338	0	0	0	0	0	0	0	0	0	0	0	0	0	0	0	0	0	0	0	0	0	0	0	0	0	0	0	
268204	Precuneus_R	0	1592	0	226	0	0	0	234	0	0	0	0	0	0	0	0	0	182	0	2432	0	0	0	0	0	0	0	0	0	0	0	0	394	11606	1020	10058	554	2588	0	1428	0	0	0	16032	0	13358	0	7130	0	12992	130	4850	0	480	0	244	0	2452	162	10234	0	4306	0	1850	0	6058	5506	0	0	4868	0	0	0	0	0	0	318	322	0	0	0	358	0	0	0	6058	0	0	0	2332	0	0	0	0	0	0	0	0	0	0	0	0	0	0	0	0	0	0	0	0	1748	0	0	0	0	0	
329920	Paracentral_Lobule_L	31424	854	6872	168	0	0	112	522	0	0	406	0	0	0	0	0	1316	0	16506	16036	0	0	0	0	0	0	0	0	2162	0	0	138	3006	9202	5562	1796	2752	274	262	0	0	0	176	0	0	0	0	0	658	0	4416	0	0	0	900	0	12884	0	3310	0	2724	0	1100	0	948	0	5444	0	0	3426	2080	476	4510	0	3162	0	13802	244	224	0	1116	0	0	0	2268	0	0	0	1722	0	0	0	0	0	0	0	0	0	0	0	0	0	0	0	0	0	0	0	0	0	0	0	0	0	0	0	
140588	Paracentral_Lobule_R	0	5544	0	352	0	0	0	350	0	0	0	0	0	0	0	0	0	124	246	17164	0	0	0	0	0	0	0	0	0	346	0	0	550	10674	1228	5740	0	992	0	0	0	0	0	860	0	224	0	378	0	948	250	206	0	0	0	0	0	6300	114	906	0	454	0	932	0	672	952	4868	3426	0	0	0	0	0	0	0	0	220	0	0	0	1360	0	0	0	2348	0	0	0	1566	0	0	0	0	0	0	0	0	0	0	0	0	0	0	0	0	0	0	0	0	0	0	0	0	0	0	
324900	Caudate_L	7658	1276	22500	3566	1734	1140	1782	5928	0	0	548	112	1892	176	1358	0	0	654	24672	2830	8386	7814	406	202	1164	416	4444	2006	3636	396	8296	2360	518	132	0	0	228	0	0	0	0	0	0	0	0	0	0	0	0	0	0	0	0	0	0	0	1226	714	0	0	240	124	0	0	0	0	0	0	2080	0	0	12400	16442	1350	2190	236	6674	544	0	0	0	0	0	0	0	0	0	0	0	0	0	0	0	0	0	0	0	0	0	0	0	0	0	0	0	0	0	0	0	0	0	0	0	0	0	0	
470736	Caudate_R	4790	3172	8666	22684	340	6532	384	13374	0	728	134	5742	268	2592	242	1632	0	3594	8948	20570	5100	7098	804	10658	312	5678	2408	4708	750	7920	3376	19266	0	2944	0	0	0	288	0	0	0	0	0	0	0	0	0	0	0	0	0	0	0	0	0	0	0	282	0	0	0	0	0	0	0	0	0	0	476	0	12400	0	4238	27762	164	2444	1010	10890	0	0	0	0	0	0	0	0	0	0	0	0	0	0	0	0	0	0	0	0	0	0	0	0	0	0	0	0	0	0	0	0	0	0	0	0	0	0	
358760	Putamen_L	12118	0	17606	392	6124	750	2630	132	1406	0	6904	0	2066	0	3714	0	1710	0	18786	2146	4404	3926	2092	176	850	394	2066	1328	20814	0	7950	1408	866	130	0	0	9952	0	1960	0	446	0	0	0	0	0	580	0	0	0	0	0	0	0	3184	0	1134	0	0	0	0	0	0	0	0	0	0	0	4510	0	16442	4238	0	724	8488	0	922	0	470	0	658	0	672	0	0	0	0	0	2112	0	0	0	0	0	0	0	0	0	0	0	0	0	0	0	0	0	0	0	0	0	0	0	0	0	0	0	
427404	Putamen_R	1234	4324	2652	18102	0	6086	166	7574	0	1726	0	13000	0	3870	0	4638	0	7290	2748	6224	1058	1522	812	8658	0	4916	708	3324	0	27060	1268	13866	202	2328	0	0	0	14702	0	6808	0	1394	0	0	0	0	0	0	0	0	0	0	0	0	0	8098	0	1746	0	0	0	0	0	0	0	0	0	0	0	0	1350	27762	724	0	0	2666	340	716	0	0	0	278	0	330	0	114	0	0	0	1318	0	0	0	0	0	0	0	0	0	0	0	0	0	0	0	0	0	0	0	0	0	0	0	0	0	0	
65596	Pallidum_L	3256	0	1242	0	0	0	1044	0	0	0	1554	0	0	0	0	0	476	0	4004	1368	0	0	0	0	0	0	0	0	956	0	0	0	0	0	0	0	786	0	0	0	0	0	0	0	0	0	0	0	0	0	0	0	0	0	0	0	906	0	0	0	0	0	0	0	0	0	0	0	3162	0	2190	164	8488	0	0	0	2850	0	352	0	0	0	0	0	0	0	0	0	0	0	0	0	0	0	0	0	0	0	0	0	0	0	0	0	0	0	0	0	0	0	0	0	0	0	0	0	
21392	Pallidum_R	0	798	158	284	0	0	0	524	0	0	0	1056	0	0	0	0	0	212	158	284	0	0	0	0	0	0	0	0	0	522	0	310	0	0	0	0	0	484	0	448	0	0	0	0	0	0	0	0	0	0	0	0	0	0	0	0	0	112	0	0	0	0	0	0	0	0	0	0	0	0	236	2444	0	2666	0	0	0	0	0	0	0	0	0	0	0	0	0	0	0	0	0	0	0	0	0	0	0	0	0	0	0	0	0	0	0	0	0	0	0	0	0	0	0	0	0	0	
183976	Thalamus_L	25772	846	2318	1262	0	0	500	1226	0	0	468	1160	0	310	0	0	148	242	1928	2414	0	0	0	0	0	0	0	0	918	750	0	0	0	360	2736	3612	5782	2114	408	644	0	0	0	0	0	0	200	0	0	0	216	0	0	0	376	234	3198	0	0	0	0	0	0	0	0	0	0	318	13802	0	6674	1010	922	340	2850	0	0	3620	794	0	176	0	0	0	652	0	0	0	688	0	0	0	0	0	0	0	0	0	0	0	0	0	0	0	0	0	0	0	0	0	0	0	0	0	0	0	
128956	Thalamus_R	478	688	432	1428	0	0	0	356	0	0	0	0	0	0	0	0	0	0	436	33706	0	0	0	0	0	0	0	0	0	324	0	0	0	0	682	1644	334	4410	0	1548	0	0	0	0	0	0	0	190	0	0	0	0	0	0	0	696	0	0	0	0	0	0	0	0	0	0	0	322	244	220	544	10890	0	716	0	0	3620	0	0	0	0	116	0	0	0	0	0	0	0	454	0	0	0	0	0	0	0	0	0	0	0	0	0	0	0	0	0	0	0	0	0	0	0	0	0	0	
73764	Heschl_L	4556	0	192	0	0	0	0	0	0	0	1032	0	0	0	0	0	2112	0	200	0	0	0	0	0	0	0	0	0	7230	0	0	0	0	0	114	0	4486	0	0	0	0	0	160	0	0	0	0	0	0	0	1162	0	0	0	494	0	1592	0	0	0	262	0	808	0	166	0	0	0	224	0	0	0	470	0	352	0	794	0	0	0	4484	0	0	0	4944	0	0	0	1048	0	0	0	0	0	0	0	0	0	0	0	0	0	0	0	0	0	0	0	0	0	0	0	0	0	0	0	
15180	Heschl_R	0	0	0	250	0	0	0	204	0	0	0	0	0	0	0	0	0	1402	0	238	0	0	0	0	0	0	0	0	0	806	0	328	0	0	0	0	0	452	0	0	0	0	0	0	0	0	0	0	0	0	0	0	0	0	0	0	0	162	0	0	0	112	0	190	0	0	0	0	0	0	0	0	0	0	0	0	0	0	0	0	0	2656	0	0	0	790	0	0	0	0	0	0	0	0	0	0	0	0	0	0	0	0	0	0	0	0	0	0	0	0	0	0	0	0	0	0	
144124	Temporal_Sup_L	2554	0	1754	0	0	0	0	0	0	0	1500	0	0	0	0	0	7312	0	2100	134	0	0	0	0	0	0	0	0	6966	0	0	0	0	0	0	0	1998	0	0	0	0	0	122	0	0	0	0	0	220	0	1316	0	184	0	2176	0	3706	0	188	0	1354	0	7088	0	1664	0	0	0	1116	0	0	0	658	0	0	0	176	0	4484	0	0	0	4906	0	14054	0	0	0	4332	0	0	0	0	0	0	0	0	0	0	0	0	0	0	0	0	0	0	0	0	0	0	0	0	0	0	0	
58808	Temporal_Sup_R	0	140	0	0	0	0	0	0	0	0	0	0	0	0	0	0	0	1284	0	2168	0	0	0	0	0	0	0	0	0	3196	0	0	0	224	0	0	0	1924	0	116	0	0	0	0	0	0	0	0	0	0	0	0	0	0	0	1172	0	300	0	394	0	758	0	2402	0	1178	0	358	0	1360	0	0	0	278	0	0	0	116	0	2656	0	0	0	1134	0	6188	0	0	0	2058	0	0	0	0	0	0	0	0	0	0	0	0	0	0	0	0	0	0	0	0	0	0	0	0	0	0	
92040	Temporal_Pole_Sup_L	0	0	842	0	540	0	566	0	698	0	2192	0	1664	0	4250	0	1212	0	384	0	510	0	0	0	0	0	0	0	4954	0	0	0	0	0	0	0	1268	0	1142	0	646	0	0	0	0	0	0	0	0	0	0	0	0	0	2352	0	0	0	0	0	0	0	0	0	0	0	0	0	0	0	0	0	672	0	0	0	0	0	0	0	4906	0	0	0	8688	0	2798	0	5736	0	0	0	0	0	0	0	0	0	0	0	0	0	0	0	0	0	0	0	0	0	0	0	0	0	0	0	
44876	Temporal_Pole_Sup_R	0	0	0	0	0	0	0	0	0	0	0	0	0	0	0	0	0	116	0	0	0	188	0	0	0	0	0	0	0	334	0	0	0	0	0	0	0	1528	0	2680	0	2872	0	0	0	0	0	0	0	0	0	0	0	0	0	5116	0	0	0	0	0	0	0	0	0	0	0	0	0	0	0	0	0	330	0	0	0	0	0	0	0	1134	0	0	0	1840	0	3474	0	2826	0	0	0	0	0	0	0	0	0	0	0	0	0	0	0	0	0	0	0	0	0	0	0	0	0	0	
236728	Temporal_Mid_L	3506	0	0	0	0	0	0	0	0	0	0	0	0	0	0	0	700	0	0	122	0	0	0	0	0	0	0	0	1948	0	0	0	0	0	268	0	4526	0	0	0	0	0	1488	0	1032	0	0	0	2436	0	21534	0	1156	0	1818	0	4500	0	690	0	1602	0	4176	0	7380	0	1878	0	2268	0	0	0	0	0	0	0	652	0	4944	0	14054	0	8688	0	0	0	2290	0	24708	0	0	0	0	0	0	0	0	0	0	0	0	0	0	0	0	0	0	0	0	0	0	0	0	0	0	0	
207956	Temporal_Mid_R	0	0	0	0	0	0	0	0	0	0	0	0	0	0	0	0	0	228	0	3392	0	0	0	0	0	0	0	0	0	926	0	0	0	1498	0	754	0	850	0	0	0	0	0	8870	0	1400	0	1226	0	3830	0	10706	0	2312	0	1642	0	654	0	3696	0	7208	0	2732	0	13168	0	6058	0	2348	0	0	0	114	0	0	0	0	0	790	0	6188	0	1840	0	0	0	278	0	21270	0	0	0	0	0	0	0	0	0	0	0	0	0	0	0	0	0	0	0	0	0	0	0	0	0	0	
16868	Temporal_Pole_Mid_L	0	0	0	0	0	0	0	0	0	0	0	0	0	0	0	0	0	0	0	0	0	0	0	0	0	0	0	0	0	0	0	0	0	0	0	0	0	0	144	0	0	0	0	0	0	0	0	0	0	0	0	0	0	0	806	0	0	0	0	0	0	0	0	0	0	0	0	0	0	0	0	0	0	0	0	0	0	0	0	0	0	0	2798	0	2290	0	0	0	2396	0	0	0	0	0	0	0	0	0	0	0	0	0	0	0	0	0	0	0	0	0	0	0	0	0	0	0	
17696	Temporal_Pole_Mid_R	0	0	0	0	0	0	0	0	0	0	0	0	0	0	0	0	0	0	0	0	0	0	0	0	0	0	0	0	0	0	0	0	0	0	0	0	0	0	0	1566	0	202	0	0	0	0	0	0	0	0	0	0	0	0	0	1846	0	0	0	0	0	0	0	0	0	0	0	0	0	0	0	0	0	0	0	0	0	0	0	0	0	0	0	3474	0	278	0	0	0	1482	0	0	0	0	0	0	0	0	0	0	0	0	0	0	0	0	0	0	0	0	0	0	0	0	0	0	
244760	Temporal_Inf_L	4438	0	148	0	0	0	0	0	0	0	1150	0	0	0	0	0	1234	0	414	240	0	0	0	0	0	0	0	0	6948	0	0	0	0	0	120	0	17174	0	448	0	1384	0	120	0	112	0	202	0	840	0	3844	0	1630	0	20022	0	1912	0	432	0	904	0	2506	0	2586	0	338	0	1722	0	0	0	2112	0	0	0	688	0	1048	0	4332	0	5736	0	24708	0	2396	0	0	0	4456	0	1754	0	0	0	220	0	960	0	1620	0	1482	0	0	0	0	0	0	0	0	0	0	0	0	0	
166016	Temporal_Inf_R	0	612	0	0	0	0	0	0	0	0	0	122	0	0	0	0	0	318	0	2694	0	0	0	0	0	0	0	0	0	2506	0	0	0	500	0	468	0	4292	0	1556	0	0	0	2126	0	334	0	428	0	518	0	1316	0	4060	0	10940	0	1252	0	1814	0	4070	0	1478	0	5834	0	2332	0	1566	0	0	0	1318	0	0	0	454	0	0	0	2058	0	2826	0	21270	0	1482	0	0	0	1374	0	238	0	0	0	0	0	322	0	216	0	314	0	0	0	0	0	0	0	0	0	0	0	0	
561864	Cerebelum_Crus1_L	0	0	0	0	0	0	0	0	0	0	0	0	0	0	0	0	0	0	0	0	0	0	0	0	0	0	0	0	0	0	0	0	0	0	0	0	232	0	0	0	0	0	114	0	0	0	7714	4336	112	0	114	0	0	0	21986	852	0	0	0	0	0	0	0	0	0	0	0	0	0	0	0	0	0	0	0	0	0	0	0	0	0	0	0	0	0	0	0	0	4456	0	0	1796	48598	2464	1892	2546	19248	1502	58628	5058	24826	372	27074	4042	4032	1040	1454	0	278	2478	6992	10646	8120	4746	2858	326	
424140	Cerebelum_Crus1_R	0	0	0	0	0	0	0	0	0	0	0	0	0	0	0	0	0	0	0	0	0	0	0	0	0	0	0	0	0	0	0	0	0	0	0	0	0	0	0	0	0	0	0	0	0	0	1550	4742	0	0	0	0	0	0	856	16848	0	0	0	0	0	0	0	0	0	0	0	0	0	0	0	0	0	0	0	0	0	0	0	0	0	0	0	0	0	0	0	0	0	1374	1796	0	736	38076	268	2078	2904	13298	4786	47404	232	13280	336	35236	994	1070	0	0	0	1008	9584	7924	3912	998	780	0	
394968	Cerebelum_Crus2_L	0	0	0	0	0	0	0	0	0	0	0	0	0	0	0	0	0	0	0	0	0	0	0	0	0	0	0	0	0	0	0	0	0	0	0	0	0	0	0	0	0	0	0	0	0	0	1456	642	0	0	0	0	0	0	5654	212	0	0	0	0	0	0	0	0	0	0	0	0	0	0	0	0	0	0	0	0	0	0	0	0	0	0	0	0	0	0	0	0	1754	0	48598	736	0	6216	430	742	4678	382	14936	1160	41700	3244	37470	6738	1526	642	1016	0	0	522	1734	2272	6988	5236	800	0	
316012	Cerebelum_Crus2_R	0	0	0	0	0	0	0	0	0	0	0	0	0	0	0	0	0	0	0	0	0	0	0	0	0	0	0	0	0	0	0	0	0	0	0	0	0	0	0	0	0	0	0	0	0	0	348	378	0	0	0	0	0	0	262	1916	0	0	0	0	0	0	0	0	0	0	0	0	0	0	0	0	0	0	0	0	0	0	0	0	0	0	0	0	0	0	0	0	0	238	2464	38076	6216	0	0	1106	460	2690	1302	8370	3234	25790	3608	42952	184	1966	130	0	0	414	2810	1252	7046	4120	674	0	
42880	Cerebelum_3_L	0	0	0	0	0	0	0	0	0	0	0	0	0	0	0	0	0	0	0	0	0	0	0	0	0	0	0	0	0	0	0	0	0	0	0	0	0	0	0	0	0	0	0	0	0	0	0	188	0	0	0	0	0	0	322	0	0	0	0	0	0	0	0	0	0	0	0	0	0	0	0	0	0	0	0	0	0	0	0	0	0	0	0	0	0	0	0	0	0	0	1892	268	430	0	0	204	7260	0	3422	604	310	0	400	0	990	0	114	0	882	1592	748	978	134	330	180	192	
108320	Cerebelum_3_R	0	0	0	0	0	0	0	0	0	0	0	0	0	0	0	0	0	0	0	0	0	0	0	0	0	0	0	0	0	0	0	0	0	0	0	0	0	0	0	0	0	0	0	0	0	0	200	342	0	0	0	0	0	0	0	1060	0	0	0	0	0	0	0	0	0	0	0	0	0	0	0	0	0	0	0	0	0	0	0	0	0	0	0	0	0	0	0	0	0	0	2546	2078	742	1106	204	0	2224	5896	2002	4978	496	140	1094	3846	830	1504	112	0	320	4112	4970	1724	4718	4146	2770	0	
349164	Cerebelum_4_5_L	0	0	0	0	0	0	0	0	0	0	0	0	0	0	0	0	0	0	0	0	0	0	0	0	0	0	0	0	0	0	0	0	0	0	0	0	150	0	0	0	0	0	0	0	0	0	11786	3670	0	0	0	0	0	0	15028	962	0	0	0	0	0	0	0	0	0	0	0	0	0	0	0	0	0	0	0	0	0	0	0	0	0	0	0	0	0	0	0	0	220	0	19248	2904	4678	460	7260	2224	0	2990	38272	6122	1502	240	2436	1196	5778	1392	594	0	1088	4522	16080	9626	3256	4314	4350	2234	
204184	Cerebelum_4_5_R	0	0	0	0	0	0	0	0	0	0	0	0	0	0	0	0	0	0	0	0	0	0	0	0	0	0	0	0	0	0	0	0	0	0	0	0	0	196	0	344	0	0	0	0	0	0	984	4434	0	0	0	0	0	0	0	8244	0	0	0	0	0	0	0	0	0	0	0	0	0	0	0	0	0	0	0	0	0	0	0	0	0	0	0	0	0	0	0	0	0	0	1502	13298	382	2690	0	5896	2990	0	1230	23752	304	2014	860	6534	576	1288	0	0	0	1158	15564	672	2830	2680	1670	0	
559740	Cerebelum_6_L	0	0	0	0	0	0	0	0	0	0	0	0	0	0	0	0	0	0	0	0	0	0	0	0	0	0	0	0	0	0	0	0	0	0	0	0	492	0	0	0	0	0	0	0	0	0	15582	7140	0	0	0	0	0	0	33900	1794	0	0	0	0	0	0	0	0	0	0	0	0	0	0	0	0	0	0	0	0	0	0	0	0	0	0	0	0	0	0	0	0	960	0	58628	4786	14936	1302	3422	2002	38272	1230	0	10380	6960	236	9612	1964	8390	1878	1508	0	602	3258	11710	21264	5636	5100	4510	2416	
413756	Cerebelum_6_R	0	0	0	0	0	0	0	0	0	0	0	0	0	0	0	0	0	0	0	0	0	0	0	0	0	0	0	0	0	0	0	0	0	0	0	0	0	0	0	0	0	0	0	0	0	0	2242	10456	0	0	0	0	0	0	1366	22434	0	0	0	0	0	0	0	0	0	0	0	0	0	0	0	0	0	0	0	0	0	0	0	0	0	0	0	0	0	0	0	0	0	322	5058	47404	1160	8370	604	4978	6122	23752	10380	0	866	3214	1382	13366	2630	702	196	0	0	2052	16678	14296	4412	1374	1062	0	
315376	Cerebelum_7b_L	0	0	0	0	0	0	0	0	0	0	0	0	0	0	0	0	0	0	0	0	0	0	0	0	0	0	0	0	0	0	0	0	0	0	0	0	0	0	0	0	0	0	0	0	0	0	0	494	0	0	0	0	0	0	1938	0	0	0	0	0	0	0	0	0	0	0	0	0	0	0	0	0	0	0	0	0	0	0	0	0	0	0	0	0	0	0	0	0	1620	0	24826	232	41700	3234	310	496	1502	304	6960	866	0	3030	43284	5148	5116	1040	2272	0	0	264	664	1382	3804	6134	880	188	
183392	Cerebelum_7b_R	0	0	0	0	0	0	0	0	0	0	0	0	0	0	0	0	0	0	0	0	0	0	0	0	0	0	0	0	0	0	0	0	0	0	0	0	0	0	0	0	0	0	0	0	0	0	0	0	0	0	0	0	0	0	0	732	0	0	0	0	0	0	0	0	0	0	0	0	0	0	0	0	0	0	0	0	0	0	0	0	0	0	0	0	0	0	0	0	0	216	372	13280	3244	25790	0	140	240	2014	236	3214	3030	0	2944	27296	0	2128	0	0	0	0	1982	0	1560	3278	0	0	
382080	Cerebelum_8_L	0	0	0	0	0	0	0	0	0	0	0	0	0	0	0	0	0	0	0	0	0	0	0	0	0	0	0	0	0	0	0	0	0	0	0	0	0	0	0	0	0	0	0	0	0	0	220	824	0	0	0	0	0	0	2862	228	0	0	0	0	0	0	0	0	0	0	0	0	0	0	0	0	0	0	0	0	0	0	0	0	0	0	0	0	0	0	0	0	1482	0	27074	336	37470	3608	400	1094	2436	860	9612	1382	43284	2944	0	8514	15298	3022	5128	0	0	344	1418	1994	5560	10432	3050	164	
427116	Cerebelum_8_R	0	0	0	0	0	0	0	0	0	0	0	0	0	0	0	0	0	0	0	0	0	0	0	0	0	0	0	0	0	0	0	0	0	0	0	0	0	0	0	0	0	0	0	0	0	0	498	624	0	0	0	0	0	0	344	2880	0	0	0	0	0	0	0	0	0	0	0	0	0	0	0	0	0	0	0	0	0	0	0	0	0	0	0	0	0	0	0	0	0	314	4042	35236	6738	42952	0	3846	1196	6534	1964	13366	5148	27296	8514	0	930	14830	382	384	0	1212	6122	2168	11344	11326	3368	0	
162700	Cerebelum_9_L	0	0	0	0	0	0	0	0	0	0	0	0	0	0	0	0	0	0	0	0	0	0	0	0	0	0	0	0	0	0	0	0	0	0	0	0	0	0	0	0	0	0	0	0	0	0	0	506	0	0	0	0	0	0	406	274	0	0	0	0	0	0	0	0	0	0	0	0	0	0	0	0	0	0	0	0	0	0	0	0	0	0	0	0	0	0	0	0	0	0	4032	994	1526	184	990	830	5778	576	8390	2630	5116	0	15298	930	0	2770	7102	0	474	1022	3300	6066	1774	4324	3636	2422	
129984	Cerebelum_9_R	0	0	0	0	0	0	0	0	0	0	0	0	0	0	0	0	0	0	0	0	0	0	0	0	0	0	0	0	0	0	0	0	0	0	0	0	0	0	0	0	0	0	0	0	0	0	0	0	0	0	0	0	0	0	0	0	0	0	0	0	0	0	0	0	0	0	0	0	0	0	0	0	0	0	0	0	0	0	0	0	0	0	0	0	0	0	0	0	0	0	1040	1070	642	1966	0	1504	1392	1288	1878	702	1040	2128	3022	14830	2770	0	400	1452	228	648	2188	2460	4850	7480	7690	2324	
46704	Cerebelum_10_L	0	0	0	0	0	0	0	0	0	0	0	0	0	0	0	0	0	0	0	0	0	0	0	0	0	0	0	0	0	0	0	0	0	0	0	0	0	0	0	0	0	0	0	0	0	0	0	0	0	0	0	0	0	0	0	0	0	0	0	0	0	0	0	0	0	0	0	0	0	0	0	0	0	0	0	0	0	0	0	0	0	0	0	0	0	0	0	0	0	0	1454	0	1016	130	114	112	594	0	1508	196	2272	0	5128	382	7102	400	0	0	0	0	130	580	592	924	450	268	
5092	Cerebelum_10_R	0	0	0	0	0	0	0	0	0	0	0	0	0	0	0	0	0	0	0	0	0	0	0	0	0	0	0	0	0	0	0	0	0	0	0	0	0	0	0	0	0	0	0	0	0	0	0	0	0	0	0	0	0	0	0	0	0	0	0	0	0	0	0	0	0	0	0	0	0	0	0	0	0	0	0	0	0	0	0	0	0	0	0	0	0	0	0	0	0	0	0	0	0	0	0	0	0	0	0	0	0	0	0	384	0	1452	0	0	0	0	0	0	168	242	300	0	
21984	Vermis_1_2	0	0	0	0	0	0	0	0	0	0	0	0	0	0	0	0	0	0	0	0	0	0	0	0	0	0	0	0	0	0	0	0	0	0	0	0	0	0	0	0	0	0	0	0	0	0	0	0	0	0	0	0	0	0	0	0	0	0	0	0	0	0	0	0	0	0	0	0	0	0	0	0	0	0	0	0	0	0	0	0	0	0	0	0	0	0	0	0	0	0	278	0	0	0	882	320	1088	0	602	0	0	0	0	0	474	228	0	0	0	4416	846	452	366	426	476	138	
92656	Vermis_3	0	0	0	0	0	0	0	0	0	0	0	0	0	0	0	0	0	0	0	0	0	0	0	0	0	0	0	0	0	0	0	0	0	0	0	0	0	0	0	0	0	0	0	0	0	0	448	258	0	0	0	0	0	0	0	112	0	0	0	0	0	0	0	0	0	0	0	0	0	0	0	0	0	0	0	0	0	0	0	0	0	0	0	0	0	0	0	0	0	0	2478	1008	522	414	1592	4112	4522	1158	3258	2052	264	0	344	1212	1022	648	0	0	4416	0	4920	2694	3000	2856	2716	302	
318076	Vermis_4_5	0	0	0	0	0	0	0	0	0	0	0	0	0	0	0	0	0	0	0	0	0	0	0	0	0	0	0	0	0	0	0	0	0	0	0	982	0	272	0	206	0	0	0	252	0	156	4280	7250	0	0	0	0	0	0	2492	3714	0	0	0	0	0	0	0	0	0	0	0	1748	0	0	0	0	0	0	0	0	0	0	0	0	0	0	0	0	0	0	0	0	0	0	6992	9584	1734	2810	748	4970	16080	15564	11710	16678	664	1982	1418	6122	3300	2188	130	0	846	4920	0	10216	5334	6002	5098	2596	
277108	Vermis_6	0	0	0	0	0	0	0	0	0	0	0	0	0	0	0	0	0	0	0	0	0	0	0	0	0	0	0	0	0	0	0	0	0	0	0	0	0	0	0	0	0	0	0	0	0	0	4116	8750	0	0	0	0	0	0	3932	2340	0	0	0	0	0	0	0	0	0	0	0	0	0	0	0	0	0	0	0	0	0	0	0	0	0	0	0	0	0	0	0	0	0	0	10646	7924	2272	1252	978	1724	9626	672	21264	14296	1382	0	1994	2168	6066	2460	580	0	452	2694	10216	0	6550	5230	4956	4014	
231612	Vermis_7	0	0	0	0	0	0	0	0	0	0	0	0	0	0	0	0	0	0	0	0	0	0	0	0	0	0	0	0	0	0	0	0	0	0	0	0	0	0	0	0	0	0	0	0	0	0	976	1460	0	0	0	0	0	0	506	480	0	0	0	0	0	0	0	0	0	0	0	0	0	0	0	0	0	0	0	0	0	0	0	0	0	0	0	0	0	0	0	0	0	0	8120	3912	6988	7046	134	4718	3256	2830	5636	4412	3804	1560	5560	11344	1774	4850	592	168	366	3000	5334	6550	0	12008	7816	606	
237000	Vermis_8	0	0	0	0	0	0	0	0	0	0	0	0	0	0	0	0	0	0	0	0	0	0	0	0	0	0	0	0	0	0	0	0	0	0	0	0	0	0	0	0	0	0	0	0	0	0	500	340	0	0	0	0	0	0	186	138	0	0	0	0	0	0	0	0	0	0	0	0	0	0	0	0	0	0	0	0	0	0	0	0	0	0	0	0	0	0	0	0	0	0	4746	998	5236	4120	330	4146	4314	2680	5100	1374	6134	3278	10432	11326	4324	7480	924	242	426	2856	6002	5230	12008	0	10854	2776	
