data	data	472260	519268	955288	960332	196148	204640	567408	398924	112712	19840	214740	361260	255604	196108	240728	167784	197692	116468	710628	901108	176260	210448	418968	382444	54084	113708	116896	204608	625976	483584	416116	652900	226492	546708	208712	269192	274148	394116	115936	246568	46948	49232	211920	281012	128592	199428	334680	373320	131272	175380	506652	270984	151408	209728	344048	358112	272224	306208	166100	132660	226892	91792	135232	96308	109880	109176	329320	392252	236832	395420	407812	470532	378292	426768	51892	30904	192176	256452	100176	50496	193092	136724	105148	74852	411164	262548	28064	38556	322832	319016	491224	521972	333476	357028	34240	70188	321928	183496	459360	451836	295352	184356	327608	309548	138736	176340	32296	16804	41956	87552	242300	252872	369140	207132	143840	69348	
data	data	Precentral_L	Precentral_R	Frontal_Sup_L	Frontal_Sup_R	Frontal_Sup_Orb_L	Frontal_Sup_Orb_R	Frontal_Mid_L	Frontal_Mid_R	Frontal_Mid_Orb_L	Frontal_Mid_Orb_R	Frontal_Inf_Oper_L	Frontal_Inf_Oper_R	Frontal_Inf_Tri_L	Frontal_Inf_Tri_R	Frontal_Inf_Orb_L	Frontal_Inf_Orb_R	Rolandic_Oper_L	Rolandic_Oper_R	Supp_Motor_Area_L	Supp_Motor_Area_R	Olfactory_L	Olfactory_R	Frontal_Sup_Medial_L	Frontal_Sup_Medial_R	Frontal_Med_Orb_L	Frontal_Med_Orb_R	Rectus_L	Rectus_R	Insula_L	Insula_R	Cingulum_Ant_L	Cingulum_Ant_R	Cingulum_Mid_L	Cingulum_Mid_R	Cingulum_Post_L	Cingulum_Post_R	Hippocampus_L	Hippocampus_R	ParaHippocampal_L	ParaHippocampal_R	Amygdala_L	Amygdala_R	Calcarine_L	Calcarine_R	Cuneus_L	Cuneus_R	Lingual_L	Lingual_R	Occipital_Sup_L	Occipital_Sup_R	Occipital_Mid_L	Occipital_Mid_R	Occipital_Inf_L	Occipital_Inf_R	Fusiform_L	Fusiform_R	Postcentral_L	Postcentral_R	Parietal_Sup_L	Parietal_Sup_R	Parietal_Inf_L	Parietal_Inf_R	SupraMarginal_L	SupraMarginal_R	Angular_L	Angular_R	Precuneus_L	Precuneus_R	Paracentral_Lobule_L	Paracentral_Lobule_R	Caudate_L	Caudate_R	Putamen_L	Putamen_R	Pallidum_L	Pallidum_R	Thalamus_L	Thalamus_R	Heschl_L	Heschl_R	Temporal_Sup_L	Temporal_Sup_R	Temporal_Pole_Sup_L	Temporal_Pole_Sup_R	Temporal_Mid_L	Temporal_Mid_R	Temporal_Pole_Mid_L	Temporal_Pole_Mid_R	Temporal_Inf_L	Temporal_Inf_R	Cerebelum_Crus1_L	Cerebelum_Crus1_R	Cerebelum_Crus2_L	Cerebelum_Crus2_R	Cerebelum_3_L	Cerebelum_3_R	Cerebelum_4_5_L	Cerebelum_4_5_R	Cerebelum_6_L	Cerebelum_6_R	Cerebelum_7b_L	Cerebelum_7b_R	Cerebelum_8_L	Cerebelum_8_R	Cerebelum_9_L	Cerebelum_9_R	Cerebelum_10_L	Cerebelum_10_R	Vermis_1_2	Vermis_3	Vermis_4_5	Vermis_6	Vermis_7	Vermis_8	Vermis_9	Vermis_10	
472260	Precentral_L	0	4180	20138	3760	0	0	31488	7482	0	0	14320	920	4248	0	294	102	8980	86	10514	6410	0	0	558	0	0	0	0	0	13594	228	2658	454	1458	1744	9036	1156	1662	860	0	80	0	0	168	0	84	0	112	0	360	0	3550	0	364	0	154	0	29932	434	960	0	4862	0	4702	0	432	0	1776	106	12860	4472	8038	488	1894	0	1782	0	1998	1098	3482	0	1710	0	0	0	2574	0	0	0	1328	0	0	0	0	0	0	0	0	0	0	0	0	0	0	0	0	0	0	0	0	0	0	0	0	0	0	0	
519268	Precentral_R	4180	0	7224	31142	0	0	2912	12878	0	0	198	8440	0	592	0	118	150	3044	8222	24906	0	0	0	294	0	0	0	0	496	5102	132	904	280	1422	2750	4142	1476	9914	172	3464	0	0	0	2134	0	326	0	1886	0	278	0	970	0	1416	0	2106	658	20826	0	204	0	352	0	1710	0	814	0	3872	2962	21340	1906	12782	126	3356	0	178	6418	23692	492	1512	112	1706	0	0	132	2944	0	0	94	7546	0	0	0	0	0	0	0	0	0	92	0	0	0	0	0	0	0	0	0	0	138	0	0	0	0	0	
955288	Frontal_Sup_L	20138	7224	0	5634	9816	90	79600	3152	6414	0	8854	542	18898	86	14270	274	6776	136	72680	11236	382	224	30870	1960	1228	166	1080	0	42324	462	17008	4616	5346	2704	3928	3968	7580	3706	746	666	0	0	0	0	0	0	248	710	0	0	442	0	0	0	1558	0	4082	152	126	0	732	0	472	0	0	0	762	836	1834	1262	11380	2240	26012	872	6408	200	9360	3798	4054	0	1336	0	1018	0	656	0	0	0	2102	0	0	0	0	0	0	0	0	82	0	0	0	0	0	0	0	0	0	0	0	0	126	0	0	0	0	0	
960332	Frontal_Sup_R	3760	31142	5634	0	86	9682	3970	48180	0	784	184	27430	150	12370	408	3086	0	6782	13982	56222	368	870	21764	40372	120	2804	102	1988	194	26498	8486	43222	3614	27150	0	0	0	5832	0	1776	0	0	0	0	0	0	0	268	0	0	0	0	0	0	0	1674	610	468	0	0	0	0	0	124	0	0	0	0	764	1710	1366	20012	400	23048	0	1836	224	14394	0	462	0	668	0	346	0	240	0	0	0	2540	0	0	0	0	0	0	0	0	0	0	0	0	0	0	0	0	0	0	0	0	0	0	0	0	0	0	
196148	Frontal_Sup_Orb_L	0	0	9816	86	0	1036	1500	0	12974	0	158	0	1156	0	17258	636	0	0	402	0	5390	2718	2286	0	3168	0	9306	1332	9018	744	4756	1682	0	0	0	0	0	0	0	0	0	0	0	0	0	0	0	0	0	0	0	0	0	0	0	0	0	0	0	0	0	0	0	0	0	0	0	0	0	0	5084	1288	3592	432	0	0	0	0	0	0	0	0	2256	0	0	0	0	0	0	0	0	0	0	0	0	0	0	0	0	0	0	0	0	0	0	0	0	0	0	0	0	0	0	0	0	0	
204640	Frontal_Sup_Orb_R	0	0	90	9682	1036	0	0	1736	288	2218	0	232	0	198	974	8236	0	0	0	0	3864	6274	478	4932	228	7556	1592	14298	488	7822	2828	6248	0	0	0	0	0	0	0	0	0	0	0	0	0	0	0	0	0	0	0	0	0	0	0	0	0	0	0	0	0	0	0	0	0	0	0	0	0	0	4174	6714	2668	7286	0	0	0	0	0	0	0	0	0	180	0	0	0	0	0	0	0	0	0	0	0	0	0	0	0	0	0	0	0	0	0	0	0	0	0	0	0	0	0	0	0	0	
567408	Frontal_Mid_L	31488	2912	79600	3970	1500	0	0	7100	4718	0	11678	984	31730	110	10788	104	3402	0	13784	1776	0	0	12646	988	0	0	0	0	22548	282	12002	2356	3948	1706	2304	1030	1516	782	0	0	0	0	0	0	0	0	0	0	0	0	106	0	0	0	168	0	3664	0	0	0	170	0	0	0	0	0	552	0	0	866	3052	444	2892	158	170	0	738	800	1304	0	356	0	100	0	130	0	0	0	282	0	0	0	0	0	0	0	0	0	0	0	0	0	0	0	0	0	0	0	0	0	0	0	0	0	0	0	
398924	Frontal_Mid_R	7482	12878	3152	48180	0	1736	7100	0	0	598	260	22366	178	12870	140	3540	88	2638	5688	6866	0	0	6154	10588	0	98	0	140	184	8522	1728	12226	1206	10484	0	0	0	416	0	140	0	0	0	0	0	0	0	0	0	0	0	0	0	0	0	268	1292	154	0	0	0	0	0	0	0	0	0	0	128	132	1808	2698	0	3852	0	0	0	190	0	516	0	532	0	0	0	0	0	0	0	246	0	0	0	0	0	0	0	0	0	0	0	0	0	0	0	0	0	0	0	0	0	0	0	0	0	0	
112712	Frontal_Mid_Orb_L	0	0	6414	0	12974	288	4718	0	0	0	0	0	3090	0	15660	228	0	0	328	0	750	638	532	0	308	0	1850	390	3938	286	582	166	0	0	0	0	0	0	0	0	0	0	0	0	0	0	0	0	0	0	0	0	0	0	0	0	0	0	0	0	0	0	0	0	0	0	0	0	0	0	922	470	1402	164	0	0	0	0	0	0	0	0	258	0	0	0	0	0	0	0	0	0	0	0	0	0	0	0	0	0	0	0	0	0	0	0	0	0	0	0	0	0	0	0	0	0	
19840	Frontal_Mid_Orb_R	0	0	0	784	0	2218	0	598	0	0	0	0	0	284	0	4000	0	0	0	0	0	0	0	0	0	130	0	840	0	582	0	0	0	0	0	0	0	0	0	0	0	0	0	0	0	0	0	0	0	0	0	0	0	0	0	0	0	0	0	0	0	0	0	0	0	0	0	0	0	0	0	86	0	398	0	0	0	0	0	0	0	0	0	0	0	0	0	0	0	0	0	0	0	0	0	0	0	0	0	0	0	0	0	0	0	0	0	0	0	0	0	0	0	0	0	0	
214740	Frontal_Inf_Oper_L	14320	198	8854	184	158	0	11678	260	0	0	0	0	16660	0	308	104	10072	0	6458	608	0	0	682	0	0	0	0	0	20008	0	1128	246	382	0	0	0	332	0	0	0	0	0	0	0	0	0	0	0	0	0	0	0	0	0	300	0	4776	0	0	0	236	0	0	0	0	0	0	0	0	0	1376	702	1956	0	0	0	0	0	964	0	2094	0	2080	0	122	0	0	0	124	0	0	0	0	0	0	0	0	0	0	0	0	0	0	0	0	0	0	0	0	0	0	0	0	0	0	0	
361260	Frontal_Inf_Oper_R	920	8440	542	27430	0	232	984	22366	0	0	0	0	0	24426	0	1146	0	7752	2126	12608	0	80	1490	4206	0	138	0	190	96	28748	680	11730	142	4204	0	0	0	818	0	300	0	0	0	0	0	0	0	0	0	0	0	0	0	0	0	884	0	1078	0	0	0	0	0	0	0	0	0	0	0	0	376	3622	0	7910	0	0	0	322	0	1754	0	1904	0	448	0	178	0	0	0	360	0	0	0	0	0	0	0	0	0	0	0	0	0	0	0	0	0	0	0	0	0	0	0	0	0	0	
255604	Frontal_Inf_Tri_L	4248	0	18898	150	1156	0	31730	178	3090	0	16660	0	0	0	9596	128	902	0	4630	274	0	0	2328	0	84	0	178	0	25184	0	2454	654	1060	112	0	0	0	0	0	0	0	0	0	0	0	0	0	0	0	0	0	0	0	0	0	0	896	0	0	0	0	0	0	0	0	0	0	0	0	0	808	678	860	0	0	0	0	0	0	0	232	0	634	0	0	0	0	0	0	0	0	0	0	0	0	0	0	0	0	0	0	0	0	0	0	0	0	0	0	0	0	0	0	0	0	0	
196108	Frontal_Inf_Tri_R	0	592	86	12370	0	198	110	12870	0	284	0	24426	0	0	0	4476	0	408	958	5686	0	0	956	3102	0	88	0	174	0	15228	338	7908	126	3464	0	0	0	0	0	0	0	0	0	0	0	0	0	0	0	0	0	0	0	0	0	0	0	0	0	0	0	0	0	0	0	0	0	0	0	0	0	1854	0	2352	0	0	0	0	0	0	0	0	0	0	0	0	0	0	0	0	0	0	0	0	0	0	0	0	0	0	0	0	0	0	0	0	0	0	0	0	0	0	0	0	0	0	
240728	Frontal_Inf_Orb_L	294	0	14270	408	17258	974	10788	140	15660	0	308	0	9596	0	0	614	0	0	1316	0	4900	2242	1444	340	360	0	5314	1258	13434	722	3802	1576	406	422	0	0	88	0	252	0	0	0	0	0	0	0	0	0	0	0	0	0	0	0	0	0	0	0	0	0	0	0	0	0	0	0	0	0	0	0	4448	1234	2882	416	0	0	0	0	0	0	0	0	3198	0	0	0	0	0	0	0	0	0	0	0	0	0	0	0	0	0	0	0	0	0	0	0	0	0	0	0	0	0	0	0	0	0	
167784	Frontal_Inf_Orb_R	102	118	274	3086	636	8236	104	3540	228	4000	104	1146	128	4476	614	0	0	0	396	286	2314	4554	0	1382	0	2530	692	8272	522	14334	1374	3068	0	0	0	0	0	0	0	86	0	0	0	0	0	0	0	0	0	0	0	0	0	0	0	0	0	0	0	0	0	0	0	0	0	0	0	0	0	0	3250	6874	2222	3714	0	0	0	0	0	0	0	88	0	930	0	106	0	0	0	106	0	0	0	0	0	0	0	0	0	0	0	0	0	0	0	0	0	0	0	0	0	0	0	0	0	0	
197692	Rolandic_Oper_L	8980	150	6776	0	0	0	3402	88	0	0	10072	0	902	0	0	0	0	0	5004	0	0	0	0	0	0	0	0	0	19562	0	0	0	0	0	0	0	276	0	0	0	0	0	82	0	0	0	0	0	214	0	4146	0	294	0	204	0	8024	0	444	0	596	0	2332	0	290	0	332	0	668	0	950	0	772	0	120	0	0	0	4432	0	9118	0	2130	0	6178	0	0	0	2308	0	0	0	0	0	0	0	0	0	0	0	0	0	0	0	0	0	0	0	0	0	0	0	0	0	0	0	
116468	Rolandic_Oper_R	86	3044	136	6782	0	0	0	2638	0	0	0	7752	0	408	0	0	0	0	0	4410	0	0	0	0	0	0	0	0	0	11802	0	0	0	82	0	0	0	238	0	108	0	0	0	0	0	0	0	0	0	0	0	0	0	0	0	84	0	2654	0	0	0	92	0	3190	0	0	0	0	0	178	90	0	0	1744	0	834	0	0	0	4670	0	5068	0	804	0	288	0	0	0	1052	0	0	0	0	0	0	0	0	0	0	0	0	0	0	0	0	0	0	0	0	0	0	0	0	0	0	
710628	Supp_Motor_Area_L	10514	8222	72680	13982	402	0	13784	5688	328	0	6458	2126	4630	958	1316	396	5004	0	0	59816	0	0	9036	4338	0	0	94	0	17652	912	6678	11156	14100	24096	774	348	1832	100	0	0	0	0	0	0	0	0	0	0	0	0	0	0	0	0	1302	0	872	0	0	0	98	0	88	0	0	0	394	0	11630	3894	9720	6698	13150	1036	3766	596	516	594	96	0	1002	0	806	0	182	0	0	0	1454	0	0	0	0	0	0	0	0	0	0	0	0	0	0	0	0	0	0	0	0	0	0	0	0	0	0	0	
901108	Supp_Motor_Area_R	6410	24906	11236	56222	0	0	1776	6866	0	0	608	12608	274	5686	0	286	0	4410	59816	0	0	110	6056	6936	0	184	0	172	782	14200	5610	22964	14186	47426	1936	6088	258	4668	0	1810	0	0	0	712	0	100	0	740	0	92	0	710	0	670	0	1798	484	5608	0	0	0	0	0	524	0	118	212	1624	11222	42104	3186	13298	364	14640	108	3530	9644	5328	150	752	0	1584	0	294	0	1800	0	0	0	4668	0	0	0	0	0	0	0	0	0	0	0	0	0	0	0	0	0	0	0	0	0	0	0	0	0	0	
176260	Olfactory_L	0	0	382	368	5390	3864	0	0	750	0	0	0	0	0	4900	2314	0	0	0	0	0	10056	112	250	360	358	5216	4876	5404	2614	4166	3416	0	0	0	0	854	0	1058	0	1136	0	0	0	0	0	0	0	0	0	0	0	0	0	504	0	0	0	0	0	0	0	0	0	0	0	0	0	0	0	12698	6510	6542	1474	0	0	0	0	0	0	0	0	2408	150	0	0	0	0	0	0	0	0	0	0	0	0	0	0	0	0	0	0	0	0	0	0	0	0	0	0	0	0	0	0	0	0	
210448	Olfactory_R	0	0	224	870	2718	6274	0	0	638	0	0	80	0	0	2242	4554	0	0	0	110	10056	0	128	570	284	2352	3276	9016	1178	5726	5478	6586	0	0	0	0	0	98	122	466	0	602	0	0	0	0	0	0	0	0	0	0	0	0	0	0	0	0	0	0	0	0	0	0	0	0	0	0	0	0	13952	12328	9688	4144	282	0	0	0	0	0	0	0	202	980	0	0	0	0	0	0	0	0	0	0	0	0	0	0	0	0	0	0	0	0	0	0	0	0	0	0	0	0	0	0	0	0	
418968	Frontal_Sup_Medial_L	558	0	30870	21764	2286	478	12646	6154	532	0	682	1490	2328	956	1444	0	0	0	9036	6056	112	128	0	28994	3600	2420	466	318	1912	238	23018	21702	7834	18946	0	0	0	0	0	0	0	0	0	0	0	0	0	0	0	0	0	0	0	0	0	0	0	0	0	0	0	0	0	0	0	0	0	0	0	0	276	158	1934	148	0	0	0	0	0	0	0	0	0	0	0	0	0	0	0	0	0	0	0	0	0	0	0	0	0	0	0	0	0	0	0	0	0	0	0	0	0	0	0	0	0	0	
382444	Frontal_Sup_Medial_R	0	294	1960	40372	0	4932	988	10588	0	0	0	4206	0	3102	340	1382	0	0	4338	6936	250	570	28994	0	756	4426	0	2214	0	2518	7444	28954	752	20414	0	0	0	0	0	0	0	0	0	0	0	0	0	0	0	0	0	0	0	0	0	0	0	0	0	0	0	0	0	0	0	0	0	0	0	0	318	6542	262	7370	0	0	0	0	0	0	0	0	0	0	0	0	0	0	0	0	0	0	0	0	0	0	0	0	0	0	0	0	0	0	0	0	0	0	0	0	0	0	0	0	0	0	
54084	Frontal_Med_Orb_L	0	0	1228	120	3168	228	0	0	308	0	0	0	84	0	360	0	0	0	0	0	360	284	3600	756	0	1926	3724	316	184	0	6464	1894	0	0	0	0	0	0	0	0	0	0	0	0	0	0	0	0	0	0	0	0	0	0	0	0	0	0	0	0	0	0	0	0	0	0	0	0	0	0	1080	172	786	0	0	0	0	0	0	0	0	0	0	0	0	0	0	0	0	0	0	0	0	0	0	0	0	0	0	0	0	0	0	0	0	0	0	0	0	0	0	0	0	0	0	0	
113708	Frontal_Med_Orb_R	0	0	166	2804	0	7556	0	98	0	130	0	138	0	88	0	2530	0	0	0	184	358	2352	2420	4426	1926	0	750	9546	0	2520	3694	7928	0	0	0	0	0	0	0	0	0	0	0	0	0	0	0	0	0	0	0	0	0	0	0	0	0	0	0	0	0	0	0	0	0	0	0	0	0	0	470	3588	398	2784	0	0	0	0	0	0	0	0	0	0	0	0	0	0	0	0	0	0	0	0	0	0	0	0	0	0	0	0	0	0	0	0	0	0	0	0	0	0	0	0	0	0	
116896	Rectus_L	0	0	1080	102	9306	1592	0	0	1850	0	0	0	178	0	5314	692	0	0	94	0	5216	3276	466	0	3724	750	0	2150	2728	832	5474	1958	0	0	0	0	0	0	100	0	0	0	0	0	0	0	0	0	0	0	0	0	0	0	0	0	0	0	0	0	0	0	0	0	0	0	0	0	0	0	6028	1836	2050	668	0	0	0	0	0	0	0	0	984	0	0	0	0	0	0	0	0	0	0	0	0	0	0	0	0	0	0	0	0	0	0	0	0	0	0	0	0	0	0	0	0	0	
204608	Rectus_R	0	0	0	1988	1332	14298	0	140	390	840	0	190	0	174	1258	8272	0	0	0	172	4876	9016	318	2214	316	9546	2150	0	666	8446	3286	9754	0	0	0	0	0	0	0	80	0	0	0	0	0	0	0	0	0	0	0	0	0	0	0	0	0	0	0	0	0	0	0	0	0	0	0	0	0	0	5668	7710	3940	4638	0	0	0	0	0	0	0	0	80	546	0	0	0	0	0	0	0	0	0	0	0	0	0	0	0	0	0	0	0	0	0	0	0	0	0	0	0	0	0	0	0	0	
625976	Insula_L	13594	496	42324	194	9018	488	22548	184	3938	0	20008	96	25184	0	13434	522	19562	0	17652	782	5404	1178	1912	0	184	0	2728	666	0	474	3258	984	934	0	1128	1140	9860	1324	1114	286	2302	0	252	0	158	0	206	208	364	0	2752	0	96	0	6006	0	5502	0	874	0	574	0	3312	0	386	0	594	446	912	170	5252	1688	17090	316	0	0	1578	1208	8140	0	9260	0	5884	0	5986	0	0	0	8524	0	104	0	0	0	0	0	0	0	246	0	0	0	0	0	0	0	0	0	0	0	0	0	0	0	0	0	
483584	Insula_R	228	5102	462	26498	744	7822	282	8522	286	582	0	28748	0	15228	722	14334	0	11802	912	14200	2614	5726	238	2518	0	2520	832	8446	474	0	1414	5182	0	1210	0	206	0	5288	0	2196	0	1088	0	0	0	0	0	208	0	0	0	0	0	0	0	4170	0	1540	0	0	0	0	0	506	0	0	0	170	0	248	3750	7246	2366	22712	0	294	0	206	0	3530	0	5804	0	2524	0	2510	0	334	0	7248	0	0	0	0	0	0	0	0	0	0	0	0	0	0	0	0	0	0	0	0	0	0	0	0	0	0	
416116	Cingulum_Ant_L	2658	132	17008	8486	4756	2828	12002	1728	582	0	1128	680	2454	338	3802	1374	0	0	6678	5610	4166	5478	23018	7444	6464	3694	5474	3286	3258	1414	0	29270	7866	7804	250	0	0	0	0	0	0	0	0	0	0	0	0	0	0	0	0	0	0	0	0	0	0	0	0	0	0	0	0	0	0	0	0	0	0	0	10612	4524	9204	2500	0	0	0	0	0	0	0	0	88	0	0	0	0	0	0	0	0	0	0	0	0	0	0	0	0	0	0	0	0	0	0	0	0	0	0	0	0	0	0	0	0	0	
652900	Cingulum_Ant_R	454	904	4616	43222	1682	6248	2356	12226	166	0	246	11730	654	7908	1576	3068	0	0	11156	22964	3416	6586	21702	28954	1894	7928	1958	9754	984	5182	29270	0	4620	29446	0	0	0	0	0	0	0	0	0	0	0	0	0	0	0	0	0	0	0	0	0	0	0	0	0	0	0	0	0	0	0	0	0	0	0	0	6574	20296	4244	12466	0	0	0	0	0	0	0	0	0	0	0	0	0	0	0	0	0	0	0	0	0	0	0	0	0	0	0	0	0	0	0	0	0	0	0	0	0	0	0	0	0	0	
226492	Cingulum_Mid_L	1458	280	5346	3614	0	0	3948	1206	0	0	382	142	1060	126	406	0	0	0	14100	14186	0	0	7834	752	0	0	0	0	934	0	7866	4620	0	17528	5966	1686	0	0	0	0	0	0	126	394	220	340	96	0	396	0	588	0	0	0	0	0	254	0	130	0	0	0	0	0	0	0	6224	1226	7210	2124	0	0	0	0	0	0	0	0	0	0	0	0	0	0	138	0	0	0	0	340	0	0	0	0	0	0	0	0	0	0	0	0	0	0	0	0	0	0	0	0	0	0	0	0	0	0	
546708	Cingulum_Mid_R	1744	1422	2704	27150	0	0	1706	10484	0	0	0	4204	112	3464	422	0	0	82	24096	47426	0	0	18946	20414	0	0	0	0	0	1210	7804	29446	17528	0	1716	8760	0	176	0	0	0	0	0	938	0	460	0	910	0	100	0	240	0	470	0	118	0	5726	0	136	0	0	0	248	0	0	1672	6076	3482	16298	0	562	212	424	0	0	128	0	0	268	0	908	0	0	0	1012	0	0	0	1950	0	0	0	0	0	0	0	0	0	0	0	0	0	0	0	0	0	0	0	0	0	0	0	0	0	0	
208712	Cingulum_Post_L	9036	2750	3928	0	0	0	2304	0	0	0	0	0	0	0	0	0	0	0	774	1936	0	0	0	0	0	0	0	0	1128	0	250	0	5966	1716	0	9760	7442	5998	3374	782	0	0	3632	0	674	0	3986	786	138	0	786	0	104	0	1386	0	380	466	0	0	0	0	0	0	0	0	10542	1616	7210	912	0	0	0	0	0	0	4368	6290	1414	0	306	0	0	0	1010	0	0	0	1206	0	0	0	0	0	0	0	0	0	0	0	0	0	0	0	0	0	0	0	0	0	0	0	0	0	0	0	
269192	Cingulum_Post_R	1156	4142	3968	0	0	0	1030	0	0	0	0	0	0	0	0	0	0	0	348	6088	0	0	0	0	0	0	0	0	1140	206	0	0	1686	8760	9760	0	4906	11736	1630	4088	0	0	0	1212	120	464	1358	11698	0	0	0	128	0	426	608	1662	0	3056	0	0	0	92	0	124	0	0	2292	16408	404	7252	0	0	0	0	0	0	7380	9290	1446	100	290	478	0	0	536	408	0	0	458	4574	0	0	0	0	0	0	0	306	0	0	0	0	0	0	0	0	0	0	0	0	1382	0	0	0	0	0	
274148	Hippocampus_L	1662	1476	7580	0	0	0	1516	0	0	0	332	0	0	0	88	0	276	0	1832	258	854	0	0	0	0	0	0	0	9860	0	0	0	0	0	7442	4906	0	5056	14336	1280	9052	0	2760	0	146	0	7862	1292	0	0	502	0	1034	0	17428	0	0	0	0	0	0	0	0	0	0	0	5764	1136	0	188	474	0	6762	144	442	0	4354	4212	1504	0	1344	0	418	0	1864	0	0	0	8070	0	414	0	0	0	0	0	126	0	698	0	0	0	0	0	0	0	0	0	0	0	330	0	0	0	0	0	
394116	Hippocampus_R	860	9914	3706	5832	0	0	782	416	0	0	0	818	0	0	0	0	0	238	100	4668	0	98	0	0	0	0	0	0	1324	5288	0	0	0	176	5998	11736	5056	0	1432	31946	240	7200	0	964	0	0	794	8646	0	0	0	0	0	650	680	25610	0	466	0	110	0	220	0	336	0	106	210	7378	0	702	0	0	538	15286	0	102	5642	10924	1388	522	294	1210	0	196	558	1686	0	0	566	11702	0	0	0	0	0	0	0	412	0	372	0	0	0	0	0	0	0	0	0	0	960	0	0	0	0	0	
115936	ParaHippocampal_L	0	172	746	0	0	0	0	0	0	0	0	0	0	0	252	0	0	0	0	0	1058	122	0	0	0	0	100	0	1114	0	0	0	0	0	3374	1630	14336	1432	0	596	1994	0	1608	0	86	0	7536	808	0	0	266	0	458	0	8060	0	0	0	0	0	0	0	0	0	0	0	3556	370	0	0	592	0	1078	0	0	0	958	1144	0	0	132	0	856	0	0	0	678	0	1156	0	288	0	0	0	162	0	254	0	586	0	82	0	0	0	0	0	0	0	0	82	246	0	0	0	0	0	
246568	ParaHippocampal_R	80	3464	666	1776	0	0	0	140	0	0	0	300	0	0	0	86	0	108	0	1810	0	466	0	0	0	0	0	80	286	2196	0	0	0	0	782	4088	1280	31946	596	0	0	5600	0	1246	0	0	396	9936	0	0	0	248	0	1538	244	21482	0	212	0	0	0	148	0	176	0	0	0	5434	0	408	0	124	200	8180	0	92	1356	3274	248	134	0	438	0	2664	116	288	0	1456	120	5846	0	0	0	0	0	0	0	712	0	186	0	0	0	0	0	0	0	0	0	0	632	0	0	0	0	0	
46948	Amygdala_L	0	0	0	0	0	0	0	0	0	0	0	0	0	0	0	0	0	0	0	0	1136	0	0	0	0	0	0	0	2302	0	0	0	0	0	0	0	9052	240	1994	0	0	0	0	0	0	0	0	0	0	0	0	0	0	0	5646	0	0	0	0	0	0	0	0	0	0	0	0	0	0	0	118	0	600	0	0	0	152	84	0	0	0	0	382	0	122	0	0	0	1646	0	0	0	0	0	0	0	0	0	0	0	0	0	0	0	0	0	0	0	0	0	0	0	0	0	0	0	
49232	Amygdala_R	0	0	0	0	0	0	0	0	0	0	0	0	0	0	0	0	0	0	0	0	0	602	0	0	0	0	0	0	0	1088	0	0	0	0	0	0	0	7200	0	5600	0	0	0	0	0	0	0	0	0	0	0	0	0	0	0	6562	0	0	0	0	0	0	0	0	0	0	0	0	0	0	0	92	0	688	0	0	0	0	0	0	0	0	0	2184	0	0	0	498	0	102	0	0	0	0	0	0	0	0	0	0	0	0	0	0	0	0	0	0	0	0	0	0	0	0	0	0	
211920	Calcarine_L	168	0	0	0	0	0	0	0	0	0	0	0	0	0	0	0	82	0	0	0	0	0	0	0	0	0	0	0	252	0	0	0	126	0	3632	0	2760	0	1608	0	0	0	0	4834	10178	2880	17498	3758	5062	1410	13532	1182	4858	546	3268	474	1508	0	0	0	226	0	0	0	0	0	15360	592	2434	0	0	0	0	0	0	0	0	0	174	0	80	0	0	0	4436	0	0	0	2784	0	174	0	0	0	0	0	0	0	0	84	0	0	0	0	0	0	0	0	0	0	0	0	0	0	0	0	
281012	Calcarine_R	0	2134	0	0	0	0	0	0	0	0	0	0	0	0	0	0	0	0	0	712	0	0	0	0	0	0	0	0	0	0	0	0	394	938	0	1212	0	964	0	1246	0	0	4834	0	1818	15996	1668	20218	0	11802	0	17402	0	17834	0	4856	0	5658	0	2072	0	352	0	232	0	124	818	18474	0	4144	0	0	0	0	0	0	0	0	0	0	0	0	0	0	0	2388	0	0	0	1636	0	0	0	0	0	0	0	0	0	282	0	0	0	0	0	0	0	0	0	0	298	0	0	0	0	0	
128592	Cuneus_L	84	0	0	0	0	0	0	0	0	0	0	0	0	0	0	0	0	0	0	0	0	0	0	0	0	0	0	0	158	0	0	0	220	0	674	120	146	0	86	0	0	0	10178	1818	0	5080	2766	0	12752	1248	7934	210	1072	0	598	0	906	0	2534	0	150	0	0	0	0	0	10122	2044	1422	0	0	0	0	0	0	0	0	0	150	0	0	0	0	0	1364	0	0	0	460	0	0	0	0	0	0	0	0	0	0	0	0	0	0	0	0	0	0	0	0	0	0	0	0	0	0	0	
199428	Cuneus_R	0	326	0	0	0	0	0	0	0	0	0	0	0	0	0	0	0	0	0	100	0	0	0	0	0	0	0	0	0	0	0	0	340	460	0	464	0	0	0	0	0	0	2880	15996	5080	0	146	2752	0	22750	0	11732	0	2204	0	900	0	1056	112	6222	0	0	0	0	0	260	5660	16910	0	858	0	0	0	0	0	0	0	0	0	0	0	0	0	0	0	1816	0	0	0	690	0	0	0	0	0	0	0	0	0	0	0	0	0	0	0	0	0	0	0	0	0	0	0	0	0	0	
334680	Lingual_L	112	0	248	0	0	0	0	0	0	0	0	0	0	0	0	0	0	0	0	0	0	0	0	0	0	0	0	0	206	0	0	0	96	0	3986	1358	7862	794	7536	396	0	0	17498	1668	2766	146	0	3896	2156	104	14834	610	11406	600	16804	558	538	0	0	0	0	0	0	0	0	0	9732	194	922	0	0	0	0	0	0	0	736	552	158	0	0	0	0	0	2334	0	0	0	2780	0	10574	2006	1510	880	518	122	7530	844	14144	1656	306	0	264	118	184	174	82	0	0	190	2626	5140	4428	178	166	114	
373320	Lingual_R	0	1886	710	268	0	0	0	0	0	0	0	0	0	0	0	0	0	0	0	740	0	0	0	0	0	0	0	0	208	208	0	0	0	910	786	11698	1292	8646	808	9936	0	0	3758	20218	0	2752	3896	0	0	2772	0	9950	0	17232	326	18128	0	3052	0	172	0	82	0	116	0	0	592	20758	0	2958	0	0	202	288	0	0	1346	1220	140	0	0	186	0	0	0	1328	0	0	80	5108	1182	5424	522	1938	0	486	712	2076	1030	5834	0	0	0	162	0	80	0	0	0	350	3388	4728	3814	98	80	0	
131272	Occipital_Sup_L	360	0	0	0	0	0	0	0	0	0	0	0	0	0	0	0	214	0	0	0	0	0	0	0	0	0	0	0	364	0	0	0	396	0	138	0	0	0	0	0	0	0	5062	0	12752	0	2156	0	0	0	20618	0	1000	0	82	0	922	0	6242	0	1848	0	380	0	378	0	9448	868	486	0	0	0	0	0	0	0	0	0	0	0	138	0	0	0	1678	0	0	0	106	0	0	0	0	0	0	0	0	0	0	0	0	0	0	0	0	0	0	0	0	0	0	0	0	0	0	0	
175380	Occipital_Sup_R	0	278	0	0	0	0	0	0	0	0	0	0	0	0	0	0	0	0	0	92	0	0	0	0	0	0	0	0	0	0	0	0	0	100	0	0	0	0	0	0	0	0	1410	11802	1248	22750	104	2772	0	0	0	20348	0	2738	0	2224	0	1170	0	8474	0	0	0	0	0	1726	442	6142	0	576	0	0	0	0	0	0	0	0	0	0	0	0	0	0	0	2584	0	0	0	710	0	0	0	0	0	0	0	0	0	0	0	0	0	0	0	0	0	0	0	0	0	0	0	0	0	0	
506652	Occipital_Mid_L	3550	0	442	0	0	0	106	0	0	0	0	0	0	0	0	0	4146	0	0	0	0	0	0	0	0	0	0	0	2752	0	0	0	588	0	786	0	502	0	266	0	0	0	13532	0	7934	0	14834	0	20618	0	0	0	23388	0	6528	0	8468	0	18580	0	23962	0	4140	0	18790	0	17034	0	10772	0	0	0	0	0	0	0	0	0	776	0	3600	0	0	0	38148	0	0	0	8170	0	914	0	0	0	0	0	0	0	0	0	0	0	0	0	0	0	0	0	0	0	0	0	0	0	0	0	
270984	Occipital_Mid_R	0	970	0	0	0	0	0	0	0	0	0	0	0	0	0	0	0	0	0	710	0	0	0	0	0	0	0	0	0	0	0	0	0	240	0	128	0	0	0	248	0	0	1182	17402	210	11732	610	9950	0	20348	0	0	0	17428	0	7272	0	2588	0	3552	0	4634	0	0	0	11234	300	7046	0	2288	0	0	0	0	0	0	0	0	0	0	0	150	0	0	0	12970	0	0	0	2130	0	0	0	0	0	0	0	0	0	88	0	0	0	0	0	0	0	0	0	0	82	0	0	0	0	0	
151408	Occipital_Inf_L	364	0	0	0	0	0	0	0	0	0	0	0	0	0	0	0	294	0	0	0	0	0	0	0	0	0	0	0	96	0	0	0	0	0	104	0	1034	0	458	0	0	0	4858	0	1072	0	11406	0	1000	0	23388	0	0	0	11418	0	322	0	1292	0	1218	0	566	0	322	0	1310	0	622	0	0	0	0	0	0	0	0	0	100	0	374	0	0	0	6646	0	0	0	5460	0	1358	0	0	0	0	0	176	0	350	0	0	0	0	0	0	0	0	0	0	0	0	96	0	0	0	0	
209728	Occipital_Inf_R	0	1416	0	0	0	0	0	0	0	0	0	0	0	0	0	0	0	0	0	670	0	0	0	0	0	0	0	0	0	0	0	0	0	470	0	426	0	650	0	1538	0	0	546	17834	0	2204	600	17232	0	2738	0	17428	0	0	0	10758	0	5922	0	1946	0	352	0	246	0	190	0	8106	0	3912	0	0	0	0	0	0	0	0	0	0	0	116	0	0	0	3418	0	0	0	5424	0	300	0	0	0	0	0	0	0	222	0	0	0	0	0	0	0	0	0	0	106	94	0	0	0	0	
344048	Fusiform_L	154	0	1558	0	0	0	168	0	0	0	300	0	0	0	0	0	204	0	1302	0	504	0	0	0	0	0	0	0	6006	0	0	0	0	0	1386	608	17428	680	8060	244	5646	0	3268	0	598	0	16804	326	82	0	6528	0	11418	0	0	0	0	0	0	0	0	0	0	0	0	0	1598	98	0	0	352	0	2968	0	0	0	364	468	174	0	1744	0	3190	0	1904	0	1768	0	18964	0	20160	414	632	100	0	0	9416	286	20874	518	440	0	226	0	94	0	0	0	0	0	824	764	412	0	0	0	
358112	Fusiform_R	0	2106	0	1674	0	0	0	268	0	0	0	884	0	0	0	0	0	84	0	1798	0	0	0	0	0	0	0	0	0	4170	0	0	0	118	0	1662	0	25610	0	21482	0	6562	474	4856	0	900	558	18128	0	2224	0	7272	0	10758	0	0	0	326	0	84	0	126	0	208	0	0	0	2620	0	398	0	84	0	10188	0	0	104	764	0	406	0	1364	0	6894	0	1396	0	2846	0	16810	0	8692	0	378	0	164	238	2986	0	8244	0	0	0	84	0	0	0	0	0	0	1194	580	290	0	0	0	
272224	Postcentral_L	29932	658	4082	610	0	0	3664	1292	0	0	4776	0	896	0	0	0	8024	0	872	484	0	0	0	0	0	0	0	0	5502	0	0	0	254	0	380	0	0	0	0	0	0	0	1508	0	906	0	538	0	922	0	8468	0	322	0	0	0	0	0	6404	0	19456	0	10068	0	770	0	4244	0	7626	176	3356	404	230	0	100	0	384	188	2332	0	2840	0	0	0	2878	0	0	0	566	0	0	0	0	0	0	0	0	0	0	0	0	0	0	0	0	0	0	0	0	0	0	0	0	0	0	0	
306208	Postcentral_R	434	20826	152	468	0	0	0	154	0	0	0	1078	0	0	0	0	0	2654	0	5608	0	0	0	0	0	0	0	0	0	1540	0	0	0	5726	466	3056	0	466	0	212	0	0	0	5658	0	1056	0	3052	0	1170	0	2588	0	5922	0	326	0	0	0	10352	0	7060	0	9018	0	3442	0	11598	324	24804	0	0	0	538	0	0	0	134	0	546	0	3072	0	0	0	11866	0	0	0	7566	0	0	0	0	0	0	0	0	0	0	0	0	0	0	0	0	0	0	0	0	172	0	0	0	0	0	
166100	Parietal_Sup_L	960	0	126	0	0	0	0	0	0	0	0	0	0	0	0	0	444	0	0	0	0	0	0	0	0	0	0	0	874	0	0	0	130	0	0	0	0	0	0	0	0	0	0	0	2534	112	0	0	6242	0	18580	0	1292	0	0	0	6404	0	0	0	11258	0	462	0	2896	0	17678	1046	5008	0	0	0	0	0	0	0	0	0	166	0	292	0	0	0	5616	0	0	0	930	0	0	0	0	0	0	0	0	0	0	0	0	0	0	0	0	0	0	0	0	0	0	0	0	0	0	0	
132660	Parietal_Sup_R	0	204	0	0	0	0	0	0	0	0	0	0	0	0	0	0	0	0	0	0	0	0	0	0	0	0	0	0	0	0	0	0	0	136	0	0	0	110	0	0	0	0	0	2072	0	6222	0	172	0	8474	0	3552	0	1946	0	84	0	10352	0	0	0	9650	0	2294	0	4246	734	10458	0	1422	0	0	0	0	0	0	0	0	0	0	0	266	0	0	0	3224	0	0	0	712	0	0	0	0	0	0	0	0	0	0	0	0	0	0	0	0	0	0	0	0	0	0	0	0	0	0	
226892	Parietal_Inf_L	4862	0	732	0	0	0	170	0	0	0	236	0	0	0	0	0	596	0	98	0	0	0	0	0	0	0	0	0	574	0	0	0	0	0	0	0	0	0	0	0	0	0	226	0	150	0	0	0	1848	0	23962	0	1218	0	0	0	19456	0	11258	0	0	0	15328	0	12880	0	2374	0	4664	0	178	0	0	0	0	0	110	0	0	0	1400	0	0	0	8582	0	0	0	2544	0	0	0	0	0	0	0	0	0	0	0	0	0	0	0	0	0	0	0	0	0	0	0	0	0	0	0	
91792	Parietal_Inf_R	0	352	0	0	0	0	0	0	0	0	0	0	0	0	0	0	0	92	0	0	0	0	0	0	0	0	0	0	0	0	0	0	0	0	0	92	0	220	0	148	0	0	0	352	0	0	0	82	0	0	0	4634	0	352	0	126	0	7060	0	9650	0	0	0	8622	0	10608	0	358	0	578	0	0	0	0	0	0	0	0	0	0	0	326	0	0	0	988	0	0	0	1256	0	0	0	0	0	0	0	0	0	0	0	0	0	0	0	0	0	0	0	0	0	0	0	0	0	0	
135232	SupraMarginal_L	4702	0	472	0	0	0	0	0	0	0	0	0	0	0	0	0	2332	0	88	0	0	0	0	0	0	0	0	0	3312	0	0	0	0	0	0	0	0	0	0	0	0	0	0	0	0	0	0	0	380	0	4140	0	566	0	0	0	10068	0	462	0	15328	0	0	0	5058	0	324	0	1308	0	0	0	0	0	0	0	0	0	234	0	4678	0	0	0	9760	0	0	0	4404	0	0	0	0	0	0	0	0	0	0	0	0	0	0	0	0	0	0	0	0	0	0	0	0	0	0	0	
96308	SupraMarginal_R	0	1710	0	124	0	0	0	0	0	0	0	0	0	0	0	0	0	3190	0	524	0	0	0	0	0	0	0	0	0	506	0	0	0	248	0	124	0	336	0	176	0	0	0	232	0	0	0	116	0	0	0	0	0	246	0	208	0	9018	0	2294	0	8622	0	0	0	5848	0	232	0	906	0	0	0	0	0	0	0	0	0	196	0	6016	0	0	0	4784	0	0	0	2498	0	0	0	0	0	0	0	0	0	0	0	0	0	0	0	0	0	0	0	0	0	0	0	0	0	0	
109880	Angular_L	432	0	0	0	0	0	0	0	0	0	0	0	0	0	0	0	290	0	0	0	0	0	0	0	0	0	0	0	386	0	0	0	0	0	0	0	0	0	0	0	0	0	0	0	0	0	0	0	378	0	18790	0	322	0	0	0	770	0	2896	0	12880	0	5058	0	0	0	2068	0	868	0	0	0	0	0	0	0	0	0	84	0	1112	0	0	0	7744	0	0	0	862	0	0	0	0	0	0	0	0	0	0	0	0	0	0	0	0	0	0	0	0	0	0	0	0	0	0	0	
109176	Angular_R	0	814	0	0	0	0	0	0	0	0	0	0	0	0	0	0	0	0	0	118	0	0	0	0	0	0	0	0	0	0	0	0	0	0	0	0	0	106	0	0	0	0	0	124	0	260	0	0	0	1726	0	11234	0	190	0	0	0	3442	0	4246	0	10608	0	5848	0	0	0	1976	0	986	0	0	0	0	0	0	0	0	0	0	0	2742	0	0	0	9298	0	0	0	870	0	0	0	0	0	0	0	0	0	0	0	0	0	0	0	0	0	0	0	0	0	0	0	0	0	0	
329320	Precuneus_L	1776	0	762	0	0	0	552	0	0	0	0	0	0	0	0	0	332	0	394	212	0	0	0	0	0	0	0	0	594	0	0	0	6224	1672	10542	2292	5764	210	3556	0	0	0	15360	818	10122	5660	9732	592	9448	442	17034	300	1310	0	1598	0	4244	0	17678	734	2374	0	324	0	2068	0	0	11782	8514	296	0	0	0	0	0	0	0	150	444	0	270	0	0	0	5620	292	0	0	2228	134	0	0	0	0	0	0	0	0	0	0	0	0	0	0	0	0	0	0	0	0	210	0	0	0	0	0	
392252	Precuneus_R	106	3872	836	0	0	0	0	0	0	0	0	0	0	0	0	0	0	0	0	1624	0	0	0	0	0	0	0	0	446	170	0	0	1226	6076	1616	16408	1136	7378	370	5434	0	0	592	18474	2044	16910	194	20758	868	6142	0	7046	0	8106	98	2620	0	11598	1046	10458	0	358	0	232	0	1976	11782	0	104	9930	0	0	0	0	0	0	2124	1956	540	0	94	338	0	0	244	4760	0	0	238	6158	0	0	0	0	0	0	0	380	0	0	0	0	0	0	0	0	0	0	0	0	1260	0	0	0	0	0	
236832	Paracentral_Lobule_L	12860	2962	1834	764	0	0	0	128	0	0	0	0	0	0	0	0	668	0	11630	11222	0	0	0	0	0	0	0	0	912	0	0	0	7210	3482	7210	404	0	0	0	0	0	0	2434	0	1422	0	922	0	486	0	10772	0	622	0	0	0	7626	324	5008	0	4664	0	1308	0	868	0	8514	104	0	6134	0	424	0	106	0	178	136	84	220	0	486	0	0	0	3598	0	0	0	690	0	0	0	0	0	0	0	0	0	0	0	0	0	0	0	0	0	0	0	0	0	0	0	0	0	0	0	
395420	Paracentral_Lobule_R	4472	21340	1262	1710	0	0	866	132	0	0	0	0	0	0	0	0	0	178	3894	42104	0	0	0	0	0	0	0	0	170	248	0	0	2124	16298	912	7252	188	702	0	408	0	0	0	4144	0	858	0	2958	0	576	0	2288	0	3912	0	398	176	24804	0	1422	0	578	0	906	0	986	296	9930	6134	0	2030	660	282	386	106	560	8832	1662	112	418	0	1824	0	0	0	8302	0	0	0	7910	0	0	0	0	0	0	0	0	0	0	0	0	0	0	0	0	0	0	0	0	0	0	0	0	0	0	
407812	Caudate_L	8038	1906	11380	1366	5084	4174	3052	1808	922	0	1376	376	808	0	4448	3250	950	90	9720	3186	12698	13952	276	318	1080	470	6028	5668	5252	3750	10612	6574	0	0	0	0	474	0	592	0	118	0	0	0	0	0	0	0	0	0	0	0	0	0	352	0	3356	0	0	0	178	0	0	0	0	0	0	0	0	2030	0	23020	26350	5582	3050	370	6990	1152	196	0	176	0	1016	154	0	0	0	0	138	0	0	0	0	0	0	0	0	0	0	0	0	0	0	0	0	0	0	0	0	0	0	0	0	0	0	0	
470532	Caudate_R	488	12782	2240	20012	1288	6714	444	2698	470	86	702	3622	678	1854	1234	6874	0	0	6698	13298	6510	12328	158	6542	172	3588	1836	7710	1688	7246	4524	20296	0	562	0	0	0	0	0	124	0	92	0	0	0	0	0	0	0	0	0	0	0	0	0	84	404	0	0	0	0	0	0	0	0	0	0	0	424	660	23020	0	13886	22816	1134	2024	708	13840	0	0	0	0	158	550	0	0	0	0	0	0	0	0	0	0	0	0	0	0	0	0	0	0	0	0	0	0	0	0	0	0	0	0	0	0	0	0	
378292	Putamen_L	1894	126	26012	400	3592	2668	2892	0	1402	0	1956	0	860	0	2882	2222	772	0	13150	364	6542	9688	1934	262	786	398	2050	3940	17090	2366	9204	4244	0	212	0	0	6762	538	1078	200	600	0	0	0	0	0	0	202	0	0	0	0	0	0	2968	0	230	0	0	0	0	0	0	0	0	0	0	0	0	282	26350	13886	0	4712	6700	332	1558	326	0	0	366	0	498	126	156	0	0	0	1220	0	0	0	0	0	0	0	0	0	148	0	0	0	0	0	0	0	0	0	0	0	0	0	0	0	0	0	
426768	Putamen_R	0	3356	872	23048	432	7286	158	3852	164	398	0	7910	0	2352	416	3714	0	1744	1036	14640	1474	4144	148	7370	0	2784	668	4638	316	22712	2500	12466	0	424	0	0	144	15286	0	8180	0	688	0	0	0	0	0	288	0	0	0	0	0	0	0	10188	0	538	0	0	0	0	0	0	0	0	0	0	106	386	5582	22816	4712	0	90	2978	0	2512	0	258	0	1516	0	442	0	1018	0	0	0	4532	0	0	0	0	0	0	0	0	0	102	0	0	0	0	0	0	0	0	0	0	0	0	0	0	0	0	
51892	Pallidum_L	1782	0	6408	0	0	0	170	0	0	0	0	0	0	0	0	0	120	0	3766	108	0	282	0	0	0	0	0	0	0	0	0	0	0	0	0	0	442	0	0	0	0	0	0	0	0	0	0	0	0	0	0	0	0	0	0	0	100	0	0	0	0	0	0	0	0	0	0	0	0	106	3050	1134	6700	90	0	0	1688	0	0	0	0	0	0	0	0	0	0	0	0	0	0	0	0	0	0	0	0	0	0	0	0	0	0	0	0	0	0	0	0	0	0	0	0	0	0	0	
30904	Pallidum_R	0	178	200	1836	0	0	0	0	0	0	0	0	0	0	0	0	0	834	596	3530	0	0	0	0	0	0	0	0	0	294	0	0	0	0	0	0	0	102	0	92	0	0	0	0	0	0	0	0	0	0	0	0	0	0	0	0	0	0	0	0	0	0	0	0	0	0	0	0	178	560	370	2024	332	2978	0	0	0	1348	0	0	0	0	0	0	0	0	0	0	0	0	0	0	0	0	0	0	0	0	0	0	0	0	0	0	0	0	0	0	0	0	0	0	0	0	0	0	
192176	Thalamus_L	1998	6418	9360	224	0	0	738	0	0	0	0	0	0	0	0	0	0	0	516	9644	0	0	0	0	0	0	0	0	1578	0	0	0	0	128	4368	7380	4354	5642	958	1356	152	0	0	0	0	0	736	1346	0	0	0	0	0	0	364	104	384	0	0	0	110	0	0	0	0	0	0	2124	136	8832	6990	708	1558	0	1688	0	0	12418	1538	0	386	0	0	0	670	0	0	0	516	0	0	0	0	0	0	0	0	178	0	0	0	0	0	0	0	0	0	0	0	120	368	0	0	0	0	0	
256452	Thalamus_R	1098	23692	3798	14394	0	0	800	190	0	0	0	322	0	0	0	0	0	0	594	5328	0	0	0	0	0	0	0	0	1208	206	0	0	0	0	6290	9290	4212	10924	1144	3274	84	0	0	0	0	0	552	1220	0	0	0	0	0	0	468	764	188	134	0	0	0	0	0	0	0	0	150	1956	84	1662	1152	13840	326	2512	0	1348	12418	0	1308	0	272	0	0	0	522	0	0	0	502	0	0	0	0	0	0	0	0	0	0	0	0	0	0	0	0	0	0	0	0	0	0	0	0	0	0	0	
100176	Heschl_L	3482	492	4054	0	0	0	1304	0	0	0	964	0	0	0	0	0	4432	0	96	150	0	0	0	0	0	0	0	0	8140	0	0	0	0	0	1414	1446	1504	1388	0	248	0	0	174	0	150	0	158	140	0	0	776	0	100	0	174	0	2332	0	166	0	0	0	234	0	84	0	444	540	220	112	196	0	0	0	0	0	1538	1308	0	0	4292	0	0	0	4720	0	0	0	3116	0	0	0	0	0	0	0	0	0	0	0	0	0	0	0	0	0	0	0	0	0	0	0	0	0	0	0	
50496	Heschl_R	0	1512	0	462	0	0	0	516	0	0	0	1754	0	0	0	0	0	4670	0	752	0	0	0	0	0	0	0	0	0	3530	0	0	0	268	0	100	0	522	0	134	0	0	0	0	0	0	0	0	0	0	0	0	0	0	0	406	0	546	0	0	0	0	0	196	0	0	0	0	0	418	0	0	0	258	0	0	0	0	0	0	0	5586	0	0	0	1230	0	0	0	2388	0	0	0	0	0	0	0	0	0	0	0	0	0	0	0	0	0	0	0	0	0	0	0	0	0	0	
193092	Temporal_Sup_L	1710	112	1336	0	0	0	356	0	0	0	2094	0	232	0	0	0	9118	0	1002	0	0	0	0	0	0	0	0	0	9260	0	0	0	0	0	306	290	1344	294	132	0	0	0	80	0	0	0	0	0	138	0	3600	0	374	0	1744	0	2840	0	292	0	1400	0	4678	0	1112	0	270	94	486	0	176	0	366	0	0	0	386	272	4292	0	0	0	5538	0	26686	0	0	0	14136	0	0	0	0	0	0	0	0	0	0	0	0	0	0	0	0	0	0	0	0	0	0	0	0	0	0	0	
136724	Temporal_Sup_R	0	1706	0	668	0	0	0	532	0	0	0	1904	0	0	0	88	0	5068	0	1584	0	0	0	0	0	0	0	0	0	5804	0	0	0	908	0	478	0	1210	0	438	0	0	0	0	0	0	0	186	0	0	0	150	0	116	0	1364	0	3072	0	266	0	326	0	6016	0	2742	0	338	0	1824	0	0	0	1516	0	0	0	0	0	5586	0	0	0	2702	0	14898	0	1770	0	5102	0	0	0	0	0	0	0	0	0	0	0	0	0	0	0	0	0	0	0	0	0	0	0	0	0	0	
105148	Temporal_Pole_Sup_L	0	0	1018	0	2256	0	100	0	258	0	2080	0	634	0	3198	0	2130	0	806	0	2408	202	0	0	0	0	984	80	5884	0	88	0	0	0	0	0	418	0	856	0	382	0	0	0	0	0	0	0	0	0	0	0	0	0	3190	0	0	0	0	0	0	0	0	0	0	0	0	0	0	0	1016	158	498	0	0	0	0	0	0	0	5538	0	0	0	7234	0	3954	0	7204	0	0	0	0	0	0	0	0	0	0	0	0	0	0	0	0	0	0	0	0	0	0	0	0	0	0	0	
74852	Temporal_Pole_Sup_R	0	0	0	346	0	180	0	0	0	0	0	448	0	0	0	930	0	804	0	294	150	980	0	0	0	0	0	546	0	2524	0	0	0	0	0	0	0	196	0	2664	0	2184	0	0	0	0	0	0	0	0	0	0	0	0	0	6894	0	0	0	0	0	0	0	0	0	0	0	0	0	0	154	550	126	442	0	0	0	0	0	0	0	2702	0	0	0	2800	0	5146	0	6366	0	0	0	0	0	0	0	0	0	0	0	0	0	0	0	0	0	0	0	0	0	0	0	0	0	0	
411164	Temporal_Mid_L	2574	132	656	0	0	0	130	0	0	0	122	0	0	0	0	0	6178	0	182	0	0	0	0	0	0	0	0	0	5986	0	0	0	138	0	1010	536	1864	558	0	116	122	0	4436	0	1364	0	2334	0	1678	0	38148	0	6646	0	1904	0	2878	0	5616	0	8582	0	9760	0	7744	0	5620	244	3598	0	0	0	156	0	0	0	670	522	4720	0	26686	0	7234	0	0	0	3220	0	41518	0	0	0	0	0	0	0	0	0	0	0	0	0	0	0	0	0	0	0	0	0	0	0	0	0	0	0	
262548	Temporal_Mid_R	0	2944	0	240	0	0	0	0	0	0	0	178	0	0	0	106	0	288	0	1800	0	0	0	0	0	0	0	0	0	2510	0	0	0	1012	0	408	0	1686	0	288	0	0	0	2388	0	1816	0	1328	0	2584	0	12970	0	3418	0	1396	0	11866	0	3224	0	988	0	4784	0	9298	292	4760	0	8302	0	0	0	1018	0	0	0	0	0	1230	0	14898	0	2800	0	0	0	4234	0	26220	0	0	0	0	0	0	0	0	0	0	0	0	0	0	0	0	0	0	0	0	0	0	0	0	0	0	
28064	Temporal_Pole_Mid_L	0	0	0	0	0	0	0	0	0	0	0	0	0	0	0	0	0	0	0	0	0	0	0	0	0	0	0	0	0	0	0	0	0	0	0	0	0	0	678	0	0	0	0	0	0	0	0	0	0	0	0	0	0	0	1768	0	0	0	0	0	0	0	0	0	0	0	0	0	0	0	0	0	0	0	0	0	0	0	0	0	0	0	3954	0	3220	0	0	0	4412	0	0	0	0	0	0	0	0	0	0	0	0	0	0	0	0	0	0	0	0	0	0	0	0	0	0	0	
38556	Temporal_Pole_Mid_R	0	0	0	0	0	0	0	0	0	0	0	0	0	0	0	0	0	0	0	0	0	0	0	0	0	0	0	0	0	334	0	0	0	0	0	0	0	0	0	1456	0	498	0	0	0	0	0	0	0	0	0	0	0	0	0	2846	0	0	0	0	0	0	0	0	0	0	0	0	0	0	0	0	0	0	0	0	0	0	0	0	0	1770	0	5146	0	4234	0	0	0	2994	0	0	0	0	0	0	0	0	0	0	0	0	0	0	0	0	0	0	0	0	0	0	0	0	0	0	
322832	Temporal_Inf_L	1328	94	2102	0	0	0	282	0	0	0	124	0	0	0	0	0	2308	0	1454	0	0	0	0	0	0	0	0	0	8524	0	0	0	0	0	1206	458	8070	566	1156	120	1646	0	2784	0	460	0	2780	80	106	0	8170	0	5460	0	18964	0	566	0	930	0	2544	0	4404	0	862	0	2228	238	690	0	138	0	1220	0	0	0	516	502	3116	0	14136	0	7204	0	41518	0	4412	0	0	0	4392	0	248	0	0	0	706	0	2076	0	260	0	136	0	0	0	0	0	0	0	132	0	0	0	0	0	
319016	Temporal_Inf_R	0	7546	0	2540	0	0	0	246	0	0	0	360	0	0	0	106	0	1052	0	4668	0	0	0	0	0	0	0	0	0	7248	0	0	340	1950	0	4574	0	11702	0	5846	0	102	0	1636	0	690	0	5108	0	710	0	2130	0	5424	0	16810	0	7566	0	712	0	1256	0	2498	0	870	134	6158	0	7910	0	0	0	4532	0	0	0	0	0	2388	0	5102	0	6366	0	26220	0	2994	0	0	0	2722	0	138	0	104	0	168	0	882	0	0	0	0	0	0	0	0	0	0	0	0	0	0	0	0	
491224	Cerebelum_Crus1_L	0	0	0	0	0	0	0	0	0	0	0	0	0	0	0	0	0	0	0	0	0	0	0	0	0	0	0	0	104	0	0	0	0	0	0	0	414	0	288	0	0	0	174	0	0	0	10574	1182	0	0	914	0	1358	0	20160	0	0	0	0	0	0	0	0	0	0	0	0	0	0	0	0	0	0	0	0	0	0	0	0	0	0	0	0	0	0	0	0	0	4392	0	0	6616	29738	3378	698	396	26976	1544	57982	6122	14496	344	16974	856	5772	344	2298	0	594	804	6708	10636	11048	698	748	282	
521972	Cerebelum_Crus1_R	0	0	0	0	0	0	0	0	0	0	0	0	0	0	0	0	0	0	0	0	0	0	0	0	0	0	0	0	0	0	0	0	0	0	0	0	0	0	0	0	0	0	0	0	0	0	2006	5424	0	0	0	0	0	300	414	8692	0	0	0	0	0	0	0	0	0	0	0	0	0	0	0	0	0	0	0	0	0	0	0	0	0	0	0	0	0	0	0	0	0	2722	6616	0	1692	31450	514	6392	7018	21520	7568	56092	1310	8552	1022	19498	126	5714	0	894	1250	4362	13102	15106	18374	6032	5416	1808	
333476	Cerebelum_Crus2_L	0	0	0	0	0	0	0	0	0	0	0	0	0	0	0	0	0	0	0	0	0	0	0	0	0	0	0	0	0	0	0	0	0	0	0	0	0	0	0	0	0	0	0	0	0	0	1510	522	0	0	0	0	0	0	632	0	0	0	0	0	0	0	0	0	0	0	0	0	0	0	0	0	0	0	0	0	0	0	0	0	0	0	0	0	0	0	0	0	248	0	29738	1692	0	10374	92	102	3576	290	9382	1546	34384	5310	32768	3868	5656	240	1250	0	284	308	1426	4300	12222	4278	616	124	
357028	Cerebelum_Crus2_R	0	0	0	0	0	0	0	0	0	0	0	0	0	0	0	0	0	0	0	0	0	0	0	0	0	0	0	0	0	0	0	0	0	0	0	0	0	0	0	0	0	0	0	0	0	0	880	1938	0	0	0	0	0	0	100	378	0	0	0	0	0	0	0	0	0	0	0	0	0	0	0	0	0	0	0	0	0	0	0	0	0	0	0	0	0	0	0	0	0	138	3378	31450	10374	0	0	344	530	734	2094	6162	6840	24406	6154	34592	1346	8090	0	966	312	470	796	4788	19552	6670	4452	580	
34240	Cerebelum_3_L	0	0	0	0	0	0	0	0	0	0	0	0	0	0	0	0	0	0	0	0	0	0	0	0	0	0	0	0	0	0	0	0	0	0	0	0	0	0	162	0	0	0	0	0	0	0	518	0	0	0	0	0	0	0	0	0	0	0	0	0	0	0	0	0	0	0	0	0	0	0	0	0	0	0	0	0	0	0	0	0	0	0	0	0	0	0	0	0	0	0	698	514	92	0	0	398	4752	0	1166	556	346	0	226	152	652	226	138	0	1386	3000	1096	124	302	294	238	84	
70188	Cerebelum_3_R	0	0	0	0	0	0	0	0	0	0	0	0	0	0	0	0	0	0	0	0	0	0	0	0	0	0	0	0	0	0	0	0	0	0	0	0	0	0	0	0	0	0	0	0	0	0	122	486	0	0	0	0	0	0	0	164	0	0	0	0	0	0	0	0	0	0	0	0	0	0	0	0	0	0	0	0	0	0	0	0	0	0	0	0	0	0	0	0	0	104	396	6392	102	344	398	0	1042	5728	776	8662	172	0	162	544	0	506	0	0	322	4824	2186	164	532	514	452	0	
321928	Cerebelum_4_5_L	0	0	0	0	0	0	0	0	0	0	0	0	0	0	0	0	0	0	0	0	0	0	0	0	0	0	0	0	0	0	0	0	0	0	0	0	126	0	254	0	0	0	0	0	0	0	7530	712	0	0	0	0	176	0	9416	238	0	0	0	0	0	0	0	0	0	0	0	0	0	0	0	0	0	0	0	0	0	0	0	0	0	0	0	0	0	0	0	0	706	0	26976	7018	3576	530	4752	1042	0	4916	35818	8922	5074	108	4716	792	2306	1190	552	0	1638	2992	17424	4972	1976	1336	1092	2088	
183496	Cerebelum_4_5_R	0	0	82	0	0	0	0	0	0	0	0	0	0	0	0	0	0	0	0	0	0	0	0	0	0	0	0	0	0	0	0	0	0	0	0	306	0	412	0	712	0	0	0	0	0	0	844	2076	0	0	0	0	0	0	286	2986	0	0	0	0	0	0	0	0	0	0	0	380	0	0	0	0	0	0	0	0	178	0	0	0	0	0	0	0	0	0	0	0	0	168	1544	21520	290	734	0	5728	4916	0	1990	28226	340	0	212	1272	0	446	0	0	0	2246	10716	878	1044	584	498	134	
459360	Cerebelum_6_L	0	0	0	0	0	0	0	0	0	0	0	0	0	0	0	0	0	0	0	0	0	0	0	0	0	0	0	0	246	0	0	0	0	0	0	0	698	0	586	0	0	0	0	0	0	0	14144	1030	0	0	0	0	350	0	20874	0	0	0	0	0	0	0	0	0	0	0	0	0	0	0	0	0	148	0	0	0	0	0	0	0	0	0	0	0	0	0	0	0	2076	0	57982	7568	9382	2094	1166	776	35818	1990	0	7774	8462	134	7664	968	4634	1322	1894	0	1176	1628	9656	13402	9610	1588	1528	1312	
451836	Cerebelum_6_R	0	92	0	0	0	0	0	0	0	0	0	0	0	0	0	0	0	0	0	0	0	0	0	0	0	0	0	0	0	0	0	0	0	0	0	0	0	372	0	186	0	0	84	282	0	0	1656	5834	0	0	0	88	0	222	518	8244	0	0	0	0	0	0	0	0	0	0	0	0	0	0	0	0	0	102	0	0	0	0	0	0	0	0	0	0	0	0	0	0	0	882	6122	56092	1546	6162	556	8662	8922	28226	7774	0	1464	706	1170	6194	256	4752	0	338	1614	5530	16580	15892	14790	6048	5302	2658	
295352	Cerebelum_7b_L	0	0	0	0	0	0	0	0	0	0	0	0	0	0	0	0	0	0	0	0	0	0	0	0	0	0	0	0	0	0	0	0	0	0	0	0	0	0	82	0	0	0	0	0	0	0	306	0	0	0	0	0	0	0	440	0	0	0	0	0	0	0	0	0	0	0	0	0	0	0	0	0	0	0	0	0	0	0	0	0	0	0	0	0	0	0	0	0	260	0	14496	1310	34384	6840	346	172	5074	340	8462	1464	0	5572	37328	4520	7104	262	1332	0	360	418	2382	1004	7520	5524	260	114	
184356	Cerebelum_7b_R	0	0	0	0	0	0	0	0	0	0	0	0	0	0	0	0	0	0	0	0	0	0	0	0	0	0	0	0	0	0	0	0	0	0	0	0	0	0	0	0	0	0	0	0	0	0	0	0	0	0	0	0	0	0	0	0	0	0	0	0	0	0	0	0	0	0	0	0	0	0	0	0	0	0	0	0	0	0	0	0	0	0	0	0	0	0	0	0	0	0	344	8552	5310	24406	0	0	108	0	134	706	5572	0	4842	25766	284	4756	0	0	102	130	160	340	4798	4960	738	170	
327608	Cerebelum_8_L	0	0	0	0	0	0	0	0	0	0	0	0	0	0	0	0	0	0	0	0	0	0	0	0	0	0	0	0	0	0	0	0	0	0	0	0	0	0	0	0	0	0	0	0	0	0	264	0	0	0	0	0	0	0	226	0	0	0	0	0	0	0	0	0	0	0	0	0	0	0	0	0	0	0	0	0	0	0	0	0	0	0	0	0	0	0	0	0	136	0	16974	1022	32768	6154	226	162	4716	212	7664	1170	37328	4842	0	5206	19914	1102	3366	0	484	488	2016	980	7430	7626	1176	152	
309548	Cerebelum_8_R	0	0	0	0	0	0	0	0	0	0	0	0	0	0	0	0	0	0	0	0	0	0	0	0	0	0	0	0	0	0	0	0	0	0	0	0	0	0	0	0	0	0	0	0	0	0	118	162	0	0	0	0	0	0	0	84	0	0	0	0	0	0	0	0	0	0	0	0	0	0	0	0	0	0	0	0	0	0	0	0	0	0	0	0	0	0	0	0	0	0	856	19498	3868	34592	152	544	792	1272	968	6194	4520	25766	5206	0	852	18828	0	972	666	986	1122	2372	9578	8876	5088	842	
138736	Cerebelum_9_L	0	0	0	0	0	0	0	0	0	0	0	0	0	0	0	0	0	0	0	0	0	0	0	0	0	0	0	0	0	0	0	0	0	0	0	0	0	0	0	0	0	0	0	0	0	0	184	0	0	0	0	0	0	0	94	0	0	0	0	0	0	0	0	0	0	0	0	0	0	0	0	0	0	0	0	0	0	0	0	0	0	0	0	0	0	0	0	0	0	0	5772	126	5656	1346	652	0	2306	0	4634	256	7104	284	19914	852	0	2082	5000	0	236	130	670	2160	2574	3146	2412	1778	
176340	Cerebelum_9_R	0	0	0	0	0	0	0	0	0	0	0	0	0	0	0	0	0	0	0	0	0	0	0	0	0	0	0	0	0	0	0	0	0	0	0	0	0	0	0	0	0	0	0	0	0	0	174	80	0	0	0	0	0	0	0	0	0	0	0	0	0	0	0	0	0	0	0	0	0	0	0	0	0	0	0	0	0	0	0	0	0	0	0	0	0	0	0	0	0	0	344	5714	240	8090	226	506	1190	446	1322	4752	262	4756	1102	18828	2082	0	0	1918	506	1008	1500	3622	7648	8836	9484	3534	
32296	Cerebelum_10_L	0	0	0	0	0	0	0	0	0	0	0	0	0	0	0	0	0	0	0	0	0	0	0	0	0	0	0	0	0	0	0	0	0	0	0	0	0	0	0	0	0	0	0	0	0	0	82	0	0	0	0	0	0	0	0	0	0	0	0	0	0	0	0	0	0	0	0	0	0	0	0	0	0	0	0	0	0	0	0	0	0	0	0	0	0	0	0	0	0	0	2298	0	1250	0	138	0	552	0	1894	0	1332	0	3366	0	5000	0	0	0	0	0	98	138	0	0	0	0	
16804	Cerebelum_10_R	0	0	0	0	0	0	0	0	0	0	0	0	0	0	0	0	0	0	0	0	0	0	0	0	0	0	0	0	0	0	0	0	0	0	0	0	0	0	0	0	0	0	0	0	0	0	0	0	0	0	0	0	0	0	0	0	0	0	0	0	0	0	0	0	0	0	0	0	0	0	0	0	0	0	0	0	0	0	0	0	0	0	0	0	0	0	0	0	0	0	0	894	0	966	0	0	0	0	0	338	0	0	0	972	0	1918	0	0	0	0	0	0	1112	1036	1166	0	
41956	Vermis_1_2	0	0	0	0	0	0	0	0	0	0	0	0	0	0	0	0	0	0	0	0	0	0	0	0	0	0	0	0	0	0	0	0	0	0	0	0	0	0	0	0	0	0	0	0	0	0	0	0	0	0	0	0	0	0	0	0	0	0	0	0	0	0	0	0	0	0	0	0	0	0	0	0	0	0	0	0	0	0	0	0	0	0	0	0	0	0	0	0	0	0	594	1250	284	312	1386	322	1638	0	1176	1614	360	102	484	666	236	506	0	0	0	4916	2306	228	854	792	580	372	
87552	Vermis_3	0	0	0	0	0	0	0	0	0	0	0	0	0	0	0	0	0	0	0	0	0	0	0	0	0	0	0	0	0	0	0	0	0	0	0	0	0	0	82	0	0	0	0	0	0	0	190	350	0	0	0	0	0	0	0	0	0	0	0	0	0	0	0	0	0	0	0	0	0	0	0	0	0	0	0	0	120	0	0	0	0	0	0	0	0	0	0	0	0	0	804	4362	308	470	3000	4824	2992	2246	1628	5530	418	130	488	986	130	1008	0	0	4916	0	4100	484	1384	1310	1068	448	
