data	data	582720	217696	861696	978648	154324	125596	500088	210288	78524	25416	238764	128964	220468	181736	158772	86500	159488	90056	657336	953448	85652	94928	317840	344316	15460	69548	76212	88500	436076	280276	248920	448060	145088	431544	113532	199316	211180	246920	66716	104224	36580	55940	249484	379460	267136	340972	246120	259808	270252	363624	570840	274948	201848	133732	388000	380572	231368	203128	139712	140964	248220	190860	104708	98036	210844	221540	299204	413620	226868	208176	230812	353440	226868	229880	39412	29300	190068	219464	77000	28696	220316	73680	59716	36668	360652	203968	28704	11372	277012	235832	421036	469104	281640	308020	41060	64344	278608	234896	423424	433152	212148	183268	253084	244172	133960	108720	10412	4756	27532	49372	250276	266808	167432	132736	75048	23268	
data	data	Precentral_L	Precentral_R	Frontal_Sup_L	Frontal_Sup_R	Frontal_Sup_Orb_L	Frontal_Sup_Orb_R	Frontal_Mid_L	Frontal_Mid_R	Frontal_Mid_Orb_L	Frontal_Mid_Orb_R	Frontal_Inf_Oper_L	Frontal_Inf_Oper_R	Frontal_Inf_Tri_L	Frontal_Inf_Tri_R	Frontal_Inf_Orb_L	Frontal_Inf_Orb_R	Rolandic_Oper_L	Rolandic_Oper_R	Supp_Motor_Area_L	Supp_Motor_Area_R	Olfactory_L	Olfactory_R	Frontal_Sup_Medial_L	Frontal_Sup_Medial_R	Frontal_Med_Orb_L	Frontal_Med_Orb_R	Rectus_L	Rectus_R	Insula_L	Insula_R	Cingulum_Ant_L	Cingulum_Ant_R	Cingulum_Mid_L	Cingulum_Mid_R	Cingulum_Post_L	Cingulum_Post_R	Hippocampus_L	Hippocampus_R	ParaHippocampal_L	ParaHippocampal_R	Amygdala_L	Amygdala_R	Calcarine_L	Calcarine_R	Cuneus_L	Cuneus_R	Lingual_L	Lingual_R	Occipital_Sup_L	Occipital_Sup_R	Occipital_Mid_L	Occipital_Mid_R	Occipital_Inf_L	Occipital_Inf_R	Fusiform_L	Fusiform_R	Postcentral_L	Postcentral_R	Parietal_Sup_L	Parietal_Sup_R	Parietal_Inf_L	Parietal_Inf_R	SupraMarginal_L	SupraMarginal_R	Angular_L	Angular_R	Precuneus_L	Precuneus_R	Paracentral_Lobule_L	Paracentral_Lobule_R	Caudate_L	Caudate_R	Putamen_L	Putamen_R	Pallidum_L	Pallidum_R	Thalamus_L	Thalamus_R	Heschl_L	Heschl_R	Temporal_Sup_L	Temporal_Sup_R	Temporal_Pole_Sup_L	Temporal_Pole_Sup_R	Temporal_Mid_L	Temporal_Mid_R	Temporal_Pole_Mid_L	Temporal_Pole_Mid_R	Temporal_Inf_L	Temporal_Inf_R	Cerebelum_Crus1_L	Cerebelum_Crus1_R	Cerebelum_Crus2_L	Cerebelum_Crus2_R	Cerebelum_3_L	Cerebelum_3_R	Cerebelum_4_5_L	Cerebelum_4_5_R	Cerebelum_6_L	Cerebelum_6_R	Cerebelum_7b_L	Cerebelum_7b_R	Cerebelum_8_L	Cerebelum_8_R	Cerebelum_9_L	Cerebelum_9_R	Cerebelum_10_L	Cerebelum_10_R	Vermis_1_2	Vermis_3	Vermis_4_5	Vermis_6	Vermis_7	Vermis_8	Vermis_9	Vermis_10	
582720	Precentral_L	0	1322	31098	10552	0	0	27052	2718	0	0	13656	500	938	160	0	0	10112	0	12322	5658	0	0	0	0	0	0	0	0	9434	140	170	238	1220	258	4830	3286	6528	2506	1518	388	0	0	286	0	144	0	1188	0	0	0	4924	0	2354	0	4626	126	29856	0	1352	0	5970	0	4992	0	2760	0	1708	0	27392	0	10700	470	2594	188	950	0	23122	2128	3528	0	4050	0	0	0	5644	0	0	0	2790	0	0	0	0	0	412	0	250	0	0	0	0	0	0	0	0	0	0	0	0	252	0	0	0	0	0	0	
217696	Precentral_R	1322	0	1284	8604	0	0	576	10424	0	0	0	5556	0	0	0	0	0	1112	2460	11644	0	0	0	0	0	0	0	0	0	2946	0	126	178	2984	434	2974	0	2804	0	146	0	0	0	886	0	500	0	120	0	1038	0	822	0	812	0	1536	0	20738	0	464	0	1264	0	2488	0	984	0	2118	600	7004	806	2818	0	1040	0	0	464	1572	0	642	0	1194	0	0	0	548	0	0	0	2816	0	0	0	0	0	0	0	0	0	0	0	0	0	0	0	0	0	0	0	0	0	0	0	0	0	0	
861696	Frontal_Sup_L	31098	1284	0	15018	9590	0	55698	2068	1946	0	18652	192	19094	324	6496	0	7608	0	65338	16648	0	0	43834	1664	240	0	232	0	28276	134	16974	1860	4712	856	308	292	6668	144	464	0	0	0	0	0	0	0	186	0	0	0	286	0	366	0	2038	0	5030	0	0	0	572	0	0	0	0	0	0	0	13172	0	4242	920	18274	0	2278	0	14026	254	2704	0	4586	0	390	0	1410	0	0	0	1796	0	0	0	0	0	278	0	112	0	0	0	0	0	0	0	0	0	0	0	0	216	0	0	0	0	0	0	
978648	Frontal_Sup_R	10552	8604	15018	0	0	5658	6850	27310	0	0	1438	6914	304	12524	0	2436	534	7448	34878	109108	0	326	8330	40968	0	1832	0	516	652	15270	3564	35628	1498	21180	978	1930	594	5666	0	1534	0	0	0	0	0	0	0	0	0	0	182	0	0	0	0	464	898	964	116	0	298	0	0	0	234	114	128	162	4152	274	8660	30548	670	16902	490	3240	1592	27482	116	544	488	140	0	0	0	0	0	0	0	0	0	0	0	0	0	0	0	0	0	0	0	0	0	0	0	0	0	0	0	424	0	0	0	0	0	0	
154324	Frontal_Sup_Orb_L	0	0	9590	0	0	370	2546	0	11626	0	0	0	2852	0	10574	364	0	0	114	0	1862	660	4510	0	2502	0	6844	448	7780	120	4936	0	0	0	0	0	0	0	110	0	440	0	0	0	0	0	0	0	0	0	0	0	0	0	0	0	0	0	0	0	0	0	0	0	0	0	0	0	0	0	1398	0	7404	0	0	0	0	0	0	0	0	0	112	0	0	0	0	0	0	0	0	0	0	0	0	0	0	0	0	0	0	0	0	0	0	0	0	0	0	0	0	0	0	0	0	0	
125596	Frontal_Sup_Orb_R	0	0	0	5658	370	0	0	2576	132	3890	0	0	0	446	386	6262	0	0	170	512	1738	3264	262	4748	0	5708	1338	7658	172	1940	224	3944	0	0	0	0	0	0	0	0	0	0	0	0	0	0	0	0	0	0	0	0	0	0	0	0	0	0	0	0	0	0	0	0	0	0	0	0	0	0	1758	4648	0	4994	0	0	0	0	0	0	0	0	0	0	0	0	0	0	0	0	0	0	0	0	0	0	0	0	0	0	0	0	0	0	0	0	0	0	0	0	0	0	0	0	0	0	
500088	Frontal_Mid_L	27052	576	55698	6850	2546	0	0	2938	1528	0	15970	1658	31448	1292	8756	0	1812	0	6774	3146	0	0	19612	268	0	0	0	0	12930	222	9492	826	3256	212	594	464	1708	254	260	0	0	0	0	0	0	0	204	0	0	0	338	0	726	0	1622	0	6668	0	0	0	524	0	0	0	418	0	118	0	780	0	8298	782	710	0	0	0	1874	318	3306	0	1592	0	0	0	2384	0	0	0	1240	0	0	0	0	0	0	0	0	0	0	0	0	0	0	0	0	0	0	0	0	0	0	0	0	0	0	0	
210288	Frontal_Mid_R	2718	10424	2068	27310	0	2576	2938	0	0	1010	182	5720	0	13194	0	2710	0	290	4618	3198	0	0	506	2070	0	0	0	0	126	2694	1652	6708	252	1242	0	0	0	680	0	0	0	0	0	0	0	0	0	0	0	0	0	0	0	0	0	0	376	422	0	0	0	0	0	0	0	0	0	0	0	0	3872	1618	112	2426	0	468	384	580	0	0	0	0	0	0	0	0	0	0	0	0	0	0	0	0	0	0	0	0	0	0	0	0	0	0	0	0	0	0	0	0	0	0	0	0	0	0	
78524	Frontal_Mid_Orb_L	0	0	1946	0	11626	132	1528	0	0	0	0	0	440	0	12042	122	0	0	0	0	188	178	0	0	152	0	3178	134	2746	0	274	0	0	0	0	0	0	0	0	0	0	0	0	0	0	0	0	0	0	0	0	0	0	0	0	0	0	0	0	0	0	0	0	0	0	0	0	0	0	0	472	0	4104	0	0	0	0	0	0	0	0	0	0	0	0	0	0	0	0	0	0	0	0	0	0	0	0	0	0	0	0	0	0	0	0	0	0	0	0	0	0	0	0	0	0	0	
25416	Frontal_Mid_Orb_R	0	0	0	0	0	3890	0	1010	0	0	0	0	0	0	0	4282	0	0	0	0	230	294	0	0	0	450	184	1660	0	0	0	0	0	0	0	0	0	0	0	0	0	0	0	0	0	0	0	0	0	0	0	0	0	0	0	0	0	0	0	0	0	0	0	0	0	0	0	0	0	0	218	342	0	148	0	0	0	0	0	0	0	0	0	0	0	0	0	0	0	0	0	0	0	0	0	0	0	0	0	0	0	0	0	0	0	0	0	0	0	0	0	0	0	0	0	0	
238764	Frontal_Inf_Oper_L	13656	0	18652	1438	0	0	15970	182	0	0	0	1262	10524	950	144	0	8570	0	11660	1236	0	0	786	122	0	0	0	0	9616	152	1682	240	0	0	0	0	1708	0	262	0	0	0	0	0	0	0	0	0	0	0	246	0	0	0	496	0	3160	0	0	0	458	0	234	0	730	0	0	0	0	0	4350	1488	2620	148	192	0	194	0	902	0	3616	0	426	0	776	0	0	0	534	0	0	0	0	0	0	0	0	0	0	0	0	0	0	0	0	0	0	0	0	0	0	0	0	0	0	0	
128964	Frontal_Inf_Oper_R	500	5556	192	6914	0	0	1658	5720	0	0	1262	0	746	7898	0	0	0	3234	3738	6540	0	0	0	210	0	0	0	0	0	7066	206	866	0	280	0	0	0	856	0	126	0	0	0	0	0	0	0	0	0	0	0	0	0	0	0	0	0	3668	0	0	0	0	0	0	0	0	0	0	0	0	730	1840	0	3748	0	0	294	368	0	152	0	114	0	0	0	0	0	0	0	0	0	0	0	0	0	0	0	0	0	0	0	0	0	0	0	0	0	0	0	0	0	0	0	0	0	0	
220468	Frontal_Inf_Tri_L	938	0	19094	304	2852	0	31448	0	440	0	10524	746	0	770	11394	0	0	0	5070	294	0	0	2690	0	0	0	0	0	17570	0	2806	150	448	0	0	0	0	0	0	0	0	0	0	0	0	0	0	0	0	0	0	0	0	0	0	0	0	0	0	0	0	0	0	0	0	0	0	0	0	0	1220	1250	226	0	0	0	0	0	0	0	0	0	0	0	0	0	0	0	0	0	0	0	0	0	0	0	0	0	0	0	0	0	0	0	0	0	0	0	0	0	0	0	0	0	0	0	
181736	Frontal_Inf_Tri_R	160	0	324	12524	0	446	1292	13194	0	0	950	7898	770	0	0	4792	0	0	1346	4076	0	0	648	6232	0	0	0	112	0	13930	1958	12186	0	2648	0	0	0	248	0	0	0	0	0	0	0	0	0	0	0	0	0	0	0	0	0	0	0	0	0	0	0	0	0	0	0	0	0	0	0	0	132	3448	0	1408	0	0	0	146	0	0	0	0	0	0	0	0	0	0	0	0	0	0	0	0	0	0	0	0	0	0	0	0	0	0	0	0	0	0	0	0	0	0	0	0	0	0	
158772	Frontal_Inf_Orb_L	0	0	6496	0	10574	386	8756	0	12042	0	144	0	11394	0	0	374	0	0	440	0	2636	700	362	0	0	0	2004	466	13268	126	386	0	138	0	0	0	0	0	170	0	364	0	0	0	0	0	0	0	0	0	0	0	0	0	0	0	0	0	0	0	0	0	0	0	0	0	0	0	0	0	1702	156	5538	0	0	0	0	0	0	0	0	0	764	0	0	0	0	0	0	0	0	0	0	0	0	0	0	0	0	0	0	0	0	0	0	0	0	0	0	0	0	0	0	0	0	0	
86500	Frontal_Inf_Orb_R	0	0	0	2436	364	6262	0	2710	122	4282	0	0	0	4792	374	0	0	0	194	328	1660	2958	0	1134	0	0	1206	3488	158	4970	182	750	0	0	0	0	0	0	0	0	0	0	0	0	0	0	0	0	0	0	0	0	0	0	0	0	0	0	0	0	0	0	0	0	0	0	0	0	0	0	1596	2270	110	744	0	0	0	0	0	0	0	0	0	160	0	0	0	0	0	0	0	0	0	0	0	0	0	0	0	0	0	0	0	0	0	0	0	0	0	0	0	0	0	0	0	0	
159488	Rolandic_Oper_L	10112	0	7608	534	0	0	1812	0	0	0	8570	0	0	0	0	0	0	0	7708	146	0	0	0	0	0	0	0	0	9896	0	0	0	716	0	0	0	166	0	0	0	0	0	0	0	0	0	0	0	0	0	2164	0	362	0	228	0	6166	0	0	0	444	0	2558	0	0	0	268	0	166	0	1140	0	0	0	0	0	0	0	2204	0	11704	0	388	0	2776	0	0	0	1908	0	0	0	0	0	0	0	0	0	0	0	0	0	0	0	0	0	0	0	0	0	0	0	0	0	0	0	
90056	Rolandic_Oper_R	0	1112	0	7448	0	0	0	290	0	0	0	3234	0	0	0	0	0	0	1290	5736	0	0	0	0	0	0	0	0	0	11900	0	0	0	0	0	0	0	1592	0	0	0	0	0	0	0	0	0	0	0	0	0	0	0	0	0	132	0	2030	0	114	0	174	0	1356	0	184	0	0	0	0	184	648	0	2690	0	0	0	468	0	2626	0	1644	0	0	0	0	0	0	0	176	0	0	0	0	0	0	0	0	0	0	0	0	0	0	0	0	0	0	0	0	0	0	0	0	0	0	
657336	Supp_Motor_Area_L	12322	2460	65338	34878	114	170	6774	4618	0	0	11660	3738	5070	1346	440	194	7708	1290	0	53676	0	0	5444	7522	0	0	0	0	14654	2152	3522	6294	6546	15752	186	278	2902	0	0	0	0	0	0	0	166	0	0	0	194	0	2138	0	0	0	818	0	2326	0	0	0	654	0	714	0	638	0	256	0	8022	0	5530	2912	15918	726	3572	0	1102	0	394	0	3782	0	388	0	202	0	0	0	1168	0	0	0	0	0	0	0	0	0	0	0	0	0	0	0	0	0	0	0	0	0	0	0	0	0	0	0	
953448	Supp_Motor_Area_R	5658	11644	16648	109108	0	512	3146	3198	0	0	1236	6540	294	4076	0	328	146	5736	53676	0	0	0	3604	15872	0	0	0	0	260	10006	3570	20904	4526	51874	946	9962	364	4190	0	1362	0	0	0	1542	152	2128	0	290	0	2026	0	1192	0	904	0	966	348	4142	0	1522	0	1264	0	0	0	1398	188	8450	3866	20508	2564	26986	182	11346	0	2618	962	28446	0	278	126	162	0	0	0	346	0	0	0	1522	0	0	0	0	0	0	0	0	0	0	0	0	0	0	0	0	0	0	0	370	544	0	0	0	0	0	
85652	Olfactory_L	0	0	0	0	1862	1738	0	0	188	230	0	0	0	0	2636	1660	0	0	0	0	0	6572	0	0	0	134	4620	2840	2638	386	2920	2372	0	0	0	0	0	0	458	0	866	0	0	0	0	0	0	0	0	0	0	0	0	0	0	0	0	0	0	0	0	0	0	0	0	0	0	0	0	0	6858	2744	296	0	0	0	0	0	0	0	0	0	808	0	0	0	0	0	0	0	0	0	0	0	0	0	0	0	0	0	0	0	0	0	0	0	0	0	0	0	0	0	0	0	0	0	
94928	Olfactory_R	0	0	0	326	660	3264	0	0	178	294	0	0	0	0	700	2958	0	0	0	0	6572	0	0	122	0	1358	3626	6404	352	3416	2772	3380	0	0	0	0	0	322	0	0	0	434	0	0	0	0	0	0	0	0	0	0	0	0	0	0	0	0	0	0	0	0	0	0	0	0	0	0	0	0	6174	3502	238	412	0	0	0	0	0	0	0	0	0	0	0	0	0	0	0	0	0	0	0	0	0	0	0	0	0	0	0	0	0	0	0	0	0	0	0	0	0	0	0	0	0	0	
317840	Frontal_Sup_Medial_L	0	0	43834	8330	4510	262	19612	506	0	0	786	0	2690	648	362	0	0	0	5444	3604	0	0	0	16436	1208	708	0	0	1362	276	19532	11638	4922	9418	0	0	0	0	0	0	0	0	0	0	0	0	0	0	0	0	0	0	0	0	0	0	0	0	0	0	0	0	0	0	0	0	0	0	0	0	194	554	1878	206	0	0	0	0	0	0	0	0	0	0	0	0	0	0	0	0	0	0	0	0	0	0	0	0	0	0	0	0	0	0	0	0	0	0	0	0	0	0	0	0	0	0	
344316	Frontal_Sup_Medial_R	0	0	1664	40968	0	4748	268	2070	0	0	122	210	0	6232	0	1134	0	0	7522	15872	0	122	16436	0	0	3648	0	294	0	5068	2910	31432	582	16418	0	0	0	0	0	0	0	0	0	0	0	0	0	0	0	0	0	0	0	0	0	0	0	0	0	0	0	0	0	0	0	0	0	0	0	0	198	9422	0	4818	0	0	0	0	0	0	0	0	0	0	0	0	0	0	0	0	0	0	0	0	0	0	0	0	0	0	0	0	0	0	0	0	0	0	0	0	0	0	0	0	0	0	
15460	Frontal_Med_Orb_L	0	0	240	0	2502	0	0	0	152	0	0	0	0	0	0	0	0	0	0	0	0	0	1208	0	0	364	788	158	0	0	1934	0	0	0	0	0	0	0	0	0	0	0	0	0	0	0	0	0	0	0	0	0	0	0	0	0	0	0	0	0	0	0	0	0	0	0	0	0	0	0	148	0	236	0	0	0	0	0	0	0	0	0	0	0	0	0	0	0	0	0	0	0	0	0	0	0	0	0	0	0	0	0	0	0	0	0	0	0	0	0	0	0	0	0	0	0	
69548	Frontal_Med_Orb_R	0	0	0	1832	0	5708	0	0	0	450	0	0	0	0	0	0	0	0	0	0	134	1358	708	3648	364	0	398	6174	0	0	878	7034	0	0	0	0	0	0	0	0	0	0	0	0	0	0	0	0	0	0	0	0	0	0	0	0	0	0	0	0	0	0	0	0	0	0	0	0	0	0	0	4190	0	1898	0	0	0	0	0	0	0	0	0	0	0	0	0	0	0	0	0	0	0	0	0	0	0	0	0	0	0	0	0	0	0	0	0	0	0	0	0	0	0	0	0	0	
76212	Rectus_L	0	0	232	0	6844	1338	0	0	3178	184	0	0	0	0	2004	1206	0	0	0	0	4620	3626	0	0	788	398	0	2570	1154	198	3128	1390	0	0	0	0	0	0	0	0	0	0	0	0	0	0	0	0	0	0	0	0	0	0	0	0	0	0	0	0	0	0	0	0	0	0	0	0	0	0	3772	500	976	0	0	0	0	0	0	0	0	0	0	0	0	0	0	0	0	0	0	0	0	0	0	0	0	0	0	0	0	0	0	0	0	0	0	0	0	0	0	0	0	0	0	0	
88500	Rectus_R	0	0	0	516	448	7658	0	0	134	1660	0	0	0	112	466	3488	0	0	0	0	2840	6404	0	294	158	6174	2570	0	224	1968	1048	3350	0	0	0	0	0	0	0	0	0	0	0	0	0	0	0	0	0	0	0	0	0	0	0	0	0	0	0	0	0	0	0	0	0	0	0	0	0	0	2430	1796	156	356	0	0	0	0	0	0	0	0	0	0	0	0	0	0	0	0	0	0	0	0	0	0	0	0	0	0	0	0	0	0	0	0	0	0	0	0	0	0	0	0	0	0	
436076	Insula_L	9434	0	28276	652	7780	172	12930	126	2746	0	9616	0	17570	0	13268	158	9896	0	14654	260	2638	352	1362	0	0	0	1154	224	0	0	2088	0	1142	0	0	0	10838	0	1498	0	1776	0	0	0	0	0	380	0	0	0	2808	0	2056	0	7010	0	2776	0	668	0	408	0	898	0	412	0	1212	0	0	0	2172	216	15178	0	0	0	0	0	6196	0	7910	0	5430	0	4742	0	462	0	6494	0	0	0	0	0	0	0	0	0	0	0	0	0	0	0	0	0	0	0	0	0	0	0	0	0	0	0	
280276	Insula_R	140	2946	134	15270	120	1940	222	2694	0	0	152	7066	0	13930	126	4970	0	11900	2152	10006	386	3416	276	5068	0	0	198	1968	0	0	1188	8578	0	1410	0	0	0	6314	0	852	0	1260	0	0	0	114	0	156	0	144	0	0	0	0	0	1758	0	2878	0	0	0	0	0	0	0	0	0	166	0	160	568	4518	0	17034	0	0	0	1032	0	2416	0	2164	0	844	0	292	0	0	0	1212	0	0	0	0	0	0	0	0	0	0	0	0	0	0	0	0	0	0	0	0	0	0	0	0	0	0	
248920	Cingulum_Ant_L	170	0	16974	3564	4936	224	9492	1652	274	0	1682	206	2806	1958	386	182	0	0	3522	3570	2920	2772	19532	2910	1934	878	3128	1048	2088	1188	0	14878	2502	1582	0	0	0	0	0	0	0	0	0	0	0	0	0	0	0	0	0	0	0	0	0	0	0	0	0	0	0	0	0	0	0	0	0	0	0	0	4946	4108	5506	942	0	0	0	0	0	0	0	0	0	0	0	0	0	0	0	0	0	0	0	0	0	0	0	0	0	0	0	0	0	0	0	0	0	0	0	0	0	0	0	0	0	0	
448060	Cingulum_Ant_R	238	126	1860	35628	0	3944	826	6708	0	0	240	866	150	12186	0	750	0	0	6294	20904	2372	3380	11638	31432	0	7034	1390	3350	0	8578	14878	0	1930	19734	0	0	0	0	0	0	0	0	0	0	0	0	0	0	0	0	0	0	0	0	0	0	0	0	0	0	0	0	0	0	0	0	0	0	0	0	2582	18582	216	6214	0	0	0	0	0	0	0	0	0	0	0	0	0	0	0	0	0	0	0	0	0	0	0	0	0	0	0	0	0	0	0	0	0	0	0	0	0	0	0	0	0	0	
145088	Cingulum_Mid_L	1220	178	4712	1498	0	0	3256	252	0	0	0	0	448	0	138	0	716	0	6546	4526	0	0	4922	582	0	0	0	0	1142	0	2502	1930	0	6664	2630	294	0	0	0	0	0	0	902	0	1294	0	176	0	1626	0	5990	0	260	0	276	0	408	146	1338	0	654	0	494	0	842	0	6624	848	4140	578	0	0	0	0	0	0	0	0	126	0	596	0	0	0	668	0	0	0	402	0	0	0	0	0	0	0	0	0	0	0	0	0	0	0	0	0	0	0	0	0	0	0	0	0	0	0	
431544	Cingulum_Mid_R	258	2984	856	21180	0	0	212	1242	0	0	0	280	0	2648	0	0	0	0	15752	51874	0	0	9418	16418	0	0	0	0	0	1410	1582	19734	6664	0	670	9248	0	0	0	0	0	0	0	1554	138	3998	0	212	0	3244	0	882	0	1836	0	576	0	3164	0	1506	0	1064	0	0	0	1150	1012	12388	1198	16686	168	400	0	0	0	0	0	0	0	0	0	0	0	0	0	262	0	0	0	1218	0	0	0	0	0	0	0	0	0	0	0	0	0	0	0	0	0	0	0	0	686	0	0	0	0	0	
113532	Cingulum_Post_L	4830	434	308	978	0	0	594	0	0	0	0	0	0	0	0	0	0	0	186	946	0	0	0	0	0	0	0	0	0	0	0	0	2630	670	0	7046	6044	3080	1072	474	0	0	2946	0	916	112	1380	0	442	0	408	0	124	0	206	156	0	0	0	0	0	0	0	0	0	0	7608	1276	4304	0	344	0	0	122	0	0	4732	2398	0	0	0	0	0	0	0	0	0	0	0	0	0	0	0	0	0	0	0	0	0	0	0	0	0	0	0	0	0	0	0	0	0	0	0	0	0	0	
199316	Cingulum_Post_R	3286	2974	292	1930	0	0	464	0	0	0	0	0	0	0	0	0	0	0	278	9962	0	0	0	0	0	0	0	0	0	0	0	0	294	9248	7046	0	2734	6030	0	1302	0	0	0	1848	150	1158	0	3892	0	1062	0	924	0	792	0	900	0	1662	0	3058	0	764	0	0	0	834	958	16404	724	5944	170	0	0	128	0	0	5674	3874	0	0	0	0	0	0	0	428	0	0	0	1212	0	0	0	0	0	0	0	0	0	0	0	0	0	0	0	0	0	0	0	0	1258	0	0	0	0	0	
211180	Hippocampus_L	6528	0	6668	594	0	0	1708	0	0	0	1708	0	0	0	0	0	166	0	2902	364	0	0	0	0	0	0	0	0	10838	0	0	0	0	0	6044	2734	0	1936	7670	456	6088	0	2030	0	0	0	1394	668	0	0	0	0	0	0	8570	0	366	0	0	0	0	0	0	0	0	0	3764	144	920	0	0	0	8720	116	1366	0	4194	1262	766	0	1720	0	1866	0	1792	0	1152	0	7950	0	0	0	0	0	0	0	0	0	0	0	0	0	0	0	0	0	0	0	0	426	0	0	0	0	0	0	
246920	Hippocampus_R	2506	2804	144	5666	0	0	254	680	0	0	0	856	0	248	0	0	0	1592	0	4190	0	322	0	0	0	0	0	0	0	6314	0	0	0	0	3080	6030	1936	0	0	17132	0	8356	0	318	0	0	0	1812	0	0	0	0	0	0	0	20344	0	946	0	0	0	192	0	316	0	134	0	2564	202	314	120	142	0	10050	0	1312	4244	6860	0	400	0	1118	0	644	0	2586	0	0	0	5508	0	0	0	0	0	0	0	818	0	0	0	0	0	0	0	0	0	0	0	0	406	0	0	0	0	0	
66716	ParaHippocampal_L	1518	0	464	0	110	0	260	0	0	0	262	0	0	0	170	0	0	0	0	0	458	0	0	0	0	0	0	0	1498	0	0	0	0	0	1072	0	7670	0	0	0	1652	0	1520	0	146	0	4306	168	0	0	0	0	0	0	4714	0	148	0	0	0	0	0	0	0	0	0	2364	0	804	0	0	0	1212	0	498	0	0	0	372	0	144	0	462	0	276	0	0	0	764	0	0	0	0	0	0	0	200	0	0	0	0	0	0	0	0	0	0	0	0	126	0	0	0	0	0	0	
104224	ParaHippocampal_R	388	146	0	1534	0	0	0	0	0	0	0	126	0	0	0	0	0	0	0	1362	0	0	0	0	0	0	0	0	0	852	0	0	0	0	474	1302	456	17132	0	0	0	5746	0	250	0	0	0	1286	0	0	0	0	0	0	0	10916	0	0	0	0	0	0	0	0	0	0	0	1036	0	0	0	0	0	1970	0	844	660	940	0	0	0	0	0	456	0	1128	0	310	0	806	0	0	0	0	0	0	0	1378	0	390	0	0	0	0	0	0	0	0	0	0	224	0	0	0	0	0	
36580	Amygdala_L	0	0	0	0	440	0	0	0	0	0	0	0	0	0	364	0	0	0	0	0	866	0	0	0	0	0	0	0	1776	0	0	0	0	0	0	0	6088	0	1652	0	0	0	0	0	0	0	0	0	0	0	0	0	0	0	3100	0	0	0	0	0	0	0	0	0	0	0	0	0	0	0	0	0	236	0	0	0	0	0	0	0	0	0	942	0	442	0	404	0	1980	0	0	0	0	0	0	0	0	0	0	0	0	0	0	0	0	0	0	0	0	0	0	0	0	0	0	0	
55940	Amygdala_R	0	0	0	0	0	0	0	0	0	0	0	0	0	0	0	0	0	0	0	0	0	434	0	0	0	0	0	0	0	1260	0	0	0	0	0	0	0	8356	0	5746	0	0	0	0	0	0	0	0	0	0	0	0	0	0	0	6714	0	0	0	0	0	0	0	0	0	0	0	0	0	0	0	0	0	866	0	0	0	138	0	0	0	0	0	1226	0	0	0	0	0	3230	0	0	0	0	0	0	0	0	0	0	0	0	0	0	0	0	0	0	0	0	0	0	0	0	0	0	
249484	Calcarine_L	286	0	0	0	0	0	0	0	0	0	0	0	0	0	0	0	0	0	0	0	0	0	0	0	0	0	0	0	0	0	0	0	902	0	2946	0	2030	0	1520	0	0	0	0	5572	22940	5858	11662	1356	16100	1458	17708	436	6750	0	4546	0	0	0	0	0	132	0	0	0	254	0	17552	906	1036	0	0	0	0	0	0	0	0	0	0	0	0	0	0	0	2442	0	0	0	350	0	0	0	0	0	0	0	0	0	0	0	0	0	0	0	0	0	0	0	0	0	0	0	0	0	0	0	
379460	Calcarine_R	0	886	0	0	0	0	0	0	0	0	0	0	0	0	0	0	0	0	0	1542	0	0	0	0	0	0	0	0	0	0	0	0	0	1554	0	1848	0	318	0	250	0	0	5572	0	7346	35900	3800	22302	0	29414	0	11736	0	7308	0	17900	0	2380	0	1168	0	1760	0	816	0	1852	1316	21370	0	2918	0	580	0	0	0	0	0	0	0	0	0	0	0	0	0	2416	0	0	0	4794	0	0	0	0	0	0	0	0	0	152	0	0	0	0	0	0	0	0	0	0	302	230	0	0	0	0	
267136	Cuneus_L	144	0	0	0	0	0	0	0	0	0	0	0	0	0	0	0	0	0	166	152	0	0	0	0	0	0	0	0	0	0	0	0	1294	138	916	150	0	0	146	0	0	0	22940	7346	0	9790	4540	406	31480	1476	21022	228	4382	0	2990	0	0	0	1620	0	362	0	146	0	612	0	14846	2484	1580	0	0	0	0	0	146	0	0	0	0	0	148	0	0	0	1318	0	0	0	600	0	0	0	0	0	0	0	0	0	0	0	0	0	0	0	0	0	0	0	0	0	0	0	0	0	0	0	
340972	Cuneus_R	0	500	0	0	0	0	0	0	0	0	0	0	0	0	0	0	0	0	0	2128	0	0	0	0	0	0	0	0	0	114	0	0	0	3998	112	1158	0	0	0	0	0	0	5858	35900	9790	0	2588	7920	258	37078	0	8718	0	5874	0	6192	0	1532	0	2738	0	480	0	0	0	494	4970	26070	138	3780	0	152	0	0	0	0	0	0	0	0	0	0	0	0	0	668	0	0	0	1160	0	0	0	0	0	0	0	0	0	0	0	0	0	0	0	0	0	0	0	0	118	0	0	0	0	0	
246120	Lingual_L	1188	0	186	0	0	0	204	0	0	0	0	0	0	0	0	0	0	0	0	0	0	0	0	0	0	0	0	0	380	0	0	0	176	0	1380	0	1394	0	4306	0	0	0	11662	3800	4540	2588	0	2340	4210	912	9406	144	6164	0	14302	444	0	0	0	0	0	0	0	0	0	0	4906	614	846	0	0	0	0	0	0	0	0	0	376	0	0	0	0	0	454	0	0	0	350	0	8626	708	208	0	1232	0	11566	1676	12714	1090	0	0	0	0	490	312	0	0	176	138	4266	2302	0	0	284	0	
259808	Lingual_R	0	120	0	0	0	0	0	0	0	0	0	0	0	0	0	0	0	0	0	290	0	0	0	0	0	0	0	0	0	156	0	0	0	212	0	3892	668	1812	168	1286	0	0	1356	22302	406	7920	2340	0	0	10466	0	5208	0	2720	460	16808	0	296	0	0	0	184	0	134	0	210	184	8824	0	368	0	0	0	156	0	0	0	0	0	0	0	0	0	0	0	840	0	0	0	2336	558	6122	0	0	0	1450	1846	5846	1912	8050	0	0	0	0	150	0	0	0	0	0	5688	5972	188	0	0	0	
270252	Occipital_Sup_L	0	0	0	0	0	0	0	0	0	0	0	0	0	0	0	0	0	0	194	0	0	0	0	0	0	0	0	0	0	0	0	0	1626	0	442	0	0	0	0	0	0	0	16100	0	31480	258	4210	0	0	0	44204	0	6302	0	3474	0	0	0	8602	0	1426	0	0	0	482	0	14234	342	476	0	0	0	0	0	0	0	0	0	0	0	0	0	0	0	990	0	0	0	284	0	0	0	0	0	0	0	0	0	0	0	0	0	0	0	0	0	0	0	0	0	0	0	0	0	0	0	
363624	Occipital_Sup_R	0	1038	0	0	0	0	0	0	0	0	0	0	0	0	0	0	0	0	0	2026	0	0	0	0	0	0	0	0	0	144	0	0	0	3244	0	1062	0	0	0	0	0	0	1458	29414	1476	37078	912	10466	0	0	0	24190	0	8718	0	10866	0	3324	0	9060	0	4290	0	180	0	6392	1692	18204	0	3490	0	344	0	0	0	0	0	0	0	0	0	0	0	0	0	768	0	0	0	1622	0	0	0	0	0	0	0	0	0	0	0	0	0	0	0	0	0	0	0	0	354	0	0	0	0	0	
570840	Occipital_Mid_L	4924	0	286	182	0	0	338	0	0	0	246	0	0	0	0	0	2164	0	2138	0	0	0	0	0	0	0	0	0	2808	0	0	0	5990	0	408	0	0	0	0	0	0	0	17708	0	21022	0	9406	0	44204	0	0	0	30282	0	13062	0	3940	0	16912	0	22382	0	4354	0	26264	0	16044	0	4584	0	0	0	0	0	0	0	0	0	362	0	2996	0	0	0	25274	0	0	0	7020	0	0	0	0	0	0	0	0	0	120	0	0	0	0	0	0	0	0	0	0	0	0	0	0	0	0	0	
274948	Occipital_Mid_R	0	822	0	0	0	0	0	0	0	0	0	0	0	0	0	0	0	0	0	1192	0	0	0	0	0	0	0	0	0	0	0	0	0	882	0	924	0	0	0	0	0	0	436	11736	228	8718	144	5208	0	24190	0	0	0	9122	0	6324	0	1220	0	4258	0	13024	0	908	0	24098	180	4184	0	1666	0	324	0	0	0	0	0	0	0	0	0	228	0	0	0	13506	0	0	0	3610	0	0	0	0	0	0	0	0	0	0	0	0	0	0	0	0	0	0	0	0	342	0	0	0	0	0	
201848	Occipital_Inf_L	2354	0	366	0	0	0	726	0	0	0	0	0	0	0	0	0	362	0	0	0	0	0	0	0	0	0	0	0	2056	0	0	0	260	0	124	0	0	0	0	0	0	0	6750	0	4382	0	6164	0	6302	0	30282	0	0	0	19688	0	576	0	236	0	166	0	260	0	234	0	3666	0	1256	0	0	0	0	0	0	0	0	0	1008	0	0	0	0	0	8630	0	0	0	4496	0	200	0	0	0	0	0	112	0	268	0	0	0	0	0	0	0	0	0	0	0	0	0	0	0	0	0	
133732	Occipital_Inf_R	0	812	0	0	0	0	0	0	0	0	0	0	0	0	0	0	0	0	0	904	0	0	0	0	0	0	0	0	0	0	0	0	0	1836	0	792	0	0	0	0	0	0	0	7308	0	5874	0	2720	0	8718	0	9122	0	0	0	8632	0	508	0	372	0	198	0	0	0	208	620	8382	0	1320	0	0	0	0	0	0	0	0	0	0	0	0	0	0	0	3412	0	0	0	4862	0	0	0	0	0	0	0	0	0	130	0	0	0	0	0	0	0	0	0	0	0	136	0	0	0	0	
388000	Fusiform_L	4626	0	2038	0	0	0	1622	0	0	0	496	0	0	0	0	0	228	0	818	0	0	0	0	0	0	0	0	0	7010	0	0	0	276	0	206	0	8570	0	4714	0	3100	0	4546	0	2990	0	14302	460	3474	0	13062	0	19688	0	0	0	332	0	122	0	0	0	0	0	0	0	4096	0	1942	0	0	0	404	0	0	0	0	0	2338	0	2280	0	1628	0	6354	0	1008	0	15412	0	22526	132	482	0	506	0	10756	450	25566	224	0	0	0	0	488	0	0	0	0	0	2698	2030	0	0	0	0	
380572	Fusiform_R	126	1536	0	464	0	0	0	0	0	0	0	0	0	0	0	0	0	132	0	966	0	0	0	0	0	0	0	0	0	1758	0	0	0	576	156	900	0	20344	0	10916	0	6714	0	17900	0	6192	444	16808	0	10866	0	6324	0	8632	0	0	0	1178	0	216	0	286	0	0	0	274	166	7574	0	1390	0	0	0	1296	0	0	208	374	0	134	0	1704	0	3466	0	6558	0	798	0	18252	408	8918	0	0	0	180	1044	5948	768	10370	0	0	0	0	0	0	0	0	0	0	3222	3800	0	0	0	0	
231368	Postcentral_L	29856	0	5030	898	0	0	6668	376	0	0	3160	0	0	0	0	0	6166	0	2326	348	0	0	0	0	0	0	0	0	2776	0	0	0	408	0	0	0	366	0	148	0	0	0	0	0	0	0	0	0	0	0	3940	0	576	0	332	0	0	0	4774	0	19140	0	10458	0	3186	0	1540	0	3068	0	1950	0	598	0	270	0	1308	0	1472	0	3228	0	0	0	808	0	0	0	510	0	0	0	0	0	0	0	0	0	0	0	0	0	0	0	0	0	0	0	0	0	0	0	0	0	0	0	
203128	Postcentral_R	0	20738	0	964	0	0	0	422	0	0	0	3668	0	0	0	0	0	2030	0	4142	0	0	0	0	0	0	0	0	0	2878	0	0	146	3164	0	1662	0	946	0	0	0	0	0	2380	0	1532	0	296	0	3324	0	1220	0	508	0	1178	0	0	0	7390	0	4340	0	10186	0	964	244	9966	0	9214	0	1384	0	1128	0	0	0	244	0	246	0	764	0	0	0	1746	0	0	0	2400	0	0	0	0	0	0	0	0	0	0	0	0	0	0	0	0	0	0	0	0	150	0	0	0	0	0	
139712	Parietal_Sup_L	1352	0	0	116	0	0	0	0	0	0	0	0	0	0	0	0	0	0	0	0	0	0	0	0	0	0	0	0	668	0	0	0	1338	0	0	0	0	0	0	0	0	0	0	0	1620	0	0	0	8602	0	16912	0	236	0	122	0	4774	0	0	0	10428	0	0	0	7172	0	15580	126	810	0	0	0	0	0	0	0	0	0	0	0	0	0	0	0	0	0	0	0	0	0	0	0	0	0	0	0	0	0	0	0	0	0	0	0	0	0	0	0	0	0	0	0	0	0	0	0	
140964	Parietal_Sup_R	0	464	0	0	0	0	0	0	0	0	0	0	0	0	0	0	0	114	0	1522	0	0	0	0	0	0	0	0	0	0	0	0	0	1506	0	3058	0	0	0	0	0	0	0	1168	0	2738	0	0	0	9060	0	4258	0	372	0	216	0	7390	0	0	0	12626	0	370	0	12154	288	8074	0	2064	0	0	0	0	0	0	0	0	0	0	0	218	0	0	0	1230	0	0	0	1592	0	0	0	0	0	0	0	0	0	0	0	0	0	0	0	0	0	0	0	0	0	0	0	0	0	0	
248220	Parietal_Inf_L	5970	0	572	298	0	0	524	0	0	0	458	0	0	0	0	0	444	0	654	0	0	0	0	0	0	0	0	0	408	0	0	0	654	0	0	0	0	0	0	0	0	0	132	0	362	0	0	0	1426	0	22382	0	166	0	0	0	19140	0	10428	0	0	0	14442	0	29392	0	912	0	856	0	140	0	0	0	0	0	136	0	0	0	2990	0	0	0	9228	0	0	0	1996	0	0	0	0	0	0	0	0	0	0	0	0	0	0	0	0	0	0	0	0	0	0	0	0	0	0	0	
190860	Parietal_Inf_R	0	1264	0	0	0	0	0	0	0	0	0	0	0	0	0	0	0	174	0	1264	0	0	0	0	0	0	0	0	0	0	0	0	0	1064	0	764	0	192	0	0	0	0	0	1760	0	480	0	184	0	4290	0	13024	0	198	0	286	0	4340	0	12626	0	0	0	8788	0	32058	0	1608	0	1354	0	556	0	128	0	0	0	116	0	0	0	624	0	0	0	5462	0	0	0	2696	0	0	0	0	0	0	0	0	0	0	0	0	0	0	0	0	0	0	0	0	130	0	0	0	0	0	
104708	SupraMarginal_L	4992	0	0	0	0	0	0	0	0	0	234	0	0	0	0	0	2558	0	714	0	0	0	0	0	0	0	0	0	898	0	0	0	494	0	0	0	0	0	0	0	0	0	0	0	146	0	0	0	0	0	4354	0	260	0	0	0	10458	0	0	0	14442	0	0	0	4836	0	0	0	0	0	0	0	0	0	0	0	0	0	0	0	5036	0	0	0	2582	0	0	0	350	0	0	0	0	0	0	0	0	0	0	0	0	0	0	0	0	0	0	0	0	0	0	0	0	0	0	0	
98036	SupraMarginal_R	0	2488	0	0	0	0	0	0	0	0	0	0	0	0	0	0	0	1356	0	0	0	0	0	0	0	0	0	0	0	0	0	0	0	0	0	0	0	316	0	0	0	0	0	816	0	0	0	134	0	180	0	908	0	0	0	0	0	10186	0	370	0	8788	0	0	0	7136	0	288	0	204	0	0	0	0	0	0	0	182	0	0	0	3082	0	0	0	8700	0	0	0	3884	0	0	0	0	0	0	0	0	0	0	0	0	0	0	0	0	0	0	0	0	0	0	0	0	0	0	
210844	Angular_L	2760	0	0	234	0	0	418	0	0	0	730	0	0	0	0	0	0	0	638	0	0	0	0	0	0	0	0	0	412	0	0	0	842	0	0	0	0	0	0	0	0	0	254	0	612	0	0	0	482	0	26264	0	234	0	0	0	3186	0	7172	0	29392	0	4836	0	0	0	1944	0	632	0	0	0	0	0	0	0	0	0	0	0	3550	0	0	0	15954	0	0	0	4876	0	0	0	0	0	0	0	0	0	0	0	0	0	0	0	0	0	0	0	0	0	0	0	0	0	0	0	
221540	Angular_R	0	984	0	114	0	0	0	0	0	0	0	0	0	0	0	0	0	184	0	1398	0	0	0	0	0	0	0	0	0	0	0	0	0	1150	0	834	0	134	0	0	0	0	0	1852	0	494	0	210	0	6392	0	24098	0	208	0	274	0	964	0	12154	0	32058	0	7136	0	0	0	1670	0	1484	0	548	0	110	0	0	0	0	0	0	0	2060	0	0	0	10350	0	0	0	3776	0	0	0	0	0	0	0	0	0	0	0	0	0	0	0	0	0	0	0	0	134	0	0	0	0	0	
299204	Precuneus_L	1708	0	0	128	0	0	118	0	0	0	0	0	0	0	0	0	268	0	256	188	0	0	0	0	0	0	0	0	1212	0	0	0	6624	1012	7608	958	3764	0	2364	0	0	0	17552	1316	14846	4970	4906	184	14234	1692	16044	180	3666	620	4096	166	1540	244	15580	288	912	0	0	0	1944	0	0	10654	3802	792	0	0	118	0	228	0	230	0	128	0	162	0	0	0	1672	0	0	0	628	0	0	0	0	0	0	0	0	0	0	0	0	0	0	0	0	0	0	0	0	0	0	0	0	0	0	0	
413620	Precuneus_R	0	2118	0	162	0	0	0	0	0	0	0	0	0	0	0	0	0	0	0	8450	0	0	0	0	0	0	0	0	0	166	0	0	848	12388	1276	16404	144	2564	0	1036	0	0	906	21370	2484	26070	614	8824	342	18204	0	4184	0	8382	0	7574	0	9966	126	8074	0	1608	0	288	0	1670	10654	0	600	15934	0	236	0	0	0	0	164	0	0	0	0	270	0	0	0	2286	0	0	0	7046	0	0	0	0	0	0	0	132	0	0	0	0	0	0	0	0	0	0	0	0	3246	0	0	0	0	0	
226868	Paracentral_Lobule_L	27392	600	13172	4152	0	0	780	0	0	0	0	0	0	0	0	0	166	0	8022	3866	0	0	0	0	0	0	0	0	0	0	0	0	4140	1198	4304	724	920	202	804	0	0	0	1036	0	1580	138	846	0	476	0	4584	0	1256	0	1942	0	3068	0	810	0	856	0	0	0	632	0	3802	600	0	1208	2018	0	816	0	420	0	12878	322	0	0	356	0	0	0	2344	0	0	0	872	0	0	0	0	0	0	0	0	0	0	0	0	0	0	0	0	0	0	0	0	132	0	0	0	0	0	0	
208176	Paracentral_Lobule_R	0	7004	0	274	0	0	0	0	0	0	0	0	0	0	0	0	0	0	0	20508	0	0	0	0	0	0	0	0	0	160	0	0	578	16686	0	5944	0	314	0	0	0	0	0	2918	0	3780	0	368	0	3490	0	1666	0	1320	0	1390	0	9214	0	2064	0	1354	0	204	0	1484	792	15934	1208	0	0	0	0	0	0	0	0	0	0	0	0	494	0	0	0	1072	0	0	0	3196	0	0	0	0	0	0	0	0	0	0	0	0	0	0	0	0	0	0	0	0	672	0	0	0	0	0	
230812	Caudate_L	10700	806	4242	8660	1398	1758	8298	3872	472	218	4350	730	1220	132	1702	1596	1140	184	5530	2564	6858	6174	194	198	148	0	3772	2430	2172	568	4946	2582	0	168	344	170	0	120	0	0	0	0	0	0	0	0	0	0	0	0	0	0	0	0	0	0	1950	0	0	0	140	0	0	0	0	0	0	0	2018	0	0	7302	7034	472	686	0	4116	248	0	0	1024	0	0	0	0	0	0	0	0	0	0	0	0	0	0	0	0	0	0	0	0	0	0	0	0	0	0	0	0	0	0	0	0	0	0	0	
353440	Caudate_R	470	2818	920	30548	0	4648	782	1618	0	342	1488	1840	1250	3448	156	2270	0	648	2912	26986	2744	3502	554	9422	0	4190	500	1796	216	4518	4108	18582	0	400	0	0	0	142	0	0	0	0	0	580	0	152	0	0	0	344	0	324	0	0	0	0	0	1384	0	0	0	556	0	0	0	548	0	236	0	0	7302	0	850	12156	0	1966	510	15518	0	0	0	0	0	0	0	340	0	0	0	136	0	0	0	0	0	0	0	0	0	0	0	0	0	0	0	0	0	0	0	0	0	0	0	0	0	0	
226868	Putamen_L	2594	0	18274	670	7404	0	710	112	4104	0	2620	0	226	0	5538	110	0	0	15918	182	296	238	1878	0	236	0	976	156	15178	0	5506	216	0	0	0	0	8720	0	1212	0	236	0	0	0	0	0	0	0	0	0	0	0	0	0	404	0	598	0	0	0	0	0	0	0	0	0	118	0	816	0	7034	850	0	0	7002	0	1204	0	0	0	542	0	1258	0	0	0	0	0	298	0	0	0	0	0	0	0	0	0	0	0	0	0	0	0	0	0	0	0	0	0	0	0	0	0	0	0	
229880	Putamen_R	188	1040	0	16902	0	4994	0	2426	0	148	148	3748	0	1408	0	744	0	2690	726	11346	0	412	206	4818	0	1898	0	356	0	17034	942	6214	0	0	122	128	116	10050	0	1970	0	866	0	0	0	0	0	156	0	0	0	0	0	0	0	1296	0	1128	0	0	0	128	0	0	0	110	0	0	0	0	472	12156	0	0	0	2446	158	4222	0	404	0	0	0	196	0	0	0	0	0	428	0	0	0	0	0	0	0	0	0	0	0	0	0	0	0	0	0	0	0	0	0	0	0	0	0	0	
39412	Pallidum_L	950	0	2278	490	0	0	0	0	0	0	192	0	0	0	0	0	0	0	3572	0	0	0	0	0	0	0	0	0	0	0	0	0	0	0	0	0	1366	0	498	0	0	0	0	0	146	0	0	0	0	0	0	0	0	0	0	0	270	0	0	0	0	0	0	0	0	0	228	0	420	0	686	0	7002	0	0	0	1608	0	0	0	0	0	0	0	0	0	0	0	0	0	0	0	0	0	0	0	0	0	0	0	0	0	0	0	0	0	0	0	0	0	0	0	0	0	0	0	
29300	Pallidum_R	0	0	0	3240	0	0	0	468	0	0	0	0	0	0	0	0	0	0	0	2618	0	0	0	0	0	0	0	0	0	0	0	0	0	0	0	0	0	1312	0	844	0	0	0	0	0	0	0	0	0	0	0	0	0	0	0	0	0	0	0	0	0	0	0	0	0	0	0	0	0	0	0	1966	0	2446	0	0	0	1638	0	0	0	0	0	0	0	0	0	0	0	0	0	0	0	0	0	0	0	0	0	0	0	0	0	0	0	0	0	0	0	118	0	0	0	0	0	0	
190068	Thalamus_L	23122	464	14026	1592	0	0	1874	384	0	0	194	294	0	0	0	0	0	0	1102	962	0	0	0	0	0	0	0	0	0	0	0	0	0	0	4732	5674	4194	4244	0	660	0	0	0	0	0	0	0	0	0	0	0	0	0	0	0	208	1308	0	0	0	136	0	0	0	0	0	230	164	12878	0	4116	510	1204	158	1608	0	0	7844	0	0	0	0	0	0	0	0	0	0	0	0	0	0	0	0	528	0	274	0	0	0	0	0	0	0	0	0	0	0	0	350	0	0	0	0	0	0	
219464	Thalamus_R	2128	1572	254	27482	0	0	318	580	0	0	0	368	0	146	0	0	0	468	0	28446	0	0	0	0	0	0	0	0	0	1032	0	0	0	0	2398	3874	1262	6860	0	940	0	138	0	0	0	0	0	0	0	0	0	0	0	0	0	374	0	244	0	0	0	116	0	182	0	0	0	0	322	0	248	15518	0	4222	0	1638	7844	0	0	122	0	0	0	0	0	0	0	0	0	0	0	0	0	0	0	0	0	0	0	0	0	0	0	0	0	0	0	0	0	636	0	0	0	0	0	0	
77000	Heschl_L	3528	0	2704	116	0	0	3306	0	0	0	902	0	0	0	0	0	2204	0	394	0	0	0	0	0	0	0	0	0	6196	0	0	0	126	0	0	0	766	0	372	0	0	0	0	0	0	0	376	0	0	0	362	0	1008	0	2338	0	1472	0	0	0	0	0	0	0	0	0	128	0	0	0	0	0	0	0	0	0	0	0	0	0	4114	0	0	0	5486	0	0	0	2602	0	0	0	0	0	0	0	0	0	0	0	0	0	0	0	0	0	0	0	0	0	0	0	0	0	0	0	
28696	Heschl_R	0	642	0	544	0	0	0	0	0	0	0	152	0	0	0	0	0	2626	0	278	0	0	0	0	0	0	0	0	0	2416	0	0	0	0	0	0	0	400	0	0	0	0	0	0	0	0	0	0	0	0	0	0	0	0	0	134	0	246	0	0	0	0	0	0	0	0	0	0	0	0	0	0	0	404	0	0	0	122	0	0	0	4906	0	0	0	926	0	0	0	552	0	0	0	0	0	0	0	0	0	0	0	0	0	0	0	0	0	0	0	0	0	0	0	0	0	0	
220316	Temporal_Sup_L	4050	0	4586	488	0	0	1592	0	0	0	3616	0	0	0	0	0	11704	0	3782	126	0	0	0	0	0	0	0	0	7910	0	0	0	596	0	0	0	1720	0	144	0	0	0	0	0	148	0	0	0	0	0	2996	0	0	0	2280	0	3228	0	0	0	2990	0	5036	0	3550	0	162	0	356	0	1024	0	542	0	0	0	0	0	4114	0	0	0	3072	0	25532	0	322	0	14492	0	0	0	0	0	0	0	0	0	0	0	0	0	0	0	0	0	0	0	0	0	0	0	0	0	0	0	
73680	Temporal_Sup_R	0	1194	0	140	0	0	0	0	0	0	0	114	0	0	0	0	0	1644	0	162	0	0	0	0	0	0	0	0	0	2164	0	0	0	0	0	0	0	1118	0	0	0	0	0	0	0	0	0	0	0	0	0	228	0	0	0	1704	0	764	0	218	0	624	0	3082	0	2060	0	270	0	494	0	0	0	0	0	0	0	0	0	4906	0	0	0	3140	0	8854	0	288	0	3672	0	0	0	0	0	0	0	0	0	0	0	0	0	0	0	0	0	0	0	0	0	0	0	0	0	0	
59716	Temporal_Pole_Sup_L	0	0	390	0	112	0	0	0	0	0	426	0	0	0	764	0	388	0	388	0	808	0	0	0	0	0	0	0	5430	0	0	0	0	0	0	0	1866	0	462	0	942	0	0	0	0	0	0	0	0	0	0	0	0	0	1628	0	0	0	0	0	0	0	0	0	0	0	0	0	0	0	0	0	1258	0	0	0	0	0	0	0	3072	0	0	0	4820	0	2908	0	4196	0	0	0	0	0	0	0	0	0	0	0	0	0	0	0	0	0	0	0	0	0	0	0	0	0	0	0	
36668	Temporal_Pole_Sup_R	0	0	0	0	0	0	0	0	0	0	0	0	0	0	0	160	0	0	0	0	0	0	0	0	0	0	0	0	0	844	0	0	0	0	0	0	0	644	0	456	0	1226	0	0	0	0	0	0	0	0	0	0	0	0	0	3466	0	0	0	0	0	0	0	0	0	0	0	0	0	0	0	0	0	196	0	0	0	0	0	0	0	3140	0	0	0	1648	0	2108	0	4446	0	0	0	0	0	0	0	0	0	0	0	0	0	0	0	0	0	0	0	0	0	0	0	0	0	0	
360652	Temporal_Mid_L	5644	0	1410	0	0	0	2384	0	0	0	776	0	0	0	0	0	2776	0	202	0	0	0	0	0	0	0	0	0	4742	0	0	0	668	0	0	0	1792	0	276	0	442	0	2442	0	1318	0	454	0	990	0	25274	0	8630	0	6354	0	808	0	0	0	9228	0	2582	0	15954	0	1672	0	2344	0	0	0	0	0	0	0	0	0	5486	0	25532	0	4820	0	0	0	4146	0	41180	0	0	0	0	0	0	0	0	0	0	0	0	0	0	0	0	0	0	0	0	0	0	0	0	0	0	0	
203968	Temporal_Mid_R	0	548	0	0	0	0	0	0	0	0	0	0	0	0	0	0	0	0	0	346	0	0	0	0	0	0	0	0	0	292	0	0	0	262	0	428	0	2586	0	1128	0	0	0	2416	0	668	0	840	0	768	0	13506	0	3412	0	6558	0	1746	0	1230	0	5462	0	8700	0	10350	0	2286	0	1072	0	340	0	0	0	0	0	0	0	926	0	8854	0	1648	0	0	0	602	0	25010	0	0	0	0	0	0	0	0	0	0	0	0	0	0	0	0	0	0	0	0	0	0	0	0	0	0	
28704	Temporal_Pole_Mid_L	0	0	0	0	0	0	0	0	0	0	0	0	0	0	0	0	0	0	0	0	0	0	0	0	0	0	0	0	462	0	0	0	0	0	0	0	1152	0	0	0	404	0	0	0	0	0	0	0	0	0	0	0	0	0	1008	0	0	0	0	0	0	0	0	0	0	0	0	0	0	0	0	0	0	0	0	0	0	0	0	0	322	0	2908	0	4146	0	0	0	3950	0	0	0	0	0	0	0	0	0	0	0	0	0	0	0	0	0	0	0	0	0	0	0	0	0	0	0	
11372	Temporal_Pole_Mid_R	0	0	0	0	0	0	0	0	0	0	0	0	0	0	0	0	0	0	0	0	0	0	0	0	0	0	0	0	0	0	0	0	0	0	0	0	0	0	0	310	0	0	0	0	0	0	0	0	0	0	0	0	0	0	0	798	0	0	0	0	0	0	0	0	0	0	0	0	0	0	0	0	0	0	0	0	0	0	0	0	0	288	0	2108	0	602	0	0	0	1580	0	0	0	0	0	0	0	0	0	0	0	0	0	0	0	0	0	0	0	0	0	0	0	0	0	0	
277012	Temporal_Inf_L	2790	0	1796	0	0	0	1240	0	0	0	534	0	0	0	0	0	1908	0	1168	0	0	0	0	0	0	0	0	0	6494	0	0	0	402	0	0	0	7950	0	764	0	1980	0	350	0	600	0	350	0	284	0	7020	0	4496	0	15412	0	510	0	0	0	1996	0	350	0	4876	0	628	0	872	0	0	0	298	0	0	0	0	0	2602	0	14492	0	4196	0	41180	0	3950	0	0	0	3370	0	0	0	164	0	1110	0	2374	0	0	0	0	0	0	0	0	0	0	0	0	0	0	0	0	0	
235832	Temporal_Inf_R	0	2816	0	0	0	0	0	0	0	0	0	0	0	0	0	0	0	176	0	1522	0	0	0	0	0	0	0	0	0	1212	0	0	0	1218	0	1212	0	5508	0	806	0	3230	0	4794	0	1160	0	2336	0	1622	0	3610	0	4862	0	18252	0	2400	0	1592	0	2696	0	3884	0	3776	0	7046	0	3196	0	136	0	428	0	0	0	0	0	552	0	3672	0	4446	0	25010	0	1580	0	0	0	1842	0	0	0	0	0	386	0	780	0	0	0	0	0	0	0	0	0	0	158	0	0	0	0	0	
421036	Cerebelum_Crus1_L	0	0	0	0	0	0	0	0	0	0	0	0	0	0	0	0	0	0	0	0	0	0	0	0	0	0	0	0	0	0	0	0	0	0	0	0	0	0	0	0	0	0	0	0	0	0	8626	558	0	0	0	0	200	0	22526	408	0	0	0	0	0	0	0	0	0	0	0	0	0	0	0	0	0	0	0	0	0	0	0	0	0	0	0	0	0	0	0	0	3370	0	0	5534	27782	3120	2996	0	25290	536	64820	4570	8424	214	11736	382	3366	0	0	0	0	0	3044	6898	5324	530	264	0	
469104	Cerebelum_Crus1_R	0	0	0	0	0	0	0	0	0	0	0	0	0	0	0	0	0	0	0	0	0	0	0	0	0	0	0	0	0	0	0	0	0	0	0	0	0	0	0	0	0	0	0	0	0	0	708	6122	0	0	0	0	0	0	132	8918	0	0	0	0	0	0	0	0	0	0	0	0	0	0	0	0	0	0	0	0	0	0	0	0	0	0	0	0	0	0	0	0	0	1842	5534	0	2324	27156	0	4830	2126	26668	8400	67366	250	4886	588	11172	1140	1068	0	0	0	2058	14064	21430	11742	2288	1740	0	
281640	Cerebelum_Crus2_L	0	0	0	0	0	0	0	0	0	0	0	0	0	0	0	0	0	0	0	0	0	0	0	0	0	0	0	0	0	0	0	0	0	0	0	0	0	0	0	0	0	0	0	0	0	0	208	0	0	0	0	0	0	0	482	0	0	0	0	0	0	0	0	0	0	0	0	0	0	0	0	0	0	0	0	0	0	0	0	0	0	0	0	0	0	0	0	0	0	0	27782	2324	0	8904	0	0	236	0	5072	1332	34922	2844	32948	2482	5750	0	0	0	0	0	0	2056	9700	3580	198	0	
308020	Cerebelum_Crus2_R	0	0	0	0	0	0	0	0	0	0	0	0	0	0	0	0	0	0	0	0	0	0	0	0	0	0	0	0	0	0	0	0	0	0	0	0	0	0	0	0	0	0	0	0	0	0	0	0	0	0	0	0	0	0	0	0	0	0	0	0	0	0	0	0	0	0	0	0	0	0	0	0	0	0	0	0	0	0	0	0	0	0	0	0	0	0	0	0	0	0	3120	27156	8904	0	0	168	0	278	1932	8736	4176	29612	5070	34878	772	4446	0	0	0	116	134	2558	14514	6208	1232	0	
41060	Cerebelum_3_L	412	0	278	0	0	0	0	0	0	0	0	0	0	0	0	0	0	0	0	0	0	0	0	0	0	0	0	0	0	0	0	0	0	0	0	0	0	0	0	0	0	0	0	0	0	0	1232	0	0	0	0	0	0	0	506	0	0	0	0	0	0	0	0	0	0	0	0	0	0	0	0	0	0	0	0	0	528	0	0	0	0	0	0	0	0	0	0	0	164	0	2996	0	0	0	0	0	6624	0	4066	0	0	0	0	0	1372	0	0	0	578	616	768	390	0	0	0	0	
64344	Cerebelum_3_R	0	0	0	0	0	0	0	0	0	0	0	0	0	0	0	0	0	0	0	0	0	0	0	0	0	0	0	0	0	0	0	0	0	0	0	0	0	0	0	0	0	0	0	0	0	0	0	1450	0	0	0	0	0	0	0	180	0	0	0	0	0	0	0	0	0	0	0	0	0	0	0	0	0	0	0	0	0	0	0	0	0	0	0	0	0	0	0	0	0	0	0	4830	0	168	0	0	362	6304	254	6536	0	0	0	358	388	1878	0	0	834	3998	1012	1218	0	970	1274	158	
278608	Cerebelum_4_5_L	250	0	112	0	0	0	0	0	0	0	0	0	0	0	0	0	0	0	0	0	0	0	0	0	0	0	0	0	0	0	0	0	0	0	0	0	0	0	200	0	0	0	0	0	0	0	11566	1846	0	0	0	0	112	0	10756	1044	0	0	0	0	0	0	0	0	0	0	0	0	0	0	0	0	0	0	0	0	274	0	0	0	0	0	0	0	0	0	0	0	1110	0	25290	2126	236	0	6624	362	0	3916	35980	2940	284	0	356	0	5642	2100	550	0	1002	534	14270	6226	0	416	1774	1406	
234896	Cerebelum_4_5_R	0	0	0	0	0	0	0	0	0	0	0	0	0	0	0	0	0	0	0	0	0	0	0	0	0	0	0	0	0	0	0	0	0	0	0	0	0	818	0	1378	0	0	0	0	0	0	1676	5846	0	0	0	0	0	0	450	5948	0	0	0	0	0	0	0	0	0	0	0	132	0	0	0	0	0	0	0	0	0	0	0	0	0	0	0	0	0	0	0	0	0	386	536	26668	0	278	0	6304	3916	0	1908	33624	0	0	0	354	370	1166	0	0	200	2592	17088	4380	318	348	522	242	
423424	Cerebelum_6_L	0	0	0	0	0	0	0	0	0	0	0	0	0	0	0	0	0	0	0	0	0	0	0	0	0	0	0	0	0	0	0	0	0	0	0	0	0	0	0	0	0	0	0	0	0	0	12714	1912	0	0	120	0	268	0	25566	768	0	0	0	0	0	0	0	0	0	0	0	0	0	0	0	0	0	0	0	0	0	0	0	0	0	0	0	0	0	0	0	0	2374	0	64820	8400	5072	1932	4066	254	35980	1908	0	8664	1398	0	1398	0	6098	388	218	0	114	282	8410	13610	3748	618	612	0	
433152	Cerebelum_6_R	0	0	0	0	0	0	0	0	0	0	0	0	0	0	0	0	0	0	0	0	0	0	0	0	0	0	0	0	0	0	0	0	0	0	0	0	0	0	0	390	0	0	0	152	0	0	1090	8050	0	0	0	0	0	130	224	10370	0	0	0	0	0	0	0	0	0	0	0	0	0	0	0	0	0	0	0	0	0	0	0	0	0	0	0	0	0	0	0	0	0	780	4570	67366	1332	8736	0	6536	2940	33624	8664	0	0	256	0	4042	1342	2566	0	680	130	2736	17106	22788	6386	2026	1564	0	
212148	Cerebelum_7b_L	0	0	0	0	0	0	0	0	0	0	0	0	0	0	0	0	0	0	0	0	0	0	0	0	0	0	0	0	0	0	0	0	0	0	0	0	0	0	0	0	0	0	0	0	0	0	0	0	0	0	0	0	0	0	0	0	0	0	0	0	0	0	0	0	0	0	0	0	0	0	0	0	0	0	0	0	0	0	0	0	0	0	0	0	0	0	0	0	0	0	8424	250	34922	4176	0	0	284	0	1398	0	0	4070	33304	4070	5402	0	282	0	0	0	0	0	3870	5622	0	0	
183268	Cerebelum_7b_R	0	0	0	0	0	0	0	0	0	0	0	0	0	0	0	0	0	0	0	0	0	0	0	0	0	0	0	0	0	0	0	0	0	0	0	0	0	0	0	0	0	0	0	0	0	0	0	0	0	0	0	0	0	0	0	0	0	0	0	0	0	0	0	0	0	0	0	0	0	0	0	0	0	0	0	0	0	0	0	0	0	0	0	0	0	0	0	0	0	0	214	4886	2844	29612	0	0	0	0	0	256	4070	0	4942	30242	552	4162	0	0	0	0	0	0	3372	6238	244	0	
253084	Cerebelum_8_L	0	0	0	0	0	0	0	0	0	0	0	0	0	0	0	0	0	0	0	0	0	0	0	0	0	0	0	0	0	0	0	0	0	0	0	0	0	0	0	0	0	0	0	0	0	0	0	0	0	0	0	0	0	0	0	0	0	0	0	0	0	0	0	0	0	0	0	0	0	0	0	0	0	0	0	0	0	0	0	0	0	0	0	0	0	0	0	0	0	0	11736	588	32948	5070	0	0	356	0	1398	0	33304	4942	0	6252	14466	246	1244	0	0	0	0	0	4936	8238	818	0	
244172	Cerebelum_8_R	0	0	0	0	0	0	0	0	0	0	0	0	0	0	0	0	0	0	0	0	0	0	0	0	0	0	0	0	0	0	0	0	0	0	0	0	0	0	0	0	0	0	0	0	0	0	0	0	0	0	0	0	0	0	0	0	0	0	0	0	0	0	0	0	0	0	0	0	0	0	0	0	0	0	0	0	0	0	0	0	0	0	0	0	0	0	0	0	0	0	382	11172	2482	34878	0	358	0	354	0	4042	4070	30242	6252	0	816	12388	0	344	0	218	130	272	4276	8176	1234	0	
133960	Cerebelum_9_L	0	0	0	0	0	0	0	0	0	0	0	0	0	0	0	0	0	0	0	0	0	0	0	0	0	0	0	0	0	0	0	0	0	0	0	0	0	0	0	0	0	0	0	0	0	0	490	150	0	0	0	0	0	0	488	0	0	0	0	0	0	0	0	0	0	0	0	0	0	0	0	0	0	0	0	0	0	0	0	0	0	0	0	0	0	0	0	0	0	0	3366	1140	5750	772	1372	388	5642	370	6098	1342	5402	552	14466	816	0	1606	2788	0	464	274	3016	4016	1466	2136	1992	618	
108720	Cerebelum_9_R	0	0	0	0	0	0	0	0	0	0	0	0	0	0	0	0	0	0	0	0	0	0	0	0	0	0	0	0	0	0	0	0	0	0	0	0	0	0	0	0	0	0	0	0	0	0	312	0	0	0	0	0	0	0	0	0	0	0	0	0	0	0	0	0	0	0	0	0	0	0	0	0	0	0	0	0	0	0	0	0	0	0	0	0	0	0	0	0	0	0	0	1068	0	4446	0	1878	2100	1166	388	2566	0	4162	246	12388	1606	0	124	1354	1752	1206	2748	4384	420	2916	5020	2110	
10412	Cerebelum_10_L	0	0	0	0	0	0	0	0	0	0	0	0	0	0	0	0	0	0	0	0	0	0	0	0	0	0	0	0	0	0	0	0	0	0	0	0	0	0	0	0	0	0	0	0	0	0	0	0	0	0	0	0	0	0	0	0	0	0	0	0	0	0	0	0	0	0	0	0	0	0	0	0	0	0	0	0	0	0	0	0	0	0	0	0	0	0	0	0	0	0	0	0	0	0	0	0	550	0	218	0	282	0	1244	0	2788	124	0	0	0	0	0	0	0	0	0	0	
4756	Cerebelum_10_R	0	0	0	0	0	0	0	0	0	0	0	0	0	0	0	0	0	0	0	0	0	0	0	0	0	0	0	0	0	0	0	0	0	0	0	0	0	0	0	0	0	0	0	0	0	0	0	0	0	0	0	0	0	0	0	0	0	0	0	0	0	0	0	0	0	0	0	0	0	0	0	0	0	0	0	0	0	0	0	0	0	0	0	0	0	0	0	0	0	0	0	0	0	0	0	0	0	0	0	680	0	0	0	344	0	1354	0	0	0	0	0	0	0	0	0	0	
27532	Vermis_1_2	0	0	0	0	0	0	0	0	0	0	0	0	0	0	0	0	0	0	0	0	0	0	0	0	0	0	0	0	0	0	0	0	0	0	0	0	0	0	0	0	0	0	0	0	0	0	176	0	0	0	0	0	0	0	0	0	0	0	0	0	0	0	0	0	0	0	0	0	0	0	0	0	0	0	0	0	0	0	0	0	0	0	0	0	0	0	0	0	0	0	0	0	0	0	578	834	1002	200	114	130	0	0	0	0	464	1752	0	0	0	2866	1200	1636	0	660	1718	436	
49372	Vermis_3	252	0	216	424	0	0	0	0	0	0	0	0	0	0	0	0	0	0	0	370	0	0	0	0	0	0	0	0	0	0	0	0	0	0	0	0	426	0	126	0	0	0	0	0	0	0	138	0	0	0	0	0	0	0	0	0	0	0	0	0	0	0	0	0	0	0	0	0	132	0	0	0	0	0	0	118	350	636	0	0	0	0	0	0	0	0	0	0	0	0	0	2058	0	116	616	3998	534	2592	282	2736	0	0	0	218	274	1206	0	0	2866	0	1614	776	0	618	844	150	
250276	Vermis_4_5	0	0	0	0	0	0	0	0	0	0	0	0	0	0	0	0	0	0	0	544	0	0	0	0	0	0	0	0	0	0	0	0	0	686	0	1258	0	406	0	224	0	0	0	302	0	118	4266	5688	0	354	0	342	0	0	2698	3222	0	150	0	0	0	130	0	0	0	134	0	3246	0	672	0	0	0	0	0	0	0	0	0	0	0	0	0	0	0	0	0	0	0	158	3044	14064	0	134	768	1012	14270	17088	8410	17106	0	0	0	130	3016	2748	0	0	1200	1614	0	10960	0	612	2344	2020	
266808	Vermis_6	0	0	0	0	0	0	0	0	0	0	0	0	0	0	0	0	0	0	0	0	0	0	0	0	0	0	0	0	0	0	0	0	0	0	0	0	0	0	0	0	0	0	0	230	0	0	2302	5972	0	0	0	0	0	136	2030	3800	0	0	0	0	0	0	0	0	0	0	0	0	0	0	0	0	0	0	0	0	0	0	0	0	0	0	0	0	0	0	0	0	0	0	6898	21430	2056	2558	390	1218	6226	4380	13610	22788	0	0	0	272	4016	4384	0	0	1636	776	10960	0	5626	2710	4688	2312	
167432	Vermis_7	0	0	0	0	0	0	0	0	0	0	0	0	0	0	0	0	0	0	0	0	0	0	0	0	0	0	0	0	0	0	0	0	0	0	0	0	0	0	0	0	0	0	0	0	0	0	0	188	0	0	0	0	0	0	0	0	0	0	0	0	0	0	0	0	0	0	0	0	0	0	0	0	0	0	0	0	0	0	0	0	0	0	0	0	0	0	0	0	0	0	5324	11742	9700	14514	0	0	0	318	3748	6386	3870	3372	4936	4276	1466	420	0	0	0	0	0	5626	0	5642	2188	0	
132736	Vermis_8	0	0	0	0	0	0	0	0	0	0	0	0	0	0	0	0	0	0	0	0	0	0	0	0	0	0	0	0	0	0	0	0	0	0	0	0	0	0	0	0	0	0	0	0	0	0	0	0	0	0	0	0	0	0	0	0	0	0	0	0	0	0	0	0	0	0	0	0	0	0	0	0	0	0	0	0	0	0	0	0	0	0	0	0	0	0	0	0	0	0	530	2288	3580	6208	0	970	416	348	618	2026	5622	6238	8238	8176	2136	2916	0	0	660	618	612	2710	5642	0	5302	514	
75048	Vermis_9	0	0	0	0	0	0	0	0	0	0	0	0	0	0	0	0	0	0	0	0	0	0	0	0	0	0	0	0	0	0	0	0	0	0	0	0	0	0	0	0	0	0	0	0	0	0	284	0	0	0	0	0	0	0	0	0	0	0	0	0	0	0	0	0	0	0	0	0	0	0	0	0	0	0	0	0	0	0	0	0	0	0	0	0	0	0	0	0	0	0	264	1740	198	1232	0	1274	1774	522	612	1564	0	244	818	1234	1992	5020	0	0	1718	844	2344	4688	2188	5302	0	1668	
