data	data	462828	405228	1.15534e+06	760596	140948	116652	586080	452352	90448	42508	215944	308344	256540	138328	128672	95472	300100	217500	798168	595196	58984	60772	456340	415520	37612	117920	58968	38704	684356	352068	454860	599308	200856	539800	203180	228536	248820	293828	69288	162216	29392	61028	267540	278364	173604	222140	287716	310492	206320	225844	439492	179124	120116	69504	318308	378980	273544	186096	143172	210808	215004	84956	105176	105688	147288	100596	260276	445232	176036	207832	527244	592644	409212	372636	56120	19628	131420	135788	60028	40268	235908	105268	85396	85528	287112	185524	27668	11440	241292	135572	436588	409540	311324	314820	21544	29148	285028	217492	451172	362032	245476	119312	293252	251764	87904	93700	10460	13816	26880	39248	242152	177040	228364	166864	88948	27992	
data	data	Precentral_L	Precentral_R	Frontal_Sup_L	Frontal_Sup_R	Frontal_Sup_Orb_L	Frontal_Sup_Orb_R	Frontal_Mid_L	Frontal_Mid_R	Frontal_Mid_Orb_L	Frontal_Mid_Orb_R	Frontal_Inf_Oper_L	Frontal_Inf_Oper_R	Frontal_Inf_Tri_L	Frontal_Inf_Tri_R	Frontal_Inf_Orb_L	Frontal_Inf_Orb_R	Rolandic_Oper_L	Rolandic_Oper_R	Supp_Motor_Area_L	Supp_Motor_Area_R	Olfactory_L	Olfactory_R	Frontal_Sup_Medial_L	Frontal_Sup_Medial_R	Frontal_Med_Orb_L	Frontal_Med_Orb_R	Rectus_L	Rectus_R	Insula_L	Insula_R	Cingulum_Ant_L	Cingulum_Ant_R	Cingulum_Mid_L	Cingulum_Mid_R	Cingulum_Post_L	Cingulum_Post_R	Hippocampus_L	Hippocampus_R	ParaHippocampal_L	ParaHippocampal_R	Amygdala_L	Amygdala_R	Calcarine_L	Calcarine_R	Cuneus_L	Cuneus_R	Lingual_L	Lingual_R	Occipital_Sup_L	Occipital_Sup_R	Occipital_Mid_L	Occipital_Mid_R	Occipital_Inf_L	Occipital_Inf_R	Fusiform_L	Fusiform_R	Postcentral_L	Postcentral_R	Parietal_Sup_L	Parietal_Sup_R	Parietal_Inf_L	Parietal_Inf_R	SupraMarginal_L	SupraMarginal_R	Angular_L	Angular_R	Precuneus_L	Precuneus_R	Paracentral_Lobule_L	Paracentral_Lobule_R	Caudate_L	Caudate_R	Putamen_L	Putamen_R	Pallidum_L	Pallidum_R	Thalamus_L	Thalamus_R	Heschl_L	Heschl_R	Temporal_Sup_L	Temporal_Sup_R	Temporal_Pole_Sup_L	Temporal_Pole_Sup_R	Temporal_Mid_L	Temporal_Mid_R	Temporal_Pole_Mid_L	Temporal_Pole_Mid_R	Temporal_Inf_L	Temporal_Inf_R	Cerebelum_Crus1_L	Cerebelum_Crus1_R	Cerebelum_Crus2_L	Cerebelum_Crus2_R	Cerebelum_3_L	Cerebelum_3_R	Cerebelum_4_5_L	Cerebelum_4_5_R	Cerebelum_6_L	Cerebelum_6_R	Cerebelum_7b_L	Cerebelum_7b_R	Cerebelum_8_L	Cerebelum_8_R	Cerebelum_9_L	Cerebelum_9_R	Cerebelum_10_L	Cerebelum_10_R	Vermis_1_2	Vermis_3	Vermis_4_5	Vermis_6	Vermis_7	Vermis_8	Vermis_9	Vermis_10	
462828	Precentral_L	0	4952	20544	1148	0	0	22208	568	0	0	11050	266	2688	0	124	0	14924	114	14926	13118	0	0	430	0	0	0	0	0	15126	160	488	256	336	6770	5796	5980	4704	2066	280	634	0	0	228	0	0	0	0	162	0	0	2108	0	1306	0	1558	188	24654	910	0	0	608	0	664	0	0	0	778	688	17534	7566	4122	2040	1838	332	1024	0	4560	2488	1096	0	2774	0	126	0	1380	0	0	0	1026	0	0	0	0	0	0	0	0	0	0	0	0	0	0	0	0	0	0	0	0	0	0	0	0	0	0	0	
405228	Precentral_R	4952	0	7502	10488	0	128	2778	27426	0	0	0	18494	0	916	0	0	0	10228	5682	9030	0	0	106	558	0	0	0	0	368	6296	450	3178	0	1040	1418	3040	534	4146	0	922	0	106	0	264	0	0	0	234	0	0	0	154	0	358	0	2064	0	15052	0	656	0	140	0	1238	0	0	0	1100	2924	10006	7520	15158	1490	6808	116	920	2004	8936	0	860	0	1170	0	366	0	1714	0	0	0	1576	0	0	0	0	0	0	0	0	0	0	0	0	0	0	0	0	0	0	0	0	0	0	0	0	0	0	
1.15534e+06	Frontal_Sup_L	20544	7502	0	14388	10998	0	78940	11700	3954	0	12484	5716	16252	106	4068	0	13678	2016	84950	18756	0	0	45444	8096	456	242	390	0	46904	2688	23518	7500	7590	8262	1138	1158	4076	1084	332	540	0	0	120	0	0	0	0	146	0	0	0	0	0	0	368	100	4216	0	0	0	212	0	0	0	0	0	338	552	1186	0	37086	12834	33384	2412	7298	0	2224	1796	674	0	3358	136	2416	596	258	0	0	0	488	0	0	0	0	0	0	0	0	0	0	0	0	0	0	0	0	0	0	0	0	0	0	0	0	0	0	0	
760596	Frontal_Sup_R	1148	10488	14388	0	306	4774	3036	52988	0	1114	0	6964	0	8480	0	4764	136	3164	12032	37124	0	0	14460	41994	0	4070	0	268	484	9984	12344	40210	1210	25330	144	434	250	4220	0	1892	0	114	0	0	0	0	0	0	0	0	0	0	0	0	0	1522	0	0	0	0	0	0	0	0	0	0	0	0	118	152	6388	29324	1162	16518	158	1178	332	3338	0	248	0	152	0	1304	0	0	0	0	0	90	0	0	0	0	0	0	0	0	0	0	0	0	0	0	0	0	0	0	0	0	0	0	0	0	0	0	
140948	Frontal_Sup_Orb_L	0	0	10998	306	0	0	2316	136	12324	0	0	96	1396	0	6688	0	0	0	652	116	426	0	5834	950	2540	358	4918	0	4400	0	4802	598	0	0	0	0	0	0	0	0	0	0	0	0	0	0	0	0	0	0	0	0	0	0	0	0	0	0	0	0	0	0	0	0	0	0	0	0	0	0	1906	506	8208	0	0	0	0	0	0	0	0	0	0	0	0	0	0	0	0	0	0	0	0	0	0	0	0	0	0	0	0	0	0	0	0	0	0	0	0	0	0	0	0	0	0	0	
116652	Frontal_Sup_Orb_R	0	128	0	4774	0	0	0	846	0	4724	0	188	0	340	0	3480	0	0	0	166	0	764	212	5512	0	8750	0	4190	0	1582	964	5190	0	0	0	0	0	0	0	294	0	184	0	0	0	0	0	0	0	0	0	0	0	0	0	0	0	0	0	0	0	0	0	0	0	0	0	0	0	0	0	6886	0	8964	0	0	0	0	0	0	0	0	0	188	0	0	0	0	0	0	0	0	0	0	0	0	0	0	0	0	0	0	0	0	0	0	0	0	0	0	0	0	0	0	0	0	
586080	Frontal_Mid_L	22208	2778	78940	3036	2316	0	0	4066	6218	0	8560	3466	40556	0	8188	0	6374	516	8718	1300	0	0	18600	2062	0	0	0	0	28768	866	6526	1786	2116	1982	828	752	1458	628	212	332	0	0	130	0	0	0	0	96	0	0	0	0	0	0	168	0	830	0	0	0	0	0	0	0	0	0	198	436	0	0	12882	5756	5270	1214	0	0	450	282	0	0	638	0	320	214	0	0	0	0	0	0	0	0	0	0	0	0	0	0	0	0	0	0	0	0	0	0	0	0	0	0	0	0	0	0	0	0	
452352	Frontal_Mid_R	568	27426	11700	52988	136	846	4066	0	0	1194	0	16582	0	15266	0	3310	98	6398	8390	3662	0	0	1098	6034	0	530	0	120	568	9166	870	8182	0	2640	0	106	0	2380	0	712	0	94	0	0	0	0	0	0	0	0	0	0	0	0	0	1340	0	0	0	0	0	0	0	0	0	0	0	0	0	0	9040	15748	1648	10668	102	760	110	122	0	272	0	396	0	748	0	0	0	0	0	92	0	0	0	0	0	0	0	0	0	0	0	0	0	0	0	0	0	0	0	0	0	0	0	0	0	0	
90448	Frontal_Mid_Orb_L	0	0	3954	0	12324	0	6218	0	0	0	0	0	4078	0	10326	0	0	0	0	0	204	0	560	0	196	0	2184	0	2652	0	500	0	0	0	0	0	0	0	0	0	0	0	0	0	0	0	0	0	0	0	0	0	0	0	0	0	0	0	0	0	0	0	0	0	0	0	0	0	0	0	196	0	1832	0	0	0	0	0	0	0	0	0	0	0	0	0	0	0	0	0	0	0	0	0	0	0	0	0	0	0	0	0	0	0	0	0	0	0	0	0	0	0	0	0	0	0	
42508	Frontal_Mid_Orb_R	0	0	0	1114	0	4724	0	1194	0	0	0	94	0	1378	0	7124	0	0	0	348	0	0	0	484	0	302	0	210	0	940	0	448	0	186	0	0	0	0	0	0	0	0	0	0	0	0	0	0	0	0	0	0	0	0	0	0	0	0	0	0	0	0	0	0	0	0	0	0	0	0	0	716	0	1992	0	0	0	0	0	0	0	0	0	0	0	0	0	0	0	0	0	0	0	0	0	0	0	0	0	0	0	0	0	0	0	0	0	0	0	0	0	0	0	0	0	0	
215944	Frontal_Inf_Oper_L	11050	0	12484	0	0	0	8560	0	0	0	0	0	11046	0	184	0	13034	0	10942	120	0	0	610	0	0	0	0	0	21128	0	950	0	0	0	0	0	0	0	0	0	0	0	0	0	0	0	0	0	0	0	0	0	0	0	0	0	1940	0	0	0	0	0	0	0	0	0	0	0	0	0	4968	0	2542	0	0	0	0	0	0	0	4656	0	3758	0	0	0	0	0	0	0	0	0	0	0	0	0	0	0	0	0	0	0	0	0	0	0	0	0	0	0	0	0	0	0	0	0	
308344	Frontal_Inf_Oper_R	266	18494	5716	6964	96	188	3466	16582	0	94	0	0	0	9520	0	562	0	15212	4962	3734	0	0	316	1546	0	0	0	0	378	20276	1112	6706	240	758	0	0	0	172	0	0	0	0	0	0	0	0	0	0	0	0	0	0	0	0	0	0	0	1306	0	0	0	0	0	0	0	0	0	0	0	0	6578	12702	1074	10130	0	0	0	0	0	122	0	454	0	4446	0	0	0	0	0	0	0	0	0	0	0	0	0	0	0	0	0	0	0	0	0	0	0	0	0	0	0	0	0	0	0	0	
256540	Frontal_Inf_Tri_L	2688	0	16252	0	1396	0	40556	0	4078	0	11046	0	0	0	12954	0	1912	0	3336	0	0	0	2044	0	0	0	0	0	23680	0	1514	0	272	0	0	0	0	0	0	0	0	0	0	0	0	0	0	0	0	0	0	0	0	0	0	0	136	0	0	0	0	0	0	0	0	0	0	0	0	0	2566	0	2656	0	0	0	0	0	0	0	386	0	798	0	0	0	0	0	0	0	0	0	0	0	0	0	0	0	0	0	0	0	0	0	0	0	0	0	0	0	0	0	0	0	0	0	
138328	Frontal_Inf_Tri_R	0	916	106	8480	0	340	0	15266	0	1378	0	9520	0	0	0	7018	0	498	120	972	0	0	192	1898	0	0	0	0	0	12944	344	4780	0	1222	0	0	0	0	0	0	0	0	0	0	0	0	0	0	0	0	0	0	0	0	0	0	0	0	0	0	0	0	0	0	0	0	0	0	0	0	114	1286	0	1482	0	0	0	0	0	0	0	0	0	288	0	0	0	0	0	0	0	0	0	0	0	0	0	0	0	0	0	0	0	0	0	0	0	0	0	0	0	0	0	0	0	0	
128672	Frontal_Inf_Orb_L	124	0	4068	0	6688	0	8188	0	10326	0	184	0	12954	0	0	0	0	0	104	0	1574	0	250	0	0	0	0	0	12780	0	146	0	0	0	0	0	1004	0	482	0	382	0	0	0	0	0	0	0	0	0	0	0	0	0	278	0	0	0	0	0	0	0	0	0	0	0	0	0	0	0	98	0	3720	0	0	0	0	0	0	0	140	0	612	0	0	0	0	0	234	0	0	0	0	0	0	0	0	0	0	0	0	0	0	0	0	0	0	0	0	0	0	0	0	0	0	0	
95472	Frontal_Inf_Orb_R	0	0	0	4764	0	3480	0	3310	0	7124	0	562	0	7018	0	0	0	0	96	1704	0	1368	0	592	0	0	0	938	0	9024	0	684	0	1202	0	0	0	170	0	662	0	350	0	0	0	0	0	0	0	0	0	0	0	0	0	0	0	0	0	0	0	0	0	0	0	0	0	0	0	0	0	1150	0	3054	0	0	0	0	0	0	0	0	0	484	0	0	0	0	0	0	0	0	0	0	0	0	0	0	0	0	0	0	0	0	0	0	0	0	0	0	0	0	0	0	0	0	
300100	Rolandic_Oper_L	14924	0	13678	136	0	0	6374	98	0	0	13034	0	1912	0	0	0	0	0	8348	206	0	0	426	0	0	0	0	0	36482	0	520	0	0	0	1866	1192	3918	900	374	392	0	0	478	0	0	0	0	214	0	0	114	0	0	0	288	0	13696	0	102	0	454	0	3292	0	242	0	940	464	148	0	2152	194	3414	0	0	0	336	180	4274	0	10052	0	3408	0	682	0	0	0	146	0	0	0	0	0	0	0	0	0	0	0	0	0	0	0	0	0	0	0	0	0	0	0	0	0	0	0	
217500	Rolandic_Oper_R	114	10228	2016	3164	0	0	516	6398	0	0	0	15212	0	498	0	0	0	0	2232	1968	0	0	174	254	0	0	0	0	166	19794	434	1416	136	262	280	366	244	1376	0	378	0	0	0	0	0	0	0	0	0	0	0	0	0	0	0	180	0	4086	0	336	0	0	0	3228	0	0	0	812	0	526	1404	5254	196	7512	0	124	0	292	0	5948	0	6488	0	4458	0	280	0	0	0	0	0	0	0	0	0	0	0	0	0	0	0	0	0	0	0	0	0	0	0	0	0	0	0	0	0	0	
798168	Supp_Motor_Area_L	14926	5682	84950	12032	652	0	8718	8390	0	0	10942	4962	3336	120	104	96	8348	2232	0	41502	0	0	8372	2586	0	0	0	0	24242	3854	7980	11080	13488	23216	1760	412	2018	232	116	0	0	0	0	0	0	0	0	0	0	0	0	0	0	0	110	0	3866	0	0	0	132	0	0	0	0	0	130	0	7778	526	26482	11404	19850	3718	6234	0	5002	704	286	0	2808	96	2240	1106	132	0	0	0	132	0	0	0	0	0	0	0	0	0	0	0	0	0	0	0	0	0	0	0	0	0	0	0	0	0	0	0	
595196	Supp_Motor_Area_R	13118	9030	18756	37124	116	166	1300	3662	0	348	120	3734	0	972	0	1704	206	1968	41502	0	0	0	1606	7232	0	0	0	0	600	4890	3424	16528	6190	41034	1040	4312	416	2548	0	878	0	0	0	258	0	0	0	202	0	0	0	0	0	96	0	1278	152	738	0	104	0	0	0	0	0	0	0	2510	12486	17552	5556	17914	1770	5862	222	716	768	2284	0	86	0	158	0	1260	0	354	0	0	0	748	0	0	0	0	0	0	0	0	0	0	0	0	0	0	0	0	0	0	0	0	0	0	0	0	0	0	
58984	Olfactory_L	0	0	0	0	426	0	0	0	204	0	0	0	0	0	1574	0	0	0	0	0	0	3686	0	0	830	0	2776	168	2224	0	2790	1482	0	0	0	0	930	0	1656	0	1182	0	0	0	0	0	0	0	0	0	0	0	0	0	0	0	0	0	0	0	0	0	0	0	0	0	0	0	0	0	5026	2448	1436	144	0	0	0	0	0	0	0	0	510	0	0	0	0	0	0	0	0	0	0	0	0	0	0	0	0	0	0	0	0	0	0	0	0	0	0	0	0	0	0	0	0	0	
60772	Olfactory_R	0	0	0	0	0	764	0	0	0	0	0	0	0	0	0	1368	0	0	0	0	3686	0	0	0	0	490	2210	822	0	2468	1726	1478	0	0	0	0	0	902	0	1134	0	1444	0	0	0	0	0	0	0	0	0	0	0	0	0	116	0	0	0	0	0	0	0	0	0	0	0	0	0	0	4740	3568	2074	524	0	0	0	0	0	0	0	0	0	872	0	0	0	0	0	0	0	0	0	0	0	0	0	0	0	0	0	0	0	0	0	0	0	0	0	0	0	0	0	0	0	0	
456340	Frontal_Sup_Medial_L	430	106	45444	14460	5834	212	18600	1098	560	0	610	316	2044	192	250	0	426	174	8372	1606	0	0	0	29668	1960	2080	554	0	5712	228	37000	18728	7274	16392	0	0	0	0	0	0	0	0	0	0	0	0	0	0	0	0	0	0	0	0	0	0	0	0	0	0	0	0	0	0	0	0	0	0	0	0	3076	480	4022	166	0	0	0	0	0	0	96	0	0	0	0	0	0	0	0	0	0	0	0	0	0	0	0	0	0	0	0	0	0	0	0	0	0	0	0	0	0	0	0	0	0	0	
415520	Frontal_Sup_Medial_R	0	558	8096	41994	950	5512	2062	6034	0	484	0	1546	0	1898	0	592	0	254	2586	7232	0	0	29668	0	662	8880	0	1062	90	1316	17352	34578	1154	19332	0	0	0	0	0	0	0	0	0	0	0	0	0	0	0	0	0	0	0	0	0	0	0	0	0	0	0	0	0	0	0	0	0	0	0	0	254	7368	176	5914	0	0	0	0	0	0	0	0	0	156	0	0	0	0	0	0	0	0	0	0	0	0	0	0	0	0	0	0	0	0	0	0	0	0	0	0	0	0	0	0	0	0	
37612	Frontal_Med_Orb_L	0	0	456	0	2540	0	0	0	196	0	0	0	0	0	0	0	0	0	0	0	830	0	1960	662	0	1246	4248	158	0	0	4254	180	0	0	0	0	0	0	0	0	0	0	0	0	0	0	0	0	0	0	0	0	0	0	0	0	0	0	0	0	0	0	0	0	0	0	0	0	0	0	1624	0	452	0	0	0	0	0	0	0	0	0	0	0	0	0	0	0	0	0	0	0	0	0	0	0	0	0	0	0	0	0	0	0	0	0	0	0	0	0	0	0	0	0	0	0	
117920	Frontal_Med_Orb_R	0	0	242	4070	358	8750	0	530	0	302	0	0	0	0	0	0	0	0	0	0	0	490	2080	8880	1246	0	0	5304	0	142	3778	8756	0	0	0	0	0	0	0	0	0	0	0	0	0	0	0	0	0	0	0	0	0	0	0	0	0	0	0	0	0	0	0	0	0	0	0	0	0	0	106	7108	0	6818	0	0	0	0	0	0	0	0	0	0	0	0	0	0	0	0	0	0	0	0	0	0	0	0	0	0	0	0	0	0	0	0	0	0	0	0	0	0	0	0	0	0	
58968	Rectus_L	0	0	390	0	4918	0	0	0	2184	0	0	0	0	0	0	0	0	0	0	0	2776	2210	554	0	4248	0	0	166	0	0	4064	584	0	0	0	0	0	0	0	0	0	0	0	0	0	0	0	0	0	0	0	0	0	0	0	0	0	0	0	0	0	0	0	0	0	0	0	0	0	0	3824	1732	1834	0	0	0	0	0	0	0	0	0	0	0	0	0	0	0	0	0	0	0	0	0	0	0	0	0	0	0	0	0	0	0	0	0	0	0	0	0	0	0	0	0	0	0	
38704	Rectus_R	0	0	0	268	0	4190	0	120	0	210	0	0	0	0	0	938	0	0	0	0	168	822	0	1062	158	5304	166	0	0	138	782	1794	0	0	0	0	0	0	0	0	0	0	0	0	0	0	0	0	0	0	0	0	0	0	0	0	0	0	0	0	0	0	0	0	0	0	0	0	0	0	184	2040	0	1008	0	0	0	0	0	0	0	0	0	0	0	0	0	0	0	0	0	0	0	0	0	0	0	0	0	0	0	0	0	0	0	0	0	0	0	0	0	0	0	0	0	0	
684356	Insula_L	15126	368	46904	484	4400	0	28768	568	2652	0	21128	378	23680	0	12780	0	36482	166	24242	600	2224	0	5712	90	0	0	0	0	0	208	3206	380	374	286	2728	1400	9016	1000	1262	452	682	0	934	0	0	0	0	260	0	0	120	0	0	0	3466	0	7852	0	100	0	696	0	338	0	340	0	1664	516	114	0	15006	1300	28732	94	138	0	372	170	3816	0	12828	0	5524	0	3272	0	0	0	6688	0	0	0	0	0	0	0	0	92	0	0	0	0	0	0	0	0	0	0	0	0	0	0	0	0	0	0	
352068	Insula_R	160	6296	2688	9984	0	1582	866	9166	0	940	0	20276	0	12944	0	9024	0	19794	3854	4890	0	2468	228	1316	0	142	0	138	208	0	524	3134	244	970	448	576	348	5532	0	2586	0	2458	0	0	0	0	0	0	0	0	0	0	0	0	0	2154	0	402	0	0	0	0	0	0	0	0	0	224	0	398	1766	9922	264	24840	0	204	0	112	0	1714	0	1916	0	5752	0	856	0	0	0	1726	0	0	0	0	0	0	0	0	0	0	0	0	0	0	0	0	0	0	0	0	0	0	0	0	0	0	
454860	Cingulum_Ant_L	488	450	23518	12344	4802	964	6526	870	500	0	950	1112	1514	344	146	0	520	434	7980	3424	2790	1726	37000	17352	4254	3778	4064	782	3206	524	0	31588	9604	12398	880	0	0	0	0	0	0	0	0	0	0	0	0	0	0	0	0	0	0	0	0	0	0	0	0	0	0	0	0	0	0	0	250	0	0	0	13834	3054	11772	1112	138	0	0	0	0	0	122	0	130	186	0	0	0	0	0	0	0	0	0	0	0	0	0	0	0	0	0	0	0	0	0	0	0	0	0	0	0	0	0	0	0	0	
599308	Cingulum_Ant_R	256	3178	7500	40210	598	5190	1786	8182	0	448	0	6706	0	4780	0	684	0	1416	11080	16528	1482	1478	18728	34578	180	8756	584	1794	380	3134	31588	0	7790	35030	1516	0	0	96	0	0	0	0	0	0	0	0	0	0	0	0	0	0	0	0	0	0	0	0	0	0	0	0	0	0	0	0	250	0	294	0	3984	25158	1094	12586	0	0	0	0	0	0	0	0	0	632	0	0	0	0	0	0	0	0	0	0	0	0	0	0	0	0	0	0	0	0	0	0	0	0	0	0	0	0	0	0	0	0	
200856	Cingulum_Mid_L	336	0	7590	1210	0	0	2116	0	0	0	0	240	272	0	0	0	0	136	13488	6190	0	0	7274	1154	0	0	0	0	374	244	9604	7790	0	19162	6584	1668	0	0	0	0	0	0	414	98	2134	106	188	0	506	0	514	0	104	0	0	0	298	0	0	0	0	0	0	0	0	0	4762	812	3374	486	224	328	130	200	0	0	0	0	0	0	0	0	0	94	224	0	0	0	0	0	0	0	0	0	0	0	0	0	0	0	0	0	0	0	0	0	0	0	0	0	0	0	0	0	0	0	
539800	Cingulum_Mid_R	6770	1040	8262	25330	0	0	1982	2640	0	186	0	758	0	1222	0	1202	0	262	23216	41034	0	0	16392	19332	0	0	0	0	286	970	12398	35030	19162	0	3444	8330	0	130	0	0	0	0	0	2168	0	384	0	514	0	0	0	0	0	0	0	142	0	3696	0	222	0	0	0	0	0	0	934	8828	8672	11686	338	2196	282	310	0	0	0	0	0	0	0	0	0	150	0	0	0	0	0	0	0	0	0	0	0	0	0	0	0	0	0	0	0	0	0	0	0	0	0	0	0	0	0	0	0	0	
203180	Cingulum_Post_L	5796	1418	1138	144	0	0	828	0	0	0	0	0	0	0	0	0	1866	280	1760	1040	0	0	0	0	0	0	0	0	2728	448	880	1516	6584	3444	0	13302	10060	5300	1756	1852	0	0	3720	0	1582	0	2282	948	270	0	338	0	122	0	1192	460	764	1004	0	0	0	0	0	0	0	0	7480	2504	7462	1420	662	696	190	0	0	0	2490	1520	1472	94	0	0	0	0	164	0	0	0	0	0	0	0	0	0	0	0	106	316	0	0	0	0	0	0	0	0	0	0	0	0	192	0	0	0	0	0	
228536	Cingulum_Post_R	5980	3040	1158	434	0	0	752	106	0	0	0	0	0	0	0	0	1192	366	412	4312	0	0	0	0	0	0	0	0	1400	576	0	0	1668	8330	13302	0	7940	9048	910	2674	0	0	222	3388	0	0	198	4010	0	0	0	0	0	340	496	1224	192	2300	0	254	0	0	0	0	0	0	1456	10854	3020	5030	972	1162	180	0	0	0	7232	5636	1036	146	0	0	0	0	0	0	0	0	0	554	0	0	0	0	0	0	0	428	0	0	0	0	0	0	0	0	0	0	0	0	338	0	0	0	0	0	
248820	Hippocampus_L	4704	534	4076	250	0	0	1458	0	0	0	0	0	0	0	1004	0	3918	244	2018	416	930	0	0	0	0	0	0	0	9016	348	0	0	0	0	10060	7940	0	5436	8654	2224	5616	0	2366	0	0	0	2144	1070	0	0	0	0	0	0	10686	434	1148	0	0	0	96	0	0	0	0	0	4708	2650	198	96	2230	1158	7540	0	256	0	6168	2770	2708	0	92	0	1508	0	0	0	0	0	4898	0	0	0	0	0	0	0	0	356	124	0	0	0	0	0	0	0	0	0	0	0	160	0	0	0	0	0	
293828	Hippocampus_R	2066	4146	1084	4220	0	0	628	2380	0	0	0	172	0	0	0	170	900	1376	232	2548	0	902	0	0	0	0	0	0	1000	5532	0	96	0	130	5300	9048	5436	0	540	21908	0	11176	0	896	0	0	0	3088	0	0	0	0	0	0	286	22066	146	550	0	0	0	0	0	0	0	0	494	5812	0	1154	994	2576	138	7544	0	1094	3838	5548	768	858	0	384	0	2624	0	0	0	134	0	2048	0	602	0	0	0	0	0	1094	0	1070	0	0	0	0	0	0	0	0	0	0	118	0	0	0	0	0	
69288	ParaHippocampal_L	280	0	332	0	0	0	212	0	0	0	0	0	0	0	482	0	374	0	116	0	1656	0	0	0	0	0	0	0	1262	0	0	0	0	0	1756	910	8654	540	0	342	2084	0	982	0	0	0	2402	396	0	0	0	0	0	0	4888	0	0	0	0	0	0	0	0	0	0	0	2400	572	0	0	154	0	746	0	0	0	786	0	114	0	0	0	1032	0	0	0	580	0	132	0	0	0	0	0	0	180	280	0	0	0	0	0	0	0	0	0	0	0	0	0	0	0	0	0	0	0	
162216	ParaHippocampal_R	634	922	540	1892	0	294	332	712	0	0	0	0	0	0	0	662	392	378	0	878	0	1134	0	0	0	0	0	0	452	2586	0	0	0	0	1852	2674	2224	21908	342	0	0	5976	0	702	0	0	0	4228	0	0	0	0	0	0	128	10702	0	168	0	0	0	0	0	0	0	0	430	4102	0	136	220	566	0	2772	0	670	1642	1768	396	208	0	90	0	1734	0	0	0	330	0	110	0	478	0	0	0	0	0	1920	0	824	0	0	0	0	0	0	0	0	0	0	0	0	0	0	0	0	
29392	Amygdala_L	0	0	0	0	0	0	0	0	0	0	0	0	0	0	382	0	0	0	0	0	1182	0	0	0	0	0	0	0	682	0	0	0	0	0	0	0	5616	0	2084	0	0	0	0	0	0	0	0	0	0	0	0	0	0	0	2044	0	0	0	0	0	0	0	0	0	0	0	0	0	0	0	170	0	274	0	0	0	0	0	0	0	0	0	1074	0	0	0	0	0	1188	0	0	0	0	0	0	0	0	0	0	0	0	0	0	0	0	0	0	0	0	0	0	0	0	0	0	0	
61028	Amygdala_R	0	106	0	114	0	184	0	94	0	0	0	0	0	0	0	350	0	0	0	0	0	1444	0	0	0	0	0	0	0	2458	0	0	0	0	0	0	0	11176	0	5976	0	0	0	0	0	0	0	0	0	0	0	0	0	0	0	4754	0	0	0	0	0	0	0	0	0	0	0	0	0	0	0	190	0	772	0	0	0	104	0	0	0	0	0	2468	0	0	0	142	0	182	0	0	0	0	0	0	0	0	0	0	0	0	0	0	0	0	0	0	0	0	0	0	0	0	0	0	
267540	Calcarine_L	228	0	120	0	0	0	130	0	0	0	0	0	0	0	0	0	478	0	0	0	0	0	0	0	0	0	0	0	934	0	0	0	414	0	3720	222	2366	0	982	0	0	0	0	6172	14304	2902	22746	3250	15800	968	25854	366	4980	0	4376	98	288	0	982	110	194	0	0	0	0	0	14822	726	316	0	0	0	0	0	0	0	0	0	208	0	0	0	0	0	3050	0	0	0	1136	0	218	0	0	0	0	0	178	0	132	0	0	0	0	0	0	0	0	0	0	0	0	0	0	0	0	0	
278364	Calcarine_R	0	264	0	0	0	0	0	0	0	0	0	0	0	0	0	0	0	0	0	258	0	0	0	0	0	0	0	0	0	0	0	0	98	2168	0	3388	0	896	0	702	0	0	6172	0	3948	23326	2766	19970	462	15324	542	7778	0	4488	0	7398	0	2678	0	1964	0	0	0	0	0	0	1158	25240	0	2968	0	0	0	0	0	0	0	0	0	0	0	0	0	0	0	1544	0	0	0	2962	0	0	0	0	0	0	0	180	0	0	0	0	0	0	0	0	0	0	0	0	540	0	0	0	0	0	
173604	Cuneus_L	0	0	0	0	0	0	0	0	0	0	0	0	0	0	0	0	0	0	0	0	0	0	0	0	0	0	0	0	0	0	0	0	2134	0	1582	0	0	0	0	0	0	0	14304	3948	0	5282	2360	1342	18392	2044	10250	182	746	0	406	170	0	0	4332	972	0	0	0	0	0	0	14284	2722	232	0	0	0	0	0	0	0	0	0	0	0	0	0	0	0	920	0	0	0	198	0	0	0	0	0	0	0	0	0	0	0	0	0	0	0	0	0	0	0	0	0	0	0	0	0	0	0	
222140	Cuneus_R	0	0	0	0	0	0	0	0	0	0	0	0	0	0	0	0	0	0	0	0	0	0	0	0	0	0	0	0	0	0	0	0	106	384	0	0	0	0	0	0	0	0	2902	23326	5282	0	824	6204	0	26746	0	6796	0	1176	0	2754	0	796	0	7994	0	0	0	0	0	190	1720	22612	0	606	0	0	0	0	0	0	0	0	0	0	0	0	0	0	0	276	0	0	0	376	0	0	0	0	0	0	0	0	0	0	0	0	0	0	0	0	0	0	0	0	0	0	0	0	0	0	
287716	Lingual_L	0	0	0	0	0	0	0	0	0	0	0	0	0	0	0	0	0	0	0	0	0	0	0	0	0	0	0	0	0	0	0	0	188	0	2282	198	2144	0	2402	0	0	0	22746	2766	2360	824	0	2762	3198	106	13338	0	5790	0	19162	218	0	0	0	0	0	0	0	0	0	0	6820	0	186	0	0	0	94	0	0	0	136	0	0	0	0	0	0	0	594	0	0	0	382	0	13454	376	3460	346	0	0	9480	738	17914	554	292	0	482	0	336	0	0	0	0	0	2016	3672	2042	0	0	0	
310492	Lingual_R	162	234	146	0	0	0	96	0	0	0	0	0	0	0	0	0	214	0	0	202	0	0	0	0	0	0	0	0	260	0	0	0	0	514	948	4010	1070	3088	396	4228	0	0	3250	19970	1342	6204	2762	0	346	6688	536	3286	0	3588	1006	20146	0	274	0	488	0	0	0	0	0	140	704	8812	0	530	102	226	0	0	0	0	482	534	224	0	0	0	0	0	0	254	0	0	0	740	3258	8204	540	632	0	202	4180	8008	5434	11100	0	0	0	180	90	202	0	0	0	0	7510	5590	1140	0	114	660	
206320	Occipital_Sup_L	0	0	0	0	0	0	0	0	0	0	0	0	0	0	0	0	0	0	0	0	0	0	0	0	0	0	0	0	0	0	0	0	506	0	270	0	0	0	0	0	0	0	15800	462	18392	0	3198	346	0	0	31280	0	1534	0	512	0	990	0	12698	0	2506	0	0	0	688	0	11690	0	0	0	0	0	0	0	0	0	0	0	0	0	0	0	0	0	1400	0	0	0	888	0	0	0	0	0	0	0	0	0	0	0	0	0	0	0	0	0	0	0	0	0	0	0	0	0	0	0	
225844	Occipital_Sup_R	0	0	0	0	0	0	0	0	0	0	0	0	0	0	0	0	0	0	0	0	0	0	0	0	0	0	0	0	0	0	0	0	0	0	0	0	0	0	0	0	0	0	968	15324	2044	26746	106	6688	0	0	0	19562	0	2006	0	4396	0	180	0	11234	0	0	0	0	0	4382	664	16678	0	110	0	0	0	0	0	0	0	0	0	0	0	0	0	0	0	1426	0	0	0	408	0	0	0	0	0	0	0	0	0	0	0	0	0	0	0	0	0	0	0	0	0	0	0	0	0	0	
439492	Occipital_Mid_L	2108	0	0	0	0	0	0	0	0	0	0	0	0	0	0	0	114	0	0	0	0	0	0	0	0	0	0	0	120	0	0	0	514	0	338	0	0	0	0	0	0	0	25854	542	10250	0	13338	536	31280	0	0	0	21508	0	7816	0	6718	0	15140	0	16654	0	768	0	22894	0	11026	0	1510	0	0	0	0	0	0	0	0	0	0	0	482	0	0	0	21478	0	0	0	8434	0	0	0	0	0	0	0	0	0	202	0	0	0	0	0	0	0	0	0	0	0	0	122	0	0	0	0	
179124	Occipital_Mid_R	0	154	0	0	0	0	0	0	0	0	0	0	0	0	0	0	0	0	0	0	0	0	0	0	0	0	0	0	0	0	0	0	0	0	0	0	0	0	0	0	0	0	366	7778	182	6796	0	3286	0	19562	0	0	0	4646	0	2532	0	396	0	5064	0	3108	0	394	0	11776	0	5396	0	162	0	0	0	0	0	0	0	0	0	0	0	322	0	0	0	15818	0	0	0	1824	0	0	0	0	0	0	0	0	0	0	0	0	0	0	0	0	0	0	0	0	0	0	0	0	0	0	
120116	Occipital_Inf_L	1306	0	0	0	0	0	0	0	0	0	0	0	0	0	0	0	0	0	0	0	0	0	0	0	0	0	0	0	0	0	0	0	104	0	122	0	0	0	0	0	0	0	4980	0	746	0	5790	0	1534	0	21508	0	0	0	7844	0	1178	0	256	0	158	0	0	0	180	0	1494	0	466	0	0	0	0	0	0	0	0	0	238	0	172	0	0	0	3664	0	0	0	6970	0	300	0	166	0	0	0	0	0	488	0	0	0	0	0	0	0	0	0	0	0	0	232	162	0	0	0	
69504	Occipital_Inf_R	0	358	0	0	0	0	0	0	0	0	0	0	0	0	0	0	0	0	0	96	0	0	0	0	0	0	0	0	0	0	0	0	0	0	0	340	0	0	0	0	0	0	0	4488	0	1176	0	3588	0	2006	0	4646	0	0	0	4062	0	610	0	666	0	120	0	334	0	0	0	2736	0	324	0	0	0	0	0	0	0	0	0	0	0	0	0	0	0	2922	0	0	0	5024	0	136	0	0	0	0	0	0	206	490	0	0	0	0	0	0	0	0	0	0	0	326	98	0	0	0	
318308	Fusiform_L	1558	0	368	0	0	0	168	0	0	0	0	0	0	0	278	0	288	0	110	0	0	0	0	0	0	0	0	0	3466	0	0	0	0	0	1192	496	10686	286	4888	128	2044	0	4376	0	406	0	19162	1006	512	0	7816	0	7844	0	0	132	912	0	0	0	0	0	0	0	0	0	1630	246	532	0	476	0	1830	0	0	0	514	0	3676	0	1626	0	1820	0	1826	0	1006	0	14452	0	20272	0	2576	0	220	0	7992	708	24298	216	140	0	128	0	0	0	0	0	0	0	1658	1746	1444	0	0	0	
378980	Fusiform_R	188	2064	100	1522	0	0	0	1340	0	0	0	0	0	0	0	0	0	180	0	1278	0	116	0	0	0	0	0	0	0	2154	0	0	0	142	460	1224	434	22066	0	10702	0	4754	98	7398	170	2754	218	20146	0	4396	0	2532	0	4062	132	0	0	570	0	1592	0	0	0	0	0	318	316	5734	0	1006	0	392	0	3270	0	254	352	506	0	392	0	620	0	2186	0	786	0	1918	0	12382	2258	19716	406	1100	0	0	3164	6182	3490	21392	0	0	0	162	0	0	0	0	0	0	4216	3180	1000	0	0	0	
273544	Postcentral_L	24654	0	4216	0	0	0	830	0	0	0	1940	0	136	0	0	0	13696	0	3866	152	0	0	0	0	0	0	0	0	7852	0	0	0	298	0	764	192	1148	146	0	0	0	0	288	0	0	0	0	0	990	0	6718	0	1178	0	912	0	0	0	10708	0	19764	0	9662	0	4850	0	5722	86	3816	0	584	0	420	0	170	0	156	0	2334	0	4626	0	0	0	2378	0	0	0	1520	0	0	0	0	0	0	0	0	0	0	0	0	0	0	0	0	0	0	0	0	0	0	0	0	0	0	0	
186096	Postcentral_R	910	15052	0	0	0	0	0	0	0	0	0	1306	0	0	0	0	0	4086	0	738	0	0	0	0	0	0	0	0	0	402	0	0	0	3696	1004	2300	0	550	0	168	0	0	0	2678	0	796	0	274	0	180	0	396	0	610	0	570	0	0	0	11014	0	6604	0	9466	0	704	0	8954	1002	12052	500	1436	0	114	0	0	0	282	0	178	0	1034	0	0	0	2746	0	0	0	1246	0	0	0	0	0	0	0	0	0	0	0	0	0	0	0	0	0	0	0	0	0	0	0	0	0	0	
143172	Parietal_Sup_L	0	0	0	0	0	0	0	0	0	0	0	0	0	0	0	0	102	0	0	0	0	0	0	0	0	0	0	0	100	0	0	0	0	0	0	0	0	0	0	0	0	0	982	0	4332	0	0	0	12698	0	15140	0	256	0	0	0	10708	0	0	0	13648	0	0	0	3980	0	8052	0	122	0	0	0	0	0	0	0	0	0	0	0	0	0	0	0	718	0	0	0	748	0	0	0	0	0	0	0	0	0	0	0	0	0	0	0	0	0	0	0	0	0	0	0	0	0	0	0	
210808	Parietal_Sup_R	0	656	0	0	0	0	0	0	0	0	0	0	0	0	0	0	0	336	0	104	0	0	0	0	0	0	0	0	0	0	0	0	0	222	0	254	0	0	0	0	0	0	110	1964	972	7994	0	488	0	11234	0	5064	0	666	0	1592	0	11014	0	0	0	8066	0	4326	0	4832	634	33488	0	3400	0	0	0	0	0	0	0	0	0	0	0	652	0	0	0	4644	0	0	0	2692	0	0	0	0	0	0	0	0	0	0	0	0	0	0	0	0	0	0	0	0	0	0	0	0	0	0	
215004	Parietal_Inf_L	608	0	212	0	0	0	0	0	0	0	0	0	0	0	0	0	454	0	132	0	0	0	0	0	0	0	0	0	696	0	0	0	0	0	0	0	96	0	0	0	0	0	194	0	0	0	0	0	2506	0	16654	0	158	0	0	0	19764	0	13648	0	0	0	12862	0	23420	0	2124	0	356	0	0	0	0	0	0	0	0	0	0	0	4236	0	0	0	8296	0	0	0	1086	0	0	0	0	0	0	0	0	0	0	0	0	0	0	0	0	0	0	0	0	0	0	0	0	0	0	0	
84956	Parietal_Inf_R	0	140	0	0	0	0	0	0	0	0	0	0	0	0	0	0	0	0	0	0	0	0	0	0	0	0	0	0	0	0	0	0	0	0	0	0	0	0	0	0	0	0	0	0	0	0	0	0	0	0	0	3108	0	120	0	0	0	6604	0	8066	0	0	0	7290	0	10728	0	2672	0	922	0	0	0	0	0	0	0	0	0	0	0	0	0	0	0	2828	0	0	0	0	0	0	0	0	0	0	0	0	0	0	0	0	0	0	0	0	0	0	0	0	0	0	0	0	0	0	
105176	SupraMarginal_L	664	0	0	0	0	0	0	0	0	0	0	0	0	0	0	0	3292	0	0	0	0	0	0	0	0	0	0	0	338	0	0	0	0	0	0	0	0	0	0	0	0	0	0	0	0	0	0	0	0	0	768	0	0	0	0	0	9662	0	0	0	12862	0	0	0	4100	0	906	0	0	0	0	0	0	0	0	0	0	0	88	0	10874	0	0	0	8174	0	0	0	860	0	0	0	0	0	0	0	0	0	0	0	0	0	0	0	0	0	0	0	0	0	0	0	0	0	0	0	
105688	SupraMarginal_R	0	1238	0	0	0	0	0	0	0	0	0	0	0	0	0	0	0	3228	0	0	0	0	0	0	0	0	0	0	0	0	0	0	0	0	0	0	0	0	0	0	0	0	0	0	0	0	0	0	0	0	0	394	0	334	0	0	0	9466	0	4326	0	7290	0	0	0	4370	0	5646	0	2962	0	212	0	0	0	0	0	0	0	100	0	6610	0	0	0	6104	0	0	0	564	0	0	0	0	0	0	0	0	0	0	0	0	0	0	0	0	0	0	0	0	0	0	0	0	0	0	
147288	Angular_L	0	0	0	0	0	0	0	0	0	0	0	0	0	0	0	0	242	0	0	0	0	0	0	0	0	0	0	0	340	0	0	0	0	0	0	0	0	0	0	0	0	0	0	0	0	0	0	0	688	0	22894	0	180	0	0	0	4850	0	3980	0	23420	0	4100	0	0	0	1594	0	356	0	0	0	0	0	0	0	0	0	0	0	2150	0	0	0	8112	0	0	0	738	0	0	0	0	0	0	0	0	0	0	0	0	0	0	0	0	0	0	0	0	0	0	0	0	0	0	0	
100596	Angular_R	0	0	0	0	0	0	0	0	0	0	0	0	0	0	0	0	0	0	0	0	0	0	0	0	0	0	0	0	0	0	0	0	0	0	0	0	0	0	0	0	0	0	0	0	0	190	0	140	0	4382	0	11776	0	0	0	318	0	704	0	4832	0	10728	0	4370	0	0	0	2252	0	276	0	0	0	0	0	0	0	0	0	0	0	1298	0	0	0	9032	0	0	0	0	0	0	0	0	0	0	0	0	0	0	0	0	0	0	0	0	0	0	0	0	0	0	0	0	0	0	
260276	Precuneus_L	778	0	338	0	0	0	198	0	0	0	0	0	0	0	0	0	940	0	130	0	0	0	0	0	0	0	0	0	1664	0	250	250	4762	934	7480	1456	4708	494	2400	430	0	0	14822	1158	14284	1720	6820	704	11690	664	11026	0	1494	0	1630	316	5722	0	8052	634	2124	0	906	0	1594	0	0	5824	2668	0	0	0	0	0	0	0	164	0	484	0	872	0	0	0	4882	0	0	0	2348	0	0	0	0	0	0	0	144	94	0	0	0	0	0	0	0	0	0	0	0	0	86	0	0	0	0	0	
445232	Precuneus_R	688	1100	552	0	0	0	436	0	0	0	0	0	0	0	0	0	464	812	0	2510	0	0	0	0	0	0	0	0	516	224	0	0	812	8828	2504	10854	2650	5812	572	4102	0	0	726	25240	2722	22612	0	8812	0	16678	0	5396	0	2736	246	5734	86	8954	0	33488	0	2672	0	5646	0	2252	5824	0	110	9296	212	236	0	0	0	0	2084	834	436	0	0	1744	0	0	0	7064	0	0	0	5508	0	0	0	0	0	0	0	1064	0	0	0	0	0	0	0	0	0	0	0	0	768	0	0	0	0	0	
176036	Paracentral_Lobule_L	17534	2924	1186	118	0	0	0	0	0	0	0	0	0	0	0	0	148	0	7778	12486	0	0	0	0	0	0	0	0	114	0	0	294	3374	8672	7462	3020	198	0	0	0	0	0	316	0	232	0	186	0	0	0	1510	0	466	0	532	0	3816	1002	122	0	356	0	0	0	356	0	2668	110	0	7072	200	482	218	0	102	0	1132	538	0	0	260	0	0	0	708	0	0	0	326	0	0	0	0	0	0	0	0	0	0	0	0	0	0	0	0	0	0	0	0	0	0	0	0	0	0	0	
207832	Paracentral_Lobule_R	7566	10006	0	152	0	0	0	0	0	0	0	0	0	0	0	0	0	526	526	17552	0	0	0	0	0	0	0	0	0	398	0	0	486	11686	1420	5030	96	1154	0	136	0	0	0	2968	0	606	0	530	0	110	0	162	0	324	0	1006	0	12052	0	3400	0	922	0	2962	0	276	0	9296	7072	0	532	580	168	0	0	0	552	188	0	98	0	1296	0	0	0	1016	0	0	0	1066	0	0	0	0	0	0	0	0	0	0	0	0	0	0	0	0	0	0	0	0	0	0	0	0	0	0	
527244	Caudate_L	4122	7520	37086	6388	1906	0	12882	9040	196	0	4968	6578	2566	114	98	0	2152	1404	26482	5556	5026	4740	3076	254	1624	106	3824	184	15006	1766	13834	3984	224	338	662	972	2230	994	154	220	170	0	0	0	0	0	0	102	0	0	0	0	0	0	476	0	584	500	0	0	0	0	0	0	0	0	0	212	200	532	0	24646	28168	2868	3050	0	9178	1248	0	158	954	130	950	376	158	0	0	0	686	0	0	0	0	0	0	0	0	0	0	0	0	0	0	0	0	0	0	0	0	0	0	0	0	0	0	0	
592644	Caudate_R	2040	15158	12834	29324	506	6886	5756	15748	0	716	0	12702	0	1286	0	1150	194	5254	11404	17914	2448	3568	480	7368	0	7108	1732	2040	1300	9922	3054	25158	328	2196	696	1162	1158	2576	0	566	0	190	0	0	0	0	0	226	0	0	0	0	0	0	0	392	0	1436	0	0	0	0	0	212	0	0	0	236	482	580	24646	0	5698	27582	262	1636	918	16390	0	438	0	316	0	2950	0	0	0	0	0	0	0	0	0	0	0	0	0	0	0	0	0	0	0	0	0	0	0	0	0	0	0	0	0	0	0	0	
409212	Putamen_L	1838	1490	33384	1162	8208	0	5270	1648	1832	0	2542	1074	2656	0	3720	0	3414	196	19850	1770	1436	2074	4022	176	452	0	1834	0	28732	264	11772	1094	130	282	190	180	7540	138	746	0	274	0	0	0	0	0	94	0	0	0	0	0	0	0	1830	0	420	0	0	0	0	0	0	0	0	0	0	0	218	168	28168	5698	0	370	7118	0	1968	686	164	0	2106	0	722	0	702	0	0	0	2784	0	0	0	0	0	0	0	0	0	0	0	0	0	0	0	0	0	0	0	0	0	0	0	0	0	0	0	
372636	Putamen_R	332	6808	2412	16518	0	8964	1214	10668	0	1992	0	10130	0	1482	0	3054	0	7512	3718	5862	144	524	166	5914	0	6818	0	1008	94	24840	1112	12586	200	310	0	0	0	7544	0	2772	0	772	0	0	0	0	0	0	0	0	0	0	0	0	0	3270	0	114	0	0	0	0	0	0	0	0	0	0	0	0	2868	27582	370	0	0	1988	0	262	0	434	0	396	0	3244	0	0	0	0	0	320	0	0	0	0	0	0	0	0	0	0	0	0	0	0	0	0	0	0	0	0	0	0	0	0	0	0	
56120	Pallidum_L	1024	116	7298	158	0	0	0	102	0	0	0	0	0	0	0	0	0	0	6234	222	0	0	0	0	0	0	0	0	138	0	138	0	0	0	0	0	256	0	0	0	0	0	0	0	0	0	0	0	0	0	0	0	0	0	0	0	170	0	0	0	0	0	0	0	0	0	0	0	102	0	3050	262	7118	0	0	0	1672	0	0	0	0	0	0	0	0	0	0	0	0	0	0	0	0	0	0	0	0	0	0	0	0	0	0	0	0	0	0	0	0	0	0	0	0	0	0	0	
19628	Pallidum_R	0	920	0	1178	0	0	0	760	0	0	0	0	0	0	0	0	0	124	0	716	0	0	0	0	0	0	0	0	0	204	0	0	0	0	0	0	0	1094	0	670	0	0	0	0	0	0	0	0	0	0	0	0	0	0	0	254	0	0	0	0	0	0	0	0	0	0	0	0	0	0	0	1636	0	1988	0	0	0	270	0	0	0	0	0	0	0	0	0	0	0	0	0	0	0	0	0	0	0	0	0	0	0	0	0	0	0	0	0	0	0	0	0	0	0	0	0	0	
131420	Thalamus_L	4560	2004	2224	332	0	0	450	110	0	0	0	0	0	0	0	0	336	0	5002	768	0	0	0	0	0	0	0	0	372	0	0	0	0	0	2490	7232	6168	3838	786	1642	0	0	0	0	0	0	136	482	0	0	0	0	0	0	514	352	156	0	0	0	0	0	0	0	0	0	164	2084	1132	552	9178	918	1968	0	1672	0	0	7630	272	0	0	0	0	0	0	0	0	0	0	0	0	0	0	0	0	0	0	186	0	0	0	0	0	0	0	0	0	0	0	0	0	0	0	0	0	0	
135788	Thalamus_R	2488	8936	1796	3338	0	0	282	122	0	0	0	0	0	0	0	0	180	292	704	2284	0	0	0	0	0	0	0	0	170	112	0	0	0	0	1520	5636	2770	5548	0	1768	0	104	0	0	0	0	0	534	0	0	0	0	0	0	0	506	0	282	0	0	0	0	0	0	0	0	0	834	538	188	1248	16390	686	262	0	270	7630	0	92	180	0	112	0	0	0	0	0	0	0	0	0	0	0	0	0	0	0	92	0	0	0	0	0	0	0	0	0	0	0	0	0	0	0	0	0	0	
60028	Heschl_L	1096	0	674	0	0	0	0	0	0	0	0	0	0	0	0	0	4274	0	286	0	0	0	0	0	0	0	0	0	3816	0	0	0	0	0	1472	1036	2708	768	114	396	0	0	208	0	0	0	0	224	0	0	0	0	238	0	3676	0	2334	0	0	0	0	0	88	0	0	0	484	436	0	0	0	0	164	0	0	0	272	92	0	0	3180	0	0	0	324	0	0	0	1560	0	0	0	0	0	0	0	0	94	0	0	0	0	0	0	0	0	0	0	0	0	0	0	0	0	0	0	
40268	Heschl_R	0	860	0	248	0	0	0	272	0	0	0	122	0	0	0	0	0	5948	0	86	0	0	0	0	0	0	0	0	0	1714	0	0	0	0	94	146	0	858	0	208	0	0	0	0	0	0	0	0	0	0	0	0	0	0	0	392	0	178	0	0	0	0	0	100	0	0	0	0	0	98	158	438	0	434	0	0	0	180	0	0	0	4958	0	0	0	1586	0	0	0	1056	0	0	0	0	0	0	0	0	0	0	0	0	0	0	0	0	0	0	0	0	0	0	0	0	0	0	
235908	Temporal_Sup_L	2774	0	3358	0	0	0	638	0	0	0	4656	0	386	0	140	0	10052	0	2808	0	0	0	96	0	0	0	0	0	12828	0	122	0	0	0	0	0	92	0	0	0	0	0	0	0	0	0	0	0	0	0	482	0	172	0	1626	0	4626	0	0	0	4236	0	10874	0	2150	0	872	0	260	0	954	0	2106	0	0	0	0	0	3180	0	0	0	5632	0	27068	0	352	0	15414	0	0	0	0	0	0	0	0	0	0	0	0	0	0	0	0	0	0	0	0	0	0	0	0	0	0	0	
105268	Temporal_Sup_R	0	1170	136	152	0	0	0	396	0	0	0	454	0	0	0	0	0	6488	96	158	0	0	0	0	0	0	0	0	0	1916	0	0	0	0	0	0	0	384	0	90	0	0	0	0	0	0	0	0	0	0	0	322	0	0	0	620	0	1034	0	652	0	0	0	6610	0	1298	0	1744	0	1296	130	316	0	396	0	0	0	112	0	4958	0	0	0	944	0	17032	0	0	0	3730	0	0	0	0	0	0	0	0	0	0	0	0	0	0	0	0	0	0	0	0	0	0	0	0	0	0	
85396	Temporal_Pole_Sup_L	126	0	2416	0	0	0	320	0	0	0	3758	0	798	0	612	0	3408	0	2240	0	510	0	0	0	0	0	0	0	5524	0	130	0	0	0	0	0	1508	0	1032	0	1074	0	0	0	0	0	0	0	0	0	0	0	0	0	1820	0	0	0	0	0	0	0	0	0	0	0	0	0	0	0	950	0	722	0	0	0	0	0	0	0	5632	0	0	0	4124	0	3186	0	2808	0	0	0	0	0	0	0	0	0	0	0	0	0	0	0	0	0	0	0	0	0	0	0	0	0	0	0	
85528	Temporal_Pole_Sup_R	0	366	596	1304	0	188	214	748	0	0	0	4446	0	288	0	484	0	4458	1106	1260	0	872	0	156	0	0	0	0	0	5752	186	632	94	150	0	0	0	2624	0	1734	0	2468	0	0	0	0	0	0	0	0	0	0	0	0	0	2186	0	0	0	0	0	0	0	0	0	0	0	0	0	0	376	2950	0	3244	0	0	0	0	0	0	0	944	0	0	0	530	0	1242	0	1166	0	0	0	0	0	0	0	0	0	0	0	0	0	0	0	0	0	0	0	0	0	0	0	0	0	0	
287112	Temporal_Mid_L	1380	0	258	0	0	0	0	0	0	0	0	0	0	0	0	0	682	0	132	0	0	0	0	0	0	0	0	0	3272	0	0	0	224	0	164	0	0	0	0	0	0	0	3050	0	920	0	594	0	1400	0	21478	0	3664	0	1826	0	2378	0	718	0	8296	0	8174	0	8112	0	4882	0	708	0	158	0	702	0	0	0	0	0	324	0	27068	0	4124	0	0	0	5392	0	33476	0	0	0	0	0	0	0	0	0	0	0	0	0	0	0	0	0	0	0	0	0	0	0	0	0	0	0	
185524	Temporal_Mid_R	0	1714	0	0	0	0	0	0	0	0	0	0	0	0	0	0	0	280	0	354	0	0	0	0	0	0	0	0	0	856	0	0	0	0	0	0	0	0	0	0	0	0	0	1544	0	276	0	254	0	1426	0	15818	0	2922	0	786	0	2746	0	4644	0	2828	0	6104	0	9032	0	7064	0	1016	0	0	0	0	0	0	0	0	0	1586	0	17032	0	530	0	0	0	308	0	13642	0	0	0	0	0	0	0	0	0	0	0	0	0	0	0	0	0	0	0	0	0	0	0	0	0	0	
27668	Temporal_Pole_Mid_L	0	0	0	0	0	0	0	0	0	0	0	0	0	0	0	0	0	0	0	0	0	0	0	0	0	0	0	0	0	0	0	0	0	0	0	0	0	0	580	0	0	0	0	0	0	0	0	0	0	0	0	0	0	0	1006	0	0	0	0	0	0	0	0	0	0	0	0	0	0	0	0	0	0	0	0	0	0	0	0	0	352	0	3186	0	5392	0	0	0	3318	0	0	0	0	0	0	0	0	0	0	0	0	0	0	0	0	0	0	0	0	0	0	0	0	0	0	0	
11440	Temporal_Pole_Mid_R	0	0	0	0	0	0	0	0	0	0	0	0	0	0	0	0	0	0	0	0	0	0	0	0	0	0	0	0	0	0	0	0	0	0	0	0	0	134	0	330	0	142	0	0	0	0	0	0	0	0	0	0	0	0	0	1918	0	0	0	0	0	0	0	0	0	0	0	0	0	0	0	0	0	0	0	0	0	0	0	0	0	0	0	1242	0	308	0	0	0	1646	0	0	0	0	0	0	0	0	0	0	0	0	0	0	0	0	0	0	0	0	0	0	0	0	0	0	
241292	Temporal_Inf_L	1026	0	488	0	0	0	0	0	0	0	0	0	0	0	234	0	146	0	132	0	0	0	0	0	0	0	0	0	6688	0	0	0	0	0	0	0	4898	0	132	0	1188	0	1136	0	198	0	382	0	888	0	8434	0	6970	0	14452	0	1520	0	748	0	1086	0	860	0	738	0	2348	0	326	0	686	0	2784	0	0	0	0	0	1560	0	15414	0	2808	0	33476	0	3318	0	0	0	3012	0	534	0	0	0	730	0	1306	0	0	0	0	0	0	0	0	0	0	0	0	0	0	0	0	0	
135572	Temporal_Inf_R	0	1576	0	90	0	0	0	92	0	0	0	0	0	0	0	0	0	0	0	748	0	0	0	0	0	0	0	0	0	1726	0	0	0	0	0	554	0	2048	0	110	0	182	0	2962	0	376	0	740	0	408	0	1824	0	5024	0	12382	0	1246	0	2692	0	0	0	564	0	0	0	5508	0	1066	0	0	0	320	0	0	0	0	0	1056	0	3730	0	1166	0	13642	0	1646	0	0	0	2844	0	308	0	0	0	362	0	794	0	0	0	0	0	0	0	0	0	0	0	0	0	0	0	0	
436588	Cerebelum_Crus1_L	0	0	0	0	0	0	0	0	0	0	0	0	0	0	0	0	0	0	0	0	0	0	0	0	0	0	0	0	0	0	0	0	0	0	0	0	0	0	0	0	0	0	218	0	0	0	13454	3258	0	0	0	0	300	0	20272	2258	0	0	0	0	0	0	0	0	0	0	0	0	0	0	0	0	0	0	0	0	0	0	0	0	0	0	0	0	0	0	0	0	3012	0	0	5496	36082	4226	276	0	19510	4474	58418	5022	9658	346	8806	922	702	0	180	0	0	0	7652	5268	7850	524	110	0	
409540	Cerebelum_Crus1_R	0	0	0	0	0	0	0	0	0	0	0	0	0	0	0	0	0	0	0	0	0	0	0	0	0	0	0	0	0	0	0	0	0	0	0	0	0	602	0	478	0	0	0	0	0	0	376	8204	0	0	0	0	0	136	0	19716	0	0	0	0	0	0	0	0	0	0	0	0	0	0	0	0	0	0	0	0	0	0	0	0	0	0	0	0	0	0	0	0	0	2844	5496	0	4940	31448	0	112	5536	13782	6914	50294	2644	3526	3588	12984	770	708	0	0	0	0	9164	7868	10018	1290	1072	260	
311324	Cerebelum_Crus2_L	0	0	0	0	0	0	0	0	0	0	0	0	0	0	0	0	0	0	0	0	0	0	0	0	0	0	0	0	0	0	0	0	0	0	0	0	0	0	0	0	0	0	0	0	0	0	3460	540	0	0	0	0	166	0	2576	406	0	0	0	0	0	0	0	0	0	0	0	0	0	0	0	0	0	0	0	0	0	0	0	0	0	0	0	0	0	0	0	0	534	0	36082	4940	0	15004	0	0	2798	520	15450	1138	23414	3392	19768	2982	1192	130	0	0	90	0	1116	2784	13476	3416	288	0	
314820	Cerebelum_Crus2_R	0	0	0	0	0	0	0	0	0	0	0	0	0	0	0	0	0	0	0	0	0	0	0	0	0	0	0	0	0	0	0	0	0	0	0	0	0	0	0	0	0	0	0	0	0	0	346	632	0	0	0	0	0	0	0	1100	0	0	0	0	0	0	0	0	0	0	0	0	0	0	0	0	0	0	0	0	0	0	0	0	0	0	0	0	0	0	0	0	0	308	4226	31448	15004	0	0	0	528	3126	2552	9298	8846	16578	9282	25446	334	340	0	114	0	0	1716	2426	16888	6380	492	0	
21544	Cerebelum_3_L	0	0	0	0	0	0	0	0	0	0	0	0	0	0	0	0	0	0	0	0	0	0	0	0	0	0	0	0	0	0	0	0	0	0	0	0	0	0	0	0	0	0	0	0	0	0	0	0	0	0	0	0	0	0	220	0	0	0	0	0	0	0	0	0	0	0	0	0	0	0	0	0	0	0	0	0	0	0	0	0	0	0	0	0	0	0	0	0	0	0	276	0	0	0	0	542	5150	0	884	0	0	0	0	0	0	150	0	0	924	1808	818	0	0	0	0	0	
29148	Cerebelum_3_R	0	0	0	0	0	0	0	0	0	0	0	0	0	0	0	0	0	0	0	0	0	0	0	0	0	0	0	0	0	0	0	0	0	0	0	0	0	0	180	0	0	0	0	0	0	0	0	202	0	0	0	0	0	0	0	0	0	0	0	0	0	0	0	0	0	0	0	0	0	0	0	0	0	0	0	0	0	0	0	0	0	0	0	0	0	0	0	0	0	0	0	112	0	0	542	0	578	2598	0	1212	0	0	338	366	272	1602	0	176	480	2186	1308	250	190	832	988	162	
285028	Cerebelum_4_5_L	0	0	0	0	0	0	0	0	0	0	0	0	0	0	0	0	0	0	0	0	0	0	0	0	0	0	0	0	0	0	0	0	0	0	106	0	0	0	280	0	0	0	178	0	0	0	9480	4180	0	0	0	0	0	0	7992	3164	0	0	0	0	0	0	0	0	0	0	144	0	0	0	0	0	0	0	0	0	0	0	0	0	0	0	0	0	0	0	0	0	730	0	19510	5536	2798	528	5150	578	0	6676	31456	7580	1366	0	2168	208	4070	656	444	0	1632	2218	16410	4824	430	216	828	978	
217492	Cerebelum_4_5_R	0	0	0	0	0	0	0	0	0	0	0	0	0	0	0	0	0	0	0	0	0	0	0	0	0	0	0	0	92	0	0	0	0	0	316	428	356	1094	0	1920	0	0	0	180	0	0	738	8008	0	0	0	0	0	0	708	6182	0	0	0	0	0	0	0	0	0	0	94	1064	0	0	0	0	0	0	0	0	186	92	94	0	0	0	0	0	0	0	0	0	0	362	4474	13782	520	3126	0	2598	6676	0	5862	22598	198	406	742	1570	728	2666	0	350	0	450	13898	2414	696	1288	1544	246	
451172	Cerebelum_6_L	0	0	0	0	0	0	0	0	0	0	0	0	0	0	0	0	0	0	0	0	0	0	0	0	0	0	0	0	0	0	0	0	0	0	0	0	124	0	0	0	0	0	132	0	0	0	17914	5434	0	0	202	0	488	206	24298	3490	0	0	0	0	0	0	0	0	0	0	0	0	0	0	0	0	0	0	0	0	0	0	0	0	0	0	0	0	0	0	0	0	1306	0	58418	6914	15450	2552	884	0	31456	5862	0	8782	2786	182	3566	980	3384	138	0	0	376	402	11194	10864	6976	448	378	0	
362032	Cerebelum_6_R	0	0	0	0	0	0	0	0	0	0	0	0	0	0	0	0	0	0	0	0	0	0	0	0	0	0	0	0	0	0	0	0	0	0	0	0	0	1070	0	824	0	0	0	0	0	0	554	11100	0	0	0	0	0	490	216	21392	0	0	0	0	0	0	0	0	0	0	0	0	0	0	0	0	0	0	0	0	0	0	0	0	0	0	0	0	0	0	0	0	0	794	5022	50294	1138	9298	0	1212	7580	22598	8782	0	368	664	658	2938	1308	1442	0	268	0	100	12490	10626	4838	1044	1528	380	
245476	Cerebelum_7b_L	0	0	0	0	0	0	0	0	0	0	0	0	0	0	0	0	0	0	0	0	0	0	0	0	0	0	0	0	0	0	0	0	0	0	0	0	0	0	0	0	0	0	0	0	0	0	292	0	0	0	0	0	0	0	140	0	0	0	0	0	0	0	0	0	0	0	0	0	0	0	0	0	0	0	0	0	0	0	0	0	0	0	0	0	0	0	0	0	0	0	9658	2644	23414	8846	0	0	1366	198	2786	368	0	5170	32384	10046	1994	848	318	0	0	0	270	156	8962	11408	1470	0	
119312	Cerebelum_7b_R	0	0	0	0	0	0	0	0	0	0	0	0	0	0	0	0	0	0	0	0	0	0	0	0	0	0	0	0	0	0	0	0	0	0	0	0	0	0	0	0	0	0	0	0	0	0	0	0	0	0	0	0	0	0	0	0	0	0	0	0	0	0	0	0	0	0	0	0	0	0	0	0	0	0	0	0	0	0	0	0	0	0	0	0	0	0	0	0	0	0	346	3526	3392	16578	0	0	0	406	182	664	5170	0	5220	14074	0	0	0	104	0	0	156	0	4506	5332	0	0	
293252	Cerebelum_8_L	0	0	0	0	0	0	0	0	0	0	0	0	0	0	0	0	0	0	0	0	0	0	0	0	0	0	0	0	0	0	0	0	0	0	0	0	0	0	0	0	0	0	0	0	0	0	482	0	0	0	0	0	0	0	128	0	0	0	0	0	0	0	0	0	0	0	0	0	0	0	0	0	0	0	0	0	0	0	0	0	0	0	0	0	0	0	0	0	0	0	8806	3588	19768	9282	0	338	2168	742	3566	658	32384	5220	0	14002	8906	3184	1676	0	218	264	838	238	9640	15516	5014	0	
251764	Cerebelum_8_R	0	0	0	0	0	0	0	0	0	0	0	0	0	0	0	0	0	0	0	0	0	0	0	0	0	0	0	0	0	0	0	0	0	0	0	0	0	0	0	0	0	0	0	0	0	0	0	180	0	0	0	0	0	0	0	162	0	0	0	0	0	0	0	0	0	0	0	0	0	0	0	0	0	0	0	0	0	0	0	0	0	0	0	0	0	0	0	0	0	0	922	12984	2982	25446	0	366	208	1570	980	2938	10046	14074	14002	0	1434	9000	0	2266	0	98	704	454	5988	14184	4894	0	
87904	Cerebelum_9_L	0	0	0	0	0	0	0	0	0	0	0	0	0	0	0	0	0	0	0	0	0	0	0	0	0	0	0	0	0	0	0	0	0	0	0	0	0	0	0	0	0	0	0	0	0	0	336	90	0	0	0	0	0	0	0	0	0	0	0	0	0	0	0	0	0	0	0	0	0	0	0	0	0	0	0	0	0	0	0	0	0	0	0	0	0	0	0	0	0	0	702	770	1192	334	0	272	4070	728	3384	1308	1994	0	8906	1434	0	2286	2612	0	600	732	2700	2906	662	1410	3498	1026	
93700	Cerebelum_9_R	0	0	0	0	0	0	0	0	0	0	0	0	0	0	0	0	0	0	0	0	0	0	0	0	0	0	0	0	0	0	0	0	0	0	0	0	0	0	0	0	0	0	0	0	0	0	0	202	0	0	0	0	0	0	0	0	0	0	0	0	0	0	0	0	0	0	0	0	0	0	0	0	0	0	0	0	0	0	0	0	0	0	0	0	0	0	0	0	0	0	0	708	130	340	150	1602	656	2666	138	1442	848	0	3184	9000	2286	0	0	3230	692	1342	2894	1792	1008	4446	6532	1562	
10460	Cerebelum_10_L	0	0	0	0	0	0	0	0	0	0	0	0	0	0	0	0	0	0	0	0	0	0	0	0	0	0	0	0	0	0	0	0	0	0	0	0	0	0	0	0	0	0	0	0	0	0	0	0	0	0	0	0	0	0	0	0	0	0	0	0	0	0	0	0	0	0	0	0	0	0	0	0	0	0	0	0	0	0	0	0	0	0	0	0	0	0	0	0	0	0	180	0	0	0	0	0	444	0	0	0	318	0	1676	0	2612	0	0	0	0	0	0	0	0	0	0	0	
13816	Cerebelum_10_R	0	0	0	0	0	0	0	0	0	0	0	0	0	0	0	0	0	0	0	0	0	0	0	0	0	0	0	0	0	0	0	0	0	0	0	0	0	0	0	0	0	0	0	0	0	0	0	0	0	0	0	0	0	0	0	0	0	0	0	0	0	0	0	0	0	0	0	0	0	0	0	0	0	0	0	0	0	0	0	0	0	0	0	0	0	0	0	0	0	0	0	0	0	114	0	176	0	350	0	268	0	104	0	2266	0	3230	0	0	0	214	186	0	0	0	0	0	
26880	Vermis_1_2	0	0	0	0	0	0	0	0	0	0	0	0	0	0	0	0	0	0	0	0	0	0	0	0	0	0	0	0	0	0	0	0	0	0	0	0	0	0	0	0	0	0	0	0	0	0	0	0	0	0	0	0	0	0	0	0	0	0	0	0	0	0	0	0	0	0	0	0	0	0	0	0	0	0	0	0	0	0	0	0	0	0	0	0	0	0	0	0	0	0	0	0	90	0	924	480	1632	0	376	0	0	0	218	0	600	692	0	0	0	4986	2284	232	0	228	422	276	
39248	Vermis_3	0	0	0	0	0	0	0	0	0	0	0	0	0	0	0	0	0	0	0	0	0	0	0	0	0	0	0	0	0	0	0	0	0	0	0	0	0	0	0	0	0	0	0	0	0	0	0	0	0	0	0	0	0	0	0	0	0	0	0	0	0	0	0	0	0	0	0	0	0	0	0	0	0	0	0	0	0	0	0	0	0	0	0	0	0	0	0	0	0	0	0	0	0	0	1808	2186	2218	450	402	100	0	0	264	98	732	1342	0	214	4986	0	2946	356	136	390	642	354	
242152	Vermis_4_5	0	0	0	0	0	0	0	0	0	0	0	0	0	0	0	0	0	0	0	0	0	0	0	0	0	0	0	0	0	0	0	0	0	0	192	338	160	118	0	0	0	0	0	540	0	0	2016	7510	0	0	0	0	0	0	1658	4216	0	0	0	0	0	0	0	0	0	0	86	768	0	0	0	0	0	0	0	0	0	0	0	0	0	0	0	0	0	0	0	0	0	0	7652	9164	1116	1716	818	1308	16410	13898	11194	12490	270	156	838	704	2700	2894	0	186	2284	2946	0	7176	644	1214	2680	3016	
177040	Vermis_6	0	0	0	0	0	0	0	0	0	0	0	0	0	0	0	0	0	0	0	0	0	0	0	0	0	0	0	0	0	0	0	0	0	0	0	0	0	0	0	0	0	0	0	0	0	0	3672	5590	0	0	122	0	232	326	1746	3180	0	0	0	0	0	0	0	0	0	0	0	0	0	0	0	0	0	0	0	0	0	0	0	0	0	0	0	0	0	0	0	0	0	0	5268	7868	2784	2426	0	250	4824	2414	10864	10626	156	0	238	454	2906	1792	0	0	232	356	7176	0	6842	590	2786	2800	
228364	Vermis_7	0	0	0	0	0	0	0	0	0	0	0	0	0	0	0	0	0	0	0	0	0	0	0	0	0	0	0	0	0	0	0	0	0	0	0	0	0	0	0	0	0	0	0	0	0	0	2042	1140	0	0	0	0	162	98	1444	1000	0	0	0	0	0	0	0	0	0	0	0	0	0	0	0	0	0	0	0	0	0	0	0	0	0	0	0	0	0	0	0	0	0	0	7850	10018	13476	16888	0	190	430	696	6976	4838	8962	4506	9640	5988	662	1008	0	0	0	136	644	6842	0	7058	1368	120	
