data	data	474260	121160	1.18725e+06	911780	205608	114708	657992	218284	161160	52040	293096	207788	287000	139000	247444	112176	250644	162816	969436	1.0728e+06	88280	105908	405040	366728	37344	86252	61472	69760	563764	370588	347752	556656	177196	613024	125260	156972	202172	234844	66032	143588	24420	47372	227964	320032	201412	287756	264984	184096	191628	319008	507264	262464	157204	73580	219492	252744	315612	155240	117004	102952	250076	83340	132348	94936	150072	91552	265224	320232	216688	140544	311832	393064	334244	333524	43708	27940	115060	145684	78464	44972	228436	124260	90300	64424	361912	239000	22440	21380	282240	208820	315796	306880	237452	183288	20448	34828	166764	142616	316320	299944	165316	110976	224788	209404	86948	80872	24992	44740	15988	23592	102708	125576	137076	63256	51312	15248	
data	data	Precentral_L	Precentral_R	Frontal_Sup_L	Frontal_Sup_R	Frontal_Sup_Orb_L	Frontal_Sup_Orb_R	Frontal_Mid_L	Frontal_Mid_R	Frontal_Mid_Orb_L	Frontal_Mid_Orb_R	Frontal_Inf_Oper_L	Frontal_Inf_Oper_R	Frontal_Inf_Tri_L	Frontal_Inf_Tri_R	Frontal_Inf_Orb_L	Frontal_Inf_Orb_R	Rolandic_Oper_L	Rolandic_Oper_R	Supp_Motor_Area_L	Supp_Motor_Area_R	Olfactory_L	Olfactory_R	Frontal_Sup_Medial_L	Frontal_Sup_Medial_R	Frontal_Med_Orb_L	Frontal_Med_Orb_R	Rectus_L	Rectus_R	Insula_L	Insula_R	Cingulum_Ant_L	Cingulum_Ant_R	Cingulum_Mid_L	Cingulum_Mid_R	Cingulum_Post_L	Cingulum_Post_R	Hippocampus_L	Hippocampus_R	ParaHippocampal_L	ParaHippocampal_R	Amygdala_L	Amygdala_R	Calcarine_L	Calcarine_R	Cuneus_L	Cuneus_R	Lingual_L	Lingual_R	Occipital_Sup_L	Occipital_Sup_R	Occipital_Mid_L	Occipital_Mid_R	Occipital_Inf_L	Occipital_Inf_R	Fusiform_L	Fusiform_R	Postcentral_L	Postcentral_R	Parietal_Sup_L	Parietal_Sup_R	Parietal_Inf_L	Parietal_Inf_R	SupraMarginal_L	SupraMarginal_R	Angular_L	Angular_R	Precuneus_L	Precuneus_R	Paracentral_Lobule_L	Paracentral_Lobule_R	Caudate_L	Caudate_R	Putamen_L	Putamen_R	Pallidum_L	Pallidum_R	Thalamus_L	Thalamus_R	Heschl_L	Heschl_R	Temporal_Sup_L	Temporal_Sup_R	Temporal_Pole_Sup_L	Temporal_Pole_Sup_R	Temporal_Mid_L	Temporal_Mid_R	Temporal_Pole_Mid_L	Temporal_Pole_Mid_R	Temporal_Inf_L	Temporal_Inf_R	Cerebelum_Crus1_L	Cerebelum_Crus1_R	Cerebelum_Crus2_L	Cerebelum_Crus2_R	Cerebelum_3_L	Cerebelum_3_R	Cerebelum_4_5_L	Cerebelum_4_5_R	Cerebelum_6_L	Cerebelum_6_R	Cerebelum_7b_L	Cerebelum_7b_R	Cerebelum_8_L	Cerebelum_8_R	Cerebelum_9_L	Cerebelum_9_R	Cerebelum_10_L	Cerebelum_10_R	Vermis_1_2	Vermis_3	Vermis_4_5	Vermis_6	Vermis_7	Vermis_8	Vermis_9	Vermis_10	
474260	Precentral_L	0	1630	17898	3112	288	0	29836	514	240	0	15350	0	3592	212	706	0	9946	302	10158	9986	0	0	1812	802	0	0	0	0	9770	422	1788	1932	1058	6356	3078	1992	3196	668	0	0	0	0	0	0	0	0	0	0	0	0	1598	0	122	0	0	0	39476	0	0	0	5510	0	2606	0	324	0	170	0	26388	1466	4014	1458	3986	0	0	0	4192	594	2534	0	1782	0	0	0	2378	0	0	0	1888	0	0	0	0	0	0	0	0	0	0	0	0	0	0	0	0	0	0	0	0	0	0	0	0	0	0	0	
121160	Precentral_R	1630	0	888	3332	0	0	230	11278	0	0	0	3998	0	0	0	0	0	1278	1574	1962	0	0	0	0	0	0	0	0	110	496	0	108	0	420	0	114	0	1766	0	0	0	0	0	256	0	170	0	0	0	968	0	1406	0	0	0	0	198	14020	0	272	0	1202	0	1930	0	656	0	526	1464	1472	1204	1530	0	836	0	164	388	1850	0	0	0	0	0	0	0	412	0	0	0	472	0	0	0	0	0	0	0	0	0	0	0	0	0	0	0	0	0	0	0	0	0	0	0	0	0	0	
1.18725e+06	Frontal_Sup_L	17898	888	0	22296	14450	110	98916	2476	9702	0	18410	1238	22406	838	14602	0	13192	208	106792	32670	424	0	50496	9994	158	0	0	0	38004	934	18918	13708	7208	12836	0	0	3096	304	370	0	0	0	0	0	0	0	0	0	0	0	0	0	0	0	150	0	6670	0	0	0	1990	0	966	0	0	0	0	158	258	0	13942	2810	21504	516	3522	0	1364	0	714	0	1444	0	3306	0	244	0	0	0	526	0	0	0	0	0	0	0	0	0	0	0	0	0	0	0	0	0	0	0	0	0	0	0	0	0	0	0	
911780	Frontal_Sup_R	3112	3332	22296	0	136	6802	6694	29676	0	1076	1712	15998	1088	8190	172	4708	0	12972	28492	85018	0	108	12736	40682	0	4712	0	288	1104	22304	8224	41906	1370	29428	0	0	0	1720	0	182	0	0	0	0	0	0	0	0	0	0	0	0	0	0	0	0	772	746	0	0	136	0	0	0	0	0	0	0	2158	0	6254	22870	1910	17872	0	2142	138	4474	0	0	0	180	0	0	0	0	0	0	0	0	0	0	0	0	0	0	0	0	0	0	0	0	0	0	0	0	0	0	0	0	0	0	0	0	0	0	
205608	Frontal_Sup_Orb_L	288	0	14450	136	0	0	5804	0	16700	0	210	0	5360	0	17958	0	0	0	798	0	2862	878	4014	180	3730	0	6992	514	9718	0	4854	112	0	0	0	0	0	0	0	0	122	0	0	0	0	0	0	0	0	0	0	0	0	0	0	0	0	0	0	0	0	0	0	0	0	0	0	0	0	0	2170	546	4018	0	0	0	0	0	0	0	0	0	390	0	0	0	0	0	0	0	0	0	0	0	0	0	0	0	0	0	0	0	0	0	0	0	0	0	0	0	0	0	0	0	0	0	
114708	Frontal_Sup_Orb_R	0	0	110	6802	0	0	0	752	0	6784	0	0	0	640	0	6720	0	0	240	2496	144	680	152	3504	202	7076	0	5896	0	1500	780	3980	0	586	0	0	0	0	0	0	0	0	0	0	0	0	0	0	0	0	0	0	0	0	0	0	0	0	0	0	0	0	0	0	0	0	0	0	0	0	0	3994	0	4316	0	0	0	0	0	0	0	0	0	0	0	0	0	0	0	0	0	0	0	0	0	0	0	0	0	0	0	0	0	0	0	0	0	0	0	0	0	0	0	0	0	0	
657992	Frontal_Mid_L	29836	230	98916	6694	5804	0	0	776	7244	0	15036	316	25858	426	8840	0	6616	274	24384	8402	0	0	26492	5014	0	0	0	0	16248	580	7988	6460	2222	7032	0	0	124	124	0	0	0	0	0	0	0	0	0	0	0	0	0	0	0	0	0	0	5530	0	0	0	676	0	380	0	0	0	0	0	122	0	4308	456	4642	0	0	0	128	0	0	0	338	0	480	0	0	0	0	0	0	0	0	0	0	0	0	0	0	0	0	0	0	0	0	0	0	0	0	0	0	0	0	0	0	0	0	0	
218284	Frontal_Mid_R	514	11278	2476	29676	0	752	776	0	0	586	360	9048	156	10392	0	3332	164	5404	3590	3422	0	0	530	2570	0	0	0	0	372	5854	148	1982	182	2544	0	0	0	2004	0	126	0	0	0	0	0	0	0	0	0	0	0	0	0	0	0	0	194	3822	0	0	0	148	0	108	0	0	0	0	192	0	1942	622	0	2158	0	472	0	1246	0	0	0	0	0	0	0	0	0	0	0	0	0	0	0	0	0	0	0	0	0	0	0	0	0	0	0	0	0	0	0	0	0	0	0	0	0	0	
161160	Frontal_Mid_Orb_L	240	0	9702	0	16700	0	7244	0	0	0	240	0	6764	0	22040	0	0	0	884	0	450	356	1070	138	436	0	1814	238	8606	0	558	0	0	0	0	0	0	0	0	0	0	0	0	0	0	0	0	0	0	0	0	0	0	0	0	0	0	0	0	0	0	0	0	0	0	0	0	0	0	0	590	212	1984	0	0	0	0	0	0	0	0	0	314	0	0	0	0	0	0	0	0	0	0	0	0	0	0	0	0	0	0	0	0	0	0	0	0	0	0	0	0	0	0	0	0	0	
52040	Frontal_Mid_Orb_R	0	0	0	1076	0	6784	0	586	0	0	0	180	0	400	0	9700	0	0	0	784	0	0	0	0	0	312	0	566	0	1306	0	0	0	0	0	0	0	0	0	0	0	0	0	0	0	0	0	0	0	0	0	0	0	0	0	0	0	0	0	0	0	0	0	0	0	0	0	0	0	0	0	632	0	3694	0	0	0	0	0	0	0	0	0	0	0	0	0	0	0	0	0	0	0	0	0	0	0	0	0	0	0	0	0	0	0	0	0	0	0	0	0	0	0	0	0	0	
293096	Frontal_Inf_Oper_L	15350	0	18410	1712	210	0	15036	360	240	0	0	114	17718	0	710	0	15514	0	15432	2426	0	0	384	306	0	0	0	0	18224	110	1530	1254	394	1370	0	0	196	0	0	0	0	0	0	0	0	0	0	0	0	0	0	0	0	0	0	0	8130	0	0	0	570	0	380	0	0	0	0	0	224	0	1194	200	1152	0	0	0	120	0	1644	0	1302	0	4316	0	148	0	0	0	168	0	0	0	0	0	0	0	0	0	0	0	0	0	0	0	0	0	0	0	0	0	0	0	0	0	0	0	
207788	Frontal_Inf_Oper_R	0	3998	1238	15998	0	0	316	9048	0	180	114	0	0	4890	0	530	114	10560	1602	11404	0	0	0	946	0	0	0	0	212	21818	140	1226	0	1042	0	124	0	2422	0	314	0	0	0	0	0	0	0	0	0	0	0	136	0	0	0	464	0	1528	0	0	0	178	0	272	0	0	0	0	0	174	1482	370	0	8528	0	524	0	958	0	0	0	446	0	174	0	188	0	0	0	236	0	0	0	0	0	0	0	0	0	0	0	0	0	0	0	0	0	0	0	0	0	0	0	0	0	0	
287000	Frontal_Inf_Tri_L	3592	0	22406	1088	5360	0	25858	156	6764	0	17718	0	0	0	14398	0	2088	0	4798	1312	234	0	1908	264	0	0	0	0	26248	0	3890	882	406	544	0	0	0	0	0	0	112	0	0	0	0	0	0	0	0	0	0	0	0	0	0	0	972	0	0	0	0	0	0	0	0	0	0	0	0	0	392	0	1160	0	0	0	0	0	0	0	0	0	950	0	0	0	0	0	0	0	0	0	0	0	0	0	0	0	0	0	0	0	0	0	0	0	0	0	0	0	0	0	0	0	0	0	
139000	Frontal_Inf_Tri_R	212	0	838	8190	0	640	426	10392	0	400	0	4890	0	0	0	5036	0	868	2326	5840	0	0	1428	3136	0	0	0	0	0	12944	162	3392	336	4968	0	0	0	322	0	0	0	0	0	0	0	0	0	0	0	0	0	0	0	0	0	0	0	0	0	0	0	0	0	0	0	0	0	0	0	0	276	282	0	1916	0	138	0	142	0	0	0	0	0	0	0	0	0	0	0	0	0	0	0	0	0	0	0	0	0	0	0	0	0	0	0	0	0	0	0	0	0	0	0	0	0	0	
247444	Frontal_Inf_Orb_L	706	0	14602	172	17958	0	8840	0	22040	0	710	0	14398	0	0	0	114	0	1788	134	2200	472	1468	214	216	0	2250	210	24478	0	2180	124	128	150	0	0	200	0	0	0	332	0	0	0	0	0	0	0	0	0	0	0	0	0	0	0	0	0	0	0	0	0	0	0	0	0	0	0	0	0	1772	346	2968	0	0	0	0	0	0	0	0	0	2552	0	0	0	0	0	0	0	0	0	0	0	0	0	0	0	0	0	0	0	0	0	0	0	0	0	0	0	0	0	0	0	0	0	
112176	Frontal_Inf_Orb_R	0	0	0	4708	0	6720	0	3332	0	9700	0	530	0	5036	0	0	0	0	818	2446	234	2174	0	0	0	0	0	1372	0	10478	0	198	0	892	0	0	0	0	0	240	0	292	0	0	0	0	0	0	0	0	0	0	0	0	0	0	0	0	0	0	0	0	0	0	0	0	0	0	0	0	0	844	0	5274	0	0	0	0	0	0	0	0	0	800	0	0	0	0	0	0	0	0	0	0	0	0	0	0	0	0	0	0	0	0	0	0	0	0	0	0	0	0	0	0	0	0	
250644	Rolandic_Oper_L	9946	0	13192	0	0	0	6616	164	0	0	15514	114	2088	0	114	0	0	0	11184	140	0	0	0	0	0	0	0	0	20414	0	0	0	0	0	0	0	522	0	0	0	0	0	160	0	0	0	0	0	0	0	2422	0	226	0	0	0	11892	0	0	0	1826	0	1700	0	1216	0	162	0	672	0	494	0	924	0	0	0	400	0	6274	0	7092	0	4118	0	3954	0	0	0	1782	0	0	0	0	0	0	0	0	0	0	0	0	0	0	0	0	0	0	0	0	0	0	0	0	0	0	0	
162816	Rolandic_Oper_R	302	1278	208	12972	0	0	274	5404	0	0	0	10560	0	868	0	0	0	0	272	8428	0	0	0	218	0	0	0	0	0	16922	0	246	0	278	0	0	0	1992	0	0	0	0	0	0	0	0	0	0	0	120	0	154	0	0	0	0	0	2912	0	0	0	0	0	3358	0	0	0	0	0	0	812	640	0	2972	0	0	0	378	0	3460	0	4324	0	420	0	1018	0	0	0	618	0	0	0	0	0	0	0	0	0	0	0	0	0	0	0	0	0	0	0	0	0	0	0	0	0	0	
969436	Supp_Motor_Area_L	10158	1574	106792	28492	798	240	24384	3590	884	0	15432	1602	4798	2326	1788	818	11184	272	0	65580	0	0	11108	8470	0	262	0	0	21170	2022	10174	17258	9920	32520	118	726	3896	406	322	0	0	0	0	248	0	432	0	0	0	188	0	148	0	0	128	0	5206	128	0	224	1266	0	618	0	0	0	0	1354	6300	532	18956	4186	22430	706	6602	0	10408	0	700	0	1346	0	2996	0	124	0	0	0	408	0	0	0	0	0	0	0	0	0	0	0	0	0	0	0	0	0	0	0	0	0	0	0	0	0	0	0	
1.0728e+06	Supp_Motor_Area_R	9986	1962	32670	85018	0	2496	8402	3422	0	784	2426	11404	1312	5840	134	2446	140	8428	65580	0	0	202	4020	13756	0	1626	0	0	1366	16066	4318	33338	3150	61938	1542	8258	164	2116	0	242	0	0	0	1316	0	2468	0	0	0	2380	0	2058	0	0	0	130	1744	1948	0	1850	296	548	114	176	0	632	234	8666	9802	17832	8146	37864	3112	17326	154	2786	170	18452	0	0	0	156	0	0	0	974	0	0	0	512	0	0	0	0	0	0	0	0	0	0	0	0	0	0	0	0	0	0	0	0	0	0	0	0	0	0	
88280	Olfactory_L	0	0	424	0	2862	144	0	0	450	0	0	0	234	0	2200	234	0	0	0	0	0	6038	0	0	620	0	2926	2522	1728	112	3076	1592	0	0	0	0	502	0	0	0	1116	0	0	0	0	0	0	0	0	0	0	0	0	0	224	0	0	0	0	0	0	0	0	0	0	0	0	0	0	0	7046	4424	4250	990	202	0	0	0	0	0	0	0	224	0	0	0	0	0	0	0	0	0	0	0	0	0	0	0	0	0	0	0	0	0	0	0	0	0	0	0	0	0	0	0	0	0	
105908	Olfactory_R	0	0	0	108	878	680	0	0	356	0	0	0	0	0	472	2174	0	0	0	202	6038	0	0	0	270	1274	1878	4790	184	2508	2212	2306	0	0	0	0	0	0	0	254	0	476	0	0	0	0	0	0	0	0	0	0	0	0	0	0	0	0	0	0	0	0	0	0	0	0	0	0	0	0	8046	8330	5194	2680	500	134	0	464	0	0	0	0	0	546	0	0	0	0	0	0	0	0	0	0	0	0	0	0	0	0	0	0	0	0	0	0	0	0	0	0	0	0	0	0	0	0	
405040	Frontal_Sup_Medial_L	1812	0	50496	12736	4014	152	26492	530	1070	0	384	0	1908	1428	1468	0	0	0	11108	4020	0	0	0	21192	1004	356	0	0	1532	1126	18954	14544	8896	16592	0	0	0	0	0	0	0	0	0	0	0	0	0	0	0	0	0	0	0	0	0	0	216	0	0	0	0	0	0	0	0	0	0	0	0	0	190	0	300	0	0	0	0	0	0	0	0	0	0	0	0	0	0	0	0	0	0	0	0	0	0	0	0	0	0	0	0	0	0	0	0	0	0	0	0	0	0	0	0	0	0	0	
366728	Frontal_Sup_Medial_R	802	0	9994	40682	180	3504	5014	2570	138	0	306	946	264	3136	214	0	0	218	8470	13756	0	0	21192	0	224	4614	0	212	660	3554	7116	25416	1292	23088	0	0	0	0	0	0	0	0	0	0	0	0	0	0	0	0	0	0	0	0	0	0	170	0	0	0	0	0	0	0	0	0	0	0	0	0	292	3774	132	1434	0	0	0	0	0	0	0	0	0	0	0	0	0	0	0	0	0	0	0	0	0	0	0	0	0	0	0	0	0	0	0	0	0	0	0	0	0	0	0	0	0	0	
37344	Frontal_Med_Orb_L	0	0	158	0	3730	202	0	0	436	0	0	0	0	0	216	0	0	0	0	0	620	270	1004	224	0	1278	2902	400	128	0	4716	0	0	0	0	0	0	0	0	0	0	0	0	0	0	0	0	0	0	0	0	0	0	0	0	0	0	0	0	0	0	0	0	0	0	0	0	0	0	0	694	154	1540	0	0	0	0	0	0	0	0	0	0	0	0	0	0	0	0	0	0	0	0	0	0	0	0	0	0	0	0	0	0	0	0	0	0	0	0	0	0	0	0	0	0	0	
86252	Frontal_Med_Orb_R	0	0	0	4712	0	7076	0	0	0	312	0	0	0	0	0	0	0	0	262	1626	0	1274	356	4614	1278	0	0	5554	0	200	2718	5636	0	640	0	0	0	0	0	0	0	0	0	0	0	0	0	0	0	0	0	0	0	0	0	0	0	0	0	0	0	0	0	0	0	0	0	0	0	0	0	3792	0	3076	0	0	0	0	0	0	0	0	0	0	0	0	0	0	0	0	0	0	0	0	0	0	0	0	0	0	0	0	0	0	0	0	0	0	0	0	0	0	0	0	0	0	
61472	Rectus_L	0	0	0	0	6992	0	0	0	1814	0	0	0	0	0	2250	0	0	0	0	0	2926	1878	0	0	2902	0	0	1044	484	0	3722	344	0	0	0	0	0	0	0	0	0	0	0	0	0	0	0	0	0	0	0	0	0	0	0	0	0	0	0	0	0	0	0	0	0	0	0	0	0	0	2914	1038	2188	240	0	0	0	0	0	0	0	0	0	0	0	0	0	0	0	0	0	0	0	0	0	0	0	0	0	0	0	0	0	0	0	0	0	0	0	0	0	0	0	0	0	0	
69760	Rectus_R	0	0	0	288	514	5896	0	0	238	566	0	0	0	0	210	1372	0	0	0	0	2522	4790	0	212	400	5554	1044	0	0	590	1120	1678	0	0	0	0	0	0	0	0	0	308	0	0	0	0	0	0	0	0	0	0	0	0	0	0	0	0	0	0	0	0	0	0	0	0	0	0	0	0	2066	3196	1066	1250	0	0	0	0	0	0	0	0	0	0	0	0	0	0	0	0	0	0	0	0	0	0	0	0	0	0	0	0	0	0	0	0	0	0	0	0	0	0	0	0	0	0	
563764	Insula_L	9770	110	38004	1104	9718	0	16248	372	8606	0	18224	212	26248	0	24478	0	20414	0	21170	1366	1728	184	1532	660	128	0	484	0	0	150	6804	1540	500	544	484	546	9016	306	946	0	1672	0	0	0	0	0	0	0	0	0	220	0	0	0	1722	0	6948	0	0	0	548	0	212	0	0	0	0	0	1244	0	2420	498	17184	0	156	0	2966	368	5978	0	5462	0	5814	0	2174	0	0	0	4700	0	0	0	0	0	0	0	0	0	0	0	0	0	0	0	0	0	0	0	0	0	0	0	0	0	0	0	
370588	Insula_R	422	496	934	22304	0	1500	580	5854	0	1306	110	21818	0	12944	0	10478	0	16922	2022	16066	112	2508	1126	3554	0	200	0	590	150	0	360	3308	216	4142	0	0	0	5524	0	1022	0	1162	0	0	0	0	0	0	0	174	0	234	0	0	0	1500	0	460	0	0	0	0	0	338	0	0	0	0	0	0	1090	1488	0	20870	0	352	0	896	0	2448	0	7326	0	4906	0	3232	0	108	0	2142	0	0	0	0	0	0	0	0	0	0	0	0	0	0	0	0	0	0	0	0	0	0	0	0	0	0	
347752	Cingulum_Ant_L	1788	0	18918	8224	4854	780	7988	148	558	0	1530	140	3890	162	2180	0	0	0	10174	4318	3076	2212	18954	7116	4716	2718	3722	1120	6804	360	0	22382	9130	4284	124	0	0	0	0	0	0	0	0	0	0	0	0	0	0	0	0	0	0	0	0	0	176	0	0	0	0	0	0	0	0	0	0	0	0	0	6312	4194	8672	1822	220	0	0	0	0	0	0	0	110	0	0	0	0	0	0	0	0	0	0	0	0	0	0	0	0	0	0	0	0	0	0	0	0	0	0	0	0	0	0	0	0	0	
556656	Cingulum_Ant_R	1932	108	13708	41906	112	3980	6460	1982	0	0	1254	1226	882	3392	124	198	0	246	17258	33338	1592	2306	14544	25416	0	5636	344	1678	1540	3308	22382	0	2484	33342	0	0	0	0	0	0	0	0	0	0	0	0	0	0	0	0	0	0	0	0	0	0	694	0	0	0	0	0	0	0	0	0	0	0	0	0	2218	21230	1600	9908	0	0	0	0	0	0	0	0	0	0	0	0	0	0	0	0	0	0	0	0	0	0	0	0	0	0	0	0	0	0	0	0	0	0	0	0	0	0	0	0	0	0	
177196	Cingulum_Mid_L	1058	0	7208	1370	0	0	2222	182	0	0	394	0	406	336	128	0	0	0	9920	3150	0	0	8896	1292	0	0	0	0	500	216	9130	2484	0	8766	1886	878	0	0	0	0	0	0	644	0	2932	0	192	0	2896	0	4362	0	140	0	0	0	562	0	988	132	324	0	0	0	600	0	8152	760	4478	766	0	0	0	0	0	0	0	0	0	0	0	0	0	0	248	0	0	0	0	0	0	0	0	0	0	0	0	0	0	0	0	0	0	0	0	0	0	0	0	0	0	0	0	0	0	0	
613024	Cingulum_Mid_R	6356	420	12836	29428	0	586	7032	2544	0	0	1370	1042	544	4968	150	892	0	278	32520	61938	0	0	16592	23088	0	640	0	0	544	4142	4284	33342	8766	0	2068	10640	0	408	0	0	0	0	0	1100	0	1522	0	0	0	1396	0	1170	0	0	0	0	890	188	0	704	0	0	0	0	0	0	662	8240	5700	11318	332	4186	176	554	0	0	0	0	0	0	0	0	0	0	0	642	0	0	0	314	0	0	0	0	0	0	0	0	0	0	0	0	0	0	0	0	0	0	0	0	0	0	0	0	0	0	
125260	Cingulum_Post_L	3078	0	0	0	0	0	0	0	0	0	0	0	0	0	0	0	0	0	118	1542	0	0	0	0	0	0	0	0	484	0	124	0	1886	2068	0	10868	6630	3110	2286	1426	0	0	3658	0	1500	270	2220	0	342	0	696	0	0	0	0	242	1516	0	130	0	0	0	0	0	0	0	7634	1458	5368	718	204	0	310	0	0	0	698	1426	258	0	0	0	0	0	234	0	0	0	128	0	0	0	0	0	0	0	0	0	0	0	0	0	0	0	0	0	0	0	0	0	0	0	0	0	0	0	
156972	Cingulum_Post_R	1992	114	0	0	0	0	0	0	0	0	0	124	0	0	0	0	0	0	726	8258	0	0	0	0	0	0	0	0	546	0	0	0	878	10640	10868	0	5466	3506	2082	1430	0	0	0	2246	0	1686	592	998	0	1510	0	836	0	0	0	234	284	600	0	290	0	0	0	0	0	0	1324	9530	1674	4166	260	0	440	0	0	0	1460	1398	266	0	0	0	0	0	0	1304	0	0	0	758	0	0	0	0	0	0	0	0	0	0	0	0	0	0	0	0	0	0	0	0	0	0	0	0	0	0	
202172	Hippocampus_L	3196	0	3096	0	0	0	124	0	0	0	196	0	0	0	200	0	522	0	3896	164	502	0	0	0	0	0	0	0	9016	0	0	0	0	0	6630	5466	0	3672	9560	1576	4398	0	2054	0	0	0	4882	0	0	0	668	0	416	0	6580	292	742	0	0	0	0	0	0	0	0	0	3186	324	1506	0	966	0	5916	144	448	0	5974	2370	1730	0	1642	0	1232	0	502	0	0	0	7298	0	0	0	0	0	0	0	0	0	0	0	0	0	0	0	0	0	0	0	0	0	0	0	0	0	0	0	
234844	Hippocampus_R	668	1766	304	1720	0	0	124	2004	0	0	0	2422	0	322	0	0	0	1992	406	2116	0	0	0	0	0	0	0	0	306	5524	0	0	0	408	3110	3506	3672	0	1888	19804	0	7288	0	0	0	0	634	1562	0	0	0	0	0	550	0	18422	302	748	0	0	0	0	0	0	0	0	360	1660	460	142	178	122	428	11408	0	814	886	7296	0	646	0	1518	0	1692	0	1404	0	0	0	6562	0	0	0	0	0	0	0	278	0	0	0	0	0	0	0	0	0	0	0	0	0	0	0	0	0	0	
66032	ParaHippocampal_L	0	0	370	0	0	0	0	0	0	0	0	0	0	0	0	0	0	0	322	0	0	0	0	0	0	0	0	0	946	0	0	0	0	0	2286	2082	9560	1888	0	848	978	0	414	0	0	0	3578	0	0	0	382	0	892	0	2488	156	0	0	0	0	0	0	0	0	0	0	1174	188	0	0	0	0	1020	0	0	0	378	870	0	0	246	0	230	0	148	0	0	0	1054	0	0	0	0	0	276	0	242	0	0	0	0	0	0	0	0	0	0	0	0	0	0	0	0	0	0	0	
143588	ParaHippocampal_R	0	0	0	182	0	0	0	126	0	0	0	314	0	0	0	240	0	0	0	242	0	254	0	0	0	0	0	0	0	1022	0	0	0	0	1426	1430	1576	19804	848	0	0	6220	0	458	0	0	332	2902	0	0	0	0	0	1786	0	16718	0	0	0	0	0	0	0	0	0	0	120	1794	0	0	0	0	0	2382	0	198	0	3138	0	130	0	434	0	1632	0	544	0	664	0	2906	0	574	0	0	0	0	0	804	0	594	0	0	0	0	0	0	0	0	0	0	0	0	0	0	0	0	
24420	Amygdala_L	0	0	0	0	122	0	0	0	0	0	0	0	112	0	332	0	0	0	0	0	1116	0	0	0	0	0	0	0	1672	0	0	0	0	0	0	0	4398	0	978	0	0	0	0	0	0	0	0	0	0	0	0	0	0	0	1694	0	0	0	0	0	0	0	0	0	0	0	0	0	0	0	0	0	258	0	0	0	0	0	0	0	0	0	776	0	0	0	142	0	610	0	0	0	0	0	0	0	0	0	0	0	0	0	0	0	0	0	0	0	0	0	0	0	0	0	0	0	
47372	Amygdala_R	0	0	0	0	0	0	0	0	0	0	0	0	0	0	0	292	0	0	0	0	0	476	0	0	0	0	0	308	0	1162	0	0	0	0	0	0	0	7288	0	6220	0	0	0	0	0	0	0	0	0	0	0	0	0	0	0	5308	0	0	0	0	0	0	0	0	0	0	0	0	0	0	0	280	0	214	0	0	0	570	0	0	0	0	0	1568	0	0	0	0	0	0	0	0	0	0	0	0	0	0	0	0	0	0	0	0	0	0	0	0	0	0	0	0	0	0	0	0	
227964	Calcarine_L	0	0	0	0	0	0	0	0	0	0	0	0	0	0	0	0	160	0	0	0	0	0	0	0	0	0	0	0	0	0	0	0	644	0	3658	0	2054	0	414	0	0	0	0	8004	13942	3912	12210	3428	9748	1206	22784	418	7102	0	3398	0	130	0	368	0	0	0	0	0	154	0	13676	280	312	0	0	0	0	0	0	0	0	0	0	0	400	0	0	0	3228	0	0	0	2352	0	0	0	0	0	0	0	0	0	0	0	0	0	0	0	0	0	0	0	0	0	0	0	0	0	0	0	
320032	Calcarine_R	0	256	0	0	0	0	0	0	0	0	0	0	0	0	0	0	0	0	248	1316	0	0	0	0	0	0	0	0	0	0	0	0	0	1100	0	2246	0	0	0	458	0	0	8004	0	8458	31614	1938	18918	114	26248	0	16414	0	6072	0	5020	0	556	0	534	0	0	0	178	0	174	550	19632	0	1184	0	0	0	0	0	0	0	0	0	0	0	166	0	0	0	5004	0	0	0	2668	0	0	0	0	0	0	0	0	0	826	0	0	0	0	0	0	0	0	0	0	120	0	0	0	0	0	
201412	Cuneus_L	0	0	0	0	0	0	0	0	0	0	0	0	0	0	0	0	0	0	0	0	0	0	0	0	0	0	0	0	0	0	0	0	2932	0	1500	0	0	0	0	0	0	0	13942	8458	0	10552	724	602	22236	4148	16394	1524	998	0	230	0	0	0	720	0	0	0	0	0	0	0	11840	1918	408	0	0	0	0	0	0	0	0	0	0	0	154	0	0	0	930	0	0	0	372	0	0	0	0	0	0	0	0	0	0	124	0	0	0	0	0	0	0	0	0	0	0	0	0	0	0	0	
287756	Cuneus_R	0	170	0	0	0	0	0	0	0	0	0	0	0	0	0	0	0	0	432	2468	0	0	0	0	0	0	0	0	0	0	0	0	0	1522	270	1686	0	0	0	0	0	0	3912	31614	10552	0	282	3830	116	36088	0	13898	0	536	0	322	0	2292	0	4056	0	0	0	0	0	120	3004	22540	0	2340	0	0	0	0	0	0	0	0	0	0	0	0	0	0	0	1192	0	0	0	244	0	0	0	0	0	0	0	0	0	392	0	0	0	0	0	0	0	0	0	0	0	0	0	0	0	0	
264984	Lingual_L	0	0	0	0	0	0	0	0	0	0	0	0	0	0	0	0	0	0	0	0	0	0	0	0	0	0	0	0	0	0	0	0	192	0	2220	592	4882	634	3578	332	0	0	12210	1938	724	282	0	2814	1116	158	9350	0	12146	0	14994	918	0	0	0	0	0	0	0	0	0	0	7374	156	0	0	0	0	0	0	0	0	0	272	0	0	178	0	0	0	2304	0	0	0	2932	0	6066	1762	906	296	210	0	8642	292	16482	3098	156	0	400	694	198	322	258	0	0	0	2464	4604	2698	272	252	124	
184096	Lingual_R	0	0	0	0	0	0	0	0	0	0	0	0	0	0	0	0	0	0	0	0	0	0	0	0	0	0	0	0	0	0	0	0	0	0	0	998	0	1562	0	2902	0	0	3428	18918	602	3830	2814	0	0	5420	0	2442	0	5360	228	12354	0	0	0	0	0	0	0	0	0	0	0	5724	0	0	0	0	0	0	0	0	0	236	0	0	0	0	0	0	0	222	0	0	0	878	276	1920	0	0	0	0	482	2522	2210	7056	0	0	0	418	324	206	112	252	0	0	1362	4658	1792	256	284	0	
191628	Occipital_Sup_L	0	0	0	0	0	0	0	0	0	0	0	0	0	0	0	0	0	0	0	0	0	0	0	0	0	0	0	0	0	0	0	0	2896	0	342	0	0	0	0	0	0	0	9748	114	22236	116	1116	0	0	0	31094	0	2380	0	460	0	0	0	6118	0	1292	0	158	0	1994	0	12182	482	926	0	0	0	0	0	0	0	0	0	0	0	282	0	0	0	1530	0	0	0	348	0	0	0	0	0	0	0	0	0	0	0	0	0	0	0	0	0	0	0	0	0	0	0	0	0	0	0	
319008	Occipital_Sup_R	0	968	0	0	0	0	0	0	0	0	0	0	0	0	0	0	0	120	188	2380	0	0	0	0	0	0	0	0	0	174	0	0	0	1396	0	1510	0	0	0	0	0	0	1206	26248	4148	36088	158	5420	0	0	0	34870	0	2532	0	1278	0	4250	0	8534	0	706	0	366	0	3482	688	16042	0	2800	0	0	0	0	0	0	0	0	0	0	0	0	0	0	0	2700	0	0	0	878	0	0	0	0	0	0	0	0	0	374	0	0	0	0	0	0	0	0	0	0	0	0	0	0	0	0	
507264	Occipital_Mid_L	1598	0	0	0	0	0	0	0	0	0	0	0	0	0	0	0	2422	0	0	0	0	0	0	0	0	0	0	0	220	0	0	0	4362	0	696	0	668	0	382	0	0	0	22784	0	16394	0	9350	0	31094	0	0	0	22584	0	7066	0	2618	0	16640	0	20006	0	3742	0	19124	0	19992	122	4092	0	0	0	0	0	0	0	0	0	692	0	5318	0	0	0	29462	0	0	0	12204	0	0	0	0	0	0	0	0	0	0	0	0	0	0	0	0	0	0	0	0	0	0	0	0	0	0	0	
262464	Occipital_Mid_R	0	1406	0	0	0	0	0	0	0	0	0	136	0	0	0	0	0	154	148	2058	0	0	0	0	0	0	0	0	0	234	0	0	0	1170	0	836	0	0	0	0	0	0	418	16414	1524	13898	0	2442	0	34870	0	0	0	4368	0	1138	0	3146	0	4360	0	1150	0	654	0	9694	342	10388	0	2386	0	0	0	0	0	0	0	0	0	0	0	336	0	0	0	13988	0	0	0	3342	0	0	0	0	0	0	0	0	0	232	0	0	0	0	0	0	0	0	0	0	0	0	0	0	0	0	
157204	Occipital_Inf_L	122	0	0	0	0	0	0	0	0	0	0	0	0	0	0	0	226	0	0	0	0	0	0	0	0	0	0	0	0	0	0	0	140	0	0	0	416	0	892	0	0	0	7102	0	998	0	12146	0	2380	0	22584	0	0	0	12586	0	108	0	524	0	306	0	384	0	214	0	2896	0	230	0	0	0	0	0	0	0	0	0	258	0	746	0	0	0	5618	0	0	0	6354	0	230	0	0	0	0	0	438	0	704	0	0	0	0	0	0	0	0	0	0	0	0	0	0	0	0	0	
73580	Occipital_Inf_R	0	0	0	0	0	0	0	0	0	0	0	0	0	0	0	0	0	0	0	0	0	0	0	0	0	0	0	0	0	0	0	0	0	0	0	0	0	550	0	1786	0	0	0	6072	0	536	0	5360	0	2532	0	4368	0	0	0	6844	0	0	0	0	0	0	0	0	0	0	0	1936	0	0	0	0	0	0	0	0	0	0	0	0	0	0	0	0	0	1592	0	0	0	3906	0	174	0	0	0	0	0	0	138	624	0	0	0	0	0	0	0	0	0	0	0	224	148	0	0	0	
219492	Fusiform_L	0	0	150	0	0	0	0	0	0	0	0	0	0	0	0	0	0	0	128	0	224	0	0	0	0	0	0	0	1722	0	0	0	0	0	0	0	6580	0	2488	0	1694	0	3398	0	230	0	14994	228	460	0	7066	0	12586	0	0	192	0	0	150	0	0	0	0	0	0	0	1570	0	0	0	0	0	696	0	0	0	138	0	290	0	1276	0	760	0	1268	0	328	0	11868	0	11162	154	1486	0	0	0	7142	0	16374	350	236	0	484	0	0	0	0	0	0	0	968	652	254	0	0	0	
252744	Fusiform_R	0	0	0	0	0	0	0	0	0	0	0	464	0	0	0	0	0	0	0	130	0	0	0	0	0	0	0	0	0	1500	0	0	0	0	242	234	292	18422	156	16718	0	5308	0	5020	0	322	918	12354	0	1278	0	1138	0	6844	192	0	0	0	0	0	0	0	0	0	0	0	0	2176	0	0	0	0	0	3804	0	0	0	1092	0	198	0	1312	0	3378	0	1854	0	2114	0	12928	232	5616	0	0	0	0	0	4108	1304	9728	0	0	0	266	0	0	0	0	0	0	280	2702	1170	280	298	0	
315612	Postcentral_L	39476	198	6670	772	0	0	5530	194	0	0	8130	0	972	0	0	0	11892	0	5206	1744	0	0	216	170	0	0	0	0	6948	0	176	694	562	890	1516	284	742	302	0	0	0	0	130	0	0	0	0	0	0	0	2618	0	108	0	0	0	0	0	4200	0	20574	0	9538	0	1504	0	1510	0	10368	0	806	0	1246	0	0	0	746	194	2408	0	4010	0	0	0	2736	0	0	0	1826	0	0	0	0	0	0	0	0	0	0	0	0	0	0	0	0	0	0	0	0	0	0	0	0	0	0	0	
155240	Postcentral_R	0	14020	0	746	0	0	0	3822	0	0	0	1528	0	0	0	0	0	2912	128	1948	0	0	0	0	0	0	0	0	0	460	0	0	0	188	0	600	0	748	0	0	0	0	0	556	0	2292	0	0	0	4250	0	3146	0	0	0	0	0	0	0	6866	0	6268	0	12152	0	910	156	7040	0	4348	0	132	0	486	0	0	0	228	0	168	0	370	0	0	0	588	0	0	0	564	0	0	0	0	0	0	0	0	0	0	0	0	0	0	0	0	0	0	0	0	0	0	0	0	0	0	
117004	Parietal_Sup_L	0	0	0	0	0	0	0	0	0	0	0	0	0	0	0	0	0	0	0	0	0	0	0	0	0	0	0	0	0	0	0	0	988	0	130	0	0	0	0	0	0	0	368	0	720	0	0	0	6118	0	16640	0	524	0	150	0	4200	0	0	0	13692	0	0	0	3064	0	10278	0	1370	0	0	0	0	0	0	0	0	0	0	0	0	0	0	0	260	0	0	0	0	0	0	0	0	0	0	0	0	0	0	0	0	0	0	0	0	0	0	0	0	0	0	0	0	0	0	0	
102952	Parietal_Sup_R	0	272	0	0	0	0	0	0	0	0	0	0	0	0	0	0	0	0	224	1850	0	0	0	0	0	0	0	0	0	0	0	0	132	704	0	290	0	0	0	0	0	0	0	534	0	4056	0	0	0	8534	0	4360	0	0	0	0	0	6866	0	0	0	4718	0	1090	0	3714	204	10638	0	2728	0	0	0	0	0	0	0	0	0	0	0	0	0	0	0	286	0	0	0	276	0	0	0	0	0	0	0	0	0	0	0	0	0	0	0	0	0	0	0	0	0	0	0	0	0	0	
250076	Parietal_Inf_L	5510	0	1990	136	0	0	676	0	0	0	570	0	0	0	0	0	1826	0	1266	296	0	0	0	0	0	0	0	0	548	0	0	0	324	0	0	0	0	0	0	0	0	0	0	0	0	0	0	0	1292	0	20006	0	306	0	0	0	20574	0	13692	0	0	0	18204	0	22318	0	1934	0	1418	0	364	0	110	0	0	0	0	0	282	0	2734	0	0	0	7166	0	0	0	1496	0	0	0	0	0	0	0	0	0	0	0	0	0	0	0	0	0	0	0	0	0	0	0	0	0	0	0	
83340	Parietal_Inf_R	0	1202	0	0	0	0	0	148	0	0	0	178	0	0	0	0	0	0	0	548	0	0	0	0	0	0	0	0	0	0	0	0	0	0	0	0	0	0	0	0	0	0	0	0	0	0	0	0	0	706	0	1150	0	0	0	0	0	6268	0	4718	0	0	0	9742	0	12450	0	242	0	542	0	0	0	0	0	0	0	0	0	0	0	0	0	0	0	1834	0	0	0	1942	0	0	0	0	0	0	0	0	0	0	0	0	0	0	0	0	0	0	0	0	0	0	0	0	0	0	
132348	SupraMarginal_L	2606	0	966	0	0	0	380	0	0	0	380	0	0	0	0	0	1700	0	618	114	0	0	0	0	0	0	0	0	212	0	0	0	0	0	0	0	0	0	0	0	0	0	0	0	0	0	0	0	158	0	3742	0	384	0	0	0	9538	0	0	0	18204	0	0	0	9950	0	0	0	408	0	0	0	0	0	0	0	0	0	198	0	7018	0	0	0	8278	0	0	0	1320	0	0	0	0	0	0	0	0	0	0	0	0	0	0	0	0	0	0	0	0	0	0	0	0	0	0	0	
94936	SupraMarginal_R	0	1930	0	0	0	0	0	108	0	0	0	272	0	0	0	0	0	3358	0	176	0	0	0	0	0	0	0	0	0	338	0	0	0	0	0	0	0	0	0	0	0	0	0	178	0	0	0	0	0	366	0	654	0	0	0	0	0	12152	0	1090	0	9742	0	0	0	4520	0	0	0	148	0	0	0	0	0	0	0	0	0	1534	0	3508	0	0	0	3636	0	0	0	3758	0	0	0	0	0	0	0	0	0	0	0	0	0	0	0	0	0	0	0	0	0	0	0	0	0	0	
150072	Angular_L	324	0	0	0	0	0	0	0	0	0	0	0	0	0	0	0	1216	0	0	0	0	0	0	0	0	0	0	0	0	0	0	0	600	0	0	0	0	0	0	0	0	0	154	0	0	0	0	0	1994	0	19124	0	214	0	0	0	1504	0	3064	0	22318	0	9950	0	0	0	1884	0	404	0	0	0	0	0	0	0	0	0	0	0	3148	0	0	0	7550	0	0	0	1588	0	0	0	0	0	0	0	0	0	0	0	0	0	0	0	0	0	0	0	0	0	0	0	0	0	0	0	
91552	Angular_R	0	656	0	0	0	0	0	0	0	0	0	0	0	0	0	0	0	0	0	632	0	0	0	0	0	0	0	0	0	0	0	0	0	0	0	0	0	0	0	0	0	0	0	174	0	120	0	0	0	3482	0	9694	0	0	0	0	0	910	0	3714	0	12450	0	4520	0	0	0	242	0	638	0	0	0	0	0	0	0	0	0	0	0	952	0	0	0	5250	0	0	0	2342	0	0	0	0	0	0	0	0	0	0	0	0	0	0	0	0	0	0	0	0	0	0	0	0	0	0	
265224	Precuneus_L	170	0	0	0	0	0	0	0	0	0	0	0	0	0	0	0	162	0	0	234	0	0	0	0	0	0	0	0	0	0	0	0	8152	662	7634	1324	3186	360	1174	120	0	0	13676	550	11840	3004	7374	0	12182	688	19992	342	2896	0	1570	0	1510	156	10278	204	1934	0	0	0	1884	0	0	7768	4598	886	0	0	0	0	0	0	0	256	0	0	418	0	0	0	3230	0	0	0	2198	0	0	0	0	0	0	0	0	0	0	0	0	0	0	0	0	0	0	0	0	0	0	0	0	0	0	0	
320232	Precuneus_R	0	526	158	0	0	0	0	0	0	0	0	0	0	0	0	0	0	0	1354	8666	0	0	0	0	0	0	0	0	0	0	0	0	760	8240	1458	9530	324	1660	188	1794	0	0	280	19632	1918	22540	156	5724	482	16042	122	10388	0	1936	0	2176	0	7040	0	10638	0	242	0	0	0	242	7768	0	200	10374	0	244	0	0	0	0	0	348	0	0	0	0	0	0	0	3992	0	0	0	2354	0	0	0	0	0	0	0	224	0	0	0	0	0	0	0	0	0	0	0	0	396	0	0	0	0	0	
216688	Paracentral_Lobule_L	26388	1464	258	2158	0	0	122	192	0	0	224	0	0	0	0	0	672	0	6300	9802	0	0	0	0	0	0	0	0	1244	0	0	0	4478	5700	5368	1674	1506	460	0	0	0	0	312	0	408	0	0	0	926	0	4092	0	230	0	0	0	10368	0	1370	0	1418	0	408	0	404	0	4598	200	0	1920	1302	928	114	0	0	0	5798	268	0	0	704	0	0	0	2644	0	0	0	1922	0	0	0	0	0	0	0	0	0	0	0	0	0	0	0	0	0	0	0	0	0	0	0	0	0	0	0	
140544	Paracentral_Lobule_R	1466	1472	0	0	0	0	0	0	0	0	0	174	0	0	0	0	0	0	532	17832	0	0	0	0	0	0	0	0	0	0	0	0	766	11318	718	4166	0	142	0	0	0	0	0	1184	0	2340	0	0	0	2800	0	2386	0	0	0	0	0	4348	0	2728	0	542	0	148	0	638	886	10374	1920	0	0	0	0	0	0	0	0	0	0	0	0	0	0	0	0	956	0	0	0	436	0	0	0	0	0	0	0	0	0	0	0	0	0	0	0	0	0	0	0	0	0	0	0	0	0	0	
311832	Caudate_L	4014	1204	13942	6254	2170	0	4308	1942	590	0	1194	1482	392	276	1772	0	494	812	18956	8146	7046	8046	190	292	694	0	2914	2066	2420	1090	6312	2218	0	332	204	260	966	178	0	0	0	0	0	0	0	0	0	0	0	0	0	0	0	0	0	0	806	0	0	0	364	0	0	0	0	0	0	0	1302	0	0	12466	20098	3148	2326	0	11526	264	146	0	0	0	294	0	0	0	0	0	0	0	0	0	0	0	0	0	0	0	0	0	0	0	0	0	0	0	0	0	0	0	0	0	0	0	0	0	
393064	Caudate_R	1458	1530	2810	22870	546	3994	456	622	212	632	200	370	0	282	346	844	0	640	4186	37864	4424	8330	0	3774	154	3792	1038	3196	498	1488	4194	21230	0	4186	0	0	0	122	0	0	0	280	0	0	0	0	0	0	0	0	0	0	0	0	0	0	0	132	0	0	0	0	0	0	0	0	0	244	928	0	12466	0	7596	19888	470	2048	158	16034	0	0	0	0	0	0	0	0	0	0	0	0	0	0	0	0	0	0	0	0	0	0	0	0	0	0	0	0	0	0	0	0	0	0	0	0	0	0	
334244	Putamen_L	3986	0	21504	1910	4018	0	4642	0	1984	0	1152	0	1160	0	2968	0	924	0	22430	3112	4250	5194	300	132	1540	0	2188	1066	17184	0	8672	1600	0	176	310	440	5916	428	1020	0	258	0	0	0	0	0	0	0	0	0	0	0	0	0	696	0	1246	0	0	0	110	0	0	0	0	0	0	0	114	0	20098	7596	0	2380	6076	0	5392	610	160	0	714	0	710	0	0	0	0	0	756	0	0	0	0	0	0	0	0	0	0	0	0	0	0	0	0	0	0	0	0	0	0	0	0	0	0	0	
333524	Putamen_R	0	836	516	17872	0	4316	0	2158	0	3694	0	8528	0	1916	0	5274	0	2972	706	17326	990	2680	0	1434	0	3076	240	1250	0	20870	1822	9908	0	554	0	0	144	11408	0	2382	0	214	0	0	0	0	0	0	0	0	0	0	0	0	0	3804	0	486	0	0	0	0	0	0	0	0	0	0	0	0	3148	19888	2380	0	0	3170	152	3184	0	0	0	2058	0	2614	0	1266	0	0	0	1526	0	0	0	0	0	0	0	0	0	0	0	0	0	0	0	0	0	0	0	0	0	0	0	0	0	0	
43708	Pallidum_L	0	0	3522	0	0	0	0	0	0	0	0	0	0	0	0	0	0	0	6602	154	202	500	0	0	0	0	0	0	156	0	220	0	0	0	0	0	448	0	0	0	0	0	0	0	0	0	0	0	0	0	0	0	0	0	0	0	0	0	0	0	0	0	0	0	0	0	0	0	0	0	2326	470	6076	0	0	0	1178	0	0	0	0	0	0	0	0	0	0	0	0	0	0	0	0	0	0	0	0	0	0	0	0	0	0	0	0	0	0	0	0	0	0	0	0	0	0	0	
27940	Pallidum_R	0	164	0	2142	0	0	0	472	0	0	0	524	0	138	0	0	0	0	0	2786	0	134	0	0	0	0	0	0	0	352	0	0	0	0	0	0	0	814	0	198	0	0	0	0	0	0	0	0	0	0	0	0	0	0	0	0	0	0	0	0	0	0	0	0	0	0	0	0	0	0	0	2048	0	3170	0	0	0	1028	0	0	0	0	0	0	0	0	0	0	0	0	0	0	0	0	0	0	0	0	0	0	0	0	0	0	0	0	0	0	0	0	0	0	0	0	0	0	
115060	Thalamus_L	4192	388	1364	138	0	0	128	0	0	0	120	0	0	0	0	0	400	0	10408	170	0	0	0	0	0	0	0	0	2966	0	0	0	0	0	698	1460	5974	886	378	0	0	0	0	0	0	0	0	0	0	0	0	0	0	0	138	0	746	0	0	0	0	0	0	0	0	0	0	0	5798	0	11526	158	5392	152	1178	0	0	1408	418	0	302	0	0	0	132	0	0	0	512	0	0	0	0	0	0	0	0	0	0	0	0	0	0	0	0	0	0	0	0	0	0	0	0	0	0	0	
145684	Thalamus_R	594	1850	0	4474	0	0	0	1246	0	0	0	958	0	142	0	0	0	378	0	18452	0	464	0	0	0	0	0	0	368	896	0	0	0	0	1426	1398	2370	7296	870	3138	0	570	0	0	0	0	272	236	0	0	0	0	0	0	0	1092	194	228	0	0	0	0	0	0	0	0	256	348	268	0	264	16034	610	3184	0	1028	1408	0	0	0	0	0	0	0	0	0	0	0	0	530	0	0	0	0	0	0	0	0	0	0	0	0	0	0	0	0	0	0	0	0	0	0	0	0	0	0	
78464	Heschl_L	2534	0	714	0	0	0	0	0	0	0	1644	0	0	0	0	0	6274	0	700	0	0	0	0	0	0	0	0	0	5978	0	0	0	0	0	258	266	1730	0	0	0	0	0	0	0	0	0	0	0	0	0	692	0	258	0	290	0	2408	0	0	0	282	0	198	0	0	0	0	0	0	0	146	0	160	0	0	0	418	0	0	0	4992	0	0	0	5402	0	0	0	3888	0	0	0	0	0	0	0	0	0	0	0	0	0	0	0	0	0	0	0	0	0	0	0	0	0	0	0	
44972	Heschl_R	0	0	0	0	0	0	0	0	0	0	0	0	0	0	0	0	0	3460	0	0	0	0	0	0	0	0	0	0	0	2448	0	0	0	0	0	0	0	646	0	130	0	0	0	0	0	0	0	0	0	0	0	0	0	0	0	198	0	168	0	0	0	0	0	1534	0	0	0	0	0	0	0	0	0	0	0	0	0	0	0	0	0	7840	0	0	0	3618	0	0	0	2444	0	0	0	0	0	0	0	0	0	0	0	0	0	0	0	0	0	0	0	0	0	0	0	0	0	0	
228436	Temporal_Sup_L	1782	0	1444	0	0	0	338	0	0	0	1302	0	0	0	0	0	7092	0	1346	0	0	0	0	0	0	0	0	0	5462	0	0	0	0	0	0	0	1642	0	246	0	0	0	400	0	154	0	178	0	282	0	5318	0	746	0	1276	0	4010	0	0	0	2734	0	7018	0	3148	0	418	0	704	0	0	0	714	0	0	0	302	0	4992	0	0	0	3032	0	36480	0	168	0	21490	0	0	0	0	0	0	0	0	0	0	0	0	0	0	0	0	0	0	0	0	0	0	0	0	0	0	0	
124260	Temporal_Sup_R	0	0	0	180	0	0	0	0	0	0	0	446	0	0	0	0	0	4324	0	156	0	0	0	0	0	0	0	0	0	7326	0	0	0	0	0	0	0	1518	0	434	0	0	0	166	0	0	0	0	0	0	0	336	0	0	0	1312	0	370	0	0	0	0	0	3508	0	952	0	0	0	0	0	0	0	2058	0	0	0	0	0	7840	0	0	0	4184	0	18614	0	146	0	8260	0	0	0	0	0	0	0	0	0	0	0	0	0	0	0	0	0	0	0	0	0	0	0	0	0	0	
90300	Temporal_Pole_Sup_L	0	0	3306	0	390	0	480	0	314	0	4316	0	950	0	2552	0	4118	0	2996	0	224	0	0	0	0	0	0	0	5814	0	110	0	0	0	0	0	1232	0	230	0	776	0	0	0	0	0	0	0	0	0	0	0	0	0	760	0	0	0	0	0	0	0	0	0	0	0	0	0	0	0	294	0	710	0	0	0	0	0	0	0	3032	0	0	0	4880	0	5132	0	2534	0	0	0	0	0	0	0	0	0	0	0	0	0	0	0	0	0	0	0	0	0	0	0	0	0	0	0	
64424	Temporal_Pole_Sup_R	0	0	0	0	0	0	0	0	0	0	0	174	0	0	0	800	0	420	0	0	0	546	0	0	0	0	0	0	0	4906	0	0	0	0	0	0	0	1692	0	1632	0	1568	0	0	0	0	0	0	0	0	0	0	0	0	0	3378	0	0	0	0	0	0	0	0	0	0	0	0	0	0	0	0	0	2614	0	0	0	0	0	0	0	4184	0	0	0	4910	0	3258	0	2130	0	0	0	0	0	0	0	0	0	0	0	0	0	0	0	0	0	0	0	0	0	0	0	0	0	0	
361912	Temporal_Mid_L	2378	0	244	0	0	0	0	0	0	0	148	0	0	0	0	0	3954	0	124	0	0	0	0	0	0	0	0	0	2174	0	0	0	248	0	234	0	502	0	148	0	0	0	3228	0	930	0	2304	0	1530	0	29462	0	5618	0	1268	0	2736	0	260	0	7166	0	8278	0	7550	0	3230	0	2644	0	0	0	0	0	0	0	132	0	5402	0	36480	0	4880	0	0	0	3744	0	43960	0	0	0	0	0	0	0	0	0	0	0	0	0	0	0	0	0	0	0	0	0	0	0	0	0	0	0	
239000	Temporal_Mid_R	0	412	0	0	0	0	0	0	0	0	0	188	0	0	0	0	0	1018	0	974	0	0	0	0	0	0	0	0	0	3232	0	0	0	642	0	1304	0	1404	0	544	0	0	0	5004	0	1192	0	222	0	2700	0	13988	0	1592	0	1854	0	588	0	286	0	1834	0	3636	0	5250	0	3992	0	956	0	0	0	1266	0	0	0	0	0	3618	0	18614	0	4910	0	0	0	2284	0	35996	0	0	0	0	0	0	0	0	0	0	0	0	0	0	0	0	0	0	0	0	0	0	0	0	0	0	
22440	Temporal_Pole_Mid_L	0	0	0	0	0	0	0	0	0	0	0	0	0	0	0	0	0	0	0	0	0	0	0	0	0	0	0	0	0	0	0	0	0	0	0	0	0	0	0	0	142	0	0	0	0	0	0	0	0	0	0	0	0	0	328	0	0	0	0	0	0	0	0	0	0	0	0	0	0	0	0	0	0	0	0	0	0	0	0	0	168	0	5132	0	3744	0	0	0	1706	0	0	0	0	0	0	0	0	0	0	0	0	0	0	0	0	0	0	0	0	0	0	0	0	0	0	0	
21380	Temporal_Pole_Mid_R	0	0	0	0	0	0	0	0	0	0	0	0	0	0	0	0	0	0	0	0	0	0	0	0	0	0	0	0	0	108	0	0	0	0	0	0	0	0	0	664	0	0	0	0	0	0	0	0	0	0	0	0	0	0	0	2114	0	0	0	0	0	0	0	0	0	0	0	0	0	0	0	0	0	0	0	0	0	0	0	0	0	146	0	3258	0	2284	0	0	0	2116	0	0	0	0	0	0	0	0	0	0	0	0	0	0	0	0	0	0	0	0	0	0	0	0	0	0	
282240	Temporal_Inf_L	1888	0	526	0	0	0	0	0	0	0	168	0	0	0	0	0	1782	0	408	0	0	0	0	0	0	0	0	0	4700	0	0	0	0	0	128	0	7298	0	1054	0	610	0	2352	0	372	0	2932	0	348	0	12204	0	6354	0	11868	0	1826	0	0	0	1496	0	1320	0	1588	0	2198	0	1922	0	0	0	756	0	0	0	512	0	3888	0	21490	0	2534	0	43960	0	1706	0	0	0	794	0	0	0	0	0	0	0	138	0	0	0	0	0	0	0	0	0	0	0	0	0	0	0	0	0	
208820	Temporal_Inf_R	0	472	0	0	0	0	0	0	0	0	0	236	0	0	0	0	0	618	0	512	0	0	0	0	0	0	0	0	0	2142	0	0	0	314	0	758	0	6562	0	2906	0	0	0	2668	0	244	0	878	0	878	0	3342	0	3906	0	12928	0	564	0	276	0	1942	0	3758	0	2342	0	2354	0	436	0	0	0	1526	0	0	0	530	0	2444	0	8260	0	2130	0	35996	0	2116	0	0	0	264	0	0	0	0	0	0	0	0	0	0	0	108	0	0	0	0	0	0	0	0	0	0	0	0	
315796	Cerebelum_Crus1_L	0	0	0	0	0	0	0	0	0	0	0	0	0	0	0	0	0	0	0	0	0	0	0	0	0	0	0	0	0	0	0	0	0	0	0	0	0	0	0	0	0	0	0	0	0	0	6066	276	0	0	0	0	230	0	11162	232	0	0	0	0	0	0	0	0	0	0	0	0	0	0	0	0	0	0	0	0	0	0	0	0	0	0	0	0	0	0	0	0	794	0	0	2248	30788	1458	1118	0	13666	0	38372	2266	11454	198	20558	1808	3046	162	1054	0	0	0	1576	2186	5540	1118	522	0	
306880	Cerebelum_Crus1_R	0	0	0	0	0	0	0	0	0	0	0	0	0	0	0	0	0	0	0	0	0	0	0	0	0	0	0	0	0	0	0	0	0	0	0	0	0	0	0	574	0	0	0	0	0	0	1762	1920	0	0	0	0	0	174	154	5616	0	0	0	0	0	0	0	0	0	0	0	0	0	0	0	0	0	0	0	0	0	0	0	0	0	0	0	0	0	0	0	0	0	264	2248	0	1658	25108	0	3540	202	18236	3182	42298	130	7910	188	17376	0	1482	0	1936	136	500	1602	5546	7478	1170	1050	0	
237452	Cerebelum_Crus2_L	0	0	0	0	0	0	0	0	0	0	0	0	0	0	0	0	0	0	0	0	0	0	0	0	0	0	0	0	0	0	0	0	0	0	0	0	0	0	0	0	0	0	0	0	0	0	906	0	0	0	0	0	0	0	1486	0	0	0	0	0	0	0	0	0	0	0	0	0	0	0	0	0	0	0	0	0	0	0	0	0	0	0	0	0	0	0	0	0	0	0	30788	1658	0	2186	218	0	1500	0	7292	766	30934	744	29412	1204	4658	0	164	0	0	0	0	130	3444	1236	0	0	
183288	Cerebelum_Crus2_R	0	0	0	0	0	0	0	0	0	0	0	0	0	0	0	0	0	0	0	0	0	0	0	0	0	0	0	0	0	0	0	0	0	0	0	0	0	0	0	0	0	0	0	0	0	0	296	0	0	0	0	0	0	0	0	0	0	0	0	0	0	0	0	0	0	0	0	0	0	0	0	0	0	0	0	0	0	0	0	0	0	0	0	0	0	0	0	0	0	0	1458	25108	2186	0	0	692	0	1564	720	4412	560	19788	878	25368	114	2578	0	0	0	0	114	540	3762	1178	328	0	
20448	Cerebelum_3_L	0	0	0	0	0	0	0	0	0	0	0	0	0	0	0	0	0	0	0	0	0	0	0	0	0	0	0	0	0	0	0	0	0	0	0	0	0	0	276	0	0	0	0	0	0	0	210	0	0	0	0	0	0	0	0	0	0	0	0	0	0	0	0	0	0	0	0	0	0	0	0	0	0	0	0	0	0	0	0	0	0	0	0	0	0	0	0	0	0	0	1118	0	218	0	0	0	4252	0	2128	0	166	0	278	0	372	0	232	0	202	504	268	0	0	0	0	0	
34828	Cerebelum_3_R	0	0	0	0	0	0	0	0	0	0	0	0	0	0	0	0	0	0	0	0	0	0	0	0	0	0	0	0	0	0	0	0	0	0	0	0	0	0	0	0	0	0	0	0	0	0	0	0	0	0	0	0	0	0	0	0	0	0	0	0	0	0	0	0	0	0	0	0	0	0	0	0	0	0	0	0	0	0	0	0	0	0	0	0	0	0	0	0	0	0	0	3540	0	692	0	0	0	5290	0	4630	0	354	0	1104	0	160	0	118	140	972	270	0	144	0	0	0	
166764	Cerebelum_4_5_L	0	0	0	0	0	0	0	0	0	0	0	0	0	0	0	0	0	0	0	0	0	0	0	0	0	0	0	0	0	0	0	0	0	0	0	0	0	0	242	0	0	0	0	0	0	0	8642	482	0	0	0	0	438	0	7142	0	0	0	0	0	0	0	0	0	0	0	0	0	0	0	0	0	0	0	0	0	0	0	0	0	0	0	0	0	0	0	0	0	0	0	13666	202	1500	0	4252	0	0	930	27344	422	892	0	2152	108	2846	282	776	212	0	316	8482	834	272	0	252	696	
142616	Cerebelum_4_5_R	0	0	0	0	0	0	0	0	0	0	0	0	0	0	0	0	0	0	0	0	0	0	0	0	0	0	0	0	0	0	0	0	0	0	0	0	0	278	0	804	0	0	0	0	0	0	292	2522	0	0	0	0	0	0	0	4108	0	0	0	0	0	0	0	0	0	0	0	224	0	0	0	0	0	0	0	0	0	0	0	0	0	0	0	0	0	0	0	0	0	0	0	18236	0	1564	0	5290	930	0	714	22894	0	406	0	2386	190	838	0	1750	138	864	4644	1156	800	0	166	114	
316320	Cerebelum_6_L	0	0	0	0	0	0	0	0	0	0	0	0	0	0	0	0	0	0	0	0	0	0	0	0	0	0	0	0	0	0	0	0	0	0	0	0	0	0	0	0	0	0	0	0	0	0	16482	2210	0	0	0	0	704	138	16374	1304	0	0	0	0	0	0	0	0	0	0	0	0	0	0	0	0	0	0	0	0	0	0	0	0	0	0	0	0	0	0	0	0	138	0	38372	3182	7292	720	2128	0	27344	714	0	5272	3420	0	7366	1380	3130	198	2004	0	0	154	5198	6860	5146	636	294	0	
299944	Cerebelum_6_R	0	0	0	0	0	0	0	0	0	0	0	0	0	0	0	0	0	0	0	0	0	0	0	0	0	0	0	0	0	0	0	0	0	0	0	0	0	0	0	594	0	0	0	826	124	392	3098	7056	0	374	0	232	0	624	350	9728	0	0	0	0	0	0	0	0	0	0	0	0	0	0	0	0	0	0	0	0	0	0	0	0	0	0	0	0	0	0	0	0	0	0	2266	42298	766	4412	0	4630	422	22894	5272	0	0	1066	0	7140	330	2244	0	4632	286	766	3166	10316	9114	2158	2396	0	
165316	Cerebelum_7b_L	0	0	0	0	0	0	0	0	0	0	0	0	0	0	0	0	0	0	0	0	0	0	0	0	0	0	0	0	0	0	0	0	0	0	0	0	0	0	0	0	0	0	0	0	0	0	156	0	0	0	0	0	0	0	236	0	0	0	0	0	0	0	0	0	0	0	0	0	0	0	0	0	0	0	0	0	0	0	0	0	0	0	0	0	0	0	0	0	0	0	11454	130	30934	560	166	0	892	0	3420	0	0	300	26802	398	4918	0	456	0	0	0	152	0	732	952	0	0	
110976	Cerebelum_7b_R	0	0	0	0	0	0	0	0	0	0	0	0	0	0	0	0	0	0	0	0	0	0	0	0	0	0	0	0	0	0	0	0	0	0	0	0	0	0	0	0	0	0	0	0	0	0	0	0	0	0	0	0	0	0	0	0	0	0	0	0	0	0	0	0	0	0	0	0	0	0	0	0	0	0	0	0	0	0	0	0	0	0	0	0	0	0	0	0	0	0	198	7910	744	19788	0	354	0	406	0	1066	300	0	408	20736	0	2450	0	0	0	0	0	0	744	384	0	0	
224788	Cerebelum_8_L	0	0	0	0	0	0	0	0	0	0	0	0	0	0	0	0	0	0	0	0	0	0	0	0	0	0	0	0	0	0	0	0	0	0	0	0	0	0	0	0	0	0	0	0	0	0	400	0	0	0	0	0	0	0	484	0	0	0	0	0	0	0	0	0	0	0	0	0	0	0	0	0	0	0	0	0	0	0	0	0	0	0	0	0	0	0	0	0	0	0	20558	188	29412	878	278	0	2152	0	7366	0	26802	408	0	2016	13098	202	2148	0	0	0	250	218	2076	2870	590	0	
209404	Cerebelum_8_R	0	0	0	0	0	0	0	0	0	0	0	0	0	0	0	0	0	0	0	0	0	0	0	0	0	0	0	0	0	0	0	0	0	0	0	0	0	0	0	0	0	0	0	0	0	0	694	418	0	0	0	0	0	0	0	266	0	0	0	0	0	0	0	0	0	0	0	0	0	0	0	0	0	0	0	0	0	0	0	0	0	0	0	0	0	0	0	0	0	108	1808	17376	1204	25368	0	1104	108	2386	1380	7140	398	20736	2016	0	226	8672	0	1290	0	0	224	1978	5392	3464	946	0	
86948	Cerebelum_9_L	0	0	0	0	0	0	0	0	0	0	0	0	0	0	0	0	0	0	0	0	0	0	0	0	0	0	0	0	0	0	0	0	0	0	0	0	0	0	0	0	0	0	0	0	0	0	198	324	0	0	0	0	0	0	0	0	0	0	0	0	0	0	0	0	0	0	0	0	0	0	0	0	0	0	0	0	0	0	0	0	0	0	0	0	0	0	0	0	0	0	3046	0	4658	114	372	0	2846	190	3130	330	4918	0	13098	226	0	242	4776	0	0	0	1924	818	666	522	718	358	
80872	Cerebelum_9_R	0	0	0	0	0	0	0	0	0	0	0	0	0	0	0	0	0	0	0	0	0	0	0	0	0	0	0	0	0	0	0	0	0	0	0	0	0	0	0	0	0	0	0	0	0	0	322	206	0	0	0	0	0	0	0	0	0	0	0	0	0	0	0	0	0	0	0	0	0	0	0	0	0	0	0	0	0	0	0	0	0	0	0	0	0	0	0	0	0	0	162	1482	0	2578	0	160	282	838	198	2244	0	2450	202	8672	242	0	138	3804	736	816	2966	2586	1688	2534	3696	1434	
24992	Cerebelum_10_L	0	0	0	0	0	0	0	0	0	0	0	0	0	0	0	0	0	0	0	0	0	0	0	0	0	0	0	0	0	0	0	0	0	0	0	0	0	0	0	0	0	0	0	0	0	0	258	112	0	0	0	0	0	0	0	0	0	0	0	0	0	0	0	0	0	0	0	0	0	0	0	0	0	0	0	0	0	0	0	0	0	0	0	0	0	0	0	0	0	0	1054	0	164	0	232	0	776	0	2004	0	456	0	2148	0	4776	138	0	0	0	0	194	184	0	0	0	0	
44740	Cerebelum_10_R	0	0	0	0	0	0	0	0	0	0	0	0	0	0	0	0	0	0	0	0	0	0	0	0	0	0	0	0	0	0	0	0	0	0	0	0	0	0	0	0	0	0	0	0	0	0	0	252	0	0	0	0	0	0	0	0	0	0	0	0	0	0	0	0	0	0	0	0	0	0	0	0	0	0	0	0	0	0	0	0	0	0	0	0	0	0	0	0	0	0	0	1936	0	0	0	118	212	1750	0	4632	0	0	0	1290	0	3804	0	0	0	0	2278	1524	714	1234	1906	720	
15988	Vermis_1_2	0	0	0	0	0	0	0	0	0	0	0	0	0	0	0	0	0	0	0	0	0	0	0	0	0	0	0	0	0	0	0	0	0	0	0	0	0	0	0	0	0	0	0	0	0	0	0	0	0	0	0	0	0	0	0	0	0	0	0	0	0	0	0	0	0	0	0	0	0	0	0	0	0	0	0	0	0	0	0	0	0	0	0	0	0	0	0	0	0	0	0	136	0	0	202	140	0	138	0	286	0	0	0	0	0	736	0	0	0	4000	2356	0	0	0	0	0	
23592	Vermis_3	0	0	0	0	0	0	0	0	0	0	0	0	0	0	0	0	0	0	0	0	0	0	0	0	0	0	0	0	0	0	0	0	0	0	0	0	0	0	0	0	0	0	0	0	0	0	0	0	0	0	0	0	0	0	0	0	0	0	0	0	0	0	0	0	0	0	0	0	0	0	0	0	0	0	0	0	0	0	0	0	0	0	0	0	0	0	0	0	0	0	0	500	0	0	504	972	316	864	154	766	0	0	0	0	0	816	0	0	4000	0	2904	0	0	0	0	0	
102708	Vermis_4_5	0	0	0	0	0	0	0	0	0	0	0	0	0	0	0	0	0	0	0	0	0	0	0	0	0	0	0	0	0	0	0	0	0	0	0	0	0	0	0	0	0	0	0	120	0	0	2464	1362	0	0	0	0	0	0	968	280	0	0	0	0	0	0	0	0	0	0	0	396	0	0	0	0	0	0	0	0	0	0	0	0	0	0	0	0	0	0	0	0	0	0	1576	1602	0	114	268	270	8482	4644	5198	3166	152	0	250	224	1924	2966	194	2278	2356	2904	0	2778	442	478	1454	2044	
125576	Vermis_6	0	0	0	0	0	0	0	0	0	0	0	0	0	0	0	0	0	0	0	0	0	0	0	0	0	0	0	0	0	0	0	0	0	0	0	0	0	0	0	0	0	0	0	0	0	0	4604	4658	0	0	0	0	0	224	652	2702	0	0	0	0	0	0	0	0	0	0	0	0	0	0	0	0	0	0	0	0	0	0	0	0	0	0	0	0	0	0	0	0	0	0	2186	5546	130	540	0	0	834	1156	6860	10316	0	0	218	1978	818	2586	184	1524	0	0	2778	0	6766	1852	2714	962	
137076	Vermis_7	0	0	0	0	0	0	0	0	0	0	0	0	0	0	0	0	0	0	0	0	0	0	0	0	0	0	0	0	0	0	0	0	0	0	0	0	0	0	0	0	0	0	0	0	0	0	2698	1792	0	0	0	0	0	148	254	1170	0	0	0	0	0	0	0	0	0	0	0	0	0	0	0	0	0	0	0	0	0	0	0	0	0	0	0	0	0	0	0	0	0	0	5540	7478	3444	3762	0	144	272	800	5146	9114	732	744	2076	5392	666	1688	0	714	0	0	442	6766	0	4740	2816	0	
63256	Vermis_8	0	0	0	0	0	0	0	0	0	0	0	0	0	0	0	0	0	0	0	0	0	0	0	0	0	0	0	0	0	0	0	0	0	0	0	0	0	0	0	0	0	0	0	0	0	0	272	256	0	0	0	0	0	0	0	280	0	0	0	0	0	0	0	0	0	0	0	0	0	0	0	0	0	0	0	0	0	0	0	0	0	0	0	0	0	0	0	0	0	0	1118	1170	1236	1178	0	0	0	0	636	2158	952	384	2870	3464	522	2534	0	1234	0	0	478	1852	4740	0	4048	246	
51312	Vermis_9	0	0	0	0	0	0	0	0	0	0	0	0	0	0	0	0	0	0	0	0	0	0	0	0	0	0	0	0	0	0	0	0	0	0	0	0	0	0	0	0	0	0	0	0	0	0	252	284	0	0	0	0	0	0	0	298	0	0	0	0	0	0	0	0	0	0	0	0	0	0	0	0	0	0	0	0	0	0	0	0	0	0	0	0	0	0	0	0	0	0	522	1050	0	328	0	0	252	166	294	2396	0	0	590	946	718	3696	0	1906	0	0	1454	2714	2816	4048	0	926	
