data	data	529380	360348	1.25793e+06	889868	217636	79184	552828	264084	84120	28708	187068	265184	315984	184004	221976	126300	199756	206128	869308	752708	65980	76472	508496	531380	26328	106116	109340	58972	614464	424304	333300	590128	150984	638932	210484	158052	272580	215908	98848	117680	20524	36156	327476	349376	289956	319716	321176	276668	202136	269408	480680	282632	146100	107592	300720	330520	276940	194344	101132	107624	181544	137160	107380	87360	193320	121720	347316	383424	259220	177784	194060	329028	297488	302532	60728	22372	173228	133912	119176	23428	202924	196264	98992	96256	358152	399648	55520	47776	270528	196980	427980	378664	343940	302604	33160	46716	332804	205668	470224	383412	231208	183592	299740	262576	132712	138908	17924	18304	22444	39240	264188	221492	165684	119128	72148	13016	
data	data	Precentral_L	Precentral_R	Frontal_Sup_L	Frontal_Sup_R	Frontal_Sup_Orb_L	Frontal_Sup_Orb_R	Frontal_Mid_L	Frontal_Mid_R	Frontal_Mid_Orb_L	Frontal_Mid_Orb_R	Frontal_Inf_Oper_L	Frontal_Inf_Oper_R	Frontal_Inf_Tri_L	Frontal_Inf_Tri_R	Frontal_Inf_Orb_L	Frontal_Inf_Orb_R	Rolandic_Oper_L	Rolandic_Oper_R	Supp_Motor_Area_L	Supp_Motor_Area_R	Olfactory_L	Olfactory_R	Frontal_Sup_Medial_L	Frontal_Sup_Medial_R	Frontal_Med_Orb_L	Frontal_Med_Orb_R	Rectus_L	Rectus_R	Insula_L	Insula_R	Cingulum_Ant_L	Cingulum_Ant_R	Cingulum_Mid_L	Cingulum_Mid_R	Cingulum_Post_L	Cingulum_Post_R	Hippocampus_L	Hippocampus_R	ParaHippocampal_L	ParaHippocampal_R	Amygdala_L	Amygdala_R	Calcarine_L	Calcarine_R	Cuneus_L	Cuneus_R	Lingual_L	Lingual_R	Occipital_Sup_L	Occipital_Sup_R	Occipital_Mid_L	Occipital_Mid_R	Occipital_Inf_L	Occipital_Inf_R	Fusiform_L	Fusiform_R	Postcentral_L	Postcentral_R	Parietal_Sup_L	Parietal_Sup_R	Parietal_Inf_L	Parietal_Inf_R	SupraMarginal_L	SupraMarginal_R	Angular_L	Angular_R	Precuneus_L	Precuneus_R	Paracentral_Lobule_L	Paracentral_Lobule_R	Caudate_L	Caudate_R	Putamen_L	Putamen_R	Pallidum_L	Pallidum_R	Thalamus_L	Thalamus_R	Heschl_L	Heschl_R	Temporal_Sup_L	Temporal_Sup_R	Temporal_Pole_Sup_L	Temporal_Pole_Sup_R	Temporal_Mid_L	Temporal_Mid_R	Temporal_Pole_Mid_L	Temporal_Pole_Mid_R	Temporal_Inf_L	Temporal_Inf_R	Cerebelum_Crus1_L	Cerebelum_Crus1_R	Cerebelum_Crus2_L	Cerebelum_Crus2_R	Cerebelum_3_L	Cerebelum_3_R	Cerebelum_4_5_L	Cerebelum_4_5_R	Cerebelum_6_L	Cerebelum_6_R	Cerebelum_7b_L	Cerebelum_7b_R	Cerebelum_8_L	Cerebelum_8_R	Cerebelum_9_L	Cerebelum_9_R	Cerebelum_10_L	Cerebelum_10_R	Vermis_1_2	Vermis_3	Vermis_4_5	Vermis_6	Vermis_7	Vermis_8	Vermis_9	Vermis_10	
529380	Precentral_L	0	2260	30648	1580	0	0	15582	0	0	0	9948	0	1052	0	0	0	6774	0	27186	7440	0	0	216	0	0	0	0	0	6138	0	194	0	1070	3432	3806	1876	7724	1454	798	280	0	0	1152	0	946	0	384	0	400	0	11262	0	232	0	408	170	25698	0	3358	0	8462	0	2968	0	10734	0	4286	282	17188	3046	2876	0	2846	0	608	0	13032	112	3966	0	2324	0	0	0	12568	0	0	0	5924	0	0	0	0	0	0	0	0	0	0	0	0	0	0	0	0	0	0	0	0	0	0	0	0	0	0	0	
360348	Precentral_R	2260	0	2564	31240	0	0	214	10134	0	0	0	10882	0	142	0	0	0	2754	3674	8972	0	0	0	0	0	0	0	0	0	2512	0	0	282	1074	228	1026	0	5406	0	492	0	104	0	3384	0	3354	0	386	0	1510	0	2804	0	1054	0	1632	0	18164	0	674	0	1556	0	2580	0	648	0	6410	482	6252	1150	7986	662	1412	374	0	1110	13638	0	498	0	3670	0	0	0	10662	0	0	0	4162	0	0	0	0	0	0	0	0	0	0	0	0	0	0	0	0	0	0	0	0	0	0	0	0	0	0	
1.25793e+06	Frontal_Sup_L	30648	2564	0	11200	21398	0	81126	3386	4774	0	12258	5328	28454	2124	16794	104	14830	656	103466	22428	0	0	55078	10334	970	164	9436	0	49612	3748	20294	8922	2064	12782	1538	328	6244	432	470	0	0	0	864	0	528	0	188	0	0	0	198	0	0	0	600	184	6910	142	0	0	1332	0	468	0	274	0	1186	174	3318	306	9692	4736	23322	2176	6938	0	12148	188	2844	0	3420	138	860	0	538	124	0	0	1216	0	0	0	0	0	0	0	0	0	0	0	0	0	0	0	0	0	0	0	0	0	0	0	0	0	0	0	
889868	Frontal_Sup_R	1580	31240	11200	0	0	5694	836	34906	0	1536	0	12684	194	7022	0	6188	206	13472	14752	55998	0	186	13026	48260	0	4808	0	550	496	19584	4850	36850	1884	29846	420	780	0	5404	0	660	0	430	0	900	0	296	0	166	0	178	0	430	0	318	0	1446	0	3566	0	0	0	216	0	1582	0	0	0	432	196	0	1424	22860	1508	12844	1018	1946	922	19818	0	398	0	3428	0	1566	0	1034	0	0	0	900	0	0	0	0	0	0	0	0	0	0	0	0	0	0	0	0	0	0	0	0	0	0	0	0	0	0	
217636	Frontal_Sup_Orb_L	0	0	21398	0	0	0	4166	0	11550	0	1104	0	6536	0	15422	0	122	0	1160	0	1384	0	2970	150	2446	0	12590	0	16596	0	2302	124	0	0	0	0	0	0	144	0	432	0	0	0	0	0	0	0	0	0	0	0	0	0	0	0	0	0	0	0	0	0	0	0	0	0	0	0	0	0	1444	0	6376	0	0	0	0	0	0	0	0	0	402	0	0	0	0	0	0	0	0	0	0	0	0	0	0	0	0	0	0	0	0	0	0	0	0	0	0	0	0	0	0	0	0	0	
79184	Frontal_Sup_Orb_R	0	0	0	5694	0	0	0	128	0	2374	0	0	0	0	0	1932	0	0	0	0	240	1038	340	4382	0	6062	0	5080	0	770	178	2642	0	0	0	0	0	0	0	0	0	0	0	0	0	0	0	0	0	0	0	0	0	0	0	0	0	0	0	0	0	0	0	0	0	0	0	0	0	0	370	4010	300	4052	0	0	0	0	0	0	0	0	0	0	0	0	0	0	0	0	0	0	0	0	0	0	0	0	0	0	0	0	0	0	0	0	0	0	0	0	0	0	0	0	0	0	
552828	Frontal_Mid_L	15582	214	81126	836	4166	0	0	296	3922	0	11750	844	34668	1094	10668	0	5286	0	10480	560	0	0	21970	4544	0	0	966	0	20816	1046	5156	2214	250	3080	3034	976	4936	466	288	150	0	0	1396	0	984	0	0	0	0	0	288	0	0	0	116	0	2532	0	0	0	2254	0	144	0	514	0	2200	262	1222	0	1538	388	2110	122	0	0	2174	0	3696	0	1888	0	104	0	728	0	0	0	370	0	0	0	0	0	0	0	0	0	0	0	0	0	0	0	0	0	0	0	0	0	0	0	0	0	0	0	
264084	Frontal_Mid_R	0	10134	3386	34906	0	128	296	0	0	1604	0	15558	0	13918	0	4984	0	7938	3408	4066	0	0	528	4948	0	0	0	0	152	6612	630	1364	114	3412	0	0	0	556	0	0	0	0	0	0	0	118	0	0	0	114	0	0	0	0	0	156	0	3722	0	0	0	122	0	1184	0	0	0	166	0	0	606	298	0	3576	0	464	0	140	0	326	0	1764	0	236	0	286	0	0	0	122	0	0	0	0	0	0	0	0	0	0	0	0	0	0	0	0	0	0	0	0	0	0	0	0	0	0	
84120	Frontal_Mid_Orb_L	0	0	4774	0	11550	0	3922	0	0	0	0	0	2592	0	12968	0	0	0	0	0	152	0	634	0	872	0	1212	0	1706	0	866	0	0	0	0	0	0	0	0	0	0	0	0	0	0	0	0	0	0	0	0	0	0	0	0	0	0	0	0	0	0	0	0	0	0	0	0	0	0	0	118	0	570	0	0	0	0	0	0	0	0	0	124	0	0	0	0	0	0	0	0	0	0	0	0	0	0	0	0	0	0	0	0	0	0	0	0	0	0	0	0	0	0	0	0	0	
28708	Frontal_Mid_Orb_R	0	0	0	1536	0	2374	0	1604	0	0	0	0	0	890	0	6754	0	0	0	0	0	0	0	0	0	0	0	0	0	660	0	214	0	138	0	0	0	0	0	0	0	0	0	0	0	0	0	0	0	0	0	0	0	0	0	0	0	0	0	0	0	0	0	0	0	0	0	0	0	0	0	0	0	184	0	0	0	0	0	0	0	0	0	0	0	0	0	0	0	0	0	0	0	0	0	0	0	0	0	0	0	0	0	0	0	0	0	0	0	0	0	0	0	0	0	0	
187068	Frontal_Inf_Oper_L	9948	0	12258	0	1104	0	11750	0	0	0	0	250	12540	0	392	0	9574	0	5624	332	0	0	1260	0	0	0	1064	0	13450	244	1200	0	0	0	0	0	346	0	0	0	0	0	0	0	0	0	0	0	0	0	0	0	0	0	156	0	4968	0	0	0	252	0	0	0	0	0	0	0	0	0	594	498	910	0	0	0	0	0	1100	0	2578	0	964	0	0	0	0	0	178	0	0	0	0	0	0	0	0	0	0	0	0	0	0	0	0	0	0	0	0	0	0	0	0	0	0	0	
265184	Frontal_Inf_Oper_R	0	10882	5328	12684	0	0	844	15558	0	0	250	0	0	8718	0	462	0	11916	4794	9958	0	0	1744	2524	0	0	0	0	330	19714	1286	1240	350	3824	0	0	0	374	0	0	0	0	0	0	0	494	0	0	0	410	0	446	0	0	0	0	0	1656	0	134	0	336	0	638	0	366	0	786	0	0	1112	748	0	2680	0	108	0	0	0	352	0	2946	0	1142	0	4728	0	0	0	730	0	0	0	0	0	0	0	0	0	0	0	0	0	0	0	0	0	0	0	0	0	0	0	0	0	0	
315984	Frontal_Inf_Tri_L	1052	0	28454	194	6536	0	34668	0	2592	0	12540	0	0	202	19140	0	416	0	2144	274	0	0	6298	770	0	0	3312	0	28674	158	5792	558	0	490	0	0	0	0	0	0	0	0	0	0	0	0	0	0	0	0	0	0	0	0	0	0	294	0	0	0	0	0	0	0	0	0	0	0	0	0	364	364	2230	0	0	0	0	0	0	0	118	0	358	0	0	0	0	0	0	0	0	0	0	0	0	0	0	0	0	0	0	0	0	0	0	0	0	0	0	0	0	0	0	0	0	0	
184004	Frontal_Inf_Tri_R	0	142	2124	7022	0	0	1094	13918	0	890	0	8718	202	0	0	10134	0	1356	772	960	0	0	3230	7680	0	122	0	0	210	16614	594	8002	162	7000	0	0	0	0	0	0	0	0	0	0	0	0	0	0	0	0	0	0	0	0	0	0	0	0	0	0	0	0	0	0	0	0	0	0	0	0	0	154	0	580	0	0	0	0	0	0	0	322	0	0	0	0	0	0	0	0	0	0	0	0	0	0	0	0	0	0	0	0	0	0	0	0	0	0	0	0	0	0	0	0	0	0	
221976	Frontal_Inf_Orb_L	0	0	16794	0	15422	0	10668	0	12968	0	392	0	19140	0	0	0	0	0	0	0	2092	0	1706	218	0	0	1874	0	19452	0	2186	190	0	0	0	0	0	0	288	0	372	0	0	0	0	0	0	0	0	0	0	0	0	0	0	0	0	0	0	0	0	0	0	0	0	0	0	0	0	0	416	0	4656	0	0	0	0	0	0	0	0	0	2154	0	0	0	0	0	0	0	0	0	0	0	0	0	0	0	0	0	0	0	0	0	0	0	0	0	0	0	0	0	0	0	0	0	
126300	Frontal_Inf_Orb_R	0	0	104	6188	0	1932	0	4984	0	6754	0	462	0	10134	0	0	0	394	142	456	0	706	1154	3054	0	138	0	458	0	12754	704	5302	0	2482	0	0	0	108	0	0	0	0	0	0	0	0	0	0	0	0	0	0	0	0	0	0	0	0	0	0	0	0	0	0	0	0	0	0	0	0	0	1090	0	1992	0	0	0	0	0	0	0	688	0	970	0	0	0	0	0	0	0	0	0	0	0	0	0	0	0	0	0	0	0	0	0	0	0	0	0	0	0	0	0	0	0	0	
199756	Rolandic_Oper_L	6774	0	14830	206	122	0	5286	0	0	0	9574	0	416	0	0	0	0	0	8478	310	0	0	1062	0	0	0	112	0	21116	0	208	128	0	0	114	0	490	0	0	0	0	0	0	0	0	0	0	0	0	0	460	0	0	0	116	0	9940	0	0	0	464	0	1748	0	1578	0	132	0	0	0	242	380	378	0	0	0	0	0	3548	0	8022	0	1090	0	1524	0	0	0	1030	0	0	0	0	0	0	0	0	0	0	0	0	0	0	0	0	0	0	0	0	0	0	0	0	0	0	0	
206128	Rolandic_Oper_R	0	2754	656	13472	0	0	0	7938	0	0	0	11916	0	1356	0	394	0	0	860	7488	0	0	160	604	0	0	0	0	0	21946	150	158	0	1132	0	0	0	2060	0	356	0	0	0	0	0	208	0	0	0	190	0	164	0	0	0	1010	0	3054	0	0	0	292	0	1962	0	0	0	292	0	0	144	242	0	7512	0	172	0	128	0	1906	0	8348	0	2402	0	944	0	0	0	694	0	0	0	0	0	0	0	0	0	0	0	0	0	0	0	0	0	0	0	0	0	0	0	0	0	0	
869308	Supp_Motor_Area_L	27186	3674	103466	14752	1160	0	10480	3408	0	0	5624	4794	2144	772	0	142	8478	860	0	49556	0	0	11282	4704	0	148	1044	0	17606	4266	6214	9224	9430	25002	3050	1280	7678	898	910	0	0	0	846	0	858	0	230	0	0	0	182	0	0	0	598	510	6276	226	0	0	1070	124	478	144	274	0	1670	218	13968	806	7430	5792	18398	5770	7662	164	14470	228	2360	0	2260	156	124	0	752	0	0	0	1378	0	0	0	0	0	0	0	0	0	0	0	0	0	0	0	0	0	0	0	0	0	0	0	0	0	0	0	
752708	Supp_Motor_Area_R	7440	8972	22428	55998	0	0	560	4066	0	0	332	9958	274	960	0	456	310	7488	49556	0	0	0	2934	12252	0	172	0	0	616	12312	2822	19244	8654	52026	1474	5788	118	2328	0	204	0	214	0	1492	0	662	0	450	0	0	124	858	0	436	0	1082	174	780	0	0	0	158	0	414	0	0	0	2488	7210	18830	4044	16314	1886	10220	1034	2606	1834	4642	0	190	0	2158	0	1118	0	3746	0	0	0	1448	0	0	0	0	0	0	0	0	0	0	0	0	0	0	0	0	0	0	0	0	0	0	0	0	0	0	
65980	Olfactory_L	0	0	0	0	1384	240	0	0	152	0	0	0	0	0	2092	0	0	0	0	0	0	4948	0	132	120	1046	670	1202	2968	0	2110	2452	0	0	0	0	110	0	500	0	714	0	0	0	0	0	0	0	0	0	0	0	0	0	0	0	0	0	0	0	0	0	0	0	0	0	0	0	0	0	4690	2666	3876	522	114	0	0	0	0	0	0	0	282	0	0	0	0	0	0	0	0	0	0	0	0	0	0	0	0	0	0	0	0	0	0	0	0	0	0	0	0	0	0	0	0	0	
76472	Olfactory_R	0	0	0	186	0	1038	0	0	0	0	0	0	0	0	0	706	0	0	0	0	4948	0	0	214	0	2362	316	3150	0	1862	2386	3704	0	0	0	0	0	174	0	106	0	132	0	0	0	0	0	0	0	0	0	0	0	0	0	0	0	0	0	0	0	0	0	0	0	0	0	0	0	0	5712	5198	4086	1814	142	0	0	0	0	0	0	0	0	0	0	0	0	0	0	0	0	0	0	0	0	0	0	0	0	0	0	0	0	0	0	0	0	0	0	0	0	0	0	0	0	0	
508496	Frontal_Sup_Medial_L	216	0	55078	13026	2970	340	21970	528	634	0	1260	1744	6298	3230	1706	1154	1062	160	11282	2934	0	0	0	30538	1478	726	774	0	10622	3120	30888	20964	4058	19362	0	0	0	0	0	0	0	0	0	0	0	0	0	0	0	0	0	0	0	0	0	0	0	0	0	0	0	0	0	0	0	0	0	0	0	0	1560	932	3044	354	0	0	0	104	0	0	132	0	0	0	0	0	0	0	0	0	0	0	0	0	0	0	0	0	0	0	0	0	0	0	0	0	0	0	0	0	0	0	0	0	0	0	
531380	Frontal_Sup_Medial_R	0	0	10334	48260	150	4382	4544	4948	0	0	0	2524	770	7680	218	3054	0	604	4704	12252	132	214	30538	0	364	8272	0	1122	976	7832	7794	47530	728	37390	0	0	0	0	0	0	0	0	0	0	0	0	0	0	0	0	0	0	0	0	0	0	0	0	0	0	0	0	0	0	0	0	0	0	0	0	382	10084	198	7710	0	0	0	0	0	0	0	0	0	0	0	0	0	0	0	0	0	0	0	0	0	0	0	0	0	0	0	0	0	0	0	0	0	0	0	0	0	0	0	0	0	0	
26328	Frontal_Med_Orb_L	0	0	970	0	2446	0	0	0	872	0	0	0	0	0	0	0	0	0	0	0	120	0	1478	364	0	708	1852	156	0	0	2360	136	0	0	0	0	0	0	0	0	0	0	0	0	0	0	0	0	0	0	0	0	0	0	0	0	0	0	0	0	0	0	0	0	0	0	0	0	0	0	826	0	876	0	0	0	0	0	0	0	0	0	0	0	0	0	0	0	0	0	0	0	0	0	0	0	0	0	0	0	0	0	0	0	0	0	0	0	0	0	0	0	0	0	0	0	
106116	Frontal_Med_Orb_R	0	0	164	4808	0	6062	0	0	0	0	0	0	0	122	0	138	0	0	148	172	1046	2362	726	8272	708	0	126	6238	0	204	1558	8676	0	218	0	0	0	0	0	0	0	0	0	0	0	0	0	0	0	0	0	0	0	0	0	0	0	0	0	0	0	0	0	0	0	0	0	0	0	0	1272	5690	900	3448	0	0	0	0	0	0	0	0	0	0	0	0	0	0	0	0	0	0	0	0	0	0	0	0	0	0	0	0	0	0	0	0	0	0	0	0	0	0	0	0	0	0	
109340	Rectus_L	0	0	9436	0	12590	0	966	0	1212	0	1064	0	3312	0	1874	0	112	0	1044	0	670	316	774	0	1852	126	0	158	9132	0	2604	460	0	0	0	0	0	0	0	0	0	0	0	0	0	0	0	0	0	0	0	0	0	0	0	0	0	0	0	0	0	0	0	0	0	0	0	0	0	0	2394	118	4456	0	0	0	0	0	0	0	0	0	0	0	0	0	0	0	0	0	0	0	0	0	0	0	0	0	0	0	0	0	0	0	0	0	0	0	0	0	0	0	0	0	0	0	
58972	Rectus_R	0	0	0	550	0	5080	0	0	0	0	0	0	0	0	0	458	0	0	0	0	1202	3150	0	1122	156	6238	158	0	0	812	494	3316	0	0	0	0	0	0	0	0	0	0	0	0	0	0	0	0	0	0	0	0	0	0	0	0	0	0	0	0	0	0	0	0	0	0	0	0	0	0	1456	2678	1274	1342	0	0	0	0	0	0	0	0	0	0	0	0	0	0	0	0	0	0	0	0	0	0	0	0	0	0	0	0	0	0	0	0	0	0	0	0	0	0	0	0	0	0	
614464	Insula_L	6138	0	49612	496	16596	0	20816	152	1706	0	13450	330	28674	210	19452	0	21116	0	17606	616	2968	0	10622	976	0	0	9132	0	0	368	10082	868	0	626	1810	160	7974	0	800	0	1506	0	988	0	484	0	138	0	0	0	300	0	0	0	2996	0	4462	0	0	0	620	0	444	0	310	0	1760	0	1220	0	1598	758	15082	142	114	0	478	0	11090	0	9228	0	3898	0	1514	0	0	0	4746	0	0	0	0	0	0	0	0	0	0	0	0	0	0	0	0	0	0	0	0	0	0	0	0	0	0	0	
424304	Insula_R	0	2512	3748	19584	0	770	1046	6612	0	660	244	19714	158	16614	0	12754	0	21946	4266	12312	0	1862	3120	7832	0	204	0	812	368	0	1580	9404	144	7420	0	0	0	4494	0	674	0	128	0	0	0	0	0	0	0	128	0	134	0	0	0	1594	0	400	0	0	0	258	0	396	0	0	0	168	0	0	902	1624	0	21590	0	0	0	458	0	1776	0	10824	0	3956	0	3580	0	0	0	3382	0	0	0	0	0	0	0	0	0	0	0	0	0	0	0	0	0	0	0	0	0	0	0	0	0	0	
333300	Cingulum_Ant_L	194	0	20294	4850	2302	178	5156	630	866	0	1200	1286	5792	594	2186	704	208	150	6214	2822	2110	2386	30888	7794	2360	1558	2604	494	10082	1580	0	18878	3870	6132	954	0	414	0	0	0	0	0	222	0	0	0	0	0	0	0	0	0	0	0	0	0	0	0	0	0	0	0	0	0	0	0	294	0	170	0	5548	3578	7246	1278	0	0	0	146	438	0	0	0	0	0	0	0	0	0	0	0	0	0	0	0	0	0	0	0	0	0	0	0	0	0	0	0	0	0	0	0	0	0	0	0	0	0	
590128	Cingulum_Ant_R	0	0	8922	36850	124	2642	2214	1364	0	214	0	1240	558	8002	190	5302	128	158	9224	19244	2452	3704	20964	47530	136	8676	460	3316	868	9404	18878	0	3808	40788	0	0	0	0	0	0	0	0	0	0	0	0	0	0	0	0	0	0	0	0	0	0	0	0	0	0	0	0	0	0	0	0	0	0	0	0	3596	20436	2708	10794	0	0	0	170	0	0	0	0	0	0	0	0	0	0	0	0	0	0	0	0	0	0	0	0	0	0	0	0	0	0	0	0	0	0	0	0	0	0	0	0	0	0	
150984	Cingulum_Mid_L	1070	282	2064	1884	0	0	250	114	0	0	0	350	0	162	0	0	0	0	9430	8654	0	0	4058	728	0	0	0	0	0	144	3870	3808	0	17622	4096	2108	0	0	0	0	0	0	126	0	1718	178	0	0	390	0	242	316	0	0	0	126	228	0	170	0	142	0	0	0	0	0	3298	1830	4720	1006	0	0	0	0	0	0	0	0	0	0	0	0	0	0	0	308	0	0	0	0	0	0	0	0	0	0	0	0	0	0	0	0	0	0	0	0	0	0	0	0	0	0	0	0	0	0	
638932	Cingulum_Mid_R	3432	1074	12782	29846	0	0	3080	3412	0	138	0	3824	490	7000	0	2482	0	1132	25002	52026	0	0	19362	37390	0	218	0	0	626	7420	6132	40788	17622	0	1578	7600	0	0	0	0	0	0	0	1230	0	1174	0	444	0	142	0	1104	0	0	0	0	0	576	0	152	0	200	0	128	0	0	632	8650	4882	9786	430	1880	0	1980	0	0	218	0	0	0	0	286	0	0	0	1116	0	0	0	0	0	0	0	0	0	0	0	0	0	0	0	0	0	0	0	0	0	0	0	0	0	0	0	0	0	0	
210484	Cingulum_Post_L	3806	228	1538	420	0	0	3034	0	0	0	0	0	0	0	0	0	114	0	3050	1474	0	0	0	0	0	0	0	0	1810	0	954	0	4096	1578	0	8510	12228	3530	3760	678	0	0	7824	0	4460	112	860	0	108	0	1444	122	224	0	0	376	1596	0	118	0	360	0	0	0	492	0	14254	1768	9382	1238	250	0	394	0	0	0	3606	472	2532	0	378	0	0	0	1348	118	0	0	460	0	0	0	0	0	0	0	0	0	0	0	0	0	0	0	0	0	0	0	0	0	138	0	0	0	0	0	
158052	Cingulum_Post_R	1876	1026	328	780	0	0	976	0	0	0	0	0	0	0	0	0	0	0	1280	5788	0	0	0	0	0	0	0	0	160	0	0	0	2108	7600	8510	0	2564	7374	276	1532	0	0	120	3706	0	836	0	2632	0	0	0	392	0	106	0	1412	0	0	0	0	0	0	0	0	0	0	1210	10930	858	4580	380	0	240	0	0	0	5530	1844	0	0	0	0	0	0	0	386	0	0	0	742	0	0	0	0	0	0	0	0	0	0	0	0	0	0	0	0	0	0	0	0	944	0	0	0	0	0	
272580	Hippocampus_L	7724	0	6244	0	0	0	4936	0	0	0	346	0	0	0	0	0	490	0	7678	118	110	0	0	0	0	0	0	0	7974	0	414	0	0	0	12228	2564	0	1114	11082	596	2938	0	7214	0	1816	0	3528	0	0	0	1498	0	352	0	8052	284	1536	0	0	0	424	0	158	0	484	0	11350	480	4904	0	180	0	4388	0	372	0	4646	0	5998	0	1938	0	514	0	2040	0	0	0	7328	0	0	0	0	0	0	0	0	0	0	0	0	0	0	0	0	0	0	0	0	114	136	0	0	0	0	0	
215908	Hippocampus_R	1454	5406	432	5404	0	0	466	556	0	0	0	374	0	0	0	108	0	2060	898	2328	0	174	0	0	0	0	0	0	0	4494	0	0	0	0	3530	7374	1114	0	0	15502	0	4454	0	588	0	0	0	2112	0	0	0	108	0	0	0	19064	0	0	0	0	0	0	0	0	0	0	0	3800	230	408	318	154	106	7696	0	216	3698	4208	0	612	0	1408	0	174	0	1450	0	0	0	4542	0	0	0	0	0	0	0	258	0	0	0	0	0	0	0	0	0	0	0	0	676	0	0	0	0	0	
98848	ParaHippocampal_L	798	0	470	0	144	0	288	0	0	0	0	0	0	0	288	0	0	0	910	0	500	0	0	0	0	0	0	0	800	0	0	0	0	0	3760	276	11082	0	0	0	766	0	4332	0	292	0	4870	0	0	0	1024	0	468	0	5424	0	812	0	0	0	220	0	0	0	304	0	5234	0	1722	0	0	0	816	0	0	0	782	0	0	0	0	0	216	0	810	0	0	0	908	0	0	0	0	0	178	224	340	0	0	0	0	0	0	0	0	0	0	0	0	366	0	0	0	0	0	0	
117680	ParaHippocampal_R	280	492	0	660	0	0	150	0	0	0	0	0	0	0	0	0	0	356	0	204	0	106	0	0	0	0	0	0	0	674	0	0	0	0	678	1532	596	15502	0	0	0	3750	0	528	0	0	0	4298	0	0	0	0	0	0	0	15188	0	0	0	0	0	0	0	0	0	0	0	2118	0	0	0	0	0	2794	0	190	570	996	0	0	0	198	0	2144	0	368	0	1648	0	1232	0	0	0	0	0	0	0	1094	0	0	0	0	0	0	0	0	0	0	0	0	494	0	0	0	0	0	
20524	Amygdala_L	0	0	0	0	432	0	0	0	0	0	0	0	0	0	372	0	0	0	0	0	714	0	0	0	0	0	0	0	1506	0	0	0	0	0	0	0	2938	0	766	0	0	0	0	0	0	0	0	0	0	0	0	0	0	0	1726	0	0	0	0	0	0	0	0	0	0	0	0	0	0	0	0	0	426	0	0	0	0	0	0	0	0	0	590	0	0	0	0	0	792	0	0	0	0	0	0	0	0	0	0	0	0	0	0	0	0	0	0	0	0	0	0	0	0	0	0	0	
36156	Amygdala_R	0	104	0	430	0	0	0	0	0	0	0	0	0	0	0	0	0	0	0	214	0	132	0	0	0	0	0	0	0	128	0	0	0	0	0	0	0	4454	0	3750	0	0	0	0	0	0	0	0	0	0	0	0	0	0	0	5488	0	0	0	0	0	0	0	0	0	0	0	0	0	0	0	118	0	556	0	0	0	536	0	0	0	0	0	1674	0	0	0	378	0	116	0	0	0	0	0	0	0	0	0	0	0	0	0	0	0	0	0	0	0	0	0	0	0	0	0	0	
327476	Calcarine_L	1152	0	864	0	0	0	1396	0	0	0	0	0	0	0	0	0	0	0	846	0	0	0	0	0	0	0	0	0	988	0	222	0	126	0	7824	120	7214	0	4332	0	0	0	0	10844	21936	7164	16774	1868	14270	3020	20636	0	5594	0	2662	0	1808	0	222	0	796	0	138	0	1228	0	17450	988	4582	0	0	0	0	0	0	0	154	0	2026	0	236	0	0	0	3292	0	0	0	966	0	0	0	0	0	0	0	0	0	0	0	0	0	0	0	0	0	0	0	0	0	0	0	0	0	0	0	
349376	Calcarine_R	0	3384	0	900	0	0	0	0	0	0	0	0	0	0	0	0	0	0	0	1492	0	0	0	0	0	0	0	0	0	0	0	0	0	1230	0	3706	0	588	0	528	0	0	10844	0	5456	30738	4044	25068	646	21214	328	9700	0	7542	0	7440	0	1352	0	264	0	460	0	0	0	412	1854	18404	0	2080	0	0	0	0	0	0	0	0	0	0	0	734	0	0	0	7964	0	0	0	4766	0	0	0	0	0	0	0	224	0	976	0	0	0	0	0	0	0	0	0	0	350	0	0	0	0	0	
289956	Cuneus_L	946	0	528	0	0	0	984	0	0	0	0	0	0	0	0	0	0	0	858	0	0	0	0	0	0	0	0	0	484	0	0	0	1718	0	4460	0	1816	0	292	0	0	0	21936	5456	0	8334	5216	694	30174	2442	21690	0	2538	0	620	0	2022	0	2018	0	564	0	0	0	476	0	18732	1462	6688	0	0	0	0	0	0	0	0	0	832	0	0	0	0	0	998	0	0	0	0	0	0	0	0	0	0	0	0	0	0	0	0	0	0	0	0	0	0	0	0	0	0	0	0	0	0	0	
319716	Cuneus_R	0	3354	0	296	0	0	0	118	0	0	0	494	0	0	0	0	0	208	0	662	0	0	0	0	0	0	0	0	0	0	0	0	178	1174	112	836	0	0	0	0	0	0	7164	30738	8334	0	1158	6658	172	29844	0	14016	0	1590	0	1872	0	5922	0	2312	0	2054	0	452	0	666	3430	22872	0	3126	0	0	0	0	0	0	0	0	0	0	0	470	0	0	0	8138	0	0	0	974	0	0	0	0	0	0	0	0	0	464	0	0	0	0	0	0	0	0	0	0	0	0	0	0	0	0	
321176	Lingual_L	384	0	188	0	0	0	0	0	0	0	0	0	0	0	0	0	0	0	230	0	0	0	0	0	0	0	0	0	138	0	0	0	0	0	860	0	3528	0	4870	0	0	0	16774	4044	5216	1158	0	6354	6258	566	18172	0	11322	388	19800	1044	0	0	0	0	0	0	0	0	0	0	7214	142	462	0	0	0	0	0	0	0	532	0	420	0	0	0	0	0	1138	0	0	0	1278	0	6238	1432	1510	384	0	0	8486	1004	12326	2862	0	0	0	0	0	0	0	0	0	186	5672	6416	1592	0	0	0	
276668	Lingual_R	0	386	0	166	0	0	0	0	0	0	0	0	0	0	0	0	0	0	0	450	0	0	0	0	0	0	0	0	0	0	0	0	0	444	0	2632	0	2112	0	4298	0	0	1868	25068	694	6658	6354	0	0	6476	0	2224	0	6850	1790	15260	0	0	0	0	0	0	0	0	0	0	428	7384	0	556	0	0	0	0	0	0	140	152	0	0	0	0	0	0	0	458	0	0	0	1396	3586	2714	706	214	0	0	1312	3740	7736	9176	0	0	108	0	366	0	0	0	0	0	3672	9464	1296	0	0	0	
202136	Occipital_Sup_L	400	0	0	0	0	0	0	0	0	0	0	0	0	0	0	0	0	0	0	0	0	0	0	0	0	0	0	0	0	0	0	0	390	0	108	0	0	0	0	0	0	0	14270	646	30174	172	6258	0	0	0	28480	0	2882	0	890	0	1310	0	3210	0	594	0	0	0	272	0	9146	106	1414	0	0	0	0	0	0	0	0	0	0	0	0	0	0	0	346	0	0	0	0	0	0	0	0	0	0	0	0	0	0	0	0	0	0	0	0	0	0	0	0	0	0	0	0	0	0	0	
269408	Occipital_Sup_R	0	1510	0	178	0	0	0	114	0	0	0	410	0	0	0	0	0	190	0	0	0	0	0	0	0	0	0	0	0	128	0	0	0	142	0	0	0	0	0	0	0	0	3020	21214	2442	29844	566	6476	0	0	0	20352	0	2506	0	2922	0	3106	0	6018	0	4004	0	226	0	7342	1398	11676	0	1414	0	0	0	0	0	0	0	0	0	0	0	322	0	0	0	6174	0	0	0	462	0	0	0	0	0	0	0	0	0	548	0	0	0	0	0	0	0	0	0	0	0	0	0	0	0	0	
480680	Occipital_Mid_L	11262	0	198	0	0	0	288	0	0	0	0	0	0	0	0	0	460	0	182	124	0	0	0	0	0	0	0	0	300	0	0	0	242	0	1444	0	1498	0	1024	0	0	0	20636	328	21690	0	18172	0	28480	0	0	0	28406	0	8338	0	4588	0	10116	0	9496	0	2706	0	18428	0	14770	0	7010	0	0	0	0	0	0	0	0	0	436	0	238	0	0	0	25886	0	0	0	2902	0	262	0	218	0	0	0	0	0	212	0	0	0	0	0	0	0	0	0	0	0	0	0	0	0	0	0	
282632	Occipital_Mid_R	0	2804	0	430	0	0	0	0	0	0	0	446	0	0	0	0	0	164	0	858	0	0	0	0	0	0	0	0	0	134	0	0	316	1104	122	392	0	108	0	0	0	0	0	9700	0	14016	0	2224	0	20352	0	0	0	6370	0	2328	0	4742	0	4376	0	4940	0	284	0	12286	130	15548	0	3658	0	0	0	0	0	0	0	0	0	0	0	2152	0	0	0	26864	0	0	0	4468	0	0	0	0	0	0	0	0	0	0	0	0	0	0	0	0	0	0	0	0	0	0	0	0	0	0	
146100	Occipital_Inf_L	232	0	0	0	0	0	0	0	0	0	0	0	0	0	0	0	0	0	0	0	0	0	0	0	0	0	0	0	0	0	0	0	0	0	224	0	352	0	468	0	0	0	5594	0	2538	0	11322	0	2882	0	28406	0	0	0	11584	0	0	0	0	0	156	0	0	0	236	0	2042	0	236	0	0	0	0	0	0	0	0	0	114	0	0	0	0	0	1786	0	0	0	2928	0	626	0	442	106	0	0	130	0	646	0	0	0	0	0	0	0	0	0	0	0	0	0	0	0	0	0	
107592	Occipital_Inf_R	0	1054	0	318	0	0	0	0	0	0	0	0	0	0	0	0	0	0	0	436	0	0	0	0	0	0	0	0	0	0	0	0	0	0	0	106	0	0	0	0	0	0	0	7542	0	1590	388	6850	0	2506	0	6370	0	0	0	9186	0	158	0	0	0	0	0	0	0	0	0	1652	0	326	0	0	0	0	0	0	0	0	0	0	0	0	0	0	0	2436	0	0	0	9266	348	0	116	0	0	0	0	198	666	1170	0	0	0	0	0	0	0	0	0	0	156	798	160	0	0	0	
300720	Fusiform_L	408	0	600	0	0	0	116	0	0	0	156	0	0	0	0	0	116	0	598	0	0	0	0	0	0	0	0	0	2996	0	0	0	0	0	0	0	8052	0	5424	0	1726	0	2662	0	620	0	19800	1790	890	0	8338	0	11584	0	0	170	0	0	0	0	0	0	0	0	0	0	1670	0	162	0	0	0	1076	0	0	0	116	0	740	0	1052	0	2340	0	3070	0	2212	0	13436	0	14906	160	1362	210	424	0	12592	0	22100	698	192	0	290	0	214	0	0	0	0	0	2168	2886	238	0	0	0	
330520	Fusiform_R	170	1632	184	1446	0	0	0	156	0	0	0	0	0	0	0	0	0	1010	510	1082	0	0	0	0	0	0	0	0	0	1594	0	0	126	0	376	1412	284	19064	0	15188	0	5488	0	7440	0	1872	1044	15260	0	2922	0	2328	0	9186	170	0	0	0	0	0	0	0	0	0	0	0	0	2254	0	430	0	0	0	5116	0	144	246	1058	0	0	0	500	0	5060	0	1844	0	4270	0	11988	1436	7980	378	0	0	0	1654	6184	3340	12078	0	0	0	0	242	0	0	0	0	0	4678	3970	466	0	0	0	
276940	Postcentral_L	25698	0	6910	0	0	0	2532	0	0	0	4968	0	294	0	0	0	9940	0	6276	174	0	0	0	0	0	0	0	0	4462	0	0	0	228	0	1596	0	1536	0	812	0	0	0	1808	0	2022	0	0	0	1310	0	4588	0	0	0	0	0	0	0	6494	0	16668	0	7294	0	5794	0	7478	0	7414	0	982	0	0	0	0	0	198	0	2010	0	5662	0	0	0	2368	0	0	0	954	0	0	0	0	0	0	0	0	0	0	0	0	0	0	0	0	0	0	0	0	0	0	0	0	0	0	0	
194344	Postcentral_R	0	18164	142	3566	0	0	0	3722	0	0	0	1656	0	0	0	0	0	3054	226	780	0	0	0	0	0	0	0	0	0	400	0	0	0	576	0	0	0	0	0	0	0	0	0	1352	0	5922	0	0	0	3106	0	4742	0	158	0	0	0	0	0	5406	0	5988	0	8062	0	458	0	14788	0	5672	0	146	0	0	0	0	0	0	0	244	0	1248	0	0	0	6964	0	0	0	630	0	0	0	0	0	0	0	0	0	0	0	0	0	0	0	0	0	0	0	0	0	0	0	0	0	0	
101132	Parietal_Sup_L	3358	0	0	0	0	0	0	0	0	0	0	0	0	0	0	0	0	0	0	0	0	0	0	0	0	0	0	0	0	0	0	0	170	0	118	0	0	0	0	0	0	0	222	0	2018	0	0	0	3210	0	10116	0	0	0	0	0	6494	0	0	0	10900	0	0	0	2854	0	10014	0	778	0	0	0	0	0	0	0	0	0	0	0	0	0	0	0	314	0	0	0	0	0	0	0	0	0	0	0	0	0	0	0	0	0	0	0	0	0	0	0	0	0	0	0	0	0	0	0	
107624	Parietal_Sup_R	0	674	0	0	0	0	0	0	0	0	0	134	0	0	0	0	0	0	0	0	0	0	0	0	0	0	0	0	0	0	0	0	0	152	0	0	0	0	0	0	0	0	0	264	0	2312	0	0	0	6018	0	4376	0	0	0	0	0	5406	0	0	0	11894	0	406	0	6768	142	7054	0	2002	0	0	0	0	0	0	0	0	0	0	0	310	0	0	0	5900	0	0	0	0	0	0	0	0	0	0	0	0	0	0	0	0	0	0	0	0	0	0	0	0	0	0	0	0	0	0	
181544	Parietal_Inf_L	8462	0	1332	0	0	0	2254	0	0	0	252	0	0	0	0	0	464	0	1070	0	0	0	0	0	0	0	0	0	620	0	0	0	142	0	360	0	424	0	220	0	0	0	796	0	564	0	0	0	594	0	9496	0	156	0	0	0	16668	0	10900	0	0	0	8116	0	17102	0	2070	0	750	0	0	0	0	0	0	0	0	0	308	0	518	0	0	0	5616	0	0	0	1518	0	0	0	0	0	0	0	0	0	0	0	0	0	0	0	0	0	0	0	0	0	0	0	0	0	0	0	
137160	Parietal_Inf_R	0	1556	0	216	0	0	0	122	0	0	0	336	0	0	0	0	0	292	124	158	0	0	0	0	0	0	0	0	0	258	0	0	0	200	0	0	0	0	0	0	0	0	0	460	0	2054	0	0	0	4004	0	4940	0	0	0	0	0	5988	0	11894	0	0	0	8774	0	11668	0	3242	0	600	0	196	0	0	0	0	0	0	0	0	0	1586	0	0	0	9776	0	0	0	136	0	0	0	0	0	0	0	0	0	0	0	0	0	0	0	0	0	0	0	0	0	0	0	0	0	0	
107380	SupraMarginal_L	2968	0	468	0	0	0	144	0	0	0	0	0	0	0	0	0	1748	0	478	0	0	0	0	0	0	0	0	0	444	0	0	0	0	0	0	0	158	0	0	0	0	0	138	0	0	0	0	0	0	0	2706	0	0	0	0	0	7294	0	0	0	8116	0	0	0	7900	0	122	0	250	0	0	0	0	0	0	0	0	0	266	0	7922	0	0	0	7214	0	0	0	5354	0	0	0	0	0	0	0	0	0	0	0	0	0	0	0	0	0	0	0	0	0	0	0	0	0	0	0	
87360	SupraMarginal_R	0	2580	0	1582	0	0	0	1184	0	0	0	638	0	0	0	0	0	1962	144	414	0	0	0	0	0	0	0	0	0	396	0	0	0	128	0	0	0	0	0	0	0	0	0	0	0	452	0	0	0	226	0	284	0	0	0	0	0	8062	0	406	0	8774	0	0	0	6300	0	776	0	0	0	192	0	0	0	0	0	0	0	0	0	5618	0	0	0	2614	0	0	0	948	0	0	0	0	0	0	0	0	0	0	0	0	0	0	0	0	0	0	0	0	0	0	0	0	0	0	
193320	Angular_L	10734	0	274	0	0	0	514	0	0	0	0	0	0	0	0	0	1578	0	274	0	0	0	0	0	0	0	0	0	310	0	0	0	0	0	492	0	484	0	304	0	0	0	1228	0	476	0	0	0	272	0	18428	0	236	0	0	0	5794	0	2854	0	17102	0	7900	0	0	0	882	0	1618	0	0	0	0	0	0	0	0	0	150	0	2064	0	0	0	18106	0	0	0	4586	0	0	0	0	0	0	0	0	0	0	0	0	0	0	0	0	0	0	0	0	0	0	0	0	0	0	0	
121720	Angular_R	0	648	0	0	0	0	0	0	0	0	0	366	0	0	0	0	0	0	0	0	0	0	0	0	0	0	0	0	0	0	0	0	0	0	0	0	0	0	0	0	0	0	0	412	0	666	0	0	0	7342	0	12286	0	0	0	0	0	458	0	6768	0	11668	0	6300	0	0	0	516	0	0	0	0	0	0	0	0	0	0	0	0	0	5072	0	0	0	8146	0	0	0	212	0	0	0	0	0	0	0	0	0	0	0	0	0	0	0	0	0	0	0	0	0	0	0	0	0	0	
347316	Precuneus_L	4286	0	1186	0	0	0	2200	0	0	0	0	0	0	0	0	0	132	0	1670	0	0	0	0	0	0	0	0	0	1760	0	294	0	3298	632	14254	1210	11350	0	5234	0	0	0	17450	1854	18732	3430	7214	428	9146	1398	14770	130	2042	0	1670	0	7478	0	10014	142	2070	0	122	0	882	0	0	6640	12196	0	0	0	120	0	0	0	260	0	3348	0	410	0	0	0	3048	0	0	0	1158	0	0	0	0	0	0	0	0	0	0	0	0	0	0	0	0	0	0	0	0	0	0	0	0	0	0	0	
383424	Precuneus_R	282	6410	174	432	0	0	262	166	0	0	0	786	0	0	0	0	0	292	218	2488	0	0	0	0	0	0	0	0	0	168	0	0	1830	8650	1768	10930	480	3800	0	2118	0	0	988	18404	1462	22872	142	7384	106	11676	0	15548	0	1652	0	2254	0	14788	0	7054	0	3242	0	776	0	516	6640	0	138	11366	0	0	0	0	0	0	872	122	0	0	0	1072	0	0	0	15358	0	0	0	4762	0	0	0	0	0	0	0	230	0	0	0	0	0	0	0	0	0	0	0	0	1034	0	0	0	0	0	
259220	Paracentral_Lobule_L	17188	482	3318	196	0	0	1222	0	0	0	0	0	0	0	0	0	0	0	13968	7210	0	0	0	0	0	0	0	0	1220	0	170	0	4720	4882	9382	858	4904	230	1722	0	0	0	4582	0	6688	0	462	0	1414	0	7010	0	236	0	162	0	7414	0	778	0	750	0	250	0	1618	0	12196	138	0	1848	368	0	518	0	0	0	2682	142	1276	0	238	0	0	0	5116	0	0	0	2052	0	0	0	0	0	0	0	0	0	0	0	0	0	0	0	0	0	0	0	0	0	0	0	0	0	0	0	
177784	Paracentral_Lobule_R	3046	6252	306	0	0	0	0	0	0	0	0	0	0	0	0	0	0	0	806	18830	0	0	0	0	0	0	0	0	0	0	0	0	1006	9786	1238	4580	0	408	0	0	0	0	0	2080	0	3126	0	556	0	1414	0	3658	0	326	0	430	0	5672	0	2002	0	600	0	0	0	0	0	11366	1848	0	948	0	0	0	0	0	850	0	0	0	0	544	0	0	0	6154	0	0	0	1060	0	0	0	0	0	0	0	0	0	0	0	0	0	0	0	0	0	0	0	0	0	0	0	0	0	0	
194060	Caudate_L	2876	1150	9692	1424	1444	370	1538	606	118	0	594	1112	364	0	416	0	242	144	7430	4044	4690	5712	1560	382	826	1272	2394	1456	1598	902	5548	3596	0	430	250	380	180	318	0	0	0	0	0	0	0	0	0	0	0	0	0	0	0	0	0	0	982	0	0	0	0	0	0	0	0	0	0	0	368	948	0	6558	13294	1864	2062	0	5374	522	0	0	0	0	0	0	0	0	0	0	0	0	0	0	0	0	0	0	0	0	0	0	0	0	0	0	0	0	0	0	0	0	0	0	0	0	0	0	
329028	Caudate_R	0	7986	4736	22860	0	4010	388	298	0	0	498	748	364	154	0	1090	380	242	5792	16314	2666	5198	932	10084	0	5690	118	2678	758	1624	3578	20436	0	1880	0	0	0	154	0	0	0	118	0	0	0	0	0	0	0	0	0	0	0	0	0	0	0	146	0	0	0	196	0	192	0	0	0	0	0	0	6558	0	3512	17180	164	2188	852	11752	0	0	0	0	0	0	0	0	0	0	0	0	0	0	0	0	0	0	0	0	0	0	0	0	0	0	0	0	0	0	0	0	0	0	0	0	0	0	
297488	Putamen_L	2846	662	23322	1508	6376	300	2110	0	570	0	910	0	2230	0	4656	0	378	0	18398	1886	3876	4086	3044	198	876	900	4456	1274	15082	0	7246	2708	0	0	394	240	4388	106	816	0	426	0	0	0	0	0	0	0	0	0	0	0	0	0	1076	0	0	0	0	0	0	0	0	0	0	0	120	0	518	0	13294	3512	0	874	8222	0	2242	0	168	0	944	0	622	0	0	0	0	0	884	0	0	0	0	0	0	0	0	0	0	0	0	0	0	0	0	0	0	0	0	0	0	0	0	0	0	0	
302532	Putamen_R	0	1412	2176	12844	0	4052	122	3576	0	184	0	2680	0	580	0	1992	0	7512	5770	10220	522	1814	354	7710	0	3448	0	1342	142	21590	1278	10794	0	1980	0	0	0	7696	0	2794	0	556	0	0	0	0	0	0	0	0	0	0	0	0	0	5116	0	0	0	0	0	0	0	0	0	0	0	0	0	0	1864	17180	874	0	0	2988	138	1004	0	226	0	1996	0	454	0	1742	0	0	0	2544	0	0	0	0	0	0	0	0	0	0	0	0	0	0	0	0	0	0	0	0	0	0	0	0	0	0	
60728	Pallidum_L	608	374	6938	1018	0	0	0	0	0	0	0	0	0	0	0	0	0	0	7662	1034	114	142	0	0	0	0	0	0	114	0	0	0	0	0	0	0	372	0	0	0	0	0	0	0	0	0	0	0	0	0	0	0	0	0	0	0	0	0	0	0	0	0	0	0	0	0	0	0	0	0	2062	164	8222	0	0	0	1540	0	0	0	0	0	0	0	0	0	0	0	0	0	0	0	0	0	0	0	0	0	0	0	0	0	0	0	0	0	0	0	0	0	0	0	0	0	0	0	
22372	Pallidum_R	0	0	0	1946	0	0	0	464	0	0	0	108	0	0	0	0	0	172	164	2606	0	0	0	0	0	0	0	0	0	0	0	0	0	0	0	0	0	216	0	190	0	0	0	0	0	0	0	0	0	0	0	0	0	0	0	144	0	0	0	0	0	0	0	0	0	0	0	0	0	0	0	2188	0	2988	0	0	0	0	0	0	0	0	0	0	0	0	0	0	0	0	0	0	0	0	0	0	0	0	0	0	0	0	0	0	0	0	0	0	0	0	0	0	0	0	0	0	
173228	Thalamus_L	13032	1110	12148	922	0	0	2174	0	0	0	0	0	0	0	0	0	0	0	14470	1834	0	0	0	0	0	0	0	0	478	0	0	0	0	218	3606	5530	4646	3698	782	570	0	0	154	0	0	0	532	140	0	0	0	0	0	0	116	246	198	0	0	0	0	0	0	0	0	0	260	872	2682	850	5374	852	2242	138	1540	0	0	3950	120	0	226	0	0	0	192	0	0	0	594	0	0	0	0	0	0	0	0	0	0	0	0	0	0	0	0	0	0	0	0	118	0	0	0	0	0	0	
133912	Thalamus_R	112	13638	188	19818	0	0	0	140	0	0	0	0	0	0	0	0	0	128	228	4642	0	0	104	0	0	0	0	0	0	458	146	170	0	0	472	1844	0	4208	0	996	0	536	0	0	0	0	0	152	0	0	0	0	0	0	0	1058	0	0	0	0	0	0	0	0	0	0	0	122	142	0	522	11752	0	1004	0	0	3950	0	0	0	0	0	0	0	0	0	0	0	0	426	0	0	0	0	0	0	0	0	0	0	0	0	0	0	0	0	0	0	0	0	0	0	0	0	0	0	
119176	Heschl_L	3966	0	2844	0	0	0	3696	0	0	0	1100	0	0	0	0	0	3548	0	2360	0	0	0	0	0	0	0	0	0	11090	0	438	0	0	0	2532	0	5998	0	0	0	0	0	2026	0	832	0	420	0	0	0	436	0	114	0	740	0	2010	0	0	0	308	0	266	0	150	0	3348	0	1276	0	0	0	168	0	0	0	120	0	0	0	5062	0	0	0	1524	0	0	0	3216	0	0	0	0	0	0	0	0	0	0	0	0	0	0	0	0	0	0	0	0	0	0	0	0	0	0	0	
23428	Heschl_R	0	498	0	398	0	0	0	326	0	0	0	352	0	0	0	0	0	1906	0	190	0	0	0	0	0	0	0	0	0	1776	0	0	0	0	0	0	0	612	0	0	0	0	0	0	0	0	0	0	0	0	0	0	0	0	0	0	0	244	0	0	0	0	0	0	0	0	0	0	0	0	0	0	0	226	0	0	0	0	0	0	0	3950	0	0	0	1030	0	0	0	206	0	0	0	0	0	0	0	0	0	0	0	0	0	0	0	0	0	0	0	0	0	0	0	0	0	0	
202924	Temporal_Sup_L	2324	0	3420	0	0	0	1888	0	0	0	2578	0	118	0	0	0	8022	0	2260	0	0	0	132	0	0	0	0	0	9228	0	0	0	0	0	378	0	1938	0	0	0	0	0	236	0	0	0	0	0	0	0	238	0	0	0	1052	0	5662	0	0	0	518	0	7922	0	2064	0	410	0	238	0	0	0	944	0	0	0	226	0	5062	0	0	0	7996	0	19354	0	2404	0	14850	0	0	0	0	0	0	0	0	0	0	0	0	0	0	0	0	0	0	0	0	0	0	0	0	0	0	0	
196264	Temporal_Sup_R	0	3670	138	3428	0	0	0	1764	0	0	0	2946	0	322	0	688	0	8348	156	2158	0	0	0	0	0	0	0	0	0	10824	0	0	0	286	0	0	0	1408	0	198	0	0	0	734	0	470	0	0	0	322	0	2152	0	0	0	500	0	1248	0	310	0	1586	0	5618	0	5072	0	1072	0	544	0	0	0	1996	0	0	0	0	0	3950	0	0	0	7662	0	21230	0	2670	0	4662	0	0	0	0	0	0	0	0	0	0	0	0	0	0	0	0	0	0	0	0	0	0	0	0	0	0	
98992	Temporal_Pole_Sup_L	0	0	860	0	402	0	104	0	124	0	964	0	358	0	2154	0	1090	0	124	0	282	0	0	0	0	0	0	0	3898	0	0	0	0	0	0	0	514	0	216	0	590	0	0	0	0	0	0	0	0	0	0	0	0	0	2340	0	0	0	0	0	0	0	0	0	0	0	0	0	0	0	0	0	622	0	0	0	0	0	0	0	7996	0	0	0	10994	0	7634	0	8230	0	0	0	0	0	0	0	0	0	0	0	0	0	0	0	0	0	0	0	0	0	0	0	0	0	0	0	
96256	Temporal_Pole_Sup_R	0	0	0	1566	0	0	0	236	0	0	0	1142	0	0	0	970	0	2402	0	1118	0	0	0	0	0	0	0	0	0	3956	0	0	0	0	0	0	0	174	0	2144	0	1674	0	0	0	0	0	0	0	0	0	0	0	0	0	5060	0	0	0	0	0	0	0	0	0	0	0	0	0	0	0	0	0	454	0	0	0	0	0	0	0	7662	0	0	0	8614	0	7900	0	3056	0	0	0	0	0	0	0	0	0	0	0	0	0	0	0	0	0	0	0	0	0	0	0	0	0	0	
358152	Temporal_Mid_L	12568	0	538	0	0	0	728	0	0	0	0	0	0	0	0	0	1524	0	752	0	0	0	0	0	0	0	0	0	1514	0	0	0	0	0	1348	0	2040	0	810	0	0	0	3292	0	998	0	1138	0	346	0	25886	0	1786	0	3070	0	2368	0	314	0	5616	0	7214	0	18106	0	3048	0	5116	0	0	0	0	0	0	0	192	0	1524	0	19354	0	10994	0	0	0	8458	0	38434	0	0	0	0	0	0	0	0	0	0	0	0	0	0	0	0	0	0	0	0	0	0	0	0	0	0	0	
399648	Temporal_Mid_R	0	10662	124	1034	0	0	0	286	0	0	0	4728	0	0	0	0	0	944	0	3746	0	0	0	0	0	0	0	0	0	3580	0	0	308	1116	118	386	0	1450	0	368	0	0	0	7964	0	8138	0	458	0	6174	0	26864	0	2436	0	1844	0	6964	0	5900	0	9776	0	2614	0	8146	0	15358	0	6154	0	0	0	1742	0	0	0	0	0	1030	0	21230	0	8614	0	0	0	4318	0	25250	0	0	0	0	0	0	0	0	0	0	0	0	0	0	0	0	0	0	0	0	0	0	0	0	0	0	
55520	Temporal_Pole_Mid_L	0	0	0	0	0	0	0	0	0	0	0	0	0	0	0	0	0	0	0	0	0	0	0	0	0	0	0	0	0	0	0	0	0	0	0	0	0	0	0	0	0	0	0	0	0	0	0	0	0	0	0	0	0	0	2212	0	0	0	0	0	0	0	0	0	0	0	0	0	0	0	0	0	0	0	0	0	0	0	0	0	2404	0	7634	0	8458	0	0	0	7052	0	0	0	0	0	0	0	0	0	0	0	0	0	0	0	0	0	0	0	0	0	0	0	0	0	0	0	
47776	Temporal_Pole_Mid_R	0	0	0	0	0	0	0	0	0	0	0	0	0	0	0	0	0	0	0	0	0	0	0	0	0	0	0	0	0	0	0	0	0	0	0	0	0	0	0	1648	0	378	0	0	0	0	0	0	0	0	0	0	0	0	0	4270	0	0	0	0	0	0	0	0	0	0	0	0	0	0	0	0	0	0	0	0	0	0	0	0	0	2670	0	7900	0	4318	0	0	0	2704	0	0	0	0	0	0	0	0	0	0	0	0	0	0	0	0	0	0	0	0	0	0	0	0	0	0	
270528	Temporal_Inf_L	5924	0	1216	0	0	0	370	0	0	0	178	0	0	0	0	0	1030	0	1378	0	0	0	0	0	0	0	0	0	4746	0	0	0	0	0	460	0	7328	0	908	0	792	0	966	0	0	0	1278	0	0	0	2902	0	2928	0	13436	0	954	0	0	0	1518	0	5354	0	4586	0	1158	0	2052	0	0	0	884	0	0	0	594	0	3216	0	14850	0	8230	0	38434	0	7052	0	0	0	542	0	0	0	0	0	0	0	0	0	0	0	0	0	0	0	0	0	0	0	0	0	0	0	0	0	
196980	Temporal_Inf_R	0	4162	0	900	0	0	0	122	0	0	0	730	0	0	0	0	0	694	0	1448	0	0	0	0	0	0	0	0	0	3382	0	0	0	0	0	742	0	4542	0	1232	0	116	0	4766	0	974	0	1396	0	462	0	4468	0	9266	0	11988	0	630	0	0	0	136	0	948	0	212	0	4762	0	1060	0	0	0	2544	0	0	0	426	0	206	0	4662	0	3056	0	25250	0	2704	0	0	0	504	0	0	0	0	0	0	0	0	0	0	0	0	0	0	0	0	0	0	0	0	0	0	0	0	
427980	Cerebelum_Crus1_L	0	0	0	0	0	0	0	0	0	0	0	0	0	0	0	0	0	0	0	0	0	0	0	0	0	0	0	0	0	0	0	0	0	0	0	0	0	0	0	0	0	0	0	0	0	0	6238	3586	0	0	262	0	626	348	14906	1436	0	0	0	0	0	0	0	0	0	0	0	0	0	0	0	0	0	0	0	0	0	0	0	0	0	0	0	0	0	0	0	0	542	0	0	4702	34182	2650	1070	0	24628	714	54802	6728	10900	412	17992	856	3176	714	752	0	0	0	5166	9658	5506	562	708	168	
378664	Cerebelum_Crus1_R	0	0	0	0	0	0	0	0	0	0	0	0	0	0	0	0	0	0	0	0	0	0	0	0	0	0	0	0	0	0	0	0	0	0	0	0	0	0	0	0	0	0	0	0	0	0	1432	2714	0	0	0	0	0	0	160	7980	0	0	0	0	0	0	0	0	0	0	0	0	0	0	0	0	0	0	0	0	0	0	0	0	0	0	0	0	0	0	0	0	0	504	4702	0	3420	24660	0	3544	4896	20990	6730	49946	448	5162	1182	13726	1118	3024	316	1242	308	940	10836	8202	7688	1876	1480	106	
343940	Cerebelum_Crus2_L	0	0	0	0	0	0	0	0	0	0	0	0	0	0	0	0	0	0	0	0	0	0	0	0	0	0	0	0	0	0	0	0	0	0	0	0	0	0	0	0	0	0	0	0	0	0	1510	706	0	0	218	0	442	116	1362	378	0	0	0	0	0	0	0	0	0	0	0	0	0	0	0	0	0	0	0	0	0	0	0	0	0	0	0	0	0	0	0	0	0	0	34182	3420	0	12322	120	0	1414	190	7690	1916	35560	5214	37266	4376	4550	1078	284	0	0	0	552	1470	10514	4508	612	0	
302604	Cerebelum_Crus2_R	0	0	0	0	0	0	0	0	0	0	0	0	0	0	0	0	0	0	0	0	0	0	0	0	0	0	0	0	0	0	0	0	0	0	0	0	0	0	0	0	0	0	0	0	0	0	384	214	0	0	0	0	106	0	210	0	0	0	0	0	0	0	0	0	0	0	0	0	0	0	0	0	0	0	0	0	0	0	0	0	0	0	0	0	0	0	0	0	0	0	2650	24660	12322	0	0	0	0	0	782	2492	6172	31528	6708	37508	1182	6804	0	130	0	0	0	280	10144	5830	1196	0	
33160	Cerebelum_3_L	0	0	0	0	0	0	0	0	0	0	0	0	0	0	0	0	0	0	0	0	0	0	0	0	0	0	0	0	0	0	0	0	0	0	0	0	0	0	178	0	0	0	0	0	0	0	0	0	0	0	0	0	0	0	424	0	0	0	0	0	0	0	0	0	0	0	0	0	0	0	0	0	0	0	0	0	0	0	0	0	0	0	0	0	0	0	0	0	0	0	1070	0	120	0	0	428	7830	0	2468	0	206	0	228	0	180	0	0	0	674	1868	906	0	0	0	0	0	
46716	Cerebelum_3_R	0	0	0	0	0	0	0	0	0	0	0	0	0	0	0	0	0	0	0	0	0	0	0	0	0	0	0	0	0	0	0	0	0	0	0	0	0	0	224	0	0	0	0	0	0	0	0	0	0	0	0	0	0	0	0	0	0	0	0	0	0	0	0	0	0	0	0	0	0	0	0	0	0	0	0	0	0	0	0	0	0	0	0	0	0	0	0	0	0	0	0	3544	0	0	428	0	1124	6170	278	5388	0	0	0	112	0	292	0	0	992	3102	1704	0	0	0	0	0	
332804	Cerebelum_4_5_L	0	0	0	0	0	0	0	0	0	0	0	0	0	0	0	0	0	0	0	0	0	0	0	0	0	0	0	0	0	0	0	0	0	0	0	0	0	0	340	0	0	0	0	0	0	0	8486	1312	0	0	0	0	130	0	12592	1654	0	0	0	0	0	0	0	0	0	0	0	0	0	0	0	0	0	0	0	0	0	0	0	0	0	0	0	0	0	0	0	0	0	0	24628	4896	1414	0	7830	1124	0	7540	41568	6886	884	0	1552	134	4422	2478	396	0	1260	2732	21710	7510	0	296	1584	1044	
205668	Cerebelum_4_5_R	0	0	0	0	0	0	0	0	0	0	0	0	0	0	0	0	0	0	0	0	0	0	0	0	0	0	0	0	0	0	0	0	0	0	0	0	0	258	0	1094	0	0	0	224	0	0	1004	3740	0	0	0	0	0	198	0	6184	0	0	0	0	0	0	0	0	0	0	0	230	0	0	0	0	0	0	0	0	0	0	0	0	0	0	0	0	0	0	0	0	0	0	714	20990	190	0	0	6170	7540	0	4186	27554	0	0	108	182	748	1368	0	0	710	1328	16446	1098	0	0	0	570	
470224	Cerebelum_6_L	0	0	0	0	0	0	0	0	0	0	0	0	0	0	0	0	0	0	0	0	0	0	0	0	0	0	0	0	0	0	0	0	0	0	0	0	0	0	0	0	0	0	0	0	0	0	12326	7736	0	0	212	0	646	666	22100	3340	0	0	0	0	0	0	0	0	0	0	0	0	0	0	0	0	0	0	0	0	0	0	0	0	0	0	0	0	0	0	0	0	0	0	54802	6730	7690	782	2468	278	41568	4186	0	12254	3952	0	4680	110	5248	1828	1348	328	262	372	14374	18106	3954	778	1360	628	
383412	Cerebelum_6_R	0	0	0	0	0	0	0	0	0	0	0	0	0	0	0	0	0	0	0	0	0	0	0	0	0	0	0	0	0	0	0	0	0	0	0	0	0	0	0	0	0	0	0	976	0	464	2862	9176	0	548	0	0	0	1170	698	12078	0	0	0	0	0	0	0	0	0	0	0	0	0	0	0	0	0	0	0	0	0	0	0	0	0	0	0	0	0	0	0	0	0	0	6728	49946	1916	2492	0	5388	6886	27554	12254	0	132	0	594	3282	1606	2480	460	1540	500	1254	15062	13620	6348	1834	1682	176	
231208	Cerebelum_7b_L	0	0	0	0	0	0	0	0	0	0	0	0	0	0	0	0	0	0	0	0	0	0	0	0	0	0	0	0	0	0	0	0	0	0	0	0	0	0	0	0	0	0	0	0	0	0	0	0	0	0	0	0	0	0	192	0	0	0	0	0	0	0	0	0	0	0	0	0	0	0	0	0	0	0	0	0	0	0	0	0	0	0	0	0	0	0	0	0	0	0	10900	448	35560	6172	206	0	884	0	3952	132	0	4682	35714	3382	4688	200	226	0	0	0	0	112	3802	4352	0	0	
183592	Cerebelum_7b_R	0	0	0	0	0	0	0	0	0	0	0	0	0	0	0	0	0	0	0	0	0	0	0	0	0	0	0	0	0	0	0	0	0	0	0	0	0	0	0	0	0	0	0	0	0	0	0	0	0	0	0	0	0	0	0	0	0	0	0	0	0	0	0	0	0	0	0	0	0	0	0	0	0	0	0	0	0	0	0	0	0	0	0	0	0	0	0	0	0	0	412	5162	5214	31528	0	0	0	0	0	0	4682	0	3784	28506	372	4570	0	0	0	0	0	0	2704	4538	324	0	
299740	Cerebelum_8_L	0	0	0	0	0	0	0	0	0	0	0	0	0	0	0	0	0	0	0	0	0	0	0	0	0	0	0	0	0	0	0	0	0	0	0	0	0	0	0	0	0	0	0	0	0	0	0	108	0	0	0	0	0	0	290	0	0	0	0	0	0	0	0	0	0	0	0	0	0	0	0	0	0	0	0	0	0	0	0	0	0	0	0	0	0	0	0	0	0	0	17992	1182	37266	6708	228	0	1552	108	4680	594	35714	3784	0	6566	14696	2260	772	0	0	0	518	528	5320	7332	1672	0	
262576	Cerebelum_8_R	0	0	0	0	0	0	0	0	0	0	0	0	0	0	0	0	0	0	0	0	0	0	0	0	0	0	0	0	0	0	0	0	0	0	0	0	0	0	0	0	0	0	0	0	0	0	0	0	0	0	0	0	0	0	0	0	0	0	0	0	0	0	0	0	0	0	0	0	0	0	0	0	0	0	0	0	0	0	0	0	0	0	0	0	0	0	0	0	0	0	856	13726	4376	37508	0	112	134	182	110	3282	3382	28506	6566	0	1446	16730	0	340	0	0	228	156	4424	6824	2400	0	
132712	Cerebelum_9_L	0	0	0	0	0	0	0	0	0	0	0	0	0	0	0	0	0	0	0	0	0	0	0	0	0	0	0	0	0	0	0	0	0	0	0	0	0	0	0	0	0	0	0	0	0	0	0	366	0	0	0	0	0	0	214	242	0	0	0	0	0	0	0	0	0	0	0	0	0	0	0	0	0	0	0	0	0	0	0	0	0	0	0	0	0	0	0	0	0	0	3176	1118	4550	1182	180	0	4422	748	5248	1606	4688	372	14696	1446	0	3364	2878	306	0	0	2934	3696	2068	3138	3294	424	
138908	Cerebelum_9_R	0	0	0	0	0	0	0	0	0	0	0	0	0	0	0	0	0	0	0	0	0	0	0	0	0	0	0	0	0	0	0	0	0	0	0	0	0	0	0	0	0	0	0	0	0	0	0	0	0	0	0	0	0	0	0	0	0	0	0	0	0	0	0	0	0	0	0	0	0	0	0	0	0	0	0	0	0	0	0	0	0	0	0	0	0	0	0	0	0	0	714	3024	1078	6804	0	292	2478	1368	1828	2480	200	4570	2260	16730	3364	0	220	1430	106	0	3352	3436	3068	4038	5734	880	
17924	Cerebelum_10_L	0	0	0	0	0	0	0	0	0	0	0	0	0	0	0	0	0	0	0	0	0	0	0	0	0	0	0	0	0	0	0	0	0	0	0	0	0	0	0	0	0	0	0	0	0	0	0	0	0	0	0	0	0	0	0	0	0	0	0	0	0	0	0	0	0	0	0	0	0	0	0	0	0	0	0	0	0	0	0	0	0	0	0	0	0	0	0	0	0	0	752	316	284	0	0	0	396	0	1348	460	226	0	772	0	2878	220	0	0	0	0	240	692	0	152	226	0	
18304	Cerebelum_10_R	0	0	0	0	0	0	0	0	0	0	0	0	0	0	0	0	0	0	0	0	0	0	0	0	0	0	0	0	0	0	0	0	0	0	0	0	0	0	0	0	0	0	0	0	0	0	0	0	0	0	0	0	0	0	0	0	0	0	0	0	0	0	0	0	0	0	0	0	0	0	0	0	0	0	0	0	0	0	0	0	0	0	0	0	0	0	0	0	0	0	0	1242	0	130	0	0	0	0	328	1540	0	0	0	340	306	1430	0	0	0	0	0	414	934	1258	1230	0	
22444	Vermis_1_2	0	0	0	0	0	0	0	0	0	0	0	0	0	0	0	0	0	0	0	0	0	0	0	0	0	0	0	0	0	0	0	0	0	0	0	0	0	0	0	0	0	0	0	0	0	0	0	0	0	0	0	0	0	0	0	0	0	0	0	0	0	0	0	0	0	0	0	0	0	0	0	0	0	0	0	0	0	0	0	0	0	0	0	0	0	0	0	0	0	0	0	308	0	0	674	992	1260	710	262	500	0	0	0	0	0	106	0	0	0	4046	2364	0	0	0	0	0	
39240	Vermis_3	0	0	0	0	0	0	0	0	0	0	0	0	0	0	0	0	0	0	0	0	0	0	0	0	0	0	0	0	0	0	0	0	0	0	0	0	114	0	366	0	0	0	0	0	0	0	186	0	0	0	0	0	0	0	0	0	0	0	0	0	0	0	0	0	0	0	0	0	0	0	0	0	0	0	0	0	118	0	0	0	0	0	0	0	0	0	0	0	0	0	0	940	0	0	1868	3102	2732	1328	372	1254	0	0	0	0	0	0	0	0	4046	0	3194	0	0	0	0	0	
264188	Vermis_4_5	0	0	0	0	0	0	0	0	0	0	0	0	0	0	0	0	0	0	0	0	0	0	0	0	0	0	0	0	0	0	0	0	0	0	138	944	136	676	0	494	0	0	0	350	0	0	5672	3672	0	0	0	0	0	156	2168	4678	0	0	0	0	0	0	0	0	0	0	0	1034	0	0	0	0	0	0	0	0	0	0	0	0	0	0	0	0	0	0	0	0	0	0	5166	10836	552	0	906	1704	21710	16446	14374	15062	0	0	518	228	2934	3352	240	0	2364	3194	0	9016	0	300	1748	1326	
221492	Vermis_6	0	0	0	0	0	0	0	0	0	0	0	0	0	0	0	0	0	0	0	0	0	0	0	0	0	0	0	0	0	0	0	0	0	0	0	0	0	0	0	0	0	0	0	0	0	0	6416	9464	0	0	0	0	0	798	2886	3970	0	0	0	0	0	0	0	0	0	0	0	0	0	0	0	0	0	0	0	0	0	0	0	0	0	0	0	0	0	0	0	0	0	0	9658	8202	1470	280	0	0	7510	1098	18106	13620	112	0	528	156	3696	3436	692	414	0	0	9016	0	3934	1396	2978	910	
165684	Vermis_7	0	0	0	0	0	0	0	0	0	0	0	0	0	0	0	0	0	0	0	0	0	0	0	0	0	0	0	0	0	0	0	0	0	0	0	0	0	0	0	0	0	0	0	0	0	0	1592	1296	0	0	0	0	0	160	238	466	0	0	0	0	0	0	0	0	0	0	0	0	0	0	0	0	0	0	0	0	0	0	0	0	0	0	0	0	0	0	0	0	0	0	5506	7688	10514	10144	0	0	0	0	3954	6348	3802	2704	5320	4424	2068	3068	0	934	0	0	0	3934	0	5832	2850	0	
