data	data	360816	297476	1.08074e+06	834892	129232	132132	606084	271072	59640	23492	330156	248240	306516	170292	171060	93316	297796	189884	713064	604560	126172	112904	535824	425304	34060	125016	75072	109040	662876	433832	413260	515992	208784	470324	68724	134540	268912	247724	102496	155688	55820	71188	180024	251076	165732	239416	250232	309152	232232	289896	519808	213940	120484	76880	389064	381136	284472	184032	169768	82044	248452	77096	153136	107308	95764	103852	169468	252808	275392	126444	246292	530544	480316	439528	92028	41260	178416	156936	93444	18392	291652	161920	118940	47120	282652	221508	30572	18796	309020	218592	491008	511916	380772	387972	34036	52332	345084	316332	513776	496804	333436	254448	352544	404452	91296	153488	8276	10684	19360	47276	312092	265580	319176	128152	89652	24912	
data	data	Precentral_L	Precentral_R	Frontal_Sup_L	Frontal_Sup_R	Frontal_Sup_Orb_L	Frontal_Sup_Orb_R	Frontal_Mid_L	Frontal_Mid_R	Frontal_Mid_Orb_L	Frontal_Mid_Orb_R	Frontal_Inf_Oper_L	Frontal_Inf_Oper_R	Frontal_Inf_Tri_L	Frontal_Inf_Tri_R	Frontal_Inf_Orb_L	Frontal_Inf_Orb_R	Rolandic_Oper_L	Rolandic_Oper_R	Supp_Motor_Area_L	Supp_Motor_Area_R	Olfactory_L	Olfactory_R	Frontal_Sup_Medial_L	Frontal_Sup_Medial_R	Frontal_Med_Orb_L	Frontal_Med_Orb_R	Rectus_L	Rectus_R	Insula_L	Insula_R	Cingulum_Ant_L	Cingulum_Ant_R	Cingulum_Mid_L	Cingulum_Mid_R	Cingulum_Post_L	Cingulum_Post_R	Hippocampus_L	Hippocampus_R	ParaHippocampal_L	ParaHippocampal_R	Amygdala_L	Amygdala_R	Calcarine_L	Calcarine_R	Cuneus_L	Cuneus_R	Lingual_L	Lingual_R	Occipital_Sup_L	Occipital_Sup_R	Occipital_Mid_L	Occipital_Mid_R	Occipital_Inf_L	Occipital_Inf_R	Fusiform_L	Fusiform_R	Postcentral_L	Postcentral_R	Parietal_Sup_L	Parietal_Sup_R	Parietal_Inf_L	Parietal_Inf_R	SupraMarginal_L	SupraMarginal_R	Angular_L	Angular_R	Precuneus_L	Precuneus_R	Paracentral_Lobule_L	Paracentral_Lobule_R	Caudate_L	Caudate_R	Putamen_L	Putamen_R	Pallidum_L	Pallidum_R	Thalamus_L	Thalamus_R	Heschl_L	Heschl_R	Temporal_Sup_L	Temporal_Sup_R	Temporal_Pole_Sup_L	Temporal_Pole_Sup_R	Temporal_Mid_L	Temporal_Mid_R	Temporal_Pole_Mid_L	Temporal_Pole_Mid_R	Temporal_Inf_L	Temporal_Inf_R	Cerebelum_Crus1_L	Cerebelum_Crus1_R	Cerebelum_Crus2_L	Cerebelum_Crus2_R	Cerebelum_3_L	Cerebelum_3_R	Cerebelum_4_5_L	Cerebelum_4_5_R	Cerebelum_6_L	Cerebelum_6_R	Cerebelum_7b_L	Cerebelum_7b_R	Cerebelum_8_L	Cerebelum_8_R	Cerebelum_9_L	Cerebelum_9_R	Cerebelum_10_L	Cerebelum_10_R	Vermis_1_2	Vermis_3	Vermis_4_5	Vermis_6	Vermis_7	Vermis_8	Vermis_9	Vermis_10	
360816	Precentral_L	0	764	16930	1210	0	0	16670	0	0	0	11710	0	1102	0	0	0	11850	0	10498	4136	0	0	0	0	0	0	0	0	10698	0	0	0	536	2264	1452	732	5976	690	836	0	0	0	0	0	96	0	534	0	100	0	1172	0	110	0	280	0	24720	694	1200	0	4374	0	554	0	0	0	170	112	20114	2268	134	1168	6942	1034	2498	0	5062	752	1446	0	3916	0	1874	0	466	0	0	0	564	0	0	0	0	0	0	0	0	0	0	0	0	0	0	0	0	0	0	0	0	0	0	0	0	0	0	0	
297476	Precentral_R	764	0	1532	18736	0	0	104	17604	0	0	106	11190	136	632	0	0	0	7664	1868	15186	0	0	0	104	0	0	0	0	276	4812	132	210	112	1856	264	2410	456	4696	0	336	0	0	0	128	0	300	0	374	0	242	0	94	0	98	0	178	0	16794	0	0	0	524	0	3076	0	0	0	1344	2222	6416	726	2454	390	2462	1212	422	2290	8960	0	800	0	3970	0	0	0	1216	0	0	0	860	0	0	0	0	0	0	0	0	0	0	0	0	0	0	0	0	0	0	0	0	0	0	0	0	0	0	
1.08074e+06	Frontal_Sup_L	16930	1532	0	9284	9346	0	85580	1522	3362	0	21350	2392	19024	444	5204	646	15404	494	58498	8160	748	104	65128	11084	1486	690	1784	0	32190	2606	27064	5956	5522	5586	0	0	5652	0	280	0	0	0	0	0	0	0	144	0	0	0	606	0	232	0	2706	0	8366	0	666	0	1674	0	562	0	0	0	0	0	1414	0	6988	19698	30544	15184	6090	0	3380	0	2736	0	8504	0	1020	0	464	0	0	0	4340	0	0	0	0	0	0	0	0	0	0	0	0	0	0	0	0	0	0	0	0	0	0	0	0	0	0	0	
834892	Frontal_Sup_R	1210	18736	9284	0	0	7688	2380	35920	0	510	530	11132	366	9386	0	6806	0	5634	7740	53914	198	698	12412	43334	126	7756	0	1946	1268	19918	7630	43150	3442	17906	314	1542	610	4192	0	1412	0	90	0	0	0	0	0	372	0	0	0	0	0	0	0	578	408	1128	0	0	0	0	0	280	0	0	0	294	1382	94	2866	22488	2186	20070	1990	2178	2538	18364	0	0	0	604	0	0	0	260	0	0	0	186	0	0	0	0	0	0	0	0	0	0	0	0	0	0	0	0	0	0	0	0	0	0	0	0	0	0	
129232	Frontal_Sup_Orb_L	0	0	9346	0	0	0	3046	0	8906	0	0	0	598	0	9376	0	0	0	0	0	1824	0	3504	308	2138	584	6270	166	5244	0	3600	182	364	0	0	0	0	0	152	0	446	0	0	0	0	0	0	0	0	0	0	0	0	0	0	0	0	0	0	0	0	0	0	0	0	0	0	0	0	0	1290	102	6410	0	0	0	0	0	0	0	0	0	760	0	0	0	0	0	0	0	0	0	0	0	0	0	0	0	0	0	0	0	0	0	0	0	0	0	0	0	0	0	0	0	0	0	
132132	Frontal_Sup_Orb_R	0	0	0	7688	0	0	0	1608	0	4668	0	0	0	0	0	4330	0	0	0	0	1454	3154	230	6238	438	9694	570	11010	0	1186	608	4406	0	0	0	0	0	0	0	0	0	444	0	0	0	0	0	0	0	0	0	0	0	0	0	0	0	0	0	0	0	0	0	0	0	0	0	0	0	0	1422	3664	764	2404	0	0	0	0	0	0	0	0	0	86	0	0	0	0	0	0	0	0	0	0	0	0	0	0	0	0	0	0	0	0	0	0	0	0	0	0	0	0	0	0	0	0	
606084	Frontal_Mid_L	16670	104	85580	2380	3046	0	0	104	4674	0	22232	134	37052	0	11806	0	9144	0	13154	528	236	0	27528	4708	212	110	398	0	19402	138	9414	1022	3006	2700	0	0	2014	0	234	0	0	0	0	0	0	0	134	0	0	0	178	0	86	0	164	0	1694	0	194	0	140	0	0	0	0	0	0	0	812	0	1996	1194	7878	492	0	0	1356	0	930	0	3732	0	3940	0	120	0	0	0	272	0	0	0	0	0	0	0	0	0	0	0	0	0	0	0	0	0	0	0	0	0	0	0	0	0	0	0	
271072	Frontal_Mid_R	0	17604	1522	35920	0	1608	104	0	0	1614	162	12154	192	14428	0	4422	0	1726	1306	7052	132	308	192	2186	0	0	0	726	588	11068	474	5436	156	1358	0	0	0	500	0	384	0	0	0	0	0	0	0	0	0	0	0	0	0	0	0	168	0	462	0	0	0	0	0	0	0	0	0	0	0	0	902	4752	802	3280	376	370	0	0	0	86	0	1016	0	0	0	0	0	0	0	0	0	0	0	0	0	0	0	0	0	0	0	0	0	0	0	0	0	0	0	0	0	0	0	0	0	0	
59640	Frontal_Mid_Orb_L	0	0	3362	0	8906	0	4674	0	0	0	0	0	1048	0	8422	0	0	0	0	0	0	0	0	0	302	0	2516	0	160	0	158	0	0	0	0	0	0	0	0	0	0	0	0	0	0	0	0	0	0	0	0	0	0	0	0	0	0	0	0	0	0	0	0	0	0	0	0	0	0	0	0	0	272	0	0	0	0	0	0	0	0	0	0	0	0	0	0	0	0	0	0	0	0	0	0	0	0	0	0	0	0	0	0	0	0	0	0	0	0	0	0	0	0	0	0	0	
23492	Frontal_Mid_Orb_R	0	0	0	510	0	4668	0	1614	0	0	0	0	0	122	0	3290	0	0	0	0	0	0	0	0	0	340	0	798	0	404	0	0	0	0	0	0	0	0	0	0	0	0	0	0	0	0	0	0	0	0	0	0	0	0	0	0	0	0	0	0	0	0	0	0	0	0	0	0	0	0	0	0	0	0	0	0	0	0	0	0	0	0	0	0	0	0	0	0	0	0	0	0	0	0	0	0	0	0	0	0	0	0	0	0	0	0	0	0	0	0	0	0	0	0	0	0	
330156	Frontal_Inf_Oper_L	11710	106	21350	530	0	0	22232	162	0	0	0	304	12898	210	302	254	19358	0	12426	1426	0	0	4532	328	0	0	0	0	28060	336	1388	414	228	254	0	0	1002	0	100	0	0	0	0	0	0	0	0	0	0	0	156	0	0	0	104	0	2756	0	164	0	100	0	0	0	0	0	0	0	238	0	1014	1774	1474	568	0	0	382	0	850	0	10236	0	4942	0	180	0	0	0	230	0	0	0	0	0	0	0	0	0	0	0	0	0	0	0	0	0	0	0	0	0	0	0	0	0	0	0	
248240	Frontal_Inf_Oper_R	0	11190	2392	11132	0	0	134	12154	0	0	304	0	288	9288	0	274	0	5744	3800	8180	0	164	380	864	0	0	0	382	468	27194	954	3916	480	5946	0	0	0	562	0	478	0	0	0	0	0	0	0	0	0	0	0	0	0	0	0	206	0	1680	0	0	0	0	0	0	0	0	0	0	0	0	468	6648	180	6164	0	86	0	0	0	382	0	928	0	710	0	0	0	0	0	0	0	0	0	0	0	0	0	0	0	0	0	0	0	0	0	0	0	0	0	0	0	0	0	0	0	0	
306516	Frontal_Inf_Tri_L	1102	136	19024	366	598	0	37052	192	1048	0	12898	288	0	840	17342	208	286	0	9922	0	220	0	8774	322	0	0	0	0	25026	352	6408	532	206	102	0	0	0	0	0	0	96	0	0	0	0	0	0	0	0	0	0	0	0	0	0	0	0	0	0	0	0	0	0	0	0	0	0	0	0	0	3348	2106	3332	184	0	0	0	0	0	0	236	0	712	0	0	0	0	0	0	0	0	0	0	0	0	0	0	0	0	0	0	0	0	0	0	0	0	0	0	0	0	0	0	0	0	0	
170292	Frontal_Inf_Tri_R	0	632	444	9386	0	0	0	14428	0	122	210	9288	840	0	172	2906	0	194	1158	1520	302	640	474	916	0	0	0	1518	920	18998	694	9734	362	2560	0	0	0	182	0	114	0	0	0	0	0	0	0	0	0	0	0	0	0	0	0	0	0	202	0	0	0	0	0	0	0	0	0	0	0	0	1078	1972	514	2456	0	210	0	0	0	0	0	0	0	0	0	0	0	0	0	0	0	0	0	0	0	0	0	0	0	0	0	0	0	0	0	0	0	0	0	0	0	0	0	0	0	0	
171060	Frontal_Inf_Orb_L	0	0	5204	0	9376	0	11806	0	8422	0	302	0	17342	172	0	0	0	0	220	0	2138	0	540	0	0	0	1018	0	17702	0	1422	98	0	0	0	0	0	0	482	0	402	0	0	0	0	0	0	0	0	0	0	0	0	0	0	0	0	0	0	0	0	0	0	0	0	0	0	0	0	0	2272	572	4092	102	0	0	0	0	0	0	0	0	1846	0	0	0	0	0	0	0	0	0	0	0	0	0	0	0	0	0	0	0	0	0	0	0	0	0	0	0	0	0	0	0	0	0	
93316	Frontal_Inf_Orb_R	0	0	646	6806	0	4330	0	4422	0	3290	254	274	208	2906	0	0	0	0	1004	674	252	822	176	1290	0	354	158	1194	666	5438	608	2144	168	910	0	0	0	0	0	114	0	248	0	0	0	0	0	0	0	0	0	0	0	0	0	0	0	0	0	0	0	0	0	0	0	0	0	0	0	0	726	4016	182	1746	102	0	0	0	0	0	0	0	0	372	0	0	0	0	0	158	0	0	0	0	0	0	0	0	0	0	0	0	0	0	0	0	0	0	0	0	0	0	0	0	0	0	
297796	Rolandic_Oper_L	11850	0	15404	0	0	0	9144	0	0	0	19358	0	286	0	0	0	0	0	5196	162	0	0	212	0	0	0	0	0	24684	0	142	0	166	94	0	0	1086	0	0	0	0	0	0	0	0	0	88	0	0	0	2814	0	0	0	94	0	10242	0	1108	0	2690	0	5894	0	302	0	0	0	462	0	0	2364	1196	2074	0	0	472	0	4664	0	18388	0	4104	0	2474	0	0	0	1684	0	0	0	0	0	0	0	0	0	0	0	0	0	0	0	0	0	0	0	0	0	0	0	0	0	0	0	
189884	Rolandic_Oper_R	0	7664	494	5634	0	0	0	1726	0	0	0	5744	0	194	0	0	0	0	816	6432	0	0	0	0	0	0	0	0	194	16878	0	256	0	524	0	320	0	1748	0	514	0	0	0	0	0	658	0	122	0	746	0	0	0	0	0	234	0	5450	0	246	0	462	0	3492	0	556	0	1672	0	798	0	1236	226	5778	0	194	0	140	0	2496	0	18494	0	952	0	1044	0	0	104	704	0	0	0	0	0	0	0	0	0	0	0	0	0	0	0	0	0	0	0	0	0	0	0	0	0	0	
713064	Supp_Motor_Area_L	10498	1868	58498	7740	0	0	13154	1306	0	0	12426	3800	9922	1158	220	1004	5196	816	0	33464	0	0	18402	3430	0	0	0	0	14512	4256	6742	4592	14560	16826	1010	784	2604	432	122	0	0	0	0	0	0	0	112	0	0	0	840	0	248	0	1244	0	7522	702	1016	0	2732	0	788	0	0	0	150	0	26354	1716	2724	10576	12188	7388	7760	246	13386	1196	1412	0	3386	200	392	0	504	0	0	0	2408	0	0	0	0	0	0	0	0	0	0	0	0	0	0	0	0	0	0	0	0	0	0	0	0	0	0	0	
604560	Supp_Motor_Area_R	4136	15186	8160	53914	0	0	528	7052	0	0	1426	8180	0	1520	0	674	162	6432	33464	0	0	0	1640	3760	0	0	0	0	2292	11760	3132	6810	8834	32500	424	1816	650	2406	0	568	0	0	0	0	0	0	0	220	0	0	0	0	0	0	0	292	660	5922	0	0	0	0	0	894	0	0	0	252	8282	10746	1866	15712	2798	9384	3444	1726	4954	14902	0	0	118	1458	0	0	0	618	0	0	160	446	0	0	0	0	0	0	0	0	0	0	0	0	0	0	0	0	0	0	0	0	0	0	0	0	0	0	
126172	Olfactory_L	0	0	748	198	1824	1454	236	132	0	0	0	0	220	302	2138	252	0	0	0	0	0	7934	468	130	556	2258	3962	2312	3160	590	4682	1816	0	0	0	0	246	0	1364	0	1862	214	0	0	0	0	0	0	0	0	0	0	0	0	156	0	0	0	0	0	0	0	0	0	0	0	0	0	0	0	11346	4536	6288	772	0	0	0	0	0	0	0	0	844	0	0	0	0	0	86	0	0	0	0	0	0	0	0	0	0	0	0	0	0	0	0	0	0	0	0	0	0	0	0	0	0	0	
112904	Olfactory_R	0	0	104	698	0	3154	0	308	0	0	0	164	0	640	0	822	0	0	0	0	7934	0	104	540	198	1734	2364	5456	0	1396	2070	3450	0	0	0	0	0	0	140	380	216	1300	0	0	0	0	0	0	0	0	0	0	0	0	0	102	0	0	0	0	0	0	0	0	0	0	0	0	0	0	9262	7616	4876	1320	0	0	0	0	0	0	0	0	0	104	0	0	0	0	0	0	0	0	0	0	0	0	0	0	0	0	0	0	0	0	0	0	0	0	0	0	0	0	0	0	0	0	
535824	Frontal_Sup_Medial_L	0	0	65128	12412	3504	230	27528	192	0	0	4532	380	8774	474	540	176	212	0	18402	1640	468	104	0	30072	2628	1144	1934	170	3248	634	30038	16696	7646	17046	0	0	0	0	0	0	0	0	0	0	0	0	0	0	0	0	0	0	0	0	0	0	0	0	0	0	0	0	0	0	0	0	0	0	0	0	2582	870	8062	178	0	0	0	0	0	0	172	0	0	0	0	0	0	0	96	0	0	0	0	0	0	0	0	0	0	0	0	0	0	0	0	0	0	0	0	0	0	0	0	0	0	0	
425304	Frontal_Sup_Medial_R	0	104	11084	43334	308	6238	4708	2186	0	0	328	864	322	916	0	1290	0	0	3430	3760	130	540	30072	0	850	10838	0	2072	582	1918	11404	34236	3732	20272	0	0	0	118	0	116	0	0	0	0	0	0	0	0	0	0	0	0	0	0	0	0	0	0	0	0	0	0	0	0	0	0	0	0	0	0	722	7516	886	6692	174	910	0	0	0	0	0	0	0	0	0	0	0	0	0	0	0	0	0	0	0	0	0	0	0	0	0	0	0	0	0	0	0	0	0	0	0	0	0	0	0	0	
34060	Frontal_Med_Orb_L	0	0	1486	126	2138	438	212	0	302	0	0	0	0	0	0	0	0	0	0	0	556	198	2628	850	0	1622	2350	618	0	0	2686	184	0	0	0	0	0	0	0	0	0	0	0	0	0	0	0	0	0	0	0	0	0	0	0	0	0	0	0	0	0	0	0	0	0	0	0	0	0	0	194	0	442	0	0	0	0	0	0	0	0	0	0	0	0	0	0	0	0	0	0	0	0	0	0	0	0	0	0	0	0	0	0	0	0	0	0	0	0	0	0	0	0	0	0	0	
125016	Frontal_Med_Orb_R	0	0	690	7756	584	9694	110	0	0	340	0	0	0	0	0	354	0	0	0	0	2258	1734	1144	10838	1622	0	410	9242	0	568	3760	5954	0	0	0	0	0	0	0	0	0	0	0	0	0	0	0	0	0	0	0	0	0	0	0	0	0	0	0	0	0	0	0	0	0	0	0	0	0	0	302	2436	310	2402	0	0	0	0	0	0	0	0	0	0	0	0	0	0	0	0	0	0	0	0	0	0	0	0	0	0	0	0	0	0	0	0	0	0	0	0	0	0	0	0	0	0	
75072	Rectus_L	0	0	1784	0	6270	570	398	0	2516	0	0	0	0	0	1018	158	0	0	0	0	3962	2364	1934	0	2350	410	0	938	936	240	2754	0	194	0	0	0	122	0	184	0	840	90	0	0	0	0	0	0	0	0	0	0	0	0	118	0	0	0	0	0	0	0	0	0	0	0	0	0	0	0	4272	1692	1422	0	0	0	0	0	0	0	0	0	0	0	0	0	0	0	0	0	0	0	0	0	0	0	0	0	0	0	0	0	0	0	0	0	0	0	0	0	0	0	0	0	0	0	
109040	Rectus_R	0	0	0	1946	166	11010	0	726	0	798	0	382	0	1518	0	1194	0	0	0	0	2312	5456	170	2072	618	9242	938	0	0	2126	854	4376	0	180	0	0	0	0	0	0	0	728	0	0	0	0	0	0	0	0	0	0	0	0	0	0	0	0	0	0	0	0	0	0	0	0	0	0	0	0	2276	3264	1382	786	0	0	0	0	0	0	0	0	0	0	0	0	0	0	0	0	0	0	0	0	0	0	0	0	0	0	0	0	0	0	0	0	0	0	0	0	0	0	0	0	0	0	
662876	Insula_L	10698	276	32190	1268	5244	0	19402	588	160	0	28060	468	25026	920	17702	666	24684	194	14512	2292	3160	0	3248	582	0	0	936	0	0	680	7950	1094	598	648	136	0	10940	0	1070	0	2944	0	0	0	0	0	222	0	0	0	3110	0	488	0	5274	0	6416	0	2344	0	1830	0	2220	0	0	0	196	0	826	0	5702	10006	22044	4810	88	0	620	0	10526	0	15544	0	6810	0	3132	0	0	0	10894	0	0	0	0	0	0	0	0	0	0	0	0	0	0	0	0	0	0	0	0	0	0	0	0	0	0	0	
433832	Insula_R	0	4812	2606	19918	0	1186	138	11068	0	404	336	27194	352	18998	0	5438	0	16878	4256	11760	590	1396	634	1918	0	568	240	2126	680	0	1216	10858	662	7040	0	924	0	4682	0	1576	0	426	0	0	0	0	0	392	0	104	0	0	0	0	0	1630	0	1260	0	0	0	0	0	292	0	0	0	792	0	162	1042	8496	612	20592	0	550	0	550	0	1290	0	9516	0	1332	0	4074	0	0	104	3246	0	0	0	0	0	0	0	0	0	0	0	0	0	0	0	0	0	0	0	0	0	0	0	0	0	0	
413260	Cingulum_Ant_L	0	132	27064	7630	3600	608	9414	474	158	0	1388	954	6408	694	1422	608	142	0	6742	3132	4682	2070	30038	11404	2686	3760	2754	854	7950	1216	0	20448	10006	9806	0	0	0	0	0	0	206	0	0	0	0	0	0	0	0	0	0	0	0	0	0	0	0	0	0	0	0	0	0	0	0	0	0	0	0	0	9240	4746	12594	1478	0	0	0	0	0	0	122	0	0	0	0	0	0	0	0	0	0	0	0	0	0	0	0	0	0	0	0	0	0	0	0	0	0	0	0	0	0	0	0	0	0	0	
515992	Cingulum_Ant_R	0	210	5956	43150	182	4406	1022	5436	0	0	414	3916	532	9734	98	2144	0	256	4592	6810	1816	3450	16696	34236	184	5954	0	4376	1094	10858	20448	0	7880	26192	0	0	0	920	0	782	0	0	0	0	0	0	0	0	0	0	0	0	0	0	0	232	0	0	0	0	0	0	0	0	0	0	0	0	0	0	3114	15148	2074	11988	264	1432	0	0	0	0	0	0	0	0	0	0	0	0	0	0	0	0	0	0	0	0	0	0	0	0	0	0	0	0	0	0	0	0	0	0	0	0	0	0	0	0	
208784	Cingulum_Mid_L	536	112	5522	3442	364	0	3006	156	0	0	228	480	206	362	0	168	166	0	14560	8834	0	0	7646	3732	0	0	194	0	598	662	10006	7880	0	18082	2748	720	0	0	0	0	0	0	0	0	504	0	0	0	504	0	1252	0	0	0	0	0	424	862	446	0	526	0	0	0	0	0	2030	436	2762	1002	394	432	1098	330	526	0	0	0	132	0	0	0	0	0	212	0	0	0	110	0	0	0	0	0	0	0	0	0	0	0	0	0	0	0	0	0	0	0	0	0	0	0	0	0	0	0	
470324	Cingulum_Mid_R	2264	1856	5586	17906	0	0	2700	1358	0	0	254	5946	102	2560	0	910	94	524	16826	32500	0	0	17046	20272	0	0	0	180	648	7040	9806	26192	18082	0	352	7760	106	176	0	168	0	0	0	204	0	1390	0	98	0	904	0	334	0	0	0	100	0	6644	0	94	0	0	0	0	0	0	116	5518	5068	9582	362	1958	850	1248	384	172	390	0	0	0	0	0	0	162	0	206	0	0	0	164	0	0	0	0	0	0	0	0	0	0	0	0	0	0	0	0	0	0	0	0	0	0	0	0	0	0	
68724	Cingulum_Post_L	1452	264	0	314	0	0	0	0	0	0	0	0	0	0	0	0	0	0	1010	424	0	0	0	0	0	0	0	0	136	0	0	0	2748	352	0	2236	2672	1030	570	0	0	0	1296	0	246	0	1084	0	120	0	2984	0	170	0	0	0	300	0	718	0	0	0	0	0	0	0	5708	178	4756	120	0	0	94	0	0	0	1692	1022	172	0	0	0	0	0	386	0	0	0	108	0	0	0	0	0	0	0	0	0	0	0	0	0	0	0	0	0	0	0	0	0	0	0	0	0	0	0	
134540	Cingulum_Post_R	732	2410	0	1542	0	0	0	0	0	0	0	0	0	0	0	0	0	320	784	1816	0	0	0	0	0	0	0	0	0	924	0	0	720	7760	2236	0	634	5528	0	236	0	0	0	1354	0	1996	0	3218	0	2336	0	1608	0	456	0	348	0	2646	0	350	0	0	0	404	0	104	0	9924	1764	4070	0	0	0	594	0	0	2952	4582	0	0	0	270	0	0	0	942	0	0	0	1056	0	0	0	0	0	0	0	0	0	0	0	0	0	0	0	0	0	0	0	0	654	0	0	0	0	0	
268912	Hippocampus_L	5976	456	5652	610	0	0	2014	0	0	0	1002	0	0	0	0	0	1086	0	2604	650	246	0	0	0	0	0	122	0	10940	0	0	0	0	106	2672	634	0	866	13134	0	7332	0	1538	0	0	0	5866	362	0	0	504	0	1608	0	16922	0	1170	0	0	0	0	0	138	0	0	0	2248	0	2884	0	126	1094	13510	970	304	0	3954	728	3010	0	2822	0	838	0	3066	0	92	0	14092	0	154	0	0	0	0	0	0	0	0	0	0	0	0	0	0	0	0	0	94	260	0	0	0	0	0	0	
247724	Hippocampus_R	690	4696	0	4192	0	0	0	500	0	0	0	562	0	182	0	0	0	1748	432	2406	0	0	0	118	0	0	0	0	0	4682	0	920	0	176	1030	5528	866	0	266	21856	0	10000	0	598	0	0	0	3438	0	434	0	212	0	0	0	17114	0	0	0	236	0	0	0	180	0	0	0	4334	1020	0	0	658	96	11340	0	1108	1912	3834	0	182	0	1764	0	200	0	5602	0	0	0	8632	0	0	0	0	0	0	0	0	0	0	0	0	0	0	0	0	0	0	0	0	118	0	0	0	0	0	
102496	ParaHippocampal_L	836	0	280	0	152	0	234	0	0	0	100	0	0	0	482	0	0	0	122	0	1364	140	0	0	0	0	184	0	1070	0	0	0	0	0	570	0	13134	266	0	86	3366	0	874	0	0	0	7156	320	0	0	482	0	264	0	8580	0	246	0	0	0	0	0	0	0	0	0	1006	0	352	0	718	0	2158	0	0	0	920	0	0	0	0	0	1854	0	134	0	1550	0	1320	0	90	0	0	0	96	0	216	0	164	0	0	0	0	0	0	0	0	0	122	240	0	0	0	0	0	0	
155688	ParaHippocampal_R	0	336	0	1412	0	0	0	384	0	0	0	478	0	114	0	114	0	514	0	568	0	380	0	116	0	0	0	0	0	1576	0	782	0	168	0	236	0	21856	86	0	0	9840	0	806	0	0	0	3290	0	0	0	0	0	510	0	18842	0	0	0	0	0	0	0	0	0	0	0	1236	0	0	0	496	0	6954	0	1024	142	0	0	0	0	188	0	868	0	254	0	490	0	2860	0	112	0	0	0	0	0	812	0	0	0	0	0	0	0	0	0	0	0	0	0	0	0	0	0	0	
55820	Amygdala_L	0	0	0	0	446	0	0	0	0	0	0	0	96	0	402	0	0	0	0	0	1862	216	0	0	0	0	840	0	2944	0	206	0	0	0	0	0	7332	0	3366	0	0	0	0	0	0	0	0	0	0	0	0	0	0	0	4074	0	0	0	0	0	0	0	0	0	0	0	0	0	0	0	1634	118	2406	0	0	0	0	0	0	0	0	0	494	0	0	0	264	0	1210	0	0	0	0	0	0	0	0	0	0	0	0	0	0	0	0	0	0	0	0	0	0	0	0	0	0	0	
71188	Amygdala_R	0	0	0	90	0	444	0	0	0	0	0	0	0	0	0	248	0	0	0	0	214	1300	0	0	0	0	90	728	0	426	0	0	0	0	0	0	0	10000	0	9840	0	0	0	0	0	0	0	0	0	0	0	0	0	0	0	8234	0	0	0	0	0	0	0	0	0	0	0	0	0	0	214	346	134	1530	0	0	0	0	0	0	0	0	0	1258	0	0	0	0	0	498	0	0	0	0	0	0	0	0	0	0	0	0	0	0	0	0	0	0	0	0	0	0	0	0	0	0	
180024	Calcarine_L	0	0	0	0	0	0	0	0	0	0	0	0	0	0	0	0	0	0	0	0	0	0	0	0	0	0	0	0	0	0	0	0	0	0	1296	0	1538	0	874	0	0	0	0	5902	9542	3736	14774	2024	14356	1164	19082	588	3808	0	1006	134	556	0	1172	0	512	0	0	0	0	0	7364	372	0	0	0	0	0	0	0	0	100	0	0	0	0	0	0	0	112	0	0	0	0	0	0	0	0	0	0	0	0	0	0	0	0	0	0	0	0	0	0	0	0	0	0	0	0	0	0	0	
251076	Calcarine_R	0	128	0	0	0	0	0	0	0	0	0	0	0	0	0	0	0	0	0	0	0	0	0	0	0	0	0	0	0	0	0	0	0	204	0	1354	0	598	0	806	0	0	5902	0	2470	24630	1934	16688	0	20450	0	14640	0	7988	0	10118	0	252	0	428	0	100	0	0	0	170	132	10718	0	144	0	0	0	0	0	0	0	0	0	0	0	0	0	0	0	1662	0	0	0	3368	0	260	0	0	0	0	0	0	0	286	0	0	0	0	0	0	0	0	0	0	108	0	0	0	0	0	
165732	Cuneus_L	96	0	0	0	0	0	0	0	0	0	0	0	0	0	0	0	0	0	0	0	0	0	0	0	0	0	0	0	0	0	0	0	504	0	246	0	0	0	0	0	0	0	9542	2470	0	4106	806	0	25024	1242	20724	290	906	0	254	0	638	0	2956	0	478	0	0	0	132	0	10280	680	256	0	0	0	0	0	0	0	0	0	0	0	0	0	0	0	980	0	0	0	256	0	0	0	0	0	0	0	0	0	0	0	0	0	0	0	0	0	0	0	0	0	0	0	0	0	0	0	
239416	Cuneus_R	0	300	0	0	0	0	0	0	0	0	0	0	0	0	0	0	0	658	0	0	0	0	0	0	0	0	0	0	0	0	0	0	0	1390	0	1996	0	0	0	0	0	0	3736	24630	4106	0	534	3286	114	32352	0	11740	0	1072	0	1664	0	1802	0	3988	0	108	0	650	0	272	1470	20192	0	678	0	0	0	0	0	0	0	0	0	0	0	360	0	0	0	1432	0	0	0	1056	0	0	0	0	0	0	0	0	0	122	0	0	0	0	0	0	0	0	0	0	0	0	0	0	0	0	
250232	Lingual_L	534	0	144	0	0	0	134	0	0	0	0	0	0	0	0	0	88	0	112	0	0	0	0	0	0	0	0	0	222	0	0	0	0	0	1084	0	5866	0	7156	0	0	0	14774	1934	806	534	0	3280	2548	178	14964	0	7304	0	18086	1712	156	0	0	0	0	0	0	0	0	0	3962	0	402	0	0	0	978	0	0	0	1372	0	0	0	0	0	0	0	196	0	0	0	1046	0	3678	2030	134	172	0	0	6764	1606	10706	3046	140	0	0	0	0	0	0	0	0	0	3476	3198	500	0	0	94	
309152	Lingual_R	0	374	0	372	0	0	0	0	0	0	0	0	0	0	0	0	0	122	0	220	0	0	0	0	0	0	0	0	0	392	0	0	0	98	0	3218	362	3438	320	3290	0	0	2024	16688	0	3286	3280	0	0	3896	0	2182	0	3812	1828	21188	0	0	0	0	0	0	0	0	0	0	0	6940	0	0	0	0	0	642	0	0	356	1460	0	0	0	112	0	0	0	234	0	0	0	1752	2476	11190	0	246	448	88	6564	11602	6792	14602	182	0	144	104	444	0	0	0	0	236	11244	5568	760	0	0	0	
232232	Occipital_Sup_L	100	0	0	0	0	0	0	0	0	0	0	0	0	0	0	0	0	0	0	0	0	0	0	0	0	0	0	0	0	0	0	0	504	0	120	0	0	0	0	0	0	0	14356	0	25024	114	2548	0	0	0	40288	0	2684	0	274	0	2742	0	9628	0	4074	0	0	0	132	0	12934	0	118	0	0	0	0	0	0	0	0	0	0	0	0	0	0	0	476	0	0	0	0	0	0	0	0	0	0	0	0	0	0	0	0	0	0	0	0	0	0	0	0	0	0	0	0	0	0	0	
289896	Occipital_Sup_R	0	242	0	0	0	0	0	0	0	0	0	0	0	0	0	0	0	746	0	0	0	0	0	0	0	0	0	0	0	104	0	0	0	904	0	2336	0	434	0	0	0	0	1164	20450	1242	32352	178	3896	0	0	0	27802	0	1646	0	1610	0	1768	0	9308	0	2566	0	1090	0	7522	0	14702	0	882	0	0	0	0	0	0	0	0	0	0	0	974	0	0	0	7112	0	0	0	3790	0	0	0	0	0	0	0	0	0	128	0	0	0	0	0	0	0	0	0	0	0	0	0	0	0	0	
519808	Occipital_Mid_L	1172	0	606	0	0	0	178	0	0	0	156	0	0	0	0	0	2814	0	840	0	0	0	0	0	0	0	0	0	3110	0	0	0	1252	0	2984	0	504	0	482	0	0	0	19082	0	20724	0	14964	0	40288	0	0	0	17696	0	5538	0	8666	0	20962	0	20512	0	2860	0	11942	0	16292	0	3552	0	0	386	0	326	0	0	0	0	2102	0	3840	0	122	0	26684	0	0	0	9268	0	0	0	0	0	0	0	0	0	0	0	0	0	0	0	0	0	0	0	0	0	0	0	0	0	0	0	
213940	Occipital_Mid_R	0	94	0	0	0	0	0	0	0	0	0	0	0	0	0	0	0	0	0	0	0	0	0	0	0	0	0	0	0	0	0	0	0	334	0	1608	0	212	0	0	0	0	588	14640	290	11740	0	2182	0	27802	0	0	0	4254	0	1160	0	516	0	3056	0	2876	0	0	0	13822	0	6834	0	324	0	0	0	0	0	0	0	0	0	0	0	324	0	0	0	11852	0	0	0	2462	0	0	0	0	0	0	0	0	0	0	0	0	0	0	0	0	0	0	0	0	0	0	0	0	0	0	
120484	Occipital_Inf_L	110	0	232	0	0	0	86	0	0	0	0	0	0	0	0	0	0	0	248	0	0	0	0	0	0	0	0	0	488	0	0	0	0	0	170	0	1608	0	264	0	0	0	3808	0	906	0	7304	0	2684	0	17696	0	0	0	9812	0	100	0	0	0	0	0	0	0	0	0	1218	0	146	0	0	116	532	122	0	0	0	0	610	0	768	0	0	0	3578	0	0	0	7044	0	132	0	0	0	0	0	166	0	174	0	0	0	0	0	0	0	0	0	0	0	120	0	0	0	0	0	
76880	Occipital_Inf_R	0	98	0	0	0	0	0	0	0	0	0	0	0	0	0	0	0	0	0	0	0	0	0	0	0	0	0	0	0	0	0	0	0	0	0	456	0	0	0	510	0	0	0	7988	0	1072	0	3812	0	1646	0	4254	0	0	0	7232	0	174	0	214	0	226	0	0	0	94	0	2016	0	0	0	0	0	0	0	0	0	0	0	0	0	0	0	0	0	1056	0	0	0	7212	0	380	0	0	0	0	0	0	0	0	0	0	0	0	0	0	0	0	0	0	0	0	0	0	0	0	
389064	Fusiform_L	280	0	2706	0	0	0	164	0	0	0	104	0	0	0	0	0	94	0	1244	0	156	0	0	0	0	0	118	0	5274	0	0	0	0	0	0	0	16922	0	8580	0	4074	0	1006	0	254	0	18086	1828	274	0	5538	0	9812	0	0	1786	0	0	0	0	0	0	0	0	0	0	398	0	0	0	116	566	5888	376	0	0	218	0	244	0	1154	0	2450	0	1870	0	2016	0	19844	0	19490	2944	1064	600	100	0	13820	2112	26300	3482	336	0	458	534	0	146	0	0	0	0	4850	3324	1284	0	98	150	
381136	Fusiform_R	0	178	0	578	0	0	0	168	0	0	0	206	0	0	0	0	0	234	0	292	0	102	0	0	0	0	0	0	0	1630	0	232	0	100	0	348	0	17114	0	18842	0	8234	134	10118	0	1664	1712	21188	0	1610	0	1160	0	7232	1786	0	0	0	0	108	0	0	0	0	0	0	0	2830	0	0	0	142	0	3934	0	828	0	0	0	0	0	1170	0	2468	0	2778	0	548	0	13388	2510	13558	0	90	318	0	4700	11022	5850	16416	128	0	112	0	308	0	0	0	0	320	7760	3488	932	0	0	0	
284472	Postcentral_L	24720	0	8366	408	0	0	1694	0	0	0	2756	0	0	0	0	0	10242	0	7522	660	0	0	0	0	0	0	0	0	6416	0	0	0	424	0	300	0	1170	0	246	0	0	0	556	0	638	0	156	0	2742	0	8666	0	100	0	0	0	0	0	7500	0	19016	0	14690	0	470	0	2060	0	6050	0	0	1700	1584	1544	242	0	0	0	2714	0	3978	0	656	0	1514	0	0	0	736	0	0	0	0	0	0	0	0	0	0	0	0	0	0	0	0	0	0	0	0	0	0	0	0	0	0	0	
184032	Postcentral_R	694	16794	0	1128	0	0	0	462	0	0	0	1680	0	202	0	0	0	5450	702	5922	0	0	0	0	0	0	0	0	0	1260	0	0	862	6644	0	2646	0	0	0	0	0	0	0	252	0	1802	0	0	0	1768	0	516	0	174	0	0	0	0	0	3010	0	5206	0	12960	0	220	104	5906	854	9318	0	0	0	258	0	0	0	0	0	184	0	3426	0	0	0	930	0	0	0	682	0	0	0	0	0	0	0	0	0	0	0	0	0	0	0	0	0	0	0	0	0	0	0	0	0	0	
169768	Parietal_Sup_L	1200	0	666	0	0	0	194	0	0	0	164	0	0	0	0	0	1108	0	1016	0	0	0	0	0	0	0	0	0	2344	0	0	0	446	0	718	0	0	0	0	0	0	0	1172	0	2956	0	0	0	9628	0	20962	0	0	0	0	0	7500	0	0	0	17200	0	1822	0	1244	0	8886	0	1332	0	0	330	0	282	0	0	0	0	0	0	1604	0	122	0	1328	0	0	0	660	0	0	0	0	0	0	0	0	0	0	0	0	0	0	0	0	0	0	0	0	0	0	0	0	0	0	0	
82044	Parietal_Sup_R	0	0	0	0	0	0	0	0	0	0	0	0	0	0	0	0	0	246	0	0	0	0	0	0	0	0	0	0	0	0	0	0	0	94	0	350	0	236	0	0	0	0	0	428	0	3988	0	0	0	9308	0	3056	0	214	0	108	0	3010	0	0	0	2870	0	658	0	4712	0	7574	0	786	0	0	0	0	0	0	0	0	0	0	0	152	0	0	0	1624	0	0	0	1608	0	0	0	0	0	0	0	0	0	0	0	0	0	0	0	0	0	0	0	0	0	0	0	0	0	0	
248452	Parietal_Inf_L	4374	0	1674	0	0	0	140	0	0	0	100	0	0	0	0	0	2690	0	2732	0	0	0	0	0	0	0	0	0	1830	0	0	0	526	0	0	0	0	0	0	0	0	0	512	0	478	0	0	0	4074	0	20512	0	0	0	0	0	19016	0	17200	0	0	0	17248	0	13682	0	736	0	1722	0	0	476	0	410	0	0	0	0	314	0	6330	0	0	0	5192	0	0	0	2258	0	0	0	0	0	0	0	0	0	0	0	0	0	0	0	0	0	0	0	0	0	0	0	0	0	0	0	
77096	Parietal_Inf_R	0	524	0	0	0	0	0	0	0	0	0	0	0	0	0	0	0	462	0	0	0	0	0	0	0	0	0	0	0	0	0	0	0	0	0	0	0	0	0	0	0	0	0	100	0	108	0	0	0	2566	0	2876	0	226	0	0	0	5206	0	2870	0	0	0	11030	0	8720	0	506	0	604	0	0	0	0	0	0	0	0	0	0	0	346	0	0	0	1464	0	0	0	940	0	0	0	0	0	0	0	0	0	0	0	0	0	0	0	0	0	0	0	0	0	0	0	0	0	0	
153136	SupraMarginal_L	554	0	562	0	0	0	0	0	0	0	0	0	0	0	0	0	5894	0	788	0	0	0	0	0	0	0	0	0	2220	0	0	0	0	0	0	0	138	0	0	0	0	0	0	0	0	0	0	0	0	0	2860	0	0	0	0	0	14690	0	1822	0	17248	0	0	0	6384	0	0	0	118	0	0	328	214	284	0	0	0	0	1524	0	13166	0	0	0	5764	0	0	0	2010	0	0	0	0	0	0	0	0	0	0	0	0	0	0	0	0	0	0	0	0	0	0	0	0	0	0	0	
107308	SupraMarginal_R	0	3076	0	280	0	0	0	0	0	0	0	0	0	0	0	0	0	3492	0	894	0	0	0	0	0	0	0	0	0	292	0	0	0	0	0	404	0	180	0	0	0	0	0	0	0	650	0	0	0	1090	0	0	0	0	0	0	0	12960	0	658	0	11030	0	0	0	3656	0	1840	0	1050	0	0	0	0	0	0	0	0	0	0	0	4750	0	0	0	4384	0	0	0	2968	0	0	0	0	0	0	0	0	0	0	0	0	0	0	0	0	0	0	0	0	0	0	0	0	0	0	
95764	Angular_L	0	0	0	0	0	0	0	0	0	0	0	0	0	0	0	0	302	0	0	0	0	0	0	0	0	0	0	0	0	0	0	0	0	0	0	0	0	0	0	0	0	0	0	0	132	0	0	0	132	0	11942	0	0	0	0	0	470	0	1244	0	13682	0	6384	0	0	0	0	0	0	0	0	0	0	0	0	0	0	0	0	0	3966	0	0	0	7840	0	0	0	1788	0	0	0	0	0	0	0	0	0	0	0	0	0	0	0	0	0	0	0	0	0	0	0	0	0	0	0	
103852	Angular_R	0	0	0	0	0	0	0	0	0	0	0	0	0	0	0	0	0	556	0	0	0	0	0	0	0	0	0	0	0	0	0	0	0	0	0	104	0	0	0	0	0	0	0	170	0	272	0	0	0	7522	0	13822	0	94	0	0	0	220	0	4712	0	8720	0	3656	0	0	0	388	0	0	0	0	0	0	0	0	0	0	0	0	0	2762	0	0	0	6448	0	0	0	2480	0	0	0	0	0	0	0	0	0	0	0	0	0	0	0	0	0	0	0	0	0	0	0	0	0	0	
169468	Precuneus_L	170	0	0	0	0	0	0	0	0	0	0	0	0	0	0	0	0	0	150	0	0	0	0	0	0	0	0	0	196	0	0	0	2030	116	5708	0	2248	0	1006	0	0	0	7364	132	10280	1470	3962	0	12934	0	16292	0	1218	0	398	0	2060	104	8886	0	736	0	0	0	0	0	0	2856	2832	0	0	0	0	0	0	0	96	0	172	0	0	0	0	0	942	0	0	0	376	0	0	0	0	0	0	0	0	0	0	0	0	0	0	0	0	0	0	0	0	0	0	0	0	0	0	0	
252808	Precuneus_R	112	1344	0	294	0	0	0	0	0	0	0	0	0	0	0	0	0	1672	0	252	0	0	0	0	0	0	0	0	0	792	0	0	436	5518	178	9924	0	4334	0	1236	0	0	372	10718	680	20192	0	6940	0	14702	0	6834	0	2016	0	2830	0	5906	0	7574	0	506	0	1840	0	388	2856	0	160	3882	0	0	0	670	0	92	152	1608	0	0	0	1212	0	0	0	3346	0	0	0	4040	0	0	0	0	0	0	0	0	0	0	0	0	0	0	0	0	0	0	0	0	796	0	0	0	0	0	
275392	Paracentral_Lobule_L	20114	2222	1414	1382	0	0	812	0	0	0	238	0	0	0	0	0	462	0	26354	8282	0	0	0	0	0	0	0	0	826	0	0	0	2762	5068	4756	1764	2884	1020	352	0	0	0	0	0	256	0	402	0	118	0	3552	0	146	0	0	0	6050	854	1332	0	1722	0	118	0	0	0	2832	160	0	5554	648	0	4496	0	2670	0	21550	1960	364	0	320	0	172	0	1092	0	0	0	616	0	0	0	0	0	0	0	0	0	0	0	0	0	0	0	0	0	0	0	0	0	0	0	0	0	0	0	
126444	Paracentral_Lobule_R	2268	6416	0	94	0	0	0	0	0	0	0	0	0	0	0	0	0	798	1716	10746	0	0	0	0	0	0	0	0	0	162	0	0	1002	9582	120	4070	0	0	0	0	0	0	0	144	0	678	0	0	0	882	0	324	0	0	0	0	0	9318	0	786	0	604	0	1050	0	0	0	3882	5554	0	120	0	0	108	0	0	148	0	0	0	0	770	0	0	0	1124	0	0	0	756	0	0	0	0	0	0	0	0	0	0	0	0	0	0	0	0	0	0	0	0	0	0	0	0	0	0	
246292	Caudate_L	134	726	6988	2866	1290	1422	1996	902	0	0	1014	468	3348	1078	2272	726	0	0	2724	1866	11346	9262	2582	722	194	302	4272	2276	5702	1042	9240	3114	394	362	0	0	126	0	718	0	1634	214	0	0	0	0	0	0	0	0	0	0	0	0	116	0	0	0	0	0	0	0	0	0	0	0	0	0	648	120	0	13916	18146	2546	1040	0	2298	826	0	0	0	0	168	0	0	0	0	0	0	0	0	0	0	0	0	0	0	0	0	0	0	0	0	0	0	0	0	0	0	0	0	0	0	0	0	0	
530544	Caudate_R	1168	2454	19698	22488	102	3664	1194	4752	0	0	1774	6648	2106	1972	572	4016	2364	1236	10576	15712	4536	7616	870	7516	0	2436	1692	3264	10006	8496	4746	15148	432	1958	0	0	1094	658	0	496	118	346	0	0	0	0	0	0	0	0	386	0	116	0	566	142	1700	0	330	0	476	0	328	0	0	0	0	0	0	0	13916	0	13174	38226	2912	3898	2556	9072	1306	0	644	86	86	0	150	0	0	0	1278	0	0	0	0	0	0	0	0	0	0	0	0	0	0	0	0	0	0	0	0	0	0	0	0	0	0	0	
480316	Putamen_L	6942	390	30544	2186	6410	764	7878	802	272	0	1474	180	3332	514	4092	182	1196	226	12188	2798	6288	4876	8062	886	442	310	1422	1382	22044	612	12594	2074	1098	850	94	0	13510	96	2158	0	2406	134	0	0	0	0	978	0	0	0	0	0	532	0	5888	0	1584	0	0	0	0	0	214	0	0	0	0	0	4496	0	18146	13174	0	3882	10724	0	4996	270	414	0	1720	0	1072	0	712	0	0	0	7648	0	0	0	0	0	0	0	0	0	0	0	0	0	0	0	0	0	0	0	0	0	0	0	0	0	0	0	
439528	Putamen_R	1034	2462	15184	20070	0	2404	492	3280	0	0	568	6164	184	2456	102	1746	2074	5778	7388	9384	772	1320	178	6692	0	2402	0	786	4810	20592	1478	11988	330	1248	0	594	970	11340	0	6954	0	1530	0	0	0	0	0	642	0	0	326	0	122	0	376	3934	1544	258	282	0	410	0	284	0	0	0	0	670	0	108	2546	38226	3882	0	1394	5066	0	518	1192	0	370	1090	0	146	136	226	0	0	892	370	0	0	0	0	0	0	0	0	0	0	0	0	0	0	0	0	0	0	0	0	0	0	0	0	0	0	
92028	Pallidum_L	2498	1212	6090	1990	0	0	0	376	0	0	0	0	0	0	0	102	0	0	7760	3444	0	0	0	174	0	0	0	0	88	0	0	264	526	384	0	0	304	0	0	0	0	0	0	0	0	0	0	0	0	0	0	0	0	0	0	0	242	0	0	0	0	0	0	0	0	0	0	0	2670	0	1040	2912	10724	1394	0	0	1498	322	0	0	0	0	0	0	0	0	0	0	0	0	0	0	0	0	0	0	0	0	0	0	0	0	0	0	0	0	0	0	0	0	0	0	0	0	0	0	
41260	Pallidum_R	0	422	0	2178	0	0	0	370	0	0	0	86	0	210	0	0	0	194	246	1726	0	0	0	910	0	0	0	0	0	550	0	1432	0	172	0	0	0	1108	0	1024	0	0	0	0	0	0	0	0	0	0	0	0	0	0	0	828	0	0	0	0	0	0	0	0	0	0	0	92	0	0	0	3898	0	5066	0	0	0	0	0	0	0	118	0	0	0	0	0	0	0	0	0	0	0	0	0	0	0	0	0	0	0	0	0	0	0	0	0	0	0	0	0	0	0	0	0	0	
178416	Thalamus_L	5062	2290	3380	2538	0	0	1356	0	0	0	382	0	0	0	0	0	472	0	13386	4954	0	0	0	0	0	0	0	0	620	0	0	0	0	390	1692	2952	3954	1912	920	142	0	0	100	0	0	0	1372	356	0	0	0	0	0	0	218	0	0	0	0	0	0	0	0	0	0	0	96	152	21550	148	2298	2556	4996	0	1498	0	0	6942	0	0	286	0	238	0	0	0	0	0	0	0	0	0	0	0	0	0	0	0	0	0	0	0	0	0	0	0	0	0	0	0	0	0	0	0	0	0	
156936	Thalamus_R	752	8960	0	18364	0	0	0	0	0	0	0	0	0	0	0	0	0	140	1196	14902	0	0	0	0	0	0	0	0	0	550	0	0	0	0	1022	4582	728	3834	0	0	0	0	0	0	0	0	0	1460	0	0	0	0	0	0	0	0	0	0	0	0	0	0	0	0	0	0	0	1608	1960	0	826	9072	270	518	322	0	6942	0	0	0	0	134	0	0	0	172	0	0	0	154	0	0	0	0	0	0	0	0	0	0	0	0	0	0	0	0	0	0	0	0	0	0	0	0	0	0	
93444	Heschl_L	1446	0	2736	0	0	0	930	0	0	0	850	0	0	0	0	0	4664	0	1412	0	0	0	0	0	0	0	0	0	10526	0	0	0	132	0	172	0	3010	0	0	0	0	0	0	0	0	0	0	0	0	0	2102	0	610	0	244	0	2714	0	0	0	314	0	1524	0	0	0	172	0	364	0	0	1306	414	1192	0	0	0	0	0	0	3874	0	422	0	3268	0	0	0	2324	0	0	0	0	0	0	0	0	0	0	0	0	0	0	0	0	0	0	0	0	0	0	0	0	0	0	0	
18392	Heschl_R	0	800	0	0	0	0	0	86	0	0	0	382	0	0	0	0	0	2496	0	0	0	0	0	0	0	0	0	0	0	1290	0	0	0	0	0	0	0	182	0	0	0	0	0	0	0	0	0	0	0	0	0	0	0	0	0	0	0	184	0	0	0	0	0	0	0	0	0	0	0	0	0	0	0	0	0	0	0	0	0	0	0	3142	0	186	0	448	0	0	0	0	0	0	0	0	0	0	0	0	0	0	0	0	0	0	0	0	0	0	0	0	0	0	0	0	0	0	
291652	Temporal_Sup_L	3916	0	8504	0	0	0	3732	0	0	0	10236	0	236	0	0	0	18388	0	3386	118	0	0	172	0	0	0	0	0	15544	0	122	0	0	0	0	0	2822	0	0	0	0	0	0	0	0	0	0	0	0	0	3840	0	768	0	1154	0	3978	0	1604	0	6330	0	13166	0	3966	0	0	0	320	0	0	644	1720	370	0	0	286	0	3874	0	0	0	4982	0	21028	0	0	0	10620	0	0	0	0	0	0	0	0	0	0	0	0	0	0	0	0	0	0	0	0	0	0	0	0	0	0	0	
161920	Temporal_Sup_R	0	3970	0	604	0	0	0	1016	0	0	0	928	0	0	0	0	0	18494	200	1458	0	0	0	0	0	0	0	0	0	9516	0	0	0	0	0	270	0	1764	0	188	0	0	0	0	0	360	0	112	0	974	0	324	0	0	0	1170	0	3426	0	152	0	346	0	4750	0	2762	0	1212	0	770	0	86	0	1090	0	118	0	134	0	3142	0	0	0	2418	0	14048	0	266	0	4892	0	0	0	0	0	0	0	0	0	0	0	0	0	0	0	0	0	0	0	0	0	0	0	0	0	0	
118940	Temporal_Pole_Sup_L	1874	0	1020	0	760	0	3940	0	0	0	4942	0	712	0	1846	0	4104	0	392	0	844	0	0	0	0	0	0	0	6810	0	0	0	0	0	0	0	838	0	1854	0	494	0	0	0	0	0	0	0	0	0	122	0	0	0	2450	0	656	0	122	0	0	0	0	0	0	0	0	0	172	0	168	86	1072	0	0	0	238	0	422	0	4982	0	0	0	7564	0	4812	0	6174	0	0	0	0	0	0	0	0	0	0	0	0	0	0	0	0	0	0	0	0	0	0	0	0	0	0	0	
47120	Temporal_Pole_Sup_R	0	0	0	0	0	86	0	0	0	0	0	710	0	0	0	372	0	952	0	0	0	104	0	0	0	0	0	0	0	1332	0	0	0	162	0	0	0	200	0	868	0	1258	0	0	0	0	0	0	0	0	0	0	0	0	0	2468	0	0	0	0	0	0	0	0	0	0	0	0	0	0	0	0	0	146	0	0	0	0	0	186	0	2418	0	0	0	3336	0	3656	0	5306	0	0	0	0	0	0	0	0	0	0	0	0	0	0	0	0	0	0	0	0	0	0	0	0	0	0	
282652	Temporal_Mid_L	466	0	464	0	0	0	120	0	0	0	180	0	0	0	0	0	2474	0	504	0	0	0	0	0	0	0	0	0	3132	0	0	0	212	0	386	0	3066	0	134	0	0	0	112	0	980	0	196	0	476	0	26684	0	3578	0	1870	0	1514	0	1328	0	5192	0	5764	0	7840	0	942	0	1092	0	0	150	712	136	0	0	0	0	3268	0	21028	0	7564	0	0	0	2964	0	36798	0	0	0	0	0	0	0	0	0	0	0	0	0	0	0	0	0	0	0	0	0	0	0	0	0	0	0	
221508	Temporal_Mid_R	0	1216	0	260	0	0	0	0	0	0	0	0	0	0	0	0	0	1044	0	618	0	0	0	0	0	0	0	0	0	4074	0	0	0	206	0	942	0	5602	0	254	0	0	0	1662	0	1432	0	234	0	7112	0	11852	0	1056	0	2778	0	930	0	1624	0	1464	0	4384	0	6448	0	3346	0	1124	0	0	0	226	0	0	0	172	0	448	0	14048	0	3336	0	0	0	2494	0	30368	0	0	0	0	0	0	0	0	0	0	0	0	0	0	0	0	0	0	0	0	0	0	0	0	0	0	
30572	Temporal_Pole_Mid_L	0	0	0	0	0	0	0	0	0	0	0	0	0	0	0	0	0	0	0	0	0	0	0	0	0	0	0	0	0	0	0	0	0	0	0	0	92	0	1550	0	264	0	0	0	0	0	0	0	0	0	0	0	0	0	2016	0	0	0	0	0	0	0	0	0	0	0	0	0	0	0	0	0	0	0	0	0	0	0	0	0	0	0	4812	0	2964	0	0	0	3588	0	0	0	0	0	0	0	0	0	0	0	0	0	0	0	0	0	0	0	0	0	0	0	0	0	0	0	
18796	Temporal_Pole_Mid_R	0	0	0	0	0	0	0	0	0	0	0	0	0	0	0	0	0	0	0	0	0	0	0	0	0	0	0	0	0	0	0	0	0	0	0	0	0	0	0	490	0	0	0	0	0	0	0	0	0	0	0	0	0	0	0	548	0	0	0	0	0	0	0	0	0	0	0	0	0	0	0	0	0	0	0	0	0	0	0	0	0	266	0	3656	0	2494	0	0	0	1944	0	0	0	0	0	0	0	0	0	0	0	0	0	0	0	0	0	0	0	0	0	0	0	0	0	0	
309020	Temporal_Inf_L	564	0	4340	0	0	0	272	0	0	0	230	0	0	0	0	0	1684	104	2408	160	86	0	96	0	0	0	0	0	10894	104	0	0	110	0	108	0	14092	0	1320	0	1210	0	0	0	256	0	1046	0	0	0	9268	0	7044	0	19844	0	736	0	660	0	2258	0	2010	0	1788	0	376	0	616	0	0	1278	7648	892	0	0	0	0	2324	0	10620	0	6174	0	36798	0	3588	0	0	0	1296	0	0	0	0	0	0	0	208	0	0	0	0	0	0	0	0	0	0	0	0	0	0	0	0	0	
218592	Temporal_Inf_R	0	860	0	186	0	0	0	0	0	0	0	0	0	0	0	158	0	704	0	446	0	0	0	0	0	0	0	0	0	3246	0	0	0	164	0	1056	0	8632	0	2860	0	498	0	3368	0	1056	0	1752	0	3790	0	2462	0	7212	0	13388	0	682	0	1608	0	940	0	2968	0	2480	0	4040	0	756	0	0	0	370	0	0	0	154	0	0	0	4892	0	5306	0	30368	0	1944	0	0	0	864	0	0	0	0	0	86	0	0	0	0	0	0	0	0	0	0	0	0	0	0	0	0	0	0	
491008	Cerebelum_Crus1_L	0	0	0	0	0	0	0	0	0	0	0	0	0	0	0	0	0	0	0	0	0	0	0	0	0	0	0	0	0	0	0	0	0	0	0	0	154	0	90	0	0	0	0	0	0	0	3678	2476	0	0	0	0	132	0	19490	2510	0	0	0	0	0	0	0	0	0	0	0	0	0	0	0	0	0	0	0	0	0	0	0	0	0	0	0	0	0	0	0	0	1296	0	0	10004	26220	9614	400	500	19728	3004	51324	8758	14178	2214	14750	10120	648	3036	144	250	358	1014	7696	11020	15500	2526	2510	162	
511916	Cerebelum_Crus1_R	0	0	0	0	0	0	0	0	0	0	0	0	0	0	0	0	0	0	0	0	0	0	0	0	0	0	0	0	0	0	0	0	0	0	0	0	0	0	0	112	0	0	0	260	0	0	2030	11190	0	0	0	0	0	380	2944	13558	0	0	0	0	0	0	0	0	0	0	0	0	0	0	0	0	0	0	0	0	0	0	0	0	0	0	0	0	0	0	0	0	0	864	10004	0	3848	24836	450	4750	6584	30960	11188	61896	1348	8256	2212	15880	634	1198	0	138	0	1184	13850	13034	10368	1126	686	190	
380772	Cerebelum_Crus2_L	0	0	0	0	0	0	0	0	0	0	0	0	0	0	0	0	0	0	0	0	0	0	0	0	0	0	0	0	0	0	0	0	0	0	0	0	0	0	0	0	0	0	0	0	0	0	134	0	0	0	0	0	0	0	1064	0	0	0	0	0	0	0	0	0	0	0	0	0	0	0	0	0	0	0	0	0	0	0	0	0	0	0	0	0	0	0	0	0	0	0	26220	3848	0	20204	0	108	566	270	5098	2032	37286	12522	29922	18132	2140	2634	178	132	0	0	164	1914	20390	4552	876	0	
387972	Cerebelum_Crus2_R	0	0	0	0	0	0	0	0	0	0	0	0	0	0	0	0	0	0	0	0	0	0	0	0	0	0	0	0	0	0	0	0	0	0	0	0	0	0	0	0	0	0	0	0	0	0	172	246	0	0	0	0	0	0	600	90	0	0	0	0	0	0	0	0	0	0	0	0	0	0	0	0	0	0	0	0	0	0	0	0	0	0	0	0	0	0	0	0	0	0	9614	24836	20204	0	0	0	476	588	2270	4938	13628	32570	12732	40448	0	3440	0	0	0	0	236	2466	20716	3502	214	0	
34036	Cerebelum_3_L	0	0	0	0	0	0	0	0	0	0	0	0	0	0	0	0	0	0	0	0	0	0	0	0	0	0	0	0	0	0	0	0	0	0	0	0	0	0	96	0	0	0	0	0	0	0	0	448	0	0	0	0	0	0	100	318	0	0	0	0	0	0	0	0	0	0	0	0	0	0	0	0	0	0	0	0	0	0	0	0	0	0	0	0	0	0	0	0	0	0	400	450	0	0	0	94	5914	512	2100	666	0	0	0	0	540	206	0	0	924	1496	1894	478	0	0	204	178	
52332	Cerebelum_3_R	0	0	0	0	0	0	0	0	0	0	0	0	0	0	0	0	0	0	0	0	0	0	0	0	0	0	0	0	0	0	0	0	0	0	0	0	0	0	0	0	0	0	0	0	0	0	0	88	0	0	0	0	0	0	0	0	0	0	0	0	0	0	0	0	0	0	0	0	0	0	0	0	0	0	0	0	0	0	0	0	0	0	0	0	0	0	0	0	0	0	500	4750	108	0	94	0	494	6830	766	6628	100	0	0	0	310	566	0	0	434	1822	624	992	150	214	566	130	
345084	Cerebelum_4_5_L	0	0	0	0	0	0	0	0	0	0	0	0	0	0	0	0	0	0	0	0	0	0	0	0	0	0	0	0	0	0	0	0	0	0	0	0	0	0	216	0	0	0	0	0	0	0	6764	6564	0	0	0	0	166	0	13820	4700	0	0	0	0	0	0	0	0	0	0	0	0	0	0	0	0	0	0	0	0	0	0	0	0	0	0	0	0	0	0	0	0	0	0	19728	6584	566	476	5914	494	0	9642	40854	10320	1554	0	992	448	3748	1786	238	0	1012	2404	23738	5902	514	0	1544	1854	
316332	Cerebelum_4_5_R	0	0	0	0	0	0	0	0	0	0	0	0	0	0	0	0	0	0	0	0	0	0	0	0	0	0	0	0	0	0	0	0	0	0	0	0	0	0	0	812	0	0	0	0	0	0	1606	11602	0	0	0	0	0	0	2112	11022	0	0	0	0	0	0	0	0	0	0	0	0	0	0	0	0	0	0	0	0	0	0	0	0	0	0	0	0	0	0	0	0	0	86	3004	30960	270	588	512	6830	9642	0	7354	40806	262	170	182	312	708	680	0	0	262	2122	21440	3352	490	200	368	412	
513776	Cerebelum_6_L	0	0	0	0	0	0	0	0	0	0	0	0	0	0	0	0	0	0	0	0	0	0	0	0	0	0	0	0	0	0	0	0	0	0	0	0	0	0	164	0	0	0	0	0	0	0	10706	6792	0	0	0	0	174	0	26300	5850	0	0	0	0	0	0	0	0	0	0	0	0	0	0	0	0	0	0	0	0	0	0	0	0	0	0	0	0	0	0	0	0	208	0	51324	11188	5098	2270	2100	766	40854	7354	0	15638	6186	318	6014	2636	2046	3236	200	224	498	1424	16316	17624	6618	2838	3470	454	
496804	Cerebelum_6_R	0	0	0	0	0	0	0	0	0	0	0	0	0	0	0	0	0	0	0	0	0	0	0	0	0	0	0	0	0	0	0	0	0	0	0	0	0	0	0	0	0	0	0	286	0	122	3046	14602	0	128	0	0	0	0	3482	16416	0	0	0	0	0	0	0	0	0	0	0	0	0	0	0	0	0	0	0	0	0	0	0	0	0	0	0	0	0	0	0	0	0	0	8758	61896	2032	4938	666	6628	10320	40806	15638	0	1194	1480	966	2402	1182	1586	100	170	116	1888	21344	17448	6854	1018	634	256	
333436	Cerebelum_7b_L	0	0	0	0	0	0	0	0	0	0	0	0	0	0	0	0	0	0	0	0	0	0	0	0	0	0	0	0	0	0	0	0	0	0	0	0	0	0	0	0	0	0	0	0	0	0	140	182	0	0	0	0	0	0	336	128	0	0	0	0	0	0	0	0	0	0	0	0	0	0	0	0	0	0	0	0	0	0	0	0	0	0	0	0	0	0	0	0	0	0	14178	1348	37286	13628	0	100	1554	262	6186	1194	0	9398	36914	13440	3434	2362	362	148	0	110	584	2800	13304	6184	1156	0	
254448	Cerebelum_7b_R	0	0	0	0	0	0	0	0	0	0	0	0	0	0	0	0	0	0	0	0	0	0	0	0	0	0	0	0	0	0	0	0	0	0	0	0	0	0	0	0	0	0	0	0	0	0	0	0	0	0	0	0	0	0	0	0	0	0	0	0	0	0	0	0	0	0	0	0	0	0	0	0	0	0	0	0	0	0	0	0	0	0	0	0	0	0	0	0	0	0	2214	8256	12522	32570	0	0	0	170	318	1480	9398	0	7966	34704	88	4360	0	110	0	0	0	330	9932	2806	0	0	
352544	Cerebelum_8_L	0	0	0	0	0	0	0	0	0	0	0	0	0	0	0	0	0	0	0	0	0	0	0	0	0	0	0	0	0	0	0	0	0	0	0	0	0	0	0	0	0	0	0	0	0	0	0	144	0	0	0	0	0	0	458	112	0	0	0	0	0	0	0	0	0	0	0	0	0	0	0	0	0	0	0	0	0	0	0	0	0	0	0	0	0	0	0	0	0	0	14750	2212	29922	12732	0	0	992	182	6014	966	36914	7966	0	14888	11400	5180	666	332	0	0	218	3528	12976	9842	3878	0	
404452	Cerebelum_8_R	0	0	0	0	0	0	0	0	0	0	0	0	0	0	0	0	0	0	0	0	0	0	0	0	0	0	0	0	0	0	0	0	0	0	0	0	0	0	0	0	0	0	0	0	0	0	0	104	0	0	0	0	0	0	534	0	0	0	0	0	0	0	0	0	0	0	0	0	0	0	0	0	0	0	0	0	0	0	0	0	0	0	0	0	0	0	0	0	0	0	10120	15880	18132	40448	0	0	448	312	2636	2402	13440	34704	14888	0	558	15716	0	532	0	0	162	2806	20482	7014	908	0	
91296	Cerebelum_9_L	0	0	0	0	0	0	0	0	0	0	0	0	0	0	0	0	0	0	0	0	0	0	0	0	0	0	0	0	0	0	0	0	0	0	0	0	0	0	0	0	0	0	0	0	0	0	0	444	0	0	0	0	0	0	0	308	0	0	0	0	0	0	0	0	0	0	0	0	0	0	0	0	0	0	0	0	0	0	0	0	0	0	0	0	0	0	0	0	0	0	648	634	2140	0	540	310	3748	708	2046	1182	3434	88	11400	558	0	3100	2060	0	160	360	2508	2792	192	1904	3272	1112	
153488	Cerebelum_9_R	0	0	0	0	0	0	0	0	0	0	0	0	0	0	0	0	0	0	0	0	0	0	0	0	0	0	0	0	0	0	0	0	0	0	0	0	0	0	0	0	0	0	0	0	0	0	0	0	0	0	0	0	0	0	146	0	0	0	0	0	0	0	0	0	0	0	0	0	0	0	0	0	0	0	0	0	0	0	0	0	0	0	0	0	0	0	0	0	0	0	3036	1198	2634	3440	206	566	1786	680	3236	1586	2362	4360	5180	15716	3100	0	0	1450	168	540	1772	5154	3242	5918	7568	1700	
8276	Cerebelum_10_L	0	0	0	0	0	0	0	0	0	0	0	0	0	0	0	0	0	0	0	0	0	0	0	0	0	0	0	0	0	0	0	0	0	0	0	0	0	0	0	0	0	0	0	0	0	0	0	0	0	0	0	0	0	0	0	0	0	0	0	0	0	0	0	0	0	0	0	0	0	0	0	0	0	0	0	0	0	0	0	0	0	0	0	0	0	0	0	0	0	0	144	0	178	0	0	0	238	0	200	100	362	0	666	0	2060	0	0	0	0	0	98	92	0	0	0	0	
10684	Cerebelum_10_R	0	0	0	0	0	0	0	0	0	0	0	0	0	0	0	0	0	0	0	0	0	0	0	0	0	0	0	0	0	0	0	0	0	0	0	0	0	0	0	0	0	0	0	0	0	0	0	0	0	0	0	0	0	0	0	0	0	0	0	0	0	0	0	0	0	0	0	0	0	0	0	0	0	0	0	0	0	0	0	0	0	0	0	0	0	0	0	0	0	0	250	138	132	0	0	0	0	0	224	170	148	110	332	532	0	1450	0	0	0	0	0	344	370	534	608	0	
19360	Vermis_1_2	0	0	0	0	0	0	0	0	0	0	0	0	0	0	0	0	0	0	0	0	0	0	0	0	0	0	0	0	0	0	0	0	0	0	0	0	94	0	122	0	0	0	0	0	0	0	0	0	0	0	0	0	0	0	0	0	0	0	0	0	0	0	0	0	0	0	0	0	0	0	0	0	0	0	0	0	0	0	0	0	0	0	0	0	0	0	0	0	0	0	358	0	0	0	924	434	1012	262	498	116	0	0	0	0	160	168	0	0	0	3588	1296	424	0	0	224	0	
47276	Vermis_3	0	0	0	0	0	0	0	0	0	0	0	0	0	0	0	0	0	0	0	0	0	0	0	0	0	0	0	0	0	0	0	0	0	0	0	0	260	0	240	0	0	0	0	0	0	0	0	236	0	0	0	0	0	0	0	320	0	0	0	0	0	0	0	0	0	0	0	0	0	0	0	0	0	0	0	0	0	0	0	0	0	0	0	0	0	0	0	0	0	0	1014	1184	0	0	1496	1822	2404	2122	1424	1888	110	0	0	0	360	540	0	0	3588	0	2816	972	0	152	552	138	
312092	Vermis_4_5	0	0	0	0	0	0	0	0	0	0	0	0	0	0	0	0	0	0	0	0	0	0	0	0	0	0	0	0	0	0	0	0	0	0	0	654	0	118	0	0	0	0	0	108	0	0	3476	11244	0	0	0	0	120	0	4850	7760	0	0	0	0	0	0	0	0	0	0	0	796	0	0	0	0	0	0	0	0	0	0	0	0	0	0	0	0	0	0	0	0	0	0	7696	13850	164	236	1894	624	23738	21440	16316	21344	584	0	218	162	2508	1772	98	0	1296	2816	0	6422	228	0	1476	2038	
265580	Vermis_6	0	0	0	0	0	0	0	0	0	0	0	0	0	0	0	0	0	0	0	0	0	0	0	0	0	0	0	0	0	0	0	0	0	0	0	0	0	0	0	0	0	0	0	0	0	0	3198	5568	0	0	0	0	0	0	3324	3488	0	0	0	0	0	0	0	0	0	0	0	0	0	0	0	0	0	0	0	0	0	0	0	0	0	0	0	0	0	0	0	0	0	0	11020	13034	1914	2466	478	992	5902	3352	17624	17448	2800	330	3528	2806	2792	5154	92	344	424	972	6422	0	6782	3092	5220	2224	
