data	data	446272	374692	681900	738132	161892	179880	396232	411836	58056	44648	330900	277808	283700	153100	210264	132996	377660	163372	599988	762680	103792	127280	379092	355872	83284	135940	54280	77344	636840	507496	403368	548836	250232	550016	267908	299212	338808	488648	185776	368336	56420	84880	495300	477344	281100	570872	427616	537208	299424	550788	521424	359812	226784	157156	582416	721068	287548	386548	205908	209164	239284	194636	133168	192852	201228	190492	443964	672844	167996	331784	350748	417904	320588	463020	54348	56216	136768	250512	107008	57872	339816	180020	136712	84688	412540	318308	56272	65176	285920	293648	571480	456956	342344	424288	110836	142036	454232	411596	602408	575480	224540	183512	433984	398152	216820	138252	21584	9356	56364	165440	382588	286588	354828	272564	125604	55064	
data	data	Precentral_L	Precentral_R	Frontal_Sup_L	Frontal_Sup_R	Frontal_Sup_Orb_L	Frontal_Sup_Orb_R	Frontal_Mid_L	Frontal_Mid_R	Frontal_Mid_Orb_L	Frontal_Mid_Orb_R	Frontal_Inf_Oper_L	Frontal_Inf_Oper_R	Frontal_Inf_Tri_L	Frontal_Inf_Tri_R	Frontal_Inf_Orb_L	Frontal_Inf_Orb_R	Rolandic_Oper_L	Rolandic_Oper_R	Supp_Motor_Area_L	Supp_Motor_Area_R	Olfactory_L	Olfactory_R	Frontal_Sup_Medial_L	Frontal_Sup_Medial_R	Frontal_Med_Orb_L	Frontal_Med_Orb_R	Rectus_L	Rectus_R	Insula_L	Insula_R	Cingulum_Ant_L	Cingulum_Ant_R	Cingulum_Mid_L	Cingulum_Mid_R	Cingulum_Post_L	Cingulum_Post_R	Hippocampus_L	Hippocampus_R	ParaHippocampal_L	ParaHippocampal_R	Amygdala_L	Amygdala_R	Calcarine_L	Calcarine_R	Cuneus_L	Cuneus_R	Lingual_L	Lingual_R	Occipital_Sup_L	Occipital_Sup_R	Occipital_Mid_L	Occipital_Mid_R	Occipital_Inf_L	Occipital_Inf_R	Fusiform_L	Fusiform_R	Postcentral_L	Postcentral_R	Parietal_Sup_L	Parietal_Sup_R	Parietal_Inf_L	Parietal_Inf_R	SupraMarginal_L	SupraMarginal_R	Angular_L	Angular_R	Precuneus_L	Precuneus_R	Paracentral_Lobule_L	Paracentral_Lobule_R	Caudate_L	Caudate_R	Putamen_L	Putamen_R	Pallidum_L	Pallidum_R	Thalamus_L	Thalamus_R	Heschl_L	Heschl_R	Temporal_Sup_L	Temporal_Sup_R	Temporal_Pole_Sup_L	Temporal_Pole_Sup_R	Temporal_Mid_L	Temporal_Mid_R	Temporal_Pole_Mid_L	Temporal_Pole_Mid_R	Temporal_Inf_L	Temporal_Inf_R	Cerebelum_Crus1_L	Cerebelum_Crus1_R	Cerebelum_Crus2_L	Cerebelum_Crus2_R	Cerebelum_3_L	Cerebelum_3_R	Cerebelum_4_5_L	Cerebelum_4_5_R	Cerebelum_6_L	Cerebelum_6_R	Cerebelum_7b_L	Cerebelum_7b_R	Cerebelum_8_L	Cerebelum_8_R	Cerebelum_9_L	Cerebelum_9_R	Cerebelum_10_L	Cerebelum_10_R	Vermis_1_2	Vermis_3	Vermis_4_5	Vermis_6	Vermis_7	Vermis_8	Vermis_9	Vermis_10	
446272	Precentral_L	0	5740	9314	5524	590	0	17674	442	0	0	19702	286	4496	0	468	0	10912	126	6306	13098	0	0	1118	660	0	0	0	0	9530	306	1106	1188	1468	5972	2416	1048	4484	240	210	164	132	0	388	0	70	70	346	0	0	68	1402	0	728	0	1520	0	27946	518	232	0	5072	0	2178	142	1578	0	732	176	7266	1180	8336	1590	3434	154	532	66	18786	2920	2842	0	3930	88	0	0	2284	0	0	0	1750	92	0	0	0	0	0	0	0	0	0	0	0	0	0	0	0	0	0	0	0	0	0	0	0	0	0	0	
374692	Precentral_R	5740	0	678	10032	0	0	198	12772	0	0	0	14428	0	1056	0	0	0	2060	1616	18506	0	60	0	0	0	0	0	0	576	3642	0	102	530	1560	3272	3586	2518	5986	1008	1560	0	0	0	340	0	1502	848	642	0	1410	0	144	0	306	790	2050	950	20430	0	162	100	1192	0	2894	72	392	82	2570	5244	10536	388	9952	328	2904	496	582	2276	19978	116	278	0	1146	0	0	0	2196	0	0	0	2564	0	0	0	0	0	0	0	0	0	0	0	0	0	0	0	0	0	0	0	0	0	0	0	0	0	0	
681900	Frontal_Sup_L	9314	678	0	3964	7296	826	58736	544	1478	0	9296	98	20300	292	9588	0	10554	0	43316	9766	0	0	42774	6454	2572	548	0	0	21872	306	14744	7910	4882	8986	152	84	898	0	0	0	0	0	0	0	0	0	0	0	0	0	0	0	0	0	118	0	1710	108	0	0	416	0	666	0	0	0	0	0	2878	112	5750	552	18452	246	3270	0	1116	98	312	0	6090	0	612	0	102	0	0	0	114	0	0	0	0	0	0	0	0	0	0	0	0	0	0	0	0	0	0	0	0	0	0	0	0	0	0	0	
738132	Frontal_Sup_R	5524	10032	3964	0	0	8370	1114	44082	0	238	498	9944	98	7224	0	7860	2612	8282	16720	46604	0	182	7462	34198	116	1810	0	244	2336	17032	4112	30854	2660	16986	258	328	608	1930	0	1056	0	0	0	102	0	644	0	88	0	592	0	0	0	172	0	1958	2758	3642	0	0	524	72	84	716	0	0	0	958	2604	2546	8078	18232	1210	15914	470	2514	356	2434	732	1312	690	1664	0	66	0	896	0	0	0	1538	0	0	0	0	0	0	0	72	0	90	0	0	0	0	0	0	0	0	0	0	0	0	0	0	0	0	
161892	Frontal_Sup_Orb_L	590	0	7296	0	0	120	2250	0	9598	0	960	0	3884	0	18652	0	318	0	190	0	2918	380	2530	512	2874	692	2734	0	10936	0	2524	358	0	0	0	0	700	0	384	0	896	0	0	0	0	0	0	0	0	0	0	0	0	0	116	0	74	0	0	0	0	0	0	0	0	0	0	0	0	0	834	364	6020	172	0	0	0	0	0	0	160	0	910	0	0	0	0	0	0	0	0	0	0	0	0	0	0	0	0	0	0	0	0	0	0	0	0	0	0	0	0	0	0	0	0	0	
179880	Frontal_Sup_Orb_R	0	0	826	8370	120	0	162	3992	66	7806	238	190	0	1398	60	8776	182	0	866	818	114	3078	2418	6830	804	9294	316	9276	254	4102	2470	5692	142	564	0	0	0	0	0	0	0	0	0	0	0	0	0	0	0	0	0	0	0	0	0	0	0	0	0	0	0	0	0	0	0	0	0	0	0	0	162	3904	268	6036	0	100	0	0	0	0	108	0	0	138	0	0	0	0	0	0	0	0	0	0	0	0	0	0	0	0	0	0	0	0	0	0	0	0	0	0	0	0	0	0	0	0	
396232	Frontal_Mid_L	17674	198	58736	1114	2250	162	0	86	1538	0	8012	0	29534	0	6546	0	3092	0	12710	3480	0	0	16720	2084	338	0	0	0	10340	0	2678	1640	1858	3798	210	156	1002	0	0	0	0	0	0	0	0	0	0	0	0	0	0	0	0	0	118	0	2936	0	0	0	534	0	0	0	184	0	0	0	0	0	2396	126	1254	64	540	0	1198	136	232	0	2026	0	214	0	74	0	0	0	128	0	0	0	0	0	0	0	0	0	0	0	0	0	0	0	0	0	0	0	0	0	0	0	0	0	0	0	
411836	Frontal_Mid_R	442	12772	544	44082	0	3992	86	0	0	1906	308	18058	0	17398	0	7766	518	2410	2398	6042	0	64	1074	6106	70	572	0	102	618	14300	2264	9370	458	4676	392	582	378	3938	218	1274	0	0	0	172	0	974	208	158	0	910	0	0	0	274	124	2766	446	4528	0	0	82	550	0	1892	0	194	0	1390	150	2432	1636	3488	250	8482	74	764	160	1790	0	1140	176	1746	0	0	0	1194	0	0	0	2508	0	0	0	0	0	0	0	0	0	82	0	0	0	0	0	0	0	0	0	0	0	0	0	0	0	0	
58056	Frontal_Mid_Orb_L	0	0	1478	0	9598	66	1538	0	0	0	0	0	1362	0	10088	0	0	0	0	0	228	0	416	162	438	298	942	0	1054	0	440	124	0	0	0	0	0	0	0	0	0	0	0	0	0	0	0	0	0	0	0	0	0	0	0	0	0	0	0	0	0	0	0	0	0	0	0	0	0	0	0	0	530	0	0	0	0	0	0	0	0	0	266	0	0	0	0	0	0	0	0	0	0	0	0	0	0	0	0	0	0	0	0	0	0	0	0	0	0	0	0	0	0	0	0	0	
44648	Frontal_Mid_Orb_R	0	0	0	238	0	7806	0	1906	0	0	0	0	0	798	0	6580	0	0	0	0	0	418	0	0	0	76	0	864	0	1594	0	0	0	0	0	0	0	0	0	0	0	0	0	0	0	0	0	0	0	0	0	0	0	0	0	0	0	0	0	0	0	0	0	0	0	0	0	0	0	0	0	596	0	1448	0	0	0	0	0	0	0	0	0	0	0	0	0	0	0	0	0	0	0	0	0	0	0	0	0	0	0	0	0	0	0	0	0	0	0	0	0	0	0	0	0	0	
330900	Frontal_Inf_Oper_L	19702	0	9296	498	960	238	8012	308	0	0	0	0	14242	94	1176	0	23284	0	4220	404	0	0	5066	636	776	0	80	0	26566	104	11086	1528	1568	388	190	86	360	0	0	0	0	0	0	0	0	0	0	0	0	0	0	0	0	0	180	0	6524	0	0	0	968	0	676	0	314	0	116	0	0	0	2844	0	3698	0	0	0	102	84	1114	0	14096	0	3418	0	164	0	0	0	284	0	0	0	0	0	0	0	0	0	0	0	0	0	0	0	0	0	0	0	0	0	0	0	0	0	0	0	
277808	Frontal_Inf_Oper_R	286	14428	98	9944	0	190	0	18058	0	0	0	0	0	9020	0	458	0	4980	1204	3290	0	0	92	1354	166	1098	0	0	0	18184	734	7106	0	838	446	606	374	4470	224	1558	0	0	0	150	0	834	218	126	0	782	0	60	0	232	134	2358	116	6002	0	0	0	668	0	1710	0	252	0	1226	0	1808	484	4952	0	6584	0	634	178	2426	0	944	0	3082	0	322	0	1268	0	0	0	2062	0	0	0	0	0	0	0	86	0	0	0	0	0	0	0	0	0	0	0	0	0	0	0	0	0	0	
283700	Frontal_Inf_Tri_L	4496	0	20300	98	3884	0	29534	0	1362	0	14242	0	0	0	14762	0	4162	0	2070	170	0	0	4844	306	1730	96	118	0	23270	0	7322	160	338	180	0	0	0	0	0	0	0	0	0	0	0	0	0	0	0	0	0	0	0	0	0	0	1378	0	0	0	0	0	0	0	0	0	0	0	0	0	1282	0	1530	0	0	0	0	0	0	0	2030	0	2186	0	0	0	0	0	0	0	0	0	0	0	0	0	0	0	0	0	0	0	0	0	0	0	0	0	0	0	0	0	0	0	0	0	
153100	Frontal_Inf_Tri_R	0	1056	292	7224	0	1398	0	17398	0	798	94	9020	0	0	0	5674	80	1508	618	902	0	0	312	2712	60	516	0	0	92	13488	880	8180	0	686	0	0	0	94	0	68	0	0	0	0	0	0	0	0	0	0	0	0	0	0	0	0	0	64	0	0	0	0	0	0	0	0	0	0	0	0	74	1546	0	976	0	158	0	0	0	136	0	314	0	132	0	0	0	0	0	0	0	0	0	0	0	0	0	0	0	0	0	0	0	0	0	0	0	0	0	0	0	0	0	0	0	0	
210264	Frontal_Inf_Orb_L	468	0	9588	0	18652	60	6546	0	10088	0	1176	0	14762	0	0	0	330	0	658	64	3226	226	1458	252	1058	296	968	0	17602	0	1526	176	0	78	0	0	1782	0	844	0	1990	0	0	0	0	0	0	0	0	0	0	0	0	0	368	0	0	0	0	0	0	0	0	0	0	0	0	0	0	0	732	208	5624	78	0	0	0	0	0	0	304	0	3754	0	62	0	128	0	0	0	0	0	0	0	0	0	0	0	0	0	0	0	0	0	0	0	0	0	0	0	0	0	0	0	0	0	
132996	Frontal_Inf_Orb_R	0	0	0	7860	0	8776	0	7766	0	6580	0	458	0	5674	0	0	0	94	334	668	98	1952	0	1880	0	288	0	2338	0	11490	0	1464	0	62	0	0	0	162	0	148	0	84	0	0	0	0	0	0	0	0	0	0	0	0	0	0	0	0	0	0	0	0	0	0	0	0	0	0	0	0	100	1194	0	5516	0	96	0	0	0	0	0	460	0	714	0	242	0	0	0	0	0	0	0	0	0	0	0	0	0	0	0	0	0	0	0	0	0	0	0	0	0	0	0	0	0	0	
377660	Rolandic_Oper_L	10912	0	10554	2612	318	182	3092	518	0	0	23284	0	4162	80	330	0	0	0	7288	2640	0	0	3236	574	272	0	0	0	33688	100	6024	1774	2004	1500	704	268	1188	172	82	138	0	0	114	0	0	0	0	0	0	0	664	0	532	0	1372	0	10054	0	0	0	986	0	5988	0	390	0	162	0	0	0	5270	0	3466	0	0	0	172	242	8850	0	24476	0	2002	0	3118	0	0	0	3276	0	0	0	0	0	0	0	0	0	0	0	0	0	0	0	0	0	0	0	0	0	0	0	0	0	0	0	
163372	Rolandic_Oper_R	126	2060	0	8282	0	0	0	2410	0	0	0	4980	0	1508	0	94	0	0	120	4726	0	0	0	92	0	144	0	0	0	16118	84	872	0	166	624	686	530	3224	422	1836	0	82	0	0	0	212	420	86	0	208	0	0	0	0	386	1568	104	3032	0	0	0	0	0	2964	0	0	0	294	0	478	80	2772	0	6074	0	548	106	772	0	4336	0	5106	0	850	0	1020	0	0	0	868	0	0	0	0	0	0	0	216	0	0	0	0	0	0	0	0	0	0	0	0	0	0	0	0	0	0	
599988	Supp_Motor_Area_L	6306	1616	43316	16720	190	866	12710	2398	0	0	4220	1204	2070	618	658	334	7288	120	0	48330	0	0	10764	7418	230	606	0	0	12760	1812	9356	12850	11892	28918	374	162	1038	72	0	0	0	0	0	0	244	0	0	0	0	0	0	0	0	0	0	0	2034	340	0	0	392	0	0	0	0	0	158	0	10598	314	14472	4034	10880	1546	2602	106	376	410	532	0	3154	288	214	0	0	84	0	0	0	0	0	0	0	0	0	0	0	0	0	0	0	0	0	0	0	0	0	0	0	0	0	0	0	0	0	0	
762680	Supp_Motor_Area_R	13098	18506	9766	46604	0	818	3480	6042	0	0	404	3290	170	902	64	668	2640	4726	48330	0	0	80	2032	10126	150	902	0	110	3494	7260	2334	15340	5688	46386	2734	6860	1414	900	68	486	0	0	156	1162	208	1102	64	614	0	734	0	160	0	186	66	1002	4674	4502	0	278	1022	696	68	734	0	300	140	3780	14600	17310	17838	20716	3728	5660	1712	836	998	5026	740	662	452	1010	0	0	0	950	0	0	0	1582	0	0	0	0	0	0	0	0	0	0	0	0	0	0	0	0	0	0	0	0	0	0	0	0	0	0	
103792	Olfactory_L	0	0	0	0	2918	114	0	0	228	0	0	0	0	0	3226	98	0	0	0	0	0	6410	0	0	1268	290	3412	252	2522	70	3018	1584	0	0	0	0	246	0	866	0	882	0	0	0	0	0	0	0	0	0	0	0	0	0	134	0	0	0	0	0	0	0	0	0	0	0	0	0	0	0	8808	6206	4368	3636	0	602	0	0	0	0	0	0	572	0	0	0	166	0	0	0	0	0	0	0	0	0	0	0	0	0	0	0	0	0	0	0	0	0	0	0	0	0	0	0	0	0	
127280	Olfactory_R	0	60	0	182	380	3078	0	64	0	418	0	0	0	0	226	1952	0	0	0	80	6410	0	0	234	372	3154	2270	5540	0	3388	1696	3634	0	0	0	0	0	844	0	522	0	1080	0	0	0	0	0	0	0	0	0	0	0	0	0	96	0	0	0	0	0	0	0	0	0	0	0	0	0	0	6562	10136	3280	5984	62	906	0	86	0	0	0	168	0	608	0	168	0	0	0	0	0	0	0	0	0	0	0	0	0	0	0	0	0	0	0	0	0	0	0	0	0	0	0	0	0	0	
379092	Frontal_Sup_Medial_L	1118	0	42774	7462	2530	2418	16720	1074	416	0	5066	92	4844	312	1458	0	3236	0	10764	2032	0	0	0	20196	3890	2644	120	0	6244	330	19440	11652	6654	8092	0	0	0	0	0	0	0	0	0	0	0	0	0	0	0	0	0	0	0	0	0	0	306	0	0	0	0	0	0	0	0	0	0	0	0	0	878	464	3440	420	0	0	0	0	0	0	2164	0	296	0	0	0	0	0	0	0	0	0	0	0	0	0	0	0	0	0	0	0	0	0	0	0	0	0	0	0	0	0	0	0	0	0	
355872	Frontal_Sup_Medial_R	660	0	6454	34198	512	6830	2084	6106	162	0	636	1354	306	2712	252	1880	574	92	7418	10126	0	234	20196	0	830	5808	80	540	816	3596	8650	26626	2072	16104	0	0	0	0	0	0	0	0	0	0	0	0	0	0	0	0	0	0	0	0	0	0	0	0	0	0	0	0	0	0	0	0	0	0	0	0	560	3164	842	4966	0	0	0	0	0	0	346	66	84	0	0	0	0	0	0	0	0	0	0	0	0	0	0	0	0	0	0	0	0	0	0	0	0	0	0	0	0	0	0	0	0	0	
83284	Frontal_Med_Orb_L	0	0	2572	116	2874	804	338	70	438	0	776	166	1730	60	1058	0	272	0	230	150	1268	372	3890	830	0	3036	2028	286	2220	244	8204	1520	0	88	0	0	0	0	0	0	0	0	0	0	0	0	0	0	0	0	0	0	0	0	0	0	0	0	0	0	0	0	0	0	0	0	0	0	0	0	1828	676	2438	396	0	0	0	0	0	0	186	0	478	0	0	0	0	0	0	0	0	0	0	0	0	0	0	0	0	0	0	0	0	0	0	0	0	0	0	0	0	0	0	0	0	0	
135940	Frontal_Med_Orb_R	0	0	548	1810	692	9294	0	572	298	76	0	1098	96	516	296	288	0	144	606	902	290	3154	2644	5808	3036	0	454	6386	200	1382	5426	8594	0	288	0	0	0	0	0	0	0	0	0	0	0	0	0	0	0	0	0	0	0	0	0	0	0	0	0	0	0	0	0	0	0	0	0	0	0	0	368	6684	940	4934	0	146	0	0	0	0	0	0	0	0	0	0	0	0	0	0	0	0	0	0	0	0	0	0	0	0	0	0	0	0	0	0	0	0	0	0	0	0	0	0	0	0	
54280	Rectus_L	0	0	0	0	2734	316	0	0	942	0	80	0	118	0	968	0	0	0	0	0	3412	2270	120	80	2028	454	0	558	524	0	2594	768	0	0	0	0	0	0	0	0	0	0	0	0	0	0	0	0	0	0	0	0	0	0	0	0	0	0	0	0	0	0	0	0	0	0	0	0	0	0	3624	2160	1722	1668	0	0	0	0	0	0	0	0	0	0	0	0	0	0	0	0	0	0	0	0	0	0	0	0	0	0	0	0	0	0	0	0	0	0	0	0	0	0	0	0	0	0	
77344	Rectus_R	0	0	0	244	0	9276	0	102	0	864	0	0	0	0	0	2338	0	0	0	110	252	5540	0	540	286	6386	558	0	0	1882	274	2454	0	0	0	0	0	0	0	0	0	0	0	0	0	0	0	0	0	0	0	0	0	0	0	0	0	0	0	0	0	0	0	0	0	0	0	0	0	0	196	4090	0	3280	0	0	0	0	0	0	0	0	0	0	0	0	0	0	0	0	0	0	0	0	0	0	0	0	0	0	0	0	0	0	0	0	0	0	0	0	0	0	0	0	0	0	
636840	Insula_L	9530	576	21872	2336	10936	254	10340	618	1054	0	26566	0	23270	92	17602	0	33688	0	12760	3494	2522	0	6244	816	2220	200	524	0	0	162	13280	2460	2380	2618	1928	1322	10706	772	1424	504	3028	0	92	0	0	0	0	0	0	0	554	0	704	0	4558	102	3546	0	0	0	978	0	2372	0	670	0	418	0	88	0	7236	72	20664	112	0	0	2370	1490	8420	0	17212	0	7246	0	4842	0	0	0	6448	0	0	0	0	0	0	0	66	0	62	0	0	0	0	0	0	0	0	0	0	0	0	0	0	0	0	0	
507496	Insula_R	306	3642	306	17032	0	4102	0	14300	0	1594	104	18184	0	13488	0	11490	100	16118	1812	7260	70	3388	330	3596	244	1382	0	1882	162	0	1328	10460	0	1362	1078	1166	962	12802	664	6910	0	2356	0	208	0	688	656	200	0	642	0	0	0	248	530	7508	304	1408	0	0	64	88	0	854	0	88	0	908	0	1728	880	7970	118	31032	0	1310	298	2844	0	4944	0	14370	0	2346	0	6668	0	62	0	3956	0	0	0	0	0	0	0	634	0	214	0	0	0	0	0	0	0	0	0	0	0	0	0	0	0	0	
403368	Cingulum_Ant_L	1106	0	14744	4112	2524	2470	2678	2264	440	0	11086	734	7322	880	1526	0	6024	84	9356	2334	3018	1696	19440	8650	8204	5426	2594	274	13280	1328	0	21756	5520	4996	276	0	0	0	0	0	0	0	0	0	0	0	0	0	0	0	0	0	0	0	0	0	948	0	0	0	0	0	0	0	0	0	0	0	0	0	10872	4746	10638	3074	0	0	0	0	0	0	3776	0	1488	0	0	0	0	0	0	0	0	0	0	0	0	0	0	0	0	0	0	0	0	0	0	0	0	0	0	0	0	0	0	0	0	0	
548836	Cingulum_Ant_R	1188	102	7910	30854	358	5692	1640	9370	124	0	1528	7106	160	8180	176	1464	1774	872	12850	15340	1584	3634	11652	26626	1520	8594	768	2454	2460	10460	21756	0	5058	21602	0	0	0	250	0	188	0	0	0	0	0	0	0	0	0	0	0	0	0	0	0	128	234	0	0	0	0	0	0	0	0	0	0	0	0	0	5368	25614	2388	13530	114	406	0	294	0	0	734	254	0	60	0	0	0	0	0	0	0	0	0	0	0	0	0	0	0	0	0	0	0	0	0	0	0	0	0	0	0	0	0	0	0	0	
250232	Cingulum_Mid_L	1468	530	4882	2660	0	142	1858	458	0	0	1568	0	338	0	0	0	2004	0	11892	5688	0	0	6654	2072	0	0	0	0	2380	0	5520	5058	0	14428	4332	1826	216	70	0	0	0	0	1782	178	2742	252	862	122	660	0	2368	0	302	0	288	0	2848	148	1190	134	3286	0	1078	0	3756	0	7056	1392	6408	780	170	110	90	0	0	0	0	130	438	0	2592	0	0	0	6072	0	0	0	1838	0	0	0	0	0	0	0	0	0	0	0	0	0	0	0	0	0	0	0	0	0	0	0	0	0	0	0	
550016	Cingulum_Mid_R	5972	1560	8986	16986	0	564	3798	4676	0	0	388	838	180	686	78	62	1500	166	28918	46386	0	0	8092	16104	88	288	0	0	2618	1362	4996	21602	14428	0	1396	9832	792	642	0	236	0	0	392	4206	356	2690	0	1680	0	1258	0	238	0	84	0	528	688	5124	0	944	0	1174	0	872	0	406	1136	10420	5164	14978	10224	1372	2124	1380	572	194	216	318	224	0	200	236	0	0	0	396	0	0	0	814	0	0	0	0	0	0	0	92	0	88	0	0	0	0	0	0	0	0	0	0	0	0	0	0	0	0	
267908	Cingulum_Post_L	2416	3272	152	258	0	0	210	392	0	0	190	446	0	0	0	0	704	624	374	2734	0	0	0	0	0	0	0	0	1928	1078	276	0	4332	1396	0	10940	9076	6178	4790	2236	0	0	8978	332	2126	582	4396	480	1480	0	6890	0	2516	0	8344	1530	1544	310	530	0	1080	0	424	0	1918	0	13104	1440	2106	1768	244	196	0	558	0	0	1948	5886	1008	112	750	0	0	0	5472	0	0	0	904	276	86	0	0	0	0	0	60	172	276	126	0	0	0	0	0	0	0	0	0	0	0	0	0	0	0	0	
299212	Cingulum_Post_R	1048	3586	84	328	0	0	156	582	0	0	86	606	0	0	0	0	268	686	162	6860	0	0	0	0	0	0	0	0	1322	1166	0	0	1826	9832	10940	0	5282	10128	2448	5076	0	0	1266	6678	870	5842	2048	8026	0	1926	0	1260	0	802	2012	5620	204	3676	0	506	0	424	0	432	66	856	1998	19436	1112	6178	158	0	0	500	0	0	872	4966	648	120	0	122	0	0	0	3310	0	0	0	3284	0	126	0	0	0	0	0	698	0	618	0	0	0	0	0	0	0	0	0	0	474	0	0	0	0	0	
338808	Hippocampus_L	4484	2518	898	608	700	0	1002	378	0	0	360	374	0	0	1782	0	1188	530	1038	1414	246	0	0	0	0	0	0	0	10706	962	0	0	216	792	9076	5282	0	5392	17186	2116	8572	0	2892	0	0	0	8222	354	0	0	424	0	592	0	23420	1408	642	176	0	0	268	0	114	0	124	0	4148	312	0	0	1006	100	6892	530	1564	0	8514	6824	1952	100	2226	60	3176	0	1766	60	782	0	9720	240	600	0	0	0	0	0	974	216	864	170	0	0	0	0	0	0	0	0	0	0	152	0	0	0	0	0	
488648	Hippocampus_R	240	5986	0	1930	0	0	0	3938	0	0	0	4470	0	94	0	162	172	3224	72	900	0	844	0	0	0	0	0	0	772	12802	0	250	70	642	6178	10128	5392	0	2794	44596	0	12376	192	2070	0	756	2338	8686	0	464	0	224	0	1026	2142	39986	120	1744	0	0	0	62	0	182	0	98	444	8400	0	1056	120	398	0	16204	0	1788	1264	10600	414	1108	0	1938	0	2636	0	2178	0	1732	0	6086	0	666	0	110	0	174	150	4670	0	2930	0	0	66	172	0	0	0	0	0	0	782	0	116	0	0	0	
185776	ParaHippocampal_L	210	1008	0	0	384	0	0	218	0	0	0	224	0	0	844	0	82	422	0	68	866	0	0	0	0	0	0	0	1424	664	0	0	0	0	4790	2448	17186	2794	0	602	3308	0	1636	0	0	0	8720	176	0	0	198	0	180	0	17254	536	0	108	0	0	0	0	0	0	0	0	2296	0	0	0	78	66	492	286	0	0	2746	2986	0	0	812	0	2976	0	410	0	2390	0	2596	156	1048	64	272	168	300	0	2890	120	1754	128	112	0	280	138	82	0	70	0	90	192	216	68	182	74	0	0	
368336	ParaHippocampal_R	164	1560	0	1056	0	0	0	1274	0	0	0	1558	0	68	0	148	138	1836	0	486	0	522	0	0	0	0	0	0	504	6910	0	188	0	236	2236	5076	2116	44596	602	0	0	11876	126	1824	0	168	526	8586	0	124	0	76	0	292	442	34814	92	740	0	0	0	0	0	0	0	0	282	5892	0	440	86	302	0	12812	0	1500	158	5652	296	222	0	756	0	4476	0	1008	0	4174	0	2014	0	930	0	224	0	330	198	6134	0	3408	0	0	154	374	126	82	0	0	0	60	704	68	226	120	0	0	
56420	Amygdala_L	132	0	0	0	896	0	0	0	0	0	0	0	0	0	1990	0	0	0	0	0	882	0	0	0	0	0	0	0	3028	0	0	0	0	0	0	0	8572	0	3308	0	0	0	0	0	0	0	0	0	0	0	0	0	0	0	4156	0	0	0	0	0	0	0	0	0	0	0	0	0	0	0	0	0	514	0	0	0	160	0	0	0	0	0	2544	0	0	0	928	0	1100	0	0	0	0	0	0	0	0	0	0	0	0	0	0	0	0	0	0	0	0	0	0	0	0	0	0	0	
84880	Amygdala_R	0	0	0	0	0	0	0	0	0	0	0	0	0	0	0	84	0	82	0	0	0	1080	0	0	0	0	0	0	0	2356	0	0	0	0	0	0	0	12376	0	11876	0	0	0	0	0	0	0	0	0	0	0	0	0	0	0	6280	0	0	0	0	0	0	0	0	0	0	0	0	0	0	0	114	0	2180	0	116	0	152	0	0	0	0	0	3416	0	78	0	1730	0	380	0	0	0	0	0	0	0	140	0	0	0	0	0	0	0	0	0	0	0	0	0	0	0	0	0	0	
495300	Calcarine_L	388	0	0	0	0	0	0	0	0	0	0	0	0	0	0	0	114	0	0	156	0	0	0	0	0	0	0	0	92	0	0	0	1782	392	8978	1266	2892	192	1636	126	0	0	0	21474	22844	15312	26444	8968	17348	8072	27128	1424	8922	340	8544	638	484	108	3044	1556	1332	0	658	0	4672	94	30554	6444	388	182	0	0	0	0	0	0	64	0	124	0	686	0	0	0	8484	152	0	0	532	404	540	0	0	0	0	0	328	60	904	0	0	0	0	0	0	0	0	0	0	0	196	188	0	0	0	0	
477344	Calcarine_R	0	340	0	102	0	0	0	172	0	0	0	150	0	0	0	0	0	0	0	1162	0	0	0	0	0	0	0	0	0	208	0	0	178	4206	332	6678	0	2070	0	1824	0	0	21474	0	8152	33482	2770	36602	1596	23396	82	15096	0	9034	0	9178	0	1820	0	2878	0	488	0	488	0	864	4618	32144	496	4112	0	0	0	0	0	0	0	174	0	106	0	120	0	0	0	5484	0	0	0	3658	0	506	0	0	0	0	0	438	296	882	0	0	0	0	0	0	0	0	0	0	428	388	0	0	0	0	
281100	Cuneus_L	70	0	0	0	0	0	0	0	0	0	0	0	0	0	0	0	0	0	244	208	0	0	0	0	0	0	0	0	0	0	0	0	2742	356	2126	870	0	0	0	0	0	0	22844	8152	0	11220	3478	1848	28202	1386	10404	218	1394	0	456	104	0	90	8298	88	308	0	0	0	496	0	27226	6168	734	110	0	0	0	0	0	0	0	0	0	0	0	0	0	0	406	66	0	0	0	168	0	0	0	0	0	0	0	0	70	0	0	0	0	0	0	0	0	0	0	0	0	0	0	0	0	0	
570872	Cuneus_R	70	1502	0	644	0	0	0	974	0	0	0	834	0	0	0	0	0	212	0	1102	0	0	0	0	0	0	0	0	0	688	0	0	252	2690	582	5842	0	756	0	168	0	0	15312	33482	11220	0	1478	9970	2296	51970	136	14482	0	1574	0	2984	0	19274	232	14408	0	3894	0	2082	0	1498	9272	48162	184	12272	0	0	0	140	60	0	0	68	0	240	0	674	0	0	0	4612	0	0	0	6062	0	0	0	0	0	0	0	82	288	392	0	0	0	0	0	0	0	0	0	0	0	320	0	0	0	0	
427616	Lingual_L	346	848	0	0	0	0	0	208	0	0	0	218	0	0	0	0	0	420	0	64	0	0	0	0	0	0	0	0	0	656	0	0	862	0	4396	2048	8222	2338	8720	526	0	0	26444	2770	3478	1478	0	4514	4566	1204	14750	402	9930	336	25628	2286	106	156	1194	214	436	0	76	0	518	0	10686	792	102	72	0	0	0	278	0	0	2462	2642	0	0	140	0	0	0	1272	0	0	0	596	170	9392	3816	406	1506	136	174	10458	3822	15462	5144	0	0	152	146	70	0	0	0	122	770	4542	5102	2936	82	0	0	
537208	Lingual_R	0	642	0	88	0	0	0	158	0	0	0	126	0	0	0	0	0	86	0	614	0	0	0	0	0	0	0	0	0	200	0	0	122	1680	480	8026	354	8686	176	8586	0	0	8968	36602	1848	9970	4514	0	302	10368	104	9366	448	12238	1914	36250	0	1652	0	642	0	180	0	172	0	348	1324	24196	170	2144	0	0	0	168	0	0	0	1312	0	0	0	0	0	0	0	2546	0	0	0	2920	4238	8486	466	422	66	190	2198	11672	6924	15918	76	0	156	120	0	0	0	0	0	112	7344	8390	1136	0	0	0	
299424	Occipital_Sup_L	0	0	0	0	0	0	0	0	0	0	0	0	0	0	0	0	0	0	0	0	0	0	0	0	0	0	0	0	0	0	0	0	660	0	1480	0	0	0	0	0	0	0	17348	1596	28202	2296	4566	302	0	192	32872	0	3868	0	946	0	60	0	21650	60	6966	0	0	0	2936	0	21582	1338	0	0	0	0	0	0	0	0	0	0	0	0	0	0	0	0	728	0	0	0	0	0	64	0	0	0	0	0	0	0	0	0	0	0	0	0	0	0	0	0	0	0	0	0	0	0	0	0	
550788	Occipital_Sup_R	68	1410	0	592	0	0	0	910	0	0	0	782	0	0	0	0	0	208	0	734	0	0	0	0	0	0	0	0	0	642	0	0	0	1258	0	1926	0	464	0	124	0	0	8072	23396	1386	51970	1204	10368	192	0	0	38210	0	3634	0	4446	0	20038	0	21304	0	7286	0	3512	0	11046	898	32000	80	12026	0	0	0	136	60	0	0	62	0	206	0	770	0	0	0	6338	0	0	0	6090	0	224	0	0	0	0	0	76	306	546	0	0	0	0	0	0	0	0	0	0	0	394	0	0	0	0	
521424	Occipital_Mid_L	1402	0	0	0	0	0	0	0	0	0	0	0	0	0	0	0	664	0	0	0	0	0	0	0	0	0	0	0	554	0	0	0	2368	0	6890	0	424	0	198	0	0	0	27128	82	10404	136	14750	104	32872	0	0	0	27036	0	13920	0	3058	0	18856	0	14994	0	2598	0	24766	0	16252	82	1148	0	0	0	0	0	0	0	60	0	530	0	1900	0	0	0	31358	0	0	0	3746	0	724	0	0	60	0	0	136	86	1068	0	0	0	0	0	0	0	0	0	0	0	106	156	96	0	0	0	
359812	Occipital_Mid_R	0	144	0	0	0	0	0	0	0	0	0	60	0	0	0	0	0	0	0	160	0	0	0	0	0	0	0	0	0	0	0	0	0	238	0	1260	0	224	0	76	0	0	1424	15096	218	14482	402	9366	0	38210	0	0	0	11956	0	6380	0	2470	0	12028	0	9494	0	3338	0	20888	392	10950	0	1300	0	0	0	0	0	0	0	0	0	0	0	768	0	0	0	13412	0	0	0	3952	0	180	0	0	0	0	0	84	240	408	0	0	0	0	0	0	0	0	0	0	0	306	0	0	0	0	
226784	Occipital_Inf_L	728	0	0	0	0	0	0	0	0	0	0	0	0	0	0	0	532	0	0	0	0	0	0	0	0	0	0	0	704	0	0	0	302	0	2516	0	592	0	180	0	0	0	8922	0	1394	0	9930	448	3868	0	27036	0	0	0	22544	298	732	0	2144	0	340	0	530	0	1910	0	5148	0	74	0	0	0	0	0	0	0	122	0	724	0	656	0	0	0	8788	0	0	0	5318	0	1308	176	0	164	0	0	296	502	2730	278	0	0	0	0	0	0	0	0	0	0	564	622	272	0	0	0	
157156	Occipital_Inf_R	0	306	0	172	0	0	0	274	0	0	0	232	0	0	0	0	0	0	0	186	0	0	0	0	0	0	0	0	0	248	0	0	0	84	0	802	0	1026	0	292	0	0	340	9034	0	1574	336	12238	0	3634	0	11956	0	0	70	15410	0	332	0	136	0	330	0	374	0	498	94	3474	0	420	0	0	0	0	0	0	0	0	0	0	0	0	0	0	0	3172	0	0	0	4488	536	566	0	100	0	0	266	586	880	2248	0	0	98	0	0	0	0	0	0	0	404	1196	166	0	0	0	
582416	Fusiform_L	1520	790	118	0	116	0	118	124	0	0	180	134	0	0	368	0	1372	386	0	66	134	0	0	0	0	0	0	0	4558	530	0	0	288	0	8344	2012	23420	2142	17254	442	4156	0	8544	0	456	0	25628	1914	946	0	13920	0	22544	70	0	1908	1006	72	302	0	344	0	558	0	1306	0	6348	0	74	0	64	66	772	198	0	0	2342	2278	2588	0	3492	0	4590	0	10216	0	2684	0	24402	98	20320	1530	2078	1178	206	126	12776	3008	27030	2518	634	186	1114	422	300	0	94	0	0	154	4174	3014	1628	348	68	0	
721068	Fusiform_R	0	2050	0	1958	0	0	0	2766	0	0	0	2358	0	0	0	0	0	1568	0	1002	0	96	0	0	0	0	0	0	102	7508	0	128	0	528	1530	5620	1408	39986	536	34814	0	6280	638	9178	104	2984	2286	36250	0	4446	0	6380	298	15410	1908	0	0	1500	0	278	0	182	0	224	0	126	410	10466	0	1524	0	218	0	10368	0	766	198	4654	0	478	0	2178	0	6670	0	4206	0	5312	0	19726	4258	17816	386	774	66	1560	2540	20342	6416	29192	122	0	370	462	112	0	0	0	0	608	7996	6758	924	228	0	0	
287548	Postcentral_L	27946	950	1710	2758	74	0	2936	446	0	0	6524	116	1378	0	0	0	10054	104	2034	4674	0	0	306	0	0	0	0	0	3546	304	948	234	2848	688	1544	204	642	120	0	92	0	0	484	0	0	0	106	0	60	0	3058	0	732	0	1006	0	0	154	7268	0	17920	0	8380	84	3048	0	4174	0	4186	194	4844	264	1740	280	456	0	564	328	2284	0	4980	0	0	0	3104	0	0	0	896	0	0	0	0	0	0	0	0	0	0	0	0	0	0	0	0	0	0	0	0	0	0	0	0	0	0	0	
386548	Postcentral_R	518	20430	108	3642	0	0	0	4528	0	0	0	6002	0	64	0	0	0	3032	340	4502	0	0	0	0	0	0	0	0	0	1408	0	0	148	5124	310	3676	176	1744	108	740	0	0	108	1820	90	19274	156	1652	0	20038	0	2470	0	332	72	1500	154	0	0	7528	0	8570	0	14072	0	1922	0	20056	456	20172	66	176	126	1228	138	362	80	1018	0	320	0	970	0	0	0	5068	0	0	0	6164	0	0	0	0	0	0	0	140	84	206	0	0	0	0	0	0	0	0	0	0	0	86	0	0	0	0	
205908	Parietal_Sup_L	232	0	0	0	0	0	0	0	0	0	0	0	0	0	0	0	0	0	0	0	0	0	0	0	0	0	0	0	0	0	0	0	1190	0	530	0	0	0	0	0	0	0	3044	0	8298	232	1194	0	21650	0	18856	0	2144	0	302	0	7268	0	0	130	13662	0	128	0	3490	0	18414	756	424	0	0	0	0	0	0	0	0	0	0	0	116	0	0	0	798	0	0	0	96	0	0	0	0	0	0	0	0	0	0	0	0	0	0	0	0	0	0	0	0	0	0	0	0	0	0	0	
209164	Parietal_Sup_R	0	162	0	0	0	0	0	0	0	0	0	0	0	0	0	0	0	0	0	278	0	0	0	0	0	0	0	0	0	0	0	0	134	944	0	506	0	0	0	0	0	0	1556	2878	88	14408	214	642	60	21304	0	12028	0	136	0	278	0	7528	130	0	0	10464	0	3190	0	8976	870	14872	0	2426	0	0	0	0	0	0	0	0	0	0	0	64	0	0	0	284	0	0	0	162	0	0	0	0	0	0	0	0	0	0	0	0	0	0	0	0	0	0	0	0	0	0	0	0	0	0	
239284	Parietal_Inf_L	5072	100	416	524	0	0	534	82	0	0	968	0	0	0	0	0	986	0	392	1022	0	0	0	0	0	0	0	0	978	64	0	0	3286	0	1080	0	268	0	0	0	0	0	1332	0	308	0	436	0	6966	0	14994	0	340	0	344	0	17920	0	13662	0	0	0	12288	0	18314	0	2662	0	1024	0	1348	62	722	88	312	0	96	164	200	0	2910	0	0	0	6388	0	0	0	990	0	0	0	0	0	0	0	0	0	0	0	0	0	0	0	0	0	0	0	0	0	0	0	0	0	0	0	
194636	Parietal_Inf_R	0	1192	0	72	0	0	0	550	0	0	0	668	0	0	0	0	0	0	0	696	0	0	0	0	0	0	0	0	0	88	0	0	0	1174	0	424	0	62	0	0	0	0	0	488	0	3894	0	180	0	7286	0	9494	0	330	0	182	0	8570	0	10464	0	0	0	20232	0	17356	0	3808	108	4078	0	0	0	0	0	0	0	0	0	0	0	868	0	0	0	3772	0	0	0	1282	0	0	0	0	0	0	0	0	0	0	0	0	0	0	0	0	0	0	0	0	0	0	0	0	0	0	
133168	SupraMarginal_L	2178	0	666	84	0	0	0	0	0	0	676	0	0	0	0	0	5988	0	0	68	0	0	0	0	0	0	0	0	2372	0	0	0	1078	0	424	0	114	0	0	0	0	0	658	0	0	0	76	0	0	0	2598	0	530	0	558	0	8380	0	128	0	12288	0	0	0	5672	0	600	0	196	0	106	0	86	0	0	0	0	0	664	0	10142	0	0	0	9076	0	0	0	1178	0	0	0	0	0	0	0	0	0	0	0	0	0	0	0	0	0	0	0	0	0	0	0	0	0	0	0	
192852	SupraMarginal_R	142	2894	0	716	0	0	0	1892	0	0	0	1710	0	0	0	0	0	2964	0	734	0	0	0	0	0	0	0	0	0	854	0	0	0	872	0	432	0	182	0	0	0	0	0	488	0	2082	0	172	0	3512	0	3338	0	374	0	224	84	14072	0	3190	0	20232	0	0	0	12878	0	2766	108	3286	0	0	0	0	0	0	0	0	0	588	0	4850	0	0	0	8404	0	0	0	2386	0	0	0	0	0	0	0	0	0	0	0	0	0	0	0	0	0	0	0	0	0	0	0	0	0	0	
201228	Angular_L	1578	72	0	0	0	0	184	0	0	0	314	0	0	0	0	0	390	0	0	0	0	0	0	0	0	0	0	0	670	0	0	0	3756	0	1918	66	124	0	0	0	0	0	4672	0	496	0	518	0	2936	0	24766	0	1910	0	1306	0	3048	0	3490	0	18314	0	5672	0	0	0	2698	0	1050	0	78	0	76	0	0	0	80	92	268	0	2242	0	0	0	16458	0	0	0	1284	0	0	0	0	0	0	0	0	0	88	0	0	0	0	0	0	0	0	0	0	0	0	0	0	0	0	0	
190492	Angular_R	0	392	0	0	0	0	0	194	0	0	0	252	0	0	0	0	0	0	0	300	0	0	0	0	0	0	0	0	0	88	0	0	0	406	0	856	0	98	0	0	0	0	94	864	0	1498	0	348	0	11046	0	20888	0	498	0	126	0	1922	0	8976	0	17356	0	12878	0	0	0	2014	0	1406	0	0	0	0	0	0	0	0	0	120	0	2410	0	0	0	9144	0	0	0	1072	0	0	0	0	0	0	0	0	0	0	0	0	0	0	0	0	0	0	0	0	0	0	0	0	0	0	
443964	Precuneus_L	732	82	0	0	0	0	0	0	0	0	116	0	0	0	0	0	162	0	158	140	0	0	0	0	0	0	0	0	418	0	0	0	7056	1136	13104	1998	4148	444	2296	282	0	0	30554	4618	27226	9272	10686	1324	21582	898	16252	392	5148	94	6348	410	4174	0	18414	870	2662	0	600	0	2698	0	0	12724	3612	136	0	0	0	0	0	0	380	206	162	0	900	0	0	0	4720	0	0	0	734	0	410	0	0	0	0	0	516	84	738	68	0	0	0	0	0	0	0	0	0	0	98	0	0	0	0	0	
672844	Precuneus_R	176	2570	0	958	0	0	0	1390	0	0	0	1226	0	0	0	0	0	294	0	3780	0	0	0	0	0	0	0	0	0	908	0	0	1392	10420	1440	19436	312	8400	0	5892	0	0	6444	32144	6168	48162	792	24196	1338	32000	82	10950	0	3474	0	10466	0	20056	756	14872	0	3808	0	2766	0	2014	12724	0	1058	21462	0	0	88	636	98	104	0	928	0	218	0	524	0	0	0	5972	0	0	0	7852	0	594	0	0	0	0	0	1768	230	1802	0	0	0	0	0	0	0	0	0	0	1024	258	0	0	0	0	
167996	Paracentral_Lobule_L	7266	5244	2878	2604	0	0	0	150	0	0	0	0	0	0	0	0	0	0	10598	14600	0	0	0	0	0	0	0	0	88	0	0	0	6408	5164	2106	1112	0	0	0	0	0	0	388	496	734	184	102	170	0	80	1148	0	74	0	74	0	4186	456	424	0	1024	108	196	108	1050	0	3612	1058	0	2982	686	1164	1700	0	1054	0	0	968	0	0	298	0	0	0	1076	0	0	0	180	0	0	0	0	0	0	0	0	0	0	0	0	0	0	0	0	0	0	0	0	0	0	0	0	0	0	0	
331784	Paracentral_Lobule_R	1180	10536	112	2546	0	0	0	2432	0	0	0	1808	0	0	0	0	0	478	314	17310	0	0	0	0	0	0	0	0	0	1728	0	0	780	14978	1768	6178	0	1056	0	440	0	0	182	4112	110	12272	72	2144	0	12026	0	1300	0	420	0	1524	194	20172	0	2426	0	4078	0	3286	0	1406	136	21462	2982	0	0	0	192	1774	202	272	220	516	0	208	0	602	0	0	0	2392	0	0	0	5220	0	0	0	0	0	0	0	82	62	138	0	0	0	0	0	0	0	0	0	0	0	64	0	0	0	0	
350748	Caudate_L	8336	388	5750	8078	834	162	2396	1636	0	0	2844	484	1282	74	732	100	5270	80	14472	17838	8808	6562	878	560	1828	368	3624	196	7236	880	10872	5368	170	10224	244	158	1006	120	78	86	0	0	0	0	0	0	0	0	0	0	0	0	0	0	64	0	4844	66	0	0	1348	0	106	0	78	0	0	0	686	0	0	8896	13522	5104	2188	946	4016	502	938	0	1630	160	258	0	0	0	0	0	0	0	0	0	0	0	0	0	0	0	0	0	0	0	0	0	0	0	0	0	0	0	0	0	0	0	0	0	
417904	Caudate_R	1590	9952	552	18232	364	3904	126	3488	0	596	0	4952	0	1546	208	1194	0	2772	4034	20716	6206	10136	464	3164	676	6684	2160	4090	72	7970	4746	25614	110	1372	196	0	100	398	66	302	0	114	0	0	0	0	0	0	0	0	0	0	0	0	66	218	264	176	0	0	62	0	0	0	0	0	0	0	1164	0	8896	0	3728	22774	274	4686	368	16654	0	186	0	402	0	76	0	92	0	0	0	0	0	0	0	0	0	0	0	0	0	0	0	0	0	0	0	0	0	0	0	0	0	0	0	0	0	0	
320588	Putamen_L	3434	328	18452	1210	6020	268	1254	250	530	0	3698	0	1530	0	5624	0	3466	0	10880	3728	4368	3280	3440	842	2438	940	1722	0	20664	118	10638	2388	90	2124	0	0	6892	0	492	0	514	0	0	0	0	0	0	0	0	0	0	0	0	0	772	0	1740	126	0	0	722	0	86	0	76	0	0	88	1700	192	13522	3728	0	2330	8090	486	2188	0	152	0	1212	0	1020	0	92	0	0	0	286	0	0	0	0	0	0	0	64	0	0	0	0	0	0	0	0	0	0	0	0	0	0	0	0	0	0	0	
463020	Putamen_R	154	2904	246	15914	172	6036	64	8482	0	1448	0	6584	0	976	78	5516	0	6074	1546	5660	3636	5984	420	4966	396	4934	1668	3280	112	31032	3074	13530	0	1380	558	500	530	16204	286	12812	0	2180	0	0	0	140	278	168	0	136	0	0	0	0	198	10368	280	1228	0	0	88	0	0	0	0	0	0	636	0	1774	5104	22774	2330	0	68	6464	182	3654	0	408	0	1046	0	214	0	626	0	0	0	1432	0	64	0	64	0	0	0	1486	0	824	0	0	0	74	0	0	0	0	0	0	0	0	66	0	0	0	
54348	Pallidum_L	532	496	3270	470	0	0	540	74	0	0	0	0	0	0	0	0	0	0	2602	1712	0	62	0	0	0	0	0	0	0	0	0	114	0	572	0	0	1564	0	0	0	0	0	0	0	0	60	0	0	0	60	0	0	0	0	0	0	456	138	0	0	312	0	0	0	0	0	0	98	1054	202	2188	274	8090	68	0	0	2166	0	0	0	0	0	0	0	0	0	0	0	0	0	0	0	0	0	0	0	0	0	0	0	0	0	0	0	0	0	0	0	0	0	0	0	0	0	0	0	
56216	Pallidum_R	66	582	0	2514	0	100	0	764	0	0	0	634	0	158	0	96	0	548	106	836	602	906	0	0	0	146	0	0	0	1310	0	406	0	194	0	0	0	1788	0	1500	0	116	0	0	0	0	0	0	0	0	0	0	0	0	0	766	0	362	0	0	0	0	0	0	0	0	0	104	0	272	946	4686	486	6464	0	0	0	514	0	60	0	0	0	0	0	0	0	0	0	0	0	0	0	0	0	0	0	76	0	0	0	0	0	0	0	0	0	0	0	0	0	0	0	0	0	0	
136768	Thalamus_L	18786	2276	1116	356	0	0	1198	160	0	0	102	178	0	0	0	0	172	106	376	998	0	0	0	0	0	0	0	0	2370	298	0	0	0	216	1948	872	8514	1264	2746	158	160	0	64	0	0	0	2462	0	0	0	60	0	122	0	2342	198	564	80	0	0	96	0	0	0	80	0	380	0	0	220	4016	368	2188	182	2166	0	0	5992	1338	0	184	0	0	0	108	0	0	0	594	124	0	0	0	0	0	0	86	0	0	0	0	0	0	0	0	0	0	0	0	0	0	0	0	0	0	0	
250512	Thalamus_R	2920	19978	98	2434	0	0	136	1790	0	0	84	2426	0	0	0	0	242	772	410	5026	0	86	0	0	0	0	0	0	1490	2844	0	294	130	318	5886	4966	6824	10600	2986	5652	0	152	0	174	0	68	2642	1312	0	62	0	0	0	0	2278	4654	328	1018	0	0	164	0	0	0	92	0	206	928	968	516	502	16654	0	3654	0	514	5992	0	646	288	0	690	0	0	0	442	0	0	112	1174	0	66	0	0	0	0	0	346	0	222	0	0	0	0	0	0	0	0	0	0	0	0	0	0	0	0	
107008	Heschl_L	2842	116	312	732	0	0	232	0	0	0	1114	0	0	0	0	0	8850	0	532	740	0	0	0	0	0	0	0	0	8420	0	0	0	438	224	1008	648	1952	414	0	296	0	0	124	0	0	0	0	0	0	0	530	0	724	0	2588	0	2284	0	0	0	200	0	664	0	268	0	162	0	0	0	938	0	152	0	0	0	1338	646	0	0	5366	0	0	0	3186	0	0	0	5464	0	0	0	0	0	0	0	0	0	0	0	0	0	0	0	0	0	0	0	0	0	0	0	0	0	0	0	
57872	Heschl_R	0	278	0	1312	0	0	0	1140	0	0	0	944	0	136	0	0	0	4336	0	662	0	0	0	0	0	0	0	0	0	4944	0	0	0	0	112	120	100	1108	0	222	0	0	0	106	0	240	0	0	0	206	0	0	0	0	0	478	0	320	0	0	0	0	0	588	0	120	0	218	0	208	0	186	0	408	0	60	0	288	0	0	0	7324	0	0	0	1956	0	0	0	816	0	0	0	0	0	0	0	0	0	0	0	0	0	0	0	0	0	0	0	0	0	0	0	0	0	0	
339816	Temporal_Sup_L	3930	0	6090	690	160	108	2026	176	0	0	14096	0	2030	0	304	0	24476	0	3154	452	0	0	2164	346	186	0	0	0	17212	0	3776	734	2592	200	750	0	2226	0	812	0	0	0	686	0	0	0	140	0	0	0	1900	0	656	0	3492	0	4980	0	116	0	2910	0	10142	0	2242	0	900	0	298	0	1630	0	1212	0	0	0	184	0	5366	0	0	0	5040	0	26182	0	0	0	12994	0	0	0	0	0	0	0	66	0	82	0	0	0	0	0	0	0	0	0	0	0	0	0	0	0	0	0	
180020	Temporal_Sup_R	88	1146	0	1664	0	0	0	1746	0	0	0	3082	0	314	0	460	0	5106	288	1010	0	168	0	66	0	0	0	0	0	14370	0	254	0	236	0	122	60	1938	0	756	0	0	0	120	0	674	0	0	0	770	0	768	0	0	0	2178	0	970	0	64	0	868	0	4850	0	2410	0	524	0	602	160	402	0	1046	0	0	0	690	0	7324	0	0	0	5408	0	22076	0	1218	0	4014	0	0	0	0	0	0	0	0	0	0	0	0	0	0	0	0	0	0	0	0	0	0	0	0	0	0	
136712	Temporal_Pole_Sup_L	0	0	612	0	910	0	214	0	266	0	3418	0	2186	0	3754	0	2002	0	214	0	572	0	296	84	478	0	0	0	7246	0	1488	0	0	0	0	0	3176	0	2976	0	2544	0	0	0	0	0	0	0	0	0	0	0	0	0	4590	0	0	0	0	0	0	0	0	0	0	0	0	0	0	0	258	0	1020	0	0	0	0	0	0	0	5040	0	0	0	9072	0	7096	0	8844	0	0	0	0	0	0	0	0	0	0	0	0	0	0	0	0	0	0	0	0	0	0	0	0	0	0	0	
84688	Temporal_Pole_Sup_R	0	0	0	66	0	138	0	0	0	0	0	322	0	132	0	714	0	850	0	0	0	608	0	0	0	0	0	0	0	2346	0	60	0	0	0	0	0	2636	0	4476	0	3416	0	0	0	0	0	0	0	0	0	0	0	0	0	6670	0	0	0	0	0	0	0	0	0	0	0	0	0	0	0	76	0	214	0	0	0	0	0	0	0	5408	0	0	0	4296	0	7104	0	2812	0	0	0	0	0	0	0	0	0	0	0	0	0	0	0	0	0	0	0	0	0	0	0	0	0	0	
412540	Temporal_Mid_L	2284	0	102	0	0	0	74	0	0	0	164	0	0	0	62	0	3118	0	0	0	0	0	0	0	0	0	0	0	4842	0	0	0	6072	0	5472	0	1766	0	410	0	0	0	8484	0	406	0	1272	0	728	0	31358	0	8788	0	10216	0	3104	0	798	0	6388	0	9076	0	16458	0	4720	0	1076	0	0	0	92	0	0	0	108	0	3186	0	26182	0	9072	0	0	0	6848	0	32810	0	228	0	0	0	0	0	64	0	442	0	0	0	0	0	0	0	0	0	0	0	0	0	0	0	0	0	
318308	Temporal_Mid_R	0	2196	0	896	0	0	0	1194	0	0	0	1268	0	0	0	242	0	1020	84	950	0	168	0	0	0	0	0	0	0	6668	0	0	0	396	0	3310	60	2178	0	1008	0	78	152	5484	66	4612	0	2546	0	6338	0	13412	0	3172	0	4206	0	5068	0	284	0	3772	0	8404	0	9144	0	5972	0	2392	0	92	0	626	0	0	0	442	0	1956	0	22076	0	4296	0	0	0	5286	0	27282	0	0	0	0	0	0	0	190	0	168	0	0	0	0	0	0	0	0	0	0	0	0	0	0	0	0	
56272	Temporal_Pole_Mid_L	0	0	0	0	0	0	0	0	0	0	0	0	0	0	128	0	0	0	0	0	166	0	0	0	0	0	0	0	0	0	0	0	0	0	0	0	782	0	2390	0	928	0	0	0	0	0	0	0	0	0	0	0	0	0	2684	0	0	0	0	0	0	0	0	0	0	0	0	0	0	0	0	0	0	0	0	0	0	0	0	0	0	0	7096	0	6848	0	0	0	7114	0	0	0	0	0	0	0	0	0	0	0	0	0	0	0	0	0	0	0	0	0	0	0	0	0	0	0	
65176	Temporal_Pole_Mid_R	0	0	0	0	0	0	0	0	0	0	0	0	0	0	0	0	0	0	0	0	0	0	0	0	0	0	0	0	0	62	0	0	0	0	0	0	0	1732	0	4174	0	1730	0	0	0	0	0	0	0	0	0	0	0	0	0	5312	0	0	0	0	0	0	0	0	0	0	0	0	0	0	0	0	0	0	0	0	0	0	0	0	0	1218	0	7104	0	5286	0	0	0	5970	0	0	0	0	0	0	0	0	0	0	0	0	0	0	0	0	0	0	0	0	0	0	0	0	0	0	
285920	Temporal_Inf_L	1750	0	114	0	0	0	128	0	0	0	284	0	0	0	0	0	3276	0	0	0	0	0	0	0	0	0	0	0	6448	0	0	0	1838	0	904	0	9720	0	2596	0	1100	0	532	0	0	0	596	0	0	0	3746	0	5318	0	24402	0	896	0	96	0	990	0	1178	0	1284	0	734	0	180	0	0	0	286	0	0	0	594	112	5464	0	12994	0	8844	0	32810	0	7114	0	0	0	3380	0	474	0	0	0	1014	0	1548	0	0	0	0	0	0	0	0	0	0	0	216	0	0	0	0	0	
293648	Temporal_Inf_R	92	2564	0	1538	0	0	0	2508	0	0	0	2062	0	0	0	0	0	868	0	1582	0	0	0	0	0	0	0	0	0	3956	0	0	0	814	276	3284	240	6086	156	2014	0	380	404	3658	168	6062	170	2920	0	6090	0	3952	0	4488	98	19726	0	6164	0	162	0	1282	0	2386	0	1072	0	7852	0	5220	0	0	0	1432	0	0	124	1174	0	816	0	4014	0	2812	0	27282	0	5970	0	0	0	1432	0	166	0	0	0	396	0	912	0	0	0	0	0	0	0	0	0	0	0	0	0	0	0	0	
571480	Cerebelum_Crus1_L	0	0	0	0	0	0	0	0	0	0	0	0	0	0	0	0	0	0	0	0	0	0	0	0	0	0	0	0	0	0	0	0	0	0	86	0	600	0	1048	0	0	0	540	0	0	0	9392	4238	64	0	724	0	1308	536	20320	4258	0	0	0	0	0	0	0	0	0	0	410	0	0	0	0	0	0	0	0	0	0	0	0	0	0	0	0	0	228	0	0	0	3380	0	0	9686	30476	5932	3420	1834	28804	7194	59898	15382	8298	1294	10356	2764	2296	394	240	0	928	2796	15250	15630	10610	3120	1166	840	
456956	Cerebelum_Crus1_R	0	0	0	0	0	0	0	0	0	0	0	0	0	0	0	0	0	0	0	0	0	0	0	0	0	0	0	0	0	0	0	0	0	0	0	126	0	666	64	930	0	0	0	506	0	0	3816	8486	0	224	0	180	176	566	1530	17816	0	0	0	0	0	0	0	0	0	0	0	594	0	0	0	0	0	64	0	0	0	66	0	0	0	0	0	0	0	0	0	0	0	1432	9686	0	2672	30990	804	2418	6532	16756	10518	45292	1434	5284	3360	11260	942	726	84	0	354	2398	10986	12380	11682	3254	1012	412	
342344	Cerebelum_Crus2_L	0	0	0	0	0	0	0	0	0	0	0	0	0	0	0	0	0	0	0	0	0	0	0	0	0	0	0	0	0	0	0	0	0	0	0	0	0	0	272	0	0	0	0	0	0	0	406	466	0	0	0	0	0	0	2078	386	0	0	0	0	0	0	0	0	0	0	0	0	0	0	0	0	0	0	0	0	0	0	0	0	0	0	0	0	0	0	0	0	474	0	30476	2672	0	12138	3260	788	5422	1170	7132	2568	30260	6556	27808	6674	3842	362	256	0	536	1448	2158	2532	11894	6194	732	212	
424288	Cerebelum_Crus2_R	0	0	0	0	0	0	0	0	0	0	0	0	0	0	0	0	0	0	0	0	0	0	0	0	0	0	0	0	0	0	0	0	0	0	0	0	0	110	168	224	0	0	0	0	0	0	1506	422	0	0	60	0	164	100	1178	774	0	0	0	0	0	0	0	0	0	0	0	0	0	0	0	0	0	64	0	0	0	0	0	0	0	0	0	0	0	0	0	0	0	166	5932	30990	12138	0	3206	3486	5620	3918	5714	9176	6178	22036	15104	28332	6790	1768	220	80	776	3314	4004	4486	20930	10692	1732	586	
110836	Cerebelum_3_L	0	0	0	0	0	0	0	0	0	0	0	0	0	0	0	0	0	0	0	0	0	0	0	0	0	0	0	0	0	0	0	0	0	0	0	0	0	0	300	0	0	0	0	0	0	0	136	66	0	0	0	0	0	0	206	66	0	0	0	0	0	0	0	0	0	0	0	0	0	0	0	0	0	0	0	0	0	0	0	0	0	0	0	0	0	0	0	0	0	0	3420	804	3260	3206	0	476	10506	490	4132	702	1316	1098	5690	2722	2616	412	138	0	1246	3856	1778	300	3310	2236	844	86	
142036	Cerebelum_3_R	0	0	0	0	0	0	0	0	0	0	0	0	0	0	0	0	0	0	0	0	0	0	0	0	0	0	0	0	0	0	0	0	0	0	0	0	0	174	0	330	0	0	0	0	0	0	174	190	0	0	0	0	0	0	126	1560	0	0	0	0	0	0	0	0	0	0	0	0	0	0	0	0	0	0	0	0	0	0	0	0	0	0	0	0	0	0	0	0	0	0	1834	2418	788	3486	476	0	3006	8886	1838	6372	218	286	3008	5854	2622	3442	264	104	1482	7808	3334	628	3550	3728	2578	454	
454232	Cerebelum_4_5_L	0	0	0	0	0	0	0	0	0	0	0	0	0	0	0	0	0	0	0	0	0	0	0	0	0	0	0	0	66	0	0	0	0	0	60	0	974	150	2890	198	0	0	328	0	0	0	10458	2198	0	0	136	0	296	266	12776	2540	0	0	0	0	0	0	0	0	0	0	516	0	0	0	0	0	64	0	0	0	86	0	0	0	66	0	0	0	64	0	0	0	1014	0	28804	6532	5422	5620	10506	3006	0	10344	39828	11246	3402	1420	8430	4954	4152	718	296	0	1752	6470	22228	3782	6140	3880	1920	1118	
411596	Cerebelum_4_5_R	0	0	0	72	0	0	0	0	0	0	0	86	0	0	0	0	0	216	0	0	0	0	0	0	0	0	0	0	0	634	0	0	0	92	172	698	216	4670	120	6134	0	140	60	438	0	82	3822	11672	0	76	86	84	502	586	3008	20342	0	140	0	0	0	0	0	0	0	0	84	1768	0	82	0	0	0	1486	0	76	0	346	0	0	0	0	0	0	0	190	0	0	0	396	7194	16756	1170	3918	490	8886	10344	0	9274	36372	412	544	3174	5764	1864	2596	192	174	100	4712	20498	5284	3550	2370	1212	372	
602408	Cerebelum_6_L	0	0	0	0	0	0	0	0	0	0	0	0	0	0	0	0	0	0	0	0	0	0	0	0	0	0	0	0	62	0	0	0	0	0	276	0	864	0	1754	0	0	0	904	296	70	288	15462	6924	0	306	1068	240	2730	880	27030	6416	0	84	0	0	0	0	0	0	88	0	738	230	0	62	0	0	0	0	0	0	0	0	0	0	82	0	0	0	442	0	0	0	1548	0	59898	10518	7132	5714	4132	1838	39828	9274	0	18112	4484	688	6254	2644	2686	532	516	0	846	2940	19168	20230	9428	2546	1424	1528	
575480	Cerebelum_6_R	0	0	0	90	0	0	0	82	0	0	0	0	0	0	0	0	0	0	0	0	0	0	0	0	0	0	0	0	0	214	0	0	0	88	126	618	170	2930	128	3408	0	0	0	882	0	392	5144	15918	0	546	0	408	278	2248	2518	29192	0	206	0	0	0	0	0	0	0	0	68	1802	0	138	0	0	0	824	0	0	0	222	0	0	0	0	0	0	0	168	0	0	0	912	15382	45292	2568	9176	702	6372	11246	36372	18112	0	960	680	3080	5048	912	1148	114	840	744	4528	21064	20814	8752	2164	1180	770	
224540	Cerebelum_7b_L	0	0	0	0	0	0	0	0	0	0	0	0	0	0	0	0	0	0	0	0	0	0	0	0	0	0	0	0	0	0	0	0	0	0	0	0	0	0	112	0	0	0	0	0	0	0	0	76	0	0	0	0	0	0	634	122	0	0	0	0	0	0	0	0	0	0	0	0	0	0	0	0	0	0	0	0	0	0	0	0	0	0	0	0	0	0	0	0	0	0	8298	1434	30260	6178	1316	218	3402	412	4484	960	0	4978	27184	3874	4414	174	478	0	178	528	1182	682	4348	5796	406	142	
183512	Cerebelum_7b_R	0	0	0	0	0	0	0	0	0	0	0	0	0	0	0	0	0	0	0	0	0	0	0	0	0	0	0	0	0	0	0	0	0	0	0	0	0	0	0	0	0	0	0	0	0	0	0	0	0	0	0	0	0	0	186	0	0	0	0	0	0	0	0	0	0	0	0	0	0	0	0	0	0	0	0	0	0	0	0	0	0	0	0	0	0	0	0	0	0	0	1294	5284	6556	22036	1098	286	1420	544	688	680	4978	0	6464	23562	1348	2988	0	142	168	416	538	402	4350	5728	494	106	
433984	Cerebelum_8_L	0	0	0	0	0	0	0	0	0	0	0	0	0	0	0	0	0	0	0	0	0	0	0	0	0	0	0	0	0	0	0	0	0	0	0	0	0	66	280	154	0	0	0	0	0	0	152	156	0	0	0	0	0	98	1114	370	0	0	0	0	0	0	0	0	0	0	0	0	0	0	0	0	0	0	0	0	0	0	0	0	0	0	0	0	0	0	0	0	0	0	10356	3360	27808	15104	5690	3008	8430	3174	6254	3080	27184	6464	0	16460	27266	3018	1814	70	1190	3536	4512	1222	13790	16390	4204	1218	
398152	Cerebelum_8_R	0	0	0	0	0	0	0	0	0	0	0	0	0	0	0	0	0	0	0	0	0	0	0	0	0	0	0	0	0	0	0	0	0	0	0	0	0	172	138	374	0	0	0	0	0	0	146	120	0	0	0	0	0	0	422	462	0	0	0	0	0	0	0	0	0	0	0	0	0	0	0	0	0	74	0	0	0	0	0	0	0	0	0	0	0	0	0	0	0	0	2764	11260	6674	28332	2722	5854	4954	5764	2644	5048	3874	23562	16460	0	9646	18658	522	1200	1414	4864	4050	1254	12204	16516	5750	1178	
