data	data	449112	193940	1.06219e+06	1.04966e+06	142268	91104	535600	234860	94716	22580	363372	225756	338260	174064	249532	50436	316152	146936	708972	944732	39036	48428	402096	640416	50980	109240	49624	38700	829036	425692	311960	659896	217368	636088	108488	130692	374556	233404	80788	123136	30064	38552	225880	343756	214152	287592	166980	244272	192876	365828	417716	259580	76148	44364	348072	270732	159996	203252	117792	133160	179780	143076	108756	128764	129652	123868	281736	401132	135984	237904	207416	448460	384940	321992	30508	33604	140696	182860	75988	33316	252996	78568	126404	34348	270072	150856	33952	10784	268264	117276	461360	278744	328308	297092	19792	37868	181496	120720	406084	314896	178708	83932	175088	219304	41364	78736	13360	3096	22660	35408	112652	132556	218976	89876	68864	8588	
data	data	Precentral_L	Precentral_R	Frontal_Sup_L	Frontal_Sup_R	Frontal_Sup_Orb_L	Frontal_Sup_Orb_R	Frontal_Mid_L	Frontal_Mid_R	Frontal_Mid_Orb_L	Frontal_Mid_Orb_R	Frontal_Inf_Oper_L	Frontal_Inf_Oper_R	Frontal_Inf_Tri_L	Frontal_Inf_Tri_R	Frontal_Inf_Orb_L	Frontal_Inf_Orb_R	Rolandic_Oper_L	Rolandic_Oper_R	Supp_Motor_Area_L	Supp_Motor_Area_R	Olfactory_L	Olfactory_R	Frontal_Sup_Medial_L	Frontal_Sup_Medial_R	Frontal_Med_Orb_L	Frontal_Med_Orb_R	Rectus_L	Rectus_R	Insula_L	Insula_R	Cingulum_Ant_L	Cingulum_Ant_R	Cingulum_Mid_L	Cingulum_Mid_R	Cingulum_Post_L	Cingulum_Post_R	Hippocampus_L	Hippocampus_R	ParaHippocampal_L	ParaHippocampal_R	Amygdala_L	Amygdala_R	Calcarine_L	Calcarine_R	Cuneus_L	Cuneus_R	Lingual_L	Lingual_R	Occipital_Sup_L	Occipital_Sup_R	Occipital_Mid_L	Occipital_Mid_R	Occipital_Inf_L	Occipital_Inf_R	Fusiform_L	Fusiform_R	Postcentral_L	Postcentral_R	Parietal_Sup_L	Parietal_Sup_R	Parietal_Inf_L	Parietal_Inf_R	SupraMarginal_L	SupraMarginal_R	Angular_L	Angular_R	Precuneus_L	Precuneus_R	Paracentral_Lobule_L	Paracentral_Lobule_R	Caudate_L	Caudate_R	Putamen_L	Putamen_R	Pallidum_L	Pallidum_R	Thalamus_L	Thalamus_R	Heschl_L	Heschl_R	Temporal_Sup_L	Temporal_Sup_R	Temporal_Pole_Sup_L	Temporal_Pole_Sup_R	Temporal_Mid_L	Temporal_Mid_R	Temporal_Pole_Mid_L	Temporal_Pole_Mid_R	Temporal_Inf_L	Temporal_Inf_R	Cerebelum_Crus1_L	Cerebelum_Crus1_R	Cerebelum_Crus2_L	Cerebelum_Crus2_R	Cerebelum_3_L	Cerebelum_3_R	Cerebelum_4_5_L	Cerebelum_4_5_R	Cerebelum_6_L	Cerebelum_6_R	Cerebelum_7b_L	Cerebelum_7b_R	Cerebelum_8_L	Cerebelum_8_R	Cerebelum_9_L	Cerebelum_9_R	Cerebelum_10_L	Cerebelum_10_R	Vermis_1_2	Vermis_3	Vermis_4_5	Vermis_6	Vermis_7	Vermis_8	Vermis_9	Vermis_10	
449112	Precentral_L	0	818	28212	2124	0	0	17180	0	0	0	12122	102	1206	0	222	0	14746	0	7148	6594	0	0	0	0	0	0	0	0	15442	104	0	120	906	230	1610	1036	13662	686	474	280	0	0	192	0	598	0	0	164	128	0	2748	0	0	0	650	100	15938	0	852	0	3562	0	2102	0	644	0	1194	180	17248	0	686	2654	6594	0	128	0	26786	1830	3812	0	4130	0	1428	0	3032	0	0	0	2152	0	0	0	0	0	0	0	0	0	0	0	0	0	0	0	0	0	0	0	0	0	0	0	0	0	0	0	
193940	Precentral_R	818	0	412	13310	0	0	0	4290	0	0	234	5884	0	1732	0	0	0	1616	928	18698	0	0	0	0	0	0	0	0	108	2256	0	0	546	1806	320	1980	0	3928	0	122	0	0	0	0	0	0	0	0	0	240	0	182	0	0	0	184	0	15588	0	254	0	428	0	776	0	0	0	324	286	8116	536	994	1020	2300	122	0	496	3770	0	520	0	1030	0	0	0	470	0	0	0	346	0	0	0	0	0	0	0	0	0	0	0	0	0	0	0	0	0	0	0	0	0	0	0	0	0	0	
1.06219e+06	Frontal_Sup_L	28212	412	0	13702	11744	132	77828	974	2970	0	26960	1166	20758	610	9636	338	12660	444	75520	14344	0	0	41124	9968	1556	222	1144	0	42778	1678	18552	10338	7562	8328	1168	344	16976	358	250	202	0	0	0	0	338	0	0	174	0	0	0	0	0	0	3358	0	1564	0	0	0	336	0	172	0	116	0	494	142	3400	0	5734	3720	23806	704	244	158	6768	748	1520	0	5642	0	4292	0	134	0	0	0	6574	0	0	0	0	0	0	0	0	0	0	0	0	0	0	0	0	0	0	0	0	0	0	0	0	0	0	0	
1.04966e+06	Frontal_Sup_R	2124	13310	13702	0	0	4970	2124	32778	0	804	674	14782	2194	14528	2530	2308	172	11898	15886	97774	0	158	13764	63712	114	3648	0	0	4720	28516	8010	48684	2944	20450	274	558	276	4544	0	520	0	0	0	0	0	0	0	0	0	0	0	0	0	0	0	0	0	1748	0	0	0	0	0	248	0	0	0	0	444	0	5650	29106	3330	20740	590	3258	2710	22440	0	920	0	196	0	0	0	0	0	0	0	0	0	0	0	0	0	0	0	0	0	0	0	0	0	0	0	0	0	0	0	0	0	0	0	0	0	0	
142268	Frontal_Sup_Orb_L	0	0	11744	0	0	0	2880	0	10026	0	166	0	654	0	8622	0	0	0	822	0	646	0	3198	146	6098	0	5524	0	2730	0	4158	120	0	0	0	0	0	0	122	0	124	0	0	0	0	0	0	0	0	0	0	0	0	0	0	0	0	0	0	0	0	0	0	0	0	0	0	0	0	0	3336	0	9766	0	0	0	0	0	0	0	0	0	252	0	0	0	0	0	0	0	0	0	0	0	0	0	0	0	0	0	0	0	0	0	0	0	0	0	0	0	0	0	0	0	0	0	
91104	Frontal_Sup_Orb_R	0	0	132	4970	0	0	0	1004	0	2240	0	0	0	0	0	1196	0	0	98	372	0	858	612	4986	0	8670	0	4950	0	402	1200	4114	0	0	0	0	0	0	0	0	0	0	0	0	0	0	0	0	0	0	0	0	0	0	0	0	0	0	0	0	0	0	0	0	0	0	0	0	0	0	0	4308	0	5440	0	0	0	0	0	0	0	0	0	0	0	0	0	0	0	0	0	0	0	0	0	0	0	0	0	0	0	0	0	0	0	0	0	0	0	0	0	0	0	0	0	0	
535600	Frontal_Mid_L	17180	0	77828	2124	2880	0	0	140	4122	0	26466	348	35992	238	10466	0	4064	130	9048	1162	0	0	15158	2912	0	0	118	0	22656	674	4928	2272	4988	2840	0	0	4988	0	174	0	0	0	0	0	0	0	0	0	0	0	0	0	0	0	832	0	782	0	0	0	278	0	222	0	0	0	0	0	0	0	1222	592	2468	0	0	0	736	0	1614	0	2526	0	1402	0	0	0	0	0	1230	0	0	0	0	0	0	0	0	0	0	0	0	0	0	0	0	0	0	0	0	0	0	0	0	0	0	0	
234860	Frontal_Mid_R	0	4290	974	32778	0	1004	140	0	0	596	140	10950	248	12146	320	2544	0	722	1112	4032	0	0	1818	9410	0	0	0	0	680	12502	922	7096	0	3036	0	0	0	516	0	0	0	0	0	0	0	0	0	0	0	0	0	0	0	0	0	0	0	564	0	0	0	0	0	0	0	0	0	0	0	0	954	2940	690	4028	0	0	0	278	0	0	0	0	0	0	0	0	0	0	0	0	0	0	0	0	0	0	0	0	0	0	0	0	0	0	0	0	0	0	0	0	0	0	0	0	0	0	
94716	Frontal_Mid_Orb_L	0	0	2970	0	10026	0	4122	0	0	0	0	0	1828	0	16500	0	0	0	108	0	0	0	0	0	410	0	1940	0	3202	0	200	0	0	0	0	0	0	0	0	0	0	0	0	0	0	0	0	0	0	0	0	0	0	0	0	0	0	0	0	0	0	0	0	0	0	0	0	0	0	0	1002	0	5050	0	0	0	0	0	0	0	0	0	0	0	0	0	0	0	0	0	0	0	0	0	0	0	0	0	0	0	0	0	0	0	0	0	0	0	0	0	0	0	0	0	0	0	
22580	Frontal_Mid_Orb_R	0	0	0	804	0	2240	0	596	0	0	0	0	0	0	0	3206	0	0	0	0	0	0	0	294	0	478	0	204	0	736	0	336	0	126	0	0	0	0	0	0	0	0	0	0	0	0	0	0	0	0	0	0	0	0	0	0	0	0	0	0	0	0	0	0	0	0	0	0	0	0	0	770	0	1500	0	0	0	0	0	0	0	0	0	0	0	0	0	0	0	0	0	0	0	0	0	0	0	0	0	0	0	0	0	0	0	0	0	0	0	0	0	0	0	0	0	0	
363372	Frontal_Inf_Oper_L	12122	234	26960	674	166	0	26466	140	0	0	0	306	23160	0	1356	0	16068	0	15390	438	0	0	854	498	0	0	0	0	28616	346	338	744	0	0	0	0	2916	0	0	0	0	0	0	0	0	0	0	0	0	0	0	0	0	0	934	0	1010	0	0	0	0	0	0	0	0	0	0	0	0	0	446	1140	2092	258	0	0	0	0	972	0	7622	0	7786	0	0	0	0	0	1634	0	0	0	0	0	0	0	0	0	0	0	0	0	0	0	0	0	0	0	0	0	0	0	0	0	0	0	
225756	Frontal_Inf_Oper_R	102	5884	1166	14782	0	0	348	10950	0	0	306	0	562	7838	460	164	0	4968	1514	4916	0	0	342	3552	0	0	0	0	706	31234	290	3216	402	894	0	0	0	2782	0	0	0	0	0	0	0	0	0	0	0	0	0	0	0	0	0	0	0	3820	0	0	0	0	0	0	0	0	0	0	0	0	930	2834	720	5664	0	0	0	1038	0	136	0	112	0	246	0	0	0	0	0	0	0	0	0	0	0	0	0	0	0	0	0	0	0	0	0	0	0	0	0	0	0	0	0	0	0	0	
338260	Frontal_Inf_Tri_L	1206	0	20758	2194	654	0	35992	248	1828	0	23160	562	0	0	17128	0	818	0	8812	1214	0	0	1000	930	0	0	0	0	31896	610	1454	1050	0	0	0	0	1066	0	0	0	0	0	0	0	0	0	0	0	0	0	0	0	0	0	340	0	0	0	0	0	0	0	0	0	0	0	0	0	0	0	6946	1726	5006	312	0	0	0	214	0	0	388	0	1054	0	0	0	0	0	564	0	0	0	0	0	0	0	0	0	0	0	0	0	0	0	0	0	0	0	0	0	0	0	0	0	0	0	
174064	Frontal_Inf_Tri_R	0	1732	610	14528	0	0	238	12146	0	0	0	7838	0	0	0	2014	0	508	862	8418	0	0	1650	11446	0	0	0	0	102	10810	464	4718	250	4252	0	0	0	166	0	0	0	0	0	0	0	0	0	0	0	0	0	0	0	0	0	0	0	784	0	0	0	0	0	0	0	0	0	0	0	0	0	2466	0	1030	0	0	0	0	0	0	0	0	0	0	0	0	0	0	0	0	0	0	0	0	0	0	0	0	0	0	0	0	0	0	0	0	0	0	0	0	0	0	0	0	0	0	
249532	Frontal_Inf_Orb_L	222	0	9636	2530	8622	0	10466	320	16500	0	1356	460	17128	0	0	0	0	0	4586	1534	996	0	184	558	0	0	114	0	21368	504	852	738	0	0	0	0	358	0	204	0	294	0	0	0	0	0	0	0	0	0	0	0	0	0	268	0	0	0	0	0	0	0	0	0	0	0	0	0	0	0	6774	1418	15004	362	0	0	0	0	0	0	0	0	1308	0	0	0	0	0	102	0	0	0	0	0	0	0	0	0	0	0	0	0	0	0	0	0	0	0	0	0	0	0	0	0	0	0	
50436	Frontal_Inf_Orb_R	0	0	338	2308	0	1196	0	2544	0	3206	0	164	0	2014	0	0	0	0	0	304	0	822	754	868	0	0	0	560	0	3610	754	1778	230	1630	0	0	0	0	0	0	0	182	0	0	0	0	0	0	0	0	0	0	0	0	0	0	0	0	0	0	0	0	0	0	0	0	0	0	0	0	0	476	0	1368	0	0	0	0	0	0	0	0	0	112	0	0	0	0	0	0	0	0	0	0	0	0	0	0	0	0	0	0	0	0	0	0	0	0	0	0	0	0	0	0	0	0	
316152	Rolandic_Oper_L	14746	0	12660	172	0	0	4064	0	0	0	16068	0	818	0	0	0	0	0	10854	338	0	0	0	0	0	0	0	0	32534	0	0	0	432	0	184	0	2876	0	796	0	0	0	0	0	126	0	0	0	0	0	1402	0	214	0	1488	0	8780	0	0	0	2438	0	5518	0	910	0	294	0	1090	0	0	0	372	0	0	0	0	0	5470	0	17294	0	6012	0	6452	0	0	0	3674	0	0	0	0	0	0	0	0	0	0	0	0	0	0	0	0	0	0	0	0	0	0	0	0	0	0	0	
146936	Rolandic_Oper_R	0	1616	444	11898	0	0	130	722	0	0	0	4968	0	508	0	0	0	0	430	10792	0	0	114	1810	0	0	0	0	0	17584	0	746	98	296	0	0	0	1710	0	0	0	0	0	0	0	0	0	0	0	0	0	0	0	0	0	0	0	3594	0	0	0	382	0	4494	0	0	0	0	0	292	134	626	0	3236	0	194	0	0	0	3696	0	2626	0	226	0	0	0	0	0	102	0	0	0	0	0	0	0	0	0	0	0	0	0	0	0	0	0	0	0	0	0	0	0	0	0	0	
708972	Supp_Motor_Area_L	7148	928	75520	15886	822	98	9048	1112	108	0	15390	1514	8812	862	4586	0	10854	430	0	32250	0	0	8390	5980	0	0	0	0	33274	2134	3864	11356	12184	15432	2888	0	6808	160	0	0	0	0	0	146	0	120	0	0	0	120	0	0	0	0	1760	0	850	0	0	0	164	0	0	0	0	0	102	182	6684	806	4494	7664	21258	3310	3950	518	156	182	662	0	5398	0	4052	0	0	0	0	0	4070	0	0	0	0	0	0	0	0	0	0	0	0	0	0	0	0	0	0	0	0	0	0	0	0	0	0	0	
944732	Supp_Motor_Area_R	6594	18698	14344	97774	0	372	1162	4032	0	0	438	4916	1214	8418	1534	304	338	10792	32250	0	0	0	2864	23720	0	110	0	0	3920	13784	3730	23270	6710	39618	606	6300	480	3778	0	490	0	0	128	2576	98	2008	0	720	0	2770	0	1200	0	0	0	282	0	5596	0	442	0	408	0	620	0	336	142	5770	948	21852	3334	31262	2680	17738	906	4954	4092	25320	0	1112	0	1004	0	0	0	1040	0	0	0	468	0	0	0	0	0	0	0	0	0	0	0	0	0	0	0	0	0	0	0	0	0	0	0	0	0	0	
39036	Olfactory_L	0	0	0	0	646	0	0	0	0	0	0	0	0	0	996	0	0	0	0	0	0	3008	0	0	372	0	1146	142	2074	0	1370	686	0	0	0	0	692	0	594	0	812	0	0	0	0	0	0	0	0	0	0	0	0	0	608	0	0	0	0	0	0	0	0	0	0	0	0	0	0	0	3660	1974	306	0	0	0	0	0	0	0	0	0	202	0	0	0	0	0	230	0	0	0	0	0	0	0	0	0	0	0	0	0	0	0	0	0	0	0	0	0	0	0	0	0	0	0	
48428	Olfactory_R	0	0	0	158	0	858	0	0	0	0	0	0	0	0	0	822	0	0	0	0	3008	0	0	0	0	2098	850	2748	0	1294	1752	2396	0	0	0	0	0	0	0	0	0	634	0	0	0	0	0	0	0	0	0	0	0	0	0	0	0	0	0	0	0	0	0	0	0	0	0	0	0	0	3948	3434	0	214	0	0	0	0	0	0	0	0	0	0	0	0	0	0	0	0	0	0	0	0	0	0	0	0	0	0	0	0	0	0	0	0	0	0	0	0	0	0	0	0	0	0	
402096	Frontal_Sup_Medial_L	0	0	41124	13764	3198	612	15158	1818	0	0	854	342	1000	1650	184	754	0	114	8390	2864	0	0	0	31900	2872	1850	1036	0	1630	1632	20348	20672	6438	17932	0	0	0	0	0	0	0	0	0	0	0	0	0	0	0	0	0	0	0	0	0	0	0	0	0	0	0	0	0	0	0	0	0	0	0	0	834	862	898	318	0	0	0	0	0	0	0	0	0	0	0	0	0	0	0	0	0	0	0	0	0	0	0	0	0	0	0	0	0	0	0	0	0	0	0	0	0	0	0	0	0	0	
640416	Frontal_Sup_Medial_R	0	0	9968	63712	146	4986	2912	9410	0	294	498	3552	930	11446	558	868	0	1810	5980	23720	0	0	31900	0	388	8752	0	0	1566	10432	11284	55694	2276	29826	0	0	0	278	0	0	0	0	0	0	0	0	0	0	0	0	0	0	0	0	0	0	0	0	0	0	0	0	0	0	0	0	0	0	0	0	2234	15868	994	7712	0	0	0	214	0	0	0	0	0	0	0	0	0	0	0	0	0	0	0	0	0	0	0	0	0	0	0	0	0	0	0	0	0	0	0	0	0	0	0	0	0	0	
50980	Frontal_Med_Orb_L	0	0	1556	114	6098	0	0	0	410	0	0	0	0	0	0	0	0	0	0	0	372	0	2872	388	0	650	4930	0	106	0	5734	142	0	0	0	0	0	0	0	0	0	0	0	0	0	0	0	0	0	0	0	0	0	0	0	0	0	0	0	0	0	0	0	0	0	0	0	0	0	0	2118	0	0	0	0	0	0	0	0	0	0	0	0	0	0	0	0	0	0	0	0	0	0	0	0	0	0	0	0	0	0	0	0	0	0	0	0	0	0	0	0	0	0	0	0	0	
109240	Frontal_Med_Orb_R	0	0	222	3648	0	8670	0	0	0	478	0	0	0	0	0	0	0	0	0	110	0	2098	1850	8752	650	0	128	5330	0	0	2460	8700	0	0	0	0	0	0	0	0	0	0	0	0	0	0	0	0	0	0	0	0	0	0	0	0	0	0	0	0	0	0	0	0	0	0	0	0	0	0	0	7044	0	4480	0	0	0	0	0	0	0	0	0	0	0	0	0	0	0	0	0	0	0	0	0	0	0	0	0	0	0	0	0	0	0	0	0	0	0	0	0	0	0	0	0	0	
49624	Rectus_L	0	0	1144	0	5524	0	118	0	1940	0	0	0	0	0	114	0	0	0	0	0	1146	850	1036	0	4930	128	0	132	122	0	3386	0	0	0	0	0	0	0	0	0	0	0	0	0	0	0	0	0	0	0	0	0	0	0	0	0	0	0	0	0	0	0	0	0	0	0	0	0	0	0	3430	480	332	0	0	0	0	0	0	0	0	0	0	0	0	0	0	0	0	0	0	0	0	0	0	0	0	0	0	0	0	0	0	0	0	0	0	0	0	0	0	0	0	0	0	0	
38700	Rectus_R	0	0	0	0	0	4950	0	0	0	204	0	0	0	0	0	560	0	0	0	0	142	2748	0	0	0	5330	132	0	0	278	580	1456	0	0	0	0	0	0	0	0	0	136	0	0	0	0	0	0	0	0	0	0	0	0	0	0	0	0	0	0	0	0	0	0	0	0	0	0	0	0	146	2066	0	622	0	0	0	0	0	0	0	0	0	0	0	0	0	0	0	0	0	0	0	0	0	0	0	0	0	0	0	0	0	0	0	0	0	0	0	0	0	0	0	0	0	0	
829036	Insula_L	15442	108	42778	4720	2730	0	22656	680	3202	0	28616	706	31896	102	21368	0	32534	0	33274	3920	2074	0	1630	1566	106	0	122	0	0	796	1646	2126	652	168	426	0	30682	0	2194	0	2574	0	0	0	234	0	0	0	0	0	692	0	160	0	9536	0	4634	0	210	0	1748	0	3790	0	426	0	534	0	1056	0	8418	3346	29732	798	0	98	620	434	8940	0	18278	0	10178	0	4528	0	606	0	14028	0	0	0	0	0	0	0	0	0	0	0	0	0	0	0	0	0	0	0	0	0	0	0	0	0	0	0	
425692	Insula_R	104	2256	1678	28516	0	402	674	12502	0	736	346	31234	610	10810	504	3610	0	17584	2134	13784	0	1294	1632	10432	0	0	0	278	796	0	1224	9626	1074	4122	0	0	0	9492	0	1016	0	454	0	0	0	0	0	0	0	0	0	0	0	774	0	2014	0	2692	0	0	0	0	0	2210	0	0	0	0	0	220	1016	6112	788	17650	0	174	0	1196	0	2258	0	2540	0	632	0	1138	0	0	0	2508	0	0	0	0	0	0	0	0	0	0	0	0	0	0	0	0	0	0	0	0	0	0	0	0	0	0	
311960	Cingulum_Ant_L	0	0	18552	8010	4158	1200	4928	922	200	0	338	290	1454	464	852	754	0	0	3864	3730	1370	1752	20348	11284	5734	2460	3386	580	1646	1224	0	23894	6976	10478	778	0	0	0	0	0	0	0	0	0	0	0	0	0	0	0	0	0	0	0	0	0	0	0	0	0	0	0	0	0	0	0	0	0	0	0	8488	3058	1258	1550	0	0	0	0	0	0	0	0	0	0	0	0	0	0	0	0	0	0	0	0	0	0	0	0	0	0	0	0	0	0	0	0	0	0	0	0	0	0	0	0	0	0	
659896	Cingulum_Ant_R	120	0	10338	48684	120	4114	2272	7096	0	336	744	3216	1050	4718	738	1778	0	746	11356	23270	686	2396	20672	55694	142	8700	0	1456	2126	9626	23894	0	5132	31022	0	0	0	0	0	0	0	0	0	0	0	0	0	0	0	0	0	0	0	0	0	0	0	0	0	0	0	0	0	0	0	0	0	0	0	0	3872	28270	1618	13386	0	260	0	300	0	0	0	0	0	0	0	0	0	0	0	0	0	0	0	0	0	0	0	0	0	0	0	0	0	0	0	0	0	0	0	0	0	0	0	0	0	0	
217368	Cingulum_Mid_L	906	546	7562	2944	0	0	4988	0	0	0	0	402	0	250	0	230	432	98	12184	6710	0	0	6438	2276	0	0	0	0	652	1074	6976	5132	0	15306	7228	1786	256	0	0	0	0	0	448	226	1608	732	0	0	158	740	1726	0	0	0	0	0	410	0	1340	0	696	0	132	0	184	0	7228	1370	4008	2212	0	162	468	0	172	0	0	0	0	0	0	0	0	0	166	0	0	0	122	0	0	0	0	0	0	0	0	0	0	0	0	0	0	0	0	0	0	0	0	0	0	0	0	0	0	0	
636088	Cingulum_Mid_R	230	1806	8328	20450	0	0	2840	3036	0	126	0	894	0	4252	0	1630	0	296	15432	39618	0	0	17932	29826	0	0	0	0	168	4122	10478	31022	15306	0	1318	6584	0	0	0	0	0	0	226	10238	0	10488	0	2038	0	13504	0	4728	0	322	0	566	0	9164	0	1488	0	1130	0	106	0	1362	688	21718	146	20286	206	866	112	390	0	264	0	0	0	0	0	0	0	0	0	1894	0	0	0	420	0	0	0	0	0	0	0	0	0	0	0	0	0	0	0	0	0	0	0	0	0	0	0	0	0	0	
108488	Cingulum_Post_L	1610	320	1168	274	0	0	0	0	0	0	0	0	0	0	0	0	184	0	2888	606	0	0	0	0	0	0	0	0	426	0	778	0	7228	1318	0	5488	3222	2540	1020	1358	0	0	1776	0	1804	220	1328	702	112	0	492	0	0	0	232	376	0	0	0	0	0	0	0	0	0	0	5884	1994	3964	0	0	0	760	0	274	0	3032	726	0	0	0	0	0	0	140	0	0	0	0	0	0	0	0	0	0	0	0	0	0	0	0	0	0	0	0	0	0	0	0	0	0	0	0	0	0	0	
130692	Cingulum_Post_R	1036	1980	344	558	0	0	0	0	0	0	0	0	0	0	0	0	0	0	0	6300	0	0	0	0	0	0	0	0	0	0	0	0	1786	6584	5488	0	1972	4324	290	2044	0	0	0	1614	0	1566	0	2454	0	1302	0	616	0	0	0	624	0	1172	0	0	0	0	0	0	0	0	632	9008	0	5564	0	0	138	0	0	0	4474	2504	0	0	0	0	0	0	0	418	0	0	0	0	0	0	0	0	0	0	0	0	0	0	0	0	0	0	0	0	0	0	0	0	554	0	0	0	0	0	
374556	Hippocampus_L	13662	0	16976	276	0	0	4988	0	0	0	2916	0	1066	0	358	0	2876	0	6808	480	692	0	0	0	0	0	0	0	30682	0	0	0	256	0	3222	1972	0	1774	9882	1212	5162	0	1438	0	468	0	2294	1348	0	0	0	0	0	0	21130	354	1030	0	0	0	218	0	682	0	0	0	3244	1026	698	0	0	254	14630	0	462	0	4258	428	5538	0	2122	0	1660	0	1130	0	480	0	16176	0	0	0	0	0	0	0	230	0	530	0	0	0	0	0	0	0	0	0	0	190	0	0	0	0	0	0	
233404	Hippocampus_R	686	3928	358	4544	0	0	0	516	0	0	0	2782	0	166	0	0	0	1710	160	3778	0	0	0	278	0	0	0	0	0	9492	0	0	0	0	2540	4324	1774	0	194	19600	0	7340	0	484	0	0	0	2888	0	0	0	0	0	126	0	17668	0	806	0	0	0	0	0	718	0	0	194	3570	0	260	0	666	312	13686	0	174	2800	3324	0	810	0	266	0	1102	0	200	0	0	0	1980	0	0	0	0	0	0	0	0	0	0	0	0	0	0	0	0	0	0	0	0	498	0	0	0	0	0	
80788	ParaHippocampal_L	474	0	250	0	122	0	174	0	0	0	0	0	0	0	204	0	796	0	0	0	594	0	0	0	0	0	0	0	2194	0	0	0	0	0	1020	290	9882	194	0	158	1534	0	1354	0	0	0	3844	406	0	0	0	0	184	0	7560	0	140	0	0	0	0	0	100	0	0	0	2908	164	0	0	0	0	424	0	0	0	200	0	1414	0	348	0	102	0	238	0	0	0	514	0	214	0	0	0	168	0	1106	0	992	0	0	0	0	0	0	0	0	0	0	128	0	0	0	0	0	0	
123136	ParaHippocampal_R	280	122	202	520	0	0	0	0	0	0	0	0	0	0	0	0	0	0	0	490	0	0	0	0	0	0	0	0	0	1016	0	0	0	0	1358	2044	1212	19600	158	0	0	4832	0	1120	0	0	0	3452	0	0	0	0	0	284	0	14040	0	0	0	0	0	0	0	0	0	0	146	3348	0	0	0	0	114	2198	0	0	1332	516	0	0	0	0	0	1394	0	0	0	496	0	446	0	0	0	0	0	106	0	228	0	110	0	0	0	0	0	0	0	0	0	0	404	0	0	0	0	0	
30064	Amygdala_L	0	0	0	0	124	0	0	0	0	0	0	0	0	0	294	0	0	0	0	0	812	0	0	0	0	0	0	0	2574	0	0	0	0	0	0	0	5162	0	1534	0	0	0	0	0	0	0	0	0	0	0	0	0	0	0	2758	0	0	0	0	0	0	0	0	0	0	0	0	0	0	0	0	0	682	0	0	0	0	0	0	0	0	0	346	0	0	0	108	0	638	0	0	0	0	0	0	0	0	0	0	0	0	0	0	0	0	0	0	0	0	0	0	0	0	0	0	0	
38552	Amygdala_R	0	0	0	0	0	0	0	0	0	0	0	0	0	0	0	182	0	0	0	0	0	634	0	0	0	0	0	136	0	454	0	0	0	0	0	0	0	7340	0	4832	0	0	0	0	0	0	0	0	0	0	0	0	0	0	0	3464	0	0	0	0	0	0	0	0	0	0	0	0	0	0	0	0	0	498	0	0	0	0	0	0	0	0	0	1616	0	0	0	120	0	0	0	0	0	0	0	0	0	0	0	0	0	0	0	0	0	0	0	0	0	0	0	0	0	0	0	0	
225880	Calcarine_L	192	0	0	0	0	0	0	0	0	0	0	0	0	0	0	0	0	0	0	128	0	0	0	0	0	0	0	0	0	0	0	0	448	226	1776	0	1438	0	1354	0	0	0	0	4430	17328	3442	11384	2182	9348	974	27690	238	3326	0	900	0	0	0	870	0	198	0	0	0	980	0	15544	990	1514	128	0	0	0	0	0	0	0	0	0	0	0	0	0	0	5912	0	0	0	0	0	0	0	0	0	0	0	0	0	0	0	0	0	0	0	0	0	0	0	0	0	0	0	0	0	0	0	
343756	Calcarine_R	0	0	0	0	0	0	0	0	0	0	0	0	0	0	0	0	0	0	146	2576	0	0	0	0	0	0	0	0	0	0	0	0	226	10238	0	1614	0	484	0	1120	0	0	4430	0	1670	26822	612	20118	0	30896	0	21618	0	1278	0	6462	0	1440	0	874	0	174	0	0	0	418	722	27330	0	4124	0	0	0	0	0	0	0	0	0	0	0	0	0	0	0	4976	0	0	0	352	0	238	0	0	0	0	0	0	0	556	0	0	0	0	0	0	0	0	0	0	364	0	0	0	0	0	
214152	Cuneus_L	598	0	338	0	0	0	0	0	0	0	0	0	0	0	0	0	126	0	0	98	0	0	0	0	0	0	0	0	234	0	0	0	1608	0	1804	0	468	0	0	0	0	0	17328	1670	0	5556	504	160	20850	628	18118	164	0	0	0	0	350	0	3736	0	346	0	0	0	868	0	20962	3822	2168	0	0	0	684	0	222	0	112	0	0	0	106	0	0	0	3350	0	0	0	0	0	0	0	0	0	0	0	0	0	0	0	0	0	0	0	0	0	0	0	0	0	98	0	0	0	0	0	
287592	Cuneus_R	0	0	0	0	0	0	0	0	0	0	0	0	0	0	0	0	0	0	120	2008	0	0	0	0	0	0	0	0	0	0	0	0	732	10488	220	1566	0	0	0	0	0	0	3442	26822	5556	0	0	2716	464	37118	1118	10330	0	222	0	706	0	504	0	3916	0	464	0	0	138	706	5030	25030	0	2610	0	0	0	0	0	0	0	0	0	0	0	0	0	0	678	1092	0	0	0	0	0	0	0	0	0	0	0	0	0	0	0	0	0	0	0	0	0	0	0	0	0	0	0	0	0	0	
166980	Lingual_L	0	0	0	0	0	0	0	0	0	0	0	0	0	0	0	0	0	0	0	0	0	0	0	0	0	0	0	0	0	0	0	0	0	0	1328	0	2294	0	3844	0	0	0	11384	612	504	0	0	1350	610	0	12584	0	5854	0	13932	0	0	0	0	0	0	0	0	0	0	0	4864	0	258	0	0	0	0	0	0	0	0	0	0	0	0	0	0	0	0	0	0	0	118	0	5150	442	150	178	0	0	5048	598	8010	800	114	0	0	0	0	0	0	0	0	176	1670	990	628	0	0	0	
244272	Lingual_R	164	0	174	0	0	0	0	0	0	0	0	0	0	0	0	0	0	0	0	720	0	0	0	0	0	0	0	0	0	0	0	0	0	2038	702	2454	1348	2888	406	3452	0	0	2182	20118	160	2716	1350	0	0	7426	0	9070	0	2666	576	13366	0	0	0	0	0	0	0	0	0	0	350	9738	0	818	0	0	158	0	0	0	556	0	0	0	0	0	0	0	0	184	0	0	0	0	4066	2734	450	688	0	104	1744	1942	5238	7036	536	0	368	180	140	0	0	0	0	116	2846	6156	2012	0	0	0	
192876	Occipital_Sup_L	128	0	0	0	0	0	0	0	0	0	0	0	0	0	0	0	0	0	0	0	0	0	0	0	0	0	0	0	0	0	0	0	158	0	112	0	0	0	0	0	0	0	9348	0	20850	464	610	0	0	0	34400	0	0	0	0	0	0	0	9276	0	1418	0	0	0	2776	0	13564	622	218	0	0	0	0	0	0	0	0	0	0	0	108	0	0	0	2386	0	0	0	0	0	0	0	0	0	0	0	0	0	0	0	0	0	0	0	0	0	0	0	0	0	0	0	0	0	0	0	
365828	Occipital_Sup_R	0	240	0	0	0	0	0	0	0	0	0	0	0	0	0	0	0	0	120	2770	0	0	0	0	0	0	0	0	0	0	0	0	740	13504	0	1302	0	0	0	0	0	0	974	30896	628	37118	0	7426	0	0	0	27416	0	360	0	2004	0	2758	0	6950	0	3292	0	434	0	7360	1932	25514	0	6554	0	0	0	0	0	0	0	0	0	0	0	146	0	0	0	1376	0	0	0	576	0	116	0	0	0	0	0	0	0	408	0	0	0	0	0	0	0	0	0	0	0	0	0	0	0	0	
417716	Occipital_Mid_L	2748	0	0	0	0	0	0	0	0	0	0	0	0	0	0	0	1402	0	0	0	0	0	0	0	0	0	0	0	692	0	0	0	1726	0	492	0	0	0	0	0	0	0	27690	0	18118	1118	12584	0	34400	0	0	0	13254	0	4962	0	998	0	12184	0	13708	0	476	0	19896	0	16064	376	2476	0	0	0	0	0	0	0	0	0	0	0	462	0	0	0	22142	0	0	0	620	0	0	0	0	0	0	0	0	0	270	0	0	0	0	0	0	0	0	0	0	0	0	0	0	0	0	0	
259580	Occipital_Mid_R	0	182	0	0	0	0	0	0	0	0	0	0	0	0	0	0	0	0	0	1200	0	0	0	0	0	0	0	0	0	0	0	0	0	4728	0	616	0	0	0	0	0	0	238	21618	164	10330	0	9070	0	27416	0	0	0	2246	0	4438	0	668	0	2776	0	5790	0	164	0	14982	0	9474	0	2484	0	0	0	0	0	0	0	0	0	0	0	0	0	0	0	9874	0	0	0	534	0	254	0	0	0	0	0	0	0	544	0	0	0	0	0	0	0	0	0	0	0	0	0	0	0	0	
76148	Occipital_Inf_L	0	0	0	0	0	0	0	0	0	0	0	0	0	0	0	0	214	0	0	0	0	0	0	0	0	0	0	0	160	0	0	0	0	0	0	0	0	0	184	0	0	0	3326	0	0	0	5854	0	0	0	13254	0	0	0	8158	0	0	0	0	0	0	0	0	0	200	0	0	0	0	0	0	0	0	0	0	0	0	0	0	0	156	0	0	0	1680	0	0	0	4228	0	470	0	0	0	0	0	0	0	190	0	0	0	0	0	0	0	0	0	0	0	0	0	0	0	0	0	
44364	Occipital_Inf_R	0	0	0	0	0	0	0	0	0	0	0	0	0	0	0	0	0	0	0	0	0	0	0	0	0	0	0	0	0	774	0	0	0	322	0	0	0	126	0	284	0	0	0	1278	0	222	0	2666	0	360	0	2246	0	0	0	6484	0	0	0	0	0	0	0	0	0	0	0	416	0	230	0	0	0	0	0	0	0	0	0	112	0	188	0	0	0	466	0	0	0	5580	0	294	0	0	0	0	0	0	0	134	0	0	0	0	0	0	0	0	0	0	0	0	0	0	0	0	
348072	Fusiform_L	650	0	3358	0	0	0	832	0	0	0	934	0	340	0	268	0	1488	0	1760	0	608	0	0	0	0	0	0	0	9536	0	0	0	0	0	232	0	21130	0	7560	0	2758	0	900	0	0	0	13932	576	0	0	4962	0	8158	0	0	0	140	0	0	0	120	0	162	0	688	0	1196	0	430	0	0	124	4912	0	0	0	0	0	686	0	2030	0	1172	0	2932	0	576	0	19398	0	17484	698	4168	446	130	0	8410	212	22832	1178	502	0	326	0	0	0	0	0	0	0	658	1408	1036	0	0	0	
270732	Fusiform_R	100	184	0	0	0	0	0	0	0	0	0	0	0	0	0	0	0	0	0	282	0	0	0	0	0	0	0	0	0	2014	0	0	0	566	376	624	354	17668	0	14040	0	3464	0	6462	0	706	0	13366	0	2004	0	4438	0	6484	0	0	0	408	0	362	0	692	0	2200	0	374	0	1822	0	686	0	0	0	1378	0	0	312	0	0	184	0	958	0	3650	0	1416	0	1360	0	9502	172	11292	0	934	0	562	0	6876	260	15598	0	0	0	0	0	0	0	0	0	0	508	412	316	0	0	0	
159996	Postcentral_L	15938	0	1564	0	0	0	782	0	0	0	1010	0	0	0	0	0	8780	0	850	0	0	0	0	0	0	0	0	0	4634	0	0	0	410	0	0	0	1030	0	140	0	0	0	0	0	350	0	0	0	0	0	998	0	0	0	140	0	0	0	6578	0	14708	0	9108	0	1204	0	2492	0	5178	0	0	0	380	0	0	0	0	0	1308	0	1550	0	0	0	578	0	0	0	288	0	0	0	0	0	0	0	0	0	0	0	0	0	0	0	0	0	0	0	0	0	0	0	0	0	0	0	
203252	Postcentral_R	0	15588	0	1748	0	0	0	564	0	0	0	3820	0	784	0	0	0	3594	0	5596	0	0	0	0	0	0	0	0	0	2692	0	0	0	9164	0	1172	0	806	0	0	0	0	0	1440	0	504	0	0	0	2758	0	668	0	0	0	408	0	0	0	6500	0	6096	0	10552	0	1300	0	7472	0	14054	0	0	0	1716	0	0	0	0	0	326	0	1134	0	0	0	726	0	0	0	444	0	0	0	0	0	0	0	0	0	0	0	0	0	0	0	0	0	0	0	0	0	0	0	0	0	0	
117792	Parietal_Sup_L	852	0	0	0	0	0	0	0	0	0	0	0	0	0	0	0	0	0	0	0	0	0	0	0	0	0	0	0	210	0	0	0	1340	0	0	0	0	0	0	0	0	0	870	0	3736	0	0	0	9276	0	12184	0	0	0	0	0	6578	0	0	0	10168	0	0	0	2714	0	9282	0	1554	0	0	0	0	0	0	0	0	0	0	0	0	0	0	0	132	0	0	0	0	0	0	0	0	0	0	0	0	0	0	0	0	0	0	0	0	0	0	0	0	0	0	0	0	0	0	0	
133160	Parietal_Sup_R	0	254	0	0	0	0	0	0	0	0	0	0	0	0	0	0	0	0	0	442	0	0	0	0	0	0	0	0	0	0	0	0	0	1488	0	0	0	0	0	0	0	0	0	874	0	3916	0	0	0	6950	0	2776	0	0	0	362	0	6500	0	0	0	12616	0	7000	0	6868	234	6682	0	2972	0	0	0	0	0	0	0	0	0	0	0	716	0	0	0	2904	0	0	0	3026	0	0	0	0	0	0	0	0	0	0	0	0	0	0	0	0	0	0	0	0	0	0	0	0	0	0	
179780	Parietal_Inf_L	3562	0	336	0	0	0	278	0	0	0	0	0	0	0	0	0	2438	0	164	0	0	0	0	0	0	0	0	0	1748	0	0	0	696	0	0	0	218	0	0	0	0	0	198	0	346	0	0	0	1418	0	13708	0	0	0	120	0	14708	0	10168	0	0	0	18106	0	15746	0	1402	0	542	0	0	0	0	0	0	0	0	0	128	0	1932	0	0	0	1736	0	0	0	192	0	0	0	0	0	0	0	0	0	0	0	0	0	0	0	0	0	0	0	0	0	0	0	0	0	0	0	
143076	Parietal_Inf_R	0	428	0	0	0	0	0	0	0	0	0	0	0	0	0	0	0	382	0	408	0	0	0	0	0	0	0	0	0	0	0	0	0	1130	0	0	0	0	0	0	0	0	0	174	0	464	0	0	0	3292	0	5790	0	0	0	692	0	6096	0	12616	0	0	0	13778	0	13668	0	650	0	2704	0	0	0	0	0	0	0	0	0	122	0	1524	0	0	0	3572	0	0	0	4048	0	0	0	0	0	0	0	0	0	0	0	0	0	0	0	0	0	0	0	0	0	0	0	0	0	0	
108756	SupraMarginal_L	2102	0	172	0	0	0	222	0	0	0	0	0	0	0	0	0	5518	0	0	0	0	0	0	0	0	0	0	0	3790	0	0	0	132	0	0	0	682	0	100	0	0	0	0	0	0	0	0	0	0	0	476	0	0	0	162	0	9108	0	0	0	18106	0	0	0	3100	0	162	0	0	0	0	0	0	0	0	0	0	0	238	0	7312	0	0	0	2720	0	0	0	276	0	0	0	0	0	0	0	0	0	0	0	0	0	0	0	0	0	0	0	0	0	0	0	0	0	0	0	
128764	SupraMarginal_R	0	776	0	248	0	0	0	0	0	0	0	0	0	0	0	0	0	4494	0	620	0	0	0	0	0	0	0	0	0	2210	0	0	0	106	0	0	0	718	0	0	0	0	0	0	0	0	0	0	0	434	0	164	0	0	0	2200	0	10552	0	7000	0	13778	0	0	0	3792	0	0	0	1310	0	0	0	222	0	0	0	0	0	422	0	5996	0	0	0	5058	0	0	0	4282	0	0	0	0	0	0	0	0	0	0	0	0	0	0	0	0	0	0	0	0	0	0	0	0	0	0	
129652	Angular_L	644	0	116	0	0	0	0	0	0	0	0	0	0	0	0	0	910	0	0	0	0	0	0	0	0	0	0	0	426	0	0	0	184	0	0	0	0	0	0	0	0	0	980	0	868	138	0	0	2776	0	19896	0	200	0	688	0	1204	0	2714	0	15746	0	3100	0	0	0	1246	0	180	0	0	0	0	0	0	0	0	0	0	0	2018	0	0	0	9666	0	0	0	1126	0	0	0	0	0	0	0	0	0	0	0	0	0	0	0	0	0	0	0	0	0	0	0	0	0	0	0	
123868	Angular_R	0	0	0	0	0	0	0	0	0	0	0	0	0	0	0	0	0	0	0	336	0	0	0	0	0	0	0	0	0	0	0	0	0	1362	0	0	0	0	0	0	0	0	0	418	0	706	0	0	0	7360	0	14982	0	0	0	374	0	1300	0	6868	0	13668	0	3792	0	0	0	910	0	2148	0	0	0	0	0	0	0	0	0	0	0	1776	0	0	0	4064	0	0	0	1870	0	0	0	0	0	0	0	0	0	0	0	0	0	0	0	0	0	0	0	0	0	0	0	0	0	0	
281736	Precuneus_L	1194	0	494	0	0	0	0	0	0	0	0	0	0	0	0	0	294	0	102	142	0	0	0	0	0	0	0	0	534	0	0	0	7228	688	5884	632	3244	194	2908	146	0	0	15544	722	20962	5030	4864	350	13564	1932	16064	0	0	0	1196	0	2492	0	9282	234	1402	0	162	0	1246	0	0	11254	5934	0	0	0	750	0	224	0	276	0	0	0	158	0	0	0	3184	0	0	0	236	0	0	0	0	0	0	0	0	0	0	0	0	0	0	0	0	0	0	0	0	0	122	0	0	0	0	0	
401132	Precuneus_R	180	324	142	0	0	0	0	0	0	0	0	0	0	0	0	0	0	0	182	5770	0	0	0	0	0	0	0	0	0	0	0	0	1370	21718	1994	9008	1026	3570	164	3348	0	0	990	27330	3822	25030	0	9738	622	25514	376	9474	0	416	0	1822	0	7472	0	6682	0	650	0	0	0	910	11254	0	0	12176	0	0	0	0	0	0	850	242	0	0	0	0	0	0	0	4178	0	0	0	564	0	0	0	0	0	0	0	0	0	0	0	0	0	0	0	0	0	0	0	0	1658	0	0	0	0	0	
135984	Paracentral_Lobule_L	17248	286	3400	444	0	0	0	0	0	0	0	0	0	0	0	0	1090	0	6684	948	0	0	0	0	0	0	0	0	1056	0	0	0	4008	146	3964	0	698	0	0	0	0	0	1514	0	2168	0	258	0	218	0	2476	0	0	0	430	0	5178	0	1554	0	542	0	0	0	180	0	5934	0	0	128	0	1074	464	0	0	0	338	0	100	0	504	0	0	0	3086	0	0	0	1874	0	0	0	0	0	0	0	0	0	0	0	0	0	0	0	0	0	0	0	0	0	0	0	0	0	0	0	
237904	Paracentral_Lobule_R	0	8116	0	0	0	0	0	0	0	0	0	0	0	0	0	0	0	292	806	21852	0	0	0	0	0	0	0	0	0	220	0	0	2212	20286	0	5564	0	260	0	0	0	0	128	4124	0	2610	0	818	0	6554	0	2484	0	230	0	686	0	14054	0	2972	0	2704	0	1310	0	2148	0	12176	128	0	0	0	0	220	0	0	0	0	0	162	0	1580	0	0	0	2974	0	0	0	1282	0	0	0	0	0	0	0	0	0	0	0	0	0	0	0	0	0	0	0	0	0	0	0	0	0	0	
207416	Caudate_L	686	536	5734	5650	3336	0	1222	954	1002	0	446	930	6946	0	6774	0	0	134	4494	3334	3660	3948	834	2234	2118	0	3430	146	8418	1016	8488	3872	0	206	0	0	0	0	0	0	0	0	0	0	0	0	0	0	0	0	0	0	0	0	0	0	0	0	0	0	0	0	0	0	0	0	0	0	0	0	0	7974	11622	394	470	0	1840	860	0	0	0	0	0	0	0	0	0	0	0	0	0	0	0	0	0	0	0	0	0	0	0	0	0	0	0	0	0	0	0	0	0	0	0	0	0	0	
448460	Caudate_R	2654	994	3720	29106	0	4308	592	2940	0	770	1140	2834	1726	2466	1418	476	0	626	7664	31262	1974	3434	862	15868	0	7044	480	2066	3346	6112	3058	28270	162	866	0	0	254	666	0	0	0	0	0	0	0	0	0	0	0	0	0	0	0	0	124	0	0	0	0	0	0	0	0	0	0	0	0	0	1074	0	7974	0	3708	19840	0	2364	126	19690	0	0	0	0	0	0	0	0	0	0	172	0	0	0	0	0	0	0	0	0	0	0	0	0	0	0	0	0	0	0	0	0	0	0	0	0	0	0	
384940	Putamen_L	6594	1020	23806	3330	9766	0	2468	690	5050	0	2092	720	5006	0	15004	0	372	0	21258	2680	306	0	898	994	0	0	332	0	29732	788	1258	1618	468	112	760	138	14630	312	424	114	682	0	0	0	684	0	0	158	0	0	0	0	0	0	4912	0	380	0	0	0	0	0	0	0	0	0	750	0	464	0	11622	3708	0	632	5784	156	1612	376	636	0	1510	0	1312	0	0	0	178	0	3962	0	0	0	0	0	0	0	0	0	212	0	0	0	0	0	0	0	0	0	0	0	0	0	0	0	0	0	
321992	Putamen_R	0	2300	704	20740	0	5440	0	4028	0	1500	258	5664	312	1030	362	1368	0	3236	3310	17738	0	214	318	7712	0	4480	0	622	798	17650	1550	13386	0	390	0	0	0	13686	0	2198	0	498	0	0	0	0	0	0	0	0	0	0	0	0	0	1378	0	1716	0	0	0	0	0	222	0	0	0	0	0	220	394	19840	632	0	0	4230	0	640	0	98	0	134	0	0	0	0	0	0	0	0	0	0	0	0	0	0	0	0	0	0	0	0	0	0	0	0	0	0	0	0	0	0	0	0	0	0	
30508	Pallidum_L	128	122	244	590	0	0	0	0	0	0	0	0	0	0	0	0	0	0	3950	906	0	0	0	0	0	0	0	0	0	0	0	0	172	0	274	0	462	0	0	0	0	0	0	0	222	0	0	0	0	0	0	0	0	0	0	0	0	0	0	0	0	0	0	0	0	0	224	0	0	0	470	0	5784	0	0	0	1706	0	0	0	0	0	0	0	0	0	0	0	0	0	0	0	0	0	0	0	0	0	0	0	0	0	0	0	0	0	0	0	0	0	0	0	0	0	0	0	
33604	Pallidum_R	0	0	158	3258	0	0	0	0	0	0	0	0	0	0	0	0	0	194	518	4954	0	0	0	0	0	0	0	0	98	174	0	260	0	264	0	0	0	174	0	0	0	0	0	0	0	0	0	0	0	0	0	0	0	0	0	0	0	0	0	0	0	0	0	0	0	0	0	0	0	0	0	2364	156	4230	0	0	0	0	0	0	0	0	0	0	0	0	0	0	0	0	0	0	0	0	0	0	0	0	0	0	0	0	0	0	0	0	0	0	0	0	0	0	0	0	0	0	
140696	Thalamus_L	26786	496	6768	2710	0	0	736	0	0	0	0	0	0	0	0	0	0	0	156	4092	0	0	0	0	0	0	0	0	620	0	0	0	0	0	3032	4474	4258	2800	200	1332	0	0	0	0	112	0	0	556	0	0	0	0	0	0	0	312	0	0	0	0	0	0	0	0	0	0	276	850	338	0	1840	126	1612	0	1706	0	0	4160	0	0	0	0	0	0	0	0	0	0	0	0	0	0	0	0	0	0	0	0	0	0	0	0	0	0	0	0	0	0	0	0	0	0	0	0	0	0	
182860	Thalamus_R	1830	3770	748	22440	0	0	0	278	0	0	0	1038	214	0	0	0	0	0	182	25320	0	0	0	214	0	0	0	0	434	1196	0	300	0	0	726	2504	428	3324	0	516	0	0	0	0	0	0	0	0	0	0	0	0	0	0	0	0	0	0	0	0	0	0	0	0	0	0	0	242	0	0	860	19690	376	640	0	0	4160	0	0	0	0	0	0	0	0	0	0	0	0	0	0	0	0	0	0	0	0	0	0	0	0	0	0	0	0	0	0	0	0	0	0	0	0	0	0	0	
75988	Heschl_L	3812	0	1520	0	0	0	1614	0	0	0	972	0	0	0	0	0	5470	0	662	0	0	0	0	0	0	0	0	0	8940	0	0	0	0	0	0	0	5538	0	1414	0	0	0	0	0	0	0	0	0	0	0	0	0	0	0	686	0	1308	0	0	0	128	0	238	0	0	0	0	0	100	0	0	0	636	0	0	0	0	0	0	0	2408	0	0	0	1264	0	0	0	1284	0	0	0	0	0	0	0	0	0	0	0	0	0	0	0	0	0	0	0	0	0	0	0	0	0	0	0	
33316	Heschl_R	0	520	0	920	0	0	0	0	0	0	0	136	0	0	0	0	0	3696	0	1112	0	0	0	0	0	0	0	0	0	2258	0	0	0	0	0	0	0	810	0	0	0	0	0	0	0	0	0	0	0	0	0	0	0	112	0	184	0	326	0	0	0	122	0	422	0	0	0	0	0	162	0	0	0	98	0	0	0	0	0	0	0	4344	0	0	0	946	0	0	0	490	0	0	0	0	0	0	0	0	0	0	0	0	0	0	0	0	0	0	0	0	0	0	0	0	0	0	
252996	Temporal_Sup_L	4130	0	5642	0	0	0	2526	0	0	0	7622	0	388	0	0	0	17294	0	5398	0	0	0	0	0	0	0	0	0	18278	0	0	0	0	0	0	0	2122	0	348	0	0	0	0	0	106	0	0	0	108	0	462	0	156	0	2030	0	1550	0	0	0	1932	0	7312	0	2018	0	158	0	504	0	0	0	1510	0	0	0	0	0	2408	0	0	0	7646	0	23748	0	1030	0	10072	0	0	0	0	0	0	0	0	0	0	0	0	0	0	0	0	0	0	0	0	0	0	0	0	0	0	0	
78568	Temporal_Sup_R	0	1030	0	196	0	0	0	0	0	0	0	112	0	0	0	0	0	2626	0	1004	0	0	0	0	0	0	0	0	0	2540	0	0	0	0	0	0	0	266	0	0	0	0	0	0	0	0	0	0	0	146	0	0	0	188	0	958	0	1134	0	716	0	1524	0	5996	0	1776	0	0	0	1580	0	0	0	134	0	0	0	0	0	4344	0	0	0	2330	0	8994	0	318	0	1372	0	0	0	0	0	0	0	0	0	0	0	0	0	0	0	0	0	0	0	0	0	0	0	0	0	0	
126404	Temporal_Pole_Sup_L	1428	0	4292	0	252	0	1402	0	0	0	7786	0	1054	0	1308	0	6012	0	4052	0	202	0	0	0	0	0	0	0	10178	0	0	0	0	0	0	0	1660	0	102	0	346	0	0	0	0	0	0	0	0	0	0	0	0	0	1172	0	0	0	0	0	0	0	0	0	0	0	0	0	0	0	0	0	1312	0	0	0	0	0	0	0	7646	0	0	0	4150	0	5370	0	3478	0	0	0	0	0	0	0	0	0	0	0	0	0	0	0	0	0	0	0	0	0	0	0	0	0	0	0	
34348	Temporal_Pole_Sup_R	0	0	0	0	0	0	0	0	0	0	0	246	0	0	0	112	0	226	0	0	0	0	0	0	0	0	0	0	0	632	0	0	0	0	0	0	0	1102	0	1394	0	1616	0	0	0	0	0	0	0	0	0	0	0	0	0	3650	0	0	0	0	0	0	0	0	0	0	0	0	0	0	0	0	0	0	0	0	0	0	0	0	0	2330	0	0	0	2542	0	2254	0	1070	0	0	0	0	0	0	0	0	0	0	0	0	0	0	0	0	0	0	0	0	0	0	0	0	0	0	
270072	Temporal_Mid_L	3032	0	134	0	0	0	0	0	0	0	0	0	0	0	0	0	6452	0	0	0	0	0	0	0	0	0	0	0	4528	0	0	0	166	0	140	0	1130	0	238	0	0	0	5912	0	3350	678	0	0	2386	0	22142	0	1680	0	2932	0	578	0	132	0	1736	0	2720	0	9666	0	3184	0	3086	0	0	0	0	0	0	0	0	0	1264	0	23748	0	4150	0	0	0	4362	0	25510	0	0	0	0	0	0	0	0	0	0	0	0	0	0	0	0	0	0	0	0	0	0	0	0	0	0	0	
150856	Temporal_Mid_R	0	470	0	0	0	0	0	0	0	0	0	0	0	0	0	0	0	0	0	1040	0	0	0	0	0	0	0	0	0	1138	0	0	0	1894	0	418	0	200	0	0	0	0	0	4976	0	1092	0	184	0	1376	0	9874	0	466	0	1416	0	726	0	2904	0	3572	0	5058	0	4064	0	4178	0	2974	0	0	0	0	0	0	0	0	0	946	0	8994	0	2542	0	0	0	638	0	14288	0	0	0	0	0	0	0	0	0	0	0	0	0	0	0	0	0	0	0	0	0	0	0	0	0	0	
33952	Temporal_Pole_Mid_L	0	0	0	0	0	0	0	0	0	0	0	0	0	0	0	0	0	0	0	0	0	0	0	0	0	0	0	0	606	0	0	0	0	0	0	0	480	0	0	0	108	0	0	0	0	0	0	0	0	0	0	0	0	0	576	0	0	0	0	0	0	0	0	0	0	0	0	0	0	0	0	0	178	0	0	0	0	0	0	0	1030	0	5370	0	4362	0	0	0	4266	0	0	0	0	0	0	0	0	0	0	0	0	0	0	0	0	0	0	0	0	0	0	0	0	0	0	0	
10784	Temporal_Pole_Mid_R	0	0	0	0	0	0	0	0	0	0	0	0	0	0	0	0	0	0	0	0	0	0	0	0	0	0	0	0	0	0	0	0	0	0	0	0	0	0	0	496	0	120	0	0	0	0	0	0	0	0	0	0	0	0	0	1360	0	0	0	0	0	0	0	0	0	0	0	0	0	0	0	0	0	0	0	0	0	0	0	0	0	318	0	2254	0	638	0	0	0	206	0	0	0	0	0	0	0	0	0	0	0	0	0	0	0	0	0	0	0	0	0	0	0	0	0	0	
268264	Temporal_Inf_L	2152	0	6574	0	0	0	1230	0	0	0	1634	0	564	0	102	0	3674	0	4070	0	230	0	0	0	0	0	0	0	14028	0	0	0	122	0	0	0	16176	0	514	0	638	0	0	0	0	0	118	0	0	0	620	0	4228	0	19398	0	288	0	0	0	192	0	276	0	1126	0	236	0	1874	0	0	172	3962	0	0	0	0	0	1284	0	10072	0	3478	0	25510	0	4266	0	0	0	2758	0	1258	0	0	0	0	0	474	0	456	0	378	0	0	0	0	0	0	0	0	0	0	0	0	0	
117276	Temporal_Inf_R	0	346	0	0	0	0	0	0	0	0	0	0	0	0	0	0	0	102	0	468	0	0	0	0	0	0	0	0	0	2508	0	0	0	420	0	0	0	1980	0	446	0	0	0	352	0	0	0	0	0	576	0	534	0	5580	0	9502	0	444	0	3026	0	4048	0	4282	0	1870	0	564	0	1282	0	0	0	0	0	0	0	0	0	490	0	1372	0	1070	0	14288	0	206	0	0	0	1908	0	182	0	0	0	0	0	792	0	0	0	0	0	0	0	0	0	0	0	0	0	0	0	0	
461360	Cerebelum_Crus1_L	0	0	0	0	0	0	0	0	0	0	0	0	0	0	0	0	0	0	0	0	0	0	0	0	0	0	0	0	0	0	0	0	0	0	0	0	0	0	214	0	0	0	0	0	0	0	5150	4066	0	0	0	0	470	0	17484	172	0	0	0	0	0	0	0	0	0	0	0	0	0	0	0	0	0	0	0	0	0	0	0	0	0	0	0	0	0	0	0	0	2758	0	0	6902	47012	12950	362	306	12082	1804	48198	9052	15386	1818	10140	7862	636	1358	164	0	154	208	3548	7102	10710	1430	1182	0	
278744	Cerebelum_Crus1_R	0	0	0	0	0	0	0	0	0	0	0	0	0	0	0	0	0	0	0	0	0	0	0	0	0	0	0	0	0	0	0	0	0	0	0	0	0	0	0	0	0	0	0	238	0	0	442	2734	0	116	0	254	0	294	698	11292	0	0	0	0	0	0	0	0	0	0	0	0	0	0	0	0	0	0	0	0	0	0	0	0	0	0	0	0	0	0	0	0	0	1908	6902	0	5114	29010	0	656	890	5694	6514	33506	802	5708	708	8748	0	1114	0	0	0	234	1302	3196	8786	1208	1304	0	
328308	Cerebelum_Crus2_L	0	0	0	0	0	0	0	0	0	0	0	0	0	0	0	0	0	0	0	0	0	0	0	0	0	0	0	0	0	0	0	0	0	0	0	0	0	0	0	0	0	0	0	0	0	0	150	450	0	0	0	0	0	0	4168	0	0	0	0	0	0	0	0	0	0	0	0	0	0	0	0	0	0	0	0	0	0	0	0	0	0	0	0	0	0	0	0	0	1258	0	47012	5114	0	18222	0	0	964	466	15252	4206	19430	4372	14542	12746	746	1500	130	0	0	0	114	586	9088	2750	888	0	
297092	Cerebelum_Crus2_R	0	0	0	0	0	0	0	0	0	0	0	0	0	0	0	0	0	0	0	0	0	0	0	0	0	0	0	0	0	0	0	0	0	0	0	0	0	0	0	0	0	0	0	0	0	0	178	688	0	0	0	0	0	0	446	934	0	0	0	0	0	0	0	0	0	0	0	0	0	0	0	0	0	0	0	0	0	0	0	0	0	0	0	0	0	0	0	0	0	182	12950	29010	18222	0	0	200	262	1126	6580	11412	6874	11372	7846	20532	302	2366	0	100	0	126	154	1176	11546	2354	1608	0	
19792	Cerebelum_3_L	0	0	0	0	0	0	0	0	0	0	0	0	0	0	0	0	0	0	0	0	0	0	0	0	0	0	0	0	0	0	0	0	0	0	0	0	0	0	168	0	0	0	0	0	0	0	0	0	0	0	0	0	0	0	130	0	0	0	0	0	0	0	0	0	0	0	0	0	0	0	0	0	0	0	0	0	0	0	0	0	0	0	0	0	0	0	0	0	0	0	362	0	0	0	0	0	4272	0	904	266	0	0	172	0	0	0	0	0	1056	1374	644	256	292	0	0	0	
37868	Cerebelum_3_R	0	0	0	0	0	0	0	0	0	0	0	0	0	0	0	0	0	0	0	0	0	0	0	0	0	0	0	0	0	0	0	0	0	0	0	0	0	0	0	106	0	0	0	0	0	0	0	104	0	0	0	0	0	0	0	562	0	0	0	0	0	0	0	0	0	0	0	0	0	0	0	0	0	0	0	0	0	0	0	0	0	0	0	0	0	0	0	0	0	0	306	656	0	200	0	0	396	3284	650	3150	186	0	168	444	172	734	0	0	1112	2434	1078	606	952	766	868	0	
181496	Cerebelum_4_5_L	0	0	0	0	0	0	0	0	0	0	0	0	0	0	0	0	0	0	0	0	0	0	0	0	0	0	0	0	0	0	0	0	0	0	0	0	230	0	1106	0	0	0	0	0	0	0	5048	1744	0	0	0	0	0	0	8410	0	0	0	0	0	0	0	0	0	0	0	0	0	0	0	0	0	0	0	0	0	0	0	0	0	0	0	0	0	0	0	0	0	0	0	12082	890	964	262	4272	396	0	2812	25248	2760	2884	0	1472	248	1194	442	238	0	668	1314	10396	3164	1226	500	504	274	
120720	Cerebelum_4_5_R	0	0	0	0	0	0	0	0	0	0	0	0	0	0	0	0	0	0	0	0	0	0	0	0	0	0	0	0	0	0	0	0	0	0	0	0	0	0	0	228	0	0	0	0	0	0	598	1942	0	0	0	0	0	0	212	6876	0	0	0	0	0	0	0	0	0	0	0	0	0	0	0	0	0	0	0	0	0	0	0	0	0	0	0	0	0	0	0	0	0	0	1804	5694	466	1126	0	3284	2812	0	2522	17984	238	0	130	2164	210	1006	0	0	0	360	4574	970	2772	1136	1252	0	
406084	Cerebelum_6_L	0	0	0	0	0	0	0	0	0	0	0	0	0	0	0	0	0	0	0	0	0	0	0	0	0	0	0	0	0	0	0	0	0	0	0	0	530	0	992	0	0	0	0	0	0	0	8010	5238	0	0	270	0	190	0	22832	260	0	0	0	0	0	0	0	0	0	0	0	0	0	0	0	0	212	0	0	0	0	0	0	0	0	0	0	0	0	0	0	0	474	0	48198	6514	15252	6580	904	650	25248	2522	0	10906	6150	0	3450	2714	826	1346	452	0	240	414	6128	11884	10254	1688	1714	0	
314896	Cerebelum_6_R	0	0	0	0	0	0	0	0	0	0	0	0	0	0	0	0	0	0	0	0	0	0	0	0	0	0	0	0	0	0	0	0	0	0	0	0	0	0	0	110	0	0	0	556	0	0	800	7036	0	408	0	544	0	134	1178	15598	0	0	0	0	0	0	0	0	0	0	0	0	0	0	0	0	0	0	0	0	0	0	0	0	0	0	0	0	0	0	0	0	0	792	9052	33506	4206	11412	266	3150	2760	17984	10906	0	998	212	776	4440	332	1502	160	142	0	454	3586	8928	11994	1762	1764	0	
178708	Cerebelum_7b_L	0	0	0	0	0	0	0	0	0	0	0	0	0	0	0	0	0	0	0	0	0	0	0	0	0	0	0	0	0	0	0	0	0	0	0	0	0	0	0	0	0	0	0	0	0	0	114	536	0	0	0	0	0	0	502	0	0	0	0	0	0	0	0	0	0	0	0	0	0	0	0	0	0	0	0	0	0	0	0	0	0	0	0	0	0	0	0	0	456	0	15386	802	19430	6874	0	186	2884	238	6150	998	0	3208	16984	5686	290	712	0	0	118	136	1222	1204	2600	2330	308	0	
83932	Cerebelum_7b_R	0	0	0	0	0	0	0	0	0	0	0	0	0	0	0	0	0	0	0	0	0	0	0	0	0	0	0	0	0	0	0	0	0	0	0	0	0	0	0	0	0	0	0	0	0	0	0	0	0	0	0	0	0	0	0	0	0	0	0	0	0	0	0	0	0	0	0	0	0	0	0	0	0	0	0	0	0	0	0	0	0	0	0	0	0	0	0	0	0	0	1818	5708	4372	11372	0	0	0	0	0	212	3208	0	2970	10076	0	676	0	0	0	0	0	0	668	886	0	0	
175088	Cerebelum_8_L	0	0	0	0	0	0	0	0	0	0	0	0	0	0	0	0	0	0	0	0	0	0	0	0	0	0	0	0	0	0	0	0	0	0	0	0	0	0	0	0	0	0	0	0	0	0	0	368	0	0	0	0	0	0	326	0	0	0	0	0	0	0	0	0	0	0	0	0	0	0	0	0	0	0	0	0	0	0	0	0	0	0	0	0	0	0	0	0	378	0	10140	708	14542	7846	172	168	1472	130	3450	776	16984	2970	0	7374	6328	1198	1638	0	0	98	212	892	4032	4316	1026	0	
219304	Cerebelum_8_R	0	0	0	0	0	0	0	0	0	0	0	0	0	0	0	0	0	0	0	0	0	0	0	0	0	0	0	0	0	0	0	0	0	0	0	0	0	0	0	0	0	0	0	0	0	0	0	180	0	0	0	0	0	0	0	0	0	0	0	0	0	0	0	0	0	0	0	0	0	0	0	0	0	0	0	0	0	0	0	0	0	0	0	0	0	0	0	0	0	0	7862	8748	12746	20532	0	444	248	2164	2714	4440	5686	10076	7374	0	496	7458	0	432	118	276	162	296	9598	4742	2860	0	
41364	Cerebelum_9_L	0	0	0	0	0	0	0	0	0	0	0	0	0	0	0	0	0	0	0	0	0	0	0	0	0	0	0	0	0	0	0	0	0	0	0	0	0	0	0	0	0	0	0	0	0	0	0	140	0	0	0	0	0	0	0	0	0	0	0	0	0	0	0	0	0	0	0	0	0	0	0	0	0	0	0	0	0	0	0	0	0	0	0	0	0	0	0	0	0	0	636	0	746	302	0	172	1194	210	826	332	290	0	6328	496	0	622	2572	0	102	132	1114	1316	872	1064	938	278	
78736	Cerebelum_9_R	0	0	0	0	0	0	0	0	0	0	0	0	0	0	0	0	0	0	0	0	0	0	0	0	0	0	0	0	0	0	0	0	0	0	0	0	0	0	0	0	0	0	0	0	0	0	0	0	0	0	0	0	0	0	0	0	0	0	0	0	0	0	0	0	0	0	0	0	0	0	0	0	0	0	0	0	0	0	0	0	0	0	0	0	0	0	0	0	0	0	1358	1114	1500	2366	0	734	442	1006	1346	1502	712	676	1198	7458	622	0	144	748	416	624	1092	1384	3870	4340	4204	512	
13360	Cerebelum_10_L	0	0	0	0	0	0	0	0	0	0	0	0	0	0	0	0	0	0	0	0	0	0	0	0	0	0	0	0	0	0	0	0	0	0	0	0	0	0	0	0	0	0	0	0	0	0	0	0	0	0	0	0	0	0	0	0	0	0	0	0	0	0	0	0	0	0	0	0	0	0	0	0	0	0	0	0	0	0	0	0	0	0	0	0	0	0	0	0	0	0	164	0	130	0	0	0	238	0	452	160	0	0	1638	0	2572	144	0	0	0	0	240	364	224	170	184	0	
3096	Cerebelum_10_R	0	0	0	0	0	0	0	0	0	0	0	0	0	0	0	0	0	0	0	0	0	0	0	0	0	0	0	0	0	0	0	0	0	0	0	0	0	0	0	0	0	0	0	0	0	0	0	0	0	0	0	0	0	0	0	0	0	0	0	0	0	0	0	0	0	0	0	0	0	0	0	0	0	0	0	0	0	0	0	0	0	0	0	0	0	0	0	0	0	0	0	0	0	100	0	0	0	0	0	142	0	0	0	432	0	748	0	0	0	0	0	0	0	126	0	0	
22660	Vermis_1_2	0	0	0	0	0	0	0	0	0	0	0	0	0	0	0	0	0	0	0	0	0	0	0	0	0	0	0	0	0	0	0	0	0	0	0	0	0	0	0	0	0	0	0	0	0	0	0	0	0	0	0	0	0	0	0	0	0	0	0	0	0	0	0	0	0	0	0	0	0	0	0	0	0	0	0	0	0	0	0	0	0	0	0	0	0	0	0	0	0	0	154	0	0	0	1056	1112	668	0	240	0	118	0	0	118	102	416	0	0	0	4904	1616	158	228	200	240	0	
35408	Vermis_3	0	0	0	0	0	0	0	0	0	0	0	0	0	0	0	0	0	0	0	0	0	0	0	0	0	0	0	0	0	0	0	0	0	0	0	0	190	0	128	0	0	0	0	0	0	0	176	116	0	0	0	0	0	0	0	0	0	0	0	0	0	0	0	0	0	0	0	0	0	0	0	0	0	0	0	0	0	0	0	0	0	0	0	0	0	0	0	0	0	0	208	234	0	126	1374	2434	1314	360	414	454	136	0	98	276	132	624	0	0	4904	0	2180	330	536	438	522	0	
112652	Vermis_4_5	0	0	0	0	0	0	0	0	0	0	0	0	0	0	0	0	0	0	0	0	0	0	0	0	0	0	0	0	0	0	0	0	0	0	0	554	0	498	0	404	0	0	0	364	98	0	1670	2846	0	0	0	0	0	0	658	508	0	0	0	0	0	0	0	0	0	0	122	1658	0	0	0	0	0	0	0	0	0	0	0	0	0	0	0	0	0	0	0	0	0	0	3548	1302	114	154	644	1078	10396	4574	6128	3586	1222	0	212	162	1114	1092	240	0	1616	2180	0	3824	724	724	1016	1296	
132556	Vermis_6	0	0	0	0	0	0	0	0	0	0	0	0	0	0	0	0	0	0	0	0	0	0	0	0	0	0	0	0	0	0	0	0	0	0	0	0	0	0	0	0	0	0	0	0	0	0	990	6156	0	0	0	0	0	0	1408	412	0	0	0	0	0	0	0	0	0	0	0	0	0	0	0	0	0	0	0	0	0	0	0	0	0	0	0	0	0	0	0	0	0	0	7102	3196	586	1176	256	606	3164	970	11884	8928	1204	0	892	296	1316	1384	364	0	158	330	3824	0	5244	1448	1824	1160	
218976	Vermis_7	0	0	0	0	0	0	0	0	0	0	0	0	0	0	0	0	0	0	0	0	0	0	0	0	0	0	0	0	0	0	0	0	0	0	0	0	0	0	0	0	0	0	0	0	0	0	628	2012	0	0	0	0	0	0	1036	316	0	0	0	0	0	0	0	0	0	0	0	0	0	0	0	0	0	0	0	0	0	0	0	0	0	0	0	0	0	0	0	0	0	0	10710	8786	9088	11546	292	952	1226	2772	10254	11994	2600	668	4032	9598	872	3870	224	0	228	536	724	5244	0	4914	4366	0	
89876	Vermis_8	0	0	0	0	0	0	0	0	0	0	0	0	0	0	0	0	0	0	0	0	0	0	0	0	0	0	0	0	0	0	0	0	0	0	0	0	0	0	0	0	0	0	0	0	0	0	0	0	0	0	0	0	0	0	0	0	0	0	0	0	0	0	0	0	0	0	0	0	0	0	0	0	0	0	0	0	0	0	0	0	0	0	0	0	0	0	0	0	0	0	1430	1208	2750	2354	0	766	500	1136	1688	1762	2330	886	4316	4742	1064	4340	170	126	200	438	724	1448	4914	0	5366	280	
68864	Vermis_9	0	0	0	0	0	0	0	0	0	0	0	0	0	0	0	0	0	0	0	0	0	0	0	0	0	0	0	0	0	0	0	0	0	0	0	0	0	0	0	0	0	0	0	0	0	0	0	0	0	0	0	0	0	0	0	0	0	0	0	0	0	0	0	0	0	0	0	0	0	0	0	0	0	0	0	0	0	0	0	0	0	0	0	0	0	0	0	0	0	0	1182	1304	888	1608	0	868	504	1252	1714	1764	308	0	1026	2860	938	4204	184	0	240	522	1016	1824	4366	5366	0	494	
