data	data	444788	224424	787844	820368	113516	73592	578752	287664	62476	28228	221368	102764	263388	57372	180176	121064	143512	94784	514796	744492	74604	96272	377384	330792	35776	64712	58236	74848	560308	232656	241208	415316	142076	441464	158692	206668	228664	331200	80340	163368	24584	47452	273776	327592	198728	277256	336028	335164	200484	277644	460524	228888	127160	180208	312492	407588	246420	237772	110244	87880	214464	114600	134592	134056	128776	129316	275220	472384	244648	158064	315672	396140	294092	328124	30332	31268	96660	141124	80704	19652	139284	100760	80132	61544	329860	196712	20372	27964	253884	270272	424676	444732	311416	302472	16648	41712	275124	184308	425600	393796	228388	158148	317880	254384	166596	138240	23680	6364	15280	32108	247484	222732	230796	142744	90168	26144	
data	data	Precentral_L	Precentral_R	Frontal_Sup_L	Frontal_Sup_R	Frontal_Sup_Orb_L	Frontal_Sup_Orb_R	Frontal_Mid_L	Frontal_Mid_R	Frontal_Mid_Orb_L	Frontal_Mid_Orb_R	Frontal_Inf_Oper_L	Frontal_Inf_Oper_R	Frontal_Inf_Tri_L	Frontal_Inf_Tri_R	Frontal_Inf_Orb_L	Frontal_Inf_Orb_R	Rolandic_Oper_L	Rolandic_Oper_R	Supp_Motor_Area_L	Supp_Motor_Area_R	Olfactory_L	Olfactory_R	Frontal_Sup_Medial_L	Frontal_Sup_Medial_R	Frontal_Med_Orb_L	Frontal_Med_Orb_R	Rectus_L	Rectus_R	Insula_L	Insula_R	Cingulum_Ant_L	Cingulum_Ant_R	Cingulum_Mid_L	Cingulum_Mid_R	Cingulum_Post_L	Cingulum_Post_R	Hippocampus_L	Hippocampus_R	ParaHippocampal_L	ParaHippocampal_R	Amygdala_L	Amygdala_R	Calcarine_L	Calcarine_R	Cuneus_L	Cuneus_R	Lingual_L	Lingual_R	Occipital_Sup_L	Occipital_Sup_R	Occipital_Mid_L	Occipital_Mid_R	Occipital_Inf_L	Occipital_Inf_R	Fusiform_L	Fusiform_R	Postcentral_L	Postcentral_R	Parietal_Sup_L	Parietal_Sup_R	Parietal_Inf_L	Parietal_Inf_R	SupraMarginal_L	SupraMarginal_R	Angular_L	Angular_R	Precuneus_L	Precuneus_R	Paracentral_Lobule_L	Paracentral_Lobule_R	Caudate_L	Caudate_R	Putamen_L	Putamen_R	Pallidum_L	Pallidum_R	Thalamus_L	Thalamus_R	Heschl_L	Heschl_R	Temporal_Sup_L	Temporal_Sup_R	Temporal_Pole_Sup_L	Temporal_Pole_Sup_R	Temporal_Mid_L	Temporal_Mid_R	Temporal_Pole_Mid_L	Temporal_Pole_Mid_R	Temporal_Inf_L	Temporal_Inf_R	Cerebelum_Crus1_L	Cerebelum_Crus1_R	Cerebelum_Crus2_L	Cerebelum_Crus2_R	Cerebelum_3_L	Cerebelum_3_R	Cerebelum_4_5_L	Cerebelum_4_5_R	Cerebelum_6_L	Cerebelum_6_R	Cerebelum_7b_L	Cerebelum_7b_R	Cerebelum_8_L	Cerebelum_8_R	Cerebelum_9_L	Cerebelum_9_R	Cerebelum_10_L	Cerebelum_10_R	Vermis_1_2	Vermis_3	Vermis_4_5	Vermis_6	Vermis_7	Vermis_8	Vermis_9	Vermis_10	
444788	Precentral_L	0	2750	7036	2796	0	0	34026	1064	0	0	14608	0	2052	0	162	0	11074	0	3876	5486	0	0	498	0	0	0	0	0	13148	0	182	136	0	2254	2054	2524	8038	2172	1234	332	0	0	384	100	140	0	120	124	0	94	3912	158	754	3070	542	3128	26646	446	398	0	2706	0	872	0	688	0	280	924	14840	2512	6444	2012	4402	194	544	0	9764	902	4354	0	3038	0	0	0	4022	144	0	0	3640	2488	0	0	0	0	0	0	0	106	0	0	0	0	0	0	0	0	0	0	0	0	0	0	0	0	0	0	
224424	Precentral_R	2750	0	2142	10102	0	0	1056	12540	0	0	0	2388	0	156	0	0	0	1100	3020	7704	0	0	0	118	0	0	0	0	108	1794	0	684	346	2478	210	834	0	2376	0	276	0	0	0	760	112	232	0	238	110	320	0	496	0	2050	0	1996	0	14516	0	158	0	578	0	2782	0	322	128	5880	2704	6602	1412	2738	180	3806	0	432	704	786	0	382	0	1716	0	0	0	2940	0	0	0	4770	0	0	0	0	0	0	0	0	0	0	0	0	0	0	0	0	0	0	0	0	180	0	0	0	0	0	
787844	Frontal_Sup_L	7036	2142	0	18362	6770	0	67636	1268	2878	0	9856	0	18498	0	10318	0	4014	0	50382	18640	0	0	48032	6088	1030	0	1318	0	36102	0	11900	3874	3818	7332	244	0	1768	816	254	204	0	0	0	0	0	0	0	0	0	0	156	0	110	116	224	314	636	0	0	0	0	0	0	0	0	0	0	0	366	0	15692	4366	18982	536	2430	0	2646	1430	538	0	1928	0	1840	0	320	0	0	0	564	148	0	0	0	0	0	0	0	0	0	0	0	0	0	0	0	0	0	0	0	0	0	0	0	0	0	0	
820368	Frontal_Sup_R	2796	10102	18362	0	136	1864	6018	41978	0	1174	928	5690	808	1576	266	5992	242	2450	21132	75734	0	0	10320	36824	0	1812	0	444	2624	9988	5452	32234	946	18270	0	0	0	8816	0	2196	0	0	0	0	0	0	0	0	0	0	0	102	0	648	0	2180	86	852	0	262	0	708	0	1314	0	340	0	356	1498	916	13310	21472	1040	23670	0	2666	656	7450	92	90	78	218	0	232	0	870	0	0	0	1904	0	0	0	0	0	0	0	0	0	0	0	0	0	0	0	0	0	0	0	0	0	0	0	0	0	0	
113516	Frontal_Sup_Orb_L	0	0	6770	136	0	0	1348	0	10224	0	254	0	818	0	6918	0	0	0	140	134	1142	98	3464	0	5410	0	7760	0	4426	0	1756	126	0	0	0	0	0	0	0	0	0	0	0	0	0	0	0	0	0	0	0	0	0	0	0	0	0	0	0	0	0	0	0	0	0	0	0	0	0	0	1592	0	4060	0	0	0	0	0	0	0	0	0	182	0	0	0	0	0	0	0	0	0	0	0	0	0	0	0	0	0	0	0	0	0	0	0	0	0	0	0	0	0	0	0	0	0	
73592	Frontal_Sup_Orb_R	0	0	0	1864	0	0	0	114	0	2014	0	0	0	0	0	2336	0	0	0	0	1518	2818	270	2660	146	5230	538	7950	0	296	470	1588	0	0	0	0	0	0	0	0	0	0	0	0	0	0	0	0	0	0	0	0	0	0	0	0	0	0	0	0	0	0	0	0	0	0	0	0	0	0	1842	3120	524	1498	0	0	0	0	0	0	0	0	0	0	0	0	0	0	0	0	0	0	0	0	0	0	0	0	0	0	0	0	0	0	0	0	0	0	0	0	0	0	0	0	0	0	
578752	Frontal_Mid_L	34026	1056	67636	6018	1348	0	0	1214	3126	0	14448	0	34880	0	10360	0	1980	0	9090	4500	0	0	22660	3248	0	0	98	0	26084	0	3030	1092	1102	2426	680	642	4604	676	794	96	0	0	0	0	0	0	0	0	0	0	244	0	158	0	394	86	664	0	0	0	110	0	0	0	0	0	0	0	100	98	7808	2002	8192	202	390	0	6936	612	1718	0	638	0	626	0	620	0	0	0	864	0	0	0	0	0	0	0	0	0	0	0	0	0	0	0	0	0	0	0	0	0	0	0	0	0	0	0	
287664	Frontal_Mid_R	1064	12540	1268	41978	0	114	1214	0	0	1514	82	6204	0	6706	0	7104	0	1378	1952	5386	0	0	388	3628	0	0	0	0	110	6432	550	4940	0	1048	0	0	0	5338	0	772	0	0	0	0	0	0	0	0	0	0	0	0	0	526	0	1232	0	1016	0	120	0	360	0	760	0	230	0	394	0	0	2032	4428	158	14456	0	1724	654	924	0	126	0	330	0	0	0	972	0	0	0	1680	0	0	0	0	0	0	0	0	0	0	0	0	0	0	0	0	0	0	0	0	0	0	0	0	0	0	
62476	Frontal_Mid_Orb_L	0	0	2878	0	10224	0	3126	0	0	0	0	0	1400	0	8384	0	0	0	0	0	108	0	554	0	574	0	1258	0	1660	0	0	0	0	0	0	0	0	0	0	0	0	0	0	0	0	0	0	0	0	0	0	0	0	0	0	0	0	0	0	0	0	0	0	0	0	0	0	0	0	0	176	0	804	0	0	0	0	0	0	0	0	0	92	0	0	0	0	0	0	0	0	0	0	0	0	0	0	0	0	0	0	0	0	0	0	0	0	0	0	0	0	0	0	0	0	0	
28228	Frontal_Mid_Orb_R	0	0	0	1174	0	2014	0	1514	0	0	0	0	0	438	0	6346	0	0	0	632	0	0	0	488	0	0	0	0	0	166	0	498	0	0	0	0	0	0	0	0	0	0	0	0	0	0	0	0	0	0	0	0	0	0	0	0	0	0	0	0	0	0	0	0	0	0	0	0	0	0	0	432	0	412	0	0	0	0	0	0	0	0	0	0	0	0	0	0	0	0	0	0	0	0	0	0	0	0	0	0	0	0	0	0	0	0	0	0	0	0	0	0	0	0	0	0	
221368	Frontal_Inf_Oper_L	14608	0	9856	928	254	0	14448	82	0	0	0	0	16300	0	1720	0	8860	0	2230	640	0	0	2774	118	0	0	0	0	19740	0	1150	388	0	88	0	0	182	0	0	0	0	0	0	0	0	0	0	0	0	0	186	0	154	0	0	0	4376	0	80	0	0	0	0	0	0	0	0	0	0	0	3148	1308	956	192	0	0	0	0	1376	0	1052	0	2842	0	252	0	0	0	396	0	0	0	0	0	0	0	0	0	0	0	0	0	0	0	0	0	0	0	0	0	0	0	0	0	0	0	
102764	Frontal_Inf_Oper_R	0	2388	0	5690	0	0	0	6204	0	0	0	0	0	2576	0	1392	0	6022	0	3714	0	0	0	144	0	0	0	0	0	13908	0	172	0	114	0	0	0	976	0	232	0	0	0	0	0	0	0	0	0	0	0	0	0	0	0	76	0	530	0	0	0	0	0	0	0	0	0	0	0	0	0	178	0	5402	0	206	0	624	0	210	0	136	0	488	0	0	0	0	0	0	0	0	0	0	0	0	0	0	0	0	0	0	0	0	0	0	0	0	0	0	0	0	0	0	0	0	
263388	Frontal_Inf_Tri_L	2052	0	18498	808	818	0	34880	0	1400	0	16300	0	0	0	18106	0	424	0	1852	860	0	0	3460	82	0	0	0	0	27204	0	990	188	304	650	0	0	0	0	0	0	0	0	0	0	0	0	0	0	0	0	0	0	0	0	0	0	0	0	0	0	0	0	0	0	0	0	0	0	0	0	690	144	1580	0	0	0	0	0	0	0	90	0	314	0	0	0	0	0	0	0	0	0	0	0	0	0	0	0	0	0	0	0	0	0	0	0	0	0	0	0	0	0	0	0	0	0	
57372	Frontal_Inf_Tri_R	0	156	0	1576	0	0	0	6706	0	438	0	2576	0	0	0	7356	0	340	0	210	0	0	0	136	0	0	0	0	0	8476	0	0	0	96	0	0	0	144	0	0	0	0	0	0	0	0	0	0	0	0	0	0	0	0	0	0	0	0	0	0	0	0	0	0	0	0	0	0	0	0	0	0	0	476	0	0	0	0	0	0	0	0	0	0	0	0	0	0	0	0	0	0	0	0	0	0	0	0	0	0	0	0	0	0	0	0	0	0	0	0	0	0	0	0	0	0	
180176	Frontal_Inf_Orb_L	162	0	10318	266	6918	0	10360	0	8384	0	1720	0	18106	0	0	0	258	0	642	282	854	146	1308	0	406	0	1280	0	21562	0	346	98	0	0	0	0	120	0	0	0	0	0	0	0	0	0	0	0	0	0	0	0	0	0	0	0	0	0	0	0	0	0	0	0	0	0	0	0	0	0	1010	84	4348	0	0	0	0	0	0	0	124	0	986	0	0	0	0	0	0	0	0	0	0	0	0	0	0	0	0	0	0	0	0	0	0	0	0	0	0	0	0	0	0	0	0	0	
121064	Frontal_Inf_Orb_R	0	0	0	5992	0	2336	0	7104	0	6346	0	1392	0	7356	0	0	0	0	684	3294	80	1324	142	1896	0	102	0	1154	0	10528	0	788	0	1012	0	0	0	286	0	124	0	0	0	0	0	0	0	0	0	0	0	0	0	0	0	158	0	0	0	0	0	0	0	0	0	0	0	0	0	0	250	2524	0	4946	0	0	0	0	0	0	0	0	0	546	0	168	0	0	0	0	0	0	0	0	0	0	0	0	0	0	0	0	0	0	0	0	0	0	0	0	0	0	0	0	0	0	
143512	Rolandic_Oper_L	11074	0	4014	242	0	0	1980	0	0	0	8860	0	424	0	258	0	0	0	1442	218	0	0	882	0	0	0	0	0	14536	0	250	0	0	0	0	0	364	0	0	0	0	0	0	0	0	0	0	0	0	0	956	0	148	0	0	0	9874	0	288	0	288	0	1544	0	0	0	0	0	156	0	890	436	356	0	0	0	116	0	3230	0	6262	0	1228	0	818	0	0	0	622	0	0	0	0	0	0	0	0	0	0	0	0	0	0	0	0	0	0	0	0	0	0	0	0	0	0	0	
94784	Rolandic_Oper_R	0	1100	0	2450	0	0	0	1378	0	0	0	6022	0	340	0	0	0	0	0	1762	0	0	0	0	0	0	0	0	0	12670	0	0	0	0	0	0	0	956	0	318	0	0	0	0	0	0	0	0	0	0	0	0	0	188	0	174	0	5616	0	0	0	316	0	3578	0	168	0	580	0	0	0	0	0	1706	0	112	0	0	0	1666	0	4130	0	702	0	768	0	0	0	692	0	0	0	0	0	0	0	0	0	0	0	0	0	0	0	0	0	0	0	0	0	0	0	0	0	0	
514796	Supp_Motor_Area_L	3876	3020	50382	21132	140	0	9090	1952	0	0	2230	0	1852	0	642	684	1442	0	0	39130	0	0	10750	4156	0	0	0	0	12612	138	7060	6772	8954	19266	478	190	1126	878	216	176	0	0	184	0	614	0	0	0	674	0	476	0	0	306	190	490	418	166	0	0	0	0	0	0	0	0	620	284	13178	1356	8776	3834	9636	566	1624	0	1052	1930	172	0	1384	0	326	0	168	0	0	0	314	316	0	0	0	0	0	0	0	0	0	0	0	0	0	0	0	0	0	0	0	0	0	0	0	0	0	0	
744492	Supp_Motor_Area_R	5486	7704	18640	75734	134	0	4500	5386	0	632	640	3714	860	210	282	3294	218	1762	39130	0	0	0	4388	15806	0	208	0	0	2784	5252	3580	22836	4198	44976	284	1476	0	2442	0	764	0	0	0	588	92	798	0	124	0	374	0	94	0	306	0	608	108	2786	0	136	0	344	0	560	0	96	614	8024	13952	17342	9750	18320	750	6902	0	1364	112	9042	82	0	100	236	0	206	0	336	0	0	0	660	0	0	0	0	0	0	0	0	0	0	0	0	0	0	0	0	0	0	0	0	120	0	0	0	0	0	
74604	Olfactory_L	0	0	0	0	1142	1518	0	0	108	0	0	0	0	0	854	80	0	0	0	0	0	5890	0	0	500	312	1662	2134	2162	0	2490	1716	0	0	0	0	0	0	0	0	104	0	0	0	0	0	0	0	0	0	0	0	0	0	0	0	0	0	0	0	0	0	0	0	0	0	0	0	0	0	7376	3964	4222	882	0	0	0	0	0	0	0	0	186	0	0	0	0	0	0	0	0	0	0	0	0	0	0	0	0	0	0	0	0	0	0	0	0	0	0	0	0	0	0	0	0	0	
96272	Olfactory_R	0	0	0	0	98	2818	0	0	0	0	0	0	0	0	146	1324	0	0	0	0	5890	0	0	172	200	978	1058	4564	194	1648	2564	2660	0	0	0	0	0	0	0	0	122	190	0	0	0	0	0	0	0	0	0	0	0	0	0	0	0	0	0	0	0	0	0	0	0	0	0	0	0	0	8432	7586	5460	1344	308	116	0	0	0	0	0	0	0	264	0	0	0	0	0	0	0	0	0	0	0	0	0	0	0	0	0	0	0	0	0	0	0	0	0	0	0	0	0	0	0	0	
377384	Frontal_Sup_Medial_L	498	0	48032	10320	3464	270	22660	388	554	0	2774	0	3460	0	1308	142	882	0	10750	4388	0	0	0	19070	2230	690	1258	0	6960	120	17018	11778	3298	9044	150	0	0	0	0	0	0	0	0	0	0	0	0	0	0	0	0	0	0	0	0	0	0	0	0	0	0	0	0	0	0	0	0	0	0	0	1462	1340	3588	82	0	0	0	0	140	0	102	0	472	0	0	0	0	0	0	0	0	0	0	0	0	0	0	0	0	0	0	0	0	0	0	0	0	0	0	0	0	0	0	0	0	0	
330792	Frontal_Sup_Medial_R	0	118	6088	36824	0	2660	3248	3628	0	488	118	144	82	136	0	1896	0	0	4156	15806	0	172	19070	0	238	4410	0	1210	134	424	6686	28518	452	13650	0	0	0	0	0	0	0	0	0	0	0	0	0	0	0	0	0	0	0	0	0	0	0	0	0	0	0	0	0	0	0	0	0	0	0	0	160	10270	282	4328	0	0	0	0	0	0	0	0	0	0	0	0	0	0	0	0	0	0	0	0	0	0	0	0	0	0	0	0	0	0	0	0	0	0	0	0	0	0	0	0	0	0	
35776	Frontal_Med_Orb_L	0	0	1030	0	5410	146	0	0	574	0	0	0	0	0	406	0	0	0	0	0	500	200	2230	238	0	680	3258	168	116	0	1836	260	0	0	0	0	0	0	0	0	0	0	0	0	0	0	0	0	0	0	0	0	0	0	0	0	0	0	0	0	0	0	0	0	0	0	0	0	0	0	512	0	324	0	0	0	0	0	0	0	0	0	0	0	0	0	0	0	0	0	0	0	0	0	0	0	0	0	0	0	0	0	0	0	0	0	0	0	0	0	0	0	0	0	0	0	
64712	Frontal_Med_Orb_R	0	0	0	1812	0	5230	0	0	0	0	0	0	0	0	0	102	0	0	0	208	312	978	690	4410	680	0	680	6176	0	0	1256	4826	0	86	0	0	0	0	0	0	0	0	0	0	0	0	0	0	0	0	0	0	0	0	0	0	0	0	0	0	0	0	0	0	0	0	0	0	0	0	234	2842	80	1754	0	0	0	0	0	0	0	0	0	0	0	0	0	0	0	0	0	0	0	0	0	0	0	0	0	0	0	0	0	0	0	0	0	0	0	0	0	0	0	0	0	0	
58236	Rectus_L	0	0	1318	0	7760	538	98	0	1258	0	0	0	0	0	1280	0	0	0	0	0	1662	1058	1258	0	3258	680	0	1248	452	0	2632	630	0	0	0	0	0	0	0	0	0	0	0	0	0	0	0	0	0	0	0	0	0	0	0	0	0	0	0	0	0	0	0	0	0	0	0	0	0	0	1994	280	1534	180	0	0	0	0	0	0	0	0	0	0	0	0	0	0	0	0	0	0	0	0	0	0	0	0	0	0	0	0	0	0	0	0	0	0	0	0	0	0	0	0	0	0	
74848	Rectus_R	0	0	0	444	0	7950	0	0	0	0	0	0	0	0	0	1154	0	0	0	0	2134	4564	0	1210	168	6176	1248	0	0	474	728	3422	0	0	0	0	0	0	0	0	0	0	0	0	0	0	0	0	0	0	0	0	0	0	0	0	0	0	0	0	0	0	0	0	0	0	0	0	0	0	2558	3046	848	1300	0	0	0	0	0	0	0	0	0	0	0	0	0	0	0	0	0	0	0	0	0	0	0	0	0	0	0	0	0	0	0	0	0	0	0	0	0	0	0	0	0	0	
560308	Insula_L	13148	108	36102	2624	4426	0	26084	110	1660	0	19740	0	27204	0	21562	0	14536	0	12612	2784	2162	194	6960	134	116	0	452	0	0	0	2332	626	462	1326	1078	962	7042	302	526	0	822	0	110	0	0	0	0	0	0	0	1656	94	754	180	2920	140	7122	0	302	0	822	0	0	0	0	0	154	136	430	0	6388	1556	20050	124	0	0	302	0	7462	0	5804	0	5502	0	3390	0	0	0	6470	90	0	0	0	0	0	0	0	0	0	0	0	0	0	0	0	0	0	0	0	0	0	0	0	0	0	0	
232656	Insula_R	0	1794	0	9988	0	296	0	6432	0	166	0	13908	0	8476	0	10528	0	12670	138	5252	0	1648	120	424	0	0	0	474	0	0	0	258	0	302	0	0	0	3670	0	1412	0	430	0	0	0	0	0	0	0	0	0	0	0	434	0	1498	0	1492	0	0	0	0	0	76	0	0	0	494	0	0	100	1764	0	18650	0	422	96	260	0	1850	0	4324	0	1720	0	2460	0	0	0	2302	0	0	0	0	0	0	0	0	0	0	0	0	0	0	0	0	0	0	0	0	0	0	0	0	0	0	
241208	Cingulum_Ant_L	182	0	11900	5452	1756	470	3030	550	0	0	1150	0	990	0	346	0	250	0	7060	3580	2490	2564	17018	6686	1836	1256	2632	728	2332	0	0	16708	5474	7052	182	0	0	0	0	0	0	0	0	0	0	0	0	0	0	0	0	0	0	0	0	0	0	0	0	0	0	0	0	0	0	0	0	0	0	0	6488	3928	5168	1346	0	0	0	0	0	0	0	0	0	0	0	0	0	0	0	0	0	0	0	0	0	0	0	0	0	0	0	0	0	0	0	0	0	0	0	0	0	0	0	0	0	0	
415316	Cingulum_Ant_R	136	684	3874	32234	126	1588	1092	4940	0	498	388	172	188	0	98	788	0	0	6772	22836	1716	2660	11778	28518	260	4826	630	3422	626	258	16708	0	2350	21054	0	0	0	284	0	0	0	0	0	0	0	0	0	0	0	0	0	0	0	98	0	0	0	0	0	0	0	0	0	0	0	0	0	0	0	0	3222	21438	2382	8884	0	0	0	0	0	0	0	0	0	0	0	0	0	0	0	130	0	0	0	0	0	0	0	0	0	0	0	0	0	0	0	0	0	0	0	0	0	0	0	0	0	0	
142076	Cingulum_Mid_L	0	346	3818	946	0	0	1102	0	0	0	0	0	304	0	0	0	0	0	8954	4198	0	0	3298	452	0	0	0	0	462	0	5474	2350	0	9724	4506	926	0	0	0	0	0	0	544	0	1514	346	0	0	2416	172	1970	0	0	0	0	0	650	198	432	0	0	0	0	0	180	0	6856	2472	4892	1230	0	100	0	0	0	0	0	0	0	0	0	0	0	0	206	0	0	0	0	0	0	0	0	0	0	0	0	0	0	0	0	0	0	0	0	0	0	0	0	0	0	0	0	0	0	0	
441464	Cingulum_Mid_R	2254	2478	7332	18270	0	0	2426	1048	0	0	88	114	650	96	0	1012	0	0	19266	44976	0	0	9044	13650	0	86	0	0	1326	302	7052	21054	9724	0	1178	3646	0	100	0	0	0	0	152	1332	190	2916	116	386	82	1466	0	472	0	254	0	230	0	3374	0	0	0	0	0	0	0	0	1998	14296	7602	13720	660	2244	132	826	0	0	0	582	0	0	0	0	0	0	0	92	0	0	0	310	0	0	0	0	0	0	0	0	0	0	0	0	0	0	0	0	0	0	0	0	128	0	0	0	0	0	
158692	Cingulum_Post_L	2054	210	244	0	0	0	680	0	0	0	0	0	0	0	0	0	0	0	478	284	0	0	150	0	0	0	0	0	1078	0	182	0	4506	1178	0	13722	7470	3340	3520	582	0	0	3498	280	916	510	1922	250	412	330	1274	434	386	2604	938	2540	1150	346	0	0	0	0	0	0	0	0	7666	3408	2942	260	0	0	292	0	0	0	780	438	322	0	0	0	0	0	1514	0	0	0	1006	1224	0	0	0	0	0	0	312	116	0	0	0	0	0	0	0	0	0	0	0	0	1598	0	0	0	0	0	
206668	Cingulum_Post_R	2524	834	0	0	0	0	642	0	0	0	0	0	0	0	0	0	0	0	190	1476	0	0	0	0	0	0	0	0	962	0	0	0	926	3646	13722	0	5842	5664	2348	1604	0	0	316	5264	276	2752	430	2704	0	758	338	1406	222	4364	908	3902	768	2938	0	0	0	0	0	0	0	0	2038	18636	2128	1296	0	0	290	0	0	0	1726	1096	196	0	0	0	0	0	308	150	0	0	338	1618	0	0	0	0	0	114	0	524	0	0	0	0	0	0	0	0	0	0	0	0	5150	0	0	0	0	0	
228664	Hippocampus_L	8038	0	1768	0	0	0	4604	0	0	0	182	0	0	0	120	0	364	0	1126	0	0	0	0	0	0	0	0	0	7042	0	0	0	0	0	7470	5842	0	3524	11412	796	4454	0	3108	0	226	0	3678	174	0	0	954	0	608	0	12746	0	974	0	0	0	94	0	0	0	0	0	3416	364	232	0	90	428	5716	0	242	0	3122	1022	2864	0	870	0	860	0	2454	0	0	0	11104	0	190	0	0	0	0	0	676	240	274	0	0	0	0	0	0	0	0	0	0	138	726	0	0	0	0	0	
331200	Hippocampus_R	2172	2376	816	8816	0	0	676	5338	0	0	0	976	0	144	0	286	0	956	878	2442	0	0	0	0	0	0	0	0	302	3670	0	284	0	100	3340	5664	3524	0	1498	24240	0	6864	0	0	0	0	100	2422	0	0	0	0	0	6618	514	23724	0	152	0	0	0	0	0	0	0	0	0	2126	1018	0	804	2210	230	16612	0	1084	2084	7008	82	320	0	596	0	1862	0	2252	0	692	0	14894	0	0	0	0	0	362	82	1376	0	0	0	0	0	0	0	0	0	0	0	0	1014	0	0	0	0	0	
80340	ParaHippocampal_L	1234	0	254	0	0	0	794	0	0	0	0	0	0	0	0	0	0	0	216	0	0	0	0	0	0	0	0	0	526	0	0	0	0	0	3520	2348	11412	1498	0	306	682	0	1496	0	0	0	3026	112	0	0	98	0	92	0	3770	0	0	0	0	0	0	0	0	0	0	0	1492	182	0	0	0	96	1402	0	0	0	704	356	0	0	0	0	376	0	0	0	0	0	440	0	396	0	0	0	414	0	1364	102	570	0	84	0	0	0	0	0	0	0	0	208	600	0	0	0	0	0	
163368	ParaHippocampal_R	332	276	204	2196	0	0	96	772	0	0	0	232	0	0	0	124	0	318	176	764	0	0	0	0	0	0	0	0	0	1412	0	0	0	0	582	1604	796	24240	306	0	0	6382	0	216	0	0	124	3428	0	0	0	0	0	998	126	14170	0	0	0	0	0	0	0	0	0	0	0	1330	0	0	188	230	0	3362	0	222	880	3890	0	0	0	0	0	3148	0	374	0	1234	0	2656	0	0	0	0	0	874	94	2834	0	0	0	0	0	0	0	0	0	0	0	96	398	0	0	0	0	0	
24584	Amygdala_L	0	0	0	0	0	0	0	0	0	0	0	0	0	0	0	0	0	0	0	0	104	122	0	0	0	0	0	0	822	0	0	0	0	0	0	0	4454	0	682	0	0	0	0	0	0	0	0	0	0	0	0	0	0	0	2870	0	0	0	0	0	0	0	0	0	0	0	0	0	0	0	162	0	600	0	0	0	0	0	0	0	0	0	542	0	0	0	0	0	1934	0	0	0	0	0	0	0	0	0	0	0	0	0	0	0	0	0	0	0	0	0	0	0	0	0	0	0	
47452	Amygdala_R	0	0	0	0	0	0	0	0	0	0	0	0	0	0	0	0	0	0	0	0	0	190	0	0	0	0	0	0	0	430	0	0	0	0	0	0	0	6864	0	6382	0	0	0	0	0	0	0	0	0	0	0	0	0	0	0	5036	0	0	0	0	0	0	0	0	0	0	0	0	0	0	0	216	0	444	0	0	0	338	0	0	0	0	0	2932	0	0	0	894	0	0	0	0	0	0	0	0	0	0	0	0	0	0	0	0	0	0	0	0	0	0	0	0	0	0	0	0	
273776	Calcarine_L	384	0	0	0	0	0	0	0	0	0	0	0	0	0	0	0	0	0	184	0	0	0	0	0	0	0	0	0	110	0	0	0	544	152	3498	316	3108	0	1496	0	0	0	0	11108	14866	8438	17122	4934	10088	4700	19944	682	3078	86	1412	124	902	0	0	0	190	0	104	0	376	0	17424	1500	1458	0	0	0	0	0	0	0	0	0	238	0	0	0	0	0	4260	0	0	0	1238	0	0	0	0	0	0	0	462	0	100	0	0	0	0	0	0	0	0	0	0	0	2262	0	0	0	0	0	
327592	Calcarine_R	100	760	0	0	0	0	0	0	0	0	0	0	0	0	0	0	0	0	0	588	0	0	0	0	0	0	0	0	0	0	0	0	0	1332	280	5264	0	0	0	216	0	0	11108	0	4910	28570	5586	23236	272	26524	314	14228	80	4568	0	5486	0	2770	0	0	0	98	0	82	0	0	728	21226	288	908	0	0	0	0	0	0	0	0	0	0	0	0	0	0	0	1502	0	0	0	222	0	0	0	0	0	0	0	412	482	118	0	0	0	0	0	0	0	0	0	0	1044	494	0	0	0	0	
198728	Cuneus_L	140	112	0	0	0	0	0	0	0	0	0	0	0	0	0	0	0	0	614	92	0	0	0	0	0	0	0	0	0	0	0	0	1514	190	916	276	226	0	0	0	0	0	14866	4910	0	7926	1866	324	24884	2266	14374	226	762	0	310	0	244	0	898	0	0	0	0	0	88	0	14938	2468	2224	80	0	0	0	0	0	0	0	0	86	0	0	0	0	0	1040	0	0	0	504	0	0	0	0	0	0	0	0	0	0	0	0	0	0	0	0	0	0	0	0	0	0	0	0	0	0	0	
277256	Cuneus_R	0	232	0	0	0	0	0	0	0	0	0	0	0	0	0	0	0	0	0	798	0	0	0	0	0	0	0	0	0	0	0	0	346	2916	510	2752	0	0	0	0	0	0	8438	28570	7926	0	2798	4012	860	31994	498	6956	0	188	0	222	0	1822	0	2484	0	292	0	0	0	422	4616	27402	380	1194	0	0	0	0	0	0	0	0	0	0	0	0	0	0	0	0	0	0	0	0	0	0	0	0	0	0	0	0	0	0	0	0	0	0	0	0	0	0	0	0	0	0	0	0	0	0	
336028	Lingual_L	120	0	0	0	0	0	0	0	0	0	0	0	0	0	0	0	0	0	0	0	0	0	0	0	0	0	0	0	0	0	0	0	0	116	1922	430	3678	100	3026	124	0	0	17122	5586	1866	2798	0	8490	3218	2996	22154	520	9222	92	16106	292	126	0	0	0	164	0	106	0	198	0	5640	830	112	0	0	0	0	0	0	0	0	0	0	0	0	0	0	0	3530	0	0	0	384	0	7736	1504	1634	0	294	0	12280	680	17410	3280	0	0	0	0	0	104	0	0	0	94	4726	5448	1576	0	88	92	
335164	Lingual_R	124	238	0	0	0	0	0	0	0	0	0	0	0	0	0	0	0	0	0	124	0	0	0	0	0	0	0	0	0	0	0	0	0	386	250	2704	174	2422	112	3428	0	0	4934	23236	324	4012	8490	0	0	9406	304	7890	268	4684	1564	15246	0	460	0	0	0	0	0	0	0	0	198	8380	108	208	0	0	0	0	0	0	214	388	0	0	0	0	0	0	0	704	0	0	0	144	2966	3886	926	306	94	1024	3276	6928	7626	12774	0	0	0	0	918	258	0	0	0	168	10162	11770	2766	0	214	396	
200484	Occipital_Sup_L	0	110	0	0	0	0	0	0	0	0	0	0	0	0	0	0	0	0	674	0	0	0	0	0	0	0	0	0	0	0	0	0	2416	82	412	0	0	0	0	0	0	0	10088	272	24884	860	3218	0	0	150	30918	0	304	0	124	0	80	0	7606	0	1328	0	0	0	104	0	13644	924	1832	0	0	0	0	0	0	0	0	0	0	0	0	0	0	0	212	0	0	0	0	0	0	0	0	0	0	0	0	0	0	0	0	0	0	0	0	0	0	0	0	0	0	0	0	0	0	0	
277644	Occipital_Sup_R	94	320	0	0	0	0	0	0	0	0	0	0	0	0	0	0	0	0	0	374	0	0	0	0	0	0	0	0	0	0	0	0	172	1466	330	758	0	0	0	0	0	0	4700	26524	2266	31994	2996	9406	150	0	144	20888	0	1506	0	792	0	1474	0	5582	0	762	0	92	0	5150	1276	16832	316	784	0	0	0	0	0	0	0	0	0	0	0	0	0	0	0	654	0	0	0	102	0	0	0	0	0	0	0	0	408	0	0	0	0	0	0	0	0	0	0	0	96	414	0	0	0	0	
460524	Occipital_Mid_L	3912	0	156	0	0	0	244	0	0	0	186	0	0	0	0	0	956	0	476	0	0	0	0	0	0	0	0	0	1656	0	0	0	1970	0	1274	338	954	0	98	0	0	0	19944	314	14374	498	22154	304	30918	144	0	0	20666	0	6518	0	6398	0	11682	0	14228	0	2124	0	16358	0	12050	438	4236	0	90	0	0	0	0	0	0	0	1234	0	1150	0	0	0	23528	0	0	0	4592	0	704	152	414	0	0	0	234	0	1310	206	0	0	0	0	0	0	0	0	0	0	496	380	204	0	0	0	
228888	Occipital_Mid_R	158	496	0	102	0	0	0	0	0	0	0	0	0	0	0	0	0	0	0	94	0	0	0	0	0	0	0	0	94	0	0	0	0	472	434	1406	0	0	0	0	0	0	682	14228	226	6956	520	7890	0	20888	0	0	0	4610	0	2538	118	3120	0	2662	0	4610	0	1188	0	15970	0	9902	178	850	0	0	0	0	0	0	0	0	0	0	0	164	0	0	0	11636	0	0	0	890	0	0	0	0	0	0	0	82	368	192	0	0	0	0	0	0	0	0	0	0	294	426	0	0	0	0	
127160	Occipital_Inf_L	754	0	110	0	0	0	158	0	0	0	154	0	0	0	0	0	148	0	0	0	0	0	0	0	0	0	0	0	754	0	0	0	0	0	386	222	608	0	92	0	0	0	3078	80	762	0	9222	268	304	0	20666	0	0	0	6884	0	504	0	0	0	156	0	86	0	0	0	1294	92	342	0	0	0	0	0	0	0	0	0	934	0	94	0	0	0	5092	0	0	0	4346	0	1476	194	958	0	0	0	120	0	2046	278	0	0	0	0	0	0	0	0	0	0	196	472	250	0	0	0	
180208	Occipital_Inf_R	3070	2050	116	648	0	0	0	526	0	0	0	0	0	0	0	0	0	188	306	306	0	0	0	0	0	0	0	0	180	434	0	98	0	254	2604	4364	0	6618	0	998	0	0	86	4568	0	188	92	4684	0	1506	0	4610	0	0	0	22916	170	162	0	0	0	0	0	0	0	0	0	3076	4054	142	160	918	0	920	0	182	0	0	0	0	0	0	0	0	0	374	0	0	0	14910	0	128	0	0	0	0	164	364	268	870	0	0	0	0	0	0	0	0	0	0	1198	550	0	0	0	84	
312492	Fusiform_L	542	0	224	0	0	0	394	0	0	0	0	0	0	0	0	0	0	0	190	0	0	0	0	0	0	0	0	0	2920	0	0	0	0	0	938	908	12746	514	3770	126	2870	0	1412	0	310	0	16106	1564	124	0	6518	0	6884	0	0	140	0	0	0	0	0	0	0	0	0	0	786	0	0	0	0	0	1836	0	0	0	212	82	0	0	656	0	2928	0	2036	0	1346	0	14714	0	19122	424	1352	0	112	0	14620	162	26324	1590	472	0	888	0	362	80	164	0	112	136	2770	2376	730	326	328	0	
407588	Fusiform_R	3128	1996	314	2180	0	0	86	1232	0	0	0	76	0	0	0	158	0	174	490	608	0	0	0	0	0	0	0	0	140	1498	0	0	0	230	2540	3902	0	23724	0	14170	0	5036	124	5486	0	222	292	15246	0	792	0	2538	0	22916	140	0	130	104	0	0	0	0	0	0	0	0	0	2864	4016	110	334	776	0	5652	0	276	142	1480	0	0	0	686	0	6936	0	2514	0	3326	0	24014	226	8872	0	98	0	176	712	7172	912	13688	0	104	0	108	240	164	0	0	0	0	4730	2682	780	0	88	244	
246420	Postcentral_L	26646	0	636	86	0	0	664	0	0	0	4376	0	0	0	0	0	9874	0	418	108	0	0	0	0	0	0	0	0	7122	0	0	0	650	0	1150	768	974	0	0	0	0	0	902	0	244	0	126	0	80	0	6398	118	504	170	0	130	0	86	5612	0	21394	0	6654	0	1362	0	2900	314	8478	0	1460	116	224	0	0	0	112	0	3282	0	4070	0	0	0	2926	0	0	0	1982	94	0	0	0	0	0	0	0	0	0	0	0	0	0	0	0	0	0	0	0	0	0	0	0	0	0	0	
237772	Postcentral_R	446	14516	0	852	0	0	0	1016	0	0	0	530	0	0	0	0	0	5616	166	2786	0	0	0	0	0	0	0	0	0	1492	0	0	198	3374	346	2938	0	152	0	0	0	0	0	2770	0	1822	0	460	0	1474	0	3120	0	162	0	104	86	0	0	7106	0	9934	0	15734	0	3364	0	21986	1424	8110	0	340	0	0	0	0	0	0	0	160	0	2558	0	0	0	1754	0	0	0	1478	0	0	0	0	0	0	0	0	0	0	0	0	0	0	0	0	0	0	0	0	512	0	0	0	0	0	
110244	Parietal_Sup_L	398	0	0	0	0	0	0	0	0	0	80	0	0	0	0	0	288	0	0	0	0	0	0	0	0	0	0	0	302	0	0	0	432	0	0	0	0	0	0	0	0	0	0	0	898	0	0	0	7606	0	11682	0	0	0	0	0	5612	0	0	0	8570	0	344	0	2710	0	12708	588	1910	0	0	0	0	0	0	0	0	0	88	0	232	0	0	0	474	0	0	0	200	0	0	0	0	0	0	0	0	0	0	0	0	0	0	0	0	0	0	0	0	0	0	0	0	0	0	0	
87880	Parietal_Sup_R	0	158	0	262	0	0	0	120	0	0	0	0	0	0	0	0	0	0	0	136	0	0	0	0	0	0	0	0	0	0	0	0	0	0	0	0	0	0	0	0	0	0	0	0	0	2484	0	0	0	5582	0	2662	0	0	0	0	0	7106	0	0	0	9778	0	2518	0	4948	110	7742	0	108	0	0	0	0	0	0	0	0	0	0	0	0	0	0	0	118	0	0	0	108	0	0	0	0	0	0	0	0	0	0	0	0	0	0	0	0	0	0	0	0	0	0	0	0	0	0	
214464	Parietal_Inf_L	2706	0	0	0	0	0	110	0	0	0	0	0	0	0	0	0	288	0	0	0	0	0	0	0	0	0	0	0	822	0	0	0	0	0	0	0	94	0	0	0	0	0	190	0	0	0	164	0	1328	0	14228	0	156	0	0	0	21394	0	8570	0	0	0	19878	0	20312	0	592	0	1284	0	120	0	0	0	0	0	0	0	314	0	1352	0	0	0	10334	0	0	0	2996	0	0	0	0	0	0	0	0	0	0	0	0	0	0	0	0	0	0	0	0	0	0	0	0	0	0	0	
114600	Parietal_Inf_R	0	578	0	708	0	0	0	360	0	0	0	0	0	0	0	0	0	316	0	344	0	0	0	0	0	0	0	0	0	0	0	0	0	0	0	0	0	0	0	0	0	0	0	98	0	292	0	0	0	762	0	4610	0	0	0	0	0	9934	0	9778	0	0	0	12800	0	13342	0	1992	0	160	0	0	0	0	0	0	0	0	0	0	0	204	0	0	0	652	0	0	0	370	0	0	0	0	0	0	0	0	0	0	0	0	0	0	0	0	0	0	0	0	0	0	0	0	0	0	
134592	SupraMarginal_L	872	0	0	0	0	0	0	0	0	0	0	0	0	0	0	0	1544	0	0	0	0	0	0	0	0	0	0	0	0	0	0	0	0	0	0	0	0	0	0	0	0	0	104	0	0	0	106	0	0	0	2124	0	86	0	0	0	6654	0	344	0	19878	0	0	0	9858	0	90	0	358	0	0	0	0	0	0	0	0	0	0	0	6414	0	0	0	15224	0	0	0	3640	0	0	0	0	0	0	0	0	0	0	0	0	0	0	0	0	0	0	0	0	0	0	0	0	0	0	0	
134056	SupraMarginal_R	0	2782	0	1314	0	0	0	760	0	0	0	0	0	0	0	0	0	3578	0	560	0	0	0	0	0	0	0	0	0	76	0	0	0	0	0	0	0	0	0	0	0	0	0	82	0	0	0	0	0	92	0	1188	0	0	0	0	0	15734	0	2518	0	12800	0	0	0	10062	0	1760	0	304	0	0	0	0	0	0	0	0	0	348	0	5524	0	0	0	4728	0	0	0	2818	0	0	0	0	0	0	0	0	0	0	0	0	0	0	0	0	0	0	0	0	0	0	0	0	0	0	
128776	Angular_L	688	0	0	0	0	0	0	0	0	0	0	0	0	0	0	0	0	0	0	0	0	0	0	0	0	0	0	0	0	0	0	0	180	0	0	0	0	0	0	0	0	0	376	0	88	0	198	0	104	0	16358	0	0	0	0	0	1362	0	2710	0	20312	0	9858	0	0	0	552	0	426	0	0	0	0	0	0	0	0	0	0	0	1558	0	0	0	9442	0	0	0	176	0	0	0	0	0	0	0	0	0	0	0	0	0	0	0	0	0	0	0	0	0	0	0	0	0	0	0	
129316	Angular_R	0	322	0	340	0	0	0	230	0	0	0	0	0	0	0	0	0	168	0	96	0	0	0	0	0	0	0	0	0	0	0	0	0	0	0	0	0	0	0	0	0	0	0	0	0	422	0	0	0	5150	0	15970	0	0	0	0	0	3364	0	4948	0	13342	0	10062	0	0	0	2026	0	142	0	0	0	0	0	0	0	0	0	0	0	1636	0	0	0	5640	0	0	0	800	0	0	0	0	0	0	0	0	0	0	0	0	0	0	0	0	0	0	0	0	0	0	0	0	0	0	
275220	Precuneus_L	280	128	0	0	0	0	0	0	0	0	0	0	0	0	0	0	0	0	620	614	0	0	0	0	0	0	0	0	154	0	0	0	6856	1998	7666	2038	3416	0	1492	0	0	0	17424	728	14938	4616	5640	198	13644	1276	12050	0	1294	0	786	0	2900	0	12708	110	592	0	90	0	552	0	0	10216	4684	254	0	0	0	0	0	0	0	0	266	0	0	0	0	0	3346	0	0	0	1432	0	0	0	0	0	0	0	398	0	0	0	0	0	0	0	0	0	0	0	0	0	2206	0	0	0	0	0	
472384	Precuneus_R	924	5880	0	356	0	0	0	394	0	0	0	0	0	0	0	0	0	580	284	8024	0	0	0	0	0	0	0	0	136	494	0	0	2472	14296	3408	18636	364	2126	182	1330	0	0	1500	21226	2468	27402	830	8380	924	16832	438	9902	92	3076	0	2864	314	21986	588	7742	0	1992	0	1760	0	2026	10216	0	4210	13150	0	0	0	0	0	0	164	0	0	0	0	402	0	0	188	5512	0	0	200	2332	0	0	0	0	0	164	0	1230	86	0	0	0	0	0	0	0	0	0	0	0	6018	92	0	0	0	0	
244648	Paracentral_Lobule_L	14840	2704	366	1498	0	0	100	0	0	0	0	0	0	0	0	0	156	0	13178	13952	0	0	0	0	0	0	0	0	430	0	0	0	4892	7602	2942	2128	232	1018	0	0	0	0	1458	288	2224	380	112	108	1832	316	4236	178	342	4054	0	4016	8478	1424	1910	0	1284	0	358	0	426	0	4684	4210	0	5714	128	1060	0	0	96	0	0	372	300	0	142	0	0	0	1590	282	0	0	930	3354	0	0	0	0	0	0	0	0	0	0	0	0	0	0	0	0	0	0	0	0	0	0	0	0	0	0	
158064	Paracentral_Lobule_R	2512	6602	0	916	0	0	98	0	0	0	0	0	0	0	0	0	0	0	1356	17342	0	0	0	0	0	0	0	0	0	0	0	0	1230	13720	260	1296	0	0	0	0	0	0	0	908	80	1194	0	208	0	784	0	850	0	142	0	110	0	8110	0	108	0	160	0	304	0	142	254	13150	5714	0	0	0	0	0	0	0	0	112	0	0	0	264	0	0	0	528	0	0	0	458	0	0	0	0	0	0	0	0	0	0	0	0	0	0	0	0	0	0	0	0	120	0	0	0	0	0	
315672	Caudate_L	6444	1412	15692	13310	1592	1842	7808	2032	176	0	3148	0	690	0	1010	250	890	0	8776	9750	7376	8432	1462	160	512	234	1994	2558	6388	100	6488	3222	0	660	0	0	90	804	0	188	162	0	0	0	0	0	0	0	0	0	90	0	0	160	0	334	1460	0	0	0	120	0	0	0	0	0	0	0	128	0	0	12244	15980	1782	1410	140	6686	492	182	0	206	0	322	0	116	0	0	0	140	192	0	0	0	0	0	0	0	0	0	0	0	0	0	0	0	0	0	0	0	0	0	0	0	0	0	0	
396140	Caudate_R	2012	2738	4366	21472	0	3120	2002	4428	0	432	1308	178	144	0	84	2524	436	0	3834	18320	3964	7586	1340	10270	0	2842	280	3046	1556	1764	3928	21438	100	2244	0	0	428	2210	96	230	0	216	0	0	0	0	0	0	0	0	0	0	0	918	0	776	116	340	0	0	0	0	0	0	0	0	0	0	1060	0	12244	0	6964	17672	1206	1560	1364	21488	94	0	0	0	132	0	0	0	0	0	0	1200	0	0	0	0	0	0	0	0	0	0	0	0	0	0	0	0	0	0	0	0	0	0	0	0	0	0	
294092	Putamen_L	4402	180	18982	1040	4060	524	8192	158	804	0	956	0	1580	0	4348	0	356	0	9636	750	4222	5460	3588	282	324	80	1534	848	20050	0	5168	2382	0	132	292	290	5716	230	1402	0	600	0	0	0	0	0	0	0	0	0	0	0	0	0	1836	0	224	0	0	0	0	0	0	0	0	0	0	0	0	0	15980	6964	0	1014	4404	118	1968	728	302	0	1714	0	1156	0	288	0	0	0	1782	0	0	0	0	0	0	0	0	0	0	0	0	0	0	0	0	0	0	0	0	0	0	0	0	0	0	0	
328124	Putamen_R	194	3806	536	23670	0	1498	202	14456	0	412	192	5402	0	476	0	4946	0	1706	566	6902	882	1344	82	4328	0	1754	180	1300	124	18650	1346	8884	0	826	0	0	0	16612	0	3362	0	444	0	0	0	0	0	0	0	0	0	0	0	920	0	5652	0	0	0	0	0	0	0	0	0	0	0	0	0	0	1782	17672	1014	0	104	4564	182	1692	0	178	0	468	0	716	0	362	0	76	0	3598	0	0	0	0	0	0	0	0	0	0	0	0	0	0	0	0	0	0	0	0	0	0	0	0	0	0	
30332	Pallidum_L	544	0	2430	0	0	0	390	0	0	0	0	0	0	0	0	0	0	0	1624	0	0	308	0	0	0	0	0	0	0	0	0	0	0	0	0	0	242	0	0	0	0	0	0	0	0	0	0	0	0	0	0	0	0	0	0	0	0	0	0	0	0	0	0	0	0	0	0	0	96	0	1410	1206	4404	104	0	0	1608	800	0	0	0	0	0	0	0	0	0	0	0	0	0	0	0	0	0	0	0	0	0	0	0	0	0	0	0	0	0	0	0	0	0	0	0	0	0	0	
31268	Pallidum_R	0	432	0	2666	0	0	0	1724	0	0	0	206	0	0	0	0	0	112	0	1364	0	116	0	0	0	0	0	0	0	422	0	0	0	0	0	0	0	1084	0	222	0	0	0	0	0	0	0	0	0	0	0	0	0	182	0	276	0	0	0	0	0	0	0	0	0	0	0	0	0	0	140	1560	118	4564	0	0	0	196	0	0	0	0	0	0	0	0	0	0	0	250	0	0	0	0	0	0	0	0	0	0	0	0	0	0	0	0	0	0	0	0	0	0	0	0	0	0	
96660	Thalamus_L	9764	704	2646	656	0	0	6936	654	0	0	0	0	0	0	0	0	116	0	1052	112	0	0	0	0	0	0	0	0	302	96	0	0	0	0	780	1726	3122	2084	704	880	0	0	0	0	0	0	0	214	0	0	0	0	0	0	212	142	112	0	0	0	0	0	0	0	0	0	0	164	0	0	6686	1364	1968	182	1608	0	0	2856	0	0	0	0	0	0	0	0	0	0	0	0	0	0	0	0	0	136	0	352	0	0	0	0	0	0	0	0	0	0	0	0	0	0	0	0	0	0	
141124	Thalamus_R	902	786	1430	7450	0	0	612	924	0	0	0	624	0	0	0	0	0	0	1930	9042	0	0	0	0	0	0	0	0	0	260	0	0	0	582	438	1096	1022	7008	356	3890	0	338	0	0	0	0	0	388	0	0	0	0	0	0	82	1480	0	0	0	0	0	0	0	0	0	0	0	0	372	112	492	21488	728	1692	800	196	2856	0	0	0	0	0	0	0	0	114	0	0	0	352	0	0	0	0	0	234	0	486	0	0	0	0	0	0	0	0	0	0	0	0	0	0	0	0	0	0	
80704	Heschl_L	4354	0	538	92	0	0	1718	0	0	0	1376	0	0	0	0	0	3230	0	172	82	0	0	140	0	0	0	0	0	7462	0	0	0	0	0	322	196	2864	82	0	0	0	0	238	0	86	0	0	0	0	0	1234	0	934	0	0	0	3282	0	88	0	314	0	0	0	0	0	266	0	300	0	182	94	302	0	0	0	0	0	0	0	1622	0	0	0	4010	0	0	0	4772	0	0	0	0	0	0	0	0	0	0	0	0	0	0	0	0	0	0	0	0	0	0	0	0	0	0	0	
19652	Heschl_R	0	382	0	90	0	0	0	126	0	0	0	210	0	0	0	0	0	1666	0	0	0	0	0	0	0	0	0	0	0	1850	0	0	0	0	0	0	0	320	0	0	0	0	0	0	0	0	0	0	0	0	0	0	0	0	0	0	0	160	0	0	0	0	0	348	0	0	0	0	0	0	0	0	0	178	0	0	0	0	0	0	0	3646	0	0	0	594	0	0	0	256	0	0	0	0	0	0	0	0	0	0	0	0	0	0	0	0	0	0	0	0	0	0	0	0	0	0	
139284	Temporal_Sup_L	3038	0	1928	78	0	0	638	0	0	0	1052	0	90	0	124	0	6262	0	1384	100	0	0	102	0	0	0	0	0	5804	0	0	0	0	0	0	0	870	0	0	0	0	0	0	0	0	0	0	0	0	0	1150	0	94	0	656	0	4070	0	232	0	1352	0	6414	0	1558	0	0	0	142	0	206	0	1714	0	0	0	0	0	1622	0	0	0	2444	0	18560	0	0	0	7958	0	0	0	0	0	0	0	0	0	0	0	0	0	0	0	0	0	0	0	0	0	0	0	0	0	0	0	
100760	Temporal_Sup_R	0	1716	0	218	0	0	0	330	0	0	0	136	0	0	0	0	0	4130	0	236	0	0	0	0	0	0	0	0	0	4324	0	0	0	0	0	0	0	596	0	0	0	0	0	0	0	0	0	0	0	0	0	164	0	0	0	686	0	2558	0	0	0	204	0	5524	0	1636	0	402	0	264	0	0	0	468	0	0	0	0	0	3646	0	0	0	2556	0	15552	0	134	0	4900	0	0	0	0	0	0	0	0	0	0	0	0	0	0	0	0	0	0	0	0	0	0	0	0	0	0	
80132	Temporal_Pole_Sup_L	0	0	1840	0	182	0	626	0	92	0	2842	0	314	0	986	0	1228	0	326	0	186	0	472	0	0	0	0	0	5502	0	0	0	0	0	0	0	860	0	376	0	542	0	0	0	0	0	0	0	0	0	0	0	0	0	2928	0	0	0	0	0	0	0	0	0	0	0	0	0	0	0	322	132	1156	0	0	0	0	0	0	0	2444	0	0	0	6864	0	3688	0	6158	0	0	0	0	0	0	0	0	0	0	0	0	0	0	0	0	0	0	0	0	0	0	0	0	0	0	0	
61544	Temporal_Pole_Sup_R	0	0	0	232	0	0	0	0	0	0	0	488	0	0	0	546	0	702	0	206	0	264	0	0	0	0	0	0	0	1720	0	0	0	0	0	0	0	1862	0	3148	0	2932	0	0	0	0	0	0	0	0	0	0	0	0	0	6936	0	0	0	0	0	0	0	0	0	0	0	0	0	0	0	0	0	716	0	0	0	0	0	0	0	2556	0	0	0	2018	0	4542	0	1904	0	0	0	0	0	0	0	0	0	0	0	0	0	0	0	0	0	0	0	0	0	0	0	0	0	0	
329860	Temporal_Mid_L	4022	0	320	0	0	0	620	0	0	0	252	0	0	0	0	0	818	0	168	0	0	0	0	0	0	0	0	0	3390	0	0	0	206	0	1514	308	2454	0	0	0	0	0	4260	0	1040	0	3530	0	212	0	23528	0	5092	0	2036	0	2926	0	474	0	10334	0	15224	0	9442	0	3346	188	1590	0	116	0	288	0	0	0	0	0	4010	0	18560	0	6864	0	0	0	2854	0	34568	0	0	0	0	0	0	0	0	0	0	0	0	0	0	0	0	0	0	0	0	0	376	0	0	0	0	0	
196712	Temporal_Mid_R	144	2940	0	870	0	0	0	972	0	0	0	0	0	0	0	168	0	768	0	336	0	0	0	0	0	0	0	0	0	2460	0	0	0	92	0	150	0	2252	0	374	0	0	0	1502	0	0	0	704	0	654	0	11636	0	374	0	2514	0	1754	0	118	0	652	0	4728	0	5640	0	5512	282	528	0	0	0	362	0	0	0	114	0	594	0	15552	0	2018	0	0	0	1170	0	30422	0	0	0	0	0	0	0	0	0	0	0	0	0	0	0	0	0	0	0	0	0	0	0	0	0	0	
20372	Temporal_Pole_Mid_L	0	0	0	0	0	0	0	0	0	0	0	0	0	0	0	0	0	0	0	0	0	0	0	0	0	0	0	0	0	0	0	0	0	0	0	0	0	0	0	0	0	0	0	0	0	0	0	0	0	0	0	0	0	0	1346	0	0	0	0	0	0	0	0	0	0	0	0	0	0	0	0	0	0	0	0	0	0	0	0	0	0	0	3688	0	2854	0	0	0	2298	0	0	0	0	0	0	0	0	0	0	0	0	0	0	0	0	0	0	0	0	0	0	0	0	0	0	0	
27964	Temporal_Pole_Mid_R	0	0	0	0	0	0	0	0	0	0	0	0	0	0	0	0	0	0	0	0	0	0	0	0	0	0	0	0	0	0	0	0	0	0	0	0	0	692	0	1234	0	894	0	0	0	0	0	0	0	0	0	0	0	0	0	3326	0	0	0	0	0	0	0	0	0	0	0	0	0	0	0	0	0	76	0	0	0	0	0	0	0	134	0	4542	0	1170	0	0	0	1914	0	0	0	0	0	0	0	0	0	0	0	0	0	0	0	0	0	0	0	0	0	0	0	0	0	0	
253884	Temporal_Inf_L	3640	0	564	0	0	0	864	0	0	0	396	0	0	0	0	0	622	0	314	0	0	0	0	0	0	0	0	0	6470	0	0	0	0	0	1006	338	11104	0	440	0	1934	0	1238	0	504	0	384	0	0	0	4592	0	4346	0	14714	0	1982	0	200	0	2996	0	3640	0	176	0	1432	200	930	0	140	0	1782	0	0	0	0	0	4772	0	7958	0	6158	0	34568	0	2298	0	0	0	2484	0	150	0	0	0	0	0	1170	0	110	0	192	0	0	0	0	0	0	0	134	0	0	0	0	0	
270272	Temporal_Inf_R	2488	4770	148	1904	0	0	0	1680	0	0	0	0	0	0	0	0	0	692	316	660	0	0	0	0	0	0	0	0	90	2302	0	130	0	310	1224	1618	0	14894	0	2656	0	0	0	222	0	0	0	144	0	102	0	890	0	14910	0	24014	94	1478	0	108	0	370	0	2818	0	800	0	2332	3354	458	192	1200	0	3598	0	250	0	352	0	256	0	4900	0	1904	0	30422	0	1914	0	0	0	1390	0	128	0	0	0	0	0	242	0	86	0	102	0	0	0	0	0	0	224	0	0	0	0	0	
424676	Cerebelum_Crus1_L	0	0	0	0	0	0	0	0	0	0	0	0	0	0	0	0	0	0	0	0	0	0	0	0	0	0	0	0	0	0	0	0	0	0	0	0	190	0	396	0	0	0	0	0	0	0	7736	2966	0	0	704	0	1476	0	19122	226	0	0	0	0	0	0	0	0	0	0	0	0	0	0	0	0	0	0	0	0	0	0	0	0	0	0	0	0	0	0	0	0	2484	0	0	4718	26776	1112	180	194	23084	184	50870	4210	10746	82	22578	144	9304	0	1022	0	274	308	2592	5572	8314	2788	1986	0	
444732	Cerebelum_Crus1_R	0	0	0	0	0	0	0	0	0	0	0	0	0	0	0	0	0	0	0	0	0	0	0	0	0	0	0	0	0	0	0	0	0	0	0	0	0	0	0	0	0	0	0	0	0	0	1504	3886	0	0	152	0	194	128	424	8872	0	0	0	0	0	0	0	0	0	0	0	0	0	0	0	0	0	0	0	0	0	0	0	0	0	0	0	0	0	0	0	0	0	1390	4718	0	3290	29316	0	2218	1662	20978	5250	54708	634	9120	1698	23508	1588	8280	338	568	0	944	6478	10804	14268	3218	1994	236	
311416	Cerebelum_Crus2_L	0	0	0	0	0	0	0	0	0	0	0	0	0	0	0	0	0	0	0	0	0	0	0	0	0	0	0	0	0	0	0	0	0	0	0	0	0	0	0	0	0	0	0	0	0	0	1634	926	0	0	414	0	958	0	1352	0	0	0	0	0	0	0	0	0	0	0	0	0	0	0	0	0	0	0	0	0	0	0	0	0	0	0	0	0	0	0	0	0	150	0	26776	3290	0	10304	0	0	144	0	3716	946	37934	4120	38214	1022	9406	0	80	0	0	0	0	1422	10034	2762	104	0	
302472	Cerebelum_Crus2_R	0	0	0	0	0	0	0	0	0	0	0	0	0	0	0	0	0	0	0	0	0	0	0	0	0	0	0	0	0	0	0	0	0	0	0	0	0	0	0	0	0	0	0	0	0	0	0	306	0	0	0	0	0	0	0	98	0	0	0	0	0	0	0	0	0	0	0	0	0	0	0	0	0	0	0	0	0	0	0	0	0	0	0	0	0	0	0	0	0	128	1112	29316	10304	0	0	92	76	372	678	4184	6542	25878	5320	37014	880	9490	0	168	0	84	150	740	10872	5840	1592	0	
16648	Cerebelum_3_L	0	0	0	0	0	0	0	0	0	0	0	0	0	0	0	0	0	0	0	0	0	0	0	0	0	0	0	0	0	0	0	0	0	0	0	0	0	0	414	0	0	0	0	0	0	0	294	94	0	0	0	0	0	0	112	0	0	0	0	0	0	0	0	0	0	0	0	0	0	0	0	0	0	0	0	0	0	0	0	0	0	0	0	0	0	0	0	0	0	0	180	0	0	0	0	190	3888	0	428	0	0	0	0	0	110	126	0	0	834	1016	538	0	0	0	100	0	
41712	Cerebelum_3_R	0	0	0	0	0	0	0	0	0	0	0	0	0	0	0	0	0	0	0	0	0	0	0	0	0	0	0	0	0	0	0	0	0	0	0	114	0	362	0	874	0	0	0	0	0	0	0	1024	0	0	0	0	0	0	0	176	0	0	0	0	0	0	0	0	0	0	0	164	0	0	0	0	0	0	0	0	136	234	0	0	0	0	0	0	0	0	0	0	0	0	194	2218	0	92	190	0	608	4184	246	3534	0	0	0	0	0	944	0	0	598	3050	876	132	0	94	812	0	
275124	Cerebelum_4_5_L	0	0	0	0	0	0	0	0	0	0	0	0	0	0	0	0	0	0	0	0	0	0	0	0	0	0	0	0	0	0	0	0	0	0	312	0	676	82	1364	94	0	0	462	0	0	0	12280	3276	0	0	234	0	120	164	14620	712	0	0	0	0	0	0	0	0	0	0	398	0	0	0	0	0	0	0	0	0	0	0	0	0	0	0	0	0	0	0	0	0	0	0	23084	1662	144	76	3888	608	0	1732	34696	4184	416	0	696	0	3160	1424	916	0	840	1296	13554	5450	682	926	1740	1594	
184308	Cerebelum_4_5_R	106	0	0	0	0	0	0	0	0	0	0	0	0	0	0	0	0	0	0	0	0	0	0	0	0	0	0	0	0	0	0	0	0	0	116	524	240	1376	102	2834	0	0	0	412	0	0	680	6928	0	0	0	82	0	364	162	7172	0	0	0	0	0	0	0	0	0	0	0	1230	0	0	0	0	0	0	0	0	352	486	0	0	0	0	0	0	0	0	0	0	0	0	184	20978	0	372	0	4184	1732	0	572	28614	0	194	0	278	0	222	0	118	0	798	10110	318	0	0	90	224	
425600	Cerebelum_6_L	0	0	0	0	0	0	0	0	0	0	0	0	0	0	0	0	0	0	0	0	0	0	0	0	0	0	0	0	0	0	0	0	0	0	0	0	274	0	570	0	0	0	100	482	0	0	17410	7626	0	408	1310	368	2046	268	26324	912	0	0	0	0	0	0	0	0	0	0	0	86	0	0	0	0	0	0	0	0	0	0	0	0	0	0	0	0	0	0	0	0	1170	0	50870	5250	3716	678	428	246	34696	572	0	8312	2688	0	4978	236	5918	748	1904	0	296	352	7990	13644	6556	1606	1600	162	
393796	Cerebelum_6_R	0	0	0	0	0	0	0	0	0	0	0	0	0	0	0	0	0	0	0	0	0	0	0	0	0	0	0	0	0	0	0	0	0	0	0	0	0	0	0	0	0	0	0	118	0	0	3280	12774	0	0	206	192	278	870	1590	13688	0	0	0	0	0	0	0	0	0	0	0	0	0	0	0	0	0	0	0	0	0	0	0	0	0	0	0	0	0	0	0	0	0	242	4210	54708	946	4184	0	3534	4184	28614	8312	0	0	1192	160	4230	1782	2620	278	660	0	1016	13736	16564	8722	1776	1612	620	
228388	Cerebelum_7b_L	0	0	0	0	0	0	0	0	0	0	0	0	0	0	0	0	0	0	0	0	0	0	0	0	0	0	0	0	0	0	0	0	0	0	0	0	0	0	84	0	0	0	0	0	0	0	0	0	0	0	0	0	0	0	472	0	0	0	0	0	0	0	0	0	0	0	0	0	0	0	0	0	0	0	0	0	0	0	0	0	0	0	0	0	0	0	0	0	110	0	10746	634	37934	6542	0	0	416	0	2688	0	0	3884	33326	1180	4754	0	252	0	0	0	0	0	6440	4630	102	0	
158148	Cerebelum_7b_R	0	0	0	0	0	0	0	0	0	0	0	0	0	0	0	0	0	0	0	0	0	0	0	0	0	0	0	0	0	0	0	0	0	0	0	0	0	0	0	0	0	0	0	0	0	0	0	0	0	0	0	0	0	0	0	104	0	0	0	0	0	0	0	0	0	0	0	0	0	0	0	0	0	0	0	0	0	0	0	0	0	0	0	0	0	0	0	0	0	86	82	9120	4120	25878	0	0	0	194	0	1192	3884	0	2468	22652	222	2156	0	0	0	0	0	0	3338	3470	108	0	
317880	Cerebelum_8_L	0	0	0	0	0	0	0	0	0	0	0	0	0	0	0	0	0	0	0	0	0	0	0	0	0	0	0	0	0	0	0	0	0	0	0	0	0	0	0	0	0	0	0	0	0	0	0	0	0	0	0	0	0	0	888	0	0	0	0	0	0	0	0	0	0	0	0	0	0	0	0	0	0	0	0	0	0	0	0	0	0	0	0	0	0	0	0	0	192	0	22578	1698	38214	5320	0	0	696	0	4978	160	33326	2468	0	3210	22538	548	1294	0	0	0	0	108	7316	10860	2548	0	
254384	Cerebelum_8_R	0	0	0	0	0	0	0	0	0	0	0	0	0	0	0	0	0	0	0	0	0	0	0	0	0	0	0	0	0	0	0	0	0	0	0	0	0	0	0	0	0	0	0	0	0	0	0	0	0	0	0	0	0	0	0	108	0	0	0	0	0	0	0	0	0	0	0	0	0	0	0	0	0	0	0	0	0	0	0	0	0	0	0	0	0	0	0	0	0	102	144	23508	1022	37014	0	0	0	278	236	4230	1180	22652	3210	0	1130	20094	76	416	0	0	0	282	3738	5902	1870	0	
166596	Cerebelum_9_L	0	0	0	0	0	0	0	0	0	0	0	0	0	0	0	0	0	0	0	0	0	0	0	0	0	0	0	0	0	0	0	0	0	0	0	0	0	0	0	0	0	0	0	0	0	0	0	918	0	0	0	0	0	0	362	240	0	0	0	0	0	0	0	0	0	0	0	0	0	0	0	0	0	0	0	0	0	0	0	0	0	0	0	0	0	0	0	0	0	0	9304	1588	9406	880	110	0	3160	0	5918	1782	4754	222	22538	1130	0	1542	3340	0	0	0	1504	3586	3388	4040	3450	136	
138240	Cerebelum_9_R	0	0	0	0	0	0	0	0	0	0	0	0	0	0	0	0	0	0	0	0	0	0	0	0	0	0	0	0	0	0	0	0	0	0	0	0	0	0	0	0	0	0	0	0	0	0	104	258	0	0	0	0	0	0	80	164	0	0	0	0	0	0	0	0	0	0	0	0	0	0	0	0	0	0	0	0	0	0	0	0	0	0	0	0	0	0	0	0	0	0	0	8280	0	9490	126	944	1424	222	748	2620	0	2156	548	20094	1542	0	268	882	426	816	2162	2694	2354	3628	5224	1866	
23680	Cerebelum_10_L	0	0	0	0	0	0	0	0	0	0	0	0	0	0	0	0	0	0	0	0	0	0	0	0	0	0	0	0	0	0	0	0	0	0	0	0	0	0	0	0	0	0	0	0	0	0	0	0	0	0	0	0	0	0	164	0	0	0	0	0	0	0	0	0	0	0	0	0	0	0	0	0	0	0	0	0	0	0	0	0	0	0	0	0	0	0	0	0	0	0	1022	338	80	0	0	0	916	0	1904	278	252	0	1294	76	3340	268	0	0	0	0	132	742	440	298	296	0	
6364	Cerebelum_10_R	0	0	0	0	0	0	0	0	0	0	0	0	0	0	0	0	0	0	0	0	0	0	0	0	0	0	0	0	0	0	0	0	0	0	0	0	0	0	0	0	0	0	0	0	0	0	0	0	0	0	0	0	0	0	0	0	0	0	0	0	0	0	0	0	0	0	0	0	0	0	0	0	0	0	0	0	0	0	0	0	0	0	0	0	0	0	0	0	0	0	0	568	0	168	0	0	0	118	0	660	0	0	0	416	0	882	0	0	0	0	0	0	194	78	98	0	
15280	Vermis_1_2	0	0	0	0	0	0	0	0	0	0	0	0	0	0	0	0	0	0	0	0	0	0	0	0	0	0	0	0	0	0	0	0	0	0	0	0	0	0	0	0	0	0	0	0	0	0	0	0	0	0	0	0	0	0	112	0	0	0	0	0	0	0	0	0	0	0	0	0	0	0	0	0	0	0	0	0	0	0	0	0	0	0	0	0	0	0	0	0	0	0	274	0	0	0	834	598	840	0	296	0	0	0	0	0	0	426	0	0	0	2898	988	0	0	0	374	0	
32108	Vermis_3	0	0	0	0	0	0	0	0	0	0	0	0	0	0	0	0	0	0	0	0	0	0	0	0	0	0	0	0	0	0	0	0	0	0	0	0	138	0	208	96	0	0	0	0	0	0	94	168	0	0	0	0	0	0	136	0	0	0	0	0	0	0	0	0	0	0	0	0	0	0	0	0	0	0	0	0	0	0	0	0	0	0	0	0	0	0	0	0	0	0	308	944	0	84	1016	3050	1296	798	352	1016	0	0	0	0	0	816	0	0	2898	0	1640	128	0	90	702	76	
247484	Vermis_4_5	0	180	0	0	0	0	0	0	0	0	0	0	0	0	0	0	0	0	0	120	0	0	0	0	0	0	0	0	0	0	0	0	0	128	1598	5150	726	1014	600	398	0	0	2262	1044	0	0	4726	10162	0	96	496	294	196	1198	2770	4730	0	512	0	0	0	0	0	0	0	0	2206	6018	0	120	0	0	0	0	0	0	0	0	0	0	0	0	0	0	376	0	0	0	134	224	2592	6478	0	150	538	876	13554	10110	7990	13736	0	0	0	0	1504	2162	132	0	988	1640	0	7970	134	886	2090	2734	
222732	Vermis_6	0	0	0	0	0	0	0	0	0	0	0	0	0	0	0	0	0	0	0	0	0	0	0	0	0	0	0	0	0	0	0	0	0	0	0	0	0	0	0	0	0	0	0	494	0	0	5448	11770	0	414	380	426	472	550	2376	2682	0	0	0	0	0	0	0	0	0	0	0	92	0	0	0	0	0	0	0	0	0	0	0	0	0	0	0	0	0	0	0	0	0	0	5572	10804	1422	740	0	132	5450	318	13644	16564	0	0	108	282	3586	2694	742	0	0	128	7970	0	8748	1954	3000	2404	
230796	Vermis_7	0	0	0	0	0	0	0	0	0	0	0	0	0	0	0	0	0	0	0	0	0	0	0	0	0	0	0	0	0	0	0	0	0	0	0	0	0	0	0	0	0	0	0	0	0	0	1576	2766	0	0	204	0	250	0	730	780	0	0	0	0	0	0	0	0	0	0	0	0	0	0	0	0	0	0	0	0	0	0	0	0	0	0	0	0	0	0	0	0	0	0	8314	14268	10034	10872	0	0	682	0	6556	8722	6440	3338	7316	3738	3388	2354	440	194	0	0	134	8748	0	8802	4628	124	
