data	data	521496	233536	989320	942460	146592	71396	536420	381200	91992	30692	220732	166396	190976	108908	177780	85872	202316	89880	783268	916544	87796	103264	353660	325488	43256	97380	76292	69700	574580	291108	308476	460312	146724	580036	160208	182144	323504	364124	55212	186848	29428	48728	295576	338460	199448	294576	221168	431632	221824	382368	390648	251844	101140	90980	356312	425324	251092	213248	118392	96304	109148	144020	74276	88136	81812	124492	340984	532672	203888	151256	270728	375200	321684	386312	43736	51576	160188	148532	143164	32984	193772	75864	73792	32164	233544	157532	32936	24044	189248	148276	506120	478388	361184	423804	52540	72396	327468	203408	431048	367268	292276	171232	410956	342584	176652	126808	14048	3276	31696	61312	281008	202016	318280	228664	71424	12932	
data	data	Precentral_L	Precentral_R	Frontal_Sup_L	Frontal_Sup_R	Frontal_Sup_Orb_L	Frontal_Sup_Orb_R	Frontal_Mid_L	Frontal_Mid_R	Frontal_Mid_Orb_L	Frontal_Mid_Orb_R	Frontal_Inf_Oper_L	Frontal_Inf_Oper_R	Frontal_Inf_Tri_L	Frontal_Inf_Tri_R	Frontal_Inf_Orb_L	Frontal_Inf_Orb_R	Rolandic_Oper_L	Rolandic_Oper_R	Supp_Motor_Area_L	Supp_Motor_Area_R	Olfactory_L	Olfactory_R	Frontal_Sup_Medial_L	Frontal_Sup_Medial_R	Frontal_Med_Orb_L	Frontal_Med_Orb_R	Rectus_L	Rectus_R	Insula_L	Insula_R	Cingulum_Ant_L	Cingulum_Ant_R	Cingulum_Mid_L	Cingulum_Mid_R	Cingulum_Post_L	Cingulum_Post_R	Hippocampus_L	Hippocampus_R	ParaHippocampal_L	ParaHippocampal_R	Amygdala_L	Amygdala_R	Calcarine_L	Calcarine_R	Cuneus_L	Cuneus_R	Lingual_L	Lingual_R	Occipital_Sup_L	Occipital_Sup_R	Occipital_Mid_L	Occipital_Mid_R	Occipital_Inf_L	Occipital_Inf_R	Fusiform_L	Fusiform_R	Postcentral_L	Postcentral_R	Parietal_Sup_L	Parietal_Sup_R	Parietal_Inf_L	Parietal_Inf_R	SupraMarginal_L	SupraMarginal_R	Angular_L	Angular_R	Precuneus_L	Precuneus_R	Paracentral_Lobule_L	Paracentral_Lobule_R	Caudate_L	Caudate_R	Putamen_L	Putamen_R	Pallidum_L	Pallidum_R	Thalamus_L	Thalamus_R	Heschl_L	Heschl_R	Temporal_Sup_L	Temporal_Sup_R	Temporal_Pole_Sup_L	Temporal_Pole_Sup_R	Temporal_Mid_L	Temporal_Mid_R	Temporal_Pole_Mid_L	Temporal_Pole_Mid_R	Temporal_Inf_L	Temporal_Inf_R	Cerebelum_Crus1_L	Cerebelum_Crus1_R	Cerebelum_Crus2_L	Cerebelum_Crus2_R	Cerebelum_3_L	Cerebelum_3_R	Cerebelum_4_5_L	Cerebelum_4_5_R	Cerebelum_6_L	Cerebelum_6_R	Cerebelum_7b_L	Cerebelum_7b_R	Cerebelum_8_L	Cerebelum_8_R	Cerebelum_9_L	Cerebelum_9_R	Cerebelum_10_L	Cerebelum_10_R	Vermis_1_2	Vermis_3	Vermis_4_5	Vermis_6	Vermis_7	Vermis_8	Vermis_9	Vermis_10	
521496	Precentral_L	0	3984	29738	3084	0	0	29846	1194	0	0	18496	142	2982	0	1068	0	9518	322	19424	11668	0	0	380	0	0	0	0	0	15122	240	1100	770	532	10062	4208	2132	8144	1442	0	210	0	0	1374	0	380	0	0	284	0	0	118	0	138	0	1702	0	22592	552	0	0	348	0	390	154	0	0	2098	1096	19130	1590	5630	1170	5510	504	3204	118	9690	1366	3214	0	1026	0	0	0	188	0	0	0	430	0	0	0	0	0	0	0	0	0	0	0	0	0	0	0	0	0	0	0	0	0	944	0	0	0	0	0	
233536	Precentral_R	3984	0	4820	6090	0	0	114	7494	0	0	0	7148	0	128	0	0	0	1982	6538	3930	0	0	0	112	0	0	0	0	150	3630	0	612	610	1832	616	3736	154	8038	0	512	0	144	496	440	0	960	0	620	0	1420	0	480	0	274	0	3756	0	11988	0	588	0	3516	0	3624	0	0	0	6360	3088	3012	116	2030	0	4634	0	1090	474	2276	0	618	0	754	0	0	0	296	0	0	0	768	0	0	0	0	0	0	0	0	0	0	0	0	0	0	0	0	0	0	0	0	716	0	0	0	0	0	
989320	Frontal_Sup_L	29738	4820	0	9470	9786	0	77690	1952	5970	0	12318	454	10798	0	7704	190	6196	390	104626	14502	0	0	47016	3296	1796	188	918	0	28126	586	20332	6416	4066	5210	1760	312	7374	632	0	112	192	0	1252	0	0	0	0	140	0	0	0	0	0	0	1264	0	2032	638	0	0	198	186	160	258	0	0	1544	348	3860	0	13732	1562	27924	636	4004	230	3924	342	1948	0	1832	0	178	0	0	0	0	0	456	0	0	0	0	0	0	0	0	0	0	0	0	0	0	0	0	0	0	0	0	0	1076	0	0	0	0	0	
942460	Frontal_Sup_R	3084	6090	9470	0	0	2378	4550	56114	0	1508	0	10422	0	8814	150	5596	0	5000	20964	94804	0	0	12734	37328	0	2778	0	360	2296	13608	5490	39230	2248	32212	1122	2786	1962	6400	0	1398	0	0	506	0	0	0	0	186	0	0	0	0	0	0	422	388	646	930	0	0	286	252	0	264	0	0	534	1642	3400	0	3772	23620	620	20320	206	1346	1758	15622	1354	308	158	454	0	236	0	0	0	0	190	0	0	0	0	0	0	0	0	0	0	0	0	0	0	0	0	0	0	0	0	0	914	0	0	0	0	0	
146592	Frontal_Sup_Orb_L	0	0	9786	0	0	0	1320	0	12166	0	0	0	300	0	9742	0	0	0	454	0	2146	1302	2450	0	4400	234	8880	0	1862	0	3972	0	0	0	0	0	0	0	0	0	0	0	0	0	0	0	0	0	0	0	0	0	0	0	0	0	0	0	0	0	0	0	0	0	0	0	0	0	0	0	2946	1192	9612	0	0	148	0	0	0	0	0	0	384	0	0	0	0	0	0	0	0	0	0	0	0	0	0	0	0	0	0	0	0	0	0	0	0	0	0	0	0	0	0	0	0	0	
71396	Frontal_Sup_Orb_R	0	0	0	2378	0	0	0	554	0	3424	0	0	0	0	0	1662	0	0	0	622	216	948	850	3976	240	7154	210	6548	0	306	714	1342	0	0	0	0	0	0	0	0	0	0	0	0	0	0	0	0	0	0	0	0	0	0	0	0	0	0	0	0	0	0	0	0	0	0	0	0	0	0	152	2390	0	2012	0	0	0	0	0	0	0	0	0	0	0	0	0	0	0	0	0	0	0	0	0	0	0	0	0	0	0	0	0	0	0	0	0	0	0	0	0	0	0	0	0	0	
536420	Frontal_Mid_L	29846	114	77690	4550	1320	0	0	1980	4338	0	15004	0	26134	0	6120	0	2600	0	18408	2508	0	0	20066	976	0	0	0	0	18350	0	7300	1366	1382	790	1642	456	3844	744	0	140	0	0	1140	0	0	0	0	0	0	0	0	0	0	0	716	0	2382	0	0	0	270	0	110	0	0	0	1414	376	152	0	2270	390	3326	688	186	334	3230	610	1654	0	130	0	0	0	0	0	0	0	124	0	0	0	0	0	0	0	0	0	0	0	0	0	0	0	0	0	0	0	0	0	1040	0	0	0	0	0	
381200	Frontal_Mid_R	1194	7494	1952	56114	0	554	1980	0	0	1730	0	9084	0	15706	220	4048	0	1396	5390	14410	0	0	266	3230	0	0	0	0	962	6486	360	3430	280	6212	254	3102	562	7826	0	1402	0	0	182	0	0	0	0	372	0	0	0	0	0	0	196	426	384	1402	0	0	166	616	0	892	0	0	182	3268	158	0	2904	5364	224	8008	0	1168	200	7440	406	0	0	0	0	0	0	0	0	0	0	0	0	0	0	0	0	0	0	0	0	0	0	0	0	0	0	0	0	0	0	0	998	0	0	0	0	0	
91992	Frontal_Mid_Orb_L	0	0	5970	0	12166	0	4338	0	0	0	0	0	1204	0	11248	0	0	0	330	0	556	536	158	0	416	0	3578	0	820	0	304	0	0	0	0	0	0	0	0	0	0	0	0	0	0	0	0	0	0	0	0	0	0	0	0	0	0	0	0	0	0	0	0	0	0	0	0	0	0	0	812	472	2866	0	0	0	0	0	0	0	0	0	222	0	0	0	0	0	0	0	0	0	0	0	0	0	0	0	0	0	0	0	0	0	0	0	0	0	0	0	0	0	0	0	0	0	
30692	Frontal_Mid_Orb_R	0	0	0	1508	0	3424	0	1730	0	0	0	0	0	184	0	3798	0	0	114	946	0	0	0	464	0	390	0	668	0	124	0	228	0	0	0	0	0	0	0	0	0	0	0	0	0	0	0	0	0	0	0	0	0	0	0	0	0	0	0	0	0	0	0	0	0	0	0	0	0	0	0	698	0	1070	0	0	0	0	0	0	0	0	0	0	0	0	0	0	0	0	0	0	0	0	0	0	0	0	0	0	0	0	0	0	0	0	0	0	0	0	0	0	0	0	0	0	
220732	Frontal_Inf_Oper_L	18496	0	12318	0	0	0	15004	0	0	0	0	0	13136	0	1298	0	8040	0	10272	0	0	0	0	0	0	0	0	0	16762	0	0	0	0	0	206	0	2778	0	0	0	0	0	172	0	0	0	0	0	0	0	0	0	0	0	308	0	5380	0	0	0	0	0	0	0	0	0	184	0	0	0	0	0	450	0	0	0	1474	0	1092	0	2310	0	272	0	0	0	0	0	290	0	0	0	0	0	0	0	0	0	0	0	0	0	0	0	0	0	0	0	0	0	124	0	0	0	0	0	
166396	Frontal_Inf_Oper_R	142	7148	454	10422	0	0	0	9084	0	0	0	0	0	9074	0	0	0	5588	502	8908	0	0	0	0	0	0	0	0	0	15954	0	0	0	0	0	436	0	2236	0	548	0	0	0	0	0	0	0	0	0	0	0	0	0	0	0	158	0	1902	0	0	0	0	0	0	0	0	0	462	0	0	0	428	0	6308	0	570	0	368	0	304	0	1848	0	354	0	0	0	0	0	0	0	0	0	0	0	0	0	0	0	0	0	0	0	0	0	0	0	0	0	0	0	0	0	0	0	0	
190976	Frontal_Inf_Tri_L	2982	0	10798	0	300	0	26134	0	1204	0	13136	0	0	0	11460	0	514	0	5628	0	0	0	266	0	0	0	0	0	18378	0	364	0	0	0	0	0	1092	0	0	0	0	0	0	0	0	0	0	0	0	0	0	0	0	0	250	0	630	0	0	0	0	0	0	0	0	0	0	0	0	0	0	0	826	0	0	0	318	0	288	0	558	0	126	0	0	0	0	0	236	0	0	0	0	0	0	0	0	0	0	0	0	0	0	0	0	0	0	0	0	0	0	0	0	0	0	0	
108908	Frontal_Inf_Tri_R	0	128	0	8814	0	0	0	15706	0	184	0	9074	0	0	0	1808	0	0	340	6270	0	0	0	0	0	0	0	0	0	6580	0	0	0	588	0	0	0	596	0	236	0	0	0	0	0	0	0	0	0	0	0	0	0	0	0	0	0	0	0	0	0	0	0	0	0	0	0	0	0	0	0	362	0	3394	0	214	0	160	0	0	0	0	0	0	0	0	0	0	0	0	0	0	0	0	0	0	0	0	0	0	0	0	0	0	0	0	0	0	0	0	0	0	0	0	0	0	
177780	Frontal_Inf_Orb_L	1068	0	7704	150	9742	0	6120	220	11248	0	1298	0	11460	0	0	0	0	0	3194	0	2312	764	432	0	0	0	1752	0	16270	0	374	0	0	0	0	0	332	0	300	0	202	0	0	0	0	0	0	0	0	0	0	0	0	0	0	0	0	0	0	0	0	0	0	0	0	0	0	0	0	0	1668	690	8046	0	0	0	0	0	134	0	140	0	3270	0	0	0	0	0	0	0	0	0	0	0	0	0	0	0	0	0	0	0	0	0	0	0	0	0	0	0	0	0	0	0	0	0	
85872	Frontal_Inf_Orb_R	0	0	190	5596	0	1662	0	4048	0	3798	0	0	0	1808	0	0	0	0	1662	4272	0	1000	0	142	0	0	0	912	0	6116	0	392	0	1570	0	0	0	406	0	228	0	178	0	0	0	0	0	0	0	0	0	0	0	0	0	0	0	0	0	0	0	0	0	0	0	0	0	0	0	0	0	1518	0	5978	0	368	0	126	0	0	0	428	0	538	0	0	0	0	0	0	0	0	0	0	0	0	0	0	0	0	0	0	0	0	0	0	0	0	0	0	0	0	0	0	0	0	
202316	Rolandic_Oper_L	9518	0	6196	0	0	0	2600	0	0	0	8040	0	514	0	0	0	0	0	4106	0	0	0	0	0	0	0	0	0	18708	0	0	0	0	0	464	0	4060	0	0	0	0	0	418	0	0	0	0	0	400	0	1380	0	790	0	2346	0	10328	0	634	0	798	0	3586	0	122	0	662	0	508	0	184	0	724	0	162	0	2110	0	7938	0	8960	0	230	0	2566	0	0	0	1882	0	0	0	0	0	0	0	0	0	0	0	0	0	0	0	0	0	0	0	0	0	224	0	0	0	0	0	
89880	Rolandic_Oper_R	322	1982	390	5000	0	0	0	1396	0	0	0	5588	0	0	0	0	0	0	392	4438	0	0	0	0	0	0	0	0	0	8256	0	0	0	0	0	238	0	2016	0	340	0	0	0	0	0	146	0	152	0	0	0	0	0	0	0	424	0	2514	0	0	0	112	0	1080	0	0	0	642	0	0	0	198	0	2386	0	544	0	476	0	1954	0	3086	0	484	0	180	0	0	0	204	0	0	0	0	0	0	0	0	0	0	0	0	0	0	0	0	0	0	0	0	0	0	0	0	0	0	
783268	Supp_Motor_Area_L	19424	6538	104626	20964	454	0	18408	5390	330	114	10272	502	5628	340	3194	1662	4106	392	0	42942	0	0	7476	2214	136	0	0	0	21806	666	9560	9208	8006	25686	1274	1142	4560	428	0	0	184	0	476	0	0	0	0	0	0	0	0	0	0	0	814	0	1152	676	0	0	106	158	0	230	0	0	760	918	7152	260	10438	2998	18782	664	2196	174	2388	288	848	0	1690	0	150	0	0	0	0	0	334	0	0	0	0	0	0	0	0	0	0	0	0	0	0	0	0	0	0	0	0	0	350	0	0	0	0	0	
916544	Supp_Motor_Area_R	11668	3930	14502	94804	0	622	2508	14410	0	946	0	8908	0	6270	0	4272	0	4438	42942	0	0	0	1756	13468	0	1490	0	142	1464	11710	2336	25352	6666	69288	2562	6906	1490	1430	0	300	0	0	1020	974	546	632	0	374	0	336	0	246	0	0	244	328	516	4262	0	0	182	0	0	0	0	0	1134	7330	18238	13016	2900	23412	558	15662	142	992	746	5224	1002	310	0	450	0	238	0	0	0	0	112	0	0	0	0	0	0	0	0	0	0	0	0	0	0	0	0	0	0	0	0	0	566	0	0	0	0	0	
87796	Olfactory_L	0	0	0	0	2146	216	0	0	556	0	0	0	0	0	2312	0	0	0	0	0	0	6374	0	0	312	168	3308	764	2800	0	2430	1690	0	0	0	0	588	0	714	0	648	0	0	0	0	0	0	0	0	0	0	0	0	0	144	0	0	0	0	0	0	0	0	0	0	0	0	0	0	0	7194	5008	3182	1178	0	672	0	0	0	0	0	0	1494	0	0	0	0	0	0	0	0	0	0	0	0	0	0	0	0	0	0	0	0	0	0	0	0	0	0	0	0	0	0	0	0	0	
103264	Olfactory_R	0	0	0	0	1302	948	0	0	536	0	0	0	0	0	764	1000	0	0	0	0	6374	0	0	138	144	1422	2802	2424	0	1812	2282	3282	0	0	0	0	0	310	0	286	0	954	0	0	0	0	0	0	0	0	0	0	0	0	0	0	0	0	0	0	0	0	0	0	0	0	0	0	0	0	8428	7970	4102	2626	0	1498	0	0	0	0	0	0	0	228	0	0	0	0	0	0	0	0	0	0	0	0	0	0	0	0	0	0	0	0	0	0	0	0	0	0	0	0	0	0	0	0	
353660	Frontal_Sup_Medial_L	380	0	47016	12734	2450	850	20066	266	158	0	0	0	266	0	432	0	0	0	7476	1756	0	0	0	22798	3084	1160	694	0	540	0	24874	12590	4264	8624	0	0	0	0	0	0	0	0	0	0	0	0	0	0	0	0	0	0	0	0	0	0	0	0	0	0	0	0	0	0	0	0	0	0	0	0	1304	150	2898	0	0	0	0	0	0	0	0	0	0	0	0	0	0	0	0	0	0	0	0	0	0	0	0	0	0	0	0	0	0	0	0	0	0	0	0	0	0	0	0	0	0	0	
325488	Frontal_Sup_Medial_R	0	112	3296	37328	0	3976	976	3230	0	464	0	0	0	0	0	142	0	0	2214	13468	0	138	22798	0	214	6538	0	2354	0	0	7362	26760	704	16156	0	0	0	158	0	0	0	0	0	0	0	0	0	0	0	0	0	0	0	0	0	0	0	0	0	0	0	0	0	0	0	0	0	0	0	0	230	9020	0	4938	0	0	0	168	0	0	0	0	0	0	0	0	0	0	0	0	0	0	0	0	0	0	0	0	0	0	0	0	0	0	0	0	0	0	0	0	0	0	0	0	0	0	
43256	Frontal_Med_Orb_L	0	0	1796	0	4400	240	0	0	416	0	0	0	0	0	0	0	0	0	136	0	312	144	3084	214	0	1194	2896	0	0	0	5448	218	0	0	0	0	0	0	0	0	0	0	0	0	0	0	0	0	0	0	0	0	0	0	0	0	0	0	0	0	0	0	0	0	0	0	0	0	0	0	404	0	726	0	0	0	0	0	0	0	0	0	0	0	0	0	0	0	0	0	0	0	0	0	0	0	0	0	0	0	0	0	0	0	0	0	0	0	0	0	0	0	0	0	0	0	
97380	Frontal_Med_Orb_R	0	0	188	2778	234	7154	0	0	0	390	0	0	0	0	0	0	0	0	0	1490	168	1422	1160	6538	1194	0	218	7876	0	0	2232	6626	0	0	0	0	0	0	0	0	0	0	0	0	0	0	0	0	0	0	0	0	0	0	0	0	0	0	0	0	0	0	0	0	0	0	0	0	0	0	146	5348	0	3528	0	0	0	0	0	0	0	0	0	0	0	0	0	0	0	0	0	0	0	0	0	0	0	0	0	0	0	0	0	0	0	0	0	0	0	0	0	0	0	0	0	0	
76292	Rectus_L	0	0	918	0	8880	210	0	0	3578	0	0	0	0	0	1752	0	0	0	0	0	3308	2802	694	0	2896	218	0	682	360	0	3280	528	0	0	0	0	0	0	0	0	0	0	0	0	0	0	0	0	0	0	0	0	0	0	0	0	0	0	0	0	0	0	0	0	0	0	0	0	0	0	3358	1906	2414	126	0	236	0	0	0	0	0	0	0	0	0	0	0	0	0	0	0	0	0	0	0	0	0	0	0	0	0	0	0	0	0	0	0	0	0	0	0	0	0	0	0	0	
69700	Rectus_R	0	0	0	360	0	6548	0	0	0	668	0	0	0	0	0	912	0	0	0	142	764	2424	0	2354	0	7876	682	0	0	810	784	3568	0	0	0	0	0	0	0	0	0	0	0	0	0	0	0	0	0	0	0	0	0	0	0	0	0	0	0	0	0	0	0	0	0	0	0	0	0	0	688	3498	146	2626	0	0	0	0	0	0	0	0	0	0	0	0	0	0	0	0	0	0	0	0	0	0	0	0	0	0	0	0	0	0	0	0	0	0	0	0	0	0	0	0	0	0	
574580	Insula_L	15122	150	28126	2296	1862	0	18350	962	820	0	16762	0	18378	0	16270	0	18708	0	21806	1464	2800	0	540	0	0	0	360	0	0	0	816	184	0	0	3584	194	24356	350	926	0	2058	0	2934	0	0	0	124	132	0	0	724	0	934	0	6486	0	6286	0	0	0	294	0	2396	0	0	0	2992	174	288	0	1890	268	16142	244	0	0	6738	112	15724	0	10878	0	4592	0	2446	0	0	0	4890	0	0	0	0	0	0	0	0	0	0	0	0	0	0	0	0	0	0	0	0	0	2358	0	0	0	0	0	
291108	Insula_R	240	3630	586	13608	0	306	0	6486	0	124	0	15954	0	6580	0	6116	0	8256	666	11710	0	1812	0	0	0	0	0	810	0	0	0	250	0	252	126	2348	116	15208	0	5096	0	1898	0	0	0	0	0	468	0	0	0	0	0	0	0	3272	0	672	0	174	0	234	0	0	0	0	0	2860	0	0	170	1432	0	25122	0	612	224	1218	0	2286	0	2298	0	714	0	362	0	0	0	696	0	0	0	0	0	0	0	314	0	0	0	0	0	0	0	0	0	0	0	0	248	0	0	0	0	0	
308476	Cingulum_Ant_L	1100	0	20332	5490	3972	714	7300	360	304	0	0	0	364	0	374	0	0	0	9560	2336	2430	2282	24874	7362	5448	2232	3280	784	816	0	0	19812	7600	4648	502	0	0	0	0	0	0	0	0	0	0	0	0	0	0	0	0	0	0	0	0	0	0	0	0	0	0	0	0	0	0	0	172	0	0	0	7596	3440	7196	1388	0	170	0	0	0	0	0	0	0	0	0	0	0	0	0	0	0	0	0	0	0	0	0	0	0	0	0	0	0	0	0	0	0	0	0	0	0	0	0	0	0	0	
460312	Cingulum_Ant_R	770	612	6416	39230	0	1342	1366	3430	0	228	0	0	0	0	0	392	0	0	9208	25352	1690	3282	12590	26760	218	6626	528	3568	184	250	19812	0	3214	25556	0	258	0	518	0	0	0	0	0	0	0	0	0	0	0	0	0	0	0	0	0	0	0	0	0	0	0	0	0	0	0	0	0	310	0	0	3888	22072	1274	8048	0	606	152	406	0	0	0	0	0	0	0	0	0	0	0	0	0	0	0	0	0	0	0	0	0	0	0	0	0	0	0	0	0	0	0	0	0	0	0	0	0	0	
146724	Cingulum_Mid_L	532	610	4066	2248	0	0	1382	280	0	0	0	0	0	0	0	0	0	0	8006	6666	0	0	4264	704	0	0	0	0	0	0	7600	3214	0	11972	4304	974	0	0	0	0	0	0	2514	0	4282	516	0	0	154	304	146	120	0	0	0	0	0	0	0	0	0	0	0	0	0	0	4446	2068	1602	388	0	0	0	0	0	0	0	0	0	0	0	0	0	0	0	0	0	0	0	0	0	0	0	0	0	0	0	0	0	0	0	0	0	0	0	0	0	0	0	0	0	0	0	0	0	0	
580036	Cingulum_Mid_R	10062	1832	5210	32212	0	0	790	6212	0	0	0	0	0	588	0	1570	0	0	25686	69288	0	0	8624	16156	0	0	0	0	0	252	4648	25556	11972	0	3104	8306	120	0	0	0	0	0	712	1258	670	1950	0	550	0	1376	0	572	0	214	0	518	0	4834	0	0	0	0	0	0	0	0	1698	12734	16316	13070	0	666	0	204	0	0	0	108	0	0	0	0	0	0	0	0	0	0	0	0	0	0	0	0	0	0	0	0	0	0	0	0	0	0	0	0	0	0	0	0	380	0	0	0	0	0	
160208	Cingulum_Post_L	4208	616	1760	1122	0	0	1642	254	0	0	206	0	0	0	0	0	464	0	1274	2562	0	0	0	0	0	0	0	0	3584	126	502	0	4304	3104	0	4564	8418	1204	814	0	0	0	6664	0	2342	0	800	0	216	0	0	0	0	0	402	0	216	126	0	0	0	0	0	0	0	0	11776	552	3318	954	672	0	0	278	0	0	2268	1136	2884	0	166	0	0	0	0	0	0	0	0	0	0	0	0	0	0	0	182	0	0	0	0	0	0	0	0	0	0	0	0	0	4424	0	0	0	0	0	
182144	Cingulum_Post_R	2132	3736	312	2786	0	0	456	3102	0	0	0	436	0	0	0	0	0	238	1142	6906	0	0	0	0	0	0	0	0	194	2348	0	258	974	8306	4564	0	324	11238	0	602	0	0	316	1102	0	220	0	2598	0	0	0	0	0	0	0	508	0	2128	0	0	0	0	0	0	0	0	552	15138	858	4940	526	288	0	1846	0	0	3698	2586	162	0	0	0	0	0	0	0	0	0	0	0	0	0	0	0	0	0	0	0	0	0	0	0	0	0	0	0	0	0	0	0	3552	0	0	0	0	0	
323504	Hippocampus_L	8144	154	7374	1962	0	0	3844	562	0	0	2778	0	1092	0	332	0	4060	0	4560	1490	588	0	0	0	0	0	0	0	24356	116	0	0	0	120	8418	324	0	618	8248	166	5138	0	6538	0	184	0	4032	220	0	0	0	0	116	0	11260	0	1104	0	0	0	0	0	0	0	0	0	8322	294	712	0	1632	210	6440	308	618	0	9748	174	7406	0	4622	0	1436	0	1032	0	0	0	6854	0	0	0	0	0	0	0	296	0	122	0	0	0	0	0	0	0	0	0	0	0	3628	0	0	0	0	0	
364124	Hippocampus_R	1442	8038	632	6400	0	0	744	7826	0	0	0	2236	0	596	0	406	0	2016	428	1430	0	310	0	158	0	0	0	0	350	15208	0	518	0	0	1204	11238	618	0	0	26376	0	7392	148	2268	0	120	0	7302	0	220	0	0	0	254	0	18328	0	772	0	0	0	0	0	0	0	0	136	14304	0	122	818	590	212	17666	0	300	2780	6812	292	1724	0	1412	0	610	0	1342	0	282	0	3232	0	0	0	0	0	0	0	1702	0	108	0	0	0	0	0	0	0	0	0	0	2640	0	0	0	0	0	
55212	ParaHippocampal_L	0	0	0	0	0	0	0	0	0	0	0	0	0	0	300	0	0	0	0	0	714	0	0	0	0	0	0	0	926	0	0	0	0	0	814	0	8248	0	0	0	1630	0	1088	0	0	0	4692	0	0	0	0	0	0	0	4278	0	0	0	0	0	0	0	134	0	0	0	1710	0	0	0	0	0	166	0	0	0	678	0	0	0	0	0	926	0	0	0	308	0	306	0	0	0	0	0	0	0	342	0	132	0	0	0	0	0	0	0	0	0	0	0	214	0	0	0	0	0	
186848	ParaHippocampal_R	210	512	112	1398	0	0	140	1402	0	0	0	548	0	236	0	228	0	340	0	300	0	286	0	0	0	0	0	0	0	5096	0	0	0	0	0	602	166	26376	0	0	0	4670	0	2776	0	236	0	7630	0	410	0	174	0	406	0	14994	0	0	0	0	0	0	0	0	0	0	0	5676	0	0	132	0	0	7032	0	166	130	1366	0	1068	0	682	0	1502	0	842	0	1390	0	1302	0	0	0	0	0	0	0	2222	0	166	0	0	0	0	0	0	0	0	0	0	500	0	0	0	0	0	
29428	Amygdala_L	0	0	192	0	0	0	0	0	0	0	0	0	0	0	202	0	0	0	184	0	648	0	0	0	0	0	0	0	2058	0	0	0	0	0	0	0	5138	0	1630	0	0	0	0	0	0	0	0	0	0	0	0	0	0	0	2342	0	0	0	0	0	0	0	0	0	0	0	0	0	0	0	0	0	514	0	0	0	0	0	0	0	0	0	1074	0	0	0	0	0	732	0	0	0	0	0	0	0	0	0	0	0	0	0	0	0	0	0	0	0	0	0	0	0	0	0	0	0	
48728	Amygdala_R	0	144	0	0	0	0	0	0	0	0	0	0	0	0	0	178	0	0	0	0	0	954	0	0	0	0	0	0	0	1898	0	0	0	0	0	0	0	7392	0	4670	0	0	0	0	0	0	0	0	0	0	0	0	0	0	0	4810	0	0	0	0	0	0	0	0	0	0	0	0	0	0	0	0	0	1338	0	0	0	0	0	0	0	0	0	1376	0	0	0	612	0	992	0	0	0	0	0	0	0	0	0	0	0	0	0	0	0	0	0	0	0	0	0	0	0	0	0	0	
295576	Calcarine_L	1374	496	1252	506	0	0	1140	182	0	0	172	0	0	0	0	0	418	0	476	1020	0	0	0	0	0	0	0	0	2934	0	0	0	2514	712	6664	316	6538	148	1088	0	0	0	0	10584	19398	5070	10054	3032	12354	2150	19606	588	1964	224	2722	328	1020	0	424	0	342	0	0	0	0	0	19486	746	1308	404	524	0	0	0	0	0	0	0	2528	0	190	0	0	0	422	0	0	0	198	0	0	0	0	0	0	0	244	0	0	0	0	0	0	0	0	0	0	0	0	0	3928	0	0	0	0	0	
338460	Calcarine_R	0	440	0	0	0	0	0	0	0	0	0	0	0	0	0	0	0	0	0	974	0	0	0	0	0	0	0	0	0	0	0	0	0	1258	0	1102	0	2268	0	2776	0	0	10584	0	6924	23988	788	25624	0	25184	0	16756	0	3570	0	7094	0	2070	0	640	0	260	0	0	0	914	542	25194	0	1952	0	0	0	0	0	0	0	0	0	0	0	0	0	0	0	6630	0	0	0	1540	0	0	0	0	0	0	0	0	0	0	0	0	0	0	0	0	0	0	0	0	158	0	0	0	0	0	
199448	Cuneus_L	380	0	0	0	0	0	0	0	0	0	0	0	0	0	0	0	0	0	0	546	0	0	0	0	0	0	0	0	0	0	0	0	4282	670	2342	0	184	0	0	0	0	0	19398	6924	0	6954	906	1460	17914	2290	12928	262	1062	208	702	404	364	0	828	0	114	0	0	0	0	0	15236	814	2016	0	0	0	0	0	0	0	0	0	0	0	0	0	0	0	536	0	0	0	0	0	0	0	0	0	0	0	0	0	0	0	0	0	0	0	0	0	0	0	0	0	0	0	0	0	0	0	
294576	Cuneus_R	0	960	0	0	0	0	0	0	0	0	0	0	0	0	0	0	0	146	0	632	0	0	0	0	0	0	0	0	0	0	0	0	516	1950	0	220	0	120	0	236	0	0	5070	23988	6954	0	130	6872	0	39238	0	6854	0	1076	0	5288	0	2784	0	3684	0	1542	0	2324	0	818	4338	29218	0	1212	0	0	0	0	0	0	0	0	0	0	0	108	0	0	0	726	0	0	0	284	0	0	0	0	0	0	0	0	0	0	0	0	0	0	0	0	0	0	0	0	0	0	0	0	0	0	
221168	Lingual_L	0	0	0	0	0	0	0	0	0	0	0	0	0	0	0	0	0	0	0	0	0	0	0	0	0	0	0	0	124	0	0	0	0	0	800	0	4032	0	4692	0	0	0	10054	788	906	130	0	4032	2346	0	12596	0	3736	152	13468	636	0	0	108	0	130	0	0	0	0	0	4748	0	0	0	0	0	0	0	0	0	430	0	106	0	0	0	0	0	140	0	0	0	144	0	9372	748	338	0	278	0	9928	464	13874	1758	126	0	286	0	266	0	0	0	0	0	4536	3698	420	194	0	0	
431632	Lingual_R	284	620	140	186	0	0	0	372	0	0	0	0	0	0	0	0	0	152	0	374	0	0	0	0	0	0	0	0	132	468	0	0	0	550	0	2598	220	7302	0	7630	0	0	3032	25624	1460	6872	4032	0	0	13804	0	7588	120	5926	2410	24060	0	1080	0	974	0	0	0	0	0	530	0	14696	0	1074	0	0	150	396	0	0	322	654	0	0	0	0	0	0	0	364	0	0	0	776	6134	6578	978	1196	0	180	5596	8956	10062	14746	0	0	380	362	148	0	0	0	0	0	10866	10312	2156	194	0	0	
221824	Occipital_Sup_L	0	0	0	0	0	0	0	0	0	0	0	0	0	0	0	0	400	0	0	0	0	0	0	0	0	0	0	0	0	0	0	0	154	0	216	0	0	0	0	0	0	0	12354	0	17914	0	2346	0	0	0	39012	0	1516	0	124	0	2934	0	6864	0	2196	0	138	0	2052	0	15750	0	162	0	168	0	0	0	0	0	0	0	0	0	1512	0	0	0	4978	0	0	0	122	0	0	0	0	0	0	0	0	0	0	0	0	0	0	0	0	0	0	0	0	0	0	0	0	0	0	0	
382368	Occipital_Sup_R	0	1420	0	0	0	0	0	0	0	0	0	0	0	0	0	0	0	0	0	336	0	0	0	0	0	0	0	0	0	0	0	0	304	1376	0	0	0	220	0	410	0	0	2150	25184	2290	39238	0	13804	0	0	0	25392	0	1648	0	8314	0	5778	0	9958	0	6414	0	2410	0	8916	2898	29960	0	1392	0	0	0	0	0	0	0	0	0	0	0	124	0	0	0	978	0	0	0	270	0	0	0	0	0	0	0	0	0	0	0	0	0	0	0	0	0	0	0	0	0	0	0	0	0	0	
390648	Occipital_Mid_L	118	0	0	0	0	0	0	0	0	0	0	0	0	0	0	0	1380	0	0	0	0	0	0	0	0	0	0	0	724	0	0	0	146	0	0	0	0	0	0	0	0	0	19606	0	12928	0	12596	0	39012	0	0	0	20372	0	5876	0	9488	0	13064	0	5668	0	584	0	13370	0	16304	0	368	0	230	0	0	0	0	0	0	0	0	0	3334	0	0	0	17130	0	0	0	2810	0	0	0	0	0	0	0	0	0	216	0	0	0	0	0	0	0	0	0	0	0	0	0	0	0	0	0	
251844	Occipital_Mid_R	0	480	0	0	0	0	0	0	0	0	0	0	0	0	0	0	0	0	0	246	0	0	0	0	0	0	0	0	0	0	0	0	120	572	0	0	0	0	0	174	0	0	588	16756	262	6854	0	7588	0	25392	0	0	0	6360	0	5722	0	1268	0	1664	0	7406	0	0	0	16420	318	10182	0	794	0	0	0	0	0	0	0	0	0	0	0	330	0	0	0	12934	0	0	0	3492	0	0	0	0	0	0	0	0	0	0	0	0	0	0	0	0	0	0	0	0	0	0	0	0	0	0	
101140	Occipital_Inf_L	138	0	0	0	0	0	0	0	0	0	0	0	0	0	0	0	790	0	0	0	0	0	0	0	0	0	0	0	934	0	0	0	0	0	0	0	116	0	0	0	0	0	1964	0	1062	0	3736	120	1516	0	20372	0	0	0	5974	0	1802	0	660	0	530	0	224	0	0	0	2224	0	0	0	0	0	0	0	0	0	0	0	228	0	630	0	0	0	3978	0	0	0	2698	0	0	0	0	0	0	0	220	0	526	0	0	0	0	0	0	0	0	0	0	0	128	0	0	0	0	0	
90980	Occipital_Inf_R	0	274	0	0	0	0	0	0	0	0	0	0	0	0	0	0	0	0	0	0	0	0	0	0	0	0	0	0	0	0	0	0	0	214	0	0	0	254	0	406	0	0	224	3570	208	1076	152	5926	0	1648	0	6360	0	0	0	10270	0	450	0	0	0	132	0	0	0	264	0	3170	0	438	0	0	0	0	0	0	0	0	0	164	0	274	0	0	0	3154	0	0	0	5188	0	212	0	0	0	0	0	170	208	778	0	0	0	0	0	0	0	0	0	0	0	306	0	0	0	0	
356312	Fusiform_L	1702	0	1264	422	0	0	716	196	0	0	308	0	250	0	0	0	2346	0	814	244	144	0	0	0	0	0	0	0	6486	0	0	0	0	0	402	0	11260	0	4278	0	2342	0	2722	0	702	0	13468	2410	124	0	5876	0	5974	0	0	186	4850	0	120	0	1298	0	996	0	0	0	3368	0	368	0	280	0	524	0	0	0	122	0	2548	0	5406	0	2908	0	4494	0	2994	0	19890	0	20008	636	2290	328	116	0	6934	320	22760	842	1178	0	918	0	0	0	0	0	0	0	3382	2824	582	236	0	0	
425324	Fusiform_R	0	3756	0	388	0	0	0	426	0	0	0	158	0	0	0	0	0	424	0	328	0	0	0	0	0	0	0	0	0	3272	0	0	0	518	0	508	0	18328	0	14994	0	4810	328	7094	404	5288	636	24060	0	8314	0	5722	0	10270	186	0	0	2022	0	846	0	0	0	0	0	454	0	8598	0	1778	0	0	0	2474	0	0	0	396	0	2374	0	2356	0	2576	0	4826	0	2768	0	16574	600	14838	192	1328	0	0	796	9334	1596	19110	0	0	0	146	0	0	0	0	0	0	3164	2756	548	0	0	0	
251092	Postcentral_L	22592	0	2032	646	0	0	2382	384	0	0	5380	0	630	0	0	0	10328	0	1152	516	0	0	0	0	0	0	0	0	6286	0	0	0	0	0	216	0	1104	0	0	0	0	0	1020	0	364	0	0	0	2934	0	9488	0	1802	0	4850	0	0	0	10890	0	13570	0	7814	0	2952	0	4560	0	2104	0	1110	0	388	0	200	0	864	0	3304	0	2306	0	0	0	1104	0	0	0	274	0	0	0	0	0	0	0	0	0	0	0	0	0	0	0	0	0	0	0	0	0	0	0	0	0	0	0	
213248	Postcentral_R	552	11988	638	930	0	0	0	1402	0	0	0	1902	0	0	0	0	0	2514	676	4262	0	0	0	0	0	0	0	0	0	672	0	0	0	4834	126	2128	0	772	0	0	0	0	0	2070	0	2784	0	1080	0	5778	0	1268	0	450	0	2022	0	0	0	6070	0	8882	0	13060	0	348	408	14796	142	12504	0	0	0	570	0	0	0	212	0	142	0	282	0	0	0	0	0	0	0	242	0	0	0	0	0	0	0	0	0	0	0	0	0	0	0	0	0	0	0	0	118	0	0	0	0	0	
118392	Parietal_Sup_L	0	0	0	0	0	0	0	0	0	0	0	0	0	0	0	0	634	0	0	0	0	0	0	0	0	0	0	0	0	0	0	0	0	0	0	0	0	0	0	0	0	0	424	0	828	0	108	0	6864	0	13064	0	660	0	120	0	10890	0	0	0	9412	0	0	0	3430	0	10806	0	340	0	0	0	0	0	0	0	0	0	0	0	890	0	0	0	726	0	0	0	0	0	0	0	0	0	0	0	0	0	0	0	0	0	0	0	0	0	0	0	0	0	0	0	0	0	0	0	
96304	Parietal_Sup_R	0	588	0	0	0	0	0	0	0	0	0	0	0	0	0	0	0	0	0	0	0	0	0	0	0	0	0	0	0	174	0	0	0	0	0	0	0	0	0	0	0	0	0	640	0	3684	0	974	0	9958	0	1664	0	0	0	846	0	6070	0	0	0	7328	0	384	0	4244	1296	9838	0	464	0	0	0	0	0	0	0	0	0	0	0	0	0	0	0	0	0	0	0	0	0	0	0	0	0	0	0	0	0	0	0	0	0	0	0	0	0	0	0	0	0	0	0	0	0	0	
109148	Parietal_Inf_L	348	0	198	286	0	0	270	166	0	0	0	0	0	0	0	0	798	0	106	182	0	0	0	0	0	0	0	0	294	0	0	0	0	0	0	0	0	0	0	0	0	0	342	0	114	0	130	0	2196	0	5668	0	530	0	1298	0	13570	0	9412	0	0	0	8702	0	6710	0	204	0	0	0	126	0	0	0	0	0	0	0	0	0	890	0	0	0	1884	0	0	0	150	0	0	0	0	0	0	0	0	0	0	0	0	0	0	0	0	0	0	0	0	0	0	0	0	0	0	0	
144020	Parietal_Inf_R	0	3516	186	252	0	0	0	616	0	0	0	0	0	0	0	0	0	112	158	0	0	0	0	0	0	0	0	0	0	234	0	0	0	0	0	0	0	0	0	0	0	0	0	260	0	1542	0	0	0	6414	0	7406	0	132	0	0	0	8882	0	7328	0	0	0	10336	0	17780	378	2564	0	0	0	0	0	0	0	0	0	0	0	0	0	414	0	0	0	3352	0	0	0	148	0	0	0	0	0	0	0	0	0	0	0	0	0	0	0	0	0	0	0	0	0	0	0	0	0	0	
74276	SupraMarginal_L	390	0	160	0	0	0	110	0	0	0	0	0	0	0	0	0	3586	0	0	0	0	0	0	0	0	0	0	0	2396	0	0	0	0	0	0	0	0	0	134	0	0	0	0	0	0	0	0	0	138	0	584	0	224	0	996	0	7814	0	0	0	8702	0	0	0	2864	0	0	0	0	0	120	0	0	0	0	0	0	0	1012	0	3992	0	0	0	3550	0	0	0	366	0	0	0	0	0	0	0	0	0	0	0	0	0	0	0	0	0	0	0	0	0	0	0	0	0	0	0	
88136	SupraMarginal_R	154	3624	258	264	0	0	0	892	0	0	0	0	0	0	0	0	0	1080	230	0	0	0	0	0	0	0	0	0	0	0	0	0	0	0	0	0	0	0	0	0	0	0	0	0	0	2324	0	0	0	2410	0	0	0	0	0	0	0	13060	0	384	0	10336	0	0	0	2154	860	2792	0	112	0	0	0	0	0	0	0	0	0	0	0	2134	0	0	0	808	0	0	0	192	0	0	0	0	0	0	0	0	0	0	0	0	0	0	0	0	0	0	0	0	0	0	0	0	0	0	
81812	Angular_L	0	0	0	0	0	0	0	0	0	0	0	0	0	0	0	0	122	0	0	0	0	0	0	0	0	0	0	0	0	0	0	0	0	0	0	0	0	0	0	0	0	0	0	0	0	0	0	0	2052	0	13370	0	0	0	0	0	2952	0	3430	0	6710	0	2864	0	0	0	962	0	0	0	0	0	0	0	0	0	0	0	0	0	1630	0	0	0	6814	0	0	0	0	0	0	0	0	0	0	0	0	0	0	0	0	0	0	0	0	0	0	0	0	0	0	0	0	0	0	0	
124492	Angular_R	0	0	0	0	0	0	0	0	0	0	0	0	0	0	0	0	0	0	0	0	0	0	0	0	0	0	0	0	0	0	0	0	0	0	0	0	0	0	0	0	0	0	0	914	0	818	0	530	0	8916	0	16420	0	264	0	454	0	348	0	4244	0	17780	0	2154	0	0	174	1354	0	0	0	0	0	0	0	0	0	0	0	0	0	2032	0	0	0	5844	0	0	0	0	0	0	0	0	0	0	0	0	0	0	0	0	0	0	0	0	0	0	0	0	0	0	0	0	0	0	
340984	Precuneus_L	2098	0	1544	534	0	0	1414	182	0	0	184	0	0	0	0	0	662	0	760	1134	0	0	0	0	0	0	0	0	2992	0	172	0	4446	1698	11776	552	8322	136	1710	0	0	0	19486	542	15236	4338	4748	0	15750	2898	16304	318	2224	0	3368	0	4560	408	10806	1296	204	378	0	860	962	174	0	7274	4142	650	544	0	0	0	0	0	0	0	2522	0	1038	0	0	0	4164	0	0	0	224	0	0	0	0	0	0	0	276	0	126	0	0	0	0	0	0	0	0	0	0	0	4356	0	0	0	0	0	
532672	Precuneus_R	1096	6360	348	1642	0	0	376	3268	0	0	0	462	0	0	0	0	0	642	918	7330	0	0	0	0	0	0	0	0	174	2860	0	310	2068	12734	552	15138	294	14304	0	5676	0	0	746	25194	814	29218	0	14696	0	29960	0	10182	0	3170	0	8598	0	14796	0	9838	0	2564	0	2792	0	1354	7274	0	368	11418	436	322	0	1956	0	0	1338	1344	164	466	0	824	0	0	0	3382	0	0	0	1736	0	0	0	0	0	0	0	728	0	0	0	0	0	0	0	0	0	0	0	0	4106	0	0	0	0	0	
203888	Paracentral_Lobule_L	19130	3088	3860	3400	0	0	152	158	0	0	0	0	0	0	0	0	508	0	7152	18238	0	0	0	0	0	0	0	0	288	0	0	0	1602	16316	3318	858	712	0	0	0	0	0	1308	0	2016	0	0	0	162	0	368	0	0	0	368	0	2104	142	340	0	0	0	0	0	0	0	4142	368	0	3606	1472	388	446	0	506	0	4752	412	112	0	152	0	0	0	0	0	0	0	0	0	0	0	0	0	0	0	0	0	0	0	0	0	0	0	0	0	0	0	0	0	0	0	0	0	0	0	
151256	Paracentral_Lobule_R	1590	3012	0	0	0	0	0	0	0	0	0	0	0	0	0	0	0	0	260	13016	0	0	0	0	0	0	0	0	0	0	0	0	388	13070	954	4940	0	122	0	0	0	0	404	1952	0	1212	0	1074	0	1392	0	794	0	438	0	1778	0	12504	0	464	0	0	0	112	0	0	650	11418	3606	0	0	0	0	0	0	0	0	0	0	0	0	0	0	0	0	0	0	0	0	232	0	0	0	0	0	0	0	0	0	0	0	0	0	0	0	0	0	0	0	0	246	0	0	0	0	0	
270728	Caudate_L	5630	116	13732	3772	2946	152	2270	2904	812	0	0	0	0	0	1668	0	184	0	10438	2900	7194	8428	1304	230	404	146	3358	688	1890	170	7596	3888	0	0	672	526	1632	818	0	132	0	0	524	0	0	0	0	0	168	0	230	0	0	0	280	0	1110	0	0	0	126	0	120	0	0	0	544	436	1472	0	0	10494	16420	2386	2736	1910	5970	1872	1182	0	204	0	0	0	0	0	0	0	0	0	0	0	0	0	0	0	0	0	0	0	0	0	0	0	0	0	0	0	0	0	580	0	0	0	0	0	
375200	Caudate_R	1170	2030	1562	23620	1192	2390	390	5364	472	698	0	428	0	362	690	1518	0	198	2998	23412	5008	7970	150	9020	0	5348	1906	3498	268	1432	3440	22072	0	666	0	288	210	590	0	0	0	0	0	0	0	0	0	0	0	0	0	0	0	0	0	0	0	0	0	0	0	0	0	0	0	0	0	322	388	0	10494	0	4706	22698	164	5322	1546	11478	122	0	0	0	0	0	0	0	0	0	0	0	0	0	0	0	0	0	0	0	0	0	0	0	0	0	0	0	0	0	0	0	0	0	0	0	0	0	
321684	Putamen_L	5510	0	27924	620	9612	0	3326	224	2866	0	450	0	826	0	8046	0	724	0	18782	558	3182	4102	2898	0	726	0	2414	146	16142	0	7196	1274	0	0	0	0	6440	212	166	0	514	0	0	0	0	0	0	150	0	0	0	0	0	0	524	0	388	0	0	0	0	0	0	0	0	0	0	0	446	0	16420	4706	0	900	5896	960	2124	0	178	0	948	0	2116	0	0	0	0	0	206	0	0	0	0	0	0	0	0	0	0	0	0	0	0	0	0	0	0	0	0	0	0	0	0	0	0	0	
386312	Putamen_R	504	4634	636	20320	0	2012	688	8008	0	1070	0	6308	0	3394	0	5978	0	2386	664	15662	1178	2626	0	4938	0	3528	126	2626	244	25122	1388	8048	0	204	278	1846	308	17666	0	7032	0	1338	0	0	0	0	0	396	0	0	0	0	0	0	0	2474	0	570	0	0	0	0	0	0	0	0	0	1956	0	0	2386	22698	900	0	0	5900	370	3184	218	228	0	220	0	140	0	0	0	0	0	0	0	0	0	0	0	0	0	456	0	0	0	0	0	0	0	0	0	0	0	0	300	0	0	0	0	0	
43736	Pallidum_L	3204	0	4004	206	0	0	186	0	0	0	0	0	0	0	0	0	162	0	2196	142	0	0	0	0	0	0	0	0	0	0	0	0	0	0	0	0	618	0	0	0	0	0	0	0	0	0	0	0	0	0	0	0	0	0	0	0	200	0	0	0	0	0	0	0	0	0	0	0	506	0	2736	164	5896	0	0	0	1648	0	0	0	0	0	0	0	0	0	0	0	0	0	0	0	0	0	0	0	0	0	0	0	0	0	0	0	0	0	0	0	0	0	0	0	0	0	0	0	
51576	Pallidum_R	118	1090	230	1346	148	0	334	1168	0	0	0	570	0	214	0	368	0	544	174	992	672	1498	0	0	0	0	236	0	0	612	170	606	0	0	0	0	0	300	0	166	0	0	0	0	0	0	0	0	0	0	0	0	0	0	0	0	0	0	0	0	0	0	0	0	0	0	0	0	0	0	1910	5322	960	5900	0	0	0	140	0	0	0	0	0	0	0	0	0	0	0	0	0	0	0	0	0	0	0	0	0	0	0	0	0	0	0	0	0	0	0	0	0	0	0	0	0	0	
160188	Thalamus_L	9690	474	3924	1758	0	0	3230	200	0	0	1474	0	318	0	0	0	2110	0	2388	746	0	0	0	0	0	0	0	0	6738	224	0	152	0	0	2268	3698	9748	2780	678	130	0	0	0	0	0	0	430	322	0	0	0	0	0	0	122	0	864	0	0	0	0	0	0	0	0	0	0	1338	4752	0	5970	1546	2124	370	1648	0	0	6190	672	0	886	0	0	0	0	0	0	0	132	0	0	0	0	0	0	0	0	0	0	0	0	0	0	0	0	0	0	0	0	0	0	0	0	0	0	0	
148532	Thalamus_R	1366	2276	342	15622	0	0	610	7440	0	0	0	368	0	160	0	126	0	476	288	5224	0	0	0	168	0	0	0	0	112	1218	0	406	0	108	1136	2586	174	6812	0	1366	0	0	0	0	0	0	0	654	0	0	0	0	0	0	0	396	0	212	0	0	0	0	0	0	0	0	0	1344	412	0	1872	11478	0	3184	0	140	6190	0	0	0	0	0	0	0	0	0	0	0	0	0	0	0	0	0	0	0	0	0	0	0	0	0	0	0	0	0	0	0	0	0	0	0	0	0	0	0	
143164	Heschl_L	3214	0	1948	1354	0	0	1654	406	0	0	1092	0	288	0	134	0	7938	0	848	1002	0	0	0	0	0	0	0	0	15724	0	0	0	0	0	2884	162	7406	292	0	0	0	0	2528	0	0	0	106	0	0	0	0	0	228	0	2548	0	3304	0	0	0	0	0	1012	0	0	0	2522	164	112	0	1182	122	178	218	0	0	672	0	0	0	4006	0	0	0	2132	0	0	0	2156	0	0	0	0	0	0	0	0	0	0	0	0	0	0	0	0	0	0	0	0	0	2046	0	0	0	0	0	
32984	Heschl_R	0	618	0	308	0	0	0	0	0	0	0	304	0	0	0	0	0	1954	0	310	0	0	0	0	0	0	0	0	0	2286	0	0	0	0	0	0	0	1724	0	1068	0	0	0	0	0	0	0	0	0	0	0	0	0	164	0	2374	0	142	0	0	0	0	0	0	0	0	0	466	0	0	0	0	0	228	0	0	0	0	0	0	0	3138	0	0	0	178	0	0	0	1230	0	0	0	0	0	0	0	0	0	0	0	0	0	0	0	0	0	0	0	0	0	0	0	0	0	0	
193772	Temporal_Sup_L	1026	0	1832	158	0	0	130	0	0	0	2310	0	558	0	140	0	8960	0	1690	0	0	0	0	0	0	0	0	0	10878	0	0	0	0	0	166	0	4622	0	0	0	0	0	190	0	0	0	0	0	1512	0	3334	0	630	0	5406	0	2306	0	890	0	890	0	3992	0	1630	0	1038	0	152	0	204	0	948	0	0	0	886	0	4006	0	0	0	3008	0	23648	0	0	0	9496	0	0	0	0	0	0	0	0	0	250	0	0	0	0	0	0	0	0	0	0	0	0	0	0	0	0	0	
75864	Temporal_Sup_R	0	754	0	454	0	0	0	0	0	0	0	1848	0	0	0	428	0	3086	0	450	0	0	0	0	0	0	0	0	0	2298	0	0	0	0	0	0	0	1412	0	682	0	0	0	0	0	108	0	0	0	124	0	330	0	274	0	2356	0	282	0	0	0	414	0	2134	0	2032	0	824	0	0	0	0	0	220	0	0	0	0	0	3138	0	0	0	1564	0	8032	0	134	0	4554	0	0	0	0	0	0	0	0	0	0	0	0	0	0	0	0	0	0	0	0	0	0	0	0	0	0	
73792	Temporal_Pole_Sup_L	0	0	178	0	384	0	0	0	222	0	272	0	126	0	3270	0	230	0	150	0	1494	0	0	0	0	0	0	0	4592	0	0	0	0	0	0	0	1436	0	926	0	1074	0	0	0	0	0	0	0	0	0	0	0	0	0	2908	0	0	0	0	0	0	0	0	0	0	0	0	0	0	0	0	0	2116	0	0	0	0	0	0	0	3008	0	0	0	5514	0	4868	0	4128	0	0	0	0	0	0	0	0	0	0	0	0	0	0	0	0	0	0	0	0	0	0	0	0	0	0	0	
32164	Temporal_Pole_Sup_R	0	0	0	236	0	0	0	0	0	0	0	354	0	0	0	538	0	484	0	238	0	228	0	0	0	0	0	0	0	714	0	0	0	0	0	0	0	610	0	1502	0	1376	0	0	0	0	0	0	0	0	0	0	0	0	0	2576	0	0	0	0	0	0	0	0	0	0	0	0	0	0	0	0	0	140	0	0	0	0	0	0	0	1564	0	0	0	838	0	3620	0	1064	0	0	0	0	0	0	0	0	0	0	0	0	0	0	0	0	0	0	0	0	0	0	0	0	0	0	
233544	Temporal_Mid_L	188	0	0	0	0	0	0	0	0	0	0	0	0	0	0	0	2566	0	0	0	0	0	0	0	0	0	0	0	2446	0	0	0	0	0	0	0	1032	0	0	0	0	0	422	0	536	0	140	0	4978	0	17130	0	3978	0	4494	0	1104	0	726	0	1884	0	3550	0	6814	0	4164	0	0	0	0	0	0	0	0	0	0	0	2132	0	23648	0	5514	0	0	0	3636	0	25690	0	0	0	0	0	0	0	0	0	0	0	0	0	0	0	0	0	0	0	0	0	0	0	0	0	0	0	
157532	Temporal_Mid_R	0	296	0	0	0	0	0	0	0	0	0	0	0	0	0	0	0	180	0	0	0	0	0	0	0	0	0	0	0	362	0	0	0	0	0	0	0	1342	0	842	0	0	0	6630	0	726	0	364	0	978	0	12934	0	3154	0	4826	0	0	0	0	0	3352	0	808	0	5844	0	3382	0	0	0	0	0	0	0	0	0	0	0	178	0	8032	0	838	0	0	0	1644	0	22054	0	0	0	0	0	0	0	0	0	0	0	0	0	0	0	0	0	0	0	0	0	0	0	0	0	0	
32936	Temporal_Pole_Mid_L	0	0	0	0	0	0	0	0	0	0	0	0	0	0	0	0	0	0	0	0	0	0	0	0	0	0	0	0	0	0	0	0	0	0	0	0	0	0	308	0	0	0	0	0	0	0	0	0	0	0	0	0	0	0	2994	0	0	0	0	0	0	0	0	0	0	0	0	0	0	0	0	0	0	0	0	0	0	0	0	0	0	0	4868	0	3636	0	0	0	4662	0	0	0	0	0	0	0	0	0	0	0	0	0	0	0	0	0	0	0	0	0	0	0	0	0	0	0	
24044	Temporal_Pole_Mid_R	0	0	0	0	0	0	0	0	0	0	0	0	0	0	0	0	0	0	0	0	0	0	0	0	0	0	0	0	0	0	0	0	0	0	0	0	0	282	0	1390	0	612	0	0	0	0	0	0	0	0	0	0	0	0	0	2768	0	0	0	0	0	0	0	0	0	0	0	0	0	0	0	0	0	0	0	0	0	0	0	0	0	134	0	3620	0	1644	0	0	0	1572	0	0	0	0	0	0	0	0	0	0	0	0	0	0	0	0	0	0	0	0	0	0	0	0	0	0	
189248	Temporal_Inf_L	430	0	456	190	0	0	124	0	0	0	290	0	236	0	0	0	1882	0	334	112	0	0	0	0	0	0	0	0	4890	0	0	0	0	0	0	0	6854	0	306	0	732	0	198	0	0	0	144	0	122	0	2810	0	2698	0	19890	0	274	0	0	0	150	0	366	0	0	0	224	0	0	0	0	0	206	0	0	0	132	0	2156	0	9496	0	4128	0	25690	0	4662	0	0	0	2136	0	504	0	0	0	290	0	1086	0	280	0	146	0	0	0	0	0	0	0	0	0	0	0	0	0	
148276	Temporal_Inf_R	0	768	0	0	0	0	0	0	0	0	0	0	0	0	0	0	0	204	0	0	0	0	0	0	0	0	0	0	0	696	0	0	0	0	0	0	0	3232	0	1302	0	992	0	1540	0	284	0	776	0	270	0	3492	0	5188	0	16574	0	242	0	0	0	148	0	192	0	0	0	1736	0	232	0	0	0	0	0	0	0	0	0	1230	0	4554	0	1064	0	22054	0	1572	0	0	0	3568	0	528	0	106	0	428	0	1166	0	0	0	0	0	0	0	0	0	0	0	0	0	0	0	0	
506120	Cerebelum_Crus1_L	0	0	0	0	0	0	0	0	0	0	0	0	0	0	0	0	0	0	0	0	0	0	0	0	0	0	0	0	0	0	0	0	0	0	0	0	0	0	0	0	0	0	0	0	0	0	9372	6134	0	0	0	0	0	0	20008	600	0	0	0	0	0	0	0	0	0	0	0	0	0	0	0	0	0	0	0	0	0	0	0	0	0	0	0	0	0	0	0	0	2136	0	0	7118	38570	7108	1384	202	22500	1614	54874	6786	20002	1782	16838	2956	2258	266	226	0	0	0	6314	11548	9378	2794	292	0	
478388	Cerebelum_Crus1_R	0	0	0	0	0	0	0	0	0	0	0	0	0	0	0	0	0	0	0	0	0	0	0	0	0	0	0	0	0	0	0	0	0	0	0	0	0	0	0	0	0	0	0	0	0	0	748	6578	0	0	0	0	0	212	636	14838	0	0	0	0	0	0	0	0	0	0	0	0	0	0	0	0	0	0	0	0	0	0	0	0	0	0	0	0	0	0	0	0	0	3568	7118	0	6796	53390	244	1620	2168	16620	4586	47700	4352	10194	5532	22262	700	3776	0	0	0	224	2422	7714	11360	3276	560	0	
361184	Cerebelum_Crus2_L	0	0	0	0	0	0	0	0	0	0	0	0	0	0	0	0	0	0	0	0	0	0	0	0	0	0	0	0	0	0	0	0	0	0	0	0	0	0	0	0	0	0	0	0	0	0	338	978	0	0	0	0	0	0	2290	192	0	0	0	0	0	0	0	0	0	0	0	0	0	0	0	0	0	0	0	0	0	0	0	0	0	0	0	0	0	0	0	0	504	0	38570	6796	0	12980	594	0	5122	132	11298	1724	34636	5688	26160	6792	2072	288	0	0	0	0	368	2444	12826	7800	0	0	
423804	Cerebelum_Crus2_R	0	0	0	0	0	0	0	0	0	0	0	0	0	0	0	0	0	0	0	0	0	0	0	0	0	0	0	0	0	0	0	0	0	0	0	0	0	0	0	0	0	0	0	0	0	0	0	1196	0	0	0	0	0	0	328	1328	0	0	0	0	0	0	0	0	0	0	0	0	0	0	0	0	0	0	0	0	0	0	0	0	0	0	0	0	0	0	0	0	0	528	7108	53390	12980	0	652	796	2926	3052	2104	12466	9262	21404	13290	31706	2384	3960	0	0	0	222	854	2756	16726	9812	672	0	
52540	Cerebelum_3_L	0	0	0	0	0	0	0	0	0	0	0	0	0	0	0	0	0	0	0	0	0	0	0	0	0	0	0	0	0	0	0	0	0	0	0	0	0	0	0	0	0	0	0	0	0	0	278	0	0	0	0	0	0	0	116	0	0	0	0	0	0	0	0	0	0	0	0	0	0	0	0	0	0	0	0	0	0	0	0	0	0	0	0	0	0	0	0	0	0	0	1384	244	594	652	0	318	7666	0	1742	0	700	0	1604	726	2008	200	0	0	1074	2288	1422	270	1526	1136	322	0	
72396	Cerebelum_3_R	0	0	0	0	0	0	0	0	0	0	0	0	0	0	0	0	0	0	0	0	0	0	0	0	0	0	0	0	0	0	0	0	0	0	0	0	0	0	0	0	0	0	0	0	0	0	0	180	0	0	0	0	0	0	0	0	0	0	0	0	0	0	0	0	0	0	0	0	0	0	0	0	0	0	0	0	0	0	0	0	0	0	0	0	0	0	0	0	0	106	202	1620	0	796	318	0	1038	5236	242	4554	0	0	1434	1590	1330	2870	0	0	1708	5838	960	178	1918	2180	1900	0	
327468	Cerebelum_4_5_L	0	0	0	0	0	0	0	0	0	0	0	0	0	0	0	0	0	0	0	0	0	0	0	0	0	0	0	0	0	0	0	0	0	0	182	0	296	0	342	0	0	0	244	0	0	0	9928	5596	0	0	0	0	220	0	6934	796	0	0	0	0	0	0	0	0	0	0	276	0	0	0	0	0	0	0	0	0	0	0	0	0	0	0	0	0	0	0	0	0	290	0	22500	2168	5122	2926	7666	1038	0	2300	32288	3056	3760	402	7118	3004	6512	1310	0	0	1190	2526	15752	4904	7198	3772	1600	518	
203408	Cerebelum_4_5_R	0	0	0	0	0	0	0	0	0	0	0	0	0	0	0	0	0	0	0	0	0	0	0	0	0	0	0	0	0	314	0	0	0	0	0	0	0	1702	0	2222	0	0	0	0	0	0	464	8956	0	0	0	0	0	170	320	9334	0	0	0	0	0	0	0	0	0	0	0	728	0	0	0	0	0	456	0	0	0	0	0	0	0	0	0	0	0	0	0	0	0	428	1614	16620	132	3052	0	5236	2300	0	2328	28896	0	0	948	910	764	794	0	0	0	678	7378	2044	1336	882	698	0	
431048	Cerebelum_6_L	0	0	0	0	0	0	0	0	0	0	0	0	0	0	0	0	0	0	0	0	0	0	0	0	0	0	0	0	0	0	0	0	0	0	0	0	122	0	132	0	0	0	0	0	0	0	13874	10062	0	0	216	0	526	208	22760	1596	0	0	0	0	0	0	0	0	0	0	126	0	0	0	0	0	0	0	0	0	0	0	0	0	250	0	0	0	0	0	0	0	1086	0	54874	4586	11298	2104	1742	242	32288	2328	0	9018	5146	156	4900	1006	1042	126	0	0	0	150	11870	15568	4894	922	152	154	
367268	Cerebelum_6_R	0	0	0	0	0	0	0	0	0	0	0	0	0	0	0	0	0	0	0	0	0	0	0	0	0	0	0	0	0	0	0	0	0	0	0	0	0	108	0	166	0	0	0	0	0	0	1758	14746	0	0	0	0	0	778	842	19110	0	0	0	0	0	0	0	0	0	0	0	0	0	0	0	0	0	0	0	0	0	0	0	0	0	0	0	0	0	0	0	0	0	1166	6786	47700	1724	12466	0	4554	3056	28896	9018	0	178	368	780	2356	154	510	0	0	0	348	7078	13624	4862	502	0	0	
292276	Cerebelum_7b_L	0	0	0	0	0	0	0	0	0	0	0	0	0	0	0	0	0	0	0	0	0	0	0	0	0	0	0	0	0	0	0	0	0	0	0	0	0	0	0	0	0	0	0	0	0	0	126	0	0	0	0	0	0	0	1178	0	0	0	0	0	0	0	0	0	0	0	0	0	0	0	0	0	0	0	0	0	0	0	0	0	0	0	0	0	0	0	0	0	280	0	20002	4352	34636	9262	700	0	3760	0	5146	178	0	4636	33758	5422	5580	466	728	0	0	0	326	184	8538	6880	0	0	
171232	Cerebelum_7b_R	0	0	0	0	0	0	0	0	0	0	0	0	0	0	0	0	0	0	0	0	0	0	0	0	0	0	0	0	0	0	0	0	0	0	0	0	0	0	0	0	0	0	0	0	0	0	0	0	0	0	0	0	0	0	0	0	0	0	0	0	0	0	0	0	0	0	0	0	0	0	0	0	0	0	0	0	0	0	0	0	0	0	0	0	0	0	0	0	0	0	1782	10194	5688	21404	0	0	402	0	156	368	4636	0	5976	20554	460	1860	0	0	0	0	0	0	5438	6504	194	0	
410956	Cerebelum_8_L	0	0	0	0	0	0	0	0	0	0	0	0	0	0	0	0	0	0	0	0	0	0	0	0	0	0	0	0	0	0	0	0	0	0	0	0	0	0	0	0	0	0	0	0	0	0	286	380	0	0	0	0	0	0	918	0	0	0	0	0	0	0	0	0	0	0	0	0	0	0	0	0	0	0	0	0	0	0	0	0	0	0	0	0	0	0	0	0	146	0	16838	5532	26160	13290	1604	1434	7118	948	4900	780	33758	5976	0	12314	25492	3220	2854	0	272	904	2224	1584	16634	16140	3596	176	
342584	Cerebelum_8_R	0	0	0	0	0	0	0	0	0	0	0	0	0	0	0	0	0	0	0	0	0	0	0	0	0	0	0	0	0	0	0	0	0	0	0	0	0	0	0	0	0	0	0	0	0	0	0	362	0	0	0	0	0	0	0	146	0	0	0	0	0	0	0	0	0	0	0	0	0	0	0	0	0	0	0	0	0	0	0	0	0	0	0	0	0	0	0	0	0	0	2956	22262	6792	31706	726	1590	3004	910	1006	2356	5422	20554	12314	0	5172	21576	0	518	680	1160	1176	780	12186	13018	2920	0	
176652	Cerebelum_9_L	0	0	0	0	0	0	0	0	0	0	0	0	0	0	0	0	0	0	0	0	0	0	0	0	0	0	0	0	0	0	0	0	0	0	0	0	0	0	0	0	0	0	0	0	0	0	266	148	0	0	0	0	0	0	0	0	0	0	0	0	0	0	0	0	0	0	0	0	0	0	0	0	0	0	0	0	0	0	0	0	0	0	0	0	0	0	0	0	0	0	2258	700	2072	2384	2008	1330	6512	764	1042	154	5580	460	25492	5172	0	2882	3216	0	808	1580	2960	736	8064	7516	3756	466	
126808	Cerebelum_9_R	0	0	0	0	0	0	0	0	0	0	0	0	0	0	0	0	0	0	0	0	0	0	0	0	0	0	0	0	0	0	0	0	0	0	0	0	0	0	0	0	0	0	0	0	0	0	0	0	0	0	0	0	0	0	0	0	0	0	0	0	0	0	0	0	0	0	0	0	0	0	0	0	0	0	0	0	0	0	0	0	0	0	0	0	0	0	0	0	0	0	266	3776	288	3960	200	2870	1310	794	126	510	466	1860	3220	21576	2882	0	0	1120	948	2378	500	574	3018	4880	5168	714	
14048	Cerebelum_10_L	0	0	0	0	0	0	0	0	0	0	0	0	0	0	0	0	0	0	0	0	0	0	0	0	0	0	0	0	0	0	0	0	0	0	0	0	0	0	0	0	0	0	0	0	0	0	0	0	0	0	0	0	0	0	0	0	0	0	0	0	0	0	0	0	0	0	0	0	0	0	0	0	0	0	0	0	0	0	0	0	0	0	0	0	0	0	0	0	0	0	226	0	0	0	0	0	0	0	0	0	728	0	2854	0	3216	0	0	0	0	0	0	0	0	0	0	0	
3276	Cerebelum_10_R	0	0	0	0	0	0	0	0	0	0	0	0	0	0	0	0	0	0	0	0	0	0	0	0	0	0	0	0	0	0	0	0	0	0	0	0	0	0	0	0	0	0	0	0	0	0	0	0	0	0	0	0	0	0	0	0	0	0	0	0	0	0	0	0	0	0	0	0	0	0	0	0	0	0	0	0	0	0	0	0	0	0	0	0	0	0	0	0	0	0	0	0	0	0	0	0	0	0	0	0	0	0	0	518	0	1120	0	0	0	0	0	0	0	0	0	0	
31696	Vermis_1_2	0	0	0	0	0	0	0	0	0	0	0	0	0	0	0	0	0	0	0	0	0	0	0	0	0	0	0	0	0	0	0	0	0	0	0	0	0	0	0	0	0	0	0	0	0	0	0	0	0	0	0	0	0	0	0	0	0	0	0	0	0	0	0	0	0	0	0	0	0	0	0	0	0	0	0	0	0	0	0	0	0	0	0	0	0	0	0	0	0	0	0	0	0	0	1074	1708	1190	0	0	0	0	0	272	680	808	948	0	0	0	5690	1118	0	792	830	738	0	
61312	Vermis_3	0	0	0	0	0	0	0	0	0	0	0	0	0	0	0	0	0	0	0	0	0	0	0	0	0	0	0	0	0	0	0	0	0	0	0	0	0	0	0	0	0	0	0	0	0	0	0	0	0	0	0	0	0	0	0	0	0	0	0	0	0	0	0	0	0	0	0	0	0	0	0	0	0	0	0	0	0	0	0	0	0	0	0	0	0	0	0	0	0	0	0	224	0	222	2288	5838	2526	678	150	348	0	0	904	1160	1580	2378	0	0	5690	0	1790	120	1636	1652	1472	0	
281008	Vermis_4_5	944	716	1076	914	0	0	1040	998	0	0	124	0	0	0	0	0	224	0	350	566	0	0	0	0	0	0	0	0	2358	248	0	0	0	380	4424	3552	3628	2640	214	500	0	0	3928	158	0	0	4536	10866	0	0	0	0	128	0	3382	3164	0	118	0	0	0	0	0	0	0	0	4356	4106	0	246	580	0	0	300	0	0	0	0	2046	0	0	0	0	0	0	0	0	0	0	0	6314	2422	368	854	1422	960	15752	7378	11870	7078	326	0	2224	1176	2960	500	0	0	1118	1790	0	6362	3688	1692	706	734	
202016	Vermis_6	0	0	0	0	0	0	0	0	0	0	0	0	0	0	0	0	0	0	0	0	0	0	0	0	0	0	0	0	0	0	0	0	0	0	0	0	0	0	0	0	0	0	0	0	0	0	3698	10312	0	0	0	0	0	306	2824	2756	0	0	0	0	0	0	0	0	0	0	0	0	0	0	0	0	0	0	0	0	0	0	0	0	0	0	0	0	0	0	0	0	0	0	11548	7714	2444	2756	270	178	4904	2044	15568	13624	184	0	1584	780	736	574	0	0	0	120	6362	0	5990	1622	766	1344	
318280	Vermis_7	0	0	0	0	0	0	0	0	0	0	0	0	0	0	0	0	0	0	0	0	0	0	0	0	0	0	0	0	0	0	0	0	0	0	0	0	0	0	0	0	0	0	0	0	0	0	420	2156	0	0	0	0	0	0	582	548	0	0	0	0	0	0	0	0	0	0	0	0	0	0	0	0	0	0	0	0	0	0	0	0	0	0	0	0	0	0	0	0	0	0	9378	11360	12826	16726	1526	1918	7198	1336	4894	4862	8538	5438	16634	12186	8064	3018	0	0	792	1636	3688	5990	0	13086	3702	638	
