data	data	652032	450696	685992	546436	103260	126532	402076	271808	86328	54628	184040	202688	181716	238864	181260	126388	186676	86680	575600	710500	44804	57900	299344	323768	33744	90836	43848	63060	383844	287568	335644	523148	212012	449596	233656	239048	266828	287852	55956	144044	27284	68384	214584	338128	163724	257440	277288	287368	143744	291300	375752	244352	125584	118648	279752	417420	324516	231384	117840	133572	191416	125240	95196	116936	100432	104032	425932	521080	309688	264248	288984	351272	263872	267140	57532	21308	185128	260080	81644	44928	170464	167504	58264	63024	285632	316876	29992	40800	257356	297256	387472	473272	343516	338904	27756	28116	297668	225044	447652	444736	274040	171784	291108	306404	127684	173092	32040	29520	18736	38144	255632	208444	171564	127760	102684	18904	
data	data	Precentral_L	Precentral_R	Frontal_Sup_L	Frontal_Sup_R	Frontal_Sup_Orb_L	Frontal_Sup_Orb_R	Frontal_Mid_L	Frontal_Mid_R	Frontal_Mid_Orb_L	Frontal_Mid_Orb_R	Frontal_Inf_Oper_L	Frontal_Inf_Oper_R	Frontal_Inf_Tri_L	Frontal_Inf_Tri_R	Frontal_Inf_Orb_L	Frontal_Inf_Orb_R	Rolandic_Oper_L	Rolandic_Oper_R	Supp_Motor_Area_L	Supp_Motor_Area_R	Olfactory_L	Olfactory_R	Frontal_Sup_Medial_L	Frontal_Sup_Medial_R	Frontal_Med_Orb_L	Frontal_Med_Orb_R	Rectus_L	Rectus_R	Insula_L	Insula_R	Cingulum_Ant_L	Cingulum_Ant_R	Cingulum_Mid_L	Cingulum_Mid_R	Cingulum_Post_L	Cingulum_Post_R	Hippocampus_L	Hippocampus_R	ParaHippocampal_L	ParaHippocampal_R	Amygdala_L	Amygdala_R	Calcarine_L	Calcarine_R	Cuneus_L	Cuneus_R	Lingual_L	Lingual_R	Occipital_Sup_L	Occipital_Sup_R	Occipital_Mid_L	Occipital_Mid_R	Occipital_Inf_L	Occipital_Inf_R	Fusiform_L	Fusiform_R	Postcentral_L	Postcentral_R	Parietal_Sup_L	Parietal_Sup_R	Parietal_Inf_L	Parietal_Inf_R	SupraMarginal_L	SupraMarginal_R	Angular_L	Angular_R	Precuneus_L	Precuneus_R	Paracentral_Lobule_L	Paracentral_Lobule_R	Caudate_L	Caudate_R	Putamen_L	Putamen_R	Pallidum_L	Pallidum_R	Thalamus_L	Thalamus_R	Heschl_L	Heschl_R	Temporal_Sup_L	Temporal_Sup_R	Temporal_Pole_Sup_L	Temporal_Pole_Sup_R	Temporal_Mid_L	Temporal_Mid_R	Temporal_Pole_Mid_L	Temporal_Pole_Mid_R	Temporal_Inf_L	Temporal_Inf_R	Cerebelum_Crus1_L	Cerebelum_Crus1_R	Cerebelum_Crus2_L	Cerebelum_Crus2_R	Cerebelum_3_L	Cerebelum_3_R	Cerebelum_4_5_L	Cerebelum_4_5_R	Cerebelum_6_L	Cerebelum_6_R	Cerebelum_7b_L	Cerebelum_7b_R	Cerebelum_8_L	Cerebelum_8_R	Cerebelum_9_L	Cerebelum_9_R	Cerebelum_10_L	Cerebelum_10_R	Vermis_1_2	Vermis_3	Vermis_4_5	Vermis_6	Vermis_7	Vermis_8	Vermis_9	Vermis_10	
652032	Precentral_L	0	10790	30992	2980	0	0	17468	2700	0	0	10468	1648	1642	1840	190	0	9214	0	28820	20640	0	0	0	0	0	0	0	0	9634	106	1456	1904	1542	5924	6590	3934	8716	1478	210	112	0	0	880	0	176	0	496	0	0	0	1488	0	624	0	266	0	31528	0	0	0	3018	0	2552	0	80	0	1888	112	28470	7718	13022	1246	11222	388	5324	0	19954	5424	2692	0	4180	0	710	0	574	0	0	0	986	0	0	0	0	0	0	0	0	0	0	0	0	0	0	0	0	0	0	0	0	0	0	0	0	0	0	0	
450696	Precentral_R	10790	0	654	10730	0	0	800	10326	0	0	86	4590	0	508	82	0	524	1462	1220	20990	0	0	110	0	0	0	0	0	1826	4138	1380	1336	134	736	4120	5610	2926	10390	708	1944	0	0	226	420	0	176	126	624	0	282	0	290	0	386	0	1528	2082	22472	0	396	380	1758	0	2788	0	0	836	1662	6830	26038	4992	10462	1054	4208	200	710	4988	24956	774	560	92	412	0	0	82	1902	0	0	90	2306	0	0	0	0	0	0	0	140	0	0	0	0	0	0	0	0	0	0	0	0	0	0	0	0	0	0	
685992	Frontal_Sup_L	30992	654	0	2286	6672	272	54858	316	2344	0	12406	190	12952	202	8356	0	6476	0	66946	5960	0	0	35564	3088	836	422	660	0	18232	84	20670	4672	4808	1688	76	0	2252	0	0	0	0	0	258	0	0	0	0	0	0	0	0	0	0	0	0	0	6410	0	0	0	194	0	194	0	0	0	284	0	1148	0	6456	370	14702	128	3492	0	670	0	370	0	2596	0	790	0	0	0	0	0	0	0	0	0	0	0	0	0	0	0	0	0	0	0	0	0	0	0	0	0	0	0	0	0	0	0	0	0	
546436	Frontal_Sup_R	2980	10730	2286	0	0	4984	2638	32724	0	1778	126	7040	0	7308	0	4250	210	1470	3644	42010	0	0	11986	36556	82	2928	0	642	346	6130	3676	30104	578	18630	170	186	0	1990	0	532	0	110	0	0	0	0	0	0	0	0	0	0	0	0	0	298	228	1424	0	0	0	100	0	0	0	0	0	0	284	258	1138	12684	552	11084	0	448	282	5502	0	0	0	112	0	0	0	0	0	0	0	0	0	0	0	0	0	0	0	0	0	0	0	0	0	0	0	0	0	0	0	0	0	0	0	0	0	0	
103260	Frontal_Sup_Orb_L	0	0	6672	0	0	84	598	0	10004	0	0	0	196	0	7200	0	0	0	76	0	762	0	4880	0	3632	204	6468	0	1928	0	4366	174	0	0	0	0	0	0	96	0	188	0	0	0	0	0	0	0	0	0	0	0	0	0	0	0	0	0	0	0	0	0	0	0	0	0	0	0	0	0	196	0	3596	0	0	0	0	0	0	0	0	0	310	0	0	0	0	0	0	0	0	0	0	0	0	0	0	0	0	0	0	0	0	0	0	0	0	0	0	0	0	0	0	0	0	0	
126532	Frontal_Sup_Orb_R	0	0	272	4984	84	0	0	2624	0	7248	0	0	0	676	0	5256	0	0	0	0	820	2392	514	4682	146	9870	224	9402	0	1312	1450	4892	0	0	0	0	0	0	0	0	0	94	0	0	0	0	0	0	0	0	0	0	0	0	0	0	0	0	0	0	0	0	0	0	0	0	0	0	0	0	958	3130	328	1908	0	0	0	0	0	0	0	0	0	0	0	0	0	0	0	0	0	0	0	0	0	0	0	0	0	0	0	0	0	0	0	0	0	0	0	0	0	0	0	0	0	0	
402076	Frontal_Mid_L	17468	800	54858	2638	598	0	0	2018	1422	0	9702	1550	24152	1896	9042	0	1058	0	17046	5478	0	0	12558	682	0	0	0	0	7978	0	10036	3072	3910	4134	0	0	1454	0	0	0	0	0	0	0	0	0	0	0	0	0	0	0	0	0	0	0	1046	0	0	0	0	0	0	0	0	0	0	0	0	128	2146	188	486	0	236	0	1806	0	1036	0	416	0	0	0	0	0	0	0	0	0	0	0	0	0	0	0	0	0	0	0	0	0	0	0	0	0	0	0	0	0	0	0	0	0	0	0	
271808	Frontal_Mid_R	2700	10326	316	32724	0	2624	2018	0	0	3846	142	9722	0	14774	70	7728	308	1024	1608	12650	0	0	858	7136	0	0	0	0	680	3376	1184	4042	96	5930	0	0	0	1028	0	148	0	0	0	0	0	0	0	0	0	0	0	0	0	0	0	96	140	1760	0	0	0	0	0	310	0	0	0	0	0	0	1882	1304	358	1752	0	134	0	746	0	122	82	76	0	0	0	0	0	0	0	84	0	0	0	0	0	0	0	0	0	0	0	0	0	0	0	0	0	0	0	0	0	0	0	0	0	0	
86328	Frontal_Mid_Orb_L	0	0	2344	0	10004	0	1422	0	0	0	0	0	626	0	14216	0	0	0	332	0	166	0	198	0	118	0	2866	0	4382	0	112	0	0	0	0	0	0	0	0	0	0	0	0	0	0	0	0	0	0	0	0	0	0	0	0	0	0	0	0	0	0	0	0	0	0	0	0	0	0	0	112	0	6046	0	0	0	0	0	0	0	0	0	220	0	0	0	0	0	0	0	0	0	0	0	0	0	0	0	0	0	0	0	0	0	0	0	0	0	0	0	0	0	0	0	0	0	
54628	Frontal_Mid_Orb_R	0	0	0	1778	0	7248	0	3846	0	0	0	0	0	1918	0	5782	0	0	0	0	0	106	0	298	0	1118	0	1710	0	462	0	0	0	0	0	0	0	0	0	0	0	0	0	0	0	0	0	0	0	0	0	0	0	0	0	0	0	0	0	0	0	0	0	0	0	0	0	0	0	0	0	1198	0	1850	0	0	0	0	0	0	0	0	0	0	0	0	0	0	0	0	0	0	0	0	0	0	0	0	0	0	0	0	0	0	0	0	0	0	0	0	0	0	0	0	0	0	
184040	Frontal_Inf_Oper_L	10468	86	12406	126	0	0	9702	142	0	0	0	532	13118	346	1142	0	7378	0	9866	162	0	0	118	0	0	0	0	0	11156	0	2240	822	204	0	0	0	792	0	0	0	0	0	0	0	0	0	0	0	0	0	0	0	0	0	0	0	3340	0	0	0	90	0	80	0	0	0	0	0	0	0	2032	232	462	0	0	0	110	0	884	0	3170	0	814	0	0	0	0	0	0	0	0	0	0	0	0	0	0	0	0	0	0	0	0	0	0	0	0	0	0	0	0	0	0	0	0	0	
202688	Frontal_Inf_Oper_R	1648	4590	190	7040	0	0	1550	9722	0	0	532	0	90	20324	76	1698	462	2306	274	8270	0	0	122	1106	0	0	0	0	710	8288	2424	10144	278	3238	0	0	0	298	0	90	0	0	0	0	0	0	0	0	0	0	0	0	0	0	0	0	90	1628	0	0	0	0	0	0	0	0	0	0	0	0	2936	6048	0	4536	0	0	0	0	0	106	110	0	296	124	0	0	0	0	0	0	0	0	0	0	0	0	0	0	0	0	0	0	0	0	0	0	0	0	0	0	0	0	0	0	0	0	
181716	Frontal_Inf_Tri_L	1642	0	12952	0	196	0	24152	0	626	0	13118	90	0	82	13014	0	318	0	6470	228	0	0	566	0	0	0	0	0	11438	0	2056	836	1208	0	0	0	118	0	0	0	0	0	0	0	0	0	0	0	0	0	0	0	0	0	0	0	202	0	0	0	0	0	0	0	0	0	0	0	0	0	834	240	254	0	0	0	0	0	148	0	70	0	0	0	0	0	0	0	0	0	0	0	0	0	0	0	0	0	0	0	0	0	0	0	0	0	0	0	0	0	0	0	0	0	0	0	
238864	Frontal_Inf_Tri_R	1840	508	202	7308	0	676	1896	14774	0	1918	346	20324	82	0	80	11182	322	88	532	8990	0	0	212	5958	0	0	0	0	448	9984	2116	13002	264	5510	0	0	0	0	0	0	0	0	0	0	0	0	0	0	0	0	0	0	0	0	0	0	0	0	0	0	0	0	0	0	0	0	0	0	0	0	1884	5726	104	2578	0	0	0	312	0	0	88	0	178	0	0	0	0	0	0	0	0	0	0	0	0	0	0	0	0	0	0	0	0	0	0	0	0	0	0	0	0	0	0	0	0	0	
181260	Frontal_Inf_Orb_L	190	82	8356	0	7200	0	9042	70	14216	0	1142	76	13014	80	0	0	78	0	3030	86	1106	0	654	0	0	0	2044	0	15666	0	920	286	1030	0	0	0	82	0	102	0	234	0	0	0	0	0	0	0	0	0	0	0	0	0	0	0	0	0	0	0	0	0	0	0	0	0	0	0	0	0	670	174	9306	0	0	0	0	0	0	0	70	0	1624	0	0	0	0	0	0	0	0	0	0	0	0	0	0	0	0	0	0	0	0	0	0	0	0	0	0	0	0	0	0	0	0	0	
126388	Frontal_Inf_Orb_R	0	0	0	4250	0	5256	0	7728	0	5782	0	1698	0	11182	0	0	0	562	132	1460	258	1474	0	1818	0	0	0	1626	0	9596	104	2180	0	1236	0	0	0	0	0	86	0	200	0	0	0	0	0	0	0	0	0	0	0	0	0	0	0	0	0	0	0	0	0	0	0	0	0	0	0	0	392	1904	160	2426	0	0	0	0	0	0	0	610	0	970	0	104	0	0	0	0	0	0	0	0	0	0	0	0	0	0	0	0	0	0	0	0	0	0	0	0	0	0	0	0	0	0	
186676	Rolandic_Oper_L	9214	524	6476	210	0	0	1058	308	0	0	7378	462	318	322	78	0	0	0	6358	1162	0	0	0	0	0	0	0	0	15780	0	76	92	84	0	0	0	1354	0	0	0	0	0	622	0	0	0	0	0	0	0	634	0	0	0	0	0	8652	0	0	0	1872	0	2730	0	130	0	1194	0	1180	0	2314	0	1082	0	0	0	0	0	4886	0	10762	0	634	0	2134	0	0	0	3258	0	0	0	0	0	0	0	0	0	0	0	0	0	0	0	0	0	0	0	0	0	0	0	0	0	0	0	
86680	Rolandic_Oper_R	0	1462	0	1470	0	0	0	1024	0	0	0	2306	0	88	0	562	0	0	0	3056	0	0	0	92	0	0	0	0	0	10764	0	484	0	0	0	146	0	404	0	0	0	0	0	0	0	0	0	0	0	0	0	0	0	82	0	226	0	3034	0	274	0	1066	0	2800	0	0	0	0	0	0	208	1340	0	2414	0	176	0	0	0	3418	0	4536	0	380	0	1054	0	0	0	474	0	0	0	0	0	0	0	0	0	0	0	0	0	0	0	0	0	0	0	0	0	0	0	0	0	0	
575600	Supp_Motor_Area_L	28820	1220	66946	3644	76	0	17046	1608	332	0	9866	274	6470	532	3030	132	6358	0	0	29642	0	0	3894	3144	0	0	0	0	15680	82	6126	6526	9078	15862	994	348	1788	0	0	0	0	0	0	0	0	0	0	0	0	0	0	0	0	0	0	0	3456	110	0	0	224	0	230	0	0	0	100	72	11968	1050	6318	298	14716	442	4900	0	290	0	346	0	2710	0	952	0	0	0	0	0	100	0	0	0	0	0	0	0	0	0	0	0	0	0	0	0	0	0	0	0	0	0	0	0	0	0	0	0	
710500	Supp_Motor_Area_R	20640	20990	5960	42010	0	0	5478	12650	0	0	162	8270	228	8990	86	1460	1162	3056	29642	0	0	0	358	8666	0	0	0	0	1004	6406	2948	18280	4924	42440	1040	6678	410	2110	0	396	0	84	0	136	0	134	0	362	0	160	0	0	0	168	0	824	2052	2532	0	0	0	100	0	164	0	0	276	1990	22472	23412	3110	20496	1534	10090	192	986	816	3494	478	118	184	158	0	0	0	920	0	0	0	1022	0	0	0	0	0	0	0	106	0	0	0	0	0	0	0	0	0	0	0	0	236	0	0	0	0	0	
44804	Olfactory_L	0	0	0	0	762	820	0	0	166	0	0	0	0	0	1106	258	0	0	0	0	0	3450	0	0	108	0	458	948	1268	0	2002	788	0	0	0	0	0	0	172	0	352	0	0	0	0	0	0	0	0	0	0	0	0	0	0	0	0	0	0	0	0	0	0	0	0	0	0	0	0	0	4230	2560	1550	1056	96	0	0	0	0	0	0	0	252	0	0	0	0	0	0	0	0	0	0	0	0	0	0	0	0	0	0	0	0	0	0	0	0	0	0	0	0	0	0	0	0	0	
57900	Olfactory_R	0	0	0	0	0	2392	0	0	0	106	0	0	0	0	0	1474	0	0	0	0	3450	0	0	0	0	424	0	2822	0	1956	1840	1652	0	0	0	0	0	68	0	226	0	612	0	0	0	0	0	0	0	0	0	0	0	0	0	0	0	0	0	0	0	0	0	0	0	0	0	0	0	0	4006	4476	972	2256	218	0	0	0	0	0	0	0	0	0	0	0	0	0	0	0	0	0	0	0	0	0	0	0	0	0	0	0	0	0	0	0	0	0	0	0	0	0	0	0	0	0	
299344	Frontal_Sup_Medial_L	0	110	35564	11986	4880	514	12558	858	198	0	118	122	566	212	654	0	0	0	3894	358	0	0	0	18936	2408	2024	424	80	486	160	23464	15330	3486	7472	0	0	0	0	0	0	0	0	0	0	0	0	0	0	0	0	0	0	0	0	0	0	0	0	0	0	0	0	0	0	0	0	0	0	0	0	736	324	1500	250	0	0	0	0	0	0	0	0	0	0	0	0	0	0	0	0	0	0	0	0	0	0	0	0	0	0	0	0	0	0	0	0	0	0	0	0	0	0	0	0	0	0	
323768	Frontal_Sup_Medial_R	0	0	3088	36556	0	4682	682	7136	0	298	0	1106	0	5958	0	1818	0	92	3144	8666	0	0	18936	0	340	7370	0	1080	0	4980	4440	30494	196	12458	0	0	0	0	0	0	0	0	0	0	0	0	0	0	0	0	0	0	0	0	0	0	0	0	0	0	0	0	0	0	0	0	0	0	0	0	160	3440	0	4764	0	0	0	0	0	0	0	0	0	0	0	0	0	0	0	0	0	0	0	0	0	0	0	0	0	0	0	0	0	0	0	0	0	0	0	0	0	0	0	0	0	0	
33744	Frontal_Med_Orb_L	0	0	836	82	3632	146	0	0	118	0	0	0	0	0	0	0	0	0	0	0	108	0	2408	340	0	1644	2452	0	0	0	3890	462	0	0	0	0	0	0	0	0	0	0	0	0	0	0	0	0	0	0	0	0	0	0	0	0	0	0	0	0	0	0	0	0	0	0	0	0	0	0	386	160	208	0	0	0	0	0	0	0	0	0	0	0	0	0	0	0	0	0	0	0	0	0	0	0	0	0	0	0	0	0	0	0	0	0	0	0	0	0	0	0	0	0	0	0	
90836	Frontal_Med_Orb_R	0	0	422	2928	204	9870	0	0	0	1118	0	0	0	0	0	0	0	0	0	0	0	424	2024	7370	1644	0	252	6514	0	0	2534	5952	0	0	0	0	0	0	0	0	0	0	0	0	0	0	0	0	0	0	0	0	0	0	0	0	0	0	0	0	0	0	0	0	0	0	0	0	0	0	224	2672	0	1266	0	0	0	0	0	0	0	0	0	0	0	0	0	0	0	0	0	0	0	0	0	0	0	0	0	0	0	0	0	0	0	0	0	0	0	0	0	0	0	0	0	0	
43848	Rectus_L	0	0	660	0	6468	224	0	0	2866	0	0	0	0	0	2044	0	0	0	0	0	458	0	424	0	2452	252	0	212	400	0	2714	312	0	0	0	0	0	0	0	0	86	0	0	0	0	0	0	0	0	0	0	0	0	0	0	0	0	0	0	0	0	0	0	0	0	0	0	0	0	0	656	100	1596	0	0	0	0	0	0	0	0	0	0	0	0	0	0	0	0	0	0	0	0	0	0	0	0	0	0	0	0	0	0	0	0	0	0	0	0	0	0	0	0	0	0	0	
63060	Rectus_R	0	0	0	642	0	9402	0	0	0	1710	0	0	0	0	0	1626	0	0	0	0	948	2822	80	1080	0	6514	212	0	0	692	408	2052	0	0	0	0	0	0	0	0	0	76	0	0	0	0	0	0	0	0	0	0	0	0	0	0	0	0	0	0	0	0	0	0	0	0	0	0	0	0	886	1462	312	606	0	0	0	0	0	0	0	0	0	0	0	0	0	0	0	0	0	0	0	0	0	0	0	0	0	0	0	0	0	0	0	0	0	0	0	0	0	0	0	0	0	0	
383844	Insula_L	9634	1826	18232	346	1928	0	7978	680	4382	0	11156	710	11438	448	15666	0	15780	0	15680	1004	1268	0	486	0	0	0	400	0	0	108	2590	862	430	0	104	0	9724	0	578	0	900	0	960	0	0	0	0	0	0	0	382	0	0	0	1408	0	4078	0	0	0	674	0	1062	0	0	0	1070	0	412	0	6114	342	14018	94	102	0	310	0	7420	0	8624	0	4130	0	2052	0	0	0	4332	0	0	0	0	0	0	0	0	0	0	0	0	0	0	0	0	0	0	0	0	0	0	0	0	0	0	0	
287568	Insula_R	106	4138	84	6130	0	1312	0	3376	0	462	0	8288	0	9984	0	9596	0	10764	82	6406	0	1956	160	4980	0	0	0	692	108	0	500	9420	0	330	0	484	0	5198	0	1130	0	936	0	76	0	0	0	86	0	0	0	0	0	246	0	3294	72	2518	0	120	0	418	0	460	0	0	0	414	0	156	754	4346	98	20740	0	180	0	0	0	4808	0	8598	0	3222	0	4418	0	0	0	2138	0	0	0	0	0	0	0	0	0	0	0	0	0	0	0	0	0	0	0	0	0	0	0	0	0	0	
335644	Cingulum_Ant_L	1456	1380	20670	3676	4366	1450	10036	1184	112	0	2240	2424	2056	2116	920	104	76	0	6126	2948	2002	1840	23464	4440	3890	2534	2714	408	2590	500	0	26160	5210	2196	0	0	0	0	0	0	0	0	0	0	0	0	0	0	0	0	0	0	0	0	0	0	0	0	0	0	0	0	0	0	0	0	0	0	138	0	10912	6016	5974	2822	0	124	136	412	0	0	0	0	0	0	0	0	0	0	0	0	0	0	0	0	0	0	0	0	0	0	0	0	0	0	0	0	0	0	0	0	0	0	0	0	0	0	
523148	Cingulum_Ant_R	1904	1336	4672	30104	174	4892	3072	4042	0	0	822	10144	836	13002	286	2180	92	484	6526	18280	788	1652	15330	30494	462	5952	312	2052	862	9420	26160	0	2606	21592	0	0	0	246	0	156	0	0	0	0	0	0	0	0	0	0	0	0	0	0	0	0	68	0	0	0	0	0	0	0	0	0	0	0	0	0	5618	21056	2118	11256	0	96	120	310	0	0	0	0	0	0	0	0	0	0	0	0	0	0	0	0	0	0	0	0	0	0	0	0	0	0	0	0	0	0	0	0	0	0	0	0	0	0	
212012	Cingulum_Mid_L	1542	134	4808	578	0	0	3910	96	0	0	204	278	1208	264	1030	0	84	0	9078	4924	0	0	3486	196	0	0	0	0	430	0	5210	2606	0	9690	5506	820	0	0	0	0	0	0	908	390	2506	0	0	0	1496	0	8160	0	952	0	218	0	976	0	802	0	564	0	288	0	756	0	11376	4764	8230	874	0	124	0	0	0	0	0	0	0	0	0	0	0	0	4894	0	0	0	1646	0	0	0	0	0	0	0	0	0	0	0	0	0	0	0	0	0	0	0	0	0	0	0	0	0	0	0	
449596	Cingulum_Mid_R	5924	736	1688	18630	0	0	4134	5930	0	0	0	3238	0	5510	0	1236	0	0	15862	42440	0	0	7472	12458	0	0	0	0	0	330	2196	21592	9690	0	1212	8416	0	184	0	78	0	0	0	1520	536	1972	0	640	248	2126	848	810	0	0	0	104	78	4082	0	348	0	0	0	68	0	0	4448	17992	5082	10088	210	2630	90	170	0	0	0	0	0	0	0	0	0	0	248	530	0	0	0	386	0	0	0	0	0	0	0	170	0	0	0	0	0	0	0	0	0	0	0	0	418	0	0	0	0	0	
233656	Cingulum_Post_L	6590	4120	76	170	0	0	0	0	0	0	0	0	0	0	0	0	0	0	994	1040	0	0	0	0	0	0	0	0	104	0	0	0	5506	1212	0	12450	11090	5216	1948	578	0	0	4820	126	4422	386	3774	408	852	276	946	0	190	0	186	126	1294	0	0	0	172	0	0	0	0	0	14980	5424	7514	3290	0	556	0	0	0	0	5808	9312	82	0	80	0	0	0	200	0	0	0	262	0	0	0	0	0	0	0	0	68	0	0	0	0	0	0	0	0	0	0	0	0	180	0	0	0	0	0	
239048	Cingulum_Post_R	3934	5610	0	186	0	0	0	0	0	0	0	0	0	0	0	0	0	146	348	6678	0	0	0	0	0	0	0	0	0	484	0	0	820	8416	12450	0	6864	7760	1476	1764	0	0	136	890	76	1390	648	3940	70	1302	0	276	0	250	68	1544	278	1688	0	162	170	68	0	144	0	0	2730	12402	1120	9856	0	566	0	74	0	0	6638	10928	0	0	0	164	0	0	0	478	0	0	0	982	0	0	0	0	0	0	0	1158	0	288	0	0	0	0	0	0	0	0	0	0	2104	0	0	0	0	0	
266828	Hippocampus_L	8716	2926	2252	0	0	0	1454	0	0	0	792	0	118	0	82	0	1354	0	1788	410	0	0	0	0	0	0	0	0	9724	0	0	0	0	0	11090	6864	0	4676	7370	394	5422	0	3238	0	0	0	4750	162	0	0	354	0	844	0	10198	0	2748	0	0	0	286	0	438	0	0	0	6198	1064	1106	1510	2112	0	4754	0	794	0	5424	6770	4034	0	1854	0	436	0	2020	0	0	0	6888	0	0	0	0	0	0	0	0	0	0	0	0	0	0	0	0	0	0	0	0	0	0	0	0	0	0	0	
287852	Hippocampus_R	1478	10390	0	1990	0	0	0	1028	0	0	0	298	0	0	0	0	0	404	0	2110	0	68	0	0	0	0	0	0	0	5198	0	246	0	184	5216	7760	4676	0	798	22782	0	9648	112	554	0	0	154	3160	0	0	0	0	0	154	0	24608	178	2534	0	0	122	80	0	648	0	0	1426	4452	180	2054	0	110	0	8594	0	914	1874	7168	0	100	0	1992	0	624	0	1412	0	208	0	4400	0	0	0	0	0	0	0	1156	0	454	0	0	0	0	0	0	0	0	0	0	230	0	0	0	0	0	
55956	ParaHippocampal_L	210	708	0	0	96	0	0	0	0	0	0	0	0	0	102	0	0	0	0	0	172	0	0	0	0	0	0	0	578	0	0	0	0	0	1948	1476	7370	798	0	0	1558	0	364	0	0	0	3112	72	0	0	0	0	358	0	3428	0	0	0	0	0	0	0	0	0	0	0	1488	236	0	318	156	0	550	0	0	0	720	1538	0	0	0	0	266	0	0	0	118	0	156	0	0	0	0	0	0	0	82	0	0	0	0	0	0	0	0	0	0	0	0	0	0	0	0	0	0	0	
144044	ParaHippocampal_R	112	1944	0	532	0	0	0	148	0	0	0	90	0	0	0	86	0	0	0	396	0	226	0	0	0	0	0	0	0	1130	0	156	0	78	578	1764	394	22782	0	0	0	9554	0	134	0	0	0	2486	0	0	0	0	0	0	0	16210	0	0	0	0	0	0	0	0	0	0	136	1540	0	148	0	0	0	3268	0	678	82	1112	0	0	0	422	0	1186	0	660	0	834	0	1142	0	0	0	0	0	0	0	1484	0	530	0	0	0	0	0	0	0	0	0	0	0	0	0	0	0	0	
27284	Amygdala_L	0	0	0	0	188	0	0	0	0	0	0	0	0	0	234	0	0	0	0	0	352	0	0	0	0	0	86	0	900	0	0	0	0	0	0	0	5422	0	1558	0	0	0	0	0	0	0	0	0	0	0	0	0	0	0	3176	0	0	0	0	0	0	0	0	0	0	0	0	0	0	0	0	0	154	0	0	0	0	0	0	0	0	0	242	0	0	0	116	0	1214	0	0	0	0	0	0	0	0	0	0	0	0	0	0	0	0	0	0	0	0	0	0	0	0	0	0	0	
68384	Amygdala_R	0	0	0	110	0	94	0	0	0	0	0	0	0	0	0	200	0	0	0	84	0	612	0	0	0	0	0	76	0	936	0	0	0	0	0	0	0	9648	0	9554	0	0	0	0	0	0	0	0	0	0	0	0	0	0	0	8152	0	0	0	0	0	0	0	0	0	0	0	0	0	0	0	0	0	1342	0	0	0	114	0	0	0	0	0	1914	0	0	0	766	0	590	0	0	0	0	0	0	0	0	0	0	0	0	0	0	0	0	0	0	0	0	0	0	0	0	0	0	
214584	Calcarine_L	880	226	258	0	0	0	0	0	0	0	0	0	0	0	0	0	622	0	0	0	0	0	0	0	0	0	0	0	960	0	0	0	908	0	4820	136	3238	112	364	0	0	0	0	3596	10914	1258	13302	1916	8808	408	22028	174	5708	0	4260	0	1156	0	0	0	636	0	346	0	0	0	14234	562	1502	0	86	0	0	0	0	0	0	0	236	0	388	0	0	0	2268	0	0	0	982	0	0	0	0	0	0	0	0	0	0	0	0	0	0	0	0	0	0	0	0	0	0	0	0	0	0	0	
338128	Calcarine_R	0	420	0	0	0	0	0	0	0	0	0	0	0	0	0	0	0	0	0	136	0	0	0	0	0	0	0	0	0	76	0	0	390	1520	126	890	0	554	0	134	0	0	3596	0	3884	30098	1210	16484	0	24746	210	23334	0	8376	0	6606	0	2040	0	242	0	110	0	186	0	572	1084	24870	0	1080	0	0	0	0	0	0	0	0	0	0	0	212	0	0	96	6318	0	0	0	6494	0	456	0	0	0	0	0	238	0	1052	0	0	0	0	0	0	0	0	0	0	668	556	0	0	0	0	
163724	Cuneus_L	176	0	0	0	0	0	0	0	0	0	0	0	0	0	0	0	0	0	0	0	0	0	0	0	0	0	0	0	0	0	0	0	2506	536	4422	76	0	0	0	0	0	0	10914	3884	0	4954	1916	640	15392	870	9054	576	554	0	198	0	1056	0	1542	0	192	0	0	0	0	0	15322	4564	1938	0	0	0	0	0	0	0	0	0	0	0	0	0	0	0	316	0	0	0	264	0	0	0	0	0	0	0	0	0	0	0	0	0	0	0	0	0	0	0	0	0	0	0	0	0	0	0	
257440	Cuneus_R	0	176	0	0	0	0	0	0	0	0	0	0	0	0	0	0	0	0	0	134	0	0	0	0	0	0	0	0	0	0	0	0	0	1972	386	1390	0	0	0	0	0	0	1258	30098	4954	0	134	5196	0	34408	114	13210	0	1130	0	480	0	832	102	2770	0	254	0	0	0	382	3810	21582	0	848	0	0	0	0	0	0	0	0	0	0	0	118	0	0	0	1726	0	0	0	1026	0	0	0	0	0	0	0	0	0	0	0	0	0	0	0	0	0	0	0	0	230	0	0	0	0	0	
277288	Lingual_L	496	126	0	0	0	0	0	0	0	0	0	0	0	0	0	0	0	0	0	0	0	0	0	0	0	0	0	0	0	0	0	0	0	0	3774	648	4750	154	3112	0	0	0	13302	1210	1916	134	0	2336	4056	72	9126	0	7556	0	17540	792	200	0	0	0	0	0	0	0	0	0	4724	320	440	0	0	0	0	0	0	0	212	736	0	0	0	0	0	0	184	0	0	0	470	0	9030	1492	726	138	138	86	12094	1620	17382	3380	0	266	174	430	572	942	0	94	0	0	5446	4408	204	538	540	558	
287368	Lingual_R	0	624	0	0	0	0	0	0	0	0	0	0	0	0	0	0	0	0	0	362	0	0	0	0	0	0	0	0	0	86	0	0	0	640	408	3940	162	3160	72	2486	0	0	1916	16484	640	5196	2336	0	0	4628	0	3714	0	6932	282	19944	0	274	0	0	0	0	0	0	0	0	84	7640	154	582	0	0	0	0	0	0	0	404	0	0	0	92	0	0	0	320	0	0	0	652	1150	7570	548	502	0	194	2616	8424	2878	14216	0	0	142	0	134	744	0	86	0	120	10056	6860	2104	204	636	286	
143744	Occipital_Sup_L	0	0	0	0	0	0	0	0	0	0	0	0	0	0	0	0	0	0	0	0	0	0	0	0	0	0	0	0	0	0	0	0	1496	248	852	70	0	0	0	0	0	0	8808	0	15392	0	4056	0	0	0	24632	0	1784	0	662	0	0	0	3792	0	1196	0	0	0	72	0	6876	1512	72	0	0	0	0	0	0	0	0	0	0	0	0	0	0	0	200	0	0	0	152	0	0	0	0	0	0	0	0	0	0	0	0	0	0	0	0	0	0	0	0	0	0	0	0	0	0	0	
291300	Occipital_Sup_R	0	282	0	0	0	0	0	0	0	0	0	0	0	0	0	0	0	0	0	160	0	0	0	0	0	0	0	0	0	0	0	0	0	2126	276	1302	0	0	0	0	0	0	408	24746	870	34408	72	4628	0	0	104	26284	0	860	0	536	0	2432	100	5802	0	1466	0	492	0	4126	2832	21628	0	1168	0	0	0	0	0	0	0	0	0	0	0	1022	0	0	0	5050	0	0	0	2076	0	0	0	0	0	0	0	0	0	0	0	0	0	0	0	0	0	0	0	0	394	0	0	0	0	0	
375752	Occipital_Mid_L	1488	0	0	0	0	0	0	0	0	0	0	0	0	0	0	0	634	0	0	0	0	0	0	0	0	0	0	0	382	0	0	0	8160	848	946	0	354	0	0	0	0	0	22028	210	9054	114	9126	0	24632	104	0	0	16404	0	6122	0	4210	0	7238	74	9268	0	1362	0	14110	0	14314	3392	3410	0	0	0	0	0	0	0	0	0	324	0	370	0	0	0	25406	0	0	0	3708	0	0	0	0	0	0	0	0	0	84	0	0	0	0	0	0	0	0	0	0	0	0	0	0	0	0	0	
244352	Occipital_Mid_R	0	290	0	0	0	0	0	0	0	0	0	0	0	0	0	0	0	0	0	0	0	0	0	0	0	0	0	0	0	0	0	0	0	810	0	276	0	0	0	0	0	0	174	23334	576	13210	0	3714	0	26284	0	0	0	5736	0	1698	0	1524	0	1738	0	3120	0	694	0	12206	534	10684	0	584	0	0	0	0	0	0	0	0	0	0	0	910	0	0	0	11704	0	0	0	1316	0	500	0	0	0	0	0	0	0	272	0	0	0	0	0	0	0	0	0	0	160	128	0	0	0	0	
125584	Occipital_Inf_L	624	0	0	0	0	0	0	0	0	0	0	0	0	0	0	0	0	0	0	0	0	0	0	0	0	0	0	0	0	0	0	0	952	0	190	0	844	0	358	0	0	0	5708	0	554	0	7556	0	1784	0	16404	0	0	0	11818	0	768	0	202	0	0	0	0	0	0	0	1604	0	858	0	0	0	0	0	0	0	0	0	402	0	166	0	0	0	4798	0	0	0	6356	0	422	0	0	0	0	0	0	0	424	0	0	0	0	0	0	0	0	0	0	0	0	0	0	0	0	0	
118648	Occipital_Inf_R	0	386	0	0	0	0	0	0	0	0	0	0	0	0	0	0	0	82	0	168	0	0	0	0	0	0	0	0	0	246	0	0	0	0	0	250	0	154	0	0	0	0	0	8376	0	1130	0	6932	0	860	0	5736	0	0	0	8564	0	366	0	0	0	0	0	0	0	0	0	4534	0	316	0	0	0	0	0	0	0	0	0	126	0	0	0	0	0	1662	0	0	0	8028	104	2600	0	168	0	0	148	1512	164	3922	0	0	0	0	0	0	0	0	0	0	1418	898	474	0	0	0	
279752	Fusiform_L	266	0	0	0	0	0	0	0	0	0	0	0	0	0	0	0	0	0	0	0	0	0	0	0	0	0	0	0	1408	0	0	0	218	0	186	68	10198	0	3428	0	3176	0	4260	0	198	0	17540	282	662	0	6122	0	11818	0	0	104	74	0	0	0	0	0	0	0	0	0	1026	0	198	0	0	0	120	0	0	0	0	70	510	0	1892	0	1052	0	3200	0	718	0	12998	0	19810	122	568	0	98	0	8822	226	26236	300	102	0	198	0	0	0	0	0	0	0	672	930	0	0	0	0	
417420	Fusiform_R	0	1528	0	298	0	0	0	96	0	0	0	0	0	0	0	0	0	226	0	824	0	0	0	0	0	0	0	0	0	3294	0	0	0	104	126	1544	0	24608	0	16210	0	8152	0	6606	0	480	792	19944	0	536	0	1698	0	8564	104	0	0	774	0	0	0	0	0	82	0	0	0	4536	0	732	0	0	0	2206	0	122	0	420	0	364	0	3896	0	3132	0	5434	0	2640	0	18884	434	15970	236	886	0	378	1508	11826	1214	24214	0	148	126	436	0	150	0	0	0	0	6518	4176	1534	0	0	0	
324516	Postcentral_L	31528	2082	6410	228	0	0	1046	140	0	0	3340	90	202	0	0	0	8652	0	3456	2052	0	0	0	0	0	0	0	0	4078	72	0	68	976	78	1294	278	2748	178	0	0	0	0	1156	0	1056	0	200	0	0	0	4210	0	768	0	74	0	0	0	7594	0	19622	0	8014	0	2228	0	11802	304	8704	142	5840	134	1486	266	262	0	2672	330	1822	0	4670	0	0	0	4066	0	0	0	5840	0	0	0	0	0	0	0	0	0	0	0	0	0	0	0	0	0	0	0	0	0	0	0	0	0	0	0	
231384	Postcentral_R	0	22472	0	1424	0	0	0	1760	0	0	0	1628	0	0	0	0	0	3034	110	2532	0	0	0	0	0	0	0	0	0	2518	0	0	0	4082	0	1688	0	2534	0	0	0	0	0	2040	0	832	0	274	0	2432	0	1524	0	366	0	774	0	0	0	8092	0	9026	0	11874	0	414	630	10820	182	5236	84	236	0	1382	0	474	0	104	0	534	0	2536	0	0	0	4772	0	0	0	6964	0	0	0	0	0	0	0	68	0	0	0	0	0	0	0	0	0	0	0	0	240	0	0	0	0	0	
117840	Parietal_Sup_L	0	0	0	0	0	0	0	0	0	0	0	0	0	0	0	0	0	0	0	0	0	0	0	0	0	0	0	0	0	0	0	0	802	0	0	0	0	0	0	0	0	0	0	0	1542	102	0	0	3792	100	7238	0	202	0	0	0	7594	0	0	82	12466	0	498	0	2700	0	10956	1480	254	0	0	0	0	0	0	0	0	0	0	0	0	0	0	0	5268	0	0	0	3844	0	0	0	0	0	0	0	0	0	0	0	0	0	0	0	0	0	0	0	0	0	0	0	0	0	0	0	
133572	Parietal_Sup_R	0	396	0	0	0	0	0	0	0	0	0	0	0	0	0	0	0	274	0	0	0	0	0	0	0	0	0	0	0	120	0	0	0	348	0	162	0	0	0	0	0	0	0	242	0	2770	0	0	0	5802	74	1738	0	0	0	0	0	8092	82	0	0	12358	0	5324	0	5892	1406	11108	0	354	0	0	0	0	0	0	0	0	0	0	0	622	0	0	0	3094	0	0	0	6528	0	0	0	0	0	0	0	0	0	0	0	0	0	0	0	0	0	0	0	0	0	0	0	0	0	0	
191416	Parietal_Inf_L	3018	380	194	0	0	0	0	0	0	0	90	0	0	0	0	0	1872	0	224	0	0	0	0	0	0	0	0	0	674	0	0	0	564	0	172	170	286	122	0	0	0	0	636	0	192	0	0	0	1196	0	9268	0	0	0	0	0	19622	0	12466	0	0	0	11392	0	12928	0	4212	648	1254	0	1392	0	498	0	0	0	0	166	406	0	1882	0	0	0	6304	0	0	0	3480	0	0	0	0	0	0	0	0	0	0	0	0	0	0	0	0	0	0	0	0	0	0	0	0	0	0	0	
125240	Parietal_Inf_R	0	1758	0	100	0	0	0	0	0	0	0	0	0	0	0	0	0	1066	0	100	0	0	0	0	0	0	0	0	0	418	0	0	0	0	0	68	0	80	0	0	0	0	0	110	0	254	0	0	0	1466	0	3120	0	0	0	0	0	9026	0	12358	0	0	0	15750	0	9032	0	790	0	122	0	0	0	124	0	0	0	0	0	152	0	1144	0	0	0	2960	0	0	0	2622	0	0	0	0	0	0	0	0	0	0	0	0	0	0	0	0	0	0	0	0	0	0	0	0	0	0	
95196	SupraMarginal_L	2552	0	194	0	0	0	0	0	0	0	80	0	0	0	0	0	2730	0	230	0	0	0	0	0	0	0	0	0	1062	0	0	0	288	0	0	0	438	0	0	0	0	0	346	0	0	0	0	0	0	0	1362	0	0	0	0	0	8014	0	498	0	11392	0	0	0	5744	0	868	0	180	0	1362	0	346	0	0	0	0	0	484	0	5336	0	0	0	3044	0	0	0	1048	0	0	0	0	0	0	0	0	0	0	0	0	0	0	0	0	0	0	0	0	0	0	0	0	0	0	0	
116936	SupraMarginal_R	0	2788	0	0	0	0	0	310	0	0	0	0	0	0	0	0	0	2800	0	164	0	0	0	0	0	0	0	0	0	460	0	0	0	68	0	144	0	648	0	0	0	0	0	186	0	0	0	0	0	492	0	694	0	0	0	82	0	11874	0	5324	0	15750	0	0	0	4832	102	594	0	340	0	0	0	268	0	0	0	0	0	1138	0	6680	0	0	0	2066	0	0	0	664	0	0	0	0	0	0	0	0	0	0	0	0	0	0	0	0	0	0	0	0	0	0	0	0	0	0	
100432	Angular_L	80	0	0	0	0	0	0	0	0	0	0	0	0	0	0	0	130	0	0	0	0	0	0	0	0	0	0	0	0	0	0	0	756	0	0	0	0	0	0	0	0	0	0	0	0	0	0	0	72	0	14110	0	0	0	0	0	2228	0	2700	0	12928	0	5744	0	0	0	1882	0	808	0	0	0	0	0	0	0	0	0	0	0	1610	0	0	0	6906	0	0	0	262	0	0	0	0	0	0	0	0	0	0	0	0	0	0	0	0	0	0	0	0	0	0	0	0	0	0	0	
104032	Angular_R	0	0	0	0	0	0	0	0	0	0	0	0	0	0	0	0	0	0	0	0	0	0	0	0	0	0	0	0	0	0	0	0	0	0	0	0	0	0	0	0	0	0	0	572	0	382	0	0	0	4126	0	12206	0	0	0	0	0	414	0	5892	0	9032	0	4832	0	0	0	832	0	76	0	0	0	0	0	0	0	0	0	0	0	4790	0	0	0	8222	0	0	0	640	0	0	0	0	0	0	0	0	0	0	0	0	0	0	0	0	0	0	0	0	0	0	0	0	0	0	
425932	Precuneus_L	1888	836	284	0	0	0	0	0	0	0	0	0	0	0	0	0	1194	0	100	276	0	0	0	0	0	0	0	0	1070	0	0	0	11376	4448	14980	2730	6198	1426	1488	136	0	0	14234	1084	15322	3810	4724	84	6876	2832	14314	534	1604	0	1026	0	11802	630	10956	1406	4212	0	868	102	1882	0	0	29498	12310	532	98	0	0	0	0	0	126	1706	362	0	1324	768	0	0	5448	4842	0	0	5344	3876	0	0	0	0	0	0	0	0	0	0	0	0	0	0	0	0	0	0	0	0	0	0	0	0	0	0	
521080	Precuneus_R	112	1662	0	0	0	0	0	0	0	0	0	0	0	0	0	0	0	0	72	1990	0	0	0	0	0	0	0	0	0	414	0	0	4764	17992	5424	12402	1064	4452	236	1540	0	0	562	24870	4564	21582	320	7640	1512	21628	3392	10684	0	4534	0	4536	304	10820	1480	11108	648	790	0	594	0	832	29498	0	1348	6864	0	0	0	0	0	0	166	1194	0	0	0	1560	0	0	374	13636	0	0	84	15994	0	0	0	0	0	0	0	1416	0	306	0	0	0	0	0	0	0	0	0	0	3576	0	0	0	0	0	
309688	Paracentral_Lobule_L	28470	6830	1148	284	0	0	0	0	0	0	0	0	0	0	0	0	1180	0	11968	22472	0	0	0	0	0	0	0	0	412	0	138	0	8230	5082	7514	1120	1106	180	0	0	0	0	1502	0	1938	0	440	154	72	0	3410	0	858	0	198	0	8704	182	254	0	1254	0	180	0	808	0	12310	1348	0	7602	768	928	1314	0	2144	0	5628	766	526	0	1194	0	0	0	1448	0	0	0	2706	0	0	0	0	0	0	0	0	0	0	0	0	0	0	0	0	0	0	0	0	0	74	0	0	0	0	0	
264248	Paracentral_Lobule_R	7718	26038	0	258	0	0	128	0	0	0	0	0	0	0	0	0	0	0	1050	23412	0	0	0	0	0	0	0	0	0	156	0	0	874	10088	3290	9856	1510	2054	318	148	0	0	0	1080	0	848	0	582	0	1168	0	584	0	316	0	732	142	5236	0	354	0	122	0	340	0	76	532	6864	7602	0	608	2494	0	0	0	0	3368	7910	0	0	0	132	0	0	0	1608	0	0	0	1962	0	0	0	0	0	0	0	148	0	0	0	0	0	0	0	0	0	0	0	0	418	0	0	0	0	0	
288984	Caudate_L	13022	4992	6456	1138	196	958	2146	1882	112	0	2032	2936	834	1884	670	392	2314	208	6318	3110	4230	4006	736	160	386	224	656	886	6114	754	10912	5618	0	210	0	0	2112	0	156	0	0	0	86	0	0	0	0	0	0	0	0	0	0	0	0	0	5840	84	0	0	1392	0	1362	0	0	0	98	0	768	608	0	12472	16022	2578	2330	774	5456	2836	1842	0	588	0	432	0	88	0	0	0	76	0	0	0	0	0	0	0	0	0	0	0	0	0	0	0	0	0	0	0	0	0	0	0	0	0	0	0	
351272	Caudate_R	1246	10462	370	12684	0	3130	188	1304	0	1198	232	6048	240	5726	174	1904	0	1340	298	20496	2560	4476	324	3440	160	2672	100	1462	342	4346	6016	21056	124	2630	556	566	0	110	0	0	0	0	0	0	0	0	0	0	0	0	0	0	0	0	0	0	134	236	0	0	0	0	0	0	0	0	0	0	928	2494	12472	0	1772	18846	504	2166	3220	14884	0	0	0	0	0	0	0	0	0	0	0	0	0	0	0	0	0	0	0	0	0	0	0	0	0	0	0	0	0	0	0	0	0	0	0	0	0	0	
263872	Putamen_L	11222	1054	14702	552	3596	328	486	358	6046	0	462	0	254	104	9306	160	1082	0	14716	1534	1550	972	1500	0	208	0	1596	312	14018	98	5974	2118	0	90	0	0	4754	0	550	0	154	0	0	0	0	0	0	0	0	0	0	0	0	0	120	0	1486	0	0	0	498	0	346	0	0	0	0	0	1314	0	16022	1772	0	434	5720	0	1142	778	392	0	532	0	1266	0	0	0	0	0	258	0	0	0	0	0	0	0	0	0	0	0	0	0	0	0	0	0	0	0	0	0	0	0	0	0	0	0	
267140	Putamen_R	388	4208	128	11084	0	1908	0	1752	0	1850	0	4536	0	2578	0	2426	0	2414	442	10090	1056	2256	250	4764	0	1266	0	606	94	20740	2822	11256	0	170	0	74	0	8594	0	3268	0	1342	0	0	0	0	0	0	0	0	0	0	0	0	0	2206	266	1382	0	0	0	124	0	268	0	0	0	0	0	0	2578	18846	434	0	94	2672	0	850	0	86	0	528	0	410	0	214	0	0	0	250	0	0	0	0	0	0	0	0	0	0	0	0	0	0	0	0	0	0	0	0	0	0	0	0	0	0	
57532	Pallidum_L	5324	200	3492	0	0	0	236	0	0	0	0	0	0	0	0	0	0	0	4900	192	96	218	0	0	0	0	0	0	102	0	0	0	0	0	0	0	794	0	0	0	0	0	0	0	0	0	0	0	0	0	0	0	0	0	0	0	262	0	0	0	0	0	0	0	0	0	0	0	2144	0	2330	504	5720	94	0	0	2012	146	0	0	0	0	0	0	0	0	0	0	0	0	0	0	0	0	0	0	0	0	0	0	0	0	0	0	0	0	0	0	0	0	0	0	0	0	0	0	
21308	Pallidum_R	0	710	0	448	0	0	0	134	0	0	0	0	0	0	0	0	0	176	0	986	0	0	0	0	0	0	0	0	0	180	124	96	0	0	0	0	0	914	0	678	0	0	0	0	0	0	0	0	0	0	0	0	0	0	0	122	0	474	0	0	0	0	0	0	0	0	0	0	0	0	774	2166	0	2672	0	0	0	0	0	0	0	0	0	0	0	0	0	0	0	0	0	0	0	0	0	0	0	0	0	0	0	0	0	0	0	0	0	0	0	0	0	0	0	0	0	0	
185128	Thalamus_L	19954	4988	670	282	0	0	1806	0	0	0	110	0	0	0	0	0	0	0	290	816	0	0	0	0	0	0	0	0	310	0	136	120	0	0	5808	6638	5424	1874	720	82	0	0	0	0	0	0	212	0	0	0	0	0	0	0	0	0	2672	0	0	0	0	0	0	0	0	0	126	166	5628	3368	5456	3220	1142	0	2012	0	0	18534	0	0	0	0	0	0	0	0	0	0	0	0	0	0	0	0	0	0	0	0	0	0	0	0	0	0	0	0	0	0	0	0	0	0	0	0	0	0	
260080	Thalamus_R	5424	24956	0	5502	0	0	0	746	0	0	0	0	0	312	0	0	0	0	0	3494	0	0	0	0	0	0	0	0	0	0	412	310	0	0	9312	10928	6770	7168	1538	1112	0	114	0	0	0	0	736	404	0	0	0	0	0	0	70	420	330	104	0	0	166	0	0	0	0	0	1706	1194	766	7910	2836	14884	778	850	146	0	18534	0	0	0	0	0	0	0	0	0	0	0	0	0	0	0	0	0	0	0	0	108	0	0	0	0	0	0	0	0	0	0	0	0	0	0	0	0	0	0	
81644	Heschl_L	2692	774	370	0	0	0	1036	0	0	0	884	0	148	0	0	0	4886	0	346	478	0	0	0	0	0	0	0	0	7420	0	0	0	0	0	82	0	4034	0	0	0	0	0	236	0	0	0	0	0	0	0	324	0	402	0	510	0	1822	0	0	0	406	0	484	0	0	0	362	0	526	0	1842	0	392	0	0	0	0	0	0	0	3964	0	0	0	3384	0	0	0	3018	0	0	0	0	0	0	0	0	0	0	0	0	0	0	0	0	0	0	0	0	0	0	0	0	0	0	0	
44928	Heschl_R	0	560	0	0	0	0	0	122	0	0	0	106	0	0	0	0	0	3418	0	118	0	0	0	0	0	0	0	0	0	4808	0	0	0	0	0	0	0	100	0	0	0	0	0	0	0	0	0	0	0	0	0	0	0	126	0	364	0	534	0	0	0	152	0	1138	0	0	0	0	0	0	0	0	0	86	0	0	0	0	0	0	0	7114	0	0	0	2786	0	0	0	932	0	0	0	0	0	0	0	0	0	0	0	0	0	0	0	0	0	0	0	0	0	0	0	0	0	0	
170464	Temporal_Sup_L	4180	92	2596	0	0	0	416	82	0	0	3170	110	70	88	70	0	10762	0	2710	184	0	0	0	0	0	0	0	0	8624	0	0	0	0	0	80	0	1854	0	0	0	0	0	388	0	0	0	0	0	0	0	370	0	166	0	1892	0	4670	0	0	0	1882	0	5336	0	1610	0	1324	0	1194	0	588	0	532	0	0	0	0	0	3964	0	0	0	1166	0	14266	0	0	0	10796	0	0	0	0	0	0	0	0	0	0	0	0	0	0	0	0	0	0	0	0	0	0	0	0	0	0	0	
167504	Temporal_Sup_R	0	412	0	112	0	0	0	76	0	0	0	0	0	0	0	610	0	4536	0	158	0	0	0	0	0	0	0	0	0	8598	0	0	0	0	0	164	0	1992	0	422	0	0	0	212	0	118	0	92	0	1022	0	910	0	0	0	3896	0	2536	0	622	0	1144	0	6680	0	4790	768	1560	0	132	0	0	0	528	0	0	0	0	0	7114	0	0	0	4108	0	22202	0	552	0	7686	0	0	0	0	0	0	0	0	0	0	0	0	0	0	0	0	0	0	0	0	0	0	0	0	0	0	
58264	Temporal_Pole_Sup_L	710	0	790	0	310	0	0	0	220	0	814	296	0	178	1624	0	634	0	952	0	252	0	0	0	0	0	0	0	4130	0	0	0	0	0	0	0	436	0	266	0	242	0	0	0	0	0	0	0	0	0	0	0	0	0	1052	0	0	0	0	0	0	0	0	0	0	0	0	0	0	0	432	0	1266	0	0	0	0	0	0	0	1166	0	0	0	5408	0	3348	0	4606	0	0	0	0	0	0	0	0	0	0	0	0	0	0	0	0	0	0	0	0	0	0	0	0	0	0	0	
63024	Temporal_Pole_Sup_R	0	0	0	0	0	0	0	0	0	0	0	124	0	0	0	970	0	380	0	0	0	0	0	0	0	0	0	0	0	3222	0	0	0	0	0	0	0	624	0	1186	0	1914	0	0	0	0	0	0	0	0	0	0	0	0	0	3132	0	0	0	0	0	0	0	0	0	0	0	0	0	0	0	0	0	410	0	0	0	0	0	0	0	4108	0	0	0	5672	0	7180	0	2590	0	0	0	0	0	0	0	0	0	0	0	0	0	0	0	0	0	0	0	0	0	0	0	0	0	0	
285632	Temporal_Mid_L	574	82	0	0	0	0	0	0	0	0	0	0	0	0	0	0	2134	0	0	0	0	0	0	0	0	0	0	0	2052	0	0	0	4894	248	200	0	2020	0	0	0	0	0	2268	96	316	0	184	0	200	0	25406	0	4798	0	3200	0	4066	0	5268	0	6304	0	3044	0	6906	0	5448	374	1448	0	88	0	0	0	0	0	0	0	3384	0	14266	0	5408	0	0	0	5308	0	32832	0	0	0	0	0	0	0	0	0	0	0	0	0	0	0	0	0	0	0	0	0	0	0	0	0	0	0	
316876	Temporal_Mid_R	0	1902	0	0	0	0	0	0	0	0	0	0	0	0	0	104	0	1054	0	920	0	0	0	0	0	0	0	0	0	4418	0	0	0	530	0	478	0	1412	0	660	0	0	0	6318	0	1726	0	320	0	5050	0	11704	0	1662	0	5434	0	4772	0	3094	0	2960	0	2066	0	8222	4842	13636	0	1608	0	0	0	214	0	0	0	0	0	2786	0	22202	0	5672	0	0	0	3952	0	38454	0	0	0	0	0	0	0	0	0	0	0	0	0	0	0	0	0	0	0	0	266	0	0	0	0	0	
29992	Temporal_Pole_Mid_L	0	0	0	0	0	0	0	0	0	0	0	0	0	0	0	0	0	0	0	0	0	0	0	0	0	0	0	0	0	0	0	0	0	0	0	0	0	0	118	0	116	0	0	0	0	0	0	0	0	0	0	0	0	0	718	0	0	0	0	0	0	0	0	0	0	0	0	0	0	0	0	0	0	0	0	0	0	0	0	0	0	0	3348	0	5308	0	0	0	5388	0	0	0	0	0	0	0	0	0	0	0	0	0	0	0	0	0	0	0	0	0	0	0	0	0	0	0	
40800	Temporal_Pole_Mid_R	0	0	0	0	0	0	0	0	0	0	0	0	0	0	0	0	0	0	0	0	0	0	0	0	0	0	0	0	0	0	0	0	0	0	0	0	0	208	0	834	0	766	0	0	0	0	0	0	0	0	0	0	0	0	0	2640	0	0	0	0	0	0	0	0	0	0	0	0	0	0	0	0	0	0	0	0	0	0	0	0	0	552	0	7180	0	3952	0	0	0	4268	0	0	0	0	0	0	0	0	0	0	0	0	0	0	0	0	0	0	0	0	0	0	0	0	0	0	
257356	Temporal_Inf_L	986	90	0	0	0	0	0	0	0	0	0	0	0	0	0	0	3258	0	100	0	0	0	0	0	0	0	0	0	4332	0	0	0	1646	0	262	0	6888	0	156	0	1214	0	982	0	264	0	470	0	152	0	3708	0	6356	0	12998	0	5840	0	3844	0	3480	0	1048	0	262	0	5344	84	2706	0	76	0	258	0	0	0	0	0	3018	0	10796	0	4606	0	32832	0	5388	0	0	0	2686	0	130	0	102	0	624	0	1692	0	0	0	0	0	0	0	0	0	0	0	0	0	0	0	0	0	
297256	Temporal_Inf_R	0	2306	0	0	0	0	0	84	0	0	0	0	0	0	0	0	0	474	0	1022	0	0	0	0	0	0	0	0	0	2138	0	0	0	386	0	982	0	4400	0	1142	0	590	0	6494	0	1026	0	652	0	2076	0	1316	0	8028	0	18884	0	6964	0	6528	0	2622	0	664	0	640	3876	15994	0	1962	0	0	0	250	0	0	0	0	0	932	0	7686	0	2590	0	38454	0	4268	0	0	0	1666	0	214	0	0	0	162	0	406	0	142	0	246	0	0	0	0	0	0	362	0	0	0	0	0	
387472	Cerebelum_Crus1_L	0	0	0	0	0	0	0	0	0	0	0	0	0	0	0	0	0	0	0	0	0	0	0	0	0	0	0	0	0	0	0	0	0	0	0	0	0	0	0	0	0	0	0	0	0	0	9030	1150	0	0	0	0	422	104	19810	434	0	0	0	0	0	0	0	0	0	0	0	0	0	0	0	0	0	0	0	0	0	0	0	0	0	0	0	0	0	0	0	0	2686	0	0	2002	32056	1022	342	0	19594	626	58678	2190	11388	0	16636	172	3148	276	1104	0	0	74	2102	3948	3486	578	678	0	
473272	Cerebelum_Crus1_R	0	0	0	0	0	0	0	0	0	0	0	0	0	0	0	0	0	0	0	0	0	0	0	0	0	0	0	0	0	0	0	0	0	0	0	0	0	0	0	0	0	0	0	456	0	0	1492	7570	0	0	0	500	0	2600	122	15970	0	0	0	0	0	0	0	0	0	0	0	0	0	0	0	0	0	0	0	0	0	0	0	0	0	0	0	0	0	0	0	0	0	1666	2002	0	3310	37590	0	812	3108	15464	2468	55568	2536	8646	2882	28292	554	10360	0	740	252	550	8304	6496	10428	2950	2410	538	
343516	Cerebelum_Crus2_L	0	0	0	0	0	0	0	0	0	0	0	0	0	0	0	0	0	0	0	0	0	0	0	0	0	0	0	0	0	0	0	0	0	0	0	0	0	0	0	0	0	0	0	0	0	0	726	548	0	0	0	0	0	0	568	236	0	0	0	0	0	0	0	0	0	0	0	0	0	0	0	0	0	0	0	0	0	0	0	0	0	0	0	0	0	0	0	0	130	0	32056	3310	0	7002	0	0	1736	78	7120	1394	48004	2366	42412	2230	8096	202	750	0	0	0	254	1522	8698	1836	484	0	
338904	Cerebelum_Crus2_R	0	0	0	0	0	0	0	0	0	0	0	0	0	0	0	0	0	0	0	0	0	0	0	0	0	0	0	0	0	0	0	0	0	0	0	0	0	0	0	0	0	0	0	0	0	0	138	502	0	0	0	0	0	168	0	886	0	0	0	0	0	0	0	0	0	0	0	0	0	0	0	0	0	0	0	0	0	0	0	0	0	0	0	0	0	0	0	0	0	214	1022	37590	7002	0	0	0	214	108	308	7214	5624	29332	4128	43600	590	9894	0	592	0	0	232	1252	12502	4048	2292	0	
27756	Cerebelum_3_L	0	0	0	0	0	0	0	0	0	0	0	0	0	0	0	0	0	0	0	0	0	0	0	0	0	0	0	0	0	0	0	0	0	0	0	0	0	0	0	0	0	0	0	0	0	0	138	0	0	0	0	0	0	0	98	0	0	0	0	0	0	0	0	0	0	0	0	0	0	0	0	0	0	0	0	0	0	0	0	0	0	0	0	0	0	0	0	0	102	0	342	0	0	0	0	86	6612	0	886	160	0	0	0	0	178	0	0	0	894	3478	744	160	0	0	0	0	
28116	Cerebelum_3_R	0	0	0	0	0	0	0	0	0	0	0	0	0	0	0	0	0	0	0	0	0	0	0	0	0	0	0	0	0	0	0	0	0	0	0	0	0	0	0	0	0	0	0	0	0	0	86	194	0	0	0	0	0	0	0	378	0	0	0	0	0	0	0	0	0	0	0	0	0	0	0	0	0	0	0	0	0	0	0	0	0	0	0	0	0	0	0	0	0	0	0	812	0	0	86	0	376	3852	230	3790	0	0	0	0	0	226	0	0	710	2190	780	198	0	0	150	0	
297668	Cerebelum_4_5_L	0	0	0	0	0	0	0	0	0	0	0	0	0	0	0	0	0	0	0	0	0	0	0	0	0	0	0	0	0	0	0	0	0	0	0	0	0	0	82	0	0	0	0	0	0	0	12094	2616	0	0	0	0	0	148	8822	1508	0	0	0	0	0	0	0	0	0	0	0	0	0	0	0	0	0	0	0	0	0	0	0	0	0	0	0	0	0	0	0	0	624	0	19594	3108	1736	214	6612	376	0	5902	38356	8350	320	344	442	532	2312	2942	536	758	732	3348	13926	7312	172	1738	2314	964	
225044	Cerebelum_4_5_R	0	140	0	0	0	0	0	0	0	0	0	0	0	0	0	0	0	0	0	106	0	0	0	0	0	0	0	0	0	0	0	0	0	170	68	1158	0	1156	0	1484	0	0	0	238	0	0	1620	8424	0	0	0	0	0	1512	226	11826	0	68	0	0	0	0	0	0	0	0	0	1416	0	148	0	0	0	0	0	0	0	108	0	0	0	0	0	0	0	0	0	0	0	162	626	15464	78	108	0	3852	5902	0	4006	30642	0	0	0	234	168	1018	0	134	188	838	16036	1790	0	264	762	382	
447652	Cerebelum_6_L	0	0	0	0	0	0	0	0	0	0	0	0	0	0	0	0	0	0	0	0	0	0	0	0	0	0	0	0	0	0	0	0	0	0	0	0	0	0	0	0	0	0	0	0	0	0	17382	2878	0	0	84	0	424	164	26236	1214	0	0	0	0	0	0	0	0	0	0	0	0	0	0	0	0	0	0	0	0	0	0	0	0	0	0	0	0	0	0	0	0	1692	0	58678	2468	7120	308	886	230	38356	4006	0	6732	2324	344	4024	566	4742	4468	1776	1436	96	218	10854	13394	1612	3830	4460	824	
444736	Cerebelum_6_R	0	0	0	0	0	0	0	0	0	0	0	0	0	0	0	0	0	0	0	0	0	0	0	0	0	0	0	0	0	0	0	0	0	0	0	288	0	454	0	530	0	0	0	1052	0	0	3380	14216	0	0	0	272	0	3922	300	24214	0	0	0	0	0	0	0	0	0	0	0	306	0	0	0	0	0	0	0	0	0	0	0	0	0	0	0	0	0	0	0	0	0	406	2190	55568	1394	7214	160	3790	8350	30642	6732	0	420	2734	630	6044	300	4570	0	646	528	1220	18194	11316	5678	2246	1822	640	
274040	Cerebelum_7b_L	0	0	0	0	0	0	0	0	0	0	0	0	0	0	0	0	0	0	0	0	0	0	0	0	0	0	0	0	0	0	0	0	0	0	0	0	0	0	0	0	0	0	0	0	0	0	0	0	0	0	0	0	0	0	102	0	0	0	0	0	0	0	0	0	0	0	0	0	0	0	0	0	0	0	0	0	0	0	0	0	0	0	0	0	0	0	0	0	0	0	11388	2536	48004	5624	0	0	320	0	2324	420	0	2158	40644	3114	7902	252	612	0	0	0	0	592	6978	3608	442	0	
171784	Cerebelum_7b_R	0	0	0	0	0	0	0	0	0	0	0	0	0	0	0	0	0	0	0	0	0	0	0	0	0	0	0	0	0	0	0	0	0	0	0	0	0	0	0	0	0	0	0	0	0	0	266	0	0	0	0	0	0	0	0	148	0	0	0	0	0	0	0	0	0	0	0	0	0	0	0	0	0	0	0	0	0	0	0	0	0	0	0	0	0	0	0	0	0	142	0	8646	2366	29332	0	0	344	0	344	2734	2158	0	984	29382	0	3150	0	454	0	0	354	370	3000	1718	0	0	
291108	Cerebelum_8_L	0	0	0	0	0	0	0	0	0	0	0	0	0	0	0	0	0	0	0	0	0	0	0	0	0	0	0	0	0	0	0	0	0	0	0	0	0	0	0	0	0	0	0	0	0	0	174	142	0	0	0	0	0	0	198	126	0	0	0	0	0	0	0	0	0	0	0	0	0	0	0	0	0	0	0	0	0	0	0	0	0	0	0	0	0	0	0	0	0	0	16636	2882	42412	4128	0	0	442	0	4024	630	40644	984	0	3794	13784	372	1956	0	0	0	80	680	5580	4814	1072	0	
306404	Cerebelum_8_R	0	0	0	0	0	0	0	0	0	0	0	0	0	0	0	0	0	0	0	0	0	0	0	0	0	0	0	0	0	0	0	0	0	0	0	0	0	0	0	0	0	0	0	0	0	0	430	0	0	0	0	0	0	0	0	436	0	0	0	0	0	0	0	0	0	0	0	0	0	0	0	0	0	0	0	0	0	0	0	0	0	0	0	0	0	0	0	0	0	246	172	28292	2230	43600	0	0	532	234	566	6044	3114	29382	3794	0	498	18538	0	1008	0	0	548	730	5124	5570	2114	0	
127684	Cerebelum_9_L	0	0	0	0	0	0	0	0	0	0	0	0	0	0	0	0	0	0	0	0	0	0	0	0	0	0	0	0	0	0	0	0	0	0	0	0	0	0	0	0	0	0	0	0	0	0	572	134	0	0	0	0	0	0	0	0	0	0	0	0	0	0	0	0	0	0	0	0	0	0	0	0	0	0	0	0	0	0	0	0	0	0	0	0	0	0	0	0	0	0	3148	554	8096	590	178	0	2312	168	4742	300	7902	0	13784	498	0	2412	4112	1008	0	0	1058	3594	1386	3370	3644	280	
173092	Cerebelum_9_R	0	0	0	0	0	0	0	0	0	0	0	0	0	0	0	0	0	0	0	0	0	0	0	0	0	0	0	0	0	0	0	0	0	0	0	0	0	0	0	0	0	0	0	0	0	0	942	744	0	0	0	0	0	0	0	150	0	0	0	0	0	0	0	0	0	0	0	0	0	0	0	0	0	0	0	0	0	0	0	0	0	0	0	0	0	0	0	0	0	0	276	10360	202	9894	0	226	2942	1018	4468	4570	252	3150	372	18538	2412	0	908	2692	128	232	3060	5390	1784	4924	5672	1240	
32040	Cerebelum_10_L	0	0	0	0	0	0	0	0	0	0	0	0	0	0	0	0	0	0	0	0	0	0	0	0	0	0	0	0	0	0	0	0	0	0	0	0	0	0	0	0	0	0	0	0	0	0	0	0	0	0	0	0	0	0	0	0	0	0	0	0	0	0	0	0	0	0	0	0	0	0	0	0	0	0	0	0	0	0	0	0	0	0	0	0	0	0	0	0	0	0	1104	0	750	0	0	0	536	0	1776	0	612	0	1956	0	4112	908	0	560	0	0	0	1372	136	1048	1150	0	
29520	Cerebelum_10_R	0	0	0	0	0	0	0	0	0	0	0	0	0	0	0	0	0	0	0	0	0	0	0	0	0	0	0	0	0	0	0	0	0	0	0	0	0	0	0	0	0	0	0	0	0	0	94	86	0	0	0	0	0	0	0	0	0	0	0	0	0	0	0	0	0	0	0	0	0	0	0	0	0	0	0	0	0	0	0	0	0	0	0	0	0	0	0	0	0	0	0	740	0	592	0	0	758	134	1436	646	0	454	0	1008	1008	2692	560	0	0	0	596	1516	0	1110	1330	0	
18736	Vermis_1_2	0	0	0	0	0	0	0	0	0	0	0	0	0	0	0	0	0	0	0	0	0	0	0	0	0	0	0	0	0	0	0	0	0	0	0	0	0	0	0	0	0	0	0	0	0	0	0	0	0	0	0	0	0	0	0	0	0	0	0	0	0	0	0	0	0	0	0	0	0	0	0	0	0	0	0	0	0	0	0	0	0	0	0	0	0	0	0	0	0	0	0	252	0	0	894	710	732	188	96	528	0	0	0	0	0	128	0	0	0	4522	1318	0	0	0	0	0	
38144	Vermis_3	0	0	0	0	0	0	0	0	0	0	0	0	0	0	0	0	0	0	0	0	0	0	0	0	0	0	0	0	0	0	0	0	0	0	0	0	0	0	0	0	0	0	0	0	0	0	0	120	0	0	0	0	0	0	0	0	0	0	0	0	0	0	0	0	0	0	0	0	0	0	0	0	0	0	0	0	0	0	0	0	0	0	0	0	0	0	0	0	0	0	74	550	0	0	3478	2190	3348	838	218	1220	0	0	0	0	0	232	0	0	4522	0	2058	132	0	0	92	0	
255632	Vermis_4_5	0	0	0	0	0	0	0	0	0	0	0	0	0	0	0	0	0	0	0	236	0	0	0	0	0	0	0	0	0	0	0	0	0	418	180	2104	0	230	0	0	0	0	0	668	0	230	5446	10056	0	394	0	160	0	1418	672	6518	0	240	0	0	0	0	0	0	0	0	0	3576	74	418	0	0	0	0	0	0	0	0	0	0	0	0	0	0	0	266	0	0	0	362	2102	8304	254	232	744	780	13926	16036	10854	18194	0	354	80	548	1058	3060	0	596	1318	2058	0	8386	152	1446	2056	1612	
208444	Vermis_6	0	0	0	0	0	0	0	0	0	0	0	0	0	0	0	0	0	0	0	0	0	0	0	0	0	0	0	0	0	0	0	0	0	0	0	0	0	0	0	0	0	0	0	556	0	0	4408	6860	0	0	0	128	0	898	930	4176	0	0	0	0	0	0	0	0	0	0	0	0	0	0	0	0	0	0	0	0	0	0	0	0	0	0	0	0	0	0	0	0	0	0	3948	6496	1522	1252	160	198	7312	1790	13394	11316	592	370	680	730	3594	5390	1372	1516	0	132	8386	0	4964	4484	5250	1418	
171564	Vermis_7	0	0	0	0	0	0	0	0	0	0	0	0	0	0	0	0	0	0	0	0	0	0	0	0	0	0	0	0	0	0	0	0	0	0	0	0	0	0	0	0	0	0	0	0	0	0	204	2104	0	0	0	0	0	474	0	1534	0	0	0	0	0	0	0	0	0	0	0	0	0	0	0	0	0	0	0	0	0	0	0	0	0	0	0	0	0	0	0	0	0	0	3486	10428	8698	12502	0	0	172	0	1612	5678	6978	3000	5580	5124	1386	1784	136	0	0	0	152	4964	0	5922	3864	0	
