data	data	578716	357964	1.21857e+06	1.00866e+06	158560	67540	740036	290652	94372	19968	289492	254260	450428	173500	245280	73280	336360	280964	930488	1.08822e+06	56540	53008	616116	561128	37696	96024	37132	55768	791328	416508	499648	595376	368116	842124	43860	81844	229556	264404	100188	119936	60944	44868	138396	284232	139840	313060	179620	287980	150040	333256	408444	225740	127816	103332	383372	415356	314288	114552	239388	67504	242308	81500	138232	92368	155352	119368	222056	338860	181916	292328	281204	487576	333276	355856	55904	29436	159588	250224	144744	30092	286132	105916	157488	30184	299704	143324	34616	7432	259500	208844	350628	337132	223396	239704	25484	55332	240084	191336	333004	402116	235908	137384	264692	277412	93492	110264	16892	5020	19104	39164	165068	140732	142612	64244	41628	24912	
data	data	Precentral_L	Precentral_R	Frontal_Sup_L	Frontal_Sup_R	Frontal_Sup_Orb_L	Frontal_Sup_Orb_R	Frontal_Mid_L	Frontal_Mid_R	Frontal_Mid_Orb_L	Frontal_Mid_Orb_R	Frontal_Inf_Oper_L	Frontal_Inf_Oper_R	Frontal_Inf_Tri_L	Frontal_Inf_Tri_R	Frontal_Inf_Orb_L	Frontal_Inf_Orb_R	Rolandic_Oper_L	Rolandic_Oper_R	Supp_Motor_Area_L	Supp_Motor_Area_R	Olfactory_L	Olfactory_R	Frontal_Sup_Medial_L	Frontal_Sup_Medial_R	Frontal_Med_Orb_L	Frontal_Med_Orb_R	Rectus_L	Rectus_R	Insula_L	Insula_R	Cingulum_Ant_L	Cingulum_Ant_R	Cingulum_Mid_L	Cingulum_Mid_R	Cingulum_Post_L	Cingulum_Post_R	Hippocampus_L	Hippocampus_R	ParaHippocampal_L	ParaHippocampal_R	Amygdala_L	Amygdala_R	Calcarine_L	Calcarine_R	Cuneus_L	Cuneus_R	Lingual_L	Lingual_R	Occipital_Sup_L	Occipital_Sup_R	Occipital_Mid_L	Occipital_Mid_R	Occipital_Inf_L	Occipital_Inf_R	Fusiform_L	Fusiform_R	Postcentral_L	Postcentral_R	Parietal_Sup_L	Parietal_Sup_R	Parietal_Inf_L	Parietal_Inf_R	SupraMarginal_L	SupraMarginal_R	Angular_L	Angular_R	Precuneus_L	Precuneus_R	Paracentral_Lobule_L	Paracentral_Lobule_R	Caudate_L	Caudate_R	Putamen_L	Putamen_R	Pallidum_L	Pallidum_R	Thalamus_L	Thalamus_R	Heschl_L	Heschl_R	Temporal_Sup_L	Temporal_Sup_R	Temporal_Pole_Sup_L	Temporal_Pole_Sup_R	Temporal_Mid_L	Temporal_Mid_R	Temporal_Pole_Mid_L	Temporal_Pole_Mid_R	Temporal_Inf_L	Temporal_Inf_R	Cerebelum_Crus1_L	Cerebelum_Crus1_R	Cerebelum_Crus2_L	Cerebelum_Crus2_R	Cerebelum_3_L	Cerebelum_3_R	Cerebelum_4_5_L	Cerebelum_4_5_R	Cerebelum_6_L	Cerebelum_6_R	Cerebelum_7b_L	Cerebelum_7b_R	Cerebelum_8_L	Cerebelum_8_R	Cerebelum_9_L	Cerebelum_9_R	Cerebelum_10_L	Cerebelum_10_R	Vermis_1_2	Vermis_3	Vermis_4_5	Vermis_6	Vermis_7	Vermis_8	Vermis_9	Vermis_10	
578716	Precentral_L	0	358	33826	214	0	0	39582	150	0	0	20056	0	9472	0	826	0	15002	0	14348	1596	0	0	216	0	0	0	0	0	20126	0	160	0	1000	1750	0	0	5814	0	970	0	0	0	0	0	354	0	0	0	130	0	2286	0	756	0	1062	0	33006	0	2070	0	3888	0	3426	0	826	0	406	0	21452	834	3872	448	7364	0	3160	0	16340	284	8904	0	6978	0	1390	0	2352	0	0	0	2304	0	0	0	0	0	0	0	0	0	0	0	0	0	0	0	0	0	0	0	0	0	0	0	0	0	0	0	
357964	Precentral_R	358	0	0	31144	0	0	0	14854	0	0	0	7386	0	696	0	0	0	6822	248	33152	0	0	0	0	0	0	0	0	0	8882	0	116	0	1098	0	132	0	6858	0	522	0	0	0	206	0	980	0	134	0	2750	0	528	0	0	0	932	0	15844	0	626	0	2424	0	6226	0	2862	612	3018	426	3796	0	2344	0	5414	0	124	240	12950	0	162	0	1496	0	0	0	686	0	0	0	1934	0	0	0	0	0	0	0	0	0	0	0	0	0	0	0	0	0	0	0	0	0	0	0	0	0	0	
1.21857e+06	Frontal_Sup_L	33826	0	0	12220	13710	600	94644	480	4986	0	14164	0	33360	280	16272	0	14162	0	74832	13254	368	0	59216	21854	1038	1038	562	0	48888	114	33998	14008	6922	15536	0	0	4728	0	598	0	440	0	0	0	0	0	0	0	0	0	268	0	96	0	356	0	7372	0	256	0	678	0	728	0	112	0	0	0	2594	0	12020	478	14512	0	3442	0	14238	0	4570	0	5820	0	4186	0	818	0	0	0	642	0	0	0	0	0	0	0	0	0	0	0	0	0	0	0	0	0	0	0	0	0	0	0	0	0	0	0	
1.00866e+06	Frontal_Sup_R	214	31144	12220	0	0	1502	2948	43002	0	156	168	16898	2010	8696	670	1992	0	18876	30180	85728	0	0	19840	42672	0	2970	0	130	742	18768	8680	33472	12042	31108	0	100	0	3974	0	540	0	0	0	136	0	358	0	0	0	714	0	172	0	0	0	928	0	2628	0	0	0	1212	0	3030	0	1702	0	676	96	722	3570	28942	296	13142	0	606	552	7146	0	1750	0	3010	0	96	0	132	0	0	0	1130	0	0	0	0	0	0	0	0	0	0	0	0	0	0	0	0	0	0	0	144	0	0	0	0	0	0	
158560	Frontal_Sup_Orb_L	0	0	13710	0	0	0	2784	0	13508	0	0	0	1674	0	11662	0	0	0	424	0	1366	212	2266	0	2932	0	4938	100	9508	0	4336	0	0	0	0	0	148	0	0	0	622	0	0	0	0	0	0	0	0	0	0	0	0	0	0	0	0	0	0	0	0	0	0	0	0	0	0	0	0	0	1148	0	6414	0	0	0	0	0	0	0	0	0	1528	0	0	0	0	0	0	0	0	0	0	0	0	0	0	0	0	0	0	0	0	0	0	0	0	0	0	0	0	0	0	0	0	0	
67540	Frontal_Sup_Orb_R	0	0	600	1502	0	0	0	726	0	3312	0	0	0	0	0	3266	0	0	0	0	138	598	1656	3240	332	7556	0	6016	0	364	1236	882	0	0	0	0	0	0	0	0	0	0	0	0	0	0	0	0	0	0	0	0	0	0	0	0	0	0	0	0	0	0	0	0	0	0	0	0	0	0	132	1206	0	1008	0	0	0	0	0	0	0	0	0	0	0	0	0	0	0	0	0	0	0	0	0	0	0	0	0	0	0	0	0	0	0	0	0	0	0	0	0	0	0	0	0	0	
740036	Frontal_Mid_L	39582	0	94644	2948	2784	0	0	164	3392	0	18266	0	51146	0	15336	0	5694	0	16436	1610	0	0	19422	5808	0	0	0	0	36864	0	10078	3180	2110	3788	0	0	2676	0	160	0	0	0	0	0	0	0	0	0	0	0	406	0	0	0	130	0	7194	0	604	0	1344	0	2608	0	150	0	0	0	958	0	674	0	7594	0	1186	0	2118	0	2910	0	1678	0	3568	0	470	0	0	0	338	0	0	0	0	0	0	0	0	0	0	0	0	0	0	0	0	0	0	0	0	0	0	0	0	0	0	0	
290652	Frontal_Mid_R	150	14854	480	43002	0	726	164	0	0	1386	0	12330	100	17894	0	2496	0	3960	3226	7248	0	0	1844	3758	0	0	0	0	0	8386	1170	3134	2768	7324	0	0	0	950	0	110	0	0	0	0	0	0	0	0	0	0	0	0	0	0	0	114	0	1514	0	0	0	0	0	346	0	0	0	0	148	0	342	2190	100	2646	0	0	128	108	0	0	0	230	0	0	0	0	0	0	0	0	0	0	0	0	0	0	0	0	0	0	0	0	0	0	0	0	0	0	0	0	0	0	0	0	0	0	
94372	Frontal_Mid_Orb_L	0	0	4986	0	13508	0	3392	0	0	0	0	0	2438	0	13212	0	0	0	108	0	0	0	0	0	186	0	1908	0	4536	0	0	0	0	0	0	0	0	0	0	0	106	0	0	0	0	0	0	0	0	0	0	0	0	0	0	0	0	0	0	0	0	0	0	0	0	0	0	0	0	0	0	0	1764	0	0	0	0	0	0	0	0	0	1042	0	0	0	0	0	0	0	0	0	0	0	0	0	0	0	0	0	0	0	0	0	0	0	0	0	0	0	0	0	0	0	0	0	
19968	Frontal_Mid_Orb_R	0	0	0	156	0	3312	0	1386	0	0	0	0	0	554	0	3796	0	0	0	0	0	0	0	0	0	164	0	500	0	116	0	0	0	0	0	0	0	0	0	0	0	0	0	0	0	0	0	0	0	0	0	0	0	0	0	0	0	0	0	0	0	0	0	0	0	0	0	0	0	0	0	0	0	0	0	0	0	0	0	0	0	0	0	0	0	0	0	0	0	0	0	0	0	0	0	0	0	0	0	0	0	0	0	0	0	0	0	0	0	0	0	0	0	0	0	0	
289492	Frontal_Inf_Oper_L	20056	0	14164	168	0	0	18266	0	0	0	0	0	18522	0	520	0	14804	0	9258	218	0	0	0	0	0	0	0	0	23996	0	0	0	0	0	0	0	352	0	0	0	0	0	0	0	0	0	0	0	0	0	0	0	0	0	0	0	8694	0	0	0	136	0	178	0	0	0	0	0	0	0	368	0	1576	0	186	0	306	0	444	0	4804	0	7730	0	0	0	0	0	0	0	0	0	0	0	0	0	0	0	0	0	0	0	0	0	0	0	0	0	0	0	0	0	0	0	0	0	
254260	Frontal_Inf_Oper_R	0	7386	0	16898	0	0	0	12330	0	0	0	0	0	11528	0	788	0	12490	3130	8876	0	0	0	1942	0	0	0	0	0	21584	180	2870	586	2214	0	0	0	1506	0	592	0	0	0	0	0	0	0	0	0	0	0	0	0	0	0	1256	0	1678	0	0	0	0	0	298	0	0	0	0	0	0	944	7762	100	8066	0	144	0	0	0	168	0	1110	0	240	0	0	0	0	0	464	0	0	0	0	0	0	0	0	0	0	0	0	0	0	0	0	0	0	0	0	0	0	0	0	0	0	
450428	Frontal_Inf_Tri_L	9472	0	33360	2010	1674	0	51146	100	2438	0	18522	0	0	0	25064	0	3834	0	9798	1458	0	0	7778	2976	0	0	0	0	40444	0	1158	582	2066	2948	0	0	0	0	0	0	0	0	0	0	0	0	0	0	0	0	0	0	0	0	0	0	2332	0	0	0	0	0	0	0	0	0	0	0	0	0	98	0	2750	0	0	0	0	0	0	0	918	0	2288	0	0	0	0	0	0	0	0	0	0	0	0	0	0	0	0	0	0	0	0	0	0	0	0	0	0	0	0	0	0	0	0	0	
173500	Frontal_Inf_Tri_R	0	696	280	8696	0	0	0	17894	0	554	0	11528	0	0	0	4436	0	146	2748	4442	0	0	924	1340	0	0	0	0	0	12206	1470	3932	2472	5948	0	0	0	0	0	0	0	0	0	0	0	0	0	0	0	0	0	0	0	0	0	0	0	0	0	0	0	0	0	0	0	0	0	0	0	0	862	4422	114	1640	0	0	0	0	0	0	0	0	0	0	0	0	0	0	0	0	0	0	0	0	0	0	0	0	0	0	0	0	0	0	0	0	0	0	0	0	0	0	0	0	0	0	
245280	Frontal_Inf_Orb_L	826	0	16272	670	11662	0	15336	0	13212	0	520	0	25064	0	0	0	126	0	3078	296	1568	116	3642	1274	98	0	678	0	16034	0	1032	272	1040	1264	0	0	186	0	170	0	422	0	0	0	0	0	0	0	0	0	0	0	0	0	0	0	0	0	0	0	0	0	0	0	0	0	0	0	0	0	782	0	2894	0	0	0	0	0	0	0	0	0	4106	0	0	0	0	0	0	0	0	0	0	0	0	0	0	0	0	0	0	0	0	0	0	0	0	0	0	0	0	0	0	0	0	0	
73280	Frontal_Inf_Orb_R	0	0	0	1992	0	3266	0	2496	0	3796	0	788	0	4436	0	0	0	0	884	1432	0	1010	0	0	0	0	0	1214	0	6964	166	308	164	898	0	0	0	0	0	0	0	0	0	0	0	0	0	0	0	0	0	0	0	0	0	0	0	0	0	0	0	0	0	0	0	0	0	0	0	102	456	3048	0	1504	0	0	0	480	0	0	0	414	0	702	0	120	0	0	0	0	0	0	0	0	0	0	0	0	0	0	0	0	0	0	0	0	0	0	0	0	0	0	0	0	0	0	
336360	Rolandic_Oper_L	15002	0	14162	0	0	0	5694	0	0	0	14804	0	3834	0	126	0	0	0	16522	0	0	0	0	0	0	0	0	0	33452	0	282	0	0	0	0	0	3340	0	0	0	0	0	0	0	0	0	0	0	0	0	1128	0	730	0	856	0	12008	0	478	0	304	0	2564	0	0	0	106	0	0	0	942	0	5850	0	146	0	1424	0	5924	0	19358	0	4232	0	2372	0	0	0	2540	0	0	0	0	0	0	0	0	0	0	0	0	0	0	0	0	0	0	0	0	0	0	0	0	0	0	0	
280964	Rolandic_Oper_R	0	6822	0	18876	0	0	0	3960	0	0	0	12490	0	146	0	0	0	0	1020	8522	0	0	0	1762	0	116	0	0	0	22450	0	2292	138	384	0	0	0	5656	0	1962	0	0	0	0	0	0	0	0	0	118	0	0	0	0	0	3408	0	3828	0	0	0	0	0	3080	0	0	0	180	0	0	0	7620	0	18466	0	2238	0	254	0	4180	0	7380	0	238	0	688	0	0	0	2208	0	0	0	0	0	0	0	0	0	0	0	0	0	0	0	0	0	0	0	0	0	0	0	0	0	0	
930488	Supp_Motor_Area_L	14348	248	74832	30180	424	0	16436	3226	108	0	9258	3130	9798	2748	3078	884	16522	1020	0	59708	0	0	13716	11874	0	0	0	0	28502	3440	12748	14410	16444	38036	276	240	1112	0	0	0	0	0	0	0	0	0	0	0	0	0	0	0	0	0	0	0	7190	0	114	0	328	0	260	0	0	0	0	0	3782	2360	19848	9860	16190	940	4312	0	2258	452	2980	0	5388	116	1872	0	104	0	0	0	0	0	0	0	0	0	0	0	0	0	0	0	0	0	0	0	0	0	0	0	0	144	0	0	0	0	0	0	
1.08822e+06	Supp_Motor_Area_R	1596	33152	13254	85728	0	0	1610	7248	0	0	218	8876	1458	4442	296	1432	0	8522	59708	0	0	0	7770	16106	0	0	0	0	784	13310	3782	18218	15202	70392	324	2186	628	6356	592	516	0	0	0	168	0	1008	0	0	0	1532	0	314	0	0	230	972	0	2104	126	0	162	1130	0	2994	0	1840	234	1994	4660	43068	6208	39218	240	9032	0	456	1618	36592	0	336	0	1034	0	0	0	1280	0	0	0	1710	0	0	0	0	0	0	0	0	0	0	0	0	0	0	0	0	0	0	0	144	0	0	0	0	0	0	
56540	Olfactory_L	0	0	368	0	1366	138	0	0	0	0	0	0	0	0	1568	0	0	0	0	0	0	3524	0	0	570	144	812	732	2664	0	2142	768	0	0	0	0	272	0	572	0	744	0	0	0	0	0	0	0	0	0	0	0	0	0	120	0	0	0	0	0	0	0	0	0	0	0	0	0	0	0	5682	2142	3150	360	0	0	0	0	0	0	0	0	432	0	0	0	0	0	0	0	0	0	0	0	0	0	0	0	0	0	0	0	0	0	0	0	0	0	0	0	0	0	0	0	0	0	
53008	Olfactory_R	0	0	0	0	212	598	0	0	0	0	0	0	0	0	116	1010	0	0	0	0	3524	0	0	0	0	568	262	2374	0	1748	1308	1298	0	0	0	0	0	0	0	0	0	124	0	0	0	0	0	0	0	0	0	0	0	0	0	0	0	0	0	0	0	0	0	0	0	0	0	0	0	0	5078	3998	3080	748	318	140	0	0	0	0	0	0	0	0	0	0	0	0	0	0	0	0	0	0	0	0	0	0	0	0	0	0	0	0	0	0	0	0	0	0	0	0	0	0	0	0	
616116	Frontal_Sup_Medial_L	216	0	59216	19840	2266	1656	19422	1844	0	0	0	0	7778	924	3642	0	0	0	13716	7770	0	0	0	46918	2444	3506	516	124	3162	210	43020	24468	13976	25906	0	0	0	0	0	0	0	0	0	0	0	0	0	0	0	0	0	0	0	0	0	0	0	0	0	0	0	0	0	0	0	0	0	0	0	0	2574	646	1972	196	0	0	0	0	0	0	0	0	130	0	0	0	0	0	0	0	0	0	0	0	0	0	0	0	0	0	0	0	0	0	0	0	0	0	0	0	0	0	0	0	0	0	
561128	Frontal_Sup_Medial_R	0	0	21854	42672	0	3240	5808	3758	0	0	0	1942	2976	1340	1274	0	0	1762	11874	16106	0	0	46918	0	584	8080	0	656	664	2464	19148	36374	8058	28048	0	0	0	0	0	0	0	0	0	0	0	0	0	0	0	0	0	0	0	0	0	0	0	0	0	0	0	0	0	0	0	0	0	0	0	0	872	9762	272	4058	0	0	0	0	0	0	0	0	0	0	0	0	0	0	0	0	0	0	0	0	0	0	0	0	0	0	0	0	0	0	0	0	0	0	0	0	0	0	0	0	0	0	
37696	Frontal_Med_Orb_L	0	0	1038	0	2932	332	0	0	186	0	0	0	0	0	98	0	0	0	0	0	570	0	2444	584	0	956	2124	334	114	0	5214	546	0	0	0	0	0	0	0	0	0	0	0	0	0	0	0	0	0	0	0	0	0	0	0	0	0	0	0	0	0	0	0	0	0	0	0	0	0	0	576	0	800	0	0	0	0	0	0	0	0	0	0	0	0	0	0	0	0	0	0	0	0	0	0	0	0	0	0	0	0	0	0	0	0	0	0	0	0	0	0	0	0	0	0	0	
96024	Frontal_Med_Orb_R	0	0	1038	2970	0	7556	0	0	0	164	0	0	0	0	0	0	0	116	0	0	144	568	3506	8080	956	0	122	7690	0	120	3892	5962	0	0	0	0	0	0	0	0	0	0	0	0	0	0	0	0	0	0	0	0	0	0	0	0	0	0	0	0	0	0	0	0	0	0	0	0	0	0	298	2624	212	1994	0	0	0	0	0	0	0	0	0	0	0	0	0	0	0	0	0	0	0	0	0	0	0	0	0	0	0	0	0	0	0	0	0	0	0	0	0	0	0	0	0	0	
37132	Rectus_L	0	0	562	0	4938	0	0	0	1908	0	0	0	0	0	678	0	0	0	0	0	812	262	516	0	2124	122	0	244	286	0	3174	180	0	0	0	0	0	0	0	0	0	0	0	0	0	0	0	0	0	0	0	0	0	0	0	0	0	0	0	0	0	0	0	0	0	0	0	0	0	0	1444	0	1316	0	0	0	0	0	0	0	0	0	0	0	0	0	0	0	0	0	0	0	0	0	0	0	0	0	0	0	0	0	0	0	0	0	0	0	0	0	0	0	0	0	0	0	
55768	Rectus_R	0	0	0	130	100	6016	0	0	0	500	0	0	0	0	0	1214	0	0	0	0	732	2374	124	656	334	7690	244	0	0	926	780	3112	0	0	0	0	0	0	0	0	0	0	0	0	0	0	0	0	0	0	0	0	0	0	0	0	0	0	0	0	0	0	0	0	0	0	0	0	0	0	714	1108	406	724	0	0	0	0	0	0	0	0	0	0	0	0	0	0	0	0	0	0	0	0	0	0	0	0	0	0	0	0	0	0	0	0	0	0	0	0	0	0	0	0	0	0	
791328	Insula_L	20126	0	48888	742	9508	0	36864	0	4536	0	23996	0	40444	0	16034	0	33452	0	28502	784	2664	0	3162	664	114	0	286	0	0	0	2424	282	594	688	0	0	12584	0	1316	0	3996	0	0	0	0	0	0	0	0	0	1498	0	1028	0	5008	0	5288	0	348	0	414	0	2700	0	106	0	0	0	442	0	2850	0	23666	0	376	0	4074	0	12830	0	17954	0	11978	0	5086	0	0	0	7368	0	0	0	0	0	0	0	0	0	0	0	0	0	0	0	0	0	0	0	0	0	0	0	0	0	0	0	
416508	Insula_R	0	8882	114	18768	0	364	0	8386	0	116	0	21584	0	12206	0	6964	0	22450	3440	13310	0	1748	210	2464	0	120	0	926	0	0	552	4034	602	2882	0	0	0	9376	0	2570	0	532	0	0	0	194	0	0	0	480	0	0	0	0	0	5900	0	908	0	0	0	0	0	146	0	96	152	468	0	148	1052	11240	0	29816	0	648	0	560	0	1586	0	5804	0	676	0	1266	0	0	0	4514	0	0	0	0	0	0	0	0	0	0	0	0	0	0	0	0	0	0	0	0	0	0	0	0	0	0	
499648	Cingulum_Ant_L	160	0	33998	8680	4336	1236	10078	1170	0	0	0	180	1158	1470	1032	166	282	0	12748	3782	2142	1308	43020	19148	5214	3892	3174	780	2424	552	0	33706	10672	13048	0	0	0	0	0	0	0	0	0	0	0	0	0	0	0	0	0	0	0	0	0	0	0	0	0	0	0	0	0	0	0	0	0	0	0	0	14492	2788	12046	738	0	0	0	0	0	0	0	0	204	0	0	0	0	0	0	0	0	0	0	0	0	0	0	0	0	0	0	0	0	0	0	0	0	0	0	0	0	0	0	0	0	0	
595376	Cingulum_Ant_R	0	116	14008	33472	0	882	3180	3134	0	0	0	2870	582	3932	272	308	0	2292	14410	18218	768	1298	24468	36374	546	5962	180	3112	282	4034	33706	0	15044	36154	0	702	0	0	0	0	0	0	0	0	0	0	0	0	0	0	0	0	0	0	0	0	0	0	0	0	0	0	0	0	0	0	0	0	0	192	4672	22390	2098	7424	0	240	0	366	0	0	0	0	0	0	0	0	0	0	0	0	0	0	0	0	0	0	0	0	0	0	0	0	0	0	0	0	0	0	0	0	0	0	0	0	0	0	
368116	Cingulum_Mid_L	1000	0	6922	12042	0	0	2110	2768	0	0	0	586	2066	2472	1040	164	0	138	16444	15202	0	0	13976	8058	0	0	0	0	594	602	10672	15044	0	46504	4524	1234	0	0	0	0	0	0	0	0	368	230	0	0	754	226	584	0	0	0	0	0	410	0	740	0	216	0	0	0	174	0	3858	654	4736	3370	1080	1376	0	286	0	0	260	154	0	0	0	0	0	0	238	0	0	0	182	0	0	0	0	0	0	0	0	0	0	0	0	0	0	0	0	0	0	0	0	0	0	0	0	0	0	0	
842124	Cingulum_Mid_R	1750	1098	15536	31108	0	0	3788	7324	0	0	0	2214	2948	5948	1264	898	0	384	38036	70392	0	0	25906	28048	0	0	0	0	688	2882	13048	36154	46504	0	294	6480	0	274	0	0	0	0	0	428	0	2602	0	170	0	2462	0	544	0	0	0	0	0	1424	154	0	210	0	0	142	0	276	1374	6996	4542	27888	3520	13274	0	1360	0	0	348	7832	0	0	0	0	0	0	0	1846	0	0	0	704	0	0	0	0	0	0	0	0	0	0	0	0	0	0	0	0	0	0	0	0	0	0	0	0	0	0	
43860	Cingulum_Post_L	0	0	0	0	0	0	0	0	0	0	0	0	0	0	0	0	0	0	276	324	0	0	0	0	0	0	0	0	0	0	0	0	4524	294	0	2142	1344	428	908	120	0	0	1376	0	1268	0	364	0	422	0	664	0	252	0	642	0	0	0	112	0	0	0	0	0	0	0	4014	130	1332	254	0	0	0	0	0	0	0	740	0	0	0	0	0	0	0	0	0	0	0	0	0	0	0	0	0	0	0	0	0	0	0	0	0	0	0	0	0	0	0	0	0	0	0	0	0	0	
81844	Cingulum_Post_R	0	132	0	100	0	0	0	0	0	0	0	0	0	0	0	0	0	0	240	2186	0	0	0	0	0	0	0	0	0	0	0	702	1234	6480	2142	0	784	1938	414	1052	0	0	0	3208	0	1118	200	1642	0	1144	0	166	0	0	0	218	0	0	0	0	0	0	0	0	0	150	1028	9186	0	2086	0	0	0	0	0	0	0	1396	0	0	0	0	0	0	0	1122	0	0	0	490	0	0	0	0	0	0	0	196	0	0	0	0	0	0	0	0	0	0	0	0	168	0	0	0	0	0	
229556	Hippocampus_L	5814	0	4728	0	148	0	2676	0	0	0	352	0	0	0	186	0	3340	0	1112	628	272	0	0	0	0	0	0	0	12584	0	0	0	0	0	1344	784	0	554	15602	152	10132	0	284	0	0	0	2426	450	0	0	118	0	124	0	13004	0	326	0	0	0	0	0	0	0	0	0	1304	98	830	594	96	0	8464	0	1286	0	6010	1384	3542	0	3660	0	1776	0	1474	0	160	0	6382	0	0	0	0	0	0	0	306	0	0	0	0	0	0	0	0	0	0	0	124	148	0	0	0	0	0	0	
264404	Hippocampus_R	0	6858	0	3974	0	0	0	950	0	0	0	1506	0	0	0	0	0	5656	0	6356	0	0	0	0	0	0	0	0	0	9376	0	0	0	274	428	1938	554	0	442	16110	0	7796	0	450	0	0	298	2894	0	0	0	96	0	0	96	20882	0	142	0	0	0	0	0	0	0	0	0	2926	0	1388	0	236	0	15866	0	1286	0	5800	0	866	0	1678	0	222	0	1398	0	230	0	12584	0	0	0	0	0	0	0	358	0	0	0	0	0	0	0	0	0	0	0	0	288	0	0	0	0	0	
100188	ParaHippocampal_L	970	0	598	0	0	0	160	0	0	0	0	0	0	0	170	0	0	0	0	592	572	0	0	0	0	0	0	0	1316	0	0	0	0	0	908	414	15602	442	0	140	3346	0	144	0	0	0	2552	540	0	0	0	0	0	0	7314	0	0	0	0	0	0	0	0	0	0	0	1092	0	214	564	0	0	732	0	0	0	3094	1108	0	0	194	0	2070	0	156	0	780	0	780	0	234	0	0	0	556	0	1300	0	756	0	0	0	0	0	0	0	0	0	250	300	0	134	0	0	0	0	
119936	ParaHippocampal_R	0	522	0	540	0	0	0	110	0	0	0	592	0	0	0	0	0	1962	0	516	0	0	0	0	0	0	0	0	0	2570	0	0	0	0	120	1052	152	16110	140	0	0	4370	0	328	0	0	100	4064	0	0	0	0	0	0	0	11324	0	0	0	0	0	0	0	0	0	0	0	2328	0	0	0	0	0	5040	0	968	0	2560	0	234	0	236	0	918	0	0	0	200	0	2026	0	0	0	0	0	0	0	644	0	0	0	0	0	0	0	0	0	0	0	0	242	0	0	0	0	0	
60944	Amygdala_L	0	0	440	0	622	0	0	0	106	0	0	0	0	0	422	0	0	0	0	0	744	0	0	0	0	0	0	0	3996	0	0	0	0	0	0	0	10132	0	3346	0	0	0	0	0	0	0	0	0	0	0	0	0	0	0	5490	0	0	0	0	0	0	0	0	0	0	0	0	0	0	0	152	0	512	0	0	0	0	0	0	0	350	0	1490	0	278	0	168	0	2224	0	0	0	0	0	0	0	0	0	0	0	0	0	0	0	0	0	0	0	0	0	0	0	0	0	0	0	
44868	Amygdala_R	0	0	0	0	0	0	0	0	0	0	0	0	0	0	0	0	0	0	0	0	0	124	0	0	0	0	0	0	0	532	0	0	0	0	0	0	0	7796	0	4370	0	0	0	0	0	0	0	0	0	0	0	0	0	0	0	4594	0	0	0	0	0	0	0	0	0	0	0	0	0	0	0	0	0	1020	0	0	0	0	0	0	0	0	0	1008	0	0	0	340	0	2650	0	0	0	0	0	0	0	0	0	0	0	0	0	0	0	0	0	0	0	0	0	0	0	0	0	0	
138396	Calcarine_L	0	0	0	0	0	0	0	0	0	0	0	0	0	0	0	0	0	0	0	0	0	0	0	0	0	0	0	0	0	0	0	0	0	0	1376	0	284	0	144	0	0	0	0	6218	9388	2644	9016	2466	8006	798	12954	274	3024	148	3130	122	318	0	0	0	102	0	0	0	0	0	7706	142	828	0	0	0	0	0	0	0	0	0	0	0	0	0	0	0	110	0	0	0	0	0	0	0	0	0	0	0	0	0	0	0	0	0	0	0	0	0	0	0	0	0	0	0	0	0	0	0	
284232	Calcarine_R	0	206	0	136	0	0	0	0	0	0	0	0	0	0	0	0	0	0	0	168	0	0	0	0	0	0	0	0	0	0	0	0	0	428	0	3208	0	450	0	328	0	0	6218	0	6206	27312	406	25382	0	20610	0	14886	0	6268	0	4258	0	0	0	184	0	188	0	120	0	1220	668	16656	0	110	0	0	0	0	0	0	0	0	0	0	0	0	0	0	0	3272	0	0	0	2584	0	0	0	0	0	0	0	376	0	0	0	0	0	0	0	0	0	0	0	0	268	0	0	0	0	0	
139840	Cuneus_L	354	0	0	0	0	0	0	0	0	0	0	0	0	0	0	0	0	0	0	0	0	0	0	0	0	0	0	0	0	0	0	0	368	0	1268	0	0	0	0	0	0	0	9388	6206	0	7666	794	884	12172	1906	5156	902	616	106	926	106	1182	0	3228	0	170	0	0	0	128	0	11682	342	3502	0	0	0	0	0	0	0	0	0	0	0	0	0	0	0	486	0	0	0	382	0	0	0	0	0	0	0	0	0	0	0	0	0	0	0	0	0	0	0	0	0	0	0	0	0	0	0	
313060	Cuneus_R	0	980	0	358	0	0	0	0	0	0	0	0	0	0	0	0	0	0	0	1008	0	0	0	0	0	0	0	0	0	194	0	0	230	2602	0	1118	0	0	0	0	0	0	2644	27312	7666	0	0	5980	0	43786	0	15060	0	488	0	240	0	556	0	1518	0	214	0	262	0	1038	3398	28716	236	2004	0	0	0	0	0	0	0	0	0	0	0	1646	0	0	0	6012	0	0	0	1264	0	0	0	0	0	0	0	0	0	0	0	0	0	0	0	0	0	0	0	0	0	0	0	0	0	0	
179620	Lingual_L	0	0	0	0	0	0	0	0	0	0	0	0	0	0	0	0	0	0	0	0	0	0	0	0	0	0	0	0	0	0	0	0	0	0	364	200	2426	298	2552	100	0	0	9016	406	794	0	0	1634	3826	0	8340	0	3686	158	13716	738	0	0	0	0	0	0	0	0	0	0	2100	0	0	0	0	0	0	0	0	0	434	378	0	0	0	0	0	0	0	0	0	0	104	0	3318	124	0	0	710	238	12224	1980	11640	1744	0	0	96	0	0	136	0	0	240	490	3654	1622	126	0	0	198	
287980	Lingual_R	0	134	0	0	0	0	0	0	0	0	0	0	0	0	0	0	0	0	0	0	0	0	0	0	0	0	0	0	0	0	0	0	0	170	0	1642	450	2894	540	4064	0	0	2466	25382	884	5980	1634	0	0	8324	0	5486	0	11142	1542	18072	0	0	0	0	0	0	0	0	0	0	122	6694	0	0	0	0	0	0	0	0	0	522	0	0	0	0	0	0	0	830	0	0	0	1670	786	4144	0	128	184	612	3180	6748	3304	10488	0	0	0	166	204	346	0	0	0	158	6868	5106	130	0	278	516	
150040	Occipital_Sup_L	130	0	0	0	0	0	0	0	0	0	0	0	0	0	0	0	0	0	0	0	0	0	0	0	0	0	0	0	0	0	0	0	754	0	422	0	0	0	0	0	0	0	8006	0	12172	0	3826	0	0	0	20842	0	1200	0	610	0	1312	0	10456	0	592	0	0	0	324	0	10608	0	1484	0	0	0	0	0	0	0	0	0	0	0	0	0	0	0	1586	0	0	0	696	0	0	0	0	0	0	0	0	0	0	0	0	0	0	0	0	0	0	0	0	0	0	0	0	0	0	0	
333256	Occipital_Sup_R	0	2750	0	714	0	0	0	0	0	0	0	0	0	0	0	0	0	118	0	1532	0	0	0	0	0	0	0	0	0	480	0	0	226	2462	0	1144	0	0	0	0	0	0	798	20610	1906	43786	0	8324	0	0	0	23940	0	1596	0	1348	0	906	0	4294	0	1104	0	906	0	3574	3088	28918	252	2760	0	0	0	0	0	0	0	0	0	0	0	1820	0	0	0	5982	0	0	0	1290	0	0	0	0	0	0	0	0	0	0	0	0	0	0	0	0	0	0	0	0	0	0	0	0	0	0	
408444	Occipital_Mid_L	2286	0	268	0	0	0	406	0	0	0	0	0	0	0	0	0	1128	0	0	0	0	0	0	0	0	0	0	0	1498	0	0	0	584	0	664	0	118	0	0	0	0	0	12954	0	5156	0	8340	0	20842	0	0	0	20310	0	12138	0	5832	0	27718	0	19074	0	2534	0	20034	0	11102	0	2418	0	0	0	0	0	0	0	0	0	1604	0	2346	0	0	0	16594	0	0	0	8274	0	0	0	0	0	0	0	0	0	0	0	0	0	0	0	0	0	0	0	0	0	0	0	0	0	0	0	
225740	Occipital_Mid_R	0	528	0	172	0	0	0	0	0	0	0	0	0	0	0	0	0	0	0	314	0	0	0	0	0	0	0	0	0	0	0	0	0	544	0	166	0	96	0	0	0	0	274	14886	902	15060	0	5486	0	23940	0	0	0	4632	0	2452	0	272	0	2410	0	6542	0	698	0	15548	360	9152	0	346	0	0	0	0	0	0	0	0	0	0	0	0	0	0	0	6970	0	0	0	1120	0	0	0	0	0	0	0	0	0	0	0	0	0	0	0	0	0	0	0	0	0	0	0	0	0	0	
127816	Occipital_Inf_L	756	0	96	0	0	0	0	0	0	0	0	0	0	0	0	0	730	0	0	0	0	0	0	0	0	0	0	0	1028	0	0	0	0	0	252	0	124	0	0	0	0	0	3024	0	616	0	3686	0	1200	0	20310	0	0	0	10440	0	1722	0	1804	0	1560	0	456	0	148	0	1984	0	900	0	0	0	0	0	0	0	0	0	1172	0	1308	0	0	0	4564	0	0	0	5242	0	0	0	0	0	0	0	262	0	396	0	0	0	0	0	0	0	0	0	0	0	128	0	0	0	0	0	
103332	Occipital_Inf_R	0	0	0	0	0	0	0	0	0	0	0	0	0	0	0	0	0	0	0	0	0	0	0	0	0	0	0	0	0	0	0	0	0	0	0	0	0	0	0	0	0	0	148	6268	106	488	158	11142	0	1596	0	4632	0	0	382	11612	0	0	0	0	0	0	0	0	0	0	0	0	0	0	0	0	0	0	0	0	0	0	0	0	0	0	0	0	0	278	0	0	0	1726	174	470	0	0	0	0	532	2644	646	5276	0	0	0	0	146	0	0	0	0	0	2006	1236	0	0	0	0	
383372	Fusiform_L	1062	0	356	0	0	0	130	0	0	0	0	0	0	0	0	0	856	0	0	230	120	0	0	0	0	0	0	0	5008	0	0	0	0	0	642	0	13004	96	7314	0	5490	0	3130	0	926	0	13716	1542	610	0	12138	0	10440	382	0	656	2436	0	2034	0	2170	0	166	0	0	0	2904	0	1772	226	0	0	918	0	0	0	1292	364	1384	0	2836	0	2548	0	3174	0	902	0	11086	0	16116	0	596	0	702	0	16660	1552	30702	1094	1256	0	1220	0	224	0	102	0	0	0	3678	3344	198	0	0	182	
415356	Fusiform_R	0	932	0	928	0	0	0	114	0	0	0	1256	0	0	0	0	0	3408	0	972	0	0	0	0	0	0	0	0	0	5900	0	0	0	0	0	218	0	20882	0	11324	0	4594	122	4258	106	240	738	18072	0	1348	0	2452	0	11612	656	0	0	0	0	0	0	0	0	0	0	0	0	890	0	0	0	120	0	10648	0	654	0	996	0	448	0	938	0	2614	0	1192	0	524	0	17010	370	12590	0	786	0	3490	2400	17606	1612	30462	0	272	0	1202	180	624	0	0	102	626	6508	2402	280	0	0	0	
314288	Postcentral_L	33006	0	7372	0	0	0	7194	0	0	0	8694	0	2332	0	0	0	12008	0	7190	0	0	0	0	0	0	0	0	0	5288	0	0	0	410	0	0	0	326	0	0	0	0	0	318	0	1182	0	0	0	1312	0	5832	0	1722	0	2436	0	0	0	9134	0	18666	0	9988	0	1862	0	1670	0	7046	0	248	0	434	0	172	0	270	0	3830	0	6324	0	280	0	316	0	0	0	282	0	0	0	0	0	0	0	0	0	0	0	0	0	0	0	0	0	0	0	0	0	0	0	0	0	0	0	
114552	Postcentral_R	0	15844	0	2628	0	0	0	1514	0	0	0	1678	0	0	0	0	0	3828	0	2104	0	0	0	0	0	0	0	0	0	908	0	0	0	1424	0	0	0	142	0	0	0	0	0	0	0	556	0	0	0	906	0	272	0	0	0	0	0	0	0	3842	0	2578	0	7682	0	878	258	3340	400	4654	0	0	0	200	0	0	0	0	0	0	0	864	0	0	0	576	0	0	0	200	0	0	0	0	0	0	0	0	0	0	0	0	0	0	0	0	0	0	0	0	0	0	0	0	0	0	
239388	Parietal_Sup_L	2070	0	256	0	0	0	604	0	0	0	0	0	0	0	0	0	478	0	114	126	0	0	0	0	0	0	0	0	348	0	0	0	740	154	112	0	0	0	0	0	0	0	0	0	3228	0	0	0	10456	0	27718	0	1804	0	2034	0	9134	0	0	0	21778	0	1852	0	11498	0	13838	0	2422	0	0	0	0	0	0	0	0	0	154	0	1102	0	0	0	5232	0	0	0	2442	0	0	0	0	0	0	0	0	0	0	0	0	0	0	0	0	0	0	0	0	0	0	0	0	0	0	0	
67504	Parietal_Sup_R	0	626	0	0	0	0	0	0	0	0	0	0	0	0	0	0	0	0	0	0	0	0	0	0	0	0	0	0	0	0	0	0	0	0	0	0	0	0	0	0	0	0	0	184	0	1518	0	0	0	4294	0	2410	0	0	0	0	0	3842	0	0	0	4190	0	1294	0	4398	360	9400	0	1236	0	0	0	0	0	0	0	0	0	0	0	0	0	0	0	0	0	0	0	0	0	0	0	0	0	0	0	0	0	0	0	0	0	0	0	0	0	0	0	0	0	0	0	0	0	0	
242308	Parietal_Inf_L	3888	0	678	0	0	0	1344	0	0	0	136	0	0	0	0	0	304	0	328	162	0	0	0	0	0	0	0	0	414	0	0	0	216	210	0	0	0	0	0	0	0	0	102	0	170	0	0	0	592	0	19074	0	1560	0	2170	0	18666	0	21778	0	0	0	15040	0	21428	0	1740	0	1954	100	0	0	0	0	0	0	0	0	108	0	770	0	0	0	6850	0	0	0	1372	0	0	0	0	0	0	0	0	0	0	0	0	0	0	0	0	0	0	0	0	0	0	0	0	0	0	0	
81500	Parietal_Inf_R	0	2424	0	1212	0	0	0	0	0	0	0	0	0	0	0	0	0	0	0	1130	0	0	0	0	0	0	0	0	0	0	0	0	0	0	0	0	0	0	0	0	0	0	0	188	0	214	0	0	0	1104	0	6542	0	0	0	0	0	2578	0	4190	0	0	0	7448	0	13212	0	206	0	0	0	0	0	0	0	0	0	0	0	0	0	0	0	0	0	302	0	0	0	0	0	0	0	0	0	0	0	0	0	0	0	0	0	0	0	0	0	0	0	0	0	0	0	0	0	0	
138232	SupraMarginal_L	3426	0	728	0	0	0	2608	0	0	0	178	0	0	0	0	0	2564	0	260	0	0	0	0	0	0	0	0	0	2700	0	0	0	0	0	0	0	0	0	0	0	0	0	0	0	0	0	0	0	0	0	2534	0	456	0	166	0	9988	0	1852	0	15040	0	0	0	6752	0	130	0	110	0	0	0	0	0	0	0	0	0	892	0	8616	0	0	0	8732	0	0	0	1384	0	0	0	0	0	0	0	0	0	0	0	0	0	0	0	0	0	0	0	0	0	0	0	0	0	0	0	
92368	SupraMarginal_R	0	6226	0	3030	0	0	0	346	0	0	0	298	0	0	0	0	0	3080	0	2994	0	0	0	0	0	0	0	0	0	146	0	0	0	142	0	0	0	0	0	0	0	0	0	120	0	262	0	0	0	906	0	698	0	0	0	0	0	7682	0	1294	0	7448	0	0	0	6088	522	1168	0	226	0	0	0	0	0	0	0	0	0	0	0	2718	0	0	0	104	0	0	0	686	0	0	0	0	0	0	0	0	0	0	0	0	0	0	0	0	0	0	0	0	0	0	0	0	0	0	
155352	Angular_L	826	0	112	0	0	0	150	0	0	0	0	0	0	0	0	0	0	0	0	0	0	0	0	0	0	0	0	0	106	0	0	0	174	0	0	0	0	0	0	0	0	0	0	0	128	0	0	0	324	0	20034	0	148	0	0	0	1862	0	11498	0	21428	0	6752	0	0	0	2538	0	440	0	0	0	0	0	0	0	0	0	0	0	650	0	0	0	9128	0	0	0	1378	0	0	0	0	0	0	0	0	0	0	0	0	0	0	0	0	0	0	0	0	0	0	0	0	0	0	0	
119368	Angular_R	0	2862	0	1702	0	0	0	0	0	0	0	0	0	0	0	0	0	0	0	1840	0	0	0	0	0	0	0	0	0	96	0	0	0	276	0	150	0	0	0	0	0	0	0	1220	0	1038	0	0	0	3574	0	15548	0	0	0	0	0	878	0	4398	0	13212	0	6088	0	0	0	1370	0	306	0	0	0	0	0	0	0	0	0	0	0	984	0	0	0	3836	0	0	0	306	0	0	0	0	0	0	0	0	0	0	0	0	0	0	0	0	0	0	0	0	0	0	0	0	0	0	
222056	Precuneus_L	406	612	0	0	0	0	0	0	0	0	0	0	0	0	0	0	106	0	0	234	0	0	0	0	0	0	0	0	0	152	0	0	3858	1374	4014	1028	1304	0	1092	0	0	0	7706	668	11682	3398	2100	122	10608	3088	11102	360	1984	0	2904	0	1670	258	13838	360	1740	0	130	522	2538	0	0	9234	5490	870	0	0	0	0	0	0	0	0	0	0	0	156	0	0	2162	96	0	0	1554	236	0	0	0	0	0	0	272	0	0	0	0	0	0	0	0	0	0	0	0	0	0	0	0	0	0	0	
338860	Precuneus_R	0	3018	0	676	0	0	0	0	0	0	0	0	0	0	0	0	0	180	0	1994	0	0	0	0	0	0	0	0	0	468	0	0	654	6996	130	9186	98	2926	0	2328	0	0	142	16656	342	28716	0	6694	0	28918	0	9152	0	0	0	890	0	3340	0	9400	0	206	0	1168	0	1370	9234	0	268	7090	0	0	0	0	0	0	0	976	0	132	0	2104	0	0	0	9542	0	0	0	3130	0	0	0	0	0	0	0	624	0	0	0	0	0	0	0	0	0	0	0	0	682	0	0	0	0	0	
181916	Paracentral_Lobule_L	21452	426	2594	96	0	0	958	148	0	0	0	0	0	0	0	0	0	0	3782	4660	0	0	0	0	0	0	0	0	442	0	0	0	4736	4542	1332	0	830	0	214	0	0	0	828	0	3502	236	0	0	1484	252	2418	0	900	0	1772	0	7046	400	2422	0	1954	0	110	0	440	0	5490	268	0	4106	1532	1276	506	0	624	0	5516	1022	338	0	0	0	0	0	110	0	0	0	194	0	0	0	0	0	0	0	0	0	0	0	0	0	0	0	0	0	0	0	0	0	0	0	0	0	0	0	
292328	Paracentral_Lobule_R	834	3796	0	722	0	0	0	0	0	0	0	0	0	0	0	102	0	0	2360	43068	0	0	0	0	0	0	0	0	0	148	0	192	3370	27888	254	2086	594	1388	564	0	0	0	0	110	0	2004	0	0	0	2760	0	346	0	0	226	0	0	4654	0	1236	100	0	0	226	0	306	870	7090	4106	0	192	11786	0	100	0	0	648	18924	0	0	0	104	0	0	0	2058	0	0	0	952	0	0	0	0	0	0	0	0	0	0	0	0	0	0	0	0	0	0	0	0	0	0	0	0	0	0	
281204	Caudate_L	3872	0	12020	3570	1148	132	674	342	0	0	368	944	98	862	782	456	942	0	19848	6208	5682	5078	2574	872	576	298	1444	714	2850	1052	14492	4672	1080	3520	0	0	96	0	0	0	152	0	0	0	0	0	0	0	0	0	0	0	0	0	0	0	248	0	0	0	0	0	0	0	0	0	0	0	1532	192	0	7396	19572	1378	3194	452	8914	0	0	0	144	0	162	0	0	0	0	0	0	0	0	0	0	0	0	0	0	0	0	0	0	0	0	0	0	0	0	0	0	0	0	0	0	0	0	0	
487576	Caudate_R	448	2344	478	28942	0	1206	0	2190	0	0	0	7762	0	4422	0	3048	0	7620	9860	39218	2142	3998	646	9762	0	2624	0	1108	0	11240	2788	22390	1376	13274	0	0	0	236	0	0	0	0	0	0	0	0	0	0	0	0	0	0	0	0	0	120	0	0	0	0	0	0	0	0	0	0	0	0	1276	11786	7396	0	3380	17684	420	1658	728	19308	0	192	0	604	0	0	0	0	0	0	0	0	0	0	0	0	0	0	0	0	0	0	0	0	0	0	0	0	0	0	0	114	0	0	0	0	0	0	
333276	Putamen_L	7364	0	14512	296	6414	0	7594	100	1764	0	1576	100	2750	114	2894	0	5850	0	16190	240	3150	3080	1972	272	800	212	1316	406	23666	0	12046	2098	0	0	0	0	8464	0	732	0	512	0	0	0	0	0	0	0	0	0	0	0	0	0	918	0	434	0	0	0	0	0	0	0	0	0	0	0	506	0	19572	3380	0	1078	6650	200	3312	0	714	0	1908	0	888	0	150	0	0	0	444	0	0	0	0	0	0	0	0	0	0	0	0	0	0	0	0	0	0	0	0	0	0	0	0	0	0	0	
355856	Putamen_R	0	5414	0	13142	0	1008	0	2646	0	0	0	8066	0	1640	0	1504	0	18466	940	9032	360	748	196	4058	0	1994	0	724	0	29816	738	7424	286	1360	0	0	0	15866	0	5040	0	1020	0	0	0	0	0	0	0	0	0	0	0	0	0	10648	0	200	0	0	0	0	0	0	0	0	0	0	0	100	1378	17684	1078	0	120	3966	0	1212	0	1170	0	3340	0	0	0	514	0	0	0	5030	0	0	0	0	0	0	0	0	0	0	0	0	0	0	0	0	0	0	0	0	0	0	0	0	0	0	
55904	Pallidum_L	3160	0	3442	0	0	0	1186	0	0	0	186	0	0	0	0	0	146	0	4312	0	0	318	0	0	0	0	0	0	376	0	0	0	0	0	0	0	1286	0	0	0	0	0	0	0	0	0	0	0	0	0	0	0	0	0	0	0	172	0	0	0	0	0	0	0	0	0	0	0	624	0	3194	420	6650	120	0	0	2228	0	132	0	0	0	0	0	0	0	0	0	0	0	0	0	0	0	0	0	0	0	0	0	0	0	0	0	0	0	0	0	0	0	0	0	0	0	0	0	
29436	Pallidum_R	0	124	0	606	0	0	0	0	0	0	0	144	0	0	0	0	0	2238	0	456	0	140	0	0	0	0	0	0	0	648	0	240	0	0	0	0	0	1286	0	968	0	0	0	0	0	0	0	0	0	0	0	0	0	0	0	654	0	0	0	0	0	0	0	0	0	0	0	0	0	0	452	1658	200	3966	0	0	0	116	0	452	0	370	0	0	0	0	0	0	0	0	0	0	0	0	0	0	0	0	0	0	0	0	0	0	0	0	0	0	0	0	0	0	0	0	0	0	
159588	Thalamus_L	16340	240	14238	552	0	0	2118	128	0	0	306	0	0	0	0	0	1424	0	2258	1618	0	0	0	0	0	0	0	0	4074	0	0	0	260	348	0	0	6010	0	3094	0	0	0	0	0	0	0	434	0	0	0	0	0	0	0	1292	0	270	0	0	0	0	0	0	0	0	0	0	0	5516	648	8914	728	3312	0	2228	0	0	868	836	0	614	0	104	0	784	0	0	0	238	0	0	0	0	0	0	0	0	0	0	0	0	0	0	0	0	0	0	0	0	0	0	0	0	0	0	0	
250224	Thalamus_R	284	12950	0	7146	0	0	0	108	0	0	0	0	0	0	0	480	0	254	452	36592	0	0	0	0	0	0	0	0	0	560	0	366	154	7832	740	1396	1384	5800	1108	2560	0	0	0	0	0	0	378	522	0	0	0	0	0	0	364	996	0	0	0	0	0	0	0	0	0	0	0	976	1022	18924	0	19308	0	1212	0	116	868	0	0	0	0	0	0	0	0	0	0	0	0	260	0	0	0	0	0	0	0	0	0	0	0	0	0	0	0	0	0	0	0	0	0	0	0	0	0	0	
144744	Heschl_L	8904	0	4570	0	0	0	2910	0	0	0	444	0	0	0	0	0	5924	0	2980	0	0	0	0	0	0	0	0	0	12830	0	0	0	0	0	0	0	3542	0	0	0	0	0	0	0	0	0	0	0	0	0	1604	0	1172	0	1384	0	3830	0	154	0	108	0	892	0	0	0	0	0	338	0	0	0	714	0	132	0	836	0	0	0	8428	0	274	0	5318	0	0	0	5084	0	0	0	0	0	0	0	0	0	0	0	0	0	0	0	0	0	0	0	0	0	0	0	0	0	0	0	
30092	Heschl_R	0	162	0	1750	0	0	0	0	0	0	0	168	0	0	0	0	0	4180	0	336	0	0	0	0	0	0	0	0	0	1586	0	0	0	0	0	0	0	866	0	234	0	0	0	0	0	0	0	0	0	0	0	0	0	0	0	448	0	0	0	0	0	0	0	0	0	0	0	132	0	0	0	192	0	1170	0	452	0	0	0	0	0	2540	0	0	0	286	0	0	0	544	0	0	0	0	0	0	0	0	0	0	0	0	0	0	0	0	0	0	0	0	0	0	0	0	0	0	
286132	Temporal_Sup_L	6978	0	5820	0	0	0	1678	0	0	0	4804	0	918	0	0	0	19358	0	5388	0	0	0	0	0	0	0	0	0	17954	0	0	0	0	0	0	0	3660	0	194	0	350	0	0	0	0	0	0	0	0	0	2346	0	1308	0	2836	0	6324	0	1102	0	770	0	8616	0	650	0	0	0	0	0	144	0	1908	0	0	0	614	0	8428	0	0	0	3852	0	22586	0	168	0	14312	0	0	0	0	0	0	0	0	0	0	0	0	0	0	0	0	0	0	0	0	0	0	0	0	0	0	0	
105916	Temporal_Sup_R	0	1496	0	3010	0	0	0	230	0	0	0	1110	0	0	0	414	0	7380	116	1034	0	0	0	0	0	0	0	0	0	5804	0	0	0	0	0	0	0	1678	0	236	0	0	0	0	0	1646	0	0	0	1820	0	0	0	0	0	938	0	864	0	0	0	0	0	2718	0	984	156	2104	0	104	0	604	0	3340	0	370	0	0	0	2540	0	0	0	2538	0	5978	0	198	0	3548	0	0	0	0	0	0	0	0	0	0	0	0	0	0	0	0	0	0	0	0	0	0	0	0	0	0	
157488	Temporal_Pole_Sup_L	1390	0	4186	0	1528	0	3568	0	1042	0	7730	0	2288	0	4106	0	4232	0	1872	0	432	0	130	0	0	0	0	0	11978	0	204	0	0	0	0	0	1776	0	2070	0	1490	0	0	0	0	0	0	0	0	0	0	0	0	0	2548	0	280	0	0	0	0	0	0	0	0	0	0	0	0	0	162	0	888	0	0	0	104	0	274	0	3852	0	0	0	7688	0	5330	0	7596	0	0	0	0	0	0	0	0	0	0	0	0	0	0	0	0	0	0	0	0	0	0	0	0	0	0	0	
30184	Temporal_Pole_Sup_R	0	0	0	96	0	0	0	0	0	0	0	240	0	0	0	702	0	238	0	0	0	0	0	0	0	0	0	0	0	676	0	0	0	0	0	0	0	222	0	918	0	1008	0	0	0	0	0	0	0	0	0	0	0	0	0	2614	0	0	0	0	0	0	0	0	0	0	0	0	0	0	0	0	0	0	0	0	0	0	0	0	0	2538	0	0	0	1638	0	938	0	3264	0	0	0	0	0	0	0	0	0	0	0	0	0	0	0	0	0	0	0	0	0	0	0	0	0	0	
299704	Temporal_Mid_L	2352	0	818	0	0	0	470	0	0	0	0	0	0	0	0	0	2372	0	104	0	0	0	0	0	0	0	0	0	5086	0	0	0	238	0	0	0	1474	0	156	0	278	0	110	0	486	0	0	0	1586	0	16594	0	4564	0	3174	0	316	0	5232	0	6850	0	8732	0	9128	0	2162	0	110	0	0	0	150	0	0	0	784	0	5318	0	22586	0	7688	0	0	0	5324	0	35610	0	0	0	0	0	0	0	0	0	0	0	0	0	0	0	0	0	0	0	0	0	0	0	0	0	0	0	
143324	Temporal_Mid_R	0	686	0	132	0	0	0	0	0	0	0	0	0	0	0	120	0	688	0	1280	0	0	0	0	0	0	0	0	0	1266	0	0	0	1846	0	1122	0	1398	0	0	0	0	0	3272	0	6012	0	830	0	5982	0	6970	0	278	0	1192	0	576	0	0	0	302	0	104	0	3836	96	9542	0	2058	0	0	0	514	0	0	0	0	0	286	0	5978	0	1638	0	0	0	602	0	13056	0	0	0	0	0	0	0	0	0	0	0	0	0	0	0	0	0	0	0	0	0	0	0	0	0	0	
34616	Temporal_Pole_Mid_L	0	0	0	0	0	0	0	0	0	0	0	0	0	0	0	0	0	0	0	0	0	0	0	0	0	0	0	0	0	0	0	0	0	0	0	0	160	0	780	0	168	0	0	0	0	0	0	0	0	0	0	0	0	0	902	0	0	0	0	0	0	0	0	0	0	0	0	0	0	0	0	0	0	0	0	0	0	0	0	0	168	0	5330	0	5324	0	0	0	4476	0	0	0	0	0	0	0	0	0	0	0	0	0	0	0	0	0	0	0	0	0	0	0	0	0	0	0	
7432	Temporal_Pole_Mid_R	0	0	0	0	0	0	0	0	0	0	0	0	0	0	0	0	0	0	0	0	0	0	0	0	0	0	0	0	0	0	0	0	0	0	0	0	0	230	0	200	0	340	0	0	0	0	0	0	0	0	0	0	0	0	0	524	0	0	0	0	0	0	0	0	0	0	0	0	0	0	0	0	0	0	0	0	0	0	0	0	0	198	0	938	0	602	0	0	0	684	0	0	0	0	0	0	0	0	0	0	0	0	0	0	0	0	0	0	0	0	0	0	0	0	0	0	
259500	Temporal_Inf_L	2304	0	642	0	0	0	338	0	0	0	0	0	0	0	0	0	2540	0	0	0	0	0	0	0	0	0	0	0	7368	0	0	0	182	0	0	0	6382	0	780	0	2224	0	0	0	382	0	104	0	696	0	8274	0	5242	0	11086	0	282	0	2442	0	1372	0	1384	0	1378	0	1554	0	194	0	0	0	444	0	0	0	238	0	5084	0	14312	0	7596	0	35610	0	4476	0	0	0	2120	0	348	0	0	0	340	0	816	0	568	0	648	0	0	0	0	0	0	0	0	0	0	0	0	0	
208844	Temporal_Inf_R	0	1934	0	1130	0	0	0	0	0	0	0	464	0	0	0	0	0	2208	0	1710	0	0	0	0	0	0	0	0	0	4514	0	0	0	704	0	490	0	12584	0	2026	0	2650	0	2584	0	1264	0	1670	0	1290	0	1120	0	1726	0	17010	0	200	0	0	0	0	0	686	0	306	236	3130	0	952	0	0	0	5030	0	0	0	260	0	544	0	3548	0	3264	0	13056	0	684	0	0	0	7074	0	840	0	0	0	132	0	1484	0	1928	0	3736	0	254	0	0	0	0	0	0	0	0	0	0	
350628	Cerebelum_Crus1_L	0	0	0	0	0	0	0	0	0	0	0	0	0	0	0	0	0	0	0	0	0	0	0	0	0	0	0	0	0	0	0	0	0	0	0	0	0	0	234	0	0	0	0	0	0	0	3318	786	0	0	0	0	0	174	16116	370	0	0	0	0	0	0	0	0	0	0	0	0	0	0	0	0	0	0	0	0	0	0	0	0	0	0	0	0	0	0	0	0	2120	0	0	1404	29268	1840	370	0	9332	502	36222	3042	22902	482	24454	3058	4716	998	604	0	0	0	1472	5132	4840	948	474	136	
337132	Cerebelum_Crus1_R	0	0	0	0	0	0	0	0	0	0	0	0	0	0	0	0	0	0	0	0	0	0	0	0	0	0	0	0	0	0	0	0	0	0	0	0	0	0	0	0	0	0	0	0	0	0	124	4144	0	0	0	0	0	470	0	12590	0	0	0	0	0	0	0	0	0	0	0	0	0	0	0	0	0	0	0	0	0	0	0	0	0	0	0	0	0	0	0	0	0	7074	1404	0	1956	33266	0	1466	168	4266	860	36186	1362	12832	1532	28416	122	6864	0	142	116	318	328	3482	7292	1240	546	0	
223396	Cerebelum_Crus2_L	0	0	0	0	0	0	0	0	0	0	0	0	0	0	0	0	0	0	0	0	0	0	0	0	0	0	0	0	0	0	0	0	0	0	0	0	0	0	0	0	0	0	0	0	0	0	0	0	0	0	0	0	0	0	596	0	0	0	0	0	0	0	0	0	0	0	0	0	0	0	0	0	0	0	0	0	0	0	0	0	0	0	0	0	0	0	0	0	348	0	29268	1956	0	5640	0	0	324	0	2298	1010	29260	2062	22820	3822	2234	296	732	0	0	0	0	184	6578	2270	0	0	
239704	Cerebelum_Crus2_R	0	0	0	0	0	0	0	0	0	0	0	0	0	0	0	0	0	0	0	0	0	0	0	0	0	0	0	0	0	0	0	0	0	0	0	0	0	0	0	0	0	0	0	0	0	0	0	128	0	0	0	0	0	0	0	786	0	0	0	0	0	0	0	0	0	0	0	0	0	0	0	0	0	0	0	0	0	0	0	0	0	0	0	0	0	0	0	0	0	840	1840	33266	5640	0	0	100	100	408	496	6932	3710	20854	3214	25134	286	2746	0	214	0	0	0	488	10692	1842	136	0	
25484	Cerebelum_3_L	0	0	0	0	0	0	0	0	0	0	0	0	0	0	0	0	0	0	0	0	0	0	0	0	0	0	0	0	0	0	0	0	0	0	0	0	0	0	556	0	0	0	0	0	0	0	710	184	0	0	0	0	0	0	702	0	0	0	0	0	0	0	0	0	0	0	0	0	0	0	0	0	0	0	0	0	0	0	0	0	0	0	0	0	0	0	0	0	0	0	370	0	0	0	0	236	5396	0	1526	138	0	0	0	0	402	0	0	0	776	1286	460	0	0	0	0	0	
55332	Cerebelum_3_R	0	0	0	0	0	0	0	0	0	0	0	0	0	0	0	0	0	0	0	0	0	0	0	0	0	0	0	0	0	0	0	0	0	0	0	0	0	0	0	0	0	0	0	0	0	0	238	612	0	0	0	0	0	0	0	3490	0	0	0	0	0	0	0	0	0	0	0	0	0	0	0	0	0	0	0	0	0	0	0	0	0	0	0	0	0	0	0	0	0	0	0	1466	0	100	236	0	1300	5876	276	6738	0	0	0	116	0	626	0	0	780	3166	2062	0	0	0	584	0	
240084	Cerebelum_4_5_L	0	0	0	0	0	0	0	0	0	0	0	0	0	0	0	0	0	0	0	0	0	0	0	0	0	0	0	0	0	0	0	0	0	0	0	0	306	0	1300	0	0	0	0	0	0	0	12224	3180	0	0	0	0	262	532	16660	2400	0	0	0	0	0	0	0	0	0	0	272	0	0	0	0	0	0	0	0	0	0	0	0	0	0	0	0	0	0	0	0	0	340	0	9332	168	324	100	5396	1300	0	5122	28986	4806	1288	0	1412	206	3538	476	166	0	940	1738	13164	2190	386	118	410	1000	
191336	Cerebelum_4_5_R	0	0	0	0	0	0	0	0	0	0	0	0	0	0	0	0	0	0	0	0	0	0	0	0	0	0	0	0	0	0	0	0	0	0	0	196	0	358	0	644	0	0	0	376	0	0	1980	6748	0	0	0	0	0	2644	1552	17606	0	0	0	0	0	0	0	0	0	0	0	624	0	0	0	0	0	0	0	0	0	0	0	0	0	0	0	0	0	0	0	0	0	132	502	4266	0	408	0	5876	5122	0	3108	24922	0	210	0	326	310	1204	0	0	150	1394	11492	1786	208	0	414	1110	
333004	Cerebelum_6_L	0	0	0	0	0	0	0	0	0	0	0	0	0	0	0	0	0	0	0	0	0	0	0	0	0	0	0	0	0	0	0	0	0	0	0	0	0	0	756	0	0	0	0	0	0	0	11640	3304	0	0	0	0	396	646	30702	1612	0	0	0	0	0	0	0	0	0	0	0	0	0	0	0	0	0	0	0	0	0	0	0	0	0	0	0	0	0	0	0	0	816	0	36222	860	2298	496	1526	276	28986	3108	0	5536	4636	192	4674	1572	2386	1318	184	0	0	206	7580	10442	2540	276	800	516	
402116	Cerebelum_6_R	0	0	0	0	0	0	0	0	0	0	0	0	0	0	0	0	0	0	0	0	0	0	0	0	0	0	0	0	0	0	0	0	0	0	0	0	0	0	0	0	0	0	0	0	0	0	1744	10488	0	0	0	0	0	5276	1094	30462	0	0	0	0	0	0	0	0	0	0	0	0	0	0	0	0	0	0	0	0	0	0	0	0	0	0	0	0	0	0	0	0	0	1484	3042	36186	1010	6932	138	6738	4806	24922	5536	0	972	2648	1948	11254	824	8670	0	384	476	2144	10118	10718	5330	1788	2800	1126	
235908	Cerebelum_7b_L	0	0	0	0	0	0	0	0	0	0	0	0	0	0	0	0	0	0	0	0	0	0	0	0	0	0	0	0	0	0	0	0	0	0	0	0	0	0	0	0	0	0	0	0	0	0	0	0	0	0	0	0	0	0	1256	0	0	0	0	0	0	0	0	0	0	0	0	0	0	0	0	0	0	0	0	0	0	0	0	0	0	0	0	0	0	0	0	0	568	0	22902	1362	29260	3710	0	0	1288	0	4636	972	0	1402	31920	3806	5054	360	1362	0	0	0	0	494	4720	2882	0	0	
137384	Cerebelum_7b_R	0	0	0	0	0	0	0	0	0	0	0	0	0	0	0	0	0	0	0	0	0	0	0	0	0	0	0	0	0	0	0	0	0	0	0	0	0	0	0	0	0	0	0	0	0	0	0	0	0	0	0	0	0	0	0	272	0	0	0	0	0	0	0	0	0	0	0	0	0	0	0	0	0	0	0	0	0	0	0	0	0	0	0	0	0	0	0	0	0	1928	482	12832	2062	20854	0	0	0	210	192	2648	1402	0	1000	20508	0	1062	0	102	0	0	0	194	2178	766	0	0	
264692	Cerebelum_8_L	0	0	0	0	0	0	0	0	0	0	0	0	0	0	0	0	0	0	0	0	0	0	0	0	0	0	0	0	0	0	0	0	0	0	0	0	0	0	0	0	0	0	0	0	0	0	96	0	0	0	0	0	0	0	1220	0	0	0	0	0	0	0	0	0	0	0	0	0	0	0	0	0	0	0	0	0	0	0	0	0	0	0	0	0	0	0	0	0	648	0	24454	1532	22820	3214	0	0	1412	0	4674	1948	31920	1000	0	6846	13562	1176	2326	0	0	0	0	1304	6292	5260	642	0	
277412	Cerebelum_8_R	0	0	0	0	0	0	0	0	0	0	0	0	0	0	0	0	0	0	0	0	0	0	0	0	0	0	0	0	0	0	0	0	0	0	0	0	0	0	0	0	0	0	0	0	0	0	0	166	0	0	0	0	0	0	0	1202	0	0	0	0	0	0	0	0	0	0	0	0	0	0	0	0	0	0	0	0	0	0	0	0	0	0	0	0	0	0	0	0	0	3736	3058	28416	3822	25134	0	116	206	326	1572	11254	3806	20508	6846	0	1236	11520	98	604	0	0	0	2534	7126	4720	700	0	
93492	Cerebelum_9_L	0	0	0	0	0	0	0	0	0	0	0	0	0	0	0	0	0	0	0	0	0	0	0	0	0	0	0	0	0	0	0	0	0	0	0	0	0	0	0	0	0	0	0	0	0	0	0	204	0	0	0	0	0	146	224	180	0	0	0	0	0	0	0	0	0	0	0	0	0	0	0	0	0	0	0	0	0	0	0	0	0	0	0	0	0	0	0	0	0	0	4716	122	2234	286	402	0	3538	310	2386	824	5054	0	13562	1236	0	818	2872	0	0	0	808	1810	2220	1328	1000	466	
110264	Cerebelum_9_R	0	0	0	0	0	0	0	0	0	0	0	0	0	0	0	0	0	0	0	0	0	0	0	0	0	0	0	0	0	0	0	0	0	0	0	0	0	0	0	0	0	0	0	0	0	0	136	346	0	0	0	0	0	0	0	624	0	0	0	0	0	0	0	0	0	0	0	0	0	0	0	0	0	0	0	0	0	0	0	0	0	0	0	0	0	0	0	0	0	254	998	6864	296	2746	0	626	476	1204	1318	8670	360	1062	1176	11520	818	0	0	954	232	406	1384	3562	2064	1720	3480	1836	
16892	Cerebelum_10_L	0	0	0	0	0	0	0	0	0	0	0	0	0	0	0	0	0	0	0	0	0	0	0	0	0	0	0	0	0	0	0	0	0	0	0	0	0	0	0	0	0	0	0	0	0	0	0	0	0	0	0	0	0	0	102	0	0	0	0	0	0	0	0	0	0	0	0	0	0	0	0	0	0	0	0	0	0	0	0	0	0	0	0	0	0	0	0	0	0	0	604	0	732	0	0	0	166	0	184	0	1362	0	2326	98	2872	0	0	0	0	0	0	0	0	0	0	0	
5020	Cerebelum_10_R	0	0	0	0	0	0	0	0	0	0	0	0	0	0	0	0	0	0	0	0	0	0	0	0	0	0	0	0	0	0	0	0	0	0	0	0	0	0	0	0	0	0	0	0	0	0	0	0	0	0	0	0	0	0	0	0	0	0	0	0	0	0	0	0	0	0	0	0	0	0	0	0	0	0	0	0	0	0	0	0	0	0	0	0	0	0	0	0	0	0	0	142	0	214	0	0	0	0	0	384	0	102	0	604	0	954	0	0	0	0	0	110	0	0	0	0	
19104	Vermis_1_2	0	0	0	0	0	0	0	0	0	0	0	0	0	0	0	0	0	0	0	0	0	0	0	0	0	0	0	0	0	0	0	0	0	0	0	0	124	0	250	0	0	0	0	0	0	0	240	0	0	0	0	0	0	0	0	102	0	0	0	0	0	0	0	0	0	0	0	0	0	0	0	0	0	0	0	0	0	0	0	0	0	0	0	0	0	0	0	0	0	0	0	116	0	0	776	780	940	150	0	476	0	0	0	0	0	232	0	0	0	4536	710	0	0	0	120	0	
39164	Vermis_3	0	0	0	144	0	0	0	0	0	0	0	0	0	0	0	0	0	0	144	144	0	0	0	0	0	0	0	0	0	0	0	0	0	0	0	0	148	0	300	0	0	0	0	0	0	0	490	158	0	0	0	0	0	0	0	626	0	0	0	0	0	0	0	0	0	0	0	0	0	0	0	114	0	0	0	0	0	0	0	0	0	0	0	0	0	0	0	0	0	0	0	318	0	0	1286	3166	1738	1394	206	2144	0	0	0	0	0	406	0	0	4536	0	1738	0	0	0	382	0	
165068	Vermis_4_5	0	0	0	0	0	0	0	0	0	0	0	0	0	0	0	0	0	0	0	0	0	0	0	0	0	0	0	0	0	0	0	0	0	0	0	168	0	288	0	242	0	0	0	268	0	0	3654	6868	0	0	0	0	128	2006	3678	6508	0	0	0	0	0	0	0	0	0	0	0	682	0	0	0	0	0	0	0	0	0	0	0	0	0	0	0	0	0	0	0	0	0	0	1472	328	0	0	460	2062	13164	11492	7580	10118	0	0	0	0	808	1384	0	0	710	1738	0	3694	0	0	752	2282	
140732	Vermis_6	0	0	0	0	0	0	0	0	0	0	0	0	0	0	0	0	0	0	0	0	0	0	0	0	0	0	0	0	0	0	0	0	0	0	0	0	0	0	134	0	0	0	0	0	0	0	1622	5106	0	0	0	0	0	1236	3344	2402	0	0	0	0	0	0	0	0	0	0	0	0	0	0	0	0	0	0	0	0	0	0	0	0	0	0	0	0	0	0	0	0	0	0	5132	3482	184	488	0	0	2190	1786	10442	10718	494	194	1304	2534	1810	3562	0	110	0	0	3694	0	2912	992	2720	1774	
142612	Vermis_7	0	0	0	0	0	0	0	0	0	0	0	0	0	0	0	0	0	0	0	0	0	0	0	0	0	0	0	0	0	0	0	0	0	0	0	0	0	0	0	0	0	0	0	0	0	0	126	130	0	0	0	0	0	0	198	280	0	0	0	0	0	0	0	0	0	0	0	0	0	0	0	0	0	0	0	0	0	0	0	0	0	0	0	0	0	0	0	0	0	0	4840	7292	6578	10692	0	0	386	208	2540	5330	4720	2178	6292	7126	2220	2064	0	0	0	0	0	2912	0	3846	1348	0	
64244	Vermis_8	0	0	0	0	0	0	0	0	0	0	0	0	0	0	0	0	0	0	0	0	0	0	0	0	0	0	0	0	0	0	0	0	0	0	0	0	0	0	0	0	0	0	0	0	0	0	0	0	0	0	0	0	0	0	0	0	0	0	0	0	0	0	0	0	0	0	0	0	0	0	0	0	0	0	0	0	0	0	0	0	0	0	0	0	0	0	0	0	0	0	948	1240	2270	1842	0	0	118	0	276	1788	2882	766	5260	4720	1328	1720	0	0	0	0	0	992	3846	0	2020	106	
