data	data	582012	551464	1.44958e+06	1.35004e+06	263388	135500	687100	553324	94312	71040	240784	307476	271276	228312	207952	121344	272572	124900	953864	875668	75784	104376	610028	564124	61292	148848	124164	109368	674172	341560	618480	656564	238216	633180	163832	192412	280868	255548	147252	114776	55472	53388	128848	219316	79716	196184	182984	202084	97412	198208	302384	234912	86536	77016	215528	257832	257112	205992	120972	90992	170636	126204	89916	100208	81840	81916	200304	276796	413024	219096	374956	556272	411720	358476	43012	24220	197852	255284	81012	37960	215644	123392	100736	77260	341712	187368	32720	39568	265468	188544	411236	412532	278668	266360	28440	24776	300128	177056	360524	348944	210192	106344	246108	218936	54576	61960	12456	2632	11844	33496	214864	177304	132576	98104	41448	25120	
data	data	Precentral_L	Precentral_R	Frontal_Sup_L	Frontal_Sup_R	Frontal_Sup_Orb_L	Frontal_Sup_Orb_R	Frontal_Mid_L	Frontal_Mid_R	Frontal_Mid_Orb_L	Frontal_Mid_Orb_R	Frontal_Inf_Oper_L	Frontal_Inf_Oper_R	Frontal_Inf_Tri_L	Frontal_Inf_Tri_R	Frontal_Inf_Orb_L	Frontal_Inf_Orb_R	Rolandic_Oper_L	Rolandic_Oper_R	Supp_Motor_Area_L	Supp_Motor_Area_R	Olfactory_L	Olfactory_R	Frontal_Sup_Medial_L	Frontal_Sup_Medial_R	Frontal_Med_Orb_L	Frontal_Med_Orb_R	Rectus_L	Rectus_R	Insula_L	Insula_R	Cingulum_Ant_L	Cingulum_Ant_R	Cingulum_Mid_L	Cingulum_Mid_R	Cingulum_Post_L	Cingulum_Post_R	Hippocampus_L	Hippocampus_R	ParaHippocampal_L	ParaHippocampal_R	Amygdala_L	Amygdala_R	Calcarine_L	Calcarine_R	Cuneus_L	Cuneus_R	Lingual_L	Lingual_R	Occipital_Sup_L	Occipital_Sup_R	Occipital_Mid_L	Occipital_Mid_R	Occipital_Inf_L	Occipital_Inf_R	Fusiform_L	Fusiform_R	Postcentral_L	Postcentral_R	Parietal_Sup_L	Parietal_Sup_R	Parietal_Inf_L	Parietal_Inf_R	SupraMarginal_L	SupraMarginal_R	Angular_L	Angular_R	Precuneus_L	Precuneus_R	Paracentral_Lobule_L	Paracentral_Lobule_R	Caudate_L	Caudate_R	Putamen_L	Putamen_R	Pallidum_L	Pallidum_R	Thalamus_L	Thalamus_R	Heschl_L	Heschl_R	Temporal_Sup_L	Temporal_Sup_R	Temporal_Pole_Sup_L	Temporal_Pole_Sup_R	Temporal_Mid_L	Temporal_Mid_R	Temporal_Pole_Mid_L	Temporal_Pole_Mid_R	Temporal_Inf_L	Temporal_Inf_R	Cerebelum_Crus1_L	Cerebelum_Crus1_R	Cerebelum_Crus2_L	Cerebelum_Crus2_R	Cerebelum_3_L	Cerebelum_3_R	Cerebelum_4_5_L	Cerebelum_4_5_R	Cerebelum_6_L	Cerebelum_6_R	Cerebelum_7b_L	Cerebelum_7b_R	Cerebelum_8_L	Cerebelum_8_R	Cerebelum_9_L	Cerebelum_9_R	Cerebelum_10_L	Cerebelum_10_R	Vermis_1_2	Vermis_3	Vermis_4_5	Vermis_6	Vermis_7	Vermis_8	Vermis_9	Vermis_10	
582012	Precentral_L	0	8720	38076	8972	236	0	22304	1428	0	0	10176	360	1914	158	0	0	10622	152	26646	8882	0	0	866	420	0	0	188	0	11636	362	1586	700	328	5594	1976	2454	3822	822	312	0	0	0	112	0	0	0	0	0	0	0	478	0	0	0	0	0	23362	0	130	0	2392	0	386	0	0	0	148	0	46018	4234	5590	2162	4942	362	2320	0	19596	2990	4896	0	530	0	0	0	458	0	0	0	188	0	0	0	0	0	0	0	0	0	0	0	0	0	0	0	0	0	0	0	0	0	0	0	0	0	0	0	
551464	Precentral_R	8720	0	2918	68954	0	0	166	18108	0	0	0	12032	0	926	186	0	0	3318	13208	15126	0	0	340	780	0	0	0	0	538	6124	980	1578	1300	4778	1800	2336	3230	7936	1458	430	0	130	0	0	0	0	0	0	0	124	0	188	0	0	0	124	0	12172	0	0	0	1746	0	2184	0	0	170	0	10296	4752	1018	23330	530	4050	152	2058	3056	28830	736	880	0	842	0	0	0	390	0	0	0	704	0	0	0	0	0	0	0	0	0	0	0	0	0	0	0	0	0	0	0	0	0	0	0	0	0	0	
1.44958e+06	Frontal_Sup_L	38076	2918	0	20396	25368	318	101620	4546	5136	0	19230	3778	19174	2334	14140	126	22844	636	95186	14698	266	0	63502	21134	1892	776	7588	0	54946	3088	39458	13360	11860	13822	0	0	2412	188	470	0	0	0	0	0	0	0	0	144	0	0	0	0	0	0	0	0	6362	0	0	0	0	0	0	0	0	0	0	0	18876	0	17804	4066	30214	3368	2902	0	11190	446	1156	0	1856	0	838	0	0	0	0	0	280	0	0	0	0	0	0	0	0	0	0	0	0	0	0	0	0	0	0	0	0	0	0	0	0	0	0	0	
1.35004e+06	Frontal_Sup_R	8972	68954	20396	0	586	5072	3880	75142	0	5692	728	20666	220	14178	114	7952	234	7996	28046	67360	490	1474	17706	51914	0	4500	272	2546	1614	19696	12790	47208	4866	28768	1886	2536	3604	6850	1598	932	0	208	0	0	0	0	0	0	0	0	0	0	0	0	0	186	0	1024	0	0	0	0	0	166	0	0	0	0	8660	0	7798	47810	1928	21620	200	1362	3184	32642	794	0	0	0	0	0	0	0	0	0	0	0	0	0	0	0	0	0	0	0	0	0	0	0	0	0	0	0	0	0	0	0	0	0	0	0	0	0	
263388	Frontal_Sup_Orb_L	236	0	25368	586	0	702	8072	502	9462	0	736	274	1466	0	15146	0	506	0	2788	0	918	0	7722	1110	5116	796	14036	0	9860	140	14544	590	324	264	0	0	200	0	0	0	0	0	0	0	0	0	0	0	0	0	0	0	0	0	0	0	0	0	0	0	0	0	0	0	0	0	0	0	0	0	2628	430	6290	146	0	0	0	0	0	0	0	0	736	0	0	0	0	0	0	0	0	0	0	0	0	0	0	0	0	0	0	0	0	0	0	0	0	0	0	0	0	0	0	0	0	0	
135500	Frontal_Sup_Orb_R	0	0	318	5072	702	0	0	1338	0	5122	0	0	0	152	0	3664	0	0	0	0	740	3522	1228	6966	1044	11846	0	12046	0	998	1602	4526	0	0	0	0	0	0	0	0	0	0	0	0	0	0	0	0	0	0	0	0	0	0	0	0	0	0	0	0	0	0	0	0	0	0	0	0	0	0	1214	3026	478	2146	0	0	0	0	0	0	0	0	0	0	0	0	0	0	0	0	0	0	0	0	0	0	0	0	0	0	0	0	0	0	0	0	0	0	0	0	0	0	0	0	0	0	
687100	Frontal_Mid_L	22304	166	101620	3880	8072	0	0	988	8002	0	14960	870	38708	1200	14580	0	7088	234	19052	2934	242	0	20208	5416	0	0	370	0	36356	714	7690	2904	6032	4018	0	130	562	106	126	0	0	0	0	0	0	0	0	0	0	0	0	0	0	0	0	0	1542	0	0	0	0	0	0	0	0	0	0	0	458	0	1778	742	5668	648	208	0	340	112	1360	0	422	0	632	0	0	0	0	0	108	0	0	0	0	0	0	0	0	0	0	0	0	0	0	0	0	0	0	0	0	0	0	0	0	0	0	0	
553324	Frontal_Mid_R	1428	18108	4546	75142	502	1338	988	0	0	5238	288	21820	0	14444	218	8312	170	3832	6292	15542	0	388	912	10806	0	456	248	862	760	10168	2590	12028	354	5278	506	628	780	1852	420	158	0	0	0	0	0	0	0	0	0	0	0	0	0	0	0	0	0	1174	0	0	0	0	0	170	0	0	0	0	380	0	6598	21036	1310	12444	0	3134	262	2752	0	0	0	0	0	0	0	0	0	0	0	0	0	0	0	0	0	0	0	0	0	0	0	0	0	0	0	0	0	0	0	0	0	0	0	0	0	0	
94312	Frontal_Mid_Orb_L	0	0	5136	0	9462	0	8002	0	0	0	0	0	4464	0	15848	0	0	0	0	0	0	0	0	0	0	0	992	0	1828	0	0	0	0	0	0	0	0	0	0	0	0	0	0	0	0	0	0	0	0	0	0	0	0	0	0	0	0	0	0	0	0	0	0	0	0	0	0	0	0	0	0	0	1196	0	0	0	0	0	0	0	0	0	228	0	0	0	0	0	0	0	0	0	0	0	0	0	0	0	0	0	0	0	0	0	0	0	0	0	0	0	0	0	0	0	0	0	
71040	Frontal_Mid_Orb_R	0	0	0	5692	0	5122	0	5238	0	0	0	0	0	832	0	8546	0	0	0	182	258	1052	0	538	0	566	0	2810	0	784	0	194	0	0	0	0	0	0	0	0	0	0	0	0	0	0	0	0	0	0	0	0	0	0	0	0	0	0	0	0	0	0	0	0	0	0	0	0	0	0	474	1082	226	1924	0	0	0	0	0	0	0	0	0	0	0	0	0	0	0	0	0	0	0	0	0	0	0	0	0	0	0	0	0	0	0	0	0	0	0	0	0	0	0	0	0	0	
240784	Frontal_Inf_Oper_L	10176	0	19230	728	736	0	14960	288	0	0	0	260	16358	312	0	0	9588	0	10710	336	0	0	4112	212	0	0	456	0	15398	150	5460	1142	878	358	0	0	196	0	136	0	0	0	0	0	0	0	0	0	0	0	0	0	0	0	0	0	2454	0	0	0	0	0	0	0	0	0	0	0	0	0	1560	248	1270	160	0	0	0	0	626	0	1036	0	858	0	0	0	0	0	0	0	0	0	0	0	0	0	0	0	0	0	0	0	0	0	0	0	0	0	0	0	0	0	0	0	0	0	
307476	Frontal_Inf_Oper_R	360	12032	3778	20666	274	0	870	21820	0	0	260	0	140	12122	236	0	126	9572	7328	18356	0	0	1160	1940	0	0	132	0	542	13332	1408	1428	796	9818	0	0	0	1188	0	672	0	0	0	0	0	0	0	0	0	0	0	0	0	0	0	0	0	496	0	0	0	0	0	0	0	0	0	0	0	0	2696	5000	700	4352	0	0	0	0	0	0	0	138	0	0	0	0	0	0	0	0	0	0	0	0	0	0	0	0	0	0	0	0	0	0	0	0	0	0	0	0	0	0	0	0	0	0	
271276	Frontal_Inf_Tri_L	1914	0	19174	220	1466	0	38708	0	4464	0	16358	140	0	180	10264	0	688	0	5518	564	0	0	4040	322	0	0	428	0	21480	112	4110	956	1020	518	0	0	110	0	0	0	0	0	0	0	0	0	0	0	0	0	0	0	0	0	0	0	258	0	0	0	0	0	0	0	0	0	0	0	0	0	474	0	1820	132	0	0	0	0	0	0	0	0	200	0	0	0	0	0	0	0	0	0	0	0	0	0	0	0	0	0	0	0	0	0	0	0	0	0	0	0	0	0	0	0	0	0	
228312	Frontal_Inf_Tri_R	158	926	2334	14178	0	152	1200	14444	0	832	312	12122	180	0	0	2712	0	0	5340	10600	0	0	2938	5522	0	0	0	106	486	13112	1820	6890	1238	12354	0	0	0	186	0	0	0	0	0	0	0	0	0	0	0	0	0	0	0	0	0	0	0	0	0	0	0	0	0	0	0	0	0	0	0	0	804	1460	284	1466	0	0	0	0	0	0	0	0	0	0	0	0	0	0	0	0	0	0	0	0	0	0	0	0	0	0	0	0	0	0	0	0	0	0	0	0	0	0	0	0	0	0	
207952	Frontal_Inf_Orb_L	0	186	14140	114	15146	0	14580	218	15848	0	0	236	10264	0	0	0	0	0	602	0	1864	0	810	0	0	0	1140	0	16148	0	1156	156	0	0	0	0	718	0	544	0	398	0	0	0	0	0	0	0	0	0	0	0	0	0	0	0	0	0	0	0	0	0	0	0	0	0	0	0	0	0	1198	172	6324	0	0	0	0	0	0	0	0	0	2014	0	0	0	0	0	0	0	0	0	0	0	0	0	0	0	0	0	0	0	0	0	0	0	0	0	0	0	0	0	0	0	0	0	
121344	Frontal_Inf_Orb_R	0	0	126	7952	0	3664	0	8312	0	8546	0	0	0	2712	0	0	0	0	0	1126	326	2568	0	734	0	500	0	3390	0	5280	120	1120	0	0	0	0	0	698	0	0	0	218	0	0	0	0	0	0	0	0	0	0	0	0	0	1124	0	0	0	0	0	0	0	0	0	0	0	0	0	0	974	3740	372	3326	0	0	0	0	0	0	0	724	0	2296	0	120	0	0	0	604	0	0	0	0	0	0	0	0	0	0	0	0	0	0	0	0	0	0	0	0	0	0	0	0	0	0	
272572	Rolandic_Oper_L	10622	0	22844	234	506	0	7088	170	0	0	9588	126	688	0	0	0	0	0	11140	182	0	0	1242	0	0	0	300	0	29374	0	2776	288	498	0	814	222	592	0	430	0	0	0	126	0	0	0	0	168	0	0	448	0	0	0	0	0	10236	0	114	0	618	0	2026	0	166	0	852	190	1482	0	2454	226	4230	0	0	0	132	0	2998	0	7188	0	794	0	946	0	0	0	1168	0	0	0	0	0	0	0	0	0	0	0	0	0	0	0	0	0	0	0	0	0	0	0	0	0	0	0	
124900	Rolandic_Oper_R	152	3318	636	7996	0	0	234	3832	0	0	0	9572	0	0	0	0	0	0	2114	7282	0	0	244	106	0	0	0	0	216	9038	148	112	272	2814	0	0	0	1238	0	0	0	0	0	0	0	0	0	0	0	0	0	0	0	0	0	214	0	3380	0	0	0	588	0	1092	0	0	0	0	0	306	812	336	116	1200	0	0	0	0	0	1142	0	3018	0	582	0	0	0	0	0	340	0	0	0	0	0	0	0	0	0	0	0	0	0	0	0	0	0	0	0	0	0	0	0	0	0	0	
953864	Supp_Motor_Area_L	26646	13208	95186	28046	2788	0	19052	6292	0	0	10710	7328	5518	5340	602	0	11140	2114	0	57730	0	0	12666	3622	0	0	1060	0	21226	3310	9684	4400	13016	31012	1022	174	1310	290	224	0	0	0	0	0	0	0	0	0	216	0	0	0	0	0	0	0	1528	0	0	0	0	0	0	0	0	0	296	0	22794	690	12826	7936	12974	3152	3548	0	11776	3030	400	0	1050	0	0	0	0	0	0	0	0	0	0	0	0	0	0	0	0	0	0	0	0	0	0	0	0	0	0	0	0	0	0	0	0	0	0	0	
875668	Supp_Motor_Area_R	8882	15126	14698	67360	0	0	2934	15542	0	182	336	18356	564	10600	0	1126	182	7282	57730	0	0	0	5788	13034	0	0	0	0	972	8406	4230	16100	9934	56472	2332	3356	210	2054	130	508	0	0	0	290	0	818	0	0	0	632	190	996	0	312	0	240	428	4428	224	576	0	290	0	790	0	180	456	3046	16580	23500	1106	20394	184	8918	0	182	0	6940	0	0	0	240	0	0	0	682	0	0	0	786	0	0	0	0	0	0	0	0	0	0	0	0	0	0	0	0	0	0	0	0	0	0	0	0	0	0	
75784	Olfactory_L	0	0	266	490	918	740	242	0	0	258	0	0	0	0	1864	326	0	0	0	0	0	4078	0	250	216	1000	1392	1280	2382	0	3146	2710	0	0	0	0	1074	0	826	0	766	0	0	0	0	0	0	0	0	0	0	0	0	0	174	0	0	0	0	0	0	0	0	0	0	0	0	0	0	0	6112	1566	4212	968	0	0	0	0	0	0	0	0	636	0	0	0	0	0	0	0	0	0	0	0	0	0	0	0	0	0	0	0	0	0	0	0	0	0	0	0	0	0	0	0	0	0	
104376	Olfactory_R	0	0	0	1474	0	3522	0	388	0	1052	0	0	0	0	0	2568	0	0	0	0	4078	0	0	616	0	2356	702	5672	0	1618	2016	3188	0	0	0	0	0	106	0	324	0	692	0	0	0	0	0	0	0	0	0	0	0	0	0	0	0	0	0	0	0	0	0	0	0	0	0	0	0	0	7932	5860	4414	3044	276	188	0	0	0	0	0	0	0	0	0	0	0	102	0	0	0	0	0	0	0	0	0	0	0	0	0	0	0	0	0	0	0	0	0	0	0	0	0	0	0	0	
610028	Frontal_Sup_Medial_L	866	340	63502	17706	7722	1228	20208	912	0	0	4112	1160	4040	2938	810	0	1242	244	12666	5788	0	0	0	36396	4206	2624	4280	258	4090	718	42910	23838	12300	15890	0	0	0	0	0	0	0	0	0	0	0	0	0	0	0	0	0	0	0	0	0	0	0	0	0	0	0	0	0	0	0	0	0	0	0	0	4580	1970	4500	970	0	0	0	0	0	0	0	0	0	0	0	0	0	0	0	0	0	0	0	0	0	0	0	0	0	0	0	0	0	0	0	0	0	0	0	0	0	0	0	0	0	0	
564124	Frontal_Sup_Medial_R	420	780	21134	51914	1110	6966	5416	10806	0	538	212	1940	322	5522	0	734	0	106	3622	13034	250	616	36396	0	1284	11418	310	1954	786	1918	13916	43022	2756	20858	0	0	0	0	0	0	0	0	0	0	0	0	0	0	0	0	0	0	0	0	0	0	0	0	0	0	0	0	0	0	0	0	0	0	0	0	1912	12582	772	6736	0	0	0	0	0	0	0	0	0	0	0	0	0	0	0	0	0	0	0	0	0	0	0	0	0	0	0	0	0	0	0	0	0	0	0	0	0	0	0	0	0	0	
61292	Frontal_Med_Orb_L	0	0	1892	0	5116	1044	0	0	0	0	0	0	0	0	0	0	0	0	0	0	216	0	4206	1284	0	1974	4584	168	0	0	8128	334	0	0	0	0	0	0	0	0	0	0	0	0	0	0	0	0	0	0	0	0	0	0	0	0	0	0	0	0	0	0	0	0	0	0	0	0	0	0	722	0	978	0	0	0	0	0	0	0	0	0	0	0	0	0	0	0	0	0	0	0	0	0	0	0	0	0	0	0	0	0	0	0	0	0	0	0	0	0	0	0	0	0	0	0	
148848	Frontal_Med_Orb_R	0	0	776	4500	796	11846	0	456	0	566	0	0	0	0	0	500	0	0	0	0	1000	2356	2624	11418	1974	0	274	10852	114	0	4870	10472	0	0	0	0	0	0	0	0	0	0	0	0	0	0	0	0	0	0	0	0	0	0	0	0	0	0	0	0	0	0	0	0	0	0	0	0	0	0	1310	3394	880	3446	0	0	0	0	0	0	0	0	0	0	0	0	0	0	0	0	0	0	0	0	0	0	0	0	0	0	0	0	0	0	0	0	0	0	0	0	0	0	0	0	0	0	
124164	Rectus_L	188	0	7588	272	14036	0	370	248	992	0	456	132	428	0	1140	0	300	0	1060	0	1392	702	4280	310	4584	274	0	124	1510	0	12854	1068	262	210	0	0	0	0	0	0	0	0	0	0	0	0	0	0	0	0	0	0	0	0	0	0	0	0	0	0	0	0	0	0	0	0	0	0	0	0	3426	278	3492	106	0	0	0	0	0	0	0	0	0	0	0	0	0	0	0	0	0	0	0	0	0	0	0	0	0	0	0	0	0	0	0	0	0	0	0	0	0	0	0	0	0	0	
109368	Rectus_R	0	0	0	2546	0	12046	0	862	0	2810	0	0	0	106	0	3390	0	0	0	0	1280	5672	258	1954	168	10852	124	0	0	586	684	4014	0	0	0	0	0	0	0	0	0	0	0	0	0	0	0	0	0	0	0	0	0	0	0	0	0	0	0	0	0	0	0	0	0	0	0	0	0	0	2126	3000	932	1274	0	0	0	0	0	0	0	0	0	0	0	0	0	0	0	0	0	0	0	0	0	0	0	0	0	0	0	0	0	0	0	0	0	0	0	0	0	0	0	0	0	0	
674172	Insula_L	11636	538	54946	1614	9860	0	36356	760	1828	0	15398	542	21480	486	16148	0	29374	216	21226	972	2382	0	4090	786	0	114	1510	0	0	380	6744	930	1922	850	378	294	7820	120	2828	0	2154	0	0	0	0	0	0	658	0	0	0	0	0	0	1004	0	2594	0	0	0	108	0	358	0	0	0	0	0	776	0	5498	724	29490	302	0	0	3098	410	8196	0	12708	0	5268	0	4276	0	0	0	4936	0	0	0	0	0	0	0	0	0	0	0	0	0	0	0	0	0	0	0	0	0	0	0	0	0	0	0	
341560	Insula_R	362	6124	3088	19696	140	998	714	10168	0	784	150	13332	112	13112	0	5280	0	9038	3310	8406	0	1618	718	1918	0	0	0	586	380	0	1986	6278	530	3056	0	0	0	5922	0	2070	0	1240	0	0	0	0	0	0	0	0	0	0	0	0	0	1772	0	164	0	0	0	0	0	0	0	0	0	0	0	0	1364	6316	380	22806	0	0	0	304	0	3184	0	7250	0	1776	0	1126	0	0	0	3222	0	0	0	0	0	0	0	0	0	0	0	0	0	0	0	0	0	0	0	0	0	0	0	0	0	0	
618480	Cingulum_Ant_L	1586	980	39458	12790	14544	1602	7690	2590	0	0	5460	1408	4110	1820	1156	120	2776	148	9684	4230	3146	2016	42910	13916	8128	4870	12854	684	6744	1986	0	36572	8470	11762	224	0	0	0	0	0	0	0	0	0	0	0	0	0	0	0	0	0	0	0	0	0	156	0	0	0	0	0	0	0	0	0	0	0	0	0	17480	5018	17104	3048	0	0	0	0	0	0	0	0	0	0	0	0	0	0	0	0	0	0	0	0	0	0	0	0	0	0	0	0	0	0	0	0	0	0	0	0	0	0	0	0	0	0	
656564	Cingulum_Ant_R	700	1578	13360	47208	590	4526	2904	12028	0	194	1142	1428	956	6890	156	1120	288	112	4400	16100	2710	3188	23838	43022	334	10472	1068	4014	930	6278	36572	0	2950	25032	0	282	0	0	0	0	0	0	0	0	0	0	0	0	0	0	0	0	0	0	0	0	0	0	0	0	0	0	0	0	0	0	0	0	194	0	7908	24814	4412	14312	0	0	0	272	0	0	0	0	0	0	0	0	0	0	0	0	0	0	0	0	0	0	0	0	0	0	0	0	0	0	0	0	0	0	0	0	0	0	0	0	0	0	
238216	Cingulum_Mid_L	328	1300	11860	4866	324	0	6032	354	0	0	878	796	1020	1238	0	0	498	272	13016	9934	0	0	12300	2756	0	0	262	0	1922	530	8470	2950	0	18140	4090	810	0	0	0	0	0	0	114	0	136	118	0	0	1632	0	1116	0	446	0	0	0	140	0	0	0	0	0	0	0	0	0	4878	1730	1712	1102	148	154	158	326	0	0	0	0	0	0	136	0	0	0	0	0	0	0	116	0	0	0	0	0	0	0	0	0	0	0	0	0	0	0	0	0	0	0	0	0	0	0	0	0	0	0	
633180	Cingulum_Mid_R	5594	4778	13822	28768	264	0	4018	5278	0	0	358	9818	518	12354	0	0	0	2814	31012	56472	0	0	15890	20858	0	0	210	0	850	3056	11762	25032	18140	0	1566	5616	0	136	0	0	0	0	0	436	0	524	0	106	0	144	0	238	0	0	0	0	0	1000	0	0	0	0	0	0	0	0	564	6342	10358	13520	452	2488	216	628	0	0	0	192	0	0	0	0	0	0	0	192	0	0	0	206	0	0	0	0	0	0	0	0	0	0	0	0	0	0	0	0	0	0	0	0	0	0	0	0	0	0	
163832	Cingulum_Post_L	1976	1800	0	1886	0	0	0	506	0	0	0	0	0	0	0	0	814	0	1022	2332	0	0	0	0	0	0	0	0	378	0	224	0	4090	1566	0	13448	8134	5536	6044	1056	0	0	2386	0	976	0	1168	172	892	0	924	0	148	0	1152	0	1200	0	492	0	0	0	498	0	0	0	7278	1852	4806	1270	0	0	0	0	0	0	416	2128	926	0	490	0	0	0	472	0	0	0	1458	0	0	0	0	0	0	0	0	0	0	0	0	0	0	0	0	0	0	0	0	0	0	0	0	0	0	0	
192412	Cingulum_Post_R	2454	2336	0	2536	0	0	130	628	0	0	0	0	0	0	0	0	222	0	174	3356	0	0	0	0	0	0	0	0	294	0	0	282	810	5616	13448	0	7880	9420	4944	1352	0	0	158	1148	0	1492	250	2002	0	1334	0	1034	0	162	120	212	526	1726	0	862	0	188	320	0	0	214	1488	12424	2510	5468	0	0	0	0	0	0	808	3750	628	0	284	0	0	0	0	186	0	0	0	388	0	0	0	0	0	0	130	0	0	0	0	0	0	0	0	0	0	0	0	0	512	0	0	0	0	0	
280868	Hippocampus_L	3822	3230	2412	3604	200	0	562	780	0	0	196	0	110	0	718	0	592	0	1310	210	1074	0	0	0	0	0	0	0	7820	0	0	0	0	0	8134	7880	0	6528	19858	1206	10256	0	1836	0	0	0	2874	2276	0	0	0	0	0	0	7550	0	144	0	0	0	0	0	0	0	0	0	3936	1134	1900	0	214	0	6576	160	868	0	4304	5026	1482	0	3502	0	4162	0	2522	0	616	0	8510	0	0	0	0	0	0	0	340	0	0	0	0	0	0	0	0	0	0	0	0	0	0	0	0	0	0	0	
255548	Hippocampus_R	822	7936	188	6850	0	0	106	1852	0	0	0	1188	0	186	0	698	0	1238	290	2054	0	106	0	0	0	0	0	0	120	5922	0	0	0	136	5536	9420	6528	0	4658	15398	0	7124	120	498	0	0	218	2716	0	0	0	0	0	0	0	12544	0	312	0	0	0	222	0	430	0	0	1154	5314	564	852	0	548	0	10456	0	176	718	4358	378	452	0	380	0	2490	0	270	0	318	0	3404	0	0	0	0	0	0	154	0	0	0	0	0	0	0	0	0	0	0	0	0	372	0	0	0	0	0	
147252	ParaHippocampal_L	312	1458	470	1598	0	0	126	420	0	0	136	0	0	0	544	0	430	0	224	130	826	0	0	0	0	0	0	0	2828	0	0	0	0	0	6044	4944	19858	4658	0	1034	3656	0	1672	0	0	0	3248	2268	0	0	0	0	0	0	3410	0	0	0	0	0	0	0	0	0	0	0	3384	1038	148	0	0	0	1506	188	0	0	1154	2068	0	0	340	0	878	0	0	0	132	0	1676	0	0	0	0	0	240	0	580	0	0	0	0	0	0	0	0	0	0	0	0	0	0	0	0	0	0	0	
114776	ParaHippocampal_R	0	430	0	932	0	0	0	158	0	0	0	672	0	0	0	0	0	0	0	508	0	324	0	0	0	0	0	0	0	2070	0	0	0	0	1056	1352	1206	15398	1034	0	0	5206	0	428	0	0	0	1938	0	0	0	0	0	0	0	9876	0	0	0	0	0	0	0	0	0	0	180	1378	0	0	0	312	0	3784	0	152	0	748	0	0	0	0	0	3852	0	0	0	3290	0	768	0	0	0	0	0	0	0	336	0	0	0	0	0	0	0	0	0	0	0	0	0	0	0	0	0	0	
55472	Amygdala_L	0	0	0	0	0	0	0	0	0	0	0	0	0	0	398	0	0	0	0	0	766	0	0	0	0	0	0	0	2154	0	0	0	0	0	0	0	10256	0	3656	0	0	0	0	0	0	0	0	0	0	0	0	0	0	0	4564	0	0	0	0	0	0	0	0	0	0	0	0	0	0	0	144	0	650	0	0	0	318	0	0	0	0	0	2078	0	456	0	472	0	1824	0	0	0	0	0	0	0	0	0	0	0	0	0	0	0	0	0	0	0	0	0	0	0	0	0	0	0	
53388	Amygdala_R	0	130	0	208	0	0	0	0	0	0	0	0	0	0	0	218	0	0	0	0	0	692	0	0	0	0	0	0	0	1240	0	0	0	0	0	0	0	7124	0	5206	0	0	0	0	0	0	0	0	0	0	0	0	0	0	0	4072	0	0	0	0	0	0	0	0	0	0	0	0	0	0	0	400	0	1252	0	0	0	168	0	0	0	0	0	3366	0	0	0	1682	0	936	0	0	0	0	0	0	0	0	0	0	0	0	0	0	0	0	0	0	0	0	0	0	0	0	0	0	
128848	Calcarine_L	112	0	0	0	0	0	0	0	0	0	0	0	0	0	0	0	126	0	0	0	0	0	0	0	0	0	0	0	0	0	0	0	114	0	2386	158	1836	120	1672	0	0	0	0	1470	6746	634	4358	430	3452	518	11072	406	4022	196	562	196	788	0	1090	0	392	0	256	0	0	0	12702	156	270	0	0	0	0	0	0	0	0	0	650	0	394	0	0	0	5864	0	0	0	600	0	174	0	0	0	0	0	308	0	194	0	0	0	0	0	0	0	0	0	0	0	0	0	0	0	0	0	
219316	Calcarine_R	0	0	0	0	0	0	0	0	0	0	0	0	0	0	0	0	0	0	0	290	0	0	0	0	0	0	0	0	0	0	0	0	0	436	0	1148	0	498	0	428	0	0	1470	0	2018	15186	0	10268	0	14456	0	17556	0	9154	0	6668	0	708	0	600	0	0	0	0	0	140	0	16290	144	1704	0	0	0	0	0	0	0	0	0	0	0	0	0	0	0	6472	0	0	0	4024	0	0	0	0	0	0	0	0	0	0	0	0	0	0	0	0	0	0	0	0	0	0	0	0	0	0	
79716	Cuneus_L	0	0	0	0	0	0	0	0	0	0	0	0	0	0	0	0	0	0	0	0	0	0	0	0	0	0	0	0	0	0	0	0	136	0	976	0	0	0	0	0	0	0	6746	2018	0	2666	320	208	9458	1224	4608	432	282	0	0	106	486	0	886	0	0	0	0	0	0	0	6266	146	724	0	0	0	0	0	0	0	0	0	160	0	162	0	0	0	1714	0	0	0	134	0	0	0	0	0	0	0	0	0	0	0	0	0	0	0	0	0	0	0	0	0	0	0	0	0	0	0	
196184	Cuneus_R	0	0	0	0	0	0	0	0	0	0	0	0	0	0	0	0	0	0	0	818	0	0	0	0	0	0	0	0	0	0	0	0	118	524	0	1492	0	0	0	0	0	0	634	15186	2666	0	0	1464	0	24312	0	13650	0	1780	0	1638	0	4260	0	3946	0	594	0	214	0	530	1210	14742	152	3046	0	0	0	0	0	0	0	0	0	0	0	106	0	0	0	4662	0	0	0	348	0	0	0	0	0	0	0	0	0	0	0	0	0	0	0	0	0	0	0	0	0	0	0	0	0	0	
182984	Lingual_L	0	0	0	0	0	0	0	0	0	0	0	0	0	0	0	0	0	0	0	0	0	0	0	0	0	0	0	0	0	0	0	0	0	0	1168	250	2874	218	3248	0	0	0	4358	0	320	0	0	724	1344	0	5528	0	3192	0	9834	0	0	0	0	0	0	0	0	0	0	0	4344	212	0	0	0	0	0	0	0	0	0	0	0	0	0	0	0	0	0	0	0	0	852	0	13764	1712	324	606	0	0	11402	232	16888	1636	0	0	0	0	0	0	0	0	0	0	2402	3064	996	0	0	0	
202084	Lingual_R	0	0	144	0	0	0	0	0	0	0	0	0	0	0	0	0	168	0	0	0	0	0	0	0	0	0	0	0	658	0	0	0	0	106	172	2002	2276	2716	2268	1938	0	0	430	10268	208	1464	724	0	0	2358	0	2344	0	4586	152	11058	0	0	0	210	0	0	0	0	0	0	0	7802	0	206	0	0	332	0	0	0	0	0	0	0	228	0	0	0	0	120	0	0	412	714	744	12182	224	496	344	0	662	5540	1960	12560	0	0	214	0	0	0	0	0	0	0	3710	5078	1264	0	0	0	
97412	Occipital_Sup_L	0	0	0	0	0	0	0	0	0	0	0	0	0	0	0	0	0	0	216	0	0	0	0	0	0	0	0	0	0	0	0	0	1632	0	892	0	0	0	0	0	0	0	3452	0	9458	0	1344	0	0	0	13542	0	1400	0	146	0	444	0	4392	0	510	0	0	0	0	0	9624	0	736	0	0	0	0	0	0	0	0	0	0	0	0	0	0	0	706	0	0	0	212	0	0	0	0	0	0	0	0	0	0	0	0	0	0	0	0	0	0	0	0	0	0	0	0	0	0	0	
198208	Occipital_Sup_R	0	124	0	0	0	0	0	0	0	0	0	0	0	0	0	0	0	0	0	632	0	0	0	0	0	0	0	0	0	0	0	0	0	144	0	1334	0	0	0	0	0	0	518	14456	1224	24312	0	2358	0	0	0	19970	0	1848	0	2036	0	5310	0	4082	0	1258	0	402	0	3126	0	7514	0	3732	0	0	0	0	0	0	0	0	0	0	0	118	0	0	0	4026	0	0	0	580	0	0	0	0	0	0	0	0	0	0	0	0	0	0	0	0	0	0	0	0	0	0	0	0	0	0	
302384	Occipital_Mid_L	478	0	0	0	0	0	0	0	0	0	0	0	0	0	0	0	448	0	0	190	0	0	0	0	0	0	0	0	0	0	0	0	1116	0	924	0	0	0	0	0	0	0	11072	0	4608	0	5528	0	13542	0	0	0	21186	0	3888	0	8954	0	15850	0	11016	0	1218	0	8604	0	11154	0	2626	182	0	0	0	0	0	0	0	0	1156	0	862	0	0	0	21154	0	0	0	5436	0	0	0	0	0	0	0	0	0	0	0	0	0	0	0	0	0	0	0	0	0	0	0	0	0	0	0	
234912	Occipital_Mid_R	0	188	0	0	0	0	0	0	0	0	0	0	0	0	0	0	0	0	0	996	0	0	0	0	0	0	0	0	0	0	0	0	0	238	0	1034	0	0	0	0	0	0	406	17556	432	13650	0	2344	0	19970	0	0	0	6114	0	2016	0	4016	0	1850	0	2198	0	1200	0	9958	0	9074	0	3782	0	0	0	0	0	0	0	0	0	0	0	388	0	0	0	17018	0	0	0	3028	0	0	0	0	0	0	0	0	0	0	0	0	0	0	0	0	0	0	0	0	0	0	0	0	0	0	
86536	Occipital_Inf_L	0	0	0	0	0	0	0	0	0	0	0	0	0	0	0	0	0	0	0	0	0	0	0	0	0	0	0	0	0	0	0	0	446	0	148	0	0	0	0	0	0	0	4022	0	282	0	3192	0	1400	0	21186	0	0	0	5194	0	138	0	120	0	256	0	196	0	114	0	2106	0	0	0	0	0	0	0	0	0	0	0	140	0	0	0	0	0	2400	0	0	0	1928	0	0	0	0	0	0	0	0	0	0	0	0	0	0	0	0	0	0	0	0	0	0	0	0	0	0	0	
77016	Occipital_Inf_R	0	0	0	0	0	0	0	0	0	0	0	0	0	0	0	0	0	0	0	312	0	0	0	0	0	0	0	0	0	0	0	0	0	0	0	162	0	0	0	0	0	0	196	9154	0	1780	0	4586	0	1848	0	6114	0	0	0	7226	0	460	0	0	0	0	0	0	0	0	0	2254	0	638	0	0	0	0	0	0	0	0	0	0	0	0	0	0	0	1776	0	0	0	1882	0	120	0	0	0	0	0	0	0	0	0	0	0	0	0	0	0	0	0	0	0	0	0	0	0	0	
215528	Fusiform_L	0	0	0	0	0	0	0	0	0	0	0	0	0	0	0	0	0	0	0	0	174	0	0	0	0	0	0	0	1004	0	0	0	0	0	1152	120	7550	0	3410	0	4564	0	562	0	0	0	9834	152	146	0	3888	0	5194	0	0	0	0	0	0	0	0	0	0	0	0	0	2194	0	0	0	0	0	416	0	0	0	326	0	152	0	298	0	4066	0	3692	0	3070	0	12392	0	16274	222	528	0	474	0	6334	0	17104	252	542	0	392	0	0	0	0	0	0	0	498	674	114	0	0	0	
257832	Fusiform_R	0	124	0	186	0	0	0	0	0	0	0	0	0	0	0	1124	0	214	0	240	0	0	0	0	0	0	0	0	0	1772	0	0	0	0	0	212	0	12544	0	9876	0	4072	196	6668	106	1638	0	11058	0	2036	0	2016	0	7226	0	0	0	0	0	164	0	0	0	0	0	0	0	2254	0	164	0	158	0	1662	0	0	0	0	0	372	0	3470	0	8370	0	1362	0	4748	0	13330	162	11724	0	204	0	360	0	3600	254	13504	0	0	0	234	0	0	0	0	0	0	156	1026	330	0	0	0	
257112	Postcentral_L	23362	0	6362	0	0	0	1542	0	0	0	2454	0	258	0	0	0	10236	0	1528	428	0	0	0	0	0	0	0	0	2594	0	156	0	140	0	1200	526	144	0	0	0	0	0	788	0	486	0	0	0	444	0	8954	0	138	0	0	0	0	0	9296	0	22246	0	10038	0	3336	0	2010	118	7134	394	664	0	568	0	266	0	106	0	990	0	2516	0	0	0	3910	0	0	0	3224	0	0	0	0	0	0	0	0	0	0	0	0	0	0	0	0	0	0	0	0	0	0	0	0	0	0	0	
205992	Postcentral_R	0	12172	0	1024	0	0	0	1174	0	0	0	496	0	0	0	0	0	3380	0	4428	0	0	0	0	0	0	0	0	0	164	0	0	0	1000	0	1726	0	312	0	0	0	0	0	708	0	4260	0	0	0	5310	0	4016	0	460	0	0	0	0	0	10448	0	15040	0	9990	0	1430	0	9668	168	11346	0	0	0	0	0	0	0	0	0	0	0	986	0	0	0	1004	0	0	0	2286	0	0	0	0	0	0	0	0	0	0	0	0	0	0	0	0	0	0	0	0	0	0	0	0	0	0	
120972	Parietal_Sup_L	130	0	0	0	0	0	0	0	0	0	0	0	0	0	0	0	114	0	0	224	0	0	0	0	0	0	0	0	0	0	0	0	0	0	492	0	0	0	0	0	0	0	1090	0	886	0	0	0	4392	0	15850	0	120	0	0	0	9296	0	0	0	6604	0	774	0	2652	0	7376	0	1942	218	0	0	0	0	0	0	0	0	0	0	206	0	0	0	4910	0	0	0	3210	0	0	0	0	0	0	0	0	0	0	0	0	0	0	0	0	0	0	0	0	0	0	0	0	0	0	0	
90992	Parietal_Sup_R	0	0	0	0	0	0	0	0	0	0	0	0	0	0	0	0	0	0	0	576	0	0	0	0	0	0	0	0	0	0	0	0	0	0	0	862	0	0	0	0	0	0	0	600	0	3946	0	210	0	4082	0	1850	0	0	0	164	0	10448	0	0	0	8980	0	1604	0	2268	0	7432	0	1472	0	0	0	0	0	0	0	0	0	0	0	180	0	0	0	294	0	0	0	528	0	0	0	0	0	0	0	0	0	0	0	0	0	0	0	0	0	0	0	0	0	0	0	0	0	0	
170636	Parietal_Inf_L	2392	0	0	0	0	0	0	0	0	0	0	0	0	0	0	0	618	0	0	0	0	0	0	0	0	0	0	0	108	0	0	0	0	0	0	0	0	0	0	0	0	0	392	0	0	0	0	0	510	0	11016	0	256	0	0	0	22246	0	6604	0	0	0	12308	0	15212	0	224	0	796	0	0	0	0	0	0	0	0	0	0	0	982	0	0	0	10348	0	0	0	1306	0	0	0	0	0	0	0	0	0	0	0	0	0	0	0	0	0	0	0	0	0	0	0	0	0	0	0	
126204	Parietal_Inf_R	0	1746	0	0	0	0	0	0	0	0	0	0	0	0	0	0	0	588	0	290	0	0	0	0	0	0	0	0	0	0	0	0	0	0	0	188	0	222	0	0	0	0	0	0	0	594	0	0	0	1258	0	2198	0	0	0	0	0	15040	0	8980	0	0	0	14244	0	9298	0	498	0	650	0	0	0	0	0	0	0	0	0	0	0	1104	0	0	0	4154	0	0	0	2050	0	0	0	0	0	0	0	0	0	0	0	0	0	0	0	0	0	0	0	0	0	0	0	0	0	0	
89916	SupraMarginal_L	386	0	0	0	0	0	0	0	0	0	0	0	0	0	0	0	2026	0	0	0	0	0	0	0	0	0	0	0	358	0	0	0	0	0	498	320	0	0	0	0	0	0	256	0	0	0	0	0	0	0	1218	0	196	0	0	0	10038	0	774	0	12308	0	0	0	3990	0	0	282	542	0	0	0	0	0	0	0	0	0	106	0	4812	0	0	0	6848	0	0	0	0	0	0	0	0	0	0	0	0	0	0	0	0	0	0	0	0	0	0	0	0	0	0	0	0	0	0	0	
100208	SupraMarginal_R	0	2184	0	166	0	0	0	170	0	0	0	0	0	0	0	0	0	1092	0	790	0	0	0	0	0	0	0	0	0	0	0	0	0	0	0	0	0	430	0	0	0	0	0	0	0	214	0	0	0	402	0	1200	0	0	0	0	0	9990	0	1604	0	14244	0	0	0	5270	0	0	0	996	0	0	0	0	0	0	0	0	0	0	0	3462	0	0	0	5642	0	0	0	2248	0	0	0	0	0	0	0	0	0	0	0	0	0	0	0	0	0	0	0	0	0	0	0	0	0	0	
81840	Angular_L	0	0	0	0	0	0	0	0	0	0	0	0	0	0	0	0	166	0	0	0	0	0	0	0	0	0	0	0	0	0	0	0	0	0	0	0	0	0	0	0	0	0	0	0	0	0	0	0	0	0	8604	0	114	0	0	0	3336	0	2652	0	15212	0	3990	0	0	0	156	0	130	0	0	0	0	0	0	0	0	0	0	0	204	0	0	0	6246	0	0	0	110	0	0	0	0	0	0	0	0	0	0	0	0	0	0	0	0	0	0	0	0	0	0	0	0	0	0	0	
81916	Angular_R	0	0	0	0	0	0	0	0	0	0	0	0	0	0	0	0	0	0	0	180	0	0	0	0	0	0	0	0	0	0	0	0	0	0	0	214	0	0	0	0	0	0	0	140	0	530	0	0	0	3126	0	9958	0	0	0	0	0	1430	0	2268	0	9298	0	5270	0	0	0	788	0	730	0	0	0	0	0	0	0	0	0	0	0	960	0	0	0	4554	0	0	0	1512	0	0	0	0	0	0	0	0	0	0	0	0	0	0	0	0	0	0	0	0	0	0	0	0	0	0	
200304	Precuneus_L	148	170	0	0	0	0	0	0	0	0	0	0	0	0	0	0	852	0	296	456	0	0	0	0	0	0	0	0	0	0	0	0	4878	564	7278	1488	3936	1154	3384	180	0	0	12702	0	6266	1210	4344	0	9624	0	11154	0	2106	0	2194	0	2010	0	7376	0	224	0	0	0	156	0	0	4332	2230	518	0	0	0	0	0	0	116	350	498	0	550	0	0	0	4660	0	0	0	2310	0	0	0	0	0	0	0	438	0	0	0	0	0	0	0	0	0	0	0	0	0	0	0	0	0	0	0	
276796	Precuneus_R	0	0	0	0	0	0	0	0	0	0	0	0	0	0	0	0	190	0	0	3046	0	0	0	0	0	0	0	0	0	0	0	0	1730	6342	1852	12424	1134	5314	1038	1378	0	0	156	16290	146	14742	212	7802	0	7514	0	9074	0	2254	0	2254	118	9668	0	7432	0	498	282	0	0	788	4332	0	1154	10082	0	0	0	0	0	0	0	282	0	0	258	0	0	0	0	3776	0	0	0	4230	0	0	0	0	0	0	130	0	0	0	0	0	0	0	0	0	0	0	0	0	476	0	0	0	0	0	
413024	Paracentral_Lobule_L	46018	10296	18876	8660	0	0	458	380	0	0	0	0	0	0	0	0	1482	0	22794	16580	0	0	0	0	0	0	0	0	776	0	0	194	1712	10358	4806	2510	1900	564	148	0	0	0	270	144	724	152	0	0	736	0	2626	0	0	0	0	0	7134	168	1942	0	796	0	542	0	130	0	2230	1154	0	11158	2966	936	942	0	1570	0	17512	2398	154	0	512	0	0	0	710	0	0	0	394	0	0	0	0	0	0	0	0	0	0	0	0	0	0	0	0	0	0	0	0	0	0	0	0	0	0	0	
219096	Paracentral_Lobule_R	4234	4752	0	0	0	0	0	0	0	0	0	0	0	0	0	0	0	306	690	23500	0	0	0	0	0	0	0	0	0	0	0	0	1102	13520	1270	5468	0	852	0	0	0	0	0	1704	0	3046	0	206	0	3732	182	3782	0	638	0	164	394	11346	218	1472	0	650	0	996	0	730	518	10082	11158	0	0	0	0	0	0	0	0	0	0	0	0	252	0	0	0	1228	0	0	0	1356	0	0	0	0	0	0	0	0	0	0	0	0	0	0	0	0	0	0	0	0	0	0	0	0	0	0	
374956	Caudate_L	5590	1018	17804	7798	2628	1214	1778	6598	0	474	1560	2696	474	804	1198	974	2454	812	12826	1106	6112	7932	4580	1912	722	1310	3426	2126	5498	1364	17480	7908	148	452	0	0	214	0	0	0	144	0	0	0	0	0	0	0	0	0	0	0	0	0	0	0	664	0	0	0	0	0	0	0	0	0	0	0	2966	0	0	15432	22380	4916	1762	304	7566	246	0	0	108	0	0	0	0	0	0	0	0	0	0	0	0	0	0	0	0	0	0	0	0	0	0	0	0	0	0	0	0	0	0	0	0	0	0	0	
556272	Caudate_R	2162	23330	4066	47810	430	3026	742	21036	0	1082	248	5000	0	1460	172	3740	226	336	7936	20394	1566	5860	1970	12582	0	3394	278	3000	724	6316	5018	24814	154	2488	0	0	0	548	0	312	0	400	0	0	0	0	0	0	0	0	0	0	0	0	0	158	0	0	0	0	0	0	0	0	0	0	0	0	936	0	15432	0	4346	22708	306	1636	516	19478	0	0	0	0	0	0	0	0	0	0	0	0	0	0	0	0	0	0	0	0	0	0	0	0	0	0	0	0	0	0	0	0	0	0	0	0	0	0	
411720	Putamen_L	4942	530	30214	1928	6290	478	5668	1310	1196	226	1270	700	1820	284	6324	372	4230	116	12974	184	4212	4414	4500	772	978	880	3492	932	29490	380	17104	4412	158	216	0	0	6576	0	1506	0	650	0	0	0	0	0	0	332	0	0	0	0	0	0	416	0	568	0	0	0	0	0	0	0	0	0	0	0	942	0	22380	4346	0	2216	5356	0	3386	0	160	0	2174	0	702	0	278	0	0	0	876	0	0	0	0	0	0	0	0	0	0	0	0	0	0	0	0	0	0	0	0	0	0	0	0	0	0	0	
358476	Putamen_R	362	4050	3368	21620	146	2146	648	12444	0	1924	160	4352	132	1466	0	3326	0	1200	3152	8918	968	3044	970	6736	0	3446	106	1274	302	22806	3048	14312	326	628	0	0	160	10456	188	3784	0	1252	0	0	0	0	0	0	0	0	0	0	0	0	0	1662	0	0	0	0	0	0	0	0	0	0	0	0	0	0	4916	22708	2216	0	156	2918	0	1280	0	0	0	0	0	162	0	0	0	0	0	0	0	0	0	0	0	0	0	0	0	0	0	0	0	0	0	0	0	0	0	0	0	0	0	0	0	0	
43012	Pallidum_L	2320	152	2902	200	0	0	208	0	0	0	0	0	0	0	0	0	0	0	3548	0	0	276	0	0	0	0	0	0	0	0	0	0	0	0	0	0	868	0	0	0	0	0	0	0	0	0	0	0	0	0	0	0	0	0	0	0	266	0	0	0	0	0	0	0	0	0	0	0	1570	0	1762	306	5356	156	0	0	1616	0	0	0	0	0	0	0	0	0	0	0	0	0	0	0	0	0	0	0	0	0	0	0	0	0	0	0	0	0	0	0	0	0	0	0	0	0	0	0	
24220	Pallidum_R	0	2058	0	1362	0	0	0	3134	0	0	0	0	0	0	0	0	0	0	0	182	0	188	0	0	0	0	0	0	0	0	0	0	0	0	0	0	0	176	0	152	0	0	0	0	0	0	0	0	0	0	0	0	0	0	0	0	0	0	0	0	0	0	0	0	0	0	0	0	0	0	304	1636	0	2918	0	0	0	0	0	0	0	0	0	0	0	0	0	0	0	0	0	0	0	0	0	0	0	0	0	0	0	0	0	0	0	0	0	0	0	0	0	0	0	0	0	0	
197852	Thalamus_L	19596	3056	11190	3184	0	0	340	262	0	0	0	0	0	0	0	0	132	0	11776	0	0	0	0	0	0	0	0	0	3098	0	0	0	0	0	416	808	4304	718	1154	0	318	0	0	0	0	0	0	0	0	0	0	0	0	0	326	0	106	0	0	0	0	0	0	0	0	0	116	0	17512	0	7566	516	3386	0	1616	0	0	5538	1288	0	206	0	0	0	0	0	0	0	398	0	0	0	0	0	0	0	0	0	0	0	0	0	0	0	0	0	0	0	0	0	0	0	0	0	0	0	
255284	Thalamus_R	2990	28830	446	32642	0	0	112	2752	0	0	0	0	0	0	0	0	0	0	3030	6940	0	0	0	0	0	0	0	0	410	304	0	272	0	192	2128	3750	5026	4358	2068	748	0	168	0	0	0	0	0	0	0	0	0	0	0	0	0	0	0	0	0	0	0	0	0	0	0	0	350	282	2398	0	246	19478	0	1280	0	0	5538	0	904	0	0	0	0	0	0	0	0	0	0	0	0	0	0	0	0	0	0	0	0	0	0	0	0	0	0	0	0	0	0	0	0	0	0	0	0	0	
81012	Heschl_L	4896	736	1156	794	0	0	1360	0	0	0	626	0	0	0	0	0	2998	0	400	0	0	0	0	0	0	0	0	0	8196	0	0	0	0	0	926	628	1482	378	0	0	0	0	650	0	160	0	0	0	0	0	1156	0	140	0	152	0	990	0	0	0	0	0	106	0	0	0	498	0	154	0	0	0	160	0	0	0	1288	904	0	0	3260	0	0	0	2960	0	0	0	3352	0	0	0	0	0	0	0	0	0	0	0	0	0	0	0	0	0	0	0	0	0	0	0	0	0	0	0	
37960	Heschl_R	0	880	0	0	0	0	0	0	0	0	0	0	0	0	0	0	0	1142	0	0	0	0	0	0	0	0	0	0	0	3184	0	0	0	0	0	0	0	452	0	0	0	0	0	0	0	0	0	0	0	0	0	0	0	0	0	372	0	0	0	0	0	0	0	0	0	0	0	0	0	0	0	0	0	0	0	0	0	0	0	0	0	7842	0	0	0	2338	0	0	0	2770	0	0	0	0	0	0	0	0	0	0	0	0	0	0	0	0	0	0	0	0	0	0	0	0	0	0	
215644	Temporal_Sup_L	530	0	1856	0	0	0	422	0	0	0	1036	0	0	0	0	0	7188	0	1050	0	0	0	0	0	0	0	0	0	12708	0	0	0	136	0	490	284	3502	0	340	0	0	0	394	0	162	0	0	228	0	0	862	0	0	0	298	0	2516	0	206	0	982	0	4812	0	204	0	550	258	512	0	108	0	2174	0	0	0	206	0	3260	0	0	0	6594	0	32312	0	0	0	21642	0	0	0	0	0	0	0	0	0	0	0	0	0	0	0	0	0	0	0	0	0	0	0	0	0	0	0	
123392	Temporal_Sup_R	0	842	0	0	0	0	0	0	0	0	0	138	0	0	0	724	0	3018	0	240	0	0	0	0	0	0	0	0	0	7250	0	0	0	0	0	0	0	380	0	0	0	0	0	0	0	106	0	0	0	118	0	388	0	0	0	3470	0	986	0	180	0	1104	0	3462	0	960	0	0	0	252	0	0	0	0	0	0	0	0	0	7842	0	0	0	4940	0	10630	0	366	0	14300	0	0	0	0	0	0	0	0	0	0	0	0	0	0	0	0	0	0	0	0	0	0	0	0	0	0	
100736	Temporal_Pole_Sup_L	0	0	838	0	736	0	632	0	228	0	858	0	200	0	2014	0	794	0	0	0	636	0	0	0	0	0	0	0	5268	0	0	0	0	0	0	0	4162	0	878	0	2078	0	0	0	0	0	0	0	0	0	0	0	0	0	4066	0	0	0	0	0	0	0	0	0	0	0	0	0	0	0	0	0	702	0	0	0	0	0	0	0	6594	0	0	0	9336	0	4614	0	5734	0	0	0	0	0	0	0	0	0	0	0	0	0	0	0	0	0	0	0	0	0	0	0	0	0	0	0	
77260	Temporal_Pole_Sup_R	0	0	0	0	0	0	0	0	0	0	0	0	0	0	0	2296	0	582	0	0	0	0	0	0	0	0	0	0	0	1776	0	0	0	0	0	0	0	2490	0	3852	0	3366	0	0	0	0	0	0	0	0	0	0	0	0	0	8370	0	0	0	0	0	0	0	0	0	0	0	0	0	0	0	0	0	162	0	0	0	0	0	0	0	4940	0	0	0	1376	0	5334	0	4086	0	0	0	0	0	0	0	0	0	0	0	0	0	0	0	0	0	0	0	0	0	0	0	0	0	0	
341712	Temporal_Mid_L	458	0	0	0	0	0	0	0	0	0	0	0	0	0	0	0	946	0	0	0	0	0	0	0	0	0	0	0	4276	0	0	0	0	0	472	0	2522	0	0	0	456	0	5864	0	1714	0	0	0	706	0	21154	0	2400	0	3692	0	3910	0	4910	0	10348	0	6848	0	6246	0	4660	0	710	0	0	0	278	0	0	0	0	0	2960	0	32312	0	9336	0	0	0	4048	0	39630	0	0	0	0	0	0	0	0	0	0	0	0	0	0	0	0	0	0	0	0	0	0	0	0	0	0	0	
187368	Temporal_Mid_R	0	390	0	0	0	0	0	0	0	0	0	0	0	0	0	120	0	0	0	682	0	0	0	0	0	0	0	0	0	1126	0	0	0	192	0	186	0	270	0	0	0	0	0	6472	0	4662	0	120	0	4026	0	17018	0	1776	0	1362	0	1004	0	294	0	4154	0	5642	0	4554	0	3776	0	1228	0	0	0	0	0	0	0	0	0	2338	0	10630	0	1376	0	0	0	1528	0	18758	0	0	0	0	0	0	0	0	0	0	0	0	0	0	0	0	0	0	0	0	0	0	0	0	0	0	
32720	Temporal_Pole_Mid_L	0	0	0	0	0	0	0	0	0	0	0	0	0	0	0	0	0	0	0	0	0	0	0	0	0	0	0	0	0	0	0	0	0	0	0	0	616	0	132	0	472	0	0	0	0	0	0	0	0	0	0	0	0	0	3070	0	0	0	0	0	0	0	0	0	0	0	0	0	0	0	0	0	0	0	0	0	0	0	0	0	0	0	4614	0	4048	0	0	0	3408	0	0	0	0	0	0	0	0	0	0	0	0	0	0	0	0	0	0	0	0	0	0	0	0	0	0	0	
39568	Temporal_Pole_Mid_R	0	0	0	0	0	0	0	0	0	0	0	0	0	0	0	0	0	0	0	0	0	102	0	0	0	0	0	0	0	0	0	0	0	0	0	0	0	318	0	3290	0	1682	0	0	0	0	0	0	0	0	0	0	0	0	0	4748	0	0	0	0	0	0	0	0	0	0	0	0	0	0	0	0	0	0	0	0	0	0	0	0	0	366	0	5334	0	1528	0	0	0	2416	0	0	0	0	0	0	0	0	0	0	0	0	0	0	0	0	0	0	0	0	0	0	0	0	0	0	
265468	Temporal_Inf_L	188	0	280	0	0	0	108	0	0	0	0	0	0	0	0	0	1168	0	0	0	0	0	0	0	0	0	0	0	4936	0	0	0	116	0	1458	0	8510	0	1676	0	1824	0	600	0	134	0	852	412	212	0	5436	0	1928	0	12392	0	3224	0	3210	0	1306	0	0	0	110	0	2310	0	394	0	0	0	876	0	0	0	398	0	3352	0	21642	0	5734	0	39630	0	3408	0	0	0	2766	0	296	0	0	0	502	0	1346	0	0	0	0	0	0	0	0	0	0	0	0	0	0	0	0	0	
188544	Temporal_Inf_R	0	704	0	0	0	0	0	0	0	0	0	0	0	0	0	604	0	340	0	786	0	0	0	0	0	0	0	0	0	3222	0	0	0	206	0	388	0	3404	0	768	0	936	0	4024	0	348	0	714	0	580	0	3028	0	1882	0	13330	0	2286	0	528	0	2050	0	2248	0	1512	0	4230	0	1356	0	0	0	0	0	0	0	0	0	2770	0	14300	0	4086	0	18758	0	2416	0	0	0	1680	0	272	0	0	0	0	0	388	0	0	0	128	0	0	0	0	0	0	0	0	0	0	0	0	
411236	Cerebelum_Crus1_L	0	0	0	0	0	0	0	0	0	0	0	0	0	0	0	0	0	0	0	0	0	0	0	0	0	0	0	0	0	0	0	0	0	0	0	0	0	0	0	0	0	0	174	0	0	0	13764	744	0	0	0	0	0	0	16274	162	0	0	0	0	0	0	0	0	0	0	0	0	0	0	0	0	0	0	0	0	0	0	0	0	0	0	0	0	0	0	0	0	2766	0	0	3478	34170	1868	456	492	28238	644	50300	2840	13406	124	13110	1182	128	0	0	0	178	1140	7640	7488	3762	1090	0	0	
412532	Cerebelum_Crus1_R	0	0	0	0	0	0	0	0	0	0	0	0	0	0	0	0	0	0	0	0	0	0	0	0	0	0	0	0	0	0	0	0	0	0	0	0	0	0	0	0	0	0	0	0	0	0	1712	12182	0	0	0	0	0	120	222	11724	0	0	0	0	0	0	0	0	0	0	0	0	0	0	0	0	0	0	0	0	0	0	0	0	0	0	0	0	0	0	0	0	0	1680	3478	0	2002	34722	0	970	3110	19912	6804	52966	260	5108	376	13620	0	1934	0	0	0	254	11334	13212	7428	696	324	116	
278668	Cerebelum_Crus2_L	0	0	0	0	0	0	0	0	0	0	0	0	0	0	0	0	0	0	0	0	0	0	0	0	0	0	0	0	0	0	0	0	0	0	0	0	0	0	0	0	0	0	0	0	0	0	324	224	0	0	0	0	0	0	528	0	0	0	0	0	0	0	0	0	0	0	0	0	0	0	0	0	0	0	0	0	0	0	0	0	0	0	0	0	0	0	0	0	296	0	34170	2002	0	4304	316	318	6250	240	7152	1312	31828	1646	26118	2576	496	0	0	0	282	1346	3318	4208	7488	2592	0	0	
266360	Cerebelum_Crus2_R	0	0	0	0	0	0	0	0	0	0	0	0	0	0	0	0	0	0	0	0	0	0	0	0	0	0	0	0	0	0	0	0	0	0	0	0	0	0	0	0	0	0	0	0	0	0	606	496	0	0	0	0	0	0	0	204	0	0	0	0	0	0	0	0	0	0	0	0	0	0	0	0	0	0	0	0	0	0	0	0	0	0	0	0	0	0	0	0	0	272	1868	34722	4304	0	0	354	3216	5658	2726	12242	2282	14788	1044	23984	0	1504	0	0	0	0	5316	5376	9322	2584	312	0	
28440	Cerebelum_3_L	0	0	0	0	0	0	0	0	0	0	0	0	0	0	0	0	0	0	0	0	0	0	0	0	0	0	0	0	0	0	0	0	0	0	0	0	0	0	240	0	0	0	0	0	0	0	0	344	0	0	0	0	0	0	474	0	0	0	0	0	0	0	0	0	0	0	0	0	0	0	0	0	0	0	0	0	0	0	0	0	0	0	0	0	0	0	0	0	0	0	456	0	316	0	0	0	4900	0	1238	0	360	0	1642	0	1594	0	152	0	576	1104	366	0	0	268	190	0	
24776	Cerebelum_3_R	0	0	0	0	0	0	0	0	0	0	0	0	0	0	0	0	0	0	0	0	0	0	0	0	0	0	0	0	0	0	0	0	0	0	0	0	0	0	0	0	0	0	0	0	0	0	0	0	0	0	0	0	0	0	0	360	0	0	0	0	0	0	0	0	0	0	0	0	0	0	0	0	0	0	0	0	0	0	0	0	0	0	0	0	0	0	0	0	0	0	492	970	318	354	0	0	776	2720	326	2236	176	194	204	638	0	362	0	0	0	954	964	0	0	120	224	0	
300128	Cerebelum_4_5_L	0	0	0	0	0	0	0	0	0	0	0	0	0	0	0	0	0	0	0	0	0	0	0	0	0	0	0	0	0	0	0	0	0	0	0	130	340	154	580	0	0	0	308	0	0	0	11402	662	0	0	0	0	0	0	6334	0	0	0	0	0	0	0	0	0	0	0	438	130	0	0	0	0	0	0	0	0	0	0	0	0	0	0	0	0	0	0	0	0	502	0	28238	3110	6250	3216	4900	776	0	3492	35910	3420	4742	644	7128	2214	1908	106	154	0	584	2052	14718	2474	718	1266	592	472	
177056	Cerebelum_4_5_R	0	0	0	0	0	0	0	0	0	0	0	0	0	0	0	0	0	0	0	0	0	0	0	0	0	0	0	0	0	0	0	0	0	0	0	0	0	0	0	336	0	0	0	0	0	0	232	5540	0	0	0	0	0	0	0	3600	0	0	0	0	0	0	0	0	0	0	0	0	0	0	0	0	0	0	0	0	0	0	0	0	0	0	0	0	0	0	0	0	0	0	644	19912	240	5658	0	2720	3492	0	760	27044	0	612	232	2974	0	260	0	0	0	370	12066	958	338	400	140	0	
360524	Cerebelum_6_L	0	0	0	0	0	0	0	0	0	0	0	0	0	0	0	0	0	0	0	0	0	0	0	0	0	0	0	0	0	0	0	0	0	0	0	0	0	0	0	0	0	0	194	0	0	0	16888	1960	0	0	0	0	0	0	17104	254	0	0	0	0	0	0	0	0	0	0	0	0	0	0	0	0	0	0	0	0	0	0	0	0	0	0	0	0	0	0	0	0	1346	0	50300	6804	7152	2726	1238	326	35910	760	0	6206	2428	146	3194	566	254	0	0	0	112	270	7850	12226	3658	282	0	108	
348944	Cerebelum_6_R	0	0	0	0	0	0	0	0	0	0	0	0	0	0	0	0	0	0	0	0	0	0	0	0	0	0	0	0	0	0	0	0	0	0	0	0	0	0	0	0	0	0	0	0	0	0	1636	12560	0	0	0	0	0	0	252	13504	0	0	0	0	0	0	0	0	0	0	0	0	0	0	0	0	0	0	0	0	0	0	0	0	0	0	0	0	0	0	0	0	0	388	2840	52966	1312	12242	0	2236	3420	27044	6206	0	154	1036	492	3808	0	668	0	0	0	330	12874	12686	4390	900	356	172	
210192	Cerebelum_7b_L	0	0	0	0	0	0	0	0	0	0	0	0	0	0	0	0	0	0	0	0	0	0	0	0	0	0	0	0	0	0	0	0	0	0	0	0	0	0	0	0	0	0	0	0	0	0	0	0	0	0	0	0	0	0	542	0	0	0	0	0	0	0	0	0	0	0	0	0	0	0	0	0	0	0	0	0	0	0	0	0	0	0	0	0	0	0	0	0	0	0	13406	260	31828	2282	360	176	4742	0	2428	154	0	1674	29872	3132	1364	0	118	0	224	1102	2164	952	4504	3700	0	112	
106344	Cerebelum_7b_R	0	0	0	0	0	0	0	0	0	0	0	0	0	0	0	0	0	0	0	0	0	0	0	0	0	0	0	0	0	0	0	0	0	0	0	0	0	0	0	0	0	0	0	0	0	0	0	0	0	0	0	0	0	0	0	0	0	0	0	0	0	0	0	0	0	0	0	0	0	0	0	0	0	0	0	0	0	0	0	0	0	0	0	0	0	0	0	0	0	0	124	5108	1646	14788	0	194	644	612	146	1036	1674	0	636	18088	0	2352	0	0	0	0	894	108	2222	2450	450	0	
246108	Cerebelum_8_L	0	0	0	0	0	0	0	0	0	0	0	0	0	0	0	0	0	0	0	0	0	0	0	0	0	0	0	0	0	0	0	0	0	0	0	0	0	0	0	0	0	0	0	0	0	0	0	214	0	0	0	0	0	0	392	0	0	0	0	0	0	0	0	0	0	0	0	0	0	0	0	0	0	0	0	0	0	0	0	0	0	0	0	0	0	0	0	0	0	0	13110	376	26118	1044	1642	204	7128	232	3194	492	29872	636	0	4032	13538	788	1994	0	312	1216	2790	1082	2894	6682	1812	1260	
218936	Cerebelum_8_R	0	0	0	0	0	0	0	0	0	0	0	0	0	0	0	0	0	0	0	0	0	0	0	0	0	0	0	0	0	0	0	0	0	0	0	0	0	0	0	0	0	0	0	0	0	0	0	0	0	0	0	0	0	0	0	234	0	0	0	0	0	0	0	0	0	0	0	0	0	0	0	0	0	0	0	0	0	0	0	0	0	0	0	0	0	0	0	0	0	128	1182	13620	2576	23984	0	638	2214	2974	566	3808	3132	18088	4032	0	370	12826	0	376	0	352	3612	786	3274	7292	2756	648	
54576	Cerebelum_9_L	0	0	0	0	0	0	0	0	0	0	0	0	0	0	0	0	0	0	0	0	0	0	0	0	0	0	0	0	0	0	0	0	0	0	0	0	0	0	0	0	0	0	0	0	0	0	0	0	0	0	0	0	0	0	0	0	0	0	0	0	0	0	0	0	0	0	0	0	0	0	0	0	0	0	0	0	0	0	0	0	0	0	0	0	0	0	0	0	0	0	128	0	496	0	1594	0	1908	0	254	0	1364	0	13538	370	0	686	3638	0	0	178	166	184	0	1228	1050	506	
61960	Cerebelum_9_R	0	0	0	0	0	0	0	0	0	0	0	0	0	0	0	0	0	0	0	0	0	0	0	0	0	0	0	0	0	0	0	0	0	0	0	0	0	0	0	0	0	0	0	0	0	0	0	0	0	0	0	0	0	0	0	0	0	0	0	0	0	0	0	0	0	0	0	0	0	0	0	0	0	0	0	0	0	0	0	0	0	0	0	0	0	0	0	0	0	0	0	1934	0	1504	0	362	106	260	0	668	0	2352	788	12826	686	0	172	940	0	336	238	276	454	2420	3184	1474	
12456	Cerebelum_10_L	0	0	0	0	0	0	0	0	0	0	0	0	0	0	0	0	0	0	0	0	0	0	0	0	0	0	0	0	0	0	0	0	0	0	0	0	0	0	0	0	0	0	0	0	0	0	0	0	0	0	0	0	0	0	0	0	0	0	0	0	0	0	0	0	0	0	0	0	0	0	0	0	0	0	0	0	0	0	0	0	0	0	0	0	0	0	0	0	0	0	0	0	0	0	152	0	154	0	0	0	118	0	1994	0	3638	172	0	0	0	0	0	0	0	0	0	0	
2632	Cerebelum_10_R	0	0	0	0	0	0	0	0	0	0	0	0	0	0	0	0	0	0	0	0	0	0	0	0	0	0	0	0	0	0	0	0	0	0	0	0	0	0	0	0	0	0	0	0	0	0	0	0	0	0	0	0	0	0	0	0	0	0	0	0	0	0	0	0	0	0	0	0	0	0	0	0	0	0	0	0	0	0	0	0	0	0	0	0	0	0	0	0	0	0	0	0	0	0	0	0	0	0	0	0	0	0	0	376	0	940	0	0	0	0	0	0	0	0	0	0	
11844	Vermis_1_2	0	0	0	0	0	0	0	0	0	0	0	0	0	0	0	0	0	0	0	0	0	0	0	0	0	0	0	0	0	0	0	0	0	0	0	0	0	0	0	0	0	0	0	0	0	0	0	0	0	0	0	0	0	0	0	0	0	0	0	0	0	0	0	0	0	0	0	0	0	0	0	0	0	0	0	0	0	0	0	0	0	0	0	0	0	0	0	0	0	0	178	0	282	0	576	0	584	0	112	0	224	0	312	0	0	0	0	0	0	2864	790	0	0	0	0	0	
33496	Vermis_3	0	0	0	0	0	0	0	0	0	0	0	0	0	0	0	0	0	0	0	0	0	0	0	0	0	0	0	0	0	0	0	0	0	0	0	0	0	0	0	0	0	0	0	0	0	0	0	0	0	0	0	0	0	0	0	0	0	0	0	0	0	0	0	0	0	0	0	0	0	0	0	0	0	0	0	0	0	0	0	0	0	0	0	0	0	0	0	0	0	0	1140	254	1346	0	1104	954	2052	370	270	330	1102	0	1216	352	178	336	0	0	2864	0	2448	0	0	190	242	0	
214864	Vermis_4_5	0	0	0	0	0	0	0	0	0	0	0	0	0	0	0	0	0	0	0	0	0	0	0	0	0	0	0	0	0	0	0	0	0	0	0	512	0	372	0	0	0	0	0	0	0	0	2402	3710	0	0	0	0	0	0	498	156	0	0	0	0	0	0	0	0	0	0	0	476	0	0	0	0	0	0	0	0	0	0	0	0	0	0	0	0	0	0	0	0	0	0	7640	11334	3318	5316	366	964	14718	12066	7850	12874	2164	894	2790	3612	166	238	0	0	790	2448	0	4940	970	1902	1028	918	
177304	Vermis_6	0	0	0	0	0	0	0	0	0	0	0	0	0	0	0	0	0	0	0	0	0	0	0	0	0	0	0	0	0	0	0	0	0	0	0	0	0	0	0	0	0	0	0	0	0	0	3064	5078	0	0	0	0	0	0	674	1026	0	0	0	0	0	0	0	0	0	0	0	0	0	0	0	0	0	0	0	0	0	0	0	0	0	0	0	0	0	0	0	0	0	0	7488	13212	4208	5376	0	0	2474	958	12226	12686	952	108	1082	786	184	276	0	0	0	0	4940	0	7738	2192	940	984	
132576	Vermis_7	0	0	0	0	0	0	0	0	0	0	0	0	0	0	0	0	0	0	0	0	0	0	0	0	0	0	0	0	0	0	0	0	0	0	0	0	0	0	0	0	0	0	0	0	0	0	996	1264	0	0	0	0	0	0	114	330	0	0	0	0	0	0	0	0	0	0	0	0	0	0	0	0	0	0	0	0	0	0	0	0	0	0	0	0	0	0	0	0	0	0	3762	7428	7488	9322	0	0	718	338	3658	4390	4504	2222	2894	3274	0	454	0	0	0	0	970	7738	0	3326	520	578	
98104	Vermis_8	0	0	0	0	0	0	0	0	0	0	0	0	0	0	0	0	0	0	0	0	0	0	0	0	0	0	0	0	0	0	0	0	0	0	0	0	0	0	0	0	0	0	0	0	0	0	0	0	0	0	0	0	0	0	0	0	0	0	0	0	0	0	0	0	0	0	0	0	0	0	0	0	0	0	0	0	0	0	0	0	0	0	0	0	0	0	0	0	0	0	1090	696	2592	2584	268	120	1266	400	282	900	3700	2450	6682	7292	1228	2420	0	0	0	190	1902	2192	3326	0	4432	3040	
