data	data	384684	256616	547836	665008	107220	95172	418604	236904	53952	52576	186560	148108	228056	226392	111200	122476	128000	51224	444340	579772	87728	117324	273092	270136	21792	82680	87592	116552	457916	323720	327672	383336	134728	405804	137296	136224	203380	340560	50172	171784	23896	44136	296420	347808	199880	358412	284296	257432	211412	404088	497072	255692	161336	84680	319472	511420	411488	249412	261736	156208	332560	146792	122760	148932	245320	151436	269072	435672	189160	239100	275804	404384	305000	408912	94468	14032	173996	155960	50356	13624	174804	92412	51976	45356	389572	261412	20860	17816	288512	262148	430764	388208	346156	276452	38144	49716	310208	170648	413936	368132	293460	131284	340224	327624	141964	185924	32464	32164	36912	70252	209772	242220	224972	149240	113716	36464	
data	data	Precentral_L	Precentral_R	Frontal_Sup_L	Frontal_Sup_R	Frontal_Sup_Orb_L	Frontal_Sup_Orb_R	Frontal_Mid_L	Frontal_Mid_R	Frontal_Mid_Orb_L	Frontal_Mid_Orb_R	Frontal_Inf_Oper_L	Frontal_Inf_Oper_R	Frontal_Inf_Tri_L	Frontal_Inf_Tri_R	Frontal_Inf_Orb_L	Frontal_Inf_Orb_R	Rolandic_Oper_L	Rolandic_Oper_R	Supp_Motor_Area_L	Supp_Motor_Area_R	Olfactory_L	Olfactory_R	Frontal_Sup_Medial_L	Frontal_Sup_Medial_R	Frontal_Med_Orb_L	Frontal_Med_Orb_R	Rectus_L	Rectus_R	Insula_L	Insula_R	Cingulum_Ant_L	Cingulum_Ant_R	Cingulum_Mid_L	Cingulum_Mid_R	Cingulum_Post_L	Cingulum_Post_R	Hippocampus_L	Hippocampus_R	ParaHippocampal_L	ParaHippocampal_R	Amygdala_L	Amygdala_R	Calcarine_L	Calcarine_R	Cuneus_L	Cuneus_R	Lingual_L	Lingual_R	Occipital_Sup_L	Occipital_Sup_R	Occipital_Mid_L	Occipital_Mid_R	Occipital_Inf_L	Occipital_Inf_R	Fusiform_L	Fusiform_R	Postcentral_L	Postcentral_R	Parietal_Sup_L	Parietal_Sup_R	Parietal_Inf_L	Parietal_Inf_R	SupraMarginal_L	SupraMarginal_R	Angular_L	Angular_R	Precuneus_L	Precuneus_R	Paracentral_Lobule_L	Paracentral_Lobule_R	Caudate_L	Caudate_R	Putamen_L	Putamen_R	Pallidum_L	Pallidum_R	Thalamus_L	Thalamus_R	Heschl_L	Heschl_R	Temporal_Sup_L	Temporal_Sup_R	Temporal_Pole_Sup_L	Temporal_Pole_Sup_R	Temporal_Mid_L	Temporal_Mid_R	Temporal_Pole_Mid_L	Temporal_Pole_Mid_R	Temporal_Inf_L	Temporal_Inf_R	Cerebelum_Crus1_L	Cerebelum_Crus1_R	Cerebelum_Crus2_L	Cerebelum_Crus2_R	Cerebelum_3_L	Cerebelum_3_R	Cerebelum_4_5_L	Cerebelum_4_5_R	Cerebelum_6_L	Cerebelum_6_R	Cerebelum_7b_L	Cerebelum_7b_R	Cerebelum_8_L	Cerebelum_8_R	Cerebelum_9_L	Cerebelum_9_R	Cerebelum_10_L	Cerebelum_10_R	Vermis_1_2	Vermis_3	Vermis_4_5	Vermis_6	Vermis_7	Vermis_8	Vermis_9	Vermis_10	
384684	Precentral_L	0	4654	3154	4424	0	0	15096	292	0	0	8316	62	1228	86	0	180	6170	0	8752	12348	0	0	68	0	0	0	0	0	9162	380	0	0	594	3612	2290	814	7114	326	584	0	0	0	2208	0	0	160	204	0	0	216	182	72	68	0	602	96	28740	72	2126	108	3860	0	1828	0	180	0	2564	264	16230	376	1284	2524	9140	1696	906	0	18592	1192	1950	0	3760	0	0	0	574	0	0	0	862	0	0	0	0	0	0	0	0	0	0	0	0	0	0	0	0	0	0	0	0	0	0	0	0	0	0	0	
256616	Precentral_R	4654	0	526	14764	0	0	326	6280	0	0	128	5078	108	538	0	172	650	1170	882	15420	0	0	0	0	0	0	0	0	1490	2028	0	0	0	534	0	192	322	9610	0	2142	0	0	0	232	0	94	0	0	0	124	0	74	0	56	0	3506	1230	13954	0	0	0	476	0	696	0	0	0	1814	190	4092	1344	9294	818	2888	568	342	1390	12986	0	174	0	534	0	0	0	980	0	0	0	3438	0	0	0	0	0	0	0	0	0	0	0	0	0	0	0	0	0	0	0	0	0	0	0	0	0	0	
547836	Frontal_Sup_L	3154	526	0	7580	4506	0	52516	2006	1884	0	5016	338	13520	792	5290	792	2264	0	49250	10876	296	170	35086	66	82	0	420	0	21614	934	17764	2874	4658	1302	0	0	750	200	60	0	0	0	0	0	0	0	0	0	0	0	0	0	0	0	280	134	2322	0	420	0	748	0	132	0	76	0	0	0	244	0	3186	2526	8272	1980	3138	0	906	0	154	0	1088	0	794	0	152	0	0	0	780	0	0	0	0	0	0	0	0	0	0	0	0	0	0	0	0	0	0	0	0	0	0	0	0	0	0	0	
665008	Frontal_Sup_R	4424	14764	7580	0	0	3458	3126	34814	0	674	694	7326	478	11274	0	3790	80	394	11352	44348	394	562	13718	40754	174	3228	212	1544	1484	13258	5806	30424	844	17676	0	76	178	6310	0	992	0	0	0	0	0	0	0	0	0	0	0	0	0	0	0	3730	628	584	0	0	62	0	0	0	0	0	0	0	640	608	1928	17002	1372	12422	468	354	292	5778	0	0	100	0	0	0	0	0	0	0	0	326	0	0	0	0	0	0	0	0	0	0	0	0	0	0	0	0	0	0	0	0	0	0	0	0	0	0	
107220	Frontal_Sup_Orb_L	0	0	4506	0	0	202	672	0	10224	0	0	0	562	0	11498	66	0	0	0	0	1664	1024	3074	0	1500	0	5352	394	2536	0	5576	632	0	0	0	0	0	0	0	0	0	0	0	0	0	0	0	0	0	0	0	0	0	0	0	0	0	0	0	0	0	0	0	0	0	0	0	0	0	0	2012	490	1418	0	0	0	0	0	0	0	0	0	208	0	0	0	0	0	0	0	0	0	0	0	0	0	0	0	0	0	0	0	0	0	0	0	0	0	0	0	0	0	0	0	0	0	
95172	Frontal_Sup_Orb_R	0	0	0	3458	202	0	0	110	0	5030	0	0	0	0	126	2298	0	0	0	0	1210	2736	0	4596	474	6938	832	7666	0	538	510	1576	0	0	0	0	0	0	0	0	0	0	0	0	0	0	0	0	0	0	0	0	0	0	0	0	0	0	0	0	0	0	0	0	0	0	0	0	0	0	2096	4442	1370	1378	0	0	0	0	0	0	0	0	0	0	0	0	0	0	0	0	0	0	0	0	0	0	0	0	0	0	0	0	0	0	0	0	0	0	0	0	0	0	0	0	0	0	
418604	Frontal_Mid_L	15096	326	52516	3126	672	0	0	422	1662	0	17572	126	35890	550	5498	382	2494	0	10710	2486	0	0	13400	0	0	0	0	0	21968	670	11040	456	1670	298	0	0	400	0	0	0	0	0	0	0	0	0	0	0	0	0	0	0	0	0	0	0	498	0	98	0	132	0	0	0	0	0	0	0	60	0	1710	2312	1438	2074	564	0	352	0	0	0	348	0	286	0	0	0	0	0	0	0	0	0	0	0	0	0	0	0	0	0	0	0	0	0	0	0	0	0	0	0	0	0	0	0	0	0	
236904	Frontal_Mid_R	292	6280	2006	34814	0	110	422	0	0	608	718	11466	930	12758	0	2852	130	410	1904	3130	0	0	406	5172	0	0	0	0	1944	6276	522	1158	0	768	0	132	90	3732	0	838	0	0	0	0	0	0	0	0	0	0	0	0	0	0	0	3464	214	724	0	0	0	0	0	86	0	0	0	0	188	640	676	2150	292	8354	332	98	182	662	0	0	66	148	0	0	0	0	0	0	0	308	0	0	0	0	0	0	0	0	0	0	0	0	0	0	0	0	0	0	0	0	0	0	0	0	0	0	
53952	Frontal_Mid_Orb_L	0	0	1884	0	10224	0	1662	0	0	0	0	0	1234	0	9876	0	0	0	0	0	60	0	0	0	88	0	614	0	966	0	0	0	0	0	0	0	0	0	0	0	0	0	0	0	0	0	0	0	0	0	0	0	0	0	0	0	0	0	0	0	0	0	0	0	0	0	0	0	0	0	60	0	308	0	0	0	0	0	0	0	0	0	0	0	0	0	0	0	0	0	0	0	0	0	0	0	0	0	0	0	0	0	0	0	0	0	0	0	0	0	0	0	0	0	0	0	
52576	Frontal_Mid_Orb_R	0	0	0	674	0	5030	0	608	0	0	0	0	0	0	0	7416	0	0	0	0	420	816	0	0	0	0	326	1500	0	314	0	0	0	0	0	0	100	0	0	0	0	0	0	0	0	0	0	0	0	0	0	0	0	0	0	0	138	0	0	0	0	0	0	0	0	0	0	0	0	0	724	2620	552	4704	210	0	136	0	0	0	0	0	0	0	0	0	0	0	0	0	0	0	0	0	0	0	0	0	0	0	0	0	0	0	0	0	0	0	0	0	0	0	0	0	0	0	
186560	Frontal_Inf_Oper_L	8316	128	5016	694	0	0	17572	718	0	0	0	540	16292	1272	0	202	6224	0	3612	592	0	0	422	0	0	0	0	0	20550	1004	1486	154	0	0	0	0	80	0	0	0	0	0	0	0	0	0	0	0	0	0	0	0	0	0	0	0	3486	0	0	0	0	0	0	0	0	0	0	0	0	0	1270	370	468	110	0	0	56	0	670	0	752	0	1224	0	0	0	0	0	0	0	0	0	0	0	0	0	0	0	0	0	0	0	0	0	0	0	0	0	0	0	0	0	0	0	0	0	
148108	Frontal_Inf_Oper_R	62	5078	338	7326	0	0	126	11466	0	0	540	0	680	9236	0	0	86	988	164	5134	0	0	102	0	0	0	0	0	1342	13304	260	180	0	372	0	64	68	2150	0	570	0	0	0	0	0	0	0	0	0	0	0	0	0	0	0	1990	134	2380	0	0	64	336	0	336	0	0	0	0	0	378	382	598	938	4928	924	0	232	240	0	0	0	218	0	128	0	0	0	0	0	212	0	0	0	0	0	0	0	0	0	0	0	0	0	0	0	0	0	0	0	0	0	0	0	0	0	0	
228056	Frontal_Inf_Tri_L	1228	108	13520	478	562	0	35890	930	1234	0	16292	680	0	1632	7230	204	168	0	2208	324	0	0	1040	0	0	0	0	0	21564	1216	3342	192	0	0	0	0	0	0	0	0	0	0	0	0	0	0	0	0	0	0	0	0	0	0	0	0	0	0	0	0	0	0	0	0	0	0	0	0	0	0	1860	338	1592	84	0	0	0	0	0	0	0	0	112	0	0	0	0	0	0	0	0	0	0	0	0	0	0	0	0	0	0	0	0	0	0	0	0	0	0	0	0	0	0	0	0	0	
226392	Frontal_Inf_Tri_R	86	538	792	11274	0	0	550	12758	0	0	1272	9236	1632	0	0	3722	0	0	1178	7166	0	0	568	1340	0	0	0	0	3352	23100	3194	9954	96	2736	0	0	0	1664	0	650	0	0	0	0	0	0	0	0	0	0	0	0	0	0	0	1506	88	228	0	0	0	66	0	66	0	0	0	0	0	254	3638	3560	2066	4452	110	0	82	0	0	0	0	154	0	0	0	0	0	0	0	68	0	0	0	0	0	0	0	0	0	0	0	0	0	0	0	0	0	0	0	0	0	0	0	0	0	0	
111200	Frontal_Inf_Orb_L	0	0	5290	0	11498	126	5498	0	9876	0	0	0	7230	0	0	0	0	0	64	0	1118	496	976	0	84	0	1322	136	7104	0	566	0	0	0	0	0	0	0	0	0	0	0	0	0	0	0	0	0	0	0	0	0	0	0	0	0	0	0	0	0	0	0	0	0	0	0	0	0	0	0	1246	184	2206	0	0	0	0	0	0	0	0	0	580	0	0	0	0	0	0	0	0	0	0	0	0	0	0	0	0	0	0	0	0	0	0	0	0	0	0	0	0	0	0	0	0	0	
122476	Frontal_Inf_Orb_R	180	172	792	3790	66	2298	382	2852	0	7416	202	0	204	3722	0	0	0	0	0	832	350	1264	230	242	0	0	300	1894	1522	5128	958	1736	0	0	0	0	190	0	0	0	0	0	0	0	0	0	0	0	0	0	0	0	0	0	0	0	414	0	126	0	138	0	0	0	0	0	0	0	0	0	3716	8590	1230	9000	740	0	502	60	0	0	0	0	0	0	0	0	0	0	0	0	0	0	0	0	0	0	0	0	0	0	0	0	0	0	0	0	0	0	0	0	0	0	0	0	0	0	
128000	Rolandic_Oper_L	6170	650	2264	80	0	0	2494	130	0	0	6224	86	168	0	0	0	0	0	6532	292	0	0	0	0	0	0	0	0	12376	96	0	0	0	0	100	0	76	64	0	0	0	0	196	0	0	0	0	0	0	0	162	0	0	0	0	60	9396	0	950	0	642	0	2036	0	560	0	214	0	0	0	316	268	98	244	0	0	0	0	2618	0	7192	0	774	0	472	0	0	0	0	0	0	0	0	0	0	0	0	0	0	0	0	0	0	0	0	0	0	0	0	0	0	0	0	0	0	0	
51224	Rolandic_Oper_R	0	1170	0	394	0	0	0	410	0	0	0	988	0	0	0	0	0	0	0	0	0	0	0	0	0	0	0	0	0	6574	0	0	0	0	0	0	516	174	0	0	0	0	0	0	0	0	0	0	0	0	0	0	0	0	0	248	146	4284	78	0	68	278	0	1282	0	0	0	0	0	136	0	600	90	1502	726	60	1146	1198	0	1294	0	1628	0	392	0	0	0	0	0	230	0	0	0	0	0	0	0	0	0	0	0	0	0	0	0	0	0	0	0	0	0	0	0	0	0	0	
444340	Supp_Motor_Area_L	8752	882	49250	11352	0	0	10710	1904	0	0	3612	164	2208	1178	64	0	6532	0	0	29076	0	0	3300	1564	0	0	0	0	9850	1040	6698	8842	9722	12848	1218	290	1468	882	58	220	0	0	0	0	0	0	0	0	0	0	54	0	0	0	308	744	9878	0	548	0	848	0	674	0	104	0	0	82	1988	458	1968	398	5712	1148	5942	0	2090	0	1078	0	2654	0	720	0	238	0	0	0	852	0	0	0	0	0	0	0	0	0	0	0	0	0	0	0	0	0	0	0	0	0	0	0	0	0	0	0	
579772	Supp_Motor_Area_R	12348	15420	10876	44348	0	0	2486	3130	0	0	592	5134	324	7166	0	832	292	0	29076	0	0	0	710	7044	0	0	0	0	988	9494	3374	16966	5888	41394	910	4602	326	3958	0	1650	0	0	0	88	0	1580	0	78	0	1700	0	204	0	0	0	2900	868	1346	62	1204	68	0	0	0	0	0	112	3430	5364	11850	1940	9348	1468	2264	414	0	1684	10680	0	0	94	0	0	0	0	224	0	0	0	1588	0	0	0	0	0	0	0	0	0	0	0	0	0	0	0	0	0	0	0	0	0	0	0	0	0	0	
87728	Olfactory_L	0	0	296	394	1664	1210	0	0	60	420	0	0	0	0	1118	350	0	0	0	0	0	6944	230	646	226	1068	5510	3592	1410	410	3352	2392	0	0	0	0	0	0	128	0	0	0	0	0	0	0	0	0	0	0	0	0	0	0	0	0	0	0	0	0	0	0	0	0	0	0	0	0	0	0	7310	2588	2088	0	0	0	70	92	0	0	0	0	296	0	0	0	0	0	0	0	0	0	0	0	0	0	0	0	0	0	0	0	0	0	0	0	0	0	0	0	0	0	0	0	0	0	
117324	Olfactory_R	0	0	170	562	1024	2736	0	0	0	816	0	0	0	0	496	1264	0	0	0	0	6944	0	154	836	216	1392	5624	6164	0	1376	3278	3040	0	0	0	0	0	0	0	0	0	0	0	0	0	0	0	0	0	0	0	0	0	0	0	0	0	0	0	0	0	0	0	0	0	0	0	0	0	0	9926	6724	5080	292	182	0	0	366	0	0	0	0	0	0	0	0	0	0	0	0	0	0	0	0	0	0	0	0	0	0	0	0	0	0	0	0	0	0	0	0	0	0	0	0	0	0	
273092	Frontal_Sup_Medial_L	68	0	35086	13718	3074	0	13400	406	0	0	422	102	1040	568	976	230	0	0	3300	710	230	154	0	19274	422	0	428	0	2474	552	17372	9440	4404	5526	0	0	0	0	0	0	0	0	0	0	0	0	0	0	0	0	0	0	0	0	0	0	0	0	0	0	0	0	0	0	0	0	0	0	0	0	940	538	1300	292	0	0	100	0	0	0	0	0	0	0	0	0	0	0	0	0	0	0	0	0	0	0	0	0	0	0	0	0	0	0	0	0	0	0	0	0	0	0	0	0	0	0	
270136	Frontal_Sup_Medial_R	0	0	66	40754	0	4596	0	5172	0	0	0	0	0	1340	0	242	0	0	1564	7044	646	836	19274	0	586	5448	262	2612	0	1282	4870	19626	148	8480	0	0	0	0	0	0	0	0	0	0	0	0	0	0	0	0	0	0	0	0	0	0	0	0	0	0	0	0	0	0	0	0	0	0	0	0	718	6214	532	2756	0	0	0	0	0	0	0	0	0	0	0	0	0	0	0	0	0	0	0	0	0	0	0	0	0	0	0	0	0	0	0	0	0	0	0	0	0	0	0	0	0	0	
21792	Frontal_Med_Orb_L	0	0	82	174	1500	474	0	0	88	0	0	0	0	0	84	0	0	0	0	0	226	216	422	586	0	1886	684	986	0	0	2196	1024	0	0	0	0	0	0	0	0	0	0	0	0	0	0	0	0	0	0	0	0	0	0	0	0	0	0	0	0	0	0	0	0	0	0	0	0	0	0	136	64	68	0	0	0	0	0	0	0	0	0	0	0	0	0	0	0	0	0	0	0	0	0	0	0	0	0	0	0	0	0	0	0	0	0	0	0	0	0	0	0	0	0	0	0	
82680	Frontal_Med_Orb_R	0	0	0	3228	0	6938	0	0	0	0	0	0	0	0	0	0	0	0	0	0	1068	1392	0	5448	1886	0	588	8482	0	0	2514	4894	0	0	0	0	0	0	0	0	0	0	0	0	0	0	0	0	0	0	0	0	0	0	0	0	0	0	0	0	0	0	0	0	0	0	0	0	0	0	1024	2970	616	292	0	0	0	0	0	0	0	0	0	0	0	0	0	0	0	0	0	0	0	0	0	0	0	0	0	0	0	0	0	0	0	0	0	0	0	0	0	0	0	0	0	0	
87592	Rectus_L	0	0	420	212	5352	832	0	0	614	326	0	0	0	0	1322	300	0	0	0	0	5510	5624	428	262	684	588	0	3056	66	354	5528	3130	0	0	0	0	0	0	0	0	0	0	0	0	0	0	0	0	0	0	0	0	0	0	0	0	0	0	0	0	0	0	0	0	0	0	0	0	0	0	5710	2244	1110	62	0	0	0	62	0	0	0	0	0	0	0	0	0	0	0	0	0	0	0	0	0	0	0	0	0	0	0	0	0	0	0	0	0	0	0	0	0	0	0	0	0	0	
116552	Rectus_R	0	0	0	1544	394	7666	0	0	0	1500	0	0	0	0	136	1894	0	0	0	0	3592	6164	0	2612	986	8482	3056	0	0	1088	3470	5690	0	0	0	0	0	0	0	0	0	0	0	0	0	0	0	0	0	0	0	0	0	0	0	0	0	0	0	0	0	0	0	0	0	0	0	0	0	0	4052	3516	2080	354	0	0	0	0	0	0	0	0	0	0	0	0	0	0	0	0	0	0	0	0	0	0	0	0	0	0	0	0	0	0	0	0	0	0	0	0	0	0	0	0	0	0	
457916	Insula_L	9162	1490	21614	1484	2536	0	21968	1944	966	0	20550	1342	21564	3352	7104	1522	12376	0	9850	988	1410	0	2474	0	0	0	66	0	0	3294	7226	338	0	58	378	0	5406	412	562	78	222	0	1318	0	0	0	0	0	0	0	98	0	0	0	3386	308	5256	0	962	0	560	0	172	0	84	0	1324	0	336	0	9894	3768	15230	1888	490	106	1498	76	5096	0	4918	0	2512	0	1354	0	0	0	6588	0	0	0	0	0	0	0	0	0	0	0	0	0	0	0	0	0	0	0	0	0	0	0	0	0	0	0	
323720	Insula_R	380	2028	934	13258	0	538	670	6276	0	314	1004	13304	1216	23100	0	5128	96	6574	1040	9494	410	1376	552	1282	0	0	354	1088	3294	0	2266	7308	94	2850	0	86	274	3538	0	448	0	64	0	0	0	0	0	0	0	0	0	0	0	0	0	3354	784	1364	194	0	274	76	102	80	92	0	0	0	0	844	5340	7122	4592	18582	1630	0	532	316	0	818	200	2212	0	628	0	500	0	0	0	1586	0	0	0	0	0	0	0	0	0	0	0	0	0	0	0	0	0	0	0	0	0	0	0	0	0	0	
327672	Cingulum_Ant_L	0	0	17764	5806	5576	510	11040	522	0	0	1486	260	3342	3194	566	958	0	0	6698	3374	3352	3278	17372	4870	2196	2514	5528	3470	7226	2266	0	19490	5132	2356	58	0	0	0	0	0	0	0	0	0	0	0	0	0	0	0	0	0	0	0	0	0	0	0	0	0	0	0	0	0	0	0	0	0	0	0	8266	4476	9236	1544	0	0	110	0	0	0	0	0	0	0	0	0	0	0	0	0	0	0	0	0	0	0	0	0	0	0	0	0	0	0	0	0	0	0	0	0	0	0	0	0	0	0	
383336	Cingulum_Ant_R	0	0	2874	30424	632	1576	456	1158	0	0	154	180	192	9954	0	1736	0	0	8842	16966	2392	3040	9440	19626	1024	4894	3130	5690	338	7308	19490	0	2148	19218	0	0	0	0	0	0	0	0	0	0	0	0	0	0	0	0	0	0	0	0	0	0	72	0	0	0	0	0	0	0	0	0	0	0	0	0	1792	10084	1002	5612	168	0	56	0	0	0	0	0	0	0	0	0	0	0	0	0	0	0	0	0	0	0	0	0	0	0	0	0	0	0	0	0	0	0	0	0	0	0	0	0	0	0	
134728	Cingulum_Mid_L	594	0	4658	844	0	0	1670	0	0	0	0	0	0	96	0	0	0	0	9722	5888	0	0	4404	148	0	0	0	0	0	94	5132	2148	0	8378	5044	1566	0	80	0	0	0	0	516	0	666	0	0	0	1092	0	1682	0	360	0	158	76	488	0	460	0	0	0	0	0	0	0	5906	762	3618	316	0	0	0	88	0	0	0	0	0	0	0	0	0	0	564	0	0	0	146	0	0	0	0	0	0	0	0	0	0	0	0	0	0	0	0	0	0	0	0	0	0	0	0	0	0	0	
405804	Cingulum_Mid_R	3612	534	1302	17676	0	0	298	768	0	0	0	372	0	2736	0	0	0	0	12848	41394	0	0	5526	8480	0	0	0	0	58	2850	2356	19218	8378	0	960	7848	0	2950	0	842	0	0	0	462	0	3170	0	332	0	3964	0	620	0	0	0	4116	292	7770	0	2192	0	0	0	0	0	266	354	11120	3758	17786	0	228	90	2398	82	0	122	390	0	0	0	260	0	0	0	628	0	0	0	1496	0	0	0	0	0	0	0	0	0	0	0	0	0	0	0	0	0	0	0	0	0	0	0	0	0	0	
137296	Cingulum_Post_L	2290	0	0	0	0	0	0	0	0	0	0	0	0	0	0	0	100	0	1218	910	0	0	0	0	0	0	0	0	378	0	58	0	5044	960	0	3530	4268	1230	1554	116	0	0	7158	102	3396	0	1770	210	584	0	3202	0	386	0	534	126	1650	0	1240	0	298	0	0	0	162	0	11228	702	5894	642	0	0	0	0	0	0	3402	1758	336	0	0	0	0	0	1382	0	0	0	764	66	0	0	0	0	0	0	0	0	0	0	0	0	0	0	0	0	0	0	0	0	0	0	0	0	0	0	
136224	Cingulum_Post_R	814	192	0	76	0	0	0	132	0	0	0	64	0	0	0	0	0	0	290	4602	0	0	0	0	0	0	0	0	0	86	0	0	1566	7848	3530	0	692	5630	0	2602	0	0	0	1870	0	634	0	2850	0	1048	0	746	0	74	0	3480	0	972	0	536	0	0	0	0	0	114	0	10972	692	3934	170	64	0	476	0	0	4012	3470	0	0	0	0	0	0	0	1164	0	0	0	2358	0	0	0	0	0	0	0	56	0	0	0	0	0	0	0	0	0	0	0	0	296	0	0	0	0	0	
203380	Hippocampus_L	7114	322	750	178	0	0	400	90	0	100	80	68	0	0	0	190	76	516	1468	326	0	0	0	0	0	0	0	0	5406	274	0	0	0	0	4268	692	0	928	9056	126	4790	0	2432	0	134	0	3054	0	0	0	100	0	0	0	11202	196	854	0	154	0	296	0	0	0	0	0	4626	0	3244	0	796	752	8904	1450	2712	350	9180	652	498	0	814	66	270	0	1084	0	0	0	10652	0	0	0	0	0	0	0	0	0	0	0	0	0	0	0	0	0	0	0	0	0	0	0	0	0	0	0	
340560	Hippocampus_R	326	9610	200	6310	0	0	0	3732	0	0	0	2150	0	1664	0	0	64	174	882	3958	0	0	0	0	0	0	0	0	412	3538	0	0	80	2950	1230	5630	928	0	0	21196	0	6650	0	1388	0	68	0	3726	0	56	0	0	0	0	0	36048	210	2210	0	0	72	0	0	0	0	0	0	4734	164	4000	422	2026	516	23890	636	150	2060	4386	0	0	0	400	0	432	0	692	0	0	0	9440	0	0	0	0	0	0	0	392	0	0	0	0	0	0	0	0	0	0	0	0	478	0	0	0	0	0	
50172	ParaHippocampal_L	584	0	60	0	0	0	0	0	0	0	0	0	0	0	0	0	0	0	58	0	128	0	0	0	0	0	0	0	562	0	0	0	0	0	1554	0	9056	0	0	0	1108	0	1286	0	0	0	2908	0	0	0	126	0	0	0	2206	0	84	0	0	0	0	0	0	0	0	0	2438	0	164	0	0	0	1174	0	0	0	294	0	0	0	0	0	204	0	0	0	0	0	814	0	0	0	0	0	0	0	84	0	0	0	0	0	0	0	0	0	0	0	72	122	0	0	0	0	0	0	
171784	ParaHippocampal_R	0	2142	0	992	0	0	0	838	0	0	0	570	0	650	0	0	0	0	220	1650	0	0	0	0	0	0	0	0	78	448	0	0	0	842	116	2602	126	21196	0	0	0	7306	0	504	0	84	0	2550	0	54	0	0	0	0	0	20796	62	446	0	0	0	0	0	0	0	0	0	2454	0	2160	78	722	96	6386	210	66	304	554	0	0	0	76	0	1096	0	424	0	84	0	6006	0	0	0	0	0	0	0	754	0	0	0	0	0	0	0	0	0	0	0	0	150	0	0	0	0	0	
23896	Amygdala_L	0	0	0	0	0	0	0	0	0	0	0	0	0	0	0	0	0	0	0	0	0	0	0	0	0	0	0	0	222	0	0	0	0	0	0	0	4790	0	1108	0	0	0	0	0	0	0	0	0	0	0	0	0	0	0	2848	0	0	0	0	0	0	0	0	0	0	0	0	0	0	0	80	0	1470	0	0	0	0	0	0	0	0	0	0	0	0	0	0	0	1430	0	0	0	0	0	0	0	0	0	0	0	0	0	0	0	0	0	0	0	0	0	0	0	0	0	0	0	
44136	Amygdala_R	0	0	0	0	0	0	0	0	0	0	0	0	0	0	0	0	0	0	0	0	0	0	0	0	0	0	0	0	0	64	0	0	0	0	0	0	0	6650	0	7306	0	0	0	0	0	0	0	0	0	0	0	0	0	0	0	5402	0	0	0	0	0	0	0	0	0	0	0	0	0	0	0	54	0	1316	0	0	0	72	0	0	0	0	0	1204	0	0	0	0	0	0	0	0	0	0	0	0	0	0	0	0	0	0	0	0	0	0	0	0	0	0	0	0	0	0	0	0	
296420	Calcarine_L	2208	0	0	0	0	0	0	0	0	0	0	0	0	0	0	0	196	0	0	0	0	0	0	0	0	0	0	0	1318	0	0	0	516	0	7158	0	2432	0	1286	0	0	0	0	6078	20708	3134	19562	3326	12566	742	19466	54	5090	0	4614	0	2950	0	1332	0	388	0	140	0	278	0	23262	1438	1842	0	0	0	0	0	0	0	0	0	834	0	0	0	0	0	3510	0	0	0	1540	0	242	0	0	0	0	0	0	0	0	0	0	0	0	0	0	0	0	0	0	0	0	0	0	0	0	0	
347808	Calcarine_R	0	232	0	0	0	0	0	0	0	0	0	0	0	0	0	0	0	0	0	88	0	0	0	0	0	0	0	0	0	0	0	0	0	462	102	1870	0	1388	0	504	0	0	6078	0	2366	27876	1742	22552	0	29034	0	15682	0	7540	0	8702	0	484	0	3516	0	54	0	94	0	752	412	25904	0	824	0	0	0	0	0	0	0	0	0	0	0	308	0	0	0	9472	0	0	0	4828	0	0	82	0	0	0	58	264	0	130	0	0	0	0	0	0	0	0	0	0	296	130	78	0	0	0	
199880	Cuneus_L	0	0	0	0	0	0	0	0	0	0	0	0	0	0	0	0	0	0	0	0	0	0	0	0	0	0	0	0	0	0	0	0	666	0	3396	0	134	0	0	0	0	0	20708	2366	0	5760	3292	0	24018	594	14508	0	2594	0	844	0	608	0	2408	68	96	0	0	0	138	0	13212	2274	538	0	0	0	0	0	0	0	0	0	0	0	0	0	0	0	1306	0	0	0	330	0	82	0	0	0	0	0	0	0	0	0	0	0	0	0	0	0	0	0	0	0	0	0	0	0	0	0	
358412	Cuneus_R	160	94	0	0	0	0	0	0	0	0	0	0	0	0	0	0	0	0	0	1580	0	0	0	0	0	0	0	0	0	0	0	0	0	3170	0	634	0	68	0	84	0	0	3134	27876	5760	0	0	4332	102	43306	0	16212	0	3140	0	4128	0	4294	0	13706	0	126	0	298	0	2076	874	32218	96	4574	0	0	0	0	0	0	0	0	0	0	0	1182	0	0	0	4150	0	0	0	1586	0	0	0	0	0	0	56	62	0	60	0	0	0	0	0	0	0	0	0	0	68	0	0	0	0	0	
284296	Lingual_L	204	0	0	0	0	0	0	0	0	0	0	0	0	0	0	0	0	0	0	0	0	0	0	0	0	0	0	0	0	0	0	0	0	0	1770	0	3054	0	2908	0	0	0	19562	1742	3292	0	0	2130	5408	0	17560	0	8002	0	14356	272	96	0	0	0	82	0	0	0	80	0	4032	0	150	0	0	0	154	0	0	0	154	0	0	0	0	0	0	0	496	0	0	0	152	0	6436	58	292	288	1272	506	15636	1214	12444	1018	384	0	1110	0	608	926	730	140	504	862	6354	4258	572	0	300	580	
257432	Lingual_R	0	0	0	0	0	0	0	0	0	0	0	0	0	0	0	0	0	0	0	78	0	0	0	0	0	0	0	0	0	0	0	0	0	332	210	2850	0	3726	0	2550	0	0	3326	22552	0	4332	2130	0	0	5654	0	4296	0	3508	698	17514	0	116	0	176	0	0	0	0	0	0	0	11144	0	264	0	0	0	0	0	0	0	0	0	0	0	0	0	0	0	1942	0	0	0	1206	2682	2722	1888	1144	72	144	1380	3878	2942	6408	410	0	422	502	198	434	96	0	0	148	3386	7292	3964	0	0	0	
211412	Occipital_Sup_L	0	0	0	0	0	0	0	0	0	0	0	0	0	0	0	0	0	0	0	0	0	0	0	0	0	0	0	0	0	0	0	0	1092	0	584	0	0	0	0	0	0	0	12566	0	24018	102	5408	0	0	0	31794	0	4582	0	966	0	1114	0	9912	0	570	0	0	0	404	0	10576	0	84	0	0	0	0	0	0	0	0	0	0	0	0	0	0	0	1296	0	0	0	418	0	156	0	0	0	0	0	0	0	64	0	0	0	0	0	0	0	0	0	0	0	0	0	0	0	0	0	
404088	Occipital_Sup_R	216	124	0	0	0	0	0	0	0	0	0	0	0	0	0	0	0	0	0	1700	0	0	0	0	0	0	0	0	0	0	0	0	0	3964	0	1048	0	56	0	54	0	0	742	29034	594	43306	0	5654	0	0	0	27850	0	5538	0	5348	0	4496	0	15994	0	2994	0	1612	0	8352	298	27724	142	4912	0	0	0	0	0	0	0	0	0	0	0	1450	0	0	0	5926	0	0	0	2850	0	0	0	0	0	0	0	0	0	66	0	0	0	0	0	0	0	0	0	0	0	0	0	0	0	0	
497072	Occipital_Mid_L	182	0	0	0	0	0	0	0	0	0	0	0	0	0	0	0	162	0	54	0	0	0	0	0	0	0	0	0	98	0	0	0	1682	0	3202	0	100	0	126	0	0	0	19466	0	14508	0	17560	0	31794	0	0	0	24026	0	9656	0	11976	0	22718	0	18746	0	216	0	19316	0	13612	0	5170	0	0	0	0	0	0	0	0	0	520	0	792	0	0	0	23590	0	0	0	7624	0	944	0	60	0	0	0	282	0	354	0	0	0	0	0	0	0	0	0	0	0	0	0	0	0	0	0	
255692	Occipital_Mid_R	72	74	0	0	0	0	0	0	0	0	0	0	0	0	0	0	0	0	0	204	0	0	0	0	0	0	0	0	0	0	0	0	0	620	0	746	0	0	0	0	0	0	54	15682	0	16212	0	4296	0	27850	0	0	0	4422	0	3226	0	422	0	4018	0	5874	0	1104	0	15196	0	8750	0	562	0	0	0	0	0	0	0	0	0	0	0	726	0	0	0	16862	0	0	0	874	0	0	0	0	0	0	0	0	0	0	0	0	0	0	0	0	0	0	0	0	0	0	0	0	0	0	
161336	Occipital_Inf_L	68	0	0	0	0	0	0	0	0	0	0	0	0	0	0	0	0	0	0	0	0	0	0	0	0	0	0	0	0	0	0	0	360	0	386	0	0	0	0	0	0	0	5090	0	2594	0	8002	0	4582	0	24026	0	0	0	9642	0	790	0	296	0	1086	0	0	0	1148	0	2404	0	1170	0	0	0	0	0	0	0	0	0	216	0	0	0	0	0	8302	0	0	0	3520	0	1636	0	0	0	0	0	2136	60	2324	0	0	0	0	0	0	86	0	0	0	72	494	178	0	0	0	0	
84680	Occipital_Inf_R	0	56	0	0	0	0	0	0	0	0	0	0	0	0	0	0	0	0	0	0	0	0	0	0	0	0	0	0	0	0	0	0	0	0	0	74	0	0	0	0	0	0	0	7540	0	3140	0	3508	0	5538	0	4422	0	0	0	10242	0	138	0	124	0	0	0	0	0	0	0	644	0	544	0	0	0	0	0	0	0	0	0	0	0	0	0	0	0	2264	0	0	0	3056	0	170	158	0	0	0	0	62	0	322	0	0	0	0	0	0	0	0	0	0	0	192	146	0	0	0	
319472	Fusiform_L	602	0	280	0	0	0	0	0	0	0	0	0	0	0	0	0	0	0	308	0	0	0	0	0	0	0	0	0	3386	0	0	0	158	0	534	0	11202	0	2206	0	2848	0	4614	0	844	0	14356	698	966	0	9656	0	9642	0	0	106	950	0	224	0	972	0	0	0	940	0	2652	0	1456	0	94	0	2108	0	0	0	266	0	798	0	452	0	1760	0	7918	0	782	0	16090	0	16364	0	848	0	72	0	12458	438	21842	152	476	0	622	0	114	136	0	0	0	88	3264	2694	174	0	72	54	
511420	Fusiform_R	96	3506	134	3730	0	0	0	3464	0	0	0	1990	0	1506	0	0	60	248	744	2900	0	0	0	0	0	0	0	0	308	3354	0	0	76	4116	126	3480	196	36048	0	20796	0	5402	0	8702	0	4128	272	17514	0	5348	0	3226	0	10242	106	0	150	2898	0	144	54	0	0	0	0	0	0	3674	0	6074	322	1422	414	19534	464	94	514	998	0	0	0	664	0	5428	0	3080	0	2178	0	20886	1100	8698	878	996	0	522	1096	5994	1018	13790	264	80	326	868	260	500	94	136	74	146	2098	4110	1690	70	92	0	
411488	Postcentral_L	28740	1230	2322	628	0	0	498	214	0	138	3486	134	0	88	0	414	9396	146	9878	868	0	0	0	0	0	0	0	0	5256	784	0	72	488	292	1650	0	854	210	84	62	0	0	2950	0	608	0	96	0	1114	0	11976	0	790	0	950	150	0	0	27666	0	25156	0	10560	0	7988	0	5508	0	13012	84	270	1372	964	2370	390	122	586	0	2744	0	10014	0	0	0	7696	0	0	0	2676	0	0	0	0	0	0	0	0	0	0	0	0	0	0	0	0	0	0	0	0	0	0	0	0	0	0	0	
249412	Postcentral_R	72	13954	0	584	0	0	0	724	0	0	0	2380	0	228	0	0	0	4284	0	1346	0	0	0	0	0	0	0	0	0	1364	0	0	0	7770	0	972	0	2210	0	446	0	0	0	484	0	4294	0	116	0	4496	0	422	0	138	0	2898	0	0	0	6136	0	14454	0	19104	0	580	0	11294	60	15294	0	86	0	1776	148	0	120	454	0	102	0	2034	0	0	0	1758	0	0	0	2124	0	0	0	0	0	0	0	0	0	0	0	0	0	0	0	0	0	0	0	0	0	0	0	0	0	0	
261736	Parietal_Sup_L	2126	0	420	0	0	0	98	0	0	0	0	0	0	0	0	126	950	78	548	62	0	0	0	0	0	0	0	0	962	194	0	0	460	0	1240	0	154	0	0	0	0	0	1332	0	2408	0	0	0	9912	0	22718	0	296	0	224	0	27666	0	0	0	20734	0	2226	0	10256	0	11864	0	3640	0	76	326	260	482	154	0	64	0	204	0	2488	0	0	0	4470	0	0	0	1650	0	0	0	0	0	0	0	0	0	0	0	0	0	0	0	0	0	0	0	0	0	0	0	0	0	0	0	
156208	Parietal_Sup_R	108	0	0	0	0	0	0	0	0	0	0	0	0	0	0	0	0	0	0	1204	0	0	0	0	0	0	0	0	0	0	0	0	0	2192	0	536	0	0	0	0	0	0	0	3516	68	13706	0	176	0	15994	0	4018	0	124	0	144	0	6136	0	0	0	2476	0	420	0	3956	174	18292	60	4104	0	0	0	0	0	0	0	0	0	0	0	244	0	0	0	296	0	0	0	160	0	0	0	0	0	0	0	0	0	0	0	0	0	0	0	0	0	0	0	0	0	0	0	0	0	0	
332560	Parietal_Inf_L	3860	0	748	62	0	0	132	0	0	0	0	64	0	0	0	138	642	68	848	68	0	0	0	0	0	0	0	0	560	274	0	0	0	0	298	0	296	72	0	0	0	0	388	0	96	0	82	0	570	0	18746	0	1086	0	972	54	25156	0	20734	0	0	0	16040	0	36186	0	892	0	2056	0	74	442	362	694	140	0	104	0	536	0	3802	0	0	0	21858	0	0	0	7080	0	0	0	0	0	0	0	0	0	0	0	0	0	0	0	0	0	0	0	0	0	0	0	0	0	0	0	
146792	Parietal_Inf_R	0	476	0	0	0	0	0	0	0	0	0	336	0	66	0	0	0	278	0	0	0	0	0	0	0	0	0	0	0	76	0	0	0	0	0	0	0	0	0	0	0	0	0	54	0	126	0	0	0	2994	0	5874	0	0	0	0	0	14454	0	2476	0	0	0	21132	0	18208	0	160	0	102	0	0	0	0	0	0	0	0	0	0	0	1382	0	0	0	4818	0	0	0	384	0	0	0	0	0	0	0	0	0	0	0	0	0	0	0	0	0	0	0	0	0	0	0	0	0	0	
122760	SupraMarginal_L	1828	0	132	0	0	0	0	0	0	0	0	0	0	0	0	0	2036	0	674	0	0	0	0	0	0	0	0	0	172	102	0	0	0	0	0	0	0	0	0	0	0	0	140	0	0	0	0	0	0	0	216	0	0	0	0	0	10560	0	2226	0	16040	0	0	0	7378	0	140	0	0	0	0	148	0	252	0	0	0	0	0	0	8504	0	0	0	8844	0	0	0	1988	0	0	0	0	0	0	0	0	0	0	0	0	0	0	0	0	0	0	0	0	0	0	0	0	0	0	0	
148932	SupraMarginal_R	0	696	0	0	0	0	0	86	0	0	0	336	0	66	0	0	0	1282	0	0	0	0	0	0	0	0	0	0	0	80	0	0	0	0	0	0	0	0	0	0	0	0	0	94	0	298	0	0	0	1612	0	1104	0	0	0	0	0	19104	0	420	0	21132	0	0	0	10448	0	408	0	176	0	0	0	0	0	0	0	0	0	0	0	5492	0	0	0	9304	0	0	0	2328	0	0	0	0	0	0	0	0	0	0	0	0	0	0	0	0	0	0	0	0	0	0	0	0	0	0	
245320	Angular_L	180	0	76	0	0	0	0	0	0	0	0	0	0	0	0	0	560	0	104	0	0	0	0	0	0	0	0	0	84	92	0	0	0	0	162	0	0	0	0	0	0	0	278	0	138	0	80	0	404	0	19316	0	1148	0	940	0	7988	0	10256	0	36186	0	7378	0	0	0	218	0	958	0	0	84	0	144	0	0	0	0	134	0	3894	0	0	0	25202	0	0	0	6656	0	0	0	0	0	0	0	0	0	0	0	0	0	0	0	0	0	0	0	0	0	0	0	0	0	0	0	
151436	Angular_R	0	0	0	0	0	0	0	0	0	0	0	0	0	0	0	0	0	0	0	0	0	0	0	0	0	0	0	0	0	0	0	0	0	266	0	114	0	0	0	0	0	0	0	752	0	2076	0	0	0	8352	0	15196	0	0	0	0	0	580	0	3956	0	18208	0	10448	0	0	0	1622	0	308	0	0	0	0	0	0	0	0	0	0	0	2856	0	0	0	10268	0	0	0	716	0	0	0	0	0	0	0	0	0	0	0	0	0	0	0	0	0	0	0	0	0	0	0	0	0	0	
269072	Precuneus_L	2564	0	0	0	0	0	0	0	0	0	0	0	0	0	0	0	214	0	0	112	0	0	0	0	0	0	0	0	1324	0	0	0	5906	354	11228	0	4626	0	2438	0	0	0	23262	412	13212	874	4032	0	10576	298	13612	0	2404	0	2652	0	5508	0	11864	174	892	0	140	0	218	0	0	3056	5656	0	0	0	0	0	0	0	324	0	862	0	152	0	0	0	3884	0	0	0	1706	0	0	0	0	0	0	0	0	0	0	0	0	0	0	0	0	0	0	0	0	0	0	0	0	0	0	0	
435672	Precuneus_R	264	1814	0	0	0	0	0	0	0	0	0	0	0	0	0	0	0	0	82	3430	0	0	0	0	0	0	0	0	0	0	0	0	762	11120	702	10972	0	4734	0	2454	0	0	1438	25904	2274	32218	0	11144	0	27724	0	8750	0	644	0	3674	0	11294	0	18292	0	160	0	408	0	1622	3056	0	418	13412	0	0	0	0	0	0	0	214	0	0	0	2304	0	0	0	8018	0	0	0	7286	0	0	0	0	0	0	0	540	0	0	0	0	0	0	0	0	0	0	0	0	708	0	0	0	0	0	
189160	Paracentral_Lobule_L	16230	190	244	640	0	0	60	188	0	0	0	0	0	0	0	0	0	0	1988	5364	0	0	0	0	0	0	0	0	336	0	0	0	3618	3758	5894	692	3244	164	164	0	0	0	1842	0	538	96	150	0	84	142	5170	0	1170	0	1456	0	13012	60	3640	60	2056	0	0	0	958	0	5656	418	0	1888	0	0	726	126	306	0	4972	484	208	0	602	0	0	0	4260	0	0	0	1726	0	0	0	0	0	0	0	0	0	0	0	0	0	0	0	0	0	0	0	0	0	0	0	0	0	0	0	
239100	Paracentral_Lobule_R	376	4092	0	608	0	0	0	640	0	0	0	378	0	254	0	0	0	136	458	11850	0	0	0	0	0	0	0	0	0	844	0	0	316	17786	642	3934	0	4000	0	2160	0	0	0	824	0	4574	0	264	0	4912	0	562	0	544	0	6074	84	15294	0	4104	0	102	0	176	0	308	0	13412	1888	0	0	84	0	2376	0	0	82	480	0	442	0	2450	0	0	0	5178	0	0	0	6862	0	0	0	0	0	0	0	0	0	0	0	0	0	0	0	0	0	0	0	0	0	0	0	0	0	0	
275804	Caudate_L	1284	1344	3186	1928	2012	2096	1710	676	60	724	1270	382	1860	3638	1246	3716	316	0	1968	1940	7310	9926	940	718	136	1024	5710	4052	9894	5340	8266	1792	0	0	0	170	796	422	0	78	80	0	0	0	0	0	0	0	0	0	0	0	0	0	94	322	270	0	76	0	74	0	0	0	0	0	0	0	0	0	0	16460	20546	3426	1848	0	5780	722	0	0	130	0	0	0	0	0	0	0	144	0	0	0	0	0	0	0	0	0	0	0	0	0	0	0	0	0	0	0	0	0	0	0	0	0	0	0	
404384	Caudate_R	2524	9294	2526	17002	490	4442	2312	2150	0	2620	370	598	338	3560	184	8590	268	600	398	9348	2588	6724	538	6214	64	2970	2244	3516	3768	7122	4476	10084	0	228	0	64	752	2026	0	722	0	54	0	0	0	0	0	0	0	0	0	0	0	0	0	1422	1372	86	326	0	442	0	148	0	84	0	0	0	0	84	16460	0	9124	25520	1830	1794	2446	18840	0	0	446	0	0	0	0	0	0	0	0	0	0	0	0	0	0	0	0	0	0	0	0	0	0	0	0	0	0	0	0	0	0	0	0	0	0	0	
305000	Putamen_L	9140	818	8272	1372	1418	1370	1438	292	308	552	468	938	1592	2066	2206	1230	98	90	5712	1468	2088	5080	1300	532	68	616	1110	2080	15230	4592	9236	1002	0	90	0	0	8904	516	1174	96	1470	0	0	0	0	0	154	0	0	0	0	0	0	0	2108	414	964	0	260	0	362	0	0	0	0	0	0	0	726	0	20546	9124	0	3554	11424	0	4508	0	84	0	210	0	132	0	0	0	0	0	1898	0	0	0	0	0	0	0	0	0	0	0	0	0	0	0	0	0	0	0	0	0	0	0	0	0	0	0	
408912	Putamen_R	1696	2888	1980	12422	0	1378	2074	8354	0	4704	110	4928	84	4452	0	9000	244	1502	1148	2264	0	292	292	2756	0	292	62	354	1888	18582	1544	5612	88	2398	0	476	1450	23890	0	6386	0	1316	0	0	0	0	0	0	0	0	0	0	0	0	0	19534	2370	1776	482	0	694	0	252	0	144	0	0	0	126	2376	3426	25520	3554	0	2892	2432	2716	2828	0	210	638	1040	0	548	0	106	0	0	0	3886	0	0	0	0	0	0	0	0	0	0	0	0	0	0	0	0	0	0	0	0	0	0	0	0	0	0	
94468	Pallidum_L	906	568	3138	468	0	0	564	332	0	210	0	924	0	110	0	740	0	726	5942	414	0	182	0	0	0	0	0	0	490	1630	0	168	0	82	0	0	2712	636	0	210	0	0	0	0	0	0	0	0	0	0	0	0	0	0	0	464	390	148	154	0	140	0	0	0	0	0	0	0	306	0	1848	1830	11424	2892	0	278	6070	0	0	82	0	56	0	0	0	0	0	0	0	0	0	0	0	0	0	0	0	0	0	0	0	0	0	0	0	0	0	0	0	0	0	0	0	0	0	0	
14032	Pallidum_R	0	342	0	354	0	0	0	98	0	0	0	0	0	0	0	0	0	60	0	0	0	0	0	0	0	0	0	0	106	0	0	0	0	0	0	0	350	150	0	66	0	0	0	0	0	0	0	0	0	0	0	0	0	0	0	94	122	0	0	0	0	0	0	0	0	0	0	0	0	0	0	1794	0	2432	278	0	556	214	0	0	0	0	0	0	0	0	0	0	0	0	0	0	0	0	0	0	0	0	0	0	0	0	0	0	0	0	0	0	0	0	0	0	0	0	0	0	
173996	Thalamus_L	18592	1390	906	292	0	0	352	182	0	136	56	232	0	82	0	502	0	1146	2090	1684	70	0	100	0	0	0	0	0	1498	532	110	56	0	122	3402	4012	9180	2060	294	304	0	0	0	0	0	0	154	0	0	0	0	0	0	0	266	514	586	120	64	0	104	0	0	0	0	0	324	0	4972	82	5780	2446	4508	2716	6070	556	0	7274	0	132	80	124	0	0	182	0	0	0	562	0	0	0	0	0	0	0	0	0	0	0	0	0	0	0	0	0	0	0	0	0	0	0	0	0	0	0	
155960	Thalamus_R	1192	12986	0	5778	0	0	0	662	0	0	0	240	0	0	0	60	0	1198	0	10680	92	366	0	0	0	0	62	0	76	316	0	0	0	390	1758	3470	652	4386	0	554	0	72	0	0	0	0	0	0	0	0	0	0	0	0	0	998	0	454	0	0	0	0	0	0	0	0	0	214	484	480	722	18840	0	2828	0	214	7274	0	0	0	0	54	0	0	0	0	0	0	0	364	0	0	0	0	0	0	0	0	0	0	0	0	0	0	0	0	0	0	0	0	64	0	0	0	0	0	
50356	Heschl_L	1950	0	154	0	0	0	0	0	0	0	670	0	0	0	0	0	2618	0	1078	0	0	0	0	0	0	0	0	0	5096	0	0	0	0	0	336	0	498	0	0	0	0	0	834	0	0	0	0	0	0	0	520	0	216	0	798	0	2744	0	204	0	536	0	0	0	134	0	862	0	208	0	0	0	84	0	0	0	0	0	0	0	1494	0	0	0	2572	0	0	0	1572	0	0	0	0	0	0	0	0	0	0	0	0	0	0	0	0	0	0	0	0	0	0	0	0	0	0	0	
13624	Heschl_R	0	174	0	0	0	0	0	0	0	0	0	0	0	0	0	0	0	1294	0	0	0	0	0	0	0	0	0	0	0	818	0	0	0	0	0	0	0	0	0	0	0	0	0	0	0	0	0	0	0	0	0	0	0	0	0	0	0	102	0	0	0	0	0	0	0	0	0	0	0	442	0	0	0	210	82	0	132	0	0	0	0	2752	0	68	0	658	0	0	0	80	0	0	0	0	0	0	0	0	0	0	0	0	0	0	0	0	0	0	0	0	0	0	0	0	0	0	
174804	Temporal_Sup_L	3760	0	1088	100	0	0	348	66	0	0	752	0	0	0	0	0	7192	0	2654	94	0	0	0	0	0	0	0	0	4918	200	0	0	0	0	0	0	814	0	0	0	0	0	0	0	0	0	0	0	0	0	792	0	0	0	452	0	10014	0	2488	0	3802	0	8504	0	3894	0	152	0	602	0	130	446	210	638	0	0	80	0	1494	0	0	0	3710	0	18590	0	294	0	9124	0	0	0	0	0	0	0	0	0	0	0	0	0	0	0	0	0	0	0	0	0	0	0	0	0	0	0	
92412	Temporal_Sup_R	0	534	0	0	0	0	0	148	0	0	0	218	0	154	0	0	0	1628	0	0	0	0	0	0	0	0	0	0	0	2212	0	0	0	260	0	0	66	400	0	76	0	0	0	308	0	1182	0	0	0	1450	0	726	0	0	0	664	0	2034	0	244	0	1382	0	5492	0	2856	0	2304	0	2450	0	0	0	1040	56	0	124	54	0	2752	0	0	0	1904	0	10410	0	230	0	2848	0	0	0	0	0	0	0	0	0	0	0	0	0	0	0	0	0	0	0	0	0	0	0	0	0	0	
51976	Temporal_Pole_Sup_L	0	0	794	0	208	0	286	0	0	0	1224	0	112	0	580	0	774	0	720	0	296	0	0	0	0	0	0	0	2512	0	0	0	0	0	0	0	270	0	204	0	0	0	0	0	0	0	0	0	0	0	0	0	0	0	1760	0	0	0	0	0	0	0	0	0	0	0	0	0	0	0	0	0	132	0	0	0	0	0	0	0	3710	0	0	0	4988	0	3120	0	4298	0	0	0	0	0	0	0	0	0	0	0	0	0	0	0	0	0	0	0	0	0	0	0	0	0	0	0	
45356	Temporal_Pole_Sup_R	0	0	0	0	0	0	0	0	0	0	0	128	0	0	0	0	0	392	0	0	0	0	0	0	0	0	0	0	0	628	0	0	0	0	0	0	0	432	0	1096	0	1204	0	0	0	0	0	0	0	0	0	0	0	0	0	5428	0	0	0	0	0	0	0	0	0	0	0	0	0	0	0	0	0	548	0	0	0	0	0	68	0	1904	0	0	0	2928	0	3316	0	4606	0	0	0	0	0	0	0	0	0	0	0	0	0	0	0	0	0	0	0	0	0	0	0	0	0	0	
389572	Temporal_Mid_L	574	0	152	0	0	0	0	0	0	0	0	0	0	0	0	0	472	0	238	0	0	0	0	0	0	0	0	0	1354	0	0	0	564	0	1382	0	1084	0	0	0	0	0	3510	0	1306	0	496	0	1296	0	23590	0	8302	0	7918	0	7696	0	4470	0	21858	0	8844	0	25202	0	3884	0	4260	0	0	0	0	0	0	0	182	0	2572	0	18590	0	4988	0	0	0	3272	0	36226	0	0	0	0	0	0	0	252	0	252	0	0	0	0	0	0	0	0	0	0	0	0	0	0	0	0	0	
261412	Temporal_Mid_R	0	980	0	0	0	0	0	0	0	0	0	0	0	0	0	0	0	0	0	224	0	0	0	0	0	0	0	0	0	500	0	0	0	628	0	1164	0	692	0	424	0	0	0	9472	0	4150	0	1942	0	5926	0	16862	0	2264	0	3080	0	1758	0	296	0	4818	0	9304	0	10268	0	8018	0	5178	0	0	0	106	0	0	0	0	0	658	0	10410	0	2928	0	0	0	970	0	27686	0	0	0	0	0	0	0	0	0	0	0	0	0	0	0	0	0	0	0	0	0	0	0	0	0	0	
20860	Temporal_Pole_Mid_L	0	0	0	0	0	0	0	0	0	0	0	0	0	0	0	0	0	0	0	0	0	0	0	0	0	0	0	0	0	0	0	0	0	0	0	0	0	0	0	0	0	0	0	0	0	0	0	0	0	0	0	0	0	0	782	0	0	0	0	0	0	0	0	0	0	0	0	0	0	0	0	0	0	0	0	0	0	0	0	0	294	0	3120	0	3272	0	0	0	2962	0	0	0	0	0	0	0	0	0	0	0	0	0	0	0	0	0	0	0	0	0	0	0	0	0	0	0	
17816	Temporal_Pole_Mid_R	0	0	0	0	0	0	0	0	0	0	0	0	0	0	0	0	0	0	0	0	0	0	0	0	0	0	0	0	0	0	0	0	0	0	0	0	0	0	0	84	0	0	0	0	0	0	0	0	0	0	0	0	0	0	0	2178	0	0	0	0	0	0	0	0	0	0	0	0	0	0	0	0	0	0	0	0	0	0	0	0	0	230	0	3316	0	970	0	0	0	2130	0	0	0	0	0	0	0	0	0	0	0	0	0	0	0	0	0	0	0	0	0	0	0	0	0	0	
288512	Temporal_Inf_L	862	0	780	0	0	0	0	0	0	0	0	0	0	0	0	0	0	0	852	0	0	0	0	0	0	0	0	0	6588	0	0	0	146	0	764	0	10652	0	814	0	1430	0	1540	0	330	0	152	0	418	0	7624	0	3520	0	16090	0	2676	0	1650	0	7080	0	1988	0	6656	0	1706	0	1726	0	144	0	1898	0	0	0	562	0	1572	0	9124	0	4298	0	36226	0	2962	0	0	0	5264	0	1730	0	0	0	0	0	1124	0	1110	0	1700	0	498	0	0	0	0	0	0	0	0	0	0	0	
262148	Temporal_Inf_R	0	3438	0	326	0	0	0	308	0	0	0	212	0	68	0	0	0	230	0	1588	0	0	0	0	0	0	0	0	0	1586	0	0	0	1496	66	2358	0	9440	0	6006	0	0	0	4828	0	1586	0	1206	0	2850	0	874	0	3056	0	20886	0	2124	0	160	0	384	0	2328	0	716	0	7286	0	6862	0	0	0	3886	0	0	0	364	0	80	0	2848	0	4606	0	27686	0	2130	0	0	0	3334	0	1480	0	0	0	0	0	106	0	644	0	1512	0	130	0	0	0	0	0	0	0	0	0	0	
430764	Cerebelum_Crus1_L	0	0	0	0	0	0	0	0	0	0	0	0	0	0	0	0	0	0	0	0	0	0	0	0	0	0	0	0	0	0	0	0	0	0	0	0	0	0	0	0	0	0	242	0	82	0	6436	2682	156	0	944	0	1636	0	16364	1100	0	0	0	0	0	0	0	0	0	0	0	0	0	0	0	0	0	0	0	0	0	0	0	0	0	0	0	0	0	0	0	0	5264	0	0	2176	27176	574	1092	0	21056	630	53816	2790	14690	96	22360	488	6578	1226	276	0	198	270	4708	11060	5072	1844	2056	244	
388208	Cerebelum_Crus1_R	0	0	0	0	0	0	0	0	0	0	0	0	0	0	0	0	0	0	0	0	0	0	0	0	0	0	0	0	0	0	0	0	0	0	0	0	0	0	0	0	0	0	0	0	0	0	58	2722	0	0	0	0	0	170	0	8698	0	0	0	0	0	0	0	0	0	0	0	0	0	0	0	0	0	0	0	0	0	0	0	0	0	0	0	0	0	0	0	0	0	3334	2176	0	4050	34004	0	726	684	12076	1294	46338	1340	8180	1194	28752	222	8224	0	2032	260	788	2558	6664	11426	3402	2640	92	
346156	Cerebelum_Crus2_L	0	0	0	0	0	0	0	0	0	0	0	0	0	0	0	0	0	0	0	0	0	0	0	0	0	0	0	0	0	0	0	0	0	0	0	0	0	0	0	0	0	0	0	82	0	0	292	1888	0	0	60	0	0	158	848	878	0	0	0	0	0	0	0	0	0	0	0	0	0	0	0	0	0	0	0	0	0	0	0	0	0	0	0	0	0	0	0	0	1730	0	27176	4050	0	5264	0	0	0	0	2420	3804	43474	1288	39070	5764	7610	2666	0	0	0	0	0	3076	12184	6764	2532	0	
276452	Cerebelum_Crus2_R	0	0	0	0	0	0	0	0	0	0	0	0	0	0	0	0	0	0	0	0	0	0	0	0	0	0	0	0	0	0	0	0	0	0	0	0	0	0	0	0	0	0	0	0	0	0	288	1144	0	0	0	0	0	0	0	996	0	0	0	0	0	0	0	0	0	0	0	0	0	0	0	0	0	0	0	0	0	0	0	0	0	0	0	0	0	0	0	0	0	1480	574	34004	5264	0	0	54	0	2018	414	7756	2092	25066	1126	34740	92	4634	0	146	0	68	70	1572	11230	3024	374	0	
38144	Cerebelum_3_L	0	0	0	0	0	0	0	0	0	0	0	0	0	0	0	0	0	0	0	0	0	0	0	0	0	0	0	0	0	0	0	0	0	0	0	0	0	0	0	0	0	0	0	0	0	0	1272	72	0	0	0	0	0	0	72	0	0	0	0	0	0	0	0	0	0	0	0	0	0	0	0	0	0	0	0	0	0	0	0	0	0	0	0	0	0	0	0	0	0	0	1092	0	0	0	0	60	9022	90	2130	94	0	0	0	0	272	0	0	0	1100	2594	1142	60	0	0	0	0	
49716	Cerebelum_3_R	0	0	0	0	0	0	0	0	0	0	0	0	0	0	0	0	0	0	0	0	0	0	0	0	0	0	0	0	0	0	0	0	0	0	0	0	0	0	0	0	0	0	0	0	0	0	506	144	0	0	0	0	0	0	0	522	0	0	0	0	0	0	0	0	0	0	0	0	0	0	0	0	0	0	0	0	0	0	0	0	0	0	0	0	0	0	0	0	0	0	0	726	0	54	60	0	774	5130	206	4722	0	0	0	140	84	596	0	0	1724	6296	1806	1084	0	60	156	68	
310208	Cerebelum_4_5_L	0	0	0	0	0	0	0	0	0	0	0	0	0	0	0	0	0	0	0	0	0	0	0	0	0	0	0	0	0	0	0	0	0	0	0	0	0	0	84	0	0	0	0	58	0	56	15636	1380	0	0	282	0	2136	0	12458	1096	0	0	0	0	0	0	0	0	0	0	0	0	0	0	0	0	0	0	0	0	0	0	0	0	0	0	0	0	252	0	0	0	0	0	21056	684	0	0	9022	774	0	4040	37498	3628	828	0	2062	130	4604	2226	2776	566	1904	3466	17722	5252	0	0	1300	2128	
170648	Cerebelum_4_5_R	0	0	0	0	0	0	0	0	0	0	0	0	0	0	0	0	0	0	0	0	0	0	0	0	0	0	0	0	0	0	0	0	0	0	0	56	0	392	0	754	0	0	0	264	0	62	1214	3878	0	0	0	0	60	62	438	5994	0	0	0	0	0	0	0	0	0	0	0	540	0	0	0	0	0	0	0	0	0	0	0	0	0	0	0	0	0	0	0	0	0	0	630	12076	0	2018	90	5130	4040	0	1896	24952	86	66	136	832	692	980	430	674	814	2868	9164	2770	234	204	474	354	
413936	Cerebelum_6_L	0	0	0	0	0	0	0	0	0	0	0	0	0	0	0	0	0	0	0	0	0	0	0	0	0	0	0	0	0	0	0	0	0	0	0	0	0	0	0	0	0	0	0	0	0	0	12444	2942	64	0	354	0	2324	0	21842	1018	0	0	0	0	0	0	0	0	0	0	0	0	0	0	0	0	0	0	0	0	0	0	0	0	0	0	0	0	252	0	0	0	1124	0	53816	1294	2420	414	2130	206	37498	1896	0	3188	5066	0	10616	198	4954	1892	2444	254	890	1272	12832	14782	2264	976	2190	1112	
368132	Cerebelum_6_R	0	0	0	0	0	0	0	0	0	0	0	0	0	0	0	0	0	0	0	0	0	0	0	0	0	0	0	0	0	0	0	0	0	0	0	0	0	0	0	0	0	0	0	130	0	60	1018	6408	0	66	0	0	0	322	152	13790	0	0	0	0	0	0	0	0	0	0	0	0	0	0	0	0	0	0	0	0	0	0	0	0	0	0	0	0	0	0	0	0	0	106	2790	46338	3804	7756	94	4722	3628	24952	3188	0	578	978	758	12226	930	5042	444	3794	1040	2872	8638	12378	9162	2804	2718	380	
293460	Cerebelum_7b_L	0	0	0	0	0	0	0	0	0	0	0	0	0	0	0	0	0	0	0	0	0	0	0	0	0	0	0	0	0	0	0	0	0	0	0	0	0	0	0	0	0	0	0	0	0	0	384	410	0	0	0	0	0	0	476	264	0	0	0	0	0	0	0	0	0	0	0	0	0	0	0	0	0	0	0	0	0	0	0	0	0	0	0	0	0	0	0	0	1110	0	14690	1340	43474	2092	0	0	828	86	5066	578	0	560	43202	6074	5910	2478	436	0	0	0	278	590	6208	8098	2098	0	
131284	Cerebelum_7b_R	0	0	0	0	0	0	0	0	0	0	0	0	0	0	0	0	0	0	0	0	0	0	0	0	0	0	0	0	0	0	0	0	0	0	0	0	0	0	0	0	0	0	0	0	0	0	0	0	0	0	0	0	0	0	0	80	0	0	0	0	0	0	0	0	0	0	0	0	0	0	0	0	0	0	0	0	0	0	0	0	0	0	0	0	0	0	0	0	0	644	96	8180	1288	25066	0	0	0	66	0	978	560	0	230	23724	0	602	0	0	0	0	0	70	3040	924	94	0	
340224	Cerebelum_8_L	0	0	0	0	0	0	0	0	0	0	0	0	0	0	0	0	0	0	0	0	0	0	0	0	0	0	0	0	0	0	0	0	0	0	0	0	0	0	0	0	0	0	0	0	0	0	1110	422	0	0	0	0	0	0	622	326	0	0	0	0	0	0	0	0	0	0	0	0	0	0	0	0	0	0	0	0	0	0	0	0	0	0	0	0	0	0	0	0	1700	0	22360	1194	39070	1126	0	0	2062	136	10616	758	43202	230	0	3952	18438	3898	680	0	54	74	834	1540	4468	7520	3564	156	
327624	Cerebelum_8_R	0	0	0	0	0	0	0	0	0	0	0	0	0	0	0	0	0	0	0	0	0	0	0	0	0	0	0	0	0	0	0	0	0	0	0	0	0	0	0	0	0	0	0	0	0	0	0	502	0	0	0	0	0	0	0	868	0	0	0	0	0	0	0	0	0	0	0	0	0	0	0	0	0	0	0	0	0	0	0	0	0	0	0	0	0	0	0	0	0	1512	488	28752	5764	34740	0	140	130	832	198	12226	6074	23724	3952	0	312	18454	0	1050	0	86	334	958	11138	9098	2298	182	
141964	Cerebelum_9_L	0	0	0	0	0	0	0	0	0	0	0	0	0	0	0	0	0	0	0	0	0	0	0	0	0	0	0	0	0	0	0	0	0	0	0	0	0	0	0	0	0	0	0	0	0	0	608	198	0	0	0	0	0	0	114	260	0	0	0	0	0	0	0	0	0	0	0	0	0	0	0	0	0	0	0	0	0	0	0	0	0	0	0	0	0	0	0	0	498	0	6578	222	7610	92	272	84	4604	692	4954	930	5910	0	18438	312	0	1988	4456	246	0	94	3448	2578	912	1342	2152	1390	
185924	Cerebelum_9_R	0	0	0	0	0	0	0	0	0	0	0	0	0	0	0	0	0	0	0	0	0	0	0	0	0	0	0	0	0	0	0	0	0	0	0	0	0	0	0	0	0	0	0	0	0	0	926	434	0	0	0	0	86	0	136	500	0	0	0	0	0	0	0	0	0	0	0	0	0	0	0	0	0	0	0	0	0	0	0	0	0	0	0	0	0	0	0	0	0	130	1226	8224	2666	4634	0	596	2226	980	1892	5042	2478	602	3898	18454	1988	0	362	1774	238	632	2652	6388	6098	6950	8082	2668	
32464	Cerebelum_10_L	0	0	0	0	0	0	0	0	0	0	0	0	0	0	0	0	0	0	0	0	0	0	0	0	0	0	0	0	0	0	0	0	0	0	0	0	0	0	0	0	0	0	0	0	0	0	730	96	0	0	0	0	0	0	0	94	0	0	0	0	0	0	0	0	0	0	0	0	0	0	0	0	0	0	0	0	0	0	0	0	0	0	0	0	0	0	0	0	0	0	276	0	0	0	0	0	2776	430	2444	444	436	0	680	0	4456	362	0	168	0	0	1508	726	0	0	250	356	
32164	Cerebelum_10_R	0	0	0	0	0	0	0	0	0	0	0	0	0	0	0	0	0	0	0	0	0	0	0	0	0	0	0	0	0	0	0	0	0	0	0	0	0	0	0	0	0	0	0	0	0	0	140	0	0	0	0	0	0	0	0	136	0	0	0	0	0	0	0	0	0	0	0	0	0	0	0	0	0	0	0	0	0	0	0	0	0	0	0	0	0	0	0	0	0	0	0	2032	0	146	0	0	566	674	254	3794	0	0	0	1050	246	1774	168	0	0	0	764	1598	250	898	1196	396	
36912	Vermis_1_2	0	0	0	0	0	0	0	0	0	0	0	0	0	0	0	0	0	0	0	0	0	0	0	0	0	0	0	0	0	0	0	0	0	0	0	0	0	0	72	0	0	0	0	0	0	0	504	0	0	0	0	0	0	0	0	74	0	0	0	0	0	0	0	0	0	0	0	0	0	0	0	0	0	0	0	0	0	0	0	0	0	0	0	0	0	0	0	0	0	0	198	260	0	0	1100	1724	1904	814	890	1040	0	0	54	0	0	238	0	0	0	6808	1994	782	0	0	0	0	
70252	Vermis_3	0	0	0	0	0	0	0	0	0	0	0	0	0	0	0	0	0	0	0	0	0	0	0	0	0	0	0	0	0	0	0	0	0	0	0	0	0	0	122	0	0	0	0	0	0	0	862	148	0	0	0	0	72	0	88	146	0	0	0	0	0	0	0	0	0	0	0	0	0	0	0	0	0	0	0	0	0	0	0	0	0	0	0	0	0	0	0	0	0	0	270	788	0	68	2594	6296	3466	2868	1272	2872	0	0	74	86	94	632	0	0	6808	0	3636	1502	0	86	186	90	
209772	Vermis_4_5	0	0	0	0	0	0	0	0	0	0	0	0	0	0	0	0	0	0	0	0	0	0	0	0	0	0	0	0	0	0	0	0	0	0	0	296	0	478	0	150	0	0	0	296	0	68	6354	3386	0	0	0	0	494	0	3264	2098	0	0	0	0	0	0	0	0	0	0	0	708	0	0	0	0	0	0	0	0	0	64	0	0	0	0	0	0	0	0	0	0	0	0	4708	2558	0	70	1142	1806	17722	9164	12832	8638	278	0	834	334	3448	2652	1508	764	1994	3636	0	9300	0	54	1374	2414	
242220	Vermis_6	0	0	0	0	0	0	0	0	0	0	0	0	0	0	0	0	0	0	0	0	0	0	0	0	0	0	0	0	0	0	0	0	0	0	0	0	0	0	0	0	0	0	0	130	0	0	4258	7292	0	0	0	0	178	192	2694	4110	0	0	0	0	0	0	0	0	0	0	0	0	0	0	0	0	0	0	0	0	0	0	0	0	0	0	0	0	0	0	0	0	0	0	11060	6664	3076	1572	60	1084	5252	2770	14782	12378	590	70	1540	958	2578	6388	726	1598	782	1502	9300	0	7082	2546	5178	2720	
224972	Vermis_7	0	0	0	0	0	0	0	0	0	0	0	0	0	0	0	0	0	0	0	0	0	0	0	0	0	0	0	0	0	0	0	0	0	0	0	0	0	0	0	0	0	0	0	78	0	0	572	3964	0	0	0	0	0	146	174	1690	0	0	0	0	0	0	0	0	0	0	0	0	0	0	0	0	0	0	0	0	0	0	0	0	0	0	0	0	0	0	0	0	0	0	5072	11426	12184	11230	0	0	0	234	2264	9162	6208	3040	4468	11138	912	6098	0	250	0	0	0	7082	0	9414	5600	80	
