data	data	350468	357324	727168	713632	157456	109324	448884	266612	78632	84968	306476	218168	448568	161788	215072	175968	217372	145328	509320	791820	81392	112916	292248	265852	42968	85456	46592	66012	580412	405612	227028	380608	115848	440164	64208	71352	291944	352100	100028	237020	45260	109284	203376	278616	141276	304044	198044	224808	141668	308728	421676	305164	139696	122044	346612	441472	296112	101868	168192	120424	180344	108780	126664	102824	160868	143236	185692	340888	118316	260308	337204	579656	515296	531880	79420	52040	146724	163696	70792	43556	272720	210296	96972	81732	340396	311244	17504	41012	236988	222876	353864	364188	285672	273996	29132	46860	219424	216640	308908	334772	221884	150212	316936	296072	118336	123896	19800	13784	27020	29184	130656	128712	197396	172344	133516	55304	
data	data	Precentral_L	Precentral_R	Frontal_Sup_L	Frontal_Sup_R	Frontal_Sup_Orb_L	Frontal_Sup_Orb_R	Frontal_Mid_L	Frontal_Mid_R	Frontal_Mid_Orb_L	Frontal_Mid_Orb_R	Frontal_Inf_Oper_L	Frontal_Inf_Oper_R	Frontal_Inf_Tri_L	Frontal_Inf_Tri_R	Frontal_Inf_Orb_L	Frontal_Inf_Orb_R	Rolandic_Oper_L	Rolandic_Oper_R	Supp_Motor_Area_L	Supp_Motor_Area_R	Olfactory_L	Olfactory_R	Frontal_Sup_Medial_L	Frontal_Sup_Medial_R	Frontal_Med_Orb_L	Frontal_Med_Orb_R	Rectus_L	Rectus_R	Insula_L	Insula_R	Cingulum_Ant_L	Cingulum_Ant_R	Cingulum_Mid_L	Cingulum_Mid_R	Cingulum_Post_L	Cingulum_Post_R	Hippocampus_L	Hippocampus_R	ParaHippocampal_L	ParaHippocampal_R	Amygdala_L	Amygdala_R	Calcarine_L	Calcarine_R	Cuneus_L	Cuneus_R	Lingual_L	Lingual_R	Occipital_Sup_L	Occipital_Sup_R	Occipital_Mid_L	Occipital_Mid_R	Occipital_Inf_L	Occipital_Inf_R	Fusiform_L	Fusiform_R	Postcentral_L	Postcentral_R	Parietal_Sup_L	Parietal_Sup_R	Parietal_Inf_L	Parietal_Inf_R	SupraMarginal_L	SupraMarginal_R	Angular_L	Angular_R	Precuneus_L	Precuneus_R	Paracentral_Lobule_L	Paracentral_Lobule_R	Caudate_L	Caudate_R	Putamen_L	Putamen_R	Pallidum_L	Pallidum_R	Thalamus_L	Thalamus_R	Heschl_L	Heschl_R	Temporal_Sup_L	Temporal_Sup_R	Temporal_Pole_Sup_L	Temporal_Pole_Sup_R	Temporal_Mid_L	Temporal_Mid_R	Temporal_Pole_Mid_L	Temporal_Pole_Mid_R	Temporal_Inf_L	Temporal_Inf_R	Cerebelum_Crus1_L	Cerebelum_Crus1_R	Cerebelum_Crus2_L	Cerebelum_Crus2_R	Cerebelum_3_L	Cerebelum_3_R	Cerebelum_4_5_L	Cerebelum_4_5_R	Cerebelum_6_L	Cerebelum_6_R	Cerebelum_7b_L	Cerebelum_7b_R	Cerebelum_8_L	Cerebelum_8_R	Cerebelum_9_L	Cerebelum_9_R	Cerebelum_10_L	Cerebelum_10_R	Vermis_1_2	Vermis_3	Vermis_4_5	Vermis_6	Vermis_7	Vermis_8	Vermis_9	Vermis_10	
350468	Precentral_L	0	398	15634	76	0	0	19506	0	0	0	14496	0	5856	0	0	0	8154	0	6784	1192	0	0	492	0	0	0	0	0	12350	0	160	0	76	548	0	0	5438	0	230	0	0	0	0	0	0	0	0	0	90	0	1244	0	118	0	386	0	32438	0	992	0	3110	0	2266	0	348	0	568	0	9322	614	404	266	9740	0	2096	0	13728	268	2782	0	2328	0	96	0	326	0	0	0	314	0	0	0	0	0	0	0	0	0	0	0	0	0	0	0	0	0	0	0	0	0	0	0	0	0	0	0	
357324	Precentral_R	398	0	848	15870	0	0	96	13486	0	0	96	8468	2098	204	0	0	0	4360	2488	20814	0	170	106	136	0	0	0	0	2094	5912	70	306	108	2754	0	108	0	4424	0	532	0	164	0	336	0	1916	0	0	0	2578	0	1634	0	0	0	504	190	12260	0	1620	0	1592	0	1284	0	982	0	2798	984	21104	2808	9568	1868	8470	90	1250	568	14992	0	316	0	1638	0	0	0	966	0	0	0	236	0	0	0	0	0	0	0	0	0	0	0	0	0	0	0	0	0	0	0	0	0	0	0	0	0	0	
727168	Frontal_Sup_L	15634	848	0	1886	10278	0	67674	0	1962	0	15094	0	25634	76	6374	0	5474	0	37456	6214	254	0	37594	3782	1554	0	146	0	16616	90	14930	1702	5700	2354	210	0	4856	0	240	0	0	0	0	0	0	0	0	0	0	0	96	0	0	0	376	0	7564	0	72	0	0	0	356	0	0	0	0	0	2366	1528	8726	1742	27996	328	6458	0	18390	576	922	0	994	0	142	0	104	0	0	0	216	0	0	0	0	0	0	0	0	0	0	0	0	0	0	0	0	0	0	0	0	0	0	0	0	0	0	0	
713632	Frontal_Sup_R	76	15870	1886	0	0	4600	518	34680	0	3430	0	15190	248	11598	0	6304	0	7180	3236	56730	0	640	9102	31932	0	5736	72	514	286	12684	4090	26690	202	15800	0	0	0	3152	0	1480	0	604	0	0	0	264	0	0	0	366	0	174	0	0	0	430	0	406	0	98	0	86	0	0	0	0	0	352	0	8220	3428	31258	218	18306	80	1216	642	16108	0	74	0	308	0	0	0	70	0	0	0	0	0	0	0	0	0	0	0	182	0	0	0	0	0	0	0	0	0	0	0	0	0	0	0	0	0	0	
157456	Frontal_Sup_Orb_L	0	0	10278	0	0	0	1958	0	7744	0	310	0	2036	0	10208	0	0	0	2248	512	1672	0	1720	266	4906	260	5514	0	5580	0	2640	0	0	0	0	0	100	0	0	0	96	0	0	0	0	0	0	0	0	0	0	0	0	0	0	0	0	0	0	0	0	0	0	0	0	0	0	0	0	0	7454	0	12782	0	0	0	0	0	0	0	0	0	444	0	0	0	0	0	0	0	0	0	0	0	0	0	0	0	0	0	0	0	0	0	0	0	0	0	0	0	0	0	0	0	0	0	
109324	Frontal_Sup_Orb_R	0	0	0	4600	0	0	0	2986	0	5994	0	0	0	350	0	6618	0	0	0	136	694	2720	0	1020	110	6494	502	7608	0	1218	146	1260	0	0	0	0	0	0	0	0	0	0	0	0	0	0	0	0	0	0	0	0	0	0	0	0	0	0	0	0	0	0	0	0	0	0	0	0	0	0	656	5804	476	4744	0	0	0	0	0	0	0	0	0	526	0	0	0	0	0	0	0	0	0	0	0	0	0	0	0	0	0	0	0	0	0	0	0	0	0	0	0	0	0	0	0	0	
448884	Frontal_Mid_L	19506	96	67674	518	1958	0	0	0	2812	0	23930	0	43630	0	5896	0	1898	0	10586	1484	0	0	12214	738	0	0	0	0	10992	0	5222	586	4848	718	0	0	752	0	78	0	0	0	0	0	0	0	0	0	0	0	0	0	0	0	0	0	1176	0	0	0	92	0	0	0	0	0	0	0	216	78	978	310	3292	0	300	0	796	0	342	0	594	0	132	0	0	0	0	0	0	0	0	0	0	0	0	0	0	0	0	0	0	0	0	0	0	0	0	0	0	0	0	0	0	0	0	0	
266612	Frontal_Mid_R	0	13486	0	34680	0	2986	0	0	0	3996	0	10152	716	14526	0	5920	0	1606	208	4536	0	0	200	612	0	0	0	0	738	8436	186	1026	0	1674	0	0	0	2484	0	810	0	206	0	0	0	348	0	0	0	496	0	276	0	0	0	262	0	1032	0	238	0	246	0	112	0	164	0	474	0	340	1074	4998	552	8280	0	1192	0	3090	0	0	0	806	0	0	0	70	0	0	0	0	0	0	0	0	0	0	0	72	0	0	0	0	0	0	0	0	0	0	0	0	0	0	0	0	0	0	
78632	Frontal_Mid_Orb_L	0	0	1962	0	7744	0	2812	0	0	0	130	0	2826	0	15510	0	0	0	82	0	98	0	0	0	530	0	844	0	2132	0	0	0	0	0	0	0	0	0	0	0	0	0	0	0	0	0	0	0	0	0	0	0	0	0	0	0	0	0	0	0	0	0	0	0	0	0	0	0	0	0	768	0	3172	0	0	0	0	0	0	0	0	0	706	0	0	0	0	0	0	0	0	0	0	0	0	0	0	0	0	0	0	0	0	0	0	0	0	0	0	0	0	0	0	0	0	0	
84968	Frontal_Mid_Orb_R	0	0	0	3430	0	5994	0	3996	0	0	0	136	0	1170	0	13120	0	0	0	900	0	78	0	0	0	0	0	442	0	2010	0	116	0	122	0	0	0	0	0	0	0	0	0	0	0	0	0	0	0	0	0	0	0	0	0	0	0	0	0	0	0	0	0	0	0	0	0	0	0	0	0	4808	0	6162	0	0	0	0	0	0	0	0	0	0	0	0	0	0	0	0	0	0	0	0	0	0	0	0	0	0	0	0	0	0	0	0	0	0	0	0	0	0	0	0	0	0	
306476	Frontal_Inf_Oper_L	14496	96	15094	0	310	0	23930	0	130	0	0	0	31998	0	1312	0	12316	0	10566	1026	0	0	1504	0	0	0	0	0	18752	0	326	0	2254	0	0	0	1414	0	0	0	0	0	0	0	0	0	0	0	0	0	0	0	0	0	216	0	4166	0	0	0	0	0	118	0	0	0	0	0	0	0	2008	0	4546	0	136	0	140	0	206	0	5198	0	838	0	142	0	0	0	0	0	0	0	0	0	0	0	0	0	0	0	0	0	0	0	0	0	0	0	0	0	0	0	0	0	0	0	
218168	Frontal_Inf_Oper_R	0	8468	0	15190	0	0	0	10152	0	136	0	0	124	13246	0	898	0	10690	0	10512	0	0	252	660	0	0	0	0	110	15744	228	2156	0	1350	0	0	0	1344	0	672	0	180	0	0	0	0	0	0	0	0	0	0	0	0	0	222	0	1224	0	0	0	0	0	0	0	0	0	0	0	0	582	3174	0	6664	0	82	0	88	0	832	0	3246	0	192	0	666	0	0	0	0	0	0	0	0	0	0	0	0	0	0	0	0	0	0	0	0	0	0	0	0	0	0	0	0	0	0	
448568	Frontal_Inf_Tri_L	5856	2098	25634	248	2036	0	43630	716	2826	0	31998	124	0	0	13780	0	2912	0	11824	4272	0	0	1924	0	0	0	0	0	36956	0	1922	216	3432	334	0	0	662	0	0	0	0	0	0	0	0	0	0	0	0	122	72	70	0	0	0	0	670	232	0	0	0	98	0	164	0	86	0	92	0	102	11908	96	14232	0	206	0	438	0	318	0	1368	0	532	0	78	0	0	0	0	0	0	0	0	0	0	0	0	0	0	0	0	0	0	0	0	0	0	0	0	0	0	0	0	0	0	0	
161788	Frontal_Inf_Tri_R	0	204	76	11598	0	350	0	14526	0	1170	0	13246	0	0	0	6402	0	640	0	3956	0	0	602	972	0	0	0	0	0	15762	236	2422	0	2522	0	0	0	74	0	0	0	0	0	0	0	0	0	0	0	0	0	0	0	0	0	0	0	0	0	0	0	0	0	0	0	0	0	0	0	0	0	3684	0	2328	0	0	0	0	0	0	0	124	0	0	0	0	0	0	0	0	0	0	0	0	0	0	0	0	0	0	0	0	0	0	0	0	0	0	0	0	0	0	0	0	0	0	
215072	Frontal_Inf_Orb_L	0	0	6374	0	10208	0	5896	0	15510	0	1312	0	13780	0	0	0	346	0	2182	650	1922	0	206	0	384	0	3012	0	20686	0	588	96	208	70	0	0	318	0	0	0	250	0	0	0	0	0	0	0	0	0	0	0	0	0	0	0	0	0	0	0	0	0	0	0	0	0	0	0	0	0	4700	0	14466	0	0	0	0	0	0	0	0	0	4372	0	0	0	0	0	0	0	0	0	0	0	0	0	0	0	0	0	0	0	0	0	0	0	0	0	0	0	0	0	0	0	0	0	
175968	Frontal_Inf_Orb_R	0	0	0	6304	0	6618	0	5920	0	13120	0	898	0	6402	0	0	0	0	0	2284	220	1748	0	96	0	314	0	2026	0	13804	160	618	0	472	0	0	0	82	0	0	0	110	0	0	0	0	0	0	0	0	0	0	0	0	0	0	0	0	0	0	0	0	0	0	0	0	0	0	0	0	238	10946	150	13000	0	0	0	0	0	0	0	0	0	2454	0	0	0	0	0	0	0	0	0	0	0	0	0	0	0	0	0	0	0	0	0	0	0	0	0	0	0	0	0	0	0	0	
217372	Rolandic_Oper_L	8154	0	5474	0	0	0	1898	0	0	0	12316	0	2912	0	346	0	0	0	7098	0	0	0	0	0	0	0	0	0	20710	0	0	0	70	0	0	0	3146	0	112	0	0	0	76	0	0	0	0	0	0	0	1716	0	390	0	668	0	9000	0	1560	0	94	0	1692	0	254	0	874	0	264	0	1402	0	3902	0	68	0	210	0	5738	0	12104	0	2252	0	2980	0	0	0	1206	0	0	0	0	0	0	0	0	0	0	0	0	0	0	0	0	0	0	0	0	0	0	0	0	0	0	0	
145328	Rolandic_Oper_R	0	4360	0	7180	0	0	0	1606	0	0	0	10690	0	640	0	0	0	0	0	6994	0	0	0	0	0	0	0	0	0	12518	0	300	0	350	0	0	0	1084	0	204	0	0	0	0	0	70	0	0	0	100	0	0	0	0	0	86	0	2502	0	132	0	116	0	3272	0	574	0	118	0	0	110	434	0	3600	0	508	0	110	0	3984	0	8860	0	466	0	1530	0	88	0	78	0	0	0	0	0	0	0	0	0	0	0	0	0	0	0	0	0	0	0	0	0	0	0	0	0	0	
509320	Supp_Motor_Area_L	6784	2488	37456	3236	2248	0	10586	208	82	0	10566	0	11824	0	2182	0	7098	0	0	26232	0	0	5238	2002	0	0	0	0	15712	0	1916	1856	8476	18582	350	702	2082	94	0	0	138	0	0	314	0	1146	0	106	0	1456	0	1700	0	0	164	134	4124	0	0	0	0	134	134	782	0	790	0	1654	6422	6662	7874	970	24664	470	5830	114	1810	600	574	0	2146	956	158	0	84	4230	0	0	0	232	0	0	0	0	0	0	0	0	0	0	0	0	0	0	0	0	0	0	0	0	88	0	0	0	0	0	
791820	Supp_Motor_Area_R	1192	20814	6214	56730	512	136	1484	4536	0	900	1026	10512	4272	3956	650	2284	0	6994	26232	0	0	362	4742	11508	0	674	0	0	5236	8740	3592	22348	2358	42656	0	952	234	2412	0	1144	0	534	0	586	0	1816	0	176	0	2270	0	2430	0	0	0	564	746	640	0	110	0	226	0	850	0	960	0	2892	6130	31728	6412	37054	3544	19600	1426	1824	1574	9490	0	124	0	1244	0	0	0	4970	0	0	0	350	0	0	0	0	0	0	0	132	0	0	0	0	0	0	0	0	0	0	0	0	106	0	0	0	0	0	
81392	Olfactory_L	0	0	254	0	1672	694	0	0	98	0	0	0	0	0	1922	220	0	0	0	0	0	4358	0	0	526	130	1286	444	3708	0	2128	1350	0	0	0	0	1058	0	400	0	1342	0	0	0	0	0	0	0	0	0	0	0	0	0	0	0	0	0	0	0	0	0	0	0	0	0	0	0	0	0	7358	3920	4734	1906	196	162	88	182	0	0	0	0	560	0	0	0	0	0	0	0	0	0	0	0	0	0	0	0	0	0	0	0	0	0	0	0	0	0	0	0	0	0	0	0	0	0	
112916	Olfactory_R	0	170	0	640	0	2720	0	0	0	78	0	0	0	0	0	1748	0	0	0	362	4358	0	0	0	0	1232	364	4308	88	2152	1382	3020	0	0	0	0	0	124	0	308	0	370	0	0	0	0	0	0	0	0	0	0	0	0	0	0	0	0	0	0	0	0	0	0	0	0	0	0	0	158	7366	12562	4152	5446	468	1420	0	866	0	0	0	0	0	596	0	0	0	0	0	0	0	0	0	0	0	0	0	0	0	0	0	0	0	0	0	0	0	0	0	0	0	0	0	0	0	0	
292248	Frontal_Sup_Medial_L	492	106	37594	9102	1720	0	12214	200	0	0	1504	252	1924	602	206	0	0	0	5238	4742	0	0	0	16490	2036	424	78	0	380	536	17936	10160	4400	9178	0	0	0	0	0	0	0	0	0	0	0	0	0	0	0	0	0	0	0	0	0	0	0	0	0	0	0	0	0	0	0	0	0	0	0	72	2212	3626	1988	712	0	0	0	0	0	0	0	0	0	0	0	0	0	0	0	0	0	0	0	0	0	0	0	0	0	0	0	0	0	0	0	0	0	0	0	0	0	0	0	0	0	0	
265852	Frontal_Sup_Medial_R	0	136	3782	31932	266	1020	738	612	0	0	0	660	0	972	0	96	0	0	2002	11508	0	0	16490	0	590	4972	0	96	0	826	6420	23820	256	10054	0	0	0	0	0	0	0	0	0	0	0	0	0	0	0	0	0	0	0	0	0	0	0	0	0	0	0	0	0	0	0	0	0	0	0	98	998	10258	458	3866	0	0	0	0	0	0	0	0	0	0	0	0	0	0	0	0	0	0	0	0	0	0	0	0	0	0	0	0	0	0	0	0	0	0	0	0	0	0	0	0	0	0	
42968	Frontal_Med_Orb_L	0	0	1554	0	4906	110	0	0	530	0	0	0	0	0	384	0	0	0	0	0	526	0	2036	590	0	1052	2530	270	110	0	3644	142	0	0	0	0	0	0	0	0	0	0	0	0	0	0	0	0	0	0	0	0	0	0	0	0	0	0	0	0	0	0	0	0	0	0	0	0	0	0	1794	0	1236	0	0	0	0	0	0	0	0	0	70	0	0	0	0	0	0	0	0	0	0	0	0	0	0	0	0	0	0	0	0	0	0	0	0	0	0	0	0	0	0	0	0	0	
85456	Frontal_Med_Orb_R	0	0	0	5736	260	6494	0	0	0	0	0	0	0	0	0	314	0	0	0	674	130	1232	424	4972	1052	0	1294	5462	0	146	1122	6136	0	160	0	0	0	0	0	0	0	0	0	0	0	0	0	0	0	0	0	0	0	0	0	0	0	0	0	0	0	0	0	0	0	0	0	0	0	0	106	4726	0	2208	0	0	0	0	0	0	0	0	0	80	0	0	0	0	0	0	0	0	0	0	0	0	0	0	0	0	0	0	0	0	0	0	0	0	0	0	0	0	0	0	0	0	
46592	Rectus_L	0	0	146	72	5514	502	0	0	844	0	0	0	0	0	3012	0	0	0	0	0	1286	364	78	0	2530	1294	0	1212	1112	0	442	210	0	0	0	0	0	0	0	0	0	0	0	0	0	0	0	0	0	0	0	0	0	0	0	0	0	0	0	0	0	0	0	0	0	0	0	0	0	0	2578	194	1454	0	0	0	0	0	0	0	0	0	452	0	0	0	0	0	0	0	0	0	0	0	0	0	0	0	0	0	0	0	0	0	0	0	0	0	0	0	0	0	0	0	0	0	
66012	Rectus_R	0	0	0	514	0	7608	0	0	0	442	0	0	0	0	0	2026	0	0	0	0	444	4308	0	96	270	5462	1212	0	0	1128	170	2024	0	0	0	0	0	0	0	114	0	76	0	0	0	0	0	0	0	0	0	0	0	0	0	0	0	0	0	0	0	0	0	0	0	0	0	0	0	0	370	3648	256	2342	0	0	0	0	0	0	0	0	0	496	0	0	0	0	0	0	0	0	0	0	0	0	0	0	0	0	0	0	0	0	0	0	0	0	0	0	0	0	0	0	0	0	
580412	Insula_L	12350	2094	16616	286	5580	0	10992	738	2132	0	18752	110	36956	0	20686	0	20710	0	15712	5236	3708	88	380	0	110	0	1112	0	0	0	1892	346	1962	596	0	0	16894	0	1956	0	3562	0	0	0	0	0	0	0	0	120	836	70	288	0	3964	0	8528	232	308	0	146	96	612	164	0	86	254	90	150	242	13354	182	31602	0	176	0	1916	94	6428	0	9726	0	4926	0	2064	0	0	0	1890	0	106	0	0	0	0	0	0	0	0	0	0	0	0	0	0	0	0	0	0	0	0	0	0	0	0	0	
405612	Insula_R	0	5912	90	12684	0	1218	0	8436	0	2010	0	15744	0	15762	0	13804	0	12518	0	8740	0	2152	536	826	0	146	0	1128	0	0	278	2682	0	1530	0	0	0	14038	0	6756	0	2682	0	0	0	68	0	0	0	82	0	0	0	166	0	7316	0	294	0	138	0	80	0	132	0	0	0	132	0	0	246	8628	0	29320	0	0	0	482	0	2406	0	11512	0	4478	0	3182	0	404	0	3360	0	0	0	0	0	0	0	708	0	0	0	0	0	0	0	0	0	0	0	0	0	0	0	0	0	0	
227028	Cingulum_Ant_L	160	70	14930	4090	2640	146	5222	186	0	0	326	228	1922	236	588	160	0	0	1916	3592	2128	1382	17936	6420	3644	1122	442	170	1892	278	0	12852	4274	2822	0	0	0	0	0	0	0	0	0	0	0	0	0	0	0	0	0	0	0	0	0	0	0	0	0	0	0	0	0	0	0	0	0	0	0	130	10084	4948	4334	2170	0	0	0	74	0	0	0	0	0	0	0	0	0	0	0	0	0	0	0	0	0	0	0	0	0	0	0	0	0	0	0	0	0	0	0	0	0	0	0	0	0	0	
380608	Cingulum_Ant_R	0	306	1702	26690	0	1260	586	1026	0	116	0	2156	216	2422	96	618	0	300	1856	22348	1350	3020	10160	23820	142	6136	210	2024	346	2682	12852	0	1092	17934	0	68	0	116	0	76	0	0	0	0	0	0	0	0	0	0	0	0	0	0	0	0	0	108	0	0	0	0	0	0	0	0	0	0	0	214	4046	28902	1504	11362	0	0	0	346	0	0	0	0	0	96	0	0	0	0	0	0	0	0	0	0	0	0	0	0	0	0	0	0	0	0	0	0	0	0	0	0	0	0	0	0	0	0	
115848	Cingulum_Mid_L	76	108	5700	202	0	0	4848	0	0	0	2254	0	3432	0	208	0	70	0	8476	2358	0	0	4400	256	0	0	0	0	1962	0	4274	1092	0	7444	2778	568	0	0	0	0	0	0	76	0	240	0	0	0	606	0	688	0	0	0	0	0	110	0	194	0	68	0	0	0	96	0	2446	480	968	426	140	144	406	118	212	0	0	0	0	0	0	0	0	0	0	0	0	0	0	0	0	0	0	0	0	0	0	0	0	0	0	0	0	0	0	0	0	0	0	0	0	0	0	0	0	0	
440164	Cingulum_Mid_R	548	2754	2354	15800	0	0	718	1674	0	122	0	1350	334	2522	70	472	0	350	18582	42656	0	0	9178	10054	0	160	0	0	596	1530	2822	17934	7444	0	226	5764	0	286	0	0	0	0	0	2150	0	6190	0	578	0	4602	0	3366	0	0	0	230	268	1170	0	832	0	316	0	858	0	1140	528	12734	5518	13482	1014	6288	596	2858	724	192	572	262	0	0	0	1090	0	0	0	5280	0	0	0	594	0	0	0	0	0	0	0	0	0	0	0	0	0	0	0	0	0	0	0	0	350	0	0	0	0	0	
64208	Cingulum_Post_L	0	0	210	0	0	0	0	0	0	0	0	0	0	0	0	0	0	0	350	0	0	0	0	0	0	0	0	0	0	0	0	0	2778	226	0	1178	5686	0	498	0	0	0	5568	0	1446	0	680	0	394	0	1982	0	424	0	268	0	104	0	0	0	0	0	0	0	0	0	7418	148	964	0	0	0	376	0	276	0	190	0	0	0	0	0	0	0	796	0	0	0	144	0	0	0	0	0	0	0	0	0	0	0	0	0	0	0	0	0	0	0	0	0	0	0	0	0	0	0	
71352	Cingulum_Post_R	0	108	0	0	0	0	0	0	0	0	0	0	0	0	0	0	0	0	702	952	0	0	0	0	0	0	0	0	0	0	0	68	568	5764	1178	0	0	2710	0	174	0	0	0	2476	76	2228	0	2888	0	1370	0	706	0	0	0	300	0	104	0	0	0	0	0	0	0	0	304	10216	80	264	0	0	0	0	0	0	100	374	0	0	0	112	0	0	0	1062	0	0	0	138	0	0	0	0	0	0	0	0	0	0	0	0	0	0	0	0	0	0	0	0	654	0	0	0	0	0	
291944	Hippocampus_L	5438	0	4856	0	100	0	752	0	0	0	1414	0	662	0	318	0	3146	0	2082	234	1058	0	0	0	0	0	0	0	16894	0	0	0	0	0	5686	0	0	0	16934	0	7762	0	4870	0	230	0	3432	164	232	0	2296	0	1396	0	17084	0	3536	0	70	0	76	0	74	0	0	0	5872	0	914	192	216	0	10534	0	520	0	5712	82	2794	0	5668	0	1648	0	2016	0	0	0	7918	0	342	0	0	0	0	0	404	0	224	0	0	0	0	0	0	0	0	0	0	120	0	0	0	0	0	0	
352100	Hippocampus_R	0	4424	0	3152	0	0	0	2484	0	0	0	1344	0	74	0	82	0	1084	94	2412	0	124	0	0	0	0	0	0	0	14038	0	116	0	286	0	2710	0	0	0	35398	0	16122	0	430	0	96	0	3412	0	98	0	324	0	704	0	28574	0	330	0	92	0	0	0	86	0	88	0	2972	112	416	0	688	0	22432	0	2792	152	3928	0	1132	0	4646	0	1104	0	4512	0	208	0	9502	0	0	0	0	0	166	0	2954	0	72	0	0	0	0	0	0	0	0	0	0	84	0	0	0	0	0	
100028	ParaHippocampal_L	230	0	240	0	0	0	78	0	0	0	0	0	0	0	0	0	112	0	0	0	400	0	0	0	0	0	0	0	1956	0	0	0	0	0	498	0	16934	0	0	0	3932	0	86	0	0	0	4074	238	0	0	316	0	598	0	11070	0	132	0	0	0	0	0	0	0	0	0	1452	0	0	0	0	0	740	0	0	0	1684	78	132	0	328	0	1126	0	0	0	746	0	1420	0	238	0	0	0	112	0	458	0	240	0	0	0	0	0	0	0	0	0	76	290	0	0	0	0	0	0	
237020	ParaHippocampal_R	0	532	0	1480	0	0	0	810	0	0	0	672	0	0	0	0	0	204	0	1144	0	308	0	0	0	0	0	114	0	6756	0	76	0	0	0	174	0	35398	0	0	0	13570	0	420	0	0	0	3708	0	0	0	236	0	850	0	21604	0	0	0	0	0	0	0	0	0	0	0	1024	0	0	0	224	0	11698	0	1796	0	1140	0	236	0	2640	0	2250	0	2034	0	1056	0	2892	0	0	0	0	0	208	0	3166	0	90	0	0	0	0	0	0	0	0	0	0	0	0	0	0	0	0	
45260	Amygdala_L	0	0	0	0	96	0	0	0	0	0	0	0	0	0	250	0	0	0	138	0	1342	0	0	0	0	0	0	0	3562	0	0	0	0	0	0	0	7762	0	3932	0	0	0	0	0	0	0	0	0	0	0	0	0	0	0	2620	0	0	0	0	0	0	0	0	0	0	0	0	0	0	0	0	0	1522	0	0	0	0	0	0	0	0	0	1098	0	0	0	162	0	146	0	0	0	0	0	0	0	0	0	0	0	0	0	0	0	0	0	0	0	0	0	0	0	0	0	0	0	
109284	Amygdala_R	0	164	0	604	0	0	0	206	0	0	0	180	0	0	0	110	0	0	0	534	0	370	0	0	0	0	0	76	0	2682	0	0	0	0	0	0	0	16122	0	13570	0	0	0	0	0	0	0	0	0	0	0	0	0	0	0	7932	0	0	0	0	0	0	0	0	0	0	0	0	0	68	0	240	0	6812	0	686	0	196	0	0	0	270	0	1574	0	186	0	144	0	376	0	0	0	0	0	138	0	1402	0	0	0	0	0	0	0	0	0	0	0	0	0	0	0	0	0	0	
203376	Calcarine_L	0	0	0	0	0	0	0	0	0	0	0	0	0	0	0	0	76	0	0	0	0	0	0	0	0	0	0	0	0	0	0	0	76	0	5568	0	4870	0	86	0	0	0	0	6010	12648	3916	10518	2242	9412	1050	21432	350	4340	320	1494	654	110	0	296	0	0	0	0	0	328	0	10704	0	218	0	0	0	0	0	0	0	0	0	0	0	382	0	0	0	3638	0	0	0	950	0	0	0	0	0	0	0	0	0	0	0	0	0	0	0	0	0	0	0	0	0	0	0	0	0	0	0	
278616	Calcarine_R	0	336	0	0	0	0	0	0	0	0	0	0	0	0	0	0	0	0	314	586	0	0	0	0	0	0	0	0	0	0	0	0	0	2150	0	2476	0	430	0	420	0	0	6010	0	7096	21518	1488	16544	0	14204	0	19678	0	8376	0	5672	0	1022	0	214	0	0	0	0	0	254	156	14638	0	1170	0	0	0	0	0	0	0	0	0	122	0	508	0	0	0	9780	0	0	0	3698	0	0	0	0	0	0	0	0	0	0	0	0	0	0	0	0	0	0	0	0	448	0	0	0	0	0	
141276	Cuneus_L	0	0	0	0	0	0	0	0	0	0	0	0	0	0	0	0	0	0	0	0	0	0	0	0	0	0	0	0	0	0	0	0	240	0	1446	76	230	0	0	0	0	0	12648	7096	0	8390	356	422	15850	2832	10368	1376	268	408	0	254	0	0	608	0	80	0	0	0	532	0	5990	500	164	0	0	0	0	0	0	0	0	0	0	0	0	0	0	0	386	0	0	0	118	0	0	0	0	0	0	0	0	0	0	0	0	0	0	0	0	0	0	0	0	0	0	0	0	0	0	0	
304044	Cuneus_R	0	1916	0	264	0	0	0	348	0	0	0	0	0	0	0	0	0	70	1146	1816	0	0	0	0	0	0	0	0	0	68	0	0	0	6190	0	2228	0	96	0	0	0	0	3916	21518	8390	0	90	1930	72	36462	0	14634	0	1222	0	966	0	1884	0	5920	0	1512	0	874	0	1670	1872	30116	90	2234	96	98	90	106	0	0	0	0	0	0	0	152	0	0	0	1288	0	0	0	176	0	0	0	0	0	0	0	0	0	0	0	0	0	0	0	0	0	0	0	0	502	0	0	0	0	0	
198044	Lingual_L	0	0	0	0	0	0	0	0	0	0	0	0	0	0	0	0	0	0	0	0	0	0	0	0	0	0	0	0	0	0	0	0	0	0	680	0	3432	0	4074	0	0	0	10518	1488	356	90	0	3160	364	226	8422	178	7394	408	18836	960	0	0	0	0	0	0	0	0	0	0	3640	0	0	0	0	0	0	0	0	0	322	0	0	0	268	0	0	0	236	0	0	0	332	0	6846	160	168	0	112	0	8114	372	11334	666	0	0	74	0	0	0	0	0	0	0	2380	2686	726	0	0	0	
224808	Lingual_R	0	0	0	0	0	0	0	0	0	0	0	0	0	0	0	0	0	0	106	176	0	0	0	0	0	0	0	0	0	0	0	0	0	578	0	2888	164	3412	238	3708	0	0	2242	16544	422	1930	3160	0	0	2638	0	4434	0	11658	0	20254	0	0	0	0	0	0	0	0	0	0	0	7022	0	76	0	0	0	0	0	0	0	732	0	0	0	256	0	0	0	1356	0	0	0	3856	420	3388	82	288	0	164	242	2538	808	7014	0	0	72	358	0	424	0	0	230	134	1904	2916	1674	670	622	606	
141668	Occipital_Sup_L	90	0	0	0	0	0	0	0	0	0	0	0	0	0	0	0	0	0	0	0	0	0	0	0	0	0	0	0	0	0	0	0	606	0	394	0	232	0	0	0	0	0	9412	0	15850	72	364	0	0	0	25244	0	264	0	0	0	268	0	6040	0	1196	0	190	0	2264	0	6440	120	200	0	0	0	0	0	0	0	0	0	0	0	188	0	0	0	1148	0	0	0	252	0	0	0	0	0	0	0	0	0	0	0	0	0	0	0	0	0	0	0	0	0	0	0	0	0	0	0	
308728	Occipital_Sup_R	0	2578	0	366	0	0	0	496	0	0	0	0	122	0	0	0	0	100	1456	2270	0	0	0	0	0	0	0	0	120	82	0	0	0	4602	0	1370	0	98	0	0	0	0	1050	14204	2832	36462	226	2638	0	0	0	28282	0	1904	0	1290	0	1668	0	8320	0	3764	0	1550	0	6784	618	23138	100	1842	160	120	148	132	0	0	0	0	0	0	0	256	0	0	0	2832	0	0	0	0	0	0	0	0	0	0	0	0	0	0	0	0	0	0	0	0	0	0	0	0	384	0	0	0	0	0	
421676	Occipital_Mid_L	1244	0	96	0	0	0	0	0	0	0	0	0	72	0	0	0	1716	0	0	0	0	0	0	0	0	0	0	0	836	0	0	0	688	0	1982	0	2296	0	316	0	0	0	21432	0	10368	0	8422	0	25244	0	0	0	18736	0	4080	0	4552	0	21838	0	12328	0	3174	0	22754	0	13162	0	2318	0	0	0	106	0	0	0	0	0	118	0	3458	0	0	0	26078	0	0	0	3424	0	0	0	0	0	0	0	0	0	0	0	0	0	0	0	0	0	0	0	0	0	0	0	0	0	0	0	
305164	Occipital_Mid_R	0	1634	0	174	0	0	0	276	0	0	0	0	70	0	0	0	0	0	1700	2430	0	0	0	0	0	0	0	0	70	0	0	0	0	3366	0	706	0	324	0	236	0	0	350	19678	1376	14634	178	4434	0	28282	0	0	0	5744	0	3188	0	1038	0	3098	0	4190	0	960	0	12680	188	14228	166	1332	100	74	92	84	0	0	0	0	0	78	0	966	0	0	0	20588	0	0	0	3522	0	0	0	0	0	0	0	0	0	0	0	0	0	0	0	0	0	0	0	0	348	0	0	0	0	0	
139696	Occipital_Inf_L	118	0	0	0	0	0	0	0	0	0	0	0	0	0	0	0	390	0	0	0	0	0	0	0	0	0	0	0	288	0	0	0	0	0	424	0	1396	0	598	0	0	0	4340	0	268	0	7394	0	264	0	18736	0	0	0	12048	0	200	0	218	0	68	0	88	0	244	0	1336	0	134	0	0	0	0	0	0	0	0	0	970	0	3850	0	0	0	7726	0	0	0	7510	0	232	0	0	0	0	0	226	0	424	0	0	0	0	0	0	0	0	0	0	0	224	134	0	0	0	0	
122044	Occipital_Inf_R	0	0	0	0	0	0	0	0	0	0	0	0	0	0	0	0	0	0	0	0	0	0	0	0	0	0	0	0	0	166	0	0	0	0	0	0	0	704	0	850	0	0	320	8376	408	1222	408	11658	0	1904	0	5744	0	0	0	16130	0	0	0	0	0	0	0	0	0	0	0	390	0	0	0	0	0	0	0	0	0	0	0	126	0	330	0	0	0	894	0	0	0	8162	0	416	0	0	0	0	0	678	86	1398	0	0	0	0	0	0	0	0	0	0	92	220	340	0	0	0	
346612	Fusiform_L	386	0	376	0	0	0	0	0	0	0	216	0	0	0	0	0	668	0	164	0	0	0	0	0	0	0	0	0	3964	0	0	0	0	0	268	0	17084	0	11070	0	2620	0	1494	0	0	0	18836	0	0	0	4080	0	12048	0	0	0	374	0	126	0	0	0	0	0	0	0	1712	0	0	0	0	0	856	0	0	0	864	0	1674	0	6472	0	2614	0	4048	0	1518	0	19880	0	19784	0	466	0	196	0	12772	260	21068	154	362	0	730	0	130	0	0	0	0	0	2816	990	166	0	0	0	
441472	Fusiform_R	0	504	0	430	0	0	0	262	0	0	0	222	0	0	0	0	0	86	134	564	0	0	0	0	0	0	0	0	0	7316	0	0	0	230	0	300	0	28574	0	21604	0	7932	654	5672	254	966	960	20254	0	1290	0	3188	0	16130	0	0	0	98	0	0	0	0	0	142	0	96	0	1218	0	100	0	82	0	5600	0	870	0	616	0	938	0	5182	0	3478	0	8394	0	728	0	23096	332	11850	0	1372	0	714	0	11428	476	17188	0	130	110	1008	0	538	0	0	458	248	784	2134	1746	744	690	622	
296112	Postcentral_L	32438	190	7564	0	0	0	1176	0	0	0	4166	0	670	0	0	0	9000	0	4124	746	0	0	0	0	0	0	0	0	8528	0	0	0	110	268	104	0	3536	0	132	0	0	0	110	0	0	0	0	0	268	0	4552	0	200	0	374	0	0	0	8614	0	20672	0	11680	0	4660	0	1714	0	3980	390	298	152	5080	0	1100	0	2684	166	3642	0	3160	0	0	0	1380	0	0	0	428	0	0	0	0	0	0	0	0	0	0	0	0	0	0	0	0	0	0	0	0	0	0	0	0	0	0	0	
101868	Postcentral_R	0	12260	0	406	0	0	0	1032	0	0	0	1224	232	0	0	0	0	2502	0	640	0	0	0	0	0	0	0	0	232	294	0	108	0	1170	0	104	0	330	0	0	0	0	0	1022	0	1884	0	0	0	1668	0	1038	0	0	0	98	0	0	0	3452	0	2666	0	6404	0	484	0	3924	0	3250	276	884	242	1156	0	308	0	0	0	138	0	748	0	0	0	530	0	0	0	228	0	0	0	0	0	0	0	0	0	0	0	0	0	0	0	0	0	0	0	0	0	0	0	0	0	0	
168192	Parietal_Sup_L	992	0	72	0	0	0	0	0	0	0	0	0	0	0	0	0	1560	0	0	0	0	0	0	0	0	0	0	0	308	0	0	0	194	0	0	0	70	0	0	0	0	0	296	0	608	0	0	0	6040	0	21838	0	218	0	126	0	8614	0	0	0	12730	0	3160	0	8352	0	11706	170	1466	0	0	0	106	0	0	0	0	0	0	0	944	0	0	0	3718	0	0	0	808	0	0	0	0	0	0	0	0	0	0	0	0	0	0	0	0	0	0	0	0	0	0	0	0	0	0	0	
120424	Parietal_Sup_R	0	1620	0	98	0	0	0	238	0	0	0	0	0	0	0	0	0	132	0	110	0	0	0	0	0	0	0	0	0	138	0	0	0	832	0	0	0	92	0	0	0	0	0	214	0	5920	0	0	0	8320	0	3098	0	0	0	0	0	3452	0	0	0	12070	0	4416	0	7562	410	10554	0	706	80	0	0	0	0	0	0	0	0	0	0	0	0	0	0	150	0	0	0	0	0	0	0	0	0	0	0	0	0	0	0	0	0	0	0	0	0	0	0	0	0	0	0	0	0	0	
180344	Parietal_Inf_L	3110	0	0	0	0	0	92	0	0	0	0	0	0	0	0	0	94	0	0	0	0	0	0	0	0	0	0	0	146	0	0	0	68	0	0	0	76	0	0	0	0	0	0	0	80	0	0	0	1196	0	12328	0	68	0	0	0	20672	0	12730	0	0	0	13324	0	19430	0	1632	0	236	0	0	0	274	0	180	0	0	0	0	0	592	0	0	0	3280	0	0	0	564	0	0	0	0	0	0	0	0	0	0	0	0	0	0	0	0	0	0	0	0	0	0	0	0	0	0	0	
108780	Parietal_Inf_R	0	1592	0	86	0	0	0	246	0	0	0	0	98	0	0	0	0	116	134	226	0	0	0	0	0	0	0	0	96	80	0	0	0	316	0	0	0	0	0	0	0	0	0	0	0	1512	0	0	0	3764	0	4190	0	0	0	0	0	2666	0	12070	0	0	0	9676	0	13938	0	1834	0	674	152	70	126	0	0	0	0	0	0	0	0	86	0	0	0	642	0	0	0	0	0	0	0	0	0	0	0	0	0	0	0	0	0	0	0	0	0	0	0	0	0	0	0	0	0	0	
126664	SupraMarginal_L	2266	0	356	0	0	0	0	0	0	0	118	0	0	0	0	0	1692	0	134	0	0	0	0	0	0	0	0	0	612	0	0	0	0	0	0	0	74	0	0	0	0	0	0	0	0	0	0	0	190	0	3174	0	88	0	0	0	11680	0	3160	0	13324	0	0	0	7528	0	996	0	138	0	0	0	0	0	0	0	0	0	430	0	8194	0	0	0	8258	0	0	0	920	0	0	0	0	0	0	0	0	0	0	0	0	0	0	0	0	0	0	0	0	0	0	0	0	0	0	0	
102824	SupraMarginal_R	0	1284	0	0	0	0	0	112	0	0	0	0	164	0	0	0	0	3272	782	850	0	0	0	0	0	0	0	0	164	132	0	0	0	858	0	0	0	86	0	0	0	0	0	0	0	874	0	0	0	1550	0	960	0	0	0	142	0	6404	0	4416	0	9676	0	0	0	7784	0	1068	194	260	218	90	186	78	0	0	0	0	0	210	0	6080	0	0	0	3362	0	0	0	156	0	0	0	0	0	0	0	0	0	0	0	0	0	0	0	0	0	0	0	0	0	0	0	0	0	0	
160868	Angular_L	348	0	0	0	0	0	0	0	0	0	0	0	0	0	0	0	254	0	0	0	0	0	0	0	0	0	0	0	0	0	0	0	96	0	0	0	0	0	0	0	0	0	328	0	532	0	0	0	2264	0	22754	0	244	0	0	0	4660	0	8352	0	19430	0	7528	0	0	0	1332	0	232	0	0	0	0	0	0	0	0	0	0	0	1500	0	0	0	9984	0	0	0	596	0	0	0	0	0	0	0	0	0	0	0	0	0	0	0	0	0	0	0	0	0	0	0	0	0	0	0	
143236	Angular_R	0	982	0	0	0	0	0	164	0	0	0	0	86	0	0	0	0	574	790	960	0	0	0	0	0	0	0	0	86	0	0	0	0	1140	0	0	0	88	0	0	0	0	0	254	0	1670	0	0	0	6784	0	12680	0	0	0	96	0	484	0	7562	0	13938	0	7784	0	0	0	2278	292	310	130	0	110	0	0	0	0	0	0	0	0	4230	0	0	0	7988	0	0	0	158	0	0	0	0	0	0	0	0	0	0	0	0	0	0	0	0	0	0	0	0	0	0	0	0	0	0	
185692	Precuneus_L	568	0	0	0	0	0	0	0	0	0	0	0	0	0	0	0	874	0	0	0	0	0	0	0	0	0	0	0	254	0	0	0	2446	528	7418	304	5872	0	1452	0	0	0	10704	156	5990	1872	3640	0	6440	618	13162	188	1336	0	1712	0	1714	0	11706	410	1632	0	996	0	1332	0	0	4778	1844	68	0	0	0	0	0	0	138	0	0	0	222	0	0	0	1886	0	0	0	360	0	0	0	0	0	0	0	226	0	0	0	0	0	0	0	0	0	0	0	0	0	0	0	0	0	0	0	
340888	Precuneus_R	0	2798	0	352	0	0	0	474	0	0	0	0	92	0	0	0	0	118	1654	2892	0	0	0	0	0	0	0	0	90	132	0	0	480	12734	148	10216	0	2972	0	1024	0	0	0	14638	500	30116	0	7022	120	23138	0	14228	0	390	0	1218	0	3924	170	10554	0	1834	0	1068	0	2278	4778	0	178	4884	128	132	120	160	0	0	0	266	0	180	0	808	0	0	0	7216	0	0	0	2286	0	0	0	0	0	0	0	0	0	0	0	0	0	0	0	0	0	0	0	0	1934	0	0	0	0	0	
118316	Paracentral_Lobule_L	9322	984	2366	0	0	0	216	0	0	0	0	0	0	0	0	0	264	0	6422	6130	0	0	0	0	0	0	0	0	150	0	0	0	968	5518	964	80	914	112	0	0	0	0	218	0	164	90	0	0	200	100	2318	166	134	0	0	0	3980	0	1466	0	236	0	138	194	232	292	1844	178	0	3722	68	612	1776	0	894	0	2432	708	0	0	98	198	0	0	1020	1032	0	0	138	100	0	0	0	0	0	0	0	0	0	0	0	0	0	0	0	0	0	0	0	0	0	0	0	0	0	0	
260308	Paracentral_Lobule_R	614	21104	1528	8220	0	0	78	340	0	0	0	0	102	0	0	0	0	0	6662	31728	0	158	72	98	0	0	0	0	242	0	130	214	426	13482	0	264	192	416	0	0	0	68	0	1170	0	2234	0	76	0	1842	0	1332	0	0	0	100	390	3250	0	706	0	674	0	260	0	310	68	4884	3722	0	780	7656	1164	1514	1296	670	1044	7582	0	0	0	74	0	0	0	920	0	0	0	298	0	0	0	0	0	0	0	0	0	0	0	0	0	0	0	0	0	0	0	0	0	0	0	0	0	0	
337204	Caudate_L	404	2808	8726	3428	7454	656	978	1074	768	0	2008	582	11908	0	4700	238	1402	110	7874	6412	7358	7366	2212	998	1794	106	2578	370	13354	246	10084	4046	140	1014	0	0	216	0	0	0	0	0	0	0	0	96	0	0	0	160	0	100	0	0	0	0	298	276	0	80	0	152	0	218	0	130	0	128	68	780	0	12520	26274	4654	1114	1480	4124	924	0	0	764	0	780	0	0	70	0	0	0	0	0	0	0	0	0	0	0	0	0	0	0	0	0	0	0	0	0	0	0	0	0	0	0	0	0	0	
579656	Caudate_R	266	9568	1742	31258	0	5804	310	4998	0	4808	0	3174	96	3684	0	10946	0	434	970	37054	3920	12562	3626	10258	0	4726	194	3648	182	8628	4948	28902	144	6288	0	0	0	688	0	224	0	240	0	0	0	98	0	0	0	120	0	74	0	0	0	82	152	884	0	0	0	70	0	90	0	0	0	132	612	7656	12520	0	4368	39534	526	3830	994	12996	0	0	0	92	0	708	0	0	0	0	0	0	0	0	0	0	0	0	0	0	0	0	0	0	0	0	0	0	0	0	0	0	0	0	0	0	0	0	
515296	Putamen_L	9740	1868	27996	218	12782	476	3292	552	3172	0	4546	0	14232	0	14466	150	3902	0	24664	3544	4734	4152	1988	458	1236	0	1454	256	31602	0	4334	1504	406	596	376	0	10534	0	740	0	1522	0	0	0	0	90	0	0	0	148	106	92	0	0	856	0	5080	242	106	0	274	126	0	186	0	110	0	120	1776	1164	26274	4368	0	2494	10932	366	6118	244	708	0	1390	0	2392	0	70	0	0	0	324	0	0	0	0	0	0	0	0	0	0	0	0	0	0	0	0	0	0	0	0	0	0	0	0	0	0	0	
531880	Putamen_R	0	8470	328	18306	0	4744	0	8280	0	6162	0	6664	0	2328	0	13000	0	3600	470	19600	1906	5446	712	3866	0	2208	0	2342	0	29320	2170	11362	118	2858	0	0	0	22432	0	11698	0	6812	0	0	0	106	0	0	0	132	0	84	0	0	0	5600	0	1156	0	0	0	0	0	78	0	0	0	160	0	1514	4654	39534	2494	0	276	4734	0	1946	0	582	0	3632	0	1644	0	320	0	68	0	538	0	0	0	0	0	0	0	1486	0	0	0	0	0	0	0	0	0	0	0	0	0	0	0	0	0	0	
79420	Pallidum_L	2096	90	6458	80	0	0	300	0	0	0	136	0	206	0	0	0	68	0	5830	1426	196	468	0	0	0	0	0	0	176	0	0	0	212	724	276	0	520	0	0	0	0	0	0	0	0	0	0	0	0	0	0	0	0	0	0	0	1100	0	0	0	180	0	0	0	0	0	0	0	894	1296	1114	526	10932	276	0	116	3918	96	0	0	0	0	0	0	0	0	0	0	0	0	0	0	0	0	0	0	0	0	0	0	0	0	0	0	0	0	0	0	0	0	0	0	0	0	0	0	
52040	Pallidum_R	0	1250	0	1216	0	0	0	1192	0	0	0	82	0	0	0	0	0	508	114	1824	162	1420	0	0	0	0	0	0	0	0	0	0	0	192	0	0	0	2792	0	1796	0	686	0	0	0	0	0	0	0	0	0	0	0	0	0	870	0	308	0	0	0	0	0	0	0	0	0	0	0	670	1480	3830	366	4734	116	0	0	140	0	170	0	102	0	0	0	0	0	0	0	0	0	0	0	0	0	0	0	0	0	0	0	0	0	0	0	0	0	0	0	0	0	0	0	0	0	0	
146724	Thalamus_L	13728	568	18390	642	0	0	796	0	0	0	140	0	438	0	0	0	210	0	1810	1574	88	0	0	0	0	0	0	0	1916	0	0	0	0	572	190	100	5712	152	1684	0	0	0	0	0	0	0	322	0	0	0	0	0	0	0	864	0	2684	0	0	0	0	0	0	0	0	0	138	0	2432	1044	4124	994	6118	0	3918	0	0	952	606	0	0	0	0	0	0	0	0	0	78	0	146	0	0	0	0	0	100	0	132	0	0	0	0	0	0	0	0	0	0	0	0	0	0	0	0	0	
163696	Thalamus_R	268	14992	576	16108	0	0	0	3090	0	0	0	88	0	0	0	0	0	110	600	9490	182	866	0	0	0	0	0	0	94	482	74	346	0	262	0	374	82	3928	78	1140	0	196	0	0	0	0	0	732	0	0	0	0	0	0	0	616	166	0	0	0	0	0	0	0	0	0	0	266	708	7582	924	12996	244	1946	96	140	952	0	0	0	0	184	0	0	0	72	0	0	0	798	0	0	0	0	0	0	0	0	0	0	0	0	0	0	0	0	0	0	0	0	0	0	0	0	0	0	
70792	Heschl_L	2782	0	922	0	0	0	342	0	0	0	206	0	318	0	0	0	5738	0	574	0	0	0	0	0	0	0	0	0	6428	0	0	0	0	0	0	0	2794	0	132	0	0	0	0	0	0	0	0	0	0	0	118	0	970	0	1674	0	3642	0	0	0	0	0	430	0	0	0	0	0	0	0	0	0	708	0	0	0	606	0	0	0	4310	0	0	0	1040	0	0	0	1662	0	0	0	0	0	0	0	0	0	0	0	0	0	0	0	0	0	0	0	0	0	0	0	0	0	0	0	
43556	Heschl_R	0	316	0	74	0	0	0	0	0	0	0	832	0	0	0	0	0	3984	0	124	0	0	0	0	0	0	0	0	0	2406	0	0	0	0	0	0	0	1132	0	236	0	0	0	122	0	0	0	0	0	0	0	78	0	126	0	938	0	138	0	0	0	0	0	210	0	0	0	180	0	0	0	0	0	582	0	170	0	0	0	0	0	6794	0	0	0	1806	0	0	0	1530	0	0	0	0	0	0	0	0	0	0	0	0	0	0	0	0	0	0	0	0	0	0	0	0	0	0	
272720	Temporal_Sup_L	2328	0	994	0	0	0	594	0	0	0	5198	0	1368	0	0	0	12104	0	2146	0	0	0	0	0	0	0	0	0	9726	0	0	0	0	0	0	0	5668	0	328	0	0	0	382	0	0	0	268	0	188	0	3458	0	3850	0	6472	0	3160	0	944	0	592	0	8194	0	1500	0	222	0	98	0	764	0	1390	0	0	0	0	0	4310	0	0	0	5916	0	39738	0	0	0	14364	0	96	0	0	0	0	0	0	0	0	0	0	0	0	0	0	0	0	0	0	0	0	0	0	0	0	0	
210296	Temporal_Sup_R	0	1638	0	308	0	0	0	806	0	0	0	3246	0	124	0	0	0	8860	956	1244	0	0	0	0	0	0	0	0	0	11512	0	0	0	1090	0	112	0	4646	0	2640	0	270	0	508	0	152	0	256	0	256	0	966	0	330	0	5182	0	748	0	0	0	86	0	6080	0	4230	0	808	198	74	0	92	0	3632	0	102	0	184	0	6794	0	0	0	5008	0	23294	0	2550	0	5908	0	0	0	0	0	0	0	258	0	0	0	0	0	0	0	0	0	0	0	0	0	0	0	0	0	0	
96972	Temporal_Pole_Sup_L	96	0	142	0	444	0	132	0	706	0	838	0	532	0	4372	0	2252	0	158	0	560	0	0	0	70	0	452	0	4926	0	0	0	0	0	0	0	1648	0	1126	0	1098	0	0	0	0	0	0	0	0	0	0	0	0	0	2614	0	0	0	0	0	0	0	0	0	0	0	0	0	0	0	780	0	2392	0	0	0	0	0	0	0	5916	0	0	0	8002	0	2672	0	6558	0	0	0	0	0	0	0	0	0	0	0	0	0	0	0	0	0	0	0	0	0	0	0	0	0	0	0	
81732	Temporal_Pole_Sup_R	0	0	0	0	0	526	0	0	0	0	0	192	0	0	0	2454	0	466	0	0	0	596	0	0	0	80	0	496	0	4478	0	96	0	0	0	0	0	1104	0	2250	0	1574	0	0	0	0	0	0	0	0	0	0	0	0	0	3478	0	0	0	0	0	0	0	0	0	0	0	0	0	0	0	708	0	1644	0	0	0	0	0	0	0	5008	0	0	0	3766	0	7036	0	4740	0	0	0	0	0	0	0	174	0	0	0	0	0	0	0	0	0	0	0	0	0	0	0	0	0	0	
340396	Temporal_Mid_L	326	0	104	0	0	0	0	0	0	0	142	0	78	0	0	0	2980	0	84	0	0	0	0	0	0	0	0	0	2064	0	0	0	0	0	796	0	2016	0	0	0	0	0	3638	0	386	0	236	0	1148	0	26078	0	7726	0	4048	0	1380	0	3718	0	3280	0	8258	0	9984	0	1886	0	1020	0	0	0	70	0	0	0	0	0	1040	0	39738	0	8002	0	0	0	1610	0	38362	0	0	0	0	0	0	0	0	0	0	0	0	0	0	0	0	0	0	0	0	0	0	0	0	0	0	0	
311244	Temporal_Mid_R	0	966	0	70	0	0	0	70	0	0	0	666	0	0	0	0	0	1530	4230	4970	0	0	0	0	0	0	0	0	0	3182	0	0	0	5280	0	1062	0	4512	0	2034	0	186	0	9780	0	1288	0	1356	0	2832	0	20588	0	894	0	8394	0	530	0	150	0	642	0	3362	0	7988	0	7216	1032	920	70	0	0	320	0	0	0	72	0	1806	0	23294	0	3766	0	0	0	4568	0	25536	0	0	0	0	0	0	0	140	0	0	0	0	0	0	0	0	0	0	0	0	320	0	0	0	0	0	
17504	Temporal_Pole_Mid_L	0	0	0	0	0	0	0	0	0	0	0	0	0	0	0	0	0	0	0	0	0	0	0	0	0	0	0	0	0	0	0	0	0	0	0	0	0	0	746	0	162	0	0	0	0	0	0	0	0	0	0	0	0	0	1518	0	0	0	0	0	0	0	0	0	0	0	0	0	0	0	0	0	0	0	0	0	0	0	0	0	0	0	2672	0	1610	0	0	0	2044	0	0	0	0	0	0	0	0	0	0	0	0	0	0	0	0	0	0	0	0	0	0	0	0	0	0	0	
41012	Temporal_Pole_Mid_R	0	0	0	0	0	0	0	0	0	0	0	0	0	0	0	0	0	88	0	0	0	0	0	0	0	0	0	0	0	404	0	0	0	0	0	0	0	208	0	1056	0	144	0	0	0	0	0	0	0	0	0	0	0	0	0	728	0	0	0	0	0	0	0	0	0	0	0	0	0	0	0	0	0	68	0	0	0	0	0	0	0	2550	0	7036	0	4568	0	0	0	3656	0	0	0	0	0	0	0	0	0	0	0	0	0	0	0	0	0	0	0	0	0	0	0	0	0	0	
236988	Temporal_Inf_L	314	0	216	0	0	0	0	0	0	0	0	0	0	0	0	0	1206	0	0	0	0	0	0	0	0	0	0	0	1890	0	0	0	0	0	144	0	7918	0	1420	0	146	0	950	0	118	0	332	0	252	0	3424	0	7510	0	19880	0	428	0	808	0	564	0	920	0	596	0	360	0	138	0	0	0	324	0	0	0	78	0	1662	0	14364	0	6558	0	38362	0	2044	0	0	0	3360	0	238	0	0	0	508	0	1092	0	294	0	76	0	0	0	0	0	0	0	0	0	0	0	0	0	
222876	Temporal_Inf_R	0	236	0	0	0	0	0	0	0	0	0	0	0	0	0	0	0	78	232	350	0	0	0	0	0	0	0	0	0	3360	0	0	0	594	0	138	0	9502	0	2892	0	376	0	3698	0	176	0	3856	0	0	0	3522	0	8162	0	23096	0	228	0	0	0	0	0	156	0	158	0	2286	100	298	0	0	0	538	0	0	0	798	0	1530	0	5908	0	4740	0	25536	0	3656	0	0	0	3084	0	820	0	80	0	340	0	544	0	0	0	302	0	0	0	0	0	0	68	0	0	0	0	0	
353864	Cerebelum_Crus1_L	0	0	0	0	0	0	0	0	0	0	0	0	0	0	0	0	0	0	0	0	0	0	0	0	0	0	0	0	106	0	0	0	0	0	0	0	342	0	238	0	0	0	0	0	0	0	6846	420	0	0	0	0	232	0	19784	332	0	0	0	0	0	0	0	0	0	0	0	0	0	0	0	0	0	0	0	0	146	0	0	0	96	0	0	0	0	0	0	0	3360	0	0	1008	27862	362	1150	0	22664	430	47310	1722	9564	0	13464	406	3076	86	754	0	0	0	4884	5090	3528	582	734	354	
364188	Cerebelum_Crus1_R	0	0	0	0	0	0	0	0	0	0	0	0	0	0	0	0	0	0	0	0	0	0	0	0	0	0	0	0	0	0	0	0	0	0	0	0	0	0	0	0	0	0	0	0	0	0	160	3388	0	0	0	0	0	416	0	11850	0	0	0	0	0	0	0	0	0	0	0	0	0	0	0	0	0	0	0	0	0	0	0	0	0	0	0	0	0	0	0	0	0	3084	1008	0	2224	29398	0	3198	326	21002	1036	45898	1146	4422	1286	20116	490	4110	0	286	1348	1376	2802	4328	6326	4488	4978	1604	
285672	Cerebelum_Crus2_L	0	0	0	0	0	0	0	0	0	0	0	0	0	0	0	0	0	0	0	0	0	0	0	0	0	0	0	0	0	0	0	0	0	0	0	0	0	0	0	0	0	0	0	0	0	0	168	82	0	0	0	0	0	0	466	0	0	0	0	0	0	0	0	0	0	0	0	0	0	0	0	0	0	0	0	0	0	0	0	0	0	0	0	0	0	0	0	0	238	0	27862	2224	0	8002	708	0	2062	148	6662	858	31974	3964	30988	3550	5930	338	726	126	0	0	486	946	8888	2904	2200	336	
273996	Cerebelum_Crus2_R	0	0	0	0	0	0	0	0	0	0	0	0	0	0	0	0	0	0	0	0	0	0	0	0	0	0	0	0	0	0	0	0	0	0	0	0	0	0	0	0	0	0	0	0	0	0	0	288	0	0	0	0	0	0	0	1372	0	0	0	0	0	0	0	0	0	0	0	0	0	0	0	0	0	0	0	0	0	0	0	0	0	0	0	0	0	0	0	0	0	820	362	29398	8002	0	108	244	154	2138	232	7372	5156	18710	7774	29974	1372	1904	0	508	0	0	0	764	9700	7088	3178	380	
29132	Cerebelum_3_L	0	0	0	0	0	0	0	0	0	0	0	0	0	0	0	0	0	0	0	0	0	0	0	0	0	0	0	0	0	0	0	0	0	0	0	0	0	0	112	0	0	0	0	0	0	0	112	0	0	0	0	0	0	0	196	0	0	0	0	0	0	0	0	0	0	0	0	0	0	0	0	0	0	0	0	0	0	0	0	0	0	0	0	0	0	0	0	0	0	0	1150	0	708	108	0	0	6560	212	1164	0	132	0	808	0	1154	0	0	0	188	430	1040	0	492	0	0	0	
46860	Cerebelum_3_R	0	0	0	0	0	0	0	0	0	0	0	0	0	0	0	0	0	0	0	0	0	0	0	0	0	0	0	0	0	0	0	0	0	0	0	0	0	166	0	208	0	138	0	0	0	0	0	164	0	0	0	0	0	0	0	714	0	0	0	0	0	0	0	0	0	0	0	0	0	0	0	0	0	0	0	0	0	0	0	0	0	0	0	0	0	0	0	0	0	80	0	3198	0	244	0	0	246	5246	0	5304	0	0	112	278	0	942	0	0	1108	2222	1062	0	508	698	722	70	
219424	Cerebelum_4_5_L	0	0	0	0	0	0	0	0	0	0	0	0	0	0	0	0	0	0	0	0	0	0	0	0	0	0	0	0	0	0	0	0	0	0	0	0	404	0	458	0	0	0	0	0	0	0	8114	242	0	0	0	0	226	0	12772	0	0	0	0	0	0	0	0	0	0	0	226	0	0	0	0	0	0	0	0	0	100	0	0	0	0	0	0	0	0	0	0	0	508	0	22664	326	2062	154	6560	246	0	2084	30266	1068	652	0	2314	106	2814	150	558	0	300	500	10290	2016	730	106	252	444	
216640	Cerebelum_4_5_R	0	0	0	182	0	0	0	72	0	0	0	0	0	0	0	0	0	0	0	132	0	0	0	0	0	0	0	0	0	708	0	0	0	0	0	0	0	2954	0	3166	0	1402	0	0	0	0	372	2538	0	0	0	0	0	678	260	11428	0	0	0	0	0	0	0	0	0	0	0	0	0	0	0	0	0	1486	0	0	0	0	0	0	0	258	0	174	0	140	0	0	0	340	430	21002	148	2138	212	5246	2084	0	702	29268	84	264	212	1896	140	1296	0	0	1456	1138	6244	2642	856	1238	1502	1832	
308908	Cerebelum_6_L	0	0	0	0	0	0	0	0	0	0	0	0	0	0	0	0	0	0	0	0	0	0	0	0	0	0	0	0	0	0	0	0	0	0	0	0	224	0	240	0	0	0	0	0	0	0	11334	808	0	0	0	0	424	86	21068	476	0	0	0	0	0	0	0	0	0	0	0	0	0	0	0	0	0	0	0	0	132	0	0	0	0	0	0	0	0	0	0	0	1092	0	47310	1036	6662	232	1164	0	30266	702	0	2912	2150	0	3658	392	2204	92	856	0	0	0	8000	8130	2388	116	182	118	
334772	Cerebelum_6_R	0	0	0	0	0	0	0	0	0	0	0	0	0	0	0	0	0	0	0	0	0	0	0	0	0	0	0	0	0	0	0	0	0	0	0	0	0	72	0	90	0	0	0	0	0	0	666	7014	0	0	0	0	0	1398	154	17188	0	0	0	0	0	0	0	0	0	0	0	0	0	0	0	0	0	0	0	0	0	0	0	0	0	0	0	0	0	0	0	0	0	544	1722	45898	858	7372	0	5304	1068	29268	2912	0	374	720	614	6580	424	4070	0	356	1852	1706	4404	8490	5680	3676	4376	2536	
221884	Cerebelum_7b_L	0	0	0	0	0	0	0	0	0	0	0	0	0	0	0	0	0	0	0	0	0	0	0	0	0	0	0	0	0	0	0	0	0	0	0	0	0	0	0	0	0	0	0	0	0	0	0	0	0	0	0	0	0	0	362	0	0	0	0	0	0	0	0	0	0	0	0	0	0	0	0	0	0	0	0	0	0	0	0	0	0	0	0	0	0	0	0	0	294	0	9564	1146	31974	5156	132	0	652	84	2150	374	0	3496	34820	3358	6138	248	1076	72	0	0	86	78	4764	3418	1416	84	
150212	Cerebelum_7b_R	0	0	0	0	0	0	0	0	0	0	0	0	0	0	0	0	0	0	0	0	0	0	0	0	0	0	0	0	0	0	0	0	0	0	0	0	0	0	0	0	0	0	0	0	0	0	0	0	0	0	0	0	0	0	0	130	0	0	0	0	0	0	0	0	0	0	0	0	0	0	0	0	0	0	0	0	0	0	0	0	0	0	0	0	0	0	0	0	0	0	0	4422	3964	18710	0	0	0	264	0	720	3496	0	6124	23212	548	1190	0	232	0	0	0	106	4706	6124	1006	152	
316936	Cerebelum_8_L	0	0	0	0	0	0	0	0	0	0	0	0	0	0	0	0	0	0	0	0	0	0	0	0	0	0	0	0	0	0	0	0	0	0	0	0	0	0	0	0	0	0	0	0	0	0	74	72	0	0	0	0	0	0	730	110	0	0	0	0	0	0	0	0	0	0	0	0	0	0	0	0	0	0	0	0	0	0	0	0	0	0	0	0	0	0	0	0	76	0	13464	1286	30988	7774	808	112	2314	212	3658	614	34820	6124	0	9182	18766	2308	2084	446	0	0	192	326	7886	9878	3530	634	
296072	Cerebelum_8_R	0	0	0	0	0	0	0	0	0	0	0	0	0	0	0	0	0	0	0	0	0	0	0	0	0	0	0	0	0	0	0	0	0	0	0	0	0	0	0	0	0	0	0	0	0	0	0	358	0	0	0	0	0	0	0	1008	0	0	0	0	0	0	0	0	0	0	0	0	0	0	0	0	0	0	0	0	0	0	0	0	0	0	0	0	0	0	0	0	0	302	406	20116	3550	29974	0	278	106	1896	392	6580	3358	23212	9182	0	1974	16980	0	1280	0	70	0	1320	7772	11672	5432	818	
118336	Cerebelum_9_L	0	0	0	0	0	0	0	0	0	0	0	0	0	0	0	0	0	0	0	0	0	0	0	0	0	0	0	0	0	0	0	0	0	0	0	0	0	0	0	0	0	0	0	0	0	0	0	0	0	0	0	0	0	0	130	0	0	0	0	0	0	0	0	0	0	0	0	0	0	0	0	0	0	0	0	0	0	0	0	0	0	0	0	0	0	0	0	0	0	0	3076	490	5930	1372	1154	0	2814	140	2204	424	6138	548	18766	1974	0	1336	3726	186	0	0	296	886	3006	2444	1876	252	
123896	Cerebelum_9_R	0	0	0	0	0	0	0	0	0	0	0	0	0	0	0	0	0	0	0	0	0	0	0	0	0	0	0	0	0	0	0	0	0	0	0	0	0	0	0	0	0	0	0	0	0	0	0	424	0	0	0	0	0	0	0	538	0	0	0	0	0	0	0	0	0	0	0	0	0	0	0	0	0	0	0	0	0	0	0	0	0	0	0	0	0	0	0	0	0	0	86	4110	338	1904	0	942	150	1296	92	4070	248	1190	2308	16980	1336	0	0	1756	406	476	660	2298	3442	6076	7738	3084	
19800	Cerebelum_10_L	0	0	0	0	0	0	0	0	0	0	0	0	0	0	0	0	0	0	0	0	0	0	0	0	0	0	0	0	0	0	0	0	0	0	0	0	0	0	0	0	0	0	0	0	0	0	0	0	0	0	0	0	0	0	0	0	0	0	0	0	0	0	0	0	0	0	0	0	0	0	0	0	0	0	0	0	0	0	0	0	0	0	0	0	0	0	0	0	0	0	754	0	726	0	0	0	558	0	856	0	1076	0	2084	0	3726	0	0	0	0	0	120	0	0	0	0	0	
13784	Cerebelum_10_R	0	0	0	0	0	0	0	0	0	0	0	0	0	0	0	0	0	0	0	0	0	0	0	0	0	0	0	0	0	0	0	0	0	0	0	0	0	0	0	0	0	0	0	0	0	0	0	0	0	0	0	0	0	0	0	0	0	0	0	0	0	0	0	0	0	0	0	0	0	0	0	0	0	0	0	0	0	0	0	0	0	0	0	0	0	0	0	0	0	0	0	286	126	508	0	0	0	0	0	356	72	232	446	1280	186	1756	0	0	0	0	0	88	534	632	390	0	
27020	Vermis_1_2	0	0	0	0	0	0	0	0	0	0	0	0	0	0	0	0	0	0	0	0	0	0	0	0	0	0	0	0	0	0	0	0	0	0	0	0	0	0	76	0	0	0	0	0	0	0	0	230	0	0	0	0	0	0	0	458	0	0	0	0	0	0	0	0	0	0	0	0	0	0	0	0	0	0	0	0	0	0	0	0	0	0	0	0	0	0	0	0	0	0	0	1348	0	0	188	1108	300	1456	0	1852	0	0	0	0	0	406	0	0	0	3438	2028	0	126	144	278	74	
29184	Vermis_3	0	0	0	0	0	0	0	0	0	0	0	0	0	0	0	0	0	0	0	0	0	0	0	0	0	0	0	0	0	0	0	0	0	0	0	0	120	0	290	0	0	0	0	0	0	0	0	134	0	0	0	0	0	0	0	248	0	0	0	0	0	0	0	0	0	0	0	0	0	0	0	0	0	0	0	0	0	0	0	0	0	0	0	0	0	0	0	0	0	0	0	1376	0	0	430	2222	500	1138	0	1706	0	0	0	70	0	476	0	0	3438	0	1524	0	266	286	368	0	
130656	Vermis_4_5	0	0	0	0	0	0	0	0	0	0	0	0	0	0	0	0	0	0	88	106	0	0	0	0	0	0	0	0	0	0	0	0	0	350	0	654	0	84	0	0	0	0	0	448	0	502	2380	1904	0	384	0	348	224	92	2816	784	0	0	0	0	0	0	0	0	0	0	0	1934	0	0	0	0	0	0	0	0	0	0	0	0	0	0	0	0	0	320	0	0	0	68	4884	2802	486	0	1040	1062	10290	6244	8000	4404	86	0	192	0	296	660	120	0	2028	1524	0	4226	174	212	1090	2022	
128712	Vermis_6	0	0	0	0	0	0	0	0	0	0	0	0	0	0	0	0	0	0	0	0	0	0	0	0	0	0	0	0	0	0	0	0	0	0	0	0	0	0	0	0	0	0	0	0	0	0	2686	2916	0	0	0	0	134	220	990	2134	0	0	0	0	0	0	0	0	0	0	0	0	0	0	0	0	0	0	0	0	0	0	0	0	0	0	0	0	0	0	0	0	0	0	5090	4328	946	764	0	0	2016	2642	8130	8490	78	106	326	1320	886	2298	0	88	0	0	4226	0	4394	2162	3262	3724	
197396	Vermis_7	0	0	0	0	0	0	0	0	0	0	0	0	0	0	0	0	0	0	0	0	0	0	0	0	0	0	0	0	0	0	0	0	0	0	0	0	0	0	0	0	0	0	0	0	0	0	726	1674	0	0	0	0	0	340	166	1746	0	0	0	0	0	0	0	0	0	0	0	0	0	0	0	0	0	0	0	0	0	0	0	0	0	0	0	0	0	0	0	0	0	0	3528	6326	8888	9700	492	508	730	856	2388	5680	4764	4706	7886	7772	3006	3442	0	534	126	266	174	4394	0	9162	7160	1558	
