data	data	503880	226012	1.14838e+06	761360	123336	98144	452920	314496	62408	15768	347492	214824	374308	166904	216148	116760	374552	141796	896416	757556	74960	97648	336992	363148	25224	68120	54856	58724	682652	373900	371096	372128	197824	460260	109880	190936	247284	374764	122476	212152	20092	50320	245508	451708	187828	367552	359096	403832	225632	402276	439312	310596	208112	137056	341000	541812	314888	179896	141076	198364	188852	161484	119240	133060	130100	182852	289224	388676	181496	195012	286300	302292	392440	336748	43688	10796	190812	190996	112828	20164	346220	80380	99944	28024	249524	153448	18980	9124	315968	241528	579888	498604	480660	439124	49740	58012	368068	264604	535348	503260	268372	216496	282612	346624	97480	152000	45696	15060	26732	84412	345816	279256	241876	183144	138396	49812	
data	data	Precentral_L	Precentral_R	Frontal_Sup_L	Frontal_Sup_R	Frontal_Sup_Orb_L	Frontal_Sup_Orb_R	Frontal_Mid_L	Frontal_Mid_R	Frontal_Mid_Orb_L	Frontal_Mid_Orb_R	Frontal_Inf_Oper_L	Frontal_Inf_Oper_R	Frontal_Inf_Tri_L	Frontal_Inf_Tri_R	Frontal_Inf_Orb_L	Frontal_Inf_Orb_R	Rolandic_Oper_L	Rolandic_Oper_R	Supp_Motor_Area_L	Supp_Motor_Area_R	Olfactory_L	Olfactory_R	Frontal_Sup_Medial_L	Frontal_Sup_Medial_R	Frontal_Med_Orb_L	Frontal_Med_Orb_R	Rectus_L	Rectus_R	Insula_L	Insula_R	Cingulum_Ant_L	Cingulum_Ant_R	Cingulum_Mid_L	Cingulum_Mid_R	Cingulum_Post_L	Cingulum_Post_R	Hippocampus_L	Hippocampus_R	ParaHippocampal_L	ParaHippocampal_R	Amygdala_L	Amygdala_R	Calcarine_L	Calcarine_R	Cuneus_L	Cuneus_R	Lingual_L	Lingual_R	Occipital_Sup_L	Occipital_Sup_R	Occipital_Mid_L	Occipital_Mid_R	Occipital_Inf_L	Occipital_Inf_R	Fusiform_L	Fusiform_R	Postcentral_L	Postcentral_R	Parietal_Sup_L	Parietal_Sup_R	Parietal_Inf_L	Parietal_Inf_R	SupraMarginal_L	SupraMarginal_R	Angular_L	Angular_R	Precuneus_L	Precuneus_R	Paracentral_Lobule_L	Paracentral_Lobule_R	Caudate_L	Caudate_R	Putamen_L	Putamen_R	Pallidum_L	Pallidum_R	Thalamus_L	Thalamus_R	Heschl_L	Heschl_R	Temporal_Sup_L	Temporal_Sup_R	Temporal_Pole_Sup_L	Temporal_Pole_Sup_R	Temporal_Mid_L	Temporal_Mid_R	Temporal_Pole_Mid_L	Temporal_Pole_Mid_R	Temporal_Inf_L	Temporal_Inf_R	Cerebelum_Crus1_L	Cerebelum_Crus1_R	Cerebelum_Crus2_L	Cerebelum_Crus2_R	Cerebelum_3_L	Cerebelum_3_R	Cerebelum_4_5_L	Cerebelum_4_5_R	Cerebelum_6_L	Cerebelum_6_R	Cerebelum_7b_L	Cerebelum_7b_R	Cerebelum_8_L	Cerebelum_8_R	Cerebelum_9_L	Cerebelum_9_R	Cerebelum_10_L	Cerebelum_10_R	Vermis_1_2	Vermis_3	Vermis_4_5	Vermis_6	Vermis_7	Vermis_8	Vermis_9	Vermis_10	
503880	Precentral_L	0	0	30488	718	126	0	14238	198	0	0	14030	0	2952	0	424	0	18908	0	23710	7762	0	0	218	0	0	0	0	0	16746	0	1988	334	2690	1384	2174	852	3778	0	756	0	0	0	740	0	336	0	466	0	746	0	3256	0	2374	0	2050	0	34446	0	0	0	2702	0	1680	0	426	0	934	0	18756	2806	1370	788	954	0	360	0	8598	2156	4686	0	10072	0	140	0	1854	0	0	0	4620	0	0	0	0	0	0	0	0	0	150	0	0	0	0	0	0	0	0	0	0	0	0	0	0	0	0	0	
226012	Precentral_R	0	0	744	4096	0	0	0	10598	0	0	0	12692	0	0	0	0	0	5336	764	5340	0	0	0	0	0	0	0	0	0	6896	0	0	0	892	118	1698	0	6340	0	3450	0	0	0	1292	0	504	0	596	0	666	0	228	0	386	0	5160	0	19108	0	2496	0	3018	0	4058	0	914	0	3156	0	5256	0	0	0	2540	0	0	0	0	0	454	0	550	0	0	0	642	0	0	0	3018	0	0	0	0	0	0	0	0	0	0	0	0	0	0	0	0	0	0	0	0	0	0	0	0	0	0	
1.14838e+06	Frontal_Sup_L	30488	744	0	9450	8792	0	60244	660	1586	0	20926	0	24708	166	9564	560	19184	212	117328	25320	0	0	42954	4996	1130	0	1878	0	41178	808	20996	5636	6846	10022	140	650	8242	204	1940	0	0	0	0	0	0	0	226	0	0	0	0	0	178	0	3562	0	6174	0	0	0	138	0	0	0	0	0	0	0	3820	2386	7482	4206	23616	1054	5240	0	15014	3924	2934	0	10128	0	1024	0	374	0	0	0	4594	0	180	0	144	0	0	0	0	0	242	0	0	0	0	0	0	0	0	0	0	0	0	0	0	0	0	0	
761360	Frontal_Sup_R	718	4096	9450	0	0	5918	716	39400	0	710	860	14622	1006	12094	624	6366	186	11110	14584	60066	192	528	7570	36056	136	1194	250	310	844	23784	4804	22932	708	14788	698	494	1460	6414	722	1586	0	0	0	0	0	0	362	0	0	0	0	0	0	0	234	1256	0	2660	0	0	0	0	0	170	0	0	0	0	0	476	7924	13700	6288	25898	0	1454	934	9842	0	376	120	558	0	312	0	0	0	0	0	120	0	0	0	0	0	0	0	0	0	0	0	0	0	0	0	0	0	0	0	0	0	0	0	0	0	0	
123336	Frontal_Sup_Orb_L	126	0	8792	0	0	0	402	0	8232	0	500	0	1830	0	9950	0	158	0	274	0	378	0	2642	306	2208	0	4332	0	10572	0	4456	172	0	0	0	0	0	0	0	0	0	0	0	0	0	0	0	0	0	0	0	0	0	0	0	0	0	0	0	0	0	0	0	0	0	0	0	0	0	0	370	0	5004	0	0	0	0	0	0	0	0	0	964	0	0	0	0	0	0	0	0	0	0	0	0	0	0	0	0	0	0	0	0	0	0	0	0	0	0	0	0	0	0	0	0	0	
98144	Frontal_Sup_Orb_R	0	0	0	5918	0	0	0	502	0	2480	0	0	0	0	0	2590	0	0	0	254	736	1346	372	4770	0	7334	186	4888	0	852	788	5270	0	0	0	0	0	0	0	0	0	0	0	0	0	0	0	0	0	0	0	0	0	0	0	0	0	0	0	0	0	0	0	0	0	0	0	0	0	0	576	5620	398	4192	0	0	0	0	0	0	0	0	0	0	0	0	0	0	0	0	0	0	0	0	0	0	0	0	0	0	0	0	0	0	0	0	0	0	0	0	0	0	0	0	0	0	
452920	Frontal_Mid_L	14238	0	60244	716	402	0	0	170	1580	0	22034	0	39118	0	7330	0	8974	0	14908	526	0	0	15170	1442	0	0	0	0	17662	154	4738	876	1742	1404	0	0	1064	0	162	0	0	0	0	0	0	0	0	0	0	0	0	0	0	0	390	0	2448	0	0	0	0	0	0	0	0	0	0	0	0	0	362	0	1504	0	0	0	262	0	894	0	5342	0	0	0	0	0	0	0	604	0	0	0	0	0	0	0	0	0	0	0	0	0	0	0	0	0	0	0	0	0	0	0	0	0	0	0	
314496	Frontal_Mid_R	198	10598	660	39400	0	502	170	0	0	908	320	12310	296	21020	124	5498	0	8254	1662	4230	130	466	498	2582	0	0	0	238	0	18234	286	1290	0	1830	140	142	502	1958	268	362	0	0	0	0	0	0	128	0	0	0	0	0	0	0	0	232	0	2548	0	228	0	252	0	360	0	0	0	0	0	0	1068	3386	500	10246	0	0	126	2324	0	340	0	314	0	120	0	0	0	0	0	0	0	0	0	0	0	0	0	0	0	0	0	0	0	0	0	0	0	0	0	0	0	0	0	0	0	0	
62408	Frontal_Mid_Orb_L	0	0	1586	0	8232	0	1580	0	0	0	0	0	696	0	11882	0	0	0	0	0	170	0	166	0	0	0	590	0	3768	0	224	0	0	0	0	0	0	0	0	0	0	0	0	0	0	0	0	0	0	0	0	0	0	0	0	0	0	0	0	0	0	0	0	0	0	0	0	0	0	0	0	0	1516	0	0	0	0	0	0	0	0	0	794	0	0	0	0	0	0	0	0	0	0	0	0	0	0	0	0	0	0	0	0	0	0	0	0	0	0	0	0	0	0	0	0	0	
15768	Frontal_Mid_Orb_R	0	0	0	710	0	2480	0	908	0	0	0	0	0	0	0	3150	0	0	0	0	0	0	0	0	0	0	0	0	0	0	0	0	0	0	0	0	0	0	0	0	0	0	0	0	0	0	0	0	0	0	0	0	0	0	0	0	0	0	0	0	0	0	0	0	0	0	0	0	0	0	0	242	0	394	0	0	0	0	0	0	0	0	0	0	0	0	0	0	0	0	0	0	0	0	0	0	0	0	0	0	0	0	0	0	0	0	0	0	0	0	0	0	0	0	0	0	
347492	Frontal_Inf_Oper_L	14030	0	20926	860	500	0	22034	320	0	0	0	0	29826	0	1636	0	13862	0	12318	970	0	0	4534	378	156	0	424	0	17058	188	9176	1002	740	396	0	0	156	0	0	0	0	0	0	0	0	0	0	0	0	0	0	0	0	0	174	0	5002	0	0	0	0	0	0	0	0	0	0	0	0	0	2602	164	2778	0	0	0	514	0	1582	0	6488	0	2222	0	372	0	0	0	358	0	0	0	0	0	0	0	0	0	0	0	0	0	0	0	0	0	0	0	0	0	0	0	0	0	0	0	
214824	Frontal_Inf_Oper_R	0	12692	0	14622	0	0	0	12310	0	0	0	0	0	15398	0	148	0	8502	1286	6180	0	0	0	2694	0	0	0	0	0	15196	184	470	0	2548	0	142	0	1346	0	554	0	0	0	0	0	0	0	0	0	0	0	0	0	0	0	1376	0	3958	0	732	0	800	0	850	0	0	0	164	0	0	200	416	0	3164	0	0	0	0	0	248	0	406	0	414	0	0	0	0	0	412	0	0	0	0	0	0	0	0	0	0	0	0	0	0	0	0	0	0	0	0	0	0	0	0	0	0	
374308	Frontal_Inf_Tri_L	2952	0	24708	1006	1830	0	39118	296	696	0	29826	0	0	0	23070	0	1712	0	9450	1244	0	0	7018	642	248	0	438	0	23198	198	9724	1342	584	798	0	0	0	0	0	0	0	0	0	0	0	0	0	0	0	0	0	0	0	0	0	0	218	0	0	0	0	0	0	0	0	0	0	0	0	0	2126	202	1968	158	0	0	0	0	174	0	1092	0	1118	0	0	0	0	0	0	0	0	0	0	0	0	0	0	0	0	0	0	0	0	0	0	0	0	0	0	0	0	0	0	0	0	0	
166904	Frontal_Inf_Tri_R	0	0	166	12094	0	0	0	21020	0	0	0	15398	0	0	0	3148	0	296	1872	4476	0	0	516	4920	0	0	0	0	0	10842	474	2140	0	3396	0	0	0	0	0	0	0	0	0	0	0	0	0	0	0	0	0	0	0	0	0	0	0	0	0	0	0	0	0	0	0	0	0	0	0	0	338	598	0	1758	0	0	0	0	0	0	0	0	0	0	0	0	0	0	0	0	0	0	0	0	0	0	0	0	0	0	0	0	0	0	0	0	0	0	0	0	0	0	0	0	0	0	
216148	Frontal_Inf_Orb_L	424	0	9564	624	9950	0	7330	124	11882	0	1636	0	23070	0	0	0	272	0	1946	838	828	0	1982	368	118	0	278	0	22012	0	3138	722	238	614	0	0	0	0	0	0	140	0	0	0	0	0	0	0	0	0	0	0	0	0	0	0	0	0	0	0	0	0	0	0	0	0	0	0	0	0	1552	190	4396	140	0	0	0	0	0	0	0	0	3698	0	0	0	0	0	0	0	0	0	0	0	0	0	0	0	0	0	0	0	0	0	0	0	0	0	0	0	0	0	0	0	0	0	
116760	Frontal_Inf_Orb_R	0	0	560	6366	0	2590	0	5498	0	3150	0	148	0	3148	0	0	0	0	746	1982	1270	2336	558	708	0	0	0	1910	0	9700	412	1770	156	1522	0	0	0	0	0	0	0	0	0	0	0	0	0	0	0	0	0	0	0	0	0	0	0	0	0	0	0	0	0	0	0	0	0	0	0	0	2828	5426	986	4610	0	0	0	0	0	0	0	0	0	0	0	0	0	0	0	0	0	0	0	0	0	0	0	0	0	0	0	0	0	0	0	0	0	0	0	0	0	0	0	0	0	0	
374552	Rolandic_Oper_L	18908	0	19184	186	158	0	8974	0	0	0	13862	0	1712	0	272	0	0	0	8866	774	0	0	316	0	0	0	0	0	35276	0	1006	0	420	226	0	0	2216	0	366	0	0	0	262	0	148	0	244	0	0	0	462	0	498	0	2828	0	16554	0	172	0	620	0	2108	0	326	0	368	0	1284	0	520	186	1828	0	0	0	300	266	9358	0	24170	0	2220	0	3246	0	0	0	6102	0	150	0	120	0	0	0	0	0	214	0	0	0	0	0	0	0	0	0	0	0	0	0	0	0	0	0	
141796	Rolandic_Oper_R	0	5336	212	11110	0	0	0	8254	0	0	0	8502	0	296	0	0	0	0	342	2416	0	0	0	138	0	0	0	0	0	17098	0	0	0	0	0	0	0	598	0	214	0	0	0	0	0	0	0	0	0	0	0	0	0	0	0	330	0	2996	0	0	0	476	0	2372	0	970	0	414	0	212	176	402	142	2030	0	0	0	0	0	1696	0	3214	0	662	0	128	0	0	0	162	0	0	0	0	0	0	0	0	0	0	0	0	0	0	0	0	0	0	0	0	0	0	0	0	0	0	
896416	Supp_Motor_Area_L	23710	764	117328	14584	274	0	14908	1662	0	0	12318	1286	9450	1872	1946	746	8866	342	0	44788	0	0	5484	8626	0	0	342	0	18238	1954	11206	7360	15416	20376	2182	1064	4824	210	754	0	0	0	278	0	168	0	346	0	164	0	426	0	814	0	1360	0	4240	0	0	0	196	0	0	0	0	0	550	212	16270	4062	8304	4380	20496	1390	5208	0	12782	3690	2048	0	4090	0	584	0	558	0	0	0	2712	0	0	0	0	0	0	0	0	0	0	0	0	0	0	0	0	0	0	0	0	0	0	0	0	0	0	0	
757556	Supp_Motor_Area_R	7762	5340	25320	60066	0	254	526	4230	0	0	970	6180	1244	4476	838	1982	774	2416	44788	0	0	0	1082	15432	162	0	310	0	1540	7650	4440	8646	4328	38824	1384	6876	1060	5276	220	1712	0	0	0	348	0	0	0	374	0	0	0	0	170	292	148	2362	264	1264	0	0	0	226	0	238	0	454	556	2270	5150	24928	10220	17218	6774	12898	320	930	4660	18184	156	0	232	322	0	0	0	452	0	0	208	1052	0	0	0	0	0	0	0	0	0	0	0	0	0	0	0	0	0	0	0	0	0	0	0	0	0	0	
74960	Olfactory_L	0	0	0	192	378	736	0	130	170	0	0	0	0	0	828	1270	0	0	0	0	0	6368	0	0	0	366	1656	3320	1928	1610	1962	1658	0	0	0	0	0	0	166	0	502	0	0	0	0	0	0	0	0	0	0	0	0	0	0	0	0	0	0	0	0	0	0	0	0	0	0	0	0	0	5366	2382	3782	1200	0	0	0	0	0	0	0	0	1510	0	0	0	0	0	0	0	0	0	0	0	0	0	0	0	0	0	0	0	0	0	0	0	0	0	0	0	0	0	0	0	0	0	
97648	Olfactory_R	0	0	0	528	0	1346	0	466	0	0	0	0	0	0	0	2336	0	0	0	0	6368	0	0	0	0	510	1188	4662	0	3966	2236	2096	0	0	0	0	0	232	0	176	0	794	0	0	0	0	0	0	0	0	0	0	0	0	0	164	0	0	0	0	0	0	0	0	0	0	0	0	0	0	7912	5680	5668	2348	0	0	0	0	0	0	0	0	0	148	0	0	0	0	0	0	0	0	0	0	0	0	0	0	0	0	0	0	0	0	0	0	0	0	0	0	0	0	0	0	0	0	
336992	Frontal_Sup_Medial_L	218	0	42954	7570	2642	372	15170	498	166	0	4534	0	7018	516	1982	558	316	0	5484	1082	0	0	0	18970	1052	602	348	0	5034	1170	19858	12140	5250	11254	0	0	0	0	0	0	0	0	0	0	0	0	0	0	0	0	0	0	0	0	0	0	0	0	0	0	0	0	0	0	0	0	0	0	0	0	678	0	610	0	0	0	0	0	0	0	236	0	214	0	0	0	0	0	0	0	0	0	0	0	0	0	0	0	0	0	0	0	0	0	0	0	0	0	0	0	0	0	0	0	0	0	
363148	Frontal_Sup_Medial_R	0	0	4996	36056	306	4770	1442	2582	0	0	378	2694	642	4920	368	708	0	138	8626	15432	0	0	18970	0	324	5892	164	0	548	4448	6930	29344	1722	20230	0	0	0	0	0	0	0	0	0	0	0	0	0	0	0	0	0	0	0	0	0	0	0	0	0	0	0	0	0	0	0	0	0	0	0	0	594	4478	266	3606	0	0	0	0	0	0	0	0	0	0	0	0	0	0	0	0	0	0	0	0	0	0	0	0	0	0	0	0	0	0	0	0	0	0	0	0	0	0	0	0	0	0	
25224	Frontal_Med_Orb_L	0	0	1130	136	2208	0	0	0	0	0	156	0	248	0	118	0	0	0	0	162	0	0	1052	324	0	336	2448	0	812	0	2402	350	0	0	0	0	0	0	0	0	0	0	0	0	0	0	0	0	0	0	0	0	0	0	0	0	0	0	0	0	0	0	0	0	0	0	0	0	0	0	308	0	422	0	0	0	0	0	0	0	0	0	0	0	0	0	0	0	0	0	0	0	0	0	0	0	0	0	0	0	0	0	0	0	0	0	0	0	0	0	0	0	0	0	0	0	
68120	Frontal_Med_Orb_R	0	0	0	1194	0	7334	0	0	0	0	0	0	0	0	0	0	0	0	0	0	366	510	602	5892	336	0	244	3782	0	0	1514	6484	0	0	0	0	0	0	0	0	0	0	0	0	0	0	0	0	0	0	0	0	0	0	0	0	0	0	0	0	0	0	0	0	0	0	0	0	0	0	408	3516	302	1576	0	0	0	0	0	0	0	0	0	0	0	0	0	0	0	0	0	0	0	0	0	0	0	0	0	0	0	0	0	0	0	0	0	0	0	0	0	0	0	0	0	0	
54856	Rectus_L	0	0	1878	250	4332	186	0	0	590	0	424	0	438	0	278	0	0	0	342	310	1656	1188	348	164	2448	244	0	568	2154	0	3982	1230	0	206	0	0	0	0	0	0	0	0	0	0	0	0	0	0	0	0	0	0	0	0	0	0	0	0	0	0	0	0	0	0	0	0	0	0	0	0	2074	232	1906	0	0	0	0	0	0	0	0	0	0	0	0	0	0	0	0	0	0	0	0	0	0	0	0	0	0	0	0	0	0	0	0	0	0	0	0	0	0	0	0	0	0	0	
58724	Rectus_R	0	0	0	310	0	4888	0	238	0	0	0	0	0	0	0	1910	0	0	0	0	3320	4662	0	0	0	3782	568	0	0	2206	626	1790	0	0	0	0	0	0	0	0	0	0	0	0	0	0	0	0	0	0	0	0	0	0	0	0	0	0	0	0	0	0	0	0	0	0	0	0	0	0	1644	1308	1060	1050	0	0	0	0	0	0	0	0	0	0	0	0	0	0	0	0	0	0	0	0	0	0	0	0	0	0	0	0	0	0	0	0	0	0	0	0	0	0	0	0	0	0	
682652	Insula_L	16746	0	41178	844	10572	0	17662	0	3768	0	17058	0	23198	0	22012	0	35276	0	18238	1540	1928	0	5034	548	812	0	2154	0	0	132	9464	1008	156	894	302	264	9012	0	880	0	1178	0	268	0	158	0	256	0	0	0	0	0	540	0	7308	0	7772	0	0	0	292	0	230	0	174	0	270	0	554	0	2542	242	21420	0	0	0	1710	258	10844	0	20766	0	9034	0	2276	0	0	0	11632	0	296	0	242	0	0	0	0	0	384	0	0	0	0	0	0	0	0	0	0	0	0	0	0	0	0	0	
373900	Insula_R	0	6896	808	23784	0	852	154	18234	0	0	188	15196	198	10842	0	9700	0	17098	1954	7650	1610	3966	1170	4448	0	0	0	2206	132	0	1216	4426	234	3674	0	304	0	5462	0	2240	0	978	0	186	0	0	0	230	0	0	0	0	0	0	0	2618	0	1442	0	0	0	0	0	312	0	0	0	270	0	276	520	2228	380	24094	0	0	0	806	0	1718	0	3684	0	564	0	658	0	0	0	1344	0	0	0	0	0	0	0	0	0	0	0	0	0	0	0	0	0	0	0	0	0	0	0	0	0	0	
371096	Cingulum_Ant_L	1988	0	20996	4804	4456	788	4738	286	224	0	9176	184	9724	474	3138	412	1006	0	11206	4440	1962	2236	19858	6930	2402	1514	3982	626	9464	1216	0	19980	7590	6768	0	0	0	0	0	0	0	0	0	0	0	0	0	0	0	0	0	0	0	0	0	0	566	0	0	0	0	0	0	0	0	0	0	0	0	0	8776	2268	8836	1198	0	0	258	0	196	0	484	0	398	0	0	0	0	0	0	0	0	0	0	0	0	0	0	0	0	0	0	0	0	0	0	0	0	0	0	0	0	0	0	0	0	0	
372128	Cingulum_Ant_R	334	0	5636	22932	172	5270	876	1290	0	0	1002	470	1342	2140	722	1770	0	0	7360	8646	1658	2096	12140	29344	350	6484	1230	1790	1008	4426	19980	0	4524	21240	0	0	0	0	0	0	0	0	0	0	0	0	0	0	0	0	0	0	0	0	0	0	0	0	0	0	0	0	0	0	0	0	0	0	0	0	5110	7588	1834	5300	0	0	0	0	0	0	0	0	0	0	0	0	0	0	0	0	0	0	0	0	0	0	0	0	0	0	0	0	0	0	0	0	0	0	0	0	0	0	0	0	0	0	
197824	Cingulum_Mid_L	2690	0	6846	708	0	0	1742	0	0	0	740	0	584	0	238	156	420	0	15416	4328	0	0	5250	1722	0	0	0	0	156	234	7590	4524	0	13670	1706	0	0	0	0	0	0	0	970	0	536	0	332	0	536	0	2282	0	744	0	118	0	560	0	650	0	200	0	334	0	180	0	6506	526	9922	632	200	0	0	0	0	0	0	0	0	0	2292	0	0	0	362	0	0	0	2310	0	0	0	0	0	0	0	0	0	0	0	0	0	0	0	0	0	0	0	0	0	0	0	0	0	0	0	
460260	Cingulum_Mid_R	1384	892	10022	14788	0	0	1404	1830	0	0	396	2548	798	3396	614	1522	226	0	20376	38824	0	0	11254	20230	0	0	206	0	894	3674	6768	21240	13670	0	812	7528	0	1154	0	230	0	0	0	3052	188	2336	0	922	0	1452	0	352	0	324	0	534	0	3006	0	0	0	0	0	0	0	176	1528	8708	1508	10946	4186	1148	1128	382	0	0	536	182	0	0	138	0	0	0	0	164	0	0	0	346	0	0	0	0	0	0	0	0	0	0	0	0	0	0	0	0	0	0	0	0	208	0	0	0	0	0	
109880	Cingulum_Post_L	2174	118	140	698	0	0	0	140	0	0	0	0	0	0	0	0	0	0	2182	1384	0	0	0	0	0	0	0	0	302	0	0	0	1706	812	0	6638	5776	2516	3002	132	0	0	2438	0	950	0	3340	486	0	0	160	0	540	0	2836	0	300	0	0	0	0	0	0	0	0	0	4390	1698	3076	580	0	0	0	0	0	0	2068	3132	406	0	328	0	0	0	0	0	0	0	492	0	0	0	0	0	0	0	0	0	0	0	0	0	0	0	0	0	0	0	0	0	0	0	0	0	0	0	
190936	Cingulum_Post_R	852	1698	650	494	0	0	0	142	0	0	0	142	0	0	0	0	0	0	1064	6876	0	0	0	0	0	0	0	0	264	304	0	0	0	7528	6638	0	3836	10570	2286	2216	0	0	0	4886	170	1498	1720	3494	0	820	0	308	0	310	1160	3088	0	1656	0	0	0	0	0	0	0	0	1110	15792	1062	5966	0	0	0	0	0	0	1554	2388	334	0	122	0	0	0	0	178	0	0	186	1506	0	0	0	0	0	0	0	0	0	0	0	0	0	0	0	0	0	0	0	0	600	0	0	0	0	0	
247284	Hippocampus_L	3778	0	8242	1460	0	0	1064	502	0	0	156	0	0	0	0	0	2216	0	4824	1060	0	0	0	0	0	0	0	0	9012	0	0	0	0	0	5776	3836	0	2794	15298	252	3600	0	1136	0	0	0	6164	1280	0	0	0	0	0	0	11834	0	1374	0	0	0	0	0	0	0	0	0	3514	1382	1676	510	180	0	8072	266	672	0	5260	3984	2012	0	1946	0	734	0	120	0	0	0	7040	0	138	0	0	0	0	0	0	0	230	0	0	0	0	0	0	0	0	0	0	248	0	0	0	0	0	0	
374764	Hippocampus_R	0	6340	204	6414	0	0	0	1958	0	0	0	1346	0	0	0	0	0	598	210	5276	0	232	0	0	0	0	0	0	0	5462	0	0	0	1154	2516	10570	2794	0	2250	29750	0	7916	0	4618	0	828	1656	6174	0	142	0	130	0	564	952	33970	0	740	0	0	0	176	0	424	0	282	394	12538	0	2620	0	426	0	10044	0	252	784	3598	0	764	0	3196	0	240	0	1914	0	0	0	13202	0	0	0	0	0	0	178	680	0	156	0	0	0	0	0	0	0	0	0	0	750	0	0	0	0	0	
122476	ParaHippocampal_L	756	0	1940	722	0	0	162	268	0	0	0	0	0	0	0	0	366	0	754	220	166	0	0	0	0	0	0	0	880	0	0	0	0	0	3002	2286	15298	2250	0	202	1634	0	126	0	0	0	5200	710	0	0	0	0	0	0	8412	0	0	0	0	0	0	0	0	0	0	0	1204	1068	328	0	0	0	1476	168	0	0	2538	2114	0	0	196	0	242	0	0	0	0	0	414	0	1534	0	308	0	406	0	1954	0	1710	0	0	0	0	0	0	0	0	0	0	224	0	0	0	0	0	0	
212152	ParaHippocampal_R	0	3450	0	1586	0	0	0	362	0	0	0	554	0	0	0	0	0	214	0	1712	0	176	0	0	0	0	0	0	0	2240	0	0	0	230	132	2216	252	29750	202	0	0	5934	0	1206	0	202	150	3782	0	0	0	0	0	324	0	25374	0	210	0	0	0	0	0	210	0	152	0	3152	0	994	0	268	0	3994	0	228	0	808	0	290	0	1706	0	650	0	928	0	168	0	7638	0	772	0	120	0	132	0	2176	0	1012	0	0	0	0	0	0	0	0	0	0	420	0	0	0	0	0	
20092	Amygdala_L	0	0	0	0	0	0	0	0	0	0	0	0	0	0	140	0	0	0	0	0	502	0	0	0	0	0	0	0	1178	0	0	0	0	0	0	0	3600	0	1634	0	0	0	0	0	0	0	0	0	0	0	0	0	0	0	1662	0	0	0	0	0	0	0	0	0	0	0	0	0	0	0	0	0	458	0	0	0	0	0	0	0	0	0	556	0	0	0	0	0	316	0	0	0	0	0	0	0	0	0	0	0	0	0	0	0	0	0	0	0	0	0	0	0	0	0	0	0	
50320	Amygdala_R	0	0	0	0	0	0	0	0	0	0	0	0	0	0	0	0	0	0	0	0	0	794	0	0	0	0	0	0	0	978	0	0	0	0	0	0	0	7916	0	5934	0	0	0	0	0	0	0	0	0	0	0	0	0	0	0	7582	0	0	0	0	0	0	0	0	0	0	0	0	0	0	0	0	0	376	0	0	0	0	0	0	0	0	0	1218	0	0	0	0	0	362	0	0	0	0	0	0	0	0	0	0	0	0	0	0	0	0	0	0	0	0	0	0	0	0	0	0	
245508	Calcarine_L	740	0	0	0	0	0	0	0	0	0	0	0	0	0	0	0	262	0	278	0	0	0	0	0	0	0	0	0	268	0	0	0	970	0	2438	0	1136	0	126	0	0	0	0	8008	17576	4890	18570	3402	12484	2768	16078	210	7670	170	1444	160	196	0	408	0	0	0	0	0	0	0	17178	644	922	0	0	0	0	0	0	0	0	0	394	0	200	0	0	0	622	0	0	0	2542	0	0	0	0	0	0	0	0	0	0	0	0	0	0	0	0	0	0	0	0	0	0	0	0	0	0	0	
451708	Calcarine_R	0	1292	0	0	0	0	0	0	0	0	0	0	0	0	0	0	0	0	0	348	0	0	0	0	0	0	0	0	0	186	0	0	0	3052	0	4886	0	4618	0	1206	0	0	8008	0	3582	42000	1260	28844	124	34020	0	17350	0	8822	0	12344	0	2004	0	5988	0	266	0	216	0	716	1028	28270	0	2258	0	0	0	0	0	0	0	0	0	0	0	0	0	0	0	3870	0	0	0	7274	0	0	0	0	0	0	0	214	0	1206	0	0	0	0	0	0	0	0	0	0	602	0	0	0	0	0	
187828	Cuneus_L	336	0	0	0	0	0	0	0	0	0	0	0	0	0	0	0	148	0	168	0	0	0	0	0	0	0	0	0	158	0	0	0	536	188	950	170	0	0	0	0	0	0	17576	3582	0	6862	4338	464	18364	1710	8738	300	1964	0	332	0	122	0	3648	154	908	0	0	0	0	0	17112	3074	390	0	0	0	0	0	0	0	0	0	192	0	0	0	0	0	268	0	0	0	1162	0	0	0	0	0	0	0	0	0	0	0	0	0	0	0	0	0	0	0	0	0	0	0	0	0	0	0	
367552	Cuneus_R	0	504	0	0	0	0	0	0	0	0	0	0	0	0	0	0	0	0	0	0	0	0	0	0	0	0	0	0	0	0	0	0	0	2336	0	1498	0	828	0	202	0	0	4890	42000	6862	0	134	15866	198	40270	0	16196	0	3264	0	9702	0	632	0	7938	0	0	0	0	0	0	2764	21930	0	534	0	0	0	0	0	0	0	0	0	0	0	0	0	0	0	1532	0	0	0	2318	0	0	0	0	0	0	0	0	0	1150	0	0	0	0	0	0	0	0	0	0	228	0	0	0	0	0	
359096	Lingual_L	466	0	226	362	0	0	0	128	0	0	0	0	0	0	0	0	244	0	346	0	0	0	0	0	0	0	0	0	256	0	0	0	332	0	3340	1720	6164	1656	5200	150	0	0	18570	1260	4338	134	0	3348	2988	0	16322	0	10728	0	15396	1006	166	0	0	0	0	0	0	0	0	0	11280	916	480	0	0	0	0	0	0	0	1036	1314	354	0	142	0	0	0	462	0	0	0	1770	0	12388	4158	1404	1408	0	0	11594	908	18544	4662	148	0	138	0	0	0	0	0	0	186	4300	5454	1538	0	0	118	
403832	Lingual_R	0	596	0	0	0	0	0	0	0	0	0	0	0	0	0	0	0	0	0	374	0	0	0	0	0	0	0	0	0	230	0	0	0	922	486	3494	1280	6174	710	3782	0	0	3402	28844	464	15866	3348	0	0	15946	0	8496	0	5648	184	28582	0	460	0	4002	0	0	0	0	0	0	734	14982	0	980	0	0	0	0	0	0	0	340	0	0	0	0	0	0	0	274	0	0	0	2518	2524	6274	1756	528	0	572	2212	6250	3784	10804	150	0	0	236	0	0	0	0	0	220	6408	6190	890	0	0	0	
225632	Occipital_Sup_L	746	0	0	0	0	0	0	0	0	0	0	0	0	0	0	0	0	0	164	0	0	0	0	0	0	0	0	0	0	0	0	0	536	0	0	0	0	0	0	0	0	0	12484	124	18364	198	2988	0	0	0	38484	0	5916	0	138	0	0	0	11114	0	2732	0	0	0	2292	0	12222	284	830	0	0	0	0	0	0	0	0	0	0	0	172	0	0	0	2560	0	0	0	468	0	0	0	0	0	0	0	0	0	0	0	0	0	0	0	0	0	0	0	0	0	0	0	0	0	0	0	
402276	Occipital_Sup_R	0	666	0	0	0	0	0	0	0	0	0	0	0	0	0	0	0	0	0	0	0	0	0	0	0	0	0	0	0	0	0	0	0	1452	0	820	0	142	0	0	0	0	2768	34020	1710	40270	0	15946	0	0	0	34378	0	4116	0	11308	0	2700	0	14548	0	4290	0	282	0	8058	960	14834	0	432	0	0	0	0	0	0	0	0	0	0	0	0	0	0	0	3612	0	0	0	2654	0	0	0	0	0	0	0	0	0	1172	0	0	0	0	0	0	0	0	0	0	0	0	0	0	0	0	
439312	Occipital_Mid_L	3256	0	0	0	0	0	0	0	0	0	0	0	0	0	0	0	462	0	426	0	0	0	0	0	0	0	0	0	0	0	0	0	2282	0	160	0	0	0	0	0	0	0	16078	0	8738	0	16322	0	38484	0	0	0	37368	0	4188	0	5654	0	15100	0	12996	0	2244	0	17850	0	12714	0	2350	0	0	0	0	0	0	0	0	0	0	0	2908	0	0	0	14372	0	0	0	5536	0	0	0	0	0	0	0	0	0	168	0	0	0	0	0	0	0	0	0	0	0	0	0	0	0	0	0	
310596	Occipital_Mid_R	0	228	0	0	0	0	0	0	0	0	0	0	0	0	0	0	0	0	0	0	0	0	0	0	0	0	0	0	0	0	0	0	0	352	0	308	0	130	0	0	0	0	210	17350	300	16196	0	8496	0	34378	0	0	0	7654	0	7456	0	1128	0	9506	0	6780	0	0	0	19098	0	4272	0	268	0	0	0	0	0	0	0	0	0	0	0	0	0	0	0	13756	0	0	0	6814	0	0	0	0	0	0	0	0	0	618	0	0	0	0	0	0	0	0	0	0	0	0	0	0	0	0	
208112	Occipital_Inf_L	2374	0	178	0	0	0	0	0	0	0	0	0	0	0	0	0	498	0	814	170	0	0	0	0	0	0	0	0	540	0	0	0	744	0	540	0	0	0	0	0	0	0	7670	0	1964	0	10728	0	5916	0	37368	0	0	0	7996	0	784	0	2792	0	474	0	0	0	302	0	5112	0	1822	0	0	0	0	0	0	0	0	0	540	0	208	0	0	0	5250	0	0	0	8820	0	242	0	0	0	0	0	0	0	210	0	0	0	0	0	0	0	0	0	0	0	0	0	0	0	0	0	
137056	Occipital_Inf_R	0	386	0	0	0	0	0	0	0	0	0	0	0	0	0	0	0	0	0	292	0	0	0	0	0	0	0	0	0	0	0	0	0	324	0	310	0	564	0	324	0	0	170	8822	0	3264	0	5648	0	4116	0	7654	0	0	0	9824	0	218	0	250	0	0	0	0	0	2248	0	2070	0	422	0	0	0	0	0	0	0	0	0	0	0	0	0	0	0	3958	0	0	0	15130	0	0	0	0	0	0	460	0	0	888	0	0	0	0	0	0	0	0	0	0	650	536	0	0	0	0	
341000	Fusiform_L	2050	0	3562	234	0	0	390	0	0	0	174	0	0	0	0	0	2828	0	1360	148	0	0	0	0	0	0	0	0	7308	0	0	0	118	0	2836	1160	11834	952	8412	0	1662	0	1444	0	332	0	15396	184	138	0	4188	0	7996	0	0	0	708	0	0	0	0	0	0	0	0	0	1758	294	458	0	0	0	1908	0	0	0	882	846	1826	0	1962	0	2150	0	1622	0	1584	0	14470	0	20468	740	5278	274	166	0	10880	274	23130	696	144	0	0	0	0	0	0	0	0	0	1470	1000	806	0	0	0	
541812	Fusiform_R	0	5160	0	1256	0	0	0	232	0	0	0	1376	0	0	0	0	0	330	0	2362	0	164	0	0	0	0	0	0	0	2618	0	0	0	534	0	3088	0	33970	0	25374	0	7582	160	12344	0	9702	1006	28582	0	11308	0	7456	0	9824	0	0	0	336	0	3760	0	0	0	200	0	442	154	8886	0	1548	0	238	0	6002	0	212	0	404	0	0	0	1516	0	2974	0	2854	0	1132	0	22734	1492	12788	1224	546	0	626	1354	7498	1790	17368	120	0	0	170	0	136	0	0	0	316	3082	3690	616	134	136	0	
314888	Postcentral_L	34446	0	6174	0	0	0	2448	0	0	0	5002	0	218	0	0	0	16554	0	4240	264	0	0	0	0	0	0	0	0	7772	0	566	0	560	0	300	0	1374	0	0	0	0	0	196	0	122	0	166	0	0	0	5654	0	784	0	708	0	0	0	7926	0	22038	0	14214	0	2690	0	2290	0	1798	0	140	0	548	0	238	0	450	0	4470	0	10282	0	230	0	1092	0	0	0	1490	0	0	0	0	0	0	0	0	0	0	0	0	0	0	0	0	0	0	0	0	0	0	0	0	0	0	0	
179896	Postcentral_R	0	19108	0	2660	0	0	0	2548	0	0	0	3958	0	0	0	0	0	2996	0	1264	0	0	0	0	0	0	0	0	0	1442	0	0	0	3006	0	1656	0	740	0	210	0	0	0	2004	0	632	0	460	0	2700	0	1128	0	218	0	336	0	0	0	7644	0	8870	0	9484	0	3758	0	5730	0	4652	0	0	0	270	0	0	0	0	0	364	0	1008	0	0	0	900	0	0	0	202	0	0	0	0	0	0	0	0	0	0	0	0	0	0	0	0	0	0	0	0	0	0	0	0	0	0	
141076	Parietal_Sup_L	0	0	0	0	0	0	0	0	0	0	0	0	0	0	0	0	172	0	0	0	0	0	0	0	0	0	0	0	0	0	0	0	650	0	0	0	0	0	0	0	0	0	408	0	3648	0	0	0	11114	0	15100	0	2792	0	0	0	7926	0	0	0	8928	0	1056	0	2478	0	14230	166	342	0	0	0	0	0	0	0	0	0	0	0	936	0	0	0	298	0	0	0	294	0	0	0	0	0	0	0	0	0	0	0	0	0	0	0	0	0	0	0	0	0	0	0	0	0	0	0	
198364	Parietal_Sup_R	0	2496	0	0	0	0	0	228	0	0	0	732	0	0	0	0	0	0	0	0	0	0	0	0	0	0	0	0	0	0	0	0	0	0	0	0	0	0	0	0	0	0	0	5988	154	7938	0	4002	0	14548	0	9506	0	250	0	3760	0	7644	0	0	0	14300	0	8146	0	9468	0	8158	0	284	0	0	0	0	0	0	0	0	0	0	0	314	0	0	0	780	0	0	0	238	0	0	0	0	0	0	0	0	0	248	0	0	0	0	0	0	0	0	0	0	0	0	0	0	0	0	
188852	Parietal_Inf_L	2702	0	138	0	0	0	0	0	0	0	0	0	0	0	0	0	620	0	196	0	0	0	0	0	0	0	0	0	292	0	0	0	200	0	0	0	0	0	0	0	0	0	0	0	908	0	0	0	2732	0	12996	0	474	0	0	0	22038	0	8928	0	0	0	15062	0	16556	0	1496	0	174	0	0	0	0	0	0	0	0	0	134	0	1534	0	0	0	5956	0	0	0	1290	0	0	0	0	0	0	0	0	0	0	0	0	0	0	0	0	0	0	0	0	0	0	0	0	0	0	0	
161484	Parietal_Inf_R	0	3018	0	0	0	0	0	252	0	0	0	800	0	0	0	0	0	476	0	226	0	0	0	0	0	0	0	0	0	0	0	0	0	0	0	0	0	176	0	0	0	0	0	266	0	0	0	0	0	4290	0	6780	0	0	0	0	0	8870	0	14300	0	0	0	16720	0	18846	0	530	0	218	0	0	0	0	0	0	0	0	0	0	0	1558	0	0	0	3148	0	0	0	268	0	0	0	0	0	0	0	0	0	0	0	0	0	0	0	0	0	0	0	0	0	0	0	0	0	0	
119240	SupraMarginal_L	1680	0	0	0	0	0	0	0	0	0	0	0	0	0	0	0	2108	0	0	0	0	0	0	0	0	0	0	0	230	0	0	0	334	0	0	0	0	0	0	0	0	0	0	0	0	0	0	0	0	0	2244	0	0	0	0	0	14214	0	1056	0	15062	0	0	0	6436	0	172	0	0	0	0	0	0	0	0	0	0	0	148	0	6516	0	0	0	8108	0	0	0	1312	0	0	0	0	0	0	0	0	0	0	0	0	0	0	0	0	0	0	0	0	0	0	0	0	0	0	0	
133060	SupraMarginal_R	0	4058	0	170	0	0	0	360	0	0	0	850	0	0	0	0	0	2372	0	238	0	0	0	0	0	0	0	0	0	312	0	0	0	0	0	0	0	424	0	210	0	0	0	216	0	0	0	0	0	282	0	0	0	0	0	200	0	9484	0	8146	0	16720	0	0	0	11292	144	1508	0	418	0	0	0	0	0	0	0	0	0	144	0	4754	0	0	0	3618	0	0	0	610	0	0	0	0	0	0	0	0	0	0	0	0	0	0	0	0	0	0	0	0	0	0	0	0	0	0	
130100	Angular_L	426	0	0	0	0	0	0	0	0	0	0	0	0	0	0	0	326	0	0	0	0	0	0	0	0	0	0	0	174	0	0	0	180	0	0	0	0	0	0	0	0	0	0	0	0	0	0	0	2292	0	17850	0	302	0	0	0	2690	0	2478	0	16556	0	6436	0	0	0	592	0	0	0	0	0	0	0	0	0	0	0	166	0	1528	0	0	0	12226	0	0	0	828	0	0	0	0	0	0	0	0	0	0	0	0	0	0	0	0	0	0	0	0	0	0	0	0	0	0	0	
182852	Angular_R	0	914	0	0	0	0	0	0	0	0	0	0	0	0	0	0	0	970	0	454	0	0	0	0	0	0	0	0	0	0	0	0	0	176	0	0	0	282	0	152	0	0	0	716	0	0	0	0	0	8058	0	19098	0	2248	0	442	0	3758	0	9468	0	18846	0	11292	0	0	134	2184	0	576	0	0	0	0	0	0	0	0	0	0	0	2756	0	0	0	6658	0	0	0	2244	0	0	0	0	0	0	0	0	0	0	0	0	0	0	0	0	0	0	0	0	0	0	0	0	0	0	
289224	Precuneus_L	934	0	0	0	0	0	0	0	0	0	0	0	0	0	0	0	368	0	550	556	0	0	0	0	0	0	0	0	270	0	0	0	6506	1528	4390	1110	3514	394	1204	0	0	0	17178	1028	17112	2764	11280	734	12222	960	12714	0	5112	0	1758	154	2290	0	14230	0	1496	0	172	144	592	134	0	8112	3746	458	0	0	0	0	0	0	0	0	382	0	2586	0	0	0	1522	0	0	0	4408	0	0	0	0	0	0	0	0	0	0	0	0	0	0	0	0	0	0	0	0	0	0	0	0	0	0	0	
388676	Precuneus_R	0	3156	0	0	0	0	0	0	0	0	0	164	0	0	0	0	0	414	212	2270	0	0	0	0	0	0	0	0	0	270	0	0	526	8708	1698	15792	1382	12538	1068	3152	0	0	644	28270	3074	21930	916	14982	284	14834	0	4272	0	2070	294	8886	0	5730	166	8158	0	530	0	1508	0	2184	8112	0	196	7806	0	0	0	0	0	0	302	352	0	0	0	476	0	0	0	1616	0	0	0	3472	0	0	0	0	0	0	0	398	0	216	0	0	0	0	0	0	0	0	0	0	1310	0	0	0	0	0	
181496	Paracentral_Lobule_L	18756	0	3820	0	0	0	0	0	0	0	0	0	0	0	0	0	1284	0	16270	5150	0	0	0	0	0	0	0	0	554	0	0	0	9922	1508	3076	1062	1676	0	328	0	0	0	922	0	390	0	480	0	830	0	2350	0	1822	0	458	0	1798	0	342	0	174	0	0	0	0	0	3746	196	0	2908	0	384	0	0	0	0	2774	1642	908	0	1706	0	0	0	924	0	0	0	2588	0	0	0	0	0	0	0	0	0	0	0	0	0	0	0	0	0	0	0	0	0	0	0	0	0	0	0	
195012	Paracentral_Lobule_R	2806	5256	2386	476	0	0	0	0	0	0	0	0	0	0	0	0	0	212	4062	24928	0	0	0	0	0	0	0	0	0	276	0	0	632	10946	580	5966	510	2620	0	994	0	0	0	2258	0	534	0	980	0	432	0	268	0	422	0	1548	0	4652	0	284	0	218	0	418	0	576	458	7806	2908	0	0	2784	148	0	0	0	1982	4276	0	0	0	224	0	0	0	458	0	0	0	1000	0	0	0	0	0	0	0	0	0	0	0	0	0	0	0	0	0	0	0	0	222	0	0	0	0	0	
286300	Caudate_L	1370	0	7482	7924	370	576	362	1068	0	0	2602	200	2126	338	1552	2828	520	176	8304	10220	5366	7912	678	594	308	408	2074	1644	2542	520	8776	5110	200	4186	0	0	180	0	0	0	0	0	0	0	0	0	0	0	0	0	0	0	0	0	0	0	140	0	0	0	0	0	0	0	0	0	0	0	0	0	0	11436	27816	3308	2310	0	9254	0	0	0	152	0	218	0	0	0	0	0	0	0	0	0	0	0	0	0	0	0	0	0	0	0	0	0	0	0	0	0	0	0	0	0	0	0	0	0	
302292	Caudate_R	788	0	4206	13700	0	5620	0	3386	0	242	164	416	202	598	190	5426	186	402	4380	17218	2382	5680	0	4478	0	3516	232	1308	242	2228	2268	7588	0	1148	0	0	0	426	0	268	0	0	0	0	0	0	0	0	0	0	0	0	0	0	0	238	0	0	0	0	0	0	0	0	0	0	0	0	384	2784	11436	0	7382	21740	304	774	2050	15166	0	0	0	0	0	0	0	0	0	0	0	0	0	0	0	0	0	0	0	0	0	0	0	0	0	0	0	0	0	0	0	0	0	0	0	0	0	0	
392440	Putamen_L	954	0	23616	6288	5004	398	1504	500	1516	0	2778	0	1968	0	4396	986	1828	142	20496	6774	3782	5668	610	266	422	302	1906	1060	21420	380	8836	1834	0	1128	0	0	8072	0	1476	0	458	0	0	0	0	0	0	0	0	0	0	0	0	0	1908	0	548	0	0	0	0	0	0	0	0	0	0	0	0	148	27816	7382	0	2656	5558	0	7646	522	0	0	1392	0	2296	0	0	0	0	0	1580	0	0	0	0	0	0	0	0	0	0	0	0	0	0	0	0	0	0	0	0	0	0	0	0	0	0	0	
336748	Putamen_R	0	2540	1054	25898	0	4192	0	10246	0	394	0	3164	158	1758	140	4610	0	2030	1390	12898	1200	2348	0	3606	0	1576	0	1050	0	24094	1198	5300	0	382	0	0	266	10044	168	3994	0	376	0	0	0	0	0	0	0	0	0	0	0	0	0	6002	0	270	0	0	0	0	0	0	0	0	0	0	0	0	3308	21740	2656	0	0	1548	0	4334	0	242	0	650	0	0	0	170	0	0	0	1380	0	0	0	0	0	0	0	0	0	0	0	0	0	0	0	0	0	0	0	0	0	0	0	0	0	0	
43688	Pallidum_L	360	0	5240	0	0	0	0	0	0	0	0	0	0	0	0	0	0	0	5208	320	0	0	0	0	0	0	0	0	0	0	0	0	0	0	0	0	672	0	0	0	0	0	0	0	0	0	0	0	0	0	0	0	0	0	0	0	238	0	0	0	0	0	0	0	0	0	0	0	0	0	2310	304	5558	0	0	0	1634	0	0	0	0	0	0	0	0	0	0	0	0	0	0	0	0	0	0	0	0	0	0	0	0	0	0	0	0	0	0	0	0	0	0	0	0	0	0	0	
10796	Pallidum_R	0	0	0	1454	0	0	0	0	0	0	0	0	0	0	0	0	0	0	0	930	0	0	0	0	0	0	0	0	0	0	0	0	0	0	0	0	0	252	0	228	0	0	0	0	0	0	0	0	0	0	0	0	0	0	0	212	0	0	0	0	0	0	0	0	0	0	0	0	0	0	0	774	0	1548	0	0	0	0	0	0	0	0	0	0	0	0	0	0	0	0	0	0	0	0	0	0	0	0	0	0	0	0	0	0	0	0	0	0	0	0	0	0	0	0	0	0	
190812	Thalamus_L	8598	0	15014	934	0	0	262	126	0	0	514	0	0	0	0	0	300	0	12782	4660	0	0	0	0	0	0	0	0	1710	0	258	0	0	536	2068	1554	5260	784	2538	0	0	0	0	0	0	0	1036	0	0	0	0	0	0	0	882	0	450	0	0	0	0	0	0	0	0	0	0	302	2774	1982	9254	2050	7646	0	1634	0	0	8460	202	0	280	0	0	0	0	0	0	0	556	0	0	0	0	0	0	0	0	0	0	0	0	0	0	0	0	0	0	0	0	0	0	0	0	0	0	0	
190996	Thalamus_R	2156	0	3924	9842	0	0	0	2324	0	0	0	0	0	0	0	0	266	0	3690	18184	0	0	0	0	0	0	0	0	258	806	0	0	0	182	3132	2388	3984	3598	2114	808	0	0	0	0	0	0	1314	340	0	0	0	0	0	0	846	404	0	0	0	0	0	0	0	0	0	0	0	352	1642	4276	0	15166	522	4334	0	0	8460	0	186	0	0	0	0	0	0	0	0	0	0	0	0	0	0	0	0	0	0	0	0	0	0	0	0	0	0	0	0	0	0	0	0	0	0	0	0	0	
112828	Heschl_L	4686	0	2934	0	0	0	894	0	0	0	1582	0	174	0	0	0	9358	0	2048	156	0	0	0	0	0	0	0	0	10844	0	196	0	0	0	406	334	2012	0	0	0	0	0	394	0	192	0	354	0	0	0	0	0	540	0	1826	0	4470	0	0	0	134	0	148	0	166	0	382	0	908	0	0	0	0	0	0	0	202	186	0	0	5518	0	234	0	1998	0	0	0	3138	0	0	0	0	0	0	0	0	0	0	0	0	0	0	0	0	0	0	0	0	0	0	0	0	0	0	0	
20164	Heschl_R	0	454	0	376	0	0	0	340	0	0	0	248	0	0	0	0	0	1696	0	0	0	0	0	0	0	0	0	0	0	1718	0	0	0	0	0	0	0	764	0	290	0	0	0	0	0	0	0	0	0	0	0	0	0	0	0	0	0	364	0	0	0	0	0	144	0	0	0	0	0	0	0	0	0	242	0	0	0	0	0	0	0	2784	0	208	0	336	0	0	0	118	0	0	0	0	0	0	0	0	0	0	0	0	0	0	0	0	0	0	0	0	0	0	0	0	0	0	
346220	Temporal_Sup_L	10072	0	10128	120	0	0	5342	0	0	0	6488	0	1092	0	0	0	24170	0	4090	232	0	0	236	0	0	0	0	0	20766	0	484	0	2292	138	328	122	1946	0	196	0	0	0	200	0	0	0	142	0	172	0	2908	0	208	0	1962	0	10282	0	936	0	1534	0	6516	0	1528	0	2586	0	1706	0	152	0	1392	0	0	0	280	0	5518	0	0	0	4736	0	20920	0	0	0	21190	0	0	0	0	0	0	0	0	0	0	0	0	0	0	0	0	0	0	0	0	0	0	0	0	0	0	0	
80380	Temporal_Sup_R	0	550	0	558	0	0	0	314	0	0	0	406	0	0	0	0	0	3214	0	322	0	0	0	0	0	0	0	0	0	3684	0	0	0	0	0	0	0	3196	0	1706	0	0	0	0	0	0	0	0	0	0	0	0	0	0	0	1516	0	1008	0	314	0	1558	0	4754	0	2756	0	476	0	224	0	0	0	650	0	0	0	0	0	2784	0	0	0	1862	0	6626	0	0	0	1712	0	0	0	0	0	0	0	0	0	0	0	0	0	0	0	0	0	0	0	0	0	0	0	0	0	0	
99944	Temporal_Pole_Sup_L	140	0	1024	0	964	0	0	0	794	0	2222	0	1118	0	3698	0	2220	0	584	0	1510	0	214	0	0	0	0	0	9034	0	398	0	0	0	0	0	734	0	242	0	556	0	0	0	0	0	0	0	0	0	0	0	0	0	2150	0	230	0	0	0	0	0	0	0	0	0	0	0	0	0	218	0	2296	0	0	0	0	0	234	0	4736	0	0	0	5596	0	2590	0	6470	0	0	0	0	0	0	0	0	0	0	0	0	0	0	0	0	0	0	0	0	0	0	0	0	0	0	0	
28024	Temporal_Pole_Sup_R	0	0	0	312	0	0	0	120	0	0	0	414	0	0	0	0	0	662	0	0	0	148	0	0	0	0	0	0	0	564	0	0	0	0	0	0	0	240	0	650	0	1218	0	0	0	0	0	0	0	0	0	0	0	0	0	2974	0	0	0	0	0	0	0	0	0	0	0	0	0	0	0	0	0	0	0	0	0	0	0	208	0	1862	0	0	0	780	0	1992	0	1868	0	0	0	0	0	0	0	0	0	0	0	0	0	0	0	0	0	0	0	0	0	0	0	0	0	0	
249524	Temporal_Mid_L	1854	0	374	0	0	0	0	0	0	0	372	0	0	0	0	0	3246	0	558	0	0	0	0	0	0	0	0	0	2276	0	0	0	362	0	0	0	120	0	0	0	0	0	622	0	268	0	462	0	2560	0	14372	0	5250	0	1622	0	1092	0	298	0	5956	0	8108	0	12226	0	1522	0	924	0	0	0	0	0	0	0	0	0	1998	0	20920	0	5596	0	0	0	2724	0	29080	0	0	0	0	0	0	0	0	0	0	0	0	0	0	0	0	0	0	0	0	0	0	0	0	0	0	0	
153448	Temporal_Mid_R	0	642	0	0	0	0	0	0	0	0	0	0	0	0	0	0	0	128	0	452	0	0	0	0	0	0	0	0	0	658	0	0	0	164	0	178	0	1914	0	928	0	0	0	3870	0	1532	0	274	0	3612	0	13756	0	3958	0	2854	0	900	0	780	0	3148	0	3618	0	6658	0	1616	0	458	0	0	0	170	0	0	0	0	0	336	0	6626	0	780	0	0	0	198	0	16516	0	0	0	0	0	0	0	0	0	0	0	0	0	0	0	0	0	0	0	0	0	0	0	0	0	0	
18980	Temporal_Pole_Mid_L	0	0	0	0	0	0	0	0	0	0	0	0	0	0	0	0	0	0	0	0	0	0	0	0	0	0	0	0	0	0	0	0	0	0	0	0	0	0	0	0	0	0	0	0	0	0	0	0	0	0	0	0	0	0	1584	0	0	0	0	0	0	0	0	0	0	0	0	0	0	0	0	0	0	0	0	0	0	0	0	0	0	0	2590	0	2724	0	0	0	2592	0	0	0	0	0	0	0	0	0	0	0	0	0	0	0	0	0	0	0	0	0	0	0	0	0	0	0	
9124	Temporal_Pole_Mid_R	0	0	0	0	0	0	0	0	0	0	0	0	0	0	0	0	0	0	0	0	0	0	0	0	0	0	0	0	0	0	0	0	0	0	0	0	0	0	0	168	0	0	0	0	0	0	0	0	0	0	0	0	0	0	0	1132	0	0	0	0	0	0	0	0	0	0	0	0	0	0	0	0	0	0	0	0	0	0	0	0	0	0	0	1992	0	198	0	0	0	1072	0	0	0	0	0	0	0	0	0	0	0	0	0	0	0	0	0	0	0	0	0	0	0	0	0	0	
315968	Temporal_Inf_L	4620	0	4594	0	0	0	604	0	0	0	358	0	0	0	0	0	6102	0	2712	208	0	0	0	0	0	0	0	0	11632	0	0	0	2310	0	492	186	7040	0	414	0	316	0	2542	0	1162	0	1770	0	468	0	5536	0	8820	0	14470	0	1490	0	294	0	1290	0	1312	0	828	0	4408	0	2588	0	0	0	1580	0	0	0	556	0	3138	0	21190	0	6470	0	29080	0	2592	0	0	0	2942	0	922	0	0	0	0	0	948	0	0	0	0	0	0	0	0	0	0	0	0	0	0	0	0	0	
241528	Temporal_Inf_R	0	3018	0	120	0	0	0	0	0	0	0	412	0	0	0	0	0	162	0	1052	0	0	0	0	0	0	0	0	0	1344	0	0	0	346	0	1506	0	13202	0	7638	0	362	0	7274	0	2318	0	2518	0	2654	0	6814	0	15130	0	22734	0	202	0	238	0	268	0	610	0	2244	0	3472	0	1000	0	0	0	1380	0	0	0	0	0	118	0	1712	0	1868	0	16516	0	1072	0	0	0	916	0	0	0	0	0	0	0	314	0	0	0	0	0	0	0	0	0	0	230	0	0	0	0	0	
579888	Cerebelum_Crus1_L	0	0	180	0	0	0	0	0	0	0	0	0	0	0	0	0	150	0	0	0	0	0	0	0	0	0	0	0	296	0	0	0	0	0	0	0	138	0	1534	0	0	0	0	0	0	0	12388	2524	0	0	0	0	242	0	20468	1492	0	0	0	0	0	0	0	0	0	0	0	0	0	0	0	0	0	0	0	0	0	0	0	0	0	0	0	0	0	0	0	0	2942	0	0	8940	50236	7866	1418	284	34214	1816	67456	9054	9144	1300	8008	3450	992	1984	950	158	452	1310	11076	11546	10274	2522	2496	644	
498604	Cerebelum_Crus1_R	0	0	0	0	0	0	0	0	0	0	0	0	0	0	0	0	0	0	0	0	0	0	0	0	0	0	0	0	0	0	0	0	0	0	0	0	0	0	0	772	0	0	0	0	0	0	4158	6274	0	0	0	0	0	0	740	12788	0	0	0	0	0	0	0	0	0	0	0	0	0	0	0	0	0	0	0	0	0	0	0	0	0	0	0	0	0	0	0	0	0	916	8940	0	6964	37090	210	3358	3816	26224	9868	62254	1148	4680	544	9284	0	1726	0	228	0	1718	15744	16670	9934	1522	1460	272	
480660	Cerebelum_Crus2_L	0	0	144	0	0	0	0	0	0	0	0	0	0	0	0	0	120	0	0	0	0	0	0	0	0	0	0	0	242	0	0	0	0	0	0	0	0	0	308	0	0	0	0	0	0	0	1404	1756	0	0	0	0	0	0	5278	1224	0	0	0	0	0	0	0	0	0	0	0	0	0	0	0	0	0	0	0	0	0	0	0	0	0	0	0	0	0	0	0	0	922	0	50236	6964	0	13164	578	0	6590	340	18912	6682	34518	6658	26682	10054	3580	3654	2224	200	322	590	1590	7704	14846	8214	4226	404	
439124	Cerebelum_Crus2_R	0	0	0	0	0	0	0	0	0	0	0	0	0	0	0	0	0	0	0	0	0	0	0	0	0	0	0	0	0	0	0	0	0	0	0	0	0	0	0	120	0	0	0	0	0	0	1408	528	0	0	0	0	0	0	274	546	0	0	0	0	0	0	0	0	0	0	0	0	0	0	0	0	0	0	0	0	0	0	0	0	0	0	0	0	0	0	0	0	0	0	7866	37090	13164	0	0	382	1084	3926	4258	14380	6408	36970	4060	42162	320	7588	230	738	0	198	3604	7176	14730	6158	4194	0	
49740	Cerebelum_3_L	0	0	0	0	0	0	0	0	0	0	0	0	0	0	0	0	0	0	0	0	0	0	0	0	0	0	0	0	0	0	0	0	0	0	0	0	0	0	406	0	0	0	0	0	0	0	0	0	0	0	0	0	0	0	166	0	0	0	0	0	0	0	0	0	0	0	0	0	0	0	0	0	0	0	0	0	0	0	0	0	0	0	0	0	0	0	0	0	0	0	1418	210	578	0	0	310	8192	364	1640	228	346	0	674	0	750	0	0	0	1806	4170	3442	170	0	0	0	0	
58012	Cerebelum_3_R	0	0	0	0	0	0	0	0	0	0	0	0	0	0	0	0	0	0	0	0	0	0	0	0	0	0	0	0	0	0	0	0	0	0	0	0	0	0	0	132	0	0	0	0	0	0	0	572	0	0	0	0	0	0	0	626	0	0	0	0	0	0	0	0	0	0	0	0	0	0	0	0	0	0	0	0	0	0	0	0	0	0	0	0	0	0	0	0	0	0	284	3358	0	382	310	0	1076	7300	366	5510	0	0	0	124	0	0	0	0	268	3478	4214	240	206	206	226	128	
368068	Cerebelum_4_5_L	0	0	0	0	0	0	0	0	0	0	0	0	0	0	0	0	0	0	0	0	0	0	0	0	0	0	0	0	0	0	0	0	0	0	0	0	0	178	1954	0	0	0	0	0	0	0	11594	2212	0	0	0	0	0	460	10880	1354	0	0	0	0	0	0	0	0	0	0	0	0	0	0	0	0	0	0	0	0	0	0	0	0	0	0	0	0	0	0	0	0	0	0	34214	3816	6590	1084	8192	1076	0	4502	44874	5172	1272	0	2312	182	1364	346	196	0	1514	5048	23942	5426	412	742	1086	2040	
264604	Cerebelum_4_5_R	0	0	0	0	0	0	0	0	0	0	0	0	0	0	0	0	0	0	0	0	0	0	0	0	0	0	0	0	0	0	0	0	0	0	0	0	0	680	0	2176	0	0	0	214	0	0	908	6250	0	0	0	0	0	0	274	7498	0	0	0	0	0	0	0	0	0	0	0	398	0	0	0	0	0	0	0	0	0	0	0	0	0	0	0	0	0	0	0	0	0	0	1816	26224	340	3926	364	7300	4502	0	2652	35298	124	0	258	1116	132	830	0	354	164	3594	20104	1974	522	756	882	672	
535348	Cerebelum_6_L	150	0	242	0	0	0	0	0	0	0	0	0	0	0	0	0	214	0	0	0	0	0	0	0	0	0	0	0	384	0	0	0	0	0	0	0	230	0	1710	0	0	0	0	0	0	0	18544	3784	0	0	168	0	210	0	23130	1790	0	0	0	0	0	0	0	0	0	0	0	0	0	0	0	0	0	0	0	0	0	0	0	0	0	0	0	0	0	0	0	0	948	0	67456	9868	18912	4258	1640	366	44874	2652	0	10796	3440	0	4086	474	1290	674	610	0	366	1584	15452	16776	5214	1614	1850	1918	
503260	Cerebelum_6_R	0	0	0	0	0	0	0	0	0	0	0	0	0	0	0	0	0	0	0	0	0	0	0	0	0	0	0	0	0	0	0	0	0	0	0	0	0	156	0	1012	0	0	0	1206	0	1150	4662	10804	0	1172	0	618	0	888	696	17368	0	0	0	248	0	0	0	0	0	0	0	216	0	0	0	0	0	0	0	0	0	0	0	0	0	0	0	0	0	0	0	0	0	314	9054	62254	6682	14380	228	5510	5172	35298	10796	0	1156	210	566	3054	0	1524	0	612	120	3242	20974	19518	8278	1088	1012	392	
268372	Cerebelum_7b_L	0	0	0	0	0	0	0	0	0	0	0	0	0	0	0	0	0	0	0	0	0	0	0	0	0	0	0	0	0	0	0	0	0	0	0	0	0	0	0	0	0	0	0	0	0	0	148	150	0	0	0	0	0	0	144	120	0	0	0	0	0	0	0	0	0	0	0	0	0	0	0	0	0	0	0	0	0	0	0	0	0	0	0	0	0	0	0	0	0	0	9144	1148	34518	6408	346	0	1272	124	3440	1156	0	5384	33718	8856	5248	1880	2060	0	246	444	632	1344	5646	8070	2344	196	
216496	Cerebelum_7b_R	0	0	0	0	0	0	0	0	0	0	0	0	0	0	0	0	0	0	0	0	0	0	0	0	0	0	0	0	0	0	0	0	0	0	0	0	0	0	0	0	0	0	0	0	0	0	0	0	0	0	0	0	0	0	0	0	0	0	0	0	0	0	0	0	0	0	0	0	0	0	0	0	0	0	0	0	0	0	0	0	0	0	0	0	0	0	0	0	0	0	1300	4680	6658	36970	0	0	0	0	0	210	5384	0	3320	35416	0	6192	0	134	0	0	0	124	5116	2140	604	0	
282612	Cerebelum_8_L	0	0	0	0	0	0	0	0	0	0	0	0	0	0	0	0	0	0	0	0	0	0	0	0	0	0	0	0	0	0	0	0	0	0	0	0	0	0	0	0	0	0	0	0	0	0	138	0	0	0	0	0	0	0	0	0	0	0	0	0	0	0	0	0	0	0	0	0	0	0	0	0	0	0	0	0	0	0	0	0	0	0	0	0	0	0	0	0	0	0	8008	544	26682	4060	674	0	2312	258	4086	566	33718	3320	0	9020	17896	2962	6072	0	442	830	1118	544	3494	10222	3972	368	
346624	Cerebelum_8_R	0	0	0	0	0	0	0	0	0	0	0	0	0	0	0	0	0	0	0	0	0	0	0	0	0	0	0	0	0	0	0	0	0	0	0	0	0	0	0	0	0	0	0	0	0	0	0	236	0	0	0	0	0	0	0	170	0	0	0	0	0	0	0	0	0	0	0	0	0	0	0	0	0	0	0	0	0	0	0	0	0	0	0	0	0	0	0	0	0	0	3450	9284	10054	42162	0	124	182	1116	474	3054	8856	35416	9020	0	292	19064	132	2138	0	224	902	910	8212	11560	6132	148	
97480	Cerebelum_9_L	0	0	0	0	0	0	0	0	0	0	0	0	0	0	0	0	0	0	0	0	0	0	0	0	0	0	0	0	0	0	0	0	0	0	0	0	0	0	0	0	0	0	0	0	0	0	0	0	0	0	0	0	0	0	0	0	0	0	0	0	0	0	0	0	0	0	0	0	0	0	0	0	0	0	0	0	0	0	0	0	0	0	0	0	0	0	0	0	0	0	992	0	3580	320	750	0	1364	132	1290	0	5248	0	17896	292	0	956	7924	0	126	362	1116	1146	544	1672	2088	942	
152000	Cerebelum_9_R	0	0	0	0	0	0	0	0	0	0	0	0	0	0	0	0	0	0	0	0	0	0	0	0	0	0	0	0	0	0	0	0	0	0	0	0	0	0	0	0	0	0	0	0	0	0	0	0	0	0	0	0	0	0	0	136	0	0	0	0	0	0	0	0	0	0	0	0	0	0	0	0	0	0	0	0	0	0	0	0	0	0	0	0	0	0	0	0	0	0	1984	1726	3654	7588	0	0	346	830	674	1524	1880	6192	2962	19064	956	0	352	2110	0	146	1072	1122	4492	7256	8470	1464	
45696	Cerebelum_10_L	0	0	0	0	0	0	0	0	0	0	0	0	0	0	0	0	0	0	0	0	0	0	0	0	0	0	0	0	0	0	0	0	0	0	0	0	0	0	0	0	0	0	0	0	0	0	0	0	0	0	0	0	0	0	0	0	0	0	0	0	0	0	0	0	0	0	0	0	0	0	0	0	0	0	0	0	0	0	0	0	0	0	0	0	0	0	0	0	0	0	950	0	2224	230	0	0	196	0	610	0	2060	0	6072	132	7924	352	0	0	0	0	0	0	444	862	634	158	
15060	Cerebelum_10_R	0	0	0	0	0	0	0	0	0	0	0	0	0	0	0	0	0	0	0	0	0	0	0	0	0	0	0	0	0	0	0	0	0	0	0	0	0	0	0	0	0	0	0	0	0	0	0	0	0	0	0	0	0	0	0	0	0	0	0	0	0	0	0	0	0	0	0	0	0	0	0	0	0	0	0	0	0	0	0	0	0	0	0	0	0	0	0	0	0	0	158	228	200	738	0	0	0	354	0	612	0	134	0	2138	0	2110	0	0	0	0	150	0	196	252	260	0	
26732	Vermis_1_2	0	0	0	0	0	0	0	0	0	0	0	0	0	0	0	0	0	0	0	0	0	0	0	0	0	0	0	0	0	0	0	0	0	0	0	0	0	0	0	0	0	0	0	0	0	0	0	0	0	0	0	0	0	0	0	0	0	0	0	0	0	0	0	0	0	0	0	0	0	0	0	0	0	0	0	0	0	0	0	0	0	0	0	0	0	0	0	0	0	0	452	0	322	0	1806	268	1514	164	366	120	246	0	442	0	126	0	0	0	0	5222	1710	208	144	126	130	0	
84412	Vermis_3	0	0	0	0	0	0	0	0	0	0	0	0	0	0	0	0	0	0	0	0	0	0	0	0	0	0	0	0	0	0	0	0	0	0	0	0	248	0	224	0	0	0	0	0	0	0	186	220	0	0	0	0	0	0	0	316	0	0	0	0	0	0	0	0	0	0	0	0	0	0	0	0	0	0	0	0	0	0	0	0	0	0	0	0	0	0	0	0	0	0	1310	1718	590	198	4170	3478	5048	3594	1584	3242	444	0	830	224	362	146	0	0	5222	0	6742	758	346	322	368	316	
345816	Vermis_4_5	0	0	0	0	0	0	0	0	0	0	0	0	0	0	0	0	0	0	0	0	0	0	0	0	0	0	0	0	0	0	0	0	0	208	0	600	0	750	0	420	0	0	0	602	0	228	4300	6408	0	0	0	0	0	650	1470	3082	0	0	0	0	0	0	0	0	0	0	0	1310	0	222	0	0	0	0	0	0	0	0	0	0	0	0	0	0	0	0	0	0	0	230	11076	15744	1590	3604	3442	4214	23942	20104	15452	20974	632	0	1118	902	1116	1072	0	150	1710	6742	0	9954	828	1976	2560	3526	
279256	Vermis_6	0	0	0	0	0	0	0	0	0	0	0	0	0	0	0	0	0	0	0	0	0	0	0	0	0	0	0	0	0	0	0	0	0	0	0	0	0	0	0	0	0	0	0	0	0	0	5454	6190	0	0	0	0	0	536	1000	3690	0	0	0	0	0	0	0	0	0	0	0	0	0	0	0	0	0	0	0	0	0	0	0	0	0	0	0	0	0	0	0	0	0	0	11546	16670	7704	7176	170	240	5426	1974	16776	19518	1344	124	544	910	1146	1122	0	0	208	758	9954	0	8496	3212	3756	3984	
241876	Vermis_7	0	0	0	0	0	0	0	0	0	0	0	0	0	0	0	0	0	0	0	0	0	0	0	0	0	0	0	0	0	0	0	0	0	0	0	0	0	0	0	0	0	0	0	0	0	0	1538	890	0	0	0	0	0	0	806	616	0	0	0	0	0	0	0	0	0	0	0	0	0	0	0	0	0	0	0	0	0	0	0	0	0	0	0	0	0	0	0	0	0	0	10274	9934	14846	14730	0	206	412	522	5214	8278	5646	5116	3494	8212	544	4492	444	196	144	346	828	8496	0	7404	6082	1228	
