data	data	347220	208444	796744	633508	138148	113316	631652	263856	84420	14528	404700	241984	301780	121308	196992	140708	264768	174616	746596	777076	63520	77048	352328	359632	21324	77548	66420	55632	692644	327396	191204	408804	206820	556052	67648	90124	220592	203088	28060	73612	18080	36228	246664	351164	181552	346152	232156	235740	274492	295028	565696	229828	95248	100476	268504	222888	285572	221576	311116	149216	369320	119784	83392	113872	206688	117540	312488	389808	269080	320184	180052	318740	320520	261316	36508	48304	101036	176840	64556	24692	201012	80032	95152	110088	343508	191092	6936	4920	309536	139820	424536	365896	343456	253708	20888	41844	196036	153724	375656	383360	273360	85468	284464	291740	102944	100160	31516	33396	4876	13132	137380	254576	146032	114864	89732	42500	
data	data	Precentral_L	Precentral_R	Frontal_Sup_L	Frontal_Sup_R	Frontal_Sup_Orb_L	Frontal_Sup_Orb_R	Frontal_Mid_L	Frontal_Mid_R	Frontal_Mid_Orb_L	Frontal_Mid_Orb_R	Frontal_Inf_Oper_L	Frontal_Inf_Oper_R	Frontal_Inf_Tri_L	Frontal_Inf_Tri_R	Frontal_Inf_Orb_L	Frontal_Inf_Orb_R	Rolandic_Oper_L	Rolandic_Oper_R	Supp_Motor_Area_L	Supp_Motor_Area_R	Olfactory_L	Olfactory_R	Frontal_Sup_Medial_L	Frontal_Sup_Medial_R	Frontal_Med_Orb_L	Frontal_Med_Orb_R	Rectus_L	Rectus_R	Insula_L	Insula_R	Cingulum_Ant_L	Cingulum_Ant_R	Cingulum_Mid_L	Cingulum_Mid_R	Cingulum_Post_L	Cingulum_Post_R	Hippocampus_L	Hippocampus_R	ParaHippocampal_L	ParaHippocampal_R	Amygdala_L	Amygdala_R	Calcarine_L	Calcarine_R	Cuneus_L	Cuneus_R	Lingual_L	Lingual_R	Occipital_Sup_L	Occipital_Sup_R	Occipital_Mid_L	Occipital_Mid_R	Occipital_Inf_L	Occipital_Inf_R	Fusiform_L	Fusiform_R	Postcentral_L	Postcentral_R	Parietal_Sup_L	Parietal_Sup_R	Parietal_Inf_L	Parietal_Inf_R	SupraMarginal_L	SupraMarginal_R	Angular_L	Angular_R	Precuneus_L	Precuneus_R	Paracentral_Lobule_L	Paracentral_Lobule_R	Caudate_L	Caudate_R	Putamen_L	Putamen_R	Pallidum_L	Pallidum_R	Thalamus_L	Thalamus_R	Heschl_L	Heschl_R	Temporal_Sup_L	Temporal_Sup_R	Temporal_Pole_Sup_L	Temporal_Pole_Sup_R	Temporal_Mid_L	Temporal_Mid_R	Temporal_Pole_Mid_L	Temporal_Pole_Mid_R	Temporal_Inf_L	Temporal_Inf_R	Cerebelum_Crus1_L	Cerebelum_Crus1_R	Cerebelum_Crus2_L	Cerebelum_Crus2_R	Cerebelum_3_L	Cerebelum_3_R	Cerebelum_4_5_L	Cerebelum_4_5_R	Cerebelum_6_L	Cerebelum_6_R	Cerebelum_7b_L	Cerebelum_7b_R	Cerebelum_8_L	Cerebelum_8_R	Cerebelum_9_L	Cerebelum_9_R	Cerebelum_10_L	Cerebelum_10_R	Vermis_1_2	Vermis_3	Vermis_4_5	Vermis_6	Vermis_7	Vermis_8	Vermis_9	Vermis_10	
347220	Precentral_L	0	0	9574	0	0	0	28740	0	0	0	11542	0	1108	0	0	0	9978	0	5156	1494	0	0	0	0	0	0	0	0	18760	0	0	0	502	1604	298	0	12906	0	84	0	0	0	0	124	0	142	0	0	1106	0	3182	0	656	0	1200	0	18776	388	3194	68	6368	0	478	0	3982	0	398	260	7084	2022	166	424	4166	0	1072	0	4916	472	4386	0	3090	0	0	0	1344	0	0	0	2400	0	0	0	0	0	0	0	0	0	0	0	0	0	0	0	0	0	0	0	0	0	0	0	0	0	0	0	
208444	Precentral_R	0	0	158	11630	0	0	0	10468	0	0	0	2636	0	644	0	0	0	2010	168	9210	0	0	0	0	0	0	0	0	0	2898	0	0	0	942	0	0	150	5494	102	620	0	0	0	322	0	144	0	0	0	174	0	262	0	924	0	924	0	11568	0	168	0	1762	0	2772	0	198	0	520	0	9598	0	2504	0	4908	0	2352	0	14156	0	150	0	956	0	372	0	1450	0	0	0	908	0	0	0	0	0	0	0	0	0	0	0	0	0	0	0	0	0	0	0	0	0	0	0	0	0	0	
796744	Frontal_Sup_L	9574	158	0	4234	12118	126	66852	566	6364	0	22682	634	9328	0	10526	592	13826	678	66086	11766	282	162	39120	6856	1158	0	1508	0	30210	546	11738	6076	6690	4198	0	0	3010	304	0	0	0	0	0	0	0	0	0	0	0	0	0	0	0	0	92	0	1158	124	0	0	86	0	74	0	0	0	0	0	178	330	4776	2202	22310	740	2902	398	988	5300	390	0	4940	0	3050	258	0	0	0	0	108	0	0	0	0	0	0	0	0	0	0	0	0	0	0	0	0	0	0	0	0	0	0	0	0	0	0	0	
633508	Frontal_Sup_R	0	11630	4234	0	0	5802	770	33212	0	98	1742	9640	1148	8388	0	4082	0	6516	12760	50954	0	0	13728	45120	0	3522	0	0	1692	9404	1776	30420	2976	26484	0	0	0	1614	0	210	0	0	0	0	0	0	0	0	0	0	0	0	0	0	0	0	0	818	0	0	0	0	0	0	0	0	0	0	0	380	0	6140	0	7760	0	1732	0	7994	0	0	0	0	0	4008	0	0	0	0	0	0	0	0	0	0	0	0	0	0	0	0	0	0	0	0	0	0	0	0	0	0	0	0	0	0	0	0	
138148	Frontal_Sup_Orb_L	0	0	12118	0	0	0	1648	0	7698	0	0	0	302	0	9090	0	0	0	0	0	2396	868	3378	0	1978	0	7584	0	5694	0	3234	0	0	0	0	0	0	0	0	0	90	0	0	0	0	0	0	0	0	0	0	0	0	0	0	0	0	0	0	0	0	0	0	0	0	0	0	0	0	0	2944	228	9732	0	0	0	0	0	0	0	0	0	92	0	0	0	0	0	0	0	0	0	0	0	0	0	0	0	0	0	0	0	0	0	0	0	0	0	0	0	0	0	0	0	0	0	
113316	Frontal_Sup_Orb_R	0	0	126	5802	0	0	0	1288	0	3270	0	0	0	140	0	2612	0	0	124	998	172	2960	180	6046	0	8872	156	10538	0	900	1010	3802	0	0	0	0	0	0	0	0	0	0	0	0	0	0	0	0	0	0	0	0	0	0	0	0	0	0	0	0	0	0	0	0	0	0	0	0	0	0	0	2506	0	5062	0	94	0	0	0	0	0	0	0	0	0	0	0	0	0	0	0	0	0	0	0	0	0	0	0	0	0	0	0	0	0	0	0	0	0	0	0	0	0	0	0	0	
631652	Frontal_Mid_L	28740	0	66852	770	1648	0	0	0	4790	0	26506	0	31306	0	13050	0	15400	0	16668	152	168	0	16876	1554	0	0	0	0	38348	74	2278	1276	8618	1410	0	0	5438	0	0	0	0	0	0	0	0	0	0	0	482	0	924	0	0	0	332	0	4382	0	1236	0	1792	0	78	0	1612	0	0	0	474	0	978	114	9880	0	106	0	406	94	3456	0	5006	0	1776	0	212	0	0	0	564	0	0	0	0	0	0	0	0	0	0	0	0	0	0	0	0	0	0	0	0	0	0	0	0	0	0	0	
263856	Frontal_Mid_R	0	10468	566	33212	0	1288	0	0	0	374	236	13254	208	13744	0	3320	0	4982	1800	7736	0	120	310	6126	0	1044	0	0	260	6982	0	784	292	3410	0	0	124	2038	86	246	0	0	0	0	0	0	0	0	0	0	0	0	0	0	0	0	0	1058	0	0	0	86	0	100	0	0	0	0	0	86	0	3688	0	8878	0	2090	0	766	0	0	0	0	0	2166	0	0	0	0	0	0	0	0	0	0	0	0	0	0	0	0	0	0	0	0	0	0	0	0	0	0	0	0	0	0	0	0	
84420	Frontal_Mid_Orb_L	0	0	6364	0	7698	0	4790	0	0	0	0	0	718	0	11580	0	0	0	0	0	448	236	0	0	0	0	2168	0	4308	0	0	0	0	0	0	0	0	0	0	0	0	0	0	0	0	0	0	0	0	0	0	0	0	0	0	0	0	0	0	0	0	0	0	0	0	0	0	0	0	0	280	118	3194	0	0	0	0	0	0	0	0	0	308	0	0	0	0	0	0	0	0	0	0	0	0	0	0	0	0	0	0	0	0	0	0	0	0	0	0	0	0	0	0	0	0	0	
14528	Frontal_Mid_Orb_R	0	0	0	98	0	3270	0	374	0	0	0	0	0	0	0	1854	0	0	0	108	0	224	0	0	0	0	0	990	0	92	0	0	0	100	0	0	0	0	0	0	0	0	0	0	0	0	0	0	0	0	0	0	0	0	0	0	0	0	0	0	0	0	0	0	0	0	0	0	0	0	0	76	0	78	0	0	0	0	0	0	0	0	0	0	0	0	0	0	0	0	0	0	0	0	0	0	0	0	0	0	0	0	0	0	0	0	0	0	0	0	0	0	0	0	0	0	
404700	Frontal_Inf_Oper_L	11542	0	22682	1742	0	0	26506	236	0	0	0	306	22568	218	434	1942	20220	208	19052	2124	0	0	390	80	0	0	0	0	38922	1052	1366	400	556	276	0	0	1100	0	0	0	0	0	0	0	0	0	0	0	0	0	132	0	0	0	110	0	382	0	228	0	386	0	0	0	472	0	0	0	0	0	6782	2330	3074	138	116	0	146	760	1036	0	5918	0	6260	0	0	0	0	0	158	0	0	0	0	0	0	0	0	0	0	0	0	0	0	0	0	0	0	0	0	0	0	0	0	0	0	0	
241984	Frontal_Inf_Oper_R	0	2636	634	9640	0	0	0	13254	0	0	306	0	152	9340	0	134	130	17666	816	9888	0	0	0	188	0	0	0	0	388	24924	0	0	0	222	0	0	0	1734	0	234	0	0	0	0	0	0	0	0	0	0	0	0	0	0	0	0	0	1312	0	0	0	100	0	116	0	0	0	0	0	264	0	6168	0	7746	0	1894	0	736	0	184	0	74	0	10112	0	0	0	0	0	0	0	0	0	0	0	0	0	0	0	0	0	0	0	0	0	0	0	0	0	0	0	0	0	0	0	0	
301780	Frontal_Inf_Tri_L	1108	0	9328	1148	302	0	31306	208	718	0	22568	152	0	192	17288	1916	3046	0	6776	1136	0	0	2002	216	0	0	0	0	31696	880	1662	340	2668	276	0	0	0	0	0	0	0	0	0	0	0	0	0	0	0	0	0	0	0	0	0	0	0	0	0	0	0	0	0	0	0	0	0	0	0	0	4174	2136	5874	106	0	0	142	254	0	0	566	0	706	0	0	0	0	0	0	0	0	0	0	0	0	0	0	0	0	0	0	0	0	0	0	0	0	0	0	0	0	0	0	0	0	0	
121308	Frontal_Inf_Tri_R	0	644	0	8388	0	140	0	13744	0	0	218	9340	192	0	0	1990	0	188	708	7298	0	0	76	1064	0	76	0	0	230	8338	0	1488	0	1516	0	0	0	0	0	0	0	0	0	0	0	0	0	0	0	0	0	0	0	0	0	0	0	130	0	0	0	0	0	0	0	0	0	0	0	0	0	1744	0	3024	0	118	0	0	0	0	0	0	0	0	0	0	0	0	0	0	0	0	0	0	0	0	0	0	0	0	0	0	0	0	0	0	0	0	0	0	0	0	0	0	0	0	
196992	Frontal_Inf_Orb_L	0	0	10526	0	9090	0	13050	0	11580	0	434	0	17288	0	0	394	0	0	1474	0	2274	622	598	0	0	0	2254	0	13812	0	336	0	1238	0	0	0	68	0	0	0	112	0	0	0	0	0	0	0	0	0	0	0	0	0	0	0	0	0	0	0	0	0	0	0	0	0	0	0	0	0	2634	590	9192	0	0	0	0	80	0	0	0	0	850	0	0	0	0	0	0	0	0	0	0	0	0	0	0	0	0	0	0	0	0	0	0	0	0	0	0	0	0	0	0	0	0	0	
140708	Frontal_Inf_Orb_R	0	0	592	4082	0	2612	0	3320	0	1854	1942	134	1916	1990	394	0	0	138	1594	8872	0	2638	0	1516	0	0	0	1792	2594	8648	256	1120	0	3530	0	0	0	0	0	0	0	0	0	0	0	0	0	0	0	0	0	0	0	0	0	0	0	0	0	0	0	0	0	0	0	0	0	0	0	180	2602	11524	180	2504	0	188	0	170	0	0	0	710	0	762	0	0	0	0	0	0	0	0	0	0	0	0	0	0	0	0	0	0	0	0	0	0	0	0	0	0	0	0	0	0	0	0	
264768	Rolandic_Oper_L	9978	0	13826	0	0	0	15400	0	0	0	20220	130	3046	0	0	0	0	128	11074	124	0	0	0	0	0	0	0	0	23862	122	0	0	0	0	0	0	1174	0	0	0	0	0	0	0	0	0	0	0	0	0	298	0	310	0	214	0	6230	108	132	0	862	0	1528	0	490	0	0	0	0	112	1488	0	898	0	0	0	194	80	2590	0	11620	0	4748	0	784	0	0	0	614	0	0	0	0	0	0	0	0	0	0	0	0	0	0	0	0	0	0	0	0	0	0	0	0	0	0	0	
174616	Rolandic_Oper_R	0	2010	678	6516	0	0	0	4982	0	0	208	17666	0	188	0	138	128	0	750	5022	0	0	0	206	0	0	0	0	224	18104	0	80	0	166	0	0	0	1330	0	142	0	0	0	0	0	0	0	0	0	0	0	0	0	116	0	166	0	2962	0	0	0	120	0	1212	0	122	0	174	0	250	0	2292	0	4270	0	1182	0	892	0	1344	0	1890	0	11592	0	186	0	0	0	0	0	0	0	0	0	0	0	0	0	0	0	0	0	0	0	0	0	0	0	0	0	0	0	0	0	0	
746596	Supp_Motor_Area_L	5156	168	66086	12760	0	124	16668	1800	0	0	19052	816	6776	708	1474	1594	11074	750	0	43760	0	0	6276	4458	0	0	0	0	23354	1076	3390	9876	19392	27986	84	606	2392	346	0	0	0	0	0	782	0	1004	0	94	0	160	0	70	0	0	510	0	438	178	0	266	0	0	0	0	0	0	0	2748	19904	7282	5670	2942	14692	862	3526	422	8996	6512	98	0	4892	0	2436	282	0	0	0	0	530	0	0	0	0	0	0	0	0	0	0	0	0	0	0	0	0	0	0	0	0	0	0	0	0	0	0	0	
777076	Supp_Motor_Area_R	1494	9210	11766	50954	0	998	152	7736	0	108	2124	9888	1136	7298	0	8872	124	5022	43760	0	0	0	3654	13560	0	244	0	0	2040	11388	1136	21734	7262	56004	0	186	0	3472	0	0	0	0	0	568	0	158	0	0	0	0	0	0	0	1458	0	1464	0	2308	0	148	0	98	0	426	0	176	0	630	9144	36774	282	23586	0	10684	118	1908	1532	8072	0	122	68	1332	0	3148	0	1722	0	0	0	1290	0	0	0	0	0	0	0	0	0	0	0	0	0	0	0	0	0	0	0	0	0	0	0	0	0	0	
63520	Olfactory_L	0	0	282	0	2396	172	168	0	448	0	0	0	0	0	2274	0	0	0	0	0	0	4934	0	0	392	134	3174	322	2400	0	2934	1564	0	0	0	0	0	0	146	0	308	0	0	0	0	0	0	0	0	0	0	0	0	0	0	0	0	0	0	0	0	0	0	0	0	0	0	0	0	0	5168	2438	1754	0	0	0	0	0	0	0	0	0	352	0	0	0	0	0	0	0	0	0	0	0	0	0	0	0	0	0	0	0	0	0	0	0	0	0	0	0	0	0	0	0	0	0	
77048	Olfactory_R	0	0	162	0	868	2960	0	120	236	224	0	0	0	0	622	2638	0	0	0	0	4934	0	0	0	114	988	2610	3420	128	2260	2732	2074	0	0	0	0	0	134	0	0	0	408	0	0	0	0	0	0	0	0	0	0	0	0	0	0	0	0	0	0	0	0	0	0	0	0	0	0	0	0	5204	3362	2074	176	0	0	0	0	0	0	0	0	0	76	0	0	0	0	0	0	0	0	0	0	0	0	0	0	0	0	0	0	0	0	0	0	0	0	0	0	0	0	0	0	0	0	
352328	Frontal_Sup_Medial_L	0	0	39120	13728	3378	180	16876	310	0	0	390	0	2002	76	598	0	0	0	6276	3654	0	0	0	24240	2456	500	1040	0	1538	88	15194	18094	9348	13552	0	0	0	0	0	0	0	0	0	0	0	0	0	0	0	0	0	0	0	0	0	0	0	0	0	0	0	0	0	0	0	0	0	0	0	0	696	102	2598	130	0	0	0	0	0	0	0	0	0	0	0	0	0	0	0	0	0	0	0	0	0	0	0	0	0	0	0	0	0	0	0	0	0	0	0	0	0	0	0	0	0	0	
359632	Frontal_Sup_Medial_R	0	0	6856	45120	0	6046	1554	6126	0	0	80	188	216	1064	0	1516	0	206	4458	13560	0	0	24240	0	92	6066	0	0	198	2066	3956	27148	1408	20024	0	0	0	72	0	0	0	0	0	0	0	0	0	0	0	0	0	0	0	0	0	0	0	0	0	0	0	0	0	0	0	0	0	0	0	0	0	2312	138	4816	0	120	0	0	0	0	0	0	0	170	0	0	0	0	0	0	0	0	0	0	0	0	0	0	0	0	0	0	0	0	0	0	0	0	0	0	0	0	0	0	0	0	
21324	Frontal_Med_Orb_L	0	0	1158	0	1978	0	0	0	0	0	0	0	0	0	0	0	0	0	0	0	392	114	2456	92	0	68	1344	0	0	0	2502	0	0	0	0	0	0	0	0	0	0	0	0	0	0	0	0	0	0	0	0	0	0	0	0	0	0	0	0	0	0	0	0	0	0	0	0	0	0	0	414	70	74	0	0	0	0	0	0	0	0	0	0	0	0	0	0	0	0	0	0	0	0	0	0	0	0	0	0	0	0	0	0	0	0	0	0	0	0	0	0	0	0	0	0	0	
77548	Frontal_Med_Orb_R	0	0	0	3522	0	8872	0	1044	0	0	0	0	0	76	0	0	0	0	0	244	134	988	500	6066	68	0	126	6064	0	154	2326	3992	0	0	0	0	0	0	0	0	0	0	0	0	0	0	0	0	0	0	0	0	0	0	0	0	0	0	0	0	0	0	0	0	0	0	0	0	0	0	0	1108	0	3490	0	0	0	0	0	0	0	0	0	0	0	0	0	0	0	0	0	0	0	0	0	0	0	0	0	0	0	0	0	0	0	0	0	0	0	0	0	0	0	0	0	0	
66420	Rectus_L	0	0	1508	0	7584	156	0	0	2168	0	0	0	0	0	2254	0	0	0	0	0	3174	2610	1040	0	1344	126	0	296	634	0	4040	784	0	0	0	0	0	0	0	0	0	0	0	0	0	0	0	0	0	0	0	0	0	0	0	0	0	0	0	0	0	0	0	0	0	0	0	0	0	0	3064	1138	1290	0	0	0	0	0	0	0	0	0	0	0	0	0	0	0	0	0	0	0	0	0	0	0	0	0	0	0	0	0	0	0	0	0	0	0	0	0	0	0	0	0	0	0	
55632	Rectus_R	0	0	0	0	0	10538	0	0	0	990	0	0	0	0	0	1792	0	0	0	0	322	3420	0	0	0	6064	296	0	0	262	482	1542	0	0	0	0	0	0	0	0	0	0	0	0	0	0	0	0	0	0	0	0	0	0	0	0	0	0	0	0	0	0	0	0	0	0	0	0	0	0	0	1228	0	880	0	0	0	0	0	0	0	0	0	0	0	0	0	0	0	0	0	0	0	0	0	0	0	0	0	0	0	0	0	0	0	0	0	0	0	0	0	0	0	0	0	0	
692644	Insula_L	18760	0	30210	1692	5694	0	38348	260	4308	0	38922	388	31696	230	13812	2594	23862	224	23354	2040	2400	128	1538	198	0	0	634	0	0	1180	2384	454	1670	346	0	0	14130	0	286	0	1804	0	0	0	0	0	0	0	166	0	1026	0	784	0	3044	0	3318	144	934	0	2530	0	0	0	664	0	0	0	244	146	10082	2994	22990	148	154	0	824	800	5146	0	11932	0	10494	0	582	0	0	0	3630	0	0	0	0	0	0	0	0	0	0	0	0	0	0	0	0	0	0	0	0	0	0	0	0	0	0	0	
327396	Insula_R	0	2898	546	9404	0	900	74	6982	0	92	1052	24924	880	8338	0	8648	122	18104	1076	11388	0	2260	88	2066	0	154	0	262	1180	0	306	3294	0	1668	0	0	0	5648	0	932	0	1146	0	80	0	106	0	0	0	94	0	130	0	334	0	1514	0	2380	0	0	0	152	0	178	0	0	0	588	0	734	570	7538	0	16174	0	1628	0	1262	0	2172	0	3118	0	9452	0	492	0	0	0	570	0	0	0	0	0	0	0	0	0	0	0	0	0	0	0	0	0	0	0	0	0	0	0	0	0	0	
191204	Cingulum_Ant_L	0	0	11738	1776	3234	1010	2278	0	0	0	1366	0	1662	0	336	256	0	0	3390	1136	2934	2732	15194	3956	2502	2326	4040	482	2384	306	0	12060	3540	2062	0	0	0	0	0	0	0	0	0	0	0	0	0	0	0	0	0	0	0	0	0	0	0	0	0	0	0	0	0	0	0	0	0	0	0	0	6004	2050	4454	324	0	0	0	70	0	0	0	0	0	0	0	0	0	0	0	0	0	0	0	0	0	0	0	0	0	0	0	0	0	0	0	0	0	0	0	0	0	0	0	0	0	0	
408804	Cingulum_Ant_R	0	0	6076	30420	0	3802	1276	784	0	0	400	0	340	1488	0	1120	0	80	9876	21734	1564	2074	18094	27148	0	3992	784	1542	454	3294	12060	0	4198	27118	0	0	0	170	0	0	0	0	0	0	0	0	0	0	0	0	0	0	0	0	0	0	0	0	0	0	0	0	0	0	0	0	0	0	0	0	1954	10426	1132	10598	0	170	0	234	0	0	0	0	0	0	0	0	0	0	0	0	0	0	0	0	0	0	0	0	0	0	0	0	0	0	0	0	0	0	0	0	0	0	0	0	0	0	
206820	Cingulum_Mid_L	502	0	6690	2976	0	0	8618	292	0	0	556	0	2668	0	1238	0	0	0	19392	7262	0	0	9348	1408	0	0	0	0	1670	0	3540	4198	0	14980	2674	470	106	86	0	0	0	0	576	250	696	426	0	0	174	92	608	0	0	0	0	0	206	184	548	186	506	0	0	0	176	0	1728	1040	3428	2754	0	196	256	106	0	0	320	194	0	0	0	0	0	0	86	0	0	0	0	0	0	0	0	0	0	0	0	0	0	0	0	0	0	0	0	0	0	0	0	0	0	0	0	0	0	0	
556052	Cingulum_Mid_R	1604	942	4198	26484	0	0	1410	3410	0	100	276	222	276	1516	0	3530	0	166	27986	56004	0	0	13552	20024	0	0	0	0	346	1668	2062	27118	14980	0	100	5142	72	1588	0	0	0	0	0	3892	0	4036	0	642	0	534	0	314	0	840	0	882	0	2426	0	1332	0	0	0	330	0	142	760	12050	10988	20984	0	304	82	452	0	68	86	230	0	0	0	664	0	0	0	640	0	0	0	572	0	0	0	0	0	0	0	0	0	0	0	0	0	0	0	0	0	0	0	0	0	0	0	0	0	0	
67648	Cingulum_Post_L	298	0	0	0	0	0	0	0	0	0	0	0	0	0	0	0	0	0	84	0	0	0	0	0	0	0	0	0	0	0	0	0	2674	100	0	6928	2906	1906	168	0	0	0	1746	78	668	74	386	0	264	0	2752	0	446	0	216	0	352	232	1242	0	1318	0	0	0	556	0	4016	1478	484	452	0	0	0	0	0	0	580	110	0	0	0	88	0	0	862	0	0	0	180	112	0	0	0	0	0	0	0	0	0	0	0	0	0	0	0	0	0	0	0	0	68	0	0	0	0	0	
90124	Cingulum_Post_R	0	0	0	0	0	0	0	0	0	0	0	0	0	0	0	0	0	0	606	186	0	0	0	0	0	0	0	0	0	0	0	0	470	5142	6928	0	2598	4730	390	426	0	0	0	2224	0	638	0	2118	0	208	0	582	0	826	0	892	0	106	0	0	0	0	0	0	0	120	534	9136	964	2272	0	0	0	0	0	0	1444	742	0	0	0	0	0	0	0	96	0	0	0	0	0	0	0	0	0	0	0	0	0	0	0	0	0	0	0	0	0	0	0	0	684	0	0	0	0	0	
220592	Hippocampus_L	12906	150	3010	0	0	0	5438	124	0	0	1100	0	0	0	68	0	1174	0	2392	0	0	0	0	0	0	0	0	0	14130	0	0	0	106	72	2906	2598	0	2450	6812	588	3706	0	960	0	0	0	824	312	0	0	0	0	0	0	7902	194	852	0	0	0	76	0	0	0	0	0	1270	664	628	84	0	0	13164	0	552	0	4194	604	4022	0	2600	0	1886	0	736	0	0	0	8968	0	0	0	0	0	0	0	0	0	0	0	0	0	0	0	0	0	0	0	0	0	74	0	0	0	0	0	
203088	Hippocampus_R	0	5494	304	1614	0	0	0	2038	0	0	0	1734	0	0	0	0	0	1330	346	3472	0	134	0	72	0	0	0	0	0	5648	0	170	86	1588	1906	4730	2450	0	698	12636	0	7928	0	182	0	188	0	710	0	98	0	72	0	714	0	14000	74	992	0	206	0	0	0	0	0	0	224	2636	168	2546	0	316	0	9342	0	448	1634	4348	0	522	0	930	0	1074	0	1468	0	0	0	3984	0	0	0	0	0	0	0	0	0	0	0	0	0	0	0	0	0	0	0	0	290	0	0	0	0	0	
28060	ParaHippocampal_L	84	102	0	0	0	0	0	86	0	0	0	0	0	0	0	0	0	0	0	0	146	0	0	0	0	0	0	0	286	0	0	0	0	0	168	390	6812	698	0	296	666	0	76	0	0	0	396	496	0	0	0	0	0	0	974	0	72	0	0	0	0	0	0	0	0	0	152	0	0	0	0	0	322	0	0	0	502	210	0	0	0	0	0	0	0	0	0	0	0	0	0	0	0	0	184	112	222	0	0	0	0	0	0	0	0	0	0	0	170	408	0	0	0	0	0	0	
73612	ParaHippocampal_R	0	620	0	210	0	0	0	246	0	0	0	234	0	0	0	0	0	142	0	0	0	0	0	0	0	0	0	0	0	932	0	0	0	0	0	426	588	12636	296	0	0	3544	0	336	0	0	0	988	0	0	0	0	0	290	0	8624	0	0	0	0	0	0	0	0	0	0	0	666	0	0	0	0	0	1514	0	102	488	1280	0	0	0	142	0	626	0	0	0	320	0	1456	0	0	0	0	0	0	0	100	0	0	0	0	0	0	0	0	0	0	0	0	0	0	0	0	0	0	
18080	Amygdala_L	0	0	0	0	90	0	0	0	0	0	0	0	0	0	112	0	0	0	0	0	308	0	0	0	0	0	0	0	1804	0	0	0	0	0	0	0	3706	0	666	0	0	0	0	0	0	0	0	0	0	0	0	0	0	0	1148	0	0	0	0	0	0	0	0	0	0	0	0	0	0	0	0	0	0	0	0	0	0	0	0	0	0	0	928	0	0	0	0	0	278	0	0	0	0	0	0	0	0	0	0	0	0	0	0	0	0	0	0	0	0	0	0	0	0	0	0	0	
36228	Amygdala_R	0	0	0	0	0	0	0	0	0	0	0	0	0	0	0	0	0	0	0	0	0	408	0	0	0	0	0	0	0	1146	0	0	0	0	0	0	0	7928	0	3544	0	0	0	0	0	0	0	0	0	0	0	0	0	0	0	2868	0	0	0	0	0	0	0	0	0	0	0	0	0	0	0	0	0	1020	0	128	0	0	0	0	0	0	0	1072	0	0	0	0	0	0	0	0	0	0	0	0	0	0	0	0	0	0	0	0	0	0	0	0	0	0	0	0	0	0	0	0	
246664	Calcarine_L	0	0	0	0	0	0	0	0	0	0	0	0	0	0	0	0	0	0	0	0	0	0	0	0	0	0	0	0	0	0	0	0	576	0	1746	0	960	0	76	0	0	0	0	8518	17550	3392	16436	1546	12974	2862	26816	326	4148	118	720	132	502	0	4704	0	2004	0	0	0	198	0	11134	634	814	0	0	0	0	0	0	0	0	0	0	0	0	0	0	0	3154	0	0	0	1222	0	0	0	0	0	0	0	0	0	0	0	0	0	0	0	0	0	0	0	0	0	70	0	0	0	0	0	
351164	Calcarine_R	124	322	0	0	0	0	0	0	0	0	0	0	0	0	0	0	0	0	782	568	0	0	0	0	0	0	0	0	0	80	0	0	250	3892	78	2224	0	182	0	336	0	0	8518	0	3078	32334	6504	21832	376	21230	96	11724	0	7180	0	5556	0	3642	0	958	0	98	0	374	0	266	5766	25812	1188	4790	0	0	0	0	0	0	0	0	0	0	0	130	0	0	0	3238	0	0	0	2054	0	0	0	0	0	0	0	0	0	0	0	0	0	0	0	0	0	0	0	0	0	0	0	0	0	0	
181552	Cuneus_L	0	0	0	0	0	0	0	0	0	0	0	0	0	0	0	0	0	0	0	0	0	0	0	0	0	0	0	0	0	0	0	0	696	0	668	0	0	0	0	0	0	0	17550	3078	0	4982	840	300	18248	1054	16164	112	276	110	0	112	442	0	5678	0	1888	0	0	0	184	0	12782	668	766	0	0	0	0	0	0	0	0	0	0	0	0	0	0	0	3022	0	0	0	1156	0	0	0	0	0	0	0	0	0	0	0	0	0	0	0	0	0	0	0	0	0	0	0	0	0	0	0	
346152	Cuneus_R	142	144	0	0	0	0	0	0	0	0	0	0	0	0	0	0	0	0	1004	158	0	0	0	0	0	0	0	0	0	106	0	0	426	4036	74	638	0	188	0	0	0	0	3392	32334	4982	0	2230	5456	296	35486	100	13418	0	3938	0	3234	0	6554	0	8456	0	106	0	220	0	488	7534	29980	1328	4304	0	0	0	0	0	0	0	0	0	0	0	70	0	0	0	1656	0	0	0	598	0	0	0	0	0	0	0	0	0	0	0	0	0	0	0	0	0	0	0	0	0	0	0	0	0	0	
232156	Lingual_L	0	0	0	0	0	0	0	0	0	0	0	0	0	0	0	0	0	0	0	0	0	0	0	0	0	0	0	0	0	0	0	0	0	0	386	0	824	0	396	0	0	0	16436	6504	840	2230	0	5698	2202	1324	14384	482	6668	242	8556	484	0	0	0	0	0	0	0	0	0	0	2726	224	0	0	0	0	0	0	0	0	0	0	0	0	0	0	0	0	0	70	0	0	0	0	3442	1904	0	400	392	0	10056	1464	10820	2996	0	0	0	176	286	712	0	116	0	94	4578	5870	524	0	438	1134	
235740	Lingual_R	0	0	0	0	0	0	0	0	0	0	0	0	0	0	0	0	0	0	94	0	0	0	0	0	0	0	0	0	0	0	0	0	0	642	0	2118	312	710	496	988	0	0	1546	21832	300	5456	5698	0	0	5466	0	2662	0	3006	356	10658	0	0	0	0	0	0	0	0	0	0	940	6692	148	128	0	0	0	0	0	0	0	134	0	0	0	0	0	0	0	304	0	0	0	150	660	10444	0	1016	78	128	700	4254	1804	13676	0	0	0	274	0	0	0	302	0	88	5162	8210	238	0	0	0	
274492	Occipital_Sup_L	1106	0	0	0	0	0	482	0	0	0	0	0	0	0	0	0	0	0	0	0	0	0	0	0	0	0	0	0	166	0	0	0	174	0	264	0	0	0	0	0	0	0	12974	376	18248	296	2202	0	0	0	41022	0	1050	0	0	0	3584	0	21826	0	9540	0	0	0	1582	0	15492	0	1872	0	0	0	0	0	0	0	0	0	0	0	0	0	0	0	3214	0	0	0	1776	0	0	0	0	0	0	0	0	0	0	0	0	0	0	0	0	0	0	0	0	0	0	0	0	0	0	0	
295028	Occipital_Sup_R	0	174	0	0	0	0	0	0	0	0	0	0	0	0	0	0	0	0	160	0	0	0	0	0	0	0	0	0	0	94	0	0	92	534	0	208	0	98	0	0	0	0	2862	21230	1054	35486	1324	5466	0	0	0	22452	0	1828	0	1354	0	4344	0	12008	0	946	0	286	0	4182	3932	21358	180	1370	0	0	0	0	0	0	0	0	0	0	0	118	0	0	0	2822	0	0	0	1552	0	0	0	0	0	0	0	0	0	0	0	0	0	0	0	0	0	0	0	0	0	0	0	0	0	0	
565696	Occipital_Mid_L	3182	0	0	0	0	0	924	0	0	0	132	0	0	0	0	0	298	0	0	0	0	0	0	0	0	0	0	0	1026	0	0	0	608	0	2752	0	0	0	0	0	0	0	26816	96	16164	100	14384	0	41022	0	0	0	14404	0	2832	0	10612	236	35384	0	27804	0	392	0	10868	0	23070	68	8834	282	0	78	0	0	0	0	0	78	0	0	116	0	0	0	28804	0	0	0	11482	0	0	0	0	0	0	0	0	0	0	0	0	0	0	0	0	0	0	0	0	0	0	0	0	0	0	0	
229828	Occipital_Mid_R	0	262	0	0	0	0	0	0	0	0	0	0	0	0	0	0	0	0	70	0	0	0	0	0	0	0	0	0	0	130	0	0	0	314	0	582	0	72	0	0	0	0	326	11724	112	13418	482	2662	0	22452	0	0	0	5346	0	342	0	2678	0	5580	0	3848	0	550	0	11322	760	11828	100	1518	0	0	0	0	0	0	0	0	0	102	0	384	0	0	0	13846	0	0	0	4104	0	0	0	0	0	0	0	0	0	0	0	0	0	0	0	0	0	0	0	0	0	0	0	0	0	0	
95248	Occipital_Inf_L	656	0	0	0	0	0	0	0	0	0	0	0	0	0	0	0	310	0	0	0	0	0	0	0	0	0	0	0	784	0	0	0	0	0	446	0	0	0	0	0	0	0	4148	0	276	0	6668	0	1050	0	14404	0	0	0	6064	0	518	132	260	0	688	0	124	0	488	0	2084	0	296	142	0	0	0	0	0	0	0	0	0	0	0	0	0	0	1774	0	0	0	1972	0	1398	0	0	0	0	0	1264	0	1568	0	0	0	0	0	0	0	0	0	0	0	0	110	0	0	0	0	
100476	Occipital_Inf_R	0	924	0	0	0	0	0	0	0	0	0	0	0	0	0	0	0	116	0	1458	0	0	0	0	0	0	0	0	0	334	0	0	0	840	0	826	0	714	0	290	0	0	118	7180	110	3938	242	3006	0	1828	0	5346	0	0	0	10890	0	846	0	82	0	0	0	106	0	0	636	2160	0	2196	0	0	0	0	0	0	0	0	0	88	0	84	0	0	0	2978	0	0	0	2902	0	0	0	0	0	0	0	0	0	0	0	0	0	0	0	0	0	0	0	0	0	0	0	0	0	0	
268504	Fusiform_L	1200	0	92	0	0	0	332	0	0	0	110	0	0	0	0	0	214	0	510	0	0	0	0	0	0	0	0	0	3044	0	0	0	0	0	216	0	7902	0	974	0	1148	0	720	0	0	0	8556	356	0	0	2832	0	6064	0	0	0	670	0	508	0	2106	0	1378	0	3844	0	814	0	102	0	0	0	1754	0	0	0	0	0	528	0	2216	0	798	0	4074	0	274	0	16104	0	20654	1016	602	0	334	0	10002	0	26282	1198	346	0	490	76	190	88	0	0	0	0	126	2958	366	0	0	84	
222888	Fusiform_R	0	924	0	0	0	0	0	0	0	0	0	0	0	0	0	0	0	166	0	1464	0	0	0	0	0	0	0	0	0	1514	0	0	0	882	0	892	194	14000	0	8624	0	2868	132	5556	112	3234	484	10658	0	1354	0	342	0	10890	0	0	0	880	0	0	0	0	0	0	0	0	760	1958	0	1990	0	0	0	464	0	0	194	374	0	238	0	1792	0	1176	0	1196	0	538	0	7938	0	7980	0	0	0	0	68	4244	240	10802	0	0	0	96	0	0	0	0	0	0	2104	2122	0	0	0	0	
285572	Postcentral_L	18776	0	1158	0	0	0	4382	0	0	0	382	0	0	0	0	0	6230	0	438	0	0	0	0	0	0	0	0	0	3318	0	0	0	206	0	352	0	852	74	72	0	0	0	502	0	442	0	0	0	3584	0	10612	0	518	0	670	0	0	144	9900	0	26660	0	10182	0	4626	0	10400	0	13890	278	152	312	616	0	0	0	314	312	1096	0	3224	78	0	0	5738	0	0	0	2220	76	0	0	0	0	0	0	0	0	0	0	0	0	0	0	0	0	0	0	0	0	0	0	0	0	0	0	
221576	Postcentral_R	388	11568	124	818	0	0	0	1058	0	0	0	1312	0	130	0	0	108	2962	178	2308	0	0	0	0	0	0	0	0	144	2380	0	0	184	2426	232	106	0	992	0	0	0	0	0	3642	0	6554	0	0	0	4344	236	2678	132	846	0	880	144	0	0	8700	0	10158	0	13808	0	870	212	11142	372	13590	0	70	0	1760	0	104	0	246	0	120	0	598	0	374	116	910	0	0	0	764	0	0	0	0	0	0	0	0	0	0	0	0	0	0	0	0	0	0	0	0	0	0	0	0	0	0	
311116	Parietal_Sup_L	3194	0	0	0	0	0	1236	0	0	0	228	0	0	0	0	0	132	0	0	0	0	0	0	0	0	0	0	0	934	0	0	0	548	0	1242	0	0	0	0	0	0	0	4704	0	5678	0	0	0	21826	0	35384	0	260	0	508	0	9900	0	0	0	29038	0	326	0	8082	0	14996	70	4006	0	0	106	0	0	0	0	98	106	0	0	110	0	0	0	8108	0	0	0	4738	0	0	0	0	0	0	0	0	0	0	0	0	0	0	0	0	0	0	0	0	0	0	0	0	0	0	0	
149216	Parietal_Sup_R	68	168	0	0	0	0	0	0	0	0	0	0	0	0	0	0	0	0	266	148	0	0	0	0	0	0	0	0	0	0	0	0	186	1332	0	0	0	206	0	0	0	0	0	958	0	8456	0	0	0	12008	0	5580	0	82	0	0	0	8700	0	0	0	6596	0	4284	0	5358	476	13996	380	2152	0	0	0	0	0	0	0	0	0	0	0	134	0	0	0	1692	0	0	0	1382	0	0	0	0	0	0	0	0	0	0	0	0	0	0	0	0	0	0	0	0	0	0	0	0	0	0	
369320	Parietal_Inf_L	6368	0	86	0	0	0	1792	0	0	0	386	0	0	0	0	0	862	0	0	0	0	0	0	0	0	0	0	0	2530	0	0	0	506	0	1318	0	76	0	0	0	0	0	2004	0	1888	0	0	0	9540	0	27804	0	688	0	2106	0	26660	0	29038	0	0	0	8914	0	26488	0	5066	0	3964	0	0	110	0	0	0	0	134	110	228	0	278	0	0	0	15564	0	0	0	10152	0	0	0	0	0	0	0	0	0	0	0	0	0	0	0	0	0	0	0	0	0	0	0	0	0	0	0	
119784	Parietal_Inf_R	0	1762	0	0	0	0	0	86	0	0	0	100	0	0	0	0	0	120	0	98	0	0	0	0	0	0	0	0	0	152	0	0	0	0	0	0	0	0	0	0	0	0	0	98	0	106	0	0	0	946	0	3848	0	0	0	0	0	10158	0	6596	0	0	0	18382	0	10714	0	828	0	374	0	0	0	0	0	0	0	0	0	0	0	130	0	86	0	3562	0	0	0	1746	0	0	0	0	0	0	0	0	0	0	0	0	0	0	0	0	0	0	0	0	0	0	0	0	0	0	
83392	SupraMarginal_L	478	0	74	0	0	0	78	0	0	0	0	0	0	0	0	0	1528	0	0	0	0	0	0	0	0	0	0	0	0	0	0	0	0	0	0	0	0	0	0	0	0	0	0	0	0	0	0	0	0	0	392	0	124	0	1378	0	10182	0	326	0	8914	0	0	0	6676	0	0	0	94	0	0	0	0	0	0	0	0	0	182	0	5970	0	0	0	2186	0	0	0	3114	0	0	0	0	0	0	0	0	0	0	0	0	0	0	0	0	0	0	0	0	0	0	0	0	0	0	0	
113872	SupraMarginal_R	0	2772	0	0	0	0	0	100	0	0	0	116	0	0	0	0	0	1212	0	426	0	0	0	0	0	0	0	0	0	178	0	0	0	330	0	0	0	0	0	0	0	0	0	374	0	220	0	0	0	286	0	550	0	106	0	0	0	13808	0	4284	0	18382	0	0	0	3756	0	2292	0	1416	0	0	0	0	0	0	0	118	0	0	0	2408	0	88	0	3396	0	0	0	318	0	0	0	0	0	0	0	0	0	0	0	0	0	0	0	0	0	0	0	0	0	0	0	0	0	0	
206688	Angular_L	3982	0	0	0	0	0	1612	0	0	0	472	0	0	0	0	0	490	0	0	0	0	0	0	0	0	0	0	0	664	0	0	0	176	0	556	0	0	0	0	0	0	0	198	0	184	0	0	0	1582	0	10868	0	488	0	3844	0	4626	0	8082	0	26488	0	6676	0	0	0	444	0	416	0	0	0	0	0	0	0	0	0	0	0	1948	0	0	0	16916	0	0	0	12632	0	0	0	0	0	0	0	0	0	0	0	0	0	0	0	0	0	0	0	0	0	0	0	0	0	0	0	
117540	Angular_R	0	198	0	0	0	0	0	0	0	0	0	0	0	0	0	0	0	122	0	176	0	0	0	0	0	0	0	0	0	0	0	0	0	142	0	120	0	0	0	0	0	0	0	266	0	488	0	0	0	4182	0	11322	0	0	0	0	0	870	0	5358	0	10714	0	3756	0	0	0	1618	0	844	0	0	0	0	0	0	0	0	0	0	0	1318	0	0	0	11826	0	0	0	5450	0	0	0	0	0	0	0	0	0	0	0	0	0	0	0	0	0	0	0	0	0	0	0	0	0	0	
312488	Precuneus_L	398	0	0	0	0	0	0	0	0	0	0	0	0	0	0	0	0	0	0	0	0	0	0	0	0	0	0	0	0	0	0	0	1728	760	4016	534	1270	224	152	0	0	0	11134	5766	12782	7534	2726	940	15492	3932	23070	760	2084	636	814	760	10400	212	14996	476	5066	0	0	0	444	0	0	9770	9462	344	0	0	0	0	0	0	0	0	0	0	0	0	0	0	6726	82	0	0	754	0	0	0	0	0	0	0	0	0	0	0	0	0	0	0	0	0	0	0	0	0	0	0	0	0	0	0	
389808	Precuneus_R	260	520	0	0	0	0	0	0	0	0	0	0	0	0	0	0	0	174	2748	630	0	0	0	0	0	0	0	0	0	588	0	0	1040	12050	1478	9136	664	2636	0	666	0	0	634	25812	668	29980	224	6692	0	21358	68	11828	0	2160	0	1958	0	11142	70	13996	0	828	0	2292	0	1618	9770	0	4126	10964	0	0	0	0	0	0	106	558	0	192	0	602	0	0	0	2850	0	0	0	1076	0	0	0	0	0	0	0	0	0	0	0	0	0	0	0	0	0	0	0	0	742	0	0	0	0	0	
269080	Paracentral_Lobule_L	7084	0	178	0	0	0	474	0	0	0	0	0	0	0	0	0	0	0	19904	9144	0	0	0	0	0	0	0	0	244	0	0	0	3428	10988	484	964	628	168	0	0	0	0	814	1188	766	1328	0	148	1872	180	8834	100	296	0	102	0	13890	372	4006	380	3964	0	94	0	416	0	9462	4126	0	9102	282	558	186	0	236	0	9744	866	0	0	290	86	0	0	5876	0	0	0	1204	84	0	0	0	0	0	0	0	0	0	0	0	0	0	0	0	0	0	0	0	0	0	0	0	0	0	0	
320184	Paracentral_Lobule_R	2022	9598	330	380	0	0	0	86	0	0	0	264	0	0	0	180	112	250	7282	36774	0	0	0	0	0	0	0	0	146	734	0	0	2754	20984	452	2272	84	2546	0	0	0	0	0	4790	0	4304	0	128	0	1370	282	1518	142	2196	0	1990	278	13590	0	2152	0	374	0	1416	0	844	344	10964	9102	0	178	4032	80	0	76	336	1240	4778	0	172	0	1632	0	0	120	2532	0	0	0	1882	0	0	0	0	0	0	0	0	0	0	0	0	0	0	0	0	0	0	0	0	0	0	0	0	0	0	
180052	Caudate_L	166	0	4776	0	2944	0	978	0	280	0	6782	0	4174	0	2634	2602	1488	0	5670	282	5168	5204	696	0	414	0	3064	0	10082	570	6004	1954	0	0	0	0	0	0	0	0	0	0	0	0	0	0	0	0	0	0	0	0	0	0	0	0	152	0	0	0	0	0	0	0	0	0	0	0	282	178	0	6644	10044	0	862	0	2852	404	0	0	836	0	1840	0	0	0	0	0	0	0	0	0	0	0	0	0	0	0	0	0	0	0	0	0	0	0	0	0	0	0	0	0	0	0	0	0	
318740	Caudate_R	424	2504	2202	6140	228	2506	114	3688	118	76	2330	6168	2136	1744	590	11524	0	2292	2942	23586	2438	3362	102	2312	70	1108	1138	1228	2994	7538	2050	10426	196	304	0	0	0	316	0	0	0	0	0	0	0	0	0	0	0	0	78	0	0	0	0	0	312	70	106	0	110	0	0	0	0	0	0	0	558	4032	6644	0	1622	14818	388	3456	1344	17886	0	0	0	0	0	1052	0	0	0	0	0	0	0	0	0	0	0	0	0	0	0	0	0	0	0	0	0	0	0	0	0	0	0	0	0	0	0	0	
320520	Putamen_L	4166	0	22310	0	9732	0	9880	0	3194	0	3074	0	5874	0	9192	180	898	0	14692	0	1754	2074	2598	138	74	0	1290	0	22990	0	4454	1132	256	82	0	0	13164	0	322	0	0	0	0	0	0	0	0	0	0	0	0	0	0	0	1754	0	616	0	0	0	0	0	0	0	0	0	0	0	186	80	10044	1622	0	0	5482	0	1554	0	140	0	1964	0	1546	0	0	0	0	0	1752	0	0	0	0	0	0	0	0	0	0	0	0	0	0	0	0	0	0	0	0	0	0	0	0	0	0	0	
261316	Putamen_R	0	4908	740	7760	0	5062	0	8878	0	78	138	7746	106	3024	0	2504	0	4270	862	10684	0	176	130	4816	0	3490	0	880	148	16174	324	10598	106	452	0	0	0	9342	0	1514	0	1020	0	0	0	0	0	0	0	0	0	0	0	0	0	464	0	1760	0	0	0	0	0	0	0	0	0	0	0	0	0	14818	0	0	0	4576	0	1744	0	120	0	0	0	1246	0	0	0	0	0	0	0	0	0	0	0	0	0	0	0	0	0	0	0	0	0	0	0	0	0	0	0	0	0	0	0	0	
36508	Pallidum_L	1072	0	2902	0	0	0	106	0	0	0	116	0	0	0	0	0	0	0	3526	118	0	0	0	0	0	0	0	0	154	0	0	0	0	0	0	0	552	0	0	0	0	0	0	0	0	0	0	0	0	0	0	0	0	0	0	0	0	0	0	0	0	0	0	0	0	0	0	0	236	76	862	388	5482	0	0	0	2242	350	0	0	72	0	0	0	0	0	0	0	0	0	0	0	0	0	0	0	0	0	0	0	0	0	0	0	0	0	0	0	0	0	0	0	0	0	0	0	
48304	Pallidum_R	0	2352	398	1732	0	94	0	2090	0	0	0	1894	0	118	0	188	0	1182	422	1908	0	0	0	120	0	0	0	0	0	1628	0	170	0	68	0	0	0	448	0	102	0	128	0	0	0	0	0	0	0	0	0	0	0	0	0	0	0	104	0	0	0	0	0	0	0	0	0	0	0	336	0	3456	0	4576	0	0	0	146	0	0	0	0	0	492	0	0	0	0	0	0	0	0	0	0	0	0	0	0	0	0	0	0	0	0	0	0	0	0	0	0	0	0	0	0	0	0	
101036	Thalamus_L	4916	0	988	0	0	0	406	0	0	0	146	0	142	0	0	0	194	0	8996	1532	0	0	0	0	0	0	0	0	824	0	0	0	320	86	580	1444	4194	1634	502	488	0	0	0	0	0	0	0	0	0	0	0	0	0	0	0	194	314	0	98	0	134	0	0	0	0	0	0	106	9744	1240	2852	1344	1554	0	2242	0	0	3156	68	0	80	0	0	0	0	0	0	0	0	0	0	0	0	0	0	0	0	0	0	0	0	0	0	0	0	0	0	0	0	0	0	0	0	0	0	0	
176840	Thalamus_R	472	14156	5300	7994	0	0	94	766	0	0	760	736	254	0	80	170	80	892	6512	8072	0	0	0	0	0	0	0	0	800	1262	70	234	194	230	110	742	604	4348	210	1280	0	0	0	0	0	0	0	134	0	0	78	0	0	0	0	374	312	246	106	0	110	0	0	118	0	0	0	558	866	4778	404	17886	0	1744	350	146	3156	0	0	102	0	212	0	230	0	0	0	0	0	0	0	0	0	0	0	0	0	0	0	0	0	0	0	0	0	0	0	0	0	0	88	0	0	0	0	0	
64556	Heschl_L	4386	0	390	0	0	0	3456	0	0	0	1036	0	0	0	0	0	2590	0	98	0	0	0	0	0	0	0	0	0	5146	0	0	0	0	0	0	0	4022	0	0	0	0	0	0	0	0	0	0	0	0	0	0	0	0	0	528	0	1096	0	0	0	228	0	182	0	0	0	0	0	0	0	0	0	140	0	0	0	68	0	0	0	4032	0	0	0	3150	0	0	0	1730	0	0	0	0	0	0	0	0	0	0	0	0	0	0	0	0	0	0	0	0	0	0	0	0	0	0	0	
24692	Heschl_R	0	150	0	0	0	0	0	0	0	0	0	184	0	0	0	0	0	1344	0	122	0	0	0	0	0	0	0	0	0	2172	0	0	0	0	0	0	0	522	0	0	0	0	0	0	0	0	0	0	0	0	0	102	0	88	0	238	0	120	0	0	0	0	0	0	0	0	0	192	0	172	0	0	0	120	0	0	0	102	0	0	0	4390	0	0	0	1032	0	0	0	1296	0	0	0	0	0	0	0	0	0	0	0	0	0	0	0	0	0	0	0	0	0	0	0	0	0	0	
201012	Temporal_Sup_L	3090	0	4940	0	0	0	5006	0	0	0	5918	0	566	0	0	0	11620	0	4892	68	0	0	0	0	0	0	0	0	11932	0	0	0	0	0	0	0	2600	0	0	0	0	0	0	0	0	0	0	0	0	0	116	0	0	0	2216	0	3224	0	110	0	278	0	5970	0	1948	0	0	0	290	0	836	0	1964	0	72	0	80	0	4032	0	0	0	3924	0	15638	0	0	0	9176	0	0	0	0	0	0	0	0	0	0	0	0	0	0	0	0	0	0	0	0	0	0	0	0	0	0	0	
80032	Temporal_Sup_R	0	956	0	0	0	0	0	0	0	0	0	74	0	0	0	710	0	1890	0	1332	0	0	0	0	0	0	0	0	0	3118	0	0	0	664	88	0	0	930	0	142	0	0	0	130	0	70	0	0	0	118	0	384	0	84	0	1792	78	598	0	134	0	130	0	2408	0	1318	0	602	86	1632	0	0	0	0	0	0	0	212	0	4390	0	0	0	1530	0	10908	0	88	0	3420	0	0	0	0	0	0	0	0	0	0	0	0	0	0	0	0	0	0	0	0	0	0	0	0	0	0	
95152	Temporal_Pole_Sup_L	0	0	3050	0	92	0	1776	0	308	0	6260	0	706	0	850	0	4748	0	2436	0	352	0	0	0	0	0	0	0	10494	0	0	0	0	0	0	0	1886	0	0	0	928	0	0	0	0	0	0	0	0	0	0	0	0	0	798	0	0	0	0	0	0	0	0	0	0	0	0	0	0	0	1840	0	1546	0	0	0	0	0	0	0	3924	0	0	0	2212	0	840	0	2530	0	0	0	0	0	0	0	0	0	0	0	0	0	0	0	0	0	0	0	0	0	0	0	0	0	0	0	
110088	Temporal_Pole_Sup_R	0	372	258	4008	0	0	0	2166	0	0	0	10112	0	0	0	762	0	11592	282	3148	0	76	0	170	0	0	0	0	0	9452	0	0	0	0	0	0	0	1074	0	626	0	1072	0	0	0	0	0	0	0	0	0	0	0	0	0	1176	0	374	0	0	0	86	0	88	0	0	0	0	0	0	0	1052	0	1246	0	492	0	230	0	0	0	1530	0	0	0	1626	0	1116	0	858	0	0	0	0	0	0	0	0	0	0	0	0	0	0	0	0	0	0	0	0	0	0	0	0	0	0	
343508	Temporal_Mid_L	1344	0	0	0	0	0	212	0	0	0	0	0	0	0	0	0	784	0	0	0	0	0	0	0	0	0	0	0	582	0	0	0	86	0	862	0	736	0	0	0	0	0	3154	0	3022	0	0	0	3214	0	28804	0	1774	0	4074	0	5738	116	8108	0	15564	0	2186	0	16916	0	6726	0	5876	120	0	0	0	0	0	0	0	0	3150	0	15638	0	2212	0	0	0	1148	0	39608	0	0	0	0	0	0	0	0	0	0	0	0	0	0	0	0	0	0	0	0	0	0	0	0	0	0	0	
191092	Temporal_Mid_R	0	1450	0	0	0	0	0	0	0	0	0	0	0	0	0	0	0	186	0	1722	0	0	0	0	0	0	0	0	0	492	0	0	0	640	0	96	0	1468	0	0	0	0	0	3238	0	1656	70	304	0	2822	0	13846	0	2978	0	1196	0	910	0	1692	0	3562	0	3396	0	11826	82	2850	0	2532	0	0	0	0	0	0	0	0	0	1032	0	10908	0	1626	0	0	0	178	0	22788	0	0	0	0	0	0	0	0	0	0	0	0	0	0	0	0	0	0	0	0	0	0	0	0	0	0	
6936	Temporal_Pole_Mid_L	0	0	0	0	0	0	0	0	0	0	0	0	0	0	0	0	0	0	0	0	0	0	0	0	0	0	0	0	0	0	0	0	0	0	0	0	0	0	0	0	0	0	0	0	0	0	0	0	0	0	0	0	0	0	274	0	0	0	0	0	0	0	0	0	0	0	0	0	0	0	0	0	0	0	0	0	0	0	0	0	0	0	840	0	1148	0	0	0	1206	0	0	0	0	0	0	0	0	0	0	0	0	0	0	0	0	0	0	0	0	0	0	0	0	0	0	0	
4920	Temporal_Pole_Mid_R	0	0	0	0	0	0	0	0	0	0	0	0	0	0	0	0	0	0	0	0	0	0	0	0	0	0	0	0	0	0	0	0	0	0	0	0	0	0	0	320	0	0	0	0	0	0	0	0	0	0	0	0	0	0	0	538	0	0	0	0	0	0	0	0	0	0	0	0	0	0	0	0	0	0	0	0	0	0	0	0	0	88	0	1116	0	178	0	0	0	220	0	0	0	0	0	0	0	0	0	0	0	0	0	0	0	0	0	0	0	0	0	0	0	0	0	0	
309536	Temporal_Inf_L	2400	0	108	0	0	0	564	0	0	0	158	0	0	0	0	0	614	0	530	0	0	0	0	0	0	0	0	0	3630	0	0	0	0	0	180	0	8968	0	0	0	278	0	1222	0	1156	0	0	0	1776	0	11482	0	1972	0	16104	0	2220	0	4738	0	10152	0	3114	0	12632	0	754	0	1204	0	0	0	1752	0	0	0	0	0	1730	0	9176	0	2530	0	39608	0	1206	0	0	0	6422	0	2134	0	0	0	0	0	1602	0	1230	0	1422	0	0	0	0	0	0	0	0	0	0	0	0	0	
139820	Temporal_Inf_R	0	908	0	0	0	0	0	0	0	0	0	0	0	0	0	0	0	0	0	1290	0	0	0	0	0	0	0	0	0	570	0	0	0	572	112	0	0	3984	0	1456	0	0	0	2054	0	598	0	150	0	1552	0	4104	0	2902	0	7938	76	764	0	1382	0	1746	0	318	0	5450	0	1076	84	1882	0	0	0	0	0	0	0	0	0	1296	0	3420	0	858	0	22788	0	220	0	0	0	360	0	0	0	0	0	0	0	0	0	0	0	0	0	0	0	0	0	0	0	0	0	0	0	0	
424536	Cerebelum_Crus1_L	0	0	0	0	0	0	0	0	0	0	0	0	0	0	0	0	0	0	0	0	0	0	0	0	0	0	0	0	0	0	0	0	0	0	0	0	0	0	0	0	0	0	0	0	0	0	3442	660	0	0	0	0	1398	0	20654	0	0	0	0	0	0	0	0	0	0	0	0	0	0	0	0	0	0	0	0	0	0	0	0	0	0	0	0	0	0	0	0	0	6422	0	0	2680	34172	2840	918	0	14996	104	55106	3264	17132	174	18678	2790	3744	1766	1432	160	0	0	438	8262	5472	2136	2320	1108	
365896	Cerebelum_Crus1_R	0	0	0	0	0	0	0	0	0	0	0	0	0	0	0	0	0	0	0	0	0	0	0	0	0	0	0	0	0	0	0	0	0	0	0	0	0	0	0	0	0	0	0	0	0	0	1904	10444	0	0	0	0	0	0	1016	7980	0	0	0	0	0	0	0	0	0	0	0	0	0	0	0	0	0	0	0	0	0	0	0	0	0	0	0	0	0	0	0	0	0	360	2680	0	426	32114	0	640	366	11218	4740	52880	0	2262	80	25986	0	1002	0	534	0	0	4158	16456	5120	334	248	0	
343456	Cerebelum_Crus2_L	0	0	0	0	0	0	0	0	0	0	0	0	0	0	0	0	0	0	0	0	0	0	0	0	0	0	0	0	0	0	0	0	0	0	0	0	0	0	0	0	0	0	0	0	0	0	0	0	0	0	0	0	0	0	602	0	0	0	0	0	0	0	0	0	0	0	0	0	0	0	0	0	0	0	0	0	0	0	0	0	0	0	0	0	0	0	0	0	2134	0	34172	426	0	5762	0	0	140	0	4710	510	46042	1628	40534	6350	8962	750	1894	118	0	0	0	1324	7428	6512	1582	148	
253708	Cerebelum_Crus2_R	0	0	0	0	0	0	0	0	0	0	0	0	0	0	0	0	0	0	0	0	0	0	0	0	0	0	0	0	0	0	0	0	0	0	0	0	0	0	0	0	0	0	0	0	0	0	400	1016	0	0	0	0	0	0	0	0	0	0	0	0	0	0	0	0	0	0	0	0	0	0	0	0	0	0	0	0	0	0	0	0	0	0	0	0	0	0	0	0	0	0	2840	32114	5762	0	0	0	0	446	858	5210	3590	20860	2684	35676	0	1612	0	290	0	0	338	2134	7348	3434	242	0	
20888	Cerebelum_3_L	0	0	0	0	0	0	0	0	0	0	0	0	0	0	0	0	0	0	0	0	0	0	0	0	0	0	0	0	0	0	0	0	0	0	0	0	0	0	184	0	0	0	0	0	0	0	392	78	0	0	0	0	0	0	334	0	0	0	0	0	0	0	0	0	0	0	0	0	0	0	0	0	0	0	0	0	0	0	0	0	0	0	0	0	0	0	0	0	0	0	918	0	0	0	0	0	5176	0	2070	0	0	0	0	0	376	0	0	0	264	444	208	0	0	0	0	0	
41844	Cerebelum_3_R	0	0	0	0	0	0	0	0	0	0	0	0	0	0	0	0	0	0	0	0	0	0	0	0	0	0	0	0	0	0	0	0	0	0	0	0	0	0	112	0	0	0	0	0	0	0	0	128	0	0	0	0	0	0	0	0	0	0	0	0	0	0	0	0	0	0	0	0	0	0	0	0	0	0	0	0	0	0	0	0	0	0	0	0	0	0	0	0	0	0	0	640	0	0	0	0	148	6244	0	5146	0	0	0	752	0	1090	0	406	198	1390	1840	592	544	792	900	0	
196036	Cerebelum_4_5_L	0	0	0	0	0	0	0	0	0	0	0	0	0	0	0	0	0	0	0	0	0	0	0	0	0	0	0	0	0	0	0	0	0	0	0	0	0	0	222	0	0	0	0	0	0	0	10056	700	0	0	0	0	1264	0	10002	68	0	0	0	0	0	0	0	0	0	0	0	0	0	0	0	0	0	0	0	0	0	0	0	0	0	0	0	0	0	0	0	0	0	0	14996	366	140	0	5176	148	0	1500	29516	1368	0	0	112	84	2888	1606	706	120	128	598	7322	4744	0	96	1292	2800	
153724	Cerebelum_4_5_R	0	0	0	0	0	0	0	0	0	0	0	0	0	0	0	0	0	0	0	0	0	0	0	0	0	0	0	0	0	0	0	0	0	0	0	0	0	0	0	100	0	0	0	0	0	0	1464	4254	0	0	0	0	0	0	0	4244	0	0	0	0	0	0	0	0	0	0	0	0	0	0	0	0	0	0	0	0	0	0	0	0	0	0	0	0	0	0	0	0	0	0	104	11218	0	446	0	6244	1500	0	524	26362	0	0	0	3384	0	962	0	676	0	556	11476	1432	486	688	742	0	
375656	Cerebelum_6_L	0	0	0	0	0	0	0	0	0	0	0	0	0	0	0	0	0	0	0	0	0	0	0	0	0	0	0	0	0	0	0	0	0	0	0	0	0	0	0	0	0	0	0	0	0	0	10820	1804	0	0	0	0	1568	0	26282	240	0	0	0	0	0	0	0	0	0	0	0	0	0	0	0	0	0	0	0	0	0	0	0	0	0	0	0	0	0	0	0	0	1602	0	55106	4740	4710	858	2070	0	29516	524	0	7002	2400	0	3440	1010	2984	2696	592	358	0	88	2956	14896	2626	1194	3178	2568	
383360	Cerebelum_6_R	0	0	0	0	0	0	0	0	0	0	0	0	0	0	0	0	0	0	0	0	0	0	0	0	0	0	0	0	0	0	0	0	0	0	0	0	0	0	0	0	0	0	0	0	0	0	2996	13676	0	0	0	0	0	0	1198	10802	0	0	0	0	0	0	0	0	0	0	0	0	0	0	0	0	0	0	0	0	0	0	0	0	0	0	0	0	0	0	0	0	0	0	3264	52880	510	5210	0	5146	1368	26362	7002	0	0	218	68	10640	0	3138	0	3338	108	238	10338	22198	5898	2170	2770	144	
273360	Cerebelum_7b_L	0	0	0	0	0	0	0	0	0	0	0	0	0	0	0	0	0	0	0	0	0	0	0	0	0	0	0	0	0	0	0	0	0	0	0	0	0	0	0	0	0	0	0	0	0	0	0	0	0	0	0	0	0	0	346	0	0	0	0	0	0	0	0	0	0	0	0	0	0	0	0	0	0	0	0	0	0	0	0	0	0	0	0	0	0	0	0	0	1230	0	17132	0	46042	3590	0	0	0	0	2400	0	0	756	38492	4966	7256	346	1246	0	0	0	0	380	5248	6206	1044	0	
85468	Cerebelum_7b_R	0	0	0	0	0	0	0	0	0	0	0	0	0	0	0	0	0	0	0	0	0	0	0	0	0	0	0	0	0	0	0	0	0	0	0	0	0	0	0	0	0	0	0	0	0	0	0	0	0	0	0	0	0	0	0	0	0	0	0	0	0	0	0	0	0	0	0	0	0	0	0	0	0	0	0	0	0	0	0	0	0	0	0	0	0	0	0	0	0	0	174	2262	1628	20860	0	0	0	0	0	218	756	0	114	15070	0	84	0	0	0	0	0	0	664	904	0	0	
284464	Cerebelum_8_L	0	0	0	0	0	0	0	0	0	0	0	0	0	0	0	0	0	0	0	0	0	0	0	0	0	0	0	0	0	0	0	0	0	0	0	0	0	0	0	0	0	0	0	0	0	0	0	0	0	0	0	0	0	0	490	0	0	0	0	0	0	0	0	0	0	0	0	0	0	0	0	0	0	0	0	0	0	0	0	0	0	0	0	0	0	0	0	0	1422	0	18678	80	40534	2684	0	0	112	0	3440	68	38492	114	0	5230	13300	428	3546	0	0	0	0	488	5316	6218	1592	0	
291740	Cerebelum_8_R	0	0	0	0	0	0	0	0	0	0	0	0	0	0	0	0	0	0	0	0	0	0	0	0	0	0	0	0	0	0	0	0	0	0	0	0	0	0	0	0	0	0	0	0	0	0	176	274	0	0	0	0	0	0	76	96	0	0	0	0	0	0	0	0	0	0	0	0	0	0	0	0	0	0	0	0	0	0	0	0	0	0	0	0	0	0	0	0	0	0	2790	25986	6350	35676	0	752	84	3384	1010	10640	4966	15070	5230	0	0	9784	0	2646	0	72	1890	3106	6772	6926	2114	0	
102944	Cerebelum_9_L	0	0	0	0	0	0	0	0	0	0	0	0	0	0	0	0	0	0	0	0	0	0	0	0	0	0	0	0	0	0	0	0	0	0	0	0	0	0	0	0	0	0	0	0	0	0	286	0	0	0	0	0	0	0	190	0	0	0	0	0	0	0	0	0	0	0	0	0	0	0	0	0	0	0	0	0	0	0	0	0	0	0	0	0	0	0	0	0	0	0	3744	0	8962	0	376	0	2888	0	2984	0	7256	0	13300	0	0	510	6090	0	0	0	748	1478	114	450	1270	826	
100160	Cerebelum_9_R	0	0	0	0	0	0	0	0	0	0	0	0	0	0	0	0	0	0	0	0	0	0	0	0	0	0	0	0	0	0	0	0	0	0	0	0	0	0	0	0	0	0	0	0	0	0	712	0	0	0	0	0	0	0	88	0	0	0	0	0	0	0	0	0	0	0	0	0	0	0	0	0	0	0	0	0	0	0	0	0	0	0	0	0	0	0	0	0	0	0	1766	1002	750	1612	0	1090	1606	962	2696	3138	346	84	428	9784	510	0	0	2492	110	162	1870	5382	2338	2832	5358	2962	
31516	Cerebelum_10_L	0	0	0	0	0	0	0	0	0	0	0	0	0	0	0	0	0	0	0	0	0	0	0	0	0	0	0	0	0	0	0	0	0	0	0	0	0	0	0	0	0	0	0	0	0	0	0	0	0	0	0	0	0	0	0	0	0	0	0	0	0	0	0	0	0	0	0	0	0	0	0	0	0	0	0	0	0	0	0	0	0	0	0	0	0	0	0	0	0	0	1432	0	1894	0	0	0	706	0	592	0	1246	0	3546	0	6090	0	0	0	0	0	0	162	0	0	90	0	
33396	Cerebelum_10_R	0	0	0	0	0	0	0	0	0	0	0	0	0	0	0	0	0	0	0	0	0	0	0	0	0	0	0	0	0	0	0	0	0	0	0	0	0	0	0	0	0	0	0	0	0	0	116	302	0	0	0	0	0	0	0	0	0	0	0	0	0	0	0	0	0	0	0	0	0	0	0	0	0	0	0	0	0	0	0	0	0	0	0	0	0	0	0	0	0	0	160	534	118	290	0	406	120	676	358	3338	0	0	0	2646	0	2492	0	0	0	0	482	1686	1052	966	956	0	
4876	Vermis_1_2	0	0	0	0	0	0	0	0	0	0	0	0	0	0	0	0	0	0	0	0	0	0	0	0	0	0	0	0	0	0	0	0	0	0	0	0	0	0	170	0	0	0	0	0	0	0	0	0	0	0	0	0	0	0	0	0	0	0	0	0	0	0	0	0	0	0	0	0	0	0	0	0	0	0	0	0	0	0	0	0	0	0	0	0	0	0	0	0	0	0	0	0	0	0	264	198	128	0	0	108	0	0	0	0	0	110	0	0	0	1360	0	0	0	0	100	0	
13132	Vermis_3	0	0	0	0	0	0	0	0	0	0	0	0	0	0	0	0	0	0	0	0	0	0	0	0	0	0	0	0	0	0	0	0	0	0	0	0	0	0	408	0	0	0	0	0	0	0	94	88	0	0	0	0	0	0	0	0	0	0	0	0	0	0	0	0	0	0	0	0	0	0	0	0	0	0	0	0	0	0	0	0	0	0	0	0	0	0	0	0	0	0	0	0	0	0	444	1390	598	556	88	238	0	0	0	72	0	162	0	0	1360	0	738	68	0	110	152	0	
137380	Vermis_4_5	0	0	0	0	0	0	0	0	0	0	0	0	0	0	0	0	0	0	0	0	0	0	0	0	0	0	0	0	0	0	0	0	0	0	68	684	74	290	0	0	0	0	70	0	0	0	4578	5162	0	0	0	0	0	0	126	2104	0	0	0	0	0	0	0	0	0	0	0	742	0	0	0	0	0	0	0	0	0	88	0	0	0	0	0	0	0	0	0	0	0	0	438	4158	0	338	208	1840	7322	11476	2956	10338	0	0	0	1890	748	1870	0	482	0	738	0	5408	304	466	1280	2444	
254576	Vermis_6	0	0	0	0	0	0	0	0	0	0	0	0	0	0	0	0	0	0	0	0	0	0	0	0	0	0	0	0	0	0	0	0	0	0	0	0	0	0	0	0	0	0	0	0	0	0	5870	8210	0	0	0	0	110	0	2958	2122	0	0	0	0	0	0	0	0	0	0	0	0	0	0	0	0	0	0	0	0	0	0	0	0	0	0	0	0	0	0	0	0	0	0	8262	16456	1324	2134	0	592	4744	1432	14896	22198	380	0	488	3106	1478	5382	162	1686	0	68	5408	0	4968	2958	5800	4096	
146032	Vermis_7	0	0	0	0	0	0	0	0	0	0	0	0	0	0	0	0	0	0	0	0	0	0	0	0	0	0	0	0	0	0	0	0	0	0	0	0	0	0	0	0	0	0	0	0	0	0	524	238	0	0	0	0	0	0	366	0	0	0	0	0	0	0	0	0	0	0	0	0	0	0	0	0	0	0	0	0	0	0	0	0	0	0	0	0	0	0	0	0	0	0	5472	5120	7428	7348	0	544	0	486	2626	5898	5248	664	5316	6772	114	2338	0	1052	0	0	304	4968	0	6556	3634	0	
114864	Vermis_8	0	0	0	0	0	0	0	0	0	0	0	0	0	0	0	0	0	0	0	0	0	0	0	0	0	0	0	0	0	0	0	0	0	0	0	0	0	0	0	0	0	0	0	0	0	0	0	0	0	0	0	0	0	0	0	0	0	0	0	0	0	0	0	0	0	0	0	0	0	0	0	0	0	0	0	0	0	0	0	0	0	0	0	0	0	0	0	0	0	0	2136	334	6512	3434	0	792	96	688	1194	2170	6206	904	6218	6926	450	2832	0	966	0	110	466	2958	6556	0	5156	328	
89732	Vermis_9	0	0	0	0	0	0	0	0	0	0	0	0	0	0	0	0	0	0	0	0	0	0	0	0	0	0	0	0	0	0	0	0	0	0	0	0	0	0	0	0	0	0	0	0	0	0	438	0	0	0	0	0	0	0	0	0	0	0	0	0	0	0	0	0	0	0	0	0	0	0	0	0	0	0	0	0	0	0	0	0	0	0	0	0	0	0	0	0	0	0	2320	248	1582	242	0	900	1292	742	3178	2770	1044	0	1592	2114	1270	5358	90	956	100	152	1280	5800	3634	5156	0	2608	
